[name]
unknown

[dist]
# distance from previous block
# <min> <max>
4	45

[block]
# block no. 0 follows, 44 sequences, length 19
# corresponding to MSA columns:
# 60-78
name=unknown_A
#
# <colnr> <probs for GDERKNQSTAVLIFYWHMCP>
#	G	D	E	R	K	N	Q	S	T	A	V	L	I	F	Y	W	H	M	C	P
0	0.07740	0.14837	0.13817	0.01164	0.01573	0.11650	0.05060	0.09763	0.03148	0.08505	0.12669	0.01664	0.01498	0.01988	0.00574	0.00166	0.02579	0.00506	0.00386	0.00713
1	0.09038	0.11324	0.13816	0.01216	0.03809	0.07640	0.07175	0.06294	0.07827	0.05392	0.04810	0.03325	0.06935	0.00649	0.00504	0.00157	0.00589	0.00527	0.00369	0.08604
2	0.05706	0.19847	0.10059	0.04847	0.03319	0.01429	0.05731	0.20075	0.01548	0.07763	0.07146	0.05762	0.01369	0.00681	0.00513	0.00162	0.00582	0.02309	0.00402	0.00748
3	0.07817	0.30547	0.03181	0.01070	0.04636	0.12115	0.00882	0.06436	0.02978	0.08539	0.06712	0.03483	0.08174	0.00678	0.00470	0.00148	0.00563	0.00508	0.00372	0.00689
4	0.24008	0.16466	0.18487	0.01105	0.01573	0.03161	0.05701	0.04907	0.02936	0.07636	0.08169	0.01397	0.01174	0.00581	0.00461	0.00161	0.00577	0.00441	0.00353	0.00707
5	0.35634	0.15442	0.07767	0.00983	0.01409	0.04680	0.00894	0.18162	0.01393	0.04219	0.00947	0.01039	0.00726	0.00535	0.00415	0.00154	0.00545	0.00357	0.00362	0.04336
6	0.50498	0.11824	0.03606	0.02952	0.01392	0.03096	0.04309	0.09801	0.01184	0.03843	0.00877	0.01010	0.00681	0.00532	0.00430	0.00163	0.02443	0.00352	0.00341	0.00664
7	0.00768	0.00535	0.00696	0.00712	0.00811	0.00494	0.00510	0.00954	0.01332	0.03648	0.43740	0.31781	0.07236	0.03349	0.00714	0.00199	0.00291	0.01182	0.00557	0.00492
8	0.01238	0.01527	0.11218	0.05084	0.10228	0.01285	0.49998	0.01679	0.01256	0.01748	0.03117	0.01469	0.00927	0.00486	0.00599	0.00173	0.00820	0.00582	0.00281	0.06285
9	0.00715	0.00548	0.00655	0.00644	0.00784	0.00488	0.00477	0.00914	0.01386	0.01851	0.44057	0.11813	0.31156	0.01268	0.00649	0.00181	0.00270	0.01100	0.00557	0.00488
10	0.01410	0.01249	0.01315	0.06349	0.01597	0.05472	0.00937	0.08926	0.56306	0.02212	0.01941	0.03627	0.01493	0.00741	0.00603	0.00184	0.03718	0.00598	0.00505	0.00819
11	0.01084	0.00652	0.00753	0.00698	0.00870	0.00670	0.03735	0.03793	0.08222	0.02061	0.01849	0.02259	0.01498	0.00696	0.00439	0.00144	0.00327	0.05388	0.64298	0.00564
12	0.00787	0.00526	0.00596	0.00602	0.00603	0.00525	0.00338	0.00791	0.00804	0.01072	0.01773	0.06887	0.02052	0.77425	0.02685	0.00515	0.00519	0.00825	0.00338	0.00335
13	0.01747	0.01366	0.01453	0.01189	0.01567	0.01539	0.00958	0.42620	0.36094	0.02912	0.01722	0.01638	0.01262	0.00693	0.00550	0.00173	0.00523	0.00548	0.00550	0.00898
14	0.01192	0.24051	0.57649	0.01386	0.02099	0.01508	0.01721	0.01701	0.01139	0.01606	0.00919	0.01076	0.00693	0.00504	0.00472	0.00157	0.00745	0.00373	0.00231	0.00777
15	0.01027	0.22234	0.09768	0.00853	0.01151	0.01030	0.00790	0.01270	0.01295	0.04575	0.29693	0.12224	0.10145	0.00958	0.00554	0.00164	0.00421	0.00805	0.00444	0.00597
16	0.01094	0.00737	0.00885	0.00819	0.00983	0.00734	0.00605	0.15150	0.01488	0.07045	0.23847	0.26561	0.05970	0.10463	0.00882	0.00227	0.00386	0.01018	0.00531	0.00575
17	0.01563	0.24895	0.01951	0.01311	0.03789	0.29754	0.01059	0.01716	0.01186	0.01324	0.00816	0.01070	0.00739	0.00792	0.04201	0.00193	0.22361	0.00382	0.00256	0.00643
18	0.01409	0.70690	0.12908	0.01016	0.01528	0.02038	0.01077	0.01645	0.01114	0.01342	0.00787	0.00912	0.00698	0.00473	0.00372	0.00124	0.00613	0.00306	0.00233	0.00714

[dist]
# distance from previous block
# <min> <max>
0	1

[block]
# block no. 1 follows, 44 sequences, length 37
# corresponding to MSA columns:
# 80-101,103-117
name=unknown_B
#
# <colnr> <probs for GDERKNQSTAVLIFYWHMCP>
#	G	D	E	R	K	N	Q	S	T	A	V	L	I	F	Y	W	H	M	C	P
0	0.01392	0.00802	0.00997	0.00854	0.01101	0.00780	0.00667	0.07663	0.10003	0.22627	0.38788	0.04215	0.03264	0.03542	0.00671	0.00184	0.00370	0.00789	0.00600	0.00691
1	0.03059	0.02801	0.01228	0.01059	0.01376	0.01305	0.00830	0.04772	0.63966	0.02232	0.02258	0.02101	0.05653	0.00747	0.00544	0.00178	0.00430	0.00616	0.00531	0.04313
2	0.00687	0.00491	0.00626	0.00719	0.00759	0.00460	0.00475	0.00777	0.01040	0.01381	0.06150	0.61246	0.07914	0.13368	0.00998	0.00262	0.00343	0.01389	0.00484	0.00430
3	0.01152	0.01142	0.01683	0.01426	0.01474	0.01537	0.06115	0.01302	0.00870	0.01336	0.00827	0.01320	0.00797	0.01280	0.10510	0.00308	0.65581	0.00500	0.00247	0.00593
4	0.00792	0.00531	0.00609	0.00609	0.00614	0.00536	0.00348	0.00802	0.00797	0.01067	0.01705	0.03497	0.01951	0.77011	0.06562	0.00546	0.00575	0.00782	0.00328	0.00338
5	0.01284	0.01461	0.03165	0.02269	0.02802	0.01388	0.72987	0.01732	0.01272	0.01732	0.01090	0.01461	0.00823	0.00476	0.00682	0.00186	0.03547	0.00638	0.00274	0.00731
6	0.00649	0.00552	0.00553	0.00553	0.00732	0.00462	0.00412	0.00783	0.01230	0.01461	0.05414	0.05199	0.75062	0.03658	0.00705	0.00194	0.00283	0.01140	0.00501	0.00457
7	0.00658	0.00544	0.00578	0.00596	0.00757	0.00464	0.00442	0.00798	0.01229	0.01494	0.07902	0.14855	0.63075	0.01416	0.00654	0.00190	0.00286	0.03092	0.00510	0.00461
8	0.01096	0.01054	0.01643	0.67826	0.08177	0.04535	0.01471	0.01440	0.01115	0.01427	0.00980	0.01434	0.00749	0.00553	0.00567	0.00179	0.02529	0.00479	0.02126	0.00621
9	0.00692	0.00486	0.00624	0.00723	0.00748	0.00461	0.00468	0.00766	0.00989	0.01319	0.02725	0.63791	0.03253	0.18882	0.01147	0.00288	0.00362	0.01386	0.00468	0.00418
10	0.01490	0.01251	0.06626	0.03259	0.01695	0.01149	0.09486	0.09519	0.11071	0.14267	0.01345	0.01439	0.01001	0.00597	0.00656	0.00155	0.09462	0.00478	0.00410	0.24644
11	0.01456	0.06514	0.02137	0.04520	0.59287	0.13393	0.01527	0.01743	0.01277	0.01672	0.00979	0.01265	0.00825	0.00498	0.00520	0.00156	0.00698	0.00453	0.00269	0.00812
12	0.01287	0.01471	0.03217	0.02298	0.02849	0.01379	0.75460	0.01746	0.01287	0.01746	0.01103	0.01471	0.00827	0.00460	0.00643	0.00184	0.00919	0.00643	0.00276	0.00735
13	0.00658	0.00548	0.00577	0.00597	0.00762	0.00467	0.00447	0.00797	0.01222	0.01472	0.05118	0.13472	0.65519	0.01423	0.00655	0.00191	0.00292	0.04817	0.00506	0.00460
14	0.00780	0.00579	0.00849	0.00849	0.00937	0.00667	0.00648	0.00956	0.00868	0.01246	0.01485	0.02278	0.01422	0.11416	0.71433	0.00843	0.01371	0.00604	0.00296	0.00472
15	0.01597	0.00760	0.00990	0.00826	0.01110	0.00679	0.00657	0.01866	0.04230	0.39072	0.30207	0.03040	0.10795	0.00914	0.00594	0.00172	0.00367	0.00776	0.00625	0.00723
16	0.00947	0.00473	0.00710	0.00710	0.00710	0.00473	0.00473	0.00710	0.00710	0.00947	0.00947	0.01657	0.00947	0.01894	0.02131	0.84138	0.00473	0.00473	0.00237	0.00237
17	0.00670	0.00553	0.00588	0.00579	0.00752	0.00471	0.00434	0.00832	0.01303	0.01617	0.19968	0.05010	0.62683	0.01327	0.00644	0.00182	0.00272	0.01117	0.00525	0.00471
18	0.80569	0.01078	0.00843	0.00744	0.01086	0.01246	0.00613	0.05296	0.01009	0.02495	0.00787	0.00907	0.00607	0.00513	0.00348	0.00168	0.00431	0.00305	0.00348	0.00607
19	0.01043	0.00564	0.00597	0.00579	0.00718	0.00581	0.00441	0.04754	0.01184	0.02024	0.01725	0.02009	0.01372	0.00974	0.08046	0.00202	0.00388	0.00515	0.71757	0.00526
20	0.01944	0.05445	0.01583	0.01375	0.03193	0.60662	0.01035	0.10624	0.03779	0.01616	0.01072	0.01178	0.02976	0.00596	0.00499	0.00145	0.00880	0.00398	0.00324	0.00675
21	0.02014	0.01433	0.01555	0.01213	0.01632	0.01575	0.00995	0.60455	0.11704	0.09498	0.01493	0.01445	0.01054	0.00667	0.00547	0.00167	0.00568	0.00511	0.00557	0.00919
22	0.03780	0.00985	0.01268	0.00995	0.01401	0.00915	0.00815	0.05650	0.10994	0.63930	0.02100	0.01838	0.01358	0.00679	0.00545	0.00171	0.00465	0.00550	0.00648	0.00914
23	0.01328	0.01290	0.02119	0.13177	0.65705	0.03503	0.01635	0.01651	0.01230	0.01718	0.01013	0.01352	0.00841	0.00496	0.00539	0.00164	0.00668	0.00482	0.00267	0.00823
24	0.00737	0.00508	0.00625	0.00690	0.00710	0.00493	0.00437	0.00793	0.00931	0.01239	0.02369	0.39408	0.02789	0.40453	0.01717	0.00373	0.00429	0.04489	0.00420	0.00390
25	0.84691	0.01054	0.00801	0.00717	0.01054	0.01223	0.00590	0.01603	0.00928	0.02446	0.00759	0.00886	0.00590	0.00506	0.00337	0.00169	0.00422	0.00295	0.00337	0.00590
26	0.01435	0.08785	0.01800	0.06619	0.01718	0.19303	0.04868	0.04424	0.01142	0.01443	0.00819	0.01149	0.00730	0.00732	0.01112	0.00189	0.38812	0.00434	0.00265	0.04221
27	0.00683	0.00488	0.00653	0.00770	0.00812	0.00458	0.00529	0.00796	0.01084	0.01450	0.07076	0.71814	0.03662	0.01663	0.00696	0.00220	0.00324	0.05859	0.00511	0.00450
28	0.00790	0.00576	0.00833	0.00833	0.00923	0.00659	0.00635	0.00969	0.00880	0.01278	0.01499	0.02274	0.01424	0.11323	0.68018	0.00811	0.01319	0.00601	0.03883	0.00473
29	0.02446	0.00928	0.01265	0.00970	0.01392	0.00801	0.00801	0.02657	0.01560	0.77817	0.02151	0.01856	0.01350	0.00675	0.00548	0.00169	0.00464	0.00548	0.00675	0.00928
30	0.02446	0.00928	0.01265	0.00970	0.01392	0.00801	0.00801	0.02657	0.01560	0.77817	0.02151	0.01856	0.01350	0.00675	0.00548	0.00169	0.00464	0.00548	0.00675	0.00928
31	0.05790	0.00887	0.01174	0.00926	0.01300	0.00786	0.00749	0.02407	0.01461	0.66252	0.02103	0.05526	0.01460	0.05756	0.00686	0.00194	0.00459	0.00599	0.00631	0.00854
32	0.01393	0.01082	0.01273	0.00957	0.01405	0.00968	0.02611	0.13392	0.10033	0.07484	0.01341	0.01402	0.02436	0.00521	0.00464	0.00117	0.00453	0.00423	0.00412	0.51833
33	0.01376	0.01130	0.01208	0.01086	0.01392	0.01289	0.00849	0.02787	0.69123	0.05760	0.02316	0.02214	0.03578	0.00773	0.00562	0.00186	0.00431	0.02537	0.00558	0.00846
34	0.01072	0.00987	0.01593	0.70355	0.03480	0.01186	0.01426	0.03827	0.01142	0.01492	0.00980	0.01422	0.00740	0.00537	0.00533	0.00173	0.00695	0.00471	0.00259	0.07630
35	0.01106	0.00916	0.01078	0.00800	0.01218	0.00718	0.00626	0.02592	0.01107	0.01705	0.01037	0.01344	0.00908	0.05656	0.03203	0.03989	0.00453	0.00371	0.00322	0.70850
36	0.11317	0.13604	0.01671	0.01244	0.03273	0.33199	0.00981	0.19630	0.01620	0.03527	0.01002	0.02598	0.00816	0.00597	0.00506	0.00151	0.02791	0.00403	0.00355	0.00715

[dist]
# distance from previous block
# <min> <max>
0	35

[block]
# block no. 2 follows, 44 sequences, length 66
# corresponding to MSA columns:
# 153-218
name=unknown_C
#
# <colnr> <probs for GDERKNQSTAVLIFYWHMCP>
#	G	D	E	R	K	N	Q	S	T	A	V	L	I	F	Y	W	H	M	C	P
0	0.05280	0.01124	0.01263	0.04162	0.01500	0.01263	0.02300	0.10578	0.48166	0.06656	0.02053	0.06168	0.01641	0.00794	0.00562	0.00186	0.00470	0.04498	0.00528	0.00808
1	0.00957	0.00639	0.00814	0.00727	0.00910	0.00583	0.00556	0.03494	0.01542	0.08017	0.62084	0.03695	0.07158	0.01037	0.00619	0.00166	0.00293	0.00906	0.00585	0.05217
2	0.05384	0.01457	0.01571	0.01208	0.01640	0.01595	0.00998	0.66387	0.02412	0.09815	0.01360	0.01339	0.00950	0.00650	0.00537	0.00164	0.00581	0.00488	0.00548	0.00914
3	0.00760	0.00552	0.00716	0.00684	0.00810	0.00508	0.00510	0.01003	0.01502	0.02110	0.69862	0.08380	0.08238	0.01159	0.00646	0.00175	0.00261	0.01025	0.00591	0.00508
4	0.01699	0.01190	0.01314	0.01109	0.01463	0.01311	0.00883	0.16301	0.48356	0.17050	0.02037	0.01866	0.01467	0.00711	0.00552	0.00178	0.00469	0.00580	0.00576	0.00887
5	0.02053	0.01391	0.01524	0.01178	0.01594	0.01509	0.00970	0.60719	0.04185	0.13082	0.01464	0.01433	0.01023	0.00658	0.00538	0.00163	0.00561	0.00502	0.04546	0.00906
6	0.00674	0.00514	0.00620	0.00677	0.00776	0.00460	0.00476	0.00810	0.01191	0.01545	0.15598	0.42758	0.28929	0.01503	0.00670	0.00201	0.00293	0.01325	0.00521	0.00460
7	0.00753	0.00577	0.00700	0.00764	0.00860	0.00561	0.00536	0.01042	0.10176	0.01576	0.09394	0.53397	0.14625	0.01493	0.00667	0.00207	0.00319	0.01331	0.00520	0.00502
8	0.78885	0.01062	0.00876	0.00840	0.04433	0.01215	0.00644	0.01633	0.00958	0.04368	0.00807	0.00931	0.00622	0.00510	0.00352	0.00168	0.00433	0.00310	0.00343	0.00611
9	0.81739	0.01071	0.00831	0.00736	0.01077	0.01240	0.00606	0.04248	0.00986	0.02481	0.00779	0.00901	0.00602	0.00511	0.00345	0.00169	0.00428	0.00302	0.00345	0.00602
10	0.11046	0.01288	0.01255	0.01061	0.01395	0.09831	0.00838	0.16577	0.25165	0.16334	0.04623	0.01763	0.01386	0.04257	0.00623	0.00186	0.00528	0.00536	0.00512	0.00794
11	0.02018	0.01381	0.01515	0.01163	0.01587	0.01480	0.00958	0.59632	0.02303	0.12049	0.01410	0.01395	0.00991	0.00642	0.00531	0.00158	0.00558	0.00489	0.04195	0.05545
12	0.01450	0.77652	0.02873	0.00993	0.01463	0.02123	0.04221	0.01637	0.01116	0.01303	0.00773	0.00901	0.00705	0.00466	0.00363	0.00120	0.00598	0.00307	0.00235	0.00701
13	0.02018	0.02464	0.01574	0.01453	0.04075	0.69487	0.01071	0.08579	0.01624	0.01532	0.00889	0.01023	0.00727	0.00567	0.00498	0.00143	0.00939	0.00368	0.00304	0.00665
14	0.01416	0.01167	0.01240	0.01100	0.01417	0.01335	0.00860	0.06395	0.68677	0.05020	0.02238	0.02056	0.03119	0.00746	0.00556	0.00183	0.00438	0.00618	0.00558	0.00860
15	0.84691	0.01054	0.00801	0.00717	0.01054	0.01223	0.00590	0.01603	0.00928	0.02446	0.00759	0.00886	0.00590	0.00506	0.00337	0.00169	0.00422	0.00295	0.00337	0.00590
16	0.02026	0.01337	0.01486	0.01149	0.01557	0.01426	0.00938	0.54263	0.03793	0.16852	0.01494	0.01544	0.01075	0.05092	0.00665	0.00183	0.00561	0.00515	0.00550	0.03492
17	0.60560	0.01192	0.01045	0.00874	0.01240	0.01360	0.00721	0.23222	0.01405	0.02735	0.00920	0.01009	0.00689	0.00549	0.00398	0.00167	0.00474	0.00352	0.00398	0.00689
18	0.00710	0.00571	0.00639	0.00671	0.00833	0.00506	0.00532	0.00873	0.01230	0.01499	0.04702	0.05421	0.55292	0.04253	0.00749	0.00214	0.00344	0.19996	0.00499	0.00466
19	0.02446	0.00928	0.01265	0.00970	0.01392	0.00801	0.00801	0.02657	0.01560	0.77817	0.02151	0.01856	0.01350	0.00675	0.00548	0.00169	0.00464	0.00548	0.00675	0.00928
20	0.03686	0.00997	0.01613	0.68186	0.03406	0.01264	0.01448	0.01390	0.01056	0.01417	0.00934	0.01406	0.00721	0.00590	0.00680	0.00188	0.09691	0.00478	0.00245	0.00604
21	0.01030	0.00969	0.01635	0.79530	0.03755	0.01211	0.01514	0.01393	0.01090	0.01393	0.00969	0.01453	0.00727	0.00545	0.00545	0.00182	0.00727	0.00484	0.00242	0.00606
22	0.00661	0.00486	0.00621	0.00728	0.00783	0.00445	0.00492	0.00763	0.01074	0.01404	0.03381	0.69234	0.14614	0.01659	0.00688	0.00216	0.00310	0.01490	0.00506	0.00445
23	0.00985	0.00681	0.00852	0.00761	0.00936	0.00658	0.00584	0.09439	0.01658	0.05407	0.65612	0.03673	0.04518	0.01045	0.00628	0.00170	0.00304	0.00913	0.00597	0.00577
24	0.00735	0.00532	0.00694	0.00796	0.00864	0.00506	0.00572	0.02780	0.01138	0.01503	0.04640	0.61091	0.07719	0.01618	0.00697	0.00221	0.00349	0.12570	0.00508	0.00467
25	0.01300	0.01245	0.02124	0.15036	0.66134	0.01282	0.01649	0.01630	0.01218	0.01722	0.01017	0.01365	0.00843	0.00495	0.00541	0.00165	0.00660	0.00486	0.00266	0.00824
26	0.01374	0.01209	0.01241	0.01117	0.01425	0.03399	0.00868	0.02878	0.74475	0.02256	0.02183	0.02006	0.01639	0.00735	0.00553	0.00184	0.00446	0.00609	0.00547	0.00857
27	0.84691	0.01054	0.00801	0.00717	0.01054	0.01223	0.00590	0.01603	0.00928	0.02446	0.00759	0.00886	0.00590	0.00506	0.00337	0.00169	0.00422	0.00295	0.00337	0.00590
28	0.00705	0.00486	0.00646	0.00736	0.00781	0.00454	0.00498	0.00780	0.01064	0.01421	0.09857	0.60520	0.07352	0.01656	0.00849	0.09602	0.00326	0.01355	0.00485	0.00427
29	0.02010	0.02357	0.01546	0.01358	0.01672	0.62724	0.01036	0.14703	0.01704	0.01709	0.00927	0.01044	0.00744	0.00572	0.00498	0.00142	0.00897	0.00374	0.00328	0.03654
30	0.00686	0.00551	0.00612	0.00603	0.00764	0.00477	0.00450	0.00861	0.01333	0.01701	0.28621	0.07543	0.51268	0.01306	0.00646	0.00181	0.00271	0.01111	0.00537	0.00477
31	0.00722	0.00576	0.00650	0.00628	0.00793	0.00515	0.00472	0.00960	0.04043	0.01797	0.35111	0.04645	0.44640	0.01248	0.00641	0.00179	0.00274	0.01063	0.00547	0.00497
32	0.00682	0.00490	0.00650	0.00763	0.00810	0.00458	0.00525	0.00797	0.01091	0.01456	0.07608	0.69787	0.05468	0.01652	0.00695	0.00219	0.00322	0.05563	0.00512	0.00451
33	0.02446	0.00928	0.01265	0.00970	0.01392	0.00801	0.00801	0.02657	0.01560	0.77817	0.02151	0.01856	0.01350	0.00675	0.00548	0.00169	0.00464	0.00548	0.00675	0.00928
34	0.01152	0.00662	0.00678	0.00621	0.00798	0.00681	0.00480	0.12288	0.01360	0.02210	0.01917	0.02104	0.05550	0.00680	0.00420	0.00136	0.00307	0.00541	0.66847	0.00568
35	0.02038	0.02550	0.01549	0.01398	0.01686	0.75215	0.01053	0.05457	0.01590	0.01428	0.00864	0.00998	0.00712	0.00566	0.00494	0.00141	0.00966	0.00357	0.00293	0.00645
36	0.00651	0.00547	0.00567	0.00581	0.00750	0.00462	0.00433	0.00788	0.01225	0.01469	0.05235	0.12145	0.68874	0.01413	0.00651	0.00189	0.00285	0.02769	0.00506	0.00460
37	0.01130	0.00969	0.01130	0.00807	0.01292	0.00727	0.00646	0.01373	0.01130	0.01776	0.00969	0.01130	0.00807	0.00404	0.00404	0.00081	0.00404	0.00323	0.00323	0.84173
38	0.01430	0.01321	0.02148	0.03112	0.68966	0.01340	0.01602	0.09945	0.01389	0.01966	0.01057	0.01345	0.00871	0.00505	0.00540	0.00162	0.00642	0.00486	0.00301	0.00871
39	0.01848	0.24808	0.03895	0.01275	0.01622	0.55031	0.01044	0.02011	0.01411	0.01330	0.00822	0.00957	0.00701	0.00534	0.00452	0.00135	0.00865	0.00336	0.00266	0.00656
40	0.02057	0.01754	0.01555	0.01256	0.01642	0.23034	0.01007	0.47525	0.02168	0.08723	0.01349	0.01358	0.02758	0.00648	0.00533	0.00158	0.00688	0.00473	0.00481	0.00834
41	0.01107	0.00944	0.01105	0.00805	0.01267	0.00712	0.00639	0.01342	0.01126	0.01757	0.01071	0.05116	0.00948	0.00469	0.00418	0.00088	0.00399	0.00385	0.00332	0.79968
42	0.00883	0.00649	0.00865	0.00950	0.01084	0.00654	0.00800	0.01220	0.07036	0.01725	0.11448	0.10999	0.04573	0.01415	0.00719	0.00233	0.00451	0.53252	0.00518	0.00526
43	0.00672	0.00487	0.00635	0.00738	0.00789	0.00450	0.00500	0.00783	0.01100	0.01464	0.09418	0.68779	0.08899	0.01635	0.00688	0.00215	0.00309	0.01474	0.00514	0.00450
44	0.01093	0.02820	0.78016	0.01554	0.02360	0.01266	0.02014	0.01727	0.01151	0.01727	0.00978	0.01151	0.00691	0.00518	0.00518	0.00173	0.00806	0.00403	0.00230	0.00806
45	0.02044	0.00840	0.01119	0.00892	0.01250	0.00727	0.00724	0.02248	0.01510	0.60313	0.09453	0.04495	0.10250	0.00821	0.00572	0.00172	0.00420	0.00682	0.00645	0.00825
46	0.04741	0.11769	0.07883	0.01234	0.06989	0.14210	0.00988	0.02073	0.06066	0.27101	0.01462	0.01575	0.01095	0.05293	0.04979	0.00218	0.00664	0.00476	0.00424	0.00759
47	0.02446	0.00928	0.01265	0.00970	0.01392	0.00801	0.00801	0.02657	0.01560	0.77817	0.02151	0.01856	0.01350	0.00675	0.00548	0.00169	0.00464	0.00548	0.00675	0.00928
48	0.01093	0.02820	0.78016	0.01554	0.02360	0.01266	0.02014	0.01727	0.01151	0.01727	0.00978	0.01151	0.00691	0.00518	0.00518	0.00173	0.00806	0.00403	0.00230	0.00806
49	0.03844	0.01192	0.02038	0.27912	0.46969	0.01270	0.05732	0.01584	0.01185	0.01674	0.01003	0.01375	0.00809	0.00504	0.00541	0.00170	0.00682	0.00488	0.00263	0.00764
50	0.01108	0.01017	0.01653	0.13023	0.43582	0.01035	0.01297	0.01389	0.01224	0.01680	0.06839	0.09209	0.09841	0.00788	0.00582	0.00177	0.00556	0.03950	0.00345	0.00707
51	0.00664	0.00474	0.00633	0.00759	0.00791	0.00443	0.00506	0.00759	0.01044	0.01392	0.03005	0.80485	0.03606	0.01708	0.00696	0.00221	0.00316	0.01550	0.00506	0.00443
52	0.00791	0.00563	0.00710	0.00712	0.00833	0.00522	0.00536	0.00988	0.01336	0.03258	0.39820	0.11101	0.15838	0.09251	0.00875	0.00225	0.00331	0.11285	0.00538	0.00487
53	0.01178	0.01953	0.32941	0.07600	0.02677	0.01302	0.39173	0.01692	0.01213	0.01705	0.01083	0.02968	0.00822	0.00515	0.00587	0.00180	0.00847	0.00554	0.00260	0.00748
54	0.01321	0.01466	0.10692	0.03146	0.69041	0.01292	0.01711	0.01679	0.01231	0.01775	0.01020	0.01327	0.00844	0.00489	0.00537	0.00163	0.00665	0.00476	0.00265	0.00857
55	0.00664	0.00474	0.00633	0.00759	0.00791	0.00443	0.00506	0.00759	0.01044	0.01392	0.03005	0.80485	0.03606	0.01708	0.00696	0.00221	0.00316	0.01550	0.00506	0.00443
56	0.00926	0.00846	0.01109	0.17592	0.12370	0.03568	0.00884	0.01220	0.04851	0.01625	0.12881	0.05405	0.32645	0.00992	0.00600	0.00178	0.00455	0.00851	0.00424	0.00580
57	0.07773	0.08832	0.04839	0.01173	0.01579	0.08321	0.01003	0.41865	0.03325	0.08528	0.01241	0.01297	0.00915	0.00786	0.04269	0.00194	0.02325	0.00454	0.00457	0.00822
58	0.00676	0.00483	0.00646	0.00773	0.00810	0.00453	0.00527	0.00780	0.01056	0.01405	0.02998	0.76310	0.03579	0.01697	0.00699	0.00223	0.00327	0.05606	0.00506	0.00446
59	0.84691	0.01054	0.00801	0.00717	0.01054	0.01223	0.00590	0.01603	0.00928	0.02446	0.00759	0.00886	0.00590	0.00506	0.00337	0.00169	0.00422	0.00295	0.00337	0.00590
60	0.00798	0.00593	0.00876	0.00871	0.00968	0.00694	0.00679	0.00994	0.00887	0.01300	0.01459	0.02118	0.01351	0.03872	0.73654	0.00830	0.03009	0.00579	0.03978	0.00490
61	0.05753	0.00948	0.01052	0.02561	0.01258	0.01000	0.00737	0.05188	0.32236	0.13522	0.09689	0.02783	0.16642	0.00879	0.00569	0.00179	0.00403	0.02044	0.00545	0.02013
62	0.02943	0.01124	0.01878	0.30594	0.43706	0.01215	0.01535	0.01531	0.01181	0.01644	0.01135	0.01727	0.00974	0.00582	0.00553	0.00176	0.00661	0.05825	0.00278	0.00738
63	0.01392	0.01122	0.01347	0.01043	0.03220	0.01018	0.03696	0.18017	0.06360	0.04170	0.01182	0.01325	0.00935	0.02434	0.00519	0.00125	0.00480	0.00413	0.00394	0.50810
64	0.09484	0.01160	0.01745	0.19939	0.36600	0.01243	0.01353	0.05869	0.06397	0.07752	0.02552	0.01461	0.00979	0.00554	0.00525	0.00169	0.00605	0.00490	0.00342	0.00780
65	0.01601	0.01079	0.01261	0.00984	0.01369	0.01037	0.00793	0.24715	0.01641	0.15978	0.01650	0.09376	0.04021	0.00716	0.00561	0.00146	0.03289	0.00574	0.00478	0.28730

[dist]
# distance from previous block
# <min> <max>
0	14

# created by:
# /st0/software/busco_prod/Augustus/scripts/msa2prfl.pl ./align_prep/202565.fa
