[name]
unknown

[dist]
# distance from previous block
# <min> <max>
0	32

[block]
# block no. 0 follows, 48 sequences, length 81
# corresponding to MSA columns:
# 32-112
name=unknown_A
#
# <colnr> <probs for GDERKNQSTAVLIFYWHMCP>
#	G	D	E	R	K	N	Q	S	T	A	V	L	I	F	Y	W	H	M	C	P
0	0.18521	0.02555	0.15085	0.00979	0.01381	0.05211	0.03304	0.03496	0.09429	0.08524	0.01675	0.01832	0.09940	0.00644	0.00468	0.00153	0.00501	0.03773	0.00371	0.12159
1	0.07664	0.00961	0.01051	0.00937	0.01206	0.01055	0.00729	0.06203	0.43418	0.11821	0.08082	0.11167	0.01888	0.00801	0.00527	0.00173	0.00392	0.00672	0.00519	0.00732
2	0.00876	0.00451	0.00657	0.00657	0.00657	0.00451	0.00431	0.00677	0.00677	0.00902	0.00970	0.01754	0.00996	0.10440	0.02071	0.75940	0.00451	0.00478	0.00232	0.00232
3	0.01008	0.00977	0.01724	0.68829	0.06760	0.01160	0.09581	0.01359	0.01052	0.01363	0.00928	0.01365	0.00700	0.00502	0.00523	0.00170	0.00700	0.00472	0.00233	0.00594
4	0.00928	0.00586	0.00889	0.11413	0.01129	0.00669	0.00655	0.00820	0.00730	0.00987	0.00869	0.01484	0.00838	0.01511	0.01769	0.63927	0.09817	0.00447	0.00224	0.00308
5	0.00626	0.00481	0.00574	0.00636	0.00727	0.00429	0.00444	0.00744	0.01092	0.01401	0.09999	0.46327	0.31787	0.01445	0.00633	0.00191	0.00279	0.01273	0.00484	0.00429
6	0.00855	0.00623	0.00773	0.00700	0.00854	0.00602	0.00535	0.09177	0.01548	0.02166	0.68110	0.03583	0.06468	0.01009	0.00595	0.00161	0.00277	0.00882	0.00557	0.00525
7	0.02407	0.01043	0.09711	0.37699	0.03506	0.02165	0.02045	0.01431	0.03504	0.09515	0.01284	0.01944	0.01074	0.00785	0.00705	0.10016	0.00604	0.09669	0.00311	0.00583
8	0.01223	0.01194	0.01776	0.39890	0.23551	0.07737	0.06832	0.07477	0.01226	0.01586	0.00978	0.01361	0.00773	0.00515	0.00517	0.00163	0.00684	0.01582	0.00267	0.00669
9	0.08050	0.01134	0.01174	0.01031	0.01338	0.01304	0.00811	0.11552	0.62676	0.02289	0.01877	0.01747	0.01403	0.00669	0.00505	0.00170	0.00424	0.00542	0.00505	0.00799
10	0.01043	0.00986	0.01663	0.60604	0.21713	0.01151	0.01448	0.01375	0.01061	0.01406	0.00925	0.01339	0.00716	0.00497	0.00510	0.00165	0.00661	0.00454	0.00236	0.02049
11	0.01356	0.44817	0.17361	0.01060	0.01512	0.10124	0.01078	0.07553	0.01186	0.01454	0.00859	0.01017	0.00726	0.00755	0.06996	0.00185	0.00700	0.00339	0.00252	0.00672
12	0.01948	0.01521	0.01533	0.01192	0.01591	0.08090	0.00977	0.70831	0.02333	0.03070	0.01195	0.01206	0.00855	0.00609	0.00509	0.00152	0.00595	0.00451	0.00493	0.00850
13	0.01220	0.01168	0.01992	0.16044	0.66263	0.01206	0.01550	0.01531	0.01145	0.01616	0.00956	0.01286	0.00791	0.00466	0.00509	0.00155	0.00622	0.00457	0.00250	0.00772
14	0.09849	0.00965	0.01088	0.00830	0.01218	0.00878	0.00670	0.14932	0.01374	0.10421	0.10062	0.01465	0.01288	0.00537	0.00438	0.00117	0.00405	0.00425	0.00409	0.42630
15	0.00746	0.00497	0.00560	0.00560	0.00560	0.00497	0.00311	0.00746	0.00746	0.00995	0.01617	0.03358	0.01865	0.81967	0.02612	0.00497	0.00497	0.00746	0.00311	0.00311
16	0.00753	0.00505	0.00581	0.00590	0.00600	0.00505	0.00352	0.00771	0.00781	0.01038	0.01704	0.03551	0.01952	0.75573	0.02461	0.00477	0.00495	0.06666	0.00324	0.00324
17	0.00895	0.00546	0.00678	0.00656	0.00748	0.00524	0.00449	0.00990	0.00997	0.10279	0.11623	0.12654	0.10154	0.35277	0.10021	0.01317	0.00505	0.00838	0.00412	0.00438
18	0.19520	0.01035	0.01126	0.00935	0.01281	0.01101	0.00755	0.10415	0.26684	0.29261	0.01683	0.01554	0.01174	0.00620	0.00476	0.00163	0.00432	0.00481	0.00518	0.00786
19	0.00746	0.00497	0.00560	0.00560	0.00560	0.00497	0.00311	0.00746	0.00746	0.00995	0.01617	0.03358	0.01865	0.81967	0.02612	0.00497	0.00497	0.00746	0.00311	0.00311
20	0.01873	0.00862	0.01097	0.00902	0.01229	0.00815	0.00742	0.08130	0.07806	0.49381	0.02009	0.02206	0.01463	0.00725	0.00522	0.00164	0.00427	0.09182	0.09686	0.00779
21	0.17961	0.00999	0.01070	0.00936	0.01247	0.01092	0.00749	0.02347	0.40659	0.20365	0.01838	0.01869	0.01373	0.00677	0.00491	0.00171	0.00415	0.04476	0.00506	0.00758
22	0.00914	0.00548	0.00710	0.00696	0.00832	0.00495	0.00511	0.01081	0.01253	0.13339	0.31167	0.31690	0.12344	0.01217	0.00610	0.00179	0.00294	0.01075	0.00533	0.00513
23	0.00921	0.00475	0.00491	0.00504	0.00614	0.00472	0.00371	0.01144	0.01066	0.01848	0.01798	0.10520	0.01540	0.00707	0.00391	0.00129	0.00245	0.00584	0.75710	0.00472
24	0.61958	0.00845	0.00707	0.00673	0.00908	0.00953	0.00520	0.01290	0.00884	0.02000	0.01202	0.16822	0.01219	0.07460	0.00574	0.00197	0.00386	0.00547	0.00348	0.00508
25	0.00860	0.00625	0.00770	0.00716	0.00860	0.00610	0.00547	0.09157	0.01455	0.02010	0.52705	0.05059	0.07785	0.07479	0.00764	0.00195	0.00318	0.07053	0.00525	0.00508
26	0.07729	0.00556	0.00640	0.00620	0.00764	0.00521	0.00464	0.00931	0.01292	0.01840	0.46509	0.10054	0.24008	0.01113	0.00586	0.00168	0.00264	0.00957	0.00514	0.00471
27	0.01138	0.00956	0.01103	0.00795	0.01247	0.00759	0.00638	0.07579	0.01176	0.01802	0.00939	0.01078	0.00769	0.00400	0.00391	0.00082	0.00395	0.00317	0.00321	0.78114
28	0.47577	0.00781	0.00726	0.00666	0.00888	0.00852	0.00519	0.01262	0.00949	0.05436	0.09580	0.01688	0.07323	0.00873	0.00717	0.17048	0.00378	0.00460	0.01792	0.00485
29	0.01036	0.00646	0.00791	0.00711	0.00908	0.00606	0.00548	0.01376	0.09638	0.15422	0.40867	0.04807	0.18613	0.00998	0.00582	0.00165	0.00298	0.00858	0.00553	0.00576
30	0.00638	0.00500	0.00578	0.00603	0.00724	0.00440	0.00435	0.00782	0.01179	0.01514	0.20863	0.26477	0.40776	0.01331	0.00620	0.00181	0.00267	0.01155	0.00496	0.00440
31	0.75938	0.00978	0.00805	0.00702	0.01029	0.01105	0.00579	0.01623	0.00942	0.11206	0.00866	0.00939	0.00638	0.00495	0.00341	0.00159	0.00402	0.00305	0.00354	0.00592
32	0.00829	0.01027	0.16576	0.01026	0.01273	0.00782	0.06905	0.01092	0.00902	0.01295	0.01316	0.03679	0.01227	0.11358	0.47678	0.00592	0.01092	0.00562	0.00270	0.00519
33	0.38281	0.00756	0.00711	0.00658	0.00873	0.00814	0.00514	0.01382	0.00982	0.09585	0.01360	0.01956	0.01193	0.13394	0.00738	0.00209	0.00387	0.06377	0.19306	0.00525
34	0.00832	0.00630	0.00760	0.00710	0.00849	0.00634	0.00526	0.01272	0.15682	0.01951	0.55270	0.03418	0.03883	0.10362	0.00822	0.00203	0.00302	0.00842	0.00527	0.00526
35	0.00801	0.00582	0.00791	0.00896	0.01020	0.00572	0.00776	0.01025	0.01180	0.01518	0.03004	0.05689	0.11716	0.01404	0.00697	0.00229	0.00448	0.66709	0.00473	0.00468
36	0.01272	0.01216	0.02240	0.08430	0.10523	0.01220	0.39600	0.12704	0.04124	0.01786	0.01070	0.01388	0.00830	0.00635	0.00733	0.10008	0.00712	0.00536	0.00299	0.00672
37	0.01341	0.00696	0.00884	0.00798	0.01001	0.00660	0.00599	0.01635	0.10175	0.29833	0.09411	0.23020	0.03680	0.11788	0.00844	0.00220	0.00384	0.01879	0.00526	0.00623
38	0.01354	0.01141	0.01204	0.01060	0.01364	0.01313	0.00831	0.11342	0.69097	0.02272	0.01989	0.01835	0.01486	0.00687	0.00521	0.00172	0.00424	0.00566	0.00521	0.00819
39	0.01814	0.02042	0.01483	0.10495	0.01813	0.53247	0.01038	0.18753	0.01619	0.01705	0.00905	0.01045	0.00711	0.00546	0.00480	0.00142	0.00817	0.00374	0.00316	0.00654
40	0.01584	0.01205	0.01389	0.10341	0.01695	0.01351	0.00973	0.49038	0.09013	0.02607	0.01409	0.01751	0.01120	0.00935	0.06835	0.00218	0.00620	0.06691	0.00459	0.00766
41	0.04308	0.01489	0.01491	0.33642	0.02358	0.25123	0.02193	0.14323	0.04896	0.01691	0.00972	0.01211	0.00746	0.00552	0.00525	0.00158	0.02957	0.00420	0.00304	0.00640
42	0.01695	0.08560	0.10698	0.01344	0.01716	0.47350	0.07375	0.08241	0.04433	0.02595	0.00926	0.01049	0.00731	0.00524	0.00474	0.00141	0.00814	0.00378	0.00291	0.00663
43	0.01181	0.10256	0.32651	0.01078	0.01624	0.01030	0.02588	0.01543	0.01125	0.09942	0.01373	0.01447	0.07217	0.00534	0.00455	0.00133	0.00555	0.00424	0.00309	0.24536
44	0.01336	0.01742	0.28940	0.01859	0.15053	0.01217	0.22762	0.07971	0.01282	0.10135	0.01103	0.01284	0.00799	0.00499	0.00545	0.00163	0.01758	0.00479	0.00305	0.00768
45	0.00625	0.00447	0.00595	0.00714	0.00744	0.00417	0.00476	0.00714	0.00982	0.01310	0.02828	0.81633	0.03394	0.01608	0.00655	0.00208	0.00298	0.01459	0.00476	0.00417
46	0.01175	0.09137	0.57871	0.01453	0.02109	0.10393	0.07661	0.01668	0.01133	0.01549	0.00898	0.01067	0.00662	0.00484	0.00481	0.00155	0.00769	0.00383	0.00226	0.00726
47	0.01877	0.01157	0.07876	0.01428	0.16536	0.00996	0.01032	0.09993	0.06062	0.44079	0.02614	0.01581	0.01151	0.00595	0.00513	0.00158	0.00506	0.00497	0.00506	0.00843
48	0.01081	0.01545	0.23489	0.24528	0.08785	0.01261	0.15825	0.01470	0.01049	0.01479	0.00904	0.01244	0.00701	0.00549	0.00714	0.00176	0.13840	0.00462	0.00232	0.00664
49	0.00625	0.00447	0.00595	0.00714	0.00744	0.00417	0.00476	0.00714	0.00982	0.01310	0.02828	0.81633	0.03394	0.01608	0.00655	0.00208	0.00298	0.01459	0.00476	0.00417
50	0.10750	0.00884	0.01373	0.65103	0.03018	0.01084	0.01249	0.01287	0.01005	0.01426	0.01041	0.07678	0.00884	0.00596	0.00502	0.00173	0.00620	0.00515	0.00258	0.00556
51	0.01277	0.01294	0.03302	0.17300	0.21169	0.02573	0.32797	0.10648	0.01312	0.01773	0.01014	0.01324	0.00776	0.00478	0.00549	0.00165	0.00732	0.00516	0.00282	0.00719
52	0.01529	0.01527	0.01467	0.23403	0.04679	0.24725	0.01097	0.18377	0.14612	0.01871	0.01150	0.01297	0.00874	0.00570	0.00499	0.00156	0.00680	0.00441	0.00353	0.00693
53	0.08741	0.00902	0.01148	0.00881	0.01279	0.00798	0.00725	0.04144	0.01392	0.60860	0.01753	0.01571	0.01136	0.00588	0.00482	0.00148	0.00429	0.00468	0.00563	0.11993
54	0.01005	0.09665	0.01570	0.60643	0.02947	0.01176	0.01280	0.01346	0.03187	0.01349	0.01133	0.01837	0.00969	0.00615	0.00516	0.00172	0.00637	0.09116	0.00264	0.00575
55	0.10887	0.07384	0.01167	0.00771	0.01201	0.00862	0.00633	0.01335	0.01035	0.01700	0.00869	0.01019	0.00727	0.00406	0.00394	0.00091	0.01928	0.00301	0.00297	0.66994
56	0.01218	0.32220	0.33079	0.01134	0.01645	0.09923	0.01253	0.01561	0.01151	0.01479	0.09821	0.01287	0.01140	0.00539	0.00439	0.00139	0.00638	0.00398	0.00263	0.00671
57	0.01601	0.01228	0.01322	0.01089	0.01421	0.01368	0.00872	0.46093	0.25314	0.02694	0.01666	0.10121	0.01357	0.00748	0.00531	0.00166	0.00487	0.00606	0.00512	0.00805
58	0.00987	0.00756	0.00894	0.02880	0.01089	0.00802	0.00669	0.10130	0.19883	0.02736	0.05908	0.37268	0.05392	0.01179	0.00601	0.00191	0.00377	0.07184	0.00491	0.00583
59	0.00936	0.10133	0.01191	0.02390	0.10495	0.00831	0.00899	0.01174	0.01188	0.01562	0.09701	0.04407	0.02580	0.01138	0.00627	0.00203	0.00478	0.49107	0.00422	0.00538
60	0.00808	0.00578	0.00800	0.00888	0.01006	0.00570	0.00761	0.01045	0.01233	0.01635	0.17187	0.05415	0.03314	0.01347	0.00689	0.00222	0.00428	0.61109	0.00490	0.00475
61	0.74315	0.01042	0.00854	0.00738	0.01068	0.01195	0.00608	0.10283	0.01063	0.03870	0.00799	0.00897	0.00606	0.00496	0.00344	0.00158	0.00417	0.00304	0.00346	0.00598
62	0.01223	0.01248	0.02318	0.08687	0.34030	0.01250	0.31582	0.01706	0.09452	0.01685	0.01111	0.01393	0.00870	0.00478	0.00549	0.00164	0.00696	0.00530	0.00283	0.00745
63	0.00952	0.00584	0.00760	0.00686	0.00851	0.00535	0.00525	0.01207	0.02884	0.12781	0.63965	0.03542	0.06726	0.00993	0.00591	0.00162	0.00273	0.00869	0.00571	0.00543
64	0.01848	0.02300	0.01422	0.01292	0.01559	0.71418	0.00972	0.02122	0.09701	0.01352	0.00933	0.01032	0.00759	0.00547	0.00469	0.00137	0.00869	0.00357	0.00292	0.00618
65	0.01223	0.01183	0.02026	0.16551	0.43100	0.01232	0.13527	0.03325	0.09455	0.01691	0.01095	0.01374	0.00867	0.00492	0.00526	0.00161	0.00641	0.00494	0.00285	0.00751
66	0.01247	0.21210	0.52833	0.01266	0.01910	0.01342	0.01533	0.01699	0.01115	0.09894	0.00991	0.01094	0.00719	0.00492	0.00453	0.00150	0.00674	0.00369	0.00263	0.00747
67	0.01000	0.00939	0.01586	0.71251	0.11617	0.01139	0.01428	0.01331	0.01036	0.01345	0.00917	0.01360	0.00701	0.00525	0.00533	0.01342	0.00673	0.00456	0.00231	0.00591
68	0.00647	0.00464	0.00619	0.00735	0.00778	0.00436	0.00512	0.00753	0.01008	0.01336	0.02868	0.71755	0.05001	0.01580	0.00660	0.00211	0.00316	0.09424	0.00476	0.00423
69	0.11200	0.01119	0.01413	0.07700	0.01648	0.09439	0.09640	0.02144	0.01335	0.46814	0.01540	0.01484	0.01020	0.00572	0.00499	0.00159	0.00555	0.00475	0.00483	0.00762
70	0.01059	0.02448	0.66923	0.01576	0.02296	0.01209	0.14075	0.01628	0.01104	0.01628	0.00940	0.01132	0.00671	0.00479	0.00507	0.00164	0.00776	0.00416	0.00224	0.00748
71	0.00707	0.00507	0.00690	0.00723	0.00773	0.00540	0.00507	0.00814	0.00847	0.01171	0.01844	0.24532	0.02027	0.24201	0.37110	0.00565	0.00839	0.00855	0.00341	0.00407
72	0.00625	0.00447	0.00595	0.00714	0.00744	0.00417	0.00476	0.00714	0.00982	0.01310	0.02828	0.81633	0.03394	0.01608	0.00655	0.00208	0.00298	0.01459	0.00476	0.00417
73	0.66710	0.10548	0.07508	0.00770	0.01140	0.01246	0.00709	0.01546	0.00925	0.04058	0.00765	0.00876	0.00593	0.00477	0.00338	0.00153	0.00446	0.00292	0.00306	0.00592
74	0.01069	0.11883	0.70428	0.01395	0.02116	0.01289	0.01778	0.01615	0.01079	0.01577	0.00897	0.01053	0.00651	0.00482	0.00469	0.00156	0.00734	0.00367	0.00217	0.00747
75	0.00643	0.00470	0.00605	0.00680	0.00743	0.00432	0.00469	0.00767	0.01096	0.01467	0.18129	0.58015	0.11663	0.01464	0.00640	0.00195	0.00283	0.01313	0.00494	0.00432
76	0.01224	0.01348	0.02823	0.02376	0.19169	0.01281	0.60580	0.01629	0.01202	0.01651	0.01022	0.01359	0.00786	0.00438	0.00584	0.00169	0.00810	0.00573	0.00258	0.00718
77	0.01096	0.01122	0.01632	0.66120	0.03250	0.10280	0.06572	0.01419	0.01088	0.01327	0.00907	0.01318	0.00688	0.00509	0.00514	0.00167	0.00724	0.00452	0.00234	0.00581
78	0.01288	0.01253	0.02065	0.03098	0.76615	0.03413	0.01558	0.01588	0.01176	0.01665	0.00960	0.01260	0.00809	0.00459	0.00507	0.00152	0.00618	0.00454	0.00254	0.00807
79	0.01039	0.02335	0.63244	0.10715	0.02416	0.01195	0.08774	0.01590	0.01088	0.01590	0.00931	0.01144	0.00666	0.00485	0.00501	0.00164	0.00760	0.00409	0.00222	0.00730
80	0.01500	0.53143	0.02308	0.01237	0.09748	0.21825	0.00982	0.01671	0.01161	0.01270	0.00761	0.00897	0.00676	0.00464	0.00383	0.00120	0.00651	0.00308	0.00235	0.00659

[dist]
# distance from previous block
# <min> <max>
0	2

[block]
# block no. 1 follows, 48 sequences, length 11
# corresponding to MSA columns:
# 115-125
name=unknown_B
#
# <colnr> <probs for GDERKNQSTAVLIFYWHMCP>
#	G	D	E	R	K	N	Q	S	T	A	V	L	I	F	Y	W	H	M	C	P
0	0.01399	0.01038	0.01132	0.00998	0.01298	0.01154	0.00782	0.02591	0.62256	0.13896	0.02236	0.02042	0.05425	0.00717	0.00525	0.00172	0.00403	0.00596	0.00537	0.00802
1	0.01764	0.14687	0.07683	0.01265	0.01594	0.61875	0.01044	0.01938	0.01362	0.01277	0.00791	0.00922	0.00660	0.00512	0.00444	0.00131	0.00855	0.00326	0.00254	0.00617
2	0.01372	0.82276	0.02689	0.00878	0.01317	0.02030	0.00878	0.01536	0.01043	0.01207	0.00713	0.00823	0.00658	0.00439	0.00329	0.00110	0.00549	0.00274	0.00219	0.00658
3	0.00969	0.00912	0.01539	0.80734	0.03534	0.01140	0.01425	0.01311	0.01026	0.01311	0.00912	0.01368	0.00684	0.00513	0.00513	0.00171	0.00684	0.00456	0.00228	0.00570
4	0.00733	0.00550	0.00825	0.00825	0.00916	0.00641	0.00641	0.00916	0.00825	0.01191	0.01374	0.02016	0.01283	0.03848	0.79934	0.00825	0.01374	0.00550	0.00275	0.00458
5	0.00894	0.00593	0.00770	0.00766	0.04071	0.00557	0.00530	0.01120	0.03410	0.08469	0.48495	0.05627	0.07984	0.13400	0.00900	0.00215	0.00320	0.00859	0.00510	0.00509
6	0.02302	0.00873	0.01191	0.00913	0.01310	0.00754	0.00754	0.02501	0.01469	0.79122	0.02024	0.01746	0.01270	0.00635	0.00516	0.00159	0.00437	0.00516	0.00635	0.00873
7	0.02302	0.00873	0.01191	0.00913	0.01310	0.00754	0.00754	0.02501	0.01469	0.79122	0.02024	0.01746	0.01270	0.00635	0.00516	0.00159	0.00437	0.00516	0.00635	0.00873
8	0.00625	0.00447	0.00595	0.00714	0.00744	0.00417	0.00476	0.00714	0.00982	0.01310	0.02828	0.81633	0.03394	0.01608	0.00655	0.00208	0.00298	0.01459	0.00476	0.00417
9	0.14028	0.01088	0.04451	0.40376	0.27520	0.01169	0.01358	0.01438	0.01051	0.01593	0.00899	0.01244	0.00705	0.00488	0.00480	0.00163	0.00619	0.00426	0.00250	0.00654
10	0.72621	0.00909	0.00741	0.00674	0.00943	0.01043	0.00539	0.01380	0.00842	0.02086	0.00742	0.00945	0.00607	0.00676	0.00576	0.13162	0.00404	0.00304	0.00303	0.00505

[dist]
# distance from previous block
# <min> <max>
0	1

[block]
# block no. 2 follows, 48 sequences, length 21
# corresponding to MSA columns:
# 127-147
name=unknown_C
#
# <colnr> <probs for GDERKNQSTAVLIFYWHMCP>
#	G	D	E	R	K	N	Q	S	T	A	V	L	I	F	Y	W	H	M	C	P
0	0.01175	0.01024	0.01182	0.01230	0.10906	0.01137	0.00845	0.02278	0.56025	0.02004	0.06590	0.02255	0.09612	0.00749	0.00534	0.00171	0.00407	0.00636	0.00486	0.00755
1	0.00704	0.00522	0.00682	0.00748	0.00842	0.00471	0.00535	0.00829	0.01017	0.01382	0.02575	0.62385	0.03011	0.01431	0.00627	0.00195	0.00329	0.10260	0.00454	0.10999
2	0.01254	0.01083	0.01139	0.01027	0.01313	0.01248	0.00798	0.02661	0.75307	0.02121	0.02191	0.02014	0.04109	0.00716	0.00525	0.00174	0.00401	0.00597	0.00521	0.00800
3	0.19513	0.00968	0.01435	0.53537	0.12373	0.01152	0.01254	0.01387	0.01010	0.01573	0.00875	0.01239	0.00672	0.00498	0.00470	0.00166	0.00612	0.00417	0.00251	0.00597
4	0.01458	0.01546	0.01656	0.02037	0.35842	0.24889	0.01187	0.03302	0.11331	0.01641	0.01060	0.01229	0.00862	0.00505	0.00483	0.00141	0.00653	0.00419	0.00302	0.09456
5	0.01121	0.00910	0.01136	0.11749	0.01540	0.00751	0.00728	0.01363	0.01082	0.06002	0.00975	0.01144	0.00778	0.00413	0.00406	0.00094	0.00425	0.00337	0.00312	0.68735
6	0.06072	0.01053	0.13382	0.00991	0.01236	0.00930	0.00904	0.10590	0.01065	0.01584	0.01205	0.01648	0.01053	0.02542	0.48206	0.00562	0.05621	0.00490	0.00295	0.00569
7	0.01295	0.01145	0.15307	0.01117	0.01494	0.00820	0.13481	0.01620	0.01351	0.23123	0.30700	0.02360	0.02434	0.00732	0.00560	0.00163	0.00491	0.00663	0.00471	0.00675
8	0.01092	0.00978	0.01539	0.70800	0.03291	0.01196	0.01369	0.10770	0.01199	0.01551	0.00952	0.01351	0.00708	0.00526	0.00513	0.00169	0.00669	0.00457	0.00264	0.00608
9	0.00716	0.00594	0.00636	0.00613	0.00789	0.00550	0.00463	0.01036	0.10806	0.01629	0.20948	0.04317	0.52713	0.01169	0.00596	0.00171	0.00274	0.00986	0.00502	0.00492
10	0.01123	0.01233	0.02605	0.11079	0.02580	0.01188	0.60298	0.01509	0.01166	0.01571	0.01208	0.09673	0.01038	0.00563	0.00600	0.00176	0.00786	0.00676	0.00278	0.00650
11	0.10862	0.00942	0.01085	0.00816	0.01207	0.00832	0.00660	0.01349	0.01026	0.04122	0.00899	0.01065	0.00743	0.00453	0.00512	0.00103	0.08716	0.00323	0.00308	0.63980
12	0.10642	0.10870	0.01065	0.00933	0.08924	0.00839	0.00650	0.01152	0.03330	0.01754	0.29215	0.08525	0.17325	0.00928	0.00530	0.00161	0.00351	0.01829	0.00435	0.00543
13	0.14560	0.02782	0.01061	0.00804	0.01170	0.03475	0.01643	0.03644	0.04268	0.07320	0.12559	0.01521	0.01402	0.00539	0.00427	0.00118	0.00401	0.00428	0.00379	0.41498
14	0.15177	0.05930	0.13992	0.01865	0.30878	0.07030	0.02568	0.02702	0.03286	0.08544	0.01018	0.01175	0.00785	0.00492	0.00460	0.00151	0.00596	0.00404	0.00303	0.02645
15	0.10064	0.01296	0.09279	0.01350	0.02902	0.03532	0.23739	0.01823	0.10705	0.12817	0.01258	0.02415	0.00940	0.00514	0.00497	0.00151	0.00595	0.00482	0.00358	0.15283
16	0.03295	0.08481	0.01446	0.01144	0.04424	0.09803	0.00888	0.27528	0.20681	0.08659	0.02960	0.05846	0.01242	0.00666	0.00499	0.00156	0.00530	0.00525	0.00458	0.00768
17	0.03431	0.21147	0.02694	0.11036	0.01717	0.06723	0.05788	0.09624	0.17588	0.07167	0.01328	0.01579	0.01065	0.00600	0.00477	0.00154	0.00567	0.04951	0.00369	0.01996
18	0.07116	0.07669	0.07061	0.01142	0.02684	0.10926	0.08491	0.03001	0.16380	0.11305	0.01594	0.09856	0.02700	0.00700	0.00505	0.00160	0.00550	0.03067	0.00396	0.04698
19	0.04555	0.04542	0.26651	0.01151	0.05868	0.01003	0.01110	0.07420	0.01226	0.07239	0.07541	0.01877	0.10817	0.00834	0.04901	0.00189	0.02806	0.00526	0.00348	0.09397
20	0.01337	0.02285	0.03148	0.01023	0.02581	0.04964	0.07661	0.06706	0.10376	0.14728	0.06176	0.03231	0.10927	0.00665	0.00502	0.00141	0.00468	0.00566	0.00428	0.22087

[dist]
# distance from previous block
# <min> <max>
0	28

# created by:
# /st0/software/busco_prod/Augustus/scripts/msa2prfl.pl ./align_prep/202553.fa
