[name]
unknown

[dist]
# distance from previous block
# <min> <max>
19	92

[block]
# block no. 0 follows, 44 sequences, length 305
# corresponding to MSA columns:
# 99-403
name=unknown_A
#
# <colnr> <probs for GDERKNQSTAVLIFYWHMCP>
#	G	D	E	R	K	N	Q	S	T	A	V	L	I	F	Y	W	H	M	C	P
0	0.35394	0.01398	0.01232	0.01081	0.02923	0.14964	0.03782	0.15129	0.07826	0.02313	0.04400	0.02846	0.03336	0.00634	0.00466	0.00166	0.00565	0.00464	0.00399	0.00683
1	0.13014	0.01218	0.01296	0.01047	0.01399	0.01331	0.00846	0.40095	0.09899	0.08246	0.11394	0.01814	0.01584	0.03641	0.00613	0.00181	0.00500	0.00558	0.00527	0.00798
2	0.01286	0.01374	0.02172	0.01689	0.01992	0.07851	0.31682	0.01704	0.09220	0.01614	0.01236	0.03196	0.02860	0.00761	0.02317	0.00207	0.25077	0.00588	0.00307	0.02867
3	0.01342	0.01288	0.02200	0.04985	0.75854	0.01294	0.01670	0.01667	0.01238	0.01773	0.01024	0.01352	0.00861	0.00487	0.00540	0.00162	0.00649	0.00486	0.00269	0.00858
4	0.41952	0.01030	0.01040	0.00898	0.01173	0.01181	0.00724	0.04016	0.09011	0.13279	0.03199	0.01478	0.01061	0.06380	0.00774	0.00205	0.11081	0.00450	0.00409	0.00659
5	0.00736	0.00574	0.00823	0.15791	0.01355	0.00592	0.00695	0.00888	0.01073	0.01415	0.04545	0.60501	0.06037	0.01458	0.00664	0.00211	0.00392	0.01317	0.00458	0.00476
6	0.01709	0.02094	0.02126	0.01711	0.02060	0.45729	0.26431	0.01956	0.01396	0.01473	0.00921	0.01167	0.00746	0.00560	0.00654	0.00164	0.07701	0.00462	0.00276	0.00664
7	0.00793	0.00595	0.00762	0.00841	0.00981	0.00564	0.00704	0.01004	0.01256	0.01599	0.07117	0.08582	0.26113	0.01457	0.00712	0.00226	0.00414	0.45285	0.00508	0.00487
8	0.01189	0.02014	0.35000	0.01946	0.03903	0.01314	0.39574	0.01705	0.01213	0.01721	0.01084	0.03144	0.00831	0.00524	0.00613	0.00181	0.02468	0.00555	0.00261	0.00758
9	0.01035	0.00615	0.00834	0.00767	0.00866	0.00597	0.00543	0.05814	0.00903	0.01246	0.01033	0.03040	0.00993	0.01699	0.04930	0.62274	0.00510	0.00479	0.00276	0.11545
10	0.00769	0.00557	0.00725	0.00683	0.00813	0.00513	0.00512	0.01023	0.01536	0.02169	0.75468	0.04100	0.06839	0.01121	0.00643	0.00172	0.00258	0.00990	0.00598	0.00513
11	0.04404	0.00793	0.00809	0.00765	0.00909	0.08621	0.00566	0.01147	0.01341	0.03359	0.42017	0.05176	0.09674	0.09947	0.07864	0.00272	0.00484	0.00852	0.00491	0.00510
12	0.01270	0.01429	0.03031	0.05054	0.02765	0.01397	0.66600	0.01697	0.01242	0.01697	0.01066	0.01447	0.00814	0.00504	0.00735	0.00188	0.07450	0.00624	0.00271	0.00719
13	0.00683	0.00488	0.00654	0.00781	0.00820	0.00459	0.00539	0.00792	0.01062	0.01413	0.02994	0.73963	0.03565	0.01690	0.00701	0.00224	0.00333	0.07885	0.00506	0.00448
14	0.01408	0.01247	0.01521	0.01237	0.01587	0.04757	0.12342	0.18852	0.30532	0.02281	0.03848	0.02314	0.14052	0.00784	0.00580	0.00177	0.00540	0.00677	0.00490	0.00773
15	0.01235	0.07678	0.34430	0.02201	0.26248	0.01366	0.14068	0.01697	0.01193	0.01707	0.00993	0.01249	0.00770	0.00503	0.00560	0.00168	0.02419	0.00463	0.00251	0.00800
16	0.00772	0.00557	0.00729	0.00686	0.00814	0.00514	0.00514	0.01029	0.01543	0.02186	0.77152	0.04072	0.05144	0.01115	0.00643	0.00171	0.00257	0.00986	0.00600	0.00514
17	0.04512	0.00931	0.01254	0.00964	0.01383	0.00812	0.00796	0.02630	0.01544	0.75924	0.02116	0.01831	0.01330	0.00671	0.00543	0.00169	0.00463	0.00542	0.00666	0.00919
18	0.01108	0.06787	0.64271	0.01462	0.02172	0.01240	0.03608	0.01659	0.01151	0.03107	0.01159	0.07729	0.00948	0.00615	0.00527	0.00174	0.00749	0.00500	0.00263	0.00770
19	0.84691	0.01054	0.00801	0.00717	0.01054	0.01223	0.00590	0.01603	0.00928	0.02446	0.00759	0.00886	0.00590	0.00506	0.00337	0.00169	0.00422	0.00295	0.00337	0.00590
20	0.00663	0.00477	0.00630	0.00751	0.00789	0.00443	0.00503	0.00760	0.01051	0.01395	0.03100	0.77635	0.06393	0.01696	0.00694	0.00220	0.00315	0.01535	0.00506	0.00443
21	0.00877	0.00628	0.00846	0.00948	0.01062	0.00627	0.00782	0.04650	0.01259	0.01652	0.02843	0.26749	0.03161	0.01521	0.00727	0.00238	0.00455	0.49962	0.00505	0.00506
22	0.02146	0.00973	0.01235	0.00989	0.01375	0.00923	0.00803	0.02672	0.19222	0.57704	0.02156	0.01903	0.01425	0.00689	0.00545	0.00171	0.00450	0.00563	0.03157	0.00900
23	0.01349	0.01295	0.02213	0.03346	0.77440	0.01295	0.01673	0.01673	0.01241	0.01781	0.01025	0.01349	0.00864	0.00486	0.00540	0.00162	0.00648	0.00486	0.00270	0.00864
24	0.00817	0.00601	0.00797	0.00899	0.01028	0.00581	0.00761	0.01034	0.01235	0.01582	0.03390	0.12138	0.17051	0.01499	0.00728	0.00236	0.00444	0.54186	0.00503	0.00489
25	0.00834	0.00665	0.00981	0.00950	0.01034	0.00812	0.00749	0.01018	0.00871	0.01272	0.01362	0.02016	0.01277	0.03673	0.68488	0.00792	0.11850	0.00570	0.00285	0.00501
26	0.01063	0.01003	0.01696	0.71514	0.11508	0.01220	0.01531	0.01422	0.01106	0.01434	0.00975	0.01443	0.00741	0.00539	0.00544	0.00180	0.00718	0.00485	0.00245	0.00633
27	0.00677	0.00480	0.00629	0.00742	0.00771	0.00452	0.00488	0.00763	0.01018	0.01357	0.02872	0.72549	0.03438	0.09872	0.00910	0.00253	0.00338	0.01472	0.00488	0.00431
28	0.01862	0.02317	0.01538	0.06973	0.01790	0.64899	0.01083	0.02016	0.01446	0.01340	0.00951	0.01134	0.02504	0.00612	0.00606	0.00153	0.07481	0.00390	0.00280	0.00623
29	0.01394	0.01586	0.08231	0.02035	0.02563	0.03170	0.54933	0.11669	0.03124	0.01963	0.01131	0.01420	0.00844	0.00511	0.00646	0.00181	0.02927	0.00594	0.00314	0.00763
30	0.00676	0.00577	0.00624	0.00669	0.03550	0.00492	0.00468	0.00825	0.01247	0.01511	0.08299	0.08062	0.68419	0.01350	0.00643	0.00184	0.00291	0.01135	0.00502	0.00477
31	0.00664	0.00474	0.00633	0.00759	0.00791	0.00443	0.00506	0.00759	0.01044	0.01392	0.03005	0.80485	0.03606	0.01708	0.00696	0.00221	0.00316	0.01550	0.00506	0.00443
32	0.08294	0.62056	0.14654	0.01014	0.01524	0.01938	0.01077	0.01645	0.01100	0.01450	0.00793	0.00919	0.00689	0.00478	0.00376	0.00130	0.00605	0.00310	0.00241	0.00707
33	0.00930	0.00721	0.01023	0.01053	0.05338	0.00824	0.00764	0.07190	0.01043	0.01477	0.01509	0.07643	0.01453	0.06417	0.55451	0.00685	0.04968	0.00643	0.00326	0.00540
34	0.01304	0.01082	0.01171	0.00864	0.01328	0.06305	0.00688	0.01537	0.01196	0.08044	0.01058	0.01180	0.00845	0.00437	0.00422	0.00092	0.00450	0.00344	0.00349	0.71304
35	0.01414	0.71718	0.11922	0.01008	0.01515	0.02050	0.01063	0.01644	0.01113	0.01336	0.00785	0.00908	0.00699	0.00473	0.00370	0.00123	0.00610	0.00305	0.00233	0.00712
36	0.01162	0.01020	0.01090	0.00865	0.01236	0.06314	0.00673	0.05749	0.03010	0.01850	0.09118	0.11169	0.01617	0.00671	0.00482	0.00119	0.00432	0.00560	0.00389	0.52475
37	0.16276	0.01007	0.00921	0.00826	0.01061	0.11200	0.00640	0.05093	0.02756	0.07799	0.32527	0.02905	0.13110	0.00905	0.00554	0.00168	0.00422	0.00735	0.00499	0.00594
38	0.29898	0.01499	0.01232	0.01061	0.01402	0.18759	0.00845	0.16648	0.13408	0.06956	0.01243	0.01331	0.00946	0.00614	0.00468	0.00165	0.00589	0.01782	0.00424	0.00729
39	0.01157	0.01158	0.01663	0.01417	0.01468	0.03020	0.06425	0.01302	0.00900	0.01348	0.00963	0.07811	0.00986	0.01088	0.04406	0.00255	0.63195	0.00579	0.00266	0.00590
40	0.05272	0.00887	0.01164	0.01012	0.01235	0.00947	0.06061	0.03307	0.18482	0.07551	0.30368	0.06703	0.02916	0.00944	0.00701	0.00187	0.06981	0.04109	0.00519	0.00655
41	0.00820	0.00587	0.00695	0.00675	0.00686	0.00628	0.00421	0.00844	0.00817	0.01103	0.01762	0.03367	0.04604	0.67809	0.06081	0.00508	0.07132	0.00770	0.00327	0.00364
42	0.01977	0.01472	0.01584	0.01214	0.01651	0.01603	0.01000	0.67678	0.04266	0.03270	0.01303	0.01312	0.00935	0.00636	0.00534	0.00157	0.00580	0.00480	0.00527	0.07821
43	0.01222	0.30549	0.51415	0.01334	0.02020	0.01581	0.01632	0.01693	0.01136	0.01569	0.00900	0.01053	0.00694	0.00500	0.00458	0.00153	0.00727	0.00363	0.00231	0.00768
44	0.04029	0.01069	0.01332	0.01032	0.01449	0.01027	0.00850	0.18021	0.05695	0.56600	0.01948	0.01730	0.01261	0.00670	0.00544	0.00168	0.00490	0.00534	0.00634	0.00917
45	0.00793	0.00529	0.00595	0.00595	0.00595	0.00529	0.00330	0.00793	0.00793	0.01057	0.01718	0.03568	0.01982	0.80840	0.02775	0.00529	0.00529	0.00793	0.00330	0.00330
46	0.00947	0.00473	0.00710	0.00710	0.00710	0.00473	0.00473	0.00710	0.00710	0.00947	0.00947	0.01657	0.00947	0.01894	0.02131	0.84138	0.00473	0.00473	0.00237	0.00237
47	0.01345	0.01304	0.02255	0.03204	0.69811	0.01303	0.06925	0.01715	0.03515	0.01794	0.01067	0.01379	0.00885	0.00492	0.00548	0.00164	0.00661	0.00501	0.00279	0.00854
48	0.05278	0.01095	0.01333	0.01040	0.01452	0.01073	0.00854	0.19930	0.07979	0.51173	0.01906	0.01705	0.01248	0.00669	0.00540	0.00169	0.00492	0.00531	0.00622	0.00910
49	0.81292	0.01074	0.00836	0.00739	0.01081	0.01242	0.00609	0.04648	0.00995	0.02487	0.00782	0.00903	0.00604	0.00512	0.00346	0.00168	0.00429	0.00303	0.00346	0.00604
50	0.00746	0.00551	0.00698	0.00684	0.00812	0.00504	0.00512	0.00970	0.01440	0.01982	0.56537	0.11398	0.16033	0.01225	0.00652	0.00181	0.00275	0.03728	0.00573	0.00499
51	0.00778	0.00538	0.00613	0.00626	0.00660	0.00526	0.00389	0.00818	0.00893	0.01164	0.02327	0.05884	0.11687	0.62446	0.02291	0.00455	0.00489	0.06683	0.00371	0.00363
52	0.01130	0.00969	0.01130	0.00807	0.01292	0.00727	0.00646	0.01373	0.01130	0.01776	0.00969	0.01130	0.00807	0.00404	0.00404	0.00081	0.00404	0.00323	0.00323	0.84173
53	0.04027	0.09042	0.01638	0.01345	0.01646	0.68473	0.01032	0.03963	0.01519	0.01410	0.00845	0.00980	0.00705	0.00555	0.00477	0.00140	0.00927	0.00348	0.00285	0.00644
54	0.01088	0.00848	0.01146	0.01042	0.01098	0.01048	0.00819	0.01206	0.00943	0.06782	0.01494	0.08033	0.01539	0.19660	0.07492	0.00344	0.34438	0.06713	0.03740	0.00528
55	0.01130	0.00969	0.01130	0.00807	0.01292	0.00727	0.00646	0.01373	0.01130	0.01776	0.00969	0.01130	0.00807	0.00404	0.00404	0.00081	0.00404	0.00323	0.00323	0.84173
56	0.01205	0.01148	0.01952	0.37811	0.44105	0.01257	0.01601	0.01546	0.01173	0.01605	0.01000	0.01396	0.00802	0.00513	0.00542	0.00171	0.00683	0.00485	0.00257	0.00747
57	0.00651	0.00539	0.00570	0.00591	0.00747	0.00458	0.00432	0.00784	0.01215	0.01475	0.06666	0.18139	0.62995	0.01431	0.00653	0.00190	0.00283	0.01216	0.00508	0.00458
58	0.01016	0.00508	0.00508	0.00508	0.00635	0.00508	0.00381	0.01270	0.01143	0.02033	0.01778	0.02033	0.01397	0.00635	0.00381	0.00127	0.00254	0.00508	0.83867	0.00508
59	0.00872	0.00749	0.00959	0.00877	0.01086	0.00732	0.06768	0.01338	0.16844	0.01731	0.11343	0.15470	0.33461	0.01199	0.00638	0.00192	0.00376	0.04285	0.00507	0.00571
60	0.00860	0.00708	0.00908	0.00926	0.00992	0.00802	0.00679	0.01152	0.11109	0.01491	0.02494	0.51542	0.04454	0.03029	0.00927	0.00225	0.15521	0.01195	0.00458	0.00527
61	0.00682	0.00492	0.00647	0.00739	0.00793	0.00456	0.00504	0.00807	0.01139	0.01534	0.16094	0.64336	0.06571	0.01592	0.00685	0.00211	0.00304	0.01436	0.00523	0.00456
62	0.01996	0.01407	0.03124	0.01191	0.01605	0.01486	0.00991	0.60001	0.02305	0.12139	0.01524	0.07033	0.01164	0.00729	0.00556	0.00169	0.00568	0.00572	0.00551	0.00890
63	0.01292	0.01237	0.02109	0.17019	0.64216	0.01280	0.01645	0.01623	0.01214	0.01711	0.01015	0.01368	0.00839	0.00496	0.00541	0.00165	0.00662	0.00486	0.00265	0.00817
64	0.01349	0.01295	0.02213	0.03346	0.77440	0.01295	0.01673	0.01673	0.01241	0.01781	0.01025	0.01349	0.00864	0.00486	0.00540	0.00162	0.00648	0.00486	0.00270	0.00864
65	0.00793	0.00529	0.00595	0.00595	0.00595	0.00529	0.00330	0.00793	0.00793	0.01057	0.01718	0.03568	0.01982	0.80840	0.02775	0.00529	0.00529	0.00793	0.00330	0.00330
66	0.01130	0.00969	0.01130	0.00807	0.01292	0.00727	0.00646	0.01373	0.01130	0.01776	0.00969	0.01130	0.00807	0.00404	0.00404	0.00081	0.00404	0.00323	0.00323	0.84173
67	0.01093	0.02820	0.78016	0.01554	0.02360	0.01266	0.02014	0.01727	0.01151	0.01727	0.00978	0.01151	0.00691	0.00518	0.00518	0.00173	0.00806	0.00403	0.00230	0.00806
68	0.01210	0.01221	0.01667	0.01431	0.01436	0.03202	0.01190	0.01329	0.00849	0.01312	0.00718	0.01189	0.00715	0.00946	0.01763	0.00237	0.78273	0.00475	0.00239	0.00597
69	0.01048	0.00888	0.01086	0.00897	0.01117	0.00904	0.00684	0.01274	0.05613	0.01487	0.01225	0.01935	0.01198	0.23802	0.04046	0.00276	0.17029	0.00517	0.00321	0.34652
70	0.05617	0.01614	0.01457	0.01187	0.01553	0.19437	0.00950	0.41181	0.03547	0.08919	0.06755	0.01535	0.02447	0.00674	0.00533	0.00160	0.00637	0.00503	0.00489	0.00805
71	0.01342	0.01288	0.02199	0.05138	0.75707	0.01293	0.01669	0.01667	0.01238	0.01772	0.01024	0.01352	0.00860	0.00487	0.00540	0.00162	0.00650	0.00486	0.00269	0.00857
72	0.00710	0.00508	0.00673	0.00789	0.00837	0.00483	0.00547	0.02280	0.01092	0.01452	0.02961	0.72751	0.03514	0.01670	0.00698	0.00223	0.00337	0.07511	0.00507	0.00457
73	0.01242	0.01399	0.03032	0.02188	0.02702	0.01312	0.70100	0.01676	0.01269	0.01721	0.01239	0.07121	0.01026	0.00549	0.00647	0.00187	0.00876	0.00708	0.00292	0.00714
74	0.00698	0.00510	0.00668	0.00763	0.00827	0.00463	0.00516	0.00803	0.01050	0.01419	0.02859	0.74810	0.03406	0.01615	0.00675	0.00211	0.00323	0.01462	0.00493	0.06430
75	0.01141	0.12980	0.68269	0.01473	0.02235	0.01382	0.01874	0.01714	0.01145	0.01669	0.00950	0.01115	0.00692	0.00511	0.00496	0.00165	0.00777	0.00388	0.00231	0.00792
76	0.01104	0.01045	0.01770	0.61690	0.21010	0.01231	0.01551	0.01459	0.01126	0.01484	0.00982	0.01429	0.00759	0.00531	0.00544	0.00177	0.00708	0.00485	0.00249	0.00666
77	0.00740	0.00556	0.00684	0.00652	0.00795	0.00501	0.00489	0.00967	0.01468	0.02007	0.59148	0.04368	0.23260	0.01181	0.00643	0.00175	0.00262	0.01027	0.00577	0.00501
78	0.01458	0.81168	0.02857	0.00933	0.01399	0.02157	0.00933	0.01632	0.01108	0.01283	0.00758	0.00875	0.00700	0.00466	0.00350	0.00117	0.00583	0.00292	0.00233	0.00700
79	0.01349	0.01295	0.02213	0.03346	0.77440	0.01295	0.01673	0.01673	0.01241	0.01781	0.01025	0.01349	0.00864	0.00486	0.00540	0.00162	0.00648	0.00486	0.00270	0.00864
80	0.07842	0.00666	0.00744	0.00689	0.00842	0.00639	0.00485	0.02760	0.02701	0.04535	0.15981	0.10059	0.11908	0.28958	0.01340	0.00294	0.00406	0.00837	0.00440	0.07874
81	0.22069	0.01021	0.01193	0.00939	0.01342	0.00995	0.00775	0.10041	0.01514	0.52014	0.01730	0.01566	0.01124	0.00632	0.00498	0.00168	0.00468	0.00482	0.00581	0.00847
82	0.00722	0.00489	0.00640	0.00746	0.00793	0.00462	0.00515	0.00822	0.01051	0.01437	0.02837	0.63121	0.04936	0.01609	0.00753	0.04968	0.00331	0.05930	0.07396	0.00441
83	0.01450	0.79483	0.04474	0.00946	0.01420	0.02138	0.00956	0.01634	0.01109	0.01292	0.00763	0.00880	0.00699	0.00468	0.00353	0.00118	0.00588	0.00294	0.00233	0.00702
84	0.03898	0.00991	0.01253	0.01019	0.01373	0.00965	0.00836	0.14965	0.03598	0.47192	0.02054	0.07702	0.01558	0.00820	0.00608	0.00181	0.02874	0.06669	0.00602	0.00838
85	0.00690	0.00495	0.00661	0.00785	0.00832	0.00466	0.00550	0.00806	0.01074	0.01423	0.03044	0.69641	0.05125	0.01676	0.00702	0.00224	0.00338	0.10509	0.00506	0.00451
86	0.01584	0.01800	0.01712	0.07049	0.01824	0.33902	0.06954	0.04634	0.05134	0.01492	0.00917	0.01193	0.00776	0.00699	0.00955	0.00183	0.27808	0.00445	0.00287	0.00649
87	0.03019	0.52838	0.28436	0.01140	0.01720	0.01835	0.01295	0.01664	0.01119	0.01458	0.00833	0.00969	0.00694	0.00485	0.00407	0.00137	0.00656	0.00330	0.00234	0.00734
88	0.19774	0.03880	0.01483	0.01249	0.01544	0.39528	0.02786	0.11929	0.01458	0.01867	0.00879	0.01038	0.00713	0.00599	0.00603	0.00161	0.09145	0.00377	0.00323	0.00664
89	0.02354	0.00964	0.01276	0.00983	0.01395	0.00864	0.00810	0.08641	0.01643	0.68887	0.04827	0.01891	0.01453	0.00689	0.00551	0.00168	0.00468	0.00560	0.00661	0.00913
90	0.09474	0.02608	0.68320	0.01490	0.02242	0.01265	0.03796	0.01715	0.01132	0.01799	0.00960	0.01133	0.00684	0.00515	0.00503	0.00173	0.00770	0.00398	0.00242	0.00782
91	0.14054	0.02870	0.00950	0.07304	0.01201	0.00839	0.00675	0.09175	0.01408	0.02113	0.33781	0.18341	0.03184	0.01025	0.00579	0.00180	0.00379	0.00878	0.00495	0.00569
92	0.00971	0.00867	0.01245	0.01134	0.01186	0.01141	0.00919	0.01131	0.00857	0.01287	0.01114	0.01700	0.01062	0.02631	0.42917	0.00580	0.37917	0.00534	0.00267	0.00538
93	0.00720	0.00516	0.00675	0.00769	0.00830	0.00489	0.00549	0.00849	0.01108	0.01472	0.09139	0.50534	0.07304	0.08865	0.00889	0.00249	0.00360	0.13735	0.00497	0.00449
94	0.01370	0.01427	0.05532	0.03778	0.02552	0.01337	0.55553	0.01872	0.06651	0.08054	0.01241	0.01516	0.00917	0.00528	0.00684	0.00185	0.05114	0.00612	0.00324	0.00752
95	0.05333	0.01713	0.01570	0.01303	0.03628	0.19787	0.01023	0.48186	0.02152	0.08176	0.01230	0.01255	0.00889	0.00624	0.00525	0.00159	0.00675	0.00454	0.00477	0.00842
96	0.00664	0.00474	0.00633	0.00759	0.00791	0.00443	0.00506	0.00759	0.01044	0.01392	0.03005	0.80485	0.03606	0.01708	0.00696	0.00221	0.00316	0.01550	0.00506	0.00443
97	0.01093	0.02820	0.78016	0.01554	0.02360	0.01266	0.02014	0.01727	0.01151	0.01727	0.00978	0.01151	0.00691	0.00518	0.00518	0.00173	0.00806	0.00403	0.00230	0.00806
98	0.01143	0.01027	0.01401	0.01006	0.01492	0.00809	0.10669	0.01412	0.01150	0.01766	0.01023	0.02599	0.00860	0.00435	0.00441	0.00097	0.00471	0.00388	0.00320	0.71490
99	0.00937	0.00474	0.00707	0.00712	0.00713	0.00472	0.00475	0.00712	0.00722	0.00963	0.01022	0.04543	0.01044	0.01887	0.02078	0.81066	0.00468	0.00513	0.00247	0.00244
100	0.00697	0.00549	0.00630	0.00621	0.00772	0.00481	0.00461	0.00881	0.01351	0.01757	0.34444	0.10150	0.42672	0.01296	0.00647	0.00182	0.00271	0.01112	0.00544	0.00481
101	0.01123	0.01123	0.02150	0.03085	0.02085	0.01093	0.40758	0.01603	0.09135	0.01727	0.01842	0.12472	0.01762	0.00874	0.00663	0.00203	0.00699	0.16562	0.00382	0.00659
102	0.00692	0.00495	0.00661	0.00761	0.00813	0.00464	0.00527	0.00821	0.01132	0.01527	0.14443	0.64694	0.03818	0.01606	0.00691	0.00215	0.00317	0.05346	0.00520	0.00457
103	0.00664	0.00474	0.00633	0.00759	0.00791	0.00443	0.00506	0.00759	0.01044	0.01392	0.03005	0.80485	0.03606	0.01708	0.00696	0.00221	0.00316	0.01550	0.00506	0.00443
104	0.00699	0.00670	0.07041	0.00821	0.00920	0.00511	0.00629	0.00840	0.01056	0.01421	0.02880	0.72613	0.04637	0.01604	0.00680	0.00217	0.00356	0.01448	0.00483	0.00473
105	0.01458	0.81168	0.02857	0.00933	0.01399	0.02157	0.00933	0.01632	0.01108	0.01283	0.00758	0.00875	0.00700	0.00466	0.00350	0.00117	0.00583	0.00292	0.00233	0.00700
106	0.00664	0.00476	0.00631	0.00754	0.00789	0.00443	0.00504	0.00760	0.01049	0.01394	0.03067	0.78641	0.05410	0.01700	0.00695	0.00220	0.00315	0.01540	0.00506	0.00443
107	0.00847	0.00605	0.00842	0.00963	0.01076	0.00600	0.00820	0.01077	0.01234	0.01613	0.04722	0.16060	0.03249	0.01523	0.00743	0.00245	0.00471	0.62308	0.00505	0.00494
108	0.01990	0.01139	0.08730	0.01035	0.01453	0.00939	0.00913	0.03977	0.14444	0.50048	0.07775	0.01976	0.01621	0.00704	0.00554	0.00172	0.00479	0.00578	0.00602	0.00873
109	0.00792	0.00530	0.00602	0.00602	0.00604	0.00532	0.00339	0.00797	0.00795	0.01062	0.01711	0.03532	0.01967	0.78948	0.04646	0.00537	0.00552	0.00788	0.00329	0.00334
110	0.01030	0.00969	0.01635	0.79530	0.03755	0.01211	0.01514	0.01393	0.01090	0.01393	0.00969	0.01453	0.00727	0.00545	0.00545	0.00182	0.00727	0.00484	0.00242	0.00606
111	0.01093	0.02820	0.78016	0.01554	0.02360	0.01266	0.02014	0.01727	0.01151	0.01727	0.00978	0.01151	0.00691	0.00518	0.00518	0.00173	0.00806	0.00403	0.00230	0.00806
112	0.01277	0.01442	0.03057	0.02208	0.02703	0.01409	0.67797	0.01702	0.01240	0.01702	0.01063	0.01442	0.00816	0.00511	0.00762	0.00189	0.09062	0.00626	0.00272	0.00721
113	0.02334	0.00974	0.01280	0.00987	0.01398	0.00881	0.00813	0.10163	0.01664	0.66803	0.05326	0.01895	0.01471	0.00692	0.00552	0.00168	0.00469	0.00561	0.00658	0.00910
114	0.00664	0.00474	0.00633	0.00759	0.00791	0.00443	0.00506	0.00759	0.01044	0.01392	0.03005	0.80485	0.03606	0.01708	0.00696	0.00221	0.00316	0.01550	0.00506	0.00443
115	0.01030	0.00969	0.01635	0.79530	0.03755	0.01211	0.01514	0.01393	0.01090	0.01393	0.00969	0.01453	0.00727	0.00545	0.00545	0.00182	0.00727	0.00484	0.00242	0.00606
116	0.00684	0.00489	0.00650	0.00746	0.00795	0.00456	0.00508	0.00808	0.01134	0.01535	0.16392	0.66688	0.03884	0.01601	0.00686	0.00212	0.00306	0.01448	0.00523	0.00456
117	0.00645	0.00550	0.00554	0.00557	0.00738	0.00460	0.00417	0.00782	0.01238	0.01471	0.05460	0.07137	0.75369	0.01389	0.00646	0.00185	0.00277	0.01161	0.00506	0.00460
118	0.00664	0.00474	0.00633	0.00759	0.00791	0.00443	0.00506	0.00759	0.01044	0.01392	0.03005	0.80485	0.03606	0.01708	0.00696	0.00221	0.00316	0.01550	0.00506	0.00443
119	0.01475	0.78797	0.02817	0.00947	0.01408	0.04466	0.00936	0.01649	0.01121	0.01284	0.00760	0.00878	0.00700	0.00469	0.00354	0.00117	0.00595	0.00293	0.00235	0.00698
120	0.00679	0.00487	0.00648	0.00772	0.00814	0.00456	0.00531	0.00786	0.01063	0.01411	0.03050	0.73556	0.05150	0.01687	0.00699	0.00223	0.00329	0.06706	0.00506	0.00447
121	0.02072	0.01527	0.01636	0.01254	0.01691	0.01691	0.01036	0.75622	0.02563	0.03436	0.01309	0.01309	0.00927	0.00654	0.00545	0.00164	0.00600	0.00491	0.00545	0.00927
122	0.02072	0.01527	0.01636	0.01254	0.01691	0.01691	0.01036	0.75622	0.02563	0.03436	0.01309	0.01309	0.00927	0.00654	0.00545	0.00164	0.00600	0.00491	0.00545	0.00927
123	0.01356	0.01171	0.01233	0.01109	0.01418	0.01356	0.00863	0.02897	0.76455	0.02281	0.02219	0.02034	0.01664	0.00740	0.00555	0.00185	0.00431	0.00616	0.00555	0.00863
124	0.00772	0.00557	0.00729	0.00686	0.00814	0.00514	0.00514	0.01029	0.01543	0.02186	0.77152	0.04072	0.05144	0.01115	0.00643	0.00171	0.00257	0.00986	0.00600	0.00514
125	0.00664	0.00553	0.00580	0.00573	0.00748	0.00469	0.00430	0.00820	0.01289	0.01583	0.16578	0.05065	0.66094	0.01340	0.00644	0.00182	0.00273	0.01125	0.00521	0.00469
126	0.01356	0.01171	0.01233	0.01109	0.01418	0.01356	0.00863	0.02897	0.76455	0.02281	0.02219	0.02034	0.01664	0.00740	0.00555	0.00185	0.00431	0.00616	0.00555	0.00863
127	0.00664	0.00474	0.00633	0.00759	0.00791	0.00443	0.00506	0.00759	0.01044	0.01392	0.03005	0.80485	0.03606	0.01708	0.00696	0.00221	0.00316	0.01550	0.00506	0.00443
128	0.00680	0.00485	0.00650	0.00777	0.00815	0.00456	0.00533	0.00786	0.01059	0.01409	0.02996	0.75169	0.03572	0.01694	0.00700	0.00224	0.00330	0.06714	0.00506	0.00447
129	0.01130	0.00969	0.01130	0.00807	0.01292	0.00727	0.00646	0.01373	0.01130	0.01776	0.00969	0.01130	0.00807	0.00404	0.00404	0.00081	0.00404	0.00323	0.00323	0.84173
130	0.01263	0.01309	0.01660	0.01429	0.01452	0.08047	0.01181	0.01384	0.00894	0.01314	0.00726	0.01175	0.00715	0.00922	0.01682	0.00230	0.73310	0.00467	0.00242	0.00599
131	0.01287	0.01471	0.03217	0.02298	0.02849	0.01379	0.75460	0.01746	0.01287	0.01746	0.01103	0.01471	0.00827	0.00460	0.00643	0.00184	0.00919	0.00643	0.00276	0.00735
132	0.02037	0.02598	0.01545	0.01404	0.01685	0.78652	0.01053	0.02177	0.01545	0.01334	0.00843	0.00983	0.00702	0.00562	0.00492	0.00140	0.00983	0.00351	0.00281	0.00632
133	0.01914	0.01434	0.01550	0.01183	0.01624	0.01536	0.00973	0.62793	0.03733	0.03158	0.01274	0.01295	0.00923	0.00617	0.00524	0.00151	0.00566	0.00467	0.00511	0.13774
134	0.00668	0.00483	0.00628	0.00739	0.00782	0.00448	0.00495	0.00767	0.01062	0.01406	0.04742	0.71534	0.08862	0.03660	0.00743	0.00225	0.00317	0.01490	0.00504	0.00443
135	0.00655	0.00546	0.00572	0.00579	0.00746	0.00463	0.00429	0.00798	0.01248	0.01517	0.10436	0.11395	0.65967	0.01389	0.00649	0.00186	0.00278	0.01172	0.00513	0.00463
136	0.00664	0.00474	0.00633	0.00759	0.00791	0.00443	0.00506	0.00759	0.01044	0.01392	0.03005	0.80485	0.03606	0.01708	0.00696	0.00221	0.00316	0.01550	0.00506	0.00443
137	0.01179	0.01174	0.01667	0.07901	0.01624	0.01632	0.01219	0.01319	0.00856	0.01319	0.00737	0.01214	0.00717	0.00920	0.01686	0.00234	0.73289	0.00478	0.00239	0.00597
138	0.02307	0.00897	0.01221	0.00946	0.01344	0.00778	0.00778	0.02522	0.01559	0.71552	0.08364	0.02039	0.01664	0.00711	0.00556	0.00169	0.00447	0.00585	0.00669	0.00894
139	0.00793	0.00529	0.00595	0.00595	0.00595	0.00529	0.00330	0.00793	0.00793	0.01057	0.01718	0.03568	0.01982	0.80840	0.02775	0.00529	0.00529	0.00793	0.00330	0.00330
140	0.00879	0.00628	0.00879	0.01004	0.01130	0.00628	0.00879	0.01130	0.01255	0.01632	0.02887	0.06150	0.03138	0.01506	0.00753	0.00251	0.00502	0.73770	0.00502	0.00502
141	0.03087	0.64621	0.11700	0.01037	0.01528	0.07502	0.01064	0.01682	0.01141	0.01362	0.00790	0.00916	0.00697	0.00480	0.00380	0.00126	0.00635	0.00309	0.00238	0.00705
142	0.00664	0.00474	0.00633	0.00759	0.00791	0.00443	0.00506	0.00759	0.01044	0.01392	0.03005	0.80485	0.03606	0.01708	0.00696	0.00221	0.00316	0.01550	0.00506	0.00443
143	0.00786	0.00530	0.00593	0.00593	0.00601	0.00526	0.00334	0.00792	0.00812	0.01075	0.01883	0.03641	0.05255	0.77384	0.02682	0.00514	0.00518	0.00808	0.00338	0.00336
144	0.01016	0.00508	0.00508	0.00508	0.00635	0.00508	0.00381	0.01270	0.01143	0.02033	0.01778	0.02033	0.01397	0.00635	0.00381	0.00127	0.00254	0.00508	0.83867	0.00508
145	0.02170	0.01370	0.01539	0.01180	0.01612	0.01457	0.00975	0.56475	0.02300	0.22954	0.01530	0.01452	0.01038	0.00660	0.00546	0.00165	0.00564	0.00506	0.00579	0.00927
146	0.00793	0.00529	0.00595	0.00595	0.00595	0.00529	0.00330	0.00793	0.00793	0.01057	0.01718	0.03568	0.01982	0.80840	0.02775	0.00529	0.00529	0.00793	0.00330	0.00330
147	0.00772	0.00557	0.00729	0.00686	0.00814	0.00514	0.00514	0.01029	0.01543	0.02186	0.77152	0.04072	0.05144	0.01115	0.00643	0.00171	0.00257	0.00986	0.00600	0.00514
148	0.01052	0.00992	0.01676	0.74082	0.09024	0.01217	0.01525	0.01413	0.01101	0.01421	0.00973	0.01446	0.00737	0.00541	0.00545	0.00180	0.00721	0.00485	0.00244	0.00624
149	0.00772	0.00557	0.00729	0.00686	0.00814	0.00514	0.00514	0.01029	0.01543	0.02186	0.77152	0.04072	0.05144	0.01115	0.00643	0.00171	0.00257	0.00986	0.00600	0.00514
150	0.02038	0.02553	0.01549	0.01398	0.01686	0.75408	0.01053	0.05273	0.01588	0.01423	0.00862	0.00997	0.00712	0.00566	0.00494	0.00141	0.00967	0.00357	0.00292	0.00644
151	0.00664	0.00485	0.00625	0.00733	0.00785	0.00446	0.00495	0.00767	0.01077	0.01416	0.04660	0.70048	0.12481	0.01658	0.00689	0.00216	0.00310	0.01492	0.00508	0.00446
152	0.00776	0.00526	0.00619	0.00635	0.00646	0.00529	0.00377	0.00802	0.00830	0.01113	0.01859	0.12986	0.02139	0.65557	0.07945	0.00515	0.00569	0.00872	0.00349	0.00355
153	0.02195	0.01330	0.01514	0.01161	0.01592	0.01398	0.00959	0.51620	0.02233	0.27904	0.01586	0.01489	0.01066	0.00661	0.00546	0.00165	0.00555	0.00510	0.00588	0.00927
154	0.01239	0.33627	0.46792	0.01307	0.01962	0.01626	0.01571	0.01681	0.01127	0.01543	0.00886	0.01043	0.00695	0.00507	0.00479	0.00152	0.02412	0.00361	0.00232	0.00759
155	0.01349	0.01295	0.02213	0.03346	0.77440	0.01295	0.01673	0.01673	0.01241	0.01781	0.01025	0.01349	0.00864	0.00486	0.00540	0.00162	0.00648	0.00486	0.00270	0.00864
156	0.00703	0.00557	0.00639	0.00666	0.00817	0.00493	0.00514	0.00871	0.01266	0.01591	0.14918	0.13099	0.47281	0.01398	0.00667	0.00197	0.00315	0.13017	0.00519	0.00473
157	0.01130	0.00969	0.01130	0.00807	0.01292	0.00727	0.00646	0.01373	0.01130	0.01776	0.00969	0.01130	0.00807	0.00404	0.00404	0.00081	0.00404	0.00323	0.00323	0.84173
158	0.03131	0.00971	0.01614	0.77550	0.03687	0.01212	0.01491	0.01398	0.01086	0.01419	0.00964	0.01439	0.00723	0.00544	0.00540	0.00181	0.00719	0.00480	0.00245	0.00605
159	0.01349	0.01295	0.02213	0.03346	0.77440	0.01295	0.01673	0.01673	0.01241	0.01781	0.01025	0.01349	0.00864	0.00486	0.00540	0.00162	0.00648	0.00486	0.00270	0.00864
160	0.00879	0.00628	0.00879	0.01004	0.01130	0.00628	0.00879	0.01130	0.01255	0.01632	0.02887	0.06150	0.03138	0.01506	0.00753	0.00251	0.00502	0.73770	0.00502	0.00502
161	0.00750	0.00560	0.00715	0.00804	0.00917	0.00525	0.00636	0.00924	0.01193	0.01527	0.04959	0.28211	0.23082	0.01526	0.00705	0.00223	0.00382	0.31382	0.00506	0.00473
162	0.00663	0.00478	0.00629	0.00750	0.00788	0.00444	0.00502	0.00760	0.01052	0.01395	0.03115	0.77205	0.06814	0.01694	0.00694	0.00220	0.00315	0.01532	0.00506	0.00444
163	0.01287	0.01471	0.03217	0.02298	0.02849	0.01379	0.75460	0.01746	0.01287	0.01746	0.01103	0.01471	0.00827	0.00460	0.00643	0.00184	0.00919	0.00643	0.00276	0.00735
164	0.00916	0.00704	0.00867	0.00878	0.01034	0.00725	0.00692	0.01435	0.18272	0.01924	0.27395	0.14964	0.05123	0.01229	0.00662	0.00204	0.00374	0.21475	0.00547	0.00578
165	0.00779	0.00584	0.00876	0.00876	0.00974	0.00681	0.00681	0.00974	0.00876	0.01266	0.01460	0.02142	0.01363	0.04089	0.78680	0.00876	0.01460	0.00584	0.00292	0.00487
166	0.02019	0.04970	0.01585	0.01390	0.01677	0.76343	0.01050	0.02161	0.01532	0.01333	0.00840	0.00980	0.00702	0.00559	0.00487	0.00140	0.00971	0.00349	0.00279	0.00634
167	0.00667	0.00489	0.00628	0.00737	0.00792	0.00450	0.00503	0.00772	0.01077	0.01409	0.03349	0.68152	0.13753	0.01658	0.00690	0.00217	0.00316	0.03387	0.00506	0.00447
168	0.00725	0.00534	0.00681	0.00769	0.00831	0.00517	0.00526	0.00936	0.06476	0.01515	0.09121	0.64805	0.05369	0.03521	0.00731	0.00221	0.00324	0.01408	0.00513	0.00476
169	0.01180	0.01174	0.01646	0.01415	0.01417	0.01640	0.01177	0.01302	0.00836	0.01311	0.00738	0.01221	0.00735	0.01049	0.04110	0.00258	0.77477	0.00480	0.00240	0.00593
170	0.03929	0.00986	0.01183	0.00969	0.01317	0.00980	0.00781	0.10855	0.17401	0.37736	0.07967	0.02254	0.07778	0.00849	0.02308	0.00189	0.00463	0.00632	0.00598	0.00827
171	0.00790	0.00592	0.00760	0.00848	0.00983	0.00562	0.00708	0.00994	0.01233	0.01563	0.03681	0.12402	0.25204	0.01486	0.00716	0.00229	0.00419	0.45844	0.00504	0.00484
172	0.01393	0.00899	0.01069	0.00970	0.01202	0.00923	0.00752	0.23026	0.05477	0.13430	0.02379	0.34084	0.03709	0.01174	0.00626	0.00197	0.00442	0.07019	0.00545	0.00683
173	0.01175	0.01108	0.01864	0.47941	0.32912	0.01253	0.01569	0.02836	0.01176	0.01583	0.00997	0.01410	0.00785	0.00524	0.00543	0.00174	0.00693	0.00485	0.00259	0.00714
174	0.21503	0.02006	0.01389	0.01211	0.01538	0.43957	0.00941	0.17756	0.01618	0.02046	0.00923	0.01030	0.00724	0.00569	0.00467	0.00152	0.00769	0.00368	0.00351	0.00685
175	0.40165	0.38825	0.06758	0.00873	0.01301	0.01665	0.00843	0.01625	0.01027	0.01853	0.00773	0.00898	0.00648	0.00488	0.00355	0.00144	0.00522	0.00300	0.00281	0.00656
176	0.01030	0.00969	0.01635	0.79530	0.03755	0.01211	0.01514	0.01393	0.01090	0.01393	0.00969	0.01453	0.00727	0.00545	0.00545	0.00182	0.00727	0.00484	0.00242	0.00606
177	0.01458	0.81168	0.02857	0.00933	0.01399	0.02157	0.00933	0.01632	0.01108	0.01283	0.00758	0.00875	0.00700	0.00466	0.00350	0.00117	0.00583	0.00292	0.00233	0.00700
178	0.00967	0.00523	0.00580	0.00580	0.00699	0.00542	0.00438	0.01206	0.01086	0.01870	0.01717	0.02079	0.01401	0.02652	0.15373	0.00277	0.00489	0.00527	0.66494	0.00501
179	0.08213	0.44564	0.31435	0.01152	0.01738	0.01739	0.01318	0.01666	0.01109	0.01549	0.00842	0.00981	0.00687	0.00489	0.00413	0.00142	0.00655	0.00334	0.00241	0.00731
180	0.00926	0.00563	0.00666	0.00644	0.00685	0.00557	0.00392	0.00956	0.00866	0.07434	0.01768	0.05041	0.01932	0.68351	0.06608	0.00511	0.00568	0.00778	0.00361	0.00391
181	0.00779	0.00584	0.00876	0.00876	0.00974	0.00681	0.00681	0.00974	0.00876	0.01266	0.01460	0.02142	0.01363	0.04089	0.78680	0.00876	0.01460	0.00584	0.00292	0.00487
182	0.01191	0.01194	0.01628	0.01403	0.01414	0.03314	0.01165	0.01314	0.00853	0.01310	0.00755	0.01235	0.00747	0.01100	0.05541	0.00268	0.74255	0.00480	0.00242	0.00592
183	0.01036	0.00975	0.01647	0.78036	0.05199	0.01213	0.01517	0.01398	0.01093	0.01401	0.00970	0.01451	0.00729	0.00544	0.00545	0.00181	0.00725	0.00485	0.00243	0.00611
184	0.00682	0.00487	0.00653	0.00779	0.00819	0.00458	0.00537	0.00790	0.01061	0.01412	0.02995	0.74327	0.03567	0.01691	0.00701	0.00224	0.00332	0.07532	0.00506	0.00448
185	0.00749	0.00553	0.00699	0.00669	0.00802	0.00504	0.00500	0.00983	0.01480	0.02052	0.63888	0.07251	0.15493	0.01176	0.00645	0.00175	0.00262	0.01032	0.00583	0.00504
186	0.01287	0.01471	0.03217	0.02298	0.02849	0.01379	0.75460	0.01746	0.01287	0.01746	0.01103	0.01471	0.00827	0.00460	0.00643	0.00184	0.00919	0.00643	0.00276	0.00735
187	0.00793	0.00529	0.00595	0.00595	0.00595	0.00529	0.00330	0.00793	0.00793	0.01057	0.01718	0.03568	0.01982	0.80840	0.02775	0.00529	0.00529	0.00793	0.00330	0.00330
188	0.00710	0.00555	0.00643	0.00621	0.00777	0.00488	0.00466	0.00909	0.01397	0.01839	0.42336	0.04643	0.40176	0.01244	0.00644	0.00178	0.00266	0.01066	0.00555	0.00488
189	0.01427	0.74678	0.09083	0.00984	0.01479	0.02083	0.01022	0.01640	0.01111	0.01319	0.00776	0.00897	0.00699	0.00471	0.00364	0.00121	0.00601	0.00301	0.00233	0.00708
190	0.03503	0.01403	0.01537	0.01190	0.01608	0.01521	0.00979	0.62107	0.02349	0.13040	0.01471	0.04249	0.01074	0.00693	0.00548	0.00166	0.00569	0.00533	0.00557	0.00904
191	0.00780	0.00579	0.00849	0.00849	0.00938	0.00667	0.00648	0.00956	0.00868	0.01246	0.01485	0.02277	0.01422	0.11382	0.71467	0.00843	0.01372	0.00604	0.00296	0.00472
192	0.01471	0.79321	0.02826	0.00944	0.01406	0.03956	0.00936	0.01645	0.01118	0.01284	0.00760	0.00877	0.00700	0.00469	0.00353	0.00117	0.00592	0.00293	0.00234	0.00698
193	0.01132	0.00976	0.01147	0.00826	0.01296	0.00755	0.00662	0.01371	0.01122	0.01762	0.00961	0.01132	0.00805	0.00420	0.00446	0.00086	0.02801	0.00328	0.00320	0.81651
194	0.01160	0.00968	0.01134	0.00811	0.01294	0.00728	0.00650	0.01402	0.01140	0.03499	0.00996	0.01147	0.00820	0.00410	0.00407	0.00083	0.00405	0.00328	0.00331	0.82288
195	0.00736	0.00513	0.00670	0.00743	0.00818	0.00470	0.00513	0.00863	0.01145	0.03526	0.14197	0.61229	0.07707	0.01547	0.00675	0.00208	0.00311	0.01392	0.00521	0.02217
196	0.01341	0.01287	0.02199	0.05225	0.75623	0.01293	0.01669	0.01666	0.01238	0.01772	0.01024	0.01352	0.00860	0.00487	0.00540	0.00162	0.00650	0.00486	0.00269	0.00857
197	0.84691	0.01054	0.00801	0.00717	0.01054	0.01223	0.00590	0.01603	0.00928	0.02446	0.00759	0.00886	0.00590	0.00506	0.00337	0.00169	0.00422	0.00295	0.00337	0.00590
198	0.00664	0.00474	0.00633	0.00759	0.00791	0.00443	0.00506	0.00759	0.01044	0.01392	0.03005	0.80485	0.03606	0.01708	0.00696	0.00221	0.00316	0.01550	0.00506	0.00443
199	0.01237	0.01312	0.02333	0.01858	0.04607	0.01536	0.32157	0.01505	0.01037	0.01509	0.00888	0.01314	0.00767	0.00732	0.01269	0.00213	0.44260	0.00547	0.00255	0.00663
200	0.01124	0.09310	0.71790	0.01502	0.02280	0.01340	0.01925	0.01719	0.01147	0.01690	0.00960	0.01128	0.00691	0.00514	0.00504	0.00168	0.00787	0.00394	0.00230	0.00797
201	0.01458	0.81168	0.02857	0.00933	0.01399	0.02157	0.00933	0.01632	0.01108	0.01283	0.00758	0.00875	0.00700	0.00466	0.00350	0.00117	0.00583	0.00292	0.00233	0.00700
202	0.00664	0.00474	0.00633	0.00759	0.00791	0.00443	0.00506	0.00759	0.01044	0.01392	0.03005	0.80485	0.03606	0.01708	0.00696	0.00221	0.00316	0.01550	0.00506	0.00443
203	0.02037	0.02598	0.01545	0.01404	0.01685	0.78652	0.01053	0.02177	0.01545	0.01334	0.00843	0.00983	0.00702	0.00562	0.00492	0.00140	0.00983	0.00351	0.00281	0.00632
204	0.00793	0.00529	0.00595	0.00595	0.00595	0.00529	0.00330	0.00793	0.00793	0.01057	0.01718	0.03568	0.01982	0.80840	0.02775	0.00529	0.00529	0.00793	0.00330	0.00330
205	0.00772	0.00557	0.00729	0.00686	0.00814	0.00514	0.00514	0.01029	0.01543	0.02186	0.77152	0.04072	0.05144	0.01115	0.00643	0.00171	0.00257	0.00986	0.00600	0.00514
206	0.02072	0.01527	0.01636	0.01254	0.01691	0.01691	0.01036	0.75622	0.02563	0.03436	0.01309	0.01309	0.00927	0.00654	0.00545	0.00164	0.00600	0.00491	0.00545	0.00927
207	0.01135	0.00985	0.01169	0.00852	0.01302	0.00794	0.00685	0.01368	0.01109	0.01743	0.00951	0.01135	0.00801	0.00443	0.00503	0.00092	0.06084	0.00334	0.00317	0.78197
208	0.01030	0.00969	0.01635	0.79530	0.03755	0.01211	0.01514	0.01393	0.01090	0.01393	0.00969	0.01453	0.00727	0.00545	0.00545	0.00182	0.00727	0.00484	0.00242	0.00606
209	0.00653	0.00553	0.00565	0.00562	0.00742	0.00464	0.00421	0.00800	0.01264	0.01524	0.10645	0.05163	0.72064	0.01362	0.00644	0.00183	0.00275	0.01139	0.00513	0.00464
210	0.84691	0.01054	0.00801	0.00717	0.01054	0.01223	0.00590	0.01603	0.00928	0.02446	0.00759	0.00886	0.00590	0.00506	0.00337	0.00169	0.00422	0.00295	0.00337	0.00590
211	0.01093	0.02820	0.78016	0.01554	0.02360	0.01266	0.02014	0.01727	0.01151	0.01727	0.00978	0.01151	0.00691	0.00518	0.00518	0.00173	0.00806	0.00403	0.00230	0.00806
212	0.00752	0.00557	0.00702	0.00665	0.00802	0.00506	0.00499	0.00991	0.01497	0.02076	0.66096	0.04254	0.16268	0.01156	0.00643	0.00173	0.00260	0.01011	0.00586	0.00506
213	0.00664	0.00474	0.00633	0.00759	0.00791	0.00443	0.00506	0.00759	0.01044	0.01392	0.03005	0.80485	0.03606	0.01708	0.00696	0.00221	0.00316	0.01550	0.00506	0.00443
214	0.01150	0.14913	0.66415	0.01458	0.02211	0.01404	0.01847	0.01712	0.01144	0.01658	0.00944	0.01108	0.00692	0.00510	0.00492	0.00164	0.00771	0.00386	0.00231	0.00789
215	0.02446	0.00928	0.01265	0.00970	0.01392	0.00801	0.00801	0.02657	0.01560	0.77817	0.02151	0.01856	0.01350	0.00675	0.00548	0.00169	0.00464	0.00548	0.00675	0.00928
216	0.00760	0.00557	0.00712	0.00673	0.00807	0.00509	0.00505	0.01006	0.01515	0.02119	0.70427	0.04183	0.11911	0.01140	0.00643	0.00173	0.00259	0.01001	0.00591	0.00509
217	0.84691	0.01054	0.00801	0.00717	0.01054	0.01223	0.00590	0.01603	0.00928	0.02446	0.00759	0.00886	0.00590	0.00506	0.00337	0.00169	0.00422	0.00295	0.00337	0.00590
218	0.01130	0.00969	0.01130	0.00807	0.01292	0.00727	0.00646	0.01373	0.01130	0.01776	0.00969	0.01130	0.00807	0.00404	0.00404	0.00081	0.00404	0.00323	0.00323	0.84173
219	0.00902	0.00748	0.00776	0.00719	0.00944	0.00729	0.00553	0.07734	0.14685	0.01822	0.07971	0.04277	0.53729	0.01191	0.00620	0.00182	0.00331	0.00990	0.00523	0.00575
220	0.00665	0.00553	0.00581	0.00574	0.00749	0.00469	0.00431	0.00823	0.01292	0.01589	0.17231	0.05055	0.65437	0.01337	0.00644	0.00182	0.00273	0.01124	0.00522	0.00469
221	0.00781	0.00528	0.00618	0.00628	0.00638	0.00532	0.00370	0.00803	0.00820	0.01100	0.01806	0.09837	0.02072	0.68797	0.08030	0.00528	0.00578	0.00841	0.00342	0.00351
222	0.00664	0.00474	0.00633	0.00759	0.00791	0.00443	0.00506	0.00759	0.01044	0.01392	0.03005	0.80485	0.03606	0.01708	0.00696	0.00221	0.00316	0.01550	0.00506	0.00443
223	0.14824	0.01454	0.01507	0.01171	0.01592	0.01618	0.00967	0.64197	0.02311	0.03283	0.01224	0.01244	0.00875	0.00632	0.00513	0.00164	0.00572	0.00461	0.00513	0.00875
224	0.01590	0.01199	0.01299	0.01116	0.01457	0.01345	0.00883	0.14094	0.56598	0.10983	0.02071	0.01902	0.01515	0.00719	0.00553	0.00180	0.00461	0.00589	0.00567	0.00880
225	0.01458	0.81168	0.02857	0.00933	0.01399	0.02157	0.00933	0.01632	0.01108	0.01283	0.00758	0.00875	0.00700	0.00466	0.00350	0.00117	0.00583	0.00292	0.00233	0.00700
226	0.01269	0.01072	0.01134	0.01030	0.01291	0.01228	0.00781	0.02572	0.64777	0.02092	0.02142	0.02271	0.01713	0.13103	0.00897	0.00238	0.00446	0.00644	0.00520	0.00781
227	0.01149	0.01238	0.07397	0.45272	0.25134	0.01254	0.07722	0.01528	0.01155	0.01560	0.00997	0.01403	0.00773	0.00519	0.00550	0.00175	0.00725	0.00492	0.00252	0.00706
228	0.01300	0.01245	0.02124	0.15105	0.66067	0.01282	0.01649	0.01630	0.01218	0.01721	0.01017	0.01365	0.00842	0.00495	0.00541	0.00165	0.00660	0.00486	0.00266	0.00824
229	0.00668	0.00484	0.00633	0.00751	0.00796	0.00449	0.00509	0.00770	0.01064	0.01404	0.03182	0.73156	0.08857	0.01679	0.00694	0.00220	0.00318	0.03414	0.00506	0.00446
230	0.01030	0.00969	0.01635	0.79530	0.03755	0.01211	0.01514	0.01393	0.01090	0.01393	0.00969	0.01453	0.00727	0.00545	0.00545	0.00182	0.00727	0.00484	0.00242	0.00606
231	0.02042	0.02433	0.01559	0.01381	0.01686	0.66773	0.01051	0.13513	0.01702	0.01659	0.00915	0.01033	0.00737	0.00576	0.00500	0.00144	0.00924	0.00373	0.00322	0.00678
232	0.01093	0.02820	0.78016	0.01554	0.02360	0.01266	0.02014	0.01727	0.01151	0.01727	0.00978	0.01151	0.00691	0.00518	0.00518	0.00173	0.00806	0.00403	0.00230	0.00806
233	0.84691	0.01054	0.00801	0.00717	0.01054	0.01223	0.00590	0.01603	0.00928	0.02446	0.00759	0.00886	0.00590	0.00506	0.00337	0.00169	0.00422	0.00295	0.00337	0.00590
234	0.00792	0.00533	0.00618	0.00618	0.00626	0.00541	0.00359	0.00808	0.00800	0.01074	0.01696	0.03450	0.01931	0.74483	0.09062	0.00557	0.00606	0.00776	0.00327	0.00343
235	0.00664	0.00474	0.00633	0.00759	0.00791	0.00443	0.00506	0.00759	0.01044	0.01392	0.03005	0.80485	0.03606	0.01708	0.00696	0.00221	0.00316	0.01550	0.00506	0.00443
236	0.02072	0.01527	0.01636	0.01254	0.01691	0.01691	0.01036	0.75622	0.02563	0.03436	0.01309	0.01309	0.00927	0.00654	0.00545	0.00164	0.00600	0.00491	0.00545	0.00927
237	0.01130	0.00969	0.01130	0.00807	0.01292	0.00727	0.00646	0.01373	0.01130	0.01776	0.00969	0.01130	0.00807	0.00404	0.00404	0.00081	0.00404	0.00323	0.00323	0.84173
238	0.00787	0.00550	0.00705	0.00705	0.00744	0.00589	0.00468	0.00864	0.00826	0.01139	0.01617	0.03007	0.01739	0.50664	0.32619	0.00665	0.00895	0.00711	0.00315	0.00392
239	0.01193	0.01193	0.01670	0.01431	0.01431	0.01670	0.01193	0.01312	0.00835	0.01312	0.00716	0.01193	0.00716	0.00954	0.01789	0.00239	0.79843	0.00477	0.00239	0.00596
240	0.01130	0.00969	0.01130	0.00807	0.01292	0.00727	0.00646	0.01373	0.01130	0.01776	0.00969	0.01130	0.00807	0.00404	0.00404	0.00081	0.00404	0.00323	0.00323	0.84173
241	0.01030	0.00969	0.01635	0.79530	0.03755	0.01211	0.01514	0.01393	0.01090	0.01393	0.00969	0.01453	0.00727	0.00545	0.00545	0.00182	0.00727	0.00484	0.00242	0.00606
