[name]
unknown

[dist]
# distance from previous block
# <min> <max>
21	109

[block]
# block no. 0 follows, 46 sequences, length 8
# corresponding to MSA columns:
# 120-127
name=unknown_A
#
# <colnr> <probs for GDERKNQSTAVLIFYWHMCP>
#	G	D	E	R	K	N	Q	S	T	A	V	L	I	F	Y	W	H	M	C	P
0	0.01259	0.00973	0.01237	0.04666	0.01367	0.01064	0.05841	0.19919	0.05421	0.04358	0.03255	0.06917	0.13380	0.00845	0.00699	0.00173	0.11217	0.01814	0.13175	0.02421
1	0.01569	0.01321	0.01343	0.12132	0.01745	0.12732	0.00960	0.17513	0.28528	0.09175	0.01644	0.06293	0.01287	0.00699	0.00533	0.00169	0.00567	0.00565	0.00463	0.00763
2	0.01217	0.00961	0.01493	0.25716	0.25660	0.01028	0.01171	0.05875	0.01183	0.08655	0.01361	0.08648	0.01235	0.12527	0.00858	0.00221	0.00587	0.00610	0.00334	0.00659
3	0.00740	0.00614	0.00984	0.00935	0.01058	0.00570	0.11623	0.00899	0.01099	0.01466	0.08657	0.57700	0.08754	0.01410	0.00660	0.00203	0.00385	0.01302	0.00465	0.00478
4	0.01035	0.00885	0.01255	0.12676	0.01526	0.01039	0.04301	0.09042	0.01234	0.01721	0.20410	0.10563	0.02192	0.06706	0.02674	0.00228	0.20831	0.00730	0.00387	0.00563
5	0.01251	0.00650	0.00843	0.00742	0.00959	0.00576	0.00575	0.01455	0.01418	0.26844	0.36221	0.09867	0.14391	0.01028	0.00598	0.00171	0.00322	0.00887	0.00585	0.00616
6	0.01751	0.01181	0.01429	0.14521	0.01856	0.01240	0.00977	0.35299	0.04477	0.17664	0.01358	0.01398	0.00956	0.00588	0.00509	0.00152	0.00543	0.00466	0.00472	0.13165
7	0.01721	0.01255	0.01479	0.14725	0.01897	0.01368	0.01017	0.46110	0.04660	0.08596	0.01281	0.01366	0.00924	0.00689	0.02655	0.00174	0.00592	0.00471	0.00462	0.08560

[dist]
# distance from previous block
# <min> <max>
2	22

[block]
# block no. 1 follows, 46 sequences, length 47
# corresponding to MSA columns:
# 150-196
name=unknown_B
#
# <colnr> <probs for GDERKNQSTAVLIFYWHMCP>
#	G	D	E	R	K	N	Q	S	T	A	V	L	I	F	Y	W	H	M	C	P
0	0.04022	0.01284	0.03595	0.03143	0.05946	0.01327	0.02864	0.32296	0.20169	0.12223	0.01513	0.01490	0.01091	0.00617	0.00518	0.00160	0.00527	0.00498	0.00490	0.06224
1	0.05539	0.03281	0.06043	0.05056	0.23589	0.01249	0.04393	0.17295	0.07689	0.12012	0.01262	0.01366	0.00937	0.00546	0.00505	0.00155	0.00570	0.00466	0.00394	0.07651
2	0.07072	0.01342	0.05659	0.01925	0.30402	0.07455	0.05125	0.07242	0.02975	0.10368	0.01166	0.01392	0.00915	0.00529	0.00499	0.00150	0.00597	0.02197	0.00347	0.12643
3	0.07048	0.01136	0.08409	0.01021	0.05010	0.00882	0.00846	0.04215	0.04763	0.18830	0.03152	0.01365	0.01024	0.00511	0.00452	0.00124	0.00457	0.00409	0.00403	0.39944
4	0.07089	0.05970	0.10433	0.01619	0.18131	0.18915	0.01163	0.07464	0.16181	0.03444	0.03735	0.01376	0.01060	0.00576	0.00494	0.00157	0.00641	0.00452	0.00354	0.00749
5	0.05428	0.01784	0.29753	0.01779	0.12567	0.01228	0.19490	0.05694	0.04488	0.10922	0.01176	0.01330	0.00847	0.00518	0.00532	0.00168	0.00704	0.00483	0.00324	0.00785
6	0.01060	0.02735	0.78682	0.01507	0.02288	0.01228	0.01953	0.01674	0.01116	0.01674	0.00949	0.01116	0.00670	0.00502	0.00502	0.00167	0.00781	0.00391	0.00223	0.00781
7	0.01310	0.01104	0.01252	0.10672	0.01639	0.01279	0.00913	0.07059	0.56357	0.03817	0.02040	0.01963	0.04579	0.00719	0.00573	0.00179	0.02672	0.00591	0.00493	0.00788
8	0.00680	0.00538	0.00612	0.00594	0.00748	0.00470	0.00445	0.00866	0.01336	0.01739	0.37883	0.04577	0.45187	0.01223	0.00624	0.00173	0.00260	0.01044	0.00532	0.00470
9	0.00767	0.00519	0.00608	0.00608	0.00619	0.00530	0.00360	0.00789	0.00778	0.01048	0.01637	0.03300	0.01853	0.72478	0.11539	0.00551	0.00617	0.00745	0.00316	0.00338
10	0.00769	0.00513	0.00577	0.00577	0.00577	0.00513	0.00320	0.00769	0.00769	0.01025	0.01666	0.03460	0.01922	0.81421	0.02691	0.00513	0.00513	0.00769	0.00320	0.00320
11	0.01413	0.81739	0.02770	0.00905	0.01357	0.02092	0.00905	0.01583	0.01074	0.01244	0.00735	0.00848	0.00678	0.00452	0.00339	0.00113	0.00565	0.00283	0.00226	0.00678
12	0.85155	0.01022	0.00777	0.00695	0.01022	0.01186	0.00573	0.01554	0.00900	0.02372	0.00736	0.00859	0.00573	0.00491	0.00327	0.00164	0.00409	0.00286	0.00327	0.00573
13	0.85155	0.01022	0.00777	0.00695	0.01022	0.01186	0.00573	0.01554	0.00900	0.02372	0.00736	0.00859	0.00573	0.00491	0.00327	0.00164	0.00409	0.00286	0.00327	0.00573
14	0.02372	0.00900	0.01227	0.00941	0.01350	0.00777	0.00777	0.02576	0.01513	0.78489	0.02086	0.01799	0.01309	0.00654	0.00532	0.00164	0.00450	0.00532	0.00654	0.00900
15	0.01157	0.01157	0.01619	0.01388	0.01388	0.01619	0.01157	0.01272	0.00810	0.01272	0.00694	0.01157	0.00694	0.00925	0.01735	0.00231	0.80453	0.00463	0.00231	0.00578
16	0.00755	0.00566	0.00850	0.00850	0.00944	0.00661	0.00661	0.00944	0.00850	0.01227	0.01416	0.02077	0.01322	0.03965	0.79326	0.00850	0.01416	0.00566	0.00283	0.00472
17	0.85155	0.01022	0.00777	0.00695	0.01022	0.01186	0.00573	0.01554	0.00900	0.02372	0.00736	0.00859	0.00573	0.00491	0.00327	0.00164	0.00409	0.00286	0.00327	0.00573
18	0.01413	0.81739	0.02770	0.00905	0.01357	0.02092	0.00905	0.01583	0.01074	0.01244	0.00735	0.00848	0.00678	0.00452	0.00339	0.00113	0.00565	0.00283	0.00226	0.00678
19	0.00644	0.00460	0.00613	0.00736	0.00767	0.00429	0.00491	0.00736	0.01012	0.01350	0.02914	0.81076	0.03497	0.01656	0.00675	0.00215	0.00307	0.01503	0.00491	0.00429
20	0.01106	0.00601	0.00788	0.00748	0.00915	0.00539	0.00557	0.01277	0.01301	0.20849	0.25742	0.31304	0.09755	0.01204	0.00619	0.00184	0.00322	0.01061	0.00559	0.00569
21	0.02214	0.00933	0.01222	0.00956	0.01348	0.00852	0.00783	0.04694	0.09432	0.66614	0.03805	0.01851	0.01413	0.00670	0.00534	0.00165	0.00446	0.00547	0.00637	0.00884
22	0.01975	0.02520	0.01498	0.01362	0.01634	0.79299	0.01021	0.02111	0.01498	0.01294	0.00817	0.00953	0.00681	0.00545	0.00477	0.00136	0.00953	0.00340	0.00272	0.00613
23	0.00644	0.00460	0.00613	0.00736	0.00767	0.00429	0.00491	0.00736	0.01012	0.01350	0.02914	0.81076	0.03497	0.01656	0.00675	0.00215	0.00307	0.01503	0.00491	0.00429
24	0.00751	0.00506	0.00654	0.00712	0.00796	0.00462	0.00497	0.00883	0.01148	0.05543	0.16752	0.54500	0.11888	0.01464	0.00652	0.00199	0.00299	0.01310	0.00516	0.00469
25	0.00644	0.00460	0.00613	0.00736	0.00767	0.00429	0.00491	0.00736	0.01012	0.01350	0.02914	0.81076	0.03497	0.01656	0.00675	0.00215	0.00307	0.01503	0.00491	0.00429
26	0.85155	0.01022	0.00777	0.00695	0.01022	0.01186	0.00573	0.01554	0.00900	0.02372	0.00736	0.00859	0.00573	0.00491	0.00327	0.00164	0.00409	0.00286	0.00327	0.00573
27	0.00733	0.00498	0.00587	0.00622	0.00631	0.00489	0.00369	0.00759	0.00838	0.01118	0.02022	0.25595	0.02371	0.58673	0.02116	0.00428	0.00454	0.00978	0.00369	0.00351
28	0.01315	0.01136	0.01195	0.01076	0.01375	0.01315	0.00837	0.02809	0.77168	0.02211	0.02152	0.01972	0.01614	0.00717	0.00538	0.00179	0.00418	0.00598	0.00538	0.00837
29	0.00642	0.00469	0.00604	0.00713	0.00761	0.00431	0.00480	0.00739	0.01034	0.01359	0.03196	0.72303	0.12088	0.01620	0.00669	0.00211	0.00302	0.01458	0.00491	0.00431
30	0.00673	0.00477	0.00621	0.00708	0.00747	0.00448	0.00471	0.00774	0.01046	0.01410	0.12485	0.61704	0.03500	0.11205	0.00911	0.00244	0.00324	0.01343	0.00482	0.00425
31	0.00918	0.00459	0.00689	0.00689	0.00689	0.00459	0.00459	0.00689	0.00689	0.00918	0.00918	0.01607	0.00918	0.01837	0.02066	0.84619	0.00459	0.00459	0.00230	0.00230
32	0.00665	0.00476	0.00637	0.00754	0.00796	0.00447	0.00522	0.00776	0.01046	0.01395	0.05388	0.72029	0.03507	0.01620	0.00678	0.00216	0.00320	0.07797	0.00493	0.00437
33	0.01096	0.00940	0.01096	0.00783	0.01253	0.00705	0.00626	0.01331	0.01096	0.01723	0.00940	0.01096	0.00783	0.00392	0.00392	0.00078	0.00392	0.00313	0.00313	0.84653
34	0.00644	0.00460	0.00613	0.00736	0.00767	0.00429	0.00491	0.00736	0.01012	0.01350	0.02914	0.81076	0.03497	0.01656	0.00675	0.00215	0.00307	0.01503	0.00491	0.00429
35	0.01315	0.01136	0.01195	0.01076	0.01375	0.01315	0.00837	0.02809	0.77168	0.02211	0.02152	0.01972	0.01614	0.00717	0.00538	0.00179	0.00418	0.00598	0.00538	0.00837
36	0.00643	0.00466	0.00608	0.00721	0.00763	0.00431	0.00484	0.00738	0.01026	0.01355	0.03092	0.75519	0.08938	0.01633	0.00671	0.00212	0.00304	0.01475	0.00491	0.00431
37	0.02372	0.00900	0.01227	0.00941	0.01350	0.00777	0.00777	0.02576	0.01513	0.78489	0.02086	0.01799	0.01309	0.00654	0.00532	0.00164	0.00450	0.00532	0.00654	0.00900
38	0.02346	0.00940	0.01252	0.00960	0.01370	0.00838	0.00793	0.07755	0.01581	0.73214	0.02028	0.01762	0.01280	0.00653	0.00531	0.00163	0.00459	0.00528	0.00646	0.00900
39	0.00796	0.00551	0.00722	0.00673	0.00806	0.00507	0.00507	0.01044	0.01497	0.04384	0.75598	0.03885	0.04879	0.01068	0.00621	0.00166	0.00255	0.00943	0.00584	0.00511
40	0.01660	0.01211	0.01312	0.01051	0.01360	0.01324	0.00828	0.55590	0.02031	0.02720	0.01463	0.07163	0.01287	0.17392	0.00985	0.00236	0.00549	0.00606	0.00483	0.00747
41	0.00998	0.00940	0.01586	0.80150	0.03641	0.01175	0.01468	0.01351	0.01057	0.01351	0.00940	0.01409	0.00705	0.00529	0.00529	0.00176	0.00705	0.00470	0.00235	0.00587
42	0.06402	0.00906	0.01205	0.00929	0.01334	0.00797	0.00767	0.02527	0.01483	0.74784	0.02020	0.01754	0.01273	0.00646	0.00522	0.00164	0.00448	0.00520	0.00638	0.00884
43	0.00760	0.00512	0.00594	0.00612	0.00621	0.00509	0.00363	0.00781	0.00815	0.01084	0.01844	0.11250	0.02132	0.69666	0.02397	0.00470	0.00491	0.04416	0.00345	0.00339
44	0.00910	0.00807	0.00798	0.00786	0.00874	0.11369	0.00553	0.01013	0.00950	0.01187	0.01859	0.06761	0.08510	0.31507	0.29257	0.00535	0.00860	0.00707	0.00325	0.00431
45	0.00644	0.00460	0.00613	0.00736	0.00767	0.00429	0.00491	0.00736	0.01012	0.01350	0.02914	0.81076	0.03497	0.01656	0.00675	0.00215	0.00307	0.01503	0.00491	0.00429
46	0.00998	0.00940	0.01586	0.80150	0.03641	0.01175	0.01468	0.01351	0.01057	0.01351	0.00940	0.01409	0.00705	0.00529	0.00529	0.00176	0.00705	0.00470	0.00235	0.00587

[dist]
# distance from previous block
# <min> <max>
0	2

[block]
# block no. 2 follows, 46 sequences, length 71
# corresponding to MSA columns:
# 199-269
name=unknown_C
#
# <colnr> <probs for GDERKNQSTAVLIFYWHMCP>
#	G	D	E	R	K	N	Q	S	T	A	V	L	I	F	Y	W	H	M	C	P
0	0.00769	0.00513	0.00577	0.00577	0.00577	0.00513	0.00320	0.00769	0.00769	0.01025	0.01666	0.03460	0.01922	0.81421	0.02691	0.00513	0.00513	0.00769	0.00320	0.00320
1	0.01335	0.01145	0.01207	0.01080	0.01382	0.01324	0.00842	0.04901	0.75045	0.02243	0.02127	0.01952	0.01593	0.00715	0.00538	0.00179	0.00423	0.00594	0.00538	0.00839
2	0.01918	0.08776	0.01608	0.01296	0.01606	0.59443	0.01005	0.13264	0.03437	0.01619	0.00911	0.01017	0.00736	0.00555	0.00475	0.00139	0.00853	0.00362	0.00314	0.00667
3	0.00772	0.00629	0.00951	0.22825	0.05038	0.00673	0.00812	0.00946	0.01033	0.01367	0.02281	0.55446	0.02604	0.01291	0.00627	0.00201	0.00431	0.01171	0.00410	0.00491
4	0.00998	0.00940	0.01586	0.80150	0.03641	0.01175	0.01468	0.01351	0.01057	0.01351	0.00940	0.01409	0.00705	0.00529	0.00529	0.00176	0.00705	0.00470	0.00235	0.00587
5	0.00748	0.00540	0.00707	0.00665	0.00790	0.00499	0.00499	0.00998	0.01496	0.02120	0.77844	0.03949	0.04988	0.01081	0.00624	0.00166	0.00249	0.00956	0.00582	0.00499
6	0.01353	0.01155	0.01217	0.01084	0.01389	0.01333	0.00846	0.06888	0.73027	0.02274	0.02103	0.01933	0.01574	0.00713	0.00537	0.00178	0.00427	0.00591	0.00537	0.00840
7	0.00748	0.00540	0.00707	0.00665	0.00790	0.00499	0.00499	0.00998	0.01496	0.02120	0.77844	0.03949	0.04988	0.01081	0.00624	0.00166	0.00249	0.00956	0.00582	0.00499
8	0.00646	0.00536	0.00565	0.00558	0.00727	0.00455	0.00418	0.00800	0.01255	0.01547	0.17770	0.04893	0.65420	0.01295	0.00625	0.00176	0.00265	0.01088	0.00507	0.00455
9	0.02010	0.01481	0.01587	0.01216	0.01639	0.01639	0.01005	0.76360	0.02486	0.03332	0.01269	0.01269	0.00899	0.00635	0.00529	0.00159	0.00582	0.00476	0.00529	0.00899
10	0.85155	0.01022	0.00777	0.00695	0.01022	0.01186	0.00573	0.01554	0.00900	0.02372	0.00736	0.00859	0.00573	0.00491	0.00327	0.00164	0.00409	0.00286	0.00327	0.00573
11	0.00666	0.00466	0.00612	0.00718	0.00744	0.00439	0.00472	0.00738	0.00976	0.01302	0.02719	0.70393	0.03250	0.10080	0.00931	0.02892	0.00333	0.01393	0.00465	0.00412
12	0.01504	0.01195	0.01277	0.01098	0.01428	0.01357	0.00868	0.17790	0.58547	0.05867	0.01969	0.01821	0.01454	0.00698	0.00536	0.00174	0.00453	0.00570	0.00541	0.00852
13	0.85155	0.01022	0.00777	0.00695	0.01022	0.01186	0.00573	0.01554	0.00900	0.02372	0.00736	0.00859	0.00573	0.00491	0.00327	0.00164	0.00409	0.00286	0.00327	0.00573
14	0.01344	0.08577	0.21394	0.01791	0.02361	0.03220	0.42366	0.01776	0.01233	0.09145	0.01104	0.01326	0.00806	0.00483	0.00557	0.00168	0.00795	0.00522	0.00291	0.00743
15	0.01387	0.75827	0.08450	0.00950	0.01427	0.02027	0.00983	0.01590	0.01077	0.01276	0.00751	0.00868	0.00678	0.00456	0.00351	0.00117	0.00582	0.00291	0.00226	0.00686
16	0.00998	0.00940	0.01586	0.80150	0.03641	0.01175	0.01468	0.01351	0.01057	0.01351	0.00940	0.01409	0.00705	0.00529	0.00529	0.00176	0.00705	0.00470	0.00235	0.00587
17	0.01875	0.01414	0.01511	0.01189	0.01588	0.01576	0.00972	0.62080	0.16986	0.03114	0.01441	0.01406	0.01038	0.00651	0.00531	0.00163	0.00550	0.00500	0.00531	0.00887
18	0.01413	0.81739	0.02770	0.00905	0.01357	0.02092	0.00905	0.01583	0.01074	0.01244	0.00735	0.00848	0.00678	0.00452	0.00339	0.00113	0.00565	0.00283	0.00226	0.00678
19	0.00769	0.00513	0.00577	0.00577	0.00577	0.00513	0.00320	0.00769	0.00769	0.01025	0.01666	0.03460	0.01922	0.81421	0.02691	0.00513	0.00513	0.00769	0.00320	0.00320
20	0.06020	0.01348	0.04214	0.01076	0.01521	0.01334	0.00909	0.48365	0.01957	0.02763	0.01136	0.01193	0.00841	0.00553	0.00478	0.00136	0.00526	0.00417	0.00446	0.24766
21	0.00755	0.00566	0.00850	0.00850	0.00944	0.00661	0.00661	0.00944	0.00850	0.01227	0.01416	0.02077	0.01322	0.03965	0.79326	0.00850	0.01416	0.00566	0.00283	0.00472
22	0.01606	0.02847	0.03437	0.02280	0.41766	0.05591	0.01339	0.27412	0.02989	0.03945	0.01118	0.01286	0.00868	0.00540	0.00519	0.00156	0.00624	0.00464	0.00366	0.00844
23	0.01140	0.00757	0.00926	0.00798	0.01006	0.00748	0.00623	0.15960	0.01692	0.09120	0.56076	0.03232	0.03858	0.00955	0.00597	0.00165	0.00333	0.00824	0.00578	0.00613
24	0.00670	0.00537	0.00598	0.00583	0.00742	0.00466	0.00437	0.00847	0.01312	0.01683	0.32019	0.04669	0.51086	0.01244	0.00624	0.00174	0.00261	0.01057	0.00524	0.00466
25	0.01358	0.01260	0.03440	0.04955	0.58312	0.01251	0.04934	0.03633	0.08669	0.05250	0.01164	0.01399	0.00928	0.00508	0.00530	0.00161	0.00616	0.00492	0.00312	0.00828
26	0.01494	0.67113	0.04708	0.00978	0.01427	0.06477	0.00950	0.08923	0.01238	0.01463	0.00798	0.00903	0.00700	0.00477	0.00370	0.00120	0.00595	0.00308	0.00258	0.00699
27	0.00748	0.00540	0.00707	0.00665	0.00790	0.00499	0.00499	0.00998	0.01496	0.02120	0.77844	0.03949	0.04988	0.01081	0.00624	0.00166	0.00249	0.00956	0.00582	0.00499
28	0.01177	0.01281	0.02691	0.02061	0.07511	0.01205	0.59813	0.01584	0.01282	0.01760	0.12623	0.01798	0.01435	0.00543	0.00617	0.00175	0.00777	0.00664	0.00314	0.00689
29	0.00821	0.00557	0.00730	0.00677	0.00815	0.00511	0.00511	0.01069	0.01497	0.05551	0.74440	0.03852	0.04823	0.01062	0.00619	0.00166	0.00258	0.00937	0.00585	0.00517
30	0.00748	0.00540	0.00707	0.00665	0.00790	0.00499	0.00499	0.00998	0.01496	0.02120	0.77844	0.03949	0.04988	0.01081	0.00624	0.00166	0.00249	0.00956	0.00582	0.00499
31	0.01096	0.00940	0.01096	0.00783	0.01253	0.00705	0.00626	0.01331	0.01096	0.01723	0.00940	0.01096	0.00783	0.00392	0.00392	0.00078	0.00392	0.00313	0.00313	0.84653
32	0.00998	0.00940	0.01586	0.80150	0.03641	0.01175	0.01468	0.01351	0.01057	0.01351	0.00940	0.01409	0.00705	0.00529	0.00529	0.00176	0.00705	0.00470	0.00235	0.00587
33	0.00760	0.00509	0.00579	0.00587	0.00589	0.00507	0.00332	0.00767	0.00785	0.01047	0.01749	0.08657	0.02027	0.76080	0.02556	0.00493	0.00499	0.00818	0.00332	0.00328
34	0.00631	0.00533	0.00546	0.00549	0.00719	0.00448	0.00409	0.00769	0.01211	0.01456	0.08492	0.07806	0.71952	0.01339	0.00627	0.00179	0.00268	0.01123	0.00495	0.00448
35	0.85155	0.01022	0.00777	0.00695	0.01022	0.01186	0.00573	0.01554	0.00900	0.02372	0.00736	0.00859	0.00573	0.00491	0.00327	0.00164	0.00409	0.00286	0.00327	0.00573
36	0.01071	0.05211	0.76302	0.01488	0.02259	0.01255	0.01920	0.01671	0.01115	0.01661	0.00942	0.01108	0.00670	0.00501	0.00497	0.00166	0.00775	0.00387	0.00223	0.00778
37	0.00918	0.00459	0.00689	0.00689	0.00689	0.00459	0.00459	0.00689	0.00689	0.00918	0.00918	0.01607	0.00918	0.01837	0.02066	0.84619	0.00459	0.00459	0.00230	0.00230
38	0.85155	0.01022	0.00777	0.00695	0.01022	0.01186	0.00573	0.01554	0.00900	0.02372	0.00736	0.00859	0.00573	0.00491	0.00327	0.00164	0.00409	0.00286	0.00327	0.00573
39	0.01413	0.81739	0.02770	0.00905	0.01357	0.02092	0.00905	0.01583	0.01074	0.01244	0.00735	0.00848	0.00678	0.00452	0.00339	0.00113	0.00565	0.00283	0.00226	0.00678
40	0.00658	0.00532	0.00586	0.00583	0.00737	0.00459	0.00433	0.00819	0.01268	0.01603	0.24072	0.10038	0.53773	0.01294	0.00628	0.00178	0.00266	0.01101	0.00515	0.00459
41	0.00684	0.00538	0.00618	0.00598	0.00751	0.00472	0.00449	0.00874	0.01346	0.01762	0.40326	0.04538	0.42730	0.01214	0.00624	0.00173	0.00259	0.01039	0.00535	0.00472
42	0.00625	0.00536	0.00536	0.00536	0.00714	0.00446	0.00402	0.00759	0.01205	0.01428	0.05355	0.05088	0.77909	0.01339	0.00625	0.00179	0.00268	0.01116	0.00491	0.00446
43	0.01315	0.01136	0.01195	0.01076	0.01375	0.01315	0.00837	0.02809	0.77168	0.02211	0.02152	0.01972	0.01614	0.00717	0.00538	0.00179	0.00418	0.00598	0.00538	0.00837
44	0.00644	0.00460	0.00613	0.00736	0.00767	0.00429	0.00491	0.00736	0.01012	0.01350	0.02914	0.81076	0.03497	0.01656	0.00675	0.00215	0.00307	0.01503	0.00491	0.00429
45	0.01269	0.01227	0.01988	0.16579	0.56542	0.03150	0.03033	0.01666	0.06213	0.01682	0.01059	0.01364	0.00861	0.00499	0.00526	0.00162	0.00641	0.00479	0.00276	0.00785
46	0.01413	0.81739	0.02770	0.00905	0.01357	0.02092	0.00905	0.01583	0.01074	0.01244	0.00735	0.00848	0.00678	0.00452	0.00339	0.00113	0.00565	0.00283	0.00226	0.00678
47	0.85155	0.01022	0.00777	0.00695	0.01022	0.01186	0.00573	0.01554	0.00900	0.02372	0.00736	0.00859	0.00573	0.00491	0.00327	0.00164	0.00409	0.00286	0.00327	0.00573
48	0.01315	0.01136	0.01195	0.01076	0.01375	0.01315	0.00837	0.02809	0.77168	0.02211	0.02152	0.01972	0.01614	0.00717	0.00538	0.00179	0.00418	0.00598	0.00538	0.00837
49	0.01249	0.01181	0.01994	0.02973	0.69969	0.01176	0.01504	0.01557	0.01235	0.01769	0.09098	0.01587	0.01275	0.00535	0.00534	0.00158	0.00588	0.00522	0.00295	0.00802
50	0.00745	0.00540	0.00702	0.00661	0.00788	0.00497	0.00496	0.00991	0.01488	0.02100	0.75730	0.03982	0.07115	0.01088	0.00624	0.00167	0.00250	0.00961	0.00579	0.00497
51	0.01413	0.81739	0.02770	0.00905	0.01357	0.02092	0.00905	0.01583	0.01074	0.01244	0.00735	0.00848	0.00678	0.00452	0.00339	0.00113	0.00565	0.00283	0.00226	0.00678
52	0.00643	0.00463	0.00610	0.00727	0.00764	0.00430	0.00487	0.00737	0.01021	0.01353	0.03020	0.77762	0.06741	0.01642	0.00673	0.00213	0.00305	0.01486	0.00491	0.00430
53	0.00989	0.00926	0.01559	0.77955	0.03562	0.01154	0.01441	0.01334	0.01056	0.01351	0.00994	0.03612	0.00782	0.00560	0.00533	0.00177	0.00694	0.00498	0.00242	0.00583
54	0.02010	0.01481	0.01587	0.01216	0.01639	0.01639	0.01005	0.76360	0.02486	0.03332	0.01269	0.01269	0.00899	0.00635	0.00529	0.00159	0.00582	0.00476	0.00529	0.00899
55	0.00748	0.00540	0.00707	0.00665	0.00790	0.00499	0.00499	0.00998	0.01496	0.02120	0.77844	0.03949	0.04988	0.01081	0.00624	0.00166	0.00249	0.00956	0.00582	0.00499
56	0.01096	0.00940	0.01096	0.00783	0.01253	0.00705	0.00626	0.01331	0.01096	0.01723	0.00940	0.01096	0.00783	0.00392	0.00392	0.00078	0.00392	0.00313	0.00313	0.84653
57	0.01216	0.01155	0.01962	0.21976	0.57095	0.01213	0.01557	0.01537	0.01168	0.01630	0.01047	0.01503	0.00885	0.00521	0.00532	0.00165	0.00642	0.03171	0.00263	0.00763
58	0.00769	0.00513	0.00577	0.00577	0.00577	0.00513	0.00320	0.00769	0.00769	0.01025	0.01666	0.03460	0.01922	0.81421	0.02691	0.00513	0.00513	0.00769	0.00320	0.00320
59	0.00998	0.00940	0.01586	0.80150	0.03641	0.01175	0.01468	0.01351	0.01057	0.01351	0.00940	0.01409	0.00705	0.00529	0.00529	0.00176	0.00705	0.00470	0.00235	0.00587
60	0.01065	0.04864	0.71701	0.01480	0.02219	0.01227	0.03280	0.01647	0.01122	0.01658	0.01026	0.01326	0.00776	0.00542	0.00510	0.00169	0.00764	0.03626	0.00236	0.00764
61	0.00652	0.00537	0.00573	0.00564	0.00731	0.00458	0.00423	0.00811	0.01269	0.01579	0.21197	0.04839	0.61973	0.01282	0.00625	0.00176	0.00264	0.01081	0.00511	0.00458
62	0.02356	0.00925	0.01243	0.00953	0.01362	0.00815	0.00787	0.05794	0.01556	0.75212	0.02050	0.01776	0.01291	0.00653	0.00532	0.00163	0.00456	0.00529	0.00649	0.00900
63	0.01355	0.29137	0.02387	0.02361	0.47260	0.03019	0.04191	0.01621	0.01166	0.01550	0.00904	0.01147	0.00778	0.00465	0.00463	0.00142	0.00622	0.00409	0.00250	0.00773
64	0.00755	0.00566	0.00850	0.00850	0.00944	0.00661	0.00661	0.00944	0.00850	0.01227	0.01416	0.02077	0.01322	0.03965	0.79326	0.00850	0.01416	0.00566	0.00283	0.00472
65	0.01012	0.00519	0.00521	0.00512	0.00643	0.00523	0.00386	0.03196	0.01145	0.02007	0.01713	0.01953	0.01343	0.00616	0.00374	0.00124	0.00255	0.00492	0.82164	0.00503
66	0.00705	0.00541	0.00776	0.13736	0.01238	0.00554	0.00651	0.00845	0.01035	0.01374	0.04940	0.65614	0.03086	0.01454	0.00649	0.00207	0.00370	0.01317	0.00452	0.00457
67	0.01758	0.03363	0.03235	0.01188	0.05482	0.01328	0.00921	0.47447	0.01956	0.11236	0.01448	0.05076	0.01175	0.10986	0.00806	0.00206	0.00553	0.00557	0.00486	0.00793
68	0.00852	0.00615	0.00867	0.03158	0.01159	0.00621	0.00862	0.01095	0.01208	0.01571	0.02750	0.07333	0.02987	0.01439	0.00724	0.00241	0.00489	0.71061	0.00480	0.00488
69	0.02182	0.00908	0.01224	0.01003	0.03561	0.00815	0.00791	0.02483	0.06866	0.66887	0.05984	0.01909	0.01507	0.00676	0.00537	0.00165	0.00442	0.00557	0.00631	0.00873
70	0.04622	0.35020	0.22567	0.01299	0.06491	0.01526	0.06361	0.01766	0.01165	0.13092	0.01034	0.01131	0.00785	0.00498	0.00442	0.00144	0.00626	0.00384	0.00299	0.00747

[dist]
# distance from previous block
# <min> <max>
3	75

# created by:
# /st0/software/busco_prod/Augustus/scripts/msa2prfl.pl ./align_prep/203343.fa
