[name]
unknown

[dist]
# distance from previous block
# <min> <max>
0	19

[block]
# block no. 0 follows, 46 sequences, length 27
# corresponding to MSA columns:
# 19-45
name=unknown_A
#
# <colnr> <probs for GDERKNQSTAVLIFYWHMCP>
#	G	D	E	R	K	N	Q	S	T	A	V	L	I	F	Y	W	H	M	C	P
0	0.15651	0.06929	0.01423	0.05319	0.01527	0.02928	0.00893	0.43121	0.01859	0.05667	0.01216	0.01352	0.00912	0.00609	0.00474	0.00156	0.00534	0.02122	0.06540	0.00768
1	0.13729	0.03766	0.01468	0.01117	0.01513	0.03977	0.00922	0.57564	0.04139	0.03010	0.01198	0.01224	0.00869	0.00608	0.00490	0.00157	0.00556	0.00443	0.02424	0.00826
2	0.07501	0.07495	0.01622	0.01158	0.01577	0.01643	0.00968	0.65748	0.02274	0.03111	0.01193	0.01210	0.00861	0.00611	0.00501	0.00156	0.00569	0.00449	0.00493	0.00861
3	0.07798	0.08812	0.04417	0.01162	0.01593	0.01634	0.00999	0.61561	0.02195	0.03014	0.01171	0.01196	0.00848	0.00603	0.00496	0.00155	0.00575	0.00442	0.00476	0.00852
4	0.27910	0.05098	0.20354	0.01110	0.01593	0.01415	0.01098	0.31229	0.01589	0.02532	0.01000	0.01084	0.00730	0.00549	0.00451	0.00160	0.00576	0.00387	0.00377	0.00758
5	0.03351	0.24363	0.45367	0.01281	0.01912	0.01521	0.01501	0.11738	0.01284	0.01796	0.00928	0.01056	0.00701	0.00506	0.00456	0.00151	0.00685	0.00370	0.00268	0.00764
6	0.03304	0.17744	0.60195	0.01390	0.02090	0.01395	0.03661	0.01654	0.01106	0.01611	0.00906	0.01066	0.00672	0.00491	0.00470	0.00157	0.00733	0.00373	0.00228	0.00754
7	0.01347	0.66978	0.16953	0.01017	0.01531	0.01930	0.01100	0.01600	0.01082	0.01324	0.00775	0.00898	0.00677	0.00462	0.00370	0.00123	0.00606	0.00303	0.00226	0.00698
8	0.64061	0.01188	0.10836	0.00811	0.01172	0.01110	0.00750	0.01526	0.00957	0.04513	0.01003	0.08236	0.00874	0.00604	0.00388	0.00169	0.00449	0.00418	0.00339	0.00596
9	0.07348	0.68466	0.02492	0.00908	0.01343	0.05998	0.00875	0.01598	0.01085	0.01346	0.00748	0.00865	0.00676	0.00457	0.00348	0.00116	0.00567	0.00287	0.00239	0.04236
10	0.02082	0.01039	0.04959	0.00975	0.01401	0.00874	0.00834	0.06256	0.06848	0.57462	0.01873	0.01678	0.01223	0.00623	0.00516	0.00156	0.00464	0.00504	0.00583	0.09649
11	0.01536	0.11014	0.30633	0.01531	0.11437	0.05536	0.04989	0.03503	0.02565	0.20409	0.01233	0.01300	0.00876	0.00536	0.00499	0.00158	0.00661	0.00437	0.00350	0.00796
12	0.00954	0.00532	0.00822	0.00922	0.07750	0.00532	0.00565	0.00774	0.00736	0.00992	0.00925	0.01580	0.00911	0.01712	0.01925	0.76917	0.00475	0.00460	0.00232	0.00285
13	0.01129	0.01062	0.01791	0.32482	0.42531	0.01149	0.01460	0.01438	0.01130	0.01548	0.01148	0.08621	0.01029	0.00601	0.00539	0.00170	0.00628	0.00565	0.00272	0.00704
14	0.02241	0.01003	0.04583	0.01128	0.06816	0.00830	0.00887	0.02471	0.01474	0.69800	0.01960	0.01736	0.01248	0.00635	0.00530	0.00163	0.00477	0.00521	0.00608	0.00890
15	0.05836	0.00908	0.01233	0.06529	0.01497	0.00823	0.00817	0.02446	0.01454	0.69762	0.01947	0.01731	0.01234	0.00638	0.00523	0.00164	0.00466	0.00517	0.00611	0.00864
16	0.00632	0.00529	0.00550	0.00559	0.00722	0.00447	0.00414	0.00767	0.01200	0.01450	0.08213	0.11969	0.68024	0.01357	0.00629	0.00181	0.00271	0.01144	0.00495	0.00447
17	0.01458	0.28705	0.13916	0.08525	0.03133	0.21966	0.08250	0.03423	0.01233	0.01431	0.00854	0.01047	0.00700	0.00508	0.00489	0.00144	0.02915	0.00376	0.00250	0.00677
18	0.02027	0.01453	0.01569	0.01203	0.01625	0.01598	0.00994	0.72808	0.02439	0.06951	0.01309	0.01295	0.00919	0.00636	0.00529	0.00159	0.00575	0.00479	0.00535	0.00899
19	0.00970	0.00599	0.00725	0.00659	0.00853	0.00524	0.00506	0.01166	0.01382	0.14631	0.35981	0.04047	0.33721	0.01113	0.00609	0.00171	0.00290	0.00949	0.00557	0.00545
20	0.02210	0.00907	0.01205	0.00938	0.01325	0.00812	0.00770	0.05202	0.04599	0.67654	0.07007	0.01927	0.01546	0.00684	0.00538	0.00164	0.00440	0.00560	0.00640	0.00871
21	0.05383	0.01115	0.01253	0.01014	0.01368	0.05892	0.02838	0.15990	0.12844	0.32846	0.05276	0.02014	0.08334	0.00721	0.00535	0.00165	0.00486	0.00582	0.00548	0.00795
22	0.12488	0.08361	0.01230	0.00936	0.01246	0.01180	0.00756	0.05689	0.34179	0.13133	0.11618	0.03752	0.01795	0.00719	0.00505	0.00167	0.00418	0.00580	0.00503	0.00746
23	0.16905	0.05080	0.01205	0.00963	0.01271	0.03775	0.00763	0.14481	0.29646	0.08737	0.01573	0.01712	0.01235	0.09544	0.00723	0.00204	0.00481	0.00510	0.00460	0.00732
24	0.01383	0.06780	0.01234	0.00962	0.01226	0.05642	0.00750	0.20064	0.19626	0.05415	0.09012	0.08264	0.01808	0.12842	0.00856	0.00216	0.00490	0.00654	0.00467	0.02309
25	0.16593	0.00858	0.00964	0.00834	0.01073	0.00908	0.00646	0.12511	0.03551	0.13401	0.01498	0.01976	0.02693	0.17197	0.19059	0.00386	0.00690	0.00537	0.00404	0.04221
26	0.19243	0.00872	0.00870	0.00793	0.01021	0.03875	0.00617	0.06690	0.11205	0.04269	0.20443	0.06826	0.14419	0.01089	0.05332	0.00212	0.00439	0.00725	0.00470	0.00589

[dist]
# distance from previous block
# <min> <max>
0	1

[block]
# block no. 1 follows, 46 sequences, length 6
# corresponding to MSA columns:
# 47-52
name=unknown_B
#
# <colnr> <probs for GDERKNQSTAVLIFYWHMCP>
#	G	D	E	R	K	N	Q	S	T	A	V	L	I	F	Y	W	H	M	C	P
0	0.01609	0.01296	0.01404	0.01262	0.06990	0.09501	0.03735	0.29456	0.13135	0.08172	0.03397	0.04679	0.04009	0.08054	0.00736	0.00196	0.00566	0.00587	0.00463	0.00753
1	0.06428	0.06314	0.01453	0.01204	0.06819	0.07406	0.00911	0.24171	0.11415	0.13791	0.04861	0.01573	0.03155	0.00645	0.00542	0.00157	0.03128	0.00495	0.00460	0.05072
2	0.05229	0.01261	0.01131	0.00996	0.01257	0.19005	0.00760	0.09537	0.11702	0.12560	0.05328	0.12200	0.01609	0.06474	0.03250	0.00207	0.00577	0.00633	0.00441	0.05842
3	0.17605	0.01162	0.01320	0.02890	0.12474	0.06907	0.03503	0.13621	0.08114	0.06389	0.02981	0.01835	0.01211	0.06462	0.03547	0.00215	0.00580	0.05615	0.00393	0.03175
4	0.17581	0.03290	0.05605	0.05643	0.03895	0.11808	0.00880	0.09550	0.01360	0.16381	0.04472	0.03390	0.05436	0.00635	0.00478	0.00153	0.00541	0.00486	0.00409	0.08006
5	0.15135	0.04385	0.01289	0.03994	0.05545	0.04959	0.00843	0.09978	0.10165	0.15021	0.01322	0.01558	0.01050	0.09055	0.00817	0.00199	0.07954	0.00473	0.00406	0.05850

[dist]
# distance from previous block
# <min> <max>
4	37

[block]
# block no. 2 follows, 46 sequences, length 39
# corresponding to MSA columns:
# 90-128
name=unknown_C
#
# <colnr> <probs for GDERKNQSTAVLIFYWHMCP>
#	G	D	E	R	K	N	Q	S	T	A	V	L	I	F	Y	W	H	M	C	P
0	0.07431	0.26403	0.09373	0.01077	0.01479	0.09640	0.02005	0.11824	0.03641	0.03272	0.03026	0.01160	0.00884	0.00624	0.02183	0.00156	0.06158	0.00385	0.00317	0.08960
1	0.14677	0.11109	0.18140	0.03711	0.04060	0.03513	0.11699	0.05427	0.02559	0.03783	0.01214	0.02834	0.03996	0.03211	0.02861	0.00193	0.03723	0.00477	0.00305	0.02509
2	0.01271	0.23674	0.27450	0.03622	0.01769	0.06604	0.04972	0.05947	0.01217	0.03654	0.02618	0.02547	0.05783	0.00704	0.02975	0.00176	0.03572	0.00461	0.00289	0.00694
3	0.08970	0.19279	0.05728	0.04544	0.08463	0.06484	0.10707	0.05302	0.05298	0.04178	0.01217	0.03981	0.02252	0.08787	0.00699	0.00189	0.00608	0.00498	0.00317	0.02499
4	0.08513	0.04042	0.04196	0.13410	0.18815	0.10888	0.05637	0.07974	0.14791	0.01857	0.01233	0.01403	0.02210	0.00570	0.00530	0.00164	0.02229	0.00473	0.00337	0.00729
5	0.03817	0.01124	0.01553	0.01558	0.16526	0.07217	0.11499	0.01582	0.06724	0.07304	0.03242	0.08019	0.05634	0.02558	0.02411	0.02140	0.05490	0.00609	0.00358	0.10635
6	0.01378	0.09920	0.02213	0.09606	0.26228	0.14370	0.19079	0.01709	0.03405	0.01563	0.00975	0.01248	0.00791	0.00497	0.00546	0.00156	0.02643	0.00465	0.00267	0.02942
7	0.02754	0.01124	0.01297	0.00998	0.01402	0.03605	0.02943	0.16197	0.08966	0.14780	0.01395	0.01422	0.02612	0.00562	0.00519	0.00132	0.03451	0.00441	0.00432	0.34968
8	0.01321	0.01258	0.02218	0.03570	0.17042	0.01215	0.31930	0.07958	0.01295	0.04349	0.01056	0.01321	0.00822	0.00491	0.00607	0.00155	0.05132	0.00504	0.00308	0.17447
9	0.21268	0.04185	0.01541	0.01763	0.28807	0.07126	0.04827	0.03814	0.01166	0.01842	0.01221	0.07426	0.03487	0.00600	0.00473	0.00155	0.00548	0.00506	0.01825	0.07421
10	0.00697	0.00528	0.00662	0.00719	0.00822	0.00468	0.00504	0.00816	0.01056	0.01409	0.03057	0.58710	0.14191	0.01466	0.00638	0.00195	0.00316	0.03707	0.00471	0.09567
11	0.01309	0.01244	0.02049	0.03024	0.70315	0.01262	0.01543	0.01743	0.08932	0.01776	0.01112	0.01376	0.00916	0.00496	0.00525	0.00159	0.00607	0.00484	0.00290	0.00837
12	0.00970	0.00904	0.01209	0.04047	0.01234	0.02971	0.00891	0.01091	0.00920	0.01318	0.01554	0.30918	0.01752	0.01216	0.02737	0.00228	0.41703	0.00844	0.00333	0.03162
13	0.05981	0.00607	0.00856	0.00839	0.00959	0.00695	0.00654	0.01045	0.00878	0.04431	0.01406	0.02015	0.01286	0.04940	0.69989	0.00774	0.01300	0.00551	0.00302	0.00493
14	0.01241	0.01405	0.03004	0.02163	0.02657	0.01359	0.70424	0.01661	0.01214	0.01661	0.01041	0.01405	0.00794	0.00483	0.00709	0.00182	0.07018	0.00611	0.00265	0.00703
15	0.00695	0.00579	0.00613	0.00619	0.00787	0.00523	0.00462	0.00945	0.07654	0.01510	0.06942	0.13978	0.58535	0.01319	0.00626	0.00184	0.00290	0.02760	0.00498	0.00480
16	0.01282	0.01229	0.02098	0.09788	0.71787	0.01249	0.01609	0.01599	0.01191	0.01695	0.00990	0.01317	0.00826	0.00476	0.00524	0.00159	0.00635	0.00471	0.00259	0.00816
17	0.05171	0.00795	0.01052	0.00858	0.01174	0.00708	0.00689	0.02062	0.01443	0.53541	0.17356	0.08940	0.02206	0.00819	0.00554	0.00168	0.00396	0.00690	0.00613	0.00766
18	0.01187	0.01290	0.02675	0.12580	0.10434	0.01256	0.54428	0.01587	0.01205	0.01632	0.01149	0.05912	0.00945	0.00528	0.00604	0.00178	0.00807	0.00638	0.00275	0.00693
19	0.01436	0.08400	0.04924	0.02621	0.54142	0.16251	0.01459	0.01714	0.01246	0.01601	0.00937	0.01194	0.00788	0.00485	0.00498	0.00150	0.00691	0.00427	0.00259	0.00779
20	0.00749	0.00557	0.00705	0.00787	0.00867	0.00550	0.00568	0.01008	0.08576	0.01499	0.06514	0.52604	0.06613	0.04126	0.00731	0.00221	0.00346	0.12007	0.00494	0.00478
21	0.00644	0.00460	0.00613	0.00736	0.00767	0.00429	0.00491	0.00736	0.01012	0.01350	0.02914	0.81076	0.03497	0.01656	0.00675	0.00215	0.00307	0.01503	0.00491	0.00429
22	0.01396	0.48286	0.12731	0.01074	0.01496	0.14795	0.01054	0.01620	0.01124	0.01310	0.00835	0.01016	0.00733	0.00788	0.07147	0.00191	0.03169	0.00337	0.00239	0.00661
23	0.04228	0.46992	0.18423	0.01342	0.10948	0.07247	0.01209	0.01643	0.01123	0.01435	0.00817	0.00968	0.00693	0.00473	0.00405	0.00133	0.00640	0.00333	0.00237	0.00711
24	0.00750	0.00602	0.00740	0.00771	0.00894	0.00598	0.00616	0.00910	0.01146	0.01455	0.05078	0.13164	0.36198	0.03814	0.00821	0.00217	0.07170	0.24127	0.00464	0.00465
25	0.00663	0.00482	0.00625	0.00706	0.00767	0.00444	0.00485	0.00788	0.01120	0.01504	0.17486	0.60210	0.09724	0.01520	0.00661	0.00203	0.00293	0.01367	0.00508	0.00444
26	0.12950	0.23458	0.45449	0.01218	0.01830	0.01435	0.01451	0.01617	0.01077	0.01655	0.00912	0.01140	0.00722	0.00513	0.00440	0.00154	0.00664	0.02351	0.00246	0.00717
27	0.01374	0.01392	0.02002	0.07483	0.61748	0.11015	0.01513	0.01705	0.03617	0.01666	0.01005	0.01291	0.00834	0.00491	0.00518	0.00156	0.00667	0.00459	0.00270	0.00795
28	0.01697	0.01527	0.01498	0.01410	0.09542	0.16368	0.01018	0.27689	0.25707	0.03974	0.01436	0.01444	0.01081	0.00634	0.00550	0.00163	0.02514	0.00489	0.00450	0.00810
29	0.00654	0.00487	0.00596	0.00676	0.00744	0.00445	0.00461	0.00753	0.01045	0.01347	0.03430	0.53388	0.22395	0.08357	0.00835	0.00231	0.00318	0.02935	0.00476	0.00426
30	0.08213	0.15442	0.43505	0.01173	0.01728	0.01225	0.01373	0.01514	0.01161	0.01739	0.14716	0.01669	0.01492	0.00619	0.00487	0.00159	0.00611	0.02182	0.00303	0.00689
31	0.00865	0.00588	0.00696	0.00697	0.00851	0.00538	0.00537	0.01044	0.02708	0.08028	0.09453	0.08107	0.34910	0.12079	0.00918	0.00237	0.00366	0.16404	0.00489	0.00487
32	0.00813	0.00608	0.00762	0.00712	0.00856	0.00592	0.00537	0.01204	0.10110	0.02130	0.69229	0.03724	0.04604	0.01039	0.00614	0.00168	0.00269	0.00915	0.00577	0.00537
33	0.01289	0.01337	0.07215	0.25346	0.25405	0.05228	0.03861	0.08259	0.11291	0.01781	0.01137	0.01391	0.00881	0.00552	0.00559	0.00168	0.02767	0.00480	0.00311	0.00742
34	0.09916	0.37085	0.08159	0.02590	0.03847	0.09391	0.00992	0.03688	0.06127	0.04515	0.01081	0.01187	0.03314	0.00560	0.00496	0.00144	0.05548	0.00381	0.00296	0.00683
35	0.01256	0.07856	0.01330	0.00966	0.03802	0.02325	0.03037	0.08671	0.02475	0.06359	0.06263	0.05589	0.03791	0.00589	0.00461	0.00118	0.00444	0.00488	0.00379	0.43801
36	0.01007	0.11494	0.04524	0.00757	0.01014	0.04626	0.00640	0.03688	0.04106	0.02794	0.17662	0.05198	0.23424	0.00903	0.00523	0.00152	0.00384	0.00742	0.10805	0.05558
37	0.01381	0.11576	0.01509	0.05042	0.01480	0.10604	0.02373	0.13770	0.03680	0.03477	0.03360	0.06898	0.01144	0.02977	0.00679	0.00156	0.09452	0.00498	0.00353	0.19591
38	0.02729	0.04032	0.03160	0.00972	0.03505	0.10043	0.00763	0.04794	0.01401	0.10650	0.30734	0.02726	0.07263	0.00864	0.00629	0.00163	0.05382	0.04134	0.00467	0.05589

[dist]
# distance from previous block
# <min> <max>
2	18

[block]
# block no. 3 follows, 46 sequences, length 17
# corresponding to MSA columns:
# 147-163
name=unknown_D
#
# <colnr> <probs for GDERKNQSTAVLIFYWHMCP>
#	G	D	E	R	K	N	Q	S	T	A	V	L	I	F	Y	W	H	M	C	P
0	0.04290	0.04523	0.22306	0.01036	0.01439	0.04515	0.01034	0.10432	0.09321	0.01922	0.11102	0.02532	0.16669	0.00814	0.00542	0.00168	0.00519	0.03945	0.00408	0.02482
1	0.01588	0.18570	0.09880	0.04154	0.01641	0.29666	0.01054	0.08137	0.11902	0.03384	0.01260	0.01326	0.04079	0.00588	0.00473	0.00146	0.00700	0.00422	0.00332	0.00698
2	0.22988	0.25795	0.32843	0.01080	0.01622	0.01445	0.01223	0.01581	0.01051	0.01718	0.00996	0.01119	0.03556	0.00516	0.00413	0.00151	0.00601	0.00359	0.00261	0.00684
3	0.55068	0.04518	0.00877	0.00711	0.01008	0.01072	0.00582	0.04593	0.01054	0.07562	0.01098	0.04137	0.00882	0.00571	0.00370	0.00156	0.00395	0.00391	0.14361	0.00595
4	0.73764	0.00956	0.00761	0.00686	0.00986	0.01093	0.00559	0.01486	0.00968	0.02333	0.08832	0.01216	0.01058	0.00556	0.00359	0.00163	0.00387	0.00363	0.02911	0.00562
5	0.00672	0.00534	0.00603	0.00593	0.00745	0.00465	0.00442	0.00847	0.01306	0.01685	0.32478	0.07840	0.47408	0.01255	0.00626	0.00175	0.00263	0.01072	0.00525	0.00465
6	0.01065	0.01032	0.01805	0.60996	0.12523	0.01213	0.08790	0.01415	0.01087	0.01428	0.00952	0.01392	0.00730	0.00525	0.00571	0.00176	0.02948	0.00485	0.00241	0.00630
7	0.00644	0.00460	0.00613	0.00736	0.00767	0.00429	0.00491	0.00736	0.01012	0.01350	0.02914	0.81076	0.03497	0.01656	0.00675	0.00215	0.00307	0.01503	0.00491	0.00429
8	0.00769	0.00513	0.00577	0.00577	0.00577	0.00513	0.00320	0.00769	0.00769	0.01025	0.01666	0.03460	0.01922	0.81421	0.02691	0.00513	0.00513	0.00769	0.00320	0.00320
9	0.01276	0.01190	0.01947	0.22128	0.51261	0.01277	0.01522	0.06903	0.01244	0.01732	0.00989	0.01325	0.00803	0.00514	0.00571	0.00165	0.03640	0.00471	0.00273	0.00770
10	0.01309	0.04349	0.01761	0.24210	0.18723	0.16051	0.03787	0.01606	0.04027	0.01445	0.00937	0.01271	0.00777	0.00666	0.02417	0.00187	0.15108	0.00450	0.00260	0.00659
11	0.02147	0.00986	0.01230	0.00955	0.01337	0.00938	0.00785	0.18742	0.01686	0.53896	0.01868	0.01700	0.01223	0.00646	0.00514	0.00158	0.00458	0.00515	0.09359	0.00857
12	0.01238	0.00999	0.01238	0.00999	0.05720	0.00821	0.02504	0.04836	0.04214	0.06399	0.01077	0.01201	0.00856	0.00437	0.00425	0.00098	0.00430	0.00361	0.00348	0.65800
13	0.01126	0.00856	0.01047	0.07457	0.01352	0.00774	0.00699	0.03320	0.09117	0.06899	0.08147	0.11645	0.01636	0.00690	0.00486	0.00132	0.00400	0.00589	0.04147	0.39484
14	0.85155	0.01022	0.00777	0.00695	0.01022	0.01186	0.00573	0.01554	0.00900	0.02372	0.00736	0.00859	0.00573	0.00491	0.00327	0.00164	0.00409	0.00286	0.00327	0.00573
15	0.00638	0.00539	0.00554	0.00557	0.00732	0.00455	0.00423	0.00780	0.01216	0.01458	0.07758	0.05083	0.72412	0.01335	0.00629	0.00181	0.00276	0.04032	0.00494	0.00450
16	0.00834	0.00665	0.00869	0.09179	0.03868	0.00665	0.00668	0.02644	0.06380	0.01872	0.40804	0.06585	0.18036	0.01054	0.00609	0.00175	0.00343	0.03707	0.00505	0.00537

[dist]
# distance from previous block
# <min> <max>
6	12

[block]
# block no. 4 follows, 46 sequences, length 21
# corresponding to MSA columns:
# 177-197
name=unknown_E
#
# <colnr> <probs for GDERKNQSTAVLIFYWHMCP>
#	G	D	E	R	K	N	Q	S	T	A	V	L	I	F	Y	W	H	M	C	P
0	0.01215	0.01247	0.02160	0.04282	0.10744	0.02812	0.32660	0.01623	0.06696	0.01659	0.01088	0.02750	0.00889	0.00548	0.00706	0.00164	0.11387	0.00529	0.00293	0.16546
1	0.30103	0.01013	0.01318	0.09539	0.03933	0.01062	0.10580	0.07215	0.01242	0.08581	0.11646	0.03383	0.01401	0.00614	0.00479	0.00162	0.00501	0.00512	0.00388	0.06328
2	0.01067	0.00946	0.01287	0.01011	0.03926	0.00757	0.08523	0.01310	0.01106	0.01677	0.01183	0.10357	0.01100	0.00546	0.00453	0.00107	0.00442	0.00488	0.00327	0.63388
3	0.07475	0.01018	0.01627	0.29433	0.23798	0.01116	0.06716	0.01493	0.06926	0.01625	0.01321	0.12662	0.01204	0.00678	0.00540	0.00176	0.00596	0.00624	0.00311	0.00663
4	0.01244	0.01173	0.01947	0.08340	0.62973	0.01196	0.01485	0.01618	0.05211	0.01756	0.06893	0.01551	0.01184	0.00534	0.00532	0.00160	0.00594	0.00514	0.00299	0.00794
5	0.01159	0.01104	0.01877	0.40190	0.42342	0.01217	0.01548	0.01492	0.01133	0.01546	0.00968	0.01357	0.00774	0.00499	0.00526	0.00166	0.00665	0.00470	0.00249	0.00717
6	0.01063	0.00905	0.01061	0.00780	0.01217	0.00685	0.00617	0.01288	0.01090	0.01695	0.01084	0.06939	0.00981	0.00484	0.00412	0.00088	0.00385	0.00400	0.00326	0.78500
7	0.01290	0.01377	0.01723	0.44643	0.17852	0.19009	0.03669	0.01588	0.01192	0.01422	0.00926	0.01286	0.00728	0.00518	0.00519	0.00163	0.00752	0.00445	0.00250	0.00646
8	0.00631	0.00510	0.00562	0.00603	0.00732	0.00441	0.00432	0.00751	0.01140	0.01402	0.04532	0.30700	0.52827	0.01446	0.00642	0.00191	0.00281	0.01246	0.00491	0.00441
9	0.00779	0.00651	0.00931	0.20727	0.01530	0.00714	0.00774	0.00961	0.01087	0.01436	0.10491	0.36360	0.13222	0.01214	0.00703	0.00196	0.06264	0.01055	0.00417	0.00490
10	0.01096	0.00940	0.01096	0.00783	0.01253	0.00705	0.00626	0.01331	0.01096	0.01723	0.00940	0.01096	0.00783	0.00392	0.00392	0.00078	0.00392	0.00313	0.00313	0.84653
11	0.54641	0.08967	0.03281	0.04557	0.01305	0.04227	0.00753	0.09355	0.03665	0.02222	0.00861	0.00988	0.00671	0.00539	0.00409	0.01777	0.00488	0.00333	0.00334	0.00627
12	0.01140	0.07392	0.22536	0.13193	0.17490	0.02189	0.04328	0.05002	0.03307	0.01665	0.04035	0.07451	0.01163	0.00788	0.04482	0.00199	0.00680	0.00542	0.00297	0.02122
13	0.18341	0.17914	0.31852	0.01110	0.01631	0.01354	0.01218	0.04201	0.06918	0.04361	0.04394	0.02531	0.00987	0.00560	0.00446	0.00157	0.00586	0.00414	0.00313	0.00712
14	0.00789	0.00563	0.00633	0.00617	0.00773	0.00499	0.00451	0.00957	0.02752	0.06538	0.16323	0.11570	0.45099	0.09073	0.00823	0.00211	0.00307	0.01043	0.00501	0.00479
15	0.01423	0.40386	0.16432	0.01364	0.07277	0.15374	0.06088	0.01696	0.01171	0.01397	0.00828	0.00994	0.00697	0.00489	0.00457	0.00137	0.02501	0.00353	0.00239	0.00697
16	0.13835	0.02390	0.63769	0.01362	0.02049	0.01197	0.01700	0.01633	0.01087	0.01777	0.00989	0.01268	0.00749	0.00538	0.00485	0.00170	0.00713	0.03302	0.00249	0.00738
17	0.01535	0.07723	0.01988	0.02446	0.47419	0.22100	0.01371	0.06171	0.01348	0.01670	0.00944	0.01177	0.00787	0.00499	0.00497	0.00148	0.00707	0.00422	0.00278	0.00769
18	0.01956	0.01441	0.01548	0.01197	0.01605	0.01592	0.00985	0.73381	0.02428	0.03254	0.01334	0.04413	0.01001	0.00675	0.00535	0.00161	0.00571	0.00516	0.00527	0.00881
19	0.01273	0.01387	0.09531	0.05947	0.68005	0.01250	0.01649	0.01617	0.01190	0.01708	0.00988	0.01294	0.00816	0.00476	0.00522	0.00159	0.00646	0.00463	0.00257	0.00823
20	0.01147	0.01797	0.32913	0.04602	0.36691	0.01186	0.04605	0.01575	0.01166	0.01671	0.01296	0.01515	0.06395	0.00548	0.00526	0.00164	0.00676	0.00492	0.00262	0.00774

[dist]
# distance from previous block
# <min> <max>
1	29

[block]
# block no. 5 follows, 46 sequences, length 67
# corresponding to MSA columns:
# 227-291,294,295
name=unknown_F
#
# <colnr> <probs for GDERKNQSTAVLIFYWHMCP>
#	G	D	E	R	K	N	Q	S	T	A	V	L	I	F	Y	W	H	M	C	P
0	0.01079	0.01006	0.01684	0.38891	0.33001	0.01111	0.01400	0.01388	0.01129	0.01532	0.04244	0.08842	0.01189	0.00632	0.00544	0.00172	0.00619	0.00585	0.00283	0.00669
1	0.02800	0.01071	0.01663	0.28863	0.17433	0.03691	0.07193	0.03623	0.01153	0.01585	0.08117	0.03502	0.01234	0.00815	0.04652	0.00211	0.10913	0.00548	0.00295	0.00638
2	0.01085	0.01104	0.02128	0.33611	0.05907	0.01159	0.32316	0.01455	0.01164	0.01535	0.01351	0.02022	0.03807	0.00619	0.00592	0.00183	0.00740	0.08301	0.00285	0.00634
3	0.00657	0.00513	0.00598	0.00654	0.00760	0.00461	0.00461	0.00808	0.02941	0.01443	0.07687	0.42473	0.35711	0.01468	0.00647	0.00196	0.00290	0.01287	0.00496	0.00450
4	0.01190	0.01232	0.05516	0.37489	0.22499	0.02966	0.16167	0.01554	0.01158	0.03685	0.01009	0.01374	0.00773	0.00500	0.00544	0.00170	0.00723	0.00496	0.00260	0.00695
5	0.01948	0.01364	0.01499	0.01163	0.01551	0.01501	0.00956	0.62086	0.03516	0.10105	0.01358	0.01394	0.00976	0.02580	0.00621	0.00170	0.03467	0.00490	0.02389	0.00863
6	0.00852	0.00636	0.00755	0.00699	0.00869	0.00609	0.00532	0.03888	0.08465	0.03612	0.49573	0.03889	0.21442	0.01082	0.00611	0.00170	0.00286	0.00934	0.00556	0.00541
7	0.01616	0.00751	0.00994	0.00823	0.01104	0.00675	0.00656	0.01889	0.04486	0.41981	0.34032	0.02769	0.04217	0.00848	0.00572	0.00166	0.00361	0.00723	0.00616	0.00721
8	0.00745	0.00538	0.00704	0.00667	0.00789	0.00497	0.00499	0.00990	0.01482	0.02097	0.75606	0.06253	0.04944	0.01098	0.00625	0.00168	0.00251	0.00972	0.00579	0.00497
9	0.01425	0.67642	0.10027	0.01000	0.01470	0.08282	0.01016	0.01635	0.01113	0.01290	0.00762	0.00883	0.00678	0.00465	0.00366	0.00120	0.00618	0.00298	0.00230	0.00683
10	0.75664	0.01030	0.00825	0.00736	0.01062	0.01189	0.00601	0.01692	0.07968	0.03952	0.00895	0.00982	0.00684	0.00515	0.00351	0.00165	0.00411	0.00320	0.00354	0.00604
11	0.01273	0.05440	0.14901	0.01319	0.09589	0.10388	0.01086	0.12708	0.03733	0.03068	0.10012	0.07545	0.05612	0.00834	0.00559	0.00172	0.00576	0.10109	0.00399	0.00675
12	0.01396	0.66784	0.04241	0.01012	0.03206	0.03325	0.00948	0.01699	0.08117	0.01356	0.00877	0.00980	0.00769	0.00494	0.00410	0.00125	0.02981	0.00325	0.00257	0.00695
13	0.00653	0.00534	0.00576	0.00571	0.00733	0.00457	0.00426	0.00810	0.01262	0.01577	0.21206	0.07569	0.59200	0.01294	0.00626	0.00177	0.00265	0.01095	0.00511	0.00457
14	0.00732	0.00721	0.07882	0.00823	0.00974	0.00550	0.00692	0.00923	0.01130	0.01493	0.07778	0.39335	0.15698	0.01417	0.00660	0.00208	0.00381	0.17651	0.00471	0.00482
15	0.01779	0.03572	0.10103	0.01001	0.01397	0.00958	0.00898	0.06426	0.12905	0.40588	0.12795	0.01998	0.01769	0.00701	0.00536	0.00165	0.00465	0.00576	0.00557	0.00812
16	0.01971	0.01091	0.03071	0.01113	0.01511	0.01028	0.07802	0.16005	0.08433	0.43888	0.04099	0.01794	0.01334	0.03589	0.00621	0.00178	0.00515	0.00554	0.00561	0.00841
17	0.10000	0.00959	0.01215	0.00941	0.01343	0.00886	0.00777	0.08568	0.01537	0.65248	0.01893	0.01669	0.01207	0.00638	0.00512	0.00163	0.00457	0.00504	0.00614	0.00869
18	0.03614	0.01255	0.04847	0.23512	0.37321	0.06359	0.01399	0.03262	0.02762	0.03962	0.04327	0.01504	0.02491	0.00550	0.00522	0.00163	0.00637	0.00491	0.00297	0.00726
19	0.01308	0.19901	0.26872	0.10317	0.04973	0.11583	0.02248	0.01654	0.01189	0.05478	0.05760	0.01313	0.01003	0.00622	0.02171	0.00167	0.02042	0.00422	0.00280	0.00694
20	0.04900	0.00908	0.01208	0.04356	0.02573	0.00848	0.00795	0.08074	0.01468	0.56668	0.03448	0.01730	0.01262	0.00758	0.00668	0.07977	0.00469	0.00518	0.00568	0.00804
21	0.05245	0.00928	0.01109	0.10896	0.01446	0.01025	0.00808	0.21603	0.01481	0.10152	0.01481	0.02988	0.01164	0.00794	0.03385	0.00184	0.05243	0.03195	0.26211	0.00663
22	0.01212	0.01639	0.19407	0.02062	0.12523	0.02609	0.41261	0.01641	0.01200	0.03162	0.01148	0.05961	0.00940	0.00547	0.00603	0.00175	0.02313	0.00593	0.00277	0.00728
23	0.01192	0.01144	0.01952	0.21613	0.52899	0.01192	0.04231	0.01509	0.01170	0.01618	0.01238	0.01557	0.05286	0.00534	0.00534	0.00164	0.00635	0.00514	0.00269	0.00750
24	0.02041	0.01296	0.01477	0.03809	0.01617	0.01383	0.00953	0.53761	0.02164	0.22187	0.01496	0.02935	0.01045	0.00656	0.00532	0.00162	0.00547	0.00509	0.00550	0.00880
25	0.00809	0.00586	0.00730	0.00788	0.00871	0.00576	0.00551	0.09805	0.01203	0.01604	0.04268	0.68318	0.04832	0.01515	0.00655	0.00206	0.00338	0.01360	0.00497	0.00487
26	0.03737	0.05833	0.01319	0.00945	0.01344	0.00925	0.00788	0.08699	0.01557	0.62596	0.05303	0.01776	0.01387	0.00656	0.00520	0.00160	0.00458	0.00526	0.00608	0.00862
27	0.01136	0.01034	0.01665	0.61977	0.13984	0.01229	0.01447	0.08328	0.01210	0.01587	0.00978	0.01382	0.00741	0.00530	0.00528	0.00172	0.00683	0.00471	0.00266	0.00651
28	0.00899	0.00571	0.00772	0.00806	0.00899	0.00548	0.01832	0.03226	0.01089	0.08527	0.02517	0.50143	0.02826	0.09128	0.03757	0.02622	0.00420	0.08465	0.00472	0.00483
29	0.01079	0.04497	0.63246	0.01640	0.10877	0.01210	0.01801	0.01625	0.01148	0.01696	0.05554	0.01301	0.00948	0.00532	0.00508	0.00165	0.00726	0.00431	0.00249	0.00768
30	0.02312	0.00985	0.04356	0.00969	0.01393	0.00811	0.00829	0.03928	0.01515	0.73979	0.02024	0.01762	0.01275	0.00648	0.00530	0.00164	0.00466	0.00525	0.00635	0.00895
31	0.01134	0.01061	0.01784	0.27161	0.44898	0.01132	0.01443	0.01437	0.01140	0.01569	0.01216	0.08877	0.01116	0.00632	0.00546	0.00171	0.00618	0.03074	0.00282	0.00709
32	0.01181	0.27167	0.46506	0.01369	0.02012	0.01492	0.08467	0.01634	0.01123	0.01551	0.02424	0.01118	0.00771	0.00493	0.00465	0.00151	0.00714	0.00390	0.00235	0.00737
33	0.02013	0.02720	0.10063	0.00994	0.01422	0.00884	0.00899	0.04569	0.05194	0.56375	0.04982	0.01899	0.04160	0.00677	0.00532	0.00164	0.00478	0.00550	0.00578	0.00846
34	0.02235	0.00941	0.01311	0.01159	0.08453	0.00841	0.00857	0.02497	0.04238	0.68611	0.01987	0.01760	0.01276	0.00640	0.00531	0.00164	0.00465	0.00528	0.00614	0.00892
35	0.02084	0.00896	0.01191	0.02813	0.01359	0.00819	0.00781	0.04884	0.06083	0.60990	0.08857	0.02066	0.01667	0.00710	0.00544	0.00167	0.00441	0.02180	0.00623	0.00843
36	0.09053	0.01216	0.01983	0.02945	0.68837	0.01231	0.01504	0.01601	0.01176	0.01783	0.01021	0.01397	0.00875	0.00501	0.00511	0.00160	0.00604	0.02526	0.00274	0.00803
37	0.01897	0.03253	0.12700	0.01085	0.04220	0.00869	0.00954	0.02183	0.02979	0.51918	0.03548	0.09039	0.01468	0.00723	0.00537	0.00168	0.00490	0.00602	0.00546	0.00821
38	0.01951	0.01025	0.01560	0.04627	0.28196	0.00958	0.01097	0.02199	0.01389	0.48922	0.01664	0.01614	0.01122	0.00586	0.00529	0.00162	0.00521	0.00508	0.00502	0.00867
39	0.02105	0.00942	0.01288	0.01156	0.08432	0.00863	0.00850	0.02448	0.08927	0.60842	0.05008	0.01857	0.01442	0.00661	0.00535	0.00165	0.00455	0.00549	0.00604	0.00872
40	0.01291	0.01287	0.04267	0.05799	0.73482	0.01253	0.01626	0.01615	0.01196	0.01713	0.00991	0.01306	0.00828	0.00474	0.00523	0.00158	0.00635	0.00469	0.00260	0.00827
41	0.01095	0.01080	0.03601	0.54686	0.26449	0.01201	0.01527	0.01442	0.01103	0.01474	0.00957	0.01371	0.00745	0.00510	0.00526	0.00170	0.00683	0.00468	0.00243	0.00669
42	0.01071	0.05124	0.76386	0.01489	0.02260	0.01254	0.01922	0.01671	0.01115	0.01661	0.00942	0.01108	0.00670	0.00501	0.00497	0.00166	0.00775	0.00387	0.00223	0.00778
43	0.01060	0.02735	0.78682	0.01507	0.02288	0.01228	0.01953	0.01674	0.01116	0.01674	0.00949	0.01116	0.00670	0.00502	0.00502	0.00167	0.00781	0.00391	0.00223	0.00781
44	0.01108	0.02668	0.75863	0.01486	0.02254	0.01211	0.01910	0.01707	0.01131	0.04470	0.00990	0.01141	0.00693	0.00508	0.00503	0.00167	0.00769	0.00396	0.00239	0.00786
45	0.00998	0.00940	0.01586	0.80150	0.03641	0.01175	0.01468	0.01351	0.01057	0.01351	0.00940	0.01409	0.00705	0.00529	0.00529	0.00176	0.00705	0.00470	0.00235	0.00587
46	0.00728	0.00540	0.00679	0.00644	0.00778	0.00490	0.00483	0.00959	0.01450	0.02009	0.66194	0.04132	0.16708	0.01122	0.00624	0.00168	0.00252	0.00982	0.00567	0.00490
47	0.02020	0.01072	0.06437	0.03399	0.02721	0.02512	0.03757	0.04497	0.02729	0.56032	0.03524	0.06018	0.01398	0.00691	0.00542	0.00167	0.00501	0.00580	0.00568	0.00833
48	0.01335	0.06532	0.45027	0.01604	0.06535	0.03607	0.13375	0.01808	0.01207	0.12368	0.01113	0.01252	0.00790	0.00511	0.00517	0.00164	0.00737	0.00444	0.00294	0.00780
49	0.00644	0.00460	0.00613	0.00736	0.00767	0.00429	0.00491	0.00736	0.01012	0.01350	0.02914	0.81076	0.03497	0.01656	0.00675	0.00215	0.00307	0.01503	0.00491	0.00429
50	0.01308	0.01256	0.02146	0.03245	0.78123	0.01256	0.01622	0.01622	0.01204	0.01727	0.00994	0.01308	0.00837	0.00471	0.00523	0.00157	0.00628	0.00471	0.00262	0.00837
51	0.04448	0.01159	0.01899	0.26730	0.49172	0.01244	0.01510	0.04549	0.01199	0.01701	0.00979	0.01321	0.00789	0.00496	0.00518	0.00163	0.00641	0.00464	0.00267	0.00753
52	0.00776	0.00768	0.07859	0.00700	0.00924	0.00572	0.00602	0.01033	0.03840	0.03969	0.24859	0.07263	0.42567	0.01161	0.00609	0.00175	0.00322	0.00985	0.00498	0.00518
53	0.01010	0.00951	0.01606	0.77351	0.06352	0.01178	0.01474	0.01361	0.01062	0.01364	0.00942	0.01406	0.00710	0.00526	0.00528	0.00175	0.00702	0.00470	0.00236	0.00596
54	0.85155	0.01022	0.00777	0.00695	0.01022	0.01186	0.00573	0.01554	0.00900	0.02372	0.00736	0.00859	0.00573	0.00491	0.00327	0.00164	0.00409	0.00286	0.00327	0.00573
55	0.01064	0.02706	0.77059	0.01522	0.02298	0.01230	0.03548	0.01675	0.01119	0.01675	0.00951	0.01123	0.00673	0.00501	0.00505	0.00168	0.00784	0.00396	0.00224	0.00780
56	0.01144	0.01254	0.08995	0.37777	0.35800	0.01218	0.03251	0.01506	0.01130	0.01552	0.00967	0.01339	0.00761	0.00499	0.00526	0.00167	0.00683	0.00466	0.00246	0.00717
57	0.00918	0.00459	0.00689	0.00689	0.00689	0.00459	0.00459	0.00689	0.00689	0.00918	0.00918	0.01607	0.00918	0.01837	0.02066	0.84619	0.00459	0.00459	0.00230	0.00230
58	0.00644	0.00460	0.00613	0.00736	0.00767	0.00429	0.00491	0.00736	0.01012	0.01350	0.02914	0.81076	0.03497	0.01656	0.00675	0.00215	0.00307	0.01503	0.00491	0.00429
59	0.01096	0.00940	0.01096	0.00783	0.01253	0.00705	0.00626	0.01331	0.01096	0.01723	0.00940	0.01096	0.00783	0.00392	0.00392	0.00078	0.00392	0.00313	0.00313	0.84653
60	0.02011	0.01421	0.01539	0.01182	0.01598	0.01558	0.00976	0.69856	0.02391	0.08273	0.01333	0.01319	0.00936	0.00636	0.00526	0.00158	0.00566	0.00480	0.02351	0.00890
61	0.00679	0.00541	0.00613	0.00620	0.00774	0.00475	0.00475	0.00851	0.01269	0.01609	0.22630	0.07964	0.49473	0.01301	0.00637	0.00184	0.00287	0.08641	0.00513	0.00463
62	0.02311	0.00985	0.04820	0.00967	0.01393	0.00798	0.00832	0.02535	0.01495	0.74925	0.02033	0.01768	0.01279	0.00647	0.00530	0.00164	0.00465	0.00525	0.00634	0.00894
63	0.01250	0.01045	0.01708	0.48429	0.24080	0.01178	0.01430	0.04383	0.01194	0.08667	0.01073	0.01412	0.00805	0.00528	0.00527	0.00169	0.00655	0.00476	0.00292	0.00698
64	0.01224	0.06241	0.45430	0.01579	0.03775	0.04553	0.17017	0.01705	0.01178	0.06398	0.01141	0.01323	0.02488	0.00621	0.02878	0.00186	0.00784	0.00463	0.00270	0.00747
65	0.00826	0.00603	0.00829	0.02508	0.01099	0.00598	0.00810	0.01057	0.01205	0.01555	0.03002	0.08447	0.09938	0.01437	0.00714	0.00235	0.00465	0.63705	0.00482	0.00483
66	0.01352	0.01289	0.02531	0.08241	0.25791	0.01248	0.40789	0.01728	0.01245	0.08783	0.01131	0.01423	0.00853	0.00479	0.00577	0.00170	0.00756	0.00557	0.00299	0.00759

[dist]
# distance from previous block
# <min> <max>
0	49

# created by:
# /st0/software/busco_prod/Augustus/scripts/msa2prfl.pl ./align_prep/203933.fa
