[name]
unknown

[dist]
# distance from previous block
# <min> <max>
13	107

[block]
# block no. 0 follows, 45 sequences, length 42
# corresponding to MSA columns:
# 187-228
name=unknown_A
#
# <colnr> <probs for GDERKNQSTAVLIFYWHMCP>
#	G	D	E	R	K	N	Q	S	T	A	V	L	I	F	Y	W	H	M	C	P
0	0.02526	0.07196	0.22492	0.06942	0.04792	0.03947	0.03201	0.11774	0.04917	0.09275	0.08207	0.01533	0.01246	0.00593	0.00509	0.00155	0.00604	0.00481	0.00375	0.09233
1	0.02753	0.03796	0.13201	0.01127	0.04400	0.01092	0.00978	0.17133	0.07684	0.15291	0.02810	0.05439	0.01310	0.08077	0.00721	0.00191	0.00531	0.01677	0.01648	0.10143
2	0.09644	0.12376	0.06408	0.04779	0.11699	0.04945	0.03883	0.07238	0.01274	0.05192	0.05983	0.02653	0.02250	0.02794	0.00532	0.00152	0.00550	0.00465	0.00342	0.16839
3	0.03875	0.01219	0.01356	0.09090	0.01674	0.04504	0.00903	0.28439	0.07492	0.09051	0.01323	0.03806	0.01017	0.00599	0.00497	0.00144	0.00529	0.00473	0.00441	0.23569
4	0.04300	0.01204	0.05561	0.01102	0.02633	0.03231	0.03417	0.20017	0.08500	0.12202	0.01589	0.06081	0.01335	0.03090	0.00595	0.00169	0.00522	0.06841	0.00455	0.17155
5	0.03483	0.01020	0.06073	0.00909	0.01187	0.05252	0.00747	0.09228	0.02471	0.08802	0.03725	0.22710	0.06781	0.05549	0.00687	0.00189	0.00462	0.05126	0.00444	0.15155
6	0.15206	0.22901	0.01717	0.01167	0.05085	0.28055	0.00915	0.06889	0.01313	0.01679	0.00990	0.01121	0.02849	0.00553	0.00462	0.00141	0.02840	0.00366	0.02815	0.02939
7	0.09499	0.01088	0.01759	0.09975	0.04170	0.01068	0.23825	0.05032	0.03248	0.06151	0.08462	0.01865	0.06763	0.00618	0.00558	0.00161	0.01639	0.00583	0.00368	0.13167
8	0.10453	0.03665	0.04363	0.24494	0.12379	0.04643	0.01189	0.12792	0.11559	0.07497	0.01227	0.01394	0.00914	0.00573	0.00506	0.00168	0.00606	0.00466	0.00369	0.00744
9	0.02774	0.11807	0.48872	0.08669	0.03633	0.01345	0.04375	0.01764	0.06598	0.03755	0.01057	0.01220	0.00777	0.00523	0.00497	0.00165	0.00718	0.00418	0.00267	0.00764
10	0.00946	0.00596	0.00695	0.00665	0.00857	0.00515	0.00506	0.01100	0.01271	0.14104	0.10379	0.15590	0.46035	0.01274	0.00629	0.00185	0.00313	0.03273	0.00533	0.00532
11	0.01018	0.00631	0.00783	0.00771	0.00907	0.00607	0.00560	0.01278	0.08136	0.12520	0.13079	0.27221	0.08518	0.15441	0.01008	0.00253	0.00381	0.05842	0.00508	0.00538
12	0.01406	0.01224	0.03759	0.23299	0.36171	0.03352	0.08309	0.01734	0.01238	0.12577	0.01154	0.01424	0.00871	0.00521	0.00542	0.00167	0.00670	0.00495	0.00315	0.00772
13	0.02004	0.00866	0.01140	0.00936	0.01276	0.00790	0.00748	0.02335	0.09586	0.57340	0.02263	0.14819	0.01727	0.00838	0.00564	0.00176	0.00429	0.00709	0.00624	0.00828
14	0.00694	0.00516	0.00653	0.00729	0.00818	0.00475	0.00533	0.00839	0.01164	0.01524	0.13250	0.43970	0.19380	0.01508	0.00676	0.00208	0.00322	0.11774	0.00510	0.00457
15	0.01222	0.02259	0.52540	0.01718	0.07742	0.01229	0.13876	0.03180	0.01212	0.06666	0.01108	0.02878	0.00819	0.00535	0.00538	0.00172	0.00765	0.00475	0.00277	0.00789
16	0.01354	0.00720	0.00923	0.00795	0.01032	0.00668	0.00619	0.01685	0.07807	0.27543	0.39997	0.03154	0.07119	0.03338	0.00658	0.00180	0.00345	0.00798	0.00599	0.00663
17	0.00757	0.00546	0.00715	0.00677	0.00801	0.00505	0.00506	0.01006	0.01506	0.02131	0.75429	0.06146	0.05023	0.01114	0.00635	0.00170	0.00255	0.00986	0.00588	0.00505
18	0.01077	0.02777	0.78354	0.01530	0.02323	0.01247	0.01983	0.01700	0.01133	0.01700	0.00963	0.01133	0.00680	0.00510	0.00510	0.00170	0.00793	0.00397	0.00227	0.00793
19	0.01128	0.14227	0.01888	0.56045	0.13800	0.01357	0.01419	0.01449	0.01097	0.01408	0.00928	0.01323	0.00730	0.00516	0.00504	0.00166	0.00681	0.00446	0.00241	0.00647
20	0.01424	0.71153	0.09723	0.00993	0.01476	0.05020	0.01021	0.01637	0.01111	0.01305	0.00769	0.00890	0.00688	0.00468	0.00365	0.00121	0.00610	0.00299	0.00231	0.00696
21	0.02092	0.01288	0.01464	0.01128	0.01540	0.01357	0.00930	0.51156	0.02190	0.25277	0.04888	0.01567	0.01218	0.00670	0.00542	0.00163	0.00537	0.00521	0.00577	0.00895
22	0.01314	0.00883	0.01295	0.09507	0.08513	0.00889	0.05716	0.06505	0.06074	0.16962	0.12126	0.14334	0.02208	0.03144	0.00660	0.00194	0.00493	0.08029	0.00481	0.00674
23	0.02310	0.08349	0.01399	0.00958	0.01378	0.00933	0.00806	0.04293	0.01519	0.69270	0.01971	0.01725	0.01260	0.00645	0.00522	0.00161	0.00471	0.00515	0.00621	0.00893
24	0.00810	0.00578	0.00626	0.00595	0.00792	0.00489	0.00453	0.00965	0.01282	0.08588	0.12297	0.04743	0.63336	0.01269	0.00626	0.00179	0.00287	0.01062	0.00523	0.00501
25	0.02392	0.00940	0.01262	0.00967	0.01383	0.00828	0.00799	0.05848	0.01580	0.74865	0.02081	0.01803	0.01310	0.00664	0.00540	0.00166	0.00463	0.00537	0.00659	0.00913
26	0.18487	0.14564	0.41315	0.01311	0.01901	0.01402	0.06864	0.01642	0.01076	0.01760	0.00881	0.01062	0.00672	0.00516	0.00517	0.00164	0.04517	0.00378	0.00253	0.00718
27	0.02039	0.01536	0.01608	0.01240	0.01664	0.04070	0.01021	0.73700	0.02493	0.03319	0.01274	0.01279	0.00906	0.00642	0.00535	0.00160	0.00602	0.00479	0.00529	0.00904
28	0.00768	0.00531	0.00660	0.00669	0.00697	0.00554	0.00428	0.00825	0.00820	0.01118	0.01717	0.08724	0.01908	0.55306	0.22462	0.00588	0.00744	0.00781	0.00328	0.00373
29	0.01655	0.04194	0.01275	0.01007	0.01340	0.01195	0.00812	0.19873	0.28352	0.18032	0.07298	0.01897	0.01589	0.00702	0.00525	0.00165	0.00448	0.00568	0.08259	0.00815
30	0.07989	0.01430	0.01512	0.01173	0.01586	0.01584	0.00967	0.66041	0.04153	0.04480	0.01295	0.01300	0.00923	0.00636	0.00519	0.00161	0.00564	0.00474	0.02335	0.00878
31	0.00654	0.00467	0.00623	0.00747	0.00779	0.00436	0.00498	0.00747	0.01028	0.01370	0.02959	0.80785	0.03550	0.01682	0.00685	0.00218	0.00311	0.01526	0.00498	0.00436
32	0.00779	0.00523	0.00598	0.00594	0.00605	0.00519	0.00342	0.00802	0.00849	0.01143	0.08676	0.03559	0.02238	0.73761	0.02539	0.00488	0.00496	0.00798	0.00350	0.00342
33	0.02181	0.01098	0.01318	0.01025	0.01421	0.03151	0.00841	0.22914	0.01810	0.49999	0.07058	0.01804	0.01454	0.00686	0.00544	0.00164	0.00494	0.00549	0.00613	0.00877
34	0.02013	0.01490	0.01596	0.01230	0.01654	0.01652	0.01014	0.73164	0.05401	0.03339	0.01323	0.01316	0.00941	0.00648	0.00537	0.00162	0.00584	0.00488	0.00537	0.00910
35	0.00654	0.00467	0.00623	0.00747	0.00779	0.00436	0.00498	0.00747	0.01028	0.01370	0.02959	0.80785	0.03550	0.01682	0.00685	0.00218	0.00311	0.01526	0.00498	0.00436
36	0.01032	0.00990	0.01722	0.74246	0.03633	0.01205	0.06856	0.01397	0.01087	0.01397	0.00964	0.01432	0.00723	0.00531	0.00544	0.00179	0.00729	0.00488	0.00241	0.00606
37	0.01166	0.01037	0.08114	0.00952	0.01204	0.00928	0.00797	0.25438	0.01580	0.02130	0.10081	0.28935	0.07525	0.05487	0.00724	0.00204	0.00453	0.02130	0.00486	0.00628
38	0.02149	0.00992	0.01255	0.00994	0.01384	0.00946	0.00811	0.08145	0.15151	0.57086	0.03842	0.01870	0.01441	0.00685	0.00543	0.00169	0.00456	0.00558	0.00632	0.00892
39	0.00673	0.00483	0.00644	0.00766	0.00808	0.00453	0.00530	0.00781	0.01051	0.01394	0.02996	0.72421	0.04955	0.01657	0.00689	0.00220	0.00328	0.08212	0.00498	0.00442
40	0.02056	0.01505	0.01593	0.01227	0.01652	0.03645	0.01011	0.70837	0.02454	0.06622	0.01313	0.01304	0.00925	0.00643	0.00536	0.00161	0.00595	0.00482	0.00536	0.00905
41	0.01229	0.02585	0.58687	0.01569	0.02245	0.12400	0.08248	0.01754	0.01192	0.01635	0.00948	0.01138	0.00694	0.00523	0.00552	0.00168	0.03026	0.00412	0.00238	0.00757

[dist]
# distance from previous block
# <min> <max>
0	4

[block]
# block no. 1 follows, 45 sequences, length 39
# corresponding to MSA columns:
# 233-271
name=unknown_B
#
# <colnr> <probs for GDERKNQSTAVLIFYWHMCP>
#	G	D	E	R	K	N	Q	S	T	A	V	L	I	F	Y	W	H	M	C	P
0	0.01084	0.00674	0.00860	0.00758	0.00947	0.00637	0.00586	0.07230	0.01602	0.12482	0.61256	0.03498	0.04230	0.01003	0.00613	0.00168	0.00308	0.00874	0.00596	0.00594
1	0.01392	0.01181	0.01246	0.01104	0.01417	0.01362	0.00863	0.08723	0.70854	0.02337	0.02113	0.01945	0.01580	0.00722	0.00545	0.00180	0.00438	0.00597	0.00545	0.00855
2	0.27218	0.01351	0.01329	0.01057	0.01451	0.04073	0.00869	0.45043	0.01922	0.09002	0.01175	0.01195	0.00838	0.00599	0.00473	0.00162	0.00540	0.00425	0.00476	0.00802
3	0.03812	0.01447	0.01386	0.05874	0.01635	0.12969	0.00955	0.26168	0.33663	0.02421	0.01575	0.01555	0.01176	0.00656	0.00524	0.00167	0.00573	0.00510	0.02127	0.00807
4	0.01977	0.01472	0.01575	0.01222	0.01641	0.01635	0.01005	0.69444	0.09180	0.03281	0.01369	0.01353	0.00978	0.00652	0.00538	0.00163	0.00576	0.00494	0.00538	0.00907
5	0.00957	0.00623	0.00818	0.06217	0.01070	0.00589	0.00601	0.01203	0.02879	0.11053	0.43129	0.12038	0.14540	0.01100	0.00619	0.00177	0.00322	0.00961	0.00551	0.00553
6	0.01355	0.57222	0.18001	0.01093	0.01579	0.03722	0.01158	0.01614	0.01088	0.01355	0.00789	0.00944	0.00688	0.00510	0.00495	0.00136	0.06997	0.00325	0.00231	0.00700
7	0.01330	0.01434	0.01621	0.01404	0.01456	0.16134	0.01149	0.01451	0.00953	0.01296	0.00728	0.01136	0.00702	0.00867	0.01522	0.00217	0.65316	0.00447	0.00243	0.00594
8	0.00817	0.00593	0.00803	0.00907	0.01028	0.00579	0.00769	0.01038	0.01226	0.01588	0.05939	0.12748	0.11236	0.01473	0.00721	0.00234	0.00444	0.56872	0.00499	0.00485
9	0.02960	0.07800	0.15365	0.06888	0.07920	0.04526	0.21061	0.05979	0.02490	0.08278	0.01209	0.01416	0.02943	0.00580	0.00655	0.00173	0.08197	0.00506	0.00315	0.00736
10	0.01001	0.00500	0.00500	0.00500	0.00625	0.00500	0.00375	0.01251	0.01126	0.02001	0.01751	0.02001	0.01376	0.00625	0.00375	0.00125	0.00250	0.00500	0.84115	0.00500
11	0.00795	0.00568	0.00690	0.00687	0.00698	0.00607	0.00435	0.00828	0.00819	0.01114	0.01751	0.12528	0.02006	0.60085	0.07721	0.00486	0.06645	0.00832	0.00337	0.00369
12	0.29178	0.01502	0.01284	0.01073	0.01430	0.15233	0.00861	0.30842	0.09516	0.02577	0.01122	0.01169	0.00840	0.00589	0.00461	0.00161	0.00583	0.00408	0.00424	0.00746
13	0.01440	0.57434	0.16387	0.01087	0.01584	0.11432	0.01127	0.01690	0.01151	0.01349	0.00796	0.00924	0.00688	0.00480	0.00392	0.00128	0.00662	0.00314	0.00235	0.00700
14	0.01991	0.00822	0.01109	0.00881	0.01226	0.00717	0.00716	0.02207	0.01525	0.59064	0.19181	0.02405	0.04135	0.00780	0.00563	0.00167	0.00406	0.00652	0.00644	0.00810
15	0.01883	0.00887	0.01140	0.00918	0.01253	0.00829	0.00741	0.07867	0.07633	0.47398	0.20851	0.02344	0.02253	0.00776	0.00563	0.00168	0.00414	0.00648	0.00627	0.00807
16	0.84927	0.01038	0.00789	0.00706	0.01038	0.01204	0.00581	0.01578	0.00914	0.02408	0.00747	0.00872	0.00581	0.00498	0.00332	0.00166	0.00415	0.00291	0.00332	0.00581
17	0.01105	0.00982	0.01540	0.57755	0.07102	0.01183	0.01342	0.08325	0.01206	0.01592	0.01152	0.07481	0.00973	0.00647	0.00586	0.00180	0.03398	0.00558	0.02267	0.00625
18	0.00663	0.00474	0.00631	0.00741	0.00781	0.00442	0.00499	0.00770	0.01070	0.01438	0.09365	0.74187	0.03680	0.01632	0.00681	0.00214	0.00306	0.01478	0.00506	0.00442
19	0.01267	0.01448	0.03167	0.02262	0.02805	0.01357	0.75837	0.01719	0.01267	0.01719	0.01086	0.01448	0.00814	0.00452	0.00633	0.00181	0.00905	0.00633	0.00271	0.00724
20	0.01161	0.08721	0.65363	0.01452	0.02168	0.06706	0.01800	0.01707	0.01166	0.01651	0.02781	0.01170	0.00787	0.00523	0.00498	0.00164	0.00776	0.00399	0.00239	0.00767
21	0.07699	0.01311	0.01364	0.01078	0.01453	0.03897	0.00881	0.50083	0.03502	0.10565	0.01396	0.01408	0.00997	0.00632	0.00501	0.00157	0.00530	0.00476	0.11242	0.00826
22	0.01796	0.00833	0.01073	0.00869	0.01182	0.00769	0.00700	0.07684	0.03255	0.44123	0.23185	0.02414	0.02356	0.00783	0.00554	0.00164	0.00395	0.00655	0.06440	0.00769
23	0.00650	0.00482	0.00607	0.00707	0.00768	0.00439	0.00480	0.00752	0.01067	0.01386	0.03453	0.65690	0.18325	0.01617	0.00675	0.00211	0.00304	0.01448	0.00498	0.00439
24	0.01405	0.70216	0.11867	0.01002	0.01498	0.03753	0.01049	0.01631	0.01106	0.01317	0.00774	0.00896	0.00688	0.00467	0.00367	0.00122	0.00609	0.00302	0.00230	0.00700
25	0.02329	0.00911	0.01224	0.00948	0.01351	0.00802	0.00780	0.02587	0.04354	0.73211	0.02110	0.01838	0.01342	0.00666	0.00536	0.00166	0.00450	0.00541	0.02955	0.00900
26	0.02343	0.01018	0.01311	0.01005	0.01423	0.00945	0.00830	0.15656	0.01712	0.64871	0.01970	0.01731	0.01255	0.00661	0.00539	0.00165	0.00481	0.00530	0.00642	0.00913
27	0.01562	0.01270	0.01294	0.01120	0.01450	0.05906	0.00881	0.13712	0.55548	0.08162	0.01966	0.01822	0.01451	0.00701	0.00541	0.00175	0.00484	0.00568	0.00538	0.00851
28	0.01292	0.01238	0.02113	0.12109	0.69256	0.01266	0.01629	0.01616	0.01205	0.01710	0.01003	0.01340	0.00835	0.00485	0.00532	0.00162	0.00647	0.00478	0.00263	0.00821
29	0.84927	0.01038	0.00789	0.00706	0.01038	0.01204	0.00581	0.01578	0.00914	0.02408	0.00747	0.00872	0.00581	0.00498	0.00332	0.00166	0.00415	0.00291	0.00332	0.00581
30	0.01949	0.02473	0.01647	0.01450	0.01747	0.73048	0.06754	0.02111	0.01502	0.01345	0.00849	0.01005	0.00701	0.00545	0.00495	0.00142	0.00963	0.00368	0.00276	0.00630
31	0.01072	0.01012	0.01691	0.57446	0.18608	0.01203	0.01470	0.01401	0.01090	0.01446	0.01029	0.04380	0.00849	0.00587	0.00600	0.00179	0.04525	0.00516	0.00254	0.00642
32	0.00770	0.00563	0.00800	0.00800	0.00874	0.00637	0.00593	0.00918	0.00844	0.01200	0.01495	0.02425	0.01479	0.21406	0.61816	0.00786	0.01231	0.00621	0.00296	0.00445
33	0.00644	0.00542	0.00558	0.00558	0.00732	0.00456	0.00417	0.00787	0.01239	0.01497	0.10394	0.06905	0.70741	0.01349	0.00636	0.00181	0.00272	0.01131	0.00505	0.00456
34	0.01938	0.02446	0.01531	0.01385	0.01639	0.72701	0.01048	0.02074	0.01464	0.01312	0.00820	0.00985	0.00693	0.00585	0.00588	0.00146	0.07397	0.00356	0.00273	0.00619
35	0.02069	0.01458	0.01583	0.01214	0.01642	0.01598	0.01003	0.70389	0.02448	0.09098	0.01352	0.01330	0.00945	0.00646	0.00537	0.00161	0.00580	0.00488	0.00547	0.00913
36	0.01049	0.00547	0.00552	0.00534	0.00674	0.00554	0.00405	0.04724	0.01191	0.02065	0.01730	0.01968	0.01354	0.00626	0.00383	0.00127	0.00266	0.00500	0.80232	0.00519
37	0.00653	0.00471	0.00619	0.00737	0.00776	0.00437	0.00493	0.00749	0.01038	0.01375	0.03091	0.76733	0.07517	0.01664	0.00682	0.00216	0.00309	0.01505	0.00498	0.00437
38	0.01054	0.00983	0.01640	0.74056	0.07491	0.01208	0.01488	0.03114	0.01115	0.01438	0.00965	0.01423	0.00727	0.00536	0.00536	0.00177	0.00709	0.00477	0.00247	0.00617

[dist]
# distance from previous block
# <min> <max>
2	15

[block]
# block no. 2 follows, 45 sequences, length 21
# corresponding to MSA columns:
# 292-312
name=unknown_C
#
# <colnr> <probs for GDERKNQSTAVLIFYWHMCP>
#	G	D	E	R	K	N	Q	S	T	A	V	L	I	F	Y	W	H	M	C	P
0	0.01054	0.02047	0.45149	0.01562	0.02186	0.01144	0.21568	0.01550	0.01184	0.01663	0.01744	0.01892	0.13561	0.00636	0.00564	0.00175	0.00736	0.00583	0.00284	0.00718
1	0.01149	0.12564	0.45894	0.01273	0.01842	0.01280	0.01466	0.01756	0.13718	0.01638	0.01135	0.01305	0.00873	0.00708	0.00691	0.10619	0.00662	0.00426	0.00281	0.00719
2	0.00774	0.00562	0.00777	0.00874	0.00968	0.00564	0.00701	0.00961	0.01111	0.01468	0.02768	0.27689	0.06550	0.01961	0.13795	0.00338	0.00586	0.36618	0.00461	0.00472
3	0.01081	0.00948	0.01515	0.07956	0.39688	0.00960	0.01168	0.01332	0.01178	0.01640	0.11404	0.02640	0.01856	0.14164	0.00939	0.00233	0.00556	0.09742	0.00345	0.00654
4	0.49399	0.11154	0.01279	0.00889	0.01263	0.01450	0.00752	0.22297	0.03315	0.02533	0.00934	0.01015	0.00714	0.00540	0.00396	0.00159	0.00484	0.00352	0.00382	0.00694
5	0.00728	0.00539	0.00686	0.00722	0.00817	0.00523	0.00533	0.00877	0.01109	0.01470	0.14311	0.20888	0.18491	0.12340	0.14028	0.00354	0.00533	0.10147	0.00454	0.00450
6	0.04346	0.25071	0.20638	0.11415	0.01829	0.01415	0.01170	0.10693	0.01292	0.01722	0.01678	0.01776	0.13558	0.00657	0.00482	0.00156	0.00592	0.00505	0.00317	0.00687
7	0.06939	0.01432	0.01347	0.01406	0.14085	0.21358	0.00940	0.15719	0.03867	0.03714	0.11180	0.02103	0.12186	0.00743	0.00535	0.00160	0.00590	0.00591	0.00415	0.00688
8	0.00651	0.00480	0.00610	0.00713	0.00770	0.00439	0.00483	0.00751	0.01060	0.01384	0.03373	0.68152	0.15916	0.01628	0.00677	0.00212	0.00305	0.01460	0.00498	0.00439
9	0.01909	0.11492	0.01380	0.00943	0.01296	0.01004	0.00779	0.10870	0.01510	0.44740	0.03548	0.14872	0.01644	0.00814	0.00540	0.00167	0.00460	0.00674	0.00563	0.00796
10	0.01132	0.00720	0.00875	0.00849	0.01042	0.00706	0.00655	0.04112	0.12808	0.14625	0.04299	0.27423	0.15943	0.01232	0.00632	0.00198	0.00381	0.11224	0.00536	0.00609
11	0.01156	0.01238	0.04334	0.05657	0.11549	0.01195	0.35167	0.01665	0.11155	0.01712	0.01921	0.02105	0.13737	0.00671	0.00651	0.00180	0.04194	0.00673	0.00340	0.00701
12	0.00794	0.00635	0.00882	0.01123	0.13626	0.00598	0.00660	0.00927	0.01069	0.01429	0.04025	0.43308	0.13689	0.11251	0.00897	0.00236	0.00388	0.01157	0.00434	0.02871
13	0.01293	0.01031	0.01625	0.02148	0.40177	0.01072	0.01197	0.01512	0.01146	0.11066	0.01479	0.14792	0.01416	0.06212	0.00869	0.00204	0.11007	0.00680	0.00354	0.00719
14	0.01202	0.01051	0.01030	0.00962	0.01175	0.11139	0.00762	0.07816	0.14398	0.04628	0.05744	0.05068	0.19774	0.03790	0.00736	0.00201	0.04353	0.15088	0.00471	0.00612
15	0.00808	0.00617	0.00865	0.01091	0.10930	0.00599	0.00685	0.00945	0.01055	0.01408	0.02540	0.37556	0.05901	0.16702	0.01066	0.00273	0.00429	0.15614	0.00434	0.00482
16	0.01101	0.00944	0.01343	0.39690	0.03852	0.01033	0.01093	0.11067	0.01278	0.01711	0.01551	0.11461	0.06301	0.00724	0.00538	0.00165	0.00564	0.00626	0.00341	0.14616
17	0.12403	0.01168	0.01731	0.23907	0.28277	0.01268	0.04084	0.12090	0.01346	0.07122	0.01077	0.01330	0.00817	0.00532	0.00512	0.00167	0.00621	0.00464	0.00332	0.00752
18	0.01514	0.01791	0.01316	0.01200	0.01388	0.44739	0.00918	0.01649	0.01311	0.01364	0.04460	0.07107	0.11919	0.00838	0.00771	0.00170	0.16061	0.00584	0.00327	0.00575
19	0.01094	0.00894	0.01022	0.11215	0.01358	0.06093	0.00735	0.13635	0.01537	0.02061	0.40115	0.02949	0.03117	0.10848	0.00855	0.00210	0.00452	0.00759	0.00481	0.00572
20	0.01297	0.42022	0.02286	0.11732	0.14451	0.01606	0.06109	0.01546	0.01127	0.01482	0.00965	0.01195	0.00813	0.00493	0.00424	0.00136	0.00585	0.00394	0.10654	0.00683

[dist]
# distance from previous block
# <min> <max>
4	10

[block]
# block no. 3 follows, 45 sequences, length 6
# corresponding to MSA columns:
# 323-328
name=unknown_D
#
# <colnr> <probs for GDERKNQSTAVLIFYWHMCP>
#	G	D	E	R	K	N	Q	S	T	A	V	L	I	F	Y	W	H	M	C	P
0	0.06717	0.01030	0.01301	0.01200	0.09343	0.03133	0.00868	0.08943	0.04986	0.45343	0.09840	0.01888	0.01592	0.00679	0.00536	0.00165	0.00477	0.00558	0.00568	0.00834
1	0.01026	0.09993	0.01104	0.00835	0.01040	0.00899	0.00670	0.08877	0.09404	0.02071	0.40374	0.10292	0.03488	0.01023	0.00594	0.00174	0.00367	0.06649	0.00523	0.00597
2	0.01701	0.05435	0.10586	0.09426	0.02052	0.40660	0.09031	0.11659	0.01519	0.01677	0.00941	0.01122	0.00734	0.00544	0.00509	0.00153	0.00850	0.00411	0.00299	0.00691
3	0.01219	0.01163	0.01971	0.22875	0.19571	0.01229	0.18733	0.09069	0.03475	0.01776	0.01574	0.01835	0.09636	0.00626	0.00603	0.00175	0.02849	0.00593	0.00321	0.00706
4	0.01047	0.00658	0.00858	0.00851	0.00979	0.00661	0.00625	0.07877	0.01223	0.11853	0.04842	0.49444	0.02731	0.01663	0.09181	0.00275	0.03037	0.01144	0.00496	0.00555
5	0.00847	0.06969	0.00856	0.00719	0.00859	0.00652	0.00523	0.01032	0.03530	0.01546	0.10643	0.36248	0.04592	0.10358	0.00820	0.00213	0.00355	0.01011	0.09222	0.09005

[dist]
# distance from previous block
# <min> <max>
0	208

# created by:
# /st0/software/busco_prod/Augustus/scripts/msa2prfl.pl ./align_prep/204060.fa
