[name]
unknown

[dist]
# distance from previous block
# <min> <max>
0	75

[block]
# block no. 0 follows, 48 sequences, length 38
# corresponding to MSA columns:
# 75-112
name=unknown_A
#
# <colnr> <probs for GDERKNQSTAVLIFYWHMCP>
#	G	D	E	R	K	N	Q	S	T	A	V	L	I	F	Y	W	H	M	C	P
0	0.18457	0.01281	0.02273	0.01795	0.08258	0.01276	0.44860	0.09696	0.01276	0.04407	0.01019	0.01258	0.00762	0.00469	0.00527	0.00166	0.00704	0.00509	0.00310	0.00699
1	0.54759	0.01074	0.01023	0.00987	0.07224	0.01212	0.00727	0.10863	0.11287	0.05044	0.01025	0.01091	0.00773	0.00526	0.00390	0.00160	0.00437	0.00363	0.00374	0.00659
2	0.34767	0.16012	0.09755	0.00956	0.01373	0.01454	0.00890	0.25507	0.01415	0.02327	0.00901	0.00985	0.00685	0.00515	0.00400	0.00149	0.00516	0.00346	0.00351	0.00697
3	0.78386	0.01010	0.00832	0.00781	0.03749	0.01156	0.00608	0.03582	0.00939	0.04128	0.00768	0.00881	0.00590	0.00483	0.00334	0.00158	0.00410	0.00295	0.00328	0.00581
4	0.01733	0.01310	0.01454	0.01141	0.01513	0.01443	0.02981	0.58501	0.12077	0.02943	0.08300	0.01559	0.01318	0.00660	0.00525	0.00158	0.00523	0.00523	0.00512	0.00825
5	0.05194	0.11688	0.66706	0.01357	0.02057	0.01286	0.01714	0.01609	0.01068	0.01610	0.00887	0.01041	0.00646	0.00481	0.00461	0.00156	0.00717	0.00362	0.00222	0.00737
6	0.01257	0.00882	0.01048	0.00994	0.03254	0.00937	0.00772	0.03547	0.35365	0.13301	0.12693	0.02966	0.04620	0.00886	0.00571	0.00181	0.00405	0.15097	0.00526	0.00700
7	0.01030	0.02199	0.57196	0.01503	0.02151	0.01136	0.15331	0.01559	0.01145	0.01674	0.09130	0.01428	0.01116	0.00537	0.00521	0.00164	0.00723	0.00478	0.00261	0.00717
8	0.00726	0.00524	0.00686	0.00646	0.00767	0.00484	0.00484	0.00968	0.01452	0.02058	0.78496	0.03833	0.04841	0.01049	0.00605	0.00161	0.00242	0.00928	0.00565	0.00484
9	0.01276	0.01102	0.01160	0.01044	0.01334	0.01276	0.00812	0.02727	0.77840	0.02146	0.02088	0.01914	0.01566	0.00696	0.00522	0.00174	0.00406	0.00580	0.00522	0.00812
10	0.00891	0.00446	0.00668	0.00668	0.00668	0.00446	0.00446	0.00668	0.00668	0.00891	0.00891	0.01560	0.00891	0.01783	0.02005	0.85071	0.00446	0.00446	0.00223	0.00223
11	0.02691	0.09641	0.68636	0.01417	0.02131	0.01268	0.04110	0.01615	0.01080	0.01602	0.00902	0.01065	0.00653	0.00481	0.00474	0.00158	0.00736	0.00375	0.00220	0.00744
12	0.01372	0.82276	0.02689	0.00878	0.01317	0.02030	0.00878	0.01536	0.01043	0.01207	0.00713	0.00823	0.00658	0.00439	0.00329	0.00110	0.00549	0.00274	0.00219	0.00658
13	0.01211	0.01384	0.03028	0.02163	0.02682	0.01298	0.76903	0.01644	0.01211	0.01644	0.01038	0.01384	0.00779	0.00433	0.00606	0.00173	0.00865	0.00606	0.00260	0.00692
14	0.01192	0.01354	0.02950	0.02117	0.02620	0.01270	0.74476	0.01614	0.01204	0.01633	0.01095	0.03932	0.00862	0.00470	0.00607	0.00174	0.00847	0.00633	0.00266	0.00683
15	0.01917	0.02445	0.01454	0.01322	0.01586	0.79907	0.00991	0.02049	0.01454	0.01256	0.00793	0.00925	0.00661	0.00529	0.00463	0.00132	0.00925	0.00330	0.00264	0.00595
16	0.00606	0.00520	0.00520	0.00520	0.00693	0.00433	0.00390	0.00736	0.01170	0.01386	0.05198	0.04938	0.78558	0.01299	0.00606	0.00173	0.00260	0.01083	0.00476	0.00433
17	0.01917	0.02445	0.01454	0.01322	0.01586	0.79907	0.00991	0.02049	0.01454	0.01256	0.00793	0.00925	0.00661	0.00529	0.00463	0.00132	0.00925	0.00330	0.00264	0.00595
18	0.01261	0.01108	0.01783	0.15990	0.50264	0.01154	0.01377	0.01676	0.08998	0.06562	0.01289	0.01514	0.03676	0.00533	0.00514	0.00159	0.00578	0.00496	0.00309	0.00761
19	0.00746	0.00497	0.00560	0.00560	0.00560	0.00497	0.00311	0.00746	0.00746	0.00995	0.01617	0.03358	0.01865	0.81967	0.02612	0.00497	0.00497	0.00746	0.00311	0.00311
20	0.66047	0.01096	0.00938	0.00793	0.01132	0.01254	0.00654	0.19162	0.01233	0.02520	0.00835	0.00927	0.00630	0.00509	0.00363	0.00158	0.00436	0.00321	0.00363	0.00630
21	0.00992	0.00935	0.01580	0.74881	0.09210	0.01146	0.01436	0.01331	0.01037	0.01339	0.00916	0.01361	0.00694	0.00509	0.00513	0.00170	0.00678	0.00456	0.00230	0.00588
22	0.00632	0.00450	0.00593	0.00705	0.00733	0.00422	0.00466	0.00716	0.00968	0.01291	0.02756	0.76978	0.03303	0.06386	0.00771	0.00226	0.00310	0.01416	0.00466	0.00410
23	0.01917	0.02445	0.01454	0.01322	0.01586	0.79907	0.00991	0.02049	0.01454	0.01256	0.00793	0.00925	0.00661	0.00529	0.00463	0.00132	0.00925	0.00330	0.00264	0.00595
24	0.01932	0.02383	0.01444	0.01306	0.01575	0.76778	0.00982	0.02067	0.01455	0.04334	0.00842	0.00958	0.00685	0.00533	0.00465	0.00133	0.00906	0.00338	0.00279	0.00606
25	0.01007	0.00951	0.01608	0.70919	0.13052	0.01150	0.01444	0.01344	0.01044	0.01357	0.00919	0.01356	0.00700	0.00506	0.00512	0.00169	0.00675	0.00456	0.00231	0.00601
26	0.00708	0.00486	0.00590	0.00625	0.00644	0.00481	0.00386	0.00754	0.00847	0.01139	0.04716	0.26924	0.02399	0.50255	0.06466	0.00417	0.00479	0.00956	0.00368	0.00358
27	0.01123	0.01123	0.01572	0.01347	0.01347	0.01572	0.01123	0.01235	0.00786	0.01235	0.00674	0.01123	0.00674	0.00898	0.01684	0.00225	0.81028	0.00449	0.00225	0.00561
28	0.01087	0.16097	0.66372	0.01364	0.02068	0.01333	0.01724	0.01610	0.01076	0.01554	0.00886	0.01039	0.00651	0.00479	0.00461	0.00154	0.00723	0.00361	0.00217	0.00741
29	0.00625	0.00449	0.00593	0.00708	0.00743	0.00417	0.00474	0.00715	0.00988	0.01312	0.02902	0.79227	0.05752	0.01598	0.00653	0.00207	0.00297	0.01447	0.00476	0.00417
30	0.01199	0.16394	0.43404	0.01368	0.01931	0.05085	0.08756	0.01613	0.01097	0.04716	0.00968	0.03273	0.00766	0.00543	0.00566	0.00158	0.06787	0.00420	0.00249	0.00707
31	0.01338	0.74360	0.10307	0.00936	0.01407	0.01947	0.00979	0.01545	0.01047	0.01249	0.00734	0.00849	0.00658	0.00444	0.00345	0.00115	0.00570	0.00285	0.00219	0.00668
32	0.01060	0.09888	0.72347	0.01409	0.02139	0.01268	0.01803	0.01617	0.01080	0.01587	0.00902	0.01060	0.00651	0.00483	0.00473	0.00158	0.00739	0.00370	0.00217	0.00749
33	0.00606	0.00520	0.00520	0.00520	0.00693	0.00433	0.00390	0.00736	0.01170	0.01386	0.05198	0.04938	0.78558	0.01299	0.00606	0.00173	0.00260	0.01083	0.00476	0.00433
34	0.01226	0.01174	0.02003	0.14487	0.67773	0.01208	0.01553	0.01536	0.01148	0.01623	0.00957	0.01284	0.00794	0.00465	0.00509	0.00155	0.00620	0.00457	0.00250	0.00777
35	0.00996	0.00656	0.00757	0.00706	0.00878	0.00627	0.00523	0.07082	0.05803	0.11040	0.09694	0.16124	0.27697	0.12763	0.00881	0.00222	0.00356	0.02179	0.00485	0.00529
36	0.02187	0.00940	0.01293	0.01132	0.08351	0.00849	0.00842	0.07080	0.01500	0.67353	0.01879	0.01671	0.01204	0.00618	0.00515	0.00158	0.00460	0.00507	0.00593	0.00868
37	0.01245	0.01188	0.02023	0.05860	0.73607	0.01196	0.01546	0.01549	0.01164	0.01659	0.01019	0.01417	0.00876	0.00490	0.00515	0.00156	0.00608	0.02831	0.00260	0.00793

[dist]
# distance from previous block
# <min> <max>
0	8

[block]
# block no. 1 follows, 48 sequences, length 86
# corresponding to MSA columns:
# 121-206
name=unknown_B
#
# <colnr> <probs for GDERKNQSTAVLIFYWHMCP>
#	G	D	E	R	K	N	Q	S	T	A	V	L	I	F	Y	W	H	M	C	P
0	0.01084	0.15444	0.67001	0.01369	0.02076	0.01326	0.01732	0.01611	0.01077	0.01558	0.00887	0.01042	0.00651	0.00480	0.00462	0.00154	0.00725	0.00362	0.00217	0.00742
1	0.01471	0.01016	0.01250	0.01293	0.12325	0.02838	0.00895	0.05631	0.31180	0.19931	0.01956	0.08201	0.01600	0.00774	0.00544	0.00174	0.00459	0.07203	0.00496	0.00764
2	0.01725	0.01735	0.01183	0.01062	0.01313	0.48363	0.00807	0.01924	0.03355	0.12263	0.01259	0.01343	0.02149	0.00575	0.00451	0.00135	0.00684	0.00407	0.18656	0.00611
3	0.01157	0.32367	0.50717	0.01244	0.01883	0.01505	0.01516	0.01592	0.01068	0.01469	0.00843	0.00986	0.00653	0.00469	0.00428	0.00143	0.00680	0.00340	0.00218	0.00721
4	0.01917	0.02425	0.01456	0.01319	0.01586	0.78305	0.00991	0.03583	0.01474	0.01296	0.00802	0.00932	0.00665	0.00531	0.00464	0.00133	0.00918	0.00333	0.00269	0.00601
5	0.00630	0.00449	0.00594	0.00708	0.00736	0.00420	0.00469	0.00716	0.00972	0.01296	0.02776	0.78263	0.03328	0.05067	0.00739	0.00221	0.00306	0.01428	0.00469	0.00412
6	0.01064	0.10767	0.71502	0.01403	0.02129	0.01277	0.01792	0.01616	0.01079	0.01582	0.00900	0.01057	0.00651	0.00483	0.00471	0.00157	0.00737	0.00368	0.00217	0.00748
7	0.01372	0.82276	0.02689	0.00878	0.01317	0.02030	0.00878	0.01536	0.01043	0.01207	0.00713	0.00823	0.00658	0.00439	0.00329	0.00110	0.00549	0.00274	0.00219	0.00658
8	0.02302	0.00873	0.01191	0.00913	0.01310	0.00754	0.00754	0.02501	0.01469	0.79122	0.02024	0.01746	0.01270	0.00635	0.00516	0.00159	0.00437	0.00516	0.00635	0.00873
9	0.30646	0.01346	0.05195	0.01021	0.01417	0.01420	0.00878	0.47289	0.01816	0.02832	0.01038	0.01088	0.00752	0.00561	0.00445	0.00156	0.00517	0.00395	0.00431	0.00758
10	0.01917	0.02445	0.01454	0.01322	0.01586	0.79907	0.00991	0.02049	0.01454	0.01256	0.00793	0.00925	0.00661	0.00529	0.00463	0.00132	0.00925	0.00330	0.00264	0.00595
11	0.01029	0.02654	0.79309	0.01462	0.02221	0.01192	0.01896	0.01625	0.01083	0.01625	0.00921	0.01083	0.00650	0.00487	0.00487	0.00162	0.00758	0.00379	0.00217	0.00758
12	0.00625	0.00447	0.00595	0.00714	0.00744	0.00417	0.00476	0.00714	0.00982	0.01310	0.02828	0.81633	0.03394	0.01608	0.00655	0.00208	0.00298	0.01459	0.00476	0.00417
13	0.00624	0.00524	0.00544	0.00548	0.00715	0.00444	0.00417	0.00765	0.01185	0.01428	0.08804	0.04925	0.70991	0.01293	0.00612	0.00176	0.00270	0.04821	0.00481	0.00438
14	0.00624	0.00450	0.00592	0.00705	0.00742	0.00418	0.00472	0.00716	0.00992	0.01314	0.02948	0.77762	0.07187	0.01592	0.00652	0.00207	0.00296	0.01440	0.00476	0.00418
15	0.01658	0.01190	0.01300	0.01075	0.01422	0.01316	0.00862	0.29191	0.40390	0.13179	0.01774	0.01648	0.01278	0.00659	0.00518	0.00165	0.00467	0.00529	0.00535	0.00842
16	0.01364	0.80449	0.04447	0.00891	0.01338	0.02011	0.00901	0.01538	0.01044	0.01217	0.00718	0.00829	0.00658	0.00440	0.00333	0.00111	0.00554	0.00277	0.00219	0.00661
17	0.01049	0.07374	0.74767	0.01428	0.02167	0.01241	0.01835	0.01620	0.01081	0.01600	0.00909	0.01068	0.00650	0.00485	0.00478	0.00159	0.00746	0.00373	0.00217	0.00752
18	0.01150	0.30364	0.48999	0.01226	0.01860	0.01461	0.01482	0.01579	0.01068	0.01481	0.00848	0.00992	0.00658	0.00466	0.00427	0.00140	0.00668	0.00339	0.00222	0.04570
19	0.00748	0.00722	0.07621	0.00742	0.00928	0.00554	0.00646	0.01000	0.01327	0.01819	0.46827	0.04092	0.17195	0.01101	0.00611	0.00175	0.00327	0.12562	0.00504	0.00498
20	0.00714	0.00523	0.00671	0.00647	0.00768	0.00480	0.00486	0.00939	0.01397	0.01946	0.66025	0.07542	0.11413	0.01109	0.00611	0.00167	0.00253	0.03284	0.00550	0.00476
21	0.00978	0.00922	0.01556	0.78316	0.05878	0.01142	0.01430	0.01319	0.01030	0.01322	0.00914	0.01365	0.00688	0.00511	0.00513	0.00170	0.00682	0.00456	0.00229	0.00578
22	0.00741	0.00503	0.00598	0.00601	0.00614	0.00515	0.00361	0.00769	0.00764	0.01031	0.01616	0.05326	0.01826	0.68881	0.13321	0.00535	0.00614	0.00738	0.00310	0.00334
23	0.01159	0.01301	0.02813	0.02035	0.02511	0.01220	0.70154	0.01562	0.01191	0.01614	0.01196	0.08470	0.01009	0.00536	0.00610	0.00176	0.00815	0.00681	0.00279	0.00668
24	0.00610	0.00520	0.00524	0.00523	0.00695	0.00435	0.00392	0.00743	0.01177	0.01405	0.07216	0.04908	0.76529	0.01293	0.00606	0.00173	0.00259	0.01079	0.00479	0.00435
25	0.85592	0.00992	0.00754	0.00675	0.00992	0.01151	0.00556	0.01508	0.00873	0.02302	0.00714	0.00834	0.00556	0.00476	0.00318	0.00159	0.00397	0.00278	0.00318	0.00556
26	0.01029	0.02654	0.79309	0.01462	0.02221	0.01192	0.01896	0.01625	0.01083	0.01625	0.00921	0.01083	0.00650	0.00487	0.00487	0.00162	0.00758	0.00379	0.00217	0.00758
27	0.00723	0.00524	0.00682	0.00642	0.00765	0.00483	0.00482	0.00962	0.01445	0.02041	0.76653	0.03861	0.06695	0.01055	0.00605	0.00162	0.00243	0.00932	0.00563	0.00483
28	0.00746	0.00497	0.00560	0.00560	0.00560	0.00497	0.00311	0.00746	0.00746	0.00995	0.01617	0.03358	0.01865	0.81967	0.02612	0.00497	0.00497	0.00746	0.00311	0.00311
29	0.06283	0.00890	0.01132	0.00898	0.01255	0.00830	0.00732	0.05504	0.08219	0.57682	0.09367	0.01896	0.01590	0.00672	0.00515	0.00160	0.00418	0.00547	0.00597	0.00814
30	0.01123	0.01123	0.01572	0.01347	0.01347	0.01572	0.01123	0.01235	0.00786	0.01235	0.00674	0.01123	0.00674	0.00898	0.01684	0.00225	0.81028	0.00449	0.00225	0.00561
31	0.00742	0.00546	0.00707	0.00730	0.00847	0.00519	0.00570	0.00986	0.03399	0.01769	0.40730	0.14956	0.10520	0.01229	0.00636	0.00188	0.00313	0.19615	0.00521	0.00477
32	0.01147	0.00981	0.01204	0.00867	0.01322	0.00792	0.04490	0.07769	0.01186	0.01804	0.00946	0.01094	0.00771	0.00403	0.00403	0.00088	0.00420	0.00333	0.00320	0.73663
33	0.01153	0.01103	0.01760	0.26732	0.44906	0.03588	0.01407	0.01484	0.02829	0.01585	0.06301	0.01552	0.01095	0.00538	0.00518	0.00160	0.00611	0.01700	0.00277	0.00703
34	0.01190	0.39955	0.43414	0.01189	0.01797	0.01585	0.01419	0.01583	0.01064	0.01429	0.00824	0.00961	0.00654	0.00465	0.00413	0.00138	0.00660	0.00330	0.00218	0.00712
35	0.02884	0.24469	0.56647	0.01286	0.01947	0.01421	0.01589	0.01598	0.01068	0.01524	0.00860	0.01007	0.00650	0.00474	0.00441	0.00148	0.00693	0.00348	0.00220	0.00727
36	0.00720	0.00524	0.00677	0.00639	0.00763	0.00482	0.00479	0.00956	0.01438	0.02023	0.74765	0.03889	0.08594	0.01062	0.00605	0.00162	0.00243	0.00936	0.00560	0.00482
37	0.01029	0.02654	0.79309	0.01462	0.02221	0.01192	0.01896	0.01625	0.01083	0.01625	0.00921	0.01083	0.00650	0.00487	0.00487	0.00162	0.00758	0.00379	0.00217	0.00758
38	0.07333	0.03496	0.06113	0.01095	0.01448	0.12916	0.00917	0.24181	0.27292	0.04011	0.01584	0.01548	0.04540	0.00639	0.00493	0.00158	0.00548	0.00489	0.00442	0.00757
39	0.01025	0.00969	0.01641	0.66244	0.17585	0.01155	0.01453	0.01360	0.01053	0.01379	0.00922	0.01350	0.00708	0.00503	0.00512	0.00168	0.00670	0.00456	0.00233	0.00615
40	0.00615	0.00487	0.00553	0.00606	0.00716	0.00426	0.00428	0.00727	0.01086	0.01352	0.04144	0.39050	0.45127	0.01436	0.00628	0.00189	0.00277	0.01250	0.00476	0.00426
41	0.01050	0.07593	0.74556	0.01426	0.02165	0.01244	0.01833	0.01619	0.01081	0.01599	0.00908	0.01067	0.00651	0.00484	0.00478	0.00159	0.00745	0.00373	0.00217	0.00752
42	0.01297	0.04236	0.24613	0.03692	0.06940	0.08858	0.28272	0.05115	0.01244	0.04975	0.01046	0.01263	0.00779	0.00487	0.00520	0.00159	0.00746	0.00473	0.04577	0.00710
43	0.00784	0.00560	0.00777	0.00892	0.00992	0.00553	0.00749	0.00990	0.01145	0.01499	0.04116	0.21329	0.03078	0.01450	0.00696	0.00229	0.00432	0.58794	0.00475	0.00461
44	0.01264	0.01237	0.02182	0.03045	0.70732	0.01227	0.09530	0.01582	0.01173	0.01673	0.00973	0.01282	0.00809	0.00455	0.00518	0.00155	0.00637	0.00473	0.00255	0.00800
45	0.01055	0.06615	0.72157	0.01480	0.03542	0.01237	0.03725	0.01620	0.01086	0.01605	0.00914	0.01081	0.00657	0.00483	0.00483	0.00160	0.00748	0.00381	0.00219	0.00753
46	0.01145	0.14549	0.23778	0.01025	0.02792	0.01038	0.01029	0.01552	0.06638	0.10598	0.25538	0.04587	0.02194	0.00722	0.00510	0.00155	0.00483	0.00600	0.00405	0.00663
47	0.01670	0.01265	0.01232	0.01060	0.01380	0.13143	0.00833	0.06349	0.42838	0.21741	0.01831	0.01686	0.01317	0.00651	0.00511	0.00163	0.00501	0.00520	0.00511	0.00798
48	0.03396	0.06969	0.04675	0.01006	0.01374	0.02522	0.00862	0.32760	0.07358	0.18621	0.03731	0.01678	0.02958	0.00652	0.00494	0.00154	0.00492	0.02549	0.06974	0.00775
49	0.01231	0.01324	0.07634	0.06863	0.60592	0.01222	0.10426	0.01573	0.01160	0.01650	0.00968	0.01275	0.00791	0.00459	0.00518	0.00156	0.00654	0.00469	0.00251	0.00782
50	0.01506	0.01902	0.15429	0.01798	0.20269	0.27498	0.04751	0.09912	0.04701	0.01691	0.00966	0.01143	0.00764	0.00536	0.00557	0.00153	0.05003	0.00413	0.00289	0.00718
51	0.00625	0.00447	0.00595	0.00714	0.00744	0.00417	0.00476	0.00714	0.00982	0.01310	0.02828	0.81633	0.03394	0.01608	0.00655	0.00208	0.00298	0.01459	0.00476	0.00417
52	0.08010	0.02296	0.61951	0.04904	0.08173	0.01180	0.01718	0.01615	0.01078	0.03182	0.00928	0.01103	0.00669	0.00488	0.00477	0.00162	0.00708	0.00383	0.00237	0.00740
53	0.02943	0.01222	0.05518	0.20512	0.51469	0.01204	0.06644	0.01521	0.01129	0.01602	0.00951	0.01282	0.00769	0.00470	0.00511	0.00159	0.00646	0.00460	0.00248	0.00742
54	0.00625	0.00447	0.00595	0.00714	0.00744	0.00417	0.00476	0.00714	0.00982	0.01310	0.02828	0.81633	0.03394	0.01608	0.00655	0.00208	0.00298	0.01459	0.00476	0.00417
55	0.01107	0.02406	0.67103	0.01527	0.05467	0.01165	0.05222	0.01655	0.01108	0.05565	0.00992	0.01156	0.00706	0.00552	0.01938	0.00174	0.00752	0.00403	0.00243	0.00758
56	0.01081	0.04479	0.68646	0.01523	0.03753	0.01212	0.07384	0.01641	0.01101	0.03169	0.00947	0.01116	0.00675	0.00485	0.00493	0.00162	0.00752	0.00398	0.00229	0.00754
57	0.01029	0.02654	0.79309	0.01462	0.02221	0.01192	0.01896	0.01625	0.01083	0.01625	0.00921	0.01083	0.00650	0.00487	0.00487	0.00162	0.00758	0.00379	0.00217	0.00758
58	0.01262	0.01211	0.02069	0.05166	0.76811	0.01217	0.01571	0.01568	0.01165	0.01667	0.00964	0.01272	0.00809	0.00459	0.00508	0.00153	0.00612	0.00457	0.00253	0.00806
59	0.01277	0.19708	0.41082	0.01423	0.07810	0.04918	0.04757	0.01685	0.01145	0.08360	0.02671	0.01165	0.00817	0.00499	0.00464	0.00149	0.00674	0.00394	0.00269	0.00734
60	0.01704	0.01446	0.08939	0.01154	0.01559	0.01428	0.01009	0.58415	0.06493	0.02869	0.04630	0.05425	0.01188	0.00677	0.00522	0.00159	0.00547	0.00531	0.00486	0.00819
61	0.00675	0.00521	0.00616	0.00596	0.00736	0.00462	0.00445	0.00868	0.01326	0.01766	0.46756	0.06106	0.34948	0.01164	0.00607	0.00167	0.00251	0.01004	0.00527	0.00462
62	0.00689	0.00501	0.00651	0.00681	0.00766	0.00469	0.00485	0.00885	0.02790	0.01710	0.41439	0.38558	0.05854	0.01297	0.00626	0.00183	0.00271	0.01161	0.00522	0.00460
63	0.02128	0.01078	0.01308	0.01011	0.01407	0.01067	0.00833	0.27920	0.05859	0.49160	0.01758	0.01580	0.01150	0.00632	0.00515	0.00158	0.00479	0.00501	0.00588	0.00870
64	0.01211	0.01408	0.05314	0.02236	0.10010	0.01287	0.67296	0.01636	0.01203	0.01646	0.01027	0.01364	0.00778	0.00437	0.00592	0.00171	0.00837	0.00584	0.00258	0.00706
65	0.00827	0.00591	0.00827	0.00945	0.01063	0.00591	0.00827	0.01063	0.01181	0.01536	0.02717	0.05788	0.02953	0.01417	0.00709	0.00236	0.00472	0.75313	0.00472	0.00472
66	0.02161	0.06892	0.01323	0.00950	0.01336	0.06503	0.00786	0.03861	0.04372	0.63538	0.01829	0.01618	0.01186	0.00615	0.00499	0.00154	0.00481	0.00487	0.00572	0.00836
67	0.07189	0.07674	0.57829	0.01292	0.01948	0.01185	0.01575	0.01731	0.01119	0.12321	0.01044	0.01139	0.00729	0.00504	0.00469	0.00158	0.00674	0.00384	0.00282	0.00753
68	0.00625	0.00447	0.00595	0.00714	0.00744	0.00417	0.00476	0.00714	0.00982	0.01310	0.02828	0.81633	0.03394	0.01608	0.00655	0.00208	0.00298	0.01459	0.00476	0.00417
69	0.01270	0.01219	0.02083	0.03149	0.78767	0.01219	0.01575	0.01575	0.01168	0.01676	0.00965	0.01270	0.00813	0.00457	0.00508	0.00152	0.00610	0.00457	0.00254	0.00813
70	0.01285	0.01271	0.02054	0.06974	0.68589	0.05189	0.03967	0.01587	0.01177	0.01635	0.00956	0.01261	0.00797	0.00463	0.00509	0.00153	0.00638	0.00456	0.00253	0.00786
71	0.00626	0.00521	0.00546	0.00540	0.00705	0.00441	0.00405	0.00774	0.01215	0.01494	0.16935	0.04761	0.66755	0.01259	0.00606	0.00171	0.00257	0.01058	0.00491	0.00441
72	0.00625	0.00447	0.00595	0.00714	0.00744	0.00417	0.00476	0.00714	0.00982	0.01310	0.02828	0.81633	0.03394	0.01608	0.00655	0.00208	0.00298	0.01459	0.00476	0.00417
73	0.00745	0.00565	0.00853	0.00878	0.02692	0.00655	0.00663	0.00931	0.00832	0.01202	0.01365	0.01999	0.01272	0.03771	0.78123	0.00809	0.01357	0.00548	0.00274	0.00466
74	0.57729	0.00977	0.00915	0.00766	0.01110	0.01054	0.00631	0.05023	0.01113	0.24746	0.01119	0.01117	0.00778	0.00529	0.00384	0.00159	0.00416	0.00355	0.00419	0.00662
75	0.01255	0.01204	0.02055	0.07065	0.74970	0.01215	0.01567	0.01561	0.01161	0.01658	0.00962	0.01275	0.00806	0.00460	0.00508	0.00153	0.00613	0.00457	0.00253	0.00801
76	0.00746	0.00497	0.00560	0.00560	0.00560	0.00497	0.00311	0.00746	0.00746	0.00995	0.01617	0.03358	0.01865	0.81967	0.02612	0.00497	0.00497	0.00746	0.00311	0.00311
77	0.11549	0.01373	0.01805	0.05261	0.54666	0.13533	0.01355	0.01632	0.01172	0.01673	0.00906	0.01167	0.00753	0.00473	0.00478	0.00151	0.00636	0.00416	0.00262	0.00739
78	0.01358	0.79018	0.05824	0.00902	0.01354	0.01996	0.00920	0.01540	0.01044	0.01224	0.00722	0.00834	0.00658	0.00441	0.00336	0.00112	0.00557	0.00279	0.00219	0.00663
79	0.01993	0.01368	0.01497	0.01148	0.01557	0.01489	0.00948	0.67951	0.02297	0.12501	0.01329	0.01295	0.00921	0.00618	0.00514	0.00155	0.00549	0.00469	0.00528	0.00873
80	0.00606	0.00520	0.00520	0.00520	0.00693	0.00433	0.00390	0.00736	0.01170	0.01386	0.05198	0.04938	0.78558	0.01299	0.00606	0.00173	0.00260	0.01083	0.00476	0.00433
81	0.01917	0.02445	0.01454	0.01322	0.01586	0.79907	0.00991	0.02049	0.01454	0.01256	0.00793	0.00925	0.00661	0.00529	0.00463	0.00132	0.00925	0.00330	0.00264	0.00595
82	0.00625	0.00447	0.00595	0.00714	0.00744	0.00417	0.00476	0.00714	0.00982	0.01310	0.02828	0.81633	0.03394	0.01608	0.00655	0.00208	0.00298	0.01459	0.00476	0.00417
83	0.01029	0.02654	0.79309	0.01462	0.02221	0.01192	0.01896	0.01625	0.01083	0.01625	0.00921	0.01083	0.00650	0.00487	0.00487	0.00162	0.00758	0.00379	0.00217	0.00758
84	0.01039	0.04892	0.77155	0.01446	0.02195	0.01215	0.01867	0.01622	0.01082	0.01613	0.00915	0.01076	0.00650	0.00486	0.00483	0.00161	0.00752	0.00376	0.00217	0.00756
85	0.01332	0.73083	0.11535	0.00945	0.01421	0.01933	0.00995	0.01547	0.01047	0.01255	0.00737	0.00853	0.00657	0.00445	0.00348	0.00116	0.00573	0.00286	0.00219	0.00670

[dist]
# distance from previous block
# <min> <max>
0	0

# created by:
# /st0/software/busco_prod/Augustus/scripts/msa2prfl.pl ./align_prep/204437.fa
