[name]
unknown

[dist]
# distance from previous block
# <min> <max>
7	97

[block]
# block no. 0 follows, 47 sequences, length 16
# corresponding to MSA columns:
# 140-155
name=unknown_A
#
# <colnr> <probs for GDERKNQSTAVLIFYWHMCP>
#	G	D	E	R	K	N	Q	S	T	A	V	L	I	F	Y	W	H	M	C	P
0	0.09886	0.03470	0.09675	0.01143	0.01568	0.04326	0.10993	0.12643	0.06097	0.10572	0.06833	0.02848	0.01208	0.00577	0.00489	0.00147	0.00545	0.00486	0.00395	0.16099
1	0.01385	0.18043	0.08021	0.01104	0.03491	0.10854	0.05104	0.03858	0.07283	0.09883	0.09439	0.01668	0.03684	0.00606	0.00476	0.00140	0.00551	0.01520	0.00370	0.12520
2	0.07177	0.19271	0.11436	0.01260	0.08492	0.05550	0.03710	0.09388	0.05470	0.08029	0.05623	0.01596	0.01187	0.00600	0.00474	0.00150	0.00564	0.04764	0.00357	0.04900
3	0.09121	0.18091	0.05008	0.00922	0.03085	0.03033	0.00773	0.05184	0.09187	0.04012	0.12715	0.07214	0.04574	0.00745	0.01664	0.00154	0.00458	0.00558	0.00386	0.13115
4	0.07343	0.07198	0.16024	0.04863	0.01494	0.04564	0.03255	0.02985	0.09832	0.08313	0.16868	0.02081	0.07486	0.00701	0.00509	0.00157	0.00502	0.00575	0.00403	0.04848
5	0.03321	0.01345	0.13042	0.01048	0.01379	0.08915	0.00943	0.15069	0.03544	0.11661	0.21133	0.04921	0.02009	0.00760	0.00612	0.00163	0.05859	0.00602	0.00447	0.03225
6	0.07129	0.00950	0.01154	0.00918	0.01259	0.00914	0.03690	0.16366	0.04015	0.21897	0.08354	0.06633	0.04740	0.00703	0.00503	0.00149	0.00429	0.00583	0.04580	0.15034
7	0.45742	0.13444	0.01193	0.00809	0.01151	0.01268	0.00681	0.04774	0.11328	0.08279	0.02730	0.02656	0.00940	0.00558	0.00390	0.00154	0.00432	0.00387	0.00377	0.02708
8	0.03662	0.06855	0.46534	0.03379	0.01950	0.01160	0.07745	0.04677	0.01178	0.03275	0.07106	0.05317	0.01196	0.03046	0.00575	0.00175	0.00666	0.00511	0.00292	0.00702
9	0.01358	0.11339	0.02146	0.02746	0.62570	0.01371	0.01460	0.07707	0.01273	0.01771	0.00970	0.01229	0.00810	0.00475	0.00493	0.00149	0.00607	0.00441	0.00275	0.00810
10	0.01054	0.11087	0.01831	0.64146	0.03235	0.01283	0.07490	0.01387	0.01059	0.01345	0.00911	0.01321	0.00699	0.00505	0.00505	0.00166	0.00692	0.00452	0.00233	0.00600
11	0.01348	0.01246	0.02028	0.06737	0.66565	0.01274	0.01526	0.09647	0.01314	0.01853	0.01006	0.01290	0.00825	0.00484	0.00516	0.00156	0.00617	0.00464	0.00285	0.00819
12	0.01089	0.01119	0.06052	0.56529	0.04874	0.04435	0.03593	0.06394	0.01201	0.01558	0.07235	0.01545	0.01053	0.00567	0.00527	0.00169	0.00668	0.00497	0.00281	0.00614
13	0.01174	0.10337	0.43376	0.01233	0.01785	0.01195	0.01401	0.07581	0.05508	0.04864	0.01331	0.08705	0.01148	0.00673	0.00508	0.00165	0.00628	0.04832	0.00320	0.03238
14	0.03242	0.27404	0.37607	0.01202	0.01782	0.01508	0.01363	0.12746	0.01301	0.04237	0.02531	0.01111	0.00801	0.00515	0.00447	0.00147	0.00644	0.00377	0.00288	0.00748
15	0.05802	0.11760	0.15610	0.04476	0.03377	0.08333	0.04455	0.06201	0.07713	0.09169	0.06450	0.03668	0.03551	0.00615	0.00486	0.00151	0.00573	0.00495	0.00363	0.06753

[dist]
# distance from previous block
# <min> <max>
2	32

[block]
# block no. 1 follows, 47 sequences, length 17
# corresponding to MSA columns:
# 188-204
name=unknown_B
#
# <colnr> <probs for GDERKNQSTAVLIFYWHMCP>
#	G	D	E	R	K	N	Q	S	T	A	V	L	I	F	Y	W	H	M	C	P
0	0.02904	0.04076	0.06611	0.09262	0.03261	0.01244	0.07656	0.21698	0.11106	0.13185	0.05297	0.01550	0.01181	0.00616	0.00560	0.00162	0.03523	0.00508	0.02256	0.03343
1	0.01110	0.01059	0.01347	0.13600	0.07854	0.10133	0.07797	0.01431	0.07224	0.03111	0.03308	0.22006	0.03201	0.00833	0.00574	0.00166	0.02387	0.00737	0.00361	0.11762
2	0.01345	0.04782	0.01507	0.01296	0.05089	0.17067	0.01005	0.08290	0.01185	0.01539	0.04488	0.01434	0.05159	0.00762	0.01036	0.00178	0.36598	0.00472	0.00299	0.06471
3	0.01188	0.00921	0.01086	0.00796	0.01234	0.00720	0.00636	0.04027	0.01155	0.07559	0.01104	0.04528	0.00927	0.00466	0.00413	0.00092	0.00393	0.00380	0.00349	0.72024
4	0.00735	0.00535	0.00753	0.04378	0.03243	0.00531	0.00630	0.00855	0.01016	0.01345	0.02570	0.46269	0.06393	0.01661	0.05999	0.06882	0.00444	0.14891	0.00431	0.00440
5	0.01031	0.00581	0.00815	0.00774	0.00825	0.00614	0.00557	0.04984	0.00853	0.04821	0.01094	0.01822	0.01053	0.04543	0.04997	0.61041	0.05194	0.03782	0.00279	0.00338
6	0.01276	0.01224	0.02090	0.06491	0.75257	0.01234	0.01592	0.01587	0.01180	0.01686	0.00977	0.01293	0.00819	0.00466	0.00516	0.00155	0.00622	0.00464	0.00257	0.00814
7	0.01295	0.01119	0.01178	0.01060	0.01354	0.01295	0.00824	0.02767	0.77509	0.02178	0.02120	0.01943	0.01590	0.00707	0.00530	0.00177	0.00412	0.00589	0.00530	0.00824
8	0.01956	0.01419	0.01529	0.01181	0.01590	0.01566	0.00972	0.69940	0.06501	0.06019	0.01327	0.01307	0.00939	0.00630	0.00522	0.00158	0.00559	0.00477	0.00526	0.00882
9	0.00641	0.00461	0.00610	0.00727	0.00765	0.00430	0.00493	0.00738	0.01011	0.01340	0.02949	0.76082	0.05988	0.01614	0.00665	0.00211	0.00307	0.04060	0.00483	0.00426
10	0.00971	0.00485	0.00485	0.00485	0.00607	0.00485	0.00364	0.01213	0.01092	0.01942	0.01699	0.01942	0.01335	0.00607	0.00364	0.00121	0.00243	0.00485	0.84589	0.00485
11	0.01980	0.01459	0.01563	0.01198	0.01615	0.01615	0.00990	0.76713	0.02448	0.03282	0.01250	0.01250	0.00886	0.00625	0.00521	0.00156	0.00573	0.00469	0.00521	0.00886
12	0.00746	0.00549	0.00792	0.00792	0.00869	0.00627	0.00595	0.00901	0.00824	0.01176	0.01436	0.02274	0.01401	0.16909	0.66767	0.00781	0.01246	0.00591	0.00285	0.00440
13	0.00755	0.00512	0.00606	0.00606	0.00619	0.00525	0.00363	0.00782	0.00769	0.01038	0.01606	0.03216	0.01810	0.70720	0.13514	0.00552	0.00630	0.00729	0.00310	0.00337
14	0.00983	0.00926	0.01562	0.80447	0.03587	0.01157	0.01446	0.01331	0.01041	0.01331	0.00926	0.01388	0.00694	0.00521	0.00521	0.00174	0.00694	0.00463	0.00231	0.00579
15	0.01103	0.01014	0.01653	0.62193	0.15774	0.01202	0.01439	0.06640	0.01163	0.01528	0.00957	0.01362	0.00729	0.00519	0.00520	0.00169	0.00673	0.00463	0.00256	0.00641
16	0.05053	0.02979	0.07710	0.09388	0.05616	0.17953	0.15898	0.01632	0.03790	0.01521	0.02700	0.01248	0.00836	0.00588	0.00740	0.00168	0.16311	0.00454	0.00271	0.05145

[dist]
# distance from previous block
# <min> <max>
1	13

[block]
# block no. 2 follows, 47 sequences, length 35
# corresponding to MSA columns:
# 218-229,231-253
name=unknown_C
#
# <colnr> <probs for GDERKNQSTAVLIFYWHMCP>
#	G	D	E	R	K	N	Q	S	T	A	V	L	I	F	Y	W	H	M	C	P
0	0.00971	0.00485	0.00485	0.00485	0.00607	0.00485	0.00364	0.01213	0.01092	0.01942	0.01699	0.01942	0.01335	0.00607	0.00364	0.00121	0.00243	0.00485	0.84589	0.00485
1	0.03764	0.01425	0.01499	0.11725	0.01825	0.08210	0.01025	0.52924	0.04240	0.02720	0.01181	0.01267	0.00861	0.00608	0.00533	0.00158	0.02257	0.00456	0.02530	0.00795
2	0.01139	0.01139	0.01595	0.01367	0.01367	0.01595	0.01139	0.01253	0.00798	0.01253	0.00684	0.01139	0.00684	0.00911	0.01709	0.00228	0.80745	0.00456	0.00228	0.00570
3	0.82611	0.01003	0.00780	0.00693	0.01018	0.01155	0.00571	0.01564	0.00906	0.04883	0.00769	0.00877	0.00588	0.00489	0.00329	0.00161	0.00404	0.00290	0.00333	0.00575
4	0.01464	0.25907	0.30852	0.01196	0.01744	0.04788	0.01290	0.15872	0.03155	0.07578	0.01037	0.01112	0.00774	0.00522	0.00454	0.00146	0.00644	0.00382	0.00318	0.00764
5	0.09527	0.03183	0.11235	0.01071	0.01467	0.05483	0.00955	0.16475	0.19049	0.19963	0.01587	0.05204	0.01185	0.00657	0.00501	0.00164	0.00522	0.00517	0.00472	0.00785
6	0.00971	0.00485	0.00485	0.00485	0.00607	0.00485	0.00364	0.01213	0.01092	0.01942	0.01699	0.01942	0.01335	0.00607	0.00364	0.00121	0.00243	0.00485	0.84589	0.00485
7	0.01046	0.00996	0.01704	0.64095	0.17432	0.01176	0.03433	0.01389	0.01073	0.01408	0.00939	0.01370	0.00721	0.00508	0.00522	0.00170	0.00685	0.00467	0.00237	0.00627
8	0.00745	0.00553	0.00814	0.00814	0.00899	0.00639	0.00622	0.00915	0.00830	0.01192	0.01416	0.02162	0.01352	0.10526	0.73083	0.00809	0.01319	0.00575	0.00282	0.00452
9	0.02336	0.00886	0.01209	0.00927	0.01329	0.00765	0.00765	0.02538	0.01491	0.78810	0.02055	0.01773	0.01289	0.00645	0.00524	0.00161	0.00443	0.00524	0.00645	0.00886
10	0.01139	0.01139	0.01595	0.01367	0.01367	0.01595	0.01139	0.01253	0.00798	0.01253	0.00684	0.01139	0.00684	0.00911	0.01709	0.00228	0.80745	0.00456	0.00228	0.00570
11	0.58040	0.01165	0.00973	0.00843	0.01173	0.05312	0.00683	0.12898	0.10820	0.02402	0.00983	0.01049	0.00747	0.00535	0.00386	0.00161	0.00457	0.00351	0.00375	0.00647
12	0.01055	0.05104	0.76682	0.01466	0.02226	0.01235	0.01893	0.01646	0.01098	0.01636	0.00928	0.01091	0.00660	0.00493	0.00490	0.00163	0.00763	0.00382	0.00220	0.00767
13	0.01545	0.02007	0.42895	0.01318	0.01918	0.03708	0.03715	0.13419	0.01420	0.21131	0.01262	0.01295	0.00856	0.00552	0.00509	0.00162	0.00667	0.00438	0.00375	0.00809
14	0.01045	0.02694	0.79000	0.01484	0.02254	0.01209	0.01924	0.01649	0.01099	0.01649	0.00935	0.01099	0.00660	0.00495	0.00495	0.00165	0.00770	0.00385	0.00220	0.00770
15	0.00634	0.00453	0.00604	0.00725	0.00755	0.00423	0.00483	0.00725	0.00997	0.01329	0.02870	0.81358	0.03444	0.01632	0.00665	0.00211	0.00302	0.01480	0.00483	0.00423
16	0.01018	0.00976	0.01704	0.65005	0.09425	0.01153	0.07819	0.01361	0.01067	0.01389	0.01004	0.03976	0.00802	0.00545	0.00533	0.00173	0.00691	0.00509	0.00244	0.00604
17	0.01031	0.00931	0.01351	0.02493	0.01458	0.00771	0.13662	0.01291	0.01130	0.01659	0.04060	0.04621	0.05719	0.00596	0.00483	0.00121	0.00468	0.05962	0.00337	0.51853
18	0.01022	0.00965	0.01631	0.70741	0.12993	0.01167	0.01465	0.01364	0.01059	0.01377	0.00932	0.01376	0.00711	0.00514	0.00520	0.00171	0.00685	0.00463	0.00235	0.00609
19	0.01105	0.00911	0.01070	0.00775	0.01223	0.00689	0.00618	0.01331	0.01090	0.04000	0.01016	0.03418	0.00864	0.00429	0.00398	0.00084	0.00385	0.00349	0.00324	0.79924
20	0.01392	0.82012	0.02729	0.00891	0.01337	0.02061	0.00891	0.01559	0.01058	0.01225	0.00724	0.00835	0.00668	0.00446	0.00334	0.00111	0.00557	0.00278	0.00223	0.00668
21	0.25973	0.03892	0.01353	0.01276	0.07254	0.46254	0.00920	0.04595	0.01309	0.01686	0.00809	0.00948	0.00659	0.00517	0.00429	0.00144	0.00737	0.00333	0.00291	0.00621
22	0.01474	0.01207	0.01278	0.01096	0.01422	0.01379	0.00867	0.22039	0.57946	0.02466	0.01893	0.01762	0.01406	0.00685	0.00528	0.00171	0.00454	0.00558	0.00528	0.00840
23	0.00905	0.00452	0.00678	0.00678	0.00678	0.00452	0.00452	0.00678	0.00678	0.00905	0.00905	0.01583	0.00905	0.01809	0.02035	0.84848	0.00452	0.00452	0.00226	0.00226
24	0.01392	0.82012	0.02729	0.00891	0.01337	0.02061	0.00891	0.01559	0.01058	0.01225	0.00724	0.00835	0.00668	0.00446	0.00334	0.00111	0.00557	0.00278	0.00223	0.00668
25	0.01080	0.00926	0.01080	0.00771	0.01234	0.00694	0.00617	0.01311	0.01080	0.01697	0.00926	0.01080	0.00771	0.00386	0.00386	0.00077	0.00386	0.00309	0.00309	0.84882
26	0.01295	0.01119	0.01178	0.01060	0.01354	0.01295	0.00824	0.02767	0.77509	0.02178	0.02120	0.01943	0.01590	0.00707	0.00530	0.00177	0.00412	0.00589	0.00530	0.00824
27	0.01980	0.01459	0.01563	0.01198	0.01615	0.01615	0.00990	0.76713	0.02448	0.03282	0.01250	0.01250	0.00886	0.00625	0.00521	0.00156	0.00573	0.00469	0.00521	0.00886
28	0.01130	0.21690	0.53066	0.01352	0.01992	0.01413	0.04955	0.01595	0.01084	0.01528	0.00926	0.02894	0.00732	0.00519	0.00502	0.00155	0.03111	0.00397	0.00229	0.00728
29	0.00973	0.00906	0.01515	0.76701	0.03445	0.01126	0.01393	0.01304	0.01028	0.01316	0.00959	0.01483	0.00750	0.04328	0.00621	0.00189	0.00685	0.00477	0.00235	0.00566
30	0.19776	0.00886	0.01077	0.00856	0.01221	0.00830	0.00703	0.02211	0.01362	0.57018	0.07353	0.01732	0.01401	0.00641	0.00488	0.00161	0.00420	0.00503	0.00571	0.00789
31	0.01289	0.01237	0.02114	0.03196	0.78450	0.01237	0.01598	0.01598	0.01186	0.01701	0.00980	0.01289	0.00825	0.00464	0.00516	0.00155	0.00619	0.00464	0.00258	0.00825
32	0.01305	0.01232	0.02059	0.07102	0.70971	0.01251	0.01562	0.05107	0.01238	0.01756	0.00989	0.01292	0.00821	0.00474	0.00516	0.00156	0.00620	0.00464	0.00269	0.00815
33	0.01369	0.00813	0.01093	0.05176	0.05443	0.00754	0.02154	0.01547	0.03617	0.23234	0.07639	0.28509	0.08891	0.01180	0.00660	0.00212	0.00451	0.06019	0.00552	0.00688
34	0.01269	0.02870	0.07927	0.15757	0.15088	0.00918	0.01082	0.03301	0.01211	0.17710	0.01851	0.16202	0.04595	0.00843	0.00560	0.00178	0.00524	0.07040	0.00404	0.00670

[dist]
# distance from previous block
# <min> <max>
10	39

[block]
# block no. 3 follows, 47 sequences, length 88
# corresponding to MSA columns:
# 301-368,370-389
name=unknown_D
#
# <colnr> <probs for GDERKNQSTAVLIFYWHMCP>
#	G	D	E	R	K	N	Q	S	T	A	V	L	I	F	Y	W	H	M	C	P
0	0.07158	0.19951	0.07416	0.02586	0.01427	0.01379	0.02094	0.21879	0.05204	0.05804	0.04105	0.10177	0.01282	0.02013	0.00563	0.00162	0.03709	0.00547	0.00392	0.02155
1	0.06814	0.37514	0.21273	0.01064	0.01541	0.05812	0.01110	0.08344	0.01227	0.03287	0.03806	0.04152	0.00956	0.00554	0.00425	0.00140	0.00599	0.00401	0.00290	0.00692
2	0.03086	0.04157	0.01402	0.01132	0.03939	0.07504	0.07533	0.18352	0.07701	0.04190	0.05121	0.09076	0.07333	0.00724	0.00535	0.00151	0.01773	0.00607	0.00412	0.15273
3	0.13942	0.01352	0.11258	0.08678	0.03387	0.01239	0.07441	0.22117	0.07462	0.14146	0.03117	0.01397	0.00996	0.00579	0.00500	0.00164	0.00571	0.00472	0.00420	0.00764
4	0.00670	0.00499	0.00651	0.02274	0.00838	0.00484	0.00517	0.00826	0.03839	0.01360	0.02910	0.66481	0.09028	0.01679	0.05071	0.00242	0.00372	0.01346	0.00469	0.00445
5	0.01602	0.23018	0.06642	0.09931	0.07779	0.03119	0.01118	0.36543	0.01724	0.02258	0.01025	0.01142	0.00784	0.00544	0.00468	0.00146	0.00604	0.00409	0.00366	0.00777
6	0.01289	0.01237	0.02114	0.03196	0.78450	0.01237	0.01598	0.01598	0.01186	0.01701	0.00980	0.01289	0.00825	0.00464	0.00516	0.00155	0.00619	0.00464	0.00258	0.00825
7	0.00971	0.00485	0.00485	0.00485	0.00607	0.00485	0.00364	0.01213	0.01092	0.01942	0.01699	0.01942	0.01335	0.00607	0.00364	0.00121	0.00243	0.00485	0.84589	0.00485
8	0.00634	0.00464	0.00596	0.00698	0.00749	0.00426	0.00472	0.00733	0.01031	0.01354	0.04644	0.69904	0.13222	0.01580	0.00657	0.00206	0.00296	0.01420	0.00485	0.00426
9	0.00755	0.00576	0.00699	0.00663	0.00808	0.00543	0.00499	0.01071	0.07333	0.01950	0.56766	0.05296	0.18894	0.01096	0.00609	0.00168	0.00263	0.00954	0.00551	0.00506
10	0.23977	0.01417	0.01303	0.01131	0.01320	0.20578	0.00911	0.01535	0.01010	0.01584	0.00743	0.01007	0.00655	0.00663	0.00929	0.00175	0.33280	0.00368	0.00269	0.07144
11	0.00641	0.00466	0.00604	0.00701	0.00752	0.00430	0.00476	0.00747	0.01052	0.01396	0.08960	0.68224	0.10515	0.01558	0.00656	0.00204	0.00294	0.01403	0.00490	0.00430
12	0.01110	0.00974	0.01245	0.00891	0.01358	0.00762	0.06540	0.02894	0.01120	0.01727	0.00942	0.01109	0.00775	0.00395	0.00406	0.00086	0.00428	0.00336	0.00309	0.76592
13	0.01005	0.00902	0.01291	0.35984	0.07619	0.03797	0.01120	0.01334	0.03899	0.01510	0.04413	0.02712	0.03310	0.00791	0.00564	0.00179	0.00575	0.20062	0.00337	0.08598
14	0.08102	0.01347	0.01852	0.10447	0.46705	0.10984	0.03763	0.04506	0.01230	0.03152	0.00959	0.01228	0.00779	0.00498	0.00523	0.00157	0.02305	0.00439	0.00278	0.00746
15	0.00905	0.00452	0.00678	0.00678	0.00678	0.00452	0.00452	0.00678	0.00678	0.00905	0.00905	0.01583	0.00905	0.01809	0.02035	0.84848	0.00452	0.00452	0.00226	0.00226
16	0.01697	0.04424	0.01621	0.01306	0.03995	0.13922	0.07937	0.25869	0.12414	0.10759	0.02778	0.03051	0.01091	0.00644	0.00601	0.00162	0.06022	0.00506	0.00433	0.00767
17	0.02938	0.01444	0.01561	0.01277	0.03868	0.08660	0.05188	0.50124	0.07861	0.06601	0.01352	0.04364	0.01026	0.00646	0.00525	0.00159	0.00594	0.00513	0.00478	0.00821
18	0.01329	0.65122	0.14653	0.01057	0.01557	0.01886	0.05286	0.01579	0.01074	0.01316	0.00775	0.00908	0.00674	0.00453	0.00375	0.00123	0.00608	0.00314	0.00225	0.00686
19	0.03929	0.14964	0.05916	0.11010	0.13859	0.34544	0.04061	0.03201	0.01283	0.01443	0.00856	0.01060	0.00702	0.00503	0.00464	0.00143	0.00764	0.00376	0.00258	0.00663
20	0.00637	0.00454	0.00604	0.00722	0.00752	0.00425	0.00480	0.00726	0.00992	0.01323	0.02847	0.79875	0.03415	0.03155	0.00702	0.00217	0.00306	0.01467	0.00480	0.00421
21	0.01186	0.01116	0.01886	0.24405	0.53833	0.01179	0.01504	0.01502	0.01143	0.01603	0.01024	0.01433	0.00850	0.00505	0.00517	0.00161	0.00625	0.02047	0.02743	0.00739
22	0.02729	0.06908	0.02951	0.03898	0.22299	0.13054	0.01093	0.16861	0.11663	0.03393	0.01245	0.01419	0.00982	0.00572	0.00488	0.00152	0.00591	0.01734	0.07218	0.00749
23	0.00757	0.00507	0.00578	0.00578	0.00582	0.00511	0.00329	0.00764	0.00760	0.01018	0.01631	0.03355	0.01870	0.78659	0.05659	0.00518	0.00540	0.00750	0.00314	0.00321
24	0.00639	0.00456	0.00606	0.00720	0.00752	0.00426	0.00480	0.00732	0.01003	0.01340	0.04598	0.77931	0.03446	0.03286	0.00705	0.00216	0.00305	0.01453	0.00482	0.00422
25	0.09134	0.26048	0.01925	0.04430	0.07829	0.08832	0.07259	0.08793	0.11473	0.05236	0.01162	0.01258	0.02193	0.00544	0.00469	0.00147	0.01801	0.00422	0.00335	0.00710
26	0.06469	0.21425	0.45992	0.01356	0.01986	0.01413	0.09576	0.01641	0.01098	0.03244	0.00908	0.01067	0.00683	0.00479	0.00459	0.00153	0.00700	0.00380	0.00241	0.00728
27	0.01202	0.01331	0.04111	0.02013	0.09840	0.03179	0.46174	0.01550	0.01148	0.01578	0.01104	0.01676	0.00941	0.00608	0.00805	0.00187	0.15261	0.06349	0.00272	0.00672
28	0.72728	0.04055	0.02306	0.00768	0.01100	0.07320	0.00643	0.03057	0.00973	0.02220	0.00745	0.00865	0.00584	0.00489	0.00341	0.00157	0.00460	0.00292	0.00317	0.00581
29	0.00669	0.00530	0.00601	0.00583	0.00736	0.00462	0.00437	0.00850	0.01312	0.01705	0.37127	0.04522	0.46201	0.01208	0.00615	0.00171	0.00256	0.01030	0.00523	0.00462
30	0.01275	0.01116	0.05606	0.01066	0.01381	0.01080	0.05994	0.23553	0.14325	0.03350	0.03599	0.17120	0.08451	0.00872	0.00584	0.00170	0.02399	0.00743	0.00458	0.06859
31	0.00758	0.00547	0.00738	0.00733	0.00784	0.00608	0.00518	0.00863	0.00802	0.01125	0.01485	0.02609	0.01542	0.37094	0.45121	0.00682	0.02653	0.00641	0.00294	0.00403
32	0.01441	0.01147	0.01864	0.02514	0.54218	0.01131	0.03563	0.05897	0.01326	0.13467	0.07172	0.01566	0.01216	0.00546	0.00528	0.00157	0.00568	0.00515	0.00356	0.00808
33	0.01508	0.01177	0.01310	0.04109	0.01465	0.01329	0.00886	0.37045	0.23148	0.02483	0.03259	0.03385	0.04149	0.03980	0.00714	0.01796	0.04855	0.02159	0.00481	0.00762
34	0.02188	0.00874	0.01178	0.00919	0.01298	0.00769	0.00758	0.04592	0.01510	0.69833	0.06574	0.01999	0.01541	0.00691	0.00535	0.00163	0.00436	0.02657	0.00632	0.00851
35	0.01286	0.01247	0.02167	0.03140	0.74213	0.01242	0.05792	0.01602	0.01188	0.01699	0.00984	0.01295	0.00823	0.00463	0.00521	0.00156	0.00633	0.00472	0.00258	0.00818
36	0.01289	0.01231	0.02062	0.03079	0.74222	0.01241	0.01556	0.01662	0.05371	0.01728	0.01042	0.01325	0.00867	0.00477	0.00516	0.00156	0.00607	0.00471	0.00273	0.00825
37	0.01203	0.01149	0.01958	0.24989	0.57331	0.01215	0.01555	0.01523	0.01145	0.01597	0.00964	0.01317	0.00788	0.00480	0.00517	0.00160	0.00640	0.00464	0.00250	0.00755
38	0.01237	0.01184	0.02020	0.16357	0.65696	0.01224	0.01572	0.01553	0.01161	0.01638	0.00970	0.01306	0.00803	0.00474	0.00516	0.00158	0.00632	0.00464	0.00253	0.00783
39	0.80711	0.01032	0.00810	0.00714	0.01041	0.01193	0.00588	0.05737	0.00974	0.02389	0.00755	0.00869	0.00582	0.00491	0.00333	0.00161	0.00412	0.00292	0.00333	0.00582
40	0.00882	0.06941	0.00986	0.00954	0.01099	0.00713	0.00843	0.01116	0.01188	0.01533	0.02599	0.05482	0.02816	0.01361	0.00689	0.00230	0.00486	0.69128	0.00460	0.00494
41	0.01359	0.01025	0.01197	0.07280	0.05741	0.04036	0.00865	0.13737	0.22242	0.10708	0.12838	0.04298	0.05948	0.00806	0.00556	0.00172	0.00465	0.05520	0.00492	0.00713
42	0.00769	0.00575	0.00719	0.00680	0.00817	0.00548	0.00510	0.01097	0.07361	0.02023	0.64672	0.06246	0.09858	0.01073	0.00609	0.00167	0.00262	0.00942	0.00561	0.00511
43	0.78908	0.00998	0.00800	0.00704	0.01032	0.01137	0.00580	0.01609	0.00933	0.08293	0.00829	0.00918	0.00620	0.00496	0.00338	0.00161	0.00406	0.00301	0.00347	0.00589
44	0.00757	0.00505	0.00568	0.00568	0.00568	0.00505	0.00316	0.00757	0.00757	0.01010	0.01641	0.03408	0.01893	0.81698	0.02651	0.00505	0.00505	0.00757	0.00316	0.00316
45	0.00790	0.00537	0.00703	0.00680	0.00802	0.00494	0.00506	0.01008	0.01391	0.05289	0.60537	0.15768	0.05941	0.01145	0.00620	0.00173	0.00267	0.02292	0.00559	0.00497
46	0.14486	0.03762	0.01239	0.01049	0.02542	0.03647	0.00822	0.15805	0.44321	0.02332	0.01635	0.01573	0.01229	0.00638	0.00484	0.00166	0.00459	0.00498	0.02541	0.00775
47	0.00755	0.00504	0.00569	0.00571	0.00572	0.00503	0.00319	0.00757	0.00762	0.01017	0.01667	0.05060	0.01926	0.80001	0.02608	0.00499	0.00501	0.00773	0.00319	0.00318
48	0.02733	0.06887	0.55133	0.05903	0.02251	0.01267	0.09935	0.04436	0.01167	0.04137	0.00978	0.01156	0.00703	0.00497	0.00499	0.00163	0.00741	0.00414	0.00252	0.00750
49	0.01714	0.20650	0.01746	0.02705	0.01550	0.33615	0.00959	0.16855	0.12105	0.01788	0.01059	0.01125	0.00841	0.00556	0.00457	0.00140	0.00699	0.00386	0.00343	0.00705
50	0.04754	0.01131	0.11492	0.01077	0.03679	0.00887	0.05118	0.03760	0.07740	0.31503	0.13780	0.02080	0.05609	0.00695	0.00530	0.00161	0.00472	0.00589	0.00497	0.04445
51	0.01093	0.13301	0.62272	0.01399	0.02077	0.01326	0.03560	0.01609	0.01094	0.01587	0.02541	0.01132	0.00755	0.00514	0.00523	0.00160	0.03696	0.00391	0.00229	0.00741
52	0.01201	0.01474	0.08645	0.02087	0.02605	0.01300	0.67111	0.01635	0.01201	0.01647	0.01068	0.02926	0.00829	0.00481	0.00641	0.00177	0.03399	0.00609	0.00263	0.00698
53	0.00676	0.00488	0.00641	0.00704	0.00774	0.00453	0.00497	0.00825	0.01169	0.01591	0.27766	0.49924	0.06766	0.01425	0.00648	0.00196	0.00289	0.04207	0.00513	0.00448
54	0.01314	0.01305	0.09007	0.05378	0.37459	0.01201	0.08119	0.03365	0.11763	0.07756	0.01380	0.01550	0.03895	0.00567	0.00574	0.00165	0.03571	0.00516	0.00334	0.00781
55	0.01679	0.01511	0.01492	0.04724	0.07375	0.16225	0.01019	0.35013	0.14914	0.02354	0.01372	0.01425	0.03225	0.00641	0.00574	0.00160	0.04612	0.00482	0.00427	0.00775
56	0.11288	0.00980	0.01206	0.00939	0.01332	0.00935	0.00774	0.12072	0.03704	0.58511	0.01807	0.01609	0.01166	0.00626	0.00502	0.00161	0.00455	0.00492	0.00590	0.00849
57	0.00919	0.00661	0.00808	0.00735	0.00920	0.00625	0.02152	0.08050	0.03018	0.06194	0.32672	0.11253	0.26472	0.01118	0.00606	0.00173	0.00319	0.02240	0.00527	0.00539
58	0.01125	0.02190	0.51473	0.01983	0.20783	0.01229	0.10580	0.01639	0.01136	0.01664	0.00959	0.01181	0.00715	0.00481	0.00514	0.00164	0.00746	0.00431	0.00234	0.00775
59	0.04278	0.09370	0.20993	0.00912	0.02486	0.00870	0.00906	0.01242	0.01237	0.04562	0.25099	0.02905	0.21407	0.00871	0.00539	0.00161	0.00436	0.00722	0.00412	0.00591
60	0.00648	0.00460	0.00606	0.00717	0.00747	0.00433	0.00477	0.00734	0.00982	0.01309	0.02772	0.73845	0.03315	0.07865	0.00820	0.00235	0.00321	0.02827	0.00470	0.00416
61	0.04765	0.28909	0.13796	0.01583	0.15975	0.13359	0.07615	0.01687	0.03409	0.01498	0.00925	0.02578	0.00782	0.00501	0.00448	0.00142	0.00670	0.00398	0.00257	0.00702
62	0.59356	0.01306	0.14057	0.00865	0.01264	0.01174	0.00829	0.07411	0.01081	0.04165	0.03791	0.01059	0.00789	0.00523	0.00383	0.00162	0.00473	0.00345	0.00338	0.00629
63	0.01293	0.01344	0.01672	0.03809	0.45682	0.17024	0.01259	0.01537	0.01239	0.01555	0.01619	0.03638	0.10635	0.00666	0.00533	0.00159	0.00627	0.04706	0.00305	0.00699
64	0.01416	0.01166	0.01528	0.02937	0.07558	0.02443	0.10237	0.25509	0.08276	0.04014	0.03840	0.05724	0.02705	0.00625	0.00513	0.00147	0.00529	0.00544	0.02153	0.18133
65	0.01023	0.00900	0.06908	0.00804	0.01043	0.02949	0.00679	0.10146	0.03264	0.06680	0.19823	0.06469	0.26133	0.06205	0.00720	0.00194	0.00398	0.04614	0.00482	0.00566
66	0.65991	0.01202	0.00919	0.02488	0.01174	0.11404	0.00662	0.03503	0.01039	0.06478	0.00827	0.00931	0.00629	0.00504	0.00362	0.00158	0.00486	0.00311	0.00336	0.00595
67	0.27663	0.01862	0.01292	0.01198	0.04550	0.43522	0.00892	0.10212	0.01391	0.01843	0.00837	0.00959	0.00668	0.00527	0.00432	0.00146	0.00720	0.00339	0.00313	0.00632
68	0.01292	0.01278	0.03617	0.12755	0.62042	0.03869	0.01544	0.04321	0.01222	0.01697	0.00976	0.01284	0.00802	0.00480	0.00514	0.00157	0.00640	0.00458	0.00264	0.00787
69	0.01347	0.03579	0.11665	0.06196	0.16737	0.18135	0.14428	0.04285	0.08336	0.01631	0.01266	0.01462	0.04378	0.00676	0.03454	0.00184	0.00747	0.00492	0.00299	0.00702
70	0.00654	0.00499	0.00605	0.00667	0.00765	0.00450	0.00481	0.00787	0.01129	0.01454	0.11591	0.40574	0.29811	0.01447	0.00646	0.00196	0.00297	0.07013	0.00493	0.00440
71	0.01275	0.01307	0.05156	0.03052	0.69610	0.01242	0.07450	0.01606	0.01186	0.01697	0.00984	0.01291	0.00816	0.00463	0.00522	0.00157	0.00645	0.00473	0.00257	0.00813
72	0.00695	0.00526	0.00640	0.00620	0.00754	0.00472	0.00462	0.00897	0.01361	0.01840	0.51914	0.08564	0.27007	0.01173	0.00617	0.00170	0.00254	0.01019	0.00541	0.00472
73	0.12000	0.00898	0.01173	0.01048	0.07240	0.00834	0.00779	0.03504	0.01410	0.53426	0.10591	0.01859	0.01578	0.00659	0.00509	0.00161	0.00432	0.00537	0.00565	0.00797
74	0.01416	0.78635	0.02677	0.00908	0.01348	0.04299	0.00896	0.02577	0.01089	0.01254	0.00733	0.00844	0.00671	0.00451	0.00341	0.00113	0.00568	0.00283	0.00228	0.00669
75	0.01184	0.00657	0.00849	0.00737	0.00945	0.00600	0.00574	0.04172	0.01496	0.21711	0.51266	0.03321	0.08456	0.00957	0.00588	0.00164	0.00309	0.00827	0.00584	0.00604
76	0.00855	0.00814	0.00765	0.00810	0.03341	0.11485	0.00565	0.01024	0.03028	0.01459	0.10750	0.27005	0.33696	0.01237	0.00605	0.00179	0.00382	0.01060	0.00456	0.00484
77	0.01113	0.00917	0.01163	0.16196	0.01675	0.00794	0.00779	0.02651	0.01110	0.04116	0.00997	0.01197	0.00796	0.00433	0.00418	0.00102	0.00445	0.00355	0.03526	0.61219
78	0.00992	0.00934	0.01578	0.78257	0.05709	0.01159	0.01451	0.01338	0.01045	0.01341	0.00927	0.01386	0.00698	0.00519	0.00521	0.00173	0.00692	0.00463	0.00232	0.00585
79	0.01759	0.01355	0.05741	0.01125	0.01534	0.01365	0.00956	0.45768	0.14941	0.10517	0.01475	0.03116	0.01081	0.00639	0.00515	0.00157	0.00525	0.00501	0.00503	0.06426
80	0.00909	0.00696	0.00939	0.00847	0.00898	0.00791	0.03464	0.03713	0.00873	0.01210	0.03642	0.02506	0.03265	0.38520	0.08545	0.11725	0.16108	0.00639	0.00301	0.00409
81	0.03645	0.16898	0.44457	0.01517	0.05001	0.01386	0.13828	0.01672	0.03941	0.01616	0.00955	0.01132	0.00721	0.00483	0.00482	0.00157	0.00718	0.00410	0.00243	0.00738
82	0.01246	0.01279	0.03504	0.26730	0.47242	0.07956	0.01507	0.01558	0.01165	0.01550	0.00947	0.01285	0.00768	0.00488	0.00513	0.00159	0.00673	0.00451	0.00250	0.00729
83	0.03888	0.01430	0.01742	0.04212	0.45677	0.18510	0.01290	0.03090	0.03694	0.03035	0.03604	0.05324	0.01078	0.00574	0.00511	0.00155	0.00646	0.00502	0.00303	0.00734
84	0.13200	0.05481	0.02645	0.02530	0.03257	0.05511	0.06518	0.10034	0.07419	0.15290	0.03985	0.01814	0.10001	0.00692	0.00601	0.00165	0.07413	0.00536	0.00417	0.02493
85	0.06048	0.02809	0.09458	0.03308	0.19895	0.13080	0.04698	0.01816	0.09068	0.11712	0.02916	0.03459	0.05443	0.00647	0.00518	0.00162	0.00602	0.03276	0.00368	0.00716
86	0.08207	0.01457	0.10628	0.04099	0.04118	0.07370	0.02593	0.31595	0.03434	0.02308	0.02972	0.05028	0.02991	0.00677	0.00545	0.00161	0.02853	0.03343	0.00403	0.05218
87	0.10845	0.02870	0.06116	0.02458	0.12408	0.05294	0.00929	0.04549	0.04280	0.28448	0.11687	0.01731	0.01509	0.00627	0.00498	0.00155	0.00492	0.00511	0.00459	0.04134

[dist]
# distance from previous block
# <min> <max>
1	50

[block]
# block no. 4 follows, 47 sequences, length 58
# corresponding to MSA columns:
# 441-498
name=unknown_E
#
# <colnr> <probs for GDERKNQSTAVLIFYWHMCP>
#	G	D	E	R	K	N	Q	S	T	A	V	L	I	F	Y	W	H	M	C	P
0	0.18955	0.00912	0.01128	0.01195	0.13624	0.00938	0.00800	0.04629	0.08256	0.19072	0.13163	0.03274	0.02923	0.00863	0.05003	0.00200	0.00477	0.00558	0.03338	0.00690
1	0.01123	0.01068	0.01814	0.45177	0.37767	0.01194	0.01516	0.01453	0.01107	0.01500	0.00950	0.01343	0.00754	0.00495	0.00518	0.00165	0.00660	0.00463	0.00243	0.00691
2	0.01808	0.01464	0.01401	0.02397	0.01518	0.13352	0.00919	0.47174	0.09927	0.05195	0.01334	0.01357	0.00977	0.00617	0.00500	0.00152	0.00580	0.00464	0.08070	0.00795
3	0.01640	0.00760	0.00995	0.00816	0.01105	0.00682	0.00653	0.05011	0.01495	0.43377	0.27390	0.04055	0.08044	0.00848	0.00562	0.00164	0.00368	0.00717	0.00601	0.00716
4	0.01000	0.00879	0.01398	0.65382	0.03067	0.01076	0.01268	0.01397	0.05408	0.01459	0.01096	0.01493	0.00830	0.00543	0.00501	0.00167	0.00619	0.00473	0.11366	0.00580
5	0.03058	0.55339	0.20031	0.01132	0.02741	0.01783	0.05443	0.01603	0.02170	0.01391	0.00814	0.00951	0.00687	0.00461	0.00392	0.00130	0.00619	0.00329	0.00231	0.00696
6	0.01433	0.00698	0.00928	0.00779	0.01025	0.00627	0.00616	0.03012	0.01499	0.34413	0.44728	0.02951	0.03314	0.00880	0.00574	0.00163	0.00335	0.00757	0.00602	0.00665
7	0.00771	0.00540	0.00707	0.00661	0.00790	0.00497	0.00497	0.01016	0.01474	0.03726	0.76550	0.03845	0.04836	0.01056	0.00612	0.00164	0.00250	0.00933	0.00575	0.00500
8	0.01381	0.01100	0.01180	0.01049	0.01352	0.01252	0.00819	0.02748	0.71254	0.08484	0.02114	0.01929	0.01565	0.00701	0.00529	0.00175	0.00415	0.00583	0.00539	0.00829
9	0.01080	0.00926	0.01080	0.00771	0.01234	0.00694	0.00617	0.01311	0.01080	0.01697	0.00926	0.01080	0.00771	0.00386	0.00386	0.00077	0.00386	0.00309	0.00309	0.84882
10	0.00638	0.00455	0.00603	0.00720	0.00749	0.00426	0.00478	0.00726	0.00989	0.01319	0.02831	0.78877	0.03395	0.04181	0.00728	0.00221	0.00309	0.01457	0.00478	0.00420
11	0.08314	0.00895	0.01177	0.00909	0.01306	0.00794	0.00751	0.02465	0.01447	0.73306	0.01959	0.01706	0.01237	0.00633	0.00509	0.00161	0.00440	0.00506	0.00621	0.00863
12	0.01180	0.09511	0.01734	0.01435	0.06920	0.04626	0.03585	0.01328	0.00899	0.01296	0.00807	0.02745	0.00782	0.00974	0.05517	0.00237	0.55124	0.00464	0.00240	0.00595
13	0.00760	0.00548	0.00744	0.00855	0.00949	0.00532	0.00695	0.00946	0.01139	0.01487	0.04383	0.29707	0.07454	0.01486	0.00694	0.00226	0.00407	0.46046	0.00483	0.00460
14	0.01527	0.01176	0.01329	0.01030	0.01431	0.01187	0.02274	0.33933	0.13501	0.04866	0.01354	0.04065	0.01055	0.00590	0.00484	0.00136	0.00479	0.00474	0.00450	0.28659
15	0.00744	0.00558	0.00837	0.00837	0.00930	0.00651	0.00651	0.00930	0.00837	0.01209	0.01395	0.02046	0.01302	0.03906	0.79635	0.00837	0.01395	0.00558	0.00279	0.00465
16	0.08065	0.04471	0.13217	0.01121	0.03201	0.14860	0.00992	0.10676	0.03070	0.23431	0.05773	0.01501	0.02537	0.00603	0.00488	0.00152	0.00583	0.00461	0.00427	0.04372
17	0.01318	0.66425	0.16200	0.00992	0.01489	0.01880	0.01067	0.01564	0.01073	0.01317	0.02222	0.00940	0.00747	0.00466	0.00368	0.00122	0.00589	0.00310	0.00229	0.00683
18	0.01229	0.01405	0.03073	0.02195	0.02722	0.01317	0.76558	0.01668	0.01229	0.01668	0.01054	0.01405	0.00790	0.00439	0.00615	0.00176	0.00878	0.00615	0.00263	0.00702
19	0.00641	0.00458	0.00612	0.00733	0.00766	0.00429	0.00495	0.00736	0.01003	0.01337	0.02867	0.78955	0.03430	0.01625	0.00666	0.00212	0.00308	0.03819	0.00483	0.00425
20	0.01199	0.07716	0.62174	0.01384	0.02061	0.06866	0.01691	0.01709	0.01155	0.06004	0.02771	0.01174	0.00796	0.00516	0.00487	0.00159	0.00737	0.00395	0.00256	0.00751
21	0.01117	0.01140	0.01918	0.03212	0.10141	0.01341	0.20746	0.01347	0.00987	0.01421	0.01186	0.01557	0.06342	0.00922	0.05365	0.00234	0.39596	0.00550	0.00262	0.00617
22	0.01289	0.01237	0.02114	0.03196	0.78450	0.01237	0.01598	0.01598	0.01186	0.01701	0.00980	0.01289	0.00825	0.00464	0.00516	0.00155	0.00619	0.00464	0.00258	0.00825
23	0.01239	0.01183	0.02014	0.12473	0.67597	0.01210	0.01554	0.01552	0.01175	0.01666	0.02767	0.01361	0.00904	0.00485	0.00518	0.00157	0.00619	0.00475	0.00262	0.00787
24	0.01677	0.01829	0.11516	0.01428	0.07941	0.27505	0.02501	0.18578	0.06284	0.07469	0.01132	0.01243	0.00861	0.00718	0.03903	0.00183	0.03707	0.00430	0.00360	0.00735
25	0.01880	0.07311	0.06034	0.01179	0.01612	0.02928	0.01022	0.60474	0.04258	0.06279	0.01246	0.01248	0.00890	0.00606	0.00505	0.00154	0.00579	0.00454	0.00484	0.00857
26	0.00662	0.00496	0.00617	0.00675	0.00765	0.00451	0.00483	0.00803	0.01152	0.01516	0.18881	0.42686	0.21984	0.01428	0.00645	0.00195	0.00291	0.05323	0.00502	0.00444
27	0.06346	0.00784	0.02515	0.00906	0.01128	0.00758	0.00754	0.01615	0.13308	0.17307	0.02511	0.14170	0.06582	0.01103	0.00607	0.00200	0.00426	0.27854	0.00507	0.00618
28	0.01211	0.01364	0.02910	0.06384	0.02694	0.01324	0.68343	0.01627	0.01195	0.01627	0.01026	0.01389	0.00779	0.00469	0.00670	0.00178	0.05264	0.00598	0.00260	0.00688
29	0.00891	0.00695	0.00810	0.00808	0.00985	0.00706	0.00640	0.01401	0.20399	0.03106	0.14545	0.09996	0.22531	0.01168	0.00621	0.00192	0.00357	0.19077	0.00510	0.00560
30	0.00639	0.00456	0.00610	0.00730	0.00763	0.00427	0.00491	0.00733	0.01002	0.01334	0.02868	0.79677	0.03434	0.01627	0.00666	0.00212	0.00306	0.03117	0.00483	0.00424
31	0.01289	0.01237	0.02114	0.03196	0.78450	0.01237	0.01598	0.01598	0.01186	0.01701	0.00980	0.01289	0.00825	0.00464	0.00516	0.00155	0.00619	0.00464	0.00258	0.00825
32	0.01179	0.01118	0.01864	0.30941	0.47279	0.01212	0.01502	0.01565	0.05264	0.01593	0.01022	0.01360	0.00819	0.00498	0.00518	0.00163	0.00635	0.00470	0.00263	0.00736
33	0.00634	0.00453	0.00604	0.00725	0.00755	0.00423	0.00483	0.00725	0.00997	0.01329	0.02870	0.81358	0.03444	0.01632	0.00665	0.00211	0.00302	0.01480	0.00483	0.00423
34	0.01484	0.01066	0.01179	0.01022	0.01344	0.01169	0.00804	0.02662	0.59814	0.16727	0.02057	0.01874	0.01498	0.00681	0.00523	0.00169	0.00417	0.00565	0.00542	0.04402
35	0.00983	0.00926	0.01562	0.80447	0.03587	0.01157	0.01446	0.01331	0.01041	0.01331	0.00926	0.01388	0.00694	0.00521	0.00521	0.00174	0.00694	0.00463	0.00231	0.00579
36	0.01920	0.02398	0.01483	0.01337	0.01602	0.73994	0.01010	0.04967	0.01491	0.01352	0.00818	0.00958	0.00680	0.00552	0.00512	0.00138	0.03552	0.00345	0.00277	0.00614
37	0.02130	0.00890	0.01166	0.00918	0.01296	0.00802	0.00750	0.02460	0.09365	0.66442	0.02245	0.01975	0.05707	0.00689	0.00530	0.00164	0.00430	0.00563	0.00623	0.00854
38	0.01001	0.00944	0.01594	0.76010	0.07886	0.01162	0.01455	0.01346	0.01050	0.01352	0.00929	0.01383	0.00702	0.00517	0.00520	0.00172	0.00690	0.00463	0.00233	0.00593
39	0.01289	0.01237	0.02114	0.03196	0.78450	0.01237	0.01598	0.01598	0.01186	0.01701	0.00980	0.01289	0.00825	0.00464	0.00516	0.00155	0.00619	0.00464	0.00258	0.00825
40	0.13048	0.00902	0.01151	0.00895	0.01288	0.00817	0.00739	0.02408	0.01413	0.68946	0.01883	0.01653	0.01196	0.00624	0.00498	0.00161	0.00438	0.00493	0.00603	0.00845
41	0.00947	0.00483	0.00494	0.00503	0.00617	0.00481	0.00373	0.01178	0.01085	0.01897	0.01783	0.07658	0.01487	0.00680	0.00386	0.00128	0.00247	0.00557	0.78535	0.00481
42	0.01080	0.00926	0.01080	0.00771	0.01234	0.00694	0.00617	0.01311	0.01080	0.01697	0.00926	0.01080	0.00771	0.00386	0.00386	0.00077	0.00386	0.00309	0.00309	0.84882
43	0.01816	0.10841	0.04241	0.01222	0.03474	0.36524	0.00976	0.10575	0.03878	0.13720	0.01097	0.01152	0.00830	0.00555	0.00494	0.00140	0.02374	0.00388	0.00359	0.05346
44	0.63713	0.05670	0.00990	0.00762	0.01109	0.01190	0.00637	0.06299	0.01077	0.13117	0.00945	0.01001	0.00692	0.00513	0.00364	0.00158	0.00428	0.00327	0.00374	0.00635
45	0.00799	0.00644	0.00780	0.02474	0.03498	0.03678	0.00578	0.01028	0.01397	0.01903	0.56617	0.05461	0.12812	0.01074	0.00610	0.00169	0.00312	0.05140	0.00526	0.00501
46	0.01424	0.01083	0.01218	0.00950	0.01331	0.01049	0.00760	0.31491	0.04033	0.04400	0.01375	0.11549	0.01202	0.00659	0.00484	0.00132	0.00452	0.00539	0.00432	0.35438
47	0.00696	0.00526	0.00657	0.00754	0.00805	0.02505	0.00526	0.00811	0.01046	0.01386	0.07886	0.64261	0.03336	0.03230	0.03406	0.00236	0.00369	0.06656	0.00473	0.00436
48	0.01080	0.00926	0.01080	0.00771	0.01234	0.00694	0.00617	0.01311	0.01080	0.01697	0.00926	0.01080	0.00771	0.00386	0.00386	0.00077	0.00386	0.00309	0.00309	0.84882
49	0.01246	0.31235	0.42453	0.01289	0.01901	0.04407	0.05563	0.01656	0.01115	0.03441	0.00889	0.01032	0.00686	0.00479	0.00443	0.00145	0.00697	0.00361	0.00236	0.00726
50	0.00905	0.00452	0.00678	0.00678	0.00678	0.00452	0.00452	0.00678	0.00678	0.00905	0.00905	0.01583	0.00905	0.01809	0.02035	0.84848	0.00452	0.00452	0.00226	0.00226
51	0.00708	0.00539	0.00615	0.00613	0.00768	0.00472	0.00467	0.00876	0.01259	0.03552	0.23620	0.09056	0.47753	0.01263	0.00623	0.00179	0.00281	0.06381	0.00510	0.00466
52	0.00848	0.00609	0.00778	0.00788	0.00895	0.01756	0.03121	0.03347	0.03183	0.05844	0.04701	0.49491	0.10715	0.08964	0.00826	0.00227	0.00368	0.02587	0.00471	0.00482
53	0.01535	0.01405	0.01862	0.02373	0.45720	0.14667	0.04967	0.01895	0.07106	0.11609	0.01179	0.01347	0.00915	0.00517	0.00515	0.00155	0.00648	0.00466	0.00331	0.00789
54	0.02201	0.01411	0.01569	0.01227	0.01645	0.01473	0.00993	0.56532	0.02274	0.22177	0.01597	0.01590	0.01130	0.00730	0.00587	0.00186	0.00591	0.00532	0.00599	0.00958
55	0.01213	0.01110	0.01781	0.58695	0.20352	0.01270	0.01518	0.01495	0.01164	0.01559	0.01085	0.01564	0.00871	0.00623	0.00624	0.00199	0.03359	0.00512	0.00291	0.00714
56	0.01190	0.28133	0.48196	0.01327	0.01970	0.01500	0.05855	0.03445	0.01126	0.01553	0.00881	0.01036	0.00675	0.00479	0.00451	0.00148	0.00703	0.00366	0.00231	0.00736
57	0.00818	0.00747	0.00794	0.14612	0.01290	0.06272	0.00633	0.00989	0.01190	0.03264	0.04113	0.04004	0.57187	0.01106	0.00586	0.00172	0.00392	0.00919	0.00428	0.00487

[dist]
# distance from previous block
# <min> <max>
0	1

[block]
# block no. 5 follows, 47 sequences, length 35
# corresponding to MSA columns:
# 500-534
name=unknown_F
#
# <colnr> <probs for GDERKNQSTAVLIFYWHMCP>
#	G	D	E	R	K	N	Q	S	T	A	V	L	I	F	Y	W	H	M	C	P
0	0.79564	0.01123	0.06158	0.00740	0.01093	0.01171	0.00658	0.01539	0.00901	0.02289	0.00740	0.00863	0.00571	0.00484	0.00334	0.00161	0.00428	0.00289	0.00315	0.00578
1	0.85377	0.01007	0.00765	0.00685	0.01007	0.01168	0.00564	0.01531	0.00886	0.02336	0.00725	0.00846	0.00564	0.00483	0.00322	0.00161	0.00403	0.00282	0.00322	0.00564
2	0.00669	0.00512	0.00749	0.00807	0.00871	0.00477	0.04998	0.00782	0.01016	0.01352	0.02829	0.74510	0.05345	0.01552	0.00660	0.00208	0.00335	0.01419	0.00470	0.00440
3	0.01353	0.00976	0.01149	0.00838	0.01288	0.00801	0.00677	0.09388	0.01282	0.12833	0.01120	0.01196	0.00857	0.00448	0.00419	0.00097	0.00413	0.00356	0.00379	0.64130
4	0.00971	0.00485	0.00485	0.00485	0.00607	0.00485	0.00364	0.01213	0.01092	0.01942	0.01699	0.01942	0.01335	0.00607	0.00364	0.00121	0.00243	0.00485	0.84589	0.00485
5	0.01425	0.01724	0.18111	0.02239	0.39614	0.13715	0.01465	0.06487	0.01310	0.05645	0.01108	0.01297	0.02485	0.00520	0.00507	0.00154	0.00682	0.00444	0.00293	0.00777
6	0.00660	0.00465	0.00600	0.00694	0.00721	0.00440	0.00452	0.00737	0.00964	0.01289	0.04486	0.64981	0.03192	0.16491	0.01032	0.00265	0.00338	0.01333	0.00454	0.00405
7	0.01045	0.02694	0.79000	0.01484	0.02254	0.01209	0.01924	0.01649	0.01099	0.01649	0.00935	0.01099	0.00660	0.00495	0.00495	0.00165	0.00770	0.00385	0.00220	0.00770
8	0.85377	0.01007	0.00765	0.00685	0.01007	0.01168	0.00564	0.01531	0.00886	0.02336	0.00725	0.00846	0.00564	0.00483	0.00322	0.00161	0.00403	0.00282	0.00322	0.00564
9	0.00625	0.00528	0.00540	0.00537	0.00709	0.00444	0.00403	0.00765	0.01209	0.01459	0.10829	0.04926	0.72653	0.01300	0.00615	0.00175	0.00262	0.01087	0.00490	0.00444
10	0.00651	0.00510	0.00593	0.00646	0.00756	0.00458	0.00463	0.00801	0.02641	0.01424	0.07265	0.38069	0.38246	0.01436	0.00639	0.00193	0.00291	0.03987	0.00488	0.00444
11	0.02984	0.09024	0.54286	0.01367	0.04214	0.01238	0.01586	0.05497	0.01187	0.06731	0.01002	0.01127	0.00723	0.00498	0.00474	0.00153	0.00682	0.00384	0.00272	0.06569
12	0.01980	0.01459	0.01563	0.01198	0.01615	0.01615	0.00990	0.76713	0.02448	0.03282	0.01250	0.01250	0.00886	0.00625	0.00521	0.00156	0.00573	0.00469	0.00521	0.00886
13	0.01080	0.00926	0.01080	0.00771	0.01234	0.00694	0.00617	0.01311	0.01080	0.01697	0.00926	0.01080	0.00771	0.00386	0.00386	0.00077	0.00386	0.00309	0.00309	0.84882
14	0.00670	0.00496	0.00625	0.00664	0.00755	0.00452	0.00471	0.00826	0.01210	0.01628	0.31604	0.38780	0.17179	0.01363	0.00637	0.00187	0.00274	0.01211	0.00517	0.00452
15	0.00841	0.00626	0.00732	0.00677	0.00851	0.00593	0.00516	0.04389	0.07206	0.04115	0.44102	0.03917	0.27293	0.01086	0.00602	0.00168	0.00284	0.00932	0.00542	0.00529
16	0.01731	0.21701	0.06372	0.01225	0.01571	0.50656	0.01024	0.03969	0.04663	0.01378	0.00862	0.00975	0.00715	0.00522	0.00442	0.00133	0.00804	0.00339	0.00273	0.00646
17	0.85377	0.01007	0.00765	0.00685	0.01007	0.01168	0.00564	0.01531	0.00886	0.02336	0.00725	0.00846	0.00564	0.00483	0.00322	0.00161	0.00403	0.00282	0.00322	0.00564
18	0.00744	0.00558	0.00837	0.00837	0.00930	0.00651	0.00651	0.00930	0.00837	0.01209	0.01395	0.02046	0.01302	0.03906	0.79635	0.00837	0.01395	0.00558	0.00279	0.00465
19	0.00983	0.00926	0.01562	0.80447	0.03587	0.01157	0.01446	0.01331	0.01041	0.01331	0.00926	0.01388	0.00694	0.00521	0.00521	0.00174	0.00694	0.00463	0.00231	0.00579
20	0.01945	0.02482	0.01476	0.01342	0.01610	0.79608	0.01006	0.02079	0.01476	0.01275	0.00805	0.00939	0.00671	0.00537	0.00470	0.00134	0.00939	0.00335	0.00268	0.00604
21	0.01289	0.01237	0.02114	0.03196	0.78450	0.01237	0.01598	0.01598	0.01186	0.01701	0.00980	0.01289	0.00825	0.00464	0.00516	0.00155	0.00619	0.00464	0.00258	0.00825
