[name]
unknown

[dist]
# distance from previous block
# <min> <max>
0	56

[block]
# block no. 0 follows, 49 sequences, length 12
# corresponding to MSA columns:
# 79-90
name=unknown_A
#
# <colnr> <probs for GDERKNQSTAVLIFYWHMCP>
#	G	D	E	R	K	N	Q	S	T	A	V	L	I	F	Y	W	H	M	C	P
0	0.07837	0.00863	0.01144	0.08345	0.01440	0.00892	0.05609	0.05597	0.14353	0.19770	0.02031	0.13005	0.04780	0.00862	0.00548	0.00179	0.00457	0.11166	0.00467	0.00654
1	0.01771	0.08418	0.01313	0.06155	0.01397	0.00969	0.00798	0.06805	0.05587	0.44163	0.09577	0.01753	0.01470	0.00647	0.00545	0.00154	0.03860	0.00515	0.00513	0.03592
2	0.01709	0.00900	0.01106	0.00896	0.01210	0.00886	0.00723	0.11294	0.11170	0.38112	0.05348	0.05112	0.01441	0.00682	0.00542	0.00154	0.03661	0.00549	0.08333	0.06173
3	0.07832	0.00911	0.01503	0.46390	0.07888	0.01049	0.09006	0.01278	0.01023	0.01437	0.01191	0.11079	0.01090	0.00664	0.00550	0.00175	0.02494	0.03596	0.00276	0.00567
4	0.03277	0.00952	0.01228	0.08316	0.01503	0.00922	0.02814	0.12456	0.07557	0.32997	0.08038	0.01669	0.01357	0.00603	0.00493	0.00146	0.00453	0.00499	0.00490	0.14230
5	0.00793	0.00591	0.00660	0.00629	0.00802	0.00543	0.00475	0.04221	0.05297	0.05246	0.19851	0.11283	0.45415	0.01167	0.00589	0.00170	0.00284	0.00991	0.00499	0.00494
6	0.00868	0.00751	0.01021	0.10069	0.08358	0.02774	0.00765	0.01008	0.00956	0.01300	0.08070	0.17902	0.05501	0.19178	0.05222	0.00285	0.14383	0.00775	0.00335	0.00478
7	0.00941	0.00519	0.00569	0.03710	0.00749	0.00538	0.00428	0.03147	0.01056	0.01790	0.01584	0.01942	0.01292	0.05920	0.06060	0.00192	0.00355	0.00491	0.68243	0.00473
8	0.01091	0.04680	0.34509	0.08264	0.02077	0.03288	0.15873	0.04995	0.01149	0.01594	0.04264	0.01493	0.05794	0.00587	0.00620	0.00166	0.08126	0.00493	0.00268	0.00668
9	0.08660	0.00638	0.00837	0.05866	0.01071	0.00649	0.03814	0.05352	0.01059	0.03960	0.02237	0.48325	0.04118	0.07715	0.00746	0.00215	0.00390	0.03446	0.00424	0.00478
10	0.09114	0.01049	0.01518	0.16887	0.10150	0.01082	0.10152	0.13836	0.02854	0.11803	0.01230	0.06160	0.00979	0.00572	0.00492	0.00153	0.00548	0.00504	0.00365	0.10552
11	0.02991	0.01087	0.01346	0.06706	0.01554	0.01094	0.05730	0.30007	0.04469	0.05650	0.02539	0.06392	0.01077	0.00662	0.02229	0.00151	0.00513	0.00495	0.00406	0.24904

[dist]
# distance from previous block
# <min> <max>
12	52

[block]
# block no. 1 follows, 49 sequences, length 22
# corresponding to MSA columns:
# 158-179
name=unknown_B
#
# <colnr> <probs for GDERKNQSTAVLIFYWHMCP>
#	G	D	E	R	K	N	Q	S	T	A	V	L	I	F	Y	W	H	M	C	P
0	0.06945	0.06763	0.02907	0.05363	0.01376	0.05487	0.05546	0.08144	0.04566	0.11551	0.03994	0.06533	0.01205	0.00680	0.02414	0.00154	0.00495	0.00497	0.10265	0.15115
1	0.09917	0.16989	0.20003	0.18960	0.04680	0.02721	0.01192	0.04409	0.05053	0.06528	0.00996	0.01186	0.00762	0.01892	0.00477	0.00154	0.00594	0.00388	0.00285	0.02814
2	0.12619	0.03156	0.01357	0.03247	0.03903	0.39564	0.02831	0.07714	0.04330	0.07061	0.01037	0.01129	0.02102	0.00529	0.00447	0.00137	0.00685	0.00375	0.00326	0.07451
3	0.38226	0.03520	0.13058	0.00938	0.01316	0.11252	0.00863	0.05641	0.05266	0.08601	0.02994	0.02677	0.00874	0.00543	0.00410	0.00152	0.00523	0.00381	0.00345	0.02420
4	0.01177	0.01139	0.01686	0.06010	0.54015	0.07325	0.01267	0.01414	0.01104	0.01495	0.01158	0.07955	0.01109	0.10099	0.00751	0.00194	0.00591	0.00553	0.00274	0.00684
5	0.00835	0.00721	0.06964	0.00646	0.00881	0.00527	0.00554	0.01014	0.01195	0.10543	0.09409	0.06070	0.56524	0.01131	0.00579	0.00168	0.00316	0.00945	0.00473	0.00506
6	0.00802	0.00753	0.07084	0.00802	0.00981	0.00632	0.00681	0.01182	0.10242	0.01788	0.37088	0.14076	0.06680	0.01096	0.00602	0.00180	0.00346	0.13969	0.00493	0.00524
7	0.00683	0.00531	0.00770	0.16540	0.01276	0.00551	0.00654	0.00820	0.00977	0.01291	0.02415	0.66015	0.02818	0.01372	0.00618	0.00198	0.00368	0.01243	0.00421	0.00441
8	0.01165	0.01272	0.02602	0.01859	0.02358	0.01160	0.62126	0.01551	0.01165	0.01625	0.00999	0.01302	0.00764	0.00416	0.00553	0.00152	0.00758	0.00538	0.00264	0.17371
9	0.01049	0.00899	0.01049	0.00749	0.01198	0.00674	0.00599	0.01273	0.01049	0.01648	0.00899	0.01049	0.00749	0.00374	0.00374	0.00075	0.00374	0.00300	0.00300	0.85320
10	0.00990	0.00934	0.01579	0.71916	0.12309	0.01133	0.01422	0.01322	0.01028	0.01334	0.00905	0.01337	0.00689	0.00499	0.00505	0.00166	0.00666	0.00450	0.00228	0.00590
11	0.00644	0.00457	0.00595	0.00677	0.00715	0.00429	0.00451	0.00743	0.01007	0.01359	0.13439	0.61633	0.03371	0.10923	0.00864	0.00232	0.00309	0.01281	0.00463	0.00408
12	0.01139	0.00693	0.00716	0.00645	0.00828	0.00736	0.00501	0.14080	0.09220	0.02127	0.01619	0.01773	0.01249	0.00602	0.00396	0.00129	0.00306	0.00479	0.62195	0.00570
13	0.01287	0.01148	0.01157	0.01042	0.01327	0.04945	0.00809	0.02656	0.74577	0.02074	0.01999	0.01841	0.01502	0.00678	0.00512	0.00170	0.00424	0.00560	0.00503	0.00790
14	0.00616	0.00440	0.00587	0.00704	0.00733	0.00411	0.00469	0.00704	0.00968	0.01291	0.02787	0.81899	0.03344	0.01584	0.00645	0.00205	0.00293	0.01438	0.00469	0.00411
15	0.00955	0.00899	0.01517	0.81013	0.03483	0.01123	0.01404	0.01292	0.01011	0.01292	0.00899	0.01348	0.00674	0.00506	0.00506	0.00169	0.00674	0.00449	0.00225	0.00562
16	0.02003	0.01288	0.01438	0.01102	0.01504	0.01377	0.00911	0.60031	0.02162	0.20848	0.01395	0.01332	0.00951	0.00611	0.00506	0.00153	0.00527	0.00468	0.00534	0.00860
17	0.00727	0.00524	0.00723	0.00723	0.00782	0.00583	0.00520	0.00845	0.00786	0.01108	0.01436	0.02440	0.01461	0.30709	0.53578	0.00702	0.01058	0.00608	0.00283	0.00402
18	0.67665	0.01026	0.00882	0.00751	0.01083	0.01159	0.00619	0.11652	0.01111	0.08848	0.00880	0.00949	0.00648	0.00501	0.00355	0.00156	0.00416	0.00318	0.00365	0.00615
19	0.03775	0.04294	0.14017	0.01215	0.01677	0.01347	0.07185	0.40972	0.03800	0.13209	0.01244	0.01264	0.00872	0.00563	0.00496	0.00153	0.00581	0.00450	0.00437	0.02449
20	0.14128	0.48755	0.05676	0.02945	0.01339	0.02731	0.00851	0.01634	0.01077	0.12369	0.02377	0.01028	0.00798	0.00481	0.00369	0.00127	0.00513	0.00327	0.00297	0.02177
21	0.21543	0.02393	0.03199	0.21076	0.04466	0.01012	0.00895	0.07718	0.01130	0.04504	0.01171	0.02870	0.03539	0.00562	0.00441	0.00145	0.00490	0.03680	0.00323	0.18842

[dist]
# distance from previous block
# <min> <max>
6	28

[block]
# block no. 2 follows, 49 sequences, length 111
# corresponding to MSA columns:
# 208-318
name=unknown_C
#
# <colnr> <probs for GDERKNQSTAVLIFYWHMCP>
#	G	D	E	R	K	N	Q	S	T	A	V	L	I	F	Y	W	H	M	C	P
0	0.09629	0.17332	0.21014	0.01052	0.01471	0.03306	0.02454	0.15158	0.01292	0.06271	0.01291	0.15113	0.01180	0.00693	0.00470	0.00155	0.00547	0.00554	0.00347	0.00671
1	0.02907	0.00996	0.07894	0.00905	0.01208	0.00868	0.00785	0.16647	0.05448	0.18500	0.26691	0.06273	0.02425	0.00816	0.00543	0.00161	0.00412	0.03770	0.00512	0.02239
2	0.09193	0.01315	0.01395	0.01088	0.01473	0.01444	0.00897	0.63006	0.03328	0.04379	0.01239	0.02303	0.00923	0.00619	0.00491	0.00152	0.00526	0.02122	0.00483	0.03625
3	0.01335	0.00997	0.01178	0.06172	0.01421	0.00907	0.00739	0.17032	0.03743	0.09264	0.01121	0.01251	0.00867	0.02596	0.00484	0.00118	0.00441	0.00381	0.00375	0.49578
4	0.00734	0.00493	0.00562	0.00559	0.00569	0.00489	0.00321	0.00755	0.00796	0.01072	0.08355	0.03350	0.02095	0.75119	0.02401	0.00461	0.00468	0.00751	0.00328	0.00321
5	0.00705	0.00478	0.00560	0.00590	0.00598	0.00470	0.00348	0.00727	0.00794	0.01059	0.01896	0.23231	0.02220	0.61786	0.02085	0.00418	0.00440	0.00913	0.00348	0.00333
6	0.03517	0.01399	0.24672	0.01248	0.08847	0.00907	0.01135	0.02005	0.01292	0.42351	0.06303	0.01589	0.01229	0.00588	0.00501	0.00157	0.00528	0.00483	0.00456	0.00791
7	0.01398	0.01121	0.01328	0.01101	0.01405	0.03535	0.07983	0.23579	0.28471	0.06073	0.01863	0.08866	0.04718	0.04123	0.00621	0.00181	0.00494	0.01943	0.00470	0.00727
8	0.00616	0.00440	0.00587	0.00704	0.00733	0.00411	0.00469	0.00704	0.00968	0.01291	0.02787	0.81899	0.03344	0.01584	0.00645	0.00205	0.00293	0.01438	0.00469	0.00411
9	0.01995	0.01156	0.01331	0.01038	0.01419	0.02412	0.00852	0.38592	0.05993	0.34901	0.01583	0.01480	0.01069	0.00713	0.02896	0.00174	0.00525	0.00484	0.00546	0.00840
10	0.01302	0.36091	0.35168	0.01189	0.03231	0.03202	0.02673	0.01654	0.01098	0.08753	0.00924	0.01027	0.00707	0.00473	0.00419	0.00137	0.00633	0.00347	0.00256	0.00713
11	0.00938	0.00788	0.00933	0.00889	0.01023	0.07688	0.00693	0.08206	0.01014	0.01369	0.01291	0.01820	0.01172	0.03206	0.65729	0.00691	0.01241	0.00515	0.00292	0.00502
12	0.00615	0.00513	0.00536	0.00531	0.00694	0.00434	0.00398	0.00759	0.01194	0.01464	0.15982	0.04706	0.67949	0.01244	0.00597	0.00169	0.00254	0.01045	0.00482	0.00434
13	0.01108	0.16874	0.51730	0.01462	0.02110	0.01343	0.15387	0.01589	0.01083	0.01530	0.00891	0.01075	0.00665	0.00462	0.00473	0.00153	0.00729	0.00395	0.00222	0.00718
14	0.01963	0.01439	0.01434	0.01130	0.01510	0.11894	0.00919	0.51693	0.04138	0.16756	0.01321	0.01284	0.00922	0.00601	0.00500	0.00150	0.00577	0.00451	0.00495	0.00822
15	0.01748	0.01303	0.01404	0.01116	0.01485	0.01451	0.00910	0.56362	0.19558	0.04874	0.01430	0.01401	0.01037	0.00712	0.02670	0.00174	0.00539	0.00486	0.00505	0.00835
16	0.01363	0.01080	0.01713	0.26378	0.39814	0.03237	0.01344	0.01651	0.01170	0.15668	0.01120	0.01357	0.00840	0.00501	0.00502	0.00156	0.00601	0.00457	0.00311	0.00733
17	0.01234	0.09607	0.02161	0.08753	0.58034	0.01285	0.08600	0.01534	0.01132	0.01574	0.00928	0.01224	0.00772	0.00451	0.00492	0.00149	0.00624	0.00446	0.00245	0.00756
18	0.01820	0.01268	0.01392	0.01094	0.01461	0.01379	0.00892	0.61259	0.04556	0.10169	0.01452	0.08348	0.01136	0.00697	0.00519	0.00158	0.00517	0.00550	0.00514	0.00819
19	0.01190	0.01327	0.05659	0.04109	0.09012	0.01315	0.46286	0.04677	0.01142	0.01593	0.00954	0.01297	0.00756	0.00589	0.02227	0.00189	0.16215	0.00534	0.00257	0.00670
20	0.01255	0.65819	0.03599	0.07897	0.01471	0.01789	0.00913	0.01440	0.01004	0.01204	0.00777	0.00965	0.00702	0.00727	0.07011	0.00175	0.02091	0.00313	0.00222	0.00625
21	0.00734	0.00493	0.00565	0.00563	0.00571	0.00494	0.00324	0.00750	0.00767	0.01030	0.04782	0.03287	0.01942	0.76394	0.04940	0.00487	0.00507	0.00737	0.00316	0.00318
22	0.01014	0.02616	0.79609	0.01441	0.02189	0.01174	0.01868	0.01601	0.01068	0.01601	0.00907	0.01068	0.00641	0.00480	0.00480	0.00160	0.00747	0.00374	0.00214	0.00747
23	0.00841	0.00720	0.00747	0.00710	0.00917	0.00731	0.00541	0.01445	0.29439	0.01638	0.03900	0.06961	0.47332	0.01075	0.00569	0.00172	0.00311	0.00900	0.00486	0.00563
24	0.00611	0.00495	0.00543	0.00569	0.00701	0.00427	0.00412	0.00737	0.01128	0.01397	0.10018	0.23894	0.54629	0.01338	0.00609	0.00178	0.00264	0.01148	0.00476	0.00427
25	0.01902	0.01407	0.01506	0.01159	0.01561	0.01559	0.00956	0.75150	0.04649	0.03155	0.01239	0.01234	0.00880	0.00609	0.00506	0.00152	0.00552	0.00459	0.00506	0.00858
26	0.85801	0.00978	0.00743	0.00665	0.00978	0.01134	0.00548	0.01486	0.00861	0.02269	0.00704	0.00821	0.00548	0.00469	0.00313	0.00156	0.00391	0.00274	0.00313	0.00548
27	0.00955	0.00899	0.01517	0.81013	0.03483	0.01123	0.01404	0.01292	0.01011	0.01292	0.00899	0.01348	0.00674	0.00506	0.00506	0.00169	0.00674	0.00449	0.00225	0.00562
28	0.00650	0.00460	0.00604	0.00704	0.00738	0.00437	0.00479	0.00743	0.00965	0.01285	0.04046	0.63887	0.03144	0.11698	0.00892	0.00243	0.00332	0.07840	0.00450	0.00404
29	0.02269	0.00861	0.01174	0.00900	0.01291	0.00743	0.00743	0.02464	0.01447	0.79425	0.01995	0.01721	0.01252	0.00626	0.00509	0.00156	0.00430	0.00509	0.00626	0.00861
30	0.00815	0.00582	0.00815	0.00931	0.01048	0.00582	0.00815	0.01048	0.01164	0.01513	0.02677	0.05704	0.02910	0.01397	0.00698	0.00233	0.00466	0.75671	0.00466	0.00466
31	0.00688	0.00526	0.00638	0.00645	0.00781	0.00476	0.00504	0.00881	0.01269	0.01671	0.35788	0.05861	0.32362	0.01203	0.00616	0.00178	0.00288	0.14664	0.00506	0.00455
32	0.01299	0.00702	0.00896	0.00758	0.00990	0.00653	0.00598	0.08106	0.01505	0.26207	0.44250	0.02969	0.07186	0.00882	0.00561	0.00158	0.00327	0.00756	0.00569	0.00627
33	0.00735	0.00490	0.00552	0.00552	0.00552	0.00490	0.00306	0.00735	0.00735	0.00980	0.01593	0.03309	0.01838	0.82229	0.02574	0.00490	0.00490	0.00735	0.00306	0.00306
34	0.02069	0.00832	0.01110	0.00870	0.01219	0.00738	0.00703	0.02299	0.04561	0.68160	0.03148	0.01899	0.01370	0.07781	0.00691	0.00186	0.00431	0.00537	0.00592	0.00804
35	0.07169	0.00773	0.00997	0.00812	0.01113	0.00705	0.00654	0.01959	0.03778	0.49195	0.23366	0.03523	0.02231	0.00747	0.00523	0.00158	0.00371	0.00623	0.00580	0.00724
36	0.01680	0.00992	0.01156	0.00975	0.01305	0.01043	0.00777	0.02594	0.46127	0.34398	0.02032	0.01818	0.01422	0.00661	0.00512	0.00165	0.00413	0.00545	0.00561	0.00826
37	0.00684	0.00504	0.00640	0.00631	0.00743	0.00460	0.00464	0.00884	0.01320	0.01822	0.56918	0.16631	0.14112	0.01155	0.00605	0.00168	0.00250	0.01019	0.00531	0.00460
38	0.29557	0.01034	0.01052	0.00888	0.01217	0.01132	0.00717	0.11897	0.25108	0.18337	0.01553	0.01477	0.02745	0.00604	0.00447	0.00161	0.00421	0.00456	0.00469	0.00729
39	0.00884	0.00900	0.09347	0.01011	0.05771	0.01942	0.00824	0.01305	0.11745	0.01738	0.25312	0.10912	0.05495	0.01035	0.00595	0.00183	0.00410	0.19575	0.00457	0.00561
40	0.01014	0.02616	0.79609	0.01441	0.02189	0.01174	0.01868	0.01601	0.01068	0.01601	0.00907	0.01068	0.00641	0.00480	0.00480	0.00160	0.00747	0.00374	0.00214	0.00747
41	0.00923	0.00575	0.00718	0.00686	0.00819	0.00541	0.00507	0.02739	0.02515	0.10821	0.28946	0.14069	0.11054	0.14971	0.00931	0.00228	0.00340	0.06339	0.01787	0.00492
42	0.00825	0.00595	0.00745	0.00694	0.00842	0.00577	0.00528	0.01199	0.10344	0.04334	0.64551	0.03558	0.05632	0.00994	0.00586	0.00162	0.00268	0.02490	0.00550	0.00525
43	0.01258	0.01086	0.01143	0.01029	0.01315	0.01258	0.00800	0.02687	0.78161	0.02115	0.02058	0.01887	0.01544	0.00686	0.00515	0.00172	0.00400	0.00572	0.00515	0.00800
44	0.85801	0.00978	0.00743	0.00665	0.00978	0.01134	0.00548	0.01486	0.00861	0.02269	0.00704	0.00821	0.00548	0.00469	0.00313	0.00156	0.00391	0.00274	0.00313	0.00548
45	0.01838	0.08851	0.01532	0.01257	0.01538	0.69191	0.00965	0.05389	0.02522	0.01334	0.00813	0.00931	0.00673	0.00520	0.00448	0.00130	0.00859	0.00331	0.00272	0.00607
46	0.01907	0.01504	0.01503	0.01174	0.01563	0.08970	0.00960	0.68908	0.03688	0.02983	0.01189	0.01198	0.00853	0.00600	0.00501	0.00150	0.00587	0.00445	0.00483	0.00833
47	0.00671	0.00491	0.00632	0.00670	0.00752	0.00458	0.00474	0.00854	0.02853	0.01624	0.34962	0.42320	0.08723	0.01313	0.00619	0.00183	0.00270	0.01175	0.00507	0.00448
48	0.00735	0.00490	0.00552	0.00552	0.00552	0.00490	0.00306	0.00735	0.00735	0.00980	0.01593	0.03309	0.01838	0.82229	0.02574	0.00490	0.00490	0.00735	0.00306	0.00306
49	0.09927	0.01076	0.01748	0.29876	0.43300	0.01169	0.02808	0.01456	0.01073	0.01590	0.00909	0.01243	0.00730	0.00471	0.00485	0.00158	0.00609	0.00435	0.00248	0.00689
50	0.16621	0.01161	0.01815	0.02660	0.64878	0.01189	0.01369	0.01540	0.01099	0.01764	0.00906	0.01173	0.00755	0.00454	0.00466	0.00151	0.00563	0.00418	0.00262	0.00755
51	0.00742	0.00567	0.00702	0.00764	0.00881	0.00553	0.00596	0.01020	0.08308	0.01493	0.06787	0.28320	0.19982	0.01345	0.00638	0.00201	0.00349	0.25804	0.00477	0.00472
52	0.01304	0.71239	0.13526	0.00947	0.01424	0.01884	0.01007	0.01526	0.01033	0.01248	0.00732	0.00847	0.00648	0.00439	0.00347	0.00116	0.00570	0.00285	0.00216	0.00663
53	0.00850	0.00572	0.00695	0.00679	0.00811	0.00544	0.00502	0.01103	0.06912	0.07356	0.26894	0.15622	0.16148	0.10935	0.00831	0.00213	0.00321	0.05830	0.02694	0.00489
54	0.01113	0.01425	0.15996	0.01955	0.17846	0.01123	0.34187	0.01528	0.02563	0.01662	0.07391	0.01677	0.01187	0.00536	0.00550	0.00162	0.00687	0.03929	0.00288	0.04198
55	0.42889	0.01634	0.32034	0.04378	0.01646	0.01147	0.05293	0.01518	0.00964	0.01908	0.00813	0.00981	0.00607	0.00493	0.00428	0.01463	0.00569	0.00341	0.00265	0.00629
56	0.00608	0.00493	0.00533	0.00562	0.00690	0.00425	0.00402	0.00721	0.01089	0.01331	0.04389	0.24146	0.56687	0.04736	0.00692	0.00193	0.00275	0.01146	0.00463	0.00418
57	0.17007	0.01307	0.17628	0.00999	0.01429	0.01013	0.00959	0.09490	0.07306	0.32178	0.01491	0.04702	0.01065	0.00609	0.00473	0.00160	0.00494	0.00476	0.00455	0.00756
58	0.03246	0.02419	0.68399	0.01534	0.04621	0.01183	0.08424	0.01598	0.01076	0.01622	0.00914	0.01093	0.00654	0.00474	0.00487	0.00161	0.00743	0.00393	0.00221	0.00738
59	0.05718	0.00830	0.01060	0.00851	0.01175	0.00768	0.00682	0.02179	0.08584	0.56097	0.07536	0.01986	0.01557	0.07800	0.00687	0.00187	0.00417	0.00553	0.00568	0.00764
60	0.11071	0.00713	0.00854	0.00747	0.00997	0.00666	0.00584	0.01595	0.03863	0.32679	0.11239	0.15223	0.15855	0.00927	0.00534	0.00168	0.00350	0.00778	0.00525	0.00629
61	0.78486	0.00968	0.00781	0.00686	0.01005	0.01100	0.00565	0.01572	0.00912	0.09025	0.00817	0.00900	0.00609	0.00483	0.00330	0.00156	0.00395	0.00294	0.00340	0.00575
62	0.00871	0.00541	0.00696	0.00662	0.00789	0.00495	0.00484	0.01051	0.01276	0.10547	0.46184	0.16138	0.08296	0.08740	0.00781	0.00198	0.00294	0.00945	0.00522	0.00491
63	0.08868	0.00701	0.00702	0.00639	0.00827	0.00750	0.00497	0.11799	0.07972	0.02104	0.01569	0.03780	0.01243	0.00615	0.00392	0.00133	0.00310	0.00485	0.56057	0.00559
64	0.08287	0.00559	0.00689	0.00717	0.00839	0.00533	0.00526	0.01027	0.01096	0.10293	0.12180	0.45748	0.07900	0.01277	0.00595	0.00189	0.00320	0.06254	0.00484	0.00487
65	0.33034	0.00845	0.00929	0.00768	0.01083	0.00843	0.00625	0.01843	0.01227	0.37549	0.14629	0.01738	0.01591	0.00637	0.00451	0.00157	0.00383	0.00491	0.00498	0.00679
66	0.01720	0.00730	0.00971	0.00787	0.01078	0.00645	0.00634	0.01931	0.01407	0.50975	0.22948	0.02298	0.02217	0.00734	0.00518	0.00154	0.00360	0.00616	0.08559	0.00719
67	0.00761	0.00574	0.00714	0.00690	0.00830	0.00552	0.00534	0.01091	0.08088	0.01901	0.54956	0.03957	0.12722	0.01073	0.00601	0.00170	0.00281	0.09475	0.00533	0.00498
68	0.07209	0.00805	0.00934	0.00819	0.01080	0.00804	0.00639	0.03040	0.20651	0.24741	0.09538	0.12607	0.11618	0.00869	0.00531	0.00167	0.00363	0.00731	0.00522	0.02332
69	0.03921	0.00796	0.00841	0.00733	0.00938	0.00851	0.00565	0.20843	0.08116	0.04456	0.01584	0.04380	0.01306	0.09645	0.00664	0.00178	0.00373	0.00531	0.38686	0.00594
70	0.02106	0.00875	0.01165	0.00922	0.01288	0.00788	0.00766	0.07821	0.01489	0.66498	0.02002	0.02059	0.01379	0.00697	0.00526	0.00163	0.00443	0.07586	0.00602	0.00823
71	0.02204	0.00860	0.01162	0.00898	0.01280	0.00753	0.00739	0.02437	0.03746	0.75387	0.03705	0.01772	0.01339	0.00637	0.00511	0.00157	0.00425	0.00519	0.00621	0.00850
72	0.08679	0.00726	0.00855	0.00757	0.00994	0.00701	0.00590	0.01612	0.10964	0.25378	0.16230	0.10611	0.15027	0.02793	0.00587	0.00175	0.00348	0.01831	0.00521	0.00622
73	0.00799	0.00522	0.00589	0.00574	0.00593	0.00523	0.00332	0.02681	0.00792	0.02780	0.01593	0.03222	0.01801	0.78383	0.02476	0.00474	0.00491	0.00723	0.00318	0.00332
74	0.02236	0.00913	0.01206	0.00925	0.01317	0.00821	0.00764	0.09523	0.01535	0.72242	0.01921	0.01673	0.01215	0.00624	0.00508	0.00156	0.00442	0.00504	0.00615	0.00861
75	0.01028	0.00532	0.00742	0.00702	0.00762	0.00533	0.00489	0.04057	0.00823	0.08405	0.01104	0.01755	0.01038	0.10064	0.07134	0.59225	0.00510	0.00484	0.00282	0.00331
76	0.01129	0.00695	0.00833	0.00763	0.00907	0.00696	0.00554	0.13879	0.01233	0.12451	0.07385	0.18416	0.02167	0.30302	0.01298	0.00291	0.00435	0.05603	0.00445	0.00519
77	0.01672	0.01209	0.01327	0.01059	0.01380	0.01335	0.00852	0.56599	0.09005	0.02669	0.01230	0.01334	0.00926	0.00823	0.00774	0.15629	0.00521	0.00463	0.00455	0.00738
78	0.11080	0.01273	0.01340	0.08054	0.01595	0.04167	0.00911	0.52272	0.01938	0.02679	0.01423	0.01541	0.06265	0.00647	0.00494	0.00156	0.00538	0.02431	0.00447	0.00749
79	0.02198	0.01023	0.01238	0.00959	0.01346	0.04997	0.00787	0.13462	0.01583	0.64144	0.01817	0.01604	0.01163	0.00618	0.00505	0.00154	0.00474	0.00491	0.00589	0.00846
80	0.01003	0.00955	0.01636	0.67934	0.13734	0.01139	0.03815	0.01338	0.01036	0.01351	0.00910	0.01336	0.00694	0.00496	0.00508	0.00166	0.00670	0.00454	0.00229	0.00598
81	0.03060	0.03253	0.01415	0.01426	0.13987	0.27487	0.00968	0.11850	0.20807	0.01837	0.04596	0.01532	0.04362	0.00613	0.00491	0.00150	0.00613	0.00478	0.00376	0.00700
82	0.04604	0.08136	0.01653	0.55899	0.14127	0.03182	0.01322	0.01400	0.02382	0.01389	0.00898	0.01264	0.00700	0.00493	0.00480	0.00159	0.00641	0.00426	0.00237	0.00608
83	0.00677	0.00515	0.00622	0.00595	0.00732	0.00461	0.00446	0.00879	0.01339	0.01809	0.54465	0.04137	0.29250	0.01115	0.00597	0.00163	0.00244	0.00965	0.00528	0.00461
84	0.75861	0.02440	0.00820	0.00694	0.01015	0.01117	0.00574	0.01588	0.01923	0.09004	0.00835	0.00914	0.00624	0.00485	0.00333	0.00156	0.00397	0.00298	0.00341	0.00580
85	0.02500	0.00971	0.01639	0.44293	0.07899	0.01096	0.13354	0.02916	0.07825	0.01495	0.01235	0.10267	0.01070	0.00625	0.00533	0.00171	0.00624	0.00590	0.00291	0.00607
86	0.00799	0.00645	0.00799	0.00756	0.00941	0.00616	0.03759	0.07566	0.01239	0.01565	0.05575	0.04278	0.43692	0.01441	0.08112	0.00242	0.00454	0.16587	0.00446	0.00487
87	0.00708	0.00489	0.00582	0.00618	0.00646	0.00478	0.00395	0.00757	0.00852	0.01122	0.02168	0.20892	0.06859	0.52076	0.01856	0.00384	0.00431	0.07969	0.00367	0.00351
88	0.01383	0.01118	0.01194	0.01037	0.01340	0.01265	0.00823	0.19340	0.54304	0.03501	0.01990	0.01986	0.03881	0.00716	0.00523	0.00169	0.00434	0.03696	0.00511	0.00789
89	0.00770	0.00621	0.00881	0.01111	0.14988	0.00594	0.00667	0.00972	0.03046	0.01568	0.21610	0.37441	0.11404	0.01186	0.00598	0.00179	0.00334	0.01066	0.00452	0.00510
90	0.49796	0.01179	0.01095	0.02355	0.04473	0.03777	0.00758	0.27184	0.01407	0.02504	0.00893	0.00984	0.00669	0.00517	0.00394	0.00154	0.00477	0.00347	0.00372	0.00665
91	0.01051	0.00508	0.00544	0.00520	0.00661	0.00501	0.00397	0.01282	0.01086	0.08651	0.01670	0.01874	0.01291	0.00701	0.03083	0.00145	0.00291	0.00477	0.74762	0.00505
92	0.01713	0.02107	0.01508	0.01324	0.01592	0.63282	0.08116	0.04258	0.01400	0.01340	0.00994	0.08056	0.00905	0.00608	0.00487	0.00141	0.00841	0.00453	0.00286	0.00589
93	0.03719	0.08851	0.01453	0.01201	0.08171	0.04587	0.00896	0.19905	0.26717	0.15627	0.02721	0.01505	0.01171	0.00606	0.00486	0.00154	0.00492	0.00482	0.00466	0.00790
94	0.00709	0.00479	0.00559	0.00585	0.00591	0.00473	0.00342	0.00729	0.00786	0.01048	0.01855	0.20509	0.02168	0.64579	0.02152	0.00428	0.00447	0.00889	0.00342	0.00329
95	0.00652	0.00514	0.00587	0.00569	0.00716	0.00450	0.00427	0.00831	0.01281	0.01670	0.38968	0.04366	0.44834	0.01167	0.00597	0.00165	0.00248	0.00997	0.00510	0.00450
96	0.01320	0.75004	0.09900	0.00920	0.01382	0.01923	0.00960	0.01522	0.01031	0.01228	0.00722	0.00835	0.00648	0.00437	0.00339	0.00113	0.00560	0.00280	0.00216	0.00658
97	0.03485	0.01225	0.01323	0.01053	0.01393	0.01344	0.00847	0.53525	0.11009	0.07231	0.01423	0.03507	0.01110	0.08328	0.00701	0.00188	0.00515	0.00519	0.00490	0.00783
98	0.00772	0.00492	0.00635	0.00690	0.00769	0.00450	0.00477	0.00879	0.01046	0.08173	0.07973	0.58200	0.10292	0.05726	0.00728	0.00210	0.00309	0.01249	0.00480	0.00451
99	0.00626	0.00507	0.00556	0.00558	0.00704	0.00437	0.00413	0.00775	0.01198	0.01508	0.21460	0.11879	0.55103	0.01254	0.00602	0.00171	0.00256	0.01068	0.00489	0.00437
100	0.01365	0.71543	0.02458	0.00899	0.01310	0.05168	0.00864	0.01646	0.08311	0.01279	0.00834	0.00917	0.00733	0.00460	0.00348	0.00115	0.00543	0.00301	0.00246	0.00661
101	0.01510	0.09499	0.04121	0.02542	0.02017	0.36487	0.32352	0.01778	0.01274	0.01400	0.00876	0.01100	0.00699	0.00477	0.00518	0.00147	0.01880	0.00436	0.00252	0.00635
102	0.00672	0.00551	0.00599	0.00610	0.00758	0.00505	0.00448	0.00922	0.08388	0.01467	0.09467	0.20922	0.50334	0.01272	0.00600	0.00177	0.00276	0.01089	0.00480	0.00462
103	0.00683	0.00518	0.00630	0.00609	0.00745	0.00466	0.00462	0.00886	0.01332	0.01798	0.52419	0.04201	0.28034	0.01127	0.00601	0.00166	0.00254	0.04084	0.00525	0.00461
104	0.01308	0.72229	0.12572	0.00940	0.01413	0.01894	0.00995	0.01525	0.01033	0.01243	0.00729	0.00844	0.00648	0.00439	0.00345	0.00115	0.00567	0.00284	0.00216	0.00662
105	0.52932	0.00914	0.00854	0.00725	0.01039	0.00986	0.00594	0.04827	0.01095	0.20903	0.02763	0.01210	0.00885	0.00535	0.00378	0.00153	0.00391	0.00369	0.07821	0.00628
106	0.00614	0.00449	0.00578	0.00681	0.00727	0.00413	0.00459	0.00707	0.00991	0.01300	0.03070	0.72552	0.12508	0.01547	0.00640	0.00201	0.00289	0.01393	0.00469	0.00413
107	0.00735	0.00490	0.00552	0.00552	0.00552	0.00490	0.00306	0.00735	0.00735	0.00980	0.01593	0.03309	0.01838	0.82229	0.02574	0.00490	0.00490	0.00735	0.00306	0.00306
108	0.00870	0.00651	0.00890	0.00844	0.00963	0.00749	0.00656	0.09792	0.00988	0.01395	0.01342	0.01976	0.01247	0.09113	0.63722	0.00701	0.02767	0.00544	0.00300	0.00490
109	0.01163	0.37743	0.45782	0.01188	0.01797	0.01538	0.01427	0.01563	0.01050	0.01420	0.00818	0.00955	0.00644	0.00459	0.00412	0.00137	0.00657	0.00328	0.00215	0.00704
110	0.14049	0.06667	0.12970	0.01175	0.01575	0.13012	0.08164	0.14083	0.17149	0.01978	0.01273	0.01329	0.03293	0.00564	0.00468	0.00154	0.00598	0.00442	0.00357	0.00700

[dist]
# distance from previous block
# <min> <max>
3	11

# created by:
# /st0/software/busco_prod/Augustus/scripts/msa2prfl.pl ./align_prep/204701.fa
