[name]
unknown

[dist]
# distance from previous block
# <min> <max>
16	94

[block]
# block no. 0 follows, 46 sequences, length 33
# corresponding to MSA columns:
# 136-168
name=unknown_A
#
# <colnr> <probs for GDERKNQSTAVLIFYWHMCP>
#	G	D	E	R	K	N	Q	S	T	A	V	L	I	F	Y	W	H	M	C	P
0	0.02691	0.09373	0.04974	0.13617	0.01660	0.01013	0.00893	0.06315	0.03937	0.13706	0.11689	0.03196	0.01551	0.00640	0.00494	0.00144	0.00482	0.02600	0.00407	0.20617
1	0.11208	0.06474	0.14788	0.03731	0.04142	0.01074	0.06575	0.07553	0.01292	0.05974	0.15211	0.01831	0.03765	0.00652	0.00531	0.00156	0.02825	0.00534	0.04805	0.06879
2	0.03632	0.05556	0.10537	0.04189	0.01570	0.03930	0.01990	0.19291	0.07560	0.09564	0.06155	0.01518	0.01194	0.02730	0.00584	0.00157	0.02848	0.00471	0.00410	0.16113
3	0.01221	0.10604	0.06520	0.03282	0.01347	0.02190	0.02563	0.07202	0.04867	0.06826	0.02444	0.06224	0.03954	0.09475	0.00717	0.00176	0.00490	0.02321	0.02095	0.25482
4	0.01438	0.08423	0.06396	0.00984	0.01372	0.04499	0.00849	0.17275	0.04062	0.10710	0.03467	0.10206	0.01358	0.00696	0.00496	0.00143	0.00495	0.03036	0.00422	0.23672
5	0.01513	0.06382	0.12698	0.04781	0.01676	0.03581	0.01084	0.27498	0.04394	0.05562	0.01120	0.01263	0.00857	0.01916	0.00657	0.00159	0.09321	0.00431	0.00379	0.14729
6	0.02745	0.44318	0.05360	0.02226	0.01338	0.05468	0.00867	0.01559	0.01133	0.08955	0.03099	0.01471	0.06123	0.00938	0.09046	0.00208	0.00642	0.00422	0.00308	0.03772
7	0.02471	0.04674	0.40094	0.05716	0.04733	0.01127	0.06149	0.01592	0.01153	0.09416	0.01632	0.02866	0.10523	0.00657	0.00590	0.00171	0.04872	0.00533	0.00312	0.00716
8	0.04277	0.47382	0.18246	0.01147	0.01654	0.06494	0.05317	0.07213	0.01217	0.01555	0.00843	0.00974	0.00696	0.00483	0.00411	0.00134	0.00648	0.00342	0.00257	0.00710
9	0.00993	0.01136	0.10085	0.53411	0.03059	0.01113	0.09978	0.01354	0.01080	0.01425	0.01184	0.10607	0.01035	0.00647	0.00554	0.00180	0.00688	0.00598	0.00267	0.00605
10	0.01258	0.01185	0.02004	0.02996	0.69695	0.01185	0.01538	0.01565	0.01205	0.01711	0.01192	0.01818	0.01079	0.00579	0.00546	0.00166	0.00613	0.08579	0.00286	0.00799
11	0.01860	0.01305	0.01439	0.01127	0.01507	0.01416	0.00927	0.60077	0.02262	0.08743	0.09761	0.01760	0.01449	0.00713	0.00546	0.00163	0.00532	0.03030	0.00543	0.00841
12	0.01227	0.01552	0.13892	0.02308	0.20025	0.01278	0.45947	0.01661	0.01214	0.01706	0.01053	0.01369	0.00807	0.00465	0.00576	0.00170	0.00796	0.00551	0.02658	0.00745
13	0.11077	0.02356	0.01419	0.01289	0.01567	0.70751	0.00972	0.02050	0.01433	0.01412	0.00808	0.00943	0.00669	0.00539	0.00460	0.00139	0.00894	0.00335	0.00278	0.00608
14	0.00876	0.00757	0.00784	0.00735	0.00878	0.09119	0.00551	0.01107	0.01482	0.01994	0.65673	0.03680	0.08282	0.01035	0.00608	0.00164	0.00327	0.00897	0.00543	0.00509
15	0.01838	0.37378	0.04019	0.01032	0.02853	0.09138	0.00912	0.04148	0.01326	0.30647	0.01281	0.01247	0.00927	0.00545	0.00439	0.00138	0.00567	0.00395	0.00402	0.00768
16	0.02096	0.08191	0.01300	0.00915	0.01286	0.00858	0.00757	0.02285	0.01418	0.63036	0.02054	0.10388	0.01491	0.00746	0.00530	0.00165	0.00445	0.00615	0.00598	0.00828
17	0.00719	0.00549	0.00784	0.01009	0.09232	0.00522	0.00615	0.00840	0.01046	0.01411	0.04636	0.70359	0.03244	0.01512	0.00657	0.00207	0.00340	0.01376	0.00468	0.00476
18	0.00717	0.00500	0.00656	0.00686	0.00764	0.00463	0.00484	0.00844	0.01196	0.01635	0.34678	0.34139	0.09236	0.01409	0.00802	0.09427	0.00296	0.01129	0.00501	0.00438
19	0.03402	0.00955	0.01563	0.76001	0.03519	0.01186	0.01432	0.03164	0.01087	0.01427	0.00942	0.01390	0.00706	0.00530	0.00523	0.00175	0.00693	0.00465	0.00245	0.00594
20	0.85155	0.01022	0.00777	0.00695	0.01022	0.01186	0.00573	0.01554	0.00900	0.02372	0.00736	0.00859	0.00573	0.00491	0.00327	0.00164	0.00409	0.00286	0.00327	0.00573
21	0.01965	0.11393	0.01678	0.01348	0.01644	0.69952	0.01032	0.02087	0.01486	0.01348	0.00871	0.01028	0.00740	0.00575	0.00488	0.00145	0.00926	0.00355	0.00288	0.00652
22	0.00655	0.00473	0.00614	0.00712	0.00758	0.00439	0.00480	0.00758	0.01052	0.01401	0.08613	0.67697	0.08348	0.04401	0.00739	0.00219	0.00307	0.01411	0.00492	0.00432
23	0.00776	0.00778	0.06541	0.00815	0.01036	0.00616	0.06224	0.01054	0.03463	0.01779	0.35387	0.08207	0.29100	0.01101	0.00616	0.00175	0.00350	0.00965	0.00495	0.00523
24	0.00745	0.00538	0.00703	0.00668	0.00789	0.00496	0.00499	0.00989	0.01480	0.02094	0.75279	0.06590	0.04937	0.01100	0.00625	0.00168	0.00251	0.00975	0.00579	0.00496
25	0.01244	0.01251	0.01972	0.30117	0.40667	0.07051	0.06987	0.01568	0.01177	0.01560	0.00967	0.01326	0.00776	0.00495	0.00529	0.00164	0.00699	0.00472	0.00253	0.00723
26	0.00998	0.00940	0.01586	0.80150	0.03641	0.01175	0.01468	0.01351	0.01057	0.01351	0.00940	0.01409	0.00705	0.00529	0.00529	0.00176	0.00705	0.00470	0.00235	0.00587
27	0.01248	0.01426	0.03119	0.02228	0.02763	0.01337	0.76203	0.01693	0.01248	0.01693	0.01070	0.01426	0.00802	0.00446	0.00624	0.00178	0.00891	0.00624	0.00267	0.00713
28	0.01788	0.01161	0.01336	0.01005	0.01441	0.01121	0.00824	0.33651	0.01788	0.20559	0.01351	0.01336	0.00957	0.00557	0.00483	0.00133	0.00486	0.00434	0.00486	0.29103
29	0.00653	0.00466	0.00609	0.00720	0.00751	0.00436	0.00476	0.00739	0.00998	0.01327	0.02874	0.73646	0.04989	0.07595	0.00824	0.00236	0.00321	0.01440	0.00478	0.00422
30	0.00642	0.00483	0.00590	0.00675	0.00746	0.00437	0.00461	0.00743	0.01059	0.01362	0.03566	0.57383	0.24427	0.03902	0.00720	0.00213	0.00302	0.01372	0.00486	0.00431
31	0.01099	0.00949	0.01119	0.00810	0.01259	0.00745	0.00650	0.01329	0.01084	0.01703	0.00929	0.01099	0.00779	0.00415	0.00450	0.00085	0.03905	0.00320	0.00310	0.80963
32	0.01076	0.01010	0.01702	0.66160	0.11859	0.01205	0.04101	0.03922	0.01128	0.01472	0.00961	0.01394	0.00730	0.00523	0.00531	0.00174	0.00699	0.00476	0.00249	0.00630

[dist]
# distance from previous block
# <min> <max>
4	7

[block]
# block no. 1 follows, 46 sequences, length 19
# corresponding to MSA columns:
# 176-194
name=unknown_B
#
# <colnr> <probs for GDERKNQSTAVLIFYWHMCP>
#	G	D	E	R	K	N	Q	S	T	A	V	L	I	F	Y	W	H	M	C	P
0	0.01326	0.50058	0.24900	0.01183	0.01728	0.05356	0.05861	0.01641	0.01117	0.01400	0.00822	0.00967	0.00684	0.00471	0.00411	0.00134	0.00666	0.00338	0.00230	0.00708
1	0.55301	0.00984	0.00988	0.11721	0.01456	0.01094	0.00741	0.01751	0.01057	0.18995	0.01061	0.01142	0.00753	0.00532	0.00400	0.00165	0.00459	0.00366	0.00386	0.00647
2	0.05957	0.03644	0.05967	0.00944	0.01361	0.00850	0.00825	0.02322	0.01432	0.61422	0.05671	0.01768	0.01382	0.00644	0.00514	0.00160	0.00460	0.00518	0.00584	0.03576
3	0.02147	0.00882	0.01177	0.00921	0.01295	0.00785	0.00754	0.04189	0.04090	0.65626	0.10474	0.02031	0.01717	0.00703	0.00542	0.00164	0.00430	0.00580	0.00639	0.00853
4	0.00975	0.00737	0.00810	0.00753	0.00926	0.05878	0.00578	0.01264	0.05557	0.07817	0.48844	0.03734	0.14297	0.01047	0.00607	0.00170	0.00336	0.04576	0.00547	0.00548
5	0.07786	0.00681	0.00785	0.00701	0.00923	0.00650	0.00545	0.03966	0.01267	0.23240	0.06053	0.12390	0.09069	0.00844	0.00493	0.00158	0.00336	0.00700	0.28799	0.00613
6	0.01017	0.00959	0.01620	0.75443	0.08200	0.01180	0.01478	0.01367	0.01066	0.01374	0.00943	0.01403	0.00713	0.00525	0.00528	0.00175	0.00700	0.00470	0.00237	0.00603
7	0.01266	0.01230	0.02152	0.12566	0.63226	0.01252	0.07338	0.01595	0.01189	0.01679	0.00993	0.01330	0.00818	0.00476	0.00532	0.00161	0.00658	0.00483	0.00259	0.00797
8	0.01096	0.00940	0.01096	0.00783	0.01253	0.00705	0.00626	0.01331	0.01096	0.01723	0.00940	0.01096	0.00783	0.00392	0.00392	0.00078	0.00392	0.00313	0.00313	0.84653
9	0.00769	0.00513	0.00577	0.00577	0.00577	0.00513	0.00320	0.00769	0.00769	0.01025	0.01666	0.03460	0.01922	0.81421	0.02691	0.00513	0.00513	0.00769	0.00320	0.00320
10	0.01304	0.01269	0.02221	0.03167	0.72329	0.01262	0.07357	0.01628	0.01207	0.01725	0.01000	0.01317	0.00835	0.00469	0.00531	0.00159	0.00648	0.00483	0.00262	0.00828
11	0.01171	0.00978	0.01129	0.00823	0.01276	0.00786	0.00659	0.08512	0.01227	0.01866	0.01029	0.03438	0.00873	0.00452	0.00413	0.00090	0.00407	0.00363	0.00339	0.74169
12	0.01096	0.00940	0.01096	0.00783	0.01253	0.00705	0.00626	0.01331	0.01096	0.01723	0.00940	0.01096	0.00783	0.00392	0.00392	0.00078	0.00392	0.00313	0.00313	0.84653
13	0.01352	0.00870	0.00917	0.00776	0.01001	0.00930	0.00606	0.29718	0.01597	0.02391	0.01546	0.01856	0.01240	0.08872	0.00667	0.00176	0.00401	0.00515	0.43940	0.00629
14	0.03076	0.01310	0.02827	0.01313	0.07084	0.01331	0.05381	0.42741	0.04818	0.07322	0.01306	0.03734	0.00993	0.00605	0.00514	0.00150	0.00551	0.00494	0.00459	0.13992
15	0.05529	0.10201	0.01747	0.03046	0.16010	0.39469	0.02763	0.05226	0.01344	0.01520	0.00878	0.01084	0.00739	0.00647	0.02970	0.00169	0.05327	0.00385	0.00277	0.00669
16	0.63098	0.01134	0.04819	0.04012	0.01270	0.01198	0.00732	0.07107	0.03747	0.07373	0.00932	0.01025	0.00691	0.00522	0.00380	0.00164	0.00455	0.00340	0.00362	0.00638
17	0.00892	0.04430	0.01120	0.00964	0.01103	0.00858	0.04214	0.04763	0.00962	0.01361	0.01365	0.04464	0.01279	0.03212	0.60780	0.00691	0.06151	0.00576	0.00296	0.00519
18	0.05585	0.07813	0.03624	0.02984	0.06994	0.06132	0.01009	0.37108	0.05338	0.10732	0.01242	0.01279	0.00906	0.00590	0.00518	0.00153	0.02124	0.00444	0.00444	0.04981

[dist]
# distance from previous block
# <min> <max>
1	4

[block]
# block no. 2 follows, 46 sequences, length 22
# corresponding to MSA columns:
# 199-220
name=unknown_C
#
# <colnr> <probs for GDERKNQSTAVLIFYWHMCP>
#	G	D	E	R	K	N	Q	S	T	A	V	L	I	F	Y	W	H	M	C	P
0	0.01710	0.01945	0.01523	0.01371	0.04858	0.45601	0.03059	0.08524	0.06686	0.01613	0.00966	0.01115	0.00787	0.00577	0.00598	0.00145	0.08124	0.00392	0.00314	0.10092
1	0.07334	0.23392	0.33278	0.01481	0.10392	0.04974	0.05552	0.01629	0.01139	0.01618	0.04010	0.01172	0.00867	0.00507	0.00459	0.00151	0.00672	0.00397	0.00255	0.00722
2	0.01198	0.10674	0.29327	0.01774	0.08430	0.03180	0.24769	0.01613	0.01136	0.01581	0.00989	0.03220	0.00800	0.00548	0.00647	0.00171	0.08483	0.00492	0.00249	0.00721
3	0.00644	0.00460	0.00613	0.00736	0.00767	0.00429	0.00491	0.00736	0.01012	0.01350	0.02914	0.81076	0.03497	0.01656	0.00675	0.00215	0.00307	0.01503	0.00491	0.00429
4	0.01587	0.00920	0.01076	0.00907	0.01198	0.02226	0.00717	0.13109	0.11079	0.29337	0.06185	0.10613	0.14210	0.02240	0.00622	0.00179	0.01763	0.00748	0.00554	0.00729
5	0.01010	0.00959	0.01628	0.75814	0.03553	0.01192	0.03473	0.01358	0.01055	0.01358	0.00936	0.01403	0.00707	0.00538	0.00565	0.00178	0.02974	0.00474	0.00236	0.00590
6	0.00998	0.00940	0.01586	0.80150	0.03641	0.01175	0.01468	0.01351	0.01057	0.01351	0.00940	0.01409	0.00705	0.00529	0.00529	0.00176	0.00705	0.00470	0.00235	0.00587
7	0.00644	0.00460	0.00613	0.00736	0.00767	0.00429	0.00491	0.00736	0.01012	0.01350	0.02914	0.81076	0.03497	0.01656	0.00675	0.00215	0.00307	0.01503	0.00491	0.00429
8	0.01396	0.00970	0.01166	0.00976	0.01208	0.01036	0.03782	0.35165	0.01614	0.02215	0.01426	0.10592	0.01280	0.03303	0.02456	0.20376	0.00512	0.00606	0.09310	0.00611
9	0.02118	0.00882	0.01235	0.09811	0.01572	0.00805	0.00837	0.02342	0.01461	0.65138	0.06615	0.01888	0.01467	0.00666	0.00537	0.00165	0.00466	0.00551	0.00603	0.00840
10	0.01033	0.00975	0.01648	0.71521	0.11998	0.01184	0.01485	0.01381	0.01074	0.01393	0.00946	0.01398	0.00720	0.00522	0.00528	0.00174	0.00696	0.00470	0.00238	0.00615
11	0.01262	0.01209	0.02062	0.14753	0.66978	0.01244	0.01599	0.01582	0.01182	0.01671	0.00986	0.01324	0.00818	0.00480	0.00524	0.00160	0.00640	0.00471	0.00258	0.00800
12	0.00992	0.00912	0.01508	0.66368	0.07998	0.01105	0.01349	0.01303	0.01034	0.01338	0.01025	0.01633	0.00850	0.09601	0.00771	0.00213	0.00678	0.00503	0.00246	0.00573
13	0.00766	0.00516	0.00591	0.00587	0.00601	0.00511	0.00340	0.00794	0.00850	0.01148	0.10213	0.03514	0.02266	0.72407	0.02459	0.00474	0.00483	0.00790	0.00350	0.00340
14	0.00741	0.00540	0.00697	0.00658	0.00786	0.00496	0.00493	0.00984	0.01480	0.02082	0.73857	0.04012	0.08999	0.01095	0.00624	0.00167	0.00250	0.00965	0.00577	0.00496
15	0.01096	0.00940	0.01096	0.00783	0.01253	0.00705	0.00626	0.01331	0.01096	0.01723	0.00940	0.01096	0.00783	0.00392	0.00392	0.00078	0.00392	0.00313	0.00313	0.84653
16	0.00918	0.00459	0.00689	0.00689	0.00689	0.00459	0.00459	0.00689	0.00689	0.00918	0.00918	0.01607	0.00918	0.01837	0.02066	0.84619	0.00459	0.00459	0.00230	0.00230
17	0.72852	0.01016	0.00896	0.04933	0.06010	0.01168	0.00678	0.01538	0.00934	0.02266	0.00794	0.00951	0.00621	0.00495	0.00351	0.00163	0.00433	0.00314	0.03001	0.00587
18	0.05035	0.01359	0.01493	0.06135	0.01686	0.01502	0.00980	0.61979	0.02230	0.06978	0.01289	0.01319	0.00914	0.00623	0.00515	0.00159	0.00563	0.00472	0.03919	0.00851
19	0.01704	0.01463	0.01528	0.01236	0.01595	0.12995	0.06727	0.36845	0.14916	0.04427	0.03537	0.04792	0.01244	0.00684	0.00539	0.00163	0.00603	0.01775	0.00469	0.02760
20	0.05572	0.01126	0.01687	0.37071	0.07419	0.01258	0.09735	0.13812	0.08418	0.01893	0.01114	0.01387	0.00839	0.00540	0.00521	0.00166	0.00639	0.00481	0.00326	0.05996
21	0.01109	0.00915	0.01102	0.00848	0.01240	0.00764	0.02413	0.04206	0.07017	0.03216	0.05226	0.09638	0.01359	0.00598	0.00457	0.00112	0.00397	0.00509	0.00376	0.58497

[dist]
# distance from previous block
# <min> <max>
14	23

[block]
# block no. 3 follows, 46 sequences, length 23
# corresponding to MSA columns:
# 245-267
name=unknown_D
#
# <colnr> <probs for GDERKNQSTAVLIFYWHMCP>
#	G	D	E	R	K	N	Q	S	T	A	V	L	I	F	Y	W	H	M	C	P
0	0.01322	0.50342	0.16269	0.01089	0.03733	0.03820	0.01085	0.05309	0.01200	0.01518	0.07472	0.01224	0.01076	0.00592	0.01850	0.00145	0.00606	0.00382	0.00275	0.00692
1	0.04023	0.05949	0.16003	0.01145	0.06107	0.01076	0.01007	0.13464	0.02935	0.05484	0.18389	0.03194	0.05878	0.00727	0.00573	0.00157	0.03963	0.00586	0.00411	0.08929
2	0.01150	0.01470	0.24427	0.01128	0.03862	0.03196	0.01083	0.13832	0.01455	0.03316	0.21181	0.08713	0.04185	0.00787	0.00547	0.00161	0.00518	0.00661	0.00414	0.07914
3	0.01161	0.04189	0.66658	0.01489	0.04389	0.01226	0.01800	0.04184	0.01179	0.04841	0.01002	0.01148	0.00712	0.00507	0.00498	0.00163	0.00740	0.00397	0.00255	0.03462
4	0.05344	0.06797	0.41776	0.03833	0.14551	0.02535	0.01542	0.04823	0.01194	0.01752	0.03504	0.03470	0.00993	0.00576	0.00501	0.00163	0.00668	0.02754	0.00278	0.02944
5	0.01448	0.05619	0.09760	0.01258	0.07526	0.14954	0.01007	0.18864	0.06979	0.03719	0.09720	0.01860	0.07665	0.00788	0.02975	0.00175	0.00614	0.00543	0.00403	0.04121
6	0.00921	0.01082	0.14162	0.01005	0.01334	0.00774	0.08457	0.01294	0.05128	0.01841	0.31859	0.05993	0.06526	0.03035	0.00628	0.00171	0.00449	0.02847	0.00433	0.12062
7	0.01375	0.01328	0.14521	0.01090	0.03970	0.01065	0.00970	0.17062	0.12810	0.07962	0.01616	0.01648	0.05546	0.00610	0.00487	0.00145	0.00492	0.00489	0.08705	0.18108
8	0.00644	0.00460	0.00613	0.00736	0.00767	0.00429	0.00491	0.00736	0.01012	0.01350	0.02914	0.81076	0.03497	0.01656	0.00675	0.00215	0.00307	0.01503	0.00491	0.00429
9	0.01096	0.00940	0.01096	0.00783	0.01253	0.00705	0.00626	0.01331	0.01096	0.01723	0.00940	0.01096	0.00783	0.00392	0.00392	0.00078	0.00392	0.00313	0.00313	0.84653
10	0.01185	0.04991	0.01204	0.00812	0.01277	0.00816	0.00661	0.04635	0.01166	0.03761	0.00973	0.01110	0.00796	0.00412	0.00399	0.00086	0.00410	0.00324	0.00327	0.74654
11	0.67375	0.11742	0.07340	0.00788	0.01169	0.01308	0.00728	0.01568	0.00940	0.02168	0.00753	0.00878	0.00594	0.00487	0.00343	0.00157	0.00460	0.00294	0.00306	0.00603
12	0.00670	0.00536	0.00591	0.00578	0.00731	0.00466	0.00428	0.00834	0.01274	0.01624	0.27786	0.04651	0.51371	0.05251	0.00727	0.00191	0.00274	0.01049	0.00511	0.00456
13	0.01153	0.23206	0.53781	0.01361	0.02031	0.01440	0.04871	0.01635	0.01120	0.01573	0.02717	0.01127	0.00780	0.00500	0.00468	0.00154	0.00717	0.00386	0.00234	0.00745
14	0.01096	0.00940	0.01096	0.00783	0.01253	0.00705	0.00626	0.01331	0.01096	0.01723	0.00940	0.01096	0.00783	0.00392	0.00392	0.00078	0.00392	0.00313	0.00313	0.84653
15	0.00644	0.00460	0.00613	0.00736	0.00767	0.00429	0.00491	0.00736	0.01012	0.01350	0.02914	0.81076	0.03497	0.01656	0.00675	0.00215	0.00307	0.01503	0.00491	0.00429
16	0.00713	0.00537	0.00659	0.00633	0.00769	0.00483	0.00473	0.00927	0.01405	0.01915	0.56553	0.06583	0.24080	0.01166	0.00625	0.00171	0.00256	0.01015	0.00555	0.00483
17	0.00644	0.00460	0.00613	0.00736	0.00767	0.00429	0.00491	0.00736	0.01012	0.01350	0.02914	0.81076	0.03497	0.01656	0.00675	0.00215	0.00307	0.01503	0.00491	0.00429
18	0.00918	0.00459	0.00689	0.00689	0.00689	0.00459	0.00459	0.00689	0.00689	0.00918	0.00918	0.01607	0.00918	0.01837	0.02066	0.84619	0.00459	0.00459	0.00230	0.00230
19	0.01214	0.01406	0.05159	0.02064	0.02529	0.01342	0.62891	0.01616	0.01185	0.01633	0.01073	0.03626	0.00861	0.00539	0.00754	0.00185	0.10341	0.00622	0.00268	0.00691
20	0.01244	0.01029	0.01183	0.04861	0.01406	0.03307	0.00741	0.10545	0.01283	0.04307	0.02434	0.05389	0.01018	0.00537	0.00486	0.00111	0.03110	0.00427	0.00356	0.56226
21	0.04492	0.15821	0.55678	0.01381	0.02064	0.01356	0.05564	0.01641	0.01107	0.01633	0.00910	0.01076	0.00679	0.00486	0.00470	0.00155	0.00720	0.00377	0.00234	0.04156
22	0.18584	0.15323	0.43102	0.01337	0.04394	0.01369	0.05751	0.01634	0.01075	0.01751	0.00878	0.01043	0.00664	0.00487	0.00447	0.00158	0.00670	0.00367	0.00249	0.00719

[dist]
# distance from previous block
# <min> <max>
3	14

[block]
# block no. 4 follows, 46 sequences, length 33
# corresponding to MSA columns:
# 282-314
name=unknown_E
#
# <colnr> <probs for GDERKNQSTAVLIFYWHMCP>
#	G	D	E	R	K	N	Q	S	T	A	V	L	I	F	Y	W	H	M	C	P
0	0.06298	0.02482	0.00893	0.00788	0.00970	0.00748	0.00591	0.10432	0.01266	0.07687	0.11709	0.20823	0.02378	0.16423	0.00973	0.00239	0.00413	0.05903	0.02193	0.06792
1	0.01405	0.00923	0.01160	0.01015	0.03119	0.00940	0.03684	0.09430	0.21378	0.18774	0.21151	0.02687	0.07494	0.00840	0.00573	0.00172	0.00415	0.03561	0.00551	0.00727
2	0.01421	0.01106	0.01498	0.02876	0.07572	0.01050	0.09219	0.11396	0.13765	0.10983	0.01371	0.02968	0.01053	0.00546	0.00494	0.00137	0.00506	0.00479	0.00410	0.31147
3	0.00631	0.00536	0.00545	0.00542	0.00718	0.00449	0.00407	0.00771	0.01220	0.01465	0.09209	0.05027	0.74033	0.01325	0.00625	0.00178	0.00267	0.01107	0.00496	0.00449
4	0.01031	0.01203	0.19440	0.01008	0.02936	0.00838	0.00954	0.01546	0.13339	0.07400	0.25085	0.03045	0.13236	0.00903	0.00580	0.00175	0.00444	0.05719	0.00469	0.00648
5	0.00748	0.00540	0.00707	0.00665	0.00790	0.00499	0.00499	0.00998	0.01496	0.02120	0.77844	0.03949	0.04988	0.01081	0.00624	0.00166	0.00249	0.00956	0.00582	0.00499
6	0.01377	0.71188	0.04662	0.00971	0.01385	0.02019	0.00959	0.01553	0.01048	0.01258	0.00736	0.00888	0.00680	0.00503	0.00490	0.00127	0.08955	0.00304	0.00227	0.00671
7	0.01212	0.01052	0.01219	0.00925	0.01310	0.02671	0.00746	0.09427	0.01214	0.01816	0.00984	0.02966	0.00844	0.00524	0.00599	0.00112	0.11408	0.00379	0.00328	0.60263
8	0.00752	0.00557	0.00711	0.00774	0.00840	0.00554	0.00544	0.05017	0.01118	0.01493	0.06164	0.61619	0.07872	0.03609	0.00757	0.00216	0.03451	0.03005	0.00482	0.00464
9	0.00651	0.00465	0.00619	0.00732	0.00768	0.00434	0.00491	0.00752	0.01042	0.01397	0.07562	0.76291	0.03589	0.01621	0.00672	0.00212	0.00303	0.01469	0.00496	0.00434
10	0.00849	0.00563	0.00739	0.00682	0.00825	0.00516	0.00516	0.01096	0.01497	0.06858	0.73144	0.03816	0.04760	0.01054	0.00618	0.00166	0.00262	0.00930	0.00586	0.00524
11	0.03417	0.01044	0.01778	0.49166	0.20375	0.01194	0.07488	0.01440	0.01097	0.01513	0.00978	0.01386	0.00762	0.00521	0.00555	0.00171	0.02766	0.00478	0.03220	0.00651
12	0.00765	0.00528	0.00656	0.00656	0.00683	0.00555	0.00419	0.00819	0.00792	0.01084	0.01593	0.03060	0.01748	0.59012	0.24863	0.00610	0.00774	0.00710	0.00310	0.00364
13	0.00644	0.00460	0.00613	0.00736	0.00767	0.00429	0.00491	0.00736	0.01012	0.01350	0.02914	0.81076	0.03497	0.01656	0.00675	0.00215	0.00307	0.01503	0.00491	0.00429
14	0.00998	0.00940	0.01586	0.80150	0.03641	0.01175	0.01468	0.01351	0.01057	0.01351	0.00940	0.01409	0.00705	0.00529	0.00529	0.00176	0.00705	0.00470	0.00235	0.00587
15	0.01110	0.00966	0.01179	0.00850	0.01316	0.00751	0.03580	0.01398	0.03791	0.01739	0.00988	0.01140	0.00813	0.00405	0.00406	0.00086	0.00412	0.00335	0.00319	0.78418
16	0.01157	0.01157	0.01619	0.01388	0.01388	0.01619	0.01157	0.01272	0.00810	0.01272	0.00694	0.01157	0.00694	0.00925	0.01735	0.00231	0.80453	0.00463	0.00231	0.00578
17	0.01248	0.01426	0.03119	0.02228	0.02763	0.01337	0.76203	0.01693	0.01248	0.01693	0.01070	0.01426	0.00802	0.00446	0.00624	0.00178	0.00891	0.00624	0.00267	0.00713
18	0.00998	0.00940	0.01586	0.80150	0.03641	0.01175	0.01468	0.01351	0.01057	0.01351	0.00940	0.01409	0.00705	0.00529	0.00529	0.00176	0.00705	0.00470	0.00235	0.00587
19	0.01060	0.02735	0.78682	0.01507	0.02288	0.01228	0.01953	0.01674	0.01116	0.01674	0.00949	0.01116	0.00670	0.00502	0.00502	0.00167	0.00781	0.00391	0.00223	0.00781
20	0.85155	0.01022	0.00777	0.00695	0.01022	0.01186	0.00573	0.01554	0.00900	0.02372	0.00736	0.00859	0.00573	0.00491	0.00327	0.00164	0.00409	0.00286	0.00327	0.00573
21	0.00748	0.00540	0.00707	0.00665	0.00790	0.00499	0.00499	0.00998	0.01496	0.02120	0.77844	0.03949	0.04988	0.01081	0.00624	0.00166	0.00249	0.00956	0.00582	0.00499
22	0.01248	0.01426	0.03119	0.02228	0.02763	0.01337	0.76203	0.01693	0.01248	0.01693	0.01070	0.01426	0.00802	0.00446	0.00624	0.00178	0.00891	0.00624	0.00267	0.00713
23	0.00769	0.00513	0.00577	0.00577	0.00577	0.00513	0.00320	0.00769	0.00769	0.01025	0.01666	0.03460	0.01922	0.81421	0.02691	0.00513	0.00513	0.00769	0.00320	0.00320
24	0.00852	0.00608	0.00852	0.00974	0.01095	0.00608	0.00852	0.01095	0.01217	0.01582	0.02799	0.05963	0.03042	0.01460	0.00730	0.00243	0.00487	0.74565	0.00487	0.00487
25	0.00769	0.00513	0.00577	0.00577	0.00577	0.00513	0.00320	0.00769	0.00769	0.01025	0.01666	0.03460	0.01922	0.81421	0.02691	0.00513	0.00513	0.00769	0.00320	0.00320
26	0.03229	0.49040	0.30555	0.02909	0.01742	0.01733	0.01294	0.01611	0.01085	0.01430	0.00818	0.00959	0.00673	0.00473	0.00403	0.00136	0.00644	0.00327	0.00228	0.00712
27	0.00985	0.00493	0.00493	0.00493	0.00616	0.00493	0.00370	0.01232	0.01109	0.01971	0.01725	0.01971	0.01355	0.00616	0.00370	0.00123	0.00246	0.00493	0.84356	0.00493
28	0.00748	0.00540	0.00707	0.00665	0.00790	0.00499	0.00499	0.00998	0.01496	0.02120	0.77844	0.03949	0.04988	0.01081	0.00624	0.00166	0.00249	0.00956	0.00582	0.00499
29	0.01964	0.01390	0.01512	0.01175	0.01580	0.01524	0.00965	0.64256	0.07008	0.09136	0.01426	0.03181	0.01035	0.00665	0.00533	0.00162	0.00555	0.00511	0.00538	0.00884
30	0.85155	0.01022	0.00777	0.00695	0.01022	0.01186	0.00573	0.01554	0.00900	0.02372	0.00736	0.00859	0.00573	0.00491	0.00327	0.00164	0.00409	0.00286	0.00327	0.00573
31	0.00924	0.00583	0.00750	0.00794	0.00893	0.00557	0.00559	0.06729	0.01176	0.09307	0.02704	0.66926	0.03076	0.01476	0.00649	0.00205	0.00342	0.01326	0.00510	0.00513
32	0.01142	0.00937	0.01135	0.08983	0.01381	0.04320	0.00838	0.15929	0.01294	0.01785	0.03061	0.23082	0.01698	0.01279	0.08420	0.00252	0.14920	0.00765	0.08197	0.00584

[dist]
# distance from previous block
# <min> <max>
0	8

[block]
# block no. 5 follows, 46 sequences, length 64
# corresponding to MSA columns:
# 323-386
name=unknown_F
#
# <colnr> <probs for GDERKNQSTAVLIFYWHMCP>
#	G	D	E	R	K	N	Q	S	T	A	V	L	I	F	Y	W	H	M	C	P
0	0.01879	0.14653	0.03382	0.01076	0.01474	0.08015	0.00914	0.20906	0.14509	0.25530	0.01534	0.01450	0.01085	0.00614	0.00495	0.00154	0.00547	0.00468	0.00490	0.00825
1	0.01663	0.19362	0.08545	0.00952	0.01360	0.01149	0.00864	0.03863	0.07618	0.31113	0.01517	0.01627	0.01138	0.08692	0.00690	0.00181	0.00508	0.00471	0.00441	0.08245
2	0.32011	0.08416	0.01315	0.01044	0.01362	0.34741	0.00827	0.03504	0.06121	0.04915	0.00928	0.01017	0.00731	0.00535	0.00418	0.00149	0.00661	0.00343	0.00326	0.00636
3	0.00726	0.00593	0.00609	0.00585	0.00772	0.00523	0.00443	0.05605	0.01266	0.01530	0.04913	0.04701	0.69844	0.01314	0.00677	0.03605	0.00296	0.01048	0.00483	0.00467
4	0.07126	0.01597	0.01385	0.01169	0.01452	0.25744	0.00925	0.27057	0.01651	0.06903	0.01117	0.01308	0.00886	0.03940	0.04792	0.00209	0.09268	0.00440	0.02330	0.00700
5	0.85155	0.01022	0.00777	0.00695	0.01022	0.01186	0.00573	0.01554	0.00900	0.02372	0.00736	0.00859	0.00573	0.00491	0.00327	0.00164	0.00409	0.00286	0.00327	0.00573
6	0.00985	0.00493	0.00493	0.00493	0.00616	0.00493	0.00370	0.01232	0.01109	0.01971	0.01725	0.01971	0.01355	0.00616	0.00370	0.00123	0.00246	0.00493	0.84356	0.00493
7	0.00625	0.00536	0.00536	0.00536	0.00714	0.00446	0.00402	0.00759	0.01205	0.01428	0.05355	0.05088	0.77909	0.01339	0.00625	0.00179	0.00268	0.01116	0.00491	0.00446
8	0.00644	0.00460	0.00613	0.00736	0.00767	0.00429	0.00491	0.00736	0.01012	0.01350	0.02914	0.81076	0.03497	0.01656	0.00675	0.00215	0.00307	0.01503	0.00491	0.00429
9	0.02372	0.00900	0.01227	0.00941	0.01350	0.00777	0.00777	0.02576	0.01513	0.78489	0.02086	0.01799	0.01309	0.00654	0.00532	0.00164	0.00450	0.00532	0.00654	0.00900
10	0.01413	0.81739	0.02770	0.00905	0.01357	0.02092	0.00905	0.01583	0.01074	0.01244	0.00735	0.00848	0.00678	0.00452	0.00339	0.00113	0.00565	0.00283	0.00226	0.00678
11	0.01413	0.81739	0.02770	0.00905	0.01357	0.02092	0.00905	0.01583	0.01074	0.01244	0.00735	0.00848	0.00678	0.00452	0.00339	0.00113	0.00565	0.00283	0.00226	0.00678
12	0.00852	0.00608	0.00852	0.00974	0.01095	0.00608	0.00852	0.01095	0.01217	0.01582	0.02799	0.05963	0.03042	0.01460	0.00730	0.00243	0.00487	0.74565	0.00487	0.00487
13	0.85155	0.01022	0.00777	0.00695	0.01022	0.01186	0.00573	0.01554	0.00900	0.02372	0.00736	0.00859	0.00573	0.00491	0.00327	0.00164	0.00409	0.00286	0.00327	0.00573
14	0.00644	0.00460	0.00613	0.00736	0.00767	0.00429	0.00491	0.00736	0.01012	0.01350	0.02914	0.81076	0.03497	0.01656	0.00675	0.00215	0.00307	0.01503	0.00491	0.00429
15	0.85155	0.01022	0.00777	0.00695	0.01022	0.01186	0.00573	0.01554	0.00900	0.02372	0.00736	0.00859	0.00573	0.00491	0.00327	0.00164	0.00409	0.00286	0.00327	0.00573
16	0.01308	0.01256	0.02146	0.03245	0.78123	0.01256	0.01622	0.01622	0.01204	0.01727	0.00994	0.01308	0.00837	0.00471	0.00523	0.00157	0.00628	0.00471	0.00262	0.00837
17	0.01315	0.01136	0.01195	0.01076	0.01375	0.01315	0.00837	0.02809	0.77168	0.02211	0.02152	0.01972	0.01614	0.00717	0.00538	0.00179	0.00418	0.00598	0.00538	0.00837
18	0.00644	0.00460	0.00613	0.00736	0.00767	0.00429	0.00491	0.00736	0.01012	0.01350	0.02914	0.81076	0.03497	0.01656	0.00675	0.00215	0.00307	0.01503	0.00491	0.00429
19	0.01248	0.01426	0.03119	0.02228	0.02763	0.01337	0.76203	0.01693	0.01248	0.01693	0.01070	0.01426	0.00802	0.00446	0.00624	0.00178	0.00891	0.00624	0.00267	0.00713
20	0.02010	0.01481	0.01587	0.01216	0.01639	0.01639	0.01005	0.76360	0.02486	0.03332	0.01269	0.01269	0.00899	0.00635	0.00529	0.00159	0.00582	0.00476	0.00529	0.00899
21	0.00625	0.00536	0.00536	0.00536	0.00714	0.00446	0.00402	0.00759	0.01205	0.01428	0.05355	0.05088	0.77909	0.01339	0.00625	0.00179	0.00268	0.01116	0.00491	0.00446
22	0.01422	0.01147	0.01224	0.01078	0.01392	0.01308	0.00845	0.07930	0.67733	0.06547	0.02086	0.01914	0.01547	0.00708	0.00537	0.00177	0.00432	0.00586	0.00544	0.00845
23	0.00648	0.00463	0.00617	0.00734	0.00768	0.00432	0.00491	0.00745	0.01028	0.01375	0.05406	0.78510	0.03546	0.01637	0.00673	0.00213	0.00305	0.01485	0.00494	0.00432
24	0.00657	0.00470	0.00629	0.00751	0.00788	0.00441	0.00514	0.00759	0.01025	0.01364	0.02906	0.76258	0.03467	0.01644	0.00678	0.00217	0.00318	0.06189	0.00490	0.00433
25	0.00772	0.00555	0.00833	0.00833	0.00917	0.00640	0.00640	0.00917	0.00833	0.01195	0.01364	0.02028	0.01279	0.03742	0.71234	0.09623	0.01316	0.00555	0.00278	0.00447
26	0.01315	0.01136	0.01195	0.01076	0.01375	0.01315	0.00837	0.02809	0.77168	0.02211	0.02152	0.01972	0.01614	0.00717	0.00538	0.00179	0.00418	0.00598	0.00538	0.00837
27	0.00647	0.00462	0.00616	0.00734	0.00767	0.00431	0.00491	0.00742	0.01024	0.01368	0.04733	0.79203	0.03533	0.01642	0.00674	0.00214	0.00305	0.01490	0.00493	0.00431
28	0.00644	0.00462	0.00611	0.00731	0.00765	0.00430	0.00488	0.00737	0.01017	0.01352	0.02979	0.79037	0.05493	0.01648	0.00673	0.00214	0.00306	0.01492	0.00491	0.00430
29	0.03955	0.00848	0.01257	0.39805	0.07179	0.00989	0.01067	0.03034	0.01112	0.05067	0.01215	0.01560	0.00936	0.00650	0.02307	0.00176	0.03939	0.00475	0.23833	0.00594
30	0.01235	0.01443	0.04980	0.04802	0.02780	0.01329	0.71839	0.01682	0.01238	0.01682	0.01062	0.01418	0.00796	0.00450	0.00618	0.00178	0.00882	0.00613	0.00265	0.00711
31	0.85155	0.01022	0.00777	0.00695	0.01022	0.01186	0.00573	0.01554	0.00900	0.02372	0.00736	0.00859	0.00573	0.00491	0.00327	0.00164	0.00409	0.00286	0.00327	0.00573
32	0.00768	0.00514	0.00583	0.00583	0.00585	0.00516	0.00329	0.00773	0.00771	0.01030	0.01660	0.03426	0.01907	0.79545	0.04547	0.00521	0.00534	0.00764	0.00319	0.00324
33	0.01398	0.76577	0.04612	0.00973	0.01436	0.02040	0.03986	0.01590	0.01082	0.01272	0.00754	0.00878	0.00683	0.00453	0.00355	0.00117	0.00584	0.00299	0.00228	0.00682
34	0.75236	0.06909	0.00962	0.00769	0.02646	0.01243	0.00624	0.01583	0.00934	0.04192	0.00775	0.00891	0.00604	0.00492	0.00337	0.00160	0.00426	0.00296	0.00327	0.00594
35	0.01376	0.01362	0.03903	0.02670	0.55766	0.06272	0.03003	0.06774	0.07499	0.01840	0.01156	0.01490	0.00963	0.00540	0.00530	0.00161	0.00633	0.02939	0.00310	0.00811
36	0.01232	0.00948	0.01119	0.00807	0.01270	0.00732	0.00649	0.03137	0.01165	0.08708	0.01051	0.01164	0.00833	0.00421	0.00407	0.00088	0.00401	0.00337	0.00349	0.75180
37	0.00819	0.00595	0.00809	0.00918	0.01041	0.00584	0.00789	0.01045	0.01207	0.01556	0.03072	0.09040	0.10906	0.01456	0.00717	0.00235	0.00456	0.63788	0.00487	0.00480
38	0.00962	0.00588	0.00775	0.00701	0.00864	0.00535	0.00535	0.01206	0.01499	0.12179	0.67866	0.03666	0.04504	0.01025	0.00611	0.00166	0.00276	0.00900	0.00591	0.00552
39	0.01264	0.01227	0.02011	0.19130	0.60461	0.03509	0.01573	0.01580	0.01182	0.01637	0.00978	0.01319	0.00805	0.00485	0.00523	0.00160	0.00653	0.00467	0.00256	0.00779
40	0.01195	0.01140	0.01941	0.31420	0.50835	0.01226	0.01566	0.01523	0.01150	0.01589	0.00974	0.01345	0.00789	0.00492	0.00525	0.00164	0.00656	0.00471	0.00252	0.00746
41	0.03805	0.00896	0.01169	0.00914	0.01288	0.00807	0.00749	0.07436	0.01554	0.61974	0.08747	0.02065	0.04696	0.00715	0.00539	0.00164	0.00433	0.00584	0.00626	0.00840
42	0.00673	0.00537	0.00606	0.00615	0.00766	0.00470	0.00467	0.00839	0.01259	0.01593	0.21510	0.10269	0.49960	0.01312	0.00637	0.00184	0.00284	0.07050	0.00511	0.00460
43	0.00630	0.00536	0.00543	0.00541	0.00717	0.00449	0.00406	0.00770	0.01218	0.01460	0.08643	0.05036	0.74602	0.01327	0.00625	0.00178	0.00267	0.01108	0.00495	0.00449
44	0.00775	0.00548	0.00707	0.00663	0.00797	0.00501	0.00499	0.01016	0.01478	0.03713	0.71571	0.03976	0.09587	0.01088	0.00622	0.00167	0.00255	0.00957	0.00578	0.00504
45	0.01315	0.01136	0.01195	0.01076	0.01375	0.01315	0.00837	0.02809	0.77168	0.02211	0.02152	0.01972	0.01614	0.00717	0.00538	0.00179	0.00418	0.00598	0.00538	0.00837
46	0.01096	0.00940	0.01096	0.00783	0.01253	0.00705	0.00626	0.01331	0.01096	0.01723	0.00940	0.01096	0.00783	0.00392	0.00392	0.00078	0.00392	0.00313	0.00313	0.84653
47	0.01315	0.01136	0.01195	0.01076	0.01375	0.01315	0.00837	0.02809	0.77168	0.02211	0.02152	0.01972	0.01614	0.00717	0.00538	0.00179	0.00418	0.00598	0.00538	0.00837
48	0.02010	0.01481	0.01587	0.01216	0.01639	0.01639	0.01005	0.76360	0.02486	0.03332	0.01269	0.01269	0.00899	0.00635	0.00529	0.00159	0.00582	0.00476	0.00529	0.00899
49	0.00644	0.00460	0.00613	0.00736	0.00767	0.00429	0.00491	0.00736	0.01012	0.01350	0.02914	0.81076	0.03497	0.01656	0.00675	0.00215	0.00307	0.01503	0.00491	0.00429
50	0.00748	0.00540	0.00707	0.00665	0.00790	0.00499	0.00499	0.00998	0.01496	0.02120	0.77844	0.03949	0.04988	0.01081	0.00624	0.00166	0.00249	0.00956	0.00582	0.00499
51	0.02010	0.01481	0.01587	0.01216	0.01639	0.01639	0.01005	0.76360	0.02486	0.03332	0.01269	0.01269	0.00899	0.00635	0.00529	0.00159	0.00582	0.00476	0.00529	0.00899
52	0.01975	0.02520	0.01498	0.01362	0.01634	0.79299	0.01021	0.02111	0.01498	0.01294	0.00817	0.00953	0.00681	0.00545	0.00477	0.00136	0.00953	0.00340	0.00272	0.00613
53	0.00918	0.00459	0.00689	0.00689	0.00689	0.00459	0.00459	0.00689	0.00689	0.00918	0.00918	0.01607	0.00918	0.01837	0.02066	0.84619	0.00459	0.00459	0.00230	0.00230
54	0.01060	0.02735	0.78682	0.01507	0.02288	0.01228	0.01953	0.01674	0.01116	0.01674	0.00949	0.01116	0.00670	0.00502	0.00502	0.00167	0.00781	0.00391	0.00223	0.00781
55	0.02168	0.01145	0.01479	0.01124	0.01546	0.01127	0.05698	0.29406	0.01850	0.46177	0.01723	0.01582	0.01127	0.00634	0.00537	0.00163	0.00526	0.00517	0.00584	0.00887
56	0.01060	0.02735	0.78682	0.01507	0.02288	0.01228	0.01953	0.01674	0.01116	0.01674	0.00949	0.01116	0.00670	0.00502	0.00502	0.00167	0.00781	0.00391	0.00223	0.00781
57	0.00625	0.00536	0.00536	0.00536	0.00714	0.00446	0.00402	0.00759	0.01205	0.01428	0.05355	0.05088	0.77909	0.01339	0.00625	0.00179	0.00268	0.01116	0.00491	0.00446
58	0.01387	0.03211	0.03903	0.02037	0.35315	0.14070	0.01215	0.09709	0.06266	0.01822	0.03644	0.01920	0.08670	0.00662	0.00534	0.00161	0.00614	0.03771	0.00349	0.00739
59	0.01308	0.01256	0.02146	0.03245	0.78123	0.01256	0.01622	0.01622	0.01204	0.01727	0.00994	0.01308	0.00837	0.00471	0.00523	0.00157	0.00628	0.00471	0.00262	0.00837
60	0.00918	0.00459	0.00689	0.00689	0.00689	0.00459	0.00459	0.00689	0.00689	0.00918	0.00918	0.01607	0.00918	0.01837	0.02066	0.84619	0.00459	0.00459	0.00230	0.00230
61	0.00703	0.00515	0.00660	0.00675	0.00775	0.00472	0.00487	0.00891	0.01315	0.01808	0.46999	0.28388	0.11774	0.01288	0.00640	0.00183	0.00269	0.01144	0.00544	0.00472
62	0.63913	0.01139	0.03172	0.01146	0.12179	0.01229	0.02252	0.06368	0.01058	0.02309	0.00820	0.00967	0.00638	0.00497	0.00379	0.00163	0.00471	0.00334	0.00327	0.00640
63	0.26480	0.13826	0.33617	0.02992	0.03954	0.01371	0.02614	0.01590	0.01028	0.01789	0.00840	0.01019	0.00651	0.00517	0.00507	0.00162	0.05743	0.00356	0.00258	0.00686

[dist]
# distance from previous block
# <min> <max>
0	1

[block]
# block no. 6 follows, 46 sequences, length 30
# corresponding to MSA columns:
# 388-417
name=unknown_G
#
# <colnr> <probs for GDERKNQSTAVLIFYWHMCP>
#	G	D	E	R	K	N	Q	S	T	A	V	L	I	F	Y	W	H	M	C	P
0	0.01077	0.01005	0.01674	0.65685	0.15385	0.01201	0.01479	0.03560	0.01122	0.01468	0.00958	0.01389	0.00731	0.00522	0.00528	0.00173	0.00689	0.00470	0.00248	0.00636
1	0.00873	0.00570	0.00722	0.00671	0.00828	0.00513	0.00508	0.01093	0.01432	0.08977	0.56100	0.06591	0.16901	0.01105	0.00617	0.00170	0.00273	0.00963	0.00570	0.00524
2	0.01327	0.01390	0.03593	0.09863	0.16848	0.05550	0.32650	0.08459	0.01296	0.01752	0.01003	0.01320	0.00788	0.00530	0.00685	0.00173	0.08973	0.00522	0.00284	0.02995
3	0.00668	0.00477	0.00630	0.00717	0.00764	0.00445	0.00486	0.00787	0.01095	0.01483	0.16973	0.63772	0.03721	0.04411	0.00737	0.00216	0.00303	0.01374	0.00502	0.00439
4	0.00668	0.00517	0.00609	0.00628	0.00751	0.00458	0.00455	0.00827	0.01245	0.01622	0.27122	0.24464	0.36056	0.01342	0.00637	0.00184	0.00272	0.01167	0.00519	0.00458
5	0.02335	0.00959	0.01264	0.00969	0.01379	0.00865	0.00800	0.10106	0.01612	0.70819	0.02002	0.01745	0.01267	0.00652	0.00531	0.00163	0.00463	0.00526	0.00642	0.00900
6	0.00654	0.00475	0.00619	0.00731	0.00780	0.00441	0.00502	0.00758	0.01041	0.01369	0.03131	0.70059	0.10292	0.01617	0.00673	0.00213	0.00313	0.05409	0.00491	0.00434
7	0.00985	0.00493	0.00493	0.00493	0.00616	0.00493	0.00370	0.01232	0.01109	0.01971	0.01725	0.01971	0.01355	0.00616	0.00370	0.00123	0.00246	0.00493	0.84356	0.00493
8	0.01060	0.02735	0.78682	0.01507	0.02288	0.01228	0.01953	0.01674	0.01116	0.01674	0.00949	0.01116	0.00670	0.00502	0.00502	0.00167	0.00781	0.00391	0.00223	0.00781
9	0.01963	0.01423	0.01506	0.01180	0.01583	0.04087	0.00965	0.58789	0.10850	0.10026	0.01429	0.01387	0.01011	0.00643	0.00528	0.00161	0.00563	0.00490	0.00533	0.00883
10	0.01591	0.01225	0.01316	0.01110	0.01453	0.01379	0.00884	0.25024	0.49833	0.07353	0.01881	0.01749	0.01379	0.00688	0.00535	0.00172	0.00470	0.00557	0.00543	0.00860
11	0.01012	0.00953	0.01610	0.76872	0.06816	0.01178	0.01475	0.01362	0.01063	0.01367	0.00942	0.01405	0.00710	0.00526	0.00528	0.00175	0.00701	0.00470	0.00236	0.00598
12	0.01720	0.37050	0.13102	0.01050	0.01536	0.01444	0.03591	0.01976	0.01252	0.30546	0.01288	0.01266	0.00920	0.00536	0.00445	0.00142	0.00564	0.00404	0.00389	0.00778
13	0.01381	0.74498	0.09728	0.00960	0.01442	0.02013	0.01001	0.01591	0.01078	0.01283	0.00755	0.00873	0.00678	0.00457	0.00354	0.00118	0.00585	0.00293	0.00226	0.00688
14	0.00748	0.00540	0.00707	0.00665	0.00790	0.00499	0.00499	0.00998	0.01496	0.02120	0.77844	0.03949	0.04988	0.01081	0.00624	0.00166	0.00249	0.00956	0.00582	0.00499
15	0.00693	0.00510	0.00649	0.00673	0.00771	0.00466	0.00483	0.00869	0.01279	0.01743	0.40499	0.32361	0.14394	0.01327	0.00642	0.00186	0.00273	0.01178	0.00536	0.00466
16	0.01815	0.01403	0.01736	0.01316	0.01728	0.01515	0.11907	0.60114	0.02190	0.02948	0.01270	0.01418	0.00946	0.04736	0.00650	0.00179	0.00617	0.00513	0.02166	0.00834
17	0.67577	0.08446	0.01038	0.00763	0.01112	0.01280	0.00643	0.06807	0.01056	0.06127	0.00840	0.00933	0.00642	0.00505	0.00352	0.00159	0.00437	0.00311	0.00348	0.00621
18	0.00637	0.00533	0.00554	0.00554	0.00723	0.00451	0.00414	0.00780	0.01225	0.01489	0.11919	0.07492	0.68769	0.01326	0.00626	0.00179	0.00267	0.01114	0.00499	0.00451
19	0.04124	0.41580	0.14936	0.01082	0.01543	0.08745	0.01081	0.05784	0.01231	0.10586	0.00965	0.01051	0.00761	0.00524	0.00471	0.00139	0.04024	0.00354	0.00300	0.00720
20	0.01875	0.01570	0.01575	0.05246	0.01738	0.13169	0.03147	0.53948	0.06234	0.02794	0.01236	0.01285	0.00901	0.00615	0.00521	0.00157	0.00637	0.00467	0.02063	0.00824
21	0.00769	0.00513	0.00577	0.00577	0.00577	0.00513	0.00320	0.00769	0.00769	0.01025	0.01666	0.03460	0.01922	0.81421	0.02691	0.00513	0.00513	0.00769	0.00320	0.00320
22	0.00964	0.00761	0.00873	0.02907	0.01087	0.00807	0.00646	0.01621	0.30645	0.03946	0.05051	0.32404	0.13822	0.01169	0.00605	0.00192	0.00357	0.01023	0.00510	0.00610
23	0.05778	0.03616	0.01656	0.13061	0.14393	0.13873	0.01157	0.33574	0.01747	0.02295	0.01047	0.01211	0.00798	0.00575	0.00539	0.00158	0.02941	0.00438	0.00375	0.00767
24	0.01126	0.00959	0.01112	0.00802	0.01266	0.00746	0.00642	0.03288	0.03294	0.01778	0.00982	0.01126	0.00810	0.00407	0.00399	0.00083	0.00397	0.00325	0.00325	0.80132
25	0.01025	0.01041	0.05386	0.43115	0.04824	0.02297	0.07862	0.01367	0.02838	0.01457	0.01205	0.08563	0.01049	0.00782	0.03457	0.00203	0.06650	0.00577	0.05703	0.00596
26	0.03535	0.01601	0.01548	0.03148	0.01669	0.12919	0.01006	0.60435	0.04177	0.02940	0.01208	0.01237	0.00875	0.00618	0.00518	0.00156	0.00631	0.00456	0.00481	0.00842
27	0.01576	0.01351	0.01360	0.12423	0.01748	0.18373	0.02872	0.10209	0.10918	0.13238	0.01343	0.02630	0.01046	0.04944	0.00619	0.00167	0.00612	0.00478	0.00398	0.13695
28	0.00735	0.00537	0.00677	0.00728	0.00796	0.00532	0.00502	0.02882	0.03037	0.01398	0.05755	0.45150	0.09014	0.14391	0.10994	0.00335	0.00485	0.01162	0.00444	0.00445
29	0.01250	0.01421	0.03089	0.02259	0.05082	0.01334	0.73909	0.01691	0.01246	0.01694	0.01067	0.01422	0.00803	0.00446	0.00621	0.00178	0.00883	0.00619	0.00267	0.00717

[dist]
# distance from previous block
# <min> <max>
0	4

[block]
# block no. 7 follows, 46 sequences, length 118
# corresponding to MSA columns:
# 422-539
name=unknown_H
#
# <colnr> <probs for GDERKNQSTAVLIFYWHMCP>
#	G	D	E	R	K	N	Q	S	T	A	V	L	I	F	Y	W	H	M	C	P
0	0.00743	0.00540	0.00700	0.00660	0.00787	0.00497	0.00495	0.00988	0.01485	0.02092	0.74921	0.03995	0.07929	0.01091	0.00624	0.00167	0.00250	0.00963	0.00578	0.00497
1	0.00644	0.00460	0.00613	0.00736	0.00767	0.00429	0.00491	0.00736	0.01012	0.01350	0.02914	0.81076	0.03497	0.01656	0.00675	0.00215	0.00307	0.01503	0.00491	0.00429
2	0.00625	0.00536	0.00536	0.00536	0.00714	0.00446	0.00402	0.00759	0.01205	0.01428	0.05355	0.05088	0.77909	0.01339	0.00625	0.00179	0.00268	0.01116	0.00491	0.00446
3	0.00693	0.00536	0.00631	0.00612	0.00757	0.00475	0.00457	0.00889	0.01360	0.01805	0.45026	0.06475	0.35967	0.01206	0.00625	0.00173	0.00259	0.01038	0.00541	0.00475
4	0.02010	0.01481	0.01587	0.01216	0.01639	0.01639	0.01005	0.76360	0.02486	0.03332	0.01269	0.01269	0.00899	0.00635	0.00529	0.00159	0.00582	0.00476	0.00529	0.00899
5	0.00755	0.00566	0.00850	0.00850	0.00944	0.00661	0.00661	0.00944	0.00850	0.01227	0.01416	0.02077	0.01322	0.03965	0.79326	0.00850	0.01416	0.00566	0.00283	0.00472
6	0.01060	0.02735	0.78682	0.01507	0.02288	0.01228	0.01953	0.01674	0.01116	0.01674	0.00949	0.01116	0.00670	0.00502	0.00502	0.00167	0.00781	0.00391	0.00223	0.00781
7	0.01315	0.01136	0.01195	0.01076	0.01375	0.01315	0.00837	0.02809	0.77168	0.02211	0.02152	0.01972	0.01614	0.00717	0.00538	0.00179	0.00418	0.00598	0.00538	0.00837
8	0.00769	0.00513	0.00577	0.00577	0.00577	0.00513	0.00320	0.00769	0.00769	0.01025	0.01666	0.03460	0.01922	0.81421	0.02691	0.00513	0.00513	0.00769	0.00320	0.00320
