[name]
unknown

[dist]
# distance from previous block
# <min> <max>
8	16

[block]
# block no. 0 follows, 44 sequences, length 54
# corresponding to MSA columns:
# 19-72
name=unknown_A
#
# <colnr> <probs for GDERKNQSTAVLIFYWHMCP>
#	G	D	E	R	K	N	Q	S	T	A	V	L	I	F	Y	W	H	M	C	P
0	0.04549	0.01189	0.01329	0.04519	0.01503	0.01293	0.00888	0.47037	0.02035	0.02787	0.10206	0.13274	0.01789	0.00913	0.02082	0.00186	0.00530	0.00694	0.00515	0.02683
1	0.04461	0.07418	0.08320	0.50504	0.04714	0.04026	0.02826	0.04735	0.01199	0.01595	0.04459	0.01455	0.00932	0.00564	0.00524	0.00172	0.00694	0.00477	0.00277	0.00649
2	0.03139	0.00818	0.00947	0.00872	0.01010	0.03553	0.00635	0.11732	0.10516	0.04607	0.01446	0.10064	0.01357	0.04679	0.01423	0.41236	0.00488	0.00616	0.00374	0.00488
3	0.07663	0.00873	0.01103	0.00918	0.01237	0.00819	0.00736	0.08414	0.01511	0.44713	0.09136	0.14551	0.02024	0.00890	0.00572	0.00179	0.00431	0.02851	0.00601	0.00776
4	0.00884	0.00584	0.00738	0.00731	0.00883	0.00530	0.00561	0.01083	0.01359	0.08382	0.32599	0.16303	0.21360	0.01282	0.00658	0.00192	0.00320	0.10468	0.00557	0.00525
5	0.01349	0.01295	0.02213	0.03346	0.77440	0.01295	0.01673	0.01673	0.01241	0.01781	0.01025	0.01349	0.00864	0.00486	0.00540	0.00162	0.00648	0.00486	0.00270	0.00864
6	0.01160	0.01072	0.01659	0.63082	0.06238	0.02536	0.01449	0.07849	0.01213	0.01579	0.00981	0.01411	0.00748	0.00581	0.00631	0.00183	0.06232	0.00482	0.00270	0.00643
7	0.00795	0.00555	0.00717	0.00721	0.00838	0.00513	0.00537	0.00998	0.01363	0.03991	0.44545	0.19992	0.10688	0.04124	0.00737	0.00202	0.00307	0.07321	0.00557	0.00499
8	0.00948	0.00524	0.00567	0.00572	0.00678	0.00520	0.00418	0.01159	0.01124	0.01850	0.08134	0.02753	0.01931	0.14481	0.00839	0.00208	0.00319	0.05704	0.56793	0.00478
9	0.01349	0.01295	0.02213	0.03346	0.77440	0.01295	0.01673	0.01673	0.01241	0.01781	0.01025	0.01349	0.00864	0.00486	0.00540	0.00162	0.00648	0.00486	0.00270	0.00864
10	0.01114	0.00709	0.00824	0.00745	0.00851	0.00730	0.00501	0.11579	0.01117	0.07976	0.01674	0.02977	0.01725	0.55958	0.08852	0.00476	0.00614	0.00711	0.00387	0.00480
11	0.00809	0.00512	0.00670	0.00725	0.00778	0.00483	0.00486	0.00867	0.01030	0.04857	0.08199	0.47115	0.05112	0.14179	0.01189	0.10533	0.00370	0.01198	0.00460	0.00428
12	0.00788	0.00506	0.00677	0.00774	0.00833	0.00468	0.00527	0.00891	0.01080	0.06720	0.02945	0.75003	0.03448	0.01636	0.00686	0.00218	0.00327	0.01480	0.00518	0.00477
13	0.01349	0.01295	0.02213	0.03346	0.77440	0.01295	0.01673	0.01673	0.01241	0.01781	0.01025	0.01349	0.00864	0.00486	0.00540	0.00162	0.00648	0.00486	0.00270	0.00864
14	0.01349	0.01295	0.02213	0.03346	0.77440	0.01295	0.01673	0.01673	0.01241	0.01781	0.01025	0.01349	0.00864	0.00486	0.00540	0.00162	0.00648	0.00486	0.00270	0.00864
15	0.08442	0.01194	0.01875	0.10867	0.51156	0.01255	0.01433	0.06732	0.01259	0.01867	0.01054	0.01387	0.00873	0.00818	0.07301	0.00227	0.00704	0.00478	0.00294	0.00785
16	0.00669	0.00482	0.00625	0.00737	0.00778	0.00448	0.00492	0.00762	0.01046	0.01382	0.03121	0.71706	0.08663	0.05320	0.00788	0.00233	0.00323	0.01487	0.00498	0.00439
17	0.77435	0.01047	0.00874	0.07553	0.01289	0.01222	0.00671	0.01584	0.00942	0.02355	0.00777	0.00935	0.00602	0.00509	0.00355	0.00170	0.00448	0.00312	0.00329	0.00592
18	0.01351	0.28767	0.06157	0.02031	0.18930	0.01622	0.30307	0.01690	0.01209	0.01595	0.00962	0.01226	0.00786	0.00470	0.00514	0.00155	0.00739	0.00477	0.00258	0.00755
19	0.00746	0.00510	0.00612	0.00656	0.00670	0.00498	0.00398	0.00787	0.00902	0.01206	0.04118	0.31019	0.02643	0.50560	0.01978	0.00410	0.00446	0.01068	0.00400	0.00375
20	0.00659	0.00544	0.00562	0.00573	0.00729	0.00465	0.00415	0.00781	0.01188	0.01431	0.04991	0.11272	0.64749	0.08202	0.00831	0.00217	0.00301	0.01153	0.00491	0.00448
21	0.00783	0.00659	0.00712	0.00815	0.00868	0.07226	0.00554	0.00882	0.01087	0.01387	0.02817	0.73589	0.03354	0.01609	0.00678	0.00214	0.00374	0.01446	0.00487	0.00459
22	0.84691	0.01054	0.00801	0.00717	0.01054	0.01223	0.00590	0.01603	0.00928	0.02446	0.00759	0.00886	0.00590	0.00506	0.00337	0.00169	0.00422	0.00295	0.00337	0.00590
23	0.01403	0.69379	0.14166	0.01026	0.01544	0.02023	0.01096	0.01647	0.01114	0.01349	0.00791	0.00916	0.00698	0.00474	0.00375	0.00125	0.00617	0.00308	0.00233	0.00716
24	0.00662	0.00533	0.00576	0.00604	0.00740	0.00462	0.00431	0.00783	0.01173	0.01440	0.06084	0.21793	0.54253	0.06988	0.00804	0.00216	0.00302	0.01211	0.00496	0.00448
25	0.01458	0.81168	0.02857	0.00933	0.01399	0.02157	0.00933	0.01632	0.01108	0.01283	0.00758	0.00875	0.00700	0.00466	0.00350	0.00117	0.00583	0.00292	0.00233	0.00700
26	0.00698	0.00490	0.00643	0.00749	0.00799	0.00453	0.00507	0.00804	0.01086	0.02694	0.06579	0.71779	0.07400	0.01647	0.00688	0.00216	0.00314	0.01487	0.00513	0.00455
27	0.01619	0.63968	0.02548	0.00998	0.01436	0.12010	0.00937	0.01792	0.01204	0.07927	0.00890	0.00974	0.00756	0.00497	0.00386	0.00124	0.00625	0.00322	0.00278	0.00711
28	0.01285	0.01465	0.03183	0.02279	0.02818	0.01385	0.73840	0.01737	0.01277	0.01737	0.01094	0.01465	0.00825	0.00470	0.00668	0.00185	0.02641	0.00640	0.00275	0.00732
29	0.00687	0.00484	0.00626	0.00730	0.00756	0.00458	0.00475	0.00765	0.01000	0.01333	0.02778	0.66939	0.03320	0.15644	0.01062	0.00275	0.00354	0.01417	0.00475	0.00423
30	0.01447	0.78959	0.04976	0.00950	0.01426	0.02132	0.00963	0.01635	0.01109	0.01295	0.00764	0.00882	0.00699	0.00468	0.00355	0.00118	0.00589	0.00295	0.00233	0.00703
31	0.00842	0.00565	0.00713	0.00695	0.00835	0.00510	0.00514	0.01041	0.01386	0.07163	0.43305	0.19522	0.18350	0.01254	0.00647	0.00184	0.00287	0.01100	0.00568	0.00518
32	0.01287	0.01471	0.03217	0.02298	0.02849	0.01379	0.75460	0.01746	0.01287	0.01746	0.01103	0.01471	0.00827	0.00460	0.00643	0.00184	0.00919	0.00643	0.00276	0.00735
33	0.00738	0.00498	0.00649	0.00745	0.00793	0.00464	0.00498	0.00831	0.01047	0.04090	0.02950	0.68220	0.05988	0.08652	0.00872	0.00245	0.00339	0.01433	0.00497	0.00451
34	0.09125	0.01197	0.01441	0.25078	0.02173	0.01372	0.01083	0.28172	0.15003	0.05566	0.01365	0.01486	0.00997	0.00623	0.00524	0.00173	0.00577	0.00496	0.02774	0.00775
35	0.08744	0.11721	0.10793	0.18554	0.04860	0.04335	0.08146	0.07004	0.04619	0.14334	0.01208	0.01355	0.00878	0.00556	0.00507	0.00166	0.00651	0.00460	0.00360	0.00749
36	0.84691	0.01054	0.00801	0.00717	0.01054	0.01223	0.00590	0.01603	0.00928	0.02446	0.00759	0.00886	0.00590	0.00506	0.00337	0.00169	0.00422	0.00295	0.00337	0.00590
37	0.01328	0.01136	0.01194	0.01070	0.01373	0.01297	0.00834	0.05830	0.67134	0.02264	0.02451	0.02266	0.07825	0.00789	0.00562	0.00184	0.00426	0.00655	0.00550	0.00833
38	0.00671	0.00530	0.00585	0.00615	0.00739	0.00466	0.00433	0.00789	0.01160	0.01442	0.07852	0.23908	0.47441	0.09803	0.00881	0.00229	0.00312	0.01206	0.00492	0.00445
39	0.01242	0.01500	0.09238	0.08912	0.07932	0.01380	0.49573	0.01662	0.01206	0.01669	0.01033	0.01403	0.00797	0.00527	0.00741	0.00187	0.09427	0.00580	0.00264	0.00724
40	0.00664	0.00474	0.00633	0.00759	0.00791	0.00443	0.00506	0.00759	0.01044	0.01392	0.03005	0.80485	0.03606	0.01708	0.00696	0.00221	0.00316	0.01550	0.00506	0.00443
41	0.01803	0.08448	0.01607	0.01193	0.01565	0.11085	0.00974	0.40106	0.18442	0.02643	0.01405	0.01411	0.01052	0.00652	0.00547	0.00162	0.02414	0.00484	0.03172	0.00836
42	0.01458	0.81168	0.02857	0.00933	0.01399	0.02157	0.00933	0.01632	0.01108	0.01283	0.00758	0.00875	0.00700	0.00466	0.00350	0.00117	0.00583	0.00292	0.00233	0.00700
43	0.00686	0.00496	0.00648	0.00732	0.00793	0.00459	0.00503	0.00817	0.01160	0.01563	0.18670	0.60198	0.08126	0.01565	0.00682	0.00209	0.00302	0.01409	0.00526	0.00459
44	0.02414	0.00980	0.01297	0.00995	0.01418	0.00878	0.00822	0.08985	0.01647	0.71366	0.02078	0.01808	0.01313	0.00673	0.00548	0.00168	0.00476	0.00543	0.00664	0.00928
45	0.00662	0.00483	0.00624	0.00736	0.00785	0.00445	0.00496	0.00762	0.01066	0.01401	0.03286	0.72086	0.11823	0.01671	0.00690	0.00217	0.00312	0.01505	0.00506	0.00445
46	0.02037	0.02598	0.01545	0.01404	0.01685	0.78652	0.01053	0.02177	0.01545	0.01334	0.00843	0.00983	0.00702	0.00562	0.00492	0.00140	0.00983	0.00351	0.00281	0.00632
47	0.01150	0.00640	0.00849	0.00752	0.00945	0.00578	0.00579	0.01393	0.01537	0.19361	0.58607	0.05111	0.04250	0.01027	0.00623	0.00172	0.00305	0.00898	0.00615	0.00607
48	0.01427	0.74489	0.09264	0.00986	0.01481	0.02081	0.01025	0.01640	0.01111	0.01320	0.00777	0.00898	0.00699	0.00471	0.00364	0.00121	0.00602	0.00301	0.00233	0.00709
49	0.00784	0.00563	0.00777	0.00781	0.00847	0.00625	0.00565	0.00918	0.00860	0.01219	0.01587	0.04729	0.01613	0.27294	0.52085	0.00739	0.01124	0.00673	0.01776	0.00438
50	0.00671	0.00511	0.00610	0.00673	0.00766	0.00458	0.00467	0.00791	0.01148	0.01476	0.10108	0.44197	0.30143	0.04421	0.00749	0.00215	0.00305	0.01331	0.00508	0.00451
51	0.02037	0.02598	0.01545	0.01404	0.01685	0.78652	0.01053	0.02177	0.01545	0.01334	0.00843	0.00983	0.00702	0.00562	0.00492	0.00140	0.00983	0.00351	0.00281	0.00632
52	0.05153	0.09160	0.06301	0.11195	0.12793	0.01351	0.28918	0.04624	0.04475	0.04426	0.01144	0.02922	0.00906	0.00582	0.00611	0.03145	0.00720	0.00541	0.00307	0.00728
53	0.01283	0.01248	0.02200	0.09721	0.59376	0.01258	0.09670	0.01615	0.01224	0.01726	0.01120	0.05007	0.00974	0.00544	0.00559	0.00169	0.00669	0.00552	0.00279	0.00808

[dist]
# distance from previous block
# <min> <max>
3	10

[block]
# block no. 1 follows, 44 sequences, length 17
# corresponding to MSA columns:
# 83-99
name=unknown_B
#
# <colnr> <probs for GDERKNQSTAVLIFYWHMCP>
#	G	D	E	R	K	N	Q	S	T	A	V	L	I	F	Y	W	H	M	C	P
0	0.06424	0.01018	0.01185	0.00919	0.01318	0.00939	0.00742	0.16885	0.01550	0.22894	0.05074	0.05152	0.04817	0.00669	0.00503	0.00142	0.00445	0.00539	0.00494	0.28292
1	0.00715	0.00534	0.00657	0.00676	0.00787	0.00485	0.00488	0.00887	0.01292	0.01727	0.33818	0.24800	0.22666	0.05036	0.00759	0.00207	0.00297	0.03160	0.00536	0.00473
2	0.00805	0.00619	0.00811	0.04449	0.01071	0.00623	0.00681	0.01078	0.05034	0.01637	0.15788	0.14474	0.17270	0.01704	0.11109	0.00298	0.00527	0.21030	0.00483	0.00509
3	0.00706	0.00537	0.00645	0.00663	0.00784	0.00482	0.00482	0.00876	0.01293	0.01705	0.30800	0.22426	0.29626	0.03650	0.00720	0.00200	0.00292	0.03104	0.00535	0.00473
4	0.01341	0.01319	0.02347	0.03206	0.67463	0.01306	0.11542	0.01683	0.01247	0.01776	0.01036	0.01366	0.00859	0.00482	0.00554	0.00165	0.00684	0.00507	0.00271	0.00846
5	0.01093	0.02820	0.78016	0.01554	0.02360	0.01266	0.02014	0.01727	0.01151	0.01727	0.00978	0.01151	0.00691	0.00518	0.00518	0.00173	0.00806	0.00403	0.00230	0.00806
6	0.84691	0.01054	0.00801	0.00717	0.01054	0.01223	0.00590	0.01603	0.00928	0.02446	0.00759	0.00886	0.00590	0.00506	0.00337	0.00169	0.00422	0.00295	0.00337	0.00590
7	0.02072	0.01527	0.01636	0.01254	0.01691	0.01691	0.01036	0.75622	0.02563	0.03436	0.01309	0.01309	0.00927	0.00654	0.00545	0.00164	0.00600	0.00491	0.00545	0.00927
8	0.00658	0.00552	0.00574	0.00583	0.00756	0.00467	0.00439	0.00803	0.01246	0.01502	0.08064	0.08571	0.68564	0.01389	0.00650	0.00188	0.00285	0.03735	0.00510	0.00463
9	0.53710	0.01109	0.01255	0.07131	0.21790	0.01229	0.00955	0.01639	0.01043	0.04510	0.00889	0.01081	0.00697	0.00509	0.00413	0.00168	0.00506	0.00368	0.00323	0.00675
10	0.01960	0.01405	0.01525	0.01186	0.01588	0.01547	0.00975	0.65449	0.02368	0.05600	0.01368	0.01408	0.00988	0.00835	0.04662	0.00199	0.00623	0.00498	0.04933	0.00882
11	0.00663	0.00479	0.00628	0.00747	0.00788	0.00444	0.00501	0.00760	0.01055	0.01396	0.03147	0.76230	0.07769	0.01689	0.00693	0.00219	0.00314	0.01527	0.00506	0.00444
12	0.01034	0.00764	0.00902	0.00879	0.01037	0.00784	0.00653	0.18049	0.04844	0.01981	0.08984	0.45059	0.07376	0.01346	0.00650	0.00201	0.00386	0.03963	0.00525	0.00582
13	0.00755	0.00558	0.00688	0.00669	0.00795	0.00512	0.00497	0.00960	0.01383	0.01886	0.50025	0.04380	0.19014	0.09908	0.00883	0.00218	0.00306	0.05533	0.00546	0.00483
14	0.01257	0.01181	0.01893	0.25311	0.44167	0.01280	0.01502	0.01779	0.12769	0.01744	0.01193	0.01485	0.00947	0.00542	0.00544	0.00171	0.00638	0.00505	0.00306	0.00788
15	0.00803	0.00588	0.00748	0.00826	0.00940	0.00566	0.00669	0.00981	0.01168	0.01493	0.03295	0.08873	0.19601	0.14268	0.01052	0.00279	0.00447	0.42466	0.00475	0.00462
16	0.01165	0.00948	0.01152	0.06820	0.01462	0.00773	0.00719	0.01451	0.03637	0.05192	0.01171	0.05405	0.01002	0.00507	0.00441	0.00103	0.00427	0.00420	0.00350	0.66853

[dist]
# distance from previous block
# <min> <max>
0	11

[block]
# block no. 2 follows, 44 sequences, length 11
# corresponding to MSA columns:
# 111-121
name=unknown_C
#
# <colnr> <probs for GDERKNQSTAVLIFYWHMCP>
#	G	D	E	R	K	N	Q	S	T	A	V	L	I	F	Y	W	H	M	C	P
0	0.01023	0.00545	0.00553	0.00541	0.00671	0.00547	0.00401	0.03706	0.01170	0.01993	0.01891	0.02228	0.04105	0.06172	0.00560	0.00158	0.00285	0.00550	0.72392	0.00508
1	0.01134	0.01839	0.31241	0.17846	0.02762	0.01262	0.29123	0.01624	0.01184	0.01651	0.01108	0.04691	0.00872	0.00552	0.00578	0.00181	0.00811	0.00558	0.00261	0.00723
2	0.00696	0.00554	0.00624	0.00607	0.00768	0.00482	0.00455	0.00883	0.01365	0.01764	0.34757	0.04767	0.47802	0.01272	0.00644	0.00179	0.00268	0.01083	0.00545	0.00482
3	0.01074	0.06959	0.64060	0.01410	0.02111	0.01222	0.01765	0.01634	0.01198	0.01759	0.10539	0.01503	0.01251	0.00590	0.00524	0.00169	0.00724	0.00470	0.00277	0.00763
4	0.00742	0.00546	0.00694	0.00680	0.00802	0.00498	0.00501	0.00963	0.01440	0.01993	0.58534	0.14475	0.13653	0.01226	0.00650	0.00180	0.00267	0.01082	0.00576	0.00498
5	0.01450	0.47975	0.22803	0.01173	0.01701	0.13784	0.01241	0.01742	0.01187	0.01410	0.00830	0.00966	0.00698	0.00495	0.00417	0.00135	0.00705	0.00331	0.00240	0.00718
6	0.07545	0.08275	0.61444	0.01386	0.02086	0.01278	0.01726	0.01664	0.01157	0.01780	0.05982	0.01303	0.00978	0.00553	0.00500	0.00168	0.00724	0.00425	0.00263	0.00762
7	0.00672	0.00483	0.00631	0.00741	0.00782	0.00449	0.00496	0.00772	0.01064	0.01415	0.05976	0.71380	0.07049	0.04349	0.00762	0.00228	0.00319	0.01484	0.00504	0.00443
8	0.01093	0.02820	0.78016	0.01554	0.02360	0.01266	0.02014	0.01727	0.01151	0.01727	0.00978	0.01151	0.00691	0.00518	0.00518	0.00173	0.00806	0.00403	0.00230	0.00806
9	0.00670	0.00484	0.00634	0.00742	0.00789	0.00449	0.00501	0.00778	0.01088	0.01449	0.08055	0.71023	0.08022	0.01650	0.00689	0.00216	0.00310	0.01489	0.00512	0.00449
10	0.00761	0.00553	0.00716	0.00684	0.00810	0.00508	0.00510	0.01004	0.01504	0.02115	0.70269	0.08110	0.08095	0.01157	0.00646	0.00175	0.00261	0.01022	0.00591	0.00508

[dist]
# distance from previous block
# <min> <max>
0	2

[block]
# block no. 3 follows, 44 sequences, length 7
# corresponding to MSA columns:
# 124-130
name=unknown_D
#
# <colnr> <probs for GDERKNQSTAVLIFYWHMCP>
#	G	D	E	R	K	N	Q	S	T	A	V	L	I	F	Y	W	H	M	C	P
0	0.00681	0.00491	0.00632	0.00726	0.00775	0.00456	0.00487	0.00785	0.01082	0.01439	0.09151	0.63185	0.09139	0.07213	0.00834	0.00236	0.00323	0.01421	0.00501	0.00442
1	0.10229	0.01043	0.04331	0.00960	0.01351	0.00931	0.00809	0.10541	0.01527	0.50746	0.01946	0.01906	0.03658	0.06686	0.00696	0.00196	0.00488	0.00549	0.00578	0.00830
2	0.01257	0.00965	0.01143	0.00823	0.01302	0.00734	0.00661	0.01496	0.01172	0.09062	0.01082	0.01200	0.00859	0.00430	0.00418	0.00089	0.00410	0.00345	0.00357	0.76198
3	0.07368	0.04984	0.05632	0.09952	0.01318	0.00937	0.00745	0.11166	0.01265	0.01997	0.01431	0.01833	0.01178	0.09001	0.02721	0.00205	0.00478	0.00501	0.36697	0.00590
4	0.04639	0.00928	0.01150	0.10368	0.01506	0.00952	0.00812	0.15490	0.05998	0.14552	0.17986	0.10691	0.02198	0.00868	0.00602	0.02166	0.00452	0.00708	0.00505	0.07428
5	0.11455	0.13077	0.15427	0.06883	0.07407	0.14768	0.02796	0.06963	0.07264	0.05723	0.01125	0.02828	0.00887	0.00574	0.00484	0.00160	0.00673	0.00436	0.00333	0.00735
6	0.05270	0.08901	0.01620	0.04232	0.12489	0.25161	0.01029	0.17589	0.03425	0.01887	0.01111	0.01453	0.00954	0.09591	0.02840	0.00213	0.00731	0.00459	0.00345	0.00701

[dist]
# distance from previous block
# <min> <max>
0	1

[block]
# block no. 4 follows, 44 sequences, length 13
# corresponding to MSA columns:
# 132-144
name=unknown_E
#
# <colnr> <probs for GDERKNQSTAVLIFYWHMCP>
#	G	D	E	R	K	N	Q	S	T	A	V	L	I	F	Y	W	H	M	C	P
0	0.01465	0.02516	0.02683	0.01062	0.02652	0.01173	0.00842	0.30537	0.08275	0.07109	0.08979	0.09554	0.09034	0.04609	0.02962	0.00214	0.04376	0.00724	0.00504	0.00730
1	0.01433	0.05552	0.03826	0.09740	0.01836	0.01252	0.09136	0.22235	0.08983	0.03957	0.05125	0.01771	0.01274	0.00639	0.00531	0.00158	0.00567	0.04078	0.03742	0.14166
2	0.03934	0.12773	0.07238	0.01097	0.01533	0.07324	0.00968	0.22097	0.03915	0.22395	0.01435	0.03919	0.01063	0.00629	0.00501	0.00153	0.00572	0.00480	0.00468	0.07506
3	0.23082	0.01312	0.10684	0.01069	0.03133	0.03732	0.00932	0.12116	0.09968	0.13467	0.08860	0.03860	0.01511	0.00708	0.00509	0.00174	0.00510	0.03175	0.00460	0.00738
4	0.01528	0.27302	0.04334	0.01042	0.01367	0.13221	0.00902	0.11461	0.01390	0.07325	0.05301	0.06509	0.01302	0.04716	0.00674	0.00171	0.05826	0.00516	0.04434	0.00679
5	0.22428	0.03475	0.25640	0.01348	0.07636	0.04582	0.03756	0.04272	0.06229	0.09569	0.02712	0.01291	0.00919	0.00555	0.00479	0.00166	0.00613	0.00427	0.00351	0.03552
6	0.01664	0.10516	0.09131	0.01270	0.06000	0.11824	0.01046	0.13095	0.18385	0.12860	0.03483	0.01537	0.01195	0.00626	0.00510	0.00159	0.00592	0.00487	0.03172	0.02450
7	0.03558	0.00998	0.01097	0.03149	0.01230	0.03203	0.03167	0.23258	0.06635	0.02349	0.01527	0.01767	0.01200	0.04557	0.00629	0.00171	0.03609	0.00517	0.36714	0.00666
8	0.09882	0.04401	0.03796	0.03182	0.03865	0.05173	0.00885	0.26291	0.09579	0.02354	0.05775	0.16644	0.01694	0.00850	0.00543	0.00174	0.00511	0.00696	0.02985	0.00720
9	0.07256	0.01119	0.01325	0.01093	0.01401	0.01194	0.04745	0.34354	0.03062	0.02539	0.11045	0.09235	0.01905	0.03095	0.00670	0.00188	0.02654	0.07593	0.00490	0.05037
10	0.07454	0.11788	0.01536	0.01073	0.01449	0.09981	0.00885	0.28386	0.10286	0.09407	0.03736	0.01526	0.03139	0.00645	0.00496	0.00155	0.00559	0.00483	0.03213	0.03807
11	0.10925	0.03668	0.07460	0.05164	0.07747	0.04620	0.15756	0.12877	0.04109	0.02038	0.05369	0.01556	0.03651	0.00624	0.00632	0.00170	0.07068	0.00523	0.00353	0.05691
12	0.05494	0.27705	0.05961	0.01097	0.01504	0.10273	0.03200	0.15331	0.09060	0.06465	0.03245	0.01329	0.01037	0.00583	0.00461	0.00147	0.00595	0.00431	0.05332	0.00749

[dist]
# distance from previous block
# <min> <max>
5	15

[block]
# block no. 5 follows, 44 sequences, length 6
# corresponding to MSA columns:
# 160-165
name=unknown_F
#
# <colnr> <probs for GDERKNQSTAVLIFYWHMCP>
#	G	D	E	R	K	N	Q	S	T	A	V	L	I	F	Y	W	H	M	C	P
0	0.04183	0.04157	0.01347	0.11166	0.09458	0.10614	0.00948	0.04222	0.06196	0.01591	0.01701	0.09181	0.08438	0.08320	0.00886	0.00206	0.09502	0.00641	0.00348	0.06894
1	0.12786	0.21666	0.27626	0.05844	0.01812	0.07262	0.01272	0.05738	0.01203	0.01729	0.01076	0.01246	0.03255	0.00728	0.04471	0.00192	0.00711	0.00400	0.00280	0.00704
2	0.05269	0.08660	0.09311	0.01256	0.03422	0.16037	0.05575	0.03896	0.01224	0.03422	0.04507	0.06628	0.01188	0.00844	0.03970	0.00195	0.13057	0.00521	0.03825	0.07195
3	0.08836	0.19418	0.24494	0.06887	0.01863	0.06257	0.01267	0.11107	0.03496	0.06489	0.01070	0.01208	0.00813	0.00693	0.03740	0.00187	0.00697	0.00405	0.00323	0.00749
4	0.03470	0.10942	0.01157	0.00876	0.01117	0.00947	0.00726	0.05852	0.09776	0.05496	0.14492	0.06129	0.11635	0.03890	0.00673	0.00197	0.00430	0.18103	0.00484	0.03609
5	0.05488	0.14392	0.05923	0.00935	0.01268	0.01084	0.00828	0.11318	0.01445	0.11936	0.15083	0.07899	0.02101	0.00840	0.00536	0.00165	0.00466	0.08513	0.03249	0.06531

[dist]
# distance from previous block
# <min> <max>
2	4

[block]
# block no. 6 follows, 44 sequences, length 43
# corresponding to MSA columns:
# 170-212
name=unknown_G
#
# <colnr> <probs for GDERKNQSTAVLIFYWHMCP>
#	G	D	E	R	K	N	Q	S	T	A	V	L	I	F	Y	W	H	M	C	P
0	0.12995	0.01246	0.01599	0.01905	0.29919	0.02532	0.01150	0.12632	0.17863	0.06876	0.01461	0.01547	0.02912	0.00614	0.00546	0.00170	0.02296	0.00507	0.00411	0.00819
1	0.03245	0.01312	0.01431	0.02901	0.02760	0.03356	0.00941	0.43272	0.12704	0.10213	0.01615	0.04599	0.02257	0.02374	0.02279	0.00190	0.00570	0.00561	0.00521	0.02898
2	0.01751	0.01012	0.01181	0.01003	0.02611	0.03640	0.00785	0.09922	0.13890	0.33410	0.07762	0.04916	0.09423	0.00817	0.00566	0.00171	0.00453	0.01885	0.00575	0.04227
3	0.01706	0.01194	0.01353	0.01069	0.01437	0.01255	0.00867	0.42391	0.03108	0.09954	0.01508	0.01657	0.03061	0.04202	0.11659	0.00269	0.00669	0.00519	0.00484	0.11638
4	0.09844	0.04372	0.02498	0.29606	0.01990	0.02505	0.00947	0.01275	0.02926	0.01613	0.11359	0.08640	0.06637	0.08587	0.00771	0.00216	0.00535	0.04761	0.00366	0.00552
5	0.01459	0.67804	0.10479	0.01029	0.01517	0.07251	0.01052	0.01679	0.01142	0.01332	0.00786	0.00910	0.00699	0.00478	0.00377	0.00124	0.00633	0.00307	0.00236	0.00706
6	0.00821	0.00620	0.00766	0.00719	0.00870	0.00596	0.00542	0.01201	0.09204	0.02138	0.63699	0.03958	0.10589	0.01098	0.00634	0.00174	0.00277	0.00961	0.00588	0.00546
7	0.01220	0.17388	0.01800	0.01260	0.01367	0.04168	0.01065	0.01349	0.00935	0.01315	0.00963	0.09256	0.01008	0.00920	0.01342	0.00209	0.53019	0.00545	0.00266	0.00603
8	0.01203	0.02718	0.66247	0.01631	0.06176	0.09207	0.01898	0.01770	0.01196	0.01689	0.00967	0.01144	0.00701	0.00521	0.00516	0.00169	0.00816	0.00402	0.00237	0.00791
9	0.76115	0.01235	0.08723	0.00803	0.01188	0.01227	0.00736	0.01615	0.00951	0.02372	0.00782	0.00913	0.00601	0.00507	0.00356	0.00169	0.00461	0.00306	0.00326	0.00613
10	0.00772	0.00557	0.00729	0.00686	0.00814	0.00514	0.00514	0.01029	0.01543	0.02186	0.77152	0.04072	0.05144	0.01115	0.00643	0.00171	0.00257	0.00986	0.00600	0.00514
11	0.01298	0.01236	0.02128	0.03052	0.65751	0.01231	0.05410	0.01621	0.01245	0.01764	0.01220	0.01848	0.01095	0.00589	0.00567	0.00172	0.00647	0.08012	0.00294	0.00820
12	0.01282	0.09291	0.01450	0.14204	0.04501	0.01324	0.00977	0.02289	0.45039	0.03803	0.02047	0.02089	0.06362	0.00727	0.00542	0.00178	0.00496	0.02171	0.00458	0.00771
13	0.00682	0.00551	0.00588	0.00580	0.00736	0.00477	0.00423	0.00827	0.01249	0.01555	0.17688	0.04869	0.56867	0.09486	0.00863	0.00217	0.00299	0.01085	0.00505	0.00456
14	0.02446	0.00928	0.01265	0.00970	0.01392	0.00801	0.00801	0.02657	0.01560	0.77817	0.02151	0.01856	0.01350	0.00675	0.00548	0.00169	0.00464	0.00548	0.00675	0.00928
15	0.01491	0.01500	0.02037	0.02843	0.58599	0.13122	0.01510	0.05522	0.04791	0.01819	0.01066	0.01323	0.00879	0.00517	0.00533	0.00160	0.00687	0.00471	0.00298	0.00831
16	0.01103	0.00664	0.00892	0.00923	0.01106	0.00629	0.00787	0.01332	0.01315	0.14330	0.05819	0.05231	0.13350	0.01336	0.00700	0.00225	0.00455	0.48701	0.00535	0.00568
17	0.00765	0.00557	0.00719	0.00678	0.00810	0.00511	0.00509	0.01015	0.01526	0.02146	0.73158	0.04138	0.09162	0.01129	0.00643	0.00172	0.00258	0.00995	0.00595	0.00511
18	0.01343	0.01307	0.02265	0.03123	0.65853	0.01307	0.09201	0.01744	0.05138	0.01803	0.01095	0.01397	0.00901	0.00496	0.00551	0.00165	0.00664	0.00509	0.00285	0.00850
19	0.04206	0.00557	0.00814	0.10103	0.01083	0.00592	0.00597	0.00855	0.00786	0.01114	0.00985	0.01622	0.00930	0.01614	0.01781	0.66521	0.00490	0.00470	0.04569	0.00308
20	0.00737	0.00507	0.00621	0.00683	0.00702	0.00493	0.00429	0.00788	0.00923	0.01229	0.02345	0.38834	0.02763	0.42043	0.01758	0.00379	0.00431	0.03533	0.00416	0.00387
21	0.00664	0.00474	0.00633	0.00759	0.00791	0.00443	0.00506	0.00759	0.01044	0.01392	0.03005	0.80485	0.03606	0.01708	0.00696	0.00221	0.00316	0.01550	0.00506	0.00443
22	0.01378	0.01091	0.01183	0.01067	0.01358	0.01232	0.00826	0.04395	0.61759	0.07459	0.02273	0.10053	0.01824	0.00832	0.00569	0.00187	0.00426	0.00704	0.00558	0.00826
23	0.10453	0.01548	0.01540	0.08092	0.01806	0.10124	0.01034	0.53373	0.02153	0.02922	0.01171	0.01242	0.00850	0.00619	0.00518	0.00163	0.00635	0.00455	0.00468	0.00832
24	0.00775	0.00521	0.00600	0.00617	0.00622	0.00517	0.00355	0.00788	0.00828	0.01104	0.01896	0.14245	0.02207	0.69855	0.02486	0.00486	0.00499	0.00898	0.00355	0.00346
25	0.01388	0.01490	0.01620	0.01496	0.05938	0.19259	0.01152	0.01530	0.01036	0.01378	0.00812	0.01192	0.00752	0.00822	0.01353	0.00206	0.53437	0.00450	0.04072	0.00616
26	0.00762	0.00560	0.00681	0.00653	0.00801	0.00501	0.00489	0.00975	0.01431	0.03467	0.50574	0.07352	0.27330	0.01211	0.00644	0.00177	0.00270	0.01050	0.00569	0.00503
27	0.01394	0.01594	0.09293	0.11183	0.43236	0.13092	0.01518	0.01839	0.08324	0.01711	0.01099	0.01350	0.00882	0.00531	0.00532	0.00164	0.00703	0.00469	0.00291	0.00794
28	0.00704	0.00540	0.00639	0.00644	0.00774	0.00481	0.00469	0.00879	0.01318	0.01738	0.34170	0.17776	0.32936	0.03583	0.00713	0.00195	0.00283	0.01143	0.00539	0.00476
29	0.01300	0.01264	0.01967	0.11179	0.57537	0.04977	0.01510	0.01653	0.04182	0.01713	0.01292	0.03945	0.03915	0.00578	0.00547	0.00167	0.00639	0.00543	0.00295	0.00796
30	0.03296	0.04857	0.04079	0.03240	0.28262	0.38320	0.01292	0.07221	0.01466	0.01673	0.00942	0.01141	0.00773	0.00536	0.00506	0.00151	0.00804	0.00409	0.00293	0.00741
31	0.00884	0.00635	0.00780	0.00804	0.00924	0.00624	0.00581	0.07071	0.05729	0.03628	0.14667	0.47630	0.09255	0.01415	0.00661	0.00203	0.00342	0.03102	0.00531	0.00533
32	0.00685	0.00555	0.00606	0.00606	0.00768	0.00501	0.00455	0.00832	0.01165	0.01446	0.04598	0.04563	0.59610	0.04152	0.13707	0.00308	0.00480	0.01022	0.03478	0.00463
33	0.00752	0.00556	0.00701	0.00665	0.00802	0.00506	0.00499	0.00990	0.01496	0.02074	0.65889	0.04257	0.16477	0.01156	0.00643	0.00173	0.00260	0.01012	0.00585	0.00506
34	0.02046	0.00839	0.01137	0.00902	0.01254	0.00733	0.00733	0.02268	0.01556	0.59735	0.20082	0.02386	0.02257	0.00780	0.00571	0.00169	0.00414	0.00653	0.00657	0.00829
35	0.00783	0.00528	0.00612	0.00621	0.00629	0.00531	0.00361	0.00800	0.00815	0.01092	0.01796	0.08966	0.02065	0.71163	0.06629	0.00525	0.00563	0.00836	0.00341	0.00347
36	0.01396	0.67987	0.15501	0.01037	0.01561	0.02007	0.01115	0.01648	0.01115	0.01357	0.00795	0.00921	0.00698	0.00475	0.00378	0.00126	0.00620	0.00310	0.00233	0.00717
37	0.01268	0.01041	0.01195	0.00875	0.01335	0.00874	0.00704	0.13457	0.01383	0.02066	0.04506	0.01294	0.01025	0.00477	0.00438	0.00098	0.00429	0.00381	0.00372	0.66784
38	0.05100	0.09022	0.01599	0.01133	0.01445	0.01143	0.15845	0.16035	0.01377	0.02007	0.01352	0.02873	0.01143	0.07868	0.09620	0.00267	0.00665	0.00544	0.17849	0.03112
39	0.01093	0.00876	0.00928	0.00881	0.01041	0.04849	0.00640	0.13816	0.11216	0.01810	0.04005	0.28778	0.07705	0.15546	0.04030	0.00279	0.00492	0.00972	0.00470	0.00574
40	0.14775	0.16862	0.30808	0.01166	0.01705	0.05405	0.01264	0.09877	0.01302	0.03898	0.01326	0.01412	0.06852	0.00597	0.00470	0.00160	0.00637	0.00435	0.00319	0.00731
41	0.04974	0.05404	0.15057	0.01860	0.26231	0.05805	0.04139	0.01497	0.02714	0.01679	0.03753	0.19046	0.01624	0.00822	0.00563	0.00178	0.00599	0.03015	0.00340	0.00699
42	0.04399	0.29251	0.18401	0.01225	0.04737	0.13270	0.03078	0.01638	0.01256	0.01616	0.12810	0.01494	0.01403	0.00594	0.00470	0.00146	0.00642	0.00452	0.00306	0.02812

[dist]
# distance from previous block
# <min> <max>
2	4

[block]
# block no. 7 follows, 44 sequences, length 17
# corresponding to MSA columns:
# 231-247
name=unknown_H
#
# <colnr> <probs for GDERKNQSTAVLIFYWHMCP>
#	G	D	E	R	K	N	Q	S	T	A	V	L	I	F	Y	W	H	M	C	P
0	0.03877	0.01218	0.03214	0.04296	0.06635	0.06431	0.00935	0.17509	0.15348	0.08788	0.05997	0.04901	0.01518	0.02823	0.04558	0.00211	0.00583	0.03073	0.00460	0.07625
1	0.39164	0.01418	0.17173	0.05762	0.01639	0.01207	0.05679	0.01648	0.04863	0.03463	0.03121	0.01251	0.00875	0.00707	0.03712	0.00202	0.04561	0.00413	0.00323	0.02818
2	0.01114	0.00900	0.01016	0.04096	0.01167	0.04383	0.00692	0.08514	0.04446	0.01716	0.03544	0.13764	0.01671	0.15805	0.02514	0.00244	0.09030	0.00693	0.10595	0.14098
3	0.01275	0.07982	0.01703	0.16104	0.01915	0.09524	0.08715	0.04639	0.01154	0.01568	0.01085	0.04396	0.00944	0.00714	0.00881	0.00182	0.23893	0.00513	0.12193	0.00621
4	0.01268	0.03214	0.04390	0.30426	0.16848	0.04232	0.03549	0.04307	0.05768	0.03647	0.01074	0.01375	0.00842	0.00561	0.00614	0.00166	0.06445	0.00467	0.00300	0.10507
5	0.01614	0.01147	0.01286	0.01128	0.03578	0.01243	0.00869	0.20135	0.36002	0.14129	0.02256	0.04811	0.07759	0.00789	0.00563	0.00178	0.00466	0.00649	0.00557	0.00840
6	0.00679	0.00485	0.00648	0.00769	0.00809	0.00455	0.00525	0.00787	0.01071	0.01430	0.05472	0.74168	0.03633	0.01678	0.00697	0.00221	0.00324	0.05192	0.00509	0.00448
7	0.00772	0.00557	0.00729	0.00686	0.00814	0.00514	0.00514	0.01029	0.01543	0.02186	0.77152	0.04072	0.05144	0.01115	0.00643	0.00171	0.00257	0.00986	0.00600	0.00514
8	0.00690	0.00485	0.00625	0.00726	0.00751	0.00460	0.00470	0.00766	0.00993	0.01324	0.02743	0.64825	0.03275	0.17819	0.01119	0.00284	0.00360	0.01396	0.00470	0.00420
9	0.01048	0.01006	0.01751	0.73882	0.03689	0.01223	0.06921	0.01419	0.01104	0.01419	0.00979	0.01455	0.00734	0.00539	0.00552	0.00182	0.00741	0.00496	0.00245	0.00615
10	0.00716	0.00562	0.00652	0.00648	0.00806	0.00498	0.00499	0.00911	0.01357	0.01758	0.32312	0.04894	0.42516	0.01293	0.00655	0.00186	0.00292	0.08419	0.00541	0.00485
11	0.05264	0.03038	0.01672	0.01604	0.16736	0.01366	0.03769	0.28992	0.11829	0.17876	0.01502	0.01504	0.01076	0.00619	0.00537	0.00167	0.00563	0.00511	0.00493	0.00880
12	0.01110	0.06405	0.74577	0.01525	0.02316	0.01307	0.01965	0.01722	0.01149	0.01706	0.00968	0.01138	0.00691	0.00516	0.00510	0.00170	0.00796	0.00398	0.00230	0.00801
13	0.00901	0.00688	0.00778	0.00751	0.00935	0.00675	0.00563	0.01361	0.17376	0.04890	0.19899	0.16400	0.30278	0.01210	0.00629	0.00187	0.00319	0.01041	0.00544	0.00574
14	0.03341	0.04294	0.56756	0.01524	0.02212	0.03416	0.09991	0.01709	0.01206	0.03415	0.06204	0.01383	0.01022	0.00555	0.00532	0.00171	0.00763	0.00466	0.00275	0.00768
15	0.00974	0.03621	0.00631	0.00557	0.00668	0.00583	0.00402	0.01166	0.01053	0.01756	0.01714	0.02338	0.01501	0.18849	0.03758	0.00244	0.00372	0.00567	0.58771	0.00475
16	0.84691	0.01054	0.00801	0.00717	0.01054	0.01223	0.00590	0.01603	0.00928	0.02446	0.00759	0.00886	0.00590	0.00506	0.00337	0.00169	0.00422	0.00295	0.00337	0.00590

[dist]
# distance from previous block
# <min> <max>
4	20

[block]
# block no. 8 follows, 44 sequences, length 25
# corresponding to MSA columns:
# 268-292
name=unknown_I
#
# <colnr> <probs for GDERKNQSTAVLIFYWHMCP>
#	G	D	E	R	K	N	Q	S	T	A	V	L	I	F	Y	W	H	M	C	P
0	0.00789	0.00657	0.00762	0.00755	0.00915	0.02672	0.02294	0.00980	0.02937	0.01562	0.10909	0.22711	0.32069	0.04320	0.00728	0.00205	0.00362	0.08579	0.00487	0.05308
1	0.04337	0.01391	0.01295	0.01085	0.01404	0.14766	0.00852	0.28825	0.10693	0.10114	0.04892	0.03869	0.07290	0.05888	0.00689	0.00189	0.00577	0.00598	0.00491	0.00754
2	0.01204	0.01329	0.06691	0.27209	0.21857	0.01312	0.25138	0.01591	0.01181	0.01619	0.01014	0.01402	0.00791	0.00522	0.00637	0.00180	0.04810	0.00530	0.00259	0.00723
3	0.00689	0.00492	0.00661	0.00787	0.00830	0.00464	0.00549	0.00802	0.01068	0.01419	0.02991	0.71957	0.03552	0.01685	0.00702	0.00225	0.00338	0.09835	0.00506	0.00450
4	0.01436	0.04644	0.01305	0.02971	0.01442	0.07712	0.00875	0.02504	0.49909	0.08127	0.06291	0.02055	0.01699	0.00826	0.02471	0.00195	0.02153	0.02081	0.00509	0.00794
5	0.01978	0.02484	0.01575	0.01508	0.06046	0.72082	0.01084	0.02168	0.03571	0.01386	0.00891	0.01033	0.00738	0.00562	0.00496	0.00143	0.00949	0.00366	0.00288	0.00652
6	0.00913	0.00603	0.00672	0.00643	0.00692	0.00618	0.00398	0.06516	0.00966	0.01344	0.01687	0.03200	0.01825	0.64462	0.04288	0.00468	0.00529	0.00735	0.09043	0.00398
7	0.00739	0.00548	0.00690	0.00682	0.00808	0.00499	0.00507	0.00954	0.01416	0.01940	0.52596	0.14345	0.17473	0.01251	0.00654	0.00183	0.00276	0.03377	0.00568	0.00495
8	0.01380	0.01329	0.02017	0.02882	0.61264	0.04579	0.01509	0.01903	0.14086	0.01847	0.01221	0.01451	0.00993	0.00532	0.00540	0.00165	0.00625	0.00502	0.00319	0.00854
9	0.00793	0.00529	0.00595	0.00595	0.00595	0.00529	0.00330	0.00793	0.00793	0.01057	0.01718	0.03568	0.01982	0.80840	0.02775	0.00529	0.00529	0.00793	0.00330	0.00330
10	0.01298	0.03903	0.06725	0.10766	0.02295	0.01449	0.29880	0.09358	0.01261	0.01767	0.01019	0.01366	0.00809	0.00630	0.00892	0.00190	0.21337	0.00535	0.03824	0.00698
11	0.65348	0.01463	0.18667	0.00911	0.01356	0.01233	0.00920	0.01631	0.00979	0.02280	0.00810	0.00947	0.00614	0.00509	0.00379	0.00170	0.00511	0.00320	0.00313	0.00640
12	0.02446	0.00928	0.01265	0.00970	0.01392	0.00801	0.00801	0.02657	0.01560	0.77817	0.02151	0.01856	0.01350	0.00675	0.00548	0.00169	0.00464	0.00548	0.00675	0.00928
13	0.00972	0.00725	0.00817	0.00758	0.00935	0.03912	0.00576	0.01316	0.08429	0.07018	0.47195	0.03829	0.15937	0.02781	0.00670	0.00183	0.00332	0.02483	0.00564	0.00566
14	0.00674	0.00516	0.00619	0.00672	0.00775	0.00461	0.00474	0.00811	0.01196	0.01549	0.15844	0.40818	0.30642	0.01493	0.00669	0.00200	0.00292	0.01314	0.00521	0.00461
15	0.01093	0.02820	0.78016	0.01554	0.02360	0.01266	0.02014	0.01727	0.01151	0.01727	0.00978	0.01151	0.00691	0.00518	0.00518	0.00173	0.00806	0.00403	0.00230	0.00806
16	0.00718	0.00505	0.00616	0.00676	0.00710	0.00481	0.00430	0.00785	0.00978	0.01296	0.05569	0.41701	0.08311	0.32937	0.01512	0.00338	0.00395	0.01200	0.00440	0.00402
17	0.00681	0.00486	0.00642	0.00745	0.00786	0.00454	0.00500	0.00790	0.01089	0.01467	0.11118	0.69181	0.03714	0.04619	0.00768	0.00227	0.00318	0.01459	0.00510	0.00446
18	0.01361	0.04530	0.02359	0.05083	0.19598	0.12806	0.30251	0.01673	0.01244	0.01600	0.01114	0.06336	0.00975	0.00609	0.00690	0.00177	0.08014	0.00587	0.00283	0.00712
19	0.00825	0.00633	0.00783	0.00840	0.00991	0.00615	0.00689	0.01134	0.07199	0.01659	0.08896	0.10552	0.24995	0.01395	0.00694	0.00218	0.00400	0.36454	0.00515	0.00515
20	0.08298	0.61143	0.06661	0.00988	0.01440	0.06122	0.00972	0.01698	0.01131	0.04390	0.00828	0.00942	0.00716	0.00497	0.00406	0.00130	0.02365	0.00315	0.00261	0.00699
21	0.04217	0.58472	0.11221	0.03795	0.01600	0.06990	0.01069	0.01709	0.01152	0.04298	0.00849	0.00972	0.00721	0.00491	0.00392	0.00131	0.00630	0.00325	0.00257	0.00709
22	0.03826	0.10534	0.04791	0.00747	0.00956	0.00774	0.00632	0.01132	0.01341	0.01892	0.41336	0.06014	0.11656	0.03539	0.00648	0.00180	0.00352	0.03689	0.05423	0.00539
23	0.03972	0.52228	0.11564	0.00992	0.01433	0.06215	0.00997	0.01583	0.01199	0.01514	0.12427	0.01402	0.01372	0.00578	0.00423	0.00135	0.00579	0.00414	0.00295	0.00677
24	0.03556	0.17223	0.01833	0.05101	0.13446	0.23441	0.01089	0.05654	0.02931	0.08285	0.02586	0.01311	0.00943	0.02969	0.00659	0.00167	0.07335	0.00432	0.00328	0.00711

[dist]
# distance from previous block
# <min> <max>
6	25

[block]
# block no. 9 follows, 44 sequences, length 23
# corresponding to MSA columns:
# 318-324,326-341
name=unknown_J
#
# <colnr> <probs for GDERKNQSTAVLIFYWHMCP>
#	G	D	E	R	K	N	Q	S	T	A	V	L	I	F	Y	W	H	M	C	P
0	0.01253	0.02955	0.01204	0.01115	0.04577	0.01212	0.00828	0.03841	0.55300	0.02128	0.04256	0.05477	0.06873	0.00900	0.02653	0.00200	0.00450	0.00680	0.03313	0.00785
1	0.01337	0.03226	0.01214	0.02301	0.01338	0.00870	0.00728	0.04347	0.04798	0.12663	0.03125	0.06290	0.01198	0.00594	0.00521	0.00122	0.03851	0.00476	0.00403	0.50599
2	0.00689	0.00549	0.00606	0.00600	0.00751	0.00478	0.00440	0.00849	0.01288	0.01638	0.24682	0.08069	0.49729	0.06273	0.00779	0.00204	0.00288	0.01101	0.00521	0.00466
3	0.00714	0.00531	0.00676	0.00764	0.00856	0.00492	0.00570	0.00864	0.01166	0.01512	0.08063	0.42510	0.19872	0.01554	0.00694	0.00217	0.00345	0.17625	0.00511	0.00464
4	0.01374	0.01148	0.01218	0.01080	0.01388	0.01302	0.00850	0.12003	0.58341	0.02342	0.02391	0.02340	0.07696	0.00807	0.00568	0.00184	0.00443	0.03152	0.00548	0.00826
5	0.81400	0.01031	0.00798	0.00717	0.01041	0.01194	0.00586	0.01567	0.00919	0.02387	0.00766	0.00916	0.00604	0.00561	0.00408	0.03469	0.00424	0.00302	0.00333	0.00577
6	0.09380	0.01775	0.29978	0.09043	0.15727	0.03744	0.01436	0.02897	0.01190	0.02980	0.02543	0.01315	0.02018	0.00527	0.00494	0.00156	0.00649	0.00428	0.00289	0.13432
7	0.13185	0.01135	0.03392	0.26034	0.13006	0.04339	0.03121	0.09430	0.01322	0.01896	0.06337	0.01985	0.11250	0.00688	0.00534	0.00173	0.00586	0.00575	0.00352	0.00660
8	0.71817	0.08868	0.05490	0.00786	0.01163	0.01315	0.00706	0.01613	0.00958	0.02292	0.00772	0.00900	0.00607	0.00503	0.00349	0.00164	0.00460	0.00301	0.00321	0.00613
9	0.84691	0.01054	0.00801	0.00717	0.01054	0.01223	0.00590	0.01603	0.00928	0.02446	0.00759	0.00886	0.00590	0.00506	0.00337	0.00169	0.00422	0.00295	0.00337	0.00590
10	0.00767	0.00525	0.00605	0.00618	0.00641	0.00513	0.00368	0.00802	0.00896	0.01192	0.06705	0.13209	0.06752	0.61563	0.02264	0.00449	0.00471	0.00919	0.00379	0.00363
11	0.11212	0.01376	0.01456	0.01136	0.01534	0.01512	0.00929	0.58228	0.02210	0.07856	0.01326	0.01434	0.00981	0.05536	0.00659	0.00187	0.00567	0.00491	0.00517	0.00853
12	0.84691	0.01054	0.00801	0.00717	0.01054	0.01223	0.00590	0.01603	0.00928	0.02446	0.00759	0.00886	0.00590	0.00506	0.00337	0.00169	0.00422	0.00295	0.00337	0.00590
13	0.01756	0.06702	0.01658	0.06033	0.09397	0.32691	0.01097	0.16331	0.15358	0.01958	0.01205	0.01296	0.00939	0.00598	0.00513	0.00156	0.00735	0.00444	0.00376	0.00757
14	0.00694	0.00512	0.00655	0.00747	0.00823	0.00473	0.00535	0.00826	0.01138	0.01490	0.08693	0.53351	0.16341	0.01586	0.00690	0.00215	0.00327	0.09935	0.00512	0.00458
15	0.01526	0.01692	0.04132	0.02692	0.52117	0.23190	0.01489	0.01805	0.01325	0.01650	0.01015	0.01350	0.00865	0.00532	0.00530	0.00158	0.00744	0.02122	0.00277	0.00788
16	0.00673	0.00485	0.00629	0.00736	0.00779	0.00451	0.00492	0.00771	0.01060	0.01407	0.05630	0.69636	0.07859	0.05631	0.00795	0.00233	0.00323	0.01469	0.00501	0.00441
17	0.01916	0.01485	0.01510	0.01199	0.01591	0.06275	0.00975	0.57510	0.11551	0.03077	0.01422	0.01424	0.01034	0.00658	0.00533	0.00163	0.00581	0.00499	0.05721	0.00875
18	0.00654	0.00553	0.00568	0.00576	0.00754	0.00466	0.00435	0.00796	0.01237	0.01477	0.05345	0.07466	0.72138	0.01395	0.00650	0.00188	0.00286	0.04047	0.00506	0.00461
19	0.01130	0.00969	0.01130	0.00807	0.01292	0.00727	0.00646	0.01373	0.01130	0.01776	0.00969	0.01130	0.00807	0.00404	0.00404	0.00081	0.00404	0.00323	0.00323	0.84173
20	0.00929	0.00474	0.00705	0.00713	0.00715	0.00472	0.00476	0.00713	0.00731	0.00975	0.01075	0.06568	0.01113	0.01882	0.02041	0.78910	0.00464	0.00541	0.00254	0.00250
21	0.01350	0.01466	0.06712	0.18585	0.45390	0.09107	0.04634	0.03216	0.01265	0.01686	0.01002	0.01326	0.00808	0.00510	0.00539	0.00165	0.00718	0.00473	0.00269	0.00780
22	0.03809	0.10436	0.01699	0.01433	0.05452	0.62063	0.01061	0.05118	0.01513	0.01463	0.00861	0.01002	0.00717	0.00551	0.00478	0.00141	0.00897	0.00356	0.00288	0.00662

[dist]
# distance from previous block
# <min> <max>
0	2

[block]
# block no. 10 follows, 44 sequences, length 40
# corresponding to MSA columns:
# 344-383
name=unknown_K
#
# <colnr> <probs for GDERKNQSTAVLIFYWHMCP>
#	G	D	E	R	K	N	Q	S	T	A	V	L	I	F	Y	W	H	M	C	P
0	0.00664	0.00474	0.00633	0.00759	0.00791	0.00443	0.00506	0.00759	0.01044	0.01392	0.03005	0.80485	0.03606	0.01708	0.00696	0.00221	0.00316	0.01550	0.00506	0.00443
1	0.01575	0.65255	0.02591	0.01028	0.01457	0.17651	0.00957	0.01743	0.01196	0.01293	0.00775	0.00897	0.00700	0.00486	0.00379	0.00121	0.00664	0.00304	0.00243	0.00686
2	0.00720	0.00588	0.00617	0.00621	0.00774	0.00535	0.00446	0.00941	0.06823	0.01469	0.04502	0.12379	0.53861	0.12172	0.00933	0.00235	0.00326	0.01102	0.00486	0.00471
3	0.04018	0.01118	0.06299	0.38928	0.08129	0.01193	0.06396	0.01425	0.01076	0.01548	0.01029	0.01442	0.00820	0.00759	0.04539	0.00213	0.10488	0.00484	0.06492	0.03606
4	0.01303	0.01464	0.11352	0.06893	0.64720	0.01288	0.01707	0.01666	0.01223	0.01755	0.01017	0.01330	0.00836	0.00493	0.00537	0.00164	0.00671	0.00476	0.00264	0.00844
5	0.00745	0.00551	0.00697	0.00690	0.00816	0.00504	0.00517	0.00964	0.01422	0.01950	0.53089	0.13010	0.16557	0.01246	0.00655	0.00184	0.00280	0.05057	0.00569	0.00497
6	0.01409	0.70722	0.12878	0.01016	0.01527	0.02038	0.01077	0.01645	0.01114	0.01342	0.00787	0.00911	0.00698	0.00473	0.00372	0.00124	0.00613	0.00306	0.00233	0.00714
7	0.06294	0.00887	0.01170	0.00918	0.01300	0.00785	0.00752	0.02393	0.01520	0.64525	0.09794	0.02116	0.03563	0.00729	0.00550	0.00169	0.00436	0.00595	0.00646	0.00858
8	0.01484	0.73495	0.02709	0.00951	0.01395	0.03948	0.00929	0.01660	0.01135	0.03709	0.02279	0.00976	0.00806	0.00498	0.00395	0.00122	0.02234	0.00318	0.00255	0.00699
9	0.01009	0.00607	0.00775	0.00717	0.00892	0.00544	0.00543	0.01221	0.01442	0.14183	0.45053	0.12230	0.16364	0.01153	0.00634	0.00179	0.00300	0.01004	0.00586	0.00564
10	0.01700	0.01295	0.01354	0.01099	0.01408	0.05584	0.00880	0.47731	0.01987	0.02691	0.01360	0.01637	0.01088	0.08205	0.07205	0.00253	0.03810	0.00520	0.09430	0.00762
11	0.00694	0.00547	0.00614	0.00621	0.00761	0.00482	0.00455	0.00847	0.01254	0.01593	0.20534	0.12030	0.45760	0.07782	0.00825	0.00215	0.00304	0.03709	0.00512	0.00461
