[name]
unknown

[dist]
# distance from previous block
# <min> <max>
0	3

[block]
# block no. 0 follows, 43 sequences, length 10
# corresponding to MSA columns:
# 97-106
name=unknown_A
#
# <colnr> <probs for GDERKNQSTAVLIFYWHMCP>
#	G	D	E	R	K	N	Q	S	T	A	V	L	I	F	Y	W	H	M	C	P
0	0.00892	0.00637	0.00892	0.01020	0.01147	0.00637	0.00892	0.01147	0.01275	0.01657	0.02932	0.06247	0.03187	0.01530	0.00765	0.00255	0.00510	0.73354	0.00510	0.00510
1	0.00821	0.00519	0.00704	0.00771	0.00806	0.00505	0.00525	0.02837	0.00991	0.01320	0.02270	0.46782	0.02628	0.04968	0.01263	0.27344	0.00397	0.03739	0.00419	0.00393
2	0.19458	0.01173	0.01285	0.01013	0.01426	0.01207	0.00831	0.24251	0.06605	0.27587	0.01525	0.01455	0.01050	0.00623	0.00498	0.00163	0.00496	0.00469	0.00533	0.08353
3	0.01887	0.00912	0.01159	0.00947	0.01284	0.00857	0.00755	0.06008	0.10884	0.44501	0.12798	0.06733	0.02077	0.03498	0.00652	0.00186	0.00436	0.00687	0.00621	0.03120
4	0.00967	0.00621	0.00846	0.00837	0.00958	0.00585	0.02931	0.03686	0.01237	0.09108	0.14441	0.43146	0.05221	0.06395	0.00868	0.03610	0.00380	0.03123	0.00518	0.00523
5	0.01055	0.00986	0.01655	0.66178	0.11222	0.01188	0.01488	0.01402	0.01120	0.01456	0.01126	0.06641	0.00945	0.00625	0.00563	0.00185	0.00703	0.00563	0.00267	0.00632
6	0.01802	0.01381	0.01580	0.11259	0.01917	0.04901	0.03620	0.44182	0.07767	0.07600	0.01592	0.04902	0.03517	0.00716	0.00566	0.00173	0.00610	0.00577	0.00499	0.00839
7	0.09427	0.01001	0.01499	0.50830	0.02897	0.01185	0.04223	0.07941	0.01213	0.01718	0.01158	0.04895	0.00970	0.05627	0.00681	0.00204	0.00660	0.00546	0.02703	0.00621
8	0.01687	0.01029	0.01219	0.06122	0.01460	0.01085	0.00828	0.20784	0.13285	0.21106	0.06512	0.02025	0.01559	0.05798	0.02536	0.00208	0.00508	0.00588	0.10878	0.00782
9	0.03643	0.00846	0.00990	0.04094	0.02908	0.02882	0.00702	0.12540	0.01349	0.03913	0.07020	0.31457	0.03750	0.07810	0.00830	0.00216	0.03278	0.00956	0.05010	0.05808

[dist]
# distance from previous block
# <min> <max>
22	41

[block]
# block no. 1 follows, 43 sequences, length 30
# corresponding to MSA columns:
# 164-193
name=unknown_B
#
# <colnr> <probs for GDERKNQSTAVLIFYWHMCP>
#	G	D	E	R	K	N	Q	S	T	A	V	L	I	F	Y	W	H	M	C	P
0	0.10173	0.10723	0.04723	0.13569	0.10463	0.07967	0.04704	0.07354	0.03907	0.06130	0.04238	0.01565	0.04399	0.00612	0.00532	0.00162	0.02167	0.00491	0.00353	0.05770
1	0.05400	0.08466	0.04795	0.06242	0.07284	0.14559	0.05870	0.13167	0.02842	0.04506	0.12060	0.01781	0.03926	0.00662	0.00530	0.00158	0.00627	0.00539	0.00395	0.06191
2	0.07736	0.04131	0.10275	0.07998	0.13554	0.05253	0.04131	0.11204	0.03603	0.12015	0.02558	0.05137	0.01124	0.00779	0.02843	0.02822	0.00644	0.00531	0.00389	0.03275
3	0.24315	0.06472	0.30800	0.01156	0.01699	0.01245	0.02633	0.06363	0.01252	0.12376	0.01155	0.01247	0.00827	0.00556	0.00465	0.00167	0.00605	0.00409	0.05499	0.00756
4	0.00807	0.00597	0.00739	0.00777	0.00883	0.00577	0.00559	0.05269	0.02976	0.01717	0.16957	0.43309	0.12971	0.03422	0.02548	0.00231	0.00365	0.04266	0.00526	0.00505
5	0.00674	0.00485	0.00640	0.00764	0.00801	0.00450	0.00511	0.00772	0.01067	0.01417	0.03141	0.77572	0.06209	0.01724	0.00705	0.00224	0.00320	0.01560	0.00514	0.00450
6	0.01541	0.25238	0.19355	0.01511	0.10878	0.11103	0.01314	0.12963	0.07693	0.01888	0.01073	0.01189	0.00846	0.00552	0.00483	0.00153	0.00691	0.00411	0.00322	0.00796
7	0.00681	0.00487	0.00649	0.00767	0.00805	0.00454	0.00515	0.00788	0.01092	0.01463	0.07586	0.75500	0.03759	0.01698	0.00704	0.00222	0.00318	0.01539	0.00520	0.00454
8	0.03335	0.01713	0.21309	0.01535	0.04308	0.03630	0.18473	0.09672	0.01374	0.05645	0.01101	0.01288	0.00825	0.00518	0.00560	0.00154	0.02674	0.00464	0.00330	0.21091
9	0.01124	0.05550	0.75093	0.01557	0.02363	0.01317	0.02008	0.01751	0.01168	0.01738	0.00986	0.01160	0.00702	0.00524	0.00520	0.00173	0.00811	0.00405	0.00234	0.00815
10	0.00763	0.00565	0.00711	0.00675	0.00815	0.00514	0.00506	0.01005	0.01518	0.02104	0.65267	0.04330	0.16821	0.01176	0.00653	0.00176	0.00264	0.01029	0.00594	0.00514
11	0.01143	0.02657	0.67011	0.01763	0.07829	0.01296	0.07130	0.01751	0.01186	0.01759	0.01006	0.01207	0.00724	0.00520	0.00537	0.00175	0.00815	0.00432	0.00240	0.00818
12	0.01404	0.01317	0.02097	0.04977	0.64256	0.03096	0.01579	0.01851	0.08761	0.03504	0.01183	0.01446	0.00962	0.00527	0.00549	0.00167	0.00642	0.00505	0.00312	0.00867
13	0.00729	0.00564	0.00665	0.00639	0.00794	0.00499	0.00480	0.00939	0.01439	0.01915	0.46701	0.04641	0.35506	0.01247	0.00654	0.00180	0.00269	0.01072	0.00569	0.00499
14	0.00675	0.00482	0.00643	0.00771	0.00803	0.00450	0.00514	0.00771	0.01060	0.01414	0.03053	0.80175	0.03663	0.01735	0.00707	0.00225	0.00321	0.01574	0.00514	0.00450
15	0.06166	0.01283	0.01546	0.14276	0.08915	0.03721	0.01116	0.26465	0.12308	0.11839	0.01455	0.01606	0.01080	0.00665	0.00591	0.00177	0.03338	0.02165	0.00464	0.00824
16	0.01458	0.74276	0.06879	0.01056	0.03779	0.02116	0.01029	0.01665	0.01132	0.01343	0.00790	0.00918	0.00715	0.00477	0.00370	0.00123	0.00606	0.00308	0.00238	0.00722
17	0.00767	0.00560	0.00721	0.00693	0.00820	0.00513	0.00515	0.01008	0.01509	0.02111	0.66427	0.09716	0.10178	0.01195	0.00657	0.00179	0.00267	0.01055	0.00596	0.00513
18	0.04680	0.01167	0.01944	0.34936	0.43342	0.01277	0.01587	0.01578	0.01184	0.01673	0.01007	0.01395	0.00808	0.00519	0.00542	0.00173	0.00682	0.00485	0.00265	0.00756
19	0.02485	0.00943	0.01285	0.00985	0.01414	0.00814	0.00814	0.02699	0.01585	0.77465	0.02185	0.01885	0.01371	0.00685	0.00557	0.00171	0.00471	0.00557	0.00685	0.00943
20	0.12478	0.62792	0.09780	0.00979	0.01468	0.01979	0.01007	0.01663	0.01105	0.01503	0.00792	0.00917	0.00695	0.00484	0.00370	0.00131	0.00592	0.00307	0.00251	0.00706
21	0.01627	0.61443	0.02571	0.01067	0.01494	0.21094	0.00978	0.01796	0.01236	0.01316	0.00791	0.00916	0.00711	0.00498	0.00391	0.00124	0.00693	0.00311	0.00249	0.00694
22	0.00775	0.00566	0.00727	0.00687	0.00822	0.00519	0.00515	0.01027	0.01546	0.02169	0.71646	0.04223	0.10402	0.01152	0.00653	0.00175	0.00263	0.01014	0.00603	0.00519
23	0.01275	0.01178	0.01959	0.21662	0.40140	0.01239	0.06786	0.01715	0.07645	0.03989	0.01452	0.01724	0.05596	0.00590	0.00565	0.00175	0.00650	0.00559	0.00319	0.00780
24	0.00763	0.00565	0.00712	0.00675	0.00815	0.00514	0.00506	0.01005	0.01519	0.02105	0.65362	0.04329	0.16726	0.01176	0.00653	0.00176	0.00264	0.01028	0.00594	0.00514
25	0.00684	0.00557	0.00574	0.00572	0.00726	0.00481	0.00409	0.00804	0.01193	0.01445	0.07069	0.05002	0.61876	0.14976	0.01026	0.00247	0.00324	0.01101	0.00486	0.00447
26	0.01184	0.01024	0.01246	0.00900	0.01379	0.00816	0.03023	0.03637	0.01189	0.01841	0.00992	0.01167	0.00822	0.00436	0.00462	0.00092	0.02687	0.00348	0.00331	0.76425
27	0.03653	0.00694	0.00846	0.00768	0.00962	0.00671	0.00589	0.01439	0.10172	0.10099	0.52784	0.03644	0.09422	0.01041	0.00623	0.00176	0.00311	0.00901	0.00597	0.00606
28	0.24508	0.01208	0.03902	0.14689	0.08632	0.04267	0.05440	0.01593	0.01118	0.04101	0.00954	0.01196	0.00754	0.00524	0.00531	0.00155	0.04878	0.00402	0.00311	0.20838
29	0.01527	0.13269	0.15988	0.01999	0.25287	0.16926	0.03186	0.07165	0.04478	0.01766	0.01022	0.01215	0.00822	0.00546	0.00540	0.00159	0.02586	0.00432	0.00295	0.00791

[dist]
# distance from previous block
# <min> <max>
1	6

[block]
# block no. 2 follows, 43 sequences, length 27
# corresponding to MSA columns:
# 200-226
name=unknown_C
#
# <colnr> <probs for GDERKNQSTAVLIFYWHMCP>
#	G	D	E	R	K	N	Q	S	T	A	V	L	I	F	Y	W	H	M	C	P
0	0.01510	0.38042	0.14492	0.01059	0.01512	0.06293	0.01051	0.08887	0.01317	0.07264	0.01117	0.01342	0.00927	0.06390	0.00609	0.00169	0.00619	0.00410	0.06268	0.00723
1	0.00932	0.00499	0.00661	0.00665	0.00687	0.00498	0.00436	0.00834	0.00821	0.01179	0.01326	0.04426	0.01337	0.18337	0.01971	0.50169	0.00452	0.00587	0.13875	0.00312
2	0.02076	0.01014	0.01260	0.01024	0.01407	0.00992	0.00827	0.02736	0.26087	0.50760	0.04178	0.02004	0.01578	0.00719	0.00562	0.00177	0.00455	0.00591	0.00643	0.00910
3	0.01519	0.75716	0.02814	0.00979	0.01441	0.07206	0.00956	0.01695	0.01155	0.01306	0.00776	0.00896	0.00711	0.00480	0.00365	0.00120	0.00619	0.00300	0.00240	0.00706
4	0.00857	0.00657	0.00810	0.00791	0.00842	0.02819	0.00553	0.00956	0.00892	0.01225	0.04542	0.02869	0.01786	0.40817	0.32073	0.00633	0.05425	0.00700	0.00325	0.00429
5	0.00926	0.00693	0.00903	0.00984	0.01138	0.00706	0.00839	0.01326	0.10028	0.01745	0.06015	0.05603	0.08811	0.01413	0.00728	0.00239	0.00474	0.56358	0.00521	0.00550
6	0.00775	0.00566	0.00727	0.00687	0.00822	0.00519	0.00515	0.01027	0.01546	0.02169	0.71704	0.04222	0.10344	0.01152	0.00653	0.00175	0.00263	0.01014	0.00603	0.00519
7	0.00711	0.00546	0.00639	0.00649	0.00776	0.00487	0.00467	0.00874	0.01295	0.01692	0.28366	0.19323	0.34209	0.06475	0.00804	0.00213	0.00299	0.01169	0.00534	0.00474
8	0.02485	0.00943	0.01285	0.00985	0.01414	0.00814	0.00814	0.02699	0.01585	0.77465	0.02185	0.01885	0.01371	0.00685	0.00557	0.00171	0.00471	0.00557	0.00685	0.00943
9	0.01378	0.01190	0.01252	0.01127	0.01440	0.01378	0.00877	0.02943	0.76081	0.02317	0.02254	0.02066	0.01691	0.00751	0.00564	0.00188	0.00438	0.00626	0.00564	0.00877
10	0.84448	0.01071	0.00814	0.00728	0.01071	0.01242	0.00600	0.01628	0.00943	0.02485	0.00771	0.00900	0.00600	0.00514	0.00343	0.00171	0.00428	0.00300	0.00343	0.00600
11	0.01065	0.01000	0.01666	0.74729	0.05825	0.01237	0.01523	0.01469	0.03342	0.01453	0.01024	0.01491	0.00771	0.00558	0.00554	0.00184	0.00727	0.00496	0.00256	0.00630
12	0.02125	0.01520	0.01643	0.01259	0.01702	0.01671	0.01040	0.71524	0.02552	0.07275	0.01373	0.01358	0.00964	0.00666	0.00554	0.00166	0.00602	0.00502	0.00561	0.00942
13	0.01605	0.23760	0.01827	0.01093	0.01500	0.01505	0.03853	0.07431	0.30523	0.13330	0.01628	0.01569	0.01220	0.00623	0.00496	0.00157	0.00517	0.00494	0.00461	0.06406
14	0.00962	0.00481	0.00722	0.00722	0.00722	0.00481	0.00481	0.00722	0.00722	0.00962	0.00962	0.01684	0.00962	0.01924	0.02165	0.83886	0.00481	0.00481	0.00241	0.00241
15	0.01212	0.01212	0.01696	0.01454	0.01454	0.01696	0.01212	0.01333	0.00848	0.01333	0.00727	0.01212	0.00727	0.00969	0.01818	0.00242	0.79523	0.00485	0.00242	0.00606
16	0.00765	0.00554	0.00721	0.00704	0.00822	0.00511	0.00519	0.00999	0.01486	0.02085	0.64247	0.15162	0.06893	0.01227	0.00661	0.00182	0.00270	0.01089	0.00593	0.00511
17	0.01181	0.01122	0.01905	0.47710	0.34255	0.01266	0.01605	0.01533	0.01171	0.01579	0.01008	0.01433	0.00796	0.00529	0.00551	0.00176	0.00705	0.00493	0.00258	0.00724
18	0.02033	0.02572	0.01604	0.01528	0.05568	0.74374	0.01102	0.02185	0.01554	0.01379	0.00866	0.01018	0.00722	0.00567	0.00502	0.00144	0.00981	0.00364	0.00285	0.00654
19	0.00655	0.00561	0.00561	0.00561	0.00748	0.00468	0.00421	0.00795	0.01262	0.01496	0.05610	0.05330	0.76857	0.01403	0.00655	0.00187	0.00281	0.01169	0.00514	0.00468
20	0.02450	0.00999	0.01320	0.01012	0.01442	0.00897	0.00836	0.09390	0.01679	0.70641	0.02106	0.01834	0.01331	0.00684	0.00557	0.00171	0.00484	0.00552	0.00673	0.00942
21	0.01298	0.01560	0.06846	0.02298	0.02871	0.01395	0.71558	0.01773	0.01301	0.01773	0.01114	0.01478	0.00834	0.00470	0.00647	0.00186	0.00928	0.00642	0.00278	0.00750
22	0.02485	0.00943	0.01285	0.00985	0.01414	0.00814	0.00814	0.02699	0.01585	0.77465	0.02185	0.01885	0.01371	0.00685	0.00557	0.00171	0.00471	0.00557	0.00685	0.00943
23	0.00673	0.00487	0.00637	0.00757	0.00800	0.00451	0.00508	0.00773	0.01074	0.01419	0.03220	0.75270	0.08460	0.01713	0.00703	0.00222	0.00319	0.01548	0.00514	0.00451
24	0.00691	0.00549	0.00614	0.00626	0.00769	0.00479	0.00455	0.00845	0.01281	0.01626	0.20459	0.17115	0.47080	0.03997	0.00734	0.00202	0.00291	0.01186	0.00529	0.00472
25	0.00843	0.00651	0.00964	0.00939	0.01023	0.00784	0.00735	0.01011	0.00877	0.01274	0.01380	0.02053	0.01296	0.03717	0.66729	0.04964	0.09401	0.00577	0.00288	0.00493
26	0.01314	0.01270	0.02202	0.15851	0.61295	0.01306	0.05333	0.01656	0.01238	0.01743	0.01036	0.01394	0.00852	0.00502	0.00554	0.00169	0.00685	0.00501	0.00270	0.00828

[dist]
# distance from previous block
# <min> <max>
1	27

[block]
# block no. 3 follows, 43 sequences, length 16
# corresponding to MSA columns:
# 254-269
name=unknown_D
#
# <colnr> <probs for GDERKNQSTAVLIFYWHMCP>
#	G	D	E	R	K	N	Q	S	T	A	V	L	I	F	Y	W	H	M	C	P
0	0.01332	0.01276	0.02177	0.12527	0.68260	0.01306	0.01680	0.01665	0.01243	0.01762	0.01035	0.01383	0.00861	0.00501	0.00549	0.00167	0.00668	0.00493	0.00271	0.00846
1	0.01246	0.01451	0.05440	0.02175	0.02698	0.01315	0.66298	0.01687	0.01281	0.01742	0.01283	0.08256	0.01079	0.00578	0.00654	0.00190	0.00877	0.00725	0.00299	0.00724
2	0.01332	0.01276	0.02177	0.12527	0.68260	0.01306	0.01680	0.01665	0.01243	0.01762	0.01035	0.01383	0.00861	0.00501	0.00549	0.00167	0.00668	0.00493	0.00271	0.00846
3	0.01284	0.01659	0.12226	0.02243	0.02835	0.01387	0.66278	0.01772	0.01291	0.01772	0.01105	0.01455	0.00824	0.00474	0.00638	0.00185	0.00920	0.00624	0.00275	0.00756
4	0.01209	0.01140	0.01921	0.17435	0.45999	0.01178	0.04944	0.01562	0.02796	0.01780	0.10345	0.01888	0.04143	0.00619	0.00571	0.00172	0.00621	0.00589	0.00324	0.00763
5	0.79099	0.01123	0.03194	0.03388	0.01204	0.01243	0.00676	0.01625	0.00955	0.02427	0.00785	0.00927	0.00608	0.00516	0.00355	0.00172	0.00451	0.00310	0.00336	0.00607
6	0.02130	0.01282	0.11054	0.01099	0.01562	0.01032	0.00999	0.16572	0.01729	0.48763	0.06510	0.01826	0.01442	0.00689	0.00558	0.00171	0.00529	0.00554	0.00598	0.00900
7	0.01347	0.13348	0.21965	0.02305	0.34089	0.03279	0.08975	0.01741	0.01233	0.03233	0.01015	0.01257	0.00808	0.00500	0.00521	0.00161	0.00716	0.00453	0.00269	0.02786
8	0.01131	0.01113	0.01940	0.52158	0.09696	0.01320	0.11772	0.01479	0.01116	0.01489	0.00976	0.01437	0.00763	0.00589	0.00726	0.00190	0.10684	0.00514	0.00253	0.00655
9	0.00824	0.00610	0.00825	0.00946	0.03064	0.00587	0.00745	0.01038	0.01265	0.01659	0.11408	0.19602	0.12412	0.01481	0.00722	0.00230	0.00423	0.41137	0.00516	0.00505
10	0.00812	0.00602	0.00818	0.00951	0.03713	0.00586	0.00702	0.01039	0.03517	0.01638	0.11312	0.36957	0.06152	0.01506	0.00710	0.00225	0.00397	0.27338	0.00516	0.00509
11	0.00704	0.00503	0.00676	0.00804	0.00849	0.00475	0.00565	0.00821	0.01089	0.01446	0.03036	0.70287	0.03599	0.01708	0.00715	0.00229	0.00347	0.11175	0.00514	0.00458
12	0.01148	0.00984	0.01148	0.00820	0.01312	0.00738	0.00656	0.01395	0.01148	0.01805	0.00984	0.01148	0.00820	0.00410	0.00410	0.00082	0.00410	0.00328	0.00328	0.83922
13	0.04964	0.01455	0.01543	0.01208	0.01622	0.01616	0.00991	0.62238	0.09885	0.03277	0.01422	0.01419	0.01025	0.00667	0.00540	0.00167	0.00571	0.00505	0.03978	0.00905
14	0.00793	0.00572	0.00753	0.00725	0.00855	0.00532	0.00554	0.01054	0.01543	0.02172	0.70432	0.04319	0.05050	0.01166	0.00663	0.00181	0.00283	0.07230	0.00601	0.00521
15	0.01198	0.02285	0.47533	0.01799	0.02497	0.01315	0.26882	0.04016	0.01273	0.01829	0.03408	0.01377	0.00897	0.00529	0.00574	0.00179	0.00834	0.00514	0.00271	0.00789

[dist]
# distance from previous block
# <min> <max>
1	15

[block]
# block no. 4 follows, 43 sequences, length 40
# corresponding to MSA columns:
# 285-324
name=unknown_E
#
# <colnr> <probs for GDERKNQSTAVLIFYWHMCP>
#	G	D	E	R	K	N	Q	S	T	A	V	L	I	F	Y	W	H	M	C	P
0	0.02715	0.04971	0.39696	0.01636	0.07953	0.02869	0.11712	0.01659	0.01187	0.04353	0.03639	0.01475	0.01003	0.01047	0.11410	0.00273	0.00872	0.00493	0.00284	0.00751
1	0.40378	0.04516	0.07409	0.00978	0.01376	0.08955	0.00858	0.04269	0.07498	0.17158	0.01219	0.01237	0.00879	0.00578	0.00441	0.00168	0.00539	0.00399	0.00417	0.00728
2	0.72918	0.01124	0.00916	0.00799	0.01150	0.01295	0.00656	0.09063	0.04068	0.02579	0.00886	0.00989	0.00677	0.00539	0.00373	0.00171	0.00447	0.00333	0.00373	0.00645
3	0.01476	0.01515	0.02146	0.03103	0.65754	0.12888	0.01605	0.01777	0.01307	0.01741	0.01014	0.01315	0.00853	0.00505	0.00541	0.00161	0.00709	0.00473	0.00276	0.00842
4	0.00962	0.00481	0.00722	0.00722	0.00722	0.00481	0.00481	0.00722	0.00722	0.00962	0.00962	0.01684	0.00962	0.01924	0.02165	0.83886	0.00481	0.00481	0.00241	0.00241
5	0.00694	0.00563	0.00616	0.00603	0.00772	0.00484	0.00452	0.00872	0.01356	0.01718	0.27445	0.04964	0.54883	0.01320	0.00654	0.00183	0.00275	0.01118	0.00544	0.00484
6	0.00779	0.00566	0.00734	0.00692	0.00824	0.00521	0.00519	0.01036	0.01556	0.02194	0.74128	0.04182	0.07903	0.01142	0.00653	0.00175	0.00262	0.01008	0.00606	0.00521
7	0.00684	0.00562	0.00602	0.00592	0.00766	0.00480	0.00444	0.00852	0.01332	0.01662	0.21941	0.05056	0.60422	0.01341	0.00654	0.00184	0.00276	0.01130	0.00536	0.00480
8	0.01481	0.80869	0.02902	0.00948	0.01421	0.02191	0.00948	0.01658	0.01125	0.01303	0.00770	0.00888	0.00711	0.00474	0.00355	0.00118	0.00592	0.00296	0.00237	0.00711
9	0.01922	0.01417	0.01554	0.01221	0.01616	0.01574	0.01002	0.64864	0.02365	0.03182	0.01351	0.01448	0.01004	0.01152	0.11419	0.00267	0.00732	0.00512	0.00518	0.00879
10	0.84448	0.01071	0.00814	0.00728	0.01071	0.01242	0.00600	0.01628	0.00943	0.02485	0.00771	0.00900	0.00600	0.00514	0.00343	0.00171	0.00428	0.00300	0.00343	0.00600
11	0.01512	0.01376	0.01923	0.08014	0.43642	0.05191	0.01413	0.15843	0.07739	0.02122	0.01181	0.01399	0.00936	0.00552	0.00542	0.00163	0.00641	0.00490	0.00353	0.04968
12	0.00750	0.00547	0.00680	0.00678	0.00781	0.00505	0.00481	0.00930	0.01333	0.01823	0.43934	0.17185	0.14384	0.12363	0.00965	0.00235	0.00313	0.01095	0.00542	0.00476
13	0.00701	0.00563	0.00625	0.00610	0.00776	0.00487	0.00457	0.00884	0.01372	0.01756	0.31100	0.04903	0.51205	0.01306	0.00654	0.00182	0.00274	0.01109	0.00548	0.00487
14	0.00739	0.00564	0.00678	0.00650	0.00800	0.00504	0.00487	0.00959	0.01462	0.01971	0.52240	0.04548	0.29931	0.01225	0.00654	0.00179	0.00268	0.01059	0.00577	0.00504
15	0.01212	0.01212	0.01696	0.01454	0.01454	0.01696	0.01212	0.01333	0.00848	0.01333	0.00727	0.01212	0.00727	0.00969	0.01818	0.00242	0.79523	0.00485	0.00242	0.00606
16	0.02485	0.00943	0.01285	0.00985	0.01414	0.00814	0.00814	0.02699	0.01585	0.77465	0.02185	0.01885	0.01371	0.00685	0.00557	0.00171	0.00471	0.00557	0.00685	0.00943
17	0.00680	0.00486	0.00647	0.00767	0.00804	0.00453	0.00515	0.00785	0.01085	0.01454	0.06701	0.76412	0.03740	0.01705	0.00704	0.00222	0.00318	0.01546	0.00519	0.00453
18	0.01423	0.68757	0.14511	0.01046	0.01573	0.02051	0.01118	0.01673	0.01132	0.01373	0.00805	0.00932	0.00709	0.00482	0.00382	0.00127	0.00627	0.00314	0.00236	0.00727
19	0.01111	0.02865	0.77667	0.01579	0.02397	0.01286	0.02046	0.01754	0.01169	0.01754	0.00994	0.01169	0.00702	0.00526	0.00526	0.00175	0.00818	0.00409	0.00234	0.00818
20	0.01385	0.01462	0.05066	0.13580	0.56575	0.08935	0.01629	0.01713	0.01267	0.01708	0.01014	0.01341	0.00835	0.00511	0.00543	0.00166	0.00709	0.00476	0.00270	0.00816
21	0.02253	0.00893	0.01215	0.00958	0.01345	0.00778	0.00788	0.02473	0.01571	0.66981	0.09681	0.02280	0.01828	0.00763	0.00575	0.00175	0.00452	0.03438	0.00671	0.00884
22	0.01046	0.00984	0.01661	0.79205	0.03814	0.01230	0.01538	0.01415	0.01107	0.01415	0.00984	0.01477	0.00738	0.00554	0.00554	0.00185	0.00738	0.00492	0.00246	0.00615
23	0.08234	0.01264	0.13333	0.01057	0.01522	0.00950	0.00987	0.06218	0.01524	0.51050	0.06715	0.01816	0.01436	0.00676	0.00542	0.00172	0.00517	0.00540	0.00577	0.00870
24	0.00791	0.00593	0.00890	0.00890	0.00989	0.00692	0.00692	0.00989	0.00890	0.01286	0.01483	0.02176	0.01385	0.04154	0.78341	0.00890	0.01483	0.00593	0.00297	0.00494
25	0.00793	0.00585	0.00850	0.00850	0.00935	0.00671	0.00642	0.00963	0.00878	0.01256	0.01520	0.02378	0.01472	0.14823	0.67792	0.00841	0.01351	0.00623	0.00302	0.00472
26	0.01905	0.21456	0.01913	0.01375	0.04074	0.57477	0.01061	0.02062	0.01452	0.01357	0.00841	0.00984	0.00718	0.00545	0.00466	0.00138	0.00890	0.00347	0.00273	0.00666
27	0.00681	0.00485	0.00641	0.00763	0.00793	0.00454	0.00505	0.00773	0.01048	0.01397	0.02988	0.76387	0.03581	0.05634	0.00811	0.00240	0.00332	0.01536	0.00505	0.00444
28	0.01140	0.08972	0.71814	0.01529	0.02321	0.01357	0.01960	0.01746	0.01166	0.01719	0.00976	0.01147	0.00702	0.00522	0.00513	0.00171	0.00801	0.00400	0.00234	0.00810
29	0.15035	0.06955	0.01643	0.05891	0.04806	0.07955	0.02697	0.39124	0.03360	0.05631	0.01177	0.01253	0.00867	0.00604	0.00505	0.00164	0.00620	0.00449	0.00446	0.00819
30	0.00701	0.00533	0.00698	0.03161	0.00909	0.00518	0.00556	0.00813	0.01083	0.01422	0.03264	0.64820	0.13564	0.01628	0.00732	0.00219	0.02972	0.01449	0.00497	0.00463
31	0.00941	0.00481	0.00716	0.00725	0.00727	0.00479	0.00483	0.00725	0.00746	0.00995	0.01114	0.07390	0.01158	0.01910	0.02059	0.77804	0.00469	0.00560	0.00260	0.00256
32	0.01611	0.03226	0.01391	0.01154	0.01495	0.05229	0.00920	0.24977	0.40483	0.04097	0.01979	0.04452	0.03112	0.00773	0.00564	0.00180	0.00518	0.02453	0.00538	0.00851
33	0.07426	0.01273	0.04533	0.04603	0.20791	0.01279	0.01148	0.12329	0.19347	0.14265	0.01523	0.01564	0.01123	0.00620	0.00557	0.00171	0.02038	0.00512	0.00452	0.04446
34	0.07516	0.15889	0.38719	0.03469	0.10340	0.06610	0.01548	0.01734	0.01178	0.03371	0.00981	0.01176	0.00760	0.00668	0.03663	0.00191	0.00762	0.00400	0.00263	0.00763
35	0.01410	0.01049	0.02999	0.03841	0.09019	0.01030	0.00922	0.08615	0.19930	0.13195	0.12295	0.04429	0.04494	0.00814	0.00577	0.00174	0.00469	0.05463	0.00511	0.08764
36	0.01754	0.01249	0.01402	0.04178	0.01583	0.01328	0.00920	0.42236	0.09159	0.09796	0.03647	0.06493	0.05348	0.00765	0.00560	0.00167	0.00525	0.00615	0.00533	0.07741
37	0.03529	0.07134	0.04479	0.02701	0.04517	0.06966	0.13531	0.04568	0.03233	0.07387	0.01333	0.05727	0.02748	0.00584	0.00507	0.00141	0.00593	0.00514	0.00359	0.29448
38	0.01588	0.03314	0.06194	0.02058	0.25763	0.17902	0.08680	0.04759	0.10647	0.07084	0.01272	0.03026	0.01015	0.00604	0.00596	0.00169	0.03666	0.00514	0.00353	0.00795
39	0.08329	0.25435	0.22028	0.03115	0.01694	0.06359	0.01184	0.05871	0.05647	0.07112	0.01443	0.01503	0.06870	0.00615	0.00475	0.00157	0.00627	0.00454	0.00339	0.00743

[dist]
# distance from previous block
# <min> <max>
1	5

[block]
# block no. 5 follows, 43 sequences, length 6
# corresponding to MSA columns:
# 330-335
name=unknown_F
#
# <colnr> <probs for GDERKNQSTAVLIFYWHMCP>
#	G	D	E	R	K	N	Q	S	T	A	V	L	I	F	Y	W	H	M	C	P
0	0.05377	0.10935	0.01500	0.01064	0.01361	0.06959	0.09046	0.10347	0.03395	0.04893	0.22059	0.05392	0.11686	0.00872	0.00603	0.00171	0.02496	0.00734	0.00459	0.00652
1	0.06817	0.10544	0.18092	0.01831	0.07618	0.01370	0.33687	0.01682	0.01211	0.01758	0.01077	0.03755	0.00871	0.00521	0.00549	0.00168	0.00761	0.00533	0.00280	0.06875
2	0.01263	0.45686	0.27577	0.01114	0.01670	0.01693	0.01254	0.01592	0.01156	0.01475	0.01397	0.01489	0.09394	0.00597	0.00446	0.00145	0.00632	0.00433	0.00268	0.00719
3	0.01022	0.09764	0.01067	0.00958	0.05721	0.00751	0.00654	0.01150	0.01130	0.09911	0.02592	0.48266	0.06209	0.07185	0.00793	0.00224	0.00404	0.01171	0.00473	0.00554
4	0.04555	0.09609	0.20078	0.01301	0.01751	0.01160	0.14556	0.01623	0.04390	0.07346	0.10243	0.02406	0.10165	0.00775	0.00611	0.00180	0.02968	0.05200	0.00386	0.00698
5	0.01541	0.01648	0.10425	0.05678	0.31975	0.08931	0.05000	0.16717	0.08786	0.02128	0.01195	0.01381	0.00925	0.00566	0.00549	0.00168	0.00695	0.00492	0.00354	0.00843

[dist]
# distance from previous block
# <min> <max>
1	10

[block]
# block no. 6 follows, 43 sequences, length 16
# corresponding to MSA columns:
# 346-361
name=unknown_G
#
# <colnr> <probs for GDERKNQSTAVLIFYWHMCP>
#	G	D	E	R	K	N	Q	S	T	A	V	L	I	F	Y	W	H	M	C	P
0	0.00959	0.00690	0.00821	0.00829	0.00938	0.00702	0.00606	0.10184	0.03350	0.01641	0.02502	0.23603	0.06643	0.27392	0.01387	0.00323	0.00468	0.16002	0.00461	0.00499
1	0.11166	0.00628	0.00720	0.00695	0.00858	0.00604	0.00531	0.01065	0.01398	0.02060	0.47629	0.07563	0.17308	0.01151	0.00623	0.00182	0.00300	0.04450	0.00550	0.00518
2	0.01371	0.01316	0.02248	0.03399	0.77081	0.01316	0.01700	0.01700	0.01261	0.01809	0.01042	0.01371	0.00877	0.00493	0.00548	0.00164	0.00658	0.00493	0.00274	0.00877
3	0.00872	0.00693	0.00802	0.00786	0.00952	0.00693	0.00588	0.01371	0.18212	0.01919	0.28667	0.17614	0.20235	0.01226	0.00646	0.00191	0.00323	0.03074	0.00558	0.00577
4	0.01236	0.01114	0.01766	0.55938	0.16674	0.01306	0.01507	0.10647	0.01321	0.01744	0.01038	0.01439	0.00788	0.00557	0.00553	0.00179	0.00708	0.00493	0.00289	0.00703
5	0.01267	0.01086	0.01506	0.41447	0.02679	0.01168	0.01183	0.14628	0.01388	0.01905	0.01046	0.01351	0.00800	0.00530	0.00510	0.00150	0.00616	0.00444	0.00326	0.25971
6	0.01150	0.01639	0.24837	0.18628	0.31093	0.01202	0.01640	0.01563	0.01201	0.01677	0.01481	0.01736	0.08551	0.00609	0.00554	0.00174	0.00685	0.00537	0.00280	0.00762
7	0.12141	0.25453	0.01867	0.01199	0.01547	0.46339	0.00976	0.01976	0.01361	0.01480	0.00820	0.00954	0.00698	0.00535	0.00438	0.00139	0.00808	0.00332	0.00278	0.00657
8	0.16511	0.01828	0.01368	0.01313	0.06500	0.39729	0.00945	0.01817	0.01306	0.01647	0.01019	0.06699	0.00929	0.00642	0.00554	0.00153	0.05287	0.00447	0.00314	0.10992
9	0.02173	0.01442	0.01595	0.01223	0.01663	0.01556	0.01010	0.62245	0.02422	0.16738	0.01483	0.01429	0.01019	0.00669	0.00555	0.00167	0.00585	0.00509	0.00578	0.00942
10	0.01244	0.01279	0.05132	0.02572	0.42682	0.01196	0.19072	0.01559	0.01187	0.01667	0.01185	0.01796	0.01065	0.14822	0.00979	0.00237	0.00709	0.00584	0.00285	0.00747
11	0.01193	0.01336	0.11309	0.12520	0.44699	0.01189	0.01542	0.01542	0.01163	0.01658	0.01107	0.01504	0.00928	0.01161	0.14477	0.00298	0.00836	0.00501	0.00270	0.00768
12	0.01186	0.01030	0.01613	0.16413	0.11871	0.01009	0.10216	0.04428	0.01152	0.01634	0.01013	0.01388	0.00843	0.00751	0.00840	0.15141	0.02484	0.00460	0.00291	0.26237
13	0.01390	0.00833	0.01098	0.00978	0.03426	0.00739	0.02061	0.01641	0.03382	0.21889	0.06750	0.03048	0.03489	0.10765	0.00857	0.00214	0.00469	0.16009	0.00489	0.20473
14	0.01604	0.01593	0.04864	0.02104	0.20646	0.15044	0.24374	0.05190	0.01424	0.10771	0.02441	0.02754	0.01007	0.00559	0.00573	0.00168	0.00767	0.00545	0.00349	0.03223
15	0.04334	0.03770	0.12617	0.03786	0.13523	0.02768	0.06558	0.17314	0.06927	0.03169	0.03346	0.01416	0.01008	0.00660	0.00770	0.00182	0.14777	0.00500	0.00361	0.02213

[dist]
# distance from previous block
# <min> <max>
0	48

# created by:
# /st0/software/busco_prod/Augustus/scripts/msa2prfl.pl ./align_prep/205134.fa
