[name]
unknown

[dist]
# distance from previous block
# <min> <max>
47	141

[block]
# block no. 0 follows, 49 sequences, length 110
# corresponding to MSA columns:
# 182-291
name=unknown_A
#
# <colnr> <probs for GDERKNQSTAVLIFYWHMCP>
#	G	D	E	R	K	N	Q	S	T	A	V	L	I	F	Y	W	H	M	C	P
0	0.11721	0.17733	0.28441	0.03976	0.02816	0.01240	0.01137	0.06864	0.02418	0.01675	0.03700	0.04857	0.01005	0.03874	0.03801	0.00188	0.00603	0.00439	0.00285	0.03227
1	0.24446	0.09138	0.24157	0.01021	0.01462	0.03829	0.03206	0.01569	0.07782	0.01771	0.03678	0.02738	0.00934	0.00692	0.04511	0.00182	0.00582	0.00400	0.00297	0.07606
2	0.11541	0.30337	0.35761	0.01116	0.01665	0.02983	0.01267	0.05412	0.01110	0.03421	0.00849	0.00967	0.00658	0.00473	0.00407	0.00140	0.00618	0.00332	0.00252	0.00694
3	0.03292	0.06816	0.15015	0.06497	0.03177	0.01215	0.06973	0.24821	0.01473	0.02074	0.03244	0.01226	0.00876	0.00568	0.01978	0.00149	0.00582	0.00416	0.00341	0.19267
4	0.01191	0.25390	0.45210	0.03451	0.01941	0.04493	0.05299	0.04781	0.01130	0.01529	0.00862	0.01017	0.00660	0.00472	0.00442	0.00144	0.00690	0.00359	0.00231	0.00709
5	0.10294	0.06531	0.09814	0.01236	0.01645	0.11819	0.14013	0.15068	0.06651	0.10409	0.03272	0.02701	0.00984	0.00556	0.00483	0.00152	0.00614	0.00463	0.00370	0.02927
6	0.00995	0.00859	0.02623	0.10511	0.01518	0.00857	0.11282	0.09333	0.02626	0.02909	0.04735	0.26004	0.01818	0.06155	0.05123	0.00227	0.03316	0.00800	0.00373	0.07937
7	0.00708	0.00529	0.00665	0.00628	0.00764	0.00475	0.00469	0.00922	0.01348	0.01875	0.60560	0.08450	0.14808	0.01071	0.00590	0.00160	0.00250	0.00939	0.00528	0.04261
8	0.01145	0.05191	0.28358	0.01919	0.07926	0.01269	0.43541	0.01604	0.01142	0.01598	0.00966	0.01234	0.00723	0.00446	0.00540	0.00163	0.00786	0.00498	0.00240	0.00711
9	0.01258	0.41870	0.23649	0.01019	0.01501	0.01511	0.01098	0.04451	0.04119	0.05511	0.06483	0.01307	0.03206	0.00538	0.00418	0.00134	0.00558	0.00397	0.00290	0.00683
10	0.00625	0.00452	0.00594	0.00700	0.00742	0.00417	0.00470	0.00717	0.00975	0.01300	0.02815	0.77998	0.05466	0.01550	0.00638	0.00202	0.00294	0.01403	0.00466	0.02177
11	0.01061	0.00998	0.01654	0.56092	0.07662	0.01165	0.09201	0.04480	0.08485	0.01512	0.02184	0.01426	0.00842	0.00523	0.00517	0.00167	0.00651	0.00484	0.00273	0.00622
12	0.00697	0.00516	0.00650	0.00617	0.00744	0.00469	0.00462	0.00918	0.01387	0.01923	0.67154	0.03950	0.16490	0.01073	0.00597	0.00161	0.00241	0.00939	0.00543	0.00469
13	0.01049	0.00899	0.01049	0.00749	0.01198	0.00674	0.00599	0.01273	0.01049	0.01648	0.00899	0.01049	0.00749	0.00374	0.00374	0.00075	0.00374	0.00300	0.00300	0.85320
14	0.02577	0.30884	0.23800	0.04886	0.04083	0.03621	0.12777	0.02872	0.02893	0.01486	0.02365	0.01104	0.00774	0.00479	0.00462	0.00142	0.02017	0.00389	0.00246	0.02143
15	0.01460	0.11207	0.12624	0.02627	0.01662	0.04152	0.09424	0.14535	0.01290	0.13023	0.01047	0.01211	0.00797	0.00661	0.01897	0.00177	0.20732	0.00438	0.00333	0.00703
16	0.00875	0.00441	0.00662	0.00662	0.00664	0.00443	0.00443	0.00664	0.00662	0.00884	0.00888	0.01546	0.00886	0.01798	0.03572	0.83565	0.00458	0.00441	0.00221	0.00224
17	0.00687	0.00500	0.00650	0.00742	0.00800	0.00485	0.00520	0.02177	0.04480	0.01410	0.05924	0.67643	0.03246	0.01489	0.00639	0.00203	0.00314	0.07171	0.00475	0.00443
18	0.01040	0.02733	0.08677	0.01003	0.01263	0.04171	0.06343	0.09536	0.13528	0.01802	0.14211	0.23055	0.05297	0.00939	0.00580	0.00171	0.01997	0.00819	0.00432	0.02402
19	0.01071	0.00914	0.01074	0.02864	0.01269	0.00712	0.00631	0.03467	0.01086	0.01683	0.00908	0.01061	0.00750	0.00385	0.00382	0.00080	0.00388	0.00308	0.00304	0.80665
20	0.03330	0.01426	0.08191	0.01123	0.01544	0.02994	0.00979	0.50717	0.08100	0.09742	0.01289	0.01278	0.00915	0.00586	0.00492	0.00150	0.00543	0.00447	0.00472	0.05682
21	0.12748	0.01258	0.01553	0.08145	0.40214	0.13915	0.01172	0.01515	0.01171	0.01662	0.07815	0.01506	0.04124	0.00552	0.00480	0.00151	0.00583	0.00471	0.00294	0.00671
22	0.02255	0.00882	0.01187	0.00910	0.01302	0.00775	0.00752	0.05388	0.01484	0.76450	0.01964	0.01701	0.01236	0.00625	0.00508	0.00156	0.00435	0.00506	0.00621	0.00861
23	0.01031	0.00633	0.02137	0.03748	0.01011	0.00572	0.00603	0.04219	0.01154	0.17449	0.02737	0.46475	0.11764	0.01247	0.00599	0.00188	0.00354	0.03053	0.00489	0.00536
24	0.01112	0.01885	0.35900	0.03935	0.05106	0.01227	0.40192	0.01601	0.01133	0.01604	0.00968	0.01232	0.00711	0.00452	0.00541	0.00165	0.00794	0.00492	0.00237	0.00711
25	0.01014	0.02616	0.79609	0.01441	0.02189	0.01174	0.01868	0.01601	0.01068	0.01601	0.00907	0.01068	0.00641	0.00480	0.00480	0.00160	0.00747	0.00374	0.00214	0.00747
26	0.01962	0.01352	0.01478	0.01133	0.01536	0.01473	0.00936	0.68773	0.02271	0.11954	0.01304	0.01272	0.00905	0.00609	0.00506	0.00152	0.00542	0.00461	0.00520	0.00860
27	0.01039	0.02610	0.77413	0.01437	0.02171	0.03394	0.01843	0.01613	0.01078	0.01591	0.00904	0.01063	0.00641	0.00482	0.00480	0.00159	0.00752	0.00372	0.00215	0.00743
28	0.00878	0.00439	0.00659	0.00659	0.00659	0.00439	0.00439	0.00659	0.00659	0.00878	0.00878	0.01537	0.00878	0.01757	0.01976	0.85288	0.00439	0.00439	0.00220	0.00220
29	0.00616	0.00440	0.00587	0.00704	0.00733	0.00411	0.00469	0.00704	0.00968	0.01291	0.02787	0.81899	0.03344	0.01584	0.00645	0.00205	0.00293	0.01438	0.00469	0.00411
30	0.00980	0.00935	0.01613	0.73612	0.06825	0.01135	0.05174	0.01320	0.01026	0.01324	0.00907	0.01345	0.00684	0.00499	0.00510	0.00168	0.00680	0.00457	0.00227	0.00578
31	0.09803	0.00952	0.12338	0.00809	0.01059	0.00757	0.00725	0.01326	0.12300	0.01907	0.38903	0.06197	0.06491	0.03530	0.00604	0.00174	0.00364	0.00742	0.00459	0.00560
32	0.01570	0.01057	0.01183	0.01008	0.01330	0.01154	0.00800	0.08946	0.52328	0.21783	0.01971	0.01788	0.01412	0.00664	0.00512	0.00166	0.00421	0.00546	0.00542	0.00821
33	0.00616	0.00440	0.00587	0.00704	0.00733	0.00411	0.00469	0.00704	0.00968	0.01291	0.02787	0.81899	0.03344	0.01584	0.00645	0.00205	0.00293	0.01438	0.00469	0.00411
34	0.01195	0.01258	0.01586	0.01353	0.01399	0.10140	0.03719	0.01319	0.00861	0.01233	0.00689	0.01094	0.00666	0.00829	0.01491	0.00210	0.69737	0.00435	0.00227	0.00561
35	0.01239	0.01208	0.02120	0.04907	0.70601	0.01206	0.08125	0.01552	0.01152	0.01640	0.00956	0.01264	0.00795	0.00450	0.00509	0.00152	0.00624	0.00463	0.00250	0.00785
36	0.00878	0.00439	0.00659	0.00659	0.00659	0.00439	0.00439	0.00659	0.00659	0.00878	0.00878	0.01537	0.00878	0.01757	0.01976	0.85288	0.00439	0.00439	0.00220	0.00220
37	0.00616	0.00440	0.00587	0.00704	0.00733	0.00411	0.00469	0.00704	0.00968	0.01291	0.02787	0.81899	0.03344	0.01584	0.00645	0.00205	0.00293	0.01438	0.00469	0.00411
38	0.01352	0.82533	0.02650	0.00865	0.01298	0.02001	0.00865	0.01514	0.01027	0.01190	0.00703	0.00811	0.00649	0.00433	0.00324	0.00108	0.00541	0.00270	0.00216	0.00649
39	0.01352	0.82533	0.02650	0.00865	0.01298	0.02001	0.00865	0.01514	0.01027	0.01190	0.00703	0.00811	0.00649	0.00433	0.00324	0.00108	0.00541	0.00270	0.00216	0.00649
40	0.01014	0.02616	0.79609	0.01441	0.02189	0.01174	0.01868	0.01601	0.01068	0.01601	0.00907	0.01068	0.00641	0.00480	0.00480	0.00160	0.00747	0.00374	0.00214	0.00747
41	0.00722	0.00542	0.00813	0.00813	0.00903	0.00632	0.00632	0.00903	0.00813	0.01174	0.01354	0.01987	0.01264	0.03792	0.80225	0.00813	0.01354	0.00542	0.00271	0.00451
42	0.00943	0.00471	0.00471	0.00471	0.00589	0.00471	0.00353	0.01178	0.01060	0.01885	0.01650	0.01885	0.01296	0.00589	0.00353	0.00118	0.00236	0.00471	0.85036	0.00471
43	0.01049	0.00899	0.01049	0.00749	0.01198	0.00674	0.00599	0.01273	0.01049	0.01648	0.00899	0.01049	0.00749	0.00374	0.00374	0.00075	0.00374	0.00300	0.00300	0.85320
44	0.01014	0.02616	0.79609	0.01441	0.02189	0.01174	0.01868	0.01601	0.01068	0.01601	0.00907	0.01068	0.00641	0.00480	0.00480	0.00160	0.00747	0.00374	0.00214	0.00747
45	0.01252	0.04232	0.24414	0.01035	0.02844	0.00915	0.01032	0.01635	0.04742	0.13748	0.01121	0.01194	0.00830	0.00463	0.00434	0.00120	0.00504	0.00368	0.00331	0.38786
46	0.01569	0.01017	0.01153	0.00989	0.01308	0.01099	0.00783	0.02619	0.54561	0.25899	0.02039	0.01836	0.01454	0.00668	0.00513	0.00167	0.00409	0.00552	0.00549	0.00819
47	0.01889	0.02410	0.01433	0.01303	0.01563	0.80199	0.00977	0.02019	0.01433	0.01238	0.00782	0.00912	0.00651	0.00521	0.00456	0.00130	0.00912	0.00326	0.00261	0.00586
48	0.00795	0.00834	0.11171	0.00746	0.00958	0.02014	0.00661	0.01051	0.01314	0.03620	0.51223	0.06141	0.13466	0.03022	0.00628	0.00170	0.00333	0.00856	0.00487	0.00511
49	0.01083	0.18810	0.60389	0.01349	0.03901	0.01329	0.01628	0.01569	0.01069	0.01528	0.02456	0.01075	0.00731	0.00481	0.00452	0.00149	0.00691	0.00366	0.00222	0.00723
50	0.00598	0.00512	0.00512	0.00512	0.00683	0.00427	0.00384	0.00726	0.01153	0.01366	0.05123	0.04866	0.78869	0.01281	0.00598	0.00171	0.00256	0.01067	0.00470	0.00427
51	0.01922	0.01416	0.01518	0.01163	0.01568	0.01568	0.00961	0.77388	0.02378	0.03187	0.01214	0.01214	0.00860	0.00607	0.00506	0.00152	0.00556	0.00455	0.00506	0.00860
52	0.01299	0.01436	0.07087	0.15519	0.47892	0.13253	0.01448	0.03251	0.01193	0.01560	0.00919	0.01202	0.00748	0.00476	0.00493	0.00151	0.00669	0.00426	0.00251	0.00726
53	0.00809	0.00643	0.00823	0.09855	0.01145	0.00662	0.00624	0.01222	0.13206	0.01844	0.45872	0.08932	0.10434	0.00982	0.00577	0.00166	0.00319	0.00860	0.00498	0.00527
54	0.02154	0.00827	0.01112	0.00862	0.01230	0.00720	0.00709	0.02353	0.01414	0.72686	0.01965	0.01735	0.01256	0.00623	0.00495	0.00153	0.00413	0.00505	0.07961	0.00827
55	0.02229	0.00924	0.01213	0.00930	0.01322	0.00837	0.00768	0.11007	0.01553	0.70732	0.01906	0.01663	0.01207	0.00624	0.00508	0.00156	0.00445	0.00502	0.00612	0.00860
56	0.03178	0.05522	0.01829	0.25144	0.16193	0.15039	0.11882	0.07209	0.04680	0.01585	0.00962	0.01227	0.00754	0.00506	0.00518	0.00155	0.02238	0.00441	0.00275	0.00663
57	0.01878	0.01326	0.01442	0.01112	0.01499	0.01449	0.00916	0.67952	0.02254	0.08145	0.04545	0.01367	0.01058	0.00626	0.00507	0.00152	0.00529	0.00478	0.01925	0.00837
58	0.00724	0.00525	0.00733	0.00736	0.00799	0.00587	0.00536	0.00851	0.00794	0.01121	0.01453	0.04085	0.01472	0.26068	0.56410	0.00708	0.01086	0.00616	0.00285	0.00409
59	0.00771	0.00617	0.00917	0.04444	0.01059	0.00748	0.00713	0.00947	0.00824	0.01189	0.01320	0.05433	0.01263	0.03218	0.64222	0.00690	0.10320	0.00566	0.00272	0.00466
60	0.03000	0.03127	0.32134	0.16099	0.09871	0.10646	0.02817	0.07026	0.02847	0.01616	0.00952	0.01182	0.00726	0.00644	0.03863	0.00184	0.01913	0.00408	0.00258	0.00686
61	0.01828	0.01307	0.01402	0.01086	0.01461	0.01437	0.00894	0.67940	0.02222	0.04607	0.01275	0.01294	0.00913	0.00606	0.00490	0.00148	0.00521	0.00458	0.09293	0.00820
62	0.00616	0.00440	0.00587	0.00704	0.00733	0.00411	0.00469	0.00704	0.00968	0.01291	0.02787	0.81899	0.03344	0.01584	0.00645	0.00205	0.00293	0.01438	0.00469	0.00411
63	0.00835	0.00603	0.00741	0.00775	0.00897	0.00604	0.00575	0.01201	0.14760	0.05026	0.10093	0.41335	0.09150	0.01282	0.00614	0.00193	0.00331	0.09978	0.00492	0.00514
64	0.05463	0.01938	0.46096	0.03728	0.03328	0.01123	0.07121	0.03648	0.02497	0.16022	0.01127	0.01229	0.00784	0.00522	0.00526	0.00162	0.03207	0.00421	0.00311	0.00747
65	0.08692	0.01352	0.01901	0.04467	0.54732	0.12113	0.06333	0.01609	0.01164	0.01638	0.00910	0.01177	0.00753	0.00462	0.00485	0.00150	0.00644	0.00427	0.00257	0.00736
66	0.01132	0.01510	0.17908	0.12915	0.09475	0.01235	0.37301	0.01629	0.06531	0.01597	0.01039	0.01322	0.00784	0.00481	0.00575	0.00168	0.02933	0.00512	0.00260	0.00694
67	0.01456	0.03937	0.01256	0.01021	0.01333	0.02599	0.00814	0.22259	0.41615	0.07045	0.05209	0.05092	0.01507	0.00699	0.00512	0.00162	0.00445	0.00570	0.00501	0.01969
68	0.01342	0.80231	0.04867	0.00882	0.01324	0.01977	0.00894	0.01517	0.01029	0.01202	0.00709	0.00819	0.00649	0.00434	0.00329	0.00110	0.00547	0.00273	0.00216	0.00652
69	0.00653	0.00481	0.00617	0.00699	0.00775	0.00446	0.00508	0.00784	0.01074	0.01408	0.10452	0.49614	0.16354	0.01451	0.00641	0.00199	0.00308	0.12631	0.00477	0.00428
70	0.85801	0.00978	0.00743	0.00665	0.00978	0.01134	0.00548	0.01486	0.00861	0.02269	0.00704	0.00821	0.00548	0.00469	0.00313	0.00156	0.00391	0.00274	0.00313	0.00548
71	0.01076	0.12964	0.64804	0.01340	0.02014	0.02914	0.01670	0.01610	0.02738	0.01559	0.02334	0.01098	0.00737	0.00490	0.00462	0.00153	0.00707	0.00373	0.00228	0.00727
72	0.00598	0.00512	0.00512	0.00512	0.00683	0.00427	0.00384	0.00726	0.01153	0.01366	0.05123	0.04866	0.78869	0.01281	0.00598	0.00171	0.00256	0.01067	0.00470	0.00427
73	0.00616	0.00440	0.00587	0.00704	0.00733	0.00411	0.00469	0.00704	0.00968	0.01291	0.02787	0.81899	0.03344	0.01584	0.00645	0.00205	0.00293	0.01438	0.00469	0.00411
74	0.00648	0.00465	0.00622	0.00736	0.00783	0.00439	0.00523	0.00760	0.01004	0.01328	0.02824	0.67890	0.05028	0.01547	0.00653	0.00209	0.00320	0.13335	0.00469	0.00420
75	0.01302	0.01326	0.01996	0.06290	0.56658	0.09700	0.08022	0.01654	0.05118	0.01612	0.00993	0.01262	0.00814	0.00471	0.00505	0.00152	0.00649	0.00456	0.00264	0.00757
76	0.00800	0.00575	0.00796	0.00907	0.01024	0.00571	0.00787	0.01025	0.01158	0.01501	0.02783	0.07809	0.06109	0.01397	0.00693	0.00229	0.00452	0.70456	0.00466	0.00462
77	0.01805	0.00758	0.01025	0.00821	0.01131	0.00664	0.00664	0.02013	0.01443	0.56296	0.24949	0.02336	0.02303	0.00748	0.00535	0.00157	0.00373	0.00630	0.00605	0.00746
78	0.22007	0.01041	0.02761	0.30602	0.08260	0.03243	0.09444	0.02888	0.03231	0.01701	0.02876	0.01540	0.02056	0.00560	0.00476	0.00165	0.00581	0.04143	0.01828	0.00596
79	0.04851	0.43033	0.27570	0.03084	0.01663	0.01588	0.02576	0.04198	0.01101	0.04948	0.00856	0.00973	0.00679	0.00466	0.00399	0.00133	0.00606	0.00332	0.00249	0.00692
80	0.00616	0.00440	0.00587	0.00704	0.00733	0.00411	0.00469	0.00704	0.00968	0.01291	0.02787	0.81899	0.03344	0.01584	0.00645	0.00205	0.00293	0.01438	0.00469	0.00411
81	0.03461	0.03941	0.53514	0.01502	0.02141	0.01219	0.16318	0.01701	0.08292	0.01663	0.01027	0.01189	0.00747	0.00488	0.00498	0.00162	0.00721	0.00430	0.00253	0.00732
82	0.01735	0.01365	0.04272	0.01249	0.05822	0.01444	0.00994	0.55673	0.13580	0.04693	0.01368	0.01428	0.01009	0.00624	0.00510	0.00157	0.00537	0.02220	0.00484	0.00835
83	0.00627	0.00496	0.00550	0.00570	0.00690	0.00435	0.00406	0.00748	0.01109	0.01392	0.12652	0.20643	0.48085	0.08350	0.00779	0.00204	0.00282	0.01098	0.00465	0.00419
84	0.01921	0.01455	0.01514	0.01169	0.01568	0.04637	0.00962	0.74447	0.02341	0.03111	0.01197	0.01202	0.00852	0.00604	0.00504	0.00151	0.00570	0.00450	0.00496	0.00849
85	0.00725	0.00532	0.00761	0.00761	0.00834	0.00604	0.00568	0.00870	0.00797	0.01136	0.01401	0.02247	0.01377	0.19227	0.64945	0.00749	0.01184	0.00580	0.00278	0.00423
86	0.01194	0.01286	0.02619	0.07664	0.24621	0.01246	0.50479	0.01578	0.01169	0.01607	0.00994	0.01331	0.00771	0.00439	0.00563	0.00165	0.00768	0.00545	0.00252	0.00708
87	0.01036	0.05886	0.73037	0.01448	0.02172	0.01213	0.05141	0.01599	0.01071	0.01585	0.00904	0.01070	0.00646	0.00476	0.00479	0.00158	0.00743	0.00379	0.00215	0.00740
88	0.01922	0.01416	0.01518	0.01163	0.01568	0.01568	0.00961	0.77388	0.02378	0.03187	0.01214	0.01214	0.00860	0.00607	0.00506	0.00152	0.00556	0.00455	0.00506	0.00860
89	0.00735	0.00490	0.00552	0.00552	0.00552	0.00490	0.00306	0.00735	0.00735	0.00980	0.01593	0.03309	0.01838	0.82229	0.02574	0.00490	0.00490	0.00735	0.00306	0.00306
90	0.01106	0.01106	0.01549	0.01328	0.01328	0.01549	0.01106	0.01217	0.00774	0.01217	0.00664	0.01106	0.00664	0.00885	0.01659	0.00221	0.81303	0.00443	0.00221	0.00553
91	0.85801	0.00978	0.00743	0.00665	0.00978	0.01134	0.00548	0.01486	0.00861	0.02269	0.00704	0.00821	0.00548	0.00469	0.00313	0.00156	0.00391	0.00274	0.00313	0.00548
92	0.02079	0.00881	0.01162	0.00891	0.01276	0.00775	0.00733	0.06758	0.01469	0.65065	0.05294	0.01728	0.01345	0.00622	0.00501	0.00150	0.00425	0.00506	0.00589	0.07751
93	0.00735	0.00491	0.00556	0.00556	0.00558	0.00493	0.00312	0.00738	0.00737	0.00984	0.01589	0.03285	0.01828	0.80770	0.04018	0.00496	0.00506	0.00732	0.00306	0.00309
94	0.01860	0.01386	0.01483	0.01151	0.01544	0.01539	0.00946	0.70405	0.09462	0.03087	0.01293	0.01277	0.00924	0.00614	0.00507	0.00154	0.00542	0.00466	0.00507	0.00854
95	0.01988	0.01311	0.01452	0.01114	0.01516	0.01412	0.00920	0.63213	0.02202	0.17611	0.01362	0.01310	0.00934	0.00611	0.00506	0.00153	0.00533	0.00465	0.00529	0.00860
96	0.02269	0.00861	0.01174	0.00900	0.01291	0.00743	0.00743	0.02464	0.01447	0.79425	0.01995	0.01721	0.01252	0.00626	0.00509	0.00156	0.00430	0.00509	0.00626	0.00861
97	0.01889	0.02410	0.01433	0.01303	0.01563	0.80199	0.00977	0.02019	0.01433	0.01238	0.00782	0.00912	0.00651	0.00521	0.00456	0.00130	0.00912	0.00326	0.00261	0.00586
98	0.02269	0.00861	0.01174	0.00900	0.01291	0.00743	0.00743	0.02464	0.01447	0.79425	0.01995	0.01721	0.01252	0.00626	0.00509	0.00156	0.00430	0.00509	0.00626	0.00861
99	0.02269	0.00861	0.01174	0.00900	0.01291	0.00743	0.00743	0.02464	0.01447	0.79425	0.01995	0.01721	0.01252	0.00626	0.00509	0.00156	0.00430	0.00509	0.00626	0.00861
100	0.03209	0.00531	0.00634	0.00609	0.00749	0.00485	0.00461	0.00906	0.01326	0.01829	0.53054	0.04057	0.26158	0.01098	0.00591	0.00164	0.00254	0.02899	0.00522	0.00464
101	0.01479	0.18941	0.01736	0.14603	0.01786	0.20897	0.01039	0.15461	0.03120	0.01610	0.00874	0.01074	0.00716	0.00579	0.00645	0.00152	0.13971	0.00383	0.00289	0.00645
102	0.03144	0.00456	0.00591	0.00703	0.00741	0.00432	0.00472	0.00727	0.00965	0.01320	0.02725	0.79492	0.03261	0.01551	0.00636	0.00204	0.00296	0.01403	0.00465	0.00415
103	0.00639	0.00569	0.00543	0.00539	0.00711	0.02796	0.00404	0.00769	0.01167	0.01378	0.06707	0.04724	0.74825	0.01252	0.00593	0.00169	0.00275	0.01042	0.00465	0.00433
104	0.01301	0.00836	0.00968	0.00859	0.01112	0.00860	0.00675	0.06077	0.27919	0.19143	0.09671	0.08601	0.12613	0.00883	0.00547	0.00170	0.00372	0.04386	0.02325	0.00683
105	0.01153	0.04108	0.11612	0.03633	0.09030	0.01221	0.49803	0.03517	0.01179	0.01615	0.01130	0.07475	0.00950	0.00530	0.00565	0.00168	0.00754	0.00605	0.00271	0.00680
106	0.00955	0.00896	0.01508	0.75942	0.06009	0.01105	0.01382	0.01284	0.01015	0.01304	0.00957	0.03735	0.00758	0.00536	0.00510	0.00169	0.00660	0.00479	0.00233	0.00566
107	0.00695	0.00546	0.00673	0.00756	0.03138	0.00500	0.00574	0.00861	0.01143	0.01438	0.06754	0.15073	0.39053	0.01324	0.00634	0.00194	0.00339	0.25390	0.00465	0.00450
108	0.01074	0.07276	0.60055	0.04711	0.02047	0.06565	0.01633	0.01554	0.01074	0.01512	0.00977	0.05259	0.00785	0.00550	0.00511	0.00159	0.02903	0.00424	0.00231	0.00700
109	0.01360	0.04892	0.03928	0.01487	0.01887	0.01269	0.33327	0.23096	0.07020	0.03609	0.01327	0.08107	0.01115	0.04418	0.00645	0.00180	0.00648	0.00609	0.00370	0.00705

[dist]
# distance from previous block
# <min> <max>
0	33

# created by:
# /st0/software/busco_prod/Augustus/scripts/msa2prfl.pl ./align_prep/205166.fa
