[name]
unknown

[dist]
# distance from previous block
# <min> <max>
8	121

[block]
# block no. 0 follows, 47 sequences, length 26
# corresponding to MSA columns:
# 125-150
name=unknown_A
#
# <colnr> <probs for GDERKNQSTAVLIFYWHMCP>
#	G	D	E	R	K	N	Q	S	T	A	V	L	I	F	Y	W	H	M	C	P
0	0.01772	0.01182	0.01327	0.01068	0.01408	0.01262	0.00860	0.51334	0.02030	0.13824	0.01679	0.16776	0.01437	0.00822	0.00549	0.00168	0.00502	0.00672	0.00532	0.00796
1	0.01202	0.01700	0.33622	0.01498	0.11049	0.03285	0.07162	0.05976	0.01185	0.06197	0.06062	0.01456	0.01061	0.00771	0.00785	0.14908	0.00644	0.00472	0.00296	0.00667
2	0.01073	0.02021	0.52567	0.01285	0.01871	0.01022	0.05160	0.01562	0.01194	0.06347	0.14500	0.01688	0.01483	0.00607	0.00516	0.00163	0.00634	0.00507	0.05091	0.00709
3	0.00969	0.00665	0.00810	0.00714	0.00936	0.00589	0.00546	0.01249	0.05855	0.09886	0.33832	0.10263	0.15101	0.00973	0.00565	0.00155	0.00309	0.00840	0.00510	0.15233
4	0.01839	0.01134	0.01306	0.01027	0.01385	0.01182	0.00838	0.41454	0.04250	0.23281	0.14886	0.01870	0.01716	0.00709	0.00538	0.00159	0.00476	0.00569	0.00563	0.00815
5	0.04431	0.03226	0.10830	0.15707	0.04100	0.04242	0.10589	0.04908	0.03433	0.12448	0.01204	0.01467	0.00923	0.01142	0.14357	0.00285	0.05224	0.00485	0.00327	0.00670
6	0.01108	0.01827	0.35120	0.07777	0.06848	0.01145	0.21017	0.01568	0.01130	0.01641	0.00966	0.01209	0.00726	0.00461	0.00510	0.00152	0.00716	0.00442	0.00250	0.15387
7	0.00712	0.00498	0.00569	0.00594	0.00625	0.00479	0.00361	0.00749	0.00868	0.01131	0.02414	0.19229	0.13273	0.54033	0.01958	0.00399	0.00429	0.00951	0.00373	0.00355
8	0.02944	0.01149	0.01800	0.17436	0.41044	0.01255	0.03599	0.01748	0.15579	0.01706	0.01164	0.01417	0.00930	0.00547	0.00589	0.00168	0.05378	0.00488	0.00304	0.00753
9	0.01387	0.05664	0.01265	0.01015	0.01294	0.01264	0.00801	0.18961	0.42921	0.02151	0.01633	0.01662	0.01260	0.00865	0.00779	0.14912	0.00464	0.00520	0.00458	0.00725
10	0.00682	0.00487	0.00658	0.00779	0.00830	0.00464	0.00566	0.00807	0.01044	0.01382	0.02844	0.63936	0.03341	0.01587	0.00677	0.00218	0.00343	0.18437	0.00483	0.00436
11	0.00700	0.00533	0.00652	0.00678	0.00806	0.00485	0.00523	0.00885	0.01258	0.01649	0.28351	0.14870	0.30029	0.01300	0.00641	0.00189	0.00304	0.15173	0.00512	0.00462
12	0.01528	0.24744	0.01733	0.01182	0.05553	0.26321	0.00911	0.14073	0.01418	0.01627	0.01225	0.14983	0.01197	0.00712	0.00476	0.00146	0.00640	0.00548	0.00334	0.00650
13	0.05583	0.01395	0.02408	0.01081	0.01438	0.16107	0.00874	0.19981	0.12374	0.21181	0.02645	0.01423	0.01076	0.00612	0.00526	0.00152	0.02687	0.00459	0.00468	0.07529
14	0.06061	0.19198	0.37384	0.01432	0.04313	0.02502	0.11467	0.07678	0.01208	0.01723	0.00915	0.01086	0.00697	0.00492	0.00486	0.00154	0.01816	0.00396	0.00258	0.00733
15	0.01293	0.59652	0.05396	0.00979	0.01383	0.01734	0.03497	0.03635	0.01130	0.01374	0.01113	0.01754	0.01084	0.00625	0.00422	0.00139	0.00563	0.13301	0.00277	0.00647
16	0.00687	0.00497	0.00619	0.00659	0.00730	0.00462	0.00454	0.00813	0.01116	0.01498	0.23729	0.34920	0.13071	0.15372	0.00992	0.00246	0.00321	0.02908	0.00479	0.00427
17	0.10734	0.22977	0.12067	0.06310	0.01505	0.09019	0.00969	0.01599	0.01194	0.09968	0.14403	0.01564	0.01464	0.00617	0.00500	0.00149	0.03507	0.00460	0.00345	0.00647
18	0.01617	0.01212	0.01322	0.01101	0.03434	0.01316	0.00868	0.48230	0.12028	0.04693	0.02083	0.02028	0.14465	0.00822	0.02198	0.00177	0.00513	0.00598	0.00507	0.00789
19	0.00654	0.00486	0.00610	0.00669	0.00750	0.00442	0.00468	0.00788	0.01144	0.01517	0.20463	0.48353	0.18872	0.01440	0.00643	0.00193	0.00282	0.01281	0.00504	0.00442
20	0.01256	0.01554	0.15272	0.15716	0.37607	0.09194	0.01509	0.01665	0.05489	0.01597	0.00999	0.01269	0.00797	0.00515	0.00549	0.00161	0.03401	0.00444	0.00262	0.00742
21	0.01152	0.01209	0.02178	0.01698	0.01981	0.03303	0.37730	0.01446	0.01095	0.01509	0.01228	0.02088	0.01138	0.00764	0.00973	0.00202	0.25899	0.13500	0.00290	0.00619
22	0.15628	0.00740	0.00903	0.00860	0.01041	0.00760	0.05109	0.04192	0.08190	0.05271	0.02343	0.39060	0.07019	0.02403	0.00608	0.00196	0.00390	0.04291	0.00453	0.00543
23	0.01145	0.01257	0.02684	0.01958	0.02410	0.01201	0.63341	0.01540	0.01161	0.01588	0.01113	0.01516	0.00879	0.01043	0.14374	0.00291	0.00968	0.00605	0.00266	0.00661
24	0.01363	0.02537	0.01358	0.01165	0.01283	0.10979	0.00938	0.01494	0.01040	0.14771	0.01299	0.13804	0.01235	0.01000	0.03175	0.00216	0.40778	0.00613	0.00347	0.00605
25	0.00922	0.00873	0.00832	0.03968	0.01056	0.14301	0.00634	0.01128	0.06442	0.01381	0.02439	0.56851	0.04506	0.01325	0.00614	0.00193	0.00435	0.01170	0.00439	0.00489

[dist]
# distance from previous block
# <min> <max>
0	16

[block]
# block no. 1 follows, 47 sequences, length 52
# corresponding to MSA columns:
# 167-218
name=unknown_B
#
# <colnr> <probs for GDERKNQSTAVLIFYWHMCP>
#	G	D	E	R	K	N	Q	S	T	A	V	L	I	F	Y	W	H	M	C	P
0	0.00738	0.00605	0.00651	0.04902	0.00919	0.00546	0.00491	0.04821	0.01251	0.02898	0.04769	0.04558	0.68565	0.01227	0.00604	0.00174	0.00307	0.01021	0.00475	0.00479
1	0.00644	0.00460	0.00616	0.00736	0.00771	0.00432	0.00501	0.00742	0.01007	0.01340	0.02865	0.77706	0.03423	0.01622	0.00667	0.00213	0.00311	0.05035	0.00483	0.00426
2	0.85377	0.01007	0.00765	0.00685	0.01007	0.01168	0.00564	0.01531	0.00886	0.02336	0.00725	0.00846	0.00564	0.00483	0.00322	0.00161	0.00403	0.00282	0.00322	0.00564
3	0.00983	0.00926	0.01562	0.80447	0.03587	0.01157	0.01446	0.01331	0.01041	0.01331	0.00926	0.01388	0.00694	0.00521	0.00521	0.00174	0.00694	0.00463	0.00231	0.00579
4	0.00634	0.00453	0.00604	0.00725	0.00755	0.00423	0.00483	0.00725	0.00997	0.01329	0.02870	0.81358	0.03444	0.01632	0.00665	0.00211	0.00302	0.01480	0.00483	0.00423
5	0.01229	0.01405	0.03073	0.02195	0.02722	0.01317	0.76558	0.01668	0.01229	0.01668	0.01054	0.01405	0.00790	0.00439	0.00615	0.00176	0.00878	0.00615	0.00263	0.00702
6	0.01392	0.82012	0.02729	0.00891	0.01337	0.02061	0.00891	0.01559	0.01058	0.01225	0.00724	0.00835	0.00668	0.00446	0.00334	0.00111	0.00557	0.00278	0.00223	0.00668
7	0.07166	0.01431	0.01513	0.01166	0.01577	0.01587	0.00963	0.72037	0.02351	0.03223	0.01218	0.01225	0.00866	0.00616	0.00509	0.00157	0.00562	0.00457	0.00509	0.00866
8	0.01945	0.02482	0.01476	0.01342	0.01610	0.79608	0.01006	0.02079	0.01476	0.01275	0.00805	0.00939	0.00671	0.00537	0.00470	0.00134	0.00939	0.00335	0.00268	0.00604
9	0.02336	0.00886	0.01209	0.00927	0.01329	0.00765	0.00765	0.02538	0.01491	0.78810	0.02055	0.01773	0.01289	0.00645	0.00524	0.00161	0.00443	0.00524	0.00645	0.00886
10	0.00737	0.00532	0.00696	0.00655	0.00778	0.00491	0.00491	0.00983	0.01474	0.02088	0.78175	0.03890	0.04914	0.01065	0.00614	0.00164	0.00246	0.00942	0.00573	0.00491
11	0.00642	0.00458	0.00613	0.00733	0.00767	0.00429	0.00496	0.00738	0.01004	0.01338	0.02866	0.78675	0.03428	0.01625	0.00667	0.00212	0.00308	0.04092	0.00483	0.00425
12	0.01863	0.01361	0.01466	0.01150	0.01543	0.01502	0.00942	0.60630	0.13568	0.06464	0.01508	0.01463	0.02770	0.00654	0.00525	0.00160	0.00536	0.00504	0.00527	0.00866
13	0.01128	0.01123	0.01573	0.01352	0.01355	0.01568	0.01125	0.01244	0.00799	0.01252	0.00704	0.01165	0.00701	0.00997	0.03939	0.00245	0.78474	0.00459	0.00229	0.00567
14	0.00756	0.00512	0.00603	0.00603	0.00614	0.00524	0.00359	0.00779	0.00768	0.01035	0.01609	0.03233	0.01817	0.71702	0.12543	0.00548	0.00619	0.00732	0.00311	0.00335
15	0.01945	0.02482	0.01476	0.01342	0.01610	0.79608	0.01006	0.02079	0.01476	0.01275	0.00805	0.00939	0.00671	0.00537	0.00470	0.00134	0.00939	0.00335	0.00268	0.00604
16	0.01167	0.29869	0.51425	0.01294	0.01948	0.01503	0.02967	0.01619	0.01088	0.01504	0.00865	0.01015	0.00665	0.00477	0.00442	0.00147	0.00699	0.00353	0.00222	0.00734
17	0.00749	0.00538	0.00734	0.00732	0.00792	0.00593	0.00522	0.00867	0.00823	0.01157	0.03392	0.02598	0.01611	0.32738	0.49071	0.00697	0.01036	0.00642	0.00300	0.00410
18	0.02011	0.01409	0.01532	0.01175	0.01590	0.01541	0.00970	0.70291	0.02366	0.09822	0.01320	0.01296	0.00921	0.00627	0.00521	0.00157	0.00562	0.00474	0.00532	0.00886
19	0.01097	0.10758	0.64182	0.01488	0.02202	0.01307	0.08649	0.01642	0.01107	0.01607	0.00924	0.01100	0.00673	0.00485	0.00489	0.00160	0.00758	0.00395	0.00224	0.00753
20	0.01364	0.01525	0.01929	0.17425	0.02224	0.22014	0.20194	0.03461	0.01175	0.01429	0.00872	0.01206	0.00714	0.00608	0.00838	0.00177	0.21500	0.00466	0.00255	0.00622
21	0.01075	0.00586	0.00597	0.00559	0.00711	0.00602	0.00429	0.09002	0.01232	0.02080	0.01653	0.01870	0.01288	0.00609	0.00380	0.00125	0.00277	0.00484	0.75917	0.00527
22	0.00754	0.00517	0.00629	0.00629	0.00651	0.00538	0.00392	0.00797	0.00775	0.01055	0.01585	0.03097	0.01758	0.63946	0.20219	0.00581	0.00708	0.00712	0.00307	0.00350
23	0.03717	0.01039	0.01248	0.00982	0.01369	0.04072	0.00802	0.10904	0.08816	0.58474	0.01895	0.01679	0.01234	0.00641	0.00518	0.00161	0.00474	0.00512	0.00599	0.00863
24	0.01285	0.14533	0.53815	0.01340	0.01996	0.03336	0.03529	0.01756	0.01154	0.11059	0.01040	0.01146	0.00742	0.00505	0.00476	0.00156	0.00704	0.00390	0.00275	0.00762
25	0.00718	0.00528	0.00671	0.00643	0.00768	0.00482	0.00479	0.00942	0.01417	0.01970	0.65814	0.07607	0.13778	0.01122	0.00617	0.00167	0.00250	0.00986	0.00558	0.00482
26	0.01969	0.01302	0.01450	0.01125	0.01521	0.01398	0.00929	0.58875	0.02210	0.16588	0.03995	0.01563	0.01152	0.00666	0.00530	0.00160	0.00536	0.02626	0.00543	0.00861
27	0.38104	0.01301	0.01090	0.00936	0.01253	0.14510	0.00745	0.18302	0.01397	0.09280	0.01154	0.07698	0.00958	0.00634	0.00438	0.00160	0.00527	0.00454	0.00400	0.00660
28	0.01356	0.73788	0.10636	0.00953	0.01432	0.01972	0.00998	0.01569	0.01062	0.01269	0.00746	0.00863	0.00667	0.00451	0.00351	0.00117	0.00579	0.00289	0.00222	0.00679
29	0.00747	0.00508	0.00587	0.00604	0.00622	0.00502	0.00366	0.00775	0.00823	0.01088	0.01966	0.09913	0.05328	0.66652	0.02279	0.00450	0.00477	0.05625	0.00347	0.00340
30	0.03988	0.01249	0.01406	0.01095	0.01490	0.01329	0.00900	0.48300	0.06631	0.23929	0.01515	0.01445	0.01041	0.00708	0.02357	0.00175	0.00543	0.00489	0.00545	0.00865
31	0.01201	0.01094	0.01757	0.46684	0.20577	0.01245	0.05193	0.11036	0.03041	0.01701	0.01014	0.01362	0.00774	0.00521	0.00524	0.00167	0.00664	0.00474	0.00283	0.00687
32	0.01808	0.02175	0.01569	0.03182	0.11418	0.60242	0.01096	0.06071	0.01453	0.01439	0.00849	0.01019	0.00703	0.00549	0.00535	0.00143	0.04459	0.00367	0.00278	0.00645
33	0.01369	0.01083	0.01167	0.01037	0.01337	0.01228	0.00810	0.02699	0.68951	0.08737	0.04165	0.01981	0.01654	0.00711	0.00532	0.00175	0.00410	0.00593	0.00541	0.00821
34	0.00999	0.00950	0.01600	0.73877	0.03434	0.01187	0.03226	0.01334	0.01031	0.01334	0.00914	0.01374	0.00696	0.00542	0.00593	0.00177	0.05453	0.00466	0.00232	0.00581
35	0.00650	0.00469	0.00616	0.00711	0.00762	0.00435	0.00487	0.00764	0.01068	0.01429	0.12122	0.66904	0.07209	0.01544	0.00657	0.00205	0.00297	0.02744	0.00494	0.00433
36	0.00644	0.00457	0.00601	0.00713	0.00741	0.00429	0.00470	0.00728	0.00978	0.01304	0.02774	0.75267	0.03323	0.07889	0.00820	0.00234	0.00318	0.01424	0.00470	0.00415
37	0.01260	0.01234	0.01978	0.18011	0.60508	0.04795	0.01542	0.01569	0.01171	0.01610	0.00961	0.01292	0.00793	0.00478	0.00514	0.00157	0.00648	0.00458	0.00253	0.00767
38	0.01985	0.01422	0.01536	0.01181	0.01595	0.01564	0.00975	0.71300	0.03919	0.07246	0.01310	0.01292	0.00921	0.00628	0.00521	0.00157	0.00563	0.00474	0.00528	0.00884
39	0.00809	0.00587	0.00798	0.00899	0.01023	0.00576	0.00774	0.01036	0.01206	0.01562	0.06208	0.07031	0.10528	0.01414	0.00704	0.00230	0.00445	0.63211	0.00484	0.00475
40	0.01289	0.01233	0.02081	0.03121	0.75710	0.01239	0.01571	0.01640	0.03899	0.01718	0.01020	0.01312	0.00852	0.00473	0.00516	0.00155	0.00611	0.00468	0.00267	0.00825
41	0.01825	0.05606	0.01432	0.01065	0.01434	0.01328	0.00875	0.45233	0.07048	0.17180	0.05587	0.06222	0.01360	0.00707	0.00525	0.00160	0.00504	0.00561	0.00529	0.00822
42	0.01392	0.82012	0.02729	0.00891	0.01337	0.02061	0.00891	0.01559	0.01058	0.01225	0.00724	0.00835	0.00668	0.00446	0.00334	0.00111	0.00557	0.00278	0.00223	0.00668
43	0.00634	0.00453	0.00604	0.00725	0.00755	0.00423	0.00483	0.00725	0.00997	0.01329	0.02870	0.81358	0.03444	0.01632	0.00665	0.00211	0.00302	0.01480	0.00483	0.00423
44	0.01357	0.74044	0.10390	0.00951	0.01429	0.01975	0.00995	0.01568	0.01062	0.01268	0.00745	0.00862	0.00667	0.00450	0.00350	0.00117	0.00578	0.00289	0.00222	0.00678
45	0.00848	0.00712	0.01037	0.00977	0.01045	0.00900	0.00780	0.01015	0.00827	0.01221	0.01207	0.01806	0.01139	0.03115	0.59047	0.00676	0.22359	0.00531	0.00265	0.00493
46	0.00622	0.00528	0.00536	0.00534	0.00707	0.00442	0.00400	0.00759	0.01201	0.01441	0.08948	0.04955	0.74544	0.01306	0.00615	0.00175	0.00263	0.01091	0.00488	0.00442
47	0.00757	0.00505	0.00568	0.00568	0.00568	0.00505	0.00316	0.00757	0.00757	0.01010	0.01641	0.03408	0.01893	0.81698	0.02651	0.00505	0.00505	0.00757	0.00316	0.00316
48	0.00997	0.00967	0.01776	0.09596	0.01929	0.00965	0.31257	0.01412	0.09150	0.01574	0.01850	0.26178	0.01860	0.00924	0.00620	0.00192	0.00601	0.07180	0.00373	0.00598
49	0.01273	0.01217	0.02054	0.07203	0.71934	0.01235	0.01564	0.01623	0.03717	0.01698	0.01015	0.01316	0.00843	0.00475	0.00516	0.00156	0.00616	0.00468	0.00265	0.00812
50	0.00632	0.00464	0.00593	0.00696	0.00748	0.00425	0.00470	0.00728	0.01025	0.01341	0.03229	0.69980	0.14591	0.01585	0.00657	0.00206	0.00296	0.01424	0.00483	0.00425
51	0.05235	0.00930	0.01522	0.76428	0.03457	0.01158	0.01402	0.01341	0.01033	0.01381	0.00916	0.01361	0.00688	0.00519	0.00511	0.00173	0.00680	0.00454	0.00236	0.00578

[dist]
# distance from previous block
# <min> <max>
0	42

[block]
# block no. 2 follows, 47 sequences, length 18
# corresponding to MSA columns:
# 261-278
name=unknown_C
#
# <colnr> <probs for GDERKNQSTAVLIFYWHMCP>
#	G	D	E	R	K	N	Q	S	T	A	V	L	I	F	Y	W	H	M	C	P
0	0.13010	0.01499	0.01426	0.01137	0.01519	0.11052	0.00925	0.53595	0.04324	0.04765	0.01172	0.01192	0.00848	0.00598	0.00489	0.00155	0.00587	0.00433	0.00467	0.00807
1	0.00786	0.00569	0.00774	0.00885	0.00994	0.00556	0.00743	0.00992	0.01163	0.01507	0.02977	0.18753	0.09045	0.01462	0.00702	0.00230	0.00432	0.56483	0.00481	0.00467
2	0.01289	0.01237	0.02114	0.03196	0.78450	0.01237	0.01598	0.01598	0.01186	0.01701	0.00980	0.01289	0.00825	0.00464	0.00516	0.00155	0.00619	0.00464	0.00258	0.00825
3	0.07013	0.01242	0.01315	0.01047	0.01428	0.08661	0.00851	0.25388	0.07694	0.37504	0.01612	0.01490	0.01086	0.00624	0.00506	0.00158	0.00526	0.00479	0.00542	0.00835
4	0.01213	0.01137	0.01891	0.30617	0.48138	0.01227	0.01515	0.05068	0.01194	0.01644	0.00973	0.01323	0.00781	0.00492	0.00518	0.00161	0.00643	0.00464	0.00261	0.00740
5	0.00632	0.00500	0.00571	0.00619	0.00735	0.00439	0.00444	0.00754	0.01122	0.01402	0.06585	0.34857	0.44808	0.01436	0.00637	0.00191	0.00284	0.03061	0.00486	0.00436
6	0.01210	0.00768	0.01106	0.01108	0.07276	0.00736	0.05061	0.06734	0.01305	0.17478	0.07588	0.23518	0.06685	0.01160	0.02501	0.00205	0.00460	0.13994	0.00489	0.00615
7	0.02144	0.01025	0.01322	0.01114	0.05775	0.00981	0.00857	0.15959	0.06653	0.55667	0.01852	0.01661	0.01209	0.00635	0.00523	0.00161	0.00475	0.00515	0.00593	0.00879
8	0.01253	0.01123	0.01381	0.01191	0.01474	0.01291	0.08123	0.02447	0.59729	0.02018	0.01920	0.02006	0.01499	0.00734	0.00652	0.00184	0.07619	0.04108	0.00475	0.00774
9	0.00744	0.00558	0.00837	0.00837	0.00930	0.00651	0.00651	0.00930	0.00837	0.01209	0.01395	0.02046	0.01302	0.03906	0.79635	0.00837	0.01395	0.00558	0.00279	0.00465
10	0.01080	0.00926	0.01080	0.00771	0.01234	0.00694	0.00617	0.01311	0.01080	0.01697	0.00926	0.01080	0.00771	0.00386	0.00386	0.00077	0.00386	0.00309	0.00309	0.84882
11	0.01359	0.74398	0.10050	0.00948	0.01425	0.01979	0.00990	0.01568	0.01062	0.01266	0.00744	0.00861	0.00667	0.00450	0.00350	0.00117	0.00577	0.00289	0.00222	0.00678
12	0.02336	0.00886	0.01209	0.00927	0.01329	0.00765	0.00765	0.02538	0.01491	0.78810	0.02055	0.01773	0.01289	0.00645	0.00524	0.00161	0.00443	0.00524	0.00645	0.00886
13	0.00741	0.00498	0.00573	0.00588	0.00592	0.00494	0.00337	0.00753	0.00789	0.01051	0.01801	0.13573	0.02096	0.71258	0.02392	0.00467	0.00478	0.00852	0.00337	0.00330
14	0.01156	0.01005	0.01291	0.01238	0.15543	0.00833	0.00814	0.04502	0.01156	0.01764	0.00949	0.01126	0.00786	0.00410	0.00415	0.00095	0.00437	0.00344	0.00308	0.65827
15	0.01347	0.60694	0.16071	0.01079	0.01578	0.05162	0.04863	0.01603	0.01092	0.01324	0.00781	0.00915	0.00673	0.00458	0.00382	0.00125	0.00626	0.00316	0.00226	0.00685
16	0.19748	0.24547	0.09195	0.01015	0.01427	0.14697	0.00933	0.08998	0.01288	0.12308	0.00991	0.01049	0.00751	0.00518	0.00414	0.00142	0.00595	0.00351	0.00338	0.00695
17	0.01709	0.01174	0.01310	0.01050	0.01394	0.01263	0.00850	0.44146	0.11928	0.12372	0.13273	0.03963	0.01713	0.00732	0.00541	0.00162	0.00478	0.00591	0.00545	0.00805

[dist]
# distance from previous block
# <min> <max>
2	7

[block]
# block no. 3 follows, 47 sequences, length 9
# corresponding to MSA columns:
# 286-294
name=unknown_D
#
# <colnr> <probs for GDERKNQSTAVLIFYWHMCP>
#	G	D	E	R	K	N	Q	S	T	A	V	L	I	F	Y	W	H	M	C	P
0	0.04047	0.01177	0.02190	0.22185	0.05067	0.01223	0.38185	0.01697	0.11281	0.01686	0.01181	0.01476	0.00892	0.00506	0.00553	0.00171	0.00712	0.00549	0.04548	0.00675
1	0.00983	0.00926	0.01562	0.80447	0.03587	0.01157	0.01446	0.01331	0.01041	0.01331	0.00926	0.01388	0.00694	0.00521	0.00521	0.00174	0.00694	0.00463	0.00231	0.00579
2	0.01080	0.00926	0.01080	0.00771	0.01234	0.00694	0.00617	0.01311	0.01080	0.01697	0.00926	0.01080	0.00771	0.00386	0.00386	0.00077	0.00386	0.00309	0.00309	0.84882
3	0.01392	0.82012	0.02729	0.00891	0.01337	0.02061	0.00891	0.01559	0.01058	0.01225	0.00724	0.00835	0.00668	0.00446	0.00334	0.00111	0.00557	0.00278	0.00223	0.00668
4	0.00634	0.00453	0.00604	0.00725	0.00755	0.00423	0.00483	0.00725	0.00997	0.01329	0.02870	0.81358	0.03444	0.01632	0.00665	0.00211	0.00302	0.01480	0.00483	0.00423
5	0.01097	0.14638	0.67515	0.01395	0.02116	0.01338	0.01769	0.01636	0.01093	0.01585	0.00903	0.01060	0.00661	0.00487	0.00471	0.00157	0.00738	0.00369	0.00220	0.00754
6	0.01121	0.00878	0.01056	0.04990	0.07802	0.05906	0.00838	0.07986	0.05181	0.06905	0.04193	0.19029	0.08105	0.01110	0.00614	0.00194	0.00476	0.22571	0.00456	0.00589
7	0.01070	0.00974	0.06088	0.00818	0.01239	0.00693	0.00690	0.01305	0.01087	0.04921	0.01242	0.12176	0.01155	0.00575	0.00437	0.00105	0.00402	0.00484	0.00341	0.64199
8	0.01037	0.00986	0.01787	0.07935	0.16286	0.00970	0.24618	0.03353	0.01197	0.01624	0.06862	0.16118	0.03952	0.03261	0.00665	0.00192	0.00598	0.07586	0.00354	0.00618

[dist]
# distance from previous block
# <min> <max>
0	20

# created by:
# /st0/software/busco_prod/Augustus/scripts/msa2prfl.pl ./align_prep/205334.fa
