[name]
unknown

[dist]
# distance from previous block
# <min> <max>
0	34

[block]
# block no. 0 follows, 43 sequences, length 22
# corresponding to MSA columns:
# 307-328
name=unknown_A
#
# <colnr> <probs for GDERKNQSTAVLIFYWHMCP>
#	G	D	E	R	K	N	Q	S	T	A	V	L	I	F	Y	W	H	M	C	P
0	0.01188	0.00891	0.03550	0.05908	0.05944	0.00866	0.01009	0.07643	0.04671	0.08259	0.02417	0.07016	0.02431	0.01206	0.00686	0.00224	0.00538	0.44425	0.00492	0.00635
1	0.01165	0.04932	0.47340	0.05976	0.02088	0.03010	0.01568	0.03265	0.05920	0.01793	0.01186	0.03930	0.00926	0.00580	0.00510	0.00163	0.00690	0.00462	0.05309	0.09187
2	0.01547	0.25775	0.28526	0.01266	0.01822	0.09706	0.01339	0.08991	0.06554	0.07877	0.01128	0.01202	0.00851	0.00557	0.00480	0.00155	0.00696	0.00405	0.00330	0.00793
3	0.01366	0.01086	0.01234	0.05743	0.01525	0.01150	0.00849	0.04707	0.43727	0.07235	0.01921	0.06454	0.01520	0.00718	0.00538	0.00166	0.00451	0.00602	0.00499	0.18509
4	0.01385	0.01196	0.01378	0.06017	0.07931	0.01345	0.00982	0.06785	0.56647	0.02257	0.01948	0.01876	0.01471	0.00693	0.00552	0.00178	0.00483	0.00582	0.00506	0.05789
5	0.00962	0.00481	0.00722	0.00722	0.00722	0.00481	0.00481	0.00722	0.00722	0.00962	0.00962	0.01684	0.00962	0.01924	0.02165	0.83886	0.00481	0.00481	0.00241	0.00241
6	0.02747	0.08083	0.45209	0.01450	0.03576	0.02822	0.06017	0.05007	0.01295	0.09484	0.03293	0.01328	0.00928	0.00551	0.00519	0.00164	0.00716	0.00445	0.00317	0.06049
7	0.01295	0.11156	0.12154	0.04881	0.02691	0.01475	0.54679	0.01745	0.01261	0.01702	0.01058	0.01381	0.00804	0.00478	0.00599	0.00177	0.00872	0.00575	0.00268	0.00746
8	0.01116	0.01056	0.01788	0.62868	0.19605	0.01249	0.01573	0.01476	0.01141	0.01500	0.00997	0.01454	0.00768	0.00541	0.00553	0.00180	0.00721	0.00492	0.00252	0.00672
9	0.00961	0.00685	0.00833	0.00811	0.00956	0.00686	0.00609	0.03603	0.04518	0.07971	0.07751	0.28793	0.25957	0.03624	0.00820	0.00213	0.07048	0.03105	0.00509	0.00548
10	0.01300	0.01883	0.21698	0.01942	0.02462	0.07141	0.39920	0.01735	0.01222	0.01671	0.01009	0.01332	0.00779	0.00566	0.00786	0.00189	0.12822	0.00544	0.00263	0.00736
11	0.02366	0.01001	0.01305	0.01015	0.01434	0.00918	0.00834	0.07094	0.08128	0.66467	0.02139	0.01867	0.01373	0.00690	0.00557	0.00172	0.00477	0.00559	0.00667	0.00937
12	0.00681	0.00492	0.00645	0.00754	0.00802	0.00456	0.00509	0.00791	0.01106	0.01474	0.08247	0.70777	0.07866	0.01675	0.00700	0.00219	0.00315	0.01513	0.00521	0.00456
13	0.01337	0.01155	0.01214	0.01095	0.01401	0.01327	0.00851	0.02823	0.71894	0.02271	0.02442	0.02249	0.05897	0.00788	0.00569	0.00188	0.00429	0.00657	0.00561	0.00854
14	0.01212	0.01212	0.01696	0.01454	0.01454	0.01696	0.01212	0.01333	0.00848	0.01333	0.00727	0.01212	0.00727	0.00969	0.01818	0.00242	0.79523	0.00485	0.00242	0.00606
15	0.00669	0.00549	0.00589	0.00605	0.00763	0.00470	0.00444	0.00813	0.01258	0.01547	0.11411	0.16588	0.59518	0.01430	0.00662	0.00192	0.00285	0.01216	0.00523	0.00470
16	0.00672	0.00492	0.00632	0.00743	0.00796	0.00452	0.00502	0.00774	0.01087	0.01425	0.03391	0.70265	0.13355	0.01691	0.00700	0.00220	0.00316	0.01521	0.00514	0.00452
17	0.01219	0.01042	0.01107	0.01024	0.01292	0.01174	0.00785	0.02463	0.59448	0.02126	0.02729	0.10706	0.10639	0.00931	0.00589	0.00192	0.00408	0.00790	0.00553	0.00784
18	0.01677	0.03471	0.01555	0.01311	0.01533	0.28380	0.01043	0.17133	0.04222	0.01861	0.01092	0.03882	0.00941	0.00812	0.02185	0.00192	0.23562	0.00483	0.03975	0.00690
19	0.01147	0.00991	0.01183	0.03680	0.01407	0.00784	0.00704	0.01394	0.01138	0.01777	0.00977	0.01162	0.00815	0.00431	0.00456	0.00090	0.02691	0.00339	0.00323	0.78512
20	0.01502	0.04720	0.01391	0.01143	0.01485	0.01469	0.00909	0.14763	0.60745	0.02465	0.02038	0.01894	0.01525	0.00725	0.00553	0.00181	0.00473	0.00591	0.00548	0.00880
21	0.01338	0.01225	0.01380	0.03549	0.06000	0.04370	0.00989	0.02444	0.51159	0.02028	0.01978	0.01960	0.04492	0.00786	0.00770	0.00194	0.13467	0.00603	0.00472	0.00799

[dist]
# distance from previous block
# <min> <max>
0	1

[block]
# block no. 1 follows, 43 sequences, length 16
# corresponding to MSA columns:
# 330-345
name=unknown_B
#
# <colnr> <probs for GDERKNQSTAVLIFYWHMCP>
#	G	D	E	R	K	N	Q	S	T	A	V	L	I	F	Y	W	H	M	C	P
0	0.01699	0.01418	0.03809	0.01889	0.23999	0.07096	0.04310	0.14336	0.20152	0.13210	0.01545	0.01584	0.01143	0.00619	0.00554	0.00171	0.00610	0.00531	0.00452	0.00873
1	0.01148	0.00984	0.01148	0.00820	0.01312	0.00738	0.00656	0.01395	0.01148	0.01805	0.00984	0.01148	0.00820	0.00410	0.00410	0.00082	0.00410	0.00328	0.00328	0.83922
2	0.01917	0.01445	0.01560	0.01199	0.01640	0.01553	0.00983	0.59593	0.07527	0.03167	0.01345	0.01355	0.00977	0.00634	0.00534	0.00156	0.00569	0.00483	0.00522	0.12841
3	0.00687	0.00487	0.00639	0.00755	0.00785	0.00458	0.00497	0.00774	0.01036	0.01382	0.02929	0.72970	0.03508	0.09152	0.00906	0.00254	0.00342	0.01502	0.00497	0.00439
4	0.01269	0.05858	0.08843	0.01374	0.01518	0.01586	0.01219	0.04524	0.00996	0.04050	0.00883	0.01285	0.00801	0.01100	0.06887	0.00269	0.56138	0.00478	0.00273	0.00650
5	0.02122	0.01525	0.01646	0.01262	0.01704	0.01678	0.01042	0.72074	0.02560	0.06714	0.01367	0.01354	0.00961	0.00666	0.00554	0.00166	0.00603	0.00501	0.00560	0.00942
6	0.01307	0.01494	0.03268	0.02334	0.02894	0.01401	0.75070	0.01774	0.01307	0.01774	0.01120	0.01494	0.00840	0.00467	0.00654	0.00187	0.00934	0.00654	0.00280	0.00747
7	0.00742	0.00523	0.00610	0.00650	0.00688	0.00499	0.00404	0.00793	0.00954	0.01243	0.02735	0.27689	0.13826	0.44082	0.01835	0.00387	0.00431	0.01099	0.00418	0.00391
8	0.00794	0.00532	0.00607	0.00619	0.00622	0.00529	0.00351	0.00802	0.00828	0.01104	0.01860	0.10338	0.02158	0.73625	0.02634	0.00510	0.00518	0.00873	0.00351	0.00346
9	0.00679	0.00554	0.00600	0.00606	0.00767	0.00475	0.00448	0.00835	0.01294	0.01612	0.17594	0.12879	0.56947	0.01391	0.00660	0.00189	0.00281	0.01182	0.00531	0.00475
10	0.14804	0.01202	0.01353	0.01063	0.01469	0.01254	0.00876	0.33002	0.01883	0.31226	0.01575	0.01514	0.01073	0.00814	0.04195	0.00203	0.00571	0.00495	0.00559	0.00869
11	0.01811	0.01466	0.01461	0.01269	0.03923	0.10769	0.00978	0.26789	0.33067	0.09884	0.01733	0.01653	0.01267	0.00686	0.00551	0.00173	0.00573	0.00540	0.00529	0.00876
12	0.01132	0.01157	0.02217	0.13638	0.04923	0.01197	0.36382	0.01466	0.01180	0.01621	0.01526	0.12835	0.04116	0.00762	0.00763	0.00195	0.09665	0.00749	0.03821	0.00653
13	0.00766	0.00651	0.00671	0.00656	0.00815	0.03948	0.00485	0.00940	0.01353	0.01713	0.28768	0.08220	0.43868	0.03814	0.00719	0.00194	0.00316	0.01085	0.00530	0.00489
14	0.01148	0.00984	0.01148	0.00820	0.01312	0.00738	0.00656	0.01395	0.01148	0.01805	0.00984	0.01148	0.00820	0.00410	0.00410	0.00082	0.00410	0.00328	0.00328	0.83922
15	0.01207	0.04318	0.00784	0.00658	0.00837	0.06274	0.00511	0.06901	0.01297	0.02086	0.01657	0.01881	0.01302	0.00634	0.00406	0.00132	0.00352	0.00494	0.67704	0.00566

[dist]
# distance from previous block
# <min> <max>
6	11

[block]
# block no. 2 follows, 43 sequences, length 7
# corresponding to MSA columns:
# 358-364
name=unknown_C
#
# <colnr> <probs for GDERKNQSTAVLIFYWHMCP>
#	G	D	E	R	K	N	Q	S	T	A	V	L	I	F	Y	W	H	M	C	P
0	0.01148	0.00984	0.01148	0.00820	0.01312	0.00738	0.00656	0.01395	0.01148	0.01805	0.00984	0.01148	0.00820	0.00410	0.00410	0.00082	0.00410	0.00328	0.00328	0.83922
1	0.01148	0.00984	0.01148	0.00820	0.01312	0.00738	0.00656	0.01395	0.01148	0.01805	0.00984	0.01148	0.00820	0.00410	0.00410	0.00082	0.00410	0.00328	0.00328	0.83922
2	0.00721	0.00546	0.00614	0.00622	0.00728	0.00494	0.00426	0.00839	0.01165	0.01495	0.16638	0.13532	0.34876	0.23396	0.01262	0.00287	0.00353	0.01087	0.00481	0.00438
3	0.00707	0.00504	0.00672	0.00767	0.00805	0.00494	0.00517	0.00806	0.01006	0.01355	0.02675	0.60026	0.03146	0.11655	0.11752	0.00355	0.00509	0.01345	0.00462	0.00442
4	0.01312	0.00727	0.00768	0.00680	0.00884	0.00749	0.00532	0.14582	0.01445	0.06909	0.01745	0.01923	0.01331	0.00651	0.00427	0.00138	0.00334	0.00516	0.63730	0.00618
5	0.01460	0.01410	0.04069	0.03858	0.03787	0.09246	0.06301	0.14116	0.14235	0.02078	0.01240	0.01367	0.00968	0.00581	0.00597	0.00148	0.06032	0.00457	0.00385	0.27666
6	0.10408	0.01359	0.01712	0.04943	0.34188	0.08902	0.01244	0.05797	0.08335	0.04133	0.01135	0.01335	0.00908	0.00556	0.00562	0.00161	0.03924	0.00456	0.00340	0.09602

[dist]
# distance from previous block
# <min> <max>
0	9

[block]
# block no. 3 follows, 43 sequences, length 7
# corresponding to MSA columns:
# 376-382
name=unknown_D
#
# <colnr> <probs for GDERKNQSTAVLIFYWHMCP>
#	G	D	E	R	K	N	Q	S	T	A	V	L	I	F	Y	W	H	M	C	P
0	0.03565	0.00895	0.05447	0.00912	0.01097	0.00850	0.00741	0.06130	0.04228	0.01761	0.12378	0.24386	0.14331	0.04337	0.00873	0.00209	0.11243	0.00966	0.00455	0.05196
1	0.00950	0.00930	0.04101	0.01080	0.01198	0.03073	0.03783	0.01189	0.05451	0.01467	0.02249	0.32533	0.08683	0.01521	0.07707	0.00276	0.21868	0.00988	0.00398	0.00554
2	0.00823	0.00643	0.00955	0.16836	0.05810	0.00675	0.00795	0.00974	0.01060	0.01406	0.02329	0.47316	0.02653	0.06754	0.00878	0.03998	0.00456	0.04726	0.00421	0.00494
3	0.03847	0.01193	0.02019	0.34549	0.22485	0.01320	0.13231	0.03865	0.06137	0.01728	0.01100	0.01459	0.00855	0.00553	0.00604	0.00181	0.03329	0.00521	0.00292	0.00731
4	0.00962	0.00481	0.00722	0.00722	0.00722	0.00481	0.00481	0.00722	0.00722	0.00962	0.00962	0.01684	0.00962	0.01924	0.02165	0.83886	0.00481	0.00481	0.00241	0.00241
5	0.15524	0.01029	0.05483	0.00937	0.01269	0.00934	0.00788	0.11434	0.01434	0.29149	0.05113	0.10009	0.04517	0.00925	0.00701	0.08409	0.00471	0.00641	0.00513	0.00721
6	0.00815	0.00596	0.00739	0.05856	0.00965	0.00608	0.00533	0.01008	0.05442	0.01436	0.08569	0.23534	0.08687	0.30456	0.04810	0.00352	0.00474	0.01002	0.03663	0.00456

[dist]
# distance from previous block
# <min> <max>
0	1

[block]
# block no. 4 follows, 43 sequences, length 8
# corresponding to MSA columns:
# 384-391
name=unknown_E
#
# <colnr> <probs for GDERKNQSTAVLIFYWHMCP>
#	G	D	E	R	K	N	Q	S	T	A	V	L	I	F	Y	W	H	M	C	P
0	0.02008	0.01388	0.01552	0.01215	0.01608	0.01523	0.00998	0.57614	0.02281	0.12107	0.01480	0.04684	0.01110	0.00837	0.03091	0.00196	0.04321	0.00553	0.00545	0.00892
1	0.00805	0.00661	0.01047	0.00964	0.01098	0.00628	0.11370	0.00977	0.01138	0.01535	0.12921	0.38359	0.08023	0.10871	0.06677	0.00296	0.00511	0.01171	0.00456	0.00494
2	0.00796	0.00546	0.00639	0.00639	0.00662	0.00554	0.00387	0.00829	0.00840	0.01123	0.01906	0.03520	0.05707	0.66520	0.12621	0.00566	0.00648	0.00796	0.00339	0.00363
3	0.00706	0.00496	0.00645	0.00750	0.00786	0.00468	0.00500	0.00787	0.01034	0.01370	0.02923	0.63372	0.06137	0.11118	0.01005	0.02919	0.00357	0.03712	0.00484	0.00432
4	0.01305	0.01219	0.01949	0.14767	0.48365	0.01249	0.01477	0.04151	0.01248	0.01783	0.01020	0.01346	0.00842	0.00519	0.00588	0.00159	0.04279	0.00469	0.00286	0.12979
5	0.01073	0.00958	0.01607	0.59918	0.12095	0.01142	0.01419	0.01358	0.01075	0.01402	0.00988	0.01491	0.00784	0.00726	0.00764	0.11166	0.00695	0.00491	0.00249	0.00597
6	0.01108	0.00665	0.00837	0.00770	0.00958	0.00612	0.00584	0.04984	0.01483	0.15145	0.35796	0.18002	0.14502	0.01183	0.00642	0.00185	0.00329	0.01030	0.00588	0.00595
7	0.01836	0.01218	0.01369	0.01098	0.01454	0.01288	0.00878	0.44108	0.04803	0.14607	0.01732	0.11545	0.01449	0.06234	0.00723	0.00198	0.00533	0.00663	0.00547	0.03714

[dist]
# distance from previous block
# <min> <max>
0	3

[block]
# block no. 5 follows, 43 sequences, length 26
# corresponding to MSA columns:
# 395-420
name=unknown_F
#
# <colnr> <probs for GDERKNQSTAVLIFYWHMCP>
#	G	D	E	R	K	N	Q	S	T	A	V	L	I	F	Y	W	H	M	C	P
0	0.00934	0.00643	0.00860	0.04325	0.02278	0.00622	0.00640	0.01116	0.03020	0.07733	0.07319	0.47417	0.04122	0.04273	0.03421	0.00236	0.02472	0.01174	0.00485	0.06909
1	0.01189	0.01015	0.01203	0.00923	0.03872	0.00791	0.00705	0.03937	0.01202	0.01863	0.00998	0.01162	0.00826	0.00422	0.00420	0.00088	0.00425	0.00340	0.00334	0.78286
2	0.01288	0.14534	0.25528	0.03497	0.06806	0.01360	0.11324	0.01771	0.06390	0.04371	0.01097	0.01274	0.00847	0.00525	0.00546	0.00155	0.03308	0.00441	0.00298	0.14640
3	0.01614	0.01231	0.01324	0.01124	0.01473	0.01373	0.00893	0.21655	0.47061	0.08431	0.02190	0.02037	0.05550	0.00759	0.00565	0.00181	0.00477	0.00617	0.00568	0.00877
4	0.02105	0.01551	0.01662	0.01274	0.01717	0.01717	0.01053	0.75235	0.02604	0.03490	0.01330	0.01330	0.00942	0.00665	0.00554	0.00166	0.00609	0.00499	0.00554	0.00942
5	0.00962	0.00481	0.00722	0.00722	0.00722	0.00481	0.00481	0.00722	0.00722	0.00962	0.00962	0.01684	0.00962	0.01924	0.02165	0.83886	0.00481	0.00481	0.00241	0.00241
6	0.01046	0.00984	0.01661	0.79205	0.03814	0.01230	0.01538	0.01415	0.01107	0.01415	0.00984	0.01477	0.00738	0.00554	0.00554	0.00185	0.00738	0.00492	0.00246	0.00615
7	0.02079	0.01492	0.01606	0.01236	0.01667	0.01641	0.01020	0.69954	0.02515	0.06035	0.01377	0.01376	0.00975	0.00665	0.00548	0.00165	0.00592	0.00501	0.03630	0.00926
8	0.01429	0.01474	0.02041	0.15714	0.52742	0.13694	0.01571	0.01735	0.01285	0.01671	0.01002	0.01328	0.00828	0.00516	0.00541	0.00164	0.00726	0.00471	0.00271	0.00796
9	0.01079	0.00561	0.00566	0.00549	0.00692	0.00569	0.00416	0.04523	0.01225	0.02127	0.01786	0.02033	0.01399	0.00646	0.00394	0.00131	0.00273	0.00515	0.79980	0.00535
10	0.01148	0.00984	0.01148	0.00820	0.01312	0.00738	0.00656	0.01395	0.01148	0.01805	0.00984	0.01148	0.00820	0.00410	0.00410	0.00082	0.00410	0.00328	0.00328	0.83922
11	0.00794	0.00563	0.00745	0.00749	0.00799	0.00610	0.00516	0.00894	0.00855	0.01189	0.01661	0.05475	0.01762	0.40618	0.39614	0.00699	0.00992	0.00728	0.00323	0.00417
12	0.01182	0.01260	0.02540	0.01894	0.02297	0.01255	0.50556	0.01580	0.03074	0.01645	0.01336	0.03218	0.02932	0.03201	0.12452	0.00307	0.07632	0.00664	0.00298	0.00677
13	0.01084	0.01144	0.02336	0.01763	0.02151	0.01068	0.48713	0.01427	0.01247	0.01671	0.03588	0.21666	0.07745	0.00875	0.00667	0.00196	0.00713	0.00934	0.00365	0.00645
14	0.01148	0.00984	0.01148	0.00820	0.01312	0.00738	0.00656	0.01395	0.01148	0.01805	0.00984	0.01148	0.00820	0.00410	0.00410	0.00082	0.00410	0.00328	0.00328	0.83922
15	0.01203	0.01025	0.01373	0.00992	0.01477	0.00806	0.08862	0.01468	0.01180	0.04654	0.01102	0.03418	0.00923	0.00464	0.00451	0.00101	0.00468	0.00407	0.00342	0.69285
16	0.01291	0.00980	0.01163	0.00838	0.01323	0.00746	0.00673	0.01534	0.01195	0.09903	0.01113	0.01227	0.00879	0.00440	0.00426	0.00092	0.00417	0.00353	0.00366	0.75040
17	0.00995	0.00587	0.00775	0.00808	0.00934	0.00530	0.00581	0.01129	0.01179	0.13704	0.04877	0.56406	0.06111	0.01479	0.00671	0.00210	0.00354	0.04513	0.00537	0.03621
18	0.00744	0.00579	0.00677	0.00650	0.00809	0.00520	0.00488	0.00986	0.03254	0.01919	0.45047	0.04588	0.35257	0.01237	0.00652	0.00180	0.00274	0.01063	0.00568	0.00508
19	0.00827	0.00613	0.00787	0.00837	0.00960	0.00567	0.00614	0.03863	0.01167	0.01585	0.02702	0.55115	0.03118	0.01491	0.00672	0.00209	0.00374	0.12926	0.00491	0.11080
20	0.02369	0.01128	0.01400	0.01073	0.01506	0.01090	0.00887	0.24823	0.01896	0.54902	0.01924	0.01716	0.01240	0.00679	0.00556	0.00170	0.00513	0.00539	0.00645	0.00942
21	0.01474	0.04035	0.06057	0.04389	0.27447	0.01119	0.03237	0.06266	0.05502	0.15237	0.08414	0.02096	0.04505	0.00694	0.00561	0.00171	0.00553	0.03336	0.04114	0.00793
22	0.66936	0.01044	0.00915	0.00783	0.01144	0.01151	0.00646	0.01857	0.01080	0.18506	0.01073	0.01110	0.00765	0.00551	0.00389	0.00171	0.00438	0.00355	0.00416	0.00673
23	0.00794	0.00662	0.04105	0.00727	0.00890	0.00539	0.00574	0.01016	0.01396	0.03802	0.43267	0.17551	0.20092	0.01258	0.00655	0.00186	0.00306	0.01101	0.00558	0.00522
24	0.04259	0.12082	0.56876	0.01568	0.05536	0.01417	0.03910	0.01717	0.01149	0.01711	0.00952	0.01145	0.00712	0.00536	0.00561	0.00171	0.04262	0.00406	0.00242	0.00788
25	0.01185	0.04303	0.41354	0.01438	0.06014	0.01148	0.04414	0.01646	0.01182	0.03692	0.02539	0.01258	0.00859	0.00516	0.00534	0.00149	0.02856	0.00415	0.00284	0.24213

[dist]
# distance from previous block
# <min> <max>
0	2

[block]
# block no. 6 follows, 43 sequences, length 6
# corresponding to MSA columns:
# 423-428
name=unknown_G
#
# <colnr> <probs for GDERKNQSTAVLIFYWHMCP>
#	G	D	E	R	K	N	Q	S	T	A	V	L	I	F	Y	W	H	M	C	P
0	0.09103	0.01415	0.19586	0.01079	0.01564	0.00975	0.01055	0.06440	0.01378	0.30086	0.01640	0.09218	0.01265	0.00696	0.00525	0.00165	0.00536	0.00564	0.00472	0.12238
1	0.01291	0.01428	0.06101	0.26227	0.24321	0.09537	0.14766	0.01649	0.01251	0.01620	0.01131	0.01673	0.00942	0.00581	0.00576	0.00178	0.00769	0.04957	0.00280	0.00722
2	0.00938	0.00493	0.00730	0.00747	0.00759	0.00491	0.00515	0.00757	0.00785	0.01044	0.01246	0.07043	0.01305	0.01882	0.01964	0.72151	0.00473	0.06123	0.00279	0.00274
3	0.51669	0.11188	0.06906	0.03722	0.01364	0.01330	0.00821	0.05303	0.01140	0.08063	0.03473	0.01145	0.00857	0.00553	0.00403	0.00165	0.00496	0.00368	0.00364	0.00671
4	0.05746	0.27384	0.17558	0.05366	0.05450	0.01435	0.01149	0.03651	0.01190	0.03911	0.00953	0.01110	0.00766	0.00487	0.00435	0.00132	0.00592	0.00361	0.00289	0.22034
5	0.05079	0.05703	0.48364	0.01481	0.02161	0.01246	0.09546	0.01927	0.01252	0.16275	0.01216	0.01317	0.00841	0.00547	0.00530	0.00173	0.00737	0.00454	0.00330	0.00820

[dist]
# distance from previous block
# <min> <max>
0	1

[block]
# block no. 7 follows, 43 sequences, length 9
# corresponding to MSA columns:
# 430-438
name=unknown_H
#
# <colnr> <probs for GDERKNQSTAVLIFYWHMCP>
#	G	D	E	R	K	N	Q	S	T	A	V	L	I	F	Y	W	H	M	C	P
0	0.09013	0.06564	0.45554	0.01550	0.02192	0.01318	0.15564	0.01687	0.01188	0.01820	0.05605	0.01372	0.00996	0.00559	0.00564	0.00176	0.02771	0.00477	0.00276	0.00755
1	0.01029	0.00930	0.01526	0.33238	0.24428	0.01020	0.01276	0.01304	0.01138	0.01531	0.01626	0.25223	0.01663	0.00893	0.00598	0.00191	0.00589	0.00820	0.00335	0.00642
2	0.01168	0.01020	0.01668	0.49866	0.13320	0.01156	0.04612	0.03794	0.01227	0.05601	0.01597	0.01916	0.09427	0.00648	0.00569	0.00181	0.00666	0.00580	0.00315	0.00668
3	0.10010	0.03586	0.30065	0.01420	0.04847	0.05612	0.08510	0.03273	0.01294	0.14915	0.03403	0.05582	0.01194	0.00663	0.00542	0.00177	0.00673	0.03095	0.00373	0.00765
4	0.00865	0.00704	0.00997	0.05697	0.01213	0.02574	0.02929	0.02556	0.00999	0.01369	0.01807	0.05107	0.07251	0.05643	0.56849	0.00705	0.01230	0.00667	0.00324	0.00514
5	0.01333	0.00684	0.00912	0.00814	0.01016	0.00633	0.00625	0.01532	0.01382	0.26129	0.29576	0.07948	0.03099	0.10943	0.06914	0.00280	0.00473	0.04514	0.00566	0.00628
6	0.01074	0.01032	0.01760	0.62081	0.07540	0.01239	0.06626	0.01425	0.01123	0.01461	0.01185	0.01626	0.04066	0.00603	0.00632	0.00187	0.04914	0.00533	0.00262	0.00632
7	0.01223	0.01298	0.07897	0.27788	0.43968	0.01255	0.01638	0.01586	0.01205	0.01670	0.01105	0.01611	0.00923	0.00563	0.00558	0.00176	0.00690	0.03802	0.00273	0.00771
8	0.01032	0.00984	0.01679	0.68173	0.03518	0.01182	0.06175	0.01390	0.01132	0.01444	0.01352	0.01776	0.06643	0.00614	0.00568	0.00185	0.00715	0.00555	0.00269	0.00612

[dist]
# distance from previous block
# <min> <max>
4	13

[block]
# block no. 8 follows, 43 sequences, length 28
# corresponding to MSA columns:
# 452-479
name=unknown_I
#
# <colnr> <probs for GDERKNQSTAVLIFYWHMCP>
#	G	D	E	R	K	N	Q	S	T	A	V	L	I	F	Y	W	H	M	C	P
0	0.00838	0.00641	0.00815	0.02763	0.01008	0.00569	0.00575	0.00968	0.01055	0.01472	0.02310	0.39674	0.05962	0.06761	0.05170	0.04237	0.00443	0.02286	0.00422	0.22030
1	0.36837	0.01073	0.03110	0.05336	0.01382	0.01060	0.02243	0.07304	0.01231	0.02259	0.10775	0.01471	0.01301	0.00581	0.00441	0.00149	0.00455	0.00435	0.00381	0.22177
2	0.02531	0.01270	0.01402	0.05634	0.11391	0.11328	0.01018	0.17453	0.07398	0.02161	0.15031	0.04954	0.01990	0.00839	0.00662	0.00181	0.05567	0.06606	0.01875	0.00710
3	0.01561	0.11984	0.14246	0.08969	0.05531	0.12050	0.01280	0.20749	0.04217	0.02023	0.01069	0.01261	0.00839	0.00735	0.03238	0.00192	0.08502	0.00444	0.00342	0.00766
4	0.07382	0.00608	0.00726	0.00692	0.00848	0.00576	0.00528	0.01058	0.01461	0.02112	0.57312	0.04141	0.15399	0.01139	0.00633	0.00179	0.00287	0.03828	0.00570	0.00520
5	0.01788	0.01719	0.01468	0.01239	0.01548	0.33595	0.02828	0.04024	0.04722	0.14218	0.04842	0.01415	0.01111	0.00650	0.00673	0.00156	0.10356	0.00456	0.00388	0.12802
6	0.22752	0.00999	0.01045	0.00804	0.01229	0.00897	0.00648	0.04983	0.01191	0.05001	0.01358	0.01452	0.06801	0.00538	0.00425	0.00121	0.00417	0.00404	0.00371	0.48563
7	0.00998	0.00601	0.00774	0.00761	0.00886	0.00564	0.00547	0.02973	0.01239	0.11122	0.18887	0.29512	0.09646	0.08754	0.03758	0.06472	0.00404	0.01072	0.00513	0.00517
8	0.03631	0.00561	0.00642	0.00658	0.00796	0.00507	0.00480	0.00892	0.01292	0.01724	0.25722	0.23074	0.35303	0.01373	0.00656	0.00192	0.00290	0.01188	0.00536	0.00484
9	0.04268	0.00796	0.00957	0.00823	0.01106	0.00689	0.00623	0.01236	0.02900	0.03779	0.06164	0.28061	0.02072	0.01002	0.01982	0.00163	0.02471	0.00809	0.00420	0.39679
10	0.01005	0.00715	0.00788	0.00744	0.00928	0.00706	0.00546	0.01442	0.17267	0.07664	0.07485	0.09159	0.29654	0.14616	0.00987	0.00245	0.00374	0.00933	0.04169	0.00574
11	0.00988	0.00689	0.00821	0.00824	0.00982	0.00683	0.00607	0.01405	0.15831	0.08176	0.08533	0.33336	0.15482	0.04430	0.00739	0.00217	0.00364	0.04772	0.00538	0.00582
12	0.00787	0.00566	0.00709	0.00697	0.00834	0.00513	0.00521	0.01000	0.01427	0.03715	0.47708	0.14173	0.19920	0.01272	0.00662	0.00186	0.00288	0.03934	0.00575	0.00511
13	0.01148	0.00984	0.01148	0.00820	0.01312	0.00738	0.00656	0.01395	0.01148	0.01805	0.00984	0.01148	0.00820	0.00410	0.00410	0.00082	0.00410	0.00328	0.00328	0.83922
14	0.01995	0.07943	0.01631	0.01355	0.01656	0.66690	0.01038	0.05682	0.01575	0.01479	0.00905	0.01043	0.00748	0.00571	0.00488	0.00142	0.00927	0.00365	0.03111	0.00657
15	0.00714	0.00524	0.00669	0.00736	0.00819	0.00483	0.00523	0.00863	0.01215	0.01620	0.20336	0.45033	0.14795	0.03303	0.00738	0.00217	0.00319	0.06090	0.00532	0.00471
16	0.00882	0.00588	0.00753	0.00770	0.00872	0.00559	0.00545	0.04517	0.01308	0.05674	0.26876	0.41953	0.03803	0.07221	0.00829	0.00226	0.00339	0.01227	0.00543	0.00514
17	0.00819	0.00548	0.00676	0.00720	0.00837	0.00489	0.00511	0.00950	0.01197	0.07506	0.08837	0.46447	0.25388	0.01511	0.00676	0.00206	0.00317	0.01334	0.00534	0.00499
18	0.00747	0.00528	0.00650	0.00692	0.00746	0.00502	0.00460	0.00849	0.01089	0.01462	0.16747	0.31384	0.08423	0.29116	0.01433	0.00323	0.00389	0.03566	0.00470	0.00427
19	0.01568	0.01111	0.01243	0.01045	0.01352	0.01188	0.00827	0.33954	0.13419	0.08690	0.10876	0.14695	0.05712	0.00943	0.00597	0.00181	0.00469	0.00788	0.00564	0.00781
20	0.01057	0.00594	0.00775	0.00785	0.00902	0.00548	0.00557	0.01180	0.01168	0.15844	0.07824	0.41818	0.04960	0.14621	0.01028	0.00264	0.00389	0.04630	0.00523	0.00533
21	0.00715	0.00520	0.00652	0.00732	0.00797	0.00485	0.00507	0.00828	0.01104	0.01448	0.07902	0.47179	0.14327	0.12934	0.01003	0.00263	0.00358	0.07306	0.00494	0.00446
22	0.00735	0.00533	0.00639	0.00688	0.00760	0.00499	0.00470	0.00826	0.01065	0.01379	0.06477	0.28971	0.21111	0.23350	0.02511	0.02547	0.00403	0.06151	0.00458	0.00425
23	0.00976	0.00660	0.01034	0.27219	0.01770	0.00748	0.00837	0.00992	0.00879	0.01174	0.01064	0.01751	0.00977	0.05621	0.05230	0.44461	0.00611	0.00508	0.03092	0.00394
24	0.01564	0.26643	0.23702	0.01292	0.01784	0.30147	0.01288	0.01860	0.01308	0.01458	0.01039	0.01168	0.03424	0.00558	0.00468	0.00146	0.00797	0.00382	0.00264	0.00707
25	0.01037	0.00862	0.01027	0.00805	0.01179	0.00679	0.00619	0.01245	0.01106	0.01681	0.01387	0.14445	0.01375	0.04679	0.04005	0.00163	0.00449	0.00570	0.00358	0.62329
26	0.00880	0.00661	0.00731	0.00728	0.00788	0.03254	0.00476	0.03577	0.02793	0.01297	0.02053	0.14800	0.05527	0.47789	0.11852	0.00484	0.00630	0.00880	0.00377	0.00424
27	0.01123	0.00815	0.01093	0.05029	0.01272	0.00753	0.03153	0.06277	0.01095	0.02856	0.01225	0.08715	0.01157	0.01178	0.02839	0.28986	0.01600	0.00539	0.00329	0.29966

[dist]
# distance from previous block
# <min> <max>
0	11

# created by:
# /st0/software/busco_prod/Augustus/scripts/msa2prfl.pl ./align_prep/205399.fa
