[name]
unknown

[dist]
# distance from previous block
# <min> <max>
13	55

[block]
# block no. 0 follows, 32 sequences, length 6
# corresponding to MSA columns:
# 71-76
name=unknown_A
#
# <colnr> <probs for GDERKNQSTAVLIFYWHMCP>
#	G	D	E	R	K	N	Q	S	T	A	V	L	I	F	Y	W	H	M	C	P
0	0.01166	0.00806	0.00986	0.00982	0.01182	0.00755	0.00711	0.01536	0.09604	0.08109	0.06387	0.43299	0.10987	0.01623	0.00776	0.00237	0.00424	0.01438	0.00631	0.08360
1	0.05388	0.07338	0.01091	0.00942	0.01101	0.00884	0.00690	0.01332	0.06526	0.01981	0.13345	0.41386	0.08204	0.05551	0.00903	0.00262	0.00435	0.01422	0.00592	0.00628
2	0.08483	0.01150	0.01249	0.01115	0.01422	0.01230	0.00857	0.12545	0.21321	0.07603	0.10397	0.13148	0.09430	0.05945	0.00877	0.00252	0.00511	0.00981	0.00643	0.00843
3	0.01748	0.01289	0.01390	0.01266	0.04333	0.06183	0.00935	0.09515	0.17992	0.13469	0.13792	0.03201	0.10433	0.06890	0.00909	0.00241	0.00569	0.00849	0.00635	0.04361
4	0.02020	0.01424	0.01600	0.01254	0.01759	0.01418	0.01013	0.23690	0.15854	0.13368	0.02126	0.02067	0.04911	0.00786	0.00630	0.00179	0.00583	0.00626	0.00615	0.24077
5	0.01730	0.01147	0.01489	0.01265	0.04595	0.01031	0.03716	0.10154	0.01758	0.16675	0.09492	0.10499	0.05166	0.03751	0.00765	0.00200	0.00549	0.00819	0.00584	0.24615

[dist]
# distance from previous block
# <min> <max>
5	18

[block]
# block no. 1 follows, 32 sequences, length 19
# corresponding to MSA columns:
# 95-103,105-112,114,115
name=unknown_B
#
# <colnr> <probs for GDERKNQSTAVLIFYWHMCP>
#	G	D	E	R	K	N	Q	S	T	A	V	L	I	F	Y	W	H	M	C	P
0	0.05076	0.01311	0.01451	0.01115	0.01614	0.01223	0.00896	0.20707	0.03674	0.04413	0.02050	0.02125	0.09668	0.00814	0.00658	0.02848	0.00552	0.00599	0.00516	0.38688
1	0.00937	0.00694	0.00856	0.00883	0.00980	0.00702	0.00611	0.01149	0.04493	0.01669	0.06296	0.20675	0.14261	0.24197	0.18007	0.00552	0.00778	0.01204	0.00509	0.00549
2	0.02086	0.01494	0.01802	0.16929	0.02449	0.01670	0.01289	0.30314	0.16917	0.11553	0.01866	0.01938	0.01345	0.00870	0.00761	0.03773	0.00700	0.00643	0.00597	0.01003
3	0.01786	0.02070	0.07401	0.02339	0.02942	0.12038	0.42299	0.07616	0.10151	0.02315	0.01488	0.01769	0.01120	0.00648	0.00733	0.00216	0.01031	0.00704	0.00404	0.00929
4	0.01065	0.00698	0.00983	0.00985	0.01097	0.00734	0.00726	0.01229	0.01231	0.05658	0.10070	0.16335	0.02732	0.10034	0.36326	0.06930	0.01108	0.01001	0.00475	0.00582
5	0.04396	0.01383	0.02288	0.26653	0.21554	0.01511	0.08450	0.02111	0.01475	0.13909	0.01433	0.01785	0.01074	0.00717	0.00827	0.00221	0.08279	0.00621	0.00405	0.00911
6	0.01994	0.01505	0.01628	0.01386	0.01814	0.01688	0.01100	0.17815	0.49440	0.10185	0.02482	0.02289	0.01814	0.00880	0.00679	0.00220	0.00580	0.00717	0.00695	0.01087
7	0.00835	0.00598	0.00782	0.00910	0.00961	0.00558	0.00609	0.00962	0.01321	0.01767	0.08743	0.65011	0.06412	0.05909	0.00983	0.00286	0.00396	0.01794	0.00620	0.00545
8	0.01105	0.00798	0.00922	0.00897	0.01043	0.00786	0.00636	0.09396	0.01575	0.02099	0.13725	0.20620	0.15682	0.21817	0.01498	0.00347	0.00488	0.03410	0.02555	0.00601
9	0.02299	0.01768	0.01837	0.01461	0.01930	0.05587	0.01181	0.55795	0.02803	0.03720	0.01820	0.10591	0.01521	0.00946	0.00684	0.00205	0.00712	0.00746	0.00639	0.03756
10	0.01182	0.00740	0.00947	0.00987	0.01130	0.00701	0.00702	0.03589	0.04368	0.10504	0.07893	0.54112	0.06934	0.01793	0.00814	0.00255	0.00422	0.01603	0.00659	0.00665
11	0.02390	0.01644	0.01815	0.01433	0.01907	0.01778	0.01165	0.54501	0.02796	0.11240	0.01974	0.10691	0.01596	0.00965	0.00694	0.00211	0.00678	0.00770	0.00682	0.01069
12	0.01579	0.05141	0.02421	0.10459	0.02411	0.05694	0.12692	0.04699	0.01308	0.01825	0.01037	0.01536	0.00914	0.00946	0.01560	0.00257	0.43808	0.00604	0.00320	0.00789
13	0.02551	0.01879	0.02014	0.01544	0.02081	0.02081	0.01275	0.69996	0.03155	0.04229	0.01611	0.01611	0.01141	0.00805	0.00671	0.00201	0.00738	0.00604	0.00671	0.01141
14	0.00818	0.00584	0.00779	0.00934	0.00973	0.00545	0.00623	0.00934	0.01285	0.01713	0.03698	0.75981	0.04438	0.02102	0.00856	0.00273	0.00389	0.01908	0.00623	0.00545
15	0.01009	0.00737	0.00937	0.04893	0.01214	0.00753	0.00717	0.03020	0.05003	0.01750	0.02977	0.37539	0.03383	0.23686	0.01590	0.00380	0.00535	0.08763	0.00546	0.00567
16	0.01917	0.01727	0.01607	0.01412	0.01780	0.13544	0.01095	0.20074	0.32652	0.02829	0.02296	0.12120	0.01947	0.01010	0.00691	0.00218	0.00677	0.00822	0.00616	0.00964
17	0.01278	0.01207	0.02015	0.70905	0.04469	0.01521	0.01842	0.01709	0.01325	0.01709	0.01176	0.01772	0.00894	0.00698	0.00753	0.00227	0.04862	0.00596	0.00298	0.00745
18	0.00924	0.00673	0.00869	0.00845	0.00993	0.00618	0.00624	0.01207	0.01802	0.02519	0.59645	0.13697	0.10111	0.01480	0.00799	0.00219	0.00327	0.01310	0.00718	0.00618

[dist]
# distance from previous block
# <min> <max>
0	7

[block]
# block no. 2 follows, 32 sequences, length 22
# corresponding to MSA columns:
# 123-144
name=unknown_C
#
# <colnr> <probs for GDERKNQSTAVLIFYWHMCP>
#	G	D	E	R	K	N	Q	S	T	A	V	L	I	F	Y	W	H	M	C	P
0	0.02945	0.01247	0.01622	0.01244	0.01765	0.01143	0.01028	0.12813	0.02097	0.62906	0.02499	0.02188	0.01587	0.00827	0.00674	0.00207	0.00595	0.00665	0.00808	0.01142
1	0.02439	0.02638	0.01788	0.01581	0.01949	0.52976	0.01206	0.07303	0.04028	0.10451	0.06143	0.01663	0.01386	0.00769	0.00633	0.00183	0.01020	0.00536	0.00463	0.00845
2	0.01340	0.00792	0.01015	0.01035	0.01206	0.00762	0.00744	0.01693	0.09583	0.15517	0.03382	0.53169	0.03623	0.01717	0.00801	0.00255	0.00441	0.01535	0.00670	0.00721
3	0.01267	0.01193	0.02013	0.74806	0.04621	0.01491	0.01863	0.01714	0.01342	0.01714	0.01193	0.01789	0.00894	0.00671	0.00671	0.00224	0.00894	0.00596	0.00298	0.00745
4	0.02522	0.01522	0.12466	0.01347	0.01915	0.01129	0.03397	0.06628	0.01900	0.50317	0.07836	0.02316	0.01860	0.00834	0.00682	0.00209	0.00642	0.00690	0.00715	0.01071
5	0.02637	0.06636	0.01886	0.01354	0.01876	0.01622	0.01128	0.32200	0.07106	0.33362	0.02086	0.01924	0.01407	0.00808	0.00657	0.00202	0.00651	0.00628	0.00714	0.01117
6	0.01359	0.01242	0.02013	0.69581	0.04440	0.01533	0.01822	0.06584	0.01471	0.01894	0.01222	0.01776	0.00912	0.00680	0.00671	0.00222	0.00883	0.00597	0.00325	0.00774
7	0.77141	0.05120	0.01114	0.00896	0.01319	0.01563	0.00748	0.01974	0.01153	0.02938	0.00934	0.01089	0.00733	0.00620	0.00416	0.00204	0.00529	0.00363	0.00409	0.00733
8	0.01794	0.76823	0.03516	0.01148	0.01722	0.02655	0.01148	0.02009	0.01363	0.01579	0.00933	0.01076	0.00861	0.00574	0.00431	0.00144	0.00718	0.00359	0.00287	0.00861
9	0.01796	0.03743	0.01352	0.01110	0.01407	0.01030	0.00883	0.06719	0.01670	0.26343	0.07849	0.15599	0.11238	0.01671	0.08829	0.00320	0.05966	0.01001	0.00641	0.00832
10	0.02339	0.10079	0.05199	0.01296	0.03571	0.01314	0.01085	0.12250	0.01928	0.37989	0.05037	0.08618	0.04418	0.00944	0.00668	0.00206	0.00605	0.00771	0.00676	0.01008
11	0.66461	0.01268	0.01094	0.00941	0.01376	0.01408	0.00775	0.02216	0.01288	0.16117	0.01256	0.01315	0.00902	0.00662	0.00464	0.00208	0.00529	0.00422	0.00493	0.00805
12	0.02819	0.01449	0.01747	0.01340	0.01866	0.01442	0.01107	0.31046	0.02434	0.44197	0.02216	0.02004	0.01445	0.00820	0.00673	0.00205	0.00641	0.00645	0.00764	0.01142
13	0.02201	0.12121	0.09338	0.03286	0.04898	0.13514	0.01324	0.16573	0.03835	0.17811	0.03836	0.03636	0.01457	0.00808	0.00639	0.00197	0.00780	0.02237	0.00537	0.00971
14	0.01260	0.01149	0.01931	0.69533	0.04354	0.01426	0.01772	0.01654	0.01308	0.01675	0.01191	0.01807	0.00914	0.00789	0.00810	0.05947	0.00872	0.00595	0.00298	0.00713
15	0.02541	0.01038	0.01407	0.01114	0.01551	0.00906	0.00906	0.02813	0.01916	0.56733	0.18435	0.02906	0.02726	0.00954	0.00701	0.00208	0.00513	0.00798	0.00810	0.01026
16	0.01325	0.01263	0.02169	0.63918	0.12335	0.01511	0.04509	0.01771	0.01372	0.01786	0.01207	0.01775	0.00919	0.00658	0.00675	0.00221	0.00892	0.00604	0.00304	0.00788
17	0.04770	0.01465	0.01694	0.19208	0.05949	0.09543	0.01270	0.16166	0.01868	0.13869	0.01963	0.15634	0.01734	0.00990	0.00689	0.00218	0.00732	0.00829	0.00535	0.00874
18	0.00855	0.00695	0.00760	0.00783	0.00987	0.00607	0.00608	0.01051	0.01537	0.01880	0.09799	0.06499	0.54944	0.03896	0.00892	0.00252	0.00394	0.12366	0.00622	0.00574
19	0.03010	0.01142	0.01557	0.01194	0.01713	0.00986	0.00986	0.03270	0.01920	0.72698	0.02647	0.02284	0.01661	0.00830	0.00675	0.00208	0.00571	0.00675	0.00830	0.01142
20	0.01905	0.19101	0.15382	0.05512	0.04517	0.04829	0.06900	0.16515	0.01864	0.09460	0.01771	0.01871	0.06000	0.00749	0.00626	0.00195	0.00797	0.00599	0.00454	0.00952
21	0.01486	0.01697	0.11918	0.07538	0.40196	0.01523	0.01852	0.01950	0.04345	0.02073	0.01542	0.08031	0.01409	0.00844	0.00846	0.00223	0.08557	0.02661	0.00367	0.00943

[dist]
# distance from previous block
# <min> <max>
2	11

[block]
# block no. 3 follows, 32 sequences, length 15
# corresponding to MSA columns:
# 162-176
name=unknown_D
#
# <colnr> <probs for GDERKNQSTAVLIFYWHMCP>
#	G	D	E	R	K	N	Q	S	T	A	V	L	I	F	Y	W	H	M	C	P
0	0.09688	0.00937	0.01101	0.01025	0.01203	0.00991	0.00755	0.15476	0.01503	0.02156	0.02052	0.17721	0.05126	0.01837	0.03646	0.32242	0.00593	0.00888	0.00471	0.00590
1	0.26854	0.01283	0.01572	0.17458	0.10070	0.01402	0.01198	0.09379	0.01587	0.08319	0.06629	0.04325	0.01480	0.00767	0.00595	0.00206	0.00640	0.00610	0.00472	0.05152
2	0.32837	0.01076	0.01132	0.09018	0.01581	0.01189	0.00832	0.06750	0.01433	0.05366	0.11514	0.07549	0.02127	0.11911	0.01044	0.02147	0.00562	0.00742	0.00495	0.00694
3	0.01935	0.00913	0.01226	0.01109	0.01430	0.00821	0.00907	0.02186	0.01710	0.35620	0.06980	0.12713	0.09341	0.01356	0.00779	0.00244	0.00528	0.18620	0.00726	0.00855
4	0.11621	0.00680	0.00877	0.00870	0.00926	0.00706	0.00594	0.01026	0.00931	0.01436	0.01287	0.04979	0.01307	0.06107	0.02306	0.62457	0.00570	0.00628	0.00327	0.00365
5	0.08435	0.01872	0.01836	0.01464	0.01956	0.09916	0.01189	0.45070	0.08249	0.10783	0.01693	0.01669	0.01206	0.00790	0.00646	0.00201	0.00741	0.00587	0.00633	0.01063
6	0.01240	0.00742	0.00997	0.00991	0.01171	0.00688	0.00766	0.01495	0.01678	0.12482	0.31497	0.23347	0.04703	0.01571	0.00817	0.00245	0.00429	0.13761	0.00700	0.00682
7	0.61369	0.01343	0.01183	0.01001	0.01445	0.01501	0.00826	0.10007	0.01481	0.12702	0.01247	0.01314	0.00903	0.00672	0.00480	0.00207	0.00551	0.00434	0.00502	0.00831
8	0.01171	0.00674	0.01031	0.11544	0.01408	0.00717	0.00759	0.01001	0.00947	0.01252	0.01217	0.02120	0.01190	0.05778	0.02380	0.64916	0.00631	0.00604	0.00298	0.00363
9	0.01794	0.76823	0.03516	0.01148	0.01722	0.02655	0.01148	0.02009	0.01363	0.01579	0.00933	0.01076	0.00861	0.00574	0.00431	0.00144	0.00718	0.00359	0.00287	0.00861
10	0.00960	0.00714	0.01054	0.01054	0.01166	0.00826	0.00808	0.01183	0.01071	0.01540	0.01819	0.02759	0.01731	0.10029	0.68837	0.01048	0.01717	0.00737	0.00363	0.00586
11	0.01522	0.00800	0.01056	0.01010	0.01244	0.00721	0.00779	0.01741	0.01625	0.23065	0.13902	0.27392	0.10901	0.01540	0.00795	0.00244	0.00456	0.09757	0.00701	0.00748
12	0.01397	0.01216	0.02009	0.30261	0.21268	0.01343	0.05087	0.01793	0.06961	0.01830	0.01338	0.01870	0.01099	0.01031	0.01106	0.17888	0.00783	0.00617	0.00339	0.00763
13	0.02343	0.02926	0.01926	0.01734	0.02025	0.62444	0.01323	0.02512	0.01764	0.01638	0.01013	0.01251	0.00867	0.00767	0.00856	0.00192	0.12855	0.00457	0.00338	0.00771
14	0.00980	0.00712	0.01045	0.01045	0.01167	0.00823	0.00811	0.01225	0.01103	0.01628	0.01826	0.02626	0.01681	0.04716	0.68305	0.01010	0.01687	0.00712	0.06298	0.00601

[dist]
# distance from previous block
# <min> <max>
6	14

[block]
# block no. 4 follows, 32 sequences, length 6
# corresponding to MSA columns:
# 192-197
name=unknown_E
#
# <colnr> <probs for GDERKNQSTAVLIFYWHMCP>
#	G	D	E	R	K	N	Q	S	T	A	V	L	I	F	Y	W	H	M	C	P
0	0.22720	0.01089	0.01163	0.01036	0.01330	0.01196	0.00812	0.10302	0.06639	0.02509	0.06277	0.02248	0.01684	0.06677	0.19858	0.02946	0.00866	0.00632	0.04210	0.05806
1	0.10986	0.01175	0.01504	0.08200	0.01858	0.01240	0.05304	0.16555	0.01765	0.10396	0.02225	0.15483	0.02137	0.09569	0.01017	0.00281	0.00650	0.08300	0.00559	0.00797
2	0.10556	0.22530	0.31949	0.01519	0.02242	0.01952	0.01684	0.15900	0.01726	0.02505	0.01185	0.01329	0.00899	0.00653	0.00564	0.00191	0.00814	0.00467	0.00378	0.00958
3	0.01248	0.00724	0.00902	0.00925	0.01109	0.00674	0.00718	0.01481	0.01515	0.11201	0.07083	0.22943	0.13874	0.01518	0.00756	0.00238	0.00434	0.15147	0.16850	0.00662
4	0.01806	0.04026	0.01395	0.01118	0.01382	0.01157	0.00862	0.14397	0.01629	0.18660	0.01932	0.02673	0.01675	0.21335	0.14285	0.05840	0.03800	0.00726	0.00530	0.00772
5	0.45273	0.01481	0.06085	0.06743	0.01980	0.01487	0.08637	0.02274	0.07861	0.10401	0.01374	0.01506	0.01006	0.00671	0.00544	0.00213	0.00652	0.00508	0.00460	0.00842

[dist]
# distance from previous block
# <min> <max>
0	3

[block]
# block no. 5 follows, 32 sequences, length 33
# corresponding to MSA columns:
# 201-233
name=unknown_F
#
# <colnr> <probs for GDERKNQSTAVLIFYWHMCP>
#	G	D	E	R	K	N	Q	S	T	A	V	L	I	F	Y	W	H	M	C	P
0	0.01919	0.36027	0.21719	0.01407	0.02053	0.01985	0.01496	0.04554	0.01529	0.15651	0.01360	0.01441	0.01024	0.00679	0.00631	0.00184	0.04506	0.00477	0.00405	0.00954
1	0.01378	0.00786	0.01039	0.01065	0.01244	0.00746	0.00808	0.01652	0.05083	0.16588	0.03343	0.40238	0.03546	0.04381	0.00915	0.00278	0.00491	0.15053	0.00660	0.00706
2	0.02463	0.02642	0.08289	0.01640	0.02117	0.39373	0.01367	0.22399	0.02227	0.09166	0.01373	0.01448	0.01019	0.00733	0.00634	0.00188	0.00992	0.00511	0.00481	0.00938
3	0.01363	0.06549	0.49583	0.18555	0.03269	0.01605	0.05869	0.02027	0.01406	0.02005	0.01196	0.01505	0.00870	0.00638	0.00643	0.00212	0.00963	0.00528	0.00290	0.00924
4	0.00812	0.00605	0.00757	0.00878	0.00958	0.00550	0.00598	0.00941	0.01339	0.01735	0.04388	0.60496	0.19478	0.02012	0.00842	0.00262	0.00378	0.01798	0.00623	0.00550
5	0.05462	0.00844	0.01018	0.01056	0.01238	0.00848	0.00804	0.04935	0.07751	0.06518	0.03510	0.38080	0.08928	0.01690	0.00805	0.00261	0.00479	0.14455	0.00632	0.00685
6	0.09199	0.01441	0.05549	0.36368	0.05761	0.01509	0.01544	0.13467	0.01739	0.14801	0.01498	0.01758	0.01059	0.00713	0.00646	0.00214	0.00778	0.00585	0.00466	0.00904
7	0.16893	0.00945	0.01105	0.00973	0.01278	0.00906	0.00753	0.01944	0.01491	0.24589	0.08985	0.11213	0.07534	0.05584	0.00999	0.07422	0.00504	0.02663	0.00610	0.03609
8	0.01247	0.00711	0.00938	0.00942	0.01088	0.00652	0.00670	0.01422	0.01504	0.14398	0.18332	0.40986	0.04184	0.08399	0.01040	0.00282	0.00429	0.01454	0.00665	0.00657
9	0.18328	0.01589	0.01608	0.01303	0.01777	0.06437	0.01059	0.24614	0.11132	0.22689	0.01870	0.01783	0.01302	0.00782	0.00618	0.00206	0.00653	0.00584	0.00644	0.01023
10	0.01449	0.15680	0.53125	0.01890	0.02775	0.01760	0.10137	0.02108	0.01427	0.02035	0.01176	0.01405	0.00872	0.00618	0.00621	0.00202	0.00962	0.00507	0.00291	0.00959
11	0.01310	0.00728	0.00938	0.00914	0.01057	0.00675	0.00637	0.01458	0.01431	0.15579	0.14915	0.29897	0.03685	0.21881	0.01504	0.00352	0.00483	0.01294	0.00625	0.00639
12	0.04784	0.01805	0.01769	0.01459	0.01916	0.09578	0.01168	0.33475	0.26033	0.07960	0.01978	0.01900	0.01442	0.00825	0.00660	0.00208	0.00700	0.00635	0.00642	0.01062
13	0.08702	0.01388	0.02140	0.47685	0.03768	0.01615	0.09330	0.13297	0.01657	0.02304	0.01259	0.01698	0.00935	0.00677	0.00662	0.00219	0.00861	0.00599	0.00376	0.00828
14	0.01607	0.00981	0.01292	0.01337	0.07665	0.00953	0.00925	0.05577	0.07923	0.18580	0.12198	0.22484	0.06767	0.03655	0.00843	0.00246	0.00508	0.04976	0.00661	0.00821
15	0.17655	0.06911	0.27749	0.07699	0.06817	0.05510	0.04010	0.07738	0.01526	0.02368	0.01288	0.01516	0.02564	0.00689	0.00647	0.00208	0.03336	0.00516	0.00361	0.00894
16	0.02471	0.01840	0.01969	0.01528	0.02051	0.02044	0.01256	0.64024	0.09256	0.04101	0.01712	0.01691	0.01223	0.00815	0.00672	0.00204	0.00720	0.00618	0.00672	0.01134
17	0.02004	0.34593	0.10455	0.01461	0.02051	0.11920	0.07437	0.02319	0.01558	0.13626	0.01318	0.01419	0.01016	0.00635	0.00555	0.00171	0.00815	0.00478	0.00397	0.05771
18	0.06034	0.01201	0.01537	0.09249	0.04510	0.01235	0.01114	0.12558	0.07961	0.26090	0.06131	0.09309	0.02164	0.01032	0.00706	0.00225	0.00607	0.06742	0.00655	0.00940
19	0.01557	0.33883	0.37703	0.01717	0.04583	0.02025	0.05955	0.02076	0.01408	0.01901	0.01102	0.01306	0.00871	0.00606	0.00561	0.00184	0.00880	0.00460	0.00290	0.00934
20	0.01616	0.01283	0.02088	0.46182	0.19088	0.01448	0.01755	0.02075	0.03833	0.11952	0.01467	0.01855	0.01080	0.00686	0.00670	0.00216	0.00815	0.00613	0.00394	0.00883
21	0.02387	0.01129	0.01452	0.01147	0.01596	0.01021	0.00928	0.10009	0.01973	0.44523	0.13107	0.06253	0.02402	0.00945	0.00685	0.00201	0.00534	0.00787	0.00750	0.08170
22	0.02153	0.01593	0.02265	0.07849	0.05438	0.06173	0.16748	0.19231	0.02084	0.19893	0.08038	0.02117	0.01665	0.00781	0.00706	0.00209	0.00794	0.00707	0.00575	0.00983
23	0.01382	0.00797	0.01059	0.00987	0.01077	0.00829	0.00699	0.12310	0.01266	0.01692	0.01329	0.04588	0.01277	0.02071	0.02237	0.64358	0.00602	0.00633	0.00366	0.00441
24	0.01038	0.00705	0.00911	0.00938	0.01094	0.00655	0.00721	0.01278	0.01616	0.05815	0.28449	0.19959	0.13999	0.04322	0.00922	0.00262	0.00424	0.15604	0.00666	0.00621
25	0.07112	0.01447	0.01724	0.15889	0.04086	0.09085	0.03321	0.10882	0.01821	0.26375	0.01990	0.09952	0.01570	0.00893	0.00673	0.00214	0.00724	0.00742	0.00577	0.00924
26	0.05949	0.01240	0.01986	0.59109	0.04035	0.01518	0.03886	0.01851	0.03487	0.04428	0.01266	0.01771	0.00952	0.00707	0.00749	0.00226	0.05133	0.00597	0.00337	0.00773
27	0.02355	0.02799	0.01933	0.05917	0.02196	0.55993	0.01341	0.09798	0.01933	0.01923	0.01095	0.01308	0.00897	0.00742	0.00746	0.00189	0.07176	0.00473	0.00374	0.00812
28	0.00950	0.00711	0.01061	0.01070	0.01185	0.00822	0.00826	0.01183	0.01090	0.01567	0.01907	0.06857	0.01836	0.04864	0.69565	0.01032	0.01716	0.00787	0.00375	0.00596
29	0.28885	0.03699	0.17239	0.09641	0.06891	0.01542	0.03915	0.09589	0.01529	0.02605	0.03323	0.05783	0.01229	0.00754	0.00588	0.00212	0.00721	0.00590	0.00412	0.00853
30	0.01972	0.15350	0.02337	0.16382	0.11976	0.27041	0.01492	0.08257	0.01712	0.01950	0.01123	0.01411	0.00922	0.00689	0.00684	0.00190	0.04807	0.00498	0.00351	0.00855
31	0.01451	0.00781	0.01010	0.00940	0.01173	0.00694	0.00708	0.01673	0.01675	0.21382	0.23792	0.24527	0.14552	0.01480	0.00778	0.00230	0.00410	0.01293	0.00713	0.00737
32	0.00943	0.00704	0.00965	0.11906	0.01465	0.00727	0.00763	0.01093	0.01247	0.01659	0.06424	0.39291	0.03436	0.22445	0.01537	0.00368	0.00540	0.03423	0.00520	0.00543

[dist]
# distance from previous block
# <min> <max>
0	127

[block]
# block no. 6 follows, 32 sequences, length 17
# corresponding to MSA columns:
# 361-377
name=unknown_G
#
# <colnr> <probs for GDERKNQSTAVLIFYWHMCP>
#	G	D	E	R	K	N	Q	S	T	A	V	L	I	F	Y	W	H	M	C	P
0	0.07002	0.16114	0.05288	0.35600	0.03100	0.01626	0.01479	0.02167	0.03243	0.16065	0.01457	0.01704	0.01058	0.00685	0.00607	0.00203	0.00765	0.00550	0.00420	0.00865
1	0.01494	0.00827	0.01085	0.04204	0.01340	0.00752	0.00763	0.01766	0.01787	0.21589	0.35415	0.08074	0.15636	0.01285	0.00758	0.00216	0.00419	0.01109	0.00719	0.00761
2	0.05747	0.01483	0.01676	0.01319	0.01783	0.01557	0.01066	0.36166	0.06267	0.24810	0.02013	0.02121	0.01463	0.08296	0.00934	0.00249	0.00658	0.00661	0.00684	0.01047
3	0.10423	0.05600	0.02330	0.02980	0.44182	0.08338	0.01647	0.02299	0.05979	0.07899	0.01394	0.01630	0.01108	0.00647	0.00622	0.00197	0.00766	0.00561	0.00402	0.00996
4	0.02092	0.01702	0.02329	0.09112	0.04964	0.01830	0.14458	0.43275	0.02493	0.03343	0.01647	0.06598	0.01309	0.00825	0.00706	0.00213	0.00808	0.00726	0.00556	0.01014
5	0.00964	0.00637	0.00829	0.00924	0.01009	0.00590	0.00636	0.01102	0.01358	0.05697	0.07668	0.56684	0.08415	0.06857	0.01010	0.00289	0.00416	0.03713	0.00627	0.00578
6	0.00984	0.00687	0.00831	0.00886	0.00937	0.00678	0.00571	0.04955	0.01265	0.01688	0.02920	0.41978	0.03418	0.32850	0.01907	0.00425	0.00518	0.01446	0.00536	0.00522
7	0.19139	0.01898	0.01915	0.16226	0.12352	0.21209	0.03649	0.07006	0.01615	0.04001	0.01162	0.01448	0.00914	0.00688	0.00669	0.00204	0.04176	0.00510	0.00382	0.00838
8	0.18027	0.01399	0.01833	0.46080	0.07312	0.05552	0.01563	0.06925	0.01477	0.02193	0.01165	0.01592	0.00886	0.00668	0.00614	0.00214	0.00817	0.00540	0.00355	0.00790
9	0.00842	0.00594	0.00771	0.00903	0.00936	0.00561	0.00590	0.00941	0.01237	0.01649	0.03454	0.64961	0.04130	0.13542	0.01250	0.00331	0.00429	0.01764	0.00590	0.00524
10	0.00928	0.00717	0.00992	0.11240	0.01524	0.00739	0.00820	0.01190	0.05187	0.01774	0.03295	0.61552	0.03811	0.01836	0.00821	0.00263	0.00468	0.01661	0.00581	0.00602
11	0.01588	0.06389	0.02239	0.20631	0.24297	0.01573	0.04854	0.12223	0.03803	0.02330	0.04502	0.09384	0.01609	0.00839	0.00683	0.00212	0.00754	0.00756	0.00430	0.00904
12	0.04370	0.00878	0.01128	0.05827	0.01448	0.00849	0.00826	0.01821	0.05393	0.16589	0.36106	0.04283	0.11219	0.01229	0.00749	0.00220	0.00446	0.05165	0.00694	0.00761
13	0.00976	0.00651	0.00732	0.00732	0.00732	0.00651	0.00407	0.00976	0.00976	0.01301	0.02114	0.04391	0.02439	0.76419	0.03415	0.00651	0.00651	0.00976	0.00407	0.00407
14	0.07319	0.05654	0.01942	0.17646	0.06588	0.01742	0.01355	0.26120	0.06558	0.05229	0.01499	0.01750	0.01148	0.01130	0.07008	0.00286	0.05013	0.00593	0.00489	0.00931
15	0.01477	0.01962	0.17488	0.17015	0.16498	0.01639	0.23701	0.01995	0.01443	0.02021	0.01234	0.01667	0.00956	0.00660	0.00832	0.00224	0.07331	0.00637	0.00314	0.00907
16	0.02191	0.05966	0.04936	0.01834	0.06190	0.01837	0.13056	0.38694	0.02415	0.07893	0.01532	0.01639	0.01113	0.00712	0.00664	0.00195	0.00787	0.00607	0.00550	0.07188

[dist]
# distance from previous block
# <min> <max>
0	1

[block]
# block no. 7 follows, 32 sequences, length 14
# corresponding to MSA columns:
# 379-392
name=unknown_H
#
# <colnr> <probs for GDERKNQSTAVLIFYWHMCP>
#	G	D	E	R	K	N	Q	S	T	A	V	L	I	F	Y	W	H	M	C	P
0	0.81159	0.01298	0.00986	0.00882	0.01298	0.01505	0.00727	0.01972	0.01142	0.03010	0.00934	0.01090	0.00727	0.00623	0.00415	0.00208	0.00519	0.00363	0.00415	0.00727
1	0.01950	0.01157	0.01427	0.01074	0.01606	0.00950	0.00866	0.02315	0.05050	0.27122	0.05964	0.01975	0.01597	0.00687	0.00586	0.00151	0.00514	0.00561	0.00585	0.43862
2	0.00833	0.00604	0.00778	0.00896	0.00960	0.00559	0.00605	0.00967	0.01345	0.01787	0.09696	0.60957	0.10286	0.05165	0.00954	0.00279	0.00390	0.01767	0.00624	0.00548
3	0.01367	0.01306	0.02247	0.56216	0.19713	0.01522	0.04519	0.01808	0.01393	0.01838	0.01215	0.01761	0.00937	0.00650	0.00674	0.00218	0.00882	0.00604	0.00307	0.00823
4	0.01480	0.07376	0.60142	0.01894	0.02794	0.07793	0.05177	0.02167	0.01462	0.02055	0.01182	0.01397	0.00859	0.00636	0.00630	0.00206	0.01001	0.00496	0.00291	0.00963
5	0.01229	0.00734	0.00941	0.00915	0.01092	0.00684	0.00696	0.01477	0.01636	0.10981	0.30428	0.13001	0.07572	0.08449	0.01021	0.00268	0.00430	0.10315	0.07472	0.00659
6	0.01071	0.00735	0.00939	0.00914	0.01085	0.00696	0.00699	0.01378	0.04998	0.04896	0.40934	0.07599	0.13149	0.01543	0.00972	0.07745	0.00402	0.08954	0.00665	0.00627
7	0.01264	0.02358	0.40930	0.01906	0.09900	0.01298	0.03849	0.01854	0.03437	0.02055	0.01953	0.18154	0.01887	0.01036	0.00712	0.00231	0.00806	0.05095	0.00397	0.00878
8	0.01861	0.11056	0.01660	0.01229	0.01616	0.01394	0.01023	0.02731	0.27503	0.19933	0.05038	0.03387	0.04834	0.01058	0.00699	0.00225	0.00567	0.12586	0.00656	0.00945
9	0.00892	0.00654	0.00827	0.00863	0.00982	0.00603	0.00620	0.01103	0.01574	0.02132	0.32982	0.28607	0.14550	0.06121	0.00975	0.00264	0.00378	0.04634	0.00659	0.00581
10	0.01575	0.01820	0.06157	0.05358	0.12513	0.01672	0.56311	0.02122	0.01562	0.02140	0.01334	0.01776	0.01014	0.00576	0.00766	0.00222	0.01075	0.00750	0.00335	0.00923
11	0.01740	0.01350	0.01986	0.19697	0.27302	0.04887	0.01528	0.04476	0.01534	0.12423	0.01676	0.02014	0.04142	0.00936	0.00926	0.10708	0.00757	0.00634	0.00418	0.00866
12	0.01346	0.03471	0.72942	0.01912	0.02904	0.01558	0.02479	0.02125	0.01417	0.02125	0.01204	0.01417	0.00850	0.00637	0.00637	0.00212	0.00992	0.00496	0.00283	0.00992
13	0.00948	0.00689	0.00878	0.00851	0.01001	0.00640	0.00638	0.01224	0.01758	0.02438	0.54552	0.05294	0.11793	0.07856	0.01027	0.00258	0.00371	0.06490	0.00690	0.00606

[dist]
# distance from previous block
# <min> <max>
0	1

[block]
# block no. 8 follows, 32 sequences, length 38
# corresponding to MSA columns:
# 394-400,402-432
name=unknown_I
#
# <colnr> <probs for GDERKNQSTAVLIFYWHMCP>
#	G	D	E	R	K	N	Q	S	T	A	V	L	I	F	Y	W	H	M	C	P
0	0.01579	0.26293	0.45263	0.01667	0.02493	0.01878	0.04222	0.02148	0.01431	0.05537	0.01197	0.01367	0.00900	0.00625	0.00580	0.00191	0.00889	0.00472	0.00314	0.00955
1	0.81159	0.01298	0.00986	0.00882	0.01298	0.01505	0.00727	0.01972	0.01142	0.03010	0.00934	0.01090	0.00727	0.00623	0.00415	0.00208	0.00519	0.00363	0.00415	0.00727
2	0.14732	0.24973	0.37808	0.03998	0.02342	0.01875	0.01769	0.02051	0.01353	0.02095	0.01078	0.01273	0.00834	0.00617	0.00540	0.00191	0.00828	0.00436	0.00307	0.00900
3	0.00910	0.00652	0.00840	0.00959	0.01022	0.00626	0.00650	0.04442	0.01371	0.01829	0.03547	0.70141	0.04213	0.04180	0.00921	0.00280	0.00415	0.01814	0.00619	0.00571
4	0.00818	0.00584	0.00779	0.00934	0.00973	0.00545	0.00623	0.00934	0.01285	0.01713	0.03698	0.75981	0.04438	0.02102	0.00856	0.00273	0.00389	0.01908	0.00623	0.00545
5	0.01495	0.01451	0.02530	0.31672	0.38361	0.01573	0.07526	0.01921	0.01447	0.01987	0.01233	0.01719	0.00989	0.00638	0.00715	0.00213	0.02680	0.00613	0.00318	0.00917
6	0.01794	0.76823	0.03516	0.01148	0.01722	0.02655	0.01148	0.02009	0.01363	0.01579	0.00933	0.01076	0.00861	0.00574	0.00431	0.00144	0.00718	0.00359	0.00287	0.00861
7	0.01303	0.00730	0.00776	0.00737	0.00915	0.00747	0.00559	0.06644	0.01545	0.02560	0.07304	0.02688	0.02040	0.03432	0.04322	0.00226	0.00431	0.00683	0.61704	0.00656
8	0.00846	0.00604	0.00811	0.00967	0.01018	0.00569	0.00672	0.00983	0.01312	0.01744	0.03683	0.68659	0.04376	0.02076	0.00864	0.00276	0.00414	0.08951	0.00622	0.00553
9	0.01358	0.03187	0.63185	0.07432	0.05272	0.01559	0.04601	0.02093	0.01420	0.02097	0.01210	0.01465	0.00866	0.00636	0.00646	0.00213	0.00983	0.00516	0.00288	0.00973
10	0.00871	0.00635	0.00820	0.00875	0.00980	0.00584	0.00618	0.01077	0.01564	0.02134	0.32701	0.40187	0.10944	0.01760	0.00824	0.00243	0.00354	0.01573	0.00672	0.00584
11	0.70509	0.01307	0.01060	0.00931	0.01341	0.01499	0.00763	0.07162	0.01340	0.03086	0.05060	0.01355	0.01080	0.00680	0.00457	0.00207	0.00524	0.00431	0.00453	0.00753
12	0.05733	0.01414	0.01619	0.01308	0.01777	0.01461	0.01072	0.25866	0.13122	0.22942	0.03702	0.02435	0.01724	0.00891	0.00672	0.00208	0.00612	0.05796	0.00684	0.06961
13	0.04225	0.02280	0.02106	0.04348	0.10758	0.35181	0.08923	0.05859	0.09681	0.03641	0.05425	0.01755	0.01382	0.00736	0.00654	0.00195	0.00957	0.00591	0.00431	0.00874
14	0.01794	0.76823	0.03516	0.01148	0.01722	0.02655	0.01148	0.02009	0.01363	0.01579	0.00933	0.01076	0.00861	0.00574	0.00431	0.00144	0.00718	0.00359	0.00287	0.00861
15	0.00853	0.00604	0.00785	0.00897	0.00944	0.00569	0.00595	0.00975	0.01308	0.01761	0.10744	0.58747	0.04369	0.12070	0.01195	0.00317	0.00417	0.01708	0.00606	0.00536
16	0.01640	0.02134	0.18206	0.05432	0.45076	0.07136	0.06519	0.02117	0.01530	0.02118	0.01236	0.01586	0.00993	0.00614	0.00662	0.00203	0.00896	0.00575	0.00322	0.01006
17	0.52789	0.01341	0.01225	0.01032	0.01460	0.01490	0.00846	0.14355	0.01644	0.10457	0.06563	0.01603	0.01320	0.00734	0.00517	0.00207	0.00549	0.00503	0.00529	0.00838
18	0.00833	0.00604	0.00787	0.00904	0.00972	0.00558	0.00616	0.00980	0.01383	0.01849	0.12875	0.61500	0.09706	0.01976	0.00843	0.00261	0.00376	0.01780	0.00638	0.00558
19	0.00843	0.00644	0.00774	0.00820	0.00957	0.00576	0.00585	0.01031	0.01531	0.02002	0.22509	0.32814	0.28953	0.01769	0.00817	0.00240	0.00353	0.01552	0.00653	0.00576
20	0.01397	0.01409	0.02666	0.17324	0.08402	0.01424	0.31686	0.01947	0.05755	0.02149	0.10293	0.02714	0.04171	0.00821	0.00758	0.00227	0.00865	0.04733	0.00425	0.00833
21	0.00837	0.00680	0.00746	0.00762	0.00960	0.00589	0.00577	0.01032	0.01560	0.01935	0.14896	0.11695	0.53056	0.01699	0.00808	0.00234	0.00361	0.06356	0.00638	0.00577
22	0.07878	0.01014	0.01204	0.01056	0.01346	0.01002	0.00814	0.12019	0.01783	0.20789	0.12186	0.14497	0.05136	0.11537	0.01091	0.00284	0.00535	0.04374	0.00654	0.00801
23	0.01531	0.01451	0.02458	0.15783	0.55495	0.01498	0.01918	0.01917	0.01478	0.02076	0.01433	0.07264	0.01288	0.00723	0.00680	0.00209	0.00783	0.00696	0.00348	0.00970
24	0.01700	0.63467	0.10539	0.01207	0.01781	0.02385	0.01244	0.01936	0.01332	0.01604	0.00979	0.01184	0.00883	0.00713	0.00617	0.06184	0.00736	0.00390	0.00287	0.00832
25	0.01089	0.06411	0.01099	0.00997	0.01169	0.00795	0.00782	0.01292	0.01474	0.05940	0.08915	0.33535	0.13877	0.01739	0.00818	0.00257	0.00469	0.18094	0.00617	0.00631
26	0.06701	0.01048	0.01250	0.01080	0.01387	0.01039	0.00839	0.11943	0.03782	0.23469	0.09622	0.08779	0.04250	0.15221	0.01220	0.00304	0.00564	0.06024	0.00652	0.00826
27	0.06704	0.01118	0.01428	0.01245	0.01523	0.01151	0.05967	0.20256	0.01830	0.07137	0.04062	0.31404	0.02605	0.03262	0.00954	0.06273	0.00580	0.01147	0.00588	0.00766
28	0.08922	0.01724	0.02794	0.07855	0.13303	0.07062	0.29578	0.06054	0.01611	0.06786	0.01330	0.01669	0.01016	0.00671	0.00810	0.00219	0.06650	0.00649	0.00390	0.00907
29	0.01317	0.00883	0.01139	0.01053	0.01240	0.00946	0.00800	0.10968	0.01459	0.06540	0.04000	0.05486	0.07092	0.12385	0.34898	0.06696	0.01141	0.00826	0.00473	0.00660
30	0.04186	0.01185	0.01372	0.05885	0.01614	0.01299	0.00921	0.21705	0.10030	0.06054	0.01874	0.02654	0.01662	0.22801	0.07540	0.06435	0.00758	0.00732	0.00519	0.00776
31	0.02287	0.01687	0.01914	0.13575	0.02409	0.05899	0.01324	0.38286	0.04502	0.12936	0.01638	0.01724	0.01167	0.00794	0.00741	0.00207	0.04535	0.00601	0.00587	0.03187
32	0.07977	0.04039	0.01690	0.01339	0.01741	0.01679	0.01089	0.25273	0.20996	0.09983	0.09489	0.02219	0.01940	0.00904	0.00778	0.00216	0.06328	0.00691	0.00636	0.00993
33	0.03700	0.05988	0.05527	0.01441	0.01930	0.03829	0.05389	0.31153	0.07878	0.10356	0.06997	0.02118	0.01677	0.05369	0.00826	0.00227	0.00705	0.00667	0.00591	0.03631
34	0.06555	0.10074	0.11619	0.08104	0.02397	0.05442	0.08354	0.22103	0.03667	0.02683	0.01386	0.01701	0.01089	0.00728	0.00675	0.00199	0.03050	0.02665	0.00446	0.07062
35	0.06326	0.01782	0.01962	0.18944	0.04325	0.16943	0.04518	0.08834	0.07093	0.02114	0.01283	0.01638	0.01038	0.01001	0.04349	0.00263	0.15802	0.00575	0.00387	0.00822
36	0.07782	0.01761	0.06096	0.10355	0.02362	0.09074	0.09038	0.15668	0.03509	0.07710	0.01549	0.01846	0.03154	0.03332	0.01014	0.00238	0.13558	0.00625	0.00452	0.00878
37	0.01938	0.07077	0.17969	0.04147	0.02404	0.07135	0.10416	0.22416	0.06093	0.06944	0.01634	0.05897	0.01287	0.00791	0.00670	0.00208	0.00843	0.00663	0.00487	0.00980

[dist]
# distance from previous block
# <min> <max>
0	11

# created by:
# /st0/software/busco_prod/Augustus/scripts/msa2prfl.pl ./align_prep/205878.fa
