[name]
unknown

[dist]
# distance from previous block
# <min> <max>
0	93

[block]
# block no. 0 follows, 45 sequences, length 17
# corresponding to MSA columns:
# 98-114
name=unknown_A
#
# <colnr> <probs for GDERKNQSTAVLIFYWHMCP>
#	G	D	E	R	K	N	Q	S	T	A	V	L	I	F	Y	W	H	M	C	P
0	0.16037	0.01175	0.05115	0.03707	0.21957	0.01159	0.01098	0.11955	0.01392	0.15145	0.05830	0.01784	0.01272	0.00665	0.00579	0.00173	0.04463	0.05322	0.00413	0.00757
1	0.19021	0.01175	0.01581	0.05647	0.30087	0.01254	0.01151	0.13820	0.01379	0.12099	0.01176	0.03266	0.00920	0.00589	0.00557	0.00168	0.04479	0.00474	0.00379	0.00777
2	0.24343	0.01145	0.01519	0.06710	0.32368	0.01216	0.01137	0.06034	0.08070	0.04071	0.01146	0.01431	0.00929	0.00555	0.00479	0.00164	0.00538	0.02924	0.00344	0.04878
3	0.24267	0.05868	0.01509	0.14646	0.11825	0.01254	0.04693	0.06351	0.09535	0.11501	0.01200	0.01328	0.00892	0.00550	0.00472	0.00165	0.00545	0.00442	0.00376	0.02582
4	0.29328	0.01075	0.01237	0.04427	0.10261	0.01106	0.00857	0.09351	0.05038	0.20416	0.01265	0.01304	0.00908	0.00551	0.00453	0.00156	0.00479	0.00418	0.00429	0.10942
5	0.03456	0.00971	0.01308	0.06747	0.06736	0.00959	0.00899	0.05777	0.06604	0.41304	0.03636	0.06546	0.01397	0.00716	0.00612	0.00170	0.05285	0.00582	0.00527	0.05769
6	0.03386	0.00938	0.01212	0.01074	0.03560	0.00955	0.05883	0.09239	0.19132	0.13953	0.11660	0.16271	0.02176	0.04208	0.00666	0.00191	0.00446	0.00783	0.00511	0.03754
7	0.01039	0.00567	0.00751	0.00775	0.00885	0.00519	0.00543	0.01148	0.01111	0.17646	0.02653	0.56288	0.02919	0.09411	0.00859	0.00237	0.00363	0.01242	0.00516	0.00526
8	0.11640	0.01211	0.04333	0.01330	0.01749	0.04270	0.24411	0.03668	0.05045	0.17274	0.06788	0.01815	0.05765	0.00619	0.00541	0.00164	0.00597	0.00574	0.00416	0.07790
9	0.07054	0.14522	0.21506	0.02188	0.37100	0.05517	0.01511	0.01676	0.01173	0.01683	0.00928	0.01154	0.00754	0.00489	0.00480	0.00154	0.00669	0.00407	0.00255	0.00779
10	0.01435	0.81458	0.02813	0.00918	0.01378	0.02124	0.00918	0.01607	0.01091	0.01263	0.00746	0.00861	0.00689	0.00459	0.00344	0.00115	0.00574	0.00287	0.00230	0.00689
11	0.01689	0.00757	0.01021	0.00847	0.01135	0.00670	0.00682	0.01916	0.01515	0.44740	0.31680	0.02883	0.02876	0.00873	0.00586	0.00171	0.00379	0.04218	0.00627	0.00734
12	0.01113	0.00954	0.01113	0.00795	0.01272	0.00716	0.00636	0.01352	0.01113	0.01749	0.00954	0.01113	0.00795	0.00398	0.00398	0.00080	0.00398	0.00318	0.00318	0.84417
13	0.00932	0.00466	0.00699	0.00699	0.00699	0.00466	0.00466	0.00699	0.00699	0.00932	0.00932	0.01632	0.00932	0.01865	0.02098	0.84382	0.00466	0.00466	0.00233	0.00233
14	0.01014	0.00954	0.01610	0.79845	0.03697	0.01193	0.01491	0.01371	0.01073	0.01371	0.00954	0.01431	0.00716	0.00537	0.00537	0.00179	0.00716	0.00477	0.00239	0.00596
15	0.02035	0.01023	0.05811	0.00998	0.01397	0.00848	0.02590	0.07340	0.01571	0.55507	0.13074	0.02062	0.01800	0.00713	0.00554	0.00167	0.00466	0.00593	0.00610	0.00842
16	0.01745	0.01162	0.01343	0.06470	0.01581	0.01236	0.00902	0.37477	0.09069	0.16773	0.01893	0.08768	0.05824	0.00778	0.00554	0.00170	0.00511	0.00633	0.00531	0.02580

[dist]
# distance from previous block
# <min> <max>
0	9

[block]
# block no. 1 follows, 45 sequences, length 17
# corresponding to MSA columns:
# 124-140
name=unknown_B
#
# <colnr> <probs for GDERKNQSTAVLIFYWHMCP>
#	G	D	E	R	K	N	Q	S	T	A	V	L	I	F	Y	W	H	M	C	P
0	0.12804	0.01427	0.22201	0.03029	0.03172	0.01020	0.05825	0.06007	0.04008	0.11089	0.12690	0.02183	0.09195	0.00731	0.00536	0.00172	0.00541	0.02261	0.00413	0.00697
1	0.01246	0.01180	0.01957	0.17539	0.55528	0.01200	0.01509	0.01563	0.01182	0.01681	0.00993	0.01325	0.00819	0.00481	0.00518	0.00155	0.00627	0.00461	0.00266	0.09771
2	0.01147	0.00973	0.01120	0.00825	0.01274	0.00787	0.00655	0.03517	0.07292	0.01815	0.01084	0.01258	0.00900	0.02714	0.00479	0.00103	0.00409	0.00359	0.00343	0.72947
3	0.00705	0.00532	0.00653	0.00656	0.00776	0.00484	0.00479	0.00888	0.01305	0.01752	0.38960	0.18849	0.24834	0.03191	0.03299	0.00213	0.00315	0.01104	0.00531	0.00473
4	0.01113	0.00954	0.01113	0.00795	0.01272	0.00716	0.00636	0.01352	0.01113	0.01749	0.00954	0.01113	0.00795	0.00398	0.00398	0.00080	0.00398	0.00318	0.00318	0.84417
5	0.01193	0.01137	0.01935	0.36158	0.45980	0.01240	0.01580	0.01529	0.01158	0.01590	0.00986	0.01373	0.00792	0.00503	0.00534	0.00168	0.00671	0.00478	0.00254	0.00741
6	0.00634	0.00544	0.00544	0.00544	0.00725	0.00453	0.00408	0.00770	0.01224	0.01450	0.05438	0.05166	0.77569	0.01359	0.00634	0.00181	0.00272	0.01133	0.00498	0.00453
7	0.01487	0.01383	0.01625	0.01358	0.01502	0.08132	0.01120	0.22333	0.01358	0.01881	0.00879	0.01189	0.00762	0.00824	0.01311	0.00206	0.51182	0.00463	0.00323	0.00682
8	0.01106	0.01077	0.01712	0.08761	0.08129	0.01257	0.12182	0.01328	0.00997	0.01455	0.01087	0.08496	0.01042	0.00999	0.06117	0.00238	0.33547	0.00581	0.00279	0.09607
9	0.17368	0.01407	0.01354	0.01074	0.01472	0.09887	0.00873	0.37727	0.01851	0.11271	0.01196	0.01218	0.00861	0.00583	0.00478	0.00151	0.00564	0.00421	0.00461	0.09782
10	0.08209	0.00987	0.01107	0.00825	0.01256	0.00841	0.00662	0.09355	0.01281	0.02013	0.07190	0.01347	0.01137	0.00489	0.00426	0.00103	0.00408	0.00386	0.00365	0.61611
11	0.00942	0.00603	0.00764	0.00711	0.00873	0.00552	0.00536	0.03111	0.01452	0.10159	0.49148	0.12671	0.14125	0.01141	0.00627	0.00176	0.00293	0.00997	0.00574	0.00546
12	0.00689	0.00485	0.00612	0.00699	0.00762	0.00449	0.00479	0.00813	0.01098	0.01496	0.09375	0.59834	0.11445	0.01512	0.00650	0.00202	0.00297	0.01354	0.07298	0.00449
13	0.01243	0.01059	0.01416	0.49733	0.02756	0.07405	0.01203	0.06785	0.01270	0.07979	0.01577	0.01839	0.09053	0.00648	0.00537	0.00171	0.00640	0.00543	0.03514	0.00629
14	0.00715	0.00538	0.00661	0.00649	0.00779	0.00485	0.00480	0.00919	0.01386	0.01880	0.50153	0.12997	0.23927	0.01232	0.00639	0.00178	0.00265	0.01076	0.00556	0.00485
15	0.01621	0.01168	0.01492	0.16269	0.01959	0.01195	0.04074	0.28046	0.03324	0.13317	0.01273	0.01373	0.00918	0.00560	0.00507	0.00147	0.00557	0.00459	0.00433	0.21308
16	0.01304	0.01503	0.08892	0.04789	0.12017	0.02883	0.49175	0.01745	0.02871	0.04434	0.01102	0.01411	0.00834	0.00499	0.00646	0.00178	0.04117	0.00573	0.00285	0.00743

[dist]
# distance from previous block
# <min> <max>
0	1

[block]
# block no. 2 follows, 45 sequences, length 55
# corresponding to MSA columns:
# 142-196
name=unknown_C
#
# <colnr> <probs for GDERKNQSTAVLIFYWHMCP>
#	G	D	E	R	K	N	Q	S	T	A	V	L	I	F	Y	W	H	M	C	P
0	0.09149	0.11941	0.03304	0.01169	0.01509	0.30440	0.00948	0.09793	0.22936	0.01892	0.01248	0.01277	0.00973	0.00595	0.00476	0.00153	0.00671	0.00423	0.00378	0.00726
1	0.01202	0.09335	0.01325	0.03358	0.01368	0.00905	0.00713	0.01432	0.01120	0.05008	0.00977	0.01130	0.00802	0.00434	0.00438	0.00094	0.02486	0.00333	0.00319	0.67219
2	0.01334	0.01394	0.08040	0.02796	0.01424	0.14731	0.00938	0.13380	0.14050	0.01816	0.03532	0.04277	0.01337	0.09536	0.14055	0.00323	0.05440	0.00564	0.00378	0.00655
3	0.01741	0.01203	0.01330	0.01080	0.01422	0.01313	0.00865	0.38334	0.19648	0.12359	0.01655	0.01753	0.01248	0.07083	0.04130	0.00224	0.00557	0.00547	0.02687	0.00823
4	0.01748	0.30677	0.02002	0.01148	0.01532	0.22461	0.04202	0.10422	0.04230	0.11566	0.01197	0.01249	0.02825	0.00574	0.00482	0.00142	0.02054	0.00410	0.00354	0.00725
5	0.00778	0.00591	0.00884	0.00878	0.00971	0.00698	0.00685	0.00968	0.00862	0.01247	0.01418	0.02083	0.01325	0.03942	0.76899	0.00846	0.03587	0.00572	0.00286	0.00482
6	0.02408	0.00914	0.01246	0.00955	0.01370	0.00789	0.00789	0.02616	0.01536	0.78158	0.02118	0.01827	0.01329	0.00664	0.00540	0.00166	0.00457	0.00540	0.00664	0.00914
7	0.00680	0.00525	0.00670	0.00719	0.00820	0.00475	0.02003	0.00816	0.01149	0.01487	0.10721	0.45211	0.26419	0.01493	0.00666	0.00203	0.00314	0.04670	0.00502	0.00456
8	0.01966	0.01165	0.01365	0.01079	0.01439	0.01219	0.00876	0.39180	0.01930	0.28262	0.01678	0.06710	0.01270	0.04210	0.02391	0.00199	0.03085	0.00584	0.00553	0.00838
9	0.00719	0.00544	0.00663	0.00640	0.00779	0.00488	0.00477	0.00930	0.01411	0.01913	0.53190	0.07829	0.26054	0.01200	0.00636	0.00175	0.00261	0.01043	0.00560	0.00488
10	0.00882	0.00631	0.00871	0.00983	0.01109	0.00633	0.00852	0.02787	0.01255	0.01636	0.02812	0.09378	0.03061	0.01473	0.00734	0.00244	0.00488	0.69174	0.00495	0.00501
11	0.01296	0.01234	0.02057	0.11160	0.65106	0.01271	0.01580	0.01696	0.06086	0.01745	0.01080	0.01383	0.00887	0.00501	0.00533	0.00163	0.00632	0.00486	0.00281	0.00824
12	0.01206	0.03098	0.04053	0.03161	0.06450	0.03446	0.02855	0.01366	0.00895	0.01345	0.00750	0.01182	0.00715	0.00858	0.01532	0.00221	0.65548	0.00465	0.00238	0.00617
13	0.01130	0.01073	0.04729	0.01036	0.06307	0.00796	0.03165	0.01398	0.01126	0.01746	0.00962	0.01139	0.00794	0.00410	0.00419	0.00092	0.00447	0.00342	0.00309	0.72579
14	0.01621	0.55799	0.02393	0.01070	0.01469	0.27118	0.00957	0.01782	0.01231	0.01279	0.00773	0.00896	0.00690	0.00490	0.00390	0.00122	0.00702	0.00306	0.00245	0.00667
15	0.01113	0.00954	0.01113	0.00795	0.01272	0.00716	0.00636	0.01352	0.01113	0.01749	0.00954	0.01113	0.00795	0.00398	0.00398	0.00080	0.00398	0.00318	0.00318	0.84417
16	0.00664	0.00545	0.00585	0.00575	0.00743	0.00466	0.00431	0.00827	0.01293	0.01615	0.22342	0.04895	0.60561	0.01298	0.00634	0.00178	0.00268	0.01095	0.00520	0.00466
17	0.84927	0.01038	0.00789	0.00706	0.01038	0.01204	0.00581	0.01578	0.00914	0.02408	0.00747	0.00872	0.00581	0.00498	0.00332	0.00166	0.00415	0.00291	0.00332	0.00581
18	0.10678	0.09439	0.12818	0.01140	0.01539	0.05143	0.02180	0.24761	0.05903	0.03765	0.03225	0.01624	0.01121	0.00955	0.07555	0.00228	0.02230	0.04566	0.00395	0.00737
19	0.84927	0.01038	0.00789	0.00706	0.01038	0.01204	0.00581	0.01578	0.00914	0.02408	0.00747	0.00872	0.00581	0.00498	0.00332	0.00166	0.00415	0.00291	0.00332	0.00581
20	0.00689	0.00484	0.00622	0.00719	0.00746	0.00461	0.00471	0.00767	0.00979	0.01303	0.02668	0.60928	0.03174	0.19637	0.01150	0.00287	0.00365	0.03679	0.00459	0.00413
21	0.23369	0.00945	0.01130	0.00892	0.01286	0.00894	0.00736	0.02352	0.01378	0.58917	0.01770	0.01584	0.01139	0.00622	0.00487	0.00166	0.00446	0.00477	0.00580	0.00829
22	0.01150	0.06665	0.03704	0.06244	0.03150	0.01069	0.00955	0.08269	0.20820	0.01904	0.03923	0.03589	0.03704	0.01015	0.00615	0.00201	0.00508	0.31390	0.00465	0.00660
23	0.04793	0.16589	0.61640	0.01386	0.02100	0.01400	0.01734	0.01678	0.01116	0.01654	0.00916	0.01074	0.00677	0.00501	0.00473	0.00160	0.00738	0.00373	0.00232	0.00766
24	0.02408	0.00914	0.01246	0.00955	0.01370	0.00789	0.00789	0.02616	0.01536	0.78158	0.02118	0.01827	0.01329	0.00664	0.00540	0.00166	0.00457	0.00540	0.00664	0.00914
25	0.00784	0.00638	0.00823	0.09107	0.04779	0.00626	0.00638	0.01001	0.02734	0.01593	0.21060	0.03981	0.31861	0.09986	0.04270	0.00247	0.00424	0.04497	0.00454	0.00497
26	0.00912	0.00564	0.00747	0.00730	0.00859	0.00516	0.00536	0.01110	0.01366	0.10483	0.45376	0.28089	0.04163	0.01234	0.00639	0.00184	0.00295	0.01098	0.00570	0.00530
27	0.01077	0.02777	0.78354	0.01530	0.02323	0.01247	0.01983	0.01700	0.01133	0.01700	0.00963	0.01133	0.00680	0.00510	0.00510	0.00170	0.00793	0.00397	0.00227	0.00793
28	0.02130	0.06180	0.01365	0.00965	0.01381	0.00972	0.00804	0.11771	0.01595	0.54362	0.04228	0.01702	0.01306	0.00639	0.00517	0.00154	0.00470	0.00510	0.00587	0.08362
29	0.02408	0.00914	0.01246	0.00955	0.01370	0.00789	0.00789	0.02616	0.01536	0.78158	0.02118	0.01827	0.01329	0.00664	0.00540	0.00166	0.00457	0.00540	0.00664	0.00914
30	0.84927	0.01038	0.00789	0.00706	0.01038	0.01204	0.00581	0.01578	0.00914	0.02408	0.00747	0.00872	0.00581	0.00498	0.00332	0.00166	0.00415	0.00291	0.00332	0.00581
31	0.02873	0.00953	0.01115	0.00804	0.01274	0.00730	0.00645	0.01438	0.01136	0.06694	0.01025	0.01154	0.00825	0.00417	0.00405	0.00087	0.00402	0.00332	0.00341	0.77350
32	0.01301	0.51999	0.31096	0.01147	0.01732	0.01796	0.01317	0.01642	0.01107	0.01427	0.00828	0.00963	0.00686	0.00478	0.00406	0.00135	0.00656	0.00328	0.00229	0.00728
33	0.00986	0.00502	0.00506	0.00506	0.00623	0.00502	0.00372	0.01220	0.01103	0.01939	0.01747	0.02099	0.01413	0.05822	0.00527	0.00151	0.00268	0.00518	0.78707	0.00489
34	0.00652	0.00534	0.00575	0.00587	0.00741	0.00457	0.00432	0.00795	0.01231	0.01520	0.13446	0.15476	0.58944	0.01374	0.00641	0.00185	0.00275	0.01168	0.00509	0.00457
35	0.00742	0.00548	0.00693	0.00657	0.00791	0.00499	0.00493	0.00979	0.01478	0.02055	0.67494	0.04170	0.15136	0.01134	0.00633	0.00171	0.00256	0.00993	0.00578	0.00499
36	0.01113	0.00954	0.01113	0.00795	0.01272	0.00716	0.00636	0.01352	0.01113	0.01749	0.00954	0.01113	0.00795	0.00398	0.00398	0.00080	0.00398	0.00318	0.00318	0.84417
37	0.84927	0.01038	0.00789	0.00706	0.01038	0.01204	0.00581	0.01578	0.00914	0.02408	0.00747	0.00872	0.00581	0.00498	0.00332	0.00166	0.00415	0.00291	0.00332	0.00581
38	0.01167	0.01288	0.02751	0.02015	0.02474	0.01207	0.63513	0.01560	0.01228	0.01662	0.01392	0.14426	0.01262	0.00654	0.00642	0.00187	0.00808	0.00779	0.00309	0.00677
39	0.01018	0.00895	0.01230	0.01105	0.05315	0.04708	0.11743	0.02558	0.04834	0.05014	0.26665	0.03380	0.25333	0.00974	0.00640	0.00174	0.02495	0.00856	0.00474	0.00589
40	0.01560	0.01033	0.01285	0.08199	0.05739	0.01086	0.00919	0.02388	0.35757	0.22929	0.01939	0.02019	0.01445	0.00697	0.00543	0.00172	0.00473	0.04482	0.00517	0.06818
41	0.01113	0.00954	0.01113	0.00795	0.01272	0.00716	0.00636	0.01352	0.01113	0.01749	0.00954	0.01113	0.00795	0.00398	0.00398	0.00080	0.00398	0.00318	0.00318	0.84417
42	0.00698	0.00526	0.00645	0.00659	0.00775	0.00473	0.00478	0.00877	0.01309	0.01755	0.38270	0.24594	0.24336	0.01323	0.00647	0.00185	0.00274	0.01161	0.00541	0.00473
43	0.01159	0.01115	0.01931	0.43771	0.34549	0.01236	0.05531	0.01505	0.01146	0.01549	0.00984	0.01389	0.00777	0.00508	0.00540	0.00171	0.00693	0.00486	0.00252	0.00709
44	0.00665	0.00483	0.00628	0.00722	0.00777	0.00446	0.00492	0.00782	0.01104	0.01472	0.12224	0.65114	0.09942	0.01584	0.00675	0.00209	0.00301	0.01426	0.00510	0.00446
45	0.00672	0.00480	0.00644	0.00768	0.00808	0.00452	0.00530	0.00779	0.01046	0.01391	0.02948	0.74278	0.03510	0.01664	0.00690	0.00221	0.00327	0.07851	0.00498	0.00441
46	0.84927	0.01038	0.00789	0.00706	0.01038	0.01204	0.00581	0.01578	0.00914	0.02408	0.00747	0.00872	0.00581	0.00498	0.00332	0.00166	0.00415	0.00291	0.00332	0.00581
47	0.00696	0.00505	0.00657	0.00727	0.00799	0.00469	0.00514	0.00842	0.01178	0.01588	0.22431	0.49168	0.09195	0.02998	0.00710	0.00210	0.00309	0.06029	0.00519	0.00457
48	0.01318	0.01306	0.02352	0.03114	0.64667	0.01290	0.14629	0.01660	0.01230	0.01748	0.01023	0.01349	0.00844	0.00474	0.00549	0.00163	0.00684	0.00505	0.00267	0.00828
49	0.00749	0.00546	0.00704	0.00669	0.00796	0.00501	0.00500	0.00990	0.01488	0.02087	0.70926	0.06068	0.09706	0.01129	0.00635	0.00171	0.00256	0.00996	0.00583	0.00501
50	0.00932	0.00466	0.00699	0.00699	0.00699	0.00466	0.00466	0.00699	0.00699	0.00932	0.00932	0.01632	0.00932	0.01865	0.02098	0.84382	0.00466	0.00466	0.00233	0.00233
51	0.01113	0.00954	0.01113	0.00795	0.01272	0.00716	0.00636	0.01352	0.01113	0.01749	0.00954	0.01113	0.00795	0.00398	0.00398	0.00080	0.00398	0.00318	0.00318	0.84417
52	0.00656	0.00535	0.00581	0.00590	0.00744	0.00459	0.00435	0.00805	0.01244	0.01548	0.16218	0.14807	0.56787	0.01361	0.00641	0.00184	0.00274	0.01159	0.00513	0.00459
53	0.01293	0.32844	0.31213	0.01209	0.01751	0.07271	0.01325	0.01637	0.01121	0.01478	0.00851	0.01017	0.00696	0.00514	0.00523	0.00143	0.06311	0.00349	0.00240	0.08213
54	0.00717	0.00542	0.00653	0.00634	0.00768	0.00487	0.00468	0.00915	0.01373	0.01850	0.48383	0.07872	0.27386	0.04697	0.00727	0.00190	0.00273	0.01038	0.00546	0.00479

[dist]
# distance from previous block
# <min> <max>
0	5

[block]
# block no. 3 follows, 45 sequences, length 33
# corresponding to MSA columns:
# 202-234
name=unknown_D
#
# <colnr> <probs for GDERKNQSTAVLIFYWHMCP>
#	G	D	E	R	K	N	Q	S	T	A	V	L	I	F	Y	W	H	M	C	P
0	0.01648	0.39713	0.09673	0.01165	0.01592	0.28279	0.01072	0.08358	0.01368	0.01510	0.00844	0.00962	0.00709	0.00513	0.00425	0.00132	0.00732	0.00335	0.00272	0.00696
1	0.00794	0.00596	0.00743	0.00821	0.00909	0.00601	0.00596	0.01113	0.11945	0.01518	0.02835	0.50018	0.05561	0.06203	0.00794	0.00234	0.00369	0.13355	0.00494	0.00499
2	0.01348	0.01319	0.02182	0.03211	0.73638	0.03697	0.03388	0.01665	0.01233	0.01739	0.01006	0.01320	0.00844	0.00480	0.00532	0.00159	0.00654	0.00478	0.00266	0.00840
3	0.01052	0.00587	0.00698	0.00649	0.00721	0.00565	0.00406	0.01092	0.00922	0.13928	0.03354	0.03242	0.01913	0.66032	0.02322	0.00454	0.00504	0.00744	0.00387	0.00427
4	0.00721	0.00519	0.00695	0.00810	0.00872	0.00499	0.00594	0.00884	0.02576	0.01465	0.04866	0.59228	0.03441	0.01600	0.00695	0.00223	0.00356	0.18995	0.00501	0.00460
5	0.01116	0.05886	0.65542	0.01599	0.02346	0.01297	0.11431	0.01699	0.01149	0.01684	0.00970	0.01162	0.00698	0.00500	0.00519	0.00169	0.00799	0.00423	0.00233	0.00780
6	0.01113	0.00954	0.01113	0.00795	0.01272	0.00716	0.00636	0.01352	0.01113	0.01749	0.00954	0.01113	0.00795	0.00398	0.00398	0.00080	0.00398	0.00318	0.00318	0.84417
7	0.00742	0.00543	0.00662	0.00635	0.00748	0.00500	0.00455	0.00927	0.01329	0.01821	0.50664	0.04118	0.17132	0.16201	0.01028	0.00237	0.00307	0.00963	0.00525	0.00463
8	0.74558	0.01075	0.04244	0.00733	0.01060	0.01152	0.00624	0.01521	0.00913	0.02269	0.00831	0.01091	0.00693	0.06840	0.00529	0.00194	0.00440	0.00334	0.00327	0.00571
9	0.01059	0.01000	0.01691	0.68916	0.14275	0.01204	0.01513	0.01411	0.01095	0.01426	0.00962	0.01416	0.00735	0.00528	0.00536	0.00176	0.00704	0.00477	0.00242	0.00633
10	0.01087	0.02703	0.74186	0.01571	0.02350	0.01253	0.06077	0.01701	0.01141	0.01701	0.00970	0.01151	0.00687	0.00507	0.00517	0.00171	0.00800	0.00410	0.00229	0.00789
11	0.00654	0.00467	0.00623	0.00747	0.00779	0.00436	0.00498	0.00747	0.01028	0.01370	0.02959	0.80785	0.03550	0.01682	0.00685	0.00218	0.00311	0.01526	0.00498	0.00436
12	0.01314	0.01336	0.02164	0.07206	0.46417	0.05649	0.12043	0.01612	0.01173	0.01628	0.00959	0.01307	0.00805	0.00556	0.00740	0.00175	0.13401	0.00491	0.00261	0.00763
13	0.01525	0.01227	0.01359	0.01156	0.01456	0.07509	0.04931	0.31685	0.10496	0.04719	0.05129	0.12227	0.01815	0.00909	0.00592	0.00183	0.00551	0.11300	0.00498	0.00733
14	0.00708	0.00530	0.00657	0.00724	0.00823	0.00489	0.00539	0.00856	0.01162	0.01504	0.11287	0.32811	0.24108	0.05561	0.00782	0.00224	0.00342	0.15939	0.00498	0.00454
15	0.58436	0.01143	0.01157	0.01262	0.15558	0.01277	0.00839	0.11255	0.01181	0.02412	0.00867	0.01012	0.00675	0.00513	0.00396	0.00164	0.00480	0.00351	0.00346	0.00675
16	0.01329	0.01275	0.02179	0.03295	0.77787	0.01275	0.01647	0.01647	0.01222	0.01754	0.01010	0.01329	0.00850	0.00478	0.00531	0.00159	0.00638	0.00478	0.00266	0.00850
17	0.00762	0.00514	0.00600	0.00624	0.00632	0.00509	0.00369	0.00784	0.00835	0.01112	0.01935	0.16473	0.02250	0.65648	0.02335	0.00462	0.00485	0.02963	0.00359	0.00348
18	0.00811	0.00579	0.00803	0.00927	0.01027	0.00571	0.00771	0.01019	0.01183	0.01546	0.02872	0.25151	0.03207	0.01534	0.00727	0.00240	0.00448	0.55610	0.00495	0.00479
19	0.01407	0.75271	0.08753	0.00967	0.01452	0.02055	0.01002	0.01615	0.01094	0.01297	0.00763	0.00882	0.00688	0.00463	0.00357	0.00119	0.00591	0.00296	0.00229	0.00697
20	0.01679	0.15563	0.02017	0.01922	0.28632	0.07427	0.01226	0.30966	0.01734	0.02276	0.01060	0.01204	0.00835	0.00546	0.00497	0.00151	0.00633	0.00437	0.00367	0.00829
21	0.02314	0.01030	0.01314	0.01011	0.01426	0.00967	0.00834	0.16427	0.03519	0.62279	0.01963	0.01730	0.01258	0.00662	0.00539	0.00166	0.00481	0.00531	0.00638	0.00912
22	0.00797	0.00536	0.00646	0.00621	0.00737	0.00502	0.00452	0.01010	0.01335	0.01935	0.48268	0.03675	0.10288	0.10265	0.00827	0.00202	0.00285	0.00874	0.16266	0.00480
23	0.01727	0.18009	0.12960	0.01265	0.01686	0.31886	0.01137	0.17456	0.05763	0.01844	0.01004	0.01095	0.00788	0.00557	0.00475	0.00145	0.00755	0.00385	0.00329	0.00734
24	0.00674	0.00482	0.00641	0.00734	0.00783	0.00449	0.00500	0.00797	0.01120	0.01517	0.16983	0.66341	0.03835	0.01572	0.00675	0.00209	0.00300	0.01422	0.00516	0.00449
25	0.00957	0.00688	0.00924	0.01008	0.01156	0.00700	0.00877	0.07001	0.01337	0.01746	0.02720	0.05680	0.02918	0.01417	0.00725	0.00240	0.00502	0.68379	0.00498	0.00527
26	0.01751	0.20505	0.02093	0.01423	0.01786	0.48370	0.13487	0.01950	0.01380	0.01370	0.00853	0.01023	0.00711	0.00515	0.00477	0.00140	0.00867	0.00380	0.00265	0.00655
27	0.01869	0.01182	0.01721	0.02027	0.34727	0.01166	0.01207	0.15999	0.01585	0.30795	0.01479	0.01509	0.01042	0.00580	0.00536	0.00162	0.00561	0.00502	0.00467	0.00886
28	0.01901	0.01387	0.01513	0.01150	0.01587	0.01470	0.00947	0.60487	0.02247	0.06227	0.01267	0.01282	0.00911	0.00604	0.00514	0.00148	0.00553	0.00458	0.00506	0.14842
29	0.00933	0.00648	0.00736	0.00707	0.00777	0.00664	0.00469	0.10026	0.01059	0.01405	0.01916	0.06741	0.04382	0.58316	0.02134	0.00429	0.00510	0.07349	0.00379	0.00421
30	0.05487	0.00935	0.01351	0.01086	0.01402	0.00901	0.16066	0.10576	0.03484	0.10119	0.07151	0.03255	0.29178	0.00943	0.00601	0.00180	0.00486	0.05690	0.00472	0.00638
31	0.01547	0.44156	0.13572	0.01149	0.01630	0.11078	0.05226	0.01847	0.03803	0.09965	0.01009	0.01093	0.00799	0.00510	0.00430	0.00137	0.00654	0.00369	0.00297	0.00729
32	0.05761	0.02403	0.02982	0.56834	0.09975	0.03596	0.01411	0.02745	0.01101	0.01496	0.00930	0.01343	0.00721	0.00557	0.00602	0.00177	0.06027	0.00458	0.00252	0.00629

[dist]
# distance from previous block
# <min> <max>
0	22

# created by:
# /st0/software/busco_prod/Augustus/scripts/msa2prfl.pl ./align_prep/205963.fa
