[name]
unknown

[dist]
# distance from previous block
# <min> <max>
0	19

[block]
# block no. 0 follows, 45 sequences, length 6
# corresponding to MSA columns:
# 19-24
name=unknown_A
#
# <colnr> <probs for GDERKNQSTAVLIFYWHMCP>
#	G	D	E	R	K	N	Q	S	T	A	V	L	I	F	Y	W	H	M	C	P
0	0.02821	0.03454	0.02827	0.07775	0.04341	0.08124	0.07081	0.02970	0.08008	0.01627	0.04117	0.12427	0.01567	0.00911	0.02244	0.00193	0.12106	0.07110	0.00359	0.09938
1	0.01171	0.01764	0.31199	0.18573	0.02391	0.01302	0.08950	0.08831	0.01231	0.01739	0.03343	0.01368	0.00882	0.00706	0.03056	0.00202	0.11824	0.00480	0.00278	0.00708
2	0.06779	0.01322	0.01648	0.07857	0.01746	0.13041	0.10118	0.03613	0.01122	0.08438	0.01001	0.01322	0.00827	0.00997	0.07836	0.00251	0.30664	0.00476	0.00304	0.00638
3	0.01213	0.01328	0.08440	0.01298	0.01412	0.05623	0.01117	0.06107	0.00992	0.01431	0.00904	0.01479	0.00881	0.11560	0.01630	0.00257	0.52967	0.00499	0.00268	0.00594
4	0.01452	0.01538	0.08858	0.01584	0.02065	0.08282	0.30270	0.11670	0.03843	0.05953	0.01132	0.01324	0.00851	0.00519	0.00585	0.00157	0.03442	0.00499	0.00340	0.15634
5	0.02217	0.01023	0.01289	0.01010	0.01412	0.00976	0.00827	0.12240	0.11709	0.58256	0.02018	0.01780	0.01316	0.00670	0.00540	0.00168	0.00470	0.00541	0.00632	0.00905

[dist]
# distance from previous block
# <min> <max>
0	1

[block]
# block no. 1 follows, 45 sequences, length 9
# corresponding to MSA columns:
# 26-34
name=unknown_B
#
# <colnr> <probs for GDERKNQSTAVLIFYWHMCP>
#	G	D	E	R	K	N	Q	S	T	A	V	L	I	F	Y	W	H	M	C	P
0	0.04054	0.00734	0.00967	0.01037	0.09182	0.00718	0.00697	0.01411	0.08955	0.09482	0.40239	0.11155	0.05684	0.01006	0.00601	0.00176	0.00349	0.02408	0.00535	0.00611
1	0.01607	0.45490	0.05403	0.01070	0.01488	0.16103	0.00976	0.06426	0.09404	0.05933	0.01037	0.01096	0.00841	0.00531	0.00422	0.00134	0.00634	0.00363	0.00316	0.00725
2	0.24673	0.25747	0.05521	0.01018	0.01424	0.10959	0.03459	0.04246	0.05426	0.11470	0.01050	0.01110	0.00804	0.00531	0.00418	0.00149	0.00578	0.00369	0.00347	0.00702
3	0.00742	0.00578	0.00754	0.00772	0.00848	0.00590	0.00563	0.00894	0.01187	0.01624	0.27095	0.38701	0.12286	0.01376	0.00778	0.00200	0.08849	0.01188	0.00500	0.00477
4	0.00795	0.00827	0.09559	0.00884	0.01065	0.00637	0.03136	0.01066	0.04331	0.01622	0.18795	0.33354	0.07346	0.05200	0.04377	0.00243	0.00448	0.05332	0.00464	0.00519
5	0.01654	0.01603	0.01532	0.04879	0.16188	0.25328	0.01080	0.18000	0.08711	0.05165	0.01513	0.05202	0.05427	0.00678	0.00533	0.00160	0.00669	0.00539	0.00394	0.00743
6	0.00852	0.00665	0.00811	0.00826	0.00922	0.00707	0.00590	0.01252	0.16511	0.01631	0.14171	0.40028	0.03067	0.09874	0.00928	0.00236	0.04798	0.01113	0.00489	0.00528
7	0.00719	0.00495	0.00604	0.00664	0.00679	0.00479	0.00409	0.00764	0.00901	0.01201	0.02307	0.41039	0.02728	0.42549	0.01738	0.00374	0.00419	0.01143	0.00409	0.00379
8	0.08495	0.01002	0.01161	0.03742	0.03841	0.01068	0.00793	0.12085	0.23108	0.18323	0.07445	0.04593	0.01680	0.09349	0.00770	0.00210	0.00464	0.00616	0.00510	0.00745

[dist]
# distance from previous block
# <min> <max>
0	2

[block]
# block no. 2 follows, 45 sequences, length 55
# corresponding to MSA columns:
# 37-91
name=unknown_C
#
# <colnr> <probs for GDERKNQSTAVLIFYWHMCP>
#	G	D	E	R	K	N	Q	S	T	A	V	L	I	F	Y	W	H	M	C	P
0	0.04659	0.04172	0.04741	0.11048	0.48755	0.01272	0.01452	0.06099	0.02725	0.06179	0.01133	0.01462	0.00918	0.00538	0.00523	0.00164	0.00620	0.02424	0.00313	0.00802
1	0.02288	0.00914	0.01225	0.00955	0.01348	0.00807	0.00782	0.05803	0.01551	0.70233	0.02130	0.06497	0.01442	0.00724	0.00548	0.00169	0.00454	0.00596	0.00649	0.00885
2	0.01793	0.04082	0.01464	0.01263	0.03525	0.40984	0.00960	0.22093	0.01711	0.01940	0.01372	0.01459	0.06843	0.00651	0.00533	0.00149	0.02685	0.00459	0.05346	0.00688
3	0.01456	0.01189	0.01466	0.12705	0.01726	0.07523	0.01066	0.10228	0.01250	0.13217	0.01368	0.03235	0.05341	0.00869	0.02453	0.00208	0.33137	0.00536	0.00361	0.00666
4	0.01489	0.55447	0.03644	0.00974	0.01378	0.07889	0.00904	0.01794	0.09542	0.05839	0.01007	0.01103	0.00846	0.00593	0.00496	0.05138	0.00579	0.00354	0.00294	0.00689
5	0.00667	0.00476	0.00637	0.00762	0.00798	0.00447	0.00520	0.00769	0.01040	0.01384	0.02952	0.76342	0.03523	0.01670	0.00688	0.00220	0.00322	0.05845	0.00498	0.00439
6	0.04699	0.02692	0.01468	0.01170	0.01532	0.09485	0.06757	0.20233	0.18109	0.19215	0.01776	0.05595	0.03408	0.00706	0.00541	0.00169	0.00560	0.00580	0.00503	0.00801
7	0.01045	0.15503	0.02846	0.00822	0.01042	0.00941	0.00675	0.05577	0.06152	0.04658	0.21173	0.16301	0.08291	0.07338	0.00743	0.00201	0.00409	0.05241	0.00464	0.00576
8	0.00742	0.00546	0.00695	0.00662	0.00792	0.00498	0.00495	0.00978	0.01473	0.02051	0.67196	0.06023	0.13564	0.01143	0.00635	0.00171	0.00257	0.01003	0.00578	0.00498
9	0.01200	0.01568	0.14929	0.04624	0.02354	0.01417	0.39563	0.01580	0.01110	0.01580	0.00951	0.01317	0.00757	0.00606	0.00937	0.00195	0.23828	0.00542	0.00252	0.00691
10	0.02913	0.01274	0.01404	0.25257	0.02062	0.15528	0.01084	0.11427	0.01272	0.01610	0.01137	0.06300	0.01027	0.05450	0.07343	0.00256	0.13200	0.00538	0.00312	0.00607
11	0.01252	0.01096	0.01805	0.36448	0.26655	0.01255	0.03288	0.01554	0.01127	0.07529	0.01032	0.01394	0.00807	0.00583	0.00709	0.00180	0.11818	0.00485	0.00281	0.00704
12	0.00652	0.00474	0.00616	0.00730	0.00774	0.00438	0.00490	0.00749	0.01045	0.01377	0.03176	0.74159	0.10036	0.01653	0.00681	0.00215	0.00308	0.01492	0.00498	0.00438
13	0.01343	0.35318	0.35169	0.01266	0.01860	0.01591	0.05342	0.01726	0.01148	0.07523	0.00965	0.01092	0.00742	0.00507	0.00477	0.00149	0.02391	0.00376	0.00265	0.00751
14	0.03766	0.01107	0.01735	0.06417	0.42115	0.01152	0.03129	0.07335	0.01270	0.04695	0.02831	0.14483	0.01374	0.00739	0.00629	0.00176	0.05297	0.00661	0.00346	0.00742
15	0.01090	0.05761	0.75488	0.01507	0.02287	0.01280	0.01943	0.01696	0.01132	0.01683	0.00955	0.01123	0.00680	0.00508	0.00504	0.00168	0.00785	0.00392	0.00227	0.00789
16	0.00770	0.00517	0.00594	0.00604	0.00608	0.00517	0.00346	0.00781	0.00802	0.01071	0.01786	0.09562	0.02065	0.73384	0.04058	0.00503	0.00522	0.00835	0.00338	0.00337
17	0.01209	0.07699	0.09061	0.22344	0.02787	0.01350	0.39258	0.04317	0.01230	0.01642	0.01074	0.03592	0.00848	0.00522	0.00573	0.00175	0.00792	0.00564	0.00272	0.00693
18	0.01611	0.01379	0.07936	0.07780	0.02352	0.02586	0.38113	0.05790	0.01388	0.23471	0.01365	0.01514	0.00946	0.00535	0.00583	0.00174	0.00740	0.00564	0.00391	0.00781
19	0.01314	0.00919	0.01027	0.00886	0.01161	0.00944	0.00701	0.17332	0.17356	0.11352	0.14225	0.04341	0.22766	0.00962	0.00587	0.00175	0.00396	0.02308	0.00550	0.00697
20	0.00767	0.00575	0.00863	0.00863	0.00959	0.00671	0.00671	0.00959	0.00863	0.01246	0.01438	0.02109	0.01342	0.04026	0.79008	0.00863	0.01438	0.00575	0.00288	0.00479
21	0.01113	0.00954	0.01113	0.00795	0.01272	0.00716	0.00636	0.01352	0.01113	0.01749	0.00954	0.01113	0.00795	0.00398	0.00398	0.00080	0.00398	0.00318	0.00318	0.84417
22	0.06369	0.48540	0.12380	0.01224	0.07521	0.01764	0.02660	0.05918	0.01186	0.03154	0.00920	0.03119	0.00799	0.00525	0.00435	0.00139	0.01978	0.00377	0.00273	0.00719
23	0.01710	0.06172	0.01633	0.01359	0.01564	0.45594	0.01074	0.06102	0.01331	0.01423	0.00812	0.01047	0.00708	0.00678	0.00891	0.00169	0.26433	0.00391	0.00276	0.00631
24	0.02054	0.00846	0.01128	0.00892	0.01253	0.00740	0.00727	0.02286	0.02948	0.61720	0.11263	0.02350	0.07771	0.00771	0.00558	0.00168	0.00418	0.00639	0.00640	0.00828
25	0.02005	0.02558	0.01521	0.01383	0.01659	0.78980	0.01037	0.02143	0.01521	0.01314	0.00830	0.00968	0.00691	0.00553	0.00484	0.00138	0.00968	0.00346	0.00277	0.00622
26	0.01113	0.00954	0.01113	0.00795	0.01272	0.00716	0.00636	0.01352	0.01113	0.01749	0.00954	0.01113	0.00795	0.00398	0.00398	0.00080	0.00398	0.00318	0.00318	0.84417
27	0.01084	0.00668	0.00881	0.00897	0.01061	0.00666	0.00745	0.05573	0.01301	0.10118	0.06920	0.10938	0.02608	0.01447	0.06812	0.00261	0.00513	0.37472	0.09476	0.00560
28	0.01340	0.01452	0.06740	0.09405	0.58193	0.08760	0.01574	0.01660	0.01233	0.01670	0.01062	0.01357	0.02144	0.00508	0.00528	0.00160	0.00679	0.00472	0.00266	0.00796
29	0.00654	0.00484	0.00612	0.00708	0.00770	0.00442	0.00482	0.00761	0.01080	0.01412	0.06023	0.64564	0.16839	0.01604	0.00674	0.00210	0.00302	0.01436	0.00502	0.00442
30	0.00736	0.00536	0.00683	0.00669	0.00788	0.00491	0.00493	0.00955	0.01412	0.01967	0.58224	0.15126	0.12067	0.01199	0.00636	0.00176	0.00263	0.01059	0.02030	0.00491
31	0.07308	0.01324	0.01494	0.01173	0.01564	0.09744	0.07198	0.27227	0.01782	0.28760	0.01532	0.03551	0.01087	0.00643	0.00526	0.00163	0.00584	0.00516	0.03006	0.00819
32	0.01014	0.00954	0.01610	0.79845	0.03697	0.01193	0.01491	0.01371	0.01073	0.01371	0.00954	0.01431	0.00716	0.00537	0.00537	0.00179	0.00716	0.00477	0.00239	0.00596
33	0.00708	0.00573	0.00636	0.00651	0.00807	0.00519	0.00488	0.00939	0.05720	0.01573	0.12695	0.16673	0.48723	0.01351	0.00644	0.00190	0.00299	0.05816	0.00511	0.00483
34	0.01329	0.01275	0.02179	0.03295	0.77787	0.01275	0.01647	0.01647	0.01222	0.01754	0.01010	0.01329	0.00850	0.00478	0.00531	0.00159	0.00638	0.00478	0.00266	0.00850
35	0.01243	0.01202	0.02076	0.22927	0.50050	0.01263	0.07413	0.01624	0.03845	0.01669	0.01043	0.01388	0.00840	0.00500	0.00541	0.00167	0.00671	0.00495	0.00269	0.00775
36	0.00682	0.00524	0.00624	0.00645	0.00766	0.00466	0.00466	0.00844	0.01267	0.01661	0.28664	0.25992	0.32741	0.01363	0.00648	0.00187	0.00277	0.01189	0.00529	0.00466
37	0.01236	0.01541	0.10439	0.02126	0.06934	0.03338	0.57342	0.01672	0.01260	0.01715	0.03919	0.03663	0.01031	0.00520	0.00613	0.00178	0.00840	0.00630	0.00285	0.00720
38	0.01275	0.22282	0.51821	0.01347	0.02022	0.01432	0.03169	0.01749	0.01157	0.07604	0.01002	0.01126	0.00736	0.00508	0.00474	0.00156	0.00714	0.00385	0.00263	0.00775
39	0.01224	0.35194	0.47231	0.01278	0.01934	0.01608	0.01545	0.01662	0.01116	0.01520	0.00874	0.01021	0.00684	0.00489	0.00442	0.00147	0.00703	0.00351	0.00228	0.00750
40	0.00700	0.00513	0.00661	0.00719	0.00806	0.00474	0.00519	0.00859	0.01217	0.01634	0.25643	0.42147	0.13331	0.01450	0.00668	0.00201	0.00304	0.07164	0.00526	0.00464
41	0.01584	0.01146	0.05674	0.00993	0.01383	0.01043	0.00843	0.21902	0.09350	0.17376	0.11694	0.02822	0.01635	0.00674	0.00520	0.00149	0.00462	0.00549	0.02974	0.17228
42	0.02830	0.00952	0.01099	0.00956	0.01221	0.00994	0.00755	0.21308	0.13434	0.13688	0.11871	0.12850	0.04588	0.04470	0.00682	0.00197	0.00441	0.06411	0.00542	0.00710
43	0.00658	0.00470	0.00626	0.00745	0.00779	0.00439	0.00499	0.00758	0.01046	0.01400	0.05786	0.77873	0.03608	0.01660	0.00683	0.00216	0.00309	0.01505	0.00502	0.00439
44	0.01358	0.01322	0.04631	0.07569	0.62953	0.01302	0.01580	0.07510	0.03205	0.01870	0.01056	0.01342	0.00861	0.00502	0.00532	0.00162	0.00639	0.00479	0.00291	0.00838
45	0.10013	0.25986	0.36303	0.01403	0.07813	0.01509	0.03409	0.01667	0.01110	0.03311	0.00902	0.01064	0.00704	0.00502	0.00473	0.00154	0.02314	0.00370	0.00253	0.00741
46	0.01117	0.01465	0.14756	0.01681	0.02111	0.05580	0.38528	0.01485	0.01201	0.01605	0.01565	0.20568	0.01525	0.00800	0.00621	0.00188	0.00733	0.03491	0.00327	0.00652
47	0.01039	0.00537	0.00541	0.00527	0.00664	0.00543	0.00399	0.03994	0.01177	0.02052	0.01734	0.01975	0.01359	0.00626	0.00381	0.00126	0.00263	0.00500	0.81047	0.00515
48	0.06675	0.05798	0.01775	0.44874	0.02811	0.01240	0.12666	0.01427	0.02706	0.01502	0.01129	0.08060	0.00979	0.00642	0.00613	0.00181	0.05466	0.00568	0.00278	0.00612
49	0.01184	0.17423	0.48079	0.01588	0.06636	0.01445	0.09337	0.01662	0.01129	0.01603	0.00925	0.01128	0.00707	0.00513	0.00552	0.00163	0.04523	0.00409	0.00235	0.00760
50	0.00655	0.00473	0.00620	0.00734	0.00776	0.00438	0.00493	0.00754	0.01049	0.01391	0.04675	0.74792	0.07863	0.01651	0.00681	0.00215	0.00308	0.01492	0.00500	0.00438
51	0.00663	0.00476	0.00615	0.00723	0.00760	0.00444	0.00479	0.00751	0.01020	0.01349	0.03002	0.70335	0.07705	0.07911	0.00843	0.00240	0.00326	0.01445	0.00485	0.00428
52	0.01962	0.01015	0.01250	0.01048	0.03622	0.01002	0.00820	0.13870	0.14788	0.42645	0.04092	0.01911	0.03273	0.00693	0.00536	0.00166	0.00455	0.00565	0.05432	0.00854
53	0.02065	0.01253	0.12603	0.01211	0.01698	0.00930	0.10912	0.02365	0.01443	0.57014	0.01815	0.01677	0.01167	0.00614	0.00548	0.00169	0.00565	0.00532	0.00549	0.00871
54	0.01329	0.01275	0.02179	0.03295	0.77787	0.01275	0.01647	0.01647	0.01222	0.01754	0.01010	0.01329	0.00850	0.00478	0.00531	0.00159	0.00638	0.00478	0.00266	0.00850

[dist]
# distance from previous block
# <min> <max>
0	4

[block]
# block no. 3 follows, 45 sequences, length 32
# corresponding to MSA columns:
# 96-127
name=unknown_D
#
# <colnr> <probs for GDERKNQSTAVLIFYWHMCP>
#	G	D	E	R	K	N	Q	S	T	A	V	L	I	F	Y	W	H	M	C	P
0	0.01267	0.01448	0.03167	0.02262	0.02805	0.01357	0.75837	0.01719	0.01267	0.01719	0.01086	0.01448	0.00814	0.00452	0.00633	0.00181	0.00905	0.00633	0.00271	0.00724
1	0.01348	0.62699	0.18277	0.03605	0.01647	0.01914	0.01156	0.01619	0.01099	0.01356	0.00798	0.00935	0.00688	0.00472	0.00385	0.00128	0.00624	0.00316	0.00229	0.00707
2	0.00663	0.00472	0.00624	0.00737	0.00770	0.00442	0.00490	0.00757	0.01031	0.01378	0.05175	0.74626	0.03518	0.05582	0.00785	0.00231	0.00320	0.01472	0.00493	0.00433
3	0.00649	0.00547	0.00563	0.00567	0.00744	0.00462	0.00431	0.00793	0.01234	0.01480	0.07684	0.05167	0.71959	0.01356	0.00639	0.00184	0.00281	0.04301	0.00501	0.00457
4	0.01435	0.81458	0.02813	0.00918	0.01378	0.02124	0.00918	0.01607	0.01091	0.01263	0.00746	0.00861	0.00689	0.00459	0.00344	0.00115	0.00574	0.00287	0.00230	0.00689
5	0.01336	0.01295	0.02099	0.06980	0.42709	0.05077	0.14673	0.01788	0.08995	0.03631	0.01255	0.01668	0.01039	0.00564	0.00560	0.00170	0.00672	0.04387	0.00316	0.00785
6	0.01950	0.00851	0.01113	0.00913	0.01261	0.00763	0.00750	0.02237	0.06351	0.55466	0.02635	0.02700	0.11659	0.00842	0.00573	0.00177	0.00434	0.07902	0.00618	0.00807
7	0.01161	0.01104	0.01874	0.52064	0.06125	0.01278	0.13830	0.06758	0.04941	0.01627	0.01055	0.01440	0.00796	0.00550	0.00591	0.00179	0.03174	0.00510	0.00281	0.00662
8	0.04540	0.01047	0.01228	0.05737	0.04465	0.01151	0.00887	0.05516	0.42077	0.14093	0.06425	0.02236	0.01735	0.00758	0.00554	0.00181	0.00457	0.05594	0.00526	0.00793
9	0.01413	0.01172	0.01205	0.01039	0.01342	0.04282	0.00818	0.22289	0.37475	0.02399	0.07939	0.03976	0.10658	0.00821	0.00561	0.00174	0.00458	0.00672	0.00530	0.00777
10	0.00656	0.00471	0.00623	0.00741	0.00778	0.00438	0.00496	0.00754	0.01044	0.01391	0.04783	0.77249	0.05264	0.01661	0.00683	0.00216	0.00309	0.01504	0.00500	0.00438
11	0.00982	0.00628	0.00815	0.00749	0.00915	0.00590	0.00579	0.04427	0.01532	0.09661	0.59733	0.06153	0.04344	0.01077	0.00628	0.00175	0.00305	0.05559	0.00587	0.00561
12	0.46388	0.05114	0.05727	0.03324	0.04557	0.01186	0.03754	0.04694	0.01158	0.15965	0.02952	0.01211	0.00876	0.00546	0.00422	0.00164	0.00493	0.00393	0.00388	0.00688
13	0.01759	0.02187	0.02071	0.01677	0.02042	0.53045	0.26029	0.02002	0.01436	0.01449	0.00915	0.01128	0.00733	0.00520	0.00534	0.00153	0.00947	0.00442	0.00275	0.00656
14	0.01042	0.00954	0.01591	0.62288	0.12909	0.01144	0.01416	0.01381	0.01085	0.01446	0.01024	0.01479	0.00796	0.00698	0.04233	0.00206	0.00716	0.00483	0.04489	0.00618
15	0.09395	0.01616	0.01403	0.02943	0.04363	0.25347	0.00954	0.24379	0.06462	0.06914	0.04989	0.04179	0.01171	0.00668	0.00546	0.00161	0.02858	0.00495	0.00423	0.00734
16	0.01085	0.00727	0.00940	0.00916	0.01076	0.00726	0.02683	0.10956	0.05625	0.09307	0.02551	0.48540	0.02757	0.01338	0.00648	0.00205	0.00403	0.08419	0.00516	0.00583
17	0.00782	0.00610	0.00722	0.00749	0.00873	0.00600	0.00539	0.01147	0.13566	0.01678	0.17466	0.38163	0.18370	0.01350	0.00642	0.00195	0.00311	0.01191	0.00524	0.00521
18	0.01260	0.01484	0.06560	0.07229	0.02672	0.04684	0.59401	0.01686	0.01244	0.01681	0.01080	0.01428	0.00817	0.00482	0.00626	0.00177	0.02433	0.00590	0.03763	0.00703
19	0.01080	0.01027	0.01757	0.59256	0.16813	0.01207	0.04596	0.01427	0.01108	0.01459	0.01017	0.01537	0.00809	0.00556	0.00568	0.00178	0.02181	0.02528	0.00252	0.00644
20	0.00752	0.00540	0.00733	0.00854	0.00933	0.00521	0.00667	0.00918	0.01131	0.01483	0.02979	0.43639	0.05558	0.01579	0.00710	0.00230	0.00396	0.35417	0.00496	0.00464
21	0.01108	0.01229	0.04132	0.03705	0.01979	0.08613	0.37517	0.01403	0.01197	0.01545	0.01724	0.29782	0.01775	0.00906	0.00631	0.00190	0.00691	0.00914	0.00351	0.00609
22	0.02098	0.00919	0.01200	0.00946	0.01321	0.00830	0.00768	0.08434	0.02996	0.58139	0.05698	0.07527	0.01617	0.00747	0.00549	0.00166	0.00445	0.00619	0.00622	0.04362
23	0.01980	0.01358	0.01543	0.07540	0.01775	0.01472	0.01013	0.57213	0.02222	0.13715	0.01368	0.01371	0.00952	0.00631	0.00533	0.00161	0.00576	0.00485	0.00524	0.03569
24	0.01522	0.01005	0.01173	0.01015	0.01298	0.01055	0.00816	0.27037	0.11329	0.14095	0.09285	0.13979	0.02148	0.00967	0.00597	0.00185	0.00463	0.10739	0.00551	0.00739
25	0.77978	0.03411	0.00893	0.02860	0.01137	0.01243	0.00628	0.03579	0.00966	0.02373	0.00768	0.00898	0.00597	0.00502	0.00344	0.00165	0.00433	0.00301	0.00332	0.00594
26	0.02514	0.00752	0.08224	0.00756	0.00932	0.00562	0.00623	0.00933	0.02650	0.01543	0.10651	0.37327	0.27837	0.01360	0.00636	0.00195	0.00344	0.01188	0.00478	0.00495
27	0.01290	0.01051	0.01208	0.00907	0.01326	0.00940	0.00727	0.17534	0.01398	0.02055	0.01118	0.04531	0.00959	0.02394	0.00545	0.00119	0.03403	0.00421	0.00370	0.57705
28	0.01036	0.00782	0.00930	0.00827	0.01033	0.00778	0.00628	0.08771	0.09023	0.04232	0.24429	0.15689	0.08385	0.05636	0.00759	0.00190	0.03828	0.00856	0.00494	0.11694
29	0.01241	0.01056	0.01090	0.01072	0.04534	0.09645	0.00797	0.04888	0.23099	0.06198	0.07491	0.11754	0.09462	0.00978	0.00590	0.00183	0.00473	0.11017	0.00487	0.03947
30	0.14895	0.01396	0.01388	0.02617	0.01543	0.06620	0.00919	0.41460	0.14349	0.07467	0.01366	0.01356	0.00988	0.00628	0.00503	0.00164	0.00555	0.00468	0.00491	0.00825
31	0.01352	0.58072	0.19096	0.01053	0.01570	0.01850	0.01137	0.04368	0.01171	0.01473	0.03961	0.01065	0.00875	0.00503	0.00399	0.00131	0.00609	0.00346	0.00255	0.00712

[dist]
# distance from previous block
# <min> <max>
2	3

[block]
# block no. 4 follows, 45 sequences, length 8
# corresponding to MSA columns:
# 131-138
name=unknown_E
#
# <colnr> <probs for GDERKNQSTAVLIFYWHMCP>
#	G	D	E	R	K	N	Q	S	T	A	V	L	I	F	Y	W	H	M	C	P
0	0.01623	0.06690	0.01310	0.00932	0.01325	0.00930	0.02434	0.06070	0.07154	0.29119	0.06153	0.03607	0.03235	0.00655	0.00503	0.00142	0.00444	0.02172	0.00492	0.25008
1	0.01879	0.05744	0.01246	0.00926	0.01268	0.00910	0.00756	0.08998	0.05397	0.45362	0.14766	0.06728	0.02030	0.00786	0.00552	0.00167	0.00432	0.00654	0.00598	0.00800
2	0.00836	0.04745	0.01046	0.00909	0.01014	0.00781	0.04434	0.00988	0.00907	0.01263	0.01634	0.15516	0.01710	0.15171	0.40658	0.00585	0.06252	0.00750	0.00322	0.00478
3	0.01985	0.01299	0.01355	0.01114	0.01475	0.14126	0.03010	0.09528	0.17839	0.37074	0.01834	0.04184	0.01305	0.00684	0.00539	0.00166	0.00557	0.00551	0.00545	0.00830
4	0.01894	0.08546	0.04604	0.01341	0.01732	0.32535	0.05561	0.33172	0.01879	0.02220	0.01037	0.01129	0.00792	0.00576	0.00505	0.00150	0.00766	0.00418	0.00380	0.00763
5	0.00725	0.00497	0.00602	0.00656	0.00670	0.00484	0.00401	0.00766	0.00889	0.01185	0.02245	0.37288	0.02650	0.46406	0.01837	0.00388	0.00429	0.01106	0.00401	0.00374
6	0.01727	0.10800	0.01679	0.01536	0.12373	0.52022	0.01060	0.01906	0.01431	0.01451	0.08187	0.01299	0.01132	0.00584	0.00490	0.00142	0.00810	0.00418	0.00300	0.00651
7	0.01335	0.01494	0.08468	0.02221	0.09854	0.01304	0.58331	0.01771	0.01271	0.06791	0.01138	0.01439	0.00842	0.00473	0.00608	0.00177	0.00841	0.00595	0.00294	0.00754

[dist]
# distance from previous block
# <min> <max>
0	36

[block]
# block no. 5 follows, 45 sequences, length 13
# corresponding to MSA columns:
# 175-187
name=unknown_F
#
# <colnr> <probs for GDERKNQSTAVLIFYWHMCP>
#	G	D	E	R	K	N	Q	S	T	A	V	L	I	F	Y	W	H	M	C	P
0	0.00748	0.00604	0.00673	0.00645	0.00818	0.00558	0.00487	0.01061	0.08623	0.01786	0.31741	0.04434	0.43467	0.01202	0.00625	0.00177	0.00280	0.01022	0.00537	0.00511
1	0.00672	0.00555	0.00593	0.00608	0.00765	0.00488	0.00446	0.00862	0.04243	0.01503	0.08417	0.18204	0.58008	0.01378	0.00640	0.00187	0.00284	0.01173	0.00505	0.00469
2	0.01391	0.50511	0.17618	0.01310	0.07638	0.03504	0.04449	0.05290	0.01197	0.01513	0.00853	0.01000	0.00716	0.00482	0.00417	0.00135	0.00646	0.00350	0.00250	0.00733
3	0.01077	0.02777	0.78354	0.01530	0.02323	0.01247	0.01983	0.01700	0.01133	0.01700	0.00963	0.01133	0.00680	0.00510	0.00510	0.00170	0.00793	0.00397	0.00227	0.00793
4	0.00932	0.00466	0.00699	0.00699	0.00699	0.00466	0.00466	0.00699	0.00699	0.00932	0.00932	0.01632	0.00932	0.01865	0.02098	0.84382	0.00466	0.00466	0.00233	0.00233
5	0.01506	0.09014	0.01505	0.01350	0.10515	0.09472	0.00965	0.02421	0.41840	0.09780	0.01783	0.01847	0.01379	0.00678	0.00526	0.00169	0.00528	0.03455	0.00464	0.00803
6	0.01506	0.05305	0.01436	0.07303	0.03490	0.02179	0.08075	0.01977	0.14313	0.25335	0.11726	0.04473	0.03995	0.00785	0.00570	0.00176	0.00501	0.05617	0.00503	0.00735
7	0.01313	0.01408	0.02799	0.02044	0.02490	0.01428	0.57884	0.07474	0.01293	0.01781	0.01040	0.01391	0.00804	0.00546	0.00809	0.00188	0.13709	0.00595	0.00286	0.00717
8	0.00840	0.00569	0.00758	0.00753	0.00882	0.00532	0.00584	0.01074	0.01417	0.05288	0.52780	0.12125	0.04381	0.01210	0.00654	0.00188	0.00313	0.14569	0.00567	0.00515
9	0.12673	0.01287	0.09192	0.35911	0.11918	0.01264	0.12084	0.06357	0.01197	0.01772	0.00974	0.01306	0.00737	0.00517	0.00519	0.00173	0.00692	0.00467	0.00278	0.00683
10	0.03180	0.01195	0.01328	0.01061	0.01437	0.01240	0.00869	0.41764	0.05217	0.04926	0.05205	0.04000	0.01411	0.00728	0.00535	0.00157	0.00505	0.07613	0.00492	0.17138
11	0.01126	0.02874	0.01471	0.28689	0.20004	0.03191	0.01164	0.03288	0.01267	0.05053	0.12758	0.02364	0.10927	0.00740	0.00562	0.00171	0.00558	0.02782	0.00363	0.00648
12	0.01420	0.07379	0.01403	0.03400	0.08274	0.01231	0.00891	0.12435	0.30271	0.08569	0.06911	0.03426	0.03691	0.03941	0.00619	0.00179	0.00474	0.00594	0.00478	0.04412

[dist]
# distance from previous block
# <min> <max>
2	8

[block]
# block no. 6 follows, 45 sequences, length 15
# corresponding to MSA columns:
# 196-210
name=unknown_G
#
# <colnr> <probs for GDERKNQSTAVLIFYWHMCP>
#	G	D	E	R	K	N	Q	S	T	A	V	L	I	F	Y	W	H	M	C	P
0	0.06623	0.15485	0.07735	0.01002	0.01342	0.02271	0.00909	0.10988	0.03911	0.13449	0.01720	0.05373	0.01579	0.05511	0.00665	0.00196	0.00532	0.17706	0.00431	0.02573
1	0.04152	0.22139	0.10153	0.12658	0.11024	0.02302	0.01148	0.06830	0.05687	0.10492	0.04293	0.02849	0.02883	0.00600	0.00485	0.00156	0.00580	0.00480	0.00354	0.00735
2	0.06845	0.23730	0.01859	0.06014	0.16847	0.03718	0.01029	0.13782	0.02538	0.04149	0.03696	0.04713	0.01084	0.00590	0.00465	0.00147	0.00553	0.00468	0.02937	0.04837
3	0.03770	0.04475	0.30709	0.01405	0.06230	0.06558	0.03384	0.03831	0.01207	0.01700	0.03804	0.02148	0.01303	0.00745	0.00655	0.00180	0.07781	0.14237	0.00315	0.05563
4	0.01472	0.62743	0.02604	0.01303	0.12413	0.08977	0.01034	0.01662	0.01149	0.01338	0.00792	0.00938	0.00712	0.00471	0.00384	0.00123	0.00619	0.00320	0.00239	0.00706
5	0.00901	0.00642	0.00739	0.00715	0.00893	0.00606	0.00534	0.01242	0.11431	0.07933	0.17678	0.18918	0.33271	0.01232	0.00624	0.00185	0.00312	0.01060	0.00536	0.00551
6	0.01810	0.02257	0.01392	0.01291	0.01533	0.67663	0.00960	0.01942	0.01450	0.01322	0.01136	0.12469	0.01103	0.00716	0.00513	0.00150	0.00873	0.00516	0.00309	0.00595
7	0.01351	0.04390	0.02211	0.13266	0.17402	0.02336	0.28169	0.04909	0.03840	0.08558	0.01315	0.07434	0.01086	0.00601	0.00574	0.00174	0.00698	0.00614	0.00337	0.00735
8	0.00786	0.00735	0.05251	0.00846	0.02471	0.00621	0.00676	0.01086	0.07932	0.01549	0.03606	0.26102	0.29730	0.01351	0.00652	0.00203	0.00377	0.15026	0.00482	0.00519
9	0.00672	0.00478	0.00629	0.00731	0.00768	0.00448	0.00488	0.00773	0.01056	0.01419	0.09551	0.68963	0.03583	0.06719	0.00812	0.00233	0.00320	0.01429	0.00495	0.00435
10	0.00930	0.00630	0.00710	0.00678	0.00745	0.00649	0.00428	0.01168	0.11800	0.04590	0.04897	0.03243	0.02008	0.62785	0.02236	0.00442	0.00493	0.00753	0.00383	0.00434
11	0.01788	0.01389	0.01721	0.17218	0.02157	0.04658	0.07797	0.46029	0.02007	0.08025	0.01243	0.01357	0.00884	0.00603	0.00544	0.00166	0.00650	0.00494	0.00451	0.00820
12	0.02020	0.00991	0.01203	0.00957	0.01321	0.00971	0.00779	0.16187	0.09869	0.44906	0.01917	0.01770	0.01291	0.00662	0.00516	0.00161	0.00449	0.00531	0.12652	0.00847
13	0.00841	0.00724	0.00982	0.01211	0.17072	0.00696	0.00738	0.01087	0.03922	0.01597	0.12552	0.05438	0.37052	0.01510	0.11903	0.00274	0.00521	0.00885	0.00432	0.00561
14	0.01077	0.00715	0.00865	0.00764	0.00964	0.00690	0.00591	0.11927	0.01607	0.09021	0.47234	0.05780	0.13069	0.01035	0.00608	0.00170	0.00324	0.00890	0.02077	0.00593

[dist]
# distance from previous block
# <min> <max>
0	18

# created by:
# /st0/software/busco_prod/Augustus/scripts/msa2prfl.pl ./align_prep/206508.fa
