[name]
unknown

[dist]
# distance from previous block
# <min> <max>
6	82

[block]
# block no. 0 follows, 42 sequences, length 7
# corresponding to MSA columns:
# 99-105
name=unknown_A
#
# <colnr> <probs for GDERKNQSTAVLIFYWHMCP>
#	G	D	E	R	K	N	Q	S	T	A	V	L	I	F	Y	W	H	M	C	P
0	0.06278	0.01216	0.04905	0.19733	0.02213	0.01237	0.11272	0.11585	0.01345	0.06510	0.01228	0.04759	0.01019	0.04546	0.00798	0.00195	0.08851	0.00552	0.00356	0.11404
1	0.06951	0.01260	0.01569	0.26295	0.08653	0.10532	0.05706	0.05094	0.06948	0.01793	0.01325	0.04522	0.02527	0.00657	0.00599	0.00176	0.04394	0.00542	0.06783	0.03675
2	0.05972	0.01077	0.01528	0.18404	0.03518	0.01137	0.07587	0.09702	0.03241	0.06153	0.08198	0.03392	0.01445	0.00705	0.00653	0.00172	0.06585	0.03933	0.00394	0.16203
3	0.10765	0.01176	0.01807	0.24191	0.20538	0.03059	0.09908	0.04259	0.01267	0.07286	0.01250	0.06858	0.01044	0.00625	0.00553	0.00178	0.00659	0.00570	0.00339	0.03670
4	0.01329	0.00853	0.01257	0.09620	0.04614	0.00863	0.06150	0.08993	0.01237	0.11405	0.03624	0.06008	0.01352	0.06464	0.01251	0.26999	0.00548	0.00609	0.03775	0.03049
5	0.07063	0.00795	0.00948	0.04438	0.01171	0.00766	0.00654	0.07409	0.01455	0.10880	0.26219	0.07908	0.08631	0.03508	0.00646	0.00179	0.00386	0.00783	0.06283	0.09877
6	0.01384	0.04054	0.01205	0.01108	0.07072	0.03938	0.00758	0.09993	0.03718	0.12953	0.04919	0.10175	0.01822	0.26352	0.01369	0.00296	0.04275	0.00731	0.00442	0.03437

[dist]
# distance from previous block
# <min> <max>
6	23

[block]
# block no. 1 follows, 42 sequences, length 31
# corresponding to MSA columns:
# 139-169
name=unknown_B
#
# <colnr> <probs for GDERKNQSTAVLIFYWHMCP>
#	G	D	E	R	K	N	Q	S	T	A	V	L	I	F	Y	W	H	M	C	P
0	0.04491	0.01195	0.02841	0.01430	0.13998	0.03638	0.00980	0.12895	0.06656	0.08619	0.01582	0.10170	0.03109	0.00732	0.00598	0.00160	0.04335	0.00600	0.00426	0.21548
1	0.11470	0.01409	0.01564	0.05521	0.06098	0.09080	0.05083	0.22103	0.07283	0.07989	0.01251	0.01352	0.00936	0.00599	0.00558	0.00161	0.03162	0.00464	0.00426	0.13492
2	0.01638	0.01265	0.01626	0.09223	0.06546	0.03348	0.07076	0.22860	0.13317	0.10347	0.01623	0.04402	0.01290	0.00712	0.00575	0.00175	0.00597	0.04585	0.00475	0.08321
3	0.03399	0.01068	0.01743	0.63960	0.13339	0.01280	0.01541	0.04165	0.01197	0.01597	0.01015	0.01465	0.00773	0.00558	0.00556	0.00184	0.00726	0.00495	0.00268	0.00672
4	0.01346	0.01245	0.02164	0.21627	0.41068	0.01284	0.11179	0.01731	0.03065	0.05166	0.01135	0.01468	0.00892	0.00525	0.00568	0.00173	0.00702	0.00523	0.00300	0.03837
5	0.00686	0.00490	0.00653	0.00784	0.00816	0.00457	0.00522	0.00784	0.01077	0.01437	0.03102	0.79855	0.03722	0.01763	0.00718	0.00229	0.00326	0.01600	0.00522	0.00457
6	0.00810	0.00586	0.00712	0.00674	0.00834	0.00523	0.00508	0.01035	0.01495	0.04390	0.51707	0.04515	0.27694	0.01223	0.00661	0.00181	0.00278	0.01057	0.00591	0.00527
7	0.00685	0.00494	0.00649	0.00773	0.00813	0.00458	0.00518	0.00785	0.01088	0.01441	0.03230	0.76171	0.07323	0.01746	0.00716	0.00227	0.00324	0.01579	0.00522	0.00458
8	0.00804	0.00603	0.00904	0.00904	0.01005	0.00703	0.00703	0.01005	0.00904	0.01306	0.01507	0.02211	0.01407	0.04221	0.77992	0.00904	0.01507	0.00603	0.00301	0.00502
9	0.01907	0.01461	0.01558	0.01248	0.01657	0.01637	0.01014	0.52289	0.25570	0.03172	0.01646	0.01586	0.01196	0.00703	0.00566	0.00176	0.00565	0.00547	0.00566	0.00936
10	0.01393	0.01337	0.02284	0.03454	0.76712	0.01337	0.01727	0.01727	0.01281	0.01839	0.01059	0.01393	0.00891	0.00501	0.00557	0.00167	0.00669	0.00501	0.00279	0.00891
11	0.01176	0.01029	0.01287	0.00919	0.01423	0.00788	0.04778	0.01438	0.01176	0.01832	0.01008	0.01186	0.00835	0.00420	0.00431	0.00089	0.00446	0.00352	0.00331	0.79056
12	0.81528	0.01147	0.03285	0.00768	0.01132	0.01264	0.00657	0.01658	0.00965	0.02501	0.00791	0.00923	0.00613	0.00523	0.00354	0.00174	0.00448	0.00308	0.00345	0.00617
13	0.01049	0.00525	0.00525	0.00525	0.00656	0.00525	0.00393	0.01311	0.01180	0.02098	0.01836	0.02098	0.01442	0.00656	0.00393	0.00131	0.00262	0.00525	0.83346	0.00525
14	0.01049	0.00525	0.00525	0.00525	0.00656	0.00525	0.00393	0.01311	0.01180	0.02098	0.01836	0.02098	0.01442	0.00656	0.00393	0.00131	0.00262	0.00525	0.83346	0.00525
15	0.00686	0.00490	0.00653	0.00784	0.00816	0.00457	0.00522	0.00784	0.01077	0.01437	0.03102	0.79855	0.03722	0.01763	0.00718	0.00229	0.00326	0.01600	0.00522	0.00457
16	0.01049	0.00525	0.00525	0.00525	0.00656	0.00525	0.00393	0.01311	0.01180	0.02098	0.01836	0.02098	0.01442	0.00656	0.00393	0.00131	0.00262	0.00525	0.83346	0.00525
17	0.01471	0.73725	0.09495	0.01019	0.01532	0.02146	0.01061	0.01694	0.01147	0.01364	0.00802	0.00928	0.00721	0.00486	0.00376	0.00125	0.00622	0.00311	0.00240	0.00732
18	0.79276	0.01080	0.00856	0.00756	0.01109	0.01236	0.00623	0.01720	0.00997	0.07019	0.00870	0.00975	0.00657	0.00533	0.00361	0.00174	0.00438	0.00320	0.00369	0.00630
19	0.00686	0.00490	0.00653	0.00784	0.00816	0.00457	0.00522	0.00784	0.01077	0.01437	0.03102	0.79855	0.03722	0.01763	0.00718	0.00229	0.00326	0.01600	0.00522	0.00457
20	0.01393	0.01337	0.02284	0.03454	0.76712	0.01337	0.01727	0.01727	0.01281	0.01839	0.01059	0.01393	0.00891	0.00501	0.00557	0.00167	0.00669	0.00501	0.00279	0.00891
21	0.01129	0.02911	0.77306	0.01604	0.02436	0.01307	0.02079	0.01782	0.01188	0.01782	0.01010	0.01188	0.00713	0.00535	0.00535	0.00178	0.00832	0.00416	0.00238	0.00832
22	0.01393	0.01337	0.02284	0.03454	0.76712	0.01337	0.01727	0.01727	0.01281	0.01839	0.01059	0.01393	0.00891	0.00501	0.00557	0.00167	0.00669	0.00501	0.00279	0.00891
23	0.00699	0.00499	0.00668	0.00799	0.00837	0.00469	0.00546	0.00807	0.01091	0.01452	0.03094	0.75426	0.03693	0.01751	0.00722	0.00230	0.00338	0.05898	0.00522	0.00461
24	0.01400	0.07525	0.02423	0.01782	0.02094	0.12426	0.31297	0.01674	0.01185	0.01542	0.00990	0.03483	0.00866	0.00702	0.01028	0.00199	0.27865	0.00561	0.00275	0.00683
25	0.02162	0.00901	0.01205	0.00966	0.01332	0.00802	0.00780	0.05533	0.01596	0.59346	0.08467	0.10635	0.01956	0.00851	0.00591	0.00180	0.00450	0.00714	0.00665	0.00867
26	0.02525	0.00958	0.01306	0.01001	0.01437	0.00827	0.00827	0.02743	0.01611	0.77102	0.02220	0.01915	0.01393	0.00697	0.00566	0.00174	0.00479	0.00566	0.00697	0.00958
27	0.00895	0.00611	0.00694	0.00669	0.00710	0.00617	0.00408	0.05446	0.01009	0.01358	0.08493	0.05590	0.02316	0.66097	0.02467	0.00481	0.00519	0.00837	0.00385	0.00399
28	0.01292	0.00962	0.01144	0.01124	0.04950	0.01016	0.00814	0.27322	0.05112	0.02279	0.02305	0.38297	0.02426	0.01230	0.00645	0.00202	0.00463	0.05386	0.02348	0.00682
29	0.00684	0.00498	0.00644	0.00762	0.00810	0.00459	0.00513	0.00786	0.01099	0.01445	0.03369	0.72207	0.11198	0.01728	0.00713	0.00225	0.00322	0.01557	0.00522	0.00459
30	0.11973	0.01332	0.01457	0.01132	0.01565	0.01412	0.00932	0.43190	0.04538	0.20531	0.01500	0.01447	0.01037	0.00652	0.00531	0.00167	0.00549	0.00492	0.00558	0.05006

[dist]
# distance from previous block
# <min> <max>
2	6

[block]
# block no. 2 follows, 42 sequences, length 49
# corresponding to MSA columns:
# 176-224
name=unknown_C
#
# <colnr> <probs for GDERKNQSTAVLIFYWHMCP>
#	G	D	E	R	K	N	Q	S	T	A	V	L	I	F	Y	W	H	M	C	P
0	0.01380	0.35735	0.02089	0.01135	0.01405	0.07650	0.00995	0.05031	0.01140	0.01444	0.00986	0.03658	0.00933	0.01229	0.12411	0.00278	0.21111	0.00451	0.00279	0.00659
1	0.02083	0.06102	0.01751	0.01267	0.01720	0.01753	0.01055	0.69173	0.02530	0.03385	0.01311	0.01322	0.00941	0.00659	0.00548	0.00164	0.00614	0.00491	0.00540	0.02589
2	0.00685	0.00492	0.00651	0.00778	0.00815	0.00458	0.00520	0.00784	0.01083	0.01439	0.03173	0.77817	0.05714	0.01754	0.00717	0.00227	0.00325	0.01589	0.00522	0.00458
3	0.01685	0.01362	0.01768	0.01436	0.01656	0.07482	0.07647	0.11590	0.01348	0.16655	0.01159	0.01391	0.00906	0.00809	0.01212	0.00209	0.40040	0.00514	0.00385	0.00745
4	0.05612	0.58082	0.02543	0.01044	0.01493	0.06976	0.00975	0.12926	0.01388	0.01726	0.00874	0.00986	0.00753	0.00529	0.00430	0.00134	0.02141	0.00340	0.00299	0.00746
5	0.00811	0.00595	0.00764	0.00739	0.00868	0.00563	0.00547	0.01119	0.05090	0.02155	0.63353	0.13902	0.04932	0.01211	0.00666	0.00184	0.00282	0.01075	0.00605	0.00539
6	0.01296	0.20847	0.18785	0.04925	0.02020	0.03899	0.15224	0.01822	0.10620	0.01708	0.05156	0.01580	0.03173	0.00628	0.00620	0.00172	0.05939	0.00523	0.00320	0.00744
7	0.00686	0.00490	0.00653	0.00784	0.00816	0.00457	0.00522	0.00784	0.01077	0.01437	0.03102	0.79855	0.03722	0.01763	0.00718	0.00229	0.00326	0.01600	0.00522	0.00457
8	0.01267	0.01645	0.13208	0.02144	0.02693	0.01381	0.57225	0.01728	0.01271	0.01758	0.01186	0.04981	0.00957	0.00570	0.00717	0.00193	0.05379	0.00663	0.00287	0.00747
9	0.00844	0.01005	0.13921	0.00843	0.01121	0.00688	0.00785	0.01201	0.04769	0.01971	0.40110	0.03932	0.24457	0.01105	0.00638	0.00182	0.00377	0.00945	0.00524	0.00583
10	0.01059	0.00992	0.01669	0.77016	0.03811	0.01236	0.01547	0.01431	0.01129	0.01444	0.01047	0.01616	0.00809	0.00586	0.00568	0.00189	0.00745	0.02225	0.00256	0.00623
11	0.01530	0.77224	0.02891	0.00984	0.01457	0.05472	0.00968	0.01709	0.01163	0.01326	0.00786	0.00908	0.00722	0.00486	0.00367	0.00121	0.00620	0.00304	0.00243	0.00719
12	0.00666	0.00565	0.00575	0.00582	0.00763	0.00474	0.00433	0.00806	0.01271	0.01515	0.05552	0.09692	0.72304	0.01445	0.00668	0.00192	0.00287	0.01211	0.00523	0.00474
13	0.01500	0.01222	0.01302	0.01149	0.01481	0.01397	0.00900	0.07763	0.67499	0.05796	0.02225	0.02042	0.01653	0.00755	0.00572	0.00189	0.00458	0.00624	0.00578	0.00898
14	0.05425	0.01355	0.01433	0.01188	0.01567	0.01526	0.00953	0.33794	0.38960	0.04921	0.01818	0.01720	0.01333	0.00713	0.00558	0.00180	0.00521	0.00564	0.00562	0.00909
15	0.02087	0.04617	0.01628	0.01438	0.01732	0.76082	0.01084	0.02233	0.01584	0.01376	0.00868	0.01012	0.00725	0.00577	0.00504	0.00144	0.01005	0.00361	0.00289	0.00654
16	0.01202	0.01136	0.05578	0.00925	0.01412	0.00863	0.00787	0.04726	0.01220	0.01880	0.01046	0.02709	0.00884	0.00486	0.00497	0.00102	0.03823	0.00377	0.00338	0.70008
17	0.01197	0.14036	0.62685	0.01607	0.06144	0.01441	0.01900	0.01765	0.01187	0.01719	0.00980	0.01158	0.00723	0.00525	0.00511	0.00169	0.00790	0.00404	0.00240	0.00819
18	0.00978	0.00489	0.00733	0.00733	0.00733	0.00489	0.00489	0.00733	0.00733	0.00978	0.00978	0.01711	0.00978	0.01955	0.02199	0.83627	0.00489	0.00489	0.00244	0.00244
19	0.01129	0.02911	0.77306	0.01604	0.02436	0.01307	0.02079	0.01782	0.01188	0.01782	0.01010	0.01188	0.00713	0.00535	0.00535	0.00178	0.00832	0.00416	0.00238	0.00832
20	0.01254	0.01264	0.03929	0.33159	0.37177	0.03712	0.04657	0.01609	0.01230	0.01655	0.01114	0.01636	0.00924	0.00573	0.00571	0.00180	0.00721	0.03602	0.00277	0.00755
21	0.02119	0.00884	0.01188	0.00975	0.01327	0.00787	0.00785	0.04891	0.01540	0.57990	0.02377	0.15836	0.01866	0.00920	0.00602	0.00187	0.00459	0.03764	0.00654	0.00851
22	0.00804	0.00603	0.00904	0.00904	0.01005	0.00703	0.00703	0.01005	0.00904	0.01306	0.01507	0.02211	0.01407	0.04221	0.77992	0.00904	0.01507	0.00603	0.00301	0.00502
23	0.01310	0.01538	0.05538	0.05790	0.02968	0.01412	0.69132	0.01786	0.01315	0.01786	0.01128	0.01507	0.00845	0.00480	0.00656	0.00189	0.00936	0.00649	0.00282	0.00755
24	0.00804	0.00603	0.00904	0.00904	0.01005	0.00703	0.00703	0.01005	0.00904	0.01306	0.01507	0.02211	0.01407	0.04221	0.77992	0.00904	0.01507	0.00603	0.00301	0.00502
25	0.03390	0.02861	0.75225	0.01580	0.02399	0.01306	0.02039	0.01779	0.01182	0.01802	0.01004	0.01181	0.00710	0.00534	0.00530	0.00178	0.00821	0.00413	0.00241	0.00826
26	0.00668	0.00570	0.00575	0.00574	0.00762	0.00477	0.00430	0.00814	0.01291	0.01539	0.07510	0.05385	0.74663	0.01418	0.00665	0.00190	0.00285	0.01183	0.00525	0.00477
27	0.01167	0.01000	0.01167	0.00834	0.01334	0.00750	0.00667	0.01417	0.01167	0.01834	0.01000	0.01167	0.00834	0.00417	0.00417	0.00083	0.00417	0.00333	0.00333	0.83663
28	0.00796	0.00575	0.00752	0.00708	0.00841	0.00531	0.00531	0.01062	0.01593	0.02257	0.76415	0.04204	0.05310	0.01150	0.00664	0.00177	0.00265	0.01018	0.00619	0.00531
29	0.00686	0.00490	0.00653	0.00784	0.00816	0.00457	0.00522	0.00784	0.01077	0.01437	0.03102	0.79855	0.03722	0.01763	0.00718	0.00229	0.00326	0.01600	0.00522	0.00457
30	0.02451	0.00941	0.01282	0.00989	0.01411	0.00814	0.00814	0.02671	0.01610	0.73895	0.05399	0.02013	0.01561	0.00716	0.00570	0.00174	0.00470	0.00585	0.00693	0.00939
31	0.01239	0.01180	0.02006	0.38584	0.42783	0.01297	0.01651	0.01592	0.01209	0.01652	0.01031	0.01443	0.00826	0.00530	0.00560	0.00177	0.00707	0.00501	0.00265	0.00767
32	0.00808	0.00788	0.07978	0.00791	0.00984	0.00593	0.00670	0.01086	0.01483	0.02081	0.57294	0.11502	0.09459	0.01171	0.00657	0.00183	0.00326	0.01030	0.00567	0.00548
33	0.03540	0.00893	0.01103	0.21905	0.05382	0.08075	0.00915	0.01170	0.01145	0.01484	0.02157	0.45170	0.02409	0.01230	0.00637	0.00205	0.00525	0.01095	0.00410	0.00546
34	0.01856	0.06676	0.01559	0.01099	0.01546	0.01350	0.00911	0.36697	0.01933	0.14193	0.01376	0.02849	0.01024	0.00624	0.00537	0.00146	0.01950	0.00477	0.00495	0.22701
35	0.01505	0.80561	0.02949	0.00963	0.01444	0.02227	0.00963	0.01685	0.01143	0.01324	0.00782	0.00903	0.00722	0.00481	0.00361	0.00120	0.00602	0.00301	0.00241	0.00722
36	0.79482	0.01180	0.00871	0.00781	0.01126	0.05668	0.00637	0.01688	0.00994	0.02459	0.00789	0.00920	0.00616	0.00526	0.00357	0.00172	0.00469	0.00308	0.00345	0.00612
37	0.01490	0.01248	0.01424	0.03218	0.08665	0.01407	0.01001	0.15718	0.50083	0.02455	0.02012	0.05623	0.01575	0.00766	0.00576	0.00186	0.00499	0.00643	0.00533	0.00876
38	0.01129	0.02911	0.77306	0.01604	0.02436	0.01307	0.02079	0.01782	0.01188	0.01782	0.01010	0.01188	0.00713	0.00535	0.00535	0.00178	0.00832	0.00416	0.00238	0.00832
39	0.01117	0.02470	0.60186	0.01542	0.02227	0.01249	0.06025	0.01663	0.01183	0.01753	0.05973	0.01432	0.01038	0.00662	0.00702	0.03996	0.05267	0.00478	0.00266	0.00768
40	0.01121	0.00915	0.01175	0.01181	0.08654	0.00925	0.04337	0.05007	0.19992	0.04641	0.17642	0.03497	0.23507	0.01015	0.00628	0.00187	0.00423	0.03944	0.00526	0.00685
41	0.00738	0.00566	0.00760	0.04372	0.00991	0.00571	0.00604	0.00861	0.01108	0.01478	0.06609	0.62341	0.09149	0.01608	0.00769	0.00222	0.04850	0.01426	0.00499	0.00479
42	0.01238	0.01027	0.01188	0.00879	0.01343	0.00836	0.00700	0.09115	0.01317	0.01988	0.01175	0.06351	0.01036	0.00532	0.00452	0.00102	0.00432	0.00435	0.00370	0.69482
43	0.01207	0.01041	0.01650	0.67126	0.03526	0.01266	0.01469	0.05770	0.04831	0.05061	0.01138	0.01540	0.00838	0.00585	0.00563	0.00186	0.00716	0.00510	0.00304	0.00672
44	0.00816	0.00657	0.00744	0.00816	0.00895	0.04923	0.00565	0.00932	0.01129	0.01476	0.06158	0.57367	0.04570	0.07687	0.00858	0.00240	0.00393	0.04804	0.00490	0.04479
45	0.01983	0.01452	0.01563	0.01219	0.01631	0.01592	0.00997	0.65537	0.02455	0.03321	0.01467	0.05873	0.01136	0.00731	0.00561	0.00169	0.00581	0.00566	0.04549	0.02617
46	0.01259	0.00987	0.01166	0.00868	0.01327	0.00785	0.00699	0.04819	0.01287	0.06230	0.04819	0.01614	0.01203	0.00535	0.00461	0.00105	0.00427	0.03879	0.00387	0.67145
47	0.01051	0.00969	0.01609	0.67178	0.06872	0.01179	0.01451	0.01398	0.01137	0.01476	0.04684	0.01751	0.01051	0.05144	0.00699	0.00207	0.00711	0.00543	0.00274	0.00617
48	0.00832	0.00560	0.00715	0.00773	0.00880	0.00501	0.00539	0.00952	0.01144	0.06465	0.03257	0.60667	0.12731	0.01572	0.00684	0.00212	0.00336	0.01406	0.00523	0.05251

[dist]
# distance from previous block
# <min> <max>
1	7

[block]
# block no. 3 follows, 42 sequences, length 8
# corresponding to MSA columns:
# 232-239
name=unknown_D
#
# <colnr> <probs for GDERKNQSTAVLIFYWHMCP>
#	G	D	E	R	K	N	Q	S	T	A	V	L	I	F	Y	W	H	M	C	P
0	0.01252	0.01156	0.01893	0.07247	0.53734	0.01170	0.01438	0.01627	0.04461	0.01922	0.16521	0.02004	0.01822	0.00649	0.00580	0.00171	0.00582	0.00613	0.00359	0.00802
1	0.08327	0.01466	0.11091	0.11744	0.52963	0.01317	0.01656	0.01694	0.01225	0.01843	0.01023	0.01340	0.00830	0.00514	0.00537	0.00171	0.00678	0.00474	0.00276	0.00830
2	0.00747	0.00610	0.00729	0.00748	0.00870	0.00592	0.00562	0.00895	0.01222	0.01566	0.11306	0.25332	0.38607	0.01462	0.00787	0.00208	0.06984	0.05775	0.00508	0.00490
3	0.07129	0.00985	0.01257	0.10001	0.01616	0.00992	0.00871	0.13602	0.01574	0.36761	0.04446	0.06554	0.01505	0.04177	0.03415	0.00218	0.00546	0.00621	0.02931	0.00798
4	0.02105	0.01430	0.10656	0.01450	0.10378	0.01231	0.01158	0.25084	0.01846	0.36310	0.01668	0.01591	0.01117	0.00648	0.00560	0.00172	0.00587	0.00522	0.00551	0.00935
5	0.01725	0.00880	0.01127	0.00952	0.01254	0.00853	0.00757	0.06375	0.10128	0.36320	0.13828	0.07342	0.04356	0.01286	0.09882	0.00268	0.00558	0.00729	0.00599	0.00783
6	0.00738	0.00512	0.00637	0.00716	0.00736	0.00492	0.00450	0.00797	0.00975	0.01300	0.02575	0.49627	0.03057	0.32898	0.01570	0.00354	0.00413	0.01290	0.00450	0.00411
7	0.01502	0.27709	0.03781	0.07696	0.13160	0.10465	0.01103	0.10646	0.05349	0.01728	0.01127	0.01498	0.00991	0.10108	0.00765	0.00198	0.00664	0.00463	0.00322	0.00727

[dist]
# distance from previous block
# <min> <max>
0	10

# created by:
# /st0/software/busco_prod/Augustus/scripts/msa2prfl.pl ./align_prep/206707.fa
