[name]
unknown

[dist]
# distance from previous block
# <min> <max>
0	541

[block]
# block no. 0 follows, 48 sequences, length 99
# corresponding to MSA columns:
# 548-646
name=unknown_A
#
# <colnr> <probs for GDERKNQSTAVLIFYWHMCP>
#	G	D	E	R	K	N	Q	S	T	A	V	L	I	F	Y	W	H	M	C	P
0	0.13393	0.00698	0.00843	0.00898	0.01064	0.00734	0.00762	0.01302	0.08639	0.03171	0.03838	0.07840	0.02488	0.01194	0.00625	0.00215	0.00442	0.50871	0.00460	0.00523
1	0.01146	0.14163	0.59852	0.01441	0.05356	0.06343	0.01676	0.01637	0.01105	0.01543	0.00884	0.01043	0.00659	0.00482	0.00464	0.00152	0.00732	0.00364	0.00222	0.00736
2	0.00651	0.00474	0.00580	0.00651	0.00705	0.00440	0.00434	0.00735	0.00982	0.01277	0.04157	0.49323	0.17107	0.17367	0.01032	0.00259	0.00332	0.02647	0.00445	0.00401
3	0.01348	0.01138	0.01200	0.01059	0.01362	0.01310	0.00829	0.10609	0.69841	0.02262	0.01998	0.01842	0.01493	0.00688	0.00521	0.00172	0.00423	0.00568	0.00521	0.00819
4	0.01833	0.00967	0.04585	0.00946	0.02681	0.00797	0.00781	0.07143	0.01399	0.48375	0.01826	0.06842	0.02986	0.00657	0.00501	0.00147	0.00439	0.00541	0.00528	0.16026
5	0.06801	0.09669	0.13733	0.02811	0.01940	0.01227	0.27786	0.05756	0.01240	0.16204	0.01229	0.04880	0.00942	0.00559	0.00550	0.00163	0.02925	0.00523	0.00345	0.00715
6	0.03578	0.01692	0.22101	0.01944	0.02518	0.01267	0.55902	0.01635	0.01169	0.01658	0.00999	0.01293	0.00740	0.00448	0.00568	0.00170	0.00825	0.00539	0.00250	0.00705
7	0.00625	0.00447	0.00595	0.00714	0.00744	0.00417	0.00476	0.00714	0.00982	0.01310	0.02828	0.81633	0.03394	0.01608	0.00655	0.00208	0.00298	0.01459	0.00476	0.00417
8	0.01296	0.01125	0.01557	0.14912	0.30125	0.02925	0.01168	0.21383	0.01473	0.01964	0.01684	0.05243	0.11567	0.00675	0.00529	0.00161	0.00556	0.00584	0.00359	0.00715
9	0.04637	0.03107	0.03374	0.04826	0.10404	0.02725	0.33815	0.01880	0.01258	0.25408	0.01295	0.01430	0.00912	0.00513	0.00561	0.00164	0.02047	0.00525	0.00373	0.00747
10	0.00736	0.00537	0.00759	0.00759	0.00828	0.00606	0.00559	0.00874	0.00805	0.01142	0.01435	0.02349	0.01428	0.23260	0.60720	0.00743	0.01156	0.00599	0.00284	0.00422
11	0.01627	0.44995	0.02114	0.01083	0.01443	0.37142	0.00931	0.02964	0.01250	0.01261	0.00758	0.00876	0.00663	0.00482	0.00392	0.00121	0.00719	0.00303	0.00244	0.00633
12	0.85592	0.00992	0.00754	0.00675	0.00992	0.01151	0.00556	0.01508	0.00873	0.02302	0.00714	0.00834	0.00556	0.00476	0.00318	0.00159	0.00397	0.00278	0.00318	0.00556
13	0.01574	0.01250	0.01328	0.01104	0.01448	0.01415	0.00884	0.35520	0.44562	0.02626	0.01711	0.01613	0.01260	0.00661	0.00518	0.00165	0.00476	0.00528	0.00518	0.00839
14	0.01393	0.79161	0.02641	0.00895	0.01327	0.05069	0.00882	0.01556	0.01059	0.01209	0.00716	0.00827	0.00659	0.00442	0.00334	0.00111	0.00563	0.00277	0.00221	0.00656
15	0.02785	0.04344	0.11138	0.04351	0.01478	0.00899	0.00855	0.06770	0.01191	0.08604	0.01023	0.01138	0.00788	0.00443	0.00418	0.00107	0.00466	0.00348	0.00331	0.52525
16	0.04964	0.01450	0.04942	0.01158	0.01570	0.02899	0.00982	0.61910	0.07061	0.05984	0.01277	0.01269	0.00907	0.00609	0.00505	0.00156	0.00558	0.00459	0.00494	0.00847
17	0.01222	0.01175	0.01912	0.02847	0.68541	0.03377	0.01445	0.01500	0.01157	0.01627	0.01152	0.09530	0.01074	0.00578	0.00522	0.00158	0.00586	0.00557	0.00277	0.00766
18	0.01099	0.00911	0.01068	0.00764	0.01219	0.00686	0.00612	0.01327	0.01076	0.03887	0.00944	0.01084	0.00775	0.00387	0.00384	0.00078	0.00382	0.00310	0.00313	0.82696
19	0.00616	0.00514	0.00537	0.00545	0.00702	0.00435	0.00403	0.00749	0.01171	0.01422	0.09672	0.11604	0.67248	0.01311	0.00611	0.00176	0.00262	0.01106	0.00482	0.00435
20	0.00738	0.00537	0.00783	0.00793	0.00882	0.00612	0.00610	0.00917	0.00854	0.01247	0.01515	0.08669	0.01461	0.03453	0.68219	0.00728	0.01212	0.00621	0.05692	0.00456
21	0.00718	0.00523	0.00678	0.00654	0.00773	0.00482	0.00491	0.00946	0.01403	0.01964	0.67912	0.08063	0.08519	0.01105	0.00612	0.00167	0.00254	0.03707	0.00552	0.00478
22	0.04606	0.00984	0.01245	0.00957	0.01354	0.00925	0.00791	0.16643	0.01631	0.62512	0.01836	0.01623	0.01174	0.00627	0.00510	0.00158	0.00460	0.00499	0.00603	0.00864
23	0.00636	0.00516	0.00563	0.00561	0.00713	0.00444	0.00417	0.00789	0.01224	0.01539	0.22245	0.09424	0.56616	0.01260	0.00609	0.00173	0.00258	0.01070	0.00497	0.00444
24	0.01168	0.01126	0.01863	0.32695	0.48588	0.02713	0.01506	0.01483	0.01120	0.01529	0.00942	0.01301	0.00761	0.00480	0.00509	0.00159	0.00644	0.00454	0.00244	0.00716
25	0.82508	0.01009	0.00783	0.00693	0.01014	0.01167	0.00571	0.04294	0.00930	0.02336	0.00734	0.00848	0.00567	0.00481	0.00325	0.00159	0.00403	0.00285	0.00325	0.00567
26	0.01061	0.00960	0.01560	0.50856	0.19655	0.01106	0.01332	0.01452	0.05829	0.03025	0.07192	0.01584	0.01109	0.00557	0.00520	0.00166	0.00611	0.00503	0.00287	0.00637
27	0.00669	0.00522	0.00606	0.00585	0.00731	0.00460	0.00439	0.00857	0.01317	0.01735	0.43276	0.04364	0.40262	0.01169	0.00606	0.00167	0.00251	0.01002	0.00522	0.00460
28	0.00741	0.00519	0.00668	0.00668	0.00705	0.00556	0.00446	0.00816	0.00778	0.01075	0.01518	0.02810	0.01628	0.50101	0.34153	0.00631	0.00855	0.00666	0.00296	0.00371
29	0.01407	0.77177	0.02610	0.00906	0.01334	0.07005	0.00885	0.01569	0.01069	0.01210	0.00718	0.00830	0.00659	0.00445	0.00338	0.00111	0.00573	0.00278	0.00222	0.00654
30	0.00726	0.00524	0.00686	0.00646	0.00767	0.00484	0.00484	0.00968	0.01452	0.02058	0.78496	0.03833	0.04841	0.01049	0.00605	0.00161	0.00242	0.00928	0.00565	0.00484
31	0.01504	0.01216	0.01289	0.01090	0.01421	0.01383	0.00867	0.27879	0.52316	0.02514	0.01799	0.01683	0.01332	0.00669	0.00519	0.00167	0.00460	0.00540	0.00519	0.00833
32	0.01683	0.02719	0.01350	0.01154	0.04755	0.04052	0.00887	0.23141	0.34905	0.17128	0.01719	0.01610	0.01236	0.00641	0.00512	0.00162	0.00486	0.00515	0.00515	0.00830
33	0.68188	0.00992	0.00860	0.00736	0.01071	0.01104	0.00607	0.04937	0.01038	0.15061	0.00954	0.01002	0.00688	0.00509	0.00359	0.00159	0.00411	0.00325	0.00379	0.00622
34	0.01303	0.01320	0.01764	0.15105	0.45237	0.12970	0.01352	0.03121	0.06110	0.01602	0.01191	0.01433	0.04178	0.00532	0.00507	0.00155	0.00640	0.00473	0.00283	0.00726
35	0.11577	0.05116	0.01445	0.01111	0.01472	0.14380	0.00903	0.49285	0.01953	0.02627	0.01146	0.04591	0.00900	0.00620	0.00480	0.00151	0.00592	0.00454	0.00435	0.00761
36	0.00741	0.00495	0.00561	0.00566	0.00568	0.00494	0.00318	0.00745	0.00756	0.01009	0.01669	0.06740	0.01931	0.78495	0.02527	0.00485	0.00489	0.00777	0.00318	0.00315
37	0.00733	0.00550	0.00825	0.00825	0.00916	0.00641	0.00641	0.00916	0.00825	0.01191	0.01374	0.02016	0.01283	0.03848	0.79934	0.00825	0.01374	0.00550	0.00275	0.00458
38	0.85592	0.00992	0.00754	0.00675	0.00992	0.01151	0.00556	0.01508	0.00873	0.02302	0.00714	0.00834	0.00556	0.00476	0.00318	0.00159	0.00397	0.00278	0.00318	0.00556
39	0.01106	0.00921	0.01074	0.00773	0.01221	0.00709	0.00620	0.03596	0.01118	0.03052	0.02238	0.01127	0.00840	0.00403	0.00390	0.00081	0.00384	0.00323	0.00320	0.79703
40	0.80928	0.01084	0.05087	0.00718	0.01060	0.01153	0.00630	0.01515	0.00885	0.02265	0.00726	0.00847	0.00561	0.00477	0.00327	0.00159	0.00417	0.00283	0.00312	0.00567
41	0.81829	0.01002	0.00813	0.00785	0.04463	0.01154	0.00601	0.01511	0.00886	0.02274	0.00726	0.00853	0.00567	0.00475	0.00326	0.00158	0.00406	0.00286	0.00315	0.00567
42	0.01745	0.11354	0.01471	0.00969	0.01387	0.01203	0.00814	0.28102	0.03435	0.22676	0.01321	0.01293	0.00940	0.00545	0.00459	0.00132	0.00481	0.00418	0.00459	0.20798
43	0.00733	0.00550	0.00825	0.00825	0.00916	0.00641	0.00641	0.00916	0.00825	0.01191	0.01374	0.02016	0.01283	0.03848	0.79934	0.00825	0.01374	0.00550	0.00275	0.00458
44	0.01960	0.00874	0.01122	0.00882	0.01226	0.00815	0.02016	0.10952	0.02717	0.52432	0.01846	0.01716	0.01229	0.00623	0.00486	0.00151	0.00419	0.00505	0.17237	0.00791
45	0.00799	0.00567	0.00763	0.00832	0.00954	0.00547	0.00696	0.01017	0.01227	0.02902	0.18172	0.10040	0.10065	0.01332	0.00672	0.00213	0.00396	0.47840	0.00494	0.00474
46	0.00746	0.00497	0.00560	0.00560	0.00560	0.00497	0.00311	0.00746	0.00746	0.00995	0.01617	0.03358	0.01865	0.81967	0.02612	0.00497	0.00497	0.00746	0.00311	0.00311
47	0.02263	0.00936	0.01230	0.00943	0.01341	0.00848	0.00779	0.10831	0.01574	0.70643	0.01936	0.01689	0.01226	0.00633	0.00516	0.00158	0.00451	0.00510	0.00621	0.00873
48	0.85592	0.00992	0.00754	0.00675	0.00992	0.01151	0.00556	0.01508	0.00873	0.02302	0.00714	0.00834	0.00556	0.00476	0.00318	0.00159	0.00397	0.00278	0.00318	0.00556
49	0.01195	0.01144	0.01942	0.21696	0.59215	0.01207	0.01530	0.01505	0.01127	0.01580	0.00947	0.01291	0.00779	0.00479	0.00532	0.00158	0.02220	0.00457	0.00247	0.00750
50	0.01299	0.65279	0.19045	0.01003	0.01510	0.01851	0.01095	0.01555	0.01051	0.01296	0.00758	0.00879	0.00657	0.00449	0.00363	0.00121	0.00593	0.00297	0.00219	0.00680
51	0.02244	0.00860	0.01172	0.00903	0.01290	0.00744	0.00744	0.02444	0.01468	0.76280	0.04844	0.01823	0.01402	0.00650	0.00519	0.00159	0.00429	0.00531	0.00632	0.00859
52	0.01913	0.01402	0.01506	0.01165	0.01567	0.01551	0.00959	0.70345	0.07446	0.04920	0.01308	0.01290	0.00928	0.00622	0.00514	0.00155	0.00551	0.00471	0.00517	0.00869
53	0.00969	0.00912	0.01539	0.80734	0.03534	0.01140	0.01425	0.01311	0.01026	0.01311	0.00912	0.01368	0.00684	0.00513	0.00513	0.00171	0.00684	0.00456	0.00228	0.00570
54	0.07623	0.00881	0.01163	0.00898	0.01290	0.00780	0.00741	0.02437	0.01431	0.74215	0.01941	0.01688	0.01225	0.00625	0.00503	0.00159	0.00434	0.00501	0.00615	0.00853
55	0.00625	0.00447	0.00595	0.00714	0.00744	0.00417	0.00476	0.00714	0.00982	0.01310	0.02828	0.81633	0.03394	0.01608	0.00655	0.00208	0.00298	0.01459	0.00476	0.00417
56	0.18319	0.00896	0.01107	0.00867	0.01249	0.00830	0.00716	0.02310	0.01354	0.64349	0.01772	0.01571	0.01133	0.00605	0.00478	0.00159	0.00429	0.00470	0.00574	0.00812
57	0.01270	0.01219	0.02083	0.03149	0.78767	0.01219	0.01575	0.01575	0.01168	0.01676	0.00965	0.01270	0.00813	0.00457	0.00508	0.00152	0.00610	0.00457	0.00254	0.00813
58	0.00827	0.00591	0.00827	0.00945	0.01063	0.00591	0.00827	0.01063	0.01181	0.01536	0.02717	0.05788	0.02953	0.01417	0.00709	0.00236	0.00472	0.75313	0.00472	0.00472
59	0.01925	0.01424	0.01525	0.01175	0.01581	0.01579	0.00969	0.74231	0.05279	0.03192	0.01264	0.01258	0.00899	0.00619	0.00514	0.00155	0.00559	0.00466	0.00514	0.00870
60	0.01271	0.01202	0.01947	0.02839	0.67343	0.01228	0.01462	0.01745	0.12480	0.01746	0.01131	0.01365	0.00924	0.00492	0.00510	0.00156	0.00580	0.00475	0.00294	0.00813
61	0.01741	0.11545	0.03273	0.01537	0.12954	0.54590	0.01082	0.04808	0.01393	0.01396	0.00829	0.00979	0.00691	0.00510	0.00456	0.00134	0.00817	0.00349	0.00266	0.00648
62	0.01191	0.17445	0.46410	0.01250	0.01861	0.01269	0.04385	0.03166	0.01137	0.06827	0.01151	0.01259	0.04076	0.00517	0.00463	0.00147	0.00651	0.00405	0.00270	0.06121
63	0.01227	0.12770	0.53900	0.01295	0.01927	0.01227	0.02775	0.03206	0.01148	0.10632	0.01113	0.04615	0.00849	0.00548	0.00480	0.00157	0.00671	0.00433	0.00284	0.00745
64	0.01350	0.77190	0.07583	0.00915	0.01375	0.01977	0.00943	0.01542	0.01045	0.01234	0.00727	0.00840	0.00658	0.00442	0.00339	0.00113	0.00562	0.00281	0.00219	0.00665
65	0.00693	0.00523	0.00640	0.00611	0.00746	0.00470	0.00458	0.00904	0.01374	0.01871	0.58169	0.04139	0.25284	0.01118	0.00606	0.00165	0.00247	0.00971	0.00540	0.00470
66	0.01533	0.01146	0.01228	0.01001	0.01322	0.01259	0.00807	0.43631	0.17665	0.02670	0.07822	0.01894	0.06704	0.00712	0.00515	0.00157	0.00456	0.00567	0.08147	0.00764
67	0.24076	0.05436	0.01139	0.00810	0.01215	0.00993	0.00669	0.09949	0.01215	0.12164	0.01030	0.01097	0.00779	0.00469	0.00393	0.00120	0.00422	0.00341	0.00370	0.37313
68	0.01740	0.20180	0.01750	0.01082	0.01486	0.07802	0.00920	0.47457	0.01910	0.02485	0.01065	0.01114	0.00807	0.00553	0.00455	0.00136	0.00572	0.00398	0.01914	0.06175
69	0.00632	0.00454	0.00590	0.00696	0.00739	0.00420	0.00469	0.00730	0.01007	0.01342	0.04663	0.73288	0.08467	0.01556	0.00645	0.00203	0.00293	0.01404	0.01980	0.00420
70	0.01395	0.50065	0.12093	0.01039	0.01485	0.03989	0.02485	0.13128	0.01284	0.01619	0.04187	0.01071	0.00874	0.00514	0.00437	0.00131	0.02872	0.00358	0.00281	0.00693
71	0.77804	0.08509	0.00933	0.00694	0.01022	0.01232	0.00585	0.01511	0.00889	0.02201	0.00714	0.00833	0.00565	0.00473	0.00319	0.00154	0.00411	0.00278	0.00308	0.00565
72	0.00625	0.00447	0.00595	0.00714	0.00744	0.00417	0.00476	0.00714	0.00982	0.01310	0.02828	0.81633	0.03394	0.01608	0.00655	0.00208	0.00298	0.01459	0.00476	0.00417
73	0.01649	0.01288	0.01370	0.01120	0.01476	0.01451	0.00902	0.43850	0.36109	0.02748	0.01615	0.01537	0.01183	0.00652	0.00517	0.00163	0.00494	0.00515	0.00517	0.00846
74	0.01124	0.25530	0.53884	0.01289	0.01935	0.01419	0.03044	0.01584	0.01083	0.01515	0.02679	0.01079	0.00753	0.00486	0.00447	0.00147	0.00688	0.00366	0.00226	0.00722
75	0.01270	0.01219	0.02083	0.03149	0.78767	0.01219	0.01575	0.01575	0.01168	0.01676	0.00965	0.01270	0.00813	0.00457	0.00508	0.00152	0.00610	0.00457	0.00254	0.00813
76	0.01029	0.02654	0.79309	0.01462	0.02221	0.01192	0.01896	0.01625	0.01083	0.01625	0.00921	0.01083	0.00650	0.00487	0.00487	0.00162	0.00758	0.00379	0.00217	0.00758
77	0.00690	0.00530	0.00647	0.00714	0.00838	0.00487	0.00566	0.00850	0.01135	0.01424	0.03809	0.21106	0.35630	0.01406	0.00654	0.00203	0.00345	0.28047	0.00475	0.00444
78	0.63252	0.04254	0.00958	0.00786	0.01109	0.06366	0.00643	0.04945	0.07210	0.05156	0.00903	0.00978	0.00689	0.00508	0.00360	0.00156	0.00447	0.00323	0.00347	0.00609
79	0.00803	0.00609	0.00750	0.00700	0.00847	0.00599	0.00529	0.01219	0.12613	0.02051	0.65238	0.03584	0.06461	0.01005	0.00593	0.00164	0.00267	0.00881	0.00556	0.00531
80	0.00625	0.00447	0.00595	0.00714	0.00744	0.00417	0.00476	0.00714	0.00982	0.01310	0.02828	0.81633	0.03394	0.01608	0.00655	0.00208	0.00298	0.01459	0.00476	0.00417
81	0.01694	0.16518	0.06332	0.01163	0.01513	0.34098	0.04399	0.02967	0.04234	0.15237	0.01202	0.06281	0.00986	0.00601	0.00471	0.00143	0.00692	0.00452	0.00346	0.00671
82	0.01396	0.78714	0.02634	0.00898	0.01329	0.05506	0.00883	0.01559	0.01061	0.01209	0.00717	0.00828	0.00659	0.00443	0.00335	0.00111	0.00566	0.00277	0.00221	0.00656
83	0.00891	0.00446	0.00668	0.00668	0.00668	0.00446	0.00446	0.00668	0.00668	0.00891	0.00891	0.01560	0.00891	0.01783	0.02005	0.85071	0.00446	0.00446	0.00223	0.00223
84	0.01031	0.05679	0.73279	0.01408	0.02129	0.01197	0.01801	0.01596	0.01096	0.01625	0.03912	0.01179	0.00812	0.00507	0.00486	0.00160	0.00730	0.00396	0.00230	0.00744
85	0.01316	0.01276	0.01780	0.08634	0.48296	0.07690	0.01340	0.03587	0.17455	0.01749	0.01191	0.01385	0.00951	0.00522	0.00508	0.00157	0.00597	0.00473	0.00316	0.00777
86	0.01270	0.01219	0.02083	0.03149	0.78767	0.01219	0.01575	0.01575	0.01168	0.01676	0.00965	0.01270	0.00813	0.00457	0.00508	0.00152	0.00610	0.00457	0.00254	0.00813
87	0.00746	0.00497	0.00560	0.00560	0.00560	0.00497	0.00311	0.00746	0.00746	0.00995	0.01617	0.03358	0.01865	0.81967	0.02612	0.00497	0.00497	0.00746	0.00311	0.00311
88	0.01158	0.01850	0.37624	0.01549	0.02120	0.01150	0.25634	0.06402	0.01262	0.04796	0.08751	0.01559	0.02627	0.00555	0.00542	0.00165	0.00707	0.00530	0.00305	0.00716
89	0.02143	0.06080	0.01275	0.00908	0.01294	0.00859	0.00758	0.05685	0.01483	0.66671	0.05961	0.01775	0.01403	0.00644	0.00509	0.00156	0.00439	0.00520	0.00599	0.00839
90	0.01270	0.01219	0.02083	0.03149	0.78767	0.01219	0.01575	0.01575	0.01168	0.01676	0.00965	0.01270	0.00813	0.00457	0.00508	0.00152	0.00610	0.00457	0.00254	0.00813
91	0.00733	0.00550	0.00825	0.00825	0.00916	0.00641	0.00641	0.00916	0.00825	0.01191	0.01374	0.02016	0.01283	0.03848	0.79934	0.00825	0.01374	0.00550	0.00275	0.00458
92	0.01095	0.00930	0.01080	0.00775	0.01229	0.00715	0.00621	0.03907	0.01111	0.01726	0.00923	0.01070	0.00764	0.00388	0.00385	0.00079	0.00386	0.00309	0.00311	0.82197
93	0.00696	0.00523	0.00644	0.00614	0.00748	0.00471	0.00460	0.00910	0.01381	0.01889	0.60076	0.04111	0.23366	0.01112	0.00605	0.00164	0.00247	0.00967	0.00543	0.00471
94	0.00726	0.00524	0.00686	0.00646	0.00767	0.00484	0.00484	0.00968	0.01452	0.02058	0.78496	0.03833	0.04841	0.01049	0.00605	0.00161	0.00242	0.00928	0.00565	0.00484
95	0.74286	0.00976	0.00813	0.00707	0.01035	0.01097	0.00583	0.01643	0.00954	0.12729	0.00892	0.00957	0.00653	0.00498	0.00344	0.00159	0.00402	0.00310	0.00361	0.00599
96	0.06515	0.01016	0.01415	0.53733	0.02788	0.02658	0.01215	0.06490	0.15848	0.01657	0.01143	0.01422	0.00857	0.00553	0.00501	0.00169	0.00609	0.00466	0.00309	0.00635
97	0.00701	0.00517	0.00676	0.00703	0.02285	0.00477	0.00496	0.00895	0.01301	0.01801	0.51347	0.24176	0.10298	0.01203	0.00616	0.00174	0.00265	0.01070	0.00529	0.00469
98	0.00962	0.00643	0.00813	0.00766	0.02490	0.00622	0.00569	0.01259	0.07088	0.11208	0.43451	0.06059	0.15412	0.02600	0.00667	0.00174	0.03274	0.00863	0.00529	0.00552

[dist]
# distance from previous block
# <min> <max>
0	53

# created by:
# /st0/software/busco_prod/Augustus/scripts/msa2prfl.pl ./align_prep/206860.fa
