[name]
unknown

[dist]
# distance from previous block
# <min> <max>
0	122

[block]
# block no. 0 follows, 48 sequences, length 7
# corresponding to MSA columns:
# 124-130
name=unknown_A
#
# <colnr> <probs for GDERKNQSTAVLIFYWHMCP>
#	G	D	E	R	K	N	Q	S	T	A	V	L	I	F	Y	W	H	M	C	P
0	0.01061	0.00621	0.00860	0.00908	0.01063	0.00596	0.00766	0.01270	0.01205	0.15275	0.02609	0.15509	0.02715	0.01305	0.00667	0.00219	0.00442	0.51873	0.00502	0.00536
1	0.04844	0.01049	0.05183	0.01011	0.01420	0.00919	0.03632	0.08398	0.07729	0.57466	0.01831	0.01642	0.01190	0.00618	0.00512	0.00160	0.00475	0.00505	0.00571	0.00845
2	0.00728	0.00547	0.00793	0.00820	0.00905	0.00522	0.05020	0.00876	0.01067	0.01431	0.11881	0.42649	0.03150	0.10782	0.00885	0.00240	0.00383	0.16427	0.00454	0.00440
3	0.06188	0.01259	0.04864	0.01688	0.02086	0.01226	0.44270	0.01569	0.01107	0.06716	0.01030	0.01335	0.00800	0.00691	0.04627	0.00206	0.13928	0.00527	0.00284	0.05602
4	0.04234	0.07142	0.01157	0.00905	0.01135	0.00825	0.05995	0.03676	0.07045	0.16880	0.14478	0.23789	0.02370	0.01136	0.05105	0.00211	0.00460	0.02375	0.00474	0.00608
5	0.01188	0.01001	0.01449	0.01108	0.03959	0.00847	0.14235	0.05419	0.01219	0.06216	0.07109	0.01393	0.01121	0.00471	0.00457	0.00111	0.00476	0.00432	0.00345	0.51444
6	0.01436	0.00905	0.01073	0.00883	0.01199	0.00876	0.00706	0.12371	0.14568	0.21114	0.14621	0.04587	0.04682	0.00749	0.00522	0.00152	0.00398	0.03277	0.00513	0.15368

[dist]
# distance from previous block
# <min> <max>
5	34

[block]
# block no. 1 follows, 48 sequences, length 14
# corresponding to MSA columns:
# 166-179
name=unknown_B
#
# <colnr> <probs for GDERKNQSTAVLIFYWHMCP>
#	G	D	E	R	K	N	Q	S	T	A	V	L	I	F	Y	W	H	M	C	P
0	0.01557	0.28098	0.01740	0.01011	0.01372	0.19957	0.00853	0.05222	0.10214	0.09861	0.01097	0.01156	0.00869	0.00603	0.02385	0.00145	0.01920	0.00371	0.00335	0.11234
1	0.09605	0.00984	0.01365	0.27324	0.02091	0.01014	0.06059	0.06492	0.04981	0.10200	0.01133	0.02604	0.00862	0.00516	0.00468	0.00143	0.00533	0.00438	0.00341	0.22847
2	0.01153	0.00818	0.00875	0.00821	0.00970	0.07691	0.00600	0.01393	0.09170	0.13451	0.01914	0.15155	0.03094	0.24347	0.04640	0.02404	0.02249	0.05862	0.00414	0.02977
3	0.01788	0.00842	0.01128	0.07244	0.01398	0.00760	0.00752	0.04739	0.01339	0.49085	0.01846	0.10825	0.01406	0.03166	0.00578	0.00165	0.00440	0.00598	0.00528	0.11370
4	0.00704	0.00549	0.00802	0.00837	0.00897	0.00546	0.04987	0.00817	0.00981	0.01318	0.02527	0.64157	0.02978	0.06101	0.00825	0.00225	0.04895	0.04974	0.00440	0.00438
5	0.01122	0.01069	0.01816	0.41194	0.41875	0.01180	0.01501	0.01445	0.01099	0.01497	0.00939	0.01318	0.00750	0.00485	0.00510	0.00162	0.00646	0.00457	0.00241	0.00694
6	0.01951	0.01437	0.01540	0.01181	0.01591	0.01591	0.00975	0.77056	0.02412	0.03234	0.01232	0.01232	0.00873	0.00616	0.00513	0.00154	0.00565	0.00462	0.00513	0.00873
7	0.01999	0.01359	0.01492	0.01144	0.01552	0.01475	0.00945	0.66731	0.02282	0.13744	0.01342	0.01303	0.00928	0.00619	0.00514	0.00155	0.00547	0.00469	0.00530	0.00873
8	0.00828	0.00565	0.00644	0.00620	0.00654	0.00582	0.00378	0.06003	0.00866	0.01162	0.01574	0.03123	0.01759	0.71237	0.07553	0.00495	0.00560	0.00714	0.00322	0.00359
9	0.00909	0.00666	0.00719	0.00695	0.00785	0.03215	0.00472	0.09954	0.01094	0.01469	0.04713	0.19331	0.06509	0.36879	0.04100	0.00337	0.00466	0.00848	0.06401	0.00439
10	0.01724	0.01276	0.01303	0.01029	0.01390	0.08553	0.00827	0.41337	0.01844	0.11502	0.01326	0.04016	0.01024	0.03479	0.00561	0.00153	0.00529	0.00477	0.04645	0.13006
11	0.09462	0.00929	0.01072	0.02464	0.01249	0.00861	0.00683	0.09293	0.04984	0.07115	0.01127	0.01292	0.00901	0.00953	0.11942	0.00213	0.00556	0.00385	0.00355	0.44165
12	0.06319	0.01087	0.01295	0.01026	0.01364	0.01131	0.04554	0.35876	0.01635	0.05081	0.01230	0.04294	0.00998	0.01119	0.12075	0.04245	0.00636	0.00482	0.00408	0.15145
13	0.01072	0.00810	0.00971	0.06414	0.01205	0.00865	0.00702	0.21990	0.04201	0.01974	0.10512	0.32494	0.07795	0.01093	0.00613	0.00180	0.02666	0.00941	0.02920	0.00582

[dist]
# distance from previous block
# <min> <max>
6	21

[block]
# block no. 2 follows, 48 sequences, length 10
# corresponding to MSA columns:
# 201-210
name=unknown_C
#
# <colnr> <probs for GDERKNQSTAVLIFYWHMCP>
#	G	D	E	R	K	N	Q	S	T	A	V	L	I	F	Y	W	H	M	C	P
0	0.06743	0.00931	0.01080	0.00892	0.02859	0.00873	0.00692	0.12937	0.07095	0.15649	0.07720	0.06383	0.05699	0.00667	0.00480	0.00136	0.00403	0.00547	0.00450	0.27763
1	0.01761	0.01023	0.01278	0.02820	0.03057	0.01061	0.00876	0.22812	0.05935	0.31667	0.01707	0.02022	0.01302	0.00845	0.03485	0.00194	0.05640	0.09250	0.00512	0.02754
2	0.10136	0.00996	0.01143	0.00925	0.01281	0.01000	0.00747	0.13139	0.17493	0.32623	0.01805	0.03964	0.03470	0.00653	0.00491	0.00156	0.00431	0.00522	0.00522	0.08501
3	0.04458	0.00950	0.01226	0.06818	0.01484	0.00881	0.00803	0.10837	0.01471	0.51562	0.01657	0.01537	0.01089	0.00584	0.00491	0.00148	0.00461	0.00469	0.00536	0.12538
4	0.04527	0.00933	0.01087	0.00792	0.01234	0.00749	0.00638	0.04702	0.01160	0.10367	0.01042	0.01138	0.00814	0.00422	0.00398	0.00092	0.00395	0.00333	0.00350	0.68827
5	0.01158	0.01070	0.01750	0.44787	0.32544	0.01204	0.01450	0.07014	0.01184	0.01595	0.00956	0.01320	0.00748	0.00499	0.00511	0.00163	0.00646	0.00457	0.00259	0.00686
6	0.00698	0.00510	0.00571	0.00568	0.00639	0.00484	0.00369	0.00767	0.00934	0.01201	0.07378	0.03828	0.27584	0.45273	0.06739	0.00390	0.00459	0.00857	0.00379	0.00371
7	0.01759	0.01296	0.01395	0.01108	0.01470	0.01435	0.00896	0.55363	0.17021	0.05553	0.01450	0.01510	0.01081	0.05481	0.00640	0.00179	0.00525	0.00504	0.00507	0.00827
8	0.00827	0.00591	0.00827	0.00945	0.01063	0.00591	0.00827	0.01063	0.01181	0.01536	0.02717	0.05788	0.02953	0.01417	0.00709	0.00236	0.00472	0.75313	0.00472	0.00472
9	0.00969	0.00912	0.01539	0.80734	0.03534	0.01140	0.01425	0.01311	0.01026	0.01311	0.00912	0.01368	0.00684	0.00513	0.00513	0.00171	0.00684	0.00456	0.00228	0.00570

[dist]
# distance from previous block
# <min> <max>
0	3

[block]
# block no. 3 follows, 48 sequences, length 18
# corresponding to MSA columns:
# 214-231
name=unknown_D
#
# <colnr> <probs for GDERKNQSTAVLIFYWHMCP>
#	G	D	E	R	K	N	Q	S	T	A	V	L	I	F	Y	W	H	M	C	P
0	0.00862	0.00550	0.00724	0.00676	0.00814	0.00503	0.00508	0.01086	0.01413	0.09052	0.64860	0.10458	0.04387	0.01060	0.00601	0.00165	0.00265	0.00937	0.00564	0.00514
1	0.02086	0.01015	0.04337	0.00968	0.01365	0.00899	0.00822	0.10300	0.08227	0.59410	0.03780	0.01732	0.01317	0.00643	0.00517	0.00160	0.00456	0.00521	0.00594	0.00854
2	0.01898	0.01421	0.01472	0.01157	0.01545	0.05799	0.00945	0.60213	0.10428	0.07811	0.01350	0.01321	0.00961	0.00621	0.00512	0.00155	0.00559	0.00471	0.00508	0.00851
3	0.01314	0.01302	0.02040	0.03026	0.73537	0.06551	0.01535	0.01607	0.01188	0.01648	0.00953	0.01247	0.00802	0.00462	0.00505	0.00151	0.00631	0.00449	0.00255	0.00798
4	0.01216	0.01387	0.05076	0.02174	0.10487	0.01285	0.62034	0.01704	0.06053	0.01678	0.01093	0.01397	0.00828	0.00453	0.00587	0.00171	0.00806	0.00582	0.00274	0.00714
5	0.02208	0.00953	0.01232	0.00952	0.01345	0.00882	0.00784	0.11546	0.05389	0.66091	0.01931	0.01692	0.01237	0.00636	0.00516	0.00159	0.00451	0.00513	0.00615	0.00870
6	0.00733	0.00550	0.00825	0.00825	0.00916	0.00641	0.00641	0.00916	0.00825	0.01191	0.01374	0.02016	0.01283	0.03848	0.79934	0.00825	0.01374	0.00550	0.00275	0.00458
7	0.00606	0.00520	0.00520	0.00520	0.00693	0.00433	0.00390	0.00736	0.01170	0.01386	0.05198	0.04938	0.78558	0.01299	0.00606	0.00173	0.00260	0.01083	0.00476	0.00433
8	0.00956	0.00478	0.00478	0.00478	0.00598	0.00478	0.00359	0.01196	0.01076	0.01913	0.01674	0.01913	0.01315	0.00598	0.00359	0.00120	0.00239	0.00478	0.84816	0.00478
9	0.01041	0.00964	0.01606	0.68060	0.03268	0.01160	0.06144	0.06448	0.01130	0.01462	0.00997	0.03677	0.00781	0.00546	0.00523	0.00171	0.00676	0.00495	0.00256	0.00594
10	0.01372	0.82276	0.02689	0.00878	0.01317	0.02030	0.00878	0.01536	0.01043	0.01207	0.00713	0.00823	0.00658	0.00439	0.00329	0.00110	0.00549	0.00274	0.00219	0.00658
11	0.00956	0.00478	0.00478	0.00478	0.00598	0.00478	0.00359	0.01196	0.01076	0.01913	0.01674	0.01913	0.01315	0.00598	0.00359	0.00120	0.00239	0.00478	0.84816	0.00478
12	0.85592	0.00992	0.00754	0.00675	0.00992	0.01151	0.00556	0.01508	0.00873	0.02302	0.00714	0.00834	0.00556	0.00476	0.00318	0.00159	0.00397	0.00278	0.00318	0.00556
13	0.00733	0.00550	0.00825	0.00825	0.00916	0.00641	0.00641	0.00916	0.00825	0.01191	0.01374	0.02016	0.01283	0.03848	0.79934	0.00825	0.01374	0.00550	0.00275	0.00458
14	0.00615	0.00520	0.00531	0.00528	0.00698	0.00437	0.00396	0.00752	0.01189	0.01432	0.10248	0.04862	0.73479	0.01282	0.00606	0.00172	0.00259	0.01072	0.00483	0.00437
15	0.00733	0.00550	0.00825	0.00825	0.00916	0.00641	0.00641	0.00916	0.00825	0.01191	0.01374	0.02016	0.01283	0.03848	0.79934	0.00825	0.01374	0.00550	0.00275	0.00458
16	0.01879	0.02298	0.01499	0.01426	0.06416	0.69508	0.01027	0.07264	0.01503	0.01420	0.00835	0.00968	0.00685	0.00530	0.00469	0.00135	0.00880	0.00348	0.00281	0.00628
17	0.01311	0.68034	0.16394	0.00983	0.01479	0.01880	0.01060	0.01552	0.01050	0.01282	0.00750	0.00870	0.00657	0.00448	0.00358	0.00119	0.00586	0.00293	0.00219	0.00676

[dist]
# distance from previous block
# <min> <max>
0	1

[block]
# block no. 4 follows, 48 sequences, length 6
# corresponding to MSA columns:
# 233-238
name=unknown_E
#
# <colnr> <probs for GDERKNQSTAVLIFYWHMCP>
#	G	D	E	R	K	N	Q	S	T	A	V	L	I	F	Y	W	H	M	C	P
0	0.01055	0.01000	0.01695	0.58473	0.25120	0.01163	0.01468	0.01387	0.01067	0.01416	0.00927	0.01340	0.00721	0.00497	0.00512	0.00166	0.00663	0.00456	0.00235	0.00640
1	0.01265	0.01163	0.01582	0.01500	0.11655	0.01272	0.13208	0.02401	0.55453	0.02004	0.01772	0.01745	0.01341	0.00622	0.00534	0.00171	0.00507	0.00568	0.00445	0.00793
2	0.01178	0.00908	0.01076	0.00774	0.01225	0.00690	0.00621	0.01404	0.01101	0.08822	0.01015	0.01127	0.00807	0.00404	0.00393	0.00084	0.00385	0.00324	0.00335	0.77328
3	0.00746	0.00497	0.00560	0.00560	0.00560	0.00497	0.00311	0.00746	0.00746	0.00995	0.01617	0.03358	0.01865	0.81967	0.02612	0.00497	0.00497	0.00746	0.00311	0.00311
4	0.01249	0.22216	0.40779	0.01213	0.01785	0.01414	0.01377	0.05066	0.13550	0.05010	0.01118	0.01187	0.00836	0.00521	0.00456	0.00151	0.00627	0.00395	0.00298	0.00752
5	0.01374	0.01270	0.02083	0.02739	0.59206	0.01287	0.08497	0.13778	0.01373	0.01925	0.01015	0.01274	0.00819	0.00481	0.00518	0.00155	0.00626	0.00472	0.00296	0.00811

[dist]
# distance from previous block
# <min> <max>
0	1

[block]
# block no. 5 follows, 48 sequences, length 44
# corresponding to MSA columns:
# 240-283
name=unknown_F
#
# <colnr> <probs for GDERKNQSTAVLIFYWHMCP>
#	G	D	E	R	K	N	Q	S	T	A	V	L	I	F	Y	W	H	M	C	P
0	0.00700	0.00552	0.00844	0.00890	0.02922	0.00517	0.06830	0.00839	0.01054	0.01422	0.10276	0.65057	0.03257	0.01424	0.00642	0.00199	0.00347	0.01309	0.00462	0.00457
1	0.01238	0.00970	0.01160	0.00841	0.01290	0.00790	0.02255	0.08723	0.01225	0.07126	0.01022	0.01134	0.00806	0.00421	0.00407	0.00091	0.00412	0.00340	0.00346	0.69404
2	0.01391	0.75246	0.02568	0.00904	0.01329	0.05283	0.00880	0.01612	0.04524	0.01252	0.00779	0.00877	0.00700	0.00454	0.00344	0.00114	0.00558	0.00291	0.00235	0.00663
3	0.03677	0.11755	0.01870	0.02030	0.34961	0.27885	0.01218	0.07753	0.01341	0.01616	0.00891	0.01084	0.00741	0.00492	0.00466	0.00141	0.00700	0.00388	0.00275	0.00718
4	0.00734	0.00548	0.00814	0.00814	0.00901	0.00635	0.00628	0.00909	0.00821	0.01183	0.01384	0.02072	0.01307	0.07110	0.76706	0.00811	0.01338	0.00558	0.00276	0.00452
5	0.00893	0.00618	0.00701	0.00660	0.00719	0.00642	0.00422	0.10455	0.00972	0.01304	0.01604	0.06277	0.01769	0.63714	0.06774	0.00461	0.00549	0.00728	0.00341	0.00395
6	0.00956	0.00478	0.00478	0.00478	0.00598	0.00478	0.00359	0.01196	0.01076	0.01913	0.01674	0.01913	0.01315	0.00598	0.00359	0.00120	0.00239	0.00478	0.84816	0.00478
7	0.01064	0.00912	0.01064	0.00760	0.01216	0.00684	0.00608	0.01292	0.01064	0.01672	0.00912	0.01064	0.00760	0.00380	0.00380	0.00076	0.00380	0.00304	0.00304	0.85104
8	0.00726	0.00524	0.00686	0.00646	0.00767	0.00484	0.00484	0.00968	0.01452	0.02058	0.78496	0.03833	0.04841	0.01049	0.00605	0.00161	0.00242	0.00928	0.00565	0.00484
9	0.00956	0.00478	0.00478	0.00478	0.00598	0.00478	0.00359	0.01196	0.01076	0.01913	0.01674	0.01913	0.01315	0.00598	0.00359	0.00120	0.00239	0.00478	0.84816	0.00478
10	0.61616	0.00921	0.00827	0.00726	0.01034	0.01008	0.00588	0.01636	0.01001	0.17487	0.01159	0.08069	0.00945	0.00607	0.00386	0.00163	0.00396	0.00428	0.00395	0.00607
11	0.02302	0.00873	0.01191	0.00913	0.01310	0.00754	0.00754	0.02501	0.01469	0.79122	0.02024	0.01746	0.01270	0.00635	0.00516	0.00159	0.00437	0.00516	0.00635	0.00873
12	0.01064	0.00912	0.01064	0.00760	0.01216	0.00684	0.00608	0.01292	0.01064	0.01672	0.00912	0.01064	0.00760	0.00380	0.00380	0.00076	0.00380	0.00304	0.00304	0.85104
13	0.01270	0.01219	0.02083	0.03149	0.78767	0.01219	0.01575	0.01575	0.01168	0.01676	0.00965	0.01270	0.00813	0.00457	0.00508	0.00152	0.00610	0.00457	0.00254	0.00813
14	0.00969	0.00912	0.01539	0.80734	0.03534	0.01140	0.01425	0.01311	0.01026	0.01311	0.00912	0.01368	0.00684	0.00513	0.00513	0.00171	0.00684	0.00456	0.00228	0.00570
15	0.00969	0.00912	0.01539	0.80734	0.03534	0.01140	0.01425	0.01311	0.01026	0.01311	0.00912	0.01368	0.00684	0.00513	0.00513	0.00171	0.00684	0.00456	0.00228	0.00570
16	0.00746	0.00497	0.00560	0.00560	0.00560	0.00497	0.00311	0.00746	0.00746	0.00995	0.01617	0.03358	0.01865	0.81967	0.02612	0.00497	0.00497	0.00746	0.00311	0.00311
17	0.01025	0.00969	0.01640	0.66313	0.17517	0.01155	0.01453	0.01360	0.01052	0.01379	0.00922	0.01350	0.00708	0.00503	0.00512	0.00168	0.00670	0.00456	0.00233	0.00615
18	0.01230	0.00917	0.02508	0.00863	0.01264	0.00738	0.04250	0.01539	0.05395	0.13869	0.11587	0.01605	0.01432	0.00532	0.00452	0.00112	0.00401	0.00452	0.00399	0.50455
19	0.00733	0.00550	0.00825	0.00825	0.00916	0.00641	0.00641	0.00916	0.00825	0.01191	0.01374	0.02016	0.01283	0.03848	0.79934	0.00825	0.01374	0.00550	0.00275	0.00458
20	0.04768	0.06975	0.36840	0.01369	0.01913	0.01167	0.14148	0.01731	0.07374	0.08880	0.02633	0.01665	0.01061	0.00590	0.00516	0.00167	0.00657	0.06507	0.00319	0.00719
21	0.01110	0.00983	0.04413	0.00843	0.01289	0.00730	0.02917	0.01382	0.02986	0.05159	0.01075	0.04490	0.00909	0.00457	0.00412	0.00094	0.00410	0.00381	0.00327	0.69634
22	0.01614	0.09584	0.01486	0.01283	0.15016	0.01017	0.00886	0.05035	0.05681	0.28751	0.01370	0.01369	0.00988	0.00517	0.00458	0.00131	0.00467	0.00424	0.00423	0.23499
23	0.00726	0.00524	0.00686	0.00646	0.00767	0.00484	0.00484	0.00968	0.01452	0.02058	0.78496	0.03833	0.04841	0.01049	0.00605	0.00161	0.00242	0.00928	0.00565	0.00484
24	0.01807	0.01255	0.01274	0.01061	0.01404	0.10950	0.00845	0.15834	0.30243	0.27054	0.01754	0.01615	0.01234	0.00641	0.00511	0.00160	0.00509	0.00507	0.00525	0.00816
25	0.01217	0.01165	0.01987	0.16762	0.65567	0.01205	0.01548	0.01528	0.01143	0.01612	0.00956	0.01287	0.00790	0.00467	0.00509	0.00156	0.00623	0.00457	0.00249	0.00770
26	0.05048	0.18932	0.01683	0.01237	0.03402	0.56649	0.00956	0.01881	0.01323	0.01296	0.00792	0.00936	0.00676	0.00590	0.02432	0.00147	0.00830	0.00325	0.00257	0.00609
27	0.02062	0.05527	0.01238	0.00889	0.01268	0.00820	0.00738	0.03849	0.01446	0.63579	0.08073	0.01823	0.01494	0.00646	0.00507	0.00153	0.00428	0.00525	0.00589	0.04346
28	0.01917	0.02445	0.01454	0.01322	0.01586	0.79907	0.00991	0.02049	0.01454	0.01256	0.00793	0.00925	0.00661	0.00529	0.00463	0.00132	0.00925	0.00330	0.00264	0.00595
29	0.01642	0.30808	0.13024	0.01089	0.01554	0.03311	0.03144	0.19681	0.02861	0.16494	0.01149	0.01169	0.00843	0.00531	0.00445	0.00140	0.00576	0.00396	0.00375	0.00766
30	0.02799	0.01002	0.01209	0.01317	0.13913	0.01100	0.00878	0.02159	0.46963	0.04851	0.02051	0.07765	0.04264	0.03165	0.00598	0.00184	0.00433	0.04145	0.00465	0.00738
31	0.03009	0.64491	0.11044	0.00949	0.01418	0.01826	0.00979	0.03559	0.01107	0.06399	0.00835	0.00923	0.00701	0.00462	0.00364	0.00121	0.00562	0.00307	0.00256	0.00687
32	0.00934	0.00583	0.00751	0.00685	0.00847	0.00536	0.00522	0.01193	0.03552	0.11953	0.59438	0.05875	0.09088	0.01019	0.00593	0.00164	0.00275	0.00891	0.00564	0.00538
33	0.00969	0.00912	0.01539	0.80734	0.03534	0.01140	0.01425	0.01311	0.01026	0.01311	0.00912	0.01368	0.00684	0.00513	0.00513	0.00171	0.00684	0.00456	0.00228	0.00570
34	0.01268	0.01226	0.02120	0.03110	0.75738	0.01222	0.04573	0.01577	0.01170	0.01675	0.00968	0.01274	0.00811	0.00456	0.00512	0.00153	0.00620	0.00463	0.00254	0.00808
35	0.02241	0.00918	0.01284	0.00977	0.01380	0.00811	0.04046	0.05432	0.01495	0.72761	0.01950	0.01710	0.01233	0.00626	0.00520	0.00159	0.00460	0.00518	0.00614	0.00865
36	0.00969	0.00912	0.01539	0.80734	0.03534	0.01140	0.01425	0.01311	0.01026	0.01311	0.00912	0.01368	0.00684	0.00513	0.00513	0.00171	0.00684	0.00456	0.00228	0.00570
37	0.01270	0.01219	0.02083	0.03149	0.78767	0.01219	0.01575	0.01575	0.01168	0.01676	0.00965	0.01270	0.00813	0.00457	0.00508	0.00152	0.00610	0.00457	0.00254	0.00813
38	0.01763	0.01599	0.31819	0.01142	0.01679	0.00972	0.01212	0.05131	0.03277	0.43793	0.01562	0.01470	0.01019	0.00578	0.00505	0.00160	0.00567	0.00462	0.00463	0.00827
39	0.01163	0.03776	0.24973	0.01929	0.02515	0.01285	0.53411	0.01636	0.01170	0.01627	0.00996	0.01283	0.00739	0.00449	0.00565	0.00168	0.00826	0.00532	0.00246	0.00710
40	0.00627	0.00476	0.00580	0.00661	0.00740	0.00429	0.00462	0.00735	0.01050	0.01343	0.03587	0.53953	0.27575	0.01501	0.00641	0.00198	0.00292	0.04248	0.00476	0.00424
41	0.01247	0.01285	0.02458	0.02757	0.48526	0.01250	0.31515	0.01602	0.01185	0.01663	0.00994	0.01315	0.00799	0.00447	0.00547	0.00161	0.00711	0.00516	0.00256	0.00765
42	0.01094	0.01029	0.01726	0.52309	0.29370	0.01177	0.01467	0.03057	0.01105	0.01479	0.00937	0.01331	0.00732	0.00496	0.00511	0.00164	0.00656	0.00457	0.00243	0.00660
43	0.01385	0.70148	0.07398	0.00924	0.01375	0.01889	0.00934	0.01636	0.04527	0.04564	0.00844	0.00928	0.00725	0.00462	0.00356	0.00118	0.00551	0.00305	0.00251	0.00681

[dist]
# distance from previous block
# <min> <max>
0	1

[block]
# block no. 6 follows, 48 sequences, length 17
# corresponding to MSA columns:
# 285-301
name=unknown_G
#
# <colnr> <probs for GDERKNQSTAVLIFYWHMCP>
#	G	D	E	R	K	N	Q	S	T	A	V	L	I	F	Y	W	H	M	C	P
0	0.01155	0.02484	0.70063	0.01417	0.02133	0.01201	0.01776	0.07163	0.01198	0.05291	0.00994	0.01125	0.00695	0.00504	0.00491	0.00162	0.00729	0.00391	0.00257	0.00772
1	0.02217	0.01064	0.01237	0.00972	0.01354	0.08356	0.00792	0.07150	0.03469	0.64980	0.01859	0.01640	0.01195	0.00625	0.00511	0.00156	0.00490	0.00497	0.00589	0.00845
2	0.00646	0.00515	0.00572	0.00580	0.00719	0.00450	0.00428	0.00792	0.01190	0.01501	0.19398	0.11899	0.50633	0.04976	0.00706	0.00191	0.00278	0.03601	0.00486	0.00438
3	0.85592	0.00992	0.00754	0.00675	0.00992	0.01151	0.00556	0.01508	0.00873	0.02302	0.00714	0.00834	0.00556	0.00476	0.00318	0.00159	0.00397	0.00278	0.00318	0.00556
4	0.01241	0.01210	0.01772	0.13918	0.30586	0.08851	0.11593	0.06953	0.01200	0.01574	0.01080	0.01616	0.00956	0.14244	0.00873	0.00214	0.00665	0.00514	0.00280	0.00658
5	0.01833	0.00773	0.01057	0.00858	0.01166	0.00700	0.00694	0.02025	0.01332	0.56023	0.07973	0.02072	0.03326	0.03441	0.13992	0.00281	0.00577	0.00573	0.00556	0.00747
6	0.00646	0.00455	0.00589	0.00688	0.00713	0.00430	0.00448	0.00720	0.00942	0.01257	0.02624	0.68415	0.03136	0.15177	0.00985	0.00257	0.00331	0.01338	0.00448	0.00399
7	0.00987	0.00846	0.00972	0.00719	0.01128	0.00642	0.00571	0.01198	0.01082	0.01624	0.01636	0.01718	0.13897	0.00535	0.00418	0.00092	0.00360	0.00436	0.00333	0.70807
8	0.14982	0.00600	0.00590	0.00570	0.00753	0.00565	0.00433	0.00909	0.01159	0.01651	0.17485	0.04006	0.50198	0.03196	0.00609	0.00177	0.00286	0.00911	0.00461	0.00460
9	0.35436	0.00921	0.01017	0.00818	0.01184	0.00912	0.00675	0.02106	0.01232	0.48562	0.01503	0.01383	0.00986	0.00572	0.00437	0.00159	0.00421	0.00421	0.00509	0.00747
10	0.00783	0.00629	0.00667	0.00635	0.00828	0.00591	0.00483	0.01151	0.14157	0.03882	0.13078	0.04205	0.54734	0.01149	0.00589	0.00172	0.00288	0.00963	0.00499	0.00516
11	0.09267	0.00705	0.00907	0.00771	0.01007	0.00655	0.00602	0.01630	0.01262	0.35503	0.22947	0.04207	0.02184	0.00953	0.00777	0.14499	0.00377	0.00620	0.00513	0.00615
12	0.00757	0.00526	0.00686	0.00657	0.00778	0.00483	0.00488	0.00978	0.01393	0.04201	0.65725	0.12416	0.06756	0.01106	0.00608	0.00167	0.00254	0.00979	0.00554	0.00487
13	0.68749	0.01007	0.00836	0.00745	0.01060	0.01160	0.00605	0.01745	0.13888	0.04679	0.00987	0.01045	0.00749	0.00518	0.00358	0.00161	0.00400	0.00336	0.00362	0.00609
14	0.00812	0.00550	0.00696	0.00666	0.00813	0.00513	0.00505	0.00997	0.01233	0.07818	0.32901	0.09346	0.24920	0.01601	0.13997	0.00280	0.00458	0.00914	0.00490	0.00491
15	0.01411	0.00671	0.00889	0.00763	0.01001	0.00593	0.00597	0.01607	0.01384	0.36413	0.29927	0.11881	0.08799	0.00947	0.00571	0.00167	0.00337	0.00816	0.00579	0.00647
16	0.12715	0.00838	0.01099	0.14312	0.01554	0.00823	0.00793	0.01907	0.01274	0.43985	0.05003	0.05152	0.06942	0.00699	0.00505	0.00164	0.00447	0.00571	0.00504	0.00714

[dist]
# distance from previous block
# <min> <max>
0	3

[block]
# block no. 7 follows, 48 sequences, length 12
# corresponding to MSA columns:
# 305-316
name=unknown_H
#
# <colnr> <probs for GDERKNQSTAVLIFYWHMCP>
#	G	D	E	R	K	N	Q	S	T	A	V	L	I	F	Y	W	H	M	C	P
0	0.00624	0.00453	0.00589	0.00698	0.00740	0.00418	0.00469	0.00716	0.00998	0.01316	0.03031	0.75076	0.09819	0.01581	0.00651	0.00205	0.00294	0.01427	0.00476	0.00418
1	0.20966	0.00812	0.00963	0.00791	0.01100	0.00777	0.00640	0.01886	0.01328	0.42037	0.21078	0.02066	0.02010	0.00703	0.00493	0.00159	0.00378	0.00566	0.00545	0.00702
2	0.48382	0.01040	0.01012	0.00829	0.01184	0.01124	0.00684	0.15334	0.01308	0.22941	0.01156	0.01148	0.00803	0.00544	0.00406	0.00158	0.00438	0.00374	0.00437	0.00697
3	0.00707	0.00528	0.00667	0.00750	0.00815	0.00522	0.00516	0.00965	0.10087	0.01446	0.06476	0.68373	0.03249	0.01472	0.00637	0.00202	0.00308	0.01329	0.00486	0.00467
4	0.00832	0.00642	0.00849	0.00828	0.00942	0.00736	0.00627	0.01218	0.14639	0.01336	0.01536	0.02182	0.01414	0.13994	0.55076	0.00663	0.01080	0.00582	0.00324	0.00501
5	0.00729	0.00490	0.00565	0.00581	0.00585	0.00486	0.00334	0.00742	0.00779	0.01039	0.01785	0.14252	0.02078	0.70783	0.02339	0.00457	0.00470	0.00845	0.00334	0.00326
6	0.00714	0.00531	0.00783	0.00805	0.00885	0.00601	0.00612	0.00880	0.00853	0.01212	0.01635	0.16308	0.01662	0.03446	0.65702	0.00714	0.01181	0.00713	0.00311	0.00451
7	0.00702	0.00551	0.00772	0.15046	0.01243	0.00560	0.00638	0.00867	0.01090	0.01444	0.15430	0.45648	0.11517	0.01283	0.00616	0.00190	0.00354	0.01148	0.00447	0.00457
8	0.01759	0.02446	0.15433	0.01342	0.01700	0.62887	0.01153	0.04740	0.01423	0.01395	0.00832	0.00965	0.00667	0.00525	0.00469	0.00138	0.00882	0.00344	0.00265	0.00634
9	0.16821	0.01522	0.01284	0.01072	0.01401	0.21264	0.00855	0.35524	0.03900	0.02362	0.01290	0.01344	0.05362	0.00712	0.02938	0.00172	0.00629	0.00438	0.00406	0.00705
10	0.06341	0.01136	0.01319	0.01077	0.01412	0.01238	0.05286	0.25953	0.29930	0.09342	0.09927	0.01797	0.01570	0.00675	0.00521	0.00164	0.00468	0.00559	0.00507	0.00780
11	0.00912	0.00649	0.00787	0.00766	0.00876	0.00676	0.00547	0.10846	0.04524	0.03150	0.04211	0.27891	0.05088	0.21400	0.14918	0.00374	0.00574	0.00909	0.00413	0.00487

[dist]
# distance from previous block
# <min> <max>
0	7

# created by:
# /st0/software/busco_prod/Augustus/scripts/msa2prfl.pl ./align_prep/207476.fa
