[name]
unknown

[dist]
# distance from previous block
# <min> <max>
5	41

[block]
# block no. 0 follows, 43 sequences, length 17
# corresponding to MSA columns:
# 58-74
name=unknown_A
#
# <colnr> <probs for GDERKNQSTAVLIFYWHMCP>
#	G	D	E	R	K	N	Q	S	T	A	V	L	I	F	Y	W	H	M	C	P
0	0.04405	0.11963	0.01693	0.03430	0.01640	0.31801	0.03714	0.07059	0.06706	0.11830	0.01361	0.01430	0.04180	0.00648	0.00591	0.00160	0.05830	0.00461	0.00378	0.00720
1	0.06182	0.01004	0.01124	0.00902	0.01258	0.00948	0.00712	0.20202	0.01542	0.06176	0.05431	0.11786	0.07676	0.02552	0.00573	0.00155	0.00439	0.00652	0.00458	0.30228
2	0.01091	0.00645	0.00759	0.00684	0.00905	0.00558	0.00524	0.01266	0.01376	0.18373	0.19139	0.04255	0.42440	0.04608	0.00726	0.00196	0.00330	0.00984	0.00564	0.00578
3	0.01514	0.00793	0.01104	0.01139	0.10635	0.00747	0.00748	0.01691	0.01254	0.30461	0.06690	0.06834	0.03244	0.18762	0.08141	0.00319	0.00567	0.00702	0.03975	0.00678
4	0.04840	0.00627	0.00756	0.00721	0.00834	0.00605	0.00490	0.01187	0.01051	0.14675	0.05728	0.17048	0.05024	0.38968	0.04732	0.00384	0.00496	0.00892	0.00448	0.00495
5	0.00998	0.00657	0.00832	0.00801	0.00956	0.00628	0.00610	0.06540	0.01464	0.07947	0.35485	0.19597	0.08079	0.04149	0.00741	0.00206	0.00354	0.08831	0.00566	0.00560
6	0.03741	0.00770	0.00843	0.00784	0.00958	0.00821	0.00579	0.06924	0.17125	0.04726	0.04915	0.09206	0.01849	0.14177	0.02591	0.02918	0.00420	0.00695	0.25363	0.00597
7	0.03817	0.00556	0.00701	0.00765	0.00856	0.00532	0.00554	0.00937	0.02506	0.01660	0.18999	0.43224	0.10046	0.01500	0.00727	0.02884	0.00335	0.08402	0.00520	0.00479
8	0.00770	0.00529	0.00677	0.00734	0.00812	0.00490	0.00509	0.00902	0.01179	0.03988	0.17947	0.46803	0.10523	0.08709	0.00880	0.00239	0.00334	0.02977	0.00522	0.00473
9	0.00902	0.00626	0.00751	0.00699	0.00845	0.00587	0.00511	0.04914	0.01420	0.05181	0.40771	0.06006	0.18671	0.14495	0.01009	0.00238	0.00340	0.00971	0.00542	0.00518
10	0.01303	0.00983	0.01082	0.00937	0.01203	0.01024	0.00718	0.22644	0.14720	0.02243	0.02098	0.17671	0.05722	0.07794	0.00757	0.00202	0.00446	0.00780	0.07458	0.10216
11	0.03974	0.00641	0.00771	0.00732	0.00895	0.00611	0.00547	0.01227	0.06702	0.06700	0.42392	0.12859	0.15273	0.03346	0.00695	0.00193	0.00311	0.01009	0.00568	0.00555
12	0.01207	0.00757	0.00864	0.00805	0.00984	0.00774	0.00612	0.16797	0.01473	0.05921	0.06243	0.22879	0.02228	0.04459	0.00653	0.00190	0.00384	0.04309	0.27858	0.00602
13	0.01061	0.00634	0.00686	0.00646	0.00784	0.00645	0.00473	0.09029	0.01303	0.02045	0.11026	0.06588	0.02048	0.13385	0.00839	0.00208	0.00343	0.00675	0.47051	0.00530
14	0.00800	0.00571	0.00709	0.00772	0.00855	0.00552	0.00540	0.01013	0.06314	0.03227	0.07654	0.46981	0.10127	0.11390	0.00953	0.00255	0.00364	0.05933	0.00505	0.00486
15	0.00927	0.00689	0.00808	0.00815	0.00937	0.00697	0.00581	0.09460	0.07504	0.01726	0.06181	0.38563	0.10878	0.13810	0.01003	0.00259	0.00397	0.03736	0.00499	0.00531
16	0.00985	0.00725	0.00833	0.00762	0.00944	0.00712	0.00576	0.13968	0.01569	0.02125	0.32112	0.12159	0.20611	0.04948	0.00734	0.00197	0.00346	0.00985	0.04143	0.00566

[dist]
# distance from previous block
# <min> <max>
3	8

[block]
# block no. 1 follows, 43 sequences, length 6
# corresponding to MSA columns:
# 83-88
name=unknown_B
#
# <colnr> <probs for GDERKNQSTAVLIFYWHMCP>
#	G	D	E	R	K	N	Q	S	T	A	V	L	I	F	Y	W	H	M	C	P
0	0.01246	0.01107	0.01207	0.00924	0.01339	0.05703	0.00733	0.06873	0.01259	0.01846	0.01137	0.06891	0.01024	0.00567	0.00528	0.00112	0.04957	0.00442	0.00351	0.61754
1	0.01326	0.21146	0.34506	0.01238	0.01819	0.01447	0.01371	0.07103	0.08672	0.04438	0.06066	0.01418	0.01143	0.00584	0.00493	0.00157	0.00639	0.00449	0.00335	0.05651
2	0.01254	0.00882	0.01032	0.00855	0.01172	0.00809	0.00678	0.11117	0.05593	0.10346	0.16864	0.05737	0.14312	0.00890	0.00566	0.00156	0.00396	0.03777	0.00509	0.23054
3	0.01488	0.06118	0.06515	0.01244	0.06235	0.01236	0.03590	0.17607	0.13401	0.05667	0.01311	0.01378	0.01000	0.00550	0.00493	0.00138	0.00532	0.00448	0.00414	0.30636
4	0.01344	0.01131	0.01297	0.04461	0.01482	0.08879	0.06478	0.11696	0.09763	0.06902	0.09435	0.12290	0.07389	0.02814	0.00641	0.00182	0.00530	0.03417	0.00469	0.09401
5	0.21618	0.03126	0.04774	0.15223	0.08584	0.06094	0.01088	0.17405	0.01468	0.06350	0.03375	0.01445	0.03199	0.00624	0.00543	0.00172	0.03332	0.00469	0.00382	0.00728

[dist]
# distance from previous block
# <min> <max>
7	27

[block]
# block no. 2 follows, 43 sequences, length 40
# corresponding to MSA columns:
# 116-130,132-156
name=unknown_C
#
# <colnr> <probs for GDERKNQSTAVLIFYWHMCP>
#	G	D	E	R	K	N	Q	S	T	A	V	L	I	F	Y	W	H	M	C	P
0	0.11524	0.21078	0.12382	0.05530	0.08137	0.03496	0.01148	0.09334	0.06230	0.13097	0.01200	0.01278	0.00897	0.00571	0.00495	0.00160	0.01859	0.00425	0.00374	0.00786
1	0.12122	0.12111	0.13616	0.06306	0.06176	0.03879	0.01084	0.04633	0.03288	0.12418	0.05116	0.03485	0.01294	0.04794	0.00654	0.00188	0.02432	0.03296	0.00382	0.02727
2	0.22418	0.01433	0.12581	0.09187	0.07230	0.04941	0.01090	0.12873	0.04344	0.05049	0.04995	0.03298	0.04191	0.00650	0.00501	0.00170	0.00575	0.00504	0.00386	0.03585
3	0.00675	0.00516	0.00620	0.00692	0.00785	0.00461	0.00482	0.00798	0.01166	0.01497	0.08869	0.48619	0.29674	0.01577	0.00685	0.00208	0.00303	0.01393	0.00521	0.00461
4	0.78413	0.01066	0.00832	0.00739	0.01077	0.01231	0.00607	0.04147	0.01008	0.02503	0.00830	0.00959	0.00643	0.00524	0.00352	0.00170	0.00428	0.00315	0.03548	0.00608
5	0.01230	0.03310	0.24934	0.04943	0.28824	0.03394	0.03100	0.01757	0.09558	0.01735	0.01257	0.03170	0.01057	0.06889	0.02320	0.00215	0.00700	0.00527	0.00303	0.00778
6	0.00758	0.00517	0.00618	0.00664	0.00676	0.00505	0.00400	0.00793	0.00898	0.01197	0.02217	0.31282	0.02609	0.52065	0.02056	0.00424	0.00459	0.01083	0.00400	0.00377
7	0.79429	0.01063	0.00843	0.00744	0.01092	0.01216	0.00613	0.01694	0.00982	0.07077	0.00858	0.00960	0.00647	0.00525	0.00356	0.00171	0.00431	0.00316	0.00364	0.00621
8	0.01330	0.17341	0.39111	0.01602	0.10651	0.11684	0.01569	0.01790	0.03631	0.01626	0.01060	0.04265	0.00874	0.00573	0.00501	0.00161	0.00749	0.00443	0.00268	0.00769
9	0.00995	0.00660	0.00887	0.00958	0.01116	0.00643	0.00817	0.01262	0.03106	0.07597	0.05252	0.08445	0.10004	0.01429	0.00728	0.00237	0.00469	0.54320	0.00528	0.00547
10	0.00862	0.00621	0.00852	0.00952	0.01080	0.00610	0.00815	0.01109	0.01306	0.01716	0.12548	0.08079	0.06488	0.01479	0.00744	0.00241	0.00463	0.59003	0.00523	0.00508
11	0.00700	0.00559	0.00629	0.00633	0.00790	0.00488	0.00475	0.00874	0.01328	0.01689	0.24223	0.10868	0.49040	0.01362	0.00663	0.00189	0.00288	0.04178	0.00539	0.00483
12	0.16224	0.09438	0.33062	0.01367	0.04845	0.01393	0.03923	0.13007	0.01389	0.08828	0.01096	0.01202	0.00792	0.00551	0.00490	0.00168	0.00663	0.00418	0.00346	0.00799
13	0.00892	0.00637	0.00892	0.01020	0.01147	0.00637	0.00892	0.01147	0.01275	0.01657	0.02932	0.06247	0.03187	0.01530	0.00765	0.00255	0.00510	0.73354	0.00510	0.00510
14	0.00675	0.00482	0.00643	0.00771	0.00803	0.00450	0.00514	0.00771	0.01060	0.01414	0.03053	0.80175	0.03663	0.01735	0.00707	0.00225	0.00321	0.01574	0.00514	0.00450
15	0.01148	0.00984	0.01148	0.00820	0.01312	0.00738	0.00656	0.01395	0.01148	0.01805	0.00984	0.01148	0.00820	0.00410	0.00410	0.00082	0.00410	0.00328	0.00328	0.83922
16	0.01248	0.10623	0.30504	0.13047	0.08194	0.04228	0.21024	0.01713	0.01213	0.01651	0.01000	0.01277	0.00758	0.00508	0.00546	0.00171	0.00807	0.00478	0.00253	0.00756
17	0.01525	0.71550	0.04877	0.01005	0.01475	0.07006	0.00989	0.03689	0.01195	0.01378	0.00797	0.00915	0.00717	0.00487	0.00375	0.00123	0.00625	0.00309	0.00249	0.00716
18	0.00675	0.00482	0.00643	0.00771	0.00803	0.00450	0.00514	0.00771	0.01060	0.01414	0.03053	0.80175	0.03663	0.01735	0.00707	0.00225	0.00321	0.01574	0.00514	0.00450
19	0.11131	0.00910	0.01132	0.00887	0.01275	0.00807	0.00722	0.02121	0.01436	0.45456	0.12451	0.01970	0.01740	0.00683	0.00522	0.00156	0.00426	0.00553	0.00575	0.15044
20	0.00805	0.00537	0.00604	0.00604	0.00604	0.00537	0.00336	0.00805	0.00805	0.01074	0.01745	0.03624	0.02013	0.80536	0.02819	0.00537	0.00537	0.00805	0.00336	0.00336
21	0.01378	0.01190	0.01252	0.01127	0.01440	0.01378	0.00877	0.02943	0.76081	0.02317	0.02254	0.02066	0.01691	0.00751	0.00564	0.00188	0.00438	0.00626	0.00564	0.00877
22	0.00989	0.00606	0.00776	0.00730	0.00895	0.00545	0.00548	0.01201	0.01446	0.12665	0.44340	0.15974	0.14740	0.01203	0.00648	0.00184	0.00303	0.01053	0.00592	0.00563
23	0.00805	0.00537	0.00604	0.00604	0.00604	0.00537	0.00336	0.00805	0.00805	0.01074	0.01745	0.03624	0.02013	0.80536	0.02819	0.00537	0.00537	0.00805	0.00336	0.00336
24	0.00758	0.00554	0.00715	0.00714	0.00831	0.00510	0.00530	0.00979	0.01437	0.01989	0.54102	0.18013	0.10892	0.01282	0.00668	0.00188	0.00285	0.04468	0.00580	0.00504
25	0.01148	0.00984	0.01148	0.00820	0.01312	0.00738	0.00656	0.01395	0.01148	0.01805	0.00984	0.01148	0.00820	0.00410	0.00410	0.00082	0.00410	0.00328	0.00328	0.83922
26	0.02105	0.01551	0.01662	0.01274	0.01717	0.01717	0.01053	0.75235	0.02604	0.03490	0.01330	0.01330	0.00942	0.00665	0.00554	0.00166	0.00609	0.00499	0.00554	0.00942
27	0.01197	0.08482	0.49405	0.01512	0.04556	0.01264	0.07644	0.01707	0.01200	0.03833	0.03222	0.01284	0.00884	0.00524	0.00514	0.00160	0.00728	0.00434	0.00274	0.11174
28	0.03450	0.03875	0.23850	0.04488	0.38048	0.01260	0.01597	0.01740	0.05245	0.03663	0.04078	0.03982	0.01123	0.00588	0.00541	0.00171	0.00656	0.00522	0.00309	0.00815
29	0.02402	0.01076	0.01368	0.01049	0.01480	0.01012	0.00866	0.18604	0.01809	0.61244	0.01997	0.01763	0.01277	0.00681	0.00556	0.00170	0.00502	0.00544	0.00657	0.00942
30	0.00805	0.00537	0.00604	0.00604	0.00604	0.00537	0.00336	0.00805	0.00805	0.01074	0.01745	0.03624	0.02013	0.80536	0.02819	0.00537	0.00537	0.00805	0.00336	0.00336
31	0.05867	0.07494	0.31759	0.16350	0.08857	0.04416	0.04934	0.05984	0.05900	0.01823	0.01066	0.01283	0.00801	0.00545	0.00520	0.00171	0.00729	0.00446	0.00289	0.00766
32	0.01059	0.01002	0.01664	0.73149	0.03631	0.01267	0.01513	0.01409	0.01087	0.01409	0.00964	0.01456	0.00737	0.00586	0.00652	0.00189	0.06874	0.00492	0.00246	0.00615
33	0.01263	0.54347	0.06107	0.00912	0.01304	0.01675	0.00884	0.01483	0.01237	0.01560	0.19970	0.04031	0.01932	0.00679	0.00449	0.00138	0.00513	0.00517	0.00339	0.00661
34	0.00675	0.00482	0.00643	0.00771	0.00803	0.00450	0.00514	0.00771	0.01060	0.01414	0.03053	0.80175	0.03663	0.01735	0.00707	0.00225	0.00321	0.01574	0.00514	0.00450
35	0.28561	0.01118	0.01558	0.31101	0.19364	0.01278	0.03165	0.03178	0.01121	0.01909	0.00934	0.01255	0.00731	0.00535	0.00510	0.00176	0.02102	0.00433	0.00292	0.00680
36	0.00684	0.00488	0.00653	0.00781	0.00817	0.00458	0.00530	0.00787	0.01069	0.01424	0.03048	0.77140	0.03643	0.01727	0.00709	0.00226	0.00329	0.04521	0.00514	0.00452
37	0.11415	0.04975	0.01905	0.25486	0.09825	0.06590	0.15075	0.07666	0.04363	0.01838	0.01107	0.03488	0.00891	0.00603	0.00573	0.01974	0.00701	0.00516	0.00315	0.00695
38	0.05626	0.00915	0.01207	0.04902	0.07052	0.00901	0.02752	0.08090	0.04284	0.12520	0.17619	0.14849	0.02325	0.00886	0.00602	0.00171	0.02248	0.00764	0.00486	0.11802
39	0.07536	0.04134	0.01535	0.01296	0.01622	0.49328	0.01004	0.14062	0.03577	0.01834	0.00967	0.01087	0.00776	0.00586	0.00528	0.00148	0.03122	0.00383	0.00341	0.06135

[dist]
# distance from previous block
# <min> <max>
2	22

[block]
# block no. 3 follows, 43 sequences, length 26
# corresponding to MSA columns:
# 179-204
name=unknown_D
#
# <colnr> <probs for GDERKNQSTAVLIFYWHMCP>
#	G	D	E	R	K	N	Q	S	T	A	V	L	I	F	Y	W	H	M	C	P
0	0.01715	0.47562	0.04748	0.01141	0.01556	0.29402	0.01022	0.01896	0.01302	0.03987	0.00857	0.00972	0.00734	0.00518	0.00419	0.00131	0.00741	0.00331	0.00270	0.00698
1	0.01407	0.01162	0.01241	0.01106	0.01417	0.01327	0.00862	0.05274	0.67419	0.04758	0.06023	0.02141	0.01835	0.00766	0.00568	0.00186	0.00436	0.00639	0.00569	0.00863
2	0.00847	0.00655	0.01005	0.00949	0.01071	0.00738	0.04464	0.02610	0.00941	0.01341	0.01483	0.02239	0.01398	0.10004	0.66664	0.00810	0.01361	0.00611	0.00304	0.00504
3	0.02406	0.00960	0.01285	0.00990	0.01409	0.00850	0.00816	0.06340	0.01636	0.71046	0.04766	0.01936	0.01485	0.00700	0.00560	0.00171	0.00471	0.00570	0.00676	0.00928
4	0.00839	0.00673	0.00762	0.00721	0.00905	0.00651	0.00546	0.01282	0.14448	0.01966	0.37142	0.04222	0.31426	0.01167	0.00638	0.00181	0.00299	0.00999	0.00566	0.00564
5	0.00723	0.00533	0.00677	0.00715	0.00814	0.00488	0.00513	0.00898	0.01308	0.01769	0.34136	0.35280	0.15387	0.01428	0.00678	0.00199	0.00295	0.03122	0.00554	0.00484
6	0.01949	0.01474	0.01574	0.01243	0.01658	0.01645	0.01015	0.59713	0.18380	0.03238	0.01528	0.01488	0.01103	0.00683	0.00556	0.00171	0.00573	0.00526	0.00556	0.00928
7	0.01054	0.00996	0.01663	0.75239	0.03694	0.01254	0.01521	0.01411	0.01094	0.01411	0.00971	0.01463	0.00738	0.00575	0.00618	0.00188	0.04757	0.00492	0.00246	0.00615
8	0.00728	0.00560	0.00666	0.00648	0.00795	0.00497	0.00483	0.00934	0.01423	0.01898	0.45345	0.08478	0.33006	0.01268	0.00656	0.00182	0.00272	0.01096	0.00568	0.00497
9	0.00727	0.00519	0.00703	0.00831	0.00886	0.00495	0.00605	0.00862	0.01112	0.01473	0.03024	0.62339	0.03548	0.01686	0.00721	0.00232	0.00367	0.18892	0.00513	0.00464
10	0.74290	0.01130	0.00919	0.00796	0.01151	0.01301	0.00656	0.10709	0.01147	0.02609	0.00840	0.00953	0.00642	0.00533	0.00369	0.00171	0.00451	0.00324	0.00369	0.00642
11	0.00805	0.00537	0.00604	0.00604	0.00604	0.00537	0.00336	0.00805	0.00805	0.01074	0.01745	0.03624	0.02013	0.80536	0.02819	0.00537	0.00537	0.00805	0.00336	0.00336
12	0.02081	0.01419	0.01553	0.01202	0.01626	0.01543	0.00989	0.60248	0.05400	0.12704	0.01494	0.01459	0.01045	0.00670	0.00548	0.00166	0.00571	0.00512	0.03848	0.00922
13	0.02078	0.00903	0.01189	0.00947	0.01311	0.00819	0.00769	0.04364	0.06374	0.56223	0.16474	0.02313	0.02119	0.00775	0.00576	0.00173	0.00433	0.00645	0.00660	0.00858
14	0.00760	0.00565	0.00707	0.00672	0.00813	0.00512	0.00504	0.00999	0.01511	0.02087	0.63589	0.04358	0.18510	0.01182	0.00653	0.00177	0.00265	0.01033	0.00592	0.00512
15	0.01148	0.00984	0.01148	0.00820	0.01312	0.00738	0.00656	0.01395	0.01148	0.01805	0.00984	0.01148	0.00820	0.00410	0.00410	0.00082	0.00410	0.00328	0.00328	0.83922
16	0.01064	0.00954	0.01637	0.54795	0.06058	0.01126	0.06549	0.01384	0.01093	0.02936	0.01119	0.02973	0.00906	0.01078	0.10426	0.03669	0.00820	0.00536	0.00269	0.00608
17	0.01350	0.01096	0.01596	0.19600	0.19898	0.01219	0.01218	0.06610	0.09998	0.08368	0.05297	0.01773	0.03628	0.00729	0.00762	0.03001	0.09890	0.00556	0.00377	0.03033
18	0.00681	0.00522	0.00625	0.00683	0.00786	0.00466	0.00480	0.00814	0.01200	0.01546	0.13294	0.42677	0.31165	0.01535	0.00681	0.00204	0.00299	0.01351	0.00526	0.00466
19	0.01183	0.06533	0.10860	0.05128	0.01478	0.03488	0.00949	0.09903	0.02513	0.03735	0.04559	0.12473	0.01538	0.01486	0.16606	0.00312	0.02246	0.00639	0.02938	0.11433
20	0.01994	0.01510	0.09625	0.01223	0.01683	0.01424	0.01082	0.45147	0.07256	0.18878	0.01583	0.03472	0.01128	0.00687	0.00556	0.00171	0.00583	0.00537	0.00547	0.00912
21	0.16476	0.07651	0.13454	0.01119	0.05885	0.01077	0.00978	0.03635	0.02874	0.21769	0.16105	0.01981	0.03336	0.00703	0.00518	0.00168	0.00498	0.00561	0.00467	0.00746
22	0.01580	0.34282	0.01926	0.01023	0.01393	0.06659	0.00886	0.09647	0.12751	0.10679	0.03899	0.08723	0.01427	0.00726	0.00491	0.00156	0.00546	0.02040	0.00419	0.00749
23	0.00781	0.00565	0.00708	0.00692	0.00829	0.00512	0.00517	0.00998	0.01440	0.03437	0.50391	0.13175	0.19390	0.01259	0.00661	0.00185	0.00283	0.03089	0.00578	0.00511
24	0.09796	0.07402	0.02994	0.05357	0.04650	0.01035	0.06782	0.03061	0.01193	0.06973	0.01115	0.03412	0.00916	0.00578	0.01992	0.00141	0.00531	0.00425	0.00343	0.41304
25	0.01018	0.00813	0.00983	0.04992	0.06755	0.04702	0.00708	0.04117	0.01227	0.04064	0.11722	0.23376	0.06990	0.11276	0.05615	0.00267	0.00513	0.00915	0.02064	0.07884

[dist]
# distance from previous block
# <min> <max>
3	11

[block]
# block no. 4 follows, 43 sequences, length 16
# corresponding to MSA columns:
# 219-233,238
name=unknown_E
#
# <colnr> <probs for GDERKNQSTAVLIFYWHMCP>
#	G	D	E	R	K	N	Q	S	T	A	V	L	I	F	Y	W	H	M	C	P
0	0.00986	0.00703	0.00935	0.08669	0.04761	0.00657	0.00717	0.01194	0.01283	0.08936	0.15018	0.17107	0.22244	0.01149	0.00627	0.00185	0.00394	0.06442	0.00492	0.07498
1	0.01596	0.11919	0.01500	0.01056	0.01382	0.07398	0.00862	0.31216	0.06085	0.04697	0.11008	0.06294	0.02977	0.02476	0.04111	0.00203	0.00584	0.00616	0.03273	0.00749
2	0.00768	0.00554	0.00780	0.00816	0.00888	0.00603	0.00597	0.00920	0.00939	0.01326	0.01961	0.24231	0.02088	0.10889	0.46515	0.00643	0.01023	0.00887	0.03105	0.00467
3	0.04951	0.58822	0.17973	0.01084	0.01606	0.01950	0.01165	0.01665	0.01117	0.01446	0.00814	0.00957	0.00705	0.00503	0.00440	0.00137	0.03374	0.00326	0.00241	0.00724
4	0.02124	0.01522	0.01644	0.01260	0.01703	0.01674	0.01041	0.71708	0.02554	0.07087	0.01371	0.01357	0.00963	0.00666	0.00554	0.00166	0.00603	0.00501	0.00560	0.00942
5	0.00708	0.00534	0.00654	0.00685	0.00796	0.00481	0.00491	0.00875	0.01297	0.01722	0.29804	0.32170	0.24912	0.01428	0.00673	0.00196	0.00289	0.01258	0.00548	0.00481
6	0.02105	0.01551	0.01662	0.01274	0.01717	0.01717	0.01053	0.75235	0.02604	0.03490	0.01330	0.01330	0.00942	0.00665	0.00554	0.00166	0.00609	0.00499	0.00554	0.00942
7	0.84448	0.01071	0.00814	0.00728	0.01071	0.01242	0.00600	0.01628	0.00943	0.02485	0.00771	0.00900	0.00600	0.00514	0.00343	0.00171	0.00428	0.00300	0.00343	0.00600
8	0.00781	0.00538	0.00662	0.00694	0.00720	0.00544	0.00444	0.00838	0.00891	0.01198	0.02037	0.19218	0.02328	0.50984	0.11807	0.00504	0.00611	0.04439	0.00376	0.00387
9	0.03374	0.04589	0.05864	0.22898	0.10850	0.01231	0.01172	0.03277	0.22641	0.04619	0.04216	0.01837	0.04719	0.00654	0.00540	0.00172	0.00564	0.00554	0.00393	0.05835
10	0.00679	0.00503	0.00634	0.00725	0.00794	0.00459	0.00497	0.00796	0.01137	0.01489	0.08985	0.60141	0.17884	0.01627	0.00693	0.00214	0.00309	0.01454	0.00521	0.00459
11	0.01067	0.00900	0.01194	0.03760	0.06693	0.04686	0.02631	0.07337	0.01139	0.01583	0.04578	0.02048	0.01398	0.07577	0.41318	0.00572	0.07235	0.00585	0.03124	0.00577
12	0.01162	0.00661	0.00793	0.00704	0.00940	0.00571	0.00548	0.01351	0.01420	0.21424	0.21988	0.04145	0.39853	0.01151	0.00629	0.00180	0.00325	0.00969	0.00582	0.00604
13	0.01693	0.01178	0.01330	0.01084	0.01374	0.01285	0.00855	0.49239	0.01963	0.02629	0.01298	0.05077	0.01074	0.01095	0.01049	0.25513	0.00557	0.00543	0.00457	0.00707
14	0.01274	0.01217	0.02073	0.25999	0.55239	0.01290	0.01652	0.01615	0.01215	0.01692	0.01025	0.01402	0.00836	0.00511	0.00550	0.00170	0.00682	0.00493	0.00266	0.00799
15	0.02976	0.47689	0.07871	0.10463	0.09015	0.01763	0.01153	0.03075	0.01177	0.03167	0.00997	0.01333	0.00877	0.00634	0.02278	0.00162	0.00644	0.03736	0.00274	0.00716

[dist]
# distance from previous block
# <min> <max>
0	4

[block]
# block no. 5 follows, 43 sequences, length 16
# corresponding to MSA columns:
# 243-258
name=unknown_F
#
# <colnr> <probs for GDERKNQSTAVLIFYWHMCP>
#	G	D	E	R	K	N	Q	S	T	A	V	L	I	F	Y	W	H	M	C	P
0	0.18358	0.41442	0.06991	0.06531	0.08399	0.04909	0.01063	0.03899	0.01165	0.01694	0.00844	0.01010	0.00712	0.00502	0.00406	0.00144	0.00606	0.00344	0.00274	0.00708
1	0.72319	0.01203	0.05167	0.00921	0.04601	0.01270	0.00750	0.05013	0.01046	0.02460	0.00821	0.00956	0.00634	0.00521	0.00372	0.00171	0.00469	0.00324	0.00343	0.00640
2	0.13732	0.00976	0.01166	0.12087	0.03550	0.02683	0.00891	0.07227	0.09819	0.14845	0.09708	0.06877	0.03621	0.00865	0.00570	0.00188	0.00496	0.09517	0.00487	0.00694
3	0.00687	0.00503	0.00639	0.00728	0.00792	0.00462	0.00496	0.00802	0.01131	0.01494	0.10611	0.59533	0.14359	0.04051	0.00759	0.00224	0.00316	0.01436	0.00518	0.00456
4	0.00775	0.00580	0.00715	0.00700	0.00834	0.00538	0.00522	0.01028	0.03679	0.01950	0.48708	0.10102	0.18607	0.04520	0.00750	0.00200	0.00298	0.04417	0.00567	0.00509
5	0.00940	0.00601	0.00786	0.00719	0.00880	0.00548	0.00547	0.01193	0.01559	0.09303	0.67299	0.03965	0.07321	0.01099	0.00644	0.00174	0.00282	0.00965	0.00614	0.00560
6	0.02069	0.02640	0.01569	0.01427	0.01712	0.78313	0.01070	0.02212	0.01569	0.01355	0.00856	0.00999	0.00713	0.00571	0.00499	0.00143	0.00999	0.00357	0.00285	0.00642
7	0.40145	0.01107	0.01260	0.38624	0.02426	0.05041	0.01076	0.01554	0.01053	0.01913	0.00878	0.01183	0.00672	0.00536	0.00452	0.00176	0.00606	0.00395	0.00293	0.00609
8	0.00742	0.00564	0.00682	0.00652	0.00801	0.00505	0.00489	0.00963	0.01468	0.01984	0.53506	0.04527	0.28657	0.01221	0.00654	0.00178	0.00268	0.01056	0.00578	0.00505
9	0.01236	0.01354	0.16156	0.44662	0.07432	0.01180	0.01503	0.01625	0.01187	0.09868	0.03170	0.01511	0.00933	0.00582	0.00582	0.00178	0.02881	0.00492	0.00306	0.03162
10	0.02010	0.01477	0.01588	0.01242	0.01666	0.01636	0.01018	0.62007	0.13468	0.05870	0.01496	0.01458	0.01068	0.00678	0.00556	0.00170	0.00579	0.00520	0.00560	0.00932
11	0.01177	0.04142	0.59939	0.03860	0.04694	0.01210	0.01788	0.01732	0.01229	0.06212	0.07787	0.01484	0.01149	0.00588	0.00537	0.00174	0.00736	0.00473	0.00295	0.00793
12	0.01179	0.01000	0.01543	0.20928	0.17384	0.01059	0.07222	0.08955	0.01358	0.01877	0.03280	0.02442	0.09331	0.00753	0.00570	0.00178	0.00577	0.07550	0.12143	0.00671
13	0.00870	0.00611	0.00812	0.00836	0.03467	0.00567	0.00614	0.01109	0.01458	0.05126	0.50129	0.09427	0.10808	0.01209	0.00664	0.00189	0.00322	0.10667	0.00573	0.00541
14	0.16597	0.66331	0.02522	0.00908	0.01358	0.02019	0.00884	0.01653	0.01092	0.01518	0.00770	0.00890	0.00691	0.00481	0.00353	0.00128	0.00562	0.00297	0.00256	0.00691
15	0.00731	0.00553	0.00671	0.00721	0.00822	0.00515	0.00511	0.00929	0.04278	0.01610	0.16988	0.39062	0.21662	0.05110	0.00777	0.00220	0.00321	0.03512	0.00525	0.00482

[dist]
# distance from previous block
# <min> <max>
2	3

[block]
# block no. 6 follows, 43 sequences, length 24
# corresponding to MSA columns:
# 264-287
name=unknown_G
#
# <colnr> <probs for GDERKNQSTAVLIFYWHMCP>
#	G	D	E	R	K	N	Q	S	T	A	V	L	I	F	Y	W	H	M	C	P
0	0.51685	0.06500	0.04289	0.06728	0.09629	0.05833	0.00905	0.01717	0.01080	0.05988	0.00902	0.01058	0.00697	0.00525	0.00408	0.00167	0.00537	0.00355	0.00331	0.00667
1	0.09043	0.04040	0.36789	0.02113	0.27673	0.01340	0.04099	0.05288	0.01252	0.01915	0.01004	0.01224	0.00768	0.00517	0.00518	0.00170	0.00715	0.00437	0.00275	0.00819
2	0.00895	0.00704	0.00761	0.00711	0.00919	0.00672	0.00545	0.04974	0.09612	0.04251	0.13465	0.06005	0.50570	0.01236	0.00658	0.00186	0.01710	0.01031	0.00534	0.00561
3	0.00754	0.00564	0.00702	0.00680	0.00819	0.00511	0.00511	0.00982	0.01471	0.02012	0.55973	0.07635	0.20724	0.01228	0.00659	0.00182	0.00275	0.03228	0.00582	0.00507
4	0.00898	0.00592	0.00765	0.00710	0.00864	0.00538	0.00536	0.01142	0.01533	0.07751	0.63867	0.05938	0.10480	0.01135	0.00647	0.00176	0.00280	0.00996	0.00606	0.00548
5	0.01191	0.01182	0.01657	0.01427	0.01431	0.01648	0.01186	0.01316	0.00850	0.01331	0.00764	0.01258	0.00759	0.01124	0.05531	0.00274	0.75735	0.00490	0.00245	0.00600
6	0.00800	0.00590	0.00727	0.00735	0.02855	0.00528	0.00526	0.01006	0.01414	0.04300	0.41513	0.10020	0.30462	0.01242	0.00652	0.00182	0.00290	0.01076	0.00562	0.00520
7	0.00862	0.00623	0.00853	0.00965	0.01093	0.00613	0.00830	0.01102	0.01275	0.01655	0.05640	0.09190	0.08668	0.01516	0.00751	0.00246	0.00477	0.62623	0.00514	0.00505
8	0.01720	0.53388	0.04079	0.01081	0.03132	0.10148	0.00981	0.03686	0.01292	0.14376	0.01045	0.01098	0.00833	0.00527	0.00418	0.00134	0.00622	0.00359	0.00327	0.00754
9	0.84448	0.01071	0.00814	0.00728	0.01071	0.01242	0.00600	0.01628	0.00943	0.02485	0.00771	0.00900	0.00600	0.00514	0.00343	0.00171	0.00428	0.00300	0.00343	0.00600
10	0.00779	0.00566	0.00733	0.00691	0.00824	0.00520	0.00519	0.01035	0.01556	0.02192	0.73961	0.04184	0.08072	0.01143	0.00653	0.00175	0.00262	0.01008	0.00606	0.00520
11	0.00672	0.00540	0.00600	0.00631	0.00771	0.00468	0.00456	0.00812	0.01236	0.01542	0.11665	0.25608	0.50120	0.01468	0.00669	0.00196	0.00290	0.01263	0.00523	0.00468
12	0.00892	0.00637	0.00892	0.01020	0.01147	0.00637	0.00892	0.01147	0.01275	0.01657	0.02932	0.06247	0.03187	0.01530	0.00765	0.00255	0.00510	0.73354	0.00510	0.00510
13	0.01467	0.77942	0.05708	0.00971	0.01458	0.02157	0.00989	0.01662	0.01127	0.01320	0.00778	0.00899	0.00710	0.00476	0.00362	0.00121	0.00601	0.00300	0.00237	0.00715
14	0.02292	0.01050	0.01318	0.01023	0.01433	0.02377	0.00838	0.13848	0.01693	0.58427	0.01963	0.01808	0.01291	0.02464	0.03089	0.00198	0.00535	0.00544	0.00628	0.03181
15	0.01270	0.24242	0.53911	0.01380	0.02088	0.01516	0.01693	0.01767	0.01175	0.04791	0.00982	0.01122	0.00732	0.00518	0.00480	0.00160	0.00742	0.00384	0.00254	0.00794
16	0.00805	0.00537	0.00604	0.00604	0.00604	0.00537	0.00336	0.00805	0.00805	0.01074	0.01745	0.03624	0.02013	0.80536	0.02819	0.00537	0.00537	0.00805	0.00336	0.00336
17	0.01305	0.02394	0.58103	0.07383	0.03836	0.01220	0.03658	0.01858	0.01227	0.12162	0.01161	0.01303	0.00803	0.00548	0.00536	0.00176	0.00764	0.00444	0.00299	0.00820
18	0.01263	0.01407	0.02994	0.15448	0.03051	0.01372	0.62526	0.01713	0.01273	0.01713	0.01097	0.01491	0.00823	0.00482	0.00637	0.00186	0.00900	0.00626	0.00274	0.00724
19	0.02117	0.01532	0.01650	0.01265	0.01708	0.01690	0.01045	0.72992	0.02572	0.05778	0.01356	0.01347	0.00955	0.00665	0.00554	0.00166	0.00605	0.00500	0.00558	0.00942
20	0.00777	0.00553	0.00688	0.00670	0.00761	0.00520	0.00466	0.00951	0.01312	0.01822	0.48285	0.08734	0.07554	0.23056	0.01253	0.00278	0.00342	0.00991	0.00524	0.00464
21	0.03542	0.03782	0.04275	0.13345	0.05287	0.01242	0.18243	0.14931	0.04034	0.11883	0.01562	0.08879	0.02859	0.00695	0.00578	0.00178	0.00645	0.00641	0.00413	0.02985
22	0.01414	0.01072	0.01237	0.00956	0.01359	0.01000	0.00767	0.23271	0.01600	0.05287	0.05723	0.05763	0.01329	0.00866	0.05810	0.00179	0.00531	0.00513	0.00434	0.40888
23	0.04649	0.45046	0.19568	0.01128	0.01664	0.03204	0.01186	0.09654	0.03540	0.01735	0.00934	0.01046	0.00762	0.00516	0.00426	0.00140	0.00636	0.00356	0.00288	0.03522

[dist]
# distance from previous block
# <min> <max>
0	12

# created by:
# /st0/software/busco_prod/Augustus/scripts/msa2prfl.pl ./align_prep/207537.fa
