[name]
unknown

[dist]
# distance from previous block
# <min> <max>
2	9

[block]
# block no. 0 follows, 45 sequences, length 8
# corresponding to MSA columns:
# 9-16
name=unknown_A
#
# <colnr> <probs for GDERKNQSTAVLIFYWHMCP>
#	G	D	E	R	K	N	Q	S	T	A	V	L	I	F	Y	W	H	M	C	P
0	0.13346	0.01077	0.01084	0.04154	0.01302	0.07637	0.00754	0.16936	0.07651	0.11243	0.01954	0.18731	0.06065	0.04859	0.00650	0.00194	0.00491	0.00737	0.00469	0.00665
1	0.00701	0.00501	0.00602	0.00655	0.00702	0.00472	0.00423	0.00774	0.00990	0.01298	0.06117	0.38206	0.14321	0.30114	0.01410	0.00319	0.00378	0.01175	0.00440	0.00402
2	0.01024	0.00980	0.01688	0.67246	0.03408	0.01191	0.07147	0.01368	0.01076	0.01395	0.01041	0.04881	0.00846	0.00596	0.00600	0.00183	0.03943	0.00534	0.00252	0.00599
3	0.01155	0.01183	0.01597	0.68645	0.03406	0.12297	0.01426	0.01482	0.01137	0.01363	0.00936	0.01365	0.00712	0.00539	0.00529	0.00173	0.00752	0.00458	0.00244	0.00600
4	0.05843	0.00629	0.00736	0.00727	0.00885	0.00595	0.00536	0.05182	0.01271	0.08486	0.14171	0.34002	0.22326	0.01296	0.00623	0.00191	0.00327	0.01126	0.00519	0.00528
5	0.00689	0.00495	0.00637	0.00713	0.00761	0.00475	0.00480	0.00788	0.01018	0.01360	0.07238	0.52010	0.08373	0.14392	0.07669	0.00315	0.00434	0.01267	0.00459	0.00428
6	0.08427	0.01183	0.01275	0.15751	0.01761	0.08883	0.00918	0.18833	0.06448	0.13744	0.01427	0.04592	0.01124	0.05368	0.00637	0.00184	0.00566	0.00523	0.05386	0.02968
7	0.36700	0.01109	0.01191	0.10838	0.07902	0.04670	0.00892	0.08922	0.01203	0.04963	0.05250	0.05754	0.01110	0.00658	0.00555	0.00174	0.06627	0.00481	0.00362	0.00641

[dist]
# distance from previous block
# <min> <max>
2	40

[block]
# block no. 1 follows, 45 sequences, length 42
# corresponding to MSA columns:
# 59-100
name=unknown_B
#
# <colnr> <probs for GDERKNQSTAVLIFYWHMCP>
#	G	D	E	R	K	N	Q	S	T	A	V	L	I	F	Y	W	H	M	C	P
0	0.01367	0.16523	0.04570	0.04955	0.02107	0.01459	0.32044	0.10034	0.01318	0.03940	0.01074	0.03382	0.00871	0.00553	0.00629	0.00163	0.06923	0.00521	0.00309	0.07258
1	0.04005	0.18581	0.01262	0.02893	0.01047	0.01041	0.00633	0.08246	0.01091	0.01464	0.01618	0.16093	0.02972	0.27464	0.03833	0.01994	0.02018	0.00725	0.00351	0.02670
2	0.03795	0.04249	0.01330	0.03904	0.01447	0.02732	0.00844	0.24990	0.11380	0.24576	0.03162	0.06856	0.01417	0.06020	0.00681	0.00191	0.00508	0.00597	0.00527	0.00794
3	0.03949	0.01400	0.12944	0.01125	0.01520	0.04188	0.04175	0.27929	0.01651	0.12501	0.01436	0.05811	0.01145	0.05086	0.00699	0.03347	0.00571	0.00542	0.07063	0.02917
4	0.03176	0.00800	0.00899	0.00778	0.01030	0.00779	0.00612	0.14212	0.05135	0.12112	0.20636	0.03536	0.32104	0.01033	0.00593	0.00173	0.00358	0.00860	0.00547	0.00628
5	0.03322	0.01139	0.01567	0.52719	0.05094	0.05753	0.01316	0.12169	0.03351	0.06834	0.01101	0.01409	0.00808	0.00564	0.00529	0.00172	0.00678	0.00474	0.00323	0.00678
6	0.01188	0.01142	0.03235	0.04204	0.01245	0.15645	0.00786	0.03379	0.06845	0.04697	0.01735	0.22693	0.01809	0.16440	0.03021	0.00269	0.09937	0.00799	0.00381	0.00550
7	0.01451	0.01532	0.01143	0.01058	0.01258	0.36511	0.00796	0.05081	0.02531	0.03073	0.13817	0.12021	0.01909	0.00964	0.03924	0.00188	0.02933	0.00643	0.08585	0.00583
8	0.01707	0.01283	0.01408	0.01082	0.01502	0.01328	0.00883	0.46071	0.08258	0.04828	0.04088	0.01417	0.01106	0.00605	0.00506	0.00142	0.00511	0.00470	0.00487	0.22319
9	0.01272	0.01097	0.01185	0.01008	0.01361	0.01160	0.00789	0.02427	0.55380	0.02105	0.01836	0.01751	0.01400	0.00635	0.00504	0.00153	0.00417	0.00525	0.00482	0.24514
10	0.00657	0.00469	0.00625	0.00746	0.00779	0.00438	0.00498	0.00754	0.01040	0.01391	0.04893	0.78793	0.03590	0.01667	0.00684	0.00217	0.00310	0.01512	0.00501	0.00438
11	0.01399	0.01190	0.01287	0.01191	0.04404	0.01363	0.00896	0.09438	0.67127	0.02329	0.02058	0.01912	0.01542	0.00711	0.00545	0.00179	0.00448	0.00591	0.00534	0.00855
12	0.01785	0.01308	0.01411	0.01143	0.01518	0.01451	0.00924	0.42488	0.28991	0.08251	0.01681	0.01603	0.01215	0.00675	0.00536	0.00168	0.00512	0.00532	0.02927	0.00879
13	0.01123	0.00963	0.01117	0.00808	0.01277	0.00742	0.00645	0.01416	0.04351	0.01770	0.01007	0.01151	0.00831	0.00412	0.00404	0.00084	0.00399	0.00330	0.00328	0.80843
14	0.01293	0.01239	0.02115	0.11931	0.69428	0.01266	0.01630	0.01616	0.01205	0.01711	0.01003	0.01340	0.00835	0.00485	0.00532	0.00162	0.00646	0.00478	0.00263	0.00822
15	0.00654	0.00467	0.00623	0.00747	0.00779	0.00436	0.00498	0.00747	0.01028	0.01370	0.02959	0.80785	0.03550	0.01682	0.00685	0.00218	0.00311	0.01526	0.00498	0.00436
16	0.00781	0.00520	0.00585	0.00585	0.00585	0.00520	0.00325	0.00781	0.00781	0.01041	0.01691	0.03513	0.01952	0.81135	0.02732	0.00520	0.00520	0.00781	0.00325	0.00325
17	0.00715	0.00547	0.00655	0.00628	0.00774	0.00487	0.00471	0.00926	0.01413	0.01900	0.51598	0.04425	0.31128	0.01192	0.00634	0.00173	0.00260	0.01029	0.00558	0.00487
18	0.02041	0.01504	0.01611	0.01235	0.01665	0.01665	0.01020	0.75997	0.02524	0.03383	0.01289	0.01289	0.00913	0.00644	0.00537	0.00161	0.00591	0.00483	0.00537	0.00913
19	0.84927	0.01038	0.00789	0.00706	0.01038	0.01204	0.00581	0.01578	0.00914	0.02408	0.00747	0.00872	0.00581	0.00498	0.00332	0.00166	0.00415	0.00291	0.00332	0.00581
20	0.00654	0.00467	0.00623	0.00747	0.00779	0.00436	0.00498	0.00747	0.01028	0.01370	0.02959	0.80785	0.03550	0.01682	0.00685	0.00218	0.00311	0.01526	0.00498	0.00436
21	0.02040	0.01533	0.01608	0.01239	0.01665	0.03834	0.01021	0.73925	0.02496	0.03325	0.01276	0.01280	0.00907	0.00642	0.00535	0.00160	0.00601	0.00479	0.00530	0.00905
22	0.01014	0.00954	0.01610	0.79845	0.03697	0.01193	0.01491	0.01371	0.01073	0.01371	0.00954	0.01431	0.00716	0.00537	0.00537	0.00179	0.00716	0.00477	0.00239	0.00596
23	0.00800	0.00768	0.04864	0.00891	0.01003	0.05616	0.02661	0.00951	0.01055	0.01383	0.02464	0.57075	0.02840	0.01817	0.10943	0.00295	0.00548	0.03110	0.00436	0.00482
24	0.01335	0.01153	0.01214	0.01092	0.01396	0.01335	0.00850	0.02852	0.76817	0.02245	0.02185	0.02003	0.01639	0.00728	0.00546	0.00182	0.00425	0.00607	0.00546	0.00850
25	0.03572	0.01200	0.01259	0.01103	0.01425	0.01379	0.00867	0.13227	0.64307	0.02411	0.02021	0.01872	0.01508	0.00710	0.00539	0.00179	0.00448	0.00581	0.00539	0.00852
26	0.01517	0.70316	0.02635	0.00977	0.01418	0.09627	0.00934	0.04841	0.01194	0.01359	0.00778	0.00890	0.00699	0.00476	0.00366	0.00119	0.00613	0.00301	0.00247	0.00692
27	0.01093	0.06295	0.74976	0.01503	0.02281	0.01286	0.01936	0.01696	0.01131	0.01680	0.00954	0.01121	0.00680	0.00508	0.00503	0.00168	0.00784	0.00392	0.00227	0.00789
28	0.01440	0.01461	0.02124	0.02914	0.61077	0.11493	0.05436	0.04436	0.01311	0.01754	0.01000	0.01286	0.00830	0.00493	0.00531	0.00158	0.00693	0.00469	0.00277	0.00816
29	0.00664	0.00471	0.00620	0.00735	0.00763	0.00443	0.00485	0.00750	0.01008	0.01344	0.02858	0.74662	0.03424	0.07978	0.00847	0.00242	0.00328	0.01467	0.00485	0.00427
30	0.01322	0.01302	0.02224	0.08146	0.48943	0.03290	0.15788	0.04830	0.02530	0.01769	0.01063	0.01387	0.00864	0.00620	0.03422	0.00191	0.00727	0.00510	0.00282	0.00792
31	0.05462	0.10024	0.42431	0.01650	0.11980	0.08657	0.04674	0.03031	0.01212	0.04679	0.00981	0.01147	0.00734	0.00510	0.00492	0.00160	0.00737	0.00403	0.00266	0.00768
32	0.02364	0.00923	0.01244	0.00961	0.01371	0.00812	0.00791	0.02626	0.04656	0.75012	0.02121	0.01834	0.01342	0.00667	0.00540	0.00167	0.00455	0.00543	0.00659	0.00911
33	0.00781	0.00520	0.00585	0.00585	0.00585	0.00520	0.00325	0.00781	0.00781	0.01041	0.01691	0.03513	0.01952	0.81135	0.02732	0.00520	0.00520	0.00781	0.00325	0.00325
34	0.01865	0.01462	0.13620	0.01142	0.01593	0.03283	0.01049	0.28967	0.07918	0.25756	0.01674	0.01604	0.03017	0.00651	0.00529	0.00164	0.00557	0.00510	0.03784	0.00853
35	0.01283	0.01204	0.07896	0.01038	0.01540	0.00915	0.07410	0.08878	0.01290	0.05916	0.01061	0.01199	0.00827	0.00450	0.00449	0.00109	0.00498	0.00380	0.00346	0.57309
36	0.00779	0.00528	0.00622	0.00622	0.00635	0.00540	0.00371	0.00804	0.00791	0.01068	0.01658	0.03327	0.01871	0.70942	0.12815	0.00566	0.00642	0.00753	0.00320	0.00346
37	0.84927	0.01038	0.00789	0.00706	0.01038	0.01204	0.00581	0.01578	0.00914	0.02408	0.00747	0.00872	0.00581	0.00498	0.00332	0.00166	0.00415	0.00291	0.00332	0.00581
38	0.01271	0.01516	0.08958	0.12084	0.06264	0.06395	0.45744	0.02995	0.01254	0.01683	0.01064	0.01399	0.00808	0.00495	0.00602	0.00174	0.02136	0.00556	0.03898	0.00704
39	0.00654	0.00481	0.00614	0.00716	0.00771	0.00440	0.00485	0.00758	0.01069	0.01402	0.05214	0.67672	0.14519	0.01619	0.00676	0.00211	0.00304	0.01454	0.00501	0.00440
40	0.00788	0.00674	0.03944	0.00769	0.00912	0.00594	0.00594	0.01124	0.08850	0.01845	0.38087	0.29034	0.08241	0.01244	0.00637	0.00187	0.00313	0.01103	0.00535	0.00526
41	0.01153	0.20182	0.56483	0.01373	0.02042	0.01445	0.01681	0.01645	0.01104	0.01575	0.00916	0.01098	0.00699	0.00601	0.02416	0.00177	0.04049	0.00380	0.00229	0.00754

[dist]
# distance from previous block
# <min> <max>
0	34

[block]
# block no. 2 follows, 45 sequences, length 57
# corresponding to MSA columns:
# 135-191
name=unknown_C
#
# <colnr> <probs for GDERKNQSTAVLIFYWHMCP>
#	G	D	E	R	K	N	Q	S	T	A	V	L	I	F	Y	W	H	M	C	P
0	0.02381	0.00957	0.01273	0.00976	0.01392	0.00853	0.00806	0.08002	0.01609	0.72670	0.02057	0.01788	0.01298	0.00663	0.00540	0.00166	0.00467	0.00536	0.00655	0.00913
1	0.01332	0.01306	0.02049	0.11218	0.63116	0.05423	0.01569	0.01688	0.03950	0.01707	0.01037	0.01344	0.00856	0.00497	0.00530	0.00161	0.00656	0.00476	0.00274	0.00811
2	0.00755	0.00549	0.00711	0.00671	0.00799	0.00505	0.00503	0.01004	0.01509	0.02128	0.74972	0.04050	0.07612	0.01107	0.00633	0.00169	0.00254	0.00976	0.00588	0.00505
3	0.00710	0.00555	0.00602	0.00585	0.00760	0.00474	0.00440	0.00874	0.01299	0.03648	0.21703	0.04815	0.59090	0.01282	0.00632	0.00178	0.00273	0.01080	0.00524	0.00477
4	0.01246	0.00999	0.01126	0.05753	0.01409	0.01118	0.00815	0.02341	0.51829	0.06281	0.12070	0.02516	0.06545	0.00819	0.00567	0.00181	0.00415	0.02674	0.00536	0.00760
5	0.01435	0.81458	0.02813	0.00918	0.01378	0.02124	0.00918	0.01607	0.01091	0.01263	0.00746	0.00861	0.00689	0.00459	0.00344	0.00115	0.00574	0.00287	0.00230	0.00689
6	0.01022	0.00962	0.01625	0.77881	0.05597	0.01195	0.01495	0.01379	0.01077	0.01381	0.00956	0.01428	0.00719	0.00535	0.00537	0.00178	0.00714	0.00477	0.00239	0.00603
7	0.05191	0.02733	0.07601	0.00923	0.01285	0.00792	0.02662	0.01870	0.01408	0.37642	0.18471	0.02512	0.08692	0.00794	0.00553	0.00166	0.00435	0.01979	0.00548	0.03741
8	0.01687	0.01316	0.01399	0.01151	0.01514	0.01483	0.00925	0.40111	0.37099	0.02820	0.01717	0.01639	0.01262	0.00683	0.00537	0.00170	0.00505	0.00541	0.02567	0.00873
9	0.80422	0.01047	0.00875	0.02851	0.01157	0.01208	0.02652	0.01576	0.00927	0.02362	0.00762	0.00903	0.00591	0.00498	0.00346	0.00167	0.00437	0.00305	0.00328	0.00586
10	0.01050	0.00979	0.01630	0.75154	0.06306	0.01207	0.01485	0.03226	0.01115	0.01435	0.00964	0.01424	0.00725	0.00537	0.00536	0.00178	0.00710	0.00477	0.00247	0.00613
11	0.02041	0.01504	0.01611	0.01235	0.01665	0.01665	0.01020	0.75997	0.02524	0.03383	0.01289	0.01289	0.00913	0.00644	0.00537	0.00161	0.00591	0.00483	0.00537	0.00913
12	0.01329	0.01275	0.02179	0.03295	0.77787	0.01275	0.01647	0.01647	0.01222	0.01754	0.01010	0.01329	0.00850	0.00478	0.00531	0.00159	0.00638	0.00478	0.00266	0.00850
13	0.81379	0.01103	0.00820	0.00735	0.01065	0.04532	0.00601	0.01602	0.00940	0.02362	0.00751	0.00876	0.00586	0.00501	0.00339	0.00165	0.00439	0.00293	0.00330	0.00583
14	0.00781	0.00520	0.00585	0.00585	0.00585	0.00520	0.00325	0.00781	0.00781	0.01041	0.01691	0.03513	0.01952	0.81135	0.02732	0.00520	0.00520	0.00781	0.00325	0.00325
15	0.71470	0.01018	0.00863	0.00747	0.01092	0.01136	0.00615	0.01747	0.01015	0.14761	0.00971	0.01028	0.00703	0.00525	0.00366	0.00166	0.00422	0.00331	0.00386	0.00636
16	0.00781	0.00520	0.00585	0.00585	0.00585	0.00520	0.00325	0.00781	0.00781	0.01041	0.01691	0.03513	0.01952	0.81135	0.02732	0.00520	0.00520	0.00781	0.00325	0.00325
17	0.00750	0.00548	0.00705	0.00666	0.00796	0.00503	0.00499	0.00995	0.01497	0.02100	0.72124	0.04096	0.10477	0.01117	0.00633	0.00170	0.00255	0.00983	0.00584	0.00503
18	0.01374	0.01161	0.01406	0.24406	0.02127	0.01355	0.01072	0.16273	0.40344	0.02203	0.01651	0.01698	0.01228	0.00656	0.00542	0.00177	0.00542	0.00545	0.00453	0.00787
19	0.00767	0.00575	0.00863	0.00863	0.00959	0.00671	0.00671	0.00959	0.00863	0.01246	0.01438	0.02109	0.01342	0.04026	0.79008	0.00863	0.01438	0.00575	0.00288	0.00479
20	0.01900	0.01364	0.14909	0.01145	0.02892	0.02922	0.01042	0.07860	0.13999	0.41516	0.03619	0.01716	0.01300	0.00651	0.00536	0.00168	0.00532	0.00526	0.00540	0.00864
21	0.01576	0.01292	0.01333	0.01138	0.01477	0.04197	0.00901	0.22539	0.52183	0.04439	0.01893	0.01769	0.01401	0.00698	0.00541	0.00174	0.00490	0.00562	0.00537	0.00860
22	0.00669	0.00617	0.03383	0.00618	0.00799	0.00487	0.00487	0.00834	0.01240	0.01546	0.14742	0.12769	0.57275	0.01327	0.00635	0.00183	0.00292	0.01126	0.00501	0.00471
23	0.01148	0.07161	0.68179	0.01510	0.02260	0.01287	0.05209	0.01725	0.01150	0.04121	0.00993	0.01154	0.00707	0.00509	0.00507	0.00167	0.00775	0.00406	0.00243	0.00788
24	0.01133	0.15182	0.66443	0.01434	0.02174	0.01385	0.01815	0.01685	0.01127	0.01631	0.00929	0.01090	0.00681	0.00502	0.00484	0.00161	0.00759	0.00379	0.00227	0.00777
25	0.02408	0.00914	0.01246	0.00955	0.01370	0.00789	0.00789	0.02616	0.01536	0.78158	0.02118	0.01827	0.01329	0.00664	0.00540	0.00166	0.00457	0.00540	0.00664	0.00914
26	0.01142	0.09664	0.68962	0.01471	0.02216	0.04128	0.01856	0.01708	0.01144	0.01648	0.00939	0.01103	0.00681	0.00507	0.00495	0.00164	0.00780	0.00385	0.00229	0.00778
27	0.01349	0.01288	0.02068	0.11030	0.61656	0.04511	0.03160	0.01693	0.03021	0.03537	0.01052	0.01355	0.00859	0.00497	0.00533	0.00162	0.00656	0.00480	0.00280	0.00813
28	0.02408	0.00914	0.01246	0.00955	0.01370	0.00789	0.00789	0.02616	0.01536	0.78158	0.02118	0.01827	0.01329	0.00664	0.00540	0.00166	0.00457	0.00540	0.00664	0.00914
29	0.01063	0.01004	0.01699	0.67933	0.15226	0.01205	0.01515	0.01414	0.01097	0.01431	0.00963	0.01415	0.00737	0.00528	0.00536	0.00176	0.00703	0.00477	0.00243	0.00636
30	0.01191	0.05581	0.46958	0.01651	0.03869	0.01295	0.18031	0.01692	0.01154	0.04880	0.01031	0.01257	0.00763	0.00634	0.03023	0.00195	0.05319	0.00461	0.00258	0.00759
31	0.59143	0.01447	0.19817	0.00925	0.01366	0.01183	0.00940	0.01625	0.00997	0.04544	0.00910	0.01131	0.00709	0.00538	0.00395	0.00170	0.00512	0.02687	0.00322	0.00641
32	0.00865	0.00618	0.00865	0.00989	0.01112	0.00618	0.00865	0.01112	0.01236	0.01606	0.02842	0.06055	0.03089	0.01483	0.00741	0.00247	0.00494	0.74174	0.00494	0.00494
33	0.02005	0.02558	0.01521	0.01383	0.01659	0.78980	0.01037	0.02143	0.01521	0.01314	0.00830	0.00968	0.00691	0.00553	0.00484	0.00138	0.00968	0.00346	0.00277	0.00622
34	0.04459	0.00938	0.01247	0.00959	0.01373	0.00831	0.00792	0.05224	0.01556	0.73580	0.02054	0.01784	0.01295	0.00660	0.00535	0.00166	0.00461	0.00532	0.00652	0.00905
35	0.01329	0.01275	0.02179	0.03295	0.77787	0.01275	0.01647	0.01647	0.01222	0.01754	0.01010	0.01329	0.00850	0.00478	0.00531	0.00159	0.00638	0.00478	0.00266	0.00850
36	0.00779	0.00525	0.00611	0.00611	0.00619	0.00534	0.00357	0.00797	0.00788	0.01059	0.01668	0.03386	0.01896	0.74164	0.09627	0.00551	0.00603	0.00762	0.00322	0.00339
37	0.00654	0.00467	0.00623	0.00747	0.00779	0.00436	0.00498	0.00747	0.01028	0.01370	0.02959	0.80785	0.03550	0.01682	0.00685	0.00218	0.00311	0.01526	0.00498	0.00436
38	0.01419	0.76608	0.02742	0.00948	0.01380	0.02095	0.00934	0.01588	0.01074	0.01265	0.00744	0.00880	0.00690	0.00488	0.00430	0.00122	0.05382	0.00298	0.00230	0.00683
39	0.84927	0.01038	0.00789	0.00706	0.01038	0.01204	0.00581	0.01578	0.00914	0.02408	0.00747	0.00872	0.00581	0.00498	0.00332	0.00166	0.00415	0.00291	0.00332	0.00581
40	0.00932	0.00466	0.00699	0.00699	0.00699	0.00466	0.00466	0.00699	0.00699	0.00932	0.00932	0.01632	0.00932	0.01865	0.02098	0.84382	0.00466	0.00466	0.00233	0.00233
41	0.00760	0.00549	0.00718	0.00675	0.00802	0.00506	0.00506	0.01013	0.01519	0.02153	0.77503	0.04010	0.05065	0.01097	0.00633	0.00169	0.00253	0.00971	0.00591	0.00506
42	0.00634	0.00544	0.00544	0.00544	0.00725	0.00453	0.00408	0.00770	0.01224	0.01450	0.05438	0.05166	0.77569	0.01359	0.00634	0.00181	0.00272	0.01133	0.00498	0.00453
43	0.00781	0.00520	0.00585	0.00585	0.00585	0.00520	0.00325	0.00781	0.00781	0.01041	0.01691	0.03513	0.01952	0.81135	0.02732	0.00520	0.00520	0.00781	0.00325	0.00325
44	0.00760	0.00549	0.00718	0.00675	0.00802	0.00506	0.00506	0.01013	0.01519	0.02153	0.77503	0.04010	0.05065	0.01097	0.00633	0.00169	0.00253	0.00971	0.00591	0.00506
45	0.01435	0.81458	0.02813	0.00918	0.01378	0.02124	0.00918	0.01607	0.01091	0.01263	0.00746	0.00861	0.00689	0.00459	0.00344	0.00115	0.00574	0.00287	0.00230	0.00689
46	0.01113	0.00954	0.01113	0.00795	0.01272	0.00716	0.00636	0.01352	0.01113	0.01749	0.00954	0.01113	0.00795	0.00398	0.00398	0.00080	0.00398	0.00318	0.00318	0.84417
47	0.02408	0.00914	0.01246	0.00955	0.01370	0.00789	0.00789	0.02616	0.01536	0.78158	0.02118	0.01827	0.01329	0.00664	0.00540	0.00166	0.00457	0.00540	0.00664	0.00914
48	0.01254	0.01200	0.02045	0.21331	0.60330	0.01256	0.01610	0.01582	0.01187	0.01664	0.00997	0.01353	0.00819	0.00492	0.00533	0.00164	0.00656	0.00478	0.00259	0.00790
49	0.01124	0.00963	0.01157	0.00840	0.01301	0.00746	0.02425	0.03289	0.01151	0.01777	0.01038	0.04000	0.00898	0.00452	0.00417	0.00089	0.00412	0.00373	0.00329	0.77219
50	0.01165	0.01050	0.01667	0.63013	0.10930	0.01256	0.01452	0.10053	0.01257	0.01643	0.00998	0.01404	0.00752	0.00543	0.00536	0.00175	0.00693	0.00478	0.00276	0.00659
51	0.01067	0.02421	0.63421	0.01525	0.02221	0.01182	0.07696	0.01633	0.01156	0.01691	0.01191	0.01729	0.00970	0.00618	0.00547	0.00180	0.00767	0.08970	0.00261	0.00753
52	0.01172	0.00968	0.01384	0.05146	0.01553	0.00836	0.10579	0.01426	0.01121	0.06910	0.01145	0.02822	0.00960	0.03579	0.06574	0.00185	0.02366	0.00444	0.00331	0.50498
53	0.01091	0.01028	0.01737	0.55025	0.24332	0.01193	0.01500	0.01431	0.01106	0.01473	0.00990	0.01431	0.00780	0.00670	0.03892	0.00203	0.00725	0.00482	0.00248	0.00662
54	0.01178	0.00980	0.01341	0.11816	0.01722	0.00830	0.06676	0.01445	0.01143	0.06187	0.01075	0.02913	0.00875	0.00464	0.00450	0.00109	0.00483	0.00403	0.00328	0.59581
55	0.01312	0.00968	0.01230	0.00901	0.01352	0.00777	0.04678	0.01595	0.03833	0.13154	0.01201	0.01343	0.00941	0.02941	0.00509	0.00115	0.00438	0.00392	0.00376	0.61943
56	0.01176	0.00964	0.01273	0.05806	0.03139	0.00802	0.05354	0.01465	0.03476	0.06237	0.01197	0.06272	0.01025	0.00518	0.00455	0.00111	0.00452	0.00449	0.00348	0.59482

[dist]
# distance from previous block
# <min> <max>
3	13

[block]
# block no. 3 follows, 45 sequences, length 16
# corresponding to MSA columns:
# 205-220
name=unknown_D
#
# <colnr> <probs for GDERKNQSTAVLIFYWHMCP>
#	G	D	E	R	K	N	Q	S	T	A	V	L	I	F	Y	W	H	M	C	P
0	0.01454	0.01185	0.01503	0.02819	0.01614	0.01187	0.09210	0.24460	0.14752	0.03971	0.01386	0.03794	0.01090	0.00696	0.02945	0.00166	0.00556	0.00506	0.00430	0.26276
1	0.01642	0.01405	0.07602	0.01159	0.01544	0.04322	0.02862	0.44227	0.01947	0.04518	0.03722	0.07341	0.01343	0.05336	0.00674	0.00185	0.00577	0.03434	0.00471	0.05690
2	0.10460	0.06808	0.32114	0.01325	0.01819	0.12204	0.04851	0.01709	0.04068	0.01672	0.00928	0.01117	0.00727	0.00563	0.00633	0.00164	0.10732	0.00394	0.00268	0.07445
3	0.04764	0.01019	0.01135	0.00970	0.01249	0.01096	0.00755	0.17222	0.26163	0.14846	0.04613	0.02304	0.01640	0.15655	0.00952	0.00239	0.00478	0.03648	0.00514	0.00738
4	0.78254	0.01076	0.00855	0.00749	0.01089	0.01241	0.00617	0.07569	0.01043	0.02487	0.00791	0.00906	0.00608	0.00510	0.00349	0.00166	0.00429	0.00306	0.00349	0.00608
5	0.00750	0.00529	0.00614	0.00619	0.00662	0.00525	0.00388	0.00800	0.00875	0.01147	0.02339	0.06261	0.14773	0.55240	0.11831	0.00495	0.00586	0.00840	0.00356	0.00370
6	0.01246	0.01117	0.01468	0.22984	0.13542	0.01287	0.01145	0.02265	0.44686	0.01932	0.01671	0.01745	0.01267	0.00638	0.00541	0.00178	0.00537	0.00552	0.00420	0.00780
7	0.01229	0.01031	0.01095	0.00979	0.01258	0.01148	0.00762	0.08247	0.52174	0.02200	0.09003	0.02630	0.14226	0.00855	0.00567	0.00179	0.00399	0.00713	0.00541	0.00761
8	0.01929	0.02435	0.01499	0.01363	0.01624	0.73359	0.01027	0.02069	0.01472	0.01310	0.00849	0.01020	0.00717	0.00702	0.03608	0.00170	0.03596	0.00359	0.00276	0.00616
9	0.01311	0.01258	0.02148	0.07504	0.73712	0.01271	0.01639	0.01632	0.01214	0.01733	0.01007	0.01334	0.00843	0.00481	0.00532	0.00160	0.00642	0.00478	0.00264	0.00836
10	0.01335	0.01153	0.01214	0.01092	0.01396	0.01335	0.00850	0.02852	0.76817	0.02245	0.02185	0.02003	0.01639	0.00728	0.00546	0.00182	0.00425	0.00607	0.00546	0.00850
11	0.00698	0.00546	0.00633	0.00611	0.00764	0.00480	0.00458	0.00894	0.01375	0.01809	0.42268	0.04575	0.40515	0.01226	0.00634	0.00175	0.00262	0.01050	0.00546	0.00480
12	0.84927	0.01038	0.00789	0.00706	0.01038	0.01204	0.00581	0.01578	0.00914	0.02408	0.00747	0.00872	0.00581	0.00498	0.00332	0.00166	0.00415	0.00291	0.00332	0.00581
13	0.00932	0.00466	0.00699	0.00699	0.00699	0.00466	0.00466	0.00699	0.00699	0.00932	0.00932	0.01632	0.00932	0.01865	0.02098	0.84382	0.00466	0.00466	0.00233	0.00233
14	0.01179	0.00719	0.00741	0.00676	0.00865	0.00765	0.00523	0.10927	0.11909	0.02210	0.01753	0.01911	0.01354	0.00642	0.00420	0.00138	0.00318	0.00513	0.61836	0.00601
15	0.74290	0.01120	0.03604	0.00974	0.08182	0.01212	0.00728	0.01589	0.00950	0.02323	0.00779	0.00923	0.00610	0.00497	0.00357	0.00166	0.00449	0.00312	0.00322	0.00614

[dist]
# distance from previous block
# <min> <max>
0	1

# created by:
# /st0/software/busco_prod/Augustus/scripts/msa2prfl.pl ./align_prep/207787.fa
