[name]
unknown

[dist]
# distance from previous block
# <min> <max>
11	230

[block]
# block no. 0 follows, 45 sequences, length 12
# corresponding to MSA columns:
# 241-252
name=unknown_A
#
# <colnr> <probs for GDERKNQSTAVLIFYWHMCP>
#	G	D	E	R	K	N	Q	S	T	A	V	L	I	F	Y	W	H	M	C	P
0	0.08178	0.01101	0.01500	0.09839	0.13755	0.01186	0.06096	0.12907	0.14276	0.04815	0.03647	0.07610	0.01408	0.00732	0.00585	0.00176	0.02993	0.04686	0.00412	0.04099
1	0.05430	0.01017	0.01602	0.05784	0.08681	0.01006	0.16642	0.06463	0.01245	0.05529	0.04810	0.04849	0.01475	0.07015	0.00808	0.01758	0.03618	0.09577	0.00367	0.12321
2	0.10786	0.00981	0.04186	0.20780	0.01894	0.01000	0.05129	0.11268	0.01299	0.01879	0.05631	0.16908	0.01782	0.00893	0.00569	0.00185	0.00536	0.09564	0.00393	0.04336
3	0.00879	0.00734	0.01008	0.00969	0.03359	0.00777	0.03727	0.01002	0.00985	0.01377	0.04499	0.26405	0.05506	0.20277	0.01333	0.00273	0.15029	0.02453	0.00377	0.09031
4	0.07346	0.01406	0.11088	0.06857	0.08138	0.01229	0.32963	0.03240	0.01255	0.10880	0.04902	0.01513	0.01045	0.00558	0.00633	0.00177	0.05153	0.00553	0.00334	0.00731
5	0.00800	0.00565	0.00685	0.00645	0.00804	0.00503	0.00487	0.01011	0.01420	0.05724	0.49415	0.04290	0.29336	0.01164	0.00629	0.00173	0.00270	0.01004	0.00563	0.00509
6	0.01202	0.02773	0.03541	0.00898	0.01123	0.07042	0.00719	0.19373	0.01542	0.02057	0.20873	0.04641	0.07619	0.10550	0.07181	0.00263	0.00553	0.02800	0.04652	0.00598
7	0.01001	0.00500	0.00500	0.00500	0.00625	0.00500	0.00375	0.01251	0.01126	0.02001	0.01751	0.02001	0.01376	0.00625	0.00375	0.00125	0.00250	0.00500	0.84115	0.00500
8	0.01144	0.01037	0.01660	0.65243	0.10014	0.01247	0.01457	0.08862	0.01232	0.01606	0.00992	0.01408	0.00747	0.00542	0.00536	0.00175	0.00696	0.00478	0.00271	0.00650
9	0.01250	0.01196	0.02038	0.22286	0.59406	0.01255	0.01609	0.01579	0.01185	0.01659	0.00996	0.01354	0.00817	0.00493	0.00533	0.00164	0.00657	0.00478	0.00259	0.00787
10	0.01327	0.01330	0.02092	0.14809	0.57136	0.07012	0.05232	0.01645	0.01224	0.01661	0.00992	0.01323	0.00816	0.00491	0.00534	0.00162	0.00687	0.00476	0.00263	0.00788
11	0.01156	0.17224	0.50891	0.09381	0.07863	0.01408	0.01710	0.01646	0.01126	0.01589	0.00925	0.01127	0.00698	0.00501	0.00483	0.00160	0.00733	0.00390	0.00231	0.00758

[dist]
# distance from previous block
# <min> <max>
4	17

[block]
# block no. 1 follows, 45 sequences, length 22
# corresponding to MSA columns:
# 271-292
name=unknown_B
#
# <colnr> <probs for GDERKNQSTAVLIFYWHMCP>
#	G	D	E	R	K	N	Q	S	T	A	V	L	I	F	Y	W	H	M	C	P
0	0.01055	0.05229	0.01530	0.01214	0.01374	0.01170	0.11001	0.02964	0.00973	0.01425	0.01123	0.01633	0.01021	0.03837	0.29019	0.00441	0.26924	0.00526	0.05013	0.02529
1	0.01113	0.00954	0.01113	0.00795	0.01272	0.00716	0.00636	0.01352	0.01113	0.01749	0.00954	0.01113	0.00795	0.00398	0.00398	0.00080	0.00398	0.00318	0.00318	0.84417
2	0.00770	0.00562	0.00794	0.00794	0.00866	0.00634	0.00585	0.00914	0.00842	0.01195	0.01501	0.02457	0.01493	0.23160	0.60081	0.00778	0.01210	0.00626	0.00297	0.00441
3	0.01343	0.01376	0.04385	0.07156	0.67337	0.05664	0.01615	0.01663	0.01229	0.01707	0.00995	0.01308	0.00829	0.00487	0.00528	0.00160	0.00665	0.00468	0.00264	0.00822
4	0.00760	0.00549	0.00718	0.00675	0.00802	0.00506	0.00506	0.01013	0.01519	0.02153	0.77503	0.04010	0.05065	0.01097	0.00633	0.00169	0.00253	0.00971	0.00591	0.00506
5	0.00700	0.00558	0.00629	0.00618	0.00774	0.00496	0.00461	0.00914	0.03415	0.01719	0.31013	0.08940	0.45314	0.01266	0.00634	0.00179	0.00272	0.01082	0.00533	0.00482
6	0.01077	0.02777	0.78354	0.01530	0.02323	0.01247	0.01983	0.01700	0.01133	0.01700	0.00963	0.01133	0.00680	0.00510	0.00510	0.00170	0.00793	0.00397	0.00227	0.00793
7	0.00639	0.00544	0.00551	0.00549	0.00728	0.00455	0.00412	0.00780	0.01235	0.01477	0.08228	0.05121	0.74762	0.01349	0.00634	0.00181	0.00271	0.01127	0.00502	0.00455
8	0.01442	0.01206	0.01274	0.01114	0.01436	0.01385	0.00875	0.13885	0.65611	0.02417	0.02050	0.01895	0.01529	0.00716	0.00545	0.00179	0.00450	0.00588	0.00545	0.00859
9	0.01113	0.00954	0.01113	0.00795	0.01272	0.00716	0.00636	0.01352	0.01113	0.01749	0.00954	0.01113	0.00795	0.00398	0.00398	0.00080	0.00398	0.00318	0.00318	0.84417
10	0.01113	0.00954	0.01113	0.00795	0.01272	0.00716	0.00636	0.01352	0.01113	0.01749	0.00954	0.01113	0.00795	0.00398	0.00398	0.00080	0.00398	0.00318	0.00318	0.84417
11	0.01113	0.00954	0.01113	0.00795	0.01272	0.00716	0.00636	0.01352	0.01113	0.01749	0.00954	0.01113	0.00795	0.00398	0.00398	0.00080	0.00398	0.00318	0.00318	0.84417
12	0.01228	0.01159	0.01896	0.27716	0.46055	0.01255	0.01515	0.01683	0.08968	0.01681	0.01113	0.01431	0.00888	0.00523	0.00535	0.00168	0.00641	0.00491	0.00286	0.00768
13	0.01794	0.01768	0.01355	0.01163	0.01452	0.35958	0.00907	0.26047	0.01749	0.02122	0.01155	0.01281	0.00898	0.00609	0.00521	0.00146	0.03257	0.00425	0.16700	0.00692
14	0.00654	0.00467	0.00623	0.00747	0.00779	0.00436	0.00498	0.00747	0.01028	0.01370	0.02959	0.80785	0.03550	0.01682	0.00685	0.00218	0.00311	0.01526	0.00498	0.00436
15	0.84927	0.01038	0.00789	0.00706	0.01038	0.01204	0.00581	0.01578	0.00914	0.02408	0.00747	0.00872	0.00581	0.00498	0.00332	0.00166	0.00415	0.00291	0.00332	0.00581
16	0.00710	0.00547	0.00649	0.00623	0.00772	0.00485	0.00468	0.00917	0.01403	0.01875	0.49047	0.04466	0.33694	0.01201	0.00634	0.00174	0.00261	0.01035	0.00554	0.00485
17	0.01014	0.00954	0.01610	0.79845	0.03697	0.01193	0.01491	0.01371	0.01073	0.01371	0.00954	0.01431	0.00716	0.00537	0.00537	0.00179	0.00716	0.00477	0.00239	0.00596
18	0.01001	0.00524	0.00559	0.04669	0.00787	0.00537	0.00434	0.01257	0.01123	0.01968	0.01709	0.01971	0.01341	0.00621	0.00384	0.00128	0.00275	0.00499	0.79708	0.00505
19	0.00731	0.00500	0.00600	0.00649	0.00661	0.00487	0.00393	0.00768	0.00877	0.01170	0.02188	0.33795	0.02578	0.49998	0.01930	0.00402	0.00439	0.01073	0.00393	0.00369
20	0.01156	0.00980	0.01136	0.00816	0.01290	0.00760	0.00654	0.04826	0.01179	0.01825	0.00970	0.01121	0.00801	0.00409	0.00404	0.00083	0.00407	0.00326	0.00328	0.80530
21	0.01482	0.01156	0.01319	0.01065	0.01399	0.01230	0.00861	0.29875	0.12351	0.04104	0.05735	0.05743	0.01402	0.00731	0.00648	0.00159	0.08462	0.02344	0.00462	0.19474

[dist]
# distance from previous block
# <min> <max>
0	29

[block]
# block no. 2 follows, 45 sequences, length 59
# corresponding to MSA columns:
# 343-401
name=unknown_C
#
# <colnr> <probs for GDERKNQSTAVLIFYWHMCP>
#	G	D	E	R	K	N	Q	S	T	A	V	L	I	F	Y	W	H	M	C	P
0	0.02005	0.02558	0.01521	0.01383	0.01659	0.78980	0.01037	0.02143	0.01521	0.01314	0.00830	0.00968	0.00691	0.00553	0.00484	0.00138	0.00968	0.00346	0.00277	0.00622
1	0.00675	0.00507	0.00632	0.00719	0.00803	0.00463	0.00516	0.00802	0.01116	0.01438	0.05511	0.50376	0.23077	0.01559	0.00677	0.00210	0.00320	0.09650	0.00500	0.00449
2	0.01243	0.01376	0.02765	0.02037	0.02437	0.01433	0.56127	0.01607	0.01150	0.01607	0.00985	0.01376	0.00785	0.00581	0.00931	0.00195	0.21825	0.00590	0.00262	0.00688
3	0.04260	0.00521	0.00512	0.00508	0.00641	0.00528	0.00383	0.01263	0.01117	0.02017	0.01712	0.01957	0.01345	0.00620	0.00374	0.00127	0.00257	0.00492	0.80861	0.00503
4	0.84927	0.01038	0.00789	0.00706	0.01038	0.01204	0.00581	0.01578	0.00914	0.02408	0.00747	0.00872	0.00581	0.00498	0.00332	0.00166	0.00415	0.00291	0.00332	0.00581
5	0.01088	0.05379	0.75856	0.01510	0.02292	0.01276	0.01948	0.01697	0.01132	0.01686	0.00956	0.01124	0.00680	0.00508	0.00505	0.00168	0.00786	0.00393	0.00227	0.00790
6	0.04718	0.01607	0.01520	0.01208	0.01598	0.13599	0.00980	0.58610	0.02253	0.02951	0.01323	0.01345	0.02990	0.00645	0.00522	0.00158	0.00628	0.00474	0.02036	0.00836
7	0.00754	0.00548	0.00709	0.00669	0.00798	0.00504	0.00502	0.01002	0.01506	0.02120	0.74114	0.04064	0.08475	0.01110	0.00633	0.00169	0.00254	0.00978	0.00587	0.00504
8	0.01252	0.01066	0.01146	0.01058	0.01336	0.01216	0.00834	0.02566	0.64969	0.02139	0.02392	0.02602	0.04869	0.00842	0.00572	0.00190	0.00427	0.09194	0.00538	0.00792
9	0.00634	0.00544	0.00544	0.00544	0.00725	0.00453	0.00408	0.00770	0.01224	0.01450	0.05438	0.05166	0.77569	0.01359	0.00634	0.00181	0.00272	0.01133	0.00498	0.00453
10	0.01077	0.02777	0.78354	0.01530	0.02323	0.01247	0.01983	0.01700	0.01133	0.01700	0.00963	0.01133	0.00680	0.00510	0.00510	0.00170	0.00793	0.00397	0.00227	0.00793
11	0.78714	0.04833	0.00907	0.00730	0.01071	0.01260	0.00609	0.03632	0.00966	0.02381	0.00762	0.00883	0.00596	0.00500	0.00338	0.00164	0.00428	0.00296	0.00333	0.00596
12	0.01235	0.01370	0.02898	0.13069	0.07013	0.01330	0.61495	0.01667	0.01238	0.01673	0.01064	0.01439	0.00803	0.00466	0.00615	0.00180	0.00864	0.00603	0.00267	0.00713
13	0.01887	0.01070	0.01235	0.01019	0.01386	0.03599	0.00815	0.02640	0.32912	0.40371	0.02048	0.01838	0.01412	0.00675	0.00534	0.00168	0.00458	0.00551	0.00586	0.04796
14	0.00767	0.00575	0.00863	0.00863	0.00959	0.00671	0.00671	0.00959	0.00863	0.01246	0.01438	0.02109	0.01342	0.04026	0.79008	0.00863	0.01438	0.00575	0.00288	0.00479
15	0.01335	0.01153	0.01214	0.01092	0.01396	0.01335	0.00850	0.02852	0.76817	0.02245	0.02185	0.02003	0.01639	0.00728	0.00546	0.00182	0.00425	0.00607	0.00546	0.00850
16	0.00672	0.00545	0.00596	0.00583	0.00748	0.00469	0.00438	0.00844	0.01313	0.01662	0.27166	0.04817	0.55708	0.01280	0.00634	0.00178	0.00266	0.01084	0.00526	0.00469
17	0.02041	0.01504	0.01611	0.01235	0.01665	0.01665	0.01020	0.75997	0.02524	0.03383	0.01289	0.01289	0.00913	0.00644	0.00537	0.00161	0.00591	0.00483	0.00537	0.00913
18	0.02386	0.00950	0.01268	0.00972	0.01388	0.00842	0.00803	0.07102	0.01597	0.73587	0.02067	0.01794	0.01303	0.00663	0.00540	0.00166	0.00465	0.00536	0.00657	0.00913
19	0.00760	0.00549	0.00718	0.00675	0.00802	0.00506	0.00506	0.01013	0.01519	0.02153	0.77503	0.04010	0.05065	0.01097	0.00633	0.00169	0.00253	0.00971	0.00591	0.00506
20	0.01256	0.01080	0.01141	0.01032	0.01318	0.01231	0.00801	0.02612	0.67690	0.02182	0.05968	0.02331	0.07410	0.00792	0.00557	0.00181	0.00405	0.00663	0.00545	0.00804
21	0.01119	0.01097	0.01536	0.01338	0.01344	0.01515	0.01103	0.01238	0.00839	0.01296	0.00904	0.07258	0.00946	0.01116	0.04680	0.00258	0.71031	0.00554	0.00257	0.00572
22	0.01026	0.00967	0.01633	0.76759	0.06684	0.01196	0.01497	0.01383	0.01079	0.01387	0.00956	0.01427	0.00721	0.00534	0.00536	0.00178	0.00712	0.00477	0.00240	0.00607
23	0.00767	0.00575	0.00863	0.00863	0.00959	0.00671	0.00671	0.00959	0.00863	0.01246	0.01438	0.02109	0.01342	0.04026	0.79008	0.00863	0.01438	0.00575	0.00288	0.00479
24	0.01268	0.01444	0.03144	0.02287	0.04567	0.01356	0.74094	0.01718	0.01266	0.01720	0.01084	0.01445	0.00815	0.00453	0.00631	0.00180	0.00899	0.00630	0.00271	0.00727
25	0.00654	0.00467	0.00623	0.00747	0.00779	0.00436	0.00498	0.00747	0.01028	0.01370	0.02959	0.80785	0.03550	0.01682	0.00685	0.00218	0.00311	0.01526	0.00498	0.00436
26	0.01014	0.00954	0.01610	0.79845	0.03697	0.01193	0.01491	0.01371	0.01073	0.01371	0.00954	0.01431	0.00716	0.00537	0.00537	0.00179	0.00716	0.00477	0.00239	0.00596
27	0.01289	0.01235	0.02107	0.13014	0.68379	0.01265	0.01628	0.01612	0.01203	0.01705	0.01003	0.01342	0.00833	0.00486	0.00532	0.00162	0.00648	0.00478	0.00262	0.00818
28	0.84927	0.01038	0.00789	0.00706	0.01038	0.01204	0.00581	0.01578	0.00914	0.02408	0.00747	0.00872	0.00581	0.00498	0.00332	0.00166	0.00415	0.00291	0.00332	0.00581
29	0.01277	0.01223	0.02086	0.15736	0.65745	0.01262	0.01622	0.01603	0.01198	0.01692	0.01001	0.01345	0.00828	0.00488	0.00532	0.00163	0.00650	0.00478	0.00261	0.00809
30	0.00767	0.00575	0.00863	0.00863	0.00959	0.00671	0.00671	0.00959	0.00863	0.01246	0.01438	0.02109	0.01342	0.04026	0.79008	0.00863	0.01438	0.00575	0.00288	0.00479
31	0.01090	0.02686	0.73204	0.01580	0.02356	0.01254	0.07042	0.01701	0.01142	0.01701	0.00972	0.01155	0.00689	0.00506	0.00518	0.00171	0.00801	0.00413	0.00230	0.00789
32	0.01153	0.00966	0.01170	0.00838	0.01315	0.00734	0.02596	0.01396	0.01129	0.03865	0.00990	0.01142	0.00810	0.00406	0.00408	0.00085	0.00412	0.00332	0.00326	0.79927
33	0.03929	0.01348	0.01517	0.12167	0.01866	0.01513	0.01032	0.56388	0.05691	0.02921	0.01292	0.01418	0.00954	0.03291	0.00602	0.00176	0.00587	0.00493	0.01985	0.00830
34	0.01088	0.05373	0.75861	0.01510	0.02292	0.01276	0.01948	0.01697	0.01132	0.01686	0.00956	0.01124	0.00680	0.00508	0.00505	0.00168	0.00786	0.00393	0.00227	0.00790
35	0.01326	0.01244	0.02048	0.12025	0.62621	0.01286	0.01569	0.05151	0.04202	0.01805	0.01062	0.01365	0.00868	0.00503	0.00533	0.00163	0.00636	0.00483	0.00286	0.00824
36	0.01014	0.00954	0.01610	0.79845	0.03697	0.01193	0.01491	0.01371	0.01073	0.01371	0.00954	0.01431	0.00716	0.00537	0.00537	0.00179	0.00716	0.00477	0.00239	0.00596
37	0.00659	0.00471	0.00627	0.00744	0.00780	0.00439	0.00499	0.00760	0.01051	0.01407	0.06457	0.77182	0.03621	0.01654	0.00683	0.00216	0.00309	0.01500	0.00503	0.00439
38	0.01435	0.81458	0.02813	0.00918	0.01378	0.02124	0.00918	0.01607	0.01091	0.01263	0.00746	0.00861	0.00689	0.00459	0.00344	0.00115	0.00574	0.00287	0.00230	0.00689
39	0.00760	0.00549	0.00718	0.00675	0.00802	0.00506	0.00506	0.01013	0.01519	0.02153	0.77503	0.04010	0.05065	0.01097	0.00633	0.00169	0.00253	0.00971	0.00591	0.00506
40	0.00766	0.00639	0.01062	0.01013	0.01134	0.00599	0.13240	0.00926	0.01077	0.01439	0.02638	0.64369	0.03070	0.01466	0.00679	0.00213	0.00419	0.04304	0.00460	0.00487
41	0.01975	0.01455	0.01565	0.01212	0.01623	0.01607	0.00996	0.72465	0.02454	0.03289	0.01367	0.05020	0.01037	0.00693	0.00544	0.00164	0.00578	0.00532	0.00535	0.00890
42	0.01518	0.01154	0.01250	0.01088	0.01415	0.01299	0.00857	0.08854	0.61928	0.11178	0.02103	0.01923	0.01543	0.00714	0.00545	0.00178	0.00442	0.00589	0.00559	0.00862
43	0.68558	0.01051	0.00903	0.00773	0.01123	0.01178	0.00637	0.06507	0.01100	0.12599	0.00965	0.01027	0.00703	0.00530	0.00373	0.00166	0.00432	0.00336	0.00390	0.00647
44	0.01014	0.00954	0.01610	0.79845	0.03697	0.01193	0.01491	0.01371	0.01073	0.01371	0.00954	0.01431	0.00716	0.00537	0.00537	0.00179	0.00716	0.00477	0.00239	0.00596
45	0.00767	0.00575	0.00863	0.00863	0.00959	0.00671	0.00671	0.00959	0.00863	0.01246	0.01438	0.02109	0.01342	0.04026	0.79008	0.00863	0.01438	0.00575	0.00288	0.00479
46	0.00655	0.00536	0.00577	0.00585	0.00742	0.00459	0.00432	0.00803	0.01245	0.01543	0.15550	0.13102	0.59196	0.01356	0.00640	0.00183	0.00273	0.01152	0.00512	0.00459
47	0.00661	0.00473	0.00629	0.00743	0.00780	0.00441	0.00499	0.00765	0.01060	0.01422	0.07921	0.75674	0.03651	0.01643	0.00682	0.00215	0.00308	0.01489	0.00504	0.00441
48	0.02005	0.02558	0.01521	0.01383	0.01659	0.78980	0.01037	0.02143	0.01521	0.01314	0.00830	0.00968	0.00691	0.00553	0.00484	0.00138	0.00968	0.00346	0.00277	0.00622
49	0.00660	0.00471	0.00629	0.00754	0.00788	0.00441	0.00508	0.00757	0.01033	0.01377	0.02955	0.78771	0.03538	0.01676	0.00687	0.00219	0.00316	0.03484	0.00498	0.00438
50	0.00767	0.00575	0.00863	0.00863	0.00959	0.00671	0.00671	0.00959	0.00863	0.01246	0.01438	0.02109	0.01342	0.04026	0.79008	0.00863	0.01438	0.00575	0.00288	0.00479
51	0.00673	0.00475	0.00617	0.00723	0.00750	0.00449	0.00472	0.00752	0.00991	0.01321	0.02769	0.69238	0.03311	0.13555	0.00991	0.00263	0.00343	0.01415	0.00472	0.00419
52	0.01204	0.28317	0.49565	0.01372	0.02042	0.01538	0.05759	0.01671	0.01127	0.01559	0.00899	0.01062	0.00690	0.00490	0.00463	0.00153	0.00728	0.00374	0.00230	0.00755
53	0.07501	0.02330	0.01484	0.01320	0.01619	0.64470	0.01005	0.11046	0.01602	0.01637	0.00880	0.01000	0.00711	0.00561	0.00480	0.00143	0.00886	0.00359	0.00312	0.00655
54	0.00654	0.00467	0.00623	0.00747	0.00779	0.00436	0.00498	0.00747	0.01028	0.01370	0.02959	0.80785	0.03550	0.01682	0.00685	0.00218	0.00311	0.01526	0.00498	0.00436
55	0.00661	0.00473	0.00632	0.00747	0.00783	0.00444	0.00502	0.00762	0.01044	0.01399	0.05933	0.76082	0.03566	0.01706	0.02283	0.00229	0.00332	0.01484	0.00498	0.00440
56	0.01180	0.14086	0.46516	0.01621	0.02284	0.01414	0.20402	0.01682	0.01154	0.01631	0.00956	0.01173	0.00716	0.00497	0.00544	0.00166	0.02542	0.00442	0.00239	0.00756
57	0.01365	0.01543	0.02779	0.02365	0.17557	0.10379	0.52400	0.01755	0.01288	0.01679	0.01041	0.01368	0.00807	0.00469	0.00596	0.00172	0.00859	0.00569	0.00271	0.00737
58	0.02041	0.01504	0.01611	0.01235	0.01665	0.01665	0.01020	0.75997	0.02524	0.03383	0.01289	0.01289	0.00913	0.00644	0.00537	0.00161	0.00591	0.00483	0.00537	0.00913

[dist]
# distance from previous block
# <min> <max>
0	0

# created by:
# /st0/software/busco_prod/Augustus/scripts/msa2prfl.pl ./align_prep/207739.fa
