[name]
unknown

[dist]
# distance from previous block
# <min> <max>
12	363

[block]
# block no. 0 follows, 48 sequences, length 15
# corresponding to MSA columns:
# 416-430
name=unknown_A
#
# <colnr> <probs for GDERKNQSTAVLIFYWHMCP>
#	G	D	E	R	K	N	Q	S	T	A	V	L	I	F	Y	W	H	M	C	P
0	0.20109	0.01059	0.01222	0.00941	0.01341	0.01041	0.04341	0.17594	0.03776	0.20264	0.01238	0.01250	0.00884	0.00523	0.00441	0.00138	0.00460	0.00404	0.00433	0.22542
1	0.01670	0.01428	0.01348	0.01122	0.01456	0.13053	0.00893	0.37205	0.27692	0.02510	0.01477	0.01449	0.01097	0.00629	0.00501	0.00156	0.00549	0.00483	0.04487	0.00792
2	0.01070	0.00775	0.00929	0.00742	0.01075	0.00617	0.00573	0.01266	0.01083	0.08435	0.01482	0.18611	0.01417	0.00684	0.00450	0.00115	0.00356	0.00586	0.06791	0.52941
3	0.01199	0.20149	0.22419	0.01670	0.02218	0.01445	0.38423	0.01604	0.01129	0.01529	0.00925	0.01172	0.00716	0.00460	0.00540	0.00157	0.02842	0.00468	0.00239	0.00698
4	0.07534	0.01437	0.01559	0.01213	0.01608	0.07435	0.06694	0.53494	0.05686	0.06406	0.01227	0.01250	0.00880	0.00591	0.00504	0.00155	0.00590	0.00459	0.00468	0.00814
5	0.00634	0.00450	0.00593	0.00703	0.00730	0.00423	0.00464	0.00717	0.00964	0.01286	0.02736	0.75690	0.03278	0.07708	0.00803	0.00230	0.00313	0.01405	0.00464	0.00409
6	0.01838	0.01085	0.01272	0.01014	0.01357	0.01130	0.00821	0.37163	0.04579	0.28015	0.01637	0.05991	0.01232	0.03585	0.06620	0.00221	0.00561	0.00555	0.00527	0.00796
7	0.01447	0.37746	0.14228	0.01134	0.06654	0.01429	0.01037	0.01689	0.01137	0.18162	0.01206	0.07243	0.01008	0.00594	0.00476	0.00143	0.03174	0.00451	0.00331	0.00710
8	0.00870	0.00456	0.00666	0.00666	0.00671	0.00460	0.00443	0.00688	0.00683	0.00916	0.00981	0.01745	0.00999	0.09146	0.05939	0.73220	0.00497	0.00478	0.00233	0.00243
9	0.00624	0.00451	0.00591	0.00704	0.00741	0.00418	0.00472	0.00716	0.00993	0.01314	0.02959	0.77402	0.07540	0.01591	0.00652	0.00206	0.00296	0.01438	0.00476	0.00418
10	0.03868	0.01451	0.18469	0.22486	0.36492	0.01202	0.03883	0.03247	0.01134	0.01627	0.00942	0.01244	0.00737	0.00481	0.00502	0.00160	0.00661	0.00439	0.00247	0.00728
11	0.01150	0.01356	0.18308	0.00979	0.01480	0.00921	0.00947	0.09158	0.01197	0.01807	0.00938	0.01088	0.00744	0.00447	0.00465	0.00108	0.03404	0.00342	0.00303	0.54859
12	0.00969	0.00912	0.01539	0.80734	0.03534	0.01140	0.01425	0.01311	0.01026	0.01311	0.00912	0.01368	0.00684	0.00513	0.00513	0.00171	0.00684	0.00456	0.00228	0.00570
13	0.00632	0.00464	0.00596	0.00698	0.00753	0.00428	0.00481	0.00735	0.01019	0.01332	0.03163	0.66889	0.14167	0.01554	0.00651	0.00205	0.00301	0.05036	0.00476	0.00422
14	0.13218	0.00912	0.01022	0.02463	0.01225	0.00756	0.00618	0.01337	0.01043	0.03406	0.00949	0.02818	0.00798	0.00429	0.00383	0.00095	0.00388	0.00333	0.00315	0.67491

[dist]
# distance from previous block
# <min> <max>
1	4

[block]
# block no. 1 follows, 48 sequences, length 30
# corresponding to MSA columns:
# 435-464
name=unknown_B
#
# <colnr> <probs for GDERKNQSTAVLIFYWHMCP>
#	G	D	E	R	K	N	Q	S	T	A	V	L	I	F	Y	W	H	M	C	P
0	0.01873	0.04245	0.01497	0.01158	0.03937	0.01266	0.04073	0.40617	0.04026	0.24134	0.06672	0.01563	0.01258	0.00633	0.00517	0.00155	0.00516	0.00511	0.00521	0.00827
1	0.00693	0.00484	0.00585	0.00623	0.00657	0.00464	0.00394	0.00760	0.00936	0.01252	0.11220	0.31441	0.06882	0.39492	0.01571	0.00338	0.00384	0.01040	0.00409	0.00376
2	0.03860	0.04467	0.03837	0.00986	0.01374	0.01038	0.00842	0.18834	0.01596	0.49495	0.01668	0.01534	0.01100	0.00623	0.00541	0.00157	0.03509	0.00481	0.03229	0.00829
3	0.01758	0.01252	0.01484	0.01162	0.01530	0.01342	0.06031	0.53576	0.04241	0.10203	0.01509	0.10820	0.01223	0.00725	0.00537	0.00163	0.00536	0.00598	0.00504	0.00805
4	0.00891	0.00446	0.00668	0.00668	0.00668	0.00446	0.00446	0.00668	0.00668	0.00891	0.00891	0.01560	0.00891	0.01783	0.02005	0.85071	0.00446	0.00446	0.00223	0.00223
5	0.85592	0.00992	0.00754	0.00675	0.00992	0.01151	0.00556	0.01508	0.00873	0.02302	0.00714	0.00834	0.00556	0.00476	0.00318	0.00159	0.00397	0.00278	0.00318	0.00556
6	0.01209	0.00863	0.00950	0.00842	0.01059	0.06109	0.00656	0.06310	0.14630	0.13250	0.41756	0.02905	0.03170	0.00878	0.00566	0.00163	0.00372	0.03142	0.00541	0.00628
7	0.01426	0.05017	0.01636	0.03966	0.38618	0.01067	0.01142	0.04287	0.05423	0.18040	0.11312	0.01778	0.02806	0.00604	0.00516	0.00155	0.00506	0.00539	0.00399	0.00765
8	0.01231	0.00934	0.01100	0.00796	0.01244	0.00736	0.00641	0.05131	0.01170	0.09453	0.01038	0.01140	0.00816	0.00417	0.00400	0.00088	0.00395	0.00333	0.00347	0.72591
9	0.79953	0.00984	0.00784	0.00691	0.01014	0.01124	0.00569	0.01575	0.00914	0.07503	0.00803	0.00895	0.00604	0.00487	0.00331	0.00159	0.00400	0.00294	0.00339	0.00577
10	0.01276	0.01102	0.01160	0.01044	0.01334	0.01276	0.00812	0.02727	0.77840	0.02146	0.02088	0.01914	0.01566	0.00696	0.00522	0.00174	0.00406	0.00580	0.00522	0.00812
11	0.01270	0.01219	0.02083	0.03149	0.78767	0.01219	0.01575	0.01575	0.01168	0.01676	0.00965	0.01270	0.00813	0.00457	0.00508	0.00152	0.00610	0.00457	0.00254	0.00813
12	0.01641	0.01882	0.01414	0.13862	0.01846	0.47610	0.01024	0.06099	0.16579	0.01547	0.01092	0.01208	0.00855	0.00564	0.00485	0.00148	0.00765	0.00407	0.00323	0.00649
13	0.00680	0.00503	0.00635	0.00643	0.00749	0.00458	0.00466	0.00863	0.01282	0.01750	0.46455	0.24464	0.16683	0.01237	0.00618	0.00176	0.00260	0.01093	0.00527	0.00458
14	0.05426	0.01168	0.01392	0.05467	0.01454	0.08508	0.03281	0.10881	0.04040	0.04865	0.01191	0.12422	0.01134	0.00854	0.01026	0.00193	0.35170	0.00585	0.00334	0.00610
15	0.01917	0.02445	0.01454	0.01322	0.01586	0.79907	0.00991	0.02049	0.01454	0.01256	0.00793	0.00925	0.00661	0.00529	0.00463	0.00132	0.00925	0.00330	0.00264	0.00595
16	0.00625	0.00447	0.00595	0.00714	0.00744	0.00417	0.00476	0.00714	0.00982	0.01310	0.02828	0.81633	0.03394	0.01608	0.00655	0.00208	0.00298	0.01459	0.00476	0.00417
17	0.00866	0.00455	0.00650	0.00650	0.00650	0.00455	0.00422	0.00682	0.00682	0.00909	0.01017	0.01871	0.01060	0.15676	0.02110	0.70417	0.00455	0.00498	0.00238	0.00238
18	0.00693	0.00505	0.00650	0.04057	0.00877	0.00494	0.00519	0.00872	0.04774	0.01396	0.02773	0.64437	0.07481	0.01430	0.00620	0.00197	0.00313	0.01285	0.06178	0.00448
19	0.01029	0.02654	0.79309	0.01462	0.02221	0.01192	0.01896	0.01625	0.01083	0.01625	0.00921	0.01083	0.00650	0.00487	0.00487	0.00162	0.00758	0.00379	0.00217	0.00758
20	0.00624	0.00460	0.00585	0.00681	0.00736	0.00421	0.00462	0.00724	0.01023	0.01339	0.04853	0.67364	0.15760	0.01545	0.00646	0.00202	0.00290	0.01386	0.00478	0.00421
21	0.01625	0.01168	0.03409	0.01015	0.01345	0.01210	0.00838	0.48045	0.01954	0.08849	0.10419	0.05079	0.01539	0.03851	0.02592	0.00186	0.00511	0.00574	0.05039	0.00752
22	0.01119	0.11783	0.33577	0.01546	0.08625	0.01304	0.12815	0.01512	0.01075	0.01556	0.03534	0.01257	0.00866	0.00554	0.00654	0.00163	0.12037	0.00441	0.04895	0.00688
23	0.85592	0.00992	0.00754	0.00675	0.00992	0.01151	0.00556	0.01508	0.00873	0.02302	0.00714	0.00834	0.00556	0.00476	0.00318	0.00159	0.00397	0.00278	0.00318	0.00556
24	0.01079	0.14301	0.68101	0.01377	0.02089	0.01314	0.01747	0.01612	0.01077	0.01564	0.00890	0.01045	0.00651	0.00480	0.00464	0.00155	0.00728	0.00364	0.00217	0.00744
25	0.01186	0.00889	0.00942	0.00846	0.01097	0.00966	0.00659	0.06362	0.41308	0.06161	0.02562	0.02448	0.16293	0.00787	0.00509	0.00162	0.00360	0.00649	0.15124	0.00688
26	0.01639	0.01155	0.01269	0.01029	0.01348	0.01254	0.00824	0.48940	0.08331	0.07514	0.03663	0.11113	0.01418	0.03568	0.00599	0.00173	0.00486	0.00618	0.04293	0.00765
27	0.00623	0.00454	0.00588	0.00694	0.00739	0.00418	0.00467	0.00717	0.01002	0.01318	0.03072	0.73729	0.11140	0.01576	0.00650	0.00205	0.00294	0.01420	0.00476	0.00418
28	0.01455	0.05067	0.13534	0.00983	0.01312	0.05621	0.00895	0.01745	0.05117	0.28350	0.05373	0.12952	0.05842	0.03561	0.00672	0.00180	0.05550	0.00660	0.00450	0.00681
29	0.01325	0.54623	0.02096	0.00852	0.01230	0.01587	0.00791	0.05587	0.01170	0.06244	0.05922	0.07079	0.03807	0.00609	0.00404	0.00126	0.00487	0.00454	0.00314	0.05295

[dist]
# distance from previous block
# <min> <max>
0	20

[block]
# block no. 2 follows, 48 sequences, length 38
# corresponding to MSA columns:
# 485-522
name=unknown_C
#
# <colnr> <probs for GDERKNQSTAVLIFYWHMCP>
#	G	D	E	R	K	N	Q	S	T	A	V	L	I	F	Y	W	H	M	C	P
0	0.01807	0.01360	0.03732	0.01170	0.01588	0.01405	0.04836	0.57341	0.03267	0.08691	0.01401	0.01400	0.03506	0.00615	0.00513	0.00152	0.00553	0.00485	0.00488	0.05691
1	0.01293	0.02365	0.01217	0.07255	0.05552	0.04382	0.00845	0.10248	0.28149	0.07400	0.06777	0.02096	0.10072	0.01906	0.00585	0.00166	0.02899	0.00591	0.00449	0.05753
2	0.01059	0.00904	0.01096	0.03980	0.01309	0.00742	0.02177	0.03845	0.03931	0.01695	0.01195	0.07166	0.02526	0.00515	0.00424	0.00100	0.00400	0.00433	0.00331	0.66171
3	0.01005	0.00846	0.00999	0.00744	0.01141	0.00649	0.00587	0.01230	0.01110	0.01708	0.10846	0.04380	0.01376	0.00510	0.00419	0.00092	0.00359	0.00426	0.00343	0.71231
4	0.00779	0.00625	0.00840	0.00975	0.10987	0.00591	0.00620	0.01030	0.04338	0.01754	0.38224	0.16298	0.18783	0.01099	0.00597	0.00171	0.00309	0.00970	0.00490	0.00519
5	0.00969	0.00912	0.01539	0.80734	0.03534	0.01140	0.01425	0.01311	0.01026	0.01311	0.00912	0.01368	0.00684	0.00513	0.00513	0.00171	0.00684	0.00456	0.00228	0.00570
6	0.01413	0.01057	0.01129	0.00994	0.01290	0.03361	0.00778	0.02522	0.57203	0.14632	0.04982	0.02056	0.04835	0.00720	0.00526	0.00170	0.00414	0.00596	0.00533	0.00788
7	0.00777	0.00529	0.00695	0.00665	0.00786	0.00486	0.00494	0.00998	0.01393	0.05085	0.65701	0.13717	0.04511	0.01104	0.00608	0.00167	0.00257	0.00979	0.00556	0.00491
8	0.01338	0.01762	0.16399	0.02941	0.01714	0.20463	0.06329	0.04949	0.01111	0.01433	0.00804	0.01095	0.00682	0.00679	0.01013	0.00183	0.35810	0.00418	0.00248	0.00630
9	0.00726	0.00524	0.00686	0.00646	0.00767	0.00484	0.00484	0.00968	0.01452	0.02058	0.78496	0.03833	0.04841	0.01049	0.00605	0.00161	0.00242	0.00928	0.00565	0.00484
10	0.01373	0.00669	0.00900	0.00783	0.01013	0.00601	0.00624	0.01590	0.01416	0.33388	0.37573	0.06408	0.03161	0.00936	0.00580	0.00169	0.00344	0.07252	0.00582	0.00639
11	0.01202	0.00964	0.01081	0.03774	0.02860	0.01057	0.00758	0.16400	0.33217	0.02194	0.15773	0.05043	0.09464	0.00818	0.00543	0.00167	0.00399	0.00687	0.02901	0.00698
12	0.00714	0.00518	0.00673	0.00647	0.00762	0.00477	0.00480	0.00940	0.01405	0.01975	0.69962	0.09990	0.07326	0.01102	0.00609	0.00165	0.00247	0.00975	0.00555	0.00477
13	0.01077	0.01039	0.01665	0.55858	0.18796	0.04290	0.04198	0.01403	0.01081	0.01417	0.00950	0.01350	0.00735	0.00502	0.00508	0.00164	0.00669	0.00458	0.03217	0.00622
14	0.00656	0.00522	0.00588	0.00572	0.00723	0.00454	0.00429	0.00832	0.01286	0.01663	0.35385	0.04483	0.48199	0.01196	0.00606	0.00168	0.00253	0.01019	0.00513	0.00454
15	0.00803	0.00702	0.00969	0.30538	0.01815	0.00761	0.00829	0.01109	0.06381	0.01455	0.08259	0.09308	0.31476	0.00974	0.00572	0.00176	0.00435	0.02533	0.00393	0.00513
16	0.31718	0.12147	0.01360	0.02522	0.01367	0.34766	0.00821	0.04473	0.01220	0.04293	0.00814	0.00926	0.00651	0.00505	0.00398	0.00141	0.00654	0.00318	0.00298	0.00608
17	0.05319	0.07754	0.13784	0.13378	0.26386	0.06020	0.03861	0.04345	0.04246	0.02931	0.02258	0.01246	0.00837	0.00497	0.00479	0.00150	0.00625	0.00425	0.00280	0.05179
18	0.01401	0.30411	0.03388	0.19907	0.04775	0.11346	0.04158	0.04402	0.01166	0.07153	0.00910	0.01114	0.00730	0.00524	0.00531	0.00146	0.06628	0.00384	0.00272	0.00655
19	0.50607	0.04748	0.01116	0.03596	0.01284	0.21665	0.02178	0.01619	0.01036	0.01867	0.00765	0.00950	0.00628	0.02193	0.00472	0.00160	0.03935	0.00320	0.00292	0.00568
20	0.05574	0.01062	0.04456	0.18526	0.21128	0.01057	0.06331	0.03222	0.02389	0.17093	0.01360	0.05887	0.01115	0.00642	0.00574	0.00170	0.03834	0.04520	0.00359	0.00702
21	0.00704	0.00530	0.00684	0.05435	0.00913	0.00506	0.00526	0.00875	0.01190	0.01597	0.32236	0.21853	0.16961	0.08384	0.00795	0.00209	0.00320	0.05350	0.00481	0.00449
22	0.00625	0.00447	0.00595	0.00714	0.00744	0.00417	0.00476	0.00714	0.00982	0.01310	0.02828	0.81633	0.03394	0.01608	0.00655	0.00208	0.00298	0.01459	0.00476	0.00417
23	0.00689	0.00516	0.00640	0.00632	0.00755	0.00467	0.00471	0.00886	0.01321	0.01792	0.49676	0.13256	0.22390	0.01186	0.00614	0.00172	0.00260	0.03282	0.00530	0.00464
24	0.01029	0.02654	0.79309	0.01462	0.02221	0.01192	0.01896	0.01625	0.01083	0.01625	0.00921	0.01083	0.00650	0.00487	0.00487	0.00162	0.00758	0.00379	0.00217	0.00758
25	0.01912	0.01341	0.04544	0.01126	0.01535	0.01380	0.00952	0.51827	0.09991	0.17826	0.01462	0.01397	0.01013	0.00623	0.00514	0.00157	0.00531	0.00481	0.00526	0.00862
26	0.03679	0.01094	0.02851	0.14590	0.04836	0.01386	0.03688	0.05314	0.00953	0.01421	0.00827	0.01244	0.00738	0.00995	0.07352	0.00251	0.47484	0.00458	0.00249	0.00589
27	0.01211	0.01384	0.03028	0.02163	0.02682	0.01298	0.76903	0.01644	0.01211	0.01644	0.01038	0.01384	0.00779	0.00433	0.00606	0.00173	0.00865	0.00606	0.00260	0.00692
28	0.00959	0.02033	0.53902	0.01371	0.01943	0.01032	0.09479	0.01426	0.01074	0.01557	0.01354	0.18897	0.01269	0.00729	0.00537	0.00174	0.00668	0.00641	0.00278	0.00676
29	0.00667	0.00476	0.00643	0.00762	0.00810	0.00453	0.00549	0.00786	0.01023	0.01356	0.02805	0.65991	0.03303	0.01568	0.00666	0.00214	0.00334	0.16689	0.00476	0.00428
30	0.01947	0.05711	0.01574	0.01144	0.01555	0.01550	0.00953	0.67239	0.02266	0.09013	0.01266	0.01250	0.00892	0.00608	0.00504	0.00152	0.00554	0.00456	0.00507	0.00861
31	0.01437	0.72776	0.02542	0.00931	0.01349	0.11298	0.00891	0.01597	0.01092	0.01213	0.00723	0.00835	0.00659	0.00450	0.00345	0.00112	0.00594	0.00281	0.00225	0.00651
32	0.85592	0.00992	0.00754	0.00675	0.00992	0.01151	0.00556	0.01508	0.00873	0.02302	0.00714	0.00834	0.00556	0.00476	0.00318	0.00159	0.00397	0.00278	0.00318	0.00556
33	0.01581	0.02795	0.02639	0.11526	0.01713	0.06686	0.00963	0.25339	0.24166	0.10852	0.03886	0.01556	0.01194	0.00636	0.00533	0.00162	0.02039	0.00502	0.00461	0.00772
34	0.00710	0.00527	0.00666	0.00659	0.00767	0.00494	0.00489	0.00900	0.01286	0.01764	0.48584	0.13747	0.15069	0.05745	0.00750	0.00193	0.01705	0.04971	0.00516	0.00459
35	0.00985	0.00928	0.01568	0.76591	0.07552	0.01144	0.01433	0.01325	0.01034	0.01330	0.00915	0.01363	0.00691	0.00510	0.00513	0.00170	0.00680	0.00456	0.00229	0.00583
36	0.01278	0.06861	0.15948	0.08906	0.09280	0.09454	0.03935	0.10911	0.02526	0.01680	0.00970	0.01210	0.00780	0.00787	0.06598	0.00202	0.08242	0.00415	0.00285	0.09733
37	0.00969	0.00912	0.01539	0.80734	0.03534	0.01140	0.01425	0.01311	0.01026	0.01311	0.00912	0.01368	0.00684	0.00513	0.00513	0.00171	0.00684	0.00456	0.00228	0.00570

[dist]
# distance from previous block
# <min> <max>
0	2

[block]
# block no. 3 follows, 48 sequences, length 28
# corresponding to MSA columns:
# 525-552
name=unknown_D
#
# <colnr> <probs for GDERKNQSTAVLIFYWHMCP>
#	G	D	E	R	K	N	Q	S	T	A	V	L	I	F	Y	W	H	M	C	P
0	0.19038	0.04289	0.02585	0.02502	0.01074	0.10499	0.00652	0.04313	0.01068	0.03387	0.01207	0.03148	0.01088	0.12477	0.00821	0.01709	0.04689	0.02525	0.16617	0.06312
1	0.00969	0.00912	0.01539	0.80734	0.03534	0.01140	0.01425	0.01311	0.01026	0.01311	0.00912	0.01368	0.00684	0.00513	0.00513	0.00171	0.00684	0.00456	0.00228	0.00570
2	0.01040	0.00891	0.01036	0.00747	0.01189	0.00671	0.00597	0.01263	0.01070	0.01657	0.01136	0.01267	0.04829	0.00428	0.00392	0.00081	0.00374	0.00345	0.00313	0.80676
3	0.00625	0.00447	0.00595	0.00714	0.00744	0.00417	0.00476	0.00714	0.00982	0.01310	0.02828	0.81633	0.03394	0.01608	0.00655	0.00208	0.00298	0.01459	0.00476	0.00417
4	0.01965	0.01414	0.01526	0.01170	0.01580	0.01557	0.00966	0.74051	0.02374	0.06292	0.01264	0.01253	0.00889	0.00617	0.00513	0.00154	0.00559	0.00464	0.00518	0.00873
5	0.01029	0.02654	0.79309	0.01462	0.02221	0.01192	0.01896	0.01625	0.01083	0.01625	0.00921	0.01083	0.00650	0.00487	0.00487	0.00162	0.00758	0.00379	0.00217	0.00758
6	0.01270	0.01219	0.02083	0.03149	0.78767	0.01219	0.01575	0.01575	0.01168	0.01676	0.00965	0.01270	0.00813	0.00457	0.00508	0.00152	0.00610	0.00457	0.00254	0.00813
7	0.00814	0.00581	0.00812	0.00930	0.01042	0.00579	0.00804	0.01040	0.01168	0.01521	0.02724	0.10765	0.02982	0.01430	0.00705	0.00234	0.00461	0.70466	0.00473	0.00469
8	0.01174	0.01112	0.01885	0.21896	0.56413	0.01167	0.01499	0.01484	0.01134	0.01580	0.01044	0.01530	0.00893	0.00521	0.00520	0.00161	0.00620	0.04372	0.00259	0.00736
9	0.01135	0.00954	0.01102	0.00794	0.01246	0.00757	0.00638	0.07396	0.01173	0.01798	0.00938	0.01078	0.00769	0.00399	0.00391	0.00082	0.00395	0.00317	0.00321	0.78318
10	0.54408	0.01465	0.08225	0.00916	0.01261	0.17858	0.00798	0.03435	0.01064	0.03766	0.00791	0.00912	0.00613	0.00504	0.00401	0.00155	0.02211	0.00312	0.00307	0.00598
11	0.01029	0.02654	0.79309	0.01462	0.02221	0.01192	0.01896	0.01625	0.01083	0.01625	0.00921	0.01083	0.00650	0.00487	0.00487	0.00162	0.00758	0.00379	0.00217	0.00758
12	0.01468	0.14598	0.03316	0.01065	0.01421	0.03900	0.00895	0.21912	0.34888	0.02186	0.01466	0.01437	0.01116	0.00612	0.00513	0.00153	0.02954	0.00468	0.00435	0.05195
13	0.00879	0.00713	0.00855	0.00694	0.00982	0.00576	0.00537	0.01099	0.01217	0.01779	0.30743	0.05675	0.09073	0.00761	0.00496	0.00122	0.00314	0.00653	0.00424	0.42406
14	0.01058	0.12570	0.66977	0.01357	0.02055	0.01271	0.01716	0.01583	0.01081	0.01564	0.01042	0.01184	0.03339	0.00509	0.00472	0.00156	0.00715	0.00390	0.00226	0.00735
15	0.08408	0.16337	0.27556	0.01091	0.01591	0.01286	0.01154	0.12635	0.03970	0.14105	0.03053	0.01324	0.02348	0.00557	0.00456	0.00150	0.00566	0.00420	0.02251	0.00741
16	0.02302	0.00873	0.01191	0.00913	0.01310	0.00754	0.00754	0.02501	0.01469	0.79122	0.02024	0.01746	0.01270	0.00635	0.00516	0.00159	0.00437	0.00516	0.00635	0.00873
17	0.01270	0.00636	0.00836	0.00720	0.00932	0.00573	0.00563	0.01498	0.01425	0.27672	0.46331	0.02971	0.03345	0.00872	0.00554	0.00157	0.00307	0.00752	0.07974	0.00613
18	0.01186	0.00791	0.00944	0.03367	0.04169	0.04816	0.00657	0.03083	0.04327	0.16638	0.10411	0.07168	0.09490	0.17972	0.05177	0.02422	0.03619	0.02777	0.00431	0.00554
19	0.00969	0.00912	0.01539	0.80734	0.03534	0.01140	0.01425	0.01311	0.01026	0.01311	0.00912	0.01368	0.00684	0.00513	0.00513	0.00171	0.00684	0.00456	0.00228	0.00570
20	0.14733	0.00891	0.01126	0.00877	0.01262	0.00813	0.00725	0.02353	0.01380	0.67657	0.01829	0.01610	0.01164	0.00611	0.00486	0.00159	0.00431	0.00480	0.00588	0.00826
21	0.00691	0.00523	0.00637	0.00608	0.00745	0.00469	0.00456	0.00900	0.01369	0.01860	0.56875	0.04159	0.26586	0.01123	0.00606	0.00165	0.00247	0.00974	0.00539	0.00469
22	0.01135	0.01065	0.03614	0.20041	0.38140	0.01086	0.02707	0.06240	0.01173	0.01614	0.02868	0.04500	0.01149	0.08742	0.00737	0.00197	0.00597	0.03431	0.00293	0.00674
23	0.01029	0.02654	0.79309	0.01462	0.02221	0.01192	0.01896	0.01625	0.01083	0.01625	0.00921	0.01083	0.00650	0.00487	0.00487	0.00162	0.00758	0.00379	0.00217	0.00758
24	0.01029	0.02654	0.79309	0.01462	0.02221	0.01192	0.01896	0.01625	0.01083	0.01625	0.00921	0.01083	0.00650	0.00487	0.00487	0.00162	0.00758	0.00379	0.00217	0.00758
25	0.00625	0.00447	0.00595	0.00714	0.00744	0.00417	0.00476	0.00714	0.00982	0.01310	0.02828	0.81633	0.03394	0.01608	0.00655	0.00208	0.00298	0.01459	0.00476	0.00417
26	0.85592	0.00992	0.00754	0.00675	0.00992	0.01151	0.00556	0.01508	0.00873	0.02302	0.00714	0.00834	0.00556	0.00476	0.00318	0.00159	0.00397	0.00278	0.00318	0.00556
27	0.01676	0.01360	0.07141	0.01241	0.07180	0.01335	0.00992	0.51055	0.01967	0.05423	0.01337	0.01425	0.02879	0.02855	0.00556	0.00159	0.00540	0.00474	0.05233	0.05174

[dist]
# distance from previous block
# <min> <max>
1	22

[block]
# block no. 4 follows, 48 sequences, length 8
# corresponding to MSA columns:
# 575-582
name=unknown_E
#
# <colnr> <probs for GDERKNQSTAVLIFYWHMCP>
#	G	D	E	R	K	N	Q	S	T	A	V	L	I	F	Y	W	H	M	C	P
0	0.04292	0.00889	0.01268	0.35264	0.02174	0.03837	0.06761	0.03393	0.02552	0.03699	0.07918	0.04627	0.19722	0.00775	0.00544	0.00169	0.00535	0.00673	0.00352	0.00558
1	0.00733	0.00542	0.00687	0.00653	0.00781	0.00507	0.00489	0.01005	0.04224	0.01981	0.67132	0.06748	0.10432	0.01076	0.00604	0.00165	0.00252	0.00947	0.00553	0.00490
2	0.01144	0.01147	0.09051	0.40036	0.21397	0.01119	0.01380	0.01561	0.06246	0.06525	0.04613	0.01490	0.00998	0.00541	0.00514	0.00165	0.00618	0.00483	0.00294	0.00679
3	0.00638	0.00521	0.00568	0.00589	0.00741	0.00451	0.00449	0.00781	0.01169	0.01431	0.08729	0.12097	0.59608	0.01327	0.00622	0.00182	0.00285	0.08893	0.00481	0.00439
4	0.07756	0.05993	0.00775	0.00681	0.00807	0.00611	0.00505	0.00930	0.01164	0.01664	0.30307	0.34802	0.09732	0.01206	0.00583	0.00178	0.00299	0.01057	0.00478	0.00470
5	0.14305	0.02929	0.01071	0.05992	0.04314	0.00813	0.00698	0.01308	0.01063	0.03337	0.04762	0.06228	0.01201	0.00574	0.00430	0.00121	0.00410	0.04522	0.00336	0.45585
6	0.35023	0.09947	0.17477	0.00977	0.01407	0.11669	0.00952	0.01716	0.01089	0.10944	0.00930	0.01013	0.00692	0.00497	0.00399	0.00148	0.00562	0.00335	0.00316	0.03905
7	0.01706	0.03730	0.05935	0.07754	0.01730	0.01465	0.01029	0.49970	0.14030	0.05410	0.01335	0.01348	0.00961	0.00608	0.00508	0.00158	0.00556	0.00472	0.00470	0.00825

[dist]
# distance from previous block
# <min> <max>
2	6

[block]
# block no. 5 follows, 48 sequences, length 6
# corresponding to MSA columns:
# 589-594
name=unknown_F
#
# <colnr> <probs for GDERKNQSTAVLIFYWHMCP>
#	G	D	E	R	K	N	Q	S	T	A	V	L	I	F	Y	W	H	M	C	P
0	0.01146	0.01220	0.07584	0.22022	0.46558	0.01162	0.05304	0.01484	0.01144	0.01601	0.05087	0.01423	0.00982	0.00504	0.00518	0.00159	0.00632	0.00484	0.00262	0.00725
1	0.00748	0.00834	0.12602	0.00774	0.00979	0.00577	0.00691	0.01011	0.01299	0.01823	0.49307	0.16716	0.08521	0.01074	0.00596	0.00170	0.00331	0.00944	0.00491	0.00511
2	0.01063	0.10558	0.71703	0.01404	0.02131	0.01275	0.01795	0.01616	0.01079	0.01583	0.00900	0.01057	0.00651	0.00483	0.00472	0.00157	0.00738	0.00369	0.00217	0.00748
3	0.01029	0.02654	0.79309	0.01462	0.02221	0.01192	0.01896	0.01625	0.01083	0.01625	0.00921	0.01083	0.00650	0.00487	0.00487	0.00162	0.00758	0.00379	0.00217	0.00758
4	0.06497	0.00971	0.01584	0.61906	0.16604	0.01155	0.01395	0.01370	0.01041	0.01439	0.00909	0.01316	0.00698	0.00501	0.00499	0.00167	0.00652	0.00445	0.00238	0.00612
5	0.01437	0.12325	0.13890	0.01103	0.01440	0.28664	0.00993	0.03908	0.01332	0.07289	0.15548	0.04605	0.01598	0.00670	0.00525	0.00148	0.03041	0.00507	0.00349	0.00630

[dist]
# distance from previous block
# <min> <max>
0	1

[block]
# block no. 6 follows, 48 sequences, length 20
# corresponding to MSA columns:
# 596-615
name=unknown_G
#
# <colnr> <probs for GDERKNQSTAVLIFYWHMCP>
#	G	D	E	R	K	N	Q	S	T	A	V	L	I	F	Y	W	H	M	C	P
0	0.01951	0.01437	0.01540	0.01181	0.01591	0.01591	0.00975	0.77056	0.02412	0.03234	0.01232	0.01232	0.00873	0.00616	0.00513	0.00154	0.00565	0.00462	0.00513	0.00873
1	0.09067	0.00662	0.00823	0.00747	0.00940	0.00624	0.00565	0.01428	0.01207	0.26206	0.18929	0.18431	0.02560	0.11619	0.00828	0.00217	0.00372	0.03690	0.00510	0.00577
2	0.01951	0.01437	0.01540	0.01181	0.01591	0.01591	0.00975	0.77056	0.02412	0.03234	0.01232	0.01232	0.00873	0.00616	0.00513	0.00154	0.00565	0.00462	0.00513	0.00873
3	0.00733	0.00550	0.00825	0.00825	0.00916	0.00641	0.00641	0.00916	0.00825	0.01191	0.01374	0.02016	0.01283	0.03848	0.79934	0.00825	0.01374	0.00550	0.00275	0.00458
4	0.01064	0.00912	0.01064	0.00760	0.01216	0.00684	0.00608	0.01292	0.01064	0.01672	0.00912	0.01064	0.00760	0.00380	0.00380	0.00076	0.00380	0.00304	0.00304	0.85104
5	0.85592	0.00992	0.00754	0.00675	0.00992	0.01151	0.00556	0.01508	0.00873	0.02302	0.00714	0.00834	0.00556	0.00476	0.00318	0.00159	0.00397	0.00278	0.00318	0.00556
6	0.00625	0.00447	0.00595	0.00714	0.00744	0.00417	0.00476	0.00714	0.00982	0.01310	0.02828	0.81633	0.03394	0.01608	0.00655	0.00208	0.00298	0.01459	0.00476	0.00417
7	0.01095	0.00927	0.01084	0.00795	0.01221	0.00744	0.00635	0.05231	0.01124	0.01729	0.00996	0.04178	0.00865	0.00453	0.00431	0.00089	0.02436	0.00360	0.00320	0.75289
8	0.07969	0.00887	0.01114	0.00889	0.01248	0.00833	0.00725	0.02370	0.11441	0.58528	0.03628	0.01758	0.01340	0.00639	0.00498	0.00159	0.00417	0.00515	0.04227	0.00817
9	0.00968	0.00737	0.01095	0.44678	0.02237	0.00876	0.00969	0.01260	0.01040	0.01561	0.01224	0.01589	0.00948	0.00560	0.00484	0.00151	0.02944	0.00465	0.35682	0.00531
10	0.00733	0.00550	0.00825	0.00825	0.00916	0.00641	0.00641	0.00916	0.00825	0.01191	0.01374	0.02016	0.01283	0.03848	0.79934	0.00825	0.01374	0.00550	0.00275	0.00458
11	0.00894	0.00626	0.03086	0.00703	0.00873	0.00535	0.00563	0.01137	0.01421	0.09796	0.62548	0.03659	0.07301	0.01015	0.00597	0.00164	0.00287	0.03712	0.00554	0.00529
12	0.00628	0.00457	0.00593	0.00693	0.00741	0.00422	0.00469	0.00729	0.01023	0.01354	0.06850	0.70603	0.10444	0.01551	0.00648	0.00203	0.00291	0.01397	0.00481	0.00422
13	0.01104	0.01096	0.01536	0.01322	0.01327	0.01528	0.01100	0.01220	0.00788	0.01233	0.00707	0.01165	0.00702	0.01037	0.05381	0.00253	0.77265	0.00454	0.00227	0.00556
14	0.01681	0.01198	0.01303	0.01056	0.01405	0.01311	0.00853	0.41728	0.23156	0.10344	0.01768	0.03456	0.04502	0.00691	0.00519	0.00161	0.00479	0.00550	0.03023	0.00815
15	0.00731	0.00531	0.00690	0.00695	0.00809	0.00497	0.00536	0.00944	0.01321	0.01816	0.50404	0.09391	0.09849	0.04261	0.00705	0.00193	0.00301	0.15335	0.00525	0.00467
16	0.01322	0.47240	0.16202	0.01023	0.01472	0.07776	0.01041	0.05021	0.05193	0.01495	0.07002	0.01192	0.01045	0.00524	0.00409	0.00131	0.00585	0.00374	0.00279	0.00676
17	0.02082	0.00825	0.01116	0.00872	0.01233	0.00715	0.00714	0.02283	0.01458	0.68509	0.10258	0.02068	0.04051	0.00700	0.00528	0.00159	0.00410	0.00577	0.00623	0.00818
18	0.01111	0.02487	0.15444	0.07718	0.01494	0.01036	0.00977	0.04527	0.19867	0.04923	0.06675	0.03209	0.05025	0.05679	0.00882	0.07605	0.07974	0.00566	0.02174	0.00626
19	0.00714	0.00521	0.00670	0.00640	0.00760	0.00478	0.00477	0.00941	0.01413	0.01979	0.70178	0.07175	0.09953	0.01090	0.00607	0.00164	0.00246	0.00961	0.00555	0.00478

[dist]
# distance from previous block
# <min> <max>
5	7

[block]
# block no. 7 follows, 48 sequences, length 13
# corresponding to MSA columns:
# 624-636
name=unknown_H
#
# <colnr> <probs for GDERKNQSTAVLIFYWHMCP>
#	G	D	E	R	K	N	Q	S	T	A	V	L	I	F	Y	W	H	M	C	P
0	0.41549	0.07878	0.17306	0.00938	0.01354	0.01220	0.02668	0.06101	0.06601	0.03538	0.00978	0.01082	0.00740	0.00509	0.00393	0.00154	0.00497	0.00356	0.05490	0.00648
1	0.01203	0.27457	0.49372	0.01273	0.01907	0.01436	0.03680	0.01640	0.01093	0.05222	0.00912	0.01042	0.00686	0.00478	0.00443	0.00146	0.00680	0.00359	0.00239	0.00731
2	0.00746	0.00497	0.00560	0.00560	0.00560	0.00497	0.00311	0.00746	0.00746	0.00995	0.01617	0.03358	0.01865	0.81967	0.02612	0.00497	0.00497	0.00746	0.00311	0.00311
3	0.01143	0.07461	0.05886	0.00714	0.00946	0.00852	0.00614	0.13649	0.03084	0.02021	0.05459	0.01830	0.01362	0.04585	0.00516	0.00149	0.00367	0.00491	0.48294	0.00575
4	0.01276	0.01102	0.01160	0.01044	0.01334	0.01276	0.00812	0.02727	0.77840	0.02146	0.02088	0.01914	0.01566	0.00696	0.00522	0.00174	0.00406	0.00580	0.00522	0.00812
5	0.01041	0.09984	0.57908	0.01285	0.01905	0.03801	0.01565	0.01518	0.01094	0.01547	0.03457	0.01421	0.05576	0.00735	0.04855	0.00193	0.00732	0.00436	0.00248	0.00699
6	0.01029	0.02654	0.79309	0.01462	0.02221	0.01192	0.01896	0.01625	0.01083	0.01625	0.00921	0.01083	0.00650	0.00487	0.00487	0.00162	0.00758	0.00379	0.00217	0.00758
7	0.11160	0.07215	0.15103	0.01367	0.13159	0.05797	0.03586	0.02866	0.13048	0.05728	0.08547	0.02979	0.01379	0.03761	0.00569	0.00172	0.00546	0.01975	0.00358	0.00685
8	0.17381	0.17025	0.41234	0.01171	0.01720	0.01355	0.01348	0.04469	0.01077	0.01720	0.00897	0.01133	0.00711	0.00526	0.00484	0.00156	0.04095	0.02554	0.00256	0.00688
9	0.06103	0.06108	0.51328	0.01272	0.01846	0.05982	0.01488	0.04592	0.01107	0.01623	0.00970	0.01190	0.00748	0.00990	0.12244	0.00256	0.00820	0.00394	0.00246	0.00692
10	0.16468	0.09773	0.06902	0.03391	0.05817	0.05846	0.00856	0.01308	0.00955	0.03351	0.01077	0.01448	0.00940	0.01977	0.35531	0.00447	0.02638	0.00433	0.00277	0.00564
11	0.23485	0.08412	0.21802	0.05751	0.01574	0.03634	0.03573	0.02947	0.01090	0.07105	0.05204	0.01375	0.02571	0.02323	0.00534	0.00165	0.03814	0.00423	0.03579	0.00638
12	0.29115	0.30567	0.07640	0.00843	0.01197	0.05305	0.00789	0.01425	0.00992	0.01608	0.01112	0.03472	0.05512	0.00787	0.05136	0.02689	0.00555	0.00391	0.00280	0.00584

[dist]
# distance from previous block
# <min> <max>
1	43

[block]
# block no. 8 follows, 48 sequences, length 16
# corresponding to MSA columns:
# 680-695
name=unknown_I
#
# <colnr> <probs for GDERKNQSTAVLIFYWHMCP>
#	G	D	E	R	K	N	Q	S	T	A	V	L	I	F	Y	W	H	M	C	P
0	0.21087	0.26768	0.14900	0.03804	0.01492	0.06670	0.00999	0.01683	0.01080	0.11825	0.00932	0.01033	0.00716	0.00513	0.00461	0.00146	0.04579	0.00344	0.00300	0.00668
1	0.22743	0.05255	0.06462	0.05714	0.25863	0.03707	0.03348	0.03381	0.01148	0.08940	0.03604	0.01359	0.00952	0.00530	0.00454	0.00155	0.00539	0.01852	0.03303	0.00691
2	0.02199	0.00885	0.01183	0.00911	0.01306	0.00772	0.00749	0.02450	0.04597	0.72134	0.01972	0.01720	0.01257	0.00625	0.00510	0.00155	0.00433	0.00508	0.00614	0.05020
3	0.00699	0.00521	0.00650	0.00623	0.00751	0.00472	0.00465	0.00914	0.01381	0.01901	0.61544	0.06599	0.19351	0.01117	0.00607	0.00165	0.00247	0.00976	0.00544	0.00472
4	0.10706	0.01095	0.01175	0.04956	0.01364	0.01221	0.00784	0.31789	0.18886	0.04509	0.01447	0.01762	0.01182	0.15842	0.00887	0.00224	0.00500	0.00523	0.00445	0.00704
5	0.00764	0.00517	0.00652	0.00618	0.00739	0.00483	0.00464	0.01005	0.01391	0.02034	0.65926	0.03519	0.04264	0.00975	0.00565	0.00155	0.00242	0.00854	0.14350	0.00483
6	0.01190	0.01136	0.01920	0.15080	0.63159	0.01167	0.01492	0.01492	0.01146	0.01605	0.01169	0.01469	0.04687	0.00508	0.00514	0.00156	0.00604	0.00488	0.00261	0.00756
7	0.01128	0.01074	0.01826	0.39847	0.43181	0.01182	0.01504	0.01450	0.01101	0.01504	0.00940	0.01316	0.00752	0.00484	0.00510	0.00161	0.00645	0.00457	0.00242	0.00698
8	0.01123	0.01123	0.01572	0.01347	0.01347	0.01572	0.01123	0.01235	0.00786	0.01235	0.00674	0.01123	0.00674	0.00898	0.01684	0.00225	0.81028	0.00449	0.00225	0.00561
9	0.00750	0.00550	0.00758	0.00750	0.00807	0.00622	0.00543	0.00868	0.00796	0.01125	0.01435	0.02449	0.01464	0.30662	0.50751	0.00692	0.03666	0.00614	0.00286	0.00411
10	0.00891	0.00446	0.00668	0.00668	0.00668	0.00446	0.00446	0.00668	0.00668	0.00891	0.00891	0.01560	0.00891	0.01783	0.02005	0.85071	0.00446	0.00446	0.00223	0.00223
11	0.01313	0.03642	0.05967	0.02800	0.65379	0.01238	0.01502	0.03602	0.03843	0.04276	0.01036	0.01284	0.00843	0.00476	0.00503	0.00153	0.00602	0.00454	0.00280	0.00809
12	0.00891	0.00446	0.00668	0.00668	0.00668	0.00446	0.00446	0.00668	0.00668	0.00891	0.00891	0.01560	0.00891	0.01783	0.02005	0.85071	0.00446	0.00446	0.00223	0.00223
13	0.00715	0.00526	0.00670	0.00641	0.00769	0.00482	0.00485	0.00942	0.01405	0.01951	0.66102	0.04051	0.14280	0.01096	0.00609	0.00166	0.00253	0.03830	0.00550	0.00477
14	0.04559	0.33191	0.03421	0.02759	0.01531	0.01575	0.06609	0.23179	0.04180	0.06740	0.01137	0.01202	0.02609	0.00531	0.00436	0.00136	0.00551	0.00405	0.00357	0.04892
15	0.01496	0.20487	0.05410	0.00957	0.01350	0.01214	0.02732	0.14282	0.04514	0.17257	0.01399	0.03122	0.03197	0.03989	0.03618	0.00176	0.00533	0.00462	0.00396	0.13407

[dist]
# distance from previous block
# <min> <max>
0	41

# created by:
# /st0/software/busco_prod/Augustus/scripts/msa2prfl.pl ./align_prep/208235.fa
