[name]
unknown

[dist]
# distance from previous block
# <min> <max>
0	83

[block]
# block no. 0 follows, 47 sequences, length 22
# corresponding to MSA columns:
# 86-107
name=unknown_A
#
# <colnr> <probs for GDERKNQSTAVLIFYWHMCP>
#	G	D	E	R	K	N	Q	S	T	A	V	L	I	F	Y	W	H	M	C	P
0	0.29926	0.01204	0.08079	0.04488	0.12306	0.03640	0.05092	0.02889	0.02312	0.09916	0.03232	0.03944	0.01012	0.00572	0.00454	0.00157	0.00521	0.02112	0.00350	0.07795
1	0.07574	0.04833	0.17657	0.06601	0.28373	0.01257	0.13593	0.01727	0.07372	0.04482	0.01081	0.01294	0.00831	0.00496	0.00507	0.00162	0.00654	0.00463	0.00289	0.00756
2	0.09253	0.02877	0.17305	0.06297	0.22088	0.05281	0.04998	0.05831	0.04839	0.07884	0.01204	0.01561	0.00966	0.00575	0.00506	0.00164	0.00623	0.05369	0.00328	0.02050
3	0.08529	0.01053	0.01473	0.19192	0.19923	0.04025	0.04804	0.05516	0.07768	0.03670	0.09391	0.01967	0.03470	0.00655	0.00526	0.00167	0.00554	0.04621	0.02029	0.00667
4	0.05892	0.01380	0.04627	0.14170	0.16552	0.08359	0.28148	0.04057	0.01202	0.01645	0.01001	0.01389	0.00807	0.00533	0.00621	0.00171	0.06102	0.02390	0.00271	0.00683
5	0.00791	0.00620	0.00954	0.06868	0.04942	0.00716	0.00762	0.00997	0.00881	0.01253	0.01382	0.02080	0.01286	0.03408	0.67403	0.00735	0.01276	0.02873	0.00281	0.00492
6	0.00888	0.00461	0.00682	0.00682	0.00687	0.00466	0.00456	0.00696	0.00691	0.00927	0.00969	0.01701	0.00976	0.05963	0.06333	0.75965	0.00507	0.00474	0.00234	0.00244
7	0.00634	0.00453	0.00604	0.00725	0.00755	0.00423	0.00483	0.00725	0.00997	0.01329	0.02870	0.81358	0.03444	0.01632	0.00665	0.00211	0.00302	0.01480	0.00483	0.00423
8	0.00638	0.00456	0.00608	0.00723	0.00756	0.00426	0.00484	0.00735	0.01015	0.01357	0.05660	0.78489	0.03499	0.01611	0.00663	0.00210	0.00300	0.01460	0.00487	0.00426
9	0.01289	0.01237	0.02114	0.03196	0.78450	0.01237	0.01598	0.01598	0.01186	0.01701	0.00980	0.01289	0.00825	0.00464	0.00516	0.00155	0.00619	0.00464	0.00258	0.00825
10	0.01295	0.01119	0.01178	0.01060	0.01354	0.01295	0.00824	0.02767	0.77509	0.02178	0.02120	0.01943	0.01590	0.00707	0.00530	0.00177	0.00412	0.00589	0.00530	0.00824
11	0.01045	0.02694	0.79000	0.01484	0.02254	0.01209	0.01924	0.01649	0.01099	0.01649	0.00935	0.01099	0.00660	0.00495	0.00495	0.00165	0.00770	0.00385	0.00220	0.00770
12	0.01121	0.00903	0.01061	0.00768	0.01206	0.00688	0.00609	0.01340	0.01083	0.05150	0.01012	0.01226	0.00850	0.04394	0.00503	0.00102	0.00394	0.00340	0.00324	0.76928
13	0.43791	0.06622	0.07004	0.01012	0.04881	0.02818	0.00845	0.19008	0.01336	0.04282	0.03456	0.01104	0.00828	0.00538	0.00409	0.00156	0.00496	0.00370	0.00366	0.00679
14	0.01040	0.02547	0.73801	0.01418	0.02145	0.01161	0.01821	0.01620	0.01099	0.01669	0.00985	0.01155	0.00704	0.00502	0.00486	0.00162	0.00735	0.00391	0.05807	0.00751
15	0.00905	0.00452	0.00678	0.00678	0.00678	0.00452	0.00452	0.00678	0.00678	0.00905	0.00905	0.01583	0.00905	0.01809	0.02035	0.84848	0.00452	0.00452	0.00226	0.00226
16	0.06561	0.01434	0.01519	0.01170	0.01582	0.01590	0.00966	0.72584	0.02363	0.03230	0.01221	0.01228	0.00868	0.00617	0.00510	0.00157	0.00564	0.00459	0.00510	0.00868
17	0.00905	0.00452	0.00678	0.00678	0.00678	0.00452	0.00452	0.00678	0.00678	0.00905	0.00905	0.01583	0.00905	0.01809	0.02035	0.84848	0.00452	0.00452	0.00226	0.00226
18	0.01437	0.24843	0.35360	0.01213	0.01789	0.01498	0.01348	0.16958	0.01393	0.08025	0.01028	0.01109	0.00758	0.00519	0.00457	0.00148	0.00643	0.00383	0.00316	0.00774
19	0.01410	0.71568	0.05054	0.00955	0.01385	0.07153	0.00940	0.01587	0.01079	0.01243	0.00735	0.00861	0.00669	0.00468	0.00393	0.00118	0.03200	0.00291	0.00226	0.00664
20	0.01229	0.01405	0.03073	0.02195	0.02722	0.01317	0.76558	0.01668	0.01229	0.01668	0.01054	0.01405	0.00790	0.00439	0.00615	0.00176	0.00878	0.00615	0.00263	0.00702
21	0.01731	0.02919	0.20873	0.04886	0.01652	0.00984	0.01091	0.06348	0.06433	0.39773	0.04118	0.04233	0.01274	0.00646	0.00520	0.00164	0.00534	0.00527	0.00487	0.00806

[dist]
# distance from previous block
# <min> <max>
3	5

[block]
# block no. 1 follows, 47 sequences, length 33
# corresponding to MSA columns:
# 113-130,132-146
name=unknown_B
#
# <colnr> <probs for GDERKNQSTAVLIFYWHMCP>
#	G	D	E	R	K	N	Q	S	T	A	V	L	I	F	Y	W	H	M	C	P
0	0.82345	0.01061	0.00791	0.00709	0.01029	0.04018	0.00580	0.01551	0.00908	0.02298	0.00728	0.00849	0.00568	0.00485	0.00328	0.00160	0.00422	0.00284	0.00320	0.00565
1	0.00703	0.00549	0.00677	0.02116	0.02626	0.00501	0.00517	0.00886	0.01263	0.01662	0.31896	0.13224	0.32504	0.02715	0.00661	0.00185	0.00296	0.06044	0.00504	0.00469
2	0.04392	0.01287	0.01412	0.01112	0.01503	0.01398	0.00910	0.48978	0.14894	0.16347	0.01523	0.01447	0.01066	0.00638	0.00517	0.00161	0.00518	0.00493	0.00538	0.00866
3	0.01334	0.01388	0.04538	0.03828	0.32024	0.13821	0.08877	0.01644	0.02995	0.04221	0.04998	0.01452	0.02729	0.00525	0.00506	0.00144	0.00632	0.00475	0.00306	0.13565
4	0.00905	0.00452	0.00678	0.00678	0.00678	0.00452	0.00452	0.00678	0.00678	0.00905	0.00905	0.01583	0.00905	0.01809	0.02035	0.84848	0.00452	0.00452	0.00226	0.00226
5	0.01392	0.82012	0.02729	0.00891	0.01337	0.02061	0.00891	0.01559	0.01058	0.01225	0.00724	0.00835	0.00668	0.00446	0.00334	0.00111	0.00557	0.00278	0.00223	0.00668
6	0.85377	0.01007	0.00765	0.00685	0.01007	0.01168	0.00564	0.01531	0.00886	0.02336	0.00725	0.00846	0.00564	0.00483	0.00322	0.00161	0.00403	0.00282	0.00322	0.00564
7	0.00737	0.00532	0.00696	0.00655	0.00778	0.00491	0.00491	0.00983	0.01474	0.02088	0.78175	0.03890	0.04914	0.01065	0.00614	0.00164	0.00246	0.00942	0.00573	0.00491
8	0.01179	0.01125	0.01916	0.30934	0.51569	0.01208	0.01544	0.01502	0.01134	0.01568	0.00960	0.01325	0.00778	0.00484	0.00517	0.00161	0.00646	0.00464	0.00248	0.00736
9	0.01945	0.02482	0.01476	0.01342	0.01610	0.79608	0.01006	0.02079	0.01476	0.01275	0.00805	0.00939	0.00671	0.00537	0.00470	0.00134	0.00939	0.00335	0.00268	0.00604
10	0.01305	0.01160	0.01828	0.18627	0.42650	0.03222	0.01412	0.01578	0.01127	0.07858	0.01006	0.01317	0.00810	0.00562	0.00703	0.00170	0.13187	0.00464	0.00280	0.00733
11	0.01194	0.01348	0.02925	0.02107	0.02604	0.01263	0.72009	0.01612	0.01215	0.01648	0.01162	0.06186	0.00949	0.00510	0.00618	0.00178	0.00844	0.00666	0.00277	0.00686
12	0.02336	0.00886	0.01209	0.00927	0.01329	0.00765	0.00765	0.02538	0.01491	0.78810	0.02055	0.01773	0.01289	0.00645	0.00524	0.00161	0.00443	0.00524	0.00645	0.00886
13	0.01085	0.01149	0.02359	0.01800	0.04099	0.01079	0.52648	0.01450	0.01230	0.01660	0.07990	0.06802	0.05651	0.00703	0.00625	0.00182	0.00715	0.07801	0.00334	0.00637
14	0.01440	0.01524	0.01967	0.02770	0.60777	0.19262	0.01462	0.01709	0.01252	0.01603	0.00939	0.01208	0.00789	0.00481	0.00505	0.00150	0.00692	0.00434	0.00260	0.00774
15	0.03648	0.01389	0.01248	0.01129	0.01294	0.27840	0.00886	0.03762	0.01130	0.05247	0.01059	0.01413	0.00927	0.01788	0.28177	0.00400	0.17353	0.00449	0.00292	0.00570
16	0.00698	0.00498	0.00677	0.00798	0.00856	0.00478	0.00594	0.00835	0.01060	0.01400	0.02835	0.57981	0.03306	0.01572	0.00682	0.00220	0.00357	0.24233	0.00482	0.00440
17	0.01187	0.01127	0.01914	0.25125	0.54538	0.01193	0.01530	0.01505	0.01145	0.01591	0.01024	0.01471	0.00860	0.00513	0.00524	0.00163	0.00636	0.02955	0.00258	0.00743
18	0.02094	0.01324	0.01443	0.01117	0.01522	0.05272	0.00917	0.48748	0.02087	0.27823	0.01490	0.01405	0.01006	0.00627	0.00519	0.00157	0.00549	0.00480	0.00549	0.00872
19	0.00889	0.00609	0.00852	0.00958	0.01087	0.00605	0.00837	0.01128	0.01209	0.04153	0.02734	0.05736	0.02940	0.01412	0.00713	0.00237	0.00478	0.72445	0.00485	0.00493
20	0.01310	0.01252	0.01691	0.28199	0.21005	0.10880	0.05769	0.06058	0.07287	0.04238	0.04975	0.01480	0.01043	0.00563	0.00545	0.00163	0.02042	0.00493	0.00316	0.00692
21	0.00897	0.00753	0.05917	0.04992	0.02923	0.00632	0.00687	0.02402	0.04444	0.07169	0.08745	0.37309	0.14275	0.01188	0.00597	0.00184	0.00371	0.01047	0.02400	0.03068
22	0.61926	0.04626	0.01024	0.02378	0.01180	0.09385	0.00697	0.03362	0.02447	0.02101	0.00773	0.00917	0.00618	0.00526	0.00450	0.00161	0.06216	0.00314	0.00313	0.00586
23	0.01382	0.79620	0.05028	0.00909	0.01364	0.02035	0.00922	0.01562	0.01059	0.01238	0.00730	0.00843	0.00668	0.00447	0.00339	0.00113	0.00563	0.00282	0.00223	0.00671
24	0.00762	0.00623	0.00913	0.20727	0.01511	0.00683	0.00767	0.00921	0.00998	0.01333	0.02211	0.54824	0.02534	0.01284	0.00685	0.00200	0.05213	0.01139	0.00401	0.02272
25	0.01052	0.00509	0.00529	0.00512	0.00650	0.00502	0.00388	0.01293	0.01116	0.06538	0.01720	0.01931	0.01332	0.00609	0.00374	0.00124	0.00255	0.00488	0.79569	0.00509
26	0.00733	0.00495	0.00575	0.00599	0.00605	0.00489	0.00348	0.00751	0.00804	0.01072	0.01881	0.18604	0.02196	0.66090	0.02263	0.00448	0.00465	0.00898	0.00348	0.00336
27	0.00757	0.00505	0.00568	0.00568	0.00568	0.00505	0.00316	0.00757	0.00757	0.01010	0.01641	0.03408	0.01893	0.81698	0.02651	0.00505	0.00505	0.00757	0.00316	0.00316
28	0.00744	0.00558	0.00837	0.00837	0.00930	0.00651	0.00651	0.00930	0.00837	0.01209	0.01395	0.02046	0.01302	0.03906	0.79635	0.00837	0.01395	0.00558	0.00279	0.00465
29	0.01139	0.01139	0.01595	0.01367	0.01367	0.01595	0.01139	0.01253	0.00798	0.01253	0.00684	0.01139	0.00684	0.00911	0.01709	0.00228	0.80745	0.00456	0.00228	0.00570
30	0.01920	0.01429	0.01529	0.01186	0.01592	0.01587	0.00975	0.70297	0.08962	0.03186	0.01326	0.01310	0.00947	0.00632	0.00522	0.00158	0.00559	0.00479	0.00522	0.00880
31	0.85377	0.01007	0.00765	0.00685	0.01007	0.01168	0.00564	0.01531	0.00886	0.02336	0.00725	0.00846	0.00564	0.00483	0.00322	0.00161	0.00403	0.00282	0.00322	0.00564
32	0.03455	0.01076	0.01376	0.05720	0.10001	0.01079	0.00932	0.19424	0.08368	0.34197	0.01680	0.01612	0.02892	0.00617	0.00513	0.00157	0.00496	0.00504	0.00512	0.05388

[dist]
# distance from previous block
# <min> <max>
0	3

[block]
# block no. 2 follows, 47 sequences, length 15
# corresponding to MSA columns:
# 150-164
name=unknown_C
#
# <colnr> <probs for GDERKNQSTAVLIFYWHMCP>
#	G	D	E	R	K	N	Q	S	T	A	V	L	I	F	Y	W	H	M	C	P
0	0.08838	0.01145	0.05178	0.00992	0.01362	0.04169	0.00837	0.20376	0.01594	0.38034	0.01708	0.09034	0.01288	0.02332	0.00559	0.00171	0.00496	0.00570	0.00529	0.00787
1	0.01020	0.00955	0.01574	0.66581	0.10448	0.01126	0.01392	0.01354	0.01058	0.01396	0.00931	0.01354	0.00713	0.00504	0.00509	0.00164	0.00662	0.00450	0.00240	0.07569
2	0.01111	0.01189	0.11961	0.50420	0.05194	0.01149	0.01355	0.09767	0.01216	0.01665	0.01043	0.01387	0.00780	0.00536	0.00501	0.00165	0.00643	0.00455	0.08827	0.00637
3	0.00706	0.00531	0.00653	0.00623	0.00759	0.00478	0.00467	0.00923	0.01401	0.01914	0.59528	0.04177	0.23669	0.01130	0.00615	0.00167	0.00250	0.00982	0.00550	0.00478
4	0.00752	0.00528	0.00667	0.00632	0.00758	0.00488	0.00474	0.00991	0.01422	0.02036	0.66806	0.03770	0.08761	0.01036	0.00591	0.00160	0.00246	0.00908	0.08487	0.00488
5	0.85377	0.01007	0.00765	0.00685	0.01007	0.01168	0.00564	0.01531	0.00886	0.02336	0.00725	0.00846	0.00564	0.00483	0.00322	0.00161	0.00403	0.00282	0.00322	0.00564
6	0.00787	0.00546	0.00695	0.00649	0.00791	0.00496	0.00490	0.01016	0.01436	0.05203	0.65117	0.03953	0.14696	0.01082	0.00611	0.00165	0.00256	0.00946	0.00564	0.00501
7	0.00737	0.00532	0.00696	0.00655	0.00778	0.00491	0.00491	0.00983	0.01474	0.02088	0.78175	0.03890	0.04914	0.01065	0.00614	0.00164	0.00246	0.00942	0.00573	0.00491
8	0.01360	0.01827	0.33803	0.11069	0.03601	0.01294	0.01411	0.22470	0.09862	0.04503	0.02995	0.01359	0.00951	0.00574	0.00513	0.00165	0.00642	0.00459	0.00361	0.00782
9	0.00737	0.00532	0.00696	0.00655	0.00778	0.00491	0.00491	0.00983	0.01474	0.02088	0.78175	0.03890	0.04914	0.01065	0.00614	0.00164	0.00246	0.00942	0.00573	0.00491
10	0.01143	0.00707	0.00880	0.00789	0.00993	0.00687	0.00614	0.05067	0.10339	0.15845	0.41752	0.07678	0.06319	0.00984	0.00591	0.00171	0.00330	0.03933	0.00566	0.00614
11	0.01102	0.01047	0.01777	0.50347	0.32756	0.01188	0.01505	0.01435	0.01098	0.01475	0.00947	0.01350	0.00745	0.00499	0.00519	0.00166	0.00665	0.00463	0.00242	0.00675
12	0.01042	0.02090	0.53240	0.01258	0.01887	0.01061	0.01495	0.01604	0.06055	0.01728	0.07393	0.01381	0.01092	0.00536	0.00487	0.00150	0.00633	0.00430	0.00285	0.16153
13	0.01001	0.00498	0.00697	0.00673	0.00711	0.00488	0.00452	0.00865	0.00774	0.07400	0.01151	0.01912	0.01115	0.14787	0.01948	0.60764	0.00452	0.00510	0.03496	0.00305
14	0.00781	0.05241	0.00946	0.00840	0.00953	0.00732	0.00665	0.00966	0.00850	0.01210	0.01356	0.01976	0.01265	0.03707	0.75075	0.00795	0.01347	0.00542	0.00276	0.00477

[dist]
# distance from previous block
# <min> <max>
0	16

[block]
# block no. 3 follows, 47 sequences, length 23
# corresponding to MSA columns:
# 188-210
name=unknown_D
#
# <colnr> <probs for GDERKNQSTAVLIFYWHMCP>
#	G	D	E	R	K	N	Q	S	T	A	V	L	I	F	Y	W	H	M	C	P
0	0.35199	0.08852	0.19738	0.00955	0.01392	0.02688	0.00959	0.06882	0.01101	0.04736	0.00900	0.01044	0.00693	0.00573	0.00494	0.05120	0.00528	0.00344	0.01539	0.06263
1	0.63950	0.02372	0.00776	0.00676	0.00956	0.02437	0.00548	0.01446	0.00987	0.02228	0.09474	0.01304	0.01135	0.00562	0.00362	0.00156	0.00381	0.00378	0.09322	0.00550
2	0.01923	0.00801	0.01091	0.00896	0.01224	0.00707	0.00740	0.02136	0.01448	0.58251	0.11988	0.02611	0.01993	0.00808	0.00562	0.00172	0.00423	0.10832	0.00613	0.00779
3	0.00737	0.00532	0.00696	0.00655	0.00778	0.00491	0.00491	0.00983	0.01474	0.02088	0.78175	0.03890	0.04914	0.01065	0.00614	0.00164	0.00246	0.00942	0.00573	0.00491
4	0.01392	0.73403	0.07766	0.00949	0.01409	0.05237	0.00965	0.01587	0.01078	0.01256	0.00741	0.00857	0.00668	0.00453	0.00351	0.00116	0.00587	0.00288	0.00224	0.00672
5	0.00737	0.00532	0.00696	0.00655	0.00778	0.00491	0.00491	0.00983	0.01474	0.02088	0.78175	0.03890	0.04914	0.01065	0.00614	0.00164	0.00246	0.00942	0.00573	0.00491
6	0.01159	0.01202	0.05353	0.31693	0.39832	0.01214	0.08994	0.01508	0.01133	0.01558	0.00965	0.01329	0.00766	0.00484	0.00526	0.00164	0.00679	0.00475	0.00247	0.00719
7	0.01969	0.01246	0.14712	0.02520	0.01539	0.00935	0.00990	0.07060	0.06718	0.52572	0.01787	0.01630	0.01165	0.00619	0.00516	0.00162	0.00507	0.00499	0.02005	0.00849
8	0.00714	0.00522	0.00670	0.00652	0.00769	0.00479	0.00482	0.00931	0.01392	0.01938	0.62784	0.13240	0.11174	0.01155	0.00620	0.00171	0.00254	0.01020	0.00555	0.00479
9	0.65490	0.00981	0.00856	0.00738	0.01063	0.01092	0.00605	0.04772	0.01069	0.12899	0.05475	0.01169	0.00933	0.00546	0.00375	0.00161	0.00406	0.00362	0.00390	0.00618
10	0.01197	0.02204	0.58701	0.01318	0.01978	0.01074	0.01603	0.01701	0.01167	0.11681	0.04352	0.01408	0.00979	0.00552	0.00501	0.00160	0.00673	0.02070	0.00301	0.06379
11	0.00783	0.00556	0.00757	0.00866	0.00953	0.00549	0.00704	0.00964	0.01108	0.01451	0.02674	0.23316	0.02993	0.09382	0.00897	0.00259	0.00440	0.50433	0.00464	0.00450
12	0.01082	0.00987	0.01651	0.58449	0.14465	0.01131	0.03913	0.01414	0.01084	0.03582	0.00969	0.01363	0.00739	0.00503	0.00514	0.00164	0.00660	0.00459	0.00253	0.06619
13	0.01174	0.01153	0.03387	0.49458	0.17823	0.06289	0.01386	0.05900	0.03313	0.01561	0.01001	0.01355	0.00770	0.00524	0.00512	0.00165	0.00670	0.00457	0.02447	0.00655
14	0.01269	0.00881	0.01143	0.05828	0.01379	0.00733	0.03753	0.01506	0.01163	0.15056	0.04171	0.01461	0.01085	0.02514	0.00491	0.00119	0.00422	0.00416	0.06449	0.50159
15	0.02757	0.00543	0.00683	0.00645	0.00777	0.00503	0.00485	0.00976	0.01435	0.02036	0.70079	0.03913	0.11084	0.01072	0.00607	0.00165	0.00251	0.00939	0.00560	0.00489
16	0.05715	0.40933	0.08715	0.00979	0.01412	0.02796	0.00939	0.06676	0.05656	0.06416	0.00966	0.01056	0.00783	0.00507	0.00456	0.00130	0.04282	0.00347	0.00303	0.10933
17	0.00634	0.00453	0.00604	0.00725	0.00755	0.00423	0.00483	0.00725	0.00997	0.01329	0.02870	0.81358	0.03444	0.01632	0.00665	0.00211	0.00302	0.01480	0.00483	0.00423
18	0.12566	0.01088	0.01576	0.09872	0.32567	0.01108	0.01159	0.07178	0.01312	0.24620	0.01278	0.01381	0.00919	0.00537	0.00494	0.00159	0.00543	0.00458	0.00396	0.00788
19	0.01189	0.13839	0.55938	0.01379	0.02044	0.01287	0.06035	0.01683	0.01139	0.07085	0.03070	0.01202	0.00828	0.00510	0.00484	0.00158	0.00708	0.00408	0.00263	0.00752
20	0.00759	0.00570	0.00729	0.00806	0.00941	0.00540	0.00678	0.00961	0.01199	0.01522	0.06089	0.07601	0.26864	0.01393	0.00681	0.00216	0.00399	0.47100	0.00484	0.00466
21	0.01278	0.01226	0.02093	0.06054	0.75680	0.01234	0.01593	0.01588	0.01180	0.01688	0.00978	0.01293	0.00820	0.00466	0.00516	0.00155	0.00621	0.00464	0.00257	0.00816
22	0.21462	0.03099	0.10733	0.07246	0.19791	0.06758	0.03628	0.01670	0.01119	0.10290	0.01040	0.01303	0.00818	0.00559	0.00555	0.00165	0.06341	0.02413	0.00314	0.00695

[dist]
# distance from previous block
# <min> <max>
1	12

[block]
# block no. 4 follows, 47 sequences, length 32
# corresponding to MSA columns:
# 223-254
name=unknown_E
#
# <colnr> <probs for GDERKNQSTAVLIFYWHMCP>
#	G	D	E	R	K	N	Q	S	T	A	V	L	I	F	Y	W	H	M	C	P
0	0.04579	0.01201	0.01894	0.09868	0.57998	0.02822	0.01438	0.05026	0.01246	0.05200	0.03107	0.01364	0.00934	0.00503	0.00511	0.00157	0.00604	0.00470	0.00296	0.00784
1	0.44944	0.23233	0.14862	0.00901	0.01335	0.02937	0.00904	0.02948	0.01010	0.01914	0.00772	0.00896	0.00617	0.00479	0.00362	0.00148	0.00521	0.00303	0.00280	0.00634
2	0.00765	0.00498	0.00579	0.00584	0.00585	0.00497	0.00334	0.00749	0.00761	0.01014	0.01629	0.06517	0.01873	0.71443	0.02514	0.07778	0.00492	0.00761	0.00315	0.00312
3	0.09434	0.00829	0.02539	0.00833	0.01128	0.00759	0.00676	0.01888	0.08204	0.37134	0.18261	0.08010	0.06428	0.00829	0.00539	0.00168	0.00381	0.00693	0.00560	0.00707
4	0.00651	0.00465	0.00624	0.00744	0.00782	0.00438	0.00513	0.00754	0.01014	0.01348	0.02861	0.75143	0.03407	0.01616	0.00669	0.00214	0.00317	0.07529	0.00483	0.00428
5	0.00715	0.00491	0.00586	0.00620	0.00641	0.00477	0.00379	0.00760	0.00883	0.01180	0.06483	0.27551	0.04437	0.50370	0.01870	0.00387	0.00421	0.01000	0.00386	0.00362
6	0.01035	0.00978	0.01655	0.67371	0.16259	0.01171	0.01472	0.01376	0.01066	0.01393	0.00935	0.01372	0.00716	0.00511	0.00520	0.00170	0.00681	0.00463	0.00236	0.00620
7	0.01229	0.01405	0.03073	0.02195	0.02722	0.01317	0.76558	0.01668	0.01229	0.01668	0.01054	0.01405	0.00790	0.00439	0.00615	0.00176	0.00878	0.00615	0.00263	0.00702
8	0.01230	0.00970	0.01128	0.00821	0.01273	0.00785	0.00660	0.07450	0.02805	0.06378	0.01043	0.01152	0.00828	0.00427	0.00408	0.00090	0.00405	0.00340	0.00350	0.71458
9	0.00983	0.00926	0.01562	0.80447	0.03587	0.01157	0.01446	0.01331	0.01041	0.01331	0.00926	0.01388	0.00694	0.00521	0.00521	0.00174	0.00694	0.00463	0.00231	0.00579
10	0.00634	0.00453	0.00604	0.00725	0.00755	0.00423	0.00483	0.00725	0.00997	0.01329	0.02870	0.81358	0.03444	0.01632	0.00665	0.00211	0.00302	0.01480	0.00483	0.00423
11	0.01980	0.01459	0.01563	0.01198	0.01615	0.01615	0.00990	0.76713	0.02448	0.03282	0.01250	0.01250	0.00886	0.00625	0.00521	0.00156	0.00573	0.00469	0.00521	0.00886
12	0.00737	0.00532	0.00696	0.00655	0.00778	0.00491	0.00491	0.00983	0.01474	0.02088	0.78175	0.03890	0.04914	0.01065	0.00614	0.00164	0.00246	0.00942	0.00573	0.00491
13	0.00843	0.00561	0.00748	0.00731	0.00864	0.00524	0.00571	0.01077	0.01401	0.06337	0.56228	0.07798	0.04280	0.01137	0.00631	0.00180	0.00303	0.14720	0.00556	0.00508
14	0.01141	0.00973	0.01096	0.00793	0.01248	0.03132	0.00633	0.01369	0.01103	0.03791	0.00953	0.01094	0.00782	0.00397	0.00392	0.00081	0.00404	0.00315	0.00316	0.79985
15	0.00732	0.00532	0.00689	0.00650	0.00775	0.00489	0.00487	0.00973	0.01462	0.02060	0.75120	0.03937	0.07986	0.01075	0.00614	0.00164	0.00246	0.00948	0.00570	0.00489
16	0.01278	0.07573	0.24126	0.01064	0.01597	0.01102	0.01086	0.14359	0.01342	0.04436	0.03092	0.01195	0.00879	0.00490	0.00448	0.00124	0.00541	0.00380	0.00331	0.34559
17	0.01218	0.09284	0.31883	0.06289	0.22470	0.01231	0.01485	0.03120	0.01170	0.05719	0.04010	0.01290	0.00918	0.00520	0.00517	0.00154	0.02588	0.00429	0.00278	0.05426
18	0.16143	0.25948	0.19401	0.01388	0.15172	0.01402	0.01158	0.03024	0.01099	0.01681	0.03656	0.05831	0.00992	0.00562	0.00434	0.00149	0.00563	0.00434	0.00280	0.00684
19	0.00792	0.00663	0.05005	0.00669	0.00840	0.00531	0.00538	0.00998	0.01298	0.04997	0.42961	0.03886	0.23436	0.10122	0.00832	0.00205	0.00317	0.00914	0.00504	0.00490
20	0.00905	0.00452	0.00678	0.00678	0.00678	0.00452	0.00452	0.00678	0.00678	0.00905	0.00905	0.01583	0.00905	0.01809	0.02035	0.84848	0.00452	0.00452	0.00226	0.00226
21	0.02642	0.37185	0.17227	0.01399	0.11615	0.05512	0.05361	0.01661	0.06361	0.01486	0.01051	0.03222	0.02170	0.00526	0.00438	0.00141	0.00619	0.00412	0.00265	0.00706
22	0.01101	0.01020	0.01559	0.33510	0.22759	0.04566	0.03834	0.01415	0.05306	0.01464	0.03200	0.01683	0.04199	0.00722	0.00702	0.09745	0.00615	0.01707	0.00280	0.00614
23	0.00655	0.00525	0.00585	0.00580	0.00730	0.00455	0.00431	0.00821	0.01267	0.01618	0.28211	0.09188	0.50585	0.01257	0.00618	0.00174	0.00260	0.01072	0.00512	0.00455
24	0.00959	0.00486	0.00490	0.00490	0.00605	0.00486	0.00361	0.01187	0.01073	0.01888	0.01696	0.02025	0.01367	0.05240	0.00495	0.00143	0.00258	0.00501	0.79774	0.00476
25	0.01114	0.17167	0.54961	0.01368	0.03809	0.01354	0.01607	0.01640	0.04486	0.01575	0.01010	0.03863	0.00803	0.00544	0.00502	0.00158	0.02641	0.00416	0.00244	0.00738
26	0.00775	0.00526	0.00677	0.00751	0.00852	0.00486	0.00563	0.00914	0.01109	0.05832	0.03269	0.44626	0.17878	0.01470	0.00659	0.00208	0.00343	0.18103	0.00492	0.00466
27	0.77932	0.00997	0.00794	0.00703	0.01021	0.01143	0.00577	0.03381	0.00963	0.04316	0.03757	0.00997	0.00758	0.00513	0.00344	0.00161	0.00402	0.00318	0.00345	0.00577
28	0.61805	0.04627	0.07457	0.00863	0.01219	0.13617	0.00760	0.01629	0.01004	0.02067	0.00755	0.00881	0.00593	0.00491	0.00360	0.00155	0.00524	0.00299	0.00301	0.00592
29	0.73642	0.00936	0.00746	0.00681	0.00966	0.01071	0.00547	0.01432	0.00914	0.02218	0.04329	0.05549	0.00969	0.03703	0.00444	0.00177	0.00394	0.00396	0.00342	0.00543
30	0.00857	0.00754	0.07215	0.00754	0.00876	0.00667	0.00589	0.05125	0.00922	0.01301	0.01491	0.02608	0.01527	0.42702	0.25099	0.00534	0.00780	0.00636	0.05123	0.00439
31	0.03982	0.04101	0.34712	0.01117	0.01563	0.01006	0.02503	0.01404	0.01099	0.03021	0.09834	0.06087	0.01389	0.00684	0.00622	0.01685	0.07661	0.00519	0.07941	0.09071

[dist]
# distance from previous block
# <min> <max>
0	163

# created by:
# /st0/software/busco_prod/Augustus/scripts/msa2prfl.pl ./align_prep/209041.fa
