[name]
unknown

[dist]
# distance from previous block
# <min> <max>
0	107

[block]
# block no. 0 follows, 44 sequences, length 6
# corresponding to MSA columns:
# 333-338
name=unknown_A
#
# <colnr> <probs for GDERKNQSTAVLIFYWHMCP>
#	G	D	E	R	K	N	Q	S	T	A	V	L	I	F	Y	W	H	M	C	P
0	0.01163	0.00795	0.01042	0.01023	0.03703	0.00806	0.02941	0.11043	0.06606	0.09811	0.02385	0.32155	0.04348	0.05602	0.06612	0.00270	0.00520	0.08071	0.00492	0.00614
1	0.10727	0.08805	0.03732	0.02679	0.01205	0.00938	0.00724	0.02958	0.06176	0.18602	0.10838	0.08738	0.11463	0.03828	0.03187	0.00205	0.00462	0.00702	0.00477	0.03554
2	0.01099	0.00656	0.00901	0.00842	0.01000	0.00615	0.04465	0.01300	0.03603	0.15327	0.09486	0.31549	0.05271	0.12134	0.00920	0.00239	0.00402	0.03274	0.06359	0.00557
3	0.00964	0.00631	0.00836	0.07253	0.01135	0.00618	0.00645	0.03661	0.01231	0.09317	0.12937	0.34973	0.08805	0.07937	0.00829	0.00229	0.00395	0.06575	0.00501	0.00528
4	0.04080	0.00731	0.00873	0.00795	0.00993	0.00711	0.00599	0.06354	0.07212	0.08481	0.26714	0.18863	0.02998	0.03009	0.00675	0.02333	0.00354	0.00876	0.05892	0.07459
5	0.00759	0.00533	0.00696	0.04597	0.00882	0.00533	0.00507	0.00830	0.00968	0.01292	0.06550	0.31843	0.06832	0.26265	0.07299	0.07259	0.00495	0.01048	0.00406	0.00407

[dist]
# distance from previous block
# <min> <max>
6	54

[block]
# block no. 1 follows, 44 sequences, length 46
# corresponding to MSA columns:
# 393-438
name=unknown_B
#
# <colnr> <probs for GDERKNQSTAVLIFYWHMCP>
#	G	D	E	R	K	N	Q	S	T	A	V	L	I	F	Y	W	H	M	C	P
0	0.08004	0.01124	0.01567	0.02717	0.09498	0.02707	0.08498	0.06681	0.07739	0.27429	0.01642	0.01968	0.01261	0.00726	0.00692	0.00185	0.09085	0.07219	0.00471	0.00785
1	0.06045	0.12916	0.01546	0.18235	0.01849	0.01194	0.03572	0.06443	0.05189	0.16934	0.01605	0.01928	0.05195	0.06851	0.00745	0.01523	0.02550	0.02612	0.00400	0.02667
2	0.07286	0.00832	0.01212	0.27817	0.06188	0.00933	0.02238	0.01211	0.02617	0.01408	0.01283	0.01995	0.03548	0.12832	0.01219	0.16387	0.03649	0.02467	0.00290	0.04588
3	0.01191	0.00934	0.01113	0.00869	0.01280	0.00764	0.00706	0.05869	0.01251	0.05071	0.01392	0.04517	0.01277	0.00637	0.00480	0.00119	0.00430	0.11332	0.00384	0.60383
4	0.68615	0.01050	0.00879	0.00748	0.01111	0.01151	0.00613	0.03257	0.01008	0.03982	0.00833	0.00952	0.00647	0.00498	0.00356	0.00155	0.00424	0.00309	0.00347	0.13065
5	0.00787	0.00542	0.00663	0.00657	0.00693	0.00553	0.00418	0.00859	0.00919	0.01261	0.12918	0.03397	0.02347	0.55737	0.15530	0.00535	0.00649	0.00786	0.00364	0.00385
6	0.00832	0.12549	0.00987	0.00755	0.00888	0.00742	0.00563	0.02628	0.01156	0.01507	0.11557	0.45104	0.11730	0.05542	0.00738	0.00210	0.00362	0.01186	0.00468	0.00497
7	0.00882	0.12588	0.01129	0.00842	0.00980	0.00878	0.00666	0.01045	0.00898	0.01237	0.01394	0.02167	0.01357	0.15102	0.55578	0.00711	0.01189	0.00572	0.00289	0.00495
8	0.01344	0.01202	0.01514	0.01266	0.01610	0.01331	0.11969	0.05999	0.58141	0.02215	0.02172	0.02073	0.05199	0.00725	0.00572	0.00184	0.00504	0.00641	0.00510	0.00827
9	0.01078	0.00999	0.01575	0.67840	0.03406	0.01233	0.01417	0.01617	0.12325	0.01525	0.01155	0.01540	0.00866	0.00574	0.00547	0.00182	0.00683	0.00504	0.00289	0.00644
10	0.01673	0.03741	0.01426	0.01168	0.01467	0.08736	0.00937	0.13587	0.30992	0.14560	0.01700	0.03522	0.01292	0.00744	0.00717	0.00181	0.11701	0.00554	0.00491	0.00809
11	0.13514	0.00946	0.01289	0.37596	0.04319	0.01091	0.01076	0.01574	0.11519	0.01838	0.14391	0.01887	0.01613	0.00657	0.00526	0.00173	0.00542	0.00554	0.00366	0.04527
12	0.82740	0.01051	0.00812	0.00723	0.01062	0.01213	0.00595	0.01628	0.00943	0.04234	0.00792	0.00909	0.00608	0.00510	0.00342	0.00169	0.00423	0.00301	0.00345	0.00598
13	0.13531	0.01010	0.01541	0.60495	0.08435	0.01223	0.01371	0.01482	0.02970	0.01599	0.00973	0.01376	0.00740	0.00540	0.00514	0.00178	0.00668	0.00460	0.00266	0.00628
14	0.01016	0.00508	0.00508	0.00508	0.00635	0.00508	0.00381	0.01270	0.01143	0.02033	0.01778	0.02033	0.01397	0.00635	0.00381	0.00127	0.00254	0.00508	0.83867	0.00508
15	0.01339	0.01149	0.01227	0.01068	0.01405	0.01270	0.00835	0.04374	0.63494	0.02233	0.02011	0.01882	0.01519	0.00688	0.00532	0.00169	0.00431	0.00570	0.00520	0.13283
16	0.01327	0.01006	0.01171	0.00880	0.01330	0.00849	0.00703	0.03291	0.12436	0.10153	0.01291	0.01348	0.00997	0.00489	0.00445	0.00108	0.00419	0.00395	0.00400	0.60965
17	0.01270	0.03084	0.05071	0.02202	0.02738	0.01377	0.69101	0.01714	0.01266	0.01721	0.01127	0.03141	0.00879	0.00497	0.00656	0.00184	0.02320	0.00646	0.00278	0.00728
18	0.00784	0.00562	0.00763	0.00763	0.00821	0.00620	0.00540	0.00901	0.00843	0.01182	0.01564	0.02716	0.01612	0.34985	0.48125	0.00736	0.01085	0.00668	0.00307	0.00424
19	0.00947	0.00473	0.00710	0.00710	0.00710	0.00473	0.00473	0.00710	0.00710	0.00947	0.00947	0.01657	0.00947	0.01894	0.02131	0.84138	0.00473	0.00473	0.00237	0.00237
20	0.09520	0.01338	0.01397	0.01100	0.01489	0.01464	0.00902	0.57603	0.02215	0.03051	0.01886	0.01857	0.12269	0.00749	0.00541	0.00167	0.00535	0.00571	0.00520	0.00826
21	0.08656	0.01489	0.01570	0.01212	0.01640	0.01653	0.01001	0.69724	0.02433	0.03357	0.01265	0.01275	0.00900	0.00643	0.00529	0.00164	0.00586	0.00475	0.00529	0.00900
22	0.19695	0.01282	0.02906	0.46409	0.02793	0.12764	0.03737	0.01574	0.01130	0.01635	0.00908	0.01253	0.00696	0.00536	0.00494	0.00173	0.00705	0.00427	0.00270	0.00614
23	0.01349	0.01073	0.01507	0.40933	0.07364	0.02856	0.01234	0.05544	0.16487	0.10978	0.02991	0.01711	0.02357	0.00627	0.00550	0.00178	0.00613	0.00537	0.00387	0.00725
24	0.01108	0.02577	0.66635	0.01536	0.02221	0.01326	0.01892	0.01665	0.01104	0.01665	0.00939	0.01157	0.00694	0.00583	0.00707	0.00182	0.12588	0.00414	0.00231	0.00775
25	0.01981	0.01240	0.04527	0.01217	0.04074	0.01160	0.04768	0.23856	0.07235	0.33745	0.01658	0.01574	0.01127	0.00624	0.00537	0.00161	0.00539	0.00512	0.00543	0.08921
26	0.00947	0.00473	0.00710	0.00710	0.00710	0.00473	0.00473	0.00710	0.00710	0.00947	0.00947	0.01657	0.00947	0.01894	0.02131	0.84138	0.00473	0.00473	0.00237	0.00237
27	0.01130	0.00969	0.01130	0.00807	0.01292	0.00727	0.00646	0.01373	0.01130	0.01776	0.00969	0.01130	0.00807	0.00404	0.00404	0.00081	0.00404	0.00323	0.00323	0.84173
28	0.01370	0.01442	0.01641	0.37378	0.14131	0.19938	0.01330	0.01849	0.12457	0.01570	0.01133	0.01411	0.00881	0.00569	0.00533	0.00169	0.00733	0.00472	0.00302	0.00690
29	0.00880	0.00643	0.00821	0.00887	0.01017	0.00640	0.00733	0.03341	0.03208	0.01595	0.03031	0.05377	0.13664	0.13268	0.01027	0.00278	0.00474	0.48142	0.00480	0.00493
30	0.00829	0.00563	0.00710	0.00677	0.00798	0.00519	0.00490	0.01024	0.01373	0.05183	0.51296	0.08835	0.11127	0.13042	0.00960	0.00229	0.00312	0.00989	0.00548	0.00495
31	0.01267	0.01217	0.01206	0.00912	0.01354	0.12366	0.00720	0.01491	0.01185	0.01699	0.00944	0.01110	0.00790	0.00441	0.00451	0.00094	0.02446	0.00331	0.00315	0.69661
32	0.01135	0.01596	0.20304	0.04322	0.02329	0.01209	0.38503	0.01574	0.01255	0.01763	0.12434	0.03822	0.01501	0.00633	0.00675	0.00183	0.05101	0.00647	0.00316	0.00700
33	0.02981	0.06030	0.17444	0.13003	0.15761	0.01317	0.01345	0.03942	0.23935	0.03711	0.01450	0.01680	0.01131	0.00623	0.00534	0.00175	0.00607	0.03173	0.00368	0.00789
34	0.02168	0.01373	0.01541	0.01181	0.01614	0.01463	0.00976	0.56904	0.02306	0.22517	0.01525	0.01449	0.01035	0.00660	0.00546	0.00165	0.00565	0.00506	0.00579	0.00927
35	0.01637	0.01196	0.01306	0.01114	0.01460	0.01332	0.00883	0.15219	0.52977	0.13494	0.02054	0.01885	0.01493	0.00716	0.00552	0.00179	0.00465	0.00585	0.00571	0.00883
36	0.00750	0.00554	0.00700	0.00668	0.00802	0.00504	0.00499	0.00984	0.01484	0.02057	0.64364	0.06422	0.15844	0.01171	0.00645	0.00175	0.00262	0.01027	0.00583	0.00504
37	0.14271	0.01504	0.08680	0.01166	0.01606	0.01482	0.01028	0.50476	0.02063	0.07429	0.01267	0.02643	0.00926	0.00664	0.00547	0.01868	0.00577	0.00475	0.00485	0.00843
38	0.01475	0.13424	0.02157	0.06529	0.48463	0.15584	0.01441	0.01745	0.01269	0.01605	0.00949	0.01217	0.00803	0.00500	0.00503	0.00152	0.00704	0.00432	0.00265	0.00784
39	0.01063	0.00627	0.00808	0.00733	0.00922	0.00564	0.00568	0.01295	0.01493	0.15814	0.50543	0.03919	0.14251	0.01088	0.00631	0.00176	0.00308	0.04019	0.00597	0.00582
40	0.00793	0.00529	0.00595	0.00595	0.00595	0.00529	0.00330	0.00793	0.00793	0.01057	0.01718	0.03568	0.01982	0.80840	0.02775	0.00529	0.00529	0.00793	0.00330	0.00330
41	0.84691	0.01054	0.00801	0.00717	0.01054	0.01223	0.00590	0.01603	0.00928	0.02446	0.00759	0.00886	0.00590	0.00506	0.00337	0.00169	0.00422	0.00295	0.00337	0.00590
42	0.01748	0.01302	0.01417	0.01138	0.01493	0.01438	0.00918	0.50855	0.15127	0.02947	0.08618	0.01720	0.01455	0.00797	0.00665	0.05911	0.00530	0.00558	0.00531	0.00830
43	0.01028	0.00936	0.01479	0.53870	0.02956	0.01051	0.03040	0.01354	0.01122	0.01494	0.01292	0.01956	0.03298	0.00634	0.00545	0.00170	0.00639	0.07414	0.00290	0.15431
44	0.01841	0.00885	0.01134	0.00926	0.01250	0.00827	0.00746	0.10972	0.03199	0.43167	0.18258	0.06912	0.03914	0.00862	0.00584	0.00174	0.00424	0.02510	0.00623	0.00790
45	0.01234	0.00703	0.00920	0.02881	0.01088	0.00692	0.00652	0.05624	0.01247	0.20124	0.06132	0.16453	0.10276	0.09872	0.17872	0.00372	0.00647	0.02131	0.00483	0.00598

[dist]
# distance from previous block
# <min> <max>
0	1

[block]
# block no. 2 follows, 44 sequences, length 6
# corresponding to MSA columns:
# 445-450
name=unknown_C
#
# <colnr> <probs for GDERKNQSTAVLIFYWHMCP>
#	G	D	E	R	K	N	Q	S	T	A	V	L	I	F	Y	W	H	M	C	P
0	0.01193	0.15345	0.53763	0.01737	0.14094	0.01416	0.01784	0.01703	0.01158	0.01663	0.00950	0.01137	0.00719	0.00504	0.00494	0.00162	0.00744	0.00398	0.00237	0.00798
1	0.01052	0.00979	0.01608	0.55834	0.12301	0.01177	0.01399	0.01381	0.01141	0.01523	0.09431	0.01713	0.01234	0.00630	0.00644	0.00182	0.06318	0.00540	0.00285	0.00626
2	0.00795	0.00569	0.00837	0.00837	0.00917	0.00650	0.00632	0.00934	0.00854	0.01219	0.01438	0.02225	0.01381	0.10688	0.65188	0.08212	0.01290	0.00593	0.00291	0.00451
3	0.29003	0.01311	0.14287	0.39988	0.02616	0.01224	0.01290	0.01519	0.01046	0.01801	0.00900	0.01212	0.00675	0.00527	0.00471	0.00176	0.00638	0.00407	0.00272	0.00634
4	0.04099	0.01353	0.09807	0.01050	0.01488	0.03279	0.00927	0.25693	0.01586	0.05098	0.01190	0.01409	0.00947	0.05131	0.06087	0.00206	0.00612	0.00439	0.00396	0.29204
5	0.09342	0.39910	0.06845	0.14460	0.01833	0.01676	0.01052	0.01820	0.11814	0.05005	0.01078	0.01201	0.00859	0.00535	0.00431	0.00148	0.00579	0.00390	0.00310	0.00713

[dist]
# distance from previous block
# <min> <max>
0	1

[block]
# block no. 3 follows, 44 sequences, length 10
# corresponding to MSA columns:
# 452-461
name=unknown_D
#
# <colnr> <probs for GDERKNQSTAVLIFYWHMCP>
#	G	D	E	R	K	N	Q	S	T	A	V	L	I	F	Y	W	H	M	C	P
0	0.01356	0.01171	0.01233	0.01109	0.01418	0.01356	0.00863	0.02897	0.76455	0.02281	0.02219	0.02034	0.01664	0.00740	0.00555	0.00185	0.00431	0.00616	0.00555	0.00863
1	0.00685	0.00501	0.00646	0.00736	0.00802	0.00462	0.00513	0.00812	0.01138	0.01510	0.12464	0.58811	0.12540	0.01587	0.00686	0.00212	0.00312	0.04610	0.00518	0.00456
2	0.00710	0.00492	0.00660	0.00760	0.00807	0.00463	0.00526	0.00799	0.01069	0.01425	0.07839	0.61408	0.05607	0.01661	0.00818	0.07417	0.00337	0.06278	0.00489	0.00434
3	0.01159	0.10041	0.58855	0.01615	0.02347	0.01369	0.13720	0.01721	0.01169	0.01688	0.00977	0.01176	0.00713	0.00504	0.00522	0.00169	0.00803	0.00431	0.00238	0.00784
4	0.02226	0.01074	0.01335	0.01032	0.01438	0.01035	0.00849	0.23353	0.01845	0.51492	0.06983	0.01850	0.01486	0.00699	0.00554	0.00167	0.00489	0.00561	0.00633	0.00900
5	0.01361	0.00983	0.01119	0.04376	0.01375	0.01070	0.00796	0.02340	0.45479	0.13787	0.02561	0.11627	0.08956	0.00897	0.00579	0.00187	0.00421	0.00762	0.00550	0.00774
6	0.12237	0.01118	0.07600	0.03233	0.01553	0.00981	0.08293	0.05199	0.06636	0.28567	0.03181	0.11284	0.01581	0.00802	0.00561	0.00183	0.00524	0.05219	0.00498	0.00751
7	0.12422	0.10539	0.01704	0.47409	0.05940	0.01290	0.04679	0.01453	0.01116	0.01609	0.06080	0.01481	0.01014	0.00563	0.00505	0.00171	0.00642	0.00477	0.00281	0.00625
8	0.01742	0.05601	0.01463	0.01276	0.03371	0.44138	0.00959	0.02237	0.19460	0.05443	0.07784	0.01547	0.01350	0.00651	0.00517	0.00155	0.00736	0.00479	0.00391	0.00701
9	0.01308	0.51911	0.14831	0.01073	0.01510	0.01812	0.01105	0.01558	0.01120	0.01436	0.07342	0.01232	0.01081	0.00589	0.00574	0.00145	0.10029	0.00391	0.00265	0.00689

[dist]
# distance from previous block
# <min> <max>
1	5

[block]
# block no. 4 follows, 44 sequences, length 20
# corresponding to MSA columns:
# 467-486
name=unknown_E
#
# <colnr> <probs for GDERKNQSTAVLIFYWHMCP>
#	G	D	E	R	K	N	Q	S	T	A	V	L	I	F	Y	W	H	M	C	P
0	0.01875	0.14508	0.05545	0.03856	0.01743	0.43681	0.01093	0.18041	0.01665	0.01805	0.00942	0.01061	0.00751	0.00564	0.00484	0.00145	0.00821	0.00379	0.00327	0.00714
1	0.10414	0.00874	0.02644	0.00840	0.01183	0.00755	0.00691	0.01851	0.01404	0.35550	0.19726	0.02398	0.07229	0.00771	0.00536	0.00159	0.00398	0.00634	0.00556	0.11388
2	0.00788	0.00548	0.00693	0.00693	0.00728	0.00582	0.00454	0.00856	0.00822	0.01130	0.01627	0.03067	0.01765	0.53905	0.29413	0.00651	0.00856	0.00720	0.00317	0.00385
3	0.20909	0.02575	0.01187	0.00965	0.01234	0.02916	0.00787	0.07939	0.01305	0.19522	0.10743	0.01840	0.04466	0.02562	0.00787	0.00186	0.15353	0.00537	0.00449	0.03738
4	0.10875	0.01157	0.03383	0.25000	0.21662	0.01230	0.01268	0.10745	0.01334	0.10657	0.01215	0.01452	0.02276	0.00611	0.00594	0.02069	0.02901	0.00482	0.00352	0.00740
5	0.00670	0.00479	0.00637	0.00755	0.00792	0.00446	0.00506	0.00772	0.01068	0.01431	0.06664	0.76714	0.03682	0.01679	0.00693	0.00219	0.00313	0.01522	0.00511	0.00446
6	0.09585	0.00575	0.00697	0.00720	0.00830	0.00559	0.00519	0.00977	0.01271	0.01884	0.38328	0.35437	0.04025	0.01297	0.00633	0.00192	0.00299	0.01147	0.00533	0.00493
7	0.01301	0.01253	0.02161	0.14413	0.64288	0.01286	0.04039	0.01635	0.01221	0.01723	0.01020	0.01368	0.00842	0.00494	0.00544	0.00166	0.00668	0.00491	0.00266	0.00822
8	0.01327	0.01806	0.15846	0.02024	0.02558	0.09533	0.50550	0.01763	0.01264	0.01674	0.01031	0.01348	0.00784	0.00510	0.00673	0.00181	0.05574	0.00561	0.00266	0.00728
9	0.43748	0.01139	0.01118	0.00913	0.01293	0.01239	0.00752	0.19281	0.03649	0.20187	0.01254	0.01244	0.00877	0.00587	0.00442	0.00168	0.00474	0.00409	0.00471	0.00756
10	0.01581	0.01188	0.01258	0.01039	0.01371	0.01308	0.00834	0.37697	0.22418	0.02720	0.02074	0.02028	0.09406	0.00753	0.00536	0.00167	0.00473	0.00598	0.11747	0.00803
11	0.02217	0.00979	0.01258	0.00999	0.01397	0.00918	0.00814	0.02707	0.17276	0.61967	0.02165	0.01893	0.01416	0.00688	0.00550	0.00172	0.00457	0.00563	0.00650	0.00914
12	0.02432	0.00951	0.01279	0.00981	0.01403	0.00835	0.00810	0.05442	0.01599	0.74978	0.02119	0.01835	0.01333	0.00674	0.00548	0.00168	0.00469	0.00546	0.00670	0.00928
13	0.00662	0.00483	0.00624	0.00737	0.00785	0.00445	0.00496	0.00762	0.01065	0.01400	0.03271	0.72543	0.11376	0.01673	0.00690	0.00217	0.00312	0.01508	0.00506	0.00445
14	0.00668	0.00489	0.00629	0.00730	0.00786	0.00449	0.00496	0.00778	0.01098	0.01450	0.07862	0.66951	0.12342	0.01633	0.00687	0.00214	0.00308	0.01468	0.00512	0.00449
15	0.02037	0.02598	0.01545	0.01404	0.01685	0.78652	0.01053	0.02177	0.01545	0.01334	0.00843	0.00983	0.00702	0.00562	0.00492	0.00140	0.00983	0.00351	0.00281	0.00632
16	0.02192	0.01335	0.01517	0.01163	0.01595	0.01406	0.00961	0.52249	0.02242	0.27263	0.01579	0.01484	0.01062	0.00661	0.00546	0.00165	0.00556	0.00509	0.00587	0.00927
17	0.00779	0.00584	0.00876	0.00876	0.00974	0.00681	0.00681	0.00974	0.00876	0.01266	0.01460	0.02142	0.01363	0.04089	0.78680	0.00876	0.01460	0.00584	0.00292	0.00487
18	0.02192	0.01055	0.01346	0.01122	0.04488	0.01017	0.00875	0.11937	0.12865	0.54014	0.02009	0.01792	0.01323	0.00674	0.00549	0.00170	0.00484	0.00549	0.00624	0.00915
19	0.01030	0.00969	0.01635	0.79530	0.03755	0.01211	0.01514	0.01393	0.01090	0.01393	0.00969	0.01453	0.00727	0.00545	0.00545	0.00182	0.00727	0.00484	0.00242	0.00606

[dist]
# distance from previous block
# <min> <max>
0	1

[block]
# block no. 5 follows, 44 sequences, length 38
# corresponding to MSA columns:
# 488-510,512-526
name=unknown_F
#
# <colnr> <probs for GDERKNQSTAVLIFYWHMCP>
#	G	D	E	R	K	N	Q	S	T	A	V	L	I	F	Y	W	H	M	C	P
0	0.01205	0.01201	0.05170	0.16289	0.35702	0.01127	0.02732	0.01550	0.02667	0.01721	0.03527	0.01410	0.00971	0.00512	0.00536	0.00149	0.02075	0.00465	0.00292	0.20700
1	0.43034	0.06880	0.06167	0.01108	0.01515	0.11352	0.09460	0.08562	0.01234	0.02167	0.00881	0.01029	0.00685	0.00516	0.00426	0.00160	0.00602	0.00368	0.00328	0.03526
2	0.00788	0.00547	0.00688	0.00688	0.00720	0.00579	0.00446	0.00853	0.00820	0.01126	0.01633	0.03097	0.01778	0.55487	0.27849	0.00643	0.00836	0.00724	0.00318	0.00382
3	0.01348	0.01061	0.01327	0.01171	0.10144	0.00912	0.00827	0.08394	0.01302	0.07862	0.01093	0.01231	0.00865	0.00472	0.00480	0.00109	0.02509	0.00379	0.00363	0.58153
4	0.00778	0.00567	0.00800	0.00805	0.00876	0.00636	0.00591	0.00922	0.00862	0.01220	0.01578	0.05335	0.01593	0.22364	0.57682	0.00769	0.01196	0.00669	0.00309	0.00448
5	0.01871	0.13274	0.01825	0.01465	0.12123	0.05933	0.01073	0.37411	0.07005	0.10732	0.01314	0.01340	0.00967	0.00606	0.00514	0.00157	0.00600	0.00467	0.00460	0.00864
6	0.01922	0.01072	0.01344	0.01034	0.01424	0.01038	0.00850	0.14834	0.01548	0.37938	0.01557	0.01511	0.01074	0.00639	0.00657	0.00155	0.09650	0.00476	0.00518	0.20758
7	0.00986	0.00589	0.01000	0.00894	0.00958	0.00578	0.09143	0.00830	0.00777	0.01039	0.00965	0.01636	0.00933	0.01728	0.01959	0.74432	0.00525	0.00493	0.00241	0.00294
8	0.01094	0.02398	0.60048	0.01616	0.04830	0.01203	0.08209	0.01657	0.01178	0.01719	0.01211	0.01763	0.00991	0.00626	0.00557	0.00182	0.00775	0.08908	0.00267	0.00767
9	0.00763	0.00557	0.00717	0.00677	0.00809	0.00511	0.00508	0.01012	0.01523	0.02139	0.72392	0.04150	0.09934	0.01132	0.00643	0.00172	0.00258	0.00997	0.00594	0.00511
10	0.01268	0.01209	0.02021	0.03023	0.68572	0.01199	0.01528	0.01570	0.01242	0.01745	0.01545	0.01800	0.09691	0.00589	0.00552	0.00164	0.00605	0.00563	0.00297	0.00817
11	0.01519	0.01331	0.10125	0.01142	0.01529	0.01264	0.00990	0.04492	0.53871	0.14429	0.02042	0.01886	0.01483	0.00701	0.00549	0.00180	0.00484	0.00578	0.00536	0.00868
12	0.00909	0.00773	0.00827	0.03103	0.01055	0.09549	0.00676	0.01050	0.01154	0.02894	0.02658	0.53021	0.03054	0.01483	0.00676	0.00216	0.00444	0.15491	0.00475	0.00490
13	0.00717	0.00508	0.00659	0.00730	0.00782	0.00480	0.00499	0.00839	0.01122	0.01521	0.18565	0.48907	0.03662	0.13681	0.01005	0.00259	0.00345	0.04777	0.00499	0.00444
14	0.00823	0.00774	0.00704	0.00719	0.00875	0.09504	0.00529	0.00960	0.01244	0.01472	0.07170	0.22035	0.46021	0.01355	0.00642	0.00189	0.00374	0.03645	0.00484	0.00480
15	0.01384	0.01701	0.20377	0.02109	0.12439	0.01275	0.39861	0.01837	0.01281	0.10541	0.01185	0.01424	0.00860	0.00502	0.00589	0.00177	0.00804	0.00555	0.00310	0.00791
16	0.15202	0.00968	0.01206	0.00940	0.01350	0.00897	0.00777	0.05007	0.01497	0.63553	0.01906	0.01686	0.01217	0.00648	0.00515	0.00169	0.00462	0.00507	0.00618	0.00875
17	0.00691	0.00495	0.00650	0.00763	0.00808	0.00466	0.00526	0.00796	0.01056	0.01397	0.03015	0.65862	0.06400	0.06537	0.00827	0.00242	0.00345	0.08187	0.00495	0.00442
18	0.00836	0.00575	0.00731	0.00682	0.00832	0.00521	0.00515	0.01075	0.01504	0.05745	0.64059	0.04121	0.14489	0.01128	0.00639	0.00173	0.00270	0.00987	0.00591	0.00527
19	0.02072	0.01527	0.01636	0.01254	0.01691	0.01691	0.01036	0.75622	0.02563	0.03436	0.01309	0.01309	0.00927	0.00654	0.00545	0.00164	0.00600	0.00491	0.00545	0.00927
20	0.01277	0.07020	0.55416	0.01581	0.06093	0.10243	0.03589	0.01787	0.01212	0.03628	0.00986	0.01152	0.00725	0.00518	0.00508	0.00163	0.00790	0.00403	0.00253	0.02656
21	0.03141	0.08874	0.18446	0.04112	0.27145	0.01253	0.03040	0.04694	0.03733	0.05190	0.03769	0.03533	0.01081	0.00659	0.02557	0.00177	0.00642	0.00492	0.00320	0.07140
22	0.02278	0.06866	0.01432	0.01009	0.01430	0.01042	0.00844	0.14653	0.01693	0.58376	0.03424	0.01738	0.01309	0.00665	0.00535	0.00164	0.00491	0.00529	0.00620	0.00903
23	0.02446	0.00928	0.01265	0.00970	0.01392	0.00801	0.00801	0.02657	0.01560	0.77817	0.02151	0.01856	0.01350	0.00675	0.00548	0.00169	0.00464	0.00548	0.00675	0.00928
24	0.02079	0.03702	0.01337	0.08262	0.01587	0.00948	0.00869	0.08817	0.02954	0.53543	0.06436	0.03993	0.01526	0.00709	0.00551	0.00170	0.00487	0.00583	0.00597	0.00851
25	0.01329	0.00997	0.01407	0.29139	0.03872	0.01095	0.03509	0.18410	0.01528	0.09058	0.09427	0.11872	0.04396	0.00814	0.00581	0.00180	0.00561	0.00708	0.00433	0.00684
26	0.01156	0.01262	0.02676	0.01976	0.02418	0.01183	0.59770	0.01540	0.01236	0.01672	0.01501	0.18011	0.01409	0.00721	0.00654	0.00192	0.00793	0.00833	0.00324	0.00674
27	0.02383	0.00956	0.01274	0.00985	0.01401	0.00853	0.00811	0.04700	0.05179	0.72125	0.02131	0.01849	0.01353	0.00677	0.00548	0.00169	0.00466	0.00550	0.00665	0.00925
28	0.01463	0.06486	0.21670	0.03943	0.12935	0.06767	0.23561	0.04380	0.01324	0.10533	0.01146	0.01341	0.00842	0.00520	0.00552	0.00168	0.00768	0.00498	0.00316	0.00787
29	0.02633	0.02610	0.01701	0.26731	0.05060	0.03045	0.14318	0.01424	0.01161	0.04574	0.03669	0.07458	0.03905	0.02037	0.00754	0.00200	0.08678	0.09088	0.00336	0.00618
30	0.00775	0.00521	0.00600	0.00617	0.00621	0.00517	0.00354	0.00788	0.00827	0.01103	0.01893	0.14015	0.02203	0.70092	0.02492	0.00487	0.00500	0.00896	0.00354	0.00346
31	0.01712	0.10701	0.12016	0.01352	0.07446	0.01410	0.02587	0.30666	0.01745	0.13673	0.01400	0.06141	0.01111	0.02929	0.00623	0.00176	0.02509	0.00539	0.00444	0.00822
32	0.01114	0.01355	0.18744	0.01457	0.07229	0.00967	0.17037	0.03967	0.01288	0.06275	0.11479	0.15427	0.07246	0.03092	0.00667	0.00193	0.00594	0.00804	0.00396	0.00670
33	0.02446	0.00928	0.01265	0.00970	0.01392	0.00801	0.00801	0.02657	0.01560	0.77817	0.02151	0.01856	0.01350	0.00675	0.00548	0.00169	0.00464	0.00548	0.00675	0.00928
34	0.02037	0.02598	0.01545	0.01404	0.01685	0.78652	0.01053	0.02177	0.01545	0.01334	0.00843	0.00983	0.00702	0.00562	0.00492	0.00140	0.00983	0.00351	0.00281	0.00632
35	0.01067	0.05666	0.36986	0.03625	0.01972	0.01208	0.10810	0.01486	0.01148	0.01650	0.08251	0.10635	0.01463	0.00757	0.00720	0.00186	0.10751	0.00626	0.00304	0.00690
36	0.05443	0.02825	0.01380	0.10094	0.01696	0.03688	0.00917	0.13291	0.01620	0.49258	0.03077	0.01677	0.01215	0.00649	0.00534	0.00167	0.00530	0.00518	0.00568	0.00855
37	0.01138	0.00626	0.00639	0.00594	0.00757	0.00645	0.00457	0.09866	0.01307	0.02195	0.01724	0.01949	0.01343	0.00637	0.00400	0.00131	0.00294	0.00506	0.74234	0.00557

[dist]
# distance from previous block
# <min> <max>
0	9

# created by:
# /st0/software/busco_prod/Augustus/scripts/msa2prfl.pl ./align_prep/210541.fa
