[name]
unknown

[dist]
# distance from previous block
# <min> <max>
0	52

[block]
# block no. 0 follows, 44 sequences, length 11
# corresponding to MSA columns:
# 53-63
name=unknown_A
#
# <colnr> <probs for GDERKNQSTAVLIFYWHMCP>
#	G	D	E	R	K	N	Q	S	T	A	V	L	I	F	Y	W	H	M	C	P
0	0.01075	0.00766	0.01098	0.05963	0.01328	0.00741	0.06276	0.05827	0.01281	0.09466	0.08539	0.33740	0.05535	0.01176	0.00653	0.00193	0.01858	0.06834	0.00480	0.07170
1	0.10082	0.01179	0.08528	0.11420	0.02049	0.01043	0.26096	0.01445	0.01156	0.04805	0.01767	0.10181	0.07954	0.06723	0.00751	0.00212	0.00651	0.02987	0.00346	0.00626
2	0.03963	0.01091	0.01860	0.57758	0.06895	0.01267	0.12001	0.05740	0.01205	0.01615	0.01003	0.01424	0.00754	0.00535	0.00552	0.00180	0.00733	0.00501	0.00269	0.00654
3	0.04425	0.01006	0.01651	0.61653	0.03288	0.01200	0.07215	0.01497	0.05905	0.01523	0.01259	0.01643	0.04293	0.00587	0.00550	0.00182	0.00690	0.00528	0.00281	0.00625
4	0.11374	0.00659	0.00772	0.05716	0.01037	0.00651	0.00567	0.01143	0.01149	0.09472	0.11706	0.21473	0.17763	0.13026	0.00919	0.00239	0.00387	0.00961	0.00471	0.00517
5	0.03080	0.00838	0.01028	0.04490	0.01251	0.00834	0.00719	0.12646	0.05859	0.21778	0.05759	0.26015	0.09221	0.03062	0.00657	0.00196	0.00424	0.00920	0.00543	0.00679
6	0.06677	0.01570	0.07589	0.01243	0.01683	0.05930	0.03572	0.49578	0.02129	0.09126	0.04579	0.01424	0.01091	0.00645	0.00536	0.00165	0.00613	0.00496	0.00497	0.00857
7	0.00980	0.00753	0.01002	0.00919	0.01086	0.00754	0.06477	0.06326	0.11154	0.03923	0.11397	0.30889	0.08709	0.11933	0.00928	0.00241	0.00421	0.01054	0.00489	0.00563
8	0.00878	0.00672	0.01002	0.00930	0.01059	0.00646	0.09439	0.04202	0.01127	0.03523	0.05036	0.41700	0.06706	0.16250	0.03961	0.00291	0.00482	0.01152	0.00447	0.00496
9	0.10887	0.03095	0.01235	0.06666	0.01463	0.05552	0.00821	0.18472	0.05514	0.18995	0.03077	0.09195	0.01412	0.06351	0.00680	0.00194	0.00519	0.00604	0.03007	0.02259
10	0.01278	0.03464	0.03660	0.13486	0.01994	0.06397	0.13767	0.04233	0.15556	0.03588	0.01552	0.03220	0.05439	0.02372	0.00696	0.00177	0.07165	0.00567	0.00362	0.11027

[dist]
# distance from previous block
# <min> <max>
12	38

[block]
# block no. 1 follows, 44 sequences, length 12
# corresponding to MSA columns:
# 118-129
name=unknown_B
#
# <colnr> <probs for GDERKNQSTAVLIFYWHMCP>
#	G	D	E	R	K	N	Q	S	T	A	V	L	I	F	Y	W	H	M	C	P
0	0.25035	0.06255	0.05884	0.06765	0.01493	0.05061	0.03441	0.10456	0.01287	0.10245	0.01308	0.08817	0.01105	0.00733	0.00553	0.04153	0.00531	0.00523	0.05697	0.00659
1	0.00902	0.00667	0.00779	0.00851	0.04695	0.03001	0.00554	0.01089	0.04673	0.04854	0.08689	0.28745	0.13974	0.19150	0.01110	0.00267	0.00400	0.01051	0.04054	0.00497
2	0.03225	0.01282	0.02426	0.09500	0.04641	0.01346	0.41296	0.03791	0.01211	0.04989	0.01157	0.05470	0.00961	0.00640	0.00831	0.00193	0.15415	0.00622	0.00304	0.00696
3	0.01265	0.01048	0.01186	0.08497	0.01528	0.01180	0.00858	0.11895	0.41873	0.02215	0.08784	0.08340	0.07255	0.00862	0.00577	0.00183	0.00447	0.00729	0.00520	0.00756
4	0.01221	0.04908	0.13382	0.01532	0.03830	0.06073	0.25170	0.07246	0.03178	0.01807	0.09072	0.08713	0.05128	0.03520	0.00696	0.00190	0.02596	0.00695	0.00359	0.00681
5	0.03091	0.00944	0.01162	0.01069	0.05075	0.00972	0.00797	0.05611	0.17334	0.20047	0.07223	0.06566	0.08987	0.04229	0.00754	0.00193	0.06558	0.02700	0.00510	0.06178
6	0.03893	0.05031	0.37279	0.01346	0.03953	0.14580	0.01403	0.07706	0.04891	0.01829	0.01425	0.01532	0.06706	0.00617	0.00508	0.00163	0.00704	0.00470	0.05227	0.00735
7	0.01343	0.08485	0.01392	0.07015	0.01520	0.01043	0.03504	0.05863	0.12948	0.11344	0.08823	0.03746	0.04882	0.00665	0.00508	0.00144	0.00465	0.00556	0.00438	0.25316
8	0.01618	0.06929	0.01425	0.05705	0.01556	0.11014	0.00903	0.19935	0.14327	0.11010	0.01773	0.01802	0.07169	0.00949	0.06556	0.00215	0.00639	0.00537	0.00454	0.05484
9	0.05343	0.08530	0.07275	0.09062	0.18588	0.14266	0.01165	0.09188	0.01368	0.01788	0.03345	0.07566	0.04719	0.00672	0.00518	0.00159	0.00636	0.00550	0.00335	0.04928
10	0.01376	0.03820	0.08856	0.04183	0.04941	0.13667	0.09793	0.06522	0.04341	0.05346	0.03848	0.06356	0.03162	0.00771	0.02439	0.00181	0.06519	0.00567	0.06799	0.06512
11	0.01562	0.04499	0.08756	0.01021	0.01386	0.01042	0.00898	0.12693	0.09306	0.22622	0.12181	0.07820	0.04093	0.00805	0.00600	0.00170	0.03352	0.00657	0.00516	0.06021

[dist]
# distance from previous block
# <min> <max>
7	75

[block]
# block no. 2 follows, 44 sequences, length 105
# corresponding to MSA columns:
# 215-319
name=unknown_C
#
# <colnr> <probs for GDERKNQSTAVLIFYWHMCP>
#	G	D	E	R	K	N	Q	S	T	A	V	L	I	F	Y	W	H	M	C	P
0	0.01571	0.13046	0.17850	0.01445	0.10818	0.16337	0.01213	0.05164	0.02574	0.11929	0.05954	0.01403	0.01121	0.00575	0.00497	0.00150	0.00664	0.00445	0.00355	0.06889
1	0.01457	0.08372	0.20701	0.01307	0.05412	0.07116	0.01198	0.15317	0.11691	0.06073	0.06347	0.04770	0.01330	0.00669	0.00546	0.00164	0.01936	0.00530	0.00401	0.04661
2	0.01559	0.01362	0.10081	0.01104	0.01493	0.02430	0.00964	0.29762	0.13156	0.08369	0.04788	0.06977	0.03012	0.05446	0.00679	0.00188	0.00535	0.00611	0.00486	0.06996
3	0.04756	0.08855	0.11920	0.01207	0.01651	0.07796	0.04058	0.20499	0.12080	0.13207	0.01390	0.01422	0.01018	0.00752	0.03895	0.00191	0.00651	0.00472	0.00435	0.03744
4	0.00856	0.00696	0.00784	0.00796	0.02441	0.03973	0.00567	0.01114	0.06205	0.01680	0.27115	0.09338	0.16873	0.14828	0.05580	0.00283	0.00447	0.05440	0.00483	0.00501
5	0.01377	0.05099	0.04895	0.03548	0.38574	0.08119	0.03585	0.08198	0.02913	0.01837	0.01444	0.01775	0.06389	0.00616	0.00538	0.00160	0.00633	0.03691	0.00328	0.06283
6	0.00834	0.00762	0.05935	0.00866	0.00995	0.00717	0.00708	0.01039	0.01089	0.01549	0.23447	0.04159	0.02575	0.15325	0.27946	0.00483	0.06938	0.03744	0.00391	0.00498
7	0.01634	0.06536	0.01661	0.14445	0.10607	0.03080	0.01129	0.22844	0.16746	0.10342	0.01422	0.01502	0.01051	0.00634	0.00584	0.00171	0.03848	0.00504	0.00440	0.00819
8	0.01705	0.11283	0.06389	0.00942	0.01301	0.00949	0.00832	0.01970	0.02727	0.38648	0.15863	0.02134	0.01940	0.01113	0.09501	0.00244	0.00577	0.00593	0.00529	0.00761
9	0.01311	0.01272	0.08304	0.06799	0.16416	0.02839	0.08709	0.06281	0.17071	0.06872	0.05680	0.04641	0.05465	0.03655	0.00654	0.00190	0.00584	0.02095	0.00412	0.00751
10	0.01973	0.06720	0.01667	0.01207	0.01628	0.01650	0.01005	0.64255	0.03925	0.05098	0.01320	0.01344	0.00956	0.00786	0.03750	0.00190	0.00627	0.00486	0.00518	0.00893
11	0.01865	0.02008	0.03910	0.01499	0.03593	0.38494	0.09620	0.18333	0.03192	0.05442	0.01064	0.01200	0.00820	0.00602	0.00612	0.00161	0.06046	0.00443	0.00358	0.00736
12	0.00716	0.00548	0.00813	0.00859	0.00927	0.00519	0.05453	0.00836	0.01042	0.01395	0.02754	0.68426	0.03251	0.05031	0.04405	0.00262	0.00418	0.01414	0.00474	0.00459
13	0.01349	0.01295	0.02213	0.03346	0.77440	0.01295	0.01673	0.01673	0.01241	0.01781	0.01025	0.01349	0.00864	0.00486	0.00540	0.00162	0.00648	0.00486	0.00270	0.00864
14	0.01095	0.00879	0.00952	0.00843	0.01120	0.00882	0.00653	0.05163	0.28001	0.04713	0.06179	0.06344	0.28792	0.00976	0.00577	0.00171	0.00370	0.00816	0.00513	0.10960
15	0.02068	0.01650	0.01626	0.01272	0.01690	0.10519	0.01038	0.67197	0.02446	0.03195	0.01255	0.01272	0.00901	0.00644	0.00539	0.00161	0.00644	0.00475	0.00515	0.00893
16	0.01377	0.04343	0.03008	0.01012	0.04202	0.00991	0.00802	0.11956	0.05499	0.06724	0.01152	0.01248	0.00900	0.00482	0.00446	0.00110	0.00461	0.00383	0.00381	0.54521
17	0.01030	0.00969	0.01635	0.79530	0.03755	0.01211	0.01514	0.01393	0.01090	0.01393	0.00969	0.01453	0.00727	0.00545	0.00545	0.00182	0.00727	0.00484	0.00242	0.00606
18	0.01193	0.01193	0.01670	0.01431	0.01431	0.01670	0.01193	0.01312	0.00835	0.01312	0.00716	0.01193	0.00716	0.00954	0.01789	0.00239	0.79843	0.00477	0.00239	0.00596
19	0.01480	0.78083	0.02805	0.00951	0.01410	0.05161	0.00938	0.01654	0.01125	0.01285	0.00761	0.00879	0.00700	0.00470	0.00355	0.00118	0.00599	0.00294	0.00235	0.00697
20	0.00721	0.00519	0.00669	0.00770	0.00816	0.00502	0.00525	0.00874	0.04071	0.01405	0.02818	0.63607	0.03310	0.10733	0.00932	0.00257	0.00358	0.06176	0.00488	0.00451
21	0.02006	0.00834	0.01132	0.00938	0.01277	0.00740	0.00779	0.02229	0.01489	0.56556	0.07152	0.02752	0.01909	0.00846	0.00583	0.00181	0.00448	0.13272	0.04066	0.00810
22	0.00860	0.00617	0.00856	0.00979	0.01100	0.00613	0.00845	0.01099	0.01243	0.01614	0.02959	0.10422	0.05012	0.01515	0.00747	0.00248	0.00486	0.67786	0.00502	0.00498
23	0.00694	0.00545	0.00631	0.00653	0.00792	0.00482	0.00487	0.00860	0.01278	0.01635	0.21524	0.18476	0.42040	0.01386	0.00661	0.00193	0.00295	0.06368	0.00528	0.00473
24	0.00792	0.00532	0.00612	0.00612	0.00617	0.00538	0.00352	0.00804	0.00798	0.01070	0.01702	0.03482	0.01945	0.76213	0.07352	0.00550	0.00585	0.00780	0.00328	0.00340
25	0.01356	0.01171	0.01233	0.01109	0.01418	0.01356	0.00863	0.02897	0.76455	0.02281	0.02219	0.02034	0.01664	0.00740	0.00555	0.00185	0.00431	0.00616	0.00555	0.00863
26	0.01016	0.00508	0.00508	0.00508	0.00635	0.00508	0.00381	0.01270	0.01143	0.02033	0.01778	0.02033	0.01397	0.00635	0.00381	0.00127	0.00254	0.00508	0.83867	0.00508
27	0.01333	0.01246	0.01935	0.07054	0.54233	0.01306	0.01461	0.01965	0.20107	0.01885	0.01322	0.01527	0.01057	0.00553	0.00544	0.00169	0.00598	0.00518	0.00340	0.00849
28	0.00795	0.00587	0.00789	0.00793	0.03905	0.00546	0.00561	0.01055	0.01531	0.02170	0.74081	0.03963	0.04971	0.01089	0.00639	0.00171	0.00273	0.00966	0.00587	0.00528
29	0.01016	0.00508	0.00508	0.00508	0.00635	0.00508	0.00381	0.01270	0.01143	0.02033	0.01778	0.02033	0.01397	0.00635	0.00381	0.00127	0.00254	0.00508	0.83867	0.00508
30	0.01164	0.18049	0.63407	0.01433	0.02173	0.01439	0.01804	0.01708	0.01143	0.01640	0.00936	0.01097	0.00692	0.00508	0.00485	0.00162	0.00762	0.00381	0.00231	0.00785
31	0.01356	0.01171	0.01233	0.01109	0.01418	0.01356	0.00863	0.02897	0.76455	0.02281	0.02219	0.02034	0.01664	0.00740	0.00555	0.00185	0.00431	0.00616	0.00555	0.00863
32	0.01030	0.00969	0.01635	0.79530	0.03755	0.01211	0.01514	0.01393	0.01090	0.01393	0.00969	0.01453	0.00727	0.00545	0.00545	0.00182	0.00727	0.00484	0.00242	0.00606
33	0.02001	0.01515	0.01594	0.01243	0.01664	0.03305	0.01020	0.66892	0.09814	0.03277	0.01388	0.01373	0.00995	0.00661	0.00545	0.00165	0.00592	0.00500	0.00541	0.00915
34	0.00993	0.00629	0.00836	0.00842	0.01008	0.00590	0.00694	0.01230	0.01389	0.10378	0.29064	0.04846	0.11370	0.01262	0.00680	0.00207	0.00388	0.32489	0.00556	0.00550
35	0.01349	0.01295	0.02213	0.03346	0.77440	0.01295	0.01673	0.01673	0.01241	0.01781	0.01025	0.01349	0.00864	0.00486	0.00540	0.00162	0.00648	0.00486	0.00270	0.00864
36	0.01252	0.01052	0.01155	0.01086	0.01355	0.01197	0.00866	0.02511	0.60018	0.02139	0.02365	0.02934	0.01986	0.00907	0.00598	0.00199	0.00447	0.16606	0.00543	0.00784
37	0.01476	0.00740	0.00967	0.00855	0.01110	0.00678	0.00691	0.01756	0.04700	0.32212	0.22475	0.05087	0.09010	0.01008	0.00614	0.00185	0.00390	0.12610	0.02750	0.00686
38	0.01493	0.00968	0.01017	0.00845	0.01111	0.01042	0.00677	0.34807	0.01784	0.02666	0.01567	0.01706	0.01185	0.00644	0.00455	0.00144	0.00410	0.00500	0.46284	0.00697
39	0.01060	0.01000	0.01690	0.72292	0.10755	0.01219	0.01529	0.01420	0.01104	0.01430	0.00974	0.01444	0.00740	0.00539	0.00545	0.00180	0.00719	0.00485	0.00245	0.00630
40	0.01163	0.08531	0.63642	0.01422	0.02140	0.01263	0.01777	0.01717	0.01193	0.05261	0.06042	0.01356	0.01016	0.00561	0.00515	0.00168	0.00737	0.00440	0.00276	0.00784
41	0.02007	0.01462	0.01575	0.01226	0.01648	0.01616	0.01007	0.64437	0.10833	0.06369	0.01446	0.01413	0.01027	0.00665	0.00547	0.00166	0.00575	0.00507	0.00552	0.00920
42	0.00779	0.00582	0.00865	0.00865	0.00958	0.00675	0.00667	0.00966	0.00873	0.01257	0.01471	0.02199	0.01388	0.07185	0.75618	0.00862	0.01423	0.00593	0.00294	0.00480
43	0.01137	0.09993	0.67071	0.01536	0.02297	0.01355	0.05836	0.01719	0.01154	0.01687	0.00965	0.01143	0.00699	0.00510	0.00509	0.00168	0.00791	0.00405	0.00233	0.00792
44	0.01455	0.01458	0.01969	0.04183	0.50299	0.11870	0.03189	0.03832	0.12808	0.01831	0.01191	0.01408	0.00962	0.00540	0.00538	0.00163	0.00667	0.00491	0.00322	0.00825
45	0.84691	0.01054	0.00801	0.00717	0.01054	0.01223	0.00590	0.01603	0.00928	0.02446	0.00759	0.00886	0.00590	0.00506	0.00337	0.00169	0.00422	0.00295	0.00337	0.00590
46	0.00755	0.00557	0.00706	0.00669	0.00805	0.00508	0.00502	0.00998	0.01505	0.02096	0.68053	0.04222	0.14300	0.01148	0.00643	0.00173	0.00260	0.01007	0.00588	0.00508
47	0.00772	0.00557	0.00729	0.00686	0.00814	0.00514	0.00514	0.01029	0.01543	0.02186	0.77152	0.04072	0.05144	0.01115	0.00643	0.00171	0.00257	0.00986	0.00600	0.00514
48	0.00757	0.00558	0.00709	0.00676	0.00811	0.00510	0.00510	0.00998	0.01497	0.02079	0.65904	0.04277	0.14662	0.01159	0.00646	0.00175	0.00265	0.02715	0.00585	0.00507
49	0.01816	0.00788	0.01063	0.00863	0.01174	0.00693	0.00693	0.02044	0.01554	0.49352	0.30379	0.02690	0.02778	0.00840	0.00584	0.00170	0.00386	0.00713	0.00647	0.00772
50	0.01042	0.00982	0.01658	0.76538	0.06649	0.01215	0.01520	0.01404	0.01096	0.01408	0.00971	0.01449	0.00732	0.00543	0.00545	0.00181	0.00724	0.00485	0.00243	0.00616
51	0.01016	0.00508	0.00508	0.00508	0.00635	0.00508	0.00381	0.01270	0.01143	0.02033	0.01778	0.02033	0.01397	0.00635	0.00381	0.00127	0.00254	0.00508	0.83867	0.00508
52	0.49424	0.17476	0.05119	0.00844	0.01253	0.01387	0.00763	0.05878	0.01093	0.02156	0.00825	0.00949	0.00662	0.00496	0.00368	0.00148	0.00482	0.00314	0.00321	0.10044
53	0.79237	0.01156	0.00850	0.00762	0.01096	0.06332	0.00621	0.01640	0.00969	0.02373	0.00765	0.00892	0.00598	0.00510	0.00348	0.00167	0.00459	0.00299	0.00334	0.00593
54	0.01016	0.00508	0.00508	0.00508	0.00635	0.00508	0.00381	0.01270	0.01143	0.02033	0.01778	0.02033	0.01397	0.00635	0.00381	0.00127	0.00254	0.00508	0.83867	0.00508
55	0.01802	0.22131	0.01907	0.06504	0.04406	0.48786	0.01075	0.04681	0.01432	0.01418	0.00853	0.01012	0.00717	0.00538	0.00463	0.00139	0.00840	0.00355	0.00276	0.00666
56	0.02037	0.02598	0.01545	0.01404	0.01685	0.78652	0.01053	0.02177	0.01545	0.01334	0.00843	0.00983	0.00702	0.00562	0.00492	0.00140	0.00983	0.00351	0.00281	0.00632
57	0.00669	0.00483	0.00634	0.00747	0.00789	0.00452	0.00502	0.00767	0.01046	0.01387	0.03085	0.72420	0.07833	0.03245	0.02923	0.00243	0.00350	0.01485	0.00497	0.00443
58	0.01193	0.01193	0.01670	0.01431	0.01431	0.01670	0.01193	0.01312	0.00835	0.01312	0.00716	0.01193	0.00716	0.00954	0.01789	0.00239	0.79843	0.00477	0.00239	0.00596
59	0.00664	0.00474	0.00633	0.00759	0.00791	0.00443	0.00506	0.00759	0.01044	0.01392	0.03005	0.80485	0.03606	0.01708	0.00696	0.00221	0.00316	0.01550	0.00506	0.00443
60	0.00678	0.00563	0.00599	0.00618	0.00793	0.00484	0.00481	0.00833	0.01244	0.01496	0.05142	0.05377	0.66509	0.01399	0.00660	0.00194	0.00309	0.11649	0.00506	0.00466
61	0.02446	0.00928	0.01265	0.00970	0.01392	0.00801	0.00801	0.02657	0.01560	0.77817	0.02151	0.01856	0.01350	0.00675	0.00548	0.00169	0.00464	0.00548	0.00675	0.00928
62	0.01458	0.81168	0.02857	0.00933	0.01399	0.02157	0.00933	0.01632	0.01108	0.01283	0.00758	0.00875	0.00700	0.00466	0.00350	0.00117	0.00583	0.00292	0.00233	0.00700
63	0.01074	0.01030	0.01645	0.58180	0.03120	0.01337	0.01426	0.01371	0.01020	0.01371	0.00900	0.01382	0.00724	0.00657	0.00885	0.00197	0.22355	0.00482	0.00241	0.00603
64	0.00701	0.00512	0.00705	0.05776	0.00985	0.00504	0.00576	0.00821	0.01041	0.01400	0.02777	0.70094	0.03270	0.01721	0.04305	0.00247	0.00394	0.01414	0.02302	0.00457
65	0.84691	0.01054	0.00801	0.00717	0.01054	0.01223	0.00590	0.01603	0.00928	0.02446	0.00759	0.00886	0.00590	0.00506	0.00337	0.00169	0.00422	0.00295	0.00337	0.00590
66	0.00931	0.00485	0.00717	0.00722	0.00735	0.00485	0.00494	0.00736	0.00752	0.00998	0.01169	0.01956	0.03191	0.01920	0.04006	0.76178	0.00495	0.03514	0.00257	0.00260
67	0.00793	0.00529	0.00595	0.00595	0.00595	0.00529	0.00330	0.00793	0.00793	0.01057	0.01718	0.03568	0.01982	0.80840	0.02775	0.00529	0.00529	0.00793	0.00330	0.00330
68	0.84691	0.01054	0.00801	0.00717	0.01054	0.01223	0.00590	0.01603	0.00928	0.02446	0.00759	0.00886	0.00590	0.00506	0.00337	0.00169	0.00422	0.00295	0.00337	0.00590
69	0.01141	0.02686	0.71310	0.01586	0.02366	0.01261	0.06624	0.01752	0.01170	0.03690	0.01016	0.01189	0.00716	0.00518	0.00527	0.00173	0.00804	0.00422	0.00245	0.00804
70	0.01174	0.01015	0.01260	0.01109	0.10109	0.00815	0.00772	0.03496	0.01186	0.01819	0.01066	0.01234	0.02178	0.00438	0.00428	0.00094	0.00435	0.00361	0.00326	0.70684
71	0.79545	0.01084	0.00853	0.00750	0.01094	0.01252	0.00618	0.06213	0.01030	0.02508	0.00793	0.00912	0.00611	0.00515	0.00350	0.00168	0.00433	0.00307	0.00350	0.00611
72	0.05850	0.01504	0.01560	0.01221	0.01637	0.03816	0.01001	0.63762	0.08902	0.03230	0.01350	0.01343	0.00969	0.00652	0.00535	0.00165	0.00588	0.00489	0.00529	0.00898
73	0.00721	0.00555	0.00658	0.00633	0.00783	0.00493	0.00474	0.00931	0.01423	0.01902	0.48623	0.04540	0.33850	0.01221	0.00644	0.00176	0.00265	0.01052	0.00563	0.00493
74	0.01093	0.02820	0.78016	0.01554	0.02360	0.01266	0.02014	0.01727	0.01151	0.01727	0.00978	0.01151	0.00691	0.00518	0.00518	0.00173	0.00806	0.00403	0.00230	0.00806
75	0.01441	0.72460	0.09298	0.00998	0.01489	0.03988	0.01029	0.01654	0.01122	0.01322	0.00779	0.00901	0.00699	0.00473	0.00368	0.00122	0.00612	0.00303	0.00234	0.00707
76	0.00769	0.00523	0.00608	0.00627	0.00640	0.00519	0.00371	0.00793	0.00846	0.01126	0.02009	0.15066	0.04318	0.64231	0.04923	0.00484	0.00521	0.00909	0.00360	0.00356
77	0.00664	0.00474	0.00633	0.00759	0.00791	0.00443	0.00506	0.00759	0.01044	0.01392	0.03005	0.80485	0.03606	0.01708	0.00696	0.00221	0.00316	0.01550	0.00506	0.00443
78	0.02333	0.02534	0.01321	0.06153	0.01548	0.00855	0.00851	0.02553	0.01520	0.71245	0.02045	0.01809	0.01295	0.00662	0.00544	0.00169	0.00484	0.00539	0.00637	0.00902
79	0.02087	0.01273	0.10695	0.01119	0.01555	0.01070	0.01011	0.12642	0.05715	0.48978	0.01800	0.01660	0.01186	0.00675	0.00626	0.00174	0.05760	0.00522	0.00567	0.00887
80	0.01120	0.01127	0.02104	0.53517	0.08297	0.01262	0.21689	0.01508	0.01154	0.01515	0.01009	0.01451	0.00763	0.00518	0.00572	0.00181	0.00774	0.00528	0.00253	0.00658
81	0.84691	0.01054	0.00801	0.00717	0.01054	0.01223	0.00590	0.01603	0.00928	0.02446	0.00759	0.00886	0.00590	0.00506	0.00337	0.00169	0.00422	0.00295	0.00337	0.00590
82	0.01065	0.04451	0.65794	0.01452	0.02170	0.01203	0.03467	0.01635	0.01183	0.01735	0.06213	0.01535	0.04546	0.00595	0.00531	0.00172	0.00742	0.00479	0.00269	0.00766
83	0.01192	0.07995	0.61360	0.01584	0.06887	0.01341	0.01821	0.06577	0.01256	0.01822	0.02677	0.01219	0.00816	0.00535	0.00512	0.00167	0.00755	0.00419	0.00262	0.00804
84	0.00770	0.00551	0.00709	0.00678	0.00788	0.00513	0.00493	0.00991	0.01437	0.02025	0.65508	0.07097	0.04719	0.10284	0.00890	0.00214	0.00291	0.00987	0.00565	0.00490
85	0.01273	0.01218	0.02075	0.21477	0.59903	0.01275	0.01635	0.01606	0.01205	0.01689	0.01012	0.01374	0.00831	0.00500	0.00541	0.00167	0.00666	0.00485	0.00263	0.00802
86	0.01329	0.01265	0.02115	0.10943	0.60122	0.01302	0.04565	0.03227	0.06398	0.01807	0.01110	0.01411	0.00904	0.00512	0.00546	0.00166	0.00651	0.00501	0.00292	0.00833
87	0.84691	0.01054	0.00801	0.00717	0.01054	0.01223	0.00590	0.01603	0.00928	0.02446	0.00759	0.00886	0.00590	0.00506	0.00337	0.00169	0.00422	0.00295	0.00337	0.00590
88	0.01835	0.03252	0.01491	0.01158	0.01524	0.08752	0.00944	0.50082	0.04226	0.02835	0.01295	0.01362	0.00963	0.00644	0.00562	0.00156	0.03845	0.00471	0.10316	0.04285
89	0.01264	0.04687	0.06163	0.00931	0.01226	0.00902	0.00802	0.06785	0.12238	0.13283	0.24409	0.04405	0.07176	0.00937	0.00592	0.00177	0.00424	0.09106	0.00530	0.03962
90	0.01490	0.64301	0.10307	0.01032	0.01529	0.02015	0.01054	0.09964	0.01276	0.01570	0.00842	0.00951	0.00724	0.00493	0.00389	0.00128	0.00607	0.00325	0.00268	0.00736
91	0.01591	0.01257	0.01342	0.01143	0.01490	0.01424	0.00907	0.22359	0.53730	0.05557	0.01973	0.01833	0.01455	0.00714	0.00552	0.00179	0.00478	0.00580	0.00557	0.00883
92	0.00685	0.00494	0.00668	0.00778	0.00823	0.00477	0.00539	0.00798	0.01037	0.01389	0.02878	0.67208	0.04847	0.01961	0.09468	0.00295	0.00451	0.04269	0.00482	0.00450
93	0.06787	0.02357	0.10117	0.01356	0.01725	0.52821	0.01131	0.14100	0.01631	0.01787	0.00929	0.01050	0.00731	0.00569	0.00494	0.00150	0.00868	0.00377	0.00322	0.00697
94	0.00708	0.00493	0.00620	0.00703	0.00723	0.00472	0.00446	0.00771	0.00958	0.01277	0.02563	0.54082	0.03048	0.28871	0.01409	0.00327	0.00389	0.01290	0.00446	0.00404
95	0.01444	0.01218	0.01306	0.01180	0.03248	0.01396	0.00903	0.11833	0.65569	0.02411	0.02079	0.01928	0.01554	0.00723	0.00553	0.00182	0.00457	0.00598	0.00547	0.00871
96	0.00734	0.00547	0.00701	0.00742	0.00847	0.00488	0.00519	0.00877	0.01155	0.01586	0.16800	0.54492	0.06560	0.01442	0.00652	0.00195	0.00313	0.01295	0.00504	0.09551
97	0.01143	0.12044	0.64027	0.01472	0.02184	0.01399	0.01831	0.01688	0.01125	0.01646	0.00935	0.01121	0.00693	0.00541	0.00582	0.00170	0.05994	0.00394	0.00231	0.00779
98	0.01458	0.81168	0.02857	0.00933	0.01399	0.02157	0.00933	0.01632	0.01108	0.01283	0.00758	0.00875	0.00700	0.00466	0.00350	0.00117	0.00583	0.00292	0.00233	0.00700
99	0.00664	0.00476	0.00631	0.00755	0.00790	0.00443	0.00504	0.00760	0.01048	0.01393	0.03057	0.78926	0.05131	0.01701	0.00695	0.00221	0.00315	0.01542	0.00506	0.00443
100	0.02157	0.00896	0.01190	0.00939	0.01318	0.00800	0.00766	0.02458	0.06491	0.63161	0.09701	0.02183	0.03892	0.00743	0.00561	0.00170	0.00436	0.00613	0.00655	0.00869
101	0.82319	0.01040	0.00799	0.00716	0.01048	0.01203	0.00588	0.01586	0.00945	0.02439	0.02919	0.00976	0.00719	0.00523	0.00346	0.00169	0.00417	0.00315	0.00345	0.00588
102	0.08889	0.01146	0.01461	0.05279	0.24201	0.04192	0.01069	0.14007	0.10172	0.01996	0.01365	0.04834	0.01202	0.04048	0.00808	0.09632	0.00566	0.04055	0.00374	0.00703
103	0.05980	0.04635	0.04399	0.06658	0.34618	0.03053	0.15048	0.03895	0.10992	0.01862	0.01264	0.01489	0.02558	0.00544	0.00543	0.00169	0.00662	0.00522	0.00320	0.00790
104	0.01358	0.02774	0.01185	0.02464	0.03427	0.03911	0.00793	0.19478	0.06251	0.07796	0.11886	0.08716	0.11086	0.00907	0.00574	0.00168	0.00462	0.05849	0.00496	0.10422

[dist]
# distance from previous block
# <min> <max>
0	59

# created by:
# /st0/software/busco_prod/Augustus/scripts/msa2prfl.pl ./align_prep/210672.fa
