[name]
unknown

[dist]
# distance from previous block
# <min> <max>
0	28

[block]
# block no. 0 follows, 42 sequences, length 40
# corresponding to MSA columns:
# 28-67
name=unknown_A
#
# <colnr> <probs for GDERKNQSTAVLIFYWHMCP>
#	G	D	E	R	K	N	Q	S	T	A	V	L	I	F	Y	W	H	M	C	P
0	0.13708	0.02310	0.02683	0.02468	0.01205	0.00787	0.00848	0.01289	0.01266	0.03939	0.08223	0.04868	0.06256	0.01272	0.00674	0.00228	0.00487	0.46443	0.00488	0.00557
1	0.01505	0.80561	0.02949	0.00963	0.01444	0.02227	0.00963	0.01685	0.01143	0.01324	0.00782	0.00903	0.00722	0.00481	0.00361	0.00120	0.00602	0.00301	0.00241	0.00722
2	0.01134	0.01096	0.01487	0.01316	0.01348	0.03558	0.01076	0.01275	0.00902	0.01348	0.01022	0.04950	0.01023	0.01742	0.19033	0.00392	0.55880	0.00563	0.00272	0.00584
3	0.00804	0.00603	0.00904	0.00904	0.01005	0.00703	0.00703	0.01005	0.00904	0.01306	0.01507	0.02211	0.01407	0.04221	0.77992	0.00904	0.01507	0.00603	0.00301	0.00502
4	0.03657	0.01362	0.04207	0.12607	0.46879	0.01350	0.14446	0.03639	0.02981	0.01855	0.01092	0.01425	0.00875	0.00516	0.00571	0.00175	0.00719	0.00525	0.00291	0.00827
5	0.01018	0.00755	0.00882	0.00814	0.01018	0.00759	0.00621	0.01596	0.20579	0.06110	0.39457	0.05722	0.16264	0.01090	0.00637	0.00184	0.00328	0.00940	0.00592	0.00635
6	0.00686	0.00490	0.00653	0.00784	0.00816	0.00457	0.00522	0.00784	0.01077	0.01437	0.03102	0.79855	0.03722	0.01763	0.00718	0.00229	0.00326	0.01600	0.00522	0.00457
7	0.77240	0.01241	0.07233	0.00812	0.01201	0.01266	0.00733	0.01665	0.00977	0.02463	0.00803	0.00937	0.00618	0.00523	0.00364	0.00174	0.00469	0.00314	0.00339	0.00628
8	0.00706	0.00511	0.00668	0.00757	0.00818	0.00473	0.00519	0.00839	0.01189	0.01602	0.17589	0.61042	0.07950	0.01625	0.00705	0.00216	0.00312	0.01464	0.00541	0.00473
9	0.05059	0.05161	0.01581	0.15114	0.01981	0.12269	0.02682	0.11138	0.23015	0.07064	0.01446	0.01537	0.01091	0.00666	0.00629	0.00178	0.06149	0.00508	0.00423	0.02309
10	0.01230	0.01154	0.01833	0.50534	0.20930	0.03413	0.03385	0.05173	0.01258	0.01666	0.01057	0.01473	0.00818	0.00555	0.00557	0.00179	0.00722	0.00502	0.02856	0.00706
11	0.01857	0.26901	0.02040	0.01282	0.03346	0.27893	0.01044	0.20196	0.06908	0.01980	0.01066	0.01148	0.00855	0.00584	0.00481	0.00147	0.00738	0.00401	0.00362	0.00773
12	0.02525	0.00958	0.01306	0.01001	0.01437	0.00827	0.00827	0.02743	0.01611	0.77102	0.02220	0.01915	0.01393	0.00697	0.00566	0.00174	0.00479	0.00566	0.00697	0.00958
13	0.01706	0.01358	0.01423	0.01198	0.01565	0.03140	0.00954	0.27578	0.46585	0.05262	0.01936	0.01814	0.01425	0.00727	0.00568	0.00182	0.00518	0.00584	0.00567	0.00911
14	0.01431	0.01303	0.02210	0.06903	0.69705	0.01309	0.01677	0.01762	0.01290	0.05383	0.01111	0.01423	0.00908	0.00514	0.00558	0.00168	0.00663	0.00504	0.00297	0.00882
15	0.06513	0.10606	0.42255	0.01534	0.06395	0.04987	0.04849	0.03460	0.01285	0.11372	0.01135	0.01255	0.00816	0.00549	0.00515	0.00169	0.00738	0.00431	0.00317	0.00817
16	0.01148	0.06870	0.73515	0.01571	0.02385	0.01354	0.02022	0.01777	0.01186	0.01759	0.00998	0.01174	0.00713	0.00532	0.00526	0.00175	0.00820	0.00410	0.00238	0.00826
17	0.00692	0.00571	0.00607	0.00598	0.00777	0.00486	0.00449	0.00859	0.01346	0.01670	0.20077	0.05169	0.62014	0.01369	0.00665	0.00187	0.00281	0.01153	0.00542	0.00486
18	0.01393	0.01337	0.02284	0.03454	0.76712	0.01337	0.01727	0.01727	0.01281	0.01839	0.01059	0.01393	0.00891	0.00501	0.00557	0.00167	0.00669	0.00501	0.00279	0.00891
19	0.01421	0.11340	0.37092	0.01556	0.03583	0.01346	0.14061	0.01953	0.05024	0.12852	0.03591	0.01461	0.01035	0.00572	0.00547	0.00173	0.00733	0.00498	0.00343	0.00820
20	0.02511	0.00980	0.01320	0.01012	0.01448	0.00860	0.00836	0.05363	0.01648	0.74428	0.02189	0.01895	0.01377	0.00696	0.00566	0.00174	0.00484	0.00564	0.00692	0.00958
21	0.00817	0.00549	0.00632	0.00632	0.00638	0.00555	0.00363	0.00830	0.00824	0.01104	0.01757	0.03592	0.02007	0.75530	0.07503	0.00568	0.00605	0.00805	0.00339	0.00351
22	0.01106	0.01045	0.01767	0.68920	0.13485	0.01262	0.01585	0.01476	0.01146	0.01491	0.01008	0.01486	0.00769	0.00555	0.00562	0.00185	0.00739	0.00500	0.00254	0.00660
23	0.01300	0.01272	0.01984	0.33077	0.41847	0.05362	0.01605	0.01676	0.03333	0.01670	0.01060	0.01435	0.00850	0.00537	0.00557	0.00175	0.00713	0.00497	0.00276	0.00774
24	0.00968	0.00708	0.00881	0.05015	0.01133	0.00724	0.00666	0.13631	0.01360	0.01824	0.02720	0.57652	0.05021	0.01468	0.00672	0.00212	0.00397	0.01308	0.03088	0.00555
25	0.02525	0.00958	0.01306	0.01001	0.01437	0.00827	0.00827	0.02743	0.01611	0.77102	0.02220	0.01915	0.01393	0.00697	0.00566	0.00174	0.00479	0.00566	0.00697	0.00958
26	0.00789	0.00585	0.00780	0.00900	0.04421	0.00555	0.00618	0.00951	0.01215	0.01629	0.17463	0.35120	0.09888	0.09464	0.00922	0.00249	0.00381	0.13066	0.00511	0.00492
27	0.01286	0.01715	0.20294	0.12481	0.37374	0.04088	0.08884	0.01703	0.01249	0.01742	0.01097	0.03540	0.00899	0.00553	0.00566	0.00176	0.00749	0.00522	0.00273	0.00809
28	0.00907	0.10725	0.00989	0.00742	0.00839	0.00798	0.00531	0.01002	0.00912	0.01244	0.01636	0.06239	0.01746	0.41701	0.23216	0.00558	0.00797	0.00714	0.04256	0.00448
29	0.01231	0.01231	0.01724	0.01477	0.01477	0.01724	0.01231	0.01354	0.00862	0.01354	0.00739	0.01231	0.00739	0.00985	0.01847	0.00246	0.79192	0.00492	0.00246	0.00616
30	0.01167	0.01000	0.01167	0.00834	0.01334	0.00750	0.00667	0.01417	0.01167	0.01834	0.01000	0.01167	0.00834	0.00417	0.00417	0.00083	0.00417	0.00333	0.00333	0.83663
31	0.01505	0.80561	0.02949	0.00963	0.01444	0.02227	0.00963	0.01685	0.01143	0.01324	0.00782	0.00903	0.00722	0.00481	0.00361	0.00120	0.00602	0.00301	0.00241	0.00722
32	0.01291	0.01233	0.02099	0.26821	0.54144	0.01310	0.01676	0.01637	0.01233	0.01714	0.01040	0.01426	0.00848	0.00520	0.00559	0.00173	0.00694	0.00501	0.00270	0.00809
33	0.01231	0.01231	0.01724	0.01477	0.01477	0.01724	0.01231	0.01354	0.00862	0.01354	0.00739	0.01231	0.00739	0.00985	0.01847	0.00246	0.79192	0.00492	0.00246	0.00616
34	0.02085	0.01194	0.01402	0.01106	0.01503	0.01224	0.00902	0.33069	0.07544	0.32173	0.08358	0.03657	0.01628	0.00756	0.00577	0.00175	0.00514	0.00609	0.00620	0.00904
35	0.03811	0.01417	0.02503	0.01884	0.02253	0.03757	0.39794	0.05049	0.01265	0.07081	0.01087	0.01420	0.00851	0.00657	0.00994	0.00203	0.24347	0.00579	0.00317	0.00732
36	0.02103	0.01621	0.05258	0.01301	0.01769	0.01697	0.01110	0.69233	0.02546	0.05650	0.01361	0.01360	0.00958	0.00670	0.00562	0.00169	0.00625	0.00504	0.00552	0.00951
37	0.01686	0.01294	0.01429	0.01089	0.01545	0.01291	0.00885	0.36359	0.09695	0.04611	0.01333	0.01371	0.00999	0.00583	0.00506	0.00137	0.00517	0.00453	0.00476	0.33741
38	0.01366	0.18561	0.10209	0.06037	0.29635	0.06145	0.08450	0.01683	0.01234	0.01628	0.01189	0.01442	0.04386	0.00577	0.00598	0.00166	0.05156	0.00488	0.00276	0.00773
39	0.01709	0.01315	0.08068	0.02815	0.01766	0.01213	0.11017	0.16352	0.03489	0.22396	0.07217	0.04582	0.01456	0.00741	0.00725	0.00182	0.09356	0.00609	0.00485	0.04507

[dist]
# distance from previous block
# <min> <max>
0	1

[block]
# block no. 1 follows, 42 sequences, length 36
# corresponding to MSA columns:
# 69-104
name=unknown_B
#
# <colnr> <probs for GDERKNQSTAVLIFYWHMCP>
#	G	D	E	R	K	N	Q	S	T	A	V	L	I	F	Y	W	H	M	C	P
0	0.01195	0.00698	0.00890	0.00801	0.01003	0.00647	0.00613	0.05664	0.01560	0.17150	0.41131	0.14462	0.09646	0.01141	0.00646	0.00184	0.00339	0.00994	0.00610	0.00627
1	0.01169	0.01120	0.01922	0.53552	0.21934	0.01286	0.05872	0.01572	0.03108	0.01583	0.01056	0.01490	0.00817	0.00547	0.00567	0.00183	0.00734	0.00514	0.00268	0.00706
2	0.01431	0.27978	0.34110	0.04320	0.02002	0.01541	0.04240	0.01832	0.01222	0.11331	0.01133	0.02841	0.00873	0.00572	0.00519	0.00162	0.02361	0.00436	0.00306	0.00789
3	0.10515	0.13543	0.01694	0.06160	0.01711	0.25530	0.01008	0.22620	0.01706	0.04993	0.01148	0.04815	0.00945	0.00645	0.00500	0.00159	0.00711	0.00462	0.00390	0.00746
4	0.02472	0.01003	0.01330	0.01024	0.01457	0.00900	0.00844	0.07335	0.03527	0.70555	0.02167	0.01884	0.01373	0.00697	0.00566	0.00174	0.00487	0.00564	0.00685	0.00956
5	0.06355	0.01102	0.01190	0.01041	0.01361	0.01210	0.00819	0.08265	0.44937	0.12022	0.05855	0.04032	0.07704	0.00826	0.00573	0.00186	0.00439	0.00680	0.00572	0.00829
6	0.00878	0.00702	0.00977	0.15494	0.01474	0.00763	0.00784	0.04429	0.01218	0.01638	0.12700	0.41060	0.05725	0.03324	0.00802	0.00219	0.05666	0.01153	0.00464	0.00530
7	0.01144	0.01081	0.01863	0.54133	0.18736	0.01243	0.06253	0.01511	0.01176	0.01570	0.01093	0.01611	0.00865	0.00570	0.00568	0.00183	0.00726	0.02206	0.02784	0.00683
8	0.00818	0.00546	0.00614	0.00614	0.00614	0.00546	0.00341	0.00818	0.00818	0.01091	0.01773	0.03683	0.02046	0.80222	0.02864	0.00546	0.00546	0.00818	0.00341	0.00341
9	0.01331	0.01274	0.02172	0.17616	0.63034	0.01321	0.01696	0.01673	0.01252	0.01763	0.01048	0.01413	0.00865	0.00513	0.00558	0.00171	0.00684	0.00501	0.00273	0.00841
10	0.01245	0.01399	0.04296	0.03728	0.06093	0.01312	0.57688	0.01661	0.01276	0.01741	0.01343	0.10492	0.01177	0.00642	0.00697	0.00195	0.03231	0.00751	0.00309	0.00725
11	0.01344	0.00692	0.00912	0.00802	0.01028	0.00618	0.00620	0.01570	0.01531	0.26661	0.40634	0.10450	0.08676	0.01076	0.00637	0.00182	0.00342	0.00934	0.00629	0.00660
12	0.02098	0.01536	0.01645	0.01266	0.01704	0.01699	0.01044	0.72040	0.02590	0.03492	0.01370	0.01380	0.00975	0.00675	0.00557	0.00167	0.00606	0.00507	0.03710	0.00941
13	0.01177	0.12941	0.67702	0.01521	0.02308	0.01426	0.01935	0.01770	0.01182	0.01723	0.00981	0.01151	0.00714	0.00528	0.00512	0.00171	0.00802	0.00401	0.00238	0.00818
14	0.02525	0.00958	0.01306	0.01001	0.01437	0.00827	0.00827	0.02743	0.01611	0.77102	0.02220	0.01915	0.01393	0.00697	0.00566	0.00174	0.00479	0.00566	0.00697	0.00958
15	0.00804	0.00603	0.00904	0.00904	0.01005	0.00703	0.00703	0.01005	0.00904	0.01306	0.01507	0.02211	0.01407	0.04221	0.77992	0.00904	0.01507	0.00603	0.00301	0.00502
16	0.05068	0.13597	0.48776	0.04172	0.02256	0.01474	0.08013	0.01722	0.01158	0.01711	0.00958	0.01177	0.00725	0.00555	0.00607	0.00176	0.06408	0.00424	0.00248	0.00777
17	0.00833	0.00637	0.00772	0.00727	0.00888	0.00607	0.00549	0.01208	0.08819	0.02140	0.57027	0.04205	0.17142	0.01160	0.00655	0.00181	0.00287	0.01009	0.00598	0.00557
18	0.00686	0.00490	0.00653	0.00784	0.00816	0.00457	0.00522	0.00784	0.01077	0.01437	0.03102	0.79855	0.03722	0.01763	0.00718	0.00229	0.00326	0.01600	0.00522	0.00457
19	0.11335	0.01123	0.01062	0.00927	0.01218	0.07234	0.00738	0.22304	0.04994	0.02289	0.06420	0.03205	0.28948	0.00999	0.00587	0.00182	0.00477	0.04791	0.00501	0.00667
20	0.01505	0.80561	0.02949	0.00963	0.01444	0.02227	0.00963	0.01685	0.01143	0.01324	0.00782	0.00903	0.00722	0.00481	0.00361	0.00120	0.00602	0.00301	0.00241	0.00722
21	0.01525	0.73042	0.05698	0.01016	0.01499	0.06631	0.01013	0.01722	0.01172	0.01345	0.00796	0.00920	0.00722	0.00489	0.00376	0.00124	0.00635	0.00309	0.00243	0.00722
22	0.01090	0.00986	0.01601	0.58127	0.06300	0.01181	0.02908	0.04789	0.01197	0.01572	0.01283	0.10787	0.01134	0.00716	0.00605	0.00191	0.02256	0.00635	0.02010	0.00632
23	0.01310	0.01241	0.02104	0.12387	0.62438	0.01270	0.01635	0.01639	0.01256	0.01770	0.01194	0.04277	0.01060	0.00592	0.00572	0.00175	0.00661	0.03294	0.00293	0.00830
24	0.01063	0.01000	0.01688	0.78870	0.03876	0.01250	0.01563	0.01438	0.01125	0.01438	0.01000	0.01500	0.00750	0.00563	0.00563	0.00188	0.00750	0.00500	0.00250	0.00625
25	0.04398	0.00954	0.01251	0.00973	0.01384	0.00848	0.00800	0.05690	0.01620	0.65325	0.04600	0.02140	0.05875	0.00748	0.00569	0.00175	0.00466	0.00607	0.00669	0.00908
26	0.05453	0.43426	0.12020	0.01115	0.01588	0.07396	0.01097	0.07691	0.01322	0.07934	0.01036	0.02900	0.00860	0.00579	0.00489	0.00148	0.03476	0.00396	0.00320	0.00755
27	0.00804	0.00603	0.00904	0.00904	0.01005	0.00703	0.00703	0.01005	0.00904	0.01306	0.01507	0.02211	0.01407	0.04221	0.77992	0.00904	0.01507	0.00603	0.00301	0.00502
28	0.01883	0.31205	0.02091	0.01271	0.01632	0.50225	0.01042	0.02041	0.01429	0.01358	0.00838	0.00974	0.00724	0.00544	0.00454	0.00136	0.00864	0.00340	0.00272	0.00678
29	0.01025	0.00771	0.01019	0.15578	0.05890	0.02507	0.00793	0.02598	0.01183	0.07563	0.02736	0.22648	0.17373	0.13176	0.02406	0.00262	0.00506	0.00975	0.00435	0.00556
30	0.14368	0.01108	0.01410	0.40167	0.04472	0.05858	0.01181	0.03426	0.05784	0.04657	0.06107	0.01773	0.04631	0.00661	0.00561	0.00182	0.02112	0.00537	0.00349	0.00655
31	0.01523	0.01146	0.01443	0.19072	0.01998	0.02976	0.03597	0.28185	0.04164	0.06659	0.01640	0.09132	0.03833	0.02506	0.00758	0.06862	0.00596	0.00648	0.02543	0.00720
32	0.06682	0.07803	0.01639	0.25958	0.02280	0.13548	0.01154	0.21671	0.01584	0.02051	0.01099	0.01374	0.00862	0.00975	0.08741	0.00246	0.00805	0.00463	0.00353	0.00714
33	0.19756	0.01456	0.01386	0.04630	0.01595	0.11161	0.00942	0.32739	0.03491	0.02602	0.01154	0.01294	0.00885	0.00850	0.05402	0.00213	0.03659	0.00446	0.02134	0.04205
34	0.14903	0.07606	0.01443	0.01094	0.02787	0.03237	0.00880	0.26268	0.03127	0.13874	0.05752	0.01657	0.01280	0.04219	0.06032	0.00237	0.03840	0.00515	0.00474	0.00777
35	0.21050	0.01405	0.03273	0.08491	0.03529	0.11783	0.02328	0.17946	0.03390	0.07371	0.01201	0.01347	0.00904	0.00691	0.02333	0.00184	0.02592	0.00446	0.07090	0.02644

[dist]
# distance from previous block
# <min> <max>
24	53

[block]
# block no. 2 follows, 42 sequences, length 22
# corresponding to MSA columns:
# 165-186
name=unknown_C
#
# <colnr> <probs for GDERKNQSTAVLIFYWHMCP>
#	G	D	E	R	K	N	Q	S	T	A	V	L	I	F	Y	W	H	M	C	P
0	0.01407	0.01110	0.01127	0.00986	0.01215	0.07465	0.00745	0.24045	0.09101	0.03177	0.02057	0.08243	0.09623	0.13819	0.04248	0.09232	0.00584	0.00717	0.00455	0.00641
1	0.04280	0.21044	0.02142	0.14550	0.19466	0.10336	0.06597	0.03831	0.01295	0.05456	0.01171	0.01433	0.02993	0.02464	0.00563	0.00168	0.00693	0.00471	0.00306	0.00739
2	0.00865	0.00564	0.00719	0.00726	0.00770	0.00569	0.00483	0.02807	0.00968	0.01303	0.06826	0.13425	0.04518	0.32623	0.10180	0.19023	0.00581	0.02287	0.00373	0.00389
3	0.06781	0.17482	0.48553	0.01466	0.02132	0.01513	0.06506	0.01731	0.01154	0.01720	0.00943	0.01139	0.00719	0.00546	0.00576	0.00172	0.05432	0.00407	0.00249	0.00778
4	0.01300	0.00970	0.01100	0.01063	0.04866	0.04568	0.00784	0.17208	0.02847	0.06982	0.10276	0.06463	0.12096	0.11330	0.04706	0.00272	0.00554	0.11476	0.00496	0.00643
5	0.03811	0.01013	0.11262	0.00940	0.01220	0.00768	0.00831	0.03247	0.04634	0.15480	0.15023	0.20480	0.08303	0.04999	0.00740	0.00213	0.00448	0.05422	0.00520	0.00647
6	0.00892	0.00564	0.00727	0.00760	0.00825	0.00551	0.00515	0.00986	0.01031	0.06921	0.04499	0.34369	0.02745	0.29281	0.09758	0.00407	0.00546	0.03710	0.00451	0.00463
7	0.04353	0.01122	0.01785	0.52062	0.13107	0.01304	0.04882	0.09371	0.01311	0.01776	0.01096	0.03391	0.00864	0.00591	0.00562	0.00183	0.00712	0.00529	0.00300	0.00698
8	0.01090	0.00650	0.00833	0.00779	0.00906	0.00652	0.00558	0.02800	0.01090	0.12992	0.06565	0.05133	0.07062	0.32199	0.23678	0.00528	0.00772	0.00769	0.00423	0.00519
9	0.00953	0.00592	0.00788	0.00845	0.00957	0.00555	0.00636	0.01114	0.01227	0.09682	0.09382	0.40310	0.06143	0.05635	0.00822	0.00241	0.00394	0.18660	0.00539	0.00527
10	0.01451	0.01495	0.09482	0.01220	0.01599	0.05741	0.01039	0.06750	0.59501	0.02303	0.02021	0.01899	0.01512	0.00724	0.00564	0.00186	0.00529	0.00590	0.00520	0.00875
11	0.03784	0.01233	0.01702	0.14743	0.02130	0.01357	0.12730	0.09659	0.35010	0.08936	0.01743	0.01780	0.01278	0.00661	0.00578	0.00186	0.00598	0.00589	0.00475	0.00829
12	0.01106	0.01045	0.01767	0.68915	0.13490	0.01262	0.01585	0.01476	0.01146	0.01491	0.01008	0.01486	0.00769	0.00555	0.00562	0.00185	0.00739	0.00500	0.00254	0.00660
13	0.16685	0.05185	0.09563	0.11128	0.01837	0.01211	0.01057	0.11356	0.03447	0.30872	0.01496	0.01488	0.01017	0.00619	0.00513	0.00173	0.00567	0.00476	0.00485	0.00825
14	0.00969	0.00702	0.00873	0.00970	0.08878	0.00712	0.00549	0.05981	0.01031	0.01396	0.05320	0.03303	0.02007	0.62358	0.02352	0.00461	0.00550	0.00773	0.00363	0.00451
15	0.00800	0.00519	0.00694	0.00797	0.00855	0.00480	0.00541	0.00906	0.01111	0.06156	0.03047	0.74994	0.03577	0.01697	0.00709	0.00225	0.00336	0.01535	0.00533	0.00488
16	0.00712	0.00530	0.00672	0.02305	0.00872	0.00493	0.00532	0.00837	0.01148	0.01500	0.08293	0.52089	0.17891	0.05464	0.00809	0.00234	0.00341	0.04298	0.00514	0.00466
17	0.01996	0.02453	0.01571	0.01416	0.01690	0.66632	0.01074	0.05693	0.01576	0.01479	0.00919	0.01102	0.00771	0.00786	0.04449	0.00189	0.04854	0.00388	0.00302	0.00658
18	0.01123	0.00677	0.00859	0.00840	0.01004	0.00648	0.00620	0.01440	0.09300	0.15276	0.17486	0.35287	0.06523	0.03372	0.00720	0.00212	0.00364	0.03072	0.00573	0.00608
19	0.19766	0.00975	0.01093	0.00901	0.01249	0.00972	0.00723	0.07363	0.07423	0.35162	0.03776	0.02208	0.09409	0.05711	0.00675	0.00200	0.00456	0.00603	0.00559	0.00777
20	0.00799	0.00543	0.00644	0.00659	0.00676	0.00543	0.00397	0.00837	0.00895	0.01206	0.05486	0.13850	0.02387	0.61180	0.07157	0.00508	0.00563	0.00919	0.00376	0.00376
21	0.02180	0.00907	0.01194	0.00941	0.01309	0.00807	0.00756	0.05296	0.01551	0.59908	0.04642	0.02326	0.05251	0.09289	0.00821	0.00215	0.00475	0.00635	0.00642	0.00854

[dist]
# distance from previous block
# <min> <max>
0	11

[block]
# block no. 3 follows, 42 sequences, length 24
# corresponding to MSA columns:
# 198-221
name=unknown_D
#
# <colnr> <probs for GDERKNQSTAVLIFYWHMCP>
#	G	D	E	R	K	N	Q	S	T	A	V	L	I	F	Y	W	H	M	C	P
0	0.55760	0.01226	0.01106	0.00917	0.01300	0.01383	0.00757	0.23321	0.01490	0.06667	0.01025	0.01095	0.00752	0.00577	0.00423	0.00173	0.00492	0.00378	0.00430	0.00730
1	0.09229	0.00799	0.00977	0.00822	0.01103	0.00740	0.00642	0.01837	0.02671	0.35231	0.18845	0.02927	0.10652	0.10017	0.00843	0.00220	0.00413	0.00742	0.00585	0.00705
2	0.00915	0.00568	0.00718	0.00762	0.00867	0.00518	0.00533	0.01029	0.01152	0.10130	0.03292	0.47519	0.15624	0.10235	0.00930	0.00252	0.00367	0.03559	0.00522	0.00507
3	0.00755	0.00519	0.00678	0.00768	0.00823	0.00497	0.00523	0.00864	0.01067	0.02985	0.02924	0.59619	0.06711	0.07741	0.07841	0.00307	0.00449	0.01377	0.03088	0.00466
4	0.49947	0.01057	0.00947	0.00809	0.01142	0.01155	0.00647	0.10730	0.02786	0.02421	0.01099	0.03265	0.00926	0.05896	0.00568	0.00187	0.00451	0.00420	0.05355	0.10192
5	0.55973	0.00978	0.00899	0.00796	0.01118	0.01062	0.00640	0.01750	0.01119	0.17075	0.03630	0.10298	0.01265	0.00719	0.00443	0.00180	0.00426	0.00527	0.00445	0.00658
6	0.01393	0.00812	0.00984	0.00894	0.01121	0.00805	0.00689	0.01853	0.16897	0.21969	0.07635	0.05426	0.08486	0.17413	0.01091	0.00269	0.00456	0.10584	0.00548	0.00673
7	0.01113	0.00688	0.00866	0.00804	0.00976	0.00668	0.00599	0.03215	0.06329	0.13357	0.27964	0.13763	0.08704	0.10316	0.07793	0.00292	0.00471	0.00943	0.00547	0.00593
8	0.01052	0.00636	0.00783	0.00722	0.00879	0.00586	0.00524	0.01252	0.02961	0.13229	0.32165	0.07186	0.14843	0.19346	0.01156	0.00266	0.00372	0.00947	0.00547	0.00548
9	0.00978	0.00636	0.00735	0.00695	0.00897	0.00560	0.00526	0.01188	0.03526	0.12531	0.16238	0.13044	0.43757	0.01295	0.00654	0.00190	0.00319	0.01101	0.00565	0.00564
10	0.01465	0.57180	0.18197	0.01192	0.03586	0.07193	0.01221	0.01745	0.01187	0.01435	0.00842	0.00982	0.00725	0.00500	0.00412	0.00135	0.00679	0.00334	0.00244	0.00744
11	0.08782	0.01099	0.04482	0.14143	0.07047	0.02401	0.01057	0.04922	0.15532	0.10799	0.01814	0.02355	0.03390	0.01178	0.09485	0.00273	0.00675	0.09407	0.00435	0.00724
12	0.18213	0.01303	0.01322	0.01062	0.01443	0.01437	0.00868	0.45534	0.05286	0.02997	0.01800	0.01796	0.09635	0.00734	0.00525	0.00172	0.00522	0.00551	0.03987	0.00811
13	0.31178	0.01153	0.09823	0.15801	0.03428	0.01067	0.00980	0.02965	0.01126	0.04296	0.03707	0.05130	0.07856	0.00819	0.00619	0.05890	0.00534	0.02655	0.00359	0.00614
14	0.06496	0.15565	0.35059	0.01442	0.06794	0.01332	0.04515	0.01789	0.01223	0.11436	0.01309	0.08295	0.01083	0.00651	0.00521	0.00172	0.00671	0.00531	0.00334	0.00783
15	0.02115	0.01218	0.08129	0.01096	0.01535	0.01037	0.00961	0.11541	0.10884	0.47859	0.03785	0.04239	0.01482	0.00731	0.00571	0.00178	0.00514	0.00596	0.00616	0.00913
16	0.00712	0.00521	0.00649	0.00733	0.00799	0.00482	0.00501	0.00822	0.01119	0.01463	0.07027	0.51097	0.16459	0.10695	0.00956	0.00257	0.00349	0.04399	0.00506	0.00453
17	0.00978	0.00489	0.00733	0.00733	0.00733	0.00489	0.00489	0.00733	0.00733	0.00978	0.00978	0.01711	0.00978	0.01955	0.02199	0.83627	0.00489	0.00489	0.00244	0.00244
18	0.01384	0.01426	0.05312	0.11039	0.50247	0.06364	0.01545	0.03340	0.01299	0.01800	0.01037	0.01343	0.00852	0.00509	0.00537	0.00159	0.00677	0.00469	0.00287	0.10373
19	0.00934	0.00719	0.01039	0.03522	0.09873	0.00718	0.00945	0.01179	0.01260	0.01650	0.02868	0.09850	0.08204	0.03867	0.00799	0.00249	0.00515	0.50780	0.00478	0.00552
20	0.01478	0.01626	0.01956	0.13527	0.02219	0.21716	0.16698	0.04003	0.01287	0.01592	0.00948	0.01272	0.00779	0.00629	0.00838	0.00177	0.18263	0.00478	0.00286	0.10227
21	0.01983	0.02489	0.01606	0.10361	0.01986	0.69133	0.01142	0.02154	0.01541	0.01384	0.00885	0.01071	0.00728	0.00578	0.00514	0.00150	0.00984	0.00378	0.00285	0.00649
22	0.01928	0.01453	0.01575	0.01201	0.01657	0.01541	0.00986	0.58392	0.04572	0.03178	0.01311	0.01338	0.00956	0.00628	0.00535	0.00153	0.00575	0.00477	0.00519	0.17025
23	0.80617	0.01167	0.04123	0.00777	0.01146	0.01264	0.00673	0.01660	0.00968	0.02493	0.00793	0.00926	0.00614	0.00523	0.00356	0.00174	0.00452	0.00310	0.00343	0.00619

[dist]
# distance from previous block
# <min> <max>
0	9

[block]
# block no. 4 follows, 42 sequences, length 11
# corresponding to MSA columns:
# 231-235,242-247
name=unknown_E
#
# <colnr> <probs for GDERKNQSTAVLIFYWHMCP>
#	G	D	E	R	K	N	Q	S	T	A	V	L	I	F	Y	W	H	M	C	P
0	0.01074	0.00935	0.01579	0.01939	0.29658	0.00909	0.08841	0.01297	0.01246	0.01741	0.16430	0.18634	0.02373	0.01050	0.00799	0.09075	0.00527	0.00853	0.00395	0.00645
1	0.01596	0.01240	0.01239	0.01063	0.01327	0.09333	0.00824	0.35964	0.01842	0.02439	0.01645	0.16755	0.01524	0.01033	0.00771	0.10440	0.00551	0.00704	0.09015	0.00695
2	0.00810	0.00767	0.07518	0.00789	0.00921	0.00627	0.00622	0.00964	0.01028	0.01405	0.10139	0.12743	0.09435	0.31657	0.17659	0.00476	0.00691	0.00890	0.00393	0.00466
3	0.09913	0.12430	0.28004	0.10815	0.02054	0.01264	0.07853	0.01519	0.01160	0.01698	0.01627	0.09695	0.08245	0.00736	0.00538	0.00178	0.00655	0.00616	0.00312	0.00689
4	0.18934	0.11745	0.23678	0.01075	0.01538	0.01272	0.01109	0.09130	0.01317	0.05350	0.10369	0.01750	0.01439	0.08210	0.00715	0.00204	0.00584	0.00506	0.00372	0.00705
5	0.01615	0.01169	0.09489	0.01171	0.01546	0.00955	0.09955	0.08818	0.03299	0.27326	0.10933	0.09139	0.01972	0.08994	0.00837	0.00220	0.00554	0.00731	0.00520	0.00758
6	0.01157	0.00882	0.01075	0.00998	0.01194	0.00942	0.00819	0.18011	0.01619	0.02172	0.18107	0.07085	0.12096	0.01210	0.00783	0.00210	0.07456	0.23035	0.00526	0.00622
7	0.11700	0.08665	0.14925	0.11433	0.03561	0.16866	0.01214	0.02106	0.16833	0.05596	0.01262	0.01367	0.00956	0.00597	0.00505	0.00169	0.00687	0.00448	0.00358	0.00751
8	0.01351	0.08649	0.01463	0.10656	0.03105	0.03744	0.00944	0.20979	0.02835	0.02025	0.01434	0.09838	0.01298	0.01547	0.18472	0.00334	0.00798	0.00604	0.00390	0.09534
9	0.01126	0.01198	0.16009	0.08642	0.09560	0.00874	0.01087	0.01435	0.01268	0.10931	0.08840	0.06101	0.20355	0.01260	0.08574	0.00257	0.00627	0.00765	0.00422	0.00669
10	0.02814	0.04573	0.19182	0.01443	0.12048	0.02397	0.03590	0.09232	0.01527	0.02162	0.31978	0.02463	0.02653	0.00794	0.00587	0.00173	0.00544	0.00685	0.00439	0.00716

[dist]
# distance from previous block
# <min> <max>
7	116

# created by:
# /st0/software/busco_prod/Augustus/scripts/msa2prfl.pl ./align_prep/210791.fa
