[name]
unknown

[dist]
# distance from previous block
# <min> <max>
11	63

[block]
# block no. 0 follows, 46 sequences, length 17
# corresponding to MSA columns:
# 86-96,98-103
name=unknown_A
#
# <colnr> <probs for GDERKNQSTAVLIFYWHMCP>
#	G	D	E	R	K	N	Q	S	T	A	V	L	I	F	Y	W	H	M	C	P
0	0.01505	0.01129	0.01256	0.00974	0.01372	0.01116	0.00785	0.29209	0.11704	0.06926	0.03170	0.01585	0.04031	0.02359	0.00534	0.00142	0.00463	0.00479	0.00456	0.30807
1	0.00655	0.00480	0.00616	0.00701	0.00763	0.00441	0.00480	0.00773	0.01100	0.01459	0.12932	0.61347	0.13228	0.01541	0.00662	0.00204	0.00294	0.01382	0.00503	0.00441
2	0.00864	0.00574	0.00711	0.00724	0.00840	0.00534	0.00513	0.04370	0.01192	0.07237	0.13103	0.42817	0.13778	0.07610	0.00795	0.00217	0.00334	0.01176	0.00500	0.02112
3	0.01363	0.59202	0.20175	0.01068	0.01586	0.06133	0.01152	0.01633	0.01107	0.01346	0.00789	0.00916	0.00677	0.00469	0.00384	0.00127	0.00636	0.00311	0.00228	0.00699
4	0.00766	0.00629	0.00968	0.00938	0.01022	0.00641	0.08354	0.00901	0.01018	0.01385	0.05338	0.55409	0.02861	0.06201	0.03963	0.00253	0.07231	0.01223	0.00431	0.00469
5	0.02004	0.00930	0.01175	0.00945	0.01298	0.00883	0.00764	0.10019	0.09906	0.52033	0.03662	0.07259	0.01530	0.00735	0.00537	0.00167	0.00437	0.00607	0.04273	0.00834
6	0.00648	0.00467	0.00614	0.00724	0.00765	0.00433	0.00487	0.00748	0.01041	0.01385	0.06145	0.74504	0.06847	0.01618	0.00670	0.00211	0.00303	0.01463	0.00495	0.00433
7	0.01756	0.01377	0.01552	0.01219	0.01588	0.05952	0.07410	0.49793	0.06679	0.04580	0.01399	0.04503	0.01098	0.04568	0.00639	0.00178	0.00590	0.00544	0.03774	0.00801
8	0.01894	0.01394	0.01446	0.01141	0.01523	0.05235	0.00930	0.56760	0.08334	0.07417	0.01401	0.01395	0.01005	0.00637	0.00515	0.00157	0.00553	0.00484	0.06930	0.00849
9	0.00653	0.00492	0.00598	0.00664	0.00746	0.00444	0.00458	0.00768	0.01105	0.01432	0.10529	0.48390	0.25648	0.04593	0.00733	0.00211	0.00298	0.01309	0.00493	0.00437
10	0.00879	0.00683	0.00785	0.00816	0.00933	0.03599	0.00578	0.04466	0.07707	0.03123	0.04786	0.58951	0.02949	0.01374	0.00628	0.00196	0.00360	0.01228	0.00484	0.05476
11	0.01128	0.01072	0.01820	0.47992	0.34786	0.01209	0.01533	0.01464	0.01118	0.01508	0.00963	0.01367	0.00760	0.00504	0.00526	0.00168	0.00673	0.00470	0.00246	0.00692
12	0.01198	0.01144	0.01947	0.30514	0.51714	0.01227	0.01568	0.01526	0.01152	0.01594	0.00975	0.01344	0.00790	0.00491	0.00525	0.00164	0.00655	0.00471	0.00252	0.00749
13	0.01321	0.61032	0.22667	0.01062	0.01601	0.01865	0.01179	0.01607	0.01085	0.01357	0.00791	0.00918	0.00676	0.00465	0.00382	0.00127	0.00622	0.00311	0.00225	0.00705
14	0.00733	0.00503	0.00596	0.00627	0.00644	0.00496	0.00380	0.00768	0.00847	0.01128	0.02087	0.22573	0.04848	0.55610	0.05546	0.00443	0.00494	0.00952	0.00366	0.00358
15	0.01185	0.00915	0.01093	0.00822	0.01232	0.00739	0.00653	0.03305	0.01149	0.07891	0.01206	0.08171	0.01063	0.00547	0.00473	0.00104	0.02915	0.00444	0.00359	0.65733
16	0.00956	0.00739	0.00907	0.00878	0.00987	0.00804	0.00649	0.12414	0.04555	0.01715	0.07481	0.42788	0.05798	0.06281	0.00892	0.00220	0.09853	0.01085	0.00463	0.00535

[dist]
# distance from previous block
# <min> <max>
0	2

[block]
# block no. 1 follows, 46 sequences, length 13
# corresponding to MSA columns:
# 106-118
name=unknown_B
#
# <colnr> <probs for GDERKNQSTAVLIFYWHMCP>
#	G	D	E	R	K	N	Q	S	T	A	V	L	I	F	Y	W	H	M	C	P
0	0.01286	0.01233	0.02104	0.08923	0.72624	0.01250	0.01611	0.01602	0.01193	0.01699	0.00990	0.01316	0.00828	0.00475	0.00524	0.00158	0.00634	0.00471	0.00260	0.00819
1	0.00957	0.00684	0.00838	0.00777	0.00969	0.00622	0.00575	0.04410	0.01147	0.07412	0.02567	0.38141	0.12897	0.03282	0.00685	0.00182	0.03585	0.01008	0.00451	0.18811
2	0.01262	0.01134	0.01695	0.01338	0.01627	0.03493	0.19222	0.11496	0.01272	0.04756	0.01372	0.16108	0.01306	0.00802	0.00815	0.00177	0.17652	0.00673	0.00359	0.13441
3	0.00647	0.00472	0.00610	0.00712	0.00762	0.00434	0.00482	0.00751	0.01055	0.01394	0.06717	0.69540	0.11286	0.01596	0.00667	0.00209	0.00300	0.01437	0.00495	0.00434
4	0.00656	0.00487	0.00602	0.00676	0.00746	0.00444	0.00462	0.00766	0.01084	0.01416	0.09882	0.53049	0.20172	0.06013	0.00772	0.00219	0.00305	0.01328	0.00489	0.00433
5	0.01061	0.00853	0.00899	0.00814	0.01016	0.05168	0.00626	0.11929	0.07573	0.04474	0.22914	0.11404	0.24826	0.01074	0.00628	0.00175	0.02574	0.00900	0.00510	0.00582
6	0.00757	0.00507	0.00580	0.00592	0.00595	0.00505	0.00337	0.00766	0.00792	0.01056	0.01785	0.10902	0.02073	0.73773	0.02497	0.00484	0.00493	0.00839	0.00337	0.00331
7	0.00656	0.00491	0.00612	0.00693	0.00770	0.00446	0.00486	0.00776	0.01103	0.01433	0.08780	0.53676	0.21812	0.01529	0.00661	0.00204	0.00301	0.04633	0.00497	0.00441
8	0.01201	0.34185	0.48462	0.01267	0.01917	0.01572	0.01536	0.01638	0.01099	0.01503	0.00864	0.01009	0.00673	0.00482	0.00437	0.00146	0.00695	0.00348	0.00224	0.00740
9	0.01145	0.18603	0.56675	0.01420	0.02096	0.01422	0.05735	0.01643	0.01105	0.01575	0.00904	0.01080	0.00679	0.00503	0.00517	0.00159	0.03380	0.00384	0.00226	0.00750
10	0.01046	0.00938	0.01153	0.01009	0.01097	0.06920	0.06199	0.04950	0.00975	0.01301	0.01357	0.06591	0.01451	0.37482	0.05781	0.00374	0.19924	0.00666	0.00309	0.00477
11	0.06116	0.01005	0.01173	0.02577	0.01294	0.01073	0.03204	0.33788	0.01676	0.05828	0.03832	0.21507	0.01753	0.06341	0.02236	0.00210	0.00496	0.00765	0.04454	0.00674
12	0.01163	0.17565	0.12816	0.01064	0.01413	0.02676	0.04741	0.11204	0.03735	0.01697	0.01625	0.21668	0.03533	0.01017	0.04704	0.00200	0.02510	0.00707	0.00361	0.05602

[dist]
# distance from previous block
# <min> <max>
3	15

[block]
# block no. 2 follows, 46 sequences, length 14
# corresponding to MSA columns:
# 134-147
name=unknown_C
#
# <colnr> <probs for GDERKNQSTAVLIFYWHMCP>
#	G	D	E	R	K	N	Q	S	T	A	V	L	I	F	Y	W	H	M	C	P
0	0.01463	0.05482	0.14687	0.02740	0.01623	0.03980	0.02969	0.16141	0.01426	0.10921	0.02576	0.01270	0.00912	0.00545	0.00544	0.00138	0.05111	0.00415	0.00371	0.26687
1	0.01377	0.05586	0.10577	0.07689	0.07059	0.05457	0.01055	0.12655	0.09922	0.08546	0.01504	0.10380	0.02617	0.00711	0.00569	0.00162	0.03933	0.00576	0.00392	0.09233
2	0.18381	0.01061	0.01151	0.00980	0.01228	0.03679	0.02857	0.16873	0.08904	0.06453	0.05445	0.05822	0.04952	0.08483	0.02578	0.00223	0.09275	0.00587	0.00421	0.00647
3	0.00682	0.00490	0.00638	0.00730	0.00782	0.00458	0.00501	0.00788	0.01033	0.01380	0.05967	0.61977	0.05611	0.08486	0.00843	0.00236	0.00335	0.06402	0.00476	0.02183
4	0.15071	0.15472	0.03131	0.00947	0.01309	0.06870	0.00807	0.06366	0.06151	0.09766	0.01240	0.03031	0.03248	0.00592	0.00527	0.00142	0.06463	0.00420	0.00362	0.18082
5	0.03164	0.00931	0.01365	0.43544	0.06572	0.01064	0.01156	0.07640	0.05182	0.01659	0.03400	0.08048	0.05342	0.00720	0.00544	0.00174	0.00577	0.03692	0.00336	0.04887
6	0.00666	0.00475	0.00607	0.00698	0.00735	0.00446	0.00460	0.00751	0.01001	0.01330	0.05458	0.62376	0.07192	0.13996	0.00983	0.00257	0.00335	0.01350	0.00467	0.00416
7	0.00671	0.00501	0.00614	0.00660	0.00749	0.00455	0.00461	0.00806	0.01164	0.01536	0.21344	0.39246	0.22668	0.05682	0.00757	0.00210	0.00294	0.01235	0.00503	0.00444
8	0.01316	0.28922	0.41175	0.01232	0.01840	0.01501	0.01428	0.04007	0.05255	0.07191	0.01034	0.01127	0.00777	0.00512	0.00453	0.00149	0.00659	0.00378	0.00282	0.00762
9	0.05201	0.01038	0.01208	0.00995	0.01305	0.01103	0.00796	0.17715	0.19337	0.25870	0.08400	0.01953	0.01594	0.06027	0.00737	0.00193	0.04635	0.00574	0.00537	0.00781
10	0.00658	0.00473	0.00614	0.00712	0.00755	0.00440	0.00477	0.00759	0.01046	0.01394	0.08588	0.67091	0.07483	0.05878	0.00776	0.00225	0.00311	0.01402	0.00488	0.00430
11	0.01042	0.00942	0.01523	0.51635	0.14936	0.01094	0.01317	0.04979	0.01143	0.01508	0.01273	0.13839	0.01172	0.00701	0.00551	0.00178	0.00624	0.00632	0.00294	0.00618
12	0.03625	0.01176	0.01329	0.01054	0.01420	0.01238	0.00856	0.41304	0.07114	0.22329	0.04911	0.05132	0.03155	0.02149	0.00577	0.00171	0.00499	0.00579	0.00554	0.00830
13	0.00726	0.00539	0.00641	0.00636	0.00740	0.00502	0.00447	0.00909	0.03126	0.01641	0.34314	0.13332	0.20832	0.18033	0.01061	0.00248	0.00320	0.01010	0.00494	0.00450

[dist]
# distance from previous block
# <min> <max>
3	17

[block]
# block no. 3 follows, 46 sequences, length 19
# corresponding to MSA columns:
# 167-185
name=unknown_D
#
# <colnr> <probs for GDERKNQSTAVLIFYWHMCP>
#	G	D	E	R	K	N	Q	S	T	A	V	L	I	F	Y	W	H	M	C	P
0	0.01186	0.00885	0.01071	0.00937	0.01103	0.02720	0.00725	0.13600	0.01220	0.07437	0.03513	0.07312	0.04621	0.16200	0.17116	0.00375	0.13565	0.00644	0.00381	0.05390
1	0.10869	0.00999	0.01198	0.00953	0.01315	0.00965	0.02868	0.18325	0.01507	0.26451	0.01648	0.13109	0.01352	0.00727	0.00508	0.00155	0.00456	0.00599	0.00496	0.15499
2	0.00661	0.00472	0.00610	0.00708	0.00745	0.00442	0.00469	0.00752	0.01016	0.01353	0.06202	0.66288	0.06477	0.10070	0.00884	0.00243	0.00324	0.01385	0.00477	0.00422
3	0.01235	0.01181	0.02013	0.21440	0.60501	0.01237	0.01586	0.01558	0.01169	0.01638	0.00981	0.01332	0.00806	0.00485	0.00525	0.00162	0.00646	0.00471	0.00255	0.00778
4	0.01180	0.29429	0.53032	0.01303	0.01973	0.01520	0.01599	0.01643	0.01102	0.01529	0.00876	0.01026	0.00673	0.00485	0.00447	0.00149	0.00708	0.00354	0.00224	0.00747
5	0.01217	0.01346	0.02726	0.05694	0.02509	0.01390	0.56621	0.01587	0.01145	0.01587	0.00983	0.01368	0.00774	0.00552	0.00858	0.00190	0.17936	0.00582	0.00258	0.00678
6	0.01054	0.00611	0.00775	0.00769	0.00894	0.00582	0.00570	0.01212	0.03088	0.15031	0.03901	0.18017	0.06632	0.26943	0.01300	0.00303	0.00437	0.16911	0.00467	0.00503
7	0.00741	0.00537	0.00718	0.00814	0.00905	0.00514	0.00638	0.00917	0.01162	0.01531	0.10498	0.35515	0.09290	0.01491	0.00689	0.00219	0.00375	0.32485	0.00498	0.00462
8	0.00835	0.00558	0.00690	0.00662	0.00812	0.00498	0.00494	0.01027	0.01350	0.08204	0.40974	0.14807	0.24716	0.01197	0.00623	0.00176	0.00279	0.01041	0.00550	0.00508
9	0.01766	0.01294	0.01405	0.01137	0.01504	0.01430	0.00929	0.49002	0.20005	0.06442	0.01621	0.01766	0.01230	0.00705	0.00539	0.00168	0.00523	0.05045	0.02640	0.00849
10	0.01365	0.00809	0.00986	0.00842	0.01083	0.00803	0.00654	0.09162	0.12591	0.21299	0.34193	0.02816	0.02925	0.07181	0.00741	0.00194	0.00378	0.00735	0.00568	0.00675
11	0.01306	0.01055	0.01141	0.01022	0.01306	0.01193	0.00795	0.02589	0.64529	0.06207	0.10816	0.02190	0.01984	0.00756	0.00547	0.00177	0.00401	0.00635	0.00549	0.00801
12	0.02006	0.01397	0.01524	0.01178	0.01592	0.01526	0.00970	0.63891	0.06954	0.11376	0.01411	0.01370	0.00987	0.00642	0.00530	0.00160	0.00557	0.00489	0.00543	0.00895
13	0.01007	0.00608	0.00725	0.00663	0.00862	0.00531	0.00509	0.01183	0.01325	0.16422	0.24115	0.04105	0.38186	0.04457	0.00695	0.00188	0.00314	0.03022	0.00540	0.00544
14	0.01065	0.00605	0.00745	0.00707	0.00822	0.00576	0.00484	0.01214	0.04231	0.16077	0.09116	0.19398	0.04997	0.35856	0.01507	0.00327	0.00421	0.00899	0.00459	0.00496
15	0.00955	0.00599	0.00714	0.00660	0.00856	0.00523	0.00512	0.01141	0.01347	0.14078	0.27531	0.04236	0.39489	0.01152	0.00614	0.00175	0.00300	0.04036	0.00546	0.00538
16	0.01730	0.03806	0.01327	0.01039	0.01375	0.09590	0.00838	0.36037	0.07331	0.10662	0.04839	0.03322	0.01263	0.00662	0.00501	0.00152	0.00524	0.00513	0.12000	0.02489
17	0.01371	0.00824	0.00963	0.00827	0.01078	0.00813	0.00645	0.15457	0.06074	0.19639	0.10000	0.09214	0.17730	0.05641	0.02907	0.00208	0.00424	0.00780	0.04747	0.00658
18	0.06991	0.27531	0.03476	0.00895	0.01162	0.03392	0.00767	0.08068	0.02925	0.01683	0.10958	0.23012	0.02008	0.00904	0.00552	0.00163	0.03793	0.00733	0.00384	0.00602

[dist]
# distance from previous block
# <min> <max>
0	15

[block]
# block no. 4 follows, 46 sequences, length 81
# corresponding to MSA columns:
# 201-281
name=unknown_E
#
# <colnr> <probs for GDERKNQSTAVLIFYWHMCP>
#	G	D	E	R	K	N	Q	S	T	A	V	L	I	F	Y	W	H	M	C	P
0	0.06619	0.03529	0.06720	0.20376	0.04232	0.01164	0.02393	0.14741	0.09007	0.07352	0.05492	0.03851	0.01202	0.00665	0.01658	0.00169	0.00562	0.00511	0.00388	0.09370
1	0.01138	0.02584	0.03526	0.04398	0.05491	0.01006	0.12716	0.01456	0.05115	0.05831	0.03561	0.07875	0.01284	0.02045	0.07145	0.00220	0.10897	0.01652	0.01884	0.20178
2	0.00791	0.00645	0.03468	0.00784	0.00883	0.00592	0.00576	0.01054	0.08521	0.02748	0.13472	0.47638	0.03161	0.10489	0.00896	0.00236	0.01902	0.01176	0.00477	0.00490
3	0.06732	0.05270	0.51990	0.01350	0.01998	0.02600	0.03765	0.04019	0.02542	0.13218	0.01128	0.01217	0.00786	0.00529	0.00494	0.00164	0.00694	0.00413	0.00311	0.00781
4	0.22460	0.01191	0.01172	0.00971	0.01314	0.06940	0.00784	0.22423	0.07379	0.15537	0.05317	0.03884	0.01264	0.00665	0.00484	0.00161	0.00495	0.02422	0.00473	0.04665
5	0.00657	0.00470	0.00625	0.00727	0.00770	0.00438	0.00492	0.00768	0.01072	0.01444	0.12137	0.71582	0.03680	0.01585	0.00668	0.00209	0.00300	0.01436	0.00502	0.00438
6	0.00921	0.00609	0.00744	0.00683	0.00861	0.00557	0.00522	0.01200	0.05325	0.10174	0.47364	0.03905	0.22947	0.01082	0.00610	0.00170	0.00284	0.00932	0.00564	0.00546
7	0.03665	0.14447	0.60842	0.01374	0.02069	0.03637	0.01699	0.01692	0.01124	0.03516	0.00935	0.01081	0.00684	0.00499	0.00473	0.00158	0.00735	0.00373	0.00239	0.00758
8	0.00931	0.00542	0.00721	0.00755	0.00861	0.00494	0.00535	0.01062	0.01158	0.13699	0.12418	0.56755	0.05177	0.01416	0.00644	0.00199	0.00321	0.01269	0.00528	0.00513
9	0.00650	0.00463	0.00612	0.00728	0.00757	0.00434	0.00482	0.00738	0.01000	0.01333	0.02850	0.77090	0.03416	0.05753	0.00778	0.00230	0.00317	0.01465	0.00482	0.00424
10	0.00648	0.00462	0.00612	0.00731	0.00761	0.00432	0.00486	0.00737	0.01005	0.01340	0.02877	0.78786	0.03450	0.04010	0.00734	0.00223	0.00313	0.01481	0.00486	0.00426
11	0.06252	0.01050	0.01177	0.00998	0.01329	0.01127	0.00794	0.08384	0.40713	0.23693	0.05923	0.01958	0.02803	0.00709	0.00530	0.00172	0.00429	0.00579	0.00560	0.00821
12	0.00922	0.00599	0.00740	0.00689	0.00850	0.00553	0.00517	0.03286	0.01348	0.09947	0.36310	0.09413	0.21760	0.05707	0.04771	0.00226	0.00364	0.00945	0.00530	0.00524
13	0.01003	0.00618	0.00732	0.00663	0.00871	0.00544	0.00511	0.01217	0.03106	0.15949	0.27152	0.04053	0.39335	0.01118	0.00605	0.00172	0.00299	0.00946	0.00551	0.00556
14	0.01945	0.02469	0.01503	0.01363	0.01625	0.76428	0.01026	0.02080	0.01473	0.01293	0.00813	0.00961	0.00681	0.00559	0.00523	0.00140	0.03891	0.00345	0.00271	0.00612
15	0.00998	0.00940	0.01586	0.80150	0.03641	0.01175	0.01468	0.01351	0.01057	0.01351	0.00940	0.01409	0.00705	0.00529	0.00529	0.00176	0.00705	0.00470	0.00235	0.00587
16	0.01108	0.00950	0.01102	0.00799	0.01260	0.00738	0.00638	0.01413	0.05293	0.01750	0.01006	0.01145	0.00829	0.00409	0.00400	0.00084	0.00393	0.00329	0.00326	0.80029
17	0.01977	0.02458	0.01503	0.01353	0.01635	0.74660	0.01020	0.06546	0.01557	0.01416	0.00844	0.00972	0.00694	0.00550	0.00480	0.00138	0.00931	0.00349	0.00288	0.00630
18	0.01118	0.01099	0.01565	0.01339	0.01358	0.01501	0.03286	0.01239	0.00821	0.01267	0.00796	0.01350	0.00801	0.06242	0.04838	0.00272	0.69812	0.00491	0.00240	0.00561
19	0.55189	0.01059	0.00980	0.00823	0.01176	0.01168	0.00676	0.10683	0.05122	0.17007	0.01130	0.01144	0.00805	0.00551	0.00401	0.00164	0.00438	0.00372	0.00424	0.00687
20	0.01006	0.00768	0.00909	0.00768	0.01022	0.00697	0.00585	0.07052	0.05804	0.03466	0.28193	0.09113	0.05467	0.06716	0.00694	0.00169	0.00357	0.00732	0.00465	0.26017
21	0.01413	0.81739	0.02770	0.00905	0.01357	0.02092	0.00905	0.01583	0.01074	0.01244	0.00735	0.00848	0.00678	0.00452	0.00339	0.00113	0.00565	0.00283	0.00226	0.00678
22	0.00998	0.00940	0.01586	0.80150	0.03641	0.01175	0.01468	0.01351	0.01057	0.01351	0.00940	0.01409	0.00705	0.00529	0.00529	0.00176	0.00705	0.00470	0.00235	0.00587
23	0.01381	0.01270	0.02429	0.01805	0.02188	0.01307	0.45623	0.03294	0.01206	0.12048	0.01176	0.03484	0.00919	0.00617	0.00859	0.00189	0.18583	0.00595	0.00323	0.00705
24	0.01540	0.00969	0.01128	0.00980	0.01276	0.01022	0.00772	0.05997	0.37765	0.24039	0.08321	0.08747	0.01952	0.00818	0.00558	0.00177	0.00414	0.02166	0.00569	0.00789
25	0.00998	0.00940	0.01586	0.80150	0.03641	0.01175	0.01468	0.01351	0.01057	0.01351	0.00940	0.01409	0.00705	0.00529	0.00529	0.00176	0.00705	0.00470	0.00235	0.00587
26	0.19272	0.00977	0.01149	0.00908	0.01285	0.00953	0.00745	0.11268	0.01487	0.49850	0.03679	0.01637	0.01218	0.02543	0.00543	0.00171	0.00454	0.00491	0.00562	0.00808
27	0.00800	0.00600	0.00702	0.00697	0.00845	0.00565	0.00517	0.03449	0.06506	0.03492	0.23854	0.23017	0.29020	0.01268	0.00628	0.00184	0.00301	0.02523	0.00524	0.00509
28	0.06978	0.00907	0.01202	0.00927	0.01331	0.00800	0.00766	0.02519	0.01479	0.74254	0.02011	0.01747	0.01268	0.00645	0.00520	0.00164	0.00448	0.00518	0.00636	0.00881
29	0.00985	0.00493	0.00493	0.00493	0.00616	0.00493	0.00370	0.01232	0.01109	0.01971	0.01725	0.01971	0.01355	0.00616	0.00370	0.00123	0.00246	0.00493	0.84356	0.00493
30	0.01143	0.21798	0.57141	0.01344	0.02016	0.01434	0.01656	0.01631	0.01105	0.01568	0.02209	0.01101	0.00746	0.00510	0.00494	0.00156	0.02596	0.00376	0.00230	0.00747
31	0.01200	0.00574	0.00621	0.00572	0.00742	0.00561	0.00441	0.03368	0.01199	0.12391	0.01762	0.01929	0.01337	0.00622	0.00396	0.00130	0.00283	0.00498	0.70817	0.00559
32	0.00644	0.00460	0.00613	0.00736	0.00767	0.00429	0.00491	0.00736	0.01012	0.01350	0.02914	0.81076	0.03497	0.01656	0.00675	0.00215	0.00307	0.01503	0.00491	0.00429
33	0.01015	0.00957	0.01617	0.75908	0.07750	0.01179	0.01477	0.01366	0.01065	0.01371	0.00943	0.01404	0.00712	0.00525	0.00528	0.00175	0.00700	0.00470	0.00236	0.00601
34	0.01264	0.02303	0.57639	0.01530	0.02227	0.01182	0.12142	0.01799	0.01188	0.12102	0.01120	0.01252	0.00775	0.00515	0.00523	0.00168	0.00752	0.00442	0.00288	0.00788
35	0.00647	0.00461	0.00613	0.00732	0.00762	0.00431	0.00487	0.00737	0.01006	0.01342	0.02884	0.79240	0.03459	0.03543	0.00722	0.00222	0.00312	0.01486	0.00487	0.00427
36	0.01108	0.13457	0.68379	0.01425	0.02162	0.01345	0.01811	0.01662	0.01110	0.01616	0.00920	0.01080	0.00671	0.00495	0.00480	0.00160	0.00752	0.00376	0.00224	0.00767
37	0.01169	0.03384	0.03713	0.28384	0.14416	0.04335	0.01159	0.03190	0.03294	0.07462	0.03579	0.06030	0.08320	0.00774	0.00559	0.00177	0.00578	0.08477	0.00358	0.00642
38	0.02078	0.01126	0.05646	0.01004	0.01391	0.05211	0.00853	0.11348	0.01534	0.53036	0.01777	0.01714	0.01198	0.03947	0.02530	0.03177	0.00538	0.00514	0.00556	0.00820
39	0.00867	0.00661	0.00853	0.02302	0.05859	0.02709	0.00617	0.00992	0.00916	0.01302	0.01624	0.13031	0.01691	0.24845	0.23612	0.02102	0.05143	0.00722	0.09697	0.00456
40	0.01096	0.00940	0.01096	0.00783	0.01253	0.00705	0.00626	0.01331	0.01096	0.01723	0.00940	0.01096	0.00783	0.00392	0.00392	0.00078	0.00392	0.00313	0.00313	0.84653
41	0.23521	0.00665	0.00610	0.00582	0.00765	0.00712	0.00450	0.03720	0.01092	0.02091	0.01504	0.05582	0.01237	0.00635	0.00379	0.00140	0.00304	0.00487	0.54999	0.00524
42	0.00644	0.00460	0.00613	0.00736	0.00767	0.00429	0.00491	0.00736	0.01012	0.01350	0.02914	0.81076	0.03497	0.01656	0.00675	0.00215	0.00307	0.01503	0.00491	0.00429
43	0.00649	0.00462	0.00612	0.00730	0.00759	0.00433	0.00484	0.00737	0.01003	0.01337	0.02864	0.78001	0.03434	0.04817	0.00755	0.00226	0.00315	0.01474	0.00484	0.00425
44	0.01932	0.01168	0.01346	0.01057	0.01427	0.01230	0.00867	0.43607	0.01970	0.24449	0.01545	0.01539	0.01084	0.00942	0.07688	0.00221	0.00598	0.00501	0.05994	0.00834
45	0.02882	0.35977	0.31713	0.01222	0.01786	0.03097	0.03540	0.09590	0.01245	0.01667	0.00885	0.01021	0.00701	0.00502	0.00460	0.00144	0.02210	0.00359	0.00261	0.00737
46	0.00894	0.00583	0.00680	0.00639	0.00813	0.00528	0.00485	0.01128	0.03770	0.09010	0.29473	0.06963	0.31960	0.01101	0.00588	0.00168	0.00283	0.00938	0.09473	0.00524
47	0.14143	0.00804	0.00960	0.00824	0.01093	0.00783	0.00650	0.05805	0.03623	0.30484	0.21511	0.12948	0.02431	0.00877	0.00544	0.00171	0.00379	0.00735	0.00554	0.00681
48	0.73261	0.01028	0.00837	0.00734	0.01060	0.01173	0.00601	0.06829	0.01035	0.02396	0.02841	0.02692	0.00779	0.00539	0.00358	0.00162	0.00414	0.00344	0.00351	0.02565
49	0.01185	0.01211	0.01693	0.01430	0.01466	0.03897	0.05007	0.01319	0.00852	0.01295	0.00717	0.01164	0.00699	0.00889	0.01641	0.00226	0.74022	0.00467	0.00234	0.00586
50	0.00762	0.00500	0.00651	0.00722	0.00788	0.00462	0.00493	0.00870	0.01077	0.05940	0.09241	0.61226	0.07076	0.06572	0.00787	0.00225	0.00321	0.01334	0.00497	0.00457
51	0.00900	0.00512	0.00752	0.00740	0.00753	0.00549	0.00515	0.00758	0.00721	0.00984	0.01016	0.01750	0.01017	0.06469	0.12569	0.64276	0.04700	0.00491	0.00242	0.00285
52	0.05666	0.01253	0.01365	0.01082	0.01460	0.02974	0.00881	0.44642	0.06240	0.19891	0.01673	0.05613	0.03406	0.00708	0.00530	0.00164	0.00520	0.00555	0.00540	0.00838
53	0.00651	0.00463	0.00611	0.00727	0.00756	0.00434	0.00481	0.00738	0.00999	0.01332	0.02845	0.76794	0.03410	0.06057	0.00786	0.00231	0.00318	0.01462	0.00481	0.00423
54	0.01352	0.00633	0.00713	0.00630	0.00833	0.00612	0.00493	0.05064	0.01266	0.19627	0.01786	0.01899	0.01323	0.00626	0.00414	0.00134	0.00309	0.00501	0.61182	0.00605
55	0.01370	0.01314	0.02669	0.02032	0.06535	0.01251	0.56294	0.03955	0.01298	0.09875	0.01259	0.01681	0.00973	0.00538	0.00638	0.00180	0.02686	0.04395	0.00326	0.00730
56	0.02085	0.01592	0.01462	0.01179	0.01557	0.21679	0.00946	0.36224	0.03174	0.22714	0.01382	0.01339	0.00962	0.00618	0.00516	0.00154	0.00641	0.00457	0.00495	0.00824
57	0.01060	0.02735	0.78682	0.01507	0.02288	0.01228	0.01953	0.01674	0.01116	0.01674	0.00949	0.01116	0.00670	0.00502	0.00502	0.00167	0.00781	0.00391	0.00223	0.00781
58	0.01008	0.00950	0.01604	0.77666	0.06047	0.01177	0.01473	0.01359	0.01062	0.01363	0.00941	0.01406	0.00709	0.00527	0.00528	0.00176	0.00702	0.00470	0.00236	0.00595
59	0.01409	0.01182	0.01248	0.01095	0.01411	0.01359	0.00860	0.12791	0.67033	0.02364	0.02032	0.01877	0.01517	0.00706	0.00537	0.00177	0.00441	0.00581	0.00537	0.00845
60	0.01148	0.01127	0.01548	0.01306	0.01370	0.01495	0.01085	0.01280	0.00849	0.01333	0.00727	0.01148	0.00706	0.00853	0.01553	0.00211	0.69588	0.00442	0.00242	0.11989
61	0.02089	0.00863	0.01146	0.00900	0.01261	0.00769	0.00735	0.05674	0.01539	0.62094	0.11899	0.02062	0.01771	0.00707	0.00537	0.00162	0.00422	0.00583	0.03955	0.00831
62	0.11597	0.01058	0.01193	0.00948	0.01301	0.01091	0.00775	0.29352	0.01763	0.27960	0.08910	0.01717	0.01431	0.00666	0.00502	0.00159	0.00457	0.00520	0.07815	0.00787
63	0.01248	0.01426	0.03119	0.02228	0.02763	0.01337	0.76203	0.01693	0.01248	0.01693	0.01070	0.01426	0.00802	0.00446	0.00624	0.00178	0.00891	0.00624	0.00267	0.00713
64	0.01961	0.01428	0.01453	0.01144	0.01524	0.08513	0.00931	0.55148	0.02164	0.11418	0.01338	0.01349	0.00952	0.00656	0.00551	0.02139	0.00578	0.00470	0.05450	0.00833
65	0.00755	0.00566	0.00850	0.00850	0.00944	0.00661	0.00661	0.00944	0.00850	0.01227	0.01416	0.02077	0.01322	0.03965	0.79326	0.00850	0.01416	0.00566	0.00283	0.00472
66	0.00816	0.00606	0.00755	0.00815	0.05079	0.00563	0.00558	0.01016	0.03453	0.05708	0.18543	0.23495	0.32541	0.01257	0.00646	0.00184	0.01864	0.01087	0.00501	0.00512
67	0.00644	0.00460	0.00613	0.00736	0.00767	0.00429	0.00491	0.00736	0.01012	0.01350	0.02914	0.81076	0.03497	0.01656	0.00675	0.00215	0.00307	0.01503	0.00491	0.00429
68	0.00656	0.00468	0.00627	0.00749	0.00785	0.00439	0.00511	0.00756	0.01024	0.01363	0.02907	0.76881	0.03471	0.01645	0.00678	0.00216	0.00317	0.05584	0.00491	0.00433
69	0.00685	0.00477	0.00601	0.00683	0.00704	0.00457	0.00434	0.00747	0.00931	0.01242	0.02500	0.55337	0.02974	0.28108	0.01343	0.00313	0.00375	0.01259	0.00434	0.00393
70	0.01680	0.01041	0.01200	0.01015	0.01346	0.01103	0.00807	0.08282	0.40993	0.27707	0.05382	0.03900	0.01650	0.00729	0.00542	0.00173	0.00431	0.00604	0.00577	0.00838
71	0.03511	0.01241	0.03284	0.01162	0.01495	0.03141	0.04589	0.21923	0.32401	0.08542	0.01768	0.04698	0.01395	0.00742	0.00594	0.00177	0.03679	0.04363	0.00496	0.00797
72	0.00994	0.00608	0.00767	0.00698	0.00878	0.00550	0.00533	0.01239	0.03205	0.14142	0.48062	0.06819	0.17300	0.01073	0.00609	0.00170	0.00291	0.00930	0.00573	0.00559
73	0.00925	0.00588	0.00720	0.00682	0.00859	0.00522	0.00527	0.01117	0.01344	0.12147	0.31137	0.08482	0.31095	0.01178	0.00622	0.00179	0.00304	0.06496	0.00546	0.00529
74	0.01110	0.02327	0.05379	0.17319	0.01793	0.04955	0.01111	0.02751	0.00974	0.03167	0.01019	0.03308	0.00924	0.02890	0.16423	0.00333	0.32868	0.00504	0.00267	0.00579
75	0.09445	0.10006	0.01579	0.01244	0.01526	0.49070	0.00981	0.09128	0.01427	0.01583	0.00833	0.00986	0.00693	0.00578	0.00582	0.00148	0.08901	0.00355	0.00294	0.00640
76	0.00802	0.00562	0.00653	0.00638	0.00806	0.00492	0.00485	0.00971	0.01281	0.07533	0.21574	0.10967	0.44738	0.01259	0.00627	0.00181	0.00293	0.05118	0.00524	0.00494
77	0.01028	0.00637	0.00817	0.00727	0.00907	0.00593	0.00559	0.05074	0.01541	0.12449	0.61587	0.03555	0.06415	0.01008	0.00606	0.00166	0.00294	0.00879	0.00586	0.00572
78	0.01299	0.05623	0.01288	0.17525	0.05675	0.12017	0.02029	0.01615	0.06223	0.10407	0.07135	0.05797	0.06355	0.00715	0.00528	0.00159	0.01736	0.00589	0.12657	0.00626
79	0.01056	0.00931	0.01419	0.15779	0.07895	0.02175	0.09649	0.08252	0.01201	0.01644	0.03860	0.25701	0.01764	0.01030	0.03018	0.00207	0.08941	0.00818	0.04067	0.00593
80	0.21716	0.01106	0.01555	0.04768	0.40581	0.02506	0.01204	0.01513	0.01120	0.01832	0.01182	0.01868	0.01083	0.00633	0.00531	0.00171	0.02437	0.11248	0.00310	0.02637

[dist]
# distance from previous block
# <min> <max>
7	23

[block]
# block no. 5 follows, 46 sequences, length 13
# corresponding to MSA columns:
# 305-317
name=unknown_F
#
# <colnr> <probs for GDERKNQSTAVLIFYWHMCP>
#	G	D	E	R	K	N	Q	S	T	A	V	L	I	F	Y	W	H	M	C	P
0	0.01966	0.01320	0.01489	0.01218	0.04249	0.01422	0.00962	0.50559	0.11649	0.17309	0.01524	0.01459	0.01064	0.00643	0.00530	0.00162	0.00538	0.00502	0.00544	0.00889
1	0.11504	0.00827	0.00906	0.00813	0.01021	0.03839	0.00637	0.07223	0.04222	0.09552	0.35425	0.06848	0.07708	0.00950	0.00607	0.00173	0.03133	0.03509	0.00514	0.00591
2	0.01123	0.00960	0.01104	0.00838	0.01267	0.00801	0.00669	0.01565	0.13592	0.01798	0.01206	0.01418	0.01002	0.00484	0.00428	0.00101	0.00399	0.03067	0.00356	0.67821
3	0.00727	0.00542	0.00702	0.00765	0.00868	0.00488	0.00552	0.00858	0.01057	0.01429	0.02750	0.58316	0.06002	0.01462	0.00645	0.00200	0.00339	0.10990	0.00468	0.10839
4	0.00791	0.00599	0.00737	0.00702	0.00844	0.00578	0.00526	0.01154	0.09633	0.02013	0.57807	0.08878	0.11515	0.01104	0.00618	0.00172	0.00273	0.00968	0.00563	0.00526
5	0.01096	0.00940	0.01096	0.00783	0.01253	0.00705	0.00626	0.01331	0.01096	0.01723	0.00940	0.01096	0.00783	0.00392	0.00392	0.00078	0.00392	0.00313	0.00313	0.84653
6	0.00768	0.00517	0.00597	0.00597	0.00605	0.00524	0.00346	0.00782	0.00775	0.01040	0.01647	0.03354	0.01876	0.75515	0.08534	0.00538	0.00581	0.00753	0.00317	0.00332
7	0.01900	0.01946	0.01458	0.01248	0.01562	0.43123	0.00968	0.26592	0.04659	0.04670	0.01106	0.01238	0.00869	0.03228	0.02944	0.00180	0.00793	0.00422	0.00382	0.00712
8	0.01185	0.00713	0.00892	0.00782	0.00990	0.00685	0.00604	0.06827	0.06469	0.16959	0.46589	0.05919	0.05320	0.02881	0.00644	0.00176	0.00332	0.00834	0.00578	0.00620
9	0.01162	0.00979	0.01132	0.00814	0.01281	0.00772	0.00654	0.06732	0.01196	0.01838	0.00963	0.01109	0.00791	0.00409	0.00401	0.00084	0.00405	0.00325	0.00329	0.78624
10	0.01485	0.01399	0.06588	0.11651	0.02180	0.08319	0.25374	0.13437	0.01431	0.11311	0.01270	0.03308	0.00995	0.03747	0.00662	0.00183	0.01965	0.02027	0.00362	0.02308
11	0.01057	0.00798	0.00887	0.00816	0.00909	0.04377	0.00591	0.07195	0.06518	0.01515	0.04139	0.04336	0.01537	0.27082	0.03442	0.10817	0.10366	0.00618	0.12526	0.00476
12	0.02981	0.00525	0.00674	0.00730	0.00817	0.00495	0.00526	0.00906	0.01167	0.03598	0.21868	0.45128	0.07461	0.03179	0.00696	0.00207	0.00317	0.07750	0.00510	0.00467

[dist]
# distance from previous block
# <min> <max>
2	21

[block]
# block no. 6 follows, 46 sequences, length 44
# corresponding to MSA columns:
# 339-382
name=unknown_G
#
# <colnr> <probs for GDERKNQSTAVLIFYWHMCP>
#	G	D	E	R	K	N	Q	S	T	A	V	L	I	F	Y	W	H	M	C	P
0	0.07875	0.01220	0.01337	0.01140	0.03905	0.01334	0.00887	0.48861	0.05772	0.03937	0.04306	0.12849	0.01467	0.00798	0.00542	0.00170	0.00507	0.01807	0.00503	0.00782
1	0.26908	0.19486	0.21158	0.00996	0.01476	0.01336	0.01034	0.05164	0.01151	0.07875	0.04165	0.01156	0.00889	0.00524	0.00416	0.00149	0.00543	0.00370	0.00323	0.04883
2	0.14312	0.00721	0.00857	0.00807	0.00986	0.00718	0.03379	0.06197	0.02714	0.01807	0.12811	0.36503	0.05097	0.03627	0.00637	0.00192	0.00369	0.00986	0.00454	0.06825
3	0.01855	0.08128	0.01547	0.01243	0.01552	0.53745	0.00966	0.14734	0.01613	0.01692	0.02708	0.01106	0.00843	0.00564	0.00473	0.00137	0.00807	0.00378	0.03062	0.02847
4	0.00920	0.00820	0.00987	0.00913	0.01066	0.07533	0.06262	0.03965	0.02884	0.01568	0.15049	0.23188	0.11711	0.05481	0.13690	0.00309	0.01784	0.00932	0.00427	0.00511
5	0.01191	0.01137	0.01934	0.32259	0.50024	0.01225	0.01564	0.01520	0.01148	0.01585	0.00974	0.01347	0.00787	0.00493	0.00525	0.00164	0.00657	0.00471	0.00252	0.00743
6	0.01099	0.11294	0.70457	0.01442	0.02187	0.01321	0.01840	0.01664	0.01112	0.01628	0.00926	0.01087	0.00671	0.00497	0.00485	0.00162	0.00758	0.00379	0.00224	0.00770
7	0.00659	0.00490	0.00590	0.00658	0.00728	0.00447	0.00444	0.00755	0.01047	0.01352	0.05787	0.47430	0.23657	0.12287	0.00931	0.00243	0.00322	0.01281	0.00471	0.00422
8	0.01035	0.00977	0.01653	0.70955	0.12547	0.01184	0.01487	0.01383	0.01075	0.01396	0.00946	0.01397	0.00721	0.00522	0.00528	0.00174	0.00696	0.00470	0.00238	0.00617
9	0.01133	0.01103	0.01744	0.54311	0.25084	0.04771	0.01492	0.01464	0.01120	0.01457	0.00950	0.01359	0.00742	0.00513	0.00525	0.00169	0.00694	0.00464	0.00244	0.00661
10	0.01258	0.00689	0.00890	0.00772	0.00994	0.00639	0.00602	0.01585	0.07168	0.24248	0.48298	0.03208	0.05588	0.00937	0.00590	0.00167	0.00321	0.00810	0.00597	0.00639
11	0.00737	0.00535	0.00710	0.00787	0.00882	0.00508	0.00611	0.00919	0.01203	0.01603	0.19227	0.32253	0.09607	0.01439	0.00679	0.00211	0.00354	0.26760	0.00509	0.00466
12	0.04998	0.00999	0.01271	0.00978	0.01387	0.00932	0.00808	0.14666	0.01653	0.63671	0.01908	0.01682	0.01217	0.00646	0.00525	0.00163	0.00470	0.00515	0.00623	0.00889
13	0.00746	0.00507	0.00600	0.00621	0.00633	0.00508	0.00371	0.00774	0.00816	0.01094	0.01864	0.16714	0.02154	0.62757	0.07244	0.00483	0.00535	0.00882	0.00347	0.00349
14	0.00663	0.00481	0.00630	0.00737	0.00790	0.00447	0.00513	0.00776	0.01061	0.01403	0.05894	0.66379	0.09266	0.01595	0.00673	0.00212	0.00316	0.07233	0.00494	0.00438
15	0.00708	0.00488	0.00659	0.00766	0.00808	0.00466	0.00543	0.00795	0.01010	0.01340	0.02674	0.58161	0.03136	0.05192	0.00889	0.07183	0.00359	0.13944	0.00461	0.00418
16	0.01133	0.16309	0.60727	0.01449	0.02157	0.01384	0.06519	0.01660	0.01117	0.01601	0.00919	0.01090	0.00680	0.00490	0.00482	0.00159	0.00751	0.00387	0.00227	0.00759
17	0.01132	0.00859	0.01233	0.33569	0.02089	0.01011	0.00994	0.11570	0.02575	0.01578	0.01062	0.01492	0.00868	0.00935	0.01007	0.23030	0.05671	0.00472	0.08326	0.00529
18	0.01075	0.00916	0.01069	0.00790	0.01226	0.00708	0.00625	0.01343	0.03680	0.01715	0.01107	0.06240	0.00985	0.00483	0.00415	0.00090	0.00387	0.00399	0.00332	0.76416
19	0.01193	0.06429	0.02673	0.01890	0.02331	0.01303	0.55409	0.01566	0.01173	0.01598	0.01125	0.01619	0.00928	0.00786	0.06578	0.00228	0.06076	0.03961	0.00275	0.02858
20	0.00963	0.00782	0.00806	0.00780	0.00924	0.09015	0.00574	0.01201	0.04793	0.05994	0.35152	0.20546	0.10296	0.03284	0.02297	0.00199	0.00389	0.00972	0.00509	0.00523
21	0.00677	0.00480	0.00632	0.00741	0.00777	0.00455	0.00506	0.00773	0.01005	0.01336	0.02769	0.65740	0.03285	0.10191	0.00896	0.00249	0.00346	0.08246	0.00472	0.00423
22	0.01315	0.01136	0.01195	0.01076	0.01375	0.01315	0.00837	0.02809	0.77168	0.02211	0.02152	0.01972	0.01614	0.00717	0.00538	0.00179	0.00418	0.00598	0.00538	0.00837
23	0.01220	0.01116	0.06112	0.00890	0.01365	0.00862	0.00762	0.08818	0.05039	0.03451	0.01056	0.01172	0.00839	0.00444	0.00422	0.00099	0.00438	0.00353	0.00347	0.65195
24	0.01188	0.00623	0.00748	0.00670	0.00831	0.00587	0.00488	0.03389	0.01117	0.15294	0.05480	0.05852	0.01648	0.17652	0.01097	0.09309	0.00383	0.00611	0.27103	0.05931
25	0.49343	0.00999	0.00990	0.00815	0.01179	0.01053	0.00673	0.05765	0.01215	0.31444	0.01278	0.01238	0.00870	0.00560	0.00415	0.00163	0.00433	0.00390	0.00462	0.00714
26	0.05367	0.00714	0.00894	0.00919	0.01096	0.00726	0.00751	0.01478	0.12405	0.10962	0.02575	0.18641	0.03808	0.01238	0.00645	0.00214	0.00431	0.36046	0.00507	0.00581
27	0.00771	0.00553	0.00748	0.00841	0.00937	0.00536	0.00675	0.00963	0.01186	0.01570	0.12960	0.26255	0.06087	0.03540	0.00748	0.00230	0.00398	0.40038	0.00496	0.00467
28	0.01047	0.02655	0.75863	0.01474	0.02233	0.01200	0.01899	0.01646	0.01125	0.01678	0.02432	0.01239	0.02127	0.00528	0.00507	0.00168	0.00762	0.00414	0.00235	0.00770
29	0.00767	0.00523	0.00628	0.00658	0.00685	0.00518	0.00427	0.00824	0.00891	0.01187	0.04823	0.12247	0.02379	0.57482	0.02094	0.00426	0.00476	0.12226	0.00374	0.00364
30	0.00946	0.00632	0.00831	0.00851	0.01003	0.00617	0.00694	0.01258	0.06504	0.07709	0.25751	0.10635	0.05814	0.01243	0.00661	0.00205	0.00386	0.33188	0.00533	0.00541
31	0.11963	0.10936	0.01520	0.02416	0.01470	0.01327	0.03767	0.23828	0.10017	0.18960	0.01516	0.01487	0.03498	0.00619	0.00502	0.00157	0.01626	0.00476	0.00468	0.03448
32	0.00940	0.00720	0.00984	0.06157	0.09455	0.00713	0.00830	0.04853	0.01256	0.04116	0.03053	0.11571	0.21752	0.01214	0.00646	0.00204	0.00446	0.30086	0.00455	0.00549
33	0.00746	0.00574	0.00680	0.00701	0.00823	0.00548	0.00513	0.01017	0.08101	0.01619	0.20339	0.25131	0.24304	0.06439	0.00770	0.00211	0.00319	0.06179	0.00504	0.00484
34	0.01114	0.00684	0.00843	0.00806	0.01008	0.00650	0.00639	0.01452	0.10175	0.16901	0.12399	0.13602	0.20814	0.01162	0.00623	0.00191	0.00367	0.15437	0.00539	0.00594
35	0.01274	0.01441	0.14608	0.04917	0.05459	0.06015	0.01030	0.11056	0.02880	0.01878	0.00999	0.01157	0.00787	0.00477	0.00470	0.00121	0.01784	0.00373	0.00320	0.42954
36	0.00698	0.00527	0.00645	0.00646	0.00770	0.00474	0.00477	0.00888	0.01327	0.01783	0.43078	0.17128	0.25646	0.01258	0.00635	0.00179	0.00269	0.02564	0.00539	0.00472
37	0.02114	0.00879	0.01170	0.00918	0.01288	0.00787	0.00752	0.06104	0.01515	0.63563	0.05837	0.02041	0.04971	0.00871	0.04472	0.00198	0.00487	0.00578	0.00618	0.00838
38	0.09694	0.01037	0.03736	0.01227	0.11524	0.01013	0.00874	0.17989	0.04402	0.14311	0.20052	0.06013	0.03310	0.00781	0.00543	0.00167	0.00450	0.01662	0.00493	0.00720
39	0.03984	0.00958	0.03690	0.00933	0.01306	0.00834	0.00781	0.08523	0.01532	0.56748	0.09442	0.02000	0.01629	0.04380	0.00634	0.00180	0.00454	0.00570	0.00600	0.00822
40	0.00661	0.00476	0.00627	0.00718	0.00769	0.00442	0.00489	0.00782	0.01102	0.01484	0.15872	0.65410	0.06111	0.01547	0.00664	0.00205	0.00296	0.01397	0.00506	0.00442
41	0.05258	0.17290	0.46939	0.01216	0.01787	0.01256	0.01434	0.01503	0.01104	0.01611	0.05063	0.10858	0.01229	0.00661	0.00490	0.00163	0.00637	0.00528	0.00280	0.00694
42	0.05067	0.00750	0.05862	0.03073	0.03515	0.00638	0.06838	0.00959	0.01039	0.01462	0.02415	0.60814	0.02791	0.01358	0.00633	0.00203	0.00410	0.01239	0.00433	0.00499
43	0.01208	0.01206	0.02337	0.03569	0.02139	0.01245	0.45066	0.05168	0.01135	0.01563	0.00987	0.01404	0.00806	0.00777	0.01052	0.14702	0.14198	0.00557	0.00267	0.00614

[dist]
# distance from previous block
# <min> <max>
0	4

[block]
# block no. 7 follows, 46 sequences, length 36
# corresponding to MSA columns:
# 387-422
name=unknown_H
#
# <colnr> <probs for GDERKNQSTAVLIFYWHMCP>
#	G	D	E	R	K	N	Q	S	T	A	V	L	I	F	Y	W	H	M	C	P
0	0.18429	0.00967	0.01107	0.00870	0.01261	0.00912	0.00709	0.05637	0.06502	0.34613	0.03809	0.01502	0.01154	0.00578	0.00462	0.00145	0.00427	0.00447	0.00495	0.19975
1	0.02092	0.01349	0.01505	0.01154	0.01574	0.01444	0.00953	0.59618	0.02265	0.20386	0.01454	0.01390	0.00992	0.00639	0.00529	0.00160	0.00552	0.00489	0.00557	0.00899
2	0.00792	0.00615	0.00844	0.00910	0.00970	0.00666	0.00711	0.00944	0.01066	0.01439	0.04723	0.41737	0.02975	0.01466	0.00847	0.00225	0.12117	0.26025	0.00454	0.00473
3	0.00655	0.00473	0.00619	0.00717	0.00766	0.00438	0.00487	0.00766	0.01077	0.01439	0.11360	0.68244	0.07852	0.01575	0.00666	0.00207	0.00298	0.01420	0.00501	0.00438
4	0.01260	0.01207	0.02059	0.15222	0.66524	0.01243	0.01598	0.01580	0.01181	0.01668	0.00986	0.01324	0.00817	0.00480	0.00524	0.00160	0.00640	0.00471	0.00258	0.00798
5	0.00792	0.00597	0.00775	0.00704	0.00851	0.00561	0.00536	0.01035	0.01437	0.02054	0.68676	0.03612	0.04484	0.01021	0.00652	0.00162	0.03607	0.00886	0.00547	0.07012
6	0.01249	0.01392	0.02908	0.02104	0.02598	0.01347	0.67242	0.01762	0.07102	0.01716	0.01138	0.01457	0.00860	0.00487	0.00664	0.00181	0.04174	0.00615	0.00287	0.00717
7	0.00759	0.00512	0.00592	0.00595	0.00609	0.00506	0.00348	0.00789	0.00855	0.01152	0.09162	0.08251	0.02317	0.68720	0.02366	0.00461	0.00474	0.00832	0.00356	0.00344
8	0.11474	0.01003	0.01056	0.00892	0.01123	0.01091	0.00673	0.34716	0.01575	0.02250	0.01489	0.09179	0.01444	0.28286	0.01256	0.00285	0.00512	0.00646	0.00430	0.00620
9	0.69209	0.01075	0.00901	0.00777	0.01108	0.01232	0.00636	0.13260	0.01141	0.02472	0.00826	0.00949	0.00636	0.00560	0.00419	0.03073	0.00438	0.00322	0.00355	0.00612
10	0.00745	0.00532	0.00729	0.00852	0.00927	0.00516	0.00666	0.00911	0.01112	0.01463	0.02858	0.44548	0.03276	0.01561	0.00702	0.00229	0.00394	0.37034	0.00489	0.00457
11	0.00802	0.00534	0.00649	0.00677	0.00802	0.00473	0.00485	0.00932	0.01167	0.08409	0.10011	0.40150	0.30146	0.01403	0.00640	0.00193	0.00301	0.01230	0.00513	0.00484
12	0.00879	0.00725	0.01045	0.00982	0.01063	0.00906	0.00783	0.02903	0.00881	0.01290	0.01246	0.01845	0.01167	0.03183	0.59527	0.00690	0.19559	0.00540	0.00277	0.00507
13	0.01881	0.01378	0.01458	0.01158	0.01545	0.03657	0.00942	0.52689	0.17027	0.08843	0.01502	0.01453	0.01074	0.00650	0.00526	0.00162	0.00543	0.00501	0.02139	0.00871
14	0.01000	0.00727	0.00917	0.00845	0.00977	0.00808	0.00634	0.15375	0.01142	0.01576	0.01456	0.02299	0.01404	0.24478	0.43269	0.00625	0.01009	0.00604	0.00341	0.00513
15	0.01597	0.49097	0.04926	0.01074	0.01488	0.16461	0.00985	0.13796	0.01377	0.01607	0.00843	0.00953	0.00715	0.00513	0.00437	0.00130	0.02681	0.00333	0.00284	0.00703
16	0.01073	0.00913	0.01071	0.00786	0.01230	0.00692	0.00627	0.01302	0.01096	0.01705	0.01063	0.04324	0.00945	0.00468	0.00411	0.00088	0.00391	0.02233	0.00324	0.79259
17	0.00729	0.00531	0.00700	0.00771	0.00866	0.00501	0.00593	0.00908	0.01207	0.01610	0.20914	0.32817	0.10896	0.01430	0.00674	0.00208	0.00344	0.23322	0.00511	0.00465
18	0.00643	0.00466	0.00607	0.00721	0.00763	0.00431	0.00484	0.00738	0.01027	0.01356	0.03103	0.75198	0.09253	0.01632	0.00671	0.00212	0.00304	0.01473	0.00491	0.00431
19	0.00930	0.00499	0.00579	0.00589	0.00688	0.00486	0.00425	0.01057	0.01032	0.03849	0.02037	0.13742	0.07510	0.01125	0.02608	0.15439	0.00329	0.00686	0.45947	0.00444
20	0.01157	0.01157	0.01619	0.01388	0.01388	0.01619	0.01157	0.01272	0.00810	0.01272	0.00694	0.01157	0.00694	0.00925	0.01735	0.00231	0.80453	0.00463	0.00231	0.00578
21	0.01295	0.00768	0.00949	0.00813	0.01049	0.00739	0.00640	0.12409	0.03018	0.19173	0.40035	0.05412	0.08330	0.00955	0.00591	0.00168	0.00353	0.02076	0.00579	0.00647
22	0.00749	0.00546	0.00721	0.00698	0.00799	0.00533	0.00514	0.00955	0.01316	0.01856	0.55706	0.11008	0.04160	0.07706	0.08440	0.00266	0.02089	0.00945	0.00516	0.00477
23	0.00644	0.00460	0.00613	0.00736	0.00767	0.00429	0.00491	0.00736	0.01012	0.01350	0.02914	0.81076	0.03497	0.01656	0.00675	0.00215	0.00307	0.01503	0.00491	0.00429
24	0.07628	0.00796	0.00912	0.00869	0.01073	0.00838	0.00694	0.07401	0.17378	0.03939	0.21181	0.08929	0.07929	0.01053	0.00600	0.00189	0.00386	0.17082	0.00517	0.00606
25	0.00737	0.00539	0.00712	0.00815	0.00908	0.00514	0.00642	0.00906	0.01139	0.01479	0.04611	0.35661	0.13222	0.01515	0.00692	0.00222	0.00382	0.34355	0.00491	0.00459
26	0.00775	0.00546	0.00747	0.00747	0.00817	0.00607	0.00544	0.00914	0.00845	0.01222	0.01509	0.02462	0.01494	0.25721	0.52036	0.00703	0.01078	0.00619	0.06184	0.00430
27	0.01265	0.00935	0.01087	0.04452	0.01289	0.00990	0.00761	0.27270	0.08525	0.04215	0.07845	0.27637	0.05155	0.01043	0.00589	0.00181	0.00435	0.02724	0.00503	0.03099
28	0.03421	0.01280	0.01993	0.24726	0.11195	0.06222	0.19477	0.08775	0.01246	0.01686	0.00960	0.01303	0.00757	0.00569	0.00721	0.00177	0.12671	0.00492	0.00280	0.02052
29	0.00765	0.00514	0.00593	0.00596	0.00602	0.00519	0.00343	0.00778	0.00779	0.01044	0.01682	0.05256	0.01927	0.75194	0.06899	0.00524	0.00558	0.00775	0.00322	0.00331
30	0.01017	0.00765	0.00904	0.00800	0.01046	0.00695	0.00621	0.10453	0.01282	0.03233	0.05312	0.17036	0.14336	0.02991	0.00689	0.04385	0.00393	0.09497	0.00435	0.24110
31	0.01347	0.62508	0.15217	0.01185	0.07449	0.01885	0.01133	0.01601	0.01091	0.01352	0.00790	0.00928	0.00689	0.00462	0.00380	0.00125	0.00606	0.00315	0.00228	0.00708
