[name]
unknown

[dist]
# distance from previous block
# <min> <max>
0	89

[block]
# block no. 0 follows, 43 sequences, length 14
# corresponding to MSA columns:
# 102-115
name=unknown_A
#
# <colnr> <probs for GDERKNQSTAVLIFYWHMCP>
#	G	D	E	R	K	N	Q	S	T	A	V	L	I	F	Y	W	H	M	C	P
0	0.01436	0.11113	0.01552	0.21514	0.02000	0.03359	0.01036	0.23041	0.05123	0.03254	0.01475	0.07735	0.01266	0.00737	0.00533	0.00170	0.00577	0.04152	0.09214	0.00712
1	0.01217	0.00953	0.01150	0.10301	0.01538	0.00934	0.00799	0.12886	0.08593	0.04074	0.01914	0.17137	0.06303	0.00837	0.00542	0.00156	0.00455	0.00712	0.02627	0.26873
2	0.03056	0.00617	0.00788	0.00827	0.00922	0.00605	0.00595	0.00934	0.01052	0.01475	0.02504	0.51786	0.02912	0.07785	0.00909	0.00237	0.05368	0.07645	0.00457	0.09528
3	0.01032	0.00847	0.01201	0.10047	0.06254	0.00903	0.04153	0.07431	0.06630	0.01783	0.08381	0.27617	0.02497	0.03538	0.00768	0.00215	0.04218	0.10041	0.00451	0.01992
4	0.00777	0.00626	0.00704	0.00680	0.00829	0.02970	0.00507	0.00987	0.01443	0.01918	0.47622	0.08482	0.27962	0.01233	0.00652	0.00180	0.00294	0.01065	0.00564	0.00505
5	0.01276	0.01024	0.01583	0.20782	0.11702	0.01130	0.06300	0.01619	0.06122	0.11230	0.01663	0.11539	0.04643	0.00813	0.00771	0.00191	0.12590	0.00679	0.00377	0.03967
6	0.02004	0.01582	0.11097	0.01250	0.01730	0.01477	0.01123	0.48224	0.06877	0.16696	0.01502	0.01457	0.01037	0.00657	0.00552	0.00170	0.00600	0.00506	0.00538	0.00922
7	0.00981	0.00640	0.00890	0.00986	0.01124	0.00627	0.00839	0.01213	0.01271	0.07133	0.02893	0.15199	0.03115	0.01494	0.00743	0.00245	0.00484	0.59066	0.00523	0.00534
8	0.08259	0.10961	0.01436	0.00953	0.01371	0.01009	0.00806	0.02438	0.01480	0.60086	0.04269	0.01760	0.01354	0.00661	0.00519	0.00165	0.00477	0.00520	0.00602	0.00875
9	0.01803	0.01484	0.01376	0.01182	0.01527	0.16622	0.00928	0.12514	0.38586	0.15160	0.01840	0.01724	0.01340	0.00692	0.00548	0.00173	0.00578	0.00544	0.00528	0.00850
10	0.01269	0.01295	0.04804	0.08996	0.15418	0.01198	0.37177	0.01661	0.01315	0.05257	0.10620	0.01793	0.01406	0.00572	0.00606	0.00175	0.00734	0.00627	0.00337	0.04738
11	0.04522	0.01314	0.02084	0.14479	0.51249	0.02979	0.04907	0.08410	0.01358	0.01918	0.01049	0.01363	0.00847	0.00519	0.00546	0.00168	0.00677	0.00491	0.00299	0.00822
12	0.11369	0.01030	0.01198	0.00968	0.04769	0.00878	0.00734	0.04867	0.01248	0.11447	0.01127	0.01229	0.00871	0.00472	0.00433	0.00111	0.00440	0.00369	0.00382	0.56057
13	0.12232	0.01100	0.01275	0.10937	0.06601	0.06091	0.03296	0.09048	0.06767	0.01968	0.05882	0.12153	0.03736	0.02976	0.00595	0.00176	0.00527	0.00650	0.00399	0.13590

[dist]
# distance from previous block
# <min> <max>
12	48

[block]
# block no. 1 follows, 43 sequences, length 122
# corresponding to MSA columns:
# 166-287
name=unknown_B
#
# <colnr> <probs for GDERKNQSTAVLIFYWHMCP>
#	G	D	E	R	K	N	Q	S	T	A	V	L	I	F	Y	W	H	M	C	P
0	0.01651	0.03994	0.05367	0.01398	0.08226	0.08336	0.03283	0.17382	0.27252	0.09801	0.06218	0.01765	0.01453	0.00682	0.00553	0.00172	0.00575	0.00559	0.00490	0.00842
1	0.18482	0.01274	0.01305	0.01067	0.01447	0.04350	0.00864	0.25983	0.16868	0.18511	0.03338	0.01563	0.01207	0.00664	0.00514	0.00172	0.00517	0.00503	0.00532	0.00839
2	0.09089	0.01291	0.01438	0.01352	0.10092	0.04757	0.00969	0.22211	0.19325	0.13776	0.03398	0.01595	0.01232	0.00645	0.00527	0.00166	0.00533	0.00513	0.00499	0.06591
3	0.03022	0.01219	0.06907	0.01081	0.03152	0.00975	0.04227	0.09707	0.04844	0.11082	0.01229	0.01316	0.00929	0.00501	0.00472	0.00122	0.00500	0.00412	0.00396	0.47906
4	0.01466	0.01087	0.01441	0.03031	0.01588	0.00935	0.07975	0.09005	0.02686	0.13611	0.01239	0.01338	0.00932	0.00493	0.00477	0.00119	0.00499	0.00421	0.00403	0.51254
5	0.00727	0.00564	0.00661	0.00637	0.00792	0.00498	0.00478	0.00935	0.01433	0.01902	0.45450	0.04662	0.36764	0.01251	0.00654	0.00180	0.00270	0.01075	0.00568	0.00498
6	0.01392	0.01356	0.02227	0.03340	0.74799	0.03648	0.01681	0.01715	0.01270	0.01796	0.01036	0.01359	0.00872	0.00496	0.00547	0.00164	0.00668	0.00489	0.00274	0.00870
7	0.00674	0.00486	0.00639	0.00761	0.00801	0.00451	0.00509	0.00772	0.01070	0.01418	0.03181	0.76426	0.07329	0.01718	0.00704	0.00223	0.00319	0.01554	0.00514	0.00451
8	0.00675	0.00482	0.00643	0.00771	0.00803	0.00450	0.00514	0.00771	0.01060	0.01414	0.03053	0.80175	0.03663	0.01735	0.00707	0.00225	0.00321	0.01574	0.00514	0.00450
9	0.01405	0.01184	0.01262	0.01132	0.01444	0.01358	0.00892	0.08642	0.65416	0.02369	0.02223	0.02273	0.01726	0.00794	0.00576	0.00190	0.00457	0.05240	0.00559	0.00859
10	0.01425	0.01598	0.01627	0.50389	0.03036	0.29788	0.01365	0.01710	0.01279	0.01393	0.00937	0.01300	0.00729	0.00560	0.00534	0.00169	0.00835	0.00442	0.00261	0.00625
11	0.00789	0.00569	0.00747	0.00712	0.00842	0.00528	0.00540	0.01050	0.01554	0.02194	0.73317	0.04236	0.05130	0.01151	0.00658	0.00178	0.00273	0.04403	0.00605	0.00522
12	0.01117	0.02821	0.75307	0.01603	0.02413	0.01290	0.04362	0.01755	0.01174	0.01755	0.00998	0.01180	0.00706	0.00524	0.00530	0.00176	0.00822	0.00417	0.00235	0.00816
13	0.01325	0.01476	0.05666	0.02723	0.31952	0.01363	0.43568	0.01744	0.01284	0.01787	0.01085	0.01433	0.00850	0.00480	0.00608	0.00178	0.00821	0.00582	0.00276	0.00801
14	0.00675	0.00482	0.00643	0.00771	0.00803	0.00450	0.00514	0.00771	0.01060	0.01414	0.03053	0.80175	0.03663	0.01735	0.00707	0.00225	0.00321	0.01574	0.00514	0.00450
15	0.01187	0.01129	0.01917	0.46206	0.35708	0.01268	0.01608	0.01539	0.01174	0.01587	0.01009	0.01430	0.00799	0.00527	0.00551	0.00176	0.00703	0.00493	0.00258	0.00729
16	0.00675	0.00482	0.00643	0.00771	0.00803	0.00450	0.00514	0.00771	0.01060	0.01414	0.03053	0.80175	0.03663	0.01735	0.00707	0.00225	0.00321	0.01574	0.00514	0.00450
17	0.00675	0.00482	0.00643	0.00771	0.00803	0.00450	0.00514	0.00771	0.01060	0.01414	0.03053	0.80175	0.03663	0.01735	0.00707	0.00225	0.00321	0.01574	0.00514	0.00450
18	0.01561	0.01281	0.01356	0.01164	0.01510	0.01463	0.00921	0.21156	0.57569	0.02612	0.02021	0.01881	0.01502	0.00730	0.00561	0.00182	0.00481	0.00594	0.00561	0.00893
19	0.01371	0.01316	0.02248	0.03399	0.77081	0.01316	0.01700	0.01700	0.01261	0.01809	0.01042	0.01371	0.00877	0.00493	0.00548	0.00164	0.00658	0.00493	0.00274	0.00877
20	0.02485	0.00943	0.01285	0.00985	0.01414	0.00814	0.00814	0.02699	0.01585	0.77465	0.02185	0.01885	0.01371	0.00685	0.00557	0.00171	0.00471	0.00557	0.00685	0.00943
21	0.06410	0.02751	0.72780	0.01524	0.02313	0.01283	0.01954	0.01746	0.01155	0.01800	0.00980	0.01152	0.00695	0.00525	0.00515	0.00175	0.00794	0.00402	0.00241	0.00805
22	0.01340	0.01276	0.02128	0.10529	0.65241	0.01312	0.01632	0.01751	0.06004	0.01804	0.01113	0.01425	0.00916	0.00516	0.00550	0.00168	0.00652	0.00502	0.00290	0.00852
23	0.02414	0.00958	0.01283	0.00994	0.01415	0.00850	0.00818	0.02715	0.06322	0.72687	0.02189	0.01897	0.01391	0.00690	0.00557	0.00172	0.00469	0.00561	0.00678	0.00938
24	0.79128	0.01039	0.00809	0.00726	0.01056	0.01197	0.00595	0.01591	0.00982	0.02468	0.05605	0.01106	0.00894	0.00553	0.00362	0.00172	0.00418	0.00345	0.00360	0.00595
25	0.00675	0.00482	0.00643	0.00771	0.00803	0.00450	0.00514	0.00771	0.01060	0.01414	0.03053	0.80175	0.03663	0.01735	0.00707	0.00225	0.00321	0.01574	0.00514	0.00450
26	0.00675	0.00482	0.00643	0.00771	0.00803	0.00450	0.00514	0.00771	0.01060	0.01414	0.03053	0.80175	0.03663	0.01735	0.00707	0.00225	0.00321	0.01574	0.00514	0.00450
27	0.02052	0.01525	0.01632	0.01264	0.01697	0.01693	0.01040	0.69974	0.07951	0.03405	0.01397	0.01383	0.00996	0.00671	0.00555	0.00168	0.00597	0.00508	0.00555	0.00937
28	0.02247	0.00909	0.01219	0.00971	0.01354	0.00806	0.00787	0.02517	0.05264	0.66049	0.02276	0.09771	0.01618	0.00794	0.00572	0.00178	0.00455	0.00663	0.00662	0.00890
29	0.02400	0.00924	0.01258	0.00971	0.01384	0.00799	0.00799	0.02616	0.01584	0.73696	0.05922	0.01998	0.01564	0.00708	0.00562	0.00172	0.00461	0.00579	0.00682	0.00921
30	0.01120	0.04842	0.75771	0.01563	0.02372	0.01309	0.02018	0.01752	0.01168	0.01742	0.00988	0.01162	0.00702	0.00525	0.00522	0.00174	0.00813	0.00406	0.00234	0.00816
31	0.01388	0.04017	0.04459	0.18184	0.48205	0.10949	0.01576	0.01707	0.01262	0.01656	0.00997	0.01324	0.00818	0.00516	0.00536	0.00165	0.00720	0.00467	0.00267	0.00788
32	0.01569	0.00890	0.01054	0.00888	0.01116	0.00894	0.00659	0.19268	0.01473	0.22608	0.01857	0.08208	0.01689	0.32160	0.02926	0.00331	0.00538	0.00716	0.00496	0.00659
33	0.84448	0.01071	0.00814	0.00728	0.01071	0.01242	0.00600	0.01628	0.00943	0.02485	0.00771	0.00900	0.00600	0.00514	0.00343	0.00171	0.00428	0.00300	0.00343	0.00600
34	0.00710	0.00497	0.00632	0.00726	0.00750	0.00473	0.00466	0.00780	0.00992	0.01322	0.02700	0.59513	0.03218	0.23004	0.01277	0.00309	0.00380	0.01367	0.00466	0.00419
35	0.02105	0.01551	0.01662	0.01274	0.01717	0.01717	0.01053	0.75235	0.02604	0.03490	0.01330	0.01330	0.00942	0.00665	0.00554	0.00166	0.00609	0.00499	0.00554	0.00942
36	0.00675	0.00482	0.00643	0.00771	0.00803	0.00450	0.00514	0.00771	0.01060	0.01414	0.03053	0.80175	0.03663	0.01735	0.00707	0.00225	0.00321	0.01574	0.00514	0.00450
37	0.02096	0.01527	0.01642	0.01263	0.01703	0.01686	0.01042	0.71548	0.04456	0.05336	0.01375	0.01363	0.00972	0.00668	0.00554	0.00167	0.00602	0.00503	0.00558	0.00940
38	0.01804	0.01209	0.01397	0.01232	0.05275	0.01301	0.00937	0.20015	0.35261	0.20650	0.03587	0.01858	0.01472	0.00710	0.00561	0.00177	0.00494	0.00581	0.00577	0.00900
39	0.00697	0.00563	0.00620	0.00605	0.00774	0.00486	0.00454	0.00877	0.01362	0.01733	0.28844	0.04941	0.53475	0.01314	0.00654	0.00183	0.00274	0.01114	0.00545	0.00486
40	0.01111	0.02865	0.77667	0.01579	0.02397	0.01286	0.02046	0.01754	0.01169	0.01754	0.00994	0.01169	0.00702	0.00526	0.00526	0.00175	0.00818	0.00409	0.00234	0.00818
41	0.01222	0.01118	0.01862	0.40011	0.30876	0.01243	0.03386	0.05184	0.01220	0.01647	0.01025	0.01443	0.00817	0.00622	0.00657	0.05499	0.00690	0.00496	0.00273	0.00709
42	0.00705	0.00505	0.00664	0.00782	0.00823	0.00477	0.00526	0.02360	0.01093	0.01458	0.03016	0.78492	0.03605	0.01712	0.00704	0.00224	0.00327	0.01551	0.00515	0.00460
43	0.84448	0.01071	0.00814	0.00728	0.01071	0.01242	0.00600	0.01628	0.00943	0.02485	0.00771	0.00900	0.00600	0.00514	0.00343	0.00171	0.00428	0.00300	0.00343	0.00600
44	0.00677	0.00484	0.00645	0.00769	0.00804	0.00452	0.00514	0.00778	0.01072	0.01433	0.04784	0.78389	0.03700	0.01721	0.00706	0.00224	0.00320	0.01561	0.00516	0.00452
45	0.00675	0.00482	0.00643	0.00771	0.00803	0.00450	0.00514	0.00771	0.01060	0.01414	0.03053	0.80175	0.03663	0.01735	0.00707	0.00225	0.00321	0.01574	0.00514	0.00450
46	0.01949	0.01454	0.01572	0.01235	0.01643	0.01618	0.01012	0.63240	0.09887	0.03232	0.01432	0.01458	0.01045	0.00895	0.05501	0.00214	0.00648	0.00517	0.00539	0.00907
47	0.01371	0.01316	0.02248	0.03399	0.77081	0.01316	0.01700	0.01700	0.01261	0.01809	0.01042	0.01371	0.00877	0.00493	0.00548	0.00164	0.00658	0.00493	0.00274	0.00877
48	0.02485	0.00943	0.01285	0.00985	0.01414	0.00814	0.00814	0.02699	0.01585	0.77465	0.02185	0.01885	0.01371	0.00685	0.00557	0.00171	0.00471	0.00557	0.00685	0.00943
49	0.01111	0.02865	0.77667	0.01579	0.02397	0.01286	0.02046	0.01754	0.01169	0.01754	0.00994	0.01169	0.00702	0.00526	0.00526	0.00175	0.00818	0.00409	0.00234	0.00818
50	0.01127	0.04818	0.73365	0.01587	0.02388	0.01313	0.04361	0.01752	0.01173	0.01743	0.00992	0.01173	0.00706	0.00523	0.00526	0.00174	0.00816	0.00414	0.00235	0.00813
51	0.00751	0.00525	0.00645	0.00712	0.00743	0.00507	0.00454	0.02166	0.00996	0.01324	0.02580	0.47634	0.04708	0.31881	0.01512	0.00342	0.00408	0.01250	0.00446	0.00416
52	0.77355	0.01224	0.07356	0.00801	0.01184	0.01246	0.00723	0.01639	0.00962	0.02423	0.00790	0.00923	0.00608	0.00515	0.00358	0.00172	0.00462	0.00309	0.00333	0.00618
53	0.00946	0.00602	0.00774	0.00713	0.00876	0.00546	0.00539	0.01181	0.01513	0.09962	0.58579	0.05962	0.12048	0.02464	0.00681	0.00183	0.00291	0.00984	0.00601	0.00556
54	0.00675	0.00482	0.00643	0.00771	0.00803	0.00450	0.00514	0.00771	0.01060	0.01414	0.03053	0.80175	0.03663	0.01735	0.00707	0.00225	0.00321	0.01574	0.00514	0.00450
55	0.02105	0.01551	0.01662	0.01274	0.01717	0.01717	0.01053	0.75235	0.02604	0.03490	0.01330	0.01330	0.00942	0.00665	0.00554	0.00166	0.00609	0.00499	0.00554	0.00942
56	0.04967	0.00946	0.01271	0.00978	0.01403	0.00827	0.00808	0.02667	0.01566	0.75194	0.02142	0.01855	0.01348	0.00680	0.00550	0.00171	0.00470	0.00549	0.00675	0.00932
57	0.02389	0.00921	0.01254	0.00969	0.01381	0.00798	0.00798	0.02605	0.01584	0.73207	0.06407	0.02013	0.01589	0.00711	0.00562	0.00172	0.00459	0.00582	0.00681	0.00919
58	0.01378	0.01190	0.01252	0.01127	0.01440	0.01378	0.00877	0.02943	0.76081	0.02317	0.02254	0.02066	0.01691	0.00751	0.00564	0.00188	0.00438	0.00626	0.00564	0.00877
59	0.01584	0.67081	0.02667	0.01032	0.01473	0.15608	0.00969	0.01756	0.01204	0.01312	0.00785	0.00908	0.00711	0.00491	0.00381	0.00123	0.00664	0.00307	0.00245	0.00699
60	0.01157	0.01005	0.01202	0.03247	0.01401	0.00835	0.00725	0.01441	0.03533	0.01779	0.01009	0.01192	0.00840	0.00461	0.00509	0.00099	0.05452	0.00353	0.00328	0.73433
61	0.43816	0.01388	0.10751	0.03465	0.01489	0.03585	0.00924	0.11420	0.03110	0.13678	0.01128	0.01186	0.00807	0.00570	0.00442	0.00171	0.00535	0.00394	0.00408	0.00732
62	0.01378	0.01190	0.01252	0.01127	0.01440	0.01378	0.00877	0.02943	0.76081	0.02317	0.02254	0.02066	0.01691	0.00751	0.00564	0.00188	0.00438	0.00626	0.00564	0.00877
63	0.01148	0.00984	0.01148	0.00820	0.01312	0.00738	0.00656	0.01395	0.01148	0.01805	0.00984	0.01148	0.00820	0.00410	0.00410	0.00082	0.00410	0.00328	0.00328	0.83922
64	0.61807	0.01203	0.01047	0.00878	0.01249	0.01373	0.00724	0.21867	0.01399	0.02761	0.00925	0.01018	0.00694	0.00556	0.00401	0.00170	0.00478	0.00355	0.00401	0.00694
65	0.02102	0.01131	0.01327	0.01073	0.01465	0.03065	0.00867	0.11283	0.23748	0.44592	0.02071	0.01851	0.01398	0.00700	0.00557	0.00175	0.00491	0.00565	0.00624	0.00915
66	0.00675	0.00482	0.00643	0.00771	0.00803	0.00450	0.00514	0.00771	0.01060	0.01414	0.03053	0.80175	0.03663	0.01735	0.00707	0.00225	0.00321	0.01574	0.00514	0.00450
67	0.00780	0.00569	0.00763	0.00793	0.00847	0.00550	0.03518	0.02730	0.01026	0.01370	0.02499	0.49717	0.02934	0.27618	0.01397	0.00325	0.00425	0.01256	0.00447	0.00437
68	0.12177	0.01327	0.01348	0.01123	0.01488	0.03878	0.00901	0.29500	0.31485	0.06407	0.03561	0.01656	0.01318	0.00690	0.00532	0.00175	0.00515	0.00535	0.00530	0.00853
69	0.00716	0.00525	0.00678	0.00779	0.00835	0.00501	0.00531	0.00898	0.04855	0.01512	0.07759	0.69730	0.05324	0.01640	0.00695	0.00219	0.00322	0.01481	0.00523	0.00476
70	0.04706	0.01366	0.01531	0.01177	0.01613	0.01450	0.00972	0.52659	0.02268	0.24210	0.01553	0.01472	0.01052	0.00666	0.00548	0.00168	0.00565	0.00509	0.00585	0.00932
71	0.00730	0.00503	0.00663	0.00769	0.00820	0.00467	0.00523	0.00836	0.01090	0.03355	0.04810	0.70587	0.05941	0.03569	0.00752	0.00229	0.00332	0.03043	0.00516	0.00463
72	0.40183	0.00875	0.00865	0.00767	0.01048	0.00909	0.00601	0.01535	0.01147	0.12958	0.12087	0.11636	0.01834	0.04529	0.00585	0.00189	0.00401	0.00623	0.00450	0.06779
73	0.00678	0.00483	0.00642	0.00767	0.00798	0.00452	0.00510	0.00772	0.01054	0.01405	0.03020	0.78299	0.03623	0.03666	0.00759	0.00233	0.00327	0.01556	0.00510	0.00447
74	0.00675	0.00482	0.00643	0.00771	0.00803	0.00450	0.00514	0.00771	0.01060	0.01414	0.03053	0.80175	0.03663	0.01735	0.00707	0.00225	0.00321	0.01574	0.00514	0.00450
75	0.01198	0.00633	0.00831	0.00795	0.00966	0.00568	0.00586	0.01358	0.01308	0.22581	0.16717	0.36139	0.08932	0.03806	0.00718	0.00208	0.00355	0.01131	0.00574	0.00597
76	0.01170	0.00647	0.00848	0.00838	0.00990	0.00601	0.00610	0.04820	0.01298	0.19104	0.08952	0.51968	0.03135	0.01391	0.00660	0.00206	0.00365	0.01240	0.00564	0.00593
77	0.84448	0.01071	0.00814	0.00728	0.01071	0.01242	0.00600	0.01628	0.00943	0.02485	0.00771	0.00900	0.00600	0.00514	0.00343	0.00171	0.00428	0.00300	0.00343	0.00600
78	0.01148	0.00984	0.01148	0.00820	0.01312	0.00738	0.00656	0.01395	0.01148	0.01805	0.00984	0.01148	0.00820	0.00410	0.00410	0.00082	0.00410	0.00328	0.00328	0.83922
79	0.01580	0.00827	0.01043	0.00883	0.01143	0.00787	0.00685	0.11841	0.01584	0.29863	0.22911	0.12310	0.02728	0.08250	0.00809	0.00212	0.00419	0.00822	0.00593	0.00709
80	0.00940	0.00565	0.00627	0.00606	0.00705	0.00560	0.00421	0.03325	0.01183	0.01833	0.18164	0.02982	0.02422	0.25674	0.01209	0.00267	0.00356	0.00712	0.36974	0.00474
81	0.01017	0.00618	0.00815	0.00736	0.00908	0.00563	0.00563	0.01272	0.01570	0.12537	0.66561	0.03828	0.04697	0.01071	0.00640	0.00174	0.00290	0.00941	0.00620	0.00580
82	0.00794	0.00583	0.00838	0.00838	0.00919	0.00664	0.00627	0.00955	0.00875	0.01247	0.01531	0.02441	0.01500	0.18123	0.64530	0.00825	0.01310	0.00632	0.00304	0.00465
83	0.00700	0.00503	0.00640	0.00726	0.00774	0.00469	0.00484	0.00801	0.01085	0.01444	0.09375	0.57679	0.09194	0.12213	0.00981	0.00259	0.00342	0.01391	0.00498	0.00442
84	0.00784	0.00566	0.00740	0.00697	0.00827	0.00523	0.00523	0.01045	0.01568	0.02221	0.76789	0.04137	0.05226	0.01132	0.00653	0.00174	0.00261	0.01002	0.00610	0.00523
85	0.01163	0.00997	0.01155	0.00840	0.01321	0.00779	0.00670	0.01493	0.05913	0.01837	0.01065	0.01207	0.00876	0.00432	0.00420	0.00089	0.00412	0.00347	0.00343	0.78641
86	0.01111	0.02865	0.77667	0.01579	0.02397	0.01286	0.02046	0.01754	0.01169	0.01754	0.00994	0.01169	0.00702	0.00526	0.00526	0.00175	0.00818	0.00409	0.00234	0.00818
87	0.01390	0.53928	0.16208	0.01227	0.01764	0.01899	0.09568	0.01753	0.04908	0.01488	0.00924	0.01066	0.00773	0.00496	0.00430	0.00140	0.00664	0.00374	0.00258	0.00742
88	0.01136	0.01014	0.01238	0.01106	0.01302	0.09928	0.06289	0.10082	0.01206	0.01594	0.01365	0.01887	0.01213	0.03044	0.54184	0.00664	0.01281	0.00559	0.00325	0.00584
89	0.01293	0.00993	0.01143	0.00898	0.01296	0.00883	0.00707	0.06589	0.13913	0.07565	0.02925	0.06882	0.02945	0.02550	0.00544	0.00137	0.00424	0.00532	0.00431	0.47351
90	0.08584	0.00609	0.00823	0.05721	0.01002	0.00619	0.00575	0.00912	0.00828	0.01238	0.02924	0.03071	0.01062	0.01563	0.01689	0.60505	0.00478	0.00486	0.00272	0.07037
91	0.01118	0.02376	0.55342	0.01677	0.02377	0.01244	0.17756	0.01679	0.01190	0.01731	0.01187	0.07593	0.00970	0.00611	0.00568	0.00182	0.00803	0.00556	0.00266	0.00773
92	0.00759	0.00584	0.00695	0.00664	0.00820	0.00531	0.00499	0.01020	0.03827	0.01977	0.50176	0.04478	0.29517	0.01212	0.00651	0.00179	0.00273	0.01047	0.00576	0.00515
93	0.18376	0.00847	0.01006	0.00834	0.01153	0.00803	0.00672	0.01940	0.01435	0.38202	0.22235	0.02472	0.06121	0.00809	0.00545	0.00173	0.00396	0.00657	0.00587	0.00736
94	0.00734	0.00512	0.00674	0.00750	0.00814	0.00475	0.00516	0.00869	0.01183	0.02953	0.19692	0.58455	0.05395	0.03298	0.00737	0.00219	0.00314	0.01402	0.00535	0.00473
95	0.01307	0.01494	0.03268	0.02334	0.02894	0.01401	0.75070	0.01774	0.01307	0.01774	0.01120	0.01494	0.00840	0.00467	0.00654	0.00187	0.00934	0.00654	0.00280	0.00747
96	0.02543	0.00651	0.00846	0.00759	0.00954	0.00591	0.00582	0.01387	0.01514	0.18587	0.51100	0.08465	0.07666	0.01075	0.00630	0.00177	0.00315	0.00937	0.00611	0.00608
97	0.00893	0.00578	0.00746	0.00724	0.00861	0.00526	0.00533	0.01097	0.01412	0.08399	0.45741	0.21123	0.11233	0.02724	0.00697	0.00193	0.00300	0.01104	0.00581	0.00534
98	0.00975	0.00610	0.00795	0.00723	0.00892	0.00554	0.00551	0.01225	0.01554	0.10921	0.64561	0.03935	0.08366	0.01094	0.00642	0.00175	0.00287	0.00958	0.00614	0.00569
99	0.02485	0.00943	0.01285	0.00985	0.01414	0.00814	0.00814	0.02699	0.01585	0.77465	0.02185	0.01885	0.01371	0.00685	0.00557	0.00171	0.00471	0.00557	0.00685	0.00943
100	0.00809	0.00537	0.00706	0.00797	0.00862	0.00507	0.00545	0.03126	0.01133	0.05286	0.02957	0.73863	0.03466	0.01650	0.00695	0.00220	0.00338	0.01491	0.00524	0.00489
101	0.00884	0.00584	0.00733	0.00727	0.00863	0.00534	0.00530	0.01092	0.02899	0.08145	0.32550	0.27200	0.16569	0.03221	0.00712	0.00201	0.00311	0.01154	0.00563	0.00529
102	0.01634	0.01104	0.01167	0.00950	0.01257	0.01201	0.00767	0.42234	0.03684	0.02859	0.01553	0.01658	0.01162	0.00659	0.00484	0.00151	0.00457	0.00509	0.35753	0.00760
103	0.00795	0.00586	0.00745	0.00702	0.00842	0.00546	0.00527	0.01090	0.03912	0.02178	0.69944	0.04146	0.09623	0.01137	0.00650	0.00175	0.00268	0.01000	0.00602	0.00530
104	0.00969	0.00591	0.00783	0.00753	0.00895	0.00540	0.00557	0.01181	0.01437	0.11470	0.48031	0.23836	0.04330	0.01234	0.00655	0.00187	0.00303	0.01096	0.00594	0.00556
105	0.84448	0.01071	0.00814	0.00728	0.01071	0.01242	0.00600	0.01628	0.00943	0.02485	0.00771	0.00900	0.00600	0.00514	0.00343	0.00171	0.00428	0.00300	0.00343	0.00600
106	0.84448	0.01071	0.00814	0.00728	0.01071	0.01242	0.00600	0.01628	0.00943	0.02485	0.00771	0.00900	0.00600	0.00514	0.00343	0.00171	0.00428	0.00300	0.00343	0.00600
107	0.02133	0.01506	0.01634	0.01253	0.01695	0.01651	0.01035	0.69862	0.02528	0.08970	0.01393	0.01371	0.00974	0.00666	0.00554	0.00167	0.00599	0.00503	0.00564	0.00942
108	0.02485	0.00943	0.01285	0.00985	0.01414	0.00814	0.00814	0.02699	0.01585	0.77465	0.02185	0.01885	0.01371	0.00685	0.00557	0.00171	0.00471	0.00557	0.00685	0.00943
109	0.06267	0.00964	0.01261	0.00982	0.01399	0.00870	0.00808	0.02664	0.06292	0.69162	0.02123	0.01850	0.01355	0.00682	0.00547	0.00172	0.00467	0.00549	0.00662	0.00922
110	0.00798	0.00537	0.00616	0.00618	0.00629	0.00532	0.00357	0.00822	0.00873	0.01173	0.07360	0.06948	0.02322	0.71272	0.02568	0.00497	0.00507	0.00853	0.00364	0.00354
111	0.16505	0.00977	0.01206	0.00945	0.01353	0.00911	0.00779	0.04811	0.01507	0.60770	0.03357	0.01742	0.01299	0.00664	0.00522	0.00171	0.00464	0.00520	0.00621	0.00876
112	0.02357	0.00929	0.01260	0.00991	0.01397	0.00816	0.00820	0.02606	0.03323	0.70871	0.02234	0.02167	0.01494	0.00741	0.00570	0.00177	0.00473	0.05188	0.00671	0.00913
113	0.02082	0.01529	0.01643	0.01263	0.01697	0.01692	0.01041	0.73693	0.02565	0.03438	0.01322	0.01337	0.00942	0.00691	0.00587	0.01898	0.00607	0.00498	0.00548	0.00927
114	0.10313	0.02155	0.01489	0.01304	0.01629	0.49409	0.01005	0.16938	0.07234	0.01971	0.01047	0.01135	0.00820	0.00597	0.00499	0.00154	0.00821	0.00400	0.00366	0.00716
115	0.00754	0.00521	0.00614	0.00655	0.00678	0.00504	0.00399	0.00794	0.00917	0.01211	0.02414	0.28516	0.07307	0.49993	0.01998	0.00414	0.00451	0.01077	0.00405	0.00381
116	0.00784	0.00566	0.00740	0.00697	0.00827	0.00523	0.00523	0.01045	0.01568	0.02221	0.76789	0.04137	0.05226	0.01132	0.00653	0.00174	0.00261	0.01002	0.00610	0.00523
117	0.04222	0.01519	0.01628	0.01251	0.01691	0.01676	0.01033	0.71026	0.02529	0.05838	0.01343	0.01337	0.00947	0.00662	0.00549	0.00167	0.00600	0.00495	0.00553	0.00933
118	0.01745	0.02099	0.03917	0.10548	0.10281	0.47437	0.01195	0.02155	0.12271	0.01564	0.01098	0.01255	0.00876	0.00585	0.00521	0.00157	0.00844	0.00428	0.00318	0.00704
119	0.00675	0.00482	0.00643	0.00771	0.00803	0.00450	0.00514	0.00771	0.01060	0.01414	0.03053	0.80175	0.03663	0.01735	0.00707	0.00225	0.00321	0.01574	0.00514	0.00450
120	0.01297	0.01462	0.03133	0.02238	0.02794	0.01358	0.70338	0.01750	0.01297	0.01776	0.01112	0.01472	0.00839	0.00463	0.00638	0.00180	0.00900	0.00633	0.00283	0.06036
121	0.06995	0.01382	0.01959	0.11800	0.48138	0.06591	0.01478	0.11526	0.01422	0.02001	0.01043	0.01321	0.00840	0.00530	0.00533	0.00166	0.00669	0.00472	0.00314	0.00820

[dist]
# distance from previous block
# <min> <max>
0	13

# created by:
# /st0/software/busco_prod/Augustus/scripts/msa2prfl.pl ./align_prep/210833.fa
