[name]
unknown

[dist]
# distance from previous block
# <min> <max>
42	227

[block]
# block no. 0 follows, 44 sequences, length 10
# corresponding to MSA columns:
# 298-307
name=unknown_A
#
# <colnr> <probs for GDERKNQSTAVLIFYWHMCP>
#	G	D	E	R	K	N	Q	S	T	A	V	L	I	F	Y	W	H	M	C	P
0	0.05560	0.01025	0.01496	0.27727	0.11157	0.01122	0.02505	0.07968	0.01295	0.15859	0.01446	0.06288	0.02840	0.02862	0.00683	0.00187	0.05607	0.00572	0.00384	0.03418
1	0.09249	0.00862	0.01041	0.04470	0.01278	0.00841	0.00725	0.08317	0.04456	0.21505	0.07770	0.17331	0.01976	0.00892	0.00549	0.00172	0.00424	0.03799	0.04182	0.10163
2	0.09704	0.06892	0.05405	0.03434	0.07688	0.01183	0.03447	0.15362	0.05319	0.09242	0.03381	0.09311	0.05603	0.00866	0.00713	0.06758	0.03963	0.00618	0.00416	0.00696
3	0.06440	0.01109	0.01329	0.15150	0.01780	0.04518	0.02362	0.13880	0.12147	0.12246	0.01563	0.01747	0.03598	0.00758	0.00707	0.04826	0.06316	0.01866	0.05512	0.02145
4	0.04434	0.00750	0.00863	0.00835	0.03372	0.02762	0.00595	0.03264	0.05543	0.06583	0.26404	0.10894	0.14433	0.07873	0.00837	0.03283	0.00377	0.00869	0.00494	0.05535
5	0.03802	0.00809	0.01100	0.15825	0.01564	0.00868	0.02798	0.06584	0.04554	0.08997	0.14667	0.13120	0.03734	0.06908	0.00852	0.03921	0.03281	0.00765	0.05261	0.00589
6	0.01066	0.00549	0.00583	0.00562	0.00694	0.00548	0.00418	0.03209	0.01169	0.04344	0.04279	0.02131	0.01516	0.04510	0.00599	0.04272	0.00294	0.00537	0.68210	0.00511
7	0.14704	0.01183	0.01449	0.33507	0.05457	0.08550	0.01161	0.05164	0.01219	0.11371	0.01085	0.01346	0.00810	0.00601	0.00624	0.00177	0.08314	0.00450	0.02159	0.00669
8	0.02091	0.01025	0.05804	0.03298	0.01466	0.00839	0.00867	0.04814	0.01539	0.57993	0.09735	0.01987	0.01651	0.00697	0.00551	0.00166	0.00473	0.00573	0.00611	0.03820
9	0.01156	0.01011	0.01654	0.68135	0.07954	0.01220	0.01472	0.04731	0.01184	0.04822	0.01039	0.01458	0.00771	0.00552	0.00545	0.00179	0.00705	0.00488	0.00276	0.00649

[dist]
# distance from previous block
# <min> <max>
0	1

[block]
# block no. 1 follows, 44 sequences, length 7
# corresponding to MSA columns:
# 309-315
name=unknown_B
#
# <colnr> <probs for GDERKNQSTAVLIFYWHMCP>
#	G	D	E	R	K	N	Q	S	T	A	V	L	I	F	Y	W	H	M	C	P
0	0.01042	0.01016	0.01841	0.55947	0.03262	0.01163	0.15993	0.01395	0.01124	0.01463	0.01211	0.09834	0.01052	0.00651	0.00580	0.00186	0.00721	0.00629	0.00277	0.00614
1	0.01070	0.00744	0.00918	0.04403	0.01138	0.00709	0.00644	0.04764	0.07933	0.09572	0.29601	0.13109	0.12366	0.01025	0.00598	0.00171	0.00356	0.00887	0.00532	0.09461
2	0.01018	0.00863	0.01320	0.49334	0.02684	0.00968	0.01140	0.01320	0.01183	0.04977	0.09304	0.02278	0.12769	0.00722	0.00558	0.00172	0.00572	0.00624	0.00344	0.07848
3	0.01139	0.09874	0.01387	0.22744	0.01857	0.01047	0.00958	0.01370	0.01041	0.09435	0.01271	0.01752	0.01082	0.05795	0.28564	0.00435	0.04491	0.00512	0.00313	0.04931
4	0.01257	0.22488	0.15623	0.01181	0.01594	0.01384	0.07147	0.12951	0.01310	0.01767	0.04206	0.01522	0.01108	0.01537	0.22201	0.00353	0.00884	0.00481	0.00316	0.00690
5	0.11261	0.21195	0.25841	0.01228	0.01719	0.23637	0.01251	0.01790	0.01244	0.01611	0.04008	0.01126	0.00868	0.00541	0.00454	0.00149	0.00736	0.00373	0.00273	0.00693
6	0.23948	0.27867	0.18453	0.01084	0.01569	0.09152	0.01097	0.08125	0.01238	0.01885	0.00862	0.00986	0.00688	0.00514	0.00414	0.00149	0.00629	0.00340	0.00292	0.00706

[dist]
# distance from previous block
# <min> <max>
0	11

[block]
# block no. 2 follows, 44 sequences, length 88
# corresponding to MSA columns:
# 327-393,397-417
name=unknown_C
#
# <colnr> <probs for GDERKNQSTAVLIFYWHMCP>
#	G	D	E	R	K	N	Q	S	T	A	V	L	I	F	Y	W	H	M	C	P
0	0.09959	0.46239	0.21237	0.04592	0.01702	0.03459	0.01186	0.01641	0.01118	0.01540	0.02512	0.01044	0.00786	0.00503	0.00409	0.00141	0.00630	0.00345	0.00253	0.00705
1	0.07892	0.31327	0.33121	0.01153	0.01704	0.01516	0.01304	0.01636	0.03341	0.01656	0.06893	0.01316	0.01086	0.00674	0.03134	0.00176	0.00661	0.00411	0.00280	0.00717
2	0.01210	0.11349	0.55126	0.01625	0.05105	0.01367	0.10887	0.01745	0.01179	0.04036	0.01007	0.01189	0.00735	0.00509	0.00516	0.00167	0.00778	0.00428	0.00251	0.00791
3	0.01248	0.10718	0.54764	0.01422	0.02083	0.08759	0.01686	0.04614	0.02565	0.01708	0.01075	0.03403	0.00853	0.00580	0.00510	0.00167	0.00765	0.02048	0.00267	0.00767
4	0.00952	0.05387	0.07097	0.00979	0.01154	0.03731	0.00834	0.02804	0.00959	0.01333	0.01278	0.01844	0.01173	0.03064	0.53648	0.06834	0.05590	0.00529	0.00282	0.00527
5	0.71234	0.07405	0.01017	0.00779	0.01126	0.05535	0.00649	0.01667	0.00994	0.04498	0.00804	0.00918	0.00627	0.00511	0.00353	0.00163	0.00466	0.00305	0.00336	0.00611
6	0.01150	0.01147	0.01501	0.01291	0.01392	0.07691	0.05375	0.01321	0.00993	0.01414	0.06887	0.01604	0.01200	0.01512	0.16803	0.00344	0.44279	0.00533	0.00286	0.03278
7	0.01950	0.02461	0.01691	0.01513	0.03280	0.69804	0.06891	0.02119	0.01507	0.01375	0.00865	0.01032	0.00715	0.00559	0.00526	0.00146	0.02264	0.00379	0.00280	0.00644
8	0.01300	0.05343	0.41525	0.01448	0.07019	0.01275	0.01493	0.12314	0.06955	0.04385	0.02549	0.01504	0.01012	0.06848	0.00696	0.00195	0.00677	0.00476	0.00333	0.02652
9	0.01206	0.18538	0.57921	0.01467	0.03556	0.01439	0.03530	0.01728	0.01156	0.03329	0.00964	0.01122	0.00714	0.00509	0.00488	0.00161	0.00753	0.00391	0.00243	0.00786
10	0.00702	0.00560	0.00636	0.00653	0.00810	0.00493	0.00504	0.00876	0.01287	0.01619	0.17866	0.09298	0.49507	0.01369	0.00663	0.00194	0.00308	0.11658	0.00522	0.00475
11	0.04589	0.01055	0.02813	0.01019	0.01419	0.00988	0.00849	0.11380	0.10903	0.51992	0.04028	0.01924	0.01444	0.00703	0.00549	0.00172	0.00477	0.02188	0.00620	0.00887
12	0.00952	0.00780	0.02718	0.17466	0.07772	0.00784	0.01011	0.01214	0.01211	0.03635	0.05832	0.14258	0.05557	0.01184	0.00665	0.00215	0.00521	0.33230	0.00434	0.00561
13	0.00703	0.00502	0.00677	0.00803	0.00852	0.00476	0.00574	0.00826	0.01082	0.01435	0.02983	0.67018	0.03521	0.01671	0.00706	0.00227	0.00350	0.14634	0.00505	0.00454
14	0.01093	0.02820	0.78016	0.01554	0.02360	0.01266	0.02014	0.01727	0.01151	0.01727	0.00978	0.01151	0.00691	0.00518	0.00518	0.00173	0.00806	0.00403	0.00230	0.00806
15	0.01161	0.00845	0.01063	0.15972	0.01546	0.00910	0.00786	0.13366	0.06570	0.06760	0.03547	0.12430	0.10312	0.18865	0.03237	0.00280	0.00533	0.00790	0.00433	0.00594
16	0.00779	0.00584	0.00876	0.00876	0.00974	0.00681	0.00681	0.00974	0.00876	0.01266	0.01460	0.02142	0.01363	0.04089	0.78680	0.00876	0.01460	0.00584	0.00292	0.00487
17	0.01933	0.01458	0.01557	0.01226	0.01637	0.01625	0.01002	0.61430	0.16982	0.03210	0.01486	0.01450	0.01071	0.00671	0.00547	0.00168	0.00567	0.00515	0.00547	0.00915
18	0.01190	0.01999	0.33935	0.01950	0.02592	0.01307	0.43211	0.01712	0.01224	0.01729	0.01103	0.03466	0.00846	0.00517	0.00593	0.00180	0.00856	0.00569	0.00263	0.00756
19	0.08193	0.07181	0.01539	0.07242	0.01673	0.01488	0.00963	0.45707	0.04716	0.06827	0.03029	0.03756	0.01108	0.00666	0.00516	0.00164	0.00554	0.00511	0.03349	0.00819
20	0.01713	0.00884	0.03305	0.00890	0.01193	0.03373	0.00741	0.01953	0.01475	0.40684	0.20048	0.02717	0.02372	0.00838	0.00568	0.00171	0.00424	0.06840	0.09072	0.00736
21	0.01085	0.01015	0.01658	0.61961	0.12716	0.01187	0.01450	0.01463	0.02925	0.01493	0.01006	0.01429	0.00773	0.00531	0.00534	0.00171	0.00684	0.00475	0.00260	0.07184
22	0.23543	0.25441	0.12888	0.01101	0.01533	0.22025	0.01035	0.03969	0.01225	0.01732	0.00829	0.00959	0.00677	0.00515	0.00414	0.00146	0.00679	0.00330	0.00282	0.00675
23	0.01083	0.02393	0.59650	0.01556	0.02253	0.01198	0.11501	0.01652	0.01212	0.01780	0.09408	0.01516	0.01200	0.00576	0.00548	0.00174	0.00760	0.00499	0.00277	0.00764
24	0.02212	0.00877	0.01186	0.00927	0.01310	0.00760	0.00759	0.02426	0.01549	0.67389	0.10337	0.02196	0.04019	0.00743	0.00561	0.00169	0.00436	0.00613	0.00662	0.00869
25	0.00668	0.00476	0.00632	0.00755	0.00786	0.00445	0.00501	0.00760	0.01037	0.01383	0.02971	0.78475	0.03563	0.03775	0.00750	0.00229	0.00322	0.01530	0.00501	0.00440
26	0.00695	0.00535	0.00700	0.06874	0.01012	0.00511	0.00566	0.00830	0.01121	0.01458	0.07952	0.53334	0.19388	0.01510	0.00670	0.00207	0.00336	0.01345	0.00491	0.00464
27	0.00772	0.00557	0.00729	0.00686	0.00814	0.00514	0.00514	0.01029	0.01543	0.02186	0.77152	0.04072	0.05144	0.01115	0.00643	0.00171	0.00257	0.00986	0.00600	0.00514
28	0.04109	0.01190	0.01772	0.13688	0.24450	0.01415	0.03523	0.01710	0.13187	0.01672	0.01101	0.01412	0.00913	0.00689	0.00947	0.00195	0.26497	0.00502	0.00304	0.00724
29	0.02446	0.00928	0.01265	0.00970	0.01392	0.00801	0.00801	0.02657	0.01560	0.77817	0.02151	0.01856	0.01350	0.00675	0.00548	0.00169	0.00464	0.00548	0.00675	0.00928
30	0.00975	0.03357	0.03114	0.08219	0.02634	0.00771	0.00783	0.02576	0.07570	0.05661	0.15808	0.18489	0.13101	0.01169	0.00634	0.00196	0.00421	0.13455	0.00490	0.00577
31	0.00766	0.00553	0.00724	0.00690	0.00813	0.00511	0.00514	0.01014	0.01517	0.02144	0.73216	0.08129	0.05062	0.01146	0.00646	0.00174	0.00260	0.01016	0.00595	0.00511
32	0.04171	0.75054	0.02732	0.00947	0.01401	0.05561	0.00927	0.01656	0.01122	0.01323	0.00762	0.00880	0.00696	0.00472	0.00356	0.00119	0.00596	0.00294	0.00239	0.00693
33	0.25497	0.28061	0.19524	0.01177	0.01687	0.03272	0.09300	0.01691	0.02361	0.01791	0.00873	0.01029	0.00696	0.00496	0.00424	0.00154	0.00631	0.00364	0.00274	0.00698
34	0.01167	0.03766	0.52822	0.03793	0.02436	0.04006	0.19016	0.01715	0.01192	0.01693	0.01044	0.02986	0.00789	0.00532	0.00548	0.00174	0.00821	0.00483	0.00249	0.00768
35	0.01090	0.13349	0.48541	0.01342	0.01942	0.01266	0.04612	0.01560	0.01181	0.01685	0.09773	0.06722	0.01400	0.00666	0.00556	0.00170	0.02585	0.00542	0.00293	0.00725
36	0.00959	0.07610	0.26085	0.00998	0.01375	0.00896	0.01045	0.01324	0.01354	0.03057	0.41170	0.02880	0.03148	0.03020	0.00638	0.00179	0.00479	0.02716	0.00442	0.00625
37	0.01108	0.02127	0.47336	0.01557	0.02184	0.01185	0.16710	0.03075	0.03457	0.01833	0.11098	0.03225	0.01395	0.00617	0.00565	0.00176	0.00732	0.00560	0.00309	0.00750
38	0.00760	0.00553	0.00716	0.00683	0.00809	0.00508	0.00509	0.01004	0.01506	0.02115	0.70210	0.07594	0.08678	0.01155	0.00645	0.00174	0.00261	0.01020	0.00591	0.00508
39	0.00667	0.00490	0.00625	0.00725	0.00784	0.00449	0.00493	0.00776	0.01098	0.01443	0.07041	0.65590	0.14560	0.01630	0.00686	0.00213	0.00307	0.01463	0.00511	0.00449
40	0.00677	0.00554	0.00598	0.00587	0.00757	0.00474	0.00440	0.00846	0.01320	0.01657	0.24041	0.04943	0.58585	0.01312	0.00644	0.00181	0.00271	0.01108	0.00531	0.00474
41	0.00792	0.00530	0.00604	0.00604	0.00607	0.00533	0.00342	0.00799	0.00796	0.01064	0.01709	0.03522	0.01962	0.78362	0.05226	0.00540	0.00559	0.00786	0.00329	0.00335
42	0.01332	0.01278	0.02181	0.07494	0.73428	0.01291	0.01664	0.01658	0.01233	0.01760	0.01022	0.01355	0.00856	0.00489	0.00540	0.00163	0.00652	0.00486	0.00268	0.00850
43	0.84691	0.01054	0.00801	0.00717	0.01054	0.01223	0.00590	0.01603	0.00928	0.02446	0.00759	0.00886	0.00590	0.00506	0.00337	0.00169	0.00422	0.00295	0.00337	0.00590
44	0.00791	0.00530	0.00604	0.00601	0.00610	0.00528	0.00343	0.00809	0.00844	0.01134	0.06833	0.03602	0.02196	0.75434	0.02630	0.00504	0.00510	0.00806	0.00349	0.00343
45	0.02072	0.01527	0.01636	0.01254	0.01691	0.01691	0.01036	0.75622	0.02563	0.03436	0.01309	0.01309	0.00927	0.00654	0.00545	0.00164	0.00600	0.00491	0.00545	0.00927
46	0.02083	0.01511	0.01626	0.01247	0.01683	0.01666	0.01030	0.73631	0.02536	0.05465	0.01332	0.01324	0.00939	0.00655	0.00545	0.00164	0.00596	0.00492	0.00549	0.00927
47	0.01325	0.00870	0.00914	0.03958	0.01103	0.02711	0.00641	0.22866	0.01557	0.02357	0.01666	0.06785	0.01358	0.00704	0.00458	0.00146	0.00395	0.00565	0.48989	0.00633
48	0.00664	0.00474	0.00633	0.00759	0.00791	0.00443	0.00506	0.00759	0.01044	0.01392	0.03005	0.80485	0.03606	0.01708	0.00696	0.00221	0.00316	0.01550	0.00506	0.00443
49	0.01979	0.01457	0.01577	0.01235	0.01647	0.01607	0.01024	0.69792	0.02461	0.03295	0.01432	0.01688	0.01100	0.00721	0.00562	0.00170	0.00592	0.06225	0.00542	0.00894
50	0.26344	0.00932	0.01066	0.07065	0.01344	0.01092	0.00796	0.12655	0.01170	0.01981	0.01152	0.01527	0.00979	0.01969	0.31309	0.00451	0.05213	0.00468	0.01887	0.00601
51	0.29224	0.01247	0.09074	0.25611	0.04546	0.01221	0.01111	0.09946	0.01208	0.02044	0.00940	0.01193	0.00717	0.00564	0.00503	0.02359	0.00584	0.00401	0.00315	0.07196
52	0.01356	0.01171	0.01233	0.01109	0.01418	0.01356	0.00863	0.02897	0.76455	0.02281	0.02219	0.02034	0.01664	0.00740	0.00555	0.00185	0.00431	0.00616	0.00555	0.00863
53	0.01926	0.01190	0.01342	0.01052	0.01437	0.03309	0.00854	0.33415	0.03375	0.25415	0.01577	0.01611	0.01129	0.03546	0.04242	0.00201	0.00569	0.00506	0.04277	0.09029
54	0.01284	0.07214	0.01252	0.00866	0.01259	0.00912	0.00703	0.07723	0.03628	0.07935	0.08886	0.01588	0.01357	0.00802	0.05114	0.03041	0.00490	0.00450	0.00393	0.45104
55	0.01470	0.79432	0.02828	0.00943	0.01406	0.03847	0.00935	0.01644	0.01117	0.01284	0.00760	0.00877	0.00700	0.00469	0.00353	0.00117	0.00592	0.00293	0.00234	0.00698
56	0.01133	0.00939	0.01104	0.00808	0.01264	0.00712	0.00641	0.01365	0.01135	0.03476	0.01117	0.05857	0.00986	0.00487	0.00424	0.00091	0.00400	0.00401	0.00342	0.77318
57	0.02106	0.01318	0.01488	0.01158	0.01577	0.01400	0.00951	0.47153	0.09861	0.24727	0.01645	0.01541	0.01124	0.00669	0.00547	0.00167	0.00543	0.00520	0.00584	0.00921
58	0.01157	0.01224	0.07796	0.35514	0.34267	0.01206	0.01571	0.01516	0.01171	0.01600	0.01141	0.01748	0.00967	0.00592	0.00557	0.00178	0.00683	0.06120	0.00273	0.00721
59	0.01931	0.01415	0.01524	0.01194	0.01589	0.01558	0.00975	0.67566	0.02402	0.03234	0.01455	0.07526	0.01151	0.00736	0.00552	0.00167	0.00567	0.00574	0.03005	0.00877
60	0.00735	0.00554	0.00680	0.00651	0.00793	0.00499	0.00487	0.00958	0.01453	0.01980	0.56515	0.05821	0.24481	0.01197	0.00644	0.00176	0.00263	0.01041	0.00573	0.00499
61	0.00668	0.00483	0.00631	0.00742	0.00788	0.00447	0.00500	0.00772	0.01079	0.01432	0.06380	0.72079	0.08666	0.01660	0.00690	0.00217	0.00311	0.01498	0.00510	0.00447
62	0.01130	0.00969	0.01130	0.00807	0.01292	0.00727	0.00646	0.01373	0.01130	0.01776	0.00969	0.01130	0.00807	0.00404	0.00404	0.00081	0.00404	0.00323	0.00323	0.84173
63	0.01980	0.01498	0.22549	0.01221	0.03152	0.00999	0.02854	0.04871	0.03701	0.48814	0.01755	0.01629	0.01141	0.00624	0.00542	0.00170	0.00576	0.00509	0.00527	0.00887
64	0.01077	0.01007	0.01643	0.68145	0.08648	0.01228	0.01474	0.01530	0.06998	0.01489	0.01071	0.01492	0.00810	0.00556	0.00545	0.00181	0.00698	0.00495	0.00269	0.00644
65	0.02446	0.00928	0.01265	0.00970	0.01392	0.00801	0.00801	0.02657	0.01560	0.77817	0.02151	0.01856	0.01350	0.00675	0.00548	0.00169	0.00464	0.00548	0.00675	0.00928
66	0.00863	0.00690	0.00890	0.00847	0.03069	0.00670	0.02997	0.01284	0.11712	0.02055	0.50440	0.03830	0.16398	0.01069	0.00628	0.00176	0.00316	0.00938	0.00559	0.00570
67	0.00648	0.00552	0.00558	0.00556	0.00739	0.00462	0.00417	0.00790	0.01252	0.01495	0.07740	0.05210	0.74987	0.01372	0.00644	0.00184	0.00276	0.01145	0.00509	0.00462
68	0.01292	0.01327	0.04307	0.11129	0.34723	0.03899	0.15353	0.01840	0.13266	0.01812	0.04667	0.01598	0.01153	0.00560	0.00565	0.00172	0.00671	0.00552	0.00328	0.00785
69	0.08135	0.01153	0.01325	0.02706	0.07865	0.01247	0.02082	0.36838	0.03263	0.04664	0.01373	0.01568	0.01057	0.04091	0.00644	0.02885	0.00514	0.00497	0.17343	0.00752
70	0.00670	0.00553	0.00588	0.00579	0.00752	0.00471	0.00434	0.00832	0.01303	0.01615	0.19837	0.05012	0.62815	0.01328	0.00644	0.00182	0.00272	0.01118	0.00525	0.00471
71	0.01458	0.81168	0.02857	0.00933	0.01399	0.02157	0.00933	0.01632	0.01108	0.01283	0.00758	0.00875	0.00700	0.00466	0.00350	0.00117	0.00583	0.00292	0.00233	0.00700
72	0.00941	0.00845	0.01347	0.55766	0.02862	0.00997	0.01204	0.01263	0.01201	0.01572	0.17920	0.02341	0.08095	0.00739	0.00575	0.00180	0.00587	0.00649	0.00342	0.00574
73	0.00751	0.00566	0.00647	0.00620	0.00788	0.00493	0.00468	0.00941	0.01378	0.04045	0.35312	0.04656	0.44883	0.01249	0.00641	0.00178	0.00274	0.01064	0.00550	0.00497
74	0.01247	0.01191	0.02020	0.23868	0.55817	0.01254	0.01602	0.01578	0.01201	0.01669	0.01111	0.01465	0.02533	0.00522	0.00544	0.00168	0.00661	0.00500	0.00268	0.00785
75	0.84691	0.01054	0.00801	0.00717	0.01054	0.01223	0.00590	0.01603	0.00928	0.02446	0.00759	0.00886	0.00590	0.00506	0.00337	0.00169	0.00422	0.00295	0.00337	0.00590
76	0.01130	0.00969	0.01130	0.00807	0.01292	0.00727	0.00646	0.01373	0.01130	0.01776	0.00969	0.01130	0.00807	0.00404	0.00404	0.00081	0.00404	0.00323	0.00323	0.84173
77	0.00789	0.00527	0.00596	0.00599	0.00600	0.00526	0.00335	0.00792	0.00799	0.01066	0.01751	0.05580	0.02025	0.78770	0.02720	0.00521	0.00523	0.00813	0.00335	0.00333
78	0.01585	0.63915	0.02569	0.01036	0.01462	0.18954	0.00959	0.01752	0.01204	0.01294	0.00777	0.00898	0.00700	0.00487	0.00381	0.00122	0.00671	0.00305	0.00244	0.00685
79	0.01130	0.00969	0.01130	0.00807	0.01292	0.00727	0.00646	0.01373	0.01130	0.01776	0.00969	0.01130	0.00807	0.00404	0.00404	0.00081	0.00404	0.00323	0.00323	0.84173
80	0.01996	0.01480	0.01527	0.01211	0.01615	0.06751	0.00985	0.51398	0.14089	0.10998	0.01511	0.01460	0.01073	0.00664	0.00544	0.00166	0.00585	0.00507	0.00543	0.00897
81	0.01859	0.03475	0.01767	0.01622	0.07709	0.58898	0.08657	0.03968	0.01505	0.01475	0.00964	0.01246	0.00817	0.00579	0.00519	0.00151	0.00918	0.02914	0.00293	0.00665
82	0.00678	0.00567	0.00593	0.00590	0.00769	0.00488	0.00446	0.00860	0.02772	0.01570	0.13088	0.05080	0.66032	0.01343	0.00645	0.00185	0.00283	0.03019	0.00517	0.00475
83	0.01078	0.03966	0.51524	0.01485	0.02081	0.01231	0.08346	0.01570	0.01143	0.01675	0.05299	0.07547	0.01178	0.00682	0.00676	0.00183	0.08776	0.00551	0.00277	0.00731
84	0.00770	0.00576	0.00857	0.00867	0.00959	0.00663	0.00668	0.00957	0.00889	0.01275	0.01581	0.08273	0.01538	0.03902	0.72577	0.00825	0.01371	0.00660	0.00309	0.00483
85	0.00658	0.00519	0.00590	0.00642	0.00758	0.00455	0.00453	0.00778	0.01158	0.01447	0.05909	0.36650	0.43700	0.02813	0.00701	0.00205	0.00297	0.01308	0.00505	0.00452
86	0.01131	0.04529	0.53568	0.10591	0.02582	0.01305	0.15313	0.01689	0.01168	0.01680	0.00994	0.01236	0.00720	0.00509	0.00539	0.00174	0.00811	0.00453	0.00240	0.00767
87	0.07863	0.01271	0.02088	0.04716	0.64814	0.01293	0.03940	0.01706	0.03796	0.01841	0.01047	0.01343	0.00865	0.00497	0.00528	0.00164	0.00633	0.00480	0.00285	0.00832

[dist]
# distance from previous block
# <min> <max>
0	2

[block]
# block no. 3 follows, 44 sequences, length 11
# corresponding to MSA columns:
# 428-438
name=unknown_D
#
# <colnr> <probs for GDERKNQSTAVLIFYWHMCP>
#	G	D	E	R	K	N	Q	S	T	A	V	L	I	F	Y	W	H	M	C	P
0	0.60244	0.19129	0.01314	0.00813	0.01176	0.06848	0.00700	0.01649	0.01011	0.02107	0.00765	0.00890	0.00623	0.00501	0.00351	0.00155	0.00497	0.00298	0.00310	0.00618
1	0.00748	0.00550	0.00687	0.00747	0.00833	0.00519	0.00522	0.04604	0.01218	0.01619	0.13766	0.55684	0.13415	0.01527	0.00674	0.00206	0.00317	0.01363	0.00521	0.00480
2	0.01505	0.03283	0.04595	0.01223	0.03660	0.03280	0.03122	0.13316	0.46031	0.05917	0.01814	0.01734	0.01351	0.00667	0.00537	0.00170	0.00509	0.00549	0.00500	0.06236
3	0.00863	0.00499	0.00691	0.00709	0.00732	0.00491	0.00478	0.00784	0.00878	0.01182	0.09124	0.12438	0.01997	0.15378	0.01840	0.46375	0.00443	0.04440	0.00337	0.00320
4	0.01255	0.14140	0.46627	0.01558	0.02203	0.07570	0.12865	0.01736	0.01185	0.01617	0.00944	0.01147	0.00714	0.00521	0.00558	0.00166	0.03774	0.00421	0.00242	0.00758
5	0.01819	0.19758	0.10138	0.01143	0.01602	0.04581	0.04505	0.12529	0.06000	0.27308	0.04302	0.01515	0.01178	0.00612	0.00505	0.00157	0.00581	0.00482	0.00461	0.00821
6	0.00780	0.00531	0.00591	0.00591	0.00607	0.00523	0.00338	0.00792	0.00831	0.01093	0.02044	0.03712	0.08440	0.74020	0.02592	0.00499	0.00507	0.00824	0.00345	0.00341
7	0.01363	0.01537	0.09334	0.06292	0.57634	0.07430	0.05113	0.01709	0.01252	0.01722	0.01008	0.01312	0.00827	0.00496	0.00539	0.00163	0.00705	0.00475	0.00266	0.00822
8	0.01656	0.07801	0.07925	0.01172	0.01559	0.04084	0.04076	0.19440	0.20919	0.14301	0.01596	0.01706	0.01212	0.07012	0.00744	0.00198	0.02786	0.00534	0.00471	0.00807
9	0.01159	0.01087	0.01463	0.39309	0.05152	0.05956	0.03096	0.02862	0.14604	0.01642	0.03463	0.05368	0.01221	0.03982	0.00637	0.00187	0.00624	0.00568	0.00340	0.07279
10	0.00785	0.00616	0.00855	0.06538	0.07097	0.00609	0.00676	0.00969	0.02474	0.01524	0.11287	0.41431	0.10878	0.06068	0.02574	0.00238	0.00409	0.04004	0.00465	0.00502

[dist]
# distance from previous block
# <min> <max>
0	15

# created by:
# /st0/software/busco_prod/Augustus/scripts/msa2prfl.pl ./align_prep/211122.fa
