[name]
unknown

[dist]
# distance from previous block
# <min> <max>
0	39

[block]
# block no. 0 follows, 42 sequences, length 19
# corresponding to MSA columns:
# 59-77
name=unknown_A
#
# <colnr> <probs for GDERKNQSTAVLIFYWHMCP>
#	G	D	E	R	K	N	Q	S	T	A	V	L	I	F	Y	W	H	M	C	P
0	0.05328	0.06239	0.17240	0.01631	0.16615	0.03421	0.04134	0.03289	0.03396	0.10536	0.10419	0.05270	0.01716	0.00777	0.00606	0.02010	0.00603	0.05616	0.00401	0.00751
1	0.01555	0.04946	0.17280	0.01502	0.11307	0.09265	0.03703	0.07871	0.08132	0.12966	0.05503	0.01804	0.04580	0.00666	0.00545	0.00168	0.00627	0.00547	0.06239	0.00794
2	0.03736	0.01518	0.17241	0.09925	0.20132	0.03441	0.05359	0.01819	0.06748	0.09630	0.03317	0.05821	0.01228	0.02399	0.00608	0.00182	0.00648	0.00570	0.00361	0.05316
3	0.03372	0.03386	0.24379	0.05044	0.01890	0.07485	0.03206	0.15305	0.01578	0.14459	0.07501	0.01801	0.01358	0.00722	0.00610	0.02663	0.00667	0.03363	0.00424	0.00788
4	0.01384	0.01285	0.05692	0.07977	0.20987	0.08382	0.03581	0.06258	0.03238	0.08080	0.09172	0.02702	0.05359	0.00830	0.00609	0.00186	0.00619	0.12507	0.00420	0.00732
5	0.07657	0.05239	0.44175	0.01441	0.05645	0.01277	0.01558	0.06564	0.03496	0.05589	0.02676	0.01454	0.03436	0.00644	0.00599	0.02661	0.02239	0.00466	0.00321	0.02865
6	0.01327	0.01273	0.02184	0.13749	0.62310	0.01303	0.03698	0.01669	0.01271	0.01795	0.03335	0.01496	0.01005	0.00529	0.00564	0.00171	0.00675	0.00521	0.00285	0.00840
7	0.00793	0.00592	0.00745	0.00775	0.00881	0.00571	0.00554	0.01094	0.07892	0.01858	0.33213	0.38786	0.07290	0.01409	0.00681	0.00202	0.00310	0.01258	0.00567	0.00527
8	0.01049	0.00525	0.00525	0.00525	0.00656	0.00525	0.00393	0.01311	0.01180	0.02098	0.01836	0.02098	0.01442	0.00656	0.00393	0.00131	0.00262	0.00525	0.83346	0.00525
9	0.01251	0.01210	0.02109	0.34754	0.41246	0.01307	0.06765	0.01612	0.01220	0.01669	0.01040	0.01446	0.00830	0.00525	0.00567	0.00177	0.00722	0.00512	0.00267	0.00771
10	0.01035	0.00970	0.01609	0.73374	0.03657	0.01196	0.01483	0.01394	0.01136	0.01444	0.01330	0.01775	0.06065	0.00623	0.00570	0.00188	0.00718	0.00548	0.00269	0.00615
11	0.01049	0.00525	0.00525	0.00525	0.00656	0.00525	0.00393	0.01311	0.01180	0.02098	0.01836	0.02098	0.01442	0.00656	0.00393	0.00131	0.00262	0.00525	0.83346	0.00525
12	0.01437	0.01446	0.02320	0.03225	0.65435	0.06722	0.07630	0.01770	0.01307	0.01803	0.01052	0.01377	0.00877	0.00505	0.00562	0.00167	0.00716	0.00505	0.00280	0.00864
13	0.08104	0.01339	0.06473	0.09164	0.07603	0.01229	0.32071	0.03782	0.02975	0.13586	0.04017	0.01755	0.04051	0.00598	0.00594	0.00183	0.00720	0.00607	0.00382	0.00768
14	0.01671	0.01305	0.01446	0.02948	0.05626	0.03310	0.00980	0.29772	0.25255	0.06203	0.01867	0.03803	0.03920	0.00749	0.00568	0.00175	0.00537	0.02661	0.00524	0.06681
15	0.00808	0.00589	0.00832	0.00832	0.00907	0.00664	0.00613	0.00958	0.00883	0.01253	0.01574	0.02579	0.01567	0.23253	0.59178	0.00815	0.01267	0.00657	0.00311	0.00462
16	0.01616	0.19879	0.01793	0.03299	0.01583	0.10034	0.03829	0.14600	0.15724	0.07860	0.01626	0.07039	0.03238	0.00803	0.02421	0.00181	0.00619	0.00571	0.00434	0.02851
17	0.01470	0.06676	0.01451	0.00997	0.01456	0.01082	0.03171	0.15735	0.04043	0.07781	0.05674	0.01463	0.01188	0.00549	0.00480	0.00122	0.00483	0.00444	0.00422	0.45313
18	0.01989	0.01395	0.01471	0.01160	0.01564	0.06710	0.00941	0.44136	0.02145	0.16167	0.04158	0.05177	0.03191	0.00739	0.00562	0.00166	0.00574	0.00579	0.00551	0.06625

[dist]
# distance from previous block
# <min> <max>
0	2

[block]
# block no. 1 follows, 42 sequences, length 63
# corresponding to MSA columns:
# 91-114,142-180
name=unknown_B
#
# <colnr> <probs for GDERKNQSTAVLIFYWHMCP>
#	G	D	E	R	K	N	Q	S	T	A	V	L	I	F	Y	W	H	M	C	P
0	0.05684	0.01407	0.03208	0.01284	0.05078	0.01485	0.01015	0.51169	0.04021	0.09062	0.06857	0.01678	0.01338	0.03346	0.00637	0.00183	0.00574	0.00551	0.00540	0.00882
1	0.02102	0.02682	0.01595	0.01450	0.01740	0.77963	0.01087	0.02247	0.01595	0.01377	0.00870	0.01015	0.00725	0.00580	0.00507	0.00145	0.01015	0.00362	0.00290	0.00652
2	0.01628	0.07119	0.08573	0.01266	0.01642	0.14148	0.01086	0.13816	0.33692	0.03843	0.01588	0.01578	0.01205	0.00691	0.00622	0.00177	0.05527	0.00517	0.00453	0.00829
3	0.01602	0.01205	0.01427	0.11474	0.01825	0.01217	0.00955	0.27137	0.07988	0.08016	0.01362	0.02934	0.01037	0.00602	0.00517	0.00146	0.00537	0.00483	0.00453	0.29080
4	0.01843	0.03377	0.01544	0.01234	0.01597	0.11141	0.02577	0.41555	0.10431	0.05746	0.01644	0.11754	0.01388	0.00809	0.00575	0.00176	0.00612	0.00648	0.00516	0.00835
5	0.02154	0.01469	0.01613	0.01244	0.01682	0.01594	0.01025	0.63609	0.02472	0.13089	0.01508	0.03357	0.01082	0.00705	0.00567	0.00171	0.00594	0.00541	0.00579	0.00945
6	0.01049	0.00525	0.00525	0.00525	0.00656	0.00525	0.00393	0.01311	0.01180	0.02098	0.01836	0.02098	0.01442	0.00656	0.00393	0.00131	0.00262	0.00525	0.83346	0.00525
7	0.01069	0.01013	0.01729	0.76968	0.03853	0.01255	0.03380	0.01447	0.01130	0.01447	0.01004	0.01501	0.00753	0.00560	0.00565	0.00188	0.00755	0.00504	0.00251	0.00628
8	0.00818	0.00548	0.00623	0.00623	0.00627	0.00551	0.00353	0.00825	0.00821	0.01098	0.01764	0.03634	0.02025	0.77690	0.05368	0.00558	0.00578	0.00811	0.00340	0.00346
9	0.01231	0.01231	0.01724	0.01477	0.01477	0.01724	0.01231	0.01354	0.00862	0.01354	0.00739	0.01231	0.00739	0.00985	0.01847	0.00246	0.79192	0.00492	0.00246	0.00616
10	0.01158	0.00989	0.01154	0.00835	0.01318	0.00756	0.00667	0.01437	0.02782	0.01861	0.03872	0.01301	0.01021	0.00452	0.00429	0.00089	0.00412	0.00366	0.00349	0.78753
11	0.02102	0.01558	0.01668	0.01287	0.01731	0.01728	0.01061	0.71223	0.06319	0.03487	0.01398	0.01389	0.00995	0.00680	0.00563	0.00170	0.00611	0.00513	0.00563	0.00954
12	0.00803	0.00550	0.00633	0.00636	0.00658	0.00550	0.00378	0.00831	0.00864	0.01146	0.02068	0.05410	0.07437	0.67130	0.08206	0.00539	0.00593	0.00847	0.00355	0.00365
13	0.00818	0.00546	0.00614	0.00614	0.00614	0.00546	0.00341	0.00818	0.00818	0.01091	0.01773	0.03683	0.02046	0.80222	0.02864	0.00546	0.00546	0.00818	0.00341	0.00341
14	0.00796	0.00575	0.00752	0.00708	0.00841	0.00531	0.00531	0.01062	0.01593	0.02257	0.76415	0.04204	0.05310	0.01150	0.00664	0.00177	0.00265	0.01018	0.00619	0.00531
15	0.01197	0.00667	0.00682	0.00629	0.00803	0.00690	0.00485	0.11283	0.01379	0.02295	0.01770	0.01997	0.01377	0.00658	0.00416	0.00136	0.00311	0.00522	0.72119	0.00583
16	0.01063	0.01000	0.01688	0.78870	0.03876	0.01250	0.01563	0.01438	0.01125	0.01438	0.01000	0.01500	0.00750	0.00563	0.00563	0.00188	0.00750	0.00500	0.00250	0.00625
17	0.01075	0.01013	0.01710	0.76026	0.06622	0.01254	0.01569	0.01449	0.01131	0.01453	0.01002	0.01496	0.00756	0.00560	0.00562	0.00187	0.00747	0.00500	0.00251	0.00635
18	0.01231	0.01231	0.01724	0.01477	0.01477	0.01724	0.01231	0.01354	0.00862	0.01354	0.00739	0.01231	0.00739	0.00985	0.01847	0.00246	0.79192	0.00492	0.00246	0.00616
19	0.01505	0.80561	0.02949	0.00963	0.01444	0.02227	0.00963	0.01685	0.01143	0.01324	0.00782	0.00903	0.00722	0.00481	0.00361	0.00120	0.00602	0.00301	0.00241	0.00722
20	0.01505	0.80561	0.02949	0.00963	0.01444	0.02227	0.00963	0.01685	0.01143	0.01324	0.00782	0.00903	0.00722	0.00481	0.00361	0.00120	0.00602	0.00301	0.00241	0.00722
21	0.01328	0.01518	0.03321	0.02372	0.02941	0.01423	0.74668	0.01803	0.01328	0.01803	0.01139	0.01518	0.00854	0.00474	0.00664	0.00190	0.00949	0.00664	0.00285	0.00759
22	0.01383	0.01327	0.02267	0.05680	0.74562	0.01335	0.01722	0.01719	0.01277	0.01827	0.01057	0.01396	0.00887	0.00503	0.00557	0.00168	0.00671	0.00501	0.00278	0.00884
23	0.01063	0.01000	0.01688	0.78870	0.03876	0.01250	0.01563	0.01438	0.01125	0.01438	0.01000	0.01500	0.00750	0.00563	0.00563	0.00188	0.00750	0.00500	0.00250	0.00625
24	0.00804	0.00603	0.00904	0.00904	0.01005	0.00703	0.00703	0.01005	0.00904	0.01306	0.01507	0.02211	0.01407	0.04221	0.77992	0.00904	0.01507	0.00603	0.00301	0.00502
25	0.00804	0.00603	0.00904	0.00904	0.01005	0.00703	0.00703	0.01005	0.00904	0.01306	0.01507	0.02211	0.01407	0.04221	0.77992	0.00904	0.01507	0.00603	0.00301	0.00502
26	0.01153	0.02742	0.68330	0.01697	0.02497	0.01321	0.10886	0.01785	0.01205	0.01785	0.01026	0.01228	0.00730	0.00527	0.00550	0.00180	0.00846	0.00446	0.00243	0.00823
27	0.00686	0.00490	0.00653	0.00784	0.00816	0.00457	0.00522	0.00784	0.01077	0.01437	0.03102	0.79855	0.03722	0.01763	0.00718	0.00229	0.00326	0.01600	0.00522	0.00457
28	0.62033	0.04093	0.01155	0.12298	0.07900	0.01303	0.00855	0.01630	0.01016	0.02264	0.00838	0.01039	0.00658	0.00525	0.00397	0.00173	0.00507	0.00350	0.00324	0.00640
29	0.01212	0.11227	0.01410	0.00866	0.01352	0.00964	0.00719	0.01450	0.01156	0.01756	0.00966	0.01135	0.00817	0.00439	0.00446	0.00092	0.02424	0.00333	0.00319	0.70916
30	0.15655	0.42397	0.08024	0.01128	0.02927	0.18688	0.01031	0.01812	0.01218	0.01585	0.00825	0.00961	0.00706	0.00515	0.00408	0.00140	0.00684	0.00328	0.00270	0.00699
31	0.01505	0.80561	0.02949	0.00963	0.01444	0.02227	0.00963	0.01685	0.01143	0.01324	0.00782	0.00903	0.00722	0.00481	0.00361	0.00120	0.00602	0.00301	0.00241	0.00722
32	0.01167	0.01000	0.01167	0.00834	0.01334	0.00750	0.00667	0.01417	0.01167	0.01834	0.01000	0.01167	0.00834	0.00417	0.00417	0.00083	0.00417	0.00333	0.00333	0.83663
33	0.01153	0.00986	0.01152	0.00832	0.01319	0.00742	0.00663	0.01399	0.01164	0.01822	0.01060	0.03415	0.00916	0.00455	0.00425	0.00088	0.00414	0.00370	0.00339	0.81286
34	0.00804	0.00603	0.00904	0.00904	0.01005	0.00703	0.00703	0.01005	0.00904	0.01306	0.01507	0.02211	0.01407	0.04221	0.77992	0.00904	0.01507	0.00603	0.00301	0.00502
35	0.02525	0.00958	0.01306	0.01001	0.01437	0.00827	0.00827	0.02743	0.01611	0.77102	0.02220	0.01915	0.01393	0.00697	0.00566	0.00174	0.00479	0.00566	0.00697	0.00958
36	0.02525	0.00958	0.01306	0.01001	0.01437	0.00827	0.00827	0.02743	0.01611	0.77102	0.02220	0.01915	0.01393	0.00697	0.00566	0.00174	0.00479	0.00566	0.00697	0.00958
37	0.01393	0.01337	0.02284	0.03454	0.76712	0.01337	0.01727	0.01727	0.01281	0.01839	0.01059	0.01393	0.00891	0.00501	0.00557	0.00167	0.00669	0.00501	0.00279	0.00891
38	0.00818	0.00546	0.00614	0.00614	0.00614	0.00546	0.00341	0.00818	0.00818	0.01091	0.01773	0.03683	0.02046	0.80222	0.02864	0.00546	0.00546	0.00818	0.00341	0.00341
39	0.00813	0.00595	0.00886	0.00886	0.00978	0.00687	0.00681	0.00985	0.00893	0.01283	0.01490	0.02235	0.01407	0.06639	0.71678	0.05052	0.01424	0.00604	0.00300	0.00484
40	0.01505	0.80561	0.02949	0.00963	0.01444	0.02227	0.00963	0.01685	0.01143	0.01324	0.00782	0.00903	0.00722	0.00481	0.00361	0.00120	0.00602	0.00301	0.00241	0.00722
41	0.01049	0.00525	0.00525	0.00525	0.00656	0.00525	0.00393	0.01311	0.01180	0.02098	0.01836	0.02098	0.01442	0.00656	0.00393	0.00131	0.00262	0.00525	0.83346	0.00525
42	0.01049	0.00525	0.00525	0.00525	0.00656	0.00525	0.00393	0.01311	0.01180	0.02098	0.01836	0.02098	0.01442	0.00656	0.00393	0.00131	0.00262	0.00525	0.83346	0.00525
43	0.84197	0.01088	0.00827	0.00740	0.01088	0.01262	0.00609	0.01654	0.00958	0.02525	0.00784	0.00914	0.00609	0.00522	0.00348	0.00174	0.00435	0.00305	0.00348	0.00609
44	0.02506	0.00989	0.01325	0.01016	0.01452	0.00873	0.00839	0.06368	0.01663	0.73403	0.02176	0.01887	0.01371	0.00695	0.00566	0.00174	0.00486	0.00563	0.00690	0.00958
45	0.01129	0.02911	0.77306	0.01604	0.02436	0.01307	0.02079	0.01782	0.01188	0.01782	0.01010	0.01188	0.00713	0.00535	0.00535	0.00178	0.00832	0.00416	0.00238	0.00832
46	0.01509	0.74714	0.02886	0.01018	0.01483	0.04161	0.02429	0.01693	0.01151	0.01336	0.00790	0.00927	0.00725	0.00498	0.00413	0.00126	0.02864	0.00315	0.00243	0.00718
47	0.01205	0.00995	0.01165	0.00843	0.01325	0.00767	0.00674	0.03208	0.01231	0.03571	0.04232	0.01317	0.01039	0.00460	0.00434	0.00091	0.00417	0.00372	0.00359	0.76295
48	0.01482	0.30376	0.31633	0.01370	0.01968	0.10566	0.06209	0.03464	0.01282	0.05399	0.00989	0.01128	0.00766	0.00528	0.00480	0.00154	0.00756	0.00394	0.00278	0.00776
49	0.02479	0.00995	0.01324	0.01019	0.01453	0.00887	0.00841	0.06373	0.03380	0.71670	0.02178	0.01891	0.01379	0.00697	0.00566	0.00174	0.00485	0.00565	0.00687	0.00956
50	0.01781	0.01115	0.01309	0.01018	0.01428	0.01061	0.00818	0.24544	0.03155	0.22232	0.01666	0.08670	0.01327	0.02497	0.00587	0.00160	0.00491	0.00581	0.00523	0.25038
51	0.84197	0.01088	0.00827	0.00740	0.01088	0.01262	0.00609	0.01654	0.00958	0.02525	0.00784	0.00914	0.00609	0.00522	0.00348	0.00174	0.00435	0.00305	0.00348	0.00609
52	0.01031	0.00530	0.00552	0.00552	0.00681	0.00538	0.00416	0.01289	0.01160	0.02041	0.01812	0.02106	0.01440	0.00914	0.06024	0.00187	0.00353	0.00530	0.77321	0.00523
53	0.01414	0.01137	0.01313	0.04188	0.06970	0.01268	0.00936	0.04188	0.53327	0.07399	0.06682	0.02258	0.04856	0.00780	0.00580	0.00187	0.00462	0.00659	0.00548	0.00848
54	0.01340	0.01146	0.01221	0.01102	0.01402	0.01314	0.00855	0.02800	0.68396	0.02345	0.09592	0.02307	0.02072	0.00802	0.00582	0.00190	0.00428	0.00674	0.00577	0.00855
55	0.05817	0.23691	0.01918	0.01154	0.01563	0.12363	0.00981	0.35434	0.01922	0.02482	0.06545	0.01365	0.01158	0.00635	0.00496	0.00153	0.00635	0.00457	0.00429	0.00801
56	0.00916	0.00662	0.00761	0.00701	0.00806	0.00635	0.00451	0.02739	0.03142	0.01329	0.01700	0.06311	0.01859	0.56502	0.05805	0.00457	0.00560	0.00752	0.00358	0.13556
57	0.01200	0.01184	0.01653	0.01422	0.01431	0.01637	0.01180	0.01333	0.00915	0.01420	0.06230	0.01447	0.01070	0.00997	0.01761	0.00241	0.73466	0.00531	0.00273	0.00609
58	0.06922	0.00687	0.00838	0.07213	0.01146	0.00680	0.00635	0.03876	0.01426	0.03641	0.36277	0.10912	0.19609	0.01155	0.00635	0.00187	0.00352	0.02724	0.00536	0.00551
59	0.02093	0.07307	0.01780	0.01271	0.01723	0.01780	0.01062	0.69528	0.02537	0.03385	0.01310	0.01319	0.00940	0.00661	0.00548	0.00165	0.00618	0.00492	0.00540	0.00940
60	0.00837	0.00661	0.00908	0.00913	0.01015	0.03136	0.00702	0.01028	0.00939	0.01318	0.01603	0.07807	0.01553	0.03927	0.69928	0.00831	0.01406	0.00668	0.00317	0.00504
61	0.01524	0.72293	0.02782	0.00975	0.01445	0.02136	0.00954	0.06965	0.01257	0.01492	0.00980	0.01078	0.03142	0.00525	0.00385	0.00126	0.00593	0.00344	0.00273	0.00731
62	0.01432	0.64323	0.10441	0.01204	0.06987	0.02012	0.01119	0.01670	0.01156	0.01412	0.00899	0.03472	0.00829	0.00529	0.00404	0.00133	0.00621	0.00368	0.00252	0.00737

[dist]
# distance from previous block
# <min> <max>
0	398

# created by:
# /st0/software/busco_prod/Augustus/scripts/msa2prfl.pl ./align_prep/211137.fa
