[name]
unknown

[dist]
# distance from previous block
# <min> <max>
0	39

[block]
# block no. 0 follows, 43 sequences, length 12
# corresponding to MSA columns:
# 46-57
name=unknown_A
#
# <colnr> <probs for GDERKNQSTAVLIFYWHMCP>
#	G	D	E	R	K	N	Q	S	T	A	V	L	I	F	Y	W	H	M	C	P
0	0.01811	0.03457	0.01522	0.01177	0.01568	0.03902	0.00962	0.52642	0.05243	0.02922	0.01465	0.05925	0.01193	0.00854	0.03349	0.00190	0.00610	0.02984	0.00506	0.07717
1	0.00968	0.00544	0.00827	0.05219	0.03491	0.00554	0.00585	0.00817	0.00822	0.01106	0.06370	0.01836	0.01250	0.01742	0.01912	0.70380	0.00486	0.00519	0.00268	0.00303
2	0.00901	0.00702	0.00861	0.00887	0.06286	0.00635	0.00562	0.02611	0.01082	0.01487	0.05104	0.15744	0.12634	0.29574	0.01380	0.00295	0.00439	0.00864	0.00399	0.17554
3	0.06973	0.00912	0.01381	0.45856	0.05325	0.01067	0.02857	0.03610	0.01083	0.01502	0.01236	0.04905	0.01142	0.18719	0.01060	0.00264	0.00652	0.00595	0.00295	0.00567
4	0.03654	0.05507	0.01685	0.53999	0.05161	0.01324	0.01369	0.07314	0.01223	0.04157	0.01072	0.03486	0.00850	0.00620	0.00631	0.00183	0.06304	0.00506	0.00295	0.00659
5	0.04798	0.01266	0.01599	0.15761	0.06038	0.01402	0.05216	0.32920	0.11682	0.05698	0.01409	0.01525	0.01033	0.00629	0.00541	0.00171	0.00594	0.00519	0.06385	0.00815
6	0.10892	0.00837	0.01064	0.16798	0.06682	0.03129	0.00841	0.02864	0.01129	0.03914	0.04485	0.28264	0.04805	0.09347	0.00846	0.00231	0.02011	0.00905	0.00402	0.00556
7	0.12331	0.01306	0.05621	0.05445	0.08370	0.03546	0.01001	0.29358	0.04774	0.04313	0.01446	0.09825	0.01269	0.06616	0.00734	0.01682	0.00572	0.00606	0.00437	0.00747
8	0.09812	0.07763	0.01745	0.32759	0.18881	0.03685	0.01304	0.08044	0.04079	0.01815	0.01117	0.04609	0.00926	0.00597	0.00520	0.00172	0.00645	0.00503	0.00313	0.00711
9	0.08644	0.02975	0.12127	0.05425	0.03964	0.07442	0.05214	0.11497	0.12152	0.12256	0.01546	0.05004	0.02821	0.00663	0.00531	0.00169	0.00605	0.00540	0.00426	0.05998
10	0.15119	0.01255	0.01486	0.05591	0.13163	0.03219	0.03080	0.19912	0.12142	0.06620	0.01465	0.01538	0.03820	0.00617	0.00511	0.00164	0.00549	0.00496	0.00431	0.08821
11	0.13954	0.07807	0.06667	0.14060	0.20875	0.10263	0.02379	0.06720	0.07210	0.03447	0.01085	0.01287	0.00848	0.00551	0.00499	0.00166	0.00660	0.00442	0.00326	0.00754

[dist]
# distance from previous block
# <min> <max>
4	55

[block]
# block no. 1 follows, 43 sequences, length 35
# corresponding to MSA columns:
# 113-147
name=unknown_B
#
# <colnr> <probs for GDERKNQSTAVLIFYWHMCP>
#	G	D	E	R	K	N	Q	S	T	A	V	L	I	F	Y	W	H	M	C	P
0	0.04127	0.03463	0.19652	0.02526	0.05605	0.05591	0.12897	0.04449	0.06067	0.09005	0.07032	0.01732	0.03672	0.01772	0.00664	0.00178	0.05637	0.00550	0.00369	0.05010
1	0.08379	0.07076	0.28877	0.03318	0.05578	0.02964	0.13943	0.05375	0.01302	0.06859	0.04919	0.01495	0.02814	0.00575	0.00530	0.00168	0.00694	0.00497	0.00329	0.04310
2	0.11511	0.16082	0.30566	0.04370	0.04310	0.05916	0.06776	0.01775	0.01191	0.06935	0.01019	0.01183	0.00770	0.00581	0.01769	0.00172	0.00714	0.00407	0.00291	0.03662
3	0.06358	0.18538	0.35012	0.01527	0.06893	0.05333	0.08903	0.01722	0.01184	0.03460	0.01036	0.03041	0.00832	0.00662	0.03084	0.00187	0.00760	0.00444	0.00270	0.00754
4	0.05429	0.13667	0.37342	0.04130	0.01945	0.01278	0.06030	0.01642	0.01165	0.06632	0.01306	0.11103	0.01139	0.00689	0.00548	0.00174	0.02282	0.00565	0.02204	0.00730
5	0.01167	0.03926	0.44890	0.03947	0.02196	0.01203	0.12903	0.04951	0.01248	0.03983	0.01367	0.13127	0.01200	0.00709	0.00572	0.00183	0.00734	0.00630	0.00311	0.00752
6	0.01088	0.04061	0.20652	0.01288	0.04297	0.04854	0.09697	0.01386	0.01181	0.04974	0.05296	0.23290	0.05087	0.07837	0.00819	0.00219	0.02111	0.00853	0.00378	0.00631
7	0.00777	0.00586	0.00801	0.00838	0.00883	0.00643	0.00598	0.00891	0.00948	0.01311	0.02155	0.36695	0.02437	0.15330	0.25435	0.00486	0.07282	0.01051	0.00394	0.00458
8	0.84448	0.01071	0.00814	0.00728	0.01071	0.01242	0.00600	0.01628	0.00943	0.02485	0.00771	0.00900	0.00600	0.00514	0.00343	0.00171	0.00428	0.00300	0.00343	0.00600
9	0.00758	0.00565	0.00705	0.00670	0.00812	0.00512	0.00503	0.00996	0.01508	0.02078	0.62768	0.04372	0.19336	0.01185	0.00653	0.00177	0.00265	0.01035	0.00591	0.00512
10	0.01434	0.01274	0.01280	0.01147	0.01462	0.05282	0.00892	0.05014	0.70167	0.02302	0.02156	0.01991	0.01619	0.00740	0.00560	0.00185	0.00472	0.00609	0.00549	0.00867
11	0.01307	0.33277	0.22460	0.01276	0.01828	0.01599	0.09153	0.02858	0.01170	0.01592	0.00909	0.01094	0.00744	0.00506	0.00522	0.00142	0.04819	0.00383	0.00261	0.14099
12	0.01252	0.05759	0.19214	0.06240	0.02695	0.01378	0.48283	0.01728	0.01250	0.01728	0.01062	0.01377	0.00797	0.00482	0.00595	0.00176	0.00858	0.00560	0.00268	0.04296
13	0.00679	0.00484	0.00641	0.00766	0.00797	0.00453	0.00508	0.00772	0.01052	0.01403	0.03009	0.77637	0.03608	0.04347	0.00777	0.00235	0.00328	0.01549	0.00508	0.00446
14	0.00772	0.00590	0.00747	0.05152	0.01012	0.00542	0.02301	0.00933	0.01214	0.03675	0.09258	0.30146	0.36119	0.01381	0.00655	0.00196	0.00339	0.01205	0.03268	0.00495
15	0.01536	0.44749	0.17426	0.01148	0.01644	0.14906	0.01165	0.01805	0.01251	0.05498	0.03654	0.01134	0.00908	0.00536	0.00436	0.00139	0.00689	0.00368	0.00282	0.00726
16	0.00870	0.00671	0.00855	0.02426	0.00879	0.00770	0.00570	0.00924	0.00858	0.01186	0.01692	0.13072	0.01925	0.49425	0.06154	0.00450	0.15693	0.00827	0.00337	0.00416
17	0.00770	0.00552	0.00687	0.00693	0.00818	0.00498	0.00504	0.00957	0.01358	0.03901	0.37849	0.25190	0.21479	0.01348	0.00666	0.00191	0.00288	0.01186	0.00563	0.00501
18	0.01335	0.01249	0.02057	0.20339	0.54509	0.01319	0.01606	0.05394	0.03487	0.01820	0.01079	0.01413	0.00873	0.00523	0.00550	0.00170	0.00667	0.00497	0.00290	0.00821
19	0.07699	0.03434	0.01492	0.01168	0.01559	0.01564	0.00952	0.45938	0.22436	0.03000	0.04036	0.01582	0.01258	0.00688	0.00540	0.00172	0.00538	0.00531	0.00535	0.00880
20	0.00783	0.00527	0.00611	0.00633	0.00639	0.00522	0.00366	0.00799	0.00850	0.01133	0.01971	0.16872	0.02299	0.66899	0.02453	0.00483	0.00500	0.00938	0.00366	0.00355
21	0.01653	0.03879	0.01459	0.01176	0.01543	0.01531	0.00945	0.29947	0.46189	0.02723	0.01861	0.01753	0.01379	0.00710	0.00553	0.00178	0.00507	0.00568	0.00550	0.00896
22	0.00815	0.00630	0.00746	0.00709	0.00881	0.00554	0.00513	0.02686	0.01249	0.01693	0.19388	0.24108	0.21115	0.08133	0.00815	0.00207	0.00338	0.01058	0.00491	0.13871
23	0.03581	0.60803	0.17716	0.01083	0.01616	0.04358	0.01161	0.01694	0.01143	0.01425	0.00817	0.00948	0.00706	0.00488	0.00394	0.00132	0.00646	0.00321	0.00241	0.00727
24	0.01516	0.01189	0.01257	0.01108	0.01430	0.03408	0.00867	0.04556	0.61433	0.10632	0.04787	0.02072	0.01734	0.00750	0.00564	0.00184	0.00455	0.00621	0.00571	0.00867
25	0.00805	0.00537	0.00604	0.00604	0.00604	0.00537	0.00336	0.00805	0.00805	0.01074	0.01745	0.03624	0.02013	0.80536	0.02819	0.00537	0.00537	0.00805	0.00336	0.00336
26	0.01314	0.01254	0.02117	0.16661	0.62078	0.01303	0.01648	0.01685	0.03336	0.01754	0.01066	0.01409	0.00876	0.00511	0.00550	0.00169	0.00666	0.00497	0.00277	0.00831
27	0.02023	0.06335	0.01689	0.01362	0.01711	0.47990	0.03620	0.17452	0.04231	0.06849	0.01093	0.01173	0.00841	0.00595	0.00514	0.00151	0.00841	0.00416	0.00374	0.00739
28	0.01038	0.00663	0.00764	0.00707	0.00782	0.00675	0.00453	0.07993	0.01031	0.06337	0.01721	0.03219	0.01838	0.63850	0.06278	0.00496	0.00587	0.00749	0.00377	0.00441
29	0.01601	0.01160	0.01356	0.03846	0.01531	0.02767	0.00855	0.18381	0.01534	0.14273	0.01233	0.01321	0.00924	0.00563	0.00580	0.00133	0.06482	0.00422	0.00426	0.40612
30	0.00710	0.00525	0.00661	0.00756	0.00818	0.00496	0.00513	0.00875	0.04281	0.01471	0.05266	0.64034	0.11278	0.04558	0.00772	0.00229	0.00328	0.01447	0.00512	0.00468
31	0.01292	0.01436	0.07956	0.01829	0.08725	0.03024	0.32774	0.05744	0.04494	0.01847	0.01299	0.03947	0.03086	0.00582	0.00642	0.00168	0.04886	0.00582	0.00324	0.15365
32	0.01397	0.54225	0.04693	0.00945	0.01336	0.03936	0.00889	0.01581	0.01180	0.06653	0.04482	0.13836	0.01422	0.00724	0.00448	0.00144	0.00545	0.00555	0.00330	0.00678
33	0.01276	0.26702	0.35822	0.04167	0.02142	0.03380	0.11589	0.01705	0.01173	0.01587	0.00932	0.01134	0.00729	0.00511	0.00518	0.00158	0.02626	0.00409	0.00246	0.03195
34	0.16592	0.11762	0.30252	0.05825	0.02080	0.06778	0.11509	0.01787	0.01189	0.05961	0.00998	0.01175	0.00743	0.00523	0.00490	0.00167	0.00724	0.00418	0.00290	0.00738

[dist]
# distance from previous block
# <min> <max>
2	25

[block]
# block no. 2 follows, 43 sequences, length 22
# corresponding to MSA columns:
# 174-195
name=unknown_C
#
# <colnr> <probs for GDERKNQSTAVLIFYWHMCP>
#	G	D	E	R	K	N	Q	S	T	A	V	L	I	F	Y	W	H	M	C	P
0	0.01437	0.04140	0.01772	0.41124	0.07532	0.01296	0.05650	0.08886	0.03703	0.13121	0.01229	0.01501	0.00896	0.00600	0.00617	0.00180	0.04720	0.00509	0.00355	0.00732
1	0.11363	0.01389	0.04823	0.06833	0.48705	0.06537	0.03966	0.01725	0.01253	0.04156	0.03423	0.01394	0.00970	0.00531	0.00527	0.00167	0.00655	0.00481	0.00303	0.00798
2	0.01471	0.71227	0.09242	0.01020	0.01516	0.05009	0.01046	0.01688	0.01146	0.01344	0.00792	0.00917	0.00710	0.00482	0.00375	0.00124	0.00627	0.00308	0.00238	0.00717
3	0.00675	0.00482	0.00643	0.00771	0.00803	0.00450	0.00514	0.00771	0.01060	0.01414	0.03053	0.80175	0.03663	0.01735	0.00707	0.00225	0.00321	0.01574	0.00514	0.00450
4	0.01909	0.01443	0.01542	0.01223	0.01625	0.01609	0.00993	0.57359	0.18510	0.03165	0.01543	0.01557	0.01136	0.03017	0.00622	0.00182	0.00570	0.00535	0.00550	0.00910
5	0.05164	0.34524	0.31348	0.01323	0.04030	0.03186	0.04204	0.05217	0.01214	0.01660	0.00911	0.01078	0.00729	0.00544	0.00496	0.02295	0.00693	0.00375	0.00260	0.00751
6	0.00971	0.00628	0.05459	0.00774	0.00825	0.00531	0.00577	0.00785	0.00749	0.01011	0.00964	0.01652	0.00946	0.01838	0.02064	0.78732	0.00502	0.00477	0.00240	0.00276
7	0.01303	0.01468	0.03158	0.04654	0.07489	0.01390	0.68396	0.01759	0.01298	0.01766	0.01112	0.01486	0.00840	0.00471	0.00644	0.00185	0.00911	0.00639	0.00279	0.00751
8	0.01550	0.02662	0.53836	0.01996	0.02736	0.01511	0.21155	0.02004	0.01446	0.02108	0.01415	0.01791	0.01113	0.00770	0.00725	0.00249	0.00960	0.00601	0.00383	0.00988
9	0.01134	0.01100	0.01908	0.54760	0.15754	0.01289	0.08304	0.01490	0.01135	0.01508	0.00991	0.01444	0.00770	0.00561	0.00640	0.00185	0.05594	0.00507	0.00254	0.00670
10	0.01212	0.01212	0.01696	0.01454	0.01454	0.01696	0.01212	0.01333	0.00848	0.01333	0.00727	0.01212	0.00727	0.00969	0.01818	0.00242	0.79523	0.00485	0.00242	0.00606
11	0.02485	0.00943	0.01285	0.00985	0.01414	0.00814	0.00814	0.02699	0.01585	0.77465	0.02185	0.01885	0.01371	0.00685	0.00557	0.00171	0.00471	0.00557	0.00685	0.00943
12	0.00872	0.00668	0.00808	0.00818	0.00953	0.00676	0.00608	0.01316	0.15671	0.01856	0.26493	0.24848	0.08325	0.05452	0.00776	0.00219	0.00352	0.08189	0.00544	0.00556
13	0.00680	0.00491	0.00634	0.00745	0.00789	0.00456	0.00497	0.00775	0.01064	0.01403	0.03195	0.70103	0.09586	0.05752	0.00811	0.00238	0.00329	0.01502	0.00505	0.00445
14	0.00765	0.00560	0.00718	0.00690	0.00819	0.00513	0.00513	0.01004	0.01506	0.02101	0.65445	0.09584	0.11318	0.01198	0.00657	0.00179	0.00267	0.01056	0.00595	0.00513
15	0.00674	0.00485	0.00640	0.00763	0.00801	0.00451	0.00511	0.00772	0.01068	0.01417	0.03149	0.77359	0.06416	0.01723	0.00705	0.00223	0.00320	0.01559	0.00514	0.00451
16	0.01977	0.01427	0.01555	0.01222	0.01632	0.01575	0.01001	0.59129	0.10787	0.07426	0.01491	0.01488	0.01074	0.00855	0.04547	0.00206	0.00627	0.00521	0.00549	0.00912
17	0.01385	0.01324	0.03670	0.10196	0.52347	0.01345	0.03675	0.07027	0.09875	0.01946	0.01196	0.01457	0.00956	0.00541	0.00554	0.00170	0.00649	0.00512	0.00324	0.00852
18	0.01357	0.00761	0.00955	0.00830	0.01061	0.00722	0.00645	0.09890	0.01609	0.21040	0.36277	0.11144	0.05142	0.01012	0.00610	0.00176	0.00360	0.00872	0.04869	0.00666
19	0.01371	0.01310	0.02201	0.03291	0.73479	0.01319	0.01660	0.01759	0.04825	0.01834	0.01100	0.01404	0.00916	0.00506	0.00549	0.00166	0.00647	0.00500	0.00288	0.00877
20	0.01111	0.02865	0.77667	0.01579	0.02397	0.01286	0.02046	0.01754	0.01169	0.01754	0.00994	0.01169	0.00702	0.00526	0.00526	0.00175	0.00818	0.00409	0.00234	0.00818
21	0.00675	0.00517	0.00622	0.00704	0.00796	0.00463	0.00494	0.00794	0.01142	0.01453	0.03983	0.50109	0.30391	0.01606	0.00690	0.00212	0.00313	0.04064	0.00514	0.00459

[dist]
# distance from previous block
# <min> <max>
0	16

[block]
# block no. 3 follows, 43 sequences, length 44
# corresponding to MSA columns:
# 212-255
name=unknown_D
#
# <colnr> <probs for GDERKNQSTAVLIFYWHMCP>
#	G	D	E	R	K	N	Q	S	T	A	V	L	I	F	Y	W	H	M	C	P
0	0.02171	0.01343	0.01522	0.01176	0.01602	0.01418	0.00967	0.52058	0.02263	0.24759	0.01629	0.03883	0.01148	0.00703	0.00560	0.00169	0.00561	0.00548	0.00591	0.00927
1	0.01439	0.01481	0.02784	0.07116	0.15916	0.01500	0.43629	0.01765	0.01305	0.01826	0.01187	0.01633	0.00970	0.00666	0.00885	0.00220	0.13905	0.00633	0.00325	0.00816
2	0.00675	0.00497	0.00633	0.00737	0.00796	0.00455	0.00500	0.00783	0.01106	0.01450	0.05610	0.66462	0.14935	0.01666	0.00697	0.00218	0.00313	0.01495	0.00517	0.00455
3	0.01046	0.00984	0.01661	0.79205	0.03814	0.01230	0.01538	0.01415	0.01107	0.01415	0.00984	0.01477	0.00738	0.00554	0.00554	0.00185	0.00738	0.00492	0.00246	0.00615
4	0.00797	0.00569	0.00765	0.00765	0.00820	0.00624	0.00536	0.00908	0.00853	0.01193	0.01598	0.02811	0.01660	0.37659	0.45214	0.00735	0.01068	0.00686	0.00314	0.00425
5	0.01249	0.13274	0.01813	0.11116	0.32013	0.01199	0.01209	0.01524	0.01280	0.05971	0.12110	0.03649	0.06366	0.00728	0.00555	0.00168	0.00554	0.04131	0.00366	0.00723
6	0.00675	0.00482	0.00643	0.00771	0.00803	0.00450	0.00514	0.00771	0.01060	0.01414	0.03053	0.80175	0.03663	0.01735	0.00707	0.00225	0.00321	0.01574	0.00514	0.00450
7	0.01032	0.00516	0.00516	0.00516	0.00645	0.00516	0.00387	0.01290	0.01161	0.02065	0.01807	0.02065	0.01420	0.00645	0.00387	0.00129	0.00258	0.00516	0.83611	0.00516
8	0.01148	0.00984	0.01148	0.00820	0.01312	0.00738	0.00656	0.01395	0.01148	0.01805	0.00984	0.01148	0.00820	0.00410	0.00410	0.00082	0.00410	0.00328	0.00328	0.83922
9	0.08879	0.00980	0.01542	0.67619	0.03409	0.01202	0.01401	0.01470	0.01107	0.03768	0.01020	0.01449	0.00761	0.00556	0.00530	0.00182	0.00690	0.00477	0.02339	0.00621
10	0.01095	0.01039	0.01396	0.01236	0.01267	0.03300	0.00999	0.01226	0.00905	0.01343	0.04219	0.03317	0.01202	0.08060	0.15680	0.00378	0.51928	0.00572	0.00282	0.00558
11	0.00731	0.00522	0.00707	0.00835	0.00892	0.00498	0.00612	0.00868	0.01116	0.01477	0.03021	0.61090	0.03540	0.01682	0.00722	0.00233	0.00370	0.20104	0.00513	0.00465
12	0.01404	0.01380	0.02215	0.03304	0.73436	0.05041	0.01669	0.01724	0.01276	0.01787	0.01033	0.01353	0.00869	0.00497	0.00546	0.00163	0.00674	0.00487	0.00275	0.00866
13	0.01211	0.24055	0.57357	0.01407	0.02132	0.01532	0.01748	0.01728	0.01157	0.01631	0.00933	0.01093	0.00704	0.00512	0.00480	0.00160	0.00757	0.00379	0.00235	0.00789
14	0.05609	0.05343	0.07712	0.19571	0.15965	0.11024	0.04826	0.01643	0.02559	0.01571	0.00932	0.01269	0.00770	0.00628	0.00808	0.00184	0.18167	0.00458	0.00266	0.00695
15	0.01297	0.05643	0.12097	0.02254	0.08371	0.01420	0.57027	0.01760	0.01278	0.01751	0.01082	0.01415	0.00820	0.00476	0.00615	0.00180	0.00882	0.00594	0.00272	0.00764
16	0.00805	0.00537	0.00604	0.00604	0.00604	0.00537	0.00336	0.00805	0.00805	0.01074	0.01745	0.03624	0.02013	0.80536	0.02819	0.00537	0.00537	0.00805	0.00336	0.00336
17	0.00962	0.00481	0.00722	0.00722	0.00722	0.00481	0.00481	0.00722	0.00722	0.00962	0.00962	0.01684	0.00962	0.01924	0.02165	0.83886	0.00481	0.00481	0.00241	0.00241
18	0.03829	0.01045	0.01662	0.50837	0.12371	0.01221	0.03640	0.01638	0.09017	0.03047	0.01255	0.01784	0.01004	0.00621	0.00562	0.00186	0.00675	0.04616	0.00310	0.00679
19	0.00664	0.00561	0.00574	0.00571	0.00754	0.00472	0.00428	0.00814	0.01285	0.01550	0.10938	0.05241	0.71496	0.01382	0.00654	0.00186	0.00279	0.01156	0.00521	0.00472
20	0.00791	0.00593	0.00890	0.00890	0.00989	0.00692	0.00692	0.00989	0.00890	0.01286	0.01483	0.02176	0.01385	0.04154	0.78341	0.00890	0.01483	0.00593	0.00297	0.00494
21	0.00805	0.00537	0.00604	0.00604	0.00604	0.00537	0.00336	0.00805	0.00805	0.01074	0.01745	0.03624	0.02013	0.80536	0.02819	0.00537	0.00537	0.00805	0.00336	0.00336
22	0.01327	0.00919	0.01342	0.01270	0.06441	0.00916	0.08661	0.07686	0.06889	0.14940	0.04610	0.20406	0.05089	0.01087	0.00680	0.00203	0.02806	0.13538	0.00504	0.00685
23	0.00675	0.00482	0.00643	0.00771	0.00803	0.00450	0.00514	0.00771	0.01060	0.01414	0.03053	0.80175	0.03663	0.01735	0.00707	0.00225	0.00321	0.01574	0.00514	0.00450
24	0.01156	0.00690	0.00888	0.00785	0.00986	0.00648	0.00606	0.03368	0.05175	0.15920	0.57702	0.03556	0.04245	0.01021	0.00629	0.00174	0.00317	0.00890	0.00620	0.00627
25	0.01312	0.01316	0.03803	0.18890	0.55990	0.03407	0.01643	0.01645	0.01224	0.01700	0.01015	0.01373	0.00836	0.00523	0.00585	0.00171	0.03007	0.00487	0.00267	0.00807
26	0.10334	0.05363	0.01626	0.01425	0.09277	0.18031	0.01046	0.36618	0.04121	0.02558	0.01280	0.01349	0.03304	0.00629	0.00514	0.00161	0.00663	0.00463	0.00431	0.00808
27	0.00880	0.02355	0.01096	0.00989	0.01089	0.00872	0.03633	0.01047	0.00931	0.01317	0.01702	0.08156	0.05697	0.09466	0.44542	0.00621	0.14084	0.00696	0.00318	0.00509
28	0.00791	0.00605	0.00731	0.00701	0.00852	0.00567	0.00524	0.01110	0.06798	0.02021	0.51492	0.08296	0.21045	0.01198	0.00650	0.00181	0.00281	0.01043	0.00580	0.00532
29	0.02049	0.02945	0.01258	0.00978	0.01338	0.00935	0.00788	0.12066	0.04873	0.49028	0.02192	0.09849	0.03511	0.04711	0.00680	0.00194	0.00475	0.00676	0.00613	0.00842
30	0.05213	0.01728	0.28137	0.03184	0.17008	0.01101	0.03714	0.01605	0.01173	0.01812	0.00993	0.01206	0.00779	0.00477	0.00486	0.00141	0.00626	0.00402	0.00282	0.29935
31	0.00799	0.00591	0.00879	0.00879	0.00978	0.00687	0.00683	0.00998	0.00898	0.01310	0.01493	0.02172	0.01386	0.04046	0.75950	0.00867	0.01446	0.00591	0.02853	0.00495
32	0.01111	0.02865	0.77667	0.01579	0.02397	0.01286	0.02046	0.01754	0.01169	0.01754	0.00994	0.01169	0.00702	0.00526	0.00526	0.00175	0.00818	0.00409	0.00234	0.00818
33	0.00760	0.00599	0.00872	0.00966	0.04594	0.00560	0.04537	0.00914	0.01157	0.01540	0.09156	0.54296	0.10996	0.01514	0.00690	0.00214	0.00371	0.05270	0.00498	0.00497
34	0.01099	0.01069	0.01733	0.45828	0.02894	0.03058	0.09619	0.01403	0.01090	0.01456	0.01140	0.07886	0.01005	0.00721	0.00807	0.00196	0.15347	0.00595	0.02442	0.00613
35	0.02369	0.00968	0.01304	0.01015	0.01417	0.00884	0.00836	0.02644	0.05153	0.70107	0.02117	0.01861	0.01355	0.00703	0.00619	0.00176	0.04335	0.00557	0.00658	0.00923
36	0.00675	0.00562	0.00589	0.00582	0.00760	0.00476	0.00437	0.00834	0.01310	0.01610	0.16757	0.05143	0.65639	0.01360	0.00654	0.00185	0.00278	0.01143	0.00529	0.00476
37	0.01232	0.01335	0.02762	0.16943	0.08333	0.01316	0.52185	0.01652	0.01254	0.01691	0.01182	0.05288	0.00960	0.00547	0.00630	0.00187	0.00847	0.00656	0.00285	0.00717
38	0.01029	0.00999	0.04040	0.06271	0.24967	0.00949	0.10302	0.01289	0.01185	0.01637	0.05828	0.31350	0.02180	0.01030	0.00665	0.00196	0.02694	0.02355	0.00384	0.00650
39	0.01863	0.16789	0.22566	0.01165	0.01696	0.01265	0.01198	0.04529	0.01392	0.37297	0.01513	0.01459	0.01026	0.00610	0.00551	0.00164	0.03146	0.00462	0.00457	0.00853
40	0.01326	0.01262	0.02118	0.10107	0.61774	0.01294	0.03356	0.01735	0.05819	0.01799	0.01168	0.01568	0.00981	0.00544	0.00559	0.00171	0.00654	0.02630	0.00296	0.00839
41	0.00685	0.00513	0.00637	0.00718	0.00800	0.00465	0.00501	0.00811	0.01162	0.01514	0.10446	0.52861	0.21994	0.01592	0.00690	0.00212	0.00310	0.03104	0.00523	0.00462
42	0.01280	0.01296	0.04000	0.27812	0.46979	0.03775	0.03636	0.01627	0.01220	0.01665	0.01018	0.01391	0.00821	0.00516	0.00551	0.00171	0.00707	0.00491	0.00265	0.00780
43	0.01234	0.01334	0.07355	0.37329	0.06971	0.03256	0.21064	0.07076	0.01306	0.01722	0.01152	0.01689	0.00917	0.00587	0.00588	0.00185	0.00776	0.04468	0.00294	0.00698

[dist]
# distance from previous block
# <min> <max>
0	1

[block]
# block no. 4 follows, 43 sequences, length 6
# corresponding to MSA columns:
# 257-262
name=unknown_E
#
# <colnr> <probs for GDERKNQSTAVLIFYWHMCP>
#	G	D	E	R	K	N	Q	S	T	A	V	L	I	F	Y	W	H	M	C	P
0	0.12585	0.04494	0.13972	0.11286	0.07710	0.01175	0.01181	0.06263	0.01363	0.29901	0.01410	0.01454	0.00969	0.00605	0.00556	0.00173	0.03183	0.00470	0.00439	0.00810
1	0.01040	0.00912	0.05662	0.01227	0.06689	0.00820	0.04530	0.04400	0.07085	0.04178	0.04179	0.20299	0.05474	0.01252	0.00680	0.00218	0.00503	0.29758	0.00480	0.00612
2	0.11327	0.11273	0.52556	0.01460	0.05063	0.01409	0.01676	0.05966	0.01223	0.01894	0.00963	0.01122	0.00711	0.00526	0.00487	0.00168	0.00727	0.00392	0.00267	0.00789
3	0.01739	0.15775	0.05992	0.01399	0.05677	0.39057	0.01108	0.07945	0.04750	0.01650	0.04643	0.01247	0.01002	0.00613	0.00568	0.00153	0.05242	0.00418	0.00321	0.00703
4	0.10386	0.07894	0.34286	0.07194	0.13360	0.01353	0.07677	0.04580	0.01238	0.05543	0.01041	0.01238	0.00773	0.00526	0.00512	0.00170	0.00714	0.00438	0.00291	0.00786
5	0.01515	0.01627	0.06839	0.05513	0.36990	0.17945	0.03653	0.01850	0.03638	0.05866	0.01246	0.01452	0.03380	0.00558	0.00536	0.00159	0.00710	0.00483	0.00316	0.05723

[dist]
# distance from previous block
# <min> <max>
1	4

[block]
# block no. 5 follows, 43 sequences, length 15
# corresponding to MSA columns:
# 267-281
name=unknown_F
#
# <colnr> <probs for GDERKNQSTAVLIFYWHMCP>
#	G	D	E	R	K	N	Q	S	T	A	V	L	I	F	Y	W	H	M	C	P
0	0.01394	0.03029	0.01448	0.05439	0.11794	0.11585	0.03326	0.07172	0.20780	0.05016	0.19009	0.02248	0.03856	0.00761	0.00572	0.00171	0.00548	0.00646	0.00467	0.00739
1	0.19084	0.03314	0.01250	0.01035	0.01352	0.13639	0.00828	0.14358	0.12023	0.09959	0.01741	0.01752	0.08272	0.00776	0.02001	0.00184	0.04217	0.00519	0.02971	0.00725
2	0.11506	0.01001	0.02913	0.00929	0.01277	0.00946	0.00760	0.08466	0.09610	0.29623	0.15149	0.02149	0.01938	0.04331	0.00640	0.00183	0.00444	0.00599	0.00554	0.06982
3	0.00861	0.00689	0.04247	0.00809	0.00952	0.00654	0.00663	0.01094	0.01127	0.01664	0.15991	0.03004	0.06077	0.05387	0.30528	0.00464	0.02532	0.06573	0.16168	0.00514
4	0.01127	0.02754	0.71643	0.01640	0.02437	0.01295	0.07958	0.01756	0.01180	0.01756	0.01004	0.01196	0.00713	0.00521	0.00536	0.00176	0.00828	0.00429	0.00238	0.00813
5	0.00769	0.00559	0.00724	0.00697	0.00822	0.00514	0.00517	0.01011	0.01513	0.02122	0.67529	0.10348	0.08410	0.01194	0.00658	0.00179	0.00267	0.01056	0.00598	0.00514
6	0.01111	0.02865	0.77667	0.01579	0.02397	0.01286	0.02046	0.01754	0.01169	0.01754	0.00994	0.01169	0.00702	0.00526	0.00526	0.00175	0.00818	0.00409	0.00234	0.00818
7	0.00892	0.00637	0.00892	0.01020	0.01147	0.00637	0.00892	0.01147	0.01275	0.01657	0.02932	0.06247	0.03187	0.01530	0.00765	0.00255	0.00510	0.73354	0.00510	0.00510
8	0.01900	0.01205	0.01561	0.01235	0.01633	0.01240	0.08675	0.23871	0.17438	0.26813	0.01892	0.04770	0.01398	0.00736	0.00580	0.00180	0.00549	0.02883	0.00567	0.00876
9	0.01156	0.10363	0.67750	0.01582	0.04954	0.01375	0.01928	0.01743	0.01168	0.01712	0.00974	0.01149	0.00709	0.00520	0.00510	0.00169	0.00791	0.00401	0.00236	0.00810
10	0.01901	0.01134	0.01349	0.05116	0.01582	0.01190	0.00908	0.18467	0.24586	0.30486	0.05813	0.01915	0.01542	0.00717	0.00563	0.00176	0.00494	0.00585	0.00593	0.00884
11	0.01449	0.01490	0.02093	0.09752	0.59105	0.13103	0.01589	0.01753	0.01295	0.01705	0.01008	0.01323	0.00840	0.00511	0.00541	0.00163	0.00717	0.00472	0.00273	0.00818
12	0.08103	0.04704	0.02178	0.05963	0.05970	0.05285	0.31683	0.03847	0.03358	0.01790	0.01191	0.05026	0.01006	0.02012	0.00711	0.00184	0.07737	0.00583	0.05335	0.03333
13	0.12628	0.01158	0.06712	0.08773	0.01629	0.01080	0.00933	0.09780	0.12140	0.18825	0.01859	0.02034	0.06284	0.02588	0.00583	0.00180	0.00512	0.03823	0.00473	0.08005
14	0.05293	0.03665	0.02750	0.10517	0.04092	0.08071	0.00978	0.16667	0.14833	0.09504	0.01736	0.08324	0.03121	0.00865	0.02760	0.00196	0.00592	0.02224	0.03063	0.00750

[dist]
# distance from previous block
# <min> <max>
0	36

# created by:
# /st0/software/busco_prod/Augustus/scripts/msa2prfl.pl ./align_prep/211824.fa
