[name]
unknown

[dist]
# distance from previous block
# <min> <max>
0	34

[block]
# block no. 0 follows, 45 sequences, length 13
# corresponding to MSA columns:
# 34-46
name=unknown_A
#
# <colnr> <probs for GDERKNQSTAVLIFYWHMCP>
#	G	D	E	R	K	N	Q	S	T	A	V	L	I	F	Y	W	H	M	C	P
0	0.00865	0.00618	0.00865	0.00989	0.01112	0.00618	0.00865	0.01112	0.01236	0.01606	0.02842	0.06055	0.03089	0.01483	0.00741	0.00247	0.00494	0.74174	0.00494	0.00494
1	0.84927	0.01038	0.00789	0.00706	0.01038	0.01204	0.00581	0.01578	0.00914	0.02408	0.00747	0.00872	0.00581	0.00498	0.00332	0.00166	0.00415	0.00291	0.00332	0.00581
2	0.01267	0.01448	0.03167	0.02262	0.02805	0.01357	0.75837	0.01719	0.01267	0.01719	0.01086	0.01448	0.00814	0.00452	0.00633	0.00181	0.00905	0.00633	0.00271	0.00724
3	0.11851	0.04027	0.03692	0.00848	0.01136	0.00900	0.00703	0.05256	0.11289	0.17594	0.28977	0.02630	0.07264	0.00835	0.00545	0.00168	0.00386	0.00691	0.00533	0.00676
4	0.01174	0.01676	0.20321	0.01972	0.02532	0.01258	0.52756	0.01637	0.01217	0.01687	0.01208	0.07727	0.01002	0.00564	0.00609	0.00181	0.00832	0.00650	0.00279	0.00717
5	0.02041	0.01504	0.01611	0.01235	0.01665	0.01665	0.01020	0.75997	0.02524	0.03383	0.01289	0.01289	0.00913	0.00644	0.00537	0.00161	0.00591	0.00483	0.00537	0.00913
6	0.05347	0.20121	0.17400	0.01375	0.04718	0.06810	0.13586	0.05367	0.03478	0.05991	0.05029	0.03389	0.01123	0.03333	0.00574	0.00169	0.00661	0.00494	0.00323	0.00712
7	0.01493	0.05134	0.17509	0.01088	0.01531	0.01037	0.03404	0.09888	0.07024	0.21221	0.09047	0.05477	0.04923	0.00713	0.00535	0.00161	0.00520	0.00593	0.00464	0.08238
8	0.01901	0.06218	0.01287	0.00955	0.01316	0.07899	0.00781	0.11689	0.03928	0.40162	0.02424	0.02242	0.15286	0.00769	0.00540	0.00163	0.00492	0.00611	0.00551	0.00786
9	0.01641	0.13193	0.04755	0.01176	0.01607	0.01284	0.10955	0.20653	0.03503	0.16978	0.06394	0.01585	0.01248	0.02779	0.00572	0.00160	0.00562	0.00507	0.00442	0.10004
10	0.01788	0.05498	0.06700	0.01059	0.01463	0.08852	0.02664	0.12563	0.05552	0.29922	0.05156	0.01854	0.06874	0.00677	0.00524	0.00156	0.00538	0.00541	0.00497	0.07121
11	0.01417	0.12250	0.10886	0.03849	0.01581	0.05778	0.04540	0.09121	0.05406	0.11399	0.12238	0.01815	0.01563	0.00644	0.00509	0.00149	0.00549	0.02664	0.00409	0.13231
12	0.06654	0.06158	0.24383	0.04000	0.01887	0.03800	0.07854	0.13060	0.13391	0.07353	0.01314	0.01468	0.00984	0.00591	0.00515	0.00167	0.00640	0.02320	0.00376	0.03084

[dist]
# distance from previous block
# <min> <max>
3	29

[block]
# block no. 1 follows, 45 sequences, length 19
# corresponding to MSA columns:
# 79-92,94-98
name=unknown_B
#
# <colnr> <probs for GDERKNQSTAVLIFYWHMCP>
#	G	D	E	R	K	N	Q	S	T	A	V	L	I	F	Y	W	H	M	C	P
0	0.06372	0.01304	0.01492	0.02699	0.01599	0.03626	0.05198	0.33945	0.09666	0.04770	0.01242	0.01314	0.00930	0.00591	0.00562	0.00151	0.04610	0.00455	0.00438	0.19036
1	0.07784	0.03755	0.03019	0.04674	0.08190	0.05403	0.04119	0.18691	0.01527	0.14981	0.01208	0.01287	0.00887	0.00534	0.00481	0.00141	0.00553	0.00427	0.00411	0.21927
2	0.01495	0.03512	0.01249	0.00948	0.02806	0.00947	0.00744	0.14589	0.04191	0.16125	0.05240	0.02846	0.01259	0.04321	0.00580	0.00143	0.00450	0.00475	0.00442	0.37638
3	0.01623	0.04844	0.01450	0.03168	0.01539	0.01287	0.02652	0.28718	0.18757	0.09809	0.01529	0.04221	0.01169	0.00639	0.00512	0.00152	0.00505	0.00517	0.00481	0.16430
4	0.01957	0.01454	0.01566	0.01195	0.01629	0.01579	0.00986	0.69254	0.02396	0.03235	0.01259	0.01273	0.00902	0.00622	0.00524	0.00154	0.00573	0.00468	0.00517	0.08456
5	0.00755	0.00546	0.00734	0.00845	0.00933	0.00525	0.00665	0.00927	0.01151	0.01505	0.04762	0.38243	0.08765	0.01551	0.00707	0.00228	0.00394	0.35801	0.00498	0.00466
6	0.08437	0.22052	0.43854	0.01419	0.07050	0.05430	0.01527	0.01686	0.01130	0.01636	0.00887	0.01048	0.00686	0.00496	0.00454	0.00154	0.00705	0.00363	0.00242	0.00744
7	0.02064	0.06021	0.04525	0.01155	0.01597	0.01448	0.00991	0.49784	0.02131	0.22625	0.01460	0.01398	0.00999	0.00634	0.00526	0.00160	0.00563	0.00483	0.00540	0.00896
8	0.00763	0.00500	0.00661	0.00749	0.00813	0.00461	0.00512	0.00871	0.01084	0.06056	0.05604	0.70210	0.06518	0.01586	0.00672	0.00212	0.00317	0.01431	0.00512	0.00468
9	0.00918	0.00588	0.00684	0.00660	0.00846	0.00509	0.00499	0.01070	0.01264	0.12904	0.10825	0.17099	0.45886	0.01289	0.00631	0.00186	0.00309	0.02778	0.00531	0.00524
10	0.02380	0.00959	0.01274	0.00977	0.01393	0.00857	0.00807	0.08304	0.01613	0.72362	0.02053	0.01785	0.01297	0.00663	0.00540	0.00166	0.00467	0.00535	0.00655	0.00913
11	0.01077	0.02777	0.78354	0.01530	0.02323	0.01247	0.01983	0.01700	0.01133	0.01700	0.00963	0.01133	0.00680	0.00510	0.00510	0.00170	0.00793	0.00397	0.00227	0.00793
12	0.02318	0.00894	0.01217	0.00940	0.01339	0.00773	0.00773	0.02528	0.01535	0.73991	0.06251	0.01947	0.01534	0.00688	0.00545	0.00166	0.00446	0.00563	0.00660	0.00891
13	0.01800	0.00928	0.02939	0.01025	0.01365	0.00844	0.03437	0.02212	0.11570	0.44320	0.05978	0.02785	0.01880	0.00849	0.00589	0.00185	0.00473	0.15444	0.00587	0.00791
14	0.02241	0.01127	0.05979	0.01038	0.01476	0.00971	0.00900	0.14367	0.03564	0.59588	0.01916	0.01703	0.01230	0.00653	0.00538	0.00166	0.00498	0.00524	0.00614	0.00905
15	0.00842	0.00684	0.03617	0.00811	0.00917	0.00693	0.00617	0.03584	0.02943	0.01294	0.01522	0.02522	0.01519	0.30029	0.45270	0.00678	0.01044	0.00636	0.00314	0.00463
16	0.71877	0.08524	0.01020	0.00752	0.01102	0.01297	0.00635	0.04458	0.01008	0.04284	0.00803	0.00911	0.00623	0.00505	0.00347	0.00161	0.00438	0.00304	0.00339	0.00613
17	0.07466	0.13765	0.29528	0.01356	0.03681	0.25969	0.01344	0.07913	0.01350	0.01705	0.00902	0.01041	0.00701	0.00526	0.00468	0.00151	0.00770	0.00366	0.00277	0.00720
18	0.07189	0.51091	0.06981	0.01156	0.01614	0.10630	0.09606	0.03604	0.01187	0.01480	0.00822	0.00969	0.00702	0.00480	0.00407	0.00133	0.00659	0.00345	0.00255	0.00690

[dist]
# distance from previous block
# <min> <max>
1	4

[block]
# block no. 2 follows, 45 sequences, length 71
# corresponding to MSA columns:
# 103-173
name=unknown_C
#
# <colnr> <probs for GDERKNQSTAVLIFYWHMCP>
#	G	D	E	R	K	N	Q	S	T	A	V	L	I	F	Y	W	H	M	C	P
0	0.01079	0.02503	0.68054	0.01467	0.02180	0.01169	0.03579	0.01643	0.01138	0.03592	0.01164	0.07902	0.00942	0.00612	0.00528	0.00174	0.00747	0.00501	0.00262	0.00764
1	0.02018	0.01538	0.01595	0.01237	0.01656	0.04962	0.01016	0.70634	0.04719	0.03260	0.01296	0.01297	0.00925	0.00643	0.00535	0.00161	0.00602	0.00481	0.00526	0.00899
2	0.00670	0.00513	0.00621	0.00686	0.00785	0.00457	0.00484	0.00792	0.01120	0.01443	0.06497	0.48354	0.28106	0.01513	0.00661	0.00201	0.00304	0.03676	0.00497	0.02618
3	0.01336	0.59755	0.23650	0.01087	0.01639	0.01882	0.01212	0.01633	0.01102	0.01383	0.00806	0.00936	0.00686	0.00473	0.00390	0.00130	0.00635	0.00317	0.00229	0.00718
4	0.01685	0.01449	0.25234	0.01127	0.01616	0.00902	0.03375	0.02037	0.01400	0.39386	0.14277	0.01963	0.01733	0.00682	0.00549	0.00168	0.00541	0.00570	0.00504	0.00803
5	0.01268	0.01208	0.02079	0.06069	0.63649	0.01213	0.05305	0.01588	0.01220	0.01723	0.01188	0.01795	0.01059	0.00576	0.00557	0.00170	0.00640	0.07605	0.00287	0.00799
6	0.02054	0.00833	0.01129	0.00899	0.01249	0.00726	0.00729	0.02264	0.01512	0.61977	0.14945	0.05575	0.02058	0.00781	0.00562	0.00169	0.00416	0.00655	0.00645	0.00824
7	0.01258	0.01424	0.02973	0.10050	0.02869	0.03129	0.66632	0.01694	0.01253	0.01675	0.01067	0.01435	0.00802	0.00463	0.00620	0.00180	0.00887	0.00611	0.00268	0.00709
8	0.01281	0.01227	0.02093	0.14798	0.66654	0.01263	0.01624	0.01606	0.01200	0.01696	0.01001	0.01344	0.00830	0.00487	0.00532	0.00162	0.00649	0.00478	0.00262	0.00812
9	0.02408	0.00914	0.01246	0.00955	0.01370	0.00789	0.00789	0.02616	0.01536	0.78158	0.02118	0.01827	0.01329	0.00664	0.00540	0.00166	0.00457	0.00540	0.00664	0.00914
10	0.00654	0.00467	0.00623	0.00747	0.00779	0.00436	0.00498	0.00747	0.01028	0.01370	0.02959	0.80785	0.03550	0.01682	0.00685	0.00218	0.00311	0.01526	0.00498	0.00436
11	0.01215	0.31564	0.48689	0.01352	0.03947	0.01569	0.01584	0.01665	0.01120	0.01541	0.00885	0.01039	0.00688	0.00491	0.00450	0.00150	0.00709	0.00359	0.00229	0.00757
12	0.01001	0.00500	0.00500	0.00500	0.00625	0.00500	0.00375	0.01251	0.01126	0.02001	0.01751	0.02001	0.01376	0.00625	0.00375	0.00125	0.00250	0.00500	0.84115	0.00500
13	0.01113	0.00954	0.01113	0.00795	0.01272	0.00716	0.00636	0.01352	0.01113	0.01749	0.00954	0.01113	0.00795	0.00398	0.00398	0.00080	0.00398	0.00318	0.00318	0.84417
14	0.01001	0.00500	0.00500	0.00500	0.00625	0.00500	0.00375	0.01251	0.01126	0.02001	0.01751	0.02001	0.01376	0.00625	0.00375	0.00125	0.00250	0.00500	0.84115	0.00500
15	0.00676	0.00543	0.00602	0.00592	0.00751	0.00470	0.00442	0.00849	0.01315	0.01677	0.28892	0.06688	0.52051	0.01282	0.00635	0.00178	0.00267	0.01090	0.00529	0.00470
16	0.02372	0.00931	0.01307	0.00997	0.01416	0.00807	0.03199	0.02587	0.01528	0.75704	0.02085	0.01815	0.01312	0.00658	0.00543	0.00167	0.00471	0.00543	0.00652	0.00907
17	0.06249	0.51700	0.10493	0.01072	0.01481	0.06790	0.01057	0.01604	0.01073	0.01384	0.00769	0.00943	0.00684	0.00543	0.00576	0.00143	0.12195	0.00329	0.00239	0.00675
18	0.00654	0.00467	0.00623	0.00747	0.00779	0.00436	0.00498	0.00747	0.01028	0.01370	0.02959	0.80785	0.03550	0.01682	0.00685	0.00218	0.00311	0.01526	0.00498	0.00436
19	0.01075	0.01016	0.01720	0.65040	0.18026	0.01209	0.01521	0.01425	0.01102	0.01445	0.00965	0.01411	0.00742	0.00525	0.00536	0.00175	0.00701	0.00477	0.00244	0.00645
20	0.01829	0.03145	0.01668	0.01675	0.16682	0.30646	0.01131	0.22438	0.06498	0.05645	0.01134	0.01237	0.00874	0.00587	0.00541	0.00155	0.02522	0.00437	0.00380	0.00776
21	0.81397	0.01033	0.00808	0.00717	0.01052	0.01186	0.00590	0.01622	0.00940	0.05649	0.00806	0.00913	0.00613	0.00505	0.00341	0.00166	0.00417	0.00301	0.00346	0.00596
22	0.04974	0.01075	0.01259	0.00927	0.01386	0.00944	0.02675	0.16042	0.01414	0.07436	0.01095	0.01196	0.00847	0.00470	0.00438	0.00108	0.00453	0.00373	0.00384	0.56504
23	0.01001	0.00500	0.00500	0.00500	0.00625	0.00500	0.00375	0.01251	0.01126	0.02001	0.01751	0.02001	0.01376	0.00625	0.00375	0.00125	0.00250	0.00500	0.84115	0.00500
24	0.84927	0.01038	0.00789	0.00706	0.01038	0.01204	0.00581	0.01578	0.00914	0.02408	0.00747	0.00872	0.00581	0.00498	0.00332	0.00166	0.00415	0.00291	0.00332	0.00581
25	0.06601	0.01289	0.01237	0.01049	0.01340	0.12549	0.00827	0.26135	0.09420	0.08276	0.10476	0.07464	0.05293	0.02369	0.00626	0.00176	0.03033	0.00635	0.00486	0.00720
26	0.05618	0.01395	0.02827	0.02037	0.02545	0.01337	0.62709	0.04697	0.01278	0.01811	0.01058	0.01386	0.00802	0.00474	0.00636	0.00176	0.03228	0.00588	0.00287	0.05109
27	0.00781	0.00520	0.00585	0.00585	0.00585	0.00520	0.00325	0.00781	0.00781	0.01041	0.01691	0.03513	0.01952	0.81135	0.02732	0.00520	0.00520	0.00781	0.00325	0.00325
28	0.01736	0.01282	0.01392	0.01114	0.01478	0.01405	0.00904	0.49962	0.14956	0.05334	0.10844	0.01871	0.03790	0.00735	0.00553	0.00166	0.00508	0.00584	0.00548	0.00839
29	0.03325	0.30194	0.45141	0.01256	0.01884	0.01520	0.01496	0.01655	0.01111	0.03222	0.00926	0.01085	0.00721	0.00635	0.03575	0.00178	0.00725	0.00366	0.00242	0.00741
30	0.02408	0.00914	0.01246	0.00955	0.01370	0.00789	0.00789	0.02616	0.01536	0.78158	0.02118	0.01827	0.01329	0.00664	0.00540	0.00166	0.00457	0.00540	0.00664	0.00914
31	0.00781	0.00520	0.00585	0.00585	0.00585	0.00520	0.00325	0.00781	0.00781	0.01041	0.01691	0.03513	0.01952	0.81135	0.02732	0.00520	0.00520	0.00781	0.00325	0.00325
32	0.00931	0.00663	0.00829	0.02949	0.01002	0.00665	0.00607	0.12190	0.01360	0.03291	0.18141	0.47144	0.03308	0.03419	0.00698	0.00205	0.00361	0.01187	0.00515	0.00533
33	0.01001	0.00500	0.00500	0.00500	0.00625	0.00500	0.00375	0.01251	0.01126	0.02001	0.01751	0.02001	0.01376	0.00625	0.00375	0.00125	0.00250	0.00500	0.84115	0.00500
34	0.00779	0.00526	0.00616	0.00616	0.00626	0.00537	0.00363	0.00800	0.00790	0.01063	0.01664	0.03359	0.01885	0.72715	0.11061	0.00558	0.00621	0.00758	0.00321	0.00342
35	0.00664	0.00480	0.00626	0.00738	0.00783	0.00446	0.00502	0.00764	0.01045	0.01378	0.03107	0.70467	0.08939	0.03480	0.00731	0.00223	0.00321	0.04374	0.00494	0.00437
36	0.01269	0.01214	0.02060	0.13235	0.66005	0.01242	0.01593	0.01588	0.01203	0.01695	0.01122	0.01446	0.02912	0.00510	0.00535	0.00163	0.00638	0.00496	0.00268	0.00806
37	0.02041	0.01504	0.01611	0.01235	0.01665	0.01665	0.01020	0.75997	0.02524	0.03383	0.01289	0.01289	0.00913	0.00644	0.00537	0.00161	0.00591	0.00483	0.00537	0.00913
38	0.01392	0.01150	0.01223	0.01090	0.01400	0.01319	0.00850	0.04236	0.72366	0.05329	0.02165	0.01982	0.01612	0.00724	0.00546	0.00181	0.00429	0.00602	0.00551	0.00853
39	0.02025	0.01230	0.12856	0.01049	0.01498	0.00933	0.00971	0.10640	0.01586	0.51674	0.08308	0.01849	0.01504	0.00676	0.00543	0.00166	0.00505	0.00549	0.00578	0.00860
40	0.01124	0.06108	0.70419	0.01461	0.02208	0.01250	0.01857	0.01704	0.01155	0.04028	0.03222	0.01226	0.00828	0.00530	0.00507	0.00167	0.00758	0.00413	0.00251	0.00784
41	0.01077	0.02777	0.78354	0.01530	0.02323	0.01247	0.01983	0.01700	0.01133	0.01700	0.00963	0.01133	0.00680	0.00510	0.00510	0.00170	0.00793	0.00397	0.00227	0.00793
42	0.01327	0.01279	0.02202	0.03271	0.76033	0.01277	0.03382	0.01649	0.01223	0.01753	0.01011	0.01331	0.00849	0.00478	0.00534	0.00160	0.00644	0.00482	0.00266	0.00847
43	0.84927	0.01038	0.00789	0.00706	0.01038	0.01204	0.00581	0.01578	0.00914	0.02408	0.00747	0.00872	0.00581	0.00498	0.00332	0.00166	0.00415	0.00291	0.00332	0.00581
44	0.02041	0.01504	0.01611	0.01235	0.01665	0.01665	0.01020	0.75997	0.02524	0.03383	0.01289	0.01289	0.00913	0.00644	0.00537	0.00161	0.00591	0.00483	0.00537	0.00913
45	0.01443	0.74949	0.05993	0.00963	0.01429	0.05148	0.00969	0.01633	0.01110	0.01284	0.00759	0.00877	0.00689	0.00465	0.00357	0.00118	0.00599	0.00294	0.00231	0.00691
46	0.01001	0.00500	0.00500	0.00500	0.00625	0.00500	0.00375	0.01251	0.01126	0.02001	0.01751	0.02001	0.01376	0.00625	0.00375	0.00125	0.00250	0.00500	0.84115	0.00500
47	0.00757	0.00549	0.00714	0.00672	0.00800	0.00505	0.00504	0.01008	0.01513	0.02137	0.75932	0.04035	0.06646	0.01103	0.00633	0.00169	0.00254	0.00974	0.00589	0.00505
48	0.01482	0.01466	0.01669	0.01519	0.07642	0.14481	0.03313	0.16220	0.01333	0.01763	0.01029	0.01311	0.03227	0.00779	0.01139	0.00195	0.39963	0.00478	0.00314	0.00678
49	0.01113	0.00954	0.01113	0.00795	0.01272	0.00716	0.00636	0.01352	0.01113	0.01749	0.00954	0.01113	0.00795	0.00398	0.00398	0.00080	0.00398	0.00318	0.00318	0.84417
50	0.00781	0.00520	0.00585	0.00585	0.00585	0.00520	0.00325	0.00781	0.00781	0.01041	0.01691	0.03513	0.01952	0.81135	0.02732	0.00520	0.00520	0.00781	0.00325	0.00325
51	0.00719	0.00545	0.00662	0.00636	0.00778	0.00488	0.00476	0.00932	0.01417	0.01918	0.53565	0.06016	0.27507	0.01191	0.00635	0.00174	0.00260	0.01033	0.00560	0.00488
52	0.02316	0.00958	0.01237	0.00963	0.01362	0.03181	0.00789	0.02557	0.03493	0.71451	0.04449	0.01874	0.01435	0.00676	0.00541	0.00166	0.00465	0.00549	0.00647	0.00890
53	0.00654	0.00467	0.00623	0.00747	0.00779	0.00436	0.00498	0.00747	0.01028	0.01370	0.02959	0.80785	0.03550	0.01682	0.00685	0.00218	0.00311	0.01526	0.00498	0.00436
54	0.01267	0.01448	0.03167	0.02262	0.02805	0.01357	0.75837	0.01719	0.01267	0.01719	0.01086	0.01448	0.00814	0.00452	0.00633	0.00181	0.00905	0.00633	0.00271	0.00724
55	0.01853	0.13129	0.01758	0.03891	0.06130	0.34971	0.01057	0.23832	0.03735	0.03240	0.01025	0.01125	0.00802	0.00568	0.00487	0.00146	0.00751	0.00400	0.00359	0.00741
56	0.01001	0.00500	0.00500	0.00500	0.00625	0.00500	0.00375	0.01251	0.01126	0.02001	0.01751	0.02001	0.01376	0.00625	0.00375	0.00125	0.00250	0.00500	0.84115	0.00500
57	0.00638	0.00542	0.00550	0.00552	0.00728	0.00454	0.00413	0.00776	0.01227	0.01467	0.07331	0.06963	0.73814	0.01360	0.00636	0.00182	0.00272	0.01138	0.00501	0.00454
58	0.01361	0.01301	0.02126	0.05480	0.70969	0.02874	0.01605	0.04611	0.01276	0.01798	0.01015	0.01323	0.00845	0.00488	0.00531	0.00160	0.00645	0.00476	0.00276	0.00840
59	0.06251	0.01013	0.05166	0.00963	0.01356	0.00867	0.00822	0.05173	0.05859	0.55468	0.05095	0.05032	0.03011	0.00723	0.00539	0.00170	0.00458	0.00590	0.00600	0.00842
60	0.02005	0.02558	0.01521	0.01383	0.01659	0.78980	0.01037	0.02143	0.01521	0.01314	0.00830	0.00968	0.00691	0.00553	0.00484	0.00138	0.00968	0.00346	0.00277	0.00622
61	0.01113	0.00954	0.01113	0.00795	0.01272	0.00716	0.00636	0.01352	0.01113	0.01749	0.00954	0.01113	0.00795	0.00398	0.00398	0.00080	0.00398	0.00318	0.00318	0.84417
62	0.06449	0.34714	0.11453	0.01148	0.01567	0.25639	0.01070	0.03052	0.01257	0.05415	0.00877	0.00995	0.00720	0.00526	0.00465	0.00139	0.03208	0.00341	0.00277	0.00687
63	0.02408	0.00914	0.01246	0.00955	0.01370	0.00789	0.00789	0.02616	0.01536	0.78158	0.02118	0.01827	0.01329	0.00664	0.00540	0.00166	0.00457	0.00540	0.00664	0.00914
64	0.00781	0.00520	0.00585	0.00585	0.00585	0.00520	0.00325	0.00781	0.00781	0.01041	0.01691	0.03513	0.01952	0.81135	0.02732	0.00520	0.00520	0.00781	0.00325	0.00325
65	0.01926	0.01437	0.01549	0.01186	0.01617	0.01557	0.00976	0.66325	0.04317	0.03183	0.01277	0.01289	0.00920	0.00621	0.00523	0.00153	0.00566	0.00469	0.00514	0.09594
66	0.01363	0.01312	0.02148	0.03195	0.73978	0.03164	0.01616	0.03582	0.01263	0.01785	0.01013	0.01319	0.00848	0.00484	0.00530	0.00159	0.00644	0.00475	0.00273	0.00846
67	0.03548	0.51998	0.19537	0.01078	0.01588	0.03872	0.01148	0.05692	0.01177	0.01508	0.00855	0.00998	0.00722	0.00626	0.03529	0.00161	0.00665	0.00336	0.00252	0.00712
68	0.00759	0.03779	0.00710	0.00615	0.00795	0.00546	0.00471	0.00933	0.01314	0.03996	0.27035	0.05889	0.48796	0.01228	0.00620	0.00175	0.00285	0.01039	0.00521	0.00493
69	0.00747	0.00636	0.03149	0.00855	0.00959	0.00571	0.03791	0.00985	0.06836	0.01481	0.04409	0.65302	0.05208	0.01500	0.00665	0.00210	0.00358	0.01361	0.00486	0.00493
70	0.14545	0.17500	0.49124	0.01337	0.04308	0.01409	0.01545	0.01661	0.01093	0.01731	0.00889	0.01046	0.00671	0.00497	0.00451	0.00158	0.00686	0.00361	0.00245	0.00741

[dist]
# distance from previous block
# <min> <max>
2	12

[block]
# block no. 3 follows, 45 sequences, length 13
# corresponding to MSA columns:
# 186-198
name=unknown_D
#
# <colnr> <probs for GDERKNQSTAVLIFYWHMCP>
#	G	D	E	R	K	N	Q	S	T	A	V	L	I	F	Y	W	H	M	C	P
0	0.07211	0.03540	0.18854	0.01927	0.27170	0.09662	0.03294	0.09459	0.01381	0.01943	0.09349	0.01495	0.01239	0.00579	0.00518	0.00161	0.00651	0.00486	0.00326	0.00756
1	0.01332	0.11658	0.17198	0.02178	0.32905	0.08307	0.08491	0.01745	0.05053	0.01659	0.01089	0.01303	0.02050	0.00512	0.00509	0.00156	0.00694	0.00455	0.00274	0.02433
2	0.03748	0.02439	0.61261	0.01729	0.10660	0.01257	0.05986	0.01722	0.03129	0.01743	0.01001	0.01187	0.00728	0.00509	0.00515	0.00170	0.00761	0.00421	0.00245	0.00791
3	0.01121	0.08065	0.51504	0.01439	0.03755	0.01223	0.06356	0.03572	0.01169	0.01697	0.01102	0.06636	0.00908	0.00576	0.00508	0.00161	0.00704	0.00478	0.00266	0.08760
4	0.07070	0.04404	0.27756	0.01490	0.13167	0.01111	0.03394	0.01774	0.06401	0.11348	0.09336	0.01595	0.01325	0.00589	0.00509	0.00160	0.00585	0.00492	0.00363	0.07129
5	0.01196	0.05735	0.14422	0.01246	0.08380	0.01030	0.03827	0.07548	0.01266	0.01855	0.05303	0.02640	0.01101	0.00533	0.00488	0.00126	0.01658	0.01587	0.00329	0.39730
6	0.01270	0.08624	0.01592	0.01571	0.20435	0.01126	0.05144	0.05856	0.13874	0.06625	0.19433	0.02328	0.03827	0.00740	0.00554	0.00165	0.00488	0.03473	0.00440	0.02434
7	0.01382	0.01401	0.07445	0.03878	0.08229	0.01279	0.36963	0.13826	0.04462	0.05190	0.01313	0.06892	0.01064	0.00595	0.00587	0.00174	0.00724	0.00623	0.00355	0.03618
8	0.03530	0.27483	0.32359	0.01328	0.01883	0.17476	0.05714	0.01760	0.01202	0.01502	0.00869	0.01025	0.00690	0.00499	0.00455	0.00147	0.00757	0.00363	0.00243	0.00716
9	0.00807	0.00642	0.00938	0.00922	0.00997	0.00772	0.00717	0.00977	0.00878	0.01268	0.01529	0.11776	0.01531	0.03320	0.58905	0.00698	0.11849	0.00679	0.00307	0.00488
10	0.01207	0.01250	0.07151	0.28267	0.41510	0.01226	0.01538	0.04643	0.01222	0.01679	0.01194	0.01516	0.04168	0.00545	0.00536	0.00168	0.00656	0.00501	0.00276	0.00748
11	0.00684	0.00566	0.00636	0.04073	0.00888	0.00503	0.00495	0.00855	0.01268	0.01573	0.17283	0.04852	0.58154	0.01285	0.00635	0.00182	0.00300	0.04793	0.00502	0.00471
12	0.00766	0.00654	0.00872	0.13836	0.06884	0.00648	0.00702	0.00941	0.01125	0.01415	0.03573	0.15727	0.39640	0.05420	0.05195	0.00241	0.00457	0.00988	0.00418	0.00498

[dist]
# distance from previous block
# <min> <max>
0	1

[block]
# block no. 4 follows, 45 sequences, length 7
# corresponding to MSA columns:
# 206-212
name=unknown_E
#
# <colnr> <probs for GDERKNQSTAVLIFYWHMCP>
#	G	D	E	R	K	N	Q	S	T	A	V	L	I	F	Y	W	H	M	C	P
0	0.01113	0.00954	0.01113	0.00795	0.01272	0.00716	0.00636	0.01352	0.01113	0.01749	0.00954	0.01113	0.00795	0.00398	0.00398	0.00080	0.00398	0.00318	0.00318	0.84417
1	0.01164	0.03291	0.02818	0.05655	0.05495	0.00783	0.00745	0.05666	0.05113	0.14854	0.06119	0.23084	0.20872	0.01093	0.00598	0.00183	0.00408	0.00943	0.00492	0.00623
2	0.00965	0.00563	0.00828	0.00796	0.00796	0.00626	0.00563	0.00780	0.00716	0.00981	0.00901	0.01570	0.00901	0.01739	0.02052	0.72940	0.11302	0.00467	0.00233	0.00281
3	0.01922	0.01258	0.01406	0.01115	0.01493	0.01349	0.00903	0.45148	0.12300	0.18629	0.01661	0.04555	0.01236	0.03710	0.00626	0.00181	0.00527	0.00562	0.00555	0.00865
4	0.01198	0.01140	0.03829	0.19454	0.35014	0.03044	0.06742	0.01518	0.01240	0.04431	0.10382	0.04234	0.01496	0.00646	0.00563	0.00171	0.00619	0.03238	0.00328	0.00713
5	0.01222	0.09247	0.51926	0.01420	0.05691	0.01220	0.01604	0.01708	0.01160	0.07201	0.01029	0.01166	0.00752	0.00500	0.00483	0.00152	0.00688	0.00391	0.00273	0.12167
6	0.01531	0.01200	0.01407	0.01191	0.06203	0.01224	0.00903	0.30705	0.06807	0.04642	0.01259	0.04070	0.01008	0.00614	0.00584	0.00142	0.06257	0.00472	0.00427	0.29354

[dist]
# distance from previous block
# <min> <max>
0	10

# created by:
# /st0/software/busco_prod/Augustus/scripts/msa2prfl.pl ./align_prep/212287.fa
