[name]
unknown

[dist]
# distance from previous block
# <min> <max>
0	51

[block]
# block no. 0 follows, 43 sequences, length 6
# corresponding to MSA columns:
# 55-60
name=unknown_A
#
# <colnr> <probs for GDERKNQSTAVLIFYWHMCP>
#	G	D	E	R	K	N	Q	S	T	A	V	L	I	F	Y	W	H	M	C	P
0	0.06039	0.01078	0.01262	0.06948	0.04408	0.01127	0.00877	0.27247	0.04151	0.07493	0.07780	0.05543	0.09026	0.03466	0.00640	0.00184	0.00501	0.04133	0.00488	0.07610
1	0.09478	0.01222	0.01292	0.01051	0.01396	0.01339	0.00850	0.41869	0.10626	0.02912	0.13268	0.02016	0.04986	0.00764	0.00547	0.00170	0.00488	0.00602	0.04326	0.00797
2	0.06919	0.01016	0.01211	0.00985	0.01281	0.01048	0.04276	0.21688	0.06118	0.12653	0.08133	0.02165	0.01629	0.15780	0.03157	0.00254	0.00533	0.00605	0.05435	0.05116
3	0.09679	0.00881	0.01108	0.01064	0.05939	0.00884	0.02349	0.08600	0.05306	0.16687	0.05266	0.19245	0.03877	0.03279	0.06894	0.00247	0.00526	0.00787	0.03500	0.03881
4	0.06216	0.01259	0.01314	0.04973	0.01541	0.07165	0.00890	0.18700	0.19840	0.11805	0.01645	0.01649	0.02774	0.00668	0.00564	0.00164	0.03429	0.00513	0.05851	0.09041
5	0.06175	0.01078	0.01209	0.01024	0.01343	0.01139	0.00825	0.24750	0.15449	0.11279	0.11134	0.06709	0.04072	0.00875	0.00580	0.00180	0.00468	0.06944	0.00550	0.04216

[dist]
# distance from previous block
# <min> <max>
13	28

[block]
# block no. 1 follows, 43 sequences, length 10
# corresponding to MSA columns:
# 95-98,103-108
name=unknown_B
#
# <colnr> <probs for GDERKNQSTAVLIFYWHMCP>
#	G	D	E	R	K	N	Q	S	T	A	V	L	I	F	Y	W	H	M	C	P
0	0.01180	0.00983	0.01229	0.20054	0.05628	0.03694	0.00952	0.07002	0.15918	0.04747	0.04831	0.14702	0.09833	0.03660	0.00667	0.00197	0.00516	0.00786	0.00440	0.02981
1	0.07383	0.01134	0.01481	0.24694	0.09198	0.04936	0.03175	0.07078	0.08622	0.01864	0.06885	0.04023	0.04235	0.00701	0.00637	0.00176	0.06375	0.00573	0.00363	0.06466
2	0.13657	0.00997	0.01179	0.08739	0.01493	0.02817	0.03948	0.12837	0.04278	0.10968	0.09558	0.08525	0.07758	0.06775	0.00721	0.00202	0.00497	0.00692	0.00464	0.03894
3	0.01443	0.01289	0.01866	0.08504	0.14418	0.04289	0.13070	0.11967	0.08253	0.05469	0.01279	0.04424	0.01041	0.00648	0.00706	0.00174	0.09954	0.00551	0.00369	0.10284
4	0.08463	0.01216	0.01800	0.24010	0.10019	0.04129	0.11491	0.04279	0.01173	0.01716	0.00956	0.01304	0.00771	0.00585	0.00735	0.00174	0.13709	0.00468	0.00286	0.12717
5	0.03777	0.00774	0.00882	0.00789	0.00949	0.00788	0.00558	0.11419	0.04452	0.08037	0.05550	0.07533	0.04839	0.38726	0.05241	0.00378	0.00537	0.00761	0.00434	0.03576
6	0.11362	0.01199	0.01882	0.24645	0.37525	0.01301	0.04619	0.03879	0.05008	0.01852	0.01066	0.01383	0.00845	0.00530	0.00530	0.00173	0.00653	0.00483	0.00298	0.00765
7	0.00699	0.00555	0.00628	0.00627	0.00780	0.00484	0.00464	0.00874	0.01342	0.01725	0.28635	0.12589	0.45942	0.01348	0.00659	0.00187	0.00278	0.01156	0.00545	0.00484
8	0.01332	0.01214	0.01619	0.19073	0.02055	0.04769	0.05174	0.16273	0.01353	0.01835	0.01231	0.05994	0.02867	0.00940	0.04286	0.00226	0.25283	0.00572	0.00338	0.03565
9	0.02377	0.00946	0.01313	0.06833	0.01593	0.00845	0.00868	0.02603	0.01549	0.71779	0.02095	0.01855	0.01324	0.00676	0.00557	0.00172	0.00491	0.00552	0.00653	0.00918

[dist]
# distance from previous block
# <min> <max>
1	16

[block]
# block no. 2 follows, 43 sequences, length 10
# corresponding to MSA columns:
# 125-134
name=unknown_C
#
# <colnr> <probs for GDERKNQSTAVLIFYWHMCP>
#	G	D	E	R	K	N	Q	S	T	A	V	L	I	F	Y	W	H	M	C	P
0	0.69030	0.01022	0.00845	0.00766	0.01084	0.01162	0.00618	0.01677	0.05023	0.05921	0.01111	0.07715	0.00954	0.00638	0.00396	0.00177	0.00422	0.00437	0.00385	0.00618
1	0.78397	0.01201	0.06394	0.00790	0.01167	0.01246	0.00705	0.01637	0.00959	0.02432	0.00787	0.00919	0.00607	0.00515	0.00356	0.00172	0.00457	0.00308	0.00335	0.00616
2	0.61529	0.01324	0.07951	0.06397	0.01450	0.05391	0.00843	0.03969	0.01079	0.04578	0.00871	0.01013	0.00659	0.00531	0.00396	0.00171	0.00523	0.00340	0.00340	0.00644
3	0.01359	0.52600	0.25256	0.01223	0.01805	0.01872	0.05918	0.01694	0.01150	0.01467	0.00859	0.01010	0.00716	0.00489	0.00425	0.00140	0.00681	0.00352	0.00239	0.00745
4	0.55515	0.01259	0.10185	0.04778	0.01429	0.01170	0.00859	0.01825	0.01094	0.15849	0.01063	0.01138	0.00758	0.00548	0.00414	0.00173	0.00498	0.00369	0.00387	0.00689
5	0.01231	0.28281	0.53306	0.01373	0.02079	0.01581	0.01688	0.01723	0.01155	0.01607	0.00921	0.01078	0.00705	0.00509	0.00471	0.00157	0.00745	0.00372	0.00235	0.00783
6	0.01164	0.00762	0.00916	0.00841	0.01045	0.00750	0.00638	0.09023	0.09349	0.11941	0.24966	0.21951	0.12088	0.01164	0.00634	0.00188	0.00360	0.01011	0.00574	0.00634
7	0.01427	0.01423	0.02193	0.03240	0.70974	0.07555	0.01649	0.01741	0.01286	0.01773	0.01027	0.01341	0.00864	0.00500	0.00544	0.00163	0.00686	0.00482	0.00275	0.00858
8	0.05461	0.03625	0.01808	0.07326	0.27999	0.05096	0.07050	0.03398	0.04134	0.01832	0.01049	0.01288	0.00853	0.00488	0.00496	0.00141	0.00603	0.00438	0.00310	0.26604
9	0.17839	0.19818	0.06474	0.01477	0.17075	0.01351	0.03092	0.01774	0.01194	0.13107	0.01150	0.03579	0.00924	0.00552	0.00457	0.00151	0.00553	0.00435	0.00350	0.08647

[dist]
# distance from previous block
# <min> <max>
1	3

[block]
# block no. 3 follows, 43 sequences, length 58
# corresponding to MSA columns:
# 138-195
name=unknown_D
#
# <colnr> <probs for GDERKNQSTAVLIFYWHMCP>
#	G	D	E	R	K	N	Q	S	T	A	V	L	I	F	Y	W	H	M	C	P
0	0.01359	0.01304	0.02228	0.06045	0.74525	0.01313	0.01694	0.01690	0.01256	0.01796	0.01040	0.01374	0.00872	0.00496	0.00548	0.00165	0.00661	0.00493	0.00273	0.00868
1	0.01371	0.01316	0.02248	0.03399	0.77081	0.01316	0.01700	0.01700	0.01261	0.01809	0.01042	0.01371	0.00877	0.00493	0.00548	0.00164	0.00658	0.00493	0.00274	0.00877
2	0.00805	0.00537	0.00604	0.00604	0.00604	0.00537	0.00336	0.00805	0.00805	0.01074	0.01745	0.03624	0.02013	0.80536	0.02819	0.00537	0.00537	0.00805	0.00336	0.00336
3	0.00655	0.00561	0.00561	0.00561	0.00748	0.00468	0.00421	0.00795	0.01262	0.01496	0.05610	0.05330	0.76857	0.01403	0.00655	0.00187	0.00281	0.01169	0.00514	0.00468
4	0.01378	0.01190	0.01252	0.01127	0.01440	0.01378	0.00877	0.02943	0.76081	0.02317	0.02254	0.02066	0.01691	0.00751	0.00564	0.00188	0.00438	0.00626	0.00564	0.00877
5	0.01203	0.01145	0.01945	0.42512	0.39278	0.01272	0.01616	0.01553	0.01182	0.01606	0.01012	0.01425	0.00806	0.00525	0.00551	0.00175	0.00699	0.00493	0.00260	0.00742
6	0.01141	0.09127	0.71665	0.01528	0.02319	0.01359	0.01958	0.01746	0.01166	0.01718	0.00976	0.01147	0.00702	0.00522	0.00512	0.00171	0.00800	0.00400	0.00234	0.00810
7	0.01202	0.02228	0.43112	0.01930	0.02628	0.01339	0.35963	0.01763	0.01233	0.01763	0.01053	0.01320	0.00766	0.00499	0.00585	0.00181	0.00872	0.00523	0.00255	0.00785
8	0.01117	0.02819	0.75187	0.01604	0.02414	0.01290	0.04480	0.01755	0.01174	0.01755	0.00998	0.01180	0.00706	0.00524	0.00530	0.00176	0.00822	0.00417	0.00235	0.00816
9	0.01148	0.00984	0.01148	0.00820	0.01312	0.00738	0.00656	0.01395	0.01148	0.01805	0.00984	0.01148	0.00820	0.00410	0.00410	0.00082	0.00410	0.00328	0.00328	0.83922
10	0.01154	0.07045	0.65029	0.01630	0.02399	0.01350	0.10309	0.01751	0.01183	0.01731	0.00996	0.01191	0.00718	0.00517	0.00531	0.00174	0.00819	0.00431	0.00239	0.00804
11	0.01307	0.01494	0.03268	0.02334	0.02894	0.01401	0.75070	0.01774	0.01307	0.01774	0.01120	0.01494	0.00840	0.00467	0.00654	0.00187	0.00934	0.00654	0.00280	0.00747
12	0.00791	0.00593	0.00890	0.00890	0.00989	0.00692	0.00692	0.00989	0.00890	0.01286	0.01483	0.02176	0.01385	0.04154	0.78341	0.00890	0.01483	0.00593	0.00297	0.00494
13	0.00962	0.00481	0.00722	0.00722	0.00722	0.00481	0.00481	0.00722	0.00722	0.00962	0.00962	0.01684	0.00962	0.01924	0.02165	0.83886	0.00481	0.00481	0.00241	0.00241
14	0.01311	0.01477	0.03154	0.02266	0.02812	0.01399	0.70863	0.01840	0.05548	0.01805	0.01185	0.01526	0.00889	0.00483	0.00648	0.00187	0.00906	0.00652	0.00296	0.00754
15	0.01555	0.01260	0.01339	0.01155	0.01498	0.01436	0.00912	0.18099	0.58979	0.04269	0.02059	0.01908	0.01526	0.00732	0.00561	0.00183	0.00475	0.00598	0.00564	0.00892
16	0.02410	0.00926	0.01261	0.00973	0.01388	0.00801	0.00801	0.02626	0.01584	0.74159	0.05463	0.01984	0.01540	0.00705	0.00561	0.00171	0.00462	0.00576	0.00682	0.00924
17	0.76733	0.08491	0.01008	0.00749	0.01104	0.01331	0.00632	0.01631	0.00960	0.02375	0.00771	0.00899	0.00610	0.00510	0.00344	0.00166	0.00444	0.00300	0.00333	0.00610
18	0.01111	0.02865	0.77667	0.01579	0.02397	0.01286	0.02046	0.01754	0.01169	0.01754	0.00994	0.01169	0.00702	0.00526	0.00526	0.00175	0.00818	0.00409	0.00234	0.00818
19	0.01063	0.01002	0.01692	0.75184	0.07700	0.01235	0.01547	0.01430	0.01116	0.01436	0.00987	0.01471	0.00746	0.00551	0.00553	0.00184	0.00734	0.00492	0.00248	0.00629
20	0.01328	0.09734	0.53919	0.01652	0.10337	0.01321	0.01768	0.01845	0.01222	0.10217	0.01112	0.01245	0.00797	0.00536	0.00516	0.00168	0.00741	0.00424	0.00289	0.00829
21	0.84448	0.01071	0.00814	0.00728	0.01071	0.01242	0.00600	0.01628	0.00943	0.02485	0.00771	0.00900	0.00600	0.00514	0.00343	0.00171	0.00428	0.00300	0.00343	0.00600
22	0.01135	0.02721	0.70654	0.01748	0.09342	0.01289	0.02014	0.01749	0.01178	0.01759	0.00998	0.01188	0.00718	0.00523	0.00528	0.00174	0.00804	0.00417	0.00238	0.00824
23	0.02069	0.02640	0.01569	0.01427	0.01712	0.78313	0.01070	0.02212	0.01569	0.01355	0.00856	0.00999	0.00713	0.00571	0.00499	0.00143	0.00999	0.00357	0.00285	0.00642
24	0.01148	0.00984	0.01148	0.00820	0.01312	0.00738	0.00656	0.01395	0.01148	0.01805	0.00984	0.01148	0.00820	0.00410	0.00410	0.00082	0.00410	0.00328	0.00328	0.83922
25	0.00892	0.00637	0.00892	0.01020	0.01147	0.00637	0.00892	0.01147	0.01275	0.01657	0.02932	0.06247	0.03187	0.01530	0.00765	0.00255	0.00510	0.73354	0.00510	0.00510
26	0.01452	0.01138	0.01808	0.02475	0.47362	0.01131	0.01382	0.05674	0.01378	0.11543	0.01601	0.02461	0.01430	0.00745	0.00595	0.00185	0.00600	0.15837	0.00391	0.00812
27	0.01445	0.01223	0.01290	0.01141	0.01466	0.01409	0.00893	0.09665	0.69249	0.02426	0.02168	0.01998	0.01621	0.00743	0.00563	0.00186	0.00454	0.00614	0.00563	0.00883
28	0.01148	0.00984	0.01148	0.00820	0.01312	0.00738	0.00656	0.01395	0.01148	0.01805	0.00984	0.01148	0.00820	0.00410	0.00410	0.00082	0.00410	0.00328	0.00328	0.83922
29	0.00674	0.00484	0.00640	0.00765	0.00802	0.00450	0.00511	0.00772	0.01066	0.01416	0.03124	0.78083	0.05709	0.01726	0.00705	0.00224	0.00320	0.01563	0.00514	0.00450
30	0.01148	0.00984	0.01148	0.00820	0.01312	0.00738	0.00656	0.01395	0.01148	0.01805	0.00984	0.01148	0.00820	0.00410	0.00410	0.00082	0.00410	0.00328	0.00328	0.83922
31	0.00791	0.00593	0.00890	0.00890	0.00989	0.00692	0.00692	0.00989	0.00890	0.01286	0.01483	0.02176	0.01385	0.04154	0.78341	0.00890	0.01483	0.00593	0.00297	0.00494
32	0.00655	0.00561	0.00561	0.00561	0.00748	0.00468	0.00421	0.00795	0.01262	0.01496	0.05610	0.05330	0.76857	0.01403	0.00655	0.00187	0.00281	0.01169	0.00514	0.00468
33	0.00765	0.00573	0.00618	0.00616	0.00795	0.00487	0.00458	0.00907	0.01264	0.05815	0.07129	0.14672	0.61163	0.01397	0.00656	0.00191	0.00296	0.01181	0.00527	0.00494
34	0.00655	0.00558	0.00564	0.00568	0.00750	0.00467	0.00424	0.00794	0.01256	0.01493	0.05524	0.07871	0.74371	0.01414	0.00656	0.00188	0.00282	0.01183	0.00514	0.00467
35	0.00782	0.00527	0.00611	0.00634	0.00640	0.00521	0.00368	0.00799	0.00851	0.01135	0.01981	0.17463	0.02312	0.66291	0.02437	0.00481	0.00498	0.00944	0.00368	0.00356
36	0.76792	0.01116	0.00893	0.00779	0.01131	0.01287	0.00642	0.08472	0.01097	0.02578	0.00823	0.00940	0.00632	0.00528	0.00362	0.00171	0.00445	0.00318	0.00362	0.00632
37	0.00858	0.00613	0.00834	0.00941	0.01061	0.00603	0.00797	0.01069	0.01230	0.01589	0.03089	0.10127	0.09957	0.03808	0.00857	0.03042	0.00478	0.58063	0.00497	0.00489
38	0.01891	0.01391	0.01509	0.01199	0.01581	0.01528	0.00972	0.64088	0.02373	0.03180	0.01588	0.13132	0.01349	0.00825	0.00577	0.00175	0.00566	0.00660	0.00548	0.00868
39	0.01445	0.01223	0.01290	0.01141	0.01466	0.01409	0.00893	0.09665	0.69249	0.02426	0.02168	0.01998	0.01621	0.00743	0.00563	0.00186	0.00454	0.00614	0.00563	0.00883
40	0.01148	0.00984	0.01148	0.00820	0.01312	0.00738	0.00656	0.01395	0.01148	0.01805	0.00984	0.01148	0.00820	0.00410	0.00410	0.00082	0.00410	0.00328	0.00328	0.83922
41	0.00805	0.00537	0.00604	0.00604	0.00604	0.00537	0.00336	0.00805	0.00805	0.01074	0.01745	0.03624	0.02013	0.80536	0.02819	0.00537	0.00537	0.00805	0.00336	0.00336
42	0.00745	0.00557	0.00692	0.00674	0.00808	0.00504	0.00500	0.00965	0.01454	0.01988	0.54398	0.11468	0.20714	0.01247	0.00658	0.00182	0.00271	0.01091	0.00580	0.00504
43	0.00655	0.00561	0.00561	0.00561	0.00748	0.00468	0.00421	0.00795	0.01262	0.01496	0.05610	0.05330	0.76857	0.01403	0.00655	0.00187	0.00281	0.01169	0.00514	0.00468
44	0.00675	0.00482	0.00643	0.00771	0.00803	0.00450	0.00514	0.00771	0.01060	0.01414	0.03053	0.80175	0.03663	0.01735	0.00707	0.00225	0.00321	0.01574	0.00514	0.00450
45	0.07133	0.00950	0.01259	0.00971	0.01394	0.00838	0.00802	0.02638	0.01549	0.73213	0.02105	0.01829	0.01327	0.00676	0.00545	0.00171	0.00469	0.00542	0.00666	0.00923
46	0.00675	0.00562	0.00590	0.00583	0.00761	0.00476	0.00437	0.00835	0.01311	0.01612	0.16941	0.05140	0.65454	0.01360	0.00654	0.00185	0.00277	0.01142	0.00529	0.00476
47	0.04614	0.00946	0.01273	0.00979	0.01405	0.00825	0.00808	0.02671	0.01568	0.75517	0.02148	0.01859	0.01351	0.00681	0.00551	0.00171	0.00470	0.00550	0.00677	0.00934
48	0.00805	0.00537	0.00604	0.00604	0.00604	0.00537	0.00336	0.00805	0.00805	0.01074	0.01745	0.03624	0.02013	0.80536	0.02819	0.00537	0.00537	0.00805	0.00336	0.00336
49	0.02371	0.00915	0.01247	0.00969	0.01375	0.00793	0.00795	0.02582	0.01567	0.72544	0.04533	0.04613	0.01569	0.00735	0.00565	0.00173	0.00460	0.00605	0.00677	0.00913
50	0.02069	0.02640	0.01569	0.01427	0.01712	0.78313	0.01070	0.02212	0.01569	0.01355	0.00856	0.00999	0.00713	0.00571	0.00499	0.00143	0.00999	0.00357	0.00285	0.00642
51	0.76788	0.01217	0.00884	0.00793	0.01131	0.08409	0.00644	0.01682	0.01001	0.02380	0.00779	0.00909	0.00610	0.00519	0.00357	0.00169	0.00481	0.00305	0.00337	0.00604
52	0.00962	0.00481	0.00722	0.00722	0.00722	0.00481	0.00481	0.00722	0.00722	0.00962	0.00962	0.01684	0.00962	0.01924	0.02165	0.83886	0.00481	0.00481	0.00241	0.00241
53	0.00664	0.00561	0.00575	0.00571	0.00754	0.00472	0.00429	0.00814	0.01286	0.01551	0.11017	0.05239	0.71416	0.01382	0.00654	0.00186	0.00279	0.01156	0.00522	0.00472
54	0.01371	0.01316	0.02248	0.03399	0.77081	0.01316	0.01700	0.01700	0.01261	0.01809	0.01042	0.01371	0.00877	0.00493	0.00548	0.00164	0.00658	0.00493	0.00274	0.00877
55	0.05762	0.00715	0.00848	0.00781	0.00964	0.02749	0.00604	0.01349	0.04118	0.09768	0.56183	0.03686	0.04215	0.01046	0.00625	0.00178	0.00332	0.04909	0.00586	0.00584
56	0.01250	0.00997	0.01170	0.00842	0.01329	0.00769	0.00676	0.03481	0.01213	0.06141	0.01062	0.01195	0.00855	0.00433	0.00422	0.00089	0.00419	0.00346	0.00355	0.76955
57	0.00817	0.00648	0.00694	0.00678	0.00846	0.03222	0.00513	0.00997	0.01356	0.04064	0.26203	0.06866	0.42293	0.03444	0.00712	0.00196	0.00327	0.05087	0.00535	0.00503

[dist]
# distance from previous block
# <min> <max>
0	9

# created by:
# /st0/software/busco_prod/Augustus/scripts/msa2prfl.pl ./align_prep/212908.fa
