[name]
unknown

[dist]
# distance from previous block
# <min> <max>
0	59

[block]
# block no. 0 follows, 37 sequences, length 24
# corresponding to MSA columns:
# 60-83
name=unknown_A
#
# <colnr> <probs for GDERKNQSTAVLIFYWHMCP>
#	G	D	E	R	K	N	Q	S	T	A	V	L	I	F	Y	W	H	M	C	P
0	0.16681	0.17107	0.29121	0.01482	0.08181	0.01498	0.01460	0.01782	0.01256	0.01984	0.01333	0.01782	0.03223	0.00677	0.00528	0.00182	0.00692	0.06053	0.00324	0.04652
1	0.08116	0.24755	0.36729	0.01508	0.06029	0.01658	0.01618	0.02000	0.01311	0.09370	0.01144	0.01271	0.00856	0.00580	0.00515	0.00174	0.00748	0.00428	0.00323	0.00868
2	0.04017	0.14901	0.61587	0.01605	0.02432	0.01576	0.02019	0.01917	0.01276	0.01888	0.01052	0.01234	0.00773	0.00572	0.00545	0.00184	0.00851	0.00429	0.00263	0.00878
3	0.04649	0.41817	0.16427	0.01175	0.01727	0.01797	0.01218	0.02005	0.01318	0.14850	0.01238	0.01344	0.00965	0.00876	0.06012	0.00218	0.00744	0.00427	0.00360	0.00833
4	0.08597	0.05907	0.27468	0.03805	0.13679	0.14263	0.04759	0.04603	0.01461	0.06473	0.02751	0.01406	0.00971	0.00609	0.00567	0.00183	0.00820	0.00483	0.00341	0.00852
5	0.06884	0.01141	0.01771	0.66211	0.03837	0.01400	0.01589	0.06786	0.01333	0.01814	0.01100	0.01576	0.00822	0.00618	0.00596	0.00202	0.00782	0.00530	0.00304	0.00705
6	0.01305	0.01240	0.02105	0.46583	0.33484	0.01399	0.01774	0.01695	0.01295	0.01745	0.01114	0.01583	0.00880	0.00584	0.00610	0.00195	0.00779	0.00545	0.00285	0.00800
7	0.07204	0.03021	0.69864	0.01676	0.02542	0.01418	0.02145	0.01928	0.01274	0.01998	0.01080	0.01271	0.00767	0.00581	0.00567	0.00194	0.00873	0.00443	0.00267	0.00887
8	0.02293	0.08650	0.07034	0.01111	0.01576	0.01061	0.00983	0.02590	0.03399	0.53185	0.04398	0.07566	0.01712	0.00824	0.00607	0.00189	0.00542	0.00675	0.00653	0.00951
9	0.02408	0.00971	0.01315	0.01044	0.01459	0.00841	0.00845	0.02635	0.01677	0.61909	0.05879	0.09977	0.01959	0.00891	0.00633	0.00193	0.00491	0.00747	0.00722	0.03406
10	0.00855	0.00760	0.00747	0.00792	0.00943	0.06048	0.00573	0.00998	0.01341	0.01616	0.04696	0.31463	0.41256	0.01620	0.00736	0.00221	0.00393	0.03867	0.00550	0.00526
11	0.02702	0.01113	0.01465	0.01123	0.01598	0.01005	0.00928	0.10359	0.01871	0.67549	0.02315	0.02018	0.01465	0.00755	0.00615	0.00189	0.00537	0.00609	0.00742	0.01042
12	0.02231	0.01549	0.01711	0.01331	0.01784	0.01689	0.01094	0.59155	0.02615	0.10578	0.03925	0.01687	0.01270	0.00991	0.05260	0.00234	0.00706	0.00582	0.00611	0.00996
13	0.01993	0.01476	0.01526	0.01270	0.01668	0.07029	0.01013	0.24437	0.30890	0.14734	0.05838	0.02033	0.01681	0.00796	0.00618	0.00193	0.00584	0.00636	0.00621	0.00963
14	0.03435	0.01212	0.03260	0.17357	0.02205	0.01115	0.05855	0.09383	0.01462	0.05959	0.01323	0.05434	0.01090	0.00620	0.00549	0.00151	0.00603	0.00533	0.00397	0.38056
15	0.01636	0.01092	0.01256	0.01080	0.01364	0.01156	0.00844	0.31232	0.01949	0.08757	0.05558	0.19944	0.02144	0.03707	0.07254	0.00278	0.00611	0.00884	0.08474	0.00782
16	0.00746	0.00533	0.00710	0.00852	0.00888	0.00497	0.00568	0.00852	0.01172	0.01563	0.03374	0.78088	0.04049	0.01918	0.00781	0.00249	0.00355	0.01740	0.00568	0.00497
17	0.01465	0.18104	0.03398	0.07586	0.02924	0.01721	0.52124	0.01905	0.01386	0.01821	0.01145	0.01507	0.00890	0.00525	0.00644	0.00190	0.00936	0.00625	0.00297	0.00807
18	0.01351	0.01137	0.01313	0.00946	0.01485	0.00900	0.00759	0.07053	0.01394	0.02139	0.01118	0.01285	0.00917	0.00475	0.00466	0.00098	0.00470	0.00377	0.00382	0.75935
19	0.14667	0.11269	0.04164	0.01383	0.01744	0.51780	0.01106	0.02219	0.01534	0.01690	0.00929	0.01097	0.00775	0.00643	0.00552	0.02109	0.00934	0.00382	0.00316	0.00707
20	0.00880	0.00596	0.00701	0.00710	0.00722	0.00604	0.00421	0.00908	0.00917	0.01233	0.01990	0.08410	0.02270	0.66602	0.10052	0.00610	0.00680	0.00920	0.00379	0.00396
21	0.01589	0.01686	0.05790	0.04642	0.48141	0.09274	0.06517	0.03745	0.08757	0.02033	0.01275	0.01550	0.01028	0.00589	0.00609	0.00185	0.00772	0.00552	0.00342	0.00925
22	0.01555	0.01317	0.01513	0.08908	0.01859	0.03994	0.00986	0.19385	0.01676	0.02379	0.03001	0.01438	0.01043	0.00605	0.00616	0.00142	0.05300	0.00459	0.00416	0.43410
23	0.01901	0.01489	0.01912	0.04095	0.23662	0.01585	0.01324	0.37309	0.05725	0.05337	0.06494	0.01759	0.01395	0.00710	0.00615	0.00184	0.00648	0.00593	0.00514	0.02750

[dist]
# distance from previous block
# <min> <max>
0	1

[block]
# block no. 1 follows, 37 sequences, length 26
# corresponding to MSA columns:
# 86-111
name=unknown_B
#
# <colnr> <probs for GDERKNQSTAVLIFYWHMCP>
#	G	D	E	R	K	N	Q	S	T	A	V	L	I	F	Y	W	H	M	C	P
0	0.29229	0.01454	0.01687	0.11350	0.24113	0.08193	0.01268	0.08465	0.01439	0.05852	0.01114	0.01339	0.00863	0.00597	0.00526	0.00186	0.00672	0.00463	0.00377	0.00816
1	0.00804	0.00591	0.00753	0.00781	0.00893	0.00540	0.00560	0.01008	0.01483	0.02024	0.39502	0.31792	0.13934	0.01535	0.00744	0.00215	0.00316	0.01364	0.00621	0.00540
2	0.01936	0.01684	0.01606	0.01353	0.01751	0.11609	0.01073	0.30017	0.36600	0.02921	0.01889	0.01811	0.01404	0.00767	0.00609	0.00192	0.00640	0.00598	0.00578	0.00962
3	0.01482	0.01752	0.08211	0.02322	0.08284	0.05832	0.45950	0.03513	0.01436	0.01955	0.01173	0.01528	0.00907	0.00559	0.00736	0.00193	0.05039	0.00624	0.00315	0.08190
4	0.01813	0.32225	0.10730	0.01565	0.10316	0.01730	0.05592	0.07592	0.01507	0.16672	0.01386	0.03951	0.01091	0.00643	0.00534	0.00168	0.00679	0.00514	0.00407	0.00885
5	0.01382	0.01529	0.03225	0.18791	0.03421	0.01507	0.57039	0.01874	0.01397	0.01874	0.01206	0.01647	0.00904	0.00537	0.00698	0.00206	0.00985	0.00684	0.00301	0.00794
6	0.00748	0.00560	0.00696	0.00791	0.00875	0.00507	0.00544	0.00879	0.01263	0.01644	0.08797	0.55706	0.21195	0.01784	0.00763	0.00235	0.00340	0.01589	0.00575	0.00507
7	0.02028	0.26688	0.02152	0.01202	0.01663	0.01871	0.01038	0.37330	0.02082	0.09556	0.01393	0.01570	0.01096	0.06837	0.00740	0.00200	0.00647	0.00511	0.00493	0.00905
8	0.01515	0.01454	0.02485	0.03757	0.74669	0.01454	0.01879	0.01879	0.01394	0.02000	0.01151	0.01515	0.00970	0.00545	0.00606	0.00182	0.00727	0.00545	0.00303	0.00970
9	0.00849	0.00576	0.00680	0.00720	0.00730	0.00566	0.00427	0.00879	0.00970	0.01293	0.02338	0.24988	0.02742	0.56800	0.02454	0.00496	0.00526	0.01131	0.00427	0.00407
10	0.01431	0.01518	0.03030	0.12259	0.26170	0.01495	0.41049	0.01885	0.01401	0.01924	0.01192	0.01605	0.00928	0.00537	0.00671	0.00198	0.00908	0.00644	0.00303	0.00853
11	0.01228	0.03166	0.75316	0.01745	0.02649	0.01422	0.02262	0.01939	0.01292	0.01939	0.01099	0.01292	0.00775	0.00582	0.00582	0.00194	0.00905	0.00452	0.00258	0.00905
12	0.00746	0.00533	0.00710	0.00852	0.00888	0.00497	0.00568	0.00852	0.01172	0.01563	0.03374	0.78088	0.04049	0.01918	0.00781	0.00249	0.00355	0.01740	0.00568	0.00497
13	0.01367	0.01397	0.01979	0.05119	0.01836	0.04147	0.05862	0.01539	0.01008	0.01509	0.00849	0.01365	0.00812	0.01001	0.01818	0.00258	0.66638	0.00543	0.00272	0.00681
14	0.01398	0.01378	0.02198	0.35203	0.38456	0.05283	0.03796	0.01775	0.01340	0.01785	0.01116	0.01548	0.00893	0.00578	0.00609	0.00191	0.00794	0.00542	0.00290	0.00827
15	0.01275	0.01210	0.02052	0.52670	0.27629	0.01391	0.01759	0.01669	0.01280	0.01709	0.01109	0.01593	0.00867	0.00590	0.00610	0.00197	0.00786	0.00544	0.00282	0.00776
16	0.01150	0.01049	0.01764	0.71725	0.03979	0.01302	0.01619	0.01511	0.01194	0.01529	0.01086	0.01648	0.00833	0.00717	0.00736	0.05895	0.00796	0.00543	0.00272	0.00651
17	0.00782	0.00558	0.00751	0.00893	0.00944	0.00528	0.00630	0.00914	0.01207	0.01603	0.03354	0.67498	0.03970	0.01884	0.00791	0.00254	0.00386	0.11977	0.00568	0.00507
18	0.01426	0.01543	0.03177	0.02788	0.21136	0.01470	0.50890	0.01883	0.01418	0.01950	0.01327	0.05580	0.01101	0.00596	0.00696	0.00202	0.00920	0.00730	0.00321	0.00845
19	0.00740	0.00613	0.00649	0.00666	0.00849	0.00523	0.00495	0.00899	0.01388	0.01687	0.09105	0.13649	0.61628	0.01579	0.00733	0.00213	0.00321	0.03170	0.00573	0.00519
20	0.01516	0.01443	0.02396	0.03554	0.68767	0.01460	0.01805	0.01990	0.07222	0.02045	0.01260	0.01577	0.01042	0.00568	0.00607	0.00184	0.00708	0.00557	0.00329	0.00970
21	0.02064	0.01822	0.21864	0.01561	0.06621	0.01336	0.03777	0.16994	0.05291	0.29788	0.01744	0.01699	0.01178	0.00687	0.00609	0.00190	0.00686	0.00560	0.00541	0.00989
22	0.04314	0.01562	0.02251	0.10579	0.47363	0.08244	0.04484	0.07027	0.04501	0.02090	0.01198	0.01506	0.00968	0.00585	0.00600	0.00184	0.00760	0.00538	0.00339	0.00906
23	0.04079	0.01382	0.01567	0.01236	0.01681	0.01440	0.02702	0.34965	0.12671	0.11486	0.01911	0.04995	0.04064	0.00782	0.00599	0.00179	0.00573	0.00628	0.00579	0.12481
24	0.01553	0.01495	0.04803	0.03440	0.63276	0.01448	0.04778	0.01919	0.01392	0.05322	0.01198	0.01533	0.00980	0.00575	0.00663	0.00187	0.03610	0.00553	0.00321	0.00954
25	0.01231	0.05150	0.01377	0.03301	0.09414	0.09754	0.03182	0.03558	0.02903	0.01855	0.13496	0.03087	0.16346	0.06217	0.09111	0.00299	0.02865	0.00793	0.05407	0.00653

[dist]
# distance from previous block
# <min> <max>
11	28

[block]
# block no. 2 follows, 37 sequences, length 14
# corresponding to MSA columns:
# 145-158
name=unknown_C
#
# <colnr> <probs for GDERKNQSTAVLIFYWHMCP>
#	G	D	E	R	K	N	Q	S	T	A	V	L	I	F	Y	W	H	M	C	P
0	0.05605	0.18431	0.12671	0.01173	0.01572	0.03483	0.01113	0.04881	0.05499	0.04678	0.06964	0.02112	0.09937	0.00831	0.00763	0.00185	0.12037	0.00599	0.03108	0.04359
1	0.03505	0.09143	0.07713	0.03245	0.07505	0.06001	0.01091	0.19229	0.03842	0.05324	0.01814	0.05881	0.05490	0.00791	0.00597	0.00179	0.02506	0.00621	0.14716	0.00808
2	0.03605	0.15333	0.05387	0.03717	0.17892	0.08692	0.08041	0.01973	0.05195	0.08325	0.05290	0.04066	0.01566	0.00767	0.00603	0.00188	0.00705	0.07437	0.00405	0.00815
3	0.19399	0.30159	0.10694	0.07275	0.01866	0.10689	0.01167	0.02026	0.08240	0.01910	0.01069	0.01214	0.00865	0.00590	0.00471	0.00168	0.00694	0.00404	0.00329	0.00773
4	0.03331	0.02031	0.28371	0.05004	0.08432	0.05213	0.06968	0.08060	0.07252	0.05115	0.07171	0.01922	0.04590	0.00727	0.00658	0.00195	0.03106	0.00604	0.00398	0.00852
5	0.01845	0.25450	0.04597	0.01627	0.10778	0.07415	0.04010	0.25833	0.05586	0.02428	0.01303	0.04119	0.01074	0.00673	0.00550	0.00170	0.00706	0.00524	0.00421	0.00893
6	0.01844	0.01355	0.05372	0.01295	0.04829	0.01306	0.01035	0.28010	0.10126	0.15321	0.08479	0.06896	0.07026	0.00899	0.00635	0.00191	0.00555	0.00740	0.00598	0.03489
7	0.09508	0.13488	0.04947	0.01283	0.06095	0.09336	0.01022	0.16213	0.03299	0.09559	0.07661	0.02223	0.11271	0.00811	0.00572	0.00179	0.00612	0.00627	0.00483	0.00811
8	0.07752	0.01579	0.04672	0.06096	0.12197	0.13553	0.03948	0.10255	0.10339	0.08618	0.04710	0.02179	0.09914	0.00785	0.00606	0.00189	0.00676	0.00641	0.00467	0.00825
9	0.01528	0.01285	0.05416	0.05478	0.13531	0.01247	0.01141	0.13776	0.17062	0.08050	0.06706	0.11615	0.05656	0.00922	0.00640	0.00197	0.00559	0.00793	0.00526	0.03872
10	0.01542	0.04342	0.01248	0.01127	0.07123	0.00883	0.00808	0.01854	0.05710	0.23676	0.12865	0.05237	0.19003	0.04065	0.00744	0.00206	0.00457	0.02907	0.00587	0.05617
11	0.04833	0.02420	0.48308	0.06401	0.14121	0.01331	0.01917	0.01802	0.01316	0.01961	0.04014	0.01756	0.05871	0.00665	0.00593	0.00193	0.00790	0.00546	0.00307	0.00854
12	0.04253	0.50830	0.08670	0.01173	0.01677	0.04842	0.01146	0.05945	0.04504	0.04395	0.01041	0.01162	0.00873	0.00595	0.00531	0.00154	0.04732	0.00391	0.00324	0.02762
13	0.01780	0.01418	0.03967	0.03304	0.01707	0.01455	0.01034	0.41240	0.08063	0.03129	0.14658	0.05411	0.02063	0.00856	0.00627	0.00184	0.00570	0.00696	0.00582	0.07258

[dist]
# distance from previous block
# <min> <max>
12	24

[block]
# block no. 3 follows, 37 sequences, length 14
# corresponding to MSA columns:
# 187-200
name=unknown_D
#
# <colnr> <probs for GDERKNQSTAVLIFYWHMCP>
#	G	D	E	R	K	N	Q	S	T	A	V	L	I	F	Y	W	H	M	C	P
0	0.01325	0.03793	0.01341	0.01246	0.05835	0.01185	0.00896	0.07607	0.20332	0.04528	0.02398	0.20044	0.06336	0.06837	0.00967	0.00238	0.08098	0.00916	0.00509	0.05570
1	0.04745	0.03112	0.01286	0.01015	0.01391	0.00996	0.00808	0.08647	0.07990	0.24243	0.10253	0.12926	0.02174	0.00910	0.00605	0.00178	0.00471	0.00764	0.00590	0.16896
2	0.01623	0.01260	0.01414	0.01106	0.01543	0.01224	0.00883	0.30195	0.03958	0.02735	0.05155	0.10512	0.01595	0.00788	0.00574	0.00155	0.00524	0.00646	0.00510	0.33602
3	0.01295	0.01200	0.01958	0.18346	0.38276	0.01257	0.03388	0.01711	0.05249	0.01876	0.01872	0.06175	0.06460	0.00821	0.00651	0.00203	0.00678	0.07402	0.00370	0.00811
4	0.01599	0.04158	0.02334	0.05267	0.52871	0.13500	0.04290	0.01922	0.01441	0.01873	0.01314	0.01617	0.03899	0.00600	0.00600	0.00179	0.00783	0.00551	0.00314	0.00890
5	0.01268	0.01177	0.01897	0.37686	0.26193	0.01261	0.01546	0.01625	0.01283	0.01771	0.01225	0.05430	0.01044	0.00632	0.00594	0.00181	0.00707	0.00577	0.00311	0.13590
6	0.01374	0.01475	0.02970	0.21235	0.10350	0.01509	0.44268	0.01829	0.01359	0.01841	0.01170	0.01617	0.00898	0.00571	0.00749	0.00207	0.04835	0.00651	0.00297	0.00795
7	0.01515	0.01454	0.02485	0.03757	0.74669	0.01454	0.01879	0.01879	0.01394	0.02000	0.01151	0.01515	0.00970	0.00545	0.00606	0.00182	0.00727	0.00545	0.00303	0.00970
8	0.00746	0.00533	0.00710	0.00852	0.00888	0.00497	0.00568	0.00852	0.01172	0.01563	0.03374	0.78088	0.04049	0.01918	0.00781	0.00249	0.00355	0.01740	0.00568	0.00497
9	0.01256	0.01210	0.01688	0.01468	0.01479	0.01660	0.01203	0.01388	0.00938	0.01444	0.00979	0.01665	0.00993	0.07831	0.09361	0.00365	0.63582	0.00577	0.00282	0.00633
10	0.01063	0.00532	0.00797	0.00797	0.00797	0.00532	0.00532	0.00797	0.00797	0.01063	0.01063	0.01861	0.01063	0.02127	0.02392	0.82190	0.00532	0.00532	0.00266	0.00266
11	0.82811	0.01184	0.00900	0.00805	0.01184	0.01373	0.00663	0.01799	0.01042	0.02746	0.00852	0.00994	0.00663	0.00568	0.00379	0.00189	0.00474	0.00331	0.00379	0.00663
12	0.00765	0.00546	0.00729	0.00851	0.00890	0.00524	0.00572	0.00874	0.01140	0.01528	0.03148	0.67565	0.03738	0.06848	0.06850	0.00328	0.00471	0.01602	0.00537	0.00493
13	0.01596	0.66407	0.06468	0.01073	0.01594	0.02229	0.01076	0.05415	0.01339	0.01602	0.01225	0.01325	0.05338	0.00601	0.00434	0.00141	0.00646	0.00404	0.00299	0.00788

[dist]
# distance from previous block
# <min> <max>
0	25

[block]
# block no. 4 follows, 37 sequences, length 11
# corresponding to MSA columns:
# 226-236
name=unknown_E
#
# <colnr> <probs for GDERKNQSTAVLIFYWHMCP>
#	G	D	E	R	K	N	Q	S	T	A	V	L	I	F	Y	W	H	M	C	P
0	0.01593	0.01186	0.01291	0.01097	0.01393	0.01294	0.00841	0.24518	0.23497	0.05126	0.07550	0.02736	0.05010	0.18705	0.01204	0.00287	0.00549	0.00746	0.00568	0.00809
1	0.01525	0.01073	0.01609	0.06384	0.30298	0.01023	0.01194	0.01796	0.01467	0.18661	0.03045	0.03045	0.24457	0.00918	0.00646	0.00193	0.00552	0.00799	0.00490	0.00825
2	0.19815	0.01901	0.34448	0.01171	0.01733	0.01123	0.01323	0.01569	0.01268	0.02034	0.02665	0.02687	0.24182	0.00887	0.00580	0.00197	0.00616	0.00692	0.00385	0.00726
3	0.00928	0.00812	0.01173	0.32803	0.02285	0.00876	0.01016	0.01182	0.01268	0.01606	0.03240	0.20545	0.24981	0.01206	0.00681	0.00212	0.00538	0.01051	0.00437	0.03161
4	0.01068	0.00712	0.00905	0.00918	0.01009	0.00748	0.00644	0.01379	0.17638	0.01566	0.02127	0.26212	0.02198	0.01762	0.01473	0.37278	0.00465	0.00953	0.00444	0.00501
5	0.01184	0.01863	0.34648	0.18668	0.02393	0.01137	0.01549	0.01689	0.01274	0.01962	0.01382	0.01685	0.01037	0.00630	0.00540	0.00180	0.00687	0.00511	0.26234	0.00747
6	0.01018	0.00939	0.01449	0.52708	0.03138	0.01092	0.01307	0.01346	0.01278	0.01593	0.02715	0.02987	0.24236	0.00911	0.00647	0.00205	0.00655	0.00782	0.00366	0.00628
7	0.01263	0.01189	0.01891	0.02759	0.51174	0.01156	0.01429	0.01560	0.01394	0.01890	0.02758	0.02907	0.24340	0.00865	0.00643	0.00190	0.00594	0.00783	0.00387	0.00826
8	0.20503	0.01026	0.01208	0.01026	0.01363	0.01076	0.00832	0.09819	0.01469	0.27141	0.01705	0.01867	0.01272	0.01931	0.24566	0.00442	0.00883	0.00556	0.00518	0.00797
9	0.20339	0.01790	0.01251	0.01143	0.01418	0.34866	0.00871	0.01886	0.01575	0.02089	0.24279	0.02182	0.02346	0.00814	0.00566	0.00176	0.00700	0.00607	0.00444	0.00657
10	0.01659	0.00981	0.01456	0.01702	0.18214	0.00932	0.01146	0.01941	0.01514	0.25175	0.02601	0.04097	0.04763	0.01126	0.00713	0.00227	0.00579	0.29802	0.00566	0.00807

[dist]
# distance from previous block
# <min> <max>
0	62

# created by:
# /st0/software/busco_prod/Augustus/scripts/msa2prfl.pl ./align_prep/213464.fa
