[name]
unknown

[dist]
# distance from previous block
# <min> <max>
49	131

[block]
# block no. 0 follows, 44 sequences, length 10
# corresponding to MSA columns:
# 168-177
name=unknown_A
#
# <colnr> <probs for GDERKNQSTAVLIFYWHMCP>
#	G	D	E	R	K	N	Q	S	T	A	V	L	I	F	Y	W	H	M	C	P
0	0.14081	0.01218	0.01175	0.05367	0.01413	0.13363	0.02694	0.10057	0.09092	0.03460	0.07984	0.03558	0.06003	0.03912	0.04388	0.02565	0.00591	0.00561	0.00404	0.08113
1	0.07043	0.01124	0.04427	0.07943	0.30168	0.03745	0.01160	0.01449	0.02751	0.03264	0.01468	0.04588	0.05599	0.10416	0.06455	0.00268	0.06565	0.00587	0.00315	0.00667
2	0.01072	0.00861	0.03887	0.03759	0.02457	0.03443	0.00689	0.03354	0.07178	0.01753	0.01602	0.05719	0.01411	0.10069	0.07586	0.00259	0.06624	0.00584	0.33538	0.04156
3	0.10343	0.00841	0.01011	0.00858	0.01132	0.00830	0.00680	0.04589	0.06763	0.29527	0.20231	0.05619	0.08135	0.03503	0.00677	0.00188	0.03089	0.00720	0.00562	0.00702
4	0.03395	0.04735	0.01185	0.00941	0.01226	0.02454	0.02077	0.09960	0.09992	0.23254	0.13048	0.06567	0.06083	0.07058	0.00746	0.00204	0.00458	0.05368	0.00538	0.00711
5	0.05701	0.04146	0.01389	0.03000	0.01461	0.01308	0.00881	0.39450	0.01909	0.13175	0.05226	0.01987	0.06513	0.05189	0.01924	0.00200	0.03146	0.02103	0.00508	0.00784
6	0.07363	0.00894	0.01090	0.07960	0.01386	0.00920	0.00769	0.15391	0.03701	0.17178	0.24720	0.09149	0.05417	0.00897	0.00578	0.00175	0.00427	0.00757	0.00541	0.00688
7	0.46567	0.04917	0.08106	0.07007	0.04273	0.01202	0.00880	0.04188	0.01127	0.12120	0.01050	0.01161	0.00771	0.00540	0.00414	0.00165	0.00500	0.00375	0.03959	0.00678
8	0.04199	0.01275	0.01591	0.28604	0.06908	0.11418	0.05276	0.11828	0.01330	0.01728	0.01161	0.03869	0.01019	0.06264	0.00822	0.00206	0.08259	0.03276	0.00319	0.00648
9	0.15869	0.10051	0.08111	0.01157	0.01526	0.29474	0.00995	0.08144	0.01408	0.10955	0.01057	0.01147	0.00804	0.00577	0.00509	0.00154	0.03647	0.00386	0.03328	0.00702

[dist]
# distance from previous block
# <min> <max>
6	37

[block]
# block no. 1 follows, 44 sequences, length 7
# corresponding to MSA columns:
# 218-224
name=unknown_B
#
# <colnr> <probs for GDERKNQSTAVLIFYWHMCP>
#	G	D	E	R	K	N	Q	S	T	A	V	L	I	F	Y	W	H	M	C	P
0	0.09222	0.06806	0.26495	0.02947	0.09413	0.02614	0.13268	0.02998	0.02615	0.01790	0.01037	0.03206	0.00834	0.00538	0.00544	0.00161	0.03242	0.00460	0.00284	0.11526
1	0.01225	0.21030	0.44489	0.01473	0.07657	0.01469	0.01575	0.01800	0.08366	0.01680	0.01048	0.01184	0.00803	0.00521	0.00479	0.00157	0.00691	0.00400	0.00268	0.03684
2	0.01251	0.01026	0.01179	0.00875	0.01324	0.00862	0.00699	0.13129	0.01353	0.02016	0.01152	0.06170	0.01003	0.00526	0.00445	0.00103	0.00429	0.00427	0.00370	0.65661
3	0.00958	0.00618	0.00771	0.00742	0.00801	0.00644	0.00500	0.01021	0.00932	0.08519	0.02010	0.15084	0.05025	0.46239	0.06848	0.00430	0.07167	0.00861	0.00387	0.00442
4	0.00885	0.00481	0.00692	0.00709	0.00720	0.00474	0.00471	0.00738	0.00807	0.01082	0.04988	0.14004	0.01623	0.06796	0.01879	0.61934	0.00442	0.00684	0.00302	0.00288
5	0.00891	0.00638	0.00774	0.00786	0.00894	0.00632	0.00559	0.08675	0.01242	0.03778	0.06775	0.45314	0.14030	0.09055	0.00896	0.00236	0.02603	0.01220	0.00495	0.00507
6	0.01620	0.01306	0.01277	0.01077	0.01357	0.12801	0.00846	0.28169	0.09100	0.07054	0.07968	0.01936	0.07083	0.00922	0.00813	0.11563	0.03369	0.00574	0.00464	0.00702

[dist]
# distance from previous block
# <min> <max>
9	12

[block]
# block no. 2 follows, 44 sequences, length 51
# corresponding to MSA columns:
# 240-290
name=unknown_C
#
# <colnr> <probs for GDERKNQSTAVLIFYWHMCP>
#	G	D	E	R	K	N	Q	S	T	A	V	L	I	F	Y	W	H	M	C	P
0	0.03303	0.01187	0.01923	0.26117	0.45654	0.01277	0.01521	0.07130	0.01274	0.01783	0.01021	0.01374	0.00822	0.00553	0.00577	0.02293	0.00658	0.00481	0.00283	0.00768
1	0.05843	0.01376	0.01466	0.01159	0.01546	0.03432	0.00945	0.54717	0.04800	0.09018	0.02828	0.03352	0.01124	0.00827	0.03316	0.01746	0.00599	0.00525	0.00525	0.00854
2	0.00827	0.00534	0.00703	0.00772	0.00857	0.00494	0.00549	0.00958	0.01152	0.07238	0.10152	0.55889	0.07355	0.03310	0.00728	0.00220	0.00339	0.06912	0.00524	0.00489
3	0.07222	0.00600	0.00722	0.00728	0.00829	0.00587	0.00511	0.01069	0.01091	0.08127	0.13763	0.24664	0.02849	0.27448	0.01336	0.00309	0.00413	0.06792	0.00464	0.00475
4	0.01325	0.00954	0.05261	0.11606	0.01541	0.02055	0.00866	0.09954	0.02923	0.17572	0.17136	0.15627	0.07208	0.00972	0.00600	0.00182	0.00464	0.02577	0.00511	0.00668
5	0.00793	0.00529	0.00595	0.00595	0.00595	0.00529	0.00330	0.00793	0.00793	0.01057	0.01718	0.03568	0.01982	0.80840	0.02775	0.00529	0.00529	0.00793	0.00330	0.00330
6	0.00685	0.00489	0.00656	0.00783	0.00823	0.00460	0.00542	0.00794	0.01064	0.01415	0.02994	0.73384	0.03561	0.01689	0.00701	0.00224	0.00334	0.08449	0.00506	0.00448
7	0.01415	0.00684	0.00914	0.00807	0.01029	0.00613	0.00625	0.01598	0.01405	0.31045	0.27785	0.13712	0.05396	0.01084	0.00702	0.05272	0.00365	0.02702	0.02203	0.00644
8	0.02477	0.04110	0.72839	0.01555	0.02338	0.01285	0.04525	0.01724	0.01151	0.01731	0.00975	0.01153	0.00694	0.00515	0.00516	0.00172	0.00799	0.00408	0.00234	0.00798
9	0.01287	0.01471	0.03217	0.02298	0.02849	0.01379	0.75460	0.01746	0.01287	0.01746	0.01103	0.01471	0.00827	0.00460	0.00643	0.00184	0.00919	0.00643	0.00276	0.00735
10	0.01130	0.00969	0.01130	0.00807	0.01292	0.00727	0.00646	0.01373	0.01130	0.01776	0.00969	0.01130	0.00807	0.00404	0.00404	0.00081	0.00404	0.00323	0.00323	0.84173
11	0.26783	0.01313	0.01385	0.11183	0.01765	0.01488	0.00964	0.43794	0.01882	0.02875	0.01100	0.01200	0.00800	0.00596	0.00483	0.00167	0.00563	0.00431	0.00444	0.00784
12	0.01287	0.01471	0.03217	0.02298	0.02849	0.01379	0.75460	0.01746	0.01287	0.01746	0.01103	0.01471	0.00827	0.00460	0.00643	0.00184	0.00919	0.00643	0.00276	0.00735
13	0.00664	0.00474	0.00633	0.00759	0.00791	0.00443	0.00506	0.00759	0.01044	0.01392	0.03005	0.80485	0.03606	0.01708	0.00696	0.00221	0.00316	0.01550	0.00506	0.00443
14	0.01332	0.01295	0.02265	0.06365	0.68827	0.01298	0.07223	0.01667	0.01239	0.01763	0.01029	0.01363	0.00855	0.00486	0.00548	0.00164	0.00671	0.00498	0.00269	0.00843
15	0.00879	0.00730	0.01114	0.01019	0.01116	0.00866	0.05258	0.01054	0.00884	0.01277	0.01348	0.02117	0.01299	0.12550	0.52331	0.00689	0.14084	0.00595	0.00287	0.00501
16	0.00652	0.00541	0.00570	0.00587	0.00747	0.00460	0.00431	0.00788	0.01224	0.01486	0.07669	0.16298	0.63832	0.01420	0.00652	0.00189	0.00281	0.01204	0.00510	0.00460
17	0.01093	0.02820	0.78016	0.01554	0.02360	0.01266	0.02014	0.01727	0.01151	0.01727	0.00978	0.01151	0.00691	0.00518	0.00518	0.00173	0.00806	0.00403	0.00230	0.00806
18	0.00947	0.00473	0.00710	0.00710	0.00710	0.00473	0.00473	0.00710	0.00710	0.00947	0.00947	0.01657	0.00947	0.01894	0.02131	0.84138	0.00473	0.00473	0.00237	0.00237
19	0.01130	0.00969	0.01130	0.00807	0.01292	0.00727	0.00646	0.01373	0.01130	0.01776	0.00969	0.01130	0.00807	0.00404	0.00404	0.00081	0.00404	0.00323	0.00323	0.84173
20	0.31220	0.03064	0.01294	0.01027	0.01408	0.01460	0.00843	0.34383	0.13626	0.04745	0.01267	0.01278	0.00930	0.00612	0.00469	0.00168	0.00506	0.00438	0.00470	0.00793
21	0.00779	0.00528	0.00616	0.00621	0.00641	0.00519	0.00370	0.00822	0.00916	0.01239	0.12083	0.10213	0.02551	0.63235	0.02307	0.00454	0.00474	0.00884	0.00382	0.00365
22	0.01372	0.01455	0.04274	0.11829	0.08946	0.07147	0.40345	0.04407	0.05984	0.04317	0.02421	0.01495	0.00948	0.00532	0.00615	0.00178	0.02106	0.00575	0.00315	0.00739
23	0.03505	0.04407	0.01601	0.01244	0.01629	0.13904	0.01010	0.49527	0.11129	0.02820	0.01300	0.01318	0.00960	0.00648	0.00556	0.00163	0.02476	0.00473	0.00482	0.00851
24	0.01312	0.01125	0.01195	0.01078	0.01372	0.01293	0.00837	0.02756	0.70814	0.02273	0.07861	0.02188	0.01926	0.00768	0.00561	0.00184	0.00418	0.00644	0.00558	0.00837
25	0.00726	0.00501	0.00665	0.00756	0.00815	0.00466	0.00521	0.00850	0.01132	0.03323	0.13107	0.65179	0.05046	0.01592	0.00686	0.00213	0.00315	0.03118	0.00523	0.00466
26	0.01266	0.01197	0.02036	0.19652	0.58913	0.01249	0.01597	0.01579	0.01190	0.01669	0.01011	0.01382	0.00837	0.00547	0.00596	0.03086	0.00659	0.00485	0.00263	0.00786
27	0.01291	0.01097	0.01185	0.01095	0.01378	0.01257	0.00865	0.02657	0.66231	0.02192	0.02310	0.02594	0.01865	0.00844	0.00582	0.00194	0.00441	0.10562	0.00548	0.00814
28	0.02421	0.00968	0.01290	0.00989	0.01412	0.00862	0.00817	0.07612	0.01628	0.72766	0.02094	0.01818	0.01321	0.00673	0.00548	0.00168	0.00473	0.00544	0.00666	0.00928
29	0.01184	0.00949	0.01027	0.00941	0.01194	0.01039	0.00727	0.04703	0.44821	0.04036	0.09714	0.07505	0.13334	0.00934	0.00581	0.00183	0.00386	0.02081	0.03934	0.00728
30	0.00664	0.00474	0.00633	0.00759	0.00791	0.00443	0.00506	0.00759	0.01044	0.01392	0.03005	0.80485	0.03606	0.01708	0.00696	0.00221	0.00316	0.01550	0.00506	0.00443
31	0.01602	0.01165	0.01277	0.01101	0.01439	0.01297	0.00869	0.09805	0.57175	0.14717	0.02121	0.01936	0.01542	0.00721	0.00553	0.00180	0.00453	0.00593	0.00573	0.00880
32	0.00664	0.00474	0.00633	0.00759	0.00791	0.00443	0.00506	0.00759	0.01044	0.01392	0.03005	0.80485	0.03606	0.01708	0.00696	0.00221	0.00316	0.01550	0.00506	0.00443
33	0.00785	0.00571	0.00697	0.00663	0.00803	0.00527	0.00495	0.02503	0.01457	0.02024	0.54711	0.05830	0.18413	0.03064	0.00680	0.00181	0.00275	0.00991	0.04825	0.00506
34	0.00678	0.00490	0.00641	0.00737	0.00791	0.00454	0.00502	0.00797	0.01123	0.01505	0.13234	0.65644	0.08171	0.01608	0.00686	0.00212	0.00306	0.01450	0.00519	0.00454
35	0.00806	0.00610	0.00807	0.00748	0.00865	0.00610	0.00571	0.01052	0.01485	0.02114	0.70829	0.03834	0.04778	0.01101	0.00738	0.00177	0.06840	0.00944	0.00570	0.00521
36	0.07675	0.07547	0.01301	0.00945	0.01316	0.00952	0.00788	0.02310	0.07088	0.50964	0.05237	0.03957	0.01593	0.00745	0.00538	0.00172	0.00458	0.04999	0.00588	0.00826
37	0.02386	0.00643	0.00793	0.00780	0.00915	0.00627	0.00575	0.07242	0.01329	0.07730	0.20626	0.31105	0.03206	0.07801	0.00804	0.00220	0.00363	0.05510	0.06805	0.00540
38	0.07652	0.00538	0.00635	0.00707	0.00755	0.00532	0.00462	0.00839	0.00961	0.01381	0.02443	0.51398	0.02881	0.24759	0.01274	0.00307	0.00387	0.01225	0.00441	0.00422
39	0.00673	0.00560	0.00603	0.00610	0.00782	0.00490	0.00467	0.00825	0.01220	0.01482	0.06749	0.05016	0.64718	0.01606	0.07106	0.00245	0.00387	0.05505	0.00491	0.00466
40	0.00750	0.00556	0.00699	0.00663	0.00801	0.00505	0.00497	0.00987	0.01492	0.02065	0.64990	0.04272	0.17381	0.01160	0.00643	0.00174	0.00260	0.01014	0.00584	0.00505
41	0.04926	0.00904	0.01147	0.00924	0.01264	0.00840	0.00740	0.09980	0.01551	0.49981	0.07094	0.08016	0.03561	0.05653	0.00695	0.00195	0.00452	0.00667	0.00606	0.00804
42	0.00690	0.00476	0.00641	0.00754	0.00785	0.00447	0.00504	0.00760	0.01026	0.01370	0.04253	0.72502	0.03415	0.01712	0.00814	0.07162	0.00328	0.01450	0.00486	0.00427
43	0.01926	0.01325	0.01457	0.01147	0.01526	0.01434	0.00931	0.58038	0.02246	0.10521	0.01557	0.08009	0.01238	0.03699	0.00637	0.00182	0.00554	0.00596	0.02122	0.00857
44	0.01873	0.01455	0.01691	0.01313	0.01735	0.01602	0.07160	0.55830	0.16358	0.03079	0.01463	0.01459	0.01058	0.00654	0.00555	0.00169	0.00595	0.00527	0.00525	0.00899
45	0.00863	0.00651	0.00774	0.00717	0.00885	0.00621	0.00544	0.07186	0.03708	0.02099	0.49533	0.06713	0.21344	0.01148	0.00635	0.00176	0.00297	0.00992	0.00569	0.00544
46	0.01449	0.74562	0.02804	0.01132	0.07689	0.02086	0.00994	0.01636	0.01119	0.01324	0.00780	0.00914	0.00713	0.00468	0.00366	0.00120	0.00588	0.00308	0.00236	0.00713
47	0.04068	0.01348	0.01499	0.01147	0.01582	0.01420	0.00946	0.52931	0.02202	0.18320	0.01438	0.01394	0.00995	0.00634	0.00529	0.00158	0.00552	0.00484	0.00548	0.07805
48	0.05335	0.00877	0.01092	0.00907	0.01228	0.00834	0.00719	0.02240	0.13278	0.44939	0.07357	0.06964	0.04300	0.04726	0.00665	0.00192	0.00426	0.00670	0.02459	0.00792
49	0.00727	0.00530	0.00690	0.00772	0.00846	0.00485	0.00535	0.00840	0.01052	0.01421	0.02749	0.63658	0.03241	0.06385	0.00802	0.00231	0.00350	0.06840	0.00480	0.07366
50	0.03456	0.00968	0.01062	0.05629	0.01279	0.01053	0.00734	0.31687	0.01695	0.02504	0.01566	0.01741	0.03043	0.00773	0.02055	0.03680	0.00462	0.00511	0.35427	0.00675

[dist]
# distance from previous block
# <min> <max>
0	3

[block]
# block no. 3 follows, 44 sequences, length 8
# corresponding to MSA columns:
# 294-301
name=unknown_D
#
# <colnr> <probs for GDERKNQSTAVLIFYWHMCP>
#	G	D	E	R	K	N	Q	S	T	A	V	L	I	F	Y	W	H	M	C	P
0	0.00894	0.00699	0.00943	0.00867	0.00996	0.00771	0.00665	0.01058	0.00909	0.01353	0.01359	0.02104	0.01306	0.15249	0.41963	0.00590	0.10324	0.00563	0.04675	0.12713
1	0.00799	0.00548	0.00675	0.00731	0.00823	0.00529	0.00540	0.00993	0.02901	0.01614	0.11587	0.27899	0.09892	0.10708	0.00891	0.00239	0.00360	0.15114	0.12686	0.00470
2	0.00746	0.00549	0.00681	0.00759	0.00837	0.00520	0.00524	0.05256	0.01164	0.01526	0.03271	0.64731	0.14209	0.01597	0.00679	0.00212	0.00327	0.01428	0.00508	0.00474
3	0.01874	0.01047	0.01279	0.01226	0.10249	0.05000	0.00865	0.07000	0.09588	0.37611	0.05032	0.01854	0.01433	0.00665	0.00524	0.00162	0.00479	0.00547	0.12746	0.00819
4	0.01023	0.00722	0.00878	0.00862	0.00990	0.00742	0.00628	0.15419	0.04538	0.01832	0.08231	0.40926	0.02726	0.03739	0.00900	0.10826	0.00404	0.03598	0.00484	0.00533
5	0.00905	0.00638	0.00759	0.00766	0.00881	0.00624	0.00540	0.09652	0.01241	0.03881	0.04970	0.41022	0.14812	0.13633	0.02835	0.00268	0.00406	0.01177	0.00486	0.00503
6	0.00731	0.00499	0.00652	0.00758	0.00815	0.00474	0.00537	0.00868	0.01100	0.01521	0.05943	0.60269	0.03381	0.01546	0.00667	0.00213	0.00329	0.09921	0.09313	0.00460
7	0.01262	0.00989	0.01627	0.61990	0.09263	0.01158	0.01422	0.01600	0.01171	0.12599	0.01146	0.01504	0.00829	0.00559	0.00545	0.00178	0.00682	0.00494	0.00308	0.00673

[dist]
# distance from previous block
# <min> <max>
0	5

# created by:
# /st0/software/busco_prod/Augustus/scripts/msa2prfl.pl ./align_prep/213743.fa
