[name]
unknown

[dist]
# distance from previous block
# <min> <max>
0	0

[block]
# block no. 0 follows, 47 sequences, length 12
# corresponding to MSA columns:
# 0-11
name=unknown_A
#
# <colnr> <probs for GDERKNQSTAVLIFYWHMCP>
#	G	D	E	R	K	N	Q	S	T	A	V	L	I	F	Y	W	H	M	C	P
0	0.00839	0.00599	0.00839	0.00959	0.01079	0.00599	0.00839	0.01079	0.01199	0.01558	0.02757	0.05874	0.02997	0.01439	0.00719	0.00240	0.00480	0.74945	0.00480	0.00480
1	0.01295	0.01119	0.01178	0.01060	0.01354	0.01295	0.00824	0.02767	0.77509	0.02178	0.02120	0.01943	0.01590	0.00707	0.00530	0.00177	0.00412	0.00589	0.00530	0.00824
2	0.01229	0.01405	0.03073	0.02195	0.02722	0.01317	0.76558	0.01668	0.01229	0.01668	0.01054	0.01405	0.00790	0.00439	0.00615	0.00176	0.00878	0.00615	0.00263	0.00702
3	0.01289	0.01237	0.02114	0.03196	0.78450	0.01237	0.01598	0.01598	0.01186	0.01701	0.00980	0.01289	0.00825	0.00464	0.00516	0.00155	0.00619	0.00464	0.00258	0.00825
4	0.21596	0.05686	0.03740	0.01168	0.01582	0.04405	0.13274	0.18432	0.01481	0.21866	0.01244	0.01274	0.00870	0.00549	0.00477	0.00159	0.00569	0.00445	0.00428	0.00753
5	0.08193	0.07122	0.01493	0.01316	0.07226	0.37350	0.00963	0.09101	0.15779	0.04874	0.01146	0.01203	0.00892	0.00566	0.00471	0.00147	0.00695	0.00405	0.00357	0.00701
6	0.00778	0.00658	0.01115	0.01042	0.01181	0.00621	0.15246	0.00957	0.01070	0.01427	0.02503	0.55231	0.02868	0.01374	0.00663	0.00209	0.00439	0.11692	0.00440	0.00485
7	0.00757	0.00505	0.00568	0.00568	0.00568	0.00505	0.00316	0.00757	0.00757	0.01010	0.01641	0.03408	0.01893	0.81698	0.02651	0.00505	0.00505	0.00757	0.00316	0.00316
8	0.01289	0.01237	0.02114	0.03196	0.78450	0.01237	0.01598	0.01598	0.01186	0.01701	0.00980	0.01289	0.00825	0.00464	0.00516	0.00155	0.00619	0.00464	0.00258	0.00825
9	0.85377	0.01007	0.00765	0.00685	0.01007	0.01168	0.00564	0.01531	0.00886	0.02336	0.00725	0.00846	0.00564	0.00483	0.00322	0.00161	0.00403	0.00282	0.00322	0.00564
10	0.01212	0.01339	0.02824	0.02281	0.13940	0.01267	0.62098	0.01617	0.01213	0.01659	0.01121	0.04827	0.00910	0.00494	0.00602	0.00174	0.00814	0.00629	0.00272	0.00709
11	0.05770	0.01276	0.02331	0.04577	0.13248	0.01267	0.40610	0.06560	0.06607	0.06678	0.01159	0.01394	0.00870	0.00502	0.00586	0.00169	0.02703	0.00542	0.00324	0.02829

[dist]
# distance from previous block
# <min> <max>
5	6

[block]
# block no. 1 follows, 47 sequences, length 40
# corresponding to MSA columns:
# 18-57
name=unknown_B
#
# <colnr> <probs for GDERKNQSTAVLIFYWHMCP>
#	G	D	E	R	K	N	Q	S	T	A	V	L	I	F	Y	W	H	M	C	P
0	0.01204	0.00901	0.01074	0.00785	0.01223	0.00691	0.00628	0.01429	0.01135	0.10425	0.03170	0.02912	0.00997	0.00459	0.00413	0.00092	0.00387	0.00374	0.00357	0.71345
1	0.01954	0.02226	0.01498	0.01306	0.01611	0.60065	0.01002	0.20781	0.01720	0.01778	0.00917	0.01017	0.00725	0.00559	0.00482	0.00140	0.00847	0.00369	0.00332	0.00674
2	0.00983	0.00926	0.01562	0.80447	0.03587	0.01157	0.01446	0.01331	0.01041	0.01331	0.00926	0.01388	0.00694	0.00521	0.00521	0.00174	0.00694	0.00463	0.00231	0.00579
3	0.01139	0.01139	0.01595	0.01367	0.01367	0.01595	0.01139	0.01253	0.00798	0.01253	0.00684	0.01139	0.00684	0.00911	0.01709	0.00228	0.80745	0.00456	0.00228	0.00570
4	0.85377	0.01007	0.00765	0.00685	0.01007	0.01168	0.00564	0.01531	0.00886	0.02336	0.00725	0.00846	0.00564	0.00483	0.00322	0.00161	0.00403	0.00282	0.00322	0.00564
5	0.01289	0.01237	0.02114	0.03196	0.78450	0.01237	0.01598	0.01598	0.01186	0.01701	0.00980	0.01289	0.00825	0.00464	0.00516	0.00155	0.00619	0.00464	0.00258	0.00825
6	0.01690	0.01112	0.06896	0.01037	0.01413	0.02845	0.05284	0.09546	0.11342	0.34808	0.07841	0.03176	0.07943	0.00723	0.00541	0.00164	0.00481	0.00607	0.00529	0.02023
7	0.01120	0.00864	0.00994	0.00765	0.01139	0.00717	0.00607	0.06507	0.03123	0.06136	0.04613	0.03911	0.13011	0.00632	0.00457	0.00113	0.00372	0.00519	0.02942	0.51459
8	0.01182	0.01145	0.01899	0.01537	0.03802	0.01335	0.22419	0.03416	0.01072	0.04064	0.07608	0.01574	0.03062	0.00760	0.01144	0.00197	0.40363	0.00558	0.00298	0.02567
9	0.01156	0.00848	0.00900	0.00810	0.01059	0.03059	0.00628	0.01788	0.28683	0.12908	0.09370	0.03236	0.31522	0.00959	0.00567	0.00172	0.00361	0.00798	0.00524	0.00651
10	0.00983	0.00926	0.01562	0.80447	0.03587	0.01157	0.01446	0.01331	0.01041	0.01331	0.00926	0.01388	0.00694	0.00521	0.00521	0.00174	0.00694	0.00463	0.00231	0.00579
11	0.01289	0.01237	0.02114	0.03196	0.78450	0.01237	0.01598	0.01598	0.01186	0.01701	0.00980	0.01289	0.00825	0.00464	0.00516	0.00155	0.00619	0.00464	0.00258	0.00825
12	0.85377	0.01007	0.00765	0.00685	0.01007	0.01168	0.00564	0.01531	0.00886	0.02336	0.00725	0.00846	0.00564	0.00483	0.00322	0.00161	0.00403	0.00282	0.00322	0.00564
13	0.01258	0.01206	0.02058	0.11009	0.70878	0.01229	0.01583	0.01571	0.01171	0.01664	0.00974	0.01299	0.00812	0.00470	0.00516	0.00157	0.00626	0.00464	0.00255	0.00800
14	0.01023	0.00996	0.01774	0.68300	0.05282	0.01180	0.11318	0.01381	0.01069	0.01384	0.00944	0.01388	0.00710	0.00509	0.00533	0.00173	0.00717	0.00483	0.00236	0.00601
15	0.01281	0.00917	0.00917	0.00817	0.00995	0.12555	0.00604	0.03238	0.01293	0.17321	0.26427	0.02729	0.02509	0.20408	0.05481	0.00278	0.00525	0.00688	0.00462	0.00555
16	0.00812	0.00646	0.00897	0.01065	0.13070	0.00615	0.00664	0.01050	0.02909	0.01789	0.40479	0.13638	0.12767	0.04320	0.00688	0.00186	0.00335	0.03054	0.00487	0.00529
17	0.01420	0.01355	0.01903	0.02647	0.58366	0.11314	0.01401	0.01695	0.01234	0.06180	0.01016	0.01257	0.00828	0.00478	0.00501	0.00147	0.00633	0.00440	0.00286	0.06900
18	0.01152	0.00971	0.01118	0.00812	0.01266	0.00780	0.00651	0.06831	0.03644	0.01828	0.00988	0.01120	0.00806	0.00413	0.00400	0.00086	0.00400	0.00329	0.00331	0.76075
19	0.01887	0.01309	0.01435	0.01131	0.01518	0.01428	0.00923	0.53844	0.14049	0.12773	0.01527	0.03273	0.01107	0.00664	0.00526	0.00161	0.00525	0.00518	0.00537	0.00865
20	0.01424	0.01454	0.01961	0.02756	0.60709	0.14661	0.01456	0.04135	0.03371	0.01692	0.00990	0.01246	0.00821	0.00488	0.00508	0.00152	0.00666	0.00446	0.00276	0.00789
21	0.00989	0.00865	0.00970	0.01077	0.11086	0.08239	0.00695	0.02311	0.06986	0.01721	0.28947	0.03149	0.09886	0.13435	0.00893	0.00217	0.00431	0.04407	0.03154	0.00543
22	0.06260	0.01246	0.06823	0.01076	0.01414	0.01300	0.00898	0.06833	0.63175	0.02212	0.01902	0.01778	0.01422	0.00673	0.00515	0.00174	0.00447	0.00549	0.00495	0.00809
23	0.01380	0.11681	0.02150	0.02691	0.60188	0.01327	0.03264	0.03514	0.01220	0.06212	0.01018	0.01260	0.00833	0.00476	0.00495	0.00150	0.00606	0.00447	0.00283	0.00807
24	0.01306	0.44292	0.27849	0.01213	0.01758	0.07354	0.06643	0.01635	0.01114	0.01400	0.00823	0.00971	0.00674	0.00468	0.00417	0.00135	0.00678	0.00342	0.00228	0.00700
25	0.00814	0.00572	0.00795	0.00906	0.01009	0.00566	0.00765	0.01006	0.01143	0.01489	0.02709	0.14818	0.04315	0.01482	0.00788	0.05210	0.00452	0.60239	0.00465	0.00457
26	0.01333	0.55361	0.16152	0.01303	0.11488	0.01791	0.01168	0.03559	0.01119	0.01416	0.00808	0.00952	0.00693	0.00461	0.00391	0.00128	0.00603	0.00326	0.00235	0.00712
27	0.07855	0.02904	0.01161	0.00965	0.03305	0.02968	0.00756	0.04194	0.12431	0.40257	0.13848	0.02086	0.01835	0.00713	0.00522	0.00163	0.00430	0.02283	0.00556	0.00768
28	0.01520	0.53918	0.03722	0.01112	0.01525	0.20966	0.06430	0.03029	0.01198	0.01313	0.00781	0.00914	0.00681	0.00471	0.00394	0.00123	0.00678	0.00322	0.00242	0.00661
29	0.01054	0.01126	0.07324	0.57694	0.18358	0.01180	0.03106	0.01414	0.01078	0.01435	0.00940	0.01348	0.00720	0.00506	0.00520	0.00169	0.00689	0.00461	0.00236	0.00644
30	0.01185	0.08223	0.63622	0.01424	0.02106	0.11416	0.01733	0.01699	0.01145	0.01571	0.00903	0.01060	0.00662	0.00497	0.00480	0.00157	0.00777	0.00371	0.00226	0.00741
31	0.00747	0.00583	0.00820	0.01011	0.10814	0.00549	0.00624	0.00914	0.01172	0.01601	0.24434	0.43183	0.08971	0.01295	0.00627	0.00188	0.00324	0.01166	0.00480	0.00496
32	0.01400	0.01138	0.01202	0.01030	0.01343	0.01275	0.00815	0.23327	0.46496	0.02389	0.02283	0.02145	0.11312	0.00763	0.00538	0.00171	0.00438	0.00621	0.00521	0.00792
33	0.01290	0.01222	0.01993	0.02920	0.68471	0.01245	0.01498	0.01750	0.11065	0.01763	0.01127	0.01374	0.00924	0.00495	0.00517	0.00158	0.00592	0.00480	0.00293	0.00825
34	0.00741	0.00498	0.00573	0.00588	0.00592	0.00494	0.00337	0.00753	0.00788	0.01051	0.01800	0.13497	0.02094	0.71335	0.02394	0.00467	0.00479	0.00851	0.00337	0.00329
35	0.00792	0.00648	0.00662	0.00614	0.00821	0.00592	0.00473	0.10580	0.01350	0.01650	0.04755	0.04525	0.68226	0.01229	0.00603	0.00173	0.00304	0.01017	0.00488	0.00497
36	0.01757	0.06909	0.01467	0.01250	0.01506	0.64828	0.00953	0.01900	0.01369	0.01263	0.00877	0.01076	0.00752	0.00967	0.10708	0.00224	0.00976	0.00361	0.00267	0.00590
37	0.01219	0.01043	0.01726	0.03406	0.03665	0.01170	0.19792	0.01445	0.01066	0.11576	0.01622	0.01873	0.10882	0.01032	0.07373	0.00245	0.29313	0.00596	0.00330	0.00626
38	0.01164	0.00557	0.00631	0.00580	0.00747	0.00532	0.00446	0.01400	0.01207	0.14537	0.11656	0.02166	0.01791	0.00672	0.00423	0.00133	0.00276	0.00551	0.59981	0.00552
39	0.12744	0.02291	0.01384	0.01257	0.01532	0.69455	0.00949	0.02008	0.01399	0.01412	0.00795	0.00927	0.00657	0.00530	0.00450	0.00138	0.00870	0.00328	0.00275	0.00599

[dist]
# distance from previous block
# <min> <max>
0	3

[block]
# block no. 2 follows, 47 sequences, length 16
# corresponding to MSA columns:
# 61-76
name=unknown_C
#
# <colnr> <probs for GDERKNQSTAVLIFYWHMCP>
#	G	D	E	R	K	N	Q	S	T	A	V	L	I	F	Y	W	H	M	C	P
0	0.01123	0.20528	0.61850	0.01351	0.02048	0.01401	0.01692	0.01629	0.01090	0.01554	0.00887	0.01040	0.00662	0.00484	0.00459	0.00153	0.00722	0.00361	0.00221	0.00747
1	0.00753	0.00597	0.00724	0.00774	0.03485	0.00571	0.00543	0.01054	0.09215	0.01661	0.23237	0.24629	0.26153	0.01245	0.00619	0.00183	0.00303	0.03245	0.00504	0.00504
2	0.01444	0.01287	0.01990	0.02747	0.61173	0.01322	0.01461	0.18488	0.01470	0.02057	0.01040	0.01280	0.00839	0.00500	0.00517	0.00155	0.00608	0.00465	0.00317	0.00839
3	0.01870	0.00783	0.01059	0.00847	0.01169	0.00686	0.00686	0.02085	0.01486	0.56446	0.24243	0.02390	0.02346	0.00767	0.00550	0.00162	0.00386	0.00646	0.00624	0.00771
4	0.01869	0.00784	0.01010	0.00816	0.01131	0.00711	0.00660	0.02148	0.05309	0.52473	0.07051	0.01960	0.01556	0.00667	0.00494	0.00153	0.00383	0.00546	0.19509	0.00767
5	0.01460	0.01431	0.01363	0.18985	0.01935	0.20888	0.01018	0.06750	0.34463	0.04098	0.01467	0.01520	0.01107	0.00615	0.00512	0.00164	0.00618	0.00488	0.00400	0.00719
6	0.01154	0.00778	0.01093	0.00990	0.02481	0.00839	0.03856	0.02538	0.01136	0.16241	0.11900	0.22129	0.06024	0.07290	0.01010	0.00217	0.18457	0.00851	0.00443	0.00572
7	0.02336	0.00886	0.01209	0.00927	0.01329	0.00765	0.00765	0.02538	0.01491	0.78810	0.02055	0.01773	0.01289	0.00645	0.00524	0.00161	0.00443	0.00524	0.00645	0.00886
8	0.01599	0.19598	0.03984	0.01053	0.01409	0.14495	0.00896	0.21739	0.14793	0.04630	0.01274	0.01312	0.00978	0.00579	0.00455	0.00143	0.00569	0.00426	0.09338	0.00733
9	0.01166	0.01085	0.01827	0.02666	0.61019	0.01105	0.01385	0.01448	0.01107	0.01591	0.01073	0.01459	0.00932	0.01238	0.18306	0.00308	0.00793	0.00485	0.00263	0.00744
10	0.01114	0.22267	0.37873	0.19081	0.02287	0.01393	0.03405	0.01534	0.01091	0.01485	0.03334	0.01194	0.00808	0.00505	0.00467	0.00154	0.00685	0.00399	0.00236	0.00690
11	0.85377	0.01007	0.00765	0.00685	0.01007	0.01168	0.00564	0.01531	0.00886	0.02336	0.00725	0.00846	0.00564	0.00483	0.00322	0.00161	0.00403	0.00282	0.00322	0.00564
12	0.60242	0.01023	0.00891	0.00787	0.01109	0.01167	0.00638	0.01884	0.18160	0.08037	0.01138	0.01162	0.00849	0.00546	0.00384	0.00165	0.00408	0.00369	0.00393	0.00647
13	0.01362	0.10629	0.08715	0.04882	0.02147	0.01403	0.34372	0.18456	0.01432	0.01931	0.01058	0.01335	0.00822	0.02964	0.02007	0.00182	0.02184	0.00509	0.00314	0.03295
14	0.00743	0.00563	0.00709	0.00725	0.00851	0.00489	0.00502	0.00859	0.01000	0.01391	0.02351	0.58113	0.02740	0.06687	0.00734	0.00201	0.00334	0.01169	0.00433	0.19407
15	0.04263	0.01216	0.01164	0.09331	0.01466	0.12833	0.00818	0.29924	0.01650	0.02297	0.01282	0.01436	0.00973	0.00590	0.00454	0.00143	0.00525	0.00448	0.28521	0.00667

[dist]
# distance from previous block
# <min> <max>
0	1

[block]
# block no. 3 follows, 47 sequences, length 12
# corresponding to MSA columns:
# 78-89
name=unknown_D
#
# <colnr> <probs for GDERKNQSTAVLIFYWHMCP>
#	G	D	E	R	K	N	Q	S	T	A	V	L	I	F	Y	W	H	M	C	P
0	0.00663	0.00569	0.00641	0.00725	0.05961	0.00492	0.00484	0.00803	0.01171	0.01420	0.04781	0.11234	0.66665	0.01288	0.00613	0.00177	0.00291	0.01088	0.00468	0.00464
1	0.00752	0.00523	0.00667	0.00668	0.00783	0.00475	0.00487	0.00937	0.01301	0.04699	0.44076	0.25992	0.14203	0.01244	0.00625	0.00179	0.00272	0.01100	0.00538	0.00480
2	0.01289	0.01237	0.02114	0.03196	0.78450	0.01237	0.01598	0.01598	0.01186	0.01701	0.00980	0.01289	0.00825	0.00464	0.00516	0.00155	0.00619	0.00464	0.00258	0.00825
3	0.01413	0.01012	0.01235	0.01062	0.05180	0.02691	0.02242	0.06764	0.14475	0.16665	0.08000	0.03626	0.01436	0.00632	0.00555	0.00141	0.04700	0.00514	0.00444	0.27212
4	0.02702	0.12429	0.10178	0.01078	0.01528	0.02697	0.08368	0.07138	0.04928	0.03054	0.01168	0.03030	0.01000	0.00549	0.00461	0.00130	0.00533	0.05439	0.00329	0.33259
5	0.05323	0.03521	0.13529	0.01152	0.01596	0.01109	0.08972	0.16271	0.06609	0.15602	0.07053	0.03405	0.01282	0.00607	0.00506	0.00152	0.00539	0.00513	0.00427	0.11829
6	0.04486	0.19034	0.32919	0.01221	0.01761	0.03306	0.06302	0.05369	0.01159	0.04591	0.00971	0.01189	0.00771	0.04255	0.00580	0.00161	0.02438	0.00393	0.00273	0.08819
7	0.03822	0.05022	0.05515	0.01131	0.01543	0.01282	0.06135	0.33768	0.08885	0.11429	0.04326	0.03602	0.01174	0.00623	0.00507	0.00152	0.00529	0.00507	0.00463	0.09585
8	0.03740	0.05178	0.08373	0.06464	0.01675	0.01316	0.01010	0.36928	0.05605	0.16482	0.01371	0.03038	0.00992	0.00611	0.00502	0.00155	0.00547	0.00477	0.00467	0.05069
9	0.06751	0.01371	0.01548	0.06963	0.20216	0.11006	0.01088	0.23983	0.07857	0.05054	0.01148	0.01267	0.00874	0.00546	0.00490	0.00149	0.00592	0.00437	0.00381	0.08277
10	0.27054	0.04709	0.01370	0.01226	0.10164	0.04674	0.00893	0.26595	0.05578	0.11261	0.01157	0.01198	0.00847	0.00559	0.00451	0.00156	0.00518	0.00411	0.00422	0.00757
11	0.12111	0.01215	0.06634	0.01431	0.16360	0.05598	0.03349	0.07753	0.01383	0.27129	0.08269	0.01588	0.01295	0.00596	0.00499	0.00156	0.00528	0.00492	0.00441	0.03175

[dist]
# distance from previous block
# <min> <max>
0	16

# created by:
# /st0/software/busco_prod/Augustus/scripts/msa2prfl.pl ./align_prep/214134.fa
