[name]
unknown

[dist]
# distance from previous block
# <min> <max>
8	73

[block]
# block no. 0 follows, 46 sequences, length 103
# corresponding to MSA columns:
# 78-180
name=unknown_A
#
# <colnr> <probs for GDERKNQSTAVLIFYWHMCP>
#	G	D	E	R	K	N	Q	S	T	A	V	L	I	F	Y	W	H	M	C	P
0	0.00901	0.00584	0.00721	0.00744	0.00857	0.00555	0.00524	0.02654	0.05633	0.09274	0.05769	0.46819	0.12666	0.08707	0.00825	0.00227	0.00345	0.01191	0.00499	0.00506
1	0.00746	0.00529	0.00647	0.00690	0.00761	0.00502	0.00467	0.02319	0.02490	0.02644	0.11716	0.42585	0.12034	0.18084	0.01074	0.00264	0.00348	0.01188	0.00470	0.00441
2	0.00881	0.00563	0.00711	0.00741	0.00837	0.00534	0.00516	0.02757	0.03479	0.08655	0.09427	0.49340	0.06997	0.10899	0.00886	0.00237	0.00347	0.01204	0.00496	0.00491
3	0.02569	0.00840	0.01038	0.00913	0.01127	0.00853	0.03392	0.15979	0.06132	0.08684	0.07722	0.28040	0.03394	0.07921	0.00786	0.00207	0.02101	0.00890	0.01892	0.05519
4	0.01358	0.02623	0.01052	0.02199	0.01171	0.04373	0.00697	0.20961	0.01581	0.13669	0.09042	0.17578	0.17673	0.01006	0.00575	0.00172	0.00427	0.00843	0.02349	0.00651
5	0.02966	0.00814	0.00933	0.00839	0.01037	0.00831	0.00618	0.13237	0.11806	0.10163	0.03183	0.21982	0.04355	0.19358	0.01054	0.00254	0.00433	0.00837	0.00471	0.04830
6	0.05593	0.00881	0.00987	0.00857	0.01104	0.03263	0.02703	0.10697	0.09685	0.13424	0.09646	0.05514	0.19709	0.08552	0.00766	0.00205	0.00426	0.03386	0.01980	0.00626
7	0.01188	0.02226	0.04741	0.04668	0.02662	0.00823	0.00779	0.05473	0.04510	0.14145	0.06929	0.09923	0.11323	0.03885	0.06209	0.00233	0.04572	0.05783	0.04776	0.05152
8	0.04540	0.04624	0.01349	0.15108	0.01696	0.04103	0.05470	0.03879	0.09270	0.09768	0.03589	0.09809	0.10658	0.00822	0.00677	0.00177	0.09611	0.00667	0.01871	0.02312
9	0.02837	0.00988	0.01129	0.00948	0.01238	0.01046	0.00755	0.19154	0.20989	0.15533	0.20878	0.02344	0.04677	0.00795	0.00570	0.00168	0.01702	0.00654	0.02852	0.00747
10	0.14508	0.02606	0.07642	0.22710	0.20644	0.03494	0.03843	0.06599	0.08068	0.01844	0.01046	0.01290	0.00810	0.00535	0.00517	0.00167	0.02217	0.00445	0.00304	0.00710
11	0.02317	0.00987	0.01281	0.00982	0.01393	0.00907	0.00811	0.13667	0.01659	0.67192	0.01963	0.01720	0.01247	0.00651	0.00531	0.00163	0.00470	0.00523	0.00635	0.00900
12	0.01107	0.13190	0.68636	0.01427	0.02165	0.01342	0.01814	0.01662	0.01111	0.01617	0.00920	0.01081	0.00671	0.00496	0.00481	0.00160	0.00753	0.00376	0.00224	0.00768
13	0.00744	0.00540	0.00701	0.00661	0.00787	0.00497	0.00496	0.00990	0.01487	0.02097	0.75411	0.03987	0.07436	0.01089	0.00624	0.00167	0.00250	0.00961	0.00579	0.00497
14	0.00649	0.00530	0.00573	0.00576	0.00732	0.00455	0.00427	0.00801	0.01242	0.01548	0.18451	0.11272	0.58268	0.01318	0.00629	0.00179	0.00268	0.01119	0.00508	0.00455
15	0.01511	0.01310	0.03094	0.01127	0.01465	0.05213	0.00906	0.18452	0.54212	0.03918	0.01868	0.01749	0.01387	0.00685	0.00532	0.00172	0.00489	0.00553	0.00518	0.00839
16	0.00644	0.00460	0.00613	0.00736	0.00767	0.00429	0.00491	0.00736	0.01012	0.01350	0.02914	0.81076	0.03497	0.01656	0.00675	0.00215	0.00307	0.01503	0.00491	0.00429
17	0.01377	0.01265	0.01224	0.01103	0.01399	0.08593	0.00854	0.02744	0.70106	0.02126	0.02027	0.01877	0.01527	0.00701	0.00532	0.00175	0.00468	0.00574	0.00513	0.00816
18	0.08613	0.15668	0.16715	0.01021	0.01514	0.01211	0.01005	0.08363	0.03651	0.18482	0.01203	0.01231	0.00874	0.00521	0.00446	0.00138	0.00531	0.00391	0.00381	0.18042
19	0.01479	0.38894	0.28019	0.01121	0.01676	0.01557	0.01237	0.03582	0.01200	0.15132	0.01059	0.01117	0.00792	0.00509	0.00433	0.00141	0.00618	0.00368	0.00308	0.00758
20	0.01335	0.01145	0.01207	0.01080	0.01382	0.01324	0.00842	0.04900	0.75045	0.02243	0.02127	0.01952	0.01593	0.00715	0.00538	0.00179	0.00423	0.00594	0.00538	0.00839
21	0.00768	0.00516	0.00595	0.00595	0.00602	0.00523	0.00344	0.00781	0.00774	0.01039	0.01649	0.03365	0.01881	0.76103	0.07953	0.00536	0.00575	0.00755	0.00318	0.00331
22	0.01896	0.01424	0.01438	0.01160	0.01538	0.09136	0.00936	0.41926	0.19419	0.13239	0.01540	0.01473	0.01098	0.00647	0.00526	0.00162	0.00563	0.00498	0.00523	0.00856
23	0.01413	0.81739	0.02770	0.00905	0.01357	0.02092	0.00905	0.01583	0.01074	0.01244	0.00735	0.00848	0.00678	0.00452	0.00339	0.00113	0.00565	0.00283	0.00226	0.00678
24	0.01308	0.01256	0.02146	0.03245	0.78123	0.01256	0.01622	0.01622	0.01204	0.01727	0.00994	0.01308	0.00837	0.00471	0.00523	0.00157	0.00628	0.00471	0.00262	0.00837
25	0.00838	0.00635	0.00740	0.00719	0.00867	0.00559	0.00525	0.00996	0.01437	0.01937	0.45866	0.09768	0.30422	0.01288	0.00682	0.00198	0.00310	0.01082	0.00583	0.00547
26	0.01366	0.01339	0.02122	0.03043	0.69053	0.05639	0.03882	0.04048	0.01263	0.01753	0.00996	0.01291	0.00830	0.00480	0.00524	0.00157	0.00653	0.00469	0.00271	0.00823
27	0.01060	0.02735	0.78682	0.01507	0.02288	0.01228	0.01953	0.01674	0.01116	0.01674	0.00949	0.01116	0.00670	0.00502	0.00502	0.00167	0.00781	0.00391	0.00223	0.00781
28	0.01301	0.01277	0.02268	0.03117	0.68651	0.01266	0.10996	0.01631	0.01209	0.01723	0.01004	0.01323	0.00833	0.00468	0.00536	0.00160	0.00661	0.00490	0.00262	0.00822
29	0.01413	0.81739	0.02770	0.00905	0.01357	0.02092	0.00905	0.01583	0.01074	0.01244	0.00735	0.00848	0.00678	0.00452	0.00339	0.00113	0.00565	0.00283	0.00226	0.00678
30	0.01315	0.01136	0.01195	0.01076	0.01375	0.01315	0.00837	0.02809	0.77168	0.02211	0.02152	0.01972	0.01614	0.00717	0.00538	0.00179	0.00418	0.00598	0.00538	0.00837
31	0.01599	0.00723	0.00966	0.00816	0.01083	0.00637	0.00642	0.01799	0.01430	0.42915	0.24337	0.12629	0.06258	0.00937	0.00581	0.00172	0.00365	0.00805	0.00605	0.00702
32	0.00918	0.00459	0.00689	0.00689	0.00689	0.00459	0.00459	0.00689	0.00689	0.00918	0.00918	0.01607	0.00918	0.01837	0.02066	0.84619	0.00459	0.00459	0.00230	0.00230
33	0.00769	0.00513	0.00577	0.00577	0.00577	0.00513	0.00320	0.00769	0.00769	0.01025	0.01666	0.03460	0.01922	0.81421	0.02691	0.00513	0.00513	0.00769	0.00320	0.00320
34	0.00722	0.00539	0.00670	0.00637	0.00774	0.00488	0.00478	0.00947	0.01434	0.01972	0.62363	0.04192	0.20562	0.01136	0.00624	0.00169	0.00253	0.00990	0.00563	0.00488
35	0.01299	0.01284	0.02305	0.03079	0.65797	0.01269	0.13821	0.01634	0.01211	0.01722	0.01007	0.01328	0.00832	0.00467	0.00540	0.00160	0.00671	0.00496	0.00263	0.00817
36	0.00769	0.00513	0.00577	0.00577	0.00577	0.00513	0.00320	0.00769	0.00769	0.01025	0.01666	0.03460	0.01922	0.81421	0.02691	0.00513	0.00513	0.00769	0.00320	0.00320
37	0.00947	0.00496	0.00508	0.00508	0.00609	0.00496	0.00361	0.01150	0.01048	0.01803	0.01714	0.02235	0.01456	0.14940	0.00781	0.00192	0.00294	0.00542	0.69459	0.00462
38	0.01033	0.00602	0.00796	0.00716	0.00888	0.00546	0.00548	0.01269	0.01484	0.15634	0.62091	0.05960	0.04290	0.01023	0.00609	0.00167	0.00287	0.00898	0.00592	0.00568
39	0.01121	0.00954	0.01110	0.00795	0.01263	0.00730	0.00637	0.03385	0.01134	0.01767	0.00949	0.01101	0.00786	0.00398	0.00395	0.00081	0.00397	0.00318	0.00319	0.82360
40	0.00918	0.00459	0.00689	0.00689	0.00689	0.00459	0.00459	0.00689	0.00689	0.00918	0.00918	0.01607	0.00918	0.01837	0.02066	0.84619	0.00459	0.00459	0.00230	0.00230
41	0.00985	0.00493	0.00493	0.00493	0.00616	0.00493	0.00370	0.01232	0.01109	0.01971	0.01725	0.01971	0.01355	0.00616	0.00370	0.00123	0.00246	0.00493	0.84356	0.00493
42	0.16172	0.01215	0.01903	0.02793	0.64456	0.01244	0.01436	0.01610	0.01150	0.01841	0.00949	0.01229	0.00790	0.00475	0.00489	0.00158	0.00589	0.00438	0.00273	0.00790
43	0.01131	0.01119	0.01571	0.01354	0.01360	0.01559	0.01125	0.01252	0.00812	0.01269	0.00740	0.01215	0.00734	0.01118	0.06642	0.00270	0.75455	0.00469	0.00235	0.00572
44	0.00985	0.00493	0.00493	0.00493	0.00616	0.00493	0.00370	0.01232	0.01109	0.01971	0.01725	0.01971	0.01355	0.00616	0.00370	0.00123	0.00246	0.00493	0.84356	0.00493
45	0.01305	0.01268	0.02090	0.08475	0.70948	0.03353	0.01596	0.01617	0.01202	0.01690	0.00986	0.01306	0.00824	0.00477	0.00522	0.00158	0.00642	0.00467	0.00260	0.00814
46	0.01680	0.01903	0.01635	0.10300	0.18549	0.42875	0.01187	0.07258	0.06652	0.01603	0.00993	0.01173	0.00797	0.00545	0.00500	0.00150	0.00792	0.00410	0.00302	0.00695
47	0.00644	0.00460	0.00613	0.00736	0.00767	0.00429	0.00491	0.00736	0.01012	0.01350	0.02914	0.81076	0.03497	0.01656	0.00675	0.00215	0.00307	0.01503	0.00491	0.00429
48	0.70480	0.01001	0.00857	0.00739	0.01080	0.01113	0.00609	0.01735	0.01008	0.15865	0.00975	0.01026	0.00703	0.00520	0.00363	0.00164	0.00416	0.00330	0.00385	0.00631
49	0.01524	0.01302	0.01309	0.01086	0.01445	0.07743	0.00866	0.24536	0.32419	0.02364	0.01583	0.01655	0.01222	0.00645	0.00511	0.00154	0.00509	0.02972	0.00472	0.15683
50	0.00771	0.00586	0.00725	0.00799	0.00882	0.00592	0.00560	0.01120	0.14532	0.01531	0.05100	0.63017	0.03199	0.01468	0.00650	0.00208	0.00329	0.02925	0.00502	0.00505
51	0.00918	0.00459	0.00689	0.00689	0.00689	0.00459	0.00459	0.00689	0.00689	0.00918	0.00918	0.01607	0.00918	0.01837	0.02066	0.84619	0.00459	0.00459	0.00230	0.00230
52	0.01182	0.23545	0.56957	0.01335	0.02022	0.01446	0.01651	0.01670	0.01114	0.03237	0.00917	0.01060	0.00686	0.00492	0.00460	0.00153	0.00717	0.00365	0.00233	0.00757
53	0.01326	0.56022	0.18166	0.01256	0.06889	0.01820	0.05051	0.01610	0.01101	0.01388	0.00813	0.00964	0.00694	0.00463	0.00400	0.00130	0.00630	0.00335	0.00230	0.00712
54	0.00664	0.00472	0.00628	0.00746	0.00781	0.00445	0.00508	0.00762	0.01016	0.01352	0.02852	0.72596	0.03398	0.05069	0.00765	0.00229	0.00328	0.06477	0.00483	0.00429
55	0.80570	0.01016	0.00802	0.00709	0.01040	0.01163	0.00584	0.01611	0.00934	0.06588	0.00811	0.00911	0.00613	0.00500	0.00338	0.00164	0.00411	0.00300	0.00345	0.00591
56	0.01342	0.01178	0.01865	0.06136	0.55459	0.02593	0.01401	0.01718	0.06453	0.07323	0.06510	0.01569	0.01203	0.00558	0.00558	0.00162	0.02331	0.00515	0.00330	0.00797
57	0.01790	0.00990	0.06578	0.00941	0.01303	0.00829	0.00810	0.02218	0.12458	0.46297	0.16232	0.02239	0.03416	0.00745	0.00549	0.00167	0.00428	0.00621	0.00590	0.00799
58	0.00783	0.00571	0.00762	0.00842	0.00960	0.00550	0.00697	0.00996	0.01237	0.01626	0.15612	0.14556	0.12260	0.01406	0.00693	0.00219	0.00400	0.44850	0.00504	0.00477
59	0.01150	0.02609	0.73364	0.01468	0.02224	0.01197	0.01872	0.01736	0.01143	0.06948	0.01027	0.01163	0.00714	0.00513	0.00504	0.00167	0.00759	0.00400	0.00253	0.00789
60	0.67599	0.06626	0.01017	0.02111	0.01159	0.02834	0.00659	0.07433	0.01067	0.04382	0.00819	0.00927	0.00630	0.00505	0.00356	0.00159	0.00450	0.00312	0.00342	0.00615
61	0.01205	0.10665	0.61645	0.01396	0.02091	0.03916	0.01715	0.01765	0.03711	0.05663	0.01023	0.01148	0.00736	0.00514	0.00487	0.00161	0.00735	0.00392	0.00258	0.00773
62	0.01509	0.71619	0.02601	0.00928	0.01376	0.01986	0.00904	0.06774	0.01196	0.05792	0.00849	0.00931	0.00730	0.00476	0.00363	0.00119	0.00560	0.00310	0.00271	0.00706
63	0.19020	0.02369	0.62044	0.01333	0.02018	0.01219	0.01658	0.01649	0.01070	0.01823	0.00903	0.01061	0.00649	0.00500	0.00465	0.00167	0.00702	0.00368	0.00245	0.00737
64	0.00638	0.00536	0.00554	0.00550	0.00722	0.00452	0.00412	0.00785	0.01237	0.01503	0.13228	0.04964	0.69989	0.01311	0.00625	0.00177	0.00266	0.01098	0.00501	0.00452
65	0.01060	0.02735	0.78682	0.01507	0.02288	0.01228	0.01953	0.01674	0.01116	0.01674	0.00949	0.01116	0.00670	0.00502	0.00502	0.00167	0.00781	0.00391	0.00223	0.00781
66	0.00685	0.00538	0.00619	0.00598	0.00751	0.00472	0.00449	0.00875	0.01346	0.01764	0.40546	0.04535	0.42509	0.01214	0.00624	0.00173	0.00259	0.01038	0.00535	0.00472
67	0.70480	0.01001	0.00857	0.00739	0.01080	0.01113	0.00609	0.01735	0.01008	0.15865	0.00975	0.01026	0.00703	0.00520	0.00363	0.00164	0.00416	0.00330	0.00385	0.00631
68	0.01187	0.02053	0.41384	0.06209	0.03736	0.01306	0.23725	0.06768	0.01231	0.01755	0.00994	0.01240	0.00731	0.00517	0.00605	0.00174	0.04903	0.00475	0.00259	0.00749
69	0.00748	0.00540	0.00707	0.00665	0.00790	0.00499	0.00499	0.00998	0.01496	0.02120	0.77844	0.03949	0.04988	0.01081	0.00624	0.00166	0.00249	0.00956	0.00582	0.00499
70	0.01413	0.81739	0.02770	0.00905	0.01357	0.02092	0.00905	0.01583	0.01074	0.01244	0.00735	0.00848	0.00678	0.00452	0.00339	0.00113	0.00565	0.00283	0.00226	0.00678
71	0.00985	0.00493	0.00493	0.00493	0.00616	0.00493	0.00370	0.01232	0.01109	0.01971	0.01725	0.01971	0.01355	0.00616	0.00370	0.00123	0.00246	0.00493	0.84356	0.00493
72	0.45932	0.01165	0.01075	0.00911	0.01257	0.01331	0.00740	0.21204	0.17391	0.02587	0.01173	0.01200	0.00877	0.00576	0.00424	0.00166	0.00456	0.00401	0.00424	0.00713
73	0.01261	0.00936	0.01074	0.00995	0.02599	0.01015	0.00757	0.05371	0.41193	0.09474	0.16876	0.09469	0.02411	0.00883	0.00572	0.00179	0.00392	0.03264	0.00546	0.00732
74	0.01862	0.11685	0.06945	0.01206	0.01637	0.08123	0.01055	0.52783	0.02083	0.04500	0.01152	0.01190	0.00844	0.00601	0.00519	0.00153	0.01946	0.00436	0.00447	0.00834
75	0.01246	0.01187	0.02017	0.14994	0.64550	0.01223	0.01563	0.01557	0.01169	0.01650	0.01004	0.01383	0.00847	0.02696	0.00584	0.00170	0.00637	0.00479	0.00259	0.00785
76	0.01493	0.06589	0.01260	0.00880	0.01297	0.00915	0.00718	0.04841	0.09662	0.21639	0.01441	0.04268	0.01107	0.00555	0.00456	0.00122	0.00426	0.00449	0.00435	0.41447
77	0.00805	0.00603	0.00755	0.00722	0.00858	0.00589	0.00539	0.01187	0.10543	0.02048	0.60635	0.12056	0.04421	0.01099	0.00619	0.00173	0.00276	0.00972	0.00567	0.00532
78	0.00985	0.00493	0.00493	0.00493	0.00616	0.00493	0.00370	0.01232	0.01109	0.01971	0.01725	0.01971	0.01355	0.00616	0.00370	0.00123	0.00246	0.00493	0.84356	0.00493
79	0.01739	0.02871	0.05872	0.01194	0.01587	0.08245	0.01005	0.41116	0.24794	0.03838	0.01481	0.01446	0.01085	0.00641	0.00522	0.00163	0.00574	0.00494	0.00489	0.00845
80	0.01307	0.01260	0.02166	0.03224	0.76542	0.01258	0.03187	0.01624	0.01205	0.01726	0.00996	0.01311	0.00837	0.00470	0.00525	0.00157	0.00634	0.00474	0.00262	0.00835
81	0.01060	0.00608	0.00805	0.00721	0.00898	0.00551	0.00553	0.01296	0.01486	0.16912	0.61018	0.05725	0.04232	0.01014	0.00607	0.00167	0.00290	0.00889	0.00593	0.00575
82	0.06171	0.63435	0.07744	0.01027	0.03253	0.04743	0.00990	0.01594	0.01074	0.01352	0.00757	0.00895	0.00676	0.00482	0.00419	0.00127	0.04044	0.00305	0.00234	0.00677
83	0.00632	0.00536	0.00545	0.00543	0.00718	0.00449	0.00407	0.00772	0.01222	0.01468	0.09489	0.05023	0.73750	0.01324	0.00625	0.00178	0.00267	0.01107	0.00496	0.00449
84	0.03186	0.01189	0.01567	0.10826	0.01652	0.05959	0.01159	0.01327	0.00882	0.01308	0.00751	0.01193	0.00709	0.00927	0.03575	0.00234	0.62282	0.00455	0.00238	0.00578
85	0.02020	0.01415	0.01540	0.01186	0.01603	0.01548	0.00978	0.67006	0.04902	0.10308	0.01375	0.01342	0.00961	0.00639	0.00529	0.00160	0.00564	0.00485	0.00541	0.00897
86	0.00755	0.00566	0.00850	0.00850	0.00944	0.00661	0.00661	0.00944	0.00850	0.01227	0.01416	0.02077	0.01322	0.03965	0.79326	0.00850	0.01416	0.00566	0.00283	0.00472
87	0.01096	0.00940	0.01096	0.00783	0.01253	0.00705	0.00626	0.01331	0.01096	0.01723	0.00940	0.01096	0.00783	0.00392	0.00392	0.00078	0.00392	0.00313	0.00313	0.84653
88	0.01399	0.01177	0.01243	0.01093	0.01407	0.01354	0.00857	0.11713	0.68127	0.02347	0.02045	0.01887	0.01527	0.00707	0.00537	0.00177	0.00438	0.00583	0.00537	0.00844
89	0.00747	0.00503	0.00583	0.00605	0.00610	0.00498	0.00351	0.00763	0.00812	0.01083	0.01887	0.17219	0.02201	0.67281	0.02333	0.00460	0.00476	0.00899	0.00351	0.00340
90	0.01278	0.01213	0.02059	0.03093	0.72956	0.01213	0.01571	0.01587	0.01205	0.01717	0.01115	0.01621	0.00985	0.00537	0.00537	0.00163	0.00619	0.05441	0.00277	0.00814
91	0.00667	0.00500	0.00620	0.00669	0.00760	0.00452	0.00471	0.00811	0.01188	0.01574	0.23486	0.42225	0.21795	0.01426	0.00649	0.00193	0.00282	0.01264	0.00515	0.00452
92	0.00768	0.00515	0.00591	0.00591	0.00596	0.00520	0.00338	0.00778	0.00773	0.01035	0.01653	0.03388	0.01891	0.77426	0.06644	0.00530	0.00559	0.00758	0.00318	0.00328
93	0.00756	0.00565	0.00844	0.00844	0.00936	0.00658	0.00654	0.00940	0.00848	0.01223	0.01421	0.02106	0.01334	0.05596	0.77712	0.00843	0.01397	0.00571	0.00284	0.00469
94	0.01598	0.34793	0.14560	0.01199	0.01628	0.35191	0.01125	0.01825	0.01264	0.01335	0.00805	0.00937	0.00678	0.00500	0.00425	0.00132	0.00767	0.00325	0.00246	0.00667
95	0.85155	0.01022	0.00777	0.00695	0.01022	0.01186	0.00573	0.01554	0.00900	0.02372	0.00736	0.00859	0.00573	0.00491	0.00327	0.00164	0.00409	0.00286	0.00327	0.00573
96	0.01085	0.07244	0.72828	0.01506	0.03714	0.01278	0.01887	0.01668	0.01115	0.01651	0.00937	0.01104	0.00673	0.00499	0.00493	0.00164	0.00766	0.00386	0.00224	0.00776
97	0.01088	0.02696	0.77044	0.01495	0.02268	0.01218	0.01928	0.01693	0.01125	0.03299	0.00973	0.01131	0.00683	0.00505	0.00503	0.00167	0.00774	0.00394	0.00232	0.00784
98	0.00744	0.00539	0.00693	0.00660	0.00775	0.00506	0.00486	0.00962	0.01383	0.01939	0.63213	0.03870	0.08463	0.08389	0.04867	0.00233	0.00334	0.00928	0.00538	0.00479
99	0.02029	0.00993	0.01379	0.01356	0.14950	0.00927	0.00927	0.06161	0.06204	0.53175	0.01985	0.01827	0.04282	0.00652	0.00534	0.00164	0.00479	0.00545	0.00564	0.00867
100	0.01262	0.01204	0.02048	0.10489	0.68632	0.01225	0.01573	0.01577	0.01199	0.01703	0.03372	0.01400	0.00953	0.00495	0.00527	0.00159	0.00624	0.00486	0.00269	0.00803
101	0.00755	0.00566	0.00850	0.00850	0.00944	0.00661	0.00661	0.00944	0.00850	0.01227	0.01416	0.02077	0.01322	0.03965	0.79326	0.00850	0.01416	0.00566	0.00283	0.00472
102	0.01366	0.01396	0.02524	0.04201	0.23603	0.03760	0.40369	0.09828	0.04129	0.01879	0.01099	0.01381	0.00846	0.00488	0.00576	0.00169	0.00764	0.00552	0.00303	0.00766

[dist]
# distance from previous block
# <min> <max>
0	35

[block]
# block no. 1 follows, 46 sequences, length 27
# corresponding to MSA columns:
# 216-242
name=unknown_B
#
# <colnr> <probs for GDERKNQSTAVLIFYWHMCP>
#	G	D	E	R	K	N	Q	S	T	A	V	L	I	F	Y	W	H	M	C	P
0	0.85155	0.01022	0.00777	0.00695	0.01022	0.01186	0.00573	0.01554	0.00900	0.02372	0.00736	0.00859	0.00573	0.00491	0.00327	0.00164	0.00409	0.00286	0.00327	0.00573
1	0.01467	0.01029	0.01332	0.01113	0.07034	0.00906	0.03670	0.07401	0.04969	0.17984	0.01267	0.01329	0.00945	0.00501	0.00487	0.00120	0.02250	0.00412	0.00405	0.45380
2	0.01023	0.00965	0.01630	0.74073	0.09527	0.01181	0.01480	0.01372	0.01069	0.01380	0.00944	0.01401	0.00715	0.00524	0.00528	0.00175	0.00699	0.00470	0.00237	0.00607
3	0.01449	0.62294	0.04581	0.01098	0.03928	0.10019	0.03606	0.01702	0.04611	0.01336	0.00834	0.00953	0.00731	0.00476	0.00383	0.00124	0.00618	0.00324	0.00248	0.00688
4	0.00719	0.00526	0.00675	0.00666	0.00779	0.00482	0.00489	0.00930	0.01385	0.01923	0.58193	0.17685	0.11166	0.01205	0.00633	0.00176	0.00261	0.01067	0.00558	0.00482
5	0.01081	0.07971	0.69250	0.01469	0.02202	0.01274	0.03969	0.01648	0.01110	0.01633	0.00951	0.01133	0.00692	0.00593	0.02669	0.00183	0.00787	0.00395	0.00226	0.00764
6	0.01941	0.01417	0.01531	0.01180	0.01592	0.01550	0.00970	0.69746	0.02369	0.04793	0.01328	0.03839	0.00987	0.00659	0.00529	0.00158	0.00563	0.00504	0.00523	0.03821
7	0.00659	0.00471	0.00630	0.00753	0.00790	0.00442	0.00516	0.00762	0.01027	0.01366	0.02906	0.75750	0.03464	0.01642	0.00679	0.00217	0.00319	0.06684	0.00490	0.00433
8	0.01291	0.01238	0.02114	0.07659	0.73848	0.01251	0.01614	0.01607	0.01195	0.01706	0.00991	0.01314	0.00830	0.00474	0.00524	0.00158	0.00632	0.00471	0.00260	0.00823
9	0.01713	0.01303	0.01438	0.01387	0.11571	0.13242	0.03583	0.10242	0.18608	0.22003	0.04512	0.01802	0.04858	0.00665	0.00534	0.00163	0.00559	0.00549	0.00480	0.00791
10	0.00769	0.00513	0.00577	0.00577	0.00577	0.00513	0.00320	0.00769	0.00769	0.01025	0.01666	0.03460	0.01922	0.81421	0.02691	0.00513	0.00513	0.00769	0.00320	0.00320
11	0.01259	0.00653	0.00870	0.00752	0.00966	0.00586	0.00586	0.01495	0.01502	0.26161	0.53996	0.03272	0.03830	0.00947	0.00595	0.00165	0.00313	0.00822	0.00605	0.00625
12	0.00681	0.00501	0.00632	0.00711	0.00780	0.00465	0.00490	0.02393	0.01118	0.01477	0.10396	0.60952	0.14387	0.01533	0.00659	0.00204	0.00302	0.01372	0.00500	0.00449
13	0.01262	0.18635	0.45580	0.01486	0.04957	0.08673	0.07326	0.03369	0.01187	0.01592	0.00911	0.01081	0.00694	0.00493	0.00477	0.00154	0.00751	0.00387	0.00240	0.00744
14	0.01214	0.02498	0.66542	0.01469	0.02196	0.01229	0.03713	0.06776	0.01238	0.06746	0.01047	0.01179	0.00730	0.00520	0.00509	0.00167	0.00749	0.00411	0.00273	0.00795
15	0.02113	0.00942	0.01216	0.00967	0.01344	0.00888	0.00789	0.04811	0.14062	0.60071	0.02042	0.01824	0.01347	0.00812	0.04056	0.00197	0.00492	0.00542	0.00615	0.00870
16	0.01327	0.08140	0.55968	0.01396	0.02076	0.01216	0.05066	0.01828	0.01189	0.15224	0.01140	0.01231	0.00789	0.00523	0.00501	0.00163	0.00712	0.00418	0.00302	0.00792
17	0.01258	0.01555	0.17635	0.02893	0.62776	0.01250	0.01689	0.01633	0.01186	0.01716	0.00985	0.01270	0.00803	0.00477	0.00519	0.00159	0.00659	0.00455	0.00254	0.00826
18	0.02142	0.00847	0.01141	0.00900	0.01269	0.00732	0.00733	0.02335	0.01460	0.68306	0.02360	0.07140	0.06622	0.00765	0.00547	0.00168	0.00428	0.00634	0.00633	0.00839
19	0.11611	0.00984	0.01179	0.00942	0.01312	0.00966	0.00768	0.10742	0.10342	0.47440	0.06737	0.01790	0.01451	0.00668	0.00514	0.00165	0.00443	0.00532	0.00584	0.00829
20	0.02801	0.01381	0.17387	0.14366	0.18400	0.01106	0.01312	0.03418	0.09576	0.18878	0.01438	0.04182	0.01090	0.00612	0.00528	0.00169	0.00592	0.01601	0.00385	0.00777
21	0.03984	0.01262	0.06584	0.01963	0.33608	0.05027	0.01207	0.04008	0.07486	0.22134	0.02778	0.05143	0.01194	0.00615	0.00526	0.00163	0.00561	0.00536	0.00411	0.00809
22	0.01922	0.01150	0.04504	0.04139	0.21444	0.03708	0.03232	0.03231	0.03495	0.45157	0.01640	0.01591	0.01109	0.00589	0.00529	0.00162	0.00548	0.00506	0.00493	0.00852
23	0.01054	0.01227	0.10407	0.01458	0.05104	0.05991	0.23506	0.01335	0.01152	0.03058	0.01904	0.27709	0.05280	0.00961	0.00667	0.00190	0.04337	0.03698	0.00360	0.00604
24	0.01085	0.08084	0.26553	0.01178	0.01582	0.00996	0.08433	0.04717	0.01180	0.06820	0.03267	0.28974	0.01822	0.02124	0.00599	0.00185	0.00564	0.00820	0.00372	0.00645
25	0.17382	0.32653	0.15166	0.01011	0.01472	0.06770	0.01011	0.04556	0.01194	0.11271	0.02546	0.01102	0.00832	0.00519	0.00411	0.00143	0.00579	0.00358	0.00320	0.00704
26	0.02534	0.44017	0.17628	0.02245	0.03180	0.05563	0.01143	0.12457	0.02399	0.01678	0.00967	0.01074	0.02051	0.00514	0.00420	0.00136	0.00624	0.00360	0.00283	0.00727

[dist]
# distance from previous block
# <min> <max>
0	5

# created by:
# /st0/software/busco_prod/Augustus/scripts/msa2prfl.pl ./align_prep/214225.fa
