[name]
unknown

[dist]
# distance from previous block
# <min> <max>
18	62

[block]
# block no. 0 follows, 46 sequences, length 12
# corresponding to MSA columns:
# 87-98
name=unknown_A
#
# <colnr> <probs for GDERKNQSTAVLIFYWHMCP>
#	G	D	E	R	K	N	Q	S	T	A	V	L	I	F	Y	W	H	M	C	P
0	0.04390	0.02735	0.03746	0.12183	0.07680	0.06100	0.02357	0.05874	0.10365	0.09139	0.01468	0.01676	0.04560	0.02796	0.00574	0.00158	0.02052	0.01800	0.01955	0.18392
1	0.03969	0.04284	0.01232	0.10749	0.01508	0.04211	0.02286	0.11147	0.03237	0.05365	0.05614	0.06082	0.01393	0.08168	0.04945	0.00217	0.02293	0.02229	0.01741	0.19330
2	0.08206	0.03457	0.01293	0.06632	0.01487	0.12386	0.04510	0.15417	0.06008	0.06797	0.15994	0.03613	0.06913	0.00736	0.00526	0.00159	0.00529	0.00600	0.00439	0.04298
3	0.02859	0.00763	0.00909	0.04055	0.01095	0.00785	0.00639	0.08064	0.10079	0.06049	0.16841	0.17742	0.10773	0.09216	0.00837	0.00211	0.03110	0.00868	0.00477	0.04627
4	0.01101	0.00787	0.01020	0.07510	0.03278	0.00803	0.02191	0.07347	0.11755	0.09455	0.24496	0.16041	0.10048	0.01001	0.00594	0.00177	0.00390	0.00875	0.00511	0.00620
5	0.00932	0.00675	0.00804	0.00733	0.00920	0.00652	0.00558	0.03381	0.11921	0.05463	0.40523	0.05188	0.17371	0.01063	0.00656	0.03627	0.00310	0.00870	0.00534	0.03821
6	0.01132	0.01108	0.03701	0.29761	0.36561	0.01165	0.03732	0.01456	0.01149	0.01579	0.03654	0.01797	0.01095	0.00606	0.00589	0.00174	0.03351	0.06414	0.00279	0.00697
7	0.00985	0.00493	0.00493	0.00493	0.00616	0.00493	0.00370	0.01232	0.01109	0.01971	0.01725	0.01971	0.01355	0.00616	0.00370	0.00123	0.00246	0.00493	0.84356	0.00493
8	0.05178	0.07259	0.28860	0.04354	0.01688	0.01088	0.04086	0.07298	0.01288	0.13324	0.04967	0.01611	0.03704	0.00601	0.00486	0.00157	0.00567	0.00483	0.12285	0.00715
9	0.04711	0.01286	0.07769	0.01160	0.05934	0.04764	0.00923	0.29935	0.01644	0.05440	0.01629	0.13607	0.04818	0.03271	0.00593	0.00169	0.00525	0.00632	0.00433	0.10755
10	0.06512	0.11629	0.01567	0.05105	0.16617	0.09519	0.00983	0.10569	0.10811	0.01851	0.01575	0.04248	0.08299	0.00645	0.00489	0.00151	0.00547	0.00520	0.00361	0.08003
11	0.15596	0.08200	0.24276	0.01155	0.01663	0.03144	0.01172	0.23576	0.04152	0.08781	0.01125	0.01180	0.00811	0.00554	0.00468	0.00157	0.00598	0.00406	0.00381	0.02606

[dist]
# distance from previous block
# <min> <max>
3	17

[block]
# block no. 1 follows, 46 sequences, length 41
# corresponding to MSA columns:
# 116-156
name=unknown_B
#
# <colnr> <probs for GDERKNQSTAVLIFYWHMCP>
#	G	D	E	R	K	N	Q	S	T	A	V	L	I	F	Y	W	H	M	C	P
0	0.06323	0.06101	0.01721	0.07366	0.30235	0.12474	0.01198	0.14622	0.04189	0.03448	0.01220	0.01458	0.03311	0.00596	0.00529	0.01523	0.00627	0.01973	0.00339	0.00746
1	0.03324	0.03654	0.02959	0.03829	0.07396	0.01393	0.05102	0.44294	0.04135	0.09587	0.07777	0.01557	0.01270	0.00640	0.00532	0.00161	0.00561	0.00522	0.00483	0.00824
2	0.04660	0.06683	0.07619	0.09604	0.42613	0.03056	0.01363	0.02851	0.01230	0.03221	0.09481	0.01628	0.01294	0.00571	0.00516	0.00159	0.00593	0.01808	0.00308	0.00742
3	0.00644	0.00460	0.00613	0.00736	0.00767	0.00429	0.00491	0.00736	0.01012	0.01350	0.02914	0.81076	0.03497	0.01656	0.00675	0.00215	0.00307	0.01503	0.00491	0.00429
4	0.07549	0.04250	0.21671	0.07271	0.24889	0.01281	0.08288	0.08442	0.03496	0.06313	0.01080	0.01272	0.00813	0.00514	0.00508	0.00163	0.00658	0.00452	0.00309	0.00779
5	0.00842	0.00623	0.00719	0.00711	0.03351	0.00558	0.00515	0.04233	0.01354	0.06219	0.23550	0.04311	0.48731	0.01173	0.00612	0.00173	0.00299	0.00991	0.00518	0.00519
6	0.85155	0.01022	0.00777	0.00695	0.01022	0.01186	0.00573	0.01554	0.00900	0.02372	0.00736	0.00859	0.00573	0.00491	0.00327	0.00164	0.00409	0.00286	0.00327	0.00573
7	0.01988	0.01470	0.01574	0.01212	0.01631	0.01629	0.01000	0.74037	0.04845	0.03296	0.01297	0.01291	0.00922	0.00637	0.00529	0.00159	0.00577	0.00480	0.00529	0.00897
8	0.01223	0.00936	0.01109	0.00799	0.01262	0.00712	0.00641	0.01455	0.01138	0.09351	0.01054	0.01166	0.00835	0.00418	0.00405	0.00087	0.00397	0.00335	0.00347	0.76330
9	0.00662	0.00537	0.00587	0.00575	0.00737	0.00462	0.00431	0.00831	0.01293	0.01638	0.27305	0.04743	0.55828	0.01261	0.00624	0.00175	0.00262	0.01067	0.00518	0.00462
10	0.00656	0.00537	0.00578	0.00568	0.00733	0.00459	0.00426	0.00818	0.01278	0.01600	0.23399	0.04804	0.59758	0.01275	0.00624	0.00175	0.00263	0.01076	0.00514	0.00459
11	0.00712	0.00538	0.00646	0.00624	0.00757	0.00485	0.00463	0.00907	0.01346	0.01809	0.47574	0.04325	0.28189	0.06765	0.00770	0.00196	0.00279	0.02612	0.00532	0.00469
12	0.00818	0.00654	0.00747	0.00707	0.00880	0.00641	0.00534	0.01272	0.16239	0.01902	0.38424	0.05751	0.27216	0.01104	0.00608	0.00174	0.00290	0.00949	0.00543	0.00547
13	0.01084	0.09960	0.69405	0.01427	0.02158	0.01286	0.01814	0.01646	0.01123	0.01647	0.03170	0.01174	0.00796	0.00515	0.00491	0.00162	0.00746	0.00397	0.00234	0.00764
14	0.02232	0.01034	0.04868	0.00987	0.01408	0.00877	0.00847	0.09838	0.01591	0.65434	0.03921	0.01771	0.01334	0.00656	0.00532	0.00163	0.00473	0.00531	0.00620	0.00884
15	0.01096	0.00940	0.01096	0.00783	0.01253	0.00705	0.00626	0.01331	0.01096	0.01723	0.00940	0.01096	0.00783	0.00392	0.00392	0.00078	0.00392	0.00313	0.00313	0.84653
16	0.01234	0.01078	0.01695	0.04407	0.33233	0.01009	0.07650	0.01568	0.03907	0.05713	0.07174	0.01641	0.01251	0.00540	0.00510	0.00142	0.00538	0.02413	0.00337	0.23962
17	0.00889	0.00669	0.00856	0.00920	0.01055	0.00691	0.00751	0.01320	0.14363	0.01688	0.08974	0.16995	0.03007	0.02978	0.00719	0.00227	0.00427	0.42435	0.00501	0.00536
18	0.00640	0.00488	0.00588	0.00664	0.00749	0.00437	0.00460	0.00750	0.01090	0.01394	0.05378	0.52760	0.29636	0.01533	0.00656	0.00201	0.00292	0.01355	0.00493	0.00437
19	0.01308	0.01256	0.02146	0.03245	0.78123	0.01256	0.01622	0.01622	0.01204	0.01727	0.00994	0.01308	0.00837	0.00471	0.00523	0.00157	0.00628	0.00471	0.00262	0.00837
20	0.01315	0.01136	0.01195	0.01076	0.01375	0.01315	0.00837	0.02809	0.77168	0.02211	0.02152	0.01972	0.01614	0.00717	0.00538	0.00179	0.00418	0.00598	0.00538	0.00837
21	0.02372	0.00900	0.01227	0.00941	0.01350	0.00777	0.00777	0.02576	0.01513	0.78489	0.02086	0.01799	0.01309	0.00654	0.00532	0.00164	0.00450	0.00532	0.00654	0.00900
22	0.02126	0.03744	0.09210	0.01040	0.01478	0.04983	0.00929	0.06687	0.04456	0.56962	0.01818	0.01632	0.01180	0.00628	0.00520	0.00161	0.00520	0.00499	0.00565	0.00863
23	0.01904	0.01390	0.01508	0.01156	0.01579	0.01498	0.00951	0.63020	0.05167	0.06047	0.01301	0.01299	0.00931	0.00614	0.00515	0.00151	0.00551	0.00466	0.00512	0.09440
24	0.00772	0.00562	0.00740	0.00755	0.00883	0.00530	0.00606	0.01010	0.01382	0.01889	0.47573	0.04697	0.10187	0.01225	0.00658	0.00192	0.00328	0.24973	0.00544	0.00491
25	0.01143	0.00971	0.01120	0.00815	0.01274	0.00773	0.00652	0.04324	0.05072	0.01810	0.01015	0.01148	0.00830	0.00418	0.00404	0.00087	0.00400	0.00334	0.00333	0.77075
26	0.01238	0.00771	0.00824	0.00740	0.00943	0.00815	0.00591	0.20099	0.03628	0.02279	0.01732	0.02202	0.01420	0.00710	0.00451	0.00146	0.00360	0.08048	0.52400	0.00604
27	0.00676	0.00483	0.00650	0.00773	0.00817	0.00457	0.00546	0.00791	0.01044	0.01385	0.02896	0.69541	0.03427	0.01626	0.00683	0.00219	0.00334	0.12722	0.00490	0.00438
28	0.01037	0.00979	0.01655	0.70646	0.12845	0.01185	0.01487	0.01384	0.01075	0.01397	0.00946	0.01397	0.00721	0.00521	0.00528	0.00174	0.00695	0.00470	0.00238	0.00618
29	0.01201	0.00789	0.01070	0.00874	0.01140	0.00729	0.04169	0.01420	0.01297	0.17664	0.26243	0.04358	0.09412	0.00903	0.02261	0.00170	0.07131	0.00697	0.00481	0.17993
30	0.01975	0.02520	0.01498	0.01362	0.01634	0.79299	0.01021	0.02111	0.01498	0.01294	0.00817	0.00953	0.00681	0.00545	0.00477	0.00136	0.00953	0.00340	0.00272	0.00613
31	0.06025	0.10006	0.03188	0.01050	0.01410	0.08337	0.00878	0.31187	0.05758	0.12574	0.07890	0.05042	0.02968	0.00700	0.00510	0.00157	0.00536	0.00543	0.00475	0.00763
32	0.81746	0.04309	0.00858	0.00704	0.01036	0.01223	0.00586	0.01555	0.00907	0.02326	0.00736	0.00858	0.00577	0.00489	0.00328	0.00162	0.00415	0.00286	0.00323	0.00577
33	0.00781	0.00674	0.01143	0.04726	0.01282	0.00644	0.15257	0.00953	0.01057	0.01408	0.02484	0.57541	0.04643	0.03858	0.00720	0.00214	0.00444	0.01251	0.00430	0.00489
34	0.00733	0.00540	0.00685	0.00649	0.00780	0.00492	0.00486	0.00967	0.01459	0.02032	0.68648	0.04093	0.14240	0.01114	0.00624	0.00168	0.00252	0.00976	0.00570	0.00492
35	0.01390	0.01411	0.02066	0.03014	0.68735	0.10834	0.01549	0.01682	0.01240	0.01674	0.00973	0.01265	0.00818	0.00480	0.00518	0.00154	0.00668	0.00455	0.00263	0.00810
36	0.01385	0.00976	0.02941	0.02918	0.01397	0.00789	0.03654	0.01698	0.05143	0.19520	0.05783	0.01493	0.01190	0.00518	0.00460	0.00117	0.00434	0.00434	0.00414	0.48736
37	0.85155	0.01022	0.00777	0.00695	0.01022	0.01186	0.00573	0.01554	0.00900	0.02372	0.00736	0.00859	0.00573	0.00491	0.00327	0.00164	0.00409	0.00286	0.00327	0.00573
38	0.01413	0.81739	0.02770	0.00905	0.01357	0.02092	0.00905	0.01583	0.01074	0.01244	0.00735	0.00848	0.00678	0.00452	0.00339	0.00113	0.00565	0.00283	0.00226	0.00678
39	0.00914	0.00577	0.00760	0.00693	0.00847	0.00527	0.00527	0.01159	0.01498	0.09910	0.70116	0.03730	0.04613	0.01037	0.00614	0.00166	0.00270	0.00913	0.00589	0.00540
40	0.85155	0.01022	0.00777	0.00695	0.01022	0.01186	0.00573	0.01554	0.00900	0.02372	0.00736	0.00859	0.00573	0.00491	0.00327	0.00164	0.00409	0.00286	0.00327	0.00573

[dist]
# distance from previous block
# <min> <max>
0	5

[block]
# block no. 2 follows, 46 sequences, length 32
# corresponding to MSA columns:
# 162-193
name=unknown_C
#
# <colnr> <probs for GDERKNQSTAVLIFYWHMCP>
#	G	D	E	R	K	N	Q	S	T	A	V	L	I	F	Y	W	H	M	C	P
0	0.00998	0.00940	0.01586	0.80150	0.03641	0.01175	0.01468	0.01351	0.01057	0.01351	0.00940	0.01409	0.00705	0.00529	0.00529	0.00176	0.00705	0.00470	0.00235	0.00587
1	0.00641	0.00536	0.00558	0.00552	0.00724	0.00453	0.00414	0.00790	0.01243	0.01518	0.14733	0.04940	0.68475	0.01305	0.00625	0.00177	0.00265	0.01095	0.00503	0.00453
2	0.00745	0.00555	0.00703	0.00707	0.00842	0.00512	0.00558	0.00969	0.01372	0.01852	0.45547	0.04644	0.20057	0.01221	0.00648	0.00186	0.00307	0.17550	0.00541	0.00485
3	0.02081	0.09830	0.01579	0.01080	0.01501	0.01366	0.00909	0.40818	0.01972	0.31183	0.01517	0.01422	0.01028	0.00623	0.00510	0.00156	0.00531	0.00476	0.00543	0.00876
4	0.00998	0.00940	0.01586	0.80150	0.03641	0.01175	0.01468	0.01351	0.01057	0.01351	0.00940	0.01409	0.00705	0.00529	0.00529	0.00176	0.00705	0.00470	0.00235	0.00587
5	0.01268	0.01215	0.02073	0.13243	0.68440	0.01245	0.01602	0.01587	0.01185	0.01678	0.00987	0.01322	0.00820	0.00479	0.00524	0.00160	0.00638	0.00471	0.00258	0.00805
6	0.01096	0.00940	0.01096	0.00783	0.01253	0.00705	0.00626	0.01331	0.01096	0.01723	0.00940	0.01096	0.00783	0.00392	0.00392	0.00078	0.00392	0.00313	0.00313	0.84653
7	0.01230	0.01145	0.01924	0.02856	0.64930	0.01145	0.01490	0.01532	0.01206	0.01702	0.01304	0.02106	0.01215	0.00640	0.00559	0.00172	0.00604	0.13162	0.00300	0.00777
8	0.01413	0.81739	0.02770	0.00905	0.01357	0.02092	0.00905	0.01583	0.01074	0.01244	0.00735	0.00848	0.00678	0.00452	0.00339	0.00113	0.00565	0.00283	0.00226	0.00678
9	0.00772	0.00567	0.00727	0.00694	0.00821	0.00539	0.00517	0.01078	0.05714	0.02062	0.67481	0.10122	0.04677	0.01107	0.00623	0.00171	0.00264	0.00980	0.00572	0.00512
10	0.00918	0.00459	0.00689	0.00689	0.00689	0.00459	0.00459	0.00689	0.00689	0.00918	0.00918	0.01607	0.00918	0.01837	0.02066	0.84619	0.00459	0.00459	0.00230	0.00230
11	0.02295	0.00883	0.01202	0.00927	0.01323	0.00764	0.00764	0.02501	0.01512	0.74850	0.05696	0.01902	0.01484	0.00675	0.00536	0.00164	0.00440	0.00552	0.00651	0.00881
12	0.00742	0.00540	0.00698	0.00659	0.00786	0.00496	0.00494	0.00986	0.01482	0.02085	0.74165	0.04007	0.08689	0.01094	0.00624	0.00167	0.00250	0.00964	0.00577	0.00496
13	0.00998	0.00940	0.01586	0.80150	0.03641	0.01175	0.01468	0.01351	0.01057	0.01351	0.00940	0.01409	0.00705	0.00529	0.00529	0.00176	0.00705	0.00470	0.00235	0.00587
14	0.00660	0.00468	0.00612	0.00717	0.00747	0.00440	0.00473	0.00747	0.01000	0.01337	0.04944	0.70565	0.03372	0.10153	0.00888	0.00245	0.00327	0.01409	0.00475	0.00420
15	0.02098	0.01159	0.01410	0.03884	0.03643	0.01182	0.00920	0.32718	0.05353	0.39449	0.01685	0.01563	0.01121	0.00640	0.00530	0.00163	0.00516	0.00508	0.00572	0.00884
16	0.00845	0.00577	0.00650	0.00609	0.00801	0.00494	0.00464	0.01012	0.01303	0.10124	0.20797	0.04475	0.53517	0.01207	0.00614	0.00174	0.00284	0.01016	0.00529	0.00508
17	0.85155	0.01022	0.00777	0.00695	0.01022	0.01186	0.00573	0.01554	0.00900	0.02372	0.00736	0.00859	0.00573	0.00491	0.00327	0.00164	0.00409	0.00286	0.00327	0.00573
18	0.01426	0.01143	0.01227	0.01080	0.01392	0.01299	0.00852	0.10386	0.63193	0.06158	0.02077	0.02016	0.01569	0.00729	0.00543	0.00178	0.00439	0.02914	0.00541	0.00835
19	0.00756	0.00564	0.00837	0.00837	0.00927	0.00654	0.00645	0.00936	0.00846	0.01218	0.01427	0.02140	0.01349	0.07513	0.75815	0.00834	0.01375	0.00576	0.00285	0.00465
20	0.00644	0.00460	0.00613	0.00736	0.00767	0.00429	0.00491	0.00736	0.01012	0.01350	0.02914	0.81076	0.03497	0.01656	0.00675	0.00215	0.00307	0.01503	0.00491	0.00429
21	0.00645	0.00511	0.00583	0.00633	0.00753	0.00449	0.00458	0.00771	0.01140	0.01422	0.06016	0.33437	0.45032	0.01457	0.00648	0.00195	0.00292	0.04621	0.00493	0.00443
22	0.01403	0.79385	0.05032	0.00923	0.01385	0.02066	0.00936	0.01586	0.01075	0.01257	0.00741	0.00856	0.00678	0.00454	0.00344	0.00115	0.00572	0.00286	0.00226	0.00681
23	0.63635	0.00996	0.00944	0.12113	0.01435	0.01138	0.00724	0.01642	0.00992	0.10921	0.00919	0.01045	0.00676	0.00515	0.00379	0.00165	0.00456	0.00341	0.00351	0.00612
24	0.01273	0.01219	0.02071	0.07415	0.71914	0.01230	0.01581	0.01584	0.01196	0.01698	0.01110	0.01417	0.02921	0.00498	0.00526	0.00159	0.00623	0.00488	0.00266	0.00813
25	0.00798	0.00622	0.00901	0.00877	0.00953	0.00745	0.00677	0.00960	0.00837	0.01211	0.01367	0.02122	0.01318	0.11484	0.63583	0.00752	0.09467	0.00576	0.00282	0.00468
26	0.00769	0.00513	0.00577	0.00577	0.00577	0.00513	0.00320	0.00769	0.00769	0.01025	0.01666	0.03460	0.01922	0.81421	0.02691	0.00513	0.00513	0.00769	0.00320	0.00320
27	0.01251	0.01419	0.13023	0.13725	0.51147	0.01243	0.01600	0.05141	0.01232	0.01739	0.01037	0.01407	0.00851	0.00516	0.00526	0.00163	0.00655	0.02266	0.00271	0.00788
28	0.01352	0.00938	0.01125	0.00822	0.01275	0.00737	0.00662	0.01617	0.03390	0.16717	0.01199	0.01259	0.00910	0.00452	0.00423	0.00098	0.00404	0.00364	0.00386	0.65872
29	0.00644	0.00460	0.00613	0.00736	0.00767	0.00429	0.00491	0.00736	0.01012	0.01350	0.02914	0.81076	0.03497	0.01656	0.00675	0.00215	0.00307	0.01503	0.00491	0.00429
30	0.01199	0.31001	0.37643	0.01331	0.03383	0.01515	0.07658	0.01635	0.02962	0.01557	0.04793	0.01212	0.00928	0.00513	0.00461	0.00149	0.00674	0.00406	0.00254	0.00727
31	0.00883	0.05237	0.04763	0.00797	0.00948	0.00654	0.00623	0.04571	0.01178	0.05660	0.10795	0.47449	0.07852	0.03926	0.00690	0.00204	0.00367	0.02411	0.00477	0.00515

[dist]
# distance from previous block
# <min> <max>
0	16

# created by:
# /st0/software/busco_prod/Augustus/scripts/msa2prfl.pl ./align_prep/214962.fa
