[name]
unknown

[dist]
# distance from previous block
# <min> <max>
41	225

[block]
# block no. 0 follows, 39 sequences, length 6
# corresponding to MSA columns:
# 253-258
name=unknown_A
#
# <colnr> <probs for GDERKNQSTAVLIFYWHMCP>
#	G	D	E	R	K	N	Q	S	T	A	V	L	I	F	Y	W	H	M	C	P
0	0.06684	0.05687	0.01535	0.03638	0.01610	0.01463	0.00955	0.39042	0.05996	0.09796	0.05405	0.07855	0.01575	0.05201	0.00721	0.00205	0.00572	0.00657	0.00549	0.00855
1	0.05955	0.06218	0.01778	0.11797	0.09167	0.14743	0.01205	0.20327	0.10289	0.06555	0.01320	0.01452	0.01002	0.00668	0.00632	0.00180	0.04948	0.00500	0.00428	0.00835
2	0.07063	0.01431	0.05459	0.05569	0.04892	0.05510	0.01026	0.23308	0.06932	0.02508	0.05264	0.01747	0.04950	0.00675	0.00544	0.00159	0.00580	0.00531	0.00452	0.21399
3	0.10425	0.04372	0.10401	0.01219	0.01688	0.04494	0.01094	0.31637	0.06375	0.10552	0.01682	0.01695	0.05231	0.00823	0.02919	0.00201	0.00649	0.00538	0.00501	0.03505
4	0.04805	0.03815	0.13375	0.06385	0.19420	0.12462	0.01407	0.11426	0.06646	0.04859	0.01415	0.01571	0.03931	0.00650	0.00600	0.00177	0.02843	0.00515	0.00376	0.03321
5	0.03426	0.14421	0.03931	0.03893	0.05852	0.05646	0.03524	0.15792	0.05554	0.11845	0.01489	0.04378	0.01211	0.00689	0.00544	0.00164	0.00617	0.03569	0.00447	0.13010

[dist]
# distance from previous block
# <min> <max>
5	34

[block]
# block no. 1 follows, 39 sequences, length 14
# corresponding to MSA columns:
# 293-306
name=unknown_B
#
# <colnr> <probs for GDERKNQSTAVLIFYWHMCP>
#	G	D	E	R	K	N	Q	S	T	A	V	L	I	F	Y	W	H	M	C	P
0	0.04029	0.08620	0.10066	0.06229	0.03228	0.15314	0.04213	0.08926	0.05311	0.03769	0.01881	0.05239	0.10807	0.00785	0.00623	0.00176	0.03824	0.00615	0.00391	0.05955
1	0.05806	0.09316	0.15776	0.09525	0.02216	0.13474	0.08372	0.13295	0.03046	0.07151	0.01170	0.01347	0.00878	0.00629	0.00639	0.00181	0.05523	0.00481	0.00366	0.00809
2	0.08546	0.07073	0.04566	0.06049	0.05312	0.17101	0.11516	0.10775	0.09006	0.05731	0.01475	0.03731	0.03371	0.00672	0.00566	0.00177	0.00738	0.00556	0.00402	0.02637
3	0.00855	0.00696	0.04456	0.00829	0.00911	0.00608	0.00598	0.00995	0.03986	0.01442	0.05170	0.36750	0.02830	0.23078	0.04946	0.09272	0.00509	0.01157	0.00446	0.00466
4	0.03852	0.01895	0.03347	0.01900	0.17074	0.25695	0.03631	0.18426	0.01699	0.02108	0.01113	0.01413	0.00926	0.04543	0.00843	0.00199	0.09677	0.00495	0.00366	0.00797
5	0.03198	0.00818	0.00985	0.00906	0.01111	0.00827	0.00714	0.10931	0.06201	0.04042	0.43806	0.04074	0.05385	0.03360	0.00749	0.00209	0.00396	0.11035	0.00609	0.00644
6	0.18612	0.02010	0.31129	0.01760	0.07305	0.01375	0.18512	0.01900	0.05733	0.02099	0.03409	0.01441	0.00987	0.00576	0.00561	0.00189	0.00760	0.00514	0.00323	0.00805
7	0.00788	0.00591	0.00732	0.00733	0.00870	0.00535	0.00543	0.01007	0.01496	0.02024	0.44447	0.17176	0.21903	0.01398	0.00711	0.00201	0.00303	0.03405	0.00606	0.00531
8	0.50771	0.01211	0.01228	0.07122	0.05217	0.01386	0.03095	0.05252	0.15407	0.02518	0.01202	0.01316	0.00918	0.00606	0.00461	0.00187	0.00523	0.00435	0.00408	0.00735
9	0.01951	0.02036	0.04959	0.01371	0.01736	0.31597	0.01109	0.27911	0.06860	0.02367	0.01549	0.06231	0.04132	0.00780	0.00617	0.00176	0.02788	0.00576	0.00449	0.00805
10	0.01297	0.01093	0.01264	0.00909	0.01431	0.00860	0.00730	0.06460	0.01333	0.02051	0.01077	0.01240	0.00885	0.00457	0.00449	0.00094	0.00453	0.00363	0.00367	0.77188
11	0.01567	0.01403	0.01750	0.05178	0.13457	0.13253	0.10690	0.08643	0.03608	0.09361	0.10824	0.04665	0.08217	0.02747	0.00703	0.00194	0.01818	0.00711	0.00450	0.00761
12	0.01154	0.00869	0.00998	0.00928	0.01133	0.00848	0.00696	0.10951	0.06675	0.02233	0.24525	0.14018	0.15562	0.07888	0.00914	0.00246	0.00436	0.05369	0.00592	0.03965
13	0.05406	0.01004	0.01121	0.02267	0.01312	0.03203	0.00712	0.01430	0.04005	0.01843	0.03242	0.11876	0.05991	0.03928	0.00681	0.00157	0.03963	0.00638	0.00398	0.46824

[dist]
# distance from previous block
# <min> <max>
4	10

[block]
# block no. 2 follows, 39 sequences, length 159
# corresponding to MSA columns:
# 317-331,338-357,387-510
name=unknown_C
#
# <colnr> <probs for GDERKNQSTAVLIFYWHMCP>
#	G	D	E	R	K	N	Q	S	T	A	V	L	I	F	Y	W	H	M	C	P
0	0.01399	0.01385	0.02295	0.21716	0.45749	0.04194	0.08809	0.01807	0.03487	0.01822	0.01137	0.01512	0.00915	0.00551	0.00597	0.00183	0.00760	0.00542	0.00296	0.00844
1	0.00787	0.00564	0.00733	0.00843	0.00907	0.00537	0.00606	0.00918	0.01164	0.01527	0.03251	0.48474	0.08656	0.11463	0.01047	0.00286	0.00413	0.16819	0.00524	0.00480
2	0.10496	0.01571	0.01645	0.01288	0.01738	0.01751	0.01058	0.60190	0.08714	0.03510	0.01443	0.01440	0.01036	0.00701	0.00569	0.00180	0.00615	0.00522	0.00569	0.00962
3	0.00808	0.00592	0.00753	0.03083	0.00967	0.00572	0.00580	0.03495	0.01204	0.01587	0.05103	0.54984	0.10624	0.10135	0.00984	0.00268	0.00390	0.02851	0.00524	0.00496
4	0.21576	0.01459	0.01431	0.01146	0.01560	0.04218	0.00938	0.45446	0.02156	0.04356	0.01726	0.01730	0.08273	0.00746	0.00546	0.00180	0.00582	0.00548	0.00525	0.00857
5	0.01542	0.71995	0.10334	0.01079	0.01621	0.02244	0.01128	0.01781	0.01206	0.01439	0.00846	0.00978	0.00758	0.00511	0.00398	0.00133	0.00656	0.00328	0.00253	0.00770
6	0.01382	0.01561	0.03373	0.06670	0.04616	0.01484	0.67969	0.01872	0.01383	0.01874	0.01187	0.01592	0.00892	0.00504	0.00690	0.00199	0.00980	0.00685	0.00297	0.00793
7	0.02653	0.01006	0.01372	0.01052	0.01510	0.00869	0.00869	0.02882	0.01693	0.75937	0.02333	0.02013	0.01464	0.00732	0.00595	0.00183	0.00503	0.00595	0.00732	0.01006
8	0.00857	0.00572	0.00646	0.00649	0.00649	0.00571	0.00362	0.00859	0.00866	0.01154	0.01893	0.05437	0.02187	0.77600	0.02963	0.00566	0.00569	0.00877	0.00362	0.00361
9	0.00823	0.00561	0.00668	0.00704	0.00717	0.00556	0.00423	0.00859	0.00934	0.01250	0.02211	0.23109	0.02575	0.56156	0.05528	0.00503	0.00556	0.01062	0.00406	0.00397
10	0.00721	0.00515	0.00686	0.00823	0.00858	0.00480	0.00549	0.00823	0.01132	0.01510	0.03259	0.78831	0.03911	0.01853	0.00755	0.00240	0.00343	0.01681	0.00549	0.00480
11	0.00748	0.00526	0.00691	0.00810	0.00843	0.00497	0.00539	0.00837	0.01102	0.01467	0.03058	0.67089	0.03647	0.10317	0.01035	0.01934	0.00377	0.03498	0.00522	0.00464
12	0.10341	0.01110	0.01329	0.01074	0.01493	0.01100	0.00873	0.05539	0.19693	0.47716	0.02167	0.01934	0.01449	0.00730	0.00574	0.00187	0.00496	0.00583	0.00658	0.00953
13	0.00842	0.00568	0.00648	0.00661	0.00670	0.00562	0.00380	0.00856	0.00901	0.01195	0.02118	0.11345	0.04382	0.69368	0.02722	0.00530	0.00543	0.00952	0.00383	0.00374
14	0.00703	0.00599	0.00604	0.00603	0.00801	0.00501	0.00452	0.00856	0.01357	0.01619	0.07939	0.05655	0.73326	0.01490	0.00699	0.00199	0.00299	0.01243	0.00552	0.00501
15	0.04218	0.00997	0.01335	0.01036	0.01474	0.00877	0.00852	0.02783	0.03244	0.69470	0.05640	0.02105	0.01643	0.00752	0.00595	0.00184	0.00491	0.00612	0.00718	0.00977
16	0.01190	0.00674	0.00707	0.00672	0.00838	0.00689	0.00510	0.09448	0.01415	0.02317	0.03887	0.09178	0.01782	0.00811	0.00472	0.00153	0.00324	0.00666	0.63670	0.00596
17	0.01357	0.01146	0.01245	0.01147	0.01442	0.01302	0.00900	0.02751	0.59996	0.02394	0.09689	0.02868	0.02338	0.00925	0.00633	0.00206	0.00457	0.07743	0.00601	0.00860
18	0.01532	0.01257	0.01339	0.01196	0.01536	0.01440	0.00933	0.03129	0.70719	0.06250	0.02403	0.02196	0.01788	0.00799	0.00601	0.00200	0.00470	0.00665	0.00608	0.00940
19	0.02225	0.01645	0.01762	0.01356	0.01825	0.01823	0.01119	0.71487	0.04887	0.03690	0.01449	0.01443	0.01029	0.00713	0.00592	0.00178	0.00645	0.00536	0.00592	0.01004
20	0.00929	0.00624	0.00765	0.00724	0.00882	0.00563	0.00533	0.01136	0.01489	0.07241	0.42332	0.08066	0.21989	0.09002	0.00922	0.00230	0.00332	0.01088	0.00598	0.00552
21	0.02624	0.01053	0.01401	0.01074	0.01533	0.00938	0.00887	0.07908	0.01770	0.70802	0.02268	0.01971	0.01431	0.00730	0.00594	0.00183	0.00514	0.00590	0.00722	0.01006
22	0.00846	0.00568	0.00649	0.00663	0.00666	0.00564	0.00377	0.00856	0.00887	0.01183	0.02002	0.11294	0.02324	0.71555	0.02787	0.00540	0.00551	0.00941	0.00377	0.00370
23	0.01509	0.01091	0.01196	0.01065	0.01360	0.01205	0.00818	0.02678	0.49907	0.11594	0.05180	0.02434	0.01925	0.08567	0.00830	0.00230	0.00462	0.00686	0.06420	0.00845
24	0.17018	0.01499	0.01571	0.01224	0.01677	0.01646	0.01011	0.53520	0.02351	0.10683	0.01402	0.01395	0.00985	0.00683	0.00551	0.00179	0.00601	0.00500	0.00565	0.00939
25	0.00747	0.00526	0.00679	0.00790	0.00818	0.00498	0.00513	0.00830	0.01081	0.01442	0.02999	0.64850	0.03583	0.16282	0.01175	0.00302	0.00386	0.01528	0.00513	0.00458
26	0.00823	0.00604	0.00772	0.00730	0.00875	0.00552	0.00547	0.01090	0.01642	0.02295	0.68360	0.04544	0.12483	0.01238	0.00698	0.00187	0.00281	0.01087	0.00641	0.00552
27	0.00981	0.00645	0.00746	0.00706	0.00905	0.00565	0.00535	0.01167	0.01429	0.10405	0.20589	0.07011	0.41813	0.05071	0.00796	0.00215	0.00340	0.03177	0.02337	0.00566
28	0.02402	0.01030	0.01343	0.01062	0.01488	0.00947	0.00867	0.02849	0.12607	0.61931	0.05303	0.02140	0.01682	0.00762	0.00600	0.00186	0.00489	0.00625	0.00709	0.00978
29	0.02523	0.01047	0.01377	0.01074	0.01519	0.00951	0.00881	0.04373	0.09233	0.66851	0.02322	0.02021	0.01490	0.00739	0.00595	0.00185	0.00503	0.00601	0.00716	0.00999
30	0.00794	0.00603	0.00730	0.00698	0.00857	0.00540	0.00524	0.01032	0.01571	0.02128	0.53454	0.04818	0.27493	0.01300	0.00698	0.00190	0.00285	0.01126	0.00619	0.00540
31	0.01226	0.01051	0.01226	0.00876	0.01401	0.00788	0.00701	0.01489	0.01226	0.01927	0.01051	0.01226	0.00876	0.00438	0.00438	0.00088	0.00438	0.00350	0.00350	0.82832
32	0.01546	0.01254	0.01339	0.01194	0.01536	0.01433	0.00932	0.03126	0.69819	0.07159	0.02402	0.02194	0.01783	0.00798	0.00601	0.00199	0.00470	0.00664	0.00610	0.00941
33	0.00720	0.00517	0.00684	0.00817	0.00856	0.00481	0.00546	0.00824	0.01138	0.01512	0.03335	0.76810	0.05883	0.01843	0.00753	0.00239	0.00342	0.01669	0.00549	0.00481
34	0.01070	0.00898	0.00898	0.00870	0.00958	0.09769	0.00607	0.02645	0.01119	0.01479	0.06417	0.08876	0.02087	0.33869	0.16069	0.00489	0.03712	0.00793	0.06883	0.00491
35	0.02653	0.01006	0.01372	0.01052	0.01510	0.00869	0.00869	0.02882	0.01693	0.75937	0.02333	0.02013	0.01464	0.00732	0.00595	0.00183	0.00503	0.00595	0.00732	0.01006
36	0.00935	0.00672	0.00930	0.01062	0.01196	0.00667	0.00920	0.01197	0.01352	0.01754	0.03239	0.09317	0.06021	0.01637	0.00810	0.00268	0.00528	0.66409	0.00545	0.00541
37	0.27425	0.01129	0.01527	0.41173	0.09484	0.01324	0.01293	0.03783	0.01209	0.04993	0.01047	0.01383	0.00789	0.00581	0.00519	0.00189	0.00660	0.00463	0.00327	0.00702
38	0.01266	0.01273	0.01825	0.62402	0.10912	0.09293	0.01607	0.01631	0.01251	0.01546	0.01043	0.01512	0.00800	0.00587	0.00585	0.00190	0.00809	0.00510	0.00270	0.00688
39	0.02517	0.01037	0.01368	0.01070	0.01513	0.00938	0.00877	0.02912	0.10073	0.67477	0.02342	0.02035	0.01503	0.00740	0.00596	0.00185	0.00499	0.00603	0.00717	0.00998
40	0.02653	0.01006	0.01372	0.01052	0.01510	0.00869	0.00869	0.02882	0.01693	0.75937	0.02333	0.02013	0.01464	0.00732	0.00595	0.00183	0.00503	0.00595	0.00732	0.01006
41	0.01153	0.01001	0.01059	0.01038	0.04211	0.03953	0.00761	0.05412	0.26119	0.02105	0.12397	0.05089	0.28892	0.01125	0.00654	0.00197	0.00427	0.03142	0.00561	0.00705
42	0.02248	0.01656	0.01775	0.01361	0.01834	0.01834	0.01124	0.73556	0.02780	0.03727	0.01420	0.01420	0.01006	0.00710	0.00592	0.00177	0.00651	0.00532	0.00592	0.01006
43	0.00772	0.00543	0.00704	0.00813	0.00850	0.00519	0.00550	0.00871	0.01099	0.01460	0.02958	0.56206	0.03497	0.17806	0.01227	0.00312	0.00411	0.08431	0.00509	0.00462
44	0.02310	0.01528	0.08975	0.01266	0.01772	0.01391	0.01124	0.37362	0.02181	0.33271	0.01760	0.01647	0.01169	0.00704	0.00590	0.00181	0.00612	0.00549	0.00616	0.00993
45	0.01433	0.01373	0.02344	0.10284	0.69116	0.01397	0.01799	0.01788	0.01332	0.01894	0.01107	0.01474	0.00923	0.00533	0.00586	0.00178	0.00710	0.00527	0.00290	0.00912
46	0.00721	0.00515	0.00686	0.00823	0.00858	0.00480	0.00549	0.00823	0.01132	0.01510	0.03259	0.78831	0.03911	0.01853	0.00755	0.00240	0.00343	0.01681	0.00549	0.00480
47	0.02524	0.00978	0.01331	0.01030	0.01465	0.00847	0.00847	0.02756	0.01691	0.70706	0.07516	0.02184	0.01757	0.00766	0.00602	0.00183	0.00487	0.00628	0.00726	0.00975
48	0.01542	0.71995	0.10334	0.01079	0.01621	0.02244	0.01128	0.01781	0.01206	0.01439	0.00846	0.00978	0.00758	0.00511	0.00398	0.00133	0.00656	0.00328	0.00253	0.00770
49	0.01417	0.01201	0.01280	0.01148	0.01465	0.01369	0.00893	0.05500	0.62698	0.02488	0.09673	0.02486	0.04048	0.00857	0.00613	0.00198	0.00452	0.00718	0.00605	0.00890
50	0.02653	0.01006	0.01372	0.01052	0.01510	0.00869	0.00869	0.02882	0.01693	0.75937	0.02333	0.02013	0.01464	0.00732	0.00595	0.00183	0.00503	0.00595	0.00732	0.01006
51	0.01125	0.01056	0.01763	0.75925	0.04011	0.01318	0.01625	0.01551	0.02972	0.01534	0.01084	0.01592	0.00813	0.00596	0.00592	0.00197	0.00781	0.00529	0.00271	0.00664
52	0.01253	0.10361	0.56748	0.01793	0.07374	0.01464	0.07548	0.01845	0.01271	0.01841	0.02580	0.01326	0.00874	0.00562	0.00559	0.00181	0.00836	0.00464	0.00265	0.00854
53	0.01186	0.03059	0.76153	0.01686	0.02560	0.01373	0.02185	0.01873	0.01249	0.01873	0.01061	0.01249	0.00749	0.00562	0.00562	0.00187	0.00874	0.00437	0.00250	0.00874
54	0.00723	0.00516	0.00685	0.00820	0.00853	0.00482	0.00545	0.00824	0.01127	0.01502	0.03231	0.77289	0.03875	0.03444	0.00801	0.00247	0.00348	0.01664	0.00545	0.00478
55	0.01226	0.01051	0.01226	0.00876	0.01401	0.00788	0.00701	0.01489	0.01226	0.01927	0.01051	0.01226	0.00876	0.00438	0.00438	0.00088	0.00438	0.00350	0.00350	0.82832
56	0.15888	0.01570	0.01623	0.01263	0.01718	0.01749	0.01043	0.61484	0.02482	0.03547	0.01320	0.01343	0.00944	0.00683	0.00554	0.00178	0.00618	0.00497	0.00554	0.00944
57	0.01471	0.01270	0.01337	0.01203	0.01538	0.01471	0.00936	0.03142	0.74459	0.02474	0.02407	0.02206	0.01805	0.00802	0.00602	0.00201	0.00468	0.00669	0.00602	0.00936
58	0.00914	0.00653	0.00908	0.01044	0.01163	0.00647	0.00885	0.01158	0.01323	0.01726	0.03153	0.18795	0.03489	0.01670	0.00806	0.00267	0.00511	0.59808	0.00545	0.00534
59	0.02480	0.01071	0.01388	0.01083	0.01525	0.00990	0.00888	0.07902	0.08739	0.62493	0.03536	0.02031	0.01535	0.00745	0.00597	0.00184	0.00506	0.00606	0.00708	0.00992
60	0.02624	0.01053	0.01401	0.01074	0.01533	0.00938	0.00887	0.07908	0.01770	0.70802	0.02268	0.01971	0.01431	0.00730	0.00594	0.00183	0.00514	0.00590	0.00722	0.01006
61	0.00708	0.00597	0.00613	0.00614	0.00806	0.00502	0.00459	0.00865	0.01363	0.01644	0.10294	0.07396	0.69146	0.01488	0.00700	0.00200	0.00299	0.01247	0.00556	0.00502
62	0.01117	0.01051	0.01774	0.77795	0.04073	0.01314	0.01642	0.01511	0.01182	0.01511	0.01051	0.01577	0.00788	0.00591	0.00591	0.00197	0.00788	0.00526	0.00263	0.00657
63	0.00761	0.00570	0.00766	0.00875	0.00907	0.00575	0.00602	0.00866	0.01116	0.01503	0.03083	0.73317	0.03688	0.01795	0.00839	0.00241	0.05875	0.01598	0.00528	0.00492
64	0.02248	0.01656	0.01775	0.01361	0.01834	0.01834	0.01124	0.73556	0.02780	0.03727	0.01420	0.01420	0.01006	0.00710	0.00592	0.00177	0.00651	0.00532	0.00592	0.01006
65	0.81111	0.01158	0.00895	0.00794	0.01163	0.01341	0.00654	0.03759	0.01056	0.02684	0.00840	0.00974	0.00651	0.00553	0.00372	0.00183	0.00463	0.00326	0.00372	0.00651
66	0.00943	0.00677	0.00939	0.01070	0.01208	0.00674	0.00933	0.01210	0.01361	0.01763	0.03244	0.06632	0.06237	0.01628	0.00812	0.00269	0.00535	0.68776	0.00545	0.00543
67	0.01214	0.08500	0.70957	0.01638	0.02485	0.01442	0.02102	0.01866	0.01245	0.01839	0.01044	0.01227	0.00750	0.00558	0.00549	0.00183	0.00857	0.00428	0.00250	0.00866
68	0.00704	0.00599	0.00607	0.00605	0.00802	0.00502	0.00454	0.00859	0.01361	0.01628	0.08720	0.05641	0.72540	0.01486	0.00699	0.00199	0.00299	0.01241	0.00553	0.00502
69	0.02245	0.01739	0.01768	0.01372	0.01834	0.07168	0.01125	0.68493	0.02702	0.03565	0.01384	0.01395	0.00988	0.00703	0.00587	0.00176	0.00680	0.00522	0.00571	0.00983
70	0.01581	0.79572	0.03099	0.01012	0.01518	0.02340	0.01012	0.01771	0.01202	0.01391	0.00822	0.00949	0.00759	0.00506	0.00379	0.00126	0.00632	0.00316	0.00253	0.00759
71	0.00721	0.00515	0.00686	0.00823	0.00858	0.00480	0.00549	0.00823	0.01132	0.01510	0.03259	0.78831	0.03911	0.01853	0.00755	0.00240	0.00343	0.01681	0.00549	0.00480
72	0.01471	0.01270	0.01337	0.01203	0.01538	0.01471	0.00936	0.03142	0.74459	0.02474	0.02407	0.02206	0.01805	0.00802	0.00602	0.00201	0.00468	0.00669	0.00602	0.00936
73	0.00725	0.00518	0.00690	0.00820	0.00859	0.00483	0.00549	0.00835	0.01154	0.01544	0.06096	0.75897	0.03977	0.01827	0.00753	0.00238	0.00341	0.01657	0.00553	0.00483
74	0.01186	0.03059	0.76153	0.01686	0.02560	0.01373	0.02185	0.01873	0.01249	0.01873	0.01061	0.01249	0.00749	0.00562	0.00562	0.00187	0.00874	0.00437	0.00250	0.00874
75	0.00721	0.00515	0.00686	0.00823	0.00858	0.00480	0.00549	0.00823	0.01132	0.01510	0.03259	0.78831	0.03911	0.01853	0.00755	0.00240	0.00343	0.01681	0.00549	0.00480
76	0.03605	0.01862	0.01741	0.01381	0.01821	0.15668	0.01119	0.59210	0.02547	0.03288	0.01316	0.01347	0.00955	0.00689	0.00577	0.00173	0.00724	0.00501	0.00535	0.00940
77	0.01527	0.69023	0.13172	0.01105	0.01661	0.02207	0.01174	0.01785	0.01208	0.01458	0.00855	0.00990	0.00758	0.00514	0.00405	0.00135	0.00666	0.00333	0.00253	0.00775
78	0.00721	0.00515	0.00686	0.00823	0.00858	0.00480	0.00549	0.00823	0.01132	0.01510	0.03259	0.78831	0.03911	0.01853	0.00755	0.00240	0.00343	0.01681	0.00549	0.00480
79	0.02248	0.01656	0.01775	0.01361	0.01834	0.01834	0.01124	0.73556	0.02780	0.03727	0.01420	0.01420	0.01006	0.00710	0.00592	0.00177	0.00651	0.00532	0.00592	0.01006
80	0.01381	0.01629	0.06076	0.02399	0.02967	0.01512	0.65841	0.01862	0.01357	0.01862	0.01163	0.01562	0.00884	0.00537	0.00777	0.00203	0.06228	0.00676	0.00295	0.00790
81	0.01213	0.08209	0.71236	0.01640	0.02489	0.01438	0.02106	0.01866	0.01245	0.01840	0.01045	0.01228	0.00750	0.00558	0.00550	0.00183	0.00858	0.00429	0.00250	0.00866
82	0.00709	0.00597	0.00614	0.00614	0.00806	0.00503	0.00459	0.00866	0.01364	0.01646	0.10476	0.07392	0.68963	0.01487	0.00700	0.00200	0.00299	0.01247	0.00556	0.00503
83	0.04576	0.01189	0.01429	0.01135	0.01568	0.01191	0.00926	0.16491	0.16791	0.44968	0.02131	0.01909	0.01423	0.00737	0.00589	0.00186	0.00523	0.00590	0.00668	0.00982
84	0.01549	0.65997	0.13283	0.01125	0.01675	0.04974	0.01181	0.01807	0.01226	0.01461	0.00859	0.00995	0.00758	0.00518	0.00411	0.00136	0.00682	0.00336	0.00254	0.00772
85	0.83394	0.01144	0.00869	0.00778	0.01144	0.01327	0.00640	0.01738	0.01006	0.02653	0.00823	0.00961	0.00640	0.00549	0.00366	0.00183	0.00457	0.00320	0.00366	0.00640
86	0.00824	0.00610	0.00768	0.00749	0.00895	0.00560	0.00572	0.01071	0.01561	0.02136	0.53377	0.04858	0.18020	0.03471	0.00774	0.00208	0.00317	0.08076	0.00614	0.00540
87	0.02068	0.02272	0.01734	0.01665	0.09098	0.45628	0.01184	0.17594	0.09336	0.02087	0.01195	0.01298	0.00938	0.00642	0.00558	0.00165	0.00880	0.00457	0.00395	0.00804
88	0.01573	0.01404	0.02282	0.05636	0.63314	0.01425	0.01707	0.08949	0.01496	0.04772	0.01185	0.01483	0.00958	0.00554	0.00587	0.00177	0.00693	0.00530	0.00337	0.00937
89	0.02248	0.01656	0.01775	0.01361	0.01834	0.01834	0.01124	0.73556	0.02780	0.03727	0.01420	0.01420	0.01006	0.00710	0.00592	0.00177	0.00651	0.00532	0.00592	0.01006
90	0.02480	0.01072	0.01387	0.01087	0.01529	0.00994	0.00890	0.06343	0.11201	0.62889	0.02298	0.02009	0.01486	0.00740	0.00595	0.00185	0.00506	0.00601	0.00708	0.00997
91	0.01335	0.01438	0.02937	0.21261	0.11843	0.01440	0.47221	0.01790	0.01337	0.01804	0.01151	0.01575	0.00875	0.00525	0.00658	0.00196	0.00911	0.00635	0.00289	0.00779
92	0.02354	0.00942	0.01266	0.00993	0.01404	0.00815	0.00812	0.02582	0.01666	0.64169	0.09015	0.02486	0.07076	0.00828	0.00611	0.00184	0.00469	0.00683	0.00712	0.00931
93	0.00831	0.00600	0.00787	0.00757	0.00889	0.00555	0.00566	0.01098	0.01630	0.02298	0.68636	0.09630	0.05416	0.01263	0.00704	0.00192	0.00289	0.02663	0.00642	0.00552
94	0.01396	0.01583	0.03422	0.02509	0.05330	0.01499	0.69691	0.01882	0.01384	0.01886	0.01185	0.01585	0.00896	0.00510	0.00719	0.00200	0.02535	0.00689	0.00298	0.00799
95	0.02500	0.00983	0.01330	0.01033	0.01466	0.00859	0.00848	0.02762	0.03192	0.69191	0.07518	0.02188	0.01764	0.00767	0.00602	0.00184	0.00487	0.00630	0.00724	0.00973
96	0.02653	0.01006	0.01372	0.01052	0.01510	0.00869	0.00869	0.02882	0.01693	0.75937	0.02333	0.02013	0.01464	0.00732	0.00595	0.00183	0.00503	0.00595	0.00732	0.01006
97	0.04252	0.02923	0.70447	0.01728	0.05383	0.01373	0.02113	0.01866	0.01243	0.01904	0.01054	0.01246	0.00752	0.00560	0.00556	0.00187	0.00852	0.00436	0.00256	0.00868
98	0.02318	0.02585	0.01330	0.01025	0.01430	0.00898	0.00837	0.04091	0.04709	0.59621	0.09540	0.05253	0.01958	0.00821	0.00607	0.00185	0.00479	0.00681	0.00699	0.00933
99	0.80432	0.01153	0.00925	0.00881	0.03832	0.01329	0.00683	0.01741	0.01019	0.02627	0.00834	0.00979	0.00651	0.00548	0.00374	0.00183	0.00466	0.00328	0.00363	0.00651
100	0.00724	0.00591	0.00641	0.00661	0.00831	0.00509	0.00492	0.00883	0.01347	0.01659	0.11475	0.15507	0.56798	0.01526	0.00711	0.00207	0.00313	0.04063	0.00558	0.00504
101	0.01173	0.01119	0.01924	0.65062	0.13442	0.01333	0.04493	0.01566	0.01213	0.01582	0.01065	0.01563	0.00812	0.00579	0.00595	0.00194	0.00785	0.00533	0.00268	0.00699
102	0.01390	0.01574	0.03408	0.04620	0.05388	0.01488	0.69144	0.01881	0.01388	0.01885	0.01190	0.01591	0.00896	0.00502	0.00691	0.00199	0.00982	0.00688	0.00298	0.00798
103	0.00762	0.00615	0.00682	0.00715	0.00890	0.00542	0.00561	0.00933	0.01329	0.01618	0.05146	0.07347	0.55093	0.04345	0.00810	0.00230	0.00365	0.16974	0.00541	0.00504
104	0.80461	0.01162	0.00902	0.00799	0.01169	0.01345	0.00658	0.04334	0.01071	0.02692	0.00845	0.00977	0.00654	0.00555	0.00374	0.00183	0.00464	0.00328	0.00374	0.00654
105	0.02127	0.01402	0.01753	0.01360	0.01815	0.01471	0.08175	0.34065	0.15873	0.22833	0.01831	0.01746	0.01270	0.00712	0.00605	0.00185	0.00611	0.00591	0.00602	0.00972
106	0.00782	0.00579	0.00781	0.04880	0.01061	0.00557	0.00639	0.00949	0.01264	0.01690	0.15957	0.50863	0.08210	0.01632	0.00738	0.00229	0.00371	0.07759	0.00551	0.00510
107	0.02618	0.00999	0.01361	0.01046	0.01497	0.00863	0.00863	0.02847	0.01692	0.74493	0.03764	0.02060	0.01545	0.00741	0.00597	0.00183	0.00499	0.00604	0.00730	0.00998
108	0.01379	0.01200	0.01957	0.34214	0.10070	0.01439	0.07760	0.01685	0.01188	0.08931	0.01117	0.01528	0.00876	0.00719	0.00991	0.00212	0.23146	0.00545	0.00314	0.00729
109	0.01443	0.04166	0.11805	0.02095	0.02640	0.01549	0.46368	0.08925	0.01456	0.02018	0.01166	0.01500	0.00889	0.00586	0.00779	0.00198	0.08671	0.00616	0.02324	0.00805
110	0.01378	0.01520	0.03147	0.06942	0.10306	0.01501	0.56284	0.01827	0.01340	0.01838	0.01146	0.01557	0.00885	0.00549	0.00779	0.00202	0.07058	0.00656	0.00293	0.00791
111	0.01471	0.01270	0.01337	0.01203	0.01538	0.01471	0.00936	0.03142	0.74459	0.02474	0.02407	0.02206	0.01805	0.00802	0.00602	0.00201	0.00468	0.00669	0.00602	0.00936
112	0.00917	0.00722	0.03546	0.00929	0.01096	0.00625	0.00779	0.01140	0.01334	0.04577	0.07425	0.21591	0.18780	0.01556	0.00754	0.00239	0.00445	0.32446	0.00549	0.00551
113	0.02288	0.01592	0.01735	0.01330	0.01802	0.01738	0.01099	0.66557	0.02673	0.10878	0.01510	0.01479	0.01051	0.00712	0.00592	0.00178	0.00636	0.00539	0.00605	0.01006
114	0.00953	0.00681	0.00953	0.01089	0.01225	0.00681	0.00953	0.01225	0.01361	0.01770	0.03131	0.06671	0.03403	0.01634	0.00817	0.00272	0.00545	0.71547	0.00545	0.00545
115	0.00701	0.00591	0.00608	0.00621	0.00805	0.00497	0.00459	0.00846	0.01327	0.01589	0.05720	0.12935	0.68219	0.01533	0.00704	0.00204	0.00304	0.01291	0.00549	0.00497
116	0.01344	0.04305	0.23412	0.02227	0.02898	0.01487	0.51707	0.01885	0.01350	0.01874	0.01148	0.01481	0.00853	0.00516	0.00651	0.00194	0.00952	0.00615	0.00284	0.00817
117	0.01186	0.03059	0.76153	0.01686	0.02560	0.01373	0.02185	0.01873	0.01249	0.01873	0.01061	0.01249	0.00749	0.00562	0.00562	0.00187	0.00874	0.00437	0.00250	0.00874
118	0.01117	0.01051	0.01774	0.77795	0.04073	0.01314	0.01642	0.01511	0.01182	0.01511	0.01051	0.01577	0.00788	0.00591	0.00591	0.00197	0.00788	0.00526	0.00263	0.00657
119	0.02569	0.01035	0.01446	0.01235	0.06773	0.00907	0.00936	0.02806	0.01668	0.70674	0.02246	0.01974	0.01426	0.00717	0.00594	0.00182	0.00517	0.00590	0.00701	0.01001
120	0.02156	0.11211	0.01893	0.01380	0.01795	0.29716	0.01118	0.38742	0.02186	0.02608	0.01162	0.01234	0.00886	0.00649	0.00545	0.00162	0.00803	0.00451	0.00446	0.00858
121	0.00732	0.00524	0.00697	0.00816	0.00860	0.00488	0.00550	0.00852	0.01186	0.01595	0.10385	0.71461	0.04077	0.01789	0.00749	0.00235	0.00337	0.01621	0.00559	0.00488
122	0.01226	0.01051	0.01226	0.00876	0.01401	0.00788	0.00701	0.01489	0.01226	0.01927	0.01051	0.01226	0.00876	0.00438	0.00438	0.00088	0.00438	0.00350	0.00350	0.82832
123	0.01075	0.06875	0.15821	0.01059	0.03657	0.04902	0.00968	0.03222	0.01483	0.03095	0.26371	0.03529	0.23585	0.01041	0.00632	0.00184	0.00494	0.00868	0.00485	0.00655
124	0.00752	0.00843	0.08087	0.00711	0.00976	0.00588	0.00625	0.00959	0.01348	0.01649	0.07672	0.05211	0.65721	0.01396	0.00685	0.00198	0.00356	0.01162	0.00523	0.00538
125	0.02108	0.01552	0.01677	0.01300	0.01740	0.01708	0.01068	0.66382	0.02671	0.03593	0.08728	0.01717	0.01459	0.00759	0.00602	0.00178	0.00614	0.00586	0.00597	0.00961
126	0.00740	0.00537	0.00700	0.00809	0.00870	0.00497	0.00558	0.00870	0.01212	0.01612	0.10591	0.62968	0.09569	0.01753	0.00747	0.00233	0.00341	0.04341	0.00559	0.00492
127	0.01368	0.01493	0.03093	0.12918	0.14029	0.01457	0.52935	0.01830	0.01359	0.01848	0.01164	0.01573	0.00888	0.00515	0.00667	0.00196	0.00925	0.00649	0.00293	0.00799
128	0.01190	0.01013	0.01188	0.00872	0.01363	0.00766	0.00690	0.01442	0.01220	0.01897	0.01208	0.06745	0.01092	0.00539	0.00460	0.00098	0.00431	0.00445	0.00364	0.76975
129	0.01253	0.00697	0.00931	0.00852	0.01056	0.00635	0.00665	0.01508	0.01611	0.19014	0.46796	0.09371	0.04321	0.01186	0.00689	0.00197	0.00359	0.07554	0.00652	0.00653
130	0.00962	0.00630	0.00828	0.00769	0.00927	0.00577	0.00580	0.01231	0.01655	0.07571	0.67358	0.07012	0.05225	0.01199	0.00692	0.00188	0.00297	0.01058	0.00653	0.00587
131	0.02130	0.00995	0.01271	0.01025	0.01408	0.00934	0.00828	0.05372	0.12046	0.49066	0.13851	0.02496	0.04180	0.00837	0.00615	0.00186	0.00463	0.00695	0.00690	0.00912
132	0.75358	0.01194	0.00959	0.00835	0.01212	0.01377	0.00688	0.08851	0.01182	0.02760	0.00883	0.01006	0.00677	0.00565	0.00388	0.00182	0.00477	0.00341	0.00388	0.00677
133	0.02600	0.00995	0.01355	0.01043	0.01491	0.00860	0.00860	0.02830	0.01692	0.73776	0.04475	0.02084	0.01585	0.00746	0.00598	0.00183	0.00497	0.00609	0.00730	0.00993
134	0.02653	0.01006	0.01372	0.01052	0.01510	0.00869	0.00869	0.02882	0.01693	0.75937	0.02333	0.02013	0.01464	0.00732	0.00595	0.00183	0.00503	0.00595	0.00732	0.01006
135	0.01439	0.01379	0.08126	0.28871	0.37500	0.01318	0.01692	0.01820	0.01316	0.09110	0.01208	0.01540	0.00922	0.00572	0.00586	0.00185	0.00727	0.00526	0.00322	0.00842
136	0.01454	0.01378	0.02249	0.05522	0.64173	0.01411	0.01700	0.01972	0.10472	0.01987	0.01272	0.01560	0.01041	0.00563	0.00588	0.00179	0.00676	0.00545	0.00330	0.00928
137	0.01471	0.01270	0.01337	0.01203	0.01538	0.01471	0.00936	0.03142	0.74459	0.02474	0.02407	0.02206	0.01805	0.00802	0.00602	0.00201	0.00468	0.00669	0.00602	0.00936
138	0.01992	0.01491	0.01608	0.01286	0.01697	0.01651	0.01042	0.56844	0.12297	0.03338	0.01735	0.09192	0.01401	0.00836	0.00609	0.00187	0.00596	0.00665	0.00589	0.00944
139	0.01230	0.04136	0.02168	0.34074	0.02932	0.01501	0.17128	0.01556	0.01147	0.01563	0.01055	0.03109	0.00887	0.00797	0.02553	0.00229	0.22398	0.00580	0.00276	0.00682
140	0.08253	0.00985	0.01291	0.01008	0.01435	0.00877	0.00829	0.02662	0.01642	0.64958	0.07940	0.02127	0.01728	0.00756	0.00586	0.00183	0.00482	0.00612	0.00700	0.00945
141	0.00817	0.00598	0.00768	0.00749	0.00884	0.00549	0.00559	0.01067	0.01582	0.02198	0.59641	0.11714	0.11840	0.01311	0.00707	0.00195	0.00295	0.03353	0.00628	0.00545
142	0.60142	0.01174	0.01053	0.00890	0.01282	0.01302	0.00733	0.09155	0.02539	0.15227	0.01167	0.01207	0.00837	0.00600	0.00431	0.00183	0.00485	0.00394	0.00455	0.00744
143	0.01382	0.01594	0.09293	0.16160	0.08417	0.01489	0.38796	0.06607	0.01400	0.01916	0.01138	0.01519	0.00866	0.00574	0.00736	0.00199	0.06210	0.00607	0.00305	0.00793
144	0.02603	0.00995	0.01356	0.01044	0.01492	0.00861	0.00861	0.02833	0.01692	0.73905	0.04346	0.02079	0.01578	0.00745	0.00598	0.00183	0.00497	0.00608	0.00730	0.00994
145	0.10347	0.01306	0.01613	0.03473	0.07931	0.01459	0.08176	0.04797	0.49121	0.02403	0.01943	0.01909	0.01466	0.00714	0.00584	0.00196	0.00553	0.00614	0.00511	0.00885
146	0.01390	0.01355	0.02387	0.17913	0.54484	0.01396	0.08869	0.01764	0.01320	0.01847	0.01109	0.01499	0.00904	0.00537	0.00598	0.00182	0.00748	0.00544	0.00288	0.00869
147	0.01534	0.01303	0.01548	0.15514	0.06837	0.03528	0.01169	0.17036	0.32197	0.02421	0.01900	0.02291	0.01526	0.00804	0.00616	0.00199	0.00604	0.07616	0.00503	0.00853
148	0.00794	0.00559	0.00669	0.00710	0.00756	0.00533	0.00452	0.00872	0.01082	0.01436	0.10017	0.29398	0.10492	0.37520	0.01786	0.00385	0.00439	0.01197	0.00471	0.00434
149	0.00885	0.00639	0.00855	0.00969	0.01087	0.00624	0.00800	0.01100	0.01292	0.01672	0.03362	0.17715	0.10726	0.06614	0.00935	0.00279	0.00490	0.48904	0.00534	0.00518
150	0.03714	0.02591	0.01689	0.01555	0.03281	0.65681	0.01163	0.02236	0.01572	0.01479	0.00901	0.01097	0.00764	0.00653	0.00683	0.00165	0.09392	0.00397	0.00301	0.00686
151	0.00781	0.00603	0.00706	0.00763	0.00900	0.00549	0.00583	0.00940	0.01269	0.01583	0.04427	0.17837	0.38489	0.09093	0.00961	0.00261	0.00394	0.18839	0.00530	0.00494
152	0.00714	0.00593	0.00625	0.00631	0.00812	0.00504	0.00468	0.00873	0.01363	0.01667	0.12634	0.11265	0.62822	0.01497	0.00703	0.00201	0.00301	0.01264	0.00559	0.00504
153	0.02031	0.01545	0.01665	0.01323	0.01748	0.01733	0.01080	0.55339	0.18150	0.03359	0.01622	0.01605	0.01182	0.00812	0.02154	0.00200	0.02336	0.00563	0.00581	0.00973
154	0.41642	0.01096	0.01339	0.24902	0.07386	0.01275	0.03053	0.01610	0.01090	0.02100	0.01000	0.01340	0.00797	0.00944	0.08037	0.00263	0.00704	0.00440	0.00322	0.00660
155	0.49909	0.01119	0.01143	0.15481	0.03095	0.01238	0.00871	0.01695	0.03242	0.02295	0.00957	0.01168	0.00748	0.00545	0.00432	0.00170	0.00522	0.00378	0.00349	0.14642
156	0.03152	0.13408	0.37488	0.09119	0.02426	0.07114	0.07722	0.04194	0.06528	0.01856	0.01129	0.01321	0.00849	0.00576	0.00548	0.00179	0.00811	0.00463	0.00298	0.00819
157	0.04483	0.07338	0.05685	0.03077	0.08763	0.02950	0.03758	0.25144	0.01699	0.02317	0.01729	0.13956	0.04177	0.06636	0.00856	0.00219	0.05270	0.00737	0.00441	0.00767
158	0.14781	0.18963	0.06610	0.01081	0.02888	0.03017	0.00934	0.11504	0.09685	0.02110	0.02979	0.01687	0.05116	0.00929	0.03066	0.08374	0.00593	0.00503	0.02702	0.02478

[dist]
# distance from previous block
# <min> <max>
2	95

# created by:
# /st0/software/busco_prod/Augustus/scripts/msa2prfl.pl ./align_prep/214985.fa
