[name]
unknown

[dist]
# distance from previous block
# <min> <max>
0	42

[block]
# block no. 0 follows, 46 sequences, length 10
# corresponding to MSA columns:
# 42-51
name=unknown_A
#
# <colnr> <probs for GDERKNQSTAVLIFYWHMCP>
#	G	D	E	R	K	N	Q	S	T	A	V	L	I	F	Y	W	H	M	C	P
0	0.09612	0.00652	0.00844	0.00945	0.01088	0.00669	0.00823	0.01143	0.01184	0.01664	0.02585	0.05433	0.02786	0.01360	0.00688	0.00235	0.00479	0.66846	0.00470	0.00496
1	0.01134	0.01528	0.16921	0.01779	0.02311	0.01159	0.46624	0.01556	0.01193	0.01662	0.01351	0.05389	0.05007	0.00557	0.00579	0.00168	0.00757	0.00616	0.00287	0.09421
2	0.00625	0.00536	0.00536	0.00536	0.00714	0.00446	0.00402	0.00759	0.01205	0.01428	0.05355	0.05088	0.77909	0.01339	0.00625	0.00179	0.00268	0.01116	0.00491	0.00446
3	0.01128	0.01322	0.10132	0.32124	0.11292	0.01210	0.26196	0.01526	0.01145	0.01565	0.00990	0.01351	0.00753	0.00482	0.00547	0.00167	0.00744	0.00502	0.00253	0.06569
4	0.00729	0.00531	0.00685	0.00665	0.00782	0.00488	0.00492	0.00953	0.01422	0.01988	0.64720	0.12964	0.09276	0.01163	0.00630	0.00173	0.00257	0.01029	0.00566	0.00488
5	0.01235	0.01191	0.02062	0.20799	0.57620	0.01241	0.05009	0.01564	0.01172	0.01639	0.00985	0.01337	0.00805	0.00483	0.00529	0.00162	0.00658	0.00478	0.00256	0.00774
6	0.00985	0.00493	0.00493	0.00493	0.00616	0.00493	0.00370	0.01232	0.01109	0.01971	0.01725	0.01971	0.01355	0.00616	0.00370	0.00123	0.00246	0.00493	0.84356	0.00493
7	0.21553	0.05748	0.01441	0.13544	0.01792	0.15864	0.00973	0.29050	0.01626	0.02303	0.00979	0.01113	0.00739	0.00557	0.00461	0.00156	0.00628	0.00395	0.00371	0.00708
8	0.00985	0.00493	0.00493	0.00493	0.00616	0.00493	0.00370	0.01232	0.01109	0.01971	0.01725	0.01971	0.01355	0.00616	0.00370	0.00123	0.00246	0.00493	0.84356	0.00493
9	0.75658	0.04131	0.00914	0.03742	0.01158	0.01237	0.00635	0.04325	0.00971	0.02325	0.00764	0.00895	0.00594	0.00496	0.00343	0.00162	0.00433	0.00300	0.00327	0.00589

[dist]
# distance from previous block
# <min> <max>
0	2

[block]
# block no. 1 follows, 46 sequences, length 18
# corresponding to MSA columns:
# 54-71
name=unknown_B
#
# <colnr> <probs for GDERKNQSTAVLIFYWHMCP>
#	G	D	E	R	K	N	Q	S	T	A	V	L	I	F	Y	W	H	M	C	P
0	0.06704	0.08682	0.13853	0.01640	0.15131	0.11482	0.07713	0.17157	0.03089	0.07988	0.01098	0.01219	0.00824	0.00536	0.00497	0.00156	0.00670	0.00436	0.00350	0.00776
1	0.00985	0.00493	0.00493	0.00493	0.00616	0.00493	0.00370	0.01232	0.01109	0.01971	0.01725	0.01971	0.01355	0.00616	0.00370	0.00123	0.00246	0.00493	0.84356	0.00493
2	0.01273	0.01149	0.04552	0.06071	0.15035	0.01001	0.04199	0.11833	0.01319	0.03471	0.01078	0.03393	0.00885	0.00494	0.00467	0.00122	0.00514	0.00426	0.00336	0.42381
3	0.01072	0.02652	0.73891	0.01553	0.02318	0.01235	0.06661	0.01675	0.01124	0.01675	0.00956	0.01136	0.00678	0.00499	0.00510	0.00168	0.00788	0.00405	0.00226	0.00777
4	0.00918	0.00459	0.00689	0.00689	0.00689	0.00459	0.00459	0.00689	0.00689	0.00918	0.00918	0.01607	0.00918	0.01837	0.02066	0.84619	0.00459	0.00459	0.00230	0.00230
5	0.12132	0.00936	0.01170	0.00924	0.01313	0.00876	0.00758	0.02476	0.08534	0.62272	0.01931	0.01704	0.01250	0.00641	0.00508	0.00165	0.00442	0.00509	0.00604	0.00855
6	0.00679	0.00545	0.00611	0.00614	0.00773	0.00476	0.00473	0.00853	0.01277	0.01613	0.22760	0.04903	0.52138	0.01289	0.00636	0.00182	0.00287	0.08913	0.00513	0.00463
7	0.00696	0.00530	0.00639	0.00629	0.00762	0.00474	0.00465	0.00890	0.01347	0.01806	0.45510	0.12507	0.29367	0.01229	0.00629	0.00176	0.00262	0.01068	0.00542	0.00474
8	0.01060	0.02735	0.78682	0.01507	0.02288	0.01228	0.01953	0.01674	0.01116	0.01674	0.00949	0.01116	0.00670	0.00502	0.00502	0.00167	0.00781	0.00391	0.00223	0.00781
9	0.00663	0.00474	0.00632	0.00735	0.00780	0.00443	0.00503	0.00778	0.01076	0.01447	0.11726	0.69642	0.03658	0.01582	0.00670	0.00210	0.00306	0.03734	0.00501	0.00439
10	0.01248	0.01426	0.03119	0.02228	0.02763	0.01337	0.76203	0.01693	0.01248	0.01693	0.01070	0.01426	0.00802	0.00446	0.00624	0.00178	0.00891	0.00624	0.00267	0.00713
11	0.85155	0.01022	0.00777	0.00695	0.01022	0.01186	0.00573	0.01554	0.00900	0.02372	0.00736	0.00859	0.00573	0.00491	0.00327	0.00164	0.00409	0.00286	0.00327	0.00573
12	0.01015	0.00697	0.00859	0.00770	0.00948	0.00682	0.00595	0.12166	0.01593	0.06072	0.53850	0.05901	0.05687	0.02950	0.00660	0.00178	0.00327	0.03916	0.00563	0.00570
13	0.00720	0.00532	0.00673	0.00653	0.00777	0.00484	0.00484	0.00937	0.01407	0.01944	0.59981	0.11730	0.15368	0.01175	0.00629	0.00173	0.00258	0.01033	0.00560	0.00484
14	0.01103	0.05777	0.64350	0.01589	0.02320	0.01279	0.12937	0.01673	0.01134	0.01659	0.00958	0.01151	0.00690	0.00492	0.00514	0.00167	0.00789	0.00421	0.00230	0.00767
15	0.01318	0.00890	0.01057	0.00863	0.01170	0.00843	0.00683	0.12769	0.06563	0.14379	0.17097	0.07272	0.08423	0.00804	0.00565	0.00150	0.02577	0.00667	0.00493	0.21418
16	0.01247	0.01410	0.03029	0.02237	0.05588	0.01344	0.70703	0.01676	0.01231	0.01680	0.01053	0.01412	0.00800	0.00464	0.00659	0.00179	0.03697	0.00612	0.00266	0.00713
17	0.01419	0.01142	0.01309	0.00994	0.01408	0.05911	0.03991	0.12657	0.03687	0.09449	0.01166	0.02861	0.00923	0.00523	0.00506	0.00119	0.03766	0.00413	0.00381	0.47376

[dist]
# distance from previous block
# <min> <max>
0	3

[block]
# block no. 2 follows, 46 sequences, length 16
# corresponding to MSA columns:
# 75-81,83-91
name=unknown_C
#
# <colnr> <probs for GDERKNQSTAVLIFYWHMCP>
#	G	D	E	R	K	N	Q	S	T	A	V	L	I	F	Y	W	H	M	C	P
0	0.08428	0.03602	0.06095	0.03506	0.15817	0.01314	0.26018	0.14841	0.01391	0.04042	0.01174	0.06286	0.00972	0.00591	0.00588	0.00171	0.03524	0.00563	0.00337	0.00739
1	0.24218	0.37994	0.12013	0.01007	0.01444	0.06877	0.02915	0.01653	0.03209	0.01651	0.00817	0.00946	0.00679	0.00493	0.00409	0.00142	0.02284	0.00323	0.00266	0.00662
2	0.01463	0.06929	0.03451	0.26953	0.07161	0.07184	0.08128	0.24372	0.03218	0.02021	0.01051	0.01288	0.00797	0.00562	0.00557	0.00164	0.03171	0.00464	0.00338	0.00727
3	0.00654	0.00496	0.00588	0.00647	0.00733	0.00447	0.00445	0.00763	0.01089	0.01396	0.08163	0.42849	0.29891	0.08300	0.00826	0.00224	0.00307	0.01270	0.00482	0.00430
4	0.01240	0.01348	0.04090	0.16798	0.02731	0.03571	0.50188	0.01633	0.01199	0.03758	0.01042	0.01389	0.00786	0.00491	0.00638	0.00175	0.04404	0.00561	0.00271	0.03686
5	0.24108	0.01901	0.01263	0.01134	0.01431	0.46926	0.00871	0.02051	0.07782	0.06495	0.00989	0.01068	0.00771	0.00552	0.00445	0.00149	0.00731	0.00360	0.00334	0.00639
6	0.00644	0.00460	0.00613	0.00736	0.00767	0.00429	0.00491	0.00736	0.01012	0.01350	0.02914	0.81076	0.03497	0.01656	0.00675	0.00215	0.00307	0.01503	0.00491	0.00429
7	0.01127	0.01712	0.29375	0.03098	0.03439	0.01250	0.13542	0.01644	0.08987	0.01674	0.04970	0.01416	0.01028	0.00620	0.00768	0.00175	0.16535	0.00490	0.00292	0.07859
8	0.00644	0.00542	0.00562	0.00573	0.00747	0.00460	0.00440	0.00787	0.01206	0.01441	0.05138	0.05162	0.71535	0.01349	0.00634	0.00184	0.00286	0.07369	0.00491	0.00450
9	0.85155	0.01022	0.00777	0.00695	0.01022	0.01186	0.00573	0.01554	0.00900	0.02372	0.00736	0.00859	0.00573	0.00491	0.00327	0.00164	0.00409	0.00286	0.00327	0.00573
10	0.01123	0.01041	0.02852	0.31535	0.08814	0.01142	0.07324	0.06934	0.13421	0.01739	0.04108	0.04889	0.07307	0.00693	0.00585	0.00176	0.02931	0.00609	0.02115	0.00662
11	0.00643	0.00464	0.00610	0.00727	0.00764	0.00430	0.00487	0.00737	0.01021	0.01353	0.03030	0.77470	0.07027	0.01641	0.00672	0.00213	0.00305	0.01485	0.00491	0.00430
12	0.00985	0.00493	0.00493	0.00493	0.00616	0.00493	0.00370	0.01232	0.01109	0.01971	0.01725	0.01971	0.01355	0.00616	0.00370	0.00123	0.00246	0.00493	0.84356	0.00493
13	0.01183	0.00991	0.01501	0.47392	0.07459	0.01194	0.01260	0.07764	0.02800	0.04740	0.01088	0.01442	0.00832	0.00596	0.00652	0.00174	0.09755	0.00477	0.08062	0.00637
14	0.01439	0.01062	0.01230	0.05883	0.01485	0.02614	0.00785	0.13578	0.08801	0.12426	0.03291	0.01396	0.01058	0.00528	0.00463	0.00122	0.00460	0.00424	0.00417	0.42538
15	0.01874	0.06801	0.03575	0.01135	0.01563	0.01484	0.00962	0.51785	0.07013	0.10724	0.01344	0.01325	0.00959	0.00609	0.00507	0.00152	0.00548	0.00463	0.00499	0.06676

[dist]
# distance from previous block
# <min> <max>
2	10

[block]
# block no. 3 follows, 46 sequences, length 32
# corresponding to MSA columns:
# 102-133
name=unknown_D
#
# <colnr> <probs for GDERKNQSTAVLIFYWHMCP>
#	G	D	E	R	K	N	Q	S	T	A	V	L	I	F	Y	W	H	M	C	P
0	0.08257	0.03697	0.01435	0.01374	0.11336	0.18993	0.00967	0.18020	0.14806	0.05331	0.07798	0.01623	0.01341	0.00646	0.00509	0.00159	0.00594	0.01951	0.00422	0.00741
1	0.00758	0.00557	0.00800	0.00800	0.00877	0.00634	0.00599	0.00912	0.00835	0.01190	0.01462	0.02329	0.01431	0.18083	0.65357	0.00788	0.01251	0.00603	0.00290	0.00444
2	0.01329	0.01142	0.01249	0.01188	0.05615	0.01303	0.00876	0.06289	0.67183	0.02218	0.02134	0.01988	0.03670	0.00717	0.00539	0.00177	0.00434	0.00599	0.00521	0.00829
3	0.00757	0.00508	0.00580	0.00591	0.00594	0.00505	0.00336	0.00766	0.00791	0.01055	0.01779	0.10530	0.02065	0.74155	0.02507	0.00485	0.00494	0.00836	0.00336	0.00330
4	0.01259	0.01081	0.01145	0.01034	0.01319	0.01239	0.00803	0.02636	0.70265	0.02178	0.06453	0.02193	0.04530	0.00760	0.00546	0.00179	0.00404	0.00636	0.00539	0.00804
5	0.00735	0.00540	0.00688	0.00651	0.00782	0.00493	0.00488	0.00972	0.01465	0.02045	0.69966	0.04073	0.12914	0.01109	0.00624	0.00168	0.00251	0.00973	0.00572	0.00493
6	0.85155	0.01022	0.00777	0.00695	0.01022	0.01186	0.00573	0.01554	0.00900	0.02372	0.00736	0.00859	0.00573	0.00491	0.00327	0.00164	0.00409	0.00286	0.00327	0.00573
7	0.00755	0.00566	0.00850	0.00850	0.00944	0.00661	0.00661	0.00944	0.00850	0.01227	0.01416	0.02077	0.01322	0.03965	0.79326	0.00850	0.01416	0.00566	0.00283	0.00472
8	0.01157	0.01157	0.01619	0.01388	0.01388	0.01619	0.01157	0.01272	0.00810	0.01272	0.00694	0.01157	0.00694	0.00925	0.01735	0.00231	0.80453	0.00463	0.00231	0.00578
9	0.01060	0.02735	0.78682	0.01507	0.02288	0.01228	0.01953	0.01674	0.01116	0.01674	0.00949	0.01116	0.00670	0.00502	0.00502	0.00167	0.00781	0.00391	0.00223	0.00781
10	0.00644	0.00460	0.00613	0.00736	0.00767	0.00429	0.00491	0.00736	0.01012	0.01350	0.02914	0.81076	0.03497	0.01656	0.00675	0.00215	0.00307	0.01503	0.00491	0.00429
11	0.01533	0.01375	0.14249	0.01111	0.01521	0.01193	0.01012	0.15081	0.31981	0.16049	0.04573	0.01878	0.04653	0.00695	0.00536	0.00170	0.00501	0.00565	0.00504	0.00821
12	0.85155	0.01022	0.00777	0.00695	0.01022	0.01186	0.00573	0.01554	0.00900	0.02372	0.00736	0.00859	0.00573	0.00491	0.00327	0.00164	0.00409	0.00286	0.00327	0.00573
13	0.01623	0.01265	0.01384	0.05001	0.01587	0.01423	0.00934	0.41414	0.29175	0.02705	0.01675	0.06621	0.01312	0.00724	0.00541	0.00171	0.00511	0.00585	0.00515	0.00831
14	0.01289	0.01251	0.02179	0.07111	0.69508	0.01257	0.06373	0.01613	0.01199	0.01706	0.00996	0.01321	0.00828	0.00472	0.00530	0.00159	0.00649	0.00481	0.00261	0.00817
15	0.00763	0.00571	0.00772	0.00731	0.00870	0.00529	0.02513	0.01006	0.01431	0.01985	0.60641	0.04219	0.11101	0.01131	0.00636	0.00177	0.00296	0.09575	0.00555	0.00498
16	0.01428	0.01060	0.01287	0.01014	0.01409	0.01024	0.05015	0.08299	0.26515	0.13316	0.01677	0.01642	0.03438	0.00590	0.00492	0.00140	0.00450	0.00495	0.00459	0.30250
17	0.00652	0.00466	0.00623	0.00745	0.00780	0.00436	0.00505	0.00750	0.01020	0.01359	0.02909	0.78111	0.03479	0.01649	0.00677	0.00216	0.00314	0.04387	0.00491	0.00432
18	0.01308	0.01256	0.02146	0.03245	0.78123	0.01256	0.01622	0.01622	0.01204	0.01727	0.00994	0.01308	0.00837	0.00471	0.00523	0.00157	0.00628	0.00471	0.00262	0.00837
19	0.01308	0.01256	0.02146	0.03245	0.78123	0.01256	0.01622	0.01622	0.01204	0.01727	0.00994	0.01308	0.00837	0.00471	0.00523	0.00157	0.00628	0.00471	0.00262	0.00837
20	0.01096	0.00940	0.01096	0.00783	0.01253	0.00705	0.00626	0.01331	0.01096	0.01723	0.00940	0.01096	0.00783	0.00392	0.00392	0.00078	0.00392	0.00313	0.00313	0.84653
21	0.00682	0.00487	0.00645	0.00758	0.00804	0.00461	0.00533	0.00792	0.01034	0.01368	0.02890	0.63527	0.05253	0.06079	0.00795	0.00235	0.00344	0.12400	0.00481	0.00432
22	0.00658	0.00470	0.00625	0.00727	0.00770	0.00438	0.00492	0.00770	0.01075	0.01449	0.12602	0.71104	0.03689	0.01582	0.00668	0.00208	0.00299	0.01432	0.00503	0.00438
23	0.00734	0.00540	0.00686	0.00650	0.00781	0.00493	0.00487	0.00969	0.01462	0.02038	0.69209	0.04085	0.13675	0.01112	0.00624	0.00168	0.00252	0.00975	0.00571	0.00493
24	0.00651	0.00465	0.00621	0.00744	0.00778	0.00435	0.00503	0.00748	0.01019	0.01357	0.02910	0.78600	0.03482	0.01650	0.00677	0.00216	0.00313	0.03911	0.00491	0.00431
25	0.01260	0.01230	0.02037	0.19510	0.57866	0.03469	0.03788	0.01581	0.01182	0.01634	0.00980	0.01323	0.00804	0.00485	0.00526	0.00161	0.00661	0.00472	0.00256	0.00774
26	0.01388	0.01281	0.02083	0.03016	0.69497	0.01299	0.01553	0.10052	0.01348	0.01908	0.01025	0.01304	0.00844	0.00489	0.00524	0.00157	0.00623	0.00472	0.00292	0.00844
27	0.01011	0.00860	0.01224	0.06455	0.19916	0.00866	0.02529	0.07151	0.05726	0.01841	0.18673	0.11287	0.16701	0.00947	0.00589	0.00174	0.00436	0.02549	0.00439	0.00625
28	0.01291	0.01219	0.02016	0.09511	0.53933	0.02604	0.07657	0.01682	0.06055	0.03850	0.01269	0.01526	0.03925	0.00530	0.00536	0.00163	0.00630	0.00516	0.00298	0.00788
29	0.01295	0.00987	0.03479	0.01159	0.04949	0.02249	0.05637	0.06680	0.06663	0.14502	0.05518	0.14156	0.04673	0.03722	0.04212	0.00222	0.13186	0.00714	0.03143	0.02852
30	0.03669	0.11009	0.07650	0.01161	0.05598	0.02457	0.04608	0.12151	0.05224	0.04910	0.07453	0.04022	0.03680	0.02088	0.00590	0.00168	0.02572	0.09693	0.03108	0.08189
31	0.06399	0.31639	0.05675	0.03045	0.01408	0.09756	0.00893	0.07773	0.08649	0.05800	0.07941	0.01619	0.06113	0.00631	0.00454	0.00144	0.00547	0.00470	0.00362	0.00683

[dist]
# distance from previous block
# <min> <max>
0	17

[block]
# block no. 4 follows, 46 sequences, length 27
# corresponding to MSA columns:
# 151-177
name=unknown_E
#
# <colnr> <probs for GDERKNQSTAVLIFYWHMCP>
#	G	D	E	R	K	N	Q	S	T	A	V	L	I	F	Y	W	H	M	C	P
0	0.09110	0.07072	0.10339	0.01081	0.01520	0.01355	0.00980	0.37156	0.03165	0.10491	0.02923	0.01327	0.00983	0.00590	0.00481	0.00151	0.00538	0.00444	0.03685	0.06609
1	0.07279	0.01267	0.06213	0.04406	0.15917	0.01236	0.01064	0.24656	0.09795	0.10828	0.04167	0.01494	0.01128	0.00597	0.00505	0.00158	0.00530	0.00486	0.03323	0.04951
2	0.14564	0.01467	0.17954	0.17086	0.09333	0.04490	0.04127	0.06958	0.01233	0.07306	0.02381	0.01361	0.00878	0.00544	0.00486	0.00161	0.00619	0.01604	0.02251	0.05197
3	0.04337	0.00741	0.00878	0.00799	0.01002	0.00752	0.00619	0.01569	0.19798	0.06744	0.46361	0.03213	0.03562	0.00938	0.00583	0.00170	0.00323	0.03856	0.00553	0.03204
4	0.01138	0.09282	0.69460	0.01435	0.02175	0.01283	0.01822	0.01700	0.01127	0.04480	0.00973	0.01119	0.00694	0.00504	0.00490	0.00163	0.00751	0.00387	0.00239	0.00777
5	0.00655	0.00468	0.00626	0.00749	0.00784	0.00439	0.00510	0.00755	0.01023	0.01362	0.02908	0.77054	0.03472	0.01646	0.00678	0.00216	0.00316	0.05415	0.00491	0.00432
6	0.01194	0.21679	0.38907	0.01516	0.02119	0.01485	0.18438	0.01635	0.01119	0.01552	0.00910	0.01123	0.00703	0.00500	0.00556	0.00160	0.05020	0.00421	0.00234	0.00730
7	0.00743	0.00540	0.00700	0.00660	0.00787	0.00497	0.00495	0.00988	0.01485	0.02093	0.74978	0.03994	0.07872	0.01091	0.00624	0.00167	0.00250	0.00962	0.00578	0.00497
8	0.00678	0.00538	0.00610	0.00592	0.00747	0.00469	0.00444	0.00862	0.01332	0.01729	0.36846	0.04593	0.46231	0.01227	0.00624	0.00173	0.00260	0.01046	0.00530	0.00469
9	0.82073	0.01018	0.00794	0.00704	0.01035	0.01171	0.00580	0.01592	0.00923	0.05206	0.00786	0.00894	0.00600	0.00497	0.00335	0.00164	0.00410	0.00295	0.00339	0.00585
10	0.00661	0.00537	0.00586	0.00574	0.00736	0.00462	0.00430	0.00829	0.01291	0.01631	0.26651	0.04753	0.56486	0.01263	0.00624	0.00175	0.00262	0.01069	0.00518	0.00462
11	0.00634	0.00536	0.00549	0.00545	0.00720	0.00450	0.00409	0.00777	0.01227	0.01481	0.10897	0.05001	0.72334	0.01319	0.00625	0.00178	0.00266	0.01104	0.00498	0.00450
12	0.00998	0.00940	0.01586	0.80150	0.03641	0.01175	0.01468	0.01351	0.01057	0.01351	0.00940	0.01409	0.00705	0.00529	0.00529	0.00176	0.00705	0.00470	0.00235	0.00587
13	0.01250	0.04316	0.01956	0.04432	0.01780	0.01546	0.17078	0.06861	0.05174	0.01563	0.00905	0.01264	0.00781	0.00758	0.01249	0.00205	0.47459	0.00499	0.00277	0.00648
14	0.01211	0.01150	0.01921	0.27444	0.50745	0.01233	0.01534	0.01596	0.04954	0.01632	0.01035	0.01374	0.00834	0.00502	0.00526	0.00164	0.00642	0.00477	0.00267	0.00758
15	0.00626	0.00529	0.00542	0.00552	0.00718	0.00445	0.00409	0.00757	0.01189	0.01422	0.05156	0.11282	0.71843	0.01365	0.00629	0.00181	0.00271	0.01147	0.00491	0.00445
16	0.00643	0.00463	0.00610	0.00728	0.00765	0.00430	0.00487	0.00737	0.01020	0.01353	0.03007	0.78164	0.06348	0.01644	0.00673	0.00213	0.00305	0.01488	0.00491	0.00430
17	0.00769	0.00513	0.00577	0.00577	0.00577	0.00513	0.00320	0.00769	0.00769	0.01025	0.01666	0.03460	0.01922	0.81421	0.02691	0.00513	0.00513	0.00769	0.00320	0.00320
18	0.01351	0.01338	0.02104	0.03123	0.73183	0.06297	0.01584	0.01654	0.01223	0.01699	0.00983	0.01285	0.00827	0.00476	0.00520	0.00156	0.00649	0.00463	0.00262	0.00823
19	0.01485	0.10014	0.01448	0.01104	0.01434	0.08914	0.00885	0.12753	0.51410	0.02174	0.01749	0.01656	0.01325	0.00661	0.00509	0.00165	0.00508	0.00522	0.00478	0.00807
20	0.00998	0.00940	0.01586	0.80150	0.03641	0.01175	0.01468	0.01351	0.01057	0.01351	0.00940	0.01409	0.00705	0.00529	0.00529	0.00176	0.00705	0.00470	0.00235	0.00587
21	0.01096	0.00940	0.01096	0.00783	0.01253	0.00705	0.00626	0.01331	0.01096	0.01723	0.00940	0.01096	0.00783	0.00392	0.00392	0.00078	0.00392	0.00313	0.00313	0.84653
22	0.01273	0.01219	0.02081	0.07962	0.66722	0.01235	0.04087	0.01619	0.02942	0.01709	0.01076	0.01478	0.00914	0.00510	0.00534	0.00162	0.00633	0.02765	0.00273	0.00807
23	0.02149	0.00891	0.01190	0.00910	0.01316	0.00757	0.00747	0.02359	0.01460	0.65870	0.04861	0.01794	0.01384	0.00638	0.00518	0.00153	0.00435	0.00520	0.00609	0.11441
24	0.00643	0.00466	0.00607	0.00720	0.00763	0.00431	0.00484	0.00738	0.01027	0.01356	0.03105	0.75130	0.09319	0.01631	0.00671	0.00212	0.00304	0.01473	0.00491	0.00431
25	0.00632	0.00534	0.00538	0.00538	0.00707	0.00450	0.00398	0.00759	0.01183	0.01408	0.05171	0.05006	0.74111	0.05342	0.00728	0.00195	0.00280	0.01098	0.00482	0.00440
26	0.01980	0.01466	0.01570	0.01210	0.01628	0.01625	0.00998	0.73182	0.05713	0.03283	0.01307	0.01300	0.00930	0.00638	0.00529	0.00160	0.00575	0.00481	0.00529	0.00896

[dist]
# distance from previous block
# <min> <max>
0	130

# created by:
# /st0/software/busco_prod/Augustus/scripts/msa2prfl.pl ./align_prep/216147.fa
