[name]
unknown

[dist]
# distance from previous block
# <min> <max>
2	36

[block]
# block no. 0 follows, 47 sequences, length 17
# corresponding to MSA columns:
# 36-52
name=unknown_A
#
# <colnr> <probs for GDERKNQSTAVLIFYWHMCP>
#	G	D	E	R	K	N	Q	S	T	A	V	L	I	F	Y	W	H	M	C	P
0	0.80267	0.01000	0.00793	0.00700	0.01027	0.01143	0.00576	0.01593	0.00923	0.07042	0.00807	0.00903	0.00609	0.00493	0.00335	0.00161	0.00405	0.00297	0.00342	0.00584
1	0.01259	0.01218	0.02009	0.02827	0.62886	0.01310	0.01506	0.01529	0.01107	0.01611	0.00920	0.01259	0.00796	0.00554	0.00757	0.00169	0.16797	0.00462	0.00252	0.00773
2	0.60843	0.00980	0.00966	0.16812	0.01557	0.01130	0.00760	0.01581	0.00972	0.09034	0.00886	0.01039	0.00656	0.00505	0.00381	0.00164	0.00465	0.00340	0.00333	0.00596
3	0.01076	0.01022	0.01704	0.28939	0.18758	0.01038	0.11706	0.01389	0.01129	0.01561	0.03279	0.01663	0.04306	0.00546	0.00518	0.00152	0.00604	0.02666	0.00285	0.17659
4	0.01134	0.01080	0.01835	0.42274	0.40579	0.01197	0.01521	0.01463	0.01113	0.01514	0.00952	0.01339	0.00759	0.00493	0.00518	0.00164	0.00657	0.00463	0.00244	0.00700
5	0.01045	0.00989	0.01673	0.64849	0.18703	0.01173	0.01477	0.01385	0.01070	0.01405	0.00936	0.01368	0.00721	0.00509	0.00520	0.00170	0.00679	0.00463	0.00237	0.00628
6	0.01185	0.01033	0.01562	0.64445	0.03189	0.01249	0.01354	0.16551	0.01325	0.01725	0.00991	0.01361	0.00733	0.00542	0.00521	0.00170	0.00670	0.00464	0.00290	0.00641
7	0.01117	0.02499	0.68764	0.01524	0.02256	0.01200	0.08608	0.01690	0.01128	0.05008	0.00994	0.01156	0.00699	0.00496	0.00507	0.00166	0.00765	0.00412	0.00242	0.00769
8	0.01327	0.01176	0.01811	0.04725	0.49416	0.01252	0.01349	0.01848	0.16574	0.06074	0.01242	0.01438	0.00989	0.00565	0.00627	0.00167	0.07800	0.00492	0.00331	0.00798
9	0.01945	0.02482	0.01476	0.01342	0.01610	0.79608	0.01006	0.02079	0.01476	0.01275	0.00805	0.00939	0.00671	0.00537	0.00470	0.00134	0.00939	0.00335	0.00268	0.00604
10	0.00749	0.00540	0.00744	0.00744	0.00804	0.00600	0.00535	0.00870	0.00809	0.01140	0.01480	0.02518	0.01507	0.30900	0.52921	0.00722	0.01086	0.00627	0.00292	0.00413
11	0.00950	0.01048	0.08347	0.26270	0.15105	0.03097	0.04256	0.01228	0.01114	0.01450	0.02116	0.14427	0.16799	0.00839	0.00561	0.00175	0.00555	0.00745	0.00327	0.00591
12	0.01950	0.01048	0.06585	0.00981	0.01426	0.00818	0.03324	0.03807	0.01393	0.53766	0.01699	0.01563	0.01116	0.00575	0.00497	0.00145	0.00471	0.00473	0.00532	0.17832
13	0.02292	0.00957	0.01252	0.00960	0.01365	0.00871	0.00793	0.11726	0.01609	0.69455	0.01955	0.01708	0.01239	0.00642	0.00523	0.00161	0.00459	0.00517	0.00629	0.00886
14	0.01060	0.01022	0.01442	0.01260	0.01279	0.01404	0.01041	0.01188	0.00805	0.01244	0.00827	0.01322	0.00808	0.01516	0.17443	0.00351	0.64723	0.00476	0.00238	0.00549
15	0.56053	0.01018	0.00938	0.07963	0.01323	0.01166	0.00699	0.01750	0.16382	0.02178	0.01036	0.01130	0.00794	0.00526	0.00386	0.00161	0.00430	0.00362	0.00355	0.05350
16	0.65951	0.05567	0.02350	0.00749	0.01074	0.01189	0.00631	0.01632	0.07842	0.03591	0.02868	0.02911	0.00853	0.00546	0.00364	0.00161	0.00414	0.00360	0.00349	0.00598

[dist]
# distance from previous block
# <min> <max>
0	4

[block]
# block no. 1 follows, 47 sequences, length 29
# corresponding to MSA columns:
# 57-85
name=unknown_B
#
# <colnr> <probs for GDERKNQSTAVLIFYWHMCP>
#	G	D	E	R	K	N	Q	S	T	A	V	L	I	F	Y	W	H	M	C	P
0	0.03138	0.01086	0.07991	0.65616	0.06328	0.01149	0.01443	0.01421	0.01066	0.04508	0.00969	0.01362	0.00717	0.00520	0.00514	0.00171	0.00680	0.00454	0.00250	0.00616
1	0.00641	0.00458	0.00612	0.00733	0.00766	0.00429	0.00495	0.00737	0.01004	0.01337	0.02866	0.78801	0.03429	0.01625	0.00667	0.00212	0.00308	0.03969	0.00483	0.00425
2	0.01256	0.00920	0.01098	0.00793	0.01247	0.00704	0.00638	0.01483	0.01137	0.12489	0.01084	0.01177	0.00844	0.00422	0.00405	0.00089	0.00394	0.00339	0.00356	0.73126
3	0.01080	0.00926	0.01080	0.00771	0.01234	0.00694	0.00617	0.01311	0.01080	0.01697	0.00926	0.01080	0.00771	0.00386	0.00386	0.00077	0.00386	0.00309	0.00309	0.84882
4	0.01130	0.00924	0.01085	0.00778	0.01238	0.00697	0.00623	0.01360	0.01096	0.04781	0.00971	0.01108	0.00792	0.00396	0.00391	0.00080	0.00388	0.00317	0.00322	0.81522
5	0.01080	0.00926	0.01080	0.00771	0.01234	0.00694	0.00617	0.01311	0.01080	0.01697	0.00926	0.01080	0.00771	0.00386	0.00386	0.00077	0.00386	0.00309	0.00309	0.84882
6	0.01336	0.26871	0.01922	0.01618	0.24234	0.10011	0.01052	0.04068	0.08703	0.01657	0.12287	0.01550	0.01433	0.00583	0.00469	0.00142	0.00558	0.00473	0.00329	0.00704
7	0.01160	0.00935	0.01357	0.14417	0.01756	0.00918	0.09540	0.04815	0.08147	0.07710	0.03929	0.11009	0.01421	0.00764	0.02160	0.00167	0.01925	0.03444	0.00380	0.24049
8	0.03837	0.01360	0.01617	0.15596	0.15332	0.06001	0.01160	0.40946	0.04895	0.02474	0.01141	0.01281	0.00848	0.00573	0.00512	0.00159	0.00613	0.00459	0.00404	0.00793
9	0.01372	0.16204	0.22080	0.01694	0.11213	0.01475	0.19280	0.17057	0.01411	0.01919	0.00995	0.01178	0.00759	0.00496	0.00502	0.00155	0.00699	0.00447	0.00297	0.00766
10	0.00801	0.00620	0.00910	0.00839	0.01002	0.00561	0.08618	0.00980	0.01186	0.04806	0.17464	0.32704	0.20868	0.01249	0.00628	0.00186	0.00357	0.03484	0.00480	0.02255
11	0.01303	0.55065	0.19626	0.01059	0.01542	0.04737	0.01132	0.01568	0.01081	0.01338	0.00864	0.01134	0.00771	0.00519	0.00435	0.00134	0.03120	0.03659	0.00236	0.00677
12	0.02216	0.05618	0.01292	0.00927	0.01324	0.00863	0.00772	0.03926	0.03133	0.69426	0.03653	0.01758	0.01332	0.00643	0.00515	0.00159	0.00447	0.00519	0.00613	0.00863
13	0.00646	0.00484	0.00600	0.00666	0.00746	0.00438	0.00463	0.00772	0.01120	0.01471	0.15603	0.50190	0.21977	0.01464	0.00645	0.00195	0.00284	0.01300	0.00498	0.00438
14	0.01080	0.00926	0.01080	0.00771	0.01234	0.00694	0.00617	0.01311	0.01080	0.01697	0.00926	0.01080	0.00771	0.00386	0.00386	0.00077	0.00386	0.00309	0.00309	0.84882
15	0.01884	0.01321	0.01439	0.01120	0.01497	0.01443	0.00911	0.61532	0.05248	0.09314	0.01383	0.01494	0.01028	0.07105	0.00692	0.00185	0.00550	0.00501	0.00515	0.00838
16	0.01289	0.01233	0.02079	0.03116	0.75555	0.01240	0.01569	0.01642	0.04051	0.01719	0.01022	0.01313	0.00854	0.00473	0.00516	0.00155	0.00611	0.00469	0.00268	0.00825
17	0.00634	0.00453	0.00604	0.00725	0.00755	0.00423	0.00483	0.00725	0.00997	0.01329	0.02870	0.81358	0.03444	0.01632	0.00665	0.00211	0.00302	0.01480	0.00483	0.00423
18	0.00983	0.00926	0.01562	0.80447	0.03587	0.01157	0.01446	0.01331	0.01041	0.01331	0.00926	0.01388	0.00694	0.00521	0.00521	0.00174	0.00694	0.00463	0.00231	0.00579
19	0.01160	0.01104	0.01998	0.23598	0.26179	0.01141	0.20384	0.01490	0.01172	0.04529	0.03896	0.01722	0.06635	0.00571	0.00575	0.00169	0.02136	0.00567	0.00293	0.00685
20	0.00624	0.00492	0.00564	0.00621	0.00728	0.00432	0.00437	0.00737	0.01097	0.01370	0.04138	0.41113	0.42871	0.01467	0.00639	0.00193	0.00282	0.01279	0.00484	0.00432
21	0.00753	0.00565	0.00723	0.00806	0.00936	0.00535	0.00672	0.00947	0.01178	0.01492	0.03547	0.11876	0.26355	0.01418	0.00683	0.00218	0.00398	0.45955	0.00481	0.00462
22	0.05182	0.01623	0.14104	0.01374	0.07943	0.13092	0.03988	0.21271	0.01612	0.22760	0.01297	0.01312	0.00903	0.00570	0.00505	0.00156	0.00634	0.00447	0.00428	0.00799
23	0.00713	0.00506	0.00609	0.00632	0.00676	0.00503	0.00408	0.00776	0.00873	0.01154	0.02336	0.17913	0.12667	0.44020	0.13543	0.00455	0.00567	0.00909	0.00365	0.00375
24	0.01427	0.01215	0.01645	0.09140	0.11395	0.03329	0.11050	0.14917	0.28758	0.06133	0.01559	0.01733	0.01196	0.00629	0.00542	0.00170	0.00572	0.03382	0.00428	0.00779
25	0.13802	0.07205	0.06897	0.03114	0.06008	0.16433	0.02880	0.25413	0.06183	0.05650	0.01091	0.01167	0.00817	0.00556	0.00470	0.00152	0.00629	0.00410	0.00380	0.00743
26	0.04371	0.08734	0.01362	0.03089	0.08899	0.01096	0.00842	0.11316	0.08312	0.04075	0.07318	0.04366	0.05636	0.00684	0.00557	0.00146	0.05129	0.03043	0.00388	0.20634
27	0.11606	0.03708	0.01500	0.07054	0.01629	0.06790	0.10057	0.15428	0.04557	0.06578	0.05789	0.05338	0.01201	0.00737	0.02466	0.00180	0.08683	0.00525	0.00378	0.05798
28	0.09526	0.06515	0.02890	0.01272	0.11281	0.12107	0.02352	0.11849	0.05384	0.05315	0.01255	0.03887	0.02981	0.03196	0.02726	0.00170	0.00578	0.00460	0.00355	0.15901

[dist]
# distance from previous block
# <min> <max>
21	71

[block]
# block no. 2 follows, 47 sequences, length 21
# corresponding to MSA columns:
# 169-189
name=unknown_C
#
# <colnr> <probs for GDERKNQSTAVLIFYWHMCP>
#	G	D	E	R	K	N	Q	S	T	A	V	L	I	F	Y	W	H	M	C	P
0	0.06685	0.05163	0.05942	0.05033	0.43820	0.01176	0.01292	0.04021	0.02888	0.08303	0.03362	0.01347	0.00962	0.00505	0.00487	0.00149	0.00562	0.00449	0.00318	0.07535
1	0.09735	0.01220	0.03333	0.19309	0.33844	0.04806	0.03530	0.07428	0.01235	0.01795	0.02644	0.01289	0.00849	0.00502	0.00491	0.00154	0.00611	0.00442	0.00289	0.06492
2	0.01388	0.01370	0.01835	0.04145	0.52065	0.12470	0.01362	0.07668	0.03580	0.01748	0.01139	0.06748	0.01007	0.00576	0.00520	0.00157	0.00635	0.00519	0.00303	0.00765
3	0.08338	0.01231	0.01789	0.16251	0.42939	0.02968	0.01361	0.15440	0.01375	0.01971	0.00995	0.01255	0.00788	0.00507	0.00500	0.00158	0.00613	0.00447	0.00307	0.00766
4	0.01310	0.01277	0.02093	0.03137	0.75998	0.03738	0.01579	0.01614	0.01195	0.01688	0.00974	0.01278	0.00820	0.00466	0.00514	0.00154	0.00629	0.00460	0.00258	0.00818
5	0.03471	0.00903	0.01483	0.67727	0.06763	0.01099	0.01346	0.01298	0.01040	0.01378	0.01087	0.08139	0.00929	0.00611	0.00527	0.00176	0.00649	0.00544	0.00257	0.00576
6	0.01323	0.01231	0.02023	0.09230	0.65933	0.01263	0.01535	0.07937	0.01281	0.01805	0.00998	0.01294	0.00820	0.00482	0.00516	0.00156	0.00621	0.00464	0.00278	0.00810
7	0.04943	0.00952	0.01566	0.71022	0.08994	0.01163	0.01416	0.01360	0.01045	0.01405	0.00920	0.01356	0.00698	0.00515	0.00511	0.00172	0.00675	0.00454	0.00238	0.00596
8	0.12109	0.01478	0.06948	0.02099	0.38459	0.15998	0.01258	0.01728	0.01217	0.08213	0.01094	0.03667	0.00912	0.00552	0.00490	0.00156	0.00635	0.01945	0.00309	0.00732
9	0.02445	0.02756	0.18762	0.04325	0.13734	0.07545	0.22304	0.01787	0.06392	0.07640	0.01109	0.01315	0.00836	0.00533	0.00613	0.00168	0.06215	0.00486	0.00298	0.00735
10	0.01114	0.00990	0.12830	0.00866	0.01159	0.00725	0.00787	0.01484	0.07436	0.14721	0.33166	0.02888	0.05525	0.06364	0.00705	0.00187	0.00406	0.03324	0.00490	0.04833
11	0.08029	0.07888	0.16634	0.01586	0.18060	0.13709	0.02925	0.01708	0.08966	0.01701	0.07734	0.01615	0.02776	0.00608	0.00513	0.00158	0.01865	0.02514	0.00319	0.00693
12	0.01192	0.57557	0.07432	0.00893	0.01263	0.01620	0.00866	0.01371	0.01047	0.01278	0.01240	0.19659	0.01316	0.00726	0.00422	0.00138	0.00512	0.00566	0.00283	0.00618
13	0.00782	0.07107	0.00956	0.00978	0.07409	0.00690	0.00642	0.00896	0.01000	0.01339	0.02384	0.61575	0.02806	0.03620	0.00738	0.00208	0.04743	0.01222	0.00425	0.00482
14	0.01016	0.01115	0.07885	0.63349	0.03269	0.01202	0.06615	0.01374	0.01042	0.01374	0.00919	0.01349	0.00697	0.00540	0.00606	0.00177	0.06170	0.00466	0.00232	0.00602
15	0.00737	0.00499	0.00582	0.00598	0.00611	0.00491	0.00353	0.00768	0.00843	0.01132	0.07047	0.15387	0.02337	0.63931	0.02207	0.00437	0.00456	0.00881	0.00359	0.00344
16	0.05357	0.12923	0.24540	0.01521	0.08392	0.07901	0.14512	0.01794	0.01207	0.13968	0.01122	0.02570	0.00842	0.00522	0.00493	0.00156	0.00683	0.00449	0.00313	0.00738
17	0.03906	0.04711	0.22032	0.01210	0.04124	0.03009	0.02211	0.08753	0.14058	0.23657	0.03299	0.01663	0.01196	0.00627	0.00512	0.00164	0.00560	0.03073	0.00441	0.00793
18	0.01172	0.05003	0.14518	0.01522	0.19351	0.01035	0.01104	0.08486	0.08132	0.05788	0.04007	0.21805	0.02867	0.00858	0.00552	0.00173	0.00510	0.02030	0.00393	0.00694
19	0.06291	0.12238	0.15792	0.00921	0.01245	0.00975	0.00874	0.06428	0.01174	0.07611	0.03990	0.18749	0.06977	0.07744	0.00706	0.00198	0.00485	0.04838	0.00388	0.02376
20	0.06336	0.12156	0.17490	0.01561	0.16400	0.02484	0.08764	0.02720	0.01158	0.08953	0.01352	0.14786	0.01237	0.00684	0.00509	0.00162	0.00586	0.00601	0.00330	0.01730

[dist]
# distance from previous block
# <min> <max>
2	6

[block]
# block no. 3 follows, 47 sequences, length 19
# corresponding to MSA columns:
# 196-214
name=unknown_D
#
# <colnr> <probs for GDERKNQSTAVLIFYWHMCP>
#	G	D	E	R	K	N	Q	S	T	A	V	L	I	F	Y	W	H	M	C	P
0	0.19228	0.01114	0.01328	0.15656	0.01777	0.01222	0.03007	0.24558	0.01487	0.08387	0.03616	0.01300	0.00923	0.00575	0.00528	0.00157	0.04444	0.00434	0.00393	0.09867
1	0.05106	0.01149	0.03162	0.01226	0.07829	0.01189	0.03454	0.33710	0.06092	0.05835	0.10981	0.08026	0.06190	0.00782	0.00575	0.00167	0.02672	0.00645	0.00474	0.00735
2	0.05157	0.01241	0.01784	0.05249	0.45075	0.01308	0.01306	0.20448	0.07218	0.02137	0.01171	0.03492	0.00952	0.00557	0.00514	0.00159	0.00576	0.00494	0.00352	0.00808
3	0.01106	0.01018	0.01609	0.49346	0.20115	0.01175	0.01362	0.04752	0.07555	0.01573	0.01245	0.01567	0.04242	0.00563	0.00524	0.00169	0.00629	0.00502	0.00286	0.00662
4	0.08288	0.01129	0.01799	0.20675	0.48573	0.01203	0.01410	0.04826	0.01166	0.01712	0.00955	0.01283	0.00778	0.00532	0.00553	0.03064	0.00610	0.00448	0.00268	0.00728
5	0.01123	0.06660	0.53064	0.01774	0.11378	0.01277	0.14185	0.01641	0.01129	0.01635	0.00948	0.01158	0.00701	0.00479	0.00508	0.00163	0.00758	0.00426	0.00232	0.00760
6	0.01087	0.01020	0.01669	0.54297	0.22288	0.01189	0.01432	0.01519	0.07491	0.01495	0.01039	0.01410	0.00802	0.00522	0.00520	0.00169	0.00651	0.00474	0.00263	0.00661
7	0.01141	0.01054	0.01785	0.32186	0.43629	0.01141	0.01445	0.01420	0.01089	0.01494	0.00953	0.01351	0.00782	0.00598	0.00645	0.07265	0.00633	0.00463	0.00245	0.00682
8	0.01289	0.01237	0.02114	0.03196	0.78450	0.01237	0.01598	0.01598	0.01186	0.01701	0.00980	0.01289	0.00825	0.00464	0.00516	0.00155	0.00619	0.00464	0.00258	0.00825
9	0.01270	0.01461	0.13841	0.06354	0.43666	0.01248	0.11600	0.07883	0.01278	0.01798	0.01069	0.01449	0.00875	0.00518	0.00534	0.00163	0.00671	0.03261	0.00282	0.00780
10	0.00802	0.00642	0.00955	0.09929	0.01236	0.00770	0.00751	0.00982	0.00857	0.01216	0.01357	0.05131	0.01309	0.09113	0.54904	0.00659	0.08042	0.00590	0.00280	0.00474
11	0.00687	0.00496	0.00697	0.03726	0.00887	0.00478	0.02084	0.00774	0.00985	0.01316	0.04974	0.64840	0.03086	0.06012	0.00854	0.05590	0.00348	0.01302	0.00447	0.00418
12	0.01272	0.13427	0.48906	0.01508	0.07846	0.09371	0.03451	0.01721	0.01161	0.05335	0.00953	0.01101	0.00709	0.00496	0.00476	0.00154	0.00733	0.00384	0.00250	0.00747
13	0.01723	0.01689	0.34045	0.01179	0.01731	0.01019	0.01267	0.08467	0.01407	0.37998	0.03303	0.01494	0.01074	0.00590	0.00513	0.00162	0.00587	0.00470	0.00453	0.00828
14	0.01166	0.01099	0.01858	0.25938	0.50631	0.01167	0.01498	0.01481	0.01144	0.01581	0.01093	0.01652	0.00944	0.00552	0.00532	0.00166	0.00631	0.05876	0.00266	0.00727
15	0.01288	0.01254	0.02057	0.08334	0.71080	0.03615	0.01570	0.01595	0.01185	0.01663	0.00971	0.01285	0.00811	0.00470	0.00515	0.00155	0.00633	0.00460	0.00256	0.00802
16	0.01314	0.01400	0.05371	0.02727	0.57300	0.08883	0.06260	0.01619	0.01205	0.01638	0.01043	0.01470	0.00901	0.00528	0.00554	0.00160	0.02565	0.04025	0.00267	0.00771
17	0.01270	0.01218	0.02080	0.07971	0.73823	0.01232	0.01589	0.01582	0.01177	0.01678	0.00976	0.01295	0.00817	0.00468	0.00516	0.00156	0.00623	0.00464	0.00256	0.00810
18	0.01199	0.01170	0.01633	0.14114	0.22084	0.05884	0.01236	0.04964	0.01080	0.01491	0.01097	0.05431	0.03434	0.00747	0.00989	0.00189	0.31815	0.00526	0.00274	0.00644

[dist]
# distance from previous block
# <min> <max>
8	13

[block]
# block no. 4 follows, 47 sequences, length 23
# corresponding to MSA columns:
# 229-251
name=unknown_E
#
# <colnr> <probs for GDERKNQSTAVLIFYWHMCP>
#	G	D	E	R	K	N	Q	S	T	A	V	L	I	F	Y	W	H	M	C	P
0	0.01453	0.40124	0.17149	0.01225	0.01710	0.14639	0.09383	0.01730	0.01179	0.05740	0.00889	0.01019	0.00715	0.00481	0.00429	0.00135	0.00690	0.00359	0.00258	0.00693
1	0.00777	0.00559	0.00738	0.00706	0.00747	0.00550	0.04964	0.00827	0.00837	0.01116	0.01804	0.12005	0.02060	0.63456	0.02200	0.00438	0.00504	0.05013	0.00340	0.00360
2	0.01109	0.00998	0.01109	0.00834	0.01241	0.05183	0.00664	0.01327	0.01073	0.01621	0.00940	0.01139	0.00797	0.00653	0.05751	0.00138	0.04035	0.00333	0.00301	0.70755
3	0.49987	0.01109	0.04375	0.05188	0.22499	0.01150	0.00942	0.01514	0.01018	0.02072	0.05182	0.01176	0.00891	0.00513	0.00408	0.00160	0.00482	0.00382	0.00310	0.00641
4	0.01064	0.01022	0.01634	0.38017	0.02461	0.01301	0.07481	0.01321	0.00964	0.01366	0.00889	0.01326	0.00738	0.00672	0.00985	0.00192	0.32079	0.00474	0.05435	0.00580
5	0.01080	0.10902	0.71107	0.01423	0.02159	0.01298	0.01817	0.01640	0.01095	0.01605	0.00913	0.01072	0.00661	0.00490	0.00478	0.00159	0.00748	0.00374	0.00220	0.00759
6	0.01388	0.11358	0.18562	0.02038	0.22594	0.02877	0.14018	0.01668	0.01249	0.01755	0.04485	0.03387	0.01169	0.00704	0.00737	0.00202	0.10113	0.00554	0.00331	0.00812
7	0.00652	0.00529	0.00578	0.00566	0.00726	0.00455	0.00424	0.00817	0.01272	0.01610	0.26963	0.04678	0.56424	0.01243	0.00615	0.00172	0.00258	0.01052	0.00510	0.00455
8	0.01272	0.01286	0.07898	0.13152	0.54224	0.01209	0.01517	0.01683	0.06279	0.04838	0.01089	0.01351	0.00865	0.00498	0.00516	0.00160	0.00619	0.00468	0.00285	0.00790
9	0.00757	0.00505	0.00568	0.00568	0.00568	0.00505	0.00316	0.00757	0.00757	0.01010	0.01641	0.03408	0.01893	0.81698	0.02651	0.00505	0.00505	0.00757	0.00316	0.00316
10	0.85377	0.01007	0.00765	0.00685	0.01007	0.01168	0.00564	0.01531	0.00886	0.02336	0.00725	0.00846	0.00564	0.00483	0.00322	0.00161	0.00403	0.00282	0.00322	0.00564
11	0.01227	0.44250	0.39040	0.01173	0.01773	0.01655	0.01383	0.01602	0.01078	0.01427	0.00824	0.00961	0.00664	0.00469	0.00411	0.00137	0.00658	0.00329	0.00221	0.00717
12	0.00713	0.00531	0.00662	0.00629	0.00763	0.00481	0.00472	0.00935	0.01416	0.01951	0.63472	0.04116	0.19702	0.01116	0.00614	0.00166	0.00249	0.00974	0.00555	0.00481
13	0.00840	0.00556	0.00725	0.00669	0.00812	0.00508	0.00507	0.01079	0.01466	0.07199	0.70657	0.03786	0.07110	0.01045	0.00608	0.00164	0.00259	0.00919	0.00575	0.00516
14	0.01158	0.06601	0.30749	0.01867	0.07295	0.01285	0.36503	0.01624	0.01167	0.01632	0.01061	0.01449	0.00835	0.00506	0.00552	0.00169	0.00785	0.03784	0.00254	0.00723
15	0.05869	0.00891	0.01190	0.00916	0.01316	0.00783	0.00757	0.02495	0.01465	0.75557	0.01998	0.01733	0.01258	0.00638	0.00515	0.00161	0.00441	0.00513	0.00631	0.00873
16	0.01080	0.00926	0.01080	0.00771	0.01234	0.00694	0.00617	0.01311	0.01080	0.01697	0.00926	0.01080	0.00771	0.00386	0.00386	0.00077	0.00386	0.00309	0.00309	0.84882
17	0.01054	0.00899	0.01053	0.00769	0.01207	0.00679	0.00609	0.01278	0.01075	0.01676	0.01036	0.05656	0.00924	0.00457	0.00402	0.00085	0.00381	0.00375	0.00319	0.80068
18	0.01274	0.01325	0.06753	0.03093	0.73852	0.01236	0.01618	0.01601	0.01181	0.01698	0.00977	0.01277	0.00815	0.00466	0.00514	0.00155	0.00628	0.00459	0.00255	0.00822
19	0.00634	0.00453	0.00604	0.00725	0.00755	0.00423	0.00483	0.00725	0.00997	0.01329	0.02870	0.81358	0.03444	0.01632	0.00665	0.00211	0.00302	0.01480	0.00483	0.00423
20	0.01461	0.01013	0.01138	0.00934	0.01236	0.02389	0.00745	0.27430	0.09407	0.12219	0.22474	0.04749	0.05337	0.00797	0.00546	0.00158	0.00424	0.00661	0.00530	0.06355
21	0.02613	0.00740	0.00890	0.06081	0.01099	0.02162	0.00605	0.04716	0.06290	0.16707	0.17622	0.05432	0.05507	0.25871	0.01205	0.00272	0.00438	0.00729	0.00463	0.00558
22	0.00944	0.00798	0.00889	0.00746	0.01020	0.04006	0.00568	0.02832	0.01220	0.01728	0.21445	0.13232	0.08495	0.02413	0.00553	0.00139	0.00359	0.00711	0.00418	0.37486

[dist]
# distance from previous block
# <min> <max>
5	16

[block]
# block no. 5 follows, 47 sequences, length 34
# corresponding to MSA columns:
# 269-302
name=unknown_F
#
# <colnr> <probs for GDERKNQSTAVLIFYWHMCP>
#	G	D	E	R	K	N	Q	S	T	A	V	L	I	F	Y	W	H	M	C	P
0	0.05095	0.40783	0.03499	0.00976	0.01354	0.12913	0.00875	0.11852	0.01372	0.05849	0.09788	0.01314	0.01215	0.00568	0.00424	0.00133	0.00570	0.00404	0.00337	0.00678
1	0.02135	0.00838	0.01140	0.00898	0.01261	0.00727	0.00732	0.02331	0.01456	0.69432	0.06197	0.07288	0.01630	0.00734	0.00538	0.00165	0.00423	0.00611	0.00630	0.00834
2	0.01788	0.01451	0.06725	0.01167	0.01570	0.01482	0.00998	0.62948	0.04632	0.02960	0.01336	0.04424	0.01036	0.04277	0.00620	0.00175	0.00568	0.00519	0.00490	0.00833
3	0.01218	0.01212	0.02001	0.14976	0.19377	0.05104	0.21904	0.01605	0.06340	0.03357	0.05246	0.03073	0.01103	0.00601	0.00697	0.00175	0.10474	0.00553	0.00301	0.00684
4	0.01055	0.02621	0.74743	0.01524	0.02280	0.01215	0.06108	0.01650	0.01107	0.01650	0.00941	0.01117	0.00667	0.00492	0.00501	0.00166	0.00776	0.00398	0.00222	0.00766
5	0.00970	0.00898	0.01501	0.74091	0.03380	0.01110	0.01391	0.01308	0.01060	0.01360	0.02624	0.01706	0.00918	0.00586	0.00534	0.00177	0.00672	0.04889	0.00253	0.00571
6	0.00725	0.00579	0.00829	0.06252	0.03134	0.00568	0.03332	0.00878	0.01081	0.01427	0.07971	0.48714	0.13293	0.01374	0.00663	0.00200	0.01944	0.06114	0.00453	0.00468
7	0.00983	0.00926	0.01562	0.80447	0.03587	0.01157	0.01446	0.01331	0.01041	0.01331	0.00926	0.01388	0.00694	0.00521	0.00521	0.00174	0.00694	0.00463	0.00231	0.00579
8	0.00725	0.00556	0.00797	0.01026	0.10035	0.00530	0.00630	0.00853	0.01047	0.01414	0.05735	0.65736	0.03175	0.01462	0.00647	0.00204	0.00344	0.04149	0.00460	0.00476
9	0.01178	0.01746	0.24494	0.08215	0.08810	0.03059	0.41512	0.01640	0.01179	0.01630	0.00998	0.01296	0.00745	0.00466	0.00562	0.00170	0.00813	0.00518	0.00248	0.00720
10	0.02155	0.00860	0.01160	0.00905	0.01279	0.00756	0.00742	0.02400	0.03839	0.69284	0.09158	0.01975	0.01637	0.00686	0.00532	0.00162	0.00424	0.00565	0.00634	0.00848
11	0.00653	0.00529	0.00579	0.00567	0.00726	0.00455	0.00425	0.00819	0.01275	0.01616	0.27608	0.04668	0.55775	0.01241	0.00615	0.00172	0.00258	0.01051	0.00511	0.00455
12	0.01107	0.11445	0.68495	0.01415	0.02135	0.03410	0.01785	0.01651	0.01105	0.01592	0.00908	0.01066	0.00661	0.00490	0.00476	0.00158	0.00751	0.00372	0.00222	0.00754
13	0.04051	0.02946	0.06020	0.01111	0.04411	0.10551	0.00910	0.07480	0.01497	0.53063	0.01678	0.01534	0.01100	0.00606	0.00506	0.00156	0.00541	0.00475	0.00533	0.00830
14	0.00744	0.00558	0.00837	0.00837	0.00930	0.00651	0.00651	0.00930	0.00837	0.01209	0.01395	0.02046	0.01302	0.03906	0.79635	0.00837	0.01395	0.00558	0.00279	0.00465
15	0.00983	0.00926	0.01562	0.80447	0.03587	0.01157	0.01446	0.01331	0.01041	0.01331	0.00926	0.01388	0.00694	0.00521	0.00521	0.00174	0.00694	0.00463	0.00231	0.00579
16	0.01622	0.03915	0.05693	0.01593	0.06980	0.34442	0.16999	0.13536	0.01509	0.01737	0.01076	0.01450	0.00897	0.00582	0.00526	0.00156	0.00798	0.05489	0.00317	0.00685
17	0.00999	0.00943	0.01577	0.58720	0.08223	0.01098	0.06320	0.02961	0.01112	0.01430	0.01464	0.01812	0.09962	0.00609	0.00538	0.00172	0.00647	0.00549	0.00272	0.00594
18	0.01232	0.01201	0.01976	0.22440	0.55793	0.03642	0.03082	0.01548	0.01160	0.01595	0.00962	0.01305	0.00787	0.00480	0.00517	0.00159	0.00653	0.00463	0.00252	0.00754
19	0.66568	0.06566	0.01039	0.04796	0.04927	0.04225	0.00701	0.01567	0.00955	0.03686	0.00777	0.00916	0.00609	0.00487	0.00352	0.00157	0.00459	0.00306	0.00312	0.00592
20	0.00979	0.00538	0.00749	0.00725	0.00761	0.00555	0.00499	0.04553	0.04907	0.01091	0.00987	0.01586	0.00941	0.01691	0.01879	0.76094	0.00456	0.00460	0.00257	0.00291
21	0.01525	0.05191	0.01488	0.02825	0.05661	0.04485	0.06027	0.14827	0.33006	0.11849	0.03722	0.01780	0.03931	0.00660	0.00525	0.00165	0.00511	0.00553	0.00478	0.00791
22	0.01945	0.01517	0.05978	0.01203	0.01636	0.02941	0.01032	0.67113	0.02303	0.07191	0.01267	0.01264	0.00890	0.00617	0.00519	0.00157	0.00584	0.00465	0.00506	0.00874
23	0.05546	0.00957	0.01604	0.71760	0.03399	0.01167	0.05610	0.01360	0.01043	0.01404	0.00922	0.01360	0.00693	0.00514	0.00515	0.00173	0.00689	0.00462	0.00238	0.00585
24	0.01031	0.00873	0.01027	0.00766	0.01181	0.00664	0.00602	0.01247	0.01071	0.01656	0.01140	0.09950	0.01067	0.00523	0.00416	0.00092	0.00376	0.00438	0.00328	0.75549
25	0.80701	0.01032	0.00810	0.00714	0.01041	0.01193	0.00588	0.05746	0.00974	0.02390	0.00755	0.00869	0.00582	0.00491	0.00333	0.00161	0.00412	0.00292	0.00333	0.00582
26	0.01037	0.00874	0.00962	0.05134	0.01172	0.07864	0.03539	0.09053	0.03689	0.04678	0.12878	0.18908	0.21922	0.05059	0.00691	0.00191	0.00433	0.00912	0.00457	0.00545
27	0.05758	0.01244	0.02274	0.07194	0.07840	0.01315	0.38089	0.02782	0.01115	0.03064	0.00954	0.01292	0.00760	0.00558	0.00814	0.00179	0.18652	0.00519	0.00270	0.05328
28	0.00682	0.00542	0.00765	0.02441	0.00921	0.00503	0.05359	0.00804	0.01040	0.01351	0.03147	0.54986	0.18530	0.05428	0.00747	0.00216	0.00349	0.01289	0.00456	0.00442
29	0.01139	0.06444	0.01203	0.00804	0.01246	0.00833	0.00654	0.05971	0.01160	0.01749	0.01007	0.04186	0.00875	0.00453	0.00401	0.00090	0.00406	0.00362	0.00323	0.70694
30	0.01452	0.01243	0.01286	0.01032	0.01396	0.10834	0.03523	0.17111	0.16319	0.06269	0.07182	0.01604	0.02815	0.00601	0.00489	0.00136	0.00506	0.00485	0.00430	0.25286
31	0.05151	0.00823	0.00877	0.00805	0.01028	0.06000	0.00613	0.02383	0.05466	0.03389	0.14094	0.23680	0.05609	0.00989	0.00547	0.00160	0.00387	0.06352	0.00439	0.21210
32	0.02848	0.05959	0.02851	0.00859	0.02034	0.00805	0.02286	0.03515	0.09623	0.13916	0.18898	0.13992	0.12331	0.02060	0.00588	0.00172	0.00381	0.02128	0.00491	0.04263
33	0.05889	0.01263	0.14372	0.01022	0.01377	0.02708	0.00934	0.06903	0.25489	0.03976	0.03690	0.09094	0.05590	0.00802	0.00531	0.00170	0.00478	0.06944	0.00432	0.08335

[dist]
# distance from previous block
# <min> <max>
0	7

# created by:
# /st0/software/busco_prod/Augustus/scripts/msa2prfl.pl ./align_prep/216356.fa
