[name]
unknown

[dist]
# distance from previous block
# <min> <max>
44	137

[block]
# block no. 0 follows, 45 sequences, length 14
# corresponding to MSA columns:
# 185-198
name=unknown_A
#
# <colnr> <probs for GDERKNQSTAVLIFYWHMCP>
#	G	D	E	R	K	N	Q	S	T	A	V	L	I	F	Y	W	H	M	C	P
0	0.01807	0.01249	0.01371	0.01099	0.01454	0.01360	0.00880	0.43422	0.17359	0.12558	0.01622	0.01746	0.01228	0.09413	0.00778	0.00205	0.00532	0.00548	0.00532	0.00836
1	0.05349	0.01401	0.01431	0.01196	0.03025	0.05643	0.00944	0.43771	0.23845	0.02824	0.01510	0.01484	0.01111	0.00654	0.00523	0.00165	0.00545	0.00504	0.03226	0.00850
2	0.01321	0.01245	0.01973	0.04488	0.55105	0.01291	0.04233	0.01930	0.19205	0.01861	0.01291	0.01496	0.01033	0.00538	0.00539	0.00166	0.00599	0.00515	0.00332	0.00840
3	0.00671	0.00486	0.00627	0.00715	0.00770	0.00450	0.00485	0.00785	0.01098	0.01466	0.12753	0.61504	0.09961	0.04611	0.00752	0.00220	0.00309	0.01392	0.00504	0.00442
4	0.01951	0.01237	0.01467	0.01279	0.08078	0.01295	0.00948	0.43431	0.01989	0.22224	0.01516	0.01646	0.01115	0.08421	0.00750	0.00197	0.00554	0.00526	0.00526	0.00851
5	0.01213	0.01007	0.01159	0.00887	0.01304	0.00895	0.00708	0.09625	0.11027	0.01947	0.01191	0.01333	0.00964	0.00781	0.07240	0.00169	0.00512	0.00396	0.00369	0.57273
6	0.01142	0.01026	0.01388	0.01032	0.01478	0.00868	0.11056	0.01561	0.10418	0.01790	0.01209	0.04693	0.01020	0.00501	0.00461	0.00112	0.00467	0.00449	0.00347	0.58980
7	0.01239	0.01213	0.07995	0.01230	0.11292	0.00937	0.00925	0.09533	0.01282	0.01923	0.00998	0.01162	0.00805	0.00445	0.00440	0.00107	0.00484	0.00364	0.00327	0.57300
8	0.01102	0.01375	0.19475	0.00978	0.01506	0.00849	0.00958	0.03115	0.01146	0.01755	0.01068	0.05240	0.00913	0.00496	0.00442	0.00110	0.00492	0.00403	0.00311	0.58267
9	0.01133	0.04079	0.10501	0.11105	0.01702	0.00885	0.00919	0.01425	0.01120	0.04083	0.01053	0.03912	0.00879	0.00484	0.00441	0.00112	0.00491	0.00395	0.00311	0.54970
10	0.01148	0.00945	0.01107	0.00965	0.05155	0.00848	0.00708	0.11975	0.05965	0.01926	0.01944	0.11517	0.11796	0.00747	0.00501	0.00133	0.00411	0.00628	0.00408	0.41173
11	0.01324	0.04094	0.07911	0.00966	0.01380	0.01011	0.00836	0.20211	0.01462	0.04485	0.01364	0.12036	0.01238	0.03276	0.00560	0.00145	0.00481	0.00551	0.00398	0.36268
12	0.10338	0.09255	0.11702	0.00977	0.01401	0.03769	0.00900	0.08038	0.04039	0.03207	0.01116	0.03195	0.00932	0.00974	0.10588	0.00224	0.00641	0.00416	0.00331	0.27958
13	0.01360	0.04781	0.01544	0.04069	0.01603	0.01112	0.10437	0.21845	0.02621	0.03506	0.04238	0.10270	0.01315	0.00660	0.00515	0.00142	0.00522	0.00577	0.00405	0.28480

[dist]
# distance from previous block
# <min> <max>
8	28

[block]
# block no. 1 follows, 45 sequences, length 57
# corresponding to MSA columns:
# 227-283
name=unknown_B
#
# <colnr> <probs for GDERKNQSTAVLIFYWHMCP>
#	G	D	E	R	K	N	Q	S	T	A	V	L	I	F	Y	W	H	M	C	P
0	0.12531	0.15892	0.24097	0.03017	0.04791	0.06258	0.03444	0.08948	0.01258	0.01851	0.02355	0.02783	0.00861	0.00557	0.00501	0.00154	0.03191	0.00414	0.01729	0.05368
1	0.10206	0.10230	0.23481	0.01268	0.06743	0.02946	0.01185	0.08893	0.02765	0.12339	0.01257	0.06464	0.01011	0.00616	0.00505	0.00158	0.01906	0.00480	0.00363	0.07184
2	0.01517	0.09862	0.21708	0.02626	0.05212	0.06899	0.02842	0.16622	0.06792	0.08747	0.03260	0.01343	0.00994	0.00566	0.00498	0.00152	0.00629	0.00445	0.00375	0.08911
3	0.09192	0.07762	0.05404	0.04270	0.02913	0.01168	0.03320	0.13761	0.10787	0.08432	0.01553	0.05238	0.01335	0.00722	0.00517	0.00164	0.00516	0.09914	0.00424	0.12605
4	0.01431	0.09131	0.03743	0.07292	0.09864	0.02334	0.13755	0.09608	0.07475	0.11459	0.02879	0.08246	0.01249	0.00647	0.00535	0.00161	0.00589	0.00584	0.00393	0.08626
5	0.05284	0.02457	0.07485	0.09671	0.19347	0.02843	0.02805	0.11014	0.05473	0.03930	0.07602	0.01597	0.02679	0.00591	0.00530	0.00153	0.01801	0.00498	0.00362	0.13879
6	0.02695	0.05154	0.12980	0.15451	0.06086	0.03177	0.13787	0.07978	0.04612	0.07438	0.07451	0.02970	0.02727	0.00613	0.00541	0.00166	0.00640	0.00550	0.00357	0.04628
7	0.01216	0.03953	0.15128	0.03162	0.01521	0.05685	0.03039	0.08517	0.11824	0.03881	0.12240	0.02159	0.10686	0.00721	0.00529	0.00154	0.00520	0.00594	0.00413	0.14057
8	0.03425	0.18971	0.42369	0.01361	0.05180	0.03281	0.02849	0.02989	0.01148	0.01610	0.01170	0.11100	0.01055	0.00647	0.00495	0.00163	0.00672	0.00521	0.00274	0.00720
9	0.00853	0.00769	0.05791	0.00722	0.00799	0.04208	0.00513	0.00926	0.00853	0.01128	0.01596	0.04507	0.01764	0.61066	0.11890	0.00516	0.00669	0.00724	0.00315	0.00391
10	0.11638	0.01022	0.01586	0.59096	0.09066	0.01223	0.03011	0.04358	0.01126	0.01619	0.00949	0.01348	0.00719	0.00530	0.00513	0.00175	0.00671	0.00457	0.00265	0.00630
11	0.01240	0.14867	0.17147	0.01823	0.02367	0.01448	0.44511	0.01660	0.01204	0.01638	0.03287	0.01359	0.00892	0.00502	0.00605	0.00170	0.03761	0.00536	0.00264	0.00720
12	0.01178	0.03364	0.24383	0.02017	0.30437	0.01146	0.03846	0.01557	0.01154	0.01698	0.01054	0.04507	0.00892	0.00531	0.00534	0.00150	0.02612	0.00465	0.00273	0.18202
13	0.82886	0.01035	0.00800	0.00712	0.01046	0.01194	0.00586	0.01604	0.00929	0.04282	0.00781	0.00896	0.00600	0.00502	0.00337	0.00166	0.00416	0.00297	0.00340	0.00590
14	0.01314	0.01261	0.02153	0.06829	0.74366	0.01272	0.01640	0.01635	0.01215	0.01736	0.01007	0.01333	0.00844	0.00481	0.00532	0.00160	0.00641	0.00478	0.00264	0.00839
15	0.00667	0.00545	0.00589	0.00578	0.00745	0.00467	0.00434	0.00834	0.01301	0.01634	0.24257	0.04864	0.58635	0.01291	0.00634	0.00178	0.00267	0.01091	0.00523	0.00467
16	0.00781	0.00520	0.00585	0.00585	0.00585	0.00520	0.00325	0.00781	0.00781	0.01041	0.01691	0.03513	0.01952	0.81135	0.02732	0.00520	0.00520	0.00781	0.00325	0.00325
17	0.00732	0.00548	0.00678	0.00646	0.00785	0.00494	0.00484	0.00958	0.01453	0.01994	0.61268	0.04270	0.21399	0.01156	0.00633	0.00172	0.00257	0.01007	0.00570	0.00494
18	0.84927	0.01038	0.00789	0.00706	0.01038	0.01204	0.00581	0.01578	0.00914	0.02408	0.00747	0.00872	0.00581	0.00498	0.00332	0.00166	0.00415	0.00291	0.00332	0.00581
19	0.02005	0.02558	0.01521	0.01383	0.01659	0.78980	0.01037	0.02143	0.01521	0.01314	0.00830	0.00968	0.00691	0.00553	0.00484	0.00138	0.00968	0.00346	0.00277	0.00622
20	0.00653	0.00469	0.00620	0.00741	0.00777	0.00437	0.00496	0.00748	0.01034	0.01373	0.03033	0.78514	0.05773	0.01672	0.00684	0.00217	0.00310	0.01514	0.00498	0.00437
21	0.01113	0.00954	0.01113	0.00795	0.01272	0.00716	0.00636	0.01352	0.01113	0.01749	0.00954	0.01113	0.00795	0.00398	0.00398	0.00080	0.00398	0.00318	0.00318	0.84417
22	0.02500	0.01092	0.01045	0.01032	0.03452	0.15583	0.00742	0.04851	0.11778	0.07279	0.02030	0.29901	0.03351	0.01281	0.05811	0.03533	0.00568	0.00861	0.00438	0.02869
23	0.00967	0.00579	0.00863	0.04694	0.00937	0.00650	0.00606	0.00807	0.00733	0.00999	0.00905	0.01564	0.00893	0.01683	0.01979	0.69644	0.10501	0.00467	0.00234	0.00296
24	0.00901	0.00590	0.00681	0.00640	0.00832	0.00509	0.00486	0.01070	0.01320	0.11849	0.21029	0.08985	0.46676	0.01227	0.00625	0.00179	0.00295	0.01041	0.00541	0.00526
25	0.01255	0.01301	0.06593	0.17290	0.56539	0.01261	0.01607	0.01647	0.04159	0.01699	0.01043	0.01362	0.00846	0.00501	0.00532	0.00165	0.00653	0.00478	0.00269	0.00800
26	0.01296	0.01324	0.05658	0.08261	0.69418	0.01269	0.01653	0.01632	0.01208	0.01726	0.01004	0.01326	0.00834	0.00484	0.00531	0.00161	0.00650	0.00474	0.00262	0.00831
27	0.01583	0.01584	0.04976	0.02409	0.06294	0.24494	0.01003	0.06204	0.01343	0.10073	0.02645	0.01319	0.02310	0.00609	0.00665	0.00148	0.11868	0.00426	0.00345	0.19701
28	0.01137	0.15328	0.59993	0.01476	0.03564	0.01375	0.04732	0.01663	0.01131	0.01624	0.00979	0.02896	0.00755	0.00525	0.00493	0.00162	0.00749	0.00415	0.00236	0.00767
29	0.00707	0.00532	0.00634	0.00634	0.00750	0.00481	0.00454	0.00872	0.01273	0.01694	0.35555	0.15441	0.27313	0.10208	0.00876	0.00219	0.00297	0.01081	0.00519	0.00459
30	0.01809	0.01324	0.13867	0.06011	0.06774	0.01058	0.04501	0.09326	0.06736	0.36927	0.01672	0.01726	0.01164	0.02405	0.00591	0.00178	0.00572	0.02031	0.00493	0.00836
31	0.01140	0.16765	0.64924	0.01421	0.02155	0.01403	0.01794	0.01683	0.01126	0.01622	0.00925	0.01085	0.00682	0.00501	0.00481	0.00160	0.00754	0.00377	0.00227	0.00775
32	0.00775	0.00520	0.00595	0.00600	0.00604	0.00522	0.00342	0.00785	0.00793	0.01060	0.01733	0.06506	0.01996	0.75693	0.04947	0.00519	0.00540	0.00804	0.00331	0.00334
33	0.00781	0.00520	0.00585	0.00585	0.00585	0.00520	0.00325	0.00781	0.00781	0.01041	0.01691	0.03513	0.01952	0.81135	0.02732	0.00520	0.00520	0.00781	0.00325	0.00325
34	0.01097	0.01020	0.01703	0.70020	0.03510	0.01234	0.05908	0.06313	0.01181	0.01525	0.00984	0.01423	0.00734	0.00539	0.00542	0.00178	0.00719	0.00487	0.00260	0.00625
35	0.01237	0.01394	0.03021	0.02167	0.02686	0.01307	0.71330	0.01677	0.01282	0.01745	0.05658	0.01601	0.01069	0.00491	0.00633	0.00180	0.00866	0.00654	0.00291	0.00711
36	0.00791	0.00520	0.00579	0.00579	0.00592	0.00517	0.00331	0.00811	0.00817	0.01116	0.01808	0.03463	0.04189	0.73426	0.02514	0.00484	0.00495	0.00773	0.05855	0.00341
37	0.84927	0.01038	0.00789	0.00706	0.01038	0.01204	0.00581	0.01578	0.00914	0.02408	0.00747	0.00872	0.00581	0.00498	0.00332	0.00166	0.00415	0.00291	0.00332	0.00581
38	0.01283	0.00983	0.01155	0.00836	0.01304	0.00779	0.00673	0.05930	0.01235	0.08585	0.01077	0.01187	0.00849	0.00436	0.00418	0.00092	0.00414	0.00347	0.00362	0.72057
39	0.00659	0.00532	0.00586	0.00599	0.00747	0.00459	0.00439	0.00808	0.01242	0.01556	0.17265	0.17341	0.53153	0.01368	0.00642	0.00185	0.00275	0.01170	0.00514	0.00459
40	0.01222	0.05470	0.17166	0.17492	0.41035	0.01299	0.04018	0.01627	0.02553	0.01653	0.01001	0.01303	0.00796	0.00499	0.00523	0.00164	0.00685	0.00460	0.00256	0.00778
41	0.01737	0.15624	0.01904	0.01731	0.20177	0.31455	0.01153	0.13144	0.03541	0.03242	0.00990	0.01131	0.00801	0.00539	0.00482	0.00145	0.00738	0.00400	0.00320	0.00745
42	0.00796	0.00558	0.00720	0.00674	0.00812	0.00511	0.00508	0.01040	0.01500	0.04140	0.70734	0.04028	0.09745	0.01103	0.00631	0.00170	0.00260	0.00970	0.00587	0.00514
43	0.00724	0.00966	0.15271	0.00736	0.01031	0.00606	0.00710	0.00958	0.01220	0.01530	0.07954	0.04349	0.59641	0.01187	0.00611	0.00179	0.00370	0.00986	0.00451	0.00520
44	0.00722	0.00515	0.00664	0.00752	0.00802	0.00493	0.00508	0.03718	0.01094	0.01465	0.06346	0.68925	0.03413	0.06852	0.00812	0.00233	0.00333	0.01410	0.00493	0.00451
45	0.00653	0.00545	0.00570	0.00564	0.00737	0.00461	0.00423	0.00807	0.01268	0.01557	0.16388	0.04990	0.66552	0.01320	0.00634	0.00179	0.00269	0.01108	0.00513	0.00461
46	0.01225	0.01169	0.01991	0.28541	0.53352	0.01248	0.01596	0.01556	0.01173	0.01628	0.00991	0.01362	0.00806	0.00498	0.00533	0.00166	0.00663	0.00478	0.00257	0.00767
47	0.58083	0.08276	0.01116	0.03901	0.01257	0.01264	0.00703	0.06612	0.01122	0.12041	0.00967	0.01043	0.00714	0.00527	0.00381	0.00162	0.00458	0.00342	0.00375	0.00656
48	0.01169	0.01174	0.01554	0.01349	0.01372	0.05110	0.01114	0.01295	0.00859	0.01288	0.00789	0.01265	0.00773	0.01254	0.10013	0.00298	0.68029	0.00475	0.00242	0.00577
49	0.02940	0.22934	0.07735	0.01240	0.01555	0.26202	0.01087	0.05232	0.06229	0.01500	0.00900	0.01078	0.00764	0.00623	0.00727	0.00160	0.17756	0.00383	0.00282	0.00673
50	0.05268	0.37585	0.24751	0.01198	0.01718	0.09078	0.03243	0.04698	0.01198	0.02977	0.00873	0.01013	0.00706	0.00512	0.00471	0.00144	0.03235	0.00353	0.00260	0.00719
51	0.01179	0.01046	0.01087	0.00909	0.01245	0.05836	0.00708	0.03216	0.25266	0.01899	0.07815	0.03502	0.06392	0.02341	0.00548	0.00146	0.00430	0.02210	0.00433	0.33792
52	0.01120	0.05117	0.67242	0.03863	0.02281	0.01285	0.03135	0.01686	0.01126	0.03151	0.00969	0.01154	0.00697	0.00531	0.00567	0.00172	0.04486	0.00406	0.00237	0.00776
53	0.01098	0.01028	0.01732	0.52190	0.25525	0.01181	0.01498	0.01437	0.01128	0.01500	0.01089	0.01690	0.00904	0.00579	0.00548	0.00177	0.00679	0.05090	0.00263	0.00665
54	0.02005	0.02558	0.01521	0.01383	0.01659	0.78980	0.01037	0.02143	0.01521	0.01314	0.00830	0.00968	0.00691	0.00553	0.00484	0.00138	0.00968	0.00346	0.00277	0.00622
55	0.01767	0.00937	0.01283	0.01304	0.11126	0.00847	0.00906	0.01947	0.01507	0.36988	0.15846	0.08257	0.02475	0.01005	0.00662	0.00210	0.00494	0.11010	0.00611	0.00817
56	0.82783	0.01083	0.02772	0.00727	0.01071	0.01205	0.00617	0.01581	0.00919	0.02390	0.00753	0.00879	0.00584	0.00499	0.00337	0.00166	0.00425	0.00293	0.00329	0.00587

[dist]
# distance from previous block
# <min> <max>
0	18

[block]
# block no. 2 follows, 45 sequences, length 36
# corresponding to MSA columns:
# 305-340
name=unknown_C
#
# <colnr> <probs for GDERKNQSTAVLIFYWHMCP>
#	G	D	E	R	K	N	Q	S	T	A	V	L	I	F	Y	W	H	M	C	P
0	0.03141	0.05076	0.09079	0.02089	0.34830	0.08664	0.01321	0.07604	0.03090	0.18039	0.01254	0.01364	0.00931	0.00546	0.00515	0.00159	0.00630	0.00462	0.00374	0.00829
1	0.02150	0.01252	0.01446	0.01117	0.01534	0.01302	0.00920	0.43227	0.05966	0.32872	0.01663	0.01538	0.01115	0.00657	0.00539	0.00164	0.00529	0.00512	0.00588	0.00910
2	0.02408	0.00914	0.01246	0.00955	0.01370	0.00789	0.00789	0.02616	0.01536	0.78158	0.02118	0.01827	0.01329	0.00664	0.00540	0.00166	0.00457	0.00540	0.00664	0.00914
3	0.03301	0.01054	0.11192	0.01030	0.01329	0.00852	0.00954	0.08898	0.04128	0.14000	0.09480	0.06107	0.03669	0.01058	0.00628	0.00202	0.00500	0.30467	0.00498	0.00655
4	0.01204	0.01148	0.01953	0.33659	0.48399	0.01243	0.01585	0.01538	0.01163	0.01602	0.00988	0.01369	0.00797	0.00501	0.00534	0.00167	0.00669	0.00478	0.00255	0.00750
5	0.02408	0.00914	0.01246	0.00955	0.01370	0.00789	0.00789	0.02616	0.01536	0.78158	0.02118	0.01827	0.01329	0.00664	0.00540	0.00166	0.00457	0.00540	0.00664	0.00914
6	0.00989	0.00618	0.00835	0.05003	0.01033	0.00581	0.00597	0.01242	0.01498	0.12067	0.63479	0.03584	0.04340	0.01010	0.00616	0.00169	0.00305	0.00888	0.00581	0.00565
7	0.01095	0.06836	0.74457	0.01498	0.02274	0.01292	0.01928	0.01695	0.01131	0.01677	0.00952	0.01119	0.00680	0.00507	0.00501	0.00167	0.00782	0.00391	0.00227	0.00788
8	0.00772	0.00526	0.00624	0.00634	0.00663	0.00517	0.00396	0.00831	0.00938	0.01267	0.13350	0.10115	0.02617	0.58116	0.02137	0.00427	0.00461	0.04849	0.00389	0.00371
9	0.01435	0.81458	0.02813	0.00918	0.01378	0.02124	0.00918	0.01607	0.01091	0.01263	0.00746	0.00861	0.00689	0.00459	0.00344	0.00115	0.00574	0.00287	0.00230	0.00689
10	0.80651	0.01062	0.00831	0.00733	0.01070	0.01228	0.00604	0.05417	0.00997	0.02459	0.00775	0.00894	0.00598	0.00506	0.00343	0.00166	0.00424	0.00301	0.00343	0.00598
11	0.00988	0.00602	0.00794	0.00727	0.00895	0.00550	0.00562	0.01232	0.01499	0.12509	0.61404	0.03849	0.06206	0.01065	0.00626	0.00173	0.00295	0.04869	0.00594	0.00560
12	0.01203	0.11338	0.59620	0.01490	0.02191	0.07776	0.05791	0.01728	0.01168	0.01621	0.00935	0.01107	0.00689	0.00505	0.00496	0.00162	0.00790	0.00393	0.00234	0.00764
13	0.00781	0.00520	0.00585	0.00585	0.00585	0.00520	0.00325	0.00781	0.00781	0.01041	0.01691	0.03513	0.01952	0.81135	0.02732	0.00520	0.00520	0.00781	0.00325	0.00325
14	0.01112	0.01080	0.01550	0.15711	0.01760	0.01469	0.01162	0.01264	0.00865	0.01286	0.00832	0.01415	0.00810	0.07496	0.01617	0.00248	0.59016	0.00497	0.00243	0.00567
15	0.84927	0.01038	0.00789	0.00706	0.01038	0.01204	0.00581	0.01578	0.00914	0.02408	0.00747	0.00872	0.00581	0.00498	0.00332	0.00166	0.00415	0.00291	0.00332	0.00581
16	0.01060	0.01001	0.01693	0.68615	0.14566	0.01205	0.01514	0.01412	0.01095	0.01428	0.00962	0.01416	0.00735	0.00528	0.00536	0.00176	0.00704	0.00477	0.00243	0.00634
17	0.00999	0.00763	0.00895	0.00768	0.01001	0.00723	0.00597	0.12437	0.03402	0.02189	0.43651	0.03312	0.13824	0.00960	0.00584	0.00157	0.00331	0.00821	0.00531	0.12054
18	0.00671	0.00482	0.00641	0.00762	0.00805	0.00451	0.00526	0.00778	0.01050	0.01392	0.03012	0.72674	0.05404	0.01657	0.00689	0.00219	0.00326	0.07522	0.00498	0.00441
19	0.01310	0.01135	0.01278	0.11876	0.01718	0.01324	0.00942	0.04574	0.64495	0.02156	0.01993	0.01906	0.01493	0.00700	0.00545	0.00181	0.00469	0.00586	0.00504	0.00817
20	0.00760	0.00549	0.00718	0.00675	0.00802	0.00506	0.00506	0.01013	0.01519	0.02153	0.77503	0.04010	0.05065	0.01097	0.00633	0.00169	0.00253	0.00971	0.00591	0.00506
21	0.01223	0.01167	0.01988	0.29043	0.52866	0.01248	0.01595	0.01555	0.01172	0.01625	0.00991	0.01363	0.00805	0.00498	0.00533	0.00166	0.00664	0.00478	0.00257	0.00765
22	0.00655	0.00475	0.00615	0.00727	0.00770	0.00439	0.00487	0.00750	0.01038	0.01369	0.03134	0.72744	0.09633	0.03494	0.00728	0.00222	0.00313	0.01476	0.00494	0.00435
23	0.01435	0.81458	0.02813	0.00918	0.01378	0.02124	0.00918	0.01607	0.01091	0.01263	0.00746	0.00861	0.00689	0.00459	0.00344	0.00115	0.00574	0.00287	0.00230	0.00689
24	0.01435	0.81458	0.02813	0.00918	0.01378	0.02124	0.00918	0.01607	0.01091	0.01263	0.00746	0.00861	0.00689	0.00459	0.00344	0.00115	0.00574	0.00287	0.00230	0.00689
25	0.84927	0.01038	0.00789	0.00706	0.01038	0.01204	0.00581	0.01578	0.00914	0.02408	0.00747	0.00872	0.00581	0.00498	0.00332	0.00166	0.00415	0.00291	0.00332	0.00581
26	0.07073	0.01060	0.01621	0.59390	0.13847	0.03667	0.01421	0.01479	0.02580	0.01515	0.00967	0.01373	0.00742	0.00530	0.00520	0.00174	0.00685	0.00462	0.00256	0.00637
27	0.01076	0.00973	0.01667	0.50437	0.17852	0.01117	0.04721	0.01350	0.01060	0.01402	0.00968	0.01439	0.00776	0.00703	0.00754	0.11701	0.00675	0.00483	0.00245	0.00602
28	0.13601	0.00982	0.11414	0.00929	0.01157	0.02215	0.01927	0.02810	0.01133	0.01697	0.05613	0.31833	0.04827	0.01208	0.00632	0.01730	0.00454	0.14874	0.00428	0.00537
29	0.01182	0.01122	0.01903	0.36403	0.43983	0.01225	0.01562	0.01516	0.01158	0.01585	0.01026	0.01478	0.00842	0.00526	0.00538	0.00170	0.00668	0.02121	0.00259	0.00732
30	0.07631	0.10030	0.12922	0.01044	0.01492	0.02857	0.00981	0.02262	0.08578	0.41714	0.01701	0.01681	0.01180	0.00637	0.00505	0.00165	0.00527	0.02768	0.00503	0.00822
31	0.01128	0.01067	0.01806	0.46899	0.33110	0.01202	0.01522	0.01462	0.01131	0.01524	0.01039	0.03860	0.00857	0.00549	0.00539	0.00172	0.00672	0.00510	0.00257	0.00692
32	0.01898	0.01099	0.01424	0.07777	0.09181	0.01123	0.00980	0.20609	0.08251	0.34366	0.01784	0.01730	0.03333	0.00762	0.03022	0.00189	0.00552	0.00538	0.00531	0.00848
33	0.01170	0.06336	0.57235	0.03892	0.02178	0.04575	0.05636	0.01687	0.01169	0.04365	0.03482	0.01331	0.00894	0.03081	0.00583	0.00178	0.00755	0.00440	0.00262	0.00751
34	0.01133	0.08345	0.56509	0.01606	0.02311	0.01317	0.16054	0.01681	0.01165	0.01681	0.02712	0.01239	0.00806	0.00509	0.00524	0.00168	0.00786	0.00447	0.00244	0.00766
35	0.01028	0.00969	0.01636	0.76407	0.07025	0.01196	0.01498	0.01384	0.01080	0.01389	0.00957	0.01427	0.00722	0.00534	0.00536	0.00178	0.00712	0.00477	0.00240	0.00608

[dist]
# distance from previous block
# <min> <max>
0	18

[block]
# block no. 3 follows, 45 sequences, length 80
# corresponding to MSA columns:
# 359-406,408,409,418-447
name=unknown_D
#
# <colnr> <probs for GDERKNQSTAVLIFYWHMCP>
#	G	D	E	R	K	N	Q	S	T	A	V	L	I	F	Y	W	H	M	C	P
0	0.02026	0.01541	0.01600	0.01239	0.01659	0.04902	0.01018	0.71523	0.03879	0.03275	0.01286	0.01289	0.00917	0.00642	0.00535	0.00161	0.00603	0.00480	0.00526	0.00899
1	0.01416	0.13374	0.01921	0.02021	0.34727	0.03374	0.01218	0.12134	0.06917	0.01919	0.01156	0.01464	0.00974	0.00559	0.00517	0.00150	0.01885	0.03530	0.00334	0.10411
2	0.00932	0.00466	0.00699	0.00699	0.00699	0.00466	0.00466	0.00699	0.00699	0.00932	0.00932	0.01632	0.00932	0.01865	0.02098	0.84382	0.00466	0.00466	0.00233	0.00233
3	0.01170	0.01247	0.05106	0.01415	0.01451	0.01626	0.01211	0.01310	0.00836	0.01310	0.00716	0.01173	0.00704	0.00920	0.01705	0.00232	0.76572	0.00466	0.00235	0.00597
4	0.01136	0.02088	0.43754	0.01862	0.10814	0.01238	0.21078	0.01647	0.01197	0.01733	0.05955	0.01424	0.01019	0.00537	0.00576	0.00173	0.02238	0.00506	0.00266	0.00759
5	0.09268	0.06097	0.62776	0.01393	0.02104	0.01271	0.01732	0.03079	0.01152	0.04987	0.00987	0.01128	0.00702	0.00515	0.00487	0.00167	0.00729	0.00389	0.00261	0.00775
6	0.01007	0.00940	0.01579	0.76536	0.03589	0.01168	0.01465	0.01361	0.01080	0.01381	0.01033	0.01625	0.00815	0.00576	0.00545	0.00182	0.00706	0.03569	0.00249	0.00592
7	0.04455	0.25874	0.46293	0.01343	0.01973	0.01527	0.04739	0.01650	0.01104	0.01581	0.00884	0.01058	0.00686	0.00511	0.00516	0.00157	0.04300	0.00374	0.00234	0.00742
8	0.29807	0.02625	0.08821	0.02893	0.07576	0.07878	0.00964	0.07618	0.03016	0.02032	0.07858	0.01615	0.02445	0.00690	0.00609	0.01711	0.07404	0.03441	0.00352	0.00645
9	0.02040	0.01290	0.01613	0.01231	0.01649	0.01343	0.07392	0.44142	0.02050	0.26030	0.01551	0.03197	0.01085	0.00662	0.00572	0.00167	0.02024	0.00536	0.00547	0.00880
10	0.04719	0.00967	0.01348	0.45131	0.02565	0.01138	0.01134	0.15514	0.01351	0.01914	0.01201	0.03216	0.00932	0.00597	0.00501	0.00166	0.00584	0.00498	0.15890	0.00634
11	0.01218	0.01213	0.01906	0.28561	0.34730	0.06678	0.07854	0.01544	0.01222	0.01624	0.07281	0.01569	0.01138	0.00552	0.00547	0.00167	0.00679	0.00522	0.00285	0.00710
12	0.10855	0.15856	0.21404	0.04222	0.05101	0.01287	0.01136	0.08550	0.04395	0.08454	0.01644	0.04162	0.09455	0.00666	0.00488	0.00162	0.00564	0.00519	0.00360	0.00720
13	0.00751	0.00508	0.00594	0.00623	0.00631	0.00501	0.00366	0.00773	0.00838	0.01118	0.01988	0.21606	0.02326	0.62532	0.02253	0.00450	0.00471	0.00955	0.00366	0.00351
14	0.01093	0.01064	0.01902	0.53626	0.14444	0.01208	0.12802	0.01455	0.01131	0.01490	0.01056	0.01598	0.00843	0.00552	0.00559	0.00179	0.00724	0.03366	0.00258	0.00649
15	0.01231	0.01375	0.08531	0.31552	0.35686	0.06280	0.04552	0.01584	0.01180	0.01577	0.00976	0.01331	0.00774	0.00507	0.00533	0.00167	0.00712	0.00468	0.00253	0.00731
16	0.00902	0.00581	0.00735	0.00685	0.00846	0.00522	0.00518	0.01119	0.01436	0.09916	0.51704	0.08966	0.17749	0.01138	0.00627	0.00174	0.00282	0.00991	0.00576	0.00535
17	0.00681	0.00493	0.00646	0.00734	0.00795	0.00458	0.00512	0.00811	0.01133	0.01519	0.15765	0.59471	0.08377	0.01553	0.00676	0.00209	0.00308	0.04894	0.00514	0.00452
18	0.05002	0.28776	0.43031	0.01251	0.01870	0.01545	0.01467	0.01763	0.07635	0.01633	0.00987	0.01106	0.00761	0.00511	0.00450	0.00152	0.00671	0.00373	0.00260	0.00754
19	0.01509	0.06433	0.01483	0.01297	0.08036	0.01437	0.00957	0.17654	0.48535	0.04017	0.01805	0.01720	0.01354	0.00671	0.00530	0.00171	0.00488	0.00548	0.00502	0.00854
20	0.01292	0.01775	0.21066	0.10929	0.11895	0.09280	0.23813	0.01691	0.01199	0.03303	0.00994	0.01288	0.00763	0.00538	0.00662	0.00175	0.07859	0.00492	0.00262	0.00724
21	0.09675	0.00921	0.01038	0.00782	0.01206	0.00742	0.00619	0.01323	0.01085	0.01784	0.01106	0.07958	0.01011	0.00519	0.00416	0.00100	0.00392	0.00419	0.00335	0.68572
22	0.01124	0.15046	0.51149	0.01541	0.10328	0.01322	0.01640	0.01599	0.01144	0.01614	0.01319	0.01459	0.07329	0.00572	0.00497	0.00161	0.00696	0.00452	0.00255	0.00753
23	0.01911	0.15863	0.01748	0.01291	0.01612	0.59265	0.01016	0.08420	0.01535	0.01484	0.00855	0.00978	0.00710	0.00545	0.00465	0.00136	0.00869	0.00348	0.00291	0.00659
24	0.01155	0.00534	0.00782	0.00738	0.00801	0.00515	0.00515	0.00989	0.00826	0.12594	0.01111	0.01661	0.00992	0.01684	0.01863	0.71665	0.00465	0.00477	0.00298	0.00336
25	0.01207	0.01338	0.02855	0.07152	0.02690	0.01273	0.64525	0.01636	0.01276	0.01734	0.07666	0.01668	0.01175	0.00514	0.00627	0.00180	0.00837	0.00652	0.00297	0.00697
26	0.02257	0.02276	0.01392	0.01204	0.08771	0.00933	0.00894	0.08833	0.01584	0.63119	0.01918	0.01717	0.01237	0.00641	0.00536	0.00164	0.00488	0.00525	0.00608	0.00904
27	0.00751	0.00548	0.00705	0.00666	0.00796	0.00503	0.00500	0.00996	0.01499	0.02103	0.72399	0.04092	0.10200	0.01116	0.00633	0.00170	0.00255	0.00982	0.00584	0.00503
28	0.00796	0.00626	0.00918	0.00804	0.00970	0.00577	0.06995	0.01059	0.01480	0.02072	0.66492	0.03860	0.09148	0.01058	0.00633	0.00171	0.00311	0.00952	0.00558	0.00522
29	0.03791	0.06635	0.06667	0.08765	0.03675	0.03214	0.05788	0.40228	0.06631	0.02524	0.01268	0.01382	0.02172	0.00660	0.00590	0.03696	0.00618	0.00484	0.00422	0.00792
30	0.02277	0.00957	0.01252	0.00969	0.01367	0.00870	0.00795	0.09361	0.03286	0.66108	0.03449	0.01865	0.01383	0.02740	0.00598	0.00175	0.00466	0.00550	0.00640	0.00889
31	0.00781	0.00520	0.00585	0.00585	0.00585	0.00520	0.00325	0.00781	0.00781	0.01041	0.01691	0.03513	0.01952	0.81135	0.02732	0.00520	0.00520	0.00781	0.00325	0.00325
32	0.01164	0.17430	0.57591	0.01545	0.07045	0.01416	0.03371	0.01680	0.01134	0.01622	0.00928	0.01102	0.00696	0.00497	0.00483	0.00159	0.00744	0.00387	0.00231	0.00776
33	0.01094	0.01036	0.01755	0.60369	0.22547	0.01214	0.01531	0.01442	0.01111	0.01469	0.00968	0.01405	0.00750	0.00522	0.00535	0.00174	0.00696	0.00477	0.00245	0.00661
34	0.00637	0.00542	0.00549	0.00551	0.00728	0.00454	0.00412	0.00774	0.01224	0.01461	0.06703	0.07051	0.74368	0.01363	0.00636	0.00182	0.00273	0.01140	0.00500	0.00454
35	0.01339	0.06528	0.10186	0.03340	0.39350	0.07607	0.03256	0.03239	0.04190	0.01727	0.01018	0.01245	0.00830	0.00488	0.00496	0.00145	0.00639	0.00431	0.00285	0.13660
36	0.01329	0.01275	0.02179	0.03295	0.77787	0.01275	0.01647	0.01647	0.01222	0.01754	0.01010	0.01329	0.00850	0.00478	0.00531	0.00159	0.00638	0.00478	0.00266	0.00850
37	0.01113	0.00954	0.01113	0.00795	0.01272	0.00716	0.00636	0.01352	0.01113	0.01749	0.00954	0.01113	0.00795	0.00398	0.00398	0.00080	0.00398	0.00318	0.00318	0.84417
38	0.01940	0.01423	0.01664	0.01525	0.13134	0.01541	0.01096	0.58275	0.04050	0.07935	0.01322	0.01347	0.00948	0.00623	0.00537	0.00162	0.00585	0.00489	0.00504	0.00902
39	0.01016	0.00967	0.01673	0.71743	0.03526	0.01174	0.06269	0.01370	0.01084	0.01394	0.01041	0.04517	0.00832	0.00576	0.00549	0.00181	0.00712	0.00528	0.00251	0.00598
40	0.15659	0.01074	0.01544	0.36446	0.20382	0.01235	0.01276	0.01691	0.12272	0.01770	0.01113	0.01395	0.00860	0.00545	0.00501	0.00173	0.00602	0.00464	0.00307	0.00691
41	0.01145	0.17717	0.64010	0.01414	0.02144	0.01413	0.01781	0.01682	0.01125	0.01617	0.00922	0.01082	0.00682	0.00500	0.00479	0.00160	0.00752	0.00376	0.00227	0.00773
42	0.00802	0.00581	0.00747	0.00732	0.00764	0.00644	0.00496	0.00873	0.00811	0.01126	0.01543	0.02892	0.01667	0.50163	0.28167	0.00616	0.05986	0.00692	0.00307	0.00394
43	0.69102	0.01082	0.00919	0.03853	0.01219	0.01252	0.00672	0.08069	0.05976	0.02442	0.00895	0.01003	0.00684	0.00527	0.00372	0.00167	0.00443	0.00335	0.00360	0.00628
44	0.00683	0.00498	0.00689	0.00795	0.00844	0.00468	0.01884	0.00796	0.01050	0.01397	0.02915	0.72915	0.03461	0.01642	0.00689	0.00220	0.00338	0.07774	0.00494	0.00446
45	0.00825	0.00591	0.00818	0.00940	0.01049	0.00584	0.00795	0.01044	0.01201	0.01564	0.02913	0.18535	0.04630	0.01514	0.00730	0.00241	0.00459	0.60590	0.00495	0.00484
46	0.00741	0.00548	0.00692	0.00656	0.00791	0.00499	0.00492	0.00977	0.01476	0.02049	0.66914	0.04180	0.15719	0.01136	0.00633	0.00171	0.00256	0.00995	0.00577	0.00499
47	0.01513	0.01617	0.01598	0.01900	0.27506	0.28419	0.01154	0.04135	0.12108	0.01761	0.09950	0.01707	0.01441	0.00638	0.00533	0.00158	0.00675	0.02103	0.00360	0.00725
48	0.00768	0.00571	0.00840	0.00840	0.00928	0.00659	0.00642	0.00944	0.00856	0.01229	0.01459	0.02225	0.01392	0.10397	0.72706	0.00834	0.01362	0.00592	0.00291	0.00467
49	0.00767	0.00575	0.00863	0.00863	0.00959	0.00671	0.00671	0.00959	0.00863	0.01246	0.01438	0.02109	0.01342	0.04026	0.79008	0.00863	0.01438	0.00575	0.00288	0.00479
50	0.20465	0.00955	0.01155	0.00907	0.01305	0.00901	0.00749	0.04153	0.01424	0.59776	0.01798	0.01605	0.01155	0.00628	0.00494	0.00166	0.00451	0.00484	0.00589	0.00841
51	0.01125	0.01068	0.01812	0.52709	0.29960	0.01222	0.01546	0.01469	0.01126	0.01507	0.00974	0.01395	0.00763	0.00516	0.00535	0.00172	0.00688	0.00477	0.00248	0.00686
52	0.01028	0.00969	0.01636	0.76391	0.07040	0.01196	0.01498	0.01384	0.01080	0.01389	0.00957	0.01426	0.00722	0.00534	0.00536	0.00178	0.00712	0.00477	0.00240	0.00608
53	0.81449	0.01058	0.00823	0.00728	0.01064	0.01224	0.00600	0.04700	0.00981	0.02449	0.00770	0.00889	0.00595	0.00504	0.00341	0.00166	0.00423	0.00299	0.00341	0.00595
54	0.01435	0.81458	0.02813	0.00918	0.01378	0.02124	0.00918	0.01607	0.01091	0.01263	0.00746	0.00861	0.00689	0.00459	0.00344	0.00115	0.00574	0.00287	0.00230	0.00689
55	0.01035	0.00871	0.01368	0.01877	0.31560	0.00867	0.01143	0.01305	0.01237	0.01679	0.05258	0.05623	0.04062	0.01069	0.00650	0.00207	0.00532	0.38614	0.00408	0.00634
56	0.01155	0.01146	0.01607	0.01383	0.01388	0.01598	0.01150	0.01276	0.00824	0.01290	0.00739	0.01219	0.00735	0.01086	0.05433	0.00265	0.76411	0.00475	0.00237	0.00582
57	0.01224	0.01112	0.01622	0.41186	0.02609	0.01418	0.01312	0.12613	0.01207	0.01648	0.00919	0.01322	0.00742	0.00691	0.00955	0.00195	0.27826	0.00475	0.00282	0.00641
58	0.02408	0.00914	0.01246	0.00955	0.01370	0.00789	0.00789	0.02616	0.01536	0.78158	0.02118	0.01827	0.01329	0.00664	0.00540	0.00166	0.00457	0.00540	0.00664	0.00914
59	0.01014	0.00954	0.01610	0.79845	0.03697	0.01193	0.01491	0.01371	0.01073	0.01371	0.00954	0.01431	0.00716	0.00537	0.00537	0.00179	0.00716	0.00477	0.00239	0.00596
60	0.02899	0.01859	0.38009	0.01372	0.01980	0.01077	0.09856	0.02064	0.01305	0.32104	0.01433	0.01441	0.00952	0.00565	0.00533	0.00170	0.00666	0.00479	0.00407	0.00830
61	0.01370	0.01050	0.01146	0.01028	0.01323	0.01165	0.00810	0.04276	0.55992	0.09871	0.02480	0.02503	0.08230	0.00823	0.00566	0.00184	0.00423	0.05407	0.00551	0.00800
62	0.00781	0.00520	0.00585	0.00585	0.00585	0.00520	0.00325	0.00781	0.00781	0.01041	0.01691	0.03513	0.01952	0.81135	0.02732	0.00520	0.00520	0.00781	0.00325	0.00325
63	0.01077	0.02777	0.78354	0.01530	0.02323	0.01247	0.01983	0.01700	0.01133	0.01700	0.00963	0.01133	0.00680	0.00510	0.00510	0.00170	0.00793	0.00397	0.00227	0.00793
64	0.01708	0.01525	0.01719	0.14987	0.18430	0.13471	0.01238	0.35911	0.01843	0.02371	0.01101	0.01272	0.00832	0.00576	0.00528	0.00160	0.00680	0.00460	0.00388	0.00801
65	0.00865	0.00618	0.00865	0.00989	0.01112	0.00618	0.00865	0.01112	0.01236	0.01606	0.02842	0.06055	0.03089	0.01483	0.00741	0.00247	0.00494	0.74174	0.00494	0.00494
66	0.01013	0.00935	0.01563	0.76516	0.03568	0.01164	0.01444	0.01366	0.01076	0.01398	0.00988	0.01455	0.00743	0.00540	0.00530	0.00177	0.00696	0.00478	0.03758	0.00592
67	0.06118	0.00941	0.01239	0.00954	0.01366	0.00840	0.00788	0.05317	0.01545	0.71940	0.02025	0.01764	0.01279	0.00656	0.00530	0.00166	0.00460	0.00526	0.00645	0.00899
68	0.01231	0.00955	0.01567	0.66261	0.04963	0.01133	0.01388	0.01565	0.01147	0.12975	0.01131	0.01489	0.00811	0.00555	0.00537	0.00177	0.00675	0.00487	0.00303	0.00650
69	0.77692	0.01031	0.00860	0.07529	0.01267	0.01203	0.00660	0.01560	0.00927	0.02319	0.00765	0.00920	0.00593	0.00502	0.00350	0.00167	0.00441	0.00307	0.00324	0.00583
70	0.00638	0.00544	0.00548	0.00547	0.00727	0.00454	0.00410	0.00776	0.01231	0.01468	0.07254	0.05137	0.75741	0.01353	0.00634	0.00181	0.00271	0.01129	0.00501	0.00454
71	0.01106	0.02453	0.63778	0.01422	0.02137	0.01210	0.01751	0.01788	0.08898	0.01760	0.01088	0.01221	0.00788	0.00523	0.00504	0.00163	0.00721	0.00411	0.00267	0.08009
72	0.01113	0.00954	0.01113	0.00795	0.01272	0.00716	0.00636	0.01352	0.01113	0.01749	0.00954	0.01113	0.00795	0.00398	0.00398	0.00080	0.00398	0.00318	0.00318	0.84417
73	0.01686	0.04875	0.01443	0.01218	0.01531	0.32345	0.00946	0.10782	0.35477	0.01964	0.01488	0.01465	0.01142	0.00639	0.00513	0.00160	0.00666	0.00476	0.00425	0.00760
74	0.01707	0.01217	0.04304	0.01066	0.01422	0.01221	0.00891	0.43497	0.02042	0.12913	0.16925	0.06811	0.01963	0.00798	0.00565	0.00167	0.00495	0.00651	0.00550	0.00797
75	0.01059	0.00998	0.01427	0.12350	0.01586	0.01338	0.01063	0.01206	0.00858	0.01269	0.00939	0.01588	0.00924	0.10456	0.10699	0.00333	0.50593	0.00519	0.00252	0.00546
76	0.00825	0.00610	0.00751	0.00693	0.00847	0.00574	0.00526	0.05837	0.01543	0.02133	0.62368	0.03997	0.15055	0.01105	0.00627	0.00170	0.00278	0.00962	0.00574	0.00525
77	0.00770	0.00562	0.00797	0.00797	0.00870	0.00635	0.00589	0.00916	0.00843	0.01197	0.01498	0.02444	0.01487	0.22419	0.60814	0.00781	0.01219	0.00624	0.00297	0.00443
78	0.01370	0.01170	0.01233	0.01099	0.01409	0.01351	0.00858	0.06476	0.73137	0.02302	0.02140	0.01967	0.01603	0.00724	0.00546	0.00181	0.00433	0.00601	0.00546	0.00853
79	0.01980	0.01874	0.01559	0.02505	0.01682	0.30572	0.01026	0.43903	0.05479	0.02526	0.01152	0.01203	0.00860	0.00612	0.00518	0.00154	0.00726	0.00437	0.00435	0.00796

[dist]
# distance from previous block
# <min> <max>
0	1

[block]
# block no. 4 follows, 45 sequences, length 453
# corresponding to MSA columns:
# 449-837,839-888,892-905
name=unknown_E
#
# <colnr> <probs for GDERKNQSTAVLIFYWHMCP>
#	G	D	E	R	K	N	Q	S	T	A	V	L	I	F	Y	W	H	M	C	P
0	0.00654	0.00467	0.00623	0.00747	0.00779	0.00436	0.00498	0.00747	0.01028	0.01370	0.02959	0.80785	0.03550	0.01682	0.00685	0.00218	0.00311	0.01526	0.00498	0.00436
1	0.00674	0.00545	0.00599	0.00585	0.00749	0.00470	0.00439	0.00847	0.01317	0.01672	0.28156	0.04801	0.54712	0.01277	0.00634	0.00177	0.00266	0.01082	0.00528	0.00470
2	0.01162	0.01158	0.01620	0.01393	0.01394	0.01615	0.01158	0.01279	0.00827	0.01294	0.00758	0.03076	0.00773	0.00957	0.01736	0.00234	0.78246	0.00495	0.00241	0.00584
3	0.02408	0.00914	0.01246	0.00955	0.01370	0.00789	0.00789	0.02616	0.01536	0.78158	0.02118	0.01827	0.01329	0.00664	0.00540	0.00166	0.00457	0.00540	0.00664	0.00914
4	0.00767	0.00575	0.00863	0.00863	0.00959	0.00671	0.00671	0.00959	0.00863	0.01246	0.01438	0.02109	0.01342	0.04026	0.79008	0.00863	0.01438	0.00575	0.00288	0.00479
5	0.02321	0.00922	0.01256	0.03555	0.01443	0.00818	0.00812	0.04296	0.01544	0.72334	0.03556	0.01844	0.01373	0.00668	0.00541	0.00166	0.00464	0.00545	0.00646	0.00895
6	0.00769	0.00555	0.00730	0.00703	0.00829	0.00516	0.00538	0.01022	0.01495	0.02105	0.70963	0.04189	0.04892	0.01131	0.00643	0.00176	0.00274	0.07383	0.00582	0.00505
7	0.41949	0.02738	0.01061	0.00835	0.01211	0.01017	0.00692	0.02096	0.01228	0.40156	0.01431	0.01348	0.00956	0.00580	0.00436	0.00165	0.00439	0.00415	0.00496	0.00749
8	0.01128	0.01141	0.01737	0.64984	0.05447	0.08021	0.07133	0.01473	0.01131	0.01403	0.00955	0.01389	0.00725	0.00530	0.00539	0.00175	0.00750	0.00478	0.00245	0.00615
9	0.01435	0.81458	0.02813	0.00918	0.01378	0.02124	0.00918	0.01607	0.01091	0.01263	0.00746	0.00861	0.00689	0.00459	0.00344	0.00115	0.00574	0.00287	0.00230	0.00689
10	0.00849	0.00606	0.00847	0.00970	0.01087	0.00604	0.00837	0.01084	0.01220	0.01588	0.02851	0.11762	0.03124	0.01498	0.00737	0.00245	0.00480	0.68626	0.00495	0.00490
11	0.01110	0.08262	0.37652	0.31582	0.02784	0.02983	0.05195	0.01577	0.01122	0.01532	0.00945	0.01237	0.00701	0.00514	0.00512	0.00169	0.00755	0.00429	0.00235	0.00702
12	0.37252	0.02027	0.44890	0.01174	0.01769	0.01228	0.01378	0.01647	0.01038	0.02006	0.00870	0.01021	0.00637	0.00505	0.00433	0.00168	0.00630	0.00351	0.00272	0.00702
13	0.02375	0.00906	0.01235	0.00949	0.01359	0.00783	0.00783	0.02583	0.01536	0.76601	0.03663	0.01872	0.01405	0.00673	0.00542	0.00166	0.00453	0.00549	0.00663	0.00905
14	0.00661	0.00482	0.00623	0.00720	0.00775	0.00444	0.00490	0.00773	0.01091	0.01447	0.09745	0.66246	0.11331	0.01597	0.00675	0.00210	0.00302	0.01437	0.00506	0.00444
15	0.01820	0.01265	0.01413	0.01124	0.01466	0.01386	0.00910	0.52756	0.02085	0.10178	0.01516	0.08428	0.01237	0.04827	0.00723	0.00188	0.04769	0.00595	0.02502	0.00814
16	0.01001	0.00500	0.00500	0.00500	0.00625	0.00500	0.00375	0.01251	0.01126	0.02001	0.01751	0.02001	0.01376	0.00625	0.00375	0.00125	0.00250	0.00500	0.84115	0.00500
17	0.00931	0.00596	0.00766	0.00703	0.00865	0.00545	0.00534	0.01189	0.02829	0.10075	0.60682	0.05501	0.10549	0.01079	0.00623	0.00171	0.00281	0.00944	0.00588	0.00550
18	0.03351	0.08592	0.26011	0.44463	0.04457	0.01293	0.01575	0.01507	0.01092	0.01502	0.00934	0.01270	0.00701	0.00519	0.00506	0.00170	0.00718	0.00430	0.00237	0.00671
19	0.01229	0.08793	0.28386	0.07792	0.40005	0.01334	0.01688	0.01643	0.01170	0.01666	0.00967	0.01228	0.00768	0.00492	0.00508	0.00161	0.00691	0.00433	0.00247	0.00799
20	0.00865	0.00618	0.00865	0.00989	0.01112	0.00618	0.00865	0.01112	0.01236	0.01606	0.02842	0.06055	0.03089	0.01483	0.00741	0.00247	0.00494	0.74174	0.00494	0.00494
21	0.01364	0.01402	0.07933	0.04808	0.63586	0.01305	0.01614	0.08158	0.01326	0.01883	0.01029	0.01313	0.00840	0.00497	0.00530	0.00161	0.00647	0.00472	0.00286	0.00845
22	0.01603	0.16358	0.32415	0.01218	0.01788	0.01343	0.01320	0.10651	0.05100	0.21162	0.01313	0.01320	0.00920	0.00566	0.00492	0.00159	0.00627	0.00433	0.00390	0.00821
23	0.01077	0.02777	0.78354	0.01530	0.02323	0.01247	0.01983	0.01700	0.01133	0.01700	0.00963	0.01133	0.00680	0.00510	0.00510	0.00170	0.00793	0.00397	0.00227	0.00793
24	0.80524	0.02698	0.00854	0.00732	0.01065	0.03785	0.00603	0.01597	0.00937	0.02349	0.00750	0.00875	0.00587	0.00499	0.00337	0.00164	0.00437	0.00292	0.00328	0.00585
25	0.00656	0.00533	0.00581	0.00593	0.00744	0.00459	0.00436	0.00803	0.01239	0.01543	0.15756	0.15984	0.56068	0.01367	0.00642	0.00185	0.00275	0.01166	0.00512	0.00459
26	0.01197	0.02521	0.64178	0.01559	0.02294	0.01278	0.08352	0.07396	0.01260	0.03544	0.01025	0.01188	0.00724	0.00519	0.00524	0.00170	0.00780	0.00427	0.00264	0.00799
27	0.00869	0.00631	0.00833	0.00873	0.01033	0.00578	0.00703	0.01064	0.01156	0.03209	0.02593	0.28754	0.03941	0.01348	0.00661	0.00208	0.00416	0.36415	0.00470	0.14245
28	0.01803	0.01561	0.01466	0.01212	0.01575	0.14234	0.00967	0.39831	0.26793	0.02670	0.01508	0.01471	0.01115	0.00657	0.00531	0.00164	0.00598	0.00501	0.00497	0.00844
29	0.00839	0.00727	0.07484	0.00793	0.00955	0.00547	0.00640	0.01018	0.01180	0.07397	0.14742	0.45440	0.13452	0.01366	0.00644	0.00197	0.00350	0.01211	0.00502	0.00517
30	0.01119	0.00628	0.00833	0.00736	0.00926	0.00568	0.00568	0.01362	0.01523	0.18724	0.61067	0.03534	0.04250	0.01003	0.00613	0.00168	0.00298	0.00877	0.00607	0.00595
31	0.01335	0.01153	0.01214	0.01092	0.01396	0.01335	0.00850	0.02852	0.76817	0.02245	0.02185	0.02003	0.01639	0.00728	0.00546	0.00182	0.00425	0.00607	0.00546	0.00850
32	0.00775	0.00588	0.00879	0.00874	0.00968	0.00691	0.00681	0.00965	0.00862	0.01247	0.01423	0.02089	0.01329	0.03962	0.77410	0.00850	0.03066	0.00573	0.00286	0.00482
33	0.03480	0.01495	0.01597	0.01226	0.01654	0.01657	0.01013	0.74704	0.02496	0.03366	0.01279	0.01282	0.00907	0.00642	0.00533	0.00161	0.00588	0.00480	0.00533	0.00907
34	0.00668	0.00545	0.00591	0.00579	0.00746	0.00468	0.00434	0.00836	0.01303	0.01639	0.24868	0.04854	0.58020	0.01289	0.00634	0.00178	0.00267	0.01089	0.00523	0.00468
35	0.00651	0.00506	0.00593	0.00658	0.00760	0.00448	0.00464	0.00769	0.01129	0.01424	0.05373	0.43784	0.37217	0.01522	0.00662	0.00201	0.00296	0.02599	0.00500	0.00446
36	0.00700	0.00546	0.00634	0.00612	0.00765	0.00481	0.00459	0.00897	0.01378	0.01816	0.42996	0.04563	0.39782	0.01223	0.00634	0.00175	0.00262	0.01048	0.00547	0.00481
37	0.43867	0.06700	0.01212	0.02077	0.01305	0.01296	0.00756	0.18632	0.01408	0.16507	0.01126	0.01150	0.00804	0.00560	0.00421	0.00162	0.00478	0.00383	0.00431	0.00725
38	0.84927	0.01038	0.00789	0.00706	0.01038	0.01204	0.00581	0.01578	0.00914	0.02408	0.00747	0.00872	0.00581	0.00498	0.00332	0.00166	0.00415	0.00291	0.00332	0.00581
39	0.00779	0.00529	0.00627	0.00627	0.00642	0.00543	0.00378	0.00808	0.00793	0.01072	0.01653	0.03300	0.01859	0.69471	0.14270	0.00572	0.00659	0.00750	0.00320	0.00349
40	0.12052	0.00976	0.01222	0.00949	0.01355	0.00909	0.00784	0.08510	0.01544	0.63149	0.01889	0.01671	0.01207	0.00643	0.00515	0.00166	0.00463	0.00506	0.00615	0.00875
41	0.01296	0.01225	0.01971	0.24673	0.50829	0.02858	0.01553	0.06033	0.01264	0.01735	0.01007	0.01348	0.00813	0.00506	0.00532	0.00165	0.00664	0.00476	0.00275	0.00778
42	0.01061	0.00813	0.00938	0.00850	0.01068	0.03311	0.03171	0.09034	0.07716	0.06870	0.16225	0.12334	0.27272	0.01129	0.00618	0.00183	0.00391	0.05909	0.00518	0.00589
43	0.55914	0.01326	0.01067	0.01069	0.07887	0.15733	0.00767	0.01740	0.01092	0.06258	0.00880	0.01005	0.00682	0.00518	0.00390	0.00159	0.00537	0.00335	0.02011	0.00629
44	0.01778	0.33412	0.02022	0.01190	0.01537	0.45390	0.00986	0.01931	0.01341	0.03376	0.00830	0.00953	0.00708	0.00526	0.00453	0.00132	0.02181	0.00330	0.00268	0.00656
45	0.01733	0.00864	0.01066	0.00865	0.01191	0.00800	0.00698	0.11193	0.03274	0.40326	0.11954	0.02792	0.19143	0.00875	0.00573	0.00170	0.00406	0.00722	0.00599	0.00757
46	0.01215	0.13374	0.43516	0.01822	0.14263	0.03229	0.11876	0.01692	0.01169	0.01641	0.00954	0.01165	0.00727	0.00491	0.00507	0.00161	0.00757	0.00426	0.00241	0.00774
47	0.02287	0.03237	0.01382	0.01027	0.01447	0.01052	0.00852	0.21580	0.01780	0.56734	0.01866	0.01662	0.01204	0.00654	0.00534	0.00163	0.00495	0.00518	0.00620	0.00907
48	0.02408	0.00914	0.01246	0.00955	0.01370	0.00789	0.00789	0.02616	0.01536	0.78158	0.02118	0.01827	0.01329	0.00664	0.00540	0.00166	0.00457	0.00540	0.00664	0.00914
49	0.02988	0.53879	0.27705	0.01116	0.01683	0.01816	0.01263	0.01637	0.01101	0.01430	0.00818	0.00951	0.00684	0.00477	0.00399	0.00134	0.00643	0.00323	0.00231	0.00721
