[name]
unknown

[dist]
# distance from previous block
# <min> <max>
4	147

[block]
# block no. 0 follows, 46 sequences, length 17
# corresponding to MSA columns:
# 182-198
name=unknown_A
#
# <colnr> <probs for GDERKNQSTAVLIFYWHMCP>
#	G	D	E	R	K	N	Q	S	T	A	V	L	I	F	Y	W	H	M	C	P
0	0.07862	0.01263	0.04083	0.23845	0.07012	0.10901	0.01088	0.08799	0.06179	0.14384	0.03971	0.01489	0.01049	0.01773	0.00536	0.00166	0.00608	0.00471	0.00380	0.04142
1	0.15353	0.02533	0.01251	0.10095	0.10739	0.03888	0.00902	0.01839	0.10138	0.19461	0.09806	0.03803	0.01557	0.00679	0.00507	0.00165	0.00484	0.02957	0.00441	0.03403
2	0.09821	0.02154	0.01081	0.06414	0.03758	0.09043	0.03375	0.04393	0.04429	0.04120	0.12549	0.11688	0.02860	0.17521	0.01008	0.00240	0.02285	0.00708	0.00392	0.02162
3	0.15315	0.00973	0.03940	0.06537	0.10504	0.00952	0.07549	0.05762	0.04977	0.03671	0.17223	0.09493	0.09348	0.00819	0.00544	0.00172	0.00467	0.00713	0.00416	0.00624
4	0.01092	0.00823	0.01193	0.09425	0.06594	0.00818	0.06550	0.08839	0.01470	0.07956	0.34349	0.03056	0.12271	0.00895	0.00592	0.00170	0.00429	0.02379	0.00486	0.00612
5	0.01266	0.01152	0.01585	0.18339	0.24114	0.09344	0.05415	0.03342	0.02917	0.06913	0.12627	0.02021	0.07358	0.00667	0.00549	0.00164	0.00593	0.00593	0.00361	0.00680
6	0.02062	0.01046	0.01455	0.01293	0.10028	0.00994	0.03609	0.11793	0.01547	0.51070	0.01716	0.01607	0.01137	0.00625	0.00579	0.00162	0.03928	0.00509	0.00548	0.04291
7	0.01286	0.00675	0.00798	0.02627	0.00919	0.00664	0.00520	0.06991	0.01177	0.18744	0.01759	0.04272	0.01548	0.29576	0.01260	0.00278	0.00425	0.00622	0.25307	0.00553
8	0.00842	0.00547	0.00611	0.00600	0.00639	0.00551	0.00367	0.03812	0.00921	0.01301	0.04820	0.05940	0.01986	0.61086	0.02132	0.00421	0.00461	0.00753	0.11832	0.00378
9	0.01004	0.00919	0.02620	0.00764	0.00868	0.13036	0.00524	0.02726	0.00991	0.01247	0.01623	0.12304	0.01785	0.47742	0.01783	0.00363	0.00548	0.00741	0.03639	0.04772
10	0.01748	0.11838	0.01582	0.01197	0.01531	0.53487	0.00935	0.03924	0.01400	0.01421	0.00842	0.00975	0.00705	0.00508	0.00446	0.00123	0.00794	0.00332	0.00281	0.15930
11	0.01026	0.00827	0.00970	0.00774	0.01098	0.00687	0.00587	0.05941	0.01151	0.01700	0.04758	0.14959	0.01563	0.09948	0.00722	0.00160	0.00397	0.00604	0.00369	0.51760
12	0.08325	0.01144	0.09305	0.03521	0.01382	0.02913	0.04133	0.10658	0.11086	0.03540	0.04737	0.10879	0.11961	0.04888	0.00641	0.00183	0.00483	0.00687	0.00416	0.09119
13	0.01344	0.31457	0.22860	0.01444	0.01990	0.07575	0.20133	0.04512	0.01215	0.01554	0.00902	0.01089	0.00716	0.00478	0.00472	0.00147	0.00735	0.00409	0.00251	0.00718
14	0.01193	0.27069	0.37525	0.01451	0.04875	0.01481	0.12345	0.01616	0.01143	0.01565	0.04402	0.01214	0.00895	0.00504	0.00475	0.00152	0.00700	0.00420	0.00248	0.00728
15	0.01081	0.00940	0.01170	0.12777	0.01614	0.00776	0.00754	0.01334	0.01090	0.01666	0.00940	0.01144	0.00771	0.00412	0.00412	0.00093	0.00439	0.00337	0.00301	0.71949
16	0.00657	0.00564	0.00642	0.00613	0.00793	0.00480	0.03051	0.00808	0.01220	0.01486	0.10512	0.08131	0.66594	0.01302	0.00627	0.00179	0.00290	0.01103	0.00490	0.00459

[dist]
# distance from previous block
# <min> <max>
0	1

[block]
# block no. 1 follows, 46 sequences, length 6
# corresponding to MSA columns:
# 200-205
name=unknown_B
#
# <colnr> <probs for GDERKNQSTAVLIFYWHMCP>
#	G	D	E	R	K	N	Q	S	T	A	V	L	I	F	Y	W	H	M	C	P
0	0.00676	0.00493	0.00636	0.00695	0.00769	0.00453	0.00485	0.00822	0.01185	0.01604	0.27210	0.49376	0.10753	0.01442	0.00654	0.00196	0.00285	0.01292	0.00520	0.00453
1	0.01366	0.01313	0.01982	0.13471	0.56801	0.06360	0.01512	0.07635	0.01306	0.01777	0.00997	0.01296	0.00814	0.00497	0.00521	0.00158	0.00656	0.00463	0.00280	0.00794
2	0.01186	0.14136	0.41360	0.01807	0.13041	0.01383	0.16505	0.01657	0.01148	0.01621	0.00947	0.01165	0.00721	0.00479	0.00505	0.00160	0.00749	0.00432	0.00238	0.00760
3	0.02207	0.00863	0.01174	0.00913	0.01293	0.00749	0.00749	0.02416	0.01511	0.70733	0.09780	0.02018	0.01682	0.00698	0.00541	0.00164	0.00429	0.00575	0.00647	0.00859
4	0.00671	0.00488	0.00627	0.00711	0.00772	0.00453	0.00493	0.00789	0.01087	0.01442	0.11700	0.56183	0.11474	0.05605	0.00769	0.00222	0.00316	0.05269	0.00492	0.00437
5	0.01302	0.01275	0.02257	0.03129	0.69542	0.01265	0.10115	0.01631	0.01209	0.01723	0.01003	0.01322	0.00833	0.00468	0.00535	0.00159	0.00658	0.00488	0.00262	0.00823

[dist]
# distance from previous block
# <min> <max>
0	1

[block]
# block no. 2 follows, 46 sequences, length 41
# corresponding to MSA columns:
# 207-247
name=unknown_C
#
# <colnr> <probs for GDERKNQSTAVLIFYWHMCP>
#	G	D	E	R	K	N	Q	S	T	A	V	L	I	F	Y	W	H	M	C	P
0	0.01060	0.02735	0.78682	0.01507	0.02288	0.01228	0.01953	0.01674	0.01116	0.01674	0.00949	0.01116	0.00670	0.00502	0.00502	0.00167	0.00781	0.00391	0.00223	0.00781
1	0.01096	0.00940	0.01096	0.00783	0.01253	0.00705	0.00626	0.01331	0.01096	0.01723	0.00940	0.01096	0.00783	0.00392	0.00392	0.00078	0.00392	0.00313	0.00313	0.84653
2	0.00726	0.00540	0.00676	0.00642	0.00776	0.00490	0.00482	0.00955	0.01445	0.01998	0.65055	0.04150	0.17853	0.01126	0.00624	0.00168	0.00253	0.00984	0.00566	0.00490
3	0.02372	0.00900	0.01227	0.00941	0.01350	0.00777	0.00777	0.02576	0.01513	0.78489	0.02086	0.01799	0.01309	0.00654	0.00532	0.00164	0.00450	0.00532	0.00654	0.00900
4	0.00769	0.00513	0.00577	0.00577	0.00577	0.00513	0.00320	0.00769	0.00769	0.01025	0.01666	0.03460	0.01922	0.81421	0.02691	0.00513	0.00513	0.00769	0.00320	0.00320
5	0.01039	0.00603	0.00820	0.00849	0.00990	0.00567	0.00673	0.01223	0.01223	0.15022	0.10764	0.28605	0.03062	0.03416	0.00717	0.00219	0.00399	0.28747	0.00523	0.00538
6	0.85155	0.01022	0.00777	0.00695	0.01022	0.01186	0.00573	0.01554	0.00900	0.02372	0.00736	0.00859	0.00573	0.00491	0.00327	0.00164	0.00409	0.00286	0.00327	0.00573
7	0.85155	0.01022	0.00777	0.00695	0.01022	0.01186	0.00573	0.01554	0.00900	0.02372	0.00736	0.00859	0.00573	0.00491	0.00327	0.00164	0.00409	0.00286	0.00327	0.00573
8	0.00781	0.00572	0.00756	0.00817	0.00943	0.00547	0.00675	0.01003	0.01279	0.01691	0.23055	0.09145	0.14313	0.01352	0.00684	0.00212	0.00383	0.40797	0.00513	0.00481
9	0.00769	0.00513	0.00577	0.00577	0.00577	0.00513	0.00320	0.00769	0.00769	0.01025	0.01666	0.03460	0.01922	0.81421	0.02691	0.00513	0.00513	0.00769	0.00320	0.00320
10	0.02372	0.00900	0.01227	0.00941	0.01350	0.00777	0.00777	0.02576	0.01513	0.78489	0.02086	0.01799	0.01309	0.00654	0.00532	0.00164	0.00450	0.00532	0.00654	0.00900
11	0.85155	0.01022	0.00777	0.00695	0.01022	0.01186	0.00573	0.01554	0.00900	0.02372	0.00736	0.00859	0.00573	0.00491	0.00327	0.00164	0.00409	0.00286	0.00327	0.00573
12	0.00660	0.00484	0.00613	0.00707	0.00765	0.00447	0.00486	0.00765	0.01049	0.01372	0.04724	0.59851	0.14908	0.05855	0.00777	0.00226	0.00320	0.05078	0.00483	0.00430
13	0.00644	0.00460	0.00613	0.00736	0.00767	0.00429	0.00491	0.00736	0.01012	0.01350	0.02914	0.81076	0.03497	0.01656	0.00675	0.00215	0.00307	0.01503	0.00491	0.00429
14	0.01009	0.00950	0.01605	0.77525	0.06184	0.01177	0.01473	0.01360	0.01062	0.01364	0.00941	0.01406	0.00709	0.00527	0.00528	0.00176	0.00702	0.00470	0.00236	0.00596
15	0.00644	0.00460	0.00613	0.00736	0.00767	0.00429	0.00491	0.00736	0.01012	0.01350	0.02914	0.81076	0.03497	0.01656	0.00675	0.00215	0.00307	0.01503	0.00491	0.00429
16	0.01413	0.81739	0.02770	0.00905	0.01357	0.02092	0.00905	0.01583	0.01074	0.01244	0.00735	0.00848	0.00678	0.00452	0.00339	0.00113	0.00565	0.00283	0.00226	0.00678
17	0.00644	0.00460	0.00613	0.00736	0.00767	0.00429	0.00491	0.00736	0.01012	0.01350	0.02914	0.81076	0.03497	0.01656	0.00675	0.00215	0.00307	0.01503	0.00491	0.00429
18	0.01914	0.04782	0.03118	0.01424	0.04729	0.70549	0.01061	0.03743	0.01488	0.01364	0.00835	0.00975	0.00692	0.00540	0.00476	0.00137	0.00917	0.00348	0.00275	0.00634
19	0.01092	0.09714	0.71975	0.01454	0.02206	0.01304	0.01861	0.01666	0.01112	0.01636	0.00930	0.01092	0.00670	0.00498	0.00488	0.00163	0.00762	0.00381	0.00223	0.00772
20	0.01263	0.48017	0.35172	0.01162	0.01754	0.01723	0.01352	0.01622	0.01092	0.01428	0.00826	0.00962	0.00675	0.00474	0.00409	0.00136	0.00658	0.00329	0.00225	0.00722
21	0.01096	0.00940	0.01096	0.00783	0.01253	0.00705	0.00626	0.01331	0.01096	0.01723	0.00940	0.01096	0.00783	0.00392	0.00392	0.00078	0.00392	0.00313	0.00313	0.84653
22	0.00644	0.00460	0.00613	0.00736	0.00767	0.00429	0.00491	0.00736	0.01012	0.01350	0.02914	0.81076	0.03497	0.01656	0.00675	0.00215	0.00307	0.01503	0.00491	0.00429
23	0.01285	0.01232	0.02103	0.09151	0.72403	0.01250	0.01611	0.01602	0.01192	0.01698	0.00990	0.01316	0.00827	0.00475	0.00524	0.00158	0.00634	0.00471	0.00260	0.00818
24	0.05368	0.17553	0.60431	0.01352	0.02049	0.01389	0.01686	0.01651	0.01097	0.01628	0.00898	0.01053	0.00666	0.00492	0.00463	0.00157	0.00722	0.00365	0.00229	0.00751
25	0.00918	0.00459	0.00689	0.00689	0.00689	0.00459	0.00459	0.00689	0.00689	0.00918	0.00918	0.01607	0.00918	0.01837	0.02066	0.84619	0.00459	0.00459	0.00230	0.00230
26	0.00704	0.00533	0.00649	0.00638	0.00771	0.00479	0.00476	0.00904	0.01360	0.01831	0.47625	0.11002	0.27113	0.01217	0.00631	0.00176	0.00265	0.02605	0.00544	0.00477
27	0.05901	0.01326	0.09159	0.01161	0.03953	0.03871	0.00970	0.11968	0.33319	0.18242	0.03418	0.01689	0.01326	0.00654	0.00520	0.00169	0.00504	0.00526	0.00501	0.00824
28	0.01078	0.01027	0.01759	0.60032	0.20996	0.01198	0.03590	0.01424	0.01097	0.01448	0.00956	0.01386	0.00738	0.00513	0.00530	0.00172	0.00692	0.00474	0.00242	0.00649
29	0.01315	0.01136	0.01195	0.01076	0.01375	0.01315	0.00837	0.02809	0.77168	0.02211	0.02152	0.01972	0.01614	0.00717	0.00538	0.00179	0.00418	0.00598	0.00538	0.00837
30	0.00928	0.00580	0.00764	0.00696	0.00852	0.00530	0.00530	0.01173	0.01498	0.10598	0.69434	0.03710	0.04580	0.01033	0.00613	0.00166	0.00272	0.00909	0.00590	0.00543
31	0.01098	0.06408	0.68580	0.01514	0.04714	0.01275	0.01835	0.01725	0.04953	0.01682	0.01001	0.01153	0.00723	0.00510	0.00497	0.00165	0.00748	0.00399	0.00241	0.00781
32	0.02348	0.00938	0.01250	0.00959	0.01369	0.00833	0.00792	0.07408	0.01577	0.73568	0.02032	0.01765	0.01282	0.00653	0.00531	0.00163	0.00458	0.00528	0.00646	0.00900
33	0.02069	0.01330	0.01486	0.01145	0.01560	0.01422	0.00944	0.56031	0.05082	0.21161	0.01497	0.01422	0.01023	0.00642	0.00530	0.00161	0.00544	0.00494	0.00559	0.00897
34	0.74193	0.01067	0.00887	0.00858	0.04944	0.02821	0.00649	0.01639	0.03828	0.03983	0.00834	0.00946	0.00644	0.00503	0.00353	0.00163	0.00433	0.00314	0.00338	0.00604
35	0.00702	0.00564	0.00617	0.00617	0.00776	0.00500	0.00461	0.03658	0.01268	0.01588	0.14697	0.15049	0.53221	0.01323	0.00630	0.00183	0.00288	0.02887	0.00505	0.00469
36	0.01623	0.05450	0.01550	0.01189	0.01553	0.03827	0.09733	0.13312	0.29181	0.18287	0.01853	0.01945	0.02719	0.00691	0.00545	0.00171	0.00531	0.04537	0.00500	0.00803
37	0.01376	0.01717	0.35455	0.01240	0.03714	0.01010	0.03024	0.05452	0.03144	0.19458	0.07866	0.01786	0.05892	0.00638	0.00525	0.00161	0.00586	0.00525	0.00398	0.06033
38	0.01204	0.17674	0.55438	0.01435	0.03749	0.03807	0.04220	0.01694	0.01137	0.03667	0.00940	0.01093	0.00697	0.00496	0.00476	0.00156	0.00737	0.00382	0.00239	0.00759
39	0.11988	0.16044	0.40149	0.01213	0.01768	0.09167	0.01368	0.01670	0.03211	0.01696	0.06298	0.01242	0.00988	0.00543	0.00458	0.00155	0.00666	0.00399	0.00276	0.00701
40	0.01108	0.03713	0.10717	0.01021	0.05103	0.03314	0.02163	0.08773	0.06870	0.06071	0.14599	0.04754	0.25379	0.00909	0.00564	0.00166	0.00445	0.00761	0.00452	0.03119

[dist]
# distance from previous block
# <min> <max>
5	12

[block]
# block no. 3 follows, 46 sequences, length 10
# corresponding to MSA columns:
# 260-269
name=unknown_D
#
# <colnr> <probs for GDERKNQSTAVLIFYWHMCP>
#	G	D	E	R	K	N	Q	S	T	A	V	L	I	F	Y	W	H	M	C	P
0	0.03471	0.29851	0.36816	0.01271	0.01850	0.07072	0.05021	0.03940	0.01181	0.01580	0.02906	0.01100	0.00798	0.00504	0.00449	0.00147	0.00694	0.00376	0.00251	0.00721
1	0.04250	0.35148	0.24857	0.01192	0.01727	0.03947	0.05451	0.06680	0.03128	0.07624	0.00995	0.01093	0.00766	0.00505	0.00440	0.00144	0.00642	0.00376	0.00294	0.00741
2	0.10916	0.00955	0.01089	0.00960	0.03473	0.00981	0.00737	0.14372	0.13692	0.21269	0.11250	0.05634	0.10814	0.00812	0.00537	0.00169	0.00416	0.00665	0.00531	0.00729
3	0.01096	0.00940	0.01096	0.00783	0.01253	0.00705	0.00626	0.01331	0.01096	0.01723	0.00940	0.01096	0.00783	0.00392	0.00392	0.00078	0.00392	0.00313	0.00313	0.84653
4	0.01211	0.01632	0.16094	0.04142	0.02467	0.05616	0.49450	0.01677	0.03633	0.01652	0.01185	0.06532	0.00970	0.00551	0.00592	0.00176	0.00817	0.00619	0.00282	0.00701
5	0.01182	0.06999	0.21565	0.01852	0.02419	0.01301	0.47242	0.01629	0.01189	0.01645	0.01092	0.04685	0.00875	0.00510	0.00570	0.00170	0.00802	0.00571	0.00265	0.03438
6	0.00625	0.00536	0.00536	0.00536	0.00714	0.00446	0.00402	0.00759	0.01205	0.01428	0.05355	0.05088	0.77909	0.01339	0.00625	0.00179	0.00268	0.01116	0.00491	0.00446
7	0.01196	0.06132	0.52341	0.01621	0.02306	0.01271	0.19856	0.01725	0.01168	0.05957	0.01031	0.01217	0.00738	0.00495	0.00526	0.00167	0.00779	0.00450	0.00258	0.00766
8	0.00625	0.00536	0.00536	0.00536	0.00714	0.00446	0.00402	0.00759	0.01205	0.01428	0.05355	0.05088	0.77909	0.01339	0.00625	0.00179	0.00268	0.01116	0.00491	0.00446
9	0.01105	0.12680	0.69126	0.01431	0.02171	0.01337	0.01821	0.01663	0.01111	0.01620	0.00922	0.01082	0.00671	0.00496	0.00482	0.00161	0.00754	0.00377	0.00224	0.00768

[dist]
# distance from previous block
# <min> <max>
0	0

# created by:
# /st0/software/busco_prod/Augustus/scripts/msa2prfl.pl ./align_prep/216383.fa
