[name]
unknown

[dist]
# distance from previous block
# <min> <max>
0	48

[block]
# block no. 0 follows, 45 sequences, length 7
# corresponding to MSA columns:
# 48-54
name=unknown_A
#
# <colnr> <probs for GDERKNQSTAVLIFYWHMCP>
#	G	D	E	R	K	N	Q	S	T	A	V	L	I	F	Y	W	H	M	C	P
0	0.00900	0.00590	0.00762	0.00813	0.00919	0.00565	0.00596	0.05611	0.01213	0.07236	0.06150	0.54443	0.05861	0.01480	0.00668	0.00211	0.00359	0.10593	0.00517	0.00512
1	0.01554	0.01112	0.01210	0.01001	0.01341	0.03819	0.00794	0.19425	0.21995	0.14358	0.05927	0.06821	0.05811	0.00763	0.00539	0.00161	0.00460	0.00626	0.00520	0.11764
2	0.01234	0.01028	0.01227	0.00950	0.01329	0.00955	0.02832	0.12468	0.08330	0.01954	0.01271	0.06455	0.01117	0.04307	0.00639	0.00142	0.04783	0.00485	0.00378	0.48118
3	0.01187	0.00827	0.00968	0.00862	0.01114	0.00802	0.00657	0.08303	0.15028	0.10915	0.07264	0.25310	0.09601	0.01027	0.00577	0.00172	0.00380	0.00887	0.00508	0.13612
4	0.01327	0.00979	0.01148	0.00910	0.01264	0.00920	0.00724	0.14085	0.08140	0.08889	0.12155	0.06792	0.01714	0.00691	0.00543	0.00137	0.02998	0.00566	0.00453	0.35568
5	0.01697	0.01012	0.01289	0.04147	0.01479	0.00958	0.03345	0.11864	0.10129	0.29751	0.05805	0.04599	0.01432	0.00658	0.00522	0.00151	0.00467	0.00550	0.00516	0.19631
6	0.01601	0.00986	0.01245	0.00998	0.01346	0.00960	0.04433	0.09142	0.17522	0.26205	0.06348	0.02033	0.03771	0.05767	0.03085	0.00201	0.00493	0.00581	0.00516	0.12766

[dist]
# distance from previous block
# <min> <max>
23	61

[block]
# block no. 1 follows, 45 sequences, length 7
# corresponding to MSA columns:
# 121-127
name=unknown_B
#
# <colnr> <probs for GDERKNQSTAVLIFYWHMCP>
#	G	D	E	R	K	N	Q	S	T	A	V	L	I	F	Y	W	H	M	C	P
0	0.05438	0.00768	0.00919	0.00854	0.01067	0.00766	0.00653	0.04800	0.13198	0.18690	0.09639	0.25512	0.07501	0.03237	0.00656	0.00198	0.00385	0.04538	0.00540	0.00642
1	0.02775	0.00633	0.00837	0.06272	0.01087	0.00674	0.00653	0.05488	0.01118	0.01559	0.06824	0.38488	0.04193	0.01624	0.08546	0.06275	0.03951	0.04084	0.04432	0.00486
2	0.67848	0.01032	0.00857	0.00747	0.01077	0.01169	0.00612	0.07920	0.01097	0.05529	0.01088	0.01173	0.03998	0.00559	0.00373	0.00165	0.00420	0.00361	0.03361	0.00615
3	0.00672	0.00490	0.00636	0.00733	0.00793	0.00453	0.00509	0.00792	0.01102	0.01460	0.09841	0.62597	0.10964	0.01588	0.00678	0.00212	0.00312	0.05214	0.00506	0.00447
4	0.06527	0.00829	0.00957	0.00822	0.01089	0.00815	0.00644	0.08636	0.10103	0.22185	0.16462	0.05266	0.18019	0.04412	0.00664	0.00188	0.00386	0.00770	0.00551	0.00675
5	0.49691	0.01034	0.00964	0.00819	0.01155	0.01136	0.00668	0.11298	0.04999	0.13078	0.05963	0.01498	0.04489	0.00627	0.00430	0.00167	0.00428	0.00445	0.00439	0.00673
6	0.07550	0.00844	0.01075	0.00879	0.01204	0.00782	0.00707	0.02145	0.06845	0.48206	0.18601	0.05005	0.02197	0.00788	0.00552	0.00170	0.00402	0.00657	0.00611	0.00780

[dist]
# distance from previous block
# <min> <max>
10	19

[block]
# block no. 2 follows, 45 sequences, length 7
# corresponding to MSA columns:
# 147-153
name=unknown_C
#
# <colnr> <probs for GDERKNQSTAVLIFYWHMCP>
#	G	D	E	R	K	N	Q	S	T	A	V	L	I	F	Y	W	H	M	C	P
0	0.05998	0.01209	0.01347	0.03973	0.01535	0.08345	0.00881	0.19173	0.01714	0.47647	0.01703	0.01566	0.01118	0.00637	0.00524	0.00163	0.00543	0.00495	0.00568	0.00859
1	0.10120	0.00987	0.01221	0.00954	0.01345	0.00936	0.00785	0.12926	0.01617	0.55446	0.06610	0.01796	0.01433	0.00673	0.00525	0.00166	0.00459	0.00535	0.00610	0.00856
2	0.07247	0.01049	0.01442	0.01445	0.17060	0.00993	0.00973	0.08979	0.01523	0.51049	0.01731	0.01617	0.01147	0.00614	0.00525	0.00164	0.00503	0.00507	0.00551	0.00880
3	0.09104	0.01053	0.01693	0.50544	0.24499	0.01217	0.01449	0.01470	0.01100	0.01579	0.00950	0.01349	0.00741	0.00516	0.00516	0.00172	0.00665	0.00460	0.00255	0.00667
4	0.01014	0.00954	0.01610	0.79845	0.03697	0.01193	0.01491	0.01371	0.01073	0.01371	0.00954	0.01431	0.00716	0.00537	0.00537	0.00179	0.00716	0.00477	0.00239	0.00596
5	0.01271	0.00996	0.01389	0.11083	0.01741	0.00847	0.07939	0.01542	0.01174	0.10910	0.01107	0.01272	0.00851	0.00453	0.00455	0.00112	0.00494	0.00395	0.00345	0.55625
6	0.01427	0.01020	0.01198	0.00877	0.01338	0.00851	0.00709	0.11364	0.01361	0.13263	0.01170	0.01242	0.00889	0.00469	0.00437	0.00103	0.00432	0.00373	0.00398	0.61077

[dist]
# distance from previous block
# <min> <max>
4	8

[block]
# block no. 3 follows, 45 sequences, length 39
# corresponding to MSA columns:
# 162-200
name=unknown_D
#
# <colnr> <probs for GDERKNQSTAVLIFYWHMCP>
#	G	D	E	R	K	N	Q	S	T	A	V	L	I	F	Y	W	H	M	C	P
0	0.01085	0.02726	0.75963	0.01516	0.02295	0.01249	0.01948	0.01736	0.03479	0.01717	0.01001	0.01160	0.00710	0.00517	0.00511	0.00170	0.00782	0.00403	0.00237	0.00795
1	0.01309	0.01255	0.02143	0.08065	0.73169	0.01270	0.01638	0.01630	0.01213	0.01730	0.01006	0.01335	0.00842	0.00482	0.00532	0.00161	0.00643	0.00478	0.00264	0.00834
2	0.01340	0.01343	0.04430	0.07281	0.61255	0.03676	0.06090	0.01700	0.03092	0.03091	0.01053	0.01350	0.00859	0.00493	0.00536	0.00162	0.00665	0.00485	0.00278	0.00821
3	0.01435	0.81458	0.02813	0.00918	0.01378	0.02124	0.00918	0.01607	0.01091	0.01263	0.00746	0.00861	0.00689	0.00459	0.00344	0.00115	0.00574	0.00287	0.00230	0.00689
4	0.01113	0.00954	0.01113	0.00795	0.01272	0.00716	0.00636	0.01352	0.01113	0.01749	0.00954	0.01113	0.00795	0.00398	0.00398	0.00080	0.00398	0.00318	0.00318	0.84417
5	0.04297	0.02298	0.01500	0.01329	0.01631	0.61974	0.01013	0.12905	0.05125	0.01688	0.00957	0.01060	0.00764	0.00573	0.00490	0.00144	0.00873	0.00376	0.00328	0.00674
6	0.00761	0.00551	0.00724	0.00722	0.00841	0.00514	0.00554	0.00994	0.01423	0.01977	0.57301	0.11450	0.07258	0.01216	0.00654	0.00185	0.00294	0.11522	0.00565	0.00496
7	0.02019	0.01559	0.01595	0.01240	0.01657	0.06447	0.01017	0.69426	0.04486	0.03224	0.01285	0.01288	0.00919	0.00641	0.00534	0.00160	0.00610	0.00478	0.00521	0.00893
8	0.73443	0.01021	0.00853	0.00741	0.01084	0.01146	0.00610	0.01722	0.01000	0.12951	0.00938	0.01005	0.00685	0.00521	0.00361	0.00166	0.00421	0.00325	0.00378	0.00628
9	0.00856	0.00568	0.00746	0.00695	0.00835	0.00521	0.00523	0.01101	0.01504	0.06707	0.70418	0.06496	0.04788	0.01091	0.00629	0.00170	0.00267	0.00964	0.00592	0.00529
10	0.01070	0.01097	0.02188	0.01685	0.02046	0.01040	0.45397	0.01451	0.03945	0.01657	0.03538	0.18788	0.03179	0.00873	0.00654	0.00196	0.00688	0.09509	0.00367	0.00631
11	0.02408	0.00914	0.01246	0.00955	0.01370	0.00789	0.00789	0.02616	0.01536	0.78158	0.02118	0.01827	0.01329	0.00664	0.00540	0.00166	0.00457	0.00540	0.00664	0.00914
12	0.01329	0.01275	0.02179	0.03295	0.77787	0.01275	0.01647	0.01647	0.01222	0.01754	0.01010	0.01329	0.00850	0.00478	0.00531	0.00159	0.00638	0.00478	0.00266	0.00850
13	0.00741	0.00546	0.00693	0.00661	0.00792	0.00498	0.00494	0.00974	0.01467	0.02040	0.66161	0.06458	0.14182	0.01148	0.00635	0.00172	0.00257	0.01008	0.00576	0.00498
14	0.00673	0.00484	0.00643	0.00764	0.00809	0.00454	0.00530	0.00783	0.01054	0.01395	0.03028	0.71185	0.05925	0.01652	0.00689	0.00220	0.00328	0.08444	0.00498	0.00442
15	0.02408	0.00914	0.01246	0.00955	0.01370	0.00789	0.00789	0.02616	0.01536	0.78158	0.02118	0.01827	0.01329	0.00664	0.00540	0.00166	0.00457	0.00540	0.00664	0.00914
16	0.02041	0.01504	0.01611	0.01235	0.01665	0.01665	0.01020	0.75997	0.02524	0.03383	0.01289	0.01289	0.00913	0.00644	0.00537	0.00161	0.00591	0.00483	0.00537	0.00913
17	0.01285	0.01230	0.02090	0.09352	0.69815	0.01247	0.01602	0.01602	0.01210	0.01715	0.01122	0.01438	0.02869	0.00506	0.00535	0.00162	0.00634	0.00495	0.00270	0.00819
18	0.01274	0.01220	0.02081	0.16472	0.65033	0.01261	0.01620	0.01600	0.01197	0.01688	0.01000	0.01346	0.00827	0.00488	0.00532	0.00163	0.00651	0.00478	0.00261	0.00807
19	0.01014	0.00954	0.01610	0.79845	0.03697	0.01193	0.01491	0.01371	0.01073	0.01371	0.00954	0.01431	0.00716	0.00537	0.00537	0.00179	0.00716	0.00477	0.00239	0.00596
20	0.01329	0.01275	0.02179	0.03295	0.77787	0.01275	0.01647	0.01647	0.01222	0.01754	0.01010	0.01329	0.00850	0.00478	0.00531	0.00159	0.00638	0.00478	0.00266	0.00850
21	0.01064	0.02689	0.75298	0.01496	0.02263	0.01218	0.01925	0.01673	0.01149	0.01718	0.03976	0.01247	0.00853	0.00533	0.00515	0.00170	0.00772	0.00419	0.00241	0.00782
22	0.02235	0.01157	0.11306	0.01030	0.01495	0.00849	0.00945	0.02496	0.01484	0.68183	0.01967	0.01737	0.01244	0.00644	0.00536	0.00167	0.00501	0.00521	0.00607	0.00898
23	0.00852	0.00607	0.00842	0.00959	0.01073	0.00605	0.00824	0.01081	0.01206	0.01570	0.02794	0.09154	0.03056	0.05201	0.00832	0.00259	0.00488	0.67628	0.00487	0.00484
24	0.01329	0.01275	0.02179	0.03295	0.77787	0.01275	0.01647	0.01647	0.01222	0.01754	0.01010	0.01329	0.00850	0.00478	0.00531	0.00159	0.00638	0.00478	0.00266	0.00850
25	0.01272	0.02402	0.60924	0.01523	0.02242	0.01196	0.08848	0.01824	0.01200	0.11894	0.01129	0.01256	0.00779	0.00525	0.00526	0.00171	0.00759	0.00438	0.00289	0.00803
26	0.01832	0.01515	0.15247	0.01157	0.01602	0.03998	0.01067	0.31164	0.04441	0.22951	0.01503	0.01609	0.01089	0.07491	0.00719	0.00195	0.00593	0.00508	0.00488	0.00829
27	0.00783	0.00579	0.00703	0.00699	0.00852	0.00530	0.00545	0.01020	0.03127	0.03554	0.35495	0.06530	0.29301	0.01245	0.00648	0.00187	0.00309	0.12850	0.00542	0.00502
28	0.02300	0.05611	0.03972	0.00978	0.01409	0.00898	0.00842	0.03948	0.01516	0.69691	0.01984	0.01738	0.01262	0.00647	0.00528	0.00163	0.00478	0.00519	0.00622	0.00897
29	0.01274	0.01222	0.02103	0.12605	0.63970	0.01249	0.04029	0.01600	0.01206	0.01701	0.01059	0.01484	0.00898	0.00514	0.00542	0.00165	0.00652	0.02653	0.00269	0.00804
30	0.00712	0.00539	0.00793	0.00859	0.00929	0.00508	0.04783	0.00842	0.01064	0.01416	0.02840	0.68099	0.03345	0.01591	0.00688	0.00219	0.00365	0.09463	0.00485	0.00459
31	0.01044	0.00985	0.01664	0.72547	0.10760	0.01200	0.01506	0.01398	0.01088	0.01408	0.00959	0.01421	0.00728	0.00531	0.00536	0.00177	0.00708	0.00477	0.00241	0.00621
32	0.03416	0.04112	0.66099	0.01473	0.02209	0.01230	0.04242	0.01770	0.01164	0.07892	0.01051	0.01187	0.00734	0.00519	0.00508	0.00169	0.00755	0.00411	0.00266	0.00793
33	0.01317	0.01349	0.04882	0.09811	0.60332	0.03291	0.06578	0.02882	0.01238	0.01732	0.01008	0.01329	0.00827	0.00488	0.00537	0.00162	0.00676	0.00482	0.00267	0.00813
34	0.84927	0.01038	0.00789	0.00706	0.01038	0.01204	0.00581	0.01578	0.00914	0.02408	0.00747	0.00872	0.00581	0.00498	0.00332	0.00166	0.00415	0.00291	0.00332	0.00581
35	0.01314	0.01260	0.02152	0.06860	0.74336	0.01272	0.01640	0.01635	0.01215	0.01736	0.01007	0.01333	0.00844	0.00481	0.00532	0.00160	0.00641	0.00478	0.00264	0.00838
36	0.01377	0.01132	0.04803	0.01010	0.03910	0.03020	0.00808	0.11905	0.04075	0.09944	0.03816	0.05814	0.01187	0.00579	0.00473	0.00123	0.00464	0.00474	0.00405	0.44682
37	0.00747	0.00586	0.00683	0.00646	0.00812	0.00530	0.00487	0.01012	0.04899	0.01869	0.43544	0.04293	0.33338	0.01164	0.00623	0.00172	0.00272	0.01000	0.00545	0.02776
38	0.01592	0.14723	0.05789	0.01488	0.09637	0.24424	0.08157	0.11341	0.04187	0.03875	0.08615	0.01445	0.01232	0.00593	0.00507	0.00151	0.00702	0.00474	0.00349	0.00717

[dist]
# distance from previous block
# <min> <max>
0	42

# created by:
# /st0/software/busco_prod/Augustus/scripts/msa2prfl.pl ./align_prep/216846.fa
