[name]
unknown

[dist]
# distance from previous block
# <min> <max>
34	114

[block]
# block no. 0 follows, 43 sequences, length 59
# corresponding to MSA columns:
# 133-191
name=unknown_A
#
# <colnr> <probs for GDERKNQSTAVLIFYWHMCP>
#	G	D	E	R	K	N	Q	S	T	A	V	L	I	F	Y	W	H	M	C	P
0	0.01897	0.00996	0.01230	0.05819	0.01490	0.03496	0.00826	0.05189	0.09444	0.42886	0.07913	0.05302	0.03935	0.00761	0.00562	0.00170	0.00475	0.00631	0.00584	0.06392
1	0.01577	0.05539	0.01231	0.00964	0.01258	0.05217	0.00773	0.17451	0.03491	0.20077	0.15224	0.10437	0.08376	0.01033	0.02937	0.00197	0.00500	0.02448	0.00546	0.00725
2	0.06712	0.09850	0.05537	0.05202	0.01429	0.01114	0.00869	0.11530	0.03174	0.17915	0.16584	0.02393	0.10604	0.00816	0.00600	0.00171	0.03640	0.00649	0.00493	0.00719
3	0.05295	0.12585	0.13725	0.01161	0.03774	0.11412	0.01044	0.05486	0.02929	0.12859	0.06598	0.01967	0.11048	0.00734	0.00593	0.00165	0.05042	0.00554	0.00400	0.02628
4	0.03098	0.21286	0.09444	0.01021	0.01387	0.05043	0.00936	0.07251	0.04297	0.13235	0.08891	0.10002	0.05662	0.00834	0.00560	0.00169	0.02187	0.03555	0.00435	0.00708
5	0.06112	0.08304	0.08861	0.01011	0.01384	0.01038	0.03269	0.07112	0.06487	0.23587	0.19388	0.04647	0.04858	0.00799	0.00558	0.00171	0.00476	0.00665	0.00522	0.00749
6	0.13726	0.07599	0.02843	0.03186	0.01378	0.01181	0.00815	0.17870	0.07696	0.15651	0.09162	0.02170	0.11192	0.00766	0.00527	0.00168	0.00471	0.00603	0.00501	0.02495
7	0.03704	0.00954	0.01130	0.00960	0.01277	0.00962	0.00760	0.06501	0.23571	0.30267	0.10758	0.07282	0.07691	0.00869	0.00581	0.00181	0.00421	0.00727	0.00601	0.00801
8	0.01475	0.06051	0.03549	0.00954	0.01265	0.00912	0.03824	0.04236	0.10210	0.24640	0.27708	0.02770	0.06419	0.02713	0.00638	0.00181	0.00429	0.00735	0.00565	0.00726
9	0.04174	0.04175	0.01240	0.00965	0.01291	0.01010	0.00774	0.15983	0.06751	0.32364	0.08118	0.08101	0.03588	0.06604	0.00732	0.00202	0.00472	0.02102	0.00572	0.00784
10	0.01444	0.47975	0.09999	0.01044	0.01498	0.05985	0.01017	0.05218	0.06399	0.03181	0.04208	0.04370	0.01112	0.00592	0.00437	0.00139	0.00594	0.00431	0.00316	0.04040
11	0.04593	0.01116	0.03737	0.01031	0.01400	0.01046	0.03875	0.11185	0.13251	0.02063	0.04270	0.08409	0.01407	0.03070	0.00649	0.00159	0.04821	0.00570	0.00413	0.32934
12	0.15065	0.01040	0.01187	0.00940	0.01328	0.01014	0.00762	0.13120	0.06204	0.30172	0.07343	0.01748	0.01424	0.02370	0.00555	0.00165	0.00459	0.00514	0.00533	0.14056
13	0.03180	0.08350	0.02023	0.06691	0.09650	0.01258	0.20572	0.01827	0.14280	0.01832	0.01224	0.01415	0.00963	0.00511	0.00518	0.00149	0.00617	0.00490	0.00338	0.24112
14	0.03235	0.00870	0.01051	0.00851	0.01163	0.00796	0.00674	0.11220	0.01592	0.14531	0.34686	0.02606	0.02866	0.00810	0.00559	0.00150	0.00381	0.00685	0.00541	0.20734
15	0.03275	0.17994	0.46508	0.01478	0.02146	0.01437	0.11020	0.01724	0.01199	0.03293	0.04261	0.01292	0.00928	0.00537	0.00510	0.00165	0.00747	0.00444	0.00269	0.00772
16	0.00689	0.00547	0.00618	0.00632	0.00777	0.00477	0.00462	0.00849	0.01296	0.01651	0.21840	0.19030	0.46372	0.01401	0.00664	0.00191	0.00284	0.01205	0.00537	0.00477
17	0.01418	0.01210	0.01275	0.01135	0.01455	0.01396	0.00886	0.06922	0.72036	0.02381	0.02203	0.02026	0.01649	0.00747	0.00563	0.00187	0.00448	0.00619	0.00563	0.00880
18	0.00962	0.00481	0.00722	0.00722	0.00722	0.00481	0.00481	0.00722	0.00722	0.00962	0.00962	0.01684	0.00962	0.01924	0.02165	0.83886	0.00481	0.00481	0.00241	0.00241
19	0.01307	0.01494	0.03268	0.02334	0.02894	0.01401	0.75070	0.01774	0.01307	0.01774	0.01120	0.01494	0.00840	0.00467	0.00654	0.00187	0.00934	0.00654	0.00280	0.00747
20	0.00660	0.00561	0.00568	0.00566	0.00751	0.00470	0.00425	0.00805	0.01275	0.01525	0.08465	0.05282	0.73984	0.01392	0.00655	0.00187	0.00280	0.01162	0.00518	0.00470
21	0.01026	0.00629	0.00794	0.00732	0.00906	0.00575	0.00552	0.01262	0.03657	0.12817	0.42454	0.08598	0.16302	0.02865	0.00749	0.03659	0.00319	0.00965	0.00576	0.00564
22	0.00898	0.00603	0.00780	0.00729	0.00879	0.00561	0.00548	0.01183	0.03785	0.06802	0.64170	0.08271	0.06391	0.01133	0.00648	0.00178	0.00283	0.00999	0.00605	0.00554
23	0.84448	0.01071	0.00814	0.00728	0.01071	0.01242	0.00600	0.01628	0.00943	0.02485	0.00771	0.00900	0.00600	0.00514	0.00343	0.00171	0.00428	0.00300	0.00343	0.00600
24	0.02232	0.01076	0.01335	0.01053	0.01463	0.01047	0.00860	0.13421	0.14970	0.53223	0.02071	0.01835	0.01365	0.00694	0.00558	0.00174	0.00486	0.00561	0.00644	0.00931
25	0.00685	0.00529	0.00625	0.00672	0.00785	0.00469	0.00477	0.00827	0.01228	0.01583	0.16460	0.36695	0.33984	0.01498	0.00676	0.00201	0.00295	0.01312	0.00530	0.00469
26	0.02485	0.00943	0.01285	0.00985	0.01414	0.00814	0.00814	0.02699	0.01585	0.77465	0.02185	0.01885	0.01371	0.00685	0.00557	0.00171	0.00471	0.00557	0.00685	0.00943
27	0.84448	0.01071	0.00814	0.00728	0.01071	0.01242	0.00600	0.01628	0.00943	0.02485	0.00771	0.00900	0.00600	0.00514	0.00343	0.00171	0.00428	0.00300	0.00343	0.00600
28	0.00875	0.00605	0.00758	0.00705	0.00866	0.00556	0.00533	0.01154	0.03743	0.06254	0.59501	0.04135	0.15938	0.01138	0.00645	0.00176	0.00281	0.00992	0.00598	0.00548
29	0.01255	0.01070	0.01135	0.01037	0.01324	0.01204	0.00811	0.03954	0.59040	0.02178	0.02787	0.02782	0.13272	0.00892	0.00588	0.00191	0.00421	0.04710	0.00553	0.00795
30	0.01148	0.00984	0.01148	0.00820	0.01312	0.00738	0.00656	0.01395	0.01148	0.01805	0.00984	0.01148	0.00820	0.00410	0.00410	0.00082	0.00410	0.00328	0.00328	0.83922
31	0.00805	0.00537	0.00604	0.00604	0.00604	0.00537	0.00336	0.00805	0.00805	0.01074	0.01745	0.03624	0.02013	0.80536	0.02819	0.00537	0.00537	0.00805	0.00336	0.00336
32	0.00771	0.00564	0.00723	0.00688	0.00820	0.00516	0.00514	0.01018	0.01531	0.02143	0.69225	0.06093	0.10985	0.01169	0.00655	0.00176	0.00264	0.01029	0.00600	0.00516
33	0.00784	0.00566	0.00740	0.00697	0.00827	0.00523	0.00523	0.01045	0.01568	0.02221	0.76789	0.04137	0.05226	0.01132	0.00653	0.00174	0.00261	0.01002	0.00610	0.00523
34	0.02485	0.00943	0.01285	0.00985	0.01414	0.00814	0.00814	0.02699	0.01585	0.77465	0.02185	0.01885	0.01371	0.00685	0.00557	0.00171	0.00471	0.00557	0.00685	0.00943
35	0.77208	0.01166	0.05060	0.00783	0.01155	0.01231	0.00686	0.01670	0.00976	0.04871	0.00829	0.00946	0.00630	0.00520	0.00360	0.00172	0.00451	0.00314	0.00348	0.00623
36	0.00686	0.00562	0.00605	0.00594	0.00768	0.00481	0.00446	0.00856	0.01337	0.01674	0.23065	0.05037	0.59291	0.01336	0.00654	0.00184	0.00276	0.01128	0.00538	0.00481
37	0.01186	0.02759	0.73462	0.01546	0.02343	0.01260	0.01978	0.01806	0.01192	0.05921	0.01059	0.01209	0.00738	0.00535	0.00528	0.00175	0.00799	0.00417	0.00259	0.00825
38	0.00805	0.00537	0.00604	0.00604	0.00604	0.00537	0.00336	0.00805	0.00805	0.01074	0.01745	0.03624	0.02013	0.80536	0.02819	0.00537	0.00537	0.00805	0.00336	0.00336
39	0.16997	0.01432	0.01494	0.03968	0.01666	0.01602	0.00982	0.56779	0.04726	0.03194	0.01247	0.01282	0.00898	0.00636	0.00516	0.00169	0.00575	0.00467	0.00505	0.00866
40	0.01371	0.01316	0.02248	0.03399	0.77081	0.01316	0.01700	0.01700	0.01261	0.01809	0.01042	0.01371	0.00877	0.00493	0.00548	0.00164	0.00658	0.00493	0.00274	0.00877
41	0.01046	0.00984	0.01661	0.79205	0.03814	0.01230	0.01538	0.01415	0.01107	0.01415	0.00984	0.01477	0.00738	0.00554	0.00554	0.00185	0.00738	0.00492	0.00246	0.00615
42	0.00655	0.00561	0.00561	0.00561	0.00748	0.00468	0.00421	0.00795	0.01262	0.01496	0.05610	0.05330	0.76857	0.01403	0.00655	0.00187	0.00281	0.01169	0.00514	0.00468
43	0.00804	0.00584	0.00690	0.00668	0.00833	0.00518	0.00510	0.01004	0.01396	0.04955	0.35317	0.04709	0.36901	0.02911	0.00702	0.00193	0.00301	0.05934	0.00558	0.00511
44	0.02246	0.01137	0.07351	0.01318	0.10463	0.00910	0.01015	0.02507	0.01514	0.62595	0.01957	0.01768	0.01260	0.00650	0.00554	0.00171	0.00520	0.00538	0.00602	0.00925
45	0.01307	0.01494	0.03268	0.02334	0.02894	0.01401	0.75070	0.01774	0.01307	0.01774	0.01120	0.01494	0.00840	0.00467	0.00654	0.00187	0.00934	0.00654	0.00280	0.00747
46	0.01214	0.01172	0.02037	0.38869	0.38074	0.01281	0.06233	0.01571	0.01192	0.01622	0.01020	0.01428	0.00810	0.00520	0.00557	0.00175	0.00713	0.00503	0.00261	0.00746
47	0.01228	0.01191	0.01924	0.42192	0.36982	0.03868	0.01596	0.01571	0.01193	0.01592	0.01006	0.01412	0.00800	0.00527	0.00549	0.00174	0.00711	0.00488	0.00260	0.00735
48	0.01032	0.00516	0.00516	0.00516	0.00645	0.00516	0.00387	0.01290	0.01161	0.02065	0.01807	0.02065	0.01420	0.00645	0.00387	0.00129	0.00258	0.00516	0.83611	0.00516
49	0.08736	0.04764	0.54795	0.04678	0.06358	0.01313	0.03361	0.04750	0.01205	0.01854	0.01002	0.01226	0.00745	0.02251	0.00560	0.00181	0.00752	0.00421	0.00263	0.00784
50	0.00896	0.01119	0.17396	0.00917	0.01213	0.00762	0.00872	0.01342	0.08608	0.02005	0.42041	0.06444	0.10386	0.02750	0.00667	0.00187	0.00409	0.00871	0.00505	0.00609
51	0.01032	0.00516	0.00516	0.00516	0.00645	0.00516	0.00387	0.01290	0.01161	0.02065	0.01807	0.02065	0.01420	0.00645	0.00387	0.00129	0.00258	0.00516	0.83611	0.00516
52	0.58768	0.01244	0.01156	0.07352	0.07269	0.08632	0.03220	0.01703	0.01068	0.04053	0.00863	0.01035	0.00670	0.00524	0.00406	0.00170	0.00543	0.00353	0.00331	0.00640
53	0.84448	0.01071	0.00814	0.00728	0.01071	0.01242	0.00600	0.01628	0.00943	0.02485	0.00771	0.00900	0.00600	0.00514	0.00343	0.00171	0.00428	0.00300	0.00343	0.00600
54	0.02053	0.01508	0.01620	0.01256	0.01688	0.01670	0.01033	0.67659	0.08696	0.04983	0.01425	0.01403	0.01013	0.00672	0.00555	0.00168	0.00592	0.00510	0.00558	0.00936
55	0.84448	0.01071	0.00814	0.00728	0.01071	0.01242	0.00600	0.01628	0.00943	0.02485	0.00771	0.00900	0.00600	0.00514	0.00343	0.00171	0.00428	0.00300	0.00343	0.00600
56	0.00675	0.00482	0.00643	0.00771	0.00803	0.00450	0.00514	0.00771	0.01060	0.01414	0.03053	0.80175	0.03663	0.01735	0.00707	0.00225	0.00321	0.01574	0.00514	0.00450
57	0.00778	0.00564	0.00733	0.00696	0.00825	0.00519	0.00520	0.01031	0.01546	0.02180	0.72926	0.06344	0.06944	0.01156	0.00655	0.00176	0.00263	0.01022	0.00605	0.00519
58	0.00833	0.00653	0.00980	0.01031	0.04178	0.00629	0.06923	0.02586	0.01114	0.01489	0.02571	0.48868	0.02961	0.12455	0.00992	0.00265	0.00446	0.10070	0.00460	0.00495

[dist]
# distance from previous block
# <min> <max>
1	2

[block]
# block no. 1 follows, 43 sequences, length 11
# corresponding to MSA columns:
# 194-204
name=unknown_B
#
# <colnr> <probs for GDERKNQSTAVLIFYWHMCP>
#	G	D	E	R	K	N	Q	S	T	A	V	L	I	F	Y	W	H	M	C	P
0	0.10632	0.28143	0.13847	0.01713	0.20881	0.10640	0.01288	0.03985	0.01244	0.01705	0.00901	0.01082	0.00747	0.00509	0.00452	0.00149	0.00674	0.00378	0.00273	0.00757
1	0.06822	0.16781	0.07873	0.02451	0.45925	0.05544	0.01454	0.01752	0.03275	0.01742	0.00992	0.01232	0.00828	0.00505	0.00494	0.00156	0.00654	0.00433	0.00277	0.00810
2	0.01272	0.16788	0.08864	0.01197	0.06581	0.09465	0.00963	0.08758	0.01222	0.01567	0.01259	0.04055	0.01196	0.14968	0.17485	0.00376	0.02503	0.00538	0.00314	0.00629
3	0.00804	0.00586	0.00856	0.00856	0.00951	0.00675	0.00657	0.00994	0.00899	0.01313	0.01514	0.02249	0.01421	0.08161	0.70273	0.00832	0.01370	0.00601	0.04501	0.00487
4	0.00991	0.00758	0.00984	0.01121	0.12606	0.00761	0.00662	0.06373	0.03558	0.01687	0.19353	0.03262	0.05951	0.37739	0.01629	0.00341	0.00481	0.00792	0.00421	0.00529
5	0.01103	0.01042	0.01764	0.65961	0.16615	0.01245	0.01566	0.01465	0.01134	0.01484	0.00994	0.01458	0.00763	0.00543	0.00553	0.00181	0.00724	0.00492	0.00251	0.00661
6	0.01032	0.00516	0.00516	0.00516	0.00645	0.00516	0.00387	0.01290	0.01161	0.02065	0.01807	0.02065	0.01420	0.00645	0.00387	0.00129	0.00258	0.00516	0.83611	0.00516
7	0.06593	0.01046	0.01360	0.00981	0.01471	0.00844	0.08831	0.01451	0.01152	0.01846	0.00985	0.01170	0.00808	0.00423	0.00433	0.00099	0.00469	0.00362	0.00324	0.69352
8	0.40382	0.09826	0.11632	0.05311	0.01582	0.12020	0.00988	0.07004	0.03387	0.02116	0.00907	0.01045	0.00704	0.00539	0.00423	0.00163	0.00607	0.00356	0.00325	0.00680
9	0.01032	0.00516	0.00516	0.00516	0.00645	0.00516	0.00387	0.01290	0.01161	0.02065	0.01807	0.02065	0.01420	0.00645	0.00387	0.00129	0.00258	0.00516	0.83611	0.00516
10	0.78483	0.01035	0.00809	0.00726	0.01054	0.01191	0.00594	0.01586	0.00987	0.02466	0.06191	0.01130	0.00930	0.00558	0.00365	0.00172	0.00417	0.00350	0.00362	0.00594

[dist]
# distance from previous block
# <min> <max>
0	13

[block]
# block no. 2 follows, 43 sequences, length 14
# corresponding to MSA columns:
# 218-227,229-232
name=unknown_C
#
# <colnr> <probs for GDERKNQSTAVLIFYWHMCP>
#	G	D	E	R	K	N	Q	S	T	A	V	L	I	F	Y	W	H	M	C	P
0	0.54865	0.01244	0.01119	0.00924	0.01303	0.01413	0.00762	0.28073	0.01539	0.02846	0.00972	0.01054	0.00723	0.00568	0.00419	0.00170	0.00493	0.00371	0.00419	0.00723
1	0.00805	0.00537	0.00604	0.00604	0.00604	0.00537	0.00336	0.00805	0.00805	0.01074	0.01745	0.03624	0.02013	0.80536	0.02819	0.00537	0.00537	0.00805	0.00336	0.00336
2	0.00722	0.00502	0.00629	0.00711	0.00732	0.00481	0.00450	0.00783	0.00969	0.01292	0.02583	0.52672	0.03070	0.30046	0.01466	0.00337	0.00399	0.01298	0.00450	0.00409
3	0.01205	0.01167	0.01910	0.01364	0.01881	0.00976	0.27391	0.01531	0.01205	0.01794	0.01033	0.01273	0.00828	0.00431	0.00498	0.00120	0.00598	0.00445	0.00311	0.54039
4	0.00859	0.00481	0.00693	0.00739	0.00751	0.00470	0.00493	0.00739	0.00843	0.01124	0.01713	0.29883	0.01932	0.01856	0.01641	0.53829	0.00424	0.00874	0.00339	0.00316
5	0.31110	0.01229	0.02088	0.01575	0.02000	0.01242	0.39539	0.01618	0.01155	0.02005	0.03197	0.05844	0.01053	0.00698	0.03148	0.00207	0.00717	0.00586	0.00326	0.00663
6	0.02105	0.01551	0.01662	0.01274	0.01717	0.01717	0.01053	0.75235	0.02604	0.03490	0.01330	0.01330	0.00942	0.00665	0.00554	0.00166	0.00609	0.00499	0.00554	0.00942
7	0.00992	0.00662	0.01059	0.28919	0.01833	0.00750	0.00861	0.00971	0.00860	0.01125	0.00970	0.01609	0.00882	0.01432	0.01586	0.53815	0.00573	0.00485	0.00243	0.00375
8	0.01014	0.00907	0.01479	0.27337	0.25628	0.00977	0.01221	0.01273	0.01139	0.01538	0.01745	0.29718	0.01832	0.00959	0.00607	0.00193	0.00563	0.00881	0.00351	0.00638
9	0.01427	0.01188	0.01661	0.51207	0.03061	0.01405	0.01364	0.27937	0.01645	0.02161	0.01108	0.01424	0.00811	0.00594	0.00554	0.00178	0.00692	0.00495	0.00357	0.00733
10	0.00758	0.00517	0.00618	0.00664	0.00676	0.00506	0.00400	0.00793	0.00897	0.01196	0.02215	0.31127	0.02606	0.52225	0.02060	0.00425	0.00459	0.01082	0.00400	0.00377
11	0.00754	0.00515	0.00619	0.00670	0.00683	0.00502	0.00406	0.00792	0.00906	0.01209	0.02263	0.33951	0.02667	0.49318	0.01982	0.00413	0.00452	0.01110	0.00406	0.00381
12	0.01309	0.01017	0.01142	0.01079	0.05194	0.01118	0.00751	0.16787	0.28069	0.02046	0.01784	0.02429	0.01591	0.29416	0.01414	0.02546	0.00521	0.00654	0.00456	0.00679
13	0.54351	0.00859	0.00752	0.00744	0.00975	0.00958	0.00569	0.01320	0.00985	0.02100	0.01591	0.29381	0.01700	0.00953	0.00474	0.00191	0.00390	0.00758	0.00404	0.00546

[dist]
# distance from previous block
# <min> <max>
0	28

# created by:
# /st0/software/busco_prod/Augustus/scripts/msa2prfl.pl ./align_prep/216839.fa
