[name]
unknown

[dist]
# distance from previous block
# <min> <max>
0	44

[block]
# block no. 0 follows, 46 sequences, length 20
# corresponding to MSA columns:
# 44-63
name=unknown_A
#
# <colnr> <probs for GDERKNQSTAVLIFYWHMCP>
#	G	D	E	R	K	N	Q	S	T	A	V	L	I	F	Y	W	H	M	C	P
0	0.75870	0.00985	0.00796	0.00725	0.01038	0.01127	0.00601	0.01544	0.00943	0.04422	0.00945	0.01308	0.00798	0.00576	0.00366	0.00170	0.00417	0.06446	0.00349	0.00575
1	0.00782	0.00584	0.00794	0.00821	0.05459	0.00545	0.00567	0.01035	0.01479	0.02096	0.73204	0.03790	0.04738	0.01044	0.00617	0.00166	0.00272	0.00927	0.00563	0.00519
2	0.01360	0.01140	0.01216	0.01085	0.01386	0.01307	0.00855	0.10477	0.64691	0.02292	0.02098	0.02139	0.01625	0.00753	0.00549	0.00181	0.00440	0.05051	0.00534	0.00822
3	0.01294	0.01241	0.02120	0.06846	0.74635	0.01252	0.01615	0.01610	0.01197	0.01709	0.00992	0.01313	0.00831	0.00474	0.00524	0.00158	0.00632	0.00471	0.00260	0.00826
4	0.04186	0.02671	0.75786	0.01477	0.02241	0.01226	0.01902	0.01670	0.01108	0.01700	0.00941	0.01107	0.00666	0.00502	0.00496	0.00167	0.00767	0.00387	0.00227	0.00774
5	0.09424	0.22435	0.05822	0.01625	0.03281	0.04340	0.37853	0.04568	0.01225	0.03207	0.00963	0.01190	0.00752	0.00470	0.00504	0.00156	0.00733	0.00472	0.00278	0.00703
6	0.00739	0.00533	0.00698	0.00672	0.00788	0.00492	0.00498	0.00974	0.01452	0.02049	0.70977	0.11017	0.04851	0.01134	0.00628	0.00171	0.00255	0.01006	0.00574	0.00492
7	0.01052	0.02617	0.73499	0.01499	0.02252	0.01206	0.04456	0.01645	0.01124	0.01667	0.01099	0.01258	0.03227	0.00528	0.00510	0.00168	0.00768	0.00423	0.00234	0.00768
8	0.05719	0.01229	0.04003	0.01067	0.01486	0.01203	0.00905	0.36804	0.01918	0.35544	0.01693	0.01574	0.03068	0.00651	0.00523	0.00162	0.00516	0.00505	0.00563	0.00869
9	0.01820	0.01170	0.01316	0.01066	0.01435	0.01249	0.00862	0.29175	0.26537	0.23146	0.01955	0.01808	0.04597	0.00698	0.00537	0.00168	0.00479	0.00559	0.00564	0.00859
10	0.00645	0.00471	0.00608	0.00712	0.00762	0.00434	0.00481	0.00747	0.01050	0.01384	0.05719	0.70094	0.11745	0.01602	0.00668	0.00209	0.00300	0.01442	0.00494	0.00434
11	0.01381	0.01227	0.01367	0.11280	0.09715	0.08301	0.01012	0.02395	0.47460	0.05950	0.01765	0.01802	0.01343	0.00662	0.00533	0.00173	0.00528	0.01871	0.00452	0.00782
12	0.02069	0.01302	0.01532	0.01172	0.01593	0.01370	0.03842	0.50349	0.03889	0.25059	0.01519	0.01446	0.01031	0.00635	0.00534	0.00161	0.00552	0.00501	0.00555	0.00891
13	0.01563	0.01250	0.01884	0.02539	0.53396	0.03952	0.01376	0.09495	0.01403	0.14255	0.02946	0.01431	0.01009	0.00534	0.00526	0.00158	0.00597	0.00488	0.00360	0.00838
14	0.00673	0.00481	0.00647	0.00769	0.00812	0.00454	0.00541	0.00786	0.01041	0.01382	0.02898	0.70626	0.03433	0.01629	0.00682	0.00219	0.00332	0.11667	0.00490	0.00437
15	0.01827	0.01977	0.01719	0.01594	0.10035	0.41690	0.07503	0.20976	0.04282	0.01926	0.01019	0.01148	0.00796	0.00557	0.00510	0.00149	0.00800	0.00422	0.00345	0.00726
16	0.01096	0.00940	0.01096	0.00783	0.01253	0.00705	0.00626	0.01331	0.01096	0.01723	0.00940	0.01096	0.00783	0.00392	0.00392	0.00078	0.00392	0.00313	0.00313	0.84653
17	0.01715	0.01302	0.01458	0.01157	0.01530	0.01428	0.03561	0.50028	0.17027	0.04203	0.06703	0.01748	0.04282	0.00701	0.00544	0.00165	0.00524	0.00563	0.00526	0.00836
18	0.01165	0.01153	0.01587	0.01358	0.01396	0.03377	0.02985	0.03139	0.00882	0.01331	0.00782	0.01240	0.00755	0.01157	0.08280	0.00279	0.67834	0.00473	0.00245	0.00581
19	0.00643	0.00464	0.00609	0.00726	0.00764	0.00430	0.00486	0.00737	0.01022	0.01354	0.03041	0.77121	0.07369	0.01640	0.00672	0.00213	0.00305	0.01483	0.00491	0.00430

[dist]
# distance from previous block
# <min> <max>
0	32

[block]
# block no. 1 follows, 46 sequences, length 51
# corresponding to MSA columns:
# 96-146
name=unknown_B
#
# <colnr> <probs for GDERKNQSTAVLIFYWHMCP>
#	G	D	E	R	K	N	Q	S	T	A	V	L	I	F	Y	W	H	M	C	P
0	0.01080	0.06935	0.50340	0.01451	0.06717	0.01148	0.04990	0.01567	0.01201	0.03461	0.14526	0.01641	0.01462	0.00600	0.00521	0.00164	0.00662	0.00503	0.00301	0.00728
1	0.00741	0.00540	0.00697	0.00658	0.00786	0.00496	0.00493	0.00984	0.01480	0.02081	0.73763	0.04013	0.09094	0.01095	0.00624	0.00167	0.00250	0.00965	0.00577	0.00496
2	0.00805	0.00672	0.00709	0.00676	0.00874	0.00648	0.00513	0.02910	0.16051	0.01699	0.12644	0.06365	0.51120	0.01182	0.00607	0.00178	0.00303	0.00993	0.00511	0.00538
3	0.01413	0.81739	0.02770	0.00905	0.01357	0.02092	0.00905	0.01583	0.01074	0.01244	0.00735	0.00848	0.00678	0.00452	0.00339	0.00113	0.00565	0.00283	0.00226	0.00678
4	0.01260	0.01079	0.01150	0.01052	0.01334	0.01237	0.00824	0.02623	0.69371	0.02142	0.02297	0.02355	0.04071	0.00790	0.00554	0.00184	0.00419	0.05925	0.00533	0.00800
5	0.02010	0.01481	0.01587	0.01216	0.01639	0.01639	0.01005	0.76360	0.02486	0.03332	0.01269	0.01269	0.00899	0.00635	0.00529	0.00159	0.00582	0.00476	0.00529	0.00899
6	0.82550	0.01019	0.00791	0.00703	0.01033	0.01173	0.00579	0.01586	0.00919	0.04768	0.00779	0.00888	0.00596	0.00496	0.00334	0.00164	0.00410	0.00294	0.00337	0.00583
7	0.85155	0.01022	0.00777	0.00695	0.01022	0.01186	0.00573	0.01554	0.00900	0.02372	0.00736	0.00859	0.00573	0.00491	0.00327	0.00164	0.00409	0.00286	0.00327	0.00573
8	0.00985	0.00493	0.00493	0.00493	0.00616	0.00493	0.00370	0.01232	0.01109	0.01971	0.01725	0.01971	0.01355	0.00616	0.00370	0.00123	0.00246	0.00493	0.84356	0.00493
9	0.85155	0.01022	0.00777	0.00695	0.01022	0.01186	0.00573	0.01554	0.00900	0.02372	0.00736	0.00859	0.00573	0.00491	0.00327	0.00164	0.00409	0.00286	0.00327	0.00573
10	0.02361	0.00918	0.01238	0.00949	0.01358	0.00804	0.00784	0.04853	0.01543	0.76170	0.02060	0.01783	0.01296	0.00654	0.00532	0.00163	0.00454	0.00530	0.00650	0.00900
11	0.01918	0.01452	0.01659	0.01480	0.11591	0.01590	0.01085	0.66636	0.02319	0.03123	0.01233	0.01274	0.00891	0.00613	0.00528	0.00158	0.00588	0.00475	0.00494	0.00891
12	0.00766	0.00522	0.00623	0.00623	0.00639	0.00538	0.00378	0.00798	0.00782	0.01059	0.01623	0.03225	0.01820	0.68295	0.15677	0.00570	0.00666	0.00734	0.00314	0.00346
13	0.01432	0.12973	0.22623	0.01085	0.01538	0.01138	0.02573	0.08979	0.03828	0.18454	0.13899	0.04274	0.01675	0.00680	0.00514	0.00159	0.00536	0.00555	0.02345	0.00740
14	0.00676	0.00538	0.00606	0.00589	0.00745	0.00468	0.00442	0.00857	0.01325	0.01714	0.35316	0.04617	0.47769	0.01232	0.00624	0.00173	0.00260	0.01050	0.00529	0.00468
15	0.01079	0.03794	0.60895	0.01413	0.04306	0.01140	0.01677	0.01637	0.02895	0.04030	0.10878	0.01520	0.01270	0.00584	0.00517	0.00166	0.00686	0.00473	0.00290	0.00750
16	0.00652	0.00537	0.00573	0.00564	0.00731	0.00458	0.00423	0.00811	0.01269	0.01580	0.21219	0.04838	0.61951	0.01282	0.00625	0.00176	0.00264	0.01081	0.00511	0.00458
17	0.00898	0.00574	0.00755	0.00690	0.00841	0.00524	0.00524	0.01143	0.01498	0.09164	0.70856	0.03751	0.04649	0.01041	0.00615	0.00166	0.00268	0.00917	0.00589	0.00536
18	0.01877	0.01415	0.01512	0.01190	0.01589	0.01577	0.00973	0.62313	0.16749	0.03118	0.01438	0.01404	0.01036	0.00650	0.00531	0.00163	0.00551	0.00499	0.00531	0.00887
19	0.03739	0.06090	0.63452	0.01402	0.02110	0.01262	0.01734	0.06164	0.01214	0.06585	0.01023	0.01148	0.00721	0.00517	0.00493	0.00164	0.00728	0.00397	0.00272	0.00785
20	0.01376	0.01431	0.06460	0.02261	0.19812	0.03576	0.44464	0.01761	0.01253	0.08781	0.01124	0.01398	0.00844	0.00487	0.00607	0.00171	0.02582	0.00557	0.00299	0.00756
21	0.00769	0.00513	0.00577	0.00577	0.00577	0.00513	0.00320	0.00769	0.00769	0.01025	0.01666	0.03460	0.01922	0.81421	0.02691	0.00513	0.00513	0.00769	0.00320	0.00320
22	0.01041	0.02597	0.73799	0.01454	0.02194	0.01182	0.01862	0.01632	0.01140	0.01702	0.05764	0.01294	0.00940	0.00538	0.00510	0.00167	0.00748	0.00426	0.00246	0.00764
23	0.83150	0.01019	0.00788	0.00701	0.01030	0.01176	0.00577	0.01579	0.00915	0.04215	0.00769	0.00882	0.00590	0.00495	0.00332	0.00164	0.00410	0.00292	0.00335	0.00580
24	0.01308	0.01256	0.02146	0.03245	0.78123	0.01256	0.01622	0.01622	0.01204	0.01727	0.00994	0.01308	0.00837	0.00471	0.00523	0.00157	0.00628	0.00471	0.00262	0.00837
25	0.01017	0.00958	0.01619	0.75595	0.08053	0.01179	0.01477	0.01367	0.01066	0.01373	0.00943	0.01403	0.00713	0.00525	0.00528	0.00175	0.00700	0.00470	0.00236	0.00602
26	0.00657	0.00469	0.00628	0.00751	0.00787	0.00441	0.00513	0.00759	0.01025	0.01364	0.02907	0.76372	0.03468	0.01644	0.00678	0.00216	0.00318	0.06078	0.00490	0.00433
27	0.00644	0.00460	0.00613	0.00736	0.00767	0.00429	0.00491	0.00736	0.01012	0.01350	0.02914	0.81076	0.03497	0.01656	0.00675	0.00215	0.00307	0.01503	0.00491	0.00429
28	0.01099	0.04816	0.74920	0.01478	0.02242	0.01241	0.01899	0.01692	0.01124	0.03371	0.00968	0.01124	0.00684	0.00504	0.00499	0.00166	0.00768	0.00391	0.00233	0.00781
29	0.00998	0.00940	0.01586	0.80150	0.03641	0.01175	0.01468	0.01351	0.01057	0.01351	0.00940	0.01409	0.00705	0.00529	0.00529	0.00176	0.00705	0.00470	0.00235	0.00587
30	0.01157	0.01157	0.01619	0.01388	0.01388	0.01619	0.01157	0.01272	0.00810	0.01272	0.00694	0.01157	0.00694	0.00925	0.01735	0.00231	0.80453	0.00463	0.00231	0.00578
31	0.00998	0.00940	0.01586	0.80150	0.03641	0.01175	0.01468	0.01351	0.01057	0.01351	0.00940	0.01409	0.00705	0.00529	0.00529	0.00176	0.00705	0.00470	0.00235	0.00587
32	0.00770	0.00567	0.00743	0.00827	0.00939	0.00547	0.00667	0.00988	0.02750	0.01571	0.10508	0.23257	0.14078	0.01437	0.00688	0.00218	0.00388	0.38084	0.00499	0.00476
33	0.00744	0.00540	0.00700	0.00660	0.00787	0.00497	0.00495	0.00989	0.01486	0.02094	0.75126	0.03992	0.07723	0.01090	0.00624	0.00167	0.00250	0.00962	0.00579	0.00497
34	0.01975	0.02520	0.01498	0.01362	0.01634	0.79299	0.01021	0.02111	0.01498	0.01294	0.00817	0.00953	0.00681	0.00545	0.00477	0.00136	0.00953	0.00340	0.00272	0.00613
35	0.15547	0.01071	0.01177	0.00970	0.01331	0.03167	0.00783	0.07656	0.23006	0.37000	0.01793	0.01635	0.01230	0.00641	0.00498	0.00167	0.00457	0.00501	0.00549	0.00821
36	0.02372	0.00900	0.01227	0.00941	0.01350	0.00777	0.00777	0.02576	0.01513	0.78489	0.02086	0.01799	0.01309	0.00654	0.00532	0.00164	0.00450	0.00532	0.00654	0.00900
37	0.00644	0.00460	0.00613	0.00736	0.00767	0.00429	0.00491	0.00736	0.01012	0.01350	0.02914	0.81076	0.03497	0.01656	0.00675	0.00215	0.00307	0.01503	0.00491	0.00429
38	0.01724	0.01554	0.28651	0.01159	0.01679	0.00965	0.02694	0.02162	0.06104	0.40518	0.06093	0.01686	0.01306	0.00625	0.00529	0.00166	0.00562	0.00513	0.00482	0.00827
39	0.01073	0.02427	0.65009	0.01453	0.04412	0.01152	0.01749	0.01622	0.01116	0.01683	0.00949	0.01119	0.00691	0.00485	0.00487	0.00154	0.00720	0.00382	0.00238	0.13081
40	0.01079	0.02361	0.60157	0.01541	0.02185	0.01265	0.08894	0.01603	0.01089	0.01619	0.00980	0.03199	0.00758	0.00578	0.00667	0.00177	0.10421	0.00450	0.00235	0.00741
41	0.00824	0.00594	0.00816	0.00930	0.01050	0.00586	0.00800	0.01050	0.01203	0.01557	0.02967	0.10900	0.07761	0.01466	0.00720	0.00237	0.00461	0.65110	0.00487	0.00480
42	0.01455	0.01208	0.02051	0.02779	0.59924	0.01178	0.06510	0.01760	0.01249	0.12980	0.01158	0.01383	0.00903	0.00494	0.00528	0.00158	0.00614	0.00486	0.00321	0.02860
43	0.01172	0.12788	0.48250	0.01516	0.02137	0.01405	0.12813	0.03859	0.01144	0.01634	0.00926	0.01135	0.00700	0.00529	0.00609	0.00167	0.07813	0.00420	0.00240	0.00743
44	0.00625	0.00536	0.00536	0.00536	0.00714	0.00446	0.00402	0.00759	0.01205	0.01428	0.05355	0.05088	0.77909	0.01339	0.00625	0.00179	0.00268	0.01116	0.00491	0.00446
45	0.01157	0.01157	0.01619	0.01388	0.01388	0.01619	0.01157	0.01272	0.00810	0.01272	0.00694	0.01157	0.00694	0.00925	0.01735	0.00231	0.80453	0.00463	0.00231	0.00578
46	0.02372	0.00900	0.01227	0.00941	0.01350	0.00777	0.00777	0.02576	0.01513	0.78489	0.02086	0.01799	0.01309	0.00654	0.00532	0.00164	0.00450	0.00532	0.00654	0.00900
47	0.00659	0.00472	0.00627	0.00726	0.00770	0.00440	0.00492	0.00774	0.01083	0.01462	0.13901	0.69767	0.03715	0.01572	0.00667	0.00208	0.00298	0.01423	0.00504	0.00440
48	0.02010	0.01481	0.01587	0.01216	0.01639	0.01639	0.01005	0.76360	0.02486	0.03332	0.01269	0.01269	0.00899	0.00635	0.00529	0.00159	0.00582	0.00476	0.00529	0.00899
49	0.00628	0.00536	0.00540	0.00539	0.00716	0.00448	0.00404	0.00765	0.01213	0.01447	0.07357	0.05056	0.75895	0.01332	0.00625	0.00178	0.00267	0.01111	0.00493	0.00448
50	0.01302	0.01211	0.01896	0.09864	0.54316	0.01271	0.01440	0.04055	0.15732	0.01833	0.01219	0.01443	0.00975	0.00528	0.00527	0.00163	0.00594	0.00495	0.00320	0.00816

[dist]
# distance from previous block
# <min> <max>
0	1

[block]
# block no. 2 follows, 46 sequences, length 16
# corresponding to MSA columns:
# 148-163
name=unknown_C
#
# <colnr> <probs for GDERKNQSTAVLIFYWHMCP>
#	G	D	E	R	K	N	Q	S	T	A	V	L	I	F	Y	W	H	M	C	P
0	0.02258	0.00895	0.01203	0.00935	0.01327	0.00788	0.00768	0.02519	0.04756	0.71976	0.05306	0.01898	0.01478	0.00675	0.00536	0.00164	0.00440	0.00552	0.00646	0.00880
1	0.00745	0.00602	0.00947	0.00906	0.01025	0.00561	0.09875	0.00918	0.01152	0.01560	0.18403	0.51392	0.05431	0.01373	0.00658	0.00200	0.00370	0.02919	0.00482	0.00481
2	0.01288	0.01107	0.01172	0.01056	0.01347	0.01276	0.00821	0.02722	0.73542	0.02207	0.05779	0.02067	0.01775	0.00735	0.00542	0.00179	0.00410	0.00615	0.00540	0.00821
3	0.01096	0.00940	0.01096	0.00783	0.01253	0.00705	0.00626	0.01331	0.01096	0.01723	0.00940	0.01096	0.00783	0.00392	0.00392	0.00078	0.00392	0.00313	0.00313	0.84653
4	0.02995	0.03921	0.29415	0.01527	0.06396	0.01234	0.14460	0.11101	0.06275	0.11318	0.03911	0.02785	0.01066	0.00577	0.00533	0.00167	0.00664	0.00511	0.00363	0.00783
5	0.01252	0.01413	0.03045	0.02306	0.08522	0.01331	0.70504	0.01688	0.01244	0.01696	0.01064	0.01417	0.00805	0.00448	0.00616	0.00177	0.00871	0.00612	0.00267	0.00723
6	0.01092	0.00553	0.00862	0.00789	0.00859	0.00535	0.04083	0.00942	0.00805	0.09394	0.01052	0.01619	0.00955	0.01642	0.01831	0.71430	0.00479	0.00475	0.00278	0.00325
7	0.01422	0.01588	0.08040	0.02404	0.41085	0.16432	0.10826	0.01726	0.01263	0.04635	0.01100	0.05039	0.00934	0.00548	0.00533	0.00159	0.00714	0.00510	0.00288	0.00757
8	0.01164	0.03173	0.07904	0.01463	0.07084	0.01000	0.24591	0.01490	0.01162	0.03569	0.01205	0.04480	0.02982	0.00506	0.00502	0.00133	0.00595	0.00501	0.00306	0.36189
9	0.01195	0.01388	0.07048	0.02016	0.11879	0.03625	0.46440	0.01625	0.04193	0.01686	0.03080	0.03446	0.06866	0.00573	0.00592	0.00172	0.00750	0.00638	0.00304	0.02484
10	0.01334	0.01408	0.04777	0.01572	0.02030	0.07727	0.34481	0.10541	0.01352	0.01838	0.01080	0.03746	0.00874	0.00519	0.00577	0.00150	0.03416	0.00518	0.00315	0.21745
11	0.01204	0.05125	0.38914	0.01648	0.07959	0.01210	0.17499	0.01707	0.03530	0.05106	0.01057	0.01241	0.00782	0.00487	0.00513	0.00157	0.00714	0.00446	0.00275	0.10429
12	0.01610	0.07877	0.08186	0.01195	0.04923	0.04942	0.03573	0.19317	0.02711	0.16490	0.07103	0.01499	0.01219	0.00606	0.00550	0.00148	0.03939	0.00476	0.00428	0.13207
13	0.01550	0.01715	0.21578	0.01315	0.03222	0.08013	0.06918	0.21639	0.04962	0.10421	0.03339	0.01443	0.02690	0.00586	0.00517	0.00155	0.00636	0.00477	0.00397	0.08427
14	0.01481	0.01699	0.28267	0.01580	0.11915	0.03119	0.08510	0.03596	0.06533	0.19830	0.01347	0.01460	0.00967	0.00555	0.00523	0.00162	0.00641	0.01558	0.00373	0.05884
15	0.01514	0.07341	0.07498	0.04048	0.07482	0.06997	0.05175	0.15827	0.16470	0.08498	0.01409	0.01454	0.02454	0.00579	0.00501	0.00151	0.00575	0.00474	0.00404	0.11147

[dist]
# distance from previous block
# <min> <max>
0	16

# created by:
# /st0/software/busco_prod/Augustus/scripts/msa2prfl.pl ./align_prep/217208.fa
