[name]
unknown

[dist]
# distance from previous block
# <min> <max>
0	99

[block]
# block no. 0 follows, 43 sequences, length 14
# corresponding to MSA columns:
# 99-112
name=unknown_A
#
# <colnr> <probs for GDERKNQSTAVLIFYWHMCP>
#	G	D	E	R	K	N	Q	S	T	A	V	L	I	F	Y	W	H	M	C	P
0	0.05269	0.01315	0.01489	0.13068	0.05463	0.05488	0.01078	0.32006	0.10996	0.05158	0.01504	0.01908	0.01206	0.00716	0.00559	0.00176	0.00601	0.07715	0.00464	0.03821
1	0.32642	0.08877	0.01458	0.01047	0.01446	0.06585	0.02581	0.27185	0.01647	0.10061	0.01118	0.01165	0.00818	0.00582	0.00456	0.00163	0.00560	0.00406	0.00434	0.00769
2	0.00989	0.00572	0.00839	0.08519	0.01064	0.00601	0.00602	0.03502	0.00850	0.01128	0.01126	0.06060	0.01133	0.05087	0.01894	0.64380	0.00505	0.00557	0.00272	0.00319
3	0.07943	0.01152	0.01675	0.40666	0.08132	0.01323	0.05259	0.18503	0.01472	0.02042	0.01178	0.01682	0.00939	0.00627	0.00555	0.00182	0.00675	0.04942	0.00345	0.00709
4	0.01136	0.01255	0.09731	0.51459	0.14851	0.01264	0.01551	0.01647	0.08570	0.01602	0.01120	0.01486	0.00850	0.00561	0.00551	0.00181	0.00704	0.00497	0.00281	0.00703
5	0.03149	0.01236	0.01414	0.04941	0.05607	0.02637	0.00978	0.32090	0.13891	0.06838	0.05147	0.02164	0.08842	0.00802	0.00642	0.00180	0.04885	0.03248	0.00505	0.00802
6	0.00785	0.00554	0.00670	0.00683	0.00809	0.00497	0.00496	0.00926	0.01260	0.04293	0.22533	0.22235	0.30195	0.04079	0.00820	0.04686	0.00318	0.03159	0.00524	0.00479
7	0.75656	0.01260	0.08922	0.00818	0.01211	0.01247	0.00752	0.01641	0.00966	0.02408	0.00795	0.00928	0.00611	0.00515	0.00362	0.00172	0.00470	0.00311	0.00331	0.00623
8	0.02028	0.02499	0.01554	0.01401	0.01696	0.69977	0.01057	0.05719	0.06174	0.01515	0.00964	0.01080	0.00784	0.00586	0.00506	0.00147	0.00946	0.00380	0.00315	0.00671
9	0.01227	0.00678	0.00871	0.00795	0.00997	0.00622	0.00605	0.01488	0.04771	0.21671	0.31033	0.16533	0.10774	0.03141	0.00690	0.00195	0.00348	0.02344	0.00593	0.00626
10	0.09348	0.01028	0.01639	0.63428	0.11272	0.01241	0.01462	0.01466	0.01107	0.01563	0.00969	0.01408	0.00739	0.00543	0.00532	0.00181	0.00699	0.00473	0.00259	0.00641
11	0.02035	0.01516	0.01623	0.01260	0.01691	0.01685	0.01036	0.68268	0.09685	0.03377	0.01419	0.01401	0.01014	0.00673	0.00555	0.00168	0.00593	0.00511	0.00555	0.00936
12	0.00802	0.00542	0.00626	0.00619	0.00640	0.00535	0.00366	0.00844	0.00928	0.01258	0.13800	0.03707	0.02529	0.67781	0.02471	0.00479	0.00493	0.00837	0.00380	0.00366
13	0.00743	0.00556	0.00676	0.00660	0.00788	0.00504	0.00481	0.00941	0.01393	0.01885	0.47053	0.10077	0.23615	0.07188	0.00820	0.00208	0.00291	0.01073	0.00557	0.00489

[dist]
# distance from previous block
# <min> <max>
0	2

[block]
# block no. 1 follows, 43 sequences, length 43
# corresponding to MSA columns:
# 115-157
name=unknown_B
#
# <colnr> <probs for GDERKNQSTAVLIFYWHMCP>
#	G	D	E	R	K	N	Q	S	T	A	V	L	I	F	Y	W	H	M	C	P
0	0.01853	0.01092	0.01282	0.01052	0.01386	0.01120	0.00839	0.34280	0.01901	0.24960	0.02008	0.20511	0.01735	0.00929	0.00588	0.00181	0.00492	0.00776	0.02200	0.00815
1	0.00886	0.00684	0.00841	0.00904	0.01048	0.00695	0.00717	0.01318	0.14753	0.01687	0.03237	0.25500	0.13898	0.01426	0.00696	0.00225	0.00412	0.30000	0.00521	0.00554
2	0.72163	0.01058	0.00939	0.12288	0.01475	0.01241	0.00738	0.01597	0.00967	0.02327	0.00803	0.00985	0.00620	0.00520	0.00374	0.00173	0.00474	0.00328	0.00329	0.00602
3	0.84448	0.01071	0.00814	0.00728	0.01071	0.01242	0.00600	0.01628	0.00943	0.02485	0.00771	0.00900	0.00600	0.00514	0.00343	0.00171	0.00428	0.00300	0.00343	0.00600
4	0.00956	0.00561	0.00750	0.00793	0.00896	0.00513	0.00559	0.01092	0.01206	0.12725	0.12816	0.58443	0.03535	0.01500	0.00678	0.00210	0.00335	0.01348	0.00552	0.00532
5	0.01055	0.00990	0.01650	0.77066	0.03749	0.01234	0.01520	0.01457	0.03162	0.01440	0.01019	0.01493	0.00764	0.00559	0.00554	0.00185	0.00730	0.00496	0.00255	0.00622
6	0.72227	0.12826	0.01122	0.00761	0.01123	0.01382	0.00651	0.01632	0.00969	0.02311	0.00771	0.00898	0.00616	0.00508	0.00345	0.00164	0.00453	0.00299	0.00327	0.00616
7	0.46734	0.00887	0.00878	0.06748	0.01200	0.00995	0.00652	0.03046	0.01054	0.03369	0.12058	0.01595	0.01381	0.00880	0.00757	0.15961	0.00442	0.00461	0.00366	0.00535
8	0.01933	0.01460	0.01859	0.01407	0.01860	0.01554	0.13161	0.51270	0.07254	0.08660	0.01415	0.01444	0.01006	0.00634	0.00568	0.00170	0.00636	0.00533	0.00515	0.02661
9	0.01986	0.14065	0.01774	0.01342	0.01670	0.60181	0.01050	0.08726	0.01597	0.01541	0.00886	0.01012	0.00734	0.00565	0.00483	0.00141	0.00904	0.00361	0.00302	0.00679
10	0.00940	0.00554	0.00738	0.00794	0.00891	0.00506	0.00556	0.01062	0.01163	0.12415	0.06267	0.63730	0.05140	0.01549	0.00682	0.00214	0.00339	0.01393	0.00543	0.00525
11	0.02322	0.00979	0.01280	0.01006	0.01418	0.00897	0.00823	0.02735	0.12559	0.66395	0.02195	0.01912	0.01418	0.00695	0.00558	0.00174	0.00466	0.00567	0.00668	0.00933
12	0.02201	0.01398	0.01567	0.01202	0.01641	0.01490	0.00993	0.57009	0.02348	0.22078	0.01545	0.01469	0.01050	0.00670	0.00555	0.00168	0.00575	0.00513	0.00587	0.00942
13	0.00962	0.00481	0.00722	0.00722	0.00722	0.00481	0.00481	0.00722	0.00722	0.00962	0.00962	0.01684	0.00962	0.01924	0.02165	0.83886	0.00481	0.00481	0.00241	0.00241
14	0.01078	0.00659	0.00829	0.00754	0.00948	0.00608	0.00576	0.01378	0.05722	0.14730	0.45224	0.08254	0.14837	0.01110	0.00635	0.00179	0.00313	0.00964	0.00600	0.00601
15	0.00784	0.00566	0.00740	0.00697	0.00827	0.00523	0.00523	0.01045	0.01568	0.02221	0.76789	0.04137	0.05226	0.01132	0.00653	0.00174	0.00261	0.01002	0.00610	0.00523
16	0.02485	0.00943	0.01285	0.00985	0.01414	0.00814	0.00814	0.02699	0.01585	0.77465	0.02185	0.01885	0.01371	0.00685	0.00557	0.00171	0.00471	0.00557	0.00685	0.00943
17	0.76352	0.01017	0.00785	0.00708	0.01030	0.01172	0.00579	0.01595	0.00964	0.02444	0.00872	0.01013	0.00679	0.00527	0.00347	0.00167	0.00412	0.00321	0.08425	0.00592
18	0.03397	0.01196	0.01252	0.01121	0.01438	0.01383	0.00874	0.04767	0.72386	0.02351	0.02195	0.02019	0.01645	0.00743	0.00558	0.00187	0.00442	0.00615	0.00558	0.00872
19	0.00812	0.00524	0.00685	0.00769	0.00845	0.00479	0.00529	0.00921	0.01118	0.07244	0.03210	0.67629	0.09895	0.01626	0.00691	0.00218	0.00329	0.01461	0.00527	0.00489
20	0.02234	0.00887	0.01205	0.00943	0.01327	0.00771	0.00771	0.02455	0.01583	0.66381	0.13174	0.02217	0.01939	0.00751	0.00571	0.00172	0.00440	0.00622	0.00674	0.00881
21	0.00791	0.00593	0.00890	0.00890	0.00989	0.00692	0.00692	0.00989	0.00890	0.01286	0.01483	0.02176	0.01385	0.04154	0.78341	0.00890	0.01483	0.00593	0.00297	0.00494
22	0.00796	0.00561	0.00735	0.00737	0.00783	0.00606	0.00501	0.00888	0.00849	0.01177	0.01652	0.04496	0.01761	0.44262	0.37085	0.00691	0.00963	0.00724	0.00321	0.00410
23	0.00675	0.00482	0.00643	0.00771	0.00803	0.00450	0.00514	0.00771	0.01060	0.01414	0.03053	0.80175	0.03663	0.01735	0.00707	0.00225	0.00321	0.01574	0.00514	0.00450
24	0.01038	0.12322	0.01043	0.00755	0.00825	0.00733	0.00550	0.00860	0.00781	0.01012	0.00934	0.01566	0.00925	0.01710	0.01898	0.71547	0.00497	0.00454	0.00240	0.00310
25	0.00729	0.00564	0.00664	0.00639	0.00793	0.00499	0.00479	0.00938	0.01437	0.01911	0.46342	0.04647	0.35866	0.01248	0.00654	0.00180	0.00270	0.01073	0.00569	0.00499
26	0.01257	0.01178	0.01977	0.09257	0.59803	0.01192	0.01513	0.01580	0.01294	0.01837	0.12195	0.01787	0.01506	0.00593	0.00564	0.00168	0.00606	0.00568	0.00321	0.00803
27	0.01148	0.00984	0.01148	0.00820	0.01312	0.00738	0.00656	0.01395	0.01148	0.01805	0.00984	0.01148	0.00820	0.00410	0.00410	0.00082	0.00410	0.00328	0.00328	0.83922
28	0.02195	0.01379	0.09039	0.01161	0.01634	0.01225	0.01033	0.31841	0.01954	0.40113	0.01722	0.01590	0.01131	0.00661	0.00553	0.00170	0.00562	0.00519	0.00588	0.00930
29	0.01223	0.01329	0.02748	0.27223	0.03192	0.01345	0.51263	0.01658	0.01243	0.01658	0.01076	0.01488	0.00807	0.00495	0.00621	0.00186	0.00870	0.00601	0.00269	0.00704
30	0.01310	0.38078	0.31946	0.01411	0.02033	0.01715	0.13092	0.01714	0.01171	0.01552	0.00912	0.01093	0.00728	0.00493	0.00469	0.00151	0.00734	0.00397	0.00243	0.00758
31	0.00868	0.00591	0.00842	0.12341	0.01294	0.00593	0.00688	0.01014	0.01107	0.07237	0.02681	0.62588	0.03057	0.01481	0.00673	0.00215	0.00394	0.01337	0.00488	0.00512
32	0.01297	0.01262	0.02244	0.09612	0.53964	0.01269	0.12475	0.01644	0.01256	0.01758	0.01193	0.01771	0.01037	0.00574	0.00581	0.00176	0.00694	0.06095	0.00291	0.00807
33	0.01256	0.01181	0.02102	0.37011	0.30755	0.01272	0.12404	0.01619	0.01211	0.04306	0.01068	0.01454	0.00827	0.00523	0.00567	0.00177	0.00728	0.00519	0.00277	0.00743
34	0.01176	0.02407	0.52845	0.01831	0.02563	0.01324	0.26409	0.01761	0.01215	0.01761	0.01036	0.01278	0.00748	0.00506	0.00569	0.00179	0.00857	0.00491	0.00249	0.00795
35	0.01199	0.01450	0.08577	0.02046	0.02548	0.01252	0.58497	0.01625	0.01260	0.01719	0.01395	0.13059	0.01245	0.00658	0.00652	0.00191	0.00835	0.00771	0.00311	0.00709
36	0.01194	0.02207	0.44461	0.02029	0.13494	0.01302	0.21748	0.01734	0.01230	0.01779	0.02939	0.01361	0.00879	0.00520	0.00567	0.00177	0.00812	0.00503	0.00262	0.00800
37	0.01347	0.04459	0.59109	0.04227	0.02270	0.01232	0.03186	0.01895	0.01237	0.14155	0.01186	0.01297	0.00816	0.00551	0.00530	0.00174	0.00755	0.00438	0.00309	0.00828
38	0.01212	0.01101	0.01857	0.49465	0.29798	0.01246	0.01570	0.01562	0.01179	0.04247	0.01047	0.01453	0.00810	0.00537	0.00552	0.00177	0.00700	0.00495	0.00272	0.00720
39	0.02437	0.00952	0.01284	0.00987	0.01410	0.00833	0.00814	0.04729	0.01614	0.73713	0.03792	0.01918	0.01443	0.00695	0.00559	0.00171	0.00471	0.00565	0.00680	0.00933
40	0.02209	0.00879	0.01182	0.00937	0.01317	0.00760	0.00761	0.02409	0.01521	0.65963	0.02512	0.08001	0.07322	0.00819	0.00576	0.00177	0.00445	0.00680	0.00660	0.00869
41	0.00861	0.00594	0.00841	0.12337	0.01294	0.00595	0.00690	0.01012	0.01121	0.06740	0.04056	0.58768	0.04830	0.01466	0.00673	0.00214	0.00394	0.02514	0.00488	0.00511
42	0.02216	0.12737	0.01563	0.06977	0.01607	0.01075	0.00896	0.04513	0.01510	0.58317	0.01860	0.01691	0.01213	0.00644	0.00527	0.00164	0.00513	0.00512	0.00582	0.00883

[dist]
# distance from previous block
# <min> <max>
0	4

[block]
# block no. 2 follows, 43 sequences, length 34
# corresponding to MSA columns:
# 162-195
name=unknown_C
#
# <colnr> <probs for GDERKNQSTAVLIFYWHMCP>
#	G	D	E	R	K	N	Q	S	T	A	V	L	I	F	Y	W	H	M	C	P
0	0.02038	0.01200	0.11719	0.01073	0.01514	0.00912	0.00984	0.04896	0.05415	0.52093	0.04131	0.03902	0.01553	0.00755	0.00572	0.00179	0.00515	0.05080	0.00596	0.00872
1	0.04161	0.03112	0.01476	0.01120	0.01527	0.01380	0.00921	0.47048	0.02139	0.19089	0.03360	0.04083	0.01225	0.00699	0.00542	0.00165	0.00538	0.00544	0.03614	0.03256
2	0.01509	0.77199	0.02842	0.00967	0.01435	0.04128	0.00953	0.03222	0.01168	0.01350	0.00784	0.00901	0.00716	0.00480	0.00363	0.00120	0.00603	0.00302	0.00245	0.00714
3	0.01300	0.00981	0.01196	0.06930	0.01505	0.00837	0.00759	0.05971	0.03234	0.09320	0.01316	0.07358	0.01117	0.00575	0.00471	0.00118	0.00447	0.00477	0.00391	0.55697
4	0.01098	0.01076	0.01104	0.01050	0.01175	0.16800	0.00813	0.01271	0.01024	0.01299	0.01285	0.01873	0.01196	0.05073	0.52608	0.00661	0.09233	0.00539	0.00290	0.00532
5	0.01100	0.01105	0.03934	0.63821	0.11908	0.01252	0.06122	0.01478	0.01139	0.01491	0.00999	0.01457	0.00759	0.00541	0.00559	0.00182	0.00744	0.00500	0.00251	0.00658
6	0.00792	0.00589	0.00866	0.00866	0.00957	0.00679	0.00663	0.00974	0.00883	0.01268	0.01505	0.02296	0.01437	0.10511	0.72056	0.00861	0.01405	0.00611	0.00300	0.00481
7	0.00759	0.00565	0.00705	0.00670	0.00812	0.00512	0.00503	0.00996	0.01508	0.02079	0.62876	0.04370	0.19227	0.01185	0.00653	0.00177	0.00265	0.01034	0.00591	0.00512
8	0.01142	0.09357	0.71444	0.01526	0.02316	0.01362	0.01955	0.01746	0.01166	0.01716	0.00975	0.01146	0.00702	0.00522	0.00512	0.00171	0.00800	0.00400	0.00234	0.00810
9	0.01319	0.01255	0.02089	0.15389	0.60405	0.01306	0.01620	0.01735	0.06128	0.01779	0.01112	0.01433	0.00908	0.00520	0.00550	0.00169	0.00656	0.00502	0.00289	0.00835
10	0.01088	0.00982	0.01515	0.60517	0.03192	0.01198	0.01347	0.01640	0.13134	0.01617	0.04400	0.01704	0.01104	0.00613	0.00553	0.00183	0.00653	0.00536	0.03375	0.00650
11	0.01306	0.01249	0.02130	0.18604	0.62386	0.01299	0.01667	0.01643	0.01230	0.01730	0.01030	0.01392	0.00849	0.00506	0.00549	0.00169	0.00674	0.00493	0.00269	0.00825
12	0.01148	0.00984	0.01148	0.00820	0.01312	0.00738	0.00656	0.01395	0.01148	0.01805	0.00984	0.01148	0.00820	0.00410	0.00410	0.00082	0.00410	0.00328	0.00328	0.83922
13	0.00787	0.00634	0.00677	0.00647	0.00837	0.00571	0.00489	0.06556	0.01403	0.01757	0.16066	0.08344	0.56618	0.01320	0.00649	0.00185	0.00305	0.01111	0.00532	0.00512
14	0.08304	0.00985	0.01143	0.00840	0.01309	0.00793	0.00678	0.01631	0.01204	0.14460	0.01167	0.01250	0.00894	0.00465	0.00429	0.00104	0.00422	0.00364	0.00389	0.63169
15	0.01481	0.80869	0.02902	0.00948	0.01421	0.02191	0.00948	0.01658	0.01125	0.01303	0.00770	0.00888	0.00711	0.00474	0.00355	0.00118	0.00592	0.00296	0.00237	0.00711
16	0.01129	0.00963	0.01127	0.00818	0.01291	0.00726	0.00650	0.01368	0.01145	0.01788	0.01071	0.04466	0.00940	0.00466	0.00423	0.00088	0.00406	0.00380	0.00336	0.80418
17	0.01307	0.01494	0.03268	0.02334	0.02894	0.01401	0.75070	0.01774	0.01307	0.01774	0.01120	0.01494	0.00840	0.00467	0.00654	0.00187	0.00934	0.00654	0.00280	0.00747
18	0.01125	0.13173	0.43663	0.01447	0.04575	0.01277	0.07666	0.01604	0.01254	0.01784	0.15508	0.01733	0.01588	0.00629	0.00538	0.00168	0.00684	0.00530	0.00312	0.00743
19	0.01412	0.01310	0.01308	0.07159	0.01644	0.09247	0.00948	0.02709	0.60952	0.02134	0.02029	0.02007	0.01551	0.00735	0.00561	0.00184	0.00521	0.02255	0.00509	0.00824
20	0.81962	0.01086	0.00840	0.00745	0.01091	0.01257	0.00613	0.03850	0.00993	0.02515	0.00788	0.00913	0.00610	0.00519	0.00349	0.00171	0.00434	0.00306	0.00349	0.00610
21	0.00675	0.00482	0.00643	0.00771	0.00803	0.00450	0.00514	0.00771	0.01060	0.01414	0.03053	0.80175	0.03663	0.01735	0.00707	0.00225	0.00321	0.01574	0.00514	0.00450
22	0.00736	0.00622	0.00660	0.02863	0.00898	0.00560	0.00501	0.02266	0.04739	0.01603	0.08343	0.04967	0.64922	0.01326	0.00648	0.00188	0.00311	0.02830	0.00514	0.00503
23	0.00811	0.00623	0.00949	0.06912	0.01206	0.00734	0.00757	0.01022	0.00907	0.01296	0.01445	0.02122	0.01335	0.03877	0.72360	0.00836	0.01426	0.00586	0.00293	0.00504
24	0.84448	0.01071	0.00814	0.00728	0.01071	0.01242	0.00600	0.01628	0.00943	0.02485	0.00771	0.00900	0.00600	0.00514	0.00343	0.00171	0.00428	0.00300	0.00343	0.00600
25	0.08658	0.02002	0.01766	0.02124	0.30504	0.42431	0.01272	0.01967	0.01399	0.01623	0.00920	0.01133	0.00767	0.00536	0.00505	0.00153	0.00821	0.00404	0.00286	0.00729
26	0.04191	0.01256	0.02067	0.09152	0.62795	0.01262	0.01569	0.01651	0.01229	0.01801	0.01023	0.01346	0.00852	0.00493	0.00531	0.00160	0.00637	0.00474	0.00278	0.07233
27	0.01780	0.02055	0.01736	0.07177	0.21303	0.45495	0.01252	0.05134	0.05861	0.01623	0.01014	0.01204	0.00824	0.00564	0.00522	0.00155	0.00844	0.00423	0.00307	0.00727
28	0.03395	0.08687	0.18890	0.26902	0.22487	0.01364	0.04124	0.01668	0.04231	0.01662	0.01033	0.01337	0.00803	0.00528	0.00527	0.00171	0.00708	0.00462	0.00267	0.00753
29	0.03325	0.07666	0.02781	0.01017	0.01408	0.01252	0.00838	0.13691	0.29097	0.04559	0.04508	0.01803	0.04617	0.00664	0.00510	0.00152	0.00466	0.00532	0.00471	0.20642
30	0.01342	0.12117	0.15895	0.12550	0.16425	0.07341	0.03125	0.04183	0.08402	0.01744	0.01095	0.01296	0.00863	0.00531	0.00503	0.00154	0.00670	0.00437	0.00302	0.11025
31	0.01506	0.01419	0.05741	0.10224	0.41331	0.02975	0.02580	0.16177	0.07170	0.03674	0.01202	0.01421	0.00935	0.00559	0.00551	0.00169	0.00655	0.00501	0.00355	0.00855
32	0.01536	0.03037	0.07472	0.01430	0.10511	0.01271	0.04877	0.27572	0.04446	0.03708	0.01328	0.02732	0.02742	0.00586	0.00516	0.00145	0.00569	0.00486	0.00412	0.24624
33	0.02633	0.08405	0.29498	0.07879	0.16635	0.04200	0.11790	0.04668	0.02737	0.02901	0.02860	0.01348	0.00903	0.00538	0.00538	0.00169	0.00745	0.00477	0.00288	0.00786

[dist]
# distance from previous block
# <min> <max>
0	5

# created by:
# /st0/software/busco_prod/Augustus/scripts/msa2prfl.pl ./align_prep/217398.fa
