[name]
unknown

[dist]
# distance from previous block
# <min> <max>
0	51

[block]
# block no. 0 follows, 45 sequences, length 32
# corresponding to MSA columns:
# 51-82
name=unknown_A
#
# <colnr> <probs for GDERKNQSTAVLIFYWHMCP>
#	G	D	E	R	K	N	Q	S	T	A	V	L	I	F	Y	W	H	M	C	P
0	0.01032	0.00653	0.00829	0.00788	0.00974	0.00610	0.00634	0.04398	0.01443	0.11820	0.33615	0.04311	0.16760	0.01162	0.00643	0.00189	0.00356	0.18660	0.00558	0.00564
1	0.04773	0.03737	0.52638	0.01309	0.01961	0.01117	0.02992	0.01697	0.01176	0.10072	0.01442	0.01526	0.07009	0.00587	0.00508	0.00164	0.00672	0.00465	0.00308	0.05848
2	0.01350	0.01180	0.01865	0.02607	0.55247	0.01206	0.01377	0.09700	0.04512	0.01836	0.01079	0.01396	0.00902	0.00704	0.00755	0.12128	0.00599	0.00483	0.00303	0.00769
3	0.00835	0.00596	0.00831	0.00954	0.01065	0.00592	0.00813	0.01060	0.01206	0.01573	0.02859	0.16673	0.03155	0.01511	0.00733	0.00243	0.00468	0.63851	0.00495	0.00486
4	0.00697	0.00532	0.00639	0.00642	0.00771	0.00475	0.00470	0.00880	0.01328	0.01766	0.38831	0.18123	0.30313	0.01294	0.00643	0.00182	0.00270	0.01127	0.00542	0.00475
5	0.09157	0.00928	0.01155	0.00930	0.01295	0.00881	0.00755	0.02421	0.12783	0.53562	0.08679	0.01965	0.01642	0.00698	0.00531	0.00169	0.00430	0.00567	0.00612	0.00840
6	0.00732	0.00548	0.00679	0.00646	0.00785	0.00495	0.00485	0.00960	0.01454	0.01998	0.61658	0.04264	0.21007	0.01155	0.00633	0.00172	0.00257	0.01006	0.00571	0.00495
7	0.84927	0.01038	0.00789	0.00706	0.01038	0.01204	0.00581	0.01578	0.00914	0.02408	0.00747	0.00872	0.00581	0.00498	0.00332	0.00166	0.00415	0.00291	0.00332	0.00581
8	0.00819	0.00601	0.00752	0.00821	0.00906	0.00600	0.00581	0.07014	0.05766	0.01600	0.02770	0.65618	0.03195	0.01529	0.00668	0.00213	0.00351	0.05190	0.00504	0.00503
9	0.00730	0.00545	0.00677	0.00649	0.00785	0.00493	0.00485	0.00953	0.01442	0.01980	0.59902	0.06310	0.20731	0.01170	0.00635	0.00173	0.00259	0.01021	0.00568	0.00493
10	0.00932	0.00466	0.00699	0.00699	0.00699	0.00466	0.00466	0.00699	0.00699	0.00932	0.00932	0.01632	0.00932	0.01865	0.02098	0.84382	0.00466	0.00466	0.00233	0.00233
11	0.84927	0.01038	0.00789	0.00706	0.01038	0.01204	0.00581	0.01578	0.00914	0.02408	0.00747	0.00872	0.00581	0.00498	0.00332	0.00166	0.00415	0.00291	0.00332	0.00581
12	0.02052	0.00934	0.01188	0.00943	0.01316	0.00869	0.00768	0.07778	0.09295	0.55204	0.05789	0.02177	0.07694	0.00746	0.00552	0.00169	0.00439	0.00610	0.00626	0.00851
13	0.01335	0.01153	0.01214	0.01092	0.01396	0.01335	0.00850	0.02852	0.76817	0.02245	0.02185	0.02003	0.01639	0.00728	0.00546	0.00182	0.00425	0.00607	0.00546	0.00850
14	0.02005	0.02558	0.01521	0.01383	0.01659	0.78980	0.01037	0.02143	0.01521	0.01314	0.00830	0.00968	0.00691	0.00553	0.00484	0.00138	0.00968	0.00346	0.00277	0.00622
15	0.02395	0.00935	0.01259	0.00965	0.01381	0.00820	0.00797	0.05237	0.01572	0.75487	0.02088	0.01808	0.01314	0.00664	0.00540	0.00166	0.00462	0.00538	0.00660	0.00914
16	0.00759	0.00508	0.00652	0.00724	0.00799	0.00465	0.00497	0.00871	0.01102	0.05604	0.08198	0.59472	0.12155	0.04577	0.00746	0.00219	0.00319	0.01360	0.00507	0.00465
17	0.00796	0.00594	0.00770	0.00859	0.00996	0.00568	0.00729	0.01008	0.01227	0.01557	0.03568	0.07587	0.23838	0.01453	0.00710	0.00228	0.00428	0.52106	0.00496	0.00481
18	0.04924	0.01023	0.01688	0.60685	0.18608	0.01210	0.01481	0.01437	0.01096	0.01497	0.00956	0.01385	0.00737	0.00523	0.00526	0.00174	0.00686	0.00469	0.00248	0.00647
19	0.01074	0.01018	0.01663	0.66215	0.13480	0.02753	0.01479	0.01408	0.01094	0.01411	0.00959	0.01413	0.00738	0.00560	0.00571	0.02120	0.00704	0.00474	0.00243	0.00622
20	0.82279	0.01034	0.00804	0.00714	0.01049	0.01191	0.00588	0.01611	0.00934	0.04839	0.00791	0.00903	0.00605	0.00504	0.00339	0.00166	0.00417	0.00299	0.00343	0.00592
21	0.02367	0.00923	0.01245	0.00960	0.01371	0.00810	0.00791	0.02625	0.04405	0.75265	0.02120	0.01834	0.01341	0.00667	0.00540	0.00167	0.00456	0.00542	0.00660	0.00911
22	0.00691	0.00522	0.00691	0.00830	0.04303	0.00483	0.00539	0.00814	0.01104	0.01463	0.09282	0.60218	0.14005	0.01534	0.00667	0.00206	0.00316	0.01377	0.00495	0.00463
23	0.00978	0.00692	0.00951	0.01143	0.14246	0.00636	0.00704	0.01155	0.01236	0.10369	0.11464	0.25562	0.26396	0.01189	0.00620	0.00185	0.00366	0.01045	0.00487	0.00576
24	0.01182	0.00567	0.00810	0.00755	0.00829	0.00555	0.00532	0.03678	0.00884	0.11994	0.01114	0.01647	0.00988	0.01650	0.01820	0.69389	0.00469	0.00477	0.00305	0.00354
25	0.01374	0.64531	0.12846	0.01109	0.01619	0.01945	0.07152	0.01629	0.01111	0.01358	0.00803	0.00945	0.00698	0.00465	0.00390	0.00128	0.00630	0.00330	0.00233	0.00706
26	0.01211	0.01826	0.26196	0.15217	0.08448	0.05858	0.28478	0.01665	0.01194	0.01624	0.00996	0.01304	0.00749	0.00503	0.00586	0.00174	0.02495	0.00501	0.00251	0.00725
27	0.01404	0.01110	0.01712	0.18357	0.29800	0.01170	0.03949	0.06626	0.09845	0.11913	0.05954	0.01672	0.01243	0.00661	0.02100	0.00182	0.00605	0.00538	0.00382	0.00777
28	0.01039	0.00830	0.01205	0.02984	0.11861	0.00816	0.06869	0.10474	0.01335	0.04235	0.06646	0.33593	0.13617	0.01147	0.00623	0.00189	0.00445	0.01033	0.00457	0.00602
29	0.01277	0.01203	0.03042	0.29513	0.27400	0.02667	0.06683	0.11667	0.01335	0.01799	0.01138	0.06014	0.00959	0.00602	0.00576	0.00173	0.02374	0.00547	0.00306	0.00726
30	0.01842	0.07895	0.01642	0.02590	0.06145	0.03287	0.01006	0.48650	0.07924	0.08003	0.01410	0.04732	0.01080	0.00668	0.00527	0.00161	0.00569	0.00522	0.00493	0.00854
31	0.01476	0.01107	0.01332	0.07573	0.04815	0.04663	0.03585	0.21196	0.11819	0.11141	0.01835	0.20755	0.01665	0.00875	0.00570	0.00177	0.00518	0.00753	0.00479	0.03668

[dist]
# distance from previous block
# <min> <max>
2	20

[block]
# block no. 1 follows, 45 sequences, length 86
# corresponding to MSA columns:
# 103-188
name=unknown_B
#
# <colnr> <probs for GDERKNQSTAVLIFYWHMCP>
#	G	D	E	R	K	N	Q	S	T	A	V	L	I	F	Y	W	H	M	C	P
0	0.08664	0.00705	0.00822	0.05247	0.01091	0.00733	0.00632	0.04099	0.09849	0.03670	0.07489	0.30121	0.11456	0.04296	0.00682	0.00206	0.00381	0.05818	0.03494	0.00545
1	0.22885	0.02380	0.04906	0.03316	0.03666	0.04989	0.00844	0.12776	0.08233	0.16289	0.01669	0.03889	0.05900	0.04103	0.00586	0.00184	0.00507	0.01717	0.00447	0.00714
2	0.01556	0.01083	0.01288	0.03885	0.01432	0.01164	0.02491	0.28272	0.13190	0.12205	0.08800	0.03509	0.01628	0.08998	0.04153	0.00234	0.02387	0.00609	0.00499	0.02617
3	0.00715	0.00504	0.00642	0.00705	0.00776	0.00467	0.00485	0.00837	0.01123	0.03003	0.15469	0.50425	0.12655	0.07318	0.02057	0.00236	0.00333	0.01297	0.00501	0.00452
4	0.04108	0.01115	0.01720	0.31381	0.23845	0.04436	0.07096	0.04777	0.01226	0.01661	0.04029	0.07567	0.03449	0.00649	0.00551	0.00173	0.00642	0.00595	0.00307	0.00673
5	0.01618	0.21077	0.01994	0.14278	0.07245	0.33145	0.05489	0.06333	0.01370	0.01491	0.00885	0.01090	0.00726	0.00522	0.00474	0.00145	0.00782	0.00387	0.00274	0.00673
6	0.00920	0.00472	0.00705	0.00710	0.00716	0.00474	0.00480	0.00715	0.00722	0.00965	0.01034	0.03721	0.01051	0.01911	0.04118	0.78393	0.00489	0.01907	0.00246	0.00250
7	0.00933	0.00555	0.00704	0.00721	0.00827	0.00508	0.00501	0.01044	0.01119	0.12418	0.08473	0.42077	0.11704	0.14644	0.00994	0.00253	0.00358	0.01173	0.00500	0.00493
8	0.04734	0.07078	0.08589	0.05803	0.20427	0.16036	0.01187	0.06712	0.07413	0.07650	0.01279	0.01471	0.02750	0.03041	0.03399	0.00193	0.00688	0.00468	0.00342	0.00738
9	0.00657	0.00469	0.00625	0.00746	0.00779	0.00438	0.00498	0.00754	0.01040	0.01390	0.04835	0.78852	0.03588	0.01667	0.00684	0.00217	0.00310	0.01512	0.00501	0.00438
10	0.00666	0.00482	0.00626	0.00722	0.00773	0.00446	0.00489	0.00778	0.01088	0.01452	0.10952	0.65798	0.08940	0.03174	0.00717	0.00216	0.00307	0.01425	0.00505	0.00442
11	0.00967	0.00716	0.00931	0.04703	0.01129	0.00733	0.03338	0.14045	0.01309	0.01778	0.05163	0.48223	0.02693	0.06341	0.00761	0.00217	0.00409	0.01138	0.04869	0.00537
12	0.00888	0.00719	0.00776	0.00737	0.00909	0.00735	0.00538	0.01423	0.23644	0.01699	0.13153	0.05507	0.29338	0.16375	0.01010	0.00245	0.00363	0.00897	0.00492	0.00553
13	0.00934	0.00467	0.00694	0.00694	0.00697	0.00467	0.00464	0.00713	0.00710	0.00959	0.00953	0.01641	0.00944	0.01833	0.02054	0.82253	0.00461	0.00467	0.02353	0.00240
14	0.01252	0.01494	0.06734	0.02172	0.02713	0.01342	0.68753	0.01700	0.01247	0.01710	0.01069	0.01418	0.00805	0.00464	0.00646	0.00179	0.02581	0.00611	0.00270	0.02839
15	0.00775	0.00587	0.00879	0.00874	0.00968	0.00691	0.00681	0.00965	0.00862	0.01247	0.01423	0.02090	0.01329	0.03963	0.77435	0.00850	0.03041	0.00573	0.00286	0.00481
16	0.01968	0.01467	0.01570	0.01220	0.01637	0.01631	0.01003	0.68449	0.10190	0.03266	0.01381	0.01362	0.00988	0.00653	0.00538	0.00163	0.00574	0.00496	0.00538	0.00906
17	0.00887	0.00578	0.00726	0.00701	0.00850	0.00525	0.00520	0.01104	0.02854	0.09342	0.38623	0.20553	0.18245	0.01224	0.00634	0.00182	0.00293	0.01072	0.00559	0.00528
18	0.01113	0.00954	0.01113	0.00795	0.01272	0.00716	0.00636	0.01352	0.01113	0.01749	0.00954	0.01113	0.00795	0.00398	0.00398	0.00080	0.00398	0.00318	0.00318	0.84417
19	0.00777	0.00519	0.00586	0.00590	0.00591	0.00518	0.00330	0.00780	0.00787	0.01050	0.01726	0.05604	0.01995	0.78985	0.02677	0.00512	0.00515	0.00801	0.00330	0.00328
20	0.00932	0.00545	0.00709	0.00747	0.00841	0.00501	0.00516	0.01036	0.01091	0.12779	0.04196	0.54504	0.06456	0.11374	0.00914	0.00245	0.00356	0.01258	0.00503	0.00495
21	0.00903	0.00572	0.00708	0.00706	0.00858	0.00510	0.00526	0.01064	0.01266	0.11322	0.18954	0.27242	0.27155	0.01320	0.00643	0.00191	0.00314	0.04690	0.00538	0.00519
22	0.02005	0.02558	0.01521	0.01383	0.01659	0.78980	0.01037	0.02143	0.01521	0.01314	0.00830	0.00968	0.00691	0.00553	0.00484	0.00138	0.00968	0.00346	0.00277	0.00622
23	0.00653	0.00471	0.00619	0.00738	0.00776	0.00437	0.00494	0.00748	0.01036	0.01374	0.03070	0.77393	0.06870	0.01667	0.00683	0.00216	0.00310	0.01508	0.00498	0.00437
24	0.01960	0.01385	0.01498	0.01165	0.01568	0.01519	0.00957	0.62278	0.07019	0.08110	0.01426	0.01410	0.01012	0.00650	0.00528	0.00161	0.00552	0.00496	0.05423	0.00885
25	0.02327	0.00898	0.01226	0.00957	0.01357	0.00780	0.00793	0.02537	0.01521	0.74137	0.02156	0.02049	0.01421	0.00707	0.00550	0.00170	0.00459	0.04408	0.00655	0.00892
26	0.02041	0.01504	0.01611	0.01235	0.01665	0.01665	0.01020	0.75997	0.02524	0.03383	0.01289	0.01289	0.00913	0.00644	0.00537	0.00161	0.00591	0.00483	0.00537	0.00913
27	0.04043	0.00871	0.01170	0.00915	0.01292	0.00763	0.00749	0.02393	0.01520	0.66990	0.11489	0.02078	0.01778	0.00715	0.00547	0.00166	0.00430	0.00588	0.00648	0.00855
28	0.01567	0.01035	0.01172	0.01019	0.01325	0.01119	0.00795	0.04711	0.47780	0.21534	0.02158	0.06149	0.01654	0.04665	0.00658	0.00196	0.00436	0.00643	0.00563	0.00821
29	0.00781	0.00520	0.00585	0.00585	0.00585	0.00520	0.00325	0.00781	0.00781	0.01041	0.01691	0.03513	0.01952	0.81135	0.02732	0.00520	0.00520	0.00781	0.00325	0.00325
30	0.00784	0.00527	0.00606	0.00610	0.00622	0.00524	0.00361	0.00809	0.00842	0.01127	0.05730	0.03662	0.02170	0.73062	0.02525	0.00489	0.00505	0.04355	0.00347	0.00343
31	0.03781	0.00932	0.01233	0.08209	0.01523	0.00916	0.00842	0.07033	0.04607	0.48782	0.02009	0.01955	0.05243	0.03193	0.04212	0.00213	0.03398	0.00565	0.00553	0.00801
32	0.00731	0.00604	0.00732	0.04614	0.04956	0.00557	0.00567	0.02588	0.01202	0.01506	0.06325	0.24962	0.46046	0.01336	0.00636	0.00189	0.00330	0.01152	0.00477	0.00489
33	0.00654	0.00467	0.00623	0.00747	0.00779	0.00436	0.00498	0.00747	0.01028	0.01370	0.02959	0.80785	0.03550	0.01682	0.00685	0.00218	0.00311	0.01526	0.00498	0.00436
34	0.38084	0.01280	0.01230	0.00989	0.01371	0.01437	0.00816	0.41940	0.01794	0.02916	0.01145	0.01193	0.02468	0.00597	0.00450	0.00164	0.00507	0.00414	0.00447	0.00758
35	0.03341	0.43069	0.07310	0.01168	0.01564	0.05323	0.07048	0.01695	0.01124	0.09073	0.00922	0.01080	0.00763	0.00567	0.00639	0.00151	0.13800	0.00380	0.00282	0.00699
36	0.01946	0.01120	0.01308	0.01061	0.01439	0.01164	0.00858	0.17587	0.28941	0.35557	0.01974	0.01781	0.01356	0.00683	0.00542	0.00171	0.00472	0.00553	0.00596	0.00890
37	0.01113	0.00954	0.01113	0.00795	0.01272	0.00716	0.00636	0.01352	0.01113	0.01749	0.00954	0.01113	0.00795	0.00398	0.00398	0.00080	0.00398	0.00318	0.00318	0.84417
38	0.00636	0.00536	0.00552	0.00564	0.00730	0.00451	0.00417	0.00768	0.01204	0.01442	0.05188	0.12781	0.70115	0.01392	0.00640	0.00185	0.00276	0.01172	0.00498	0.00451
39	0.02002	0.01536	0.01586	0.01235	0.01650	0.05402	0.01012	0.68568	0.06378	0.03223	0.01314	0.01311	0.00940	0.00644	0.00535	0.00161	0.00600	0.00483	0.00525	0.00895
40	0.00679	0.00497	0.00638	0.00706	0.00778	0.00456	0.00490	0.00818	0.01175	0.01578	0.22203	0.52524	0.12486	0.01496	0.00666	0.00201	0.00292	0.01339	0.00522	0.00456
41	0.02370	0.00922	0.01245	0.00960	0.01371	0.00808	0.00791	0.02624	0.04230	0.75442	0.02120	0.01833	0.01340	0.00667	0.00540	0.00167	0.00456	0.00542	0.00660	0.00911
42	0.00760	0.00549	0.00718	0.00675	0.00802	0.00506	0.00506	0.01013	0.01519	0.02153	0.77503	0.04010	0.05065	0.01097	0.00633	0.00169	0.00253	0.00971	0.00591	0.00506
43	0.01102	0.00943	0.01102	0.00794	0.01260	0.00709	0.00633	0.01337	0.01111	0.01740	0.01001	0.02995	0.00860	0.00428	0.00404	0.00083	0.00396	0.00347	0.00322	0.82433
44	0.00760	0.00549	0.00718	0.00675	0.00802	0.00506	0.00506	0.01013	0.01519	0.02153	0.77503	0.04010	0.05065	0.01097	0.00633	0.00169	0.00253	0.00971	0.00591	0.00506
45	0.01335	0.01153	0.01214	0.01092	0.01396	0.01335	0.00850	0.02852	0.76817	0.02245	0.02185	0.02003	0.01639	0.00728	0.00546	0.00182	0.00425	0.00607	0.00546	0.00850
46	0.02005	0.02558	0.01521	0.01383	0.01659	0.78980	0.01037	0.02143	0.01521	0.01314	0.00830	0.00968	0.00691	0.00553	0.00484	0.00138	0.00968	0.00346	0.00277	0.00622
47	0.05384	0.00918	0.01229	0.00946	0.01358	0.00804	0.00781	0.02579	0.01514	0.75427	0.02068	0.01793	0.01302	0.00658	0.00532	0.00166	0.00455	0.00531	0.00652	0.00902
48	0.01310	0.01113	0.01185	0.01061	0.01354	0.01275	0.00826	0.05329	0.67551	0.02278	0.08741	0.02153	0.01912	0.00758	0.00553	0.00180	0.00416	0.00634	0.00550	0.00822
49	0.01335	0.01153	0.01214	0.01092	0.01396	0.01335	0.00850	0.02852	0.76817	0.02245	0.02185	0.02003	0.01639	0.00728	0.00546	0.00182	0.00425	0.00607	0.00546	0.00850
50	0.00781	0.00520	0.00585	0.00585	0.00585	0.00520	0.00325	0.00781	0.00781	0.01041	0.01691	0.03513	0.01952	0.81135	0.02732	0.00520	0.00520	0.00781	0.00325	0.00325
51	0.02408	0.00914	0.01246	0.00955	0.01370	0.00789	0.00789	0.02616	0.01536	0.78158	0.02118	0.01827	0.01329	0.00664	0.00540	0.00166	0.00457	0.00540	0.00664	0.00914
52	0.02295	0.00937	0.01244	0.00960	0.01362	0.00837	0.00791	0.07787	0.01606	0.68811	0.06018	0.01903	0.01495	0.00686	0.00545	0.00166	0.00456	0.00558	0.00651	0.00892
53	0.01335	0.01153	0.01214	0.01092	0.01396	0.01335	0.00850	0.02852	0.76817	0.02245	0.02185	0.02003	0.01639	0.00728	0.00546	0.00182	0.00425	0.00607	0.00546	0.00850
54	0.02408	0.00914	0.01246	0.00955	0.01370	0.00789	0.00789	0.02616	0.01536	0.78158	0.02118	0.01827	0.01329	0.00664	0.00540	0.00166	0.00457	0.00540	0.00664	0.00914
55	0.00903	0.00572	0.00742	0.00704	0.00843	0.00522	0.00521	0.01112	0.01403	0.09584	0.51953	0.15331	0.08325	0.04183	0.00711	0.00190	0.00294	0.01012	0.00569	0.00527
56	0.01270	0.00695	0.00838	0.00744	0.00893	0.00677	0.00522	0.05293	0.03867	0.20194	0.06892	0.03002	0.01961	0.45281	0.01763	0.00364	0.00481	0.02693	0.02030	0.00539
57	0.58005	0.00997	0.00938	0.00787	0.01146	0.01069	0.00649	0.01917	0.01117	0.27122	0.01194	0.01184	0.00825	0.00552	0.00400	0.00166	0.00429	0.00372	0.00441	0.00690
58	0.01290	0.00703	0.00897	0.00842	0.01058	0.00657	0.00673	0.01552	0.06392	0.24517	0.05662	0.11285	0.16277	0.04752	0.00766	0.02555	0.00411	0.18556	0.00539	0.00616
59	0.00903	0.00552	0.00693	0.00720	0.00842	0.00495	0.00511	0.01023	0.01150	0.12139	0.05548	0.46858	0.20619	0.04405	0.00728	0.00212	0.00329	0.01252	0.00518	0.00505
60	0.00657	0.00468	0.00622	0.00744	0.00774	0.00438	0.00495	0.00748	0.01022	0.01363	0.02931	0.79132	0.03516	0.03381	0.00729	0.00224	0.00316	0.01510	0.00495	0.00434
61	0.84927	0.01038	0.00789	0.00706	0.01038	0.01204	0.00581	0.01578	0.00914	0.02408	0.00747	0.00872	0.00581	0.00498	0.00332	0.00166	0.00415	0.00291	0.00332	0.00581
62	0.01077	0.02777	0.78354	0.01530	0.02323	0.01247	0.01983	0.01700	0.01133	0.01700	0.00963	0.01133	0.00680	0.00510	0.00510	0.00170	0.00793	0.00397	0.00227	0.00793
63	0.06379	0.03516	0.35045	0.14312	0.11297	0.05333	0.08055	0.01662	0.01155	0.03469	0.00976	0.01218	0.00731	0.00515	0.00533	0.00167	0.02226	0.00431	0.00259	0.02720
64	0.01192	0.01003	0.01085	0.01005	0.01258	0.01131	0.00782	0.02365	0.57373	0.02076	0.06776	0.02749	0.05684	0.05078	0.00689	0.00205	0.00419	0.07851	0.00530	0.00748
65	0.01141	0.01151	0.01753	0.50446	0.04755	0.06583	0.08785	0.01454	0.01095	0.01419	0.00926	0.01348	0.00729	0.00576	0.00703	0.00179	0.11550	0.00475	0.00248	0.04686
66	0.02828	0.00595	0.00741	0.00706	0.00867	0.00535	0.00525	0.01087	0.01327	0.08342	0.37471	0.21853	0.13860	0.01179	0.00617	0.00177	0.00299	0.01033	0.00541	0.05415
67	0.44106	0.00871	0.00861	0.02581	0.01094	0.00923	0.00616	0.01536	0.01105	0.14070	0.09998	0.12278	0.01629	0.00772	0.00482	0.01505	0.00396	0.00583	0.00432	0.04162
68	0.00983	0.00885	0.05160	0.07082	0.01383	0.00813	0.04431	0.01186	0.01043	0.04886	0.01774	0.20619	0.04419	0.07604	0.08637	0.00270	0.08761	0.02463	0.00363	0.17239
69	0.02257	0.00998	0.01279	0.00998	0.01402	0.00935	0.00819	0.09976	0.09640	0.62611	0.02042	0.01792	0.01320	0.00669	0.00540	0.00167	0.00467	0.00541	0.00639	0.00907
70	0.00908	0.00559	0.00722	0.00747	0.00858	0.00505	0.00523	0.01030	0.01122	0.10931	0.08374	0.51725	0.07029	0.07602	0.00807	0.00223	0.00343	0.01230	0.00504	0.04259
71	0.00970	0.00580	0.00757	0.04278	0.00944	0.00560	0.00544	0.01074	0.01047	0.11835	0.05408	0.32757	0.02610	0.28596	0.01359	0.00312	0.00428	0.05010	0.00454	0.00477
72	0.75642	0.01002	0.00799	0.00708	0.01033	0.01136	0.00579	0.01531	0.00962	0.02362	0.05796	0.01089	0.00885	0.00533	0.00355	0.00162	0.00404	0.00337	0.00349	0.04337
73	0.01245	0.03547	0.04650	0.01040	0.01349	0.01212	0.00853	0.05015	0.53309	0.02149	0.09700	0.02235	0.03638	0.00863	0.02892	0.00196	0.00462	0.02025	0.00510	0.03109
74	0.08637	0.00896	0.01061	0.00885	0.01193	0.00875	0.00701	0.11113	0.06380	0.35875	0.02275	0.10842	0.08601	0.05062	0.00658	0.00191	0.00432	0.00692	0.02885	0.00744
75	0.00805	0.00545	0.00708	0.00760	0.00818	0.00538	0.00520	0.02309	0.01055	0.04837	0.06807	0.53703	0.03065	0.14440	0.03837	0.00284	0.02797	0.01244	0.00468	0.00459
76	0.00666	0.00570	0.00634	0.00605	0.00787	0.00486	0.02681	0.00813	0.01226	0.01484	0.09332	0.04928	0.68369	0.04171	0.00709	0.00193	0.00299	0.01096	0.00491	0.00460
77	0.02615	0.00666	0.00808	0.00736	0.00907	0.00644	0.00559	0.07161	0.03712	0.05820	0.52006	0.07129	0.10550	0.03475	0.00678	0.00182	0.00311	0.00920	0.00563	0.00557
78	0.04671	0.00709	0.03106	0.00816	0.00952	0.02762	0.02836	0.01062	0.01096	0.07403	0.05760	0.39315	0.08942	0.13343	0.00950	0.00249	0.00413	0.04661	0.00460	0.00495
79	0.73204	0.01085	0.00858	0.03570	0.01162	0.04657	0.00635	0.01603	0.00975	0.04573	0.00940	0.01053	0.02913	0.00533	0.00362	0.00166	0.00448	0.00332	0.00341	0.00590
80	0.03287	0.03563	0.04260	0.02905	0.00961	0.00622	0.00596	0.01025	0.01364	0.01891	0.47271	0.08845	0.19218	0.01107	0.00609	0.00173	0.00314	0.00956	0.00519	0.00515
81	0.01008	0.00576	0.00781	0.02935	0.00883	0.00596	0.00545	0.03228	0.04894	0.03615	0.04968	0.04700	0.01363	0.03501	0.06495	0.49802	0.00500	0.00557	0.08672	0.00381
82	0.00754	0.00564	0.00713	0.00790	0.02951	0.00532	0.00535	0.04198	0.01206	0.01606	0.15880	0.47329	0.15188	0.04240	0.00729	0.00210	0.00324	0.01268	0.00503	0.00480
83	0.04069	0.00670	0.00608	0.00591	0.00740	0.05110	0.00446	0.01379	0.04548	0.01991	0.03944	0.01961	0.01430	0.00635	0.00395	0.00131	0.00306	0.00503	0.70017	0.00526
84	0.03702	0.00579	0.00644	0.00672	0.03055	0.00516	0.00476	0.00876	0.01255	0.01629	0.20169	0.09001	0.51397	0.02844	0.00665	0.00186	0.00291	0.01065	0.00502	0.00477
85	0.04503	0.01230	0.01208	0.01062	0.01352	0.10800	0.00852	0.24411	0.12243	0.02244	0.04846	0.08459	0.03423	0.00885	0.00568	0.00176	0.00534	0.13775	0.00473	0.06957

[dist]
# distance from previous block
# <min> <max>
0	84

# created by:
# /st0/software/busco_prod/Augustus/scripts/msa2prfl.pl ./align_prep/217409.fa
