[name]
unknown

[dist]
# distance from previous block
# <min> <max>
0	19

[block]
# block no. 0 follows, 40 sequences, length 19
# corresponding to MSA columns:
# 187-205
name=unknown_A
#
# <colnr> <probs for GDERKNQSTAVLIFYWHMCP>
#	G	D	E	R	K	N	Q	S	T	A	V	L	I	F	Y	W	H	M	C	P
0	0.00919	0.00648	0.00877	0.00984	0.01091	0.00648	0.00821	0.01133	0.01240	0.01618	0.02830	0.06011	0.03101	0.17148	0.01233	0.00327	0.00541	0.57831	0.00499	0.00499
1	0.01239	0.05945	0.58408	0.01535	0.02273	0.01410	0.01854	0.02086	0.15911	0.01939	0.01297	0.01403	0.00944	0.00597	0.00553	0.00184	0.00770	0.00470	0.00315	0.00867
2	0.03381	0.01317	0.04018	0.13388	0.47768	0.01332	0.01554	0.03900	0.08913	0.01944	0.01503	0.01759	0.05436	0.00618	0.00579	0.00180	0.00652	0.00567	0.00339	0.00850
3	0.00733	0.00529	0.00727	0.00835	0.00882	0.00523	0.00577	0.00855	0.01078	0.01458	0.02877	0.63852	0.03369	0.02328	0.15997	0.00375	0.00581	0.01448	0.00494	0.00482
4	0.01302	0.01210	0.02018	0.06220	0.57869	0.01212	0.01531	0.01635	0.01381	0.01968	0.15951	0.02023	0.01825	0.00655	0.00598	0.00176	0.00611	0.00624	0.00357	0.00835
5	0.02020	0.01451	0.01942	0.01462	0.01926	0.01516	0.15519	0.44580	0.02207	0.13335	0.01513	0.01566	0.01066	0.00658	0.00591	0.00177	0.00662	0.00566	0.06328	0.00917
6	0.01420	0.00718	0.00924	0.00846	0.01084	0.00633	0.00652	0.01601	0.01425	0.28953	0.10444	0.23581	0.19527	0.01268	0.00670	0.00203	0.00388	0.04372	0.00615	0.00676
7	0.00904	0.00723	0.00824	0.00776	0.00970	0.00709	0.00589	0.01411	0.16145	0.02109	0.38737	0.04311	0.27184	0.01200	0.00668	0.00190	0.00318	0.01029	0.00598	0.00604
8	0.01286	0.01168	0.01675	0.01201	0.01729	0.00962	0.15289	0.04961	0.01311	0.01972	0.01079	0.01287	0.00872	0.00455	0.00489	0.00112	0.00550	0.00421	0.00346	0.62834
9	0.02962	0.12342	0.22656	0.01401	0.01913	0.23873	0.04739	0.05903	0.03269	0.07332	0.01296	0.03620	0.02721	0.00638	0.00535	0.00165	0.00795	0.00483	0.00346	0.03011
10	0.04368	0.08013	0.09004	0.06515	0.03870	0.05999	0.01079	0.15247	0.10212	0.08137	0.03038	0.17010	0.01671	0.00893	0.00612	0.00188	0.02176	0.00734	0.00462	0.00772
11	0.00715	0.00520	0.00675	0.00785	0.00840	0.00479	0.00532	0.00833	0.01170	0.01553	0.08643	0.67510	0.10108	0.01746	0.00733	0.00229	0.00329	0.01574	0.00547	0.00479
12	0.01179	0.01063	0.01714	0.15026	0.40279	0.01099	0.01322	0.01436	0.01188	0.01633	0.01603	0.07481	0.04860	0.16422	0.01069	0.00260	0.00636	0.00695	0.00325	0.00711
13	0.04283	0.01324	0.03887	0.24856	0.05876	0.01379	0.21017	0.16057	0.01541	0.04247	0.01344	0.07672	0.01110	0.00685	0.00637	0.00193	0.02105	0.00647	0.00373	0.00764
14	0.01311	0.01139	0.11079	0.07985	0.01631	0.00955	0.01031	0.06426	0.06453	0.13778	0.07481	0.04906	0.08252	0.01631	0.15909	0.00345	0.00754	0.07753	0.00472	0.00709
15	0.00738	0.00571	0.00673	0.00689	0.00827	0.00506	0.00501	0.00918	0.01384	0.01808	0.28865	0.22389	0.35126	0.01458	0.00700	0.00201	0.00298	0.01267	0.00574	0.00506
16	0.22468	0.01206	0.03489	0.19343	0.08105	0.01270	0.01114	0.13896	0.01474	0.16537	0.01284	0.01446	0.00923	0.00675	0.00600	0.03888	0.00600	0.00477	0.00428	0.00776
17	0.01405	0.09593	0.24161	0.01577	0.05299	0.07835	0.11182	0.08504	0.01372	0.03981	0.01195	0.01488	0.00954	0.01327	0.15872	0.00326	0.02336	0.00505	0.00317	0.00769
18	0.10001	0.01369	0.01484	0.01197	0.01576	0.01530	0.00978	0.50509	0.04002	0.03068	0.01394	0.01548	0.01066	0.01415	0.15847	0.00327	0.00800	0.00526	0.00506	0.00858

[dist]
# distance from previous block
# <min> <max>
1	10

[block]
# block no. 1 follows, 40 sequences, length 16
# corresponding to MSA columns:
# 217-232
name=unknown_B
#
# <colnr> <probs for GDERKNQSTAVLIFYWHMCP>
#	G	D	E	R	K	N	Q	S	T	A	V	L	I	F	Y	W	H	M	C	P
0	0.01482	0.01113	0.01481	0.01183	0.01513	0.01172	0.13557	0.20435	0.13185	0.02542	0.01715	0.01864	0.01299	0.00667	0.00530	0.00166	0.00520	0.00581	0.34236	0.00759
1	0.01855	0.01372	0.01504	0.01221	0.01589	0.01508	0.00982	0.55093	0.05220	0.03130	0.01759	0.15124	0.01542	0.01062	0.04028	0.00220	0.00621	0.00732	0.00563	0.00875
2	0.01930	0.01648	0.01611	0.09892	0.01930	0.14854	0.01091	0.45510	0.02174	0.02768	0.01354	0.03758	0.01092	0.06848	0.00762	0.00204	0.00712	0.00554	0.00477	0.00831
3	0.00733	0.00516	0.00668	0.00779	0.00807	0.00488	0.00507	0.00816	0.01066	0.01422	0.02964	0.65949	0.03542	0.15471	0.01132	0.00294	0.00377	0.01511	0.00507	0.00451
4	0.01072	0.00832	0.01044	0.01008	0.01117	0.00921	0.00751	0.13770	0.01385	0.01891	0.06460	0.46931	0.02897	0.03577	0.00957	0.00234	0.12844	0.01217	0.00502	0.00590
5	0.01701	0.16232	0.09944	0.13691	0.02166	0.07271	0.04742	0.16274	0.01562	0.10649	0.01179	0.01353	0.00888	0.00647	0.00685	0.00178	0.09183	0.00475	0.00378	0.00803
6	0.00802	0.00546	0.00647	0.00690	0.00700	0.00535	0.00411	0.00834	0.00930	0.01240	0.02265	0.27548	0.02660	0.55077	0.02261	0.00461	0.00492	0.01100	0.00411	0.00390
7	0.01055	0.00738	0.00838	0.00797	0.00886	0.00761	0.00527	0.13681	0.01237	0.01653	0.02063	0.20272	0.02305	0.48297	0.02045	0.00422	0.00526	0.00970	0.00435	0.00491
8	0.01101	0.07791	0.05392	0.03518	0.01362	0.03666	0.06428	0.03355	0.01176	0.04228	0.02080	0.31881	0.02281	0.14972	0.01142	0.00272	0.05826	0.02534	0.00418	0.00579
9	0.08994	0.06069	0.04560	0.01513	0.06456	0.07078	0.06232	0.24301	0.01674	0.06374	0.01131	0.01312	0.00878	0.00690	0.00818	0.00185	0.16629	0.00483	0.00402	0.04222
10	0.00883	0.00629	0.00784	0.00848	0.00923	0.00622	0.00590	0.07450	0.01233	0.01642	0.02809	0.54565	0.03270	0.14341	0.01093	0.00286	0.00416	0.06599	0.00513	0.00504
11	0.01234	0.05790	0.06866	0.01208	0.01684	0.01049	0.13500	0.04532	0.03831	0.02022	0.14202	0.01845	0.01698	0.00609	0.00536	0.00139	0.00549	0.00550	0.00393	0.37763
12	0.00990	0.01022	0.05873	0.01311	0.01621	0.00843	0.20810	0.01256	0.01211	0.01672	0.02283	0.39657	0.04566	0.01167	0.00668	0.00199	0.00557	0.01111	0.00427	0.12756
13	0.00822	0.00554	0.00641	0.00665	0.00671	0.00548	0.00385	0.00839	0.00893	0.01190	0.02073	0.17040	0.02418	0.65914	0.02570	0.00506	0.00524	0.00987	0.00385	0.00373
14	0.01421	0.01310	0.01875	0.03832	0.01758	0.01649	0.09336	0.14178	0.01285	0.01866	0.01007	0.01462	0.00892	0.03899	0.01491	0.00240	0.48278	0.00546	0.02976	0.00701
15	0.01340	0.01522	0.06465	0.03869	0.04595	0.01386	0.55442	0.04416	0.03599	0.01913	0.01391	0.05526	0.01157	0.00626	0.00676	0.00199	0.00884	0.03886	0.00333	0.00774

[dist]
# distance from previous block
# <min> <max>
1	41

[block]
# block no. 2 follows, 40 sequences, length 6
# corresponding to MSA columns:
# 274-279
name=unknown_C
#
# <colnr> <probs for GDERKNQSTAVLIFYWHMCP>
#	G	D	E	R	K	N	Q	S	T	A	V	L	I	F	Y	W	H	M	C	P
0	0.00771	0.00589	0.00711	0.00718	0.00864	0.00529	0.00542	0.00979	0.01444	0.01911	0.36141	0.13590	0.30328	0.01399	0.00703	0.00201	0.00311	0.07167	0.00584	0.00518
1	0.15426	0.01425	0.08259	0.17255	0.14576	0.01394	0.07420	0.11875	0.09069	0.05915	0.01269	0.01467	0.00947	0.00598	0.00551	0.00184	0.00665	0.00508	0.00384	0.00812
2	0.01350	0.33797	0.37129	0.01497	0.02174	0.01750	0.11300	0.01804	0.01229	0.01654	0.00967	0.01155	0.00760	0.00522	0.00498	0.00162	0.00780	0.00416	0.00253	0.00804
3	0.00709	0.00506	0.00675	0.00810	0.00843	0.00472	0.00540	0.00810	0.01113	0.01484	0.03205	0.79184	0.03846	0.01822	0.00742	0.00236	0.00337	0.01653	0.00540	0.00472
4	0.01957	0.01241	0.01352	0.01133	0.01506	0.06089	0.00902	0.08418	0.32485	0.30433	0.06440	0.02091	0.01736	0.00767	0.00589	0.00185	0.00515	0.00624	0.00623	0.00914
5	0.05939	0.55394	0.02534	0.01135	0.04168	0.07706	0.01006	0.01766	0.01215	0.04227	0.00989	0.01265	0.00893	0.00727	0.03498	0.00175	0.03436	0.02908	0.00290	0.00730

[dist]
# distance from previous block
# <min> <max>
0	3

[block]
# block no. 3 follows, 40 sequences, length 38
# corresponding to MSA columns:
# 283-320
name=unknown_D
#
# <colnr> <probs for GDERKNQSTAVLIFYWHMCP>
#	G	D	E	R	K	N	Q	S	T	A	V	L	I	F	Y	W	H	M	C	P
0	0.01313	0.01118	0.01401	0.04932	0.05091	0.00969	0.03249	0.09414	0.03175	0.02064	0.01197	0.04282	0.01011	0.00535	0.00486	0.00117	0.00498	0.00450	0.00375	0.58322
1	0.03577	0.12546	0.42357	0.01631	0.05337	0.01509	0.08423	0.10049	0.01428	0.06211	0.01132	0.01284	0.00825	0.00564	0.00543	0.00176	0.00777	0.00458	0.00320	0.00856
2	0.01190	0.00874	0.01122	0.10918	0.03264	0.02972	0.00875	0.03965	0.11246	0.08981	0.09386	0.24116	0.02575	0.01489	0.08234	0.00281	0.00594	0.06760	0.00504	0.00655
3	0.31566	0.01115	0.01204	0.00966	0.01377	0.01141	0.00796	0.12494	0.01561	0.37371	0.01623	0.01531	0.01087	0.00651	0.00498	0.00178	0.00493	0.00478	0.03022	0.00847
4	0.00762	0.00515	0.00660	0.00769	0.00817	0.00486	0.00517	0.00886	0.01133	0.01580	0.05160	0.64905	0.03547	0.04437	0.00779	0.00234	0.00336	0.01471	0.10527	0.00479
5	0.01073	0.00543	0.00546	0.00546	0.00675	0.00543	0.00404	0.01331	0.01202	0.02119	0.01894	0.02245	0.01520	0.04379	0.00526	0.00156	0.00285	0.00556	0.78923	0.00533
6	0.38616	0.01008	0.01093	0.15597	0.01694	0.01121	0.00842	0.04255	0.01225	0.14401	0.01351	0.05055	0.01050	0.00658	0.00470	0.00180	0.00500	0.00493	0.09705	0.00687
7	0.01439	0.01382	0.02360	0.03569	0.75936	0.01382	0.01785	0.01785	0.01324	0.01900	0.01094	0.01439	0.00921	0.00518	0.00576	0.00173	0.00691	0.00518	0.00288	0.00921
8	0.02012	0.20819	0.02013	0.01413	0.03767	0.46463	0.01109	0.12576	0.01686	0.01749	0.00955	0.01082	0.00788	0.00587	0.00498	0.00148	0.00879	0.00385	0.00328	0.00744
9	0.01281	0.01551	0.14275	0.11788	0.40570	0.01295	0.09549	0.01686	0.01302	0.01825	0.03247	0.01784	0.06026	0.00609	0.00595	0.00181	0.00723	0.00583	0.00304	0.00825
10	0.11014	0.21535	0.35007	0.01374	0.03821	0.04665	0.01488	0.07079	0.01342	0.06193	0.01051	0.01175	0.00790	0.00559	0.00489	0.00166	0.00720	0.00403	0.00314	0.00816
11	0.04002	0.11386	0.01663	0.08206	0.04169	0.01324	0.01005	0.12145	0.12895	0.32826	0.03330	0.01761	0.01327	0.00685	0.00554	0.00176	0.00552	0.00547	0.00554	0.00896
12	0.02550	0.01084	0.01408	0.01079	0.01532	0.00995	0.00892	0.13351	0.01823	0.65598	0.02161	0.01893	0.01373	0.00717	0.00584	0.00179	0.00516	0.00576	0.00699	0.00990
13	0.00859	0.00554	0.00742	0.00836	0.00910	0.00514	0.00585	0.00988	0.01193	0.06707	0.07115	0.65624	0.03742	0.01699	0.00732	0.00231	0.00356	0.05542	0.00557	0.00516
14	0.01288	0.24480	0.48725	0.01588	0.07515	0.01602	0.01760	0.01792	0.01231	0.01724	0.02709	0.01232	0.00863	0.00549	0.00507	0.00166	0.00767	0.00417	0.00259	0.00825
15	0.01169	0.00756	0.00910	0.00896	0.01036	0.02267	0.00641	0.08557	0.02800	0.11047	0.02561	0.43709	0.02775	0.12405	0.05359	0.00305	0.00505	0.01189	0.00524	0.00589
16	0.01439	0.01382	0.02360	0.03569	0.75936	0.01382	0.01785	0.01785	0.01324	0.01900	0.01094	0.01439	0.00921	0.00518	0.00576	0.00173	0.00691	0.00518	0.00288	0.00921
17	0.11377	0.01113	0.01945	0.16569	0.02310	0.01169	0.26398	0.01502	0.01190	0.03488	0.01572	0.18504	0.01526	0.03550	0.00780	0.00218	0.04968	0.00812	0.00359	0.00652
18	0.01326	0.01301	0.04003	0.13453	0.48485	0.01308	0.05204	0.03674	0.01306	0.01831	0.01295	0.09134	0.01180	0.00677	0.00642	0.00186	0.03221	0.00636	0.00315	0.00823
19	0.77852	0.01115	0.00890	0.00784	0.01150	0.01272	0.00646	0.01790	0.01038	0.07901	0.00916	0.01019	0.00688	0.00553	0.00376	0.00180	0.00453	0.00334	0.00386	0.00656
20	0.02172	0.02772	0.01648	0.01498	0.01798	0.77228	0.01124	0.02322	0.01648	0.01423	0.00899	0.01049	0.00749	0.00599	0.00524	0.00150	0.01049	0.00375	0.00300	0.00674
21	0.01470	0.03940	0.19777	0.05548	0.08648	0.07405	0.15802	0.01846	0.01327	0.12261	0.01502	0.11591	0.01292	0.00751	0.00664	0.00191	0.04168	0.00670	0.00370	0.00779
22	0.01101	0.00578	0.00599	0.00587	0.00730	0.00589	0.00445	0.03404	0.01246	0.02163	0.01863	0.02153	0.01474	0.00891	0.04845	0.00183	0.00356	0.00546	0.75694	0.00553
23	0.00843	0.00573	0.00679	0.00679	0.00695	0.00588	0.00409	0.00875	0.00859	0.01161	0.01791	0.03576	0.02015	0.68235	0.14151	0.00620	0.00713	0.00812	0.00346	0.00377
24	0.01699	0.01263	0.01492	0.10595	0.04293	0.01388	0.01033	0.41368	0.04571	0.04844	0.03946	0.12337	0.01601	0.05952	0.00761	0.00212	0.00590	0.00720	0.00518	0.00817
25	0.01816	0.03806	0.04191	0.11015	0.20299	0.15741	0.01361	0.28616	0.03455	0.02411	0.01180	0.01359	0.00905	0.00614	0.00563	0.00171	0.00747	0.00488	0.00400	0.00861
26	0.41170	0.01145	0.03882	0.19516	0.01936	0.01231	0.00977	0.03578	0.01194	0.13858	0.01155	0.01324	0.00837	0.00599	0.00502	0.00184	0.02563	0.00428	0.03216	0.00704
27	0.01511	0.58734	0.18633	0.01163	0.01730	0.04662	0.01248	0.03750	0.01250	0.01534	0.00878	0.01012	0.00751	0.00518	0.00422	0.00139	0.00688	0.00344	0.00259	0.00775
28	0.00924	0.00744	0.00927	0.00905	0.00981	0.04329	0.00664	0.01062	0.00939	0.01289	0.01563	0.02625	0.01579	0.26593	0.46972	0.00747	0.05683	0.00672	0.00320	0.00483
29	0.07981	0.12827	0.05515	0.03635	0.01618	0.01420	0.01012	0.20188	0.01675	0.16897	0.07015	0.01702	0.01354	0.00709	0.00637	0.00172	0.06556	0.01848	0.00477	0.06761
30	0.04075	0.09846	0.10868	0.01925	0.15082	0.20914	0.12718	0.04622	0.08414	0.01830	0.01135	0.01332	0.00902	0.00586	0.00596	0.00172	0.03381	0.00484	0.00323	0.00796
31	0.02609	0.00990	0.01350	0.01035	0.01484	0.00855	0.00855	0.02834	0.01664	0.76338	0.02294	0.01979	0.01439	0.00720	0.00585	0.00180	0.00495	0.00585	0.00720	0.00990
32	0.00734	0.00532	0.00697	0.00823	0.00866	0.00506	0.00553	0.00888	0.03642	0.01517	0.03176	0.76544	0.03775	0.01786	0.00737	0.00235	0.00342	0.01619	0.00542	0.00488
33	0.09848	0.12054	0.01654	0.20207	0.05515	0.01358	0.01091	0.09777	0.04017	0.11350	0.03513	0.10268	0.01382	0.00779	0.00620	0.00186	0.04598	0.00624	0.00417	0.00740
34	0.00973	0.00645	0.00744	0.00721	0.00783	0.00678	0.00477	0.05099	0.01047	0.01516	0.01838	0.07337	0.01929	0.46907	0.08456	0.00464	0.03124	0.00785	0.16022	0.00454
35	0.00831	0.00623	0.00935	0.00935	0.01038	0.00727	0.00727	0.01038	0.00935	0.01350	0.01558	0.02285	0.01454	0.04361	0.77259	0.00935	0.01558	0.00623	0.00312	0.00519
36	0.01970	0.01509	0.01610	0.01289	0.01712	0.01691	0.01047	0.51648	0.25475	0.03277	0.01702	0.01640	0.01237	0.00727	0.00585	0.00182	0.00583	0.00566	0.00585	0.00967
37	0.01373	0.01548	0.05681	0.05634	0.23031	0.01435	0.48758	0.01826	0.01346	0.01858	0.01144	0.01520	0.00884	0.00504	0.00647	0.00189	0.00889	0.00625	0.00289	0.00819

[dist]
# distance from previous block
# <min> <max>
0	2

[block]
# block no. 4 follows, 40 sequences, length 6
# corresponding to MSA columns:
# 323-328
name=unknown_E
#
# <colnr> <probs for GDERKNQSTAVLIFYWHMCP>
#	G	D	E	R	K	N	Q	S	T	A	V	L	I	F	Y	W	H	M	C	P
0	0.02609	0.00990	0.01350	0.01035	0.01484	0.00855	0.00855	0.02834	0.01664	0.76338	0.02294	0.01979	0.01439	0.00720	0.00585	0.00180	0.00495	0.00585	0.00720	0.00990
1	0.00719	0.00514	0.00684	0.00802	0.00846	0.00480	0.00541	0.00837	0.01164	0.01564	0.10023	0.72139	0.04001	0.01762	0.00737	0.00231	0.00331	0.01597	0.00549	0.00480
2	0.01041	0.00965	0.01585	0.67112	0.03550	0.01176	0.01454	0.01391	0.01172	0.01492	0.01549	0.06990	0.06717	0.00732	0.00600	0.00197	0.00709	0.00646	0.00299	0.00623
3	0.01033	0.02824	0.01163	0.02998	0.04673	0.05175	0.03708	0.01244	0.01322	0.03627	0.27348	0.16130	0.05772	0.05980	0.08147	0.00288	0.06570	0.00945	0.00475	0.00579
4	0.02184	0.00919	0.01221	0.00984	0.01352	0.00824	0.00788	0.02474	0.05770	0.57439	0.07992	0.07798	0.01975	0.04616	0.00718	0.00204	0.00468	0.00714	0.00676	0.00884
5	0.01196	0.01034	0.01256	0.08067	0.01623	0.00823	0.00775	0.01466	0.01202	0.01857	0.01034	0.01238	0.00853	0.00445	0.00445	0.00096	0.00463	0.00361	0.00337	0.75430

[dist]
# distance from previous block
# <min> <max>
0	7

[block]
# block no. 5 follows, 40 sequences, length 92
# corresponding to MSA columns:
# 336-427
name=unknown_F
#
# <colnr> <probs for GDERKNQSTAVLIFYWHMCP>
#	G	D	E	R	K	N	Q	S	T	A	V	L	I	F	Y	W	H	M	C	P
0	0.12953	0.48626	0.16762	0.01272	0.06899	0.01915	0.01221	0.01759	0.01174	0.01670	0.00874	0.01027	0.00740	0.00515	0.00420	0.00147	0.00648	0.00349	0.00266	0.00764
1	0.01433	0.03226	0.04774	0.10719	0.37447	0.07118	0.01418	0.05111	0.03213	0.05155	0.09134	0.01964	0.05419	0.00677	0.00585	0.00176	0.00652	0.00598	0.00373	0.00810
2	0.03808	0.02233	0.01595	0.01551	0.07779	0.51108	0.01108	0.10128	0.03714	0.01810	0.01249	0.01511	0.02705	0.00670	0.00543	0.00162	0.00877	0.03214	0.03514	0.00720
3	0.00736	0.00531	0.00698	0.00810	0.00862	0.00491	0.00546	0.00843	0.01111	0.01491	0.03071	0.72031	0.03662	0.04745	0.00817	0.00244	0.00353	0.02969	0.00525	0.03465
4	0.03607	0.00613	0.00775	0.00748	0.00888	0.00572	0.00553	0.01124	0.01512	0.05022	0.54684	0.15428	0.07891	0.03083	0.00733	0.00200	0.00306	0.01102	0.00608	0.00550
5	0.02413	0.01108	0.01403	0.01084	0.01526	0.01042	0.00892	0.15830	0.04688	0.56518	0.03953	0.01921	0.01458	0.00724	0.00583	0.00177	0.00513	0.00583	0.00679	0.02905
6	0.01539	0.01123	0.01250	0.01098	0.01414	0.01227	0.00864	0.10975	0.42239	0.11370	0.09174	0.06638	0.04680	0.00909	0.00616	0.00195	0.00458	0.02774	0.00604	0.00853
7	0.00706	0.00515	0.00665	0.00786	0.00837	0.00474	0.00529	0.00812	0.01137	0.01494	0.03499	0.71145	0.11696	0.01784	0.00736	0.00232	0.00333	0.01607	0.00540	0.00474
8	0.00833	0.00615	0.00892	0.00892	0.00981	0.00704	0.00673	0.01011	0.00922	0.01318	0.01597	0.02502	0.01548	0.15118	0.66631	0.00882	0.01415	0.00655	0.00317	0.00495
9	0.00885	0.00614	0.00774	0.00766	0.00906	0.00570	0.00562	0.01147	0.04268	0.05583	0.40862	0.24469	0.13676	0.01358	0.00693	0.00199	0.00312	0.01199	0.00602	0.00556
10	0.02172	0.02772	0.01648	0.01498	0.01798	0.77228	0.01124	0.02322	0.01648	0.01423	0.00899	0.01049	0.00749	0.00599	0.00524	0.00150	0.01049	0.00375	0.00300	0.00674
11	0.01098	0.01034	0.01744	0.78165	0.04005	0.01292	0.01615	0.01486	0.01163	0.01486	0.01034	0.01550	0.00775	0.00581	0.00581	0.00194	0.00775	0.00517	0.00258	0.00646
12	0.02609	0.00990	0.01350	0.01035	0.01484	0.00855	0.00855	0.02834	0.01664	0.76338	0.02294	0.01979	0.01439	0.00720	0.00585	0.00180	0.00495	0.00585	0.00720	0.00990
13	0.02056	0.01614	0.01595	0.01278	0.01688	0.10506	0.01033	0.48598	0.10256	0.07835	0.04616	0.01697	0.03059	0.00736	0.00583	0.00175	0.00636	0.00563	0.00560	0.00915
14	0.01388	0.00921	0.01093	0.00962	0.01221	0.00947	0.00747	0.09384	0.20313	0.13725	0.31997	0.09483	0.03322	0.01019	0.00641	0.00190	0.00398	0.00877	0.00625	0.00749
15	0.00820	0.00583	0.00756	0.00855	0.00918	0.00567	0.00608	0.03677	0.01184	0.01572	0.02962	0.55448	0.03459	0.10394	0.00993	0.00276	0.00408	0.13510	0.00520	0.00489
16	0.01263	0.01287	0.02037	0.01663	0.01780	0.01656	0.14865	0.01463	0.00984	0.01483	0.00892	0.01393	0.00830	0.01132	0.06487	0.00287	0.59028	0.00550	0.00266	0.00657
17	0.01503	0.01523	0.02236	0.08187	0.62514	0.10310	0.01696	0.01829	0.01352	0.01817	0.01067	0.01400	0.00891	0.00532	0.00570	0.00171	0.00738	0.00501	0.00287	0.00874
18	0.00825	0.00600	0.00823	0.03086	0.01095	0.00587	0.00747	0.01015	0.01235	0.01620	0.04570	0.39759	0.06299	0.01664	0.00762	0.00247	0.00437	0.33590	0.00532	0.00508
19	0.65332	0.09431	0.01185	0.00866	0.01244	0.05276	0.00726	0.06794	0.01165	0.02494	0.00855	0.00980	0.00673	0.00549	0.00385	0.00172	0.00511	0.00332	0.00361	0.00669
20	0.00737	0.00533	0.00702	0.00813	0.00843	0.00518	0.00543	0.00830	0.01082	0.01448	0.03007	0.69899	0.03597	0.09124	0.00984	0.00268	0.02549	0.01545	0.00514	0.00466
21	0.00814	0.00615	0.00854	0.00939	0.03946	0.00578	0.02650	0.00944	0.01133	0.01544	0.08748	0.50593	0.03320	0.13740	0.02694	0.00287	0.00430	0.01321	0.00488	0.04363
22	0.00977	0.01227	0.16626	0.06442	0.09705	0.00878	0.03154	0.01309	0.01307	0.01790	0.13472	0.17309	0.10144	0.01136	0.00668	0.00207	0.00547	0.12017	0.00441	0.00644
23	0.01166	0.03008	0.76550	0.01657	0.02517	0.01351	0.02149	0.01842	0.01228	0.01842	0.01044	0.01228	0.00737	0.00552	0.00552	0.00184	0.00859	0.00430	0.00246	0.00859
24	0.03767	0.00996	0.01048	0.00876	0.01157	0.01064	0.00701	0.29597	0.01818	0.05636	0.01689	0.01829	0.01271	0.00683	0.00480	0.00154	0.00428	0.00530	0.45539	0.00735
25	0.00728	0.00534	0.00708	0.02837	0.00926	0.00502	0.00563	0.00857	0.01179	0.01571	0.10242	0.65489	0.08293	0.01707	0.00729	0.00228	0.00340	0.01540	0.00542	0.00485
26	0.01114	0.01065	0.01844	0.73678	0.03948	0.01303	0.05894	0.01508	0.01175	0.01508	0.01042	0.01551	0.00782	0.00576	0.00588	0.00194	0.00787	0.00527	0.00261	0.00654
27	0.01555	0.79913	0.03047	0.00995	0.01493	0.02301	0.00995	0.01741	0.01182	0.01368	0.00808	0.00933	0.00746	0.00498	0.00373	0.00124	0.00622	0.00311	0.00249	0.00746
28	0.01084	0.00542	0.00542	0.00542	0.00678	0.00542	0.00407	0.01355	0.01220	0.02168	0.01897	0.02168	0.01491	0.00678	0.00407	0.00136	0.00271	0.00542	0.82791	0.00542
29	0.01895	0.15423	0.01916	0.04290	0.01786	0.30545	0.01124	0.19699	0.05136	0.02010	0.01063	0.01212	0.00858	0.00663	0.00681	0.00168	0.09961	0.00435	0.00367	0.00770
30	0.01091	0.01024	0.01712	0.73682	0.03840	0.01280	0.01572	0.01462	0.01154	0.01483	0.01094	0.03968	0.00871	0.00632	0.00622	0.00197	0.02858	0.00552	0.00267	0.00640
31	0.02609	0.00990	0.01350	0.01035	0.01484	0.00855	0.00855	0.02834	0.01664	0.76338	0.02294	0.01979	0.01439	0.00720	0.00585	0.00180	0.00495	0.00585	0.00720	0.00990
32	0.00712	0.00529	0.00664	0.00759	0.00833	0.00481	0.00520	0.00834	0.01192	0.01559	0.08592	0.59118	0.18667	0.01708	0.00727	0.00224	0.00324	0.01526	0.00547	0.00481
33	0.04161	0.01339	0.06530	0.20513	0.04010	0.01291	0.21332	0.12857	0.01545	0.07968	0.07158	0.03814	0.03459	0.00684	0.00617	0.00189	0.00718	0.00648	0.00402	0.00766
34	0.00724	0.00580	0.00647	0.00653	0.00814	0.00503	0.00481	0.00898	0.01379	0.01752	0.23136	0.14648	0.48845	0.01446	0.00694	0.00198	0.00295	0.01237	0.00565	0.00503
35	0.01854	0.10604	0.01638	0.01138	0.01526	0.01574	0.00945	0.49131	0.02204	0.03009	0.01533	0.07010	0.01241	0.00751	0.00542	0.00167	0.00560	0.00582	0.13138	0.00855
36	0.01300	0.01091	0.01275	0.03322	0.01501	0.00891	0.00758	0.08473	0.01352	0.02053	0.01069	0.01235	0.00871	0.00461	0.00450	0.00098	0.00462	0.00367	0.00365	0.72606
37	0.05115	0.01649	0.01465	0.07393	0.01727	0.23480	0.01020	0.22431	0.03280	0.04335	0.01273	0.01505	0.01008	0.03032	0.04400	0.00219	0.06261	0.00490	0.09178	0.00741
38	0.00848	0.00648	0.00967	0.00957	0.01057	0.00767	0.00748	0.01052	0.00933	0.01352	0.01527	0.02246	0.01427	0.04233	0.74372	0.00909	0.04505	0.00619	0.00309	0.00524
39	0.02388	0.01071	0.01374	0.01061	0.01501	0.00986	0.00872	0.11926	0.04578	0.58180	0.04545	0.01953	0.01501	0.00722	0.00581	0.00176	0.00502	0.00584	0.00677	0.04823
40	0.01439	0.01382	0.02360	0.03569	0.75936	0.01382	0.01785	0.01785	0.01324	0.01900	0.01094	0.01439	0.00921	0.00518	0.00576	0.00173	0.00691	0.00518	0.00288	0.00921
41	0.04081	0.00982	0.01325	0.01022	0.01462	0.00855	0.00843	0.02768	0.01651	0.73047	0.04159	0.02021	0.01529	0.00728	0.00583	0.00180	0.00488	0.00592	0.00711	0.00972
42	0.01010	0.00505	0.00758	0.00758	0.00758	0.00505	0.00505	0.00758	0.00758	0.01010	0.01010	0.01768	0.01010	0.02020	0.02273	0.83081	0.00505	0.00505	0.00253	0.00253
43	0.00834	0.00610	0.00868	0.00868	0.00948	0.00691	0.00643	0.00995	0.00915	0.01300	0.01619	0.02624	0.01601	0.21129	0.60692	0.00852	0.01336	0.00673	0.00321	0.00482
44	0.01095	0.01012	0.01704	0.75030	0.03874	0.01260	0.01570	0.01456	0.01146	0.01467	0.01033	0.01559	0.00785	0.00640	0.00650	0.03551	0.00764	0.00516	0.00258	0.00630
45	0.01130	0.01066	0.01801	0.71228	0.10695	0.01300	0.01631	0.01514	0.01178	0.01524	0.01039	0.01540	0.00789	0.00576	0.00581	0.00192	0.00767	0.00517	0.00261	0.00672
46	0.79166	0.01134	0.00893	0.00788	0.01153	0.01305	0.00649	0.03691	0.01056	0.04736	0.00868	0.00986	0.00663	0.00549	0.00372	0.00180	0.00456	0.00328	0.00376	0.00650
47	0.01371	0.01279	0.02124	0.03134	0.62786	0.01286	0.01635	0.01756	0.04178	0.01899	0.01416	0.02171	0.01287	0.00678	0.00608	0.00187	0.00661	0.10344	0.00334	0.00868
48	0.01709	0.00785	0.01051	0.00897	0.01182	0.00695	0.00708	0.01933	0.01571	0.39578	0.25298	0.12074	0.06036	0.01049	0.00645	0.00190	0.00401	0.02773	0.00662	0.00760
49	0.02121	0.02674	0.01698	0.01644	0.07023	0.71883	0.01170	0.02284	0.01625	0.01457	0.00913	0.01076	0.00761	0.00594	0.00528	0.00151	0.01023	0.00385	0.00299	0.00692
50	0.01885	0.00967	0.01192	0.00986	0.01339	0.00931	0.00789	0.04459	0.17830	0.39555	0.13085	0.02722	0.09895	0.00880	0.00611	0.00186	0.00439	0.00733	0.00657	0.00859
51	0.03713	0.01416	0.01542	0.01229	0.01632	0.01548	0.00997	0.53332	0.08601	0.07889	0.03823	0.08496	0.01461	0.00818	0.00595	0.00183	0.00574	0.00650	0.00585	0.00917
52	0.00796	0.00570	0.00744	0.00854	0.00915	0.00548	0.00600	0.03816	0.01197	0.01592	0.03090	0.66988	0.03643	0.03376	0.00788	0.00244	0.00375	0.08830	0.00537	0.00497
53	0.44614	0.01491	0.12966	0.07182	0.13218	0.03223	0.03964	0.01723	0.01126	0.02209	0.00986	0.03199	0.00800	0.00575	0.00466	0.00182	0.00607	0.00430	0.00324	0.00715
54	0.04033	0.02352	0.01688	0.03515	0.12432	0.56582	0.01186	0.04605	0.01596	0.01607	0.01171	0.01332	0.04178	0.00629	0.00538	0.00158	0.00928	0.00441	0.00319	0.00710
55	0.00888	0.00678	0.00901	0.00890	0.00976	0.02563	0.00665	0.01053	0.00944	0.01340	0.01587	0.02524	0.01550	0.18993	0.55582	0.00792	0.03455	0.00655	0.03469	0.00494
56	0.01361	0.08938	0.34795	0.07371	0.19616	0.01447	0.01720	0.10040	0.01437	0.02024	0.05016	0.01458	0.01064	0.00592	0.00555	0.00176	0.00737	0.00490	0.00316	0.00847
57	0.04858	0.55864	0.02575	0.01072	0.01535	0.07942	0.00996	0.11731	0.01435	0.04212	0.00961	0.01069	0.00813	0.00623	0.02040	0.00154	0.00666	0.00361	0.00320	0.00773
58	0.02554	0.01046	0.01380	0.01062	0.01510	0.00942	0.00876	0.08512	0.03215	0.69067	0.02224	0.01937	0.01410	0.00719	0.00585	0.00180	0.00506	0.00581	0.00706	0.00988
59	0.00803	0.00624	0.00707	0.00689	0.00854	0.00564	0.00518	0.03048	0.01423	0.01837	0.26653	0.04993	0.40790	0.08320	0.00893	0.00229	0.00338	0.05650	0.00555	0.00514
60	0.01405	0.03936	0.01560	0.23627	0.04251	0.09260	0.01169	0.06791	0.01296	0.04768	0.01232	0.03753	0.01021	0.00747	0.00857	0.00190	0.19024	0.00533	0.13905	0.00674
61	0.01555	0.79913	0.03047	0.00995	0.01493	0.02301	0.00995	0.01741	0.01182	0.01368	0.00808	0.00933	0.00746	0.00498	0.00373	0.00124	0.00622	0.00311	0.00249	0.00746
62	0.00724	0.00525	0.00681	0.00799	0.00853	0.00488	0.00549	0.00837	0.01140	0.01498	0.03420	0.65582	0.10757	0.03979	0.00803	0.00243	0.00351	0.05761	0.00534	0.00474
63	0.01689	0.06894	0.16064	0.01568	0.06150	0.27637	0.03372	0.06866	0.17196	0.01898	0.01280	0.01384	0.00995	0.00640	0.00602	0.00173	0.03950	0.00474	0.00364	0.00802
64	0.00790	0.00590	0.00734	0.00704	0.00850	0.00534	0.00526	0.01032	0.01560	0.02141	0.58337	0.07181	0.20335	0.01271	0.00688	0.00188	0.00281	0.01110	0.00615	0.00534
65	0.02485	0.01189	0.01473	0.01129	0.01584	0.01150	0.00933	0.24976	0.01997	0.53727	0.02015	0.01798	0.01299	0.00713	0.00584	0.00178	0.00540	0.00566	0.00677	0.00989
66	0.01030	0.00894	0.01266	0.03292	0.22343	0.03898	0.01012	0.01248	0.01265	0.01683	0.05284	0.33718	0.04779	0.01301	0.00691	0.00217	0.00510	0.14488	0.00456	0.00627
67	0.01713	0.08387	0.01712	0.01538	0.11814	0.17626	0.01092	0.24312	0.01788	0.02234	0.01714	0.05009	0.07821	0.00797	0.00640	0.00175	0.04847	0.03008	0.02996	0.00777
68	0.00957	0.00666	0.00912	0.03152	0.03674	0.00650	0.00759	0.01202	0.03157	0.05605	0.15788	0.28025	0.05614	0.03518	0.00786	0.00237	0.00430	0.23763	0.00545	0.00561
69	0.01166	0.03008	0.76550	0.01657	0.02517	0.01351	0.02149	0.01842	0.01228	0.01842	0.01044	0.01228	0.00737	0.00552	0.00552	0.00184	0.00859	0.00430	0.00246	0.00859
70	0.03472	0.01047	0.03079	0.01022	0.01327	0.01016	0.03066	0.18935	0.08465	0.04097	0.15566	0.14774	0.10222	0.01037	0.00626	0.00185	0.00459	0.02650	0.00539	0.08413
71	0.02050	0.01530	0.01640	0.01297	0.01731	0.01702	0.01058	0.56602	0.18721	0.05085	0.01633	0.01581	0.01174	0.00719	0.00584	0.00180	0.00597	0.00555	0.00587	0.00974
72	0.01322	0.02821	0.01153	0.00993	0.01247	0.01052	0.00773	0.23911	0.07583	0.02281	0.02492	0.21860	0.08880	0.07099	0.00814	0.00224	0.00482	0.06981	0.02692	0.05340
73	0.29084	0.01185	0.01170	0.00981	0.01324	0.03388	0.00790	0.24012	0.01714	0.10314	0.10684	0.06994	0.01682	0.00782	0.00524	0.00180	0.00494	0.00600	0.03343	0.00755
74	0.77681	0.01193	0.03777	0.03458	0.01277	0.01306	0.00722	0.01707	0.01005	0.02541	0.00826	0.00976	0.00639	0.00542	0.00375	0.00181	0.00477	0.00326	0.00352	0.00639
75	0.01408	0.01353	0.02325	0.05343	0.70025	0.01356	0.03652	0.01751	0.01315	0.01876	0.01155	0.03686	0.01001	0.00557	0.00584	0.00176	0.00690	0.00555	0.00295	0.00898
76	0.01527	0.01436	0.01946	0.30815	0.27986	0.09001	0.01530	0.15049	0.01556	0.02023	0.01108	0.01434	0.00862	0.00583	0.00574	0.00179	0.00749	0.00504	0.00332	0.00806
77	0.01449	0.01681	0.03028	0.05151	0.02831	0.11837	0.58655	0.01877	0.01401	0.01778	0.01289	0.01630	0.03332	0.00541	0.00660	0.00190	0.00959	0.00655	0.00302	0.00754
78	0.00693	0.00579	0.00604	0.00619	0.00794	0.00490	0.00456	0.00838	0.01308	0.01579	0.07257	0.14235	0.65541	0.01507	0.00694	0.00201	0.00299	0.01273	0.00542	0.00490
79	0.01243	0.04757	0.53512	0.01922	0.08221	0.01404	0.15334	0.01866	0.02920	0.01850	0.01095	0.01320	0.00802	0.00542	0.00575	0.00184	0.00853	0.00486	0.00266	0.00848
80	0.07396	0.15144	0.04530	0.05316	0.01957	0.17534	0.11069	0.16748	0.01671	0.09935	0.02639	0.01358	0.00974	0.00605	0.00535	0.00166	0.00749	0.00477	0.00399	0.00798
81	0.01187	0.04972	0.71737	0.01714	0.05336	0.01377	0.02104	0.01837	0.01230	0.01831	0.01039	0.01228	0.00744	0.00550	0.00549	0.00182	0.00847	0.00430	0.00247	0.00859
82	0.00720	0.00525	0.00681	0.00801	0.00859	0.00486	0.00553	0.00836	0.01151	0.01510	0.03497	0.66577	0.11834	0.01770	0.00740	0.00234	0.00345	0.05864	0.00540	0.00478
83	0.01485	0.07864	0.02224	0.04901	0.53330	0.09868	0.01572	0.01780	0.01322	0.01759	0.01132	0.03600	0.01007	0.00604	0.00614	0.00174	0.03695	0.01933	0.00296	0.00841
84	0.00957	0.00618	0.00750	0.00761	0.00922	0.00551	0.00567	0.01114	0.01307	0.10404	0.09194	0.27092	0.31375	0.04472	0.00789	0.00226	0.00361	0.07433	0.00561	0.00547
85	0.00980	0.00635	0.00736	0.00710	0.00910	0.00552	0.00534	0.01140	0.01343	0.12328	0.08701	0.16831	0.46575	0.01516	0.03607	0.00228	0.00377	0.01171	0.00563	0.00564
86	0.02758	0.00748	0.01030	0.00964	0.01163	0.00692	0.05663	0.01293	0.05615	0.07177	0.06459	0.43330	0.05741	0.01343	0.00670	0.00205	0.00417	0.03908	0.00517	0.10304
87	0.05896	0.41918	0.06053	0.03304	0.04574	0.06563	0.09224	0.01706	0.01245	0.01611	0.06125	0.03153	0.01165	0.00617	0.00548	0.00157	0.04650	0.00469	0.00299	0.00723
88	0.01327	0.01438	0.05084	0.07402	0.24910	0.03534	0.30848	0.01709	0.01282	0.01760	0.01202	0.01725	0.01007	0.02986	0.05458	0.00247	0.04523	0.02488	0.00296	0.00775
89	0.01371	0.01255	0.01797	0.04526	0.06539	0.04955	0.14112	0.11787	0.01366	0.01903	0.03784	0.01867	0.01233	0.10402	0.04427	0.00272	0.19261	0.00600	0.05923	0.02622
90	0.06714	0.06126	0.15344	0.02216	0.28364	0.14176	0.06342	0.03988	0.04354	0.03449	0.01121	0.01346	0.00889	0.00646	0.02332	0.00189	0.00787	0.00475	0.00315	0.00826
91	0.17201	0.01375	0.04339	0.22832	0.10212	0.09677	0.01192	0.08269	0.07003	0.02079	0.03549	0.03714	0.01122	0.00653	0.00531	0.00180	0.00649	0.00521	0.04180	0.00723

[dist]
# distance from previous block
# <min> <max>
20	33

[block]
# block no. 6 follows, 40 sequences, length 32
# corresponding to MSA columns:
# 467-498
name=unknown_G
#
# <colnr> <probs for GDERKNQSTAVLIFYWHMCP>
#	G	D	E	R	K	N	Q	S	T	A	V	L	I	F	Y	W	H	M	C	P
0	0.01293	0.03194	0.11038	0.16923	0.09322	0.01374	0.32677	0.05379	0.01347	0.01833	0.01286	0.07762	0.01088	0.00646	0.00656	0.00194	0.02248	0.00668	0.00314	0.00760
1	0.01228	0.00721	0.00782	0.03085	0.00961	0.00770	0.00569	0.10751	0.01396	0.02293	0.01763	0.02027	0.01382	0.00800	0.02843	0.00170	0.02613	0.00540	0.64700	0.00605
2	0.00805	0.00599	0.00750	0.00730	0.00869	0.00553	0.00540	0.01073	0.03267	0.02126	0.55363	0.12836	0.15737	0.01293	0.00690	0.00191	0.00289	0.01136	0.00613	0.00540
3	0.01826	0.01338	0.01469	0.01222	0.02881	0.01464	0.00957	0.43004	0.16452	0.06585	0.04157	0.04839	0.03482	0.06677	0.00773	0.00211	0.00561	0.00654	0.00567	0.00881
4	0.01393	0.02878	0.01385	0.01334	0.07026	0.01381	0.00976	0.02773	0.60752	0.02299	0.02378	0.02486	0.03677	0.00838	0.00603	0.00199	0.00482	0.05705	0.00556	0.00879
5	0.01301	0.01194	0.03828	0.01327	0.11903	0.01006	0.00935	0.03834	0.11986	0.02023	0.01247	0.01385	0.01002	0.00507	0.00483	0.00120	0.00491	0.00422	0.00376	0.54629
6	0.01599	0.19961	0.13798	0.01263	0.01698	0.14634	0.01170	0.03870	0.21518	0.06104	0.01424	0.01489	0.01109	0.00835	0.04490	0.00208	0.03157	0.00479	0.00389	0.00804
7	0.01439	0.01382	0.02360	0.03569	0.75936	0.01382	0.01785	0.01785	0.01324	0.01900	0.01094	0.01439	0.00921	0.00518	0.00576	0.00173	0.00691	0.00518	0.00288	0.00921
8	0.83671	0.01125	0.00855	0.00765	0.01125	0.01305	0.00630	0.01709	0.00990	0.02609	0.00810	0.00945	0.00630	0.00540	0.00360	0.00180	0.00450	0.00315	0.00360	0.00630
9	0.01120	0.01056	0.01784	0.73325	0.08673	0.01298	0.01626	0.01505	0.01173	0.01513	0.01038	0.01543	0.00785	0.00577	0.00581	0.00192	0.00770	0.00517	0.00260	0.00664
10	0.83671	0.01125	0.00855	0.00765	0.01125	0.01305	0.00630	0.01709	0.00990	0.02609	0.00810	0.00945	0.00630	0.00540	0.00360	0.00180	0.00450	0.00315	0.00360	0.00630
11	0.00919	0.00659	0.00915	0.01041	0.01173	0.00655	0.00900	0.01178	0.01337	0.01740	0.04827	0.09263	0.05242	0.01602	0.00795	0.00263	0.00516	0.65906	0.00538	0.00532
12	0.01513	0.00878	0.01073	0.00920	0.01177	0.00867	0.00711	0.08544	0.11100	0.22009	0.28401	0.03130	0.03016	0.11532	0.00946	0.00236	0.00435	0.02174	0.00609	0.00728
13	0.02006	0.01414	0.01519	0.01184	0.01596	0.01540	0.00971	0.58026	0.02412	0.05302	0.01494	0.01535	0.01081	0.00688	0.00549	0.00166	0.00569	0.00523	0.14303	0.03122
14	0.03748	0.05257	0.06473	0.01194	0.05229	0.01046	0.05369	0.08177	0.07984	0.02092	0.15381	0.11043	0.03853	0.03309	0.00665	0.00186	0.00505	0.03476	0.00459	0.14553
15	0.07805	0.15908	0.01486	0.01031	0.03249	0.06220	0.00819	0.12609	0.10461	0.02181	0.04286	0.01757	0.01337	0.03626	0.02542	0.00193	0.02636	0.00513	0.20625	0.00714
16	0.03721	0.65564	0.11071	0.01050	0.01568	0.02088	0.01093	0.01722	0.01203	0.01499	0.04258	0.01122	0.00959	0.00536	0.00407	0.00135	0.00628	0.00358	0.00269	0.00747
17	0.00722	0.00591	0.00639	0.00639	0.00818	0.00508	0.00483	0.00896	0.01378	0.01713	0.18320	0.07396	0.58293	0.01436	0.00693	0.00198	0.00301	0.03916	0.00558	0.00503
18	0.01478	0.01395	0.10377	0.01094	0.01592	0.01116	0.00975	0.22436	0.01652	0.04039	0.01362	0.08259	0.01163	0.00654	0.00520	0.00139	0.00536	0.00529	0.00427	0.40256
19	0.01233	0.01584	0.17337	0.01502	0.02096	0.01094	0.23020	0.01642	0.01258	0.01862	0.01146	0.03720	0.00934	0.00516	0.00542	0.00144	0.00682	0.00505	0.00315	0.38869
20	0.16097	0.01155	0.03254	0.01043	0.01489	0.01077	0.00879	0.11849	0.03272	0.48658	0.01858	0.01690	0.01216	0.00675	0.00541	0.00177	0.00513	0.00522	0.00615	0.03419
21	0.02059	0.01510	0.01629	0.01272	0.01698	0.01673	0.01044	0.64303	0.04892	0.03432	0.01461	0.01506	0.01063	0.00885	0.04448	0.00212	0.00662	0.00534	0.04779	0.00940
22	0.00734	0.00525	0.00701	0.00814	0.00865	0.00492	0.00561	0.00865	0.01189	0.01599	0.11908	0.66464	0.04018	0.01735	0.00739	0.00231	0.00340	0.05185	0.00552	0.00485
23	0.00753	0.00582	0.00687	0.00682	0.00831	0.00516	0.00503	0.00955	0.01451	0.01918	0.38286	0.13541	0.34439	0.01380	0.00693	0.00195	0.00290	0.01194	0.00587	0.00516
24	0.01255	0.01249	0.01747	0.01505	0.01506	0.01741	0.01250	0.01381	0.00897	0.01402	0.00839	0.03675	0.00858	0.01043	0.01872	0.00254	0.76089	0.00544	0.00263	0.00631
25	0.01582	0.01144	0.01489	0.01603	0.18140	0.01179	0.01038	0.16866	0.13644	0.12381	0.18735	0.02469	0.05521	0.00822	0.00611	0.00181	0.00504	0.00704	0.00547	0.00840
26	0.01166	0.03008	0.76550	0.01657	0.02517	0.01351	0.02149	0.01842	0.01228	0.01842	0.01044	0.01228	0.00737	0.00552	0.00552	0.00184	0.00859	0.00430	0.00246	0.00859
27	0.01315	0.29669	0.46740	0.01507	0.04444	0.01685	0.03648	0.01806	0.01219	0.01679	0.00967	0.01141	0.00750	0.00531	0.00494	0.00163	0.00775	0.00398	0.00249	0.00820
28	0.01260	0.01032	0.01211	0.00868	0.01382	0.00778	0.00695	0.01517	0.01223	0.04744	0.01082	0.01235	0.00883	0.00442	0.00437	0.00090	0.00433	0.00354	0.00359	0.79975
29	0.00809	0.00594	0.00824	0.00843	0.00922	0.00648	0.00616	0.00959	0.00964	0.01339	0.02067	0.13785	0.05723	0.17802	0.48557	0.00728	0.01133	0.00843	0.00364	0.00480
30	0.02477	0.01070	0.01378	0.01065	0.01504	0.00990	0.00877	0.12454	0.03796	0.62203	0.02162	0.01911	0.01389	0.00717	0.00579	0.00178	0.00507	0.00577	0.03191	0.00974
31	0.01743	0.00840	0.01104	0.00948	0.01245	0.00776	0.00756	0.02095	0.07769	0.38210	0.22804	0.09073	0.02921	0.01007	0.00642	0.00193	0.00421	0.06005	0.00659	0.00787

[dist]
# distance from previous block
# <min> <max>
0	2

[block]
# block no. 7 follows, 40 sequences, length 49
# corresponding to MSA columns:
# 501-509,511-550
name=unknown_H
#
# <colnr> <probs for GDERKNQSTAVLIFYWHMCP>
#	G	D	E	R	K	N	Q	S	T	A	V	L	I	F	Y	W	H	M	C	P
0	0.00752	0.00609	0.00669	0.00651	0.00832	0.00536	0.00489	0.00981	0.03459	0.01838	0.28062	0.05102	0.51239	0.01363	0.00684	0.00192	0.00293	0.01155	0.00573	0.00521
1	0.00700	0.00584	0.00610	0.00616	0.00796	0.00494	0.00457	0.00854	0.01337	0.01628	0.11449	0.10540	0.64991	0.01473	0.00691	0.00198	0.00296	0.01242	0.00548	0.00494
2	0.01117	0.00811	0.00977	0.00973	0.01128	0.00834	0.00727	0.19580	0.01552	0.02070	0.02729	0.51556	0.03062	0.01511	0.00708	0.00224	0.00436	0.08846	0.00550	0.00611
3	0.01439	0.01382	0.02360	0.03569	0.75936	0.01382	0.01785	0.01785	0.01324	0.01900	0.01094	0.01439	0.00921	0.00518	0.00576	0.00173	0.00691	0.00518	0.00288	0.00921
4	0.01740	0.01674	0.05564	0.01747	0.11033	0.11291	0.07148	0.23938	0.01705	0.04738	0.01129	0.01344	0.00886	0.00697	0.00869	0.00187	0.18111	0.00501	0.00388	0.05310
5	0.01142	0.00637	0.00679	0.02986	0.00864	0.00660	0.00496	0.06455	0.01293	0.02163	0.01823	0.02210	0.01476	0.06213	0.02254	0.00187	0.00360	0.00563	0.66976	0.00563
6	0.01098	0.01034	0.01744	0.78165	0.04005	0.01292	0.01615	0.01486	0.01163	0.01486	0.01034	0.01550	0.00775	0.00581	0.00581	0.00194	0.00775	0.00517	0.00258	0.00646
7	0.01284	0.25298	0.53388	0.01485	0.02233	0.01629	0.03601	0.01813	0.01218	0.01705	0.00979	0.01151	0.00743	0.00535	0.00504	0.00167	0.00793	0.00402	0.00248	0.00825
8	0.01473	0.01266	0.01326	0.04535	0.01609	0.04069	0.00942	0.02920	0.64593	0.04722	0.02356	0.02195	0.03811	0.00791	0.00591	0.00195	0.00491	0.00655	0.00569	0.00890
9	0.01237	0.01221	0.01714	0.01480	0.01488	0.01698	0.01229	0.01371	0.00894	0.01396	0.00826	0.01352	0.00818	0.01282	0.07860	0.00308	0.72421	0.00518	0.00259	0.00627
10	0.01084	0.00542	0.00542	0.00542	0.00678	0.00542	0.00407	0.01355	0.01220	0.02168	0.01897	0.02168	0.01491	0.00678	0.00407	0.00136	0.00271	0.00542	0.82791	0.00542
11	0.01315	0.01263	0.01767	0.01511	0.01525	0.01752	0.01259	0.01445	0.00915	0.03775	0.00812	0.01295	0.00785	0.01008	0.01866	0.00252	0.76026	0.00511	0.00269	0.00647
12	0.00840	0.00588	0.00758	0.00758	0.00801	0.00631	0.00507	0.00925	0.00882	0.01219	0.01719	0.03179	0.01842	0.48582	0.33569	0.00717	0.00973	0.00754	0.00336	0.00421
13	0.01084	0.00542	0.00542	0.00542	0.00678	0.00542	0.00407	0.01355	0.01220	0.02168	0.01897	0.02168	0.01491	0.00678	0.00407	0.00136	0.00271	0.00542	0.82791	0.00542
14	0.00791	0.00543	0.00661	0.00723	0.00741	0.00529	0.00451	0.00842	0.00975	0.01298	0.02451	0.35610	0.02884	0.44263	0.01955	0.00416	0.00468	0.03553	0.00437	0.00409
15	0.02064	0.02427	0.01626	0.01499	0.04168	0.59245	0.01114	0.12157	0.01767	0.01765	0.01212	0.01440	0.03381	0.00672	0.00548	0.00159	0.00938	0.02747	0.00354	0.00715
16	0.03140	0.10578	0.67497	0.01571	0.02383	0.01444	0.01999	0.01829	0.01218	0.01813	0.01015	0.01192	0.00735	0.00547	0.00530	0.00178	0.00826	0.00415	0.00249	0.00843
17	0.00955	0.00587	0.00775	0.00844	0.00938	0.00547	0.00588	0.01120	0.03317	0.10262	0.05404	0.65564	0.03559	0.01643	0.00718	0.00227	0.00357	0.01481	0.00566	0.00548
18	0.01206	0.01034	0.01206	0.00861	0.01378	0.00775	0.00689	0.01464	0.01206	0.01895	0.01034	0.01206	0.00861	0.00431	0.00431	0.00086	0.00431	0.00345	0.00345	0.83118
19	0.02340	0.02713	0.05095	0.01194	0.05574	0.00944	0.00961	0.02630	0.03442	0.61134	0.03363	0.01908	0.01419	0.00695	0.00574	0.00176	0.00519	0.00569	0.00645	0.04105
20	0.01585	0.76146	0.02979	0.01020	0.01507	0.05960	0.01001	0.01770	0.01204	0.01371	0.00813	0.00938	0.00746	0.00502	0.00381	0.00126	0.00643	0.00314	0.00251	0.00743
21	0.01461	0.01012	0.01303	0.07481	0.08193	0.01054	0.00941	0.10025	0.16281	0.14006	0.23523	0.02841	0.05089	0.00895	0.00625	0.00188	0.00475	0.03261	0.00567	0.00780
22	0.00789	0.00590	0.00732	0.00702	0.00849	0.00533	0.00524	0.01029	0.01557	0.02133	0.57580	0.07033	0.21261	0.01273	0.00688	0.00188	0.00281	0.01111	0.00614	0.00533
23	0.01284	0.01035	0.01185	0.00891	0.01313	0.00883	0.00694	0.11651	0.01381	0.02043	0.03239	0.01709	0.01194	0.12375	0.00839	0.00173	0.00476	0.00464	0.00387	0.56784
