[name]
unknown

[dist]
# distance from previous block
# <min> <max>
0	74

[block]
# block no. 0 follows, 47 sequences, length 33
# corresponding to MSA columns:
# 88-120
name=unknown_A
#
# <colnr> <probs for GDERKNQSTAVLIFYWHMCP>
#	G	D	E	R	K	N	Q	S	T	A	V	L	I	F	Y	W	H	M	C	P
0	0.00699	0.00522	0.00685	0.00726	0.00807	0.00514	0.00530	0.00849	0.01102	0.01490	0.19397	0.34251	0.12420	0.04696	0.11976	0.00299	0.02314	0.05815	0.00462	0.00449
1	0.01271	0.19557	0.03564	0.00889	0.01337	0.06011	0.00769	0.06686	0.02957	0.01683	0.00922	0.01048	0.00765	0.00436	0.00395	0.00099	0.00483	0.00323	0.00304	0.50502
2	0.00730	0.00484	0.00636	0.00722	0.00784	0.00445	0.00494	0.00834	0.01051	0.05595	0.05447	0.70018	0.07721	0.01541	0.00652	0.00205	0.00306	0.01388	0.00495	0.00452
3	0.01865	0.01433	0.01482	0.05506	0.01669	0.08117	0.00979	0.51751	0.11361	0.08459	0.01360	0.01354	0.00973	0.00623	0.00518	0.00158	0.00582	0.00476	0.00494	0.00837
4	0.01281	0.03493	0.01498	0.01239	0.01346	0.03509	0.01025	0.08657	0.04549	0.05886	0.00964	0.01308	0.00846	0.01163	0.09910	0.00275	0.51658	0.00470	0.00300	0.00622
5	0.01080	0.00926	0.01080	0.00771	0.01234	0.00694	0.00617	0.01311	0.01080	0.01697	0.00926	0.01080	0.00771	0.00386	0.00386	0.00077	0.00386	0.00309	0.00309	0.84882
6	0.01158	0.00906	0.00967	0.00874	0.01139	0.00971	0.00679	0.02086	0.46231	0.08211	0.03150	0.02936	0.26715	0.00902	0.00557	0.00175	0.00366	0.00751	0.00524	0.00703
7	0.00746	0.00535	0.00727	0.00731	0.00787	0.00588	0.00518	0.00858	0.00811	0.01136	0.01532	0.04887	0.01591	0.33560	0.47912	0.00692	0.01023	0.00661	0.00299	0.00407
8	0.01095	0.00758	0.00958	0.00908	0.01111	0.00769	0.03083	0.01623	0.21618	0.11719	0.07578	0.20163	0.10033	0.01114	0.00611	0.00193	0.00395	0.15141	0.00515	0.00616
9	0.00661	0.00529	0.00591	0.00576	0.00731	0.00459	0.00432	0.00836	0.01295	0.01663	0.32723	0.04589	0.50631	0.01223	0.00615	0.00171	0.00257	0.01040	0.00517	0.00459
10	0.00880	0.00462	0.00669	0.00669	0.00672	0.00465	0.00441	0.00697	0.00694	0.00928	0.01016	0.01834	0.01045	0.12240	0.04584	0.71234	0.00489	0.00495	0.00239	0.00245
11	0.48993	0.01079	0.01036	0.00850	0.01210	0.01177	0.00701	0.18121	0.01359	0.19327	0.01131	0.01137	0.00793	0.00550	0.00410	0.00160	0.00449	0.00376	0.00436	0.00705
12	0.02047	0.01140	0.01327	0.01026	0.01413	0.01167	0.00845	0.39483	0.01937	0.34846	0.01624	0.01525	0.01091	0.00632	0.00509	0.00155	0.00492	0.00493	0.07392	0.00853
13	0.01945	0.02482	0.01476	0.01342	0.01610	0.79608	0.01006	0.02079	0.01476	0.01275	0.00805	0.00939	0.00671	0.00537	0.00470	0.00134	0.00939	0.00335	0.00268	0.00604
14	0.01295	0.01119	0.01178	0.01060	0.01354	0.01295	0.00824	0.02767	0.77509	0.02178	0.02120	0.01943	0.01590	0.00707	0.00530	0.00177	0.00412	0.00589	0.00530	0.00824
15	0.42698	0.05658	0.01226	0.00928	0.01296	0.03612	0.00771	0.31981	0.01559	0.04461	0.00972	0.01034	0.00720	0.00544	0.00412	0.00156	0.00496	0.00365	0.00403	0.00709
16	0.00693	0.00498	0.00656	0.00686	0.00768	0.00462	0.00488	0.00871	0.01267	0.01759	0.45479	0.37525	0.04276	0.01311	0.00636	0.00185	0.00270	0.01176	0.00534	0.00462
17	0.85377	0.01007	0.00765	0.00685	0.01007	0.01168	0.00564	0.01531	0.00886	0.02336	0.00725	0.00846	0.00564	0.00483	0.00322	0.00161	0.00403	0.00282	0.00322	0.00564
18	0.01289	0.01237	0.02114	0.03196	0.78450	0.01237	0.01598	0.01598	0.01186	0.01701	0.00980	0.01289	0.00825	0.00464	0.00516	0.00155	0.00619	0.00464	0.00258	0.00825
19	0.01295	0.01119	0.01178	0.01060	0.01354	0.01295	0.00824	0.02767	0.77509	0.02178	0.02120	0.01943	0.01590	0.00707	0.00530	0.00177	0.00412	0.00589	0.00530	0.00824
20	0.00634	0.00453	0.00604	0.00725	0.00755	0.00423	0.00483	0.00725	0.00997	0.01329	0.02870	0.81358	0.03444	0.01632	0.00665	0.00211	0.00302	0.01480	0.00483	0.00423
21	0.00727	0.00529	0.00684	0.00651	0.00773	0.00486	0.00486	0.00961	0.01442	0.02025	0.71673	0.06891	0.08518	0.01099	0.00616	0.00166	0.00249	0.00970	0.00565	0.00486
22	0.01980	0.01459	0.01563	0.01198	0.01615	0.01615	0.00990	0.76713	0.02448	0.03282	0.01250	0.01250	0.00886	0.00625	0.00521	0.00156	0.00573	0.00469	0.00521	0.00886
23	0.01936	0.00976	0.01197	0.00978	0.01339	0.00969	0.00788	0.02626	0.30748	0.49316	0.02080	0.01838	0.01405	0.00668	0.00526	0.00167	0.00431	0.00549	0.00600	0.00862
24	0.85377	0.01007	0.00765	0.00685	0.01007	0.01168	0.00564	0.01531	0.00886	0.02336	0.00725	0.00846	0.00564	0.00483	0.00322	0.00161	0.00403	0.00282	0.00322	0.00564
25	0.00644	0.00477	0.00605	0.00699	0.00764	0.00437	0.00486	0.00754	0.01055	0.01373	0.04998	0.61051	0.17612	0.01549	0.00657	0.00205	0.00303	0.05413	0.00485	0.00431
26	0.01991	0.00927	0.01173	0.00929	0.01282	0.00876	0.00756	0.14406	0.04224	0.51558	0.08701	0.04912	0.01639	0.00717	0.00532	0.00162	0.00434	0.00589	0.03375	0.00818
27	0.05168	0.01039	0.01220	0.00979	0.01337	0.02900	0.00795	0.16629	0.10462	0.44245	0.01831	0.01855	0.01291	0.04509	0.00622	0.00180	0.00479	0.03074	0.00565	0.00819
28	0.02067	0.01318	0.01476	0.01132	0.01545	0.01407	0.00935	0.58544	0.02214	0.21783	0.01447	0.01378	0.00984	0.00630	0.00522	0.00157	0.00541	0.00482	0.00551	0.00886
29	0.00931	0.00642	0.00752	0.00711	0.00826	0.00639	0.00497	0.09863	0.02620	0.04504	0.16046	0.17646	0.09404	0.29621	0.02741	0.00305	0.00419	0.00905	0.00448	0.00479
30	0.00698	0.00472	0.00624	0.00726	0.00775	0.00436	0.00491	0.00794	0.01022	0.04231	0.02922	0.75759	0.05932	0.01584	0.00658	0.00208	0.00306	0.01432	0.00489	0.00441
31	0.01314	0.01031	0.03326	0.06544	0.01384	0.02908	0.00817	0.31418	0.03441	0.04266	0.01888	0.31947	0.01897	0.02710	0.00616	0.00186	0.00476	0.00860	0.02315	0.00655
32	0.01679	0.01271	0.01515	0.02560	0.01596	0.03178	0.07305	0.44029	0.01893	0.07881	0.01309	0.05431	0.01028	0.02108	0.00552	0.00154	0.00554	0.00512	0.00455	0.14992

[dist]
# distance from previous block
# <min> <max>
1	11

[block]
# block no. 1 follows, 47 sequences, length 33
# corresponding to MSA columns:
# 132-164
name=unknown_B
#
# <colnr> <probs for GDERKNQSTAVLIFYWHMCP>
#	G	D	E	R	K	N	Q	S	T	A	V	L	I	F	Y	W	H	M	C	P
0	0.01414	0.01115	0.01282	0.05384	0.05728	0.06150	0.00840	0.13182	0.04036	0.10673	0.04710	0.01413	0.01077	0.02141	0.00573	0.00136	0.04795	0.00432	0.00386	0.34532
1	0.01555	0.01185	0.01492	0.17794	0.09963	0.01312	0.01076	0.37695	0.06774	0.06160	0.04105	0.04349	0.01163	0.02328	0.00574	0.00171	0.00563	0.00537	0.00436	0.00769
2	0.01463	0.06790	0.01930	0.05129	0.33951	0.04102	0.07355	0.07429	0.06350	0.10751	0.01153	0.01341	0.00897	0.00558	0.00628	0.00163	0.08427	0.00474	0.00335	0.00774
3	0.00741	0.00504	0.00602	0.00609	0.00646	0.00490	0.00383	0.00821	0.00976	0.01344	0.20578	0.14269	0.02833	0.48601	0.01813	0.00370	0.00406	0.00895	0.02740	0.00378
4	0.00903	0.00710	0.00908	0.00881	0.00989	0.02789	0.03318	0.06921	0.01183	0.03367	0.10456	0.44818	0.05780	0.03893	0.00796	0.00208	0.07657	0.03462	0.00457	0.00505
5	0.00744	0.00556	0.00828	0.00828	0.00917	0.00646	0.00639	0.00924	0.00834	0.01202	0.01403	0.02093	0.01322	0.06604	0.76964	0.00825	0.01364	0.00565	0.00280	0.00460
6	0.00643	0.00470	0.00598	0.00688	0.00743	0.00433	0.00466	0.00745	0.01044	0.01376	0.07884	0.63322	0.13613	0.04456	0.00727	0.00214	0.00301	0.01369	0.00483	0.00426
7	0.01289	0.01237	0.02114	0.03196	0.78450	0.01237	0.01598	0.01598	0.01186	0.01701	0.00980	0.01289	0.00825	0.00464	0.00516	0.00155	0.00619	0.00464	0.00258	0.00825
8	0.01080	0.00926	0.01080	0.00771	0.01234	0.00694	0.00617	0.01311	0.01080	0.01697	0.00926	0.01080	0.00771	0.00386	0.00386	0.00077	0.00386	0.00309	0.00309	0.84882
9	0.00681	0.00502	0.00637	0.00663	0.00759	0.00458	0.00475	0.00852	0.01253	0.01704	0.39234	0.33285	0.14944	0.01315	0.00633	0.00184	0.00270	0.01168	0.00526	0.00458
10	0.01229	0.01405	0.03073	0.02195	0.02722	0.01317	0.76558	0.01668	0.01229	0.01668	0.01054	0.01405	0.00790	0.00439	0.00615	0.00176	0.00878	0.00615	0.00263	0.00702
11	0.01295	0.01119	0.01178	0.01060	0.01354	0.01295	0.00824	0.02767	0.77509	0.02178	0.02120	0.01943	0.01590	0.00707	0.00530	0.00177	0.00412	0.00589	0.00530	0.00824
12	0.85377	0.01007	0.00765	0.00685	0.01007	0.01168	0.00564	0.01531	0.00886	0.02336	0.00725	0.00846	0.00564	0.00483	0.00322	0.00161	0.00403	0.00282	0.00322	0.00564
13	0.00755	0.00514	0.00615	0.00615	0.00632	0.00531	0.00375	0.00788	0.00771	0.01045	0.01598	0.03168	0.01789	0.68006	0.16201	0.00563	0.00662	0.00722	0.00309	0.00342
14	0.01080	0.00926	0.01080	0.00771	0.01234	0.00694	0.00617	0.01311	0.01080	0.01697	0.00926	0.01080	0.00771	0.00386	0.00386	0.00077	0.00386	0.00309	0.00309	0.84882
15	0.01679	0.09764	0.04099	0.02660	0.01454	0.01235	0.02999	0.29282	0.01688	0.20396	0.05431	0.03426	0.05507	0.00790	0.02965	0.00179	0.03271	0.00545	0.01864	0.00763
16	0.01392	0.82012	0.02729	0.00891	0.01337	0.02061	0.00891	0.01559	0.01058	0.01225	0.00724	0.00835	0.00668	0.00446	0.00334	0.00111	0.00557	0.00278	0.00223	0.00668
17	0.01980	0.01459	0.01563	0.01198	0.01615	0.01615	0.00990	0.76713	0.02448	0.03282	0.01250	0.01250	0.00886	0.00625	0.00521	0.00156	0.00573	0.00469	0.00521	0.00886
18	0.01392	0.82012	0.02729	0.00891	0.01337	0.02061	0.00891	0.01559	0.01058	0.01225	0.00724	0.00835	0.00668	0.00446	0.00334	0.00111	0.00557	0.00278	0.00223	0.00668
19	0.02091	0.01281	0.01453	0.01114	0.01526	0.01351	0.00920	0.53664	0.02151	0.26752	0.01500	0.01413	0.01011	0.00631	0.00522	0.00158	0.00533	0.00486	0.00559	0.00886
20	0.04514	0.00930	0.01471	0.62847	0.03059	0.01137	0.01302	0.02822	0.01077	0.06650	0.01060	0.04406	0.00836	0.00594	0.00585	0.00176	0.05160	0.00498	0.00278	0.00598
21	0.00807	0.00540	0.00610	0.00597	0.00619	0.00549	0.00353	0.03446	0.00832	0.01130	0.01620	0.03230	0.01816	0.73089	0.05338	0.00491	0.00531	0.00730	0.03325	0.00347
22	0.00719	0.00520	0.00678	0.00663	0.00773	0.00480	0.00488	0.00938	0.01394	0.01956	0.64934	0.15859	0.06327	0.01158	0.00622	0.00171	0.00255	0.01028	0.00557	0.00480
23	0.00788	0.00564	0.00713	0.00709	0.00769	0.00611	0.00487	0.00967	0.05935	0.01196	0.01624	0.05640	0.01690	0.41516	0.32226	0.00593	0.00831	0.00690	0.02037	0.00415
24	0.01492	0.03275	0.01714	0.23892	0.02257	0.15517	0.11380	0.17814	0.05769	0.05006	0.01113	0.01320	0.00836	0.00565	0.00557	0.00162	0.03473	0.00467	0.02700	0.00691
25	0.01218	0.01276	0.07249	0.16703	0.55895	0.01224	0.01553	0.01615	0.05124	0.01657	0.01026	0.01328	0.00830	0.00489	0.00516	0.00160	0.00632	0.00465	0.00265	0.00777
26	0.00821	0.00544	0.00701	0.00714	0.00814	0.00521	0.00509	0.01008	0.03637	0.06903	0.22866	0.34309	0.07541	0.09196	0.07198	0.00271	0.00406	0.01075	0.00488	0.00481
27	0.04969	0.07614	0.01448	0.06844	0.01567	0.02842	0.00887	0.34964	0.04490	0.04969	0.01227	0.05569	0.00989	0.00613	0.00503	0.00144	0.02143	0.00473	0.00418	0.17329
28	0.01641	0.05874	0.17900	0.04257	0.01878	0.03822	0.10514	0.25064	0.01595	0.16030	0.01220	0.01299	0.00863	0.00578	0.00582	0.00163	0.05069	0.00464	0.00398	0.00790
29	0.00680	0.00511	0.00667	0.00705	0.00784	0.00471	0.02931	0.00791	0.01042	0.01375	0.07195	0.47777	0.18091	0.11170	0.00883	0.00234	0.00333	0.01233	0.02702	0.00428
30	0.04229	0.00769	0.00897	0.03674	0.01035	0.00805	0.00599	0.17912	0.01303	0.06101	0.08791	0.16338	0.02072	0.28896	0.04026	0.00312	0.00491	0.00788	0.00429	0.00534
31	0.05818	0.00913	0.01198	0.25663	0.01894	0.03812	0.03036	0.10212	0.03265	0.04811	0.03161	0.25007	0.01675	0.00895	0.00592	0.00180	0.03373	0.00769	0.03138	0.00586
32	0.01117	0.00965	0.01382	0.38067	0.02348	0.03634	0.03640	0.05335	0.05391	0.05087	0.01367	0.14290	0.01241	0.00752	0.00648	0.00177	0.08046	0.00632	0.01861	0.04020

[dist]
# distance from previous block
# <min> <max>
0	8

[block]
# block no. 2 follows, 47 sequences, length 20
# corresponding to MSA columns:
# 173-192
name=unknown_C
#
# <colnr> <probs for GDERKNQSTAVLIFYWHMCP>
#	G	D	E	R	K	N	Q	S	T	A	V	L	I	F	Y	W	H	M	C	P
0	0.01506	0.04245	0.09270	0.07491	0.01790	0.08341	0.10227	0.14799	0.01426	0.14367	0.01308	0.07438	0.01051	0.00621	0.00539	0.00153	0.02452	0.00524	0.00385	0.12068
1	0.01243	0.01030	0.07506	0.06444	0.01360	0.04308	0.03356	0.08733	0.06840	0.13574	0.06542	0.07962	0.08717	0.16855	0.03014	0.00253	0.00533	0.00695	0.00426	0.00611
2	0.07510	0.01196	0.03018	0.10347	0.05045	0.01276	0.00971	0.28705	0.09121	0.03360	0.01171	0.01299	0.00889	0.00586	0.00577	0.00153	0.07052	0.00440	0.03254	0.14029
3	0.00688	0.00502	0.00637	0.00701	0.00773	0.00469	0.00486	0.02689	0.01137	0.01521	0.16978	0.55878	0.11180	0.02929	0.00683	0.00203	0.00298	0.01304	0.00498	0.00447
4	0.00978	0.00702	0.00818	0.00757	0.00884	0.00721	0.00541	0.16576	0.01318	0.01785	0.17575	0.18018	0.04926	0.27077	0.04730	0.00311	0.00459	0.00876	0.00447	0.00501
5	0.01821	0.00847	0.01082	0.00883	0.01203	0.00782	0.00708	0.09483	0.03877	0.48332	0.07653	0.11179	0.08111	0.00842	0.00554	0.00168	0.00411	0.00706	0.00592	0.00767
6	0.01860	0.01433	0.04709	0.01153	0.01561	0.01508	0.00979	0.67575	0.02284	0.03107	0.01273	0.01299	0.00912	0.00618	0.00507	0.00154	0.00555	0.00467	0.07196	0.00849
7	0.01648	0.06796	0.01430	0.01208	0.01433	0.54539	0.00930	0.01786	0.01317	0.01314	0.01127	0.04643	0.04363	0.00661	0.00616	0.00148	0.10164	0.00438	0.04858	0.00582
8	0.01264	0.08327	0.04015	0.15045	0.01852	0.01463	0.05757	0.13712	0.01189	0.01679	0.00918	0.01241	0.00765	0.00694	0.00995	0.00184	0.34070	0.00453	0.05735	0.00640
9	0.01063	0.00764	0.00898	0.00814	0.01022	0.00790	0.00626	0.01720	0.27732	0.08832	0.40129	0.04610	0.07005	0.00927	0.00578	0.00170	0.00323	0.00801	0.00558	0.00637
10	0.03668	0.00485	0.00628	0.00730	0.00781	0.00463	0.00504	0.00789	0.01037	0.01430	0.08181	0.69385	0.03426	0.01541	0.00651	0.00208	0.00310	0.04864	0.00484	0.00436
11	0.01296	0.01271	0.01550	0.16931	0.20567	0.15109	0.03816	0.08090	0.01225	0.01541	0.01099	0.04022	0.01000	0.09083	0.00888	0.04194	0.05650	0.01754	0.00291	0.00624
12	0.05058	0.00874	0.01056	0.00861	0.01171	0.00832	0.00693	0.14974	0.01532	0.27099	0.17927	0.05915	0.02060	0.00766	0.00524	0.00154	0.00402	0.03260	0.04138	0.10702
13	0.01951	0.01406	0.01523	0.01165	0.01583	0.01531	0.00961	0.69605	0.02337	0.06647	0.01271	0.01266	0.00898	0.00614	0.00514	0.00153	0.00558	0.00463	0.00516	0.05037
14	0.05235	0.04686	0.02562	0.03697	0.01195	0.03541	0.00671	0.01311	0.01155	0.08736	0.10280	0.16805	0.04029	0.00796	0.00497	0.00140	0.00406	0.02704	0.00403	0.31152
15	0.01684	0.01149	0.06484	0.01009	0.01431	0.00987	0.02924	0.20966	0.01553	0.26641	0.01473	0.04666	0.01101	0.03092	0.00559	0.00151	0.00491	0.00493	0.00470	0.22675
16	0.01665	0.00776	0.01033	0.02755	0.01184	0.00708	0.00687	0.05564	0.01500	0.43577	0.28128	0.05874	0.02590	0.00827	0.00561	0.00164	0.00382	0.00704	0.00597	0.00724
17	0.08312	0.02733	0.11762	0.01063	0.01451	0.01040	0.03623	0.12160	0.05186	0.31157	0.04227	0.08619	0.01365	0.00714	0.00571	0.00169	0.04027	0.00576	0.00483	0.00763
18	0.07634	0.06772	0.11160	0.05670	0.20165	0.08059	0.01133	0.03881	0.07185	0.08349	0.01255	0.01397	0.03612	0.00600	0.00545	0.03871	0.00578	0.00442	0.00328	0.07364
19	0.03146	0.05331	0.14607	0.05163	0.06737	0.01170	0.02680	0.18465	0.07058	0.14680	0.01413	0.07434	0.01118	0.00636	0.00505	0.00156	0.00547	0.00525	0.00413	0.08215

[dist]
# distance from previous block
# <min> <max>
10	135

[block]
# block no. 3 follows, 47 sequences, length 27
# corresponding to MSA columns:
# 354-380
name=unknown_D
#
# <colnr> <probs for GDERKNQSTAVLIFYWHMCP>
#	G	D	E	R	K	N	Q	S	T	A	V	L	I	F	Y	W	H	M	C	P
0	0.10016	0.02783	0.07356	0.03862	0.01310	0.04525	0.00807	0.06409	0.11077	0.10689	0.09606	0.07999	0.03034	0.04884	0.04479	0.00209	0.01900	0.00598	0.00419	0.08038
1	0.01710	0.01323	0.01541	0.02762	0.12830	0.02891	0.01018	0.49513	0.01971	0.04208	0.01188	0.01309	0.00896	0.02355	0.02561	0.00172	0.00585	0.00457	0.00441	0.10270
2	0.01140	0.01698	0.31538	0.08832	0.20672	0.01153	0.06903	0.04720	0.01206	0.03202	0.06054	0.02992	0.02582	0.00597	0.00566	0.00168	0.03044	0.01915	0.00292	0.00727
3	0.00643	0.00458	0.00606	0.00716	0.00748	0.00429	0.00476	0.00735	0.01002	0.01339	0.05177	0.75557	0.03423	0.05079	0.00749	0.00223	0.00309	0.01432	0.00479	0.00420
4	0.00985	0.00720	0.00859	0.00791	0.00973	0.00735	0.00611	0.04416	0.15893	0.06682	0.35752	0.08003	0.14144	0.01031	0.00632	0.00175	0.02998	0.03479	0.00534	0.00586
5	0.01064	0.00575	0.00585	0.00551	0.00700	0.00590	0.00422	0.08174	0.01217	0.02065	0.01657	0.01878	0.01293	0.00608	0.00379	0.00125	0.00273	0.00484	0.76839	0.00522
6	0.01198	0.01335	0.11164	0.12219	0.56303	0.01184	0.01559	0.01540	0.01151	0.01647	0.01034	0.03331	0.00869	0.00508	0.00514	0.00159	0.00628	0.00481	0.02407	0.00770
7	0.01280	0.01101	0.01166	0.01056	0.01345	0.01271	0.00825	0.02709	0.74893	0.02157	0.02141	0.02078	0.01638	0.00732	0.00536	0.00179	0.00414	0.03137	0.00528	0.00812
8	0.00789	0.00532	0.00716	0.00804	0.00894	0.00505	0.00617	0.00947	0.01126	0.04991	0.07275	0.43607	0.06464	0.01473	0.00672	0.00215	0.00366	0.27046	0.00495	0.00469
9	0.00751	0.00535	0.00774	0.00783	0.00852	0.00600	0.00581	0.00873	0.00825	0.01167	0.01488	0.07860	0.01493	0.12978	0.57996	0.07959	0.01128	0.00639	0.00294	0.00423
10	0.22281	0.00969	0.01121	0.00886	0.01263	0.00951	0.00731	0.10729	0.01442	0.49451	0.01631	0.01494	0.01069	0.00602	0.00470	0.00159	0.00442	0.00458	0.03052	0.00797
11	0.00905	0.00452	0.00678	0.00678	0.00678	0.00452	0.00452	0.00678	0.00678	0.00905	0.00905	0.01583	0.00905	0.01809	0.02035	0.84848	0.00452	0.00452	0.00226	0.00226
12	0.03911	0.01391	0.15953	0.18429	0.29556	0.05496	0.01374	0.01471	0.01096	0.01550	0.01038	0.01453	0.00869	0.06468	0.04074	0.00213	0.00683	0.00462	0.03838	0.00676
13	0.06010	0.12951	0.51352	0.01329	0.01975	0.01274	0.05318	0.01737	0.01135	0.10759	0.01033	0.01145	0.00736	0.00502	0.00473	0.00158	0.00687	0.00393	0.00278	0.00755
14	0.04914	0.00900	0.01161	0.00879	0.01294	0.00762	0.00721	0.02196	0.01367	0.56847	0.01726	0.01567	0.01134	0.00574	0.00482	0.00140	0.00427	0.00461	0.00549	0.21898
15	0.00684	0.00520	0.00629	0.00624	0.00751	0.00465	0.00460	0.00871	0.01315	0.01763	0.44228	0.15084	0.28260	0.01226	0.00622	0.00174	0.00259	0.01068	0.00532	0.00465
16	0.01980	0.01459	0.01563	0.01198	0.01615	0.01615	0.00990	0.76713	0.02448	0.03282	0.01250	0.01250	0.00886	0.00625	0.00521	0.00156	0.00573	0.00469	0.00521	0.00886
17	0.01080	0.00926	0.01080	0.00771	0.01234	0.00694	0.00617	0.01311	0.01080	0.01697	0.00926	0.01080	0.00771	0.00386	0.00386	0.00077	0.00386	0.00309	0.00309	0.84882
18	0.01139	0.01139	0.01595	0.01367	0.01367	0.01595	0.01139	0.01253	0.00798	0.01253	0.00684	0.01139	0.00684	0.00911	0.01709	0.00228	0.80745	0.00456	0.00228	0.00570
19	0.00642	0.00461	0.00621	0.00733	0.00768	0.00439	0.00495	0.00740	0.00986	0.01321	0.02764	0.75670	0.03291	0.01795	0.06329	0.00256	0.00381	0.01414	0.00469	0.00426
20	0.02180	0.00852	0.01158	0.00900	0.01275	0.00739	0.00739	0.02385	0.01489	0.71289	0.09517	0.01980	0.01644	0.00686	0.00533	0.00161	0.00424	0.00565	0.00638	0.00848
21	0.02048	0.00822	0.01116	0.00878	0.01230	0.00716	0.00716	0.02257	0.01488	0.64961	0.15795	0.02155	0.01943	0.00720	0.00540	0.00162	0.00407	0.00599	0.00632	0.00815
22	0.01174	0.02275	0.57522	0.03706	0.04942	0.01191	0.12562	0.01708	0.01149	0.07403	0.01037	0.01208	0.00732	0.00498	0.00516	0.00166	0.00754	0.00433	0.00259	0.00765
23	0.01026	0.00969	0.01616	0.69029	0.05713	0.01176	0.04600	0.01456	0.06538	0.01417	0.01018	0.01426	0.00767	0.00529	0.00525	0.00173	0.00679	0.00478	0.00255	0.00609
24	0.01045	0.02694	0.79000	0.01484	0.02254	0.01209	0.01924	0.01649	0.01099	0.01649	0.00935	0.01099	0.00660	0.00495	0.00495	0.00165	0.00770	0.00385	0.00220	0.00770
25	0.39907	0.03221	0.03584	0.06666	0.01456	0.23152	0.00837	0.07580	0.03826	0.01980	0.00883	0.01017	0.00689	0.00523	0.00407	0.00153	0.00598	0.00344	0.02560	0.00617
26	0.24700	0.00879	0.00984	0.00876	0.01164	0.00907	0.00722	0.05070	0.08033	0.26356	0.01832	0.05100	0.01560	0.02543	0.00562	0.00189	0.00440	0.16916	0.00491	0.00675

[dist]
# distance from previous block
# <min> <max>
0	1

[block]
# block no. 4 follows, 47 sequences, length 19
# corresponding to MSA columns:
# 382-400
name=unknown_E
#
# <colnr> <probs for GDERKNQSTAVLIFYWHMCP>
#	G	D	E	R	K	N	Q	S	T	A	V	L	I	F	Y	W	H	M	C	P
0	0.04074	0.02633	0.02183	0.06452	0.01301	0.02288	0.00726	0.01757	0.10281	0.25596	0.16341	0.05254	0.03812	0.03668	0.00647	0.02813	0.00422	0.00625	0.00489	0.08638
1	0.00851	0.00559	0.00723	0.00666	0.00815	0.00508	0.00505	0.01084	0.01453	0.07934	0.66757	0.03813	0.10233	0.01052	0.00607	0.00165	0.00262	0.00922	0.00572	0.00518
2	0.12806	0.10452	0.39170	0.01354	0.04793	0.03006	0.06698	0.06690	0.01184	0.03232	0.00932	0.01084	0.00696	0.00489	0.00459	0.00153	0.00661	0.00382	0.00273	0.05488
3	0.01392	0.82012	0.02729	0.00891	0.01337	0.02061	0.00891	0.01559	0.01058	0.01225	0.00724	0.00835	0.00668	0.00446	0.00334	0.00111	0.00557	0.00278	0.00223	0.00668
4	0.03754	0.10742	0.07834	0.01137	0.02956	0.03018	0.00985	0.37482	0.04692	0.16109	0.01392	0.05224	0.01053	0.00641	0.00499	0.00156	0.00549	0.00497	0.00468	0.00812
5	0.01160	0.02912	0.22452	0.01165	0.03338	0.04782	0.05356	0.04109	0.01279	0.10000	0.19084	0.07111	0.04125	0.00921	0.03678	0.00196	0.03828	0.03455	0.00399	0.00649
6	0.00693	0.00501	0.00655	0.00679	0.00767	0.00463	0.00485	0.00875	0.01278	0.01771	0.46500	0.34349	0.06448	0.01295	0.00634	0.00183	0.00268	0.01158	0.00535	0.00463
7	0.00769	0.00628	0.00939	0.19001	0.03454	0.00653	0.02525	0.00965	0.01114	0.01478	0.13725	0.37842	0.08819	0.01201	0.00618	0.00192	0.00411	0.04749	0.00428	0.00490
8	0.09811	0.04583	0.36092	0.05077	0.11257	0.01224	0.07845	0.04636	0.01143	0.04638	0.01008	0.01285	0.00778	0.00571	0.00583	0.02529	0.03786	0.02163	0.00274	0.00717
9	0.01256	0.00943	0.03150	0.04319	0.01317	0.00971	0.00841	0.19017	0.11894	0.06458	0.07351	0.09299	0.02057	0.00958	0.00606	0.00186	0.02196	0.19909	0.06618	0.00655
10	0.00654	0.00480	0.00613	0.00684	0.00753	0.00440	0.00473	0.00783	0.01124	0.01500	0.19121	0.54665	0.13855	0.01469	0.00647	0.00197	0.00285	0.01315	0.00502	0.00440
11	0.12835	0.05912	0.19737	0.08792	0.13231	0.01261	0.19194	0.01640	0.01120	0.06795	0.00992	0.01222	0.00748	0.00502	0.00546	0.00166	0.03867	0.00450	0.00279	0.00711
12	0.07037	0.01277	0.04937	0.27322	0.11956	0.04793	0.13075	0.13922	0.02927	0.06180	0.01075	0.01320	0.00797	0.00526	0.00518	0.00165	0.00668	0.00473	0.00324	0.00709
13	0.03092	0.00709	0.02580	0.02377	0.00870	0.03439	0.00528	0.06477	0.01153	0.04832	0.01538	0.04963	0.01260	0.00794	0.00616	0.10928	0.00354	0.00509	0.52473	0.00508
14	0.00656	0.00465	0.00612	0.00722	0.00754	0.00439	0.00486	0.00745	0.00985	0.01312	0.02753	0.70579	0.03282	0.08890	0.00848	0.00240	0.00329	0.05019	0.00468	0.00416
15	0.12844	0.01207	0.12925	0.16330	0.06560	0.03851	0.04990	0.04819	0.02420	0.03814	0.02974	0.08132	0.03255	0.00799	0.00666	0.08863	0.00569	0.02511	0.01876	0.00596
16	0.01164	0.03527	0.30322	0.01122	0.01565	0.03155	0.03499	0.11780	0.01332	0.06522	0.07326	0.07159	0.11472	0.03777	0.03790	0.00205	0.00607	0.00633	0.00373	0.00670
17	0.31520	0.05627	0.20333	0.03485	0.01473	0.01155	0.03681	0.06081	0.01098	0.01927	0.05676	0.04435	0.02941	0.04720	0.00604	0.00182	0.03651	0.00471	0.00320	0.00620
18	0.07747	0.03273	0.05923	0.00934	0.02315	0.07800	0.00759	0.08583	0.04048	0.04319	0.17310	0.21504	0.04541	0.01018	0.00568	0.00178	0.00447	0.07701	0.00452	0.00579

[dist]
# distance from previous block
# <min> <max>
1	16

[block]
# block no. 5 follows, 47 sequences, length 96
# corresponding to MSA columns:
# 417-512
name=unknown_F
#
# <colnr> <probs for GDERKNQSTAVLIFYWHMCP>
#	G	D	E	R	K	N	Q	S	T	A	V	L	I	F	Y	W	H	M	C	P
0	0.15023	0.01335	0.13298	0.13117	0.36040	0.01179	0.01358	0.01602	0.05178	0.01782	0.01017	0.01266	0.00803	0.00499	0.00475	0.00160	0.00588	0.00430	0.04125	0.00724
1	0.25694	0.01095	0.08224	0.00991	0.04172	0.01015	0.00830	0.10302	0.07308	0.11649	0.05362	0.06436	0.02833	0.02089	0.00527	0.00177	0.00460	0.07649	0.02524	0.00663
2	0.05272	0.24884	0.31371	0.10957	0.04342	0.03781	0.03234	0.01664	0.02657	0.05948	0.00952	0.01111	0.00725	0.00495	0.00449	0.00150	0.00659	0.00378	0.00261	0.00710
3	0.04179	0.00729	0.00927	0.00937	0.06811	0.00726	0.00654	0.07694	0.03107	0.08098	0.38230	0.10916	0.08287	0.00974	0.00603	0.00168	0.02302	0.00838	0.03237	0.00583
4	0.00810	0.00473	0.00651	0.00686	0.00701	0.00466	0.00458	0.00732	0.00801	0.01066	0.01621	0.20326	0.01817	0.17547	0.01757	0.43255	0.00430	0.05777	0.00319	0.00306
5	0.01246	0.00834	0.01062	0.11024	0.12455	0.02788	0.00802	0.05560	0.06340	0.09525	0.03825	0.01758	0.01261	0.00599	0.00451	0.00144	0.00420	0.00499	0.38773	0.00633
6	0.00693	0.00505	0.00643	0.00660	0.00752	0.00465	0.00470	0.00864	0.01253	0.01717	0.42463	0.28806	0.11814	0.05582	0.00739	0.00199	0.00279	0.01121	0.00521	0.00455
7	0.00681	0.00519	0.00626	0.00624	0.00750	0.00464	0.00459	0.00866	0.01306	0.01747	0.42573	0.16143	0.28880	0.01235	0.00622	0.00175	0.00260	0.01076	0.00530	0.00464
8	0.01045	0.02694	0.79000	0.01484	0.02254	0.01209	0.01924	0.01649	0.01099	0.01649	0.00935	0.01099	0.00660	0.00495	0.00495	0.00165	0.00770	0.00385	0.00220	0.00770
9	0.01291	0.01110	0.01168	0.01049	0.01343	0.01280	0.00817	0.04040	0.74268	0.02179	0.02182	0.02007	0.03483	0.00720	0.00532	0.00176	0.00411	0.00599	0.00529	0.00816
10	0.02336	0.00886	0.01209	0.00927	0.01329	0.00765	0.00765	0.02538	0.01491	0.78810	0.02055	0.01773	0.01289	0.00645	0.00524	0.00161	0.00443	0.00524	0.00645	0.00886
11	0.85377	0.01007	0.00765	0.00685	0.01007	0.01168	0.00564	0.01531	0.00886	0.02336	0.00725	0.00846	0.00564	0.00483	0.00322	0.00161	0.00403	0.00282	0.00322	0.00564
12	0.85377	0.01007	0.00765	0.00685	0.01007	0.01168	0.00564	0.01531	0.00886	0.02336	0.00725	0.00846	0.00564	0.00483	0.00322	0.00161	0.00403	0.00282	0.00322	0.00564
13	0.00737	0.00532	0.00696	0.00655	0.00778	0.00491	0.00491	0.00983	0.01474	0.02088	0.78175	0.03890	0.04914	0.01065	0.00614	0.00164	0.00246	0.00942	0.00573	0.00491
14	0.02285	0.00873	0.01190	0.00920	0.01312	0.00755	0.00757	0.02483	0.01475	0.76445	0.02079	0.04202	0.01355	0.00675	0.00528	0.00163	0.00439	0.00553	0.00640	0.00872
15	0.01980	0.01459	0.01563	0.01198	0.01615	0.01615	0.00990	0.76713	0.02448	0.03282	0.01250	0.01250	0.00886	0.00625	0.00521	0.00156	0.00573	0.00469	0.00521	0.00886
16	0.01080	0.00926	0.01080	0.00771	0.01234	0.00694	0.00617	0.01311	0.01080	0.01697	0.00926	0.01080	0.00771	0.00386	0.00386	0.00077	0.00386	0.00309	0.00309	0.84882
17	0.75762	0.01010	0.00827	0.00721	0.01053	0.01147	0.00594	0.03860	0.00985	0.08928	0.00855	0.00938	0.00636	0.00501	0.00345	0.00161	0.00411	0.00308	0.00356	0.00601
18	0.01198	0.00933	0.01100	0.00792	0.01249	0.00718	0.00636	0.02935	0.01140	0.07854	0.01022	0.01138	0.00815	0.00411	0.00399	0.00085	0.00394	0.00329	0.00340	0.76510
19	0.01966	0.01452	0.01555	0.01195	0.01610	0.01608	0.00986	0.75205	0.03979	0.03260	0.01268	0.01264	0.00900	0.00627	0.00521	0.00157	0.00570	0.00471	0.00521	0.00884
20	0.82652	0.01020	0.00840	0.00734	0.01063	0.01173	0.03025	0.01535	0.00897	0.02315	0.00736	0.00864	0.00571	0.00482	0.00332	0.00162	0.00418	0.00293	0.00320	0.00568
21	0.01553	0.01239	0.01318	0.01104	0.01443	0.01402	0.00881	0.32081	0.45755	0.02614	0.03727	0.01718	0.01395	0.00683	0.00529	0.00168	0.00472	0.00550	0.00527	0.00840
22	0.00634	0.00455	0.00602	0.00719	0.00754	0.00423	0.00481	0.00726	0.01003	0.01332	0.02944	0.79028	0.05727	0.01622	0.00663	0.00210	0.00301	0.01469	0.00483	0.00423
23	0.01229	0.01405	0.03073	0.02195	0.02722	0.01317	0.76558	0.01668	0.01229	0.01668	0.01054	0.01405	0.00790	0.00439	0.00615	0.00176	0.00878	0.00615	0.00263	0.00702
24	0.00971	0.00485	0.00485	0.00485	0.00607	0.00485	0.00364	0.01213	0.01092	0.01942	0.01699	0.01942	0.01335	0.00607	0.00364	0.00121	0.00243	0.00485	0.84589	0.00485
25	0.01392	0.82012	0.02729	0.00891	0.01337	0.02061	0.00891	0.01559	0.01058	0.01225	0.00724	0.00835	0.00668	0.00446	0.00334	0.00111	0.00557	0.00278	0.00223	0.00668
26	0.00648	0.00463	0.00619	0.00740	0.00776	0.00434	0.00506	0.00748	0.01010	0.01344	0.02863	0.76510	0.03416	0.01619	0.00668	0.00213	0.00314	0.06199	0.00483	0.00427
27	0.00744	0.00557	0.00830	0.00830	0.00921	0.00647	0.00643	0.00926	0.00835	0.01204	0.01401	0.02079	0.01316	0.05808	0.77752	0.00829	0.01373	0.00563	0.00280	0.00461
28	0.00983	0.00926	0.01562	0.80447	0.03587	0.01157	0.01446	0.01331	0.01041	0.01331	0.00926	0.01388	0.00694	0.00521	0.00521	0.00174	0.00694	0.00463	0.00231	0.00579
29	0.01148	0.00969	0.01126	0.00815	0.01265	0.00780	0.00655	0.06887	0.01175	0.01805	0.00945	0.01094	0.00778	0.00414	0.00422	0.00086	0.02012	0.00323	0.00323	0.76978
30	0.00767	0.00521	0.00604	0.00618	0.00636	0.00519	0.00369	0.02899	0.00854	0.01140	0.01882	0.19347	0.02183	0.62971	0.02183	0.00435	0.00465	0.00898	0.00356	0.00354
31	0.00983	0.00926	0.01562	0.80447	0.03587	0.01157	0.01446	0.01331	0.01041	0.01331	0.00926	0.01388	0.00694	0.00521	0.00521	0.00174	0.00694	0.00463	0.00231	0.00579
32	0.00659	0.00470	0.00590	0.00675	0.00712	0.00442	0.00441	0.00734	0.00963	0.01269	0.02817	0.58551	0.09465	0.18379	0.01077	0.00270	0.00341	0.01297	0.00448	0.00402
33	0.01121	0.00950	0.01102	0.00791	0.01252	0.00736	0.00634	0.04755	0.01142	0.01769	0.00940	0.01088	0.00777	0.00397	0.00392	0.00081	0.00394	0.00316	0.00318	0.81045
34	0.27737	0.00947	0.01050	0.00851	0.01203	0.00953	0.00697	0.07959	0.04185	0.40100	0.05515	0.01567	0.01234	0.00616	0.00461	0.00160	0.00423	0.00468	0.03123	0.00752
35	0.00651	0.00522	0.00581	0.00581	0.00729	0.00452	0.00430	0.00810	0.01249	0.01588	0.25220	0.11779	0.51020	0.01278	0.00620	0.00176	0.00262	0.01091	0.00508	0.00452
36	0.00634	0.00453	0.00604	0.00725	0.00755	0.00423	0.00483	0.00725	0.00997	0.01329	0.02870	0.81358	0.03444	0.01632	0.00665	0.00211	0.00302	0.01480	0.00483	0.00423
37	0.00738	0.00534	0.00697	0.00662	0.00786	0.00494	0.00500	0.00981	0.01460	0.02058	0.74384	0.03973	0.06378	0.01081	0.00617	0.00166	0.00253	0.03181	0.00569	0.00490
38	0.85377	0.01007	0.00765	0.00685	0.01007	0.01168	0.00564	0.01531	0.00886	0.02336	0.00725	0.00846	0.00564	0.00483	0.00322	0.00161	0.00403	0.00282	0.00322	0.00564
39	0.01392	0.82012	0.02729	0.00891	0.01337	0.02061	0.00891	0.01559	0.01058	0.01225	0.00724	0.00835	0.00668	0.00446	0.00334	0.00111	0.00557	0.00278	0.00223	0.00668
40	0.85377	0.01007	0.00765	0.00685	0.01007	0.01168	0.00564	0.01531	0.00886	0.02336	0.00725	0.00846	0.00564	0.00483	0.00322	0.00161	0.00403	0.00282	0.00322	0.00564
41	0.01027	0.00980	0.01639	0.65397	0.09154	0.01208	0.02988	0.01351	0.01033	0.01359	0.00910	0.01358	0.00705	0.00551	0.00634	0.00177	0.08229	0.00465	0.00234	0.00599
42	0.00634	0.00453	0.00604	0.00725	0.00755	0.00423	0.00483	0.00725	0.00997	0.01329	0.02870	0.81358	0.03444	0.01632	0.00665	0.00211	0.00302	0.01480	0.00483	0.00423
43	0.85377	0.01007	0.00765	0.00685	0.01007	0.01168	0.00564	0.01531	0.00886	0.02336	0.00725	0.00846	0.00564	0.00483	0.00322	0.00161	0.00403	0.00282	0.00322	0.00564
44	0.85377	0.01007	0.00765	0.00685	0.01007	0.01168	0.00564	0.01531	0.00886	0.02336	0.00725	0.00846	0.00564	0.00483	0.00322	0.00161	0.00403	0.00282	0.00322	0.00564
45	0.00615	0.00528	0.00528	0.00528	0.00703	0.00440	0.00396	0.00747	0.01187	0.01407	0.05276	0.05012	0.78238	0.01319	0.00615	0.00176	0.00264	0.01099	0.00484	0.00440
46	0.01980	0.01459	0.01563	0.01198	0.01615	0.01615	0.00990	0.76713	0.02448	0.03282	0.01250	0.01250	0.00886	0.00625	0.00521	0.00156	0.00573	0.00469	0.00521	0.00886
47	0.48519	0.01092	0.01024	0.00860	0.01207	0.01220	0.00703	0.16037	0.11190	0.11870	0.01168	0.01178	0.00847	0.00559	0.00411	0.00162	0.00441	0.00387	0.00426	0.00698
48	0.01295	0.01119	0.01178	0.01060	0.01354	0.01295	0.00824	0.02767	0.77509	0.02178	0.02120	0.01943	0.01590	0.00707	0.00530	0.00177	0.00412	0.00589	0.00530	0.00824
49	0.00620	0.00511	0.00545	0.00573	0.00715	0.00436	0.00416	0.00742	0.01144	0.01389	0.04725	0.22476	0.61129	0.01390	0.00627	0.00184	0.00273	0.01186	0.00484	0.00436
50	0.02048	0.01349	0.01495	0.01146	0.01560	0.01452	0.00947	0.62488	0.02265	0.17767	0.01405	0.01350	0.00963	0.00629	0.00521	0.00157	0.00548	0.00479	0.00545	0.00886
51	0.02336	0.00886	0.01209	0.00927	0.01329	0.00765	0.00765	0.02538	0.01491	0.78810	0.02055	0.01773	0.01289	0.00645	0.00524	0.00161	0.00443	0.00524	0.00645	0.00886
52	0.00744	0.00558	0.00837	0.00837	0.00930	0.00651	0.00651	0.00930	0.00837	0.01209	0.01395	0.02046	0.01302	0.03906	0.79635	0.00837	0.01395	0.00558	0.00279	0.00465
53	0.01045	0.02694	0.79000	0.01484	0.02254	0.01209	0.01924	0.01649	0.01099	0.01649	0.00935	0.01099	0.00660	0.00495	0.00495	0.00165	0.00770	0.00385	0.00220	0.00770
54	0.01788	0.01363	0.01455	0.01159	0.01542	0.01525	0.00943	0.55965	0.23509	0.02972	0.01494	0.01445	0.01083	0.00648	0.00523	0.00162	0.00528	0.00503	0.00523	0.00868
55	0.00634	0.00453	0.00604	0.00725	0.00755	0.00423	0.00483	0.00725	0.00997	0.01329	0.02870	0.81358	0.03444	0.01632	0.00665	0.00211	0.00302	0.01480	0.00483	0.00423
56	0.01111	0.01011	0.01568	0.07488	0.41337	0.01057	0.01203	0.01530	0.11753	0.01646	0.01621	0.17452	0.02705	0.00790	0.00591	0.00175	0.02943	0.02966	0.00348	0.00704
57	0.00769	0.00560	0.00697	0.00757	0.00840	0.00544	0.00532	0.08011	0.01170	0.01552	0.05416	0.63837	0.09020	0.01489	0.00646	0.00202	0.00326	0.02669	0.00490	0.00472
58	0.00983	0.00926	0.01562	0.80447	0.03587	0.01157	0.01446	0.01331	0.01041	0.01331	0.00926	0.01388	0.00694	0.00521	0.00521	0.00174	0.00694	0.00463	0.00231	0.00579
59	0.85377	0.01007	0.00765	0.00685	0.01007	0.01168	0.00564	0.01531	0.00886	0.02336	0.00725	0.00846	0.00564	0.00483	0.00322	0.00161	0.00403	0.00282	0.00322	0.00564
60	0.00744	0.00558	0.00837	0.00837	0.00930	0.00651	0.00651	0.00930	0.00837	0.01209	0.01395	0.02046	0.01302	0.03906	0.79635	0.00837	0.01395	0.00558	0.00279	0.00465
61	0.01374	0.77773	0.06805	0.00923	0.01386	0.02015	0.00946	0.01564	0.01060	0.01248	0.00735	0.00849	0.00668	0.00448	0.00343	0.00114	0.00568	0.00284	0.00223	0.00674
62	0.00739	0.00563	0.00684	0.00648	0.00792	0.00523	0.00487	0.01025	0.05472	0.01938	0.57558	0.04041	0.21385	0.01103	0.00610	0.00167	0.00259	0.00959	0.00551	0.00497
63	0.06133	0.00760	0.00902	0.00768	0.01011	0.00729	0.00605	0.10139	0.02887	0.15929	0.38474	0.02978	0.10969	0.00893	0.00558	0.00160	0.00340	0.00754	0.00543	0.04468
64	0.02222	0.00888	0.01179	0.00915	0.01300	0.00790	0.00752	0.04572	0.03764	0.70280	0.02015	0.01772	0.01289	0.00644	0.00515	0.00159	0.00435	0.00522	0.05124	0.00863
65	0.00692	0.00529	0.00634	0.00612	0.00751	0.00471	0.00457	0.00893	0.01361	0.01829	0.50570	0.06181	0.30792	0.01168	0.00616	0.00169	0.00253	0.01011	0.00539	0.00471
66	0.00744	0.00543	0.00647	0.00614	0.00768	0.00480	0.00463	0.00944	0.01361	0.04485	0.46658	0.04261	0.33827	0.01151	0.00612	0.00168	0.00260	0.00990	0.00540	0.00485
67	0.00684	0.00489	0.00580	0.00627	0.00673	0.00461	0.00402	0.00750	0.00949	0.01240	0.05300	0.34869	0.15409	0.33510	0.01447	0.00321	0.00375	0.01110	0.00419	0.00385
68	0.01154	0.03703	0.62972	0.01432	0.02120	0.01182	0.05731	0.03940	0.01188	0.06454	0.04544	0.01285	0.00907	0.00530	0.00507	0.00164	0.00722	0.00432	0.00274	0.00762
69	0.04199	0.79304	0.02663	0.00884	0.01326	0.02031	0.00880	0.01558	0.01052	0.01262	0.00724	0.00836	0.00665	0.00447	0.00334	0.00113	0.00552	0.00279	0.00226	0.00665
70	0.01199	0.01169	0.01592	0.13852	0.01807	0.07128	0.07950	0.06175	0.01069	0.01486	0.00986	0.01518	0.00883	0.00863	0.03484	0.00216	0.38888	0.04449	0.04692	0.00593
71	0.79276	0.03472	0.02711	0.00720	0.01058	0.01204	0.00614	0.02957	0.00926	0.02305	0.00740	0.00859	0.00575	0.00485	0.00331	0.00160	0.00419	0.00288	0.00321	0.00578
72	0.00634	0.00453	0.00604	0.00725	0.00755	0.00423	0.00483	0.00725	0.00997	0.01329	0.02870	0.81358	0.03444	0.01632	0.00665	0.00211	0.00302	0.01480	0.00483	0.00423
73	0.05736	0.03389	0.03496	0.00940	0.02710	0.00969	0.00752	0.20423	0.03845	0.07091	0.27281	0.10197	0.05129	0.00902	0.00596	0.00169	0.03089	0.02145	0.00497	0.00645
74	0.01945	0.02482	0.01476	0.01342	0.01610	0.79608	0.01006	0.02079	0.01476	0.01275	0.00805	0.00939	0.00671	0.00537	0.00470	0.00134	0.00939	0.00335	0.00268	0.00604
75	0.01160	0.18012	0.60116	0.01362	0.02042	0.05564	0.01675	0.01655	0.01112	0.01547	0.00887	0.01040	0.00662	0.00487	0.00462	0.00153	0.00738	0.00362	0.00223	0.00741
76	0.13087	0.00960	0.08278	0.03346	0.08925	0.00824	0.04858	0.01311	0.03527	0.04391	0.30082	0.02803	0.11267	0.00838	0.00547	0.00168	0.00422	0.03342	0.00434	0.00591
77	0.01146	0.00935	0.01086	0.00827	0.01182	0.00832	0.00647	0.11294	0.01213	0.01798	0.03448	0.01530	0.01072	0.12240	0.00809	0.00160	0.04718	0.00422	0.00342	0.54298
78	0.00639	0.00458	0.00607	0.00718	0.00755	0.00426	0.00482	0.00737	0.01022	0.01365	0.06353	0.76448	0.04855	0.01600	0.00662	0.00209	0.00299	0.01449	0.00488	0.00426
79	0.01054	0.00773	0.00986	0.01011	0.04874	0.00788	0.02205	0.14405	0.06892	0.04915	0.02445	0.41354	0.05301	0.01233	0.00620	0.00196	0.00409	0.09470	0.00484	0.00585
80	0.01861	0.01408	0.01651	0.01398	0.08073	0.01535	0.04479	0.61603	0.06074	0.04697	0.01281	0.01307	0.00921	0.00608	0.00525	0.00158	0.00580	0.00482	0.00490	0.00869
81	0.00782	0.00620	0.00973	0.00919	0.01030	0.00712	0.04714	0.00975	0.00855	0.01230	0.01361	0.02019	0.01271	0.05625	0.71026	0.00774	0.03798	0.00563	0.00278	0.00477
82	0.00650	0.00463	0.00612	0.00723	0.00756	0.00435	0.00486	0.00744	0.00999	0.01333	0.04129	0.72918	0.03366	0.06181	0.00779	0.00228	0.00319	0.03983	0.00475	0.00420
83	0.02398	0.00982	0.01674	0.66614	0.03301	0.01204	0.07488	0.01355	0.01035	0.01368	0.00914	0.01361	0.00699	0.00544	0.00618	0.00178	0.06973	0.00472	0.00235	0.00588
84	0.04268	0.04557	0.01533	0.08587	0.03915	0.55347	0.01058	0.04624	0.01370	0.01394	0.00821	0.01014	0.00683	0.00567	0.00584	0.00148	0.08282	0.00363	0.00270	0.00616
85	0.03929	0.01020	0.01630	0.58806	0.16160	0.01204	0.01410	0.06866	0.01163	0.01570	0.00952	0.01343	0.00726	0.00517	0.00513	0.00169	0.00663	0.00457	0.00260	0.00642
86	0.00721	0.00526	0.00678	0.00652	0.00771	0.00483	0.00484	0.00947	0.01418	0.01984	0.67427	0.09933	0.09778	0.01126	0.00618	0.00168	0.00251	0.00994	0.00560	0.00483
87	0.01082	0.00943	0.01132	0.02666	0.01299	0.00776	0.00678	0.01307	0.01057	0.01653	0.00906	0.01092	0.00763	0.00431	0.00494	0.00091	0.06775	0.00324	0.00300	0.76230
88	0.00733	0.00532	0.00691	0.00651	0.00776	0.00490	0.00488	0.00975	0.01465	0.02067	0.75921	0.03925	0.07181	0.01072	0.00614	0.00164	0.00246	0.00947	0.00570	0.00490
89	0.00681	0.00489	0.00623	0.00699	0.00739	0.00474	0.00470	0.00774	0.00993	0.01341	0.06169	0.57570	0.07324	0.12892	0.00961	0.00246	0.02599	0.01270	0.03268	0.00418
90	0.00876	0.00593	0.00761	0.00700	0.00849	0.00560	0.00530	0.03555	0.03309	0.06361	0.66993	0.06364	0.04451	0.01038	0.00606	0.00165	0.00273	0.00914	0.00571	0.00532
91	0.00638	0.00461	0.00606	0.00720	0.00760	0.00428	0.00487	0.00735	0.01012	0.01339	0.02996	0.75528	0.07431	0.01610	0.00663	0.00210	0.00304	0.03164	0.00483	0.00425
92	0.01080	0.00926	0.01080	0.00771	0.01234	0.00694	0.00617	0.01311	0.01080	0.01697	0.00926	0.01080	0.00771	0.00386	0.00386	0.00077	0.00386	0.00309	0.00309	0.84882
93	0.01269	0.01013	0.01327	0.01028	0.03967	0.00864	0.06735	0.08209	0.01242	0.07857	0.01095	0.03045	0.00885	0.00475	0.00467	0.00108	0.02236	0.00400	0.00351	0.57427
94	0.00668	0.00524	0.00599	0.00590	0.00731	0.00461	0.00435	0.00837	0.01272	0.01652	0.33127	0.09203	0.42820	0.03926	0.00686	0.00184	0.00267	0.01050	0.00513	0.00454
95	0.01080	0.00926	0.01080	0.00771	0.01234	0.00694	0.00617	0.01311	0.01080	0.01697	0.00926	0.01080	0.00771	0.00386	0.00386	0.00077	0.00386	0.00309	0.00309	0.84882

[dist]
# distance from previous block
# <min> <max>
0	1

[block]
# block no. 6 follows, 47 sequences, length 77
# corresponding to MSA columns:
# 514-590
name=unknown_G
#
# <colnr> <probs for GDERKNQSTAVLIFYWHMCP>
#	G	D	E	R	K	N	Q	S	T	A	V	L	I	F	Y	W	H	M	C	P
0	0.01380	0.69100	0.11354	0.00981	0.01454	0.05745	0.01014	0.01595	0.01083	0.01276	0.00752	0.00871	0.00667	0.00456	0.00359	0.00119	0.00600	0.00293	0.00225	0.00677
1	0.00975	0.00845	0.02626	0.00831	0.01165	0.00679	0.02033	0.02731	0.02976	0.01646	0.01796	0.13963	0.06665	0.00794	0.00501	0.00134	0.00400	0.10868	0.00377	0.47994
2	0.05919	0.01396	0.01458	0.01192	0.03386	0.04793	0.00945	0.61023	0.03972	0.02950	0.01333	0.06816	0.01054	0.00683	0.00519	0.00160	0.00559	0.00527	0.00492	0.00823
3	0.01628	0.40010	0.02123	0.01287	0.08043	0.36218	0.01002	0.01792	0.01253	0.01288	0.00782	0.00920	0.00683	0.00487	0.00409	0.00125	0.00731	0.00319	0.00246	0.00653
4	0.07552	0.50989	0.02195	0.04365	0.01483	0.23196	0.00923	0.01690	0.01159	0.01323	0.00755	0.00888	0.00663	0.00476	0.00378	0.00124	0.00656	0.00302	0.00243	0.00639
5	0.00634	0.00453	0.00604	0.00725	0.00755	0.00423	0.00483	0.00725	0.00997	0.01329	0.02870	0.81358	0.03444	0.01632	0.00665	0.00211	0.00302	0.01480	0.00483	0.00423
