[name]
unknown

[dist]
# distance from previous block
# <min> <max>
32	76

[block]
# block no. 0 follows, 42 sequences, length 14
# corresponding to MSA columns:
# 108-121
name=unknown_A
#
# <colnr> <probs for GDERKNQSTAVLIFYWHMCP>
#	G	D	E	R	K	N	Q	S	T	A	V	L	I	F	Y	W	H	M	C	P
0	0.01014	0.00718	0.00972	0.13508	0.01450	0.00747	0.00767	0.06501	0.04245	0.06821	0.08002	0.47436	0.02920	0.01332	0.00662	0.00209	0.00427	0.01190	0.00502	0.00577
1	0.01231	0.01145	0.01893	0.06308	0.01964	0.01172	0.26604	0.11950	0.08482	0.01979	0.04153	0.15956	0.09510	0.00905	0.00694	0.00196	0.03886	0.00853	0.00424	0.00696
2	0.01295	0.01089	0.01684	0.16363	0.10564	0.01189	0.09341	0.07552	0.02947	0.06899	0.05182	0.09807	0.01439	0.02069	0.02648	0.00211	0.12383	0.00662	0.00375	0.06301
3	0.07111	0.03364	0.12543	0.03857	0.17377	0.05240	0.04040	0.22457	0.04718	0.02294	0.01585	0.01704	0.08035	0.00671	0.00580	0.00174	0.02507	0.00542	0.00392	0.00808
4	0.09560	0.00637	0.00750	0.00808	0.00916	0.00665	0.00578	0.01150	0.08116	0.01672	0.02498	0.49188	0.02761	0.01746	0.09795	0.00292	0.00484	0.01174	0.06685	0.00525
5	0.14606	0.01353	0.06563	0.07176	0.33699	0.02925	0.03859	0.06224	0.01312	0.09695	0.01154	0.01388	0.00894	0.00710	0.03772	0.00204	0.02841	0.00478	0.00346	0.00803
6	0.16750	0.00922	0.00991	0.11363	0.01410	0.01025	0.00739	0.17349	0.01449	0.02402	0.01422	0.01635	0.01088	0.00623	0.00445	0.00155	0.00438	0.00476	0.38670	0.00648
7	0.01565	0.05874	0.06562	0.05075	0.14182	0.21753	0.07880	0.01975	0.09298	0.07337	0.06357	0.01687	0.01298	0.04652	0.00689	0.00187	0.01990	0.00533	0.00365	0.00739
8	0.52303	0.01059	0.01017	0.00840	0.01227	0.01116	0.00692	0.04216	0.01216	0.24620	0.01240	0.01240	0.00866	0.00572	0.00424	0.00168	0.00453	0.00390	0.00457	0.05881
9	0.01086	0.01024	0.01730	0.73526	0.09037	0.01256	0.01575	0.01458	0.01136	0.01466	0.01004	0.01493	0.00760	0.00558	0.00562	0.00186	0.00744	0.00500	0.00252	0.00644
10	0.06743	0.00756	0.00837	0.00773	0.00901	0.03657	0.00547	0.01236	0.01074	0.11085	0.08031	0.03114	0.08643	0.37197	0.09452	0.00420	0.03867	0.00748	0.00416	0.00505
11	0.01511	0.01118	0.01254	0.01059	0.01346	0.01239	0.00841	0.34703	0.12593	0.02565	0.04739	0.04122	0.01511	0.05639	0.16358	0.00340	0.00719	0.00614	0.06969	0.00758
12	0.01118	0.00591	0.00598	0.00573	0.00724	0.00602	0.00436	0.05953	0.01273	0.02190	0.01805	0.02051	0.01412	0.00657	0.00404	0.00134	0.00285	0.00523	0.78120	0.00552
13	0.00727	0.00507	0.00643	0.00729	0.00769	0.00477	0.00479	0.00789	0.01027	0.01352	0.02968	0.53803	0.10178	0.15829	0.01198	0.05912	0.00373	0.01345	0.00471	0.00424

[dist]
# distance from previous block
# <min> <max>
2	10

[block]
# block no. 1 follows, 42 sequences, length 35
# corresponding to MSA columns:
# 132-166
name=unknown_B
#
# <colnr> <probs for GDERKNQSTAVLIFYWHMCP>
#	G	D	E	R	K	N	Q	S	T	A	V	L	I	F	Y	W	H	M	C	P
0	0.01320	0.01286	0.03783	0.24472	0.52035	0.01326	0.01666	0.04180	0.01283	0.01784	0.01051	0.01417	0.00850	0.00525	0.00558	0.00173	0.00693	0.00499	0.00280	0.00818
1	0.01257	0.01887	0.24757	0.06670	0.05404	0.01376	0.46695	0.01773	0.01274	0.01777	0.01090	0.01416	0.00808	0.00498	0.00617	0.00185	0.00893	0.00577	0.00269	0.00777
2	0.01299	0.38108	0.43602	0.01313	0.01986	0.01724	0.01573	0.01738	0.01168	0.01575	0.00907	0.01059	0.00717	0.00511	0.00456	0.00152	0.00728	0.00364	0.00239	0.00782
3	0.01324	0.02007	0.30902	0.02004	0.02664	0.01345	0.43163	0.01850	0.01292	0.06209	0.01154	0.01418	0.00833	0.00510	0.00610	0.00185	0.00877	0.00565	0.00291	0.00798
4	0.02525	0.00958	0.01306	0.01001	0.01437	0.00827	0.00827	0.02743	0.01611	0.77102	0.02220	0.01915	0.01393	0.00697	0.00566	0.00174	0.00479	0.00566	0.00697	0.00958
5	0.01085	0.01023	0.01728	0.73766	0.08805	0.01256	0.01574	0.01457	0.01136	0.01465	0.01004	0.01493	0.00760	0.00558	0.00562	0.00186	0.00745	0.00500	0.00252	0.00643
6	0.01427	0.01408	0.02230	0.05107	0.70607	0.05827	0.01686	0.01751	0.01296	0.01802	0.01046	0.01373	0.00878	0.00507	0.00554	0.00166	0.00691	0.00493	0.00279	0.00871
7	0.02506	0.00989	0.01325	0.01016	0.01452	0.00873	0.00839	0.06341	0.01662	0.73430	0.02177	0.01887	0.01371	0.00695	0.00566	0.00174	0.00486	0.00563	0.00690	0.00958
8	0.00707	0.00506	0.00672	0.00769	0.00821	0.00471	0.00524	0.00837	0.01176	0.01593	0.17107	0.65403	0.04025	0.01646	0.00708	0.00219	0.00315	0.01489	0.00541	0.00471
9	0.01148	0.02773	0.69982	0.01680	0.02486	0.01318	0.09265	0.01784	0.01202	0.01784	0.01023	0.01221	0.00727	0.00529	0.00547	0.00179	0.00843	0.00440	0.00242	0.00825
10	0.22664	0.01674	0.01508	0.01223	0.01619	0.16909	0.03389	0.39520	0.01968	0.02798	0.01105	0.01180	0.00820	0.00611	0.00501	0.00166	0.00663	0.00432	0.00445	0.00802
11	0.02483	0.01128	0.01335	0.01046	0.01467	0.08463	0.00853	0.02694	0.01609	0.69605	0.02087	0.01826	0.01327	0.00685	0.00560	0.00171	0.00532	0.00546	0.00656	0.00928
12	0.00686	0.00490	0.00653	0.00784	0.00816	0.00457	0.00522	0.00784	0.01077	0.01437	0.03102	0.79855	0.03722	0.01763	0.00718	0.00229	0.00326	0.01600	0.00522	0.00457
13	0.79929	0.01114	0.00872	0.00769	0.01123	0.01288	0.00633	0.05461	0.01046	0.02578	0.00813	0.00937	0.00628	0.00530	0.00359	0.00174	0.00445	0.00315	0.00359	0.00628
14	0.48997	0.05888	0.06045	0.01186	0.03830	0.01282	0.14273	0.01608	0.01040	0.02114	0.00888	0.01128	0.00710	0.00643	0.00595	0.07855	0.00575	0.00400	0.00312	0.00632
15	0.01416	0.01381	0.02262	0.03388	0.74248	0.03856	0.01706	0.01744	0.01292	0.01823	0.01052	0.01380	0.00886	0.00504	0.00556	0.00166	0.00680	0.00497	0.00279	0.00884
16	0.01378	0.01322	0.02257	0.06850	0.73432	0.01333	0.01720	0.01714	0.01274	0.01820	0.01056	0.01398	0.00885	0.00504	0.00557	0.00168	0.00672	0.00501	0.00277	0.00879
17	0.01641	0.06179	0.08391	0.01185	0.01585	0.17457	0.01018	0.11922	0.19274	0.08173	0.01731	0.01832	0.05124	0.00698	0.00538	0.00163	0.00627	0.03019	0.00444	0.08999
18	0.08831	0.05087	0.53499	0.01613	0.04712	0.01352	0.09011	0.01838	0.05550	0.01872	0.01071	0.01246	0.00782	0.00538	0.00527	0.00177	0.00771	0.00442	0.00274	0.00806
19	0.00805	0.00544	0.00633	0.00645	0.00654	0.00546	0.00377	0.00825	0.00847	0.01135	0.01881	0.10614	0.02166	0.68892	0.06728	0.00536	0.00577	0.00879	0.00356	0.00360
20	0.01196	0.15926	0.57667	0.01424	0.02166	0.01412	0.01760	0.01732	0.01179	0.01709	0.00970	0.01138	0.00726	0.00515	0.00494	0.00160	0.00754	0.00389	0.00247	0.08437
21	0.01384	0.01328	0.02268	0.05539	0.74698	0.01335	0.01723	0.01719	0.01277	0.01827	0.01057	0.01396	0.00888	0.00503	0.00557	0.00168	0.00671	0.00501	0.00278	0.00884
22	0.00951	0.00489	0.00726	0.00738	0.00741	0.00486	0.00492	0.00738	0.00765	0.01020	0.01173	0.08903	0.01230	0.01937	0.02063	0.75951	0.00474	0.00591	0.00270	0.00264
23	0.21583	0.27612	0.01853	0.01118	0.01488	0.33385	0.00932	0.03407	0.01317	0.01679	0.00831	0.00961	0.00701	0.00536	0.00423	0.00144	0.00734	0.00332	0.00294	0.00671
24	0.01222	0.01323	0.09651	0.04116	0.45094	0.02845	0.01454	0.01567	0.01333	0.01875	0.14829	0.02329	0.01880	0.00722	0.00593	0.00178	0.00608	0.07248	0.00358	0.00775
25	0.01142	0.02597	0.63022	0.08791	0.02618	0.01313	0.09218	0.01753	0.01196	0.01753	0.01022	0.01250	0.00730	0.00531	0.00550	0.00180	0.00836	0.00448	0.00243	0.00805
26	0.00744	0.00635	0.00648	0.00639	0.00840	0.00571	0.00486	0.01033	0.08650	0.01607	0.05294	0.05111	0.67220	0.01363	0.00659	0.00192	0.00307	0.02957	0.00527	0.00517
27	0.01293	0.04626	0.30517	0.02607	0.41595	0.01361	0.06480	0.01751	0.01245	0.01798	0.01036	0.01307	0.00816	0.00511	0.00549	0.00171	0.00745	0.00473	0.00262	0.00855
28	0.01333	0.01231	0.02013	0.33364	0.38310	0.01345	0.03437	0.08851	0.01355	0.01847	0.01066	0.01435	0.00841	0.00542	0.00563	0.00176	0.00703	0.00506	0.00295	0.00788
29	0.01078	0.01016	0.01715	0.75450	0.07179	0.01254	0.01570	0.01451	0.01132	0.01456	0.01003	0.01495	0.00757	0.00560	0.00562	0.00187	0.00746	0.00500	0.00251	0.00637
30	0.01182	0.02311	0.50216	0.15691	0.05183	0.01326	0.10178	0.04198	0.01245	0.01784	0.01036	0.01294	0.00750	0.00537	0.00556	0.00181	0.00818	0.00465	0.00258	0.00792
31	0.01283	0.02392	0.51300	0.01772	0.02502	0.01319	0.21773	0.03182	0.01278	0.06235	0.01122	0.01324	0.00796	0.00530	0.00572	0.00181	0.00839	0.00494	0.00283	0.00822
32	0.06373	0.00969	0.01299	0.14671	0.07431	0.01012	0.00978	0.07252	0.08815	0.21110	0.11870	0.07775	0.02000	0.00841	0.00589	0.00187	0.00508	0.05061	0.00511	0.00749
33	0.60962	0.00989	0.00867	0.02926	0.01145	0.01114	0.00640	0.03530	0.01104	0.04925	0.08554	0.08567	0.01401	0.00710	0.00433	0.00180	0.00424	0.00514	0.00406	0.00609
34	0.61554	0.01033	0.00949	0.04737	0.01267	0.01147	0.02927	0.01592	0.01019	0.02342	0.00930	0.01103	0.00727	0.00526	0.00380	0.00163	0.00448	0.00350	0.08556	0.08250

[dist]
# distance from previous block
# <min> <max>
19	36

[block]
# block no. 2 follows, 42 sequences, length 48
# corresponding to MSA columns:
# 210-257
name=unknown_C
#
# <colnr> <probs for GDERKNQSTAVLIFYWHMCP>
#	G	D	E	R	K	N	Q	S	T	A	V	L	I	F	Y	W	H	M	C	P
0	0.21447	0.07418	0.01600	0.05773	0.01592	0.15432	0.02280	0.01626	0.01062	0.01651	0.00799	0.01111	0.00706	0.00729	0.01036	0.00197	0.34217	0.00412	0.00279	0.00632
1	0.00868	0.00617	0.00771	0.00873	0.07224	0.00621	0.00477	0.00905	0.00862	0.01166	0.01699	0.03419	0.01918	0.69934	0.06007	0.00529	0.00599	0.00781	0.00334	0.00396
2	0.00983	0.00521	0.00793	0.05612	0.00929	0.00536	0.00556	0.00777	0.00758	0.01006	0.00979	0.01698	0.00963	0.01868	0.02097	0.78416	0.00505	0.00489	0.00245	0.00268
3	0.01426	0.13524	0.17025	0.03007	0.08323	0.04685	0.24199	0.03277	0.01277	0.06408	0.01074	0.01314	0.00828	0.00553	0.00656	0.00172	0.07258	0.00496	0.00298	0.04199
4	0.01360	0.07468	0.61328	0.01474	0.02225	0.01293	0.01823	0.01919	0.01248	0.12987	0.01176	0.01279	0.00815	0.00555	0.00528	0.00174	0.00765	0.00431	0.00306	0.00844
5	0.02446	0.00967	0.01299	0.01003	0.01428	0.00852	0.00826	0.04370	0.03148	0.71853	0.04203	0.01968	0.01495	0.00710	0.00569	0.00174	0.00476	0.00578	0.00689	0.00945
6	0.01352	0.01453	0.02947	0.02763	0.29564	0.01392	0.48344	0.01775	0.01311	0.01816	0.01110	0.01473	0.00867	0.00484	0.00626	0.00182	0.00848	0.00605	0.00282	0.00807
7	0.01328	0.01518	0.03321	0.02372	0.02941	0.01423	0.74668	0.01803	0.01328	0.01803	0.01139	0.01518	0.00854	0.00474	0.00664	0.00190	0.00949	0.00664	0.00285	0.00759
8	0.06718	0.00885	0.01015	0.00870	0.01184	0.00860	0.00690	0.02054	0.18095	0.28917	0.06076	0.03088	0.25307	0.00948	0.00589	0.00183	0.00399	0.00779	0.00589	0.00752
9	0.09187	0.01096	0.01197	0.00992	0.01326	0.01152	0.00795	0.28141	0.08962	0.13835	0.09274	0.06746	0.13120	0.00892	0.00578	0.00180	0.00464	0.00722	0.00561	0.00778
10	0.00704	0.00512	0.00663	0.00760	0.00812	0.00487	0.00515	0.00808	0.01064	0.01408	0.03125	0.59894	0.10712	0.07864	0.07569	0.00307	0.00441	0.01413	0.00490	0.00454
11	0.01949	0.01063	0.01273	0.01059	0.01431	0.01084	0.00848	0.02806	0.36049	0.40064	0.04524	0.02071	0.01664	0.00742	0.00572	0.00182	0.00457	0.00612	0.00637	0.00914
12	0.00721	0.00550	0.00646	0.00664	0.00784	0.00493	0.00472	0.00876	0.01283	0.01674	0.25027	0.22620	0.32316	0.08253	0.00868	0.00226	0.00312	0.01205	0.00535	0.00475
13	0.07992	0.00572	0.00686	0.00749	0.00836	0.00553	0.00515	0.00942	0.01115	0.03617	0.09460	0.52219	0.07750	0.09221	0.00884	0.00246	0.00354	0.01306	0.00503	0.00480
14	0.66958	0.01035	0.00889	0.00775	0.01120	0.01151	0.00635	0.01767	0.01093	0.13013	0.06185	0.01281	0.01043	0.00590	0.00401	0.00174	0.00430	0.00391	0.00416	0.00653
15	0.00670	0.00552	0.00589	0.00619	0.00773	0.00471	0.00449	0.00802	0.01236	0.01501	0.05106	0.22449	0.59834	0.01503	0.00677	0.00199	0.00295	0.01282	0.00523	0.00471
16	0.00929	0.00604	0.00713	0.00691	0.00867	0.00528	0.00513	0.01092	0.01332	0.11062	0.17895	0.18718	0.38423	0.03157	0.00713	0.00201	0.00319	0.01147	0.00558	0.00539
17	0.04449	0.00825	0.00991	0.00863	0.01112	0.00803	0.00666	0.09297	0.06170	0.21558	0.21600	0.11929	0.09902	0.06326	0.00764	0.00208	0.00403	0.00868	0.00581	0.00685
18	0.01011	0.00624	0.00843	0.00881	0.01023	0.00587	0.00699	0.01218	0.01331	0.10878	0.17639	0.26070	0.05831	0.01425	0.00709	0.00222	0.00402	0.27491	0.00561	0.00556
19	0.00822	0.00609	0.00853	0.00856	0.00943	0.00687	0.00637	0.01035	0.03752	0.01317	0.01683	0.07309	0.01673	0.17029	0.57272	0.00773	0.01227	0.00704	0.00332	0.00487
20	0.00737	0.00520	0.00683	0.00794	0.00835	0.00497	0.00550	0.00843	0.01070	0.01420	0.02886	0.58103	0.03404	0.13435	0.01047	0.00280	0.00386	0.11566	0.00495	0.00448
21	0.00694	0.00534	0.00635	0.00688	0.00798	0.00475	0.00486	0.00835	0.01236	0.01593	0.15175	0.38984	0.32772	0.01537	0.00689	0.00206	0.00301	0.01349	0.00537	0.00475
22	0.00779	0.00564	0.00687	0.00692	0.00827	0.00504	0.00505	0.00963	0.01369	0.04027	0.33965	0.23235	0.27070	0.01375	0.00675	0.00194	0.00293	0.01202	0.00567	0.00508
23	0.02313	0.01024	0.01315	0.01034	0.01448	0.00958	0.00846	0.07247	0.11894	0.60805	0.03557	0.01948	0.01484	0.00713	0.00568	0.00176	0.00479	0.00580	0.00670	0.00941
24	0.01476	0.01674	0.08681	0.02995	0.59095	0.12763	0.01662	0.01809	0.01320	0.01765	0.01026	0.01319	0.00851	0.00516	0.00548	0.00165	0.00734	0.00473	0.00277	0.00851
25	0.71762	0.01007	0.00795	0.00721	0.01018	0.01156	0.00569	0.01530	0.00937	0.02311	0.00931	0.01327	0.00824	0.12409	0.00724	0.00230	0.00452	0.00381	0.00347	0.00569
26	0.03391	0.24179	0.26644	0.01513	0.08365	0.18876	0.01419	0.06414	0.01361	0.01695	0.00936	0.01092	0.00747	0.00536	0.00480	0.00153	0.00773	0.00382	0.00277	0.00769
27	0.00924	0.00591	0.00782	0.00758	0.00895	0.00543	0.00564	0.01148	0.01473	0.08544	0.51882	0.20878	0.04567	0.01257	0.00670	0.00190	0.00304	0.02876	0.00602	0.00551
28	0.00787	0.00568	0.00756	0.00869	0.00956	0.00546	0.00675	0.00955	0.01179	0.01537	0.03206	0.38046	0.09501	0.05096	0.00834	0.00253	0.00417	0.32825	0.00513	0.00480
29	0.00913	0.00565	0.00733	0.00757	0.00846	0.00526	0.00522	0.01045	0.01205	0.08899	0.20067	0.40992	0.03574	0.15396	0.01070	0.00267	0.00366	0.01224	0.00530	0.00502
30	0.02507	0.01031	0.01318	0.01020	0.01450	0.04113	0.00838	0.02721	0.01610	0.73876	0.02163	0.01877	0.01365	0.00692	0.00563	0.00173	0.00502	0.00557	0.00679	0.00945
31	0.01032	0.00622	0.00793	0.00741	0.00903	0.00565	0.00552	0.01232	0.01423	0.13119	0.40277	0.11874	0.12771	0.08849	0.00871	0.00221	0.00339	0.02676	0.00580	0.00562
32	0.00771	0.00588	0.00682	0.00658	0.00796	0.00539	0.00476	0.00992	0.03547	0.01822	0.37906	0.04492	0.29886	0.13221	0.00995	0.00238	0.00320	0.01036	0.00542	0.00493
33	0.00830	0.00593	0.00690	0.00708	0.00793	0.00572	0.00487	0.04019	0.01134	0.01494	0.07079	0.19539	0.17222	0.32116	0.01530	0.00339	0.00428	0.07285	0.02693	0.00448
34	0.02102	0.02682	0.01595	0.01450	0.01740	0.77963	0.01087	0.02247	0.01595	0.01377	0.00870	0.01015	0.00725	0.00580	0.00507	0.00145	0.01015	0.00362	0.00290	0.00652
35	0.01565	0.01190	0.01345	0.01008	0.01470	0.01106	0.00816	0.28248	0.01723	0.05793	0.01259	0.04145	0.01009	0.00573	0.00488	0.00124	0.00490	0.00453	0.00440	0.46755
36	0.00764	0.00549	0.00711	0.00798	0.00861	0.00524	0.00548	0.04141	0.01208	0.01627	0.11618	0.67461	0.03784	0.01642	0.00705	0.00220	0.00332	0.01483	0.00536	0.00488
37	0.00686	0.00490	0.00653	0.00784	0.00816	0.00457	0.00522	0.00784	0.01077	0.01437	0.03102	0.79855	0.03722	0.01763	0.00718	0.00229	0.00326	0.01600	0.00522	0.00457
38	0.01043	0.00738	0.00879	0.00846	0.00943	0.03616	0.00601	0.03950	0.04341	0.05601	0.01766	0.11855	0.01811	0.27863	0.22068	0.07727	0.02716	0.00767	0.00378	0.00490
39	0.01657	0.00817	0.01060	0.00897	0.01183	0.00760	0.00712	0.02024	0.09007	0.36613	0.28874	0.03012	0.02935	0.03935	0.00698	0.00195	0.00403	0.03827	0.00635	0.00756
40	0.00811	0.00587	0.00739	0.00818	0.00894	0.00569	0.00566	0.07200	0.01222	0.01623	0.03066	0.69742	0.06720	0.01654	0.00702	0.00222	0.00350	0.01487	0.00526	0.00501
41	0.01063	0.01000	0.01688	0.78870	0.03876	0.01250	0.01563	0.01438	0.01125	0.01438	0.01000	0.01500	0.00750	0.00563	0.00563	0.00188	0.00750	0.00500	0.00250	0.00625
42	0.55668	0.01093	0.01164	0.04268	0.01419	0.01206	0.07537	0.03892	0.03259	0.08557	0.04196	0.03483	0.01027	0.00606	0.00441	0.00178	0.00495	0.00449	0.00396	0.00663
43	0.01315	0.00929	0.01043	0.00921	0.01185	0.00960	0.00705	0.06514	0.28023	0.11481	0.07996	0.05300	0.13129	0.11173	0.00888	0.00229	0.00433	0.02244	0.00539	0.04991
44	0.01106	0.01044	0.01766	0.68981	0.13427	0.01262	0.01584	0.01476	0.01146	0.01490	0.01008	0.01486	0.00769	0.00555	0.00562	0.00185	0.00739	0.00500	0.00254	0.00660
45	0.01672	0.08353	0.09038	0.19661	0.02270	0.41700	0.01273	0.02013	0.06036	0.01488	0.00996	0.01205	0.00791	0.00575	0.00516	0.00159	0.00867	0.00412	0.00289	0.00684
46	0.37288	0.01036	0.00995	0.00848	0.01167	0.03119	0.00670	0.06337	0.05420	0.12948	0.02563	0.01627	0.03795	0.05692	0.00731	0.06560	0.00471	0.00467	0.00424	0.07843
47	0.00898	0.00557	0.00690	0.00723	0.00785	0.00526	0.00470	0.00969	0.01027	0.07854	0.02604	0.38512	0.06240	0.33697	0.01579	0.00352	0.00427	0.01172	0.00463	0.00454

[dist]
# distance from previous block
# <min> <max>
0	11

[block]
# block no. 3 follows, 42 sequences, length 13
# corresponding to MSA columns:
# 269-281
name=unknown_D
#
# <colnr> <probs for GDERKNQSTAVLIFYWHMCP>
#	G	D	E	R	K	N	Q	S	T	A	V	L	I	F	Y	W	H	M	C	P
0	0.05722	0.01404	0.06857	0.06046	0.01729	0.03263	0.01041	0.17665	0.38671	0.08817	0.01807	0.01740	0.01320	0.00694	0.00554	0.00182	0.00545	0.00556	0.00519	0.00870
1	0.01164	0.00830	0.00952	0.00861	0.01003	0.00884	0.00612	0.21317	0.01371	0.01845	0.01809	0.13452	0.01900	0.38052	0.11072	0.00441	0.00653	0.00815	0.00423	0.00547
2	0.00814	0.00608	0.00698	0.00683	0.00852	0.00549	0.00509	0.01063	0.05045	0.04630	0.26443	0.13920	0.39484	0.01324	0.00663	0.00190	0.00300	0.01136	0.00561	0.00529
3	0.01537	0.01085	0.01217	0.01045	0.01367	0.01148	0.00822	0.14444	0.32328	0.13129	0.02264	0.08542	0.05345	0.03995	0.00672	0.00196	0.00466	0.03051	0.00554	0.06792
4	0.01802	0.01415	0.01595	0.01281	0.01632	0.03674	0.03380	0.49786	0.06718	0.02876	0.01460	0.06538	0.01186	0.01012	0.05976	0.00231	0.07503	0.00592	0.00499	0.00845
5	0.01242	0.01138	0.01639	0.11859	0.29348	0.06613	0.05209	0.01563	0.04111	0.01728	0.01451	0.11069	0.01321	0.00754	0.00636	0.02277	0.03079	0.00642	0.13626	0.00696
6	0.00725	0.00554	0.00645	0.00666	0.00785	0.00498	0.00475	0.00873	0.01253	0.01621	0.20498	0.20519	0.33819	0.11075	0.00948	0.00241	0.00329	0.03484	0.00522	0.00469
7	0.01122	0.00863	0.00956	0.00939	0.01115	0.05558	0.00708	0.07463	0.06615	0.05523	0.02442	0.36033	0.02629	0.06126	0.00790	0.00225	0.00462	0.12624	0.00497	0.07310
8	0.20192	0.01137	0.01830	0.20664	0.16307	0.01215	0.17166	0.01543	0.01142	0.01824	0.01181	0.07108	0.01045	0.04547	0.00660	0.00202	0.00665	0.00586	0.00310	0.00674
9	0.10340	0.06226	0.01835	0.14428	0.32362	0.11516	0.01324	0.01838	0.04087	0.07193	0.01157	0.03232	0.00942	0.00577	0.00522	0.00168	0.00668	0.00486	0.00328	0.00771
10	0.06027	0.01193	0.05780	0.04567	0.08542	0.02916	0.00983	0.12076	0.17693	0.09465	0.12986	0.05388	0.04379	0.02373	0.00626	0.00190	0.00510	0.03041	0.00500	0.00764
11	0.03214	0.03291	0.01333	0.01046	0.01379	0.02767	0.03173	0.23109	0.01585	0.10006	0.01538	0.08433	0.01341	0.06130	0.14070	0.00308	0.00707	0.00604	0.00446	0.15517
12	0.01448	0.01100	0.01296	0.05005	0.06884	0.04791	0.00882	0.15233	0.03862	0.09844	0.13917	0.07458	0.01955	0.00777	0.00559	0.00157	0.00498	0.02988	0.00477	0.20868

[dist]
# distance from previous block
# <min> <max>
8	41

[block]
# block no. 4 follows, 42 sequences, length 14
# corresponding to MSA columns:
# 324-337
name=unknown_E
#
# <colnr> <probs for GDERKNQSTAVLIFYWHMCP>
#	G	D	E	R	K	N	Q	S	T	A	V	L	I	F	Y	W	H	M	C	P
0	0.01071	0.00805	0.01051	0.01002	0.03528	0.02104	0.03250	0.05698	0.05682	0.05665	0.39588	0.07079	0.05663	0.02686	0.00736	0.00199	0.02597	0.10433	0.00553	0.00610
1	0.01913	0.01494	0.01797	0.01786	0.19148	0.01626	0.01210	0.52681	0.07579	0.03064	0.01351	0.01415	0.00996	0.00641	0.00562	0.00170	0.00618	0.00515	0.00498	0.00937
2	0.01991	0.00845	0.01102	0.00884	0.01244	0.00728	0.00717	0.02194	0.01533	0.55136	0.07391	0.02864	0.19076	0.00893	0.00595	0.00178	0.00421	0.00737	0.00652	0.00820
3	0.01214	0.01141	0.01808	0.04998	0.52366	0.01138	0.01371	0.01579	0.05651	0.01782	0.02208	0.02373	0.18504	0.00733	0.00583	0.00174	0.00569	0.00669	0.00352	0.00786
4	0.01160	0.12157	0.50453	0.19482	0.02647	0.01409	0.01820	0.01690	0.01168	0.01645	0.00979	0.01225	0.00723	0.00535	0.00520	0.00173	0.00784	0.00421	0.00241	0.00770
5	0.01766	0.01531	0.03668	0.22873	0.04646	0.08328	0.01249	0.41721	0.04272	0.02635	0.01222	0.01382	0.00894	0.00629	0.00557	0.00173	0.00692	0.00493	0.00435	0.00831
6	0.00802	0.00568	0.00720	0.00686	0.00788	0.00534	0.00487	0.01005	0.01413	0.01986	0.59067	0.04083	0.04551	0.19528	0.01175	0.00263	0.00331	0.00971	0.00555	0.00487
7	0.00993	0.00699	0.00977	0.18899	0.01596	0.00707	0.00789	0.01225	0.01325	0.09463	0.22346	0.17270	0.17401	0.01142	0.00643	0.00193	0.00421	0.02835	0.00503	0.00572
8	0.01430	0.01478	0.01738	0.45625	0.11985	0.19129	0.01433	0.07493	0.01374	0.01640	0.01005	0.01363	0.00778	0.00568	0.00549	0.00174	0.00791	0.00469	0.00288	0.00690
9	0.01355	0.01313	0.02154	0.02995	0.59226	0.01427	0.01612	0.01640	0.01184	0.01726	0.00984	0.01355	0.00856	0.00614	0.00857	0.00186	0.18919	0.00499	0.00271	0.00827
10	0.00937	0.00515	0.00773	0.00773	0.00796	0.00539	0.00539	0.00796	0.00773	0.01054	0.01101	0.01827	0.01077	0.02482	0.19815	0.64401	0.00726	0.00515	0.00258	0.00304
11	0.77715	0.01078	0.00865	0.00761	0.01116	0.01228	0.00627	0.01741	0.01010	0.08444	0.00898	0.00994	0.00672	0.00536	0.00366	0.00174	0.00439	0.00325	0.00376	0.00637
12	0.03959	0.01469	0.01548	0.01241	0.01644	0.04022	0.01020	0.55073	0.10079	0.05707	0.01576	0.01813	0.01212	0.00746	0.00574	0.00178	0.00597	0.06094	0.00551	0.00898
13	0.05401	0.45708	0.22961	0.01193	0.01754	0.06054	0.03226	0.01791	0.01197	0.04844	0.00922	0.01048	0.00747	0.00513	0.00433	0.00144	0.00683	0.00357	0.00269	0.00754

[dist]
# distance from previous block
# <min> <max>
0	100

# created by:
# /st0/software/busco_prod/Augustus/scripts/msa2prfl.pl ./align_prep/218126.fa
