[name]
unknown

[dist]
# distance from previous block
# <min> <max>
5	104

[block]
# block no. 0 follows, 45 sequences, length 13
# corresponding to MSA columns:
# 111-123
name=unknown_A
#
# <colnr> <probs for GDERKNQSTAVLIFYWHMCP>
#	G	D	E	R	K	N	Q	S	T	A	V	L	I	F	Y	W	H	M	C	P
0	0.05381	0.01335	0.10628	0.01275	0.09334	0.05838	0.03109	0.07384	0.07624	0.05221	0.02399	0.08130	0.01172	0.00614	0.00491	0.00141	0.00531	0.00513	0.00369	0.28509
1	0.01520	0.01284	0.01460	0.06544	0.16011	0.09588	0.01015	0.17816	0.13057	0.06837	0.01372	0.01660	0.01113	0.10041	0.00777	0.00198	0.00589	0.00510	0.00403	0.08205
2	0.05781	0.01213	0.01559	0.04529	0.01694	0.01252	0.09685	0.24082	0.11743	0.10566	0.01340	0.01406	0.00986	0.00586	0.00565	0.00154	0.04032	0.00479	0.00440	0.17910
3	0.08947	0.01337	0.01506	0.01174	0.01585	0.01447	0.04139	0.47428	0.10861	0.11836	0.01428	0.01402	0.01011	0.00630	0.00522	0.00163	0.00549	0.00490	0.00519	0.03026
4	0.00785	0.00625	0.00926	0.01244	0.15783	0.00600	0.00722	0.00923	0.01066	0.01445	0.02579	0.65304	0.03024	0.01447	0.00655	0.00207	0.00375	0.01322	0.00453	0.00517
5	0.00878	0.00597	0.00665	0.00636	0.00669	0.00609	0.00379	0.06602	0.00916	0.01222	0.01660	0.03341	0.01871	0.74905	0.02562	0.00493	0.00526	0.00758	0.00342	0.00371
6	0.01222	0.01019	0.01172	0.00847	0.01318	0.00827	0.00681	0.10118	0.01279	0.01941	0.00993	0.01134	0.00809	0.00427	0.00414	0.00089	0.00420	0.00337	0.00344	0.74610
7	0.00932	0.00642	0.00790	0.00774	0.00913	0.00620	0.00568	0.09757	0.01394	0.05593	0.25229	0.37523	0.10568	0.01305	0.00640	0.00191	0.00330	0.01152	0.00539	0.00538
8	0.00964	0.00649	0.00778	0.00726	0.00804	0.00656	0.02188	0.07010	0.03028	0.04695	0.01831	0.12580	0.02000	0.57415	0.02102	0.00422	0.00504	0.00829	0.00383	0.00435
9	0.08166	0.01010	0.01087	0.00847	0.01239	0.03905	0.00668	0.05249	0.05894	0.05948	0.04926	0.04814	0.01216	0.02611	0.00503	0.00126	0.00428	0.00450	0.00382	0.50532
10	0.01496	0.04465	0.01493	0.01161	0.01483	0.03526	0.11988	0.10513	0.15757	0.18320	0.08757	0.15024	0.01924	0.00839	0.00577	0.00177	0.00512	0.00746	0.00503	0.00738
11	0.01802	0.01360	0.01487	0.01171	0.01545	0.04484	0.02563	0.48858	0.06624	0.07715	0.04756	0.01642	0.04738	0.00700	0.00600	0.00164	0.04437	0.00536	0.00506	0.04313
12	0.03371	0.07866	0.01565	0.01124	0.01468	0.04630	0.08674	0.12042	0.07231	0.17867	0.01393	0.01645	0.01101	0.10057	0.00861	0.00199	0.06720	0.00507	0.00419	0.11259

[dist]
# distance from previous block
# <min> <max>
1	25

[block]
# block no. 1 follows, 45 sequences, length 27
# corresponding to MSA columns:
# 149-175
name=unknown_B
#
# <colnr> <probs for GDERKNQSTAVLIFYWHMCP>
#	G	D	E	R	K	N	Q	S	T	A	V	L	I	F	Y	W	H	M	C	P
0	0.07359	0.06432	0.01511	0.01153	0.02894	0.06539	0.03109	0.29485	0.13059	0.14454	0.04646	0.01518	0.01203	0.00634	0.00511	0.00159	0.00546	0.00495	0.00489	0.03804
1	0.14250	0.03612	0.06571	0.01117	0.01475	0.08063	0.02314	0.16757	0.09186	0.18103	0.01348	0.01378	0.00976	0.00639	0.00618	0.00169	0.08772	0.00457	0.03429	0.00765
2	0.04113	0.06141	0.06012	0.01007	0.02444	0.02101	0.02414	0.04561	0.11075	0.22705	0.20405	0.02183	0.03044	0.00743	0.00576	0.00162	0.03081	0.00609	0.00503	0.06120
3	0.06785	0.01030	0.01177	0.03470	0.01387	0.00903	0.00720	0.12607	0.01334	0.04453	0.03013	0.01232	0.00924	0.00472	0.00429	0.00106	0.00436	0.00370	0.00367	0.58784
4	0.02897	0.01558	0.09487	0.02080	0.10063	0.04601	0.47309	0.05422	0.01298	0.01791	0.01043	0.01343	0.00797	0.00484	0.00611	0.00171	0.02837	0.00549	0.00283	0.05376
5	0.00933	0.00472	0.00697	0.00700	0.00708	0.00472	0.00474	0.00731	0.00730	0.00990	0.01016	0.01770	0.01009	0.01810	0.01998	0.78987	0.00459	0.02544	0.03252	0.00250
6	0.00654	0.00467	0.00623	0.00747	0.00779	0.00436	0.00498	0.00747	0.01028	0.01370	0.02959	0.80785	0.03550	0.01682	0.00685	0.00218	0.00311	0.01526	0.00498	0.00436
7	0.01529	0.01129	0.01365	0.16571	0.01829	0.01244	0.03029	0.38253	0.01810	0.02543	0.01318	0.01489	0.00980	0.00604	0.00495	0.00153	0.00534	0.00484	0.20898	0.03742
8	0.02007	0.02514	0.01525	0.01377	0.01660	0.75716	0.01036	0.05261	0.01564	0.01401	0.00849	0.00982	0.00701	0.00557	0.00486	0.00139	0.00952	0.00352	0.00288	0.00635
9	0.01575	0.01167	0.01307	0.03347	0.01487	0.01190	0.00843	0.29535	0.15979	0.08740	0.01691	0.01672	0.05901	0.00639	0.00508	0.00146	0.00481	0.00509	0.00480	0.22801
10	0.02041	0.01504	0.01611	0.01235	0.01665	0.01665	0.01020	0.75997	0.02524	0.03383	0.01289	0.01289	0.00913	0.00644	0.00537	0.00161	0.00591	0.00483	0.00537	0.00913
11	0.00781	0.00520	0.00585	0.00585	0.00585	0.00520	0.00325	0.00781	0.00781	0.01041	0.01691	0.03513	0.01952	0.81135	0.02732	0.00520	0.00520	0.00781	0.00325	0.00325
12	0.01625	0.01346	0.01351	0.01149	0.01491	0.06992	0.00910	0.23832	0.47348	0.05215	0.01827	0.01717	0.01351	0.00689	0.00539	0.00172	0.00513	0.00550	0.00528	0.00854
13	0.01319	0.00982	0.04886	0.00919	0.01176	0.00955	0.00729	0.04572	0.30637	0.14512	0.07251	0.02543	0.04574	0.21261	0.01110	0.00263	0.00461	0.00669	0.00494	0.00688
14	0.03156	0.58512	0.02435	0.01018	0.01443	0.11524	0.02824	0.01809	0.05367	0.06226	0.00932	0.01014	0.00783	0.00499	0.00392	0.00127	0.00613	0.00337	0.00284	0.00703
15	0.01001	0.05065	0.00852	0.00731	0.00894	0.00613	0.00540	0.01141	0.01185	0.12996	0.13193	0.31263	0.14871	0.09149	0.00821	0.00217	0.00357	0.01052	0.00498	0.03559
16	0.01872	0.01301	0.01439	0.01128	0.01517	0.01389	0.00918	0.56115	0.02180	0.10416	0.01525	0.09722	0.01225	0.00740	0.00544	0.00162	0.00536	0.00588	0.00532	0.06150
17	0.01265	0.00877	0.01078	0.01003	0.05359	0.00875	0.00731	0.18536	0.04494	0.09383	0.32107	0.11527	0.04454	0.00941	0.00587	0.00168	0.00392	0.00811	0.00540	0.04872
18	0.00779	0.00685	0.00694	0.00676	0.00857	0.04831	0.00497	0.00926	0.01205	0.01513	0.09701	0.21817	0.41901	0.01260	0.00611	0.00175	0.00332	0.01075	0.00473	0.09993
19	0.01755	0.10762	0.01596	0.03408	0.01616	0.48815	0.00965	0.06626	0.03217	0.01534	0.00905	0.01038	0.00745	0.00527	0.00461	0.00130	0.00787	0.00353	0.00300	0.14460
20	0.05425	0.29536	0.09142	0.00966	0.01359	0.05106	0.00906	0.06357	0.01296	0.14754	0.04264	0.05711	0.10072	0.00715	0.00501	0.00153	0.02113	0.00544	0.00388	0.00695
21	0.02942	0.02559	0.01235	0.02836	0.01370	0.04845	0.00777	0.12415	0.04233	0.34631	0.05588	0.01881	0.03876	0.05110	0.00638	0.00171	0.00486	0.00536	0.00520	0.13350
22	0.07614	0.00865	0.01027	0.00850	0.01140	0.00839	0.00676	0.12939	0.03172	0.24003	0.27326	0.03812	0.06337	0.02196	0.00593	0.00170	0.00392	0.00698	0.00560	0.04792
23	0.05852	0.01167	0.01296	0.01044	0.01417	0.01224	0.00845	0.31706	0.15615	0.16325	0.01758	0.05642	0.03213	0.00716	0.00529	0.00163	0.00485	0.01702	0.00527	0.08772
24	0.01906	0.03144	0.01394	0.01149	0.04192	0.05370	0.00888	0.24620	0.16095	0.27529	0.01711	0.01718	0.01235	0.05748	0.00671	0.00187	0.00532	0.00532	0.00536	0.00841
25	0.03663	0.05020	0.01447	0.07802	0.01597	0.05776	0.05790	0.17171	0.02852	0.13210	0.06251	0.08218	0.01453	0.04245	0.03533	0.00207	0.05026	0.00603	0.00430	0.05706
26	0.06658	0.01011	0.01201	0.01067	0.05083	0.03782	0.01862	0.13791	0.01322	0.10615	0.01404	0.04281	0.02432	0.06836	0.15602	0.00308	0.04046	0.00524	0.00390	0.17784

[dist]
# distance from previous block
# <min> <max>
10	28

[block]
# block no. 2 follows, 45 sequences, length 16
# corresponding to MSA columns:
# 204-219
name=unknown_C
#
# <colnr> <probs for GDERKNQSTAVLIFYWHMCP>
#	G	D	E	R	K	N	Q	S	T	A	V	L	I	F	Y	W	H	M	C	P
0	0.01444	0.01196	0.08457	0.05431	0.10767	0.01065	0.04812	0.13689	0.03337	0.14818	0.10397	0.06106	0.01573	0.00726	0.00629	0.01765	0.03998	0.00593	0.00433	0.08764
1	0.06640	0.01335	0.04300	0.13088	0.20765	0.09394	0.01154	0.10152	0.01356	0.07140	0.01061	0.01253	0.00819	0.00511	0.00486	0.00144	0.00606	0.00419	0.00336	0.19043
2	0.01316	0.01537	0.20730	0.08548	0.06868	0.03156	0.18090	0.04405	0.01264	0.11594	0.01379	0.10450	0.01153	0.00650	0.00558	0.00170	0.00673	0.00607	0.00347	0.06505
3	0.08944	0.01045	0.01392	0.12324	0.09331	0.01046	0.03572	0.07981	0.02805	0.06864	0.01147	0.04126	0.00941	0.00654	0.02627	0.00162	0.04933	0.00458	0.00349	0.29297
4	0.01507	0.01187	0.05606	0.09257	0.08145	0.03919	0.00984	0.11621	0.04533	0.16478	0.01326	0.01565	0.01030	0.07473	0.00742	0.00180	0.03864	0.00476	0.00401	0.19707
5	0.01411	0.05625	0.01632	0.15137	0.09889	0.03956	0.05248	0.24439	0.04304	0.02168	0.07907	0.04502	0.01338	0.00747	0.02874	0.00180	0.00612	0.00550	0.00395	0.07086
6	0.00908	0.00604	0.00896	0.00871	0.00994	0.00681	0.00681	0.01101	0.00920	0.07841	0.01496	0.02085	0.01341	0.03738	0.72280	0.00803	0.01354	0.00572	0.00320	0.00517
7	0.03725	0.24680	0.41666	0.01287	0.01890	0.06147	0.04024	0.01653	0.01164	0.01601	0.05116	0.01208	0.00929	0.00526	0.00465	0.00151	0.00697	0.00398	0.00257	0.02416
8	0.00696	0.00518	0.00683	0.03721	0.00910	0.00489	0.00542	0.00811	0.01041	0.01384	0.02916	0.62849	0.08792	0.04191	0.02437	0.00233	0.00363	0.03334	0.00471	0.03617
9	0.07914	0.00548	0.00664	0.00708	0.00806	0.00526	0.00503	0.00908	0.01193	0.01724	0.27704	0.44047	0.08060	0.01367	0.00635	0.00195	0.00299	0.01213	0.00515	0.00473
10	0.01248	0.09742	0.36609	0.01242	0.01824	0.01210	0.03199	0.01763	0.07633	0.07253	0.01121	0.01237	0.00840	0.00527	0.00530	0.00148	0.03954	0.00406	0.00308	0.19209
11	0.01601	0.01816	0.26167	0.01282	0.01794	0.01418	0.01283	0.44747	0.01944	0.02670	0.04058	0.04364	0.01101	0.00738	0.02403	0.00183	0.00653	0.00515	0.00432	0.00831
12	0.01583	0.09161	0.20851	0.01220	0.01738	0.01473	0.01196	0.36238	0.08262	0.02493	0.01198	0.01253	0.00883	0.00574	0.00498	0.00152	0.00605	0.00436	0.00408	0.09776
13	0.09856	0.04193	0.23806	0.01123	0.01649	0.01154	0.01138	0.13753	0.03950	0.20058	0.01298	0.01313	0.00910	0.00556	0.00483	0.00152	0.00566	0.00426	0.00414	0.13203
14	0.05962	0.05620	0.11926	0.01214	0.01678	0.04471	0.01100	0.48985	0.06195	0.02801	0.01211	0.01247	0.00881	0.00602	0.00507	0.00158	0.00606	0.00448	0.00452	0.03937
15	0.04490	0.13727	0.19612	0.01126	0.01583	0.05594	0.01102	0.19481	0.01462	0.05705	0.01204	0.06734	0.01009	0.00788	0.03428	0.02882	0.00633	0.00481	0.00360	0.08600

[dist]
# distance from previous block
# <min> <max>
27	70

[block]
# block no. 3 follows, 45 sequences, length 33
# corresponding to MSA columns:
# 296-328
name=unknown_D
#
# <colnr> <probs for GDERKNQSTAVLIFYWHMCP>
#	G	D	E	R	K	N	Q	S	T	A	V	L	I	F	Y	W	H	M	C	P
0	0.01686	0.04033	0.05706	0.01086	0.04028	0.02750	0.00890	0.21420	0.04142	0.23345	0.17054	0.01974	0.01863	0.00705	0.00538	0.00157	0.00486	0.00575	0.00524	0.07038
1	0.01341	0.01366	0.04748	0.03177	0.72903	0.03641	0.01640	0.01664	0.01228	0.01738	0.01003	0.01311	0.00840	0.00482	0.00529	0.00159	0.00653	0.00471	0.00265	0.00841
2	0.01405	0.63913	0.15522	0.01047	0.01553	0.06101	0.01105	0.01652	0.01121	0.01340	0.00787	0.00913	0.00687	0.00473	0.00380	0.00125	0.00632	0.00309	0.00232	0.00703
3	0.00767	0.00575	0.00863	0.00863	0.00959	0.00671	0.00671	0.00959	0.00863	0.01246	0.01438	0.02109	0.01342	0.04026	0.79008	0.00863	0.01438	0.00575	0.00288	0.00479
4	0.00768	0.00571	0.00840	0.00840	0.00928	0.00659	0.00643	0.00944	0.00856	0.01229	0.01458	0.02223	0.01391	0.10290	0.72811	0.00835	0.01363	0.00592	0.00291	0.00467
5	0.00758	0.00515	0.00606	0.00622	0.00641	0.00505	0.00373	0.00801	0.00902	0.01216	0.10176	0.16269	0.02554	0.59337	0.02167	0.00432	0.00457	0.00924	0.00383	0.00363
6	0.01435	0.81458	0.02813	0.00918	0.01378	0.02124	0.00918	0.01607	0.01091	0.01263	0.00746	0.00861	0.00689	0.00459	0.00344	0.00115	0.00574	0.00287	0.00230	0.00689
7	0.04262	0.01264	0.01392	0.01111	0.01488	0.01371	0.00903	0.43948	0.15610	0.14333	0.05975	0.03067	0.01383	0.00703	0.00541	0.00167	0.00511	0.00555	0.00554	0.00860
8	0.01164	0.01153	0.01667	0.42961	0.13066	0.06633	0.01380	0.01440	0.01063	0.01413	0.00908	0.01334	0.00743	0.00631	0.00832	0.00186	0.20346	0.00467	0.01983	0.00629
9	0.71686	0.01025	0.00840	0.00720	0.01075	0.01127	0.00590	0.01542	0.00945	0.02304	0.00780	0.00910	0.00615	0.00482	0.00343	0.00152	0.00412	0.00295	0.00330	0.13825
10	0.01435	0.81458	0.02813	0.00918	0.01378	0.02124	0.00918	0.01607	0.01091	0.01263	0.00746	0.00861	0.00689	0.00459	0.00344	0.00115	0.00574	0.00287	0.00230	0.00689
11	0.04274	0.01018	0.01601	0.43786	0.02722	0.01145	0.07332	0.01468	0.01091	0.05963	0.00999	0.01352	0.00767	0.00553	0.00639	0.00166	0.08835	0.00458	0.00283	0.15548
12	0.01435	0.81458	0.02813	0.00918	0.01378	0.02124	0.00918	0.01607	0.01091	0.01263	0.00746	0.00861	0.00689	0.00459	0.00344	0.00115	0.00574	0.00287	0.00230	0.00689
13	0.02005	0.02558	0.01521	0.01383	0.01659	0.78980	0.01037	0.02143	0.01521	0.01314	0.00830	0.00968	0.00691	0.00553	0.00484	0.00138	0.00968	0.00346	0.00277	0.00622
14	0.00654	0.00467	0.00623	0.00747	0.00779	0.00436	0.00498	0.00747	0.01028	0.01370	0.02959	0.80785	0.03550	0.01682	0.00685	0.00218	0.00311	0.01526	0.00498	0.00436
15	0.02161	0.00859	0.01166	0.00913	0.01285	0.00746	0.00746	0.02375	0.01534	0.66735	0.13448	0.02155	0.01890	0.00729	0.00554	0.00167	0.00426	0.00605	0.00653	0.00852
16	0.00777	0.00534	0.00653	0.00653	0.00676	0.00557	0.00409	0.00824	0.00801	0.01091	0.01630	0.03171	0.01803	0.62369	0.21296	0.00604	0.00744	0.00731	0.00316	0.00363
17	0.81913	0.01034	0.00806	0.00715	0.01050	0.01189	0.00589	0.01616	0.00936	0.05175	0.00797	0.00907	0.00609	0.00504	0.00340	0.00166	0.00417	0.00300	0.00344	0.00593
18	0.03833	0.01157	0.01235	0.03136	0.01378	0.01273	0.00819	0.45456	0.06363	0.02824	0.01456	0.01536	0.01079	0.00637	0.00484	0.00152	0.00478	0.00490	0.25444	0.00769
19	0.00646	0.00497	0.00592	0.00669	0.00758	0.00443	0.00463	0.00756	0.01103	0.01401	0.03917	0.51561	0.32156	0.01557	0.00666	0.00204	0.00296	0.01374	0.00498	0.00443
20	0.00767	0.00575	0.00863	0.00863	0.00959	0.00671	0.00671	0.00959	0.00863	0.01246	0.01438	0.02109	0.01342	0.04026	0.79008	0.00863	0.01438	0.00575	0.00288	0.00479
21	0.01025	0.00965	0.01630	0.77198	0.06259	0.01195	0.01496	0.01381	0.01078	0.01385	0.00956	0.01428	0.00720	0.00535	0.00536	0.00178	0.00713	0.00477	0.00239	0.00605
22	0.00879	0.00634	0.00875	0.00992	0.01120	0.00639	0.00865	0.01163	0.03453	0.01625	0.02823	0.05936	0.03047	0.01461	0.00736	0.00245	0.00492	0.72016	0.00496	0.00505
23	0.01498	0.72804	0.02671	0.00969	0.01409	0.10554	0.00932	0.01666	0.01138	0.01268	0.00755	0.00873	0.00689	0.00470	0.00360	0.00117	0.00617	0.00293	0.00235	0.00682
24	0.00721	0.00547	0.00664	0.00635	0.00778	0.00490	0.00476	0.00939	0.01429	0.01938	0.55484	0.04363	0.27218	0.01177	0.00634	0.00173	0.00259	0.01020	0.00563	0.00490
25	0.04117	0.00927	0.01200	0.00907	0.01336	0.00780	0.00744	0.02261	0.01411	0.56357	0.01780	0.01617	0.01171	0.00591	0.00498	0.00144	0.00440	0.00476	0.00566	0.22678
26	0.01021	0.00969	0.01656	0.77537	0.03671	0.01198	0.03702	0.01382	0.01079	0.01382	0.00958	0.01432	0.00719	0.00534	0.00540	0.00179	0.00721	0.00482	0.00240	0.00600
27	0.00779	0.00593	0.00886	0.00879	0.00972	0.00700	0.00686	0.00969	0.00861	0.01247	0.01416	0.02080	0.01323	0.03932	0.76668	0.00844	0.03822	0.00572	0.00286	0.00483
28	0.01269	0.04190	0.02072	0.13617	0.62031	0.01268	0.01558	0.01585	0.01208	0.01697	0.03719	0.01421	0.00976	0.00508	0.00529	0.00161	0.00632	0.00489	0.00272	0.00797
29	0.01004	0.00760	0.00942	0.05020	0.01188	0.00720	0.00663	0.09041	0.03409	0.03792	0.02137	0.39553	0.03894	0.01221	0.03498	0.00197	0.00432	0.00966	0.00442	0.21124
30	0.02454	0.09849	0.01859	0.01399	0.03890	0.01261	0.19487	0.03270	0.01035	0.01455	0.01166	0.05404	0.01106	0.08120	0.16695	0.00352	0.19729	0.00586	0.00285	0.00598
31	0.01800	0.09234	0.01690	0.03615	0.03669	0.39451	0.03695	0.12110	0.05690	0.06266	0.01059	0.01185	0.00835	0.00659	0.02160	0.00167	0.05256	0.00414	0.00342	0.00702
32	0.03089	0.01024	0.03172	0.07343	0.01470	0.01032	0.00861	0.20743	0.05085	0.04686	0.06207	0.11837	0.01725	0.03910	0.02433	0.00199	0.03849	0.07205	0.00440	0.13691

[dist]
# distance from previous block
# <min> <max>
26	35

[block]
# block no. 4 follows, 45 sequences, length 29
# corresponding to MSA columns:
# 364-392
name=unknown_E
#
# <colnr> <probs for GDERKNQSTAVLIFYWHMCP>
#	G	D	E	R	K	N	Q	S	T	A	V	L	I	F	Y	W	H	M	C	P
0	0.01266	0.01252	0.01916	0.27555	0.46775	0.07005	0.01527	0.01582	0.01203	0.01608	0.02651	0.01393	0.00888	0.00516	0.00532	0.00164	0.00679	0.00479	0.00265	0.00745
1	0.04304	0.01315	0.01500	0.01289	0.07193	0.01412	0.00980	0.49550	0.06268	0.13747	0.03703	0.01584	0.03317	0.00669	0.00537	0.00164	0.00542	0.00525	0.00530	0.00871
2	0.42377	0.09225	0.06148	0.00894	0.01283	0.04848	0.00793	0.05890	0.01215	0.18728	0.03353	0.01215	0.00916	0.00559	0.00417	0.00160	0.00495	0.00384	0.00404	0.00696
3	0.70369	0.01079	0.00851	0.00769	0.01080	0.04722	0.00623	0.01627	0.05042	0.02263	0.00880	0.01029	0.00700	0.00775	0.06195	0.00217	0.00517	0.00331	0.00338	0.00590
4	0.01014	0.00954	0.01610	0.79845	0.03697	0.01193	0.01491	0.01371	0.01073	0.01371	0.00954	0.01431	0.00716	0.00537	0.00537	0.00179	0.00716	0.00477	0.00239	0.00596
5	0.00767	0.00575	0.00863	0.00863	0.00959	0.00671	0.00671	0.00959	0.00863	0.01246	0.01438	0.02109	0.01342	0.04026	0.79008	0.00863	0.01438	0.00575	0.00288	0.00479
6	0.00882	0.00498	0.00742	0.00742	0.00769	0.00525	0.00520	0.00774	0.00747	0.01023	0.01096	0.01819	0.01076	0.04722	0.23684	0.58580	0.00740	0.00506	0.00251	0.00305
7	0.01874	0.01373	0.01494	0.01170	0.01555	0.01521	0.00961	0.65681	0.02305	0.03118	0.01321	0.01398	0.00973	0.00981	0.08357	0.00230	0.00662	0.00493	0.03679	0.00854
8	0.16442	0.00954	0.01137	0.00901	0.01281	0.00907	0.00737	0.06566	0.04309	0.46681	0.07512	0.01754	0.01435	0.00652	0.00501	0.00161	0.00437	0.00514	0.00565	0.06555
9	0.01345	0.01418	0.07691	0.07332	0.57645	0.05176	0.01565	0.01757	0.06243	0.03064	0.01091	0.01355	0.00882	0.00508	0.00529	0.00162	0.00653	0.00475	0.00287	0.00821
10	0.01180	0.01049	0.01137	0.01045	0.01167	0.13947	0.00815	0.01333	0.01008	0.06963	0.01258	0.01822	0.01153	0.08858	0.38147	0.00534	0.17203	0.00530	0.00306	0.00545
11	0.01817	0.00964	0.01172	0.00997	0.01320	0.03184	0.00821	0.09928	0.09357	0.39381	0.05658	0.02801	0.03463	0.00868	0.00586	0.00183	0.00477	0.15653	0.00586	0.00784
12	0.01887	0.00855	0.01120	0.00918	0.01250	0.00787	0.00745	0.02254	0.10073	0.50811	0.16718	0.02492	0.02178	0.00798	0.00569	0.00173	0.00416	0.04522	0.00628	0.00806
13	0.00745	0.00552	0.00714	0.00818	0.03031	0.00524	0.00560	0.03114	0.01149	0.01521	0.09133	0.51310	0.12298	0.04883	0.00757	0.00221	0.00344	0.07361	0.00493	0.00470
14	0.01083	0.02733	0.75863	0.01554	0.02339	0.01250	0.04430	0.01701	0.01138	0.01701	0.00967	0.01144	0.00684	0.00508	0.00514	0.00170	0.00797	0.00405	0.00228	0.00791
15	0.01079	0.01013	0.01619	0.51321	0.07592	0.01242	0.03816	0.01480	0.06679	0.01476	0.01088	0.03472	0.00883	0.00634	0.00717	0.00186	0.12177	0.00518	0.02378	0.00627
16	0.01495	0.01714	0.01631	0.07247	0.01714	0.32298	0.03020	0.01647	0.01129	0.01317	0.00782	0.01118	0.00703	0.00744	0.01135	0.00191	0.40832	0.00425	0.00253	0.00605
17	0.01299	0.01273	0.02038	0.18060	0.59846	0.04897	0.01588	0.01617	0.01207	0.01659	0.00990	0.01332	0.00817	0.00493	0.00530	0.00162	0.00668	0.00472	0.00261	0.00790
18	0.21262	0.10819	0.01505	0.01172	0.03029	0.37470	0.00915	0.10614	0.01443	0.05875	0.00927	0.01024	0.00728	0.00545	0.00443	0.00147	0.00717	0.00355	0.00335	0.00674
19	0.00766	0.00528	0.00632	0.00673	0.00699	0.00520	0.00419	0.03051	0.00937	0.01249	0.02208	0.35695	0.02587	0.45531	0.01811	0.00383	0.00435	0.01083	0.00404	0.00389
20	0.01297	0.01243	0.02121	0.11076	0.70256	0.01267	0.01631	0.01619	0.01207	0.01715	0.01004	0.01339	0.00837	0.00484	0.00532	0.00161	0.00646	0.00478	0.00263	0.00824
21	0.01114	0.01105	0.01616	0.52209	0.02904	0.05438	0.01372	0.01388	0.01022	0.01345	0.00873	0.01330	0.00711	0.00658	0.00901	0.00194	0.24518	0.00468	0.00239	0.00595
22	0.00769	0.00571	0.00688	0.00716	0.00833	0.00538	0.00517	0.02337	0.05218	0.02822	0.18860	0.35212	0.21861	0.03476	0.00705	0.00204	0.00314	0.03351	0.00519	0.00492
23	0.01127	0.01076	0.01828	0.50640	0.27854	0.01238	0.03005	0.01466	0.01118	0.01501	0.00967	0.01389	0.00761	0.00529	0.00578	0.00174	0.03339	0.00480	0.00248	0.00682
24	0.00684	0.00529	0.00631	0.02941	0.00828	0.00483	0.00477	0.00817	0.01158	0.01489	0.14915	0.29931	0.32907	0.08704	0.00840	0.00223	0.00318	0.01188	0.00489	0.00448
25	0.02386	0.00741	0.00914	0.00864	0.00999	0.00790	0.00653	0.10794	0.03556	0.04041	0.19422	0.29030	0.06277	0.04784	0.03107	0.00228	0.07901	0.02467	0.00489	0.00555
26	0.04297	0.01167	0.04436	0.01348	0.12824	0.05101	0.00966	0.08692	0.04899	0.39449	0.05032	0.02884	0.01346	0.01980	0.00567	0.00168	0.00522	0.00537	0.00519	0.03265
27	0.07335	0.01054	0.02706	0.06529	0.09998	0.00988	0.00883	0.11877	0.03286	0.03513	0.01299	0.11320	0.01176	0.00647	0.00506	0.00139	0.01845	0.00538	0.00371	0.33990
28	0.03490	0.12728	0.10324	0.15090	0.20528	0.03059	0.02914	0.06683	0.04153	0.07318	0.01222	0.06728	0.01026	0.00614	0.00530	0.00164	0.01842	0.00519	0.00327	0.00739

[dist]
# distance from previous block
# <min> <max>
2	10

[block]
# block no. 5 follows, 45 sequences, length 11
# corresponding to MSA columns:
# 403-413
name=unknown_F
#
# <colnr> <probs for GDERKNQSTAVLIFYWHMCP>
#	G	D	E	R	K	N	Q	S	T	A	V	L	I	F	Y	W	H	M	C	P
0	0.03594	0.04805	0.00965	0.00820	0.01019	0.02668	0.02717	0.06589	0.03634	0.02897	0.12955	0.19651	0.15171	0.01186	0.03065	0.00198	0.00419	0.06207	0.07489	0.03950
1	0.06593	0.04793	0.01307	0.00949	0.01314	0.00894	0.07686	0.06204	0.01215	0.10253	0.03510	0.06749	0.01269	0.08833	0.00736	0.01895	0.00478	0.00528	0.00381	0.34413
2	0.17115	0.28528	0.22812	0.01058	0.01573	0.01458	0.01123	0.01839	0.03557	0.14779	0.01086	0.01139	0.00806	0.00524	0.00427	0.00150	0.00580	0.00371	0.00332	0.00741
3	0.01451	0.55593	0.11186	0.03232	0.01566	0.05703	0.01064	0.01721	0.03588	0.05669	0.00903	0.01019	0.00756	0.00513	0.00456	0.00134	0.04129	0.00340	0.00267	0.00708
4	0.00779	0.00527	0.00621	0.00621	0.00633	0.00540	0.00370	0.00803	0.00791	0.01067	0.01659	0.03332	0.01873	0.71223	0.12537	0.00564	0.00638	0.00754	0.00320	0.00345
5	0.00657	0.00541	0.00578	0.00576	0.00741	0.00462	0.00429	0.00811	0.01266	0.01569	0.17861	0.08586	0.61406	0.01329	0.00637	0.00181	0.00271	0.01123	0.00515	0.00462
6	0.01228	0.00982	0.01144	0.00837	0.01292	0.00789	0.00670	0.07637	0.01246	0.04972	0.01097	0.03845	0.00920	0.00472	0.00425	0.00095	0.00413	0.00382	0.00357	0.71199
7	0.00687	0.00486	0.00636	0.00737	0.00774	0.00460	0.00497	0.00785	0.01032	0.01380	0.06486	0.62951	0.03396	0.11751	0.00946	0.00256	0.00345	0.05483	0.00481	0.00429
8	0.07751	0.08519	0.13532	0.01063	0.01448	0.05558	0.00976	0.20236	0.03980	0.05926	0.03904	0.14346	0.03514	0.00799	0.00524	0.00166	0.00542	0.02010	0.00420	0.04787
9	0.04006	0.32602	0.24366	0.01114	0.01625	0.01546	0.01182	0.04669	0.11777	0.06357	0.03293	0.01364	0.02827	0.00571	0.00455	0.00150	0.00590	0.00425	0.00331	0.00750
10	0.05734	0.05565	0.21060	0.01251	0.04123	0.04144	0.05659	0.13581	0.06199	0.07307	0.03672	0.05282	0.07372	0.00681	0.00523	0.00162	0.00587	0.00560	0.00389	0.06147

[dist]
# distance from previous block
# <min> <max>
3	19

[block]
# block no. 6 follows, 45 sequences, length 151
# corresponding to MSA columns:
# 433-583
name=unknown_G
#
# <colnr> <probs for GDERKNQSTAVLIFYWHMCP>
#	G	D	E	R	K	N	Q	S	T	A	V	L	I	F	Y	W	H	M	C	P
0	0.05773	0.03555	0.03781	0.01320	0.01728	0.01316	0.16763	0.30089	0.04596	0.12872	0.08284	0.01680	0.01344	0.02366	0.00618	0.00176	0.01921	0.00561	0.00467	0.00790
1	0.03652	0.03712	0.27323	0.01080	0.02654	0.02549	0.01094	0.02775	0.03878	0.03207	0.20671	0.11206	0.06812	0.00897	0.00569	0.00176	0.00512	0.04574	0.00409	0.02250
2	0.00841	0.00836	0.09268	0.00816	0.01012	0.02025	0.00696	0.02306	0.01293	0.03896	0.28094	0.26238	0.14619	0.01231	0.00633	0.00188	0.00369	0.04609	0.00501	0.00529
3	0.17223	0.02377	0.61158	0.01346	0.02032	0.01217	0.01670	0.01657	0.01102	0.01850	0.03141	0.01166	0.00788	0.00525	0.00479	0.00169	0.00705	0.00393	0.00258	0.00744
4	0.01187	0.02599	0.70843	0.01476	0.02231	0.01212	0.01868	0.01793	0.02524	0.07784	0.01077	0.01204	0.00749	0.00526	0.00513	0.00170	0.00760	0.00412	0.00267	0.00804
5	0.02041	0.01504	0.01611	0.01235	0.01665	0.01665	0.01020	0.75997	0.02524	0.03383	0.01289	0.01289	0.00913	0.00644	0.00537	0.00161	0.00591	0.00483	0.00537	0.00913
6	0.00919	0.00466	0.00696	0.00702	0.00703	0.00465	0.00468	0.00702	0.00715	0.00953	0.01028	0.05361	0.01056	0.01856	0.02031	0.80417	0.00459	0.00516	0.00246	0.00243
7	0.01207	0.08888	0.64000	0.01466	0.02176	0.09878	0.01796	0.01742	0.01173	0.01623	0.00932	0.01094	0.00682	0.00511	0.00494	0.00162	0.00795	0.00382	0.00232	0.00766
8	0.01435	0.81458	0.02813	0.00918	0.01378	0.02124	0.00918	0.01607	0.01091	0.01263	0.00746	0.00861	0.00689	0.00459	0.00344	0.00115	0.00574	0.00287	0.00230	0.00689
9	0.01050	0.03803	0.62881	0.01477	0.03812	0.01181	0.03399	0.01596	0.01119	0.01657	0.03217	0.01330	0.00886	0.00911	0.09161	0.00245	0.00844	0.00438	0.00246	0.00748
10	0.00717	0.00538	0.00666	0.00671	0.00796	0.00488	0.00500	0.00914	0.01349	0.01816	0.42795	0.16694	0.23369	0.01280	0.00648	0.00184	0.00281	0.05268	0.00547	0.00481
11	0.00661	0.00492	0.00605	0.00687	0.00753	0.00451	0.00466	0.00759	0.01054	0.01362	0.03443	0.54895	0.21556	0.07822	0.02146	0.00243	0.00337	0.01356	0.00481	0.00432
12	0.01166	0.02615	0.01709	0.61323	0.05407	0.10695	0.04822	0.01491	0.01135	0.01387	0.00937	0.01356	0.00720	0.00541	0.00560	0.00174	0.02636	0.00465	0.00245	0.00614
13	0.01218	0.01162	0.01978	0.30289	0.51660	0.01246	0.01592	0.01550	0.01170	0.01619	0.00990	0.01365	0.00803	0.00499	0.00533	0.00166	0.00665	0.00478	0.00256	0.00761
14	0.01335	0.01153	0.01214	0.01092	0.01396	0.01335	0.00850	0.02852	0.76817	0.02245	0.02185	0.02003	0.01639	0.00728	0.00546	0.00182	0.00425	0.00607	0.00546	0.00850
15	0.01093	0.01035	0.01754	0.60462	0.22457	0.01214	0.01530	0.01441	0.01111	0.01468	0.00968	0.01405	0.00750	0.00522	0.00535	0.00174	0.00696	0.00477	0.00245	0.00661
16	0.01105	0.08937	0.72440	0.01482	0.02249	0.01315	0.01900	0.01693	0.01130	0.01666	0.00946	0.01112	0.00681	0.00506	0.00497	0.00166	0.00776	0.00388	0.00227	0.00785
17	0.00773	0.00517	0.00588	0.00595	0.00596	0.00516	0.00335	0.00779	0.00795	0.01059	0.01763	0.07889	0.02042	0.76635	0.02616	0.00503	0.00509	0.00823	0.00335	0.00332
18	0.02005	0.02558	0.01521	0.01383	0.01659	0.78980	0.01037	0.02143	0.01521	0.01314	0.00830	0.00968	0.00691	0.00553	0.00484	0.00138	0.00968	0.00346	0.00277	0.00622
19	0.01314	0.01208	0.01931	0.08151	0.54921	0.01231	0.02925	0.09731	0.01356	0.01875	0.01485	0.01721	0.08586	0.00589	0.00545	0.00164	0.00606	0.00548	0.00317	0.00797
20	0.00820	0.00625	0.00911	0.02692	0.03368	0.00617	0.03474	0.01048	0.02851	0.01548	0.05107	0.34983	0.03102	0.01445	0.00697	0.00225	0.00437	0.35069	0.00480	0.00501
21	0.01539	0.01255	0.01329	0.01134	0.01474	0.01431	0.00899	0.24025	0.55311	0.02575	0.01925	0.01796	0.01429	0.00704	0.00544	0.00176	0.00473	0.00571	0.00544	0.00868
22	0.01014	0.00954	0.01610	0.79845	0.03697	0.01193	0.01491	0.01371	0.01073	0.01371	0.00954	0.01431	0.00716	0.00537	0.00537	0.00179	0.00716	0.00477	0.00239	0.00596
23	0.01121	0.12589	0.68933	0.01454	0.02205	0.01356	0.01850	0.01688	0.01128	0.01645	0.00936	0.01099	0.00681	0.00504	0.00489	0.00163	0.00766	0.00383	0.00227	0.00780
24	0.01071	0.00949	0.01358	0.28393	0.02017	0.02825	0.02099	0.01272	0.00962	0.02743	0.01090	0.01749	0.00996	0.13937	0.03542	0.00267	0.26753	0.00529	0.06900	0.00546
25	0.01113	0.00954	0.01113	0.00795	0.01272	0.00716	0.00636	0.01352	0.01113	0.01749	0.00954	0.01113	0.00795	0.00398	0.00398	0.00080	0.00398	0.00318	0.00318	0.84417
26	0.01190	0.10004	0.01749	0.01335	0.01409	0.02878	0.02779	0.01326	0.00876	0.01295	0.00772	0.01210	0.00751	0.01090	0.07089	0.00264	0.62692	0.00459	0.00240	0.00594
27	0.01525	0.69034	0.02609	0.00992	0.01422	0.14226	0.00937	0.01692	0.01158	0.01271	0.00759	0.00878	0.00689	0.00474	0.00366	0.00119	0.00636	0.00296	0.00237	0.00678
28	0.02801	0.04147	0.63887	0.01406	0.02112	0.01195	0.01746	0.02839	0.01201	0.07793	0.05111	0.01332	0.00966	0.00554	0.00512	0.00168	0.00723	0.00435	0.00287	0.00783
29	0.01439	0.01495	0.02137	0.05061	0.54522	0.13868	0.08545	0.03390	0.01300	0.01705	0.00992	0.01284	0.00819	0.00493	0.00534	0.00159	0.00718	0.00472	0.00273	0.00795
30	0.05660	0.00751	0.00891	0.00771	0.01006	0.00718	0.00602	0.09575	0.01516	0.17741	0.32635	0.05117	0.16751	0.03076	0.00644	0.00180	0.00353	0.00830	0.00560	0.00623
31	0.00932	0.00466	0.00699	0.00699	0.00699	0.00466	0.00466	0.00699	0.00699	0.00932	0.00932	0.01632	0.00932	0.01865	0.02098	0.84382	0.00466	0.00466	0.00233	0.00233
32	0.00669	0.00478	0.00639	0.00760	0.00799	0.00448	0.00520	0.00774	0.01050	0.01400	0.04393	0.74824	0.03552	0.01659	0.00688	0.00219	0.00321	0.05866	0.00500	0.00441
33	0.01984	0.15825	0.15548	0.01058	0.01550	0.01128	0.01033	0.03501	0.01399	0.49103	0.01646	0.01517	0.01088	0.00599	0.00499	0.00157	0.00541	0.00467	0.00504	0.00851
34	0.00781	0.00520	0.00585	0.00585	0.00585	0.00520	0.00325	0.00781	0.00781	0.01041	0.01691	0.03513	0.01952	0.81135	0.02732	0.00520	0.00520	0.00781	0.00325	0.00325
35	0.02398	0.00931	0.01256	0.00963	0.01379	0.00814	0.00796	0.04744	0.01565	0.75990	0.02094	0.01811	0.01317	0.00664	0.00540	0.00166	0.00461	0.00538	0.00661	0.00914
36	0.01246	0.16435	0.37013	0.03089	0.10555	0.04835	0.16156	0.01695	0.01178	0.01609	0.00947	0.01165	0.00728	0.00488	0.00506	0.00160	0.00765	0.00431	0.00243	0.00756
37	0.00781	0.00520	0.00585	0.00585	0.00585	0.00520	0.00325	0.00781	0.00781	0.01041	0.01691	0.03513	0.01952	0.81135	0.02732	0.00520	0.00520	0.00781	0.00325	0.00325
38	0.01267	0.01448	0.03167	0.02262	0.02805	0.01357	0.75837	0.01719	0.01267	0.01719	0.01086	0.01448	0.00814	0.00452	0.00633	0.00181	0.00905	0.00633	0.00271	0.00724
39	0.01435	0.81458	0.02813	0.00918	0.01378	0.02124	0.00918	0.01607	0.01091	0.01263	0.00746	0.00861	0.00689	0.00459	0.00344	0.00115	0.00574	0.00287	0.00230	0.00689
40	0.01251	0.01386	0.10469	0.11840	0.59103	0.01244	0.01639	0.01606	0.01202	0.01713	0.02838	0.01383	0.00917	0.00503	0.00532	0.00163	0.00655	0.00481	0.00266	0.00807
41	0.00723	0.00539	0.00672	0.00657	0.00784	0.00488	0.00486	0.00935	0.01406	0.01926	0.54925	0.12697	0.19352	0.01214	0.00639	0.00177	0.00263	0.01064	0.00562	0.00488
42	0.04138	0.00987	0.03226	0.00963	0.01356	0.00872	0.00808	0.10148	0.01613	0.58066	0.10271	0.01970	0.01661	0.00702	0.00544	0.00166	0.00456	0.00572	0.00623	0.00857
43	0.06606	0.04408	0.01620	0.02541	0.04938	0.04467	0.01035	0.50690	0.02035	0.05796	0.01172	0.01250	0.00865	0.00650	0.00651	0.00167	0.09357	0.00460	0.00459	0.00831
44	0.01065	0.00875	0.01079	0.07446	0.03261	0.03163	0.00930	0.02879	0.21970	0.01782	0.02384	0.05724	0.02350	0.01139	0.00654	0.00217	0.00508	0.41479	0.00477	0.00618
45	0.01384	0.01449	0.06351	0.02085	0.02626	0.01290	0.64236	0.01817	0.01291	0.10139	0.01194	0.01476	0.00865	0.00478	0.00618	0.00179	0.00851	0.00612	0.00313	0.00748
46	0.01235	0.01076	0.01447	0.08352	0.01715	0.00948	0.09046	0.10606	0.01300	0.01912	0.01010	0.01201	0.00804	0.00447	0.00454	0.00110	0.00507	0.00388	0.00333	0.57108
47	0.01242	0.01371	0.02864	0.10821	0.07016	0.01341	0.60192	0.01693	0.02900	0.01685	0.01083	0.01446	0.00821	0.00480	0.00640	0.00181	0.02632	0.00603	0.00273	0.00717
48	0.01313	0.01259	0.02150	0.07132	0.74073	0.01271	0.01640	0.01634	0.01215	0.01735	0.01007	0.01334	0.00844	0.00481	0.00532	0.00160	0.00642	0.00478	0.00264	0.00838
49	0.60445	0.01023	0.00938	0.00790	0.01148	0.01114	0.00651	0.04613	0.01135	0.22091	0.01123	0.01135	0.00788	0.00547	0.00394	0.00166	0.00433	0.00362	0.00426	0.00680
50	0.01992	0.00821	0.01112	0.00884	0.01227	0.00718	0.00718	0.02211	0.01532	0.58955	0.21164	0.02379	0.02273	0.00774	0.00563	0.00167	0.00405	0.00649	0.00646	0.00811
51	0.01048	0.00989	0.01673	0.71413	0.11858	0.01202	0.01508	0.01402	0.01090	0.01414	0.00960	0.01420	0.00730	0.00530	0.00536	0.00177	0.00707	0.00477	0.00242	0.00624
52	0.00727	0.00579	0.00910	0.00921	0.01011	0.00542	0.08807	0.00864	0.01060	0.01415	0.02749	0.70083	0.03237	0.01541	0.00681	0.00215	0.00382	0.03335	0.00473	0.00469
53	0.01267	0.01448	0.03167	0.02262	0.02805	0.01357	0.75837	0.01719	0.01267	0.01719	0.01086	0.01448	0.00814	0.00452	0.00633	0.00181	0.00905	0.00633	0.00271	0.00724
54	0.01380	0.01054	0.01153	0.01033	0.01329	0.01173	0.00812	0.02588	0.59036	0.10537	0.04746	0.02385	0.05408	0.00798	0.00561	0.00183	0.00419	0.04038	0.00556	0.00810
55	0.00746	0.00559	0.00701	0.00774	0.00853	0.00551	0.00538	0.01026	0.10045	0.01562	0.11152	0.60774	0.05686	0.01495	0.00661	0.00207	0.00317	0.01345	0.00514	0.00493
56	0.01077	0.02777	0.78354	0.01530	0.02323	0.01247	0.01983	0.01700	0.01133	0.01700	0.00963	0.01133	0.00680	0.00510	0.00510	0.00170	0.00793	0.00397	0.00227	0.00793
57	0.01291	0.01237	0.02112	0.12342	0.69030	0.01266	0.01629	0.01615	0.01205	0.01709	0.01003	0.01341	0.00834	0.00485	0.00532	0.00162	0.00647	0.00478	0.00262	0.00820
58	0.01329	0.01275	0.02179	0.03295	0.77787	0.01275	0.01647	0.01647	0.01222	0.01754	0.01010	0.01329	0.00850	0.00478	0.00531	0.00159	0.00638	0.00478	0.00266	0.00850
59	0.00638	0.00544	0.00549	0.00548	0.00727	0.00455	0.00411	0.00777	0.01232	0.01470	0.07511	0.05133	0.75483	0.01352	0.00634	0.00181	0.00271	0.01128	0.00501	0.00455
60	0.05433	0.01485	0.01577	0.01213	0.01639	0.01646	0.01002	0.72951	0.02458	0.03343	0.01267	0.01272	0.00899	0.00638	0.00529	0.00161	0.00584	0.00475	0.00529	0.00899
61	0.00648	0.00544	0.00563	0.00558	0.00734	0.00459	0.00419	0.00797	0.01256	0.01527	0.13376	0.05039	0.69582	0.01331	0.00634	0.00180	0.00270	0.01115	0.00509	0.00459
62	0.00654	0.00467	0.00623	0.00747	0.00779	0.00436	0.00498	0.00747	0.01028	0.01370	0.02959	0.80785	0.03550	0.01682	0.00685	0.00218	0.00311	0.01526	0.00498	0.00436
63	0.01077	0.02777	0.78354	0.01530	0.02323	0.01247	0.01983	0.01700	0.01133	0.01700	0.00963	0.01133	0.00680	0.00510	0.00510	0.00170	0.00793	0.00397	0.00227	0.00793
64	0.01320	0.01267	0.02164	0.05291	0.75854	0.01273	0.01643	0.01640	0.01218	0.01744	0.01008	0.01331	0.00847	0.00480	0.00532	0.00160	0.00640	0.00478	0.00265	0.00844
65	0.02408	0.00914	0.01246	0.00955	0.01370	0.00789	0.00789	0.02616	0.01536	0.78158	0.02118	0.01827	0.01329	0.00664	0.00540	0.00166	0.00457	0.00540	0.00664	0.00914
66	0.01099	0.00721	0.00881	0.00812	0.00995	0.00722	0.00614	0.03255	0.15573	0.11581	0.35251	0.11775	0.03368	0.07644	0.00785	0.00208	0.00355	0.03198	0.00555	0.00609
67	0.01095	0.06826	0.74466	0.01498	0.02275	0.01292	0.01928	0.01695	0.01131	0.01677	0.00952	0.01119	0.00680	0.00507	0.00501	0.00167	0.00782	0.00391	0.00227	0.00788
68	0.00717	0.00550	0.00741	0.00816	0.00849	0.00573	0.00573	0.00822	0.01032	0.01405	0.06799	0.67804	0.03320	0.01568	0.00801	0.00217	0.09103	0.01379	0.00474	0.00457
69	0.01914	0.02406	0.01535	0.01386	0.01632	0.70461	0.01052	0.02050	0.01444	0.01311	0.00816	0.00991	0.00693	0.00596	0.00625	0.00149	0.09690	0.00359	0.00272	0.00618
70	0.01135	0.00967	0.01125	0.00806	0.01281	0.00738	0.00645	0.03123	0.01147	0.01788	0.00962	0.01117	0.00798	0.00403	0.00401	0.00081	0.00402	0.00322	0.00323	0.82435
71	0.03251	0.68656	0.11333	0.00996	0.01485	0.04022	0.01035	0.01631	0.01103	0.01339	0.00773	0.00895	0.00686	0.00468	0.00367	0.00123	0.00606	0.00301	0.00233	0.00697
72	0.02003	0.04413	0.01595	0.01309	0.01653	0.45020	0.01027	0.32438	0.01920	0.02162	0.01016	0.01097	0.00782	0.00588	0.00502	0.00147	0.00802	0.00400	0.00382	0.00743
73	0.01030	0.02522	0.69792	0.01444	0.02153	0.01157	0.01820	0.01595	0.01122	0.01664	0.01183	0.09907	0.00996	0.00639	0.00529	0.00175	0.00740	0.00521	0.00257	0.00754
74	0.01201	0.22804	0.46268	0.01496	0.02161	0.01491	0.14128	0.01679	0.01145	0.01591	0.00928	0.01116	0.00705	0.00487	0.00488	0.00158	0.00756	0.00408	0.00235	0.00755
75	0.00653	0.00472	0.00618	0.00736	0.00775	0.00437	0.00493	0.00749	0.01039	0.01375	0.03101	0.76429	0.07814	0.01663	0.00682	0.00216	0.00309	0.01503	0.00498	0.00437
76	0.00748	0.00561	0.00709	0.00794	0.00870	0.00548	0.00552	0.01007	0.09385	0.01484	0.02813	0.67638	0.03248	0.01534	0.00663	0.00211	0.00332	0.03545	0.00498	0.02857
77	0.00656	0.00474	0.00621	0.00734	0.00776	0.00439	0.00494	0.00756	0.01052	0.01397	0.05236	0.74516	0.07568	0.01648	0.00681	0.00215	0.00308	0.01489	0.00501	0.00439
78	0.01294	0.00701	0.00813	0.00732	0.00929	0.00710	0.00568	0.11285	0.01337	0.13820	0.01848	0.10569	0.01543	0.01096	0.08459	0.00222	0.00455	0.00625	0.42384	0.00610
79	0.00666	0.00479	0.00649	0.00760	0.00798	0.00462	0.00517	0.00771	0.01010	0.01357	0.02791	0.72118	0.03307	0.01940	0.09313	0.00289	0.00436	0.01421	0.00475	0.00441
80	0.00707	0.00505	0.00684	0.00808	0.00862	0.00482	0.00590	0.00839	0.01080	0.01430	0.02929	0.61994	0.03434	0.01632	0.00699	0.00225	0.00357	0.19793	0.00497	0.00451
81	0.01382	0.01627	0.11850	0.06531	0.53078	0.11580	0.01591	0.02954	0.01265	0.01697	0.00982	0.01260	0.00802	0.00498	0.00523	0.00159	0.00705	0.00450	0.00265	0.00801
82	0.02218	0.01106	0.01352	0.01045	0.01455	0.01086	0.00860	0.26354	0.04557	0.49702	0.03358	0.01703	0.01280	0.00669	0.00541	0.00165	0.00495	0.00533	0.00617	0.00903
83	0.00793	0.00567	0.00823	0.00823	0.00922	0.00652	0.00638	0.00991	0.00892	0.01329	0.01472	0.02097	0.01346	0.03651	0.70346	0.00781	0.01307	0.00567	0.09521	0.00482
84	0.11088	0.01308	0.04574	0.20464	0.04493	0.01304	0.43280	0.01605	0.01161	0.01706	0.00998	0.01356	0.00757	0.00495	0.00603	0.00180	0.03143	0.00541	0.00268	0.00678
85	0.05308	0.03822	0.09336	0.10926	0.05857	0.06921	0.03893	0.29200	0.03079	0.02261	0.02798	0.10157	0.01245	0.00724	0.00541	0.00170	0.00617	0.02000	0.00404	0.00739
86	0.01014	0.00954	0.01610	0.79845	0.03697	0.01193	0.01491	0.01371	0.01073	0.01371	0.00954	0.01431	0.00716	0.00537	0.00537	0.00179	0.00716	0.00477	0.00239	0.00596
87	0.01422	0.78534	0.05620	0.00941	0.01413	0.02091	0.00958	0.01611	0.01092	0.01279	0.00754	0.00871	0.00689	0.00461	0.00351	0.00117	0.00582	0.00291	0.00230	0.00693
88	0.03872	0.01600	0.01488	0.01217	0.01589	0.15134	0.00975	0.45105	0.18718	0.02746	0.01393	0.01380	0.01026	0.00643	0.00525	0.00162	0.00616	0.00482	0.00488	0.00840
89	0.03916	0.01064	0.01128	0.00966	0.01268	0.03126	0.00764	0.17021	0.28465	0.10780	0.10749	0.02519	0.14254	0.00837	0.00560	0.00173	0.00432	0.00685	0.00541	0.00753
90	0.03853	0.55524	0.10256	0.01007	0.01494	0.01759	0.03505	0.01613	0.01109	0.03843	0.00858	0.00988	0.00732	0.00525	0.01698	0.00134	0.00594	0.00326	0.00258	0.09924
91	0.01157	0.08727	0.09653	0.00934	0.01221	0.07039	0.00828	0.08120	0.04740	0.04869	0.39773	0.04479	0.03093	0.00878	0.00568	0.00164	0.00450	0.02193	0.00484	0.00629
92	0.00684	0.00491	0.00655	0.00767	0.00816	0.00466	0.00538	0.00800	0.01058	0.01406	0.04531	0.65325	0.05642	0.03035	0.02780	0.00241	0.00362	0.09468	0.00491	0.00444
93	0.00665	0.00527	0.00595	0.00634	0.00762	0.00464	0.00462	0.00797	0.01169	0.01457	0.07947	0.25633	0.46702	0.04333	0.00731	0.00207	0.00304	0.05667	0.00496	0.00449
94	0.24886	0.05938	0.10039	0.04677	0.01548	0.01287	0.00958	0.23020	0.01552	0.14982	0.05274	0.01372	0.01063	0.00600	0.00472	0.00163	0.00530	0.00444	0.00437	0.00758
95	0.01123	0.01065	0.01807	0.53305	0.29384	0.01221	0.01545	0.01467	0.01125	0.01504	0.00973	0.01396	0.00762	0.00516	0.00535	0.00172	0.00689	0.00477	0.00248	0.00684
96	0.00932	0.00466	0.00699	0.00699	0.00699	0.00466	0.00466	0.00699	0.00699	0.00932	0.00932	0.01632	0.00932	0.01865	0.02098	0.84382	0.00466	0.00466	0.00233	0.00233
97	0.01081	0.02746	0.76610	0.01547	0.02334	0.01249	0.03697	0.01700	0.01136	0.01700	0.00966	0.01141	0.00683	0.00509	0.00513	0.00170	0.00796	0.00402	0.00228	0.00792
98	0.01322	0.01287	0.02173	0.09828	0.63598	0.02783	0.06553	0.02872	0.01240	0.01737	0.01011	0.01338	0.00834	0.00486	0.00538	0.00162	0.00668	0.00486	0.00268	0.00816
99	0.01037	0.00643	0.00751	0.00687	0.00901	0.00572	0.00528	0.01278	0.05216	0.16399	0.18214	0.08288	0.41114	0.01161	0.00614	0.00178	0.00314	0.00982	0.00550	0.00571
100	0.00847	0.00519	0.00689	0.00763	0.00842	0.00476	0.00527	0.00954	0.01091	0.09832	0.02958	0.69277	0.06056	0.01558	0.00667	0.00211	0.00326	0.01403	0.00517	0.00489
101	0.00819	0.00621	0.00770	0.00816	0.00955	0.00605	0.00652	0.02329	0.06592	0.01678	0.13626	0.16182	0.19903	0.02626	0.00709	0.00216	0.00382	0.29502	0.00511	0.00508
102	0.04857	0.01356	0.06682	0.04910	0.08594	0.01245	0.47745	0.03237	0.01224	0.01726	0.01254	0.10124	0.01097	0.00615	0.00635	0.00183	0.02843	0.00678	0.00300	0.00696
103	0.01300	0.01402	0.01505	0.01331	0.01395	0.18568	0.01070	0.01420	0.00999	0.01305	0.00981	0.09898	0.01015	0.00936	0.01361	0.00212	0.53894	0.00559	0.00273	0.00578
104	0.01742	0.01298	0.01418	0.01104	0.01487	0.01386	0.00893	0.55773	0.02109	0.02865	0.01325	0.03799	0.01059	0.06037	0.03669	0.00202	0.00584	0.00515	0.00483	0.12254
