[name]
unknown

[dist]
# distance from previous block
# <min> <max>
5	40

[block]
# block no. 0 follows, 42 sequences, length 6
# corresponding to MSA columns:
# 93-98
name=unknown_A
#
# <colnr> <probs for GDERKNQSTAVLIFYWHMCP>
#	G	D	E	R	K	N	Q	S	T	A	V	L	I	F	Y	W	H	M	C	P
0	0.05132	0.00970	0.01370	0.09259	0.20281	0.01010	0.02905	0.01669	0.13765	0.05712	0.07019	0.10810	0.09048	0.04241	0.00680	0.00199	0.00502	0.00757	0.03971	0.00701
1	0.01190	0.00934	0.03291	0.06194	0.01319	0.03408	0.00773	0.06147	0.11771	0.09225	0.07787	0.02870	0.14625	0.11292	0.16289	0.00370	0.00694	0.00735	0.00456	0.00632
2	0.01778	0.00916	0.01129	0.00936	0.01236	0.00879	0.00732	0.15745	0.01628	0.34527	0.07722	0.12105	0.07053	0.09928	0.00859	0.00223	0.00466	0.00787	0.00592	0.00762
3	0.01502	0.01009	0.01243	0.01163	0.06714	0.01043	0.00839	0.18145	0.06478	0.15235	0.07218	0.12313	0.08305	0.07082	0.00853	0.00212	0.05431	0.00776	0.00515	0.03923
4	0.02031	0.01619	0.01709	0.01335	0.01758	0.08240	0.04487	0.61747	0.02421	0.03181	0.01380	0.04952	0.01060	0.00708	0.00570	0.00171	0.00655	0.00552	0.00525	0.00898
5	0.01673	0.01649	0.01529	0.16974	0.05601	0.27567	0.01125	0.15445	0.04784	0.05122	0.04331	0.04052	0.01181	0.00895	0.05430	0.00214	0.00802	0.00526	0.00383	0.00717

[dist]
# distance from previous block
# <min> <max>
9	33

[block]
# block no. 1 follows, 42 sequences, length 16
# corresponding to MSA columns:
# 134-149
name=unknown_B
#
# <colnr> <probs for GDERKNQSTAVLIFYWHMCP>
#	G	D	E	R	K	N	Q	S	T	A	V	L	I	F	Y	W	H	M	C	P
0	0.03060	0.01075	0.01401	0.07435	0.13814	0.01104	0.00998	0.12602	0.12835	0.19135	0.04960	0.05357	0.07791	0.00774	0.00571	0.00176	0.00507	0.00654	0.02860	0.02890
1	0.07545	0.02894	0.01699	0.06689	0.09426	0.05423	0.10991	0.08264	0.17170	0.08867	0.03664	0.05096	0.01316	0.00675	0.00583	0.00175	0.02243	0.00585	0.00430	0.06267
2	0.04485	0.04147	0.09188	0.16133	0.06869	0.08347	0.01167	0.08928	0.17945	0.03260	0.04392	0.04336	0.01319	0.03217	0.00619	0.00186	0.00623	0.00559	0.00397	0.03881
3	0.01524	0.01409	0.04741	0.01319	0.05368	0.15453	0.06910	0.05078	0.15838	0.11721	0.05338	0.12658	0.04980	0.00840	0.00586	0.00177	0.00600	0.00718	0.00465	0.04278
4	0.23924	0.13547	0.10143	0.02321	0.01386	0.04630	0.00904	0.01658	0.01148	0.11891	0.01530	0.01640	0.08497	0.00775	0.00673	0.07195	0.04259	0.00473	0.00365	0.03042
5	0.08272	0.00830	0.03817	0.00903	0.01107	0.00773	0.06982	0.01195	0.05755	0.01695	0.07299	0.18595	0.22926	0.09573	0.00905	0.00233	0.03484	0.00978	0.04137	0.00544
6	0.50725	0.01178	0.02882	0.06126	0.01440	0.03066	0.00794	0.06222	0.05183	0.12336	0.01121	0.01196	0.00818	0.00567	0.00428	0.00171	0.00496	0.00388	0.00408	0.04454
7	0.01153	0.01049	0.01688	0.72339	0.03697	0.01292	0.01521	0.07617	0.01253	0.01615	0.01030	0.01488	0.00768	0.00572	0.00563	0.00186	0.00739	0.00501	0.00276	0.00653
8	0.08108	0.01033	0.01616	0.68912	0.03548	0.01273	0.01461	0.04654	0.01177	0.01621	0.00997	0.01445	0.00747	0.00564	0.00545	0.00186	0.00718	0.00484	0.00272	0.00638
9	0.36228	0.03608	0.07625	0.03973	0.01435	0.08355	0.00870	0.04978	0.01258	0.15910	0.01214	0.01304	0.00887	0.00664	0.02223	0.00184	0.00566	0.00409	0.07604	0.00705
10	0.00852	0.00549	0.00697	0.00754	0.00846	0.00501	0.00521	0.00967	0.01158	0.07831	0.06612	0.53037	0.14560	0.07287	0.00851	0.00239	0.00346	0.01367	0.00528	0.00497
11	0.00708	0.00511	0.00647	0.00736	0.00787	0.00475	0.00491	0.00810	0.01102	0.01460	0.08382	0.57540	0.10893	0.11499	0.00978	0.00261	0.00345	0.01420	0.00507	0.00450
12	0.00917	0.00684	0.00804	0.00829	0.00935	0.00699	0.00576	0.06899	0.10995	0.01666	0.02760	0.45698	0.06902	0.15633	0.01070	0.00274	0.00402	0.01224	0.00500	0.00534
13	0.01770	0.01264	0.01398	0.01138	0.01474	0.01374	0.00906	0.51945	0.02157	0.05694	0.01721	0.15226	0.01541	0.06116	0.03386	0.00229	0.00589	0.00723	0.00538	0.00815
14	0.01460	0.01029	0.01169	0.01040	0.01310	0.01105	0.00802	0.19064	0.25473	0.10468	0.05403	0.24889	0.02245	0.01046	0.00616	0.00194	0.00447	0.00898	0.00571	0.00771
15	0.01121	0.00754	0.00916	0.00855	0.01052	0.00748	0.00653	0.04490	0.14022	0.10424	0.32433	0.16188	0.08766	0.01153	0.00647	0.00192	0.00356	0.03999	0.00591	0.00640

[dist]
# distance from previous block
# <min> <max>
5	19

[block]
# block no. 2 follows, 42 sequences, length 47
# corresponding to MSA columns:
# 171-217
name=unknown_C
#
# <colnr> <probs for GDERKNQSTAVLIFYWHMCP>
#	G	D	E	R	K	N	Q	S	T	A	V	L	I	F	Y	W	H	M	C	P
0	0.02139	0.01485	0.01621	0.01253	0.01694	0.01621	0.01032	0.62469	0.06852	0.11756	0.01505	0.01459	0.01051	0.00683	0.00564	0.00171	0.00593	0.00521	0.00579	0.00953
1	0.03263	0.01212	0.01881	0.27901	0.16401	0.01315	0.09591	0.16624	0.01529	0.07057	0.01319	0.01819	0.01051	0.00645	0.00584	0.00184	0.00689	0.05788	0.00375	0.00771
2	0.01564	0.08836	0.01602	0.01465	0.11029	0.18759	0.01029	0.02453	0.38163	0.03562	0.01803	0.01777	0.04156	0.00687	0.00540	0.00171	0.00612	0.00546	0.00442	0.00807
3	0.01548	0.05711	0.25264	0.01427	0.02000	0.01142	0.15667	0.01949	0.01312	0.22154	0.01415	0.03170	0.01030	0.00719	0.03520	0.00195	0.00716	0.00523	0.00391	0.10149
4	0.00684	0.00495	0.00648	0.00770	0.00813	0.00458	0.00516	0.00785	0.01090	0.01442	0.03267	0.75124	0.08347	0.01742	0.00715	0.00226	0.00324	0.01574	0.00522	0.00458
5	0.00688	0.00501	0.00642	0.00753	0.00802	0.00463	0.00505	0.00788	0.01091	0.01433	0.03343	0.68556	0.11848	0.04733	0.00795	0.00236	0.00330	0.01523	0.00515	0.00455
6	0.01360	0.01521	0.04758	0.02566	0.23432	0.03873	0.47222	0.01781	0.01314	0.01799	0.01099	0.01445	0.00856	0.00485	0.00616	0.00178	0.00849	0.00590	0.00284	0.03972
7	0.01312	0.05320	0.16568	0.14796	0.43612	0.03292	0.03714	0.01705	0.01242	0.01728	0.01025	0.01342	0.00822	0.00518	0.00546	0.00170	0.00726	0.00476	0.00265	0.00820
8	0.00791	0.00590	0.00876	0.00891	0.00984	0.00676	0.00683	0.00980	0.00924	0.01321	0.01687	0.10951	0.01667	0.03944	0.69294	0.00828	0.01374	0.00715	0.00326	0.00497
9	0.00743	0.00570	0.00835	0.06520	0.01122	0.00555	0.03447	0.00883	0.01115	0.01489	0.06294	0.67617	0.03470	0.01598	0.00702	0.00222	0.00378	0.01457	0.00498	0.00484
10	0.01375	0.01575	0.12116	0.03165	0.65219	0.03115	0.01758	0.01746	0.01276	0.01820	0.01048	0.01357	0.00864	0.00508	0.00553	0.00168	0.00698	0.00487	0.00273	0.00878
11	0.01353	0.01281	0.02096	0.12571	0.59186	0.01333	0.01613	0.01833	0.09638	0.01847	0.01190	0.01486	0.00967	0.00539	0.00560	0.00172	0.00654	0.00516	0.00308	0.00858
12	0.02022	0.01518	0.01623	0.01271	0.01700	0.01690	0.01041	0.63403	0.14270	0.03357	0.01501	0.01470	0.01078	0.00690	0.00565	0.00172	0.00592	0.00527	0.00565	0.00946
13	0.01121	0.02326	0.53710	0.10460	0.11885	0.01244	0.01856	0.01666	0.01200	0.01732	0.01356	0.01557	0.06250	0.00598	0.00550	0.00179	0.00762	0.00492	0.00265	0.00790
14	0.01305	0.06692	0.64920	0.01503	0.02272	0.01300	0.01881	0.01885	0.01233	0.10237	0.01134	0.01255	0.00790	0.00550	0.00529	0.00175	0.00780	0.00427	0.00289	0.00840
15	0.02051	0.02584	0.01645	0.01596	0.07192	0.72390	0.01134	0.02209	0.01572	0.01411	0.00884	0.01042	0.00737	0.00574	0.00511	0.00147	0.00990	0.00373	0.00289	0.00670
16	0.01379	0.01323	0.02259	0.06695	0.73581	0.01333	0.01720	0.01715	0.01275	0.01821	0.01056	0.01397	0.00885	0.00504	0.00557	0.00168	0.00672	0.00501	0.00277	0.00880
17	0.01881	0.02973	0.18675	0.01163	0.01675	0.01103	0.01127	0.09192	0.10137	0.35667	0.03531	0.01699	0.01275	0.00652	0.00547	0.00169	0.00561	0.00523	0.00528	0.06922
18	0.01299	0.01358	0.07555	0.04733	0.61106	0.01242	0.01614	0.01650	0.01306	0.01872	0.09536	0.01697	0.01373	0.00578	0.00568	0.00170	0.00637	0.00553	0.00313	0.00840
19	0.01977	0.02482	0.01528	0.01397	0.01669	0.70521	0.01050	0.02128	0.01528	0.01370	0.00931	0.01130	0.00791	0.00931	0.07971	0.00218	0.01062	0.00386	0.00291	0.00638
20	0.01505	0.80561	0.02949	0.00963	0.01444	0.02227	0.00963	0.01685	0.01143	0.01324	0.00782	0.00903	0.00722	0.00481	0.00361	0.00120	0.00602	0.00301	0.00241	0.00722
21	0.01520	0.01294	0.02174	0.03178	0.68239	0.01280	0.01626	0.01841	0.01318	0.10310	0.01189	0.01452	0.00948	0.00523	0.00558	0.00168	0.00647	0.00509	0.00326	0.00899
22	0.01306	0.02551	0.61288	0.01614	0.02374	0.01265	0.09261	0.01892	0.01250	0.10262	0.01159	0.01303	0.00804	0.00547	0.00551	0.00179	0.00804	0.00458	0.00294	0.00839
23	0.01063	0.01000	0.01688	0.78870	0.03876	0.01250	0.01563	0.01438	0.01125	0.01438	0.01000	0.01500	0.00750	0.00563	0.00563	0.00188	0.00750	0.00500	0.00250	0.00625
24	0.00733	0.00540	0.00757	0.02775	0.00969	0.00516	0.01942	0.00865	0.01118	0.01487	0.04583	0.67008	0.03579	0.01674	0.00719	0.00229	0.00367	0.09151	0.00513	0.00475
25	0.01437	0.66621	0.16298	0.01078	0.01622	0.02062	0.01163	0.01703	0.01151	0.01406	0.00823	0.00954	0.00721	0.00491	0.00392	0.00131	0.00643	0.00322	0.00240	0.00742
26	0.03870	0.30457	0.02122	0.01170	0.01619	0.06618	0.01021	0.41904	0.01992	0.02577	0.01100	0.01156	0.00849	0.00595	0.00481	0.00150	0.00633	0.00418	0.00423	0.00844
27	0.00806	0.00596	0.00870	0.00870	0.00959	0.00685	0.00661	0.00983	0.00894	0.01281	0.01538	0.02383	0.01482	0.13103	0.69212	0.00862	0.01395	0.00628	0.00306	0.00484
28	0.00804	0.00603	0.00904	0.00904	0.01005	0.00703	0.00703	0.01005	0.00904	0.01306	0.01507	0.02211	0.01407	0.04221	0.77992	0.00904	0.01507	0.00603	0.00301	0.00502
29	0.01399	0.01389	0.02152	0.13698	0.61225	0.06898	0.01658	0.01725	0.01283	0.01750	0.01037	0.01380	0.00860	0.00516	0.00554	0.00168	0.00705	0.00491	0.00275	0.00837
30	0.01063	0.01000	0.01688	0.78870	0.03876	0.01250	0.01563	0.01438	0.01125	0.01438	0.01000	0.01500	0.00750	0.00563	0.00563	0.00188	0.00750	0.00500	0.00250	0.00625
31	0.02102	0.02682	0.01595	0.01450	0.01740	0.77963	0.01087	0.02247	0.01595	0.01377	0.00870	0.01015	0.00725	0.00580	0.00507	0.00145	0.01015	0.00362	0.00290	0.00652
32	0.00806	0.00596	0.00872	0.00872	0.00961	0.00686	0.00663	0.00984	0.00895	0.01282	0.01537	0.02377	0.01479	0.12776	0.69536	0.00864	0.01399	0.00627	0.00306	0.00484
33	0.05147	0.01264	0.02032	0.10996	0.53558	0.01317	0.03239	0.01824	0.09628	0.01881	0.01225	0.01581	0.01010	0.00562	0.00558	0.00175	0.00644	0.02204	0.00318	0.00838
34	0.01435	0.66173	0.16727	0.01082	0.01628	0.02056	0.01170	0.01703	0.01152	0.01409	0.00825	0.00956	0.00720	0.00491	0.00393	0.00131	0.00644	0.00322	0.00240	0.00742
35	0.00804	0.00603	0.00904	0.00904	0.01005	0.00703	0.00703	0.01005	0.00904	0.01306	0.01507	0.02211	0.01407	0.04221	0.77992	0.00904	0.01507	0.00603	0.00301	0.00502
36	0.00818	0.00546	0.00614	0.00614	0.00614	0.00546	0.00341	0.00818	0.00818	0.01091	0.01773	0.03683	0.02046	0.80222	0.02864	0.00546	0.00546	0.00818	0.00341	0.00341
37	0.25431	0.08931	0.33567	0.01426	0.02030	0.01388	0.14816	0.01757	0.01150	0.03310	0.00969	0.01157	0.00722	0.00518	0.00489	0.00174	0.00711	0.00421	0.00287	0.00746
38	0.00782	0.00534	0.00640	0.00675	0.00690	0.00530	0.00410	0.00819	0.00893	0.01196	0.02116	0.24069	0.02461	0.54996	0.06385	0.00480	0.00539	0.01017	0.00388	0.00381
39	0.00863	0.00761	0.05936	0.00805	0.00995	0.00611	0.00670	0.02807	0.01407	0.03694	0.33462	0.14543	0.19030	0.03076	0.00721	0.00204	0.00364	0.08964	0.00543	0.00544
40	0.01129	0.02911	0.77306	0.01604	0.02436	0.01307	0.02079	0.01782	0.01188	0.01782	0.01010	0.01188	0.00713	0.00535	0.00535	0.00178	0.00832	0.00416	0.00238	0.00832
41	0.84197	0.01088	0.00827	0.00740	0.01088	0.01262	0.00609	0.01654	0.00958	0.02525	0.00784	0.00914	0.00609	0.00522	0.00348	0.00174	0.00435	0.00305	0.00348	0.00609
42	0.04831	0.06348	0.01504	0.01108	0.01505	0.02907	0.00900	0.36141	0.13536	0.06486	0.01461	0.01591	0.01129	0.06422	0.00691	0.00185	0.00553	0.00507	0.00491	0.11704
43	0.01022	0.00685	0.00841	0.00831	0.00981	0.00665	0.00607	0.08486	0.04121	0.07889	0.15972	0.42172	0.10739	0.01391	0.00670	0.00204	0.00357	0.01229	0.00559	0.00578
44	0.01278	0.01237	0.03893	0.32903	0.44913	0.01293	0.01654	0.01634	0.01224	0.03106	0.01057	0.01440	0.00841	0.00530	0.00559	0.00176	0.00701	0.00500	0.00274	0.00787
45	0.33533	0.06296	0.09979	0.04248	0.01797	0.13170	0.12518	0.03910	0.01248	0.07081	0.00998	0.01156	0.00751	0.00540	0.00472	0.00170	0.00679	0.00413	0.00336	0.00704
46	0.01394	0.01355	0.02232	0.07563	0.70638	0.03431	0.01701	0.01725	0.01281	0.01804	0.01050	0.01388	0.00879	0.00507	0.00556	0.00168	0.00683	0.00498	0.00277	0.00870

[dist]
# distance from previous block
# <min> <max>
1	3

[block]
# block no. 3 follows, 42 sequences, length 17
# corresponding to MSA columns:
# 221-237
name=unknown_D
#
# <colnr> <probs for GDERKNQSTAVLIFYWHMCP>
#	G	D	E	R	K	N	Q	S	T	A	V	L	I	F	Y	W	H	M	C	P
0	0.04782	0.08029	0.39365	0.01773	0.04958	0.01371	0.23844	0.01734	0.01217	0.01778	0.01091	0.03799	0.00858	0.00548	0.00557	0.00176	0.00802	0.00517	0.00269	0.02530
1	0.00707	0.00516	0.00702	0.04134	0.00949	0.00495	0.00567	0.00824	0.01103	0.01474	0.06346	0.73049	0.03667	0.01684	0.00709	0.00224	0.00342	0.01526	0.00515	0.00468
2	0.01831	0.01423	0.01516	0.01233	0.01628	0.01601	0.00995	0.44921	0.33062	0.03050	0.01742	0.01663	0.01274	0.00712	0.00567	0.00178	0.00547	0.00561	0.00567	0.00929
3	0.01166	0.08628	0.66152	0.01575	0.04464	0.01352	0.01922	0.01757	0.01187	0.01752	0.00994	0.01172	0.00724	0.00524	0.00517	0.00169	0.00791	0.00406	0.00243	0.04504
4	0.02175	0.01285	0.01483	0.01153	0.01576	0.01337	0.00947	0.40823	0.06895	0.30195	0.04953	0.01727	0.01351	0.00709	0.00569	0.00173	0.00542	0.00558	0.00615	0.00935
5	0.01129	0.02911	0.77306	0.01604	0.02436	0.01307	0.02079	0.01782	0.01188	0.01782	0.01010	0.01188	0.00713	0.00535	0.00535	0.00178	0.00832	0.00416	0.00238	0.00832
6	0.01376	0.01345	0.02368	0.05679	0.67173	0.01343	0.08928	0.01726	0.01281	0.01823	0.01065	0.01409	0.00883	0.00501	0.00568	0.00170	0.00699	0.00517	0.00278	0.00870
7	0.49240	0.03452	0.01179	0.09015	0.01537	0.01219	0.02319	0.05335	0.01214	0.19057	0.01161	0.01232	0.00824	0.00570	0.00436	0.00174	0.00502	0.00400	0.00421	0.00712
8	0.00900	0.00730	0.00748	0.00686	0.00917	0.00677	0.00530	0.12598	0.01500	0.01843	0.05008	0.04769	0.64455	0.01306	0.00649	0.00187	0.00338	0.01079	0.00529	0.00552
9	0.00845	0.00693	0.01065	0.03785	0.13094	0.00669	0.03932	0.01017	0.01160	0.01570	0.07314	0.54768	0.05036	0.01421	0.00680	0.00212	0.00416	0.01302	0.00471	0.00550
10	0.01319	0.27041	0.32460	0.13817	0.07605	0.03122	0.01559	0.01732	0.01192	0.03913	0.00974	0.01181	0.00756	0.00526	0.00486	0.00160	0.00727	0.00403	0.00259	0.00769
11	0.00949	0.00503	0.00736	0.00729	0.00750	0.00495	0.00495	0.00786	0.00870	0.01181	0.12992	0.02108	0.01668	0.01827	0.01955	0.70336	0.00453	0.00573	0.00304	0.00290
12	0.00762	0.00571	0.00735	0.00792	0.00899	0.00504	0.00545	0.00884	0.01092	0.01500	0.02767	0.67323	0.03262	0.01549	0.00670	0.00205	0.00341	0.01398	0.00492	0.13709
13	0.01395	0.13534	0.18125	0.02423	0.35442	0.01454	0.12709	0.01789	0.01263	0.05087	0.01071	0.01319	0.00845	0.00510	0.00540	0.00166	0.00727	0.00481	0.00284	0.00837
14	0.01725	0.01318	0.01714	0.07851	0.25761	0.04785	0.01229	0.19447	0.10001	0.14274	0.01659	0.01727	0.04632	0.00655	0.00565	0.00173	0.00605	0.00554	0.00456	0.00867
15	0.01919	0.02672	0.13657	0.01475	0.01842	0.63285	0.01250	0.02144	0.01506	0.01441	0.00888	0.01049	0.00723	0.00586	0.00555	0.00154	0.03518	0.00375	0.00280	0.00680
16	0.01335	0.01572	0.14205	0.06722	0.61442	0.01328	0.01775	0.01722	0.01259	0.01811	0.01048	0.01365	0.00856	0.00510	0.00554	0.00170	0.00698	0.00488	0.00271	0.00869

[dist]
# distance from previous block
# <min> <max>
0	188

# created by:
# /st0/software/busco_prod/Augustus/scripts/msa2prfl.pl ./align_prep/218897.fa
