[name]
unknown

[dist]
# distance from previous block
# <min> <max>
0	26

[block]
# block no. 0 follows, 44 sequences, length 28
# corresponding to MSA columns:
# 26-53
name=unknown_A
#
# <colnr> <probs for GDERKNQSTAVLIFYWHMCP>
#	G	D	E	R	K	N	Q	S	T	A	V	L	I	F	Y	W	H	M	C	P
0	0.04313	0.01231	0.01386	0.01118	0.01502	0.01303	0.00923	0.39660	0.09966	0.16909	0.01712	0.02025	0.01324	0.00748	0.00558	0.00173	0.00530	0.08957	0.00548	0.05115
1	0.01056	0.00969	0.01549	0.53477	0.11142	0.01092	0.01324	0.01385	0.01139	0.01538	0.05595	0.03214	0.01079	0.00577	0.00533	0.00165	0.00635	0.00514	0.00284	0.12733
2	0.08745	0.01087	0.01356	0.05589	0.11033	0.01134	0.00942	0.20992	0.06449	0.20765	0.04443	0.09092	0.01476	0.03663	0.00627	0.00186	0.00512	0.00624	0.00499	0.00787
3	0.01030	0.00969	0.01635	0.79530	0.03755	0.01211	0.01514	0.01393	0.01090	0.01393	0.00969	0.01453	0.00727	0.00545	0.00545	0.00182	0.00727	0.00484	0.00242	0.00606
4	0.02037	0.02598	0.01545	0.01404	0.01685	0.78652	0.01053	0.02177	0.01545	0.01334	0.00843	0.00983	0.00702	0.00562	0.00492	0.00140	0.00983	0.00351	0.00281	0.00632
5	0.03945	0.00709	0.00891	0.00787	0.01028	0.00642	0.00610	0.01598	0.03479	0.29019	0.22302	0.14312	0.16329	0.01061	0.00605	0.00180	0.00353	0.00908	0.00587	0.00654
6	0.00862	0.00591	0.00697	0.00689	0.00857	0.00527	0.00521	0.01058	0.02823	0.08466	0.18244	0.17451	0.38130	0.01317	0.00649	0.00191	0.00313	0.05554	0.00540	0.00520
7	0.00794	0.00584	0.00750	0.00734	0.00859	0.00558	0.00548	0.01104	0.05958	0.02051	0.58641	0.15641	0.04627	0.01197	0.00650	0.00183	0.00286	0.03733	0.00579	0.00524
8	0.02374	0.00912	0.01242	0.00958	0.01367	0.00789	0.00789	0.02587	0.01560	0.74551	0.05389	0.01951	0.01513	0.00694	0.00552	0.00169	0.00455	0.00567	0.00672	0.00910
9	0.03956	0.01178	0.01278	0.01093	0.01433	0.01313	0.00867	0.14858	0.50228	0.12351	0.04046	0.01913	0.01564	0.00721	0.00549	0.00178	0.00459	0.00588	0.00564	0.00865
10	0.80694	0.01077	0.00842	0.00743	0.01085	0.01246	0.00612	0.05184	0.01007	0.02494	0.00786	0.00906	0.00607	0.00513	0.00347	0.00168	0.00430	0.00305	0.00347	0.00607
11	0.00664	0.00474	0.00633	0.00759	0.00791	0.00443	0.00506	0.00759	0.01044	0.01392	0.03005	0.80485	0.03606	0.01708	0.00696	0.00221	0.00316	0.01550	0.00506	0.00443
12	0.00822	0.00545	0.00713	0.00727	0.00836	0.00499	0.00524	0.01004	0.01323	0.06369	0.38656	0.35757	0.07462	0.01347	0.00659	0.00193	0.00295	0.01201	0.00561	0.00507
13	0.01719	0.00764	0.01007	0.00830	0.01128	0.00671	0.00663	0.01935	0.01500	0.45089	0.23616	0.04514	0.09359	0.00884	0.00581	0.00170	0.00378	0.00747	0.03702	0.00743
14	0.00793	0.00529	0.00595	0.00595	0.00595	0.00529	0.00330	0.00793	0.00793	0.01057	0.01718	0.03568	0.01982	0.80840	0.02775	0.00529	0.00529	0.00793	0.00330	0.00330
15	0.02546	0.01017	0.01349	0.01055	0.01481	0.00875	0.00854	0.02719	0.01631	0.76398	0.02255	0.02018	0.01459	0.00757	0.00602	0.00192	0.00507	0.00587	0.00711	0.00987
16	0.16651	0.01112	0.01274	0.01004	0.01408	0.01126	0.00826	0.20549	0.05841	0.42068	0.01703	0.01561	0.01130	0.00644	0.00511	0.00168	0.00488	0.00494	0.00577	0.00865
17	0.14289	0.00936	0.01144	0.00910	0.01288	0.00884	0.00745	0.04329	0.04703	0.54642	0.04225	0.01786	0.01361	0.00664	0.00510	0.00167	0.00441	0.00524	0.05613	0.00838
18	0.84691	0.01054	0.00801	0.00717	0.01054	0.01223	0.00590	0.01603	0.00928	0.02446	0.00759	0.00886	0.00590	0.00506	0.00337	0.00169	0.00422	0.00295	0.00337	0.00590
19	0.00681	0.00487	0.00652	0.00779	0.00818	0.00458	0.00536	0.00789	0.01061	0.01411	0.02995	0.74560	0.03568	0.01692	0.00700	0.00224	0.00331	0.07306	0.00506	0.00448
20	0.02162	0.01048	0.01305	0.01025	0.01413	0.01011	0.00836	0.22588	0.01796	0.49464	0.03771	0.07975	0.01502	0.00761	0.00561	0.00172	0.00485	0.00622	0.00624	0.00879
21	0.00793	0.00529	0.00595	0.00595	0.00595	0.00529	0.00330	0.00793	0.00793	0.01057	0.01718	0.03568	0.01982	0.80840	0.02775	0.00529	0.00529	0.00793	0.00330	0.00330
22	0.01130	0.00969	0.01130	0.00807	0.01292	0.00727	0.00646	0.01373	0.01130	0.01776	0.00969	0.01130	0.00807	0.00404	0.00404	0.00081	0.00404	0.00323	0.00323	0.84173
23	0.00785	0.00527	0.00606	0.00613	0.00618	0.00529	0.00352	0.00797	0.00809	0.01083	0.01780	0.07774	0.02051	0.73904	0.05191	0.00523	0.00548	0.00828	0.00339	0.00342
24	0.00780	0.00560	0.00787	0.00792	0.00865	0.00615	0.00580	0.00920	0.00919	0.01297	0.07856	0.07390	0.01921	0.18775	0.49633	0.03743	0.01070	0.00714	0.00336	0.00446
25	0.00805	0.00572	0.00761	0.00861	0.00945	0.00561	0.00681	0.00972	0.01127	0.01472	0.02814	0.23290	0.05754	0.14918	0.01076	0.00288	0.00454	0.41718	0.00474	0.00458
26	0.04225	0.00883	0.01174	0.05635	0.01411	0.00822	0.00787	0.06220	0.01566	0.49974	0.18917	0.02275	0.02124	0.00760	0.00563	0.00170	0.00439	0.00633	0.00616	0.00806
27	0.01631	0.01278	0.01552	0.01585	0.16958	0.01387	0.01066	0.32377	0.21661	0.05143	0.06123	0.03886	0.01450	0.00700	0.00557	0.00171	0.00532	0.00584	0.00498	0.00859

[dist]
# distance from previous block
# <min> <max>
1	5

[block]
# block no. 1 follows, 44 sequences, length 37
# corresponding to MSA columns:
# 59-95
name=unknown_B
#
# <colnr> <probs for GDERKNQSTAVLIFYWHMCP>
#	G	D	E	R	K	N	Q	S	T	A	V	L	I	F	Y	W	H	M	C	P
0	0.01394	0.01269	0.01909	0.15186	0.38184	0.02978	0.05138	0.08277	0.14830	0.03474	0.01277	0.01494	0.00995	0.00560	0.00548	0.00170	0.00635	0.00516	0.00349	0.00816
1	0.01126	0.00969	0.01155	0.04621	0.01411	0.00750	0.00688	0.01374	0.01129	0.01758	0.00969	0.01146	0.00804	0.00411	0.00411	0.00086	0.00419	0.00331	0.00319	0.80125
2	0.00768	0.00581	0.00720	0.00684	0.00842	0.00521	0.00524	0.00998	0.01437	0.01971	0.52614	0.04331	0.20621	0.01166	0.00639	0.00175	0.00285	0.06007	0.00559	0.04554
3	0.00650	0.00553	0.00561	0.00559	0.00740	0.00463	0.00419	0.00794	0.01257	0.01507	0.08993	0.05190	0.73727	0.01368	0.00644	0.00183	0.00275	0.01143	0.00511	0.00463
4	0.01458	0.81168	0.02857	0.00933	0.01399	0.02157	0.00933	0.01632	0.01108	0.01283	0.00758	0.00875	0.00700	0.00466	0.00350	0.00117	0.00583	0.00292	0.00233	0.00700
5	0.01833	0.01374	0.01479	0.01123	0.01568	0.03363	0.00919	0.50076	0.02100	0.06447	0.01244	0.01278	0.00909	0.00585	0.00506	0.00141	0.00550	0.00444	0.00484	0.23578
6	0.01882	0.01432	0.01529	0.01216	0.01618	0.01602	0.00990	0.56287	0.22208	0.03129	0.01551	0.01502	0.01123	0.00677	0.00548	0.00169	0.00555	0.00524	0.00548	0.00910
7	0.01340	0.01286	0.02196	0.05563	0.75296	0.01293	0.01669	0.01665	0.01237	0.01770	0.01024	0.01352	0.00860	0.00487	0.00540	0.00162	0.00650	0.00486	0.00269	0.00856
8	0.01169	0.00968	0.01134	0.00812	0.01295	0.00729	0.00650	0.01410	0.01143	0.03979	0.01003	0.01151	0.00823	0.00412	0.00408	0.00083	0.00405	0.00330	0.00333	0.81762
9	0.00664	0.00474	0.00633	0.00759	0.00791	0.00443	0.00506	0.00759	0.01044	0.01392	0.03005	0.80485	0.03606	0.01708	0.00696	0.00221	0.00316	0.01550	0.00506	0.00443
10	0.01300	0.01069	0.01221	0.00888	0.01364	0.00900	0.00716	0.14697	0.01388	0.02074	0.01030	0.01163	0.00829	0.00449	0.00429	0.00096	0.00439	0.00353	0.00363	0.69234
11	0.01130	0.00969	0.01130	0.00807	0.01292	0.00727	0.00646	0.01373	0.01130	0.01776	0.00969	0.01130	0.00807	0.00404	0.00404	0.00081	0.00404	0.00323	0.00323	0.84173
12	0.06378	0.01445	0.03069	0.02201	0.02740	0.01369	0.70890	0.01738	0.01265	0.01789	0.01082	0.01435	0.00813	0.00462	0.00625	0.00183	0.00889	0.00622	0.00279	0.00726
13	0.02446	0.00928	0.01265	0.00970	0.01392	0.00801	0.00801	0.02657	0.01560	0.77817	0.02151	0.01856	0.01350	0.00675	0.00548	0.00169	0.00464	0.00548	0.00675	0.00928
14	0.01242	0.01065	0.01128	0.01023	0.01306	0.01205	0.00793	0.02550	0.63522	0.02191	0.07726	0.02506	0.09708	0.00832	0.00570	0.00184	0.00403	0.00697	0.00553	0.00797
15	0.00798	0.00542	0.00630	0.00646	0.00670	0.00539	0.00405	0.00836	0.00872	0.01149	0.02030	0.03974	0.05311	0.67171	0.02422	0.00478	0.00514	0.10293	0.00360	0.00358
16	0.01030	0.00969	0.01635	0.79530	0.03755	0.01211	0.01514	0.01393	0.01090	0.01393	0.00969	0.01453	0.00727	0.00545	0.00545	0.00182	0.00727	0.00484	0.00242	0.00606
17	0.84691	0.01054	0.00801	0.00717	0.01054	0.01223	0.00590	0.01603	0.00928	0.02446	0.00759	0.00886	0.00590	0.00506	0.00337	0.00169	0.00422	0.00295	0.00337	0.00590
18	0.01130	0.00969	0.01130	0.00807	0.01292	0.00727	0.00646	0.01373	0.01130	0.01776	0.00969	0.01130	0.00807	0.00404	0.00404	0.00081	0.00404	0.00323	0.00323	0.84173
19	0.00779	0.00584	0.00876	0.00876	0.00974	0.00681	0.00681	0.00974	0.00876	0.01266	0.01460	0.02142	0.01363	0.04089	0.78680	0.00876	0.01460	0.00584	0.00292	0.00487
20	0.00731	0.00590	0.00657	0.00645	0.00812	0.00534	0.00486	0.00991	0.05914	0.01732	0.26208	0.07905	0.46619	0.01280	0.00643	0.00184	0.00287	0.02746	0.00537	0.00501
21	0.02037	0.02598	0.01545	0.01404	0.01685	0.78652	0.01053	0.02177	0.01545	0.01334	0.00843	0.00983	0.00702	0.00562	0.00492	0.00140	0.00983	0.00351	0.00281	0.00632
22	0.01423	0.01204	0.01271	0.01123	0.01443	0.01387	0.00879	0.09720	0.69522	0.02389	0.02134	0.01966	0.01595	0.00732	0.00554	0.00183	0.00447	0.00605	0.00554	0.00869
23	0.84691	0.01054	0.00801	0.00717	0.01054	0.01223	0.00590	0.01603	0.00928	0.02446	0.00759	0.00886	0.00590	0.00506	0.00337	0.00169	0.00422	0.00295	0.00337	0.00590
24	0.02072	0.01527	0.01636	0.01254	0.01691	0.01691	0.01036	0.75622	0.02563	0.03436	0.01309	0.01309	0.00927	0.00654	0.00545	0.00164	0.00600	0.00491	0.00545	0.00927
25	0.01048	0.00979	0.01636	0.68259	0.03428	0.01216	0.03741	0.01393	0.01081	0.01427	0.00992	0.01462	0.00759	0.00574	0.00625	0.00183	0.06100	0.00490	0.04000	0.00605
26	0.01458	0.81168	0.02857	0.00933	0.01399	0.02157	0.00933	0.01632	0.01108	0.01283	0.00758	0.00875	0.00700	0.00466	0.00350	0.00117	0.00583	0.00292	0.00233	0.00700
27	0.00826	0.00579	0.00682	0.00644	0.00818	0.00508	0.00487	0.01023	0.01398	0.07058	0.37714	0.05451	0.38381	0.01216	0.00638	0.00178	0.00281	0.01040	0.00560	0.00517
28	0.84691	0.01054	0.00801	0.00717	0.01054	0.01223	0.00590	0.01603	0.00928	0.02446	0.00759	0.00886	0.00590	0.00506	0.00337	0.00169	0.00422	0.00295	0.00337	0.00590
29	0.01130	0.00969	0.01130	0.00807	0.01292	0.00727	0.00646	0.01373	0.01130	0.01776	0.00969	0.01130	0.00807	0.00404	0.00404	0.00081	0.00404	0.00323	0.00323	0.84173
30	0.01458	0.81168	0.02857	0.00933	0.01399	0.02157	0.00933	0.01632	0.01108	0.01283	0.00758	0.00875	0.00700	0.00466	0.00350	0.00117	0.00583	0.00292	0.00233	0.00700
31	0.06995	0.01123	0.01477	0.01226	0.01395	0.01374	0.02841	0.05724	0.02996	0.03298	0.03092	0.01330	0.00928	0.00914	0.04246	0.00221	0.45158	0.00467	0.00309	0.14887
32	0.08381	0.01304	0.03610	0.15905	0.02399	0.01364	0.29119	0.08901	0.17773	0.02008	0.01302	0.01513	0.00976	0.00571	0.00594	0.00181	0.02440	0.00556	0.00360	0.00744
33	0.01376	0.06136	0.04147	0.08952	0.01695	0.04138	0.00972	0.08620	0.46464	0.02127	0.01829	0.01788	0.02953	0.00675	0.00530	0.00170	0.00513	0.00549	0.00466	0.05899
34	0.00882	0.00737	0.01048	0.05743	0.01252	0.03187	0.02894	0.01095	0.00938	0.01326	0.01348	0.01951	0.01234	0.03327	0.61935	0.00720	0.03263	0.00552	0.00289	0.06277
35	0.01381	0.01185	0.01578	0.04635	0.08478	0.01124	0.08532	0.17270	0.08017	0.02152	0.01168	0.01315	0.00911	0.00505	0.00490	0.00129	0.00536	0.00438	0.00377	0.39778
36	0.01285	0.01216	0.02029	0.04671	0.65908	0.01202	0.01528	0.01591	0.01218	0.01749	0.01141	0.06167	0.01024	0.00556	0.00540	0.00160	0.00612	0.00539	0.00287	0.06575

[dist]
# distance from previous block
# <min> <max>
0	5

# created by:
# /st0/software/busco_prod/Augustus/scripts/msa2prfl.pl ./align_prep/218847.fa
