[name]
unknown

[dist]
# distance from previous block
# <min> <max>
0	68

[block]
# block no. 0 follows, 46 sequences, length 77
# corresponding to MSA columns:
# 68-144
name=unknown_A
#
# <colnr> <probs for GDERKNQSTAVLIFYWHMCP>
#	G	D	E	R	K	N	Q	S	T	A	V	L	I	F	Y	W	H	M	C	P
0	0.00893	0.00687	0.01006	0.06158	0.08900	0.00698	0.00934	0.01139	0.01194	0.01562	0.02585	0.06376	0.05607	0.02711	0.00726	0.00232	0.00503	0.57120	0.00446	0.00523
1	0.48365	0.01231	0.01170	0.08032	0.08697	0.08001	0.00858	0.12587	0.01242	0.04206	0.00898	0.01042	0.00685	0.00522	0.00411	0.00161	0.00529	0.00359	0.00346	0.00659
2	0.00931	0.00578	0.00721	0.00707	0.00850	0.00519	0.00514	0.01073	0.01178	0.11824	0.15221	0.27706	0.17345	0.10766	0.00868	0.00224	0.00345	0.04259	0.00500	0.03869
3	0.62778	0.13815	0.01158	0.00767	0.01124	0.01322	0.00658	0.04887	0.01037	0.07287	0.00849	0.00937	0.00652	0.00502	0.00351	0.00155	0.00444	0.00310	0.00342	0.00625
4	0.00759	0.00536	0.00654	0.00659	0.00688	0.00549	0.00422	0.00820	0.00896	0.01218	0.09737	0.14264	0.04026	0.50874	0.08487	0.00446	0.03347	0.00871	0.00369	0.00379
5	0.09462	0.00673	0.00802	0.00765	0.00940	0.00665	0.00587	0.01339	0.07624	0.10910	0.30438	0.16091	0.06174	0.03925	0.00667	0.00194	0.00343	0.07316	0.00525	0.00561
6	0.00752	0.00543	0.00669	0.00642	0.00779	0.00489	0.00478	0.00958	0.01384	0.03761	0.52397	0.08277	0.23039	0.02673	0.00663	0.00178	0.00267	0.01011	0.00551	0.00488
7	0.85155	0.01022	0.00777	0.00695	0.01022	0.01186	0.00573	0.01554	0.00900	0.02372	0.00736	0.00859	0.00573	0.00491	0.00327	0.00164	0.00409	0.00286	0.00327	0.00573
8	0.00788	0.00568	0.00718	0.00676	0.00813	0.00531	0.00506	0.01070	0.04483	0.03365	0.65157	0.05236	0.10362	0.02596	0.00658	0.00175	0.00267	0.00953	0.00568	0.00511
9	0.00689	0.00501	0.00585	0.00626	0.00685	0.00467	0.00407	0.00764	0.00989	0.01280	0.05994	0.31041	0.21049	0.30893	0.01402	0.00314	0.00371	0.01117	0.00432	0.00396
10	0.81547	0.01017	0.00797	0.00706	0.01037	0.01168	0.00581	0.01599	0.00926	0.05689	0.00795	0.00900	0.00605	0.00498	0.00336	0.00164	0.00411	0.00297	0.00341	0.00587
11	0.21670	0.00701	0.00781	0.00706	0.00915	0.00699	0.00549	0.01318	0.01324	0.11884	0.43862	0.05854	0.05952	0.00912	0.00541	0.00168	0.00317	0.00764	0.00522	0.00564
12	0.00888	0.00547	0.00712	0.00763	0.00861	0.00507	0.00538	0.02895	0.01133	0.10558	0.04166	0.62215	0.07941	0.01478	0.00651	0.00205	0.00330	0.02599	0.00513	0.00500
13	0.00658	0.00515	0.00589	0.00628	0.00745	0.00456	0.00452	0.00786	0.01146	0.01444	0.10116	0.28048	0.42007	0.05809	0.00758	0.00210	0.00301	0.04403	0.00489	0.00440
14	0.00647	0.00461	0.00612	0.00732	0.00762	0.00432	0.00486	0.00737	0.01006	0.01341	0.02881	0.79019	0.03455	0.03770	0.00728	0.00223	0.00312	0.01483	0.00486	0.00427
15	0.02055	0.01021	0.01253	0.00983	0.01346	0.00996	0.00794	0.24264	0.01718	0.46324	0.01844	0.05236	0.01334	0.07444	0.00718	0.00194	0.00488	0.00577	0.00582	0.00831
16	0.01208	0.01242	0.01612	0.01386	0.01403	0.06511	0.01148	0.01325	0.00853	0.01274	0.00702	0.01144	0.00693	0.00901	0.01656	0.00225	0.75447	0.00455	0.00234	0.00580
17	0.02372	0.00900	0.01227	0.00941	0.01350	0.00777	0.00777	0.02576	0.01513	0.78489	0.02086	0.01799	0.01309	0.00654	0.00532	0.00164	0.00450	0.00532	0.00654	0.00900
18	0.04337	0.00918	0.01214	0.00943	0.01343	0.00822	0.00776	0.02566	0.06390	0.71688	0.02057	0.01787	0.01310	0.00654	0.00527	0.00165	0.00447	0.00530	0.00639	0.00888
19	0.00778	0.00596	0.00873	0.00857	0.00944	0.00698	0.00665	0.00959	0.00885	0.01278	0.06199	0.02199	0.01541	0.06715	0.66952	0.00758	0.05736	0.00593	0.00301	0.00474
20	0.02025	0.01293	0.01455	0.01129	0.01530	0.01379	0.00928	0.54170	0.03485	0.21096	0.01525	0.03537	0.01085	0.00728	0.01953	0.00174	0.00555	0.00520	0.00553	0.00878
21	0.01315	0.01136	0.01195	0.01076	0.01375	0.01315	0.00837	0.02809	0.77168	0.02211	0.02152	0.01972	0.01614	0.00717	0.00538	0.00179	0.00418	0.00598	0.00538	0.00837
22	0.00698	0.00572	0.00604	0.00583	0.00762	0.00500	0.00441	0.03640	0.01302	0.01617	0.17478	0.04751	0.62666	0.01269	0.00621	0.00176	0.00276	0.01065	0.00508	0.00472
23	0.01184	0.01325	0.02831	0.02052	0.02530	0.01250	0.67023	0.01588	0.01223	0.01653	0.01347	0.06581	0.04002	0.00566	0.00648	0.00182	0.02348	0.00696	0.00290	0.00682
24	0.00756	0.00565	0.00843	0.00843	0.00935	0.00657	0.00652	0.00940	0.00848	0.01222	0.01422	0.02112	0.01337	0.05940	0.77372	0.00841	0.01393	0.00572	0.00284	0.00468
25	0.01019	0.00961	0.01623	0.75071	0.08561	0.01180	0.01478	0.01369	0.01067	0.01376	0.00943	0.01403	0.00713	0.00525	0.00528	0.00175	0.00700	0.00470	0.00237	0.00604
26	0.36425	0.01085	0.01116	0.00904	0.01277	0.01154	0.00744	0.17825	0.04962	0.27587	0.01358	0.01307	0.00932	0.00586	0.00447	0.00163	0.00459	0.00422	0.00487	0.00762
27	0.00846	0.05723	0.03896	0.00797	0.00932	0.00618	0.00626	0.01015	0.01158	0.05848	0.17309	0.45473	0.03302	0.01387	0.01935	0.00207	0.00372	0.07563	0.00487	0.00505
28	0.00644	0.00460	0.00613	0.00736	0.00767	0.00429	0.00491	0.00736	0.01012	0.01350	0.02914	0.81076	0.03497	0.01656	0.00675	0.00215	0.00307	0.01503	0.00491	0.00429
29	0.01308	0.01256	0.02146	0.03245	0.78123	0.01256	0.01622	0.01622	0.01204	0.01727	0.00994	0.01308	0.00837	0.00471	0.00523	0.00157	0.00628	0.00471	0.00262	0.00837
30	0.00625	0.00536	0.00536	0.00536	0.00714	0.00446	0.00402	0.00759	0.01205	0.01428	0.05355	0.05088	0.77909	0.01339	0.00625	0.00179	0.00268	0.01116	0.00491	0.00446
31	0.01099	0.00922	0.01156	0.06188	0.08689	0.01016	0.00909	0.01929	0.36634	0.01890	0.06757	0.08732	0.02169	0.00952	0.00598	0.00194	0.00455	0.18545	0.00479	0.00686
32	0.01099	0.09996	0.69362	0.01473	0.02216	0.01311	0.04121	0.01666	0.01116	0.01635	0.00933	0.01101	0.00675	0.00496	0.00491	0.00163	0.00765	0.00388	0.00225	0.00770
33	0.01115	0.14956	0.66939	0.01414	0.02144	0.01361	0.01791	0.01660	0.01110	0.01608	0.00916	0.01075	0.00671	0.00495	0.00477	0.00159	0.00748	0.00374	0.00224	0.00765
34	0.01066	0.02696	0.76457	0.01528	0.02302	0.01231	0.04139	0.01675	0.01120	0.01675	0.00952	0.01125	0.00674	0.00501	0.00506	0.00168	0.00785	0.00398	0.00225	0.00779
35	0.00769	0.00513	0.00577	0.00577	0.00577	0.00513	0.00320	0.00769	0.00769	0.01025	0.01666	0.03460	0.01922	0.81421	0.02691	0.00513	0.00513	0.00769	0.00320	0.00320
36	0.01762	0.01326	0.01424	0.01133	0.01505	0.01465	0.00921	0.56978	0.14001	0.02983	0.04623	0.03668	0.04321	0.00719	0.00542	0.00164	0.00524	0.00566	0.00530	0.00844
37	0.52442	0.01052	0.01027	0.17599	0.01620	0.03174	0.00797	0.08163	0.01082	0.02129	0.00888	0.01178	0.00717	0.05610	0.00541	0.00187	0.00508	0.00374	0.00324	0.00590
38	0.01093	0.00907	0.01068	0.00779	0.01220	0.00689	0.00620	0.01326	0.01125	0.03258	0.05309	0.02781	0.01080	0.00459	0.00413	0.00087	0.00383	0.00376	0.00338	0.76688
39	0.01205	0.01004	0.01155	0.00835	0.01299	0.00816	0.00671	0.10261	0.01262	0.01914	0.00979	0.01117	0.00797	0.00420	0.00408	0.00088	0.00414	0.00333	0.00339	0.74685
40	0.00940	0.00602	0.00761	0.00783	0.00913	0.00575	0.00609	0.01129	0.03154	0.09378	0.05806	0.13199	0.14553	0.17754	0.01080	0.00272	0.00422	0.27101	0.00476	0.00492
41	0.01652	0.15413	0.05322	0.01416	0.01770	0.42883	0.12944	0.01931	0.05123	0.01410	0.00910	0.01079	0.00747	0.00540	0.00545	0.00147	0.04843	0.00397	0.00273	0.00656
42	0.00741	0.00540	0.00697	0.00658	0.00786	0.00496	0.00493	0.00984	0.01480	0.02081	0.73782	0.04013	0.09075	0.01095	0.00624	0.00167	0.00250	0.00965	0.00577	0.00496
43	0.00784	0.00544	0.00714	0.00718	0.00835	0.00504	0.00543	0.00995	0.01356	0.04203	0.48705	0.19091	0.07828	0.01236	0.00643	0.00185	0.00296	0.09775	0.00551	0.00494
44	0.04112	0.00583	0.00703	0.00701	0.00844	0.00543	0.00532	0.01039	0.01223	0.07586	0.22187	0.14072	0.22069	0.09497	0.00841	0.00222	0.00345	0.11910	0.00502	0.00490
45	0.01074	0.02638	0.73082	0.01560	0.02323	0.01236	0.07456	0.01676	0.01126	0.01676	0.00958	0.01139	0.00679	0.00498	0.00511	0.00168	0.00789	0.00408	0.00226	0.00776
46	0.00688	0.00493	0.00648	0.00733	0.00787	0.00464	0.00502	0.02200	0.01123	0.01520	0.15826	0.66256	0.03705	0.01538	0.00663	0.00205	0.00302	0.01389	0.00507	0.00450
47	0.00904	0.00550	0.00682	0.00699	0.00824	0.00493	0.00496	0.01020	0.01129	0.12617	0.05241	0.41569	0.22567	0.07673	0.00798	0.00220	0.00332	0.01188	0.00504	0.00496
48	0.00724	0.00504	0.00652	0.00703	0.00786	0.00462	0.00493	0.00869	0.01187	0.03853	0.25078	0.49048	0.10812	0.01428	0.00651	0.00196	0.00290	0.01278	0.00522	0.00465
49	0.61987	0.01109	0.00964	0.00816	0.01157	0.01262	0.00671	0.19064	0.01297	0.02586	0.04222	0.01090	0.00842	0.00550	0.00387	0.00163	0.00442	0.00360	0.00386	0.00646
50	0.00741	0.00528	0.00671	0.00752	0.00804	0.00512	0.00511	0.04988	0.01073	0.01431	0.02676	0.65559	0.03158	0.10671	0.00898	0.00246	0.00351	0.03513	0.00473	0.00445
51	0.05868	0.00691	0.00893	0.00773	0.01005	0.00632	0.00604	0.01583	0.01430	0.30020	0.39711	0.09445	0.03280	0.00941	0.00578	0.00169	0.00336	0.00810	0.00587	0.00644
52	0.00666	0.00472	0.00618	0.00727	0.00757	0.00446	0.00485	0.00753	0.00992	0.01321	0.02766	0.69323	0.03298	0.10827	0.00909	0.00250	0.00337	0.04164	0.00471	0.00419
53	0.01079	0.00583	0.00593	0.00559	0.00710	0.00598	0.00428	0.08122	0.01235	0.02096	0.01683	0.01907	0.01313	0.00618	0.00384	0.00126	0.00277	0.00491	0.76668	0.00530
54	0.00768	0.00550	0.00716	0.00804	0.00882	0.00539	0.00617	0.00936	0.02439	0.01410	0.02758	0.28773	0.07117	0.16159	0.01063	0.00279	0.00422	0.32869	0.00459	0.00442
55	0.00923	0.00483	0.00703	0.00695	0.00707	0.00486	0.00467	0.02009	0.00747	0.01002	0.03004	0.01752	0.01077	0.05301	0.03361	0.75815	0.00475	0.00488	0.00249	0.00256
56	0.02372	0.00900	0.01227	0.00941	0.01350	0.00777	0.00777	0.02576	0.01513	0.78489	0.02086	0.01799	0.01309	0.00654	0.00532	0.00164	0.00450	0.00532	0.00654	0.00900
57	0.28872	0.00962	0.01097	0.00873	0.01256	0.00943	0.00721	0.05204	0.01356	0.51100	0.01621	0.01477	0.01056	0.00601	0.00466	0.00163	0.00442	0.00451	0.00545	0.00795
58	0.00666	0.00476	0.00637	0.00754	0.00796	0.00447	0.00522	0.00777	0.01049	0.01399	0.05813	0.71645	0.03516	0.01617	0.00678	0.00215	0.00320	0.07742	0.00494	0.00437
59	0.01588	0.02381	0.01303	0.04268	0.06276	0.01164	0.00888	0.09453	0.37781	0.20891	0.03442	0.01955	0.04811	0.00701	0.00536	0.00171	0.00459	0.00581	0.00530	0.00822
60	0.00965	0.00588	0.00760	0.00690	0.00851	0.00534	0.00521	0.01187	0.01442	0.12505	0.58810	0.03699	0.08911	0.05327	0.00721	0.00185	0.00292	0.00898	0.00572	0.00541
61	0.01131	0.00960	0.01115	0.00799	0.01267	0.00740	0.00641	0.04150	0.01148	0.01783	0.00952	0.01103	0.00787	0.00401	0.00397	0.00081	0.00399	0.00319	0.00321	0.81506
62	0.70322	0.01005	0.00857	0.00742	0.01081	0.01122	0.00610	0.01741	0.02366	0.14625	0.00979	0.01030	0.00710	0.00521	0.00364	0.00164	0.00416	0.00331	0.00384	0.00630
63	0.01454	0.04458	0.01899	0.05501	0.43775	0.12785	0.02516	0.07826	0.11179	0.01821	0.01130	0.01328	0.00908	0.00528	0.00514	0.00156	0.00650	0.00464	0.00318	0.00791
64	0.00769	0.00513	0.00577	0.00577	0.00577	0.00513	0.00320	0.00769	0.00769	0.01025	0.01666	0.03460	0.01922	0.81421	0.02691	0.00513	0.00513	0.00769	0.00320	0.00320
65	0.00802	0.00661	0.00980	0.06501	0.09860	0.00686	0.02383	0.00954	0.01046	0.01423	0.03931	0.52978	0.05710	0.01322	0.00717	0.00202	0.06330	0.01175	0.01831	0.00507
66	0.01863	0.01496	0.05857	0.01188	0.01636	0.01521	0.01019	0.64500	0.02267	0.03074	0.01218	0.01243	0.00874	0.00602	0.00513	0.00151	0.00573	0.00455	0.00490	0.09460
67	0.00639	0.00536	0.00556	0.00551	0.00723	0.00453	0.00413	0.00787	0.01240	0.01510	0.13941	0.04953	0.69272	0.01308	0.00625	0.00177	0.00266	0.01097	0.00502	0.00453
68	0.00914	0.00835	0.01091	0.01047	0.01072	0.03368	0.00805	0.01018	0.00936	0.01313	0.01855	0.42803	0.02154	0.01295	0.01144	0.00220	0.36258	0.01001	0.00368	0.00502
69	0.01136	0.00955	0.01108	0.00808	0.01258	0.00753	0.00645	0.06032	0.01180	0.01809	0.01039	0.04310	0.00899	0.00457	0.00412	0.00089	0.00400	0.00371	0.00334	0.76005
70	0.01315	0.47373	0.04730	0.01167	0.01500	0.01838	0.06852	0.02784	0.01034	0.01336	0.00778	0.01019	0.00708	0.00657	0.02256	0.00168	0.23220	0.00372	0.00237	0.00656
71	0.02043	0.01426	0.01553	0.01191	0.01612	0.01559	0.00984	0.69464	0.02395	0.10357	0.01346	0.01319	0.00937	0.00636	0.00529	0.00159	0.00569	0.00481	0.00541	0.00899
72	0.01185	0.21515	0.48293	0.01637	0.14071	0.01440	0.01648	0.01644	0.01120	0.01579	0.00905	0.01082	0.00698	0.00485	0.00466	0.00153	0.00705	0.00377	0.00230	0.00765
73	0.01085	0.06850	0.70324	0.01468	0.02188	0.01296	0.01853	0.01647	0.01097	0.01629	0.00923	0.01104	0.00672	0.00523	0.00563	0.00168	0.05235	0.00389	0.00224	0.00764
74	0.01943	0.06959	0.01569	0.01336	0.01619	0.74972	0.01015	0.02081	0.01474	0.01291	0.00813	0.00947	0.00681	0.00540	0.00469	0.00135	0.00932	0.00337	0.00270	0.00617
75	0.00998	0.00940	0.01586	0.80150	0.03641	0.01175	0.01468	0.01351	0.01057	0.01351	0.00940	0.01409	0.00705	0.00529	0.00529	0.00176	0.00705	0.00470	0.00235	0.00587
76	0.00792	0.00572	0.00656	0.00624	0.00792	0.00506	0.00472	0.02077	0.01322	0.05792	0.29484	0.04426	0.42991	0.04414	0.00703	0.00188	0.00291	0.02880	0.00524	0.00491

[dist]
# distance from previous block
# <min> <max>
0	25

[block]
# block no. 1 follows, 46 sequences, length 24
# corresponding to MSA columns:
# 186-209
name=unknown_B
#
# <colnr> <probs for GDERKNQSTAVLIFYWHMCP>
#	G	D	E	R	K	N	Q	S	T	A	V	L	I	F	Y	W	H	M	C	P
0	0.00779	0.00574	0.00733	0.00693	0.00825	0.00547	0.00519	0.01100	0.06163	0.02096	0.70274	0.06795	0.04722	0.01080	0.00620	0.00169	0.00262	0.00955	0.00576	0.00517
1	0.01883	0.01313	0.01513	0.01187	0.01577	0.01414	0.03846	0.56969	0.02185	0.10788	0.01502	0.01792	0.01152	0.00707	0.00548	0.00167	0.00563	0.07525	0.02528	0.00843
2	0.00652	0.00463	0.00611	0.00726	0.00755	0.00435	0.00480	0.00738	0.00997	0.01329	0.02836	0.76270	0.03399	0.06595	0.00800	0.00233	0.00319	0.01457	0.00480	0.00423
3	0.01196	0.00981	0.01149	0.00836	0.01285	0.00798	0.00673	0.06234	0.01189	0.04122	0.00987	0.01131	0.00803	0.00433	0.00449	0.00091	0.03053	0.00335	0.00335	0.73919
4	0.06865	0.14436	0.06589	0.00981	0.01399	0.01136	0.00876	0.08636	0.05083	0.43180	0.01670	0.04362	0.01177	0.00639	0.00491	0.00158	0.00493	0.00500	0.00513	0.00816
5	0.01977	0.02469	0.01502	0.01355	0.01635	0.75481	0.01021	0.05761	0.01547	0.01394	0.00839	0.00969	0.00692	0.00549	0.00479	0.00137	0.00935	0.00347	0.00285	0.00627
6	0.00822	0.00605	0.00801	0.00843	0.00939	0.00595	0.02422	0.08401	0.01205	0.01609	0.05393	0.60360	0.03176	0.01483	0.00663	0.00209	0.00366	0.09125	0.00492	0.00492
7	0.01413	0.75446	0.06463	0.00948	0.01411	0.04398	0.00960	0.01604	0.01089	0.01266	0.00748	0.00864	0.00678	0.00458	0.00351	0.00116	0.00588	0.00290	0.00227	0.00681
8	0.00769	0.00513	0.00577	0.00577	0.00577	0.00513	0.00320	0.00769	0.00769	0.01025	0.01666	0.03460	0.01922	0.81421	0.02691	0.00513	0.00513	0.00769	0.00320	0.00320
9	0.00852	0.00608	0.00852	0.00974	0.01095	0.00608	0.00852	0.01095	0.01217	0.01582	0.02799	0.05963	0.03042	0.01460	0.00730	0.00243	0.00487	0.74565	0.00487	0.00487
10	0.00720	0.00596	0.00628	0.00605	0.00789	0.00537	0.00458	0.02743	0.06018	0.01627	0.15945	0.04630	0.60343	0.01244	0.00617	0.00176	0.00282	0.01044	0.00508	0.00489
11	0.00769	0.00513	0.00577	0.00577	0.00577	0.00513	0.00320	0.00769	0.00769	0.01025	0.01666	0.03460	0.01922	0.81421	0.02691	0.00513	0.00513	0.00769	0.00320	0.00320
12	0.01975	0.02520	0.01498	0.01362	0.01634	0.79299	0.01021	0.02111	0.01498	0.01294	0.00817	0.00953	0.00681	0.00545	0.00477	0.00136	0.00953	0.00340	0.00272	0.00613
13	0.01157	0.01157	0.01619	0.01388	0.01388	0.01619	0.01157	0.01272	0.00810	0.01272	0.00694	0.01157	0.00694	0.00925	0.01735	0.00231	0.80453	0.00463	0.00231	0.00578
14	0.00998	0.00940	0.01586	0.80150	0.03641	0.01175	0.01468	0.01351	0.01057	0.01351	0.00940	0.01409	0.00705	0.00529	0.00529	0.00176	0.00705	0.00470	0.00235	0.00587
15	0.77858	0.01012	0.00817	0.00717	0.01051	0.01150	0.00591	0.01644	0.00954	0.09082	0.00855	0.00942	0.00637	0.00505	0.00345	0.00164	0.00413	0.00308	0.00356	0.00601
16	0.01176	0.01121	0.01907	0.36005	0.46396	0.01221	0.01557	0.01507	0.01141	0.01567	0.00971	0.01351	0.00781	0.00496	0.00526	0.00165	0.00661	0.00471	0.00250	0.00731
17	0.01152	0.00615	0.00799	0.00746	0.00929	0.00547	0.00560	0.01323	0.01307	0.23159	0.22760	0.27808	0.13817	0.01179	0.00614	0.00183	0.00326	0.01032	0.00561	0.00582
18	0.00825	0.00541	0.00631	0.00636	0.00666	0.00537	0.00386	0.03017	0.00886	0.03300	0.01906	0.18295	0.02178	0.61469	0.02180	0.00435	0.00473	0.00895	0.00368	0.00374
19	0.01155	0.00958	0.01131	0.03149	0.01340	0.00754	0.00668	0.04065	0.01154	0.03481	0.00977	0.01127	0.00797	0.00410	0.00404	0.00086	0.00409	0.00329	0.00326	0.77280
20	0.01337	0.01012	0.01183	0.01045	0.04965	0.01015	0.00775	0.25721	0.07196	0.04089	0.05231	0.14876	0.01614	0.03223	0.02904	0.00181	0.00478	0.00654	0.02157	0.20344
21	0.02830	0.13962	0.38966	0.01540	0.10773	0.09231	0.02904	0.03794	0.01215	0.06049	0.01041	0.03533	0.00821	0.00541	0.00485	0.00156	0.00705	0.00425	0.00277	0.00750
22	0.01077	0.03011	0.00981	0.00844	0.01077	0.00771	0.02847	0.04565	0.12405	0.09341	0.04357	0.14494	0.20282	0.06029	0.00717	0.00198	0.00401	0.08335	0.00477	0.07792
23	0.06437	0.50663	0.13792	0.01038	0.02881	0.05550	0.01031	0.01638	0.02673	0.03607	0.05616	0.01144	0.00977	0.00517	0.00400	0.00132	0.00583	0.00360	0.00275	0.00685

[dist]
# distance from previous block
# <min> <max>
0	8

# created by:
# /st0/software/busco_prod/Augustus/scripts/msa2prfl.pl ./align_prep/219117.fa
