[name]
unknown

[dist]
# distance from previous block
# <min> <max>
38	148

[block]
# block no. 0 follows, 44 sequences, length 10
# corresponding to MSA columns:
# 179-188
name=unknown_A
#
# <colnr> <probs for GDERKNQSTAVLIFYWHMCP>
#	G	D	E	R	K	N	Q	S	T	A	V	L	I	F	Y	W	H	M	C	P
0	0.05150	0.00824	0.01088	0.14310	0.01548	0.00831	0.02767	0.03486	0.04157	0.04929	0.10335	0.14475	0.06356	0.03655	0.00662	0.00180	0.02598	0.02784	0.03773	0.16092
1	0.05411	0.00789	0.00988	0.07978	0.01297	0.00783	0.00703	0.04144	0.05808	0.21274	0.13008	0.04905	0.14974	0.07608	0.06052	0.00251	0.00495	0.00742	0.00502	0.02288
2	0.01250	0.06617	0.05817	0.37708	0.04948	0.01317	0.10039	0.05587	0.07439	0.05140	0.01215	0.01637	0.00954	0.00613	0.00610	0.00181	0.04395	0.03520	0.00318	0.00694
3	0.05867	0.00853	0.01174	0.01038	0.05272	0.00780	0.03326	0.01973	0.01363	0.44306	0.06595	0.07254	0.06833	0.07384	0.03271	0.00225	0.00491	0.00687	0.00556	0.00752
4	0.11482	0.01395	0.05363	0.03264	0.01567	0.03571	0.00961	0.46529	0.01990	0.05097	0.02965	0.07245	0.01207	0.04143	0.00627	0.00185	0.00569	0.00562	0.00482	0.00795
5	0.14432	0.18276	0.03767	0.05892	0.07514	0.09718	0.01009	0.13716	0.01414	0.05935	0.07025	0.01364	0.01122	0.00616	0.00557	0.00159	0.05970	0.00442	0.00361	0.00713
6	0.04753	0.09371	0.09337	0.11436	0.07129	0.11335	0.02550	0.11921	0.01359	0.01825	0.01029	0.01332	0.00853	0.05965	0.00632	0.00168	0.00643	0.00424	0.00316	0.17621
7	0.01381	0.10818	0.09818	0.13525	0.12156	0.01287	0.12521	0.07195	0.03692	0.08741	0.05192	0.01496	0.01096	0.00555	0.00526	0.00159	0.00640	0.00500	0.00347	0.08355
8	0.10350	0.08724	0.14575	0.04347	0.01728	0.05066	0.05283	0.10185	0.10818	0.06780	0.01252	0.01424	0.00965	0.00574	0.00488	0.00154	0.00593	0.02403	0.00374	0.13916
9	0.10440	0.12452	0.25462	0.04436	0.01886	0.05456	0.07671	0.05250	0.08569	0.08300	0.01243	0.04370	0.00970	0.00596	0.00501	0.00167	0.00656	0.00480	0.00344	0.00752

[dist]
# distance from previous block
# <min> <max>
9	37

[block]
# block no. 1 follows, 44 sequences, length 60
# corresponding to MSA columns:
# 229-288
name=unknown_B
#
# <colnr> <probs for GDERKNQSTAVLIFYWHMCP>
#	G	D	E	R	K	N	Q	S	T	A	V	L	I	F	Y	W	H	M	C	P
0	0.09369	0.25533	0.41632	0.01337	0.01969	0.03312	0.06510	0.01699	0.01135	0.01659	0.00898	0.01062	0.00693	0.00499	0.00459	0.00156	0.00715	0.00375	0.00246	0.00745
1	0.01430	0.75146	0.08634	0.00981	0.01473	0.02089	0.01016	0.01640	0.01111	0.01317	0.00775	0.00896	0.00699	0.00470	0.00363	0.00121	0.00600	0.00300	0.00233	0.00708
2	0.00945	0.00676	0.00824	0.00812	0.00939	0.00668	0.00584	0.12799	0.01329	0.01794	0.12339	0.43108	0.06038	0.04461	0.00841	0.06533	0.00375	0.01138	0.00492	0.03307
3	0.05441	0.04825	0.06483	0.01572	0.11264	0.20537	0.06835	0.21823	0.04870	0.04392	0.04190	0.01376	0.01040	0.00667	0.02158	0.00174	0.00723	0.00474	0.00384	0.00771
4	0.00781	0.00575	0.00830	0.00830	0.00912	0.00657	0.00624	0.00944	0.00863	0.01232	0.01502	0.02374	0.01464	0.16576	0.66331	0.00820	0.01309	0.00618	0.00298	0.00461
5	0.00686	0.00487	0.00640	0.00739	0.00778	0.00457	0.00493	0.00791	0.01078	0.01451	0.10859	0.66377	0.03646	0.07727	0.00850	0.00240	0.00326	0.01431	0.00503	0.00442
6	0.18356	0.00620	0.00723	0.00725	0.00831	0.00638	0.00515	0.01008	0.00970	0.03795	0.10488	0.22582	0.02120	0.04660	0.01184	0.28784	0.00398	0.00795	0.00388	0.00422
7	0.01350	0.01285	0.02134	0.03167	0.71359	0.01300	0.01608	0.01771	0.07257	0.01821	0.01121	0.01404	0.00928	0.00506	0.00541	0.00164	0.00630	0.00496	0.00293	0.00864
8	0.00677	0.00485	0.00634	0.00739	0.00781	0.00452	0.00495	0.00779	0.01070	0.01428	0.07702	0.69142	0.06264	0.05596	0.00794	0.00232	0.00322	0.01462	0.00503	0.00442
9	0.47793	0.00921	0.00861	0.00788	0.01059	0.01013	0.00634	0.07128	0.01207	0.05354	0.12743	0.10000	0.01824	0.00811	0.00474	0.00180	0.00407	0.05771	0.00436	0.00597
10	0.10959	0.00770	0.00971	0.00831	0.01101	0.00715	0.00653	0.01797	0.01384	0.37012	0.21132	0.12716	0.02512	0.00952	0.00630	0.03444	0.00387	0.00761	0.00579	0.00694
11	0.80599	0.01048	0.00824	0.00730	0.01071	0.01202	0.00601	0.01655	0.00959	0.06196	0.00828	0.00934	0.00628	0.00514	0.00348	0.00169	0.00424	0.00308	0.00354	0.00607
12	0.01939	0.01398	0.01493	0.01160	0.01557	0.01541	0.00953	0.66207	0.02383	0.03258	0.01368	0.01401	0.00987	0.00652	0.00525	0.00159	0.00556	0.00493	0.11096	0.00874
13	0.00809	0.00586	0.00719	0.00693	0.00823	0.00552	0.00508	0.01073	0.05109	0.03232	0.47502	0.09324	0.14689	0.09749	0.00872	0.00217	0.00309	0.02178	0.00549	0.00506
14	0.29040	0.00877	0.00972	0.00818	0.01137	0.00866	0.00657	0.01899	0.01290	0.35320	0.10138	0.06919	0.04617	0.02461	0.00550	0.00181	0.00412	0.00605	0.00531	0.00710
15	0.77323	0.01061	0.00854	0.00748	0.01093	0.01212	0.00616	0.03870	0.01014	0.06973	0.00859	0.00956	0.00646	0.00521	0.00356	0.00169	0.00430	0.00316	0.00364	0.00621
16	0.21020	0.00956	0.01160	0.00913	0.01316	0.00897	0.00754	0.02419	0.01418	0.60796	0.01837	0.01637	0.01178	0.00637	0.00501	0.00169	0.00454	0.00491	0.00599	0.00852
17	0.07826	0.00890	0.01117	0.00888	0.01258	0.00803	0.00725	0.05175	0.01503	0.55168	0.04177	0.02381	0.14073	0.00790	0.00552	0.00171	0.00431	0.00639	0.00616	0.00817
18	0.01348	0.00679	0.00883	0.00778	0.01004	0.00602	0.00599	0.01544	0.01422	0.29426	0.28095	0.13581	0.13565	0.03110	0.00670	0.00188	0.00350	0.00920	0.00595	0.00643
19	0.00665	0.00552	0.00582	0.00578	0.00750	0.00469	0.00432	0.00822	0.01287	0.01586	0.17017	0.06591	0.64101	0.01344	0.00645	0.00183	0.00274	0.01132	0.00521	0.00469
20	0.01349	0.01295	0.02213	0.03346	0.77440	0.01295	0.01673	0.01673	0.01241	0.01781	0.01025	0.01349	0.00864	0.00486	0.00540	0.00162	0.00648	0.00486	0.00270	0.00864
21	0.00779	0.00584	0.00876	0.00876	0.00974	0.00681	0.00681	0.00974	0.00876	0.01266	0.01460	0.02142	0.01363	0.04089	0.78680	0.00876	0.01460	0.00584	0.00292	0.00487
22	0.82817	0.01051	0.00812	0.00723	0.01062	0.01213	0.00595	0.01627	0.00942	0.04163	0.00791	0.00908	0.00608	0.00510	0.00342	0.00169	0.00423	0.00301	0.00345	0.00598
23	0.02072	0.01527	0.01636	0.01254	0.01691	0.01691	0.01036	0.75622	0.02563	0.03436	0.01309	0.01309	0.00927	0.00654	0.00545	0.00164	0.00600	0.00491	0.00545	0.00927
24	0.00956	0.00603	0.00725	0.00676	0.00864	0.00528	0.00513	0.01143	0.01379	0.12954	0.29945	0.10119	0.35125	0.01209	0.00634	0.00180	0.00300	0.01035	0.00564	0.00547
25	0.00706	0.00507	0.00623	0.00686	0.00772	0.00464	0.00479	0.00849	0.01177	0.01594	0.16133	0.46212	0.18511	0.01458	0.00652	0.00198	0.00293	0.01293	0.06930	0.00464
26	0.02909	0.00537	0.00636	0.00652	0.00690	0.00530	0.00410	0.00850	0.00973	0.01352	0.14488	0.18974	0.02785	0.48066	0.03524	0.00406	0.00458	0.00960	0.00410	0.00393
27	0.01154	0.00983	0.01143	0.00818	0.01302	0.00750	0.00656	0.03189	0.01166	0.01817	0.00977	0.01135	0.00810	0.00410	0.00407	0.00083	0.00409	0.00327	0.00328	0.82136
28	0.01387	0.23911	0.37930	0.01392	0.02020	0.01556	0.08309	0.11095	0.01346	0.04748	0.01016	0.01152	0.00761	0.00522	0.00488	0.00157	0.00716	0.00411	0.00292	0.00790
29	0.00678	0.00574	0.00590	0.00590	0.00774	0.00495	0.00448	0.00865	0.03470	0.01521	0.07155	0.05157	0.70263	0.01360	0.00646	0.00186	0.00289	0.03956	0.00510	0.00475
30	0.01356	0.01171	0.01233	0.01109	0.01418	0.01356	0.00863	0.02897	0.76455	0.02281	0.02219	0.02034	0.01664	0.00740	0.00555	0.00185	0.00431	0.00616	0.00555	0.00863
31	0.01228	0.01201	0.05463	0.41467	0.10115	0.01298	0.04274	0.07497	0.18275	0.01819	0.01289	0.01549	0.00970	0.00587	0.00549	0.00179	0.00654	0.00517	0.00340	0.00729
32	0.01130	0.00969	0.01130	0.00807	0.01292	0.00727	0.00646	0.01373	0.01130	0.01776	0.00969	0.01130	0.00807	0.00404	0.00404	0.00081	0.00404	0.00323	0.00323	0.84173
33	0.01969	0.11823	0.01702	0.01344	0.01652	0.67347	0.01039	0.04300	0.01524	0.01391	0.00847	0.00980	0.00709	0.00553	0.00476	0.00138	0.00925	0.00348	0.00283	0.00649
34	0.00651	0.00528	0.00578	0.00618	0.00754	0.00455	0.00443	0.00775	0.01180	0.01447	0.04726	0.29045	0.53934	0.01484	0.00661	0.00196	0.00289	0.01277	0.00506	0.00455
35	0.01172	0.00935	0.00985	0.00897	0.01104	0.06800	0.00683	0.10719	0.13512	0.05263	0.32932	0.14491	0.06212	0.01036	0.00609	0.00178	0.00401	0.00889	0.00547	0.00635
36	0.00951	0.00985	0.04952	0.04588	0.01761	0.00875	0.28968	0.01245	0.01226	0.01673	0.14495	0.31233	0.02570	0.01039	0.00653	0.00195	0.00572	0.01020	0.00412	0.00587
37	0.02446	0.00928	0.01265	0.00970	0.01392	0.00801	0.00801	0.02657	0.01560	0.77817	0.02151	0.01856	0.01350	0.00675	0.00548	0.00169	0.00464	0.00548	0.00675	0.00928
38	0.00664	0.00474	0.00633	0.00759	0.00791	0.00443	0.00506	0.00759	0.01044	0.01392	0.03005	0.80485	0.03606	0.01708	0.00696	0.00221	0.00316	0.01550	0.00506	0.00443
39	0.02457	0.00687	0.00778	0.00749	0.00899	0.00683	0.00537	0.05268	0.10317	0.05481	0.10331	0.20140	0.19633	0.18285	0.01085	0.00263	0.00386	0.00997	0.00491	0.00534
40	0.00792	0.00593	0.00763	0.00851	0.00986	0.00564	0.00712	0.00998	0.01235	0.01566	0.03680	0.11595	0.25225	0.01484	0.00716	0.00229	0.00420	0.46602	0.00504	0.00485
41	0.00676	0.00554	0.00596	0.00585	0.00756	0.00474	0.00439	0.00843	0.01317	0.01649	0.23195	0.04957	0.59437	0.01315	0.00644	0.00181	0.00271	0.01110	0.00529	0.00474
42	0.01497	0.01105	0.01205	0.01016	0.01293	0.01200	0.00797	0.39077	0.09644	0.02507	0.01925	0.08529	0.05350	0.14181	0.00941	0.00236	0.00515	0.04978	0.03285	0.00720
43	0.01576	0.00928	0.01100	0.00968	0.01260	0.00950	0.00753	0.02316	0.32656	0.28551	0.02510	0.16295	0.05867	0.00925	0.00583	0.00186	0.00414	0.00789	0.00585	0.00789
44	0.01167	0.00991	0.01150	0.00825	0.01308	0.00764	0.00661	0.04262	0.01186	0.01841	0.00982	0.01137	0.00812	0.00414	0.00409	0.00084	0.00411	0.00330	0.00332	0.80934
45	0.00801	0.00561	0.00727	0.00705	0.00833	0.00526	0.00542	0.01058	0.01483	0.02117	0.63711	0.04129	0.04649	0.01118	0.00634	0.00176	0.00282	0.08444	0.06990	0.00513
46	0.00843	0.00566	0.00699	0.00686	0.00828	0.00507	0.00504	0.01024	0.01339	0.07616	0.34321	0.21009	0.23774	0.02921	0.00691	0.00193	0.00297	0.01116	0.00554	0.00512
47	0.00818	0.00567	0.00700	0.00675	0.00823	0.00508	0.00503	0.01022	0.01406	0.06101	0.45308	0.13252	0.23827	0.01230	0.00644	0.00181	0.00281	0.01072	0.00568	0.00515
48	0.02346	0.01087	0.01364	0.01046	0.01471	0.01038	0.00864	0.22100	0.01828	0.57996	0.01926	0.01710	0.01237	0.00669	0.00547	0.00167	0.00500	0.00533	0.00640	0.00928
49	0.00918	0.00619	0.00767	0.00719	0.00885	0.00576	0.00542	0.01218	0.06094	0.08344	0.48290	0.09835	0.16808	0.01146	0.00634	0.00178	0.00293	0.00998	0.00580	0.00556
50	0.00797	0.00538	0.00669	0.00691	0.00791	0.00492	0.00484	0.00924	0.01188	0.05346	0.20697	0.32335	0.18448	0.10268	0.00943	0.02915	0.00330	0.01168	0.00508	0.00468
51	0.00665	0.00492	0.00622	0.00720	0.00782	0.00449	0.00490	0.00774	0.01099	0.01438	0.06483	0.64132	0.16607	0.01626	0.00685	0.00213	0.00307	0.01457	0.00510	0.00449
52	0.00664	0.00474	0.00633	0.00759	0.00791	0.00443	0.00506	0.00759	0.01044	0.01392	0.03005	0.80485	0.03606	0.01708	0.00696	0.00221	0.00316	0.01550	0.00506	0.00443
53	0.00978	0.00670	0.00760	0.00714	0.00881	0.00634	0.00520	0.09085	0.01321	0.07524	0.09479	0.16854	0.31389	0.15504	0.01016	0.00248	0.00376	0.01023	0.00500	0.00525
54	0.01258	0.01169	0.01578	0.08551	0.36560	0.10011	0.01201	0.01494	0.01235	0.05373	0.01778	0.19776	0.06022	0.00843	0.00577	0.00176	0.00586	0.00757	0.00357	0.00698
55	0.03341	0.01509	0.14865	0.01758	0.08237	0.01202	0.28663	0.08118	0.01423	0.19698	0.02827	0.03457	0.01083	0.00582	0.00578	0.00175	0.00707	0.00577	0.00397	0.00804
56	0.04831	0.01511	0.01608	0.01236	0.01669	0.01675	0.01021	0.73150	0.02509	0.03403	0.01291	0.01295	0.00916	0.00649	0.00538	0.00164	0.00594	0.00484	0.00538	0.00916
57	0.04142	0.01103	0.01492	0.33009	0.02394	0.01260	0.03350	0.27057	0.01629	0.02207	0.07095	0.05532	0.01345	0.00836	0.03600	0.00205	0.00647	0.02000	0.00399	0.00699
58	0.05965	0.01164	0.01502	0.06690	0.06274	0.01221	0.05911	0.27255	0.06866	0.17865	0.09060	0.04785	0.01543	0.00712	0.00558	0.00172	0.00540	0.00600	0.00510	0.00807
59	0.01411	0.18996	0.14921	0.04105	0.08593	0.04900	0.10395	0.14601	0.04373	0.01936	0.04073	0.03040	0.02675	0.00594	0.00512	0.00157	0.00658	0.00499	0.00339	0.03222

[dist]
# distance from previous block
# <min> <max>
0	8

# created by:
# /st0/software/busco_prod/Augustus/scripts/msa2prfl.pl ./align_prep/219680.fa
