[name]
unknown

[dist]
# distance from previous block
# <min> <max>
0	49

[block]
# block no. 0 follows, 39 sequences, length 9
# corresponding to MSA columns:
# 49-57
name=unknown_A
#
# <colnr> <probs for GDERKNQSTAVLIFYWHMCP>
#	G	D	E	R	K	N	Q	S	T	A	V	L	I	F	Y	W	H	M	C	P
0	0.01088	0.00813	0.01037	0.00982	0.01161	0.00814	0.02806	0.14979	0.01551	0.02108	0.14066	0.40635	0.03298	0.01520	0.03472	0.00240	0.00470	0.04644	0.00550	0.03765
1	0.05892	0.01388	0.01591	0.07097	0.01828	0.01558	0.01075	0.41195	0.07243	0.11407	0.01508	0.01573	0.01092	0.00806	0.02276	0.00203	0.07009	0.00540	0.03820	0.00899
2	0.01353	0.01132	0.01298	0.00974	0.01442	0.00996	0.00783	0.11288	0.05525	0.02162	0.01426	0.01546	0.04879	0.00577	0.00546	0.00119	0.03783	0.00447	0.00404	0.59320
3	0.01394	0.00925	0.01126	0.01061	0.05204	0.00886	0.00769	0.10601	0.07585	0.14660	0.11704	0.15090	0.17287	0.01090	0.00640	0.00188	0.00430	0.00931	0.00571	0.07858
4	0.01773	0.01266	0.01372	0.01112	0.01476	0.02644	0.00888	0.37557	0.05899	0.08164	0.01972	0.05153	0.05951	0.07251	0.00787	0.00208	0.00556	0.03052	0.04961	0.07959
5	0.01730	0.04260	0.01353	0.03980	0.01517	0.03821	0.00852	0.08026	0.13982	0.22294	0.07417	0.02076	0.04427	0.00727	0.00556	0.00162	0.00497	0.00590	0.04479	0.17253
6	0.01698	0.01175	0.01506	0.09647	0.10540	0.01239	0.01066	0.24922	0.04910	0.12956	0.09444	0.06108	0.01752	0.00893	0.02721	0.00203	0.00587	0.00664	0.05193	0.02776
7	0.01133	0.00887	0.01050	0.00959	0.01182	0.02884	0.02790	0.05104	0.10427	0.04347	0.02718	0.26921	0.12392	0.01306	0.02372	0.04227	0.02769	0.00997	0.04182	0.11354
8	0.01357	0.00951	0.01136	0.01000	0.03398	0.00886	0.00750	0.11828	0.05667	0.10753	0.12688	0.14138	0.12126	0.00997	0.00611	0.00172	0.00430	0.00849	0.00540	0.19722

[dist]
# distance from previous block
# <min> <max>
4	30

[block]
# block no. 1 follows, 39 sequences, length 6
# corresponding to MSA columns:
# 88-93
name=unknown_B
#
# <colnr> <probs for GDERKNQSTAVLIFYWHMCP>
#	G	D	E	R	K	N	Q	S	T	A	V	L	I	F	Y	W	H	M	C	P
0	0.04286	0.01281	0.03848	0.20392	0.16098	0.04436	0.04166	0.08291	0.04144	0.06470	0.03961	0.03878	0.04663	0.00704	0.00625	0.00182	0.03105	0.00598	0.02480	0.06395
1	0.01491	0.01150	0.01615	0.15717	0.11965	0.01209	0.04565	0.12264	0.10520	0.08951	0.01645	0.07845	0.01356	0.00925	0.04573	0.00220	0.00651	0.00641	0.03825	0.08870
2	0.05654	0.01234	0.01410	0.17743	0.02025	0.05196	0.01029	0.13232	0.17333	0.10284	0.01726	0.01878	0.03272	0.03924	0.00661	0.00193	0.00590	0.00566	0.03506	0.08542
3	0.06091	0.01114	0.01428	0.19110	0.10393	0.04193	0.01092	0.05901	0.04262	0.01926	0.05022	0.03804	0.04831	0.03896	0.00791	0.00197	0.08437	0.00601	0.08461	0.08450
4	0.05203	0.01138	0.01459	0.06325	0.12446	0.01227	0.01035	0.15392	0.06456	0.02166	0.03902	0.09714	0.04076	0.04934	0.04069	0.00238	0.08399	0.00686	0.00427	0.10709
5	0.01448	0.01199	0.01719	0.17507	0.02210	0.01292	0.09185	0.12235	0.08374	0.06568	0.04997	0.01732	0.01256	0.00878	0.04709	0.00220	0.08668	0.00565	0.00412	0.14824

[dist]
# distance from previous block
# <min> <max>
3	4

[block]
# block no. 2 follows, 39 sequences, length 8
# corresponding to MSA columns:
# 98-105
name=unknown_C
#
# <colnr> <probs for GDERKNQSTAVLIFYWHMCP>
#	G	D	E	R	K	N	Q	S	T	A	V	L	I	F	Y	W	H	M	C	P
0	0.00859	0.00681	0.00784	0.00777	0.00944	0.00654	0.00574	0.01259	0.11889	0.01957	0.27384	0.19065	0.28218	0.01374	0.00695	0.00203	0.00326	0.01192	0.00590	0.00577
1	0.01341	0.01276	0.01671	0.07897	0.05987	0.09364	0.13581	0.01993	0.20233	0.04049	0.11209	0.09370	0.05942	0.00896	0.00645	0.00196	0.00624	0.02512	0.00472	0.00743
2	0.09123	0.00967	0.01023	0.00870	0.01155	0.03883	0.00691	0.12548	0.01631	0.18532	0.12953	0.02224	0.01937	0.00765	0.00523	0.00166	0.00430	0.00609	0.29238	0.00733
3	0.01155	0.01000	0.01367	0.01758	0.21090	0.05615	0.01152	0.01442	0.01411	0.01858	0.10292	0.04684	0.02816	0.01228	0.00724	0.00230	0.00590	0.40455	0.00474	0.00660
4	0.02562	0.01061	0.01395	0.01080	0.01531	0.00962	0.00889	0.07235	0.05866	0.67359	0.02281	0.01987	0.01455	0.00735	0.00595	0.00184	0.00510	0.00595	0.00716	0.01002
5	0.01401	0.01731	0.15363	0.03050	0.47389	0.01419	0.17237	0.01842	0.01340	0.01914	0.01122	0.01455	0.00896	0.00527	0.00606	0.00183	0.00795	0.00548	0.00287	0.00896
6	0.03642	0.13419	0.20978	0.01614	0.04058	0.05856	0.16915	0.07804	0.01466	0.10012	0.01209	0.01362	0.00895	0.00561	0.00554	0.00169	0.00765	0.00489	0.00357	0.07875
7	0.09998	0.06263	0.01838	0.01400	0.01819	0.16561	0.08889	0.25494	0.15018	0.04860	0.01408	0.01456	0.01053	0.00657	0.00559	0.00177	0.00713	0.00513	0.00467	0.00857

[dist]
# distance from previous block
# <min> <max>
1	7

[block]
# block no. 3 follows, 39 sequences, length 110
# corresponding to MSA columns:
# 113-128,158-251
name=unknown_D
#
# <colnr> <probs for GDERKNQSTAVLIFYWHMCP>
#	G	D	E	R	K	N	Q	S	T	A	V	L	I	F	Y	W	H	M	C	P
0	0.15173	0.07456	0.01485	0.01177	0.01510	0.26773	0.00930	0.15422	0.06605	0.02259	0.10584	0.03534	0.03225	0.00748	0.00540	0.00171	0.00683	0.00551	0.00440	0.00735
1	0.43155	0.01472	0.07279	0.01136	0.03368	0.01500	0.00966	0.23851	0.07611	0.02886	0.01162	0.01239	0.00864	0.00620	0.00476	0.00183	0.00557	0.00428	0.00443	0.00803
2	0.01281	0.00945	0.01049	0.00922	0.01212	0.00948	0.00709	0.04947	0.25462	0.09213	0.09224	0.05205	0.21134	0.06149	0.00780	0.00211	0.00420	0.00847	0.00562	0.08780
3	0.01097	0.00695	0.00841	0.00819	0.01001	0.00650	0.00603	0.01398	0.08171	0.12973	0.13414	0.28822	0.21777	0.03978	0.00769	0.00221	0.00367	0.01202	0.00589	0.00614
4	0.09072	0.04530	0.62541	0.01588	0.02383	0.01378	0.04199	0.01892	0.01244	0.04397	0.01080	0.01251	0.00767	0.00563	0.00544	0.00186	0.00820	0.00437	0.00278	0.00851
5	0.01214	0.01108	0.01636	0.02254	0.38235	0.02568	0.01228	0.01642	0.09864	0.01901	0.07342	0.16962	0.09634	0.00962	0.00638	0.00194	0.00542	0.00874	0.00430	0.00773
6	0.07643	0.00882	0.01128	0.00929	0.01278	0.00791	0.00744	0.02199	0.01562	0.47687	0.12171	0.08911	0.09598	0.00951	0.00616	0.00190	0.00437	0.00792	0.00663	0.00828
7	0.06443	0.01029	0.01338	0.01042	0.01477	0.00934	0.00856	0.05896	0.03388	0.63993	0.05662	0.02053	0.01606	0.00746	0.00588	0.00183	0.00496	0.00603	0.00701	0.00966
8	0.16599	0.00723	0.00707	0.00670	0.00907	0.00681	0.00517	0.01143	0.01333	0.05391	0.12122	0.04480	0.50205	0.01250	0.00630	0.00194	0.00337	0.01021	0.00534	0.00556
9	0.11588	0.00935	0.01188	0.00954	0.01332	0.00855	0.00775	0.02368	0.01609	0.51555	0.17927	0.02412	0.02259	0.00814	0.00591	0.00184	0.00449	0.00666	0.00672	0.00867
10	0.57977	0.01145	0.01055	0.00885	0.01281	0.01249	0.00730	0.06950	0.01297	0.20740	0.01235	0.01251	0.00868	0.00605	0.00438	0.00183	0.00482	0.00402	0.00471	0.00755
11	0.77530	0.01150	0.00916	0.00805	0.01178	0.01318	0.00663	0.03608	0.01084	0.06141	0.00910	0.01022	0.00689	0.00562	0.00382	0.00183	0.00465	0.00339	0.00389	0.00667
12	0.00736	0.00540	0.00751	0.00862	0.00909	0.00504	0.02224	0.00848	0.01138	0.01518	0.03212	0.77054	0.03842	0.01822	0.00754	0.00239	0.00358	0.01659	0.00543	0.00488
13	0.04372	0.00685	0.00820	0.00746	0.00961	0.00617	0.00574	0.01322	0.01546	0.13239	0.39096	0.04324	0.27056	0.01203	0.00669	0.00190	0.00327	0.01025	0.00619	0.00610
14	0.02359	0.01479	0.01665	0.01277	0.01745	0.01571	0.01055	0.54279	0.02484	0.23423	0.01669	0.01582	0.01131	0.00716	0.00592	0.00179	0.00611	0.00549	0.00630	0.01006
15	0.05055	0.01640	0.01429	0.01247	0.01589	0.19110	0.00973	0.14912	0.35056	0.04451	0.04557	0.01832	0.01500	0.00741	0.00572	0.00182	0.00627	0.00573	0.03102	0.00853
16	0.01486	0.01063	0.01267	0.00919	0.01432	0.00834	0.00741	0.03991	0.01350	0.13777	0.01267	0.01358	0.00974	0.00493	0.00468	0.00106	0.00455	0.00395	0.00419	0.67205
17	0.00903	0.00680	0.00845	0.00790	0.00954	0.00659	0.00596	0.01334	0.09885	0.02352	0.64218	0.04219	0.07944	0.01175	0.00687	0.00188	0.00301	0.01031	0.00641	0.00598
18	0.00738	0.00601	0.00653	0.00640	0.00823	0.00516	0.00480	0.00925	0.01440	0.01817	0.25630	0.05330	0.55511	0.01416	0.00699	0.00196	0.00294	0.01197	0.00578	0.00516
19	0.43189	0.01084	0.01118	0.00919	0.01327	0.01118	0.00756	0.02316	0.03672	0.36764	0.01577	0.01490	0.01061	0.00642	0.00480	0.00184	0.00479	0.00459	0.00544	0.00820
20	0.01066	0.00534	0.00782	0.00772	0.00796	0.00525	0.00522	0.00844	0.00828	0.03543	0.01305	0.01989	0.04548	0.01984	0.02178	0.76150	0.00503	0.00551	0.00286	0.00293
21	0.02248	0.01656	0.01775	0.01361	0.01834	0.01834	0.01124	0.73556	0.02780	0.03727	0.01420	0.01420	0.01006	0.00710	0.00592	0.00177	0.00651	0.00532	0.00592	0.01006
22	0.00721	0.00515	0.00686	0.00823	0.00858	0.00480	0.00549	0.00823	0.01132	0.01510	0.03259	0.78831	0.03911	0.01853	0.00755	0.00240	0.00343	0.01681	0.00549	0.00480
23	0.00847	0.00626	0.00912	0.00912	0.01004	0.00718	0.00691	0.01031	0.00939	0.01344	0.01620	0.02520	0.01564	0.13940	0.67485	0.00902	0.01456	0.00662	0.00322	0.00506
24	0.01441	0.01243	0.01347	0.01262	0.03965	0.01426	0.00947	0.03003	0.68594	0.02451	0.05802	0.02286	0.01955	0.00812	0.00606	0.00199	0.00467	0.00683	0.00594	0.00918
25	0.00721	0.00515	0.00686	0.00823	0.00858	0.00480	0.00549	0.00823	0.01132	0.01510	0.03259	0.78831	0.03911	0.01853	0.00755	0.00240	0.00343	0.01681	0.00549	0.00480
26	0.01487	0.01450	0.02377	0.03563	0.73194	0.03794	0.01794	0.01832	0.01357	0.01917	0.01106	0.01451	0.00931	0.00530	0.00584	0.00175	0.00714	0.00522	0.00293	0.00929
27	0.01545	0.01254	0.01339	0.01194	0.01536	0.01433	0.00932	0.03126	0.69925	0.07052	0.02402	0.02194	0.01784	0.00798	0.00601	0.00199	0.00470	0.00664	0.00610	0.00940
28	0.01492	0.01281	0.01349	0.01208	0.01546	0.01481	0.00941	0.05066	0.72501	0.02508	0.02380	0.02185	0.01783	0.00800	0.00601	0.00200	0.00473	0.00665	0.00601	0.00938
29	0.83394	0.01144	0.00869	0.00778	0.01144	0.01327	0.00640	0.01738	0.01006	0.02653	0.00823	0.00961	0.00640	0.00549	0.00366	0.00183	0.00457	0.00320	0.00366	0.00640
30	0.01102	0.00551	0.00551	0.00551	0.00689	0.00551	0.00413	0.01378	0.01240	0.02205	0.01929	0.02205	0.01516	0.00689	0.00413	0.00138	0.00276	0.00551	0.82500	0.00551
31	0.83394	0.01144	0.00869	0.00778	0.01144	0.01327	0.00640	0.01738	0.01006	0.02653	0.00823	0.00961	0.00640	0.00549	0.00366	0.00183	0.00457	0.00320	0.00366	0.00640
32	0.00721	0.00515	0.00686	0.00823	0.00858	0.00480	0.00549	0.00823	0.01132	0.01510	0.03259	0.78831	0.03911	0.01853	0.00755	0.00240	0.00343	0.01681	0.00549	0.00480
33	0.01226	0.01051	0.01226	0.00876	0.01401	0.00788	0.00701	0.01489	0.01226	0.01927	0.01051	0.01226	0.00876	0.00438	0.00438	0.00088	0.00438	0.00350	0.00350	0.82832
34	0.01226	0.01051	0.01226	0.00876	0.01401	0.00788	0.00701	0.01489	0.01226	0.01927	0.01051	0.01226	0.00876	0.00438	0.00438	0.00088	0.00438	0.00350	0.00350	0.82832
35	0.83394	0.01144	0.00869	0.00778	0.01144	0.01327	0.00640	0.01738	0.01006	0.02653	0.00823	0.00961	0.00640	0.00549	0.00366	0.00183	0.00457	0.00320	0.00366	0.00640
36	0.01226	0.01051	0.01226	0.00876	0.01401	0.00788	0.00701	0.01489	0.01226	0.01927	0.01051	0.01226	0.00876	0.00438	0.00438	0.00088	0.00438	0.00350	0.00350	0.82832
37	0.66715	0.01132	0.00976	0.00840	0.01218	0.01264	0.00691	0.04764	0.01191	0.13194	0.02738	0.01208	0.00884	0.00596	0.00415	0.00183	0.00468	0.00385	0.00434	0.00706
38	0.83394	0.01144	0.00869	0.00778	0.01144	0.01327	0.00640	0.01738	0.01006	0.02653	0.00823	0.00961	0.00640	0.00549	0.00366	0.00183	0.00457	0.00320	0.00366	0.00640
39	0.02335	0.01426	0.01623	0.01252	0.01709	0.01501	0.01031	0.49830	0.02402	0.26034	0.01749	0.03561	0.01221	0.00746	0.00597	0.00181	0.00597	0.00581	0.00634	0.00993
40	0.00708	0.00565	0.00634	0.00690	0.00823	0.00492	0.00490	0.00838	0.01260	0.01562	0.04882	0.35387	0.46308	0.01642	0.00722	0.00216	0.00317	0.01424	0.00549	0.00492
41	0.80850	0.01160	0.00898	0.00796	0.01165	0.01343	0.00656	0.03990	0.01062	0.02687	0.00842	0.00975	0.00652	0.00554	0.00373	0.00183	0.00464	0.00327	0.00373	0.00652
42	0.05106	0.01011	0.01357	0.01044	0.01499	0.00883	0.00862	0.02847	0.01672	0.73711	0.02287	0.01981	0.01439	0.00726	0.00588	0.00183	0.00502	0.00586	0.00721	0.00995
43	0.01094	0.00617	0.00818	0.00852	0.00980	0.00559	0.00605	0.01232	0.01276	0.15769	0.06610	0.56866	0.07224	0.01590	0.00719	0.00225	0.00368	0.01422	0.00589	0.00585
44	0.01186	0.03059	0.76153	0.01686	0.02560	0.01373	0.02185	0.01873	0.01249	0.01873	0.01061	0.01249	0.00749	0.00562	0.00562	0.00187	0.00874	0.00437	0.00250	0.00874
45	0.83394	0.01144	0.00869	0.00778	0.01144	0.01327	0.00640	0.01738	0.01006	0.02653	0.00823	0.00961	0.00640	0.00549	0.00366	0.00183	0.00457	0.00320	0.00366	0.00640
46	0.00830	0.00604	0.00781	0.00737	0.00879	0.00555	0.00553	0.01103	0.01658	0.02333	0.71756	0.04481	0.09064	0.01223	0.00698	0.00187	0.00280	0.01078	0.00646	0.00555
47	0.02248	0.01656	0.01775	0.01361	0.01834	0.01834	0.01124	0.73556	0.02780	0.03727	0.01420	0.01420	0.01006	0.00710	0.00592	0.00177	0.00651	0.00532	0.00592	0.01006
48	0.00845	0.00634	0.00950	0.00950	0.01056	0.00739	0.00739	0.01056	0.00950	0.01373	0.01584	0.02323	0.01478	0.04435	0.76873	0.00950	0.01584	0.00634	0.00317	0.00528
49	0.00720	0.00517	0.00684	0.00818	0.00856	0.00481	0.00547	0.00824	0.01137	0.01512	0.03323	0.77136	0.05566	0.01845	0.00754	0.00239	0.00342	0.01671	0.00549	0.00481
50	0.01193	0.00700	0.00903	0.00805	0.01016	0.00639	0.00620	0.01491	0.03703	0.16451	0.53701	0.03993	0.10177	0.01129	0.00675	0.00187	0.00329	0.00981	0.00657	0.00650
51	0.00824	0.00604	0.00773	0.00731	0.00876	0.00553	0.00548	0.01091	0.01644	0.02300	0.68831	0.04535	0.12009	0.01236	0.00698	0.00187	0.00281	0.01086	0.00642	0.00553
52	0.01313	0.00702	0.00927	0.00830	0.01043	0.00632	0.00634	0.01548	0.01589	0.22188	0.43372	0.12472	0.06312	0.02828	0.00726	0.00200	0.00354	0.01013	0.00652	0.00665
53	0.72558	0.01125	0.00937	0.00815	0.01193	0.01265	0.00671	0.01892	0.01099	0.12488	0.01026	0.01102	0.00751	0.00574	0.00397	0.00183	0.00464	0.00357	0.00415	0.00690
54	0.00733	0.00603	0.00649	0.00672	0.00838	0.00528	0.00490	0.00927	0.03649	0.01636	0.07907	0.21195	0.55021	0.01541	0.00708	0.00208	0.00313	0.01316	0.00555	0.00511
55	0.00806	0.00603	0.00748	0.00712	0.00865	0.00545	0.00534	0.01057	0.01602	0.02200	0.59895	0.04699	0.21007	0.01273	0.00698	0.00189	0.00284	0.01109	0.00628	0.00545
56	0.68962	0.01100	0.00922	0.00805	0.01175	0.01228	0.00661	0.01845	0.01112	0.12159	0.01264	0.01321	0.04272	0.00618	0.00412	0.00184	0.00456	0.00400	0.00422	0.00682
57	0.01027	0.00514	0.00770	0.00770	0.00770	0.00514	0.00514	0.00770	0.00770	0.01027	0.01027	0.01798	0.01027	0.02054	0.02311	0.82794	0.00514	0.00514	0.00257	0.00257
58	0.02248	0.01656	0.01775	0.01361	0.01834	0.01834	0.01124	0.73556	0.02780	0.03727	0.01420	0.01420	0.01006	0.00710	0.00592	0.00177	0.00651	0.00532	0.00592	0.01006
59	0.00987	0.00607	0.00794	0.00849	0.00955	0.00563	0.00596	0.02779	0.01278	0.10244	0.07712	0.60704	0.06361	0.01642	0.00727	0.00227	0.00363	0.01474	0.00578	0.00559
60	0.00965	0.00754	0.01016	0.00990	0.01136	0.00874	0.00766	0.01449	0.14986	0.01577	0.01749	0.02345	0.01560	0.05849	0.60225	0.00797	0.01342	0.00647	0.00372	0.00601
61	0.01471	0.01270	0.01337	0.01203	0.01538	0.01471	0.00936	0.03142	0.74459	0.02474	0.02407	0.02206	0.01805	0.00802	0.00602	0.00201	0.00468	0.00669	0.00602	0.00936
62	0.01464	0.01405	0.02400	0.03630	0.75528	0.01405	0.01815	0.01815	0.01347	0.01932	0.01112	0.01464	0.00937	0.00527	0.00585	0.00176	0.00703	0.00527	0.00293	0.00937
63	0.01720	0.01084	0.01272	0.01065	0.01397	0.01128	0.00848	0.16622	0.20597	0.20296	0.22457	0.02621	0.02607	0.00965	0.02406	0.00205	0.00487	0.00734	0.00638	0.00852
64	0.01385	0.01337	0.02315	0.19766	0.56509	0.01389	0.05156	0.01752	0.01313	0.01838	0.01103	0.01495	0.00902	0.00540	0.00592	0.00181	0.00735	0.00535	0.00286	0.00869
65	0.01495	0.01282	0.01351	0.01208	0.01547	0.01482	0.00942	0.05350	0.72212	0.02513	0.02376	0.02182	0.01780	0.00799	0.00601	0.00200	0.00474	0.00664	0.00601	0.00938
66	0.79563	0.01168	0.00912	0.00805	0.01176	0.01351	0.00663	0.05129	0.01090	0.02704	0.00852	0.00982	0.00658	0.00557	0.00377	0.00183	0.00467	0.00330	0.00377	0.00658
67	0.02263	0.01632	0.01760	0.01349	0.01822	0.01797	0.01114	0.70885	0.02739	0.06455	0.01454	0.01442	0.01023	0.00711	0.00592	0.00178	0.00645	0.00535	0.00597	0.01006
68	0.83394	0.01144	0.00869	0.00778	0.01144	0.01327	0.00640	0.01738	0.01006	0.02653	0.00823	0.00961	0.00640	0.00549	0.00366	0.00183	0.00457	0.00320	0.00366	0.00640
69	0.00721	0.00515	0.00686	0.00823	0.00858	0.00480	0.00549	0.00823	0.01132	0.01510	0.03259	0.78831	0.03911	0.01853	0.00755	0.00240	0.00343	0.01681	0.00549	0.00480
70	0.01226	0.01051	0.01226	0.00876	0.01401	0.00788	0.00701	0.01489	0.01226	0.01927	0.01051	0.01226	0.00876	0.00438	0.00438	0.00088	0.00438	0.00350	0.00350	0.82832
71	0.02301	0.02266	0.01635	0.01405	0.01768	0.49026	0.01087	0.15092	0.01875	0.16078	0.01275	0.01310	0.00939	0.00651	0.00555	0.00163	0.00885	0.00449	0.00437	0.00804
72	0.83394	0.01144	0.00869	0.00778	0.01144	0.01327	0.00640	0.01738	0.01006	0.02653	0.00823	0.00961	0.00640	0.00549	0.00366	0.00183	0.00457	0.00320	0.00366	0.00640
73	0.01233	0.01073	0.01317	0.00941	0.01469	0.00817	0.03611	0.01505	0.01233	0.01926	0.01057	0.01241	0.00877	0.00440	0.00448	0.00092	0.00460	0.00364	0.00348	0.79547
74	0.00857	0.00587	0.00713	0.00713	0.00736	0.00610	0.00443	0.00903	0.00880	0.01197	0.01801	0.03527	0.02001	0.62630	0.19393	0.00657	0.00798	0.00810	0.00349	0.00396
75	0.83394	0.01144	0.00869	0.00778	0.01144	0.01327	0.00640	0.01738	0.01006	0.02653	0.00823	0.00961	0.00640	0.00549	0.00366	0.00183	0.00457	0.00320	0.00366	0.00640
76	0.00721	0.00515	0.00686	0.00823	0.00858	0.00480	0.00549	0.00823	0.01132	0.01510	0.03259	0.78831	0.03911	0.01853	0.00755	0.00240	0.00343	0.01681	0.00549	0.00480
77	0.00721	0.00515	0.00686	0.00823	0.00858	0.00480	0.00549	0.00823	0.01132	0.01510	0.03259	0.78831	0.03911	0.01853	0.00755	0.00240	0.00343	0.01681	0.00549	0.00480
78	0.83394	0.01144	0.00869	0.00778	0.01144	0.01327	0.00640	0.01738	0.01006	0.02653	0.00823	0.00961	0.00640	0.00549	0.00366	0.00183	0.00457	0.00320	0.00366	0.00640
79	0.04855	0.01010	0.01359	0.01045	0.01500	0.00882	0.00863	0.02851	0.01674	0.73939	0.02292	0.01984	0.01441	0.00727	0.00588	0.00183	0.00502	0.00587	0.00722	0.00996
80	0.01270	0.00700	0.00929	0.00817	0.01033	0.00632	0.00632	0.01537	0.01678	0.19894	0.57856	0.03845	0.04600	0.01095	0.00673	0.00185	0.00332	0.00956	0.00670	0.00665
81	0.01186	0.03059	0.76153	0.01686	0.02560	0.01373	0.02185	0.01873	0.01249	0.01873	0.01061	0.01249	0.00749	0.00562	0.00562	0.00187	0.00874	0.00437	0.00250	0.00874
82	0.83394	0.01144	0.00869	0.00778	0.01144	0.01327	0.00640	0.01738	0.01006	0.02653	0.00823	0.00961	0.00640	0.00549	0.00366	0.00183	0.00457	0.00320	0.00366	0.00640
83	0.00743	0.00532	0.00706	0.00808	0.00863	0.00495	0.00551	0.00879	0.01236	0.01674	0.17001	0.64620	0.04230	0.01730	0.00744	0.00230	0.00331	0.01564	0.00568	0.00495
84	0.02310	0.01557	0.01713	0.01314	0.01784	0.01687	0.01085	0.62776	0.02615	0.14741	0.01559	0.01510	0.01076	0.00713	0.00592	0.00178	0.00628	0.00542	0.00613	0.01006
85	0.00846	0.00629	0.00929	0.00929	0.01027	0.00727	0.00712	0.01042	0.00944	0.01357	0.01604	0.02434	0.01527	0.09794	0.71580	0.00923	0.01512	0.00650	0.00320	0.00516
86	0.00721	0.00515	0.00686	0.00823	0.00858	0.00480	0.00549	0.00823	0.01132	0.01510	0.03259	0.78831	0.03911	0.01853	0.00755	0.00240	0.00343	0.01681	0.00549	0.00480
87	0.02131	0.01397	0.01555	0.01233	0.01660	0.01503	0.01005	0.43064	0.14737	0.18391	0.01834	0.03401	0.01317	0.00755	0.00592	0.00183	0.00571	0.00594	0.03110	0.00969
88	0.00987	0.00598	0.00789	0.00820	0.00927	0.00551	0.00576	0.01140	0.01308	0.10536	0.19984	0.47006	0.03891	0.06917	0.00878	0.00244	0.00363	0.01351	0.00582	0.00553
89	0.01044	0.00605	0.00809	0.00850	0.00965	0.00552	0.00601	0.01189	0.01291	0.13493	0.12365	0.57007	0.03736	0.01591	0.00722	0.00224	0.00360	0.01429	0.00591	0.00574
90	0.12387	0.01037	0.01320	0.01026	0.01472	0.00945	0.00847	0.04225	0.01633	0.65582	0.02132	0.01873	0.01355	0.00709	0.00567	0.00183	0.00501	0.00560	0.00685	0.00962
91	0.00699	0.00599	0.00599	0.00599	0.00799	0.00499	0.00449	0.00849	0.01348	0.01598	0.05991	0.05691	0.75288	0.01498	0.00699	0.00200	0.00300	0.01248	0.00549	0.00499
92	0.01136	0.00633	0.00835	0.00847	0.00993	0.00571	0.00610	0.01287	0.01322	0.17204	0.10816	0.49746	0.08619	0.01525	0.00711	0.00220	0.00367	0.01359	0.00598	0.00600
93	0.00887	0.00614	0.00800	0.00752	0.00900	0.00564	0.00564	0.01155	0.01649	0.04638	0.68786	0.06638	0.07364	0.01222	0.00696	0.00188	0.00289	0.01078	0.00648	0.00568
94	0.00837	0.00604	0.00790	0.00744	0.00883	0.00558	0.00558	0.01116	0.01674	0.02371	0.75216	0.04417	0.05580	0.01209	0.00697	0.00186	0.00279	0.01069	0.00651	0.00558
95	0.00860	0.00573	0.00645	0.00645	0.00645	0.00573	0.00358	0.00860	0.00860	0.01147	0.01863	0.03870	0.02150	0.79217	0.03010	0.00573	0.00573	0.00860	0.00358	0.00358
96	0.81342	0.01140	0.00882	0.00785	0.01153	0.01315	0.00646	0.01767	0.01024	0.04515	0.00862	0.00987	0.00661	0.00554	0.00372	0.00183	0.00459	0.00327	0.00375	0.00650
97	0.00730	0.00525	0.00686	0.00804	0.00850	0.00488	0.00539	0.00841	0.01161	0.01546	0.06981	0.69386	0.07167	0.04252	0.00821	0.00246	0.00345	0.01605	0.00548	0.00481
98	0.01396	0.01595	0.03490	0.02493	0.03091	0.01496	0.73380	0.01894	0.01396	0.01894	0.01196	0.01595	0.00897	0.00499	0.00698	0.00199	0.00997	0.00698	0.00299	0.00798
99	0.00926	0.00596	0.00707	0.00695	0.00724	0.00603	0.00420	0.00958	0.00902	0.03998	0.01850	0.03626	0.02049	0.67837	0.11230	0.00601	0.00684	0.00825	0.00368	0.00402
100	0.00784	0.00548	0.00695	0.00764	0.00799	0.00533	0.00496	0.00871	0.01069	0.01442	0.07995	0.43354	0.03293	0.28314	0.05943	0.00391	0.00489	0.01295	0.00478	0.00447
101	0.03116	0.34635	0.23308	0.01615	0.02245	0.01812	0.21943	0.01833	0.01266	0.01694	0.00995	0.01216	0.00793	0.00520	0.00520	0.00165	0.00799	0.00458	0.00268	0.00799
102	0.01446	0.01564	0.02579	0.05889	0.15838	0.11204	0.36089	0.03465	0.01428	0.01846	0.03629	0.04250	0.01234	0.00780	0.03532	0.00220	0.00898	0.03008	0.00332	0.00770
103	0.83394	0.01144	0.00869	0.00778	0.01144	0.01327	0.00640	0.01738	0.01006	0.02653	0.00823	0.00961	0.00640	0.00549	0.00366	0.00183	0.00457	0.00320	0.00366	0.00640
104	0.01743	0.01276	0.01424	0.01159	0.01481	0.01409	0.00919	0.47286	0.02103	0.02836	0.01527	0.02014	0.01293	0.14966	0.15447	0.00392	0.00814	0.00608	0.00499	0.00804
105	0.00714	0.00586	0.00629	0.00647	0.00815	0.00501	0.00474	0.00866	0.01340	0.01647	0.11208	0.17381	0.58081	0.01531	0.00708	0.00205	0.00305	0.01303	0.00557	0.00501
106	0.01226	0.01051	0.01226	0.00876	0.01401	0.00788	0.00701	0.01489	0.01226	0.01927	0.01051	0.01226	0.00876	0.00438	0.00438	0.00088	0.00438	0.00350	0.00350	0.82832
107	0.83394	0.01144	0.00869	0.00778	0.01144	0.01327	0.00640	0.01738	0.01006	0.02653	0.00823	0.00961	0.00640	0.00549	0.00366	0.00183	0.00457	0.00320	0.00366	0.00640
108	0.01226	0.01051	0.01226	0.00876	0.01401	0.00788	0.00701	0.01489	0.01226	0.01927	0.01051	0.01226	0.00876	0.00438	0.00438	0.00088	0.00438	0.00350	0.00350	0.82832
109	0.00730	0.00522	0.00695	0.00817	0.00860	0.00487	0.00550	0.00848	0.01178	0.01582	0.09326	0.72557	0.04052	0.01798	0.00750	0.00236	0.00338	0.01630	0.00558	0.00487

[dist]
# distance from previous block
# <min> <max>
0	2

[block]
# block no. 4 follows, 39 sequences, length 7
# corresponding to MSA columns:
# 254-260
name=unknown_E
#
# <colnr> <probs for GDERKNQSTAVLIFYWHMCP>
#	G	D	E	R	K	N	Q	S	T	A	V	L	I	F	Y	W	H	M	C	P
0	0.01226	0.01051	0.01226	0.00876	0.01401	0.00788	0.00701	0.01489	0.01226	0.01927	0.01051	0.01226	0.00876	0.00438	0.00438	0.00088	0.00438	0.00350	0.00350	0.82832
1	0.14718	0.04946	0.01538	0.01168	0.01597	0.01533	0.00962	0.32843	0.15829	0.16446	0.01655	0.01585	0.01173	0.00697	0.00549	0.00181	0.00558	0.00527	0.00569	0.00925
2	0.01472	0.62482	0.14383	0.01113	0.01651	0.02085	0.01178	0.01740	0.01193	0.01465	0.00909	0.01085	0.00804	0.00770	0.05376	0.00190	0.00732	0.00356	0.00257	0.00762
3	0.01364	0.01617	0.07357	0.02436	0.07013	0.01440	0.61517	0.01853	0.01383	0.01889	0.01288	0.01840	0.01025	0.00564	0.00690	0.00201	0.00949	0.04467	0.00309	0.00796
4	0.01102	0.00551	0.00551	0.00551	0.00689	0.00551	0.00413	0.01378	0.01240	0.02205	0.01929	0.02205	0.01516	0.00689	0.00413	0.00138	0.00276	0.00551	0.82500	0.00551
5	0.00860	0.00573	0.00645	0.00645	0.00645	0.00573	0.00358	0.00860	0.00860	0.01147	0.01863	0.03870	0.02150	0.79217	0.03010	0.00573	0.00573	0.00860	0.00358	0.00358
6	0.83394	0.01144	0.00869	0.00778	0.01144	0.01327	0.00640	0.01738	0.01006	0.02653	0.00823	0.00961	0.00640	0.00549	0.00366	0.00183	0.00457	0.00320	0.00366	0.00640

[dist]
# distance from previous block
# <min> <max>
0	3

# created by:
# /st0/software/busco_prod/Augustus/scripts/msa2prfl.pl ./align_prep/219764.fa
