[name]
unknown

[dist]
# distance from previous block
# <min> <max>
0	45

[block]
# block no. 0 follows, 43 sequences, length 19
# corresponding to MSA columns:
# 53-71
name=unknown_A
#
# <colnr> <probs for GDERKNQSTAVLIFYWHMCP>
#	G	D	E	R	K	N	Q	S	T	A	V	L	I	F	Y	W	H	M	C	P
0	0.01220	0.06644	0.21834	0.18585	0.18492	0.02705	0.07457	0.03636	0.03412	0.01710	0.01283	0.01657	0.03687	0.00596	0.00549	0.00174	0.00710	0.03219	0.00290	0.02140
1	0.03205	0.11218	0.11175	0.10999	0.38806	0.10219	0.03329	0.01728	0.01246	0.01660	0.00972	0.01250	0.00795	0.00510	0.00515	0.00161	0.00719	0.00444	0.00265	0.00785
2	0.00914	0.00629	0.00822	0.00841	0.03198	0.00594	0.00601	0.03847	0.01428	0.05809	0.41288	0.21142	0.07542	0.03779	0.00729	0.00202	0.00334	0.05195	0.00561	0.00545
3	0.01170	0.08607	0.61896	0.01711	0.07902	0.01364	0.06328	0.01744	0.01181	0.01725	0.00988	0.01182	0.00724	0.00516	0.00522	0.00171	0.00796	0.00422	0.00240	0.00810
4	0.00816	0.00756	0.03807	0.00912	0.01015	0.04544	0.03367	0.00966	0.01139	0.01509	0.09519	0.60201	0.03329	0.01498	0.00724	0.00213	0.03367	0.01340	0.00482	0.00497
5	0.00688	0.00544	0.00620	0.00639	0.00779	0.00476	0.00465	0.00846	0.01286	0.01641	0.21117	0.22012	0.44091	0.01417	0.00666	0.00193	0.00285	0.01223	0.00536	0.00476
6	0.01606	0.15688	0.02308	0.04839	0.05680	0.15305	0.21088	0.08783	0.01395	0.06605	0.01041	0.01266	0.00822	0.00587	0.00693	0.00170	0.10587	0.00481	0.00319	0.00736
7	0.01146	0.03530	0.18428	0.07987	0.10497	0.04728	0.13678	0.01490	0.01222	0.04459	0.01916	0.16500	0.08514	0.00854	0.00599	0.00186	0.00652	0.02580	0.00352	0.00681
8	0.02269	0.01009	0.01409	0.01090	0.01513	0.00923	0.05624	0.02670	0.10969	0.63086	0.02125	0.01883	0.01377	0.00680	0.00564	0.00174	0.00497	0.00572	0.00644	0.00922
9	0.00715	0.00603	0.00689	0.00771	0.05690	0.00527	0.00515	0.00867	0.01251	0.01542	0.09406	0.10919	0.59401	0.03746	0.00717	0.00198	0.00315	0.01136	0.00499	0.00492
10	0.01285	0.05648	0.10009	0.09006	0.12134	0.03181	0.35414	0.01669	0.01198	0.01645	0.01003	0.01360	0.00796	0.00562	0.00774	0.00186	0.12589	0.00544	0.00264	0.00734
11	0.08323	0.01462	0.09785	0.11997	0.31107	0.01323	0.24538	0.01687	0.01221	0.01802	0.01032	0.01363	0.00808	0.00498	0.00562	0.00176	0.00750	0.00519	0.00274	0.00775
12	0.00791	0.00629	0.00749	0.00823	0.00891	0.03034	0.00572	0.00996	0.05958	0.01521	0.08160	0.61259	0.05374	0.03012	0.00760	0.00222	0.02877	0.01374	0.00505	0.00492
13	0.00860	0.00706	0.00877	0.03099	0.08307	0.03498	0.00692	0.01024	0.01208	0.03078	0.06262	0.34756	0.23917	0.01382	0.00665	0.00204	0.00397	0.08057	0.00482	0.00526
14	0.01324	0.12178	0.34582	0.01655	0.09819	0.08146	0.06271	0.01802	0.05250	0.03187	0.01125	0.01309	0.02300	0.00590	0.00639	0.00172	0.08150	0.00451	0.00279	0.00770
15	0.05908	0.20742	0.40661	0.01442	0.04172	0.03145	0.04420	0.04401	0.01191	0.01715	0.00925	0.01113	0.00720	0.00550	0.00580	0.00166	0.06732	0.00397	0.00257	0.00765
16	0.01335	0.08031	0.09434	0.15038	0.28589	0.08392	0.04110	0.05605	0.03213	0.01728	0.01456	0.01678	0.07804	0.00610	0.00541	0.00167	0.00680	0.00528	0.00308	0.00753
17	0.03950	0.03048	0.03428	0.28780	0.23999	0.03349	0.08405	0.05995	0.08006	0.01798	0.01126	0.01435	0.00878	0.00561	0.00585	0.00177	0.02918	0.00504	0.00307	0.00751
18	0.06854	0.07504	0.07942	0.06405	0.07841	0.12904	0.04726	0.11755	0.02558	0.01915	0.05675	0.09428	0.06377	0.00768	0.00544	0.00168	0.00621	0.01833	0.00379	0.03802

[dist]
# distance from previous block
# <min> <max>
4	34

[block]
# block no. 1 follows, 43 sequences, length 12
# corresponding to MSA columns:
# 114-125
name=unknown_B
#
# <colnr> <probs for GDERKNQSTAVLIFYWHMCP>
#	G	D	E	R	K	N	Q	S	T	A	V	L	I	F	Y	W	H	M	C	P
0	0.05449	0.27634	0.12910	0.05425	0.08767	0.05653	0.06414	0.01715	0.03110	0.05781	0.06474	0.02910	0.01172	0.00604	0.00539	0.00159	0.03769	0.00475	0.00316	0.00724
1	0.05841	0.21815	0.27698	0.07112	0.01989	0.08417	0.03828	0.01764	0.03000	0.04513	0.00968	0.01157	0.00759	0.00571	0.00605	0.00166	0.08388	0.00403	0.00274	0.00732
2	0.01262	0.31488	0.21722	0.13734	0.02031	0.05715	0.01319	0.01588	0.01120	0.01440	0.00940	0.01212	0.00784	0.00914	0.08680	0.00232	0.04480	0.00400	0.00247	0.00692
3	0.01330	0.22747	0.05126	0.05412	0.03875	0.01654	0.23743	0.04316	0.01175	0.01588	0.00970	0.01341	0.00827	0.00630	0.00841	0.00181	0.20065	0.01889	0.01589	0.00701
4	0.03709	0.05204	0.03148	0.07836	0.01725	0.05567	0.17214	0.01296	0.01128	0.01519	0.01813	0.32791	0.01956	0.01065	0.00770	0.00203	0.10004	0.02096	0.00369	0.00586
5	0.00837	0.00534	0.00693	0.00756	0.00834	0.00493	0.00518	0.00949	0.01130	0.07498	0.08497	0.57340	0.07874	0.08229	0.00866	0.00241	0.00345	0.01362	0.00520	0.00486
6	0.00693	0.00518	0.00675	0.00777	0.00823	0.00499	0.00532	0.00795	0.01072	0.01419	0.03214	0.69818	0.10727	0.01673	0.00744	0.00222	0.03345	0.01493	0.00504	0.00458
7	0.01996	0.03763	0.01645	0.01239	0.01673	0.03812	0.01021	0.63086	0.07227	0.03217	0.01345	0.01347	0.00972	0.00651	0.00541	0.00162	0.00600	0.00489	0.00528	0.04686
8	0.07001	0.01278	0.01905	0.32211	0.09101	0.05190	0.12863	0.10615	0.01315	0.01820	0.01000	0.01356	0.00779	0.00599	0.00710	0.00185	0.10576	0.00498	0.00300	0.00698
9	0.00673	0.00488	0.00637	0.00756	0.00799	0.00451	0.00507	0.00773	0.01075	0.01420	0.03235	0.74834	0.08886	0.01711	0.00703	0.00222	0.00318	0.01546	0.00514	0.00451
10	0.00692	0.00507	0.00643	0.00740	0.00801	0.00468	0.00508	0.00802	0.01102	0.01443	0.05560	0.59094	0.14591	0.05895	0.00814	0.00236	0.00334	0.04811	0.00507	0.00451
11	0.01811	0.01354	0.01449	0.01160	0.01534	0.01498	0.00937	0.53298	0.14642	0.03032	0.01694	0.03827	0.03507	0.03811	0.00644	0.00185	0.00547	0.00582	0.03621	0.00864

[dist]
# distance from previous block
# <min> <max>
2	5

[block]
# block no. 2 follows, 43 sequences, length 9
# corresponding to MSA columns:
# 134-142
name=unknown_C
#
# <colnr> <probs for GDERKNQSTAVLIFYWHMCP>
#	G	D	E	R	K	N	Q	S	T	A	V	L	I	F	Y	W	H	M	C	P
0	0.04702	0.19951	0.44218	0.01354	0.03883	0.06189	0.01519	0.01670	0.01145	0.01600	0.00994	0.01309	0.00821	0.07637	0.00683	0.00192	0.00734	0.00414	0.00252	0.00733
1	0.04620	0.01316	0.06544	0.01109	0.01479	0.01293	0.00945	0.40086	0.05498	0.09151	0.05273	0.04192	0.03876	0.07878	0.00769	0.00208	0.00552	0.03900	0.00515	0.00797
2	0.00853	0.00648	0.00799	0.00813	0.00956	0.00604	0.00585	0.04681	0.04450	0.01667	0.06847	0.51602	0.06751	0.01403	0.00649	0.00197	0.00354	0.03841	0.00498	0.11801
3	0.01327	0.01724	0.17538	0.06997	0.33914	0.10711	0.08857	0.01684	0.01235	0.01649	0.01076	0.01503	0.00910	0.07634	0.00751	0.00201	0.00754	0.00503	0.00272	0.00759
4	0.14994	0.01542	0.19513	0.06157	0.13484	0.04162	0.06017	0.04283	0.01213	0.06415	0.01360	0.03543	0.04135	0.07717	0.00722	0.00204	0.00640	0.00528	0.00333	0.03041
5	0.08104	0.37111	0.13657	0.01288	0.09094	0.06475	0.01125	0.04118	0.01199	0.01630	0.00909	0.01122	0.00781	0.03330	0.00507	0.00151	0.00628	0.00365	0.00274	0.08131
6	0.12879	0.07490	0.16640	0.05373	0.08472	0.05137	0.04376	0.06640	0.06454	0.08544	0.03981	0.01522	0.03477	0.00599	0.00504	0.00163	0.00609	0.00479	0.00369	0.06290
7	0.01461	0.15847	0.01829	0.06100	0.17656	0.04736	0.04323	0.01865	0.10161	0.12555	0.06227	0.01885	0.06910	0.00673	0.00570	0.00164	0.03109	0.00559	0.00398	0.02970
8	0.03690	0.01128	0.05472	0.02590	0.03860	0.06498	0.07437	0.08320	0.05841	0.06217	0.09398	0.20758	0.03138	0.02464	0.00636	0.00188	0.00524	0.03252	0.02678	0.05911

[dist]
# distance from previous block
# <min> <max>
12	38

[block]
# block no. 3 follows, 43 sequences, length 52
# corresponding to MSA columns:
# 253-304
name=unknown_D
#
# <colnr> <probs for GDERKNQSTAVLIFYWHMCP>
#	G	D	E	R	K	N	Q	S	T	A	V	L	I	F	Y	W	H	M	C	P
0	0.13460	0.04596	0.18968	0.03950	0.03328	0.06774	0.05780	0.17294	0.05652	0.02190	0.01352	0.01478	0.04667	0.00631	0.00560	0.00171	0.03766	0.00482	0.04150	0.00750
1	0.06621	0.05208	0.21495	0.06010	0.06144	0.07493	0.05639	0.04780	0.06561	0.08329	0.02631	0.09517	0.02974	0.00714	0.00540	0.00174	0.00636	0.00597	0.03205	0.00732
2	0.15470	0.02286	0.50319	0.03237	0.05085	0.03399	0.02882	0.04710	0.01220	0.03255	0.02674	0.01224	0.00816	0.00546	0.00502	0.00173	0.00724	0.00418	0.00286	0.00773
3	0.01213	0.08052	0.16765	0.00985	0.01348	0.02787	0.00956	0.02736	0.04262	0.12385	0.18783	0.03087	0.14113	0.03249	0.00652	0.00188	0.00495	0.06808	0.00470	0.00666
4	0.28328	0.10165	0.11804	0.01341	0.10691	0.04655	0.01085	0.16055	0.02958	0.05203	0.01049	0.01162	0.00797	0.00554	0.00455	0.00163	0.00585	0.00399	0.01790	0.00761
5	0.01302	0.04642	0.10611	0.05247	0.08561	0.09067	0.01031	0.03352	0.07614	0.09291	0.05456	0.14268	0.07987	0.00895	0.00577	0.00177	0.00556	0.04215	0.00426	0.04725
6	0.11990	0.13828	0.46158	0.02944	0.03726	0.04353	0.01571	0.01790	0.01175	0.06262	0.00999	0.01140	0.00735	0.00528	0.00480	0.00165	0.00716	0.00389	0.00278	0.00772
7	0.01205	0.13930	0.57668	0.03292	0.08087	0.03169	0.01828	0.01739	0.01178	0.01677	0.00962	0.01147	0.00718	0.00518	0.00503	0.00166	0.00776	0.00400	0.00239	0.00799
8	0.00694	0.00560	0.00620	0.00624	0.00785	0.00485	0.00468	0.00864	0.01319	0.01661	0.21467	0.10112	0.52877	0.01369	0.00662	0.00189	0.00288	0.03941	0.00536	0.00480
9	0.01397	0.00701	0.00914	0.00809	0.01049	0.00621	0.00634	0.01603	0.01457	0.30278	0.25976	0.11836	0.14620	0.01092	0.00629	0.00185	0.00362	0.04565	0.00608	0.00663
10	0.01332	0.01460	0.08770	0.11167	0.58147	0.03507	0.04193	0.01691	0.01247	0.01749	0.01029	0.01358	0.00841	0.00504	0.00549	0.00168	0.00700	0.00488	0.00268	0.00833
11	0.01222	0.24997	0.53940	0.01424	0.02136	0.01547	0.04158	0.01727	0.01161	0.01626	0.00934	0.01100	0.00709	0.00509	0.00482	0.00160	0.00758	0.00385	0.00236	0.00785
12	0.00689	0.00504	0.00651	0.00759	0.00819	0.00466	0.00527	0.00805	0.01112	0.01459	0.05137	0.64267	0.12806	0.01666	0.00703	0.00221	0.00327	0.06109	0.00516	0.00458
13	0.01403	0.01528	0.06790	0.23850	0.37294	0.12516	0.01553	0.05382	0.01325	0.01715	0.01010	0.01331	0.00807	0.00532	0.00542	0.00168	0.00738	0.00468	0.00279	0.00770
14	0.01408	0.01438	0.08370	0.10509	0.51651	0.03563	0.01608	0.04451	0.01293	0.05234	0.01075	0.01368	0.00862	0.00541	0.00603	0.00171	0.04241	0.00485	0.00296	0.00832
15	0.00751	0.00570	0.00697	0.00693	0.00839	0.00516	0.00533	0.00967	0.01418	0.01893	0.42575	0.06999	0.28377	0.01286	0.00668	0.00189	0.00299	0.09664	0.00564	0.00501
16	0.01325	0.01400	0.06564	0.08775	0.58616	0.01318	0.10460	0.01691	0.01250	0.01773	0.01044	0.01382	0.00853	0.00497	0.00560	0.00169	0.00706	0.00508	0.00271	0.00839
17	0.01200	0.01142	0.01939	0.43253	0.38562	0.01271	0.01615	0.01550	0.01180	0.01602	0.01012	0.01426	0.00804	0.00525	0.00551	0.00175	0.00700	0.00493	0.00259	0.00740
18	0.01307	0.01494	0.03268	0.02334	0.02894	0.01401	0.75070	0.01774	0.01307	0.01774	0.01120	0.01494	0.00840	0.00467	0.00654	0.00187	0.00934	0.00654	0.00280	0.00747
19	0.02069	0.02640	0.01569	0.01427	0.01712	0.78313	0.01070	0.02212	0.01569	0.01355	0.00856	0.00999	0.00713	0.00571	0.00499	0.00143	0.00999	0.00357	0.00285	0.00642
20	0.01072	0.00820	0.01031	0.02740	0.08277	0.00859	0.00764	0.06384	0.14249	0.03000	0.02247	0.14184	0.04677	0.23387	0.01251	0.00298	0.00496	0.13226	0.00449	0.00589
21	0.00725	0.00582	0.00638	0.00621	0.00784	0.00518	0.00460	0.00938	0.03804	0.01703	0.25569	0.04772	0.49120	0.06374	0.00790	0.00206	0.00297	0.01080	0.00532	0.00488
22	0.01405	0.01203	0.01268	0.01133	0.01450	0.01390	0.00883	0.05628	0.73352	0.02360	0.02220	0.02039	0.01663	0.00748	0.00563	0.00187	0.00445	0.00621	0.00563	0.00879
23	0.01224	0.01247	0.01895	0.01565	0.01636	0.01659	0.10530	0.01389	0.00906	0.01389	0.00777	0.01247	0.00741	0.00906	0.01671	0.00235	0.69608	0.00506	0.00247	0.00624
24	0.03151	0.00537	0.00609	0.00610	0.00724	0.00530	0.00447	0.01060	0.01084	0.01703	0.05348	0.05835	0.13863	0.01298	0.05786	0.16113	0.00390	0.00679	0.39779	0.00454
25	0.00675	0.00482	0.00643	0.00771	0.00803	0.00450	0.00514	0.00771	0.01060	0.01414	0.03053	0.80175	0.03663	0.01735	0.00707	0.00225	0.00321	0.01574	0.00514	0.00450
26	0.00675	0.00492	0.00637	0.00749	0.00798	0.00453	0.00505	0.00780	0.01091	0.01440	0.04974	0.71170	0.10818	0.01689	0.00701	0.00220	0.00316	0.01522	0.00516	0.00453
27	0.13827	0.01350	0.01411	0.01122	0.01516	0.01488	0.00915	0.48765	0.09357	0.07432	0.01547	0.01572	0.03605	0.02883	0.00591	0.00180	0.00545	0.00517	0.00525	0.00853
28	0.01824	0.00861	0.01109	0.00911	0.01237	0.00797	0.00730	0.02223	0.11232	0.45073	0.21444	0.02638	0.05758	0.00840	0.00587	0.00175	0.00405	0.00707	0.00643	0.00805
29	0.00843	0.00611	0.00824	0.00913	0.01033	0.00599	0.00755	0.01098	0.02906	0.01720	0.15109	0.17147	0.06401	0.01475	0.00729	0.00233	0.00430	0.46136	0.00528	0.00509
30	0.00667	0.00560	0.00581	0.00588	0.00765	0.00474	0.00442	0.00813	0.01266	0.01525	0.08171	0.08497	0.68926	0.01410	0.00660	0.00190	0.00288	0.03191	0.00518	0.00470
31	0.09006	0.00619	0.00720	0.00680	0.00839	0.00589	0.00510	0.01077	0.01405	0.03663	0.50316	0.05664	0.16436	0.05218	0.00734	0.00196	0.00301	0.00954	0.00553	0.00519
32	0.03940	0.00536	0.00679	0.00762	0.00838	0.00510	0.00541	0.00878	0.01156	0.01592	0.13908	0.53182	0.08427	0.03308	0.00733	0.00222	0.00335	0.07465	0.00517	0.00470
33	0.01295	0.01113	0.01177	0.01072	0.01367	0.01269	0.00836	0.02684	0.66613	0.02219	0.02579	0.02513	0.08466	0.00839	0.00579	0.00190	0.00427	0.03376	0.00557	0.00826
34	0.01262	0.00657	0.00853	0.00789	0.00991	0.00583	0.00596	0.01439	0.01371	0.25353	0.20085	0.27055	0.14290	0.01219	0.00640	0.00191	0.00348	0.01064	0.00590	0.00623
35	0.03418	0.00863	0.01045	0.00895	0.01175	0.00856	0.00704	0.04103	0.17803	0.26513	0.23834	0.02810	0.07376	0.03104	0.02795	0.00206	0.00424	0.00740	0.00594	0.00740
36	0.00962	0.00481	0.00722	0.00722	0.00722	0.00481	0.00481	0.00722	0.00722	0.00962	0.00962	0.01684	0.00962	0.01924	0.02165	0.83886	0.00481	0.00481	0.00241	0.00241
37	0.01307	0.01494	0.03268	0.02334	0.02894	0.01401	0.75070	0.01774	0.01307	0.01774	0.01120	0.01494	0.00840	0.00467	0.00654	0.00187	0.00934	0.00654	0.00280	0.00747
38	0.00806	0.00545	0.00667	0.00697	0.00789	0.00500	0.00478	0.00924	0.01157	0.05416	0.14576	0.34761	0.18107	0.16695	0.01087	0.00267	0.00353	0.01205	0.00503	0.00468
39	0.04900	0.01786	0.01612	0.01291	0.01694	0.19360	0.01041	0.55893	0.02309	0.02964	0.01201	0.01239	0.00878	0.00638	0.00534	0.00161	0.00693	0.00459	0.00485	0.00861
40	0.01111	0.02865	0.77667	0.01579	0.02397	0.01286	0.02046	0.01754	0.01169	0.01754	0.00994	0.01169	0.00702	0.00526	0.00526	0.00175	0.00818	0.00409	0.00234	0.00818
41	0.00824	0.00573	0.00761	0.00727	0.00853	0.00543	0.00543	0.01061	0.01449	0.04063	0.60676	0.08737	0.04557	0.03292	0.08612	0.00259	0.00401	0.00980	0.00567	0.00522
42	0.02036	0.01521	0.01652	0.01325	0.03852	0.01683	0.01059	0.68337	0.07441	0.03364	0.01383	0.01380	0.00990	0.00666	0.00554	0.00168	0.00599	0.00507	0.00547	0.00936
43	0.00746	0.00531	0.00682	0.00776	0.00832	0.00508	0.00552	0.00859	0.01066	0.01400	0.02916	0.44285	0.07717	0.17842	0.01149	0.00293	0.00403	0.16526	0.00477	0.00440
44	0.00681	0.00527	0.00606	0.00657	0.00762	0.00468	0.00457	0.00796	0.01154	0.01458	0.07215	0.36077	0.37406	0.08078	0.00855	0.00231	0.00318	0.01299	0.00503	0.00452
45	0.00710	0.00492	0.00655	0.00762	0.00793	0.00468	0.00509	0.00783	0.01020	0.01361	0.02781	0.65943	0.03304	0.08149	0.02611	0.05472	0.00377	0.02903	0.00478	0.00430
46	0.01377	0.01061	0.01696	0.05192	0.33830	0.01054	0.05660	0.04365	0.03365	0.11205	0.01752	0.02356	0.06120	0.00853	0.00742	0.08009	0.00587	0.09652	0.00385	0.00738
47	0.00764	0.00548	0.00726	0.00757	0.00854	0.00515	0.00561	0.00968	0.01360	0.01879	0.43538	0.27663	0.04427	0.03146	0.00732	0.00208	0.00316	0.09981	0.00562	0.00495
48	0.01313	0.01283	0.02264	0.15138	0.57776	0.01312	0.09439	0.01663	0.01242	0.01744	0.01041	0.01400	0.00852	0.00500	0.00560	0.00170	0.00700	0.00510	0.00270	0.00823
49	0.01483	0.40166	0.17306	0.05606	0.05437	0.11251	0.01263	0.06438	0.01281	0.01570	0.00884	0.01051	0.00734	0.00528	0.00483	0.00145	0.03005	0.00365	0.00265	0.00738
50	0.44745	0.01239	0.01396	0.09595	0.25121	0.06202	0.01069	0.01666	0.01099	0.02093	0.00883	0.01112	0.00708	0.00515	0.00438	0.00169	0.00568	0.00384	0.00308	0.00691
51	0.00698	0.00510	0.00638	0.00714	0.00778	0.00470	0.00483	0.00811	0.01126	0.01488	0.12124	0.52007	0.14742	0.09607	0.00907	0.00245	0.00330	0.01367	0.00507	0.00450

[dist]
# distance from previous block
# <min> <max>
0	1

[block]
# block no. 4 follows, 43 sequences, length 17
# corresponding to MSA columns:
# 306-322
name=unknown_E
#
# <colnr> <probs for GDERKNQSTAVLIFYWHMCP>
#	G	D	E	R	K	N	Q	S	T	A	V	L	I	F	Y	W	H	M	C	P
0	0.01932	0.01735	0.01547	0.01278	0.01653	0.20330	0.01017	0.41065	0.18972	0.02704	0.01423	0.01416	0.01055	0.00661	0.00543	0.00165	0.00666	0.00493	0.00491	0.00854
1	0.01558	0.01788	0.01645	0.01443	0.01558	0.32621	0.01155	0.01688	0.01139	0.01342	0.00779	0.01126	0.00722	0.00808	0.01285	0.00202	0.47828	0.00433	0.00260	0.00620
2	0.01148	0.00984	0.01148	0.00820	0.01312	0.00738	0.00656	0.01395	0.01148	0.01805	0.00984	0.01148	0.00820	0.00410	0.00410	0.00082	0.00410	0.00328	0.00328	0.83922
3	0.00790	0.00529	0.00613	0.00631	0.00663	0.00517	0.00386	0.00849	0.00947	0.01298	0.07521	0.16488	0.05804	0.52787	0.02051	0.00416	0.00451	0.00946	0.05927	0.00386
4	0.01180	0.01121	0.01904	0.47862	0.34108	0.01266	0.01605	0.01533	0.01171	0.01578	0.01008	0.01433	0.00796	0.00529	0.00551	0.00176	0.00705	0.00493	0.00258	0.00724
5	0.01929	0.01316	0.01453	0.01143	0.01529	0.01424	0.00932	0.53106	0.04518	0.11837	0.01661	0.01713	0.04028	0.03460	0.04483	0.00215	0.00605	0.00551	0.03229	0.00866
6	0.00734	0.00542	0.00635	0.00646	0.00740	0.00498	0.00441	0.00861	0.01185	0.01562	0.23278	0.17656	0.24328	0.22972	0.01254	0.00286	0.00352	0.01096	0.00491	0.00443
7	0.74905	0.01045	0.00840	0.00758	0.01083	0.01212	0.00619	0.01649	0.04543	0.02397	0.00890	0.01040	0.00704	0.00767	0.05537	0.00220	0.00499	0.00335	0.00350	0.00606
8	0.21614	0.21042	0.03522	0.01091	0.01493	0.14893	0.00937	0.22130	0.04843	0.02254	0.01010	0.01090	0.00791	0.00566	0.00445	0.00153	0.00626	0.00380	0.00372	0.00746
9	0.01014	0.00631	0.00855	0.00905	0.01052	0.00601	0.00744	0.01215	0.01284	0.10130	0.09697	0.16085	0.08764	0.01434	0.00766	0.03272	0.00437	0.40047	0.00530	0.00538
10	0.00709	0.00526	0.00627	0.00672	0.00756	0.00481	0.00457	0.00824	0.01144	0.01492	0.14250	0.34652	0.23758	0.15801	0.01066	0.00264	0.00340	0.01240	0.00496	0.00445
11	0.01461	0.01257	0.01703	0.05080	0.32426	0.04874	0.01246	0.07584	0.16753	0.07365	0.04273	0.03918	0.02923	0.00688	0.00645	0.00177	0.05824	0.00582	0.00406	0.00814
12	0.42635	0.08406	0.04690	0.11512	0.01667	0.04375	0.00918	0.11947	0.03995	0.03900	0.00975	0.01116	0.00741	0.00552	0.00429	0.00167	0.00551	0.00378	0.00358	0.00688
13	0.01280	0.00911	0.01131	0.01149	0.06830	0.00946	0.00844	0.19865	0.05035	0.04793	0.02298	0.11806	0.07641	0.03141	0.00833	0.07968	0.00493	0.19338	0.03058	0.00640
14	0.03348	0.00611	0.00778	0.00795	0.00907	0.00588	0.03215	0.00992	0.04397	0.01541	0.08320	0.33624	0.16830	0.13589	0.01004	0.00260	0.00391	0.07846	0.00481	0.00480
15	0.01383	0.04116	0.02015	0.02689	0.53915	0.01282	0.02828	0.04157	0.08262	0.04198	0.01375	0.03582	0.02669	0.00597	0.00552	0.00167	0.00607	0.02093	0.00339	0.03174
16	0.34749	0.04733	0.01166	0.08618	0.06426	0.03265	0.00808	0.04732	0.01159	0.06326	0.04807	0.06972	0.02988	0.00747	0.00564	0.05162	0.00491	0.00512	0.00373	0.05402

[dist]
# distance from previous block
# <min> <max>
11	65

[block]
# block no. 5 follows, 43 sequences, length 8
# corresponding to MSA columns:
# 399-406
name=unknown_F
#
# <colnr> <probs for GDERKNQSTAVLIFYWHMCP>
#	G	D	E	R	K	N	Q	S	T	A	V	L	I	F	Y	W	H	M	C	P
0	0.04496	0.02878	0.05697	0.01236	0.05163	0.01120	0.08407	0.15284	0.01426	0.02075	0.01413	0.03442	0.06191	0.00610	0.00569	0.00141	0.04675	0.00501	0.00370	0.34306
1	0.05351	0.00569	0.00693	0.00742	0.00852	0.00536	0.00537	0.00959	0.01201	0.04065	0.16106	0.40384	0.15602	0.03636	0.00727	0.00216	0.00334	0.06478	0.00522	0.00491
2	0.19482	0.01563	0.08375	0.04321	0.19941	0.13914	0.10511	0.01731	0.01229	0.03636	0.01206	0.01535	0.03604	0.00604	0.00564	0.00174	0.03482	0.03103	0.00313	0.00712
3	0.00737	0.00566	0.00681	0.00697	0.00839	0.00510	0.00534	0.00933	0.01355	0.01773	0.30698	0.12415	0.33198	0.01356	0.00675	0.00196	0.00310	0.11485	0.00548	0.00492
4	0.01176	0.01009	0.01161	0.00857	0.01328	0.00815	0.00683	0.01581	0.10170	0.01866	0.01137	0.01259	0.00925	0.00451	0.00429	0.00095	0.00414	0.00364	0.00356	0.73924
5	0.01399	0.23478	0.40002	0.01418	0.02046	0.10789	0.06667	0.01827	0.01234	0.04923	0.00979	0.01128	0.00745	0.00520	0.00488	0.00157	0.00773	0.00396	0.00264	0.00769
6	0.00746	0.00546	0.00697	0.00772	0.00861	0.00512	0.00573	0.00900	0.01188	0.01561	0.12968	0.35284	0.15219	0.07857	0.00874	0.00244	0.00368	0.17853	0.00511	0.00467
7	0.04025	0.10677	0.01412	0.00946	0.01361	0.01139	0.00776	0.14803	0.08022	0.06217	0.01380	0.08469	0.01188	0.00633	0.00476	0.00132	0.00466	0.00506	0.00415	0.36960

[dist]
# distance from previous block
# <min> <max>
4	25

# created by:
# /st0/software/busco_prod/Augustus/scripts/msa2prfl.pl ./align_prep/220203.fa
