[name]
unknown

[dist]
# distance from previous block
# <min> <max>
0	45

[block]
# block no. 0 follows, 40 sequences, length 17
# corresponding to MSA columns:
# 45-61
name=unknown_A
#
# <colnr> <probs for GDERKNQSTAVLIFYWHMCP>
#	G	D	E	R	K	N	Q	S	T	A	V	L	I	F	Y	W	H	M	C	P
0	0.03880	0.03951	0.17862	0.04068	0.01758	0.05444	0.04617	0.05819	0.04270	0.14177	0.02081	0.02700	0.08135	0.03573	0.03014	0.00230	0.02063	0.11171	0.00441	0.00746
1	0.01293	0.09437	0.05455	0.04015	0.01404	0.00980	0.00908	0.01640	0.07614	0.11590	0.03922	0.07027	0.02101	0.07662	0.00890	0.03590	0.00536	0.21803	0.00467	0.07666
2	0.01057	0.00551	0.00584	0.00584	0.00716	0.00562	0.00441	0.01321	0.01189	0.02080	0.01861	0.02181	0.01487	0.01074	0.08674	0.00221	0.00409	0.00551	0.73918	0.00540
3	0.00872	0.00635	0.00759	0.00728	0.00834	0.00591	0.00477	0.00955	0.00979	0.01355	0.02069	0.18224	0.04340	0.43009	0.07776	0.00438	0.00566	0.00916	0.00390	0.14086
4	0.03867	0.30067	0.38400	0.01354	0.02019	0.01746	0.01557	0.11290	0.01402	0.01936	0.01000	0.01137	0.00770	0.00552	0.00487	0.00162	0.00734	0.00397	0.00294	0.00830
5	0.01123	0.00618	0.00625	0.00611	0.00767	0.00639	0.00462	0.01542	0.09144	0.02196	0.01948	0.02168	0.01521	0.00689	0.00426	0.00142	0.00291	0.00554	0.73948	0.00583
6	0.00736	0.00506	0.00682	0.00805	0.00836	0.00475	0.00537	0.00805	0.01081	0.01442	0.03007	0.72195	0.03590	0.01840	0.00880	0.07715	0.00353	0.01550	0.00514	0.00452
7	0.04729	0.05772	0.27701	0.02088	0.07458	0.01468	0.36121	0.01823	0.01280	0.01850	0.01080	0.01380	0.00815	0.00533	0.00646	0.00188	0.03437	0.00550	0.00277	0.00805
8	0.01218	0.01149	0.01844	0.40191	0.02950	0.03084	0.13141	0.07127	0.04182	0.01747	0.01443	0.13022	0.01301	0.00787	0.00681	0.00201	0.04193	0.00715	0.00345	0.00680
9	0.01189	0.01193	0.06781	0.50734	0.04978	0.01255	0.03630	0.09244	0.01347	0.01769	0.01444	0.08958	0.03571	0.00734	0.00601	0.00195	0.00713	0.00647	0.00330	0.00687
10	0.00760	0.00606	0.00683	0.00698	0.00861	0.00543	0.00526	0.00973	0.03405	0.01719	0.16876	0.13254	0.45964	0.03165	0.00750	0.00213	0.00328	0.07610	0.00554	0.00512
11	0.04642	0.08545	0.08501	0.13956	0.15629	0.05129	0.10444	0.01620	0.01186	0.01654	0.01149	0.07558	0.01045	0.00730	0.00827	0.00195	0.15582	0.00586	0.00294	0.00726
12	0.02075	0.01530	0.01772	0.04597	0.04064	0.01673	0.03941	0.60487	0.02462	0.06305	0.01416	0.01523	0.01034	0.03576	0.00673	0.00191	0.00652	0.00544	0.00546	0.00941
13	0.04627	0.67645	0.04723	0.00967	0.01442	0.02074	0.00962	0.01661	0.01188	0.01447	0.01274	0.01362	0.07508	0.00589	0.00406	0.00135	0.00592	0.00397	0.00279	0.00722
14	0.00818	0.00547	0.00649	0.00682	0.00690	0.00539	0.00404	0.00834	0.00909	0.01212	0.02142	0.22375	0.02502	0.57510	0.02386	0.03488	0.00506	0.01033	0.00395	0.00378
15	0.04234	0.03583	0.01836	0.01359	0.01828	0.01640	0.07607	0.54238	0.02358	0.08712	0.01407	0.01438	0.01001	0.00661	0.00571	0.00172	0.00639	0.00525	0.02084	0.04108
16	0.23189	0.29424	0.07252	0.01086	0.01520	0.13701	0.00989	0.02031	0.10093	0.04346	0.01077	0.01159	0.00862	0.00571	0.00440	0.00158	0.00638	0.00381	0.00343	0.00741

[dist]
# distance from previous block
# <min> <max>
0	1

[block]
# block no. 1 follows, 40 sequences, length 10
# corresponding to MSA columns:
# 63-72
name=unknown_B
#
# <colnr> <probs for GDERKNQSTAVLIFYWHMCP>
#	G	D	E	R	K	N	Q	S	T	A	V	L	I	F	Y	W	H	M	C	P
0	0.11870	0.04776	0.12559	0.13084	0.18453	0.01360	0.20539	0.01730	0.01244	0.01909	0.01105	0.01424	0.00858	0.00537	0.00555	0.00180	0.00741	0.00517	0.05791	0.00767
1	0.00850	0.00618	0.00851	0.11506	0.01284	0.00619	0.00677	0.01016	0.01211	0.03882	0.14397	0.42990	0.07917	0.08337	0.00898	0.00246	0.00410	0.01270	0.00506	0.00515
2	0.01126	0.00821	0.00987	0.00884	0.01099	0.00812	0.02221	0.13162	0.04652	0.05063	0.27230	0.10085	0.18529	0.06549	0.00827	0.00219	0.00407	0.04132	0.00571	0.00626
3	0.00816	0.00553	0.00650	0.00675	0.00689	0.00544	0.00401	0.00850	0.00940	0.01259	0.05665	0.19416	0.02634	0.59721	0.02392	0.00478	0.00503	0.01023	0.00405	0.00387
4	0.01386	0.01152	0.01176	0.07636	0.01467	0.10243	0.00834	0.20128	0.01789	0.02388	0.24979	0.07835	0.05487	0.00934	0.00603	0.00176	0.00511	0.00777	0.09821	0.00678
5	0.01148	0.00948	0.01289	0.01160	0.01284	0.01177	0.00935	0.11262	0.01172	0.01685	0.01308	0.01872	0.01192	0.02898	0.45091	0.00635	0.23416	0.00577	0.00333	0.00618
6	0.48959	0.01004	0.00980	0.00847	0.01189	0.01082	0.00690	0.01818	0.01155	0.17740	0.03905	0.01478	0.01096	0.01126	0.11088	0.00281	0.00606	0.00441	0.00437	0.04078
7	0.00729	0.00547	0.00676	0.00736	0.00834	0.00494	0.00517	0.00880	0.01287	0.01696	0.20095	0.43611	0.22600	0.01591	0.00716	0.00214	0.00312	0.01410	0.00562	0.00494
8	0.01958	0.01509	0.01704	0.01346	0.01695	0.01744	0.01106	0.55856	0.02272	0.03088	0.01285	0.01477	0.00992	0.04242	0.00959	0.00208	0.16631	0.00535	0.00504	0.00888
9	0.07131	0.46467	0.07315	0.01069	0.01555	0.10211	0.01016	0.01831	0.04485	0.01610	0.00934	0.01059	0.00799	0.00519	0.00419	0.00133	0.00640	0.00346	0.00290	0.12172

[dist]
# distance from previous block
# <min> <max>
0	3

[block]
# block no. 2 follows, 40 sequences, length 18
# corresponding to MSA columns:
# 76-93
name=unknown_C
#
# <colnr> <probs for GDERKNQSTAVLIFYWHMCP>
#	G	D	E	R	K	N	Q	S	T	A	V	L	I	F	Y	W	H	M	C	P
0	0.02008	0.01453	0.01587	0.01249	0.01642	0.01603	0.01012	0.60714	0.05255	0.03235	0.01378	0.01480	0.01023	0.00892	0.00825	0.12092	0.00614	0.00526	0.00535	0.00880
1	0.07065	0.01028	0.01222	0.00902	0.01390	0.00832	0.00730	0.01854	0.01316	0.22227	0.01362	0.01399	0.01003	0.00517	0.00468	0.00118	0.00449	0.00408	0.00448	0.55261
2	0.00810	0.00597	0.00740	0.00773	0.00873	0.00537	0.00517	0.00912	0.01073	0.01467	0.02655	0.49524	0.04781	0.18799	0.01186	0.00286	0.00400	0.01276	0.00470	0.12325
3	0.01350	0.01119	0.01283	0.00930	0.01439	0.00923	0.00749	0.11889	0.01426	0.02149	0.01086	0.01233	0.00880	0.00469	0.00452	0.00099	0.00461	0.00370	0.00379	0.71314
4	0.01034	0.00714	0.00796	0.00745	0.00814	0.00737	0.00471	0.11358	0.01132	0.01512	0.01844	0.07528	0.02046	0.64031	0.02498	0.00490	0.00562	0.00843	0.00395	0.00450
5	0.62406	0.01129	0.01001	0.00855	0.01235	0.01254	0.00703	0.05331	0.04092	0.15601	0.01159	0.01196	0.00834	0.00589	0.00419	0.00180	0.00467	0.00385	0.00443	0.00721
6	0.02170	0.01595	0.01689	0.01313	0.01758	0.04092	0.01078	0.64414	0.04359	0.07057	0.01453	0.01458	0.01036	0.00804	0.02795	0.00197	0.00668	0.00528	0.00572	0.00964
7	0.04220	0.01320	0.01492	0.10245	0.01856	0.03413	0.01047	0.32970	0.16959	0.06223	0.01588	0.01706	0.01196	0.01223	0.11596	0.00290	0.00749	0.00557	0.00500	0.00848
8	0.02352	0.00933	0.01267	0.00991	0.01396	0.00811	0.00811	0.02584	0.01662	0.65701	0.12835	0.02319	0.02021	0.00787	0.00599	0.00180	0.00463	0.00652	0.00708	0.00926
9	0.00776	0.00593	0.00713	0.00683	0.00840	0.00529	0.00512	0.01007	0.01536	0.02070	0.51665	0.04774	0.29614	0.01286	0.00686	0.00188	0.00281	0.01112	0.00606	0.00529
10	0.00861	0.00575	0.00722	0.00704	0.00830	0.00540	0.00521	0.01117	0.01510	0.02213	0.54101	0.11673	0.04557	0.01157	0.00639	0.00179	0.00280	0.01017	0.16267	0.00540
11	0.01398	0.01872	0.14884	0.02256	0.05191	0.07121	0.51977	0.01874	0.01351	0.01811	0.01117	0.01460	0.00846	0.00528	0.00693	0.00192	0.03745	0.00610	0.00285	0.00787
12	0.00996	0.00685	0.00833	0.00787	0.00981	0.00626	0.00606	0.03168	0.02681	0.07284	0.26185	0.09576	0.22851	0.04741	0.00809	0.01861	0.00369	0.09100	0.00561	0.05300
13	0.01772	0.01577	0.12328	0.01299	0.01755	0.04808	0.04511	0.26707	0.08016	0.13311	0.01552	0.03225	0.01167	0.01062	0.08023	0.01818	0.00738	0.00554	0.00482	0.05292
14	0.08482	0.10688	0.01548	0.01138	0.01477	0.13871	0.00916	0.27420	0.04465	0.04351	0.03829	0.13815	0.01540	0.00843	0.00554	0.00175	0.00609	0.00660	0.02851	0.00768
15	0.05119	0.08692	0.01738	0.06430	0.01835	0.06054	0.01065	0.42298	0.11768	0.02880	0.01375	0.01418	0.01021	0.00658	0.00544	0.00168	0.00629	0.00495	0.00493	0.05322
16	0.20926	0.05468	0.08028	0.01343	0.04566	0.16547	0.03068	0.20759	0.07713	0.04571	0.01191	0.01273	0.00897	0.00615	0.00510	0.00172	0.00687	0.00444	0.00415	0.00807
17	0.28940	0.17676	0.11375	0.05727	0.01697	0.01564	0.01061	0.11542	0.06908	0.06896	0.01141	0.01232	0.00861	0.00586	0.00462	0.00170	0.00587	0.00412	0.00385	0.00777

[dist]
# distance from previous block
# <min> <max>
0	12

[block]
# block no. 3 follows, 40 sequences, length 13
# corresponding to MSA columns:
# 106-118
name=unknown_D
#
# <colnr> <probs for GDERKNQSTAVLIFYWHMCP>
#	G	D	E	R	K	N	Q	S	T	A	V	L	I	F	Y	W	H	M	C	P
0	0.10336	0.01277	0.05526	0.01101	0.01485	0.01258	0.00930	0.26177	0.10952	0.16295	0.01899	0.08117	0.03309	0.00913	0.02938	0.00206	0.00557	0.00640	0.05243	0.00841
1	0.10860	0.04005	0.01386	0.01062	0.01463	0.01295	0.00865	0.24509	0.12096	0.09281	0.06108	0.01692	0.01376	0.00886	0.05078	0.00206	0.00572	0.00523	0.00502	0.16235
2	0.01390	0.04459	0.09905	0.02141	0.02710	0.01467	0.54192	0.07421	0.01430	0.01950	0.01193	0.01547	0.00909	0.00762	0.05586	0.00238	0.00967	0.00632	0.00312	0.00789
3	0.00826	0.00562	0.00634	0.00642	0.00658	0.00553	0.00371	0.00843	0.00897	0.01182	0.02210	0.08644	0.07514	0.69090	0.02658	0.00517	0.00530	0.00924	0.00378	0.00370
4	0.00823	0.00653	0.00864	0.00827	0.00994	0.00603	0.03999	0.01086	0.03569	0.01918	0.32742	0.14679	0.25464	0.01353	0.00702	0.00203	0.00353	0.08058	0.00569	0.00542
5	0.00714	0.00514	0.00677	0.00796	0.00843	0.00477	0.00536	0.00827	0.01152	0.01536	0.07390	0.72025	0.06814	0.01772	0.00737	0.00232	0.00332	0.01602	0.00545	0.00477
6	0.01086	0.01050	0.06754	0.01219	0.04033	0.00933	0.09629	0.05612	0.07800	0.02249	0.41823	0.03392	0.03607	0.00995	0.00696	0.00192	0.02423	0.05302	0.00534	0.00671
7	0.18110	0.00825	0.01060	0.05336	0.01317	0.00898	0.02388	0.01535	0.01130	0.14016	0.04152	0.01969	0.01377	0.02354	0.35686	0.00525	0.00979	0.00560	0.05149	0.00635
8	0.00762	0.00555	0.00706	0.00799	0.00889	0.00516	0.00584	0.00917	0.01230	0.01623	0.08745	0.46195	0.16840	0.01643	0.00728	0.00227	0.00356	0.13112	0.03080	0.00494
9	0.01444	0.01164	0.01322	0.07208	0.01618	0.06399	0.02907	0.08523	0.02988	0.07486	0.01302	0.01566	0.01049	0.05475	0.00642	0.00154	0.00540	0.00459	0.06810	0.40947
10	0.16230	0.01362	0.01381	0.09239	0.07535	0.12713	0.01003	0.11554	0.08300	0.06973	0.04119	0.09631	0.01443	0.02862	0.00658	0.00195	0.03012	0.00623	0.00435	0.00733
11	0.15539	0.08749	0.10789	0.03815	0.01678	0.03511	0.04529	0.03731	0.01152	0.04142	0.01046	0.03648	0.00898	0.00723	0.00897	0.00189	0.23378	0.00477	0.03231	0.07879
12	0.01494	0.16866	0.18905	0.02143	0.27464	0.04232	0.05257	0.07103	0.01390	0.04127	0.01093	0.01314	0.00870	0.00630	0.02327	0.00182	0.00746	0.00462	0.00308	0.03085

[dist]
# distance from previous block
# <min> <max>
2	4

[block]
# block no. 4 follows, 40 sequences, length 12
# corresponding to MSA columns:
# 123-134
name=unknown_E
#
# <colnr> <probs for GDERKNQSTAVLIFYWHMCP>
#	G	D	E	R	K	N	Q	S	T	A	V	L	I	F	Y	W	H	M	C	P
0	0.01093	0.00665	0.00763	0.00812	0.05141	0.00671	0.00535	0.05781	0.01267	0.02016	0.06413	0.06469	0.01916	0.16331	0.00966	0.00233	0.00380	0.00688	0.47311	0.00551
1	0.04547	0.09691	0.01067	0.00864	0.01010	0.04812	0.00631	0.06306	0.01226	0.01618	0.02477	0.41609	0.05946	0.14298	0.01025	0.00265	0.00468	0.01145	0.00459	0.00539
2	0.12714	0.05232	0.05545	0.03739	0.01549	0.01285	0.00937	0.12762	0.21359	0.15633	0.06187	0.02097	0.06975	0.00768	0.00557	0.00183	0.00510	0.00608	0.00533	0.00829
3	0.01710	0.07436	0.02256	0.05617	0.26183	0.23606	0.13369	0.03391	0.03767	0.05519	0.01134	0.01364	0.00900	0.00561	0.00566	0.00169	0.00824	0.00497	0.00325	0.00806
4	0.10640	0.01327	0.05193	0.01404	0.09166	0.15096	0.04761	0.01511	0.01150	0.01612	0.01261	0.01753	0.01120	0.03866	0.36971	0.00540	0.01162	0.00529	0.00309	0.00630
5	0.00906	0.00630	0.00739	0.00723	0.00871	0.00609	0.00544	0.01239	0.06703	0.02066	0.34012	0.06657	0.14346	0.05115	0.00746	0.00203	0.00323	0.05394	0.17622	0.00552
6	0.13698	0.31506	0.14570	0.01152	0.01623	0.13319	0.01126	0.05987	0.01340	0.01827	0.05105	0.01271	0.01034	0.00725	0.03362	0.00183	0.00719	0.00407	0.00316	0.00731
7	0.14285	0.01602	0.14181	0.06863	0.10375	0.06582	0.09226	0.05568	0.05207	0.07442	0.06958	0.01606	0.01253	0.00618	0.00548	0.00175	0.00667	0.00523	0.00384	0.05936
8	0.01390	0.01508	0.05687	0.05783	0.01711	0.19670	0.07675	0.05399	0.03805	0.01675	0.01350	0.04580	0.01191	0.04227	0.18016	0.00363	0.07763	0.00577	0.06980	0.00650
9	0.04343	0.00963	0.01119	0.01033	0.04013	0.01008	0.00771	0.20195	0.04151	0.02253	0.08464	0.04209	0.09911	0.08122	0.13604	0.00335	0.00659	0.03207	0.05893	0.05748
10	0.08222	0.00895	0.03095	0.00946	0.01108	0.03660	0.00738	0.08199	0.01322	0.01884	0.06273	0.35924	0.06010	0.02664	0.02727	0.00239	0.04829	0.07090	0.03601	0.00576
11	0.09159	0.17152	0.29971	0.01450	0.03712	0.07039	0.05202	0.08991	0.01382	0.01968	0.03578	0.01282	0.00933	0.00604	0.00592	0.00173	0.05270	0.00443	0.00312	0.00790

[dist]
# distance from previous block
# <min> <max>
9	61

[block]
# block no. 5 follows, 40 sequences, length 6
# corresponding to MSA columns:
# 200-205
name=unknown_F
#
# <colnr> <probs for GDERKNQSTAVLIFYWHMCP>
#	G	D	E	R	K	N	Q	S	T	A	V	L	I	F	Y	W	H	M	C	P
0	0.26473	0.03842	0.15981	0.03759	0.05831	0.03604	0.01086	0.07021	0.03294	0.04298	0.01362	0.06597	0.02723	0.04306	0.03081	0.00219	0.00623	0.00534	0.00371	0.04993
1	0.01410	0.13973	0.05776	0.01045	0.01376	0.04302	0.00908	0.15327	0.08485	0.02107	0.01769	0.03900	0.06544	0.01089	0.07696	0.00236	0.05033	0.00574	0.14055	0.04394
2	0.13092	0.06642	0.18647	0.06575	0.06759	0.04507	0.10290	0.08717	0.04337	0.02017	0.01169	0.03690	0.00966	0.03537	0.00732	0.00200	0.06506	0.00522	0.00334	0.00761
3	0.06745	0.06950	0.04548	0.01411	0.05949	0.17964	0.05855	0.19120	0.11131	0.02299	0.01496	0.01587	0.03660	0.00661	0.00536	0.00168	0.00681	0.00515	0.07932	0.00793
4	0.01622	0.05791	0.01443	0.01160	0.03572	0.06996	0.00894	0.30090	0.09186	0.02552	0.09921	0.04027	0.04095	0.04021	0.00738	0.03686	0.00557	0.00630	0.04646	0.04374
5	0.04987	0.01272	0.01352	0.01265	0.06673	0.07174	0.00919	0.16421	0.20988	0.10349	0.07160	0.06784	0.04880	0.03363	0.00663	0.00194	0.00536	0.00684	0.00531	0.03805

[dist]
# distance from previous block
# <min> <max>
0	1

[block]
# block no. 6 follows, 40 sequences, length 23
# corresponding to MSA columns:
# 207-229
name=unknown_G
#
# <colnr> <probs for GDERKNQSTAVLIFYWHMCP>
#	G	D	E	R	K	N	Q	S	T	A	V	L	I	F	Y	W	H	M	C	P
0	0.10732	0.10588	0.08786	0.01338	0.05481	0.21509	0.01102	0.13865	0.04663	0.07537	0.01449	0.01523	0.05026	0.00730	0.02053	0.00181	0.00725	0.00479	0.01452	0.00778
1	0.07321	0.01086	0.01235	0.01094	0.01265	0.04390	0.00857	0.11740	0.05440	0.01920	0.02695	0.11523	0.03107	0.08851	0.08162	0.00306	0.20451	0.00703	0.03837	0.04017
2	0.01889	0.01409	0.01482	0.01196	0.01539	0.07074	0.00972	0.40282	0.02047	0.08238	0.01435	0.01550	0.01074	0.00869	0.03942	0.00205	0.08304	0.00518	0.12898	0.03077
3	0.27557	0.09777	0.10587	0.04740	0.13671	0.07091	0.01180	0.10066	0.01370	0.04851	0.01044	0.01222	0.00813	0.00687	0.02937	0.00195	0.00673	0.00417	0.00351	0.00771
4	0.01492	0.01307	0.02199	0.26517	0.14140	0.01393	0.19609	0.10572	0.07489	0.07478	0.01324	0.01601	0.00981	0.00590	0.00608	0.00188	0.00751	0.00577	0.00372	0.00812
5	0.01101	0.00970	0.04516	0.01110	0.01334	0.00888	0.13822	0.08438	0.01210	0.01669	0.01746	0.10944	0.01806	0.36369	0.04128	0.00380	0.00648	0.00812	0.04175	0.03935
6	0.01554	0.01191	0.01417	0.01177	0.01496	0.01269	0.04613	0.35705	0.08092	0.02612	0.01905	0.20040	0.01798	0.04785	0.05051	0.00248	0.00608	0.00822	0.00520	0.05096
7	0.01086	0.00656	0.00733	0.00699	0.00858	0.00669	0.00534	0.03203	0.03548	0.05055	0.06343	0.07105	0.13588	0.01093	0.04265	0.00202	0.03967	0.00747	0.45074	0.00575
8	0.01208	0.03414	0.01118	0.06459	0.01323	0.00967	0.00755	0.20561	0.01598	0.02113	0.10681	0.21094	0.12278	0.06963	0.00930	0.05984	0.00475	0.00962	0.00499	0.00619
9	0.01391	0.01352	0.01670	0.49333	0.06657	0.13624	0.01408	0.08323	0.01399	0.01747	0.01111	0.01495	0.00850	0.00599	0.00559	0.00180	0.00766	0.00496	0.06355	0.00688
10	0.01319	0.01082	0.01154	0.03168	0.02937	0.04750	0.00832	0.02287	0.39503	0.05342	0.13047	0.02857	0.08714	0.00906	0.00604	0.00190	0.00451	0.03485	0.06602	0.00770
11	0.00731	0.00591	0.00645	0.00664	0.00822	0.00521	0.00485	0.00912	0.03009	0.01623	0.10759	0.18035	0.51345	0.04753	0.00792	0.00219	0.00320	0.02734	0.00541	0.00498
12	0.02005	0.01218	0.01370	0.01120	0.01525	0.04332	0.00897	0.08752	0.28969	0.33266	0.02080	0.01897	0.01449	0.00714	0.00571	0.00177	0.00512	0.00577	0.00611	0.07959
13	0.03827	0.01136	0.01555	0.01580	0.17014	0.01096	0.01056	0.11202	0.05229	0.41359	0.07289	0.01956	0.01572	0.00709	0.00586	0.00179	0.00535	0.00595	0.00593	0.00932
14	0.00707	0.00511	0.00670	0.00797	0.00840	0.00473	0.00534	0.00811	0.01125	0.01489	0.03357	0.75034	0.07898	0.01802	0.00739	0.00234	0.00335	0.01629	0.00540	0.00473
15	0.09149	0.00949	0.01109	0.00963	0.01269	0.00956	0.00749	0.02262	0.20573	0.30004	0.05249	0.11814	0.05185	0.06183	0.00753	0.00218	0.00450	0.00774	0.00596	0.00794
16	0.01314	0.01098	0.01264	0.00913	0.01424	0.00886	0.00734	0.09264	0.01370	0.02085	0.01073	0.01226	0.00875	0.00459	0.00447	0.00096	0.00453	0.00364	0.00370	0.74287
17	0.07010	0.05144	0.00890	0.00734	0.00937	0.00735	0.00566	0.01246	0.04506	0.05042	0.33463	0.06063	0.24163	0.04491	0.00729	0.00200	0.00343	0.00967	0.02198	0.00573
18	0.02074	0.00930	0.01232	0.04223	0.01451	0.00875	0.00826	0.05088	0.04850	0.49286	0.07502	0.02161	0.01712	0.01017	0.06274	0.00233	0.00553	0.00616	0.08233	0.00863
19	0.01120	0.01082	0.03308	0.11576	0.01814	0.04784	0.10207	0.01376	0.01073	0.01518	0.01271	0.01855	0.01128	0.05170	0.26815	0.00464	0.17073	0.00579	0.07182	0.00604
20	0.00816	0.00623	0.00735	0.00720	0.00875	0.00570	0.00533	0.04130	0.01490	0.01976	0.35353	0.17030	0.30270	0.01374	0.00691	0.00196	0.00308	0.01191	0.00585	0.00534
21	0.49550	0.01267	0.03003	0.02848	0.08893	0.01378	0.00920	0.13022	0.01349	0.08072	0.01048	0.01175	0.00786	0.00597	0.00508	0.00182	0.03846	0.00403	0.00404	0.00748
22	0.01139	0.01137	0.03489	0.20584	0.10793	0.04656	0.06435	0.01614	0.11276	0.01730	0.02630	0.02841	0.21844	0.02721	0.00671	0.00197	0.00599	0.01924	0.00399	0.03322

[dist]
# distance from previous block
# <min> <max>
2	4

[block]
# block no. 7 follows, 40 sequences, length 22
# corresponding to MSA columns:
# 234-255
name=unknown_H
#
# <colnr> <probs for GDERKNQSTAVLIFYWHMCP>
#	G	D	E	R	K	N	Q	S	T	A	V	L	I	F	Y	W	H	M	C	P
0	0.02072	0.09155	0.01698	0.01192	0.01624	0.04055	0.00987	0.42261	0.05191	0.16285	0.01627	0.01653	0.02707	0.03701	0.00649	0.00183	0.00602	0.00537	0.00549	0.03272
1	0.05124	0.04895	0.23056	0.02380	0.01688	0.01161	0.01203	0.04069	0.13511	0.14319	0.04516	0.07515	0.06266	0.01978	0.00652	0.00198	0.02382	0.03832	0.00463	0.00789
2	0.00755	0.00566	0.00655	0.00677	0.00780	0.00515	0.00464	0.00882	0.01230	0.01597	0.17844	0.21570	0.29011	0.19401	0.01220	0.00287	0.00362	0.01202	0.00516	0.00466
3	0.01201	0.01785	0.25689	0.21277	0.11439	0.01301	0.18612	0.01689	0.01291	0.01804	0.07222	0.01670	0.01193	0.00594	0.00605	0.00188	0.00799	0.00573	0.00298	0.00770
4	0.04597	0.11239	0.27684	0.08095	0.14596	0.06915	0.03646	0.04127	0.01299	0.01821	0.01114	0.01466	0.00902	0.00606	0.00585	0.00177	0.03622	0.02814	0.03910	0.00786
5	0.00740	0.00559	0.00708	0.00776	0.00857	0.00527	0.00544	0.00879	0.01235	0.01638	0.15582	0.50335	0.17901	0.01626	0.00757	0.00220	0.02636	0.01438	0.00548	0.00493
6	0.01694	0.00909	0.01112	0.00928	0.01249	0.00857	0.00747	0.11543	0.04140	0.30865	0.17198	0.03323	0.18002	0.01007	0.00635	0.00187	0.00430	0.03761	0.00636	0.00777
7	0.01742	0.01335	0.03631	0.01334	0.07613	0.04878	0.00995	0.33326	0.05665	0.08852	0.04876	0.11336	0.01652	0.02663	0.00644	0.00189	0.00564	0.00696	0.07181	0.00828
8	0.04485	0.09961	0.09128	0.01980	0.23285	0.12919	0.01372	0.23734	0.03718	0.02339	0.01146	0.01298	0.00893	0.00594	0.00540	0.00167	0.00724	0.00465	0.00381	0.00871
9	0.07693	0.00659	0.00781	0.00767	0.00851	0.00707	0.00527	0.03145	0.00969	0.01425	0.01840	0.06336	0.04236	0.40944	0.26066	0.00612	0.00853	0.00769	0.00361	0.00457
10	0.00874	0.00664	0.00878	0.07242	0.01204	0.00687	0.00704	0.04735	0.03276	0.01626	0.02855	0.54355	0.05195	0.04876	0.00843	0.00244	0.02429	0.06278	0.00505	0.00530
11	0.02024	0.01601	0.01549	0.01252	0.01631	0.12772	0.01010	0.45524	0.04641	0.07161	0.01444	0.01503	0.01063	0.00789	0.02569	0.00190	0.02833	0.00513	0.09060	0.00872
12	0.49715	0.04631	0.10211	0.03205	0.01394	0.01266	0.00872	0.06648	0.01172	0.02331	0.01281	0.08958	0.03023	0.02513	0.00512	0.00193	0.00517	0.00518	0.00376	0.00663
13	0.01641	0.01177	0.03440	0.01130	0.03468	0.01204	0.00893	0.31885	0.07205	0.08044	0.07841	0.08120	0.01761	0.00989	0.03167	0.02919	0.00539	0.00674	0.13111	0.00793
14	0.00978	0.00794	0.00910	0.00888	0.01091	0.00791	0.00659	0.01550	0.21916	0.01857	0.06558	0.31099	0.15064	0.01289	0.00657	0.00201	0.00378	0.03369	0.00538	0.09413
15	0.07122	0.02872	0.71086	0.01593	0.02416	0.01347	0.02039	0.01832	0.01211	0.01897	0.01027	0.01207	0.00729	0.00552	0.00539	0.00184	0.00830	0.00421	0.00254	0.00843
16	0.01652	0.46340	0.13014	0.01262	0.01777	0.14827	0.04201	0.07811	0.01403	0.01653	0.00920	0.01058	0.00771	0.00539	0.00454	0.00144	0.00744	0.00371	0.00286	0.00771
17	0.01469	0.11398	0.02149	0.03181	0.10665	0.13306	0.11824	0.03813	0.01227	0.01585	0.00988	0.01395	0.00879	0.03126	0.05362	0.00247	0.25885	0.00507	0.00286	0.00708
18	0.01023	0.00777	0.00894	0.00802	0.01014	0.00760	0.00619	0.12365	0.04431	0.02329	0.41978	0.04158	0.24258	0.01177	0.00667	0.00186	0.00343	0.01005	0.00601	0.00614
19	0.00823	0.00611	0.00746	0.00809	0.00913	0.00580	0.00573	0.06118	0.01295	0.01692	0.05732	0.54415	0.18136	0.01646	0.00720	0.00223	0.00355	0.03551	0.00546	0.00517
20	0.03352	0.03110	0.07050	0.03755	0.01703	0.18256	0.01067	0.21908	0.01754	0.10189	0.01330	0.02609	0.01015	0.00669	0.00610	0.00165	0.05184	0.00486	0.08209	0.07582
21	0.02036	0.01472	0.01607	0.01248	0.01686	0.01582	0.01020	0.59729	0.02446	0.06436	0.01535	0.07020	0.01204	0.00758	0.00581	0.00172	0.00595	0.00593	0.00565	0.07717

[dist]
# distance from previous block
# <min> <max>
0	6

[block]
# block no. 8 follows, 40 sequences, length 10
# corresponding to MSA columns:
# 262-271
name=unknown_I
#
# <colnr> <probs for GDERKNQSTAVLIFYWHMCP>
#	G	D	E	R	K	N	Q	S	T	A	V	L	I	F	Y	W	H	M	C	P
0	0.00716	0.00519	0.00676	0.00788	0.00841	0.00479	0.00534	0.00833	0.01169	0.01555	0.08863	0.68310	0.09071	0.01749	0.00734	0.00229	0.00330	0.01578	0.00547	0.00479
1	0.04601	0.16074	0.01780	0.01271	0.01593	0.36159	0.01022	0.08907	0.07375	0.01779	0.01284	0.01399	0.04086	0.00675	0.00610	0.00162	0.06679	0.00451	0.03376	0.00720
2	0.00879	0.00903	0.09605	0.08922	0.01386	0.00742	0.00866	0.01094	0.01138	0.01579	0.05258	0.40169	0.02773	0.08518	0.00938	0.00250	0.03815	0.05240	0.05386	0.00542
3	0.00756	0.00533	0.00695	0.00806	0.00844	0.00509	0.00548	0.00857	0.01090	0.01449	0.02954	0.58607	0.03494	0.15312	0.01134	0.00296	0.00397	0.08756	0.00507	0.00458
4	0.03238	0.00814	0.00919	0.06630	0.01249	0.00818	0.00686	0.06874	0.09904	0.06192	0.05073	0.05427	0.36791	0.04511	0.00736	0.00210	0.00414	0.04270	0.04622	0.00622
5	0.06653	0.08427	0.52251	0.01826	0.10866	0.01432	0.07008	0.01820	0.01230	0.01864	0.01026	0.01235	0.00762	0.00539	0.00538	0.00179	0.00804	0.00442	0.00262	0.00838
6	0.52073	0.01424	0.07411	0.05377	0.01454	0.10747	0.00856	0.01684	0.01141	0.02210	0.01441	0.01554	0.09334	0.00659	0.00448	0.00179	0.00561	0.00449	0.00358	0.00640
7	0.01381	0.01468	0.07087	0.10528	0.53259	0.01383	0.10083	0.01813	0.03853	0.01870	0.01138	0.01477	0.00920	0.00533	0.00588	0.00179	0.00735	0.00537	0.00294	0.00875
8	0.14390	0.01016	0.01173	0.07061	0.01508	0.01019	0.00812	0.08114	0.08939	0.21107	0.06450	0.04062	0.10803	0.00800	0.00554	0.00175	0.00470	0.00644	0.00527	0.10375
9	0.01813	0.01381	0.01504	0.01244	0.01624	0.01533	0.01017	0.44391	0.21356	0.03072	0.04592	0.02304	0.01633	0.00845	0.00614	0.00192	0.00567	0.08837	0.00581	0.00902

[dist]
# distance from previous block
# <min> <max>
1	2

[block]
# block no. 9 follows, 40 sequences, length 7
# corresponding to MSA columns:
# 274-280
name=unknown_J
#
# <colnr> <probs for GDERKNQSTAVLIFYWHMCP>
#	G	D	E	R	K	N	Q	S	T	A	V	L	I	F	Y	W	H	M	C	P
0	0.04250	0.35281	0.17919	0.01148	0.01645	0.01627	0.01181	0.01878	0.03626	0.12747	0.01216	0.01358	0.00960	0.01013	0.09345	0.00247	0.03011	0.00430	0.00341	0.00779
1	0.27047	0.01272	0.01413	0.01378	0.11392	0.01379	0.00973	0.21918	0.10092	0.11989	0.04646	0.01554	0.01213	0.00660	0.00519	0.00180	0.00534	0.00505	0.00495	0.00842
2	0.04359	0.00898	0.04470	0.01050	0.02801	0.00832	0.04025	0.01460	0.06900	0.09956	0.16923	0.24901	0.09567	0.01215	0.00747	0.00207	0.05574	0.02950	0.00527	0.00639
3	0.05246	0.20036	0.06828	0.01325	0.01749	0.33433	0.01137	0.19926	0.01757	0.02042	0.01008	0.01116	0.00802	0.00595	0.00499	0.00154	0.00814	0.00398	0.00357	0.00779
4	0.00904	0.00700	0.01041	0.00920	0.01012	0.00694	0.10227	0.00998	0.00945	0.01275	0.01821	0.09072	0.02015	0.55608	0.09884	0.00527	0.00701	0.00863	0.00355	0.00436
5	0.00783	0.00593	0.00844	0.11178	0.01302	0.00602	0.00723	0.00939	0.01142	0.01510	0.02902	0.61574	0.03386	0.01635	0.00727	0.00234	0.00416	0.08507	0.00502	0.00502
6	0.05637	0.01444	0.01579	0.18427	0.10929	0.15085	0.01186	0.15276	0.01607	0.02126	0.11066	0.01768	0.01480	0.00711	0.00652	0.00179	0.05737	0.00554	0.03828	0.00730

[dist]
# distance from previous block
# <min> <max>
0	1

[block]
# block no. 10 follows, 40 sequences, length 9
# corresponding to MSA columns:
# 282-290
name=unknown_K
#
# <colnr> <probs for GDERKNQSTAVLIFYWHMCP>
#	G	D	E	R	K	N	Q	S	T	A	V	L	I	F	Y	W	H	M	C	P
0	0.00844	0.11053	0.00983	0.00805	0.00895	0.00730	0.00569	0.00939	0.01078	0.01410	0.02658	0.56238	0.03146	0.14602	0.01063	0.00276	0.00413	0.01340	0.00470	0.00489
1	0.01001	0.00754	0.00889	0.00834	0.01014	0.00746	0.00627	0.10795	0.06173	0.02223	0.35572	0.19210	0.15360	0.01272	0.00678	0.00196	0.00350	0.01107	0.00593	0.00606
2	0.64318	0.01169	0.01248	0.01017	0.01416	0.01280	0.10366	0.01847	0.01111	0.10180	0.01013	0.01135	0.00748	0.00552	0.00427	0.00182	0.00525	0.00392	0.00389	0.00688
3	0.00798	0.00574	0.00685	0.00700	0.00770	0.00557	0.00467	0.00896	0.01076	0.01422	0.10672	0.13049	0.16508	0.37382	0.09698	0.00446	0.00558	0.02869	0.00441	0.00436
4	0.01550	0.01261	0.01507	0.01107	0.01610	0.01156	0.04807	0.25664	0.01724	0.02483	0.01162	0.01289	0.00905	0.00523	0.00495	0.00122	0.00530	0.00423	0.00421	0.51260
5	0.01949	0.03380	0.06170	0.01211	0.01582	0.01335	0.01038	0.27217	0.01822	0.25300	0.01731	0.08786	0.01372	0.03114	0.00835	0.00203	0.10910	0.00643	0.00541	0.00862
6	0.01262	0.00895	0.00997	0.00879	0.01031	0.00951	0.00616	0.23709	0.01458	0.01955	0.01782	0.08339	0.01858	0.46313	0.05113	0.00434	0.00612	0.00793	0.00436	0.00567
7	0.09836	0.25615	0.15002	0.03322	0.02000	0.07471	0.13932	0.05173	0.01359	0.09568	0.01107	0.01250	0.00841	0.00552	0.00505	0.00164	0.00732	0.00445	0.00335	0.00789
8	0.04218	0.27666	0.39028	0.01465	0.05360	0.01706	0.01598	0.09308	0.01366	0.01906	0.00998	0.01150	0.00771	0.00548	0.00492	0.00163	0.00738	0.00401	0.00287	0.00831

[dist]
# distance from previous block
# <min> <max>
0	2

[block]
# block no. 11 follows, 40 sequences, length 25
# corresponding to MSA columns:
# 293-317
name=unknown_L
#
# <colnr> <probs for GDERKNQSTAVLIFYWHMCP>
#	G	D	E	R	K	N	Q	S	T	A	V	L	I	F	Y	W	H	M	C	P
0	0.01025	0.03260	0.01005	0.00992	0.07275	0.00797	0.00643	0.03935	0.06504	0.01703	0.07339	0.09775	0.13249	0.25624	0.01333	0.00295	0.00462	0.00849	0.05027	0.08908
1	0.01426	0.01170	0.01410	0.01080	0.01518	0.01093	0.05112	0.19279	0.08003	0.02314	0.01557	0.05846	0.03727	0.03263	0.00606	0.00152	0.00512	0.00554	0.00439	0.40940
2	0.52893	0.03836	0.07614	0.04977	0.01562	0.05837	0.03309	0.05858	0.01200	0.04429	0.00940	0.01089	0.00715	0.00554	0.00430	0.00175	0.00571	0.00371	0.00358	0.03281
3	0.03913	0.00888	0.01046	0.03830	0.07480	0.00946	0.00748	0.15242	0.01480	0.03598	0.01785	0.03791	0.03642	0.05280	0.02842	0.00204	0.02439	0.00594	0.39592	0.00662
4	0.00746	0.00556	0.00696	0.00755	0.00857	0.00507	0.00543	0.00910	0.01308	0.01732	0.22082	0.39727	0.20305	0.01572	0.00719	0.00216	0.00323	0.05381	0.00565	0.00499
5	0.01227	0.01030	0.01711	0.71604	0.03791	0.01255	0.01550	0.01600	0.01205	0.07853	0.01141	0.01587	0.00832	0.00593	0.00582	0.00193	0.00751	0.00523	0.00298	0.00675
6	0.01272	0.01272	0.01781	0.01527	0.01527	0.01781	0.01272	0.01399	0.00891	0.01399	0.00763	0.01272	0.00763	0.01018	0.01908	0.00254	0.78499	0.00509	0.00254	0.00636
7	0.01206	0.01034	0.01206	0.00861	0.01378	0.00775	0.00689	0.01464	0.01206	0.01895	0.01034	0.01206	0.00861	0.00431	0.00431	0.00086	0.00431	0.00345	0.00345	0.83118
8	0.02172	0.02772	0.01648	0.01498	0.01798	0.77228	0.01124	0.02322	0.01648	0.01423	0.00899	0.01049	0.00749	0.00599	0.00524	0.00150	0.01049	0.00375	0.00300	0.00674
9	0.00700	0.00570	0.00620	0.00649	0.00804	0.00490	0.00471	0.00844	0.01295	0.01596	0.09397	0.22561	0.54906	0.01537	0.00700	0.00205	0.00303	0.01316	0.00546	0.00490
10	0.01779	0.00970	0.01177	0.00979	0.01293	0.00949	0.00774	0.17760	0.03849	0.29171	0.13468	0.11603	0.06466	0.03645	0.00699	0.00199	0.00458	0.00814	0.03153	0.00796
11	0.01206	0.01034	0.01206	0.00861	0.01378	0.00775	0.00689	0.01464	0.01206	0.01895	0.01034	0.01206	0.00861	0.00431	0.00431	0.00086	0.00431	0.00345	0.00345	0.83118
12	0.01078	0.00786	0.00893	0.00817	0.01016	0.03824	0.00623	0.01469	0.09264	0.08500	0.49417	0.03945	0.13852	0.01120	0.00661	0.00185	0.00347	0.00966	0.00615	0.00623
13	0.00709	0.00506	0.00675	0.00810	0.00843	0.00472	0.00540	0.00810	0.01113	0.01484	0.03205	0.79184	0.03846	0.01822	0.00742	0.00236	0.00337	0.01653	0.00540	0.00472
14	0.67176	0.01135	0.00979	0.00838	0.01217	0.01269	0.00690	0.06150	0.01190	0.13289	0.01058	0.01120	0.00768	0.00575	0.00405	0.00180	0.00468	0.00366	0.00425	0.00703
15	0.00969	0.00637	0.00825	0.00855	0.01007	0.00596	0.00677	0.01175	0.01358	0.08092	0.16736	0.16913	0.17353	0.04110	0.02611	0.00252	0.00432	0.24290	0.00560	0.00552
16	0.00744	0.00549	0.00744	0.00816	0.00881	0.00511	0.02262	0.00870	0.01172	0.01568	0.11124	0.60123	0.07901	0.06749	0.00876	0.00248	0.00358	0.01488	0.00533	0.00481
17	0.01365	0.01654	0.15825	0.07180	0.40832	0.01388	0.07839	0.01981	0.12389	0.01942	0.01280	0.01528	0.01004	0.00567	0.00584	0.00182	0.00717	0.00537	0.00325	0.00882
18	0.08715	0.01403	0.01351	0.01164	0.01515	0.09312	0.00918	0.17071	0.34951	0.08679	0.02049	0.04262	0.04496	0.00783	0.00571	0.00186	0.00550	0.00619	0.00546	0.00858
19	0.01867	0.04679	0.01813	0.01473	0.08059	0.01530	0.05175	0.42828	0.03777	0.05572	0.01333	0.01420	0.00992	0.00714	0.02493	0.00179	0.00642	0.00502	0.00486	0.14464
20	0.29783	0.33572	0.01904	0.00974	0.01387	0.06000	0.00868	0.09215	0.01336	0.04149	0.03522	0.01280	0.00979	0.00596	0.00426	0.00157	0.00571	0.02201	0.00358	0.00722
21	0.01017	0.00822	0.01260	0.02893	0.01309	0.00947	0.08403	0.01246	0.01058	0.01606	0.01608	0.10225	0.01514	0.02182	0.28717	0.00467	0.15385	0.00699	0.18071	0.00571
22	0.01070	0.02938	0.00924	0.00848	0.01036	0.00799	0.00653	0.06848	0.11020	0.03578	0.13911	0.20245	0.13241	0.01210	0.00636	0.00196	0.00379	0.07049	0.12801	0.00618
23	0.01491	0.05082	0.01335	0.01160	0.01380	0.33459	0.00888	0.03883	0.03022	0.01581	0.09862	0.01970	0.01610	0.05129	0.25137	0.00422	0.01057	0.00560	0.00358	0.00615
24	0.01197	0.00806	0.00977	0.00943	0.01139	0.00804	0.00729	0.13022	0.04756	0.08704	0.08566	0.30913	0.11069	0.01375	0.00695	0.00216	0.00428	0.12451	0.00572	0.00640

[dist]
# distance from previous block
# <min> <max>
0	1

[block]
# block no. 12 follows, 40 sequences, length 78
# corresponding to MSA columns:
# 319-396
name=unknown_M
#
# <colnr> <probs for GDERKNQSTAVLIFYWHMCP>
#	G	D	E	R	K	N	Q	S	T	A	V	L	I	F	Y	W	H	M	C	P
0	0.00767	0.00555	0.00713	0.00750	0.00839	0.00513	0.00527	0.00943	0.01351	0.01850	0.35842	0.36382	0.09176	0.06020	0.00842	0.00229	0.00319	0.01308	0.00574	0.00501
1	0.00852	0.00705	0.01027	0.01019	0.01089	0.00777	0.04166	0.00993	0.01068	0.01471	0.02539	0.48572	0.05126	0.01996	0.12448	0.00341	0.13595	0.01248	0.00446	0.00522
2	0.01257	0.01078	0.01398	0.01001	0.01522	0.00836	0.06887	0.01535	0.01232	0.03882	0.01079	0.01257	0.00879	0.00443	0.00456	0.00098	0.00479	0.00380	0.00350	0.73950
3	0.01425	0.01362	0.02264	0.05937	0.62251	0.01389	0.04478	0.01922	0.09500	0.01943	0.01236	0.01529	0.01009	0.00549	0.00582	0.00177	0.00679	0.00540	0.00321	0.00906
4	0.01906	0.01070	0.01303	0.01110	0.01472	0.01080	0.00911	0.10522	0.21053	0.32708	0.02329	0.02810	0.01823	0.00896	0.00624	0.00198	0.00508	0.14085	0.00626	0.02966
5	0.01191	0.01017	0.01189	0.00860	0.01362	0.00766	0.00684	0.01444	0.01203	0.01882	0.01100	0.03608	0.00953	0.00474	0.00440	0.00091	0.00428	0.00385	0.00351	0.80572
6	0.00888	0.00710	0.01033	0.01006	0.01086	0.00861	0.00784	0.01069	0.00941	0.01363	0.01584	0.08682	0.01568	0.05544	0.57468	0.00763	0.13099	0.00699	0.00323	0.00529
7	0.01531	0.01426	0.01354	0.01220	0.01545	0.10268	0.00944	0.03001	0.66360	0.02315	0.02196	0.02039	0.01656	0.00767	0.00584	0.00192	0.00529	0.00625	0.00558	0.00892
8	0.00718	0.00514	0.00683	0.00803	0.00846	0.00479	0.00541	0.00834	0.01158	0.01556	0.09338	0.72846	0.03985	0.01768	0.00737	0.00232	0.00332	0.01602	0.00548	0.00479
9	0.01181	0.05813	0.73869	0.01633	0.02480	0.01385	0.02106	0.01838	0.01226	0.01824	0.01035	0.01217	0.00737	0.00550	0.00546	0.00182	0.00851	0.00425	0.00246	0.00855
10	0.02181	0.02511	0.01670	0.01462	0.01799	0.60045	0.01119	0.18651	0.01895	0.01934	0.01012	0.01128	0.00804	0.00622	0.00537	0.00155	0.00956	0.00408	0.00364	0.00746
11	0.00702	0.00583	0.00614	0.00621	0.00798	0.00495	0.00460	0.00857	0.01337	0.01634	0.12070	0.11713	0.63165	0.01476	0.00692	0.00199	0.00296	0.01247	0.00549	0.00495
12	0.00738	0.00527	0.00709	0.00843	0.00890	0.00498	0.00591	0.00861	0.01142	0.01517	0.03189	0.69836	0.03782	0.01794	0.00750	0.00240	0.00363	0.10710	0.00539	0.00480
13	0.01228	0.01208	0.01752	0.01556	0.04071	0.01631	0.03542	0.01384	0.00926	0.01426	0.00883	0.01409	0.00855	0.01384	0.10838	0.00331	0.64147	0.00529	0.00264	0.00637
14	0.00836	0.00603	0.00833	0.00833	0.00901	0.00672	0.00600	0.00973	0.00904	0.01274	0.01651	0.02801	0.01678	0.29898	0.52029	0.00809	0.01220	0.00699	0.00325	0.00463
15	0.02128	0.01678	0.01651	0.01300	0.01724	0.09934	0.01059	0.61130	0.02510	0.03316	0.01377	0.01412	0.00998	0.00686	0.00563	0.00169	0.00659	0.00509	0.06274	0.00924
16	0.01206	0.01034	0.01206	0.00861	0.01378	0.00775	0.00689	0.01464	0.01206	0.01895	0.01034	0.01206	0.00861	0.00431	0.00431	0.00086	0.00431	0.00345	0.00345	0.83118
17	0.15678	0.07824	0.15008	0.03432	0.05040	0.19860	0.01222	0.13419	0.04046	0.02138	0.01079	0.01229	0.00837	0.00607	0.00543	0.00170	0.03128	0.00424	0.03550	0.00767
18	0.02178	0.00943	0.01240	0.00989	0.01367	0.00855	0.00799	0.03852	0.06735	0.55562	0.14122	0.02420	0.02129	0.03229	0.00675	0.00193	0.00462	0.00672	0.00684	0.00894
19	0.00739	0.00527	0.00673	0.00776	0.00818	0.00497	0.00517	0.00833	0.01090	0.01440	0.03139	0.58959	0.08107	0.14914	0.01115	0.00290	0.00381	0.04221	0.00508	0.00456
20	0.08364	0.01333	0.03360	0.02657	0.48065	0.04896	0.05616	0.01720	0.01289	0.01936	0.01219	0.01652	0.01033	0.00613	0.00590	0.02063	0.00653	0.03094	0.09041	0.00806
21	0.09060	0.01562	0.01642	0.01280	0.01727	0.01738	0.01053	0.63341	0.07200	0.03497	0.01409	0.01407	0.01009	0.00690	0.00564	0.00176	0.00612	0.00514	0.00564	0.00954
22	0.01386	0.46525	0.34958	0.01283	0.01937	0.01888	0.01496	0.01785	0.01202	0.01574	0.00911	0.01061	0.00742	0.00521	0.00451	0.00150	0.00725	0.00363	0.00247	0.00795
23	0.01109	0.00697	0.00833	0.00820	0.00846	0.07002	0.00557	0.00890	0.00833	0.01045	0.01001	0.01707	0.00988	0.01900	0.02125	0.76058	0.00551	0.00494	0.00257	0.00288
24	0.01362	0.04252	0.01815	0.01505	0.01549	0.08424	0.01249	0.01493	0.00968	0.01400	0.00777	0.01240	0.00761	0.00962	0.01731	0.00241	0.68878	0.00490	0.00258	0.00643
25	0.00822	0.00696	0.00864	0.13779	0.01410	0.00683	0.00723	0.01083	0.03760	0.01662	0.09803	0.04821	0.46752	0.01294	0.00680	0.00203	0.00408	0.09515	0.00501	0.00541
26	0.01219	0.01158	0.01775	0.62481	0.10661	0.04483	0.01561	0.04954	0.01276	0.01628	0.01156	0.01599	0.02419	0.00601	0.00581	0.00189	0.00762	0.00527	0.00284	0.00686
27	0.00828	0.00563	0.00670	0.00686	0.00701	0.00570	0.00413	0.00862	0.00886	0.01193	0.01965	0.12528	0.02249	0.62567	0.10441	0.00564	0.00641	0.00918	0.00370	0.00384
28	0.00717	0.00525	0.00663	0.00764	0.00825	0.00483	0.00516	0.00826	0.01151	0.01510	0.06165	0.61399	0.14726	0.05769	0.00847	0.00245	0.00340	0.01525	0.00534	0.00472
29	0.00764	0.00614	0.00691	0.00716	0.00884	0.00552	0.00549	0.00987	0.03860	0.01689	0.11924	0.13719	0.48075	0.01479	0.00706	0.00210	0.00337	0.11177	0.00551	0.00516
30	0.00834	0.00612	0.00878	0.00878	0.00962	0.00696	0.00656	0.01002	0.00918	0.01308	0.01610	0.02572	0.01579	0.18566	0.63224	0.00865	0.01370	0.00665	0.00319	0.00488
31	0.01373	0.01569	0.03431	0.02451	0.03039	0.01471	0.73824	0.01863	0.01373	0.01863	0.01176	0.01569	0.00882	0.00490	0.00686	0.00196	0.00980	0.00686	0.00294	0.00784
32	0.00708	0.00550	0.00644	0.00705	0.00819	0.00487	0.00497	0.00843	0.01250	0.01590	0.10112	0.40351	0.36137	0.01616	0.00713	0.00214	0.00313	0.01415	0.00548	0.00487
33	0.00790	0.00543	0.00701	0.00795	0.00872	0.00497	0.00551	0.00912	0.01185	0.04435	0.05904	0.62453	0.12859	0.01708	0.00729	0.00228	0.00341	0.03448	0.00550	0.00499
34	0.02211	0.01629	0.01745	0.01338	0.01803	0.01803	0.01105	0.73997	0.02734	0.03665	0.01396	0.01396	0.00989	0.00698	0.00582	0.00175	0.00640	0.00524	0.00582	0.00989
35	0.20857	0.01020	0.01238	0.00974	0.01403	0.00956	0.00804	0.02581	0.01513	0.59741	0.01960	0.01746	0.01257	0.00679	0.00534	0.00180	0.00485	0.00524	0.00639	0.00909
36	0.00715	0.00514	0.00678	0.00798	0.00843	0.00478	0.00537	0.00828	0.01153	0.01540	0.07793	0.72180	0.06243	0.01771	0.00737	0.00232	0.00332	0.01602	0.00546	0.00478
37	0.04153	0.07791	0.01507	0.01153	0.04349	0.03642	0.00906	0.09526	0.07011	0.43066	0.06062	0.05064	0.01621	0.00759	0.00571	0.00177	0.00524	0.00614	0.00606	0.00896
38	0.00907	0.00716	0.01040	0.01002	0.01088	0.00875	0.00787	0.01099	0.00936	0.01381	0.01458	0.02168	0.01369	0.05716	0.61131	0.00793	0.13079	0.00609	0.03312	0.00533
39	0.00775	0.00556	0.00689	0.00779	0.00876	0.00516	0.00572	0.00932	0.01217	0.01621	0.05130	0.42814	0.19671	0.01599	0.00710	0.00223	0.00353	0.12966	0.07507	0.00494
40	0.01272	0.01272	0.01781	0.01527	0.01527	0.01781	0.01272	0.01399	0.00891	0.01399	0.00763	0.01272	0.00763	0.01018	0.01908	0.00254	0.78499	0.00509	0.00254	0.00636
41	0.46814	0.11414	0.03135	0.04156	0.07769	0.01527	0.00930	0.14393	0.01361	0.02514	0.00950	0.01094	0.00740	0.00562	0.00432	0.00172	0.00547	0.00379	0.00372	0.00738
42	0.00948	0.00732	0.01039	0.01014	0.01147	0.00719	0.06821	0.09254	0.01321	0.01765	0.02785	0.58884	0.03203	0.03683	0.00782	0.00236	0.00440	0.04152	0.00519	0.00557
43	0.78430	0.01133	0.00937	0.02571	0.04316	0.01307	0.00700	0.01708	0.01007	0.02555	0.00826	0.00979	0.00645	0.00540	0.00374	0.00180	0.00467	0.00328	0.00355	0.00642
44	0.03828	0.00607	0.00727	0.00710	0.00857	0.00559	0.00523	0.01042	0.01456	0.03209	0.44005	0.13279	0.21700	0.03990	0.00757	0.00205	0.00306	0.01123	0.00586	0.00529
45	0.01794	0.01227	0.01450	0.01188	0.01493	0.01370	0.00955	0.24848	0.13833	0.16671	0.01665	0.01883	0.01294	0.08759	0.03833	0.00257	0.13458	0.00586	0.00517	0.02919
46	0.01272	0.01272	0.01781	0.01527	0.01527	0.01781	0.01272	0.01399	0.00891	0.01399	0.00763	0.01272	0.00763	0.01018	0.01908	0.00254	0.78499	0.00509	0.00254	0.00636
47	0.81033	0.01122	0.00883	0.03237	0.01217	0.01304	0.00661	0.01702	0.00995	0.02573	0.00817	0.00964	0.00634	0.00541	0.00367	0.00180	0.00460	0.00321	0.00357	0.00630
48	0.02002	0.20833	0.01989	0.01390	0.03668	0.44730	0.01093	0.10591	0.01644	0.04134	0.00998	0.01124	0.00816	0.00653	0.01823	0.00162	0.00880	0.00392	0.00334	0.00742
49	0.00715	0.00570	0.00642	0.00666	0.00813	0.00496	0.00483	0.00873	0.01329	0.01679	0.17052	0.23034	0.46580	0.01508	0.00700	0.00204	0.00301	0.01300	0.00557	0.00496
50	0.01211	0.03446	0.01244	0.21649	0.08373	0.01016	0.00959	0.05724	0.01284	0.01982	0.01469	0.01804	0.01156	0.00652	0.00559	0.00163	0.04721	0.00523	0.41425	0.00641
51	0.01206	0.01034	0.01206	0.00861	0.01378	0.00775	0.00689	0.01464	0.01206	0.01895	0.01034	0.01206	0.00861	0.00431	0.00431	0.00086	0.00431	0.00345	0.00345	0.83118
52	0.02161	0.01592	0.01710	0.01321	0.01772	0.01760	0.01087	0.71604	0.02681	0.03594	0.01455	0.03939	0.01082	0.00735	0.00587	0.00177	0.00630	0.00560	0.00580	0.00972
