[name]
unknown

[dist]
# distance from previous block
# <min> <max>
0	1

[block]
# block no. 0 follows, 49 sequences, length 29
# corresponding to MSA columns:
# 1-29
name=unknown_A
#
# <colnr> <probs for GDERKNQSTAVLIFYWHMCP>
#	G	D	E	R	K	N	Q	S	T	A	V	L	I	F	Y	W	H	M	C	P
0	0.01155	0.00772	0.00952	0.00745	0.01076	0.00627	0.00590	0.01373	0.01214	0.15054	0.21789	0.02074	0.01989	0.02678	0.00521	0.00126	0.00354	0.02628	0.00428	0.43856
1	0.01272	0.00713	0.00895	0.00812	0.01005	0.00696	0.00613	0.09556	0.07205	0.21916	0.08379	0.28427	0.04983	0.01124	0.00723	0.09357	0.00375	0.00860	0.00498	0.00591
2	0.04597	0.01243	0.01311	0.01082	0.01426	0.01405	0.00870	0.39021	0.38500	0.02643	0.01599	0.01521	0.01175	0.00640	0.00503	0.00161	0.00476	0.00504	0.00503	0.00820
3	0.01942	0.00956	0.04039	0.00901	0.01315	0.00784	0.00764	0.04684	0.03051	0.56608	0.01709	0.01548	0.01121	0.00570	0.00480	0.00140	0.00434	0.00461	0.00538	0.17956
4	0.07758	0.01060	0.01098	0.00989	0.01272	0.01224	0.00771	0.02541	0.69853	0.02124	0.04304	0.01862	0.01566	0.00680	0.00502	0.00170	0.00395	0.00559	0.00500	0.00771
5	0.00914	0.00583	0.00760	0.00773	0.00913	0.00554	0.00616	0.01139	0.03533	0.10141	0.20357	0.14609	0.10352	0.05349	0.00728	0.00209	0.00366	0.27104	0.00498	0.00503
6	0.00809	0.00545	0.00636	0.00605	0.00772	0.00474	0.00456	0.00975	0.01253	0.09735	0.26668	0.10149	0.42741	0.01162	0.00592	0.00168	0.00272	0.00992	0.00512	0.00486
7	0.85801	0.00978	0.00743	0.00665	0.00978	0.01134	0.00548	0.01486	0.00861	0.02269	0.00704	0.00821	0.00548	0.00469	0.00313	0.00156	0.00391	0.00274	0.00313	0.00548
8	0.04259	0.00853	0.01149	0.00886	0.01268	0.00745	0.00731	0.02397	0.01433	0.75303	0.04188	0.01759	0.01337	0.00634	0.00506	0.00157	0.00424	0.00515	0.00616	0.00842
9	0.07196	0.00499	0.00607	0.00676	0.00752	0.00478	0.00470	0.00804	0.01045	0.01485	0.14449	0.57712	0.09205	0.01390	0.00609	0.00192	0.00290	0.01239	0.00471	0.00433
10	0.00650	0.00463	0.00619	0.00733	0.00774	0.00439	0.00515	0.00756	0.00989	0.01313	0.02728	0.67742	0.03226	0.04433	0.00722	0.00220	0.00326	0.12474	0.00463	0.00415
11	0.85801	0.00978	0.00743	0.00665	0.00978	0.01134	0.00548	0.01486	0.00861	0.02269	0.00704	0.00821	0.00548	0.00469	0.00313	0.00156	0.00391	0.00274	0.00313	0.00548
12	0.00631	0.00446	0.00582	0.00685	0.00711	0.00421	0.00449	0.00708	0.00939	0.01252	0.02638	0.72099	0.03157	0.11640	0.00886	0.00241	0.00318	0.01350	0.00449	0.00398
13	0.58277	0.00995	0.00882	0.00756	0.01062	0.01119	0.00610	0.11918	0.03942	0.08202	0.00991	0.01175	0.00780	0.06811	0.00536	0.00182	0.00425	0.00363	0.00370	0.00605
14	0.01130	0.00949	0.01012	0.00920	0.01170	0.01069	0.00712	0.02269	0.59980	0.02038	0.11245	0.02336	0.07836	0.00768	0.00524	0.00168	0.00363	0.00645	0.04147	0.00720
15	0.01194	0.01364	0.02984	0.02131	0.02643	0.01279	0.77238	0.01620	0.01194	0.01620	0.01023	0.01364	0.00767	0.00426	0.00597	0.00171	0.00853	0.00597	0.00256	0.00682
16	0.00756	0.00536	0.00724	0.00820	0.00913	0.00524	0.00667	0.00942	0.01114	0.01477	0.07657	0.23312	0.04967	0.04867	0.00749	0.00228	0.00400	0.46310	0.02591	0.00446
17	0.00738	0.00564	0.00842	0.00833	0.00920	0.00669	0.00651	0.00915	0.00811	0.01176	0.01327	0.01952	0.01240	0.03677	0.77099	0.00789	0.04535	0.00538	0.00269	0.00456
18	0.01847	0.01344	0.01437	0.01110	0.01493	0.01484	0.00915	0.71548	0.02277	0.03087	0.01247	0.01265	0.00893	0.00606	0.00494	0.00149	0.00532	0.00456	0.06984	0.00830
19	0.01889	0.02410	0.01433	0.01303	0.01563	0.80199	0.00977	0.02019	0.01433	0.01238	0.00782	0.00912	0.00651	0.00521	0.00456	0.00130	0.00912	0.00326	0.00261	0.00586
20	0.15109	0.00879	0.01107	0.00864	0.01243	0.00803	0.00713	0.02314	0.01357	0.67564	0.01797	0.01583	0.01144	0.00602	0.00478	0.00156	0.00424	0.00472	0.00578	0.00812
21	0.00643	0.00460	0.00615	0.00713	0.00760	0.00432	0.00497	0.00760	0.01039	0.01396	0.11905	0.66681	0.03482	0.01504	0.00644	0.00202	0.00300	0.07064	0.00480	0.00423
22	0.00955	0.00899	0.01517	0.81013	0.03483	0.01123	0.01404	0.01292	0.01011	0.01292	0.00899	0.01348	0.00674	0.00506	0.00506	0.00169	0.00674	0.00449	0.00225	0.00562
23	0.01252	0.01201	0.02053	0.03104	0.79074	0.01201	0.01552	0.01552	0.01151	0.01652	0.00951	0.01252	0.00801	0.00451	0.00501	0.00150	0.00601	0.00451	0.00250	0.00801
24	0.00616	0.00440	0.00587	0.00704	0.00733	0.00411	0.00469	0.00704	0.00968	0.01291	0.02787	0.81899	0.03344	0.01584	0.00645	0.00205	0.00293	0.01438	0.00469	0.00411
25	0.01049	0.00899	0.01049	0.00749	0.01198	0.00674	0.00599	0.01273	0.01049	0.01648	0.00899	0.01049	0.00749	0.00374	0.00374	0.00075	0.00374	0.00300	0.00300	0.85320
26	0.00680	0.00504	0.00721	0.00763	0.00835	0.00546	0.00565	0.00826	0.00880	0.01222	0.01998	0.30698	0.04693	0.02915	0.48978	0.00573	0.00937	0.00881	0.00349	0.00436
27	0.00815	0.00582	0.00815	0.00931	0.01048	0.00582	0.00815	0.01048	0.01164	0.01513	0.02677	0.05704	0.02910	0.01397	0.00698	0.00233	0.00466	0.75671	0.00466	0.00466
28	0.00955	0.00899	0.01517	0.81013	0.03483	0.01123	0.01404	0.01292	0.01011	0.01292	0.00899	0.01348	0.00674	0.00506	0.00506	0.00169	0.00674	0.00449	0.00225	0.00562

[dist]
# distance from previous block
# <min> <max>
0	39

[block]
# block no. 1 follows, 49 sequences, length 49
# corresponding to MSA columns:
# 69-117
name=unknown_B
#
# <colnr> <probs for GDERKNQSTAVLIFYWHMCP>
#	G	D	E	R	K	N	Q	S	T	A	V	L	I	F	Y	W	H	M	C	P
0	0.01125	0.07315	0.01633	0.01292	0.01325	0.01583	0.01088	0.01240	0.00794	0.01215	0.00667	0.01084	0.00663	0.00851	0.01558	0.00213	0.75145	0.00429	0.00221	0.00560
1	0.01049	0.00899	0.01049	0.00749	0.01198	0.00674	0.00599	0.01273	0.01049	0.01648	0.00899	0.01049	0.00749	0.00374	0.00374	0.00075	0.00374	0.00300	0.00300	0.85320
2	0.00878	0.00439	0.00659	0.00659	0.00659	0.00439	0.00439	0.00659	0.00659	0.00878	0.00878	0.01537	0.00878	0.01757	0.01976	0.85288	0.00439	0.00439	0.00220	0.00220
3	0.01014	0.02616	0.79609	0.01441	0.02189	0.01174	0.01868	0.01601	0.01068	0.01601	0.00907	0.01068	0.00641	0.00480	0.00480	0.00160	0.00747	0.00374	0.00214	0.00747
4	0.01106	0.01106	0.01549	0.01328	0.01328	0.01549	0.01106	0.01217	0.00774	0.01217	0.00664	0.01106	0.00664	0.00885	0.01659	0.00221	0.81303	0.00443	0.00221	0.00553
5	0.00756	0.00515	0.00678	0.00659	0.00772	0.00474	0.00486	0.00963	0.01342	0.04846	0.61046	0.18930	0.04358	0.01125	0.00603	0.00168	0.00257	0.01001	0.00542	0.00479
6	0.00631	0.00455	0.00598	0.00686	0.00735	0.00422	0.00468	0.00745	0.01048	0.01411	0.14938	0.66708	0.06307	0.01486	0.00636	0.00197	0.00283	0.01341	0.00483	0.00422
7	0.62107	0.00899	0.00787	0.00688	0.00974	0.00993	0.00549	0.01548	0.00938	0.14273	0.01018	0.01271	0.00818	0.10610	0.00624	0.00198	0.00410	0.00368	0.00361	0.00567
8	0.00786	0.00573	0.00775	0.00876	0.01000	0.00562	0.00758	0.01005	0.01163	0.01494	0.02999	0.05594	0.12899	0.01382	0.00685	0.00225	0.00438	0.65860	0.00466	0.00461
9	0.85801	0.00978	0.00743	0.00665	0.00978	0.01134	0.00548	0.01486	0.00861	0.02269	0.00704	0.00821	0.00548	0.00469	0.00313	0.00156	0.00391	0.00274	0.00313	0.00548
10	0.00611	0.00459	0.00568	0.00655	0.00721	0.00415	0.00448	0.00710	0.01015	0.01310	0.03384	0.62208	0.22650	0.01507	0.00633	0.00197	0.00284	0.01343	0.00469	0.00415
11	0.85801	0.00978	0.00743	0.00665	0.00978	0.01134	0.00548	0.01486	0.00861	0.02269	0.00704	0.00821	0.00548	0.00469	0.00313	0.00156	0.00391	0.00274	0.00313	0.00548
12	0.01750	0.00815	0.01057	0.00849	0.01158	0.00753	0.00686	0.08999	0.03303	0.47462	0.24822	0.02291	0.02271	0.00747	0.00535	0.00157	0.00384	0.00626	0.00591	0.00745
13	0.06149	0.00575	0.00719	0.00668	0.00821	0.00553	0.00512	0.01074	0.01293	0.07773	0.51136	0.03322	0.11188	0.01333	0.10425	0.00241	0.00403	0.00813	0.00503	0.00503
14	0.01125	0.00584	0.00710	0.00640	0.00739	0.00555	0.00417	0.01175	0.00916	0.20912	0.01695	0.02906	0.01689	0.61495	0.02049	0.00405	0.00475	0.00678	0.00388	0.00447
15	0.14443	0.00679	0.00783	0.00693	0.00909	0.00658	0.00542	0.01376	0.04313	0.17283	0.39194	0.02966	0.12452	0.00881	0.00531	0.00160	0.00309	0.00739	0.00519	0.00570
16	0.01817	0.02274	0.01422	0.01288	0.01538	0.72047	0.00973	0.02019	0.05746	0.01286	0.00848	0.00976	0.00702	0.00547	0.00516	0.00137	0.04647	0.00345	0.00273	0.00597
17	0.01321	0.01449	0.12213	0.01875	0.02399	0.01191	0.57291	0.01735	0.01213	0.12420	0.01144	0.01377	0.00819	0.00461	0.00570	0.00167	0.00781	0.00557	0.00302	0.00715
18	0.00653	0.00467	0.00624	0.00712	0.00762	0.00444	0.00498	0.00774	0.01036	0.01397	0.13248	0.59721	0.03391	0.04182	0.03304	0.00230	0.00341	0.07324	0.00469	0.00422
19	0.00808	0.00534	0.00699	0.00654	0.00782	0.00491	0.00488	0.01029	0.01387	0.06801	0.67610	0.07795	0.04386	0.03500	0.00653	0.00171	0.00261	0.00912	0.00549	0.00492
20	0.01456	0.01208	0.01878	0.02604	0.60239	0.03052	0.01382	0.08892	0.01311	0.11411	0.01101	0.01298	0.00859	0.00489	0.00501	0.00151	0.00583	0.00455	0.00321	0.00809
21	0.00859	0.00448	0.00654	0.00654	0.00658	0.00451	0.00434	0.00675	0.00671	0.00899	0.00962	0.01718	0.00982	0.09313	0.04881	0.74327	0.00477	0.00470	0.00230	0.00236
22	0.01204	0.40714	0.40370	0.01162	0.01744	0.04141	0.01361	0.01573	0.01060	0.01393	0.00806	0.00940	0.00645	0.00459	0.00405	0.00134	0.00654	0.00323	0.00216	0.00695
23	0.01343	0.08496	0.16468	0.00935	0.01294	0.02290	0.00900	0.03356	0.01265	0.24947	0.18347	0.02068	0.04359	0.01080	0.10371	0.00234	0.00581	0.00567	0.00435	0.00666
24	0.01172	0.01175	0.02127	0.17262	0.41602	0.01231	0.18780	0.01493	0.01106	0.01544	0.00936	0.01284	0.00759	0.00488	0.00612	0.00164	0.06826	0.00483	0.00245	0.00710
25	0.00876	0.00622	0.00756	0.00773	0.00889	0.00629	0.00556	0.07258	0.10699	0.04192	0.10287	0.52255	0.02932	0.01274	0.00599	0.00188	0.00325	0.01136	0.03237	0.00519
26	0.01250	0.03108	0.20581	0.03641	0.21706	0.11418	0.25138	0.01628	0.01164	0.01547	0.00927	0.01189	0.00724	0.00474	0.00555	0.00158	0.03382	0.00459	0.00243	0.00708
27	0.01149	0.01859	0.44937	0.04612	0.01998	0.01036	0.12274	0.01602	0.01166	0.11257	0.09453	0.03943	0.01260	0.00584	0.00519	0.00163	0.00652	0.00515	0.00316	0.00705
28	0.01453	0.66238	0.02493	0.00966	0.01400	0.01790	0.06674	0.01640	0.01092	0.10903	0.00887	0.00966	0.00733	0.00456	0.00368	0.00119	0.00551	0.00325	0.00270	0.00678
29	0.00626	0.00454	0.00615	0.03139	0.00817	0.00432	0.00498	0.00722	0.00969	0.01291	0.02730	0.79456	0.03264	0.01552	0.00641	0.00204	0.00305	0.01408	0.00462	0.00415
30	0.01322	0.67401	0.12143	0.00992	0.01460	0.04413	0.03479	0.01545	0.01051	0.01256	0.00741	0.00864	0.00652	0.00441	0.00357	0.00117	0.00589	0.00296	0.00219	0.00660
31	0.01215	0.01164	0.01905	0.02823	0.69692	0.03004	0.01435	0.01505	0.01185	0.01678	0.08448	0.01487	0.01180	0.00508	0.00509	0.00151	0.00573	0.00492	0.00280	0.00765
32	0.00848	0.00666	0.00988	0.01275	0.15508	0.00657	0.00866	0.01059	0.01120	0.01488	0.02458	0.20734	0.05088	0.01256	0.00647	0.00210	0.00448	0.43742	0.00426	0.00515
33	0.00693	0.00542	0.00760	0.00980	0.10421	0.00510	0.00594	0.00811	0.01011	0.01344	0.02814	0.63538	0.11248	0.01411	0.00622	0.00195	0.00327	0.01275	0.00442	0.00461
34	0.01348	0.13631	0.44589	0.01193	0.01777	0.01200	0.01379	0.06464	0.01226	0.16874	0.02324	0.01329	0.03386	0.00544	0.00470	0.00152	0.00620	0.00420	0.00326	0.00748
35	0.01186	0.07638	0.16497	0.10113	0.51551	0.01250	0.01544	0.01533	0.01113	0.01573	0.00919	0.01193	0.00747	0.00460	0.00484	0.00151	0.00631	0.00422	0.00238	0.00756
36	0.01933	0.00841	0.01103	0.00885	0.01216	0.00766	0.00714	0.09494	0.01478	0.57442	0.06824	0.11721	0.01693	0.00768	0.00531	0.00162	0.00414	0.00644	0.00590	0.00781
37	0.01113	0.01060	0.01828	0.17463	0.50318	0.01094	0.06127	0.01402	0.01105	0.01537	0.01173	0.11255	0.01090	0.00600	0.00525	0.00162	0.00592	0.00582	0.00273	0.00700
38	0.01610	0.01025	0.06142	0.10972	0.01691	0.00946	0.07307	0.02025	0.11929	0.37679	0.01719	0.08011	0.01282	0.00683	0.00582	0.00169	0.04436	0.00580	0.00472	0.00742
39	0.02036	0.00860	0.01118	0.00872	0.01237	0.00767	0.00715	0.07962	0.01482	0.63953	0.02322	0.02072	0.10826	0.00705	0.00519	0.00158	0.00418	0.00574	0.00597	0.00807
40	0.01889	0.02410	0.01433	0.01303	0.01563	0.80199	0.00977	0.02019	0.01433	0.01238	0.00782	0.00912	0.00651	0.00521	0.00456	0.00130	0.00912	0.00326	0.00261	0.00586
41	0.01165	0.02412	0.59158	0.01628	0.11615	0.12150	0.01705	0.01653	0.01129	0.01557	0.00895	0.01069	0.00662	0.00482	0.00480	0.00155	0.00752	0.00377	0.00225	0.00732
42	0.01138	0.01152	0.01626	0.56325	0.13677	0.10932	0.03679	0.02953	0.01116	0.01383	0.00902	0.01279	0.00695	0.00499	0.00502	0.00161	0.00696	0.00439	0.00239	0.00608
43	0.00955	0.00899	0.01517	0.81013	0.03483	0.01123	0.01404	0.01292	0.01011	0.01292	0.00899	0.01348	0.00674	0.00506	0.00506	0.00169	0.00674	0.00449	0.00225	0.00562
44	0.00763	0.00586	0.00842	0.00805	0.00940	0.00637	0.00628	0.00949	0.00842	0.01233	0.01298	0.01870	0.01200	0.03370	0.70345	0.00721	0.01233	0.00512	0.00274	0.10952
45	0.00693	0.00493	0.00568	0.00580	0.00632	0.00468	0.00371	0.00761	0.00937	0.01231	0.11985	0.13889	0.16980	0.45236	0.01678	0.00348	0.00389	0.02004	0.00392	0.00366
46	0.20018	0.52061	0.12963	0.00908	0.01356	0.02904	0.00937	0.01528	0.01002	0.01487	0.00733	0.00851	0.00625	0.00449	0.00346	0.00126	0.00542	0.00286	0.00238	0.00639
47	0.08418	0.20816	0.23784	0.07188	0.01730	0.01382	0.02321	0.11046	0.09461	0.04493	0.01138	0.01227	0.02579	0.00529	0.00442	0.00147	0.00576	0.00401	0.00314	0.02007
48	0.03874	0.47700	0.07459	0.00837	0.01175	0.01420	0.00809	0.01324	0.01038	0.01364	0.03545	0.11437	0.02482	0.01939	0.00447	0.00142	0.00478	0.05195	0.06749	0.00585

[dist]
# distance from previous block
# <min> <max>
0	42

# created by:
# /st0/software/busco_prod/Augustus/scripts/msa2prfl.pl ./align_prep/220874.fa
