[name]
unknown

[dist]
# distance from previous block
# <min> <max>
3	28

[block]
# block no. 0 follows, 43 sequences, length 65
# corresponding to MSA columns:
# 28-92
name=unknown_A
#
# <colnr> <probs for GDERKNQSTAVLIFYWHMCP>
#	G	D	E	R	K	N	Q	S	T	A	V	L	I	F	Y	W	H	M	C	P
0	0.02876	0.00983	0.04568	0.08505	0.01667	0.00899	0.11367	0.01710	0.04775	0.19590	0.28957	0.02618	0.02617	0.00814	0.00630	0.00178	0.02300	0.02012	0.00508	0.02427
1	0.02903	0.00764	0.01070	0.07812	0.02958	0.00727	0.04091	0.01253	0.01264	0.06244	0.19043	0.07565	0.09787	0.02973	0.07084	0.00242	0.00525	0.09893	0.00452	0.13350
2	0.02945	0.01076	0.07408	0.33177	0.07473	0.01020	0.01173	0.01426	0.05714	0.01593	0.01702	0.03523	0.09963	0.02321	0.00654	0.03491	0.00586	0.02019	0.00324	0.12412
3	0.01164	0.01127	0.01954	0.42984	0.18840	0.01215	0.11990	0.01524	0.01173	0.01595	0.01016	0.01418	0.00792	0.00512	0.00550	0.00169	0.00711	0.00496	0.00267	0.10504
4	0.01216	0.01342	0.06378	0.20267	0.15589	0.01291	0.29970	0.01601	0.01200	0.01663	0.01075	0.03046	0.00866	0.00548	0.00661	0.00179	0.05625	0.00561	0.00275	0.06648
5	0.01528	0.01705	0.06298	0.12752	0.28182	0.20536	0.07089	0.07680	0.01417	0.01771	0.01011	0.01275	0.00807	0.00530	0.00537	0.00160	0.00767	0.00458	0.00297	0.05199
6	0.01349	0.01376	0.02035	0.22818	0.40440	0.09940	0.06286	0.01669	0.01246	0.01643	0.01002	0.01354	0.00815	0.00523	0.00573	0.00168	0.02402	0.00482	0.00270	0.03611
7	0.57402	0.01197	0.01211	0.01384	0.18286	0.03937	0.00888	0.04751	0.01121	0.04181	0.00893	0.01052	0.00700	0.00522	0.00409	0.00169	0.00509	0.00360	0.00342	0.00687
8	0.01451	0.00996	0.01191	0.00876	0.01339	0.00806	0.00706	0.06257	0.01339	0.16433	0.04116	0.01415	0.01101	0.00506	0.00457	0.00108	0.00429	0.00408	0.00421	0.59645
9	0.01330	0.01051	0.01292	0.00938	0.01422	0.02810	0.04812	0.01582	0.01217	0.10207	0.01122	0.01246	0.00880	0.00448	0.00442	0.00099	0.00461	0.00372	0.00364	0.67903
10	0.00757	0.00547	0.00641	0.00649	0.00714	0.00533	0.00425	0.00835	0.00976	0.01278	0.06014	0.10258	0.19436	0.42305	0.11866	0.00460	0.00571	0.00934	0.00399	0.00404
11	0.01262	0.01288	0.09181	0.02586	0.50705	0.01126	0.01475	0.01585	0.01256	0.04761	0.04054	0.09964	0.01490	0.00732	0.00583	0.00179	0.00607	0.06037	0.00340	0.00790
12	0.00794	0.00545	0.00669	0.00694	0.00721	0.00554	0.00447	0.00852	0.00884	0.01188	0.01963	0.13058	0.02224	0.54718	0.12316	0.00523	0.00633	0.06465	0.00366	0.00384
13	0.00688	0.00490	0.00651	0.00774	0.00808	0.00460	0.00521	0.00787	0.01058	0.01410	0.02996	0.74336	0.03580	0.04847	0.00793	0.00238	0.00337	0.04271	0.00507	0.00448
14	0.00743	0.00548	0.00688	0.00687	0.00802	0.00500	0.00498	0.00943	0.01391	0.01905	0.48325	0.19400	0.15806	0.04338	0.00747	0.00200	0.00287	0.01134	0.00566	0.00492
15	0.01148	0.00984	0.01148	0.00820	0.01312	0.00738	0.00656	0.01395	0.01148	0.01805	0.00984	0.01148	0.00820	0.00410	0.00410	0.00082	0.00410	0.00328	0.00328	0.83922
16	0.00674	0.00486	0.00638	0.00760	0.00800	0.00451	0.00509	0.00772	0.01071	0.01418	0.03189	0.76187	0.07563	0.01717	0.00704	0.00223	0.00319	0.01553	0.00514	0.00451
17	0.00691	0.00561	0.00612	0.00603	0.00771	0.00482	0.00451	0.00863	0.01342	0.01694	0.25166	0.06739	0.55417	0.01336	0.00655	0.00184	0.00276	0.01132	0.00541	0.00482
18	0.00791	0.00593	0.00890	0.00890	0.00989	0.00692	0.00692	0.00989	0.00890	0.01286	0.01483	0.02176	0.01385	0.04154	0.78341	0.00890	0.01483	0.00593	0.00297	0.00494
19	0.02485	0.00943	0.01285	0.00985	0.01414	0.00814	0.00814	0.02699	0.01585	0.77465	0.02185	0.01885	0.01371	0.00685	0.00557	0.00171	0.00471	0.00557	0.00685	0.00943
20	0.01148	0.00984	0.01148	0.00820	0.01312	0.00738	0.00656	0.01395	0.01148	0.01805	0.00984	0.01148	0.00820	0.00410	0.00410	0.00082	0.00410	0.00328	0.00328	0.83922
21	0.01050	0.00629	0.00800	0.00721	0.00913	0.00562	0.00554	0.01281	0.01514	0.14934	0.50953	0.03972	0.17750	0.01106	0.00637	0.00176	0.00301	0.00956	0.00605	0.00584
22	0.00675	0.00482	0.00643	0.00771	0.00803	0.00450	0.00514	0.00771	0.01060	0.01414	0.03053	0.80175	0.03663	0.01735	0.00707	0.00225	0.00321	0.01574	0.00514	0.00450
23	0.01148	0.00984	0.01148	0.00820	0.01312	0.00738	0.00656	0.01395	0.01148	0.01805	0.00984	0.01148	0.00820	0.00410	0.00410	0.00082	0.00410	0.00328	0.00328	0.83922
24	0.00674	0.00485	0.00639	0.00763	0.00801	0.00451	0.00510	0.00772	0.01068	0.01417	0.03154	0.77212	0.06560	0.01722	0.00705	0.00223	0.00320	0.01558	0.00514	0.00451
25	0.00655	0.00561	0.00561	0.00561	0.00748	0.00468	0.00421	0.00795	0.01262	0.01496	0.05610	0.05330	0.76857	0.01403	0.00655	0.00187	0.00281	0.01169	0.00514	0.00468
26	0.01053	0.00995	0.01663	0.75718	0.03709	0.01251	0.01523	0.01411	0.01096	0.01411	0.00973	0.01465	0.00738	0.00572	0.00610	0.00187	0.04272	0.00492	0.00246	0.00615
27	0.00662	0.00531	0.00592	0.00641	0.00769	0.00461	0.00456	0.00786	0.01186	0.01465	0.04638	0.33790	0.49024	0.01529	0.00674	0.00201	0.00296	0.01323	0.00514	0.00461
28	0.22431	0.01236	0.01302	0.01050	0.01444	0.01338	0.00858	0.29016	0.13386	0.20175	0.01533	0.01466	0.01073	0.00646	0.00504	0.00172	0.00506	0.00483	0.00534	0.00847
29	0.00768	0.00508	0.00668	0.00765	0.00812	0.00474	0.00511	0.00861	0.01060	0.04792	0.02889	0.69359	0.03403	0.09207	0.00902	0.00252	0.00349	0.01455	0.00505	0.00461
30	0.01072	0.01011	0.01708	0.73186	0.09632	0.01237	0.01551	0.01438	0.01120	0.01446	0.00989	0.01468	0.00749	0.00549	0.00553	0.00183	0.00732	0.00492	0.00248	0.00636
31	0.01240	0.01225	0.01837	0.17931	0.22601	0.03183	0.01409	0.01469	0.01030	0.01480	0.00869	0.01305	0.00770	0.00745	0.01183	0.00207	0.40095	0.00486	0.00253	0.00683
32	0.01783	0.02130	0.01913	0.03753	0.23044	0.48186	0.07811	0.02012	0.01450	0.01521	0.00934	0.01158	0.00771	0.00539	0.00528	0.00154	0.00892	0.00424	0.00281	0.00717
33	0.01148	0.00984	0.01148	0.00820	0.01312	0.00738	0.00656	0.01395	0.01148	0.01805	0.00984	0.01148	0.00820	0.00410	0.00410	0.00082	0.00410	0.00328	0.00328	0.83922
34	0.00772	0.00566	0.00725	0.00685	0.00820	0.00518	0.00514	0.01023	0.01541	0.02157	0.70532	0.04242	0.11523	0.01156	0.00653	0.00175	0.00263	0.01016	0.00601	0.00518
35	0.00742	0.00505	0.00681	0.00756	0.00808	0.00475	0.00522	0.00835	0.01133	0.01538	0.18829	0.51420	0.03642	0.01622	0.00885	0.10985	0.00334	0.03348	0.00500	0.00440
36	0.01046	0.00984	0.01661	0.79205	0.03814	0.01230	0.01538	0.01415	0.01107	0.01415	0.00984	0.01477	0.00738	0.00554	0.00554	0.00185	0.00738	0.00492	0.00246	0.00615
37	0.01470	0.78653	0.05026	0.00966	0.01449	0.02166	0.00979	0.01661	0.01127	0.01316	0.00776	0.00896	0.00710	0.00475	0.00360	0.00120	0.00599	0.00299	0.00237	0.00714
38	0.01046	0.00984	0.01661	0.79205	0.03814	0.01230	0.01538	0.01415	0.01107	0.01415	0.00984	0.01477	0.00738	0.00554	0.00554	0.00185	0.00738	0.00492	0.00246	0.00615
39	0.00681	0.00486	0.00648	0.00767	0.00805	0.00454	0.00515	0.00786	0.01087	0.01457	0.06981	0.76124	0.03746	0.01703	0.00704	0.00222	0.00318	0.01544	0.00519	0.00454
40	0.00805	0.00537	0.00604	0.00604	0.00604	0.00537	0.00336	0.00805	0.00805	0.01074	0.01745	0.03624	0.02013	0.80536	0.02819	0.00537	0.00537	0.00805	0.00336	0.00336
41	0.12234	0.00926	0.01039	0.00963	0.01196	0.01056	0.00750	0.01982	0.33156	0.05300	0.01790	0.02093	0.01475	0.05801	0.25983	0.00432	0.00785	0.01914	0.00440	0.00685
42	0.37557	0.00865	0.00887	0.00795	0.01076	0.00894	0.00626	0.01661	0.01190	0.21485	0.07567	0.17220	0.04373	0.00877	0.00504	0.00183	0.00400	0.00701	0.00491	0.00648
43	0.00784	0.00566	0.00740	0.00697	0.00827	0.00523	0.00523	0.01045	0.01568	0.02221	0.76789	0.04137	0.05226	0.01132	0.00653	0.00174	0.00261	0.01002	0.00610	0.00523
44	0.00675	0.00482	0.00643	0.00771	0.00803	0.00450	0.00514	0.00771	0.01060	0.01414	0.03053	0.80175	0.03663	0.01735	0.00707	0.00225	0.00321	0.01574	0.00514	0.00450
45	0.02227	0.00886	0.01199	0.00939	0.01324	0.00769	0.00768	0.02445	0.01575	0.66190	0.11594	0.02251	0.03711	0.00759	0.00571	0.00172	0.00440	0.00628	0.00672	0.00878
46	0.76968	0.01059	0.00857	0.00752	0.01102	0.01203	0.00619	0.01726	0.01001	0.09328	0.00900	0.00990	0.00670	0.00530	0.00362	0.00171	0.00432	0.00323	0.00374	0.00631
47	0.13166	0.00959	0.01224	0.00952	0.01369	0.00870	0.00786	0.02559	0.01501	0.67694	0.02001	0.01757	0.01270	0.00663	0.00529	0.00171	0.00466	0.00523	0.00641	0.00898
48	0.00793	0.00533	0.00613	0.00622	0.00630	0.00529	0.00359	0.00812	0.00858	0.01149	0.04839	0.10374	0.02286	0.70457	0.02547	0.00495	0.00507	0.00881	0.00362	0.00353
49	0.05245	0.00836	0.01086	0.00880	0.01222	0.00741	0.00710	0.02167	0.01491	0.53310	0.10807	0.06009	0.08491	0.00838	0.00569	0.00174	0.00415	0.00696	0.03512	0.00803
50	0.01212	0.01212	0.01696	0.01454	0.01454	0.01696	0.01212	0.01333	0.00848	0.01333	0.00727	0.01212	0.00727	0.00969	0.01818	0.00242	0.79523	0.00485	0.00242	0.00606
51	0.84448	0.01071	0.00814	0.00728	0.01071	0.01242	0.00600	0.01628	0.00943	0.02485	0.00771	0.00900	0.00600	0.00514	0.00343	0.00171	0.00428	0.00300	0.00343	0.00600
52	0.05732	0.00861	0.00964	0.00868	0.01075	0.00904	0.00642	0.06379	0.20506	0.13056	0.03626	0.05897	0.05225	0.27394	0.01321	0.00303	0.00474	0.03646	0.00488	0.00639
53	0.00791	0.00593	0.00890	0.00890	0.00989	0.00692	0.00692	0.00989	0.00890	0.01286	0.01483	0.02176	0.01385	0.04154	0.78341	0.00890	0.01483	0.00593	0.00297	0.00494
54	0.00674	0.00485	0.00640	0.00763	0.00801	0.00451	0.00511	0.00772	0.01068	0.01417	0.03150	0.77331	0.06444	0.01722	0.00705	0.00223	0.00320	0.01559	0.00514	0.00451
55	0.00756	0.00567	0.00702	0.00674	0.00818	0.00513	0.00510	0.00987	0.01484	0.02026	0.57104	0.04495	0.22600	0.01211	0.00657	0.00180	0.00274	0.03350	0.00583	0.00509
56	0.05440	0.01140	0.01223	0.01059	0.01364	0.01288	0.00840	0.21535	0.36225	0.02459	0.01927	0.01941	0.03958	0.01166	0.10450	0.00267	0.00599	0.00584	0.05737	0.00795
57	0.01364	0.48459	0.12460	0.01021	0.01506	0.01685	0.01035	0.01654	0.03099	0.04076	0.01018	0.01252	0.00881	0.00730	0.04906	0.00173	0.00640	0.02438	0.00283	0.11319
58	0.03692	0.02917	0.00834	0.02128	0.00956	0.00659	0.01932	0.04282	0.03710	0.01570	0.04586	0.47274	0.11909	0.09828	0.00885	0.00242	0.00385	0.01234	0.00478	0.00499
59	0.00841	0.00692	0.02708	0.00910	0.01039	0.00737	0.00723	0.02943	0.00977	0.01391	0.01728	0.10072	0.04132	0.03422	0.59113	0.00718	0.03933	0.00694	0.00330	0.02897
60	0.01369	0.63571	0.02527	0.03188	0.01446	0.01894	0.02724	0.01597	0.02913	0.01414	0.03746	0.01472	0.04411	0.00587	0.00412	0.00134	0.00564	0.02888	0.02460	0.00683
61	0.01380	0.00835	0.01146	0.00988	0.02566	0.00787	0.05939	0.06375	0.04444	0.22447	0.20426	0.05651	0.15420	0.03035	0.03339	0.00214	0.00465	0.03305	0.00555	0.00682
62	0.01122	0.02421	0.61333	0.03944	0.02215	0.01180	0.03876	0.01662	0.01149	0.04269	0.01162	0.03506	0.00929	0.07985	0.00749	0.00211	0.00768	0.00491	0.00268	0.00760
63	0.04455	0.01378	0.01618	0.04874	0.06864	0.01507	0.03575	0.53980	0.02174	0.02958	0.01422	0.07874	0.01166	0.02813	0.00622	0.00182	0.00598	0.00593	0.00496	0.00849
64	0.01306	0.01241	0.04571	0.02861	0.60847	0.01179	0.01501	0.01612	0.01254	0.04189	0.05149	0.05616	0.01305	0.04187	0.00663	0.00185	0.00614	0.00588	0.00318	0.00813

[dist]
# distance from previous block
# <min> <max>
0	58

# created by:
# /st0/software/busco_prod/Augustus/scripts/msa2prfl.pl ./align_prep/223334.fa
