[name]
unknown

[dist]
# distance from previous block
# <min> <max>
0	68

[block]
# block no. 0 follows, 45 sequences, length 18
# corresponding to MSA columns:
# 76-91,94,95
name=unknown_A
#
# <colnr> <probs for GDERKNQSTAVLIFYWHMCP>
#	G	D	E	R	K	N	Q	S	T	A	V	L	I	F	Y	W	H	M	C	P
0	0.01235	0.04158	0.10837	0.02532	0.49483	0.01202	0.03822	0.01608	0.03181	0.01724	0.01255	0.01892	0.01122	0.00609	0.00547	0.00168	0.00629	0.09661	0.00298	0.04037
1	0.01263	0.01762	0.25370	0.01972	0.14696	0.01300	0.26048	0.08520	0.03620	0.01900	0.05206	0.01466	0.01040	0.00548	0.00599	0.00173	0.02905	0.00535	0.00306	0.00771
2	0.01441	0.01434	0.06207	0.02858	0.60313	0.07169	0.03718	0.01759	0.01264	0.07123	0.01074	0.01329	0.00862	0.00498	0.00530	0.00159	0.00666	0.00473	0.00293	0.00831
3	0.01298	0.01210	0.01952	0.19592	0.53770	0.03772	0.01535	0.01613	0.01210	0.04039	0.01101	0.01547	0.00922	0.00540	0.00540	0.00167	0.00654	0.03481	0.00282	0.00775
4	0.01128	0.00793	0.00877	0.00773	0.00895	0.00841	0.00528	0.21547	0.01264	0.01694	0.01572	0.02855	0.01646	0.56526	0.04493	0.00432	0.00568	0.00692	0.00383	0.00492
5	0.00658	0.00479	0.00621	0.00723	0.00775	0.00442	0.00490	0.00765	0.01075	0.01424	0.07533	0.68956	0.10849	0.01616	0.00677	0.00212	0.00304	0.01455	0.00504	0.00442
6	0.01316	0.01142	0.01237	0.05669	0.01530	0.01327	0.00887	0.02766	0.72415	0.02195	0.02113	0.01970	0.01585	0.00717	0.00546	0.00182	0.00442	0.00599	0.00528	0.00835
7	0.00760	0.00549	0.00718	0.00675	0.00802	0.00506	0.00506	0.01013	0.01519	0.02153	0.77503	0.04010	0.05065	0.01097	0.00633	0.00169	0.00253	0.00971	0.00591	0.00506
8	0.02276	0.00918	0.01232	0.00939	0.01360	0.00781	0.00773	0.02487	0.01493	0.70359	0.01999	0.01754	0.01274	0.00637	0.00525	0.00157	0.00451	0.00517	0.00629	0.09437
9	0.01113	0.00954	0.01113	0.00795	0.01272	0.00716	0.00636	0.01352	0.01113	0.01749	0.00954	0.01113	0.00795	0.00398	0.00398	0.00080	0.00398	0.00318	0.00318	0.84417
10	0.00781	0.00520	0.00585	0.00585	0.00585	0.00520	0.00325	0.00781	0.00781	0.01041	0.01691	0.03513	0.01952	0.81135	0.02732	0.00520	0.00520	0.00781	0.00325	0.00325
11	0.01102	0.02615	0.69845	0.01684	0.07620	0.01253	0.05085	0.01697	0.01145	0.01705	0.00972	0.01160	0.00698	0.00505	0.00517	0.00170	0.00787	0.00412	0.00231	0.00794
12	0.01001	0.00500	0.00500	0.00500	0.00625	0.00500	0.00375	0.01251	0.01126	0.02001	0.01751	0.02001	0.01376	0.00625	0.00375	0.00125	0.00250	0.00500	0.84115	0.00500
13	0.02289	0.00887	0.01208	0.00935	0.01329	0.00769	0.00769	0.02500	0.01535	0.72662	0.07569	0.01985	0.01599	0.00696	0.00547	0.00166	0.00442	0.00571	0.00659	0.00884
14	0.00932	0.00466	0.00699	0.00699	0.00699	0.00466	0.00466	0.00699	0.00699	0.00932	0.00932	0.01632	0.00932	0.01865	0.02098	0.84382	0.00466	0.00466	0.00233	0.00233
15	0.08132	0.09335	0.01563	0.32919	0.02305	0.01243	0.03252	0.11325	0.01271	0.04082	0.01212	0.06918	0.02311	0.00633	0.00534	0.00163	0.02750	0.00518	0.00330	0.09203
16	0.01256	0.12625	0.38219	0.01818	0.20175	0.08758	0.01597	0.01676	0.01192	0.01610	0.01099	0.01398	0.02457	0.00554	0.00502	0.00160	0.00721	0.03166	0.00257	0.00758
17	0.04538	0.49746	0.27227	0.01161	0.01726	0.01774	0.04162	0.01641	0.01105	0.01467	0.00830	0.00973	0.00687	0.00477	0.00409	0.00137	0.00652	0.00336	0.00234	0.00720

[dist]
# distance from previous block
# <min> <max>
0	1

[block]
# block no. 1 follows, 45 sequences, length 73
# corresponding to MSA columns:
# 97-169
name=unknown_B
#
# <colnr> <probs for GDERKNQSTAVLIFYWHMCP>
#	G	D	E	R	K	N	Q	S	T	A	V	L	I	F	Y	W	H	M	C	P
0	0.01137	0.01081	0.01849	0.46340	0.32100	0.01213	0.03425	0.01480	0.01140	0.01534	0.01029	0.01515	0.00833	0.00537	0.00543	0.00173	0.00685	0.02436	0.00257	0.00695
1	0.00781	0.00520	0.00585	0.00585	0.00585	0.00520	0.00325	0.00781	0.00781	0.01041	0.01691	0.03513	0.01952	0.81135	0.02732	0.00520	0.00520	0.00781	0.00325	0.00325
2	0.06258	0.00988	0.01602	0.63231	0.09335	0.01187	0.02942	0.01434	0.02920	0.01495	0.01030	0.03436	0.00815	0.00562	0.00530	0.00178	0.00677	0.00499	0.00261	0.00620
3	0.01088	0.05082	0.71760	0.01547	0.04650	0.01257	0.01905	0.01679	0.01144	0.01699	0.02800	0.01200	0.00791	0.00522	0.00509	0.00168	0.00769	0.00410	0.00237	0.00785
4	0.02216	0.00924	0.01228	0.00938	0.01358	0.00792	0.00771	0.02458	0.03268	0.66482	0.01969	0.01739	0.01267	0.00631	0.00522	0.00155	0.00448	0.00513	0.00617	0.11704
5	0.84927	0.01038	0.00789	0.00706	0.01038	0.01204	0.00581	0.01578	0.00914	0.02408	0.00747	0.00872	0.00581	0.00498	0.00332	0.00166	0.00415	0.00291	0.00332	0.00581
6	0.01014	0.00954	0.01610	0.79845	0.03697	0.01193	0.01491	0.01371	0.01073	0.01371	0.00954	0.01431	0.00716	0.00537	0.00537	0.00179	0.00716	0.00477	0.00239	0.00596
7	0.84927	0.01038	0.00789	0.00706	0.01038	0.01204	0.00581	0.01578	0.00914	0.02408	0.00747	0.00872	0.00581	0.00498	0.00332	0.00166	0.00415	0.00291	0.00332	0.00581
8	0.01001	0.00500	0.00500	0.00500	0.00625	0.00500	0.00375	0.01251	0.01126	0.02001	0.01751	0.02001	0.01376	0.00625	0.00375	0.00125	0.00250	0.00500	0.84115	0.00500
9	0.00744	0.00548	0.00696	0.00659	0.00793	0.00500	0.00494	0.00983	0.01483	0.02067	0.68740	0.04150	0.13882	0.01129	0.00633	0.00170	0.00256	0.00990	0.00580	0.00500
10	0.02219	0.00984	0.01263	0.00988	0.01385	0.00920	0.00809	0.09767	0.09072	0.61143	0.04228	0.01855	0.01427	0.00681	0.00543	0.00167	0.00461	0.00553	0.00638	0.00895
11	0.00781	0.00520	0.00585	0.00585	0.00585	0.00520	0.00325	0.00781	0.00781	0.01041	0.01691	0.03513	0.01952	0.81135	0.02732	0.00520	0.00520	0.00781	0.00325	0.00325
12	0.01200	0.29904	0.52309	0.01319	0.01997	0.01549	0.01616	0.01668	0.01119	0.01549	0.00888	0.01039	0.00683	0.00492	0.00453	0.00151	0.00718	0.00359	0.00228	0.00757
13	0.02408	0.00914	0.01246	0.00955	0.01370	0.00789	0.00789	0.02616	0.01536	0.78158	0.02118	0.01827	0.01329	0.00664	0.00540	0.00166	0.00457	0.00540	0.00664	0.00914
14	0.01126	0.00790	0.00867	0.00764	0.00881	0.00834	0.00516	0.21396	0.01258	0.01683	0.01581	0.02903	0.01667	0.59074	0.02131	0.00422	0.00540	0.00699	0.00383	0.00486
15	0.02408	0.00914	0.01246	0.00955	0.01370	0.00789	0.00789	0.02616	0.01536	0.78158	0.02118	0.01827	0.01329	0.00664	0.00540	0.00166	0.00457	0.00540	0.00664	0.00914
16	0.01147	0.01132	0.01827	0.08240	0.01809	0.01410	0.16560	0.01364	0.00968	0.01447	0.00971	0.04199	0.00886	0.00805	0.01272	0.00209	0.47565	0.00545	0.07040	0.00604
17	0.02005	0.02558	0.01521	0.01383	0.01659	0.78980	0.01037	0.02143	0.01521	0.01314	0.00830	0.00968	0.00691	0.00553	0.00484	0.00138	0.00968	0.00346	0.00277	0.00622
18	0.01435	0.81458	0.02813	0.00918	0.01378	0.02124	0.00918	0.01607	0.01091	0.01263	0.00746	0.00861	0.00689	0.00459	0.00344	0.00115	0.00574	0.00287	0.00230	0.00689
19	0.00753	0.00548	0.00708	0.00668	0.00798	0.00504	0.00501	0.00999	0.01503	0.02113	0.73467	0.04074	0.09126	0.01112	0.00633	0.00170	0.00254	0.00980	0.00586	0.00504
20	0.01335	0.01153	0.01214	0.01092	0.01396	0.01335	0.00850	0.02852	0.76817	0.02245	0.02185	0.02003	0.01639	0.00728	0.00546	0.00182	0.00425	0.00607	0.00546	0.00850
21	0.00702	0.00508	0.00664	0.00707	0.00787	0.00469	0.00499	0.00871	0.01263	0.01736	0.37622	0.42442	0.06930	0.01399	0.00659	0.00194	0.00283	0.01254	0.00541	0.00469
22	0.00760	0.00549	0.00718	0.00675	0.00802	0.00506	0.00506	0.01013	0.01519	0.02153	0.77503	0.04010	0.05065	0.01097	0.00633	0.00169	0.00253	0.00971	0.00591	0.00506
23	0.00781	0.00520	0.00585	0.00585	0.00585	0.00520	0.00325	0.00781	0.00781	0.01041	0.01691	0.03513	0.01952	0.81135	0.02732	0.00520	0.00520	0.00781	0.00325	0.00325
24	0.01014	0.00954	0.01610	0.79845	0.03697	0.01193	0.01491	0.01371	0.01073	0.01371	0.00954	0.01431	0.00716	0.00537	0.00537	0.00179	0.00716	0.00477	0.00239	0.00596
25	0.01090	0.02621	0.70514	0.01545	0.02274	0.01278	0.04267	0.01672	0.01115	0.01672	0.00949	0.01146	0.00686	0.00539	0.00603	0.00175	0.06441	0.00409	0.00229	0.00776
26	0.01546	0.01810	0.02037	0.01693	0.04429	0.33163	0.23512	0.03012	0.01290	0.01482	0.00959	0.03602	0.00827	0.00638	0.00807	0.00175	0.17590	0.00501	0.00277	0.00652
27	0.00873	0.00633	0.00801	0.00721	0.00906	0.00568	0.00545	0.01152	0.03901	0.04362	0.55781	0.09292	0.04094	0.01013	0.00597	0.00160	0.00291	0.00892	0.00544	0.12874
28	0.84927	0.01038	0.00789	0.00706	0.01038	0.01204	0.00581	0.01578	0.00914	0.02408	0.00747	0.00872	0.00581	0.00498	0.00332	0.00166	0.00415	0.00291	0.00332	0.00581
29	0.01974	0.01471	0.01574	0.01222	0.01639	0.01634	0.01004	0.69125	0.09503	0.03276	0.01373	0.01356	0.00981	0.00652	0.00538	0.00163	0.00575	0.00495	0.00538	0.00907
30	0.01263	0.01437	0.03105	0.02228	0.02749	0.01369	0.72799	0.01702	0.01249	0.01702	0.01070	0.01437	0.00810	0.00472	0.00679	0.00183	0.04129	0.00627	0.00270	0.00718
31	0.07983	0.01221	0.01602	0.01366	0.01428	0.05200	0.03806	0.01361	0.00880	0.01397	0.00749	0.01177	0.00716	0.00958	0.03784	0.00241	0.64835	0.00458	0.00248	0.00590
32	0.00796	0.00621	0.00878	0.00875	0.00975	0.02492	0.00679	0.00986	0.00878	0.01248	0.01424	0.02082	0.01327	0.03945	0.77181	0.00846	0.01427	0.00570	0.00287	0.00483
33	0.01174	0.01174	0.01644	0.01409	0.01409	0.01644	0.01174	0.01292	0.00822	0.01292	0.00705	0.01174	0.00705	0.00940	0.01762	0.00235	0.80153	0.00470	0.00235	0.00587
34	0.00767	0.00575	0.00863	0.00863	0.00959	0.00671	0.00671	0.00959	0.00863	0.01246	0.01438	0.02109	0.01342	0.04026	0.79008	0.00863	0.01438	0.00575	0.00288	0.00479
35	0.01321	0.01267	0.02165	0.05204	0.75939	0.01273	0.01643	0.01641	0.01219	0.01744	0.01008	0.01331	0.00847	0.00480	0.00532	0.00160	0.00640	0.00478	0.00265	0.00844
36	0.01052	0.00931	0.01444	0.40989	0.12051	0.01071	0.01276	0.01508	0.09773	0.01579	0.01587	0.02673	0.01448	0.00795	0.00590	0.00194	0.00616	0.19448	0.00343	0.00631
37	0.01435	0.81458	0.02813	0.00918	0.01378	0.02124	0.00918	0.01607	0.01091	0.01263	0.00746	0.00861	0.00689	0.00459	0.00344	0.00115	0.00574	0.00287	0.00230	0.00689
38	0.01916	0.02195	0.01489	0.01320	0.01620	0.56510	0.01012	0.14534	0.08868	0.01757	0.01090	0.01259	0.00884	0.00610	0.00506	0.00149	0.00840	0.02399	0.00352	0.00689
39	0.03603	0.01388	0.01438	0.01136	0.01516	0.03823	0.00927	0.58649	0.07566	0.03065	0.01379	0.01401	0.01003	0.00642	0.00514	0.00158	0.00548	0.00486	0.09912	0.00846
40	0.01093	0.00954	0.01213	0.16758	0.01762	0.00812	0.00809	0.01356	0.01105	0.01673	0.00954	0.01177	0.00779	0.00426	0.00426	0.00100	0.00462	0.00350	0.00302	0.67491
41	0.01237	0.01278	0.01635	0.01407	0.01428	0.07441	0.01164	0.01356	0.00874	0.01293	0.00714	0.01159	0.00704	0.00911	0.01666	0.00228	0.74217	0.00460	0.00238	0.00590
42	0.00767	0.00575	0.00863	0.00863	0.00959	0.00671	0.00671	0.00959	0.00863	0.01246	0.01438	0.02109	0.01342	0.04026	0.79008	0.00863	0.01438	0.00575	0.00288	0.00479
43	0.01269	0.01066	0.01125	0.01016	0.01306	0.01204	0.00789	0.02569	0.64829	0.04085	0.02616	0.02419	0.11735	0.00811	0.00558	0.00182	0.00405	0.00675	0.00543	0.00799
44	0.00744	0.00548	0.00696	0.00659	0.00792	0.00500	0.00494	0.00982	0.01482	0.02064	0.68385	0.04156	0.14238	0.01131	0.00633	0.00170	0.00256	0.00991	0.00579	0.00500
45	0.00641	0.00544	0.00553	0.00551	0.00729	0.00456	0.00413	0.00783	0.01239	0.01487	0.09260	0.05105	0.73723	0.01346	0.00634	0.00181	0.00271	0.01124	0.00503	0.00456
46	0.00652	0.00501	0.00589	0.00657	0.00747	0.00447	0.00453	0.00758	0.01095	0.01387	0.03907	0.46233	0.33625	0.05404	0.00764	0.00218	0.00305	0.01330	0.00490	0.00438
47	0.84927	0.01038	0.00789	0.00706	0.01038	0.01204	0.00581	0.01578	0.00914	0.02408	0.00747	0.00872	0.00581	0.00498	0.00332	0.00166	0.00415	0.00291	0.00332	0.00581
48	0.02041	0.01504	0.01611	0.01235	0.01665	0.01665	0.01020	0.75997	0.02524	0.03383	0.01289	0.01289	0.00913	0.00644	0.00537	0.00161	0.00591	0.00483	0.00537	0.00913
49	0.01279	0.01348	0.01629	0.01406	0.01441	0.11347	0.01157	0.01399	0.00910	0.01295	0.00720	0.01149	0.00703	0.00891	0.01601	0.00223	0.70218	0.00454	0.00240	0.00592
50	0.01025	0.00966	0.01631	0.77076	0.06377	0.01196	0.01496	0.01381	0.01079	0.01385	0.00956	0.01427	0.00720	0.00535	0.00536	0.00178	0.00713	0.00477	0.00240	0.00605
51	0.02005	0.02558	0.01521	0.01383	0.01659	0.78980	0.01037	0.02143	0.01521	0.01314	0.00830	0.00968	0.00691	0.00553	0.00484	0.00138	0.00968	0.00346	0.00277	0.00622
52	0.01149	0.01082	0.01816	0.50435	0.30528	0.01233	0.01538	0.03032	0.01158	0.01552	0.00981	0.01391	0.00769	0.00518	0.00535	0.00171	0.00685	0.00478	0.00255	0.00695
53	0.01014	0.00954	0.01610	0.79845	0.03697	0.01193	0.01491	0.01371	0.01073	0.01371	0.00954	0.01431	0.00716	0.00537	0.00537	0.00179	0.00716	0.00477	0.00239	0.00596
54	0.00664	0.00471	0.00620	0.00735	0.00764	0.00442	0.00485	0.00750	0.01009	0.01345	0.02861	0.74855	0.03428	0.07778	0.00842	0.00241	0.00327	0.01469	0.00485	0.00428
55	0.01294	0.01260	0.02055	0.17048	0.61909	0.03818	0.01599	0.01614	0.01205	0.01670	0.00994	0.01335	0.00821	0.00491	0.00531	0.00162	0.00663	0.00474	0.00261	0.00797
56	0.00634	0.00544	0.00544	0.00544	0.00725	0.00453	0.00408	0.00770	0.01224	0.01450	0.05438	0.05166	0.77569	0.01359	0.00634	0.00181	0.00272	0.01133	0.00498	0.00453
57	0.01083	0.02459	0.63022	0.01594	0.02314	0.01221	0.12984	0.01654	0.01153	0.01688	0.01153	0.03276	0.02860	0.00554	0.00536	0.00173	0.00784	0.00480	0.00248	0.00765
58	0.00914	0.00583	0.00767	0.00701	0.00855	0.00533	0.00533	0.01163	0.01521	0.09249	0.70465	0.03806	0.04716	0.01057	0.00624	0.00169	0.00272	0.00931	0.00598	0.00544
59	0.01518	0.70166	0.02631	0.00980	0.01418	0.10771	0.00935	0.03902	0.01182	0.01332	0.00772	0.00886	0.00696	0.00475	0.00366	0.00119	0.00619	0.00300	0.00244	0.00688
60	0.84927	0.01038	0.00789	0.00706	0.01038	0.01204	0.00581	0.01578	0.00914	0.02408	0.00747	0.00872	0.00581	0.00498	0.00332	0.00166	0.00415	0.00291	0.00332	0.00581
61	0.01336	0.01267	0.03977	0.10712	0.56950	0.03024	0.01507	0.03984	0.01266	0.04848	0.01282	0.01543	0.04821	0.00545	0.00536	0.00163	0.00630	0.00509	0.00299	0.00802
62	0.01490	0.01190	0.01271	0.01105	0.01432	0.01353	0.00870	0.13075	0.62510	0.06349	0.02056	0.01894	0.01521	0.00713	0.00545	0.00178	0.00450	0.00586	0.00551	0.00862
63	0.00906	0.00631	0.02184	0.00722	0.00887	0.00560	0.00563	0.01189	0.03120	0.08062	0.68635	0.03745	0.04621	0.01045	0.00622	0.00169	0.00283	0.00919	0.00589	0.00551
64	0.00827	0.00564	0.00739	0.00687	0.00825	0.00518	0.00518	0.01078	0.01520	0.05245	0.74436	0.03921	0.04913	0.01080	0.00629	0.00169	0.00262	0.00953	0.00594	0.00523
65	0.01435	0.81458	0.02813	0.00918	0.01378	0.02124	0.00918	0.01607	0.01091	0.01263	0.00746	0.00861	0.00689	0.00459	0.00344	0.00115	0.00574	0.00287	0.00230	0.00689
66	0.01153	0.01222	0.21249	0.00986	0.01352	0.00772	0.02776	0.01497	0.01408	0.15875	0.40142	0.02821	0.04794	0.00855	0.00584	0.00169	0.00448	0.00737	0.00499	0.00660
67	0.01862	0.01338	0.19587	0.01074	0.01544	0.00905	0.01050	0.02256	0.06208	0.47691	0.09205	0.01886	0.01558	0.00674	0.00542	0.00168	0.00515	0.00552	0.00545	0.00841
68	0.67409	0.01027	0.00896	0.00766	0.01116	0.01139	0.00631	0.03737	0.01072	0.16505	0.01016	0.01060	0.00729	0.00533	0.00376	0.00166	0.00428	0.00342	0.00399	0.00652
69	0.03926	0.00684	0.00792	0.00724	0.00913	0.00654	0.00556	0.09178	0.01487	0.02058	0.40345	0.07880	0.21246	0.01101	0.00608	0.00172	0.00316	0.02875	0.00535	0.03951
70	0.68620	0.12472	0.01101	0.00750	0.01104	0.01313	0.00640	0.01638	0.00972	0.06312	0.00821	0.00922	0.00637	0.00502	0.00345	0.00159	0.00440	0.00304	0.00335	0.00614
71	0.00654	0.00467	0.00623	0.00747	0.00779	0.00436	0.00498	0.00747	0.01028	0.01370	0.02959	0.80785	0.03550	0.01682	0.00685	0.00218	0.00311	0.01526	0.00498	0.00436
72	0.00993	0.00503	0.00512	0.00512	0.00636	0.00506	0.00385	0.01241	0.01117	0.01976	0.01741	0.02005	0.01375	0.00737	0.02963	0.00149	0.00289	0.00503	0.81356	0.00500

[dist]
# distance from previous block
# <min> <max>
0	2

[block]
# block no. 2 follows, 45 sequences, length 67
# corresponding to MSA columns:
# 172-238
name=unknown_C
#
# <colnr> <probs for GDERKNQSTAVLIFYWHMCP>
#	G	D	E	R	K	N	Q	S	T	A	V	L	I	F	Y	W	H	M	C	P
0	0.02009	0.01488	0.01593	0.01229	0.01653	0.01650	0.01013	0.72706	0.05866	0.03332	0.01329	0.01321	0.00946	0.00648	0.00537	0.00162	0.00583	0.00489	0.00537	0.00910
1	0.01854	0.01463	0.01460	0.01177	0.01537	0.09396	0.00944	0.55457	0.04657	0.04284	0.01463	0.09298	0.01209	0.02530	0.00596	0.00173	0.00592	0.00585	0.00504	0.00820
2	0.05791	0.01239	0.09001	0.01059	0.01495	0.01074	0.00942	0.18414	0.06988	0.43300	0.01754	0.01615	0.01163	0.00641	0.00523	0.00165	0.00510	0.00506	0.02950	0.00870
3	0.00781	0.00520	0.00585	0.00585	0.00585	0.00520	0.00325	0.00781	0.00781	0.01041	0.01691	0.03513	0.01952	0.81135	0.02732	0.00520	0.00520	0.00781	0.00325	0.00325
4	0.01247	0.01542	0.09338	0.04068	0.04500	0.01342	0.66256	0.01708	0.01250	0.01710	0.01071	0.01419	0.00802	0.00460	0.00619	0.00180	0.00885	0.00607	0.00267	0.00730
5	0.04436	0.01448	0.01561	0.01200	0.01626	0.01588	0.00991	0.68580	0.02407	0.08745	0.01333	0.01316	0.00933	0.00642	0.00531	0.00162	0.00576	0.00482	0.00540	0.00903
6	0.00767	0.00573	0.00850	0.00850	0.00941	0.00664	0.00655	0.00950	0.00859	0.01237	0.01450	0.02174	0.01370	0.07630	0.75443	0.00847	0.01395	0.00585	0.00289	0.00472
7	0.00932	0.00466	0.00699	0.00699	0.00699	0.00466	0.00466	0.00699	0.00699	0.00932	0.00932	0.01632	0.00932	0.01865	0.02098	0.84382	0.00466	0.00466	0.00233	0.00233
8	0.00634	0.00544	0.00544	0.00544	0.00725	0.00453	0.00408	0.00770	0.01224	0.01450	0.05438	0.05166	0.77569	0.01359	0.00634	0.00181	0.00272	0.01133	0.00498	0.00453
9	0.01964	0.01445	0.01546	0.01198	0.01609	0.01601	0.00985	0.69451	0.05937	0.03272	0.01350	0.01352	0.00966	0.00648	0.00531	0.00161	0.00569	0.00490	0.04034	0.00893
10	0.00651	0.00542	0.00554	0.00552	0.00717	0.00461	0.00405	0.00781	0.01201	0.01446	0.08035	0.04991	0.68774	0.07561	0.00798	0.00207	0.00290	0.01099	0.00489	0.00445
11	0.00805	0.00563	0.00803	0.00803	0.00903	0.00643	0.00622	0.01007	0.00906	0.01371	0.01490	0.02091	0.01348	0.03464	0.66009	0.00741	0.01241	0.00563	0.14145	0.00483
12	0.01435	0.81458	0.02813	0.00918	0.01378	0.02124	0.00918	0.01607	0.01091	0.01263	0.00746	0.00861	0.00689	0.00459	0.00344	0.00115	0.00574	0.00287	0.00230	0.00689
13	0.84927	0.01038	0.00789	0.00706	0.01038	0.01204	0.00581	0.01578	0.00914	0.02408	0.00747	0.00872	0.00581	0.00498	0.00332	0.00166	0.00415	0.00291	0.00332	0.00581
14	0.00678	0.00471	0.00614	0.00728	0.00764	0.00442	0.00486	0.00778	0.01026	0.01398	0.02849	0.73807	0.03373	0.03960	0.00727	0.00221	0.00314	0.01443	0.05482	0.00437
15	0.00638	0.00544	0.00549	0.00548	0.00727	0.00455	0.00411	0.00777	0.01232	0.01470	0.07490	0.05133	0.75504	0.01352	0.00634	0.00181	0.00271	0.01128	0.00501	0.00455
16	0.01958	0.01440	0.01540	0.01194	0.01603	0.01594	0.00982	0.69039	0.05930	0.03264	0.01353	0.01356	0.00969	0.00647	0.00530	0.00160	0.00567	0.00490	0.04495	0.00890
17	0.00640	0.00544	0.00551	0.00550	0.00728	0.00456	0.00412	0.00781	0.01237	0.01481	0.08635	0.05115	0.74352	0.01348	0.00634	0.00181	0.00271	0.01126	0.00503	0.00456
18	0.84927	0.01038	0.00789	0.00706	0.01038	0.01204	0.00581	0.01578	0.00914	0.02408	0.00747	0.00872	0.00581	0.00498	0.00332	0.00166	0.00415	0.00291	0.00332	0.00581
19	0.01365	0.01450	0.04164	0.04719	0.49770	0.08675	0.14203	0.01733	0.03729	0.01701	0.01035	0.01331	0.00844	0.00502	0.00572	0.00164	0.02482	0.00494	0.00275	0.00793
20	0.84927	0.01038	0.00789	0.00706	0.01038	0.01204	0.00581	0.01578	0.00914	0.02408	0.00747	0.00872	0.00581	0.00498	0.00332	0.00166	0.00415	0.00291	0.00332	0.00581
21	0.01089	0.01044	0.01794	0.54243	0.19168	0.01189	0.06517	0.01436	0.01123	0.01487	0.01103	0.01510	0.02949	0.00539	0.00542	0.00173	0.00692	0.00503	0.00256	0.02645
22	0.00849	0.00691	0.00998	0.00952	0.01021	0.00854	0.00746	0.01012	0.00849	0.01240	0.01310	0.02024	0.01259	0.08946	0.58155	0.00713	0.17043	0.00569	0.00280	0.00490
23	0.01113	0.00954	0.01113	0.00795	0.01272	0.00716	0.00636	0.01352	0.01113	0.01749	0.00954	0.01113	0.00795	0.00398	0.00398	0.00080	0.00398	0.00318	0.00318	0.84417
24	0.01026	0.00893	0.00775	0.00740	0.00799	0.13737	0.00466	0.03347	0.00959	0.01159	0.01534	0.03016	0.01708	0.65096	0.02286	0.00445	0.00598	0.00698	0.00324	0.00393
25	0.01344	0.01524	0.02798	0.02099	0.04695	0.09004	0.59070	0.01830	0.06726	0.01708	0.01128	0.01430	0.00860	0.00495	0.00638	0.00178	0.02864	0.00595	0.00291	0.00723
26	0.01923	0.13873	0.01706	0.01316	0.01619	0.67958	0.01020	0.02067	0.01459	0.01306	0.00818	0.00953	0.00691	0.00540	0.00464	0.00135	0.00912	0.00337	0.00270	0.00632
27	0.00698	0.00512	0.00664	0.00731	0.00810	0.00466	0.00509	0.00832	0.01135	0.01539	0.16528	0.57737	0.07465	0.01495	0.00661	0.00201	0.00307	0.02835	0.00507	0.04367
28	0.00821	0.00539	0.00691	0.00678	0.00795	0.00501	0.00499	0.01041	0.01376	0.04478	0.51333	0.18988	0.04209	0.01144	0.00610	0.00173	0.00271	0.01012	0.10335	0.00505
29	0.00780	0.00522	0.00593	0.00593	0.00596	0.00525	0.00335	0.00786	0.00783	0.01047	0.01684	0.03473	0.01934	0.78930	0.04914	0.00530	0.00547	0.00775	0.00324	0.00330
30	0.01254	0.01527	0.08491	0.02245	0.06868	0.01352	0.64528	0.01703	0.01244	0.01709	0.01063	0.01412	0.00804	0.00470	0.00648	0.00180	0.02898	0.00604	0.00267	0.00732
31	0.00932	0.00466	0.00699	0.00699	0.00699	0.00466	0.00466	0.00699	0.00699	0.00932	0.00932	0.01632	0.00932	0.01865	0.02098	0.84382	0.00466	0.00466	0.00233	0.00233
32	0.00816	0.00651	0.00974	0.00956	0.01062	0.00643	0.08104	0.05053	0.01134	0.01521	0.02598	0.63584	0.03020	0.01470	0.00710	0.00213	0.03105	0.03419	0.00469	0.00498
33	0.01423	0.77846	0.02760	0.00941	0.01379	0.02102	0.00930	0.01593	0.01079	0.01264	0.00744	0.00875	0.00690	0.00481	0.00408	0.00120	0.04154	0.00295	0.00230	0.00684
34	0.01748	0.01338	0.01452	0.01117	0.01544	0.01407	0.00912	0.50744	0.10069	0.02879	0.01305	0.01323	0.00962	0.00595	0.00505	0.00144	0.00528	0.00458	0.00487	0.20482
35	0.01650	0.16431	0.09355	0.01496	0.10408	0.40101	0.01158	0.03069	0.01336	0.01456	0.00889	0.01066	0.00742	0.00547	0.00526	0.00144	0.04721	0.00371	0.03859	0.00675
36	0.01113	0.00954	0.01113	0.00795	0.01272	0.00716	0.00636	0.01352	0.01113	0.01749	0.00954	0.01113	0.00795	0.00398	0.00398	0.00080	0.00398	0.00318	0.00318	0.84417
37	0.02006	0.02524	0.01524	0.01378	0.01660	0.76438	0.01037	0.04572	0.01554	0.01382	0.00845	0.00979	0.00699	0.00556	0.00486	0.00139	0.00956	0.00350	0.00285	0.00632
38	0.01001	0.00617	0.00753	0.07702	0.01039	0.00612	0.02662	0.01253	0.01104	0.01848	0.01593	0.03454	0.01303	0.03424	0.02285	0.00159	0.00363	0.00515	0.59148	0.09165
39	0.01838	0.05572	0.01626	0.01406	0.06842	0.30926	0.01049	0.28320	0.10845	0.02186	0.01160	0.01232	0.00895	0.00609	0.00547	0.00155	0.03189	0.00436	0.00397	0.00770
40	0.00756	0.00549	0.00713	0.00672	0.00800	0.00505	0.00504	0.01006	0.01511	0.02132	0.75442	0.04043	0.07139	0.01105	0.00633	0.00169	0.00254	0.00975	0.00588	0.00505
41	0.01240	0.01394	0.02999	0.10667	0.02902	0.01340	0.67783	0.01682	0.01246	0.01682	0.01072	0.01446	0.00804	0.00462	0.00623	0.00181	0.00884	0.00617	0.00268	0.00710
42	0.00767	0.00575	0.00863	0.00863	0.00959	0.00671	0.00671	0.00959	0.00863	0.01246	0.01438	0.02109	0.01342	0.04026	0.79008	0.00863	0.01438	0.00575	0.00288	0.00479
43	0.00735	0.00548	0.00683	0.00649	0.00787	0.00496	0.00487	0.00965	0.01461	0.02013	0.63221	0.04239	0.19434	0.01149	0.00633	0.00171	0.00257	0.01003	0.00573	0.00496
44	0.84927	0.01038	0.00789	0.00706	0.01038	0.01204	0.00581	0.01578	0.00914	0.02408	0.00747	0.00872	0.00581	0.00498	0.00332	0.00166	0.00415	0.00291	0.00332	0.00581
45	0.00654	0.00467	0.00623	0.00747	0.00779	0.00436	0.00498	0.00747	0.01028	0.01370	0.02959	0.80785	0.03550	0.01682	0.00685	0.00218	0.00311	0.01526	0.00498	0.00436
46	0.02041	0.01504	0.01611	0.01235	0.01665	0.01665	0.01020	0.75997	0.02524	0.03383	0.01289	0.01289	0.00913	0.00644	0.00537	0.00161	0.00591	0.00483	0.00537	0.00913
47	0.02041	0.01504	0.01611	0.01235	0.01665	0.01665	0.01020	0.75997	0.02524	0.03383	0.01289	0.01289	0.00913	0.00644	0.00537	0.00161	0.00591	0.00483	0.00537	0.00913
48	0.00932	0.00466	0.00699	0.00699	0.00699	0.00466	0.00466	0.00699	0.00699	0.00932	0.00932	0.01632	0.00932	0.01865	0.02098	0.84382	0.00466	0.00466	0.00233	0.00233
49	0.01435	0.81458	0.02813	0.00918	0.01378	0.02124	0.00918	0.01607	0.01091	0.01263	0.00746	0.00861	0.00689	0.00459	0.00344	0.00115	0.00574	0.00287	0.00230	0.00689
50	0.01322	0.01268	0.02166	0.04954	0.76181	0.01274	0.01644	0.01641	0.01219	0.01745	0.01008	0.01331	0.00847	0.00480	0.00532	0.00160	0.00639	0.00478	0.00265	0.00845
51	0.01174	0.01174	0.01644	0.01409	0.01409	0.01644	0.01174	0.01292	0.00822	0.01292	0.00705	0.01174	0.00705	0.00940	0.01762	0.00235	0.80153	0.00470	0.00235	0.00587
52	0.00760	0.00549	0.00718	0.00675	0.00802	0.00506	0.00506	0.01013	0.01519	0.02153	0.77503	0.04010	0.05065	0.01097	0.00633	0.00169	0.00253	0.00971	0.00591	0.00506
53	0.76699	0.01061	0.00926	0.00961	0.08592	0.01211	0.00686	0.01585	0.00944	0.02344	0.00773	0.00917	0.00608	0.00496	0.00352	0.00165	0.00437	0.00309	0.00326	0.00608
54	0.00767	0.00575	0.00863	0.00863	0.00959	0.00671	0.00671	0.00959	0.00863	0.01246	0.01438	0.02109	0.01342	0.04026	0.79008	0.00863	0.01438	0.00575	0.00288	0.00479
55	0.01014	0.00954	0.01610	0.79845	0.03697	0.01193	0.01491	0.01371	0.01073	0.01371	0.00954	0.01431	0.00716	0.00537	0.00537	0.00179	0.00716	0.00477	0.00239	0.00596
56	0.02005	0.02558	0.01521	0.01383	0.01659	0.78980	0.01037	0.02143	0.01521	0.01314	0.00830	0.00968	0.00691	0.00553	0.00484	0.00138	0.00968	0.00346	0.00277	0.00622
57	0.00722	0.00547	0.00665	0.00635	0.00779	0.00490	0.00477	0.00940	0.01430	0.01940	0.55681	0.04360	0.27020	0.01177	0.00634	0.00173	0.00259	0.01020	0.00563	0.00490
58	0.01940	0.02000	0.01512	0.01285	0.01621	0.41456	0.01003	0.31019	0.07256	0.02192	0.01211	0.01263	0.02605	0.00620	0.00513	0.00151	0.00766	0.00436	0.00403	0.00748
59	0.00738	0.00541	0.00691	0.00667	0.00792	0.00495	0.00495	0.00965	0.01448	0.02014	0.63738	0.10437	0.12632	0.01173	0.00638	0.00174	0.00260	0.01034	0.00573	0.00495
60	0.00693	0.00493	0.00649	0.00758	0.00801	0.00468	0.00526	0.00798	0.01034	0.01369	0.02866	0.61904	0.04810	0.09605	0.00896	0.00251	0.00355	0.10808	0.00480	0.00433
61	0.01206	0.01016	0.01180	0.00859	0.01315	0.00841	0.00692	0.08696	0.01242	0.01894	0.00979	0.01132	0.00804	0.00440	0.00458	0.00093	0.03127	0.00339	0.00337	0.73349
62	0.01031	0.00681	0.00846	0.00828	0.00970	0.00672	0.00610	0.12418	0.01387	0.07748	0.16509	0.43774	0.03204	0.03329	0.00695	0.00205	0.00366	0.03638	0.00530	0.00558
63	0.01531	0.01065	0.01241	0.01096	0.03112	0.01150	0.00848	0.02513	0.45916	0.19211	0.01974	0.01908	0.01459	0.00787	0.02566	0.00191	0.04048	0.01682	0.00528	0.07174
64	0.01210	0.01189	0.01935	0.03690	0.01879	0.01213	0.24741	0.04015	0.02350	0.01676	0.00963	0.01265	0.00793	0.00571	0.00832	0.00159	0.20943	0.00472	0.00291	0.29813
65	0.01641	0.07854	0.01788	0.03406	0.01777	0.42298	0.11673	0.01975	0.08787	0.01486	0.01084	0.01387	0.00914	0.00607	0.00583	0.00156	0.05277	0.03739	0.00307	0.03260
66	0.01305	0.01394	0.01568	0.03593	0.01516	0.16775	0.02972	0.01483	0.02974	0.01344	0.00891	0.03558	0.00845	0.00988	0.04963	0.00237	0.50393	0.00486	0.00264	0.02452

[dist]
# distance from previous block
# <min> <max>
0	1

[block]
# block no. 3 follows, 45 sequences, length 11
# corresponding to MSA columns:
# 240-250
name=unknown_D
#
# <colnr> <probs for GDERKNQSTAVLIFYWHMCP>
#	G	D	E	R	K	N	Q	S	T	A	V	L	I	F	Y	W	H	M	C	P
0	0.01207	0.01063	0.01089	0.10513	0.01471	0.10226	0.00823	0.18745	0.01539	0.01905	0.04282	0.09238	0.24907	0.01030	0.00598	0.00182	0.00513	0.09614	0.00451	0.00604
1	0.01227	0.00939	0.01061	0.02860	0.01241	0.00920	0.00709	0.21901	0.05419	0.04045	0.07720	0.09663	0.19537	0.00908	0.00557	0.00158	0.00417	0.02452	0.00479	0.17788
2	0.00700	0.00507	0.00688	0.03810	0.00921	0.00492	0.00572	0.00817	0.01042	0.01382	0.02801	0.64599	0.03301	0.05783	0.00794	0.00236	0.00360	0.10273	0.00479	0.00443
3	0.01044	0.00662	0.00946	0.00838	0.00962	0.00639	0.04374	0.07082	0.00953	0.01305	0.01113	0.07014	0.01089	0.01501	0.01589	0.57032	0.00480	0.00532	0.00289	0.10556
4	0.01432	0.01270	0.03739	0.02153	0.37867	0.01288	0.02796	0.20151	0.09512	0.02122	0.01287	0.01653	0.01078	0.10346	0.00803	0.00207	0.00599	0.00531	0.00369	0.00798
5	0.01322	0.01299	0.02078	0.01616	0.01870	0.03567	0.26600	0.10534	0.01221	0.01742	0.00982	0.01333	0.00814	0.00705	0.01097	0.00197	0.35734	0.00526	0.06096	0.00668
6	0.00751	0.00581	0.00770	0.00837	0.04946	0.00554	0.00583	0.00948	0.01254	0.01699	0.31764	0.15535	0.20186	0.01664	0.12347	0.00285	0.00473	0.03836	0.00490	0.00498
7	0.02933	0.34888	0.11613	0.01093	0.01504	0.11332	0.03108	0.10605	0.01351	0.01690	0.06605	0.08582	0.01297	0.00659	0.00466	0.00147	0.00612	0.00506	0.00326	0.00683
8	0.01169	0.01004	0.00938	0.00879	0.01021	0.15058	0.00663	0.06803	0.01172	0.01599	0.01459	0.06116	0.01340	0.09662	0.20754	0.02037	0.04707	0.00571	0.22522	0.00526
9	0.19497	0.03905	0.03228	0.05380	0.12574	0.02145	0.00955	0.05263	0.06438	0.12289	0.05406	0.01574	0.02806	0.00655	0.00631	0.00171	0.10165	0.00486	0.05734	0.00699
10	0.06920	0.11126	0.28988	0.01169	0.04266	0.05196	0.01185	0.01482	0.01092	0.03232	0.01334	0.01577	0.04807	0.01299	0.16974	0.00304	0.00802	0.00463	0.07129	0.00655

[dist]
# distance from previous block
# <min> <max>
9	21

[block]
# block no. 4 follows, 45 sequences, length 43
# corresponding to MSA columns:
# 272-310,312-315
name=unknown_E
#
# <colnr> <probs for GDERKNQSTAVLIFYWHMCP>
#	G	D	E	R	K	N	Q	S	T	A	V	L	I	F	Y	W	H	M	C	P
0	0.04289	0.20154	0.44289	0.01444	0.05822	0.05584	0.03706	0.01718	0.01151	0.04113	0.00938	0.01097	0.00713	0.00511	0.00498	0.00157	0.02427	0.00383	0.00252	0.00754
1	0.04693	0.03297	0.03645	0.02263	0.30664	0.10248	0.19059	0.08569	0.02998	0.01835	0.01019	0.01283	0.00818	0.00537	0.00632	0.00168	0.06720	0.00490	0.00298	0.00765
2	0.00964	0.00601	0.00985	0.14196	0.01320	0.00637	0.04658	0.00868	0.00793	0.01049	0.00944	0.01588	0.00889	0.01564	0.01755	0.65624	0.00532	0.00477	0.00236	0.00321
3	0.70704	0.00962	0.00787	0.00711	0.01013	0.01091	0.00576	0.01515	0.00997	0.04419	0.08632	0.04490	0.01177	0.00612	0.00383	0.00168	0.00396	0.00417	0.00374	0.00577
4	0.00653	0.00473	0.00617	0.00733	0.00775	0.00437	0.00492	0.00749	0.01042	0.01376	0.03133	0.75453	0.08770	0.01659	0.00682	0.00215	0.00309	0.01498	0.00498	0.00437
5	0.22996	0.02993	0.25772	0.01269	0.08537	0.02274	0.01170	0.01750	0.01158	0.16074	0.03147	0.04161	0.01016	0.00628	0.00523	0.02683	0.00568	0.00456	0.00361	0.02464
6	0.01782	0.15353	0.01833	0.01550	0.11575	0.48003	0.01103	0.05883	0.01429	0.01472	0.00858	0.01025	0.00724	0.00552	0.00535	0.00143	0.04858	0.00367	0.00279	0.00677
7	0.00780	0.00522	0.00593	0.00593	0.00596	0.00525	0.00335	0.00786	0.00783	0.01047	0.01684	0.03474	0.01935	0.78992	0.04852	0.00530	0.00546	0.00775	0.00324	0.00330
8	0.00657	0.00468	0.00622	0.00744	0.00774	0.00438	0.00494	0.00748	0.01022	0.01363	0.02930	0.79025	0.03514	0.03491	0.00732	0.00225	0.00316	0.01509	0.00494	0.00433
9	0.01077	0.02777	0.78354	0.01530	0.02323	0.01247	0.01983	0.01700	0.01133	0.01700	0.00963	0.01133	0.00680	0.00510	0.00510	0.00170	0.00793	0.00397	0.00227	0.00793
10	0.03829	0.01823	0.01530	0.01252	0.01619	0.27932	0.00998	0.47058	0.02107	0.02617	0.01134	0.01191	0.00844	0.00610	0.00510	0.00152	0.00705	0.00433	0.02861	0.00795
11	0.00938	0.00562	0.03909	0.00734	0.00766	0.00498	0.00529	0.00741	0.00717	0.00964	0.00934	0.01611	0.00922	0.01809	0.02032	0.80901	0.00480	0.00463	0.00233	0.00256
12	0.01247	0.38761	0.41173	0.01275	0.01907	0.01652	0.04039	0.01658	0.01118	0.01500	0.00868	0.01019	0.00689	0.00485	0.00438	0.00145	0.00697	0.00355	0.00230	0.00743
13	0.00673	0.00475	0.00617	0.00723	0.00750	0.00449	0.00473	0.00752	0.00991	0.01321	0.02770	0.69300	0.03313	0.13490	0.00989	0.00263	0.00342	0.01415	0.00473	0.00420
14	0.02028	0.01457	0.01591	0.01226	0.01638	0.01614	0.01013	0.68924	0.02402	0.07549	0.01313	0.01315	0.00928	0.00657	0.00585	0.00164	0.03677	0.00486	0.00532	0.00900
15	0.01435	0.81458	0.02813	0.00918	0.01378	0.02124	0.00918	0.01607	0.01091	0.01263	0.00746	0.00861	0.00689	0.00459	0.00344	0.00115	0.00574	0.00287	0.00230	0.00689
16	0.01111	0.00710	0.00901	0.00869	0.01066	0.00694	0.00711	0.03491	0.08819	0.12733	0.24278	0.04255	0.10263	0.01147	0.00647	0.00198	0.00395	0.26560	0.00553	0.00600
17	0.00742	0.00524	0.00651	0.00673	0.00745	0.00508	0.00464	0.00868	0.01081	0.01477	0.19369	0.21159	0.10667	0.24483	0.08659	0.00349	0.00464	0.03225	0.03462	0.00430
18	0.00781	0.00520	0.00585	0.00585	0.00585	0.00520	0.00325	0.00781	0.00781	0.01041	0.01691	0.03513	0.01952	0.81135	0.02732	0.00520	0.00520	0.00781	0.00325	0.00325
19	0.00720	0.00613	0.03421	0.00657	0.00815	0.00502	0.00514	0.00918	0.01302	0.01746	0.32499	0.15101	0.32545	0.01236	0.00623	0.00178	0.00288	0.01067	0.04768	0.00486
20	0.00752	0.00548	0.00707	0.00667	0.00797	0.00503	0.00501	0.00998	0.01502	0.02110	0.73133	0.04080	0.09462	0.01113	0.00633	0.00170	0.00254	0.00981	0.00585	0.00503
21	0.80690	0.05119	0.00892	0.00717	0.01055	0.01251	0.00598	0.01579	0.00923	0.02350	0.00747	0.00871	0.00587	0.00496	0.00333	0.00163	0.00423	0.00290	0.00327	0.00587
22	0.04558	0.06631	0.15913	0.01439	0.12378	0.05395	0.01157	0.10958	0.16368	0.04208	0.03350	0.05591	0.01253	0.00654	0.00514	0.00162	0.00573	0.01932	0.00388	0.06579
23	0.05347	0.05941	0.71295	0.01463	0.02219	0.01281	0.01868	0.01690	0.01120	0.01718	0.00943	0.01109	0.00675	0.00507	0.00494	0.00168	0.00765	0.00387	0.00232	0.00778
24	0.02978	0.02195	0.52411	0.19268	0.04234	0.01241	0.03326	0.03859	0.01168	0.03010	0.00990	0.01222	0.00711	0.00521	0.00516	0.00172	0.00754	0.00424	0.00250	0.00749
25	0.01190	0.01095	0.01746	0.28749	0.36069	0.01197	0.01412	0.03286	0.09068	0.01703	0.02584	0.03477	0.01135	0.00616	0.00551	0.00174	0.00620	0.04280	0.00314	0.00732
26	0.01127	0.06730	0.02356	0.04065	0.01185	0.00762	0.00677	0.02621	0.01314	0.11632	0.27349	0.13951	0.02708	0.00875	0.00544	0.00151	0.00380	0.00755	0.00474	0.20346
27	0.00748	0.00548	0.00701	0.00663	0.00794	0.00501	0.00497	0.00989	0.01491	0.02085	0.70527	0.04122	0.12084	0.01123	0.00633	0.00170	0.00255	0.00986	0.00582	0.00501
28	0.01113	0.00954	0.01113	0.00795	0.01272	0.00716	0.00636	0.01352	0.01113	0.01749	0.00954	0.01113	0.00795	0.00398	0.00398	0.00080	0.00398	0.00318	0.00318	0.84417
29	0.02386	0.00949	0.01268	0.00972	0.01388	0.00842	0.00803	0.07065	0.01596	0.73625	0.02067	0.01794	0.01304	0.00663	0.00540	0.00166	0.00465	0.00536	0.00657	0.00913
30	0.01174	0.01174	0.01644	0.01409	0.01409	0.01644	0.01174	0.01292	0.00822	0.01292	0.00705	0.01174	0.00705	0.00940	0.01762	0.00235	0.80153	0.00470	0.00235	0.00587
31	0.01276	0.01216	0.02069	0.12684	0.66340	0.01246	0.01605	0.01597	0.01204	0.01702	0.01058	0.01483	0.00901	0.00516	0.00538	0.00164	0.00643	0.02681	0.00269	0.00808
32	0.01005	0.00632	0.00794	0.00726	0.00910	0.00575	0.00551	0.02472	0.03113	0.12577	0.42847	0.12409	0.14422	0.01103	0.00615	0.00173	0.00305	0.00960	0.00567	0.03243
33	0.00659	0.00545	0.00578	0.00570	0.00740	0.00464	0.00427	0.00819	0.01282	0.01590	0.19781	0.04936	0.63138	0.01307	0.00634	0.00179	0.00268	0.01101	0.00517	0.00464
34	0.00654	0.00467	0.00623	0.00747	0.00779	0.00436	0.00498	0.00747	0.01028	0.01370	0.02959	0.80785	0.03550	0.01682	0.00685	0.00218	0.00311	0.01526	0.00498	0.00436
35	0.14299	0.01224	0.10202	0.01210	0.01628	0.01027	0.16565	0.06192	0.01332	0.24732	0.05633	0.01709	0.01251	0.04681	0.00630	0.00185	0.00569	0.00536	0.05664	0.00731
36	0.02202	0.00952	0.01231	0.00965	0.01356	0.00872	0.00790	0.08659	0.05964	0.62590	0.02208	0.03706	0.04513	0.00718	0.00547	0.00168	0.00455	0.00586	0.00636	0.00880
37	0.01727	0.01204	0.01295	0.01031	0.01373	0.01312	0.00839	0.51038	0.04812	0.04883	0.05507	0.01630	0.01273	0.00668	0.00507	0.00154	0.00488	0.00519	0.18942	0.00798
38	0.74531	0.05358	0.00956	0.00755	0.01101	0.01286	0.00631	0.06918	0.01038	0.02417	0.00786	0.00901	0.00611	0.00507	0.00348	0.00163	0.00436	0.00304	0.00341	0.00611
39	0.01768	0.27478	0.04253	0.01204	0.01569	0.41095	0.01013	0.10608	0.01490	0.01574	0.02820	0.01054	0.00828	0.00547	0.00450	0.00135	0.00775	0.00361	0.00299	0.00680
40	0.00779	0.00516	0.00591	0.00598	0.00599	0.00514	0.00339	0.00776	0.00791	0.01055	0.01734	0.07570	0.02003	0.74296	0.02602	0.03259	0.00507	0.00810	0.00331	0.00328
41	0.14234	0.07797	0.01278	0.00886	0.01283	0.02703	0.00728	0.12354	0.01281	0.02017	0.01024	0.03488	0.00864	0.00527	0.00474	0.00121	0.04014	0.00384	0.02823	0.41720
42	0.00829	0.00593	0.00730	0.03798	0.00895	0.00598	0.00516	0.06862	0.01084	0.01446	0.05208	0.39473	0.03949	0.29900	0.01396	0.00317	0.00421	0.01107	0.00433	0.00444

[dist]
# distance from previous block
# <min> <max>
2	6

[block]
# block no. 5 follows, 45 sequences, length 59
# corresponding to MSA columns:
# 322-380
name=unknown_F
#
# <colnr> <probs for GDERKNQSTAVLIFYWHMCP>
#	G	D	E	R	K	N	Q	S	T	A	V	L	I	F	Y	W	H	M	C	P
0	0.07205	0.30328	0.11904	0.00998	0.01396	0.09941	0.00944	0.03445	0.02683	0.08927	0.06188	0.01520	0.01189	0.08732	0.00671	0.00180	0.00591	0.00440	0.00333	0.02385
1	0.01069	0.02382	0.00864	0.00745	0.00933	0.00661	0.00568	0.01406	0.08741	0.13383	0.45133	0.03472	0.09663	0.07672	0.00780	0.00199	0.00331	0.00854	0.00560	0.00585
2	0.00668	0.00544	0.00592	0.00583	0.00747	0.00467	0.00436	0.00835	0.01299	0.01637	0.24692	0.06276	0.56761	0.01295	0.00635	0.00179	0.00268	0.01097	0.00523	0.00467
3	0.01225	0.01548	0.14827	0.08875	0.03427	0.05171	0.27348	0.04256	0.05127	0.01695	0.05107	0.03204	0.01089	0.00638	0.00776	0.00185	0.13940	0.00566	0.00300	0.00693
4	0.00652	0.00476	0.00614	0.00724	0.00773	0.00438	0.00488	0.00750	0.01050	0.01379	0.03239	0.72233	0.11922	0.01645	0.00679	0.00214	0.00307	0.01482	0.00498	0.00438
5	0.01133	0.01167	0.06814	0.13250	0.08637	0.00978	0.08673	0.01440	0.01122	0.01667	0.00963	0.01219	0.00778	0.00461	0.00518	0.00125	0.03797	0.00400	0.00287	0.46572
6	0.17972	0.26396	0.07382	0.01059	0.01479	0.01619	0.02933	0.20222	0.09094	0.02163	0.01099	0.02831	0.00884	0.00579	0.00466	0.00154	0.02148	0.00416	0.00365	0.00741
7	0.00848	0.03235	0.00797	0.00691	0.00858	0.00612	0.00528	0.01150	0.06342	0.04445	0.51303	0.03933	0.19453	0.02653	0.00656	0.00177	0.00291	0.00940	0.00554	0.00534
8	0.03928	0.01331	0.04039	0.01115	0.01516	0.01381	0.00931	0.41920	0.17794	0.08460	0.01583	0.01546	0.02503	0.00651	0.00520	0.00160	0.00519	0.00507	0.03240	0.06355
9	0.00785	0.00601	0.00897	0.00887	0.00978	0.00714	0.00693	0.00973	0.00861	0.01248	0.01406	0.02068	0.01314	0.03890	0.75618	0.00835	0.04892	0.00571	0.00285	0.00484
10	0.01244	0.01035	0.01227	0.00900	0.01356	0.00869	0.02690	0.12790	0.01331	0.01986	0.01078	0.03899	0.00909	0.00481	0.00435	0.00100	0.00438	0.00393	0.00357	0.66484
11	0.00727	0.00552	0.00671	0.00662	0.00794	0.00504	0.00489	0.00960	0.03369	0.01857	0.45797	0.15382	0.23778	0.01241	0.00639	0.00180	0.00271	0.01084	0.00552	0.00491
12	0.00660	0.00470	0.00621	0.00739	0.00769	0.00440	0.00490	0.00749	0.01015	0.01354	0.02896	0.76946	0.03471	0.05629	0.00787	0.00233	0.00322	0.01489	0.00490	0.00430
13	0.01174	0.01174	0.01644	0.01409	0.01409	0.01644	0.01174	0.01292	0.00822	0.01292	0.00705	0.01174	0.00705	0.00940	0.01762	0.00235	0.80153	0.00470	0.00235	0.00587
14	0.02290	0.01042	0.01319	0.01014	0.01427	0.00985	0.00837	0.19514	0.01764	0.59350	0.03469	0.01748	0.01309	0.00669	0.00541	0.00165	0.00483	0.00536	0.00633	0.00905
15	0.00677	0.00477	0.00616	0.00719	0.00744	0.00451	0.00467	0.00753	0.00984	0.01312	0.02733	0.67005	0.03265	0.15851	0.01050	0.00272	0.00349	0.01393	0.00467	0.00416
16	0.00654	0.00467	0.00623	0.00747	0.00779	0.00436	0.00498	0.00747	0.01028	0.01370	0.02959	0.80785	0.03550	0.01682	0.00685	0.00218	0.00311	0.01526	0.00498	0.00436
17	0.01190	0.01762	0.23806	0.06672	0.02597	0.01343	0.43978	0.01654	0.01177	0.01654	0.01009	0.01334	0.00761	0.00518	0.00697	0.00183	0.08145	0.00543	0.00254	0.00723
18	0.00769	0.00567	0.00819	0.00819	0.00900	0.00647	0.00617	0.00931	0.00850	0.01214	0.01478	0.02330	0.01438	0.16176	0.66990	0.00809	0.01293	0.00608	0.00294	0.00455
19	0.00656	0.00545	0.00574	0.00567	0.00738	0.00462	0.00425	0.00812	0.01275	0.01571	0.17885	0.04966	0.65046	0.01314	0.00634	0.00179	0.00269	0.01105	0.00514	0.00462
20	0.00767	0.00575	0.00863	0.00863	0.00959	0.00671	0.00671	0.00959	0.00863	0.01246	0.01438	0.02109	0.01342	0.04026	0.79008	0.00863	0.01438	0.00575	0.00288	0.00479
21	0.01339	0.01097	0.01174	0.01052	0.01349	0.01247	0.00819	0.02698	0.67698	0.05760	0.06004	0.02172	0.03672	0.00759	0.00552	0.00181	0.00414	0.00635	0.00553	0.00826
22	0.84927	0.01038	0.00789	0.00706	0.01038	0.01204	0.00581	0.01578	0.00914	0.02408	0.00747	0.00872	0.00581	0.00498	0.00332	0.00166	0.00415	0.00291	0.00332	0.00581
23	0.01230	0.01082	0.01664	0.27128	0.02274	0.01271	0.10956	0.13306	0.03699	0.01694	0.01052	0.01489	0.00867	0.03682	0.02721	0.08754	0.15691	0.00513	0.00304	0.00621
