[name]
unknown

[dist]
# distance from previous block
# <min> <max>
0	630

[block]
# block no. 0 follows, 44 sequences, length 31
# corresponding to MSA columns:
# 679-709
name=unknown_A
#
# <colnr> <probs for GDERKNQSTAVLIFYWHMCP>
#	G	D	E	R	K	N	Q	S	T	A	V	L	I	F	Y	W	H	M	C	P
0	0.01212	0.03548	0.33341	0.11967	0.04334	0.07759	0.12651	0.03039	0.03506	0.01680	0.03243	0.02901	0.01030	0.00618	0.00603	0.00178	0.03897	0.03485	0.00286	0.00722
1	0.01793	0.08326	0.13548	0.01276	0.01751	0.03318	0.07863	0.27431	0.04635	0.18753	0.01416	0.01500	0.01023	0.04132	0.00631	0.00180	0.00630	0.00501	0.00458	0.00836
2	0.00832	0.14379	0.01038	0.00773	0.00918	0.00766	0.00599	0.00978	0.01155	0.01495	0.11946	0.40100	0.12444	0.02769	0.00665	0.00201	0.00370	0.07603	0.00467	0.00501
3	0.01181	0.01425	0.12020	0.16142	0.02543	0.01258	0.33093	0.01808	0.14150	0.01753	0.01522	0.01884	0.04391	0.00615	0.00598	0.00185	0.00739	0.03640	0.00331	0.00721
4	0.05148	0.03243	0.04974	0.05158	0.04465	0.05284	0.06277	0.32492	0.04730	0.09993	0.03462	0.07601	0.01282	0.02664	0.00604	0.00179	0.00599	0.00590	0.00464	0.00790
5	0.01176	0.06940	0.52340	0.14941	0.02531	0.01296	0.06442	0.01706	0.01165	0.05027	0.01024	0.01238	0.00735	0.00523	0.00522	0.00171	0.00771	0.00432	0.00255	0.00766
6	0.01625	0.01398	0.01305	0.01141	0.01461	0.14580	0.00891	0.09264	0.46098	0.09952	0.05008	0.01854	0.01544	0.00710	0.00546	0.00173	0.00538	0.00568	0.00521	0.00821
7	0.15214	0.01145	0.19448	0.00941	0.01212	0.00779	0.00883	0.01140	0.01044	0.01646	0.02097	0.45738	0.02342	0.03069	0.00640	0.00208	0.00458	0.01038	0.00406	0.00554
8	0.04684	0.05860	0.15032	0.06884	0.25257	0.04571	0.02786	0.04842	0.01330	0.05436	0.14185	0.03878	0.01631	0.00655	0.00540	0.00166	0.00601	0.00568	0.00357	0.00738
9	0.01268	0.00867	0.01098	0.14401	0.01581	0.00912	0.00823	0.08800	0.13785	0.14062	0.08282	0.16347	0.13535	0.00985	0.00597	0.00185	0.00446	0.00846	0.00507	0.00673
10	0.00912	0.00658	0.00803	0.00837	0.00937	0.00661	0.00589	0.13628	0.01294	0.01728	0.02657	0.63492	0.03074	0.05008	0.00761	0.00225	0.00374	0.01335	0.00505	0.00521
11	0.15467	0.02482	0.62833	0.01429	0.02148	0.01262	0.03646	0.01706	0.01116	0.01851	0.00944	0.01114	0.00677	0.00514	0.00490	0.00172	0.00743	0.00390	0.00250	0.00767
12	0.00935	0.00500	0.00739	0.00761	0.00782	0.00500	0.00543	0.00782	0.00804	0.01065	0.01280	0.02429	0.01323	0.01827	0.01894	0.69720	0.00478	0.13072	0.00282	0.00282
13	0.28741	0.01138	0.01201	0.11413	0.03720	0.04648	0.00845	0.08472	0.02469	0.05091	0.00991	0.01154	0.00767	0.00514	0.00453	0.00144	0.01808	0.00373	0.00351	0.25708
14	0.07563	0.01217	0.01462	0.18071	0.01997	0.01340	0.01042	0.36749	0.03880	0.15740	0.01437	0.04655	0.01063	0.00669	0.00538	0.00172	0.00575	0.00532	0.00487	0.00813
15	0.00953	0.00707	0.00837	0.00777	0.00948	0.00694	0.00587	0.13757	0.01570	0.02128	0.37860	0.19160	0.15515	0.01197	0.00637	0.00182	0.00331	0.01040	0.00557	0.00562
16	0.00993	0.00529	0.00572	0.00593	0.00720	0.00529	0.00467	0.01246	0.01162	0.01964	0.01969	0.02740	0.01696	0.00785	0.00445	0.00148	0.00297	0.13101	0.69538	0.00507
17	0.01479	0.04140	0.05254	0.24819	0.13288	0.10680	0.03586	0.08691	0.04089	0.10304	0.01334	0.03684	0.02873	0.00628	0.00574	0.00171	0.02801	0.00522	0.00354	0.00730
18	0.01430	0.01270	0.02543	0.13606	0.02651	0.01239	0.47834	0.01818	0.01283	0.14746	0.01266	0.01549	0.00916	0.00629	0.02998	0.00203	0.02343	0.00598	0.00339	0.00739
19	0.01001	0.00579	0.00768	0.00783	0.00912	0.00528	0.00571	0.01157	0.01250	0.14701	0.17781	0.45317	0.06507	0.01389	0.00660	0.00202	0.00336	0.04459	0.00554	0.00544
20	0.16364	0.01272	0.01382	0.01080	0.01493	0.01357	0.00891	0.41253	0.03363	0.23946	0.01465	0.01402	0.01000	0.00636	0.00511	0.00166	0.00528	0.00476	0.00546	0.00868
21	0.03820	0.02869	0.05014	0.22543	0.02154	0.01104	0.04341	0.09812	0.01396	0.24284	0.01345	0.01457	0.00944	0.00573	0.00544	0.00159	0.02344	0.00471	0.00419	0.14406
22	0.00766	0.00517	0.00603	0.00629	0.00636	0.00510	0.00368	0.00786	0.00846	0.01128	0.01990	0.19834	0.02325	0.64106	0.02335	0.00464	0.00484	0.00953	0.00368	0.00354
23	0.01665	0.01030	0.01289	0.14514	0.01777	0.01107	0.00934	0.05681	0.30532	0.27206	0.03709	0.01891	0.01438	0.00686	0.00546	0.00175	0.00489	0.00570	0.03940	0.00820
24	0.16201	0.01360	0.01489	0.04638	0.01661	0.01499	0.02950	0.51412	0.02081	0.07723	0.01255	0.01331	0.00907	0.02384	0.00561	0.00174	0.00573	0.00471	0.00492	0.00837
25	0.01328	0.01175	0.01308	0.01165	0.01420	0.01410	0.00920	0.02625	0.63457	0.02114	0.01961	0.01889	0.01501	0.00777	0.00767	0.00194	0.14081	0.00592	0.00500	0.00817
26	0.01736	0.04558	0.01537	0.14586	0.01918	0.01354	0.01017	0.34154	0.08104	0.12782	0.01374	0.01427	0.00987	0.00605	0.00520	0.00156	0.00563	0.00478	0.00470	0.11675
27	0.01174	0.00755	0.01082	0.14493	0.01627	0.00783	0.00966	0.01492	0.04409	0.13896	0.04181	0.04431	0.02422	0.01166	0.00673	0.00221	0.00526	0.44609	0.00490	0.00604
28	0.74365	0.01053	0.00869	0.00756	0.01104	0.01192	0.00623	0.03516	0.01032	0.10085	0.00913	0.00994	0.00675	0.00527	0.00364	0.00169	0.00430	0.00326	0.00377	0.00633
29	0.01023	0.00862	0.01235	0.32958	0.02139	0.01012	0.01019	0.06367	0.06245	0.01605	0.06558	0.14591	0.01776	0.10136	0.02514	0.00246	0.06000	0.02769	0.00368	0.00576
30	0.02023	0.03169	0.04788	0.01093	0.02437	0.03277	0.00918	0.24342	0.01787	0.38037	0.02979	0.01910	0.07680	0.00723	0.00574	0.00168	0.02108	0.00568	0.00565	0.00856

[dist]
# distance from previous block
# <min> <max>
0	5

[block]
# block no. 1 follows, 44 sequences, length 23
# corresponding to MSA columns:
# 715-737
name=unknown_B
#
# <colnr> <probs for GDERKNQSTAVLIFYWHMCP>
#	G	D	E	R	K	N	Q	S	T	A	V	L	I	F	Y	W	H	M	C	P
0	0.04910	0.11454	0.08217	0.25359	0.03922	0.14253	0.02584	0.08810	0.01351	0.07850	0.01160	0.05686	0.00946	0.00617	0.00511	0.00164	0.00691	0.00492	0.00331	0.00694
1	0.00683	0.00531	0.00617	0.00643	0.00766	0.00470	0.00461	0.00833	0.01244	0.01603	0.21176	0.26286	0.37784	0.03495	0.00714	0.00201	0.00290	0.01217	0.00523	0.00464
2	0.01182	0.00970	0.01172	0.04389	0.01404	0.00803	0.00718	0.01461	0.03506	0.05146	0.01103	0.03241	0.00923	0.00489	0.00486	0.00103	0.03692	0.00387	0.00344	0.68480
3	0.00795	0.00598	0.00710	0.00674	0.00821	0.00554	0.00500	0.04619	0.01435	0.01933	0.44445	0.08152	0.25235	0.06177	0.00774	0.00200	0.00300	0.01025	0.00549	0.00504
4	0.84691	0.01054	0.00801	0.00717	0.01054	0.01223	0.00590	0.01603	0.00928	0.02446	0.00759	0.00886	0.00590	0.00506	0.00337	0.00169	0.00422	0.00295	0.00337	0.00590
5	0.03186	0.01325	0.05199	0.37573	0.16042	0.07980	0.11882	0.03924	0.01229	0.02973	0.01014	0.01378	0.00781	0.00560	0.00585	0.02176	0.00744	0.00489	0.00274	0.00687
6	0.01781	0.09112	0.01614	0.01193	0.01575	0.09560	0.00973	0.37761	0.25934	0.02645	0.01499	0.01466	0.01118	0.00654	0.00524	0.00164	0.00584	0.00498	0.00491	0.00855
7	0.01066	0.00967	0.01505	0.24413	0.08820	0.00954	0.08984	0.02769	0.01182	0.01642	0.04618	0.08732	0.05919	0.00696	0.00568	0.01657	0.00559	0.00613	0.00331	0.24008
8	0.02900	0.04390	0.42225	0.02887	0.02108	0.01258	0.11014	0.05584	0.05619	0.07672	0.06062	0.01486	0.01113	0.00591	0.00573	0.00174	0.02736	0.00497	0.00331	0.00780
9	0.01179	0.10553	0.61358	0.01531	0.02257	0.01362	0.07389	0.01732	0.01160	0.03483	0.00988	0.01165	0.00718	0.00521	0.00538	0.00169	0.02449	0.00415	0.00245	0.00788
10	0.02042	0.01512	0.01619	0.01248	0.01679	0.01677	0.01029	0.72563	0.05671	0.03387	0.01347	0.01339	0.00958	0.00658	0.00546	0.00165	0.00593	0.00496	0.00546	0.00924
11	0.05502	0.01794	0.29328	0.18267	0.02672	0.01275	0.24946	0.03924	0.01210	0.01742	0.01079	0.03832	0.00836	0.00547	0.00560	0.00179	0.00783	0.00530	0.00271	0.00722
12	0.05740	0.01380	0.08544	0.23221	0.35683	0.06359	0.01500	0.03133	0.01224	0.01703	0.01098	0.01601	0.00925	0.00576	0.00538	0.00173	0.00683	0.04897	0.00283	0.00739
13	0.00669	0.00476	0.00631	0.00753	0.00784	0.00446	0.00500	0.00760	0.01035	0.01379	0.02958	0.77676	0.03546	0.04597	0.00772	0.00233	0.00324	0.01522	0.00500	0.00439
14	0.00722	0.00576	0.00872	0.00889	0.00982	0.00533	0.07627	0.00855	0.01083	0.01432	0.03028	0.66859	0.09321	0.01563	0.00687	0.00215	0.00370	0.01431	0.00484	0.00472
15	0.01642	0.51403	0.08700	0.01065	0.01533	0.09901	0.01031	0.08099	0.01328	0.09387	0.00975	0.01047	0.00785	0.00518	0.00416	0.00133	0.00633	0.00350	0.00310	0.00744
16	0.01270	0.01588	0.09724	0.02233	0.02807	0.01369	0.69070	0.01745	0.01275	0.01745	0.01092	0.01443	0.00815	0.00465	0.00632	0.00183	0.00909	0.00622	0.00272	0.00741
17	0.01356	0.01171	0.01233	0.01109	0.01418	0.01356	0.00863	0.02897	0.76455	0.02281	0.02219	0.02034	0.01664	0.00740	0.00555	0.00185	0.00431	0.00616	0.00555	0.00863
18	0.02020	0.01205	0.04505	0.01088	0.01498	0.01162	0.00918	0.23465	0.15162	0.36821	0.04987	0.01794	0.01415	0.00692	0.00551	0.00170	0.00503	0.00556	0.00595	0.00894
19	0.02381	0.05247	0.01362	0.00977	0.01401	0.00902	0.00816	0.04866	0.01567	0.71408	0.02050	0.01786	0.01302	0.00663	0.00538	0.00166	0.00475	0.00533	0.00647	0.00916
20	0.02428	0.00957	0.01284	0.00984	0.01406	0.00845	0.00813	0.06266	0.01610	0.74138	0.02109	0.01829	0.01329	0.00674	0.00548	0.00168	0.00471	0.00545	0.00668	0.00928
21	0.00867	0.00701	0.02644	0.07254	0.01216	0.00677	0.03785	0.01076	0.01244	0.04167	0.28705	0.26491	0.05755	0.04911	0.00810	0.00211	0.04647	0.03832	0.00485	0.00523
22	0.05010	0.02215	0.06230	0.04328	0.05431	0.00893	0.00884	0.04078	0.03070	0.28344	0.02018	0.24823	0.01849	0.02898	0.00702	0.00197	0.05012	0.00814	0.00495	0.00708

[dist]
# distance from previous block
# <min> <max>
2	8

[block]
# block no. 2 follows, 44 sequences, length 48
# corresponding to MSA columns:
# 746-793
name=unknown_C
#
# <colnr> <probs for GDERKNQSTAVLIFYWHMCP>
#	G	D	E	R	K	N	Q	S	T	A	V	L	I	F	Y	W	H	M	C	P
0	0.06510	0.01359	0.11494	0.22253	0.07564	0.03535	0.11508	0.05785	0.05049	0.08522	0.02321	0.01514	0.00964	0.03101	0.00644	0.02151	0.00669	0.00503	0.00337	0.04218
1	0.02683	0.01015	0.01295	0.12510	0.04512	0.00938	0.02018	0.03525	0.07597	0.01795	0.01137	0.03585	0.00949	0.00520	0.00499	0.00122	0.02863	0.00427	0.00337	0.51670
2	0.00746	0.00536	0.00690	0.00774	0.00840	0.00506	0.00529	0.03922	0.01107	0.01479	0.02885	0.70098	0.05542	0.01618	0.00721	0.02674	0.00334	0.01423	0.00494	0.03081
3	0.08938	0.58145	0.06589	0.04597	0.01508	0.03956	0.00974	0.01593	0.01089	0.01418	0.00831	0.01008	0.00736	0.00730	0.05796	0.00181	0.00659	0.00329	0.00248	0.00675
4	0.00765	0.00517	0.00603	0.00630	0.00637	0.00510	0.00368	0.00786	0.00847	0.01129	0.01994	0.20081	0.02331	0.63852	0.02329	0.00463	0.00483	0.00955	0.00368	0.00354
5	0.09395	0.01396	0.01485	0.01173	0.01565	0.01553	0.00960	0.58331	0.06476	0.04652	0.01394	0.04988	0.01067	0.00701	0.00560	0.00170	0.02218	0.00530	0.00522	0.00864
6	0.57583	0.04231	0.08007	0.00929	0.03323	0.03576	0.00805	0.03279	0.01092	0.09889	0.02433	0.01094	0.00787	0.00539	0.00396	0.00166	0.00491	0.00355	0.00364	0.00662
7	0.00756	0.00570	0.00618	0.00597	0.00775	0.00488	0.00447	0.00913	0.01293	0.05118	0.17760	0.04822	0.58297	0.04253	0.00719	0.00194	0.00291	0.01081	0.00524	0.00487
8	0.01148	0.11163	0.46817	0.01585	0.05607	0.01359	0.09621	0.01623	0.01129	0.01623	0.01047	0.04482	0.00856	0.00689	0.02866	0.00194	0.06711	0.00478	0.00251	0.00749
9	0.01510	0.74072	0.02738	0.00975	0.01425	0.09066	0.00944	0.01682	0.01147	0.01287	0.00766	0.00884	0.00700	0.00475	0.00363	0.00119	0.00619	0.00297	0.00238	0.00694
10	0.00720	0.00528	0.00675	0.00695	0.00797	0.00484	0.00500	0.00908	0.01337	0.01830	0.43354	0.30295	0.13159	0.01349	0.00661	0.00190	0.00280	0.01198	0.00557	0.00484
11	0.01815	0.01394	0.01645	0.05606	0.01815	0.01540	0.06171	0.48030	0.18586	0.05408	0.01503	0.01505	0.01085	0.00654	0.00554	0.00171	0.00588	0.00531	0.00516	0.00882
12	0.21946	0.16978	0.16708	0.01256	0.09226	0.01342	0.01101	0.04945	0.01213	0.12526	0.01064	0.01156	0.00797	0.00521	0.00440	0.00152	0.00564	0.00381	0.00344	0.07341
13	0.00729	0.00558	0.00606	0.00599	0.00758	0.00483	0.00438	0.00871	0.01243	0.03826	0.14572	0.09264	0.54585	0.08046	0.00824	0.00213	0.00303	0.01104	0.00509	0.00470
14	0.00778	0.00548	0.00698	0.00693	0.00815	0.00499	0.00507	0.00980	0.01388	0.04084	0.48250	0.21725	0.14447	0.01274	0.00653	0.00185	0.00279	0.01125	0.00568	0.00503
15	0.07337	0.10392	0.21030	0.10224	0.04222	0.15453	0.03437	0.08307	0.01365	0.10159	0.01072	0.01214	0.00794	0.00558	0.00521	0.00162	0.02266	0.00418	0.00328	0.00745
16	0.01765	0.11082	0.02655	0.08161	0.01630	0.01266	0.00934	0.25404	0.04010	0.22974	0.06148	0.08573	0.01503	0.00748	0.00541	0.00167	0.00525	0.00607	0.00510	0.00799
17	0.02380	0.01034	0.01331	0.01020	0.01445	0.00958	0.00843	0.15548	0.01738	0.64676	0.02002	0.01759	0.01275	0.00671	0.00548	0.00168	0.00488	0.00538	0.00652	0.00928
18	0.02295	0.00785	0.03196	0.03174	0.01176	0.00712	0.04781	0.01410	0.07955	0.10977	0.33718	0.08804	0.15063	0.01042	0.00619	0.00181	0.00378	0.02591	0.00538	0.00605
19	0.09409	0.01309	0.01477	0.01198	0.03759	0.01409	0.00957	0.45881	0.02065	0.20217	0.02993	0.01451	0.01072	0.00662	0.00576	0.00168	0.03491	0.00496	0.00538	0.00875
20	0.79596	0.01048	0.00841	0.03194	0.01149	0.01210	0.00626	0.01628	0.00952	0.04681	0.00808	0.00933	0.00618	0.00512	0.00350	0.00169	0.00433	0.00309	0.00345	0.00601
21	0.06707	0.04075	0.16341	0.12622	0.09035	0.13283	0.22037	0.01707	0.01235	0.01664	0.03159	0.01334	0.00874	0.00537	0.00580	0.00171	0.03170	0.00489	0.00274	0.00705
22	0.00738	0.00515	0.00672	0.00738	0.00810	0.00480	0.00515	0.00874	0.01162	0.03202	0.18603	0.51377	0.07914	0.05246	0.02202	0.00235	0.00341	0.03393	0.00517	0.00467
23	0.00743	0.00491	0.00628	0.02340	0.00821	0.00472	0.00502	0.00875	0.01065	0.01521	0.02716	0.63060	0.03102	0.01468	0.00629	0.00202	0.00312	0.01318	0.17276	0.00459
24	0.08818	0.01231	0.01418	0.01173	0.01524	0.01373	0.05004	0.18778	0.37604	0.10812	0.01752	0.01684	0.01283	0.00688	0.00595	0.00179	0.04177	0.00548	0.00517	0.00841
25	0.00731	0.00571	0.00669	0.00654	0.00810	0.00507	0.00488	0.00942	0.02542	0.01788	0.34987	0.12243	0.34670	0.01262	0.00641	0.00180	0.00283	0.02240	0.00540	0.03252
26	0.11033	0.01209	0.05770	0.40035	0.07898	0.04445	0.03542	0.06259	0.01232	0.06255	0.01087	0.03198	0.00841	0.00568	0.00517	0.00171	0.00659	0.00479	0.00312	0.04490
27	0.01119	0.08246	0.72810	0.01511	0.02293	0.01328	0.01939	0.01720	0.01148	0.01696	0.00963	0.01132	0.00691	0.00514	0.00506	0.00169	0.00790	0.00395	0.00230	0.00798
28	0.00660	0.00493	0.00614	0.00711	0.00778	0.00447	0.00485	0.00765	0.01090	0.01411	0.03595	0.62844	0.20866	0.01631	0.00684	0.00213	0.00307	0.01456	0.00506	0.00447
29	0.01123	0.00611	0.00622	0.00583	0.00741	0.00627	0.00447	0.08749	0.01286	0.02174	0.01731	0.01960	0.01350	0.00637	0.00398	0.00131	0.00289	0.00506	0.75485	0.00550
30	0.05857	0.01009	0.01219	0.03744	0.03678	0.01031	0.00828	0.14764	0.13001	0.30792	0.03446	0.06211	0.03667	0.00791	0.01560	0.00180	0.00476	0.00611	0.06332	0.00805
31	0.00763	0.00558	0.00717	0.00682	0.00815	0.00512	0.00514	0.01010	0.01511	0.02112	0.69226	0.04222	0.11319	0.01147	0.00646	0.00174	0.00265	0.02707	0.00590	0.00509
32	0.13465	0.01174	0.06294	0.46149	0.17333	0.01247	0.01424	0.03760	0.01144	0.01705	0.00960	0.01327	0.00737	0.00530	0.00512	0.00175	0.00668	0.00452	0.00270	0.00675
33	0.05125	0.04812	0.01779	0.52695	0.07251	0.01336	0.05797	0.11607	0.01305	0.01759	0.01007	0.01376	0.00760	0.00546	0.00532	0.00175	0.00696	0.00477	0.00291	0.00675
34	0.01448	0.01194	0.01278	0.01127	0.01445	0.01361	0.00895	0.15815	0.57476	0.02439	0.02106	0.02217	0.01644	0.00783	0.00568	0.00186	0.00467	0.06155	0.00549	0.00847
35	0.00662	0.00483	0.00624	0.00736	0.00785	0.00445	0.00496	0.00762	0.01066	0.01401	0.03283	0.72183	0.11728	0.01672	0.00690	0.00217	0.00312	0.01506	0.00506	0.00445
36	0.06219	0.01121	0.06203	0.27015	0.04584	0.02708	0.06086	0.03876	0.07679	0.12420	0.02645	0.07420	0.02936	0.00747	0.00567	0.00185	0.00603	0.05904	0.00395	0.00688
37	0.07963	0.01059	0.01281	0.00999	0.01401	0.01032	0.00822	0.18941	0.03758	0.50301	0.01850	0.01678	0.01213	0.00658	0.00525	0.00166	0.00481	0.00518	0.04472	0.00883
38	0.02097	0.00851	0.01153	0.00911	0.01272	0.00742	0.00742	0.02318	0.01557	0.62068	0.17768	0.02317	0.02140	0.00766	0.00568	0.00169	0.00421	0.00639	0.00659	0.00842
39	0.02433	0.01138	0.01791	0.52616	0.13733	0.03819	0.06577	0.04636	0.04913	0.01614	0.01055	0.01439	0.00805	0.00545	0.00547	0.00177	0.00713	0.00495	0.00279	0.00677
40	0.08015	0.03882	0.13276	0.25848	0.09728	0.03777	0.01281	0.09440	0.02390	0.08851	0.01171	0.01514	0.00913	0.06846	0.00691	0.00198	0.00653	0.00479	0.00335	0.00710
41	0.02678	0.00549	0.00694	0.00732	0.00827	0.00523	0.00520	0.00966	0.03879	0.01781	0.33905	0.41288	0.06844	0.01387	0.00659	0.00197	0.00297	0.01239	0.00543	0.00491
42	0.03364	0.00682	0.00845	0.02933	0.00928	0.00757	0.00580	0.05243	0.00966	0.01350	0.01697	0.12532	0.01868	0.40586	0.09529	0.03204	0.08649	0.03494	0.00353	0.00440
43	0.04435	0.28067	0.29690	0.01457	0.04453	0.08212	0.10863	0.01718	0.01173	0.01566	0.00896	0.01085	0.00715	0.00509	0.00509	0.00154	0.03121	0.00394	0.00247	0.00735
44	0.01323	0.01466	0.06168	0.04786	0.21469	0.01361	0.45804	0.05068	0.03582	0.01835	0.01117	0.01435	0.00857	0.00489	0.00602	0.00177	0.00811	0.00580	0.00292	0.00779
45	0.00670	0.00479	0.00638	0.00755	0.00792	0.00447	0.00507	0.00774	0.01071	0.01436	0.07097	0.76267	0.03691	0.01675	0.00693	0.00219	0.00313	0.01519	0.00511	0.00447
46	0.01169	0.01344	0.15599	0.07535	0.24026	0.01073	0.08985	0.01558	0.03684	0.04346	0.05568	0.07035	0.01435	0.04393	0.00680	0.00191	0.01708	0.02840	0.06118	0.00712
47	0.07782	0.04955	0.17511	0.14169	0.06856	0.02330	0.05343	0.04728	0.03527	0.15039	0.01393	0.01533	0.03143	0.00600	0.00549	0.00169	0.02998	0.00488	0.06147	0.00740

[dist]
# distance from previous block
# <min> <max>
1	15

[block]
# block no. 3 follows, 44 sequences, length 189
# corresponding to MSA columns:
# 809-997
name=unknown_D
#
# <colnr> <probs for GDERKNQSTAVLIFYWHMCP>
#	G	D	E	R	K	N	Q	S	T	A	V	L	I	F	Y	W	H	M	C	P
0	0.06132	0.11734	0.05571	0.01112	0.01466	0.05292	0.03599	0.29386	0.04909	0.02313	0.01238	0.01478	0.00998	0.06647	0.00732	0.00185	0.05377	0.00475	0.09237	0.02117
1	0.06087	0.14022	0.01550	0.05149	0.01510	0.08230	0.00895	0.25834	0.04916	0.06355	0.01402	0.09656	0.01212	0.02242	0.00572	0.00167	0.02241	0.00557	0.04047	0.03356
2	0.09159	0.21606	0.20682	0.04283	0.09611	0.04475	0.07227	0.05132	0.01235	0.05896	0.01098	0.05299	0.00913	0.00576	0.00484	0.00159	0.00657	0.00466	0.00305	0.00739
3	0.04096	0.04698	0.05646	0.57538	0.03175	0.05929	0.01412	0.08220	0.01250	0.01624	0.00976	0.01352	0.00736	0.00550	0.00525	0.00174	0.00718	0.00458	0.00274	0.00650
4	0.00848	0.00643	0.00867	0.00839	0.00958	0.00712	0.00648	0.04814	0.01084	0.01518	0.09450	0.06731	0.10513	0.04829	0.46611	0.00600	0.04324	0.00733	0.02773	0.00508
5	0.06027	0.01109	0.01210	0.01039	0.01324	0.01226	0.00816	0.33536	0.16394	0.02484	0.01877	0.15475	0.03355	0.03930	0.07410	0.00253	0.00572	0.00723	0.00499	0.00742
6	0.01264	0.01003	0.01180	0.00857	0.01324	0.00808	0.00690	0.05656	0.01231	0.06406	0.01053	0.01185	0.00845	0.00447	0.00452	0.00094	0.02252	0.00350	0.00355	0.72549
7	0.00666	0.00476	0.00635	0.00758	0.00791	0.00444	0.00506	0.00765	0.01054	0.01409	0.04577	0.78864	0.03638	0.01695	0.00695	0.00220	0.00315	0.01538	0.00508	0.00444
8	0.00841	0.00723	0.01200	0.01193	0.06904	0.00680	0.13105	0.01047	0.01199	0.01628	0.15756	0.43526	0.06193	0.01286	0.00665	0.00201	0.00433	0.02415	0.00466	0.00538
9	0.02966	0.18995	0.42653	0.05463	0.05203	0.01381	0.01537	0.01780	0.01185	0.10359	0.01083	0.01214	0.00793	0.00528	0.00481	0.00159	0.00687	0.00404	0.02353	0.00778
10	0.00659	0.00542	0.00581	0.00595	0.00752	0.00463	0.00437	0.00803	0.01243	0.01530	0.12093	0.15852	0.59759	0.01402	0.00652	0.00188	0.00280	0.01192	0.00515	0.00463
11	0.00704	0.00505	0.00657	0.00761	0.00812	0.00476	0.00531	0.00815	0.01069	0.01411	0.04471	0.58055	0.07828	0.08973	0.00891	0.00250	0.00356	0.10500	0.00491	0.00442
12	0.01260	0.03080	0.10907	0.03895	0.09523	0.01359	0.38015	0.06022	0.01260	0.01750	0.01148	0.05712	0.00966	0.00680	0.02232	0.00200	0.10364	0.00610	0.00293	0.00725
13	0.27353	0.24247	0.01723	0.01137	0.05189	0.22153	0.00901	0.07172	0.01290	0.03245	0.00860	0.00980	0.00703	0.00523	0.00411	0.00146	0.00642	0.00337	0.00311	0.00677
14	0.01008	0.00526	0.00536	0.00539	0.00666	0.00529	0.00402	0.01291	0.03312	0.02006	0.01855	0.06132	0.01520	0.00694	0.00403	0.00134	0.00262	0.00566	0.77106	0.00515
15	0.01617	0.48706	0.06300	0.01115	0.01535	0.24368	0.01023	0.04991	0.01295	0.01414	0.00835	0.00971	0.00726	0.00595	0.02344	0.00147	0.00734	0.00331	0.00262	0.00690
16	0.00768	0.00519	0.00607	0.00632	0.00640	0.00515	0.00371	0.00790	0.00842	0.01125	0.01959	0.18251	0.02281	0.64206	0.03860	0.00477	0.00506	0.00934	0.00363	0.00355
17	0.00870	0.00675	0.01054	0.01134	0.08550	0.00645	0.08838	0.01065	0.01130	0.01623	0.05591	0.46092	0.02686	0.01225	0.00614	0.00192	0.00401	0.01127	0.15958	0.00532
18	0.01255	0.05764	0.04542	0.01014	0.02369	0.02400	0.00833	0.14058	0.19863	0.03497	0.24496	0.04121	0.04409	0.00880	0.00579	0.00174	0.00444	0.05672	0.00515	0.03117
19	0.07422	0.14671	0.49309	0.01412	0.03843	0.01414	0.03410	0.01817	0.08562	0.01767	0.01054	0.01188	0.00788	0.00529	0.00485	0.00165	0.00704	0.00406	0.00273	0.00778
20	0.00691	0.00501	0.00698	0.00789	0.00837	0.00468	0.02354	0.00782	0.01041	0.01384	0.02941	0.72938	0.05547	0.01676	0.00755	0.03862	0.00337	0.01469	0.00489	0.00442
21	0.01125	0.01979	0.45641	0.05471	0.03430	0.01070	0.05920	0.01615	0.01273	0.06923	0.18212	0.01894	0.01751	0.00660	0.00557	0.00173	0.00659	0.00564	0.00347	0.00735
22	0.03748	0.01621	0.12438	0.12191	0.07336	0.05994	0.35586	0.08069	0.01338	0.01824	0.01042	0.01348	0.00788	0.00523	0.00624	0.00178	0.03792	0.00534	0.00289	0.00737
23	0.01379	0.05532	0.06612	0.11513	0.48123	0.03219	0.03393	0.01782	0.05666	0.05893	0.01132	0.01387	0.00898	0.00520	0.00532	0.00164	0.00655	0.00482	0.00302	0.00816
24	0.00652	0.00555	0.00564	0.00568	0.00750	0.00466	0.00430	0.00794	0.01243	0.01478	0.05432	0.05278	0.74660	0.01385	0.00648	0.00186	0.00284	0.03658	0.00506	0.00462
25	0.29123	0.06181	0.39439	0.01218	0.01805	0.02953	0.02453	0.05798	0.01173	0.03955	0.00941	0.01076	0.00690	0.00523	0.00452	0.00167	0.00651	0.00372	0.00297	0.00733
26	0.00842	0.00617	0.00792	0.00848	0.04738	0.00656	0.00526	0.00905	0.00860	0.01175	0.01698	0.06639	0.01894	0.55583	0.11667	0.00509	0.05380	0.03933	0.00332	0.00406
27	0.01016	0.00508	0.00508	0.00508	0.00635	0.00508	0.00381	0.01270	0.01143	0.02033	0.01778	0.02033	0.01397	0.00635	0.00381	0.00127	0.00254	0.00508	0.83867	0.00508
28	0.00674	0.00537	0.00605	0.00630	0.00770	0.00469	0.00461	0.00824	0.01245	0.01569	0.15984	0.21899	0.47852	0.01416	0.00658	0.00192	0.00288	0.02942	0.00521	0.00466
29	0.01472	0.75497	0.04969	0.00971	0.01439	0.05452	0.00969	0.01659	0.01128	0.01298	0.00768	0.00887	0.00699	0.00472	0.00361	0.00119	0.00607	0.00297	0.00235	0.00700
30	0.03379	0.00785	0.00848	0.00810	0.04221	0.00827	0.00594	0.17875	0.01454	0.02331	0.01609	0.01814	0.01248	0.00693	0.01857	0.00151	0.00375	0.00499	0.58010	0.00619
31	0.01788	0.01882	0.01627	0.01678	0.15609	0.34923	0.01128	0.16422	0.15813	0.02002	0.01226	0.01312	0.00957	0.00599	0.00523	0.00157	0.00743	0.00453	0.00382	0.00775
32	0.00761	0.00567	0.00772	0.09194	0.01118	0.00581	0.00623	0.00915	0.02748	0.01368	0.02493	0.48999	0.02874	0.15680	0.02956	0.00289	0.00443	0.06722	0.00442	0.00455
33	0.01726	0.01497	0.10023	0.01200	0.01608	0.01438	0.01051	0.53794	0.03685	0.02880	0.01519	0.11384	0.01291	0.03543	0.00638	0.00185	0.00581	0.00628	0.00498	0.00830
34	0.00979	0.00817	0.02702	0.00812	0.01025	0.02958	0.00645	0.01471	0.17286	0.05204	0.26444	0.06468	0.24587	0.01106	0.00621	0.00183	0.00359	0.05195	0.00540	0.00598
35	0.00690	0.00552	0.00617	0.00604	0.00765	0.00479	0.00452	0.00869	0.01345	0.01724	0.30858	0.06567	0.49968	0.01294	0.00645	0.00180	0.00270	0.01101	0.00540	0.00479
36	0.00677	0.00490	0.00663	0.03022	0.00876	0.00466	0.00535	0.00783	0.01055	0.01408	0.04426	0.76688	0.03554	0.01663	0.00690	0.00219	0.00327	0.01508	0.00500	0.00449
37	0.02943	0.79739	0.02820	0.00929	0.01393	0.02141	0.00927	0.01632	0.01105	0.01303	0.00758	0.00875	0.00698	0.00467	0.00350	0.00118	0.00580	0.00292	0.00235	0.00698
38	0.01069	0.01027	0.01772	0.68546	0.03564	0.01234	0.08692	0.01494	0.04432	0.01467	0.01037	0.01481	0.00778	0.00545	0.00555	0.00182	0.00732	0.00506	0.00259	0.00630
39	0.02446	0.00928	0.01265	0.00970	0.01392	0.00801	0.00801	0.02657	0.01560	0.77817	0.02151	0.01856	0.01350	0.00675	0.00548	0.00169	0.00464	0.00548	0.00675	0.00928
40	0.02072	0.01527	0.01636	0.01254	0.01691	0.01691	0.01036	0.75622	0.02563	0.03436	0.01309	0.01309	0.00927	0.00654	0.00545	0.00164	0.00600	0.00491	0.00545	0.00927
41	0.01259	0.07174	0.44559	0.01512	0.07748	0.01328	0.01580	0.09074	0.10005	0.01935	0.01192	0.01392	0.00909	0.00569	0.00515	0.00165	0.00684	0.02287	0.00314	0.05799
42	0.01493	0.40150	0.11742	0.01654	0.20739	0.05301	0.01254	0.04296	0.01245	0.06116	0.00959	0.01107	0.00787	0.00501	0.00444	0.00141	0.00639	0.00379	0.00281	0.00772
43	0.00664	0.00474	0.00633	0.00759	0.00791	0.00443	0.00506	0.00759	0.01044	0.01392	0.03005	0.80485	0.03606	0.01708	0.00696	0.00221	0.00316	0.01550	0.00506	0.00443
44	0.01439	0.02292	0.54641	0.01476	0.04169	0.01193	0.02891	0.05782	0.01315	0.17790	0.01245	0.01318	0.00848	0.00556	0.00528	0.00171	0.00721	0.00444	0.00342	0.00838
45	0.01076	0.00881	0.01046	0.00951	0.03333	0.00883	0.04556	0.16648	0.09422	0.01970	0.03580	0.11318	0.37716	0.03280	0.00674	0.00192	0.00415	0.00942	0.00496	0.00621
46	0.00769	0.00575	0.00618	0.00595	0.00786	0.00488	0.00450	0.00927	0.01301	0.06131	0.14695	0.04890	0.63251	0.01304	0.00638	0.00182	0.00285	0.01093	0.00529	0.00495
47	0.01030	0.00969	0.01635	0.79530	0.03755	0.01211	0.01514	0.01393	0.01090	0.01393	0.00969	0.01453	0.00727	0.00545	0.00545	0.00182	0.00727	0.00484	0.00242	0.00606
48	0.01579	0.01196	0.02756	0.09318	0.04409	0.01276	0.00991	0.41526	0.01892	0.05118	0.01626	0.12732	0.01464	0.05158	0.02601	0.00215	0.00587	0.04321	0.00478	0.00758
49	0.01198	0.04434	0.61239	0.01512	0.02226	0.01271	0.05670	0.06137	0.01259	0.04010	0.01138	0.01465	0.00865	0.00580	0.00536	0.00175	0.00767	0.04444	0.00279	0.00794
50	0.01059	0.00999	0.01688	0.72523	0.10532	0.01219	0.01529	0.01419	0.01104	0.01429	0.00974	0.01444	0.00739	0.00540	0.00545	0.00180	0.00719	0.00485	0.00245	0.00629
51	0.01269	0.01239	0.02188	0.20733	0.52528	0.01285	0.09537	0.01617	0.01211	0.01688	0.01021	0.01386	0.00828	0.00497	0.00552	0.00169	0.00695	0.00502	0.00264	0.00791
52	0.03039	0.01310	0.10545	0.37513	0.15241	0.01246	0.07238	0.07986	0.01285	0.05716	0.01127	0.03353	0.00871	0.00570	0.00548	0.00176	0.00696	0.00514	0.00305	0.00722
53	0.02020	0.02563	0.01537	0.01397	0.01679	0.76765	0.01049	0.02195	0.03373	0.01357	0.00876	0.01009	0.00726	0.00566	0.00493	0.00142	0.00970	0.00358	0.00288	0.00638
54	0.00907	0.00668	0.00864	0.00928	0.01082	0.00663	0.00789	0.05178	0.02586	0.01747	0.07631	0.06622	0.14356	0.01407	0.00714	0.00230	0.00455	0.52137	0.00512	0.00525
55	0.03638	0.15180	0.47481	0.01476	0.06509	0.04740	0.01613	0.01752	0.05101	0.01685	0.01103	0.01423	0.00885	0.00575	0.00500	0.00166	0.00720	0.04417	0.00270	0.00764
56	0.01683	0.03289	0.07364	0.01533	0.12725	0.32901	0.01121	0.01964	0.04402	0.12344	0.01579	0.01927	0.05703	0.00707	0.00562	0.00165	0.02056	0.06888	0.00374	0.00709
57	0.00664	0.00474	0.00633	0.00759	0.00791	0.00443	0.00506	0.00759	0.01044	0.01392	0.03005	0.80485	0.03606	0.01708	0.00696	0.00221	0.00316	0.01550	0.00506	0.00443
58	0.01281	0.43182	0.39297	0.01234	0.01865	0.01725	0.01457	0.01678	0.01129	0.01498	0.00865	0.01009	0.00695	0.00491	0.00431	0.00144	0.00691	0.00345	0.00232	0.00751
59	0.02001	0.01542	0.04200	0.01232	0.01654	0.05661	0.01032	0.60968	0.02326	0.08199	0.01403	0.04772	0.01052	0.00692	0.00548	0.00166	0.00606	0.00530	0.00527	0.00886
60	0.00674	0.00481	0.00639	0.00763	0.00796	0.00451	0.00513	0.00772	0.01044	0.01391	0.02969	0.76202	0.03550	0.03704	0.00750	0.00230	0.00328	0.03801	0.00501	0.00442
61	0.00663	0.00479	0.00628	0.00748	0.00788	0.00444	0.00501	0.00760	0.01055	0.01396	0.03143	0.76360	0.07641	0.01690	0.00693	0.00219	0.00314	0.01528	0.00506	0.00444
62	0.01321	0.01267	0.02163	0.09975	0.71028	0.01288	0.01659	0.01649	0.01228	0.01747	0.01021	0.01358	0.00852	0.00491	0.00540	0.00164	0.00655	0.00486	0.00267	0.00841
63	0.05218	0.10497	0.37400	0.03559	0.09910	0.01385	0.12786	0.06895	0.01267	0.01831	0.01057	0.01369	0.00827	0.00544	0.00523	0.00169	0.00738	0.02973	0.00278	0.00773
64	0.00911	0.00801	0.03493	0.00807	0.01017	0.00758	0.00640	0.01502	0.22297	0.01990	0.33215	0.07923	0.20348	0.01083	0.00617	0.00181	0.00332	0.00932	0.00548	0.00605
65	0.02174	0.01365	0.01536	0.01177	0.01610	0.01450	0.00973	0.55860	0.02292	0.23581	0.01537	0.01457	0.01042	0.00660	0.00546	0.00165	0.00563	0.00506	0.00580	0.00927
66	0.03488	0.01006	0.01162	0.05074	0.01403	0.01063	0.00807	0.15406	0.22226	0.16888	0.08177	0.04624	0.10762	0.02804	0.00627	0.00187	0.00453	0.02539	0.00544	0.00759
67	0.01197	0.01159	0.02076	0.19648	0.21923	0.02295	0.22091	0.02825	0.01210	0.01630	0.01260	0.02018	0.01109	0.00717	0.00715	0.05206	0.02224	0.09722	0.00297	0.00679
68	0.00699	0.00554	0.00629	0.00610	0.00770	0.00484	0.00458	0.00889	0.01373	0.01782	0.36527	0.04738	0.46021	0.01265	0.00644	0.00179	0.00268	0.01079	0.00547	0.00484
69	0.00817	0.00562	0.00645	0.00634	0.00669	0.00563	0.00387	0.02974	0.00922	0.01233	0.06433	0.05382	0.06082	0.64086	0.06020	0.00488	0.00540	0.00822	0.00364	0.00375
70	0.01294	0.05548	0.02827	0.08902	0.05996	0.01381	0.54806	0.05717	0.01319	0.01771	0.01156	0.04551	0.00929	0.00529	0.00612	0.00180	0.00831	0.00632	0.00294	0.00727
71	0.10036	0.01019	0.01368	0.01048	0.01471	0.00945	0.05264	0.08244	0.01564	0.60371	0.01892	0.01699	0.01214	0.00645	0.00534	0.00169	0.00498	0.00526	0.00609	0.00885
72	0.84691	0.01054	0.00801	0.00717	0.01054	0.01223	0.00590	0.01603	0.00928	0.02446	0.00759	0.00886	0.00590	0.00506	0.00337	0.00169	0.00422	0.00295	0.00337	0.00590
73	0.80647	0.01048	0.00824	0.00729	0.01071	0.01202	0.00601	0.01654	0.00959	0.06152	0.00828	0.00933	0.00628	0.00514	0.00348	0.00169	0.00424	0.00308	0.00354	0.00607
74	0.00688	0.00559	0.00598	0.00611	0.00770	0.00487	0.00462	0.00829	0.01210	0.01469	0.06524	0.05169	0.60146	0.08697	0.00853	0.00223	0.00325	0.09436	0.00492	0.00454
75	0.01470	0.79539	0.02830	0.00943	0.01405	0.03744	0.00935	0.01644	0.01117	0.01284	0.00760	0.00877	0.00700	0.00468	0.00353	0.00117	0.00591	0.00293	0.00234	0.00698
76	0.01580	0.01317	0.01722	0.27535	0.15515	0.03284	0.01300	0.34360	0.03955	0.02389	0.01162	0.01377	0.00866	0.00589	0.00543	0.00169	0.00654	0.00488	0.00391	0.00801
77	0.01162	0.00952	0.01214	0.00899	0.01345	0.00748	0.04758	0.01416	0.01189	0.05134	0.05683	0.01619	0.01213	0.00519	0.00456	0.00105	0.00431	0.04228	0.00362	0.66566
78	0.00740	0.00543	0.00691	0.00765	0.00831	0.00527	0.00525	0.00964	0.06782	0.01566	0.14586	0.58398	0.03616	0.05779	0.00788	0.00227	0.00327	0.01350	0.00515	0.00480
79	0.00715	0.00555	0.00650	0.00626	0.00780	0.00490	0.00470	0.00919	0.01409	0.01868	0.45192	0.04596	0.37302	0.01233	0.00644	0.00177	0.00266	0.01059	0.00558	0.00490
80	0.01356	0.01171	0.01233	0.01109	0.01418	0.01356	0.00863	0.02897	0.76455	0.02281	0.02219	0.02034	0.01664	0.00740	0.00555	0.00185	0.00431	0.00616	0.00555	0.00863
81	0.01309	0.01311	0.03570	0.14845	0.49755	0.03395	0.07148	0.01763	0.08185	0.01751	0.01127	0.01424	0.00906	0.00519	0.00548	0.00168	0.00673	0.00504	0.00292	0.00806
82	0.01030	0.00969	0.01635	0.79530	0.03755	0.01211	0.01514	0.01393	0.01090	0.01393	0.00969	0.01453	0.00727	0.00545	0.00545	0.00182	0.00727	0.00484	0.00242	0.00606
83	0.01030	0.00969	0.01635	0.79530	0.03755	0.01211	0.01514	0.01393	0.01090	0.01393	0.00969	0.01453	0.00727	0.00545	0.00545	0.00182	0.00727	0.00484	0.00242	0.00606
84	0.06669	0.01427	0.01519	0.01177	0.01600	0.04158	0.00969	0.55529	0.02253	0.17070	0.01418	0.01376	0.00979	0.00647	0.00533	0.00164	0.00578	0.00486	0.00549	0.00899
85	0.01030	0.00969	0.01635	0.79530	0.03755	0.01211	0.01514	0.01393	0.01090	0.01393	0.00969	0.01453	0.00727	0.00545	0.00545	0.00182	0.00727	0.00484	0.00242	0.00606
86	0.00907	0.00651	0.00875	0.00970	0.01096	0.00654	0.00814	0.05510	0.01291	0.01692	0.02816	0.20594	0.03098	0.01495	0.00729	0.00240	0.00471	0.55074	0.00505	0.00516
87	0.01016	0.00508	0.00508	0.00508	0.00635	0.00508	0.00381	0.01270	0.01143	0.02033	0.01778	0.02033	0.01397	0.00635	0.00381	0.00127	0.00254	0.00508	0.83867	0.00508
88	0.00764	0.00557	0.00718	0.00678	0.00810	0.00511	0.00508	0.01014	0.01525	0.02144	0.72869	0.04143	0.09453	0.01130	0.00643	0.00172	0.00258	0.00996	0.00595	0.00511
89	0.53281	0.01006	0.00978	0.00814	0.01183	0.01062	0.00671	0.02005	0.01169	0.31231	0.01291	0.01256	0.00880	0.00570	0.00418	0.00169	0.00438	0.00392	0.00466	0.00719
90	0.00726	0.00555	0.00665	0.00638	0.00786	0.00495	0.00478	0.00940	0.01435	0.01929	0.51343	0.04495	0.31113	0.01210	0.00643	0.00176	0.00264	0.01045	0.00566	0.00495
91	0.01131	0.01062	0.01781	0.58725	0.22359	0.01242	0.01545	0.02913	0.01157	0.01531	0.00990	0.01424	0.00765	0.00532	0.00544	0.00176	0.00704	0.00485	0.00255	0.00677
92	0.02363	0.00977	0.01286	0.00995	0.01411	0.00885	0.00819	0.07033	0.05808	0.69146	0.02104	0.01833	0.01342	0.00677	0.00548	0.00169	0.00470	0.00549	0.00660	0.00924
93	0.01877	0.01423	0.01534	0.03099	0.01666	0.01587	0.01000	0.58207	0.16625	0.03121	0.01571	0.01541	0.02815	0.00685	0.00549	0.00169	0.00563	0.00530	0.00539	0.00896
94	0.01172	0.01171	0.01721	0.05808	0.01620	0.01588	0.05261	0.01327	0.00876	0.01338	0.00781	0.01261	0.00749	0.01031	0.04760	0.00258	0.67945	0.00491	0.00243	0.00600
95	0.01253	0.01197	0.02038	0.26373	0.55168	0.01270	0.01625	0.01588	0.01196	0.01664	0.01008	0.01381	0.00822	0.00504	0.00541	0.00168	0.00672	0.00485	0.00262	0.00786
96	0.06128	0.01314	0.01376	0.02950	0.01466	0.09499	0.00936	0.33285	0.01670	0.02269	0.01196	0.01527	0.00996	0.05562	0.16684	0.00336	0.11206	0.00498	0.00396	0.00706
97	0.00664	0.00474	0.00633	0.00759	0.00791	0.00443	0.00506	0.00759	0.01044	0.01392	0.03005	0.80485	0.03606	0.01708	0.00696	0.00221	0.00316	0.01550	0.00506	0.00443
98	0.00678	0.00489	0.00642	0.00739	0.00791	0.00453	0.00503	0.00797	0.01121	0.01504	0.13214	0.66514	0.07311	0.01612	0.00686	0.00213	0.00306	0.01454	0.00519	0.00453
99	0.01206	0.01024	0.01224	0.00977	0.05493	0.00823	0.00729	0.06383	0.01233	0.01888	0.00995	0.01154	0.00819	0.00425	0.00421	0.00091	0.00430	0.00343	0.00335	0.74008
100	0.46304	0.14743	0.07419	0.00969	0.01345	0.16008	0.00864	0.01717	0.01089	0.01954	0.00791	0.00932	0.00641	0.00524	0.00425	0.00157	0.02868	0.00319	0.00298	0.00634
101	0.69487	0.01066	0.00898	0.00775	0.01123	0.01204	0.00638	0.07039	0.01108	0.09444	0.00947	0.01028	0.00701	0.00535	0.00373	0.00167	0.00435	0.00337	0.02050	0.00644
102	0.00722	0.00555	0.00660	0.00634	0.00784	0.00493	0.00475	0.00932	0.01426	0.01907	0.49113	0.04532	0.33357	0.01219	0.00644	0.00176	0.00265	0.01050	0.00563	0.00493
103	0.00834	0.00625	0.00751	0.00721	0.00877	0.00598	0.00539	0.01196	0.10014	0.03459	0.44621	0.12122	0.19216	0.01180	0.00637	0.00181	0.00291	0.01028	0.00567	0.00544
104	0.00669	0.00478	0.00637	0.00756	0.00792	0.00446	0.00506	0.00771	0.01065	0.01426	0.06223	0.77168	0.03673	0.01682	0.00694	0.00219	0.00314	0.01525	0.00510	0.00446
105	0.06981	0.35562	0.03930	0.01117	0.01542	0.15222	0.00991	0.24973	0.01631	0.02052	0.00951	0.01037	0.00764	0.00546	0.00439	0.00140	0.00653	0.00367	0.00346	0.00755
106	0.01274	0.00925	0.01085	0.00961	0.02653	0.00968	0.00735	0.17799	0.16467	0.06640	0.40245	0.02893	0.03247	0.00904	0.00597	0.00172	0.00385	0.00771	0.00577	0.00703
107	0.02072	0.01527	0.01636	0.01254	0.01691	0.01691	0.01036	0.75622	0.02563	0.03436	0.01309	0.01309	0.00927	0.00654	0.00545	0.00164	0.00600	0.00491	0.00545	0.00927
108	0.13698	0.01639	0.01503	0.01204	0.01600	0.14467	0.00976	0.52946	0.02163	0.02946	0.01154	0.01195	0.00842	0.00618	0.00507	0.00160	0.00639	0.00440	0.00472	0.00830
109	0.01953	0.01468	0.01569	0.01230	0.01645	0.01635	0.01007	0.63487	0.14893	0.03243	0.01461	0.01430	0.01050	0.00669	0.00547	0.00167	0.00572	0.00512	0.00547	0.00916
110	0.78359	0.01048	0.00864	0.06682	0.01259	0.01222	0.00660	0.01587	0.00940	0.02366	0.00775	0.00929	0.00601	0.00509	0.00353	0.00170	0.00445	0.00310	0.00330	0.00592
111	0.02160	0.00957	0.01241	0.00980	0.01363	0.00887	0.00803	0.09201	0.06121	0.57922	0.08695	0.02117	0.01708	0.00736	0.00562	0.00171	0.00457	0.02395	0.00645	0.00877
112	0.01356	0.01171	0.01233	0.01109	0.01418	0.01356	0.00863	0.02897	0.76455	0.02281	0.02219	0.02034	0.01664	0.00740	0.00555	0.00185	0.00431	0.00616	0.00555	0.00863
113	0.00874	0.00627	0.00873	0.00856	0.00973	0.00712	0.00664	0.05455	0.01012	0.01478	0.01563	0.06175	0.01457	0.03418	0.62209	0.00725	0.01230	0.00622	0.08563	0.00513
114	0.00792	0.00531	0.00607	0.00607	0.00611	0.00535	0.00345	0.00800	0.00796	0.01066	0.01707	0.03507	0.01956	0.77577	0.06002	0.00543	0.00568	0.00784	0.00329	0.00337
115	0.00849	0.00615	0.00838	0.00938	0.01068	0.00603	0.00807	0.01091	0.01280	0.01668	0.09775	0.05887	0.09540	0.01460	0.00734	0.00238	0.00461	0.61136	0.00511	0.00500
116	0.01093	0.02820	0.78016	0.01554	0.02360	0.01266	0.02014	0.01727	0.01151	0.01727	0.00978	0.01151	0.00691	0.00518	0.00518	0.00173	0.00806	0.00403	0.00230	0.00806
117	0.01130	0.00969	0.01130	0.00807	0.01292	0.00727	0.00646	0.01373	0.01130	0.01776	0.00969	0.01130	0.00807	0.00404	0.00404	0.00081	0.00404	0.00323	0.00323	0.84173
118	0.03302	0.01520	0.17278	0.20069	0.40184	0.01267	0.01644	0.03426	0.01221	0.03493	0.01030	0.01332	0.00804	0.00515	0.00532	0.00169	0.00686	0.00466	0.00273	0.00790
119	0.01330	0.20659	0.39905	0.01326	0.03752	0.04780	0.01464	0.05766	0.01250	0.04335	0.00980	0.01115	0.00746	0.00507	0.00468	0.00147	0.00690	0.00378	0.00277	0.10127
120	0.02373	0.00912	0.01242	0.00958	0.01367	0.00789	0.00789	0.02586	0.01560	0.74535	0.05406	0.01952	0.01514	0.00694	0.00552	0.00169	0.00455	0.00567	0.00672	0.00910
121	0.00738	0.00550	0.00688	0.00680	0.00809	0.00500	0.00509	0.00952	0.01413	0.01926	0.50893	0.12966	0.19704	0.01253	0.00654	0.00183	0.00278	0.04242	0.00566	0.00495
122	0.01179	0.16871	0.46061	0.09767	0.08100	0.01449	0.01691	0.01647	0.01126	0.01591	0.00926	0.01149	0.00711	0.00533	0.00561	0.00166	0.05077	0.00401	0.00236	0.00758
123	0.00674	0.00478	0.00630	0.00747	0.00776	0.00449	0.00493	0.00762	0.01025	0.01367	0.02909	0.74751	0.03485	0.07607	0.00851	0.00244	0.00332	0.01493	0.00493	0.00434
124	0.02037	0.02598	0.01545	0.01404	0.01685	0.78652	0.01053	0.02177	0.01545	0.01334	0.00843	0.00983	0.00702	0.00562	0.00492	0.00140	0.00983	0.00351	0.00281	0.00632
125	0.02037	0.02598	0.01545	0.01404	0.01685	0.78652	0.01053	0.02177	0.01545	0.01334	0.00843	0.00983	0.00702	0.00562	0.00492	0.00140	0.00983	0.00351	0.00281	0.00632
126	0.00940	0.00888	0.09738	0.05070	0.01366	0.00714	0.00986	0.01216	0.01212	0.04222	0.02530	0.13162	0.02695	0.03168	0.00749	0.00239	0.00528	0.49572	0.00460	0.00546
127	0.01093	0.02820	0.78016	0.01554	0.02360	0.01266	0.02014	0.01727	0.01151	0.01727	0.00978	0.01151	0.00691	0.00518	0.00518	0.00173	0.00806	0.00403	0.00230	0.00806
128	0.00764	0.00561	0.00719	0.00691	0.00825	0.00515	0.00525	0.01008	0.01494	0.02077	0.65042	0.04322	0.12741	0.01166	0.00650	0.00178	0.00274	0.05355	0.00584	0.00508
129	0.01167	0.01172	0.04586	0.39073	0.20725	0.01224	0.12624	0.03636	0.01198	0.01608	0.01103	0.01645	0.00899	0.00603	0.00611	0.02461	0.00719	0.03986	0.00274	0.00687
130	0.00713	0.00536	0.00719	0.00810	0.00839	0.00549	0.00558	0.00809	0.01015	0.01371	0.02748	0.70024	0.03276	0.04424	0.02290	0.00245	0.06727	0.01420	0.00475	0.00452
131	0.02046	0.01295	0.01461	0.01140	0.01538	0.01373	0.00930	0.51750	0.02187	0.21137	0.01622	0.06189	0.01214	0.02751	0.00611	0.00177	0.00549	0.00575	0.00569	0.00884
132	0.16545	0.02017	0.05592	0.01230	0.01580	0.41421	0.01000	0.14922	0.01579	0.05915	0.01000	0.01104	0.00770	0.00653	0.02274	0.00170	0.00791	0.00384	0.00355	0.00698
133	0.01877	0.12350	0.05839	0.01124	0.01546	0.01467	0.00987	0.40107	0.01968	0.16378	0.05902	0.01522	0.01220	0.00658	0.00545	0.00160	0.02235	0.00499	0.02769	0.00846
134	0.01093	0.02820	0.78016	0.01554	0.02360	0.01266	0.02014	0.01727	0.01151	0.01727	0.00978	0.01151	0.00691	0.00518	0.00518	0.00173	0.00806	0.00403	0.00230	0.00806
135	0.01246	0.01178	0.02024	0.27759	0.47821	0.01248	0.04787	0.01583	0.01199	0.02773	0.01116	0.01473	0.02331	0.00524	0.00548	0.00170	0.00675	0.00506	0.00272	0.00768
