[name]
unknown

[dist]
# distance from previous block
# <min> <max>
7	69

[block]
# block no. 0 follows, 44 sequences, length 14
# corresponding to MSA columns:
# 116-129
name=unknown_A
#
# <colnr> <probs for GDERKNQSTAVLIFYWHMCP>
#	G	D	E	R	K	N	Q	S	T	A	V	L	I	F	Y	W	H	M	C	P
0	0.01462	0.01176	0.01777	0.09855	0.05961	0.01223	0.17131	0.21074	0.01538	0.06910	0.01272	0.01531	0.00976	0.02161	0.05187	0.00211	0.04069	0.00524	0.08226	0.07737
1	0.09891	0.01096	0.01384	0.08687	0.12405	0.01147	0.02935	0.23473	0.01537	0.02210	0.01636	0.13172	0.05550	0.03081	0.00603	0.00178	0.00527	0.00657	0.00412	0.09419
2	0.06936	0.00994	0.01139	0.02474	0.01318	0.00915	0.00720	0.15299	0.01438	0.08197	0.06229	0.05698	0.04814	0.00745	0.02729	0.00152	0.00464	0.00524	0.00427	0.38788
3	0.00965	0.00705	0.00964	0.00980	0.05046	0.00675	0.04546	0.06735	0.01213	0.05515	0.05266	0.38501	0.10210	0.13011	0.00958	0.00246	0.00422	0.01112	0.00466	0.02464
4	0.01335	0.01033	0.01580	0.21133	0.26652	0.01071	0.01213	0.07201	0.01338	0.10382	0.08789	0.01839	0.04011	0.00695	0.00630	0.04447	0.00570	0.00556	0.00372	0.05153
5	0.01044	0.00855	0.01009	0.04808	0.01255	0.00754	0.00648	0.01403	0.09972	0.01706	0.01590	0.11356	0.03210	0.08451	0.00699	0.00164	0.00414	0.00591	0.04808	0.45263
6	0.01065	0.00867	0.01185	0.31290	0.02064	0.02262	0.00958	0.09678	0.01226	0.01660	0.03422	0.13180	0.01520	0.10361	0.06749	0.00269	0.00630	0.00685	0.05952	0.04977
7	0.01146	0.00550	0.00592	0.00567	0.00720	0.00535	0.00430	0.01388	0.01181	0.09764	0.01875	0.05752	0.01498	0.00690	0.00413	0.00136	0.00279	0.00562	0.71375	0.00548
8	0.02067	0.01563	0.01629	0.01310	0.03827	0.06664	0.01045	0.65361	0.02413	0.06682	0.01309	0.01314	0.00930	0.00645	0.00542	0.00162	0.00620	0.00484	0.00526	0.00906
9	0.10381	0.01234	0.01700	0.25606	0.26421	0.06441	0.02808	0.05605	0.02989	0.05821	0.01068	0.01337	0.00825	0.00531	0.00512	0.00164	0.00645	0.00457	0.00315	0.05139
10	0.11944	0.04032	0.12061	0.25812	0.14816	0.12169	0.01356	0.04480	0.05197	0.01748	0.01007	0.01264	0.00780	0.00541	0.00501	0.00167	0.00697	0.00432	0.00290	0.00706
11	0.07984	0.26382	0.07553	0.12101	0.04873	0.11985	0.01112	0.12539	0.03752	0.01817	0.00962	0.01122	0.00770	0.00531	0.00453	0.00146	0.00653	0.00383	0.00310	0.04572
12	0.10023	0.01306	0.03621	0.05920	0.01664	0.05265	0.04556	0.24658	0.01579	0.02301	0.01066	0.01216	0.00824	0.00608	0.02433	0.00153	0.00581	0.00409	0.00381	0.31436
13	0.01373	0.08709	0.07705	0.11420	0.04801	0.06584	0.16988	0.11414	0.01380	0.01862	0.01018	0.01244	0.00793	0.00495	0.00506	0.00144	0.00676	0.00445	0.00312	0.22129

[dist]
# distance from previous block
# <min> <max>
3	36

[block]
# block no. 1 follows, 44 sequences, length 20
# corresponding to MSA columns:
# 169-188
name=unknown_B
#
# <colnr> <probs for GDERKNQSTAVLIFYWHMCP>
#	G	D	E	R	K	N	Q	S	T	A	V	L	I	F	Y	W	H	M	C	P
0	0.48836	0.14635	0.01558	0.02911	0.07896	0.01431	0.07513	0.06430	0.01127	0.02171	0.00853	0.01016	0.00678	0.00504	0.00402	0.00161	0.00531	0.00359	0.00320	0.00667
1	0.14805	0.47392	0.06236	0.09465	0.07660	0.03709	0.01057	0.01624	0.01101	0.01546	0.00815	0.00992	0.00697	0.00488	0.00396	0.00139	0.00599	0.00335	0.00255	0.00689
2	0.10912	0.01260	0.07167	0.13814	0.38423	0.02732	0.01368	0.01607	0.05263	0.01774	0.01254	0.09716	0.01130	0.00644	0.00532	0.00174	0.00604	0.00575	0.00312	0.00740
3	0.05797	0.01131	0.01547	0.01223	0.01541	0.01178	0.15368	0.27077	0.05090	0.03594	0.01538	0.09710	0.01406	0.15839	0.03079	0.00260	0.00619	0.00678	0.00428	0.02898
4	0.01908	0.01447	0.01634	0.01395	0.08451	0.01553	0.01052	0.61110	0.02293	0.03111	0.01247	0.01294	0.00909	0.00613	0.00530	0.00155	0.00583	0.00473	0.00497	0.09746
5	0.01284	0.01019	0.01184	0.09196	0.01552	0.01148	0.00869	0.02372	0.49503	0.07065	0.14648	0.02396	0.02162	0.00795	0.00573	0.00183	0.00437	0.02305	0.00536	0.00774
6	0.01458	0.81168	0.02857	0.00933	0.01399	0.02157	0.00933	0.01632	0.01108	0.01283	0.00758	0.00875	0.00700	0.00466	0.00350	0.00117	0.00583	0.00292	0.00233	0.00700
7	0.00947	0.00473	0.00710	0.00710	0.00710	0.00473	0.00473	0.00710	0.00710	0.00947	0.00947	0.01657	0.00947	0.01894	0.02131	0.84138	0.00473	0.00473	0.00237	0.00237
8	0.01519	0.72839	0.02718	0.00983	0.01430	0.10266	0.00946	0.01690	0.01154	0.01288	0.00767	0.00886	0.00700	0.00477	0.00365	0.00119	0.00625	0.00298	0.00238	0.00692
9	0.01394	0.01380	0.02169	0.03220	0.72519	0.06320	0.01633	0.01706	0.01261	0.01752	0.01014	0.01326	0.00853	0.00491	0.00537	0.00161	0.00669	0.00477	0.00271	0.00849
10	0.02446	0.00928	0.01265	0.00970	0.01392	0.00801	0.00801	0.02657	0.01560	0.77817	0.02151	0.01856	0.01350	0.00675	0.00548	0.00169	0.00464	0.00548	0.00675	0.00928
11	0.00947	0.00473	0.00710	0.00710	0.00710	0.00473	0.00473	0.00710	0.00710	0.00947	0.00947	0.01657	0.00947	0.01894	0.02131	0.84138	0.00473	0.00473	0.00237	0.00237
12	0.01907	0.01498	0.05636	0.01417	0.08235	0.01541	0.01109	0.52876	0.10150	0.07912	0.01418	0.01417	0.01015	0.00643	0.00545	0.00167	0.00588	0.00503	0.00514	0.00908
13	0.01664	0.01507	0.01553	0.03346	0.14320	0.15322	0.01073	0.28253	0.14294	0.02407	0.09360	0.01674	0.01441	0.00670	0.00547	0.00164	0.00616	0.00538	0.00452	0.00801
14	0.00782	0.00535	0.00631	0.00635	0.00655	0.00544	0.00385	0.00815	0.00828	0.01110	0.01862	0.05764	0.04694	0.65492	0.12584	0.00552	0.00635	0.00801	0.00337	0.00359
15	0.01296	0.01190	0.01911	0.28528	0.41966	0.01273	0.01509	0.08204	0.01304	0.01800	0.01029	0.01369	0.00821	0.00516	0.00535	0.00164	0.00657	0.00477	0.00288	0.05164
16	0.01442	0.01376	0.02112	0.04932	0.64889	0.05348	0.01580	0.08333	0.01372	0.01897	0.01040	0.01329	0.00858	0.00506	0.00538	0.00161	0.00663	0.00479	0.00294	0.00851
17	0.01226	0.01263	0.02398	0.17722	0.18091	0.01235	0.34923	0.01608	0.01216	0.01687	0.01041	0.01394	0.00812	0.00474	0.00568	0.00164	0.00752	0.00534	0.00275	0.12617
18	0.43384	0.01490	0.08114	0.01227	0.08772	0.09531	0.00960	0.15482	0.02779	0.02380	0.00943	0.01065	0.00721	0.00543	0.00432	0.00165	0.00571	0.00372	0.00358	0.00708
19	0.05975	0.01279	0.02202	0.08212	0.60311	0.01294	0.09424	0.01658	0.01218	0.01788	0.01015	0.01343	0.00835	0.00488	0.00540	0.00166	0.00669	0.00492	0.00272	0.00817

[dist]
# distance from previous block
# <min> <max>
6	14

[block]
# block no. 2 follows, 44 sequences, length 11
# corresponding to MSA columns:
# 208-218
name=unknown_C
#
# <colnr> <probs for GDERKNQSTAVLIFYWHMCP>
#	G	D	E	R	K	N	Q	S	T	A	V	L	I	F	Y	W	H	M	C	P
0	0.01078	0.00866	0.01047	0.00871	0.01218	0.00732	0.00711	0.05686	0.01276	0.01858	0.07637	0.05665	0.01844	0.00797	0.00529	0.00140	0.00425	0.18538	0.00410	0.48673
1	0.01607	0.26668	0.22410	0.01300	0.01778	0.34567	0.01274	0.01890	0.01306	0.01423	0.00853	0.00995	0.00698	0.00521	0.00455	0.00142	0.00813	0.00347	0.00253	0.00699
2	0.01335	0.01335	0.02439	0.03110	0.60659	0.01314	0.18273	0.01690	0.01252	0.01773	0.01043	0.01377	0.00855	0.00480	0.00563	0.00167	0.00709	0.00521	0.00271	0.00835
3	0.00779	0.00584	0.00876	0.00876	0.00974	0.00681	0.00681	0.00974	0.00876	0.01266	0.01460	0.02142	0.01363	0.04089	0.78680	0.00876	0.01460	0.00584	0.00292	0.00487
4	0.00772	0.00557	0.00729	0.00686	0.00814	0.00514	0.00514	0.01029	0.01543	0.02186	0.77152	0.04072	0.05144	0.01115	0.00643	0.00171	0.00257	0.00986	0.00600	0.00514
5	0.01722	0.01487	0.01430	0.01203	0.01558	0.11037	0.00955	0.31400	0.38149	0.02618	0.01691	0.01619	0.01256	0.00684	0.00543	0.00171	0.00566	0.00534	0.00517	0.00860
6	0.00969	0.00606	0.00958	0.21803	0.01525	0.00671	0.00752	0.00893	0.00812	0.01066	0.00953	0.01603	0.00888	0.01533	0.01706	0.61671	0.00541	0.00476	0.00238	0.00335
7	0.01781	0.06137	0.01630	0.18957	0.02137	0.57427	0.01151	0.01974	0.01421	0.01345	0.00867	0.01084	0.00708	0.00553	0.00497	0.00149	0.00906	0.00378	0.00270	0.00629
8	0.01130	0.00969	0.01130	0.00807	0.01292	0.00727	0.00646	0.01373	0.01130	0.01776	0.00969	0.01130	0.00807	0.00404	0.00404	0.00081	0.00404	0.00323	0.00323	0.84173
9	0.01193	0.01262	0.09360	0.38651	0.09057	0.01230	0.03265	0.06274	0.12493	0.01767	0.01186	0.01460	0.00898	0.00557	0.00532	0.00168	0.00648	0.00484	0.00318	0.09196
10	0.01095	0.01053	0.01693	0.48043	0.02898	0.01272	0.06310	0.01396	0.01050	0.01441	0.00921	0.01360	0.00740	0.00616	0.00816	0.00183	0.18503	0.00476	0.00253	0.09881

[dist]
# distance from previous block
# <min> <max>
0	2

[block]
# block no. 3 follows, 44 sequences, length 50
# corresponding to MSA columns:
# 221-270
name=unknown_D
#
# <colnr> <probs for GDERKNQSTAVLIFYWHMCP>
#	G	D	E	R	K	N	Q	S	T	A	V	L	I	F	Y	W	H	M	C	P
0	0.05275	0.01500	0.01594	0.01230	0.01660	0.01665	0.01015	0.71059	0.04205	0.03371	0.01308	0.01309	0.00931	0.00651	0.00537	0.00164	0.00589	0.00486	0.00537	0.00913
1	0.01511	0.13992	0.37587	0.01407	0.01960	0.31378	0.01487	0.01888	0.01297	0.01511	0.00894	0.01046	0.00696	0.00528	0.00484	0.00152	0.00842	0.00367	0.00250	0.00723
2	0.00782	0.00570	0.00804	0.00804	0.00876	0.00642	0.00591	0.00927	0.00855	0.01212	0.01526	0.02508	0.01522	0.23795	0.59191	0.00787	0.01221	0.00638	0.00302	0.00447
3	0.01142	0.03741	0.01190	0.00812	0.01296	0.00776	0.00656	0.01382	0.01130	0.01759	0.00962	0.01122	0.00804	0.00406	0.00402	0.00082	0.00410	0.00322	0.00320	0.81288
4	0.00811	0.00549	0.00712	0.00774	0.00861	0.00503	0.00532	0.02144	0.01090	0.05158	0.02748	0.67020	0.03200	0.04636	0.00748	0.00220	0.00342	0.01372	0.00496	0.06082
5	0.02003	0.01458	0.01574	0.01222	0.01636	0.01605	0.01003	0.70074	0.02460	0.04807	0.01418	0.05648	0.01082	0.00712	0.00554	0.00167	0.00582	0.00550	0.00546	0.00901
6	0.01093	0.02820	0.78016	0.01554	0.02360	0.01266	0.02014	0.01727	0.01151	0.01727	0.00978	0.01151	0.00691	0.00518	0.00518	0.00173	0.00806	0.00403	0.00230	0.00806
7	0.01093	0.02820	0.78016	0.01554	0.02360	0.01266	0.02014	0.01727	0.01151	0.01727	0.00978	0.01151	0.00691	0.00518	0.00518	0.00173	0.00806	0.00403	0.00230	0.00806
8	0.00843	0.00618	0.00760	0.00712	0.00863	0.00591	0.00533	0.01193	0.08327	0.03451	0.58229	0.03953	0.12453	0.04208	0.00716	0.00188	0.00290	0.00955	0.00577	0.00541
9	0.01458	0.81168	0.02857	0.00933	0.01399	0.02157	0.00933	0.01632	0.01108	0.01283	0.00758	0.00875	0.00700	0.00466	0.00350	0.00117	0.00583	0.00292	0.00233	0.00700
10	0.01130	0.00969	0.01130	0.00807	0.01292	0.00727	0.00646	0.01373	0.01130	0.01776	0.00969	0.01130	0.00807	0.00404	0.00404	0.00081	0.00404	0.00323	0.00323	0.84173
11	0.00688	0.00566	0.00614	0.00637	0.00810	0.00492	0.00501	0.00848	0.01245	0.01503	0.05027	0.05416	0.63298	0.01404	0.00665	0.00197	0.00319	0.14796	0.00505	0.00468
12	0.01273	0.01218	0.02076	0.21461	0.59919	0.01275	0.01635	0.01607	0.01205	0.01689	0.01012	0.01374	0.00831	0.00500	0.00541	0.00167	0.00666	0.00485	0.00263	0.00802
13	0.01105	0.01046	0.01772	0.61507	0.21187	0.01231	0.01552	0.01459	0.01126	0.01485	0.00982	0.01429	0.00759	0.00531	0.00544	0.00177	0.00708	0.00485	0.00249	0.00667
14	0.01660	0.01181	0.01300	0.01106	0.01454	0.01307	0.00878	0.13850	0.51827	0.16026	0.02069	0.01892	0.01496	0.00715	0.00552	0.00179	0.00463	0.00585	0.00575	0.00884
15	0.01093	0.02820	0.78016	0.01554	0.02360	0.01266	0.02014	0.01727	0.01151	0.01727	0.00978	0.01151	0.00691	0.00518	0.00518	0.00173	0.00806	0.00403	0.00230	0.00806
16	0.01096	0.01036	0.01754	0.63800	0.18969	0.01229	0.01547	0.01451	0.01121	0.01473	0.00981	0.01432	0.00755	0.00533	0.00544	0.00178	0.00710	0.00485	0.00248	0.00659
17	0.02027	0.01473	0.01669	0.01430	0.08596	0.01606	0.01082	0.64876	0.02388	0.07351	0.01329	0.01342	0.00944	0.00640	0.00545	0.00164	0.00597	0.00494	0.00527	0.00921
18	0.02088	0.02243	0.01479	0.01312	0.01616	0.62438	0.00998	0.02243	0.01534	0.15704	0.01101	0.01171	0.00837	0.00655	0.02092	0.00161	0.00895	0.00393	0.00355	0.00685
19	0.00664	0.00474	0.00633	0.00759	0.00791	0.00443	0.00506	0.00759	0.01044	0.01392	0.03005	0.80485	0.03606	0.01708	0.00696	0.00221	0.00316	0.01550	0.00506	0.00443
20	0.09118	0.08203	0.02935	0.08325	0.06535	0.00997	0.02344	0.02690	0.04146	0.01728	0.02061	0.03975	0.02107	0.01074	0.00625	0.00212	0.00545	0.41372	0.00415	0.00594
21	0.00965	0.00569	0.00738	0.00763	0.00864	0.00521	0.00524	0.01066	0.01078	0.12510	0.02575	0.52388	0.02882	0.15417	0.01028	0.00262	0.00379	0.01223	0.00493	0.03756
22	0.00947	0.00473	0.00710	0.00710	0.00710	0.00473	0.00473	0.00710	0.00710	0.00947	0.00947	0.01657	0.00947	0.01894	0.02131	0.84138	0.00473	0.00473	0.00237	0.00237
23	0.01385	0.01232	0.01246	0.01122	0.01429	0.04643	0.00871	0.02866	0.73269	0.02240	0.02160	0.01989	0.01623	0.00732	0.00552	0.00183	0.00455	0.00605	0.00543	0.00853
24	0.01947	0.08770	0.01709	0.01211	0.01638	0.01701	0.01010	0.61841	0.09563	0.03128	0.01346	0.01339	0.00977	0.00645	0.00528	0.00161	0.00582	0.00485	0.00518	0.00900
25	0.01143	0.00980	0.01136	0.00824	0.01299	0.00761	0.00658	0.01456	0.05248	0.01804	0.01037	0.01180	0.00854	0.00422	0.00412	0.00086	0.00405	0.00339	0.00336	0.79619
26	0.06921	0.01327	0.02022	0.15940	0.18312	0.06616	0.20564	0.03065	0.14901	0.01831	0.01255	0.01541	0.00982	0.00561	0.00557	0.00176	0.00698	0.01657	0.00331	0.00745
27	0.00793	0.00529	0.00595	0.00595	0.00595	0.00529	0.00330	0.00793	0.00793	0.01057	0.01718	0.03568	0.01982	0.80840	0.02775	0.00529	0.00529	0.00793	0.00330	0.00330
28	0.01356	0.01171	0.01233	0.01109	0.01418	0.01356	0.00863	0.02897	0.76455	0.02281	0.02219	0.02034	0.01664	0.00740	0.00555	0.00185	0.00431	0.00616	0.00555	0.00863
29	0.00675	0.00485	0.00656	0.00770	0.00808	0.00466	0.00523	0.00780	0.01028	0.01380	0.02856	0.72922	0.03389	0.01938	0.08223	0.00285	0.00427	0.01457	0.00485	0.00447
30	0.15076	0.00724	0.00847	0.00748	0.00976	0.00702	0.00585	0.01468	0.02758	0.17197	0.44701	0.03124	0.07124	0.00933	0.00572	0.00171	0.00330	0.00786	0.00566	0.00613
31	0.69216	0.00969	0.00803	0.00749	0.01045	0.01104	0.00618	0.01503	0.01000	0.02321	0.05091	0.03070	0.01175	0.00673	0.00407	0.00179	0.00420	0.08709	0.00373	0.00574
32	0.02282	0.00912	0.01227	0.00952	0.01348	0.00801	0.00782	0.04675	0.01589	0.68697	0.08979	0.02042	0.01684	0.00714	0.00557	0.00169	0.00449	0.00587	0.00664	0.00890
33	0.16458	0.00656	0.00625	0.00609	0.00816	0.00623	0.00465	0.00990	0.02650	0.01707	0.08387	0.07065	0.54712	0.01201	0.00587	0.00182	0.00307	0.00985	0.00481	0.00495
34	0.00722	0.00554	0.00661	0.00638	0.00785	0.00493	0.00477	0.00931	0.01421	0.01904	0.48901	0.06072	0.32014	0.01226	0.00645	0.00177	0.00265	0.01059	0.00563	0.00493
35	0.00677	0.00549	0.00601	0.00597	0.00759	0.00473	0.00444	0.00843	0.01307	0.01647	0.23350	0.09065	0.55117	0.01332	0.00647	0.00183	0.00274	0.01131	0.00530	0.00473
36	0.00765	0.00554	0.00721	0.00685	0.00812	0.00511	0.00512	0.01013	0.01518	0.02141	0.72772	0.06906	0.06754	0.01142	0.00645	0.00174	0.00260	0.01010	0.00595	0.00511
37	0.17200	0.01176	0.01212	0.01030	0.01357	0.01311	0.00820	0.29401	0.22194	0.04076	0.01779	0.11375	0.03171	0.00798	0.00530	0.00178	0.00475	0.00636	0.00506	0.00775
38	0.00859	0.00588	0.00705	0.00724	0.00788	0.00588	0.00480	0.01058	0.07603	0.03820	0.07658	0.26110	0.02687	0.38977	0.01661	0.00359	0.00435	0.04013	0.00439	0.00450
39	0.00688	0.00485	0.00625	0.00728	0.00754	0.00459	0.00473	0.00765	0.00997	0.01329	0.02763	0.66032	0.03301	0.16577	0.01086	0.00279	0.00356	0.01408	0.00473	0.00422
40	0.00672	0.00490	0.00634	0.00732	0.00788	0.00451	0.00498	0.00786	0.01109	0.01472	0.10023	0.66240	0.10852	0.01622	0.00686	0.00213	0.00307	0.01460	0.00515	0.00451
41	0.00711	0.00538	0.00685	0.00708	0.00818	0.00512	0.00518	0.00881	0.01203	0.01612	0.24248	0.25285	0.22150	0.01906	0.15321	0.00321	0.00504	0.01109	0.00492	0.00476
42	0.00798	0.00592	0.00877	0.00900	0.01003	0.00671	0.00718	0.01003	0.00947	0.01334	0.01728	0.02895	0.01696	0.03603	0.64037	0.00759	0.01280	0.14336	0.00332	0.00490
43	0.01300	0.01088	0.01158	0.01030	0.01322	0.01224	0.00804	0.09277	0.55487	0.02301	0.09300	0.02463	0.09207	0.00828	0.00571	0.00182	0.00416	0.00690	0.00553	0.00798
44	0.00682	0.00545	0.00615	0.00648	0.00792	0.00478	0.00486	0.00834	0.01233	0.01538	0.11329	0.19697	0.49324	0.01431	0.00665	0.00197	0.00304	0.08222	0.00514	0.00466
45	0.00740	0.00588	0.00832	0.08385	0.01159	0.00570	0.03357	0.00907	0.01159	0.01523	0.12033	0.45218	0.15812	0.01416	0.00667	0.00205	0.00371	0.04093	0.00483	0.00483
46	0.03440	0.00857	0.01092	0.00898	0.01206	0.00810	0.00714	0.04804	0.08744	0.42060	0.19340	0.02454	0.02261	0.05599	0.03018	0.00213	0.00451	0.00664	0.00603	0.00771
47	0.08683	0.00887	0.00990	0.00757	0.01144	0.00724	0.00589	0.01277	0.01093	0.01745	0.02671	0.03280	0.06598	0.08287	0.00654	0.00144	0.00404	0.00462	0.00347	0.59266
48	0.00958	0.00919	0.08305	0.00861	0.01139	0.00718	0.00737	0.01346	0.09598	0.04341	0.18332	0.15464	0.13031	0.01084	0.02107	0.00184	0.00410	0.04564	0.00474	0.15428
49	0.01413	0.09121	0.02096	0.02585	0.51412	0.10176	0.02850	0.01695	0.01252	0.01681	0.00974	0.01239	0.00822	0.00483	0.00503	0.00146	0.00658	0.00436	0.00274	0.10186

[dist]
# distance from previous block
# <min> <max>
0	123

# created by:
# /st0/software/busco_prod/Augustus/scripts/msa2prfl.pl ./align_prep/225752.fa
