[name]
unknown

[dist]
# distance from previous block
# <min> <max>
26	158

[block]
# block no. 0 follows, 45 sequences, length 12
# corresponding to MSA columns:
# 190-201
name=unknown_A
#
# <colnr> <probs for GDERKNQSTAVLIFYWHMCP>
#	G	D	E	R	K	N	Q	S	T	A	V	L	I	F	Y	W	H	M	C	P
0	0.01551	0.01143	0.01265	0.01108	0.03645	0.04954	0.00861	0.33423	0.03540	0.08515	0.10944	0.10789	0.01959	0.00878	0.00576	0.00172	0.00504	0.08208	0.00512	0.05452
1	0.01903	0.01210	0.01298	0.01059	0.01410	0.07958	0.00849	0.23108	0.12592	0.29768	0.08705	0.04581	0.01619	0.00733	0.00549	0.00167	0.00511	0.00590	0.00565	0.00825
2	0.08683	0.01200	0.09907	0.01078	0.01504	0.00963	0.08946	0.07135	0.05069	0.09644	0.03930	0.01419	0.01040	0.00663	0.00645	0.08781	0.00522	0.00447	0.00368	0.28056
3	0.01190	0.03898	0.30946	0.10480	0.07920	0.02389	0.05217	0.08076	0.01283	0.03889	0.04604	0.09519	0.01239	0.00661	0.00535	0.00167	0.00647	0.00568	0.00324	0.06447
4	0.01299	0.01116	0.01695	0.34128	0.26821	0.01243	0.01358	0.14914	0.01387	0.01912	0.01102	0.01423	0.00852	0.00545	0.00521	0.00165	0.00627	0.00481	0.07683	0.00726
5	0.08528	0.01083	0.01757	0.26934	0.36391	0.01169	0.04640	0.01468	0.01105	0.01616	0.01042	0.01550	0.00895	0.08773	0.00746	0.00204	0.00642	0.00499	0.00269	0.00687
6	0.22084	0.01136	0.01188	0.00992	0.01353	0.01188	0.00789	0.15024	0.19149	0.16019	0.01748	0.03861	0.03886	0.00713	0.00517	0.00177	0.00473	0.00536	0.00513	0.08653
7	0.01171	0.01061	0.01695	0.60045	0.14473	0.01256	0.01463	0.09425	0.01251	0.01644	0.00998	0.01401	0.00757	0.00540	0.00536	0.00174	0.00691	0.00478	0.00275	0.00668
8	0.01174	0.01077	0.01674	0.45603	0.20621	0.01231	0.01394	0.04595	0.10958	0.01668	0.01140	0.01463	0.00877	0.00547	0.00531	0.00170	0.00643	0.00488	0.00300	0.03845
9	0.04638	0.01133	0.01859	0.25806	0.44805	0.01198	0.01471	0.01662	0.01198	0.09505	0.01096	0.01392	0.00849	0.00516	0.00526	0.00166	0.00634	0.00477	0.00301	0.00770
10	0.04229	0.01198	0.02030	0.26281	0.41077	0.01275	0.09143	0.05236	0.01235	0.01738	0.01005	0.01354	0.00799	0.00502	0.00537	0.00168	0.00679	0.00487	0.00274	0.00754
11	0.01368	0.02927	0.02103	0.11758	0.27187	0.01173	0.21178	0.01690	0.01254	0.12472	0.05023	0.04946	0.01207	0.00598	0.00599	0.00172	0.02658	0.00593	0.00345	0.00750

[dist]
# distance from previous block
# <min> <max>
4	90

[block]
# block no. 1 follows, 45 sequences, length 28
# corresponding to MSA columns:
# 295-322
name=unknown_B
#
# <colnr> <probs for GDERKNQSTAVLIFYWHMCP>
#	G	D	E	R	K	N	Q	S	T	A	V	L	I	F	Y	W	H	M	C	P
0	0.16152	0.02179	0.01102	0.00875	0.01200	0.00896	0.03005	0.09639	0.01436	0.22310	0.17953	0.04837	0.06237	0.00762	0.00519	0.00160	0.00415	0.00625	0.00507	0.09190
1	0.16802	0.01576	0.14860	0.01156	0.01610	0.01433	0.01075	0.41343	0.06683	0.02782	0.04699	0.01357	0.01049	0.00621	0.00500	0.00165	0.00568	0.00463	0.00448	0.00809
2	0.09936	0.00932	0.01200	0.00992	0.01314	0.00914	0.05005	0.07427	0.10060	0.35292	0.05441	0.15644	0.01790	0.00840	0.00555	0.00178	0.00450	0.00717	0.00554	0.00760
3	0.02373	0.00846	0.05432	0.00926	0.01162	0.00722	0.06183	0.01486	0.05217	0.18516	0.20430	0.13670	0.02633	0.15026	0.00975	0.00240	0.00449	0.02613	0.00495	0.00606
4	0.01077	0.02777	0.78354	0.01530	0.02323	0.01247	0.01983	0.01700	0.01133	0.01700	0.00963	0.01133	0.00680	0.00510	0.00510	0.00170	0.00793	0.00397	0.00227	0.00793
5	0.01256	0.01200	0.01766	0.09842	0.40985	0.06412	0.04406	0.04991	0.05563	0.01721	0.01417	0.15296	0.01347	0.00721	0.00561	0.00172	0.00607	0.00667	0.00333	0.00735
6	0.48918	0.09363	0.01173	0.00845	0.01195	0.01306	0.00707	0.14820	0.02699	0.07331	0.04045	0.03515	0.00984	0.00594	0.00409	0.00162	0.00456	0.00410	0.00399	0.00670
7	0.00651	0.00481	0.00609	0.00712	0.00769	0.00439	0.00482	0.00751	0.01062	0.01384	0.03394	0.67518	0.16537	0.01625	0.00676	0.00212	0.00304	0.01457	0.00498	0.00439
8	0.01058	0.01041	0.01883	0.66233	0.03541	0.01222	0.14535	0.01433	0.01107	0.01433	0.00977	0.01434	0.00733	0.00522	0.00554	0.00179	0.00749	0.00504	0.00244	0.00619
9	0.00728	0.00514	0.00655	0.00729	0.00768	0.00503	0.00482	0.02833	0.01001	0.01341	0.02528	0.55916	0.02975	0.20504	0.05626	0.00324	0.00433	0.01268	0.00447	0.00425
10	0.01604	0.01127	0.01206	0.01034	0.01338	0.06538	0.00830	0.19944	0.18053	0.16991	0.10259	0.04405	0.05068	0.00851	0.00575	0.00177	0.00489	0.08208	0.00544	0.00761
11	0.00778	0.00530	0.00634	0.00634	0.00651	0.00547	0.00386	0.00812	0.00795	0.01077	0.01647	0.03266	0.01845	0.67607	0.16114	0.00580	0.00681	0.00745	0.00319	0.00352
12	0.00780	0.00557	0.00767	0.00891	0.00978	0.00545	0.00717	0.00965	0.01152	0.01511	0.02889	0.36161	0.03275	0.01563	0.00719	0.00235	0.00421	0.44906	0.00496	0.00471
13	0.01033	0.08216	0.57693	0.01361	0.01991	0.01172	0.03007	0.01526	0.01114	0.01610	0.01299	0.15093	0.01187	0.00711	0.00531	0.00175	0.00694	0.00591	0.00275	0.00722
14	0.01217	0.03979	0.43789	0.01331	0.01918	0.04897	0.07096	0.05050	0.01273	0.07766	0.01852	0.01912	0.14243	0.00674	0.00540	0.00169	0.00677	0.00554	0.00329	0.00733
15	0.00652	0.00475	0.00615	0.00726	0.00773	0.00438	0.00489	0.00750	0.01048	0.01379	0.03214	0.72995	0.11175	0.01649	0.00680	0.00214	0.00307	0.01486	0.00498	0.00438
16	0.04998	0.00627	0.00837	0.00925	0.01059	0.00622	0.00776	0.01154	0.01206	0.05936	0.04166	0.18636	0.02987	0.01416	0.00698	0.00232	0.00452	0.52263	0.00499	0.00512
17	0.16859	0.13401	0.39018	0.01264	0.01842	0.01322	0.06550	0.02622	0.02439	0.03811	0.01081	0.03359	0.01988	0.00570	0.00492	0.01299	0.00655	0.00430	0.00283	0.00717
18	0.00984	0.00905	0.01486	0.56209	0.09372	0.01086	0.01317	0.01282	0.01068	0.01400	0.01300	0.15334	0.01224	0.00749	0.00613	0.00186	0.03947	0.00661	0.00286	0.00589
19	0.02057	0.00826	0.01122	0.00911	0.01251	0.00720	0.00730	0.02246	0.01447	0.62667	0.04268	0.15738	0.01818	0.00854	0.00568	0.00175	0.00426	0.00724	0.00633	0.00819
20	0.19813	0.00973	0.01426	0.62115	0.03101	0.01195	0.01287	0.01418	0.01038	0.01604	0.00908	0.01306	0.00685	0.00528	0.00491	0.00176	0.00648	0.00435	0.00260	0.00593
21	0.03449	0.03118	0.01488	0.01302	0.06736	0.26179	0.00968	0.19474	0.01693	0.22890	0.01342	0.02690	0.00981	0.00609	0.00509	0.00151	0.00661	0.00457	0.00449	0.04855
22	0.25693	0.00963	0.01251	0.33731	0.02224	0.01084	0.01014	0.01662	0.01115	0.16984	0.01169	0.03241	0.00871	0.00580	0.00500	0.00170	0.02210	0.00453	0.00361	0.04724
23	0.01435	0.65004	0.02497	0.00958	0.01389	0.01972	0.00909	0.04026	0.14419	0.01498	0.01015	0.01074	0.00862	0.00512	0.00386	0.00128	0.00548	0.00349	0.00294	0.00724
24	0.01380	0.00857	0.01019	0.00844	0.01111	0.00827	0.00649	0.12416	0.07375	0.17511	0.20711	0.02515	0.02271	0.14858	0.00927	0.00217	0.00423	0.00658	0.01758	0.11674
25	0.01509	0.04691	0.05511	0.00931	0.02331	0.04172	0.00747	0.05839	0.03494	0.26815	0.07527	0.09322	0.02985	0.17090	0.00987	0.00236	0.00492	0.00680	0.00480	0.04160
26	0.66664	0.00949	0.00811	0.03997	0.01107	0.01081	0.00606	0.01470	0.01026	0.02320	0.14223	0.01446	0.01374	0.00605	0.00394	0.00167	0.00399	0.00418	0.00374	0.00569
27	0.04880	0.00594	0.00714	0.00670	0.00827	0.00556	0.00507	0.01078	0.03116	0.03877	0.57634	0.03963	0.17401	0.01096	0.00615	0.00171	0.00273	0.00948	0.00563	0.00518

[dist]
# distance from previous block
# <min> <max>
0	12

[block]
# block no. 2 follows, 45 sequences, length 14
# corresponding to MSA columns:
# 335-348
name=unknown_C
#
# <colnr> <probs for GDERKNQSTAVLIFYWHMCP>
#	G	D	E	R	K	N	Q	S	T	A	V	L	I	F	Y	W	H	M	C	P
0	0.01832	0.01594	0.18810	0.01187	0.01693	0.02733	0.01138	0.29621	0.03252	0.23593	0.01426	0.01396	0.00976	0.00599	0.00519	0.00158	0.00587	0.00465	0.00479	0.07941
1	0.01333	0.23463	0.31321	0.01670	0.14126	0.10548	0.05479	0.01711	0.01182	0.01539	0.00898	0.01090	0.00719	0.00502	0.00499	0.00152	0.02390	0.00389	0.00242	0.00747
2	0.01284	0.01075	0.13386	0.00935	0.01262	0.00804	0.00857	0.01754	0.11470	0.20378	0.37056	0.02756	0.03006	0.00850	0.00579	0.00170	0.00412	0.00726	0.00544	0.00696
3	0.00657	0.00515	0.00593	0.00650	0.00762	0.00456	0.00465	0.00777	0.01132	0.01414	0.04197	0.36299	0.41598	0.03553	0.00714	0.00208	0.00305	0.04765	0.00494	0.00445
4	0.01118	0.00839	0.01351	0.03102	0.01429	0.00900	0.12813	0.01498	0.09167	0.10567	0.01515	0.01922	0.01259	0.02548	0.45124	0.00567	0.02732	0.00579	0.00355	0.00615
5	0.10268	0.44183	0.30094	0.01118	0.01685	0.01706	0.01270	0.01638	0.01087	0.01545	0.00825	0.00961	0.00674	0.00482	0.00403	0.00140	0.00637	0.00327	0.00240	0.00715
6	0.00905	0.00733	0.01206	0.01165	0.01345	0.00715	0.12869	0.01166	0.01216	0.01597	0.02574	0.14189	0.02778	0.01341	0.00717	0.00233	0.00539	0.53729	0.00459	0.00524
7	0.00898	0.00914	0.09982	0.00798	0.01053	0.00703	0.00708	0.09074	0.01495	0.02026	0.39162	0.03714	0.25297	0.01056	0.00609	0.00172	0.00359	0.00898	0.00515	0.00569
8	0.01747	0.00820	0.01142	0.13554	0.01591	0.00769	0.00819	0.01959	0.01370	0.46686	0.04181	0.10688	0.10610	0.00846	0.00568	0.00176	0.00456	0.00716	0.00557	0.00747
9	0.02240	0.01012	0.01293	0.00987	0.01409	0.00923	0.00813	0.14301	0.01659	0.59680	0.01886	0.01680	0.01217	0.00639	0.00527	0.00158	0.00473	0.00512	0.00615	0.07976
10	0.84927	0.01038	0.00789	0.00706	0.01038	0.01204	0.00581	0.01578	0.00914	0.02408	0.00747	0.00872	0.00581	0.00498	0.00332	0.00166	0.00415	0.00291	0.00332	0.00581
11	0.00787	0.13499	0.00959	0.00728	0.00850	0.00717	0.00537	0.00892	0.01049	0.01338	0.02897	0.49161	0.14941	0.08153	0.00795	0.00221	0.00365	0.01200	0.00441	0.00470
12	0.01853	0.09981	0.01665	0.10557	0.04231	0.07878	0.01037	0.33875	0.06022	0.15607	0.01337	0.01367	0.00957	0.00607	0.00513	0.00158	0.00604	0.00467	0.00461	0.00822
13	0.01502	0.00977	0.01166	0.00896	0.01300	0.00852	0.00716	0.13562	0.01426	0.19245	0.01504	0.10576	0.01255	0.00647	0.00486	0.00128	0.00432	0.00535	0.00453	0.42342

[dist]
# distance from previous block
# <min> <max>
1	12

[block]
# block no. 3 follows, 45 sequences, length 20
# corresponding to MSA columns:
# 361-380
name=unknown_D
#
# <colnr> <probs for GDERKNQSTAVLIFYWHMCP>
#	G	D	E	R	K	N	Q	S	T	A	V	L	I	F	Y	W	H	M	C	P
0	0.01093	0.00954	0.01215	0.17018	0.01770	0.00813	0.00811	0.01356	0.01105	0.01672	0.00954	0.01178	0.00779	0.00426	0.00426	0.00100	0.00463	0.00351	0.00302	0.67215
1	0.10637	0.00981	0.01519	0.64619	0.03213	0.01229	0.01362	0.01389	0.01035	0.01484	0.00911	0.01347	0.00699	0.00564	0.00609	0.00182	0.06922	0.00455	0.00249	0.00594
2	0.01933	0.01396	0.01690	0.01629	0.17256	0.01494	0.01125	0.53138	0.02154	0.10794	0.01317	0.01353	0.00943	0.00612	0.00536	0.00161	0.00586	0.00488	0.00495	0.00900
3	0.00779	0.00527	0.00620	0.00620	0.00631	0.00539	0.00368	0.00802	0.00791	0.01066	0.01660	0.03340	0.01877	0.71657	0.12108	0.00562	0.00633	0.00755	0.00321	0.00344
4	0.01081	0.01052	0.01618	0.01367	0.01454	0.01362	0.09597	0.01255	0.00883	0.01329	0.00936	0.01445	0.00881	0.01675	0.21431	0.00390	0.50901	0.00516	0.00253	0.00575
5	0.58275	0.01007	0.00908	0.00753	0.01124	0.01056	0.00616	0.01650	0.01026	0.10949	0.00947	0.01031	0.00711	0.00497	0.00369	0.00148	0.00416	0.00325	0.00367	0.17824
6	0.01018	0.00560	0.00750	0.00785	0.00895	0.00511	0.00553	0.01132	0.01125	0.17119	0.02750	0.62408	0.03049	0.03708	0.00713	0.00216	0.00347	0.01303	0.00528	0.00531
7	0.01100	0.00650	0.00794	0.00712	0.00906	0.00596	0.00538	0.01351	0.05214	0.17459	0.32225	0.03680	0.21149	0.10220	0.00850	0.00212	0.00339	0.00881	0.00551	0.00574
8	0.01024	0.00612	0.00772	0.00696	0.00886	0.00545	0.00535	0.01243	0.01457	0.15467	0.48108	0.03880	0.20535	0.01079	0.00617	0.00171	0.00293	0.00930	0.00583	0.00567
9	0.02075	0.01167	0.01548	0.01520	0.17142	0.01155	0.01035	0.24709	0.01772	0.39764	0.01639	0.01561	0.01104	0.00620	0.00537	0.00163	0.00535	0.00510	0.00544	0.00900
10	0.01068	0.01037	0.01568	0.01328	0.01450	0.03284	0.11333	0.01287	0.02419	0.01354	0.01049	0.01553	0.00963	0.01947	0.28820	0.00445	0.37726	0.00529	0.00266	0.00574
11	0.01307	0.00732	0.00912	0.00823	0.01025	0.00709	0.00617	0.03469	0.11274	0.22868	0.19567	0.18739	0.02747	0.10197	0.00840	0.00219	0.00383	0.00876	0.02058	0.00639
12	0.00832	0.00725	0.01243	0.09232	0.01475	0.00713	0.16042	0.01015	0.01053	0.01404	0.02222	0.47434	0.02512	0.10411	0.00894	0.00241	0.00499	0.01149	0.00405	0.00499
13	0.01715	0.01741	0.01758	0.01405	0.01772	0.32457	0.16295	0.08888	0.01476	0.09636	0.01190	0.01325	0.02622	0.00571	0.00570	0.00150	0.04017	0.00461	0.01660	0.10291
14	0.50393	0.03131	0.01112	0.07148	0.05383	0.01158	0.00780	0.04708	0.01147	0.18937	0.01100	0.01166	0.00786	0.00541	0.00413	0.00165	0.00471	0.00377	0.00400	0.00685
15	0.01284	0.58109	0.02243	0.00882	0.01257	0.04984	0.00830	0.01445	0.01125	0.01305	0.01711	0.01762	0.16467	0.00668	0.00470	0.00135	0.03933	0.00471	0.00287	0.00633
16	0.01340	0.04173	0.18141	0.01352	0.01827	0.06498	0.16438	0.05579	0.03020	0.08820	0.04037	0.03510	0.04435	0.00612	0.00582	0.00157	0.04009	0.00531	0.00350	0.14589
17	0.01165	0.07761	0.50169	0.03445	0.17787	0.01325	0.06343	0.01671	0.01151	0.01669	0.00961	0.01180	0.00725	0.00504	0.00531	0.00166	0.02000	0.00423	0.00238	0.00786
18	0.60471	0.00922	0.00818	0.00732	0.01004	0.01034	0.00581	0.02968	0.00944	0.07217	0.00888	0.01101	0.00710	0.00793	0.00713	0.17449	0.00432	0.00347	0.00338	0.00539
19	0.02060	0.17447	0.01552	0.00929	0.01361	0.01055	0.00798	0.02264	0.01396	0.53627	0.01703	0.01547	0.01136	0.00592	0.00483	0.00146	0.00474	0.00463	0.00535	0.10431

[dist]
# distance from previous block
# <min> <max>
0	8

[block]
# block no. 4 follows, 45 sequences, length 149
# corresponding to MSA columns:
# 389-445,447-538
name=unknown_E
#
# <colnr> <probs for GDERKNQSTAVLIFYWHMCP>
#	G	D	E	R	K	N	Q	S	T	A	V	L	I	F	Y	W	H	M	C	P
0	0.00840	0.00601	0.00832	0.00923	0.01045	0.00593	0.00788	0.01086	0.01288	0.01710	0.17539	0.07014	0.03487	0.01411	0.00719	0.00231	0.00444	0.58442	0.00513	0.00496
1	0.01259	0.03319	0.06738	0.01955	0.02366	0.03668	0.49420	0.01621	0.01152	0.01590	0.00969	0.01336	0.00774	0.00580	0.00897	0.00191	0.20652	0.00564	0.00259	0.00690
2	0.02136	0.01270	0.01456	0.01125	0.01543	0.01328	0.00927	0.45320	0.06235	0.30498	0.01639	0.01524	0.01104	0.00656	0.00539	0.00164	0.00533	0.00511	0.00584	0.00910
3	0.00654	0.00467	0.00623	0.00747	0.00779	0.00436	0.00498	0.00747	0.01028	0.01370	0.02959	0.80785	0.03550	0.01682	0.00685	0.00218	0.00311	0.01526	0.00498	0.00436
4	0.01057	0.00998	0.01688	0.69362	0.13843	0.01204	0.01512	0.01409	0.01094	0.01424	0.00962	0.01417	0.00734	0.00529	0.00536	0.00176	0.00705	0.00477	0.00242	0.00631
5	0.01071	0.01008	0.01702	0.62989	0.18062	0.01195	0.01506	0.01419	0.01106	0.01452	0.01012	0.01525	0.00800	0.00549	0.00541	0.00177	0.00695	0.02298	0.00250	0.00643
6	0.01223	0.02493	0.66586	0.01458	0.02189	0.01180	0.03089	0.01788	0.01190	0.10326	0.02853	0.01283	0.00856	0.00540	0.00518	0.00170	0.00745	0.00430	0.00285	0.00799
7	0.00675	0.00483	0.00641	0.00733	0.00783	0.00450	0.00500	0.00800	0.01125	0.01524	0.17631	0.65674	0.03848	0.01567	0.00675	0.00208	0.00300	0.01417	0.00517	0.00450
8	0.22149	0.01353	0.01567	0.01207	0.01625	0.01471	0.09332	0.45603	0.01938	0.06942	0.01178	0.01234	0.00843	0.00588	0.00498	0.00165	0.00576	0.00456	0.00464	0.00811
9	0.03817	0.01272	0.11174	0.01093	0.01536	0.01054	0.02269	0.16452	0.06557	0.41823	0.06002	0.01741	0.01371	0.00662	0.00538	0.00167	0.00519	0.00535	0.00558	0.00860
10	0.84927	0.01038	0.00789	0.00706	0.01038	0.01204	0.00581	0.01578	0.00914	0.02408	0.00747	0.00872	0.00581	0.00498	0.00332	0.00166	0.00415	0.00291	0.00332	0.00581
11	0.00783	0.00788	0.07421	0.00922	0.01095	0.00632	0.06820	0.01001	0.01208	0.01661	0.24855	0.38831	0.07348	0.01273	0.00675	0.00195	0.02354	0.01146	0.00478	0.00515
12	0.01141	0.01122	0.01554	0.57225	0.09424	0.09901	0.01355	0.01461	0.01157	0.01461	0.04026	0.01503	0.00932	0.00561	0.00526	0.00169	0.00695	0.00483	0.04693	0.00612
13	0.01113	0.00954	0.01113	0.00795	0.01272	0.00716	0.00636	0.01352	0.01113	0.01749	0.00954	0.01113	0.00795	0.00398	0.00398	0.00080	0.00398	0.00318	0.00318	0.84417
14	0.00664	0.00477	0.00631	0.00737	0.00780	0.00443	0.00498	0.00775	0.01080	0.01450	0.10519	0.71853	0.04863	0.01618	0.00679	0.00212	0.00305	0.01464	0.00508	0.00443
15	0.01157	0.01112	0.01510	0.01237	0.01394	0.01353	0.02422	0.01318	0.00920	0.01441	0.00789	0.01161	0.00735	0.00764	0.01321	0.00186	0.54122	0.00426	0.00261	0.26374
16	0.01077	0.02777	0.78354	0.01530	0.02323	0.01247	0.01983	0.01700	0.01133	0.01700	0.00963	0.01133	0.00680	0.00510	0.00510	0.00170	0.00793	0.00397	0.00227	0.00793
17	0.01415	0.01193	0.01259	0.01108	0.01426	0.01372	0.00869	0.11094	0.68445	0.02374	0.02084	0.01922	0.01557	0.00719	0.00545	0.00180	0.00444	0.00593	0.00545	0.00857
18	0.00787	0.00535	0.00643	0.00677	0.00704	0.00532	0.00445	0.00842	0.00890	0.01178	0.02019	0.10345	0.02304	0.59108	0.02177	0.00442	0.00498	0.15135	0.00372	0.00367
19	0.00727	0.00552	0.00675	0.00691	0.00815	0.00508	0.00514	0.00949	0.03472	0.01755	0.34242	0.21496	0.23798	0.01314	0.00650	0.00189	0.00293	0.06338	0.00538	0.00486
20	0.02377	0.00964	0.01277	0.00979	0.01395	0.00864	0.00809	0.08892	0.01621	0.71763	0.02047	0.01781	0.01293	0.00663	0.00540	0.00166	0.00468	0.00535	0.00653	0.00913
21	0.00723	0.00492	0.00643	0.00754	0.00809	0.00469	0.00536	0.00856	0.01068	0.01475	0.02806	0.61297	0.03240	0.01534	0.00658	0.00212	0.00330	0.11725	0.09920	0.00452
22	0.00900	0.00587	0.00722	0.00666	0.00840	0.00521	0.00507	0.01113	0.01431	0.10177	0.47357	0.04126	0.26769	0.01130	0.00623	0.00172	0.00281	0.00973	0.00571	0.00534
23	0.01018	0.00960	0.01611	0.77907	0.03641	0.01204	0.01483	0.01370	0.01067	0.01370	0.00948	0.01425	0.00715	0.00547	0.00567	0.00180	0.02678	0.00477	0.00238	0.00596
24	0.00662	0.00477	0.00628	0.00734	0.00779	0.00443	0.00496	0.00771	0.01077	0.01441	0.09504	0.71500	0.06257	0.01620	0.00679	0.00212	0.00305	0.01464	0.00506	0.00443
25	0.00880	0.00606	0.00702	0.00673	0.00719	0.00630	0.00424	0.06972	0.00937	0.01262	0.01652	0.04526	0.01826	0.64449	0.11111	0.00524	0.00626	0.00746	0.00341	0.00393
26	0.73395	0.01021	0.00853	0.00741	0.01085	0.01146	0.00610	0.01723	0.01001	0.12994	0.00939	0.01005	0.00686	0.00521	0.00361	0.00166	0.00421	0.00325	0.00379	0.00628
27	0.01942	0.01425	0.01652	0.03027	0.10929	0.01551	0.01089	0.59931	0.03610	0.07450	0.01312	0.01340	0.00938	0.00625	0.00537	0.00162	0.00588	0.00488	0.00506	0.00898
28	0.01340	0.01311	0.02140	0.05553	0.54362	0.03540	0.10346	0.02847	0.09768	0.01802	0.01148	0.01411	0.00926	0.00510	0.00544	0.00165	0.00657	0.00507	0.00301	0.00820
29	0.84927	0.01038	0.00789	0.00706	0.01038	0.01204	0.00581	0.01578	0.00914	0.02408	0.00747	0.00872	0.00581	0.00498	0.00332	0.00166	0.00415	0.00291	0.00332	0.00581
30	0.01076	0.01090	0.01608	0.09532	0.01770	0.08956	0.18776	0.01301	0.01097	0.01439	0.01586	0.25412	0.01648	0.01171	0.06152	0.00242	0.13818	0.00824	0.01933	0.00570
31	0.02212	0.01000	0.01281	0.00976	0.01400	0.00902	0.00804	0.12601	0.01625	0.59228	0.01872	0.01672	0.01211	0.00632	0.00523	0.00156	0.00469	0.00507	0.00608	0.10323
32	0.01258	0.01137	0.01394	0.03126	0.01542	0.04517	0.10635	0.03540	0.46149	0.03190	0.04075	0.08743	0.06682	0.00808	0.00574	0.00182	0.00498	0.00714	0.00487	0.00750
33	0.01064	0.00994	0.01660	0.71392	0.10144	0.01210	0.01494	0.03052	0.01119	0.01450	0.00966	0.01419	0.00732	0.00534	0.00536	0.00177	0.00706	0.00477	0.00248	0.00626
34	0.81739	0.01033	0.00807	0.00716	0.01051	0.01188	0.00589	0.01618	0.00938	0.05335	0.00800	0.00909	0.00610	0.00505	0.00340	0.00166	0.00417	0.00300	0.00345	0.00594
35	0.00846	0.00680	0.00990	0.01164	0.09644	0.00673	0.03753	0.01124	0.07470	0.01540	0.02579	0.49863	0.02900	0.01384	0.00663	0.00212	0.00411	0.13099	0.00466	0.00539
36	0.01088	0.04150	0.75006	0.01538	0.02319	0.01265	0.03924	0.01699	0.01136	0.01693	0.00963	0.01137	0.00684	0.00508	0.00510	0.00169	0.00792	0.00401	0.00228	0.00790
37	0.00651	0.00543	0.00569	0.00571	0.00741	0.00461	0.00429	0.00798	0.01244	0.01515	0.11913	0.07686	0.66936	0.01349	0.00638	0.00183	0.00276	0.02532	0.00507	0.00458
38	0.00654	0.00467	0.00623	0.00747	0.00779	0.00436	0.00498	0.00747	0.01028	0.01370	0.02959	0.80785	0.03550	0.01682	0.00685	0.00218	0.00311	0.01526	0.00498	0.00436
39	0.17179	0.00938	0.01159	0.00909	0.01304	0.00872	0.00750	0.03543	0.01440	0.61943	0.03304	0.01689	0.01260	0.00643	0.00504	0.00166	0.00447	0.00502	0.00601	0.00846
40	0.02357	0.05204	0.01329	0.00953	0.01371	0.00860	0.00796	0.02562	0.01513	0.74062	0.02045	0.01776	0.01295	0.00653	0.00529	0.00163	0.00463	0.00526	0.00641	0.00902
41	0.00861	0.00615	0.00860	0.00984	0.01105	0.00614	0.00857	0.01105	0.01231	0.01602	0.02845	0.07583	0.03099	0.01487	0.00740	0.00247	0.00491	0.72688	0.00494	0.00493
42	0.01087	0.02706	0.74348	0.01569	0.02349	0.01253	0.05918	0.01701	0.01140	0.01701	0.00970	0.01150	0.00687	0.00507	0.00517	0.00171	0.00799	0.00409	0.00229	0.00790
43	0.01295	0.05521	0.02098	0.16463	0.59059	0.03090	0.01567	0.01609	0.01196	0.01651	0.00982	0.01313	0.00815	0.00489	0.00521	0.00160	0.00655	0.00465	0.00259	0.00792
44	0.00667	0.00482	0.00650	0.00756	0.00799	0.00465	0.00517	0.00774	0.01012	0.01357	0.02834	0.69395	0.05077	0.01959	0.10197	0.00295	0.00447	0.01401	0.00473	0.00442
45	0.01791	0.07814	0.01770	0.01802	0.19622	0.53923	0.01175	0.01974	0.01409	0.01414	0.00864	0.01049	0.00729	0.00535	0.00506	0.00143	0.02153	0.00375	0.00270	0.00680
46	0.00759	0.00558	0.00801	0.00811	0.00887	0.00628	0.00604	0.00914	0.00864	0.01226	0.01604	0.08941	0.01620	0.15488	0.60884	0.00757	0.01204	0.00686	0.00311	0.00452
47	0.02962	0.71159	0.02632	0.00967	0.01404	0.10768	0.00926	0.01667	0.01136	0.01289	0.00756	0.00873	0.00687	0.00471	0.00360	0.00118	0.00616	0.00294	0.00237	0.00679
48	0.00732	0.00625	0.00660	0.00596	0.00835	0.00506	0.00455	0.00891	0.01209	0.01526	0.06297	0.04340	0.60706	0.01164	0.00588	0.00161	0.00296	0.00969	0.00465	0.16981
49	0.01019	0.00964	0.01640	0.78365	0.03680	0.01196	0.02909	0.01378	0.01077	0.01378	0.00957	0.01431	0.00717	0.00535	0.00539	0.00179	0.00719	0.00480	0.00239	0.00599
50	0.01190	0.01231	0.02206	0.03362	0.21289	0.04856	0.33029	0.01533	0.01296	0.01766	0.16150	0.04686	0.01746	0.00647	0.00627	0.00174	0.02507	0.00672	0.00340	0.00693
51	0.02408	0.00914	0.01246	0.00955	0.01370	0.00789	0.00789	0.02616	0.01536	0.78158	0.02118	0.01827	0.01329	0.00664	0.00540	0.00166	0.00457	0.00540	0.00664	0.00914
52	0.00932	0.00466	0.00699	0.00699	0.00699	0.00466	0.00466	0.00699	0.00699	0.00932	0.00932	0.01632	0.00932	0.01865	0.02098	0.84382	0.00466	0.00466	0.00233	0.00233
53	0.00669	0.00499	0.00624	0.00716	0.00783	0.00462	0.00490	0.00807	0.02816	0.01424	0.05237	0.63138	0.17192	0.01586	0.00671	0.00209	0.00305	0.01419	0.00502	0.00450
54	0.00788	0.00624	0.00719	0.00692	0.00855	0.00597	0.00519	0.01162	0.11727	0.01866	0.36804	0.09583	0.29702	0.01179	0.00625	0.00178	0.00287	0.01017	0.00546	0.00530
55	0.00654	0.00467	0.00623	0.00747	0.00779	0.00436	0.00498	0.00747	0.01028	0.01370	0.02959	0.80785	0.03550	0.01682	0.00685	0.00218	0.00311	0.01526	0.00498	0.00436
56	0.00765	0.00573	0.00712	0.00673	0.00815	0.00532	0.00506	0.01052	0.04535	0.02053	0.63858	0.04098	0.15576	0.01121	0.00630	0.00171	0.00263	0.00980	0.00576	0.00513
57	0.01086	0.04880	0.76334	0.01514	0.02298	0.01270	0.01955	0.01697	0.01132	0.01688	0.00958	0.01126	0.00680	0.00509	0.00506	0.00169	0.00787	0.00394	0.00227	0.00791
58	0.01073	0.02700	0.75231	0.01512	0.02275	0.01242	0.01938	0.01678	0.01133	0.01699	0.02358	0.01187	0.00761	0.00530	0.00540	0.00171	0.02545	0.00409	0.00234	0.00783
59	0.00654	0.00467	0.00623	0.00747	0.00779	0.00436	0.00498	0.00747	0.01028	0.01370	0.02959	0.80785	0.03550	0.01682	0.00685	0.00218	0.00311	0.01526	0.00498	0.00436
60	0.00777	0.00595	0.00778	0.00756	0.00864	0.00596	0.00577	0.00988	0.01354	0.01886	0.50644	0.14169	0.10167	0.01207	0.00742	0.00187	0.07001	0.05679	0.00535	0.00499
61	0.01230	0.01254	0.01701	0.49822	0.19665	0.12736	0.01437	0.01545	0.01174	0.01459	0.00963	0.01351	0.00754	0.00528	0.00525	0.00168	0.00727	0.00458	0.01850	0.00654
62	0.01933	0.01994	0.01461	0.01265	0.01580	0.45900	0.00979	0.17724	0.08073	0.08298	0.01296	0.01333	0.03348	0.00628	0.00529	0.00152	0.01954	0.00440	0.00393	0.00721
63	0.10680	0.01624	0.01652	0.07293	0.22260	0.24345	0.01199	0.11383	0.01386	0.01822	0.00922	0.01155	0.00754	0.00586	0.00651	0.00165	0.10688	0.00418	0.00306	0.00711
64	0.00937	0.00831	0.01187	0.01094	0.01142	0.01081	0.00879	0.01088	0.00859	0.01277	0.01242	0.08316	0.01247	0.02467	0.38326	0.00531	0.36083	0.00609	0.00282	0.00523
65	0.00666	0.00476	0.00637	0.00761	0.00798	0.00446	0.00519	0.00768	0.01040	0.01384	0.02952	0.76479	0.03524	0.01670	0.00688	0.00220	0.00322	0.05712	0.00498	0.00439
66	0.01303	0.14516	0.49564	0.01454	0.02125	0.01342	0.10007	0.01791	0.01187	0.10262	0.01074	0.01205	0.00770	0.00513	0.00502	0.00162	0.00734	0.00423	0.00282	0.00783
67	0.05804	0.55563	0.18870	0.01052	0.01557	0.03749	0.01126	0.01619	0.01091	0.01416	0.00811	0.00974	0.00704	0.01895	0.00448	0.00139	0.01924	0.00324	0.00237	0.00696
68	0.02408	0.00914	0.01246	0.00955	0.01370	0.00789	0.00789	0.02616	0.01536	0.78158	0.02118	0.01827	0.01329	0.00664	0.00540	0.00166	0.00457	0.00540	0.00664	0.00914
69	0.02005	0.02558	0.01521	0.01383	0.01659	0.78980	0.01037	0.02143	0.01521	0.01314	0.00830	0.00968	0.00691	0.00553	0.00484	0.00138	0.00968	0.00346	0.00277	0.00622
70	0.01329	0.03603	0.19022	0.04964	0.33495	0.04415	0.05119	0.01918	0.14405	0.04639	0.01234	0.01405	0.00951	0.00539	0.00528	0.00166	0.00656	0.00482	0.00320	0.00811
71	0.00749	0.00548	0.00703	0.00664	0.00795	0.00502	0.00498	0.00993	0.01495	0.02093	0.71440	0.04107	0.11166	0.01119	0.00633	0.00170	0.00255	0.00984	0.00583	0.00502
72	0.00779	0.00527	0.00617	0.00617	0.00628	0.00537	0.00364	0.00801	0.00790	0.01064	0.01663	0.03355	0.01883	0.72446	0.11327	0.00559	0.00624	0.00757	0.00321	0.00343
73	0.00659	0.00479	0.00612	0.00716	0.00762	0.00442	0.00479	0.00752	0.01037	0.01362	0.03170	0.68147	0.11806	0.05878	0.00788	0.00230	0.00318	0.01442	0.00489	0.00432
74	0.01280	0.01424	0.10726	0.08043	0.64495	0.01267	0.01675	0.01635	0.01203	0.01723	0.01001	0.01313	0.00822	0.00486	0.00529	0.00162	0.00660	0.00469	0.00260	0.00827
75	0.84927	0.01038	0.00789	0.00706	0.01038	0.01204	0.00581	0.01578	0.00914	0.02408	0.00747	0.00872	0.00581	0.00498	0.00332	0.00166	0.00415	0.00291	0.00332	0.00581
76	0.04205	0.00884	0.01169	0.00935	0.01301	0.00792	0.00757	0.03589	0.03950	0.63922	0.02167	0.10698	0.01564	0.00777	0.00551	0.00172	0.00441	0.00646	0.00632	0.00849
77	0.03276	0.12766	0.26097	0.07174	0.34266	0.02867	0.02905	0.01650	0.01166	0.01652	0.00947	0.01194	0.00756	0.00491	0.00495	0.00158	0.00688	0.00422	0.00249	0.00781
78	0.77032	0.01047	0.00801	0.00718	0.01042	0.03076	0.00587	0.01566	0.00955	0.03577	0.01022	0.01119	0.04698	0.00548	0.00355	0.00166	0.00422	0.00341	0.00345	0.00581
79	0.82528	0.01045	0.00829	0.00780	0.03240	0.01206	0.00612	0.01580	0.00922	0.02390	0.00755	0.00885	0.00589	0.00498	0.00338	0.00166	0.00422	0.00296	0.00330	0.00589
80	0.00695	0.00498	0.00669	0.00791	0.00843	0.00472	0.00568	0.00819	0.01072	0.01418	0.02983	0.64777	0.04873	0.01637	0.00695	0.00223	0.00346	0.15677	0.00498	0.00448
81	0.01076	0.01031	0.01783	0.63844	0.14990	0.01214	0.05618	0.01433	0.01107	0.01449	0.00970	0.01416	0.00742	0.00523	0.00541	0.00176	0.00714	0.00486	0.00245	0.00642
82	0.28672	0.00953	0.01100	0.00876	0.01265	0.00921	0.00723	0.02286	0.01338	0.54049	0.01682	0.01523	0.01091	0.00612	0.00474	0.00166	0.00444	0.00461	0.00559	0.00808
83	0.01335	0.01153	0.01214	0.01092	0.01396	0.01335	0.00850	0.02852	0.76817	0.02245	0.02185	0.02003	0.01639	0.00728	0.00546	0.00182	0.00425	0.00607	0.00546	0.00850
84	0.01431	0.67304	0.02516	0.00941	0.01356	0.09144	0.00895	0.01607	0.01167	0.01343	0.07213	0.01136	0.01057	0.00522	0.00382	0.00122	0.00584	0.00350	0.00264	0.00667
85	0.01069	0.03817	0.54138	0.01435	0.03303	0.01151	0.06496	0.01585	0.01179	0.01742	0.09587	0.01475	0.01196	0.00569	0.00540	0.00163	0.02019	0.00471	0.00279	0.07788
86	0.00661	0.00497	0.00612	0.00685	0.00767	0.00448	0.00475	0.00783	0.01134	0.01478	0.11879	0.52208	0.23361	0.01531	0.00666	0.00203	0.00294	0.01360	0.00509	0.00448
87	0.00768	0.00569	0.00831	0.00831	0.00917	0.00654	0.00632	0.00938	0.00853	0.01223	0.01466	0.02267	0.01411	0.12715	0.70413	0.00824	0.01334	0.00598	0.00292	0.00462
88	0.01483	0.74819	0.02704	0.00958	0.01401	0.08591	0.00928	0.01652	0.01127	0.01267	0.00753	0.00870	0.00689	0.00467	0.00356	0.00117	0.00607	0.00292	0.00234	0.00683
89	0.00706	0.00536	0.00753	0.11070	0.01157	0.00541	0.00624	0.00834	0.01029	0.01362	0.02699	0.65327	0.04891	0.03525	0.02071	0.00231	0.00388	0.01345	0.00456	0.00455
90	0.00689	0.00506	0.00654	0.00759	0.00830	0.00471	0.00550	0.00816	0.01095	0.01425	0.03321	0.55726	0.14921	0.01596	0.00687	0.00218	0.00338	0.14451	0.00498	0.00449
91	0.00649	0.00544	0.00563	0.00559	0.00734	0.00459	0.00419	0.00798	0.01257	0.01529	0.13558	0.05036	0.69399	0.01330	0.00634	0.00180	0.00270	0.01115	0.00509	0.00459
92	0.01117	0.02446	0.63307	0.01605	0.05696	0.01205	0.07295	0.01684	0.01178	0.03583	0.05112	0.01337	0.00949	0.00540	0.00527	0.00170	0.00757	0.00452	0.00262	0.00778
93	0.01230	0.02547	0.68551	0.01476	0.02223	0.01197	0.02943	0.01803	0.01181	0.10316	0.01095	0.01216	0.00755	0.00527	0.00515	0.00170	0.00757	0.00416	0.00277	0.00806
94	0.01547	0.65929	0.02559	0.01010	0.01433	0.17251	0.00942	0.01713	0.01175	0.01273	0.00763	0.00882	0.00689	0.00478	0.00372	0.00119	0.00652	0.00299	0.00239	0.00676
95	0.01236	0.00648	0.00688	0.00621	0.00805	0.00656	0.00483	0.09788	0.01318	0.08565	0.01730	0.01906	0.01320	0.00631	0.00407	0.00133	0.00306	0.00502	0.67676	0.00582
96	0.01250	0.01193	0.01995	0.02985	0.69103	0.01183	0.01508	0.01549	0.01222	0.01719	0.01509	0.01761	0.09495	0.00578	0.00543	0.00162	0.00596	0.00552	0.00292	0.00806
97	0.01600	0.00736	0.00968	0.00804	0.01085	0.00649	0.00641	0.01816	0.01476	0.41233	0.27689	0.02942	0.11171	0.00946	0.01952	0.00180	0.00381	0.00751	0.02271	0.00710
98	0.84927	0.01038	0.00789	0.00706	0.01038	0.01204	0.00581	0.01578	0.00914	0.02408	0.00747	0.00872	0.00581	0.00498	0.00332	0.00166	0.00415	0.00291	0.00332	0.00581
99	0.01435	0.81458	0.02813	0.00918	0.01378	0.02124	0.00918	0.01607	0.01091	0.01263	0.00746	0.00861	0.00689	0.00459	0.00344	0.00115	0.00574	0.00287	0.00230	0.00689
100	0.01174	0.01174	0.01644	0.01409	0.01409	0.01644	0.01174	0.01292	0.00822	0.01292	0.00705	0.01174	0.00705	0.00940	0.01762	0.00235	0.80153	0.00470	0.00235	0.00587
101	0.09056	0.01398	0.01501	0.01159	0.01579	0.01527	0.00957	0.61466	0.02277	0.11727	0.01337	0.01314	0.00932	0.00634	0.00520	0.00162	0.00561	0.00473	0.00534	0.00885
102	0.02005	0.02558	0.01521	0.01383	0.01659	0.78980	0.01037	0.02143	0.01521	0.01314	0.00830	0.00968	0.00691	0.00553	0.00484	0.00138	0.00968	0.00346	0.00277	0.00622
103	0.02250	0.00867	0.01162	0.00904	0.01286	0.00756	0.00742	0.02462	0.01490	0.69577	0.02076	0.01847	0.01334	0.00660	0.00521	0.00161	0.00433	0.00535	0.10068	0.00867
104	0.00650	0.00482	0.00607	0.00707	0.00768	0.00439	0.00480	0.00752	0.01066	0.01386	0.03447	0.65901	0.18119	0.01618	0.00675	0.00211	0.00304	0.01449	0.00498	0.00439
105	0.01438	0.15436	0.16593	0.01188	0.01626	0.08024	0.01117	0.10596	0.34339	0.02020	0.01484	0.01469	0.01127	0.00615	0.00498	0.00162	0.00587	0.00475	0.00406	0.00799
106	0.00667	0.00545	0.00589	0.00578	0.00745	0.00467	0.00433	0.00833	0.01300	0.01632	0.24092	0.04867	0.58801	0.01292	0.00634	0.00178	0.00267	0.01091	0.00522	0.00467
107	0.01987	0.00923	0.01184	0.00968	0.01311	0.00869	0.00790	0.14077	0.01603	0.49130	0.02131	0.10997	0.01661	0.00844	0.00569	0.00177	0.00460	0.06837	0.02669	0.00814
108	0.00815	0.00650	0.01010	0.16408	0.01498	0.00774	0.00832	0.01040	0.00904	0.01271	0.01343	0.01975	0.01219	0.03339	0.63563	0.00728	0.01296	0.00556	0.00278	0.00502
109	0.01173	0.02149	0.51757	0.01567	0.06753	0.01128	0.08241	0.01668	0.01173	0.08101	0.01299	0.10207	0.01080	0.00648	0.00544	0.00175	0.00711	0.00562	0.00300	0.00761
110	0.00847	0.00605	0.00845	0.00968	0.01084	0.00603	0.00834	0.01081	0.01218	0.01587	0.02852	0.12343	0.03128	0.01500	0.00737	0.00245	0.00479	0.68061	0.00495	0.00489
111	0.01077	0.02777	0.78354	0.01530	0.02323	0.01247	0.01983	0.01700	0.01133	0.01700	0.00963	0.01133	0.00680	0.00510	0.00510	0.00170	0.00793	0.00397	0.00227	0.00793
112	0.02040	0.00912	0.03390	0.00959	0.01322	0.00796	0.00804	0.03664	0.01411	0.59399	0.01935	0.01852	0.01305	0.01321	0.15983	0.00303	0.00662	0.00542	0.00575	0.00825
113	0.11608	0.02248	0.01212	0.00929	0.01320	0.00887	0.00764	0.05908	0.01482	0.61826	0.01910	0.03278	0.01270	0.02184	0.00557	0.00173	0.00459	0.00529	0.00604	0.00852
114	0.84927	0.01038	0.00789	0.00706	0.01038	0.01204	0.00581	0.01578	0.00914	0.02408	0.00747	0.00872	0.00581	0.00498	0.00332	0.00166	0.00415	0.00291	0.00332	0.00581
115	0.00994	0.00918	0.01524	0.73176	0.03435	0.01136	0.01393	0.01322	0.01049	0.01344	0.01016	0.01606	0.00820	0.07318	0.00721	0.00208	0.00699	0.00503	0.00246	0.00573
116	0.00897	0.00686	0.01054	0.01088	0.01245	0.00678	0.07163	0.01157	0.01230	0.01606	0.02673	0.05621	0.02877	0.02858	0.00769	0.00247	0.00529	0.66639	0.00472	0.00511
117	0.02258	0.00983	0.01276	0.00973	0.01395	0.00881	0.00802	0.10778	0.01612	0.63303	0.01926	0.01706	0.01237	0.00640	0.00528	0.00158	0.00467	0.00515	0.00621	0.07940
118	0.01335	0.01153	0.01214	0.01092	0.01396	0.01335	0.00850	0.02852	0.76817	0.02245	0.02185	0.02003	0.01639	0.00728	0.00546	0.00182	0.00425	0.00607	0.00546	0.00850
119	0.01335	0.01153	0.01214	0.01092	0.01396	0.01335	0.00850	0.02852	0.76817	0.02245	0.02185	0.02003	0.01639	0.00728	0.00546	0.00182	0.00425	0.00607	0.00546	0.00850
120	0.00838	0.00568	0.00645	0.00628	0.00652	0.00580	0.00372	0.04260	0.00865	0.01158	0.01662	0.03349	0.01877	0.74062	0.05953	0.00519	0.00564	0.00758	0.00333	0.00359
121	0.01174	0.01174	0.01644	0.01409	0.01409	0.01644	0.01174	0.01292	0.00822	0.01292	0.00705	0.01174	0.00705	0.00940	0.01762	0.00235	0.80153	0.00470	0.00235	0.00587
122	0.00778	0.00531	0.00640	0.00640	0.00659	0.00550	0.00393	0.00816	0.00797	0.01081	0.01641	0.03236	0.01832	0.65958	0.17745	0.00588	0.00701	0.00740	0.00318	0.00356
123	0.02005	0.02558	0.01521	0.01383	0.01659	0.78980	0.01037	0.02143	0.01521	0.01314	0.00830	0.00968	0.00691	0.00553	0.00484	0.00138	0.00968	0.00346	0.00277	0.00622
124	0.01005	0.00517	0.00528	0.00522	0.00644	0.00528	0.00395	0.01252	0.01118	0.01984	0.01726	0.01981	0.01360	0.00633	0.00409	0.00128	0.02188	0.00500	0.82081	0.00502
125	0.00654	0.00467	0.00623	0.00747	0.00779	0.00436	0.00498	0.00747	0.01028	0.01370	0.02959	0.80785	0.03550	0.01682	0.00685	0.00218	0.00311	0.01526	0.00498	0.00436
126	0.00654	0.00467	0.00623	0.00747	0.00779	0.00436	0.00498	0.00747	0.01028	0.01370	0.02959	0.80785	0.03550	0.01682	0.00685	0.00218	0.00311	0.01526	0.00498	0.00436
127	0.01826	0.01367	0.01548	0.10072	0.01847	0.01523	0.01060	0.61287	0.02252	0.03007	0.01382	0.01706	0.01074	0.00703	0.00554	0.00170	0.00597	0.06683	0.00500	0.00842
128	0.00983	0.00582	0.00744	0.00680	0.00839	0.00537	0.00518	0.01230	0.01461	0.10694	0.57317	0.03454	0.04075	0.00976	0.00583	0.00162	0.00276	0.00850	0.13491	0.00551
129	0.01267	0.01448	0.03167	0.02262	0.02805	0.01357	0.75837	0.01719	0.01267	0.01719	0.01086	0.01448	0.00814	0.00452	0.00633	0.00181	0.00905	0.00633	0.00271	0.00724
130	0.02250	0.00867	0.01162	0.00904	0.01286	0.00756	0.00742	0.02462	0.01490	0.69577	0.02076	0.01847	0.01334	0.00660	0.00521	0.00161	0.00433	0.00535	0.10068	0.00867
131	0.01374	0.01271	0.01245	0.01181	0.03592	0.10631	0.00899	0.03641	0.55919	0.02064	0.02048	0.02304	0.01654	0.00784	0.00560	0.00183	0.00507	0.08859	0.00500	0.00783
132	0.01278	0.00582	0.00647	0.00590	0.00772	0.00557	0.00457	0.01519	0.01207	0.16991	0.01823	0.01967	0.01367	0.00633	0.00408	0.00133	0.00291	0.00508	0.67690	0.00582
133	0.68542	0.10228	0.01079	0.00787	0.01129	0.07852	0.00658	0.01629	0.00985	0.02187	0.00754	0.00879	0.00603	0.00499	0.00346	0.00158	0.00480	0.00295	0.00316	0.00597
134	0.00659	0.00545	0.00578	0.00570	0.00740	0.00464	0.00427	0.00818	0.01282	0.01588	0.19622	0.04938	0.63298	0.01308	0.00634	0.00179	0.00268	0.01101	0.00517	0.00464
135	0.01113	0.00954	0.01113	0.00795	0.01272	0.00716	0.00636	0.01352	0.01113	0.01749	0.00954	0.01113	0.00795	0.00398	0.00398	0.00080	0.00398	0.00318	0.00318	0.84417
136	0.01147	0.18263	0.63486	0.01410	0.02137	0.01419	0.01774	0.01682	0.01125	0.01614	0.00921	0.01080	0.00682	0.00500	0.00477	0.00159	0.00750	0.00375	0.00227	0.00773
137	0.00667	0.00545	0.00589	0.00578	0.00745	0.00467	0.00433	0.00833	0.01300	0.01631	0.24030	0.04868	0.58864	0.01292	0.00634	0.00178	0.00267	0.01091	0.00522	0.00467
138	0.02193	0.00897	0.01182	0.00921	0.01310	0.00789	0.00756	0.05588	0.01544	0.66274	0.02456	0.02180	0.09902	0.00742	0.00550	0.00168	0.00442	0.00604	0.00640	0.00862
139	0.01108	0.00626	0.00814	0.00738	0.00846	0.00611	0.02290	0.01187	0.00957	0.16270	0.01756	0.04666	0.01759	0.51693	0.11988	0.00480	0.00630	0.00720	0.00390	0.00473
140	0.02135	0.01006	0.01277	0.01019	0.01402	0.00961	0.00846	0.17443	0.03433	0.52513	0.02032	0.02198	0.01449	0.00754	0.00562	0.00175	0.00488	0.08827	0.00616	0.00865
141	0.01335	0.01153	0.01214	0.01092	0.01396	0.01335	0.00850	0.02852	0.76817	0.02245	0.02185	0.02003	0.01639	0.00728	0.00546	0.00182	0.00425	0.00607	0.00546	0.00850
142	0.00780	0.00523	0.00596	0.00596	0.00600	0.00526	0.00339	0.00787	0.00784	0.01049	0.01682	0.03459	0.01928	0.78156	0.05679	0.00534	0.00556	0.00773	0.00324	0.00331
143	0.01085	0.04678	0.76528	0.01515	0.02300	0.01268	0.01958	0.01698	0.01132	0.01689	0.00958	0.01127	0.00680	0.00509	0.00506	0.00169	0.00788	0.00394	0.00227	0.00791
144	0.01852	0.02418	0.07951	0.01363	0.01686	0.63690	0.01096	0.02186	0.09973	0.01451	0.00994	0.01099	0.00797	0.00569	0.00493	0.00146	0.00892	0.00379	0.00303	0.00662
145	0.00865	0.00618	0.00865	0.00989	0.01112	0.00618	0.00865	0.01112	0.01236	0.01606	0.02842	0.06055	0.03089	0.01483	0.00741	0.00247	0.00494	0.74174	0.00494	0.00494
146	0.01053	0.02344	0.59733	0.01532	0.02211	0.01170	0.11486	0.01596	0.01145	0.01668	0.01276	0.07992	0.03145	0.00625	0.00544	0.00176	0.00752	0.00544	0.00263	0.00744
147	0.00767	0.00573	0.00851	0.00851	0.00943	0.00665	0.00656	0.00951	0.00859	0.01237	0.01449	0.02168	0.01368	0.07278	0.75791	0.00848	0.01399	0.00584	0.00289	0.00473
148	0.84927	0.01038	0.00789	0.00706	0.01038	0.01204	0.00581	0.01578	0.00914	0.02408	0.00747	0.00872	0.00581	0.00498	0.00332	0.00166	0.00415	0.00291	0.00332	0.00581

[dist]
# distance from previous block
# <min> <max>
0	1

[block]
# block no. 5 follows, 45 sequences, length 89
# corresponding to MSA columns:
# 540,541,545-618,620-632
name=unknown_F
#
# <colnr> <probs for GDERKNQSTAVLIFYWHMCP>
#	G	D	E	R	K	N	Q	S	T	A	V	L	I	F	Y	W	H	M	C	P
0	0.01093	0.05274	0.66355	0.07461	0.02418	0.01278	0.05455	0.01673	0.01134	0.01661	0.00961	0.01162	0.00689	0.00508	0.00512	0.00169	0.00785	0.00410	0.00230	0.00772
1	0.03297	0.60944	0.15914	0.01018	0.01525	0.01863	0.01085	0.01655	0.01121	0.04624	0.02254	0.01008	0.00792	0.00489	0.00387	0.00129	0.00598	0.00330	0.00256	0.00711
2	0.00814	0.00770	0.06684	0.00862	0.00987	0.00734	0.00704	0.00982	0.00887	0.01249	0.01707	0.02536	0.07073	0.22182	0.42836	0.00629	0.06943	0.00646	0.00304	0.00471
3	0.00857	0.00613	0.00854	0.00965	0.01089	0.00610	0.00838	0.01105	0.01257	0.01647	0.08405	0.05903	0.03236	0.01454	0.00733	0.00241	0.00476	0.68720	0.00501	0.00495
4	0.01329	0.01275	0.02179	0.03295	0.77787	0.01275	0.01647	0.01647	0.01222	0.01754	0.01010	0.01329	0.00850	0.00478	0.00531	0.00159	0.00638	0.00478	0.00266	0.00850
5	0.01113	0.00954	0.01113	0.00795	0.01272	0.00716	0.00636	0.01352	0.01113	0.01749	0.00954	0.01113	0.00795	0.00398	0.00398	0.00080	0.00398	0.00318	0.00318	0.84417
6	0.01447	0.79792	0.02786	0.00928	0.01384	0.03747	0.00921	0.01619	0.01100	0.01264	0.00748	0.00863	0.00689	0.00461	0.00347	0.00115	0.00582	0.00288	0.00231	0.00687
7	0.01356	0.01148	0.01214	0.01090	0.01395	0.01325	0.00848	0.02848	0.75352	0.03722	0.02183	0.01999	0.01633	0.00727	0.00546	0.00182	0.00425	0.00606	0.00548	0.00851
8	0.01094	0.06483	0.74795	0.01501	0.02279	0.01288	0.01933	0.01696	0.01131	0.01679	0.00953	0.01120	0.00680	0.00508	0.00502	0.00167	0.00783	0.00391	0.00227	0.00788
9	0.01609	0.01289	0.01368	0.01148	0.01500	0.01463	0.00916	0.31297	0.47926	0.02688	0.01836	0.01725	0.01356	0.00696	0.00543	0.00174	0.00489	0.00559	0.00543	0.00874
10	0.00767	0.00575	0.00863	0.00863	0.00959	0.00671	0.00671	0.00959	0.00863	0.01246	0.01438	0.02109	0.01342	0.04026	0.79008	0.00863	0.01438	0.00575	0.00288	0.00479
11	0.02005	0.02558	0.01521	0.01383	0.01659	0.78980	0.01037	0.02143	0.01521	0.01314	0.00830	0.00968	0.00691	0.00553	0.00484	0.00138	0.00968	0.00346	0.00277	0.00622
