[name]
unknown

[dist]
# distance from previous block
# <min> <max>
0	9

[block]
# block no. 0 follows, 39 sequences, length 10
# corresponding to MSA columns:
# 191-200
name=unknown_A
#
# <colnr> <probs for GDERKNQSTAVLIFYWHMCP>
#	G	D	E	R	K	N	Q	S	T	A	V	L	I	F	Y	W	H	M	C	P
0	0.01763	0.01303	0.01472	0.01232	0.01556	0.01450	0.01000	0.39803	0.10100	0.05457	0.01861	0.06454	0.01634	0.06504	0.00900	0.00230	0.06222	0.09671	0.00549	0.00839
1	0.01512	0.01027	0.01194	0.05380	0.01395	0.01128	0.00823	0.21254	0.04875	0.06597	0.01632	0.01956	0.01302	0.06669	0.04413	0.00236	0.06870	0.00568	0.27033	0.04137
2	0.00772	0.00562	0.00724	0.00834	0.00887	0.00542	0.00562	0.00963	0.05195	0.01576	0.05565	0.68717	0.03772	0.05257	0.00846	0.00251	0.00358	0.01568	0.00547	0.00503
3	0.01613	0.01308	0.02001	0.02238	0.29753	0.02962	0.10515	0.09519	0.04558	0.12017	0.01787	0.02130	0.06231	0.04211	0.00782	0.00206	0.03945	0.02948	0.00425	0.00849
4	0.01442	0.00977	0.01057	0.00897	0.01156	0.01023	0.00693	0.24210	0.05663	0.02526	0.05007	0.04361	0.01635	0.09453	0.00834	0.02058	0.00456	0.00627	0.29601	0.06325
5	0.01163	0.03132	0.01310	0.01129	0.01243	0.01202	0.00904	0.08518	0.01137	0.01654	0.01341	0.02011	0.01257	0.09646	0.32470	0.00553	0.25091	0.00595	0.05040	0.00605
6	0.01431	0.01205	0.01407	0.01074	0.01507	0.01155	0.00870	0.14162	0.06778	0.02214	0.01178	0.01340	0.00953	0.00591	0.00675	0.00134	0.10732	0.00427	0.00399	0.51770
7	0.05912	0.00807	0.01022	0.06519	0.01233	0.00894	0.00728	0.11308	0.01197	0.01749	0.01375	0.06402	0.01287	0.05743	0.06401	0.31986	0.04690	0.00606	0.09635	0.00504
8	0.01537	0.01113	0.01426	0.05168	0.01619	0.01102	0.06106	0.18964	0.06218	0.10072	0.09039	0.06291	0.03093	0.06367	0.00759	0.00197	0.00538	0.00677	0.03290	0.16428
9	0.01108	0.00971	0.01171	0.04545	0.01365	0.06352	0.04980	0.07621	0.01356	0.01783	0.06369	0.27046	0.09309	0.05770	0.07488	0.00284	0.03118	0.01007	0.00455	0.07901

[dist]
# distance from previous block
# <min> <max>
28	84

[block]
# block no. 1 follows, 39 sequences, length 35
# corresponding to MSA columns:
# 319-353
name=unknown_B
#
# <colnr> <probs for GDERKNQSTAVLIFYWHMCP>
#	G	D	E	R	K	N	Q	S	T	A	V	L	I	F	Y	W	H	M	C	P
0	0.01413	0.01531	0.08253	0.08881	0.10346	0.01369	0.29755	0.08861	0.02834	0.02048	0.01171	0.01470	0.00901	0.00544	0.00636	0.00174	0.02748	0.00557	0.00334	0.16174
1	0.01006	0.00657	0.00846	0.04564	0.01103	0.00628	0.00636	0.04150	0.01310	0.09002	0.07972	0.46280	0.12693	0.05247	0.00821	0.00237	0.00395	0.01334	0.00552	0.00565
2	0.01594	0.01056	0.01256	0.01006	0.01397	0.00979	0.00798	0.14832	0.05757	0.16198	0.05352	0.11861	0.01716	0.00953	0.03742	0.00189	0.00518	0.00669	0.00520	0.29606
3	0.04166	0.01180	0.03763	0.01181	0.01623	0.01039	0.09085	0.06217	0.05533	0.11765	0.01533	0.09097	0.01300	0.00698	0.00615	0.00155	0.04423	0.00593	0.00436	0.35599
4	0.05649	0.31446	0.05281	0.01233	0.01659	0.19965	0.04545	0.08965	0.01497	0.04898	0.01349	0.05737	0.04097	0.00683	0.00504	0.00158	0.00723	0.00505	0.00356	0.00750
5	0.01187	0.00852	0.00935	0.00819	0.00974	0.00870	0.00562	0.17643	0.01363	0.01822	0.02051	0.03304	0.07774	0.50320	0.02118	0.00424	0.00561	0.00787	0.00427	0.05206
6	0.01569	0.07959	0.05126	0.01203	0.01620	0.01530	0.01009	0.14330	0.45751	0.02505	0.01912	0.01828	0.01443	0.00714	0.00563	0.00179	0.00528	0.00574	0.00529	0.09126
7	0.01399	0.06717	0.05955	0.01204	0.01731	0.01137	0.10423	0.07778	0.04778	0.04237	0.01239	0.03180	0.01007	0.00540	0.00508	0.00130	0.00569	0.00468	0.00379	0.46622
8	0.01531	0.08227	0.09104	0.02250	0.30500	0.05076	0.07063	0.06758	0.07809	0.05898	0.08634	0.01773	0.01460	0.00645	0.00585	0.00177	0.00677	0.00577	0.00391	0.00863
9	0.01469	0.19033	0.11738	0.08796	0.07674	0.03845	0.32218	0.01880	0.01333	0.04856	0.01118	0.01401	0.00862	0.00531	0.00584	0.00178	0.00844	0.00541	0.00298	0.00801
10	0.00731	0.00519	0.00683	0.00810	0.00842	0.00487	0.00535	0.00826	0.01112	0.01483	0.03157	0.73346	0.03782	0.07514	0.00920	0.00265	0.00360	0.01621	0.00535	0.00471
11	0.00741	0.00548	0.00718	0.02981	0.00945	0.00514	0.00570	0.00874	0.01209	0.01602	0.10430	0.61569	0.11682	0.01716	0.00739	0.00229	0.00345	0.01543	0.00551	0.00495
12	0.04891	0.42560	0.08407	0.01113	0.01586	0.01849	0.01065	0.09961	0.07178	0.08080	0.01290	0.05024	0.01087	0.00712	0.01694	0.00170	0.01671	0.00476	0.00378	0.00807
13	0.01560	0.01025	0.01193	0.05210	0.01475	0.01062	0.00836	0.09990	0.23351	0.18640	0.04334	0.08021	0.18766	0.01003	0.00633	0.00196	0.00463	0.00838	0.00596	0.00806
14	0.00726	0.00521	0.00690	0.00814	0.00858	0.00485	0.00547	0.00840	0.01166	0.01559	0.07259	0.73205	0.05514	0.01810	0.00750	0.00236	0.00339	0.01639	0.00555	0.00485
15	0.01167	0.01115	0.01725	0.71451	0.03846	0.04779	0.01574	0.01545	0.01207	0.01533	0.01077	0.01576	0.00814	0.00596	0.00582	0.00193	0.00782	0.00520	0.03264	0.00654
16	0.01361	0.01481	0.11700	0.41780	0.07228	0.01429	0.06850	0.12763	0.05935	0.02009	0.01206	0.01543	0.00895	0.00608	0.00596	0.00192	0.00769	0.00536	0.00337	0.00782
17	0.01310	0.01927	0.22486	0.02184	0.02830	0.01412	0.50633	0.01846	0.01372	0.01915	0.05216	0.01658	0.01115	0.00554	0.00662	0.00195	0.00925	0.00650	0.00305	0.00805
18	0.03136	0.01738	0.05902	0.03363	0.25742	0.18123	0.01335	0.09621	0.03045	0.10467	0.01246	0.01402	0.00956	0.00595	0.00576	0.00165	0.01945	0.00478	0.00387	0.09778
19	0.01581	0.79572	0.03099	0.01012	0.01518	0.02340	0.01012	0.01771	0.01202	0.01391	0.00822	0.00949	0.00759	0.00506	0.00379	0.00126	0.00632	0.00316	0.00253	0.00759
20	0.01558	0.09733	0.35894	0.01352	0.02023	0.01251	0.03840	0.02008	0.01341	0.17897	0.01316	0.01392	0.00934	0.00567	0.00532	0.00162	0.00690	0.00451	0.00376	0.16683
21	0.01546	0.07923	0.24094	0.01420	0.01946	0.01593	0.03614	0.18525	0.22622	0.02416	0.02988	0.01617	0.01215	0.00698	0.00651	0.00189	0.05070	0.00541	0.00439	0.00891
22	0.02302	0.01401	0.01600	0.01246	0.01698	0.01474	0.01027	0.45102	0.06321	0.26834	0.01812	0.01789	0.01259	0.00746	0.00599	0.00183	0.00591	0.02390	0.00636	0.00990
23	0.02409	0.01034	0.01346	0.01052	0.01480	0.00943	0.00862	0.08135	0.05130	0.60728	0.06513	0.02218	0.03778	0.00782	0.00604	0.00184	0.00494	0.00639	0.00705	0.00963
24	0.00766	0.00551	0.00711	0.00812	0.00861	0.00526	0.00544	0.00922	0.03420	0.01575	0.08897	0.63497	0.03817	0.08962	0.00955	0.00266	0.00363	0.01524	0.00541	0.00489
25	0.01269	0.03528	0.04190	0.47840	0.06822	0.05698	0.07223	0.02769	0.01223	0.01580	0.01027	0.01488	0.00809	0.00667	0.00781	0.02326	0.09278	0.00521	0.00274	0.00687
26	0.00866	0.00579	0.00758	0.00842	0.00938	0.00536	0.00610	0.01014	0.01251	0.05837	0.08008	0.52455	0.11452	0.01682	0.00744	0.00233	0.00370	0.10733	0.00565	0.00526
27	0.00807	0.00551	0.00661	0.00713	0.00726	0.00538	0.00431	0.00846	0.00963	0.01284	0.02393	0.32323	0.02819	0.49852	0.02154	0.00447	0.00486	0.01172	0.00431	0.00405
28	0.04247	0.14150	0.10432	0.05914	0.11455	0.35581	0.03799	0.03424	0.02723	0.01665	0.00992	0.01189	0.00807	0.00576	0.00526	0.00162	0.00878	0.00421	0.00299	0.00761
29	0.01146	0.00692	0.00898	0.00856	0.00939	0.00714	0.00601	0.10436	0.03278	0.01507	0.01585	0.11056	0.03883	0.05367	0.01830	0.53234	0.00506	0.00698	0.00360	0.00414
30	0.05468	0.00983	0.01313	0.01020	0.01452	0.00864	0.00839	0.02715	0.01666	0.68029	0.07466	0.02146	0.01727	0.00759	0.00594	0.00183	0.00486	0.00618	0.00713	0.00961
31	0.01769	0.01317	0.01499	0.01332	0.05593	0.01424	0.00998	0.48879	0.02232	0.02996	0.01928	0.23504	0.01831	0.01026	0.00638	0.00195	0.00566	0.00860	0.00563	0.00852
32	0.01654	0.01445	0.04632	0.03072	0.58432	0.03810	0.01649	0.02017	0.02786	0.12794	0.01308	0.01538	0.01019	0.00566	0.00585	0.00177	0.00686	0.00532	0.00362	0.00937
33	0.01335	0.01456	0.02995	0.18553	0.06650	0.01467	0.51376	0.01787	0.01325	0.01793	0.01142	0.01571	0.00870	0.00544	0.00727	0.00201	0.04506	0.00645	0.00289	0.00767
34	0.01346	0.08362	0.08514	0.01008	0.01560	0.01077	0.00907	0.08001	0.01365	0.02035	0.01064	0.01221	0.00865	0.00480	0.00458	0.00109	0.00516	0.00372	0.00354	0.60388

[dist]
# distance from previous block
# <min> <max>
0	1

[block]
# block no. 2 follows, 39 sequences, length 10
# corresponding to MSA columns:
# 355-364
name=unknown_C
#
# <colnr> <probs for GDERKNQSTAVLIFYWHMCP>
#	G	D	E	R	K	N	Q	S	T	A	V	L	I	F	Y	W	H	M	C	P
0	0.11065	0.09736	0.01745	0.01383	0.01693	0.47508	0.01090	0.07421	0.01554	0.01743	0.00918	0.01095	0.00768	0.00647	0.00659	0.00167	0.09387	0.00394	0.00323	0.00707
1	0.00849	0.00578	0.00692	0.00701	0.00718	0.00591	0.00426	0.00886	0.00891	0.01203	0.01913	0.08503	0.02167	0.63340	0.13594	0.00607	0.00705	0.00880	0.00365	0.00391
2	0.01670	0.01272	0.04857	0.03873	0.05869	0.01267	0.01020	0.19081	0.22126	0.13590	0.11549	0.02413	0.07107	0.00837	0.00614	0.00188	0.00523	0.00694	0.00576	0.00871
3	0.01450	0.01059	0.01255	0.00923	0.01426	0.00845	0.00741	0.01801	0.06166	0.12715	0.01328	0.01406	0.01023	0.00505	0.00472	0.00109	0.00449	0.00407	0.00423	0.65497
4	0.05086	0.10277	0.08499	0.01304	0.01690	0.07639	0.01145	0.15435	0.22216	0.07127	0.01502	0.01548	0.01143	0.00734	0.00751	0.00190	0.11889	0.00519	0.00455	0.00854
5	0.01423	0.01117	0.01309	0.09158	0.01678	0.03416	0.00887	0.17374	0.01573	0.05583	0.01648	0.16884	0.01547	0.00958	0.03284	0.00187	0.00567	0.00697	0.00449	0.30263
6	0.02049	0.09676	0.01722	0.01182	0.01635	0.01542	0.00985	0.41092	0.03987	0.15430	0.03414	0.01625	0.01218	0.03111	0.00633	0.00177	0.00587	0.00530	0.00551	0.08854
7	0.00785	0.00619	0.00711	0.00708	0.00870	0.00560	0.00523	0.01041	0.04686	0.01896	0.29729	0.15299	0.37605	0.01415	0.00702	0.00201	0.00306	0.01220	0.00587	0.00537
8	0.00847	0.00623	0.00897	0.00897	0.00984	0.00710	0.00673	0.01022	0.00935	0.01333	0.01633	0.02593	0.01596	0.17496	0.63973	0.00885	0.01408	0.00673	0.00324	0.00498
9	0.01240	0.05457	0.55352	0.01762	0.04943	0.01482	0.06664	0.01803	0.01210	0.01793	0.01022	0.01274	0.00770	0.00623	0.00765	0.00196	0.12091	0.00464	0.00256	0.00834

[dist]
# distance from previous block
# <min> <max>
1	1

[block]
# block no. 3 follows, 39 sequences, length 22
# corresponding to MSA columns:
# 367-388
name=unknown_D
#
# <colnr> <probs for GDERKNQSTAVLIFYWHMCP>
#	G	D	E	R	K	N	Q	S	T	A	V	L	I	F	Y	W	H	M	C	P
0	0.00748	0.00592	0.00677	0.00701	0.00857	0.00521	0.00525	0.00924	0.01376	0.01745	0.18687	0.17758	0.44523	0.01512	0.00717	0.00209	0.00321	0.06528	0.00568	0.00511
1	0.00724	0.00523	0.00685	0.00807	0.00855	0.00485	0.00544	0.00837	0.01166	0.01549	0.06278	0.71654	0.08094	0.01807	0.00749	0.00236	0.00338	0.01632	0.00553	0.00485
2	0.06913	0.01243	0.02151	0.29680	0.10724	0.01354	0.21458	0.01780	0.08307	0.01832	0.01337	0.06155	0.01107	0.00662	0.00650	0.00199	0.02733	0.00642	0.00333	0.00741
3	0.01464	0.01438	0.02593	0.11069	0.42377	0.01451	0.21724	0.06964	0.01446	0.02006	0.01151	0.01509	0.00915	0.00539	0.00618	0.00185	0.00790	0.00575	0.00313	0.00873
4	0.00721	0.00515	0.00686	0.00823	0.00858	0.00480	0.00549	0.00823	0.01132	0.01510	0.03259	0.78831	0.03911	0.01853	0.00755	0.00240	0.00343	0.01681	0.00549	0.00480
5	0.75819	0.01131	0.00916	0.00803	0.01178	0.01284	0.00662	0.01846	0.01071	0.09529	0.00965	0.01059	0.00718	0.00566	0.00387	0.00183	0.00462	0.00346	0.00400	0.00675
6	0.05650	0.01546	0.01970	0.14094	0.34054	0.13381	0.03964	0.02079	0.13740	0.01917	0.01279	0.01523	0.01017	0.00597	0.00574	0.00181	0.00732	0.00523	0.00346	0.00834
7	0.01456	0.03167	0.09949	0.01036	0.01369	0.04565	0.00917	0.09010	0.01678	0.16449	0.32283	0.05973	0.06002	0.00977	0.00665	0.00186	0.02195	0.00817	0.00570	0.00735
8	0.77630	0.01135	0.00917	0.03179	0.01249	0.01308	0.00681	0.01777	0.01039	0.05532	0.00891	0.01022	0.00678	0.00558	0.00382	0.00183	0.00470	0.00338	0.00377	0.00656
9	0.02285	0.01489	0.01680	0.01334	0.03515	0.01591	0.01070	0.55249	0.02473	0.18937	0.01616	0.01600	0.01126	0.02431	0.00645	0.00187	0.00619	0.00553	0.00609	0.00990
10	0.00850	0.00577	0.00652	0.00649	0.00670	0.00568	0.00377	0.00877	0.00943	0.01256	0.07143	0.04008	0.06432	0.69546	0.02723	0.00526	0.00538	0.00896	0.00389	0.00380
11	0.03561	0.50008	0.17681	0.01152	0.01687	0.08082	0.01210	0.01811	0.01248	0.01584	0.00958	0.01110	0.00809	0.00540	0.00431	0.00143	0.00687	0.00363	0.06174	0.00759
12	0.01721	0.06362	0.08341	0.01447	0.04251	0.01574	0.05823	0.38982	0.02010	0.02719	0.01547	0.12497	0.01367	0.00914	0.01985	0.00204	0.06237	0.00687	0.00477	0.00854
13	0.00907	0.00660	0.00890	0.00997	0.01138	0.00644	0.00852	0.01160	0.01376	0.01785	0.08667	0.08471	0.12332	0.01593	0.00792	0.00256	0.00490	0.55899	0.00553	0.00538
14	0.01288	0.01298	0.04915	0.24195	0.29428	0.03123	0.06689	0.03731	0.03604	0.01814	0.01551	0.07228	0.03719	0.00737	0.00620	0.00194	0.00710	0.04042	0.00340	0.00775
15	0.16198	0.09243	0.03570	0.10565	0.06199	0.02623	0.03172	0.10742	0.09990	0.04667	0.05579	0.04660	0.01338	0.00741	0.00675	0.00190	0.08106	0.00565	0.00413	0.00765
16	0.00790	0.00606	0.00728	0.00754	0.00884	0.00561	0.00543	0.01042	0.05059	0.01863	0.27377	0.30214	0.24422	0.01491	0.00713	0.00209	0.00316	0.01310	0.00585	0.00534
17	0.00735	0.00529	0.00691	0.00800	0.00851	0.00491	0.00540	0.00854	0.01188	0.01588	0.10362	0.65983	0.07444	0.03934	0.00810	0.00242	0.00341	0.01578	0.00554	0.00485
18	0.09915	0.19070	0.10557	0.09055	0.07783	0.12691	0.15020	0.03515	0.01329	0.01785	0.00990	0.01245	0.00795	0.00563	0.00575	0.00173	0.03426	0.00460	0.00292	0.00762
19	0.01295	0.22799	0.39799	0.01509	0.02176	0.01562	0.11010	0.01785	0.01277	0.01791	0.04960	0.01427	0.01062	0.00579	0.00532	0.00170	0.00766	0.00478	0.04219	0.00802
20	0.00936	0.00674	0.00929	0.01051	0.01190	0.00667	0.00912	0.01202	0.01373	0.01785	0.06144	0.06532	0.07107	0.01610	0.00806	0.00265	0.00522	0.65205	0.00549	0.00543
21	0.01407	0.01375	0.02278	0.11860	0.51426	0.03233	0.07752	0.03165	0.01353	0.01869	0.01347	0.01684	0.04649	0.00604	0.00648	0.00184	0.03429	0.00574	0.00308	0.00855

[dist]
# distance from previous block
# <min> <max>
4	6

[block]
# block no. 4 follows, 39 sequences, length 27
# corresponding to MSA columns:
# 395-421
name=unknown_E
#
# <colnr> <probs for GDERKNQSTAVLIFYWHMCP>
#	G	D	E	R	K	N	Q	S	T	A	V	L	I	F	Y	W	H	M	C	P
0	0.00792	0.00602	0.00721	0.00736	0.00878	0.00546	0.00555	0.00985	0.01403	0.01838	0.28096	0.12255	0.30703	0.06902	0.00881	0.00235	0.00348	0.10441	0.00569	0.00513
1	0.17377	0.18230	0.04497	0.11599	0.06050	0.06021	0.01094	0.14341	0.01538	0.04881	0.07986	0.01528	0.01269	0.00645	0.00508	0.00170	0.00624	0.00484	0.00395	0.00766
2	0.01434	0.01654	0.20651	0.09775	0.05432	0.01264	0.05964	0.06042	0.13439	0.09307	0.03440	0.04926	0.01303	0.00700	0.00635	0.00184	0.03458	0.00589	0.00415	0.09387
3	0.61058	0.04018	0.01101	0.00889	0.01265	0.01409	0.00735	0.12631	0.04190	0.02750	0.04500	0.01242	0.00980	0.00613	0.00426	0.00181	0.00485	0.00401	0.00419	0.00708
4	0.01316	0.01117	0.01277	0.01134	0.01439	0.01226	0.03438	0.04920	0.48229	0.02347	0.11029	0.05993	0.06648	0.00938	0.00630	0.00198	0.00458	0.03339	0.00580	0.03744
5	0.00857	0.00582	0.00685	0.00693	0.00721	0.00574	0.00429	0.00915	0.01010	0.01363	0.11749	0.07294	0.02757	0.60830	0.02473	0.00489	0.00523	0.05238	0.00417	0.00401
6	0.00931	0.00779	0.01232	0.07484	0.01439	0.00795	0.10381	0.01090	0.01111	0.01505	0.04067	0.36881	0.02597	0.16107	0.01271	0.02845	0.05266	0.01141	0.00426	0.02652
7	0.00909	0.00740	0.00761	0.00705	0.00939	0.00678	0.00542	0.10520	0.01548	0.01905	0.07525	0.05084	0.63258	0.01384	0.00685	0.00196	0.00346	0.01147	0.00558	0.00568
8	0.00804	0.00550	0.00661	0.00716	0.00730	0.00536	0.00435	0.00845	0.00969	0.01292	0.02421	0.33826	0.02854	0.48300	0.02109	0.00440	0.00481	0.01188	0.00435	0.00407
9	0.00750	0.00587	0.00679	0.00684	0.00837	0.00516	0.00502	0.00936	0.01425	0.01849	0.29270	0.16908	0.40035	0.01455	0.00707	0.00201	0.00299	0.01256	0.00584	0.00516
10	0.06860	0.10014	0.60832	0.01578	0.02364	0.03033	0.03739	0.01865	0.01240	0.01873	0.01023	0.01206	0.00747	0.00555	0.00534	0.00181	0.00830	0.00423	0.00260	0.00841
11	0.05573	0.01631	0.01570	0.01261	0.01664	0.10450	0.01018	0.50104	0.06885	0.03154	0.01449	0.01523	0.01077	0.02242	0.00608	0.00181	0.00646	0.00522	0.07547	0.00896
12	0.00846	0.00629	0.00928	0.00928	0.01026	0.00727	0.00712	0.01042	0.00944	0.01357	0.01604	0.02435	0.01527	0.09825	0.71550	0.00923	0.01511	0.00650	0.00320	0.00516
13	0.05281	0.01002	0.01293	0.01023	0.01433	0.00917	0.00842	0.07834	0.01707	0.57430	0.05324	0.02228	0.01655	0.00777	0.00588	0.00183	0.00491	0.03376	0.05689	0.00928
14	0.03397	0.02754	0.06623	0.24171	0.29174	0.07487	0.07980	0.04881	0.01390	0.04904	0.01135	0.01464	0.00880	0.00568	0.00584	0.00182	0.00776	0.00519	0.00315	0.00816
15	0.00893	0.00609	0.00701	0.00709	0.00735	0.00610	0.00427	0.03951	0.00993	0.01324	0.02105	0.17744	0.02430	0.61445	0.02486	0.00494	0.00534	0.00999	0.00404	0.00409
16	0.07268	0.17831	0.26080	0.05176	0.02239	0.11091	0.12456	0.04678	0.01340	0.01817	0.01000	0.01222	0.00781	0.00574	0.00591	0.00175	0.04161	0.00449	0.00287	0.00784
17	0.00864	0.00666	0.00975	0.04615	0.01215	0.00654	0.05105	0.03568	0.01226	0.01630	0.02909	0.57810	0.03371	0.03856	0.00809	0.00246	0.00443	0.08990	0.00516	0.00530
18	0.00915	0.00706	0.00990	0.00926	0.00997	0.00792	0.03238	0.01045	0.00969	0.01364	0.06101	0.02964	0.01917	0.34715	0.31546	0.00653	0.08588	0.00745	0.00348	0.00481
19	0.01706	0.52818	0.10535	0.01187	0.01694	0.15481	0.01159	0.04129	0.01355	0.03893	0.00930	0.01050	0.00788	0.00544	0.00440	0.00141	0.00732	0.00356	0.00287	0.00774
20	0.01244	0.13188	0.64439	0.01618	0.02436	0.01505	0.03993	0.01860	0.01246	0.01809	0.01033	0.01218	0.00755	0.00553	0.00541	0.00180	0.00845	0.00428	0.00252	0.00857
21	0.01861	0.00837	0.01063	0.00873	0.01218	0.00721	0.00702	0.02068	0.01568	0.45225	0.08156	0.03383	0.26074	0.01014	0.00632	0.00188	0.00417	0.00839	0.02359	0.00801
22	0.00918	0.00735	0.00791	0.00797	0.00934	0.05309	0.00576	0.01087	0.01364	0.03590	0.23500	0.24989	0.19514	0.08074	0.00898	0.00236	0.00394	0.03720	0.00547	0.02028
23	0.23926	0.29755	0.03726	0.01090	0.04894	0.03362	0.00919	0.04458	0.01250	0.07438	0.01086	0.01234	0.00878	0.00732	0.03706	0.00189	0.01867	0.00393	0.05420	0.03676
24	0.00847	0.00630	0.00794	0.00780	0.00915	0.00598	0.00574	0.01173	0.06232	0.02163	0.52304	0.18787	0.09314	0.01326	0.00703	0.00198	0.00305	0.01173	0.00622	0.00564
25	0.00814	0.00600	0.00752	0.00750	0.00870	0.00559	0.00541	0.01059	0.03283	0.02031	0.45990	0.20067	0.12842	0.06129	0.00848	0.00223	0.00317	0.01195	0.00599	0.00532
26	0.01215	0.15724	0.20963	0.03576	0.04429	0.01387	0.05288	0.04543	0.01244	0.01710	0.03341	0.18101	0.01631	0.03732	0.00843	0.00210	0.10254	0.00748	0.00349	0.00711

[dist]
# distance from previous block
# <min> <max>
0	1

[block]
# block no. 5 follows, 39 sequences, length 11
# corresponding to MSA columns:
# 423,424,427-435
name=unknown_F
#
# <colnr> <probs for GDERKNQSTAVLIFYWHMCP>
#	G	D	E	R	K	N	Q	S	T	A	V	L	I	F	Y	W	H	M	C	P
0	0.01052	0.00982	0.04637	0.01384	0.01644	0.00891	0.17252	0.01399	0.03260	0.01761	0.02522	0.10910	0.02650	0.06116	0.00904	0.00266	0.00644	0.40651	0.00467	0.00609
1	0.01008	0.01568	0.29719	0.01321	0.04943	0.00910	0.01310	0.01352	0.01213	0.01684	0.02223	0.20141	0.05514	0.01254	0.00821	0.07523	0.00618	0.15834	0.00396	0.00646
2	0.06056	0.35527	0.12282	0.05876	0.09914	0.05390	0.04034	0.04330	0.01340	0.04961	0.04455	0.01335	0.01040	0.00577	0.00489	0.00158	0.00685	0.00440	0.00319	0.00789
3	0.01383	0.16567	0.46194	0.01492	0.02157	0.12191	0.01724	0.01870	0.01310	0.01717	0.01170	0.01622	0.00974	0.00648	0.00546	0.00179	0.00830	0.06344	0.00283	0.00799
4	0.00987	0.11817	0.01093	0.00850	0.04025	0.00873	0.00544	0.01046	0.00937	0.01233	0.01661	0.03227	0.01846	0.58633	0.08494	0.00523	0.00669	0.00750	0.00337	0.00454
5	0.57739	0.01267	0.05656	0.04666	0.01452	0.01321	0.00841	0.02005	0.11488	0.07020	0.01166	0.01250	0.00870	0.00599	0.00437	0.00186	0.00504	0.00404	0.00410	0.00720
6	0.00803	0.00583	0.00719	0.00764	0.00853	0.00552	0.00531	0.00996	0.03509	0.01728	0.20624	0.35554	0.12601	0.12562	0.01043	0.00267	0.00362	0.03076	0.02373	0.00501
7	0.13125	0.01675	0.17182	0.06920	0.31042	0.01359	0.07586	0.04268	0.01349	0.08294	0.01177	0.01411	0.00891	0.00562	0.00560	0.00183	0.00714	0.00499	0.00340	0.00862
8	0.05171	0.00963	0.01219	0.00947	0.01350	0.00817	0.03734	0.03281	0.01410	0.15444	0.13492	0.06438	0.01937	0.00721	0.00537	0.00142	0.00442	0.00613	0.03203	0.38138
9	0.13447	0.36657	0.07059	0.03960	0.01877	0.10818	0.11344	0.01834	0.01245	0.01688	0.00907	0.01114	0.00763	0.00556	0.00538	0.00161	0.04610	0.00403	0.00282	0.00736
10	0.01681	0.01224	0.01343	0.01177	0.01533	0.01364	0.00924	0.03096	0.61557	0.15499	0.02394	0.02172	0.01745	0.00790	0.00600	0.00197	0.00474	0.00656	0.00625	0.00949

[dist]
# distance from previous block
# <min> <max>
1	3

[block]
# block no. 6 follows, 39 sequences, length 61
# corresponding to MSA columns:
# 439-485,503-516
name=unknown_G
#
# <colnr> <probs for GDERKNQSTAVLIFYWHMCP>
#	G	D	E	R	K	N	Q	S	T	A	V	L	I	F	Y	W	H	M	C	P
0	0.01256	0.00879	0.00998	0.00904	0.01095	0.00914	0.00666	0.11829	0.13207	0.06551	0.11057	0.05111	0.07901	0.28701	0.01488	0.00332	0.00501	0.05458	0.00519	0.00633
1	0.00869	0.00610	0.00834	0.00834	0.00912	0.00678	0.00607	0.01026	0.00948	0.01374	0.01689	0.02748	0.01670	0.25112	0.50234	0.00782	0.01199	0.00691	0.06702	0.00482
2	0.02209	0.02819	0.01676	0.01524	0.01828	0.76843	0.01143	0.02361	0.01676	0.01447	0.00914	0.01066	0.00762	0.00609	0.00533	0.00152	0.01066	0.00381	0.00305	0.00686
3	0.00940	0.00737	0.00971	0.08122	0.01173	0.00844	0.00682	0.01037	0.00992	0.01366	0.07400	0.10982	0.02220	0.42590	0.04266	0.00431	0.13541	0.00866	0.00374	0.00468
4	0.00847	0.00559	0.00744	0.00843	0.00917	0.00519	0.00591	0.00978	0.01212	0.05639	0.06927	0.64015	0.05896	0.01734	0.00746	0.00235	0.00361	0.06157	0.00564	0.00518
5	0.00721	0.00515	0.00686	0.00823	0.00858	0.00480	0.00549	0.00823	0.01132	0.01510	0.03259	0.78831	0.03911	0.01853	0.00755	0.00240	0.00343	0.01681	0.00549	0.00480
6	0.02099	0.02620	0.01662	0.06189	0.01949	0.67833	0.01161	0.02355	0.05867	0.01511	0.01009	0.01164	0.00824	0.00619	0.00541	0.00158	0.01015	0.00406	0.00319	0.00698
7	0.00941	0.00647	0.00817	0.00783	0.00937	0.00602	0.00582	0.04002	0.01580	0.05582	0.47841	0.18782	0.12006	0.01322	0.00700	0.00197	0.00319	0.01163	0.00622	0.00575
8	0.00726	0.00520	0.00682	0.00809	0.00846	0.00485	0.00537	0.00826	0.01126	0.01495	0.03271	0.73326	0.05818	0.05421	0.00858	0.00254	0.00353	0.01631	0.00540	0.00475
9	0.00949	0.00632	0.00834	0.00783	0.00941	0.00584	0.00600	0.01225	0.01656	0.06601	0.66562	0.04416	0.05208	0.01207	0.00699	0.00191	0.00308	0.05370	0.00649	0.00583
10	0.01411	0.43506	0.33419	0.01435	0.05994	0.01887	0.01543	0.01816	0.01229	0.01621	0.00937	0.01101	0.00765	0.00530	0.00467	0.00154	0.00737	0.00378	0.00254	0.00816
11	0.61758	0.01399	0.08585	0.00937	0.01358	0.04308	0.00847	0.03934	0.01174	0.08205	0.02337	0.01151	0.00820	0.00583	0.00423	0.00182	0.00530	0.00375	0.00392	0.00703
12	0.09144	0.04493	0.01641	0.01391	0.01735	0.49913	0.01078	0.17127	0.01810	0.02024	0.01033	0.01172	0.00827	0.00757	0.03207	0.00188	0.00933	0.00414	0.00369	0.00745
13	0.01523	0.01496	0.02312	0.06031	0.66055	0.06602	0.01745	0.03686	0.01400	0.01930	0.01104	0.01439	0.00921	0.00540	0.00582	0.00175	0.00729	0.00517	0.00300	0.00911
14	0.00716	0.00534	0.00666	0.00772	0.00844	0.00485	0.00526	0.00829	0.01182	0.01530	0.03889	0.61986	0.20350	0.01771	0.00742	0.00231	0.00333	0.01581	0.00549	0.00485
15	0.01436	0.01367	0.02291	0.06888	0.67402	0.01387	0.01742	0.01847	0.04655	0.01946	0.02634	0.01561	0.01061	0.00556	0.00589	0.00178	0.00688	0.00544	0.00312	0.00916
16	0.00743	0.00541	0.00734	0.04302	0.00996	0.00521	0.00592	0.00856	0.01125	0.01497	0.03112	0.72761	0.03710	0.04451	0.00825	0.00250	0.00371	0.01601	0.00529	0.00484
17	0.00811	0.00591	0.00764	0.00748	0.00875	0.00543	0.00550	0.01056	0.01573	0.02196	0.60331	0.15814	0.09288	0.01323	0.00706	0.00195	0.00290	0.01173	0.00630	0.00543
18	0.01186	0.03059	0.76153	0.01686	0.02560	0.01373	0.02185	0.01873	0.01249	0.01873	0.01061	0.01249	0.00749	0.00562	0.00562	0.00187	0.00874	0.00437	0.00250	0.00874
19	0.01789	0.06396	0.01525	0.01191	0.01554	0.12413	0.00951	0.24553	0.20883	0.07245	0.02167	0.04399	0.09072	0.02403	0.00637	0.00189	0.00605	0.00652	0.00530	0.00844
20	0.01608	0.00793	0.01055	0.00913	0.01182	0.00719	0.00724	0.03679	0.01649	0.32114	0.33702	0.09022	0.03527	0.01079	0.00665	0.00194	0.00402	0.05559	0.00668	0.00745
21	0.01199	0.01167	0.01502	0.01341	0.01398	0.06520	0.01090	0.01359	0.00973	0.01407	0.01067	0.01637	0.01020	0.02190	0.27938	0.00492	0.46258	0.00549	0.00282	0.00608
22	0.02134	0.05246	0.01709	0.01289	0.01727	0.05591	0.01062	0.47508	0.11037	0.11987	0.01641	0.01691	0.01199	0.00734	0.00586	0.00180	0.00629	0.02516	0.00577	0.00956
23	0.08067	0.02923	0.22986	0.13929	0.14022	0.01360	0.03622	0.09497	0.05167	0.05518	0.01358	0.04667	0.01093	0.00674	0.00577	0.00190	0.00707	0.02451	0.00366	0.00825
24	0.00953	0.00681	0.00953	0.01089	0.01225	0.00681	0.00953	0.01225	0.01361	0.01770	0.03131	0.06671	0.03403	0.01634	0.00817	0.00272	0.00545	0.71547	0.00545	0.00545
25	0.07325	0.01015	0.01095	0.00979	0.01229	0.02490	0.00756	0.18567	0.12382	0.02524	0.23379	0.16321	0.05785	0.01087	0.00636	0.00194	0.00435	0.00922	0.02167	0.00711
26	0.04569	0.13860	0.04417	0.04544	0.01764	0.12327	0.01078	0.30719	0.04890	0.06609	0.08269	0.01629	0.01391	0.00700	0.00552	0.00169	0.00664	0.00526	0.00478	0.00845
27	0.01229	0.07166	0.11111	0.43806	0.07619	0.01356	0.05709	0.04075	0.01232	0.01627	0.01058	0.01499	0.00827	0.00714	0.00740	0.07994	0.00763	0.00508	0.00275	0.00691
28	0.73576	0.01150	0.00975	0.04354	0.03222	0.01328	0.00729	0.03794	0.01088	0.02608	0.02320	0.01083	0.00762	0.00568	0.00395	0.00183	0.00481	0.00356	0.00372	0.00658
29	0.00752	0.00599	0.00674	0.00659	0.00832	0.00521	0.00493	0.00951	0.01469	0.01893	0.32501	0.06668	0.47107	0.01394	0.00700	0.00195	0.00293	0.01188	0.00588	0.00521
30	0.01457	0.01501	0.09195	0.08081	0.48517	0.01343	0.10001	0.01850	0.01347	0.05948	0.01212	0.01526	0.00957	0.00549	0.00590	0.00180	0.00730	0.00543	0.03589	0.00884
31	0.01389	0.01072	0.01323	0.01069	0.05705	0.00855	0.00796	0.01651	0.01274	0.09578	0.01181	0.01323	0.00938	0.00487	0.00497	0.00106	0.02209	0.00390	0.00384	0.67772
32	0.01610	0.76022	0.03033	0.01036	0.01532	0.05786	0.01018	0.01798	0.01224	0.01394	0.00826	0.00954	0.00759	0.00511	0.00387	0.00128	0.00653	0.00319	0.00255	0.00756
33	0.00823	0.00599	0.00775	0.00742	0.00878	0.00551	0.00552	0.01086	0.01626	0.02283	0.67595	0.09047	0.08702	0.01262	0.00701	0.00190	0.00284	0.01115	0.00640	0.00551
34	0.02017	0.01488	0.01616	0.01264	0.01683	0.01632	0.01034	0.61069	0.04102	0.03495	0.12671	0.01892	0.01718	0.00788	0.00608	0.00179	0.00590	0.00617	0.00601	0.00936
35	0.01471	0.01270	0.01337	0.01203	0.01538	0.01471	0.00936	0.03142	0.74459	0.02474	0.02407	0.02206	0.01805	0.00802	0.00602	0.00201	0.00468	0.00669	0.00602	0.00936
36	0.00854	0.00575	0.00665	0.00670	0.00677	0.00580	0.00388	0.00871	0.00874	0.01172	0.01892	0.06232	0.02166	0.72089	0.07472	0.00586	0.00628	0.00873	0.00362	0.00373
37	0.02209	0.02819	0.01676	0.01524	0.01828	0.76843	0.01143	0.02361	0.01676	0.01447	0.00914	0.01066	0.00762	0.00609	0.00533	0.00152	0.01066	0.00381	0.00305	0.00686
38	0.00831	0.00702	0.00731	0.00706	0.00920	0.00653	0.00535	0.01226	0.12508	0.01812	0.12696	0.05028	0.56804	0.01362	0.00684	0.00198	0.00323	0.01141	0.00568	0.00572
39	0.00734	0.00525	0.00699	0.00814	0.00861	0.00490	0.00550	0.00858	0.01197	0.01613	0.11852	0.69945	0.04111	0.01776	0.00748	0.00234	0.00335	0.01608	0.00561	0.00490
40	0.00699	0.00599	0.00599	0.00599	0.00799	0.00499	0.00449	0.00849	0.01348	0.01598	0.05991	0.05691	0.75288	0.01498	0.00699	0.00200	0.00300	0.01248	0.00549	0.00499
41	0.01497	0.06006	0.02362	0.07400	0.62805	0.06087	0.01718	0.01829	0.01349	0.01848	0.01080	0.01416	0.00908	0.00534	0.00571	0.00173	0.00726	0.00506	0.00290	0.00896
42	0.10380	0.01020	0.01324	0.01026	0.01475	0.00913	0.00847	0.02773	0.01627	0.68924	0.02189	0.01912	0.01385	0.00714	0.00573	0.00183	0.00499	0.00568	0.00697	0.00971
43	0.00721	0.00515	0.00686	0.00823	0.00858	0.00480	0.00549	0.00823	0.01132	0.01510	0.03259	0.78831	0.03911	0.01853	0.00755	0.00240	0.00343	0.01681	0.00549	0.00480
44	0.01102	0.00551	0.00551	0.00551	0.00689	0.00551	0.00413	0.01378	0.01240	0.02205	0.01929	0.02205	0.01516	0.00689	0.00413	0.00138	0.00276	0.00551	0.82500	0.00551
45	0.01374	0.01316	0.02160	0.28994	0.48223	0.02857	0.01730	0.03032	0.01323	0.01811	0.01093	0.01494	0.00884	0.00554	0.00587	0.00183	0.00738	0.00524	0.00288	0.00837
46	0.02304	0.01014	0.01319	0.01058	0.01467	0.00939	0.00863	0.02765	0.13149	0.57619	0.06845	0.02331	0.01829	0.00799	0.00609	0.00189	0.00485	0.02763	0.00701	0.00954
47	0.01284	0.01280	0.01809	0.05974	0.01699	0.01783	0.01314	0.01428	0.00922	0.01428	0.00792	0.01310	0.00777	0.01009	0.01862	0.00255	0.73649	0.00518	0.00259	0.00647
48	0.01369	0.01552	0.03378	0.02426	0.03002	0.01455	0.70476	0.01852	0.01385	0.01879	0.01279	0.04675	0.01017	0.00553	0.00700	0.00201	0.00971	0.00737	0.00309	0.00785
49	0.00847	0.00608	0.00704	0.00708	0.00877	0.00532	0.00525	0.01018	0.01383	0.06034	0.17562	0.20133	0.42378	0.01477	0.00707	0.00206	0.00322	0.02866	0.00578	0.00536
50	0.01142	0.01077	0.01819	0.72446	0.09227	0.01320	0.01655	0.01533	0.01194	0.01541	0.01056	0.01569	0.00799	0.00587	0.00591	0.00196	0.00782	0.00526	0.00265	0.00677
51	0.01270	0.01091	0.01246	0.00935	0.01426	0.00911	0.00743	0.01787	0.14428	0.02026	0.01296	0.01403	0.01043	0.00504	0.00467	0.00108	0.00443	0.00408	0.00396	0.68068
52	0.02653	0.01006	0.01372	0.01052	0.01510	0.00869	0.00869	0.02882	0.01693	0.75937	0.02333	0.02013	0.01464	0.00732	0.00595	0.00183	0.00503	0.00595	0.00732	0.01006
53	0.00762	0.00667	0.02795	0.00711	0.00897	0.00547	0.00561	0.00962	0.01408	0.01798	0.22485	0.11309	0.46240	0.01437	0.00706	0.00203	0.00328	0.05093	0.00566	0.00525
54	0.00937	0.00637	0.00807	0.00872	0.00968	0.00614	0.00609	0.07116	0.01306	0.05071	0.03157	0.66189	0.06059	0.01692	0.00732	0.00231	0.00375	0.01519	0.00561	0.00550
55	0.00916	0.00655	0.00910	0.01043	0.01164	0.00649	0.00885	0.01164	0.01334	0.01744	0.04678	0.17266	0.03524	0.01657	0.00805	0.00266	0.00509	0.59749	0.00547	0.00535
56	0.00869	0.00627	0.00846	0.00969	0.01078	0.00610	0.00790	0.01078	0.01284	0.01669	0.03337	0.26174	0.08698	0.03863	0.00853	0.00267	0.00473	0.45457	0.00541	0.00519
57	0.05055	0.02877	0.69285	0.01615	0.02447	0.01348	0.02054	0.01912	0.01257	0.05262	0.01108	0.01270	0.00776	0.00569	0.00554	0.00187	0.00838	0.00439	0.00277	0.00869
58	0.01278	0.20909	0.59109	0.01528	0.02317	0.01599	0.01911	0.01849	0.01238	0.01761	0.01005	0.01179	0.00751	0.00549	0.00519	0.00173	0.00818	0.00409	0.00250	0.00847
59	0.00953	0.00681	0.00953	0.01089	0.01225	0.00681	0.00953	0.01225	0.01361	0.01770	0.03131	0.06671	0.03403	0.01634	0.00817	0.00272	0.00545	0.71547	0.00545	0.00545
60	0.04857	0.02902	0.04177	0.04714	0.01755	0.01276	0.04250	0.24811	0.01731	0.03954	0.01287	0.01566	0.01025	0.00623	0.00568	0.00150	0.02820	0.03288	0.02562	0.31686

[dist]
# distance from previous block
# <min> <max>
1	2

[block]
# block no. 7 follows, 39 sequences, length 67
# corresponding to MSA columns:
# 519-562,668-690
name=unknown_H
#
# <colnr> <probs for GDERKNQSTAVLIFYWHMCP>
#	G	D	E	R	K	N	Q	S	T	A	V	L	I	F	Y	W	H	M	C	P
0	0.01051	0.00925	0.01225	0.01140	0.01211	0.03918	0.00903	0.01221	0.00981	0.01425	0.01406	0.06306	0.01379	0.05519	0.38836	0.00602	0.27143	0.00649	0.03592	0.00566
1	0.74343	0.06904	0.01062	0.00823	0.01197	0.04292	0.00687	0.01765	0.01046	0.02515	0.00827	0.00964	0.00654	0.00548	0.00373	0.00178	0.00493	0.00322	0.00355	0.00651
2	0.00732	0.00527	0.00694	0.00807	0.00858	0.00489	0.00546	0.00855	0.01196	0.01602	0.10788	0.68539	0.06628	0.01774	0.00747	0.00233	0.00335	0.01603	0.00560	0.00489
3	0.01612	0.01012	0.01258	0.05080	0.03501	0.01030	0.00865	0.16623	0.08409	0.18886	0.26661	0.05529	0.05088	0.00944	0.00638	0.00188	0.00464	0.00801	0.00615	0.00795
4	0.01226	0.01051	0.01226	0.00876	0.01401	0.00788	0.00701	0.01489	0.01226	0.01927	0.01051	0.01226	0.00876	0.00438	0.00438	0.00088	0.00438	0.00350	0.00350	0.82832
5	0.01637	0.72722	0.02972	0.01058	0.01546	0.08989	0.01024	0.01824	0.01244	0.01396	0.00830	0.00959	0.00759	0.00515	0.00393	0.00129	0.00671	0.00322	0.00258	0.00752
6	0.01186	0.03059	0.76153	0.01686	0.02560	0.01373	0.02185	0.01873	0.01249	0.01873	0.01061	0.01249	0.00749	0.00562	0.00562	0.00187	0.00874	0.00437	0.00250	0.00874
7	0.01255	0.01168	0.01822	0.09313	0.44477	0.01187	0.01396	0.01686	0.07981	0.01892	0.04985	0.02509	0.16259	0.00780	0.00615	0.00185	0.00591	0.00706	0.00384	0.00809
8	0.01545	0.01271	0.01352	0.01202	0.01546	0.01457	0.00939	0.05295	0.69168	0.05631	0.02374	0.02174	0.01766	0.00796	0.00601	0.00199	0.00475	0.00661	0.00607	0.00941
9	0.00858	0.00581	0.00684	0.00684	0.00698	0.00595	0.00407	0.00885	0.00872	0.01176	0.01828	0.03672	0.02064	0.69649	0.12460	0.00622	0.00703	0.00831	0.00353	0.00380
10	0.01471	0.01270	0.01337	0.01203	0.01538	0.01471	0.00936	0.03142	0.74459	0.02474	0.02407	0.02206	0.01805	0.00802	0.00602	0.00201	0.00468	0.00669	0.00602	0.00936
11	0.01471	0.01270	0.01337	0.01203	0.01538	0.01471	0.00936	0.03142	0.74459	0.02474	0.02407	0.02206	0.01805	0.00802	0.00602	0.00201	0.00468	0.00669	0.00602	0.00936
12	0.00713	0.00556	0.00648	0.00717	0.00831	0.00491	0.00503	0.00841	0.01244	0.01568	0.06020	0.43233	0.37184	0.01674	0.00728	0.00220	0.00321	0.01467	0.00551	0.00491
13	0.00946	0.00678	0.00943	0.01076	0.01214	0.00676	0.00939	0.01215	0.01361	0.01765	0.03209	0.06644	0.05371	0.01630	0.00814	0.00270	0.00538	0.69623	0.00545	0.00543
14	0.01374	0.01625	0.06275	0.05010	0.03051	0.01495	0.65650	0.01864	0.01366	0.01864	0.01172	0.01571	0.00884	0.00522	0.00731	0.00201	0.03584	0.00676	0.00295	0.00791
15	0.83394	0.01144	0.00869	0.00778	0.01144	0.01327	0.00640	0.01738	0.01006	0.02653	0.00823	0.00961	0.00640	0.00549	0.00366	0.00183	0.00457	0.00320	0.00366	0.00640
16	0.00861	0.00596	0.00767	0.00780	0.00831	0.00633	0.00534	0.00966	0.00943	0.01318	0.01886	0.07313	0.02018	0.41329	0.29840	0.00664	0.00919	0.03514	0.03847	0.00442
17	0.00710	0.00600	0.00614	0.00610	0.00805	0.00504	0.00458	0.00869	0.01373	0.01657	0.11343	0.05593	0.69898	0.01475	0.00699	0.00199	0.00298	0.01234	0.00557	0.00504
18	0.01221	0.07390	0.68769	0.01626	0.02456	0.01433	0.02064	0.01921	0.04354	0.01871	0.01105	0.01272	0.00795	0.00569	0.00553	0.00184	0.00843	0.00440	0.00265	0.00870
19	0.03255	0.05893	0.69092	0.01664	0.02502	0.01413	0.04442	0.01866	0.01246	0.01875	0.01051	0.01241	0.00752	0.00557	0.00554	0.00185	0.00858	0.00438	0.00254	0.00861
20	0.83394	0.01144	0.00869	0.00778	0.01144	0.01327	0.00640	0.01738	0.01006	0.02653	0.00823	0.00961	0.00640	0.00549	0.00366	0.00183	0.00457	0.00320	0.00366	0.00640
21	0.02035	0.21025	0.04082	0.01389	0.01775	0.49230	0.01138	0.09559	0.01665	0.01681	0.00948	0.01080	0.00786	0.00594	0.00503	0.00150	0.00915	0.00383	0.00320	0.00741
22	0.00841	0.00609	0.00807	0.00915	0.01018	0.00585	0.00723	0.01034	0.01280	0.01672	0.07176	0.29909	0.11052	0.05019	0.00873	0.00263	0.00441	0.34729	0.00544	0.00512
23	0.03127	0.42819	0.22267	0.01587	0.12597	0.03726	0.01438	0.03311	0.01276	0.01673	0.00943	0.01116	0.00785	0.00531	0.00466	0.00153	0.00714	0.00385	0.00268	0.00816
24	0.64100	0.01173	0.01000	0.00859	0.01242	0.03822	0.00704	0.01994	0.01170	0.17599	0.01135	0.01179	0.00813	0.00588	0.00418	0.00182	0.00488	0.00378	0.00439	0.00717
25	0.02653	0.01006	0.01372	0.01052	0.01510	0.00869	0.00869	0.02882	0.01693	0.75937	0.02333	0.02013	0.01464	0.00732	0.00595	0.00183	0.00503	0.00595	0.00732	0.01006
26	0.00737	0.00525	0.00700	0.00835	0.00874	0.00494	0.00568	0.00847	0.01140	0.01517	0.03224	0.73211	0.03846	0.03429	0.00805	0.00249	0.00359	0.05615	0.00545	0.00481
27	0.01179	0.01091	0.01781	0.70013	0.06460	0.01340	0.01607	0.03946	0.03753	0.01632	0.01112	0.01589	0.00836	0.00600	0.00591	0.00196	0.00770	0.00531	0.00286	0.00688
28	0.00774	0.00607	0.00699	0.00720	0.00879	0.00542	0.00552	0.00958	0.01374	0.01742	0.18017	0.09861	0.43074	0.05231	0.00832	0.00229	0.00351	0.12491	0.00558	0.00509
29	0.01253	0.01183	0.01999	0.39494	0.36600	0.01309	0.01660	0.01611	0.01255	0.01704	0.01204	0.05893	0.01033	0.00633	0.00598	0.00190	0.00724	0.00592	0.00293	0.00775
30	0.03774	0.18959	0.39678	0.01378	0.02044	0.01529	0.01573	0.03703	0.07862	0.12175	0.01308	0.01372	0.00948	0.00598	0.00526	0.00174	0.00718	0.00453	0.00360	0.00870
31	0.01304	0.01380	0.02750	0.19375	0.13383	0.01400	0.41049	0.01726	0.01311	0.01778	0.01246	0.05594	0.01032	0.00612	0.00702	0.00200	0.03411	0.00681	0.00302	0.00764
32	0.00953	0.00681	0.00953	0.01089	0.01225	0.00681	0.00953	0.01225	0.01361	0.01770	0.03131	0.06671	0.03403	0.01634	0.00817	0.00272	0.00545	0.71547	0.00545	0.00545
33	0.03754	0.00859	0.05124	0.00866	0.01084	0.00747	0.00713	0.08339	0.01622	0.02267	0.41098	0.12191	0.13340	0.01227	0.00680	0.00197	0.00378	0.04324	0.00584	0.00607
34	0.04243	0.06586	0.50723	0.01465	0.02170	0.02794	0.01734	0.05598	0.01386	0.10571	0.03716	0.04035	0.01108	0.00651	0.00561	0.00184	0.00759	0.00511	0.00352	0.00855
35	0.01777	0.00947	0.01206	0.01048	0.01338	0.00941	0.00847	0.10274	0.05864	0.30725	0.03808	0.03191	0.01986	0.11003	0.06429	0.00307	0.01957	0.14991	0.00584	0.00778
36	0.50111	0.05822	0.07027	0.04710	0.11390	0.03021	0.06727	0.01776	0.01133	0.02294	0.00920	0.01127	0.00724	0.00544	0.00450	0.00180	0.00600	0.00396	0.00330	0.00718
37	0.01111	0.00583	0.00640	0.00610	0.00762	0.00580	0.02619	0.01394	0.01245	0.02195	0.01907	0.02186	0.01497	0.00683	0.00422	0.00140	0.00297	0.00556	0.80015	0.00559
38	0.01622	0.01272	0.03944	0.01166	0.01574	0.01233	0.03125	0.22998	0.12626	0.09072	0.03184	0.06083	0.05656	0.00818	0.00627	0.00175	0.02677	0.03645	0.00520	0.17983
39	0.01353	0.00860	0.01076	0.00908	0.01182	0.00794	0.02293	0.09645	0.01433	0.11635	0.08500	0.09394	0.08063	0.03733	0.00929	0.12573	0.00455	0.02191	0.06500	0.16483
40	0.06311	0.01366	0.01428	0.01221	0.01595	0.01560	0.00970	0.21891	0.51140	0.02819	0.02053	0.01926	0.01526	0.00763	0.00586	0.00193	0.00516	0.00612	0.00586	0.00938
41	0.08567	0.04326	0.01612	0.01385	0.01727	0.54941	0.01062	0.07793	0.05470	0.01799	0.01029	0.01151	0.00832	0.00610	0.00519	0.00155	0.00908	0.00399	0.00349	0.05366
42	0.00818	0.00604	0.00764	0.00724	0.00872	0.00550	0.00543	0.01079	0.01628	0.02263	0.65513	0.04596	0.15351	0.01249	0.00698	0.00188	0.00282	0.01095	0.00637	0.00550
43	0.01657	0.01337	0.01423	0.01229	0.01594	0.01522	0.00970	0.16695	0.58419	0.04973	0.02215	0.02049	0.01641	0.00782	0.00600	0.00196	0.00504	0.00640	0.00604	0.00952
44	0.00813	0.00604	0.00757	0.00719	0.00869	0.00548	0.00539	0.01070	0.01618	0.02238	0.63269	0.04637	0.17610	0.01259	0.00698	0.00188	0.00283	0.01100	0.00633	0.00548
45	0.02209	0.02819	0.01676	0.01524	0.01828	0.76843	0.01143	0.02361	0.01676	0.01447	0.00914	0.01066	0.00762	0.00609	0.00533	0.00152	0.01066	0.00381	0.00305	0.00686
46	0.00831	0.00610	0.00782	0.00769	0.00897	0.00572	0.00565	0.01118	0.04011	0.02182	0.56439	0.18531	0.07805	0.01329	0.00705	0.00197	0.00298	0.01179	0.00626	0.00554
47	0.00719	0.00520	0.00680	0.00808	0.00854	0.00482	0.00542	0.00825	0.01147	0.01516	0.03446	0.73828	0.08794	0.01828	0.00751	0.00237	0.00340	0.01652	0.00549	0.00482
48	0.00756	0.00596	0.00681	0.00670	0.00836	0.00522	0.00499	0.00955	0.01467	0.01904	0.33680	0.09314	0.43214	0.01402	0.00702	0.00196	0.00294	0.01201	0.00590	0.00522
49	0.01691	0.01912	0.01728	0.01515	0.01661	0.32537	0.01208	0.04494	0.01293	0.01518	0.00882	0.01237	0.00800	0.00953	0.03616	0.00233	0.41292	0.00466	0.00292	0.00673
50	0.83394	0.01144	0.00869	0.00778	0.01144	0.01327	0.00640	0.01738	0.01006	0.02653	0.00823	0.00961	0.00640	0.00549	0.00366	0.00183	0.00457	0.00320	0.00366	0.00640
51	0.00843	0.00588	0.00748	0.00760	0.00798	0.00620	0.00499	0.00921	0.00913	0.01251	0.01891	0.09741	0.02080	0.48182	0.26971	0.00668	0.00884	0.00856	0.00361	0.00424
52	0.01102	0.00551	0.00551	0.00551	0.00689	0.00551	0.00413	0.01378	0.01240	0.02205	0.01929	0.02205	0.01516	0.00689	0.00413	0.00138	0.00276	0.00551	0.82500	0.00551
53	0.01422	0.01445	0.05478	0.09857	0.66351	0.01396	0.01816	0.01792	0.01328	0.01894	0.01105	0.01464	0.00916	0.00534	0.00585	0.00178	0.00717	0.00523	0.00288	0.00910
54	0.01172	0.02470	0.53392	0.01721	0.02439	0.01284	0.14175	0.01757	0.01272	0.01842	0.01378	0.07630	0.01177	0.00715	0.00615	0.00199	0.00834	0.04819	0.00299	0.00811
55	0.77287	0.01146	0.00941	0.00883	0.03592	0.01310	0.00689	0.01789	0.01047	0.05741	0.00897	0.01022	0.00685	0.00556	0.00383	0.00183	0.00467	0.00339	0.00379	0.00666
56	0.01152	0.01087	0.01837	0.70338	0.11258	0.01323	0.01660	0.01542	0.01199	0.01553	0.01057	0.01565	0.00803	0.00585	0.00591	0.00195	0.00780	0.00526	0.00266	0.00685
