[name]
unknown

[dist]
# distance from previous block
# <min> <max>
47	110

[block]
# block no. 0 follows, 42 sequences, length 13
# corresponding to MSA columns:
# 122-134
name=unknown_A
#
# <colnr> <probs for GDERKNQSTAVLIFYWHMCP>
#	G	D	E	R	K	N	Q	S	T	A	V	L	I	F	Y	W	H	M	C	P
0	0.04588	0.01065	0.01195	0.03389	0.01327	0.04372	0.01847	0.18223	0.07403	0.02148	0.04495	0.08629	0.04177	0.03906	0.06777	0.00249	0.10008	0.00657	0.12851	0.02694
1	0.01159	0.01017	0.01556	0.26838	0.02277	0.01121	0.09927	0.06461	0.06350	0.01843	0.10102	0.02191	0.01608	0.04089	0.00762	0.00197	0.05879	0.04481	0.05050	0.07092
2	0.01176	0.00883	0.01175	0.03423	0.04488	0.00858	0.05298	0.08916	0.07689	0.07557	0.14409	0.16145	0.14447	0.01050	0.00650	0.01898	0.00439	0.00896	0.00503	0.08101
3	0.01411	0.01116	0.01581	0.05564	0.01742	0.01185	0.12988	0.03456	0.28695	0.11553	0.01942	0.09491	0.02755	0.00795	0.00678	0.00188	0.06036	0.00694	0.02185	0.05947
4	0.03782	0.01021	0.01542	0.50488	0.02956	0.01203	0.01304	0.07998	0.01288	0.11554	0.01236	0.03902	0.00948	0.00703	0.00687	0.03719	0.04110	0.00536	0.00347	0.00676
5	0.00835	0.00578	0.00744	0.00717	0.00853	0.00527	0.00532	0.01066	0.01499	0.04885	0.57788	0.14146	0.11231	0.01238	0.00667	0.00185	0.00283	0.01092	0.00601	0.00532
6	0.02026	0.01520	0.01625	0.01272	0.01702	0.01692	0.01042	0.63857	0.13808	0.03364	0.01495	0.01466	0.01073	0.00689	0.00564	0.00172	0.00593	0.00526	0.00564	0.00947
7	0.01350	0.01166	0.01225	0.01106	0.01416	0.01337	0.00859	0.02842	0.70648	0.02298	0.02522	0.02325	0.06789	0.00808	0.00579	0.00191	0.00435	0.00674	0.00569	0.00863
8	0.01794	0.00991	0.07808	0.00959	0.01316	0.00761	0.00834	0.02054	0.01527	0.44456	0.22151	0.08503	0.02568	0.00887	0.00601	0.00179	0.00441	0.00754	0.00622	0.00793
9	0.01391	0.01188	0.04259	0.00977	0.01460	0.01005	0.00817	0.13244	0.09762	0.04734	0.01242	0.01327	0.00966	0.00511	0.00467	0.00116	0.00470	0.00406	0.00405	0.55253
10	0.00773	0.00577	0.00727	0.00714	0.00851	0.00518	0.00523	0.00983	0.01410	0.01947	0.46131	0.21790	0.13999	0.01290	0.00663	0.00186	0.00290	0.01139	0.00569	0.04919
11	0.01137	0.08670	0.57354	0.01415	0.02107	0.01301	0.01728	0.01778	0.06981	0.01802	0.05390	0.01623	0.05060	0.00629	0.00538	0.00175	0.00724	0.00497	0.00299	0.00793
12	0.00999	0.00986	0.05469	0.09229	0.01694	0.01026	0.10894	0.02485	0.01066	0.01518	0.04725	0.05271	0.01404	0.02335	0.35588	0.00518	0.11917	0.00634	0.01655	0.00590

[dist]
# distance from previous block
# <min> <max>
6	20

[block]
# block no. 1 follows, 42 sequences, length 42
# corresponding to MSA columns:
# 171-212
name=unknown_B
#
# <colnr> <probs for GDERKNQSTAVLIFYWHMCP>
#	G	D	E	R	K	N	Q	S	T	A	V	L	I	F	Y	W	H	M	C	P
0	0.08739	0.34093	0.05939	0.08824	0.04596	0.15257	0.01086	0.03568	0.01302	0.10369	0.01022	0.01144	0.00805	0.00543	0.00451	0.00148	0.00676	0.00381	0.00321	0.00735
1	0.00777	0.00535	0.00620	0.00649	0.00670	0.00520	0.00389	0.00810	0.00911	0.01201	0.02356	0.21186	0.07727	0.56711	0.02218	0.00448	0.00477	0.01023	0.00395	0.00377
2	0.07976	0.10983	0.08270	0.05268	0.01818	0.01467	0.10988	0.07742	0.01252	0.10552	0.01181	0.04691	0.00979	0.00814	0.02794	0.00210	0.21409	0.00531	0.00350	0.00725
3	0.03586	0.08436	0.16917	0.06911	0.14411	0.01412	0.14372	0.09619	0.04215	0.10723	0.01233	0.01407	0.00911	0.00570	0.00587	0.00175	0.02830	0.00504	0.00357	0.00824
4	0.01129	0.02911	0.77306	0.01604	0.02436	0.01307	0.02079	0.01782	0.01188	0.01782	0.01010	0.01188	0.00713	0.00535	0.00535	0.00178	0.00832	0.00416	0.00238	0.00832
5	0.00681	0.00557	0.00602	0.00621	0.00778	0.00477	0.00454	0.00828	0.01277	0.01576	0.12033	0.18307	0.56938	0.01458	0.00674	0.00196	0.00290	0.01243	0.00532	0.00477
6	0.02145	0.07219	0.03733	0.04923	0.01627	0.01161	0.00950	0.16301	0.05334	0.45178	0.01880	0.04236	0.01298	0.00703	0.00554	0.00172	0.00532	0.00564	0.00589	0.00900
7	0.01074	0.01195	0.09119	0.68893	0.03661	0.01270	0.01603	0.01469	0.01123	0.01469	0.00993	0.01461	0.00746	0.00573	0.00599	0.00188	0.03175	0.00492	0.00249	0.00645
8	0.00686	0.00490	0.00653	0.00784	0.00816	0.00457	0.00522	0.00784	0.01077	0.01437	0.03102	0.79855	0.03722	0.01763	0.00718	0.00229	0.00326	0.01600	0.00522	0.00457
9	0.03166	0.06022	0.02119	0.08992	0.32876	0.05270	0.10224	0.10230	0.03013	0.06116	0.03987	0.01501	0.01066	0.00578	0.00586	0.00171	0.02392	0.00524	0.00351	0.00816
10	0.09119	0.04585	0.01444	0.01144	0.04056	0.03007	0.00904	0.20088	0.08617	0.36097	0.01864	0.01732	0.03422	0.00686	0.00540	0.00172	0.00525	0.00536	0.00574	0.00888
11	0.00862	0.00537	0.00713	0.00799	0.00874	0.00493	0.00549	0.00972	0.01134	0.08700	0.03090	0.70294	0.05533	0.01651	0.00702	0.00222	0.00340	0.01489	0.00539	0.00506
12	0.01133	0.01053	0.01771	0.57730	0.08003	0.01233	0.07206	0.05422	0.01230	0.01606	0.01201	0.07703	0.01014	0.00653	0.00583	0.00189	0.00720	0.00601	0.00293	0.00657
13	0.01762	0.03376	0.08403	0.01402	0.08968	0.02927	0.01097	0.30836	0.07369	0.14235	0.01715	0.12333	0.01425	0.00799	0.00576	0.00179	0.00576	0.00660	0.00508	0.00853
14	0.03931	0.01216	0.01915	0.24348	0.30850	0.03029	0.06462	0.05314	0.02689	0.06423	0.04017	0.01666	0.01101	0.00604	0.00597	0.00179	0.02385	0.02167	0.00336	0.00771
15	0.00684	0.00496	0.00646	0.00766	0.00812	0.00459	0.00515	0.00786	0.01094	0.01443	0.03311	0.73857	0.09585	0.01736	0.00714	0.00225	0.00323	0.01567	0.00522	0.00459
16	0.03753	0.14483	0.01786	0.15600	0.01984	0.01419	0.04670	0.23566	0.01688	0.15052	0.03305	0.04080	0.04811	0.00693	0.00541	0.00169	0.00595	0.00563	0.00453	0.00789
17	0.07526	0.04458	0.03601	0.04098	0.07389	0.12929	0.03738	0.09892	0.01544	0.20535	0.09718	0.01770	0.01487	0.00675	0.00555	0.00166	0.01944	0.00537	0.06674	0.00763
18	0.02004	0.01039	0.01250	0.01045	0.03780	0.01031	0.00817	0.23089	0.01789	0.34528	0.01835	0.01782	0.01264	0.00674	0.00521	0.00162	0.00471	0.00536	0.21537	0.00846
19	0.08924	0.03063	0.01776	0.12519	0.25662	0.16129	0.03785	0.02003	0.10115	0.07389	0.01218	0.01405	0.00944	0.00569	0.00529	0.00168	0.00689	0.00476	0.00349	0.02288
20	0.04986	0.07791	0.01624	0.01251	0.01625	0.21412	0.01004	0.29618	0.20570	0.02477	0.01398	0.01402	0.01057	0.00652	0.00527	0.00165	0.00670	0.00479	0.00462	0.00830
21	0.00724	0.00529	0.00716	0.00798	0.00855	0.00495	0.01937	0.00842	0.01118	0.01494	0.08736	0.61779	0.06021	0.07355	0.00869	0.00247	0.00355	0.04153	0.00512	0.00463
22	0.04911	0.05415	0.10568	0.20250	0.19103	0.05206	0.02931	0.07033	0.01364	0.10630	0.03053	0.01547	0.01019	0.00606	0.00578	0.00175	0.02676	0.01809	0.00350	0.00776
23	0.01306	0.25559	0.31359	0.09639	0.02252	0.01571	0.10038	0.01725	0.01191	0.04317	0.01036	0.01322	0.00820	0.00560	0.00553	0.00167	0.03438	0.02118	0.00269	0.00759
24	0.01353	0.01296	0.02212	0.12654	0.67827	0.01327	0.01707	0.01692	0.01262	0.01790	0.01051	0.01406	0.00874	0.00509	0.00558	0.00170	0.00679	0.00501	0.00275	0.00859
25	0.00829	0.04082	0.03409	0.00829	0.00961	0.00662	0.00640	0.02114	0.01173	0.03024	0.04660	0.46763	0.18566	0.01500	0.00734	0.00213	0.03986	0.04846	0.00494	0.00514
26	0.04041	0.01183	0.01651	0.34929	0.12818	0.03623	0.01304	0.14790	0.01508	0.14639	0.01319	0.03490	0.00985	0.00627	0.00558	0.00179	0.00658	0.00530	0.00396	0.00773
27	0.01086	0.00658	0.00840	0.00760	0.00952	0.00603	0.00582	0.01373	0.04227	0.14527	0.51570	0.06343	0.12041	0.01111	0.00646	0.00180	0.00311	0.00966	0.00617	0.00606
28	0.00691	0.00534	0.00632	0.00686	0.00796	0.00474	0.00484	0.00829	0.01228	0.01577	0.13603	0.39413	0.33946	0.01545	0.00689	0.00206	0.00302	0.01355	0.00535	0.00474
29	0.03949	0.60193	0.12092	0.01089	0.01590	0.10125	0.01106	0.01756	0.01192	0.01423	0.00820	0.00951	0.00718	0.00500	0.00398	0.00132	0.00670	0.00322	0.00249	0.00725
30	0.08860	0.01128	0.01389	0.11255	0.04579	0.01186	0.00973	0.22019	0.05342	0.27055	0.03234	0.04486	0.01289	0.00701	0.00547	0.00175	0.00536	0.00565	0.03846	0.00835
31	0.01488	0.56884	0.18114	0.01135	0.01678	0.05760	0.01204	0.05302	0.01248	0.01529	0.00861	0.00989	0.00732	0.00507	0.00414	0.00136	0.00670	0.00338	0.00258	0.00753
32	0.01805	0.03081	0.01575	0.08804	0.01828	0.01472	0.01019	0.48052	0.03628	0.04885	0.01308	0.01434	0.00977	0.02514	0.02558	0.00185	0.00615	0.00489	0.00483	0.13288
33	0.01094	0.01034	0.01737	0.70443	0.09676	0.01272	0.01566	0.01459	0.01130	0.01468	0.00997	0.01484	0.00761	0.00571	0.00601	0.00188	0.03122	0.00500	0.00252	0.00646
34	0.00793	0.00572	0.00749	0.00711	0.00840	0.00528	0.00531	0.01052	0.01575	0.02229	0.73898	0.06801	0.05255	0.01172	0.00666	0.00179	0.00268	0.01038	0.00616	0.00528
35	0.03094	0.01356	0.04026	0.22660	0.32721	0.09984	0.01439	0.01765	0.01312	0.08929	0.04453	0.01661	0.01124	0.00602	0.00559	0.00174	0.00690	0.02349	0.00334	0.00767
36	0.04162	0.07036	0.05497	0.20489	0.04454	0.14761	0.04136	0.14144	0.01522	0.10556	0.01228	0.01537	0.00953	0.02774	0.00632	0.00182	0.02499	0.02318	0.00374	0.00743
37	0.00888	0.00564	0.00658	0.00652	0.00684	0.00556	0.00390	0.00915	0.00890	0.04842	0.01985	0.08688	0.04188	0.66545	0.04872	0.00507	0.00550	0.00862	0.00374	0.00388
38	0.00860	0.00580	0.00655	0.00647	0.00665	0.00585	0.00376	0.03494	0.00897	0.01197	0.01824	0.07383	0.02090	0.73447	0.02674	0.00516	0.00537	0.00846	0.00358	0.00369
39	0.23026	0.01603	0.03514	0.04921	0.01528	0.23449	0.00908	0.16101	0.01486	0.02123	0.01097	0.01387	0.00905	0.06066	0.05862	0.00237	0.00739	0.00437	0.03939	0.00669
40	0.09914	0.07199	0.11730	0.03684	0.03581	0.09904	0.01143	0.28539	0.06832	0.07780	0.01254	0.01309	0.00919	0.00609	0.00514	0.00164	0.00649	0.00452	0.00432	0.03388
41	0.13320	0.03261	0.03033	0.09036	0.04247	0.10074	0.01032	0.13566	0.01371	0.05769	0.01276	0.01507	0.04534	0.00927	0.04647	0.03236	0.15195	0.00486	0.00360	0.03123

[dist]
# distance from previous block
# <min> <max>
3	17

[block]
# block no. 2 follows, 42 sequences, length 28
# corresponding to MSA columns:
# 230-257
name=unknown_C
#
# <colnr> <probs for GDERKNQSTAVLIFYWHMCP>
#	G	D	E	R	K	N	Q	S	T	A	V	L	I	F	Y	W	H	M	C	P
0	0.00698	0.00492	0.00649	0.00773	0.00807	0.00461	0.00514	0.00798	0.01073	0.01444	0.03035	0.75911	0.03621	0.03804	0.00767	0.00234	0.00331	0.01552	0.02580	0.00456
1	0.08916	0.39951	0.13479	0.02738	0.03021	0.12247	0.01144	0.06177	0.04669	0.01697	0.00940	0.01063	0.00774	0.00533	0.00435	0.00145	0.00676	0.00362	0.00292	0.00742
2	0.04084	0.06975	0.15213	0.01254	0.03988	0.02811	0.04826	0.17973	0.01522	0.05374	0.01544	0.10237	0.02767	0.02970	0.00612	0.00177	0.00596	0.03628	0.00405	0.13046
3	0.02978	0.06500	0.03132	0.15778	0.11707	0.07400	0.01087	0.05357	0.01173	0.03015	0.01243	0.03251	0.01130	0.10127	0.18423	0.00381	0.05822	0.00550	0.00310	0.00635
4	0.01272	0.13026	0.57580	0.01534	0.02270	0.03385	0.05296	0.06108	0.01285	0.01817	0.01003	0.01171	0.00736	0.00534	0.00519	0.00170	0.00799	0.00416	0.00261	0.00817
5	0.00934	0.00745	0.04113	0.00936	0.01096	0.00652	0.03833	0.04141	0.01321	0.04766	0.19408	0.34682	0.03467	0.02863	0.00760	0.01725	0.00417	0.13072	0.00522	0.00547
6	0.00810	0.00557	0.00686	0.00691	0.00716	0.00580	0.00436	0.00862	0.00849	0.01157	0.01760	0.06249	0.01955	0.58777	0.21005	0.00620	0.00770	0.00796	0.00338	0.00385
7	0.00692	0.00495	0.00659	0.00779	0.00818	0.00461	0.00523	0.00800	0.01108	0.01485	0.07443	0.75375	0.03816	0.01727	0.00715	0.00225	0.00323	0.01565	0.00528	0.00461
8	0.00710	0.00523	0.00657	0.00726	0.00804	0.00478	0.00501	0.00845	0.01205	0.01601	0.18154	0.49181	0.16219	0.04685	0.00783	0.00224	0.00316	0.01383	0.00535	0.00470
9	0.01423	0.01394	0.02255	0.03369	0.73527	0.04592	0.01700	0.01749	0.01295	0.01819	0.01051	0.01377	0.00884	0.00505	0.00555	0.00166	0.00683	0.00496	0.00279	0.00881
10	0.01094	0.00568	0.00572	0.00556	0.00700	0.00575	0.00421	0.04326	0.01240	0.02157	0.01816	0.02067	0.01423	0.00656	0.00400	0.00133	0.00277	0.00524	0.79952	0.00542
11	0.00739	0.00532	0.00704	0.00771	0.00849	0.00497	0.00551	0.00907	0.01274	0.01737	0.28207	0.46862	0.05951	0.01531	0.00703	0.00212	0.00319	0.06611	0.00555	0.00487
12	0.00780	0.00575	0.00730	0.00691	0.00831	0.00524	0.00518	0.01031	0.01555	0.02166	0.67703	0.04353	0.14079	0.01184	0.00664	0.00179	0.00268	0.01039	0.00608	0.00524
13	0.02509	0.00984	0.01322	0.01014	0.01450	0.00866	0.00837	0.05764	0.01654	0.74019	0.02184	0.01892	0.01375	0.00696	0.00566	0.00174	0.00485	0.00563	0.00691	0.00958
14	0.04329	0.00963	0.01255	0.00977	0.01386	0.00863	0.00803	0.06972	0.01638	0.63653	0.04943	0.02144	0.05932	0.00750	0.00570	0.00175	0.00467	0.00609	0.00667	0.00906
15	0.84197	0.01088	0.00827	0.00740	0.01088	0.01262	0.00609	0.01654	0.00958	0.02525	0.00784	0.00914	0.00609	0.00522	0.00348	0.00174	0.00435	0.00305	0.00348	0.00609
16	0.01328	0.01518	0.03321	0.02372	0.02941	0.01423	0.74668	0.01803	0.01328	0.01803	0.01139	0.01518	0.00854	0.00474	0.00664	0.00190	0.00949	0.00664	0.00285	0.00759
17	0.06831	0.15814	0.48865	0.01527	0.02216	0.01484	0.10573	0.01750	0.01175	0.01748	0.00966	0.01162	0.00725	0.00527	0.00537	0.00171	0.02474	0.00421	0.00252	0.00785
18	0.01231	0.01231	0.01724	0.01477	0.01477	0.01724	0.01231	0.01354	0.00862	0.01354	0.00739	0.01231	0.00739	0.00985	0.01847	0.00246	0.79192	0.00492	0.00246	0.00616
19	0.00952	0.00604	0.00796	0.00743	0.00896	0.00552	0.00559	0.01197	0.01546	0.09365	0.62376	0.11121	0.04784	0.01165	0.00660	0.00182	0.00292	0.01029	0.00618	0.00565
20	0.00705	0.00502	0.00643	0.00747	0.00782	0.00472	0.00489	0.00790	0.01047	0.01387	0.03022	0.64315	0.07040	0.13981	0.01050	0.00276	0.00359	0.01458	0.00494	0.00440
21	0.36245	0.11665	0.02852	0.00988	0.03900	0.03400	0.02930	0.11257	0.01294	0.02283	0.01257	0.01397	0.04049	0.00666	0.01927	0.00175	0.00519	0.00427	0.12100	0.00670
22	0.01296	0.14948	0.01415	0.00983	0.01241	0.01095	0.02768	0.13345	0.01414	0.07766	0.04923	0.13298	0.06515	0.03095	0.08420	0.05181	0.00605	0.10609	0.00448	0.00635
23	0.25793	0.10090	0.19595	0.01085	0.01538	0.08978	0.01073	0.07821	0.01315	0.02098	0.09620	0.01486	0.01273	0.02753	0.00535	0.00173	0.00605	0.00451	0.00353	0.03365
24	0.04853	0.00799	0.05395	0.00809	0.01000	0.00695	0.00648	0.04222	0.01172	0.01737	0.09645	0.17697	0.05742	0.12453	0.11785	0.00329	0.00568	0.02604	0.09955	0.07892
25	0.13544	0.14871	0.19894	0.03376	0.06923	0.01373	0.01192	0.01795	0.09670	0.06265	0.01454	0.04302	0.04497	0.03002	0.00648	0.00186	0.05407	0.00516	0.00350	0.00736
26	0.01049	0.01337	0.23353	0.04326	0.01494	0.00875	0.02579	0.05437	0.01129	0.03330	0.01741	0.12651	0.05027	0.14736	0.03352	0.13783	0.00624	0.02261	0.00347	0.00570
27	0.11633	0.07335	0.08747	0.00926	0.01227	0.00997	0.00802	0.05108	0.05968	0.12239	0.09424	0.10957	0.01932	0.13200	0.05105	0.00272	0.00549	0.00699	0.00445	0.02436

[dist]
# distance from previous block
# <min> <max>
1	21

[block]
# block no. 3 follows, 42 sequences, length 27
# corresponding to MSA columns:
# 279-305
name=unknown_D
#
# <colnr> <probs for GDERKNQSTAVLIFYWHMCP>
#	G	D	E	R	K	N	Q	S	T	A	V	L	I	F	Y	W	H	M	C	P
0	0.10240	0.03897	0.03757	0.03101	0.05605	0.01253	0.03216	0.19919	0.12553	0.09986	0.09137	0.02018	0.01610	0.02430	0.00598	0.00181	0.00528	0.03832	0.00488	0.05652
1	0.17637	0.01313	0.12577	0.01157	0.05072	0.01106	0.01000	0.08008	0.07543	0.17414	0.10399	0.01786	0.01531	0.00831	0.03905	0.00204	0.02250	0.00532	0.00463	0.05272
2	0.19961	0.01030	0.01430	0.42635	0.05884	0.01225	0.01220	0.03324	0.02691	0.04191	0.05156	0.01638	0.01077	0.00636	0.00579	0.00186	0.03918	0.02244	0.00328	0.00649
3	0.10171	0.01579	0.01600	0.01257	0.01669	0.06164	0.01032	0.60299	0.02343	0.03227	0.01241	0.01283	0.00900	0.00668	0.00592	0.00171	0.03922	0.00478	0.00513	0.00891
4	0.05543	0.03697	0.01490	0.01111	0.01544	0.01327	0.00918	0.36997	0.03970	0.26059	0.03861	0.01586	0.01213	0.00665	0.00540	0.00163	0.00536	0.00515	0.00569	0.07697
5	0.00722	0.00523	0.00682	0.00747	0.00822	0.00483	0.00520	0.00878	0.01261	0.01716	0.27820	0.50644	0.08011	0.01540	0.00697	0.00209	0.00304	0.01383	0.00555	0.00483
6	0.01305	0.01247	0.02126	0.23521	0.57331	0.01314	0.01683	0.01650	0.01240	0.01732	0.01043	0.01421	0.00854	0.00518	0.00559	0.00173	0.00690	0.00501	0.00271	0.00821
7	0.01829	0.04053	0.11001	0.01436	0.04948	0.08489	0.03682	0.36576	0.11640	0.06232	0.01375	0.01416	0.01006	0.00652	0.00592	0.00173	0.03056	0.00501	0.00466	0.00879
8	0.02381	0.00926	0.01260	0.00977	0.01387	0.00802	0.00802	0.02603	0.01609	0.70871	0.08396	0.02106	0.01719	0.00734	0.00574	0.00174	0.00461	0.00604	0.00690	0.00922
9	0.00733	0.00510	0.00639	0.00723	0.00744	0.00489	0.00458	0.00796	0.00985	0.01313	0.02626	0.52605	0.03122	0.29831	0.01486	0.00342	0.00405	0.01320	0.00458	0.00416
10	0.00961	0.00725	0.01014	0.01040	0.05132	0.00811	0.00747	0.07852	0.01099	0.01549	0.03954	0.02318	0.01537	0.12123	0.55661	0.00732	0.01231	0.00626	0.00339	0.00548
11	0.05779	0.01072	0.01318	0.05284	0.01567	0.01087	0.00914	0.18950	0.07049	0.34844	0.05200	0.02370	0.01640	0.00806	0.00586	0.00185	0.00517	0.09395	0.00592	0.00846
12	0.00685	0.00494	0.00648	0.00772	0.00813	0.00458	0.00517	0.00785	0.01089	0.01441	0.03246	0.75731	0.07754	0.01744	0.00715	0.00226	0.00324	0.01577	0.00522	0.00458
13	0.01938	0.00825	0.01115	0.00906	0.01235	0.00724	0.00727	0.02164	0.01582	0.51850	0.24041	0.05964	0.02644	0.00876	0.00601	0.00177	0.00410	0.00743	0.00666	0.00811
14	0.13456	0.13279	0.37307	0.01602	0.12004	0.05918	0.01543	0.03016	0.01223	0.04390	0.00990	0.01153	0.00751	0.00531	0.00486	0.00166	0.00715	0.00398	0.00284	0.00788
15	0.00928	0.00619	0.00830	0.00912	0.01032	0.00599	0.00740	0.01124	0.01237	0.05684	0.05242	0.19796	0.07287	0.08549	0.00931	0.00268	0.00461	0.42731	0.00516	0.00513
16	0.00686	0.00571	0.00599	0.00592	0.00773	0.00484	0.00444	0.00848	0.01332	0.01637	0.16893	0.05224	0.65219	0.01382	0.00665	0.00188	0.00282	0.01161	0.00538	0.00484
17	0.12096	0.07788	0.57862	0.01556	0.06545	0.01365	0.01790	0.01756	0.01160	0.01852	0.00968	0.01145	0.00710	0.00528	0.00500	0.00173	0.00755	0.00399	0.00255	0.00799
18	0.01563	0.01694	0.04293	0.19900	0.31168	0.22079	0.01473	0.07916	0.01442	0.01763	0.01017	0.01305	0.00814	0.00552	0.00545	0.00166	0.00782	0.00461	0.00298	0.00770
19	0.03640	0.00527	0.00707	0.00726	0.00752	0.00529	0.00487	0.00824	0.00839	0.01175	0.01499	0.11973	0.01619	0.15784	0.01948	0.49097	0.00471	0.04129	0.02950	0.00322
20	0.01631	0.52736	0.07948	0.01115	0.01592	0.10102	0.01070	0.12554	0.03598	0.01720	0.00936	0.01036	0.00786	0.00533	0.00425	0.00136	0.00660	0.00356	0.00303	0.00762
21	0.09261	0.00921	0.03162	0.01030	0.05545	0.00890	0.00756	0.13038	0.02803	0.08818	0.23269	0.17394	0.04679	0.05026	0.00719	0.00204	0.00426	0.00879	0.00525	0.00655
22	0.03908	0.09394	0.11601	0.01331	0.03172	0.31274	0.01141	0.17512	0.01645	0.01948	0.03103	0.01460	0.04147	0.03141	0.00626	0.00171	0.02871	0.00465	0.00357	0.00730
23	0.47189	0.08577	0.05395	0.02871	0.03822	0.09802	0.00895	0.12054	0.01309	0.02349	0.00899	0.01029	0.00699	0.00548	0.00419	0.00166	0.00576	0.00356	0.00352	0.00695
24	0.19477	0.09843	0.06545	0.06932	0.01560	0.13459	0.00940	0.07414	0.01395	0.06284	0.13806	0.01837	0.04806	0.00709	0.00540	0.00168	0.02684	0.00529	0.00399	0.00673
25	0.28487	0.01284	0.06531	0.02921	0.02808	0.10052	0.04847	0.01613	0.02343	0.06118	0.14758	0.03938	0.04419	0.00786	0.00625	0.02914	0.03949	0.00575	0.00401	0.00632
26	0.19752	0.03440	0.05341	0.05926	0.03111	0.06325	0.02638	0.10494	0.02921	0.03974	0.10550	0.02864	0.02873	0.05212	0.05201	0.00232	0.02669	0.00551	0.00398	0.05528

[dist]
# distance from previous block
# <min> <max>
2	36

[block]
# block no. 4 follows, 42 sequences, length 7
# corresponding to MSA columns:
# 342-348
name=unknown_E
#
# <colnr> <probs for GDERKNQSTAVLIFYWHMCP>
#	G	D	E	R	K	N	Q	S	T	A	V	L	I	F	Y	W	H	M	C	P
0	0.06393	0.03219	0.04682	0.00947	0.04901	0.00732	0.00700	0.03029	0.01248	0.09165	0.09070	0.32080	0.15800	0.04541	0.00723	0.00211	0.00403	0.01078	0.00495	0.00582
1	0.26226	0.09733	0.15514	0.04926	0.13776	0.06237	0.01203	0.01739	0.03042	0.03910	0.04164	0.01404	0.01010	0.00596	0.00511	0.00171	0.02640	0.02151	0.00325	0.00722
2	0.01621	0.29255	0.09174	0.01262	0.06719	0.06211	0.01082	0.12223	0.06037	0.10612	0.04862	0.01669	0.04126	0.00654	0.00500	0.00156	0.00602	0.02045	0.00399	0.00788
3	0.17395	0.08691	0.36284	0.09478	0.02018	0.01291	0.01427	0.01599	0.01137	0.01836	0.04854	0.01491	0.03832	0.00743	0.03377	0.00202	0.02880	0.00461	0.00293	0.00710
4	0.04905	0.17445	0.37031	0.01305	0.01871	0.03617	0.05302	0.01714	0.05478	0.01742	0.07615	0.01616	0.01265	0.06009	0.00670	0.00192	0.00690	0.00492	0.00307	0.00735
5	0.00967	0.00795	0.01057	0.06223	0.01301	0.00818	0.04955	0.06782	0.05711	0.01803	0.12629	0.11365	0.22924	0.06106	0.02488	0.00238	0.03606	0.09180	0.00482	0.00571
6	0.13325	0.04692	0.25239	0.08693	0.10536	0.01239	0.08995	0.01779	0.02915	0.09155	0.04444	0.01595	0.03797	0.00603	0.00534	0.00177	0.00665	0.00511	0.00343	0.00764

[dist]
# distance from previous block
# <min> <max>
0	1

[block]
# block no. 5 follows, 42 sequences, length 37
# corresponding to MSA columns:
# 350-386
name=unknown_F
#
# <colnr> <probs for GDERKNQSTAVLIFYWHMCP>
#	G	D	E	R	K	N	Q	S	T	A	V	L	I	F	Y	W	H	M	C	P
0	0.01578	0.22113	0.01770	0.02592	0.01456	0.01329	0.03747	0.10599	0.01434	0.17495	0.06542	0.11895	0.01609	0.00795	0.00619	0.00165	0.05968	0.00634	0.00447	0.07212
1	0.00715	0.00506	0.00662	0.00776	0.00810	0.00479	0.00521	0.00809	0.01057	0.01407	0.02928	0.66147	0.03484	0.11630	0.00992	0.00270	0.00365	0.05497	0.00499	0.00446
2	0.04745	0.01454	0.04217	0.30126	0.24698	0.13344	0.03041	0.01780	0.06140	0.01680	0.01076	0.01390	0.00849	0.00553	0.00542	0.00172	0.00734	0.00477	0.00292	0.02692
3	0.01438	0.06490	0.02020	0.13225	0.39111	0.02823	0.02784	0.13808	0.01464	0.01988	0.01179	0.01603	0.00988	0.00788	0.04894	0.00212	0.00720	0.03324	0.00330	0.00811
4	0.00721	0.00511	0.00676	0.00795	0.00835	0.00485	0.00546	0.00827	0.01077	0.01432	0.02971	0.65407	0.03522	0.08730	0.00916	0.00260	0.00366	0.08965	0.00506	0.00453
5	0.00741	0.00544	0.00701	0.00801	0.00861	0.00525	0.00547	0.00950	0.06015	0.01561	0.08752	0.68866	0.03714	0.01650	0.00704	0.00222	0.00330	0.01491	0.00533	0.00491
6	0.03682	0.01344	0.06684	0.15036	0.48482	0.01321	0.01588	0.01741	0.06388	0.01816	0.02733	0.01487	0.00996	0.00565	0.00604	0.00176	0.03728	0.00510	0.00300	0.00818
7	0.01058	0.00919	0.00912	0.00856	0.01051	0.05630	0.00632	0.01688	0.26977	0.01793	0.10781	0.03534	0.21786	0.17191	0.01074	0.00260	0.00442	0.02308	0.00498	0.00609
8	0.00684	0.00498	0.00644	0.00761	0.00810	0.00459	0.00513	0.00786	0.01099	0.01445	0.03373	0.72095	0.11307	0.01728	0.00713	0.00225	0.00322	0.01557	0.00522	0.00459
9	0.32703	0.05994	0.16209	0.07655	0.01760	0.03719	0.02504	0.05005	0.02982	0.14891	0.01159	0.01248	0.00830	0.00569	0.00466	0.00173	0.00593	0.00412	0.00383	0.00746
10	0.01233	0.19253	0.47610	0.10888	0.02401	0.01512	0.04464	0.03442	0.01211	0.01684	0.00973	0.01181	0.00730	0.00528	0.00506	0.00167	0.00772	0.00413	0.00249	0.00783
11	0.00725	0.00569	0.00657	0.00661	0.00815	0.00502	0.00498	0.00911	0.01369	0.01769	0.29008	0.11685	0.42061	0.01371	0.00676	0.00193	0.00295	0.05186	0.00555	0.00495
12	0.01141	0.05410	0.74913	0.01583	0.02404	0.01337	0.02043	0.01779	0.01187	0.01767	0.01003	0.01179	0.00713	0.00533	0.00529	0.00176	0.00824	0.00412	0.00238	0.00828
13	0.01237	0.01681	0.18724	0.15782	0.13417	0.03278	0.29770	0.01690	0.01266	0.01735	0.03531	0.03108	0.01009	0.00558	0.00600	0.00183	0.00815	0.00581	0.00283	0.00754
14	0.00818	0.00546	0.00614	0.00614	0.00614	0.00546	0.00341	0.00818	0.00818	0.01091	0.01773	0.03683	0.02046	0.80222	0.02864	0.00546	0.00546	0.00818	0.00341	0.00341
15	0.00822	0.00630	0.00939	0.00929	0.01025	0.00747	0.00726	0.01020	0.00903	0.01308	0.01475	0.02169	0.01379	0.04083	0.74762	0.00877	0.04803	0.00598	0.00299	0.00507
16	0.03525	0.74346	0.02823	0.00984	0.01452	0.06390	0.00961	0.01715	0.01164	0.01356	0.00787	0.00909	0.00720	0.00488	0.00369	0.00123	0.00621	0.00304	0.00246	0.00716
17	0.01182	0.00652	0.00666	0.00618	0.00788	0.00673	0.00476	0.10256	0.01358	0.02274	0.01777	0.02007	0.01383	0.00658	0.00414	0.00136	0.00306	0.00522	0.73275	0.00577
18	0.00675	0.00570	0.00584	0.00581	0.00766	0.00479	0.00435	0.00827	0.01306	0.01576	0.11040	0.05324	0.71110	0.01405	0.00665	0.00189	0.00284	0.01175	0.00530	0.00479
19	0.84197	0.01088	0.00827	0.00740	0.01088	0.01262	0.00609	0.01654	0.00958	0.02525	0.00784	0.00914	0.00609	0.00522	0.00348	0.00174	0.00435	0.00305	0.00348	0.00609
20	0.84197	0.01088	0.00827	0.00740	0.01088	0.01262	0.00609	0.01654	0.00958	0.02525	0.00784	0.00914	0.00609	0.00522	0.00348	0.00174	0.00435	0.00305	0.00348	0.00609
21	0.00675	0.00570	0.00584	0.00580	0.00766	0.00479	0.00435	0.00826	0.01306	0.01575	0.10922	0.05326	0.71228	0.01405	0.00665	0.00189	0.00284	0.01175	0.00530	0.00479
22	0.00674	0.00570	0.00582	0.00579	0.00765	0.00479	0.00434	0.00824	0.01303	0.01569	0.10342	0.05336	0.71812	0.01407	0.00665	0.00189	0.00284	0.01177	0.00529	0.00479
23	0.84197	0.01088	0.00827	0.00740	0.01088	0.01262	0.00609	0.01654	0.00958	0.02525	0.00784	0.00914	0.00609	0.00522	0.00348	0.00174	0.00435	0.00305	0.00348	0.00609
24	0.00804	0.00603	0.00904	0.00904	0.01005	0.00703	0.00703	0.01005	0.00904	0.01306	0.01507	0.02211	0.01407	0.04221	0.77992	0.00904	0.01507	0.00603	0.00301	0.00502
25	0.01328	0.01518	0.03321	0.02372	0.02941	0.01423	0.74668	0.01803	0.01328	0.01803	0.01139	0.01518	0.00854	0.00474	0.00664	0.00190	0.00949	0.00664	0.00285	0.00759
26	0.00708	0.00563	0.00636	0.00637	0.00791	0.00490	0.00470	0.00884	0.01356	0.01740	0.27375	0.13348	0.46255	0.01378	0.00671	0.00190	0.00284	0.01181	0.00553	0.00490
27	0.01207	0.00894	0.02750	0.03187	0.11429	0.00874	0.01031	0.03080	0.08683	0.09392	0.03793	0.06800	0.02486	0.01187	0.00688	0.00224	0.00530	0.40601	0.00500	0.00665
28	0.01148	0.00673	0.00878	0.00781	0.00978	0.00621	0.00601	0.01456	0.04491	0.16464	0.59439	0.03687	0.04426	0.01049	0.00642	0.00177	0.00313	0.00917	0.00632	0.00626
29	0.00698	0.00497	0.00661	0.00788	0.00823	0.00467	0.00531	0.00799	0.01078	0.01436	0.03059	0.74986	0.03656	0.04008	0.00782	0.00239	0.00340	0.04180	0.00517	0.00456
30	0.01145	0.02797	0.71278	0.01667	0.02477	0.01316	0.07994	0.01784	0.01200	0.01784	0.01020	0.01215	0.00724	0.00530	0.00545	0.00179	0.00841	0.00436	0.00241	0.00826
31	0.00686	0.00490	0.00653	0.00784	0.00816	0.00457	0.00522	0.00784	0.01077	0.01437	0.03102	0.79855	0.03722	0.01763	0.00718	0.00229	0.00326	0.01600	0.00522	0.00457
32	0.00682	0.00506	0.00636	0.00741	0.00805	0.00461	0.00503	0.00788	0.01119	0.01453	0.03625	0.64875	0.18364	0.01695	0.00708	0.00221	0.00318	0.01517	0.00522	0.00461
33	0.01875	0.02627	0.01541	0.01410	0.10625	0.01269	0.01019	0.25285	0.04565	0.24537	0.06307	0.06230	0.01512	0.00780	0.00689	0.00181	0.07537	0.00618	0.00535	0.00857
34	0.01554	0.01402	0.08293	0.03490	0.02185	0.01211	0.31750	0.09844	0.03401	0.14979	0.03152	0.03049	0.01134	0.00586	0.00590	0.00172	0.00705	0.00592	0.02193	0.09717
35	0.01980	0.01492	0.01693	0.01345	0.03587	0.01619	0.03791	0.63654	0.02425	0.03266	0.01404	0.05090	0.01078	0.00705	0.00568	0.00169	0.00610	0.00557	0.00534	0.04433
36	0.01404	0.01408	0.10812	0.04654	0.22691	0.01291	0.01274	0.13262	0.20858	0.03721	0.04823	0.08284	0.01527	0.00741	0.00578	0.00181	0.00576	0.00643	0.00437	0.00834

[dist]
# distance from previous block
# <min> <max>
6	17

[block]
# block no. 6 follows, 42 sequences, length 216
# corresponding to MSA columns:
# 405-620
name=unknown_G
#
# <colnr> <probs for GDERKNQSTAVLIFYWHMCP>
#	G	D	E	R	K	N	Q	S	T	A	V	L	I	F	Y	W	H	M	C	P
0	0.01134	0.03104	0.01106	0.05662	0.04532	0.00852	0.00827	0.10261	0.03243	0.05843	0.02493	0.28368	0.06141	0.01265	0.00694	0.02254	0.00470	0.16821	0.00487	0.04445
1	0.17039	0.07262	0.18939	0.04818	0.28843	0.03323	0.02818	0.03300	0.05187	0.01955	0.01042	0.01255	0.00821	0.00533	0.00501	0.00170	0.00661	0.00437	0.00301	0.00796
2	0.01294	0.08831	0.01314	0.09983	0.01464	0.01088	0.04711	0.14870	0.01411	0.02096	0.01464	0.01799	0.01179	0.04461	0.04007	0.00202	0.02348	0.00520	0.36316	0.00641
3	0.01291	0.04929	0.20766	0.04335	0.11682	0.01375	0.35770	0.05092	0.01323	0.01833	0.01194	0.05577	0.00974	0.00573	0.00603	0.00182	0.00818	0.00608	0.00295	0.00780
4	0.00896	0.00737	0.00844	0.03586	0.04982	0.04212	0.00597	0.02691	0.01100	0.01405	0.04553	0.09141	0.20975	0.29826	0.11658	0.00410	0.00620	0.00890	0.00399	0.00478
5	0.04695	0.00695	0.00941	0.01051	0.07715	0.00678	0.02812	0.01143	0.05688	0.01808	0.21952	0.36673	0.09369	0.01310	0.00658	0.00201	0.00368	0.01173	0.00514	0.00558
6	0.10433	0.14063	0.47540	0.09175	0.04867	0.01435	0.01685	0.01717	0.01153	0.01764	0.00951	0.01153	0.00713	0.00527	0.00492	0.00170	0.00739	0.00398	0.00253	0.00772
7	0.00738	0.00564	0.00627	0.00648	0.00764	0.00512	0.00459	0.00851	0.01143	0.01427	0.06146	0.10769	0.40307	0.24117	0.01312	0.00302	0.00385	0.08014	0.00473	0.00441
8	0.01368	0.02936	0.01784	0.03362	0.01617	0.05369	0.03329	0.08740	0.01100	0.01588	0.00825	0.01241	0.00763	0.00900	0.01559	0.00228	0.61864	0.00489	0.00281	0.00658
9	0.01301	0.00856	0.01040	0.00859	0.01159	0.00788	0.00672	0.06210	0.08570	0.14245	0.33304	0.02747	0.02946	0.03148	0.00641	0.00167	0.00382	0.00714	0.00550	0.19701
10	0.01167	0.01000	0.01167	0.00834	0.01334	0.00750	0.00667	0.01417	0.01167	0.01834	0.01000	0.01167	0.00834	0.00417	0.00417	0.00083	0.00417	0.00333	0.00333	0.83663
11	0.01740	0.01562	0.01533	0.09000	0.03284	0.16901	0.01064	0.29593	0.08491	0.03948	0.01462	0.01631	0.04086	0.03567	0.00755	0.00189	0.07916	0.00528	0.01976	0.00774
12	0.54917	0.00929	0.00832	0.00745	0.01035	0.01022	0.00599	0.01542	0.01183	0.06701	0.23192	0.01942	0.02042	0.00718	0.00454	0.00175	0.00388	0.00530	0.00448	0.00606
13	0.00835	0.00622	0.00783	0.00800	0.00924	0.00580	0.00570	0.03587	0.01208	0.01679	0.11114	0.51976	0.05396	0.01421	0.00682	0.00198	0.02133	0.01262	0.03418	0.10810
14	0.01626	0.59241	0.02586	0.01097	0.01512	0.19204	0.01004	0.01795	0.01231	0.01337	0.00800	0.00944	0.00724	0.00528	0.00466	0.00132	0.04496	0.00324	0.00252	0.00701
15	0.00686	0.00490	0.00653	0.00784	0.00816	0.00457	0.00522	0.00784	0.01077	0.01437	0.03102	0.79855	0.03722	0.01763	0.00718	0.00229	0.00326	0.01600	0.00522	0.00457
16	0.01710	0.01170	0.01335	0.02934	0.01494	0.01254	0.00900	0.37997	0.09108	0.11617	0.01998	0.20473	0.01798	0.00967	0.00607	0.00189	0.00516	0.02561	0.00562	0.00812
17	0.01311	0.03942	0.30957	0.03788	0.14436	0.01408	0.26081	0.06345	0.01332	0.01882	0.01071	0.01342	0.00805	0.00526	0.00606	0.00180	0.02376	0.00518	0.00281	0.00813
18	0.01713	0.42925	0.06685	0.02787	0.03036	0.29525	0.01095	0.01915	0.01323	0.03187	0.00871	0.01005	0.00742	0.00527	0.00437	0.00136	0.00766	0.00344	0.00270	0.00710
19	0.01414	0.01154	0.04178	0.01336	0.07735	0.01173	0.04355	0.03976	0.33910	0.11687	0.02203	0.11095	0.05331	0.00862	0.00659	0.00190	0.04696	0.00730	0.00507	0.02808
20	0.01292	0.07508	0.61041	0.01619	0.06254	0.04089	0.01874	0.01852	0.01232	0.06622	0.01072	0.01222	0.00768	0.00542	0.00526	0.00173	0.00792	0.00421	0.00272	0.00830
21	0.00829	0.03382	0.00956	0.00887	0.00994	0.00746	0.00688	0.01016	0.00907	0.01293	0.01500	0.02264	0.01426	0.09167	0.70272	0.00853	0.01412	0.00607	0.00302	0.00499
22	0.02525	0.00958	0.01306	0.01001	0.01437	0.00827	0.00827	0.02743	0.01611	0.77102	0.02220	0.01915	0.01393	0.00697	0.00566	0.00174	0.00479	0.00566	0.00697	0.00958
23	0.02050	0.01508	0.01574	0.01241	0.01649	0.05657	0.01017	0.59754	0.02388	0.07873	0.01475	0.01672	0.01114	0.02713	0.00625	0.00181	0.00618	0.03856	0.02138	0.00897
24	0.01328	0.01518	0.03321	0.02372	0.02941	0.01423	0.74668	0.01803	0.01328	0.01803	0.01139	0.01518	0.00854	0.00474	0.00664	0.00190	0.00949	0.00664	0.00285	0.00759
25	0.02525	0.00958	0.01306	0.01001	0.01437	0.00827	0.00827	0.02743	0.01611	0.77102	0.02220	0.01915	0.01393	0.00697	0.00566	0.00174	0.00479	0.00566	0.00697	0.00958
26	0.02435	0.00955	0.01289	0.00998	0.01420	0.00838	0.00821	0.02702	0.04189	0.72318	0.04385	0.01989	0.01519	0.00712	0.00569	0.00175	0.00471	0.00582	0.00690	0.00943
27	0.00842	0.00616	0.00757	0.00816	0.00912	0.00598	0.00578	0.08182	0.01259	0.01657	0.03181	0.58070	0.11719	0.03894	0.00762	0.00229	0.00366	0.04534	0.00521	0.00508
28	0.00978	0.00489	0.00733	0.00733	0.00733	0.00489	0.00489	0.00733	0.00733	0.00978	0.00978	0.01711	0.00978	0.01955	0.02199	0.83627	0.00489	0.00489	0.00244	0.00244
29	0.84197	0.01088	0.00827	0.00740	0.01088	0.01262	0.00609	0.01654	0.00958	0.02525	0.00784	0.00914	0.00609	0.00522	0.00348	0.00174	0.00435	0.00305	0.00348	0.00609
30	0.00677	0.00557	0.00595	0.00614	0.00774	0.00476	0.00450	0.00820	0.01269	0.01553	0.09742	0.17601	0.60000	0.01464	0.00674	0.00196	0.00291	0.01245	0.00529	0.00476
31	0.01143	0.02817	0.72509	0.01676	0.03988	0.01313	0.05263	0.01782	0.01196	0.01784	0.01017	0.01207	0.00723	0.00531	0.00541	0.00178	0.00833	0.00429	0.00241	0.00830
32	0.84197	0.01088	0.00827	0.00740	0.01088	0.01262	0.00609	0.01654	0.00958	0.02525	0.00784	0.00914	0.00609	0.00522	0.00348	0.00174	0.00435	0.00305	0.00348	0.00609
33	0.00686	0.00490	0.00653	0.00784	0.00816	0.00457	0.00522	0.00784	0.01077	0.01437	0.03102	0.79855	0.03722	0.01763	0.00718	0.00229	0.00326	0.01600	0.00522	0.00457
34	0.01212	0.01027	0.01191	0.00855	0.01353	0.00796	0.00685	0.04808	0.01235	0.01913	0.01016	0.01175	0.00839	0.00429	0.00424	0.00087	0.00426	0.00341	0.00344	0.79842
35	0.01434	0.30421	0.28077	0.01550	0.10117	0.12447	0.01460	0.01786	0.01224	0.01547	0.00901	0.01086	0.00739	0.00540	0.00535	0.00155	0.04586	0.00380	0.00251	0.00763
36	0.00725	0.00518	0.00698	0.00829	0.00879	0.00491	0.00591	0.00852	0.01116	0.01481	0.03080	0.66700	0.03636	0.01726	0.00729	0.00234	0.00361	0.14364	0.00522	0.00468
37	0.77756	0.01078	0.00865	0.00761	0.01116	0.01228	0.00627	0.01740	0.01009	0.08406	0.00897	0.00993	0.00671	0.00536	0.00365	0.00174	0.00439	0.00325	0.00376	0.00637
38	0.01129	0.02911	0.77306	0.01604	0.02436	0.01307	0.02079	0.01782	0.01188	0.01782	0.01010	0.01188	0.00713	0.00535	0.00535	0.00178	0.00832	0.00416	0.00238	0.00832
39	0.00665	0.00570	0.00570	0.00570	0.00760	0.00475	0.00428	0.00808	0.01283	0.01520	0.05701	0.05416	0.76483	0.01425	0.00665	0.00190	0.00285	0.01188	0.00523	0.00475
40	0.00804	0.00603	0.00904	0.00904	0.01005	0.00703	0.00703	0.01005	0.00904	0.01306	0.01507	0.02211	0.01407	0.04221	0.77992	0.00904	0.01507	0.00603	0.00301	0.00502
41	0.01167	0.01000	0.01167	0.00834	0.01334	0.00750	0.00667	0.01417	0.01167	0.01834	0.01000	0.01167	0.00834	0.00417	0.00417	0.00083	0.00417	0.00333	0.00333	0.83663
42	0.00683	0.00500	0.00643	0.00757	0.00809	0.00459	0.00511	0.00787	0.01103	0.01447	0.03421	0.70709	0.12662	0.01722	0.00712	0.00224	0.00321	0.01549	0.00522	0.00459
43	0.84197	0.01088	0.00827	0.00740	0.01088	0.01262	0.00609	0.01654	0.00958	0.02525	0.00784	0.00914	0.00609	0.00522	0.00348	0.00174	0.00435	0.00305	0.00348	0.00609
44	0.84197	0.01088	0.00827	0.00740	0.01088	0.01262	0.00609	0.01654	0.00958	0.02525	0.00784	0.00914	0.00609	0.00522	0.00348	0.00174	0.00435	0.00305	0.00348	0.00609
45	0.02313	0.01297	0.01516	0.01162	0.01606	0.01331	0.00960	0.42284	0.02179	0.36758	0.01744	0.01606	0.01154	0.00685	0.00564	0.00171	0.00556	0.00533	0.00623	0.00957
46	0.36539	0.01012	0.01107	0.00892	0.01292	0.01008	0.00736	0.02289	0.01339	0.46043	0.01622	0.01498	0.01067	0.00624	0.00475	0.00174	0.00461	0.00457	0.00551	0.00813
47	0.01505	0.80561	0.02949	0.00963	0.01444	0.02227	0.00963	0.01685	0.01143	0.01324	0.00782	0.00903	0.00722	0.00481	0.00361	0.00120	0.00602	0.00301	0.00241	0.00722
48	0.01063	0.01000	0.01688	0.78870	0.03876	0.01250	0.01563	0.01438	0.01125	0.01438	0.01000	0.01500	0.00750	0.00563	0.00563	0.00188	0.00750	0.00500	0.00250	0.00625
49	0.00686	0.00490	0.00653	0.00784	0.00816	0.00457	0.00522	0.00784	0.01077	0.01437	0.03102	0.79855	0.03722	0.01763	0.00718	0.00229	0.00326	0.01600	0.00522	0.00457
50	0.80502	0.04640	0.00922	0.00750	0.01104	0.01306	0.00625	0.01656	0.00966	0.02471	0.00784	0.00914	0.00615	0.00521	0.00349	0.00172	0.00443	0.00305	0.00343	0.00615
51	0.00692	0.00494	0.00655	0.00777	0.00812	0.00461	0.00518	0.00793	0.01086	0.01452	0.05207	0.75865	0.03729	0.03584	0.00767	0.00234	0.00330	0.01565	0.00521	0.00457
52	0.00794	0.00577	0.00748	0.00711	0.00846	0.00532	0.00536	0.01054	0.01572	0.02209	0.71369	0.04314	0.08366	0.01173	0.00667	0.00180	0.00273	0.02939	0.00613	0.00528
53	0.01521	0.78415	0.02912	0.00976	0.01453	0.04313	0.00966	0.01701	0.01156	0.01325	0.00785	0.00906	0.00722	0.00484	0.00365	0.00121	0.00613	0.00303	0.00242	0.00720
54	0.01429	0.01354	0.08904	0.01056	0.01559	0.01112	0.00933	0.20693	0.04875	0.02291	0.01146	0.01260	0.00892	0.00522	0.00499	0.00123	0.01897	0.00403	0.00393	0.48661
55	0.01366	0.41415	0.12406	0.01117	0.03201	0.10393	0.01061	0.01623	0.01281	0.01573	0.14183	0.01680	0.03735	0.00655	0.00497	0.00147	0.02172	0.00483	0.00321	0.00690
56	0.01529	0.01273	0.01345	0.01171	0.01513	0.01460	0.00922	0.15582	0.62893	0.02563	0.02126	0.01968	0.01585	0.00748	0.00571	0.00187	0.00476	0.00614	0.00571	0.00902
57	0.81304	0.01085	0.00857	0.03460	0.01185	0.01262	0.00643	0.01647	0.00964	0.02487	0.00791	0.00935	0.00614	0.00524	0.00356	0.00175	0.00446	0.00312	0.00345	0.00610
58	0.01129	0.02911	0.77306	0.01604	0.02436	0.01307	0.02079	0.01782	0.01188	0.01782	0.01010	0.01188	0.00713	0.00535	0.00535	0.00178	0.00832	0.00416	0.00238	0.00832
59	0.01175	0.00655	0.00671	0.00622	0.00788	0.00675	0.00475	0.10328	0.01347	0.02240	0.01774	0.02063	0.01404	0.03517	0.00503	0.00151	0.00316	0.00533	0.70192	0.00571
60	0.00686	0.00490	0.00653	0.00784	0.00816	0.00457	0.00522	0.00784	0.01077	0.01437	0.03102	0.79855	0.03722	0.01763	0.00718	0.00229	0.00326	0.01600	0.00522	0.00457
61	0.01167	0.01000	0.01167	0.00834	0.01334	0.00750	0.00667	0.01417	0.01167	0.01834	0.01000	0.01167	0.00834	0.00417	0.00417	0.00083	0.00417	0.00333	0.00333	0.83663
62	0.02353	0.00920	0.01251	0.00972	0.01377	0.00798	0.00798	0.02575	0.01609	0.69644	0.09613	0.02143	0.01783	0.00742	0.00576	0.00174	0.00458	0.00611	0.00689	0.00915
63	0.02525	0.00958	0.01306	0.01001	0.01437	0.00827	0.00827	0.02743	0.01611	0.77102	0.02220	0.01915	0.01393	0.00697	0.00566	0.00174	0.00479	0.00566	0.00697	0.00958
64	0.00860	0.00614	0.00853	0.00983	0.01092	0.00607	0.00826	0.01085	0.01249	0.01632	0.03005	0.21880	0.03341	0.01599	0.00765	0.00253	0.00478	0.57853	0.00519	0.00505
65	0.00686	0.00490	0.00653	0.00784	0.00816	0.00457	0.00522	0.00784	0.01077	0.01437	0.03102	0.79855	0.03722	0.01763	0.00718	0.00229	0.00326	0.01600	0.00522	0.00457
66	0.01275	0.01020	0.01201	0.02321	0.01402	0.00814	0.00711	0.03346	0.04163	0.06169	0.01129	0.01257	0.00902	0.00455	0.00438	0.00097	0.00433	0.00366	0.00368	0.72134
67	0.00847	0.00657	0.00951	0.00927	0.01007	0.00784	0.00714	0.01018	0.00891	0.01287	0.01463	0.02281	0.01414	0.12384	0.62285	0.00801	0.08878	0.00616	0.00301	0.00495
68	0.01049	0.00525	0.00525	0.00525	0.00656	0.00525	0.00393	0.01311	0.01180	0.02098	0.01836	0.02098	0.01442	0.00656	0.00393	0.00131	0.00262	0.00525	0.83346	0.00525
69	0.84197	0.01088	0.00827	0.00740	0.01088	0.01262	0.00609	0.01654	0.00958	0.02525	0.00784	0.00914	0.00609	0.00522	0.00348	0.00174	0.00435	0.00305	0.00348	0.00609
70	0.01063	0.01000	0.01688	0.78870	0.03876	0.01250	0.01563	0.01438	0.01125	0.01438	0.01000	0.01500	0.00750	0.00563	0.00563	0.00188	0.00750	0.00500	0.00250	0.00625
71	0.01537	0.01277	0.01350	0.01173	0.01516	0.01464	0.00924	0.16366	0.62096	0.02576	0.02116	0.01960	0.01576	0.00747	0.00571	0.00187	0.00478	0.00612	0.00571	0.00903
72	0.00689	0.00491	0.00652	0.00779	0.00810	0.00460	0.00517	0.00785	0.01070	0.01427	0.03063	0.77658	0.03674	0.04026	0.00780	0.00238	0.00333	0.01577	0.00517	0.00454
73	0.00686	0.00490	0.00653	0.00784	0.00816	0.00457	0.00522	0.00784	0.01077	0.01437	0.03102	0.79855	0.03722	0.01763	0.00718	0.00229	0.00326	0.01600	0.00522	0.00457
74	0.01142	0.05701	0.74634	0.01581	0.02400	0.01340	0.02039	0.01779	0.01187	0.01766	0.01002	0.01178	0.00713	0.00533	0.00528	0.00176	0.00823	0.00412	0.00238	0.00828
75	0.84197	0.01088	0.00827	0.00740	0.01088	0.01262	0.00609	0.01654	0.00958	0.02525	0.00784	0.00914	0.00609	0.00522	0.00348	0.00174	0.00435	0.00305	0.00348	0.00609
76	0.00686	0.00490	0.00653	0.00784	0.00816	0.00457	0.00522	0.00784	0.01077	0.01437	0.03102	0.79855	0.03722	0.01763	0.00718	0.00229	0.00326	0.01600	0.00522	0.00457
77	0.00687	0.00573	0.00600	0.00599	0.00780	0.00486	0.00452	0.00847	0.01319	0.01611	0.13910	0.05299	0.66198	0.01397	0.00668	0.00190	0.00289	0.03078	0.00534	0.00483
78	0.01063	0.01000	0.01688	0.78870	0.03876	0.01250	0.01563	0.01438	0.01125	0.01438	0.01000	0.01500	0.00750	0.00563	0.00563	0.00188	0.00750	0.00500	0.00250	0.00625
79	0.01505	0.80561	0.02949	0.00963	0.01444	0.02227	0.00963	0.01685	0.01143	0.01324	0.00782	0.00903	0.00722	0.00481	0.00361	0.00120	0.00602	0.00301	0.00241	0.00722
