[name]
unknown

[dist]
# distance from previous block
# <min> <max>
1	157

[block]
# block no. 0 follows, 48 sequences, length 7
# corresponding to MSA columns:
# 569-575
name=unknown_A
#
# <colnr> <probs for GDERKNQSTAVLIFYWHMCP>
#	G	D	E	R	K	N	Q	S	T	A	V	L	I	F	Y	W	H	M	C	P
0	0.22241	0.08089	0.08437	0.07220	0.08899	0.12943	0.04859	0.18097	0.01383	0.02037	0.00912	0.01064	0.00702	0.00511	0.00445	0.00151	0.00621	0.00381	0.00320	0.00689
1	0.01043	0.01081	0.05550	0.46731	0.17968	0.03857	0.03273	0.01356	0.01048	0.01380	0.00992	0.01474	0.00815	0.05313	0.05844	0.00227	0.00721	0.00474	0.00242	0.00610
2	0.06031	0.01315	0.06920	0.11634	0.50318	0.04144	0.01433	0.05089	0.05057	0.01746	0.01004	0.01262	0.00808	0.00489	0.00496	0.00156	0.00615	0.00444	0.00278	0.00761
3	0.03317	0.06581	0.04729	0.01281	0.11976	0.06067	0.00934	0.10337	0.05611	0.15283	0.01352	0.08602	0.01127	0.00643	0.00552	0.00148	0.05270	0.00512	0.00391	0.15288
4	0.10653	0.02954	0.04247	0.22833	0.13970	0.04329	0.04595	0.07146	0.01188	0.08934	0.01164	0.06426	0.00976	0.00628	0.00583	0.00169	0.06231	0.01990	0.00324	0.00660
5	0.19177	0.01257	0.05672	0.10068	0.41745	0.04984	0.01278	0.01629	0.03254	0.04885	0.00970	0.01198	0.00769	0.00486	0.00466	0.00156	0.00582	0.00415	0.00286	0.00723
6	0.36119	0.01165	0.04980	0.10419	0.12130	0.04475	0.04755	0.01739	0.05929	0.12209	0.01062	0.01188	0.00785	0.00514	0.00434	0.00160	0.00528	0.00397	0.00344	0.00669

[dist]
# distance from previous block
# <min> <max>
21	65

[block]
# block no. 1 follows, 48 sequences, length 28
# corresponding to MSA columns:
# 653-680
name=unknown_B
#
# <colnr> <probs for GDERKNQSTAVLIFYWHMCP>
#	G	D	E	R	K	N	Q	S	T	A	V	L	I	F	Y	W	H	M	C	P
0	0.10602	0.04459	0.05048	0.01682	0.09194	0.01219	0.34755	0.07054	0.02316	0.04171	0.08473	0.01527	0.01179	0.00624	0.02504	0.00181	0.03465	0.00544	0.00324	0.00680
1	0.02964	0.01263	0.06564	0.04109	0.07275	0.05915	0.07942	0.10672	0.25182	0.08334	0.01512	0.03111	0.01176	0.00852	0.06301	0.00211	0.00617	0.01741	0.00409	0.03851
2	0.07757	0.01354	0.01435	0.01155	0.01489	0.10257	0.05477	0.36944	0.05572	0.04554	0.01287	0.04306	0.02185	0.00722	0.02288	0.00172	0.05882	0.01447	0.00421	0.05295
3	0.07064	0.00698	0.00843	0.07404	0.01080	0.00749	0.00608	0.07288	0.02365	0.02930	0.15844	0.12395	0.10803	0.19060	0.04225	0.00273	0.04680	0.00792	0.00409	0.00491
4	0.00829	0.00622	0.00728	0.00710	0.00853	0.00600	0.00524	0.11362	0.01345	0.01779	0.21711	0.31116	0.23371	0.01252	0.00610	0.00180	0.00311	0.01091	0.00503	0.00501
5	0.01013	0.00936	0.01539	0.77141	0.03446	0.01160	0.01405	0.04732	0.01089	0.01398	0.00926	0.01362	0.00693	0.00518	0.00513	0.00170	0.00679	0.00456	0.00241	0.00584
6	0.07406	0.01217	0.02068	0.02884	0.66522	0.01221	0.08016	0.01576	0.01151	0.01719	0.00953	0.01248	0.00791	0.00456	0.00503	0.00155	0.00616	0.00457	0.00259	0.00784
7	0.01143	0.01323	0.07181	0.17799	0.09335	0.01226	0.47980	0.01549	0.01162	0.01575	0.01063	0.01518	0.00837	0.00491	0.00575	0.00173	0.00786	0.03353	0.00258	0.00674
8	0.00721	0.00534	0.00666	0.00642	0.00769	0.00491	0.00477	0.02457	0.01376	0.01891	0.56744	0.12010	0.17032	0.01140	0.00609	0.00168	0.00257	0.00999	0.00540	0.00477
9	0.01466	0.76620	0.06812	0.00988	0.01448	0.02031	0.00979	0.01619	0.01119	0.01344	0.00846	0.01005	0.00772	0.00521	0.00391	0.00135	0.00598	0.00321	0.00261	0.00723
10	0.01064	0.00912	0.01064	0.00760	0.01216	0.00684	0.00608	0.01292	0.01064	0.01672	0.00912	0.01064	0.00760	0.00380	0.00380	0.00076	0.00380	0.00304	0.00304	0.85104
11	0.01119	0.05535	0.68320	0.01385	0.02083	0.01173	0.01742	0.01658	0.01111	0.06701	0.01052	0.01290	0.00776	0.00530	0.00491	0.00163	0.00719	0.03147	0.00254	0.00751
12	0.01229	0.01051	0.01122	0.01026	0.01298	0.01209	0.00800	0.02566	0.71045	0.02084	0.02148	0.05195	0.01706	0.00767	0.00537	0.00178	0.00405	0.04335	0.00518	0.00780
13	0.01700	0.01020	0.01381	0.01225	0.07766	0.01019	0.06384	0.11505	0.17765	0.32623	0.08927	0.01926	0.01576	0.00670	0.00535	0.00164	0.00474	0.02015	0.00528	0.00798
14	0.01300	0.01244	0.02135	0.04774	0.60591	0.01253	0.11082	0.06563	0.02812	0.01775	0.01013	0.01297	0.00824	0.00471	0.00521	0.00156	0.00637	0.00479	0.00277	0.00795
15	0.00733	0.00550	0.00825	0.00825	0.00916	0.00641	0.00641	0.00916	0.00825	0.01191	0.01374	0.02016	0.01283	0.03848	0.79934	0.00825	0.01374	0.00550	0.00275	0.00458
16	0.00740	0.00495	0.00561	0.00567	0.00569	0.00494	0.00319	0.00745	0.00758	0.01010	0.01676	0.07159	0.01940	0.78065	0.02517	0.00483	0.00488	0.00781	0.00319	0.00316
17	0.01644	0.01039	0.01201	0.01001	0.01305	0.01089	0.00801	0.35450	0.07591	0.19300	0.01876	0.18936	0.01642	0.00873	0.00553	0.00172	0.00463	0.03779	0.00531	0.00753
18	0.01042	0.05590	0.76484	0.01441	0.02187	0.01223	0.01858	0.01622	0.01082	0.01610	0.00913	0.01074	0.00650	0.00486	0.00482	0.00161	0.00751	0.00375	0.00217	0.00755
19	0.00614	0.00520	0.00531	0.00528	0.00698	0.00437	0.00396	0.00752	0.01188	0.01430	0.10021	0.04865	0.73708	0.01283	0.00606	0.00172	0.00259	0.01073	0.00482	0.00437
20	0.02105	0.01154	0.01305	0.01028	0.01409	0.06776	0.00844	0.25893	0.01753	0.46467	0.01713	0.01685	0.01167	0.00652	0.00519	0.00158	0.00514	0.03456	0.00563	0.00837
21	0.01836	0.05449	0.07149	0.01272	0.01592	0.60944	0.01030	0.05395	0.01444	0.06489	0.00910	0.01020	0.00721	0.00592	0.01863	0.00148	0.00858	0.00354	0.00295	0.00638
22	0.00847	0.00508	0.00680	0.00733	0.00818	0.00466	0.00512	0.00965	0.01090	0.11238	0.10121	0.63912	0.03266	0.01430	0.00632	0.00198	0.00310	0.01287	0.00505	0.00481
23	0.00703	0.00500	0.00573	0.00580	0.00634	0.00475	0.00368	0.00772	0.00952	0.01252	0.13099	0.11973	0.17431	0.46524	0.01736	0.00357	0.00395	0.00912	0.00396	0.00370
24	0.07294	0.14381	0.52130	0.01440	0.07022	0.01310	0.04410	0.01622	0.01082	0.03535	0.00909	0.01066	0.00675	0.00479	0.00458	0.00154	0.00687	0.00373	0.00239	0.00732
25	0.23374	0.06830	0.07065	0.01135	0.04346	0.11592	0.00943	0.30361	0.05896	0.02367	0.01023	0.01091	0.00770	0.00546	0.00443	0.00151	0.00574	0.00385	0.00380	0.00727
26	0.17867	0.08805	0.07421	0.01355	0.10268	0.23448	0.03631	0.07159	0.12130	0.01809	0.01023	0.01127	0.00804	0.00526	0.00447	0.00149	0.00640	0.00388	0.00320	0.00684
27	0.32782	0.01740	0.35521	0.01106	0.02857	0.02725	0.01195	0.03458	0.01093	0.07997	0.04440	0.01169	0.00861	0.00524	0.00432	0.00160	0.00571	0.00379	0.00312	0.00679

[dist]
# distance from previous block
# <min> <max>
0	4

[block]
# block no. 2 follows, 48 sequences, length 81
# corresponding to MSA columns:
# 685-765
name=unknown_C
#
# <colnr> <probs for GDERKNQSTAVLIFYWHMCP>
#	G	D	E	R	K	N	Q	S	T	A	V	L	I	F	Y	W	H	M	C	P
0	0.01357	0.59359	0.17395	0.01033	0.01517	0.09198	0.01086	0.01602	0.01089	0.01293	0.00761	0.00883	0.00657	0.00457	0.00372	0.00122	0.00625	0.00300	0.00223	0.00672
1	0.00753	0.00740	0.08085	0.00782	0.00958	0.00553	0.00637	0.00926	0.01023	0.01423	0.05112	0.44264	0.06284	0.05241	0.03799	0.00220	0.00408	0.04386	0.01928	0.12478
2	0.01050	0.07539	0.74608	0.01427	0.02165	0.01243	0.01833	0.01620	0.01081	0.01599	0.00908	0.01067	0.00651	0.00485	0.00478	0.00159	0.00745	0.00373	0.00217	0.00752
3	0.01036	0.06151	0.73823	0.01415	0.02142	0.01210	0.01813	0.01604	0.01091	0.01618	0.02951	0.01144	0.00761	0.00500	0.00484	0.00160	0.00735	0.00389	0.00226	0.00747
4	0.00964	0.00905	0.01516	0.76959	0.03415	0.01131	0.01394	0.01294	0.01020	0.01309	0.00955	0.03389	0.00752	0.00549	0.00542	0.00173	0.02450	0.00481	0.00234	0.00566
5	0.08305	0.01448	0.08744	0.01122	0.01561	0.01407	0.00990	0.54436	0.02017	0.06997	0.01182	0.01202	0.00840	0.00577	0.00486	0.00150	0.00549	0.00431	0.00461	0.07096
6	0.02277	0.00860	0.00863	0.00802	0.00985	0.08162	0.00605	0.03940	0.17023	0.03577	0.32234	0.09862	0.11861	0.02810	0.00612	0.00173	0.00370	0.00821	0.01595	0.00568
7	0.00619	0.00516	0.00541	0.00544	0.00703	0.00437	0.00404	0.00757	0.01185	0.01446	0.12098	0.09760	0.66636	0.01295	0.00609	0.00174	0.00261	0.01092	0.00485	0.00437
8	0.00929	0.00481	0.00481	0.00481	0.00605	0.00475	0.00361	0.01160	0.01083	0.01872	0.01947	0.02148	0.07307	0.00652	0.00378	0.00124	0.00241	0.00525	0.78274	0.00475
9	0.48059	0.00979	0.00923	0.01815	0.01125	0.03133	0.00641	0.06726	0.01187	0.19776	0.08391	0.01381	0.01162	0.00580	0.00410	0.00157	0.00417	0.00413	0.02081	0.00642
10	0.01920	0.02351	0.01462	0.01309	0.01587	0.72537	0.00990	0.09108	0.01544	0.01442	0.00834	0.00954	0.00681	0.00537	0.00467	0.00134	0.00891	0.00343	0.00288	0.00621
11	0.02302	0.00873	0.01191	0.00913	0.01310	0.00754	0.00754	0.02501	0.01469	0.79122	0.02024	0.01746	0.01270	0.00635	0.00516	0.00159	0.00437	0.00516	0.00635	0.00873
12	0.00625	0.00447	0.00595	0.00714	0.00744	0.00417	0.00476	0.00714	0.00982	0.01310	0.02828	0.81633	0.03394	0.01608	0.00655	0.00208	0.00298	0.01459	0.00476	0.00417
13	0.02988	0.08743	0.68646	0.01426	0.02140	0.01260	0.04668	0.01616	0.01080	0.01609	0.00905	0.01069	0.00653	0.00481	0.00476	0.00159	0.00738	0.00377	0.00221	0.00743
14	0.01029	0.02654	0.79309	0.01462	0.02221	0.01192	0.01896	0.01625	0.01083	0.01625	0.00921	0.01083	0.00650	0.00487	0.00487	0.00162	0.00758	0.00379	0.00217	0.00758
15	0.01490	0.01076	0.01182	0.01027	0.01341	0.01196	0.00809	0.05921	0.60839	0.16020	0.02040	0.01855	0.01483	0.00682	0.00521	0.00170	0.00418	0.00563	0.00542	0.00826
16	0.01038	0.01041	0.03640	0.57321	0.15589	0.01157	0.08547	0.01386	0.01076	0.01423	0.02378	0.01393	0.00790	0.00506	0.00522	0.00168	0.00683	0.00477	0.00241	0.00624
17	0.85592	0.00992	0.00754	0.00675	0.00992	0.01151	0.00556	0.01508	0.00873	0.02302	0.00714	0.00834	0.00556	0.00476	0.00318	0.00159	0.00397	0.00278	0.00318	0.00556
18	0.01226	0.01195	0.02094	0.08410	0.64353	0.01201	0.08624	0.01541	0.01162	0.01640	0.01077	0.01381	0.02789	0.00480	0.00520	0.00156	0.00630	0.00487	0.00258	0.00775
19	0.01029	0.02654	0.79309	0.01462	0.02221	0.01192	0.01896	0.01625	0.01083	0.01625	0.00921	0.01083	0.00650	0.00487	0.00487	0.00162	0.00758	0.00379	0.00217	0.00758
20	0.00735	0.00498	0.00653	0.00697	0.00762	0.00481	0.00483	0.00853	0.01029	0.04126	0.14718	0.41723	0.05047	0.14462	0.09601	0.00312	0.00445	0.02496	0.00448	0.00433
21	0.01066	0.02395	0.63727	0.01605	0.02315	0.01213	0.17218	0.01629	0.01109	0.01629	0.00945	0.01145	0.00676	0.00476	0.00512	0.00165	0.00780	0.00425	0.00225	0.00745
22	0.00621	0.00462	0.00580	0.00674	0.00734	0.00420	0.00458	0.00719	0.01022	0.01326	0.03324	0.65587	0.19119	0.01543	0.00645	0.00201	0.00290	0.01380	0.00476	0.00420
23	0.02235	0.00858	0.01169	0.00902	0.01287	0.00743	0.00743	0.02436	0.01468	0.75852	0.05269	0.01835	0.01422	0.00653	0.00520	0.00159	0.00428	0.00533	0.00632	0.00857
24	0.01257	0.01013	0.01063	0.00954	0.01221	0.01156	0.00743	0.06383	0.60684	0.02164	0.01972	0.01878	0.01487	0.00675	0.00494	0.00164	0.00386	0.00556	0.14993	0.00758
25	0.01352	0.75981	0.02602	0.00914	0.01319	0.01995	0.00897	0.01513	0.01023	0.01209	0.00710	0.00846	0.00660	0.00475	0.00434	0.00119	0.06791	0.00288	0.00220	0.00651
26	0.07361	0.00741	0.00966	0.00926	0.03574	0.00794	0.00710	0.07023	0.01067	0.05677	0.03224	0.02107	0.03247	0.02355	0.41874	0.00505	0.02987	0.06019	0.00343	0.08501
27	0.08663	0.00595	0.00625	0.00600	0.00785	0.00556	0.00459	0.00923	0.03075	0.01563	0.13014	0.03934	0.50408	0.01392	0.08202	0.00230	0.00386	0.00899	0.00448	0.03244
28	0.00674	0.00503	0.00529	0.00543	0.00686	0.00441	0.00399	0.00821	0.01140	0.01492	0.07101	0.14341	0.52700	0.01209	0.00570	0.00168	0.00261	0.01022	0.14959	0.00441
29	0.16310	0.01361	0.01405	0.01094	0.01488	0.01516	0.00903	0.64086	0.02148	0.03074	0.01143	0.01164	0.00818	0.00592	0.00480	0.00155	0.00536	0.00430	0.00480	0.00818
30	0.01098	0.01095	0.01560	0.22881	0.01946	0.03180	0.01202	0.01273	0.00866	0.01256	0.00741	0.01185	0.00676	0.00785	0.01339	0.00208	0.57469	0.00448	0.00226	0.00564
31	0.01111	0.00928	0.01014	0.00922	0.01158	0.01038	0.00709	0.02191	0.54824	0.02091	0.23022	0.02479	0.02472	0.02980	0.00601	0.00179	0.00364	0.00680	0.00528	0.00709
32	0.00648	0.00462	0.00617	0.00732	0.00770	0.00436	0.00506	0.00749	0.00995	0.01323	0.02785	0.72246	0.03310	0.03752	0.00713	0.00219	0.00320	0.08529	0.00471	0.00419
33	0.01158	0.01754	0.25257	0.01959	0.02547	0.01267	0.55045	0.01638	0.01174	0.01638	0.01004	0.01296	0.00741	0.00449	0.00571	0.00170	0.00834	0.00540	0.00247	0.00711
34	0.01294	0.01141	0.01099	0.00990	0.01253	0.09879	0.00769	0.06560	0.46720	0.03964	0.07318	0.03663	0.07478	0.00773	0.00530	0.00168	0.00447	0.02529	0.02709	0.00718
35	0.00624	0.00453	0.00589	0.00697	0.00740	0.00418	0.00469	0.00716	0.00999	0.01316	0.03035	0.74950	0.09943	0.01581	0.00651	0.00205	0.00294	0.01426	0.00476	0.00418
36	0.00645	0.00462	0.00599	0.00687	0.00730	0.00431	0.00461	0.00745	0.01022	0.01368	0.10870	0.64173	0.06489	0.07769	0.00799	0.00224	0.00306	0.01332	0.00473	0.00416
37	0.01157	0.05887	0.45244	0.01524	0.02131	0.01246	0.18404	0.08681	0.01243	0.01754	0.01106	0.01517	0.00879	0.00557	0.00526	0.00167	0.00732	0.06245	0.00274	0.00727
38	0.64630	0.01101	0.00865	0.00774	0.01070	0.08644	0.00624	0.03993	0.00990	0.04195	0.00836	0.00991	0.00664	0.00808	0.07836	0.00219	0.00546	0.00321	0.00323	0.00569
39	0.00956	0.00478	0.00478	0.00478	0.00598	0.00478	0.00359	0.01196	0.01076	0.01913	0.01674	0.01913	0.01315	0.00598	0.00359	0.00120	0.00239	0.00478	0.84816	0.00478
40	0.01376	0.41063	0.25830	0.01142	0.01667	0.05815	0.02375	0.12311	0.01274	0.01632	0.00859	0.00974	0.00688	0.00484	0.00415	0.00134	0.00640	0.00341	0.00263	0.00716
41	0.00791	0.00564	0.00714	0.00726	0.00833	0.00547	0.00524	0.02713	0.07190	0.03729	0.35255	0.38172	0.03765	0.01250	0.00617	0.00183	0.00292	0.01116	0.00523	0.00498
42	0.01321	0.47140	0.16785	0.01066	0.01527	0.04252	0.02920	0.08631	0.01203	0.01514	0.00980	0.01336	0.00870	0.00610	0.01978	0.00150	0.00620	0.06148	0.00270	0.00678
43	0.01241	0.01294	0.02060	0.03616	0.01891	0.06969	0.28448	0.02878	0.01041	0.02887	0.00874	0.01238	0.00738	0.00678	0.01110	0.00194	0.39890	0.00499	0.01831	0.00621
44	0.00769	0.00490	0.00654	0.00721	0.00791	0.00452	0.00499	0.00887	0.01084	0.07447	0.13004	0.64909	0.03425	0.01457	0.00637	0.00198	0.00301	0.01314	0.00501	0.00461
45	0.01039	0.00513	0.00553	0.00528	0.00669	0.00500	0.00401	0.01275	0.01142	0.07915	0.08931	0.02081	0.01644	0.00643	0.00394	0.00127	0.00255	0.00523	0.70357	0.00509
46	0.17952	0.04267	0.01391	0.02063	0.01441	0.02713	0.07957	0.28877	0.07655	0.06031	0.03911	0.07743	0.01275	0.00694	0.00499	0.00165	0.00514	0.03711	0.00435	0.00707
47	0.00746	0.00497	0.00560	0.00560	0.00560	0.00497	0.00311	0.00746	0.00746	0.00995	0.01617	0.03358	0.01865	0.81967	0.02612	0.00497	0.00497	0.00746	0.00311	0.00311
48	0.00628	0.00451	0.00591	0.00702	0.00737	0.00420	0.00468	0.00716	0.00983	0.01304	0.02893	0.76143	0.06508	0.03921	0.00710	0.00215	0.00302	0.01422	0.00472	0.00414
49	0.01064	0.01250	0.09557	0.28560	0.03708	0.01223	0.26852	0.01411	0.01057	0.01447	0.01033	0.06033	0.00872	0.00606	0.00729	0.00181	0.12987	0.00557	0.00252	0.00623
50	0.09716	0.01558	0.01442	0.16919	0.01917	0.22232	0.01029	0.34968	0.01737	0.02240	0.01003	0.01140	0.00749	0.00559	0.00481	0.00152	0.00668	0.00408	0.00372	0.00709
51	0.01196	0.00710	0.00734	0.00648	0.00838	0.00747	0.00508	0.19506	0.01399	0.02232	0.01567	0.01749	0.01208	0.00602	0.00396	0.00128	0.00318	0.00474	0.64467	0.00573
52	0.01852	0.00915	0.01130	0.00915	0.01260	0.00880	0.00743	0.09263	0.14630	0.47444	0.03699	0.02194	0.09543	0.00739	0.00532	0.00164	0.00422	0.02292	0.00583	0.00800
53	0.04265	0.11569	0.09230	0.03880	0.24283	0.15671	0.04388	0.03604	0.04520	0.01563	0.01156	0.08797	0.01054	0.00671	0.01931	0.00166	0.00652	0.01628	0.00293	0.00680
54	0.03324	0.18509	0.08694	0.01009	0.01329	0.10029	0.05953	0.09696	0.01352	0.01760	0.20977	0.08149	0.04644	0.01753	0.00531	0.00155	0.00522	0.00625	0.00380	0.00609
55	0.00853	0.00587	0.00650	0.00616	0.00663	0.00597	0.00377	0.07928	0.00924	0.01225	0.01759	0.03237	0.05601	0.70284	0.02314	0.00449	0.00492	0.00736	0.00338	0.00370
56	0.01164	0.00884	0.01049	0.00812	0.01162	0.00778	0.00647	0.09144	0.03159	0.06764	0.16385	0.03167	0.01681	0.00602	0.00498	0.00116	0.03021	0.00492	0.01568	0.46908
57	0.01365	0.00928	0.01134	0.05328	0.01295	0.01011	0.00778	0.23932	0.03402	0.12946	0.09032	0.11527	0.04256	0.08063	0.04870	0.00235	0.08106	0.00684	0.00457	0.00649
58	0.00650	0.00534	0.00581	0.00604	0.00766	0.00464	0.00476	0.00801	0.01172	0.01416	0.04707	0.05106	0.63591	0.01323	0.00627	0.00186	0.00302	0.15778	0.00476	0.00441
59	0.02283	0.00904	0.01210	0.00928	0.01325	0.00800	0.00766	0.06627	0.01521	0.74922	0.01980	0.01718	0.01248	0.00634	0.00516	0.00159	0.00444	0.00513	0.00628	0.00873
60	0.00919	0.00629	0.00829	0.00874	0.01020	0.00625	0.00727	0.01244	0.07849	0.06466	0.14322	0.10758	0.05516	0.01261	0.00657	0.00210	0.00409	0.44662	0.00501	0.00523
61	0.01372	0.82276	0.02689	0.00878	0.01317	0.02030	0.00878	0.01536	0.01043	0.01207	0.00713	0.00823	0.00658	0.00439	0.00329	0.00110	0.00549	0.00274	0.00219	0.00658
62	0.01086	0.01022	0.01674	0.40526	0.26300	0.01091	0.03791	0.01400	0.01082	0.01496	0.00932	0.01286	0.00740	0.00470	0.00492	0.00149	0.00615	0.00435	0.00250	0.15162
63	0.16076	0.01229	0.01206	0.00977	0.01286	0.05452	0.00775	0.45115	0.01777	0.02550	0.01197	0.01532	0.00990	0.14731	0.00838	0.00213	0.00536	0.00473	0.02351	0.00697
64	0.77753	0.00981	0.00795	0.00697	0.01022	0.01114	0.00574	0.01602	0.00929	0.09532	0.00838	0.00919	0.00623	0.00491	0.00336	0.00159	0.00401	0.00300	0.00347	0.00586
65	0.01951	0.01437	0.01540	0.01181	0.01591	0.01591	0.00975	0.77056	0.02412	0.03234	0.01232	0.01232	0.00873	0.00616	0.00513	0.00154	0.00565	0.00462	0.00513	0.00873
66	0.01123	0.01123	0.01572	0.01347	0.01347	0.01572	0.01123	0.01235	0.00786	0.01235	0.00674	0.01123	0.00674	0.00898	0.01684	0.00225	0.81028	0.00449	0.00225	0.00561
67	0.00715	0.00524	0.00670	0.00634	0.00760	0.00479	0.00475	0.00946	0.01426	0.01994	0.71597	0.03937	0.11779	0.01073	0.00605	0.00162	0.00244	0.00943	0.00557	0.00479
68	0.01925	0.00785	0.01061	0.00854	0.01180	0.00684	0.00689	0.02117	0.01414	0.61218	0.10754	0.09579	0.03799	0.00790	0.00541	0.00164	0.00397	0.00665	0.00608	0.00776
69	0.01038	0.02592	0.75592	0.01497	0.02243	0.01197	0.05550	0.01626	0.01090	0.01626	0.00927	0.01098	0.00656	0.00485	0.00493	0.00163	0.00764	0.00390	0.00219	0.00755
70	0.09493	0.01079	0.01168	0.00997	0.01324	0.01190	0.00793	0.10258	0.47068	0.18120	0.01857	0.01707	0.01338	0.00655	0.00501	0.00167	0.00428	0.00526	0.00525	0.00807
71	0.02302	0.00873	0.01191	0.00913	0.01310	0.00754	0.00754	0.02501	0.01469	0.79122	0.02024	0.01746	0.01270	0.00635	0.00516	0.00159	0.00437	0.00516	0.00635	0.00873
72	0.00632	0.00462	0.00581	0.00673	0.00722	0.00426	0.00450	0.00720	0.00992	0.01297	0.03092	0.63807	0.14690	0.07902	0.00802	0.00226	0.00308	0.01345	0.00463	0.00411
73	0.01282	0.01273	0.01970	0.12401	0.63930	0.07056	0.01513	0.01578	0.01172	0.01601	0.00946	0.01256	0.00786	0.00469	0.00505	0.00153	0.00642	0.00448	0.00252	0.00767
74	0.02021	0.01250	0.01410	0.01084	0.01483	0.01322	0.00895	0.53730	0.02106	0.24702	0.01469	0.01397	0.00998	0.00621	0.00510	0.00154	0.00519	0.00478	0.02989	0.00861
75	0.00635	0.00463	0.00598	0.00686	0.00741	0.00426	0.00468	0.00746	0.01057	0.01405	0.11870	0.64578	0.11415	0.01510	0.00644	0.00199	0.00287	0.01358	0.00487	0.00426
76	0.03773	0.00930	0.01190	0.00930	0.01309	0.00863	0.00767	0.11595	0.03482	0.61561	0.01987	0.01842	0.03016	0.00665	0.00516	0.00160	0.00445	0.02335	0.01792	0.00840
77	0.01076	0.03250	0.01221	0.14448	0.06611	0.02997	0.02320	0.03838	0.19859	0.03412	0.06127	0.05920	0.01689	0.04088	0.11597	0.00278	0.00628	0.09631	0.00390	0.00618
78	0.01205	0.01068	0.01464	0.02816	0.01363	0.01424	0.01045	0.01457	0.08100	0.07363	0.00971	0.02487	0.00865	0.00958	0.03996	0.00233	0.61806	0.00485	0.00290	0.00604
79	0.00642	0.00477	0.00655	0.00737	0.00790	0.00442	0.02378	0.00748	0.01016	0.01350	0.05679	0.72430	0.07656	0.01540	0.00649	0.00204	0.00308	0.01397	0.00474	0.00427
80	0.01113	0.07464	0.20022	0.01742	0.02252	0.01225	0.45462	0.01524	0.01143	0.01569	0.01196	0.10601	0.01045	0.00582	0.00564	0.00170	0.00752	0.00629	0.00272	0.00673

[dist]
# distance from previous block
# <min> <max>
2	8

[block]
# block no. 3 follows, 48 sequences, length 18
# corresponding to MSA columns:
# 774-791
name=unknown_D
#
# <colnr> <probs for GDERKNQSTAVLIFYWHMCP>
#	G	D	E	R	K	N	Q	S	T	A	V	L	I	F	Y	W	H	M	C	P
0	0.02968	0.02506	0.01216	0.00995	0.01281	0.12528	0.00782	0.22038	0.10503	0.18476	0.06014	0.01642	0.01277	0.03877	0.00776	0.10948	0.00532	0.00499	0.00455	0.00690
1	0.00866	0.04598	0.01193	0.12913	0.01437	0.00906	0.04812	0.01065	0.00904	0.01254	0.03222	0.01962	0.03979	0.07679	0.40843	0.00526	0.10514	0.00555	0.00275	0.00499
2	0.03568	0.06629	0.01392	0.01046	0.03198	0.06174	0.00835	0.36179	0.04527	0.05835	0.03315	0.01394	0.03205	0.00581	0.00467	0.00135	0.00507	0.00444	0.03697	0.16872
3	0.00839	0.00577	0.00727	0.00734	0.00866	0.00560	0.00549	0.01101	0.07287	0.07167	0.17956	0.28096	0.15823	0.01525	0.08953	0.00253	0.00423	0.05570	0.00488	0.00505
4	0.00648	0.00517	0.00581	0.00575	0.00721	0.00449	0.00428	0.00814	0.01253	0.01609	0.29901	0.09652	0.48569	0.01235	0.00609	0.00172	0.00256	0.01055	0.00506	0.00449
5	0.01042	0.02454	0.69549	0.01509	0.05070	0.01179	0.03629	0.01644	0.04056	0.01640	0.01018	0.03125	0.00763	0.00521	0.00497	0.00164	0.00730	0.00422	0.00237	0.00752
6	0.01246	0.14431	0.36363	0.06176	0.04013	0.03251	0.07264	0.08435	0.01244	0.05079	0.05054	0.01273	0.00937	0.00535	0.00512	0.00155	0.02594	0.00430	0.00287	0.00720
7	0.01282	0.00909	0.01006	0.00892	0.01156	0.00973	0.00691	0.02174	0.44936	0.14652	0.06170	0.02539	0.13741	0.05723	0.00665	0.00190	0.00386	0.00675	0.00523	0.00717
8	0.00629	0.00453	0.00597	0.00704	0.00743	0.00420	0.00474	0.00726	0.01010	0.01345	0.06219	0.75467	0.06169	0.01572	0.00651	0.00205	0.00294	0.01422	0.00480	0.00420
9	0.03530	0.01358	0.01364	0.05044	0.07025	0.15211	0.00954	0.15678	0.25184	0.08209	0.01513	0.02674	0.02906	0.00658	0.00590	0.00164	0.06275	0.00503	0.00423	0.00740
10	0.01228	0.05250	0.01505	0.05809	0.31229	0.01032	0.01070	0.08749	0.03476	0.07506	0.12265	0.08228	0.04137	0.00753	0.00541	0.00164	0.00493	0.05479	0.00393	0.00693
11	0.00617	0.00513	0.00541	0.00561	0.00714	0.00437	0.00418	0.00746	0.01146	0.01382	0.04796	0.14877	0.65923	0.01344	0.00617	0.00180	0.00273	0.04005	0.00476	0.00433
12	0.01038	0.00557	0.00565	0.00536	0.00679	0.00569	0.00409	0.07396	0.01185	0.02021	0.01638	0.01857	0.01279	0.00599	0.00371	0.00122	0.00266	0.00477	0.77925	0.00510
13	0.01202	0.01446	0.12271	0.06664	0.37328	0.01240	0.29019	0.01592	0.01166	0.01639	0.00983	0.01293	0.00773	0.00455	0.00541	0.00162	0.00725	0.00501	0.00250	0.00749
14	0.01242	0.00845	0.07389	0.00822	0.01085	0.00677	0.00709	0.05448	0.01469	0.22784	0.45335	0.02961	0.03272	0.00879	0.00569	0.00162	0.00361	0.02810	0.00550	0.00632
15	0.00644	0.00512	0.00578	0.00581	0.00721	0.00446	0.00428	0.00802	0.01229	0.01573	0.26373	0.14351	0.47417	0.01265	0.00612	0.00174	0.00259	0.01085	0.00502	0.00446
16	0.11922	0.00694	0.00840	0.00737	0.00961	0.00664	0.00584	0.03083	0.01380	0.21351	0.41351	0.03009	0.06078	0.00890	0.00549	0.00164	0.00329	0.04276	0.00542	0.00597
17	0.07284	0.04020	0.08879	0.03976	0.03406	0.00890	0.00824	0.07610	0.05782	0.18310	0.22628	0.09181	0.03474	0.00803	0.00530	0.00163	0.00425	0.00676	0.00477	0.00661

[dist]
# distance from previous block
# <min> <max>
0	2

[block]
# block no. 4 follows, 48 sequences, length 29
# corresponding to MSA columns:
# 794-822
name=unknown_E
#
# <colnr> <probs for GDERKNQSTAVLIFYWHMCP>
#	G	D	E	R	K	N	Q	S	T	A	V	L	I	F	Y	W	H	M	C	P
0	0.01636	0.19427	0.04948	0.01409	0.07606	0.44771	0.05628	0.01898	0.05537	0.01365	0.00881	0.01019	0.00729	0.00506	0.00450	0.00135	0.00781	0.00361	0.00266	0.00650
1	0.06120	0.01016	0.01191	0.00904	0.01312	0.00930	0.02244	0.17240	0.03872	0.14953	0.01270	0.04442	0.00988	0.00537	0.00447	0.00121	0.00436	0.00432	0.00416	0.41131
2	0.02809	0.00629	0.00790	0.00727	0.00889	0.00604	0.00549	0.05370	0.03662	0.10782	0.48374	0.15493	0.03747	0.02471	0.00624	0.00174	0.00303	0.00911	0.00545	0.00548
3	0.03184	0.53282	0.07538	0.01061	0.02875	0.17423	0.00982	0.05891	0.01203	0.01390	0.00777	0.00893	0.00671	0.00471	0.00380	0.00122	0.00637	0.00307	0.00247	0.00665
4	0.00708	0.00521	0.00670	0.00697	0.00808	0.00484	0.00534	0.00902	0.01267	0.01712	0.38317	0.19522	0.15214	0.01266	0.00635	0.00187	0.00300	0.15279	0.00517	0.00461
5	0.00811	0.00583	0.00806	0.00918	0.01036	0.00578	0.00796	0.01038	0.01176	0.01522	0.02845	0.07629	0.06797	0.01416	0.00702	0.00232	0.00457	0.69715	0.00473	0.00469
6	0.01107	0.00720	0.00719	0.00662	0.00826	0.05021	0.01763	0.09751	0.02567	0.01975	0.01637	0.06595	0.01350	0.00713	0.01811	0.00144	0.00351	0.00533	0.61222	0.00534
7	0.01896	0.06549	0.01546	0.01258	0.01573	0.53661	0.00981	0.23060	0.01700	0.01808	0.00912	0.01006	0.00720	0.00548	0.00470	0.00137	0.00803	0.00364	0.00332	0.00676
8	0.00997	0.00632	0.00780	0.16222	0.01259	0.00682	0.00626	0.03663	0.01104	0.01803	0.01471	0.01799	0.01167	0.00595	0.00434	0.00134	0.02332	0.01873	0.58063	0.04365
9	0.00847	0.00712	0.01066	0.00984	0.01069	0.00882	0.03204	0.01023	0.00834	0.01234	0.01203	0.01779	0.01121	0.02951	0.56665	0.00642	0.20428	0.00526	0.02339	0.00491
10	0.85592	0.00992	0.00754	0.00675	0.00992	0.01151	0.00556	0.01508	0.00873	0.02302	0.00714	0.00834	0.00556	0.00476	0.00318	0.00159	0.00397	0.00278	0.00318	0.00556
11	0.01951	0.01437	0.01540	0.01181	0.01591	0.01591	0.00975	0.77056	0.02412	0.03234	0.01232	0.01232	0.00873	0.00616	0.00513	0.00154	0.00565	0.00462	0.00513	0.00873
12	0.01103	0.01094	0.01534	0.01321	0.01325	0.01524	0.01098	0.01219	0.00788	0.01233	0.00709	0.01168	0.00704	0.01048	0.05651	0.00255	0.76990	0.00454	0.00227	0.00556
13	0.00726	0.00524	0.00686	0.00646	0.00767	0.00484	0.00484	0.00968	0.01452	0.02058	0.78496	0.03833	0.04841	0.01049	0.00605	0.00161	0.00242	0.00928	0.00565	0.00484
14	0.00641	0.00462	0.00593	0.00690	0.00733	0.00431	0.00465	0.00731	0.00983	0.01294	0.02918	0.65191	0.09787	0.09085	0.00835	0.00233	0.00319	0.03737	0.00461	0.00410
15	0.00969	0.00912	0.01539	0.80734	0.03534	0.01140	0.01425	0.01311	0.01026	0.01311	0.00912	0.01368	0.00684	0.00513	0.00513	0.00171	0.00684	0.00456	0.00228	0.00570
16	0.01661	0.01307	0.01536	0.08999	0.01784	0.01460	0.05180	0.48683	0.19240	0.02712	0.01383	0.01408	0.01006	0.00614	0.00520	0.00161	0.00557	0.00496	0.00473	0.00819
17	0.00635	0.00451	0.00593	0.00702	0.00730	0.00423	0.00463	0.00717	0.00964	0.01285	0.02733	0.75474	0.03273	0.07930	0.00809	0.00231	0.00313	0.01403	0.00463	0.00408
18	0.00625	0.00449	0.00593	0.00709	0.00743	0.00417	0.00474	0.00715	0.00988	0.01312	0.02895	0.79479	0.05504	0.01599	0.00654	0.00207	0.00297	0.01448	0.00476	0.00417
19	0.01103	0.00641	0.00677	0.00617	0.00775	0.00680	0.00480	0.12326	0.01257	0.02070	0.01570	0.01790	0.01229	0.00680	0.02130	0.00143	0.02911	0.00476	0.67907	0.00538
20	0.00628	0.00451	0.00596	0.00707	0.00744	0.00419	0.00474	0.00723	0.01002	0.01335	0.05227	0.77159	0.05470	0.01582	0.00652	0.00206	0.00295	0.01432	0.00479	0.00419
21	0.00884	0.00478	0.00515	0.00531	0.00627	0.00478	0.00382	0.01079	0.01024	0.01721	0.01814	0.12895	0.01645	0.08059	0.03766	0.00193	0.00315	0.00638	0.62500	0.00454
22	0.03874	0.01204	0.01917	0.06388	0.61659	0.01238	0.01445	0.10282	0.01297	0.01854	0.01038	0.01392	0.00870	0.00507	0.00509	0.00156	0.00597	0.02689	0.00291	0.00790
23	0.85592	0.00992	0.00754	0.00675	0.00992	0.01151	0.00556	0.01508	0.00873	0.02302	0.00714	0.00834	0.00556	0.00476	0.00318	0.00159	0.00397	0.00278	0.00318	0.00556
24	0.00769	0.00660	0.05441	0.00693	0.00861	0.00529	0.00570	0.01026	0.01415	0.03523	0.68236	0.03686	0.08593	0.01021	0.00596	0.00162	0.00278	0.00895	0.00540	0.00506
25	0.01200	0.01002	0.01164	0.00906	0.03665	0.00856	0.00698	0.11344	0.05887	0.01906	0.01027	0.01144	0.00825	0.00433	0.00410	0.00095	0.00413	0.00346	0.00343	0.66337
26	0.00774	0.00526	0.00657	0.00703	0.00802	0.00480	0.00493	0.02535	0.01074	0.06075	0.03055	0.54917	0.16280	0.04229	0.00695	0.00204	0.00318	0.02527	0.00475	0.03180
27	0.03810	0.52034	0.23758	0.01093	0.01612	0.04849	0.03636	0.01584	0.01071	0.01371	0.00784	0.00918	0.00657	0.00457	0.00387	0.00129	0.00627	0.00316	0.00225	0.00682
28	0.01569	0.01357	0.08471	0.01230	0.06563	0.01333	0.00989	0.45033	0.11293	0.02579	0.03646	0.01595	0.01154	0.08154	0.00705	0.00188	0.00543	0.00509	0.02311	0.00778

[dist]
# distance from previous block
# <min> <max>
0	13

[block]
# block no. 5 follows, 48 sequences, length 8
# corresponding to MSA columns:
# 836-843
name=unknown_F
#
# <colnr> <probs for GDERKNQSTAVLIFYWHMCP>
#	G	D	E	R	K	N	Q	S	T	A	V	L	I	F	Y	W	H	M	C	P
0	0.05441	0.00935	0.01201	0.00922	0.01320	0.00847	0.00760	0.09648	0.01516	0.64757	0.01839	0.01626	0.01177	0.00614	0.00501	0.00154	0.00445	0.00491	0.00594	0.05212
1	0.01075	0.05015	0.51316	0.11513	0.07426	0.01232	0.12126	0.01582	0.01098	0.01577	0.00931	0.01163	0.00683	0.00479	0.00503	0.00162	0.00747	0.00421	0.00227	0.00726
2	0.01087	0.01103	0.01528	0.70853	0.03292	0.10941	0.01371	0.01403	0.01079	0.01304	0.00897	0.01313	0.00681	0.00515	0.00507	0.00166	0.00714	0.00440	0.00233	0.00573
3	0.00652	0.00462	0.00606	0.00711	0.00743	0.00437	0.00479	0.00740	0.00968	0.01288	0.02681	0.67807	0.03190	0.10861	0.00884	0.00243	0.00332	0.06052	0.00457	0.00408
4	0.15218	0.02026	0.01387	0.01303	0.05744	0.53698	0.00952	0.10868	0.01460	0.01681	0.00842	0.00966	0.00678	0.00527	0.00448	0.00140	0.00781	0.00345	0.00302	0.00634
5	0.03263	0.00951	0.00906	0.00838	0.01019	0.10609	0.00619	0.12724	0.07506	0.01784	0.05559	0.23891	0.01947	0.09998	0.00755	0.00198	0.00444	0.00774	0.11083	0.05130
6	0.10988	0.02893	0.01757	0.07621	0.49702	0.01197	0.01307	0.05770	0.03334	0.06002	0.01095	0.01425	0.00899	0.00523	0.00491	0.00158	0.00566	0.03204	0.00309	0.00758
7	0.04348	0.06197	0.06723	0.01070	0.05477	0.01021	0.00865	0.13417	0.08129	0.16823	0.06136	0.12595	0.01633	0.00780	0.00539	0.00162	0.01894	0.04396	0.00452	0.07344

[dist]
# distance from previous block
# <min> <max>
6	10

[block]
# block no. 6 follows, 48 sequences, length 24
# corresponding to MSA columns:
# 854-877
name=unknown_G
#
# <colnr> <probs for GDERKNQSTAVLIFYWHMCP>
#	G	D	E	R	K	N	Q	S	T	A	V	L	I	F	Y	W	H	M	C	P
0	0.02417	0.04448	0.01581	0.06505	0.01647	0.17717	0.16630	0.02914	0.02642	0.01472	0.01358	0.07573	0.05066	0.03776	0.03954	0.00196	0.07325	0.00563	0.04074	0.08143
1	0.01046	0.00872	0.04172	0.06010	0.04991	0.00864	0.02248	0.06627	0.01072	0.05854	0.01646	0.14694	0.04454	0.19441	0.01172	0.00247	0.11770	0.01996	0.02295	0.08530
2	0.15588	0.01387	0.10956	0.01504	0.01885	0.04354	0.31505	0.03222	0.01119	0.01725	0.05580	0.02779	0.02176	0.00597	0.00705	0.00175	0.13293	0.00526	0.00290	0.00635
3	0.01205	0.01285	0.02076	0.03048	0.02818	0.09031	0.35421	0.02725	0.01140	0.01537	0.02672	0.05290	0.01004	0.00664	0.01742	0.00180	0.16798	0.01617	0.01924	0.07826
4	0.55728	0.00971	0.00887	0.05752	0.01198	0.01084	0.00645	0.09450	0.01115	0.03994	0.04388	0.01396	0.07133	0.00584	0.00393	0.00157	0.00415	0.00407	0.00363	0.03941
5	0.00741	0.00495	0.00561	0.00566	0.00567	0.00494	0.00318	0.00745	0.00756	0.01008	0.01666	0.06556	0.01928	0.78684	0.02532	0.00486	0.00489	0.00775	0.00318	0.00315
6	0.06525	0.00984	0.01104	0.00815	0.01245	0.00845	0.00658	0.12816	0.01270	0.03910	0.01106	0.01209	0.03123	0.00456	0.00407	0.00098	0.00407	0.00355	0.00350	0.62317
7	0.08979	0.37564	0.13216	0.01129	0.05220	0.12231	0.01034	0.08368	0.01231	0.01603	0.02889	0.01100	0.02470	0.00512	0.00407	0.00134	0.00607	0.00357	0.00276	0.00672
8	0.00778	0.00618	0.00840	0.00860	0.00958	0.00633	0.03627	0.02103	0.06753	0.01473	0.05469	0.47322	0.08131	0.01365	0.00708	0.00204	0.05423	0.11791	0.00459	0.00484
9	0.00709	0.00499	0.00626	0.00697	0.00735	0.00484	0.00458	0.03866	0.00985	0.01314	0.02474	0.59717	0.02927	0.20666	0.01114	0.00275	0.00356	0.01248	0.00439	0.00410
10	0.01268	0.03699	0.01912	0.04144	0.56280	0.04750	0.01397	0.03176	0.02731	0.01631	0.02579	0.01373	0.02655	0.00549	0.00636	0.00160	0.09566	0.00471	0.00272	0.00752
11	0.01034	0.06288	0.01025	0.00893	0.04503	0.01999	0.00621	0.11787	0.07416	0.01546	0.04845	0.05909	0.01654	0.33363	0.14547	0.00402	0.00640	0.00648	0.00360	0.00518
12	0.00656	0.00459	0.00586	0.00675	0.00698	0.00437	0.00435	0.00722	0.00923	0.01230	0.02523	0.61912	0.03009	0.21853	0.01148	0.00281	0.00348	0.01279	0.00435	0.00390
13	0.00748	0.00528	0.00675	0.00643	0.00771	0.00481	0.00480	0.00966	0.01391	0.03941	0.63539	0.09058	0.12646	0.01102	0.00606	0.00166	0.00253	0.00969	0.00551	0.00484
14	0.10898	0.01191	0.01438	0.19071	0.05697	0.01344	0.02431	0.37582	0.07718	0.02429	0.01218	0.04562	0.00948	0.00613	0.00499	0.00162	0.00557	0.00493	0.00409	0.00740
15	0.25159	0.06564	0.41035	0.01306	0.05522	0.06177	0.04290	0.01612	0.01054	0.01774	0.00849	0.01008	0.00637	0.00481	0.00434	0.00156	0.00651	0.00354	0.00252	0.00685
16	0.00756	0.00567	0.00726	0.00808	0.00932	0.00547	0.00666	0.00981	0.03461	0.01484	0.03335	0.16489	0.21912	0.01394	0.00670	0.00215	0.00392	0.43726	0.00476	0.00465
17	0.00682	0.00488	0.00628	0.00714	0.00762	0.00465	0.00484	0.03062	0.01041	0.01390	0.06649	0.67126	0.04760	0.07063	0.00782	0.00224	0.00319	0.02463	0.00471	0.00428
18	0.01551	0.01717	0.05603	0.02061	0.30816	0.28263	0.07249	0.06253	0.01333	0.04787	0.00954	0.01161	0.00765	0.00520	0.00560	0.00152	0.04826	0.00424	0.00286	0.00719
19	0.02963	0.01140	0.01122	0.02525	0.01211	0.14076	0.00773	0.11711	0.02546	0.09714	0.01260	0.01428	0.00977	0.00638	0.00668	0.00151	0.15672	0.00441	0.27011	0.03974
20	0.06046	0.01019	0.01186	0.00943	0.01302	0.02141	0.00769	0.19537	0.09247	0.41824	0.01841	0.01696	0.03522	0.00645	0.00498	0.00157	0.00450	0.00511	0.05857	0.00809
21	0.01274	0.01314	0.08297	0.23926	0.29170	0.03046	0.09593	0.10262	0.03419	0.03230	0.01033	0.01309	0.00793	0.00502	0.00518	0.00161	0.00663	0.00469	0.00289	0.00731
22	0.10717	0.13484	0.19840	0.05316	0.22339	0.07926	0.01296	0.01687	0.04165	0.05562	0.00965	0.01135	0.00755	0.00500	0.00478	0.00151	0.02301	0.00389	0.00276	0.00717
23	0.01367	0.50943	0.10636	0.02376	0.06311	0.06154	0.01031	0.05236	0.01144	0.03095	0.00859	0.01004	0.00729	0.00572	0.02624	0.00146	0.02011	0.00334	0.02752	0.00676

[dist]
# distance from previous block
# <min> <max>
0	1

[block]
# block no. 7 follows, 48 sequences, length 38
# corresponding to MSA columns:
# 879-916
name=unknown_H
#
# <colnr> <probs for GDERKNQSTAVLIFYWHMCP>
#	G	D	E	R	K	N	Q	S	T	A	V	L	I	F	Y	W	H	M	C	P
0	0.03567	0.01352	0.12411	0.07909	0.23629	0.01175	0.01237	0.17611	0.03700	0.17699	0.01251	0.01342	0.00899	0.00540	0.00500	0.00155	0.00573	0.00453	0.00389	0.03606
1	0.01236	0.08181	0.01396	0.01220	0.09367	0.03816	0.05206	0.06807	0.26387	0.05704	0.02056	0.02159	0.12102	0.02691	0.07991	0.00231	0.00569	0.01777	0.00414	0.00689
2	0.00636	0.00455	0.00607	0.00721	0.00757	0.00426	0.00490	0.00736	0.01005	0.01342	0.05194	0.76266	0.03422	0.01583	0.00655	0.00208	0.00303	0.04295	0.00479	0.00421
3	0.01051	0.01131	0.03815	0.30058	0.02746	0.01134	0.39267	0.01414	0.01115	0.01485	0.01203	0.10904	0.01053	0.00602	0.00576	0.00176	0.00731	0.00649	0.00273	0.00617
4	0.03110	0.00683	0.00844	0.00760	0.00960	0.00665	0.00590	0.01503	0.12681	0.16008	0.43526	0.06180	0.06325	0.00950	0.00575	0.00167	0.00315	0.03004	0.00556	0.00600
5	0.01481	0.51868	0.08974	0.01047	0.01467	0.15514	0.01002	0.08275	0.01231	0.01431	0.00790	0.00909	0.00677	0.00488	0.00423	0.00126	0.03057	0.00315	0.00253	0.00672
6	0.01294	0.01433	0.06931	0.03553	0.21327	0.03646	0.41747	0.08264	0.01299	0.01774	0.01018	0.01303	0.00782	0.00461	0.00555	0.00162	0.00756	0.00525	0.00279	0.02894
7	0.01030	0.00783	0.00855	0.00816	0.00941	0.09822	0.00612	0.01183	0.00963	0.08090	0.01431	0.02084	0.01311	0.16118	0.43771	0.00569	0.00993	0.00548	0.07591	0.00487
8	0.23994	0.01281	0.01289	0.01018	0.01393	0.01430	0.00839	0.54021	0.01952	0.02934	0.01113	0.01154	0.00807	0.00578	0.00455	0.00154	0.00507	0.00414	0.03893	0.00773
9	0.09296	0.01388	0.01459	0.01132	0.01531	0.01543	0.00933	0.68165	0.04548	0.03119	0.01212	0.01217	0.00866	0.00606	0.00496	0.00155	0.00545	0.00449	0.00496	0.00843
10	0.00705	0.00521	0.00659	0.00701	0.00789	0.00466	0.00474	0.00803	0.00964	0.01322	0.02392	0.59761	0.02812	0.11838	0.00868	0.00227	0.00336	0.01198	0.00430	0.12736
11	0.00865	0.00555	0.00730	0.00669	0.00814	0.00508	0.00508	0.01103	0.01454	0.08844	0.71762	0.03649	0.04527	0.01013	0.00597	0.00161	0.00259	0.00892	0.00571	0.00518
12	0.00635	0.00453	0.00590	0.00696	0.00727	0.00424	0.00460	0.00718	0.00969	0.01286	0.02802	0.72751	0.05621	0.08250	0.00815	0.00231	0.00313	0.01388	0.00463	0.00409
13	0.01211	0.01384	0.03028	0.02163	0.02682	0.01298	0.76903	0.01644	0.01211	0.01644	0.01038	0.01384	0.00779	0.00433	0.00606	0.00173	0.00865	0.00606	0.00260	0.00692
14	0.06176	0.01037	0.01095	0.00966	0.01244	0.01167	0.00749	0.08426	0.53434	0.06678	0.01998	0.02014	0.04019	0.07850	0.00696	0.00199	0.00423	0.00581	0.00496	0.00749
15	0.01667	0.00761	0.01008	0.00860	0.01144	0.00693	0.00694	0.01940	0.06127	0.46381	0.11526	0.10405	0.04535	0.00892	0.00565	0.00174	0.00396	0.08932	0.00581	0.00720
16	0.00628	0.00449	0.00598	0.00712	0.00745	0.00419	0.00477	0.00722	0.00997	0.01333	0.05143	0.79253	0.03438	0.01590	0.00653	0.00207	0.00296	0.01442	0.00479	0.00419
17	0.03594	0.01127	0.01894	0.24628	0.55650	0.01195	0.01504	0.01500	0.01120	0.01593	0.00943	0.01285	0.00770	0.00473	0.00504	0.00158	0.00624	0.00452	0.00249	0.00738
18	0.00910	0.00538	0.00711	0.00748	0.00847	0.00499	0.00531	0.02294	0.01115	0.12733	0.08907	0.57538	0.03102	0.03855	0.00690	0.00206	0.00329	0.03450	0.00502	0.00495
19	0.00873	0.00634	0.00779	0.00812	0.00920	0.00637	0.00593	0.13990	0.01254	0.01667	0.02601	0.58629	0.04838	0.01410	0.00634	0.00201	0.00359	0.08184	0.00482	0.00501
20	0.03283	0.00903	0.03633	0.01029	0.01354	0.00794	0.11789	0.03999	0.02609	0.34937	0.20532	0.07347	0.02170	0.00762	0.00552	0.00164	0.00450	0.00681	0.02310	0.00703
21	0.72105	0.01084	0.04097	0.00955	0.08326	0.01170	0.00720	0.01512	0.00907	0.02189	0.00745	0.00892	0.00587	0.00486	0.00377	0.00160	0.02492	0.00303	0.00305	0.00588
22	0.01464	0.37879	0.06288	0.01288	0.02948	0.24011	0.13394	0.01688	0.01183	0.01322	0.00817	0.00995	0.00694	0.00545	0.02127	0.00147	0.01960	0.00361	0.00240	0.00648
23	0.03458	0.49138	0.24113	0.01119	0.01645	0.02987	0.05530	0.01607	0.01080	0.03968	0.00835	0.00961	0.00681	0.00461	0.00398	0.00131	0.00624	0.00332	0.00238	0.00692
24	0.01267	0.07112	0.34439	0.01535	0.02096	0.05208	0.23107	0.01689	0.01154	0.08391	0.01019	0.01204	0.00748	0.00500	0.00569	0.00160	0.04821	0.00447	0.00272	0.04261
25	0.01293	0.04741	0.52424	0.01343	0.03668	0.01089	0.02991	0.01757	0.01167	0.17553	0.01262	0.03463	0.00943	0.00579	0.00504	0.00164	0.00661	0.03319	0.00321	0.00759
26	0.00637	0.00461	0.00604	0.00702	0.00750	0.00428	0.00480	0.00746	0.01039	0.01385	0.09626	0.68678	0.07838	0.01536	0.00649	0.00203	0.00295	0.03034	0.00484	0.00425
27	0.02369	0.00761	0.00864	0.06286	0.01130	0.04656	0.00659	0.09235	0.07554	0.01598	0.02365	0.43681	0.06483	0.03208	0.02036	0.01499	0.00426	0.04230	0.00442	0.00519
28	0.01141	0.05071	0.09145	0.03365	0.01725	0.02990	0.15723	0.01370	0.00927	0.01349	0.00801	0.01189	0.00712	0.00836	0.03990	0.00221	0.48139	0.00466	0.00233	0.00607
29	0.01047	0.00590	0.00699	0.00645	0.00842	0.00515	0.00492	0.01208	0.01235	0.19622	0.11080	0.13650	0.36814	0.01097	0.00570	0.00168	0.00302	0.00930	0.07949	0.00543
30	0.00611	0.00520	0.00526	0.00525	0.00696	0.00435	0.00394	0.00746	0.01181	0.01413	0.08153	0.04894	0.75587	0.01289	0.00606	0.00173	0.00259	0.01077	0.00480	0.00435
31	0.01352	0.00946	0.01166	0.04095	0.01360	0.00852	0.01832	0.12973	0.01328	0.14282	0.01366	0.07972	0.01158	0.00615	0.00492	0.00127	0.01980	0.03522	0.00405	0.42178
32	0.05551	0.00550	0.00602	0.00613	0.00751	0.00510	0.00446	0.00883	0.03694	0.01552	0.17140	0.21352	0.39011	0.04202	0.00671	0.00190	0.00287	0.01063	0.00478	0.00454
33	0.00662	0.00483	0.00622	0.00712	0.00777	0.00451	0.00509	0.00781	0.01049	0.01375	0.06575	0.53528	0.13410	0.04784	0.00734	0.00217	0.00324	0.12110	0.00473	0.00426
34	0.00642	0.00463	0.00606	0.00716	0.00754	0.00437	0.00482	0.00757	0.02350	0.01323	0.02841	0.75703	0.05029	0.03282	0.00694	0.00214	0.00306	0.02505	0.00474	0.00423
35	0.66505	0.12804	0.01052	0.03610	0.01115	0.01249	0.00626	0.01491	0.00912	0.02089	0.00764	0.00899	0.00609	0.00478	0.00328	0.00150	0.00423	0.00293	0.04035	0.00568
36	0.02757	0.00628	0.00672	0.00622	0.00774	0.00662	0.00475	0.11401	0.01204	0.01961	0.01557	0.01898	0.01270	0.05897	0.09619	0.00229	0.00432	0.00496	0.56925	0.00521
37	0.01575	0.12767	0.06240	0.02677	0.15414	0.16812	0.04179	0.14341	0.04521	0.08600	0.01078	0.01199	0.00833	0.00588	0.01898	0.00156	0.02276	0.00415	0.00338	0.04093

[dist]
