[name]
unknown

[dist]
# distance from previous block
# <min> <max>
1	121

[block]
# block no. 0 follows, 38 sequences, length 94
# corresponding to MSA columns:
# 135-228
name=unknown_A
#
# <colnr> <probs for GDERKNQSTAVLIFYWHMCP>
#	G	D	E	R	K	N	Q	S	T	A	V	L	I	F	Y	W	H	M	C	P
0	0.13611	0.11373	0.01693	0.01167	0.01563	0.01527	0.03333	0.24430	0.05473	0.08210	0.04513	0.05120	0.03157	0.00768	0.00641	0.00180	0.05723	0.00579	0.00485	0.06453
1	0.09905	0.03007	0.06872	0.02927	0.03656	0.03330	0.04716	0.12601	0.04660	0.09936	0.03337	0.03737	0.09973	0.00842	0.00756	0.00192	0.10105	0.01968	0.00457	0.07022
2	0.01849	0.04774	0.01513	0.05264	0.01664	0.01253	0.00962	0.20029	0.06746	0.21067	0.06998	0.05876	0.01680	0.00811	0.00655	0.00179	0.04039	0.02101	0.00557	0.11981
3	0.07344	0.05095	0.11035	0.03097	0.03828	0.01306	0.16003	0.10834	0.03337	0.13257	0.04430	0.03548	0.01260	0.00647	0.00581	0.00175	0.00671	0.00577	0.00439	0.12533
4	0.12461	0.01412	0.03696	0.06163	0.28174	0.03022	0.06335	0.12294	0.06759	0.02309	0.01582	0.01766	0.06259	0.00657	0.00575	0.00182	0.00652	0.00570	0.00394	0.04737
5	0.03645	0.04862	0.08105	0.04555	0.05283	0.01255	0.04947	0.12579	0.12485	0.07907	0.08229	0.04337	0.03389	0.00850	0.00617	0.00190	0.00587	0.08048	0.00495	0.07634
6	0.07067	0.05881	0.32889	0.01735	0.14363	0.03283	0.01565	0.01755	0.01283	0.01948	0.04214	0.03492	0.01105	0.00613	0.00567	0.00169	0.02149	0.00492	0.00315	0.15114
7	0.01484	0.01443	0.02521	0.03610	0.69950	0.01436	0.06938	0.01852	0.01373	0.01963	0.01138	0.01498	0.00950	0.00534	0.00604	0.00180	0.00736	0.00548	0.00298	0.00943
8	0.01683	0.70288	0.02983	0.01090	0.01581	0.11045	0.01045	0.01872	0.01279	0.01422	0.00847	0.00979	0.00772	0.00527	0.00404	0.00132	0.00695	0.00329	0.00263	0.00763
9	0.01247	0.01069	0.01247	0.00891	0.01426	0.00802	0.00713	0.01515	0.01247	0.01960	0.01069	0.01247	0.00891	0.00446	0.00446	0.00089	0.00446	0.00356	0.00356	0.82536
10	0.01195	0.01123	0.01861	0.65034	0.12616	0.01355	0.01659	0.01650	0.04525	0.01633	0.01139	0.01619	0.00867	0.00603	0.00601	0.00198	0.00777	0.00541	0.00287	0.00716
11	0.01350	0.01262	0.01815	0.11746	0.35830	0.03265	0.01390	0.01989	0.18399	0.01973	0.02056	0.05619	0.09152	0.00779	0.00619	0.00192	0.00619	0.00697	0.00408	0.00842
12	0.00718	0.00610	0.00619	0.00617	0.00817	0.00511	0.00463	0.00877	0.01388	0.01665	0.09593	0.05723	0.71337	0.01509	0.00711	0.00202	0.00304	0.01260	0.00564	0.00511
13	0.02699	0.01024	0.01396	0.01070	0.01536	0.00884	0.00884	0.02932	0.01722	0.75522	0.02373	0.02048	0.01489	0.00745	0.00605	0.00186	0.00512	0.00605	0.00745	0.01024
14	0.01136	0.01069	0.01804	0.77412	0.04143	0.01337	0.01671	0.01537	0.01203	0.01537	0.01069	0.01604	0.00802	0.00601	0.00601	0.00200	0.00802	0.00535	0.00267	0.00668
15	0.07862	0.01442	0.04657	0.12652	0.47305	0.01448	0.04892	0.07061	0.03210	0.02111	0.01158	0.01478	0.00928	0.00567	0.00584	0.00184	0.00716	0.00528	0.00328	0.00889
16	0.00859	0.00645	0.00967	0.00967	0.01074	0.00752	0.00752	0.01074	0.00967	0.01396	0.01611	0.02363	0.01504	0.04512	0.76474	0.00967	0.01611	0.00645	0.00322	0.00537
17	0.01420	0.01623	0.03550	0.02535	0.03144	0.01521	0.72921	0.01927	0.01420	0.01927	0.01217	0.01623	0.00913	0.00507	0.00710	0.00203	0.01014	0.00710	0.00304	0.00811
18	0.00827	0.00621	0.00819	0.00963	0.03421	0.00597	0.00664	0.01047	0.04537	0.01677	0.06839	0.54059	0.09302	0.01703	0.00756	0.00239	0.00387	0.10446	0.00557	0.00539
19	0.01348	0.25517	0.48480	0.01667	0.07993	0.01691	0.01840	0.01870	0.01264	0.01765	0.01012	0.01197	0.00780	0.00552	0.00518	0.00171	0.00803	0.00415	0.00258	0.00859
20	0.00733	0.00524	0.00698	0.00838	0.00873	0.00489	0.00558	0.00838	0.01152	0.01536	0.03316	0.78466	0.03979	0.01885	0.00768	0.00244	0.00349	0.01710	0.00558	0.00489
21	0.01234	0.00594	0.00621	0.00597	0.00761	0.00584	0.00454	0.01511	0.01295	0.07493	0.01992	0.02229	0.01538	0.00704	0.00434	0.00143	0.00297	0.00564	0.76362	0.00594
22	0.01467	0.01514	0.04633	0.08718	0.57175	0.03423	0.10524	0.01850	0.01370	0.01915	0.01131	0.01496	0.00927	0.00540	0.00608	0.00183	0.00772	0.00551	0.00295	0.00907
23	0.01397	0.01334	0.02261	0.17469	0.59271	0.01381	0.01767	0.01755	0.01338	0.01873	0.01285	0.01654	0.03387	0.00581	0.00601	0.00184	0.00717	0.00560	0.00301	0.00884
24	0.02699	0.01024	0.01396	0.01070	0.01536	0.00884	0.00884	0.02932	0.01722	0.75522	0.02373	0.02048	0.01489	0.00745	0.00605	0.00186	0.00512	0.00605	0.00745	0.01024
25	0.00848	0.00615	0.00800	0.00881	0.00968	0.00599	0.00646	0.01089	0.04804	0.01771	0.16397	0.41728	0.03961	0.07183	0.00926	0.00263	0.00400	0.15027	0.00565	0.00530
26	0.01262	0.05026	0.64528	0.01703	0.04436	0.01411	0.02066	0.05095	0.01348	0.01973	0.01198	0.01557	0.00917	0.00632	0.00582	0.00192	0.00850	0.04060	0.00286	0.00876
27	0.01207	0.03112	0.75741	0.01715	0.02604	0.01397	0.02223	0.01905	0.01270	0.01905	0.01080	0.01270	0.00762	0.00572	0.00572	0.00191	0.00889	0.00445	0.00254	0.00889
28	0.02247	0.02867	0.01705	0.01550	0.01860	0.76443	0.01162	0.02402	0.01705	0.01472	0.00930	0.01085	0.00775	0.00620	0.00542	0.00155	0.01085	0.00387	0.00310	0.00697
29	0.00816	0.00665	0.00729	0.00703	0.00898	0.00604	0.00530	0.01131	0.07188	0.01938	0.27024	0.05110	0.47749	0.01377	0.00703	0.00199	0.00312	0.01167	0.00595	0.00561
30	0.00733	0.00610	0.00639	0.00632	0.00826	0.00517	0.00474	0.00905	0.01422	0.01746	0.16668	0.05590	0.64212	0.01478	0.00711	0.00201	0.00301	0.01242	0.00575	0.00517
31	0.00935	0.00633	0.00831	0.00771	0.00928	0.00582	0.00582	0.01217	0.01704	0.05727	0.71505	0.04383	0.05486	0.01208	0.00705	0.00189	0.00294	0.01066	0.00666	0.00588
32	0.00859	0.00642	0.00955	0.00952	0.01062	0.00739	0.00739	0.01079	0.01020	0.01469	0.06854	0.02516	0.01803	0.04277	0.71046	0.00911	0.01516	0.00676	0.00347	0.00539
33	0.00739	0.00528	0.00705	0.00845	0.00883	0.00494	0.00569	0.00849	0.01158	0.01543	0.03312	0.76536	0.03965	0.01879	0.00770	0.00245	0.00355	0.03577	0.00558	0.00490
34	0.62091	0.01663	0.20093	0.01028	0.01533	0.01362	0.01055	0.01803	0.01087	0.02495	0.00900	0.01052	0.00680	0.00562	0.00423	0.00187	0.00574	0.00356	0.00342	0.00712
35	0.01496	0.01292	0.01360	0.01224	0.01564	0.01496	0.00952	0.03197	0.74019	0.02516	0.02448	0.02244	0.01836	0.00816	0.00612	0.00204	0.00476	0.00680	0.00612	0.00952
36	0.83108	0.01163	0.00884	0.00791	0.01163	0.01350	0.00651	0.01768	0.01024	0.02699	0.00838	0.00977	0.00651	0.00558	0.00372	0.00186	0.00465	0.00326	0.00372	0.00651
37	0.01175	0.00613	0.00618	0.00599	0.00755	0.00621	0.00454	0.04721	0.01334	0.02314	0.01938	0.02206	0.01518	0.00702	0.00429	0.00142	0.00298	0.00560	0.78420	0.00582
38	0.83108	0.01163	0.00884	0.00791	0.01163	0.01350	0.00651	0.01768	0.01024	0.02699	0.00838	0.00977	0.00651	0.00558	0.00372	0.00186	0.00465	0.00326	0.00372	0.00651
39	0.01489	0.01429	0.02442	0.03692	0.75106	0.01429	0.01846	0.01846	0.01370	0.01965	0.01132	0.01489	0.00953	0.00536	0.00596	0.00179	0.00715	0.00536	0.00298	0.00953
40	0.01496	0.01292	0.01360	0.01224	0.01564	0.01496	0.00952	0.03197	0.74019	0.02516	0.02448	0.02244	0.01836	0.00816	0.00612	0.00204	0.00476	0.00680	0.00612	0.00952
41	0.01274	0.01259	0.01761	0.01526	0.01529	0.01746	0.01262	0.01404	0.00938	0.01454	0.00971	0.06843	0.01018	0.01113	0.01888	0.00262	0.72211	0.00611	0.00284	0.00646
42	0.00711	0.00609	0.00609	0.00609	0.00813	0.00508	0.00457	0.00863	0.01371	0.01625	0.06094	0.05789	0.74862	0.01524	0.00711	0.00203	0.00305	0.01270	0.00559	0.00508
43	0.02699	0.01024	0.01396	0.01070	0.01536	0.00884	0.00884	0.02932	0.01722	0.75522	0.02373	0.02048	0.01489	0.00745	0.00605	0.00186	0.00512	0.00605	0.00745	0.01024
44	0.00834	0.00614	0.00780	0.00739	0.00888	0.00560	0.00554	0.01102	0.01662	0.02316	0.66404	0.04652	0.14120	0.01266	0.00710	0.00191	0.00286	0.01110	0.00650	0.00560
45	0.00764	0.00545	0.00733	0.00873	0.00921	0.00515	0.00612	0.00890	0.01182	0.01570	0.03299	0.69196	0.03912	0.01856	0.00776	0.00249	0.00376	0.10678	0.00558	0.00497
46	0.00742	0.00531	0.00706	0.00831	0.00875	0.00495	0.00559	0.00861	0.01194	0.01604	0.08848	0.72740	0.04110	0.01834	0.00763	0.00240	0.00344	0.01662	0.00566	0.00495
47	0.00793	0.00636	0.00724	0.00768	0.00950	0.00567	0.00620	0.00985	0.01376	0.01681	0.05170	0.06106	0.52169	0.01567	0.00749	0.00227	0.00384	0.23450	0.00557	0.00522
48	0.00969	0.00776	0.01061	0.01026	0.01128	0.02857	0.00806	0.01177	0.01002	0.01465	0.01521	0.02197	0.01403	0.03727	0.60211	0.00803	0.10515	0.00618	0.06181	0.00557
49	0.01276	0.08508	0.68539	0.01648	0.02499	0.01454	0.02101	0.01925	0.01279	0.03852	0.01097	0.01269	0.00782	0.00572	0.00559	0.00186	0.00861	0.00440	0.00267	0.00884
50	0.00802	0.00578	0.00774	0.00906	0.00980	0.00550	0.00675	0.00960	0.01232	0.01619	0.03419	0.53539	0.07452	0.01800	0.00784	0.00252	0.00407	0.22206	0.00557	0.00509
51	0.56111	0.01145	0.01172	0.13042	0.05461	0.01294	0.00902	0.01879	0.01156	0.11455	0.01078	0.01234	0.00794	0.00587	0.00448	0.00188	0.00537	0.00404	0.00398	0.00715
52	0.01309	0.01309	0.01893	0.05478	0.01770	0.01774	0.04234	0.01474	0.00965	0.01487	0.00829	0.01341	0.00798	0.00990	0.01808	0.00253	0.68457	0.00529	0.00268	0.03034
53	0.00768	0.00580	0.00844	0.00924	0.00989	0.00541	0.04260	0.00893	0.01165	0.01556	0.03208	0.74535	0.03822	0.01814	0.00765	0.00242	0.00383	0.01659	0.00545	0.00505
54	0.00735	0.00614	0.00643	0.00646	0.00841	0.00522	0.00492	0.00904	0.01397	0.01694	0.11187	0.05742	0.65930	0.01508	0.00717	0.00206	0.00316	0.04826	0.00566	0.00515
55	0.01281	0.01263	0.01692	0.45832	0.11302	0.10453	0.01441	0.03509	0.01319	0.01638	0.01418	0.13451	0.01315	0.00799	0.00619	0.00199	0.00753	0.00699	0.00330	0.00686
56	0.01620	0.01567	0.02276	0.07251	0.57190	0.08302	0.01703	0.09084	0.01539	0.02082	0.01141	0.01454	0.00936	0.00566	0.00592	0.00178	0.00748	0.00523	0.00328	0.00921
57	0.01327	0.01117	0.01290	0.00929	0.01460	0.00884	0.00746	0.07028	0.01369	0.02101	0.01098	0.01263	0.00901	0.00467	0.00458	0.00096	0.00462	0.00371	0.00375	0.76258
58	0.01554	0.01515	0.04417	0.06461	0.13650	0.01483	0.32602	0.18803	0.01709	0.02321	0.01437	0.08513	0.01213	0.00695	0.00662	0.00197	0.00809	0.00717	0.00394	0.00848
59	0.01555	0.01537	0.02298	0.11975	0.54499	0.08350	0.03664	0.05366	0.01454	0.01959	0.01123	0.01467	0.00921	0.00560	0.00595	0.00180	0.00765	0.00527	0.00310	0.00896
60	0.04094	0.08260	0.12302	0.03154	0.05542	0.31520	0.01327	0.22605	0.01886	0.02255	0.01102	0.01233	0.00850	0.00628	0.00551	0.00168	0.00862	0.00444	0.00382	0.00835
61	0.00797	0.00630	0.00750	0.00762	0.02717	0.00559	0.00547	0.01016	0.01522	0.02003	0.38345	0.06888	0.38559	0.01369	0.00709	0.00197	0.00306	0.01176	0.00601	0.00547
62	0.01121	0.00561	0.00561	0.00561	0.00701	0.00561	0.00421	0.01402	0.01262	0.02243	0.01962	0.02243	0.01542	0.00701	0.00421	0.00140	0.00280	0.00561	0.82198	0.00561
63	0.00784	0.00612	0.00710	0.00686	0.00857	0.00539	0.00514	0.01004	0.01543	0.02033	0.41648	0.05119	0.39054	0.01372	0.00710	0.00196	0.00294	0.01176	0.00612	0.00539
64	0.00875	0.00583	0.00656	0.00656	0.00656	0.00583	0.00365	0.00875	0.00875	0.01166	0.01895	0.03937	0.02187	0.78858	0.03062	0.00583	0.00583	0.00875	0.00365	0.00365
65	0.00733	0.00524	0.00698	0.00838	0.00873	0.00489	0.00558	0.00838	0.01152	0.01536	0.03316	0.78466	0.03979	0.01885	0.00768	0.00244	0.00349	0.01710	0.00558	0.00489
66	0.02699	0.01024	0.01396	0.01070	0.01536	0.00884	0.00884	0.02932	0.01722	0.75522	0.02373	0.02048	0.01489	0.00745	0.00605	0.00186	0.00512	0.00605	0.00745	0.01024
67	0.01247	0.01069	0.01247	0.00891	0.01426	0.00802	0.00713	0.01515	0.01247	0.01960	0.01069	0.01247	0.00891	0.00446	0.00446	0.00089	0.00446	0.00356	0.00356	0.82536
68	0.01496	0.01292	0.01360	0.01224	0.01564	0.01496	0.00952	0.03197	0.74019	0.02516	0.02448	0.02244	0.01836	0.00816	0.00612	0.00204	0.00476	0.00680	0.00612	0.00952
69	0.00909	0.00738	0.00827	0.00780	0.00940	0.04719	0.00585	0.01168	0.01658	0.02255	0.61483	0.04481	0.14730	0.01236	0.00701	0.00189	0.00331	0.01074	0.00629	0.00567
70	0.02186	0.01006	0.01315	0.01001	0.01461	0.00840	0.00817	0.02432	0.01596	0.51018	0.07220	0.02013	0.01632	0.00701	0.00571	0.00161	0.00478	0.00574	0.00637	0.22339
71	0.00733	0.00524	0.00698	0.00838	0.00873	0.00489	0.00558	0.00838	0.01152	0.01536	0.03316	0.78466	0.03979	0.01885	0.00768	0.00244	0.00349	0.01710	0.00558	0.00489
72	0.00851	0.00615	0.00804	0.00757	0.00899	0.00568	0.00568	0.01135	0.01703	0.02412	0.74788	0.04494	0.05676	0.01230	0.00710	0.00189	0.00284	0.01088	0.00662	0.00568
73	0.01261	0.01794	0.21090	0.23177	0.03124	0.01431	0.28529	0.01752	0.01282	0.01771	0.01170	0.03594	0.00919	0.00623	0.00728	0.00204	0.05884	0.00609	0.00285	0.00772
74	0.01420	0.01623	0.03550	0.02535	0.03144	0.01521	0.72921	0.01927	0.01420	0.01927	0.01217	0.01623	0.00913	0.00507	0.00710	0.00203	0.01014	0.00710	0.00304	0.00811
75	0.01420	0.01623	0.03550	0.02535	0.03144	0.01521	0.72921	0.01927	0.01420	0.01927	0.01217	0.01623	0.00913	0.00507	0.00710	0.00203	0.01014	0.00710	0.00304	0.00811
76	0.04889	0.01028	0.01382	0.01063	0.01526	0.00897	0.00878	0.02900	0.01703	0.73539	0.02331	0.02018	0.01466	0.00739	0.00599	0.00186	0.00511	0.00597	0.00734	0.01014
77	0.01364	0.01176	0.01921	0.23743	0.33382	0.01249	0.03237	0.01784	0.05234	0.06116	0.04553	0.04420	0.01494	0.00749	0.00632	0.00198	0.00679	0.06883	0.00377	0.00808
78	0.00851	0.00615	0.00804	0.00757	0.00899	0.00568	0.00568	0.01135	0.01703	0.02412	0.74788	0.04494	0.05676	0.01230	0.00710	0.00189	0.00284	0.01088	0.00662	0.00568
79	0.00711	0.00609	0.00609	0.00609	0.00813	0.00508	0.00457	0.00863	0.01371	0.01625	0.06094	0.05789	0.74862	0.01524	0.00711	0.00203	0.00305	0.01270	0.00559	0.00508
80	0.05707	0.02278	0.43280	0.01688	0.09234	0.01300	0.01731	0.05890	0.01458	0.19657	0.01401	0.01472	0.00963	0.00617	0.00574	0.00188	0.00749	0.00491	0.00400	0.00923
81	0.01668	0.40973	0.10881	0.01491	0.05775	0.08954	0.07755	0.10092	0.01473	0.01826	0.00991	0.01164	0.00823	0.00573	0.00539	0.00158	0.03320	0.00420	0.00308	0.00816
82	0.02163	0.01595	0.01710	0.01327	0.01770	0.01763	0.01082	0.65953	0.04698	0.03567	0.01505	0.01645	0.01129	0.06323	0.00778	0.00210	0.00651	0.00569	0.00585	0.00974
83	0.01007	0.00840	0.00908	0.00881	0.01099	0.00864	0.00661	0.01716	0.27460	0.01984	0.09073	0.17269	0.31281	0.01313	0.00685	0.00210	0.00373	0.01123	0.00585	0.00668
84	0.03773	0.56165	0.02696	0.01168	0.01622	0.22873	0.01057	0.01967	0.01351	0.01462	0.00862	0.00999	0.00770	0.00545	0.00429	0.00137	0.00761	0.00340	0.00275	0.00748
85	0.00869	0.00585	0.00671	0.00671	0.00685	0.00579	0.00389	0.00899	0.00962	0.01296	0.08966	0.05918	0.02570	0.69376	0.02776	0.00536	0.00548	0.00917	0.00398	0.00387
86	0.01519	0.01609	0.06121	0.05438	0.64224	0.06799	0.01812	0.01881	0.01384	0.01915	0.01113	0.01452	0.00926	0.00546	0.00591	0.00178	0.00752	0.00521	0.00296	0.00924
87	0.00851	0.00615	0.00804	0.00757	0.00899	0.00568	0.00568	0.01135	0.01703	0.02412	0.74788	0.04494	0.05676	0.01230	0.00710	0.00189	0.00284	0.01088	0.00662	0.00568
88	0.51570	0.01224	0.01514	0.06667	0.01795	0.01320	0.14237	0.01932	0.01201	0.11889	0.01124	0.01281	0.00819	0.00576	0.00482	0.00190	0.00598	0.00449	0.00400	0.00731
89	0.01163	0.00919	0.01044	0.05074	0.01310	0.00977	0.00755	0.09029	0.18689	0.02254	0.17324	0.03525	0.22487	0.01156	0.02540	0.00213	0.02092	0.00885	0.07867	0.00695
90	0.00936	0.00740	0.01068	0.01028	0.01113	0.00900	0.00802	0.01126	0.00962	0.01411	0.01516	0.02307	0.01443	0.08867	0.58288	0.00813	0.13009	0.00640	0.02488	0.00544
91	0.02742	0.00691	0.00776	0.00736	0.00891	0.00740	0.00566	0.06464	0.01304	0.02155	0.03601	0.02261	0.01580	0.03567	0.15050	0.00318	0.02610	0.00591	0.52768	0.00589
92	0.83108	0.01163	0.00884	0.00791	0.01163	0.01350	0.00651	0.01768	0.01024	0.02699	0.00838	0.00977	0.00651	0.00558	0.00372	0.00186	0.00465	0.00326	0.00372	0.00651
93	0.20291	0.09497	0.01759	0.01445	0.07661	0.20108	0.01084	0.26829	0.01869	0.02592	0.01096	0.01207	0.00848	0.00625	0.00514	0.00170	0.00724	0.00433	0.00420	0.00829

[dist]
# distance from previous block
# <min> <max>
0	1

[block]
# block no. 1 follows, 38 sequences, length 53
# corresponding to MSA columns:
# 230-282
name=unknown_B
#
# <colnr> <probs for GDERKNQSTAVLIFYWHMCP>
#	G	D	E	R	K	N	Q	S	T	A	V	L	I	F	Y	W	H	M	C	P
0	0.15244	0.01481	0.01609	0.03285	0.06239	0.05652	0.02909	0.36604	0.03465	0.04993	0.01343	0.01482	0.01012	0.00936	0.05712	0.00235	0.02772	0.00514	0.03648	0.00864
1	0.06958	0.01416	0.02072	0.22692	0.43121	0.06876	0.01634	0.01854	0.04221	0.01888	0.01133	0.01485	0.00915	0.00572	0.00579	0.00184	0.00738	0.00516	0.00308	0.00839
2	0.01536	0.01586	0.01809	0.18014	0.02281	0.16774	0.06350	0.08047	0.07284	0.01808	0.01428	0.01716	0.05475	0.00809	0.00987	0.00208	0.22239	0.00573	0.00352	0.00726
3	0.00997	0.00721	0.00881	0.00892	0.01014	0.00713	0.00631	0.11319	0.01436	0.01942	0.11185	0.50133	0.03511	0.08406	0.00931	0.00255	0.00410	0.01360	0.00554	0.02710
4	0.01471	0.01440	0.02172	0.17195	0.50124	0.06169	0.01685	0.01952	0.08263	0.01906	0.01232	0.01557	0.00997	0.00580	0.00595	0.00184	0.00732	0.00540	0.00323	0.00883
5	0.04013	0.20338	0.02008	0.05483	0.01828	0.07760	0.01091	0.33309	0.11875	0.02672	0.01369	0.01425	0.01044	0.00665	0.00536	0.00170	0.00659	0.00490	0.02378	0.00887
6	0.01309	0.01306	0.01841	0.04600	0.01681	0.01822	0.01330	0.01451	0.00933	0.01451	0.00801	0.01328	0.00790	0.01035	0.01920	0.00261	0.74692	0.00527	0.00263	0.00658
7	0.01444	0.05589	0.08940	0.05429	0.02170	0.03307	0.21668	0.10043	0.03355	0.04236	0.03416	0.04145	0.01227	0.01090	0.08052	0.00274	0.11599	0.00632	0.02615	0.00770
8	0.01655	0.52366	0.14796	0.01225	0.01777	0.05942	0.03149	0.01939	0.01295	0.07669	0.01018	0.01137	0.00834	0.00561	0.00489	0.00150	0.02506	0.00384	0.00301	0.00807
9	0.01045	0.00522	0.00784	0.00784	0.00784	0.00522	0.00522	0.00784	0.00784	0.01045	0.01045	0.01829	0.01045	0.02090	0.02351	0.82497	0.00522	0.00522	0.00261	0.00261
10	0.01318	0.03046	0.66499	0.01746	0.04282	0.08969	0.02107	0.01954	0.01316	0.01863	0.01066	0.01257	0.00768	0.00576	0.00569	0.00187	0.00905	0.00441	0.00261	0.00871
11	0.01428	0.01559	0.07153	0.17948	0.40810	0.07509	0.05450	0.01837	0.03260	0.01836	0.01296	0.01715	0.02576	0.00613	0.00606	0.00187	0.00771	0.02294	0.00310	0.00843
12	0.01230	0.07537	0.71521	0.01675	0.02542	0.01454	0.02153	0.01899	0.01267	0.01877	0.01065	0.01252	0.00763	0.00568	0.00561	0.00187	0.00875	0.00437	0.00254	0.00882
13	0.00825	0.00648	0.00758	0.00802	0.00969	0.00597	0.00635	0.01063	0.03697	0.01730	0.08560	0.11701	0.40381	0.03447	0.00805	0.00237	0.00392	0.21659	0.00560	0.00534
14	0.05420	0.10178	0.36840	0.07850	0.03941	0.01449	0.06474	0.06624	0.01410	0.10226	0.01282	0.03477	0.00961	0.00627	0.00566	0.00186	0.00769	0.00512	0.00352	0.00856
15	0.01392	0.02064	0.26987	0.02426	0.15014	0.01450	0.36105	0.01930	0.01369	0.03659	0.01185	0.01495	0.00884	0.00539	0.00643	0.00194	0.00911	0.00591	0.00297	0.00866
16	0.01194	0.01071	0.01152	0.01084	0.01243	0.11674	0.00841	0.06799	0.01227	0.01614	0.01588	0.02188	0.03166	0.05677	0.49697	0.00701	0.05334	0.00614	0.02536	0.00598
17	0.01207	0.03112	0.75741	0.01715	0.02604	0.01397	0.02223	0.01905	0.01270	0.01905	0.01080	0.01270	0.00762	0.00572	0.00572	0.00191	0.00889	0.00445	0.00254	0.00889
18	0.00835	0.00614	0.00782	0.00740	0.00889	0.00561	0.00555	0.01104	0.01665	0.02322	0.66871	0.04643	0.13650	0.01264	0.00710	0.00191	0.00286	0.01109	0.00650	0.00561
19	0.00758	0.00534	0.00691	0.00805	0.00834	0.00505	0.00524	0.00844	0.01103	0.01470	0.03063	0.65231	0.03661	0.15553	0.01175	0.00304	0.00391	0.01562	0.00524	0.00467
20	0.00851	0.00615	0.00804	0.00757	0.00899	0.00568	0.00568	0.01135	0.01703	0.02412	0.74788	0.04494	0.05676	0.01230	0.00710	0.00189	0.00284	0.01088	0.00662	0.00568
21	0.00969	0.00692	0.00969	0.01108	0.01246	0.00692	0.00969	0.01246	0.01385	0.01800	0.03185	0.06786	0.03462	0.01662	0.00831	0.00277	0.00554	0.71057	0.00554	0.00554
22	0.01446	0.01249	0.01313	0.01185	0.01517	0.01434	0.00921	0.03048	0.69405	0.02460	0.02680	0.02470	0.06474	0.00861	0.00618	0.00204	0.00465	0.00718	0.00609	0.00924
23	0.01247	0.01069	0.01247	0.00891	0.01426	0.00802	0.00713	0.01515	0.01247	0.01960	0.01069	0.01247	0.00891	0.00446	0.00446	0.00089	0.00446	0.00356	0.00356	0.82536
24	0.01372	0.01777	0.12451	0.02375	0.03006	0.01475	0.61906	0.01892	0.01400	0.01915	0.01349	0.01706	0.03149	0.00546	0.00693	0.00201	0.00977	0.00694	0.00306	0.00812
25	0.00747	0.00641	0.00701	0.05799	0.01042	0.00567	0.00545	0.00924	0.01378	0.01662	0.09507	0.05436	0.66086	0.01445	0.00704	0.00202	0.00337	0.01210	0.00545	0.00522
26	0.00747	0.00532	0.00707	0.00842	0.00880	0.00500	0.00568	0.00855	0.01151	0.01533	0.03259	0.72915	0.03893	0.04660	0.00853	0.00258	0.00366	0.04442	0.00551	0.00487
27	0.00757	0.00562	0.00785	0.00880	0.00941	0.00523	0.02762	0.00880	0.01183	0.01576	0.05437	0.71618	0.06212	0.01812	0.00763	0.00240	0.00366	0.01647	0.00554	0.00501
28	0.01268	0.01273	0.01920	0.31038	0.02690	0.04534	0.07424	0.01541	0.01106	0.01521	0.00982	0.01499	0.00841	0.00995	0.05164	0.00266	0.34449	0.00546	0.00273	0.00670
29	0.04148	0.02444	0.01627	0.01436	0.01769	0.55198	0.01098	0.14718	0.03753	0.01980	0.01117	0.01243	0.00888	0.00646	0.00543	0.00161	0.00933	0.00431	0.05116	0.00752
30	0.00733	0.00524	0.00698	0.00838	0.00873	0.00489	0.00558	0.00838	0.01152	0.01536	0.03316	0.78466	0.03979	0.01885	0.00768	0.00244	0.00349	0.01710	0.00558	0.00489
31	0.03587	0.01232	0.01813	0.17772	0.02283	0.01404	0.11390	0.20633	0.01586	0.02206	0.01302	0.01705	0.01048	0.01530	0.17498	0.00369	0.08614	0.00580	0.02699	0.00750
32	0.01316	0.01316	0.01843	0.01579	0.01579	0.01843	0.01316	0.01448	0.00921	0.01448	0.00790	0.01316	0.00790	0.01053	0.01974	0.00263	0.77757	0.00526	0.00263	0.00658
33	0.01175	0.00639	0.00683	0.04655	0.00936	0.00661	0.00519	0.04678	0.01330	0.02276	0.01892	0.02173	0.01479	0.00697	0.00438	0.00145	0.00325	0.00558	0.74153	0.00587
34	0.00859	0.00587	0.00692	0.00701	0.00720	0.00593	0.00422	0.00894	0.00916	0.01228	0.02067	0.08840	0.04074	0.63589	0.10863	0.00593	0.00673	0.00916	0.00378	0.00395
35	0.00737	0.00618	0.00645	0.00659	0.00856	0.00526	0.00508	0.00901	0.01373	0.01643	0.05804	0.05889	0.67751	0.01537	0.00723	0.00210	0.00330	0.08220	0.00558	0.00512
36	0.01311	0.01242	0.02105	0.37543	0.40282	0.01365	0.01740	0.01686	0.01293	0.01763	0.01163	0.01697	0.00957	0.00599	0.00605	0.00192	0.00750	0.02604	0.00291	0.00810
37	0.00927	0.00679	0.00910	0.01026	0.01175	0.00662	0.00885	0.01183	0.01383	0.01771	0.03665	0.06621	0.15243	0.01639	0.00811	0.00265	0.00513	0.59542	0.00555	0.00546
38	0.01399	0.23030	0.50567	0.01517	0.02264	0.06030	0.01821	0.03665	0.01321	0.01798	0.01016	0.01184	0.00772	0.00563	0.00522	0.00172	0.00830	0.00411	0.00267	0.00851
39	0.01257	0.00868	0.01031	0.03114	0.01201	0.00913	0.00731	0.17915	0.01535	0.04066	0.02381	0.27932	0.04225	0.12196	0.01082	0.02531	0.02483	0.04713	0.09201	0.00625
40	0.00720	0.00610	0.00621	0.00619	0.00818	0.00512	0.00464	0.00880	0.01392	0.01674	0.10349	0.05709	0.70576	0.01505	0.00711	0.00202	0.00303	0.01258	0.00565	0.00512
41	0.02447	0.01285	0.06534	0.01166	0.01652	0.01106	0.01017	0.16963	0.01914	0.53378	0.04708	0.01961	0.01496	0.00746	0.00606	0.00185	0.00560	0.00599	0.00679	0.00998
42	0.00733	0.00524	0.00698	0.00838	0.00873	0.00489	0.00558	0.00838	0.01152	0.01536	0.03316	0.78466	0.03979	0.01885	0.00768	0.00244	0.00349	0.01710	0.00558	0.00489
43	0.00733	0.00524	0.00698	0.00838	0.00873	0.00489	0.00558	0.00838	0.01152	0.01536	0.03316	0.78466	0.03979	0.01885	0.00768	0.00244	0.00349	0.01710	0.00558	0.00489
44	0.00716	0.00610	0.00616	0.00615	0.00816	0.00510	0.00461	0.00873	0.01383	0.01653	0.08570	0.05743	0.72368	0.01513	0.00711	0.00203	0.00304	0.01263	0.00562	0.00510
45	0.00863	0.00578	0.00660	0.00672	0.00675	0.00575	0.00381	0.00872	0.00899	0.01198	0.02018	0.10388	0.02342	0.72195	0.02863	0.00554	0.00563	0.00947	0.00381	0.00375
46	0.01608	0.79220	0.03152	0.01029	0.01544	0.02380	0.01029	0.01801	0.01222	0.01415	0.00836	0.00965	0.00772	0.00515	0.00386	0.00129	0.00643	0.00322	0.00257	0.00772
47	0.01207	0.03112	0.75741	0.01715	0.02604	0.01397	0.02223	0.01905	0.01270	0.01905	0.01080	0.01270	0.00762	0.00572	0.00572	0.00191	0.00889	0.00445	0.00254	0.00889
48	0.01121	0.00561	0.00561	0.00561	0.00701	0.00561	0.00421	0.01402	0.01262	0.02243	0.01962	0.02243	0.01542	0.00701	0.00421	0.00140	0.00280	0.00561	0.82198	0.00561
49	0.01316	0.01316	0.01843	0.01579	0.01579	0.01843	0.01316	0.01448	0.00921	0.01448	0.00790	0.01316	0.00790	0.01053	0.01974	0.00263	0.77757	0.00526	0.00263	0.00658
50	0.01303	0.01309	0.01687	0.01475	0.01514	0.06693	0.01212	0.01450	0.00982	0.01441	0.00936	0.01475	0.00908	0.01602	0.14325	0.00373	0.59863	0.00537	0.00276	0.00641
51	0.02699	0.01024	0.01396	0.01070	0.01536	0.00884	0.00884	0.02932	0.01722	0.75522	0.02373	0.02048	0.01489	0.00745	0.00605	0.00186	0.00512	0.00605	0.00745	0.01024
52	0.01413	0.01602	0.03435	0.02471	0.03038	0.01543	0.68090	0.01895	0.01386	0.01895	0.01188	0.01602	0.00904	0.00544	0.00795	0.00207	0.06192	0.00698	0.00301	0.00801

[dist]
# distance from previous block
# <min> <max>
0	2

[block]
# block no. 2 follows, 38 sequences, length 10
# corresponding to MSA columns:
# 285-294
name=unknown_C
#
# <colnr> <probs for GDERKNQSTAVLIFYWHMCP>
#	G	D	E	R	K	N	Q	S	T	A	V	L	I	F	Y	W	H	M	C	P
0	0.02053	0.01596	0.01881	0.01808	0.15809	0.01744	0.01258	0.52326	0.09862	0.03312	0.01488	0.01535	0.01093	0.00696	0.00602	0.00183	0.00653	0.00555	0.00545	0.01002
1	0.06878	0.13035	0.01888	0.18382	0.02284	0.39259	0.01225	0.07147	0.01563	0.01720	0.00979	0.01203	0.00791	0.00604	0.00527	0.00165	0.00891	0.00418	0.00318	0.00722
2	0.01316	0.01316	0.01843	0.01579	0.01579	0.01843	0.01316	0.01448	0.00921	0.01448	0.00790	0.01316	0.00790	0.01053	0.01974	0.00263	0.77757	0.00526	0.00263	0.00658
3	0.01415	0.01101	0.01290	0.00933	0.01459	0.00869	0.00750	0.05713	0.01373	0.07528	0.01188	0.01318	0.00943	0.00484	0.00466	0.00102	0.00463	0.00385	0.00399	0.71822
4	0.00859	0.00645	0.00967	0.00967	0.01074	0.00752	0.00752	0.01074	0.00967	0.01396	0.01611	0.02363	0.01504	0.04512	0.76474	0.00967	0.01611	0.00645	0.00322	0.00537
5	0.02699	0.01024	0.01396	0.01070	0.01536	0.00884	0.00884	0.02932	0.01722	0.75522	0.02373	0.02048	0.01489	0.00745	0.00605	0.00186	0.00512	0.00605	0.00745	0.01024
6	0.01278	0.02264	0.38636	0.02081	0.07648	0.01383	0.28039	0.01852	0.01364	0.01955	0.06607	0.01654	0.01195	0.00594	0.00634	0.00194	0.00878	0.00596	0.00306	0.00841
7	0.00711	0.00609	0.00609	0.00609	0.00813	0.00508	0.00457	0.00863	0.01371	0.01625	0.06094	0.05789	0.74862	0.01524	0.00711	0.00203	0.00305	0.01270	0.00559	0.00508
8	0.00948	0.00677	0.00945	0.01084	0.01213	0.00674	0.00933	0.01210	0.01364	0.01777	0.03197	0.13137	0.03508	0.01682	0.00825	0.00274	0.00536	0.64912	0.00554	0.00548
9	0.01391	0.01330	0.02265	0.24107	0.55455	0.01404	0.01798	0.01761	0.01324	0.01847	0.01114	0.01521	0.00911	0.00554	0.00597	0.00185	0.00739	0.00536	0.00289	0.00874

[dist]
# distance from previous block
# <min> <max>
6	9

[block]
# block no. 3 follows, 38 sequences, length 17
# corresponding to MSA columns:
# 304-320
name=unknown_D
#
# <colnr> <probs for GDERKNQSTAVLIFYWHMCP>
#	G	D	E	R	K	N	Q	S	T	A	V	L	I	F	Y	W	H	M	C	P
0	0.08830	0.05770	0.07181	0.01058	0.01413	0.01137	0.00917	0.12558	0.08496	0.12216	0.14419	0.11782	0.04610	0.00983	0.00616	0.00194	0.00500	0.03954	0.00549	0.02821
1	0.01423	0.01374	0.02385	0.07406	0.57157	0.01383	0.08871	0.01828	0.03545	0.01936	0.01308	0.04165	0.01139	0.00622	0.00620	0.00188	0.00726	0.02706	0.00322	0.00896
2	0.03129	0.00918	0.01200	0.13174	0.01651	0.04333	0.04882	0.03474	0.01309	0.01827	0.10642	0.26724	0.02544	0.05054	0.00806	0.00218	0.02926	0.00980	0.06946	0.07263
3	0.01247	0.01069	0.01247	0.00891	0.01426	0.00802	0.00713	0.01515	0.01247	0.01960	0.01069	0.01247	0.00891	0.00446	0.00446	0.00089	0.00446	0.00356	0.00356	0.82536
4	0.01136	0.01069	0.01804	0.77412	0.04143	0.01337	0.01671	0.01537	0.01203	0.01537	0.01069	0.01604	0.00802	0.00601	0.00601	0.00200	0.00802	0.00535	0.00267	0.00668
5	0.00739	0.00611	0.00648	0.00639	0.00830	0.00520	0.00479	0.00918	0.01437	0.01782	0.19820	0.05531	0.61038	0.01465	0.00711	0.00200	0.00301	0.01233	0.00579	0.00520
6	0.00875	0.00583	0.00656	0.00656	0.00656	0.00583	0.00365	0.00875	0.00875	0.01166	0.01895	0.03937	0.02187	0.78858	0.03062	0.00583	0.00583	0.00875	0.00365	0.00365
7	0.83108	0.01163	0.00884	0.00791	0.01163	0.01350	0.00651	0.01768	0.01024	0.02699	0.00838	0.00977	0.00651	0.00558	0.00372	0.00186	0.00465	0.00326	0.00372	0.00651
8	0.00969	0.00692	0.00969	0.01108	0.01246	0.00692	0.00969	0.01246	0.01385	0.01800	0.03185	0.06786	0.03462	0.01662	0.00831	0.00277	0.00554	0.71057	0.00554	0.00554
9	0.01496	0.01292	0.01360	0.01224	0.01564	0.01496	0.00952	0.03197	0.74019	0.02516	0.02448	0.02244	0.01836	0.00816	0.00612	0.00204	0.00476	0.00680	0.00612	0.00952
10	0.02699	0.01024	0.01396	0.01070	0.01536	0.00884	0.00884	0.02932	0.01722	0.75522	0.02373	0.02048	0.01489	0.00745	0.00605	0.00186	0.00512	0.00605	0.00745	0.01024
11	0.02287	0.01685	0.01805	0.01384	0.01866	0.01866	0.01143	0.73100	0.02828	0.03791	0.01444	0.01444	0.01023	0.00722	0.00602	0.00181	0.00662	0.00542	0.00602	0.01023
12	0.01247	0.01069	0.01247	0.00891	0.01426	0.00802	0.00713	0.01515	0.01247	0.01960	0.01069	0.01247	0.00891	0.00446	0.00446	0.00089	0.00446	0.00356	0.00356	0.82536
13	0.00811	0.00647	0.00781	0.00812	0.04040	0.00576	0.00569	0.01035	0.01529	0.02015	0.38672	0.04986	0.38667	0.01341	0.00705	0.00195	0.00312	0.01151	0.00597	0.00555
14	0.00957	0.00706	0.00840	0.00796	0.00970	0.00673	0.00605	0.07583	0.01636	0.02223	0.39255	0.09787	0.20451	0.03547	0.00770	0.00210	0.00351	0.04867	0.03191	0.00583
15	0.83108	0.01163	0.00884	0.00791	0.01163	0.01350	0.00651	0.01768	0.01024	0.02699	0.00838	0.00977	0.00651	0.00558	0.00372	0.00186	0.00465	0.00326	0.00372	0.00651
16	0.01470	0.01410	0.02408	0.07566	0.71377	0.01424	0.01837	0.01830	0.01361	0.01943	0.01128	0.01495	0.00945	0.00539	0.00596	0.00180	0.00719	0.00536	0.00296	0.00938

[dist]
# distance from previous block
# <min> <max>
2	10

[block]
# block no. 4 follows, 38 sequences, length 18
# corresponding to MSA columns:
# 331-348
name=unknown_E
#
# <colnr> <probs for GDERKNQSTAVLIFYWHMCP>
#	G	D	E	R	K	N	Q	S	T	A	V	L	I	F	Y	W	H	M	C	P
0	0.01912	0.01366	0.01451	0.01165	0.01547	0.01505	0.00945	0.47598	0.10587	0.03267	0.01686	0.01731	0.01243	0.00728	0.00559	0.00173	0.00548	0.00562	0.20527	0.00902
1	0.00737	0.00610	0.00646	0.00637	0.00829	0.00519	0.00478	0.00914	0.01434	0.01773	0.19018	0.05546	0.61845	0.01468	0.00711	0.00201	0.00301	0.01235	0.00578	0.00519
2	0.06245	0.07069	0.10202	0.01481	0.01879	0.54227	0.01241	0.04773	0.04446	0.01703	0.01014	0.01151	0.00817	0.00616	0.00533	0.00162	0.00967	0.00404	0.00326	0.00742
3	0.22071	0.01536	0.01556	0.01230	0.01677	0.01719	0.01013	0.51897	0.06158	0.03456	0.01349	0.01372	0.00975	0.00687	0.00546	0.00183	0.00604	0.00496	0.00546	0.00928
4	0.00733	0.00524	0.00698	0.00838	0.00873	0.00489	0.00558	0.00838	0.01152	0.01536	0.03316	0.78466	0.03979	0.01885	0.00768	0.00244	0.00349	0.01710	0.00558	0.00489
5	0.01222	0.03005	0.70554	0.01774	0.02642	0.01406	0.07303	0.01907	0.01281	0.01907	0.01089	0.01295	0.00773	0.00567	0.00581	0.00191	0.00898	0.00464	0.00258	0.00883
6	0.01850	0.03577	0.12054	0.01530	0.04442	0.22730	0.03657	0.06131	0.17775	0.11471	0.01506	0.01562	0.01128	0.00706	0.00697	0.00187	0.07188	0.00523	0.00435	0.00851
7	0.00748	0.00534	0.00715	0.00855	0.00896	0.00502	0.00585	0.00864	0.01167	0.01553	0.03307	0.73899	0.03946	0.01870	0.00772	0.00246	0.00362	0.06128	0.00558	0.00493
8	0.00746	0.00533	0.00714	0.00853	0.00894	0.00500	0.00582	0.00861	0.01165	0.01551	0.03308	0.74368	0.03949	0.01872	0.00771	0.00246	0.00361	0.05675	0.00558	0.00492
9	0.01527	0.30451	0.02298	0.19973	0.02239	0.13633	0.01272	0.01751	0.01225	0.01461	0.00898	0.01220	0.00784	0.00674	0.00822	0.00181	0.18181	0.00431	0.00269	0.00709
10	0.02636	0.01125	0.01459	0.01118	0.01586	0.01035	0.00924	0.13687	0.01891	0.64527	0.02231	0.01955	0.01418	0.00741	0.00604	0.00185	0.00535	0.00595	0.00723	0.01024
11	0.01489	0.01429	0.02442	0.03692	0.75106	0.01429	0.01846	0.01846	0.01370	0.01965	0.01132	0.01489	0.00953	0.00536	0.00596	0.00179	0.00715	0.00536	0.00298	0.00953
12	0.00851	0.00615	0.00804	0.00757	0.00899	0.00568	0.00568	0.01135	0.01703	0.02412	0.74788	0.04494	0.05676	0.01230	0.00710	0.00189	0.00284	0.01088	0.00662	0.00568
13	0.00930	0.00665	0.00942	0.00928	0.01035	0.00776	0.00724	0.01152	0.01016	0.01548	0.01630	0.02287	0.01473	0.03658	0.59138	0.00784	0.05412	0.00624	0.14732	0.00548
14	0.02189	0.01636	0.01750	0.01364	0.01828	0.01820	0.01120	0.64462	0.11626	0.03634	0.01568	0.01543	0.01124	0.00734	0.00603	0.00183	0.00639	0.00559	0.00603	0.01014
15	0.00842	0.00615	0.00791	0.00747	0.00893	0.00564	0.00560	0.01117	0.01680	0.02359	0.70114	0.04582	0.10384	0.01250	0.00710	0.00190	0.00285	0.01100	0.00655	0.00564
16	0.05857	0.17621	0.52353	0.01520	0.02267	0.06976	0.01831	0.01913	0.01279	0.01823	0.01009	0.01182	0.00759	0.00563	0.00523	0.00176	0.00833	0.00410	0.00265	0.00840
17	0.01824	0.56395	0.02716	0.01144	0.01621	0.13914	0.01053	0.08175	0.01464	0.05464	0.00984	0.01082	0.00831	0.00561	0.00441	0.00140	0.00708	0.00366	0.00321	0.00795

[dist]
# distance from previous block
# <min> <max>
1	2

[block]
# block no. 5 follows, 38 sequences, length 19
# corresponding to MSA columns:
# 351-369
name=unknown_F
#
# <colnr> <probs for GDERKNQSTAVLIFYWHMCP>
#	G	D	E	R	K	N	Q	S	T	A	V	L	I	F	Y	W	H	M	C	P
0	0.01308	0.04994	0.62736	0.01753	0.02583	0.01415	0.09578	0.01951	0.01305	0.05224	0.01146	0.01334	0.00811	0.00571	0.00582	0.00190	0.00878	0.00476	0.00282	0.00884
1	0.00733	0.00524	0.00698	0.00838	0.00873	0.00489	0.00558	0.00838	0.01152	0.01536	0.03316	0.78466	0.03979	0.01885	0.00768	0.00244	0.00349	0.01710	0.00558	0.00489
2	0.01361	0.14883	0.45047	0.01721	0.05249	0.06453	0.08499	0.01880	0.01289	0.01773	0.01056	0.01290	0.00813	0.00707	0.03210	0.00208	0.03001	0.00459	0.00267	0.00835
3	0.11777	0.01422	0.01683	0.10252	0.05536	0.03898	0.05219	0.32427	0.05126	0.04803	0.01408	0.03339	0.01079	0.00706	0.00618	0.00187	0.03304	0.00555	0.05810	0.00852
4	0.00952	0.00661	0.00776	0.00743	0.00816	0.00657	0.00484	0.05660	0.01254	0.01714	0.22757	0.08126	0.03208	0.47266	0.02101	0.00425	0.00490	0.00961	0.00476	0.00472
5	0.00823	0.00608	0.00769	0.00740	0.00885	0.00554	0.00551	0.01077	0.01620	0.02242	0.60249	0.09368	0.15652	0.01314	0.00713	0.00195	0.00291	0.01154	0.00641	0.00554
6	0.02225	0.01189	0.01434	0.01139	0.01557	0.01190	0.00927	0.21178	0.11862	0.38770	0.10051	0.02183	0.01872	0.00801	0.00617	0.00187	0.00521	0.00651	0.00680	0.00964
7	0.02083	0.01545	0.01657	0.01300	0.01723	0.01710	0.01052	0.60178	0.08701	0.03429	0.01573	0.01753	0.01205	0.08271	0.00840	0.00221	0.00639	0.00586	0.00580	0.00953
8	0.01247	0.01069	0.01247	0.00891	0.01426	0.00802	0.00713	0.01515	0.01247	0.01960	0.01069	0.01247	0.00891	0.00446	0.00446	0.00089	0.00446	0.00356	0.00356	0.82536
9	0.01281	0.14078	0.01601	0.01452	0.15340	0.08996	0.00954	0.01553	0.02834	0.03657	0.27212	0.06334	0.10456	0.00955	0.00615	0.00178	0.00524	0.00810	0.00474	0.00697
10	0.00822	0.00624	0.00763	0.00757	0.00919	0.00565	0.00587	0.01062	0.01551	0.02071	0.42461	0.05233	0.27983	0.01385	0.00727	0.00206	0.00328	0.10797	0.00613	0.00546
11	0.01580	0.02093	0.18066	0.11090	0.23957	0.19366	0.01658	0.04135	0.03928	0.01825	0.01097	0.01372	0.00873	0.00620	0.00669	0.00185	0.05868	0.00485	0.00305	0.00828
12	0.00821	0.00609	0.00765	0.00736	0.00882	0.00553	0.00548	0.01072	0.01615	0.02227	0.58920	0.08879	0.17513	0.01317	0.00713	0.00195	0.00291	0.01154	0.00639	0.00553
13	0.00931	0.00727	0.01060	0.01026	0.01121	0.00883	0.00808	0.01138	0.00975	0.01444	0.01523	0.02223	0.01414	0.03882	0.63207	0.00836	0.11339	0.00625	0.04284	0.00554
14	0.01169	0.02315	0.01276	0.01115	0.01284	0.04734	0.03959	0.06052	0.05783	0.01673	0.01597	0.05343	0.01517	0.13620	0.31223	0.00559	0.09990	0.00676	0.02788	0.03326
15	0.00859	0.00645	0.00967	0.00967	0.01074	0.00752	0.00752	0.01074	0.00967	0.01396	0.01611	0.02363	0.01504	0.04512	0.76474	0.00967	0.01611	0.00645	0.00322	0.00537
16	0.38583	0.06695	0.01479	0.04526	0.01605	0.05662	0.05224	0.11153	0.03638	0.07163	0.05785	0.01450	0.01149	0.00656	0.00534	0.00184	0.02864	0.00472	0.00428	0.00749
17	0.01556	0.01221	0.01383	0.01041	0.01538	0.01108	0.00838	0.16602	0.10223	0.05642	0.01368	0.01442	0.01057	0.00560	0.00505	0.00126	0.00497	0.00444	0.00455	0.52396
18	0.12719	0.03370	0.01194	0.01078	0.04488	0.06770	0.00798	0.01921	0.09037	0.16956	0.25741	0.08725	0.02881	0.00951	0.00609	0.00189	0.00471	0.00793	0.00570	0.00737

[dist]
# distance from previous block
# <min> <max>
5	9

[block]
# block no. 6 follows, 38 sequences, length 11
# corresponding to MSA columns:
# 379-389
name=unknown_G
#
# <colnr> <probs for GDERKNQSTAVLIFYWHMCP>
#	G	D	E	R	K	N	Q	S	T	A	V	L	I	F	Y	W	H	M	C	P
0	0.01571	0.01208	0.01375	0.05587	0.03755	0.01328	0.00966	0.16092	0.35211	0.07683	0.05678	0.05162	0.09930	0.00906	0.00629	0.00198	0.00508	0.00755	0.00585	0.00873
1	0.00980	0.00679	0.00917	0.03805	0.01133	0.00755	0.00723	0.03250	0.02848	0.01722	0.01914	0.08888	0.01794	0.02928	0.41926	0.00612	0.01062	0.04565	0.18931	0.00568
2	0.05236	0.03564	0.08834	0.03227	0.01487	0.04436	0.00954	0.21815	0.04035	0.02454	0.01882	0.04709	0.06165	0.02267	0.06320	0.00240	0.00635	0.00620	0.20375	0.00746
3	0.01726	0.03885	0.04833	0.02192	0.25598	0.11004	0.08201	0.16667	0.05201	0.05092	0.01397	0.05705	0.01161	0.00738	0.00672	0.03322	0.00737	0.00599	0.00405	0.00865
4	0.03883	0.01615	0.11755	0.07097	0.39933	0.03789	0.07058	0.05709	0.01428	0.02013	0.01342	0.03721	0.01174	0.00676	0.00616	0.00192	0.00745	0.06055	0.00336	0.00862
5	0.00731	0.00533	0.00688	0.00813	0.00866	0.00491	0.00547	0.00840	0.01176	0.01545	0.03621	0.70483	0.11764	0.01845	0.00762	0.00240	0.00344	0.01662	0.00558	0.00491
6	0.01345	0.16820	0.51439	0.01609	0.04456	0.01524	0.04353	0.01872	0.01264	0.04532	0.01088	0.01288	0.00815	0.00634	0.00626	0.03959	0.00812	0.00444	0.00276	0.00843
7	0.07569	0.14732	0.38098	0.04883	0.04848	0.01566	0.08142	0.05071	0.04172	0.01995	0.02879	0.01376	0.00949	0.00588	0.00547	0.00181	0.00778	0.00476	0.00309	0.00839
8	0.00824	0.00654	0.00739	0.00747	0.00924	0.00598	0.00568	0.04040	0.01412	0.01776	0.10957	0.14956	0.46408	0.01688	0.04904	0.00255	0.00417	0.07040	0.00556	0.00538
9	0.01469	0.01409	0.02406	0.07796	0.71156	0.01424	0.01836	0.01829	0.01360	0.01941	0.01128	0.01495	0.00944	0.00540	0.00596	0.00180	0.00720	0.00536	0.00296	0.00937
10	0.01400	0.04791	0.01755	0.23898	0.02370	0.05682	0.08487	0.10507	0.01459	0.04782	0.03191	0.14159	0.01531	0.00880	0.00746	0.00201	0.07808	0.00743	0.04900	0.00709

[dist]
# distance from previous block
# <min> <max>
0	7

[block]
# block no. 7 follows, 38 sequences, length 7
# corresponding to MSA columns:
# 397-403
name=unknown_H
#
# <colnr> <probs for GDERKNQSTAVLIFYWHMCP>
#	G	D	E	R	K	N	Q	S	T	A	V	L	I	F	Y	W	H	M	C	P
0	0.01380	0.01659	0.09510	0.10867	0.10623	0.01479	0.48544	0.01923	0.04238	0.01909	0.01228	0.01600	0.00928	0.00538	0.00670	0.00199	0.00927	0.00648	0.00307	0.00823
1	0.01411	0.00869	0.00928	0.00815	0.01044	0.00926	0.00642	0.20560	0.01656	0.02587	0.01795	0.02039	0.01400	0.01023	0.06791	0.00220	0.00493	0.00563	0.53558	0.00682
2	0.00904	0.01061	0.12967	0.00957	0.01229	0.00755	0.00866	0.01294	0.07628	0.01844	0.13166	0.22512	0.24364	0.01368	0.00703	0.00215	0.00442	0.06584	0.00527	0.00615
3	0.01490	0.01152	0.04879	0.06954	0.05133	0.01102	0.00986	0.17328	0.06803	0.08586	0.04388	0.14298	0.01847	0.01011	0.02662	0.00206	0.00558	0.02790	0.09189	0.08640
4	0.01492	0.01335	0.11702	0.01147	0.01507	0.03458	0.01028	0.11564	0.11324	0.12946	0.07494	0.10197	0.07865	0.04503	0.00767	0.00223	0.00560	0.09567	0.00546	0.00775
5	0.00749	0.00540	0.00699	0.00807	0.00860	0.00501	0.00543	0.00867	0.01198	0.01597	0.09502	0.63630	0.08598	0.05792	0.00878	0.00255	0.00353	0.01586	0.00557	0.00490
6	0.07727	0.01184	0.01649	0.26084	0.11394	0.01387	0.01291	0.13898	0.01446	0.02059	0.03343	0.01805	0.04783	0.00963	0.03909	0.04045	0.11370	0.00575	0.00364	0.00727

[dist]
# distance from previous block
# <min> <max>
7	11

[block]
# block no. 8 follows, 38 sequences, length 34
# corresponding to MSA columns:
# 421-454
name=unknown_I
#
# <colnr> <probs for GDERKNQSTAVLIFYWHMCP>
#	G	D	E	R	K	N	Q	S	T	A	V	L	I	F	Y	W	H	M	C	P
0	0.01040	0.00729	0.00920	0.05908	0.01212	0.00735	0.00694	0.09656	0.01413	0.04411	0.06638	0.47368	0.07578	0.04055	0.00785	0.00233	0.00420	0.01316	0.04303	0.00587
1	0.01160	0.01130	0.02096	0.31823	0.07576	0.01198	0.22392	0.01514	0.01270	0.01677	0.01689	0.13097	0.03861	0.00871	0.00722	0.02661	0.00759	0.03480	0.00343	0.00681
