[name]
unknown

[dist]
# distance from previous block
# <min> <max>
15	113

[block]
# block no. 0 follows, 44 sequences, length 9
# corresponding to MSA columns:
# 243-251
name=unknown_A
#
# <colnr> <probs for GDERKNQSTAVLIFYWHMCP>
#	G	D	E	R	K	N	Q	S	T	A	V	L	I	F	Y	W	H	M	C	P
0	0.01524	0.01114	0.01173	0.00970	0.01297	0.05332	0.00765	0.21575	0.12793	0.11963	0.05176	0.05342	0.11411	0.03493	0.00620	0.00172	0.00474	0.00648	0.02995	0.11165
1	0.06858	0.01003	0.01201	0.02412	0.04551	0.01031	0.00800	0.13073	0.07242	0.11467	0.09337	0.04355	0.01571	0.05074	0.00744	0.00178	0.07469	0.00563	0.04004	0.17064
2	0.03750	0.08398	0.01455	0.01080	0.01445	0.08251	0.00877	0.25610	0.21625	0.07995	0.01900	0.01836	0.08454	0.00709	0.00524	0.00162	0.00534	0.00550	0.00488	0.04358
3	0.01790	0.01296	0.01442	0.14332	0.01881	0.08091	0.01004	0.30566	0.04158	0.17087	0.05201	0.01670	0.03346	0.00664	0.00542	0.00163	0.00587	0.00527	0.00486	0.05166
4	0.01593	0.02978	0.01314	0.05419	0.01507	0.05290	0.00862	0.19568	0.23464	0.12382	0.04332	0.01939	0.02975	0.07774	0.00735	0.00197	0.00522	0.00570	0.00495	0.06084
5	0.19279	0.01211	0.01242	0.01011	0.01350	0.01329	0.00806	0.40311	0.05430	0.02710	0.01366	0.06163	0.01161	0.09561	0.00751	0.00206	0.00520	0.00544	0.00465	0.04584
6	0.17721	0.01162	0.01731	0.08098	0.47797	0.01192	0.01312	0.01570	0.01161	0.01867	0.01210	0.01464	0.04958	0.00538	0.00497	0.00161	0.00573	0.00474	0.00298	0.06217
7	0.05893	0.01051	0.01187	0.01083	0.06218	0.01076	0.00790	0.27777	0.05148	0.02334	0.05909	0.10081	0.13127	0.04215	0.00644	0.00179	0.00462	0.00709	0.00471	0.11646
8	0.44976	0.08067	0.01084	0.00793	0.01137	0.01140	0.00662	0.05715	0.01210	0.16190	0.04839	0.01695	0.09231	0.00662	0.00435	0.00166	0.00431	0.00474	0.00431	0.00663

[dist]
# distance from previous block
# <min> <max>
0	1

[block]
# block no. 1 follows, 44 sequences, length 6
# corresponding to MSA columns:
# 253-258
name=unknown_B
#
# <colnr> <probs for GDERKNQSTAVLIFYWHMCP>
#	G	D	E	R	K	N	Q	S	T	A	V	L	I	F	Y	W	H	M	C	P
0	0.01365	0.01300	0.02216	0.08232	0.62586	0.01319	0.07131	0.05926	0.01311	0.01848	0.01044	0.01363	0.00855	0.00497	0.00548	0.00165	0.00670	0.00498	0.00284	0.00840
1	0.01912	0.06061	0.01655	0.01464	0.08299	0.36674	0.01068	0.21852	0.08613	0.05502	0.01164	0.01233	0.00894	0.00596	0.00511	0.00153	0.00756	0.00430	0.00391	0.00769
2	0.08649	0.01206	0.01806	0.09996	0.45862	0.01240	0.01354	0.09654	0.01336	0.01966	0.01258	0.01502	0.04811	0.00553	0.00519	0.00160	0.00594	0.00493	0.00319	0.06723
3	0.15229	0.01182	0.05186	0.01096	0.04825	0.03232	0.00859	0.19629	0.08768	0.12682	0.07593	0.08775	0.01623	0.06106	0.00679	0.00197	0.00502	0.00624	0.00480	0.00733
4	0.01262	0.00937	0.01118	0.01013	0.03320	0.00944	0.00761	0.18815	0.07642	0.05624	0.08707	0.24816	0.02213	0.01000	0.00614	0.00174	0.02496	0.03316	0.00491	0.14737
5	0.01242	0.01186	0.02019	0.28916	0.52709	0.01267	0.01620	0.01579	0.01191	0.01651	0.01007	0.01384	0.00818	0.00506	0.00542	0.00169	0.00674	0.00485	0.00261	0.00777

[dist]
# distance from previous block
# <min> <max>
7	19

[block]
# block no. 2 follows, 44 sequences, length 7
# corresponding to MSA columns:
# 279-285
name=unknown_C
#
# <colnr> <probs for GDERKNQSTAVLIFYWHMCP>
#	G	D	E	R	K	N	Q	S	T	A	V	L	I	F	Y	W	H	M	C	P
0	0.01841	0.01306	0.01433	0.01137	0.01501	0.01418	0.00919	0.57857	0.02242	0.07024	0.05128	0.09399	0.01456	0.03944	0.00653	0.00184	0.00546	0.00634	0.00542	0.00836
1	0.01274	0.01433	0.03006	0.02180	0.02656	0.01418	0.65330	0.01687	0.01225	0.01687	0.01050	0.01433	0.00812	0.00527	0.00800	0.00191	0.11684	0.00621	0.00271	0.00716
2	0.00949	0.00733	0.00768	0.00696	0.00887	0.00710	0.00514	0.15062	0.01396	0.01756	0.03882	0.04126	0.46112	0.18723	0.01094	0.00256	0.00393	0.00946	0.00475	0.00521
3	0.01344	0.01262	0.02099	0.14013	0.62800	0.01305	0.01615	0.05743	0.01293	0.01818	0.01033	0.01362	0.00848	0.00504	0.00541	0.00165	0.00656	0.00486	0.00281	0.00831
4	0.01288	0.01233	0.02103	0.17880	0.63382	0.01279	0.01643	0.01620	0.01213	0.01707	0.01015	0.01369	0.00837	0.00497	0.00541	0.00166	0.00663	0.00486	0.00265	0.00814
5	0.01577	0.01293	0.01365	0.01039	0.01483	0.05128	0.00840	0.32003	0.06174	0.02465	0.01176	0.01249	0.00902	0.00535	0.00475	0.00124	0.00515	0.00411	0.00426	0.40820
6	0.01399	0.01132	0.01280	0.12918	0.01712	0.05622	0.00890	0.17894	0.08644	0.06273	0.05152	0.07011	0.04911	0.00704	0.00526	0.00151	0.00517	0.00579	0.00432	0.22253

[dist]
# distance from previous block
# <min> <max>
4	5

[block]
# block no. 3 follows, 44 sequences, length 10
# corresponding to MSA columns:
# 291-300
name=unknown_D
#
# <colnr> <probs for GDERKNQSTAVLIFYWHMCP>
#	G	D	E	R	K	N	Q	S	T	A	V	L	I	F	Y	W	H	M	C	P
0	0.01965	0.01463	0.01578	0.01203	0.01645	0.01581	0.00992	0.67136	0.02400	0.03246	0.01270	0.01289	0.00913	0.00626	0.00529	0.00154	0.00577	0.00472	0.00520	0.10441
1	0.01238	0.01033	0.01188	0.00859	0.01338	0.00837	0.00691	0.09858	0.01294	0.01966	0.01008	0.01151	0.00821	0.00432	0.00420	0.00090	0.00426	0.00342	0.00348	0.74660
2	0.00726	0.00613	0.00646	0.00696	0.00811	0.04160	0.00492	0.00850	0.01179	0.01463	0.07649	0.40169	0.35623	0.01482	0.00661	0.00199	0.00327	0.01291	0.00500	0.00463
3	0.14748	0.15052	0.01672	0.01318	0.06049	0.43114	0.00992	0.03896	0.01349	0.01580	0.00853	0.01018	0.00718	0.00641	0.02596	0.00165	0.02943	0.00354	0.00288	0.00654
4	0.00947	0.00473	0.00710	0.00710	0.00710	0.00473	0.00473	0.00710	0.00710	0.00947	0.00947	0.01657	0.00947	0.01894	0.02131	0.84138	0.00473	0.00473	0.00237	0.00237
5	0.00905	0.00635	0.00703	0.00674	0.00723	0.00660	0.00413	0.04412	0.08057	0.01282	0.01747	0.03319	0.01904	0.69572	0.02462	0.00479	0.00523	0.00762	0.00361	0.00408
6	0.01130	0.00969	0.01130	0.00807	0.01292	0.00727	0.00646	0.01373	0.01130	0.01776	0.00969	0.01130	0.00807	0.00404	0.00404	0.00081	0.00404	0.00323	0.00323	0.84173
7	0.01030	0.00969	0.01635	0.79530	0.03755	0.01211	0.01514	0.01393	0.01090	0.01393	0.00969	0.01453	0.00727	0.00545	0.00545	0.00182	0.00727	0.00484	0.00242	0.00606
8	0.01310	0.01247	0.02081	0.12713	0.63637	0.01289	0.01604	0.01712	0.05786	0.01763	0.01091	0.01404	0.00895	0.00509	0.00541	0.00166	0.00644	0.00494	0.00284	0.00831
9	0.01373	0.01355	0.02141	0.07465	0.68809	0.05921	0.01627	0.01688	0.01251	0.01733	0.01011	0.01333	0.00846	0.00494	0.00537	0.00162	0.00672	0.00478	0.00269	0.00835

[dist]
# distance from previous block
# <min> <max>
0	1

[block]
# block no. 4 follows, 44 sequences, length 13
# corresponding to MSA columns:
# 302-314
name=unknown_E
#
# <colnr> <probs for GDERKNQSTAVLIFYWHMCP>
#	G	D	E	R	K	N	Q	S	T	A	V	L	I	F	Y	W	H	M	C	P
0	0.16904	0.00880	0.00934	0.00856	0.01098	0.00955	0.00670	0.01835	0.27810	0.04287	0.28553	0.02817	0.05624	0.00881	0.00556	0.00179	0.00366	0.03605	0.00529	0.00660
1	0.01380	0.64455	0.18890	0.01065	0.01604	0.01967	0.01164	0.01653	0.01117	0.01377	0.00805	0.00934	0.00698	0.00477	0.00386	0.00129	0.00631	0.00315	0.00233	0.00722
2	0.01948	0.01458	0.01568	0.01209	0.01640	0.01590	0.00993	0.64692	0.07495	0.03224	0.01344	0.01344	0.00968	0.00640	0.00535	0.00158	0.00573	0.00486	0.00528	0.07608
3	0.00780	0.00578	0.00845	0.00845	0.00932	0.00665	0.00643	0.00954	0.00867	0.01243	0.01489	0.02298	0.01431	0.12509	0.70353	0.00838	0.01358	0.00607	0.00296	0.00470
4	0.00695	0.00497	0.00668	0.00795	0.00840	0.00470	0.00560	0.00813	0.01074	0.01426	0.02988	0.69729	0.03538	0.01679	0.00704	0.00226	0.00343	0.11999	0.00505	0.00451
5	0.01418	0.01686	0.11521	0.02515	0.45780	0.15668	0.01516	0.01801	0.04900	0.01706	0.01151	0.01568	0.00982	0.00575	0.00541	0.00166	0.00711	0.04710	0.00294	0.00792
6	0.01030	0.00969	0.01635	0.79530	0.03755	0.01211	0.01514	0.01393	0.01090	0.01393	0.00969	0.01453	0.00727	0.00545	0.00545	0.00182	0.00727	0.00484	0.00242	0.00606
7	0.01349	0.01295	0.02213	0.03346	0.77440	0.01295	0.01673	0.01673	0.01241	0.01781	0.01025	0.01349	0.00864	0.00486	0.00540	0.00162	0.00648	0.00486	0.00270	0.00864
8	0.00647	0.00542	0.00563	0.00579	0.00743	0.00458	0.00426	0.00779	0.01217	0.01462	0.05197	0.14988	0.67688	0.01423	0.00651	0.00189	0.00281	0.01202	0.00506	0.00458
9	0.01296	0.01250	0.02161	0.15506	0.62638	0.01285	0.04614	0.01631	0.01219	0.01718	0.01020	0.01371	0.00840	0.00494	0.00545	0.00166	0.00671	0.00492	0.00266	0.00817
10	0.00948	0.00792	0.01178	0.08836	0.10943	0.00879	0.00997	0.01162	0.01124	0.01522	0.02173	0.22184	0.02371	0.01252	0.00847	0.00224	0.12341	0.29260	0.00410	0.00557
11	0.00664	0.00474	0.00633	0.00759	0.00791	0.00443	0.00506	0.00759	0.01044	0.01392	0.03005	0.80485	0.03606	0.01708	0.00696	0.00221	0.00316	0.01550	0.00506	0.00443
12	0.01266	0.01430	0.03088	0.08588	0.02923	0.01365	0.69437	0.01718	0.01271	0.01718	0.01092	0.01469	0.00819	0.00467	0.00635	0.00184	0.00903	0.00630	0.00273	0.00725

[dist]
# distance from previous block
# <min> <max>
0	1

[block]
# block no. 5 follows, 44 sequences, length 56
# corresponding to MSA columns:
# 316-371
name=unknown_F
#
# <colnr> <probs for GDERKNQSTAVLIFYWHMCP>
#	G	D	E	R	K	N	Q	S	T	A	V	L	I	F	Y	W	H	M	C	P
0	0.01105	0.05211	0.75722	0.01535	0.02330	0.01293	0.01981	0.01724	0.01150	0.01713	0.00972	0.01143	0.00691	0.00516	0.00513	0.00171	0.00799	0.00399	0.00230	0.00802
1	0.03677	0.00697	0.00845	0.03077	0.01021	0.00687	0.00601	0.03095	0.09299	0.07496	0.47705	0.03553	0.12423	0.01018	0.00607	0.00173	0.00319	0.00877	0.02240	0.00588
2	0.26134	0.51508	0.04303	0.00905	0.01338	0.03640	0.00867	0.03383	0.01100	0.01692	0.00779	0.00898	0.00672	0.00486	0.00359	0.00135	0.00551	0.00302	0.00272	0.00674
3	0.84691	0.01054	0.00801	0.00717	0.01054	0.01223	0.00590	0.01603	0.00928	0.02446	0.00759	0.00886	0.00590	0.00506	0.00337	0.00169	0.00422	0.00295	0.00337	0.00590
4	0.00857	0.00618	0.00851	0.00968	0.01095	0.00611	0.00838	0.01097	0.01248	0.01614	0.03054	0.08380	0.07743	0.01504	0.00745	0.00246	0.00482	0.67048	0.00502	0.00498
5	0.01848	0.02169	0.01500	0.03727	0.01689	0.54633	0.01037	0.06343	0.15351	0.01626	0.01121	0.01218	0.00893	0.00615	0.00561	0.00155	0.04065	0.00417	0.00343	0.00689
6	0.01416	0.00947	0.01296	0.01098	0.01363	0.00945	0.08920	0.21550	0.01571	0.14888	0.02191	0.37010	0.02192	0.01110	0.00624	0.00193	0.00484	0.00993	0.00520	0.00688
7	0.01586	0.01285	0.01362	0.01156	0.01505	0.01463	0.00918	0.26211	0.52767	0.02651	0.01927	0.01802	0.01428	0.00712	0.00552	0.00178	0.00485	0.00576	0.00552	0.00884
8	0.00664	0.00474	0.00633	0.00759	0.00791	0.00443	0.00506	0.00759	0.01044	0.01392	0.03005	0.80485	0.03606	0.01708	0.00696	0.00221	0.00316	0.01550	0.00506	0.00443
9	0.03648	0.64787	0.02560	0.00992	0.01376	0.02008	0.00948	0.01566	0.01077	0.01347	0.03208	0.01024	0.00842	0.00559	0.00568	0.00137	0.12087	0.00341	0.00249	0.00676
10	0.01143	0.07872	0.63403	0.01608	0.02358	0.01340	0.11369	0.01723	0.01166	0.01699	0.00980	0.01174	0.00709	0.00507	0.00523	0.00170	0.00805	0.00426	0.00236	0.00790
11	0.01356	0.01171	0.01233	0.01109	0.01418	0.01356	0.00863	0.02897	0.76455	0.02281	0.02219	0.02034	0.01664	0.00740	0.00555	0.00185	0.00431	0.00616	0.00555	0.00863
12	0.00664	0.00474	0.00633	0.00759	0.00791	0.00443	0.00506	0.00759	0.01044	0.01392	0.03005	0.80485	0.03606	0.01708	0.00696	0.00221	0.00316	0.01550	0.00506	0.00443
13	0.74522	0.05932	0.05742	0.00782	0.01156	0.01281	0.00700	0.01612	0.00952	0.02332	0.00773	0.00902	0.00603	0.00504	0.00349	0.00166	0.00455	0.00302	0.00324	0.00610
14	0.04137	0.49635	0.02320	0.01085	0.01495	0.22388	0.00965	0.09493	0.01370	0.01555	0.00838	0.00949	0.00721	0.00513	0.00407	0.00129	0.00686	0.00328	0.00282	0.00702
15	0.02157	0.01305	0.01488	0.01150	0.01574	0.01372	0.00947	0.46851	0.06501	0.28409	0.01645	0.01535	0.01112	0.00666	0.00547	0.00167	0.00544	0.00517	0.00589	0.00924
16	0.01976	0.02496	0.01544	0.01446	0.03930	0.73868	0.01060	0.02124	0.01515	0.01345	0.00868	0.01031	0.00728	0.00671	0.02968	0.00164	0.00988	0.00363	0.00281	0.00634
17	0.01099	0.00935	0.01096	0.00804	0.01258	0.00707	0.00636	0.01331	0.01125	0.01750	0.01109	0.06573	0.00999	0.00493	0.00424	0.00090	0.00398	0.00407	0.00336	0.78430
18	0.01193	0.01193	0.01670	0.01431	0.01431	0.01670	0.01193	0.01312	0.00835	0.01312	0.00716	0.01193	0.00716	0.00954	0.01789	0.00239	0.79843	0.00477	0.00239	0.00596
19	0.00779	0.00582	0.00868	0.00868	0.00962	0.00677	0.00671	0.00968	0.00874	0.01259	0.01468	0.02184	0.01381	0.06346	0.76448	0.00866	0.01433	0.00590	0.00293	0.00482
20	0.01566	0.01116	0.01179	0.00980	0.01287	0.01232	0.00785	0.34781	0.19234	0.02715	0.01671	0.01710	0.01250	0.00668	0.00495	0.00157	0.00449	0.00526	0.27423	0.00777
21	0.01078	0.01019	0.01723	0.67970	0.14936	0.01224	0.01538	0.01435	0.01113	0.01452	0.00978	0.01438	0.00748	0.00536	0.00544	0.00179	0.00715	0.00485	0.00246	0.00645
22	0.00767	0.00569	0.00723	0.00719	0.00858	0.00525	0.00563	0.01001	0.01433	0.01949	0.49902	0.04678	0.18381	0.01237	0.00664	0.00189	0.00306	0.14469	0.00564	0.00502
23	0.01182	0.00796	0.07173	0.00872	0.01081	0.00613	0.00709	0.01369	0.01244	0.21679	0.10744	0.44827	0.02939	0.01272	0.00636	0.00198	0.00389	0.01129	0.00538	0.00609
24	0.01039	0.00979	0.01653	0.77187	0.06021	0.01214	0.01519	0.01402	0.01095	0.01405	0.00971	0.01450	0.00731	0.00543	0.00545	0.00181	0.00724	0.00485	0.00243	0.00614
25	0.01093	0.02820	0.78016	0.01554	0.02360	0.01266	0.02014	0.01727	0.01151	0.01727	0.00978	0.01151	0.00691	0.00518	0.00518	0.00173	0.00806	0.00403	0.00230	0.00806
26	0.01342	0.01315	0.02323	0.03231	0.69259	0.01304	0.09765	0.01681	0.01246	0.01777	0.01034	0.01363	0.00860	0.00483	0.00551	0.00164	0.00677	0.00503	0.00271	0.00849
27	0.00733	0.00581	0.00675	0.00723	0.00885	0.00523	0.00590	0.00913	0.01247	0.01533	0.04527	0.05588	0.49244	0.01428	0.00685	0.00209	0.00361	0.28573	0.00505	0.00476
28	0.02446	0.00928	0.01265	0.00970	0.01392	0.00801	0.00801	0.02657	0.01560	0.77817	0.02151	0.01856	0.01350	0.00675	0.00548	0.00169	0.00464	0.00548	0.00675	0.00928
29	0.01879	0.00812	0.01086	0.00877	0.01203	0.00717	0.00707	0.02127	0.02959	0.51824	0.24887	0.02605	0.04211	0.00825	0.00579	0.00170	0.00397	0.00695	0.00646	0.00791
30	0.01133	0.01067	0.01808	0.61266	0.13491	0.01253	0.05973	0.04669	0.01186	0.01555	0.00999	0.01434	0.00760	0.00537	0.00550	0.00178	0.00722	0.00495	0.00261	0.00662
31	0.01141	0.07311	0.71608	0.01510	0.02286	0.01329	0.01925	0.03719	0.01187	0.01747	0.00975	0.01139	0.00698	0.00519	0.00509	0.00169	0.00787	0.00399	0.00239	0.00803
32	0.02446	0.00928	0.01265	0.00970	0.01392	0.00801	0.00801	0.02657	0.01560	0.77817	0.02151	0.01856	0.01350	0.00675	0.00548	0.00169	0.00464	0.00548	0.00675	0.00928
33	0.02446	0.00928	0.01265	0.00970	0.01392	0.00801	0.00801	0.02657	0.01560	0.77817	0.02151	0.01856	0.01350	0.00675	0.00548	0.00169	0.00464	0.00548	0.00675	0.00928
34	0.12054	0.02992	0.01872	0.20175	0.04541	0.02818	0.17293	0.03885	0.01107	0.01688	0.00946	0.01311	0.00768	0.00634	0.00856	0.00190	0.21681	0.00487	0.04055	0.00646
35	0.01320	0.01229	0.02089	0.16624	0.62690	0.01269	0.01624	0.01648	0.01223	0.03564	0.01043	0.01380	0.00851	0.00501	0.00541	0.00166	0.00657	0.00487	0.00275	0.00820
36	0.02354	0.00907	0.01236	0.00954	0.01360	0.00785	0.00785	0.02567	0.01559	0.73644	0.06289	0.01978	0.01559	0.00699	0.00553	0.00169	0.00452	0.00572	0.00671	0.00905
37	0.00878	0.00644	0.00861	0.00955	0.01089	0.00645	0.00812	0.01192	0.05669	0.01689	0.08135	0.09257	0.06803	0.01438	0.00726	0.00237	0.00461	0.57479	0.00512	0.00519
38	0.01128	0.06597	0.69036	0.01627	0.06046	0.01314	0.03415	0.01720	0.01156	0.01708	0.00972	0.01154	0.00702	0.00513	0.00513	0.00170	0.00789	0.00406	0.00233	0.00802
39	0.02139	0.02789	0.01231	0.00957	0.01328	0.00839	0.00777	0.02444	0.07552	0.61521	0.02217	0.10470	0.01607	0.00788	0.00560	0.00175	0.00448	0.00658	0.00636	0.00864
40	0.01041	0.00981	0.01666	0.72837	0.03584	0.01215	0.03822	0.01386	0.01080	0.01392	0.00965	0.01450	0.00734	0.00585	0.00623	0.02034	0.03270	0.00489	0.00243	0.00601
41	0.01309	0.01254	0.02140	0.13015	0.68088	0.01285	0.01653	0.01638	0.01222	0.01732	0.01018	0.01363	0.00846	0.00493	0.00540	0.00164	0.00658	0.00486	0.00266	0.00831
42	0.02399	0.00938	0.01264	0.00976	0.01393	0.00825	0.00804	0.02667	0.04807	0.74543	0.02154	0.01863	0.01363	0.00678	0.00549	0.00169	0.00462	0.00551	0.00670	0.00925
43	0.02415	0.00935	0.01264	0.00974	0.01392	0.00817	0.00803	0.02664	0.03692	0.75668	0.02153	0.01861	0.01358	0.00677	0.00548	0.00169	0.00463	0.00550	0.00671	0.00926
44	0.00748	0.00534	0.00729	0.00855	0.00923	0.00515	0.00652	0.00904	0.01126	0.01485	0.02959	0.51438	0.03423	0.01629	0.00718	0.00233	0.00389	0.29770	0.00504	0.00466
45	0.00761	0.00557	0.00714	0.00675	0.00808	0.00510	0.00506	0.01009	0.01519	0.02128	0.71271	0.04169	0.11061	0.01136	0.00643	0.00173	0.00259	0.00999	0.00592	0.00510
46	0.01093	0.02820	0.78016	0.01554	0.02360	0.01266	0.02014	0.01727	0.01151	0.01727	0.00978	0.01151	0.00691	0.00518	0.00518	0.00173	0.00806	0.00403	0.00230	0.00806
47	0.02446	0.00928	0.01265	0.00970	0.01392	0.00801	0.00801	0.02657	0.01560	0.77817	0.02151	0.01856	0.01350	0.00675	0.00548	0.00169	0.00464	0.00548	0.00675	0.00928
48	0.02072	0.01527	0.01636	0.01254	0.01691	0.01691	0.01036	0.75622	0.02563	0.03436	0.01309	0.01309	0.00927	0.00654	0.00545	0.00164	0.00600	0.00491	0.00545	0.00927
49	0.00947	0.00473	0.00710	0.00710	0.00710	0.00473	0.00473	0.00710	0.00710	0.00947	0.00947	0.01657	0.00947	0.01894	0.02131	0.84138	0.00473	0.00473	0.00237	0.00237
50	0.01072	0.00562	0.00567	0.00547	0.00691	0.00570	0.00416	0.05177	0.01218	0.02106	0.01754	0.01995	0.01373	0.00636	0.00390	0.00129	0.00272	0.00507	0.79489	0.00530
51	0.01046	0.00986	0.01665	0.75584	0.07571	0.01216	0.01522	0.01407	0.01098	0.01413	0.00972	0.01448	0.00734	0.00542	0.00545	0.00181	0.00723	0.00485	0.00244	0.00619
52	0.00644	0.00552	0.00552	0.00552	0.00736	0.00460	0.00414	0.00782	0.01243	0.01473	0.05523	0.05247	0.77218	0.01381	0.00644	0.00184	0.00276	0.01151	0.00506	0.00460
53	0.00664	0.00474	0.00633	0.00759	0.00791	0.00443	0.00506	0.00759	0.01044	0.01392	0.03005	0.80485	0.03606	0.01708	0.00696	0.00221	0.00316	0.01550	0.00506	0.00443
54	0.03540	0.01234	0.02225	0.34417	0.09436	0.03027	0.27746	0.01558	0.01155	0.01573	0.00990	0.01400	0.00769	0.00546	0.00687	0.00185	0.08047	0.00532	0.00260	0.00673
55	0.02362	0.00962	0.01274	0.00988	0.01402	0.00865	0.00813	0.04885	0.06586	0.70524	0.02130	0.01851	0.01358	0.00678	0.00549	0.00170	0.00466	0.00551	0.00663	0.00923

[dist]
# distance from previous block
# <min> <max>
0	1

[block]
# block no. 6 follows, 44 sequences, length 42
# corresponding to MSA columns:
# 373-414
name=unknown_G
#
# <colnr> <probs for GDERKNQSTAVLIFYWHMCP>
#	G	D	E	R	K	N	Q	S	T	A	V	L	I	F	Y	W	H	M	C	P
0	0.02405	0.00994	0.01306	0.01001	0.01425	0.00899	0.00827	0.10678	0.01671	0.69641	0.02058	0.01796	0.01303	0.00673	0.00548	0.00168	0.00479	0.00542	0.00661	0.00928
1	0.03594	0.00972	0.01610	0.77114	0.03672	0.01212	0.01486	0.01399	0.01085	0.01425	0.00963	0.01436	0.00723	0.00544	0.00539	0.00181	0.00717	0.00479	0.00245	0.00605
2	0.00644	0.00552	0.00552	0.00552	0.00736	0.00460	0.00414	0.00782	0.01243	0.01473	0.05523	0.05247	0.77218	0.01381	0.00644	0.00184	0.00276	0.01151	0.00506	0.00460
3	0.01275	0.08628	0.09692	0.05323	0.04560	0.04985	0.36252	0.01655	0.01226	0.01675	0.01010	0.01285	0.00789	0.00463	0.00538	0.00151	0.00752	0.00493	0.00276	0.18973
4	0.01820	0.01504	0.01436	0.03977	0.03247	0.14416	0.00957	0.44848	0.03843	0.02711	0.01312	0.01398	0.00977	0.00630	0.00509	0.00155	0.00608	0.00473	0.14385	0.00793
5	0.01315	0.08468	0.02143	0.02902	0.63628	0.01319	0.01509	0.01641	0.03129	0.01723	0.01161	0.06483	0.01048	0.00570	0.00533	0.00162	0.00615	0.00541	0.00289	0.00821
6	0.01220	0.16288	0.57357	0.01491	0.03649	0.05861	0.03519	0.01736	0.01171	0.01629	0.00936	0.01105	0.00700	0.00510	0.00491	0.00161	0.00777	0.00388	0.00235	0.00777
7	0.02446	0.00928	0.01265	0.00970	0.01392	0.00801	0.00801	0.02657	0.01560	0.77817	0.02151	0.01856	0.01350	0.00675	0.00548	0.00169	0.00464	0.00548	0.00675	0.00928
8	0.02879	0.04203	0.70242	0.01577	0.05105	0.01272	0.01921	0.01743	0.01159	0.03585	0.01000	0.01165	0.00711	0.00519	0.00512	0.00171	0.00779	0.00405	0.00245	0.00804
9	0.01691	0.05109	0.21102	0.01274	0.01773	0.02566	0.07797	0.08131	0.11034	0.27493	0.01654	0.05326	0.01208	0.00660	0.00547	0.00172	0.00606	0.00557	0.00465	0.00832
10	0.00896	0.04594	0.07503	0.05663	0.04743	0.00817	0.11095	0.01134	0.01149	0.01550	0.08542	0.37218	0.03924	0.03791	0.00709	0.00209	0.00500	0.04987	0.00416	0.00558
11	0.00731	0.00525	0.00708	0.02507	0.00917	0.00508	0.00599	0.00863	0.01083	0.01435	0.04110	0.55166	0.03346	0.07380	0.00856	0.00249	0.00381	0.17693	0.00488	0.00453
12	0.01060	0.01455	0.28418	0.01113	0.01512	0.00879	0.03344	0.06182	0.01249	0.07319	0.02341	0.27816	0.11428	0.01104	0.02058	0.00203	0.00555	0.00901	0.00412	0.00652
13	0.01412	0.01447	0.05370	0.08018	0.60205	0.08284	0.01595	0.01732	0.01265	0.03997	0.01037	0.01330	0.00847	0.00504	0.00535	0.00162	0.00685	0.00472	0.00279	0.00825
14	0.02370	0.00942	0.01263	0.00973	0.01385	0.00832	0.00802	0.05927	0.01606	0.71739	0.04776	0.01909	0.01465	0.00689	0.00551	0.00169	0.00463	0.00561	0.00666	0.00913
15	0.01132	0.06567	0.59657	0.01702	0.10384	0.01282	0.03642	0.01682	0.01168	0.01704	0.01084	0.01453	0.00853	0.00567	0.00528	0.00173	0.00762	0.04619	0.00251	0.00787
16	0.01316	0.01267	0.03771	0.05181	0.48257	0.07839	0.01357	0.01585	0.01241	0.05120	0.02876	0.13206	0.01379	0.02466	0.00610	0.00178	0.00616	0.00650	0.00330	0.00755
17	0.04367	0.06115	0.01378	0.09433	0.01585	0.06687	0.00896	0.12878	0.11043	0.19170	0.01522	0.01764	0.01184	0.09722	0.02805	0.00227	0.05303	0.00526	0.02665	0.00730
18	0.02214	0.01052	0.04152	0.01009	0.01424	0.00918	0.00857	0.12502	0.01681	0.58907	0.07800	0.01926	0.01561	0.00700	0.00554	0.00168	0.00479	0.00569	0.00635	0.00891
19	0.01734	0.01039	0.05497	0.00979	0.01328	0.00936	0.00822	0.06880	0.17413	0.35578	0.14155	0.02319	0.03376	0.04601	0.00671	0.00190	0.00451	0.00644	0.00584	0.00803
20	0.01125	0.06793	0.70281	0.01613	0.06123	0.01314	0.01941	0.01719	0.01153	0.01706	0.00969	0.01147	0.00700	0.00514	0.00510	0.00169	0.00786	0.00401	0.00232	0.00803
21	0.02446	0.00928	0.01265	0.00970	0.01392	0.00801	0.00801	0.02657	0.01560	0.77817	0.02151	0.01856	0.01350	0.00675	0.00548	0.00169	0.00464	0.00548	0.00675	0.00928
22	0.00793	0.00529	0.00595	0.00595	0.00595	0.00529	0.00330	0.00793	0.00793	0.01057	0.01718	0.03568	0.01982	0.80840	0.02775	0.00529	0.00529	0.00793	0.00330	0.00330
23	0.03245	0.02662	0.72304	0.01494	0.02251	0.01226	0.01905	0.01677	0.01140	0.01729	0.01070	0.04943	0.00828	0.00575	0.00522	0.00175	0.00772	0.00455	0.00246	0.00783
24	0.02001	0.01279	0.13951	0.01137	0.03355	0.00966	0.01028	0.07224	0.05772	0.49260	0.04521	0.01788	0.01354	0.00764	0.02876	0.00191	0.00554	0.00539	0.00562	0.00875
25	0.02446	0.00928	0.01265	0.00970	0.01392	0.00801	0.00801	0.02657	0.01560	0.77817	0.02151	0.01856	0.01350	0.00675	0.00548	0.00169	0.00464	0.00548	0.00675	0.00928
26	0.06913	0.01226	0.04153	0.18397	0.10224	0.01306	0.05350	0.09558	0.28050	0.06904	0.01522	0.01613	0.01130	0.00619	0.00539	0.00177	0.00577	0.00530	0.00422	0.00791
27	0.02084	0.01048	0.06705	0.00996	0.01403	0.00854	0.00864	0.04989	0.04807	0.57326	0.09225	0.03956	0.01719	0.00733	0.00559	0.00171	0.00468	0.00605	0.00622	0.00865
28	0.00819	0.00631	0.00824	0.00939	0.05324	0.00599	0.00693	0.02544	0.01288	0.01679	0.14267	0.16514	0.23244	0.01370	0.00683	0.00210	0.00388	0.26967	0.00506	0.00513
29	0.84691	0.01054	0.00801	0.00717	0.01054	0.01223	0.00590	0.01603	0.00928	0.02446	0.00759	0.00886	0.00590	0.00506	0.00337	0.00169	0.00422	0.00295	0.00337	0.00590
30	0.00768	0.00557	0.00723	0.00682	0.00812	0.00513	0.00511	0.01021	0.01534	0.02165	0.75016	0.04107	0.07293	0.01122	0.00643	0.00172	0.00258	0.00991	0.00597	0.00513
31	0.00743	0.00602	0.00674	0.00696	0.00870	0.00549	0.00554	0.00985	0.05100	0.01584	0.07916	0.05248	0.52259	0.01366	0.00666	0.00200	0.00338	0.18645	0.00512	0.00493
32	0.00845	0.00606	0.00838	0.00954	0.01071	0.00599	0.00812	0.01076	0.01242	0.01622	0.05751	0.14177	0.05147	0.01510	0.00740	0.00243	0.00467	0.61298	0.00506	0.00495
33	0.00876	0.00723	0.00937	0.00909	0.00992	0.04295	0.00693	0.01032	0.00891	0.01242	0.01403	0.02213	0.01365	0.14920	0.57004	0.00734	0.08404	0.00594	0.00292	0.00480
34	0.01435	0.76245	0.07580	0.00972	0.01460	0.02101	0.01001	0.01638	0.01110	0.01311	0.00772	0.00892	0.00699	0.00470	0.00360	0.00120	0.00597	0.00299	0.00233	0.00706
35	0.01017	0.00916	0.01336	0.16305	0.23473	0.00956	0.01064	0.01424	0.10422	0.01644	0.02642	0.09861	0.22196	0.00922	0.00593	0.00183	0.00499	0.03499	0.00394	0.00653
36	0.01178	0.01011	0.01222	0.00877	0.01361	0.00792	0.03117	0.04762	0.01201	0.01851	0.00989	0.01150	0.00814	0.00417	0.00418	0.00088	0.00430	0.00341	0.00332	0.77650
37	0.05661	0.47764	0.02265	0.01100	0.01490	0.30900	0.00962	0.01836	0.01264	0.01358	0.00790	0.00916	0.00695	0.00504	0.00403	0.00128	0.00726	0.00314	0.00256	0.00669
38	0.01158	0.00702	0.00775	0.05700	0.01018	0.00731	0.00563	0.11564	0.01323	0.02136	0.01616	0.01888	0.01273	0.02317	0.02339	0.00160	0.00373	0.00503	0.59486	0.04374
39	0.01488	0.01160	0.01348	0.01010	0.01465	0.01081	0.02774	0.23228	0.07854	0.05760	0.01230	0.01300	0.00939	0.00519	0.00471	0.00120	0.00480	0.00415	0.00422	0.46936
40	0.01217	0.01194	0.03444	0.35132	0.12431	0.02801	0.14323	0.07120	0.03205	0.01669	0.01117	0.04387	0.00915	0.00647	0.00689	0.02936	0.05252	0.00551	0.00293	0.00678
41	0.01352	0.01292	0.02218	0.10399	0.47389	0.01316	0.14234	0.07998	0.02890	0.01881	0.01194	0.01488	0.02760	0.00529	0.00561	0.00169	0.00684	0.00532	0.00303	0.00811

[dist]
# distance from previous block
# <min> <max>
11	15

[block]
# block no. 7 follows, 44 sequences, length 34
# corresponding to MSA columns:
# 431-464
name=unknown_H
#
# <colnr> <probs for GDERKNQSTAVLIFYWHMCP>
#	G	D	E	R	K	N	Q	S	T	A	V	L	I	F	Y	W	H	M	C	P
0	0.01338	0.01172	0.01326	0.03202	0.02985	0.01333	0.03424	0.02750	0.68272	0.02215	0.02089	0.01960	0.01571	0.00710	0.00553	0.00181	0.00459	0.00603	0.00525	0.03331
1	0.01174	0.01165	0.01634	0.01406	0.01411	0.01625	0.01170	0.01297	0.00837	0.01310	0.00749	0.01236	0.00745	0.01096	0.05258	0.00267	0.76306	0.00482	0.00241	0.00591
2	0.03500	0.01221	0.01509	0.01692	0.21576	0.02813	0.01076	0.05577	0.42910	0.09450	0.01796	0.01757	0.01346	0.00653	0.00543	0.00175	0.00510	0.00557	0.00480	0.00861
3	0.00762	0.00555	0.00702	0.00666	0.00790	0.00511	0.00491	0.00988	0.01456	0.02031	0.64632	0.04139	0.11431	0.07502	0.00813	0.00201	0.00281	0.00985	0.00570	0.00495
4	0.01411	0.01146	0.01342	0.16341	0.01884	0.01317	0.00995	0.11700	0.46735	0.05698	0.01960	0.01921	0.03703	0.00708	0.00554	0.00181	0.00507	0.00588	0.00497	0.00812
5	0.02218	0.00979	0.01258	0.00999	0.01397	0.00917	0.00814	0.02707	0.17240	0.62003	0.02165	0.01893	0.01415	0.00688	0.00550	0.00172	0.00457	0.00563	0.00650	0.00914
6	0.02024	0.01503	0.01609	0.01245	0.01672	0.01668	0.01025	0.70748	0.07515	0.03358	0.01370	0.01357	0.00977	0.00660	0.00546	0.00165	0.00589	0.00499	0.00546	0.00923
7	0.00787	0.00530	0.00593	0.00593	0.00601	0.00526	0.00334	0.00792	0.00812	0.01075	0.01879	0.03639	0.05161	0.77483	0.02685	0.00514	0.00518	0.00808	0.00338	0.00336
8	0.01155	0.09665	0.60023	0.01610	0.02347	0.01363	0.12946	0.01721	0.01168	0.01690	0.00977	0.01174	0.00712	0.00505	0.00522	0.00169	0.00803	0.00429	0.00237	0.00786
9	0.01356	0.01171	0.01233	0.01109	0.01418	0.01356	0.00863	0.02897	0.76455	0.02281	0.02219	0.02034	0.01664	0.00740	0.00555	0.00185	0.00431	0.00616	0.00555	0.00863
10	0.07573	0.01036	0.05290	0.00985	0.01421	0.00852	0.00852	0.02541	0.01499	0.69034	0.02001	0.01757	0.01267	0.00656	0.00533	0.00169	0.00479	0.00525	0.00630	0.00900
11	0.00793	0.00529	0.00595	0.00595	0.00595	0.00529	0.00330	0.00793	0.00793	0.01057	0.01718	0.03568	0.01982	0.80840	0.02775	0.00529	0.00529	0.00793	0.00330	0.00330
12	0.01180	0.18350	0.57721	0.01483	0.02203	0.01452	0.07008	0.01709	0.01152	0.01639	0.00943	0.01119	0.00702	0.00504	0.00493	0.00162	0.00769	0.00398	0.00234	0.00780
13	0.00772	0.00557	0.00729	0.00686	0.00814	0.00514	0.00514	0.01029	0.01543	0.02186	0.77152	0.04072	0.05144	0.01115	0.00643	0.00171	0.00257	0.00986	0.00600	0.00514
14	0.01458	0.81168	0.02857	0.00933	0.01399	0.02157	0.00933	0.01632	0.01108	0.01283	0.00758	0.00875	0.00700	0.00466	0.00350	0.00117	0.00583	0.00292	0.00233	0.00700
15	0.01240	0.01155	0.01942	0.12228	0.57050	0.01185	0.01535	0.01558	0.01225	0.01712	0.01298	0.02083	0.01188	0.00646	0.00572	0.00178	0.00635	0.11491	0.00301	0.00778
16	0.04917	0.02375	0.54297	0.01717	0.02433	0.01295	0.21819	0.01726	0.01178	0.01764	0.01002	0.01225	0.00723	0.00502	0.00544	0.00175	0.00819	0.00463	0.00247	0.00777
17	0.00772	0.00557	0.00729	0.00686	0.00814	0.00514	0.00514	0.01029	0.01543	0.02186	0.77152	0.04072	0.05144	0.01115	0.00643	0.00171	0.00257	0.00986	0.00600	0.00514
18	0.02378	0.00979	0.01305	0.01005	0.01414	0.00893	0.00831	0.07788	0.01608	0.70033	0.02044	0.01795	0.01299	0.00682	0.00589	0.00171	0.03077	0.00542	0.00651	0.00917
19	0.02270	0.01021	0.03781	0.01003	0.01422	0.00882	0.00847	0.05633	0.06512	0.65257	0.04071	0.01880	0.01432	0.00685	0.00550	0.00170	0.00473	0.00557	0.00645	0.00909
20	0.02399	0.00917	0.01250	0.00962	0.01375	0.00793	0.00793	0.02611	0.01560	0.75690	0.04260	0.01918	0.01456	0.00687	0.00551	0.00169	0.00458	0.00561	0.00673	0.00916
21	0.00761	0.00549	0.00719	0.00693	0.00812	0.00507	0.00514	0.01002	0.01493	0.02107	0.69757	0.11693	0.04991	0.01174	0.00648	0.00176	0.00263	0.01042	0.00591	0.00507
22	0.01349	0.01295	0.02213	0.03346	0.77440	0.01295	0.01673	0.01673	0.01241	0.01781	0.01025	0.01349	0.00864	0.00486	0.00540	0.00162	0.00648	0.00486	0.00270	0.00864
23	0.01574	0.01110	0.01448	0.05282	0.13787	0.01170	0.02858	0.07563	0.30827	0.18774	0.05434	0.02002	0.04285	0.00703	0.00559	0.00175	0.00498	0.00602	0.00513	0.00835
24	0.02446	0.00928	0.01265	0.00970	0.01392	0.00801	0.00801	0.02657	0.01560	0.77817	0.02151	0.01856	0.01350	0.00675	0.00548	0.00169	0.00464	0.00548	0.00675	0.00928
25	0.00757	0.00514	0.00605	0.00640	0.00649	0.00505	0.00379	0.00784	0.00862	0.01149	0.02072	0.24745	0.02429	0.59053	0.02202	0.00444	0.00470	0.01001	0.00379	0.00361
26	0.00943	0.00659	0.00793	0.02504	0.00979	0.00628	0.00577	0.01290	0.09715	0.08525	0.30427	0.11769	0.25363	0.01168	0.00631	0.00183	0.00322	0.02402	0.00554	0.00568
27	0.01129	0.01093	0.01798	0.43230	0.20397	0.03168	0.08095	0.01483	0.02907	0.01530	0.01338	0.02966	0.05625	0.00626	0.00592	0.01835	0.00686	0.00558	0.00281	0.00665
28	0.00664	0.00474	0.00633	0.00759	0.00791	0.00443	0.00506	0.00759	0.01044	0.01392	0.03005	0.80485	0.03606	0.01708	0.00696	0.00221	0.00316	0.01550	0.00506	0.00443
29	0.06011	0.00969	0.01267	0.00976	0.01395	0.00872	0.00806	0.06925	0.01592	0.70133	0.02040	0.01781	0.01291	0.00666	0.00539	0.00168	0.00470	0.00534	0.00652	0.00913
30	0.01832	0.04754	0.01586	0.03356	0.03483	0.52575	0.01064	0.07520	0.06457	0.01573	0.00977	0.01133	0.00800	0.00615	0.00623	0.00155	0.08644	0.00399	0.01783	0.00671
31	0.01307	0.00809	0.00861	0.02694	0.01018	0.00861	0.00600	0.22453	0.01544	0.02397	0.01661	0.04179	0.01313	0.00671	0.00442	0.00142	0.00366	0.00534	0.55520	0.00628
32	0.01444	0.01098	0.01233	0.00923	0.01377	0.02977	0.00742	0.11894	0.06414	0.10387	0.01226	0.01291	0.00938	0.00495	0.00452	0.00110	0.00455	0.00391	0.00407	0.55746
33	0.01875	0.11482	0.01689	0.01149	0.01569	0.01623	0.00964	0.55291	0.05575	0.04385	0.01401	0.01408	0.02776	0.00644	0.00514	0.00156	0.00563	0.00484	0.03015	0.03438

[dist]
# distance from previous block
# <min> <max>
5	11

[block]
# block no. 8 follows, 44 sequences, length 15
# corresponding to MSA columns:
# 476-490
name=unknown_I
#
# <colnr> <probs for GDERKNQSTAVLIFYWHMCP>
#	G	D	E	R	K	N	Q	S	T	A	V	L	I	F	Y	W	H	M	C	P
0	0.06105	0.34228	0.43294	0.01255	0.01897	0.01622	0.01496	0.01681	0.01121	0.01590	0.00877	0.01024	0.00688	0.00497	0.00440	0.00150	0.00694	0.00352	0.00238	0.00751
1	0.00682	0.00487	0.00652	0.00772	0.00813	0.00457	0.00530	0.00792	0.01075	0.01435	0.05583	0.73022	0.03629	0.01674	0.00698	0.00222	0.00326	0.06192	0.00509	0.00449
2	0.00670	0.00479	0.00638	0.00755	0.00792	0.00447	0.00507	0.00773	0.01070	0.01434	0.06928	0.76441	0.03687	0.01677	0.00693	0.00219	0.00313	0.01520	0.00511	0.00447
3	0.01071	0.00895	0.01464	0.29825	0.10433	0.01005	0.06802	0.03393	0.01053	0.01431	0.01171	0.06178	0.01067	0.05584	0.01084	0.17806	0.04944	0.00575	0.03673	0.00546
4	0.01345	0.01319	0.02027	0.13978	0.57437	0.05943	0.01561	0.01742	0.06093	0.01731	0.01083	0.01386	0.00886	0.00515	0.00539	0.00165	0.00665	0.00486	0.00285	0.00813
5	0.00644	0.00552	0.00552	0.00552	0.00736	0.00460	0.00414	0.00782	0.01243	0.01473	0.05523	0.05247	0.77218	0.01381	0.00644	0.00184	0.00276	0.01151	0.00506	0.00460
6	0.01960	0.01488	0.01581	0.05937	0.01766	0.04597	0.01036	0.64887	0.02370	0.03167	0.01292	0.01338	0.00928	0.00643	0.00536	0.00162	0.00607	0.00486	0.04343	0.00877
7	0.01206	0.01864	0.27210	0.05746	0.02643	0.01353	0.43349	0.01695	0.01204	0.01695	0.01031	0.01349	0.00771	0.00515	0.00672	0.00184	0.05967	0.00547	0.00257	0.00743
8	0.01990	0.02520	0.01552	0.01406	0.01671	0.74385	0.01061	0.02129	0.01506	0.01333	0.00836	0.00995	0.00703	0.00584	0.00563	0.00146	0.05354	0.00358	0.00279	0.00630
9	0.01130	0.00969	0.01130	0.00807	0.01292	0.00727	0.00646	0.01373	0.01130	0.01776	0.00969	0.01130	0.00807	0.00404	0.00404	0.00081	0.00404	0.00323	0.00323	0.84173
10	0.01441	0.65400	0.11731	0.01002	0.01496	0.01934	0.01043	0.01675	0.01148	0.05074	0.03200	0.01054	0.00867	0.00503	0.00389	0.00128	0.00594	0.00339	0.00266	0.00718
11	0.06102	0.05855	0.03981	0.00981	0.01264	0.01133	0.00805	0.04477	0.36993	0.05188	0.10696	0.08038	0.02097	0.02744	0.00607	0.00189	0.00433	0.04766	0.02925	0.00726
12	0.14991	0.27276	0.04313	0.06268	0.01632	0.10015	0.04888	0.06407	0.09287	0.03573	0.01073	0.01217	0.00863	0.00754	0.05151	0.00195	0.00670	0.00404	0.00326	0.00698
13	0.03661	0.34500	0.35488	0.01166	0.01744	0.01557	0.01345	0.01647	0.03316	0.01579	0.01212	0.01327	0.05199	0.00558	0.00447	0.00149	0.00642	0.00408	0.03331	0.00727
14	0.01733	0.04483	0.01539	0.10018	0.06489	0.21714	0.01047	0.19906	0.07446	0.10028	0.01583	0.01642	0.06847	0.00672	0.00560	0.00163	0.02447	0.00512	0.00418	0.00753

[dist]
# distance from previous block
# <min> <max>
11	60

[block]
# block no. 9 follows, 44 sequences, length 37
# corresponding to MSA columns:
# 563-599
name=unknown_J
#
# <colnr> <probs for GDERKNQSTAVLIFYWHMCP>
#	G	D	E	R	K	N	Q	S	T	A	V	L	I	F	Y	W	H	M	C	P
0	0.03159	0.01166	0.05920	0.20387	0.06010	0.03075	0.03406	0.14157	0.04208	0.03503	0.01553	0.02508	0.01401	0.03117	0.00641	0.00193	0.00611	0.17046	0.00387	0.07552
1	0.01344	0.03402	0.20807	0.01152	0.03169	0.04427	0.01094	0.03418	0.15593	0.13252	0.02140	0.04722	0.11981	0.00772	0.00570	0.00171	0.02034	0.02463	0.00431	0.07058
2	0.01483	0.16270	0.06535	0.02289	0.41276	0.10842	0.01377	0.03441	0.01306	0.05297	0.04148	0.01341	0.01004	0.00532	0.00502	0.00152	0.00660	0.00452	0.00301	0.00792
3	0.00670	0.00488	0.00631	0.00733	0.00787	0.00450	0.00497	0.00780	0.01099	0.01456	0.08446	0.67345	0.11346	0.01633	0.00687	0.00214	0.00308	0.01469	0.00513	0.00450
4	0.00864	0.00706	0.05248	0.00742	0.00928	0.00567	0.00608	0.01127	0.01483	0.06025	0.60892	0.05901	0.10628	0.01095	0.00632	0.00174	0.00303	0.00958	0.00572	0.00547
5	0.04024	0.44959	0.14380	0.01146	0.01611	0.16383	0.01131	0.05387	0.01255	0.01505	0.00835	0.00971	0.00707	0.00519	0.00460	0.00138	0.03285	0.00336	0.00260	0.00708
6	0.00881	0.00668	0.00887	0.03265	0.03614	0.00660	0.00798	0.04124	0.01293	0.01668	0.05141	0.10750	0.18311	0.01388	0.00702	0.00224	0.00451	0.44160	0.00492	0.00522
7	0.00871	0.00625	0.00868	0.00990	0.01117	0.00622	0.00864	0.01119	0.01255	0.01627	0.02968	0.06122	0.05414	0.01502	0.00750	0.00249	0.00495	0.71539	0.00502	0.00501
8	0.00694	0.00511	0.00657	0.00739	0.00790	0.00488	0.00503	0.00800	0.01078	0.01436	0.09008	0.59643	0.10388	0.07437	0.00868	0.00237	0.02398	0.01384	0.00494	0.00446
9	0.04858	0.15852	0.60294	0.01410	0.02126	0.03175	0.01749	0.01716	0.01143	0.01675	0.00929	0.01089	0.00688	0.00510	0.00481	0.00162	0.00756	0.00378	0.00237	0.00775
10	0.01030	0.00969	0.01635	0.79530	0.03755	0.01211	0.01514	0.01393	0.01090	0.01393	0.00969	0.01453	0.00727	0.00545	0.00545	0.00182	0.00727	0.00484	0.00242	0.00606
11	0.00662	0.00484	0.00623	0.00734	0.00784	0.00445	0.00495	0.00762	0.01068	0.01402	0.03313	0.71288	0.12604	0.01668	0.00690	0.00217	0.00311	0.01501	0.00506	0.00445
12	0.01269	0.01247	0.02211	0.19826	0.45798	0.01293	0.13785	0.01674	0.04315	0.01711	0.01075	0.01420	0.00860	0.00505	0.00559	0.00171	0.00701	0.00517	0.00277	0.00786
13	0.18322	0.00810	0.03068	0.06753	0.01160	0.00800	0.00645	0.03253	0.01188	0.13860	0.01590	0.05410	0.01247	0.00656	0.00433	0.00153	0.00384	0.00515	0.39140	0.00613
14	0.00671	0.00477	0.00630	0.00750	0.00780	0.00448	0.00496	0.00761	0.01030	0.01373	0.02933	0.76207	0.03515	0.06109	0.00811	0.00238	0.00328	0.01508	0.00496	0.00437
15	0.07783	0.01328	0.02410	0.02194	0.19274	0.01421	0.34122	0.01609	0.01134	0.01699	0.00961	0.01327	0.00789	0.00594	0.00885	0.00191	0.20751	0.00538	0.00270	0.00718
16	0.01106	0.05039	0.72151	0.01500	0.02281	0.01267	0.01917	0.01707	0.01149	0.01716	0.00971	0.01142	0.00696	0.00511	0.00508	0.00167	0.00780	0.00396	0.00235	0.04761
17	0.01412	0.62416	0.18448	0.01063	0.01599	0.01930	0.01154	0.01683	0.01131	0.03711	0.00846	0.00962	0.00718	0.00484	0.00391	0.00130	0.00626	0.00323	0.00246	0.00729
18	0.01133	0.06446	0.66061	0.01607	0.02368	0.01322	0.10143	0.01724	0.01164	0.01707	0.00982	0.01173	0.00706	0.00509	0.00524	0.00171	0.00808	0.00424	0.00235	0.00793
19	0.00664	0.00474	0.00633	0.00759	0.00791	0.00443	0.00506	0.00759	0.01044	0.01392	0.03005	0.80485	0.03606	0.01708	0.00696	0.00221	0.00316	0.01550	0.00506	0.00443
20	0.02250	0.01243	0.01460	0.01120	0.01549	0.01269	0.00925	0.41037	0.02088	0.38692	0.01708	0.01568	0.01127	0.00664	0.00547	0.00166	0.00535	0.00518	0.00607	0.00927
21	0.02072	0.01527	0.01636	0.01254	0.01691	0.01691	0.01036	0.75622	0.02563	0.03436	0.01309	0.01309	0.00927	0.00654	0.00545	0.00164	0.00600	0.00491	0.00545	0.00927
22	0.00664	0.00474	0.00633	0.00759	0.00791	0.00443	0.00506	0.00759	0.01044	0.01392	0.03005	0.80485	0.03606	0.01708	0.00696	0.00221	0.00316	0.01550	0.00506	0.00443
23	0.02446	0.00928	0.01265	0.00970	0.01392	0.00801	0.00801	0.02657	0.01560	0.77817	0.02151	0.01856	0.01350	0.00675	0.00548	0.00169	0.00464	0.00548	0.00675	0.00928
24	0.01321	0.01071	0.01168	0.01024	0.01307	0.01195	0.00802	0.13975	0.45612	0.02440	0.21182	0.02439	0.02434	0.00822	0.00576	0.00178	0.00414	0.00691	0.00565	0.00784
25	0.00657	0.00553	0.00570	0.00566	0.00744	0.00466	0.00425	0.00808	0.01274	0.01546	0.12915	0.05125	0.69780	0.01353	0.00644	0.00183	0.00274	0.01134	0.00516	0.00466
26	0.00772	0.00557	0.00729	0.00686	0.00814	0.00514	0.00514	0.01029	0.01543	0.02186	0.77152	0.04072	0.05144	0.01115	0.00643	0.00171	0.00257	0.00986	0.00600	0.00514
27	0.02446	0.00928	0.01265	0.00970	0.01392	0.00801	0.00801	0.02657	0.01560	0.77817	0.02151	0.01856	0.01350	0.00675	0.00548	0.00169	0.00464	0.00548	0.00675	0.00928
28	0.01356	0.01171	0.01233	0.01109	0.01418	0.01356	0.00863	0.02897	0.76455	0.02281	0.02219	0.02034	0.01664	0.00740	0.00555	0.00185	0.00431	0.00616	0.00555	0.00863
29	0.01185	0.00727	0.00814	0.05526	0.01048	0.00780	0.00596	0.14605	0.01370	0.02174	0.01615	0.01877	0.01269	0.00955	0.07711	0.00207	0.00458	0.00511	0.55987	0.00587
30	0.84691	0.01054	0.00801	0.00717	0.01054	0.01223	0.00590	0.01603	0.00928	0.02446	0.00759	0.00886	0.00590	0.00506	0.00337	0.00169	0.00422	0.00295	0.00337	0.00590
31	0.00664	0.00474	0.00633	0.00759	0.00791	0.00443	0.00506	0.00759	0.01044	0.01392	0.03005	0.80485	0.03606	0.01708	0.00696	0.00221	0.00316	0.01550	0.00506	0.00443
32	0.02042	0.02448	0.01558	0.01383	0.01686	0.67843	0.01051	0.12492	0.01688	0.01629	0.00908	0.01029	0.00734	0.00575	0.00499	0.00144	0.00929	0.00371	0.00318	0.00673
33	0.02239	0.03243	0.09855	0.01038	0.01500	0.00904	0.00942	0.02533	0.03596	0.65230	0.01986	0.01756	0.01268	0.00654	0.00540	0.00168	0.00504	0.00527	0.00610	0.00906
34	0.02096	0.00885	0.01177	0.00934	0.01295	0.00792	0.00758	0.06387	0.01589	0.58998	0.13106	0.05883	0.01988	0.00787	0.00569	0.00171	0.00434	0.00657	0.00649	0.00844
35	0.00664	0.00474	0.00633	0.00759	0.00791	0.00443	0.00506	0.00759	0.01044	0.01392	0.03005	0.80485	0.03606	0.01708	0.00696	0.00221	0.00316	0.01550	0.00506	0.00443
36	0.01853	0.01079	0.06395	0.04426	0.01697	0.00902	0.12494	0.02151	0.03121	0.45824	0.01982	0.12448	0.01515	0.00768	0.00581	0.00179	0.00547	0.00689	0.00541	0.00809

[dist]
# distance from previous block
# <min> <max>
1	3

[block]
# block no. 10 follows, 44 sequences, length 8
# corresponding to MSA columns:
# 603-610
name=unknown_K
#
