[name]
unknown

[dist]
# distance from previous block
# <min> <max>
49	217

[block]
# block no. 0 follows, 46 sequences, length 36
# corresponding to MSA columns:
# 255-290
name=unknown_A
#
# <colnr> <probs for GDERKNQSTAVLIFYWHMCP>
#	G	D	E	R	K	N	Q	S	T	A	V	L	I	F	Y	W	H	M	C	P
0	0.03077	0.01523	0.08131	0.06932	0.01978	0.13748	0.19175	0.10759	0.06803	0.11007	0.01336	0.01452	0.03086	0.00560	0.00529	0.00157	0.00685	0.00498	0.00370	0.08194
1	0.02990	0.05209	0.06343	0.03224	0.06001	0.07411	0.05763	0.13337	0.03326	0.13574	0.05640	0.01432	0.01123	0.00553	0.00487	0.00138	0.00555	0.00454	0.00399	0.22043
2	0.01341	0.01385	0.08592	0.04876	0.15250	0.06136	0.18532	0.05663	0.01276	0.06653	0.01098	0.02667	0.00865	0.00495	0.00510	0.00143	0.00644	0.00471	0.00316	0.23087
3	0.01453	0.03997	0.10480	0.01680	0.06723	0.03481	0.30182	0.14903	0.01453	0.08860	0.01242	0.05227	0.00976	0.00564	0.00553	0.00163	0.00698	0.00558	0.00356	0.06451
4	0.01338	0.01123	0.01765	0.10780	0.04673	0.01089	0.20383	0.10383	0.06817	0.07947	0.03610	0.01471	0.01032	0.00564	0.00570	0.02795	0.00593	0.00499	0.00364	0.22203
5	0.01154	0.00975	0.01198	0.03713	0.03785	0.00816	0.02169	0.07963	0.01231	0.01845	0.03016	0.04758	0.01020	0.00495	0.00436	0.00102	0.00429	0.00413	0.00342	0.64141
6	0.01100	0.00948	0.01555	0.62763	0.09967	0.01113	0.01370	0.01427	0.01107	0.06324	0.01211	0.01579	0.04139	0.00564	0.00529	0.00171	0.00655	0.00498	0.00277	0.02705
7	0.15221	0.01127	0.01137	0.01017	0.01324	0.01303	0.00798	0.04697	0.62408	0.02270	0.01892	0.01768	0.01421	0.00677	0.00503	0.00176	0.00421	0.00543	0.00503	0.00795
8	0.00699	0.00525	0.00736	0.00779	0.00859	0.00484	0.03238	0.00837	0.01112	0.01515	0.16554	0.61511	0.03588	0.01467	0.00655	0.00200	0.00320	0.01333	0.00494	0.03093
9	0.00766	0.00522	0.00624	0.00624	0.00640	0.00538	0.00379	0.00799	0.00783	0.01060	0.01623	0.03221	0.01818	0.68051	0.15919	0.00571	0.00668	0.00734	0.00314	0.00347
10	0.01096	0.00940	0.01096	0.00783	0.01253	0.00705	0.00626	0.01331	0.01096	0.01723	0.00940	0.01096	0.00783	0.00392	0.00392	0.00078	0.00392	0.00313	0.00313	0.84653
11	0.82562	0.01037	0.00802	0.00711	0.01042	0.01200	0.00586	0.03887	0.00949	0.02402	0.00753	0.00872	0.00583	0.00495	0.00333	0.00163	0.00414	0.00292	0.00333	0.00583
12	0.85155	0.01022	0.00777	0.00695	0.01022	0.01186	0.00573	0.01554	0.00900	0.02372	0.00736	0.00859	0.00573	0.00491	0.00327	0.00164	0.00409	0.00286	0.00327	0.00573
13	0.00796	0.00579	0.00750	0.00738	0.00812	0.00628	0.00522	0.01000	0.05758	0.01302	0.09338	0.02803	0.01949	0.33834	0.36237	0.00605	0.00879	0.00687	0.00344	0.00439
14	0.01257	0.01204	0.02053	0.15983	0.65787	0.01243	0.01597	0.01577	0.01179	0.01665	0.00985	0.01325	0.00815	0.00481	0.00524	0.00160	0.00641	0.00471	0.00257	0.00796
15	0.00998	0.00940	0.01586	0.80150	0.03641	0.01175	0.01468	0.01351	0.01057	0.01351	0.00940	0.01409	0.00705	0.00529	0.00529	0.00176	0.00705	0.00470	0.00235	0.00587
16	0.01348	0.00932	0.01122	0.00814	0.01272	0.00719	0.00656	0.01577	0.01178	0.16852	0.01165	0.01235	0.00887	0.00443	0.00419	0.00095	0.00403	0.00356	0.00380	0.68146
17	0.01133	0.02580	0.69716	0.01553	0.04247	0.01258	0.03885	0.06444	0.01209	0.01782	0.00974	0.01139	0.00692	0.00508	0.00508	0.00167	0.00767	0.00404	0.00245	0.00788
18	0.00651	0.00523	0.00581	0.00595	0.00737	0.00453	0.00435	0.00798	0.01224	0.01541	0.18205	0.18454	0.51250	0.01348	0.00633	0.00183	0.00271	0.01156	0.00508	0.00453
19	0.01354	0.01201	0.02006	0.19680	0.40632	0.03187	0.10632	0.01714	0.03596	0.09152	0.01130	0.01405	0.00870	0.00508	0.00537	0.00165	0.00662	0.00496	0.00304	0.00767
20	0.00718	0.00528	0.00672	0.00659	0.00777	0.00482	0.00485	0.00931	0.01392	0.01924	0.58162	0.14920	0.13998	0.01194	0.00631	0.00175	0.00260	0.01053	0.00558	0.00482
21	0.01096	0.00940	0.01096	0.00783	0.01253	0.00705	0.00626	0.01331	0.01096	0.01723	0.00940	0.01096	0.00783	0.00392	0.00392	0.00078	0.00392	0.00313	0.00313	0.84653
22	0.26318	0.01375	0.01145	0.00995	0.01313	0.17716	0.00786	0.10119	0.18849	0.10092	0.01328	0.01335	0.00988	0.00593	0.00453	0.00159	0.00541	0.00426	0.04764	0.00707
23	0.00657	0.00479	0.00614	0.00701	0.00759	0.00441	0.00478	0.00770	0.01086	0.01441	0.11866	0.61550	0.12340	0.03287	0.00707	0.00211	0.00300	0.01378	0.00498	0.00437
24	0.06112	0.00563	0.00678	0.00656	0.00792	0.00529	0.00489	0.00974	0.01370	0.01964	0.55480	0.11454	0.14731	0.01135	0.00610	0.00173	0.00268	0.00989	0.00544	0.00489
25	0.00644	0.00460	0.00613	0.00736	0.00767	0.00429	0.00491	0.00736	0.01012	0.01350	0.02914	0.81076	0.03497	0.01656	0.00675	0.00215	0.00307	0.01503	0.00491	0.00429
26	0.01141	0.01185	0.02309	0.37956	0.11608	0.01254	0.33690	0.01529	0.01156	0.01541	0.01002	0.01405	0.00762	0.00486	0.00569	0.00175	0.00777	0.00536	0.00252	0.00669
27	0.00665	0.00479	0.00630	0.00716	0.00770	0.00444	0.00490	0.00790	0.01117	0.01510	0.18333	0.63225	0.05806	0.01530	0.00663	0.00204	0.00294	0.01380	0.00509	0.00444
28	0.12094	0.22849	0.05962	0.05913	0.09465	0.08589	0.04350	0.15942	0.01378	0.01906	0.02279	0.01143	0.00817	0.00590	0.01688	0.00160	0.03453	0.00399	0.00314	0.00709
29	0.01473	0.00843	0.01035	0.00822	0.01156	0.00742	0.00655	0.08309	0.01410	0.25353	0.14249	0.06511	0.01858	0.00701	0.00499	0.00138	0.00385	0.00586	0.07827	0.25450
30	0.01329	0.36391	0.30890	0.01181	0.01723	0.03237	0.03305	0.01669	0.01131	0.07767	0.01031	0.04565	0.00854	0.00552	0.00471	0.00147	0.02349	0.00411	0.00274	0.00722
31	0.01206	0.31300	0.44065	0.01355	0.01994	0.01552	0.08502	0.01643	0.01113	0.01520	0.00882	0.01048	0.00685	0.00479	0.00454	0.00149	0.00713	0.00373	0.00228	0.00738
32	0.00906	0.00579	0.00744	0.00697	0.00856	0.00525	0.00535	0.01129	0.01425	0.10081	0.52905	0.06717	0.14385	0.01113	0.00622	0.00174	0.00289	0.05218	0.00568	0.00531
33	0.00756	0.00552	0.00726	0.03588	0.00950	0.00544	0.00589	0.05176	0.01123	0.01489	0.02788	0.64732	0.04729	0.01532	0.00666	0.00212	0.00354	0.08545	0.00484	0.00468
34	0.06549	0.05794	0.16404	0.20888	0.02087	0.02582	0.01188	0.11804	0.03358	0.16058	0.04696	0.03959	0.01128	0.00620	0.00510	0.00166	0.00594	0.00500	0.00387	0.00727
35	0.28438	0.24178	0.06110	0.09152	0.01578	0.01443	0.02925	0.09286	0.01176	0.04152	0.00900	0.01054	0.00711	0.00526	0.00432	0.01704	0.00535	0.00354	0.01721	0.03626

[dist]
# distance from previous block
# <min> <max>
3	15

[block]
# block no. 1 follows, 46 sequences, length 6
# corresponding to MSA columns:
# 306-311
name=unknown_B
#
# <colnr> <probs for GDERKNQSTAVLIFYWHMCP>
#	G	D	E	R	K	N	Q	S	T	A	V	L	I	F	Y	W	H	M	C	P
0	0.00705	0.00551	0.00643	0.00649	0.00784	0.00504	0.00475	0.00938	0.05033	0.01687	0.29520	0.20543	0.33469	0.01286	0.00631	0.00182	0.00277	0.01117	0.00524	0.00480
1	0.06572	0.54866	0.02261	0.00946	0.01361	0.06819	0.00878	0.09212	0.01281	0.06983	0.03874	0.01085	0.00906	0.00517	0.00391	0.00128	0.00562	0.00350	0.00310	0.00699
2	0.01489	0.03928	0.09187	0.10463	0.14813	0.01068	0.08247	0.05202	0.04421	0.22468	0.11740	0.01811	0.01520	0.00627	0.00542	0.00165	0.00565	0.00558	0.00426	0.00760
3	0.02093	0.00840	0.01124	0.00882	0.01250	0.00726	0.00721	0.02293	0.01481	0.65871	0.07215	0.02268	0.09276	0.00750	0.00547	0.00165	0.00419	0.00617	0.00633	0.00829
4	0.00712	0.00524	0.00666	0.00662	0.00775	0.00478	0.00485	0.00916	0.01364	0.01880	0.53864	0.19085	0.14173	0.01226	0.00634	0.00177	0.00263	0.01083	0.00552	0.00478
5	0.02062	0.01169	0.01370	0.01069	0.01458	0.01199	0.00875	0.40609	0.01981	0.34165	0.01722	0.07127	0.01251	0.00715	0.00540	0.00165	0.00508	0.00571	0.00578	0.00866

[dist]
# distance from previous block
# <min> <max>
1	2

[block]
# block no. 2 follows, 46 sequences, length 8
# corresponding to MSA columns:
# 314-321
name=unknown_C
#
# <colnr> <probs for GDERKNQSTAVLIFYWHMCP>
#	G	D	E	R	K	N	Q	S	T	A	V	L	I	F	Y	W	H	M	C	P
0	0.22241	0.00861	0.01028	0.16436	0.01520	0.00971	0.00787	0.12603	0.01142	0.01810	0.02882	0.03763	0.01072	0.02816	0.00973	0.23815	0.00507	0.03929	0.00330	0.00514
1	0.00795	0.00545	0.00710	0.00679	0.00806	0.00500	0.00505	0.01020	0.01429	0.04995	0.63360	0.12889	0.07479	0.01141	0.00626	0.00172	0.00265	0.01009	0.00571	0.00504
2	0.48193	0.07506	0.01308	0.03549	0.01404	0.06280	0.07500	0.05257	0.11032	0.02145	0.00988	0.01098	0.00764	0.00525	0.00408	0.00161	0.00518	0.00375	0.00344	0.00646
3	0.00687	0.00543	0.00628	0.00658	0.00803	0.00483	0.00511	0.00854	0.01228	0.01545	0.14582	0.12594	0.46103	0.01358	0.00650	0.00193	0.00311	0.15306	0.00503	0.00460
4	0.00733	0.00536	0.00688	0.00659	0.00783	0.00491	0.00491	0.00964	0.01447	0.02023	0.68007	0.08348	0.10588	0.01133	0.00626	0.00170	0.00254	0.00999	0.00570	0.00491
5	0.00712	0.00530	0.00663	0.00648	0.00772	0.00481	0.00479	0.00922	0.01385	0.01898	0.55281	0.12892	0.18993	0.01196	0.00630	0.00174	0.00259	0.01049	0.00554	0.00481
6	0.00648	0.00471	0.00612	0.00716	0.00764	0.00435	0.00484	0.00752	0.01054	0.01397	0.07120	0.70671	0.09729	0.01599	0.00668	0.00209	0.00300	0.01442	0.00496	0.00435
7	0.03889	0.20090	0.22128	0.01248	0.01716	0.26108	0.01218	0.10815	0.05085	0.01702	0.00950	0.01058	0.00746	0.00531	0.00458	0.00145	0.00735	0.00368	0.00294	0.00716

[dist]
# distance from previous block
# <min> <max>
0	10

[block]
# block no. 3 follows, 46 sequences, length 61
# corresponding to MSA columns:
# 332-392
name=unknown_D
#
# <colnr> <probs for GDERKNQSTAVLIFYWHMCP>
#	G	D	E	R	K	N	Q	S	T	A	V	L	I	F	Y	W	H	M	C	P
0	0.69555	0.01033	0.00883	0.00757	0.01101	0.01159	0.00624	0.06053	0.01072	0.12310	0.00942	0.01005	0.00687	0.00520	0.00365	0.00163	0.00424	0.00329	0.00381	0.00634
1	0.58247	0.00995	0.00997	0.05516	0.08762	0.01104	0.00744	0.01612	0.01011	0.10405	0.01046	0.05718	0.00856	0.00577	0.00400	0.00167	0.00446	0.00412	0.00360	0.00626
2	0.01178	0.01116	0.01752	0.48298	0.24031	0.03518	0.02830	0.05090	0.04088	0.01587	0.01016	0.01383	0.00787	0.00524	0.00528	0.00169	0.00677	0.00474	0.00270	0.00684
3	0.00808	0.00518	0.00675	0.00725	0.00806	0.00480	0.00506	0.00932	0.01119	0.07361	0.14491	0.51028	0.06503	0.08347	0.00829	0.00228	0.00330	0.03342	0.00503	0.00469
4	0.00755	0.00566	0.00850	0.00850	0.00944	0.00661	0.00661	0.00944	0.00850	0.01227	0.01416	0.02077	0.01322	0.03965	0.79326	0.00850	0.01416	0.00566	0.00283	0.00472
5	0.01117	0.15321	0.66588	0.01411	0.02140	0.01365	0.01786	0.01660	0.01109	0.01606	0.00915	0.01073	0.00671	0.00494	0.00476	0.00159	0.00747	0.00373	0.00224	0.00765
6	0.02372	0.00900	0.01227	0.00941	0.01350	0.00777	0.00777	0.02576	0.01513	0.78489	0.02086	0.01799	0.01309	0.00654	0.00532	0.00164	0.00450	0.00532	0.00654	0.00900
7	0.06468	0.00906	0.01205	0.00928	0.01333	0.00797	0.00767	0.02526	0.01483	0.74723	0.02019	0.01753	0.01272	0.00646	0.00522	0.00164	0.00448	0.00519	0.00638	0.00883
8	0.04818	0.00590	0.00700	0.13493	0.01143	0.00632	0.00570	0.01226	0.01100	0.01856	0.04685	0.06727	0.01490	0.00678	0.00422	0.00141	0.00332	0.00560	0.58328	0.00508
9	0.01057	0.00695	0.00927	0.02307	0.06813	0.00675	0.00695	0.07944	0.01283	0.11080	0.07964	0.41519	0.07163	0.01259	0.00628	0.00195	0.00386	0.06338	0.00499	0.00573
10	0.00650	0.00465	0.00619	0.00732	0.00768	0.00433	0.00491	0.00751	0.01040	0.01394	0.07287	0.76575	0.03584	0.01623	0.00672	0.00212	0.00303	0.01471	0.00496	0.00433
11	0.01255	0.01191	0.02022	0.09690	0.67257	0.01211	0.01564	0.01568	0.01192	0.01686	0.01095	0.01589	0.00955	0.00534	0.00536	0.00164	0.00626	0.04795	0.00273	0.00796
12	0.01947	0.01353	0.01504	0.04448	0.01661	0.01482	0.00980	0.57024	0.09426	0.12521	0.01442	0.01408	0.01010	0.00641	0.00530	0.00162	0.00555	0.00494	0.00533	0.00880
13	0.00876	0.00581	0.00736	0.00720	0.00856	0.00542	0.00536	0.02526	0.02840	0.07714	0.37323	0.22176	0.12132	0.03501	0.00689	0.00193	0.00310	0.04691	0.00542	0.00516
14	0.00688	0.00522	0.00634	0.00640	0.00761	0.00468	0.00467	0.00868	0.01303	0.01742	0.39516	0.20679	0.27222	0.01283	0.00635	0.00180	0.00267	0.01122	0.00534	0.00468
15	0.22020	0.01046	0.01550	0.36496	0.22806	0.01188	0.02977	0.01470	0.01061	0.01713	0.00945	0.02813	0.00764	0.00524	0.00482	0.00169	0.00607	0.00448	0.00271	0.00650
16	0.33060	0.47517	0.05574	0.00854	0.01274	0.01709	0.00828	0.01576	0.01010	0.01691	0.00745	0.00865	0.00638	0.00469	0.00342	0.00135	0.00516	0.00289	0.00264	0.00643
17	0.01037	0.00955	0.01571	0.75244	0.03506	0.01182	0.01436	0.04461	0.01120	0.01438	0.00992	0.01497	0.00761	0.00552	0.00533	0.00177	0.00695	0.01993	0.00252	0.00598
18	0.02318	0.00915	0.01229	0.00946	0.01348	0.00806	0.00780	0.05604	0.01553	0.73556	0.03848	0.01828	0.01379	0.00664	0.00534	0.00163	0.00451	0.00539	0.00647	0.00890
19	0.00806	0.05408	0.04804	0.00877	0.01026	0.00762	0.00730	0.01015	0.00901	0.01283	0.03938	0.03591	0.01418	0.03446	0.66621	0.00737	0.01274	0.00573	0.00291	0.00499
20	0.00672	0.00475	0.00618	0.00707	0.00744	0.00448	0.00469	0.00768	0.01030	0.01386	0.10557	0.62659	0.03441	0.12261	0.00939	0.00249	0.00328	0.01348	0.00477	0.00422
21	0.00660	0.00472	0.00630	0.00745	0.00785	0.00442	0.00510	0.00767	0.01045	0.01397	0.06345	0.73598	0.03541	0.01620	0.00675	0.00214	0.00314	0.05310	0.00495	0.00436
22	0.00652	0.00531	0.00577	0.00577	0.00734	0.00456	0.00428	0.00807	0.01251	0.01566	0.20239	0.10498	0.57224	0.01309	0.00628	0.00179	0.00267	0.01111	0.00510	0.00456
23	0.05159	0.10020	0.04941	0.00973	0.01377	0.01070	0.00848	0.11776	0.04355	0.45289	0.07371	0.01725	0.01414	0.00650	0.00508	0.00158	0.00477	0.00515	0.00549	0.00825
24	0.06674	0.06245	0.70014	0.01425	0.02161	0.01265	0.01813	0.01662	0.01100	0.01701	0.00925	0.01087	0.00664	0.00499	0.00483	0.00165	0.00747	0.00379	0.00230	0.00763
25	0.00998	0.00940	0.01586	0.80150	0.03641	0.01175	0.01468	0.01351	0.01057	0.01351	0.00940	0.01409	0.00705	0.00529	0.00529	0.00176	0.00705	0.00470	0.00235	0.00587
26	0.00748	0.00540	0.00707	0.00665	0.00790	0.00499	0.00499	0.00998	0.01496	0.02120	0.77844	0.03949	0.04988	0.01081	0.00624	0.00166	0.00249	0.00956	0.00582	0.00499
27	0.01413	0.81739	0.02770	0.00905	0.01357	0.02092	0.00905	0.01583	0.01074	0.01244	0.00735	0.00848	0.00678	0.00452	0.00339	0.00113	0.00565	0.00283	0.00226	0.00678
28	0.00655	0.00537	0.00578	0.00567	0.00733	0.00459	0.00425	0.00817	0.01276	0.01598	0.23136	0.04808	0.60022	0.01276	0.00624	0.00176	0.00263	0.01077	0.00513	0.00459
29	0.02333	0.00891	0.01214	0.00934	0.01336	0.00770	0.00770	0.02539	0.01513	0.76674	0.03886	0.01850	0.01396	0.00664	0.00534	0.00164	0.00445	0.00542	0.00653	0.00890
30	0.02155	0.01055	0.01301	0.01013	0.01410	0.01029	0.00832	0.21300	0.07464	0.51513	0.03992	0.01738	0.01330	0.00666	0.00534	0.00164	0.00475	0.00534	0.00612	0.00884
31	0.02372	0.00900	0.01227	0.00941	0.01350	0.00777	0.00777	0.02576	0.01513	0.78489	0.02086	0.01799	0.01309	0.00654	0.00532	0.00164	0.00450	0.00532	0.00654	0.00900
32	0.01152	0.00680	0.00864	0.00753	0.00958	0.00636	0.00586	0.06938	0.01558	0.17026	0.53429	0.03392	0.07935	0.00978	0.00599	0.00166	0.00314	0.00846	0.00587	0.00604
33	0.45931	0.03278	0.01124	0.02249	0.01307	0.24198	0.00766	0.07270	0.01238	0.05316	0.02536	0.01033	0.00760	0.00537	0.00405	0.00154	0.00589	0.00344	0.00342	0.00623
34	0.02242	0.00917	0.01213	0.00940	0.01332	0.00823	0.00773	0.06804	0.03205	0.68142	0.04564	0.01848	0.01415	0.00668	0.00531	0.00163	0.00446	0.00543	0.02556	0.00876
35	0.03631	0.10339	0.01684	0.01196	0.01595	0.14515	0.00988	0.54464	0.02137	0.02749	0.01126	0.01163	0.00832	0.00597	0.00496	0.00150	0.00638	0.00429	0.00450	0.00821
36	0.85155	0.01022	0.00777	0.00695	0.01022	0.01186	0.00573	0.01554	0.00900	0.02372	0.00736	0.00859	0.00573	0.00491	0.00327	0.00164	0.00409	0.00286	0.00327	0.00573
37	0.00742	0.00540	0.00699	0.00659	0.00786	0.00496	0.00494	0.00986	0.01483	0.02087	0.74394	0.04003	0.08459	0.01093	0.00624	0.00167	0.00250	0.00964	0.00578	0.00496
38	0.00825	0.00535	0.00708	0.00713	0.00821	0.00492	0.00516	0.01010	0.01309	0.07332	0.43166	0.33860	0.04141	0.01274	0.00637	0.00185	0.00286	0.01139	0.00552	0.00501
39	0.00647	0.00462	0.00616	0.00734	0.00767	0.00431	0.00491	0.00744	0.01026	0.01372	0.05110	0.78815	0.03540	0.01639	0.00673	0.00213	0.00305	0.01487	0.00493	0.00431
40	0.02010	0.01408	0.01533	0.01183	0.01599	0.01541	0.00975	0.65639	0.06088	0.10490	0.01391	0.01355	0.00974	0.00641	0.00530	0.00160	0.00561	0.00487	0.00541	0.00896
41	0.01413	0.81739	0.02770	0.00905	0.01357	0.02092	0.00905	0.01583	0.01074	0.01244	0.00735	0.00848	0.00678	0.00452	0.00339	0.00113	0.00565	0.00283	0.00226	0.00678
42	0.01249	0.11354	0.14653	0.05541	0.05211	0.01409	0.47584	0.03526	0.01227	0.01662	0.01007	0.01299	0.00766	0.00465	0.00560	0.00167	0.00809	0.00530	0.00260	0.00723
43	0.75157	0.08661	0.00977	0.00721	0.01062	0.01261	0.00609	0.01582	0.00932	0.04168	0.00770	0.00881	0.00601	0.00491	0.00333	0.00159	0.00425	0.00292	0.00326	0.00591
44	0.00641	0.00474	0.00599	0.00699	0.00757	0.00432	0.00474	0.00740	0.01047	0.01364	0.03361	0.67146	0.17137	0.01598	0.00666	0.00208	0.00300	0.01432	0.00491	0.00432
45	0.01096	0.00940	0.01096	0.00783	0.01253	0.00705	0.00626	0.01331	0.01096	0.01723	0.00940	0.01096	0.00783	0.00392	0.00392	0.00078	0.00392	0.00313	0.00313	0.84653
46	0.02137	0.00985	0.01247	0.00978	0.01374	0.00927	0.00800	0.08625	0.13113	0.58031	0.01989	0.01758	0.01303	0.00653	0.00528	0.00163	0.00454	0.00530	0.00614	0.03792
47	0.00651	0.00533	0.00574	0.00572	0.00732	0.00456	0.00426	0.00807	0.01256	0.01567	0.20140	0.08447	0.59401	0.01301	0.00627	0.00178	0.00266	0.01101	0.00510	0.00456
48	0.00743	0.00540	0.00700	0.00660	0.00787	0.00497	0.00495	0.00988	0.01484	0.02091	0.74833	0.03996	0.08017	0.01091	0.00624	0.00167	0.00250	0.00963	0.00578	0.00497
49	0.02372	0.00900	0.01227	0.00941	0.01350	0.00777	0.00777	0.02576	0.01513	0.78489	0.02086	0.01799	0.01309	0.00654	0.00532	0.00164	0.00450	0.00532	0.00654	0.00900
50	0.00998	0.00940	0.01586	0.80150	0.03641	0.01175	0.01468	0.01351	0.01057	0.01351	0.00940	0.01409	0.00705	0.00529	0.00529	0.00176	0.00705	0.00470	0.00235	0.00587
51	0.03144	0.02005	0.01541	0.12553	0.06024	0.48456	0.01103	0.14034	0.03247	0.01694	0.00946	0.01109	0.00747	0.00556	0.00494	0.00148	0.00820	0.00393	0.00315	0.00672
52	0.01074	0.00864	0.01014	0.01010	0.01218	0.00950	0.00828	0.01931	0.38442	0.01915	0.05924	0.03916	0.02432	0.01079	0.00631	0.00208	0.00442	0.34948	0.00516	0.00659
53	0.00807	0.00581	0.00797	0.00911	0.01022	0.00571	0.00770	0.01020	0.01185	0.01537	0.02964	0.17550	0.07437	0.01484	0.00716	0.00235	0.00446	0.59003	0.00488	0.00476
54	0.01026	0.00811	0.01258	0.03066	0.02940	0.00813	0.11499	0.06230	0.03452	0.03536	0.02388	0.10629	0.03646	0.01194	0.00677	0.00218	0.00537	0.45056	0.00454	0.00570
55	0.09373	0.33815	0.07012	0.01502	0.17096	0.14583	0.02144	0.03101	0.01203	0.04496	0.00882	0.01030	0.00731	0.00489	0.00424	0.00138	0.00642	0.00356	0.00273	0.00710
56	0.01979	0.01374	0.01506	0.01157	0.01570	0.01486	0.00954	0.64142	0.02314	0.10999	0.03904	0.01409	0.01075	0.00645	0.00528	0.00157	0.00552	0.00493	0.00538	0.03218
57	0.05509	0.01381	0.01709	0.07577	0.41357	0.15995	0.01299	0.01705	0.05961	0.01683	0.03726	0.01719	0.01145	0.00603	0.00526	0.00163	0.00647	0.06258	0.00311	0.00726
58	0.01780	0.01264	0.01396	0.01081	0.01477	0.01323	0.00878	0.51314	0.03284	0.09044	0.01391	0.05308	0.01083	0.02947	0.00576	0.00159	0.00522	0.00516	0.00497	0.14158
59	0.01217	0.33179	0.47705	0.01271	0.01915	0.03300	0.01528	0.01649	0.01108	0.01500	0.00863	0.01009	0.00673	0.00484	0.00439	0.00146	0.00702	0.00348	0.00225	0.00738
60	0.01839	0.04332	0.06026	0.01163	0.01575	0.01470	0.00997	0.54978	0.05879	0.08892	0.01445	0.06451	0.01112	0.00692	0.00530	0.00163	0.00557	0.00540	0.00508	0.00851

[dist]
# distance from previous block
# <min> <max>
1	2

[block]
# block no. 4 follows, 46 sequences, length 35
# corresponding to MSA columns:
# 395-429
name=unknown_E
#
# <colnr> <probs for GDERKNQSTAVLIFYWHMCP>
#	G	D	E	R	K	N	Q	S	T	A	V	L	I	F	Y	W	H	M	C	P
0	0.00733	0.00534	0.00688	0.00675	0.00775	0.00517	0.00490	0.00914	0.01225	0.01696	0.42143	0.09230	0.10955	0.13081	0.13671	0.00331	0.00482	0.00921	0.00481	0.00459
1	0.00644	0.00460	0.00613	0.00736	0.00767	0.00429	0.00491	0.00736	0.01012	0.01350	0.02914	0.81076	0.03497	0.01656	0.00675	0.00215	0.00307	0.01503	0.00491	0.00429
2	0.01096	0.00940	0.01096	0.00783	0.01253	0.00705	0.00626	0.01331	0.01096	0.01723	0.00940	0.01096	0.00783	0.00392	0.00392	0.00078	0.00392	0.00313	0.00313	0.84653
3	0.00647	0.00473	0.00608	0.00708	0.00761	0.00435	0.00480	0.00751	0.01059	0.01396	0.06775	0.68037	0.12748	0.01590	0.00666	0.00208	0.00299	0.01429	0.00495	0.00435
4	0.00744	0.00540	0.00701	0.00660	0.00787	0.00497	0.00495	0.00989	0.01486	0.02095	0.75259	0.03990	0.07589	0.01090	0.00624	0.00167	0.00250	0.00962	0.00579	0.00497
5	0.14983	0.00918	0.01158	0.00903	0.01300	0.00839	0.00746	0.02421	0.01420	0.66894	0.01880	0.01656	0.01196	0.00629	0.00500	0.00164	0.00444	0.00494	0.00604	0.00850
6	0.01013	0.00955	0.01612	0.76496	0.07180	0.01178	0.01476	0.01364	0.01064	0.01369	0.00942	0.01405	0.00711	0.00526	0.00528	0.00175	0.00701	0.00470	0.00236	0.00599
7	0.01232	0.01327	0.05880	0.08419	0.05533	0.18907	0.00896	0.01703	0.16451	0.03267	0.04170	0.02437	0.19516	0.03471	0.00607	0.00175	0.00557	0.00639	0.04186	0.00626
8	0.00732	0.00537	0.00686	0.00654	0.00781	0.00491	0.00489	0.00964	0.01449	0.02022	0.67783	0.06833	0.12350	0.01128	0.00625	0.00169	0.00253	0.00992	0.00569	0.00491
9	0.01282	0.01356	0.04048	0.08493	0.09838	0.01365	0.43378	0.07416	0.05489	0.01778	0.01085	0.01397	0.00836	0.00537	0.00710	0.00180	0.09235	0.00562	0.00295	0.00723
10	0.01605	0.12321	0.01562	0.01118	0.01478	0.06312	0.00915	0.27626	0.36749	0.02405	0.01577	0.01517	0.01186	0.00642	0.00504	0.00161	0.00527	0.00498	0.00476	0.00823
11	0.01438	0.00836	0.01042	0.00868	0.01155	0.00795	0.00687	0.07088	0.08646	0.25611	0.20485	0.07584	0.04099	0.00941	0.03511	0.00185	0.02113	0.00688	0.00534	0.11694
12	0.04474	0.26861	0.05843	0.02604	0.01598	0.17615	0.09519	0.03753	0.07408	0.05627	0.02760	0.01509	0.07101	0.00596	0.00471	0.00146	0.00644	0.00466	0.00328	0.00677
13	0.04071	0.04093	0.01439	0.01072	0.01480	0.01275	0.00888	0.37264	0.06913	0.33511	0.01625	0.01505	0.01096	0.00638	0.00519	0.00160	0.00513	0.00495	0.00564	0.00880
14	0.02372	0.00900	0.01227	0.00941	0.01350	0.00777	0.00777	0.02576	0.01513	0.78489	0.02086	0.01799	0.01309	0.00654	0.00532	0.00164	0.00450	0.00532	0.00654	0.00900
15	0.00831	0.00881	0.09948	0.06544	0.01281	0.00698	0.04172	0.03049	0.03042	0.01619	0.15991	0.26426	0.12971	0.05385	0.00728	0.00206	0.00432	0.04826	0.00440	0.00529
16	0.03148	0.12398	0.01591	0.01156	0.01479	0.23267	0.00937	0.26274	0.09739	0.02078	0.01372	0.03008	0.05033	0.00668	0.00568	0.00155	0.05537	0.00476	0.00393	0.00724
17	0.02372	0.00900	0.01227	0.00941	0.01350	0.00777	0.00777	0.02576	0.01513	0.78489	0.02086	0.01799	0.01309	0.00654	0.00532	0.00164	0.00450	0.00532	0.00654	0.00900
18	0.01925	0.01392	0.01504	0.01178	0.01581	0.01537	0.00965	0.60526	0.13911	0.07767	0.01455	0.01410	0.01034	0.00649	0.00530	0.00162	0.00549	0.00498	0.00538	0.00890
19	0.01901	0.01600	0.01498	0.01316	0.06545	0.20440	0.00987	0.39787	0.03956	0.10197	0.01406	0.01447	0.03791	0.02032	0.00557	0.00161	0.00645	0.00480	0.00457	0.00797
20	0.05611	0.01289	0.01390	0.01097	0.01460	0.01409	0.00886	0.56053	0.04932	0.08177	0.01422	0.04039	0.01112	0.07811	0.00716	0.00193	0.00544	0.00534	0.00509	0.00816
21	0.01099	0.11372	0.70382	0.01441	0.02186	0.01322	0.01839	0.01664	0.01112	0.01627	0.00925	0.01087	0.00671	0.00497	0.00484	0.00161	0.00758	0.00379	0.00224	0.00770
22	0.85155	0.01022	0.00777	0.00695	0.01022	0.01186	0.00573	0.01554	0.00900	0.02372	0.00736	0.00859	0.00573	0.00491	0.00327	0.00164	0.00409	0.00286	0.00327	0.00573
23	0.02372	0.00900	0.01227	0.00941	0.01350	0.00777	0.00777	0.02576	0.01513	0.78489	0.02086	0.01799	0.01309	0.00654	0.00532	0.00164	0.00450	0.00532	0.00654	0.00900
24	0.01413	0.81739	0.02770	0.00905	0.01357	0.02092	0.00905	0.01583	0.01074	0.01244	0.00735	0.00848	0.00678	0.00452	0.00339	0.00113	0.00565	0.00283	0.00226	0.00678
25	0.00763	0.00510	0.00578	0.00584	0.00585	0.00509	0.00328	0.00767	0.00780	0.01040	0.01722	0.06965	0.01993	0.77818	0.02600	0.00499	0.00503	0.00802	0.00328	0.00325
26	0.00643	0.00465	0.00609	0.00724	0.00764	0.00430	0.00485	0.00737	0.01024	0.01354	0.03063	0.76418	0.08058	0.01637	0.00672	0.00212	0.00304	0.01479	0.00491	0.00430
27	0.00631	0.00527	0.00549	0.00562	0.00722	0.00446	0.00414	0.00764	0.01193	0.01441	0.07346	0.13394	0.67468	0.01366	0.00630	0.00182	0.00271	0.01153	0.00494	0.00446
28	0.00761	0.00539	0.00716	0.00739	0.00840	0.00551	0.00552	0.00922	0.01021	0.03019	0.07164	0.20395	0.14228	0.05491	0.32586	0.00469	0.00760	0.03548	0.05236	0.00465
29	0.16509	0.18195	0.08671	0.01079	0.01480	0.09237	0.06103	0.15410	0.02996	0.04771	0.02505	0.01222	0.00894	0.00546	0.00439	0.00147	0.00579	0.00406	0.08114	0.00696
30	0.06630	0.00986	0.00948	0.00852	0.01079	0.08464	0.00652	0.09531	0.16106	0.03652	0.17666	0.06118	0.11880	0.04925	0.00646	0.00181	0.00421	0.00714	0.06269	0.02281
31	0.43467	0.08429	0.08165	0.00961	0.02879	0.12525	0.00825	0.05655	0.01126	0.02003	0.02513	0.01124	0.00795	0.04359	0.00501	0.00169	0.00550	0.00356	0.00315	0.03283
32	0.13765	0.13045	0.16405	0.04411	0.03006	0.05603	0.07779	0.10341	0.05932	0.05564	0.03698	0.01537	0.02893	0.00600	0.00486	0.00161	0.00608	0.03110	0.00349	0.00708
33	0.10668	0.19293	0.27166	0.02665	0.05132	0.06905	0.03018	0.01628	0.01147	0.06068	0.05069	0.04913	0.01068	0.00594	0.00496	0.00156	0.02570	0.00453	0.00298	0.00692
34	0.05426	0.11092	0.18047	0.03120	0.19069	0.16782	0.04872	0.07478	0.01319	0.03331	0.01122	0.01283	0.03720	0.00541	0.00488	0.00153	0.00700	0.00431	0.00292	0.00731

[dist]
# distance from previous block
# <min> <max>
8	12

[block]
# block no. 5 follows, 46 sequences, length 13
# corresponding to MSA columns:
# 443-455
name=unknown_F
#
# <colnr> <probs for GDERKNQSTAVLIFYWHMCP>
#	G	D	E	R	K	N	Q	S	T	A	V	L	I	F	Y	W	H	M	C	P
0	0.05955	0.04945	0.18325	0.06586	0.15034	0.01240	0.16266	0.06352	0.02670	0.05523	0.01323	0.04706	0.04321	0.00605	0.00580	0.00170	0.03814	0.00542	0.00315	0.00726
1	0.05029	0.13996	0.05263	0.08662	0.01834	0.16234	0.11426	0.12623	0.01350	0.01721	0.03135	0.01315	0.00911	0.03065	0.03784	0.00197	0.08033	0.00453	0.00306	0.00662
2	0.00759	0.00577	0.00703	0.00665	0.00812	0.00540	0.00500	0.01064	0.06242	0.01985	0.58272	0.04055	0.19627	0.01110	0.00618	0.00170	0.00264	0.00966	0.00561	0.00510
3	0.01348	0.01253	0.02058	0.08499	0.66203	0.01284	0.01558	0.08112	0.01305	0.01840	0.01014	0.01312	0.00833	0.00489	0.00524	0.00159	0.00629	0.00471	0.00283	0.00825
4	0.00649	0.00537	0.00569	0.00561	0.00729	0.00457	0.00421	0.00806	0.01263	0.01565	0.19668	0.04863	0.63511	0.01288	0.00625	0.00176	0.00264	0.01084	0.00509	0.00457
5	0.01096	0.00940	0.01096	0.00783	0.01253	0.00705	0.00626	0.01331	0.01096	0.01723	0.00940	0.01096	0.00783	0.00392	0.00392	0.00078	0.00392	0.00313	0.00313	0.84653
6	0.00718	0.00571	0.00641	0.00624	0.00779	0.00521	0.00463	0.00970	0.06102	0.01695	0.29705	0.07701	0.41804	0.04496	0.00705	0.00190	0.00283	0.01031	0.00518	0.00483
7	0.00768	0.00515	0.00591	0.00591	0.00596	0.00520	0.00338	0.00778	0.00773	0.01035	0.01653	0.03388	0.01891	0.77423	0.06646	0.00530	0.00559	0.00758	0.00318	0.00328
8	0.00851	0.00594	0.00707	0.00685	0.00796	0.00575	0.00480	0.02665	0.06225	0.04604	0.26847	0.15295	0.12469	0.23464	0.01194	0.00272	0.00359	0.00956	0.00483	0.00479
9	0.01353	0.04841	0.08800	0.01103	0.02747	0.07382	0.00941	0.10157	0.25031	0.07558	0.05835	0.05610	0.05513	0.00833	0.00557	0.00177	0.00515	0.09859	0.00466	0.00721
10	0.00954	0.00706	0.00758	0.00733	0.00882	0.04551	0.00553	0.02761	0.05414	0.04971	0.15455	0.11171	0.19893	0.05742	0.02211	0.02455	0.01953	0.05852	0.12472	0.00512
11	0.11518	0.07159	0.04450	0.06154	0.03713	0.18402	0.00934	0.16721	0.02876	0.08965	0.05955	0.01560	0.05458	0.00631	0.00486	0.00152	0.00600	0.00474	0.00394	0.03398
12	0.11036	0.12908	0.05932	0.03201	0.03490	0.03829	0.00935	0.27056	0.06902	0.02250	0.02606	0.08522	0.01152	0.00671	0.00502	0.00156	0.01872	0.00517	0.00401	0.06063

[dist]
# distance from previous block
# <min> <max>
2	11

[block]
# block no. 6 follows, 46 sequences, length 19
# corresponding to MSA columns:
# 467-485
name=unknown_G
#
# <colnr> <probs for GDERKNQSTAVLIFYWHMCP>
#	G	D	E	R	K	N	Q	S	T	A	V	L	I	F	Y	W	H	M	C	P
0	0.03059	0.11760	0.35702	0.01182	0.02883	0.02404	0.02568	0.01504	0.04900	0.01635	0.05356	0.02163	0.10535	0.01906	0.00548	0.00169	0.00597	0.06413	0.00320	0.04396
1	0.05910	0.02141	0.05149	0.00947	0.01309	0.00882	0.00807	0.05144	0.09373	0.45806	0.07185	0.05744	0.03288	0.00758	0.00539	0.00170	0.00446	0.03035	0.00571	0.00796
2	0.01516	0.01108	0.01232	0.01019	0.01332	0.01175	0.00808	0.39739	0.09535	0.05607	0.06415	0.17268	0.03359	0.00869	0.00557	0.00167	0.00466	0.00723	0.00515	0.06589
3	0.05657	0.10878	0.09033	0.11705	0.30051	0.07362	0.07498	0.04245	0.02450	0.01669	0.01008	0.01334	0.00830	0.00571	0.01749	0.00169	0.00684	0.02101	0.00275	0.00730
4	0.00746	0.00530	0.00672	0.00742	0.00801	0.00514	0.00506	0.03815	0.03273	0.01444	0.06047	0.59710	0.05917	0.06611	0.00871	0.05256	0.00339	0.01288	0.00471	0.00445
5	0.00659	0.00472	0.00612	0.00718	0.00757	0.00442	0.00481	0.00750	0.01008	0.01333	0.02938	0.68551	0.07352	0.08268	0.00841	0.00238	0.00326	0.03353	0.00476	0.00423
6	0.01275	0.01507	0.15095	0.06736	0.30688	0.01233	0.26192	0.01677	0.01212	0.05701	0.01108	0.01455	0.00867	0.00504	0.00559	0.00169	0.00732	0.02241	0.00281	0.00768
7	0.01653	0.05060	0.01361	0.01042	0.01365	0.01270	0.00843	0.45299	0.01937	0.09454	0.06190	0.12107	0.01567	0.03203	0.04962	0.00213	0.00557	0.00649	0.00504	0.00763
8	0.80439	0.05568	0.00889	0.00707	0.01041	0.01237	0.00591	0.01556	0.00910	0.02308	0.00736	0.00858	0.00578	0.00489	0.00328	0.00161	0.00418	0.00286	0.00321	0.00578
9	0.04258	0.00869	0.01167	0.00909	0.01289	0.00761	0.00746	0.02404	0.01496	0.69496	0.09116	0.01977	0.01634	0.00690	0.00535	0.00164	0.00430	0.00565	0.00640	0.00854
10	0.11255	0.01402	0.01405	0.01108	0.01489	0.05272	0.00907	0.58443	0.02151	0.03018	0.01223	0.01263	0.00888	0.00613	0.00491	0.00155	0.00554	0.00449	0.07096	0.00817
11	0.85155	0.01022	0.00777	0.00695	0.01022	0.01186	0.00573	0.01554	0.00900	0.02372	0.00736	0.00859	0.00573	0.00491	0.00327	0.00164	0.00409	0.00286	0.00327	0.00573
12	0.00700	0.00506	0.00634	0.00681	0.00753	0.00472	0.00474	0.00830	0.01130	0.01513	0.21864	0.35570	0.12797	0.14383	0.00985	0.00248	0.00331	0.05209	0.00486	0.00434
13	0.00737	0.00540	0.00691	0.00653	0.00783	0.00494	0.00490	0.00976	0.01470	0.02056	0.71165	0.04054	0.11708	0.01105	0.00624	0.00167	0.00251	0.00971	0.00574	0.00494
14	0.00768	0.00610	0.00702	0.00719	0.00864	0.00589	0.00539	0.01108	0.11838	0.01626	0.14336	0.21559	0.31374	0.02811	0.00673	0.00198	0.00321	0.08351	0.00507	0.00506
15	0.04542	0.09849	0.01649	0.01146	0.01564	0.01627	0.00960	0.59806	0.06452	0.02972	0.01236	0.01247	0.00902	0.00608	0.00499	0.00153	0.00560	0.00452	0.00485	0.03291
16	0.04570	0.00633	0.00760	0.00803	0.00911	0.00643	0.00578	0.07342	0.06812	0.01681	0.06943	0.56006	0.04299	0.01402	0.00636	0.00203	0.00347	0.04424	0.00495	0.00512
17	0.07616	0.09445	0.25047	0.01416	0.10210	0.06326	0.03318	0.01837	0.04568	0.16380	0.01296	0.06103	0.01023	0.00613	0.00525	0.00163	0.02523	0.00490	0.00353	0.00748
18	0.13298	0.41040	0.08921	0.01068	0.04816	0.07086	0.00968	0.03591	0.01160	0.07434	0.00900	0.01000	0.00730	0.00486	0.00393	0.00132	0.00574	0.00331	0.00291	0.05783

[dist]
# distance from previous block
# <min> <max>
8	12

[block]
# block no. 7 follows, 46 sequences, length 7
# corresponding to MSA columns:
# 498-504
name=unknown_H
#
# <colnr> <probs for GDERKNQSTAVLIFYWHMCP>
#	G	D	E	R	K	N	Q	S	T	A	V	L	I	F	Y	W	H	M	C	P
0	0.00746	0.00512	0.00620	0.00633	0.00660	0.00510	0.00395	0.00806	0.00902	0.01225	0.11262	0.15098	0.02491	0.53382	0.08153	0.00451	0.00520	0.00887	0.00375	0.00371
1	0.03631	0.16419	0.03664	0.01113	0.03499	0.07748	0.03612	0.21001	0.05203	0.06803	0.01325	0.05647	0.01102	0.01037	0.10037	0.00235	0.00670	0.00503	0.06042	0.00707
2	0.11784	0.07733	0.01417	0.03781	0.09602	0.05697	0.00929	0.16957	0.10221	0.11478	0.03237	0.01993	0.04225	0.00707	0.00512	0.00167	0.00526	0.07862	0.00439	0.00734
3	0.04082	0.00914	0.03918	0.01015	0.04137	0.04049	0.06628	0.01478	0.01314	0.18358	0.21614	0.13501	0.08566	0.00900	0.00569	0.00166	0.00433	0.00790	0.00485	0.07083
4	0.04985	0.10068	0.01349	0.02952	0.01298	0.05845	0.00817	0.17027	0.01370	0.11599	0.03926	0.01765	0.03447	0.06365	0.18339	0.00336	0.06952	0.00517	0.00390	0.00653
5	0.06002	0.02882	0.01192	0.01031	0.04036	0.01020	0.00800	0.17841	0.10677	0.21098	0.10198	0.06821	0.04350	0.00915	0.02610	0.00191	0.00474	0.06599	0.00526	0.00737
6	0.01318	0.07403	0.03396	0.01112	0.06708	0.05347	0.00838	0.13328	0.14138	0.07448	0.09959	0.12233	0.06208	0.00866	0.00548	0.00169	0.00467	0.03864	0.03967	0.00686

[dist]
# distance from previous block
# <min> <max>
16	46

[block]
# block no. 8 follows, 46 sequences, length 96
# corresponding to MSA columns:
# 551-646
name=unknown_I
#
# <colnr> <probs for GDERKNQSTAVLIFYWHMCP>
#	G	D	E	R	K	N	Q	S	T	A	V	L	I	F	Y	W	H	M	C	P
0	0.00953	0.06265	0.00914	0.00730	0.00913	0.00695	0.00573	0.05781	0.01429	0.06502	0.44229	0.06934	0.13753	0.03000	0.02359	0.00191	0.00349	0.03359	0.00526	0.00545
1	0.04074	0.03528	0.04590	0.00981	0.01374	0.00932	0.00843	0.07069	0.08046	0.53234	0.04005	0.01986	0.01439	0.00698	0.00533	0.00168	0.00469	0.04606	0.00585	0.00841
2	0.70692	0.01089	0.05089	0.00753	0.01091	0.01142	0.00655	0.03768	0.01011	0.02341	0.07452	0.01153	0.00971	0.00547	0.00369	0.00164	0.00421	0.00356	0.00350	0.00587
3	0.00840	0.00648	0.04911	0.00654	0.00723	0.00555	0.00445	0.00894	0.00852	0.04439	0.01853	0.09138	0.04309	0.64996	0.02261	0.00446	0.00502	0.00804	0.00347	0.00383
4	0.01014	0.05232	0.00967	0.00813	0.01030	0.00864	0.00635	0.04796	0.22895	0.04034	0.17824	0.09024	0.21420	0.02783	0.00631	0.00184	0.00361	0.04372	0.00510	0.00611
5	0.01486	0.08949	0.02002	0.07380	0.45217	0.12495	0.01378	0.11559	0.01394	0.01809	0.00978	0.01216	0.00800	0.00505	0.00501	0.00151	0.00667	0.00435	0.00294	0.00783
6	0.00657	0.00476	0.00617	0.00710	0.00761	0.00440	0.00481	0.00768	0.01075	0.01434	0.11424	0.65120	0.09188	0.03294	0.00709	0.00213	0.00302	0.01397	0.00497	0.00436
7	0.03155	0.19883	0.46258	0.05391	0.06262	0.01442	0.02827	0.03449	0.01129	0.01610	0.00900	0.01086	0.00689	0.00507	0.00509	0.00157	0.03386	0.00381	0.00238	0.00742
8	0.02782	0.53221	0.18925	0.01218	0.05843	0.01775	0.04442	0.01637	0.01107	0.03588	0.00848	0.00983	0.00707	0.00470	0.00402	0.00132	0.00623	0.00338	0.00243	0.00715
9	0.01085	0.01032	0.01764	0.45365	0.28071	0.01154	0.04702	0.01411	0.01117	0.01493	0.01186	0.04927	0.03275	0.00580	0.00540	0.00172	0.00657	0.00542	0.00264	0.00664
10	0.01208	0.02093	0.50144	0.01435	0.03880	0.01129	0.07428	0.05784	0.01286	0.08486	0.10711	0.01568	0.01293	0.00590	0.00532	0.00167	0.00680	0.00499	0.00327	0.00759
11	0.01141	0.01109	0.03224	0.02435	0.48571	0.01061	0.08383	0.01440	0.01215	0.01684	0.04752	0.04008	0.09329	0.00715	0.00572	0.00172	0.00581	0.08554	0.00327	0.00724
12	0.01175	0.01359	0.06784	0.02155	0.13039	0.01213	0.52829	0.01570	0.01207	0.01657	0.01270	0.10778	0.01117	0.00595	0.00609	0.00179	0.00780	0.00693	0.00291	0.00701
13	0.00667	0.00489	0.00595	0.00662	0.00722	0.00451	0.00442	0.00758	0.01029	0.01340	0.06418	0.47896	0.18734	0.16032	0.01028	0.00259	0.00333	0.01266	0.00464	0.00416
14	0.00653	0.00529	0.00581	0.00593	0.00743	0.00457	0.00440	0.00802	0.01227	0.01531	0.16332	0.14393	0.55201	0.01341	0.00634	0.00183	0.00276	0.03127	0.00505	0.00454
15	0.01144	0.09473	0.66540	0.01458	0.02188	0.01306	0.04056	0.03323	0.01155	0.03258	0.00964	0.01120	0.00693	0.00502	0.00493	0.00163	0.00755	0.00393	0.00240	0.00775
16	0.01264	0.01309	0.12345	0.13416	0.13557	0.04350	0.01203	0.03622	0.20152	0.07340	0.01750	0.02225	0.04377	0.00726	0.00554	0.00178	0.00576	0.09935	0.00394	0.00728
17	0.01060	0.02735	0.78682	0.01507	0.02288	0.01228	0.01953	0.01674	0.01116	0.01674	0.00949	0.01116	0.00670	0.00502	0.00502	0.00167	0.00781	0.00391	0.00223	0.00781
18	0.01124	0.01053	0.01749	0.53138	0.26315	0.01214	0.01491	0.03280	0.02668	0.01531	0.00989	0.01386	0.00768	0.00517	0.00527	0.00170	0.00673	0.00473	0.00256	0.00676
19	0.01349	0.01134	0.06305	0.03372	0.01388	0.02919	0.00842	0.25682	0.03128	0.06379	0.04675	0.20892	0.03489	0.00864	0.00544	0.00160	0.00477	0.00728	0.00455	0.15218
20	0.00725	0.00529	0.00657	0.00662	0.00783	0.00478	0.00487	0.00910	0.01312	0.03047	0.40630	0.21579	0.21985	0.01274	0.00636	0.00182	0.00276	0.02834	0.00539	0.00477
21	0.00643	0.00462	0.00611	0.00730	0.00765	0.00430	0.00488	0.00737	0.01018	0.01352	0.02992	0.78638	0.05884	0.01646	0.00673	0.00214	0.00305	0.01490	0.00491	0.00430
22	0.02477	0.03630	0.01226	0.11149	0.06126	0.08063	0.00881	0.08796	0.15573	0.01784	0.06443	0.21853	0.01904	0.02356	0.00641	0.00184	0.03573	0.00772	0.01935	0.00632
23	0.02910	0.05128	0.56883	0.01540	0.07382	0.01258	0.02967	0.05020	0.04481	0.06006	0.01071	0.01201	0.00768	0.00521	0.00501	0.00165	0.00715	0.00415	0.00279	0.00790
24	0.02043	0.00881	0.01161	0.00944	0.01301	0.00808	0.00777	0.02395	0.09817	0.59358	0.03937	0.02281	0.01600	0.00750	0.00551	0.00172	0.00442	0.07822	0.02123	0.00835
25	0.00674	0.00536	0.00605	0.00591	0.00745	0.00467	0.00442	0.00852	0.01315	0.01698	0.33778	0.06417	0.47520	0.01245	0.00625	0.00175	0.00261	0.01062	0.00527	0.00467
26	0.01672	0.21169	0.16620	0.01240	0.03508	0.20542	0.01146	0.07566	0.03224	0.14186	0.01098	0.01162	0.00825	0.00554	0.00506	0.00148	0.03366	0.00391	0.00339	0.00739
27	0.00746	0.00560	0.00672	0.00647	0.00772	0.00524	0.00470	0.00990	0.04820	0.01802	0.45763	0.07126	0.20197	0.11536	0.00889	0.00216	0.00298	0.00972	0.00523	0.00477
28	0.00646	0.00535	0.00558	0.00553	0.00718	0.00455	0.00410	0.00788	0.01223	0.01496	0.14035	0.04885	0.66031	0.04469	0.00706	0.00190	0.00275	0.01083	0.00495	0.00448
29	0.01157	0.01500	0.16478	0.21087	0.16667	0.01283	0.25053	0.01563	0.01137	0.01582	0.00974	0.01323	0.00752	0.00516	0.00642	0.00176	0.06650	0.00503	0.00248	0.00708
30	0.01305	0.05696	0.05398	0.13858	0.56701	0.01269	0.01539	0.01625	0.01185	0.04956	0.01017	0.01310	0.00823	0.00487	0.00513	0.00158	0.00634	0.00460	0.00271	0.00793
31	0.02339	0.00907	0.01226	0.00945	0.01350	0.00794	0.00779	0.02584	0.03867	0.76116	0.02088	0.01805	0.01318	0.00656	0.00532	0.00164	0.00449	0.00534	0.00651	0.00898
32	0.02271	0.01015	0.01292	0.00996	0.01404	0.00953	0.00821	0.16206	0.04120	0.62167	0.01937	0.01707	0.01243	0.00653	0.00531	0.00163	0.00473	0.00523	0.00627	0.00898
33	0.01096	0.00940	0.01096	0.00783	0.01253	0.00705	0.00626	0.01331	0.01096	0.01723	0.00940	0.01096	0.00783	0.00392	0.00392	0.00078	0.00392	0.00313	0.00313	0.84653
34	0.00826	0.00851	0.08674	0.01074	0.01270	0.00678	0.10305	0.01060	0.01115	0.01497	0.02452	0.39920	0.02738	0.01329	0.00669	0.00214	0.00483	0.23892	0.00435	0.00518
35	0.00864	0.00623	0.00861	0.00976	0.01103	0.00628	0.00851	0.01142	0.03273	0.01599	0.02782	0.05855	0.03004	0.01440	0.00725	0.00242	0.00485	0.72563	0.00488	0.00496
36	0.03769	0.06427	0.60612	0.01605	0.10083	0.01265	0.01764	0.03453	0.01159	0.01731	0.02828	0.01188	0.00796	0.00513	0.00494	0.00163	0.00725	0.00406	0.00247	0.00771
37	0.01083	0.07758	0.73855	0.01468	0.02229	0.01283	0.01887	0.01668	0.01113	0.01647	0.00935	0.01099	0.00670	0.00499	0.00492	0.00164	0.00768	0.00384	0.00223	0.00775
38	0.00747	0.00546	0.00670	0.00635	0.00780	0.00490	0.00478	0.00964	0.01416	0.03503	0.56182	0.04220	0.25132	0.01144	0.00622	0.00170	0.00259	0.00992	0.00558	0.00493
39	0.05557	0.03247	0.07506	0.01203	0.01649	0.01577	0.01051	0.63973	0.02257	0.04939	0.01230	0.01243	0.00872	0.00615	0.00514	0.00159	0.00586	0.00458	0.00493	0.00871
40	0.00644	0.00460	0.00613	0.00736	0.00767	0.00429	0.00491	0.00736	0.01012	0.01350	0.02914	0.81076	0.03497	0.01656	0.00675	0.00215	0.00307	0.01503	0.00491	0.00429
41	0.00644	0.00460	0.00613	0.00736	0.00767	0.00429	0.00491	0.00736	0.01012	0.01350	0.02914	0.81076	0.03497	0.01656	0.00675	0.00215	0.00307	0.01503	0.00491	0.00429
42	0.01012	0.02906	0.02823	0.02839	0.07340	0.08738	0.00720	0.03756	0.03181	0.03503	0.36045	0.03296	0.19868	0.00959	0.00581	0.00164	0.00407	0.00814	0.00477	0.00570
43	0.01406	0.80129	0.04317	0.00917	0.01376	0.02074	0.00926	0.01585	0.01075	0.01253	0.00739	0.00853	0.00678	0.00453	0.00343	0.00114	0.00570	0.00285	0.00226	0.00681
44	0.02362	0.00916	0.01237	0.00948	0.01358	0.00801	0.00783	0.04665	0.01541	0.76362	0.02063	0.01784	0.01297	0.00654	0.00532	0.00163	0.00454	0.00530	0.00651	0.00900
45	0.01088	0.00621	0.00807	0.00725	0.00908	0.00565	0.00553	0.01328	0.02706	0.18118	0.50857	0.07765	0.07993	0.02778	0.00651	0.00177	0.00304	0.00895	0.00581	0.00578
