[name]
unknown

[dist]
# distance from previous block
# <min> <max>
6	150

[block]
# block no. 0 follows, 42 sequences, length 19
# corresponding to MSA columns:
# 181-199
name=unknown_A
#
# <colnr> <probs for GDERKNQSTAVLIFYWHMCP>
#	G	D	E	R	K	N	Q	S	T	A	V	L	I	F	Y	W	H	M	C	P
0	0.03022	0.01296	0.03222	0.19970	0.16056	0.05739	0.17742	0.01560	0.01165	0.01596	0.01107	0.04617	0.00956	0.00890	0.05930	0.00240	0.13346	0.00574	0.00281	0.00692
1	0.01690	0.03359	0.01423	0.01228	0.01491	0.34573	0.03765	0.09659	0.01533	0.08246	0.01753	0.17041	0.05365	0.00891	0.00626	0.00174	0.04026	0.00703	0.01789	0.00666
2	0.04677	0.01107	0.01373	0.07362	0.05154	0.01196	0.02901	0.29963	0.01706	0.07745	0.01687	0.13849	0.01560	0.10318	0.03621	0.00254	0.02247	0.02082	0.00470	0.00728
3	0.04322	0.00811	0.01222	0.19791	0.06005	0.00897	0.03921	0.02552	0.01148	0.01590	0.04023	0.36548	0.02354	0.01197	0.00734	0.00212	0.06089	0.05607	0.00410	0.00567
4	0.00800	0.00565	0.00733	0.00759	0.00791	0.00596	0.00508	0.00867	0.00904	0.01236	0.01995	0.23190	0.02254	0.36392	0.19584	0.03761	0.03330	0.00950	0.00373	0.00414
5	0.01257	0.19139	0.36934	0.01288	0.01915	0.01345	0.04542	0.01679	0.01191	0.04563	0.01119	0.05233	0.00925	0.00568	0.00491	0.00151	0.00670	0.00453	0.00291	0.16246
6	0.04477	0.29536	0.13724	0.03411	0.10479	0.01563	0.01190	0.09708	0.01400	0.10259	0.05230	0.01373	0.01093	0.00575	0.00479	0.00151	0.00606	0.00440	0.00359	0.03948
7	0.02005	0.01482	0.07459	0.01211	0.01660	0.01451	0.01053	0.46200	0.08383	0.16229	0.01584	0.01543	0.01106	0.00674	0.00553	0.00170	0.00576	0.00522	0.05221	0.00917
8	0.00841	0.00497	0.00683	0.00733	0.00765	0.00476	0.00494	0.00774	0.00924	0.01230	0.02214	0.32118	0.08369	0.01802	0.01452	0.42286	0.00403	0.00976	0.02609	0.00353
9	0.06898	0.01251	0.07101	0.33875	0.06311	0.05361	0.01267	0.04991	0.04219	0.15826	0.04008	0.04030	0.01164	0.00652	0.00553	0.00180	0.00648	0.00544	0.00390	0.00733
10	0.06935	0.03981	0.01006	0.00852	0.01071	0.02346	0.00657	0.08631	0.08496	0.05146	0.10428	0.07457	0.13442	0.10647	0.02854	0.05785	0.00474	0.05357	0.00468	0.03967
11	0.00818	0.00546	0.00614	0.00614	0.00614	0.00546	0.00341	0.00818	0.00818	0.01091	0.01773	0.03683	0.02046	0.80222	0.02864	0.00546	0.00546	0.00818	0.00341	0.00341
12	0.01172	0.00763	0.00958	0.15576	0.01469	0.00819	0.00745	0.09805	0.01390	0.05117	0.09782	0.05000	0.04696	0.00909	0.03659	0.00190	0.00459	0.00639	0.36244	0.00607
13	0.01183	0.02727	0.01899	0.42418	0.19042	0.01257	0.08444	0.02937	0.04204	0.01622	0.01188	0.04477	0.00989	0.00656	0.00631	0.02966	0.00706	0.01668	0.00292	0.00694
14	0.01126	0.00755	0.00998	0.01047	0.01226	0.00764	0.00896	0.06870	0.04336	0.07280	0.02781	0.08675	0.02895	0.01405	0.00735	0.00242	0.00512	0.56326	0.00537	0.00595
15	0.01111	0.01045	0.01578	0.34069	0.02401	0.01367	0.01276	0.01326	0.01008	0.01410	0.04088	0.01617	0.03187	0.00882	0.01242	0.05028	0.35967	0.00537	0.00271	0.00591
16	0.08035	0.00960	0.01044	0.02299	0.01199	0.05093	0.00713	0.11874	0.01384	0.15913	0.01939	0.09685	0.04008	0.17158	0.05499	0.00296	0.00577	0.05690	0.02644	0.03990
17	0.01559	0.00876	0.01090	0.03369	0.01273	0.00869	0.00749	0.16692	0.01569	0.23707	0.05011	0.26647	0.02248	0.05760	0.00751	0.00213	0.00457	0.02670	0.03781	0.00710
18	0.79723	0.01081	0.00853	0.00754	0.01107	0.01239	0.00621	0.01714	0.00994	0.06611	0.00862	0.00969	0.00652	0.00532	0.00360	0.00174	0.00438	0.00319	0.00367	0.00629

[dist]
# distance from previous block
# <min> <max>
0	3

[block]
# block no. 1 follows, 42 sequences, length 17
# corresponding to MSA columns:
# 203-219
name=unknown_B
#
# <colnr> <probs for GDERKNQSTAVLIFYWHMCP>
#	G	D	E	R	K	N	Q	S	T	A	V	L	I	F	Y	W	H	M	C	P
0	0.01144	0.00901	0.00948	0.04705	0.01083	0.07472	0.00617	0.07818	0.01148	0.04205	0.05412	0.02883	0.01810	0.46997	0.05712	0.00424	0.03499	0.00704	0.00374	0.02146
1	0.08025	0.12281	0.23622	0.01469	0.07211	0.01337	0.09663	0.01904	0.10410	0.07639	0.04709	0.01550	0.01167	0.00728	0.03437	0.00198	0.00680	0.00502	0.02692	0.00777
2	0.01269	0.00944	0.01141	0.00887	0.01307	0.00762	0.00720	0.03736	0.01251	0.08291	0.01396	0.01994	0.01232	0.00672	0.00557	0.03491	0.00446	0.10665	0.00394	0.58845
3	0.01893	0.18031	0.01787	0.01243	0.01583	0.43547	0.00997	0.13626	0.01634	0.01777	0.01016	0.01143	0.00826	0.00582	0.00476	0.00143	0.00801	0.00388	0.07803	0.00704
4	0.02444	0.06036	0.23913	0.08668	0.02396	0.01334	0.25377	0.01662	0.01213	0.03696	0.01270	0.03276	0.01078	0.00678	0.00708	0.00194	0.07596	0.07432	0.00301	0.00728
5	0.00780	0.00552	0.00645	0.00654	0.00703	0.00542	0.00414	0.00842	0.00955	0.01259	0.05574	0.10445	0.14098	0.50098	0.09669	0.00482	0.00569	0.00932	0.00393	0.00396
6	0.01725	0.08129	0.01502	0.01128	0.01505	0.01446	0.00917	0.20147	0.38791	0.13130	0.02026	0.01890	0.03677	0.00728	0.00554	0.00177	0.00501	0.00583	0.00558	0.00889
7	0.00815	0.00595	0.00863	0.00863	0.00957	0.00682	0.00659	0.01001	0.00908	0.01320	0.01544	0.02334	0.01464	0.10669	0.68263	0.00841	0.01372	0.00618	0.03739	0.00489
8	0.76234	0.01077	0.00889	0.04027	0.01224	0.01238	0.00661	0.01705	0.01001	0.06571	0.00871	0.00994	0.00658	0.00534	0.00369	0.00175	0.00451	0.00327	0.00363	0.00629
9	0.06052	0.01719	0.01642	0.01465	0.08186	0.16857	0.01088	0.46784	0.04260	0.02850	0.01239	0.01304	0.00920	0.00636	0.00537	0.00164	0.00681	0.00472	0.02282	0.00862
10	0.01383	0.00745	0.00957	0.00825	0.01059	0.00691	0.00639	0.05233	0.02821	0.24547	0.41179	0.05657	0.05804	0.05001	0.00741	0.00197	0.00366	0.00864	0.00619	0.00672
11	0.00684	0.00513	0.00635	0.00727	0.00803	0.00464	0.00499	0.00799	0.01146	0.01484	0.06155	0.58638	0.22093	0.01658	0.00703	0.00217	0.00314	0.01477	0.00526	0.00464
12	0.02175	0.01331	0.01517	0.01179	0.01602	0.01399	0.00967	0.49146	0.02249	0.25496	0.01708	0.05828	0.01240	0.00742	0.00572	0.00174	0.00561	0.00584	0.00601	0.00930
13	0.05496	0.00947	0.01248	0.00971	0.01385	0.00843	0.00799	0.02636	0.03433	0.68625	0.02149	0.01892	0.01374	0.00690	0.00549	0.00172	0.00465	0.00556	0.04850	0.00921
14	0.01049	0.00525	0.00525	0.00525	0.00656	0.00525	0.00393	0.01311	0.01180	0.02098	0.01836	0.02098	0.01442	0.00656	0.00393	0.00131	0.00262	0.00525	0.83346	0.00525
15	0.09657	0.01037	0.01206	0.04905	0.01446	0.01078	0.00823	0.14803	0.13963	0.24546	0.13084	0.02210	0.04676	0.00774	0.00558	0.00176	0.00461	0.00628	0.03167	0.00801
16	0.11894	0.01085	0.01264	0.03813	0.01489	0.04831	0.00836	0.04712	0.05204	0.50990	0.01963	0.01795	0.03225	0.00677	0.00535	0.00171	0.00506	0.00532	0.00591	0.03890

[dist]
# distance from previous block
# <min> <max>
1	4

[block]
# block no. 2 follows, 42 sequences, length 48
# corresponding to MSA columns:
# 224-271
name=unknown_C
#
# <colnr> <probs for GDERKNQSTAVLIFYWHMCP>
#	G	D	E	R	K	N	Q	S	T	A	V	L	I	F	Y	W	H	M	C	P
0	0.12727	0.01549	0.11365	0.05219	0.02321	0.03324	0.34951	0.01927	0.08311	0.06841	0.01226	0.01447	0.00909	0.00551	0.00612	0.00184	0.03133	0.00549	0.00340	0.02514
1	0.02058	0.03670	0.01463	0.01137	0.01508	0.13217	0.00919	0.17788	0.03349	0.31850	0.03731	0.01648	0.01235	0.02751	0.00683	0.00176	0.05511	0.00515	0.00525	0.06267
2	0.01186	0.00945	0.01059	0.00897	0.01205	0.02576	0.00685	0.04000	0.17754	0.05033	0.12140	0.11644	0.03511	0.05420	0.00681	0.00174	0.00419	0.00709	0.00474	0.29488
3	0.02484	0.00964	0.03270	0.05083	0.11611	0.04524	0.00893	0.05133	0.02416	0.13777	0.03935	0.28138	0.05762	0.03524	0.00744	0.02859	0.00498	0.03260	0.00473	0.00653
4	0.00950	0.00684	0.00810	0.03946	0.00954	0.02381	0.00545	0.05514	0.01062	0.01436	0.05443	0.15292	0.02118	0.35786	0.07209	0.08304	0.00570	0.00839	0.02540	0.03616
5	0.58561	0.01099	0.00994	0.00839	0.01207	0.01213	0.00690	0.09431	0.01257	0.16074	0.01132	0.01174	0.00811	0.00574	0.00411	0.00172	0.00457	0.00379	0.02819	0.00706
6	0.01246	0.06724	0.40516	0.01923	0.19770	0.05075	0.01708	0.01746	0.03587	0.01737	0.01201	0.04474	0.01015	0.00639	0.00587	0.00179	0.03113	0.03678	0.00284	0.00798
7	0.01231	0.01346	0.02587	0.01947	0.02359	0.04990	0.51157	0.01594	0.01268	0.01686	0.01514	0.15916	0.01433	0.00775	0.00738	0.00200	0.05355	0.02889	0.00333	0.00683
8	0.00823	0.00571	0.00719	0.00707	0.00834	0.00521	0.00514	0.01021	0.01404	0.04781	0.44682	0.18688	0.15342	0.05868	0.00798	0.00210	0.00304	0.01125	0.00573	0.00514
9	0.00898	0.00708	0.00881	0.00867	0.00975	0.04472	0.00662	0.01083	0.00982	0.01392	0.01751	0.02403	0.05749	0.08801	0.54090	0.00701	0.03363	0.00629	0.09091	0.00502
10	0.13579	0.01209	0.01246	0.01003	0.01354	0.01324	0.00817	0.42606	0.01984	0.05445	0.01427	0.01504	0.01050	0.00649	0.00488	0.00160	0.00494	0.00485	0.22384	0.00793
11	0.01000	0.00698	0.00985	0.03301	0.01129	0.00734	0.02698	0.01144	0.01148	0.09791	0.06673	0.49183	0.05066	0.01419	0.00853	0.00219	0.11688	0.01225	0.00493	0.00553
12	0.01539	0.00824	0.01045	0.00890	0.01166	0.00787	0.00701	0.02009	0.14050	0.30022	0.36453	0.03002	0.03254	0.00917	0.00612	0.00178	0.00375	0.00786	0.00640	0.00750
13	0.00848	0.00629	0.00765	0.00798	0.00929	0.00613	0.00605	0.01123	0.09441	0.01614	0.09294	0.20007	0.23743	0.01494	0.00889	0.11178	0.00381	0.14653	0.00498	0.00500
14	0.01382	0.01326	0.02265	0.05889	0.74361	0.01334	0.01722	0.01718	0.01276	0.01826	0.01057	0.01396	0.00887	0.00503	0.00557	0.00168	0.00671	0.00501	0.00278	0.00883
15	0.01693	0.16677	0.01675	0.01234	0.01525	0.43973	0.00989	0.01923	0.04281	0.01494	0.05578	0.01961	0.01380	0.00836	0.02772	0.00181	0.00821	0.10018	0.00341	0.00645
16	0.84197	0.01088	0.00827	0.00740	0.01088	0.01262	0.00609	0.01654	0.00958	0.02525	0.00784	0.00914	0.00609	0.00522	0.00348	0.00174	0.00435	0.00305	0.00348	0.00609
17	0.00793	0.00546	0.00674	0.00696	0.00720	0.00559	0.00439	0.00847	0.00879	0.01190	0.01954	0.16560	0.02218	0.52778	0.16237	0.00557	0.00684	0.00914	0.00365	0.00391
18	0.01075	0.00740	0.00841	0.00780	0.00895	0.00767	0.00534	0.13320	0.02831	0.03393	0.02051	0.11707	0.05619	0.43822	0.06469	0.00423	0.00566	0.00841	0.02823	0.00505
19	0.07167	0.03883	0.01448	0.06215	0.01631	0.05158	0.00943	0.40063	0.05850	0.04108	0.01543	0.10897	0.01340	0.05155	0.00683	0.00196	0.00580	0.00633	0.00487	0.02021
20	0.01773	0.28384	0.01990	0.01208	0.01565	0.33656	0.01003	0.12345	0.01523	0.01663	0.00976	0.01150	0.00828	0.00938	0.08503	0.00219	0.00871	0.00387	0.00314	0.00704
21	0.54059	0.09385	0.11236	0.00911	0.01349	0.01309	0.00869	0.01817	0.01093	0.12108	0.01002	0.01081	0.00738	0.00543	0.00403	0.00169	0.00510	0.00353	0.00368	0.00696
22	0.00813	0.00612	0.00894	0.00883	0.00983	0.00699	0.00682	0.01015	0.00992	0.01427	0.11420	0.02494	0.01927	0.05846	0.63994	0.00784	0.03026	0.00661	0.00343	0.00504
23	0.00792	0.00575	0.00745	0.00703	0.00838	0.00529	0.00527	0.01053	0.01581	0.02229	0.73789	0.04249	0.07953	0.01161	0.00664	0.00177	0.00266	0.01024	0.00616	0.00529
24	0.01248	0.01108	0.03801	0.35643	0.02675	0.01125	0.13551	0.01535	0.01292	0.01834	0.01746	0.06598	0.04978	0.00800	0.00631	0.00210	0.00682	0.00686	0.19152	0.00707
25	0.01763	0.01252	0.01359	0.01126	0.01488	0.01382	0.00903	0.29373	0.33514	0.10945	0.01892	0.01803	0.01375	0.00713	0.00551	0.00175	0.00496	0.00570	0.08431	0.00888
26	0.54595	0.01073	0.01078	0.09072	0.01496	0.01201	0.02489	0.03796	0.03913	0.12375	0.03519	0.01286	0.00937	0.00582	0.00432	0.00176	0.00486	0.00409	0.00406	0.00679
27	0.00932	0.00647	0.00874	0.00959	0.01087	0.00639	0.00792	0.02802	0.02547	0.03877	0.09913	0.21207	0.03408	0.01503	0.00740	0.00239	0.00454	0.46309	0.00536	0.00535
28	0.00696	0.00571	0.00613	0.00603	0.00779	0.00488	0.00452	0.00868	0.01356	0.01694	0.22414	0.05129	0.59661	0.01360	0.00665	0.00187	0.00280	0.01148	0.00545	0.00488
29	0.04633	0.71356	0.08776	0.01005	0.01510	0.02117	0.01038	0.01692	0.01140	0.01406	0.00801	0.00926	0.00717	0.00487	0.00374	0.00127	0.00614	0.00310	0.00245	0.00727
30	0.00887	0.00567	0.00744	0.00815	0.00896	0.00535	0.00569	0.02946	0.01172	0.07396	0.04961	0.62658	0.03409	0.05416	0.00807	0.00238	0.00364	0.04580	0.00531	0.00509
31	0.00798	0.00537	0.00620	0.00640	0.00645	0.00532	0.00369	0.00813	0.00858	0.01144	0.01977	0.15372	0.02303	0.68182	0.02535	0.00497	0.00512	0.00938	0.00369	0.00359
32	0.02275	0.01146	0.01390	0.01079	0.01495	0.01130	0.00886	0.28190	0.01945	0.45748	0.01918	0.03751	0.01301	0.00715	0.00561	0.00172	0.00515	0.00570	0.04288	0.00925
33	0.01349	0.01292	0.02205	0.13457	0.67051	0.01326	0.01705	0.01689	0.01261	0.01785	0.01051	0.01407	0.00873	0.00510	0.00558	0.00170	0.00679	0.00501	0.00275	0.00856
34	0.06608	0.04356	0.01437	0.01191	0.01501	0.32843	0.00935	0.22285	0.03178	0.02162	0.01327	0.02525	0.03344	0.00668	0.00542	0.00157	0.02934	0.00471	0.10819	0.00716
35	0.33177	0.00933	0.00917	0.03989	0.01153	0.01050	0.00662	0.11701	0.01255	0.02284	0.01417	0.09786	0.01273	0.05214	0.00636	0.00193	0.03437	0.00565	0.19750	0.00608
36	0.01373	0.01166	0.01482	0.35304	0.06347	0.07344	0.01214	0.15278	0.01494	0.03380	0.02478	0.01982	0.01180	0.00693	0.00559	0.00179	0.00652	0.07011	0.10197	0.00687
37	0.00824	0.00566	0.00650	0.00660	0.00681	0.00569	0.00392	0.00910	0.03937	0.01221	0.04113	0.13469	0.02343	0.64567	0.02430	0.00480	0.00505	0.00918	0.00382	0.00384
38	0.12387	0.09811	0.21535	0.10771	0.06764	0.06250	0.03434	0.02742	0.01197	0.06105	0.01137	0.03902	0.00938	0.00661	0.00623	0.01741	0.05541	0.02158	0.01587	0.00717
39	0.01456	0.58276	0.13760	0.01225	0.05957	0.04289	0.01172	0.01783	0.04823	0.01473	0.00908	0.01035	0.00779	0.00507	0.00413	0.00136	0.00644	0.00348	0.00260	0.00754
40	0.02513	0.00977	0.01318	0.01011	0.01446	0.00856	0.00835	0.05035	0.01644	0.74763	0.02193	0.01898	0.01379	0.00696	0.00566	0.00174	0.00483	0.00564	0.00692	0.00958
41	0.00708	0.00509	0.00688	0.00793	0.00836	0.00494	0.00541	0.00822	0.01062	0.01433	0.04976	0.65188	0.03413	0.04328	0.11014	0.00326	0.00487	0.01428	0.00491	0.00462
42	0.02391	0.05679	0.01844	0.47529	0.22313	0.01299	0.01486	0.01559	0.03442	0.01619	0.04732	0.01580	0.01036	0.00576	0.00552	0.00178	0.00683	0.00516	0.00286	0.00703
43	0.00971	0.00607	0.00783	0.00732	0.00882	0.00555	0.00542	0.01188	0.01470	0.10303	0.51614	0.10931	0.08598	0.07307	0.00829	0.00211	0.00317	0.01016	0.00592	0.00553
44	0.00813	0.00543	0.00615	0.00621	0.00622	0.00542	0.00348	0.00817	0.00829	0.01105	0.01828	0.06799	0.02115	0.77013	0.02777	0.00533	0.00537	0.00850	0.00348	0.00346
45	0.01127	0.01269	0.12493	0.11454	0.01759	0.08417	0.04343	0.01415	0.01138	0.04852	0.03538	0.10107	0.01451	0.01895	0.25296	0.00415	0.04634	0.00650	0.03131	0.00616
46	0.10924	0.59300	0.09774	0.00996	0.01474	0.01939	0.01015	0.01652	0.01113	0.01505	0.00846	0.01007	0.00748	0.00708	0.04869	0.00178	0.00657	0.00330	0.00256	0.00707
47	0.12339	0.01029	0.03029	0.00922	0.01210	0.04097	0.00748	0.10144	0.09289	0.14628	0.21623	0.02405	0.04342	0.00986	0.03722	0.02603	0.00485	0.00654	0.05045	0.00700

[dist]
# distance from previous block
# <min> <max>
1	2

[block]
# block no. 3 follows, 42 sequences, length 32
# corresponding to MSA columns:
# 274-305
name=unknown_D
#
# <colnr> <probs for GDERKNQSTAVLIFYWHMCP>
#	G	D	E	R	K	N	Q	S	T	A	V	L	I	F	Y	W	H	M	C	P
0	0.01248	0.00951	0.03805	0.19273	0.01735	0.00956	0.00872	0.13940	0.01408	0.02126	0.01440	0.01744	0.01124	0.02691	0.00535	0.00159	0.00482	0.00500	0.36051	0.08962
1	0.14273	0.20165	0.22547	0.03320	0.01771	0.01422	0.02995	0.05765	0.01279	0.12380	0.01111	0.01204	0.00823	0.00539	0.00464	0.00155	0.00619	0.00399	0.00347	0.08423
2	0.02111	0.02432	0.01616	0.01415	0.01741	0.60697	0.01083	0.18691	0.01833	0.01869	0.00979	0.01091	0.00777	0.00602	0.00520	0.00150	0.00925	0.00395	0.00352	0.00721
3	0.01054	0.00676	0.00865	0.00778	0.00958	0.00637	0.00595	0.05973	0.01646	0.09869	0.61701	0.06255	0.04582	0.01094	0.00649	0.00178	0.00312	0.00958	0.00620	0.00599
4	0.00953	0.00614	0.00817	0.00756	0.00915	0.00579	0.00577	0.01200	0.01489	0.09051	0.56426	0.03773	0.07421	0.01534	0.11095	0.00275	0.00454	0.00927	0.00580	0.00564
5	0.01162	0.00645	0.00658	0.00613	0.00782	0.00662	0.00471	0.09642	0.01349	0.02246	0.01888	0.02106	0.03477	0.00679	0.00420	0.00137	0.00303	0.00541	0.71644	0.00572
6	0.00978	0.00489	0.00733	0.00733	0.00733	0.00489	0.00489	0.00733	0.00733	0.00978	0.00978	0.01711	0.00978	0.01955	0.02199	0.83627	0.00489	0.00489	0.00244	0.00244
7	0.02102	0.02682	0.01595	0.01450	0.01740	0.77963	0.01087	0.02247	0.01595	0.01377	0.00870	0.01015	0.00725	0.00580	0.00507	0.00145	0.01015	0.00362	0.00290	0.00652
8	0.04438	0.01076	0.01312	0.01055	0.01457	0.01064	0.00857	0.08189	0.21820	0.49201	0.02135	0.01896	0.01427	0.00708	0.00562	0.00178	0.00479	0.00573	0.00643	0.00930
9	0.00909	0.00637	0.00719	0.00692	0.00894	0.00565	0.00533	0.01141	0.04484	0.08989	0.13778	0.08100	0.49310	0.01315	0.00661	0.00193	0.00325	0.05653	0.00553	0.00548
10	0.00677	0.00571	0.00586	0.00582	0.00767	0.00480	0.00437	0.00830	0.01310	0.01585	0.11902	0.05310	0.70242	0.01401	0.00665	0.00189	0.00283	0.01173	0.00531	0.00480
11	0.02217	0.01320	0.01511	0.01169	0.01601	0.01381	0.00962	0.44555	0.05788	0.29284	0.01712	0.01601	0.01157	0.00687	0.00561	0.00171	0.00554	0.00534	0.02292	0.00945
12	0.70011	0.01026	0.00853	0.00761	0.01092	0.01157	0.00619	0.01672	0.01044	0.08336	0.04489	0.04842	0.01033	0.00623	0.00397	0.00177	0.00426	0.00419	0.00396	0.00626
13	0.14102	0.00985	0.01237	0.00969	0.01388	0.00909	0.00798	0.02597	0.04159	0.63829	0.02018	0.01780	0.01293	0.00674	0.00535	0.00175	0.00471	0.00531	0.00643	0.00906
14	0.00925	0.00598	0.00769	0.00729	0.00883	0.00542	0.00545	0.01150	0.01489	0.08956	0.51449	0.14348	0.13021	0.01223	0.00662	0.00185	0.00296	0.01074	0.00602	0.00554
15	0.01217	0.01153	0.01934	0.43593	0.35453	0.01293	0.01613	0.01614	0.03592	0.01641	0.01067	0.01473	0.00843	0.00542	0.00561	0.00179	0.00705	0.00505	0.00273	0.00749
16	0.02004	0.02417	0.01560	0.01397	0.01691	0.63598	0.01061	0.08129	0.05296	0.01606	0.01117	0.01231	0.03014	0.00633	0.00557	0.00153	0.03106	0.00415	0.00332	0.00683
17	0.43821	0.04009	0.06190	0.13096	0.04430	0.03434	0.10917	0.01715	0.01110	0.05265	0.00951	0.01163	0.00720	0.00530	0.00456	0.00176	0.00609	0.00409	0.00325	0.00675
18	0.01265	0.14808	0.55885	0.01508	0.02221	0.07413	0.04287	0.01792	0.01220	0.01679	0.01007	0.01243	0.00770	0.00548	0.00515	0.00169	0.00808	0.01822	0.00249	0.00792
19	0.04382	0.06343	0.01438	0.01193	0.01387	0.22142	0.00952	0.07545	0.01244	0.01564	0.01102	0.01499	0.00985	0.01951	0.28295	0.00436	0.16136	0.00479	0.00307	0.00620
20	0.20893	0.00858	0.01125	0.08950	0.04568	0.00923	0.04226	0.04628	0.01073	0.06318	0.01329	0.06680	0.02294	0.01323	0.06005	0.25009	0.00590	0.02323	0.00347	0.00538
21	0.01041	0.00652	0.00858	0.03592	0.01071	0.00616	0.00648	0.03262	0.01416	0.11787	0.29505	0.24282	0.09568	0.01281	0.00670	0.00200	0.00363	0.08038	0.00571	0.00577
22	0.13296	0.00940	0.01164	0.00936	0.01311	0.00883	0.00762	0.02384	0.06290	0.52070	0.12047	0.02100	0.01837	0.00739	0.00550	0.00176	0.00442	0.00596	0.00631	0.00849
23	0.00726	0.00524	0.00664	0.00747	0.00808	0.00490	0.00513	0.00841	0.01126	0.01490	0.09957	0.50000	0.11288	0.12251	0.01001	0.00264	0.00358	0.05989	0.00507	0.00454
24	0.01424	0.39805	0.22844	0.03167	0.09554	0.09402	0.01364	0.01750	0.01209	0.01509	0.00904	0.01087	0.00755	0.00601	0.02348	0.00164	0.00738	0.00371	0.00250	0.00755
25	0.00719	0.00533	0.00679	0.00780	0.00862	0.00493	0.00566	0.00856	0.01164	0.01509	0.04974	0.51425	0.18435	0.01649	0.00716	0.00225	0.00348	0.13071	0.00524	0.00472
26	0.00817	0.00549	0.00633	0.00633	0.00639	0.00556	0.00364	0.00830	0.00824	0.01105	0.01756	0.03588	0.02005	0.75329	0.07701	0.00569	0.00608	0.00805	0.00338	0.00351
27	0.03899	0.01211	0.01489	0.23500	0.02133	0.08961	0.04467	0.13814	0.01410	0.01901	0.04583	0.04958	0.02408	0.01004	0.06605	0.00239	0.10094	0.00577	0.06090	0.00658
28	0.01238	0.16187	0.16609	0.20985	0.02739	0.01477	0.27038	0.01655	0.01210	0.01609	0.01074	0.03709	0.00864	0.00548	0.00560	0.00175	0.00795	0.00538	0.00266	0.00723
29	0.00907	0.00648	0.00907	0.01036	0.01166	0.00648	0.00907	0.01166	0.01296	0.01684	0.02980	0.06348	0.03239	0.01555	0.00777	0.00259	0.00518	0.72924	0.00518	0.00518
30	0.03311	0.00635	0.00783	0.04769	0.00985	0.00661	0.00580	0.02602	0.01236	0.04241	0.19032	0.10095	0.02412	0.01027	0.00764	0.09073	0.03973	0.00733	0.32565	0.00523
31	0.17246	0.05840	0.02808	0.23450	0.05306	0.02975	0.03652	0.04737	0.01191	0.03525	0.05188	0.01545	0.01090	0.00706	0.00667	0.05746	0.04198	0.00483	0.09015	0.00629

[dist]
# distance from previous block
# <min> <max>
0	2

[block]
# block no. 4 follows, 42 sequences, length 37
# corresponding to MSA columns:
# 308-344
name=unknown_E
#
# <colnr> <probs for GDERKNQSTAVLIFYWHMCP>
#	G	D	E	R	K	N	Q	S	T	A	V	L	I	F	Y	W	H	M	C	P
0	0.01291	0.00893	0.01021	0.00895	0.01075	0.00945	0.00653	0.24790	0.01514	0.04850	0.05679	0.11459	0.01982	0.32555	0.07564	0.00383	0.00603	0.00791	0.00458	0.00599
1	0.01022	0.00761	0.01092	0.05018	0.01264	0.00749	0.08782	0.06759	0.01308	0.01896	0.12632	0.23346	0.02462	0.04717	0.00733	0.02306	0.00435	0.00903	0.19156	0.04659
2	0.03563	0.01271	0.10180	0.04115	0.16783	0.05050	0.01162	0.05260	0.06914	0.07393	0.03643	0.09725	0.06472	0.00947	0.00615	0.00196	0.00576	0.14984	0.00434	0.00717
3	0.01132	0.00963	0.01130	0.00828	0.01294	0.00729	0.00656	0.01375	0.01173	0.01823	0.02988	0.05370	0.01097	0.00506	0.00439	0.00093	0.00408	0.00417	0.00350	0.77228
4	0.02039	0.11189	0.01753	0.01382	0.01708	0.62771	0.01072	0.08683	0.01639	0.01566	0.00903	0.01033	0.00745	0.00578	0.00496	0.00144	0.00934	0.00369	0.00309	0.00687
5	0.08074	0.01643	0.11073	0.01360	0.05431	0.03034	0.01159	0.47787	0.02133	0.08771	0.01322	0.01356	0.00939	0.00637	0.00538	0.00169	0.00623	0.00482	0.02574	0.00895
6	0.00815	0.00561	0.00692	0.00692	0.00719	0.00588	0.00438	0.00868	0.00841	0.01149	0.01702	0.03287	0.01874	0.59810	0.23042	0.00642	0.00804	0.00761	0.00330	0.00384
7	0.01367	0.01166	0.01235	0.01108	0.01417	0.01335	0.00862	0.05070	0.67082	0.02359	0.06261	0.02295	0.04330	0.00803	0.00580	0.00189	0.00436	0.00670	0.00573	0.00860
8	0.00789	0.00560	0.00680	0.00686	0.00736	0.00571	0.00448	0.00860	0.00910	0.01213	0.02265	0.07204	0.11304	0.48278	0.20573	0.00572	0.00734	0.00850	0.00363	0.00402
9	0.01850	0.01405	0.01534	0.01158	0.01623	0.01449	0.00950	0.52983	0.02206	0.03037	0.01247	0.01296	0.00920	0.00599	0.00519	0.00143	0.00559	0.00455	0.00495	0.25573
10	0.15527	0.01475	0.01524	0.01195	0.01621	0.01646	0.00984	0.58687	0.06610	0.03310	0.01313	0.01323	0.00944	0.00656	0.00528	0.00171	0.00579	0.00481	0.00528	0.00896
11	0.00943	0.00606	0.00772	0.00724	0.00887	0.00546	0.00545	0.01169	0.01501	0.09696	0.51487	0.11174	0.15396	0.01202	0.00659	0.00183	0.00296	0.01051	0.00604	0.00559
12	0.00696	0.00494	0.00650	0.00770	0.00800	0.00464	0.00508	0.00786	0.01057	0.01409	0.02996	0.73821	0.03589	0.07978	0.00888	0.00254	0.00344	0.01538	0.00508	0.00448
13	0.14049	0.01379	0.01288	0.01096	0.01444	0.10925	0.00870	0.18166	0.25813	0.10745	0.01728	0.01677	0.02857	0.00687	0.00521	0.00173	0.00544	0.00523	0.04701	0.00813
14	0.02525	0.00958	0.01306	0.01001	0.01437	0.00827	0.00827	0.02743	0.01611	0.77102	0.02220	0.01915	0.01393	0.00697	0.00566	0.00174	0.00479	0.00566	0.00697	0.00958
15	0.01049	0.00525	0.00525	0.00525	0.00656	0.00525	0.00393	0.01311	0.01180	0.02098	0.01836	0.02098	0.01442	0.00656	0.00393	0.00131	0.00262	0.00525	0.83346	0.00525
16	0.05358	0.00942	0.01176	0.00944	0.01306	0.00886	0.00766	0.08477	0.05635	0.47335	0.11502	0.02265	0.04651	0.00773	0.00563	0.00173	0.00441	0.00632	0.05331	0.00844
17	0.06181	0.01113	0.01390	0.01178	0.05188	0.01090	0.00914	0.16108	0.08204	0.47639	0.01957	0.01863	0.01324	0.00702	0.00560	0.00176	0.00510	0.02363	0.00619	0.00921
18	0.11339	0.00626	0.00726	0.00778	0.00889	0.00630	0.00550	0.01113	0.05039	0.03625	0.09915	0.50551	0.03167	0.03445	0.00694	0.00217	0.00347	0.01229	0.04600	0.00519
19	0.16952	0.01641	0.25290	0.01641	0.15081	0.01144	0.06240	0.01747	0.01211	0.11533	0.01402	0.11150	0.01199	0.00697	0.00539	0.00182	0.00627	0.00594	0.00363	0.00765
20	0.01276	0.10630	0.53210	0.01650	0.07520	0.03040	0.05396	0.01806	0.01237	0.05361	0.03119	0.01303	0.00892	0.00549	0.00529	0.00171	0.00774	0.00445	0.00277	0.00815
21	0.00731	0.03513	0.00748	0.00778	0.00854	0.00539	0.00550	0.00853	0.01136	0.01489	0.06246	0.61405	0.11742	0.01641	0.00700	0.00220	0.00341	0.05523	0.00516	0.00475
22	0.10447	0.14484	0.11354	0.10946	0.06243	0.07289	0.09861	0.03308	0.01221	0.01742	0.04646	0.01503	0.01058	0.00666	0.00640	0.04117	0.03842	0.01867	0.04091	0.00677
23	0.00799	0.00590	0.00706	0.00728	0.00823	0.00570	0.00514	0.01004	0.05068	0.01575	0.16712	0.19044	0.16450	0.23336	0.02950	0.00315	0.00417	0.07440	0.00488	0.00471
24	0.84197	0.01088	0.00827	0.00740	0.01088	0.01262	0.00609	0.01654	0.00958	0.02525	0.00784	0.00914	0.00609	0.00522	0.00348	0.00174	0.00435	0.00305	0.00348	0.00609
25	0.01249	0.01203	0.02081	0.35444	0.42223	0.01304	0.05161	0.01608	0.01217	0.01667	0.01038	0.01445	0.00830	0.00526	0.00565	0.00177	0.00717	0.00509	0.00267	0.00772
26	0.29453	0.01164	0.05094	0.01061	0.04156	0.02996	0.00864	0.08210	0.04935	0.21215	0.04346	0.05734	0.01439	0.00757	0.00517	0.00183	0.00501	0.06142	0.00487	0.00746
27	0.00774	0.00578	0.00722	0.00695	0.00840	0.00525	0.00528	0.01014	0.01514	0.02075	0.58076	0.04561	0.20061	0.01228	0.00670	0.00184	0.00282	0.04561	0.00594	0.00519
28	0.01258	0.01312	0.02172	0.01728	0.01888	0.01639	0.21832	0.01480	0.00993	0.01480	0.00851	0.01312	0.00771	0.00842	0.01515	0.00230	0.57243	0.00541	0.00257	0.00656
29	0.68633	0.01063	0.00918	0.00790	0.01155	0.01179	0.00651	0.01862	0.01082	0.16738	0.01057	0.01105	0.00759	0.00556	0.00390	0.00174	0.00444	0.00355	0.00415	0.00676
30	0.01088	0.00684	0.01049	0.14793	0.01494	0.00704	0.03789	0.01166	0.01047	0.09159	0.01793	0.20381	0.01815	0.05521	0.01236	0.25904	0.00514	0.04934	0.02444	0.00485
31	0.01105	0.00660	0.00857	0.00767	0.00959	0.00607	0.00589	0.01400	0.03909	0.14977	0.59154	0.03788	0.06852	0.01070	0.00644	0.00177	0.00308	0.00934	0.00628	0.00613
32	0.00681	0.00559	0.00601	0.00616	0.00777	0.00478	0.00452	0.00830	0.01284	0.01582	0.12456	0.16277	0.58562	0.01447	0.00673	0.00194	0.00289	0.01231	0.00532	0.00478
33	0.01344	0.01287	0.02196	0.14614	0.65933	0.01324	0.01703	0.01684	0.01258	0.01779	0.01050	0.01409	0.00871	0.00510	0.00558	0.00170	0.00681	0.00501	0.00274	0.00852
34	0.01124	0.00716	0.00860	0.09937	0.01204	0.00790	0.00656	0.08233	0.01255	0.02000	0.01614	0.02013	0.01314	0.04904	0.08504	0.00245	0.03453	0.00541	0.50068	0.00570
35	0.60648	0.15195	0.01238	0.00815	0.01175	0.05150	0.00693	0.01704	0.02634	0.02237	0.00860	0.00987	0.00690	0.00528	0.00365	0.00162	0.00487	0.00322	0.03475	0.00634
36	0.04480	0.04822	0.01300	0.01006	0.02580	0.00867	0.04338	0.03728	0.01427	0.32465	0.12442	0.11834	0.02080	0.02888	0.00627	0.00177	0.00458	0.00717	0.00544	0.11220

[dist]
# distance from previous block
# <min> <max>
0	1

[block]
# block no. 5 follows, 42 sequences, length 31
# corresponding to MSA columns:
# 346-376
name=unknown_F
#
# <colnr> <probs for GDERKNQSTAVLIFYWHMCP>
#	G	D	E	R	K	N	Q	S	T	A	V	L	I	F	Y	W	H	M	C	P
0	0.07045	0.05284	0.31102	0.01463	0.09077	0.01236	0.01390	0.07312	0.06958	0.06243	0.05336	0.01691	0.01239	0.01040	0.09343	0.00259	0.00752	0.02093	0.00360	0.00778
1	0.01505	0.80561	0.02949	0.00963	0.01444	0.02227	0.00963	0.01685	0.01143	0.01324	0.00782	0.00903	0.00722	0.00481	0.00361	0.00120	0.00602	0.00301	0.00241	0.00722
2	0.00764	0.00571	0.00709	0.00680	0.00822	0.00516	0.00508	0.00997	0.01508	0.02068	0.58434	0.06919	0.20969	0.01231	0.00666	0.00182	0.00272	0.01074	0.00595	0.00516
3	0.00805	0.00548	0.00610	0.00610	0.00627	0.00539	0.00349	0.00817	0.00860	0.01130	0.02126	0.03838	0.08728	0.73149	0.02667	0.00514	0.00522	0.00852	0.00357	0.00353
4	0.00783	0.00567	0.00738	0.00711	0.00836	0.00523	0.00527	0.01030	0.01538	0.02162	0.67810	0.11029	0.07205	0.01213	0.00669	0.00182	0.00272	0.01075	0.00608	0.00523
5	0.56768	0.01414	0.11994	0.02837	0.01415	0.03153	0.00894	0.08896	0.01186	0.02447	0.00921	0.01061	0.00698	0.00547	0.00407	0.00172	0.00526	0.00356	0.03633	0.00674
6	0.01463	0.01341	0.01301	0.01173	0.01488	0.08273	0.00908	0.02924	0.69043	0.02266	0.02163	0.02002	0.01629	0.00747	0.00567	0.00187	0.00496	0.00612	0.00547	0.00869
7	0.09699	0.01155	0.01370	0.01067	0.01494	0.01150	0.00879	0.23065	0.04996	0.46405	0.01848	0.01674	0.01213	0.00678	0.00546	0.00173	0.00513	0.00529	0.00622	0.00923
8	0.00699	0.00577	0.00615	0.00624	0.00793	0.00502	0.00461	0.00885	0.03255	0.01598	0.11634	0.14503	0.59041	0.01425	0.00669	0.00194	0.00293	0.01209	0.00533	0.00489
9	0.00816	0.00614	0.00749	0.00709	0.00864	0.00572	0.00533	0.02842	0.03742	0.02109	0.55098	0.07023	0.19814	0.01206	0.00661	0.00182	0.00286	0.01050	0.00593	0.00538
10	0.01600	0.68166	0.02736	0.01036	0.01491	0.12209	0.00982	0.03720	0.01243	0.01391	0.00809	0.00930	0.00729	0.00500	0.00386	0.00125	0.00657	0.00315	0.00256	0.00719
11	0.00754	0.00532	0.00699	0.00807	0.00854	0.00511	0.00570	0.00868	0.01078	0.01428	0.02849	0.51705	0.03336	0.15138	0.01097	0.00289	0.00403	0.16140	0.00491	0.00450
12	0.00804	0.00603	0.00904	0.00904	0.01005	0.00703	0.00703	0.01005	0.00904	0.01306	0.01507	0.02211	0.01407	0.04221	0.77992	0.00904	0.01507	0.00603	0.00301	0.00502
13	0.02305	0.00990	0.01294	0.01005	0.01412	0.00903	0.00825	0.10906	0.01729	0.61016	0.09637	0.02082	0.01739	0.00740	0.00575	0.00174	0.00473	0.00605	0.00673	0.00914
14	0.01393	0.01337	0.02284	0.03454	0.76712	0.01337	0.01727	0.01727	0.01281	0.01839	0.01059	0.01393	0.00891	0.00501	0.00557	0.00167	0.00669	0.00501	0.00279	0.00891
15	0.03913	0.00660	0.00670	0.00625	0.00784	0.00684	0.00469	0.09273	0.01295	0.02167	0.01742	0.02140	0.01424	0.08794	0.00663	0.00179	0.00336	0.00545	0.63082	0.00556
16	0.78074	0.01108	0.00891	0.03067	0.01200	0.01284	0.00658	0.04924	0.01038	0.02539	0.00815	0.00951	0.00629	0.00530	0.00364	0.00174	0.00453	0.00320	0.00355	0.00625
17	0.03067	0.28183	0.03915	0.01177	0.05887	0.01409	0.04695	0.01456	0.01132	0.04235	0.05213	0.11226	0.01517	0.06199	0.00838	0.00195	0.11381	0.00621	0.07009	0.00644
18	0.00903	0.00670	0.00893	0.00963	0.01132	0.00637	0.00827	0.01150	0.01292	0.01699	0.05344	0.05726	0.10198	0.01427	0.00731	0.00234	0.00479	0.57213	0.00505	0.07978
19	0.09456	0.31008	0.14173	0.01084	0.01551	0.08418	0.01065	0.07674	0.01365	0.09224	0.04699	0.01386	0.02590	0.00597	0.00459	0.00151	0.00615	0.00428	0.03314	0.00744
20	0.01454	0.13866	0.43468	0.01410	0.02036	0.01397	0.03749	0.01905	0.01233	0.15410	0.01176	0.01292	0.00845	0.00595	0.00636	0.00175	0.07771	0.00440	0.00324	0.00817
21	0.02525	0.00958	0.01306	0.01001	0.01437	0.00827	0.00827	0.02743	0.01611	0.77102	0.02220	0.01915	0.01393	0.00697	0.00566	0.00174	0.00479	0.00566	0.00697	0.00958
22	0.00840	0.00628	0.00837	0.07095	0.01126	0.00636	0.00660	0.01087	0.03742	0.01741	0.28806	0.14048	0.06120	0.13467	0.05218	0.00294	0.00469	0.12183	0.00496	0.00506
23	0.01371	0.01637	0.13152	0.19947	0.39710	0.09119	0.01660	0.03627	0.01300	0.01737	0.01027	0.01347	0.00818	0.00533	0.00550	0.00171	0.00745	0.00474	0.00275	0.00800
24	0.04033	0.01859	0.32411	0.01612	0.05529	0.02999	0.18134	0.01676	0.01307	0.05694	0.10834	0.02071	0.05815	0.00687	0.00591	0.00182	0.00712	0.02758	0.00351	0.00745
25	0.00809	0.00542	0.00616	0.00625	0.00628	0.00540	0.00353	0.00816	0.00836	0.01115	0.01864	0.08871	0.02160	0.74878	0.02718	0.00524	0.00531	0.00872	0.00353	0.00349
26	0.01484	0.01124	0.03316	0.05896	0.01494	0.01170	0.00902	0.36004	0.01802	0.02411	0.04636	0.08375	0.03219	0.06333	0.00992	0.12477	0.00556	0.06655	0.00468	0.00684
27	0.05349	0.01143	0.01928	0.34637	0.02792	0.01269	0.19594	0.09997	0.01309	0.01808	0.01147	0.03685	0.00922	0.00794	0.03276	0.04698	0.02676	0.00566	0.01743	0.00665
28	0.00868	0.00635	0.00853	0.00962	0.01101	0.00620	0.00830	0.01109	0.01293	0.01658	0.03414	0.06199	0.14918	0.01534	0.00759	0.00248	0.00481	0.61486	0.00519	0.00511
29	0.01232	0.01084	0.01433	0.03671	0.01607	0.00889	0.08290	0.05356	0.01261	0.01908	0.01033	0.01224	0.00839	0.00441	0.00455	0.00102	0.00493	0.00382	0.00338	0.67962
30	0.01103	0.04401	0.03603	0.00890	0.01117	0.15255	0.00706	0.01433	0.07941	0.01828	0.30216	0.03471	0.21552	0.03238	0.00671	0.00183	0.00468	0.00848	0.00493	0.00584

[dist]
# distance from previous block
# <min> <max>
0	1

[block]
# block no. 6 follows, 42 sequences, length 54
# corresponding to MSA columns:
# 378-431
name=unknown_G
#
# <colnr> <probs for GDERKNQSTAVLIFYWHMCP>
#	G	D	E	R	K	N	Q	S	T	A	V	L	I	F	Y	W	H	M	C	P
0	0.01261	0.01143	0.01742	0.39675	0.02785	0.01324	0.07360	0.10876	0.01304	0.01788	0.01033	0.01412	0.00807	0.00618	0.00745	0.00180	0.12608	0.00493	0.01875	0.10972
1	0.05654	0.04102	0.01601	0.01390	0.01706	0.63604	0.01062	0.11211	0.01688	0.01695	0.00924	0.01050	0.00749	0.00587	0.00504	0.00149	0.00932	0.00377	0.00325	0.00690
2	0.00817	0.00721	0.05526	0.00764	0.00940	0.00579	0.00628	0.01107	0.01568	0.02227	0.71713	0.04016	0.05023	0.01112	0.00656	0.00177	0.00301	0.00980	0.00596	0.00550
3	0.00797	0.00574	0.00748	0.00705	0.00834	0.00531	0.00526	0.01055	0.01571	0.02223	0.74281	0.04189	0.05217	0.03411	0.00727	0.00188	0.00274	0.01012	0.00612	0.00526
4	0.02029	0.01486	0.01594	0.01227	0.01659	0.01626	0.01010	0.67067	0.02490	0.03382	0.01366	0.01390	0.00982	0.00663	0.00546	0.00163	0.00588	0.00500	0.05715	0.04516
5	0.00976	0.00495	0.00726	0.00726	0.00738	0.00498	0.00490	0.00779	0.00767	0.01059	0.01049	0.01752	0.01021	0.01952	0.04690	0.75579	0.00510	0.00495	0.05428	0.00271
6	0.01400	0.01209	0.01273	0.01145	0.01463	0.01400	0.00891	0.02990	0.75695	0.02354	0.02291	0.02100	0.01718	0.00764	0.00573	0.00191	0.00445	0.00636	0.00573	0.00891
7	0.02027	0.00941	0.01208	0.00979	0.01342	0.00885	0.00790	0.02509	0.15487	0.50648	0.14575	0.02331	0.02105	0.00785	0.00583	0.00178	0.00437	0.00654	0.00661	0.00874
8	0.00938	0.00631	0.00763	0.00777	0.00963	0.00567	0.00628	0.01129	0.01326	0.09295	0.07811	0.08626	0.39086	0.01394	0.00693	0.00211	0.00379	0.23701	0.00544	0.00540
9	0.00684	0.00555	0.00608	0.00642	0.00792	0.00480	0.00472	0.00824	0.01245	0.01528	0.06936	0.22400	0.54832	0.01500	0.00682	0.00201	0.00304	0.04315	0.00525	0.00474
10	0.02128	0.01574	0.01586	0.01248	0.01667	0.09520	0.01017	0.54124	0.04697	0.12184	0.01450	0.01430	0.01024	0.00670	0.00553	0.00167	0.00628	0.00504	0.02918	0.00911
11	0.78604	0.01061	0.00826	0.00737	0.01078	0.01220	0.00605	0.01666	0.00983	0.04322	0.00864	0.00990	0.00665	0.00532	0.00356	0.00172	0.00429	0.00321	0.03956	0.00614
12	0.00824	0.00550	0.00636	0.00636	0.00648	0.00558	0.00373	0.00848	0.00836	0.01138	0.01752	0.03512	0.01974	0.71491	0.09168	0.00564	0.00619	0.00792	0.02719	0.00360
13	0.00870	0.00655	0.00817	0.00775	0.00930	0.00641	0.00589	0.01293	0.10749	0.02206	0.60450	0.05666	0.06694	0.01141	0.00659	0.00184	0.00301	0.04206	0.00604	0.00572
14	0.01319	0.01406	0.02834	0.05069	0.20159	0.01367	0.48629	0.03098	0.01313	0.01805	0.01198	0.04984	0.00987	0.00557	0.00664	0.00187	0.02700	0.00655	0.00297	0.00772
15	0.01608	0.07033	0.17380	0.07211	0.20460	0.17338	0.03261	0.15450	0.01563	0.01989	0.01044	0.01244	0.00811	0.00559	0.00534	0.00164	0.00773	0.00447	0.00321	0.00810
16	0.15827	0.33727	0.22442	0.01173	0.01696	0.13579	0.01222	0.01793	0.01193	0.01664	0.00858	0.00999	0.00701	0.00518	0.00428	0.00149	0.00699	0.00342	0.00266	0.00721
17	0.01497	0.60193	0.12115	0.01096	0.01582	0.04949	0.01120	0.01734	0.01165	0.03917	0.00860	0.00997	0.00745	0.00531	0.00488	0.00138	0.05543	0.00339	0.00258	0.00734
18	0.05268	0.01017	0.01182	0.00942	0.01307	0.00979	0.00755	0.18169	0.02621	0.16290	0.03206	0.03463	0.04486	0.03569	0.08574	0.00236	0.00575	0.00547	0.03816	0.22998
19	0.02899	0.03432	0.03219	0.00723	0.00910	0.00645	0.00564	0.01107	0.03677	0.05083	0.21612	0.13661	0.29847	0.09096	0.00860	0.00223	0.00357	0.01039	0.00515	0.00531
20	0.03860	0.06452	0.01597	0.04549	0.01663	0.04724	0.00994	0.50523	0.03620	0.02878	0.01396	0.01727	0.01121	0.06920	0.00729	0.00199	0.00616	0.03576	0.02026	0.00831
21	0.04909	0.00945	0.01268	0.00981	0.01401	0.00828	0.00808	0.02639	0.01590	0.71689	0.05319	0.01982	0.01535	0.00711	0.00564	0.00174	0.00469	0.00577	0.00683	0.00929
22	0.00735	0.00529	0.00683	0.00753	0.00821	0.00495	0.00525	0.00877	0.01203	0.01622	0.20732	0.46462	0.08164	0.08475	0.00894	0.00244	0.00340	0.05448	0.00530	0.00469
23	0.06077	0.01444	0.12868	0.20581	0.25974	0.02864	0.09609	0.01591	0.01202	0.01717	0.01275	0.05973	0.03240	0.00632	0.00597	0.00182	0.02567	0.00576	0.00291	0.00739
24	0.00773	0.00549	0.00650	0.00688	0.00770	0.00513	0.00464	0.00865	0.01067	0.03152	0.03346	0.28991	0.23716	0.25306	0.04804	0.00342	0.00441	0.02659	0.00462	0.00443
25	0.00795	0.00538	0.00625	0.00645	0.00656	0.00534	0.00378	0.00816	0.00869	0.01157	0.02044	0.15600	0.03590	0.65072	0.03979	0.00497	0.00526	0.00943	0.00372	0.00365
26	0.05066	0.04720	0.05003	0.18218	0.33773	0.05200	0.01382	0.01678	0.02765	0.06164	0.01601	0.01820	0.08969	0.00635	0.00549	0.00172	0.00640	0.00553	0.00330	0.00760
27	0.01282	0.18091	0.57394	0.01455	0.02184	0.04761	0.01783	0.01809	0.01208	0.03725	0.00992	0.01144	0.00734	0.00531	0.00500	0.00165	0.00785	0.00395	0.00253	0.00806
28	0.00928	0.00684	0.00982	0.01176	0.05862	0.00683	0.00942	0.01185	0.01285	0.01683	0.02865	0.09151	0.03113	0.01498	0.00761	0.00252	0.00519	0.65388	0.00503	0.00539
29	0.00962	0.00869	0.01380	0.55311	0.02959	0.01026	0.01249	0.01278	0.01188	0.01523	0.07966	0.06487	0.11775	0.00822	0.00600	0.00191	0.00618	0.02873	0.00340	0.00585
30	0.01462	0.01434	0.05091	0.19434	0.24679	0.10773	0.05151	0.07221	0.01365	0.06295	0.01166	0.01527	0.00933	0.00840	0.05919	0.00226	0.03720	0.01681	0.00323	0.00758
31	0.03364	0.01147	0.03081	0.01272	0.09140	0.05960	0.00923	0.17322	0.08785	0.04411	0.05770	0.11546	0.13466	0.01026	0.00620	0.00192	0.00516	0.10260	0.00494	0.00706
32	0.60898	0.02558	0.04043	0.04011	0.08611	0.06302	0.00859	0.03797	0.01097	0.02325	0.00849	0.01012	0.00665	0.00530	0.00400	0.00171	0.00531	0.00345	0.00334	0.00660
33	0.00945	0.01068	0.14004	0.01025	0.01324	0.00752	0.07599	0.01287	0.01475	0.04122	0.49585	0.05012	0.06008	0.01001	0.00643	0.00181	0.00437	0.02402	0.00519	0.00611
34	0.01305	0.10986	0.58090	0.01549	0.04015	0.01401	0.03558	0.05081	0.01278	0.06123	0.01074	0.01219	0.00771	0.00542	0.00523	0.00171	0.00776	0.00424	0.00281	0.00832
35	0.00782	0.00647	0.00685	0.00672	0.00858	0.00600	0.00506	0.01101	0.09977	0.01661	0.10987	0.04858	0.53799	0.06243	0.00796	0.00214	0.00329	0.04237	0.00525	0.00522
36	0.02103	0.02648	0.01598	0.01445	0.01740	0.75617	0.01087	0.04482	0.01627	0.01444	0.00885	0.01025	0.00732	0.00583	0.00509	0.00146	0.01003	0.00367	0.00298	0.00662
37	0.01673	0.01766	0.05131	0.05897	0.20848	0.21933	0.05869	0.16802	0.05572	0.02074	0.04499	0.01447	0.01081	0.00614	0.00583	0.00168	0.02380	0.00502	0.00367	0.00794
38	0.00850	0.00615	0.00866	0.03073	0.01004	0.00704	0.00655	0.01029	0.00924	0.01358	0.01546	0.02381	0.01473	0.15457	0.54167	0.00732	0.03325	0.00622	0.08733	0.00486
39	0.01400	0.01209	0.01273	0.01145	0.01463	0.01400	0.00891	0.02990	0.75695	0.02354	0.02291	0.02100	0.01718	0.00764	0.00573	0.00191	0.00445	0.00636	0.00573	0.00891
40	0.01081	0.00637	0.00809	0.00743	0.00933	0.00567	0.00565	0.01295	0.01480	0.15979	0.40730	0.11973	0.18648	0.01185	0.00652	0.00184	0.00316	0.01029	0.00604	0.00592
41	0.01425	0.01222	0.01287	0.01150	0.01473	0.01412	0.00897	0.05458	0.73186	0.02395	0.02258	0.02074	0.01692	0.00760	0.00572	0.00190	0.00451	0.00632	0.00572	0.00893
42	0.02071	0.01438	0.01564	0.01217	0.01641	0.01570	0.01000	0.59078	0.07571	0.10612	0.01526	0.01496	0.01077	0.00683	0.00555	0.00169	0.00576	0.00522	0.04702	0.00931
43	0.00763	0.00565	0.00712	0.00693	0.00825	0.00514	0.00513	0.00990	0.01487	0.02048	0.56952	0.12467	0.16866	0.01261	0.00670	0.00185	0.00275	0.01108	0.00593	0.00514
44	0.00687	0.00510	0.00641	0.00737	0.00806	0.00464	0.00504	0.00802	0.01144	0.01494	0.07234	0.61291	0.18301	0.01666	0.00705	0.00218	0.00315	0.01489	0.00527	0.00464
45	0.01633	0.01115	0.01256	0.04346	0.01462	0.02423	0.00855	0.25540	0.16641	0.13298	0.01981	0.14707	0.01696	0.04429	0.00683	0.00199	0.00502	0.00734	0.05712	0.00788
46	0.05253	0.00962	0.01290	0.00993	0.01425	0.00842	0.00820	0.02706	0.01589	0.74611	0.02172	0.01882	0.01367	0.00691	0.00559	0.00174	0.00477	0.00557	0.00685	0.00946
47	0.01049	0.00525	0.00525	0.00525	0.00656	0.00525	0.00393	0.01311	0.01180	0.02098	0.01836	0.02098	0.01442	0.00656	0.00393	0.00131	0.00262	0.00525	0.83346	0.00525
48	0.12505	0.01074	0.01294	0.01013	0.01428	0.01043	0.00834	0.14932	0.03463	0.51074	0.04259	0.01772	0.01354	0.00687	0.00542	0.00174	0.00490	0.00539	0.00625	0.00899
49	0.04082	0.01734	0.03823	0.07301	0.26753	0.24093	0.13376	0.01888	0.04586	0.01697	0.01263	0.01499	0.04233	0.00579	0.00559	0.00168	0.00793	0.00515	0.00306	0.00752
