[name]
unknown

[dist]
# distance from previous block
# <min> <max>
0	41

[block]
# block no. 0 follows, 39 sequences, length 15
# corresponding to MSA columns:
# 41-55
name=unknown_A
#
# <colnr> <probs for GDERKNQSTAVLIFYWHMCP>
#	G	D	E	R	K	N	Q	S	T	A	V	L	I	F	Y	W	H	M	C	P
0	0.01070	0.00890	0.03546	0.01148	0.01340	0.03231	0.03416	0.01436	0.06404	0.03698	0.02869	0.13850	0.03042	0.01471	0.00768	0.00252	0.00559	0.49884	0.00528	0.00600
1	0.01693	0.15874	0.18174	0.03640	0.08125	0.18554	0.01373	0.12775	0.03155	0.04111	0.01342	0.01581	0.03397	0.00660	0.00545	0.00170	0.00775	0.02884	0.00360	0.00812
2	0.01060	0.00674	0.00984	0.00946	0.01087	0.00746	0.00734	0.01261	0.01033	0.10183	0.01688	0.02370	0.01513	0.08049	0.63846	0.00839	0.01401	0.00641	0.00368	0.00575
3	0.01123	0.02251	0.48252	0.01745	0.10374	0.01184	0.04648	0.01635	0.01240	0.01800	0.01559	0.18472	0.01477	0.00841	0.00613	0.00198	0.00742	0.00733	0.00323	0.00791
4	0.01319	0.01457	0.05280	0.22656	0.14171	0.01445	0.37494	0.01756	0.01302	0.01774	0.01120	0.01544	0.00863	0.00556	0.00709	0.00198	0.04686	0.00608	0.00285	0.00776
5	0.01145	0.01082	0.01777	0.61059	0.08236	0.01347	0.01570	0.01494	0.01158	0.01528	0.01107	0.04503	0.00916	0.00688	0.00757	0.00205	0.09917	0.00569	0.00275	0.00667
6	0.00717	0.00528	0.00672	0.00787	0.00848	0.00483	0.00533	0.00828	0.01168	0.01524	0.03706	0.66870	0.15584	0.01795	0.00746	0.00234	0.00336	0.01610	0.00549	0.00483
7	0.01099	0.01245	0.09152	0.04288	0.14166	0.01039	0.20303	0.01441	0.01319	0.01776	0.04550	0.15890	0.13793	0.01013	0.00681	0.00206	0.00649	0.06289	0.00404	0.00695
8	0.06103	0.01203	0.10100	0.01071	0.01516	0.00928	0.00966	0.02433	0.04894	0.48382	0.13868	0.02267	0.02018	0.00783	0.00596	0.00185	0.00507	0.00642	0.00638	0.00897
9	0.02537	0.00981	0.01335	0.01032	0.01469	0.00849	0.00849	0.02769	0.01691	0.71217	0.07009	0.02167	0.01728	0.00763	0.00601	0.00183	0.00489	0.00625	0.00727	0.00978
10	0.02328	0.01007	0.01318	0.01040	0.01451	0.00920	0.00848	0.05640	0.07461	0.58443	0.10924	0.02288	0.01959	0.00793	0.00607	0.00184	0.00480	0.00654	0.00706	0.00948
11	0.11192	0.09639	0.13464	0.04230	0.29186	0.04528	0.02962	0.08396	0.03645	0.02068	0.01134	0.01433	0.00929	0.04015	0.00643	0.00192	0.00698	0.00484	0.00330	0.00834
12	0.00805	0.00612	0.00694	0.00706	0.00842	0.00570	0.00504	0.01030	0.04877	0.01711	0.15003	0.18814	0.33033	0.10892	0.02999	0.00267	0.00379	0.01178	0.04570	0.00512
13	0.00854	0.00614	0.00732	0.00705	0.00875	0.00543	0.00528	0.01067	0.01508	0.05231	0.39471	0.09805	0.33210	0.01347	0.00697	0.00195	0.00301	0.01161	0.00607	0.00549
14	0.00923	0.00774	0.00985	0.00987	0.01110	0.02771	0.03853	0.01246	0.09832	0.01633	0.03002	0.44091	0.10250	0.03345	0.06362	0.00288	0.04390	0.03089	0.00502	0.00566

[dist]
# distance from previous block
# <min> <max>
6	13

[block]
# block no. 1 follows, 39 sequences, length 37
# corresponding to MSA columns:
# 71-107
name=unknown_B
#
# <colnr> <probs for GDERKNQSTAVLIFYWHMCP>
#	G	D	E	R	K	N	Q	S	T	A	V	L	I	F	Y	W	H	M	C	P
0	0.09481	0.03415	0.01434	0.10616	0.01795	0.01086	0.03487	0.08801	0.03110	0.10453	0.02974	0.05200	0.01190	0.00626	0.00515	0.00148	0.00530	0.00514	0.00425	0.34201
1	0.01075	0.00761	0.00961	0.05038	0.01222	0.00693	0.00673	0.01368	0.04998	0.08195	0.25131	0.18247	0.09898	0.02918	0.00694	0.00190	0.00386	0.00978	0.00541	0.16033
2	0.01819	0.28224	0.04591	0.05078	0.01850	0.21471	0.04606	0.13628	0.01604	0.04569	0.01083	0.01232	0.00867	0.00603	0.00538	0.00157	0.02876	0.00427	0.03999	0.00777
3	0.05240	0.01075	0.05907	0.00989	0.01303	0.00970	0.03404	0.13042	0.05145	0.09864	0.03734	0.09682	0.01673	0.07937	0.00803	0.01812	0.00493	0.00683	0.18865	0.07379
4	0.03358	0.05148	0.10699	0.07670	0.05422	0.02915	0.01156	0.17078	0.03378	0.19015	0.06408	0.04511	0.01445	0.00714	0.00571	0.00173	0.00603	0.00579	0.00493	0.08665
5	0.04393	0.29649	0.40484	0.01416	0.02098	0.05348	0.03579	0.01881	0.01259	0.03504	0.00996	0.01152	0.00771	0.00547	0.00494	0.00164	0.00778	0.00399	0.00271	0.00817
6	0.00783	0.00550	0.00681	0.00742	0.00791	0.00524	0.00485	0.00854	0.01072	0.01415	0.05610	0.38429	0.11821	0.25030	0.04229	0.04347	0.00457	0.01267	0.00473	0.00440
7	0.78488	0.01199	0.03201	0.00814	0.01198	0.01315	0.00695	0.01776	0.01034	0.04786	0.00875	0.01001	0.00668	0.00555	0.00379	0.00183	0.00472	0.00332	0.00373	0.00658
8	0.00804	0.00599	0.00748	0.00719	0.00866	0.00543	0.00536	0.01049	0.01584	0.02178	0.58151	0.08264	0.19181	0.01297	0.00701	0.00191	0.00286	0.01134	0.00626	0.00543
9	0.01518	0.01233	0.01424	0.06519	0.06076	0.01395	0.01024	0.06553	0.53829	0.06504	0.02222	0.05697	0.01723	0.00813	0.00606	0.00199	0.00509	0.00687	0.00565	0.00903
10	0.08910	0.01003	0.01312	0.01020	0.01459	0.00894	0.00840	0.02730	0.01638	0.67576	0.04814	0.02016	0.01546	0.00735	0.00580	0.00183	0.00492	0.00590	0.00700	0.00962
11	0.01508	0.10909	0.09605	0.01285	0.01697	0.01558	0.03676	0.06998	0.42841	0.04544	0.04141	0.01902	0.01543	0.00746	0.00640	0.00191	0.04236	0.00597	0.00500	0.00884
12	0.00721	0.00515	0.00686	0.00823	0.00858	0.00480	0.00549	0.00823	0.01132	0.01510	0.03259	0.78831	0.03911	0.01853	0.00755	0.00240	0.00343	0.01681	0.00549	0.00480
13	0.01464	0.01405	0.02400	0.03630	0.75528	0.01405	0.01815	0.01815	0.01347	0.01932	0.01112	0.01464	0.00937	0.00527	0.00585	0.00176	0.00703	0.00527	0.00293	0.00937
14	0.01226	0.01051	0.01226	0.00876	0.01401	0.00788	0.00701	0.01489	0.01226	0.01927	0.01051	0.01226	0.00876	0.00438	0.00438	0.00088	0.00438	0.00350	0.00350	0.82832
15	0.01269	0.01258	0.01765	0.01520	0.01526	0.01753	0.01264	0.01403	0.00908	0.01420	0.00820	0.01350	0.00814	0.01220	0.06017	0.00296	0.73970	0.00524	0.00262	0.00640
16	0.01396	0.01595	0.03490	0.02493	0.03091	0.01496	0.73380	0.01894	0.01396	0.01894	0.01196	0.01595	0.00897	0.00499	0.00698	0.00199	0.00997	0.00698	0.00299	0.00798
17	0.00867	0.00604	0.00751	0.00741	0.00888	0.00543	0.00545	0.01076	0.01484	0.05561	0.40134	0.20245	0.21580	0.01390	0.00705	0.00200	0.00308	0.01218	0.00609	0.00549
18	0.01298	0.23040	0.51541	0.01499	0.02212	0.01659	0.01812	0.01813	0.01211	0.01714	0.00978	0.01173	0.00754	0.00582	0.00614	0.00177	0.06434	0.00411	0.00251	0.00827
19	0.83394	0.01144	0.00869	0.00778	0.01144	0.01327	0.00640	0.01738	0.01006	0.02653	0.00823	0.00961	0.00640	0.00549	0.00366	0.00183	0.00457	0.00320	0.00366	0.00640
20	0.00828	0.00597	0.00782	0.00750	0.00881	0.00552	0.00557	0.01092	0.01630	0.02302	0.69420	0.10411	0.05446	0.01261	0.00702	0.00190	0.00284	0.01119	0.00643	0.00552
21	0.02138	0.03256	0.01718	0.01303	0.01731	0.01595	0.03086	0.51376	0.02351	0.14629	0.01611	0.05009	0.01216	0.02581	0.00702	0.00193	0.03385	0.00600	0.00578	0.00943
22	0.01027	0.00514	0.00770	0.00770	0.00770	0.00514	0.00514	0.00770	0.00770	0.01027	0.01027	0.01798	0.01027	0.02054	0.02311	0.82794	0.00514	0.00514	0.00257	0.00257
23	0.00721	0.00515	0.00686	0.00823	0.00858	0.00480	0.00549	0.00823	0.01132	0.01510	0.03259	0.78831	0.03911	0.01853	0.00755	0.00240	0.00343	0.01681	0.00549	0.00480
24	0.00719	0.00597	0.00628	0.00626	0.00812	0.00507	0.00467	0.00885	0.01386	0.01701	0.15388	0.07857	0.63453	0.01470	0.00701	0.00199	0.00298	0.01237	0.00563	0.00507
25	0.05123	0.01109	0.01862	0.64432	0.03727	0.01354	0.07024	0.01547	0.01176	0.01591	0.01037	0.01534	0.00789	0.00605	0.00658	0.00200	0.04769	0.00528	0.00270	0.00666
26	0.01167	0.01098	0.01834	0.67105	0.12262	0.01329	0.01643	0.01591	0.03228	0.01586	0.01096	0.01581	0.00834	0.00590	0.00591	0.00195	0.00770	0.00530	0.00276	0.00697
27	0.00845	0.00634	0.00950	0.00950	0.01056	0.00739	0.00739	0.01056	0.00950	0.01373	0.01584	0.02323	0.01478	0.04435	0.76873	0.00950	0.01584	0.00634	0.00317	0.00528
28	0.01101	0.01131	0.06138	0.08231	0.06394	0.03742	0.07211	0.03157	0.03205	0.01781	0.12242	0.25375	0.04058	0.01140	0.00862	0.00214	0.11966	0.00974	0.00432	0.00645
29	0.00738	0.00519	0.00677	0.00802	0.00848	0.00484	0.00539	0.00851	0.01145	0.01546	0.03295	0.72574	0.06361	0.01785	0.00737	0.00234	0.00338	0.01612	0.04431	0.00484
30	0.83394	0.01144	0.00869	0.00778	0.01144	0.01327	0.00640	0.01738	0.01006	0.02653	0.00823	0.00961	0.00640	0.00549	0.00366	0.00183	0.00457	0.00320	0.00366	0.00640
31	0.00837	0.00604	0.00790	0.00744	0.00883	0.00558	0.00558	0.01116	0.01674	0.02371	0.75216	0.04417	0.05580	0.01209	0.00697	0.00186	0.00279	0.01069	0.00651	0.00558
32	0.02209	0.02819	0.01676	0.01524	0.01828	0.76843	0.01143	0.02361	0.01676	0.01447	0.00914	0.01066	0.00762	0.00609	0.00533	0.00152	0.01066	0.00381	0.00305	0.00686
33	0.00837	0.00604	0.00790	0.00744	0.00883	0.00558	0.00558	0.01116	0.01674	0.02371	0.75216	0.04417	0.05580	0.01209	0.00697	0.00186	0.00279	0.01069	0.00651	0.00558
34	0.00760	0.00587	0.00694	0.00699	0.00844	0.00520	0.00512	0.00956	0.01446	0.01905	0.34410	0.17940	0.33717	0.01439	0.00708	0.00201	0.00299	0.01249	0.00592	0.00520
35	0.00721	0.00515	0.00686	0.00823	0.00858	0.00480	0.00549	0.00823	0.01132	0.01510	0.03259	0.78831	0.03911	0.01853	0.00755	0.00240	0.00343	0.01681	0.00549	0.00480
36	0.80736	0.01206	0.03303	0.00807	0.01189	0.01328	0.00690	0.01743	0.01014	0.02628	0.00831	0.00970	0.00644	0.00549	0.00372	0.00183	0.00471	0.00324	0.00362	0.00648

[dist]
# distance from previous block
# <min> <max>
2	12

[block]
# block no. 2 follows, 39 sequences, length 27
# corresponding to MSA columns:
# 121-147
name=unknown_C
#
# <colnr> <probs for GDERKNQSTAVLIFYWHMCP>
#	G	D	E	R	K	N	Q	S	T	A	V	L	I	F	Y	W	H	M	C	P
0	0.00953	0.00681	0.00953	0.01089	0.01225	0.00681	0.00953	0.01225	0.01361	0.01770	0.03131	0.06671	0.03403	0.01634	0.00817	0.00272	0.00545	0.71547	0.00545	0.00545
1	0.83394	0.01144	0.00869	0.00778	0.01144	0.01327	0.00640	0.01738	0.01006	0.02653	0.00823	0.00961	0.00640	0.00549	0.00366	0.00183	0.00457	0.00320	0.00366	0.00640
2	0.00721	0.00515	0.00686	0.00823	0.00858	0.00480	0.00549	0.00823	0.01132	0.01510	0.03259	0.78831	0.03911	0.01853	0.00755	0.00240	0.00343	0.01681	0.00549	0.00480
3	0.83394	0.01144	0.00869	0.00778	0.01144	0.01327	0.00640	0.01738	0.01006	0.02653	0.00823	0.00961	0.00640	0.00549	0.00366	0.00183	0.00457	0.00320	0.00366	0.00640
4	0.01464	0.01405	0.02400	0.03630	0.75528	0.01405	0.01815	0.01815	0.01347	0.01932	0.01112	0.01464	0.00937	0.00527	0.00585	0.00176	0.00703	0.00527	0.00293	0.00937
5	0.01471	0.01270	0.01337	0.01203	0.01538	0.01471	0.00936	0.03142	0.74459	0.02474	0.02407	0.02206	0.01805	0.00802	0.00602	0.00201	0.00468	0.00669	0.00602	0.00936
6	0.00730	0.00522	0.00695	0.00817	0.00860	0.00487	0.00550	0.00847	0.01177	0.01580	0.09170	0.72718	0.04048	0.01800	0.00750	0.00236	0.00338	0.01631	0.00557	0.00487
7	0.01396	0.01595	0.03490	0.02493	0.03091	0.01496	0.73380	0.01894	0.01396	0.01894	0.01196	0.01595	0.00897	0.00499	0.00698	0.00199	0.00997	0.00698	0.00299	0.00798
8	0.02628	0.01046	0.01397	0.01071	0.01530	0.00928	0.00885	0.07221	0.01759	0.71504	0.02277	0.01976	0.01436	0.00731	0.00595	0.00183	0.00512	0.00591	0.00723	0.01006
9	0.00712	0.00597	0.00620	0.00620	0.00809	0.00504	0.00463	0.00873	0.01371	0.01666	0.12287	0.08129	0.66358	0.01483	0.00701	0.00200	0.00299	0.01247	0.00559	0.00504
10	0.02043	0.01352	0.01501	0.01181	0.01586	0.01447	0.00965	0.47625	0.04888	0.13870	0.08964	0.01897	0.01597	0.00764	0.00588	0.00177	0.00555	0.00601	0.07477	0.00921
11	0.00800	0.00548	0.00663	0.00722	0.00737	0.00533	0.00441	0.00844	0.00977	0.01303	0.02465	0.36188	0.02909	0.45863	0.02038	0.00430	0.00474	0.01214	0.00441	0.00411
12	0.00740	0.00528	0.00708	0.00845	0.00888	0.00497	0.00582	0.00856	0.01151	0.01531	0.03249	0.72903	0.03870	0.01835	0.00760	0.00243	0.00360	0.07420	0.00549	0.00486
13	0.02216	0.01690	0.01683	0.01322	0.01760	0.09763	0.01077	0.58225	0.02524	0.07845	0.01445	0.01455	0.01031	0.00700	0.00577	0.00173	0.00669	0.00521	0.04373	0.00950
14	0.00868	0.00668	0.00995	0.00982	0.01082	0.00795	0.00768	0.01075	0.00948	0.01375	0.01542	0.02270	0.01442	0.04260	0.72999	0.00915	0.05542	0.00628	0.00314	0.00534
15	0.00725	0.00526	0.00686	0.00812	0.00863	0.00487	0.00552	0.00836	0.01156	0.01524	0.03480	0.70851	0.09760	0.01818	0.00752	0.00238	0.00345	0.03555	0.00549	0.00484
16	0.01434	0.01367	0.02327	0.05729	0.70571	0.01375	0.01777	0.01783	0.01342	0.01913	0.01188	0.01666	0.01027	0.00571	0.00594	0.00180	0.00699	0.03242	0.00301	0.00913
17	0.00884	0.00616	0.00754	0.00733	0.00864	0.00570	0.00536	0.01075	0.01408	0.04318	0.37539	0.04650	0.17965	0.18311	0.01209	0.00280	0.00376	0.06832	0.00561	0.00517
18	0.01378	0.01192	0.01936	0.17417	0.03839	0.01377	0.15957	0.05814	0.01270	0.06342	0.01239	0.01659	0.00997	0.02626	0.02758	0.00231	0.22683	0.00576	0.10000	0.00708
19	0.01454	0.01522	0.04820	0.21333	0.08808	0.07599	0.26327	0.11145	0.01518	0.01975	0.01302	0.07026	0.01087	0.00660	0.00634	0.00193	0.00829	0.00654	0.00344	0.00771
20	0.10211	0.00952	0.01178	0.08651	0.12563	0.02884	0.00937	0.05721	0.01383	0.01920	0.04700	0.09564	0.24117	0.01130	0.00646	0.00205	0.00506	0.11633	0.00461	0.00639
21	0.01848	0.01237	0.01378	0.01133	0.01485	0.01320	0.00905	0.40093	0.06798	0.11736	0.02055	0.15120	0.03271	0.00932	0.00608	0.00188	0.00528	0.00765	0.07742	0.00860
22	0.01335	0.02725	0.01403	0.03956	0.06068	0.00985	0.00867	0.05898	0.01320	0.04392	0.01196	0.04659	0.01028	0.00570	0.00560	0.00122	0.04642	0.00453	0.00372	0.57449
23	0.80676	0.01148	0.00885	0.00792	0.01157	0.01331	0.00650	0.01785	0.03443	0.02647	0.00876	0.01002	0.00679	0.00557	0.00374	0.00184	0.00458	0.00332	0.00374	0.00650
24	0.01226	0.01051	0.01226	0.00876	0.01401	0.00788	0.00701	0.01489	0.01226	0.01927	0.01051	0.01226	0.00876	0.00438	0.00438	0.00088	0.00438	0.00350	0.00350	0.82832
25	0.00859	0.00576	0.00657	0.00657	0.00661	0.00580	0.00373	0.00867	0.00863	0.01155	0.01853	0.03811	0.02124	0.76376	0.05816	0.00588	0.00612	0.00851	0.00357	0.00365
26	0.00736	0.00518	0.00681	0.00810	0.00846	0.00485	0.00539	0.00841	0.01126	0.01518	0.03175	0.74121	0.03784	0.04405	0.00820	0.00248	0.00349	0.01621	0.02900	0.00478

[dist]
# distance from previous block
# <min> <max>
0	6

[block]
# block no. 3 follows, 39 sequences, length 49
# corresponding to MSA columns:
# 154-202
name=unknown_D
#
# <colnr> <probs for GDERKNQSTAVLIFYWHMCP>
#	G	D	E	R	K	N	Q	S	T	A	V	L	I	F	Y	W	H	M	C	P
0	0.00822	0.00604	0.00769	0.00728	0.00874	0.00551	0.00546	0.01086	0.01638	0.02285	0.67505	0.04559	0.13344	0.01241	0.00698	0.00188	0.00281	0.01089	0.00640	0.00551
1	0.00731	0.00532	0.00692	0.00815	0.00871	0.00493	0.00561	0.00847	0.01166	0.01532	0.03528	0.67609	0.11070	0.01805	0.00753	0.00238	0.00349	0.05374	0.00549	0.00486
2	0.01102	0.00551	0.00551	0.00551	0.00689	0.00551	0.00413	0.01378	0.01240	0.02205	0.01929	0.02205	0.01516	0.00689	0.00413	0.00138	0.00276	0.00551	0.82500	0.00551
3	0.01226	0.01051	0.01226	0.00876	0.01401	0.00788	0.00701	0.01489	0.01226	0.01927	0.01051	0.01226	0.00876	0.00438	0.00438	0.00088	0.00438	0.00350	0.00350	0.82832
4	0.00721	0.00515	0.00686	0.00823	0.00858	0.00480	0.00549	0.00823	0.01132	0.01510	0.03259	0.78831	0.03911	0.01853	0.00755	0.00240	0.00343	0.01681	0.00549	0.00480
5	0.02248	0.01656	0.01775	0.01361	0.01834	0.01834	0.01124	0.73556	0.02780	0.03727	0.01420	0.01420	0.01006	0.00710	0.00592	0.00177	0.00651	0.00532	0.00592	0.01006
6	0.00832	0.00604	0.00783	0.00739	0.00880	0.00556	0.00554	0.01106	0.01662	0.02342	0.72597	0.04466	0.08217	0.01220	0.00698	0.00187	0.00280	0.01076	0.00647	0.00556
7	0.01428	0.01229	0.01298	0.01171	0.01495	0.01413	0.00909	0.03010	0.69984	0.02443	0.04655	0.02383	0.04271	0.00837	0.00608	0.00200	0.00457	0.00699	0.00602	0.00911
8	0.01575	0.63936	0.11139	0.01122	0.01645	0.04481	0.01153	0.01819	0.01225	0.03440	0.00891	0.01026	0.00777	0.00539	0.00462	0.00140	0.03245	0.00346	0.00267	0.00772
9	0.79609	0.01168	0.00911	0.00805	0.01176	0.01350	0.00663	0.05088	0.01089	0.02703	0.00851	0.00982	0.00657	0.00556	0.00376	0.00183	0.00466	0.00330	0.00376	0.00657
10	0.01027	0.00514	0.00770	0.00770	0.00770	0.00514	0.00514	0.00770	0.00770	0.01027	0.01027	0.01798	0.01027	0.02054	0.02311	0.82794	0.00514	0.00514	0.00257	0.00257
11	0.00951	0.00722	0.03150	0.00818	0.00991	0.00629	0.00642	0.03552	0.01541	0.05339	0.43593	0.15000	0.11501	0.04245	0.00787	0.00214	0.00356	0.04792	0.00599	0.00577
12	0.02134	0.01572	0.01694	0.01321	0.01761	0.01733	0.01081	0.68145	0.02658	0.03562	0.01557	0.07179	0.01222	0.00795	0.00604	0.00182	0.00628	0.00618	0.00588	0.00967
13	0.01186	0.03059	0.76153	0.01686	0.02560	0.01373	0.02185	0.01873	0.01249	0.01873	0.01061	0.01249	0.00749	0.00562	0.00562	0.00187	0.00874	0.00437	0.00250	0.00874
14	0.00849	0.00635	0.00739	0.00762	0.00884	0.00606	0.00564	0.01048	0.03965	0.01593	0.09679	0.05105	0.26978	0.26027	0.01452	0.00333	0.00447	0.17348	0.00498	0.00487
15	0.06567	0.01471	0.04617	0.01135	0.01506	0.16152	0.00934	0.09628	0.06864	0.26241	0.14407	0.02203	0.04102	0.00797	0.00589	0.00179	0.00598	0.00629	0.00562	0.00819
16	0.01590	0.01704	0.02146	0.15297	0.43414	0.20182	0.03576	0.01903	0.01403	0.01741	0.01055	0.01387	0.00868	0.00557	0.00576	0.00174	0.00815	0.00495	0.00291	0.00824
17	0.00859	0.00577	0.00662	0.00662	0.00668	0.00583	0.00380	0.00871	0.00865	0.01159	0.01848	0.03784	0.02113	0.75048	0.07127	0.00594	0.00630	0.00847	0.00356	0.00368
18	0.01878	0.00947	0.01119	0.00938	0.01266	0.00942	0.00749	0.05750	0.17380	0.32856	0.02176	0.02089	0.01533	0.00732	0.00538	0.00172	0.00429	0.00594	0.27068	0.00844
19	0.01265	0.01091	0.01329	0.00953	0.01479	0.00849	0.03463	0.03814	0.01283	0.01983	0.01068	0.01246	0.00881	0.00449	0.00453	0.00095	0.00466	0.00369	0.00356	0.77106
20	0.01716	0.01701	0.04181	0.02546	0.40425	0.15549	0.01478	0.10574	0.07548	0.04395	0.01276	0.01476	0.01010	0.00598	0.00573	0.00173	0.00732	0.00512	0.02649	0.00887
21	0.00724	0.00516	0.00685	0.00819	0.00852	0.00483	0.00544	0.00824	0.01125	0.01500	0.03222	0.76846	0.03865	0.03901	0.00815	0.00249	0.00349	0.01659	0.00544	0.00477
22	0.01256	0.02974	0.15658	0.36997	0.20819	0.01381	0.01705	0.01813	0.08259	0.01770	0.01194	0.01537	0.00914	0.00589	0.00582	0.00189	0.00750	0.00519	0.00300	0.00794
23	0.00868	0.00619	0.00790	0.00745	0.00901	0.00560	0.00558	0.01121	0.01596	0.03908	0.60204	0.09200	0.12080	0.01248	0.00692	0.00188	0.00294	0.01097	0.00628	0.02701
24	0.00729	0.00529	0.00677	0.00787	0.00839	0.00490	0.00527	0.00835	0.01151	0.01518	0.05209	0.64897	0.11279	0.06454	0.00883	0.00255	0.00351	0.01572	0.00540	0.00477
25	0.01288	0.01244	0.02172	0.46918	0.09770	0.01408	0.16473	0.05989	0.03506	0.01786	0.01142	0.01573	0.00867	0.00591	0.00648	0.00196	0.02822	0.00566	0.00303	0.00739
26	0.00845	0.00634	0.00950	0.00950	0.01056	0.00739	0.00739	0.01056	0.00950	0.01373	0.01584	0.02323	0.01478	0.04435	0.76873	0.00950	0.01584	0.00634	0.00317	0.00528
27	0.00909	0.00637	0.00816	0.00760	0.00919	0.00592	0.00574	0.01221	0.03820	0.04780	0.67041	0.04338	0.08946	0.01196	0.00691	0.00187	0.00293	0.01051	0.00647	0.00581
28	0.83394	0.01144	0.00869	0.00778	0.01144	0.01327	0.00640	0.01738	0.01006	0.02653	0.00823	0.00961	0.00640	0.00549	0.00366	0.00183	0.00457	0.00320	0.00366	0.00640
29	0.01517	0.58464	0.19988	0.01191	0.01773	0.05372	0.01290	0.01820	0.01233	0.01506	0.00882	0.01023	0.00757	0.00523	0.00429	0.00142	0.00707	0.00347	0.00254	0.00782
30	0.01452	0.01406	0.02437	0.05312	0.70477	0.01407	0.05149	0.01812	0.01345	0.01920	0.01115	0.01472	0.00931	0.00527	0.00591	0.00177	0.00718	0.00535	0.00292	0.00924
31	0.13178	0.12885	0.37138	0.01316	0.01916	0.01354	0.03430	0.01734	0.01232	0.04368	0.04619	0.05114	0.01230	0.00808	0.03233	0.00208	0.00725	0.02407	0.00329	0.02776
32	0.01271	0.04925	0.04857	0.04209	0.01550	0.05370	0.02803	0.01508	0.03093	0.01576	0.01242	0.01702	0.03169	0.04270	0.04734	0.00265	0.41575	0.00551	0.10685	0.00642
33	0.01117	0.01051	0.01774	0.77795	0.04073	0.01314	0.01642	0.01511	0.01182	0.01511	0.01051	0.01577	0.00788	0.00591	0.00591	0.00197	0.00788	0.00526	0.00263	0.00657
34	0.03655	0.01118	0.04957	0.65384	0.03678	0.01267	0.03068	0.01510	0.01184	0.01587	0.01162	0.04835	0.00934	0.00643	0.00588	0.00197	0.00755	0.00569	0.02252	0.00659
35	0.14855	0.19032	0.05124	0.01275	0.03629	0.16072	0.02809	0.17377	0.06394	0.02236	0.01367	0.01445	0.04731	0.00650	0.00505	0.00166	0.00685	0.00467	0.00394	0.00788
36	0.00815	0.00592	0.00840	0.00904	0.00992	0.00549	0.03856	0.00952	0.01187	0.03612	0.03322	0.64387	0.08596	0.01725	0.00747	0.00236	0.00385	0.05249	0.00543	0.00514
37	0.01117	0.01051	0.01774	0.77795	0.04073	0.01314	0.01642	0.01511	0.01182	0.01511	0.01051	0.01577	0.00788	0.00591	0.00591	0.00197	0.00788	0.00526	0.00263	0.00657
38	0.01209	0.01135	0.01928	0.47901	0.24258	0.01290	0.03566	0.01584	0.01251	0.01664	0.01252	0.01985	0.01060	0.00660	0.00612	0.00198	0.00748	0.06669	0.00297	0.00731
39	0.03708	0.01402	0.05531	0.03671	0.11885	0.06988	0.01152	0.10401	0.24655	0.05190	0.03309	0.02667	0.04140	0.00870	0.00623	0.00200	0.00602	0.11684	0.00496	0.00827
40	0.00884	0.00675	0.00841	0.00915	0.01076	0.00652	0.00757	0.01185	0.05425	0.01753	0.05739	0.10512	0.26280	0.01547	0.00761	0.00241	0.00443	0.39212	0.00552	0.00548
41	0.01018	0.00815	0.01118	0.01041	0.01122	0.00996	0.00808	0.04284	0.01014	0.01473	0.01451	0.02308	0.01413	0.15963	0.41976	0.00673	0.18620	0.00639	0.02720	0.00548
42	0.01316	0.18950	0.55027	0.01573	0.02337	0.04409	0.04932	0.01871	0.01261	0.01757	0.01012	0.01194	0.00758	0.00549	0.00529	0.00174	0.00836	0.00421	0.00255	0.00840
43	0.04067	0.06918	0.03871	0.01486	0.01635	0.06683	0.06831	0.01536	0.01046	0.01534	0.00960	0.02890	0.00902	0.01096	0.05709	0.00268	0.48657	0.00530	0.02720	0.00662
44	0.02538	0.00650	0.00844	0.00810	0.00943	0.00634	0.00615	0.01164	0.01530	0.04216	0.54766	0.09428	0.04733	0.05202	0.00865	0.00219	0.03247	0.06433	0.00603	0.00559
45	0.01557	0.01602	0.03956	0.04621	0.25062	0.09932	0.23198	0.05347	0.07574	0.04256	0.04042	0.01641	0.01159	0.00607	0.00655	0.00186	0.02813	0.00594	0.00360	0.00840
46	0.01446	0.01713	0.16342	0.17052	0.33322	0.04923	0.08327	0.01866	0.01338	0.06345	0.01164	0.01471	0.00893	0.00560	0.00590	0.00183	0.00784	0.00522	0.00307	0.00851
47	0.04658	0.01488	0.05973	0.04312	0.06567	0.01491	0.26250	0.15572	0.01560	0.07528	0.01329	0.05423	0.01075	0.00720	0.00843	0.00203	0.13167	0.00637	0.00391	0.00814
48	0.01967	0.01486	0.04373	0.01230	0.01689	0.01495	0.01036	0.47946	0.02254	0.08497	0.03088	0.01576	0.01149	0.02972	0.00665	0.00177	0.02232	0.00527	0.01877	0.13764

[dist]
# distance from previous block
# <min> <max>
1	6

[block]
# block no. 4 follows, 39 sequences, length 44
# corresponding to MSA columns:
# 209-252
name=unknown_E
#
# <colnr> <probs for GDERKNQSTAVLIFYWHMCP>
#	G	D	E	R	K	N	Q	S	T	A	V	L	I	F	Y	W	H	M	C	P
0	0.13124	0.05764	0.05790	0.03774	0.01696	0.09371	0.07774	0.15056	0.01681	0.08981	0.17088	0.03915	0.01973	0.00770	0.00577	0.00180	0.00617	0.00633	0.00477	0.00759
1	0.01599	0.03726	0.04075	0.01336	0.05182	0.11147	0.04349	0.16144	0.03440	0.06717	0.08760	0.07604	0.01709	0.00811	0.00666	0.00174	0.05321	0.02391	0.03189	0.11662
2	0.01511	0.11227	0.13396	0.01130	0.01558	0.01268	0.01046	0.16317	0.06311	0.09690	0.05409	0.13517	0.03484	0.03764	0.00670	0.00192	0.00563	0.00719	0.00476	0.07752
3	0.00742	0.00524	0.00680	0.00796	0.00824	0.00495	0.00519	0.00829	0.01090	0.01453	0.03041	0.67107	0.03636	0.13952	0.01108	0.00292	0.00379	0.01553	0.00519	0.00461
4	0.01395	0.01195	0.01314	0.00963	0.01473	0.03760	0.00772	0.10842	0.01444	0.02142	0.01094	0.01245	0.00888	0.00480	0.00461	0.00102	0.00489	0.00375	0.00380	0.69186
5	0.00860	0.00573	0.00645	0.00645	0.00645	0.00573	0.00358	0.00860	0.00860	0.01147	0.01863	0.03870	0.02150	0.79217	0.03010	0.00573	0.00573	0.00860	0.00358	0.00358
6	0.01581	0.79572	0.03099	0.01012	0.01518	0.02340	0.01012	0.01771	0.01202	0.01391	0.00822	0.00949	0.00759	0.00506	0.00379	0.00126	0.00632	0.00316	0.00253	0.00759
7	0.00819	0.00600	0.00769	0.00735	0.00875	0.00549	0.00548	0.01079	0.01620	0.02263	0.65779	0.08098	0.11525	0.01265	0.00700	0.00190	0.00284	0.01114	0.00637	0.00549
8	0.00746	0.00532	0.00710	0.00843	0.00886	0.00502	0.00581	0.00862	0.01146	0.01524	0.03207	0.69890	0.03813	0.04066	0.00826	0.00253	0.00369	0.08218	0.00543	0.00483
9	0.00746	0.00533	0.00716	0.00853	0.00898	0.00502	0.00594	0.00868	0.01158	0.01538	0.03245	0.70873	0.03855	0.01829	0.00762	0.00244	0.00365	0.09386	0.00548	0.00487
10	0.01536	0.01303	0.01374	0.01217	0.01563	0.01501	0.00952	0.09033	0.68463	0.02579	0.02324	0.02141	0.01738	0.00795	0.00601	0.00199	0.00483	0.00657	0.00601	0.00942
11	0.01560	0.01315	0.01387	0.01221	0.01572	0.01512	0.00958	0.11202	0.66255	0.02617	0.02294	0.02116	0.01714	0.00792	0.00601	0.00198	0.00489	0.00653	0.00601	0.00944
12	0.00845	0.00634	0.00950	0.00950	0.01056	0.00739	0.00739	0.01056	0.00950	0.01373	0.01584	0.02323	0.01478	0.04435	0.76873	0.00950	0.01584	0.00634	0.00317	0.00528
13	0.01524	0.68523	0.13649	0.01109	0.01668	0.02200	0.01181	0.01786	0.01208	0.01461	0.00857	0.00992	0.00758	0.00514	0.00406	0.00135	0.00667	0.00334	0.00253	0.00776
14	0.00716	0.00595	0.00627	0.00640	0.00820	0.00506	0.00478	0.00872	0.01349	0.01639	0.09626	0.11764	0.63368	0.01515	0.00707	0.00204	0.00309	0.03210	0.00555	0.00502
15	0.02404	0.00949	0.01290	0.01013	0.01424	0.00825	0.00827	0.02634	0.01672	0.65966	0.09755	0.04848	0.01964	0.00818	0.00611	0.00185	0.00475	0.00680	0.00718	0.00943
16	0.00755	0.00539	0.00726	0.00863	0.00912	0.00510	0.00609	0.00883	0.01166	0.01548	0.03240	0.68139	0.03836	0.01820	0.00764	0.00245	0.00373	0.12033	0.00548	0.00490
17	0.01138	0.00731	0.00955	0.00979	0.01162	0.00709	0.00807	0.04058	0.03271	0.10130	0.11738	0.14027	0.10301	0.01441	0.00746	0.00236	0.00463	0.35915	0.00582	0.00612
18	0.01581	0.79572	0.03099	0.01012	0.01518	0.02340	0.01012	0.01771	0.01202	0.01391	0.00822	0.00949	0.00759	0.00506	0.00379	0.00126	0.00632	0.00316	0.00253	0.00759
19	0.01334	0.01568	0.07466	0.04601	0.08887	0.01397	0.55018	0.01810	0.01400	0.01925	0.07369	0.01799	0.01280	0.00567	0.00677	0.00196	0.00899	0.00694	0.00324	0.00789
20	0.03863	0.59276	0.08560	0.01126	0.01624	0.03691	0.01120	0.07777	0.01326	0.01662	0.00890	0.01032	0.00776	0.00558	0.00495	0.00144	0.04659	0.00356	0.00286	0.00778
21	0.00860	0.00573	0.00645	0.00645	0.00645	0.00573	0.00358	0.00860	0.00860	0.01147	0.01863	0.03870	0.02150	0.79217	0.03010	0.00573	0.00573	0.00860	0.00358	0.00358
22	0.00721	0.00515	0.00686	0.00823	0.00858	0.00480	0.00549	0.00823	0.01132	0.01510	0.03259	0.78831	0.03911	0.01853	0.00755	0.00240	0.00343	0.01681	0.00549	0.00480
23	0.02248	0.01656	0.01775	0.01361	0.01834	0.01834	0.01124	0.73556	0.02780	0.03727	0.01420	0.01420	0.01006	0.00710	0.00592	0.00177	0.00651	0.00532	0.00592	0.01006
24	0.01372	0.01550	0.03346	0.08792	0.03173	0.01480	0.67379	0.01862	0.01378	0.01862	0.01184	0.01594	0.00888	0.00506	0.00689	0.00199	0.00980	0.00683	0.00296	0.00786
25	0.00724	0.00597	0.00620	0.00616	0.00794	0.00510	0.00452	0.00873	0.01338	0.01630	0.11795	0.05432	0.63238	0.07711	0.00884	0.00228	0.00320	0.01201	0.00543	0.00493
26	0.01235	0.01077	0.01338	0.07371	0.01677	0.00888	0.02703	0.01591	0.05199	0.01921	0.01128	0.01318	0.00920	0.00472	0.00467	0.00106	0.00484	0.00391	0.00355	0.69360
27	0.01027	0.00514	0.00770	0.00770	0.00770	0.00514	0.00514	0.00770	0.00770	0.01027	0.01027	0.01798	0.01027	0.02054	0.02311	0.82794	0.00514	0.00514	0.00257	0.00257
28	0.01432	0.01370	0.02013	0.01616	0.01850	0.04982	0.17847	0.11971	0.01363	0.01915	0.01249	0.07545	0.01139	0.00967	0.02924	0.00236	0.33460	0.00651	0.04754	0.00715
29	0.00853	0.00628	0.00921	0.00921	0.01021	0.00724	0.00707	0.01054	0.00954	0.01384	0.01611	0.02410	0.01519	0.08706	0.70276	0.00904	0.01486	0.00644	0.02758	0.00519
30	0.02263	0.01001	0.01300	0.01040	0.01442	0.00926	0.00844	0.02719	0.12872	0.56192	0.10722	0.02319	0.01989	0.00798	0.00608	0.00186	0.00472	0.00661	0.00703	0.00944
31	0.00760	0.00601	0.00683	0.00663	0.00836	0.00525	0.00497	0.00966	0.01491	0.01938	0.36458	0.05131	0.44608	0.01371	0.00698	0.00194	0.00291	0.01169	0.00594	0.00525
32	0.00703	0.00599	0.00605	0.00603	0.00801	0.00501	0.00453	0.00857	0.01358	0.01621	0.08061	0.05653	0.73203	0.01489	0.00699	0.00199	0.00299	0.01243	0.00552	0.00501
33	0.01581	0.79572	0.03099	0.01012	0.01518	0.02340	0.01012	0.01771	0.01202	0.01391	0.00822	0.00949	0.00759	0.00506	0.00379	0.00126	0.00632	0.00316	0.00253	0.00759
34	0.01186	0.03059	0.76153	0.01686	0.02560	0.01373	0.02185	0.01873	0.01249	0.01873	0.01061	0.01249	0.00749	0.00562	0.00562	0.00187	0.00874	0.00437	0.00250	0.00874
35	0.02653	0.01006	0.01372	0.01052	0.01510	0.00869	0.00869	0.02882	0.01693	0.75937	0.02333	0.02013	0.01464	0.00732	0.00595	0.00183	0.00503	0.00595	0.00732	0.01006
36	0.01396	0.01595	0.03490	0.02493	0.03091	0.01496	0.73380	0.01894	0.01396	0.01894	0.01196	0.01595	0.00897	0.00499	0.00698	0.00199	0.00997	0.00698	0.00299	0.00798
37	0.01117	0.01051	0.01774	0.77795	0.04073	0.01314	0.01642	0.01511	0.01182	0.01511	0.01051	0.01577	0.00788	0.00591	0.00591	0.00197	0.00788	0.00526	0.00263	0.00657
38	0.00721	0.00515	0.00686	0.00823	0.00858	0.00480	0.00549	0.00823	0.01132	0.01510	0.03259	0.78831	0.03911	0.01853	0.00755	0.00240	0.00343	0.01681	0.00549	0.00480
39	0.01464	0.01405	0.02400	0.03630	0.75528	0.01405	0.01815	0.01815	0.01347	0.01932	0.01112	0.01464	0.00937	0.00527	0.00585	0.00176	0.00703	0.00527	0.00293	0.00937
40	0.02209	0.02819	0.01676	0.01524	0.01828	0.76843	0.01143	0.02361	0.01676	0.01447	0.00914	0.01066	0.00762	0.00609	0.00533	0.00152	0.01066	0.00381	0.00305	0.00686
41	0.01432	0.01098	0.01285	0.00931	0.01447	0.00883	0.00750	0.07675	0.01396	0.08270	0.01189	0.01308	0.00936	0.00485	0.00464	0.00103	0.00461	0.00386	0.00403	0.69096
42	0.02186	0.08363	0.01869	0.01358	0.01807	0.14089	0.01118	0.55959	0.02469	0.03160	0.01287	0.01323	0.00945	0.00676	0.00564	0.00169	0.00717	0.00490	0.00517	0.00933
43	0.02248	0.01656	0.01775	0.01361	0.01834	0.01834	0.01124	0.73556	0.02780	0.03727	0.01420	0.01420	0.01006	0.00710	0.00592	0.00177	0.00651	0.00532	0.00592	0.01006

[dist]
# distance from previous block
# <min> <max>
0	1

[block]
# block no. 5 follows, 39 sequences, length 43
# corresponding to MSA columns:
# 254-296
name=unknown_F
#
# <colnr> <probs for GDERKNQSTAVLIFYWHMCP>
#	G	D	E	R	K	N	Q	S	T	A	V	L	I	F	Y	W	H	M	C	P
0	0.00834	0.00602	0.00787	0.00746	0.00883	0.00556	0.00558	0.01107	0.01658	0.02346	0.73058	0.06649	0.05530	0.01228	0.00699	0.00188	0.00281	0.01088	0.00648	0.00556
1	0.00721	0.00515	0.00686	0.00823	0.00858	0.00480	0.00549	0.00823	0.01132	0.01510	0.03259	0.78831	0.03911	0.01853	0.00755	0.00240	0.00343	0.01681	0.00549	0.00480
2	0.00859	0.00645	0.00938	0.00930	0.01020	0.00750	0.00709	0.01043	0.00938	0.01347	0.01595	0.02482	0.01540	0.13407	0.65786	0.00885	0.03637	0.00658	0.00320	0.00511
3	0.03809	0.04089	0.01765	0.08229	0.09380	0.55103	0.01233	0.04677	0.03372	0.01630	0.00995	0.01185	0.00812	0.00604	0.00540	0.00161	0.00954	0.00417	0.00317	0.00726
4	0.00862	0.00636	0.00810	0.00765	0.00914	0.00601	0.00574	0.01204	0.05371	0.02330	0.67465	0.06177	0.07620	0.01213	0.00694	0.00189	0.00291	0.01070	0.00643	0.00573
5	0.00721	0.00515	0.00686	0.00823	0.00858	0.00480	0.00549	0.00823	0.01132	0.01510	0.03259	0.78831	0.03911	0.01853	0.00755	0.00240	0.00343	0.01681	0.00549	0.00480
6	0.01262	0.07902	0.21241	0.17013	0.18902	0.06399	0.01562	0.01646	0.01273	0.01694	0.01466	0.11189	0.02814	0.00764	0.00589	0.00188	0.00727	0.02292	0.00316	0.00759
7	0.01309	0.18023	0.42071	0.04328	0.02487	0.01602	0.16626	0.01833	0.01259	0.01757	0.01034	0.01272	0.00784	0.00550	0.00588	0.00180	0.02742	0.00472	0.00261	0.00822
8	0.01254	0.03895	0.02058	0.46876	0.03266	0.01493	0.11218	0.04665	0.01227	0.01637	0.01025	0.01496	0.00809	0.00667	0.00861	0.00206	0.15832	0.00540	0.00281	0.00693
9	0.00855	0.00594	0.00750	0.00750	0.00786	0.00630	0.00489	0.00927	0.00891	0.01224	0.01767	0.03339	0.01919	0.53543	0.28368	0.00703	0.00920	0.00782	0.00344	0.00417
10	0.00764	0.00576	0.00713	0.00774	0.00889	0.00525	0.00569	0.00935	0.01328	0.01735	0.18134	0.34595	0.24835	0.01598	0.00735	0.00222	0.00342	0.09655	0.00568	0.00509
11	0.00861	0.00646	0.00828	0.00921	0.01072	0.00613	0.00773	0.01086	0.01345	0.01702	0.04040	0.10051	0.26105	0.01602	0.00776	0.00248	0.00457	0.45800	0.00546	0.00527
12	0.01226	0.01051	0.01226	0.00876	0.01401	0.00788	0.00701	0.01489	0.01226	0.01927	0.01051	0.01226	0.00876	0.00438	0.00438	0.00088	0.00438	0.00350	0.00350	0.82832
13	0.01117	0.01051	0.01774	0.77795	0.04073	0.01314	0.01642	0.01511	0.01182	0.01511	0.01051	0.01577	0.00788	0.00591	0.00591	0.00197	0.00788	0.00526	0.00263	0.00657
14	0.01149	0.01069	0.01810	0.67102	0.09164	0.01292	0.03409	0.01537	0.01202	0.01582	0.01097	0.01596	0.00833	0.00588	0.00586	0.00193	0.00765	0.00531	0.03817	0.00677
15	0.00721	0.00515	0.00686	0.00823	0.00858	0.00480	0.00549	0.00823	0.01132	0.01510	0.03259	0.78831	0.03911	0.01853	0.00755	0.00240	0.00343	0.01681	0.00549	0.00480
16	0.00721	0.00515	0.00686	0.00823	0.00858	0.00480	0.00549	0.00823	0.01132	0.01510	0.03259	0.78831	0.03911	0.01853	0.00755	0.00240	0.00343	0.01681	0.00549	0.00480
17	0.00851	0.00618	0.00829	0.00951	0.01061	0.00597	0.00769	0.01055	0.01286	0.01667	0.03472	0.30012	0.11099	0.01691	0.00784	0.00254	0.00453	0.41484	0.00546	0.00519
18	0.01471	0.01270	0.01337	0.01203	0.01538	0.01471	0.00936	0.03142	0.74459	0.02474	0.02407	0.02206	0.01805	0.00802	0.00602	0.00201	0.00468	0.00669	0.00602	0.00936
19	0.83394	0.01144	0.00869	0.00778	0.01144	0.01327	0.00640	0.01738	0.01006	0.02653	0.00823	0.00961	0.00640	0.00549	0.00366	0.00183	0.00457	0.00320	0.00366	0.00640
20	0.01471	0.01270	0.01337	0.01203	0.01538	0.01471	0.00936	0.03142	0.74459	0.02474	0.02407	0.02206	0.01805	0.00802	0.00602	0.00201	0.00468	0.00669	0.00602	0.00936
21	0.01226	0.01051	0.01226	0.00876	0.01401	0.00788	0.00701	0.01489	0.01226	0.01927	0.01051	0.01226	0.00876	0.00438	0.00438	0.00088	0.00438	0.00350	0.00350	0.82832
22	0.00720	0.00603	0.00628	0.00631	0.00823	0.00511	0.00479	0.00885	0.01373	0.01662	0.11024	0.05638	0.67051	0.01482	0.00704	0.00202	0.00308	0.04214	0.00557	0.00506
23	0.01396	0.01595	0.03490	0.02493	0.03091	0.01496	0.73380	0.01894	0.01396	0.01894	0.01196	0.01595	0.00897	0.00499	0.00698	0.00199	0.00997	0.00698	0.00299	0.00798
24	0.02209	0.02819	0.01676	0.01524	0.01828	0.76843	0.01143	0.02361	0.01676	0.01447	0.00914	0.01066	0.00762	0.00609	0.00533	0.00152	0.01066	0.00381	0.00305	0.00686
25	0.02211	0.02768	0.01680	0.01516	0.01828	0.73604	0.01142	0.05436	0.01724	0.01546	0.00936	0.01082	0.00772	0.00614	0.00536	0.00153	0.01049	0.00387	0.00317	0.00699
26	0.00720	0.00518	0.00683	0.00814	0.00855	0.00481	0.00545	0.00824	0.01141	0.01513	0.03374	0.75775	0.06893	0.01838	0.00752	0.00238	0.00341	0.01663	0.00549	0.00481
27	0.01855	0.01411	0.01518	0.01245	0.01642	0.01573	0.01003	0.38670	0.30464	0.05571	0.02033	0.01952	0.04493	0.00884	0.02736	0.00209	0.00586	0.00621	0.00591	0.00944
28	0.01186	0.03059	0.76153	0.01686	0.02560	0.01373	0.02185	0.01873	0.01249	0.01873	0.01061	0.01249	0.00749	0.00562	0.00562	0.00187	0.00874	0.00437	0.00250	0.00874
29	0.00721	0.00515	0.00686	0.00823	0.00858	0.00480	0.00549	0.00823	0.01132	0.01510	0.03259	0.78831	0.03911	0.01853	0.00755	0.00240	0.00343	0.01681	0.00549	0.00480
30	0.01027	0.00514	0.00770	0.00770	0.00770	0.00514	0.00514	0.00770	0.00770	0.01027	0.01027	0.01798	0.01027	0.02054	0.02311	0.82794	0.00514	0.00514	0.00257	0.00257
31	0.02576	0.00989	0.01348	0.01039	0.01483	0.00856	0.00856	0.02807	0.01692	0.72820	0.05422	0.02115	0.01638	0.00752	0.00599	0.00183	0.00494	0.00615	0.00729	0.00987
32	0.00721	0.00515	0.00686	0.00823	0.00858	0.00480	0.00549	0.00823	0.01132	0.01510	0.03259	0.78831	0.03911	0.01853	0.00755	0.00240	0.00343	0.01681	0.00549	0.00480
33	0.00896	0.00640	0.00888	0.01024	0.01135	0.00632	0.00854	0.01127	0.01305	0.01706	0.03163	0.24308	0.03528	0.01687	0.00802	0.00264	0.00495	0.54471	0.00546	0.00529
34	0.01249	0.01228	0.01726	0.01493	0.01503	0.01705	0.01239	0.01387	0.00910	0.01418	0.00857	0.01396	0.00846	0.01373	0.09389	0.00328	0.70526	0.00529	0.00265	0.00635
35	0.00860	0.00573	0.00645	0.00645	0.00645	0.00573	0.00358	0.00860	0.00860	0.01147	0.01863	0.03870	0.02150	0.79217	0.03010	0.00573	0.00573	0.00860	0.00358	0.00358
36	0.01102	0.00551	0.00551	0.00551	0.00689	0.00551	0.00413	0.01378	0.01240	0.02205	0.01929	0.02205	0.01516	0.00689	0.00413	0.00138	0.00276	0.00551	0.82500	0.00551
37	0.00930	0.00664	0.00927	0.01063	0.01189	0.00661	0.00913	0.01186	0.01339	0.01744	0.03144	0.13792	0.03454	0.01655	0.00811	0.00269	0.00525	0.64652	0.00545	0.00538
38	0.01226	0.01051	0.01226	0.00876	0.01401	0.00788	0.00701	0.01489	0.01226	0.01927	0.01051	0.01226	0.00876	0.00438	0.00438	0.00088	0.00438	0.00350	0.00350	0.82832
39	0.01882	0.01361	0.01531	0.01304	0.04135	0.01473	0.01006	0.51830	0.02312	0.05633	0.01866	0.19352	0.01691	0.00969	0.00629	0.00192	0.00576	0.00800	0.00576	0.00882
40	0.00799	0.00605	0.00738	0.00711	0.00869	0.00544	0.00538	0.01038	0.01565	0.02117	0.51858	0.04878	0.26662	0.01310	0.00702	0.00193	0.00294	0.03423	0.00617	0.00540
41	0.00859	0.00576	0.00658	0.00658	0.00662	0.00580	0.00374	0.00868	0.00864	0.01156	0.01852	0.03805	0.02122	0.76093	0.06095	0.00589	0.00616	0.00851	0.00357	0.00365
42	0.76788	0.01132	0.00888	0.00801	0.01155	0.01309	0.00653	0.01783	0.04765	0.02611	0.00976	0.03302	0.00796	0.00600	0.00389	0.00186	0.00455	0.00378	0.00383	0.00651

[dist]
# distance from previous block
# <min> <max>
0	1

[block]
# block no. 6 follows, 39 sequences, length 14
# corresponding to MSA columns:
# 298-311
name=unknown_G
#
# <colnr> <probs for GDERKNQSTAVLIFYWHMCP>
#	G	D	E	R	K	N	Q	S	T	A	V	L	I	F	Y	W	H	M	C	P
0	0.01627	0.01433	0.01508	0.01488	0.09240	0.07767	0.01056	0.08020	0.53243	0.04835	0.02075	0.01971	0.01559	0.00749	0.00593	0.00192	0.00557	0.00618	0.00548	0.00923
1	0.00865	0.00639	0.00833	0.03059	0.01039	0.00642	0.00641	0.06072	0.01291	0.01738	0.09011	0.62871	0.03673	0.01660	0.00765	0.00230	0.02407	0.01485	0.00545	0.00534
2	0.01440	0.34090	0.39702	0.01397	0.02070	0.08657	0.01614	0.01876	0.01269	0.01639	0.00951	0.01110	0.00754	0.00544	0.00485	0.00159	0.00794	0.00383	0.00256	0.00810
3	0.01325	0.02102	0.28976	0.02257	0.05954	0.01449	0.45350	0.01883	0.01342	0.01888	0.01145	0.01468	0.00847	0.00522	0.00645	0.00194	0.00941	0.00599	0.00281	0.00830
4	0.00860	0.00573	0.00645	0.00645	0.00645	0.00573	0.00358	0.00860	0.00860	0.01147	0.01863	0.03870	0.02150	0.79217	0.03010	0.00573	0.00573	0.00860	0.00358	0.00358
5	0.00754	0.00530	0.00678	0.00782	0.00843	0.00492	0.00533	0.00885	0.01196	0.01628	0.08698	0.62416	0.09354	0.01697	0.00723	0.00226	0.00330	0.01525	0.06217	0.00492
6	0.01869	0.07978	0.01655	0.01213	0.01575	0.05656	0.00985	0.44665	0.02158	0.04359	0.05119	0.05697	0.01456	0.07697	0.02281	0.00228	0.03431	0.00623	0.00514	0.00841
7	0.01760	0.01204	0.01424	0.01335	0.06630	0.01307	0.00982	0.04880	0.45695	0.20586	0.02260	0.04238	0.01675	0.00798	0.00632	0.00196	0.02196	0.00662	0.00603	0.00936
8	0.00860	0.00573	0.00645	0.00645	0.00645	0.00573	0.00358	0.00860	0.00860	0.01147	0.01863	0.03870	0.02150	0.79217	0.03010	0.00573	0.00573	0.00860	0.00358	0.00358
9	0.08348	0.01356	0.02248	0.06841	0.58104	0.01372	0.05537	0.01852	0.01330	0.05746	0.01152	0.01462	0.00929	0.00541	0.00574	0.00179	0.00692	0.00522	0.00320	0.00894
10	0.01328	0.17665	0.50062	0.01496	0.02243	0.01500	0.04638	0.01858	0.01259	0.04447	0.01065	0.01230	0.00793	0.00544	0.00523	0.00167	0.00782	0.00422	0.00278	0.07700
11	0.07748	0.04763	0.01346	0.01002	0.01415	0.01024	0.00824	0.06510	0.07156	0.44131	0.06573	0.02214	0.06525	0.00775	0.00573	0.00177	0.00481	0.00622	0.00627	0.05512
12	0.57418	0.01158	0.01119	0.03299	0.06448	0.01285	0.00808	0.06660	0.01259	0.11363	0.03644	0.01289	0.00959	0.00604	0.00442	0.00183	0.00496	0.00413	0.00426	0.00727
13	0.07387	0.39718	0.12271	0.01173	0.01669	0.06903	0.01154	0.05619	0.01359	0.11933	0.01097	0.01187	0.00860	0.00593	0.00538	0.00158	0.04835	0.00397	0.00347	0.00802

[dist]
# distance from previous block
# <min> <max>
0	9

[block]
# block no. 7 follows, 39 sequences, length 44
# corresponding to MSA columns:
# 327-370
name=unknown_H
#
# <colnr> <probs for GDERKNQSTAVLIFYWHMCP>
#	G	D	E	R	K	N	Q	S	T	A	V	L	I	F	Y	W	H	M	C	P
0	0.07404	0.02389	0.04060	0.03641	0.05190	0.01097	0.00952	0.11014	0.08268	0.30776	0.15312	0.02228	0.02043	0.00781	0.00590	0.00182	0.00507	0.00642	0.00595	0.02328
1	0.04499	0.12562	0.06679	0.01185	0.01632	0.14826	0.01027	0.15752	0.05753	0.14382	0.02961	0.01653	0.04762	0.00677	0.00535	0.00161	0.00650	0.00506	0.00461	0.09337
2	0.01551	0.01685	0.08441	0.05178	0.53526	0.11145	0.01693	0.01900	0.01395	0.04280	0.02912	0.01487	0.01023	0.00566	0.00580	0.00175	0.00750	0.00516	0.00313	0.00884
3	0.08114	0.06841	0.07346	0.00944	0.01276	0.00965	0.00826	0.03218	0.06414	0.17367	0.30059	0.04918	0.07448	0.00948	0.00608	0.00184	0.00438	0.00792	0.00568	0.00727
