[name]
unknown

[dist]
# distance from previous block
# <min> <max>
4	272

[block]
# block no. 0 follows, 46 sequences, length 11
# corresponding to MSA columns:
# 380-386,390-393
name=unknown_A
#
# <colnr> <probs for GDERKNQSTAVLIFYWHMCP>
#	G	D	E	R	K	N	Q	S	T	A	V	L	I	F	Y	W	H	M	C	P
0	0.01198	0.01152	0.01609	0.14161	0.37115	0.08847	0.01248	0.03473	0.01268	0.01683	0.11227	0.08436	0.01661	0.00713	0.00554	0.00168	0.00589	0.03875	0.00336	0.00685
1	0.07120	0.16434	0.28182	0.01433	0.10396	0.01390	0.02794	0.13214	0.01365	0.09308	0.02922	0.01235	0.00888	0.00537	0.00475	0.00155	0.00626	0.00418	0.00333	0.00776
2	0.13900	0.01880	0.42505	0.05103	0.05605	0.01090	0.01414	0.01657	0.01153	0.10535	0.05004	0.01536	0.05229	0.00592	0.00494	0.00167	0.00622	0.00466	0.00323	0.00724
3	0.10049	0.12819	0.07793	0.02144	0.36986	0.08762	0.04085	0.01632	0.01143	0.01641	0.00888	0.01140	0.00746	0.00518	0.00579	0.00157	0.07512	0.00412	0.00259	0.00735
4	0.01325	0.12380	0.01480	0.00983	0.01366	0.01069	0.05902	0.10496	0.06682	0.08632	0.05650	0.07614	0.01415	0.00654	0.00486	0.00136	0.00469	0.03383	0.00405	0.29473
5	0.01008	0.00687	0.00856	0.00804	0.00971	0.00679	0.00620	0.08982	0.05705	0.07053	0.40674	0.17120	0.03695	0.01122	0.00622	0.00182	0.00338	0.07757	0.00554	0.00572
6	0.03204	0.42150	0.13336	0.01346	0.06806	0.08470	0.10330	0.01713	0.01168	0.05724	0.00906	0.01050	0.00736	0.00480	0.00432	0.00138	0.00664	0.00371	0.00263	0.00712
7	0.01348	0.01284	0.01567	0.35458	0.02468	0.13108	0.05514	0.13518	0.07063	0.01707	0.01059	0.01364	0.00822	0.00674	0.00699	0.06461	0.04466	0.00469	0.00312	0.00640
8	0.00803	0.00522	0.00651	0.00687	0.00773	0.00479	0.00471	0.00910	0.01087	0.07202	0.10580	0.42708	0.14525	0.14889	0.00990	0.00251	0.00340	0.01192	0.00484	0.00456
9	0.00755	0.00588	0.00864	0.09827	0.01201	0.00602	0.03497	0.00912	0.01055	0.01423	0.06206	0.52590	0.02930	0.04031	0.00745	0.00216	0.02576	0.06754	0.02761	0.00468
10	0.00977	0.00746	0.00996	0.01132	0.09667	0.00748	0.00794	0.10927	0.01373	0.01840	0.13287	0.22219	0.07722	0.01225	0.00645	0.00201	0.00425	0.24027	0.00482	0.00566

[dist]
# distance from previous block
# <min> <max>
0	2

[block]
# block no. 1 follows, 46 sequences, length 8
# corresponding to MSA columns:
# 396-403
name=unknown_B
#
# <colnr> <probs for GDERKNQSTAVLIFYWHMCP>
#	G	D	E	R	K	N	Q	S	T	A	V	L	I	F	Y	W	H	M	C	P
0	0.01887	0.00997	0.01222	0.00993	0.01348	0.00976	0.00809	0.18011	0.09520	0.39653	0.01975	0.07778	0.01513	0.00775	0.00550	0.00170	0.00464	0.05903	0.00575	0.04881
1	0.01709	0.01341	0.05142	0.01111	0.01522	0.01335	0.00941	0.51188	0.02022	0.05604	0.01340	0.06191	0.01061	0.00776	0.03395	0.00176	0.00571	0.00516	0.00475	0.13586
2	0.04405	0.18532	0.55997	0.01452	0.06353	0.01402	0.01669	0.01648	0.01104	0.01617	0.00900	0.01063	0.00677	0.00490	0.00464	0.00156	0.00715	0.00369	0.00230	0.00756
3	0.01071	0.00878	0.05411	0.02624	0.05782	0.03157	0.00767	0.06103	0.01101	0.01650	0.01412	0.02053	0.01255	0.05321	0.08337	0.10783	0.08028	0.05968	0.27770	0.00527
4	0.00947	0.00885	0.06783	0.01045	0.03243	0.00767	0.06340	0.09152	0.02863	0.01755	0.10267	0.28767	0.07523	0.03617	0.00698	0.00207	0.00454	0.13670	0.00457	0.00561
5	0.01215	0.02896	0.05926	0.03878	0.06636	0.01109	0.30713	0.01517	0.01165	0.07283	0.05597	0.06427	0.01230	0.00682	0.00744	0.04043	0.08153	0.00601	0.00323	0.09862
6	0.07561	0.01083	0.01412	0.05485	0.01563	0.01107	0.07986	0.18664	0.01428	0.06546	0.05601	0.06296	0.01222	0.00653	0.00619	0.00151	0.08343	0.00524	0.00393	0.23362
7	0.01378	0.47152	0.14082	0.03995	0.01599	0.10404	0.01099	0.03713	0.01171	0.01420	0.04335	0.01094	0.00883	0.00534	0.00485	0.00137	0.05228	0.00359	0.00256	0.00676

[dist]
# distance from previous block
# <min> <max>
7	13

[block]
# block no. 2 follows, 46 sequences, length 40
# corresponding to MSA columns:
# 417-456
name=unknown_C
#
# <colnr> <probs for GDERKNQSTAVLIFYWHMCP>
#	G	D	E	R	K	N	Q	S	T	A	V	L	I	F	Y	W	H	M	C	P
0	0.03569	0.00940	0.01048	0.03070	0.01226	0.02180	0.00716	0.15923	0.17159	0.06999	0.14667	0.11485	0.05882	0.02074	0.00578	0.00170	0.00411	0.00722	0.03935	0.07248
1	0.01041	0.04440	0.00988	0.00824	0.00962	0.00885	0.00617	0.12058	0.04515	0.01715	0.12170	0.10597	0.02086	0.24483	0.06115	0.00312	0.07728	0.00732	0.05639	0.02091
2	0.01238	0.06188	0.01424	0.05031	0.03542	0.01115	0.05861	0.07413	0.11126	0.06032	0.04122	0.05519	0.01308	0.07003	0.02282	0.00198	0.11467	0.00553	0.02579	0.15999
3	0.01208	0.01259	0.06713	0.07797	0.11902	0.01176	0.35527	0.01569	0.01197	0.05886	0.07091	0.01639	0.01179	0.00771	0.05460	0.00217	0.06400	0.00583	0.01737	0.00689
4	0.01407	0.32649	0.03903	0.00965	0.01336	0.03286	0.00856	0.14791	0.08943	0.04513	0.05055	0.01468	0.01166	0.04358	0.07059	0.00210	0.00604	0.00442	0.00360	0.06629
5	0.09741	0.00812	0.00930	0.04165	0.01138	0.00826	0.00650	0.14248	0.01277	0.01911	0.04782	0.19892	0.01807	0.07042	0.04367	0.01789	0.00465	0.03403	0.06991	0.13763
6	0.07354	0.09296	0.01546	0.01317	0.05400	0.52257	0.00975	0.04669	0.05561	0.01547	0.04651	0.01168	0.00950	0.00568	0.00469	0.00142	0.00789	0.00387	0.00310	0.00644
7	0.04975	0.07918	0.01679	0.05337	0.25513	0.13560	0.01121	0.12876	0.07801	0.06195	0.01184	0.01363	0.00936	0.02488	0.00540	0.00161	0.00612	0.00451	0.04539	0.00750
8	0.00794	0.00636	0.00725	0.00792	0.00892	0.04106	0.00595	0.00982	0.03800	0.01447	0.05093	0.33436	0.15359	0.08048	0.00833	0.00235	0.00397	0.20896	0.00470	0.00463
9	0.00882	0.00786	0.00826	0.00862	0.04257	0.09023	0.00621	0.01085	0.01355	0.01748	0.36691	0.09322	0.20188	0.01135	0.00619	0.00177	0.00376	0.09043	0.00498	0.00508
10	0.01467	0.04465	0.01203	0.00912	0.01222	0.03817	0.00714	0.26392	0.01551	0.09965	0.01611	0.05182	0.05134	0.17422	0.00953	0.00218	0.00504	0.00574	0.00433	0.16260
11	0.00864	0.00547	0.00698	0.00733	0.00839	0.00503	0.00519	0.02650	0.01167	0.09433	0.10934	0.52476	0.12311	0.02848	0.00681	0.00204	0.00321	0.01263	0.00515	0.00496
12	0.01841	0.01051	0.01228	0.00996	0.01336	0.01079	0.00802	0.27707	0.10567	0.29982	0.01869	0.09756	0.01430	0.00754	0.00534	0.00166	0.00461	0.00616	0.07012	0.00813
13	0.01203	0.01330	0.02792	0.07385	0.06504	0.01292	0.60902	0.01606	0.01204	0.01639	0.01125	0.05029	0.00915	0.00527	0.00660	0.00181	0.04100	0.00639	0.00274	0.00693
14	0.01133	0.01132	0.01637	0.01393	0.01421	0.01541	0.04772	0.01264	0.00842	0.01297	0.00833	0.05521	0.00852	0.00942	0.01623	0.00228	0.72218	0.00527	0.00247	0.00577
15	0.00893	0.00544	0.00721	0.00709	0.00743	0.00562	0.00478	0.04183	0.00849	0.01136	0.01475	0.09287	0.04128	0.21507	0.06174	0.42893	0.02427	0.00659	0.00301	0.00329
16	0.06578	0.00906	0.01204	0.00928	0.01333	0.00798	0.00767	0.02524	0.01482	0.74622	0.02017	0.01752	0.01271	0.00646	0.00521	0.00164	0.00448	0.00519	0.00638	0.00883
17	0.00764	0.00536	0.00684	0.00663	0.00776	0.00494	0.00483	0.00965	0.01360	0.03510	0.56263	0.13052	0.09400	0.07735	0.00797	0.00201	0.00283	0.01007	0.00545	0.00481
18	0.05586	0.00636	0.00779	0.00714	0.00880	0.00607	0.00537	0.02229	0.03103	0.12126	0.43417	0.06393	0.06960	0.10774	0.00848	0.00212	0.00334	0.02787	0.00534	0.00542
19	0.04973	0.01136	0.01614	0.01363	0.01413	0.01535	0.05182	0.01306	0.00851	0.01376	0.00761	0.01193	0.00723	0.00866	0.01551	0.00221	0.68997	0.00465	0.03893	0.00582
20	0.09521	0.00644	0.00773	0.00769	0.00918	0.00629	0.00568	0.04551	0.01201	0.11774	0.11840	0.39106	0.05939	0.04732	0.00696	0.00207	0.00358	0.04739	0.00501	0.00534
21	0.17050	0.02528	0.09549	0.16339	0.25310	0.06319	0.04354	0.01593	0.01118	0.03504	0.00959	0.01227	0.00756	0.00519	0.00526	0.00164	0.03745	0.00425	0.03323	0.00692
22	0.01017	0.00537	0.00554	0.00539	0.00673	0.00548	0.00409	0.04298	0.01153	0.01992	0.01691	0.01947	0.01335	0.00775	0.04107	0.00159	0.00315	0.00496	0.76947	0.00508
23	0.00812	0.00615	0.00711	0.00702	0.00858	0.00587	0.00528	0.01140	0.10635	0.03786	0.21484	0.14326	0.30785	0.04712	0.00715	0.00199	0.00318	0.06059	0.00515	0.00515
24	0.01116	0.01052	0.03477	0.07962	0.04797	0.00945	0.10511	0.01452	0.04796	0.01686	0.01080	0.02441	0.00889	0.00507	0.00556	0.00127	0.06733	0.00430	0.05919	0.43524
25	0.00993	0.00920	0.01521	0.71108	0.03339	0.01149	0.01385	0.01324	0.01054	0.01378	0.02453	0.03208	0.00864	0.00585	0.00586	0.00178	0.04433	0.00502	0.02443	0.00579
26	0.00644	0.00460	0.00613	0.00736	0.00767	0.00429	0.00491	0.00736	0.01012	0.01350	0.02914	0.81076	0.03497	0.01656	0.00675	0.00215	0.00307	0.01503	0.00491	0.00429
27	0.00671	0.00520	0.00613	0.00656	0.00766	0.00470	0.00467	0.00841	0.03189	0.01522	0.15460	0.37490	0.32588	0.01419	0.00644	0.00192	0.00286	0.01244	0.00506	0.00458
28	0.01005	0.00907	0.05182	0.02252	0.03207	0.02292	0.00813	0.07120	0.17272	0.01764	0.02481	0.29204	0.05715	0.01191	0.00626	0.00202	0.00442	0.17252	0.00474	0.00600
29	0.00703	0.00513	0.00674	0.04726	0.00901	0.00494	0.00525	0.00835	0.01098	0.01481	0.16010	0.45676	0.11070	0.05454	0.02935	0.02131	0.00355	0.01201	0.02774	0.00444
30	0.01034	0.00591	0.00623	0.00584	0.00729	0.00599	0.00440	0.08068	0.01263	0.02051	0.10360	0.02273	0.03288	0.05023	0.00543	0.00153	0.00292	0.00571	0.60995	0.00521
31	0.03118	0.01370	0.02222	0.02619	0.45882	0.07257	0.19301	0.03050	0.02947	0.01727	0.01068	0.01439	0.00888	0.00516	0.00570	0.00165	0.02279	0.02531	0.00282	0.00771
32	0.03588	0.08995	0.31767	0.05536	0.25334	0.01311	0.05626	0.04840	0.01215	0.05466	0.01013	0.01214	0.00769	0.00499	0.00500	0.00160	0.00683	0.00429	0.00275	0.00782
33	0.00659	0.00471	0.00629	0.00739	0.00780	0.00441	0.00504	0.00769	0.01056	0.01416	0.08589	0.72581	0.03594	0.01606	0.00673	0.00212	0.00309	0.04038	0.00498	0.00437
34	0.00860	0.00525	0.00666	0.00690	0.00794	0.00486	0.00492	0.01020	0.01189	0.07997	0.21199	0.39622	0.06943	0.03075	0.00653	0.00191	0.00299	0.01118	0.11686	0.00492
35	0.04199	0.09068	0.13273	0.07340	0.09450	0.02548	0.24931	0.02855	0.01215	0.06509	0.04618	0.07971	0.02401	0.00623	0.00546	0.00168	0.00671	0.00600	0.00321	0.00694
36	0.01056	0.05228	0.01021	0.00835	0.01066	0.02963	0.00637	0.13257	0.03047	0.01817	0.08404	0.31484	0.07231	0.02638	0.00602	0.00170	0.00399	0.00903	0.00447	0.16794
37	0.01109	0.00909	0.01135	0.00943	0.04846	0.00760	0.03335	0.05925	0.01185	0.01808	0.01254	0.09579	0.01136	0.00568	0.00442	0.00109	0.00408	0.00485	0.09007	0.55056
38	0.05941	0.23973	0.03407	0.01033	0.03346	0.03605	0.05868	0.06066	0.01264	0.12777	0.06622	0.05355	0.07332	0.00902	0.05873	0.00195	0.00575	0.00549	0.00382	0.04936
39	0.01145	0.04142	0.01142	0.04164	0.09103	0.00860	0.00780	0.12227	0.01412	0.07395	0.15111	0.16479	0.11299	0.00974	0.00574	0.00170	0.00419	0.04968	0.00465	0.07172

[dist]
# distance from previous block
# <min> <max>
3	6

[block]
# block no. 3 follows, 46 sequences, length 61
# corresponding to MSA columns:
# 463-523
name=unknown_D
#
# <colnr> <probs for GDERKNQSTAVLIFYWHMCP>
#	G	D	E	R	K	N	Q	S	T	A	V	L	I	F	Y	W	H	M	C	P
0	0.12868	0.14324	0.12732	0.01082	0.05229	0.03327	0.02470	0.03114	0.01245	0.16197	0.11474	0.05672	0.02866	0.00667	0.00482	0.00154	0.00507	0.00535	0.00399	0.04656
1	0.17905	0.37097	0.01822	0.00901	0.01257	0.05447	0.02926	0.09018	0.01229	0.01764	0.06409	0.01449	0.04234	0.04389	0.00514	0.00156	0.00522	0.00423	0.01903	0.00635
2	0.06263	0.00968	0.01348	0.11628	0.01684	0.01002	0.10158	0.07987	0.11699	0.06615	0.05749	0.08193	0.07792	0.00858	0.02823	0.00188	0.01928	0.02744	0.00413	0.09958
3	0.05197	0.03243	0.08489	0.01217	0.01545	0.35831	0.01018	0.16245	0.01549	0.06355	0.02224	0.06368	0.03069	0.00679	0.00565	0.00157	0.04716	0.00489	0.00363	0.00681
4	0.00734	0.00511	0.00607	0.00637	0.00656	0.00506	0.00391	0.00772	0.00870	0.01157	0.03321	0.25831	0.05712	0.52244	0.01971	0.00402	0.01942	0.00992	0.00379	0.00365
5	0.01186	0.03488	0.01761	0.28747	0.02387	0.05635	0.18636	0.07313	0.03389	0.01668	0.01247	0.07180	0.01049	0.00677	0.01816	0.00180	0.02818	0.00575	0.09619	0.00628
6	0.14646	0.06847	0.01568	0.14353	0.21150	0.02329	0.04861	0.06678	0.01194	0.01777	0.01352	0.12467	0.01301	0.00734	0.00521	0.00174	0.00561	0.06499	0.00334	0.00654
7	0.01039	0.00980	0.01640	0.61493	0.17705	0.01154	0.01444	0.01373	0.01092	0.01426	0.01171	0.01574	0.04593	0.00558	0.00532	0.00173	0.00668	0.00502	0.00253	0.00628
8	0.00669	0.00488	0.00615	0.00683	0.00746	0.00450	0.00465	0.00784	0.01095	0.01456	0.15209	0.51406	0.13766	0.08570	0.00838	0.00228	0.00310	0.01297	0.00490	0.00433
9	0.01825	0.01269	0.01394	0.01106	0.01477	0.01373	0.00899	0.53831	0.07390	0.10951	0.01748	0.07727	0.05046	0.00757	0.00546	0.00166	0.00520	0.00602	0.00538	0.00836
10	0.00747	0.00500	0.00580	0.00609	0.00627	0.00490	0.00365	0.00785	0.00853	0.01159	0.02041	0.21869	0.03818	0.56668	0.02050	0.00415	0.00445	0.00936	0.04685	0.00358
11	0.10444	0.00927	0.00977	0.00834	0.01098	0.00991	0.00663	0.23342	0.08972	0.05586	0.11990	0.04385	0.07024	0.00761	0.00495	0.00157	0.00391	0.00611	0.19685	0.00666
12	0.04607	0.00902	0.01304	0.03415	0.05211	0.00913	0.11884	0.14515	0.03561	0.03794	0.08810	0.30707	0.06071	0.01038	0.00601	0.00185	0.00473	0.00942	0.00452	0.00616
13	0.01196	0.01092	0.01649	0.58467	0.12031	0.03378	0.01412	0.11418	0.01277	0.01658	0.00987	0.01366	0.00746	0.00536	0.00527	0.00171	0.00686	0.00467	0.00278	0.00659
14	0.00649	0.00540	0.00570	0.00572	0.00742	0.00460	0.00435	0.00801	0.01235	0.01506	0.12555	0.05019	0.66540	0.01319	0.00630	0.00181	0.00278	0.05013	0.00500	0.00454
15	0.00783	0.00509	0.00654	0.00714	0.00782	0.00473	0.00487	0.00886	0.01060	0.06310	0.08036	0.53405	0.07863	0.12811	0.00945	0.00249	0.00342	0.02756	0.00483	0.00451
16	0.01437	0.01405	0.02029	0.02890	0.64294	0.10145	0.01509	0.05434	0.01307	0.03058	0.01006	0.01274	0.00831	0.00491	0.00518	0.00155	0.00660	0.00457	0.00283	0.00816
17	0.00674	0.00486	0.00629	0.00723	0.00773	0.00455	0.00489	0.01867	0.01070	0.01426	0.08117	0.68354	0.07499	0.03846	0.00724	0.00217	0.00311	0.01409	0.00493	0.00439
18	0.00721	0.00488	0.00650	0.00731	0.00791	0.00453	0.00502	0.00842	0.01110	0.04121	0.15299	0.65582	0.03669	0.01527	0.00661	0.00205	0.00302	0.01379	0.00511	0.00457
19	0.43821	0.02260	0.00992	0.11894	0.01404	0.01088	0.00746	0.03292	0.02749	0.05818	0.01209	0.11795	0.01093	0.00700	0.00510	0.00174	0.05333	0.00518	0.04019	0.00584
20	0.10436	0.11240	0.01572	0.08891	0.01670	0.20582	0.00976	0.25482	0.01593	0.02087	0.00991	0.01139	0.00775	0.00583	0.00541	0.00153	0.05752	0.00399	0.04442	0.00697
21	0.00655	0.00469	0.00623	0.00729	0.00769	0.00437	0.00492	0.00764	0.01064	0.01432	0.10889	0.72867	0.03655	0.01595	0.00669	0.00210	0.00301	0.01445	0.00500	0.00437
22	0.01465	0.00992	0.01139	0.01002	0.01284	0.01060	0.00797	0.15648	0.29664	0.15392	0.05854	0.11347	0.02986	0.00897	0.00575	0.00183	0.00437	0.07973	0.00547	0.00756
23	0.01164	0.01181	0.05718	0.19586	0.42315	0.01158	0.04833	0.01536	0.03783	0.01634	0.01252	0.03465	0.01110	0.00620	0.00553	0.00174	0.00636	0.08261	0.00292	0.00729
24	0.11025	0.33337	0.22547	0.01170	0.03372	0.08445	0.02519	0.03763	0.01178	0.06931	0.00920	0.01029	0.00720	0.00498	0.00421	0.00142	0.00639	0.00350	0.00281	0.00714
25	0.00986	0.00658	0.00772	0.00706	0.00874	0.00641	0.00531	0.07742	0.03058	0.07511	0.23605	0.03487	0.20531	0.13108	0.05940	0.00262	0.00420	0.02319	0.06317	0.00531
26	0.06595	0.01035	0.01264	0.00950	0.01379	0.00919	0.06119	0.10099	0.06533	0.01965	0.01144	0.04677	0.00960	0.00508	0.00442	0.00113	0.00449	0.00424	0.00359	0.54066
27	0.12206	0.00796	0.00999	0.00902	0.01090	0.02597	0.03811	0.06564	0.01038	0.01641	0.01277	0.01731	0.01120	0.02518	0.45901	0.00553	0.02842	0.00500	0.07709	0.04205
28	0.12237	0.12656	0.01019	0.00700	0.00924	0.00863	0.00562	0.01239	0.04355	0.05405	0.28056	0.03111	0.19389	0.06509	0.00678	0.00185	0.00356	0.00754	0.00458	0.00544
29	0.03148	0.03421	0.30481	0.01268	0.03262	0.01075	0.06444	0.01654	0.02254	0.13412	0.05549	0.01560	0.01133	0.05766	0.00752	0.00184	0.07667	0.00482	0.00338	0.10150
30	0.01069	0.00819	0.00937	0.02660	0.01053	0.05435	0.00659	0.13629	0.01165	0.01586	0.01421	0.04227	0.01343	0.16640	0.33232	0.05915	0.00896	0.00586	0.06215	0.00512
31	0.01432	0.70137	0.07943	0.00982	0.01443	0.07993	0.00986	0.01630	0.01110	0.01278	0.00756	0.00875	0.00678	0.00463	0.00361	0.00119	0.00610	0.00295	0.00230	0.00681
32	0.06639	0.02970	0.06612	0.00990	0.01385	0.01041	0.00858	0.16844	0.07844	0.32941	0.07626	0.03208	0.01452	0.00668	0.00513	0.00159	0.00472	0.00535	0.01718	0.05524
33	0.01365	0.03891	0.26369	0.01491	0.12068	0.01160	0.02579	0.14406	0.03990	0.09710	0.05045	0.03527	0.01343	0.00690	0.00542	0.00170	0.00603	0.08256	0.00387	0.02407
34	0.00678	0.00488	0.00640	0.00729	0.00787	0.00456	0.00510	0.00804	0.01103	0.01476	0.14100	0.58042	0.07414	0.03686	0.00723	0.00216	0.00315	0.06890	0.00499	0.00442
35	0.06099	0.00520	0.00646	0.00733	0.00792	0.00508	0.00510	0.00839	0.01021	0.01439	0.06538	0.55888	0.03161	0.10869	0.00891	0.00246	0.00351	0.08049	0.00465	0.00435
36	0.04523	0.01277	0.05809	0.06859	0.09935	0.05104	0.26370	0.03784	0.07153	0.01726	0.01259	0.05473	0.01059	0.03233	0.00695	0.00183	0.06175	0.00577	0.08134	0.00669
37	0.02051	0.06765	0.03320	0.01240	0.06442	0.01178	0.04704	0.22976	0.01712	0.41669	0.01618	0.01520	0.01081	0.00609	0.00521	0.00159	0.00536	0.00496	0.00535	0.00868
38	0.00809	0.00550	0.00688	0.00654	0.00790	0.00500	0.00485	0.01015	0.01375	0.05723	0.52028	0.08904	0.16489	0.04919	0.00714	0.00187	0.00278	0.00977	0.02417	0.00497
39	0.04964	0.00866	0.01127	0.00899	0.01252	0.00790	0.00731	0.02312	0.07439	0.57861	0.13883	0.02116	0.01882	0.00720	0.00539	0.00165	0.00415	0.00594	0.00622	0.00821
40	0.05103	0.01358	0.06725	0.11632	0.01776	0.06282	0.01021	0.32864	0.08469	0.08310	0.01413	0.06065	0.01100	0.00667	0.00517	0.00164	0.00571	0.00529	0.04669	0.00764
41	0.00805	0.00508	0.00608	0.00627	0.00685	0.00518	0.00423	0.00926	0.00936	0.01402	0.04025	0.15395	0.02010	0.31251	0.14313	0.00403	0.00548	0.00784	0.23419	0.00415
42	0.06181	0.00941	0.01158	0.00940	0.01300	0.00910	0.00760	0.03848	0.18247	0.51001	0.02115	0.04135	0.03265	0.00704	0.00526	0.00168	0.00431	0.00574	0.01956	0.00838
43	0.01513	0.50591	0.15023	0.01065	0.01554	0.06718	0.01086	0.08635	0.01269	0.06875	0.00919	0.01004	0.00741	0.00497	0.00406	0.00131	0.00619	0.00339	0.00286	0.00727
44	0.01476	0.00952	0.01133	0.00998	0.03394	0.00982	0.00762	0.18507	0.16116	0.17930	0.21580	0.08068	0.04076	0.00855	0.00568	0.00170	0.00412	0.00723	0.00559	0.00738
45	0.00660	0.00475	0.00614	0.00707	0.00752	0.00442	0.00474	0.00762	0.01048	0.01398	0.09366	0.64494	0.08068	0.07092	0.00806	0.00229	0.00314	0.01382	0.00487	0.00429
46	0.01094	0.00922	0.01095	0.05861	0.01370	0.00747	0.00673	0.03884	0.01147	0.01748	0.01201	0.01354	0.04682	0.00464	0.00416	0.00094	0.00407	0.00376	0.03268	0.69197
47	0.07910	0.01248	0.05113	0.04476	0.06948	0.08244	0.00914	0.17331	0.12130	0.05558	0.17411	0.01904	0.01814	0.00688	0.00519	0.00159	0.00507	0.00558	0.02361	0.04209
48	0.00662	0.00470	0.00622	0.00737	0.00770	0.00443	0.00496	0.00755	0.01006	0.01339	0.02829	0.72662	0.03375	0.06759	0.00806	0.00235	0.00328	0.04802	0.00480	0.00425
49	0.00764	0.00510	0.00578	0.00583	0.00585	0.00509	0.00327	0.00767	0.00779	0.01039	0.01718	0.06691	0.01988	0.78100	0.02607	0.00500	0.00504	0.00799	0.00327	0.00325
50	0.05989	0.01224	0.07158	0.34586	0.22124	0.01246	0.07742	0.04765	0.01167	0.03522	0.00984	0.01324	0.00760	0.00530	0.00583	0.00172	0.04690	0.00469	0.00272	0.00695
51	0.00901	0.00736	0.00949	0.06341	0.01178	0.00758	0.00689	0.05740	0.01153	0.01597	0.08861	0.29630	0.10043	0.01254	0.04677	0.00212	0.09559	0.00916	0.00414	0.14392
52	0.14951	0.01212	0.05315	0.09094	0.22290	0.04717	0.02496	0.05514	0.11334	0.05226	0.01233	0.01510	0.00992	0.06369	0.00641	0.00186	0.00561	0.00474	0.03961	0.01924
53	0.00816	0.00583	0.00713	0.00695	0.00742	0.00618	0.00465	0.03238	0.00927	0.01276	0.07280	0.08312	0.04122	0.47428	0.14284	0.00478	0.04612	0.00778	0.02231	0.00403
54	0.01238	0.28013	0.43004	0.01489	0.09905	0.04760	0.01542	0.01658	0.01128	0.01525	0.00879	0.01043	0.00691	0.00485	0.00451	0.00148	0.00703	0.00362	0.00230	0.00747
55	0.00792	0.00532	0.00613	0.00605	0.00644	0.00523	0.00367	0.00836	0.00828	0.01157	0.01701	0.08142	0.01896	0.62748	0.06141	0.00462	0.00520	0.00764	0.06164	0.04567
56	0.07025	0.00813	0.00927	0.00817	0.01048	0.00823	0.00635	0.14609	0.06986	0.10670	0.26725	0.12283	0.12535	0.00990	0.00576	0.00173	0.00363	0.00838	0.00537	0.00629
57	0.01895	0.02033	0.01504	0.01292	0.01598	0.46317	0.01005	0.25507	0.04941	0.01977	0.01084	0.01174	0.02061	0.00613	0.00561	0.00151	0.04802	0.00413	0.00366	0.00708
58	0.11147	0.01217	0.01188	0.01032	0.01238	0.12042	0.00815	0.16269	0.06593	0.01896	0.01445	0.01761	0.06332	0.08351	0.06330	0.00251	0.16364	0.00519	0.04590	0.00619
59	0.01295	0.24824	0.12065	0.01133	0.01470	0.12600	0.02714	0.03725	0.05668	0.01473	0.02180	0.02554	0.03026	0.00999	0.09347	0.00232	0.11445	0.00448	0.02156	0.00646
60	0.01545	0.00999	0.01233	0.08107	0.02630	0.02720	0.00843	0.13297	0.05251	0.22404	0.06175	0.05783	0.03477	0.00735	0.00635	0.01882	0.06023	0.00566	0.02167	0.13526

[dist]
# distance from previous block
# <min> <max>
0	3

[block]
# block no. 4 follows, 46 sequences, length 21
# corresponding to MSA columns:
# 527-547
name=unknown_E
#
# <colnr> <probs for GDERKNQSTAVLIFYWHMCP>
#	G	D	E	R	K	N	Q	S	T	A	V	L	I	F	Y	W	H	M	C	P
0	0.05667	0.01004	0.05876	0.01036	0.05955	0.00944	0.00797	0.14939	0.10987	0.06652	0.22521	0.07680	0.07546	0.03516	0.00627	0.00180	0.00421	0.00730	0.02257	0.00665
1	0.10935	0.11705	0.51470	0.03177	0.01960	0.03754	0.01542	0.01646	0.01121	0.03285	0.04142	0.01189	0.00855	0.00524	0.00468	0.00160	0.00687	0.00393	0.00261	0.00725
2	0.25576	0.14200	0.03960	0.01142	0.06155	0.08948	0.00908	0.22492	0.06147	0.02251	0.01025	0.01150	0.00808	0.02551	0.00489	0.00161	0.00563	0.00390	0.00367	0.00717
3	0.20717	0.03438	0.01399	0.08137	0.06395	0.19784	0.00967	0.22324	0.05611	0.02179	0.01034	0.01170	0.00799	0.00671	0.03061	0.00179	0.00662	0.00405	0.00365	0.00703
4	0.00774	0.00600	0.00809	0.00754	0.00870	0.00577	0.05428	0.02488	0.01092	0.01450	0.15107	0.14819	0.18562	0.25278	0.08738	0.00344	0.00500	0.00944	0.00422	0.00445
5	0.34143	0.16681	0.34048	0.01077	0.01619	0.01371	0.01217	0.01610	0.01023	0.01868	0.00826	0.00965	0.00633	0.00488	0.00403	0.00156	0.00595	0.00330	0.00265	0.00680
6	0.09498	0.01307	0.01334	0.01081	0.01415	0.05379	0.00879	0.42918	0.09389	0.04618	0.01449	0.01482	0.03653	0.00666	0.00574	0.00162	0.05498	0.00488	0.07431	0.00778
7	0.00987	0.00778	0.01084	0.00972	0.01150	0.00788	0.08331	0.10622	0.02693	0.04245	0.06596	0.36098	0.14607	0.01222	0.00700	0.00195	0.05391	0.02517	0.00468	0.00558
8	0.00843	0.00623	0.00760	0.00758	0.00884	0.00608	0.00556	0.08979	0.03148	0.01848	0.27489	0.35973	0.11172	0.01300	0.00635	0.00189	0.00320	0.02875	0.00526	0.00515
9	0.00785	0.00576	0.00734	0.00794	0.00894	0.00546	0.00576	0.05482	0.01142	0.01529	0.02743	0.58592	0.05397	0.01474	0.00653	0.00205	0.00352	0.11038	0.00481	0.06004
10	0.01211	0.01101	0.06262	0.01227	0.01530	0.03529	0.16390	0.11778	0.06063	0.07131	0.06702	0.23206	0.03250	0.00972	0.00609	0.00187	0.00544	0.07213	0.00445	0.00648
11	0.00667	0.00495	0.00625	0.00701	0.00780	0.00453	0.00496	0.00799	0.01130	0.01485	0.13663	0.50570	0.18615	0.01501	0.00661	0.00203	0.00302	0.05903	0.00503	0.00446
12	0.00692	0.00513	0.00641	0.00718	0.00793	0.00483	0.00506	0.00849	0.03288	0.01437	0.08124	0.50195	0.15561	0.06493	0.00790	0.00226	0.00328	0.07430	0.00487	0.00447
13	0.01134	0.16585	0.60569	0.01446	0.02154	0.01387	0.06412	0.01659	0.01117	0.01599	0.00919	0.01088	0.00680	0.00490	0.00481	0.00159	0.00750	0.00386	0.00227	0.00759
14	0.06973	0.12402	0.56817	0.01342	0.02018	0.01349	0.01635	0.06588	0.01196	0.03683	0.00957	0.01092	0.00695	0.00508	0.00472	0.00160	0.00707	0.00379	0.00262	0.00765
15	0.00753	0.00506	0.00581	0.00597	0.00601	0.00502	0.00342	0.00765	0.00800	0.01066	0.01825	0.13345	0.02122	0.71262	0.02434	0.00475	0.00486	0.00862	0.00342	0.00334
16	0.00648	0.00480	0.00594	0.00683	0.00743	0.00438	0.00461	0.00743	0.01039	0.01346	0.03367	0.59734	0.19568	0.06552	0.00789	0.00225	0.00311	0.01373	0.00480	0.00426
17	0.01233	0.01446	0.06683	0.01824	0.03644	0.06727	0.39043	0.01548	0.01112	0.01521	0.01012	0.04865	0.00875	0.00657	0.00947	0.00192	0.25169	0.00578	0.00264	0.00659
18	0.00752	0.02877	0.00701	0.00703	0.00764	0.00547	0.00472	0.03505	0.01033	0.01369	0.05740	0.48390	0.06669	0.22567	0.01186	0.00284	0.00374	0.01195	0.00443	0.00429
19	0.06154	0.00692	0.00804	0.00738	0.00920	0.00684	0.00575	0.10594	0.01513	0.02134	0.45933	0.05418	0.15110	0.01063	0.00601	0.00173	0.00321	0.05492	0.00538	0.00544
20	0.01241	0.01509	0.12301	0.08466	0.07211	0.01362	0.40835	0.06200	0.01228	0.01707	0.00999	0.01331	0.00770	0.00539	0.00742	0.00182	0.11855	0.00540	0.00270	0.00712

[dist]
# distance from previous block
# <min> <max>
0	1

[block]
# block no. 5 follows, 46 sequences, length 34
# corresponding to MSA columns:
# 549-582
name=unknown_F
#
# <colnr> <probs for GDERKNQSTAVLIFYWHMCP>
#	G	D	E	R	K	N	Q	S	T	A	V	L	I	F	Y	W	H	M	C	P
0	0.00932	0.00669	0.00736	0.00693	0.00862	0.03477	0.00516	0.01164	0.04991	0.09246	0.27669	0.09866	0.29168	0.06728	0.00753	0.00198	0.00333	0.00958	0.00519	0.00523
1	0.03864	0.00595	0.00642	0.00621	0.00795	0.00544	0.00471	0.03148	0.02913	0.01715	0.23528	0.07006	0.48570	0.01219	0.00612	0.00177	0.00286	0.02298	0.00510	0.00486
2	0.00800	0.00543	0.00622	0.00615	0.00640	0.00543	0.00367	0.03303	0.00893	0.01200	0.07003	0.08824	0.02209	0.67623	0.02335	0.00456	0.00482	0.00823	0.00357	0.00360
3	0.13803	0.00768	0.00818	0.02111	0.00971	0.00809	0.00573	0.08643	0.01172	0.02012	0.01385	0.04520	0.01148	0.00810	0.04422	0.01556	0.04261	0.00476	0.38686	0.11058
4	0.05956	0.23263	0.07236	0.01350	0.07499	0.38001	0.01075	0.05787	0.02596	0.01518	0.00860	0.00993	0.00713	0.00516	0.00442	0.00137	0.00757	0.00347	0.00277	0.00676
5	0.08352	0.13858	0.05895	0.01166	0.04054	0.01521	0.00984	0.38720	0.08362	0.04371	0.01223	0.01294	0.00925	0.00822	0.05969	0.00202	0.00619	0.00444	0.00427	0.00795
6	0.01596	0.10946	0.01503	0.03756	0.01489	0.27082	0.00916	0.21297	0.03864	0.01889	0.02689	0.04434	0.05274	0.00879	0.05328	0.00194	0.03221	0.00500	0.02473	0.00671
7	0.00744	0.00566	0.00662	0.00634	0.00786	0.00514	0.00474	0.00989	0.04421	0.02911	0.41942	0.05740	0.33511	0.02951	0.00666	0.00180	0.00273	0.01005	0.00538	0.00492
8	0.00921	0.00551	0.00628	0.00616	0.00680	0.00548	0.00393	0.01045	0.03748	0.06159	0.01835	0.10086	0.01906	0.50450	0.01842	0.00376	0.00435	0.00761	0.16601	0.00419
9	0.01076	0.01060	0.02087	0.11979	0.02205	0.01049	0.41054	0.01420	0.01159	0.01633	0.02738	0.11502	0.01294	0.00755	0.02904	0.00195	0.01985	0.00696	0.12593	0.00616
10	0.01859	0.02277	0.01445	0.01312	0.01589	0.65609	0.00989	0.02234	0.14781	0.01455	0.01051	0.01132	0.00845	0.00575	0.00487	0.00144	0.00859	0.00386	0.00319	0.00652
11	0.00700	0.00548	0.00627	0.00618	0.00758	0.00494	0.00453	0.00906	0.03555	0.01676	0.31337	0.10857	0.38530	0.05682	0.00740	0.00196	0.00282	0.01055	0.00516	0.00469
12	0.01179	0.01263	0.02551	0.19433	0.11560	0.01273	0.46725	0.01569	0.01181	0.01600	0.01077	0.03796	0.00863	0.00517	0.00624	0.00178	0.03065	0.00594	0.00265	0.00687
13	0.01497	0.00816	0.01002	0.00852	0.01133	0.00788	0.00674	0.02001	0.18751	0.31828	0.23160	0.02784	0.10706	0.00860	0.00568	0.00170	0.00368	0.00726	0.00590	0.00727
14	0.00996	0.00539	0.00568	0.00553	0.00677	0.00552	0.00412	0.04222	0.01122	0.01907	0.01680	0.02055	0.01374	0.06573	0.06038	0.00203	0.00360	0.00517	0.69155	0.00496
15	0.00683	0.00536	0.00618	0.00630	0.00771	0.00475	0.00476	0.00850	0.01254	0.01606	0.23633	0.12388	0.43163	0.02905	0.00680	0.00192	0.00292	0.07881	0.00511	0.00459
16	0.01112	0.00665	0.00834	0.00766	0.00953	0.00622	0.00584	0.07225	0.01430	0.16031	0.30669	0.20249	0.12853	0.01132	0.00613	0.00179	0.00333	0.02608	0.00558	0.00583
17	0.02223	0.00912	0.01212	0.00939	0.01327	0.00815	0.00772	0.07554	0.01579	0.67480	0.07799	0.01926	0.01561	0.00685	0.00538	0.00163	0.00444	0.00560	0.00640	0.00869
18	0.01940	0.01400	0.01565	0.01300	0.06015	0.01527	0.01009	0.65216	0.02313	0.07286	0.02736	0.02833	0.01041	0.00653	0.00533	0.00160	0.00566	0.00507	0.00521	0.00879
19	0.00703	0.00539	0.00655	0.00709	0.00834	0.00491	0.00550	0.00869	0.01200	0.01530	0.12416	0.21637	0.33864	0.01410	0.00663	0.00202	0.00332	0.20438	0.00500	0.00459
20	0.00678	0.00481	0.00631	0.00731	0.00770	0.00455	0.00497	0.00780	0.01029	0.01377	0.07320	0.63052	0.03389	0.10103	0.00890	0.00245	0.00337	0.06331	0.00478	0.00426
21	0.07400	0.41372	0.21560	0.01071	0.01560	0.09114	0.01129	0.03729	0.01154	0.01539	0.00869	0.01004	0.00714	0.00491	0.00400	0.00135	0.00628	0.00333	0.05111	0.00686
22	0.01150	0.04444	0.01073	0.00920	0.01119	0.19714	0.00715	0.05986	0.03139	0.01503	0.03022	0.08432	0.35210	0.01026	0.00704	0.00173	0.09930	0.00793	0.00401	0.00548
23	0.00671	0.00471	0.00605	0.00702	0.00726	0.00447	0.00454	0.00743	0.00960	0.01279	0.02644	0.64301	0.03156	0.18896	0.01110	0.00279	0.00351	0.01344	0.00454	0.00406
24	0.04748	0.45714	0.09567	0.01053	0.01511	0.07463	0.01016	0.16906	0.01408	0.04886	0.00925	0.01006	0.00744	0.00511	0.00411	0.00133	0.00607	0.00347	0.00312	0.00733
25	0.07332	0.01072	0.01192	0.00946	0.01307	0.01078	0.00761	0.27595	0.07515	0.09267	0.12316	0.04345	0.01612	0.00672	0.00501	0.00145	0.00443	0.00541	0.00481	0.20878
26	0.03765	0.08776	0.11304	0.01433	0.08849	0.14523	0.03428	0.28835	0.04787	0.07564	0.01154	0.01224	0.00855	0.00567	0.00498	0.00154	0.00661	0.00434	0.00392	0.00795
27	0.00926	0.00838	0.04088	0.05387	0.08817	0.03019	0.00752	0.03985	0.04882	0.01853	0.30432	0.06792	0.18155	0.00974	0.00581	0.00169	0.00385	0.02074	0.05324	0.00569
28	0.06771	0.00510	0.00698	0.00699	0.00729	0.00521	0.00482	0.00777	0.00738	0.01064	0.01056	0.01909	0.01073	0.06123	0.01902	0.69207	0.00460	0.04750	0.00256	0.00273
29	0.01100	0.01124	0.06127	0.50366	0.20612	0.01189	0.01463	0.03733	0.03254	0.01544	0.01152	0.01510	0.03484	0.00551	0.00529	0.00171	0.00664	0.00492	0.00267	0.00668
30	0.00890	0.00706	0.01061	0.00974	0.01106	0.00817	0.04886	0.05378	0.00971	0.01399	0.01347	0.01927	0.01226	0.03271	0.62768	0.00709	0.06808	0.00555	0.02684	0.00518
31	0.01496	0.32080	0.16301	0.05760	0.01754	0.18871	0.01182	0.09491	0.01307	0.01560	0.00858	0.01014	0.00703	0.00532	0.00508	0.00143	0.05120	0.00356	0.00268	0.00695
32	0.14472	0.01240	0.03882	0.06529	0.39213	0.04907	0.01233	0.07477	0.01285	0.05605	0.03833	0.01548	0.05400	0.00574	0.00500	0.00160	0.00572	0.00490	0.00334	0.00743
33	0.01749	0.01246	0.01381	0.01097	0.01456	0.01345	0.00890	0.50166	0.06046	0.08331	0.01505	0.08937	0.01213	0.00729	0.00566	0.00161	0.02943	0.00573	0.03006	0.06660

[dist]
# distance from previous block
# <min> <max>
0	2

[block]
# block no. 6 follows, 46 sequences, length 30
# corresponding to MSA columns:
# 585-614
name=unknown_G
#
# <colnr> <probs for GDERKNQSTAVLIFYWHMCP>
#	G	D	E	R	K	N	Q	S	T	A	V	L	I	F	Y	W	H	M	C	P
0	0.04556	0.01058	0.01214	0.00969	0.01327	0.01075	0.00784	0.25773	0.10060	0.25581	0.04954	0.03863	0.01366	0.00671	0.00508	0.00155	0.00453	0.00537	0.07222	0.07875
1	0.10995	0.01741	0.03336	0.01072	0.01356	0.39089	0.00845	0.11120	0.02831	0.01797	0.01479	0.01563	0.08822	0.00643	0.00470	0.00146	0.00671	0.00457	0.10946	0.00621
2	0.00980	0.00775	0.01139	0.00973	0.01209	0.00702	0.11358	0.05213	0.01187	0.05315	0.03795	0.33169	0.09198	0.04830	0.00693	0.00190	0.00437	0.03009	0.00431	0.15397
3	0.01160	0.01141	0.05425	0.12859	0.34165	0.01089	0.05529	0.04525	0.03966	0.01774	0.08908	0.02060	0.02971	0.00651	0.00552	0.00166	0.00582	0.06772	0.00335	0.05370
4	0.01075	0.00845	0.01004	0.00771	0.01149	0.00658	0.00597	0.01277	0.01094	0.05354	0.02664	0.11675	0.01298	0.05071	0.00567	0.00126	0.00388	0.00515	0.00358	0.63514
5	0.01096	0.00940	0.01096	0.00783	0.01253	0.00705	0.00626	0.01331	0.01096	0.01723	0.00940	0.01096	0.00783	0.00392	0.00392	0.00078	0.00392	0.00313	0.00313	0.84653
6	0.00649	0.00468	0.00615	0.00724	0.00766	0.00434	0.00487	0.00751	0.01046	0.01394	0.07016	0.73654	0.06817	0.01612	0.00670	0.00211	0.00302	0.01457	0.00496	0.00434
7	0.01828	0.00808	0.01071	0.00858	0.01182	0.00717	0.00693	0.04510	0.01526	0.50787	0.24076	0.02462	0.03980	0.00787	0.00558	0.00163	0.00391	0.00661	0.00619	0.02323
8	0.00830	0.00599	0.00828	0.00810	0.00909	0.00679	0.00615	0.04582	0.00932	0.01343	0.01460	0.02220	0.01385	0.14178	0.60693	0.00730	0.01188	0.00586	0.04960	0.00473
9	0.01159	0.00779	0.00888	0.05150	0.01050	0.00830	0.00585	0.16727	0.05545	0.04122	0.01610	0.02450	0.02564	0.35098	0.01500	0.04389	0.00481	0.00620	0.13924	0.00527
10	0.01096	0.00940	0.01096	0.00783	0.01253	0.00705	0.00626	0.01331	0.01096	0.01723	0.00940	0.01096	0.00783	0.00392	0.00392	0.00078	0.00392	0.00313	0.00313	0.84653
11	0.01100	0.01113	0.02029	0.45609	0.06593	0.01278	0.21535	0.01446	0.01084	0.01450	0.00946	0.01377	0.00736	0.00554	0.00707	0.00183	0.10874	0.00510	0.00244	0.00632
12	0.03649	0.00773	0.00854	0.00760	0.00964	0.00788	0.00584	0.14150	0.09147	0.02114	0.30123	0.03329	0.19808	0.06190	0.00713	0.00190	0.00350	0.00820	0.04114	0.00581
13	0.00725	0.00539	0.00674	0.00641	0.00775	0.00489	0.00480	0.00952	0.01441	0.01989	0.64116	0.04165	0.18798	0.01130	0.00624	0.00169	0.00253	0.00986	0.00565	0.00489
14	0.01031	0.00838	0.01154	0.00992	0.01225	0.00831	0.10169	0.14890	0.04002	0.01979	0.17908	0.15100	0.18224	0.01084	0.00622	0.00184	0.00433	0.08257	0.00489	0.00588
15	0.00851	0.00663	0.00973	0.05279	0.01125	0.00783	0.02426	0.01044	0.00909	0.01345	0.03738	0.02045	0.01356	0.07306	0.49052	0.00608	0.10236	0.00566	0.09204	0.00491
16	0.00802	0.00620	0.00748	0.00765	0.00897	0.00615	0.00571	0.01191	0.13699	0.01754	0.25540	0.27240	0.14104	0.01267	0.00635	0.00192	0.00319	0.07992	0.00525	0.00525
17	0.00653	0.00469	0.00617	0.00722	0.00763	0.00436	0.00485	0.00755	0.01047	0.01398	0.08095	0.71880	0.05897	0.03187	0.00710	0.00216	0.00306	0.01439	0.00494	0.00433
18	0.10681	0.01226	0.01841	0.06081	0.56858	0.04907	0.01403	0.01580	0.01161	0.01735	0.01024	0.01409	0.00878	0.00669	0.04180	0.00192	0.00655	0.02483	0.00276	0.00759
19	0.00649	0.00462	0.00612	0.00730	0.00759	0.00433	0.00484	0.00737	0.01002	0.01336	0.02863	0.77929	0.03433	0.04891	0.00757	0.00227	0.00315	0.01473	0.00484	0.00425
20	0.00642	0.00508	0.00573	0.00615	0.00733	0.00445	0.00436	0.00763	0.01140	0.01425	0.08046	0.32085	0.45797	0.03445	0.00694	0.00199	0.00287	0.01237	0.00491	0.00440
21	0.10705	0.01551	0.07124	0.05416	0.11836	0.17404	0.23593	0.01634	0.01203	0.01634	0.02267	0.07457	0.01012	0.00608	0.00588	0.00169	0.04297	0.00551	0.00291	0.00660
22	0.06146	0.66437	0.09651	0.00962	0.01436	0.01941	0.00987	0.04760	0.01128	0.01436	0.00778	0.00891	0.00681	0.00467	0.00362	0.00123	0.00577	0.00301	0.00244	0.00691
23	0.00871	0.00609	0.00743	0.00731	0.00876	0.00584	0.00539	0.01198	0.10130	0.06805	0.30607	0.26221	0.15613	0.01219	0.00623	0.00184	0.00302	0.01071	0.00540	0.00536
24	0.01269	0.01295	0.03196	0.20081	0.41639	0.07810	0.03234	0.01593	0.02682	0.01588	0.00971	0.01294	0.00795	0.00516	0.00583	0.00160	0.05088	0.00455	0.00263	0.05488
25	0.10880	0.01264	0.01560	0.23534	0.14401	0.10090	0.04902	0.11233	0.07945	0.01863	0.01181	0.01419	0.02463	0.00720	0.04181	0.00197	0.00680	0.00472	0.00327	0.00688
26	0.01113	0.01106	0.04115	0.09894	0.02076	0.01116	0.34760	0.01321	0.01008	0.01384	0.00957	0.01427	0.00805	0.00906	0.01166	0.23363	0.12153	0.00533	0.00247	0.00550
27	0.04385	0.01154	0.01334	0.03752	0.07385	0.03785	0.02886	0.10523	0.35837	0.06591	0.01721	0.03487	0.01361	0.00681	0.00525	0.00166	0.00492	0.04113	0.00463	0.09362
28	0.01300	0.01042	0.01226	0.03599	0.02929	0.03841	0.00857	0.25007	0.06697	0.01991	0.01331	0.01740	0.01137	0.07405	0.26516	0.00416	0.08833	0.00529	0.02956	0.00649
29	0.05898	0.01275	0.06665	0.13057	0.02280	0.01272	0.32647	0.01488	0.01083	0.01593	0.01006	0.03518	0.00832	0.00597	0.00796	0.00181	0.17153	0.00537	0.02283	0.05837

[dist]
# distance from previous block
# <min> <max>
14	31

[block]
# block no. 7 follows, 46 sequences, length 46
# corresponding to MSA columns:
# 646-691
name=unknown_H
#
# <colnr> <probs for GDERKNQSTAVLIFYWHMCP>
#	G	D	E	R	K	N	Q	S	T	A	V	L	I	F	Y	W	H	M	C	P
0	0.01728	0.04745	0.01626	0.02566	0.01627	0.12125	0.07482	0.40047	0.01872	0.05793	0.01312	0.07203	0.01078	0.02039	0.00619	0.00168	0.04189	0.00545	0.02474	0.00761
1	0.13726	0.01783	0.33419	0.01645	0.13936	0.01173	0.10334	0.01720	0.04320	0.06881	0.05286	0.01381	0.01016	0.00540	0.00504	0.00167	0.00649	0.00464	0.00311	0.00745
2	0.03363	0.01339	0.06053	0.03605	0.48488	0.04133	0.03640	0.06924	0.08604	0.01874	0.03620	0.01448	0.01041	0.00632	0.02808	0.00181	0.00639	0.00493	0.00318	0.00795
3	0.00728	0.00535	0.00653	0.00626	0.00742	0.00491	0.00452	0.00916	0.01328	0.01817	0.52065	0.04093	0.18597	0.13554	0.00943	0.00222	0.00294	0.00958	0.00524	0.00461
4	0.01283	0.06783	0.01255	0.00911	0.01272	0.07862	0.00724	0.14077	0.02737	0.01844	0.01226	0.08424	0.01123	0.04551	0.04188	0.00170	0.00531	0.00486	0.00359	0.40195
5	0.00659	0.00468	0.00618	0.00732	0.00763	0.00441	0.00490	0.00749	0.01001	0.01334	0.02822	0.73362	0.03372	0.07267	0.00818	0.00237	0.00327	0.03639	0.00479	0.00423
6	0.00881	0.00722	0.00798	0.00839	0.00926	0.06130	0.00594	0.07665	0.01199	0.01564	0.06630	0.61725	0.03064	0.01433	0.00676	0.00202	0.02715	0.01269	0.00476	0.00493
7	0.01235	0.01386	0.09656	0.12118	0.48996	0.01263	0.12889	0.01599	0.01177	0.01663	0.00989	0.01317	0.00797	0.00486	0.00560	0.00165	0.02186	0.00486	0.00255	0.00778
8	0.08784	0.02653	0.01556	0.16006	0.31901	0.09544	0.01201	0.01512	0.01193	0.01696	0.06271	0.01792	0.01241	0.00612	0.00508	0.00162	0.00593	0.05688	0.06417	0.00669
9	0.00778	0.00592	0.00846	0.06119	0.01046	0.00676	0.00644	0.00924	0.00864	0.01209	0.01577	0.11248	0.01627	0.19496	0.46071	0.00638	0.04185	0.00704	0.00309	0.00448
10	0.01542	0.01278	0.01299	0.01114	0.01446	0.05671	0.00879	0.19224	0.52436	0.05121	0.01860	0.01739	0.01379	0.00682	0.00530	0.00170	0.00485	0.00550	0.00522	0.02073
11	0.00986	0.00681	0.00847	0.00853	0.06022	0.00656	0.00574	0.04346	0.04737	0.04633	0.26012	0.02893	0.07222	0.14999	0.00987	0.04304	0.00371	0.00717	0.11715	0.06446
12	0.01136	0.13344	0.58173	0.01568	0.05692	0.01357	0.08297	0.01661	0.01126	0.01620	0.00932	0.01115	0.00690	0.00489	0.00492	0.00160	0.00754	0.00400	0.00229	0.00764
13	0.01168	0.11397	0.58842	0.01435	0.02118	0.01352	0.05007	0.06654	0.01210	0.01738	0.02296	0.01160	0.00768	0.00521	0.00516	0.00162	0.02230	0.00406	0.00252	0.00766
14	0.00774	0.00652	0.00964	0.02772	0.01073	0.00695	0.05941	0.00928	0.01011	0.01366	0.03902	0.36278	0.13400	0.01866	0.16480	0.00334	0.09635	0.01046	0.00400	0.00482
15	0.00733	0.00540	0.00710	0.00781	0.00844	0.00536	0.00564	0.02380	0.01102	0.01474	0.09624	0.54298	0.07903	0.01514	0.00754	0.02350	0.04016	0.08942	0.00481	0.00454
16	0.01291	0.01339	0.04960	0.23881	0.21687	0.06455	0.18784	0.08527	0.01298	0.01713	0.01040	0.01422	0.00824	0.00551	0.00583	0.02064	0.00727	0.01864	0.00283	0.00708
17	0.00704	0.00525	0.00658	0.00717	0.01973	0.00482	0.00508	0.00845	0.01172	0.01543	0.20462	0.30193	0.23010	0.05149	0.00788	0.02737	0.00318	0.07274	0.00492	0.00450
18	0.00645	0.00532	0.00567	0.00573	0.00734	0.00454	0.00427	0.00792	0.01227	0.01509	0.13866	0.10063	0.62789	0.01331	0.00630	0.00181	0.00272	0.02453	0.00502	0.00452
19	0.00769	0.00513	0.00577	0.00577	0.00577	0.00513	0.00320	0.00769	0.00769	0.01025	0.01666	0.03460	0.01922	0.81421	0.02691	0.00513	0.00513	0.00769	0.00320	0.00320
20	0.01248	0.01010	0.01164	0.00844	0.01306	0.00829	0.00680	0.11212	0.01289	0.03879	0.01012	0.01137	0.00812	0.00430	0.00413	0.00091	0.00418	0.00340	0.00350	0.71536
21	0.01467	0.01294	0.07759	0.01222	0.05597	0.01150	0.05952	0.28416	0.03494	0.05811	0.03705	0.02776	0.04682	0.00601	0.00505	0.00141	0.00529	0.00500	0.00418	0.23981
22	0.08877	0.06977	0.11586	0.01184	0.01648	0.01564	0.01081	0.54107	0.02063	0.04155	0.01160	0.01195	0.00834	0.00593	0.00496	0.00157	0.00590	0.00437	0.00454	0.00841
23	0.17347	0.05130	0.13725	0.05034	0.06149	0.06247	0.01042	0.14919	0.05924	0.02093	0.08085	0.01737	0.05618	0.00667	0.00520	0.00165	0.02346	0.02189	0.00376	0.00689
24	0.01214	0.01339	0.02679	0.02057	0.06638	0.02892	0.56660	0.01586	0.01189	0.01624	0.01145	0.06719	0.00971	0.00576	0.00722	0.00182	0.08553	0.00647	0.00280	0.02329
25	0.00920	0.00460	0.00683	0.00683	0.00687	0.00460	0.00457	0.00704	0.00701	0.00949	0.00942	0.01618	0.00931	0.01801	0.02017	0.82170	0.00453	0.00460	0.02668	0.00237
26	0.00708	0.00515	0.00673	0.00736	0.00823	0.00481	0.00545	0.00875	0.01206	0.01623	0.25289	0.39082	0.10486	0.01425	0.00664	0.00202	0.00316	0.13372	0.00517	0.00461
27	0.03187	0.68250	0.06064	0.00963	0.01413	0.05861	0.00952	0.03328	0.03414	0.01366	0.00803	0.00909	0.00709	0.00472	0.00364	0.00121	0.00587	0.00304	0.00247	0.00687
