[name]
unknown

[dist]
# distance from previous block
# <min> <max>
0	108

[block]
# block no. 0 follows, 43 sequences, length 41
# corresponding to MSA columns:
# 129-169
name=unknown_A
#
# <colnr> <probs for GDERKNQSTAVLIFYWHMCP>
#	G	D	E	R	K	N	Q	S	T	A	V	L	I	F	Y	W	H	M	C	P
0	0.01009	0.00736	0.00905	0.06050	0.01230	0.00727	0.00749	0.07859	0.02964	0.05855	0.03640	0.07549	0.31119	0.01283	0.00672	0.00209	0.00435	0.25930	0.00509	0.00569
1	0.00709	0.00563	0.00636	0.00618	0.00781	0.00491	0.00463	0.00899	0.01390	0.01799	0.35376	0.04831	0.46902	0.01290	0.00654	0.00182	0.00272	0.01099	0.00554	0.00491
2	0.01371	0.01316	0.02248	0.03399	0.77081	0.01316	0.01700	0.01700	0.01261	0.01809	0.01042	0.01371	0.00877	0.00493	0.00548	0.00164	0.00658	0.00493	0.00274	0.00877
3	0.01436	0.01156	0.01243	0.01114	0.01429	0.01318	0.00873	0.02872	0.68865	0.07256	0.02270	0.02183	0.01716	0.00771	0.00569	0.00189	0.00443	0.02857	0.00570	0.00870
4	0.79931	0.01041	0.00798	0.00717	0.01048	0.01203	0.00588	0.01610	0.00954	0.02462	0.00827	0.00963	0.00644	0.00521	0.00345	0.00169	0.00419	0.00312	0.04852	0.00595
5	0.00887	0.00602	0.00675	0.00654	0.00684	0.00612	0.00389	0.05716	0.00933	0.01245	0.01761	0.06032	0.01998	0.72631	0.02599	0.00502	0.00535	0.00811	0.00356	0.00379
6	0.01562	0.61345	0.02581	0.01069	0.01474	0.15303	0.00989	0.01729	0.01181	0.01314	0.00782	0.00932	0.00712	0.00528	0.00491	0.00132	0.06619	0.00321	0.00246	0.00691
7	0.01072	0.00905	0.01065	0.02676	0.01273	0.00748	0.00661	0.01414	0.07390	0.01827	0.07891	0.07660	0.05594	0.00656	0.00482	0.00117	0.00394	0.00553	0.00394	0.57227
8	0.01624	0.10373	0.17280	0.04181	0.01812	0.25091	0.04787	0.03570	0.01389	0.11979	0.03410	0.05833	0.02449	0.00655	0.00524	0.00159	0.00735	0.00511	0.00356	0.03281
9	0.01242	0.01033	0.01090	0.00989	0.01275	0.01144	0.00767	0.02427	0.55998	0.04510	0.03047	0.02833	0.19479	0.00903	0.00585	0.00187	0.00402	0.00752	0.00556	0.00782
10	0.01163	0.00759	0.00885	0.00805	0.00982	0.00827	0.00626	0.16600	0.01352	0.02048	0.01595	0.02033	0.01340	0.06151	0.26676	0.00414	0.00757	0.00554	0.33844	0.00588
11	0.01084	0.01045	0.01615	0.64691	0.03355	0.04101	0.01441	0.01409	0.01093	0.01402	0.01022	0.03527	0.00830	0.00717	0.02645	0.00208	0.08437	0.00518	0.00256	0.00608
12	0.01584	0.01109	0.01273	0.01074	0.01344	0.01210	0.00843	0.35220	0.06241	0.09320	0.01836	0.18582	0.01701	0.07781	0.03235	0.00239	0.05379	0.00771	0.00513	0.00747
13	0.02006	0.02654	0.06592	0.01437	0.01757	0.73229	0.01135	0.02181	0.01543	0.01382	0.00865	0.01010	0.00713	0.00568	0.00501	0.00145	0.00987	0.00360	0.00282	0.00654
14	0.00868	0.00687	0.00864	0.02788	0.00937	0.03507	0.04521	0.00944	0.00926	0.01220	0.01879	0.18536	0.02127	0.48331	0.07269	0.00449	0.02468	0.00905	0.00359	0.00416
15	0.02962	0.01017	0.03263	0.07780	0.04336	0.01039	0.19019	0.03574	0.02846	0.01654	0.03603	0.24692	0.06463	0.01039	0.00794	0.00205	0.10493	0.04222	0.00387	0.00611
16	0.00738	0.00535	0.00687	0.00732	0.00819	0.00498	0.00525	0.00904	0.01266	0.01717	0.30588	0.34852	0.10782	0.06522	0.00822	0.00225	0.00323	0.06452	0.00538	0.00475
17	0.03366	0.03691	0.24010	0.06270	0.22007	0.14741	0.11709	0.03186	0.01294	0.01717	0.00991	0.01245	0.00774	0.00528	0.00562	0.00169	0.02237	0.00458	0.00269	0.00774
18	0.01741	0.21737	0.01853	0.01211	0.03524	0.15979	0.00985	0.27888	0.06299	0.03268	0.01329	0.01414	0.03736	0.00857	0.05631	0.00200	0.00712	0.00460	0.00400	0.00774
19	0.00736	0.00529	0.00673	0.00745	0.00780	0.00526	0.00496	0.00820	0.00997	0.01344	0.02689	0.51220	0.06311	0.20511	0.04037	0.00320	0.03218	0.01275	0.02342	0.00432
20	0.00692	0.00514	0.00645	0.00714	0.00797	0.00467	0.00497	0.00829	0.01199	0.01586	0.17789	0.50286	0.18857	0.01551	0.00686	0.00207	0.00301	0.01381	0.00533	0.00467
21	0.03632	0.03409	0.08724	0.21238	0.13893	0.01401	0.07854	0.20334	0.01526	0.03708	0.01168	0.04150	0.00929	0.00627	0.00623	0.00178	0.04951	0.00530	0.00352	0.00771
22	0.02785	0.01399	0.04813	0.29938	0.04117	0.08814	0.03011	0.18744	0.08790	0.03353	0.01198	0.01432	0.00902	0.00627	0.00627	0.00178	0.05892	0.00492	0.02149	0.00739
23	0.71163	0.01214	0.00900	0.00803	0.01136	0.08493	0.00650	0.03921	0.01060	0.02394	0.00834	0.00964	0.00650	0.00529	0.00366	0.00167	0.00482	0.00319	0.03344	0.00611
24	0.01279	0.10247	0.13241	0.19495	0.02629	0.07427	0.26654	0.01659	0.01198	0.01561	0.00990	0.01332	0.00776	0.00624	0.02365	0.00193	0.06866	0.00505	0.00259	0.00699
25	0.00691	0.00507	0.00643	0.00725	0.00792	0.00465	0.00496	0.00813	0.01151	0.01525	0.13413	0.56583	0.14495	0.04014	0.00757	0.00222	0.00314	0.01414	0.00522	0.00459
26	0.03323	0.02498	0.01374	0.01113	0.02843	0.01204	0.00879	0.27246	0.06036	0.22177	0.04216	0.06648	0.01423	0.03749	0.00762	0.02171	0.05901	0.00600	0.00525	0.05313
27	0.03130	0.01442	0.13725	0.13201	0.13221	0.01264	0.09409	0.06603	0.02980	0.18667	0.01294	0.01469	0.00935	0.00618	0.00698	0.00183	0.09475	0.00510	0.00378	0.00798
28	0.02485	0.00943	0.01285	0.00985	0.01414	0.00814	0.00814	0.02699	0.01585	0.77465	0.02185	0.01885	0.01371	0.00685	0.00557	0.00171	0.00471	0.00557	0.00685	0.00943
29	0.01052	0.00997	0.01685	0.72203	0.03627	0.01237	0.03559	0.01408	0.01102	0.01422	0.01024	0.03209	0.00805	0.00594	0.00611	0.00188	0.03891	0.00520	0.00253	0.00615
30	0.01434	0.02903	0.10323	0.04083	0.31368	0.02559	0.26186	0.01823	0.01300	0.09617	0.01238	0.01488	0.01971	0.00523	0.00580	0.00173	0.00749	0.00549	0.00317	0.00816
31	0.00724	0.00520	0.00690	0.00758	0.00829	0.00485	0.00536	0.00887	0.01251	0.01712	0.29123	0.49522	0.04191	0.01511	0.00691	0.00209	0.00310	0.05024	0.00548	0.00479
32	0.00796	0.00537	0.00626	0.00634	0.00643	0.00542	0.00371	0.00815	0.00828	0.01111	0.01814	0.08579	0.02080	0.70209	0.07749	0.00540	0.00586	0.00842	0.00345	0.00354
33	0.01465	0.77489	0.06142	0.00975	0.01464	0.02152	0.00995	0.01663	0.01127	0.01323	0.00780	0.00901	0.00710	0.00476	0.00363	0.00121	0.00602	0.00301	0.00237	0.00715
34	0.01221	0.02022	0.33306	0.04851	0.06436	0.01344	0.39162	0.01749	0.01242	0.01755	0.01060	0.01356	0.00782	0.00495	0.00593	0.00181	0.00866	0.00541	0.00260	0.00778
35	0.00877	0.00630	0.00870	0.00982	0.01112	0.00624	0.00851	0.01128	0.01294	0.01689	0.07903	0.06075	0.05977	0.01499	0.00754	0.00247	0.00485	0.65977	0.00517	0.00509
36	0.01148	0.00984	0.01148	0.00820	0.01312	0.00738	0.00656	0.01395	0.01148	0.01805	0.00984	0.01148	0.00820	0.00410	0.00410	0.00082	0.00410	0.00328	0.00328	0.83922
37	0.01248	0.01453	0.11344	0.03802	0.01728	0.08074	0.09915	0.03102	0.01106	0.02958	0.01214	0.06353	0.02798	0.00994	0.04908	0.00238	0.33495	0.00577	0.04051	0.00644
38	0.01274	0.01214	0.02037	0.25610	0.49363	0.01296	0.03165	0.01692	0.05686	0.01723	0.01099	0.01446	0.00884	0.00526	0.00553	0.00172	0.00674	0.00504	0.00283	0.00797
39	0.02010	0.04654	0.01624	0.01456	0.04090	0.66122	0.01079	0.07024	0.04106	0.01541	0.00938	0.01065	0.00766	0.00578	0.00503	0.00146	0.00932	0.00378	0.00311	0.00679
40	0.01200	0.01057	0.01078	0.01001	0.01257	0.04939	0.00776	0.02239	0.47590	0.02075	0.10084	0.05124	0.13127	0.00948	0.00598	0.00189	0.00427	0.05013	0.00542	0.00737

[dist]
# distance from previous block
# <min> <max>
0	3

[block]
# block no. 1 follows, 43 sequences, length 27
# corresponding to MSA columns:
# 173-199
name=unknown_B
#
# <colnr> <probs for GDERKNQSTAVLIFYWHMCP>
#	G	D	E	R	K	N	Q	S	T	A	V	L	I	F	Y	W	H	M	C	P
0	0.00919	0.00664	0.00828	0.09613	0.01137	0.00685	0.00599	0.05781	0.01250	0.01738	0.22205	0.03312	0.10295	0.24673	0.04682	0.00310	0.00475	0.00799	0.09538	0.00497
1	0.01917	0.01432	0.01533	0.01207	0.01602	0.01589	0.00979	0.60341	0.12292	0.03164	0.01482	0.01590	0.01117	0.06297	0.00715	0.00195	0.00581	0.00537	0.00540	0.00890
2	0.01084	0.00824	0.00951	0.00913	0.01095	0.00878	0.00676	0.06007	0.27693	0.04233	0.14706	0.29800	0.02924	0.04678	0.00727	0.00212	0.00384	0.01019	0.00547	0.00651
3	0.02012	0.02549	0.01539	0.01403	0.01680	0.74882	0.01053	0.02157	0.01539	0.01352	0.00884	0.01051	0.00743	0.00729	0.03940	0.00176	0.01020	0.00367	0.00286	0.00636
4	0.01062	0.00896	0.01237	0.20091	0.05278	0.01018	0.01058	0.01648	0.19521	0.01730	0.02131	0.10796	0.02069	0.01053	0.00692	0.00214	0.03753	0.24676	0.00438	0.00640
5	0.00829	0.00603	0.00813	0.00927	0.01045	0.00587	0.00776	0.01045	0.01237	0.01598	0.03249	0.18689	0.11423	0.01551	0.00743	0.00242	0.00453	0.53184	0.00511	0.00495
6	0.00672	0.00539	0.00600	0.00632	0.00771	0.00467	0.00456	0.00810	0.01232	0.01536	0.11071	0.26379	0.49948	0.01473	0.00669	0.00197	0.00290	0.01269	0.00523	0.00467
7	0.01867	0.01372	0.01494	0.01192	0.01566	0.01511	0.00967	0.60305	0.05847	0.03099	0.01547	0.08651	0.01271	0.00838	0.00643	0.03808	0.00568	0.02064	0.00536	0.00855
8	0.72018	0.01072	0.00883	0.00769	0.01117	0.01217	0.00632	0.05598	0.01081	0.07688	0.00928	0.01024	0.00695	0.00538	0.00370	0.00170	0.00436	0.00334	0.02790	0.00639
9	0.00835	0.00628	0.00915	0.00900	0.00995	0.00744	0.00704	0.01032	0.00906	0.01344	0.01458	0.02106	0.01345	0.03703	0.67960	0.00795	0.06390	0.00581	0.06156	0.00503
10	0.01211	0.00808	0.00969	0.00845	0.01060	0.00803	0.00651	0.17474	0.01707	0.08997	0.40729	0.09741	0.07104	0.04500	0.00721	0.00193	0.00374	0.00899	0.00580	0.00635
11	0.01433	0.01450	0.01991	0.19934	0.46367	0.12883	0.01543	0.04679	0.01327	0.01721	0.01013	0.01337	0.00824	0.00525	0.00542	0.00166	0.00725	0.00473	0.00281	0.00786
12	0.01848	0.01351	0.03013	0.01160	0.01542	0.01442	0.00959	0.51943	0.07876	0.07230	0.01557	0.03916	0.01198	0.02660	0.03770	0.00207	0.00597	0.01547	0.05327	0.00858
13	0.63463	0.06948	0.01040	0.07535	0.01312	0.01270	0.00705	0.01582	0.00984	0.02251	0.00861	0.01037	0.00680	0.00533	0.00396	0.00167	0.02112	0.00335	0.06184	0.00604
14	0.05014	0.29951	0.04534	0.04805	0.03415	0.29971	0.04034	0.03876	0.01316	0.01482	0.00884	0.01076	0.00753	0.00692	0.03815	0.00176	0.02880	0.00373	0.00274	0.00680
15	0.00681	0.00489	0.00647	0.00762	0.00804	0.00455	0.00513	0.00788	0.01096	0.01465	0.07612	0.73952	0.05300	0.01691	0.00703	0.00221	0.00317	0.01531	0.00520	0.00455
16	0.02949	0.14179	0.01619	0.01061	0.01447	0.01417	0.00886	0.35834	0.01878	0.14760	0.04451	0.04894	0.01313	0.04746	0.02593	0.00195	0.00566	0.00548	0.00495	0.04168
17	0.01635	0.04983	0.13938	0.12111	0.09092	0.01218	0.01236	0.10242	0.05155	0.23052	0.04620	0.01691	0.02743	0.00664	0.00619	0.00175	0.05045	0.00530	0.00440	0.00811
18	0.02485	0.00943	0.01285	0.00985	0.01414	0.00814	0.00814	0.02699	0.01585	0.77465	0.02185	0.01885	0.01371	0.00685	0.00557	0.00171	0.00471	0.00557	0.00685	0.00943
19	0.01098	0.01097	0.04853	0.53573	0.08456	0.01208	0.08203	0.01443	0.01114	0.01496	0.01027	0.01483	0.00796	0.00621	0.00675	0.03816	0.03885	0.00504	0.04020	0.00633
20	0.01436	0.12037	0.25916	0.04100	0.06606	0.03628	0.10871	0.04221	0.03887	0.10377	0.01138	0.01316	0.00855	0.00598	0.00689	0.00176	0.10579	0.00469	0.00319	0.00781
21	0.00684	0.00489	0.00653	0.00782	0.00818	0.00458	0.00530	0.00787	0.01069	0.01424	0.03047	0.77069	0.03643	0.01726	0.00709	0.00226	0.00329	0.04590	0.00514	0.00452
22	0.00796	0.00533	0.00607	0.00616	0.00619	0.00531	0.00349	0.00803	0.00824	0.01099	0.01841	0.09264	0.02135	0.74731	0.02663	0.00514	0.00521	0.00862	0.00349	0.00344
23	0.05027	0.53145	0.05755	0.04175	0.01513	0.04900	0.00971	0.06754	0.01233	0.01547	0.01081	0.09604	0.01045	0.00636	0.00429	0.00142	0.00589	0.00465	0.00296	0.00692
24	0.14987	0.06377	0.04924	0.03428	0.01593	0.03591	0.02639	0.25413	0.08441	0.18391	0.01441	0.01432	0.01021	0.00624	0.00503	0.00167	0.00556	0.00474	0.03175	0.00825
25	0.01382	0.00895	0.01109	0.01054	0.01303	0.00923	0.00889	0.13037	0.11279	0.13732	0.02560	0.04243	0.04520	0.01161	0.00671	0.00218	0.00503	0.39280	0.00551	0.00690
26	0.04748	0.00908	0.03474	0.00863	0.01168	0.00795	0.00690	0.05121	0.07636	0.13071	0.17850	0.10450	0.03312	0.06488	0.00710	0.00183	0.00411	0.00716	0.00492	0.20914

[dist]
# distance from previous block
# <min> <max>
0	2

[block]
# block no. 2 follows, 43 sequences, length 16
# corresponding to MSA columns:
# 202-217
name=unknown_C
#
# <colnr> <probs for GDERKNQSTAVLIFYWHMCP>
#	G	D	E	R	K	N	Q	S	T	A	V	L	I	F	Y	W	H	M	C	P
0	0.03241	0.26368	0.14168	0.08536	0.01765	0.03161	0.01165	0.09734	0.01280	0.03351	0.03244	0.08811	0.01160	0.00723	0.00664	0.00170	0.10905	0.00529	0.00323	0.00702
1	0.01050	0.00984	0.01639	0.75869	0.03708	0.01210	0.01501	0.01414	0.01109	0.01432	0.00984	0.01463	0.00742	0.00548	0.00548	0.00180	0.00724	0.00485	0.00250	0.04161
2	0.01696	0.08279	0.05473	0.01270	0.01615	0.34261	0.01032	0.05366	0.31506	0.01844	0.01437	0.01441	0.01115	0.00637	0.00517	0.00162	0.00716	0.00469	0.00401	0.00763
3	0.01753	0.03277	0.09669	0.00973	0.01352	0.00854	0.00875	0.02106	0.05834	0.40460	0.19488	0.02406	0.02236	0.00785	0.00568	0.00172	0.00454	0.02022	0.03924	0.00795
4	0.00836	0.00632	0.00846	0.00870	0.05175	0.00605	0.00607	0.01142	0.04232	0.02142	0.64677	0.03852	0.06578	0.01219	0.03967	0.00205	0.00343	0.00946	0.00573	0.00553
5	0.01554	0.01277	0.01352	0.01163	0.01507	0.01460	0.00919	0.20465	0.58272	0.02601	0.02030	0.01888	0.01509	0.00730	0.00561	0.00183	0.00480	0.00595	0.00561	0.00892
6	0.00962	0.00481	0.00722	0.00722	0.00722	0.00481	0.00481	0.00722	0.00722	0.00962	0.00962	0.01684	0.00962	0.01924	0.02165	0.83886	0.00481	0.00481	0.00241	0.00241
7	0.01378	0.01190	0.01252	0.01127	0.01440	0.01378	0.00877	0.02943	0.76081	0.02317	0.02254	0.02066	0.01691	0.00751	0.00564	0.00188	0.00438	0.00626	0.00564	0.00877
8	0.00728	0.00611	0.00640	0.00638	0.00828	0.00546	0.00490	0.00982	0.06568	0.01597	0.08361	0.05108	0.63333	0.01353	0.00656	0.00191	0.00306	0.06040	0.00522	0.00502
9	0.00780	0.00563	0.00760	0.00880	0.00968	0.00543	0.00694	0.00957	0.01177	0.01538	0.03146	0.39557	0.07787	0.01615	0.00732	0.00237	0.00411	0.36662	0.00512	0.00480
10	0.00752	0.00590	0.00697	0.00741	0.00902	0.00535	0.00603	0.00944	0.01290	0.01610	0.09905	0.05581	0.44269	0.01430	0.00695	0.00211	0.00364	0.27876	0.00520	0.00487
11	0.63180	0.04281	0.01047	0.08094	0.01395	0.01279	0.00738	0.04319	0.03798	0.06230	0.00938	0.01062	0.00709	0.00539	0.00389	0.00171	0.00473	0.00350	0.00363	0.00646
12	0.42642	0.00929	0.00924	0.00815	0.01119	0.00989	0.00658	0.01771	0.05002	0.19148	0.04438	0.03474	0.04502	0.00808	0.00586	0.06043	0.00432	0.04617	0.00455	0.00649
13	0.00891	0.00657	0.00940	0.00916	0.01000	0.00767	0.00701	0.01052	0.00921	0.04172	0.01609	0.09955	0.01600	0.10774	0.52125	0.00693	0.09696	0.00698	0.00331	0.00504
14	0.02083	0.01108	0.01337	0.01042	0.01441	0.01086	0.00851	0.27509	0.01884	0.38911	0.06285	0.04569	0.01503	0.00726	0.00555	0.00166	0.00493	0.00586	0.02271	0.05593
15	0.04890	0.01344	0.02277	0.08155	0.07931	0.04093	0.33761	0.06815	0.07451	0.15547	0.01377	0.01548	0.00991	0.00557	0.00588	0.00179	0.00735	0.00574	0.00393	0.00795

[dist]
# distance from previous block
# <min> <max>
6	21

[block]
# block no. 3 follows, 43 sequences, length 17
# corresponding to MSA columns:
# 241-257
name=unknown_D
#
# <colnr> <probs for GDERKNQSTAVLIFYWHMCP>
#	G	D	E	R	K	N	Q	S	T	A	V	L	I	F	Y	W	H	M	C	P
0	0.01387	0.07126	0.11974	0.04285	0.16471	0.01126	0.02761	0.03826	0.04145	0.14099	0.05506	0.07359	0.03637	0.00768	0.00615	0.00176	0.03917	0.05195	0.00408	0.05220
1	0.01166	0.00953	0.01137	0.00850	0.01283	0.00760	0.00675	0.01394	0.01146	0.04723	0.01183	0.07383	0.01061	0.00549	0.00499	0.00104	0.03783	0.00442	0.00353	0.70556
2	0.01481	0.80869	0.02902	0.00948	0.01421	0.02191	0.00948	0.01658	0.01125	0.01303	0.00770	0.00888	0.00711	0.00474	0.00355	0.00118	0.00592	0.00296	0.00237	0.00711
3	0.01180	0.07678	0.03689	0.15333	0.01831	0.01437	0.01153	0.06083	0.01054	0.01497	0.00969	0.01416	0.00865	0.01399	0.15484	0.00331	0.35430	0.00486	0.00274	0.02410
4	0.00767	0.00565	0.00717	0.00679	0.00817	0.00516	0.00510	0.01013	0.01529	0.02128	0.67705	0.04289	0.14367	0.01167	0.00653	0.00176	0.00264	0.01023	0.00597	0.00516
5	0.01501	0.01152	0.01252	0.01100	0.01423	0.01296	0.00862	0.05923	0.61886	0.10328	0.05370	0.02104	0.01775	0.00757	0.00566	0.00185	0.00442	0.00629	0.00578	0.00871
6	0.00756	0.00537	0.00622	0.00634	0.00692	0.00509	0.00404	0.00833	0.01036	0.01366	0.13444	0.15325	0.16262	0.43133	0.01803	0.00375	0.00419	0.01013	0.00434	0.00403
7	0.01912	0.01054	0.01259	0.01021	0.01392	0.01054	0.00824	0.13409	0.20525	0.36703	0.07754	0.02138	0.04767	0.00755	0.00566	0.00173	0.00459	0.00618	0.00613	0.03004
8	0.01527	0.01179	0.01273	0.01118	0.01449	0.01332	0.00877	0.05987	0.64996	0.10401	0.02207	0.02016	0.01625	0.00741	0.00562	0.00185	0.00449	0.00613	0.00576	0.00886
9	0.00699	0.00501	0.00664	0.00755	0.00809	0.00466	0.00516	0.00832	0.01173	0.01593	0.19384	0.63333	0.04009	0.01602	0.00695	0.00214	0.00308	0.01448	0.00535	0.00466
10	0.00682	0.00485	0.00641	0.00762	0.00793	0.00455	0.00505	0.00773	0.01047	0.01396	0.02982	0.76067	0.03574	0.05964	0.00820	0.00242	0.00333	0.01533	0.00505	0.00444
11	0.04570	0.01780	0.01577	0.01266	0.01668	0.21525	0.01016	0.48949	0.02184	0.02790	0.01166	0.01218	0.00864	0.00618	0.00523	0.00154	0.00691	0.00444	0.00462	0.06533
12	0.43655	0.00947	0.00893	0.00795	0.01083	0.01031	0.00639	0.09113	0.01282	0.07981	0.10770	0.06979	0.04486	0.00772	0.00471	0.00176	0.00411	0.02973	0.04914	0.00629
13	0.01024	0.00658	0.00724	0.00636	0.00835	0.00600	0.00466	0.02848	0.01137	0.01839	0.04555	0.03936	0.01574	0.15640	0.00871	0.00199	0.00357	0.00567	0.40714	0.20821
14	0.22819	0.15610	0.01573	0.04123	0.01514	0.15340	0.03908	0.06001	0.09199	0.04679	0.01281	0.01376	0.04085	0.00684	0.02455	0.00175	0.00627	0.00432	0.00360	0.03760
15	0.07838	0.27063	0.21138	0.01033	0.01502	0.03014	0.01085	0.06908	0.01262	0.04642	0.01146	0.01287	0.00895	0.00551	0.00430	0.00145	0.00570	0.00398	0.18384	0.00711
16	0.04491	0.09352	0.01408	0.04303	0.05115	0.01184	0.00852	0.10286	0.15785	0.11391	0.01597	0.03527	0.01348	0.11555	0.00853	0.00212	0.02060	0.02966	0.00438	0.11276

[dist]
# distance from previous block
# <min> <max>
0	14

[block]
# block no. 4 follows, 43 sequences, length 13
# corresponding to MSA columns:
# 272-284
name=unknown_E
#
# <colnr> <probs for GDERKNQSTAVLIFYWHMCP>
#	G	D	E	R	K	N	Q	S	T	A	V	L	I	F	Y	W	H	M	C	P
0	0.00880	0.00608	0.00756	0.00727	0.00877	0.00567	0.00544	0.01154	0.05005	0.06264	0.44473	0.12892	0.16021	0.03722	0.00722	0.00196	0.00308	0.03169	0.00574	0.00540
1	0.09645	0.00764	0.00900	0.04120	0.01124	0.00757	0.00639	0.01464	0.06744	0.13536	0.19033	0.10484	0.15706	0.03922	0.00693	0.00192	0.02402	0.00834	0.02575	0.04466
2	0.01442	0.01489	0.02911	0.02104	0.02634	0.01452	0.59465	0.13893	0.04996	0.02081	0.01208	0.01494	0.00897	0.00513	0.00633	0.00183	0.00857	0.00627	0.00338	0.00785
3	0.00793	0.00558	0.00701	0.00699	0.00827	0.00504	0.00511	0.00988	0.01385	0.04574	0.42195	0.22855	0.18716	0.01316	0.00663	0.00189	0.00287	0.01158	0.00570	0.00509
4	0.01217	0.01228	0.01787	0.01505	0.01537	0.01679	0.05457	0.01358	0.00875	0.01358	0.00750	0.01228	0.00734	0.00940	0.01751	0.00239	0.75005	0.00494	0.00245	0.00614
5	0.07565	0.01109	0.01284	0.01004	0.01420	0.01080	0.00816	0.17435	0.11258	0.29324	0.03622	0.01629	0.01255	0.00632	0.00514	0.00154	0.00474	0.00500	0.00542	0.18384
6	0.01032	0.02882	0.01426	0.01183	0.01283	0.01131	0.09427	0.01186	0.00983	0.01420	0.06698	0.09236	0.01661	0.17742	0.06766	0.00328	0.31412	0.00711	0.02955	0.00538
7	0.01066	0.00660	0.00801	0.00723	0.00933	0.00596	0.00557	0.01341	0.05047	0.15072	0.36795	0.04039	0.27978	0.01125	0.00633	0.00179	0.00313	0.00961	0.00589	0.00594
8	0.00789	0.00626	0.00713	0.00701	0.00858	0.00593	0.00517	0.01127	0.10148	0.01805	0.27911	0.14348	0.32709	0.03766	0.00718	0.00199	0.00306	0.01092	0.00545	0.00527
9	0.01323	0.01267	0.02162	0.14562	0.66293	0.01303	0.01676	0.01658	0.01238	0.01751	0.01033	0.01386	0.00857	0.00502	0.00549	0.00167	0.00670	0.00493	0.00270	0.00839
10	0.00724	0.00505	0.00654	0.00750	0.00786	0.00486	0.00503	0.00818	0.01019	0.01374	0.02709	0.57126	0.03185	0.16620	0.04003	0.00308	0.00413	0.04956	0.02627	0.00435
11	0.84448	0.01071	0.00814	0.00728	0.01071	0.01242	0.00600	0.01628	0.00943	0.02485	0.00771	0.00900	0.00600	0.00514	0.00343	0.00171	0.00428	0.00300	0.00343	0.00600
12	0.00804	0.00600	0.00834	0.00823	0.00881	0.00639	0.03023	0.00909	0.00908	0.01251	0.01891	0.19927	0.02088	0.32781	0.26688	0.00560	0.03711	0.00890	0.00357	0.00436

[dist]
# distance from previous block
# <min> <max>
3	5

[block]
# block no. 5 follows, 43 sequences, length 76
# corresponding to MSA columns:
# 291-366
name=unknown_F
#
# <colnr> <probs for GDERKNQSTAVLIFYWHMCP>
#	G	D	E	R	K	N	Q	S	T	A	V	L	I	F	Y	W	H	M	C	P
0	0.00713	0.00520	0.00694	0.03238	0.00898	0.00493	0.00542	0.00853	0.01172	0.01585	0.19273	0.57405	0.05491	0.03460	0.00740	0.00219	0.00326	0.01386	0.00522	0.00469
1	0.00954	0.00787	0.01024	0.03977	0.05473	0.00802	0.03146	0.01437	0.16070	0.01795	0.14344	0.06365	0.18762	0.06621	0.00800	0.00223	0.00435	0.15898	0.00494	0.00594
2	0.00768	0.00562	0.00721	0.00689	0.00820	0.00514	0.00514	0.01011	0.01518	0.02122	0.67322	0.07926	0.11076	0.01184	0.00656	0.00178	0.00266	0.01043	0.00597	0.00514
3	0.02811	0.00626	0.00613	0.00594	0.00736	0.02587	0.00444	0.04197	0.01228	0.02061	0.05419	0.04664	0.01644	0.03654	0.00509	0.00152	0.00307	0.00575	0.66647	0.00530
4	0.02069	0.02640	0.01569	0.01427	0.01712	0.78313	0.01070	0.02212	0.01569	0.01355	0.00856	0.00999	0.00713	0.00571	0.00499	0.00143	0.00999	0.00357	0.00285	0.00642
5	0.01666	0.01277	0.01380	0.01142	0.01497	0.01422	0.00915	0.34871	0.33445	0.04769	0.09889	0.01958	0.01731	0.00752	0.00569	0.00176	0.00496	0.00608	0.00567	0.00869
6	0.00685	0.00488	0.00649	0.00774	0.00809	0.00458	0.00521	0.00784	0.01060	0.01413	0.03015	0.75963	0.03606	0.03743	0.00763	0.00234	0.00333	0.03745	0.00509	0.00449
7	0.00737	0.00541	0.00691	0.00702	0.00811	0.00495	0.00508	0.00937	0.01385	0.01903	0.47130	0.26199	0.13229	0.01338	0.00669	0.00190	0.00281	0.01186	0.00571	0.00495
8	0.01487	0.69893	0.02791	0.01227	0.09600	0.04419	0.01033	0.01680	0.01154	0.01359	0.00802	0.00944	0.00729	0.00479	0.00381	0.00124	0.00612	0.00319	0.00242	0.00727
9	0.02166	0.01309	0.01489	0.01152	0.01575	0.01376	0.00948	0.46872	0.04997	0.27155	0.01654	0.01559	0.01123	0.00674	0.00550	0.00168	0.00547	0.00523	0.03235	0.00926
10	0.00791	0.00593	0.00890	0.00890	0.00989	0.00692	0.00692	0.00989	0.00890	0.01286	0.01483	0.02176	0.01385	0.04154	0.78341	0.00890	0.01483	0.00593	0.00297	0.00494
11	0.01027	0.00518	0.00525	0.00525	0.00653	0.00520	0.00394	0.01283	0.01155	0.02046	0.01799	0.02067	0.01419	0.00729	0.02252	0.00147	0.00287	0.00518	0.81618	0.00516
12	0.01343	0.01483	0.10391	0.03203	0.69017	0.01313	0.01737	0.01706	0.01251	0.01803	0.01037	0.01349	0.00858	0.00497	0.00546	0.00166	0.00675	0.00484	0.00270	0.00871
13	0.01322	0.01059	0.01285	0.01085	0.01354	0.01172	0.06159	0.15933	0.23695	0.02259	0.05138	0.02345	0.09767	0.00821	0.00671	0.00179	0.07702	0.02377	0.14953	0.00725
14	0.32364	0.04854	0.01295	0.09972	0.01542	0.06741	0.02733	0.04540	0.01099	0.01957	0.00980	0.02518	0.00819	0.00651	0.00699	0.00179	0.16196	0.00425	0.09821	0.00616
15	0.01037	0.00805	0.01013	0.19477	0.01600	0.03463	0.00807	0.05516	0.03329	0.01668	0.01785	0.19794	0.01755	0.09033	0.03756	0.00243	0.03783	0.00779	0.19808	0.00549
16	0.00698	0.00521	0.00688	0.04405	0.00939	0.00494	0.00551	0.00825	0.01126	0.01486	0.08974	0.61633	0.12425	0.01593	0.00689	0.00215	0.00331	0.01431	0.00509	0.00465
17	0.10612	0.39698	0.10796	0.02949	0.01561	0.01650	0.01028	0.07169	0.01288	0.14395	0.01101	0.01175	0.00846	0.00648	0.02816	0.00168	0.00612	0.00382	0.00348	0.00758
18	0.01120	0.00675	0.00846	0.00839	0.00987	0.00647	0.00612	0.07172	0.02773	0.14063	0.02826	0.44792	0.07950	0.07469	0.00828	0.00233	0.00394	0.04664	0.00533	0.00574
19	0.16783	0.00965	0.01203	0.00941	0.01354	0.00889	0.00777	0.02512	0.01473	0.64385	0.01938	0.01713	0.01236	0.00656	0.00520	0.00171	0.00464	0.00512	0.00626	0.00883
20	0.01300	0.01048	0.01255	0.23756	0.01926	0.05815	0.00969	0.16736	0.01427	0.01975	0.03228	0.01900	0.01219	0.07857	0.02457	0.00217	0.05443	0.02008	0.18834	0.00630
21	0.01099	0.01108	0.04188	0.40231	0.07684	0.01183	0.16288	0.01460	0.01188	0.01621	0.07657	0.03387	0.01250	0.00632	0.00640	0.00184	0.04626	0.00590	0.04338	0.00648
22	0.00740	0.00545	0.00712	0.00759	0.00833	0.00524	0.00540	0.00898	0.01235	0.01688	0.28446	0.42664	0.07525	0.04448	0.00802	0.00219	0.02800	0.03612	0.00532	0.00478
23	0.00802	0.00535	0.00605	0.00609	0.00610	0.00535	0.00341	0.00804	0.00812	0.01083	0.01781	0.05742	0.02059	0.78356	0.02760	0.00528	0.00531	0.00827	0.00341	0.00339
24	0.01348	0.07476	0.17272	0.01773	0.19728	0.10586	0.04728	0.08141	0.03522	0.01815	0.03704	0.10700	0.01346	0.03241	0.00621	0.00181	0.00667	0.00610	0.01801	0.00739
25	0.01266	0.06843	0.55467	0.01578	0.03488	0.01335	0.07599	0.01797	0.01192	0.07689	0.01069	0.01242	0.00771	0.00559	0.00612	0.00177	0.05799	0.00440	0.00275	0.00804
26	0.00883	0.00648	0.00849	0.00924	0.01072	0.00634	0.00787	0.03473	0.01342	0.01742	0.10045	0.05747	0.15295	0.01445	0.00730	0.00234	0.00453	0.52657	0.00521	0.00518
27	0.01194	0.00987	0.01167	0.02895	0.01348	0.00873	0.00729	0.10748	0.01322	0.01945	0.03184	0.10811	0.03175	0.00672	0.00544	0.00125	0.04025	0.00547	0.00385	0.53324
28	0.01210	0.11237	0.38792	0.01365	0.01893	0.03751	0.02782	0.01833	0.13119	0.01729	0.03334	0.05202	0.01135	0.00681	0.00670	0.00180	0.09498	0.00515	0.00314	0.00759
29	0.01178	0.01118	0.01891	0.44935	0.35286	0.01251	0.01584	0.01525	0.01177	0.01586	0.01106	0.01511	0.02388	0.00546	0.00553	0.00176	0.00694	0.00507	0.00264	0.00725
30	0.01481	0.80869	0.02902	0.00948	0.01421	0.02191	0.00948	0.01658	0.01125	0.01303	0.00770	0.00888	0.00711	0.00474	0.00355	0.00118	0.00592	0.00296	0.00237	0.00711
31	0.01876	0.01378	0.01439	0.01144	0.01528	0.04938	0.00927	0.49019	0.08104	0.07342	0.01514	0.03942	0.01141	0.00688	0.00535	0.00161	0.00554	0.00533	0.08344	0.04895
32	0.00775	0.00566	0.00728	0.00687	0.00822	0.00519	0.00515	0.01028	0.01546	0.02170	0.71835	0.04220	0.10211	0.01151	0.00653	0.00175	0.00263	0.01013	0.00603	0.00519
33	0.01530	0.01266	0.01338	0.01158	0.01498	0.01449	0.00914	0.18114	0.60661	0.02563	0.02060	0.01912	0.01533	0.00733	0.00562	0.00183	0.00474	0.00599	0.00562	0.00890
34	0.00795	0.00554	0.00693	0.00696	0.00731	0.00582	0.00452	0.00861	0.00846	0.01156	0.01768	0.04986	0.03292	0.53508	0.26142	0.00632	0.00820	0.00765	0.00331	0.00390
35	0.02043	0.02585	0.01558	0.01416	0.01702	0.75416	0.01063	0.02239	0.04375	0.01392	0.00909	0.01039	0.00750	0.00578	0.00502	0.00144	0.00978	0.00367	0.00296	0.00651
36	0.02090	0.00942	0.01217	0.00973	0.01345	0.00876	0.00789	0.04724	0.11520	0.54749	0.12536	0.02205	0.01936	0.00756	0.00571	0.00174	0.00442	0.00626	0.00655	0.00875
37	0.00802	0.00573	0.00789	0.00916	0.01004	0.00559	0.00735	0.00991	0.01186	0.01556	0.02982	0.36995	0.03385	0.01615	0.00741	0.00242	0.00432	0.43499	0.00512	0.00485
38	0.00706	0.00566	0.00639	0.00673	0.00829	0.00498	0.00520	0.00868	0.01258	0.01555	0.08832	0.14071	0.51493	0.01448	0.00680	0.00203	0.00324	0.13842	0.00519	0.00476
39	0.01370	0.01148	0.01203	0.01119	0.01397	0.05386	0.00893	0.04499	0.50735	0.04981	0.02299	0.02901	0.01934	0.00908	0.00604	0.00199	0.00491	0.16605	0.00541	0.00787
40	0.84448	0.01071	0.00814	0.00728	0.01071	0.01242	0.00600	0.01628	0.00943	0.02485	0.00771	0.00900	0.00600	0.00514	0.00343	0.00171	0.00428	0.00300	0.00343	0.00600
41	0.00850	0.00580	0.00788	0.00786	0.00876	0.00651	0.00592	0.01034	0.00941	0.01431	0.01604	0.04113	0.01505	0.12165	0.49666	0.00659	0.02643	0.00622	0.18012	0.00482
42	0.03792	0.01451	0.09635	0.01169	0.01597	0.01377	0.01032	0.39053	0.12166	0.12490	0.01596	0.03564	0.01170	0.00687	0.00540	0.00170	0.00554	0.00538	0.06550	0.00868
43	0.01470	0.01518	0.02106	0.06927	0.60870	0.14067	0.01587	0.01770	0.01304	0.01714	0.01008	0.01314	0.00843	0.00509	0.00540	0.00162	0.00718	0.00471	0.00275	0.00825
44	0.01197	0.26984	0.33237	0.01281	0.01798	0.01525	0.03431	0.01574	0.01112	0.01537	0.03805	0.01312	0.00954	0.00960	0.08853	0.00240	0.08797	0.00430	0.00258	0.00715
45	0.80400	0.01067	0.00855	0.04537	0.01204	0.01242	0.00645	0.01618	0.00951	0.02433	0.00782	0.00928	0.00607	0.00516	0.00353	0.00172	0.00443	0.00309	0.00338	0.00601
46	0.00790	0.00560	0.00734	0.04750	0.00956	0.00559	0.00566	0.02795	0.01047	0.01390	0.02505	0.47401	0.02915	0.20283	0.01254	0.03447	0.00421	0.06738	0.00449	0.00441
47	0.01402	0.07873	0.01525	0.09474	0.01659	0.24959	0.01026	0.03844	0.02844	0.01416	0.01051	0.01457	0.00936	0.03542	0.18850	0.00350	0.16428	0.00468	0.00287	0.00610
48	0.07582	0.04560	0.39122	0.04759	0.01934	0.04746	0.01453	0.03258	0.05754	0.05607	0.03205	0.01616	0.02635	0.03231	0.02573	0.00207	0.04672	0.02027	0.00321	0.00738
49	0.01196	0.10599	0.48979	0.01557	0.03741	0.01378	0.09382	0.04049	0.01215	0.01745	0.02326	0.03421	0.00891	0.00581	0.00590	0.00172	0.04583	0.00471	0.00267	0.02857
50	0.02340	0.00926	0.01250	0.00969	0.01374	0.00811	0.00796	0.04186	0.01607	0.69798	0.08130	0.02053	0.01670	0.00721	0.00565	0.00171	0.00458	0.00591	0.00676	0.00909
51	0.00734	0.00568	0.00658	0.00687	0.00813	0.00519	0.00496	0.02184	0.02825	0.01605	0.14041	0.28975	0.34853	0.05291	0.00776	0.00216	0.00320	0.03437	0.00520	0.00481
52	0.05117	0.12656	0.14769	0.07421	0.22833	0.13410	0.04748	0.03178	0.02905	0.01675	0.00968	0.01210	0.00786	0.00550	0.00585	0.00165	0.05561	0.00432	0.00275	0.00756
53	0.00679	0.00484	0.00641	0.00766	0.00797	0.00453	0.00508	0.00772	0.01052	0.01403	0.03011	0.77743	0.03611	0.04239	0.00774	0.00235	0.00328	0.01550	0.00508	0.00446
54	0.00801	0.00535	0.00605	0.00609	0.00610	0.00534	0.00341	0.00804	0.00813	0.01085	0.01786	0.06028	0.02065	0.78062	0.02753	0.00527	0.00530	0.00830	0.00341	0.00339
55	0.01152	0.00796	0.03406	0.00962	0.03188	0.00730	0.00737	0.05033	0.06956	0.13038	0.09318	0.26709	0.06737	0.06554	0.00799	0.00227	0.00428	0.12092	0.00526	0.00612
56	0.01356	0.07306	0.32809	0.01939	0.16506	0.01316	0.15285	0.01854	0.03632	0.08973	0.01213	0.01471	0.00918	0.00552	0.00552	0.00174	0.00741	0.02278	0.00311	0.00815
57	0.00886	0.00633	0.00885	0.01012	0.01137	0.00632	0.00881	0.01136	0.01268	0.01650	0.02936	0.08512	0.03202	0.01536	0.00763	0.00254	0.00504	0.71155	0.00510	0.00508
58	0.01193	0.01262	0.02460	0.32624	0.03100	0.01366	0.37903	0.01584	0.01178	0.01584	0.01024	0.01456	0.00788	0.00556	0.00742	0.00192	0.09476	0.00571	0.00263	0.00679
59	0.01529	0.01743	0.06755	0.17847	0.06546	0.27349	0.07654	0.05721	0.01378	0.03989	0.03873	0.01411	0.00975	0.00784	0.04439	0.00206	0.06329	0.00481	0.00309	0.00682
60	0.01413	0.01049	0.05111	0.01089	0.03279	0.01005	0.00864	0.24343	0.01632	0.11073	0.04871	0.27046	0.02200	0.04468	0.00747	0.00210	0.02463	0.05923	0.00515	0.00697
61	0.73703	0.05649	0.00995	0.00781	0.01138	0.01331	0.00653	0.07013	0.01074	0.02491	0.00812	0.00930	0.00631	0.00523	0.00359	0.00168	0.00451	0.00314	0.00352	0.00631
62	0.00806	0.00614	0.00787	0.00801	0.00855	0.00657	0.00574	0.00911	0.01003	0.01356	0.06318	0.22829	0.09684	0.26129	0.09753	0.00390	0.09071	0.06604	0.00411	0.00446
63	0.03033	0.07009	0.03981	0.11215	0.41643	0.01318	0.10906	0.01689	0.03052	0.03725	0.01241	0.01572	0.03101	0.00550	0.00548	0.00168	0.00668	0.01752	0.00299	0.02531
64	0.01333	0.01004	0.01182	0.00866	0.01340	0.00804	0.00695	0.03411	0.05112	0.10339	0.01193	0.01283	0.00930	0.00465	0.00438	0.00100	0.00423	0.00373	0.00386	0.68325
65	0.01989	0.01494	0.01597	0.01251	0.01673	0.01663	0.01025	0.63719	0.14308	0.03303	0.01477	0.01447	0.01061	0.00679	0.00556	0.00170	0.00582	0.00519	0.00556	0.00931
66	0.04406	0.38851	0.17216	0.03392	0.01890	0.01774	0.12554	0.01648	0.01121	0.01513	0.00868	0.01091	0.00727	0.00547	0.00616	0.00159	0.10261	0.00401	0.00248	0.00718
67	0.00805	0.00540	0.00619	0.00619	0.00624	0.00545	0.00354	0.00815	0.00810	0.01085	0.01731	0.03548	0.01980	0.76502	0.06807	0.00556	0.00587	0.00794	0.00334	0.00344
68	0.01378	0.01190	0.01252	0.01127	0.01440	0.01378	0.00877	0.02943	0.76081	0.02317	0.02254	0.02066	0.01691	0.00751	0.00564	0.00188	0.00438	0.00626	0.00564	0.00877
69	0.00805	0.00537	0.00604	0.00604	0.00604	0.00537	0.00336	0.00805	0.00805	0.01074	0.01745	0.03624	0.02013	0.80536	0.02819	0.00537	0.00537	0.00805	0.00336	0.00336
70	0.02238	0.01219	0.01485	0.01144	0.01575	0.01230	0.02682	0.32343	0.06286	0.41095	0.01814	0.01659	0.01201	0.00676	0.00558	0.00171	0.00537	0.00539	0.00615	0.00934
71	0.25850	0.01070	0.01201	0.00955	0.01358	0.01076	0.00787	0.12389	0.03499	0.43854	0.01665	0.01531	0.01100	0.00635	0.00495	0.00171	0.00477	0.00477	0.00566	0.00843
72	0.00791	0.00573	0.00722	0.00712	0.00852	0.00523	0.00544	0.01014	0.01439	0.03286	0.48060	0.09948	0.19588	0.01263	0.00667	0.00189	0.00299	0.08444	0.00574	0.00512
73	0.00674	0.00484	0.00640	0.00765	0.00802	0.00450	0.00511	0.00772	0.01066	0.01416	0.03126	0.78013	0.05777	0.01726	0.00705	0.00224	0.00320	0.01563	0.00514	0.00450
74	0.12949	0.01074	0.01230	0.03156	0.09496	0.01166	0.00867	0.13612	0.21108	0.09810	0.04062	0.01748	0.01345	0.00659	0.00501	0.00167	0.00461	0.00529	0.15288	0.00773
75	0.02037	0.00864	0.01158	0.00937	0.01284	0.00768	0.00760	0.04530	0.01574	0.55895	0.14468	0.06638	0.02181	0.00846	0.00588	0.00178	0.00434	0.03375	0.00653	0.00831

[dist]
# distance from previous block
# <min> <max>
0	1

[block]
# block no. 6 follows, 43 sequences, length 22
# corresponding to MSA columns:
# 368-389
name=unknown_G
#
# <colnr> <probs for GDERKNQSTAVLIFYWHMCP>
#	G	D	E	R	K	N	Q	S	T	A	V	L	I	F	Y	W	H	M	C	P
0	0.22163	0.01046	0.01125	0.00922	0.01271	0.02426	0.00748	0.14279	0.04783	0.28655	0.10328	0.01816	0.01564	0.00690	0.00504	0.00168	0.00454	0.00533	0.05751	0.00775
1	0.01117	0.00783	0.00900	0.00819	0.01051	0.00776	0.00638	0.03796	0.18681	0.10478	0.24507	0.03772	0.25201	0.01079	0.00624	0.00184	0.00352	0.04022	0.00573	0.00647
2	0.69617	0.01201	0.05475	0.04753	0.01412	0.01256	0.06020	0.01635	0.00990	0.02339	0.00819	0.00986	0.00630	0.00513	0.00386	0.00173	0.00502	0.00341	0.00327	0.00624
3	0.00906	0.00660	0.00821	0.00870	0.00976	0.00666	0.00638	0.09219	0.04674	0.01730	0.04906	0.51637	0.03176	0.04931	0.00782	0.00233	0.00394	0.11737	0.00515	0.00530
4	0.11904	0.32795	0.05068	0.01043	0.01398	0.09664	0.00942	0.05024	0.01241	0.06447	0.05965	0.01300	0.01079	0.00674	0.01760	0.00165	0.09779	0.00412	0.02651	0.00686
5	0.03612	0.65395	0.04483	0.01019	0.01457	0.06986	0.00986	0.01701	0.01145	0.03160	0.00812	0.00945	0.00725	0.00516	0.00458	0.00131	0.05190	0.00320	0.00254	0.00706
6	0.00796	0.00587	0.00700	0.00718	0.00835	0.00558	0.00509	0.01033	0.06483	0.03218	0.16977	0.28635	0.22396	0.10442	0.03317	0.00258	0.00372	0.01159	0.00512	0.00497
7	0.11309	0.01077	0.06518	0.04532	0.02473	0.03155	0.00852	0.03501	0.05631	0.13959	0.11219	0.06772	0.10441	0.00849	0.00654	0.00177	0.07303	0.00671	0.02888	0.06022
8	0.00725	0.00503	0.00628	0.00707	0.00726	0.00484	0.00445	0.00784	0.00962	0.01282	0.02547	0.50561	0.03025	0.32220	0.01524	0.00346	0.00405	0.01277	0.00445	0.00406
9	0.79015	0.01047	0.00817	0.00728	0.01066	0.01203	0.00598	0.01647	0.00969	0.04656	0.00850	0.00971	0.00652	0.00524	0.00351	0.00170	0.00423	0.00315	0.03391	0.00607
10	0.01191	0.01293	0.04590	0.19003	0.11015	0.01282	0.37502	0.01575	0.01209	0.01645	0.01236	0.07282	0.01069	0.00635	0.00690	0.00191	0.05356	0.02245	0.00291	0.00700
11	0.01307	0.01494	0.03268	0.02334	0.02894	0.01401	0.75070	0.01774	0.01307	0.01774	0.01120	0.01494	0.00840	0.00467	0.00654	0.00187	0.00934	0.00654	0.00280	0.00747
12	0.00732	0.00570	0.00653	0.00650	0.00791	0.00516	0.00473	0.00939	0.03524	0.01720	0.28449	0.13420	0.36997	0.07098	0.00815	0.00213	0.00302	0.01118	0.00534	0.00486
13	0.01212	0.01212	0.01696	0.01454	0.01454	0.01696	0.01212	0.01333	0.00848	0.01333	0.00727	0.01212	0.00727	0.00969	0.01818	0.00242	0.79523	0.00485	0.00242	0.00606
14	0.52548	0.01109	0.01020	0.00858	0.01218	0.01231	0.00704	0.13495	0.04548	0.13107	0.01169	0.01209	0.00846	0.00578	0.00418	0.00169	0.00456	0.00391	0.04215	0.00710
15	0.00778	0.00547	0.00682	0.00745	0.00787	0.00538	0.00488	0.03865	0.01040	0.01391	0.02522	0.50548	0.02960	0.25926	0.04250	0.00343	0.00443	0.01258	0.00453	0.00437
16	0.01211	0.00699	0.00900	0.00797	0.00996	0.00654	0.00613	0.05799	0.01566	0.17627	0.48258	0.06915	0.03903	0.04966	0.00739	0.00195	0.00347	0.02592	0.00602	0.00621
17	0.00842	0.00589	0.00725	0.00700	0.00847	0.00539	0.00518	0.01082	0.03493	0.05664	0.43284	0.14161	0.20824	0.03358	0.00711	0.00194	0.00296	0.01076	0.00571	0.00526
18	0.01324	0.01241	0.02018	0.19492	0.52488	0.01315	0.01575	0.04025	0.07651	0.01820	0.01142	0.01452	0.00919	0.00534	0.00551	0.00171	0.00655	0.00505	0.00301	0.00823
19	0.01547	0.01087	0.01210	0.01055	0.01368	0.01190	0.00840	0.11718	0.42363	0.13296	0.05525	0.02316	0.01790	0.00792	0.00566	0.00182	0.00449	0.05400	0.06479	0.00829
20	0.19657	0.01928	0.01397	0.01274	0.03545	0.39566	0.00962	0.10273	0.11182	0.01972	0.01074	0.01167	0.00846	0.00599	0.00509	0.00160	0.02423	0.00402	0.00362	0.00702
21	0.00999	0.00702	0.00807	0.00746	0.00837	0.00729	0.00496	0.11736	0.01097	0.01484	0.01683	0.05921	0.01816	0.55205	0.10745	0.00498	0.00641	0.00753	0.00370	0.02736

[dist]
# distance from previous block
# <min> <max>
0	1

[block]
# block no. 7 follows, 43 sequences, length 17
# corresponding to MSA columns:
# 391-407
name=unknown_H
#
# <colnr> <probs for GDERKNQSTAVLIFYWHMCP>
#	G	D	E	R	K	N	Q	S	T	A	V	L	I	F	Y	W	H	M	C	P
0	0.06637	0.00838	0.02784	0.13888	0.01461	0.03339	0.02239	0.03517	0.00960	0.01375	0.01099	0.05223	0.01025	0.01374	0.03210	0.39750	0.06137	0.00525	0.04179	0.00440
1	0.01841	0.32925	0.02085	0.01241	0.01600	0.48843	0.01023	0.01997	0.01398	0.01335	0.00823	0.00956	0.00712	0.00533	0.00444	0.00133	0.00841	0.00333	0.00267	0.00669
2	0.00961	0.00608	0.00780	0.00713	0.00884	0.00549	0.00543	0.01202	0.01532	0.10691	0.59447	0.04029	0.13698	0.01115	0.00642	0.00175	0.00288	0.00972	0.00606	0.00564
3	0.01055	0.00679	0.00775	0.00712	0.00792	0.00693	0.00457	0.09394	0.01060	0.06020	0.01717	0.03213	0.01833	0.64253	0.04718	0.00483	0.00570	0.00749	0.00381	0.00446
4	0.00840	0.00577	0.00752	0.00707	0.00846	0.00529	0.00530	0.01089	0.01538	0.05017	0.68810	0.07234	0.07130	0.01148	0.00652	0.00177	0.00272	0.01013	0.00606	0.00534
5	0.37494	0.01324	0.01134	0.01003	0.03121	0.14002	0.00779	0.09982	0.01380	0.16425	0.01365	0.01394	0.04103	0.00615	0.00452	0.00165	0.00544	0.00430	0.03581	0.00707
6	0.02069	0.02640	0.01569	0.01427	0.01712	0.78313	0.01070	0.02212	0.01569	0.01355	0.00856	0.00999	0.00713	0.00571	0.00499	0.00143	0.00999	0.00357	0.00285	0.00642
7	0.02183	0.01193	0.01727	0.01294	0.01749	0.01145	0.13857	0.20880	0.01794	0.45525	0.01783	0.01676	0.01170	0.00642	0.00573	0.00173	0.00587	0.00559	0.00581	0.00908
8	0.00676	0.00498	0.00627	0.00728	0.00786	0.00456	0.00491	0.00777	0.01086	0.01415	0.03451	0.64231	0.16398	0.04619	0.00777	0.00230	0.00322	0.01475	0.00507	0.00449
9	0.00675	0.00482	0.00643	0.00771	0.00803	0.00450	0.00514	0.00771	0.01060	0.01414	0.03053	0.80175	0.03663	0.01735	0.00707	0.00225	0.00321	0.01574	0.00514	0.00450
10	0.01453	0.73790	0.05758	0.00998	0.01461	0.02131	0.01004	0.01646	0.01113	0.01322	0.00777	0.00916	0.00711	0.00501	0.00436	0.00127	0.04601	0.00310	0.00237	0.00710
11	0.00848	0.00577	0.00662	0.00656	0.00681	0.00584	0.00393	0.03890	0.00904	0.01210	0.01826	0.09772	0.02081	0.67895	0.05373	0.00509	0.00558	0.00848	0.00358	0.00376
12	0.00791	0.00593	0.00890	0.00890	0.00989	0.00692	0.00692	0.00989	0.00890	0.01286	0.01483	0.02176	0.01385	0.04154	0.78341	0.00890	0.01483	0.00593	0.00297	0.00494
13	0.02105	0.01551	0.01662	0.01274	0.01717	0.01717	0.01053	0.75235	0.02604	0.03490	0.01330	0.01330	0.00942	0.00665	0.00554	0.00166	0.00609	0.00499	0.00554	0.00942
14	0.01371	0.01316	0.02248	0.03399	0.77081	0.01316	0.01700	0.01700	0.01261	0.01809	0.01042	0.01371	0.00877	0.00493	0.00548	0.00164	0.00658	0.00493	0.00274	0.00877
15	0.01194	0.01064	0.01468	0.01255	0.01321	0.01393	0.03761	0.04476	0.00999	0.01570	0.01030	0.01506	0.00937	0.04031	0.03304	0.00242	0.53235	0.00513	0.16105	0.00595
16	0.03881	0.67115	0.02588	0.00959	0.01388	0.06786	0.00918	0.01640	0.01155	0.01376	0.03748	0.01076	0.00911	0.00664	0.03714	0.00157	0.00638	0.00340	0.00260	0.00687

[dist]
# distance from previous block
# <min> <max>
0	12

[block]
# block no. 8 follows, 43 sequences, length 83
# corresponding to MSA columns:
# 420-502
name=unknown_I
#
# <colnr> <probs for GDERKNQSTAVLIFYWHMCP>
#	G	D	E	R	K	N	Q	S	T	A	V	L	I	F	Y	W	H	M	C	P
0	0.01164	0.00870	0.01194	0.10937	0.01507	0.00976	0.06547	0.09042	0.06648	0.01943	0.01500	0.01827	0.01202	0.01235	0.13502	0.00283	0.06329	0.00540	0.32133	0.00619
1	0.00764	0.00569	0.00708	0.00727	0.00848	0.00526	0.00538	0.02629	0.01362	0.01830	0.34031	0.26417	0.19034	0.01379	0.00675	0.00197	0.00308	0.06405	0.00554	0.00499
