[name]
unknown

[dist]
# distance from previous block
# <min> <max>
20	209

[block]
# block no. 0 follows, 46 sequences, length 26
# corresponding to MSA columns:
# 221-246
name=unknown_A
#
# <colnr> <probs for GDERKNQSTAVLIFYWHMCP>
#	G	D	E	R	K	N	Q	S	T	A	V	L	I	F	Y	W	H	M	C	P
0	0.01272	0.01428	0.03071	0.02196	0.02728	0.01346	0.73840	0.04040	0.01287	0.01745	0.01076	0.01421	0.00805	0.00452	0.00621	0.00178	0.00882	0.00619	0.00276	0.00719
1	0.01534	0.00977	0.01090	0.00915	0.01180	0.04507	0.00712	0.17009	0.10546	0.20809	0.17317	0.02343	0.02069	0.11427	0.03124	0.00229	0.00487	0.00638	0.02388	0.00699
2	0.01046	0.00644	0.00881	0.00938	0.01103	0.00620	0.00810	0.01276	0.01257	0.12203	0.02882	0.05325	0.08124	0.01340	0.00695	0.00228	0.00466	0.59110	0.00510	0.00541
3	0.01085	0.08361	0.73276	0.01464	0.02222	0.01289	0.01879	0.01668	0.01113	0.01644	0.00933	0.01097	0.00670	0.00499	0.00491	0.00164	0.00766	0.00383	0.00223	0.00774
4	0.01244	0.01191	0.02030	0.19164	0.62705	0.01239	0.01591	0.01566	0.01173	0.01649	0.00983	0.01329	0.00810	0.00483	0.00524	0.00161	0.00644	0.00471	0.00256	0.00786
5	0.01450	0.01690	0.05528	0.01777	0.02196	0.20455	0.40457	0.08422	0.01382	0.01704	0.01103	0.05563	0.00916	0.00576	0.00627	0.00170	0.04424	0.00571	0.00301	0.00687
6	0.01197	0.00840	0.01036	0.00933	0.01111	0.00881	0.02547	0.21759	0.01449	0.06818	0.05936	0.31839	0.02312	0.11261	0.00924	0.00232	0.03954	0.03899	0.00478	0.00594
7	0.01310	0.01284	0.02063	0.10419	0.67572	0.04839	0.01580	0.01619	0.01203	0.01672	0.00981	0.01302	0.00818	0.00480	0.00522	0.00158	0.00650	0.00465	0.00260	0.00803
8	0.00992	0.00743	0.00803	0.00743	0.00872	0.04264	0.00527	0.06572	0.07377	0.03942	0.27681	0.06297	0.04713	0.29065	0.01320	0.00288	0.00420	0.00804	0.02072	0.00505
9	0.01273	0.01231	0.03933	0.05380	0.02020	0.01255	0.33514	0.10062	0.10270	0.01920	0.01274	0.01522	0.00977	0.00582	0.00673	0.00173	0.09121	0.00553	0.13573	0.00695
10	0.01778	0.01413	0.01378	0.01122	0.01457	0.11142	0.00890	0.45559	0.09855	0.06108	0.01432	0.03714	0.01139	0.08249	0.00728	0.00192	0.00585	0.00530	0.01948	0.00782
11	0.03222	0.10226	0.01463	0.02625	0.01315	0.02265	0.00899	0.03549	0.01034	0.07886	0.01136	0.04419	0.02417	0.01005	0.07281	0.00227	0.32280	0.00481	0.02380	0.13889
12	0.01016	0.00726	0.00858	0.02929	0.01033	0.00725	0.00608	0.09452	0.09444	0.06809	0.25900	0.15326	0.18528	0.03406	0.00663	0.00187	0.00349	0.00937	0.00526	0.00580
13	0.48705	0.00917	0.00849	0.00756	0.01039	0.01014	0.00605	0.01665	0.10987	0.07946	0.18755	0.01784	0.01778	0.00668	0.00438	0.00166	0.00377	0.00499	0.00437	0.00614
14	0.05099	0.00718	0.00863	0.04210	0.01038	0.00749	0.05338	0.10579	0.01272	0.02085	0.01600	0.05395	0.01296	0.00645	0.00424	0.00140	0.00360	0.00534	0.57092	0.00562
15	0.00842	0.00650	0.00893	0.00866	0.00940	0.00757	0.00653	0.04098	0.00922	0.01303	0.01566	0.12608	0.01619	0.16156	0.43797	0.00609	0.10220	0.00708	0.00321	0.00471
16	0.01153	0.01085	0.01810	0.45082	0.34496	0.01220	0.01510	0.02914	0.02712	0.01562	0.00994	0.01376	0.00782	0.00511	0.00527	0.00168	0.00665	0.00473	0.00258	0.00702
17	0.00644	0.00460	0.00613	0.00736	0.00767	0.00429	0.00491	0.00736	0.01012	0.01350	0.02914	0.81076	0.03497	0.01656	0.00675	0.00215	0.00307	0.01503	0.00491	0.00429
18	0.00657	0.00470	0.00627	0.00743	0.00782	0.00440	0.00506	0.00762	0.01040	0.01390	0.05901	0.74836	0.03537	0.01625	0.00675	0.00214	0.00312	0.04555	0.00494	0.00435
19	0.01349	0.01220	0.01794	0.26643	0.28445	0.04697	0.05177	0.13236	0.04211	0.03655	0.01229	0.01486	0.03388	0.00559	0.00533	0.00165	0.00649	0.00501	0.00323	0.00741
20	0.00918	0.00459	0.00689	0.00689	0.00689	0.00459	0.00459	0.00689	0.00689	0.00918	0.00918	0.01607	0.00918	0.01837	0.02066	0.84619	0.00459	0.00459	0.00230	0.00230
21	0.01965	0.01459	0.01562	0.01207	0.01623	0.01619	0.00994	0.71679	0.07239	0.03260	0.01325	0.01314	0.00945	0.00640	0.00529	0.00160	0.00571	0.00484	0.00529	0.00895
22	0.01038	0.00576	0.00611	0.00581	0.00708	0.00613	0.00447	0.04234	0.01144	0.01979	0.01638	0.01889	0.01293	0.00637	0.00466	0.00132	0.05571	0.00490	0.75437	0.00515
23	0.00672	0.00487	0.00629	0.00710	0.00757	0.00470	0.00480	0.00767	0.00977	0.01298	0.02788	0.54316	0.09753	0.12746	0.10240	0.00327	0.00462	0.01257	0.00443	0.00421
24	0.00644	0.00460	0.00613	0.00736	0.00767	0.00429	0.00491	0.00736	0.01012	0.01350	0.02914	0.81076	0.03497	0.01656	0.00675	0.00215	0.00307	0.01503	0.00491	0.00429
25	0.00655	0.00475	0.00613	0.00708	0.00758	0.00439	0.00478	0.00761	0.01063	0.01411	0.09343	0.65573	0.10250	0.03899	0.00725	0.00216	0.00304	0.01401	0.00493	0.00434

[dist]
# distance from previous block
# <min> <max>
0	1

[block]
# block no. 1 follows, 46 sequences, length 26
# corresponding to MSA columns:
# 248-273
name=unknown_B
#
# <colnr> <probs for GDERKNQSTAVLIFYWHMCP>
#	G	D	E	R	K	N	Q	S	T	A	V	L	I	F	Y	W	H	M	C	P
0	0.01242	0.01161	0.01675	0.06714	0.22986	0.09739	0.12660	0.05187	0.01142	0.01486	0.01070	0.03302	0.00964	0.06006	0.02830	0.18363	0.02079	0.00522	0.00278	0.00595
1	0.01891	0.01413	0.01468	0.01158	0.01541	0.06058	0.00943	0.56762	0.07463	0.07791	0.06915	0.01527	0.01258	0.00669	0.00533	0.00160	0.00560	0.00515	0.00526	0.00849
2	0.01225	0.01324	0.02546	0.03272	0.06411	0.03412	0.52424	0.01604	0.01215	0.01676	0.01072	0.03112	0.00855	0.00468	0.00569	0.00157	0.00766	0.00564	0.00281	0.17051
3	0.00983	0.00639	0.00722	0.00674	0.00746	0.00654	0.00427	0.05487	0.06464	0.06138	0.01704	0.03118	0.01801	0.65699	0.02271	0.00445	0.00506	0.00724	0.00370	0.00429
4	0.01614	0.00907	0.01096	0.00914	0.01221	0.00885	0.00724	0.13483	0.11695	0.30347	0.09785	0.12557	0.06713	0.00864	0.00559	0.00169	0.00413	0.00728	0.00564	0.04760
5	0.01443	0.01053	0.01194	0.03841	0.01389	0.01150	0.00826	0.24247	0.26915	0.08666	0.06792	0.13786	0.02967	0.00869	0.00566	0.00178	0.00452	0.02382	0.00528	0.00756
6	0.01049	0.00729	0.00874	0.00785	0.00973	0.00719	0.00601	0.15688	0.01588	0.06058	0.40666	0.15208	0.10787	0.01085	0.00608	0.00173	0.00335	0.00940	0.00553	0.00581
7	0.02093	0.01346	0.01503	0.01153	0.01572	0.01440	0.00952	0.59292	0.02261	0.20718	0.01458	0.01392	0.00994	0.00639	0.00529	0.00160	0.00551	0.00489	0.00558	0.00899
8	0.01259	0.01206	0.02057	0.15459	0.66294	0.01243	0.01598	0.01579	0.01180	0.01667	0.00986	0.01324	0.00816	0.00480	0.00524	0.00160	0.00640	0.00471	0.00257	0.00798
9	0.16772	0.02059	0.01361	0.01210	0.01510	0.52393	0.00929	0.10064	0.05959	0.01760	0.00930	0.01031	0.00740	0.00555	0.00459	0.00146	0.00785	0.00361	0.00325	0.00650
10	0.17967	0.00923	0.01142	0.00894	0.01288	0.00854	0.00738	0.02384	0.01398	0.64150	0.01831	0.01622	0.01170	0.00624	0.00493	0.00164	0.00442	0.00485	0.00593	0.00838
11	0.00733	0.00510	0.00609	0.00636	0.00674	0.00492	0.00406	0.00802	0.00955	0.01275	0.11228	0.20783	0.07521	0.45963	0.01790	0.00374	0.00420	0.04043	0.00407	0.00380
12	0.07457	0.00879	0.00956	0.00822	0.01058	0.00931	0.00645	0.25083	0.02988	0.06830	0.06818	0.09230	0.01579	0.00826	0.00586	0.05631	0.00399	0.00602	0.26045	0.00635
13	0.01016	0.00958	0.01617	0.75786	0.07868	0.01179	0.01477	0.01366	0.01065	0.01372	0.00943	0.01404	0.00712	0.00525	0.00528	0.00175	0.00700	0.00470	0.00236	0.00601
14	0.00683	0.00501	0.00640	0.00683	0.00769	0.00459	0.00483	0.00842	0.01227	0.01662	0.32709	0.41318	0.13289	0.01390	0.00648	0.00191	0.00279	0.01240	0.00527	0.00459
15	0.04008	0.00880	0.01149	0.00905	0.01269	0.00792	0.00735	0.04334	0.04185	0.62205	0.06697	0.02055	0.03614	0.03911	0.00621	0.00178	0.00437	0.00578	0.00617	0.00830
16	0.01922	0.01304	0.01474	0.01168	0.01555	0.13481	0.07819	0.13387	0.07472	0.33595	0.01614	0.01660	0.01147	0.00629	0.00528	0.00158	0.00585	0.03103	0.00499	0.06899
17	0.06469	0.00834	0.01062	0.00870	0.01184	0.00776	0.00698	0.04775	0.05240	0.46124	0.19435	0.06365	0.02227	0.00798	0.00549	0.00167	0.00397	0.00667	0.00601	0.00762
18	0.01248	0.01426	0.03119	0.02228	0.02763	0.01337	0.76203	0.01693	0.01248	0.01693	0.01070	0.01426	0.00802	0.00446	0.00624	0.00178	0.00891	0.00624	0.00267	0.00713
19	0.08231	0.01004	0.01235	0.00970	0.01364	0.00967	0.00796	0.11534	0.09317	0.55994	0.01895	0.01684	0.01236	0.00646	0.00517	0.00165	0.00460	0.00514	0.00603	0.00869
20	0.01601	0.01171	0.01283	0.01025	0.01335	0.01269	0.00817	0.51762	0.02071	0.02798	0.16549	0.02081	0.01842	0.10993	0.00823	0.00205	0.00507	0.00609	0.00513	0.00746
21	0.00673	0.00489	0.00636	0.00727	0.00782	0.00460	0.00497	0.00819	0.02840	0.01474	0.12854	0.66380	0.06304	0.01547	0.00663	0.00206	0.00300	0.01396	0.00504	0.00449
22	0.00742	0.00498	0.00610	0.00688	0.00757	0.00473	0.00474	0.02752	0.01082	0.01523	0.02828	0.58566	0.08507	0.01411	0.00610	0.00193	0.00299	0.01258	0.16275	0.00454
23	0.02925	0.01213	0.01954	0.06403	0.01930	0.02590	0.24221	0.09514	0.01223	0.07271	0.01136	0.06349	0.00971	0.00721	0.00955	0.00191	0.26849	0.00576	0.00326	0.02681
24	0.00984	0.03535	0.00852	0.00724	0.00929	0.00692	0.00562	0.07898	0.04174	0.08113	0.22571	0.09565	0.31869	0.01228	0.03731	0.00200	0.00371	0.00928	0.00515	0.00560
25	0.07111	0.00597	0.00707	0.00722	0.00842	0.00584	0.00519	0.03036	0.03982	0.03885	0.22652	0.37816	0.09737	0.04474	0.00698	0.00203	0.00320	0.01117	0.00503	0.00496

[dist]
# distance from previous block
# <min> <max>
1	2

[block]
# block no. 2 follows, 46 sequences, length 35
# corresponding to MSA columns:
# 276-310
name=unknown_C
#
# <colnr> <probs for GDERKNQSTAVLIFYWHMCP>
#	G	D	E	R	K	N	Q	S	T	A	V	L	I	F	Y	W	H	M	C	P
0	0.03612	0.06965	0.09938	0.05748	0.06711	0.04667	0.41789	0.06641	0.01270	0.01730	0.01002	0.01297	0.00771	0.00516	0.00625	0.01598	0.03612	0.00522	0.00276	0.00710
1	0.43692	0.01046	0.02334	0.17041	0.01718	0.01137	0.02604	0.06311	0.01159	0.16839	0.01081	0.01195	0.00768	0.00538	0.00430	0.00166	0.00505	0.00392	0.00381	0.00665
2	0.01921	0.01412	0.01561	0.06505	0.01754	0.01555	0.01018	0.66969	0.02319	0.05083	0.01257	0.01287	0.00893	0.00620	0.00524	0.00157	0.00580	0.00472	0.00505	0.03607
3	0.00875	0.00610	0.00711	0.00677	0.00743	0.00623	0.00440	0.07589	0.01006	0.01365	0.07461	0.08161	0.02095	0.55094	0.08514	0.00456	0.00558	0.00779	0.00367	0.01877
4	0.01076	0.00995	0.01530	0.55015	0.02918	0.01202	0.01297	0.04381	0.01082	0.01466	0.00916	0.01326	0.00721	0.00576	0.00695	0.00172	0.12812	0.00449	0.00256	0.11116
5	0.00925	0.01374	0.26244	0.04729	0.04134	0.00872	0.07799	0.01299	0.01235	0.01727	0.20766	0.08145	0.06182	0.00899	0.00596	0.00183	0.00550	0.11340	0.00388	0.00615
6	0.03817	0.01010	0.01769	0.61931	0.03299	0.01190	0.13013	0.01406	0.01078	0.01453	0.00969	0.01404	0.00732	0.00524	0.00554	0.00176	0.02124	0.00488	0.02459	0.00604
7	0.01028	0.00978	0.01691	0.60426	0.12178	0.01145	0.06510	0.01365	0.01084	0.01418	0.01088	0.06757	0.00915	0.00592	0.00544	0.00177	0.00682	0.00550	0.00257	0.00615
8	0.02120	0.02914	0.01272	0.00978	0.01367	0.00953	0.00801	0.05595	0.16889	0.58109	0.02033	0.01790	0.01339	0.00661	0.00528	0.00165	0.00452	0.00537	0.00615	0.00882
9	0.01274	0.00701	0.00744	0.00656	0.00855	0.00720	0.00514	0.14790	0.01386	0.08024	0.01670	0.01832	0.01270	0.00622	0.00410	0.00133	0.00322	0.00493	0.62988	0.00596
10	0.07611	0.01174	0.01922	0.15627	0.58682	0.01223	0.01496	0.01557	0.01157	0.01709	0.01043	0.01357	0.02151	0.00497	0.00511	0.00161	0.00618	0.00468	0.00266	0.00769
11	0.01313	0.01215	0.02023	0.23312	0.29818	0.03796	0.14123	0.03392	0.01202	0.06772	0.01043	0.01364	0.00813	0.00536	0.00636	0.00171	0.06962	0.00496	0.00286	0.00727
12	0.01018	0.00757	0.00909	0.00935	0.04648	0.00771	0.00663	0.07784	0.14648	0.05449	0.06500	0.25438	0.15250	0.06143	0.01991	0.00220	0.00404	0.05396	0.00490	0.00587
13	0.00752	0.00513	0.00606	0.00633	0.00668	0.00501	0.00405	0.00813	0.00914	0.01226	0.05920	0.16568	0.06737	0.51147	0.01918	0.00395	0.00442	0.06619	0.02851	0.00372
14	0.00858	0.00691	0.00698	0.00688	0.00756	0.06519	0.00452	0.00979	0.03634	0.01274	0.09413	0.08510	0.08579	0.46210	0.07272	0.00410	0.00543	0.00810	0.01296	0.00408
15	0.01192	0.01167	0.01665	0.13184	0.01818	0.04717	0.08994	0.05625	0.01018	0.01435	0.00901	0.01421	0.00828	0.07441	0.01377	0.00231	0.44597	0.00502	0.01293	0.00591
16	0.00782	0.00563	0.00719	0.00783	0.00854	0.00561	0.00545	0.07684	0.01127	0.01511	0.02608	0.65181	0.03041	0.04392	0.06699	0.00268	0.00423	0.01313	0.00473	0.00472
17	0.00737	0.00503	0.00582	0.00606	0.00621	0.00493	0.00358	0.00762	0.00839	0.01110	0.02096	0.19006	0.05974	0.61586	0.02187	0.00437	0.00459	0.00932	0.00363	0.00348
18	0.01765	0.01340	0.01465	0.01198	0.03339	0.01486	0.00954	0.57430	0.10176	0.02932	0.01652	0.03544	0.06210	0.00721	0.00579	0.00166	0.03140	0.00556	0.00510	0.00839
19	0.01255	0.01884	0.26069	0.02102	0.14511	0.07209	0.35816	0.01708	0.01219	0.01663	0.01001	0.01276	0.00758	0.00475	0.00559	0.00168	0.00820	0.00506	0.00253	0.00746
20	0.01596	0.01110	0.01251	0.01002	0.01329	0.01160	0.00803	0.42626	0.01956	0.08990	0.16172	0.07470	0.01926	0.03391	0.00618	0.00170	0.00472	0.00643	0.00525	0.06790
21	0.01268	0.01101	0.02589	0.07090	0.03374	0.06159	0.07947	0.07458	0.02390	0.07173	0.08126	0.05253	0.02618	0.00618	0.00501	0.00135	0.00515	0.01918	0.00380	0.33387
22	0.28195	0.36382	0.07480	0.00954	0.01371	0.05541	0.02690	0.02936	0.01092	0.06345	0.00853	0.00961	0.00689	0.00498	0.00404	0.00142	0.02184	0.00325	0.00293	0.00665
23	0.00837	0.00641	0.02948	0.00675	0.00868	0.00528	0.00537	0.01027	0.02658	0.08593	0.09103	0.14254	0.47977	0.01271	0.00624	0.00185	0.00321	0.05940	0.00505	0.00509
24	0.00826	0.00654	0.00844	0.00831	0.00913	0.03855	0.00624	0.00977	0.00866	0.01212	0.01420	0.02247	0.01383	0.17558	0.57979	0.00723	0.03839	0.00588	0.02205	0.00454
25	0.05665	0.06486	0.10482	0.09093	0.40261	0.07925	0.01429	0.06748	0.03797	0.01780	0.00997	0.01234	0.00800	0.00505	0.00497	0.00157	0.00654	0.00434	0.00284	0.00771
26	0.01157	0.00917	0.00963	0.00905	0.01118	0.06109	0.00716	0.11787	0.14265	0.04564	0.09449	0.11869	0.13796	0.01059	0.00597	0.00185	0.00432	0.14870	0.04628	0.00614
27	0.00756	0.00562	0.00827	0.00827	0.00914	0.00649	0.00633	0.00930	0.00843	0.01211	0.01436	0.02190	0.01371	0.10315	0.73043	0.00822	0.01342	0.00583	0.00286	0.00460
28	0.00812	0.00619	0.00739	0.00751	0.00916	0.00591	0.00604	0.01128	0.08131	0.02999	0.19948	0.04768	0.31339	0.01252	0.00647	0.00195	0.00347	0.23185	0.00516	0.00513
29	0.04106	0.16852	0.39808	0.03517	0.03926	0.01362	0.04731	0.06781	0.01249	0.11333	0.01072	0.01180	0.00775	0.00518	0.00478	0.00157	0.00673	0.00405	0.00305	0.00771
30	0.03783	0.02679	0.76160	0.01481	0.02247	0.01226	0.01909	0.01670	0.01109	0.01697	0.00942	0.01108	0.00667	0.00502	0.00497	0.00167	0.00769	0.00387	0.00227	0.00775
31	0.00671	0.00487	0.00630	0.00700	0.00765	0.00450	0.00483	0.00804	0.01142	0.01541	0.21767	0.54695	0.09268	0.03119	0.00700	0.00206	0.00294	0.01323	0.00510	0.00446
32	0.01269	0.01493	0.12945	0.23394	0.33294	0.07846	0.06961	0.01628	0.01188	0.03558	0.00992	0.01299	0.00774	0.00500	0.00525	0.00164	0.00713	0.00461	0.00260	0.00736
33	0.11413	0.41143	0.09838	0.01021	0.01458	0.11582	0.00978	0.07389	0.01256	0.06797	0.02280	0.01041	0.00802	0.00512	0.00404	0.00135	0.00606	0.00345	0.00302	0.00696
34	0.10981	0.01097	0.01211	0.00988	0.01311	0.01163	0.00788	0.35813	0.03493	0.17965	0.01642	0.12005	0.01381	0.06892	0.00691	0.00195	0.00491	0.00626	0.00511	0.00756

[dist]
# distance from previous block
# <min> <max>
5	8

[block]
# block no. 3 follows, 46 sequences, length 12
# corresponding to MSA columns:
# 319-330
name=unknown_D
#
# <colnr> <probs for GDERKNQSTAVLIFYWHMCP>
#	G	D	E	R	K	N	Q	S	T	A	V	L	I	F	Y	W	H	M	C	P
0	0.13650	0.07339	0.46060	0.01291	0.03907	0.01197	0.01458	0.01814	0.01156	0.15760	0.01112	0.01190	0.00777	0.00524	0.00472	0.00162	0.00648	0.00396	0.00318	0.00767
1	0.00675	0.00484	0.00608	0.00694	0.00738	0.00455	0.00463	0.00760	0.00993	0.01304	0.02913	0.54989	0.10761	0.17253	0.01067	0.00271	0.00351	0.04352	0.00457	0.00412
2	0.00676	0.00533	0.00617	0.00671	0.00792	0.00483	0.00493	0.00846	0.03456	0.01438	0.04082	0.33737	0.40046	0.01452	0.00651	0.00199	0.00309	0.08571	0.00492	0.00456
3	0.08395	0.01016	0.01097	0.06746	0.10548	0.12142	0.00820	0.06182	0.01146	0.01581	0.01416	0.14776	0.01395	0.01137	0.03917	0.15762	0.00568	0.03685	0.07138	0.00532
4	0.00825	0.00535	0.00681	0.00731	0.00816	0.00502	0.00505	0.00981	0.03759	0.07657	0.08260	0.53890	0.08687	0.08543	0.00830	0.00230	0.00333	0.01260	0.00497	0.00478
5	0.00685	0.00502	0.00653	0.00758	0.00829	0.00470	0.00554	0.00815	0.01083	0.01410	0.03241	0.54227	0.14115	0.01569	0.00679	0.00216	0.00339	0.16920	0.00490	0.00444
6	0.00652	0.00473	0.00619	0.00732	0.00778	0.00439	0.00501	0.00755	0.01037	0.01367	0.03098	0.71602	0.09270	0.01622	0.00673	0.00213	0.00312	0.04932	0.00491	0.00433
7	0.01148	0.25944	0.49915	0.01285	0.01916	0.01433	0.01554	0.01600	0.01112	0.01539	0.01035	0.01429	0.00864	0.00565	0.00472	0.00157	0.00694	0.06363	0.00245	0.00727
8	0.00766	0.00522	0.00623	0.00623	0.00639	0.00538	0.00378	0.00798	0.00782	0.01059	0.01623	0.03225	0.01820	0.68303	0.15670	0.00570	0.00666	0.00735	0.00314	0.00346
9	0.01707	0.01204	0.01317	0.01075	0.01417	0.01316	0.00870	0.44026	0.16087	0.08554	0.01680	0.06176	0.01323	0.00737	0.00533	0.00166	0.00495	0.03182	0.07322	0.00813
10	0.01293	0.01049	0.01109	0.06373	0.01349	0.05137	0.00778	0.21738	0.15555	0.02163	0.07114	0.02405	0.15562	0.03003	0.00635	0.00175	0.03300	0.00649	0.09943	0.00669
11	0.02630	0.01168	0.02788	0.05440	0.15417	0.02942	0.04135	0.11501	0.23323	0.09674	0.05481	0.02940	0.01367	0.00650	0.00558	0.00166	0.02561	0.00551	0.03393	0.03316

[dist]
# distance from previous block
# <min> <max>
0	4

[block]
# block no. 4 follows, 46 sequences, length 23
# corresponding to MSA columns:
# 335-357
name=unknown_E
#
# <colnr> <probs for GDERKNQSTAVLIFYWHMCP>
#	G	D	E	R	K	N	Q	S	T	A	V	L	I	F	Y	W	H	M	C	P
0	0.01283	0.01099	0.01424	0.01039	0.01494	0.00973	0.09002	0.15210	0.01361	0.02003	0.01007	0.01166	0.00804	0.00458	0.00482	0.00109	0.02835	0.00382	0.00346	0.57524
1	0.01797	0.01343	0.05564	0.01110	0.01542	0.01313	0.00946	0.43956	0.07874	0.13366	0.01413	0.02668	0.01025	0.00617	0.00511	0.00150	0.00529	0.00481	0.00498	0.13296
2	0.00929	0.00697	0.00904	0.05199	0.04469	0.00718	0.00685	0.13188	0.01255	0.01680	0.02360	0.53084	0.02670	0.04497	0.02993	0.00231	0.00432	0.03017	0.00460	0.00531
3	0.00829	0.00572	0.00668	0.00663	0.00706	0.00580	0.00418	0.05867	0.00962	0.01293	0.05201	0.16621	0.02233	0.55395	0.05404	0.00437	0.00509	0.00875	0.00374	0.00392
4	0.10747	0.23405	0.32578	0.01194	0.03383	0.01426	0.01286	0.06448	0.02852	0.08583	0.02878	0.01177	0.00861	0.00527	0.00447	0.00151	0.00616	0.00388	0.00310	0.00744
5	0.02927	0.01774	0.25596	0.05799	0.10024	0.03083	0.30279	0.07959	0.01306	0.01831	0.03606	0.01369	0.00902	0.00510	0.00555	0.00169	0.00766	0.00515	0.00286	0.00743
6	0.01079	0.00843	0.01071	0.01012	0.03620	0.02915	0.00749	0.08956	0.02327	0.01492	0.02812	0.01862	0.01201	0.11688	0.18288	0.14226	0.18178	0.00536	0.06643	0.00505
7	0.01277	0.01224	0.02089	0.10984	0.70628	0.01248	0.01607	0.01595	0.01189	0.01689	0.00989	0.01319	0.00824	0.00477	0.00524	0.00159	0.00636	0.00471	0.00259	0.00812
8	0.01561	0.02718	0.01423	0.01027	0.01476	0.00931	0.08318	0.09499	0.03603	0.22485	0.01326	0.01356	0.00960	0.00503	0.00470	0.00123	0.00481	0.00428	0.00427	0.40884
9	0.00967	0.00758	0.00796	0.00770	0.00921	0.06921	0.00580	0.01209	0.07281	0.05355	0.21028	0.07118	0.19453	0.08201	0.00917	0.07347	0.00403	0.09003	0.00470	0.00500
10	0.00759	0.00517	0.00590	0.00590	0.00607	0.00517	0.00345	0.00778	0.00801	0.01062	0.01879	0.03479	0.06587	0.71927	0.07055	0.00512	0.00550	0.00778	0.00329	0.00337
11	0.00698	0.00484	0.00639	0.00724	0.00782	0.00448	0.00496	0.00817	0.01102	0.03182	0.14224	0.65525	0.05828	0.01538	0.00662	0.00205	0.00300	0.01388	0.00508	0.00451
12	0.04344	0.56379	0.17780	0.01128	0.01648	0.01824	0.07466	0.01609	0.01091	0.01408	0.00806	0.00950	0.00683	0.00463	0.00395	0.00131	0.00630	0.00333	0.00233	0.00698
13	0.00813	0.00614	0.00730	0.00757	0.00889	0.00592	0.00572	0.07256	0.02857	0.01633	0.07764	0.30923	0.25023	0.03705	0.00710	0.00209	0.00354	0.13612	0.00495	0.00493
14	0.00755	0.00566	0.00850	0.00850	0.00944	0.00661	0.00661	0.00944	0.00850	0.01227	0.01416	0.02077	0.01322	0.03965	0.79326	0.00850	0.01416	0.00566	0.00283	0.00472
15	0.00845	0.00558	0.00737	0.00707	0.00839	0.00514	0.00535	0.01074	0.01427	0.06870	0.60399	0.12752	0.04478	0.01140	0.00629	0.00176	0.00282	0.04951	0.00571	0.00516
16	0.01342	0.01285	0.02031	0.13133	0.58078	0.04380	0.03357	0.06835	0.01287	0.01772	0.01001	0.01308	0.00817	0.00492	0.00525	0.00159	0.00654	0.00470	0.00277	0.00797
17	0.01681	0.07733	0.01219	0.00908	0.01217	0.00925	0.00732	0.07030	0.10740	0.36927	0.07260	0.15573	0.04014	0.00864	0.00549	0.00170	0.00422	0.00727	0.00558	0.00753
18	0.00708	0.00539	0.00652	0.00623	0.00765	0.00482	0.00468	0.00921	0.01403	0.01897	0.54507	0.04316	0.28464	0.01164	0.00624	0.00170	0.00255	0.01007	0.00553	0.00482
19	0.00655	0.00465	0.00610	0.00723	0.00751	0.00436	0.00476	0.00739	0.00992	0.01322	0.02808	0.74515	0.03363	0.08399	0.00845	0.00240	0.00324	0.01441	0.00476	0.00420
20	0.08359	0.02201	0.01460	0.01282	0.01588	0.58101	0.00984	0.16610	0.01646	0.01776	0.00899	0.01008	0.00715	0.00558	0.00475	0.00143	0.00839	0.00363	0.00327	0.00666
21	0.02150	0.01141	0.01365	0.01051	0.01455	0.01145	0.00866	0.34943	0.01940	0.42529	0.04632	0.01649	0.01270	0.00662	0.00534	0.00162	0.00500	0.00523	0.00596	0.00884
22	0.01154	0.01087	0.01785	0.41611	0.34300	0.01220	0.01479	0.01587	0.07552	0.01579	0.01065	0.01415	0.00837	0.00521	0.00527	0.00169	0.00649	0.00481	0.00272	0.00712

[dist]
# distance from previous block
# <min> <max>
0	1

[block]
# block no. 5 follows, 46 sequences, length 139
# corresponding to MSA columns:
# 359-497
name=unknown_F
#
# <colnr> <probs for GDERKNQSTAVLIFYWHMCP>
#	G	D	E	R	K	N	Q	S	T	A	V	L	I	F	Y	W	H	M	C	P
0	0.01145	0.22447	0.54665	0.06421	0.02142	0.01441	0.01659	0.01630	0.01102	0.01545	0.00894	0.01068	0.00674	0.00491	0.00463	0.00154	0.00722	0.00369	0.00225	0.00743
1	0.01263	0.01239	0.03197	0.13401	0.65650	0.01246	0.03089	0.01589	0.01184	0.01676	0.00988	0.01321	0.00817	0.00479	0.00526	0.00160	0.00646	0.00473	0.00258	0.00801
2	0.01085	0.00946	0.01188	0.00862	0.01316	0.00728	0.04842	0.01325	0.01101	0.01704	0.01034	0.04663	0.00904	0.00451	0.00417	0.00090	0.00416	0.00383	0.00319	0.76228
3	0.05690	0.01108	0.01318	0.02953	0.07366	0.01101	0.00870	0.20882	0.11035	0.14722	0.01433	0.02988	0.01093	0.00598	0.00490	0.00144	0.00480	0.02038	0.00454	0.23236
4	0.01246	0.01345	0.07393	0.07053	0.46865	0.01236	0.16571	0.01643	0.03675	0.01709	0.01070	0.01419	0.00873	0.00493	0.00541	0.00162	0.00677	0.01773	0.00274	0.03981
5	0.30066	0.01113	0.01077	0.02222	0.01265	0.08832	0.00729	0.08296	0.01355	0.28830	0.06357	0.01567	0.03224	0.00653	0.00495	0.01794	0.00484	0.00465	0.00470	0.00704
6	0.00857	0.00548	0.00704	0.00757	0.00851	0.00511	0.00530	0.03851	0.01141	0.08559	0.04573	0.63171	0.08944	0.01487	0.00651	0.00204	0.00326	0.01332	0.00509	0.00494
7	0.08694	0.01363	0.01436	0.01127	0.01520	0.01509	0.00925	0.59597	0.08393	0.04545	0.01405	0.01395	0.02480	0.00644	0.00511	0.00160	0.00538	0.00485	0.02424	0.00849
8	0.03400	0.12517	0.59342	0.01473	0.05460	0.04092	0.01714	0.01696	0.02688	0.01639	0.00938	0.01096	0.00695	0.00500	0.00478	0.00159	0.00736	0.00380	0.00236	0.00760
9	0.02173	0.00904	0.01172	0.00912	0.01288	0.00822	0.00749	0.09177	0.01554	0.62454	0.01968	0.01771	0.01277	0.00648	0.00512	0.00158	0.00438	0.00522	0.10650	0.00851
10	0.00769	0.00513	0.00577	0.00577	0.00577	0.00513	0.00320	0.00769	0.00769	0.01025	0.01666	0.03460	0.01922	0.81421	0.02691	0.00513	0.00513	0.00769	0.00320	0.00320
11	0.03281	0.01167	0.07874	0.16793	0.14781	0.01127	0.16390	0.01391	0.01106	0.01576	0.03503	0.05494	0.05776	0.00793	0.03567	0.00203	0.09815	0.00597	0.04125	0.00641
12	0.01168	0.00989	0.01181	0.00853	0.01315	0.00793	0.02562	0.07403	0.01219	0.01859	0.02234	0.01165	0.00862	0.00424	0.00412	0.00089	0.00417	0.00345	0.00334	0.74377
13	0.00644	0.00460	0.00613	0.00736	0.00767	0.00429	0.00491	0.00736	0.01012	0.01350	0.02914	0.81076	0.03497	0.01656	0.00675	0.00215	0.00307	0.01503	0.00491	0.00429
14	0.00740	0.00503	0.00598	0.00626	0.00637	0.00501	0.00375	0.00770	0.00827	0.01107	0.01931	0.20680	0.02243	0.59853	0.06003	0.00463	0.00511	0.00922	0.00356	0.00352
15	0.03491	0.01177	0.06345	0.05479	0.07174	0.05975	0.07900	0.12758	0.08737	0.04806	0.06482	0.17135	0.01842	0.02445	0.00618	0.00187	0.00550	0.05811	0.00423	0.00666
16	0.01095	0.07439	0.05782	0.32888	0.06286	0.01346	0.04962	0.01366	0.01001	0.01386	0.00942	0.03393	0.00812	0.00732	0.02442	0.00199	0.24374	0.00486	0.02456	0.00612
17	0.00714	0.00521	0.00683	0.00786	0.00867	0.00494	0.00597	0.00861	0.01102	0.01432	0.03177	0.44133	0.13240	0.03102	0.00726	0.00225	0.00366	0.26039	0.00486	0.00449
18	0.12538	0.01318	0.07586	0.03155	0.01509	0.01315	0.00943	0.35900	0.13412	0.04618	0.05348	0.07284	0.01351	0.00713	0.00517	0.00168	0.00513	0.00564	0.00474	0.00774
19	0.01150	0.01147	0.01618	0.04759	0.01484	0.01600	0.01170	0.01276	0.00820	0.01276	0.00704	0.01167	0.00694	0.00908	0.01683	0.00229	0.77040	0.00463	0.00231	0.00579
20	0.01148	0.22387	0.59799	0.01357	0.02056	0.01443	0.01692	0.01652	0.01106	0.01567	0.00896	0.01049	0.00672	0.00490	0.00462	0.00154	0.00728	0.00364	0.00224	0.00756
21	0.01343	0.56399	0.20267	0.01131	0.01657	0.04543	0.05222	0.01628	0.01108	0.01369	0.00805	0.00945	0.00683	0.00467	0.00397	0.00130	0.00646	0.00328	0.00229	0.00702
22	0.00756	0.00507	0.00580	0.00593	0.00596	0.00504	0.00338	0.00765	0.00793	0.01058	0.01792	0.11299	0.02081	0.73365	0.02487	0.00482	0.00492	0.00843	0.00338	0.00331
23	0.16481	0.01255	0.02200	0.06399	0.34680	0.01267	0.26779	0.01620	0.01156	0.01813	0.00970	0.01272	0.00771	0.00469	0.00522	0.00166	0.00682	0.00489	0.00274	0.00734
24	0.06280	0.01801	0.01448	0.01347	0.06467	0.34538	0.00988	0.18447	0.19646	0.02044	0.01240	0.01282	0.00955	0.00598	0.00498	0.00154	0.00695	0.00437	0.00394	0.00741
25	0.00941	0.00722	0.00823	0.00766	0.00958	0.00732	0.00581	0.01513	0.23369	0.04735	0.32363	0.06233	0.20335	0.02766	0.00642	0.00182	0.00318	0.00888	0.00542	0.00593
26	0.00712	0.00539	0.00656	0.00627	0.00767	0.00483	0.00470	0.00927	0.01410	0.01915	0.56341	0.04287	0.26619	0.01157	0.00624	0.00170	0.00255	0.01003	0.00555	0.00483
27	0.00709	0.00538	0.00681	0.00704	0.00804	0.00510	0.00518	0.00878	0.01239	0.01669	0.31964	0.29694	0.18824	0.01337	0.00685	0.00191	0.03080	0.04991	0.00516	0.00467
28	0.01096	0.00940	0.01096	0.00783	0.01253	0.00705	0.00626	0.01331	0.01096	0.01723	0.00940	0.01096	0.00783	0.00392	0.00392	0.00078	0.00392	0.00313	0.00313	0.84653
29	0.02040	0.01404	0.01481	0.01159	0.01561	0.06439	0.00947	0.51430	0.06915	0.18940	0.01467	0.01405	0.01016	0.00638	0.00527	0.00160	0.00568	0.00487	0.00539	0.00877
30	0.01980	0.01060	0.01245	0.00977	0.01340	0.01071	0.00799	0.31817	0.01830	0.35118	0.01718	0.03035	0.01191	0.00658	0.00508	0.00156	0.00468	0.00521	0.13680	0.00827
31	0.00744	0.00552	0.00669	0.00644	0.00787	0.00500	0.00481	0.00974	0.02846	0.03158	0.49552	0.08783	0.26006	0.01176	0.00624	0.00173	0.00265	0.01021	0.00550	0.00493
32	0.01280	0.01227	0.02094	0.10328	0.71263	0.01249	0.01608	0.01597	0.01190	0.01692	0.00989	0.01318	0.00825	0.00476	0.00524	0.00159	0.00635	0.00471	0.00259	0.00814
33	0.00901	0.00616	0.00860	0.00968	0.01098	0.00611	0.00842	0.01140	0.01223	0.04258	0.02776	0.07320	0.02991	0.01436	0.00722	0.00240	0.00482	0.70524	0.00493	0.00500
34	0.00644	0.00460	0.00613	0.00736	0.00767	0.00429	0.00491	0.00736	0.01012	0.01350	0.02914	0.81076	0.03497	0.01656	0.00675	0.00215	0.00307	0.01503	0.00491	0.00429
35	0.01308	0.01256	0.02146	0.03245	0.78123	0.01256	0.01622	0.01622	0.01204	0.01727	0.00994	0.01308	0.00837	0.00471	0.00523	0.00157	0.00628	0.00471	0.00262	0.00837
36	0.00998	0.00940	0.01586	0.80150	0.03641	0.01175	0.01468	0.01351	0.01057	0.01351	0.00940	0.01409	0.00705	0.00529	0.00529	0.00176	0.00705	0.00470	0.00235	0.00587
37	0.01977	0.02443	0.01505	0.01351	0.01635	0.73555	0.01020	0.07602	0.01571	0.01445	0.00851	0.00977	0.00697	0.00551	0.00481	0.00138	0.00926	0.00351	0.00291	0.00634
38	0.01096	0.00940	0.01096	0.00783	0.01253	0.00705	0.00626	0.01331	0.01096	0.01723	0.00940	0.01096	0.00783	0.00392	0.00392	0.00078	0.00392	0.00313	0.00313	0.84653
39	0.01060	0.02735	0.78682	0.01507	0.02288	0.01228	0.01953	0.01674	0.01116	0.01674	0.00949	0.01116	0.00670	0.00502	0.00502	0.00167	0.00781	0.00391	0.00223	0.00781
40	0.00634	0.00515	0.00562	0.00594	0.00731	0.00444	0.00429	0.00761	0.01163	0.01431	0.07227	0.25440	0.55398	0.01415	0.00638	0.00188	0.00278	0.01214	0.00494	0.00444
41	0.00784	0.00550	0.00710	0.00665	0.00800	0.00503	0.00501	0.01025	0.01480	0.04089	0.71659	0.03958	0.09108	0.01084	0.00621	0.00167	0.00256	0.00954	0.00579	0.00506
42	0.00665	0.00475	0.00638	0.00760	0.00800	0.00447	0.00527	0.00772	0.01033	0.01373	0.02902	0.73488	0.03451	0.01636	0.00680	0.00218	0.00325	0.08884	0.00490	0.00435
43	0.02776	0.06200	0.63681	0.01579	0.03866	0.01280	0.10038	0.01669	0.01126	0.01671	0.00949	0.01137	0.00686	0.00493	0.00505	0.00166	0.00773	0.00411	0.00231	0.00766
44	0.02035	0.01388	0.01525	0.01168	0.01590	0.01498	0.00964	0.64378	0.02317	0.13485	0.01371	0.01337	0.00952	0.00631	0.00526	0.00157	0.00559	0.00479	0.00540	0.03103
45	0.00715	0.00537	0.00651	0.00623	0.00755	0.00485	0.00460	0.00916	0.01368	0.01857	0.52755	0.04234	0.25094	0.06327	0.00757	0.00192	0.00271	0.00988	0.00540	0.00473
46	0.73780	0.03192	0.00893	0.00746	0.01076	0.02774	0.00616	0.06285	0.01032	0.02375	0.02832	0.00969	0.00716	0.00516	0.00351	0.00161	0.00431	0.00317	0.00343	0.00595
47	0.00837	0.05214	0.00818	0.00702	0.00848	0.04056	0.00527	0.00981	0.01160	0.03521	0.16563	0.13257	0.29402	0.09798	0.08045	0.00272	0.02137	0.00939	0.00445	0.00478
48	0.00653	0.00461	0.00610	0.00730	0.00763	0.00431	0.00488	0.00749	0.01015	0.01366	0.02882	0.78966	0.03439	0.01628	0.00667	0.00212	0.00305	0.01476	0.02727	0.00431
49	0.00643	0.00463	0.00610	0.00727	0.00764	0.00430	0.00487	0.00737	0.01021	0.01353	0.03020	0.77781	0.06723	0.01642	0.00673	0.00213	0.00305	0.01486	0.00491	0.00430
50	0.01451	0.02797	0.01931	0.05839	0.37440	0.06811	0.09968	0.06100	0.06208	0.09462	0.01265	0.03160	0.01020	0.00631	0.02077	0.00177	0.00656	0.01885	0.00343	0.00780
51	0.01685	0.01346	0.01475	0.01196	0.01535	0.07405	0.04985	0.41468	0.11827	0.05343	0.01463	0.03080	0.01163	0.03534	0.05710	0.00222	0.02201	0.03108	0.00470	0.00783
52	0.00952	0.00692	0.00829	0.00754	0.00937	0.00686	0.00577	0.04872	0.13251	0.05335	0.52405	0.03534	0.11068	0.01010	0.00602	0.00169	0.00301	0.00875	0.00567	0.00582
53	0.01670	0.03463	0.01571	0.10265	0.11123	0.41788	0.01100	0.08679	0.06253	0.01627	0.00985	0.01149	0.00789	0.00540	0.00488	0.00143	0.00769	0.00396	0.00309	0.06893
54	0.00642	0.00470	0.00604	0.00711	0.00760	0.00432	0.00479	0.00739	0.01037	0.01359	0.03223	0.71461	0.12912	0.01616	0.00668	0.00210	0.00302	0.01454	0.00491	0.00432
55	0.01413	0.81739	0.02770	0.00905	0.01357	0.02092	0.00905	0.01583	0.01074	0.01244	0.00735	0.00848	0.00678	0.00452	0.00339	0.00113	0.00565	0.00283	0.00226	0.00678
56	0.00671	0.00480	0.00635	0.00750	0.00789	0.00453	0.00508	0.01924	0.01041	0.01387	0.02885	0.77825	0.03444	0.01635	0.00674	0.00215	0.00316	0.03439	0.00491	0.00438
57	0.02010	0.01481	0.01587	0.01216	0.01639	0.01639	0.01005	0.76360	0.02486	0.03332	0.01269	0.01269	0.00899	0.00635	0.00529	0.00159	0.00582	0.00476	0.00529	0.00899
58	0.01314	0.01300	0.02153	0.07263	0.66219	0.04342	0.06394	0.01632	0.01210	0.01687	0.00989	0.01307	0.00822	0.00475	0.00528	0.00159	0.00662	0.00476	0.00261	0.00807
59	0.00755	0.00566	0.00850	0.00850	0.00944	0.00661	0.00661	0.00944	0.00850	0.01227	0.01416	0.02077	0.01322	0.03965	0.79326	0.00850	0.01416	0.00566	0.00283	0.00472
60	0.02030	0.00960	0.01197	0.00944	0.01308	0.00919	0.00771	0.15596	0.05746	0.49705	0.07327	0.01880	0.01518	0.00682	0.00526	0.00161	0.00442	0.00553	0.06898	0.00837
61	0.05681	0.00826	0.00939	0.00916	0.02603	0.03643	0.00711	0.07958	0.07785	0.09366	0.15137	0.12672	0.11066	0.01087	0.00606	0.00189	0.00416	0.17291	0.00507	0.00600
62	0.01082	0.07617	0.73990	0.01470	0.02231	0.01281	0.01888	0.01669	0.01114	0.01648	0.00936	0.01100	0.00670	0.00499	0.00492	0.00164	0.00768	0.00384	0.00223	0.00775
63	0.00682	0.00516	0.00564	0.00581	0.00672	0.00469	0.00386	0.00763	0.01022	0.01280	0.04742	0.15291	0.38401	0.30704	0.01388	0.00306	0.00363	0.01041	0.00430	0.00399
64	0.00675	0.00484	0.00647	0.00767	0.00814	0.00456	0.00543	0.00790	0.01046	0.01386	0.02946	0.68416	0.04917	0.01621	0.00682	0.00218	0.00333	0.12331	0.00490	0.00438
65	0.03784	0.01205	0.01325	0.00994	0.01434	0.01178	0.00810	0.37343	0.03228	0.02521	0.01116	0.01190	0.00849	0.00517	0.00458	0.00121	0.00484	0.00396	0.00421	0.40625
66	0.03042	0.00612	0.00757	0.00698	0.00847	0.00587	0.00530	0.05853	0.01525	0.02166	0.66939	0.05067	0.07253	0.01056	0.00611	0.00167	0.00277	0.00923	0.00567	0.00523
67	0.00730	0.00538	0.00659	0.00640	0.00775	0.00482	0.00475	0.00933	0.01372	0.03064	0.49770	0.11107	0.25118	0.01197	0.00627	0.00174	0.00263	0.01043	0.00550	0.00484
68	0.00721	0.00537	0.00727	0.00801	0.00865	0.00518	0.02507	0.02854	0.03842	0.01443	0.02794	0.73961	0.03288	0.01563	0.00665	0.00211	0.00333	0.01419	0.00488	0.00464
69	0.01226	0.00987	0.01214	0.00950	0.01298	0.00936	0.02716	0.09275	0.06846	0.05537	0.07384	0.05781	0.01357	0.00637	0.00611	0.00132	0.09220	0.00502	0.00389	0.43002
70	0.01248	0.01426	0.03119	0.02228	0.02763	0.01337	0.76203	0.01693	0.01248	0.01693	0.01070	0.01426	0.00802	0.00446	0.00624	0.00178	0.00891	0.00624	0.00267	0.00713
71	0.02054	0.00823	0.01103	0.00873	0.01225	0.00717	0.00711	0.02259	0.01465	0.63205	0.08459	0.04190	0.04473	0.00739	0.00538	0.00164	0.00412	0.00611	0.05163	0.00816
72	0.01005	0.00952	0.01624	0.78184	0.03619	0.01179	0.03354	0.01359	0.01062	0.01359	0.00943	0.01410	0.00707	0.00526	0.00531	0.00176	0.00709	0.00474	0.00236	0.00590
73	0.01157	0.01157	0.01619	0.01388	0.01388	0.01619	0.01157	0.01272	0.00810	0.01272	0.00694	0.01157	0.00694	0.00925	0.01735	0.00231	0.80453	0.00463	0.00231	0.00578
74	0.01924	0.01128	0.01276	0.01027	0.01389	0.05277	0.00836	0.22491	0.08909	0.35230	0.07762	0.01961	0.01545	0.00712	0.00541	0.00164	0.00494	0.03825	0.00567	0.02942
75	0.01360	0.72532	0.08506	0.00941	0.01406	0.01964	0.00969	0.01567	0.01094	0.01311	0.03747	0.00989	0.00845	0.00481	0.00363	0.00119	0.00570	0.00317	0.00240	0.00679
76	0.01087	0.08607	0.73039	0.01462	0.02219	0.01292	0.01875	0.01667	0.01113	0.01642	0.00933	0.01096	0.00670	0.00499	0.00490	0.00163	0.00765	0.00383	0.00223	0.00774
77	0.39825	0.13780	0.12582	0.03847	0.01451	0.08424	0.00928	0.04123	0.01111	0.07199	0.00901	0.01019	0.00689	0.00558	0.01516	0.00164	0.00570	0.00340	0.00317	0.00655
78	0.00998	0.00940	0.01586	0.80150	0.03641	0.01175	0.01468	0.01351	0.01057	0.01351	0.00940	0.01409	0.00705	0.00529	0.00529	0.00176	0.00705	0.00470	0.00235	0.00587
79	0.01005	0.00946	0.01598	0.78519	0.05221	0.01176	0.01471	0.01356	0.01060	0.01359	0.00941	0.01407	0.00708	0.00527	0.00528	0.00176	0.00703	0.00470	0.00235	0.00593
80	0.00902	0.04744	0.01030	0.05295	0.08853	0.03903	0.00728	0.01154	0.05439	0.01560	0.11740	0.17661	0.25300	0.01090	0.00641	0.00179	0.04096	0.02501	0.02638	0.00545
81	0.29983	0.01476	0.17948	0.02749	0.03394	0.08264	0.00990	0.03159	0.02469	0.12333	0.06953	0.01500	0.04074	0.00603	0.00458	0.00161	0.00544	0.00447	0.00373	0.02124
82	0.02349	0.00937	0.01250	0.00958	0.01368	0.00833	0.00792	0.07329	0.01576	0.73649	0.02033	0.01765	0.01282	0.00653	0.00531	0.00163	0.00458	0.00528	0.00646	0.00900
83	0.00654	0.00471	0.00620	0.00721	0.00767	0.00437	0.00488	0.00765	0.01071	0.01434	0.10979	0.70084	0.06380	0.01583	0.00667	0.00208	0.00299	0.01431	0.00500	0.00437
84	0.01766	0.02909	0.05766	0.01241	0.01657	0.02936	0.09865	0.31855	0.10974	0.18001	0.06326	0.01627	0.01294	0.00642	0.00542	0.00164	0.00569	0.00539	0.00500	0.00828
85	0.00797	0.00614	0.00676	0.00667	0.00849	0.00563	0.00515	0.02497	0.06820	0.04391	0.08333	0.09586	0.51857	0.01273	0.00627	0.00186	0.00315	0.08421	0.00505	0.00506
86	0.00702	0.00532	0.00647	0.00633	0.00765	0.00477	0.00469	0.00902	0.01365	0.01843	0.49310	0.11280	0.26726	0.01210	0.00629	0.00174	0.00260	0.01054	0.00546	0.00477
87	0.24797	0.01113	0.01408	0.39945	0.05111	0.06224	0.04291	0.05530	0.01135	0.01782	0.00945	0.01305	0.00737	0.00537	0.00474	0.00169	0.00626	0.01758	0.01502	0.00612
88	0.01179	0.00747	0.00903	0.00783	0.00981	0.00776	0.05393	0.08744	0.11188	0.04804	0.01660	0.01931	0.01318	0.05544	0.00661	0.04731	0.00378	0.00530	0.47168	0.00582
89	0.00643	0.00464	0.00609	0.00725	0.00764	0.00430	0.00486	0.00737	0.01023	0.01354	0.03046	0.76968	0.07520	0.01639	0.00672	0.00213	0.00305	0.01482	0.00491	0.00430
90	0.01956	0.01345	0.01479	0.01145	0.01545	0.01458	0.00942	0.61261	0.03920	0.12049	0.06316	0.01519	0.01226	0.00667	0.00535	0.00160	0.00541	0.00516	0.00547	0.00872
91	0.06615	0.03274	0.21380	0.01685	0.03385	0.01181	0.38356	0.01548	0.01200	0.01728	0.06336	0.01787	0.07894	0.00584	0.00567	0.00172	0.00724	0.00599	0.00300	0.00684
92	0.01298	0.01264	0.02109	0.03007	0.67446	0.02615	0.04296	0.01600	0.01185	0.01686	0.01014	0.01397	0.00872	0.00522	0.00609	0.00164	0.05781	0.02067	0.00265	0.00805
93	0.01974	0.01446	0.01548	0.01191	0.01604	0.01599	0.00983	0.73742	0.02438	0.03284	0.01285	0.01294	0.00915	0.00634	0.00523	0.00157	0.00570	0.00477	0.03451	0.00885
94	0.06505	0.01456	0.01543	0.01188	0.01606	0.01615	0.00981	0.72316	0.02400	0.03280	0.01240	0.01247	0.00881	0.00627	0.00518	0.00159	0.00572	0.00466	0.00518	0.00881
95	0.01718	0.39160	0.02099	0.01133	0.01506	0.34475	0.00965	0.10468	0.01416	0.01507	0.00831	0.00941	0.00705	0.00512	0.00419	0.00128	0.00730	0.00329	0.00281	0.00676
96	0.01062	0.00902	0.01053	0.00794	0.01210	0.00710	0.00624	0.01351	0.05201	0.01711	0.01205	0.09223	0.01102	0.00537	0.00428	0.00098	0.00384	0.00449	0.00343	0.71613
97	0.01413	0.81739	0.02770	0.00905	0.01357	0.02092	0.00905	0.01583	0.01074	0.01244	0.00735	0.00848	0.00678	0.00452	0.00339	0.00113	0.00565	0.00283	0.00226	0.00678
98	0.01892	0.00981	0.01197	0.00971	0.01324	0.00971	0.00784	0.10409	0.20262	0.43222	0.08803	0.02043	0.03243	0.00720	0.00543	0.00167	0.00435	0.00592	0.00602	0.00839
99	0.00726	0.00540	0.00633	0.00667	0.00786	0.00487	0.00473	0.00882	0.03102	0.02935	0.05580	0.37580	0.29824	0.06215	0.00755	0.00210	0.00315	0.02612	0.02145	0.03533
100	0.01140	0.07820	0.36947	0.01173	0.01705	0.01081	0.02685	0.06293	0.01188	0.04503	0.01285	0.11919	0.01155	0.03605	0.00579	0.00166	0.00601	0.00547	0.00315	0.15295
101	0.01966	0.01097	0.01301	0.01041	0.01414	0.01126	0.00846	0.24377	0.16433	0.37076	0.01849	0.03271	0.01291	0.00802	0.03416	0.00191	0.00515	0.00549	0.00578	0.00862
102	0.00844	0.00606	0.00841	0.00958	0.01082	0.00603	0.00836	0.01084	0.01217	0.01577	0.02888	0.05933	0.05652	0.01456	0.00727	0.00241	0.00479	0.72005	0.00487	0.00485
103	0.00767	0.00515	0.00590	0.00586	0.00599	0.00511	0.00339	0.00793	0.00846	0.01142	0.09795	0.03512	0.02249	0.72848	0.02470	0.00476	0.00484	0.00789	0.00348	0.00339
104	0.03474	0.01949	0.01654	0.01427	0.03708	0.45845	0.09900	0.07503	0.02756	0.10496	0.01061	0.01187	0.00816	0.00639	0.02223	0.00166	0.03753	0.00422	0.00339	0.00684
105	0.02163	0.01072	0.01294	0.01009	0.01400	0.03081	0.00826	0.19852	0.04507	0.52443	0.05357	0.01758	0.01376	0.00669	0.00534	0.00162	0.00484	0.00535	0.00607	0.00871
106	0.00787	0.00561	0.00649	0.00614	0.00786	0.00489	0.00465	0.00972	0.01342	0.06670	0.34392	0.04416	0.43554	0.01191	0.00618	0.00173	0.00272	0.01014	0.00538	0.00497
107	0.01303	0.01251	0.02137	0.04517	0.76891	0.01255	0.01620	0.01618	0.01201	0.01721	0.00993	0.01310	0.00835	0.00472	0.00523	0.00157	0.00629	0.00471	0.00261	0.00833
108	0.02156	0.01013	0.01272	0.00995	0.01380	0.00968	0.00813	0.20900	0.01720	0.54089	0.01942	0.07421	0.01365	0.00722	0.00541	0.00166	0.00472	0.00588	0.00611	0.00865
109	0.00702	0.00539	0.00643	0.00617	0.00762	0.00479	0.00463	0.00909	0.01388	0.01863	0.50890	0.04372	0.32103	0.01177	0.00624	0.00171	0.00256	0.01015	0.00548	0.00479
110	0.00639	0.00504	0.00578	0.00635	0.00747	0.00443	0.00453	0.00758	0.01121	0.01398	0.04214	0.38500	0.43212	0.01482	0.00650	0.00196	0.00291	0.03248	0.00491	0.00440
111	0.74108	0.01024	0.00882	0.00841	0.04834	0.01155	0.00641	0.01643	0.00966	0.08715	0.00862	0.00960	0.00647	0.00503	0.00354	0.00163	0.00423	0.00316	0.00351	0.00613
112	0.85155	0.01022	0.00777	0.00695	0.01022	0.01186	0.00573	0.01554	0.00900	0.02372	0.00736	0.00859	0.00573	0.00491	0.00327	0.00164	0.00409	0.00286	0.00327	0.00573
113	0.02033	0.01443	0.01563	0.01199	0.01621	0.01584	0.00990	0.71608	0.02423	0.08172	0.01322	0.01303	0.00925	0.00636	0.00529	0.00159	0.00573	0.00480	0.00537	0.00899
