[name]
unknown

[dist]
# distance from previous block
# <min> <max>
7	56

[block]
# block no. 0 follows, 45 sequences, length 16
# corresponding to MSA columns:
# 71-86
name=unknown_A
#
# <colnr> <probs for GDERKNQSTAVLIFYWHMCP>
#	G	D	E	R	K	N	Q	S	T	A	V	L	I	F	Y	W	H	M	C	P
0	0.02050	0.01412	0.01545	0.01193	0.01614	0.01539	0.00983	0.63128	0.06205	0.12621	0.01438	0.01392	0.01002	0.00651	0.00538	0.00163	0.00566	0.00497	0.00553	0.00910
1	0.00827	0.00583	0.00733	0.00772	0.00878	0.00555	0.00545	0.03473	0.05049	0.04428	0.11961	0.55521	0.06985	0.01431	0.00649	0.00200	0.00326	0.01281	0.00513	0.03290
2	0.09395	0.01310	0.05889	0.07712	0.19685	0.02936	0.16991	0.07835	0.01260	0.01870	0.01019	0.01329	0.00823	0.03173	0.00613	0.00167	0.02549	0.00469	0.00302	0.14671
3	0.09861	0.05530	0.01456	0.01105	0.01489	0.06352	0.00904	0.40011	0.14664	0.05993	0.01480	0.01460	0.03279	0.00643	0.00504	0.00159	0.00547	0.00483	0.00484	0.03595
4	0.01972	0.01470	0.01572	0.01221	0.01639	0.01633	0.01004	0.68911	0.09721	0.03273	0.01376	0.01358	0.00983	0.00653	0.00538	0.00163	0.00575	0.00495	0.00538	0.00907
5	0.02184	0.00966	0.01254	0.00953	0.01378	0.00846	0.00784	0.08152	0.01550	0.60801	0.01878	0.01677	0.01216	0.00623	0.00518	0.00153	0.00458	0.00502	0.00602	0.13505
6	0.01366	0.17198	0.42556	0.01421	0.02060	0.01402	0.10162	0.06330	0.01268	0.09777	0.01078	0.01201	0.00780	0.00518	0.00498	0.00160	0.00717	0.00424	0.00298	0.00786
7	0.01256	0.28376	0.44309	0.01426	0.05901	0.01557	0.03424	0.05036	0.01190	0.01636	0.00912	0.01069	0.00706	0.00496	0.00461	0.00151	0.00707	0.00375	0.00245	0.00766
8	0.00740	0.00510	0.00590	0.00618	0.00641	0.00496	0.00371	0.00772	0.00874	0.01150	0.02296	0.21042	0.08769	0.56444	0.02092	0.00423	0.00452	0.00978	0.00379	0.00361
9	0.00666	0.00485	0.00628	0.00719	0.00777	0.00447	0.00491	0.00785	0.01112	0.01483	0.13214	0.63401	0.10665	0.01573	0.00673	0.00208	0.00300	0.01415	0.00511	0.00447
10	0.01910	0.01240	0.01422	0.05224	0.03419	0.03255	0.00942	0.40283	0.03993	0.21984	0.01679	0.02817	0.03925	0.02579	0.02653	0.00191	0.00574	0.00545	0.00528	0.00838
11	0.01734	0.01144	0.01294	0.01055	0.01388	0.01210	0.00846	0.43487	0.03678	0.14914	0.01966	0.16162	0.05454	0.00937	0.01974	0.00186	0.00513	0.00721	0.00544	0.00793
12	0.02068	0.00891	0.01169	0.00928	0.01293	0.00809	0.00755	0.03895	0.07677	0.59216	0.11829	0.02175	0.03311	0.00738	0.00554	0.00168	0.00427	0.00611	0.00640	0.00847
13	0.08673	0.00878	0.01007	0.00854	0.01156	0.00868	0.00677	0.03808	0.18450	0.22974	0.16678	0.02575	0.11991	0.00820	0.00544	0.00166	0.00383	0.00677	0.00547	0.06275
14	0.04146	0.01365	0.01940	0.04250	0.36693	0.05399	0.08530	0.16921	0.08721	0.04936	0.01208	0.01384	0.00932	0.00546	0.00536	0.00164	0.00639	0.00496	0.00365	0.00826
15	0.00778	0.00637	0.00900	0.00933	0.02970	0.00648	0.04515	0.02110	0.01070	0.01425	0.02869	0.52794	0.13195	0.03823	0.00834	0.00219	0.08091	0.01256	0.00450	0.00483

[dist]
# distance from previous block
# <min> <max>
0	11

[block]
# block no. 1 follows, 45 sequences, length 11
# corresponding to MSA columns:
# 98-108
name=unknown_B
#
# <colnr> <probs for GDERKNQSTAVLIFYWHMCP>
#	G	D	E	R	K	N	Q	S	T	A	V	L	I	F	Y	W	H	M	C	P
0	0.12905	0.09186	0.02821	0.00962	0.01319	0.01236	0.00808	0.25621	0.05851	0.12796	0.08478	0.05595	0.06049	0.00736	0.00507	0.00161	0.00472	0.00578	0.00484	0.03435
1	0.01278	0.01206	0.01968	0.06048	0.61246	0.01174	0.01463	0.01584	0.01197	0.01737	0.00998	0.01295	0.00835	0.00467	0.00508	0.00146	0.00599	0.00450	0.00274	0.15530
2	0.01525	0.01114	0.01332	0.01008	0.01415	0.01062	0.03488	0.24075	0.03514	0.10579	0.01265	0.01453	0.00992	0.06292	0.00672	0.00156	0.02696	0.00448	0.00425	0.36487
3	0.01679	0.01307	0.04614	0.01226	0.01581	0.01370	0.05649	0.33914	0.12647	0.11463	0.08431	0.01695	0.01408	0.00716	0.00691	0.00175	0.09566	0.00557	0.00495	0.00813
4	0.00657	0.00475	0.00615	0.00725	0.00767	0.00441	0.00484	0.00751	0.01035	0.01365	0.03115	0.71719	0.09564	0.04598	0.00757	0.00226	0.00316	0.01466	0.00492	0.00433
5	0.01309	0.01266	0.02196	0.07347	0.70211	0.01275	0.05207	0.01636	0.01216	0.01732	0.01010	0.01340	0.00841	0.00480	0.00537	0.00162	0.00655	0.00486	0.00265	0.00831
6	0.01526	0.01246	0.01480	0.01229	0.01548	0.01425	0.05606	0.19858	0.42659	0.05693	0.01734	0.01698	0.01296	0.00712	0.00687	0.00182	0.09533	0.00561	0.00497	0.00830
7	0.00701	0.00525	0.00655	0.00730	0.00808	0.00496	0.00506	0.00897	0.05329	0.01516	0.11427	0.57478	0.13897	0.01520	0.00665	0.00206	0.00306	0.01359	0.00511	0.00469
8	0.00662	0.00536	0.00588	0.00593	0.00747	0.00462	0.00438	0.00818	0.01263	0.01585	0.19932	0.13214	0.54604	0.01341	0.00640	0.00183	0.00272	0.01143	0.00517	0.00462
9	0.01167	0.01102	0.01319	0.01176	0.01230	0.08696	0.00930	0.01327	0.06303	0.01291	0.01024	0.04020	0.00999	0.05524	0.05833	0.13689	0.43041	0.00523	0.00277	0.00528
10	0.05766	0.01408	0.01538	0.01378	0.09087	0.04870	0.01020	0.45595	0.12996	0.08757	0.01411	0.01405	0.01019	0.00631	0.00526	0.00164	0.00569	0.00490	0.00501	0.00869

[dist]
# distance from previous block
# <min> <max>
4	10

[block]
# block no. 2 follows, 45 sequences, length 17
# corresponding to MSA columns:
# 119-135
name=unknown_C
#
# <colnr> <probs for GDERKNQSTAVLIFYWHMCP>
#	G	D	E	R	K	N	Q	S	T	A	V	L	I	F	Y	W	H	M	C	P
0	0.00910	0.00672	0.00831	0.00833	0.00932	0.00695	0.00599	0.12156	0.01287	0.01744	0.11787	0.49976	0.03091	0.06970	0.00852	0.00225	0.04238	0.01196	0.00491	0.00516
1	0.01487	0.01008	0.01139	0.00958	0.01249	0.01046	0.00755	0.30727	0.07467	0.10871	0.06533	0.17460	0.07451	0.00924	0.00566	0.00171	0.00440	0.00774	0.04776	0.04198
2	0.01477	0.01133	0.01245	0.01040	0.01359	0.01207	0.00820	0.36325	0.15784	0.02515	0.01872	0.18661	0.03323	0.00873	0.00558	0.00169	0.00471	0.00728	0.00505	0.09934
3	0.01791	0.01421	0.01577	0.01427	0.10070	0.03726	0.01045	0.48656	0.17377	0.02865	0.01417	0.01424	0.01043	0.00633	0.00533	0.00162	0.00567	0.00499	0.00495	0.03271
4	0.00662	0.00482	0.00617	0.00715	0.00766	0.00445	0.00482	0.00764	0.01064	0.01404	0.06804	0.65589	0.11798	0.04756	0.00758	0.00223	0.00312	0.01426	0.00496	0.00437
5	0.01101	0.00904	0.01045	0.00762	0.01200	0.00692	0.00607	0.01340	0.01115	0.01777	0.01043	0.01212	0.00860	0.00423	0.00395	0.00085	0.00381	0.00338	0.09643	0.75078
6	0.05116	0.09910	0.01469	0.01054	0.01357	0.01072	0.09846	0.13732	0.02562	0.07694	0.01759	0.22353	0.03192	0.04358	0.00660	0.00183	0.01971	0.00760	0.01626	0.09327
7	0.02109	0.01129	0.01341	0.01049	0.01446	0.01143	0.00860	0.28414	0.09745	0.40788	0.01818	0.01663	0.01217	0.00662	0.00533	0.00164	0.00492	0.00525	0.04011	0.00890
8	0.00654	0.00467	0.00623	0.00747	0.00779	0.00436	0.00498	0.00747	0.01028	0.01370	0.02959	0.80785	0.03550	0.01682	0.00685	0.00218	0.00311	0.01526	0.00498	0.00436
9	0.01586	0.01159	0.05114	0.01169	0.01391	0.02983	0.00993	0.10461	0.01281	0.23024	0.01384	0.06016	0.01116	0.00900	0.02929	0.00210	0.32293	0.00550	0.04730	0.00712
10	0.01231	0.10978	0.01592	0.07943	0.01616	0.10058	0.07832	0.04643	0.09618	0.01621	0.05125	0.15768	0.01557	0.00822	0.00695	0.00173	0.10762	0.00669	0.00361	0.06938
11	0.01885	0.01218	0.01376	0.01086	0.01468	0.01282	0.00882	0.41161	0.10386	0.19889	0.04775	0.03881	0.01349	0.02300	0.00584	0.00170	0.00510	0.00558	0.00554	0.04687
12	0.00732	0.00599	0.00654	0.00656	0.00819	0.00555	0.00485	0.01030	0.09642	0.01617	0.14053	0.17326	0.47275	0.01309	0.00633	0.00186	0.00293	0.01119	0.00516	0.00501
13	0.01838	0.01319	0.01458	0.03371	0.01589	0.01444	0.00951	0.57336	0.06001	0.07236	0.03637	0.08506	0.01317	0.00752	0.00553	0.00168	0.00544	0.00599	0.00534	0.00847
14	0.03621	0.07221	0.03831	0.15099	0.02262	0.06346	0.25712	0.03185	0.01184	0.04563	0.01049	0.03652	0.00858	0.00582	0.00692	0.00170	0.10795	0.00517	0.00291	0.08371
15	0.05512	0.04386	0.12277	0.01156	0.01573	0.02698	0.01055	0.32372	0.04299	0.11483	0.01276	0.01354	0.00936	0.01678	0.00634	0.00167	0.07296	0.00458	0.03908	0.05481
16	0.04702	0.00691	0.00755	0.00723	0.00910	0.00668	0.00542	0.07429	0.06865	0.01794	0.12528	0.21636	0.33296	0.01221	0.00609	0.00182	0.00328	0.01042	0.00502	0.03577

[dist]
# distance from previous block
# <min> <max>
3	93

[block]
# block no. 3 follows, 45 sequences, length 21
# corresponding to MSA columns:
# 243-263
name=unknown_D
#
# <colnr> <probs for GDERKNQSTAVLIFYWHMCP>
#	G	D	E	R	K	N	Q	S	T	A	V	L	I	F	Y	W	H	M	C	P
0	0.05544	0.04788	0.07164	0.13994	0.08622	0.18634	0.01140	0.12323	0.10728	0.01892	0.01113	0.01265	0.00862	0.00553	0.00492	0.00152	0.00665	0.00426	0.00341	0.09305
1	0.00728	0.00552	0.00716	0.04003	0.00947	0.00505	0.00543	0.00848	0.01040	0.01405	0.02716	0.60486	0.07065	0.04959	0.00732	0.00211	0.00345	0.01284	0.00458	0.10456
2	0.01188	0.01301	0.08182	0.35816	0.05071	0.01262	0.30118	0.01587	0.01167	0.04711	0.01046	0.01419	0.00779	0.00520	0.00615	0.00180	0.03557	0.00533	0.00268	0.00680
3	0.06972	0.00688	0.00778	0.00691	0.00925	0.00629	0.00538	0.03851	0.01361	0.17552	0.18638	0.03777	0.37709	0.02736	0.00634	0.00181	0.00333	0.00889	0.00537	0.00581
4	0.00976	0.00580	0.00778	0.00777	0.00904	0.00575	0.00575	0.01137	0.01049	0.11242	0.02121	0.31400	0.02165	0.04085	0.25503	0.00407	0.00687	0.00913	0.10872	0.03254
5	0.03533	0.01016	0.01250	0.00992	0.01369	0.00992	0.00808	0.15004	0.11464	0.47618	0.08492	0.01930	0.01608	0.00704	0.00545	0.00168	0.00457	0.00572	0.00615	0.00864
6	0.00967	0.00815	0.01101	0.01003	0.01082	0.01015	0.00798	0.01231	0.06281	0.01524	0.13481	0.02132	0.01765	0.05451	0.24468	0.00413	0.28838	0.00607	0.06485	0.00542
7	0.00679	0.00528	0.00617	0.00632	0.00762	0.00466	0.00460	0.00842	0.01272	0.01654	0.27713	0.22232	0.37520	0.01351	0.00646	0.00186	0.00275	0.01172	0.00528	0.00466
8	0.03634	0.00887	0.01078	0.00926	0.01208	0.00879	0.00725	0.11998	0.11380	0.30786	0.08053	0.20659	0.02114	0.00940	0.00574	0.00179	0.00416	0.00802	0.02015	0.00745
9	0.03966	0.01053	0.01361	0.08762	0.01493	0.06610	0.05033	0.03031	0.00997	0.01400	0.02605	0.11298	0.01342	0.12652	0.04454	0.00279	0.32166	0.00652	0.00304	0.00544
10	0.00659	0.00473	0.00618	0.00732	0.00768	0.00440	0.00487	0.00750	0.01025	0.01359	0.03003	0.74413	0.06443	0.05109	0.00772	0.00230	0.00319	0.01478	0.00491	0.00432
11	0.00919	0.00498	0.00523	0.00543	0.00657	0.00487	0.00397	0.01136	0.01117	0.01861	0.02203	0.14875	0.07053	0.00846	0.00443	0.00144	0.00262	0.00709	0.64839	0.00487
12	0.00876	0.00610	0.00755	0.00736	0.00881	0.00582	0.00544	0.01199	0.08869	0.06470	0.38651	0.22754	0.12585	0.01209	0.00632	0.00184	0.00299	0.01064	0.00557	0.00542
13	0.01648	0.01165	0.01323	0.01158	0.04447	0.01259	0.00878	0.35384	0.18050	0.10723	0.01807	0.12462	0.01523	0.04811	0.00669	0.00192	0.00501	0.00673	0.00526	0.00802
14	0.01322	0.01235	0.01652	0.01394	0.01463	0.04374	0.02873	0.05677	0.00993	0.05513	0.00827	0.01215	0.00752	0.00883	0.01554	0.00222	0.66673	0.00474	0.00277	0.00628
15	0.01299	0.00965	0.01144	0.00827	0.01296	0.00752	0.00666	0.03656	0.01206	0.11206	0.01107	0.01206	0.00864	0.00438	0.00419	0.00093	0.00410	0.00350	0.00367	0.71730
16	0.03731	0.01312	0.01820	0.19567	0.25779	0.06157	0.05637	0.16268	0.05708	0.03673	0.01116	0.01358	0.00862	0.00566	0.00586	0.00169	0.04103	0.00483	0.00339	0.00767
17	0.08807	0.07097	0.01895	0.03751	0.35180	0.16787	0.02926	0.01676	0.01179	0.01607	0.00884	0.01164	0.00757	0.00568	0.00691	0.00166	0.13456	0.00424	0.00266	0.00720
18	0.01493	0.00904	0.05133	0.00863	0.01208	0.00721	0.00724	0.01780	0.04068	0.30411	0.17928	0.07383	0.02138	0.00760	0.00531	0.00151	0.00399	0.00643	0.04150	0.18612
19	0.00901	0.00642	0.00725	0.00654	0.00753	0.00613	0.00412	0.04875	0.00927	0.01279	0.01552	0.03009	0.01711	0.63886	0.02240	0.00430	0.00504	0.00691	0.00335	0.13861
20	0.01607	0.01358	0.06128	0.17364	0.02148	0.01372	0.07900	0.39106	0.01846	0.05721	0.01276	0.04943	0.00981	0.00632	0.00543	0.00165	0.00628	0.00531	0.00426	0.05325

[dist]
# distance from previous block
# <min> <max>
0	1

[block]
# block no. 4 follows, 45 sequences, length 19
# corresponding to MSA columns:
# 265-283
name=unknown_E
#
# <colnr> <probs for GDERKNQSTAVLIFYWHMCP>
#	G	D	E	R	K	N	Q	S	T	A	V	L	I	F	Y	W	H	M	C	P
0	0.01245	0.09578	0.04497	0.00915	0.01225	0.00982	0.00765	0.04656	0.06596	0.08076	0.03345	0.06421	0.01199	0.00869	0.00855	0.15192	0.06388	0.00497	0.00357	0.26341
1	0.05452	0.14184	0.02865	0.01161	0.05135	0.01492	0.00933	0.41094	0.03611	0.04810	0.02699	0.02698	0.01064	0.03147	0.00557	0.00163	0.00540	0.00480	0.05585	0.02329
2	0.01352	0.59405	0.14323	0.00993	0.01466	0.01797	0.01040	0.01580	0.01110	0.03521	0.04266	0.01109	0.00913	0.00570	0.00474	0.04207	0.00585	0.00351	0.00258	0.00681
3	0.00656	0.00474	0.00621	0.00733	0.00776	0.00439	0.00493	0.00757	0.01055	0.01400	0.05451	0.73732	0.08142	0.01644	0.00680	0.00214	0.00307	0.01484	0.00501	0.00439
4	0.00670	0.00488	0.00604	0.00689	0.00741	0.00451	0.00457	0.00756	0.01024	0.01335	0.03190	0.56474	0.15850	0.13453	0.00981	0.00257	0.00336	0.01348	0.00473	0.00422
5	0.01141	0.00952	0.01222	0.08519	0.01543	0.00780	0.03863	0.01400	0.01128	0.03866	0.01031	0.01221	0.00831	0.00432	0.00424	0.00098	0.00444	0.00362	0.04354	0.66390
6	0.12499	0.01042	0.01177	0.00930	0.01311	0.01026	0.00755	0.18993	0.05216	0.26001	0.03321	0.03780	0.01210	0.00631	0.00485	0.00150	0.00451	0.00495	0.04784	0.15744
7	0.01064	0.00607	0.00793	0.00734	0.00906	0.00547	0.00554	0.01270	0.01412	0.17300	0.43251	0.17379	0.09789	0.01135	0.00624	0.00178	0.00306	0.00996	0.00582	0.00572
8	0.01361	0.01238	0.05694	0.25938	0.07928	0.01199	0.27582	0.05300	0.01288	0.11788	0.01208	0.01485	0.00876	0.00527	0.00563	0.00173	0.00721	0.00538	0.03869	0.00721
9	0.01477	0.03027	0.12154	0.03647	0.01426	0.03108	0.00921	0.13024	0.01443	0.22537	0.04940	0.22346	0.03414	0.03225	0.00635	0.00188	0.00503	0.00790	0.00488	0.00706
10	0.00654	0.00467	0.00623	0.00747	0.00779	0.00436	0.00498	0.00747	0.01028	0.01370	0.02959	0.80785	0.03550	0.01682	0.00685	0.00218	0.00311	0.01526	0.00498	0.00436
11	0.01174	0.01174	0.01644	0.01409	0.01409	0.01644	0.01174	0.01292	0.00822	0.01292	0.00705	0.01174	0.00705	0.00940	0.01762	0.00235	0.80153	0.00470	0.00235	0.00587
12	0.05431	0.67882	0.02546	0.00945	0.01383	0.07797	0.00905	0.01695	0.01136	0.05024	0.00819	0.00916	0.00715	0.00478	0.00364	0.00121	0.00591	0.00304	0.00259	0.00690
13	0.11340	0.01825	0.01442	0.15275	0.01917	0.38900	0.01047	0.14253	0.01509	0.01816	0.00942	0.01128	0.00740	0.00571	0.00515	0.00155	0.02849	0.00394	0.02724	0.00657
14	0.00653	0.00471	0.00619	0.00737	0.00776	0.00437	0.00494	0.00749	0.01038	0.01374	0.03085	0.76919	0.07334	0.01665	0.00683	0.00216	0.00309	0.01506	0.00498	0.00437
15	0.01047	0.00656	0.00812	0.05599	0.01067	0.00604	0.00586	0.03126	0.01352	0.15359	0.21992	0.08550	0.32694	0.03316	0.00669	0.00186	0.00345	0.00944	0.00531	0.00565
16	0.00771	0.00635	0.00768	0.00810	0.00898	0.04304	0.03045	0.00927	0.02876	0.01460	0.08983	0.55236	0.09742	0.04816	0.00749	0.00218	0.00369	0.02443	0.00481	0.00468
17	0.00744	0.00515	0.00643	0.00677	0.00702	0.00523	0.00431	0.00802	0.00862	0.01166	0.01995	0.24438	0.02286	0.46304	0.15101	0.00496	0.00619	0.00950	0.00366	0.00382
18	0.01352	0.07911	0.54633	0.01429	0.02116	0.01234	0.06229	0.01858	0.01211	0.15332	0.01162	0.01257	0.00805	0.00530	0.00511	0.00166	0.00725	0.00429	0.00308	0.00803

[dist]
# distance from previous block
# <min> <max>
1	4

[block]
# block no. 5 follows, 45 sequences, length 42
# corresponding to MSA columns:
# 288-329
name=unknown_F
#
# <colnr> <probs for GDERKNQSTAVLIFYWHMCP>
#	G	D	E	R	K	N	Q	S	T	A	V	L	I	F	Y	W	H	M	C	P
0	0.01542	0.01297	0.03985	0.01078	0.01520	0.02829	0.02971	0.35224	0.03597	0.02475	0.01218	0.04432	0.00974	0.00578	0.00488	0.00132	0.00522	0.00461	0.00425	0.34254
1	0.06441	0.04373	0.01101	0.00861	0.01154	0.07148	0.00683	0.10836	0.03282	0.06623	0.30816	0.02396	0.04639	0.00771	0.00526	0.00146	0.00421	0.00634	0.00476	0.16673
2	0.00659	0.00471	0.00627	0.00744	0.00780	0.00439	0.00499	0.00760	0.01050	0.01406	0.06390	0.77251	0.03620	0.01655	0.00683	0.00216	0.00309	0.01500	0.00503	0.00439
3	0.01360	0.00824	0.01082	0.04967	0.01297	0.00825	0.03304	0.14762	0.01458	0.17748	0.04850	0.26473	0.02195	0.01050	0.00595	0.00187	0.00442	0.07920	0.08010	0.00652
4	0.01735	0.05225	0.01337	0.01030	0.01354	0.03136	0.00828	0.35038	0.02715	0.18149	0.01774	0.16629	0.01535	0.02458	0.02020	0.00189	0.00521	0.00690	0.02867	0.00772
5	0.01180	0.03460	0.42434	0.01314	0.01852	0.01087	0.05823	0.07881	0.01259	0.07282	0.01506	0.18344	0.01376	0.00800	0.00580	0.01440	0.00646	0.00670	0.00346	0.00721
6	0.00999	0.00616	0.00712	0.00648	0.00864	0.00528	0.00500	0.01172	0.01342	0.16273	0.19021	0.04299	0.48669	0.01175	0.00616	0.00176	0.00304	0.00987	0.00548	0.00552
7	0.02174	0.01008	0.04716	0.00976	0.01384	0.00848	0.00834	0.07719	0.01588	0.62516	0.08742	0.01952	0.01603	0.00695	0.00547	0.00166	0.00463	0.00568	0.00629	0.00872
8	0.14731	0.01512	0.01292	0.01107	0.02826	0.21412	0.00862	0.26870	0.01711	0.10137	0.01225	0.01288	0.00905	0.00595	0.00471	0.00152	0.00605	0.00426	0.11141	0.00732
9	0.00723	0.00481	0.00599	0.00687	0.00747	0.00452	0.00470	0.00855	0.01075	0.01525	0.05704	0.58887	0.06992	0.01441	0.00621	0.00196	0.00295	0.01288	0.16509	0.00452
10	0.00959	0.00504	0.00517	0.00517	0.00618	0.00504	0.00366	0.01161	0.01060	0.01817	0.01740	0.02291	0.01486	0.16037	0.00826	0.00201	0.00302	0.00554	0.68075	0.00467
11	0.01077	0.02777	0.78354	0.01530	0.02323	0.01247	0.01983	0.01700	0.01133	0.01700	0.00963	0.01133	0.00680	0.00510	0.00510	0.00170	0.00793	0.00397	0.00227	0.00793
12	0.01063	0.07637	0.29755	0.01244	0.03739	0.01067	0.05897	0.06430	0.01197	0.01687	0.04741	0.19317	0.01631	0.04395	0.00707	0.01915	0.02465	0.00714	0.03749	0.00649
13	0.01207	0.00557	0.00812	0.00756	0.00840	0.00538	0.00538	0.01079	0.00867	0.15731	0.01183	0.01692	0.01028	0.01738	0.05481	0.64263	0.00511	0.00486	0.00318	0.00375
14	0.00932	0.00466	0.00699	0.00699	0.00699	0.00466	0.00466	0.00699	0.00699	0.00932	0.00932	0.01632	0.00932	0.01865	0.02098	0.84382	0.00466	0.00466	0.00233	0.00233
15	0.01252	0.01197	0.02041	0.21858	0.59820	0.01255	0.01609	0.01580	0.01186	0.01661	0.00996	0.01353	0.00818	0.00492	0.00533	0.00164	0.00657	0.00478	0.00259	0.00789
16	0.05791	0.06411	0.44745	0.03213	0.04623	0.02708	0.04754	0.01883	0.01220	0.17912	0.01189	0.01276	0.00826	0.00537	0.00504	0.00166	0.00691	0.00429	0.00330	0.00793
17	0.21743	0.21333	0.07860	0.01244	0.06645	0.16809	0.04484	0.03282	0.02983	0.07705	0.00965	0.01076	0.00756	0.00518	0.00432	0.00149	0.00638	0.00368	0.00315	0.00696
18	0.01055	0.00570	0.00751	0.00770	0.00883	0.00523	0.00540	0.01167	0.01114	0.17977	0.02615	0.53694	0.02850	0.09802	0.00862	0.00236	0.00363	0.01210	0.02488	0.00529
19	0.02719	0.05017	0.02548	0.00805	0.01189	0.00799	0.00658	0.03167	0.03003	0.02889	0.07939	0.04549	0.03239	0.01980	0.03861	0.00148	0.00444	0.00478	0.03039	0.51531
20	0.68675	0.03968	0.09476	0.02726	0.01255	0.01227	0.00772	0.01572	0.00947	0.02237	0.00793	0.00945	0.00618	0.00586	0.02292	0.00182	0.00495	0.00314	0.00314	0.00606
21	0.01143	0.01116	0.01747	0.56793	0.22027	0.05185	0.01507	0.01480	0.01133	0.01464	0.00962	0.01382	0.00748	0.00523	0.00533	0.00172	0.00709	0.00471	0.00247	0.00661
22	0.01114	0.11033	0.70427	0.01466	0.02224	0.01339	0.01872	0.01690	0.01129	0.01654	0.00941	0.01105	0.00681	0.00505	0.00493	0.00164	0.00770	0.00385	0.00227	0.00782
23	0.01727	0.04549	0.01378	0.01092	0.01435	0.05245	0.02540	0.20186	0.21068	0.20352	0.03035	0.03711	0.01495	0.00755	0.00550	0.00173	0.00515	0.06942	0.02446	0.00806
24	0.00665	0.00474	0.00629	0.00738	0.00775	0.00443	0.00495	0.00767	0.01057	0.01419	0.08315	0.73296	0.03620	0.03633	0.00733	0.00222	0.00312	0.01467	0.00501	0.00438
25	0.00671	0.00548	0.00594	0.00590	0.00758	0.00471	0.00448	0.00836	0.01287	0.01606	0.20608	0.04958	0.59068	0.01309	0.00639	0.00181	0.00277	0.04166	0.00518	0.00466
26	0.02020	0.01342	0.01491	0.01152	0.01572	0.01433	0.00947	0.53406	0.07769	0.17545	0.01500	0.01437	0.01041	0.00644	0.00532	0.00160	0.00545	0.00496	0.00553	0.04415
27	0.01221	0.01374	0.02975	0.02148	0.02652	0.01288	0.70139	0.01646	0.01249	0.01693	0.01228	0.07448	0.01021	0.00545	0.00637	0.00184	0.00860	0.00701	0.00289	0.00702
28	0.01700	0.01195	0.01304	0.01067	0.01402	0.01307	0.00850	0.37290	0.22114	0.10297	0.01710	0.03704	0.01321	0.07140	0.00711	0.00196	0.00503	0.00572	0.04802	0.00816
29	0.00663	0.00481	0.00628	0.00738	0.00787	0.00446	0.00504	0.00771	0.01066	0.01411	0.05692	0.69929	0.09183	0.01631	0.00681	0.00215	0.00313	0.03920	0.00501	0.00442
30	0.01161	0.00953	0.01118	0.00801	0.01276	0.00718	0.00642	0.01399	0.01129	0.04583	0.00997	0.01140	0.00815	0.00407	0.00403	0.00083	0.00400	0.00326	0.00331	0.81320
31	0.00771	0.00537	0.00677	0.00680	0.00715	0.00564	0.00444	0.00843	0.00842	0.01156	0.04467	0.05696	0.01933	0.51697	0.26126	0.00603	0.00787	0.00749	0.00329	0.00383
32	0.00663	0.00475	0.00623	0.00738	0.00775	0.00444	0.00495	0.00757	0.01028	0.01364	0.02994	0.73232	0.06218	0.05071	0.00772	0.00230	0.00322	0.02877	0.00491	0.00433
33	0.00689	0.00490	0.00640	0.00716	0.00765	0.00459	0.00483	0.00808	0.01111	0.01509	0.19030	0.56689	0.03726	0.09183	0.00870	0.00236	0.00319	0.01334	0.00502	0.00441
34	0.02084	0.01434	0.01568	0.01202	0.01630	0.01562	0.00993	0.67387	0.02408	0.12156	0.01386	0.01352	0.00962	0.00647	0.00537	0.00162	0.00575	0.00490	0.00552	0.00913
35	0.01107	0.01131	0.05615	0.41974	0.21692	0.01171	0.06969	0.02969	0.01159	0.01557	0.01173	0.06863	0.01016	0.00620	0.00557	0.00178	0.00678	0.02621	0.00278	0.00672
36	0.02163	0.01307	0.01489	0.01142	0.01567	0.01373	0.00943	0.51554	0.02195	0.28290	0.01565	0.01468	0.01051	0.00651	0.00538	0.00163	0.00546	0.00502	0.00579	0.00913
37	0.00654	0.00467	0.00623	0.00747	0.00779	0.00436	0.00498	0.00747	0.01028	0.01370	0.02959	0.80785	0.03550	0.01682	0.00685	0.00218	0.00311	0.01526	0.00498	0.00436
38	0.01431	0.01200	0.01267	0.01112	0.01432	0.01380	0.00873	0.12745	0.66769	0.02399	0.02064	0.01906	0.01540	0.00717	0.00545	0.00179	0.00447	0.00590	0.00545	0.00858
39	0.01067	0.00903	0.02641	0.00988	0.01153	0.04121	0.04494	0.15185	0.01342	0.01802	0.02265	0.44987	0.04496	0.01237	0.00703	0.00197	0.06138	0.01073	0.04640	0.00571
40	0.31093	0.01257	0.01549	0.07308	0.36385	0.07176	0.01171	0.03292	0.01152	0.01968	0.00920	0.01158	0.00746	0.00502	0.00454	0.00161	0.00580	0.00402	0.02010	0.00714
41	0.01419	0.01273	0.01988	0.13984	0.52488	0.01338	0.01505	0.15840	0.01450	0.02010	0.01055	0.01336	0.00843	0.00519	0.00533	0.00163	0.00640	0.00479	0.00314	0.00825

[dist]
# distance from previous block
# <min> <max>
0	3

[block]
# block no. 6 follows, 45 sequences, length 20
# corresponding to MSA columns:
# 333-352
name=unknown_G
#
# <colnr> <probs for GDERKNQSTAVLIFYWHMCP>
#	G	D	E	R	K	N	Q	S	T	A	V	L	I	F	Y	W	H	M	C	P
0	0.01264	0.01210	0.02063	0.18932	0.62652	0.01258	0.01615	0.01591	0.01192	0.01676	0.00998	0.01350	0.00823	0.00490	0.00532	0.00163	0.00654	0.00478	0.00260	0.00798
1	0.01214	0.00917	0.01009	0.00848	0.01122	0.05426	0.00661	0.08771	0.06509	0.08938	0.35398	0.03973	0.04326	0.00829	0.00553	0.00150	0.00390	0.00702	0.00511	0.17751
2	0.01258	0.58439	0.02232	0.00880	0.01238	0.03180	0.00821	0.01434	0.01131	0.01379	0.10192	0.08049	0.01495	0.00860	0.05238	0.00176	0.00574	0.00492	0.00300	0.00632
3	0.00727	0.00528	0.00685	0.00687	0.00792	0.00486	0.00500	0.00934	0.01380	0.01920	0.55072	0.23608	0.08157	0.01259	0.00646	0.00182	0.00269	0.01120	0.00563	0.00486
4	0.03606	0.01079	0.01659	0.30511	0.02307	0.01402	0.05706	0.01336	0.00952	0.01383	0.00904	0.04190	0.00816	0.00775	0.01158	0.00208	0.40649	0.00516	0.00251	0.00593
5	0.01038	0.00979	0.01655	0.73825	0.09524	0.01199	0.01503	0.01393	0.01085	0.01402	0.00958	0.01423	0.00726	0.00532	0.00536	0.00177	0.00709	0.00477	0.00241	0.00616
6	0.00792	0.00543	0.00709	0.00698	0.00815	0.00499	0.00512	0.01002	0.01397	0.04730	0.55169	0.21772	0.06878	0.01225	0.00642	0.00181	0.00275	0.01089	0.00569	0.00503
7	0.00791	0.00570	0.00796	0.00799	0.00875	0.00644	0.00597	0.00949	0.00882	0.01286	0.01591	0.07958	0.01578	0.15104	0.53397	0.00688	0.03299	0.00666	0.07073	0.00458
8	0.01871	0.01010	0.04570	0.01013	0.01370	0.00905	0.00868	0.11775	0.05906	0.42910	0.05192	0.04649	0.01767	0.00839	0.00579	0.00181	0.00481	0.12720	0.00586	0.00806
9	0.00683	0.00486	0.00645	0.00759	0.00799	0.00459	0.00522	0.00790	0.01048	0.01398	0.05102	0.67817	0.03472	0.05745	0.00794	0.00235	0.00337	0.07980	0.00492	0.00438
10	0.01039	0.00980	0.01656	0.73662	0.09682	0.01199	0.01503	0.01394	0.01085	0.01402	0.00959	0.01423	0.00726	0.00532	0.00536	0.00177	0.00709	0.00477	0.00241	0.00617
11	0.01160	0.19795	0.57344	0.01390	0.02063	0.01461	0.01703	0.01655	0.01105	0.01581	0.00901	0.01077	0.00683	0.00525	0.00549	0.00162	0.05483	0.00377	0.00228	0.00758
12	0.02322	0.00933	0.01243	0.00966	0.01372	0.00833	0.00794	0.02635	0.07617	0.72027	0.02123	0.01841	0.01354	0.00670	0.00540	0.00167	0.00454	0.00545	0.00655	0.00908
13	0.00733	0.00500	0.00599	0.00646	0.00658	0.00489	0.00390	0.00768	0.00873	0.01164	0.02166	0.32453	0.02550	0.51378	0.01965	0.00407	0.00442	0.01060	0.00390	0.00367
14	0.04104	0.01174	0.01242	0.01042	0.01376	0.06557	0.00829	0.10949	0.27900	0.17024	0.01739	0.04195	0.01330	0.00695	0.00568	0.00163	0.03699	0.01845	0.02032	0.11536
15	0.00735	0.00508	0.00643	0.00731	0.00778	0.00488	0.00490	0.03215	0.01058	0.01445	0.02698	0.65262	0.03160	0.09449	0.00862	0.00240	0.00337	0.01349	0.06107	0.00445
16	0.00739	0.00503	0.00598	0.00638	0.00649	0.00493	0.00382	0.00770	0.00862	0.01149	0.02106	0.28807	0.02475	0.55126	0.02062	0.00421	0.00452	0.01025	0.00382	0.00362
17	0.01435	0.81458	0.02813	0.00918	0.01378	0.02124	0.00918	0.01607	0.01091	0.01263	0.00746	0.00861	0.00689	0.00459	0.00344	0.00115	0.00574	0.00287	0.00230	0.00689
18	0.00776	0.00538	0.00676	0.00676	0.00707	0.00569	0.00438	0.00838	0.00807	0.01108	0.01609	0.03056	0.01753	0.56061	0.27535	0.00632	0.00819	0.00714	0.00313	0.00375
19	0.01125	0.19376	0.40271	0.01213	0.01755	0.01311	0.01386	0.01637	0.07506	0.01628	0.05359	0.01842	0.01271	0.05441	0.00635	0.00186	0.00645	0.06404	0.00301	0.00708

[dist]
# distance from previous block
# <min> <max>
1	2

[block]
# block no. 7 follows, 45 sequences, length 52
# corresponding to MSA columns:
# 358-409
name=unknown_H
#
# <colnr> <probs for GDERKNQSTAVLIFYWHMCP>
#	G	D	E	R	K	N	Q	S	T	A	V	L	I	F	Y	W	H	M	C	P
0	0.01182	0.15838	0.56484	0.01469	0.02164	0.03575	0.07225	0.01720	0.02606	0.01628	0.00956	0.01123	0.00710	0.00503	0.00491	0.00161	0.00763	0.00398	0.00238	0.00767
1	0.02041	0.01504	0.01611	0.01235	0.01665	0.01665	0.01020	0.75997	0.02524	0.03383	0.01289	0.01289	0.00913	0.00644	0.00537	0.00161	0.00591	0.00483	0.00537	0.00913
2	0.00634	0.00544	0.00544	0.00544	0.00725	0.00453	0.00408	0.00770	0.01224	0.01450	0.05438	0.05166	0.77569	0.01359	0.00634	0.00181	0.00272	0.01133	0.00498	0.00453
3	0.02969	0.07905	0.55444	0.01430	0.02104	0.01340	0.04395	0.11315	0.01300	0.01884	0.01011	0.01182	0.00742	0.00672	0.03866	0.00195	0.00776	0.00414	0.00274	0.00781
4	0.01435	0.81458	0.02813	0.00918	0.01378	0.02124	0.00918	0.01607	0.01091	0.01263	0.00746	0.00861	0.00689	0.00459	0.00344	0.00115	0.00574	0.00287	0.00230	0.00689
5	0.00695	0.00490	0.00638	0.00741	0.00775	0.00467	0.00501	0.00786	0.01004	0.01334	0.02729	0.60784	0.03233	0.15393	0.01044	0.00273	0.00364	0.07861	0.00468	0.00422
6	0.01249	0.01191	0.02026	0.20235	0.59771	0.01244	0.01597	0.01575	0.01189	0.01666	0.01035	0.01448	0.00866	0.00512	0.00537	0.00166	0.00652	0.01992	0.00264	0.00787
7	0.00924	0.00806	0.01062	0.04351	0.01228	0.04437	0.03600	0.01128	0.03001	0.01472	0.04998	0.31518	0.02555	0.02648	0.00902	0.00224	0.14589	0.19618	0.00423	0.00515
8	0.00659	0.00469	0.00621	0.00741	0.00770	0.00440	0.00491	0.00749	0.01017	0.01356	0.02905	0.77526	0.03483	0.05033	0.00771	0.00231	0.00320	0.01495	0.00491	0.00431
9	0.00669	0.00482	0.00638	0.00756	0.00801	0.00451	0.00522	0.00776	0.01053	0.01392	0.03070	0.71398	0.07114	0.01651	0.00687	0.00218	0.00323	0.07058	0.00498	0.00441
10	0.00742	0.00581	0.00690	0.00739	0.00863	0.01892	0.00570	0.00917	0.01239	0.01594	0.17104	0.22902	0.27452	0.01404	0.00670	0.00203	0.00345	0.19110	0.00510	0.00472
11	0.01014	0.00954	0.01610	0.79845	0.03697	0.01193	0.01491	0.01371	0.01073	0.01371	0.00954	0.01431	0.00716	0.00537	0.00537	0.00179	0.00716	0.00477	0.00239	0.00596
12	0.01023	0.00543	0.00547	0.00539	0.00676	0.00555	0.00406	0.01356	0.06093	0.02017	0.01780	0.02001	0.01393	0.00632	0.00386	0.00129	0.00262	0.00507	0.78631	0.00523
13	0.00757	0.00543	0.00695	0.00677	0.00777	0.00514	0.00490	0.00951	0.01318	0.01838	0.52244	0.07985	0.06810	0.15104	0.04308	0.00264	0.00361	0.03374	0.00521	0.00468
14	0.00748	0.00561	0.00626	0.00601	0.00776	0.00484	0.00454	0.00922	0.01326	0.04948	0.26963	0.04675	0.52503	0.01251	0.00630	0.00177	0.00274	0.01059	0.00533	0.00489
15	0.01838	0.03144	0.07472	0.01201	0.01626	0.04160	0.01036	0.44009	0.17896	0.09785	0.01501	0.01457	0.01074	0.00647	0.00531	0.00165	0.00572	0.00499	0.00511	0.00876
16	0.01113	0.00954	0.01113	0.00795	0.01272	0.00716	0.00636	0.01352	0.01113	0.01749	0.00954	0.01113	0.00795	0.00398	0.00398	0.00080	0.00398	0.00318	0.00318	0.84417
17	0.00815	0.00560	0.00791	0.00830	0.00909	0.00539	0.03007	0.00939	0.01093	0.06469	0.07620	0.65052	0.03308	0.01509	0.00710	0.00211	0.03296	0.01357	0.00498	0.00487
18	0.00772	0.00555	0.00762	0.00762	0.00823	0.00616	0.00546	0.00894	0.00833	0.01172	0.01530	0.02618	0.01563	0.32012	0.51324	0.00738	0.01105	0.00650	0.00301	0.00423
19	0.00661	0.00472	0.00629	0.00743	0.00780	0.00441	0.00499	0.00765	0.01060	0.01422	0.07854	0.75743	0.03650	0.01643	0.00682	0.00215	0.00308	0.01490	0.00504	0.00441
20	0.01308	0.01254	0.02141	0.08318	0.72925	0.01270	0.01637	0.01629	0.01212	0.01729	0.01006	0.01335	0.00841	0.00482	0.00532	0.00161	0.00643	0.00478	0.00264	0.00834
21	0.01591	0.01084	0.01222	0.01059	0.01383	0.01180	0.00844	0.08840	0.47565	0.19123	0.03762	0.02197	0.01672	0.00762	0.00558	0.00180	0.00447	0.05124	0.00569	0.00840
22	0.01145	0.12909	0.60929	0.01559	0.04836	0.01369	0.06679	0.01687	0.01140	0.01646	0.00945	0.01125	0.00696	0.00498	0.00497	0.00163	0.00767	0.00401	0.00231	0.00777
23	0.01253	0.40853	0.36613	0.01185	0.01795	0.01638	0.01378	0.01632	0.01111	0.01491	0.00857	0.01000	0.00692	0.00478	0.00422	0.00137	0.00661	0.00338	0.00234	0.06230
24	0.84927	0.01038	0.00789	0.00706	0.01038	0.01204	0.00581	0.01578	0.00914	0.02408	0.00747	0.00872	0.00581	0.00498	0.00332	0.00166	0.00415	0.00291	0.00332	0.00581
25	0.01091	0.01057	0.01865	0.59431	0.15471	0.01223	0.09329	0.01452	0.01118	0.01469	0.00977	0.01416	0.00748	0.00518	0.00546	0.00176	0.00723	0.00494	0.00246	0.00650
26	0.01203	0.01125	0.01875	0.33760	0.42703	0.01225	0.01521	0.04070	0.01200	0.01643	0.01068	0.04269	0.00897	0.00551	0.00539	0.00169	0.00655	0.00516	0.00273	0.00736
27	0.00768	0.00515	0.00589	0.00601	0.00605	0.00512	0.00342	0.00777	0.00805	0.01073	0.01816	0.11144	0.02109	0.73289	0.02530	0.00491	0.00500	0.00854	0.00342	0.00336
28	0.00679	0.00514	0.00626	0.00665	0.00769	0.00462	0.00473	0.00831	0.01229	0.01621	0.25246	0.35551	0.26557	0.01415	0.00655	0.00193	0.00283	0.01246	0.00525	0.00462
29	0.02253	0.01053	0.01321	0.01018	0.01426	0.01006	0.00839	0.21608	0.01792	0.55971	0.04655	0.01767	0.01357	0.00675	0.00542	0.00165	0.00484	0.00541	0.00629	0.00898
30	0.00758	0.00516	0.00614	0.00636	0.00649	0.00518	0.00383	0.00789	0.00830	0.01114	0.01890	0.16751	0.02178	0.61156	0.08560	0.00496	0.00559	0.00893	0.00352	0.00357
31	0.00991	0.00692	0.00845	0.00840	0.01000	0.00698	0.00635	0.01459	0.17947	0.08031	0.18185	0.29186	0.07222	0.01229	0.00635	0.00197	0.00353	0.08724	0.00541	0.00588
32	0.00751	0.00506	0.00598	0.00631	0.00647	0.00496	0.00380	0.00792	0.00883	0.01194	0.04657	0.24704	0.02483	0.54506	0.02038	0.00415	0.00447	0.00985	0.02521	0.00366
33	0.72087	0.01081	0.04071	0.00748	0.01085	0.01159	0.00643	0.03475	0.01009	0.02379	0.05827	0.01122	0.00904	0.00544	0.00366	0.00166	0.00422	0.00349	0.01971	0.00592
34	0.00672	0.00481	0.00639	0.00735	0.00783	0.00448	0.00500	0.00793	0.01113	0.01505	0.15840	0.67518	0.03812	0.01581	0.00676	0.00210	0.00301	0.01430	0.00514	0.00448
35	0.01987	0.07984	0.01689	0.01237	0.01641	0.15596	0.01015	0.56871	0.02231	0.02844	0.01164	0.01197	0.00855	0.00613	0.00512	0.00153	0.00657	0.00443	0.00466	0.00843
36	0.11502	0.02805	0.19004	0.13981	0.03956	0.03296	0.01143	0.03619	0.04364	0.03254	0.07177	0.07916	0.04152	0.00730	0.00560	0.00171	0.03192	0.02681	0.00348	0.06148
37	0.15693	0.01360	0.04366	0.01883	0.02376	0.01279	0.56409	0.01651	0.01190	0.01827	0.01086	0.04070	0.00865	0.00503	0.00574	0.00177	0.00783	0.00591	0.00290	0.03029
38	0.00674	0.00487	0.00632	0.00726	0.00780	0.00453	0.00497	0.00788	0.01091	0.01453	0.10917	0.62303	0.09120	0.04407	0.00750	0.00222	0.00315	0.03442	0.00502	0.00442
39	0.05339	0.00667	0.00839	0.00828	0.00991	0.00648	0.00631	0.03633	0.04637	0.14233	0.16488	0.33830	0.03092	0.01246	0.00630	0.00198	0.00367	0.10590	0.00537	0.00575
40	0.01263	0.01208	0.02060	0.19317	0.62279	0.01258	0.01615	0.01590	0.01191	0.01674	0.00998	0.01350	0.00822	0.00491	0.00533	0.00164	0.00654	0.00478	0.00260	0.00797
41	0.01208	0.06084	0.66948	0.01461	0.02201	0.01294	0.01826	0.06559	0.01238	0.04858	0.01021	0.01159	0.00722	0.00523	0.00506	0.00167	0.00757	0.00403	0.00265	0.00801
42	0.27823	0.00855	0.00935	0.00809	0.01100	0.00862	0.00648	0.04793	0.01292	0.27613	0.10293	0.11120	0.03272	0.00812	0.00503	0.00173	0.00400	0.02548	0.03478	0.00673
43	0.00673	0.00475	0.00628	0.00734	0.00777	0.00444	0.00496	0.00785	0.01075	0.01458	0.09723	0.71737	0.03632	0.01601	0.00672	0.00211	0.00305	0.01449	0.02682	0.00444
44	0.01959	0.01187	0.14499	0.01017	0.01459	0.00830	0.00958	0.02245	0.01464	0.54839	0.11944	0.01997	0.01714	0.00695	0.00547	0.00167	0.00488	0.00572	0.00579	0.00839
45	0.00764	0.00554	0.00733	0.00818	0.00916	0.00530	0.00645	0.00947	0.01195	0.01574	0.13043	0.27452	0.10724	0.04430	0.00774	0.00232	0.00388	0.33312	0.00502	0.00469
46	0.00689	0.00546	0.00625	0.00642	0.00791	0.00482	0.00490	0.00859	0.01270	0.01612	0.20466	0.12401	0.46281	0.01348	0.00651	0.00190	0.00297	0.09376	0.00518	0.00468
47	0.01158	0.01101	0.01871	0.44780	0.37635	0.01231	0.01563	0.01498	0.01142	0.01547	0.00980	0.01384	0.00777	0.00510	0.00534	0.00170	0.00680	0.00478	0.00251	0.00713
48	0.02162	0.01309	0.01490	0.01143	0.01567	0.01375	0.00944	0.51766	0.02198	0.28074	0.01562	0.01467	0.01050	0.00651	0.00538	0.00163	0.00546	0.00502	0.00579	0.00913
49	0.01267	0.01448	0.03167	0.02262	0.02805	0.01357	0.75837	0.01719	0.01267	0.01719	0.01086	0.01448	0.00814	0.00452	0.00633	0.00181	0.00905	0.00633	0.00271	0.00724
50	0.00654	0.00541	0.00572	0.00572	0.00739	0.00460	0.00426	0.00805	0.01258	0.01549	0.15834	0.08237	0.63832	0.01335	0.00636	0.00181	0.00271	0.01126	0.00512	0.00460
51	0.12030	0.00959	0.01062	0.00804	0.01219	0.00822	0.00642	0.06572	0.01216	0.01972	0.07076	0.03358	0.01185	0.00516	0.00425	0.00107	0.00400	0.00409	0.00361	0.58865

[dist]
# distance from previous block
# <min> <max>
0	2

[block]
# block no. 8 follows, 45 sequences, length 20
# corresponding to MSA columns:
# 412-431
name=unknown_I
#
# <colnr> <probs for GDERKNQSTAVLIFYWHMCP>
#	G	D	E	R	K	N	Q	S	T	A	V	L	I	F	Y	W	H	M	C	P
0	0.11342	0.00631	0.00715	0.05823	0.00905	0.00676	0.00482	0.00984	0.02897	0.01302	0.01609	0.08248	0.01762	0.53110	0.07029	0.00446	0.00562	0.00733	0.00336	0.00407
1	0.68004	0.01213	0.09781	0.00811	0.01192	0.01161	0.00750	0.01616	0.00992	0.05741	0.04017	0.01076	0.00812	0.00532	0.00375	0.00167	0.00454	0.00342	0.00346	0.00618
2	0.01187	0.01158	0.01727	0.55039	0.19563	0.06924	0.01477	0.03810	0.01184	0.01513	0.00967	0.01371	0.00749	0.00529	0.00532	0.00171	0.00713	0.00468	0.00256	0.00663
3	0.01269	0.01214	0.02070	0.17886	0.63664	0.01260	0.01618	0.01595	0.01194	0.01681	0.00999	0.01348	0.00825	0.00489	0.00532	0.00163	0.00653	0.00478	0.00261	0.00802
4	0.02111	0.01391	0.01541	0.01182	0.01609	0.01498	0.00976	0.62009	0.02336	0.17636	0.01447	0.01391	0.00992	0.00648	0.00538	0.00162	0.00565	0.00494	0.00561	0.00913
5	0.01126	0.00676	0.00872	0.00834	0.01032	0.00638	0.00679	0.01432	0.06006	0.16393	0.26894	0.04237	0.12444	0.01142	0.00643	0.00195	0.00378	0.23224	0.00561	0.00595
6	0.00717	0.00515	0.00671	0.00753	0.00812	0.00488	0.00517	0.03353	0.01152	0.01556	0.14020	0.66623	0.03686	0.01559	0.00672	0.00209	0.00312	0.01408	0.00513	0.00463
7	0.01061	0.12073	0.54222	0.01292	0.01916	0.01214	0.01570	0.01558	0.01202	0.01732	0.15526	0.01648	0.01517	0.00616	0.00513	0.00163	0.00663	0.00493	0.00296	0.00726
8	0.19769	0.00950	0.01148	0.00909	0.01301	0.00901	0.00748	0.02407	0.04708	0.58848	0.01832	0.01633	0.01185	0.00632	0.00496	0.00167	0.00447	0.00490	0.00589	0.00841
9	0.00769	0.00566	0.00816	0.00816	0.00895	0.00645	0.00612	0.00928	0.00849	0.01211	0.01481	0.02347	0.01446	0.17126	0.66050	0.00805	0.01282	0.00610	0.00294	0.00453
10	0.67115	0.01054	0.00914	0.00780	0.01131	0.01179	0.00643	0.07177	0.01120	0.13257	0.00982	0.01038	0.00712	0.00533	0.00377	0.00166	0.00434	0.00340	0.00394	0.00653
11	0.08518	0.27190	0.40273	0.01245	0.03607	0.01466	0.01409	0.01609	0.01131	0.01659	0.06484	0.01240	0.00999	0.00535	0.00452	0.00152	0.00648	0.00397	0.00264	0.00722
12	0.00686	0.00546	0.00615	0.00597	0.00756	0.00475	0.00448	0.00869	0.01344	0.01737	0.34821	0.04695	0.48007	0.01253	0.00634	0.00176	0.00264	0.01067	0.00536	0.00475
13	0.00737	0.00515	0.00671	0.00711	0.00799	0.00474	0.00503	0.00900	0.01248	0.03545	0.32780	0.43445	0.08855	0.01404	0.00658	0.00195	0.00289	0.01256	0.00539	0.00477
14	0.00780	0.00525	0.00607	0.00607	0.00614	0.00532	0.00352	0.00794	0.00787	0.01057	0.01672	0.03404	0.01904	0.75164	0.08639	0.00547	0.00591	0.00765	0.00322	0.00337
15	0.01064	0.01019	0.01737	0.64891	0.10904	0.01231	0.04752	0.01410	0.01084	0.01421	0.00953	0.01409	0.00733	0.00547	0.00602	0.00180	0.04711	0.00484	0.00242	0.00627
16	0.07264	0.00909	0.01188	0.00926	0.01316	0.00815	0.00761	0.04246	0.01522	0.66169	0.07537	0.01916	0.01547	0.00686	0.00534	0.00166	0.00443	0.00555	0.00636	0.00864
17	0.00932	0.00466	0.00699	0.00699	0.00699	0.00466	0.00466	0.00699	0.00699	0.00932	0.00932	0.01632	0.00932	0.01865	0.02098	0.84382	0.00466	0.00466	0.00233	0.00233
18	0.01314	0.01284	0.02159	0.09848	0.66241	0.03024	0.04983	0.01638	0.01218	0.01709	0.01004	0.01335	0.00833	0.00484	0.00535	0.00162	0.00664	0.00482	0.00264	0.00817
19	0.19881	0.16582	0.10065	0.01023	0.01406	0.02659	0.00931	0.05439	0.01331	0.16826	0.11912	0.03184	0.01560	0.00724	0.00564	0.00179	0.04023	0.00521	0.00443	0.00746

[dist]
# distance from previous block
# <min> <max>
0	9

[block]
# block no. 9 follows, 45 sequences, length 57
# corresponding to MSA columns:
# 442-498
name=unknown_J
#
# <colnr> <probs for GDERKNQSTAVLIFYWHMCP>
#	G	D	E	R	K	N	Q	S	T	A	V	L	I	F	Y	W	H	M	C	P
0	0.03215	0.20194	0.13661	0.01020	0.02983	0.02497	0.00933	0.09099	0.01245	0.01681	0.11251	0.09311	0.01713	0.02287	0.00791	0.13035	0.00527	0.03608	0.00351	0.00597
1	0.01171	0.00811	0.00945	0.00869	0.01060	0.00840	0.00665	0.20542	0.05143	0.04624	0.16066	0.25962	0.02705	0.03053	0.00648	0.00191	0.00392	0.04946	0.08752	0.00615
2	0.01128	0.01058	0.01761	0.39222	0.34457	0.01174	0.01460	0.01487	0.03542	0.01559	0.01169	0.07457	0.01018	0.00606	0.00546	0.00174	0.00643	0.00562	0.00280	0.00699
3	0.21874	0.16716	0.17480	0.03930	0.02854	0.03806	0.01092	0.07211	0.03379	0.03158	0.01010	0.03655	0.00841	0.00742	0.03961	0.00194	0.06691	0.00417	0.00308	0.00682
4	0.01084	0.08006	0.68954	0.01441	0.02175	0.01266	0.01830	0.01656	0.01152	0.01695	0.05150	0.01273	0.00921	0.00539	0.00505	0.00166	0.00749	0.00421	0.00247	0.00770
5	0.00649	0.00544	0.00563	0.00559	0.00734	0.00459	0.00419	0.00798	0.01257	0.01529	0.13562	0.05036	0.69395	0.01330	0.00634	0.00180	0.00270	0.01115	0.00509	0.00459
6	0.13898	0.04907	0.64203	0.01385	0.02098	0.01267	0.01737	0.01678	0.01098	0.01795	0.00924	0.01085	0.00665	0.00507	0.00478	0.00168	0.00729	0.00377	0.00243	0.00758
7	0.02896	0.25853	0.15423	0.01177	0.01589	0.28603	0.01106	0.04575	0.01289	0.01465	0.01092	0.01246	0.04096	0.00820	0.06441	0.00195	0.00801	0.00393	0.00275	0.00665
8	0.57748	0.02880	0.02425	0.04263	0.01276	0.04032	0.00719	0.03841	0.06841	0.08983	0.01023	0.01102	0.00762	0.00539	0.00391	0.00165	0.00466	0.00357	0.01537	0.00648
9	0.00795	0.00518	0.00580	0.00582	0.00593	0.00517	0.00333	0.00816	0.00812	0.01121	0.01722	0.05011	0.01941	0.73337	0.02510	0.00484	0.00495	0.00775	0.06718	0.00341
10	0.00658	0.00477	0.00623	0.00738	0.00783	0.00442	0.00500	0.00758	0.01048	0.01382	0.03145	0.73191	0.09183	0.01652	0.00683	0.00216	0.00313	0.03272	0.00498	0.00439
11	0.01253	0.01418	0.03085	0.02217	0.02745	0.01331	0.73155	0.01698	0.01266	0.01715	0.01149	0.01613	0.00896	0.00489	0.00637	0.00183	0.00890	0.03264	0.00279	0.00716
