[name]
unknown

[dist]
# distance from previous block
# <min> <max>
40	181

[block]
# block no. 0 follows, 41 sequences, length 109
# corresponding to MSA columns:
# 204-312
name=unknown_A
#
# <colnr> <probs for GDERKNQSTAVLIFYWHMCP>
#	G	D	E	R	K	N	Q	S	T	A	V	L	I	F	Y	W	H	M	C	P
0	0.07008	0.02957	0.08370	0.07149	0.09077	0.01117	0.02517	0.10438	0.06074	0.03690	0.09218	0.04284	0.07078	0.03922	0.06282	0.00250	0.02141	0.04352	0.00421	0.03655
1	0.02993	0.07569	0.09882	0.04119	0.04340	0.10587	0.02653	0.25681	0.06266	0.04525	0.01333	0.03051	0.01065	0.02708	0.08291	0.00251	0.00772	0.00515	0.00414	0.02986
2	0.04999	0.01762	0.19737	0.05797	0.07145	0.06264	0.06408	0.20376	0.03384	0.05905	0.01639	0.04468	0.06795	0.00713	0.00596	0.00181	0.02034	0.00584	0.00405	0.00806
3	0.08741	0.07080	0.05280	0.05631	0.03172	0.07911	0.01113	0.41360	0.09462	0.02822	0.01299	0.01354	0.00960	0.00645	0.00535	0.00170	0.00647	0.00480	0.00471	0.00868
4	0.07470	0.01371	0.03158	0.01338	0.06912	0.02770	0.01018	0.35187	0.15968	0.04646	0.03457	0.07293	0.01458	0.00784	0.00573	0.00181	0.00557	0.02514	0.00521	0.02825
5	0.04732	0.01373	0.04559	0.02625	0.01609	0.01415	0.00987	0.42009	0.11114	0.06536	0.04924	0.07241	0.05073	0.00814	0.00582	0.00180	0.00549	0.00652	0.00545	0.02480
6	0.12538	0.05641	0.06837	0.02980	0.01729	0.14018	0.01081	0.32958	0.12215	0.02656	0.01291	0.01335	0.00963	0.00641	0.00524	0.00170	0.00663	0.00466	0.00454	0.00839
7	0.01337	0.00980	0.01112	0.02698	0.01263	0.01036	0.00753	0.26431	0.07368	0.03955	0.11428	0.18835	0.09093	0.09972	0.00891	0.00233	0.00470	0.00921	0.00538	0.00686
8	0.52222	0.03887	0.12015	0.01154	0.03162	0.04063	0.07533	0.06577	0.01190	0.02370	0.00909	0.01067	0.00694	0.00539	0.00435	0.00176	0.00590	0.00378	0.00340	0.00700
9	0.01567	0.52043	0.16878	0.01161	0.01713	0.02001	0.01214	0.14178	0.01432	0.01821	0.00938	0.01051	0.00773	0.00533	0.00436	0.00142	0.00659	0.00364	0.00300	0.00796
10	0.34927	0.03261	0.03105	0.01043	0.01456	0.06507	0.00876	0.23298	0.01658	0.16931	0.01256	0.01267	0.00889	0.00614	0.00476	0.00172	0.00559	0.00427	0.00476	0.00802
11	0.00913	0.00765	0.00984	0.00968	0.01081	0.05758	0.00752	0.01112	0.00964	0.01334	0.01472	0.02145	0.01370	0.03975	0.70902	0.00854	0.03229	0.00594	0.00304	0.00523
12	0.00788	0.00578	0.00738	0.00711	0.00844	0.00528	0.00528	0.01033	0.01549	0.02157	0.63581	0.09860	0.12485	0.01243	0.00679	0.00185	0.00276	0.01095	0.00612	0.00528
13	0.34627	0.01096	0.01163	0.00929	0.01344	0.01107	0.00765	0.09758	0.01446	0.33212	0.01478	0.01418	0.01005	0.00611	0.00474	0.00168	0.00479	0.00443	0.00522	0.07954
14	0.00714	0.00517	0.00677	0.00786	0.00843	0.00480	0.00541	0.00838	0.01163	0.01547	0.09457	0.65003	0.08942	0.01707	0.00724	0.00226	0.00332	0.04489	0.00539	0.00475
15	0.00827	0.00555	0.00637	0.00641	0.00647	0.00558	0.00367	0.00839	0.00843	0.01129	0.01832	0.05964	0.02104	0.74406	0.05948	0.00560	0.00588	0.00847	0.00350	0.00357
16	0.00783	0.00584	0.00728	0.00692	0.00838	0.00528	0.00519	0.01028	0.01556	0.02144	0.62002	0.04519	0.19517	0.01225	0.00675	0.00183	0.00274	0.01069	0.00610	0.00528
17	0.03628	0.01047	0.01777	0.72085	0.03802	0.01281	0.05435	0.01488	0.01150	0.01515	0.01017	0.01508	0.00764	0.00566	0.00571	0.00190	0.00763	0.00511	0.00259	0.00642
18	0.00895	0.00639	0.00891	0.01022	0.01142	0.00635	0.00874	0.01138	0.01290	0.01681	0.03044	0.15290	0.03351	0.01606	0.00783	0.00260	0.00503	0.63910	0.00527	0.00519
19	0.00697	0.00498	0.00664	0.00796	0.00830	0.00465	0.00531	0.00796	0.01095	0.01460	0.03153	0.79525	0.03783	0.01792	0.00730	0.00232	0.00332	0.01626	0.00531	0.00465
20	0.76538	0.01151	0.00920	0.00803	0.01167	0.01328	0.00662	0.08265	0.01129	0.02660	0.00849	0.00969	0.00651	0.00545	0.00374	0.00177	0.00459	0.00328	0.00374	0.00651
21	0.00705	0.00504	0.00673	0.00806	0.00842	0.00472	0.00545	0.00810	0.01103	0.01469	0.03148	0.76892	0.03765	0.01784	0.00732	0.00233	0.00339	0.04179	0.00531	0.00467
22	0.01546	0.71994	0.02827	0.01011	0.01473	0.07462	0.00978	0.01728	0.01186	0.01349	0.00828	0.00973	0.00759	0.00632	0.03135	0.00153	0.00674	0.00321	0.00250	0.00721
23	0.01883	0.02274	0.01691	0.06284	0.04504	0.54670	0.02462	0.03931	0.01484	0.01481	0.00909	0.01146	0.00767	0.00711	0.02082	0.00181	0.12160	0.00414	0.00293	0.00672
24	0.03607	0.68851	0.02728	0.00957	0.01445	0.02061	0.00934	0.01680	0.01160	0.01438	0.00821	0.00950	0.00744	0.00483	0.00373	0.00119	0.00585	0.00310	0.00259	0.10494
25	0.01337	0.01094	0.04852	0.00931	0.01383	0.00856	0.00780	0.06453	0.01345	0.09234	0.06470	0.03893	0.01337	0.02468	0.00569	0.00130	0.02009	0.00480	0.00410	0.53970
26	0.00893	0.00849	0.06281	0.08341	0.01382	0.00760	0.03393	0.03243	0.01172	0.01610	0.05935	0.46822	0.02814	0.04619	0.00828	0.00227	0.04567	0.01190	0.02402	0.02674
27	0.01506	0.73229	0.06545	0.01115	0.04625	0.02181	0.01066	0.01719	0.01170	0.01390	0.00818	0.00952	0.00741	0.00493	0.00384	0.00127	0.00626	0.00320	0.00246	0.00747
28	0.01080	0.01017	0.01716	0.78523	0.03940	0.01271	0.01589	0.01461	0.01144	0.01461	0.01017	0.01525	0.00762	0.00572	0.00572	0.00191	0.00762	0.00508	0.00254	0.00635
29	0.01162	0.04766	0.73730	0.01651	0.03882	0.01351	0.02079	0.01808	0.01208	0.01801	0.01022	0.01205	0.00728	0.00541	0.00540	0.00180	0.00837	0.00422	0.00242	0.00844
30	0.01398	0.01575	0.09534	0.02070	0.02552	0.01452	0.48685	0.01810	0.01267	0.06966	0.01144	0.01485	0.00871	0.00603	0.00886	0.00202	0.15818	0.00612	0.00307	0.00764
31	0.08241	0.00983	0.01293	0.00999	0.01435	0.00872	0.00825	0.02710	0.01591	0.71554	0.02155	0.01876	0.01360	0.00696	0.00560	0.00177	0.00484	0.00557	0.00683	0.00949
32	0.00757	0.00583	0.00691	0.00664	0.00822	0.00517	0.00498	0.00977	0.01494	0.01996	0.48125	0.04762	0.33486	0.01280	0.00675	0.00185	0.00278	0.01103	0.00591	0.00517
33	0.00972	0.03322	0.08139	0.04600	0.01221	0.03525	0.00772	0.02643	0.04006	0.01897	0.23638	0.08661	0.17202	0.01202	0.04158	0.00214	0.00469	0.01958	0.10815	0.00586
34	0.02215	0.01052	0.01317	0.01063	0.01469	0.01020	0.00861	0.02865	0.24279	0.53877	0.02279	0.02004	0.01517	0.00729	0.00577	0.00182	0.00476	0.00597	0.00669	0.00953
35	0.00696	0.00502	0.00660	0.00786	0.00827	0.00465	0.00527	0.00798	0.01105	0.01464	0.03274	0.76111	0.07118	0.01776	0.00728	0.00230	0.00330	0.01607	0.00531	0.00465
36	0.00985	0.00531	0.00807	0.04670	0.00926	0.00552	0.00568	0.00801	0.00778	0.01041	0.01034	0.01765	0.01014	0.02083	0.07624	0.73192	0.00585	0.00506	0.00253	0.00287
37	0.01343	0.01335	0.02397	0.14760	0.47438	0.01383	0.15353	0.01705	0.01265	0.01773	0.01065	0.01448	0.00869	0.00540	0.00656	0.00182	0.04848	0.00540	0.00278	0.00824
38	0.00868	0.00688	0.01018	0.00988	0.01078	0.00837	0.00778	0.01063	0.00914	0.01334	0.01440	0.02129	0.01350	0.03901	0.68684	0.00840	0.10664	0.00600	0.00300	0.00524
39	0.02198	0.01564	0.01693	0.01298	0.01755	0.01718	0.01072	0.70127	0.02626	0.07990	0.01426	0.01408	0.00999	0.00688	0.00572	0.00172	0.00621	0.00519	0.00580	0.00973
40	0.01030	0.00800	0.04175	0.01071	0.01251	0.00697	0.09638	0.01214	0.01189	0.10407	0.02656	0.55686	0.02947	0.01434	0.00727	0.00219	0.02466	0.01309	0.00504	0.00582
41	0.78263	0.01097	0.00875	0.00771	0.01131	0.01252	0.00635	0.01759	0.01020	0.07738	0.00898	0.01000	0.00675	0.00543	0.00369	0.00177	0.00446	0.00328	0.00379	0.00644
42	0.83938	0.01106	0.00841	0.00752	0.01106	0.01283	0.00619	0.01681	0.00973	0.02566	0.00796	0.00929	0.00619	0.00531	0.00354	0.00177	0.00442	0.00310	0.00354	0.00619
43	0.01461	0.01373	0.03976	0.13585	0.53211	0.03611	0.05461	0.01808	0.01314	0.07015	0.01147	0.01458	0.00910	0.00534	0.00571	0.00174	0.00707	0.00516	0.00308	0.00857
44	0.01390	0.07105	0.10537	0.04918	0.39790	0.06536	0.12091	0.01752	0.01277	0.01739	0.01062	0.01390	0.00875	0.00710	0.04321	0.00208	0.02699	0.00505	0.00277	0.00818
45	0.01173	0.00766	0.00959	0.02950	0.06264	0.00817	0.01971	0.09250	0.01307	0.02077	0.01643	0.02013	0.01339	0.03149	0.13430	0.00286	0.02210	0.00551	0.47237	0.00607
46	0.00714	0.00579	0.00633	0.00624	0.00797	0.00498	0.00466	0.00892	0.01386	0.01751	0.25227	0.07009	0.54666	0.01380	0.00677	0.00190	0.00285	0.01170	0.00558	0.00498
47	0.01528	0.71240	0.04504	0.01181	0.06718	0.03971	0.01060	0.01731	0.01184	0.01393	0.00822	0.00961	0.00746	0.00494	0.00388	0.00128	0.00631	0.00324	0.00248	0.00747
48	0.03300	0.03544	0.25586	0.01381	0.01903	0.13039	0.04859	0.04003	0.09322	0.21370	0.01471	0.01501	0.01040	0.00697	0.01953	0.00190	0.03089	0.00494	0.00422	0.00837
49	0.00676	0.00578	0.00581	0.00584	0.00774	0.00483	0.00436	0.00820	0.01300	0.01544	0.05745	0.06890	0.74744	0.01455	0.00677	0.00194	0.00291	0.01215	0.00531	0.00483
50	0.00910	0.00651	0.00905	0.01018	0.01150	0.00646	0.00881	0.01174	0.01349	0.01773	0.10749	0.06222	0.03515	0.01537	0.00778	0.00255	0.00500	0.64923	0.00538	0.00528
51	0.01316	0.01504	0.06534	0.04286	0.15949	0.01366	0.50984	0.01764	0.01327	0.01820	0.01264	0.01846	0.01034	0.00569	0.00655	0.00193	0.00872	0.05637	0.00302	0.00779
52	0.00871	0.00589	0.00675	0.00663	0.00682	0.00601	0.00391	0.03044	0.00893	0.01197	0.01773	0.03581	0.02007	0.72917	0.07400	0.00565	0.00616	0.00809	0.00351	0.00375
53	0.01267	0.01136	0.01551	0.11942	0.01877	0.01152	0.05873	0.07518	0.01253	0.01845	0.01050	0.03013	0.00893	0.00614	0.00767	0.00150	0.16014	0.00460	0.00330	0.41294
54	0.81852	0.03110	0.00895	0.00758	0.01115	0.01308	0.00629	0.01682	0.00978	0.02535	0.00796	0.00929	0.00622	0.00530	0.00354	0.00176	0.00447	0.00310	0.00351	0.00622
55	0.01138	0.00615	0.00624	0.00597	0.00755	0.00631	0.00455	0.05317	0.03896	0.02221	0.01856	0.02092	0.01449	0.00671	0.00416	0.00137	0.00293	0.00536	0.75731	0.00570
56	0.00706	0.00557	0.00637	0.00667	0.00804	0.00488	0.00481	0.00861	0.01302	0.01657	0.17788	0.26319	0.42715	0.01496	0.00691	0.00202	0.00298	0.01295	0.00549	0.00488
57	0.01895	0.02211	0.01467	0.01317	0.01590	0.55830	0.00996	0.06999	0.01639	0.03156	0.08577	0.01665	0.04395	0.03073	0.00649	0.00170	0.02843	0.00500	0.00365	0.00661
58	0.00697	0.00498	0.00664	0.00796	0.00830	0.00465	0.00531	0.00796	0.01095	0.01460	0.03153	0.79525	0.03783	0.01792	0.00730	0.00232	0.00332	0.01626	0.00531	0.00465
59	0.00972	0.00779	0.00857	0.00800	0.01020	0.00782	0.00611	0.01585	0.23094	0.03567	0.24598	0.04094	0.32722	0.01157	0.00646	0.00189	0.00336	0.00981	0.00578	0.00633
60	0.00807	0.00609	0.00749	0.00717	0.00867	0.00566	0.00536	0.01107	0.04933	0.02117	0.55886	0.07807	0.18699	0.01233	0.00673	0.00185	0.00285	0.01076	0.00604	0.00542
61	0.02082	0.02134	0.01586	0.01359	0.01698	0.44254	0.01057	0.22451	0.03535	0.07297	0.01322	0.01383	0.03588	0.00672	0.00584	0.00162	0.03185	0.00464	0.00415	0.00769
62	0.00697	0.00498	0.00664	0.00796	0.00830	0.00465	0.00531	0.00796	0.01095	0.01460	0.03153	0.79525	0.03783	0.01792	0.00730	0.00232	0.00332	0.01626	0.00531	0.00465
63	0.00697	0.00498	0.00664	0.00796	0.00830	0.00465	0.00531	0.00796	0.01095	0.01460	0.03153	0.79525	0.03783	0.01792	0.00730	0.00232	0.00332	0.01626	0.00531	0.00465
64	0.01359	0.01308	0.01983	0.26231	0.38207	0.05269	0.02979	0.04226	0.03892	0.01796	0.01099	0.01440	0.00880	0.00542	0.00558	0.00171	0.00702	0.00498	0.00299	0.06562
65	0.02146	0.01581	0.01697	0.01306	0.01756	0.01749	0.01077	0.73029	0.02659	0.03564	0.01407	0.02853	0.01026	0.00708	0.00575	0.00173	0.00624	0.00536	0.00571	0.00963
66	0.01279	0.26896	0.48025	0.01478	0.04339	0.01641	0.01708	0.01758	0.01180	0.01647	0.00943	0.01126	0.00734	0.00548	0.00554	0.00166	0.04540	0.00393	0.00244	0.00802
67	0.01984	0.01506	0.01702	0.10436	0.02009	0.01700	0.01145	0.60499	0.05162	0.03226	0.01345	0.01415	0.00969	0.00688	0.00620	0.00178	0.03457	0.00519	0.00523	0.00918
68	0.04638	0.09809	0.06831	0.04130	0.01654	0.01457	0.01016	0.28612	0.13682	0.06488	0.04615	0.01693	0.03057	0.00682	0.00533	0.00166	0.00554	0.00531	0.03918	0.05933
69	0.01831	0.01226	0.01492	0.12579	0.04113	0.01313	0.01028	0.36207	0.01958	0.15529	0.03776	0.03784	0.01313	0.06820	0.00753	0.00204	0.00590	0.00589	0.02073	0.02821
70	0.01974	0.01146	0.01342	0.01106	0.01489	0.01192	0.00888	0.11907	0.32626	0.33643	0.04832	0.02036	0.01641	0.00750	0.00581	0.00184	0.00483	0.00614	0.00635	0.00929
71	0.01303	0.00664	0.00742	0.04092	0.00964	0.00668	0.00541	0.05404	0.01328	0.10991	0.01848	0.02043	0.01403	0.00668	0.00437	0.00143	0.00334	0.00536	0.65276	0.00613
72	0.01147	0.02959	0.76934	0.01630	0.02476	0.01328	0.02113	0.01811	0.01208	0.01811	0.01026	0.01208	0.00725	0.00543	0.00543	0.00181	0.00845	0.00423	0.00242	0.00845
73	0.02566	0.00973	0.01327	0.01018	0.01460	0.00841	0.00841	0.02788	0.01637	0.76726	0.02257	0.01947	0.01416	0.00708	0.00575	0.00177	0.00487	0.00575	0.00708	0.00973
74	0.02566	0.00973	0.01327	0.01018	0.01460	0.00841	0.00841	0.02788	0.01637	0.76726	0.02257	0.01947	0.01416	0.00708	0.00575	0.00177	0.00487	0.00575	0.00708	0.00973
75	0.02552	0.00996	0.01341	0.01028	0.01471	0.00874	0.00849	0.05317	0.01674	0.74145	0.02225	0.01927	0.01400	0.00707	0.00575	0.00177	0.00492	0.00573	0.00703	0.00973
76	0.80498	0.01102	0.00877	0.03981	0.01224	0.01283	0.00660	0.01672	0.00981	0.02520	0.00806	0.00954	0.00625	0.00533	0.00363	0.00178	0.00456	0.00318	0.00350	0.00620
77	0.00702	0.00504	0.00666	0.00787	0.00829	0.00469	0.00529	0.00811	0.01126	0.01503	0.06746	0.73965	0.05737	0.01753	0.00726	0.00229	0.00328	0.01587	0.00536	0.00469
78	0.00699	0.00505	0.00662	0.00782	0.00827	0.00468	0.00526	0.00805	0.01121	0.01487	0.05192	0.73379	0.07923	0.01756	0.00726	0.00229	0.00328	0.01587	0.00534	0.00468
79	0.01110	0.01070	0.01846	0.68605	0.03738	0.01310	0.07181	0.01486	0.01146	0.01486	0.01014	0.01512	0.00770	0.00587	0.00648	0.00194	0.04875	0.00521	0.00257	0.00645
80	0.01925	0.01809	0.03002	0.01295	0.01662	0.25027	0.01045	0.31818	0.11185	0.05119	0.01648	0.01856	0.04265	0.00751	0.00573	0.00174	0.00711	0.04835	0.00481	0.00819
81	0.00700	0.00575	0.00617	0.00617	0.00790	0.00492	0.00459	0.00864	0.01345	0.01669	0.17784	0.09838	0.59424	0.01421	0.00679	0.00193	0.00289	0.01203	0.00548	0.00492
82	0.02092	0.01433	0.01575	0.01240	0.01670	0.01561	0.01014	0.49596	0.16413	0.14778	0.01694	0.01608	0.01190	0.00707	0.00575	0.00177	0.00573	0.00550	0.00595	0.00960
83	0.02130	0.01450	0.01599	0.01244	0.01673	0.01570	0.01020	0.60488	0.02452	0.12867	0.01601	0.06464	0.01210	0.00760	0.00583	0.00176	0.00592	0.00594	0.00587	0.00940
84	0.00760	0.00583	0.00696	0.00668	0.00824	0.00519	0.00501	0.00984	0.01503	0.02018	0.50187	0.04726	0.31410	0.01272	0.00675	0.00185	0.00277	0.01098	0.00593	0.00519
85	0.01844	0.09080	0.10765	0.01708	0.10699	0.46186	0.03019	0.05244	0.01518	0.01606	0.00941	0.01121	0.00769	0.00578	0.00551	0.00157	0.02784	0.00403	0.00294	0.00735
86	0.00980	0.00928	0.09270	0.00896	0.01128	0.00721	0.00755	0.05899	0.04910	0.05812	0.07833	0.35703	0.20230	0.01355	0.00667	0.00205	0.00409	0.01181	0.00520	0.00597
87	0.00826	0.00623	0.00925	0.00920	0.01017	0.00730	0.00712	0.01022	0.00915	0.01321	0.01526	0.02280	0.01440	0.06895	0.73507	0.00893	0.03015	0.00618	0.00307	0.00507
88	0.01088	0.01024	0.01729	0.76869	0.05536	0.01273	0.01592	0.01468	0.01147	0.01470	0.01018	0.01523	0.00766	0.00570	0.00572	0.00190	0.00761	0.00508	0.00255	0.00641
89	0.02888	0.35458	0.15388	0.01464	0.09816	0.11054	0.01278	0.10430	0.01436	0.04491	0.00998	0.01127	0.00802	0.00545	0.00469	0.00149	0.00706	0.00390	0.00311	0.00798
90	0.01314	0.00906	0.01054	0.00940	0.01166	0.00930	0.00722	0.22054	0.04340	0.07407	0.16747	0.19250	0.08218	0.07782	0.00841	0.00225	0.00445	0.04430	0.00560	0.00669
91	0.01108	0.00651	0.00857	0.00768	0.00957	0.00590	0.00589	0.01367	0.01616	0.15020	0.62008	0.03899	0.06117	0.01096	0.00658	0.00180	0.00307	0.00959	0.00641	0.00613
92	0.06005	0.00989	0.03872	0.00961	0.01357	0.00844	0.00809	0.02358	0.05111	0.52777	0.07552	0.02469	0.10688	0.00818	0.00583	0.00180	0.00457	0.00668	0.00642	0.00860
93	0.04687	0.09601	0.61373	0.01574	0.02339	0.03346	0.05806	0.01810	0.01212	0.01793	0.01000	0.01184	0.00729	0.00536	0.00526	0.00176	0.00819	0.00420	0.00250	0.00817
94	0.02203	0.01457	0.01608	0.01237	0.01681	0.01570	0.01021	0.59567	0.02457	0.16114	0.01542	0.01498	0.01066	0.00690	0.00567	0.00171	0.00592	0.00526	0.03475	0.00958
95	0.83938	0.01106	0.00841	0.00752	0.01106	0.01283	0.00619	0.01681	0.00973	0.02566	0.00796	0.00929	0.00619	0.00531	0.00354	0.00177	0.00442	0.00310	0.00354	0.00619
96	0.02457	0.00998	0.01324	0.01032	0.01463	0.00896	0.00847	0.02812	0.08690	0.69608	0.02263	0.01965	0.01448	0.00714	0.00576	0.00179	0.00483	0.00582	0.00696	0.00967
97	0.00733	0.00577	0.00669	0.00713	0.00859	0.00513	0.00543	0.00899	0.01294	0.01624	0.11252	0.20139	0.43436	0.01512	0.00705	0.00211	0.00335	0.12954	0.00539	0.00492
98	0.01153	0.02916	0.74735	0.01654	0.02491	0.01332	0.04270	0.01812	0.01212	0.01812	0.01030	0.01218	0.00729	0.00542	0.00547	0.00181	0.00849	0.00430	0.00243	0.00843
99	0.06410	0.02841	0.72097	0.01574	0.02389	0.01326	0.02018	0.01803	0.01193	0.01859	0.01012	0.01190	0.00718	0.00543	0.00531	0.00181	0.00820	0.00415	0.00249	0.00831
100	0.00726	0.00616	0.00633	0.00634	0.00828	0.00540	0.00480	0.00955	0.05374	0.01596	0.05442	0.07150	0.67677	0.01425	0.00676	0.00197	0.00308	0.03703	0.00534	0.00507
101	0.01409	0.01192	0.01132	0.01025	0.01280	0.10484	0.00772	0.05003	0.34318	0.07172	0.02456	0.06311	0.10114	0.12249	0.00923	0.00239	0.00520	0.00738	0.01935	0.00727
102	0.37250	0.01171	0.01254	0.11393	0.01709	0.01288	0.00899	0.17470	0.01511	0.19080	0.01273	0.01330	0.00891	0.00609	0.00479	0.00178	0.00535	0.00439	0.00466	0.00776
103	0.00720	0.00505	0.00658	0.00775	0.00821	0.00471	0.00522	0.00835	0.01124	0.01527	0.05750	0.70981	0.05475	0.01702	0.00709	0.00224	0.00325	0.01537	0.04866	0.00471
104	0.00696	0.00500	0.00661	0.00791	0.00828	0.00465	0.00528	0.00797	0.01101	0.01462	0.03222	0.77567	0.05696	0.01783	0.00729	0.00231	0.00331	0.01615	0.00531	0.00465
105	0.01387	0.01068	0.01237	0.15989	0.01774	0.02550	0.00925	0.18755	0.17852	0.02323	0.01871	0.07881	0.03360	0.00783	0.00548	0.00176	0.00508	0.00648	0.19633	0.00733
106	0.01206	0.01201	0.02193	0.46160	0.17431	0.01335	0.17468	0.01596	0.01214	0.01618	0.01053	0.01503	0.00813	0.00549	0.00619	0.00188	0.02323	0.00545	0.00267	0.00716
107	0.01668	0.01300	0.01494	0.04874	0.01684	0.01331	0.00956	0.33959	0.04487	0.04498	0.01235	0.01343	0.00939	0.00608	0.00608	0.00146	0.06004	0.00454	0.00450	0.31963
108	0.03486	0.07319	0.01709	0.01382	0.06843	0.04372	0.01055	0.41087	0.17351	0.05494	0.01519	0.01550	0.01134	0.02372	0.00603	0.00180	0.00599	0.00526	0.00516	0.00905

[dist]
# distance from previous block
# <min> <max>
0	1

[block]
# block no. 1 follows, 41 sequences, length 30
# corresponding to MSA columns:
# 314-343
name=unknown_B
#
# <colnr> <probs for GDERKNQSTAVLIFYWHMCP>
#	G	D	E	R	K	N	Q	S	T	A	V	L	I	F	Y	W	H	M	C	P
0	0.01654	0.01161	0.01293	0.01088	0.01451	0.01236	0.00864	0.12875	0.39585	0.15773	0.05125	0.02187	0.05645	0.00777	0.00577	0.00179	0.00466	0.00638	0.00585	0.06839
1	0.04126	0.01153	0.01289	0.01006	0.01432	0.01099	0.00803	0.21629	0.09132	0.04826	0.01475	0.08441	0.01250	0.00668	0.00511	0.00139	0.00477	0.00542	0.00458	0.39544
2	0.01141	0.08470	0.63688	0.01489	0.02236	0.01318	0.01869	0.01730	0.01246	0.01826	0.08633	0.01498	0.01200	0.00603	0.00544	0.00177	0.00769	0.00476	0.00281	0.00806
3	0.00811	0.00596	0.00767	0.00756	0.00897	0.00552	0.00588	0.01064	0.01532	0.02109	0.55739	0.04772	0.13776	0.01269	0.00693	0.00195	0.00313	0.12441	0.00601	0.00531
4	0.01231	0.01149	0.01900	0.12473	0.51168	0.01170	0.01487	0.01537	0.01269	0.01751	0.01740	0.07500	0.08016	0.00747	0.00600	0.00184	0.00623	0.04341	0.00332	0.00783
5	0.01133	0.02655	0.65677	0.01705	0.07781	0.01265	0.01967	0.01731	0.01206	0.01789	0.01191	0.07150	0.00969	0.00635	0.00559	0.00184	0.00794	0.00520	0.00266	0.00821
6	0.01331	0.01501	0.03204	0.06193	0.02957	0.01454	0.66675	0.01789	0.01314	0.01789	0.01128	0.01526	0.00856	0.00515	0.00734	0.00196	0.05136	0.00657	0.00285	0.00757
7	0.04107	0.01201	0.01310	0.01046	0.01410	0.01281	0.00852	0.39854	0.04686	0.14480	0.01657	0.01675	0.01188	0.00684	0.00522	0.00163	0.00502	0.00528	0.22007	0.00847
8	0.00758	0.00581	0.00703	0.00769	0.00880	0.00544	0.00557	0.00980	0.05201	0.01624	0.09852	0.41874	0.24490	0.01570	0.00707	0.00217	0.00337	0.07309	0.00542	0.00505
9	0.01234	0.00785	0.00765	0.00704	0.00877	0.03822	0.00528	0.10483	0.04345	0.02178	0.01776	0.02180	0.01458	0.09846	0.00724	0.00190	0.00383	0.00563	0.56570	0.00586
10	0.01472	0.01031	0.01176	0.01043	0.01340	0.01113	0.00819	0.02523	0.44830	0.14978	0.17656	0.02701	0.02504	0.00875	0.00608	0.00191	0.00423	0.03279	0.00611	0.00827
11	0.00693	0.00511	0.00650	0.00760	0.00820	0.00468	0.00515	0.00801	0.01130	0.01474	0.03594	0.67145	0.15877	0.01735	0.00721	0.00226	0.00325	0.01556	0.00531	0.00468
12	0.01100	0.00624	0.00798	0.00782	0.00815	0.04390	0.00534	0.00905	0.00833	0.03279	0.01059	0.01724	0.01011	0.01828	0.02029	0.73506	0.00514	0.00494	0.03472	0.00302
13	0.02137	0.02726	0.01621	0.01474	0.01768	0.77602	0.01105	0.02284	0.01621	0.01400	0.00884	0.01031	0.00737	0.00589	0.00516	0.00147	0.01031	0.00368	0.00295	0.00663
14	0.00728	0.00514	0.00664	0.00762	0.00797	0.00485	0.00501	0.00823	0.01090	0.01463	0.08284	0.61318	0.03617	0.14809	0.01091	0.00282	0.00365	0.01450	0.00507	0.00450
15	0.02080	0.01537	0.01650	0.01288	0.01727	0.01704	0.01057	0.62997	0.12638	0.05094	0.01524	0.01491	0.01089	0.00699	0.00574	0.00175	0.00602	0.00534	0.00577	0.00963
16	0.00875	0.00620	0.00771	0.00734	0.00883	0.00579	0.00545	0.01165	0.04914	0.04744	0.52102	0.09769	0.14443	0.04381	0.00761	0.00201	0.00305	0.01059	0.00598	0.00551
17	0.01534	0.66501	0.10590	0.01083	0.01595	0.07705	0.01106	0.01765	0.01201	0.01398	0.00826	0.00956	0.00733	0.00502	0.00396	0.00130	0.00667	0.00323	0.00248	0.00740
18	0.01167	0.05666	0.72593	0.01650	0.04139	0.01362	0.02065	0.01807	0.01208	0.01796	0.01019	0.01202	0.00729	0.00541	0.00538	0.00179	0.00833	0.00421	0.00243	0.00843
19	0.08214	0.01776	0.12093	0.08131	0.39832	0.14783	0.01567	0.03730	0.01344	0.01851	0.01016	0.01287	0.00820	0.00539	0.00538	0.00170	0.00749	0.00457	0.00291	0.00814
20	0.00901	0.00778	0.06358	0.00834	0.00993	0.00630	0.00659	0.01040	0.01122	0.04523	0.04844	0.34656	0.13878	0.08413	0.01022	0.06255	0.03625	0.01108	0.03407	0.04954
21	0.05287	0.01021	0.01632	0.68717	0.03591	0.01258	0.01478	0.04049	0.01174	0.01575	0.01017	0.01498	0.00772	0.00631	0.00628	0.03541	0.00731	0.00498	0.00270	0.00631
22	0.01193	0.01075	0.08692	0.00973	0.01235	0.06394	0.00833	0.04236	0.01403	0.10621	0.22405	0.12524	0.06538	0.01595	0.13508	0.00307	0.00654	0.02479	0.00491	0.02846
23	0.01392	0.02932	0.02322	0.08909	0.67377	0.01373	0.03854	0.01735	0.01289	0.01827	0.01068	0.01417	0.00891	0.00513	0.00566	0.00171	0.00693	0.00510	0.00280	0.00879
24	0.00755	0.00578	0.00647	0.00663	0.00825	0.00501	0.00491	0.00911	0.01308	0.03695	0.12798	0.19354	0.50236	0.01467	0.00687	0.00201	0.00309	0.03528	0.00547	0.00501
25	0.01983	0.00890	0.01169	0.00966	0.01300	0.00814	0.00771	0.05160	0.05091	0.48783	0.11130	0.11544	0.02231	0.02802	0.00667	0.00196	0.00449	0.02567	0.00653	0.00832
26	0.03561	0.14095	0.04006	0.09239	0.18380	0.30028	0.01296	0.06743	0.01450	0.01684	0.00955	0.01180	0.00789	0.00575	0.00563	0.00160	0.03832	0.00418	0.00297	0.00748
27	0.01709	0.01324	0.01381	0.01133	0.01475	0.04952	0.00893	0.39328	0.12558	0.04071	0.04106	0.07604	0.02596	0.08840	0.00817	0.00213	0.00564	0.00659	0.00526	0.05252
28	0.03927	0.54239	0.21019	0.01132	0.01695	0.01918	0.01236	0.01759	0.01179	0.04187	0.00921	0.01056	0.00768	0.00597	0.02150	0.00158	0.00680	0.00351	0.00265	0.00762
29	0.00754	0.00582	0.00683	0.00725	0.00848	0.00535	0.00526	0.00952	0.03874	0.01625	0.13001	0.28683	0.31452	0.06604	0.00844	0.00233	0.00342	0.06710	0.00533	0.00494

[dist]
# distance from previous block
# <min> <max>
0	1

[block]
# block no. 2 follows, 41 sequences, length 13
# corresponding to MSA columns:
# 345-357
name=unknown_C
#
# <colnr> <probs for GDERKNQSTAVLIFYWHMCP>
#	G	D	E	R	K	N	Q	S	T	A	V	L	I	F	Y	W	H	M	C	P
0	0.00727	0.00536	0.00719	0.00827	0.00862	0.00528	0.00565	0.00833	0.01102	0.01484	0.05483	0.73298	0.03694	0.01734	0.00782	0.00231	0.04045	0.01553	0.00521	0.00475
1	0.01150	0.01020	0.01374	0.04677	0.05280	0.00916	0.06240	0.01522	0.07511	0.01812	0.01615	0.09162	0.04881	0.00700	0.00576	0.00141	0.03497	0.02349	0.00378	0.45198
2	0.01132	0.00718	0.01018	0.04698	0.08201	0.00680	0.00773	0.01322	0.01285	0.13879	0.11487	0.36237	0.04379	0.03224	0.00725	0.00215	0.00424	0.06544	0.00526	0.02533
3	0.00892	0.00564	0.00732	0.00796	0.00897	0.00514	0.00562	0.01022	0.01207	0.08954	0.07166	0.57080	0.12119	0.01606	0.00707	0.00220	0.00345	0.03541	0.00553	0.00523
4	0.00863	0.00673	0.00752	0.00716	0.00901	0.00624	0.00539	0.08235	0.01499	0.01936	0.23408	0.13903	0.41170	0.01342	0.00672	0.00192	0.00324	0.01145	0.00561	0.00544
5	0.01640	0.01408	0.01958	0.14490	0.37805	0.06308	0.01463	0.15863	0.04062	0.07593	0.01240	0.01463	0.00951	0.00582	0.00566	0.00173	0.00684	0.00511	0.00376	0.00866
6	0.01110	0.00806	0.00912	0.00856	0.00996	0.02775	0.00626	0.13123	0.01293	0.03061	0.02154	0.08862	0.07334	0.29782	0.14793	0.00449	0.00698	0.06101	0.03731	0.00537
7	0.00720	0.00512	0.00676	0.00787	0.00828	0.00481	0.00531	0.00830	0.01123	0.01506	0.08386	0.67270	0.03780	0.06650	0.00865	0.00250	0.00347	0.03469	0.00526	0.00464
8	0.10636	0.45661	0.27356	0.01170	0.01763	0.01842	0.01316	0.01742	0.01156	0.01637	0.00872	0.01015	0.00718	0.00512	0.00424	0.00148	0.00670	0.00345	0.00256	0.00758
9	0.01559	0.57707	0.08227	0.04051	0.01667	0.02037	0.01091	0.12384	0.01402	0.01743	0.02936	0.01120	0.00895	0.00544	0.00427	0.00138	0.00628	0.00373	0.00303	0.00768
10	0.01250	0.12134	0.60349	0.01664	0.06968	0.04493	0.01914	0.01815	0.01225	0.01743	0.00996	0.01179	0.00738	0.00537	0.00523	0.00172	0.00814	0.00412	0.00247	0.00828
11	0.01503	0.53007	0.16760	0.01328	0.07225	0.06743	0.01261	0.03586	0.01248	0.01532	0.00880	0.01028	0.00751	0.00512	0.00429	0.00140	0.00688	0.00352	0.00258	0.00769
12	0.00887	0.06715	0.06500	0.00904	0.04590	0.00772	0.00730	0.02717	0.01352	0.01723	0.14579	0.04427	0.41297	0.03173	0.00701	0.00199	0.00405	0.07274	0.00487	0.00568

[dist]
# distance from previous block
# <min> <max>
0	19

[block]
# block no. 3 follows, 41 sequences, length 35
# corresponding to MSA columns:
# 377-411
name=unknown_D
#
# <colnr> <probs for GDERKNQSTAVLIFYWHMCP>
#	G	D	E	R	K	N	Q	S	T	A	V	L	I	F	Y	W	H	M	C	P
0	0.07262	0.01401	0.02040	0.07838	0.52614	0.05962	0.01535	0.07233	0.01381	0.01974	0.01147	0.01438	0.02345	0.00566	0.00588	0.00173	0.02847	0.00501	0.00313	0.00843
1	0.00856	0.00929	0.11867	0.00854	0.01090	0.00653	0.00769	0.01180	0.01547	0.02204	0.63439	0.05534	0.04679	0.01092	0.00657	0.00181	0.00355	0.00959	0.00571	0.00583
2	0.01302	0.01234	0.02069	0.12222	0.59372	0.01257	0.01603	0.01631	0.01290	0.01803	0.02946	0.01871	0.06161	0.00617	0.00581	0.00176	0.00651	0.02074	0.00309	0.00829
3	0.01147	0.02959	0.76934	0.01630	0.02476	0.01328	0.02113	0.01811	0.01208	0.01811	0.01026	0.01208	0.00725	0.00543	0.00543	0.00181	0.00845	0.00423	0.00242	0.00845
4	0.04434	0.00980	0.01295	0.01000	0.01427	0.00866	0.00822	0.05109	0.01640	0.65820	0.05935	0.01994	0.01565	0.00716	0.00569	0.00174	0.00477	0.00582	0.00677	0.03919
5	0.02549	0.01002	0.01345	0.01031	0.01474	0.00883	0.00852	0.06017	0.01685	0.73429	0.02217	0.01921	0.01396	0.00707	0.00575	0.00177	0.00493	0.00572	0.00702	0.00973
6	0.56676	0.01032	0.00946	0.00808	0.01172	0.01109	0.00662	0.01901	0.01169	0.21593	0.01551	0.01538	0.06536	0.00646	0.00435	0.00178	0.00442	0.00446	0.00459	0.00700
7	0.77174	0.01129	0.00913	0.03187	0.01228	0.01308	0.00673	0.05412	0.01067	0.02585	0.00833	0.00970	0.00642	0.00540	0.00372	0.00177	0.00462	0.00326	0.00362	0.00638
8	0.00776	0.00583	0.00719	0.00685	0.00834	0.00526	0.00514	0.01015	0.01541	0.02108	0.58584	0.04579	0.22957	0.01239	0.00675	0.00183	0.00275	0.01077	0.00605	0.00526
9	0.00732	0.00545	0.00686	0.00790	0.00857	0.00516	0.00539	0.00915	0.04932	0.01518	0.03422	0.66824	0.12202	0.01699	0.00716	0.00226	0.00333	0.01526	0.00534	0.00489
10	0.02480	0.01113	0.01414	0.01084	0.01530	0.01047	0.00895	0.18636	0.01870	0.60548	0.02061	0.01820	0.01318	0.00703	0.00575	0.00176	0.00518	0.00562	0.00678	0.00973
11	0.01979	0.04614	0.01589	0.01400	0.01693	0.63727	0.01061	0.02281	0.09149	0.01497	0.01063	0.01204	0.00876	0.00796	0.04481	0.00191	0.00986	0.00408	0.00323	0.00682
12	0.00697	0.00498	0.00664	0.00796	0.00830	0.00465	0.00531	0.00796	0.01095	0.01460	0.03153	0.79525	0.03783	0.01792	0.00730	0.00232	0.00332	0.01626	0.00531	0.00465
13	0.02251	0.01056	0.01325	0.01050	0.01458	0.01013	0.00856	0.10253	0.13345	0.53077	0.04447	0.01993	0.01546	0.00730	0.00574	0.00178	0.00484	0.00593	0.02833	0.00938
14	0.00752	0.00580	0.00873	0.00919	0.00996	0.00552	0.05714	0.00886	0.01100	0.01476	0.02890	0.68209	0.03401	0.01889	0.06546	0.00282	0.00467	0.01483	0.00497	0.00490
15	0.02111	0.01610	0.01678	0.01309	0.01750	0.04375	0.01073	0.66029	0.08644	0.03428	0.01435	0.01424	0.01028	0.00691	0.00571	0.00173	0.00629	0.00521	0.00563	0.00956
16	0.01368	0.01307	0.04844	0.13776	0.05978	0.02664	0.07860	0.13992	0.02861	0.02041	0.06666	0.01575	0.01193	0.00673	0.00786	0.00174	0.14303	0.00526	0.00364	0.17048
17	0.01695	0.01118	0.01217	0.00984	0.01303	0.01189	0.00788	0.38486	0.01989	0.07405	0.06287	0.01937	0.01479	0.05033	0.00653	0.00180	0.00484	0.00570	0.24510	0.02692
18	0.01861	0.02232	0.01470	0.01344	0.01610	0.57632	0.01015	0.04905	0.04007	0.01513	0.01193	0.02855	0.02506	0.01187	0.11921	0.00266	0.01041	0.00461	0.00326	0.00653
19	0.01316	0.01276	0.01749	0.01489	0.01521	0.01754	0.01240	0.06499	0.01003	0.01533	0.00794	0.01260	0.00766	0.00979	0.01786	0.00245	0.73366	0.00502	0.00273	0.00650
20	0.21974	0.10069	0.10900	0.01584	0.14406	0.15170	0.01203	0.14663	0.01497	0.02201	0.00990	0.01142	0.00777	0.00562	0.00482	0.00164	0.00689	0.00404	0.00345	0.00778
21	0.01111	0.00841	0.06152	0.00831	0.01096	0.00659	0.00712	0.01374	0.03562	0.15040	0.11534	0.08666	0.35308	0.01240	0.00662	0.00199	0.00397	0.09445	0.00553	0.00618
22	0.00803	0.00582	0.00781	0.00901	0.00996	0.00559	0.00711	0.00986	0.01220	0.01589	0.03321	0.37966	0.09779	0.01660	0.00754	0.00244	0.00422	0.35701	0.00529	0.00496
23	0.00799	0.00584	0.00751	0.00709	0.00848	0.00535	0.00532	0.01060	0.01595	0.02237	0.70713	0.04366	0.10747	0.01190	0.00675	0.00181	0.00271	0.01048	0.00622	0.00535
24	0.01161	0.02700	0.66010	0.07581	0.07765	0.01326	0.02049	0.01781	0.01209	0.01789	0.01029	0.01246	0.00740	0.00543	0.00547	0.00181	0.00827	0.00435	0.00245	0.00834
25	0.02081	0.00911	0.01205	0.00971	0.01331	0.00828	0.00785	0.04699	0.04950	0.53267	0.15104	0.05152	0.02196	0.00927	0.02692	0.00200	0.00475	0.00696	0.00667	0.00864
26	0.83938	0.01106	0.00841	0.00752	0.01106	0.01283	0.00619	0.01681	0.00973	0.02566	0.00796	0.00929	0.00619	0.00531	0.00354	0.00177	0.00442	0.00310	0.00354	0.00619
27	0.00790	0.00579	0.00741	0.00711	0.00845	0.00530	0.00529	0.01037	0.01557	0.02171	0.64851	0.09045	0.12011	0.01234	0.00678	0.00184	0.00276	0.01087	0.00614	0.00530
28	0.00676	0.00579	0.00579	0.00579	0.00773	0.00483	0.00435	0.00821	0.01304	0.01545	0.05794	0.05505	0.76098	0.01449	0.00676	0.00193	0.00290	0.01207	0.00531	0.00483
29	0.01186	0.01017	0.01186	0.00847	0.01356	0.00762	0.00678	0.01440	0.01186	0.01864	0.01017	0.01186	0.00847	0.00424	0.00424	0.00085	0.00424	0.00339	0.00339	0.83395
30	0.01355	0.01285	0.02162	0.10719	0.63189	0.01299	0.01661	0.01692	0.01282	0.01823	0.01135	0.01591	0.00972	0.00549	0.00568	0.00171	0.00671	0.02998	0.00291	0.04585
31	0.00697	0.00498	0.00664	0.00796	0.00830	0.00465	0.00531	0.00796	0.01095	0.01460	0.03153	0.79525	0.03783	0.01792	0.00730	0.00232	0.00332	0.01626	0.00531	0.00465
32	0.02232	0.00899	0.01220	0.00961	0.01345	0.00783	0.00783	0.02463	0.01634	0.62571	0.16286	0.02389	0.02173	0.00796	0.00594	0.00178	0.00445	0.00663	0.00693	0.00891
33	0.01310	0.05350	0.04842	0.10049	0.44336	0.01394	0.04375	0.01627	0.01220	0.01727	0.03273	0.01571	0.01044	0.00738	0.03231	0.00207	0.10913	0.01707	0.00288	0.00797
34	0.00796	0.00579	0.00757	0.00785	0.00885	0.00533	0.02888	0.00919	0.01155	0.03529	0.06824	0.41960	0.19245	0.13180	0.01034	0.00267	0.00383	0.03296	0.00505	0.00480

[dist]
# distance from previous block
# <min> <max>
5	17

[block]
# block no. 4 follows, 41 sequences, length 49
# corresponding to MSA columns:
# 429-477
name=unknown_E
#
# <colnr> <probs for GDERKNQSTAVLIFYWHMCP>
#	G	D	E	R	K	N	Q	S	T	A	V	L	I	F	Y	W	H	M	C	P
0	0.01358	0.18424	0.42444	0.01650	0.09458	0.04242	0.01693	0.06345	0.01295	0.01794	0.00984	0.01176	0.00762	0.00568	0.00592	0.00170	0.05543	0.00416	0.00269	0.00817
1	0.42662	0.17255	0.14284	0.01007	0.01484	0.01507	0.00995	0.07951	0.01228	0.05760	0.00953	0.01060	0.00728	0.00546	0.00418	0.00166	0.00563	0.00358	0.00348	0.00727
2	0.01703	0.01305	0.01583	0.01271	0.01631	0.01441	0.05810	0.45209	0.06556	0.02792	0.01461	0.01670	0.01138	0.01663	0.21631	0.00379	0.00887	0.00560	0.00481	0.00829
3	0.01468	0.03605	0.02323	0.03271	0.67730	0.01414	0.03232	0.06558	0.01391	0.01968	0.01089	0.01402	0.00905	0.00520	0.00563	0.00169	0.00680	0.00508	0.00301	0.00903
4	0.00792	0.00608	0.00728	0.00693	0.00854	0.00556	0.00521	0.01075	0.04364	0.02066	0.51439	0.04572	0.27147	0.01241	0.00671	0.00185	0.00283	0.01073	0.00597	0.00536
5	0.00858	0.00705	0.00745	0.00708	0.00917	0.00662	0.00538	0.05572	0.08911	0.01833	0.12506	0.08003	0.53324	0.01319	0.00662	0.00192	0.00327	0.01108	0.00549	0.00561
6	0.01125	0.01067	0.01818	0.68293	0.12374	0.01285	0.03013	0.01503	0.01166	0.01516	0.01026	0.01513	0.00781	0.00563	0.00573	0.00188	0.00757	0.00512	0.00258	0.00670
7	0.01408	0.01382	0.02452	0.03374	0.67231	0.01370	0.10750	0.01765	0.01308	0.01864	0.01086	0.01431	0.00901	0.00506	0.00580	0.00173	0.00715	0.00530	0.00284	0.00889
8	0.01149	0.02739	0.68354	0.01711	0.07279	0.01293	0.02014	0.01773	0.01234	0.01838	0.04624	0.01368	0.00960	0.00571	0.00551	0.00180	0.00807	0.00458	0.00263	0.00835
9	0.02566	0.00973	0.01327	0.01018	0.01460	0.00841	0.00841	0.02788	0.01637	0.76726	0.02257	0.01947	0.01416	0.00708	0.00575	0.00177	0.00487	0.00575	0.00708	0.00973
10	0.01201	0.01151	0.01976	0.46131	0.29499	0.01288	0.05023	0.01565	0.01214	0.01626	0.01179	0.01599	0.02944	0.00570	0.00578	0.00183	0.00729	0.00536	0.00274	0.00734
11	0.02061	0.02280	0.01670	0.01546	0.06447	0.49871	0.01131	0.20075	0.05966	0.02028	0.01097	0.01201	0.00862	0.00619	0.00537	0.00157	0.00878	0.00429	0.00378	0.00768
12	0.02084	0.01008	0.01258	0.01000	0.01373	0.00965	0.00813	0.15259	0.04740	0.44433	0.13517	0.02224	0.01970	0.00776	0.00579	0.00174	0.00463	0.00636	0.05850	0.00876
13	0.00697	0.00498	0.00664	0.00796	0.00830	0.00465	0.00531	0.00796	0.01095	0.01460	0.03153	0.79525	0.03783	0.01792	0.00730	0.00232	0.00332	0.01626	0.00531	0.00465
14	0.00720	0.00529	0.00679	0.00774	0.00847	0.00488	0.00544	0.00855	0.01194	0.01574	0.10992	0.56246	0.14411	0.01664	0.00721	0.00223	0.00332	0.06187	0.00541	0.00479
15	0.01181	0.02554	0.60432	0.06349	0.02514	0.01286	0.08455	0.01776	0.01224	0.03842	0.01161	0.04581	0.00888	0.00597	0.00566	0.00185	0.00819	0.00506	0.00272	0.00813
16	0.00696	0.00502	0.00660	0.00786	0.00827	0.00465	0.00526	0.00798	0.01105	0.01464	0.03276	0.76054	0.07174	0.01776	0.00728	0.00230	0.00330	0.01606	0.00531	0.00465
17	0.10937	0.01040	0.01218	0.00972	0.01342	0.01028	0.00788	0.17803	0.01717	0.37885	0.06297	0.02017	0.03130	0.03993	0.00641	0.00189	0.00481	0.00582	0.07102	0.00838
18	0.03694	0.01365	0.02158	0.04599	0.55603	0.04264	0.06004	0.01893	0.05944	0.05446	0.01215	0.01483	0.00974	0.00542	0.00563	0.00172	0.00674	0.00521	0.02014	0.00870
19	0.01542	0.70925	0.07436	0.01048	0.01547	0.06670	0.01056	0.01753	0.01192	0.01377	0.00815	0.00942	0.00734	0.00499	0.00387	0.00127	0.00651	0.00317	0.00247	0.00737
20	0.04127	0.22573	0.37703	0.08021	0.02184	0.04669	0.03137	0.01741	0.01201	0.01674	0.00954	0.01149	0.00740	0.00522	0.00486	0.00157	0.00739	0.00392	0.00259	0.07573
21	0.00950	0.06290	0.01129	0.03013	0.01137	0.00929	0.00756	0.03642	0.01015	0.01405	0.01695	0.02394	0.06063	0.11794	0.47977	0.00676	0.07638	0.00638	0.00324	0.00535
22	0.00906	0.00771	0.01103	0.01030	0.01172	0.03889	0.05355	0.01120	0.00997	0.01377	0.01723	0.02327	0.05914	0.03643	0.63044	0.00781	0.03354	0.00640	0.00317	0.00534
23	0.01195	0.01254	0.06465	0.39428	0.23278	0.01357	0.01592	0.01539	0.01144	0.01578	0.01007	0.01453	0.00816	0.00718	0.02835	0.00213	0.12643	0.00505	0.00262	0.00718
24	0.01079	0.00838	0.00891	0.00796	0.01033	0.02209	0.00624	0.10784	0.03532	0.06638	0.05579	0.04278	0.52271	0.01235	0.00724	0.00192	0.05168	0.00999	0.00529	0.00603
25	0.00833	0.00546	0.00721	0.00820	0.00886	0.00512	0.00560	0.00978	0.03004	0.06221	0.03075	0.72687	0.03583	0.01698	0.00717	0.00228	0.00345	0.01535	0.00543	0.00508
26	0.00727	0.00578	0.00653	0.00642	0.00806	0.00503	0.00479	0.00917	0.01413	0.01823	0.32113	0.08512	0.46089	0.01360	0.00678	0.00190	0.00284	0.01162	0.00568	0.00503
27	0.00719	0.00587	0.00639	0.00642	0.00820	0.00507	0.00492	0.00895	0.01359	0.01687	0.17637	0.05370	0.58036	0.01411	0.00685	0.00197	0.00306	0.06968	0.00548	0.00496
28	0.01175	0.08579	0.71557	0.01583	0.02402	0.01396	0.02031	0.01804	0.01204	0.01778	0.01010	0.01187	0.00725	0.00539	0.00531	0.00177	0.00828	0.00414	0.00242	0.00837
29	0.01265	0.02669	0.64607	0.01588	0.02364	0.01306	0.04474	0.01954	0.05904	0.06800	0.01194	0.01326	0.00840	0.00567	0.00553	0.00182	0.00801	0.00456	0.00295	0.00855
30	0.78492	0.06336	0.00983	0.00767	0.01130	0.01348	0.00643	0.01683	0.00986	0.02486	0.00796	0.00928	0.00627	0.00528	0.00355	0.00173	0.00454	0.00309	0.00347	0.00627
31	0.00714	0.00509	0.00673	0.00782	0.00824	0.00476	0.00525	0.00828	0.01141	0.01535	0.10866	0.68583	0.03889	0.04739	0.00808	0.00239	0.00334	0.01532	0.00534	0.00468
32	0.00804	0.00589	0.00756	0.00728	0.00868	0.00542	0.00554	0.01060	0.01568	0.02180	0.64163	0.04540	0.12345	0.01224	0.00682	0.00187	0.00289	0.05773	0.00613	0.00533
33	0.01024	0.00864	0.01138	0.19025	0.01768	0.00800	0.00818	0.01248	0.01122	0.01601	0.01617	0.13419	0.04300	0.10812	0.00830	0.00195	0.00501	0.00666	0.00356	0.37895
34	0.00795	0.00584	0.00745	0.00705	0.00846	0.00534	0.00529	0.01052	0.01586	0.02215	0.68597	0.04403	0.12877	0.01199	0.00675	0.00181	0.00272	0.01053	0.00619	0.00534
35	0.01186	0.01017	0.01186	0.00847	0.01356	0.00762	0.00678	0.01440	0.01186	0.01864	0.01017	0.01186	0.00847	0.00424	0.00424	0.00085	0.00424	0.00339	0.00339	0.83395
36	0.00736	0.00549	0.00692	0.00773	0.00869	0.00504	0.00564	0.00889	0.01235	0.01612	0.12255	0.43600	0.20523	0.01611	0.00719	0.00221	0.00342	0.11277	0.00542	0.00486
37	0.00733	0.00580	0.00659	0.00643	0.00808	0.00506	0.00481	0.00929	0.01432	0.01859	0.35348	0.06625	0.44687	0.01338	0.00677	0.00188	0.00282	0.01144	0.00573	0.00506
38	0.83938	0.01106	0.00841	0.00752	0.01106	0.01283	0.00619	0.01681	0.00973	0.02566	0.00796	0.00929	0.00619	0.00531	0.00354	0.00177	0.00442	0.00310	0.00354	0.00619
39	0.02380	0.01119	0.01403	0.01078	0.01523	0.01056	0.00888	0.18097	0.04233	0.55120	0.02011	0.01794	0.01305	0.00692	0.00568	0.00172	0.00513	0.00554	0.00657	0.04836
40	0.05942	0.17416	0.06731	0.01113	0.01579	0.01410	0.01004	0.17372	0.03315	0.34471	0.01595	0.01511	0.01095	0.00647	0.00547	0.00167	0.02182	0.00485	0.00525	0.00891
41	0.02482	0.00983	0.01320	0.01019	0.01451	0.00867	0.00839	0.04309	0.03415	0.71308	0.04272	0.02003	0.01524	0.00722	0.00578	0.00177	0.00483	0.00588	0.00700	0.00960
42	0.00819	0.00607	0.00888	0.00888	0.00980	0.00698	0.00677	0.01002	0.00910	0.01305	0.01560	0.02403	0.01498	0.12169	0.69845	0.00881	0.01430	0.00636	0.00311	0.00494
43	0.01412	0.01346	0.02214	0.13923	0.61231	0.03541	0.02936	0.01752	0.01297	0.03314	0.01087	0.01433	0.00891	0.00524	0.00568	0.00173	0.00702	0.00510	0.00288	0.00860
44	0.02196	0.01422	0.01587	0.01233	0.01675	0.01525	0.01013	0.51213	0.09112	0.20494	0.01666	0.01576	0.01147	0.00700	0.00574	0.00175	0.00580	0.00541	0.00605	0.00967
45	0.00818	0.00556	0.00659	0.00671	0.00685	0.00564	0.00402	0.00849	0.00864	0.01163	0.01890	0.10167	0.02157	0.64931	0.10805	0.00566	0.00641	0.00877	0.00358	0.00375
46	0.01278	0.01146	0.01809	0.43268	0.23732	0.01303	0.01505	0.04535	0.08728	0.03547	0.01310	0.01645	0.02529	0.00601	0.00574	0.00184	0.00686	0.00539	0.00324	0.00756
47	0.01245	0.01051	0.01218	0.00875	0.01380	0.00822	0.00702	0.05766	0.01275	0.01967	0.01038	0.01197	0.00855	0.00439	0.00432	0.00090	0.00436	0.00349	0.00353	0.78509
48	0.15791	0.09677	0.02605	0.02899	0.01460	0.01132	0.08292	0.08748	0.01380	0.10368	0.06555	0.15546	0.06646	0.00874	0.00554	0.00178	0.00510	0.00742	0.00452	0.05591

[dist]
# distance from previous block
# <min> <max>
1	4

[block]
# block no. 5 follows, 41 sequences, length 9
# corresponding to MSA columns:
# 482-490
name=unknown_F
#
# <colnr> <probs for GDERKNQSTAVLIFYWHMCP>
#	G	D	E	R	K	N	Q	S	T	A	V	L	I	F	Y	W	H	M	C	P
