[name]
unknown

[dist]
# distance from previous block
# <min> <max>
17	61

[block]
# block no. 0 follows, 48 sequences, length 53
# corresponding to MSA columns:
# 283-335
name=unknown_A
#
# <colnr> <probs for GDERKNQSTAVLIFYWHMCP>
#	G	D	E	R	K	N	Q	S	T	A	V	L	I	F	Y	W	H	M	C	P
0	0.15961	0.03894	0.09976	0.02627	0.01305	0.05875	0.00839	0.07579	0.05591	0.16162	0.17367	0.06016	0.01833	0.00719	0.00516	0.00161	0.01909	0.00572	0.00441	0.00660
1	0.20097	0.16120	0.07137	0.09192	0.02904	0.04521	0.00901	0.11317	0.02472	0.04510	0.06729	0.03726	0.01104	0.00573	0.00433	0.00145	0.00514	0.00431	0.00341	0.06832
2	0.24914	0.10962	0.16068	0.03229	0.08935	0.08765	0.01062	0.09348	0.01229	0.08306	0.00966	0.01077	0.00727	0.00507	0.00425	0.00150	0.00578	0.00365	0.01694	0.00692
3	0.49235	0.03990	0.08194	0.02893	0.01259	0.03995	0.00777	0.07866	0.07832	0.02101	0.00918	0.01054	0.00715	0.00604	0.00500	0.06306	0.00480	0.00348	0.00328	0.00605
4	0.34245	0.11367	0.30242	0.01037	0.01529	0.01223	0.03528	0.01532	0.01020	0.03218	0.02991	0.01202	0.03906	0.00525	0.00414	0.00155	0.00556	0.00379	0.00285	0.00647
5	0.02875	0.00795	0.03470	0.06093	0.02891	0.00770	0.00654	0.07449	0.06624	0.14141	0.01554	0.05517	0.01453	0.32541	0.01499	0.09648	0.00494	0.00622	0.00383	0.00527
6	0.02772	0.12163	0.17077	0.05000	0.04104	0.05995	0.01112	0.12468	0.05885	0.15172	0.01414	0.01466	0.05340	0.00620	0.00579	0.00158	0.07112	0.00461	0.00371	0.00730
7	0.40661	0.01059	0.06594	0.00923	0.04268	0.02409	0.02452	0.09178	0.01081	0.01982	0.01240	0.13938	0.01212	0.10165	0.00688	0.00205	0.00465	0.00561	0.00350	0.00567
8	0.01294	0.49918	0.02175	0.00989	0.01342	0.05333	0.03955	0.03911	0.01084	0.01351	0.02620	0.02663	0.00867	0.00732	0.05244	0.00170	0.08914	0.00372	0.00256	0.06814
9	0.00986	0.00774	0.01009	0.04164	0.01150	0.03417	0.00749	0.09561	0.01042	0.03385	0.01294	0.01838	0.01167	0.05504	0.55014	0.00629	0.06956	0.00527	0.00306	0.00527
10	0.05495	0.01223	0.01498	0.17517	0.04449	0.01353	0.04108	0.45523	0.01852	0.02517	0.01410	0.01517	0.06497	0.00621	0.00512	0.00158	0.00569	0.00500	0.00420	0.02258
11	0.01243	0.01184	0.01986	0.06132	0.70029	0.01177	0.01498	0.01543	0.01155	0.01661	0.00959	0.01259	0.00804	0.00454	0.00499	0.00148	0.00596	0.00446	0.00257	0.06972
12	0.00647	0.00459	0.00600	0.00692	0.00727	0.00432	0.00460	0.00742	0.01003	0.01349	0.09965	0.66084	0.03375	0.09851	0.00852	0.00234	0.00313	0.01334	0.00468	0.00412
13	0.01951	0.01437	0.01540	0.01181	0.01591	0.01591	0.00975	0.77056	0.02412	0.03234	0.01232	0.01232	0.00873	0.00616	0.00513	0.00154	0.00565	0.00462	0.00513	0.00873
14	0.85592	0.00992	0.00754	0.00675	0.00992	0.01151	0.00556	0.01508	0.00873	0.02302	0.00714	0.00834	0.00556	0.00476	0.00318	0.00159	0.00397	0.00278	0.00318	0.00556
15	0.00628	0.00521	0.00549	0.00542	0.00706	0.00442	0.00406	0.00777	0.01219	0.01505	0.18131	0.04743	0.65552	0.01255	0.00606	0.00171	0.00257	0.01056	0.00492	0.00442
16	0.00606	0.00520	0.00520	0.00520	0.00693	0.00433	0.00390	0.00736	0.01170	0.01386	0.05198	0.04938	0.78558	0.01299	0.00606	0.00173	0.00260	0.01083	0.00476	0.00433
17	0.00606	0.00520	0.00520	0.00520	0.00693	0.00433	0.00390	0.00736	0.01170	0.01386	0.05198	0.04938	0.78558	0.01299	0.00606	0.00173	0.00260	0.01083	0.00476	0.00433
18	0.01064	0.00912	0.01064	0.00760	0.01216	0.00684	0.00608	0.01292	0.01064	0.01672	0.00912	0.01064	0.00760	0.00380	0.00380	0.00076	0.00380	0.00304	0.00304	0.85104
19	0.85592	0.00992	0.00754	0.00675	0.00992	0.01151	0.00556	0.01508	0.00873	0.02302	0.00714	0.00834	0.00556	0.00476	0.00318	0.00159	0.00397	0.00278	0.00318	0.00556
20	0.00741	0.00498	0.00574	0.00579	0.00584	0.00502	0.00334	0.00754	0.00759	0.01016	0.01649	0.06184	0.01893	0.75082	0.06415	0.00503	0.00534	0.00763	0.00315	0.00322
21	0.02195	0.00853	0.01164	0.00915	0.01292	0.00742	0.00759	0.02397	0.01448	0.73505	0.02074	0.02039	0.01392	0.00692	0.00530	0.00164	0.00439	0.05931	0.00623	0.00844
22	0.01951	0.01437	0.01540	0.01181	0.01591	0.01591	0.00975	0.77056	0.02412	0.03234	0.01232	0.01232	0.00873	0.00616	0.00513	0.00154	0.00565	0.00462	0.00513	0.00873
23	0.01367	0.01117	0.01189	0.01049	0.01352	0.01278	0.00822	0.08158	0.69211	0.05358	0.02023	0.01858	0.01503	0.00688	0.00521	0.00172	0.00419	0.00569	0.00526	0.00819
24	0.01176	0.01315	0.02811	0.13602	0.02806	0.01275	0.65914	0.01595	0.01184	0.01595	0.01020	0.01382	0.00765	0.00444	0.00592	0.00173	0.00839	0.00584	0.00255	0.00674
25	0.00625	0.00447	0.00595	0.00714	0.00744	0.00417	0.00476	0.00714	0.00982	0.01310	0.02828	0.81633	0.03394	0.01608	0.00655	0.00208	0.00298	0.01459	0.00476	0.00417
26	0.00969	0.00912	0.01539	0.80734	0.03534	0.01140	0.01425	0.01311	0.01026	0.01311	0.00912	0.01368	0.00684	0.00513	0.00513	0.00171	0.00684	0.00456	0.00228	0.00570
27	0.02277	0.00914	0.01216	0.00932	0.01330	0.00815	0.00770	0.07899	0.01537	0.73628	0.01967	0.01709	0.01241	0.00634	0.00516	0.00158	0.00446	0.00512	0.00626	0.00873
28	0.00891	0.00446	0.00668	0.00668	0.00668	0.00446	0.00446	0.00668	0.00668	0.00891	0.00891	0.01560	0.00891	0.01783	0.02005	0.85071	0.00446	0.00446	0.00223	0.00223
29	0.01976	0.01396	0.01514	0.01161	0.01571	0.01530	0.00959	0.71599	0.02343	0.08788	0.01290	0.01270	0.00902	0.00617	0.00513	0.00154	0.00555	0.00466	0.00522	0.00873
30	0.00645	0.00509	0.00571	0.00579	0.00710	0.00446	0.00419	0.00787	0.01182	0.01506	0.21482	0.15757	0.46145	0.06055	0.00732	0.00195	0.00275	0.01082	0.00487	0.00435
31	0.00625	0.00447	0.00595	0.00714	0.00744	0.00417	0.00476	0.00714	0.00982	0.01310	0.02828	0.81633	0.03394	0.01608	0.00655	0.00208	0.00298	0.01459	0.00476	0.00417
32	0.01372	0.82276	0.02689	0.00878	0.01317	0.02030	0.00878	0.01536	0.01043	0.01207	0.00713	0.00823	0.00658	0.00439	0.00329	0.00110	0.00549	0.00274	0.00219	0.00658
33	0.00956	0.00478	0.00478	0.00478	0.00598	0.00478	0.00359	0.01196	0.01076	0.01913	0.01674	0.01913	0.01315	0.00598	0.00359	0.00120	0.00239	0.00478	0.84816	0.00478
34	0.01096	0.00931	0.01081	0.00775	0.01230	0.00717	0.00621	0.04044	0.01113	0.01729	0.00924	0.01070	0.00764	0.00389	0.00385	0.00079	0.00387	0.00310	0.00312	0.82044
35	0.00735	0.00542	0.00787	0.00787	0.00866	0.00621	0.00594	0.00892	0.00813	0.01163	0.01409	0.02206	0.01365	0.14938	0.68957	0.00778	0.01250	0.00578	0.00280	0.00437
36	0.01916	0.01420	0.01520	0.01174	0.01578	0.01575	0.00967	0.73246	0.06278	0.03178	0.01276	0.01267	0.00908	0.00620	0.00514	0.00155	0.00556	0.00468	0.00514	0.00870
37	0.01064	0.00912	0.01064	0.00760	0.01216	0.00684	0.00608	0.01292	0.01064	0.01672	0.00912	0.01064	0.00760	0.00380	0.00380	0.00076	0.00380	0.00304	0.00304	0.85104
38	0.00646	0.00455	0.00589	0.00688	0.00713	0.00431	0.00448	0.00720	0.00942	0.01256	0.02621	0.68282	0.03133	0.15314	0.00989	0.00258	0.00332	0.01337	0.00448	0.00399
39	0.01411	0.76496	0.02599	0.00910	0.01336	0.07669	0.00886	0.01574	0.01072	0.01211	0.00719	0.00830	0.00659	0.00445	0.00339	0.00111	0.00576	0.00278	0.00223	0.00654
40	0.00746	0.00497	0.00560	0.00560	0.00560	0.00497	0.00311	0.00746	0.00746	0.00995	0.01617	0.03358	0.01865	0.81967	0.02612	0.00497	0.00497	0.00746	0.00311	0.00311
41	0.01847	0.02333	0.01460	0.07134	0.01729	0.74142	0.01023	0.01995	0.01423	0.01260	0.00802	0.00958	0.00663	0.00528	0.00466	0.00135	0.00908	0.00340	0.00262	0.00593
42	0.01064	0.00912	0.01064	0.00760	0.01216	0.00684	0.00608	0.01292	0.01064	0.01672	0.00912	0.01064	0.00760	0.00380	0.00380	0.00076	0.00380	0.00304	0.00304	0.85104
43	0.00625	0.00447	0.00595	0.00714	0.00744	0.00417	0.00476	0.00714	0.00982	0.01310	0.02828	0.81633	0.03394	0.01608	0.00655	0.00208	0.00298	0.01459	0.00476	0.00417
44	0.01372	0.82276	0.02689	0.00878	0.01317	0.02030	0.00878	0.01536	0.01043	0.01207	0.00713	0.00823	0.00658	0.00439	0.00329	0.00110	0.00549	0.00274	0.00219	0.00658
45	0.01024	0.00739	0.00884	0.00827	0.01011	0.00717	0.00611	0.17158	0.01315	0.04174	0.02183	0.50266	0.02406	0.01187	0.00580	0.00176	0.00371	0.01049	0.00464	0.12858
46	0.00726	0.00524	0.00686	0.00646	0.00767	0.00484	0.00484	0.00968	0.01452	0.02058	0.78496	0.03833	0.04841	0.01049	0.00605	0.00161	0.00242	0.00928	0.00565	0.00484
47	0.00891	0.00446	0.00668	0.00668	0.00668	0.00446	0.00446	0.00668	0.00668	0.00891	0.00891	0.01560	0.00891	0.01783	0.02005	0.85071	0.00446	0.00446	0.00223	0.00223
48	0.00625	0.00447	0.00595	0.00714	0.00744	0.00417	0.00476	0.00714	0.00982	0.01310	0.02828	0.81633	0.03394	0.01608	0.00655	0.00208	0.00298	0.01459	0.00476	0.00417
49	0.01363	0.79328	0.02648	0.00895	0.01318	0.02014	0.00887	0.01525	0.01033	0.01208	0.00712	0.00834	0.00659	0.00456	0.00378	0.00114	0.03472	0.00281	0.00220	0.00655
50	0.01389	0.01158	0.01224	0.01067	0.01377	0.01329	0.00839	0.15135	0.65248	0.02328	0.01945	0.01800	0.01451	0.00683	0.00521	0.00171	0.00433	0.00560	0.00521	0.00822
51	0.01367	0.01064	0.01271	0.09410	0.07226	0.01196	0.00924	0.02469	0.55170	0.11225	0.01877	0.01791	0.01385	0.00652	0.00519	0.00170	0.00453	0.00551	0.00486	0.00794
52	0.01253	0.01201	0.02051	0.07631	0.74421	0.01215	0.01566	0.01559	0.01160	0.01655	0.00962	0.01276	0.00805	0.00460	0.00508	0.00153	0.00614	0.00457	0.00252	0.00799

[dist]
# distance from previous block
# <min> <max>
0	15

[block]
# block no. 1 follows, 48 sequences, length 45
# corresponding to MSA columns:
# 351-395
name=unknown_B
#
# <colnr> <probs for GDERKNQSTAVLIFYWHMCP>
#	G	D	E	R	K	N	Q	S	T	A	V	L	I	F	Y	W	H	M	C	P
0	0.00657	0.00465	0.00615	0.00701	0.00752	0.00435	0.00483	0.00782	0.01077	0.01469	0.16864	0.63422	0.03600	0.01474	0.00639	0.00198	0.00290	0.03032	0.02613	0.00432
1	0.00639	0.00453	0.00591	0.00696	0.00722	0.00426	0.00457	0.00718	0.00955	0.01273	0.02685	0.72419	0.03214	0.11067	0.00885	0.00242	0.00321	0.01375	0.00457	0.00404
2	0.01951	0.01437	0.01540	0.01181	0.01591	0.01591	0.00975	0.77056	0.02412	0.03234	0.01232	0.01232	0.00873	0.00616	0.00513	0.00154	0.00565	0.00462	0.00513	0.00873
3	0.02108	0.00844	0.01138	0.00887	0.01251	0.00740	0.00727	0.03903	0.01487	0.68371	0.11075	0.01983	0.01685	0.00684	0.00527	0.00159	0.00416	0.00564	0.00624	0.00827
4	0.00751	0.00553	0.00715	0.00665	0.00808	0.00500	0.00502	0.00986	0.01396	0.01984	0.67469	0.06793	0.04416	0.01028	0.00592	0.00158	0.00261	0.02770	0.00539	0.07112
5	0.01824	0.02297	0.01405	0.01283	0.01534	0.73696	0.00964	0.01960	0.01405	0.01251	0.00839	0.01011	0.00710	0.00789	0.06690	0.00186	0.00961	0.00348	0.00265	0.00584
6	0.00956	0.00478	0.00478	0.00478	0.00598	0.00478	0.00359	0.01196	0.01076	0.01913	0.01674	0.01913	0.01315	0.00598	0.00359	0.00120	0.00239	0.00478	0.84816	0.00478
7	0.00891	0.00446	0.00668	0.00668	0.00668	0.00446	0.00446	0.00668	0.00668	0.00891	0.00891	0.01560	0.00891	0.01783	0.02005	0.85071	0.00446	0.00446	0.00223	0.00223
8	0.00652	0.00462	0.00610	0.00719	0.00753	0.00438	0.00489	0.00745	0.00977	0.01299	0.02711	0.68715	0.03223	0.08753	0.00833	0.00236	0.00329	0.07183	0.00461	0.00412
9	0.01270	0.01219	0.02083	0.03149	0.78767	0.01219	0.01575	0.01575	0.01168	0.01676	0.00965	0.01270	0.00813	0.00457	0.00508	0.00152	0.00610	0.00457	0.00254	0.00813
10	0.00956	0.00478	0.00478	0.00478	0.00598	0.00478	0.00359	0.01196	0.01076	0.01913	0.01674	0.01913	0.01315	0.00598	0.00359	0.00120	0.00239	0.00478	0.84816	0.00478
11	0.00815	0.00586	0.00811	0.00921	0.01041	0.00582	0.00801	0.01048	0.01187	0.01542	0.04640	0.05706	0.06062	0.01404	0.00702	0.00232	0.00458	0.70516	0.00475	0.00471
12	0.00708	0.00507	0.00675	0.00749	0.00823	0.00486	0.00553	0.00884	0.02795	0.01537	0.20366	0.45193	0.03549	0.01425	0.00681	0.02123	0.00325	0.15683	0.00491	0.00448
13	0.00625	0.00447	0.00595	0.00714	0.00744	0.00417	0.00476	0.00714	0.00982	0.01310	0.02828	0.81633	0.03394	0.01608	0.00655	0.00208	0.00298	0.01459	0.00476	0.00417
14	0.01345	0.76031	0.08698	0.00924	0.01388	0.01965	0.00958	0.01543	0.01046	0.01240	0.00730	0.00843	0.00658	0.00443	0.00342	0.00114	0.00565	0.00283	0.00219	0.00666
15	0.01089	0.00927	0.01078	0.00772	0.01227	0.00710	0.00618	0.03444	0.01102	0.01716	0.00921	0.01069	0.00763	0.00387	0.00384	0.00078	0.00385	0.00308	0.00310	0.82712
16	0.00748	0.00570	0.00839	0.00825	0.00916	0.00661	0.00643	0.00936	0.00897	0.01296	0.10490	0.02194	0.01680	0.03395	0.67299	0.00721	0.04527	0.00590	0.00307	0.00465
17	0.01847	0.04585	0.01464	0.01286	0.01557	0.71032	0.00973	0.02092	0.07929	0.01330	0.00901	0.01006	0.00738	0.00540	0.00464	0.00135	0.00871	0.00350	0.00285	0.00615
18	0.01206	0.01418	0.05051	0.02144	0.02669	0.01295	0.74914	0.01643	0.01208	0.01643	0.01035	0.01376	0.00775	0.00434	0.00602	0.00173	0.00862	0.00600	0.00258	0.00694
19	0.01348	0.01108	0.01178	0.01045	0.01345	0.01269	0.00817	0.06040	0.71397	0.05290	0.02048	0.01877	0.01523	0.00690	0.00521	0.00173	0.00414	0.00572	0.00526	0.00817
20	0.01372	0.82276	0.02689	0.00878	0.01317	0.02030	0.00878	0.01536	0.01043	0.01207	0.00713	0.00823	0.00658	0.00439	0.00329	0.00110	0.00549	0.00274	0.00219	0.00658
21	0.01189	0.01234	0.01562	0.01345	0.01367	0.08145	0.01112	0.01303	0.00842	0.01237	0.00684	0.01106	0.00672	0.00867	0.01581	0.00217	0.74306	0.00439	0.00228	0.00564
22	0.01119	0.00949	0.01112	0.05674	0.01374	0.02206	0.00675	0.02746	0.01103	0.03427	0.00941	0.01099	0.00767	0.00401	0.00395	0.00086	0.00413	0.00322	0.00310	0.74880
23	0.01083	0.12621	0.65329	0.01428	0.02133	0.01303	0.06015	0.01615	0.01085	0.01573	0.00901	0.01068	0.00658	0.00478	0.00474	0.00156	0.00738	0.00379	0.00219	0.00742
24	0.00956	0.00478	0.00478	0.00478	0.00598	0.00478	0.00359	0.01196	0.01076	0.01913	0.01674	0.01913	0.01315	0.00598	0.00359	0.00120	0.00239	0.00478	0.84816	0.00478
25	0.01270	0.01219	0.02083	0.03149	0.78767	0.01219	0.01575	0.01575	0.01168	0.01676	0.00965	0.01270	0.00813	0.00457	0.00508	0.00152	0.00610	0.00457	0.00254	0.00813
26	0.01951	0.01437	0.01540	0.01181	0.01591	0.01591	0.00975	0.77056	0.02412	0.03234	0.01232	0.01232	0.00873	0.00616	0.00513	0.00154	0.00565	0.00462	0.00513	0.00873
27	0.00969	0.00912	0.01539	0.80734	0.03534	0.01140	0.01425	0.01311	0.01026	0.01311	0.00912	0.01368	0.00684	0.00513	0.00513	0.00171	0.00684	0.00456	0.00228	0.00570
28	0.01119	0.00910	0.01070	0.00767	0.01220	0.00687	0.00615	0.01346	0.01082	0.05134	0.00962	0.01094	0.00783	0.00391	0.00386	0.00080	0.00383	0.00313	0.00319	0.81339
29	0.01361	0.79717	0.05152	0.00897	0.01346	0.02003	0.00911	0.01539	0.01044	0.01221	0.00720	0.00831	0.00658	0.00441	0.00334	0.00111	0.00555	0.00278	0.00219	0.00662
30	0.01802	0.01337	0.01433	0.01121	0.01500	0.01478	0.00919	0.64883	0.08728	0.03033	0.03886	0.01471	0.02798	0.00651	0.00516	0.00156	0.00527	0.00501	0.02423	0.00836
31	0.85592	0.00992	0.00754	0.00675	0.00992	0.01151	0.00556	0.01508	0.00873	0.02302	0.00714	0.00834	0.00556	0.00476	0.00318	0.00159	0.00397	0.00278	0.00318	0.00556
32	0.00624	0.00452	0.00589	0.00699	0.00740	0.00418	0.00470	0.00716	0.00997	0.01316	0.03014	0.75622	0.09284	0.01583	0.00651	0.00206	0.00295	0.01429	0.00476	0.00418
33	0.01978	0.01393	0.01513	0.01160	0.01569	0.01526	0.00958	0.71213	0.02339	0.09181	0.01294	0.01272	0.00904	0.00617	0.00514	0.00154	0.00555	0.00466	0.00523	0.00873
34	0.08577	0.00882	0.01158	0.00895	0.01286	0.00784	0.00739	0.02426	0.01424	0.73334	0.01926	0.01678	0.01216	0.00623	0.00501	0.00159	0.00434	0.00498	0.00611	0.00849
35	0.00606	0.00520	0.00520	0.00520	0.00693	0.00433	0.00390	0.00736	0.01170	0.01386	0.05198	0.04938	0.78558	0.01299	0.00606	0.00173	0.00260	0.01083	0.00476	0.00433
36	0.01329	0.01128	0.01190	0.01055	0.01354	0.01301	0.00825	0.08551	0.71929	0.02232	0.02021	0.01861	0.01512	0.00690	0.00521	0.00172	0.00419	0.00571	0.00521	0.00817
37	0.01029	0.02654	0.79309	0.01462	0.02221	0.01192	0.01896	0.01625	0.01083	0.01625	0.00921	0.01083	0.00650	0.00487	0.00487	0.00162	0.00758	0.00379	0.00217	0.00758
38	0.00623	0.00453	0.00589	0.00697	0.00740	0.00418	0.00468	0.00716	0.00999	0.01317	0.03042	0.74699	0.10189	0.01580	0.00651	0.00205	0.00294	0.01425	0.00476	0.00418
39	0.01372	0.82276	0.02689	0.00878	0.01317	0.02030	0.00878	0.01536	0.01043	0.01207	0.00713	0.00823	0.00658	0.00439	0.00329	0.00110	0.00549	0.00274	0.00219	0.00658
40	0.01064	0.00912	0.01064	0.00760	0.01216	0.00684	0.00608	0.01292	0.01064	0.01672	0.00912	0.01064	0.00760	0.00380	0.00380	0.00076	0.00380	0.00304	0.00304	0.85104
41	0.85592	0.00992	0.00754	0.00675	0.00992	0.01151	0.00556	0.01508	0.00873	0.02302	0.00714	0.00834	0.00556	0.00476	0.00318	0.00159	0.00397	0.00278	0.00318	0.00556
42	0.00733	0.00549	0.00821	0.00820	0.00912	0.00637	0.00637	0.00918	0.00840	0.01213	0.03319	0.02062	0.01372	0.03778	0.77934	0.00808	0.01346	0.00559	0.00282	0.00459
43	0.00606	0.00520	0.00520	0.00520	0.00693	0.00433	0.00390	0.00736	0.01170	0.01386	0.05198	0.04938	0.78558	0.01299	0.00606	0.00173	0.00260	0.01083	0.00476	0.00433
44	0.01276	0.01102	0.01160	0.01044	0.01334	0.01276	0.00812	0.02727	0.77840	0.02146	0.02088	0.01914	0.01566	0.00696	0.00522	0.00174	0.00406	0.00580	0.00522	0.00812

[dist]
# distance from previous block
# <min> <max>
0	5

[block]
# block no. 2 follows, 48 sequences, length 49
# corresponding to MSA columns:
# 401-449
name=unknown_C
#
# <colnr> <probs for GDERKNQSTAVLIFYWHMCP>
#	G	D	E	R	K	N	Q	S	T	A	V	L	I	F	Y	W	H	M	C	P
0	0.85592	0.00992	0.00754	0.00675	0.00992	0.01151	0.00556	0.01508	0.00873	0.02302	0.00714	0.00834	0.00556	0.00476	0.00318	0.00159	0.00397	0.00278	0.00318	0.00556
1	0.01135	0.00910	0.01071	0.00769	0.01221	0.00688	0.00616	0.01362	0.01087	0.06141	0.00976	0.01103	0.00789	0.00395	0.00388	0.00081	0.00383	0.00316	0.00323	0.80243
2	0.00625	0.00447	0.00595	0.00714	0.00744	0.00417	0.00476	0.00714	0.00982	0.01310	0.02828	0.81633	0.03394	0.01608	0.00655	0.00208	0.00298	0.01459	0.00476	0.00417
3	0.01951	0.01437	0.01540	0.01181	0.01591	0.01591	0.00975	0.77056	0.02412	0.03234	0.01232	0.01232	0.00873	0.00616	0.00513	0.00154	0.00565	0.00462	0.00513	0.00873
4	0.01887	0.01405	0.01504	0.01168	0.01567	0.01561	0.00960	0.70017	0.09555	0.03131	0.01313	0.01297	0.00938	0.00624	0.00514	0.00156	0.00550	0.00473	0.00514	0.00867
5	0.00720	0.00524	0.00678	0.00640	0.00763	0.00482	0.00480	0.00957	0.01439	0.02026	0.74996	0.03886	0.08362	0.01061	0.00605	0.00162	0.00243	0.00935	0.00561	0.00482
6	0.00891	0.00446	0.00668	0.00668	0.00668	0.00446	0.00446	0.00668	0.00668	0.00891	0.00891	0.01560	0.00891	0.01783	0.02005	0.85071	0.00446	0.00446	0.00223	0.00223
7	0.01247	0.01236	0.03907	0.07586	0.72586	0.01214	0.01574	0.01561	0.01158	0.01654	0.00961	0.01271	0.00801	0.00461	0.00508	0.00154	0.00617	0.00455	0.00252	0.00797
8	0.01104	0.20038	0.62581	0.01335	0.02023	0.01375	0.01674	0.01606	0.01074	0.01534	0.00876	0.01026	0.00652	0.00477	0.00453	0.00151	0.00713	0.00356	0.00217	0.00737
9	0.00891	0.00446	0.00668	0.00668	0.00668	0.00446	0.00446	0.00668	0.00668	0.00891	0.00891	0.01560	0.00891	0.01783	0.02005	0.85071	0.00446	0.00446	0.00223	0.00223
10	0.00678	0.00512	0.00627	0.00621	0.00743	0.00460	0.00457	0.00867	0.01305	0.01762	0.47110	0.15591	0.24990	0.01200	0.00613	0.00172	0.00255	0.01049	0.00527	0.00460
11	0.01357	0.01251	0.01937	0.06263	0.63622	0.05730	0.01458	0.01686	0.03804	0.06386	0.01056	0.01305	0.00852	0.00483	0.00507	0.00153	0.00614	0.00458	0.00286	0.00793
12	0.00891	0.00446	0.00668	0.00668	0.00668	0.00446	0.00446	0.00668	0.00668	0.00891	0.00891	0.01560	0.00891	0.01783	0.02005	0.85071	0.00446	0.00446	0.00223	0.00223
13	0.00937	0.00476	0.00485	0.00492	0.00606	0.00475	0.00365	0.01168	0.01071	0.01878	0.01740	0.06513	0.01435	0.00656	0.00376	0.00125	0.00242	0.00535	0.79949	0.00475
14	0.00649	0.00521	0.00580	0.00565	0.00719	0.00451	0.00424	0.00820	0.01271	0.01628	0.31550	0.04541	0.52055	0.01209	0.00606	0.00169	0.00253	0.01027	0.00508	0.00451
15	0.01043	0.04785	0.75134	0.01466	0.02209	0.01217	0.03923	0.01623	0.01086	0.01614	0.00918	0.01084	0.00654	0.00485	0.00486	0.00161	0.00756	0.00383	0.00218	0.00754
16	0.00743	0.00496	0.00561	0.00564	0.00564	0.00495	0.00315	0.00745	0.00752	0.01003	0.01648	0.05372	0.01905	0.79900	0.02561	0.00490	0.00492	0.00765	0.00315	0.00314
17	0.85592	0.00992	0.00754	0.00675	0.00992	0.01151	0.00556	0.01508	0.00873	0.02302	0.00714	0.00834	0.00556	0.00476	0.00318	0.00159	0.00397	0.00278	0.00318	0.00556
18	0.00616	0.00520	0.00533	0.00530	0.00699	0.00437	0.00397	0.00754	0.01191	0.01438	0.10884	0.04852	0.72840	0.01280	0.00606	0.00172	0.00259	0.01071	0.00483	0.00437
19	0.01029	0.02654	0.79309	0.01462	0.02221	0.01192	0.01896	0.01625	0.01083	0.01625	0.00921	0.01083	0.00650	0.00487	0.00487	0.00162	0.00758	0.00379	0.00217	0.00758
20	0.02175	0.00877	0.01178	0.00897	0.01300	0.00747	0.00739	0.02377	0.01427	0.71195	0.01910	0.01677	0.01218	0.00609	0.00502	0.00150	0.00431	0.00494	0.00601	0.09495
21	0.01812	0.09779	0.06327	0.01290	0.01600	0.67953	0.01036	0.01976	0.01394	0.01274	0.00794	0.00926	0.00660	0.00518	0.00452	0.00132	0.00881	0.00328	0.00257	0.00611
22	0.02273	0.00919	0.01219	0.00935	0.01333	0.00823	0.00772	0.08602	0.01546	0.72912	0.01959	0.01704	0.01238	0.00634	0.00516	0.00158	0.00447	0.00512	0.00625	0.00873
23	0.00606	0.00520	0.00520	0.00520	0.00693	0.00433	0.00390	0.00736	0.01170	0.01386	0.05198	0.04938	0.78558	0.01299	0.00606	0.00173	0.00260	0.01083	0.00476	0.00433
24	0.00645	0.00515	0.00580	0.00589	0.00731	0.00449	0.00439	0.00801	0.01215	0.01542	0.22166	0.13895	0.49206	0.01282	0.00616	0.00177	0.00268	0.03941	0.00497	0.00445
25	0.02265	0.00874	0.01187	0.00908	0.01307	0.00752	0.00750	0.02464	0.01456	0.76781	0.01991	0.01726	0.01255	0.00627	0.00512	0.00156	0.00435	0.00510	0.00625	0.03419
26	0.01090	0.00605	0.00802	0.00707	0.00892	0.00547	0.00547	0.01322	0.01456	0.19856	0.60834	0.03351	0.04017	0.00953	0.00585	0.00161	0.00287	0.00833	0.00581	0.00574
27	0.01064	0.00912	0.01064	0.00760	0.01216	0.00684	0.00608	0.01292	0.01064	0.01672	0.00912	0.01064	0.00760	0.00380	0.00380	0.00076	0.00380	0.00304	0.00304	0.85104
28	0.00733	0.00550	0.00825	0.00825	0.00916	0.00641	0.00641	0.00916	0.00825	0.01191	0.01374	0.02016	0.01283	0.03848	0.79934	0.00825	0.01374	0.00550	0.00275	0.00458
29	0.01372	0.82276	0.02689	0.00878	0.01317	0.02030	0.00878	0.01536	0.01043	0.01207	0.00713	0.00823	0.00658	0.00439	0.00329	0.00110	0.00549	0.00274	0.00219	0.00658
30	0.00891	0.00446	0.00668	0.00668	0.00668	0.00446	0.00446	0.00668	0.00668	0.00891	0.00891	0.01560	0.00891	0.01783	0.02005	0.85071	0.00446	0.00446	0.00223	0.00223
31	0.00969	0.00912	0.01539	0.80734	0.03534	0.01140	0.01425	0.01311	0.01026	0.01311	0.00912	0.01368	0.00684	0.00513	0.00513	0.00171	0.00684	0.00456	0.00228	0.00570
32	0.00625	0.00447	0.00595	0.00714	0.00744	0.00417	0.00476	0.00714	0.00982	0.01310	0.02828	0.81633	0.03394	0.01608	0.00655	0.00208	0.00298	0.01459	0.00476	0.00417
33	0.01800	0.01284	0.01414	0.01073	0.01492	0.01338	0.00882	0.55528	0.02061	0.09172	0.01232	0.01240	0.00883	0.00570	0.00486	0.00139	0.00517	0.00434	0.00481	0.17974
34	0.12966	0.00918	0.01039	0.00770	0.01198	0.00759	0.00621	0.01493	0.01095	0.12737	0.01042	0.01129	0.00804	0.00430	0.00391	0.00099	0.00390	0.00330	0.00353	0.61436
35	0.01902	0.01355	0.01486	0.01185	0.03064	0.01486	0.00954	0.62436	0.09454	0.09303	0.01373	0.01339	0.00970	0.00622	0.00514	0.00156	0.00540	0.00477	0.00519	0.00866
36	0.01057	0.00810	0.01254	0.01657	0.26617	0.00801	0.01054	0.01310	0.01197	0.06333	0.03853	0.05468	0.02198	0.01049	0.00627	0.00202	0.00507	0.42985	0.00413	0.00608
37	0.00625	0.00447	0.00595	0.00714	0.00744	0.00417	0.00476	0.00714	0.00982	0.01310	0.02828	0.81633	0.03394	0.01608	0.00655	0.00208	0.00298	0.01459	0.00476	0.00417
38	0.01035	0.02611	0.76715	0.01486	0.02236	0.01195	0.04446	0.01626	0.01088	0.01626	0.00925	0.01094	0.00654	0.00486	0.00492	0.00163	0.00762	0.00387	0.00218	0.00756
39	0.01107	0.02545	0.74533	0.01429	0.02165	0.01165	0.01826	0.01678	0.01107	0.06363	0.00988	0.01124	0.00688	0.00497	0.00489	0.00162	0.00739	0.00388	0.00242	0.00765
40	0.00969	0.00912	0.01539	0.80734	0.03534	0.01140	0.01425	0.01311	0.01026	0.01311	0.00912	0.01368	0.00684	0.00513	0.00513	0.00171	0.00684	0.00456	0.00228	0.00570
41	0.01372	0.82276	0.02689	0.00878	0.01317	0.02030	0.00878	0.01536	0.01043	0.01207	0.00713	0.00823	0.00658	0.00439	0.00329	0.00110	0.00549	0.00274	0.00219	0.00658
42	0.00625	0.00447	0.00595	0.00714	0.00744	0.00417	0.00476	0.00714	0.00982	0.01310	0.02828	0.81633	0.03394	0.01608	0.00655	0.00208	0.00298	0.01459	0.00476	0.00417
43	0.00733	0.00550	0.00825	0.00825	0.00916	0.00641	0.00641	0.00916	0.00825	0.01191	0.01374	0.02016	0.01283	0.03848	0.79934	0.00825	0.01374	0.00550	0.00275	0.00458
44	0.00746	0.00497	0.00560	0.00560	0.00560	0.00497	0.00311	0.00746	0.00746	0.00995	0.01617	0.03358	0.01865	0.81967	0.02612	0.00497	0.00497	0.00746	0.00311	0.00311
45	0.01110	0.01104	0.01547	0.01330	0.01333	0.01541	0.01107	0.01225	0.00787	0.01233	0.00696	0.01152	0.00693	0.00994	0.04218	0.00244	0.78449	0.00452	0.00226	0.00558
46	0.01238	0.01192	0.02052	0.11062	0.69039	0.01213	0.03569	0.01550	0.01155	0.01638	0.00962	0.01283	0.00799	0.00462	0.00511	0.00155	0.00624	0.00461	0.00251	0.00785
47	0.00625	0.00447	0.00595	0.00714	0.00744	0.00417	0.00476	0.00714	0.00982	0.01310	0.02828	0.81633	0.03394	0.01608	0.00655	0.00208	0.00298	0.01459	0.00476	0.00417
48	0.01272	0.01240	0.02029	0.07833	0.71668	0.03763	0.01547	0.01574	0.01169	0.01640	0.00956	0.01265	0.00800	0.00463	0.00507	0.00153	0.00624	0.00453	0.00253	0.00791

[dist]
# distance from previous block
# <min> <max>
0	4

[block]
# block no. 3 follows, 48 sequences, length 82
# corresponding to MSA columns:
# 454-535
name=unknown_D
#
# <colnr> <probs for GDERKNQSTAVLIFYWHMCP>
#	G	D	E	R	K	N	Q	S	T	A	V	L	I	F	Y	W	H	M	C	P
0	0.00638	0.00473	0.00648	0.00737	0.00786	0.00438	0.02253	0.00737	0.00999	0.01322	0.02923	0.75333	0.07673	0.01562	0.00651	0.00206	0.00309	0.01417	0.00471	0.00424
1	0.01260	0.01054	0.01116	0.01003	0.01288	0.01200	0.00780	0.02578	0.70036	0.04448	0.02308	0.02125	0.07047	0.00737	0.00528	0.00174	0.00397	0.00614	0.00522	0.00787
2	0.00746	0.00497	0.00560	0.00560	0.00560	0.00497	0.00311	0.00746	0.00746	0.00995	0.01617	0.03358	0.01865	0.81967	0.02612	0.00497	0.00497	0.00746	0.00311	0.00311
3	0.01029	0.02654	0.79309	0.01462	0.02221	0.01192	0.01896	0.01625	0.01083	0.01625	0.00921	0.01083	0.00650	0.00487	0.00487	0.00162	0.00758	0.00379	0.00217	0.00758
4	0.01200	0.01036	0.01087	0.00984	0.01261	0.01180	0.00764	0.02500	0.69099	0.02060	0.02443	0.02259	0.10344	0.00765	0.00532	0.00174	0.00389	0.00637	0.00517	0.00769
5	0.02176	0.00867	0.01154	0.00899	0.01276	0.00771	0.00738	0.02449	0.05857	0.70865	0.02011	0.01764	0.01289	0.00637	0.00509	0.00158	0.00425	0.00518	0.04787	0.00850
6	0.00669	0.00497	0.00691	0.07637	0.00987	0.00499	0.00561	0.00781	0.00963	0.01285	0.02497	0.65009	0.02933	0.06058	0.06127	0.00263	0.00415	0.01271	0.00432	0.00427
7	0.01263	0.01212	0.02070	0.04913	0.77056	0.01217	0.01571	0.01569	0.01165	0.01668	0.00964	0.01272	0.00810	0.00458	0.00508	0.00153	0.00611	0.00457	0.00253	0.00807
8	0.00662	0.00502	0.00708	0.00783	0.00827	0.00489	0.02840	0.00763	0.00982	0.01317	0.02689	0.76044	0.03208	0.01544	0.00693	0.00208	0.03457	0.01393	0.00460	0.00431
9	0.00973	0.00918	0.01540	0.78620	0.03476	0.01151	0.01417	0.01309	0.01020	0.01309	0.00906	0.01361	0.00684	0.00523	0.00544	0.00172	0.02824	0.00456	0.00228	0.00570
10	0.85592	0.00992	0.00754	0.00675	0.00992	0.01151	0.00556	0.01508	0.00873	0.02302	0.00714	0.00834	0.00556	0.00476	0.00318	0.00159	0.00397	0.00278	0.00318	0.00556
11	0.82733	0.01008	0.00781	0.00692	0.01013	0.01166	0.00570	0.04090	0.00926	0.02334	0.00732	0.00847	0.00567	0.00481	0.00324	0.00159	0.00403	0.00284	0.00324	0.00567
12	0.01064	0.00912	0.01064	0.00760	0.01216	0.00684	0.00608	0.01292	0.01064	0.01672	0.00912	0.01064	0.00760	0.00380	0.00380	0.00076	0.00380	0.00304	0.00304	0.85104
13	0.01925	0.01413	0.01513	0.01163	0.01566	0.01563	0.00959	0.75116	0.02378	0.03200	0.01243	0.01249	0.00884	0.00615	0.00509	0.00153	0.00556	0.00462	0.02669	0.00863
14	0.00623	0.00481	0.00569	0.00631	0.00725	0.00427	0.00441	0.00737	0.01084	0.01381	0.07836	0.46169	0.34155	0.01452	0.00632	0.00192	0.00279	0.01277	0.00481	0.00427
15	0.00726	0.00524	0.00686	0.00646	0.00767	0.00484	0.00484	0.00968	0.01452	0.02058	0.78496	0.03833	0.04841	0.01049	0.00605	0.00161	0.00242	0.00928	0.00565	0.00484
16	0.00738	0.00498	0.00581	0.00588	0.00597	0.00503	0.00345	0.00756	0.00767	0.01029	0.01676	0.08229	0.01921	0.71259	0.08039	0.00503	0.00548	0.00777	0.00319	0.00328
17	0.02302	0.00873	0.01191	0.00913	0.01310	0.00754	0.00754	0.02501	0.01469	0.79122	0.02024	0.01746	0.01270	0.00635	0.00516	0.00159	0.00437	0.00516	0.00635	0.00873
18	0.01123	0.01123	0.01572	0.01347	0.01347	0.01572	0.01123	0.01235	0.00786	0.01235	0.00674	0.01123	0.00674	0.00898	0.01684	0.00225	0.81028	0.00449	0.00225	0.00561
19	0.01951	0.01437	0.01540	0.01181	0.01591	0.01591	0.00975	0.77056	0.02412	0.03234	0.01232	0.01232	0.00873	0.00616	0.00513	0.00154	0.00565	0.00462	0.00513	0.00873
20	0.00698	0.00498	0.00679	0.00797	0.00859	0.00479	0.00602	0.00840	0.01054	0.01391	0.02788	0.54373	0.03235	0.01539	0.00674	0.00218	0.00361	0.28003	0.00475	0.00437
21	0.85592	0.00992	0.00754	0.00675	0.00992	0.01151	0.00556	0.01508	0.00873	0.02302	0.00714	0.00834	0.00556	0.00476	0.00318	0.00159	0.00397	0.00278	0.00318	0.00556
22	0.01917	0.02445	0.01454	0.01322	0.01586	0.79907	0.00991	0.02049	0.01454	0.01256	0.00793	0.00925	0.00661	0.00529	0.00463	0.00132	0.00925	0.00330	0.00264	0.00595
23	0.01735	0.02147	0.01414	0.01282	0.01496	0.64633	0.00971	0.01859	0.01330	0.01247	0.00872	0.03820	0.00792	0.02952	0.00691	0.00157	0.11361	0.00397	0.00268	0.00576
24	0.00726	0.00524	0.00686	0.00646	0.00767	0.00484	0.00484	0.00968	0.01452	0.02058	0.78496	0.03833	0.04841	0.01049	0.00605	0.00161	0.00242	0.00928	0.00565	0.00484
25	0.00746	0.00497	0.00560	0.00560	0.00560	0.00497	0.00311	0.00746	0.00746	0.00995	0.01617	0.03358	0.01865	0.81967	0.02612	0.00497	0.00497	0.00746	0.00311	0.00311
26	0.00973	0.00918	0.01540	0.78487	0.03472	0.01152	0.01416	0.01309	0.01019	0.01309	0.00905	0.01361	0.00684	0.00524	0.00546	0.00173	0.02958	0.00456	0.00228	0.00570
27	0.00733	0.00550	0.00825	0.00825	0.00916	0.00641	0.00641	0.00916	0.00825	0.01191	0.01374	0.02016	0.01283	0.03848	0.79934	0.00825	0.01374	0.00550	0.00275	0.00458
28	0.00746	0.00497	0.00560	0.00560	0.00560	0.00497	0.00311	0.00746	0.00746	0.00995	0.01617	0.03358	0.01865	0.81967	0.02612	0.00497	0.00497	0.00746	0.00311	0.00311
29	0.00625	0.00447	0.00595	0.00714	0.00744	0.00417	0.00476	0.00714	0.00982	0.01310	0.02828	0.81633	0.03394	0.01608	0.00655	0.00208	0.00298	0.01459	0.00476	0.00417
30	0.01029	0.02654	0.79309	0.01462	0.02221	0.01192	0.01896	0.01625	0.01083	0.01625	0.00921	0.01083	0.00650	0.00487	0.00487	0.00162	0.00758	0.00379	0.00217	0.00758
31	0.00891	0.00446	0.00668	0.00668	0.00668	0.00446	0.00446	0.00668	0.00668	0.00891	0.00891	0.01560	0.00891	0.01783	0.02005	0.85071	0.00446	0.00446	0.00223	0.00223
32	0.00625	0.00447	0.00595	0.00714	0.00744	0.00417	0.00476	0.00714	0.00982	0.01310	0.02828	0.81633	0.03394	0.01608	0.00655	0.00208	0.00298	0.01459	0.00476	0.00417
33	0.01245	0.01193	0.02037	0.09669	0.72445	0.01212	0.01562	0.01553	0.01156	0.01646	0.00961	0.01278	0.00802	0.00462	0.00508	0.00154	0.00616	0.00457	0.00252	0.00792
34	0.00666	0.00511	0.00763	0.00814	0.00878	0.00477	0.05743	0.00778	0.00998	0.01333	0.02705	0.76103	0.03213	0.01527	0.00652	0.00206	0.00337	0.01400	0.00461	0.00436
35	0.01029	0.02654	0.79309	0.01462	0.02221	0.01192	0.01896	0.01625	0.01083	0.01625	0.00921	0.01083	0.00650	0.00487	0.00487	0.00162	0.00758	0.00379	0.00217	0.00758
36	0.00606	0.00520	0.00520	0.00520	0.00693	0.00433	0.00390	0.00736	0.01170	0.01386	0.05198	0.04938	0.78558	0.01299	0.00606	0.00173	0.00260	0.01083	0.00476	0.00433
37	0.02227	0.00876	0.01183	0.00904	0.01304	0.00750	0.00745	0.02427	0.01444	0.74433	0.01957	0.01705	0.01239	0.00620	0.00508	0.00154	0.00433	0.00503	0.00615	0.05972
38	0.01064	0.00912	0.01064	0.00760	0.01216	0.00684	0.00608	0.01292	0.01064	0.01672	0.00912	0.01064	0.00760	0.00380	0.00380	0.00076	0.00380	0.00304	0.00304	0.85104
39	0.01262	0.01211	0.02068	0.05216	0.76763	0.01217	0.01571	0.01568	0.01165	0.01667	0.00964	0.01273	0.00809	0.00459	0.00508	0.00153	0.00612	0.00457	0.00253	0.00806
40	0.01165	0.05326	0.11516	0.01564	0.08636	0.01405	0.10453	0.01405	0.00955	0.03763	0.00894	0.01322	0.00794	0.00809	0.03151	0.00212	0.43171	0.02575	0.00251	0.00634
41	0.00733	0.00550	0.00825	0.00825	0.00916	0.00641	0.00641	0.00916	0.00825	0.01191	0.01374	0.02016	0.01283	0.03848	0.79934	0.00825	0.01374	0.00550	0.00275	0.00458
42	0.03385	0.00771	0.00737	0.01990	0.00926	0.09547	0.00570	0.01033	0.03130	0.01492	0.11924	0.16964	0.32295	0.02638	0.00635	0.00186	0.00386	0.10466	0.00451	0.00473
43	0.01196	0.01473	0.13199	0.11447	0.10094	0.03933	0.41602	0.01602	0.01180	0.03567	0.01099	0.01540	0.00869	0.00509	0.00566	0.00171	0.00775	0.04220	0.00270	0.00689
44	0.00891	0.00446	0.00668	0.00668	0.00668	0.00446	0.00446	0.00668	0.00668	0.00891	0.00891	0.01560	0.00891	0.01783	0.02005	0.85071	0.00446	0.00446	0.00223	0.00223
45	0.00624	0.00450	0.00592	0.00705	0.00742	0.00418	0.00472	0.00716	0.00992	0.01314	0.02945	0.77844	0.07107	0.01592	0.00653	0.00207	0.00296	0.01440	0.00476	0.00418
46	0.01372	0.82276	0.02689	0.00878	0.01317	0.02030	0.00878	0.01536	0.01043	0.01207	0.00713	0.00823	0.00658	0.00439	0.00329	0.00110	0.00549	0.00274	0.00219	0.00658
47	0.01256	0.27412	0.28115	0.01503	0.07615	0.05375	0.14370	0.01618	0.01113	0.02820	0.00882	0.01072	0.00699	0.00480	0.00503	0.00148	0.03682	0.00393	0.00238	0.00706
48	0.01123	0.01123	0.01572	0.01347	0.01347	0.01572	0.01123	0.01235	0.00786	0.01235	0.00674	0.01123	0.00674	0.00898	0.01684	0.00225	0.81028	0.00449	0.00225	0.00561
49	0.00606	0.00520	0.00520	0.00520	0.00693	0.00433	0.00390	0.00736	0.01170	0.01386	0.05198	0.04938	0.78558	0.01299	0.00606	0.00173	0.00260	0.01083	0.00476	0.00433
50	0.01056	0.01023	0.01430	0.01245	0.01254	0.01406	0.01023	0.01169	0.00792	0.01221	0.00838	0.03355	0.00856	0.05186	0.08747	0.00292	0.67833	0.00498	0.00240	0.00536
51	0.02302	0.00873	0.01191	0.00913	0.01310	0.00754	0.00754	0.02501	0.01469	0.79122	0.02024	0.01746	0.01270	0.00635	0.00516	0.00159	0.00437	0.00516	0.00635	0.00873
52	0.00734	0.00547	0.00812	0.00812	0.00899	0.00634	0.00625	0.00908	0.00821	0.01182	0.01386	0.02081	0.01311	0.07668	0.76154	0.00809	0.01332	0.00559	0.00277	0.00451
53	0.00764	0.00530	0.00619	0.00608	0.00612	0.00556	0.00363	0.00777	0.00751	0.01014	0.01561	0.03198	0.01785	0.75063	0.05436	0.00496	0.04508	0.00724	0.00305	0.00329
54	0.02275	0.00916	0.01217	0.00933	0.01331	0.00818	0.00771	0.08149	0.01540	0.73372	0.01964	0.01707	0.01240	0.00634	0.00516	0.00158	0.00446	0.00512	0.00626	0.00873
55	0.00721	0.00521	0.00681	0.00649	0.00765	0.00481	0.00484	0.00956	0.01429	0.02021	0.74758	0.07676	0.04770	0.01077	0.00608	0.00164	0.00245	0.00954	0.00560	0.00481
56	0.82499	0.00988	0.00770	0.00684	0.01004	0.01136	0.00563	0.01545	0.00895	0.05154	0.00763	0.00867	0.00582	0.00482	0.00325	0.00159	0.00398	0.00287	0.00329	0.00567
57	0.02256	0.00946	0.01236	0.00948	0.01346	0.00863	0.00783	0.12187	0.01591	0.69263	0.01921	0.01680	0.01218	0.00633	0.00516	0.00158	0.00453	0.00509	0.00619	0.00873
58	0.01064	0.00912	0.01064	0.00760	0.01216	0.00684	0.00608	0.01292	0.01064	0.01672	0.00912	0.01064	0.00760	0.00380	0.00380	0.00076	0.00380	0.00304	0.00304	0.85104
59	0.00642	0.00453	0.00591	0.00693	0.00719	0.00428	0.00454	0.00719	0.00950	0.01267	0.02664	0.71036	0.03187	0.12486	0.00920	0.00248	0.00325	0.01362	0.00454	0.00402
60	0.00625	0.00447	0.00595	0.00714	0.00744	0.00417	0.00476	0.00714	0.00982	0.01310	0.02828	0.81633	0.03394	0.01608	0.00655	0.00208	0.00298	0.01459	0.00476	0.00417
61	0.85592	0.00992	0.00754	0.00675	0.00992	0.01151	0.00556	0.01508	0.00873	0.02302	0.00714	0.00834	0.00556	0.00476	0.00318	0.00159	0.00397	0.00278	0.00318	0.00556
62	0.02149	0.01120	0.01343	0.01030	0.01433	0.01120	0.00851	0.35070	0.01881	0.45970	0.01678	0.01522	0.01096	0.00627	0.00515	0.00157	0.00493	0.00492	0.00582	0.00873
63	0.01157	0.00876	0.00966	0.00849	0.01116	0.00911	0.00662	0.05153	0.35471	0.08641	0.13018	0.02747	0.19041	0.00849	0.00542	0.00163	0.00359	0.00710	0.00513	0.06256
64	0.03059	0.05889	0.64066	0.01511	0.02214	0.01241	0.11734	0.01621	0.01093	0.01625	0.00922	0.01106	0.00665	0.00478	0.00492	0.00162	0.00755	0.00402	0.00225	0.00740
65	0.01555	0.01086	0.01207	0.01034	0.01356	0.01195	0.00823	0.12605	0.50350	0.17415	0.01980	0.01908	0.01457	0.00695	0.00525	0.00170	0.00435	0.02838	0.00542	0.00822
66	0.00690	0.00523	0.00635	0.00607	0.00744	0.00469	0.00455	0.00898	0.01366	0.01853	0.56171	0.04169	0.27294	0.01125	0.00606	0.00165	0.00248	0.00975	0.00538	0.00469
67	0.01197	0.01380	0.12807	0.12974	0.58312	0.01205	0.01600	0.01548	0.01138	0.01622	0.00952	0.01257	0.00773	0.00469	0.00506	0.00156	0.00640	0.00446	0.00245	0.00774
68	0.16330	0.00969	0.01164	0.00908	0.01294	0.00933	0.00750	0.12313	0.01494	0.55982	0.01697	0.01523	0.01096	0.00606	0.00482	0.00158	0.00447	0.00469	0.00565	0.00819
69	0.01354	0.00976	0.01097	0.00978	0.01248	0.01075	0.00767	0.05578	0.50086	0.12551	0.05470	0.05091	0.01749	0.00825	0.00613	0.04369	0.00411	0.04495	0.00520	0.00747
70	0.00636	0.00456	0.00600	0.00711	0.00748	0.00427	0.00481	0.00729	0.00988	0.01310	0.02865	0.73482	0.05932	0.04336	0.00722	0.00218	0.00310	0.04163	0.00471	0.00416
71	0.01768	0.01296	0.01395	0.01093	0.01443	0.01426	0.00881	0.65721	0.02172	0.02910	0.01324	0.03794	0.01064	0.10392	0.00769	0.00197	0.00549	0.00525	0.00488	0.00792
72	0.85592	0.00992	0.00754	0.00675	0.00992	0.01151	0.00556	0.01508	0.00873	0.02302	0.00714	0.00834	0.00556	0.00476	0.00318	0.00159	0.00397	0.00278	0.00318	0.00556
73	0.01160	0.02544	0.06224	0.00922	0.03315	0.06086	0.00729	0.08127	0.08124	0.08762	0.25585	0.05374	0.02424	0.11003	0.04254	0.00229	0.00482	0.00681	0.03378	0.00596
74	0.01250	0.01076	0.01139	0.01027	0.01312	0.01235	0.00797	0.02629	0.73689	0.02108	0.02090	0.04622	0.01613	0.00721	0.00524	0.00173	0.00402	0.00605	0.00516	0.02472
75	0.00793	0.00536	0.00606	0.00592	0.00611	0.00545	0.00347	0.03768	0.00814	0.01089	0.01595	0.03236	0.01810	0.76540	0.04717	0.00493	0.00525	0.00729	0.00318	0.00337
76	0.85592	0.00992	0.00754	0.00675	0.00992	0.01151	0.00556	0.01508	0.00873	0.02302	0.00714	0.00834	0.00556	0.00476	0.00318	0.00159	0.00397	0.00278	0.00318	0.00556
77	0.00629	0.00449	0.00599	0.00712	0.00745	0.00419	0.00477	0.00723	0.00999	0.01336	0.05452	0.78935	0.03444	0.01588	0.00653	0.00207	0.00296	0.01440	0.00479	0.00419
78	0.01064	0.00912	0.01064	0.00760	0.01216	0.00684	0.00608	0.01292	0.01064	0.01672	0.00912	0.01064	0.00760	0.00380	0.00380	0.00076	0.00380	0.00304	0.00304	0.85104
79	0.00687	0.00521	0.00632	0.00608	0.00743	0.00467	0.00455	0.00890	0.01353	0.01831	0.53921	0.06007	0.27733	0.01140	0.00607	0.00166	0.00249	0.00989	0.00535	0.00467
80	0.04099	0.01313	0.01443	0.01111	0.01515	0.01413	0.00916	0.59433	0.03766	0.15944	0.01364	0.01319	0.00944	0.00612	0.00506	0.00154	0.00532	0.00466	0.00525	0.02626
81	0.01049	0.05569	0.74248	0.01489	0.04384	0.01224	0.01849	0.01620	0.01084	0.01611	0.00914	0.01079	0.00655	0.00485	0.00482	0.00160	0.00746	0.00378	0.00218	0.00756

[dist]
# distance from previous block
# <min> <max>
0	17

[block]
# block no. 4 follows, 48 sequences, length 32
# corresponding to MSA columns:
# 553-584
name=unknown_E
#
# <colnr> <probs for GDERKNQSTAVLIFYWHMCP>
#	G	D	E	R	K	N	Q	S	T	A	V	L	I	F	Y	W	H	M	C	P
0	0.85592	0.00992	0.00754	0.00675	0.00992	0.01151	0.00556	0.01508	0.00873	0.02302	0.00714	0.00834	0.00556	0.00476	0.00318	0.00159	0.00397	0.00278	0.00318	0.00556
1	0.01276	0.01102	0.01160	0.01044	0.01334	0.01276	0.00812	0.02727	0.77840	0.02146	0.02088	0.01914	0.01566	0.00696	0.00522	0.00174	0.00406	0.00580	0.00522	0.00812
2	0.02212	0.00890	0.01188	0.00916	0.01302	0.00790	0.00755	0.06703	0.01522	0.71356	0.05372	0.01810	0.01406	0.00652	0.00520	0.00159	0.00435	0.00531	0.00625	0.00856
3	0.00969	0.00912	0.01539	0.80734	0.03534	0.01140	0.01425	0.01311	0.01026	0.01311	0.00912	0.01368	0.00684	0.00513	0.00513	0.00171	0.00684	0.00456	0.00228	0.00570
4	0.00817	0.00590	0.00735	0.00778	0.00868	0.00585	0.00552	0.11135	0.01213	0.01628	0.07761	0.63771	0.03140	0.01430	0.00633	0.00198	0.00334	0.02859	0.00487	0.00485
5	0.00785	0.00561	0.00779	0.00897	0.00997	0.00554	0.00754	0.00990	0.01140	0.01488	0.02740	0.21620	0.03045	0.01457	0.00697	0.00230	0.00436	0.59897	0.00473	0.00461
6	0.00870	0.00596	0.00697	0.00671	0.00742	0.00617	0.00448	0.08822	0.01011	0.01398	0.05008	0.12189	0.01967	0.46041	0.10647	0.00424	0.00551	0.00768	0.06113	0.00418
7	0.01921	0.02326	0.01464	0.01305	0.01587	0.70644	0.00989	0.10921	0.01567	0.01490	0.00845	0.00962	0.00686	0.00539	0.00469	0.00135	0.00883	0.00346	0.00294	0.00628
