[name]
unknown

[dist]
# distance from previous block
# <min> <max>
2	244

[block]
# block no. 0 follows, 46 sequences, length 8
# corresponding to MSA columns:
# 298-305
name=unknown_A
#
# <colnr> <probs for GDERKNQSTAVLIFYWHMCP>
#	G	D	E	R	K	N	Q	S	T	A	V	L	I	F	Y	W	H	M	C	P
0	0.11910	0.23144	0.30144	0.01051	0.01525	0.01278	0.01155	0.01453	0.01122	0.01684	0.12077	0.08573	0.01532	0.00674	0.00469	0.00156	0.00557	0.00529	0.00313	0.00655
1	0.01450	0.06858	0.12871	0.07300	0.22117	0.17554	0.04963	0.11877	0.01412	0.01774	0.01200	0.01447	0.04193	0.00573	0.00514	0.00157	0.00707	0.01995	0.00306	0.00733
2	0.01735	0.01061	0.01140	0.00937	0.01250	0.12001	0.00743	0.01934	0.01409	0.37506	0.15769	0.05441	0.01908	0.00738	0.00572	0.00154	0.03307	0.00595	0.00521	0.11279
3	0.00653	0.00530	0.00601	0.00615	0.00758	0.00478	0.00456	0.00795	0.01144	0.01426	0.08421	0.14899	0.52838	0.01745	0.11927	0.00279	0.00437	0.01081	0.00466	0.00451
4	0.61839	0.01303	0.12052	0.00870	0.01274	0.01214	0.00819	0.08312	0.01101	0.05857	0.00876	0.00976	0.00650	0.00513	0.00380	0.00164	0.00480	0.00330	0.00345	0.00647
5	0.01237	0.00829	0.00917	0.00819	0.01024	0.00890	0.00635	0.24428	0.05138	0.02228	0.01793	0.16038	0.01610	0.01099	0.07197	0.00215	0.00469	0.00681	0.32133	0.00622
6	0.00783	0.00596	0.00859	0.00844	0.00918	0.00700	0.00642	0.00939	0.00835	0.01200	0.01407	0.02222	0.01370	0.15194	0.63054	0.00760	0.06345	0.00590	0.00285	0.00456
7	0.01543	0.14446	0.14137	0.01165	0.01562	0.09252	0.01090	0.10514	0.03739	0.13074	0.01101	0.01208	0.00840	0.00604	0.00681	0.00156	0.14256	0.00410	0.00349	0.09875

[dist]
# distance from previous block
# <min> <max>
0	9

[block]
# block no. 1 follows, 46 sequences, length 26
# corresponding to MSA columns:
# 315-340
name=unknown_B
#
# <colnr> <probs for GDERKNQSTAVLIFYWHMCP>
#	G	D	E	R	K	N	Q	S	T	A	V	L	I	F	Y	W	H	M	C	P
0	0.01712	0.00991	0.01131	0.00913	0.01255	0.05890	0.00730	0.06508	0.08122	0.35664	0.15124	0.02115	0.04414	0.00712	0.00528	0.00152	0.00438	0.00585	0.00546	0.12470
1	0.03246	0.01196	0.01362	0.01078	0.01468	0.01248	0.00888	0.39003	0.09268	0.22657	0.01637	0.01762	0.01201	0.00683	0.00531	0.00162	0.00510	0.05285	0.00543	0.06270
2	0.00762	0.00594	0.00840	0.00755	0.00908	0.00544	0.05389	0.01004	0.01426	0.01980	0.61416	0.07417	0.12750	0.01094	0.00626	0.00171	0.00296	0.00977	0.00547	0.00504
3	0.01242	0.01409	0.03022	0.02174	0.02674	0.01355	0.71345	0.01666	0.01219	0.01666	0.01045	0.01409	0.00795	0.00477	0.00696	0.00182	0.06042	0.00613	0.00265	0.00704
4	0.01060	0.02735	0.78682	0.01507	0.02288	0.01228	0.01953	0.01674	0.01116	0.01674	0.00949	0.01116	0.00670	0.00502	0.00502	0.00167	0.00781	0.00391	0.00223	0.00781
5	0.00654	0.00467	0.00624	0.00747	0.00782	0.00438	0.00507	0.00752	0.01021	0.01360	0.02909	0.77663	0.03476	0.01647	0.00677	0.00216	0.00315	0.04823	0.00491	0.00432
6	0.00639	0.00506	0.00575	0.00622	0.00739	0.00442	0.00442	0.00762	0.01144	0.01433	0.08150	0.35072	0.44707	0.01451	0.00644	0.00192	0.00282	0.01261	0.00496	0.00442
7	0.00737	0.00535	0.00695	0.00665	0.00786	0.00493	0.00495	0.00973	0.01455	0.02047	0.70556	0.08980	0.07344	0.01127	0.00627	0.00170	0.00254	0.00997	0.00573	0.00493
8	0.00630	0.00529	0.00547	0.00556	0.00721	0.00447	0.00412	0.00764	0.01198	0.01443	0.07402	0.11377	0.69451	0.01357	0.00629	0.00181	0.00270	0.01143	0.00494	0.00447
9	0.01385	0.75441	0.08821	0.00953	0.01431	0.02023	0.00988	0.01590	0.01078	0.01278	0.00752	0.00869	0.00678	0.00456	0.00352	0.00117	0.00583	0.00291	0.00226	0.00687
10	0.01393	0.77263	0.07071	0.00939	0.01410	0.02043	0.00964	0.01588	0.01077	0.01268	0.00747	0.00863	0.00678	0.00455	0.00348	0.00116	0.00578	0.00289	0.00226	0.00684
11	0.00654	0.00470	0.00620	0.00723	0.00768	0.00437	0.00489	0.00763	0.01065	0.01428	0.10373	0.71295	0.05774	0.01590	0.00668	0.00209	0.00300	0.01438	0.00500	0.00437
12	0.00653	0.00466	0.00624	0.00746	0.00781	0.00437	0.00506	0.00751	0.01021	0.01359	0.02909	0.77900	0.03477	0.01648	0.00677	0.00216	0.00314	0.04592	0.00491	0.00432
13	0.01793	0.01323	0.01434	0.01124	0.01470	0.01467	0.00905	0.62455	0.02171	0.02915	0.01311	0.01599	0.01048	0.12944	0.00896	0.00215	0.03120	0.00520	0.00488	0.00801
14	0.05464	0.00908	0.01155	0.00921	0.01289	0.00847	0.00750	0.02457	0.11975	0.58968	0.04375	0.01860	0.01438	0.00668	0.00520	0.00164	0.00428	0.00542	0.04426	0.00847
15	0.00723	0.00516	0.00700	0.00819	0.00882	0.00497	0.00618	0.00868	0.01081	0.01426	0.02840	0.51669	0.03291	0.03595	0.00746	0.00233	0.00378	0.28185	0.00485	0.00448
16	0.00767	0.00542	0.00702	0.00668	0.00795	0.00497	0.00498	0.00999	0.01451	0.03529	0.67733	0.08790	0.08790	0.01122	0.00625	0.00170	0.00258	0.00991	0.00573	0.00499
17	0.82701	0.01019	0.00790	0.00702	0.01032	0.01174	0.00579	0.01584	0.00918	0.04628	0.00776	0.00887	0.00594	0.00496	0.00333	0.00164	0.00410	0.00294	0.00337	0.00582
18	0.00637	0.00536	0.00552	0.00548	0.00721	0.00451	0.00411	0.00782	0.01233	0.01496	0.12435	0.04976	0.70787	0.01314	0.00625	0.00177	0.00266	0.01100	0.00500	0.00451
19	0.01070	0.02667	0.74763	0.01544	0.02313	0.01233	0.05804	0.01675	0.01123	0.01675	0.00955	0.01132	0.00677	0.00499	0.00509	0.00168	0.00787	0.00403	0.00226	0.00778
20	0.85155	0.01022	0.00777	0.00695	0.01022	0.01186	0.00573	0.01554	0.00900	0.02372	0.00736	0.00859	0.00573	0.00491	0.00327	0.00164	0.00409	0.00286	0.00327	0.00573
21	0.01039	0.00984	0.01644	0.67908	0.11048	0.01208	0.01466	0.01374	0.01058	0.01384	0.00931	0.01385	0.00718	0.00545	0.00596	0.00177	0.05215	0.00470	0.00237	0.00612
22	0.00816	0.00617	0.00897	0.00877	0.00983	0.00723	0.00686	0.04031	0.00916	0.01314	0.01394	0.02023	0.01290	0.03760	0.74344	0.00807	0.03179	0.00560	0.00292	0.00492
23	0.00683	0.00577	0.00596	0.00584	0.00766	0.00511	0.00440	0.00921	0.06481	0.01541	0.11249	0.04776	0.66483	0.01274	0.00619	0.00178	0.00277	0.01066	0.00502	0.00478
24	0.01716	0.01260	0.01382	0.04321	0.01536	0.01384	0.00910	0.58246	0.02147	0.02896	0.01611	0.09342	0.04293	0.00758	0.00538	0.00164	0.00527	0.00604	0.05568	0.00797
25	0.00648	0.00550	0.00593	0.03786	0.00848	0.00480	0.00465	0.00792	0.01188	0.01425	0.04948	0.09551	0.67904	0.01329	0.00627	0.00183	0.00295	0.03457	0.00480	0.00452

[dist]
# distance from previous block
# <min> <max>
4	15

[block]
# block no. 2 follows, 46 sequences, length 229
# corresponding to MSA columns:
# 356-584
name=unknown_C
#
# <colnr> <probs for GDERKNQSTAVLIFYWHMCP>
#	G	D	E	R	K	N	Q	S	T	A	V	L	I	F	Y	W	H	M	C	P
0	0.03251	0.09235	0.06869	0.01084	0.01380	0.04132	0.00949	0.16127	0.03107	0.14532	0.04398	0.01572	0.02409	0.01114	0.10812	0.00257	0.15098	0.00493	0.02477	0.00704
1	0.00695	0.00527	0.00615	0.00617	0.00732	0.00476	0.00441	0.00845	0.01213	0.01590	0.28557	0.13082	0.31778	0.13722	0.00953	0.00232	0.00309	0.02679	0.00495	0.00443
2	0.01297	0.00999	0.01097	0.01000	0.03090	0.04047	0.00759	0.11424	0.29017	0.08453	0.15796	0.05052	0.08751	0.01045	0.05549	0.00214	0.00484	0.00701	0.00515	0.00710
3	0.00766	0.00513	0.00587	0.00589	0.00593	0.00516	0.00336	0.00774	0.00777	0.01039	0.01685	0.05130	0.01936	0.76997	0.05276	0.00517	0.00539	0.00778	0.00323	0.00328
4	0.01207	0.01378	0.04556	0.01979	0.02421	0.03521	0.59102	0.01582	0.01188	0.01607	0.01159	0.07169	0.00984	0.00604	0.00740	0.01800	0.07396	0.00657	0.00279	0.00671
5	0.00698	0.00532	0.00638	0.00625	0.00757	0.00476	0.00461	0.00890	0.01341	0.01797	0.45288	0.10593	0.29729	0.02994	0.00674	0.00182	0.00266	0.01051	0.00538	0.00471
6	0.01383	0.74850	0.09389	0.00957	0.01438	0.02016	0.00996	0.01591	0.01078	0.01281	0.00754	0.00871	0.00678	0.00457	0.00353	0.00118	0.00584	0.00292	0.00226	0.00687
7	0.04137	0.01000	0.01203	0.00904	0.01336	0.00880	0.00737	0.11463	0.03115	0.31894	0.01450	0.01405	0.01015	0.00535	0.00465	0.00127	0.00440	0.00425	0.00479	0.36991
8	0.01986	0.01469	0.01573	0.01212	0.01630	0.01628	0.00999	0.73837	0.05048	0.03293	0.01300	0.01293	0.00924	0.00637	0.00529	0.00159	0.00576	0.00480	0.00529	0.00897
9	0.00854	0.00616	0.00848	0.00962	0.01084	0.00620	0.00829	0.01129	0.03706	0.01588	0.02785	0.10587	0.03024	0.01448	0.00720	0.00239	0.00473	0.67503	0.00489	0.00495
10	0.01413	0.81739	0.02770	0.00905	0.01357	0.02092	0.00905	0.01583	0.01074	0.01244	0.00735	0.00848	0.00678	0.00452	0.00339	0.00113	0.00565	0.00283	0.00226	0.00678
11	0.00753	0.00488	0.00652	0.00749	0.00804	0.00451	0.00509	0.00853	0.01044	0.06233	0.02861	0.76057	0.03358	0.01593	0.00666	0.00211	0.00316	0.01441	0.00501	0.00459
12	0.02303	0.00975	0.01269	0.00977	0.01385	0.00893	0.00806	0.11386	0.03436	0.67699	0.01990	0.01740	0.01267	0.00653	0.00531	0.00163	0.00465	0.00527	0.00637	0.00898
13	0.00643	0.00464	0.00609	0.00725	0.00764	0.00430	0.00486	0.00737	0.01023	0.01354	0.03051	0.76819	0.07665	0.01638	0.00672	0.00213	0.00305	0.01481	0.00491	0.00430
14	0.01296	0.01429	0.03022	0.02164	0.02692	0.01356	0.71443	0.06420	0.01326	0.01797	0.01082	0.01416	0.00808	0.00458	0.00618	0.00177	0.00872	0.00615	0.00284	0.00725
15	0.01083	0.07736	0.73876	0.01469	0.02229	0.01282	0.01887	0.01668	0.01113	0.01647	0.00935	0.01099	0.00670	0.00499	0.00492	0.00164	0.00768	0.00384	0.00223	0.00775
16	0.00736	0.00523	0.00667	0.00749	0.00799	0.00507	0.00510	0.04378	0.01060	0.01412	0.02662	0.63116	0.03138	0.12312	0.00941	0.00253	0.00356	0.04968	0.00469	0.00440
17	0.01997	0.01001	0.01227	0.00988	0.01361	0.00986	0.00801	0.08552	0.22594	0.48946	0.02135	0.01902	0.03630	0.00690	0.00536	0.00168	0.00446	0.00563	0.00607	0.00869
18	0.01250	0.01258	0.03787	0.14041	0.56690	0.01260	0.09099	0.01585	0.01177	0.01659	0.00987	0.01327	0.00808	0.00487	0.00559	0.00164	0.02339	0.00484	0.00257	0.00783
19	0.01004	0.00946	0.01596	0.78676	0.05069	0.01176	0.01471	0.01356	0.01060	0.01358	0.00941	0.01408	0.00707	0.00527	0.00528	0.00176	0.00703	0.00470	0.00235	0.00592
20	0.00666	0.00530	0.00596	0.00618	0.00757	0.00465	0.00460	0.00814	0.01203	0.01510	0.14477	0.16399	0.48847	0.03734	0.00701	0.00197	0.00295	0.06781	0.00498	0.00450
21	0.00750	0.00504	0.00582	0.00601	0.00606	0.00500	0.00347	0.00764	0.00806	0.01075	0.01857	0.15384	0.02164	0.69166	0.02381	0.00467	0.00481	0.00882	0.00347	0.00337
22	0.01096	0.00940	0.01096	0.00783	0.01253	0.00705	0.00626	0.01331	0.01096	0.01723	0.00940	0.01096	0.00783	0.00392	0.00392	0.00078	0.00392	0.00313	0.00313	0.84653
23	0.00644	0.00461	0.00612	0.00732	0.00766	0.00430	0.00489	0.00737	0.01016	0.01351	0.02958	0.79698	0.04846	0.01650	0.00674	0.00214	0.00306	0.01496	0.00491	0.00430
24	0.00985	0.00493	0.00493	0.00493	0.00616	0.00493	0.00370	0.01232	0.01109	0.01971	0.01725	0.01971	0.01355	0.00616	0.00370	0.00123	0.00246	0.00493	0.84356	0.00493
25	0.01118	0.02497	0.64523	0.01738	0.11032	0.02965	0.05465	0.01679	0.01141	0.01673	0.00957	0.01150	0.00696	0.00497	0.00510	0.00166	0.00773	0.00410	0.00231	0.00781
26	0.01788	0.14930	0.01681	0.01152	0.01505	0.18709	0.00952	0.36583	0.01821	0.04543	0.01108	0.01205	0.00856	0.00758	0.04385	0.00181	0.03427	0.00420	0.03241	0.00754
27	0.00761	0.00542	0.00725	0.00725	0.00776	0.00593	0.00506	0.00864	0.00813	0.01135	0.01530	0.02708	0.01595	0.39295	0.44371	0.00696	0.01004	0.00659	0.00300	0.00403
28	0.00745	0.00523	0.00666	0.00708	0.00807	0.00481	0.00516	0.00901	0.01201	0.03869	0.23709	0.35848	0.15517	0.04137	0.00723	0.00207	0.00313	0.08148	0.00514	0.00467
29	0.00707	0.00512	0.00655	0.00732	0.00797	0.00484	0.00506	0.03268	0.01129	0.01508	0.11923	0.61154	0.08239	0.03435	0.00710	0.00212	0.00315	0.02762	0.00499	0.00453
30	0.00720	0.00569	0.00620	0.00599	0.00774	0.00502	0.00452	0.00941	0.04463	0.03214	0.23179	0.04607	0.55013	0.01235	0.00619	0.00175	0.00273	0.01042	0.00519	0.00485
31	0.03678	0.21144	0.01779	0.01151	0.01512	0.27094	0.00953	0.28210	0.01701	0.02036	0.00993	0.01097	0.00790	0.00685	0.03464	0.00166	0.00722	0.00384	0.01717	0.00722
32	0.01232	0.04049	0.04507	0.02054	0.02530	0.01357	0.63645	0.01624	0.01186	0.01620	0.01020	0.01383	0.00790	0.00528	0.00747	0.02682	0.07507	0.00589	0.00261	0.00688
33	0.00769	0.00513	0.00577	0.00577	0.00577	0.00513	0.00320	0.00769	0.00769	0.01025	0.01666	0.03460	0.01922	0.81421	0.02691	0.00513	0.00513	0.00769	0.00320	0.00320
34	0.00918	0.00674	0.00781	0.00719	0.00871	0.04929	0.00544	0.01156	0.01492	0.06896	0.67434	0.03665	0.05821	0.01028	0.00609	0.00165	0.00302	0.00898	0.00568	0.00530
35	0.01060	0.02735	0.78682	0.01507	0.02288	0.01228	0.01953	0.01674	0.01116	0.01674	0.00949	0.01116	0.00670	0.00502	0.00502	0.00167	0.00781	0.00391	0.00223	0.00781
36	0.01995	0.01388	0.01515	0.01174	0.01586	0.01517	0.00966	0.62251	0.08327	0.11645	0.01431	0.01385	0.01002	0.00643	0.00530	0.00161	0.00554	0.00492	0.00544	0.00894
37	0.01123	0.01022	0.01650	0.61372	0.13816	0.01214	0.01440	0.07601	0.01199	0.01572	0.01010	0.01471	0.00784	0.00547	0.00532	0.00173	0.00680	0.01882	0.00268	0.00646
38	0.01933	0.01424	0.01532	0.01189	0.01591	0.01572	0.00976	0.72124	0.02403	0.03221	0.01361	0.05740	0.01045	0.00692	0.00537	0.00162	0.00566	0.00533	0.00527	0.00873
39	0.01216	0.01332	0.02598	0.01936	0.02285	0.01435	0.50117	0.01547	0.01095	0.01547	0.00939	0.01332	0.00765	0.00612	0.01010	0.00197	0.28547	0.00568	0.00255	0.00666
40	0.00769	0.00513	0.00577	0.00577	0.00577	0.00513	0.00320	0.00769	0.00769	0.01025	0.01666	0.03460	0.01922	0.81421	0.02691	0.00513	0.00513	0.00769	0.00320	0.00320
41	0.03812	0.01300	0.02136	0.03053	0.69291	0.03830	0.05557	0.01640	0.01207	0.01730	0.00985	0.01290	0.00823	0.00473	0.00521	0.00158	0.00646	0.00469	0.00264	0.00815
42	0.01665	0.01804	0.01434	0.01339	0.05188	0.39757	0.00992	0.09377	0.14026	0.03132	0.01160	0.01306	0.00936	0.00922	0.07724	0.00220	0.07556	0.00437	0.00346	0.00679
43	0.85155	0.01022	0.00777	0.00695	0.01022	0.01186	0.00573	0.01554	0.00900	0.02372	0.00736	0.00859	0.00573	0.00491	0.00327	0.00164	0.00409	0.00286	0.00327	0.00573
44	0.00649	0.00463	0.00617	0.00733	0.00768	0.00432	0.00491	0.00747	0.01033	0.01382	0.06113	0.77783	0.03560	0.01632	0.00673	0.00213	0.00304	0.01480	0.00495	0.00432
45	0.00748	0.00540	0.00707	0.00665	0.00790	0.00499	0.00499	0.00998	0.01496	0.02120	0.77844	0.03949	0.04988	0.01081	0.00624	0.00166	0.00249	0.00956	0.00582	0.00499
46	0.01975	0.02520	0.01498	0.01362	0.01634	0.79299	0.01021	0.02111	0.01498	0.01294	0.00817	0.00953	0.00681	0.00545	0.00477	0.00136	0.00953	0.00340	0.00272	0.00613
47	0.01157	0.01157	0.01619	0.01388	0.01388	0.01619	0.01157	0.01272	0.00810	0.01272	0.00694	0.01157	0.00694	0.00925	0.01735	0.00231	0.80453	0.00463	0.00231	0.00578
48	0.02372	0.00900	0.01227	0.00941	0.01350	0.00777	0.00777	0.02576	0.01513	0.78489	0.02086	0.01799	0.01309	0.00654	0.00532	0.00164	0.00450	0.00532	0.00654	0.00900
49	0.00749	0.00504	0.00582	0.00602	0.00607	0.00499	0.00347	0.00764	0.00807	0.01076	0.01862	0.15698	0.02170	0.68844	0.02373	0.00466	0.00480	0.00885	0.00347	0.00338
50	0.02353	0.00931	0.01246	0.00955	0.01365	0.00823	0.00789	0.06519	0.01565	0.74473	0.02042	0.01771	0.01287	0.00653	0.00531	0.00163	0.00457	0.00529	0.00648	0.00900
51	0.02349	0.00936	0.01250	0.00958	0.01368	0.00832	0.00791	0.07247	0.01575	0.73731	0.02034	0.01766	0.01283	0.00653	0.00531	0.00163	0.00458	0.00528	0.00646	0.00900
52	0.02352	0.00932	0.01247	0.00956	0.01366	0.00825	0.00790	0.06683	0.01567	0.74306	0.02040	0.01770	0.01286	0.00653	0.00531	0.00163	0.00457	0.00529	0.00647	0.00900
53	0.00652	0.00468	0.00621	0.00738	0.00776	0.00437	0.00500	0.00754	0.01034	0.01377	0.04777	0.75522	0.04944	0.01630	0.00674	0.00214	0.00310	0.03647	0.00493	0.00433
54	0.01020	0.00974	0.01584	0.78433	0.03597	0.02877	0.01458	0.01367	0.01067	0.01349	0.00937	0.01400	0.00704	0.00529	0.00527	0.00175	0.00710	0.00467	0.00236	0.00588
55	0.02256	0.00995	0.03317	0.00979	0.01392	0.00869	0.00825	0.06731	0.05906	0.67807	0.02013	0.01761	0.01286	0.00653	0.00531	0.00164	0.00464	0.00529	0.00629	0.00893
56	0.00667	0.00480	0.00597	0.00680	0.00722	0.00448	0.00446	0.00745	0.00986	0.01293	0.02953	0.56356	0.12058	0.17704	0.01075	0.00270	0.00344	0.01309	0.00456	0.00409
57	0.00644	0.00460	0.00613	0.00736	0.00767	0.00429	0.00491	0.00736	0.01012	0.01350	0.02914	0.81076	0.03497	0.01656	0.00675	0.00215	0.00307	0.01503	0.00491	0.00429
58	0.00715	0.00580	0.00908	0.00903	0.01002	0.00539	0.09520	0.00852	0.01051	0.01395	0.02831	0.67309	0.07350	0.01494	0.00666	0.00208	0.00374	0.01376	0.00464	0.00464
59	0.03653	0.79580	0.02717	0.00899	0.01348	0.02068	0.00896	0.01582	0.01070	0.01274	0.00735	0.00848	0.00676	0.00453	0.00339	0.00114	0.00561	0.00283	0.00229	0.00676
60	0.00755	0.00566	0.00850	0.00850	0.00944	0.00661	0.00661	0.00944	0.00850	0.01227	0.01416	0.02077	0.01322	0.03965	0.79326	0.00850	0.01416	0.00566	0.00283	0.00472
61	0.01228	0.01459	0.06677	0.02092	0.02575	0.01365	0.63576	0.01642	0.01189	0.01642	0.01019	0.01379	0.00783	0.00506	0.00750	0.00184	0.10379	0.00593	0.00261	0.00700
62	0.02336	0.00908	0.01226	0.00945	0.01350	0.00795	0.00779	0.02584	0.04109	0.75872	0.02088	0.01805	0.01319	0.00656	0.00532	0.00164	0.00449	0.00534	0.00650	0.00898
63	0.00857	0.00621	0.00878	0.01026	0.03144	0.00620	0.00860	0.01097	0.01210	0.01578	0.02755	0.08416	0.02999	0.01441	0.00723	0.00240	0.00484	0.70076	0.00481	0.00494
64	0.00786	0.00579	0.00740	0.00697	0.00832	0.00552	0.00526	0.01114	0.06282	0.02116	0.71735	0.03859	0.04740	0.01064	0.00620	0.00168	0.00264	0.02226	0.00577	0.00520
65	0.02372	0.00900	0.01227	0.00941	0.01350	0.00777	0.00777	0.02576	0.01513	0.78489	0.02086	0.01799	0.01309	0.00654	0.00532	0.00164	0.00450	0.00532	0.00654	0.00900
66	0.01248	0.01426	0.03119	0.02228	0.02763	0.01337	0.76203	0.01693	0.01248	0.01693	0.01070	0.01426	0.00802	0.00446	0.00624	0.00178	0.00891	0.00624	0.00267	0.00713
67	0.00644	0.00460	0.00613	0.00736	0.00767	0.00429	0.00491	0.00736	0.01012	0.01350	0.02914	0.81076	0.03497	0.01656	0.00675	0.00215	0.00307	0.01503	0.00491	0.00429
68	0.01060	0.02735	0.78682	0.01507	0.02288	0.01228	0.01953	0.01674	0.01116	0.01674	0.00949	0.01116	0.00670	0.00502	0.00502	0.00167	0.00781	0.00391	0.00223	0.00781
69	0.01157	0.01157	0.01619	0.01388	0.01388	0.01619	0.01157	0.01272	0.00810	0.01272	0.00694	0.01157	0.00694	0.00925	0.01735	0.00231	0.80453	0.00463	0.00231	0.00578
70	0.01248	0.01426	0.03119	0.02228	0.02763	0.01337	0.76203	0.01693	0.01248	0.01693	0.01070	0.01426	0.00802	0.00446	0.00624	0.00178	0.00891	0.00624	0.00267	0.00713
71	0.00768	0.00516	0.00594	0.00594	0.00600	0.00522	0.00342	0.00780	0.00774	0.01038	0.01650	0.03372	0.01884	0.76517	0.07542	0.00534	0.00570	0.00756	0.00318	0.00330
72	0.01001	0.00946	0.01595	0.74366	0.03489	0.01176	0.02869	0.01342	0.01052	0.01355	0.00976	0.03102	0.00766	0.00564	0.00573	0.00179	0.03327	0.00495	0.00241	0.00586
73	0.00646	0.00464	0.00610	0.00725	0.00761	0.00432	0.00484	0.00738	0.01016	0.01347	0.02991	0.76493	0.06539	0.03129	0.00710	0.00219	0.00309	0.01473	0.00488	0.00428
74	0.78740	0.01014	0.00819	0.02387	0.01096	0.01163	0.00603	0.01607	0.00937	0.06614	0.00816	0.00923	0.00617	0.00501	0.00343	0.00164	0.00417	0.00304	0.00344	0.00591
75	0.01025	0.00966	0.01633	0.73663	0.09924	0.01181	0.01481	0.01374	0.01069	0.01382	0.00944	0.01401	0.00716	0.00524	0.00528	0.00175	0.00698	0.00470	0.00237	0.00608
76	0.00644	0.00460	0.00613	0.00736	0.00767	0.00429	0.00491	0.00736	0.01012	0.01350	0.02914	0.81076	0.03497	0.01656	0.00675	0.00215	0.00307	0.01503	0.00491	0.00429
77	0.02010	0.01481	0.01587	0.01216	0.01639	0.01639	0.01005	0.76360	0.02486	0.03332	0.01269	0.01269	0.00899	0.00635	0.00529	0.00159	0.00582	0.00476	0.00529	0.00899
78	0.00668	0.00519	0.00610	0.00641	0.00763	0.00460	0.00469	0.00820	0.01214	0.01563	0.20274	0.26484	0.37433	0.01379	0.00644	0.00189	0.00285	0.04620	0.00510	0.00455
79	0.01244	0.01414	0.03054	0.02191	0.02703	0.01349	0.72907	0.01675	0.01229	0.01675	0.01053	0.01414	0.00797	0.00467	0.00673	0.00181	0.04385	0.00617	0.00266	0.00707
80	0.85155	0.01022	0.00777	0.00695	0.01022	0.01186	0.00573	0.01554	0.00900	0.02372	0.00736	0.00859	0.00573	0.00491	0.00327	0.00164	0.00409	0.00286	0.00327	0.00573
81	0.00644	0.00460	0.00613	0.00736	0.00767	0.00429	0.00491	0.00736	0.01012	0.01350	0.02914	0.81076	0.03497	0.01656	0.00675	0.00215	0.00307	0.01503	0.00491	0.00429
82	0.00918	0.00459	0.00689	0.00689	0.00689	0.00459	0.00459	0.00689	0.00689	0.00918	0.00918	0.01607	0.00918	0.01837	0.02066	0.84619	0.00459	0.00459	0.00230	0.00230
83	0.00769	0.00514	0.00582	0.00582	0.00584	0.00516	0.00327	0.00772	0.00770	0.01029	0.01660	0.03431	0.01909	0.79801	0.04294	0.00520	0.00531	0.00765	0.00320	0.00324
84	0.00760	0.00546	0.00744	0.00744	0.00802	0.00603	0.00529	0.00876	0.00818	0.01149	0.01513	0.02613	0.01554	0.33998	0.49611	0.00719	0.01066	0.00645	0.00298	0.00413
85	0.00985	0.00493	0.00493	0.00493	0.00616	0.00493	0.00370	0.01232	0.01109	0.01971	0.01725	0.01971	0.01355	0.00616	0.00370	0.00123	0.00246	0.00493	0.84356	0.00493
86	0.01248	0.01426	0.03119	0.02228	0.02763	0.01337	0.76203	0.01693	0.01248	0.01693	0.01070	0.01426	0.00802	0.00446	0.00624	0.00178	0.00891	0.00624	0.00267	0.00713
87	0.01084	0.00940	0.01159	0.10946	0.01559	0.00765	0.00734	0.01334	0.01091	0.01675	0.00940	0.01136	0.00773	0.00409	0.00409	0.00091	0.00432	0.00333	0.00303	0.73888
88	0.00871	0.00635	0.00862	0.00968	0.01097	0.00644	0.00833	0.01186	0.06015	0.01610	0.02764	0.09415	0.02974	0.01423	0.00715	0.00238	0.00474	0.66279	0.00490	0.00506
89	0.00834	0.00596	0.00830	0.00942	0.01059	0.00592	0.00811	0.01070	0.01224	0.01604	0.07556	0.09767	0.03189	0.01447	0.00721	0.00237	0.00462	0.66081	0.00493	0.00485
90	0.57987	0.01069	0.00996	0.05049	0.01294	0.01199	0.00710	0.12593	0.01218	0.12143	0.00997	0.01068	0.00721	0.00535	0.00393	0.00164	0.00455	0.00355	0.00393	0.00663
91	0.01969	0.01353	0.01487	0.01153	0.01554	0.01468	0.00947	0.61870	0.04141	0.12193	0.03693	0.03169	0.01143	0.00674	0.00535	0.00161	0.00546	0.00522	0.00545	0.00875
92	0.00807	0.00576	0.00800	0.00922	0.01024	0.00570	0.00774	0.01017	0.01173	0.01532	0.02824	0.22265	0.03141	0.01503	0.00718	0.00237	0.00448	0.58708	0.00488	0.00474
93	0.01280	0.01435	0.02427	0.08441	0.05826	0.11289	0.43900	0.01614	0.01196	0.01546	0.01074	0.05492	0.00908	0.00588	0.00731	0.00180	0.10542	0.00594	0.00272	0.00664
94	0.02269	0.00877	0.01194	0.00923	0.01314	0.00759	0.00759	0.02476	0.01512	0.73655	0.06882	0.01935	0.01542	0.00681	0.00537	0.00164	0.00437	0.00559	0.00650	0.00874
95	0.00646	0.00462	0.00616	0.00734	0.00767	0.00431	0.00491	0.00742	0.01023	0.01367	0.04615	0.79324	0.03530	0.01643	0.00674	0.00214	0.00305	0.01490	0.00493	0.00431
96	0.02052	0.01269	0.01437	0.01113	0.01515	0.01342	0.00913	0.49097	0.05938	0.25360	0.01564	0.01513	0.01080	0.02574	0.00582	0.00170	0.00533	0.00506	0.00561	0.00882
97	0.01179	0.00835	0.00942	0.00851	0.01086	0.02205	0.00666	0.04973	0.23234	0.11900	0.22564	0.04729	0.16474	0.00972	0.00588	0.00176	0.00369	0.05053	0.00547	0.00656
98	0.00832	0.00551	0.00721	0.00689	0.00820	0.00505	0.00512	0.01052	0.01418	0.06822	0.59949	0.15119	0.06698	0.01146	0.00625	0.00174	0.00271	0.01014	0.00571	0.00512
99	0.00700	0.00548	0.00635	0.00619	0.00768	0.00491	0.00462	0.00917	0.03145	0.01764	0.38822	0.08454	0.38328	0.01221	0.00625	0.00175	0.00265	0.01049	0.00534	0.00479
100	0.01173	0.01649	0.21574	0.12284	0.14766	0.01290	0.32049	0.01611	0.01160	0.01627	0.00991	0.01313	0.00756	0.00500	0.00623	0.00175	0.04969	0.00513	0.00249	0.00727
101	0.01282	0.01263	0.02183	0.10806	0.61396	0.02505	0.09560	0.01611	0.01198	0.01679	0.00994	0.01325	0.00818	0.00475	0.00534	0.00161	0.00669	0.00485	0.00260	0.00795
102	0.02198	0.00859	0.01169	0.00914	0.01290	0.00746	0.00748	0.02402	0.01495	0.70468	0.07549	0.04565	0.01645	0.00718	0.00543	0.00165	0.00431	0.00594	0.00644	0.00855
103	0.01721	0.01199	0.01313	0.01050	0.01398	0.01285	0.00850	0.48673	0.06245	0.10243	0.01963	0.03958	0.10010	0.05289	0.00669	0.00185	0.00511	0.02123	0.00524	0.00791
104	0.01847	0.00986	0.01202	0.00974	0.01315	0.00974	0.00795	0.21993	0.05440	0.36837	0.10340	0.04223	0.04408	0.00798	0.00561	0.00170	0.00454	0.05297	0.00587	0.00799
105	0.04269	0.05151	0.01734	0.01670	0.13759	0.53160	0.05857	0.05454	0.01448	0.01513	0.00877	0.01047	0.00720	0.00526	0.00486	0.00143	0.00850	0.00382	0.00282	0.00669
106	0.01816	0.06032	0.01624	0.01393	0.03485	0.56473	0.02265	0.07532	0.01451	0.01459	0.00840	0.01015	0.00705	0.00593	0.00641	0.00150	0.11231	0.00372	0.00284	0.00640
107	0.00934	0.00614	0.00714	0.00697	0.00807	0.00625	0.00485	0.01213	0.10724	0.06301	0.02269	0.13930	0.09262	0.29755	0.08742	0.00357	0.00496	0.00815	0.10769	0.00486
108	0.01510	0.01105	0.03070	0.01004	0.01308	0.02588	0.00825	0.31104	0.10086	0.10010	0.19701	0.02432	0.02166	0.03198	0.00626	0.00179	0.00469	0.05832	0.02051	0.00736
109	0.85155	0.01022	0.00777	0.00695	0.01022	0.01186	0.00573	0.01554	0.00900	0.02372	0.00736	0.00859	0.00573	0.00491	0.00327	0.00164	0.00409	0.00286	0.00327	0.00573
110	0.02030	0.01376	0.01515	0.01164	0.01578	0.01490	0.00960	0.64150	0.02325	0.13875	0.03244	0.01409	0.01056	0.00648	0.00532	0.00160	0.00555	0.00495	0.00548	0.00889
111	0.10585	0.05276	0.01264	0.00917	0.01318	0.00900	0.00765	0.02425	0.03043	0.65076	0.01879	0.01658	0.01207	0.00628	0.00501	0.00161	0.00451	0.00495	0.00596	0.00854
112	0.00885	0.00685	0.00827	0.00781	0.00948	0.00697	0.00603	0.01421	0.19154	0.02075	0.51695	0.03686	0.06547	0.01035	0.00612	0.00176	0.00308	0.06731	0.00561	0.00575
113	0.00644	0.00460	0.00613	0.00736	0.00767	0.00429	0.00491	0.00736	0.01012	0.01350	0.02914	0.81076	0.03497	0.01656	0.00675	0.00215	0.00307	0.01503	0.00491	0.00429
114	0.01975	0.02520	0.01498	0.01362	0.01634	0.79299	0.01021	0.02111	0.01498	0.01294	0.00817	0.00953	0.00681	0.00545	0.00477	0.00136	0.00953	0.00340	0.00272	0.00613
115	0.00644	0.00460	0.00613	0.00736	0.00767	0.00429	0.00491	0.00736	0.01012	0.01350	0.02914	0.81076	0.03497	0.01656	0.00675	0.00215	0.00307	0.01503	0.00491	0.00429
116	0.00646	0.00462	0.00615	0.00735	0.00767	0.00431	0.00491	0.00742	0.01022	0.01366	0.04481	0.79462	0.03528	0.01644	0.00674	0.00214	0.00306	0.01491	0.00493	0.00431
117	0.01246	0.01420	0.03089	0.02211	0.02735	0.01343	0.74664	0.01685	0.01239	0.01685	0.01062	0.01420	0.00800	0.00455	0.00647	0.00179	0.02523	0.00621	0.00267	0.00710
118	0.06623	0.01441	0.01577	0.01316	0.06447	0.01590	0.01020	0.67439	0.02316	0.03176	0.01222	0.01249	0.00877	0.00616	0.00517	0.00159	0.00575	0.00465	0.00501	0.00877
119	0.01248	0.01426	0.03119	0.02228	0.02763	0.01337	0.76203	0.01693	0.01248	0.01693	0.01070	0.01426	0.00802	0.00446	0.00624	0.00178	0.00891	0.00624	0.00267	0.00713
120	0.02363	0.00914	0.01236	0.00947	0.01357	0.00798	0.00783	0.04404	0.01537	0.76627	0.02065	0.01786	0.01298	0.00654	0.00532	0.00163	0.00453	0.00530	0.00651	0.00900
121	0.01309	0.01168	0.01948	0.02866	0.66279	0.01156	0.01471	0.01603	0.01222	0.06003	0.01394	0.01735	0.05819	0.00570	0.00537	0.00162	0.00590	0.03058	0.00306	0.00804
122	0.02215	0.00895	0.01193	0.00930	0.01316	0.00792	0.00762	0.04883	0.02971	0.68955	0.03481	0.04037	0.03630	0.00709	0.00540	0.00166	0.00441	0.00581	0.00638	0.00866
123	0.00839	0.00604	0.00834	0.00949	0.01074	0.00599	0.00827	0.01076	0.01216	0.01573	0.02942	0.05914	0.07236	0.01454	0.00724	0.00240	0.00475	0.70451	0.00487	0.00485
124	0.06974	0.00921	0.01211	0.00934	0.01338	0.00821	0.00771	0.04330	0.01503	0.72405	0.01990	0.01734	0.01258	0.00645	0.00520	0.00163	0.00451	0.00517	0.00633	0.00881
125	0.85155	0.01022	0.00777	0.00695	0.01022	0.01186	0.00573	0.01554	0.00900	0.02372	0.00736	0.00859	0.00573	0.00491	0.00327	0.00164	0.00409	0.00286	0.00327	0.00573
126	0.01430	0.79457	0.02734	0.00918	0.01365	0.04316	0.00908	0.01598	0.01086	0.01245	0.00737	0.00851	0.00678	0.00455	0.00343	0.00114	0.00577	0.00284	0.00227	0.00677
127	0.01757	0.01981	0.01500	0.01316	0.01556	0.46859	0.01025	0.13030	0.05322	0.01638	0.00946	0.01123	0.00782	0.00737	0.02996	0.00180	0.15875	0.00403	0.00317	0.00656
128	0.08556	0.00954	0.03648	0.00911	0.01254	0.00872	0.00759	0.08234	0.07143	0.40898	0.15151	0.04390	0.03383	0.00755	0.00536	0.00167	0.00424	0.00620	0.00574	0.00773
129	0.00942	0.00583	0.00769	0.00698	0.00857	0.00532	0.00532	0.01186	0.01498	0.11233	0.68805	0.03692	0.04549	0.01030	0.00613	0.00166	0.00273	0.00905	0.00591	0.00547
130	0.01005	0.00946	0.01597	0.78526	0.05214	0.01176	0.01471	0.01356	0.01060	0.01359	0.00941	0.01407	0.00708	0.00527	0.00528	0.00176	0.00703	0.00470	0.00235	0.00593
131	0.01881	0.01404	0.01480	0.01170	0.01552	0.04066	0.00952	0.62117	0.06501	0.05285	0.01447	0.07108	0.01133	0.00711	0.00538	0.00163	0.00561	0.00555	0.00522	0.00852
132	0.00652	0.00466	0.00622	0.00745	0.00779	0.00436	0.00504	0.00749	0.01020	0.01358	0.02910	0.78317	0.03480	0.01649	0.00677	0.00216	0.00313	0.04187	0.00491	0.00432
133	0.00644	0.00460	0.00613	0.00736	0.00767	0.00429	0.00491	0.00736	0.01012	0.01350	0.02914	0.81076	0.03497	0.01656	0.00675	0.00215	0.00307	0.01503	0.00491	0.00429
134	0.01083	0.02578	0.69666	0.01593	0.02345	0.01241	0.10813	0.01676	0.01132	0.01676	0.00963	0.01153	0.00685	0.00496	0.00517	0.00169	0.00794	0.00418	0.00228	0.00773
135	0.01308	0.01256	0.02146	0.03245	0.78123	0.01256	0.01622	0.01622	0.01204	0.01727	0.00994	0.01308	0.00837	0.00471	0.00523	0.00157	0.00628	0.00471	0.00262	0.00837
136	0.00827	0.00591	0.00823	0.00945	0.01056	0.00587	0.00809	0.01052	0.01193	0.01554	0.02813	0.14926	0.03097	0.01484	0.00724	0.00240	0.00465	0.65847	0.00487	0.00480
137	0.01353	0.01109	0.03689	0.01011	0.01327	0.01166	0.00819	0.09684	0.49377	0.08244	0.03912	0.02329	0.12075	0.00790	0.00549	0.00175	0.00425	0.00652	0.00530	0.00786
138	0.01189	0.03410	0.24075	0.01908	0.02452	0.01353	0.45740	0.01640	0.01160	0.01633	0.00988	0.01298	0.00751	0.00514	0.00705	0.00180	0.09504	0.00534	0.00250	0.00717
139	0.01438	0.00873	0.01027	0.02537	0.01149	0.00921	0.02682	0.22566	0.01527	0.11408	0.01565	0.01714	0.01176	0.00813	0.04872	0.00183	0.02205	0.00499	0.40182	0.00664
140	0.02351	0.00904	0.01226	0.00943	0.01350	0.00787	0.00778	0.02581	0.02987	0.77003	0.02087	0.01803	0.01315	0.00656	0.00532	0.00164	0.00449	0.00533	0.00652	0.00898
141	0.02008	0.01529	0.01582	0.01223	0.01639	0.05240	0.01006	0.72918	0.02440	0.03237	0.01248	0.01255	0.00889	0.00630	0.00526	0.00158	0.00599	0.00470	0.00517	0.00886
142	0.03477	0.01597	0.01419	0.01224	0.03418	0.23684	0.00944	0.24302	0.17528	0.14862	0.01441	0.01406	0.01045	0.00623	0.00512	0.00157	0.00630	0.00468	0.00467	0.00796
143	0.02182	0.00906	0.01207	0.00917	0.01335	0.00766	0.00755	0.02391	0.01451	0.67055	0.01915	0.01695	0.01230	0.00615	0.00511	0.00151	0.00441	0.00499	0.00604	0.13375
144	0.00755	0.00566	0.00850	0.00850	0.00944	0.00661	0.00661	0.00944	0.00850	0.01227	0.01416	0.02077	0.01322	0.03965	0.79326	0.00850	0.01416	0.00566	0.00283	0.00472
145	0.00670	0.00474	0.00622	0.00730	0.00762	0.00449	0.00490	0.00759	0.00994	0.01323	0.02759	0.67801	0.03284	0.11164	0.00918	0.00252	0.00341	0.05320	0.00470	0.00419
146	0.38845	0.01133	0.03022	0.12561	0.01598	0.01254	0.00864	0.19134	0.02725	0.05656	0.02482	0.01210	0.00837	0.00571	0.00475	0.00166	0.03133	0.00402	0.03261	0.00671
147	0.00654	0.00545	0.00576	0.00592	0.00763	0.00467	0.00459	0.00802	0.01207	0.01448	0.05028	0.05200	0.68322	0.01354	0.00638	0.00187	0.00296	0.10521	0.00490	0.00451
148	0.00644	0.00460	0.00613	0.00736	0.00767	0.00429	0.00491	0.00736	0.01012	0.01350	0.02914	0.81076	0.03497	0.01656	0.00675	0.00215	0.00307	0.01503	0.00491	0.00429
149	0.01060	0.02735	0.78682	0.01507	0.02288	0.01228	0.01953	0.01674	0.01116	0.01674	0.00949	0.01116	0.00670	0.00502	0.00502	0.00167	0.00781	0.00391	0.00223	0.00781
150	0.00998	0.00940	0.01586	0.80150	0.03641	0.01175	0.01468	0.01351	0.01057	0.01351	0.00940	0.01409	0.00705	0.00529	0.00529	0.00176	0.00705	0.00470	0.00235	0.00587
151	0.00918	0.00459	0.00689	0.00689	0.00689	0.00459	0.00459	0.00689	0.00689	0.00918	0.00918	0.01607	0.00918	0.01837	0.02066	0.84619	0.00459	0.00459	0.00230	0.00230
152	0.00727	0.00534	0.00680	0.00655	0.00779	0.00488	0.00487	0.00952	0.01430	0.01987	0.64333	0.09292	0.13388	0.01150	0.00627	0.00171	0.00255	0.01012	0.00565	0.00488
153	0.00778	0.00599	0.00893	0.00880	0.00969	0.00715	0.00689	0.00962	0.00847	0.01230	0.01376	0.02025	0.01286	0.03795	0.74980	0.00815	0.05843	0.00561	0.00280	0.00478
154	0.01060	0.02735	0.78682	0.01507	0.02288	0.01228	0.01953	0.01674	0.01116	0.01674	0.00949	0.01116	0.00670	0.00502	0.00502	0.00167	0.00781	0.00391	0.00223	0.00781
155	0.85155	0.01022	0.00777	0.00695	0.01022	0.01186	0.00573	0.01554	0.00900	0.02372	0.00736	0.00859	0.00573	0.00491	0.00327	0.00164	0.00409	0.00286	0.00327	0.00573
156	0.00732	0.00538	0.00685	0.00651	0.00781	0.00491	0.00487	0.00965	0.01453	0.02025	0.68024	0.05546	0.13406	0.01122	0.00625	0.00169	0.00253	0.00985	0.00570	0.00491
157	0.00625	0.00536	0.00536	0.00536	0.00714	0.00446	0.00402	0.00759	0.01205	0.01428	0.05355	0.05088	0.77909	0.01339	0.00625	0.00179	0.00268	0.01116	0.00491	0.00446
158	0.01407	0.80231	0.04219	0.00916	0.01375	0.02075	0.00925	0.01585	0.01075	0.01252	0.00739	0.00853	0.00678	0.00453	0.00342	0.00114	0.00569	0.00285	0.00226	0.00680
159	0.01413	0.81739	0.02770	0.00905	0.01357	0.02092	0.00905	0.01583	0.01074	0.01244	0.00735	0.00848	0.00678	0.00452	0.00339	0.00113	0.00565	0.00283	0.00226	0.00678
160	0.01096	0.00940	0.01096	0.00783	0.01253	0.00705	0.00626	0.01331	0.01096	0.01723	0.00940	0.01096	0.00783	0.00392	0.00392	0.00078	0.00392	0.00313	0.00313	0.84653
161	0.00788	0.00614	0.00912	0.00893	0.00980	0.00738	0.00701	0.00971	0.00846	0.01231	0.01358	0.02002	0.01271	0.03719	0.73056	0.00800	0.07803	0.00558	0.00279	0.00481
162	0.72236	0.07787	0.00998	0.00755	0.01094	0.03852	0.00632	0.04481	0.00995	0.02280	0.00759	0.00877	0.00598	0.00495	0.00341	0.00158	0.00447	0.00295	0.00325	0.00595
163	0.01060	0.02735	0.78682	0.01507	0.02288	0.01228	0.01953	0.01674	0.01116	0.01674	0.00949	0.01116	0.00670	0.00502	0.00502	0.00167	0.00781	0.00391	0.00223	0.00781
164	0.00769	0.00513	0.00577	0.00577	0.00577	0.00513	0.00320	0.00769	0.00769	0.01025	0.01666	0.03460	0.01922	0.81421	0.02691	0.00513	0.00513	0.00769	0.00320	0.00320
165	0.00761	0.00509	0.00579	0.00587	0.00589	0.00507	0.00331	0.00767	0.00784	0.01046	0.01745	0.08373	0.02022	0.76371	0.02563	0.00494	0.00499	0.00815	0.00331	0.00327
166	0.00625	0.00536	0.00536	0.00536	0.00714	0.00446	0.00402	0.00759	0.01205	0.01428	0.05355	0.05088	0.77909	0.01339	0.00625	0.00179	0.00268	0.01116	0.00491	0.00446
167	0.02140	0.10592	0.03249	0.00946	0.01357	0.00960	0.00815	0.04795	0.01483	0.61455	0.05349	0.01751	0.01374	0.00646	0.00512	0.00158	0.00467	0.00516	0.00585	0.00852
168	0.01060	0.02735	0.78682	0.01507	0.02288	0.01228	0.01953	0.01674	0.01116	0.01674	0.00949	0.01116	0.00670	0.00502	0.00502	0.00167	0.00781	0.00391	0.00223	0.00781
169	0.01921	0.10062	0.01619	0.01318	0.01608	0.71948	0.01010	0.02061	0.01458	0.01289	0.00809	0.00943	0.00681	0.00536	0.00464	0.00134	0.00916	0.00335	0.00268	0.00619
170	0.01265	0.01211	0.02067	0.14126	0.67585	0.01245	0.01601	0.01584	0.01183	0.01674	0.00987	0.01323	0.00819	0.00479	0.00524	0.00160	0.00639	0.00471	0.00258	0.00802
171	0.01948	0.01382	0.01499	0.01163	0.01562	0.01513	0.00955	0.67244	0.02336	0.07426	0.01394	0.04611	0.01041	0.00677	0.00531	0.00160	0.00555	0.00522	0.02611	0.00870
172	0.00644	0.00460	0.00613	0.00736	0.00767	0.00429	0.00491	0.00736	0.01012	0.01350	0.02914	0.81076	0.03497	0.01656	0.00675	0.00215	0.00307	0.01503	0.00491	0.00429
173	0.01235	0.01347	0.02783	0.02360	0.18257	0.01292	0.55953	0.01631	0.01219	0.01677	0.01116	0.04495	0.00912	0.00510	0.00633	0.00177	0.02785	0.00622	0.00274	0.00724
174	0.01308	0.01256	0.02146	0.03245	0.78123	0.01256	0.01622	0.01622	0.01204	0.01727	0.00994	0.01308	0.00837	0.00471	0.00523	0.00157	0.00628	0.00471	0.00262	0.00837
175	0.01069	0.04692	0.76801	0.01492	0.02265	0.01249	0.01927	0.01672	0.01115	0.01664	0.00943	0.01109	0.00670	0.00501	0.00498	0.00166	0.00776	0.00388	0.00223	0.00779
176	0.02019	0.01467	0.01578	0.01210	0.01632	0.01618	0.00999	0.74550	0.02462	0.05176	0.01289	0.01282	0.00909	0.00635	0.00529	0.00159	0.00578	0.00477	0.00532	0.00899
177	0.00644	0.00460	0.00613	0.00736	0.00767	0.00429	0.00491	0.00736	0.01012	0.01350	0.02914	0.81076	0.03497	0.01656	0.00675	0.00215	0.00307	0.01503	0.00491	0.00429
178	0.01494	0.01224	0.01274	0.01097	0.01423	0.03215	0.00866	0.19011	0.55098	0.04308	0.02002	0.01865	0.03298	0.00709	0.00536	0.00173	0.00464	0.00576	0.00531	0.00837
179	0.01203	0.01392	0.05051	0.02065	0.02540	0.01306	0.64454	0.01610	0.01199	0.01643	0.01138	0.05692	0.00936	0.00548	0.00705	0.00184	0.06717	0.00653	0.00275	0.00690
180	0.01413	0.81739	0.02770	0.00905	0.01357	0.02092	0.00905	0.01583	0.01074	0.01244	0.00735	0.00848	0.00678	0.00452	0.00339	0.00113	0.00565	0.00283	0.00226	0.00678
181	0.00878	0.02810	0.00947	0.00866	0.00992	0.00772	0.00677	0.07202	0.00987	0.01391	0.01400	0.02054	0.01303	0.07934	0.66390	0.00754	0.01274	0.00563	0.00304	0.00504
182	0.01389	0.53461	0.10056	0.01020	0.01456	0.07410	0.01001	0.04257	0.07450	0.01442	0.00941	0.01068	0.00804	0.00715	0.05389	0.00174	0.00657	0.00348	0.00269	0.00692
183	0.03715	0.00917	0.01217	0.00945	0.01346	0.00819	0.00777	0.02574	0.06369	0.72285	0.02067	0.01794	0.01316	0.00656	0.00529	0.00165	0.00447	0.00532	0.00641	0.00890
184	0.01296	0.01223	0.01995	0.02921	0.66746	0.01244	0.01506	0.01749	0.10268	0.01781	0.01184	0.01522	0.00994	0.00529	0.00531	0.00162	0.00599	0.02621	0.00301	0.00827
185	0.00756	0.00565	0.00842	0.00842	0.00934	0.00657	0.00652	0.00939	0.00847	0.01222	0.01423	0.02114	0.01338	0.06036	0.77276	0.00841	0.01392	0.00572	0.00284	0.00468
186	0.00918	0.00459	0.00689	0.00689	0.00689	0.00459	0.00459	0.00689	0.00689	0.00918	0.00918	0.01607	0.00918	0.01837	0.02066	0.84619	0.00459	0.00459	0.00230	0.00230
187	0.04042	0.01308	0.04935	0.23229	0.02719	0.01304	0.38221	0.11124	0.02683	0.01849	0.02703	0.01436	0.00879	0.00514	0.00570	0.00174	0.00759	0.00550	0.00304	0.00698
188	0.01229	0.01511	0.08764	0.02131	0.02657	0.01343	0.66764	0.01671	0.01216	0.01671	0.01041	0.01389	0.00787	0.00474	0.00671	0.00180	0.04931	0.00598	0.00262	0.00711
189	0.00998	0.00940	0.01586	0.80150	0.03641	0.01175	0.01468	0.01351	0.01057	0.01351	0.00940	0.01409	0.00705	0.00529	0.00529	0.00176	0.00705	0.00470	0.00235	0.00587
190	0.00755	0.00566	0.00850	0.00850	0.00944	0.00661	0.00661	0.00944	0.00850	0.01227	0.01416	0.02077	0.01322	0.03965	0.79326	0.00850	0.01416	0.00566	0.00283	0.00472
191	0.02010	0.01481	0.01587	0.01216	0.01639	0.01639	0.01005	0.76360	0.02486	0.03332	0.01269	0.01269	0.00899	0.00635	0.00529	0.00159	0.00582	0.00476	0.00529	0.00899
192	0.00644	0.00460	0.00613	0.00736	0.00767	0.00429	0.00491	0.00736	0.01012	0.01350	0.02914	0.81076	0.03497	0.01656	0.00675	0.00215	0.00307	0.01503	0.00491	0.00429
193	0.01289	0.01236	0.02110	0.08114	0.73408	0.01251	0.01613	0.01605	0.01194	0.01703	0.00991	0.01315	0.00829	0.00475	0.00524	0.00158	0.00633	0.00471	0.00260	0.00822
194	0.01378	0.53528	0.17152	0.01189	0.03267	0.08062	0.05896	0.01651	0.01130	0.01369	0.00809	0.00954	0.00688	0.00469	0.00403	0.00130	0.00660	0.00333	0.00233	0.00698
195	0.40749	0.16925	0.11594	0.00923	0.01345	0.01400	0.00881	0.08170	0.07428	0.02109	0.00935	0.01027	0.00728	0.00513	0.00390	0.00152	0.00504	0.00343	0.00328	0.03556
196	0.00632	0.00536	0.00545	0.00543	0.00718	0.00449	0.00407	0.00772	0.01221	0.01467	0.09416	0.05024	0.73824	0.01324	0.00625	0.00178	0.00267	0.01107	0.00496	0.00449
197	0.01096	0.00940	0.01096	0.00783	0.01253	0.00705	0.00626	0.01331	0.01096	0.01723	0.00940	0.01096	0.00783	0.00392	0.00392	0.00078	0.00392	0.00313	0.00313	0.84653
198	0.20805	0.01365	0.01348	0.01074	0.01457	0.04041	0.00880	0.51374	0.05061	0.02936	0.01309	0.01325	0.03489	0.00626	0.00485	0.00161	0.00537	0.00455	0.00474	0.00797
199	0.00769	0.00513	0.00577	0.00577	0.00577	0.00513	0.00320	0.00769	0.00769	0.01025	0.01666	0.03460	0.01922	0.81421	0.02691	0.00513	0.00513	0.00769	0.00320	0.00320
200	0.00644	0.00460	0.00613	0.00736	0.00767	0.00429	0.00491	0.00736	0.01012	0.01350	0.02914	0.81076	0.03497	0.01656	0.00675	0.00215	0.00307	0.01503	0.00491	0.00429
201	0.02019	0.00999	0.01217	0.03316	0.01407	0.03795	0.00805	0.04283	0.15550	0.53184	0.03722	0.01930	0.03916	0.00689	0.00536	0.00166	0.00463	0.00562	0.00596	0.00845
202	0.03783	0.04138	0.01537	0.01298	0.01616	0.55292	0.01004	0.21618	0.01735	0.01852	0.00932	0.01032	0.00736	0.00565	0.00484	0.00142	0.00834	0.00374	0.00340	0.00689
203	0.01151	0.00674	0.00820	0.00726	0.00951	0.00617	0.00567	0.03519	0.03875	0.20313	0.23530	0.03584	0.30255	0.01230	0.05579	0.00214	0.00394	0.00861	0.00544	0.00598
204	0.02357	0.00923	0.01241	0.00952	0.01361	0.00811	0.00786	0.05512	0.01552	0.75499	0.02053	0.01778	0.01292	0.00654	0.00532	0.00163	0.00455	0.00529	0.00649	0.00900
205	0.41035	0.01539	0.25569	0.01004	0.01493	0.01113	0.01053	0.01808	0.01098	0.18206	0.01088	0.01139	0.00759	0.00529	0.00426	0.00165	0.00536	0.00371	0.00363	0.00708
