[name]
unknown

[dist]
# distance from previous block
# <min> <max>
31	217

[block]
# block no. 0 follows, 42 sequences, length 16
# corresponding to MSA columns:
# 324-339
name=unknown_A
#
# <colnr> <probs for GDERKNQSTAVLIFYWHMCP>
#	G	D	E	R	K	N	Q	S	T	A	V	L	I	F	Y	W	H	M	C	P
0	0.00829	0.00709	0.03452	0.00839	0.01019	0.00609	0.04873	0.01090	0.01464	0.02022	0.51395	0.05973	0.12955	0.04367	0.00758	0.00201	0.00357	0.05996	0.00555	0.00537
1	0.08628	0.01510	0.05912	0.04773	0.01758	0.01571	0.01072	0.55689	0.02234	0.03129	0.01295	0.01373	0.00941	0.00766	0.03083	0.00193	0.00636	0.00489	0.04075	0.00873
2	0.01397	0.04154	0.09198	0.09787	0.01823	0.01073	0.03255	0.12033	0.01440	0.08195	0.05505	0.01471	0.01131	0.00551	0.00498	0.00134	0.00545	0.00453	0.00388	0.36970
3	0.00946	0.07332	0.02742	0.00821	0.01042	0.00735	0.03121	0.01162	0.01349	0.05730	0.22792	0.04373	0.28201	0.05001	0.00755	0.00208	0.00400	0.12226	0.00510	0.00554
4	0.00796	0.00575	0.00752	0.00708	0.00841	0.00531	0.00531	0.01062	0.01593	0.02257	0.76415	0.04204	0.05310	0.01150	0.00664	0.00177	0.00265	0.01018	0.00619	0.00531
5	0.10469	0.06483	0.07979	0.05137	0.01749	0.01558	0.08788	0.01474	0.00981	0.01565	0.00867	0.01270	0.00772	0.00978	0.05692	0.00254	0.42594	0.00477	0.00264	0.00648
6	0.01238	0.05055	0.20264	0.19986	0.29074	0.01337	0.09304	0.01664	0.01223	0.01703	0.01086	0.01505	0.00873	0.00550	0.00562	0.00177	0.00748	0.02599	0.00268	0.00784
7	0.00701	0.00572	0.00620	0.00608	0.00782	0.00490	0.00456	0.00877	0.01368	0.01722	0.25106	0.05083	0.56953	0.01350	0.00665	0.00186	0.00280	0.01141	0.00549	0.00490
8	0.01342	0.01134	0.01218	0.01115	0.01405	0.01296	0.00868	0.05322	0.63012	0.02287	0.02359	0.08635	0.01934	0.00884	0.00595	0.00197	0.00446	0.04548	0.00565	0.00838
9	0.09494	0.02187	0.42054	0.05319	0.06474	0.02862	0.06377	0.11394	0.01397	0.05695	0.01099	0.01262	0.00789	0.00556	0.00532	0.00176	0.00746	0.00448	0.00320	0.00818
10	0.00710	0.00572	0.00632	0.00617	0.00788	0.00494	0.00463	0.00894	0.01388	0.01771	0.29775	0.05003	0.52253	0.01332	0.00665	0.00186	0.00278	0.01130	0.00556	0.00494
11	0.00741	0.00552	0.00689	0.00700	0.00818	0.00500	0.00508	0.00938	0.01396	0.01893	0.42950	0.24149	0.19365	0.01366	0.00678	0.00193	0.00285	0.01204	0.00575	0.00500
12	0.01052	0.00997	0.01684	0.66917	0.05856	0.01197	0.04550	0.01411	0.01152	0.01472	0.01391	0.01817	0.06931	0.00627	0.00575	0.00187	0.00718	0.00563	0.00275	0.00627
13	0.12197	0.03752	0.07568	0.01094	0.01525	0.01255	0.00958	0.25453	0.04203	0.28386	0.01627	0.03492	0.01175	0.04022	0.00630	0.00189	0.00549	0.00532	0.00536	0.00857
14	0.09216	0.19286	0.43881	0.01574	0.08173	0.01510	0.05522	0.01746	0.01171	0.01760	0.00950	0.01134	0.00727	0.00516	0.00488	0.00165	0.00737	0.00401	0.00255	0.00788
15	0.01797	0.12131	0.01591	0.01249	0.04781	0.34056	0.00947	0.07172	0.02780	0.10650	0.09405	0.01673	0.03065	0.00672	0.00516	0.00152	0.00702	0.00498	0.05454	0.00709

[dist]
# distance from previous block
# <min> <max>
1	3

[block]
# block no. 1 follows, 42 sequences, length 10
# corresponding to MSA columns:
# 343-352
name=unknown_B
#
# <colnr> <probs for GDERKNQSTAVLIFYWHMCP>
#	G	D	E	R	K	N	Q	S	T	A	V	L	I	F	Y	W	H	M	C	P
0	0.03237	0.02301	0.00914	0.00867	0.04540	0.00753	0.00617	0.08204	0.03696	0.01915	0.18152	0.08948	0.31760	0.05854	0.00753	0.00200	0.00373	0.00953	0.00504	0.05462
1	0.08211	0.01328	0.01499	0.09107	0.01815	0.01407	0.00994	0.42892	0.02014	0.08674	0.01276	0.01344	0.00921	0.00607	0.00520	0.00156	0.00571	0.00464	0.00484	0.15715
2	0.00861	0.00620	0.00840	0.00934	0.01056	0.00606	0.00784	0.01094	0.01302	0.01712	0.12732	0.10627	0.07818	0.04435	0.00830	0.00253	0.00460	0.52006	0.00525	0.00507
3	0.07191	0.02778	0.71725	0.01541	0.02337	0.01304	0.01972	0.01773	0.01171	0.01836	0.00993	0.01168	0.00705	0.00534	0.00521	0.00178	0.00803	0.00408	0.00246	0.00815
4	0.01175	0.09058	0.42370	0.06228	0.02373	0.01377	0.16047	0.01668	0.01181	0.01678	0.01133	0.06294	0.00938	0.00625	0.00637	0.00183	0.05471	0.00540	0.00267	0.00759
5	0.01184	0.01126	0.01955	0.53239	0.10006	0.01287	0.12642	0.05875	0.01259	0.01655	0.01118	0.04120	0.00891	0.00591	0.00583	0.00186	0.00751	0.00563	0.00286	0.00683
6	0.00686	0.00490	0.00653	0.00784	0.00816	0.00457	0.00522	0.00784	0.01077	0.01437	0.03102	0.79855	0.03722	0.01763	0.00718	0.00229	0.00326	0.01600	0.00522	0.00457
7	0.12362	0.14988	0.43654	0.01424	0.05054	0.06343	0.01567	0.01823	0.01200	0.05349	0.00994	0.01138	0.00741	0.00534	0.00483	0.00166	0.00730	0.00390	0.00280	0.00781
8	0.01572	0.04363	0.27161	0.01804	0.16069	0.16547	0.01511	0.15860	0.04064	0.02050	0.01212	0.01354	0.02751	0.00593	0.00539	0.00167	0.00763	0.00463	0.00337	0.00821
9	0.03718	0.00803	0.02886	0.00925	0.01116	0.00749	0.00714	0.11032	0.01388	0.14325	0.02591	0.47124	0.02765	0.01359	0.00661	0.00211	0.00420	0.06046	0.00544	0.00625

[dist]
# distance from previous block
# <min> <max>
3	7

[block]
# block no. 2 follows, 42 sequences, length 51
# corresponding to MSA columns:
# 360-410
name=unknown_C
#
# <colnr> <probs for GDERKNQSTAVLIFYWHMCP>
#	G	D	E	R	K	N	Q	S	T	A	V	L	I	F	Y	W	H	M	C	P
0	0.00793	0.00556	0.00714	0.00735	0.00783	0.00582	0.00496	0.00887	0.00913	0.01257	0.02032	0.15325	0.04653	0.37652	0.27604	0.00594	0.00818	0.00876	0.02309	0.00423
1	0.03597	0.10693	0.15262	0.04424	0.01844	0.29791	0.01216	0.06866	0.17410	0.01822	0.01224	0.01305	0.00949	0.00605	0.00512	0.00162	0.00765	0.00438	0.00353	0.00761
2	0.01448	0.05435	0.13007	0.01088	0.01605	0.01193	0.01010	0.23193	0.01628	0.02328	0.04802	0.01361	0.01066	0.00551	0.00487	0.00130	0.00542	0.00429	0.00396	0.38303
3	0.01258	0.16357	0.46696	0.10657	0.03953	0.06076	0.04104	0.01752	0.01204	0.01638	0.00965	0.01179	0.00728	0.00529	0.00510	0.00167	0.00793	0.00412	0.00245	0.00776
4	0.00749	0.00590	0.00679	0.00673	0.00828	0.00534	0.00498	0.00995	0.04608	0.01821	0.31668	0.14037	0.37614	0.01336	0.00667	0.00190	0.00290	0.01151	0.00561	0.00512
5	0.00796	0.00572	0.00734	0.00695	0.00815	0.00531	0.00509	0.01031	0.01505	0.02119	0.67082	0.04175	0.06471	0.09461	0.00895	0.00216	0.00295	0.01000	0.00588	0.00510
6	0.01412	0.26634	0.37489	0.01334	0.01940	0.11322	0.01491	0.05875	0.01324	0.01707	0.03952	0.01208	0.00915	0.00557	0.00484	0.00156	0.00750	0.00403	0.00279	0.00770
7	0.05457	0.01239	0.01698	0.06101	0.39401	0.09009	0.01344	0.01586	0.01287	0.01753	0.01591	0.05037	0.01558	0.00829	0.00605	0.00192	0.00646	0.19586	0.00352	0.00728
8	0.00791	0.00575	0.00744	0.00702	0.00837	0.00529	0.00527	0.01051	0.01580	0.02225	0.73341	0.04256	0.08404	0.01162	0.00664	0.00178	0.00266	0.01025	0.00615	0.00529
9	0.00686	0.00490	0.00653	0.00784	0.00816	0.00457	0.00522	0.00784	0.01077	0.01437	0.03102	0.79855	0.03722	0.01763	0.00718	0.00229	0.00326	0.01600	0.00522	0.00457
10	0.01453	0.01450	0.02226	0.03285	0.70399	0.07789	0.01673	0.01771	0.01308	0.01800	0.01043	0.01361	0.00877	0.00508	0.00553	0.00165	0.00698	0.00490	0.00280	0.00871
11	0.01139	0.01084	0.01684	0.73244	0.03721	0.04188	0.01528	0.04002	0.01196	0.01508	0.01007	0.01477	0.00756	0.00567	0.00561	0.00185	0.00756	0.00495	0.00262	0.00638
12	0.01049	0.00525	0.00525	0.00525	0.00656	0.00525	0.00393	0.01311	0.01180	0.02098	0.01836	0.02098	0.01442	0.00656	0.00393	0.00131	0.00262	0.00525	0.83346	0.00525
13	0.00885	0.00597	0.00668	0.00648	0.00671	0.00606	0.00378	0.04534	0.00910	0.01214	0.01752	0.03566	0.01991	0.76229	0.02749	0.00527	0.00549	0.00803	0.00352	0.00372
14	0.01376	0.01316	0.02225	0.07173	0.70878	0.01335	0.01695	0.01749	0.03427	0.01833	0.01091	0.01419	0.00908	0.00512	0.00558	0.00169	0.00666	0.00505	0.00286	0.00878
15	0.00949	0.00685	0.00962	0.01063	0.09824	0.00652	0.00699	0.01202	0.01470	0.05326	0.53343	0.03771	0.04171	0.05955	0.03729	0.00230	0.00399	0.04444	0.00549	0.00579
16	0.11662	0.01014	0.01245	0.18014	0.01868	0.00939	0.00866	0.01524	0.02481	0.04383	0.01037	0.01250	0.00822	0.00478	0.00448	0.00123	0.00495	0.00380	0.00333	0.50636
17	0.01273	0.07427	0.01884	0.07288	0.01758	0.03704	0.07935	0.03748	0.01038	0.01489	0.00931	0.03564	0.00871	0.00921	0.02793	0.00231	0.49711	0.00526	0.02268	0.00641
18	0.00765	0.00513	0.00679	0.00786	0.00841	0.00474	0.00533	0.00870	0.01107	0.04728	0.03145	0.74117	0.05918	0.01706	0.00710	0.00225	0.00332	0.01542	0.00530	0.00479
19	0.20295	0.00986	0.01202	0.00944	0.01361	0.00922	0.00780	0.02506	0.01469	0.60876	0.01908	0.01698	0.01223	0.00659	0.00519	0.00174	0.00469	0.00509	0.00621	0.00882
20	0.00796	0.00580	0.00764	0.05149	0.03953	0.00575	0.00573	0.00898	0.01021	0.01368	0.02536	0.39179	0.05970	0.27667	0.01407	0.00326	0.00439	0.03578	0.02771	0.00450
21	0.07537	0.00993	0.01592	0.63485	0.07535	0.01207	0.01428	0.01425	0.01095	0.01515	0.00985	0.01462	0.00762	0.00647	0.00652	0.05618	0.00704	0.00484	0.00259	0.00614
22	0.00863	0.00559	0.00643	0.00632	0.00654	0.00552	0.00369	0.00889	0.00900	0.03229	0.07614	0.03676	0.02283	0.71906	0.02631	0.00507	0.00522	0.00827	0.00372	0.00372
23	0.00828	0.00567	0.00652	0.00648	0.00649	0.00583	0.00376	0.00835	0.00828	0.01110	0.01778	0.05882	0.02052	0.75198	0.02766	0.00526	0.03193	0.00831	0.00343	0.00354
24	0.01751	0.17035	0.01818	0.01346	0.03635	0.40566	0.01053	0.07018	0.01431	0.01523	0.00947	0.01175	0.00819	0.00989	0.08781	0.00232	0.08509	0.00403	0.00296	0.00674
25	0.00978	0.00489	0.00733	0.00733	0.00733	0.00489	0.00489	0.00733	0.00733	0.00978	0.00978	0.01711	0.00978	0.01955	0.02199	0.83627	0.00489	0.00489	0.00244	0.00244
26	0.00838	0.00571	0.00739	0.00720	0.00847	0.00526	0.00531	0.01068	0.01478	0.04533	0.56228	0.17459	0.07015	0.01235	0.00661	0.00185	0.00284	0.01094	0.03457	0.00530
27	0.01366	0.01316	0.02267	0.09243	0.69072	0.01333	0.03712	0.01707	0.01271	0.01807	0.01056	0.01405	0.00879	0.00505	0.00560	0.00169	0.00683	0.00506	0.00277	0.00867
28	0.01041	0.03759	0.04178	0.06194	0.01524	0.00919	0.10751	0.09277	0.03691	0.01767	0.02349	0.39553	0.04241	0.02822	0.00705	0.00214	0.00518	0.05439	0.00454	0.00603
29	0.01185	0.01112	0.01910	0.26608	0.27684	0.01179	0.10560	0.04272	0.01281	0.01745	0.05542	0.11566	0.01452	0.00721	0.00599	0.00185	0.00662	0.00690	0.00331	0.00718
30	0.01361	0.19625	0.16469	0.01301	0.08257	0.05914	0.01143	0.01741	0.04955	0.03769	0.01048	0.01189	0.00843	0.00497	0.00457	0.00129	0.00601	0.00380	0.00308	0.30014
31	0.70470	0.05664	0.04058	0.03341	0.01277	0.02931	0.00736	0.02874	0.01024	0.02385	0.00811	0.00953	0.00633	0.00526	0.00370	0.00171	0.00486	0.00320	0.00337	0.00632
32	0.02544	0.00603	0.00688	0.00671	0.00705	0.00623	0.00410	0.03808	0.00902	0.01238	0.01711	0.03396	0.01914	0.68297	0.09789	0.00557	0.00637	0.00775	0.00346	0.00386
33	0.01398	0.05114	0.01708	0.13690	0.01948	0.01299	0.12870	0.19881	0.01518	0.02160	0.01295	0.01585	0.01011	0.00817	0.04527	0.00208	0.08029	0.00528	0.19708	0.00704
34	0.01192	0.01163	0.01623	0.01406	0.01414	0.01610	0.01164	0.01320	0.00881	0.01377	0.00886	0.04424	0.00897	0.01104	0.04043	0.00262	0.71544	0.00541	0.02546	0.00603
35	0.01381	0.01198	0.01295	0.05371	0.01595	0.01392	0.00927	0.02906	0.71641	0.02304	0.02220	0.02067	0.01665	0.00753	0.00572	0.00191	0.00462	0.00629	0.00555	0.00876
36	0.01417	0.01139	0.01230	0.01099	0.01408	0.01290	0.00856	0.02810	0.64787	0.06949	0.08634	0.02268	0.02006	0.00793	0.00580	0.00189	0.00432	0.00665	0.00584	0.00864
37	0.11773	0.02137	0.37391	0.03252	0.07632	0.06327	0.13607	0.03205	0.01268	0.06701	0.01081	0.01267	0.00786	0.00537	0.00535	0.00176	0.00773	0.00458	0.00301	0.00791
38	0.01324	0.01100	0.01170	0.01050	0.01348	0.01233	0.00817	0.05464	0.57448	0.03855	0.07041	0.02610	0.11360	0.00865	0.00589	0.00189	0.00422	0.00722	0.00571	0.00821
39	0.00812	0.00595	0.00863	0.00863	0.00953	0.00682	0.00656	0.00993	0.00903	0.01304	0.01545	0.02367	0.01477	0.12332	0.67790	0.00845	0.01370	0.00624	0.02542	0.00486
40	0.02052	0.02589	0.01570	0.01428	0.01716	0.73655	0.01073	0.02253	0.04404	0.01413	0.00935	0.01078	0.00775	0.00653	0.01907	0.00160	0.01002	0.00377	0.00301	0.00659
41	0.01398	0.01106	0.01204	0.01083	0.01386	0.01241	0.00848	0.02703	0.60070	0.07719	0.07678	0.02494	0.04171	0.00835	0.00589	0.00191	0.00433	0.03427	0.00581	0.00844
42	0.00918	0.00663	0.00912	0.01024	0.01160	0.00667	0.00888	0.01222	0.03821	0.01735	0.06533	0.06100	0.03288	0.01508	0.00765	0.00253	0.00503	0.66983	0.00525	0.00531
43	0.00744	0.00532	0.00657	0.00736	0.00829	0.00479	0.00515	0.00863	0.01160	0.03856	0.03825	0.53725	0.24747	0.01626	0.00700	0.00217	0.00325	0.03458	0.00528	0.00480
44	0.01111	0.00920	0.01057	0.02932	0.01207	0.07661	0.00777	0.10398	0.02125	0.01635	0.01456	0.02040	0.01309	0.06628	0.51616	0.00667	0.01220	0.00574	0.04093	0.00574
45	0.00700	0.00572	0.00623	0.00636	0.00805	0.00494	0.00483	0.00863	0.01306	0.01611	0.13355	0.10193	0.57915	0.01426	0.00677	0.00196	0.00304	0.06824	0.00533	0.00484
46	0.04879	0.00957	0.01272	0.00989	0.01408	0.00849	0.00813	0.02663	0.03990	0.69997	0.04608	0.01966	0.01508	0.00708	0.00563	0.00175	0.00469	0.00575	0.00680	0.00931
47	0.74847	0.01073	0.00882	0.00770	0.01128	0.01213	0.00634	0.01779	0.01032	0.11063	0.00948	0.01029	0.00699	0.00542	0.00373	0.00174	0.00440	0.00335	0.00388	0.00649
48	0.05344	0.12106	0.64574	0.01484	0.02249	0.01415	0.01872	0.01764	0.01171	0.01765	0.00971	0.01140	0.00709	0.00528	0.00505	0.00171	0.00784	0.00397	0.00244	0.00807
49	0.02234	0.01165	0.07699	0.01063	0.01511	0.00958	0.00936	0.08700	0.05365	0.56797	0.03607	0.01870	0.01400	0.00693	0.00560	0.00174	0.00507	0.00560	0.03280	0.00921
50	0.03901	0.01254	0.03151	0.23887	0.44029	0.03557	0.03275	0.01612	0.01220	0.01701	0.01093	0.01577	0.00919	0.00605	0.00614	0.02879	0.00692	0.02992	0.00280	0.00764

[dist]
# distance from previous block
# <min> <max>
0	3

[block]
# block no. 3 follows, 42 sequences, length 11
# corresponding to MSA columns:
# 414-424
name=unknown_D
#
# <colnr> <probs for GDERKNQSTAVLIFYWHMCP>
#	G	D	E	R	K	N	Q	S	T	A	V	L	I	F	Y	W	H	M	C	P
0	0.00824	0.00545	0.00725	0.00802	0.00883	0.00507	0.00575	0.00958	0.01190	0.05349	0.12225	0.52819	0.06847	0.01602	0.00754	0.02842	0.00351	0.09177	0.00534	0.00492
1	0.00799	0.00585	0.00762	0.00785	0.00913	0.00547	0.00615	0.01033	0.01431	0.01948	0.42560	0.12633	0.12186	0.01346	0.00699	0.00205	0.00339	0.19526	0.00573	0.00514
2	0.01244	0.22815	0.44903	0.01627	0.11431	0.01513	0.01671	0.01716	0.01207	0.01692	0.04528	0.01282	0.00955	0.00546	0.00498	0.00162	0.00725	0.00425	0.00262	0.00796
3	0.01276	0.08663	0.30030	0.15205	0.24035	0.01405	0.01702	0.04454	0.04691	0.01792	0.01075	0.01324	0.00827	0.00541	0.00534	0.00172	0.00725	0.00459	0.00279	0.00812
4	0.00686	0.00490	0.00653	0.00784	0.00816	0.00457	0.00522	0.00784	0.01077	0.01437	0.03102	0.79855	0.03722	0.01763	0.00718	0.00229	0.00326	0.01600	0.00522	0.00457
5	0.00886	0.00721	0.05093	0.00852	0.01018	0.00595	0.00706	0.01129	0.01384	0.05211	0.34312	0.20302	0.07500	0.01324	0.00688	0.00206	0.00375	0.16598	0.00555	0.00546
6	0.09937	0.13613	0.36947	0.05821	0.06745	0.03701	0.01528	0.06536	0.01297	0.07383	0.01062	0.01207	0.00783	0.00547	0.00496	0.00167	0.00708	0.00413	0.00309	0.00797
7	0.01161	0.07007	0.69894	0.01654	0.05770	0.01358	0.02003	0.01774	0.01190	0.01760	0.01000	0.01182	0.00722	0.00530	0.00526	0.00175	0.00812	0.00414	0.00240	0.00829
8	0.00907	0.00648	0.00907	0.01036	0.01166	0.00648	0.00907	0.01166	0.01296	0.01684	0.02980	0.06348	0.03239	0.01555	0.00777	0.00259	0.00518	0.72924	0.00518	0.00518
9	0.07791	0.33650	0.31836	0.01307	0.04783	0.05084	0.01391	0.01720	0.01192	0.01662	0.04234	0.01186	0.00920	0.00540	0.00456	0.00153	0.00686	0.00389	0.00268	0.00752
10	0.01357	0.06043	0.14687	0.23243	0.20133	0.03971	0.04963	0.06754	0.01340	0.05812	0.01360	0.01604	0.05095	0.00599	0.00554	0.00174	0.00705	0.00521	0.00318	0.00768

[dist]
# distance from previous block
# <min> <max>
0	3

[block]
# block no. 4 follows, 42 sequences, length 38
# corresponding to MSA columns:
# 428-465
name=unknown_E
#
# <colnr> <probs for GDERKNQSTAVLIFYWHMCP>
#	G	D	E	R	K	N	Q	S	T	A	V	L	I	F	Y	W	H	M	C	P
0	0.01619	0.07661	0.16721	0.01450	0.07179	0.18366	0.02803	0.19755	0.01619	0.02088	0.01159	0.01365	0.00914	0.02341	0.03573	0.00196	0.01987	0.00456	0.07985	0.00763
1	0.12760	0.01232	0.03457	0.01097	0.01450	0.01274	0.00923	0.37077	0.01892	0.06348	0.01723	0.09143	0.01543	0.00881	0.00573	0.00186	0.00537	0.12157	0.02247	0.03498
2	0.00991	0.00531	0.00557	0.00557	0.00687	0.00521	0.00415	0.01242	0.01226	0.02065	0.10317	0.05477	0.05184	0.00786	0.00448	0.00143	0.00266	0.00649	0.67419	0.00521
3	0.01210	0.07566	0.15931	0.05555	0.07190	0.03100	0.15544	0.01599	0.02912	0.01720	0.01247	0.08938	0.01105	0.00612	0.00535	0.00154	0.00654	0.00562	0.00314	0.23553
4	0.01345	0.01278	0.02170	0.08022	0.67960	0.01293	0.01671	0.01678	0.01272	0.01805	0.01162	0.01676	0.01013	0.00564	0.00570	0.00174	0.00665	0.04537	0.00290	0.00854
5	0.01629	0.58672	0.02539	0.01073	0.01498	0.21138	0.00978	0.01800	0.01261	0.01343	0.00951	0.01066	0.02985	0.00534	0.00407	0.00129	0.00696	0.00343	0.00261	0.00697
6	0.00701	0.00563	0.00627	0.00637	0.00794	0.00489	0.00472	0.00867	0.01324	0.01672	0.20556	0.14554	0.50354	0.01411	0.00674	0.00194	0.00291	0.02790	0.00543	0.00486
7	0.01361	0.01319	0.02170	0.10242	0.66339	0.03152	0.01664	0.01690	0.01275	0.01783	0.01165	0.01494	0.02763	0.00532	0.00559	0.00169	0.00675	0.00515	0.00282	0.00851
8	0.01431	0.01225	0.01290	0.01152	0.01475	0.01414	0.00898	0.06052	0.72582	0.02405	0.02250	0.02068	0.01685	0.00760	0.00572	0.00190	0.00453	0.00631	0.00572	0.00894
9	0.00980	0.00490	0.00727	0.00727	0.00731	0.00490	0.00486	0.00749	0.00746	0.01009	0.01002	0.01722	0.00991	0.01919	0.02149	0.81286	0.00482	0.00490	0.02574	0.00252
10	0.01586	0.01277	0.01360	0.01172	0.01521	0.01454	0.00926	0.17852	0.58383	0.04815	0.02094	0.01939	0.01551	0.00743	0.00570	0.00186	0.00482	0.00607	0.00574	0.00906
11	0.00727	0.00624	0.00630	0.00619	0.00820	0.00553	0.00467	0.00992	0.07582	0.01591	0.05412	0.05135	0.70154	0.01369	0.00657	0.00190	0.00299	0.01141	0.00527	0.00510
12	0.00698	0.00509	0.00657	0.00751	0.00813	0.00469	0.00513	0.00822	0.01166	0.01551	0.12843	0.62033	0.11806	0.01647	0.00705	0.00218	0.00314	0.01480	0.00535	0.00469
13	0.00700	0.00554	0.00633	0.00665	0.00804	0.00486	0.00488	0.00855	0.01277	0.01616	0.15485	0.24334	0.44098	0.01476	0.00683	0.00201	0.00303	0.04325	0.00537	0.00481
14	0.02083	0.01507	0.01675	0.01294	0.01734	0.01651	0.02868	0.64558	0.05669	0.07389	0.01466	0.01519	0.01057	0.00693	0.00570	0.00172	0.00610	0.01981	0.00563	0.00940
15	0.01281	0.01182	0.01796	0.01549	0.05398	0.01393	0.13334	0.11843	0.01304	0.01850	0.07003	0.09328	0.01514	0.01008	0.02915	0.00230	0.33567	0.02467	0.00363	0.00675
16	0.00806	0.00596	0.00868	0.00868	0.00956	0.00684	0.00658	0.00982	0.00894	0.01280	0.01541	0.02395	0.01487	0.13719	0.68603	0.00860	0.01387	0.00630	0.00306	0.00482
17	0.81729	0.01084	0.00842	0.00748	0.01099	0.01249	0.00616	0.01687	0.00977	0.04779	0.00827	0.00944	0.00633	0.00528	0.00355	0.00174	0.00437	0.00313	0.00359	0.00620
18	0.01558	0.01651	0.02123	0.02986	0.59213	0.19222	0.01578	0.01849	0.01355	0.01731	0.01015	0.01305	0.00853	0.00520	0.00546	0.00162	0.00749	0.00469	0.00281	0.00836
19	0.08171	0.00987	0.01273	0.00997	0.01406	0.00913	0.00821	0.07490	0.01592	0.62110	0.02015	0.01824	0.01309	0.00901	0.05335	0.00219	0.00549	0.00546	0.00638	0.00905
20	0.04650	0.01255	0.02083	0.18892	0.57143	0.01317	0.01632	0.01689	0.02694	0.01793	0.01060	0.01410	0.00867	0.00520	0.00550	0.00172	0.00672	0.00496	0.00281	0.00825
21	0.01046	0.00986	0.01784	0.03346	0.20870	0.00952	0.19924	0.01311	0.01202	0.01641	0.02031	0.35911	0.02189	0.01080	0.00662	0.00203	0.00588	0.03232	0.00394	0.00651
22	0.00749	0.00629	0.00657	0.00645	0.00837	0.00569	0.00485	0.01041	0.08433	0.01669	0.12150	0.07109	0.60349	0.01345	0.00658	0.00190	0.00300	0.01130	0.00537	0.00520
23	0.67375	0.01188	0.01004	0.00854	0.01223	0.01361	0.00704	0.16657	0.01304	0.02734	0.00900	0.01004	0.00681	0.00554	0.00392	0.00173	0.00473	0.00346	0.00392	0.00681
24	0.01320	0.01488	0.11167	0.07081	0.55723	0.03380	0.01671	0.01681	0.01268	0.01781	0.01199	0.03052	0.01053	0.00598	0.00570	0.00176	0.00687	0.04982	0.00291	0.00832
25	0.08293	0.00912	0.01164	0.00973	0.01317	0.00854	0.00803	0.06814	0.01562	0.46187	0.08996	0.04763	0.02011	0.00884	0.00595	0.00189	0.00467	0.11784	0.00622	0.00811
26	0.00700	0.00500	0.00667	0.00787	0.00829	0.00468	0.00536	0.00813	0.01116	0.01495	0.07629	0.72767	0.03804	0.01718	0.00717	0.00226	0.00329	0.03905	0.00528	0.00464
27	0.01174	0.00972	0.04416	0.03752	0.08082	0.00939	0.00875	0.19726	0.01484	0.02000	0.02172	0.37480	0.02343	0.05613	0.00817	0.02743	0.00492	0.03814	0.00471	0.00634
28	0.01267	0.00874	0.01023	0.00933	0.01172	0.00912	0.00725	0.02013	0.30050	0.12408	0.23039	0.04969	0.06623	0.04856	0.00733	0.00208	0.00400	0.06499	0.00583	0.00713
29	0.00812	0.00554	0.00664	0.00668	0.00686	0.00570	0.00407	0.00849	0.00841	0.01138	0.01768	0.05684	0.01988	0.65087	0.15472	0.00597	0.00701	0.00805	0.00340	0.00372
30	0.01207	0.02544	0.58611	0.01737	0.04546	0.01362	0.11351	0.04582	0.01248	0.01831	0.01026	0.01245	0.00747	0.00556	0.00624	0.00183	0.05068	0.00458	0.00258	0.00817
31	0.01766	0.06591	0.09723	0.01991	0.21542	0.16106	0.12099	0.02080	0.01408	0.19346	0.01284	0.01410	0.00943	0.00560	0.00551	0.00166	0.00745	0.00492	0.00373	0.00825
32	0.00874	0.00625	0.00870	0.00999	0.01115	0.00620	0.00850	0.01110	0.01263	0.01648	0.02998	0.17149	0.03310	0.01585	0.00769	0.00255	0.00490	0.62443	0.00519	0.00509
33	0.06793	0.01148	0.01892	0.27405	0.37463	0.01230	0.05059	0.01546	0.01195	0.01708	0.01310	0.01660	0.05499	0.00621	0.00605	0.02641	0.00664	0.00538	0.00288	0.00735
34	0.01305	0.01312	0.05009	0.16791	0.57015	0.01297	0.01659	0.01681	0.02685	0.01787	0.03367	0.01503	0.01010	0.00539	0.00561	0.00172	0.00673	0.00516	0.00288	0.00830
35	0.01659	0.02400	0.01301	0.01044	0.01354	0.01293	0.00830	0.46127	0.02030	0.02804	0.01655	0.10452	0.01438	0.07212	0.01976	0.00211	0.00535	0.00655	0.14255	0.00769
36	0.70680	0.02924	0.04541	0.08109	0.01421	0.01285	0.00776	0.01641	0.00988	0.02362	0.00814	0.00982	0.00630	0.00526	0.00377	0.00174	0.00487	0.00328	0.00331	0.00624
37	0.06182	0.00699	0.00795	0.00744	0.00885	0.00757	0.00558	0.07980	0.01190	0.01889	0.05770	0.02364	0.01646	0.15906	0.18311	0.00391	0.02580	0.00607	0.30213	0.00534

[dist]
# distance from previous block
# <min> <max>
0	1

[block]
# block no. 5 follows, 42 sequences, length 32
# corresponding to MSA columns:
# 467-498
name=unknown_F
#
# <colnr> <probs for GDERKNQSTAVLIFYWHMCP>
#	G	D	E	R	K	N	Q	S	T	A	V	L	I	F	Y	W	H	M	C	P
0	0.03307	0.05151	0.54157	0.01640	0.09064	0.01292	0.01773	0.01880	0.05646	0.06922	0.01159	0.01308	0.00840	0.00592	0.00575	0.02388	0.00743	0.00442	0.00296	0.00824
1	0.01096	0.00896	0.01050	0.00805	0.01210	0.00704	0.00633	0.01359	0.02859	0.03574	0.09532	0.05834	0.08159	0.00665	0.00487	0.00114	0.00387	0.00556	0.00403	0.59677
2	0.01505	0.80561	0.02949	0.00963	0.01444	0.02227	0.00963	0.01685	0.01143	0.01324	0.00782	0.00903	0.00722	0.00481	0.00361	0.00120	0.00602	0.00301	0.00241	0.00722
3	0.06280	0.01275	0.09433	0.03432	0.01599	0.03909	0.05022	0.09766	0.08910	0.25723	0.04329	0.10128	0.03853	0.00802	0.00572	0.00181	0.00545	0.00674	0.02774	0.00793
4	0.09132	0.01091	0.03620	0.17686	0.14228	0.01128	0.02996	0.04477	0.08977	0.10180	0.14703	0.02081	0.03511	0.00722	0.00604	0.00181	0.02908	0.00612	0.00429	0.00732
5	0.01640	0.00897	0.01083	0.00908	0.01194	0.03392	0.00718	0.09710	0.01674	0.31094	0.30464	0.07128	0.05776	0.00949	0.00613	0.00177	0.00415	0.00805	0.00623	0.00739
6	0.00798	0.00593	0.00870	0.00877	0.00966	0.00679	0.00667	0.00979	0.00908	0.01298	0.01614	0.06602	0.01581	0.09537	0.68338	0.00841	0.01373	0.00673	0.00317	0.00488
7	0.04220	0.02915	0.11080	0.24638	0.25225	0.05944	0.01500	0.04785	0.05752	0.01794	0.01218	0.01707	0.01007	0.00619	0.00557	0.00180	0.00699	0.05091	0.00312	0.00758
8	0.01286	0.00904	0.01061	0.03325	0.03193	0.00933	0.00774	0.04474	0.25663	0.12673	0.04362	0.05785	0.22416	0.01062	0.00666	0.02564	0.00428	0.07176	0.00544	0.00709
9	0.00786	0.00588	0.00749	0.00824	0.00951	0.00551	0.00660	0.00982	0.01282	0.01654	0.11827	0.20397	0.23368	0.01516	0.00723	0.00225	0.00389	0.31503	0.00531	0.00496
10	0.00701	0.00538	0.00632	0.00676	0.00786	0.00480	0.00475	0.00837	0.01223	0.01573	0.14965	0.34059	0.33403	0.06008	0.00811	0.00223	0.00313	0.01302	0.00527	0.00469
11	0.03166	0.01087	0.01617	0.45234	0.02840	0.01327	0.03480	0.10793	0.02926	0.01784	0.01150	0.04226	0.00935	0.00686	0.00745	0.00192	0.12109	0.00543	0.04495	0.00664
12	0.05093	0.01145	0.01329	0.01052	0.01432	0.01163	0.00854	0.32017	0.01946	0.30699	0.05751	0.04967	0.05637	0.03478	0.00651	0.00188	0.00510	0.00637	0.00597	0.00857
13	0.00686	0.00490	0.00653	0.00784	0.00816	0.00457	0.00522	0.00784	0.01077	0.01437	0.03102	0.79855	0.03722	0.01763	0.00718	0.00229	0.00326	0.01600	0.00522	0.00457
14	0.01056	0.00556	0.00571	0.00560	0.00690	0.00563	0.00415	0.03258	0.01187	0.02046	0.01811	0.02197	0.01473	0.06595	0.02269	0.00180	0.00320	0.00547	0.73185	0.00522
15	0.01816	0.06273	0.01523	0.01240	0.01551	0.41103	0.03029	0.10597	0.03796	0.06717	0.01610	0.01724	0.08411	0.02816	0.02697	0.00186	0.00797	0.00511	0.02912	0.00689
16	0.04190	0.03463	0.01360	0.01027	0.01435	0.03047	0.00845	0.12282	0.04468	0.53542	0.04683	0.01857	0.01434	0.00698	0.00552	0.00171	0.00499	0.00556	0.02986	0.00904
17	0.39676	0.06557	0.05335	0.16248	0.07835	0.03632	0.02301	0.01754	0.01130	0.09402	0.01009	0.01191	0.00757	0.00544	0.00449	0.00172	0.00578	0.00397	0.00342	0.00692
18	0.01305	0.01349	0.06282	0.15245	0.58875	0.01297	0.01683	0.01658	0.01252	0.01763	0.01179	0.01514	0.03020	0.00539	0.00560	0.00172	0.00680	0.00516	0.00279	0.00834
19	0.26424	0.01078	0.01191	0.00949	0.01335	0.01095	0.00780	0.10567	0.01423	0.29703	0.01432	0.01417	0.00998	0.00620	0.00548	0.00164	0.04916	0.00445	0.02865	0.12051
20	0.01327	0.43898	0.38058	0.01266	0.01912	0.01792	0.01490	0.01731	0.01165	0.01540	0.00890	0.01037	0.00718	0.00507	0.00443	0.00148	0.00710	0.00355	0.00239	0.00774
21	0.00686	0.00529	0.00627	0.00692	0.00796	0.00470	0.00485	0.00815	0.01199	0.01533	0.09788	0.44175	0.33028	0.01580	0.00693	0.00209	0.00305	0.01390	0.00530	0.00470
22	0.02511	0.00980	0.01320	0.01012	0.01448	0.00861	0.00836	0.05367	0.01648	0.74424	0.02189	0.01895	0.01377	0.00696	0.00566	0.00174	0.00484	0.00564	0.00692	0.00958
23	0.00845	0.00580	0.00765	0.00861	0.00947	0.00560	0.00646	0.01032	0.03181	0.04176	0.02990	0.45693	0.05187	0.06792	0.00867	0.00255	0.00407	0.23200	0.00517	0.00498
24	0.01181	0.02837	0.74437	0.01581	0.02398	0.01289	0.02032	0.01818	0.01204	0.04626	0.01056	0.01216	0.00739	0.00541	0.00536	0.00178	0.00818	0.00422	0.00255	0.00836
25	0.00816	0.00554	0.00655	0.00654	0.00671	0.00565	0.00394	0.00850	0.00856	0.01158	0.04267	0.03513	0.02075	0.67867	0.12357	0.00579	0.00659	0.00798	0.00345	0.00368
26	0.00805	0.00600	0.00887	0.00887	0.00981	0.00694	0.00682	0.00994	0.00899	0.01293	0.01523	0.02299	0.01445	0.08781	0.73485	0.00883	0.01450	0.00616	0.00304	0.00493
27	0.01466	0.01475	0.02153	0.07464	0.51482	0.09853	0.05535	0.04363	0.03069	0.01807	0.01060	0.01370	0.00876	0.00551	0.00630	0.00172	0.05054	0.00498	0.00294	0.00829
28	0.01244	0.26779	0.54450	0.01407	0.02131	0.01590	0.01736	0.01752	0.01174	0.01641	0.00940	0.01100	0.00716	0.00518	0.00481	0.00160	0.00761	0.00381	0.00239	0.00798
29	0.00907	0.00648	0.00907	0.01036	0.01166	0.00648	0.00907	0.01166	0.01296	0.01684	0.02980	0.06348	0.03239	0.01555	0.00777	0.00259	0.00518	0.72924	0.00518	0.00518
30	0.01131	0.00779	0.00934	0.00824	0.01078	0.00731	0.00644	0.01583	0.13428	0.10989	0.31400	0.03506	0.14721	0.01005	0.00612	0.00173	0.00355	0.04438	0.00565	0.11104
31	0.02637	0.01477	0.10561	0.11784	0.14843	0.03786	0.14632	0.11505	0.03358	0.01927	0.01299	0.09385	0.01141	0.00717	0.00713	0.00189	0.08326	0.00629	0.00341	0.00752

[dist]
# distance from previous block
# <min> <max>
3	5

[block]
# block no. 6 follows, 42 sequences, length 18
# corresponding to MSA columns:
# 504-521
name=unknown_G
#
# <colnr> <probs for GDERKNQSTAVLIFYWHMCP>
#	G	D	E	R	K	N	Q	S	T	A	V	L	I	F	Y	W	H	M	C	P
0	0.00850	0.03154	0.00765	0.00730	0.00834	0.00565	0.00518	0.01004	0.01238	0.04702	0.23642	0.35210	0.08741	0.09928	0.00897	0.00235	0.00342	0.01181	0.04966	0.00499
1	0.21885	0.52891	0.02317	0.01014	0.03869	0.01927	0.00909	0.06772	0.01207	0.01791	0.00831	0.00953	0.00716	0.00506	0.00378	0.00139	0.00564	0.00323	0.00291	0.00716
2	0.01334	0.01074	0.02444	0.03572	0.01321	0.08386	0.00802	0.11784	0.11092	0.09112	0.12261	0.21649	0.07692	0.01093	0.00626	0.00192	0.00484	0.03882	0.00527	0.00674
3	0.09019	0.19278	0.01874	0.18558	0.08095	0.08941	0.01138	0.09299	0.03131	0.09139	0.02437	0.01332	0.00927	0.00595	0.00549	0.00165	0.03987	0.00443	0.00352	0.00740
4	0.04370	0.00655	0.00774	0.00835	0.00960	0.00659	0.00616	0.01204	0.12112	0.01682	0.05072	0.43207	0.13645	0.01473	0.00680	0.00218	0.00366	0.10410	0.00524	0.00540
5	0.00936	0.00679	0.00897	0.00879	0.00997	0.00751	0.00660	0.07954	0.02661	0.01576	0.01814	0.15056	0.01819	0.10957	0.45055	0.00636	0.01050	0.00777	0.04316	0.00531
6	0.10859	0.01485	0.13004	0.13063	0.39681	0.01302	0.04654	0.01755	0.03273	0.04123	0.01084	0.01363	0.00850	0.00529	0.00536	0.00174	0.00677	0.00479	0.00298	0.00810
7	0.00932	0.00777	0.01170	0.01103	0.01289	0.00768	0.10854	0.01325	0.10411	0.01721	0.06619	0.28567	0.08129	0.01346	0.00704	0.00222	0.00478	0.22512	0.00500	0.00575
8	0.00690	0.00498	0.00653	0.00769	0.00814	0.00462	0.00518	0.00798	0.01113	0.01481	0.06773	0.72221	0.07698	0.01715	0.00713	0.00224	0.00321	0.01550	0.00527	0.00462
9	0.00762	0.00544	0.00740	0.00871	0.00937	0.00523	0.00655	0.00915	0.01152	0.01522	0.03060	0.54570	0.03556	0.01691	0.00739	0.00239	0.00392	0.26134	0.00521	0.00478
10	0.01540	0.15097	0.01775	0.06977	0.17001	0.20336	0.01096	0.06735	0.05767	0.01791	0.02830	0.01506	0.02699	0.00604	0.00495	0.00152	0.00659	0.00470	0.11749	0.00722
11	0.03606	0.00691	0.00729	0.00670	0.00859	0.00706	0.00516	0.08819	0.03103	0.07448	0.01863	0.06174	0.01496	0.00719	0.00443	0.00146	0.00326	0.00580	0.60500	0.00606
12	0.00943	0.00658	0.00807	0.00834	0.00965	0.00641	0.00616	0.06198	0.04675	0.05338	0.07017	0.40525	0.13302	0.05266	0.00794	0.00231	0.00384	0.09731	0.00532	0.00544
13	0.05809	0.00979	0.01264	0.00999	0.01399	0.00898	0.00814	0.07247	0.03947	0.61534	0.02166	0.07268	0.01504	0.00764	0.00567	0.00178	0.00474	0.00625	0.00657	0.00906
14	0.16241	0.01361	0.06232	0.23321	0.17637	0.08576	0.03582	0.03064	0.04282	0.01827	0.01369	0.03325	0.05640	0.00632	0.00529	0.00177	0.00659	0.00526	0.00320	0.00701
15	0.02014	0.01393	0.01531	0.01203	0.01609	0.01516	0.00984	0.57181	0.05309	0.10721	0.01578	0.05263	0.01190	0.00824	0.02563	0.00191	0.00597	0.00573	0.02851	0.00907
16	0.59569	0.10116	0.11364	0.00919	0.01343	0.05514	0.00871	0.01707	0.01043	0.02232	0.00818	0.00955	0.00642	0.00523	0.00383	0.00167	0.00538	0.00322	0.00319	0.00654
17	0.01644	0.38713	0.04409	0.03524	0.09151	0.27617	0.01112	0.01850	0.01329	0.01447	0.03884	0.01147	0.00924	0.00547	0.00453	0.00139	0.00745	0.00379	0.00277	0.00708

[dist]
# distance from previous block
# <min> <max>
1	2

[block]
# block no. 7 follows, 42 sequences, length 13
# corresponding to MSA columns:
# 524-536
name=unknown_H
#
# <colnr> <probs for GDERKNQSTAVLIFYWHMCP>
#	G	D	E	R	K	N	Q	S	T	A	V	L	I	F	Y	W	H	M	C	P
0	0.09252	0.12094	0.19406	0.01175	0.01683	0.03391	0.03519	0.03976	0.05590	0.29697	0.01511	0.01531	0.01064	0.02983	0.00582	0.00180	0.00608	0.00479	0.00451	0.00828
1	0.14805	0.04350	0.01312	0.01009	0.01391	0.09835	0.00822	0.09195	0.01580	0.40051	0.06961	0.01801	0.03058	0.00694	0.00526	0.00169	0.00533	0.00532	0.00556	0.00819
2	0.00955	0.00608	0.00801	0.00738	0.00896	0.00556	0.00559	0.01210	0.01576	0.09275	0.66810	0.06691	0.04884	0.01130	0.00656	0.00179	0.00288	0.00996	0.00623	0.00569
3	0.03670	0.04263	0.01608	0.11322	0.01804	0.03359	0.09169	0.14468	0.01350	0.03471	0.01396	0.10664	0.01300	0.05502	0.08678	0.00285	0.14206	0.00658	0.02167	0.00659
4	0.01170	0.05026	0.01204	0.01185	0.08865	0.00975	0.00807	0.19583	0.01505	0.02004	0.02455	0.39537	0.07721	0.01365	0.03675	0.00225	0.00493	0.01076	0.00484	0.00644
5	0.00739	0.00558	0.00683	0.00684	0.00814	0.00502	0.00501	0.00939	0.01410	0.01898	0.43007	0.18840	0.24686	0.01342	0.00674	0.00190	0.00282	0.01175	0.00574	0.00502
6	0.26834	0.01013	0.01231	0.20382	0.01914	0.01089	0.00933	0.05561	0.01329	0.26889	0.03530	0.01678	0.04048	0.00650	0.00505	0.00178	0.00527	0.00504	0.00464	0.00738
7	0.01643	0.46302	0.09035	0.01233	0.05481	0.15122	0.01098	0.01869	0.01275	0.08539	0.01031	0.03237	0.00876	0.00560	0.00441	0.00140	0.00678	0.00393	0.00302	0.00743
8	0.01576	0.71234	0.02787	0.01021	0.01480	0.11297	0.00978	0.01752	0.01198	0.01330	0.00793	0.00916	0.00723	0.00493	0.00379	0.00123	0.00651	0.00308	0.00247	0.00714
9	0.00882	0.00630	0.00878	0.01001	0.01122	0.00626	0.00858	0.01126	0.01285	0.01681	0.05529	0.13195	0.03356	0.01560	0.00768	0.00253	0.00491	0.63723	0.00522	0.00513
10	0.00860	0.00728	0.00808	0.00845	0.04200	0.02735	0.00609	0.02674	0.06018	0.01782	0.18670	0.06894	0.42313	0.01272	0.00659	0.00192	0.00356	0.07307	0.00528	0.00548
11	0.01280	0.03576	0.08973	0.39946	0.24294	0.03447	0.01568	0.01637	0.01207	0.05507	0.01071	0.01435	0.00824	0.00576	0.00584	0.01855	0.00718	0.00486	0.00281	0.00734
12	0.05263	0.01014	0.00922	0.02365	0.01101	0.13425	0.00660	0.06613	0.01471	0.01920	0.24941	0.15746	0.17508	0.01116	0.00613	0.00181	0.00447	0.00939	0.03191	0.00565

[dist]
# distance from previous block
# <min> <max>
0	2

[block]
# block no. 8 follows, 42 sequences, length 35
# corresponding to MSA columns:
# 539-573
name=unknown_I
#
# <colnr> <probs for GDERKNQSTAVLIFYWHMCP>
#	G	D	E	R	K	N	Q	S	T	A	V	L	I	F	Y	W	H	M	C	P
0	0.00906	0.00657	0.00817	0.00809	0.00969	0.00645	0.00640	0.01125	0.03000	0.06423	0.13118	0.10197	0.30913	0.01620	0.08122	0.00274	0.04691	0.14025	0.00510	0.00539
1	0.01419	0.06197	0.01465	0.00995	0.01484	0.01095	0.02970	0.18532	0.01514	0.02199	0.01072	0.01203	0.00856	0.00483	0.00455	0.00109	0.00491	0.00381	0.00380	0.56699
2	0.01159	0.02733	0.68840	0.01813	0.10818	0.01310	0.02040	0.01776	0.01199	0.01789	0.01015	0.01211	0.00733	0.00531	0.00537	0.00177	0.00813	0.00426	0.00242	0.00838
3	0.01476	0.01702	0.12838	0.06678	0.02764	0.16067	0.05058	0.12158	0.04538	0.01917	0.01284	0.01497	0.03224	0.00683	0.00745	0.00175	0.13642	0.00494	0.09704	0.03357
4	0.02459	0.16770	0.12319	0.04043	0.01633	0.01315	0.05873	0.03964	0.01232	0.10152	0.07726	0.01838	0.04453	0.01240	0.12239	0.00285	0.10849	0.00552	0.00360	0.00696
5	0.01206	0.00651	0.00831	0.00738	0.00940	0.00592	0.00570	0.01455	0.01520	0.18600	0.45536	0.03449	0.07402	0.00991	0.00602	0.00170	0.00313	0.00854	0.12959	0.00621
6	0.00905	0.00733	0.01002	0.00961	0.01035	0.02183	0.00741	0.01066	0.00913	0.01319	0.01459	0.04723	0.01434	0.12543	0.49699	0.00690	0.14598	0.00636	0.02856	0.00504
7	0.22946	0.01127	0.01210	0.07004	0.01510	0.01293	0.00875	0.18231	0.16358	0.02422	0.04555	0.09143	0.01497	0.00810	0.00610	0.00189	0.05326	0.02587	0.01583	0.00724
8	0.01090	0.01093	0.12353	0.11184	0.01571	0.00914	0.00956	0.10799	0.01316	0.01897	0.01954	0.10527	0.07877	0.01417	0.13646	0.00297	0.00677	0.00690	0.19117	0.00624
9	0.01085	0.00650	0.00862	0.00870	0.01042	0.00604	0.00701	0.01301	0.01376	0.13982	0.19013	0.16200	0.11614	0.01346	0.00697	0.00215	0.00402	0.26892	0.00570	0.00578
10	0.00728	0.00518	0.00690	0.00812	0.00857	0.00492	0.00570	0.00845	0.01095	0.01453	0.02999	0.63658	0.03541	0.06708	0.00864	0.00253	0.00370	0.12578	0.00510	0.00459
11	0.01275	0.01245	0.02202	0.28587	0.43996	0.01318	0.09904	0.01639	0.01234	0.01700	0.01048	0.01443	0.00840	0.00519	0.00571	0.00177	0.00728	0.00519	0.00270	0.00787
12	0.02091	0.01524	0.01612	0.01247	0.01677	0.03308	0.01026	0.67058	0.02512	0.05682	0.01394	0.01402	0.00992	0.00673	0.00553	0.00166	0.00604	0.00506	0.05046	0.00927
13	0.00798	0.00537	0.00620	0.00640	0.00645	0.00532	0.00369	0.00813	0.00858	0.01144	0.01976	0.15285	0.02301	0.68271	0.02537	0.00497	0.00512	0.00937	0.00369	0.00359
14	0.01172	0.00643	0.00656	0.00611	0.00779	0.00662	0.00470	0.09609	0.01346	0.02262	0.01781	0.02014	0.01388	0.00658	0.00413	0.00135	0.00303	0.00523	0.74004	0.00573
15	0.00849	0.00676	0.00732	0.00690	0.00893	0.00621	0.00533	0.08313	0.01479	0.01871	0.18538	0.04820	0.52090	0.01304	0.00660	0.00189	0.00325	0.04336	0.00545	0.00536
16	0.02123	0.01379	0.01537	0.01196	0.01617	0.01478	0.00978	0.51516	0.07365	0.19337	0.01620	0.01611	0.01144	0.03636	0.00650	0.00186	0.00574	0.00540	0.00584	0.00930
17	0.75267	0.01113	0.02602	0.05501	0.01289	0.01248	0.00708	0.01632	0.00981	0.02422	0.00855	0.01088	0.00684	0.00550	0.00376	0.00177	0.00465	0.02084	0.00344	0.00613
18	0.01268	0.01217	0.01917	0.41194	0.33943	0.04491	0.01582	0.03377	0.01241	0.01646	0.01027	0.01435	0.00816	0.00562	0.00584	0.01475	0.00720	0.00495	0.00271	0.00739
19	0.00718	0.00573	0.00624	0.00640	0.00781	0.00512	0.00456	0.00890	0.03521	0.01534	0.09584	0.18159	0.48015	0.10338	0.00920	0.00236	0.00325	0.01190	0.00510	0.00474
20	0.14832	0.09782	0.14899	0.20969	0.14809	0.01365	0.01358	0.01771	0.07883	0.03674	0.02904	0.01398	0.00953	0.00568	0.00504	0.00173	0.00638	0.00459	0.00317	0.00743
21	0.01198	0.17149	0.63672	0.01486	0.02254	0.01476	0.01875	0.01764	0.01180	0.01698	0.00968	0.01136	0.00715	0.00525	0.00503	0.00168	0.00790	0.00395	0.00238	0.00812
22	0.02513	0.00977	0.01318	0.01011	0.01446	0.00856	0.00835	0.05039	0.01644	0.74759	0.02193	0.01897	0.01379	0.00696	0.00566	0.00174	0.00483	0.00564	0.00692	0.00958
23	0.00886	0.00788	0.01373	0.03821	0.03341	0.00745	0.18624	0.01077	0.01150	0.01521	0.02681	0.43595	0.10917	0.01350	0.00769	0.04683	0.00505	0.01201	0.00434	0.00538
24	0.03017	0.02134	0.41490	0.02097	0.24814	0.01337	0.01783	0.01834	0.05927	0.03540	0.01111	0.01322	0.00846	0.00572	0.00625	0.00180	0.05789	0.00462	0.00285	0.00838
25	0.00724	0.00520	0.00674	0.00746	0.00809	0.00491	0.00511	0.00844	0.01144	0.01536	0.15136	0.49834	0.09888	0.07335	0.04897	0.02212	0.00393	0.01336	0.00508	0.00460
26	0.00726	0.00558	0.00609	0.00612	0.00730	0.00501	0.00420	0.00838	0.01169	0.01473	0.12368	0.09495	0.42079	0.24446	0.01311	0.00295	0.00362	0.01087	0.00480	0.00441
27	0.01205	0.01509	0.12689	0.42711	0.03095	0.09891	0.12411	0.01591	0.01214	0.01535	0.01141	0.06374	0.00946	0.00624	0.00577	0.00184	0.00794	0.00567	0.00275	0.00667
28	0.01310	0.29842	0.37087	0.01503	0.04054	0.03494	0.10542	0.01748	0.01209	0.01624	0.02217	0.01181	0.00816	0.00519	0.00492	0.00158	0.00756	0.00417	0.00253	0.00777
29	0.00746	0.00550	0.00712	0.00819	0.00908	0.00516	0.00618	0.00899	0.01177	0.01524	0.03527	0.45247	0.16480	0.01642	0.00726	0.00231	0.00375	0.22303	0.00521	0.00478
30	0.01345	0.01293	0.02007	0.13397	0.53043	0.04677	0.01563	0.01753	0.06164	0.01786	0.01260	0.01791	0.01087	0.00606	0.00572	0.00177	0.00670	0.05680	0.00312	0.00818
31	0.11171	0.04924	0.02631	0.06442	0.07807	0.36628	0.01094	0.11739	0.03230	0.05023	0.01056	0.01209	0.00830	0.00702	0.03025	0.00182	0.00814	0.00416	0.00351	0.00724
32	0.01318	0.01469	0.10670	0.13497	0.58429	0.01322	0.01745	0.01694	0.01250	0.01778	0.01045	0.01384	0.00852	0.00513	0.00555	0.00171	0.00698	0.00492	0.00270	0.00848
33	0.06151	0.14291	0.12539	0.01321	0.01746	0.35371	0.01177	0.15546	0.01623	0.01898	0.01013	0.01210	0.00821	0.00597	0.00498	0.00155	0.00809	0.02160	0.00334	0.00740
34	0.00921	0.00691	0.00841	0.00858	0.02114	0.00672	0.00648	0.09288	0.01446	0.01907	0.18548	0.21855	0.20637	0.03033	0.00731	0.00213	0.00382	0.14130	0.00539	0.00548

[dist]
# distance from previous block
# <min> <max>
2	4

[block]
# block no. 9 follows, 42 sequences, length 26
# corresponding to MSA columns:
# 578-603
name=unknown_J
#
# <colnr> <probs for GDERKNQSTAVLIFYWHMCP>
#	G	D	E	R	K	N	Q	S	T	A	V	L	I	F	Y	W	H	M	C	P
0	0.05201	0.12508	0.30537	0.03313	0.08945	0.05023	0.03408	0.10175	0.01404	0.01971	0.08907	0.01565	0.01275	0.02728	0.00587	0.00177	0.00686	0.00494	0.00332	0.00767
1	0.01337	0.10905	0.05808	0.00961	0.01254	0.03725	0.00827	0.03151	0.06808	0.15528	0.07264	0.02494	0.12737	0.04016	0.17984	0.00347	0.03079	0.00658	0.00442	0.00673
2	0.00885	0.00645	0.00842	0.08897	0.01108	0.00699	0.00597	0.03929	0.00963	0.01302	0.01705	0.08325	0.01831	0.45104	0.20267	0.00556	0.00784	0.00776	0.00344	0.00442
3	0.03294	0.08120	0.47997	0.09601	0.02390	0.01338	0.08025	0.01747	0.04316	0.01784	0.05346	0.01431	0.01031	0.00573	0.00540	0.00176	0.00758	0.00478	0.00282	0.00775
4	0.01006	0.00915	0.00877	0.00823	0.01052	0.06393	0.00627	0.01596	0.23552	0.01853	0.13361	0.03951	0.39573	0.01131	0.00626	0.00185	0.00383	0.00941	0.00533	0.00619
5	0.00686	0.00490	0.00653	0.00784	0.00816	0.00457	0.00522	0.00784	0.01077	0.01437	0.03102	0.79855	0.03722	0.01763	0.00718	0.00229	0.00326	0.01600	0.00522	0.00457
