[name]
unknown

[dist]
# distance from previous block
# <min> <max>
0	870

[block]
# block no. 0 follows, 44 sequences, length 38
# corresponding to MSA columns:
# 904-941
name=unknown_A
#
# <colnr> <probs for GDERKNQSTAVLIFYWHMCP>
#	G	D	E	R	K	N	Q	S	T	A	V	L	I	F	Y	W	H	M	C	P
0	0.00903	0.03019	0.00920	0.00971	0.01106	0.03227	0.00830	0.01128	0.01240	0.01582	0.02889	0.12764	0.06428	0.01458	0.00722	0.00238	0.00492	0.59090	0.00487	0.00505
1	0.03251	0.03325	0.01199	0.02526	0.01340	0.00890	0.00709	0.10502	0.01303	0.04212	0.01165	0.04665	0.00985	0.00607	0.02383	0.00126	0.00459	0.00419	0.03470	0.56466
2	0.02321	0.13182	0.29487	0.01287	0.01736	0.01245	0.08741	0.01463	0.01189	0.01696	0.15985	0.07274	0.01783	0.00753	0.00681	0.00176	0.09385	0.00612	0.00329	0.00674
3	0.01065	0.01002	0.01677	0.71140	0.10137	0.01222	0.01514	0.01451	0.02773	0.01446	0.01002	0.01457	0.00759	0.00544	0.00545	0.00180	0.00713	0.00488	0.00252	0.00634
4	0.01899	0.02330	0.01474	0.01339	0.01622	0.64903	0.01009	0.02255	0.13083	0.01483	0.01165	0.01245	0.02647	0.00608	0.00505	0.00148	0.00882	0.00411	0.00328	0.00664
5	0.05228	0.12989	0.32857	0.01287	0.04686	0.01304	0.01337	0.07327	0.03258	0.05906	0.01141	0.02398	0.00896	0.00574	0.00522	0.00156	0.03187	0.01757	0.03202	0.09986
6	0.02207	0.01036	0.01305	0.01012	0.01411	0.00986	0.00831	0.19803	0.01797	0.53380	0.08704	0.01926	0.01591	0.00710	0.00556	0.00168	0.00478	0.00574	0.00637	0.00890
7	0.02029	0.01506	0.01612	0.01246	0.01674	0.01670	0.01026	0.71234	0.07021	0.03366	0.01364	0.01353	0.00972	0.00660	0.00546	0.00165	0.00590	0.00498	0.00546	0.00923
8	0.00947	0.00473	0.00710	0.00710	0.00710	0.00473	0.00473	0.00710	0.00710	0.00947	0.00947	0.01657	0.00947	0.01894	0.02131	0.84138	0.00473	0.00473	0.00237	0.00237
9	0.01815	0.02189	0.01431	0.01303	0.01559	0.61083	0.00986	0.05514	0.01475	0.01424	0.00975	0.01205	0.00830	0.01193	0.14380	0.00272	0.01049	0.00399	0.00296	0.00620
10	0.01548	0.01561	0.01367	0.01220	0.01499	0.21681	0.00948	0.05314	0.47507	0.01993	0.01694	0.01659	0.01302	0.00708	0.00644	0.00177	0.07411	0.00530	0.00455	0.00782
11	0.01209	0.00720	0.00948	0.00949	0.01150	0.00697	0.00797	0.03562	0.04746	0.16749	0.05285	0.08999	0.08656	0.01272	0.00682	0.00220	0.00458	0.41749	0.00543	0.00608
12	0.00748	0.00575	0.00699	0.00742	0.00888	0.00526	0.00597	0.00943	0.01287	0.01645	0.16703	0.09441	0.35333	0.01396	0.00684	0.00207	0.00353	0.26227	0.00521	0.00483
13	0.02033	0.01489	0.01594	0.01227	0.01651	0.01647	0.01012	0.72858	0.02510	0.03384	0.01326	0.01336	0.00945	0.00654	0.00539	0.00162	0.00587	0.00491	0.03643	0.00912
14	0.70008	0.01049	0.00895	0.00770	0.01123	0.01173	0.00635	0.03900	0.01070	0.13742	0.00983	0.01043	0.00714	0.00536	0.00375	0.00169	0.00433	0.00339	0.00394	0.00651
15	0.00825	0.00533	0.00668	0.00689	0.00768	0.00557	0.00492	0.00980	0.00974	0.01467	0.01984	0.15110	0.04389	0.17591	0.26859	0.00471	0.00718	0.00778	0.23692	0.00454
16	0.00764	0.00554	0.00717	0.00682	0.00806	0.00511	0.00507	0.01007	0.01502	0.02114	0.70849	0.06427	0.07521	0.02804	0.00689	0.00181	0.00265	0.01005	0.00588	0.00507
17	0.01087	0.01037	0.01750	0.63165	0.13424	0.01252	0.03199	0.01434	0.01100	0.01448	0.00965	0.01425	0.00747	0.00559	0.00618	0.00182	0.05232	0.00488	0.00246	0.00642
18	0.01049	0.00601	0.00773	0.00738	0.00897	0.00560	0.00573	0.01284	0.01396	0.12434	0.38053	0.10446	0.03582	0.01068	0.00601	0.00177	0.00319	0.09510	0.15378	0.00562
19	0.77193	0.01110	0.02775	0.03477	0.01200	0.01238	0.00671	0.03865	0.00989	0.02422	0.00789	0.00925	0.00608	0.00512	0.00355	0.00169	0.00447	0.00310	0.00338	0.00607
20	0.00844	0.00646	0.00885	0.13871	0.01340	0.00693	0.00714	0.03432	0.03890	0.01496	0.03706	0.47451	0.02663	0.06527	0.00853	0.02336	0.02661	0.02360	0.03137	0.00498
21	0.00933	0.10889	0.05130	0.00919	0.01102	0.00939	0.00776	0.03506	0.00981	0.01366	0.02907	0.02026	0.01339	0.08873	0.53174	0.00665	0.03084	0.00556	0.00298	0.00536
22	0.14306	0.01069	0.03787	0.07661	0.01536	0.01104	0.04517	0.15776	0.01373	0.06810	0.07366	0.07904	0.01439	0.00869	0.00786	0.07840	0.07493	0.01915	0.00403	0.06046
23	0.03422	0.25519	0.29430	0.01406	0.08413	0.03151	0.01365	0.01941	0.15286	0.03412	0.01168	0.01258	0.00904	0.00546	0.00472	0.00157	0.00642	0.00417	0.00309	0.00784
24	0.07966	0.01008	0.01259	0.00980	0.01381	0.00952	0.00806	0.13837	0.01672	0.56555	0.06376	0.01835	0.01457	0.00686	0.00539	0.00168	0.00470	0.00548	0.00627	0.00880
25	0.00872	0.00577	0.00714	0.00715	0.00822	0.00548	0.00527	0.01026	0.01190	0.05445	0.22135	0.05891	0.12468	0.26596	0.01334	0.00302	0.00407	0.15474	0.02492	0.00466
26	0.20289	0.07856	0.16698	0.05215	0.08354	0.01154	0.02411	0.05202	0.02958	0.01919	0.07652	0.08192	0.06348	0.02859	0.00564	0.00181	0.00537	0.00595	0.00357	0.00660
27	0.00721	0.00502	0.00634	0.00717	0.00743	0.00483	0.00468	0.00792	0.00970	0.01291	0.02555	0.49656	0.03020	0.28915	0.01414	0.00329	0.00400	0.05537	0.00445	0.00408
28	0.00758	0.00514	0.00605	0.00639	0.00648	0.00505	0.00378	0.00784	0.00861	0.01148	0.02066	0.24355	0.02421	0.59455	0.02213	0.00446	0.00471	0.00997	0.00378	0.00361
29	0.04070	0.03218	0.01352	0.29340	0.03382	0.08122	0.03870	0.07639	0.01335	0.01826	0.13490	0.03813	0.01645	0.02159	0.00569	0.00172	0.00574	0.00583	0.12233	0.00609
30	0.13046	0.09201	0.31319	0.09410	0.09795	0.01352	0.09760	0.01629	0.01129	0.01755	0.02717	0.01244	0.00819	0.00537	0.00554	0.00171	0.04132	0.00438	0.00265	0.00727
31	0.00924	0.00708	0.00900	0.01004	0.01143	0.03225	0.00866	0.01209	0.03728	0.01637	0.02895	0.05810	0.05772	0.01445	0.00734	0.00243	0.00507	0.66238	0.00497	0.00517
32	0.01020	0.00798	0.01244	0.35912	0.03926	0.00904	0.03440	0.03985	0.01100	0.01501	0.03552	0.06935	0.02560	0.02954	0.00903	0.15962	0.00567	0.02414	0.09800	0.00522
33	0.21727	0.19978	0.25381	0.05053	0.04582	0.03958	0.01221	0.03425	0.01142	0.04133	0.02049	0.01173	0.00803	0.02702	0.00501	0.00167	0.00626	0.00382	0.00290	0.00705
34	0.02764	0.06645	0.03347	0.18946	0.01702	0.03490	0.04170	0.04015	0.01093	0.01493	0.01600	0.10961	0.04250	0.16364	0.05548	0.00284	0.04141	0.00680	0.07966	0.00543
35	0.70927	0.06506	0.03891	0.00788	0.01157	0.01291	0.00688	0.04064	0.01020	0.04501	0.00825	0.00936	0.00634	0.00513	0.00358	0.00165	0.00454	0.00313	0.00343	0.00626
36	0.00794	0.00633	0.03173	0.00675	0.00828	0.00531	0.00518	0.00988	0.01328	0.03977	0.39748	0.06700	0.24551	0.12065	0.00929	0.00225	0.00325	0.00993	0.00524	0.00493
37	0.03489	0.01334	0.09642	0.11352	0.16046	0.05544	0.09306	0.01651	0.07243	0.01745	0.01206	0.01560	0.00981	0.00588	0.00557	0.02388	0.00619	0.02996	0.06221	0.15532

[dist]
# distance from previous block
# <min> <max>
0	1

[block]
# block no. 1 follows, 44 sequences, length 15
# corresponding to MSA columns:
# 943-957
name=unknown_B
#
# <colnr> <probs for GDERKNQSTAVLIFYWHMCP>
#	G	D	E	R	K	N	Q	S	T	A	V	L	I	F	Y	W	H	M	C	P
0	0.01044	0.00880	0.01030	0.00828	0.01183	0.00748	0.00642	0.01395	0.09158	0.01764	0.05082	0.13941	0.05104	0.00733	0.00518	0.00126	0.02116	0.00618	0.00396	0.52693
1	0.07037	0.01842	0.01510	0.01260	0.01621	0.29080	0.00997	0.37138	0.09982	0.02502	0.01206	0.01244	0.00905	0.00621	0.00514	0.00158	0.00708	0.00442	0.00439	0.00794
2	0.69718	0.01092	0.00929	0.00848	0.03257	0.01246	0.00666	0.09697	0.01142	0.02525	0.04082	0.01081	0.00829	0.00548	0.00379	0.00168	0.00441	0.00351	0.00369	0.00632
3	0.00787	0.00547	0.00686	0.00683	0.00721	0.00572	0.00446	0.00863	0.00874	0.01203	0.07368	0.03194	0.02043	0.52632	0.24528	0.00602	0.00777	0.00747	0.00340	0.00389
4	0.01197	0.00726	0.00860	0.00801	0.00965	0.04354	0.00597	0.01371	0.01325	0.18440	0.27969	0.14455	0.03184	0.14829	0.00997	0.00244	0.00411	0.06172	0.00534	0.00568
5	0.00732	0.00540	0.00637	0.00655	0.00783	0.00479	0.00472	0.00884	0.01253	0.03594	0.21789	0.26255	0.34666	0.03838	0.00722	0.00202	0.00296	0.01198	0.00528	0.00476
6	0.02328	0.01017	0.01312	0.01003	0.01430	0.00927	0.00828	0.13179	0.01685	0.63353	0.01972	0.01741	0.01262	0.00659	0.00541	0.00164	0.00481	0.00529	0.00639	0.04951
7	0.02072	0.01527	0.01636	0.01254	0.01691	0.01691	0.01036	0.75622	0.02563	0.03436	0.01309	0.01309	0.00927	0.00654	0.00545	0.00164	0.00600	0.00491	0.00545	0.00927
8	0.00674	0.00482	0.00641	0.00752	0.00793	0.00449	0.00507	0.00784	0.01090	0.01465	0.09835	0.73446	0.03747	0.01653	0.00691	0.00217	0.00311	0.01498	0.00515	0.00449
9	0.00783	0.00535	0.00679	0.00705	0.00800	0.00491	0.00495	0.00934	0.01235	0.04763	0.28315	0.36187	0.12085	0.08388	0.00849	0.00225	0.00316	0.01206	0.00529	0.00479
10	0.01487	0.01185	0.01293	0.01174	0.03598	0.01341	0.00895	0.08364	0.63455	0.07653	0.02111	0.01947	0.01563	0.00721	0.00553	0.00182	0.00453	0.00598	0.00554	0.00872
11	0.08041	0.00936	0.01234	0.00953	0.01369	0.00830	0.00787	0.02585	0.01517	0.72690	0.02056	0.01790	0.01298	0.00663	0.00534	0.00169	0.00461	0.00531	0.00652	0.00905
12	0.00972	0.00510	0.00525	0.00529	0.00635	0.00509	0.00378	0.01184	0.01090	0.01871	0.01814	0.05052	0.01559	0.12076	0.00733	0.00187	0.00295	0.00586	0.69014	0.00481
13	0.07298	0.23937	0.11641	0.01172	0.01619	0.15848	0.01083	0.18725	0.06660	0.05565	0.01092	0.01154	0.00839	0.00564	0.00464	0.00149	0.00662	0.00397	0.00362	0.00767
14	0.06766	0.00993	0.01586	0.53553	0.12878	0.01194	0.01374	0.01387	0.01055	0.01477	0.00945	0.01401	0.00751	0.00661	0.00724	0.06553	0.05368	0.00471	0.00252	0.00610

[dist]
# distance from previous block
# <min> <max>
4	10

[block]
# block no. 2 follows, 44 sequences, length 15
# corresponding to MSA columns:
# 968-982
name=unknown_C
#
# <colnr> <probs for GDERKNQSTAVLIFYWHMCP>
#	G	D	E	R	K	N	Q	S	T	A	V	L	I	F	Y	W	H	M	C	P
0	0.06385	0.07320	0.09482	0.06085	0.11761	0.02477	0.01056	0.10600	0.03813	0.14360	0.01582	0.10461	0.02545	0.04240	0.00653	0.00187	0.02357	0.00609	0.03298	0.00732
1	0.09530	0.01903	0.40146	0.03927	0.04713	0.01160	0.05708	0.01589	0.01113	0.01809	0.01065	0.01294	0.00809	0.00557	0.00575	0.00167	0.06376	0.00429	0.12764	0.04366
2	0.72806	0.01036	0.00868	0.00754	0.01103	0.01162	0.00621	0.01755	0.01019	0.13338	0.00960	0.01026	0.00700	0.00530	0.00368	0.00169	0.00428	0.00332	0.00386	0.00639
3	0.01079	0.00778	0.06341	0.00779	0.00973	0.00620	0.00619	0.01266	0.02756	0.15540	0.11044	0.18205	0.15225	0.20950	0.01155	0.00272	0.00421	0.00944	0.00485	0.00550
4	0.01405	0.01380	0.07853	0.01875	0.02376	0.01192	0.50492	0.01816	0.01310	0.13131	0.01409	0.01869	0.01088	0.00579	0.00617	0.00183	0.00784	0.05890	0.04008	0.00742
5	0.00765	0.00564	0.00651	0.00628	0.00788	0.00495	0.00468	0.00947	0.01351	0.04520	0.33233	0.07220	0.41279	0.03798	0.00710	0.00191	0.00285	0.01067	0.00544	0.00494
6	0.01193	0.01193	0.01670	0.01431	0.01431	0.01670	0.01193	0.01312	0.00835	0.01312	0.00716	0.01193	0.00716	0.00954	0.01789	0.00239	0.79843	0.00477	0.00239	0.00596
7	0.51484	0.07576	0.01087	0.00798	0.01157	0.01171	0.00669	0.03718	0.01148	0.20461	0.01162	0.01191	0.00834	0.00554	0.00397	0.00162	0.00441	0.00372	0.04934	0.00685
8	0.00747	0.00505	0.00624	0.00684	0.00715	0.00496	0.00440	0.00823	0.00942	0.01299	0.02315	0.39799	0.02669	0.32630	0.06495	0.00376	0.00468	0.01117	0.06447	0.00407
9	0.01120	0.00728	0.00884	0.00789	0.01002	0.00707	0.00609	0.03523	0.12743	0.13078	0.43920	0.03522	0.13149	0.01016	0.00614	0.00174	0.00325	0.00875	0.00591	0.00631
10	0.00989	0.00682	0.00939	0.00869	0.01004	0.00695	0.02496	0.01185	0.01309	0.09978	0.34318	0.21279	0.07544	0.01195	0.00791	0.00195	0.10248	0.03205	0.00525	0.00555
11	0.01297	0.01242	0.02119	0.15778	0.65416	0.01282	0.01647	0.01627	0.01217	0.01718	0.01016	0.01366	0.00841	0.00495	0.00541	0.00165	0.00661	0.00486	0.00265	0.00821
12	0.07400	0.00944	0.00986	0.00872	0.01117	0.05713	0.00681	0.13529	0.03953	0.13364	0.05911	0.09267	0.11397	0.03780	0.07728	0.00246	0.00537	0.02189	0.09740	0.00645
13	0.84691	0.01054	0.00801	0.00717	0.01054	0.01223	0.00590	0.01603	0.00928	0.02446	0.00759	0.00886	0.00590	0.00506	0.00337	0.00169	0.00422	0.00295	0.00337	0.00590
14	0.00684	0.00490	0.00645	0.00762	0.00804	0.00460	0.00521	0.00787	0.01054	0.01396	0.03024	0.69419	0.05962	0.05166	0.00790	0.00236	0.00337	0.06523	0.00498	0.00443

[dist]
# distance from previous block
# <min> <max>
0	1

[block]
# block no. 3 follows, 44 sequences, length 102
# corresponding to MSA columns:
# 984-1085
name=unknown_D
#
# <colnr> <probs for GDERKNQSTAVLIFYWHMCP>
#	G	D	E	R	K	N	Q	S	T	A	V	L	I	F	Y	W	H	M	C	P
0	0.10018	0.08072	0.01228	0.00925	0.01195	0.07074	0.00749	0.19118	0.03726	0.04909	0.05865	0.01695	0.01306	0.02836	0.07902	0.00229	0.03239	0.00497	0.18751	0.00665
1	0.01665	0.53147	0.02392	0.01096	0.01501	0.27078	0.00975	0.04049	0.01294	0.01365	0.00802	0.00923	0.00707	0.00503	0.00402	0.00126	0.00714	0.00317	0.00258	0.00684
2	0.00766	0.00555	0.00722	0.00685	0.00812	0.00511	0.00512	0.01016	0.01522	0.02148	0.73523	0.06373	0.06526	0.01137	0.00645	0.00173	0.00259	0.01006	0.00595	0.00511
3	0.00787	0.00551	0.00711	0.00711	0.00751	0.00592	0.00475	0.00867	0.00827	0.01143	0.01612	0.02980	0.01727	0.49211	0.34055	0.00672	0.00913	0.00707	0.00315	0.00395
4	0.00814	0.00570	0.00724	0.00678	0.00824	0.00517	0.00511	0.01053	0.01503	0.04777	0.64728	0.04154	0.14829	0.01135	0.00640	0.00173	0.00267	0.00993	0.00590	0.00522
5	0.66475	0.01135	0.00971	0.00824	0.01183	0.01291	0.00680	0.15082	0.01249	0.05574	0.00913	0.01000	0.00681	0.00540	0.00383	0.00168	0.00456	0.00341	0.00388	0.00665
6	0.01410	0.01198	0.01263	0.01120	0.01438	0.01381	0.00876	0.08393	0.70871	0.02368	0.02150	0.01979	0.01609	0.00733	0.00554	0.00183	0.00444	0.00607	0.00554	0.00868
7	0.02163	0.01224	0.01421	0.01098	0.01511	0.01260	0.00904	0.40521	0.03453	0.34129	0.01697	0.01583	0.01138	0.00664	0.00539	0.00164	0.00524	0.00518	0.04583	0.00906
8	0.00689	0.00495	0.00622	0.00708	0.00753	0.00462	0.00467	0.00778	0.01040	0.01374	0.06058	0.56937	0.10402	0.15286	0.01047	0.00269	0.00347	0.01358	0.00480	0.00428
9	0.00671	0.00479	0.00638	0.00755	0.00792	0.00447	0.00507	0.00775	0.01073	0.01439	0.07404	0.75951	0.03697	0.01673	0.00693	0.00218	0.00313	0.01516	0.00512	0.00447
10	0.01246	0.01281	0.01662	0.01430	0.01447	0.06494	0.01184	0.01366	0.00879	0.01313	0.00724	0.01180	0.00715	0.00930	0.01708	0.00232	0.74900	0.00469	0.00241	0.00599
11	0.00760	0.00517	0.00614	0.00652	0.00665	0.00508	0.00395	0.00794	0.00876	0.01167	0.02108	0.24896	0.02465	0.56613	0.02140	0.00435	0.00469	0.03177	0.00384	0.00367
12	0.00785	0.00582	0.00867	0.00867	0.00965	0.00677	0.00674	0.00981	0.00883	0.01285	0.01468	0.02139	0.01364	0.04003	0.76732	0.00858	0.01430	0.00582	0.02371	0.00487
13	0.75069	0.01037	0.00836	0.00741	0.01073	0.01186	0.00604	0.01683	0.03642	0.06420	0.00911	0.01051	0.00707	0.02703	0.00422	0.00179	0.00427	0.00334	0.00363	0.00611
14	0.05529	0.01123	0.01257	0.01092	0.03578	0.01213	0.00844	0.25619	0.23126	0.09796	0.17319	0.02187	0.03366	0.00776	0.00560	0.00172	0.00456	0.00636	0.00553	0.00798
15	0.00963	0.00855	0.01143	0.14215	0.01548	0.06196	0.02417	0.01182	0.00985	0.01348	0.01383	0.01924	0.03146	0.02656	0.45819	0.00583	0.08260	0.00554	0.04289	0.00532
16	0.67358	0.01040	0.00937	0.00965	0.07756	0.01176	0.00699	0.03282	0.01030	0.02359	0.03147	0.01268	0.00878	0.00568	0.00386	0.00170	0.00439	0.03217	0.02710	0.00614
17	0.00902	0.00695	0.00889	0.06908	0.01141	0.00745	0.00670	0.07591	0.03300	0.01591	0.05668	0.39446	0.06386	0.12692	0.01035	0.00254	0.05853	0.03274	0.00451	0.00510
18	0.03430	0.00664	0.00818	0.00742	0.00923	0.00624	0.00565	0.01158	0.03109	0.04952	0.44662	0.08116	0.10510	0.03390	0.00710	0.00180	0.03136	0.02052	0.00527	0.09732
19	0.01398	0.00997	0.01072	0.00926	0.01149	0.03232	0.00709	0.31221	0.01641	0.03667	0.01705	0.10003	0.01600	0.18509	0.04898	0.00282	0.00554	0.03533	0.12260	0.00642
20	0.01519	0.27141	0.14982	0.01225	0.05230	0.14634	0.01113	0.12919	0.01422	0.01824	0.01050	0.01192	0.00839	0.00545	0.00446	0.00141	0.00649	0.00391	0.12019	0.00722
21	0.02322	0.00980	0.01283	0.00990	0.01399	0.00892	0.00815	0.11139	0.01677	0.65466	0.05646	0.01898	0.01482	0.00693	0.00552	0.00168	0.00470	0.00562	0.00656	0.00908
22	0.01181	0.03539	0.02052	0.30761	0.12303	0.05419	0.20898	0.01500	0.01156	0.01508	0.01110	0.05394	0.00944	0.00765	0.03717	0.02668	0.03589	0.00571	0.00271	0.00653
23	0.01257	0.01151	0.01784	0.25576	0.35824	0.01261	0.01424	0.04400	0.14145	0.01802	0.01317	0.01737	0.01076	0.00604	0.00555	0.00176	0.00625	0.04183	0.00332	0.00770
24	0.00701	0.00504	0.00655	0.00731	0.00793	0.00470	0.00505	0.00833	0.01154	0.01556	0.19085	0.53283	0.07428	0.06235	0.00807	0.00228	0.00320	0.03742	0.00516	0.00454
25	0.00792	0.00531	0.00606	0.00606	0.00609	0.00535	0.00344	0.00800	0.00796	0.01065	0.01708	0.03512	0.01958	0.77838	0.05744	0.00542	0.00565	0.00785	0.00329	0.00336
26	0.01157	0.05117	0.51993	0.03830	0.02193	0.05180	0.09700	0.01620	0.01131	0.01592	0.00973	0.01235	0.00737	0.00674	0.00714	0.09992	0.00778	0.00433	0.00239	0.00713
27	0.01131	0.08837	0.69497	0.01569	0.04953	0.01336	0.01918	0.01717	0.01151	0.01694	0.00963	0.01137	0.00697	0.00513	0.00506	0.00168	0.00783	0.00397	0.00232	0.00800
28	0.00847	0.00613	0.00838	0.00953	0.01078	0.00604	0.00820	0.01081	0.01243	0.01605	0.03113	0.10093	0.09345	0.01506	0.00741	0.00244	0.00473	0.63805	0.00503	0.00495
29	0.01095	0.01093	0.07510	0.00859	0.01345	0.00753	0.00747	0.01362	0.01133	0.01749	0.01198	0.03797	0.03631	0.00490	0.00431	0.00097	0.00430	0.00398	0.00328	0.71553
30	0.01137	0.15582	0.52033	0.01366	0.02008	0.02908	0.03458	0.01626	0.01162	0.01644	0.05811	0.01360	0.01023	0.00783	0.05664	0.00209	0.00783	0.00438	0.00260	0.00743
31	0.01093	0.01026	0.01685	0.58898	0.15095	0.01196	0.01458	0.01433	0.01111	0.01484	0.00971	0.01403	0.00755	0.00535	0.00565	0.00172	0.02776	0.00471	0.00253	0.07620
32	0.02038	0.02556	0.01549	0.01399	0.01686	0.75641	0.01053	0.05050	0.01585	0.01416	0.00861	0.00996	0.00711	0.00565	0.00494	0.00141	0.00968	0.00357	0.00291	0.00644
33	0.00762	0.00556	0.00710	0.00672	0.00802	0.00510	0.00501	0.01002	0.01498	0.02096	0.69141	0.04157	0.11074	0.03285	0.00701	0.00182	0.00266	0.00994	0.00585	0.00505
34	0.00772	0.00557	0.00729	0.00686	0.00814	0.00514	0.00514	0.01029	0.01543	0.02186	0.77152	0.04072	0.05144	0.01115	0.00643	0.00171	0.00257	0.00986	0.00600	0.00514
35	0.01943	0.01463	0.01563	0.01228	0.01641	0.01630	0.01005	0.62495	0.15901	0.03227	0.01473	0.01440	0.01060	0.00670	0.00547	0.00167	0.00570	0.00513	0.00547	0.00916
36	0.00947	0.00473	0.00710	0.00710	0.00710	0.00473	0.00473	0.00710	0.00710	0.00947	0.00947	0.01657	0.00947	0.01894	0.02131	0.84138	0.00473	0.00473	0.00237	0.00237
37	0.01356	0.01171	0.01233	0.01109	0.01418	0.01356	0.00863	0.02897	0.76455	0.02281	0.02219	0.02034	0.01664	0.00740	0.00555	0.00185	0.00431	0.00616	0.00555	0.00863
38	0.02227	0.01279	0.01483	0.01137	0.01567	0.01323	0.00939	0.45463	0.02149	0.34180	0.01657	0.01535	0.01102	0.00663	0.00547	0.00166	0.00544	0.00515	0.00599	0.00927
39	0.00685	0.00489	0.00656	0.00783	0.00823	0.00461	0.00542	0.00795	0.01064	0.01415	0.02993	0.73332	0.03561	0.01689	0.00701	0.00224	0.00334	0.08499	0.00506	0.00449
40	0.00854	0.00620	0.00844	0.00956	0.01088	0.00610	0.00829	0.01093	0.01254	0.01615	0.03167	0.06054	0.11021	0.01493	0.00741	0.00244	0.00478	0.66042	0.00502	0.00498
41	0.00811	0.00564	0.00735	0.00688	0.00817	0.00522	0.00512	0.01055	0.01508	0.03888	0.71805	0.03997	0.04905	0.04916	0.00743	0.00188	0.00275	0.00967	0.00589	0.00515
42	0.34243	0.01077	0.01084	0.00891	0.01249	0.03176	0.00728	0.12812	0.02839	0.27015	0.04365	0.01474	0.01131	0.00619	0.00459	0.00165	0.00461	0.00452	0.05010	0.00748
43	0.00781	0.00575	0.00822	0.00837	0.00917	0.00646	0.00631	0.00949	0.00921	0.01317	0.03289	0.13280	0.01826	0.09457	0.54903	0.00696	0.02706	0.02189	0.02785	0.00472
44	0.01940	0.01296	0.01450	0.01152	0.01533	0.01391	0.00941	0.54305	0.02209	0.14281	0.01667	0.09742	0.01346	0.00797	0.00569	0.00173	0.00547	0.03241	0.00559	0.00862
45	0.04138	0.47080	0.02231	0.01031	0.01443	0.09999	0.00929	0.15236	0.02998	0.04045	0.03200	0.01150	0.00927	0.00649	0.02718	0.00156	0.00633	0.00378	0.00331	0.00729
46	0.03799	0.02117	0.01553	0.01564	0.11490	0.52308	0.01067	0.10126	0.01547	0.01631	0.00982	0.01260	0.00842	0.06614	0.00672	0.00176	0.00849	0.00416	0.00314	0.00671
47	0.77645	0.01093	0.00841	0.00752	0.01082	0.03301	0.00614	0.03764	0.00996	0.02415	0.00842	0.03171	0.00689	0.00546	0.00358	0.00169	0.00439	0.00338	0.00347	0.00597
48	0.01208	0.20221	0.09631	0.06259	0.04489	0.06096	0.01033	0.05959	0.01149	0.01532	0.01154	0.03576	0.01024	0.01584	0.22412	0.00357	0.06381	0.00480	0.04817	0.00637
49	0.01047	0.00808	0.00998	0.00885	0.03616	0.00678	0.00641	0.01268	0.03047	0.05091	0.01662	0.20098	0.01687	0.07549	0.03754	0.00195	0.00449	0.02509	0.00390	0.43630
50	0.13363	0.07023	0.37465	0.03096	0.08434	0.01235	0.02979	0.01609	0.03163	0.01799	0.03549	0.03455	0.03239	0.00651	0.00545	0.00176	0.02781	0.04417	0.00300	0.00719
51	0.01126	0.06289	0.60216	0.01442	0.02125	0.04929	0.03744	0.01667	0.01215	0.01738	0.09344	0.01460	0.01185	0.00582	0.00526	0.00169	0.00746	0.00466	0.00275	0.00758
52	0.01352	0.00686	0.00915	0.00784	0.01014	0.00614	0.00614	0.01593	0.01549	0.28384	0.51172	0.03305	0.03830	0.00962	0.00610	0.00171	0.00329	0.00834	0.00626	0.00658
53	0.00682	0.00536	0.00621	0.00668	0.00797	0.00475	0.00494	0.00827	0.01205	0.01515	0.09671	0.28011	0.42564	0.01473	0.00670	0.00201	0.00309	0.08305	0.00513	0.00463
54	0.08151	0.16462	0.04502	0.08763	0.05098	0.29163	0.02783	0.05053	0.03550	0.04249	0.02869	0.01220	0.00893	0.00656	0.02491	0.00170	0.02528	0.00408	0.00311	0.00680
55	0.01165	0.00669	0.00827	0.00784	0.00983	0.00615	0.00592	0.01419	0.06688	0.20538	0.07517	0.27510	0.22860	0.01305	0.02245	0.00207	0.00375	0.02546	0.00552	0.00605
56	0.00779	0.00581	0.00863	0.00863	0.00955	0.00674	0.00665	0.00965	0.00872	0.01256	0.01473	0.02210	0.01393	0.07758	0.75051	0.00860	0.01416	0.00594	0.00294	0.00479
57	0.01192	0.01191	0.03692	0.23880	0.18912	0.01225	0.22748	0.03081	0.01189	0.01643	0.01163	0.01541	0.02609	0.00613	0.00698	0.03800	0.04790	0.00545	0.04804	0.00685
58	0.05437	0.01225	0.09031	0.31818	0.09006	0.01229	0.09941	0.02555	0.03322	0.01632	0.01108	0.03572	0.00903	0.00715	0.02901	0.00202	0.09241	0.00522	0.04982	0.00659
59	0.00861	0.00615	0.00858	0.00984	0.01101	0.00612	0.00847	0.01099	0.01237	0.01612	0.02896	0.12353	0.03177	0.01523	0.00748	0.00249	0.00487	0.67743	0.00502	0.00497
60	0.01050	0.00989	0.01671	0.74756	0.08373	0.01217	0.01524	0.01410	0.01100	0.01417	0.00973	0.01447	0.00735	0.00541	0.00545	0.00180	0.00722	0.00485	0.00244	0.00622
61	0.06372	0.02245	0.03135	0.20741	0.05729	0.07621	0.03053	0.01373	0.01088	0.01537	0.05074	0.10230	0.01361	0.00949	0.03890	0.00219	0.18970	0.02019	0.03802	0.00594
62	0.01217	0.04036	0.65325	0.01586	0.04963	0.07753	0.01874	0.03997	0.01229	0.01740	0.00975	0.01144	0.00705	0.00524	0.00515	0.00168	0.00805	0.00402	0.00245	0.00795
63	0.66811	0.04178	0.13077	0.02486	0.01328	0.01263	0.00846	0.01619	0.00973	0.02269	0.00798	0.00939	0.00613	0.00507	0.00371	0.00168	0.00494	0.00316	0.00315	0.00629
64	0.00754	0.00547	0.00690	0.00670	0.00796	0.00501	0.00496	0.00982	0.01445	0.02018	0.58588	0.11297	0.13838	0.01186	0.00639	0.00176	0.00265	0.01042	0.03570	0.00501
65	0.07280	0.03578	0.07954	0.01033	0.04012	0.01070	0.00870	0.21625	0.01587	0.08774	0.07767	0.02068	0.07551	0.00819	0.02805	0.00178	0.00505	0.02377	0.11466	0.06680
66	0.12843	0.00607	0.00592	0.00566	0.00730	0.00625	0.00429	0.01358	0.01113	0.05820	0.01650	0.01954	0.01316	0.05405	0.00526	0.00159	0.00305	0.00497	0.62977	0.00530
67	0.02037	0.02598	0.01545	0.01404	0.01685	0.78652	0.01053	0.02177	0.01545	0.01334	0.00843	0.00983	0.00702	0.00562	0.00492	0.00140	0.00983	0.00351	0.00281	0.00632
68	0.03108	0.05450	0.37568	0.01627	0.02266	0.01255	0.23452	0.01889	0.01257	0.15099	0.01207	0.01352	0.00845	0.00526	0.00549	0.00173	0.00762	0.00493	0.00324	0.00797
69	0.02019	0.02569	0.01548	0.01405	0.01680	0.77070	0.01056	0.02159	0.01530	0.01334	0.00840	0.00987	0.00703	0.00570	0.00518	0.00142	0.02603	0.00354	0.00280	0.00631
70	0.01709	0.01252	0.01333	0.01126	0.01479	0.03879	0.00895	0.18072	0.46103	0.15000	0.01972	0.01818	0.01426	0.00705	0.00550	0.00176	0.00490	0.00570	0.00564	0.00880
71	0.00798	0.00555	0.00687	0.00727	0.00771	0.00563	0.00503	0.00888	0.00957	0.01298	0.02257	0.19152	0.04882	0.39326	0.05582	0.00400	0.02658	0.13098	0.04488	0.00409
72	0.02109	0.01089	0.01319	0.01052	0.01448	0.01089	0.00856	0.14833	0.20655	0.46376	0.02028	0.01810	0.01359	0.00688	0.00549	0.00172	0.00478	0.00556	0.00623	0.00911
73	0.01433	0.01009	0.01125	0.00998	0.01288	0.01087	0.00776	0.07203	0.42489	0.14846	0.02579	0.11411	0.09561	0.00902	0.00579	0.00185	0.00419	0.00760	0.00564	0.00788
74	0.00840	0.00572	0.00747	0.00697	0.00838	0.00524	0.00525	0.01089	0.01527	0.05469	0.70794	0.05619	0.06454	0.01113	0.00640	0.00173	0.00268	0.00982	0.00599	0.00530
75	0.00721	0.00588	0.00629	0.00613	0.00787	0.00521	0.00458	0.02470	0.03298	0.01658	0.18636	0.06504	0.56672	0.03173	0.00691	0.00190	0.00290	0.01092	0.00522	0.00487
76	0.01933	0.01434	0.01592	0.07767	0.01832	0.01599	0.01055	0.61285	0.08804	0.05056	0.01381	0.01398	0.00985	0.00653	0.00546	0.00167	0.00592	0.00503	0.00524	0.00895
77	0.01849	0.01288	0.01423	0.01144	0.01511	0.01398	0.00923	0.50944	0.09457	0.10579	0.01714	0.12222	0.01407	0.00808	0.00567	0.00174	0.00531	0.00653	0.00554	0.00855
78	0.01068	0.00558	0.00563	0.00545	0.00687	0.00566	0.00413	0.04913	0.01213	0.02101	0.01755	0.01997	0.01374	0.00636	0.00389	0.00129	0.00271	0.00507	0.79785	0.00529
79	0.62825	0.00997	0.00836	0.00742	0.01052	0.01123	0.00601	0.07025	0.01090	0.03728	0.01338	0.02717	0.07869	0.00675	0.00457	0.03185	0.00418	0.00426	0.02302	0.00593
80	0.01433	0.00874	0.01067	0.00967	0.01201	0.00882	0.00763	0.21186	0.01590	0.16991	0.04033	0.27008	0.02350	0.03782	0.00704	0.00210	0.00458	0.13280	0.00545	0.00675
81	0.00691	0.00497	0.00648	0.00760	0.00798	0.00474	0.00507	0.00822	0.03181	0.01399	0.02913	0.74085	0.03463	0.05962	0.00804	0.00237	0.00331	0.01482	0.00498	0.00449
82	0.13218	0.15127	0.41773	0.02820	0.06964	0.01388	0.05400	0.01662	0.01137	0.01771	0.03428	0.01199	0.00843	0.00523	0.00477	0.00163	0.00690	0.00408	0.00264	0.00744
83	0.01632	0.57688	0.02470	0.01066	0.01485	0.21227	0.00968	0.05364	0.01288	0.01400	0.00806	0.00923	0.00711	0.00499	0.00395	0.00125	0.00684	0.00316	0.00260	0.00694
84	0.02952	0.13169	0.44005	0.04053	0.12228	0.01374	0.06502	0.01695	0.03191	0.01685	0.01140	0.01322	0.03269	0.00538	0.00508	0.00165	0.00723	0.00445	0.00259	0.00774
85	0.01119	0.00822	0.01047	0.01144	0.11087	0.00833	0.00736	0.11720	0.05410	0.05154	0.09732	0.16655	0.09052	0.16057	0.03112	0.00266	0.00476	0.02269	0.02707	0.00603
86	0.00849	0.00549	0.00723	0.00778	0.00874	0.00499	0.00545	0.00973	0.01119	0.07630	0.07000	0.61686	0.03308	0.03170	0.00710	0.00214	0.00339	0.03393	0.00511	0.05130
87	0.73925	0.01090	0.00885	0.00771	0.01113	0.01252	0.00634	0.09207	0.01113	0.02541	0.02873	0.01015	0.00748	0.00538	0.00367	0.00168	0.00436	0.00334	0.00366	0.00623
88	0.00992	0.00887	0.02886	0.07164	0.01310	0.05095	0.00851	0.01154	0.01017	0.04110	0.01805	0.30726	0.01940	0.01746	0.15653	0.00337	0.19075	0.00889	0.01824	0.00537
89	0.01261	0.01461	0.05058	0.02219	0.04605	0.01361	0.65884	0.01695	0.01253	0.01716	0.01133	0.03700	0.00898	0.00521	0.00694	0.00187	0.04700	0.00651	0.00279	0.00725
90	0.00785	0.00562	0.00707	0.00676	0.00812	0.00512	0.00505	0.01010	0.01453	0.03589	0.58329	0.06749	0.16389	0.03448	0.00706	0.00187	0.00278	0.02223	0.00574	0.00507
91	0.00831	0.00567	0.00707	0.00748	0.00846	0.00539	0.00527	0.00978	0.02988	0.06884	0.05012	0.48236	0.18626	0.06438	0.00832	0.00227	0.02740	0.01279	0.00502	0.00491
92	0.61182	0.01054	0.00947	0.00803	0.01158	0.01163	0.00661	0.07456	0.01185	0.16180	0.03111	0.01180	0.00877	0.00564	0.00400	0.00168	0.00439	0.00375	0.00422	0.00675
93	0.01288	0.09665	0.02089	0.01535	0.01723	0.03967	0.16667	0.03643	0.01036	0.01477	0.00844	0.01232	0.00757	0.00773	0.01294	0.00207	0.48706	0.00490	0.01960	0.00645
94	0.00868	0.00580	0.00750	0.00694	0.00845	0.00529	0.00525	0.01114	0.01523	0.06880	0.67403	0.04016	0.09982	0.01106	0.00637	0.00172	0.00272	0.00970	0.00598	0.00537
95	0.00717	0.00552	0.00656	0.00643	0.00788	0.00491	0.00481	0.00918	0.01391	0.01849	0.43193	0.08572	0.33815	0.01260	0.00648	0.00181	0.00273	0.02527	0.00556	0.00489
96	0.01192	0.01103	0.01847	0.02623	0.55363	0.01090	0.03317	0.01497	0.01304	0.01859	0.18434	0.04715	0.01932	0.00671	0.00571	0.00167	0.00554	0.00641	0.00353	0.00766
97	0.01723	0.01265	0.01371	0.01105	0.01438	0.01391	0.00881	0.53602	0.06357	0.02859	0.01544	0.07216	0.01302	0.09877	0.02866	0.00228	0.00575	0.00609	0.02995	0.00798
98	0.84691	0.01054	0.00801	0.00717	0.01054	0.01223	0.00590	0.01603	0.00928	0.02446	0.00759	0.00886	0.00590	0.00506	0.00337	0.00169	0.00422	0.00295	0.00337	0.00590
99	0.00724	0.00502	0.00625	0.00692	0.00713	0.00488	0.00436	0.00781	0.00929	0.01243	0.02393	0.44422	0.02823	0.36000	0.04395	0.00378	0.00449	0.01188	0.00422	0.00396
100	0.04960	0.11087	0.37737	0.01651	0.03773	0.01371	0.22305	0.01659	0.01162	0.01688	0.01065	0.04837	0.00863	0.00562	0.00571	0.00173	0.03024	0.00509	0.00262	0.00743
101	0.01480	0.15084	0.03963	0.05713	0.05145	0.06038	0.01008	0.14742	0.24912	0.04260	0.01570	0.01628	0.03357	0.00875	0.05553	0.00210	0.02760	0.00511	0.00417	0.00774

[dist]
# distance from previous block
# <min> <max>
0	1

[block]
# block no. 4 follows, 44 sequences, length 60
# corresponding to MSA columns:
# 1087-1146
name=unknown_E
#
# <colnr> <probs for GDERKNQSTAVLIFYWHMCP>
#	G	D	E	R	K	N	Q	S	T	A	V	L	I	F	Y	W	H	M	C	P
0	0.01601	0.11707	0.07418	0.01734	0.15356	0.24387	0.07503	0.09554	0.05165	0.01750	0.01025	0.01211	0.00827	0.00572	0.00593	0.00158	0.06205	0.00436	0.02056	0.00740
1	0.00744	0.00539	0.00702	0.00698	0.00807	0.00497	0.00509	0.00963	0.01425	0.01991	0.58810	0.20679	0.07088	0.01252	0.00655	0.00183	0.00271	0.01113	0.00577	0.00497
2	0.02081	0.01447	0.01581	0.01211	0.01647	0.01568	0.00999	0.65682	0.02413	0.11078	0.01385	0.01360	0.00967	0.00648	0.00541	0.00161	0.00580	0.00491	0.00552	0.03607
3	0.00826	0.00569	0.00746	0.00695	0.00833	0.00524	0.00524	0.01082	0.01544	0.04637	0.74722	0.04001	0.05021	0.01100	0.00640	0.00171	0.00264	0.00972	0.00603	0.00528
4	0.09808	0.01281	0.10778	0.01068	0.01522	0.01068	0.00970	0.15775	0.03435	0.44230	0.03418	0.01632	0.01213	0.00647	0.00527	0.00169	0.00522	0.00508	0.00560	0.00870
5	0.02037	0.02598	0.01545	0.01404	0.01685	0.78652	0.01053	0.02177	0.01545	0.01334	0.00843	0.00983	0.00702	0.00562	0.00492	0.00140	0.00983	0.00351	0.00281	0.00632
6	0.02117	0.01456	0.01592	0.01221	0.01655	0.01586	0.01008	0.67003	0.02445	0.12222	0.01408	0.01373	0.00977	0.00657	0.00546	0.00164	0.00584	0.00498	0.00561	0.00927
7	0.00664	0.00474	0.00633	0.00759	0.00791	0.00443	0.00506	0.00759	0.01044	0.01392	0.03005	0.80485	0.03606	0.01708	0.00696	0.00221	0.00316	0.01550	0.00506	0.00443
8	0.00678	0.00553	0.00600	0.00597	0.00764	0.00475	0.00449	0.00842	0.01301	0.01625	0.20499	0.07060	0.58173	0.01337	0.00648	0.00184	0.00279	0.02937	0.00526	0.00472
9	0.01823	0.01420	0.01483	0.01195	0.01576	0.03571	0.00964	0.50265	0.23826	0.02970	0.01573	0.01583	0.01168	0.03275	0.00619	0.00181	0.00559	0.00533	0.00534	0.00882
10	0.00846	0.00607	0.00839	0.00961	0.01077	0.00600	0.00819	0.01074	0.01229	0.01598	0.02984	0.14974	0.05534	0.01526	0.00743	0.00245	0.00473	0.62874	0.00503	0.00494
11	0.00780	0.00526	0.00610	0.00621	0.00628	0.00527	0.00361	0.00797	0.00820	0.01097	0.01828	0.10720	0.02109	0.70304	0.05664	0.00514	0.00546	0.00855	0.00345	0.00347
12	0.74712	0.03512	0.04377	0.00785	0.01152	0.01274	0.00685	0.04983	0.01018	0.02425	0.00794	0.00917	0.00613	0.00512	0.00355	0.00167	0.00452	0.00309	0.00339	0.00619
13	0.06548	0.02083	0.01541	0.01307	0.01653	0.43447	0.01021	0.31722	0.01921	0.02241	0.01026	0.01109	0.00787	0.00596	0.00505	0.00151	0.00798	0.00404	0.00390	0.00749
14	0.00772	0.00526	0.00649	0.00697	0.00750	0.00517	0.00475	0.00877	0.01000	0.01378	0.05837	0.27040	0.05917	0.30154	0.07131	0.00371	0.00483	0.07587	0.07419	0.00421
15	0.69171	0.05824	0.01002	0.02902	0.01183	0.01294	0.00662	0.07045	0.01060	0.02385	0.00831	0.01002	0.00662	0.02637	0.00423	0.00175	0.00456	0.00328	0.00344	0.00615
16	0.01412	0.07984	0.05344	0.23321	0.05998	0.12741	0.03284	0.14589	0.01428	0.01852	0.01144	0.01468	0.00914	0.04334	0.00605	0.00175	0.00663	0.00468	0.11603	0.00675
17	0.00822	0.00590	0.00750	0.04243	0.00973	0.00547	0.00572	0.01038	0.01385	0.05106	0.40456	0.09925	0.23616	0.01214	0.00647	0.00185	0.00315	0.06554	0.00548	0.00516
18	0.04792	0.18638	0.30313	0.01743	0.11445	0.03057	0.15547	0.01688	0.01163	0.01647	0.00937	0.01166	0.00737	0.00513	0.00561	0.00164	0.04451	0.00433	0.00250	0.00755
19	0.01253	0.36096	0.27634	0.01228	0.05124	0.01530	0.01270	0.01593	0.01135	0.03720	0.03431	0.03162	0.01003	0.00848	0.07008	0.00207	0.00708	0.00426	0.01909	0.00716
20	0.02446	0.00928	0.01265	0.00970	0.01392	0.00801	0.00801	0.02657	0.01560	0.77817	0.02151	0.01856	0.01350	0.00675	0.00548	0.00169	0.00464	0.00548	0.00675	0.00928
21	0.01382	0.01703	0.25556	0.03787	0.04436	0.06396	0.02772	0.20263	0.01512	0.02142	0.01248	0.01473	0.00957	0.02470	0.02632	0.02082	0.00651	0.00469	0.17344	0.00727
22	0.01041	0.00909	0.01249	0.10036	0.07906	0.06142	0.04657	0.03657	0.01091	0.01516	0.03111	0.01866	0.01237	0.02375	0.40271	0.00526	0.03358	0.00548	0.07929	0.00574
23	0.00697	0.00537	0.00637	0.00649	0.00778	0.00477	0.00473	0.00871	0.01312	0.01725	0.32092	0.21554	0.33530	0.01353	0.00655	0.00188	0.00278	0.01177	0.00542	0.00477
24	0.00793	0.00529	0.00595	0.00595	0.00595	0.00529	0.00330	0.00793	0.00793	0.01057	0.01718	0.03568	0.01982	0.80840	0.02775	0.00529	0.00529	0.00793	0.00330	0.00330
25	0.05066	0.32120	0.09502	0.01239	0.04863	0.18794	0.04390	0.04939	0.01261	0.01553	0.00957	0.01181	0.00817	0.02816	0.04329	0.00185	0.00732	0.00387	0.04191	0.00680
26	0.15125	0.01281	0.05442	0.20916	0.02153	0.06950	0.11212	0.03867	0.01115	0.01676	0.02557	0.03644	0.00905	0.00716	0.00840	0.03854	0.16339	0.00501	0.00289	0.00618
27	0.00872	0.00625	0.00869	0.00991	0.01118	0.00623	0.00865	0.01120	0.01255	0.01627	0.02962	0.06124	0.05266	0.01502	0.00750	0.00249	0.00496	0.71684	0.00502	0.00501
28	0.01455	0.15092	0.19528	0.01361	0.06835	0.15579	0.01220	0.11053	0.06598	0.01807	0.01398	0.01493	0.06858	0.00625	0.00539	0.00155	0.03224	0.00464	0.00331	0.04386
29	0.02925	0.10312	0.63041	0.01455	0.02178	0.01333	0.03538	0.01719	0.02829	0.01726	0.03435	0.01239	0.00858	0.00535	0.00505	0.00168	0.00752	0.00419	0.00253	0.00781
30	0.01058	0.00981	0.01585	0.62087	0.04990	0.01226	0.01403	0.02661	0.01089	0.01442	0.01053	0.04882	0.00873	0.00646	0.00693	0.00188	0.09923	0.00531	0.02083	0.00607
31	0.01458	0.81168	0.02857	0.00933	0.01399	0.02157	0.00933	0.01632	0.01108	0.01283	0.00758	0.00875	0.00700	0.00466	0.00350	0.00117	0.00583	0.00292	0.00233	0.00700
32	0.01303	0.01125	0.01225	0.06479	0.01541	0.01295	0.00883	0.04146	0.64928	0.02191	0.02326	0.02185	0.06430	0.00766	0.00560	0.00184	0.00445	0.00639	0.00530	0.00821
33	0.00648	0.00552	0.00557	0.00556	0.00739	0.00462	0.00417	0.00789	0.01251	0.01492	0.07492	0.05214	0.75237	0.01373	0.00644	0.00184	0.00276	0.01146	0.00509	0.00462
34	0.02040	0.01511	0.01618	0.01248	0.01678	0.01676	0.01028	0.72347	0.05891	0.03384	0.01350	0.01342	0.00960	0.00658	0.00546	0.00165	0.00592	0.00496	0.00546	0.00924
35	0.00947	0.00473	0.00710	0.00710	0.00710	0.00473	0.00473	0.00710	0.00710	0.00947	0.00947	0.01657	0.00947	0.01894	0.02131	0.84138	0.00473	0.00473	0.00237	0.00237
36	0.02007	0.02536	0.01531	0.01392	0.01674	0.75277	0.01045	0.02208	0.04816	0.01376	0.00903	0.01029	0.00744	0.00570	0.00494	0.00142	0.00959	0.00363	0.00293	0.00642
37	0.02138	0.01422	0.01571	0.01204	0.01638	0.01535	0.00995	0.62826	0.02387	0.16480	0.01457	0.01405	0.01001	0.00658	0.00546	0.00165	0.00576	0.00501	0.00568	0.00927
38	0.00745	0.00578	0.00695	0.00750	0.00899	0.00528	0.00609	0.00932	0.01252	0.01568	0.08038	0.09604	0.40125	0.01434	0.00690	0.00212	0.00367	0.29986	0.00509	0.00479
39	0.00791	0.00573	0.00627	0.00613	0.00797	0.00488	0.00460	0.00939	0.01271	0.07226	0.10601	0.11948	0.59054	0.01338	0.00642	0.00185	0.00292	0.01130	0.00526	0.00498
40	0.02034	0.01388	0.01525	0.01191	0.01608	0.01510	0.00977	0.54734	0.12293	0.14658	0.01559	0.01490	0.01090	0.00669	0.00547	0.00167	0.00557	0.00516	0.00566	0.00919
41	0.01847	0.00819	0.01104	0.00935	0.01246	0.00738	0.00768	0.04002	0.01507	0.48460	0.12631	0.06450	0.02280	0.00929	0.00604	0.00186	0.00439	0.13658	0.00623	0.00773
42	0.01003	0.00890	0.00983	0.00947	0.01063	0.09773	0.00717	0.04114	0.02832	0.01385	0.01622	0.10875	0.02882	0.10457	0.42153	0.00585	0.06181	0.00686	0.00335	0.00516
43	0.04410	0.01037	0.01252	0.00998	0.01359	0.01028	0.00810	0.23206	0.03977	0.37967	0.12524	0.05530	0.01854	0.00775	0.00561	0.00170	0.00465	0.00633	0.00606	0.00835
44	0.01228	0.01290	0.01977	0.07244	0.01925	0.06377	0.19042	0.01454	0.01010	0.01421	0.00887	0.01331	0.00787	0.00999	0.06685	0.00259	0.44689	0.00517	0.00254	0.00625
45	0.01700	0.05931	0.21021	0.01436	0.01849	0.46354	0.02741	0.04334	0.01404	0.01505	0.00885	0.01055	0.00710	0.00575	0.00587	0.00156	0.06416	0.00381	0.00271	0.00688
46	0.58830	0.02415	0.07092	0.01018	0.03561	0.01216	0.06677	0.01615	0.01005	0.04653	0.00928	0.02842	0.00746	0.00658	0.02904	0.00194	0.02295	0.00386	0.00332	0.00633
47	0.00938	0.00676	0.00899	0.02762	0.01045	0.00725	0.00685	0.02734	0.02937	0.06664	0.06004	0.44967	0.05500	0.03495	0.00882	0.00224	0.11413	0.06449	0.00475	0.00527
48	0.00984	0.00643	0.00747	0.00704	0.00801	0.00707	0.00520	0.04592	0.01066	0.01670	0.01772	0.02452	0.05032	0.20741	0.10154	0.00328	0.08716	0.00613	0.37269	0.00489
49	0.07379	0.10053	0.41094	0.03264	0.10453	0.01401	0.01566	0.13025	0.01366	0.02007	0.02895	0.01230	0.00852	0.00545	0.00498	0.00164	0.00691	0.00423	0.00301	0.00793
50	0.01178	0.02182	0.48385	0.04073	0.22590	0.01236	0.04178	0.01680	0.01170	0.03046	0.01048	0.01341	0.00811	0.04018	0.00628	0.00186	0.00746	0.00455	0.00255	0.00795
51	0.01877	0.01239	0.01371	0.01071	0.01451	0.01313	0.00876	0.48922	0.02128	0.13239	0.05588	0.01617	0.01268	0.00668	0.00524	0.00156	0.00510	0.00520	0.11061	0.04601
52	0.00805	0.00561	0.00678	0.00720	0.00762	0.00555	0.00467	0.04916	0.01022	0.01362	0.02336	0.39965	0.02724	0.36833	0.01614	0.00356	0.00431	0.03045	0.00430	0.00421
53	0.07091	0.01191	0.08006	0.29446	0.06844	0.02754	0.09763	0.05918	0.03074	0.01689	0.01267	0.04643	0.01107	0.00776	0.00691	0.06989	0.00664	0.07143	0.00313	0.00633
54	0.00949	0.00642	0.00760	0.00731	0.00855	0.00674	0.00546	0.06265	0.03094	0.01824	0.13210	0.12651	0.07344	0.08302	0.11060	0.00291	0.03793	0.00790	0.25699	0.00521
55	0.00784	0.00525	0.00597	0.00606	0.00608	0.00523	0.00342	0.00790	0.00810	0.01080	0.01806	0.08866	0.02094	0.75389	0.02632	0.00507	0.00514	0.00845	0.00342	0.00338
56	0.01559	0.03426	0.01596	0.05058	0.06590	0.05271	0.01077	0.32612	0.01645	0.02226	0.01116	0.01433	0.00927	0.04367	0.08204	0.00263	0.21017	0.00496	0.00381	0.00737
57	0.03074	0.17121	0.15490	0.02559	0.01471	0.02975	0.07937	0.02775	0.01060	0.01424	0.01341	0.15325	0.01348	0.04945	0.02663	0.16371	0.00613	0.00641	0.00301	0.00564
58	0.00879	0.00628	0.00879	0.01004	0.01130	0.00628	0.00879	0.01130	0.01255	0.01632	0.02887	0.06150	0.03138	0.01506	0.00753	0.00251	0.00502	0.73770	0.00502	0.00502
59	0.01049	0.00974	0.01624	0.72249	0.03547	0.01195	0.02959	0.03527	0.01135	0.01459	0.01070	0.04900	0.00860	0.00597	0.00554	0.00183	0.00709	0.00534	0.00263	0.00610

[dist]
# distance from previous block
# <min> <max>
3	4

[block]
# block no. 5 follows, 44 sequences, length 17
# corresponding to MSA columns:
# 1151-1167
name=unknown_F
#
# <colnr> <probs for GDERKNQSTAVLIFYWHMCP>
#	G	D	E	R	K	N	Q	S	T	A	V	L	I	F	Y	W	H	M	C	P
0	0.05256	0.17156	0.07228	0.01129	0.05727	0.11652	0.02218	0.01557	0.07930	0.01636	0.08795	0.12517	0.04171	0.04750	0.00634	0.00183	0.00551	0.03447	0.02833	0.00627
1	0.01184	0.12654	0.24979	0.16141	0.18772	0.01347	0.03699	0.01558	0.01134	0.01583	0.02714	0.01325	0.00866	0.00597	0.00632	0.03366	0.04549	0.00449	0.01728	0.00721
2	0.00937	0.00771	0.00918	0.00797	0.01038	0.00719	0.00616	0.01276	0.08816	0.01823	0.23657	0.07255	0.14114	0.03356	0.00702	0.00168	0.04956	0.02894	0.00464	0.24723
3	0.01771	0.38603	0.02146	0.01188	0.01554	0.43598	0.00998	0.01927	0.01345	0.01311	0.00804	0.00933	0.00701	0.00518	0.00427	0.00130	0.00800	0.00324	0.00259	0.00663
4	0.01741	0.01259	0.05060	0.01101	0.01470	0.01259	0.00926	0.40296	0.04275	0.13720	0.05958	0.01772	0.01350	0.05011	0.09906	0.00266	0.00658	0.00550	0.00506	0.02916
5	0.01325	0.01164	0.01142	0.01032	0.01312	0.07851	0.00797	0.02430	0.52430	0.04805	0.09242	0.02466	0.09999	0.00825	0.00567	0.00179	0.00448	0.00682	0.00534	0.00770
