[name]
unknown

[dist]
# distance from previous block
# <min> <max>
0	75

[block]
# block no. 0 follows, 39 sequences, length 22
# corresponding to MSA columns:
# 75-96
name=unknown_A
#
# <colnr> <probs for GDERKNQSTAVLIFYWHMCP>
#	G	D	E	R	K	N	Q	S	T	A	V	L	I	F	Y	W	H	M	C	P
0	0.00974	0.02922	0.01105	0.01096	0.01258	0.00750	0.04644	0.01234	0.01340	0.01752	0.07211	0.05884	0.04805	0.07251	0.00951	0.00280	0.00552	0.54926	0.00516	0.00550
1	0.01434	0.56310	0.15751	0.01143	0.01656	0.02005	0.01200	0.01705	0.01186	0.01483	0.01010	0.05106	0.00942	0.00716	0.02583	0.00171	0.04148	0.00426	0.00270	0.00753
2	0.00765	0.00610	0.00672	0.00693	0.00858	0.00541	0.00530	0.00925	0.01309	0.01608	0.07729	0.05610	0.52304	0.10022	0.00972	0.00252	0.00371	0.13204	0.00531	0.00494
3	0.01226	0.01051	0.01226	0.00876	0.01401	0.00788	0.00701	0.01489	0.01226	0.01927	0.01051	0.01226	0.00876	0.00438	0.00438	0.00088	0.00438	0.00350	0.00350	0.82832
4	0.04498	0.32244	0.01864	0.01025	0.01291	0.05343	0.00866	0.01484	0.01185	0.05185	0.01752	0.28373	0.01897	0.01056	0.00703	0.00187	0.09170	0.00835	0.00388	0.00653
5	0.01549	0.01006	0.01317	0.00997	0.01453	0.00810	0.04396	0.01796	0.01346	0.21148	0.01644	0.10314	0.01377	0.00679	0.00528	0.00136	0.00472	0.00584	0.00470	0.47979
6	0.01508	0.29274	0.41414	0.01372	0.02066	0.01644	0.01613	0.01965	0.01288	0.11077	0.01139	0.01241	0.00843	0.00564	0.00503	0.00166	0.00743	0.00415	0.00312	0.00851
7	0.01186	0.03059	0.76153	0.01686	0.02560	0.01373	0.02185	0.01873	0.01249	0.01873	0.01061	0.01249	0.00749	0.00562	0.00562	0.00187	0.00874	0.00437	0.00250	0.00874
8	0.00733	0.00524	0.00701	0.00838	0.00878	0.00491	0.00571	0.00846	0.01145	0.01524	0.03252	0.74817	0.03883	0.01841	0.00758	0.00242	0.00354	0.05568	0.00549	0.00484
9	0.01227	0.02771	0.61871	0.01844	0.02664	0.01397	0.16178	0.01877	0.01277	0.01877	0.01088	0.01317	0.00778	0.00549	0.00589	0.00190	0.00898	0.00488	0.00259	0.00859
10	0.00954	0.00516	0.00748	0.00778	0.00785	0.00508	0.00516	0.00785	0.00853	0.01137	0.01546	0.18796	0.01699	0.04602	0.01993	0.61890	0.00478	0.00782	0.00324	0.00309
11	0.00748	0.00535	0.00718	0.00855	0.00902	0.00504	0.00598	0.00872	0.01160	0.01541	0.03244	0.70150	0.03850	0.01826	0.00762	0.00244	0.00367	0.10086	0.00548	0.00488
12	0.01186	0.03059	0.76153	0.01686	0.02560	0.01373	0.02185	0.01873	0.01249	0.01873	0.01061	0.01249	0.00749	0.00562	0.00562	0.00187	0.00874	0.00437	0.00250	0.00874
13	0.02261	0.01462	0.05969	0.01247	0.01693	0.05513	0.01067	0.24400	0.07381	0.36033	0.01826	0.01711	0.01233	0.00729	0.00657	0.00185	0.04518	0.00556	0.00603	0.00957
14	0.01914	0.04221	0.01753	0.01485	0.01763	0.48929	0.05124	0.06310	0.01565	0.01645	0.01125	0.01331	0.02844	0.00700	0.00755	0.00173	0.12740	0.00459	0.04469	0.00695
15	0.11962	0.01333	0.01496	0.01188	0.01596	0.05762	0.04039	0.25242	0.03488	0.27690	0.01670	0.01729	0.01193	0.04647	0.04091	0.00234	0.00651	0.00550	0.00559	0.00880
16	0.01348	0.01167	0.04608	0.02813	0.01484	0.03012	0.04188	0.12084	0.06222	0.06284	0.01842	0.20080	0.01835	0.09607	0.03589	0.00280	0.17579	0.00852	0.00442	0.00684
17	0.00931	0.07183	0.04395	0.00990	0.01152	0.00853	0.04744	0.01098	0.01099	0.01490	0.03805	0.33566	0.04211	0.13837	0.11387	0.00368	0.04556	0.01074	0.00419	0.02840
18	0.01222	0.04043	0.08800	0.01164	0.01537	0.01028	0.05630	0.03099	0.01227	0.05606	0.01595	0.08349	0.02936	0.01363	0.12463	0.00288	0.08115	0.04810	0.00377	0.26349
19	0.01249	0.23348	0.37204	0.01393	0.02016	0.01502	0.06102	0.01695	0.01241	0.01720	0.04360	0.05982	0.01199	0.00838	0.04385	0.00209	0.00778	0.00528	0.00296	0.03955
20	0.01271	0.22073	0.47667	0.01382	0.02078	0.01519	0.01664	0.01767	0.01221	0.01744	0.01075	0.01317	0.00848	0.03418	0.00592	0.00179	0.00751	0.00424	0.04538	0.04471
21	0.03421	0.15951	0.39095	0.01331	0.01945	0.01350	0.03252	0.01661	0.01257	0.01821	0.08206	0.05514	0.01414	0.00830	0.03733	0.00203	0.00733	0.00544	0.00319	0.07420

[dist]
# distance from previous block
# <min> <max>
50	137

[block]
# block no. 1 follows, 39 sequences, length 13
# corresponding to MSA columns:
# 283-295
name=unknown_B
#
# <colnr> <probs for GDERKNQSTAVLIFYWHMCP>
#	G	D	E	R	K	N	Q	S	T	A	V	L	I	F	Y	W	H	M	C	P
0	0.05820	0.23389	0.26844	0.01340	0.03114	0.04848	0.02374	0.04573	0.02327	0.06104	0.01378	0.01648	0.04231	0.00674	0.00589	0.00174	0.04547	0.03520	0.00335	0.02170
1	0.03841	0.23330	0.28895	0.01376	0.01969	0.05375	0.05391	0.07720	0.02766	0.06090	0.03876	0.01568	0.02193	0.00637	0.00531	0.00171	0.00728	0.02381	0.00347	0.00816
2	0.01475	0.58947	0.22792	0.01193	0.01799	0.02079	0.01328	0.01798	0.01214	0.01521	0.00887	0.01029	0.00756	0.00521	0.00429	0.00143	0.00698	0.00349	0.00252	0.00790
3	0.01222	0.12933	0.63349	0.01557	0.02351	0.01464	0.01961	0.01827	0.01261	0.01832	0.04252	0.01347	0.00960	0.00583	0.00544	0.00179	0.00817	0.00449	0.00268	0.00845
4	0.12834	0.50030	0.17893	0.01121	0.01682	0.01946	0.01199	0.01828	0.01202	0.04352	0.00926	0.01051	0.00766	0.00532	0.00423	0.00149	0.00654	0.00352	0.00285	0.00775
5	0.01037	0.00519	0.00742	0.00742	0.00760	0.00519	0.00501	0.00850	0.00832	0.01181	0.01145	0.01851	0.01091	0.01876	0.02064	0.72012	0.00483	0.00519	0.10984	0.00295
6	0.00972	0.00582	0.00772	0.00844	0.00940	0.00532	0.00587	0.01093	0.01214	0.11222	0.03252	0.65765	0.06564	0.01692	0.00732	0.00231	0.00362	0.01521	0.00573	0.00550
7	0.01148	0.01095	0.01842	0.65415	0.03740	0.01325	0.05527	0.01526	0.01181	0.01549	0.01044	0.01544	0.00798	0.00603	0.00665	0.00195	0.05119	0.00526	0.00269	0.04890
8	0.00922	0.00821	0.05175	0.00951	0.01137	0.00777	0.00784	0.01163	0.01091	0.01600	0.11106	0.02465	0.01924	0.06504	0.47481	0.00663	0.03617	0.00656	0.02833	0.08329
9	0.01918	0.01401	0.01536	0.01179	0.01632	0.01451	0.00962	0.48541	0.02254	0.05528	0.01447	0.03722	0.01105	0.00681	0.00551	0.00157	0.00567	0.00528	0.05052	0.19788
10	0.01138	0.00956	0.01174	0.00986	0.04957	0.00759	0.00721	0.01399	0.01308	0.01984	0.14671	0.06324	0.01911	0.00665	0.00511	0.00119	0.00417	0.00567	0.00414	0.59020
11	0.01263	0.01202	0.05185	0.12326	0.06044	0.01052	0.03205	0.06438	0.01353	0.01978	0.05651	0.01633	0.03185	0.00598	0.00593	0.00141	0.04539	0.00489	0.00363	0.42762
12	0.05350	0.01265	0.04343	0.03780	0.23234	0.01197	0.13324	0.01739	0.07534	0.02019	0.11076	0.02049	0.04801	0.00686	0.00642	0.00176	0.03408	0.00631	0.00386	0.12360

[dist]
# distance from previous block
# <min> <max>
2	17

[block]
# block no. 2 follows, 39 sequences, length 26
# corresponding to MSA columns:
# 317-342
name=unknown_C
#
# <colnr> <probs for GDERKNQSTAVLIFYWHMCP>
#	G	D	E	R	K	N	Q	S	T	A	V	L	I	F	Y	W	H	M	C	P
0	0.01053	0.06832	0.17300	0.02825	0.01482	0.00967	0.02849	0.05108	0.01502	0.02080	0.31740	0.08589	0.09201	0.01024	0.00639	0.00187	0.00499	0.02883	0.00489	0.02751
1	0.01190	0.01303	0.17974	0.01231	0.07087	0.00886	0.01079	0.01537	0.01466	0.10876	0.28522	0.03220	0.13075	0.00975	0.00683	0.00188	0.03067	0.02166	0.00505	0.02972
2	0.01342	0.08623	0.11099	0.01136	0.01548	0.02716	0.06311	0.01627	0.01349	0.09910	0.17280	0.02111	0.01971	0.02949	0.00781	0.04488	0.04106	0.00598	0.00421	0.19636
3	0.03507	0.09176	0.44581	0.01618	0.03851	0.03892	0.09112	0.01998	0.01327	0.11472	0.01210	0.01348	0.00863	0.00570	0.00555	0.00178	0.00798	0.00469	0.00326	0.03148
4	0.01213	0.08281	0.71167	0.01640	0.02488	0.01439	0.02105	0.01866	0.01245	0.01840	0.01045	0.01228	0.00750	0.00558	0.00549	0.00183	0.00858	0.00429	0.00250	0.00866
5	0.01432	0.01395	0.01937	0.07957	0.43810	0.08475	0.01458	0.01941	0.11526	0.01987	0.10633	0.01910	0.01617	0.00664	0.00597	0.00180	0.00657	0.00601	0.00380	0.00845
6	0.00949	0.00717	0.00809	0.00780	0.00952	0.00713	0.00574	0.01316	0.13166	0.03745	0.05332	0.04135	0.33997	0.14594	0.09514	0.04660	0.00535	0.02464	0.00493	0.00554
7	0.00770	0.00589	0.00710	0.00738	0.00868	0.00521	0.00524	0.00930	0.01310	0.01733	0.19425	0.35067	0.25117	0.03693	0.00772	0.00218	0.00328	0.01329	0.00555	0.04802
8	0.02115	0.01451	0.01615	0.03937	0.01760	0.01578	0.01039	0.54287	0.04225	0.12102	0.01581	0.01734	0.01175	0.07670	0.00807	0.00215	0.00626	0.00572	0.00577	0.00934
9	0.01160	0.01095	0.01851	0.68596	0.12937	0.01325	0.01664	0.01549	0.01203	0.01563	0.01059	0.01563	0.00807	0.00583	0.00591	0.00194	0.00778	0.00526	0.00266	0.00692
10	0.00871	0.00632	0.00838	0.00825	0.00879	0.00700	0.00578	0.00983	0.00937	0.01313	0.04835	0.03089	0.01937	0.38938	0.36052	0.00713	0.04325	0.00753	0.00348	0.00455
11	0.02385	0.00949	0.01287	0.01014	0.01426	0.00826	0.00834	0.02617	0.01670	0.65028	0.08697	0.02481	0.03966	0.00825	0.00614	0.00187	0.00480	0.03063	0.00714	0.00938
12	0.01881	0.01387	0.01519	0.01239	0.01609	0.01521	0.00997	0.53410	0.06589	0.03158	0.01817	0.14316	0.01598	0.00967	0.00674	0.02524	0.00583	0.02756	0.00574	0.00881
13	0.01328	0.07195	0.60785	0.03294	0.02444	0.01403	0.04007	0.01927	0.01275	0.07503	0.01142	0.01308	0.00810	0.00581	0.00590	0.00186	0.02614	0.00453	0.00289	0.00865
14	0.00699	0.00599	0.00599	0.00599	0.00799	0.00499	0.00449	0.00849	0.01348	0.01598	0.05991	0.05691	0.75288	0.01498	0.00699	0.00200	0.00300	0.01248	0.00549	0.00499
15	0.01510	0.48354	0.17358	0.04571	0.01919	0.07755	0.04016	0.01813	0.01239	0.01517	0.00898	0.01085	0.00765	0.00554	0.00526	0.00153	0.04564	0.00378	0.00259	0.00768
16	0.83394	0.01144	0.00869	0.00778	0.01144	0.01327	0.00640	0.01738	0.01006	0.02653	0.00823	0.00961	0.00640	0.00549	0.00366	0.00183	0.00457	0.00320	0.00366	0.00640
17	0.06975	0.54527	0.18454	0.01163	0.01729	0.05478	0.01243	0.01817	0.01220	0.01581	0.00877	0.01019	0.00749	0.00525	0.00424	0.00144	0.00692	0.00345	0.00262	0.00772
18	0.01114	0.00630	0.00666	0.00640	0.00770	0.00646	0.00462	0.05844	0.01248	0.02049	0.01868	0.02497	0.01610	0.16754	0.04452	0.00266	0.00420	0.00616	0.56909	0.00540
19	0.00854	0.00645	0.00784	0.00793	0.00940	0.00611	0.00609	0.01137	0.05131	0.01916	0.30194	0.08302	0.22242	0.08277	0.00924	0.00244	0.00375	0.14912	0.00571	0.00539
20	0.01362	0.01132	0.01299	0.00941	0.01459	0.00928	0.00757	0.11094	0.01433	0.02167	0.01100	0.01252	0.00893	0.00474	0.00458	0.00100	0.00466	0.00375	0.00383	0.71927
21	0.00792	0.00603	0.00728	0.00697	0.00856	0.00539	0.00522	0.01029	0.01567	0.02119	0.52591	0.04834	0.28363	0.01303	0.00698	0.00190	0.00286	0.01128	0.00618	0.00539
22	0.01471	0.01270	0.01337	0.01203	0.01538	0.01471	0.00936	0.03142	0.74459	0.02474	0.02407	0.02206	0.01805	0.00802	0.00602	0.00201	0.00468	0.00669	0.00602	0.00936
23	0.38635	0.01089	0.01162	0.00940	0.01357	0.01105	0.00776	0.04742	0.01423	0.40845	0.01629	0.01524	0.01081	0.00650	0.00493	0.00183	0.00488	0.00470	0.00564	0.00843
24	0.01153	0.00971	0.01140	0.00884	0.01316	0.00771	0.00687	0.01462	0.05036	0.01884	0.01499	0.14512	0.01442	0.00698	0.00501	0.00120	0.00423	0.00594	0.00397	0.64509
25	0.07832	0.28301	0.03596	0.01134	0.01554	0.11555	0.00993	0.23686	0.01728	0.02296	0.01154	0.01279	0.00921	0.00713	0.02577	0.00175	0.00677	0.00426	0.08613	0.00791

[dist]
# distance from previous block
# <min> <max>
0	2

[block]
# block no. 3 follows, 39 sequences, length 15
# corresponding to MSA columns:
# 345-359
name=unknown_D
#
# <colnr> <probs for GDERKNQSTAVLIFYWHMCP>
#	G	D	E	R	K	N	Q	S	T	A	V	L	I	F	Y	W	H	M	C	P
0	0.78940	0.05413	0.00991	0.00790	0.01164	0.01382	0.00661	0.01740	0.01017	0.02585	0.00823	0.00960	0.00647	0.00547	0.00367	0.00180	0.00467	0.00320	0.00360	0.00647
1	0.01328	0.28042	0.41648	0.01367	0.02025	0.04932	0.01598	0.01789	0.01292	0.01743	0.08007	0.01442	0.01211	0.00607	0.00513	0.00166	0.00746	0.00455	0.00291	0.00798
2	0.01117	0.01051	0.01774	0.77795	0.04073	0.01314	0.01642	0.01511	0.01182	0.01511	0.01051	0.01577	0.00788	0.00591	0.00591	0.00197	0.00788	0.00526	0.00263	0.00657
3	0.00837	0.00604	0.00790	0.00744	0.00883	0.00558	0.00558	0.01116	0.01674	0.02371	0.75216	0.04417	0.05580	0.01209	0.00697	0.00186	0.00279	0.01069	0.00651	0.00558
4	0.00846	0.00630	0.00932	0.00932	0.01031	0.00729	0.00716	0.01044	0.00945	0.01359	0.01601	0.02417	0.01519	0.08970	0.72394	0.00928	0.01523	0.00647	0.00319	0.00518
5	0.02483	0.00966	0.01314	0.01028	0.01452	0.00837	0.00841	0.02707	0.01663	0.69239	0.05269	0.06012	0.01751	0.00808	0.00607	0.00186	0.00486	0.00669	0.00719	0.00962
6	0.01441	0.01382	0.02360	0.08462	0.70872	0.01399	0.01804	0.01795	0.01336	0.01905	0.01108	0.01471	0.00927	0.00531	0.00586	0.00177	0.00708	0.00527	0.00291	0.00919
7	0.00782	0.00593	0.00716	0.00783	0.00904	0.00544	0.00589	0.00941	0.01268	0.01613	0.07517	0.25881	0.30178	0.07780	0.00924	0.00256	0.00388	0.17309	0.00538	0.00496
8	0.01781	0.09111	0.01522	0.02987	0.01498	0.04477	0.03519	0.24329	0.04435	0.12458	0.03636	0.01781	0.01321	0.00688	0.00525	0.00163	0.00539	0.00543	0.23880	0.00807
9	0.05019	0.01176	0.01688	0.29792	0.10406	0.01292	0.04445	0.11314	0.08459	0.05852	0.03507	0.01978	0.03409	0.00697	0.00592	0.00187	0.00652	0.03373	0.00407	0.05754
10	0.11403	0.03300	0.12367	0.01141	0.03427	0.01069	0.03966	0.07175	0.05175	0.12843	0.17488	0.02413	0.02154	0.09568	0.00847	0.00226	0.00542	0.00663	0.03497	0.00735
11	0.23917	0.07136	0.23712	0.01317	0.05253	0.04023	0.03765	0.01702	0.01209	0.04638	0.02728	0.07844	0.01320	0.04013	0.00636	0.00206	0.00647	0.04854	0.00359	0.00721
12	0.09109	0.08427	0.01114	0.04615	0.01213	0.03227	0.00715	0.04965	0.04152	0.01929	0.14692	0.15549	0.14248	0.05768	0.00761	0.00218	0.00453	0.05482	0.02766	0.00597
13	0.08546	0.28812	0.15869	0.01274	0.05640	0.06648	0.01175	0.04759	0.01367	0.06096	0.08144	0.06522	0.01466	0.00703	0.00509	0.00165	0.00637	0.00540	0.00366	0.00762
14	0.27362	0.10262	0.20550	0.07854	0.01880	0.01440	0.01224	0.10769	0.01399	0.04364	0.06782	0.01441	0.01146	0.00628	0.00498	0.00179	0.00624	0.00460	0.00375	0.00764

[dist]
# distance from previous block
# <min> <max>
9	18

[block]
# block no. 4 follows, 39 sequences, length 33
# corresponding to MSA columns:
# 378-410
name=unknown_E
#
# <colnr> <probs for GDERKNQSTAVLIFYWHMCP>
#	G	D	E	R	K	N	Q	S	T	A	V	L	I	F	Y	W	H	M	C	P
0	0.01843	0.03539	0.04523	0.01612	0.11015	0.01596	0.01208	0.34401	0.04909	0.08822	0.01384	0.01577	0.01068	0.03259	0.03821	0.00233	0.13287	0.00545	0.00473	0.00886
1	0.08397	0.14754	0.01889	0.04468	0.14572	0.27133	0.01156	0.06155	0.05084	0.01818	0.01405	0.01549	0.06336	0.00662	0.00553	0.00166	0.02318	0.00486	0.00346	0.00753
2	0.77947	0.01146	0.00904	0.00804	0.01166	0.01327	0.00661	0.04297	0.01068	0.02653	0.00868	0.01019	0.00679	0.00674	0.02720	0.00206	0.00499	0.00337	0.00373	0.00650
3	0.00719	0.00520	0.00681	0.00809	0.00854	0.00482	0.00543	0.00825	0.01146	0.01515	0.03432	0.74201	0.08429	0.01830	0.00751	0.00238	0.00340	0.01654	0.00549	0.00482
4	0.00775	0.00609	0.00710	0.00773	0.00901	0.00565	0.00559	0.01009	0.05984	0.01624	0.04312	0.39431	0.32892	0.01626	0.00726	0.00223	0.00346	0.05861	0.00552	0.00522
5	0.01653	0.01380	0.04093	0.01665	0.10937	0.01371	0.11684	0.29754	0.04585	0.05302	0.01651	0.11160	0.01452	0.06283	0.00789	0.00214	0.00651	0.00717	0.00475	0.04185
6	0.01232	0.11889	0.67722	0.01608	0.02439	0.01485	0.02050	0.01861	0.01243	0.01817	0.01034	0.01214	0.00750	0.00555	0.00541	0.00180	0.00846	0.00423	0.00250	0.00861
7	0.01461	0.01265	0.01347	0.00999	0.01501	0.05779	0.00800	0.13676	0.01516	0.02200	0.01105	0.01249	0.00891	0.00495	0.00470	0.00107	0.00514	0.00383	0.00388	0.63858
8	0.00765	0.00597	0.00667	0.00652	0.00805	0.00528	0.00472	0.00936	0.01385	0.01783	0.27557	0.05033	0.42903	0.12132	0.01017	0.00247	0.00331	0.01137	0.00555	0.00499
9	0.04200	0.05984	0.01768	0.13594	0.02084	0.20553	0.01196	0.26332	0.01811	0.02285	0.01109	0.01321	0.00868	0.00694	0.00740	0.00182	0.11454	0.00474	0.02566	0.00784
10	0.01177	0.00807	0.00954	0.00847	0.01073	0.00781	0.00654	0.13565	0.01753	0.07951	0.36595	0.09552	0.19562	0.01198	0.00676	0.00191	0.00369	0.01026	0.00617	0.00650
11	0.00718	0.00523	0.00677	0.00800	0.00852	0.00482	0.00539	0.00826	0.01155	0.01519	0.03542	0.71274	0.11286	0.01816	0.00749	0.00236	0.00339	0.01636	0.00549	0.00482
12	0.01021	0.00797	0.00937	0.00989	0.01130	0.02693	0.00752	0.06195	0.11438	0.01856	0.02993	0.41842	0.04952	0.01537	0.00731	0.00235	0.00447	0.18304	0.00552	0.00600
13	0.01348	0.03688	0.19338	0.10218	0.14896	0.01431	0.30139	0.04568	0.01379	0.01909	0.01224	0.01701	0.00974	0.00587	0.00631	0.00193	0.00856	0.03796	0.00304	0.00819
14	0.01323	0.01351	0.02041	0.44969	0.19154	0.09137	0.08511	0.01687	0.01288	0.01632	0.01111	0.03141	0.00894	0.00597	0.00598	0.00189	0.00809	0.00552	0.00283	0.00730
15	0.01521	0.00824	0.01061	0.00938	0.01196	0.00780	0.00753	0.08333	0.01691	0.23953	0.29931	0.07765	0.03392	0.01100	0.00667	0.00198	0.00421	0.11052	0.03700	0.00725
16	0.01227	0.10965	0.68604	0.01616	0.02452	0.01473	0.02064	0.01862	0.01244	0.01823	0.01037	0.01218	0.00750	0.00556	0.00543	0.00181	0.00849	0.00425	0.00250	0.00862
17	0.01461	0.01823	0.11061	0.02443	0.16748	0.09276	0.38151	0.01886	0.01358	0.01814	0.01101	0.01451	0.00864	0.00567	0.00748	0.00194	0.07367	0.00588	0.00290	0.00809
18	0.01372	0.30494	0.43945	0.01505	0.03866	0.01717	0.04377	0.01856	0.01248	0.03170	0.01007	0.01174	0.00777	0.00542	0.00502	0.00165	0.00780	0.00408	0.00263	0.00834
19	0.02235	0.01129	0.03761	0.01171	0.01617	0.03148	0.07864	0.02494	0.01614	0.55139	0.04029	0.02351	0.09080	0.00790	0.00615	0.00186	0.00553	0.00671	0.00642	0.00911
20	0.00799	0.00549	0.00668	0.00726	0.00746	0.00532	0.00449	0.00854	0.01009	0.01350	0.05208	0.36456	0.03043	0.42695	0.01944	0.00414	0.00462	0.01225	0.00452	0.00419
21	0.01965	0.01439	0.01602	0.01369	0.03878	0.10974	0.06080	0.10053	0.27258	0.23800	0.01991	0.03888	0.01455	0.00746	0.00600	0.00187	0.00615	0.00621	0.00569	0.00910
22	0.01464	0.01405	0.02400	0.03630	0.75528	0.01405	0.01815	0.01815	0.01347	0.01932	0.01112	0.01464	0.00937	0.00527	0.00585	0.00176	0.00703	0.00527	0.00293	0.00937
23	0.02393	0.00982	0.01311	0.01030	0.01448	0.00876	0.00842	0.02718	0.06297	0.63784	0.09772	0.02270	0.01905	0.00785	0.00606	0.00184	0.00478	0.00648	0.00715	0.00956
24	0.00748	0.00522	0.00677	0.00796	0.00830	0.00492	0.00525	0.00846	0.01108	0.01495	0.03071	0.68549	0.03650	0.09808	0.00977	0.00271	0.00365	0.01559	0.03242	0.00470
25	0.01255	0.01886	0.24411	0.04753	0.02549	0.04026	0.33693	0.01726	0.01303	0.01790	0.01426	0.11022	0.01271	0.00738	0.00703	0.00203	0.03665	0.02498	0.00319	0.00760
26	0.01882	0.04612	0.26355	0.01266	0.01833	0.01161	0.01308	0.04950	0.08209	0.34310	0.06647	0.01874	0.01486	0.00704	0.00583	0.00184	0.00619	0.00568	0.00531	0.00917
27	0.02167	0.01630	0.01839	0.01595	0.09448	0.01790	0.01195	0.66143	0.02632	0.03542	0.01388	0.01424	0.00999	0.00691	0.00591	0.00177	0.00656	0.00532	0.00561	0.00999
28	0.01671	0.01208	0.01345	0.01120	0.01436	0.01316	0.00880	0.34040	0.14684	0.06454	0.09395	0.05112	0.01918	0.10707	0.05736	0.00283	0.00611	0.00704	0.00559	0.00818
29	0.13993	0.15803	0.39490	0.03915	0.02075	0.01564	0.01594	0.01805	0.01178	0.03987	0.00990	0.01189	0.00759	0.00605	0.00644	0.00184	0.08737	0.00414	0.00284	0.00791
30	0.11580	0.17986	0.04582	0.01198	0.03070	0.01671	0.01019	0.25766	0.11031	0.02569	0.05716	0.02731	0.01304	0.00699	0.00573	0.00172	0.03458	0.00517	0.00457	0.03900
31	0.01236	0.01294	0.04986	0.04476	0.02225	0.01123	0.33580	0.03014	0.01354	0.01904	0.05051	0.08405	0.02905	0.00703	0.00627	0.00174	0.00709	0.03340	0.00367	0.22527
32	0.08659	0.16682	0.01661	0.01192	0.04182	0.19259	0.00916	0.11459	0.02820	0.03108	0.01454	0.06553	0.03487	0.09007	0.04453	0.00243	0.00725	0.00568	0.00381	0.03189

[dist]
# distance from previous block
# <min> <max>
0	3

[block]
# block no. 5 follows, 39 sequences, length 8
# corresponding to MSA columns:
# 414-421
name=unknown_F
#
# <colnr> <probs for GDERKNQSTAVLIFYWHMCP>
#	G	D	E	R	K	N	Q	S	T	A	V	L	I	F	Y	W	H	M	C	P
0	0.01417	0.29258	0.19266	0.03215	0.01897	0.05986	0.06901	0.04126	0.05693	0.01729	0.04585	0.03368	0.01189	0.03340	0.00692	0.00184	0.05557	0.00510	0.00321	0.00763
1	0.01413	0.04082	0.15901	0.03266	0.01736	0.01073	0.06849	0.05042	0.07730	0.13773	0.13967	0.04679	0.07750	0.00815	0.00603	0.00178	0.00566	0.00701	0.00485	0.09390
2	0.05235	0.01185	0.01138	0.01019	0.01309	0.09296	0.00797	0.08134	0.22864	0.07429	0.12660	0.03193	0.18651	0.00999	0.00625	0.00192	0.00491	0.03481	0.00559	0.00742
3	0.01153	0.00938	0.01056	0.01006	0.01129	0.05258	0.00763	0.08029	0.04039	0.01890	0.05128	0.31715	0.04429	0.01248	0.00878	0.00210	0.14822	0.01014	0.14692	0.00605
4	0.01617	0.03633	0.01418	0.01033	0.01486	0.01116	0.00844	0.14283	0.04889	0.12101	0.01354	0.01439	0.01032	0.00589	0.00583	0.00135	0.05251	0.00445	0.03278	0.43475
5	0.06361	0.03961	0.28349	0.01266	0.03282	0.01090	0.03997	0.01697	0.06682	0.05395	0.12318	0.06904	0.09925	0.00846	0.00593	0.00185	0.00592	0.00710	0.00421	0.05426
6	0.07776	0.01282	0.06603	0.02978	0.06449	0.01246	0.01024	0.05318	0.33424	0.10296	0.09802	0.02224	0.01891	0.00778	0.00586	0.00188	0.00510	0.02304	0.00537	0.04783
7	0.01411	0.01221	0.04894	0.01153	0.01611	0.01046	0.06935	0.08112	0.06685	0.07368	0.03808	0.05931	0.01313	0.00654	0.00600	0.00145	0.04239	0.00547	0.00425	0.41902

[dist]
# distance from previous block
# <min> <max>
2	4

[block]
# block no. 6 follows, 39 sequences, length 60
# corresponding to MSA columns:
# 427-468,470-487
name=unknown_G
#
# <colnr> <probs for GDERKNQSTAVLIFYWHMCP>
#	G	D	E	R	K	N	Q	S	T	A	V	L	I	F	Y	W	H	M	C	P
0	0.01685	0.04497	0.01670	0.01401	0.01632	0.22604	0.01117	0.10137	0.17650	0.01923	0.01337	0.04159	0.01136	0.00839	0.01004	0.00202	0.25305	0.00548	0.00395	0.00760
1	0.01193	0.03017	0.74274	0.01735	0.04419	0.01374	0.02176	0.01871	0.01251	0.01874	0.01063	0.01254	0.00754	0.00561	0.00562	0.00187	0.00870	0.00439	0.00251	0.00876
2	0.01380	0.01528	0.06407	0.11696	0.31619	0.01433	0.33429	0.01817	0.01344	0.01863	0.01140	0.01524	0.00893	0.00524	0.00635	0.00189	0.00851	0.00598	0.00290	0.00840
3	0.00721	0.00515	0.00686	0.00823	0.00858	0.00480	0.00549	0.00823	0.01132	0.01510	0.03259	0.78831	0.03911	0.01853	0.00755	0.00240	0.00343	0.01681	0.00549	0.00480
4	0.01027	0.00514	0.00770	0.00770	0.00770	0.00514	0.00514	0.00770	0.00770	0.01027	0.01027	0.01798	0.01027	0.02054	0.02311	0.82794	0.00514	0.00514	0.00257	0.00257
5	0.00908	0.00620	0.00813	0.00756	0.00908	0.00570	0.00570	0.01185	0.01675	0.05262	0.72352	0.04323	0.05418	0.01190	0.00693	0.00186	0.00288	0.01051	0.00654	0.00576
6	0.01451	0.44670	0.32777	0.01311	0.01957	0.05582	0.01496	0.01841	0.01244	0.01590	0.00924	0.01077	0.00755	0.00534	0.00461	0.00153	0.00752	0.00369	0.00254	0.00802
7	0.01464	0.01405	0.02400	0.03630	0.75528	0.01405	0.01815	0.01815	0.01347	0.01932	0.01112	0.01464	0.00937	0.00527	0.00585	0.00176	0.00703	0.00527	0.00293	0.00937
8	0.00845	0.00634	0.00950	0.00950	0.01056	0.00739	0.00739	0.01056	0.00950	0.01373	0.01584	0.02323	0.01478	0.04435	0.76873	0.00950	0.01584	0.00634	0.00317	0.00528
9	0.02553	0.01168	0.01472	0.01129	0.01590	0.01109	0.00933	0.20446	0.01963	0.57991	0.02106	0.01865	0.01350	0.00726	0.00594	0.00182	0.00540	0.00579	0.00697	0.01006
10	0.01226	0.01051	0.01226	0.00876	0.01401	0.00788	0.00701	0.01489	0.01226	0.01927	0.01051	0.01226	0.00876	0.00438	0.00438	0.00088	0.00438	0.00350	0.00350	0.82832
11	0.02063	0.01961	0.01710	0.01533	0.06789	0.28038	0.01143	0.35671	0.02107	0.02597	0.01220	0.01340	0.00935	0.00677	0.00627	0.00170	0.04654	0.00479	0.05440	0.00843
12	0.02195	0.01605	0.01718	0.01323	0.01781	0.01775	0.01091	0.70221	0.02709	0.03657	0.01443	0.01456	0.01029	0.00709	0.00583	0.00176	0.00633	0.00533	0.04376	0.00985
13	0.00860	0.00573	0.00645	0.00645	0.00645	0.00573	0.00358	0.00860	0.00860	0.01147	0.01863	0.03870	0.02150	0.79217	0.03010	0.00573	0.00573	0.00860	0.00358	0.00358
14	0.01475	0.01265	0.01376	0.01281	0.04154	0.01437	0.00967	0.05462	0.64928	0.02461	0.02304	0.02249	0.01763	0.00802	0.00602	0.00197	0.00484	0.02682	0.00581	0.03531
15	0.01186	0.03059	0.76153	0.01686	0.02560	0.01373	0.02185	0.01873	0.01249	0.01873	0.01061	0.01249	0.00749	0.00562	0.00562	0.00187	0.00874	0.00437	0.00250	0.00874
16	0.00721	0.00515	0.00686	0.00823	0.00858	0.00480	0.00549	0.00823	0.01132	0.01510	0.03259	0.78831	0.03911	0.01853	0.00755	0.00240	0.00343	0.01681	0.00549	0.00480
17	0.00721	0.00515	0.00686	0.00823	0.00858	0.00480	0.00549	0.00823	0.01132	0.01510	0.03259	0.78831	0.03911	0.01853	0.00755	0.00240	0.00343	0.01681	0.00549	0.00480
18	0.02248	0.01656	0.01775	0.01361	0.01834	0.01834	0.01124	0.73556	0.02780	0.03727	0.01420	0.01420	0.01006	0.00710	0.00592	0.00177	0.00651	0.00532	0.00592	0.01006
19	0.01559	0.77199	0.03030	0.01004	0.01499	0.02286	0.00998	0.01751	0.01216	0.01421	0.03058	0.01053	0.00904	0.00527	0.00389	0.00128	0.00622	0.00339	0.00265	0.00753
20	0.01186	0.03059	0.76153	0.01686	0.02560	0.01373	0.02185	0.01873	0.01249	0.01873	0.01061	0.01249	0.00749	0.00562	0.00562	0.00187	0.00874	0.00437	0.00250	0.00874
21	0.01373	0.01521	0.03119	0.05065	0.06234	0.01534	0.56393	0.01804	0.01310	0.01810	0.01122	0.01542	0.00877	0.00586	0.00881	0.00207	0.12898	0.00656	0.00291	0.00776
22	0.01416	0.01223	0.01285	0.01161	0.01485	0.01402	0.00901	0.02979	0.69260	0.02412	0.02662	0.02454	0.07031	0.00852	0.00609	0.00201	0.00456	0.00710	0.00598	0.00905
23	0.02209	0.02819	0.01676	0.01524	0.01828	0.76843	0.01143	0.02361	0.01676	0.01447	0.00914	0.01066	0.00762	0.00609	0.00533	0.00152	0.01066	0.00381	0.00305	0.00686
24	0.01117	0.01051	0.01774	0.77795	0.04073	0.01314	0.01642	0.01511	0.01182	0.01511	0.01051	0.01577	0.00788	0.00591	0.00591	0.00197	0.00788	0.00526	0.00263	0.00657
25	0.01215	0.02859	0.66245	0.01796	0.02632	0.01390	0.11893	0.01876	0.01269	0.01876	0.01080	0.01296	0.00769	0.00553	0.00580	0.00189	0.00891	0.00473	0.00256	0.00864
26	0.00837	0.00604	0.00790	0.00744	0.00883	0.00558	0.00558	0.01116	0.01674	0.02371	0.75216	0.04417	0.05580	0.01209	0.00697	0.00186	0.00279	0.01069	0.00651	0.00558
27	0.00721	0.00515	0.00686	0.00823	0.00858	0.00480	0.00549	0.00823	0.01132	0.01510	0.03259	0.78831	0.03911	0.01853	0.00755	0.00240	0.00343	0.01681	0.00549	0.00480
28	0.00845	0.00595	0.00769	0.00873	0.00947	0.00577	0.00626	0.04454	0.01249	0.01687	0.03089	0.61551	0.03586	0.01711	0.00739	0.00237	0.00382	0.11097	0.04468	0.00518
29	0.01027	0.00514	0.00770	0.00770	0.00770	0.00514	0.00514	0.00770	0.00770	0.01027	0.01027	0.01798	0.01027	0.02054	0.02311	0.82794	0.00514	0.00514	0.00257	0.00257
30	0.00724	0.00518	0.00690	0.00821	0.00859	0.00483	0.00549	0.00833	0.01149	0.01537	0.05547	0.76465	0.03964	0.01832	0.00753	0.00238	0.00341	0.01662	0.00552	0.00483
31	0.01464	0.01405	0.02400	0.03630	0.75528	0.01405	0.01815	0.01815	0.01347	0.01932	0.01112	0.01464	0.00937	0.00527	0.00585	0.00176	0.00703	0.00527	0.00293	0.00937
32	0.01393	0.01587	0.03442	0.02466	0.03047	0.01504	0.71347	0.01881	0.01382	0.01881	0.01185	0.01587	0.00894	0.00514	0.00733	0.00201	0.03172	0.00693	0.00298	0.00793
33	0.01027	0.00514	0.00770	0.00770	0.00770	0.00514	0.00514	0.00770	0.00770	0.01027	0.01027	0.01798	0.01027	0.02054	0.02311	0.82794	0.00514	0.00514	0.00257	0.00257
34	0.01581	0.79572	0.03099	0.01012	0.01518	0.02340	0.01012	0.01771	0.01202	0.01391	0.00822	0.00949	0.00759	0.00506	0.00379	0.00126	0.00632	0.00316	0.00253	0.00759
35	0.02227	0.01507	0.01665	0.01282	0.01748	0.01615	0.01055	0.55694	0.05846	0.14989	0.01592	0.01541	0.01109	0.00705	0.00585	0.00175	0.00609	0.00540	0.00603	0.04914
36	0.01425	0.00837	0.00913	0.03090	0.01097	0.00881	0.00641	0.17505	0.01594	0.06094	0.01798	0.02006	0.01377	0.00812	0.02898	0.00176	0.00427	0.00551	0.55200	0.00677
37	0.00837	0.00604	0.00790	0.00744	0.00883	0.00558	0.00558	0.01116	0.01674	0.02371	0.75216	0.04417	0.05580	0.01209	0.00697	0.00186	0.00279	0.01069	0.00651	0.00558
38	0.00860	0.00575	0.00655	0.00655	0.00658	0.00579	0.00370	0.00866	0.00863	0.01154	0.01854	0.03821	0.02129	0.76840	0.05357	0.00585	0.00605	0.00853	0.00357	0.00364
39	0.83394	0.01144	0.00869	0.00778	0.01144	0.01327	0.00640	0.01738	0.01006	0.02653	0.00823	0.00961	0.00640	0.00549	0.00366	0.00183	0.00457	0.00320	0.00366	0.00640
40	0.02063	0.05345	0.01733	0.01277	0.01716	0.01721	0.01057	0.62218	0.02584	0.03466	0.09372	0.01721	0.01488	0.00754	0.00593	0.00176	0.00610	0.00580	0.00581	0.00945
41	0.01261	0.06204	0.46010	0.01755	0.02392	0.01528	0.13366	0.01781	0.01201	0.01763	0.01014	0.01299	0.00779	0.00644	0.00852	0.00201	0.16393	0.00489	0.00260	0.00811
42	0.00712	0.00600	0.00617	0.00613	0.00807	0.00505	0.00459	0.00874	0.01378	0.01669	0.12421	0.05573	0.68813	0.01471	0.00699	0.00198	0.00298	0.01232	0.00559	0.00505
43	0.01185	0.01121	0.01897	0.63198	0.18136	0.01332	0.01676	0.01571	0.01215	0.01594	0.01063	0.01554	0.00818	0.00579	0.00590	0.00193	0.00771	0.00526	0.00269	0.00712
44	0.04323	0.01461	0.01561	0.01243	0.01669	0.05164	0.01009	0.41035	0.10477	0.20046	0.01775	0.04658	0.01295	0.00761	0.00591	0.00183	0.00599	0.00594	0.00604	0.00952
45	0.01471	0.01270	0.01337	0.01203	0.01538	0.01471	0.00936	0.03142	0.74459	0.02474	0.02407	0.02206	0.01805	0.00802	0.00602	0.00201	0.00468	0.00669	0.00602	0.00936
46	0.09007	0.03335	0.04073	0.01181	0.01579	0.01494	0.00982	0.24389	0.32689	0.02768	0.01813	0.01882	0.01386	0.00740	0.00562	0.00184	0.00535	0.02811	0.03778	0.04812
47	0.01544	0.67651	0.12678	0.01113	0.01662	0.04011	0.01169	0.01798	0.01219	0.01456	0.00856	0.00991	0.00758	0.00516	0.00407	0.00135	0.00675	0.00334	0.00254	0.00772
48	0.01429	0.46339	0.29312	0.01253	0.01871	0.01880	0.01419	0.01800	0.01218	0.03324	0.00981	0.01148	0.00806	0.00719	0.04107	0.00189	0.00762	0.00382	0.00266	0.00795
49	0.00855	0.00637	0.00799	0.00753	0.00908	0.00598	0.00566	0.01191	0.05284	0.02301	0.64850	0.04431	0.12161	0.01217	0.00693	0.00188	0.00290	0.01067	0.00639	0.00571
50	0.00732	0.00523	0.00699	0.00836	0.00875	0.00490	0.00568	0.00843	0.01143	0.01522	0.03253	0.75381	0.03887	0.01842	0.00758	0.00242	0.00353	0.05021	0.00549	0.00483
51	0.02167	0.01582	0.01706	0.01327	0.01778	0.01746	0.01089	0.65934	0.06123	0.05327	0.01554	0.04191	0.01157	0.00755	0.00598	0.00181	0.00628	0.00581	0.00594	0.00984
52	0.02502	0.04800	0.01554	0.01128	0.01592	0.01180	0.00940	0.20649	0.01944	0.54287	0.02033	0.01814	0.01316	0.00716	0.00584	0.00179	0.00546	0.00566	0.00674	0.00995
53	0.00721	0.00515	0.00686	0.00823	0.00858	0.00480	0.00549	0.00823	0.01132	0.01510	0.03259	0.78831	0.03911	0.01853	0.00755	0.00240	0.00343	0.01681	0.00549	0.00480
54	0.01219	0.01156	0.01959	0.55849	0.25217	0.01341	0.01693	0.01601	0.01231	0.01636	0.01069	0.01543	0.00832	0.00572	0.00590	0.00191	0.00763	0.00526	0.00272	0.00740
55	0.01102	0.01012	0.01687	0.72036	0.03826	0.01254	0.01555	0.01481	0.01183	0.01538	0.01164	0.04336	0.00927	0.00640	0.00590	0.00196	0.00752	0.00567	0.03504	0.00647
56	0.01279	0.01274	0.01783	0.01534	0.01535	0.01778	0.01275	0.01408	0.00911	0.01425	0.00839	0.03255	0.00856	0.01056	0.01911	0.00258	0.76167	0.00547	0.00266	0.00643
57	0.02177	0.01607	0.01723	0.01331	0.01784	0.01779	0.01092	0.68982	0.04769	0.03600	0.01464	0.01528	0.01069	0.03471	0.00677	0.00192	0.00643	0.00548	0.00584	0.00981
58	0.01794	0.01356	0.01451	0.01188	0.01563	0.01493	0.00955	0.43884	0.18086	0.03058	0.02154	0.07102	0.07439	0.00869	0.00604	0.00186	0.00543	0.00697	0.04686	0.00892
59	0.03978	0.00928	0.01087	0.02346	0.01268	0.02423	0.00752	0.03300	0.12386	0.15555	0.18973	0.10199	0.10537	0.01029	0.00674	0.00189	0.03151	0.02266	0.00569	0.08390

[dist]
# distance from previous block
# <min> <max>
12	14

[block]
# block no. 7 follows, 39 sequences, length 9
# corresponding to MSA columns:
# 502-510
name=unknown_H
#
# <colnr> <probs for GDERKNQSTAVLIFYWHMCP>
#	G	D	E	R	K	N	Q	S	T	A	V	L	I	F	Y	W	H	M	C	P
0	0.01563	0.01715	0.07644	0.09392	0.46635	0.12644	0.01662	0.05511	0.04051	0.01928	0.01135	0.01423	0.00918	0.00566	0.00577	0.00176	0.00766	0.00504	0.00315	0.00874
1	0.04672	0.06226	0.01908	0.01647	0.09013	0.26679	0.06506	0.24846	0.05900	0.02351	0.01363	0.01468	0.03483	0.00659	0.00565	0.00170	0.00790	0.00507	0.00418	0.00830
2	0.09334	0.01319	0.02001	0.37177	0.25427	0.06055	0.06979	0.01708	0.01262	0.01776	0.01050	0.01452	0.00826	0.00562	0.00572	0.00187	0.00763	0.00510	0.00287	0.00753
3	0.37763	0.06331	0.10223	0.05249	0.06979	0.01242	0.00976	0.01715	0.01118	0.08788	0.01141	0.01504	0.00942	0.08796	0.00811	0.04353	0.00574	0.00451	0.00361	0.00684
4	0.10613	0.01347	0.01472	0.01262	0.05226	0.07813	0.03037	0.13157	0.05859	0.08744	0.01426	0.01586	0.03303	0.02954	0.00716	0.00173	0.07347	0.00495	0.00429	0.23041
5	0.06341	0.01043	0.01502	0.27352	0.04330	0.01120	0.04976	0.07308	0.01290	0.01845	0.01474	0.08652	0.03795	0.01005	0.05163	0.03385	0.02945	0.00627	0.00354	0.15493
6	0.02964	0.03073	0.01030	0.07639	0.01225	0.00733	0.03422	0.01085	0.01074	0.04099	0.09436	0.08077	0.08046	0.14335	0.05859	0.25706	0.00575	0.00777	0.00384	0.00463
7	0.01795	0.13221	0.05923	0.01400	0.05969	0.06789	0.01145	0.27175	0.11838	0.06394	0.01653	0.01969	0.02693	0.00768	0.00613	0.00182	0.02752	0.06371	0.00480	0.00869
8	0.06529	0.03998	0.01715	0.04480	0.16908	0.24950	0.01206	0.10015	0.01578	0.04052	0.05388	0.01889	0.03049	0.00750	0.00675	0.00182	0.06497	0.04994	0.00384	0.00758

[dist]
# distance from previous block
# <min> <max>
7	14

[block]
# block no. 8 follows, 39 sequences, length 14
# corresponding to MSA columns:
# 528-541
name=unknown_I
#
# <colnr> <probs for GDERKNQSTAVLIFYWHMCP>
#	G	D	E	R	K	N	Q	S	T	A	V	L	I	F	Y	W	H	M	C	P
0	0.01766	0.15389	0.04983	0.06531	0.01812	0.37609	0.01103	0.07032	0.03535	0.01642	0.01337	0.01572	0.04948	0.04225	0.03909	0.00211	0.00878	0.00479	0.00335	0.00703
1	0.04856	0.01150	0.01314	0.01092	0.01430	0.01189	0.02134	0.28833	0.07924	0.05042	0.10333	0.17560	0.02172	0.00963	0.00611	0.00182	0.00496	0.00812	0.00550	0.11357
2	0.01469	0.04853	0.23283	0.02447	0.31232	0.06130	0.09561	0.02014	0.07151	0.04406	0.01228	0.01451	0.00948	0.00567	0.00582	0.00180	0.00778	0.00517	0.00320	0.00884
3	0.46843	0.17373	0.04692	0.04827	0.01454	0.04169	0.00858	0.04817	0.01182	0.02275	0.00950	0.01111	0.00757	0.00561	0.00408	0.00168	0.00546	0.00362	0.05962	0.00687
4	0.01142	0.03990	0.01054	0.00945	0.01173	0.10666	0.00735	0.04008	0.10502	0.01796	0.06000	0.13181	0.26011	0.02986	0.00715	0.00209	0.00493	0.10377	0.00506	0.03513
5	0.05746	0.06891	0.06110	0.05629	0.10801	0.07306	0.14662	0.13008	0.05190	0.02088	0.01444	0.07988	0.02766	0.00748	0.00703	0.00191	0.06929	0.00637	0.00379	0.00786
6	0.13290	0.36939	0.15093	0.04452	0.01803	0.05109	0.01202	0.09898	0.01396	0.04553	0.00998	0.01125	0.00794	0.00561	0.00456	0.00157	0.00672	0.00384	0.00326	0.00791
7	0.01389	0.01041	0.01201	0.01122	0.03324	0.01110	0.00827	0.27168	0.09432	0.02443	0.06256	0.29626	0.02518	0.06880	0.00838	0.00234	0.00495	0.02815	0.00554	0.00726
8	0.04181	0.00625	0.00822	0.03265	0.00928	0.00647	0.00559	0.04616	0.00956	0.01347	0.01369	0.07370	0.01406	0.14457	0.02020	0.50062	0.00515	0.00646	0.03842	0.00367
9	0.02088	0.15358	0.01935	0.01377	0.01750	0.38442	0.01111	0.20138	0.01837	0.05243	0.01081	0.01187	0.00854	0.00643	0.00593	0.00161	0.04605	0.00424	0.00384	0.00791
10	0.01424	0.01365	0.02329	0.12074	0.67392	0.01395	0.01795	0.01780	0.01328	0.01884	0.01105	0.01477	0.00920	0.00534	0.00586	0.00178	0.00712	0.00527	0.00289	0.00905
11	0.05913	0.01414	0.01984	0.15083	0.43024	0.08582	0.01543	0.04831	0.01395	0.01915	0.01313	0.01853	0.02487	0.00649	0.00588	0.00184	0.00717	0.05377	0.00328	0.00818
12	0.01901	0.01565	0.06849	0.05388	0.01951	0.01584	0.05091	0.43008	0.03730	0.07185	0.01392	0.01492	0.01013	0.00696	0.00686	0.00181	0.06699	0.00532	0.04066	0.04991
13	0.01392	0.01271	0.01692	0.25213	0.18557	0.06429	0.01338	0.10399	0.05747	0.01980	0.01620	0.04222	0.04234	0.00756	0.00604	0.00187	0.00675	0.06743	0.00382	0.06559

[dist]
# distance from previous block
# <min> <max>
0	3

[block]
# block no. 9 follows, 39 sequences, length 106
# corresponding to MSA columns:
# 545-605,614-632,635-660
name=unknown_J
#
# <colnr> <probs for GDERKNQSTAVLIFYWHMCP>
#	G	D	E	R	K	N	Q	S	T	A	V	L	I	F	Y	W	H	M	C	P
0	0.12320	0.15906	0.01691	0.01136	0.01534	0.07703	0.00941	0.16924	0.22802	0.04503	0.01596	0.01599	0.02797	0.00767	0.02333	0.00189	0.00606	0.00506	0.00468	0.03677
1	0.48874	0.01524	0.01202	0.01051	0.01379	0.16599	0.00844	0.08124	0.01308	0.04126	0.00948	0.01103	0.00747	0.00627	0.00569	0.00182	0.07680	0.00380	0.02044	0.00689
2	0.01408	0.04320	0.01310	0.00958	0.01406	0.00971	0.00766	0.05217	0.10749	0.08845	0.01547	0.08274	0.01319	0.00653	0.00506	0.00130	0.00458	0.00539	0.00443	0.50180
3	0.01201	0.01029	0.01226	0.04071	0.01490	0.00797	0.00734	0.01462	0.01221	0.01892	0.01143	0.04482	0.00999	0.00503	0.00458	0.00099	0.00449	0.00413	0.00355	0.75977
4	0.01216	0.08354	0.67903	0.01605	0.02438	0.01417	0.02041	0.01850	0.01244	0.01841	0.01044	0.01227	0.00755	0.00553	0.00544	0.00179	0.00839	0.00425	0.00254	0.04272
5	0.01381	0.01637	0.06404	0.02400	0.02971	0.01510	0.65867	0.01864	0.01359	0.01864	0.01164	0.01562	0.00884	0.00535	0.00771	0.00203	0.05864	0.00676	0.00295	0.00791
6	0.01464	0.01405	0.02400	0.03630	0.75528	0.01405	0.01815	0.01815	0.01347	0.01932	0.01112	0.01464	0.00937	0.00527	0.00585	0.00176	0.00703	0.00527	0.00293	0.00937
7	0.00765	0.00602	0.00691	0.00668	0.00839	0.00527	0.00501	0.00976	0.01504	0.01967	0.39058	0.05083	0.41989	0.01360	0.00698	0.00193	0.00290	0.01163	0.00598	0.00527
8	0.00721	0.00515	0.00686	0.00823	0.00858	0.00480	0.00549	0.00823	0.01132	0.01510	0.03259	0.78831	0.03911	0.01853	0.00755	0.00240	0.00343	0.01681	0.00549	0.00480
9	0.00721	0.00515	0.00686	0.00823	0.00858	0.00480	0.00549	0.00823	0.01132	0.01510	0.03259	0.78831	0.03911	0.01853	0.00755	0.00240	0.00343	0.01681	0.00549	0.00480
10	0.00724	0.00516	0.00685	0.00819	0.00852	0.00483	0.00544	0.00824	0.01125	0.01500	0.03224	0.76920	0.03866	0.03825	0.00812	0.00249	0.00349	0.01660	0.00544	0.00477
11	0.01102	0.00551	0.00551	0.00551	0.00689	0.00551	0.00413	0.01378	0.01240	0.02205	0.01929	0.02205	0.01516	0.00689	0.00413	0.00138	0.00276	0.00551	0.82500	0.00551
12	0.83394	0.01144	0.00869	0.00778	0.01144	0.01327	0.00640	0.01738	0.01006	0.02653	0.00823	0.00961	0.00640	0.00549	0.00366	0.00183	0.00457	0.00320	0.00366	0.00640
13	0.01409	0.01080	0.01269	0.00918	0.01435	0.00853	0.00739	0.05562	0.01353	0.08577	0.01185	0.01307	0.00935	0.00479	0.00460	0.00101	0.00455	0.00382	0.00397	0.71104
14	0.01292	0.01049	0.01233	0.00884	0.01406	0.00792	0.00708	0.01553	0.01248	0.05317	0.01110	0.01262	0.00903	0.00451	0.00445	0.00092	0.00441	0.00362	0.00368	0.79084
15	0.83394	0.01144	0.00869	0.00778	0.01144	0.01327	0.00640	0.01738	0.01006	0.02653	0.00823	0.00961	0.00640	0.00549	0.00366	0.00183	0.00457	0.00320	0.00366	0.00640
16	0.00721	0.00515	0.00686	0.00823	0.00858	0.00480	0.00549	0.00823	0.01132	0.01510	0.03259	0.78831	0.03911	0.01853	0.00755	0.00240	0.00343	0.01681	0.00549	0.00480
17	0.83394	0.01144	0.00869	0.00778	0.01144	0.01327	0.00640	0.01738	0.01006	0.02653	0.00823	0.00961	0.00640	0.00549	0.00366	0.00183	0.00457	0.00320	0.00366	0.00640
18	0.01464	0.01405	0.02400	0.03630	0.75528	0.01405	0.01815	0.01815	0.01347	0.01932	0.01112	0.01464	0.00937	0.00527	0.00585	0.00176	0.00703	0.00527	0.00293	0.00937
19	0.01471	0.01270	0.01337	0.01203	0.01538	0.01471	0.00936	0.03142	0.74459	0.02474	0.02407	0.02206	0.01805	0.00802	0.00602	0.00201	0.00468	0.00669	0.00602	0.00936
20	0.01471	0.01270	0.01337	0.01203	0.01538	0.01471	0.00936	0.03142	0.74459	0.02474	0.02407	0.02206	0.01805	0.00802	0.00602	0.00201	0.00468	0.00669	0.00602	0.00936
21	0.00721	0.00515	0.00686	0.00823	0.00858	0.00480	0.00549	0.00823	0.01132	0.01510	0.03259	0.78831	0.03911	0.01853	0.00755	0.00240	0.00343	0.01681	0.00549	0.00480
22	0.06025	0.01012	0.01351	0.01041	0.01494	0.00888	0.00860	0.02834	0.01664	0.72877	0.02270	0.01969	0.01430	0.00724	0.00585	0.00183	0.00501	0.00583	0.00717	0.00991
23	0.01294	0.01294	0.01811	0.01553	0.01553	0.01811	0.01294	0.01423	0.00906	0.01423	0.00776	0.01294	0.00776	0.01035	0.01941	0.00259	0.78134	0.00518	0.00259	0.00647
24	0.00818	0.00604	0.00765	0.00724	0.00872	0.00550	0.00543	0.01080	0.01630	0.02267	0.65846	0.04590	0.15015	0.01248	0.00698	0.00188	0.00282	0.01094	0.00637	0.00550
25	0.02616	0.01015	0.01371	0.01057	0.01511	0.00888	0.00871	0.02890	0.03975	0.73633	0.02335	0.02019	0.01475	0.00734	0.00595	0.00184	0.00502	0.00597	0.00728	0.01004
26	0.02653	0.01006	0.01372	0.01052	0.01510	0.00869	0.00869	0.02882	0.01693	0.75937	0.02333	0.02013	0.01464	0.00732	0.00595	0.00183	0.00503	0.00595	0.00732	0.01006
27	0.01393	0.01362	0.02406	0.16954	0.54666	0.01398	0.09594	0.01768	0.01322	0.01852	0.01110	0.01499	0.00906	0.00535	0.00599	0.00182	0.00750	0.00545	0.00288	0.00871
28	0.01294	0.01294	0.01811	0.01553	0.01553	0.01811	0.01294	0.01423	0.00906	0.01423	0.00776	0.01294	0.00776	0.01035	0.01941	0.00259	0.78134	0.00518	0.00259	0.00647
