[name]
unknown

[dist]
# distance from previous block
# <min> <max>
17	61

[block]
# block no. 0 follows, 38 sequences, length 20
# corresponding to MSA columns:
# 68-87
name=unknown_A
#
# <colnr> <probs for GDERKNQSTAVLIFYWHMCP>
#	G	D	E	R	K	N	Q	S	T	A	V	L	I	F	Y	W	H	M	C	P
0	0.09620	0.13181	0.03213	0.01033	0.01370	0.09285	0.00855	0.15133	0.03871	0.06987	0.04662	0.07422	0.08145	0.06098	0.00718	0.00203	0.00574	0.00668	0.06231	0.00731
1	0.15867	0.01584	0.09204	0.04818	0.01802	0.06338	0.02972	0.21750	0.06837	0.06293	0.01379	0.03193	0.01055	0.00660	0.00536	0.00173	0.00626	0.00506	0.03663	0.10744
2	0.01972	0.07630	0.09818	0.01490	0.07031	0.09292	0.03278	0.21311	0.01825	0.17198	0.01405	0.01456	0.01015	0.00639	0.00590	0.00168	0.02353	0.00493	0.00470	0.10566
3	0.08011	0.07075	0.05253	0.05312	0.01867	0.07358	0.03652	0.29592	0.09021	0.04336	0.01456	0.05393	0.01162	0.00713	0.00564	0.00176	0.00654	0.00559	0.00475	0.07369
4	0.09802	0.10993	0.14709	0.03150	0.01949	0.17317	0.07028	0.10926	0.03597	0.05286	0.04721	0.01440	0.01107	0.00628	0.00543	0.00170	0.00760	0.00482	0.00382	0.05010
5	0.30238	0.05257	0.08945	0.03131	0.01619	0.01503	0.01025	0.21579	0.06319	0.04258	0.01375	0.01466	0.03060	0.00677	0.00552	0.00185	0.03328	0.00477	0.04203	0.00804
6	0.04244	0.02850	0.03506	0.11265	0.01797	0.01164	0.04441	0.09891	0.01504	0.02102	0.10193	0.20265	0.05660	0.07482	0.01035	0.00267	0.07580	0.00968	0.00504	0.03282
7	0.21540	0.02831	0.01006	0.00849	0.01104	0.00948	0.00647	0.07051	0.01376	0.10545	0.14946	0.10023	0.04149	0.15335	0.01026	0.00260	0.00463	0.00773	0.00503	0.04626
8	0.01339	0.02449	0.44418	0.04021	0.06287	0.01459	0.23711	0.05563	0.01399	0.02002	0.01143	0.01406	0.00832	0.00559	0.00617	0.00193	0.00905	0.00537	0.00290	0.00870
9	0.01045	0.00522	0.00784	0.00784	0.00784	0.00522	0.00522	0.00784	0.00784	0.01045	0.01045	0.01829	0.01045	0.02090	0.02351	0.82497	0.00522	0.00522	0.00261	0.00261
10	0.01388	0.05185	0.11456	0.06288	0.08048	0.01548	0.48881	0.01865	0.01351	0.01857	0.01146	0.01525	0.00879	0.00553	0.00739	0.00200	0.05356	0.00631	0.00292	0.00812
11	0.00848	0.00707	0.00812	0.06133	0.01148	0.00676	0.00626	0.01192	0.08538	0.01837	0.16654	0.08722	0.45714	0.01362	0.00699	0.00204	0.00361	0.02633	0.00561	0.00573
12	0.00738	0.00532	0.00700	0.00825	0.00872	0.00493	0.00555	0.00854	0.01189	0.01585	0.07130	0.71890	0.06737	0.01837	0.00763	0.00240	0.00344	0.01661	0.00564	0.00493
13	0.01649	0.01368	0.01446	0.01255	0.01623	0.01568	0.00989	0.16722	0.60244	0.02763	0.02254	0.02090	0.01679	0.00798	0.00610	0.00199	0.00512	0.00653	0.00610	0.00966
14	0.01485	0.01602	0.10315	0.13229	0.45164	0.01463	0.06805	0.08939	0.01486	0.02080	0.01155	0.01486	0.00916	0.00565	0.00602	0.00185	0.00761	0.00539	0.00320	0.00904
15	0.01422	0.01377	0.07251	0.11156	0.02283	0.03630	0.21170	0.04260	0.01338	0.09835	0.01613	0.14424	0.01473	0.02774	0.00932	0.00223	0.12926	0.00783	0.00392	0.00737
16	0.02247	0.02867	0.01705	0.01550	0.01860	0.76443	0.01162	0.02402	0.01705	0.01472	0.00930	0.01085	0.00775	0.00620	0.00542	0.00155	0.01085	0.00387	0.00310	0.00697
17	0.00889	0.00620	0.00749	0.00739	0.00756	0.00656	0.00461	0.00927	0.00891	0.01213	0.01810	0.03592	0.02028	0.64292	0.14552	0.00632	0.03611	0.00826	0.00354	0.00403
18	0.02190	0.01637	0.01751	0.01365	0.01829	0.01821	0.01120	0.64573	0.11512	0.03636	0.01567	0.01542	0.01122	0.00734	0.00603	0.00183	0.00639	0.00559	0.00603	0.01014
19	0.02287	0.01685	0.01805	0.01384	0.01866	0.01866	0.01143	0.73100	0.02828	0.03791	0.01444	0.01444	0.01023	0.00722	0.00602	0.00181	0.00662	0.00542	0.00602	0.01023

[dist]
# distance from previous block
# <min> <max>
0	1

[block]
# block no. 1 follows, 38 sequences, length 31
# corresponding to MSA columns:
# 89-119
name=unknown_B
#
# <colnr> <probs for GDERKNQSTAVLIFYWHMCP>
#	G	D	E	R	K	N	Q	S	T	A	V	L	I	F	Y	W	H	M	C	P
0	0.00711	0.00609	0.00609	0.00609	0.00813	0.00508	0.00457	0.00863	0.01371	0.01625	0.06094	0.05789	0.74862	0.01524	0.00711	0.00203	0.00305	0.01270	0.00559	0.00508
1	0.01182	0.01149	0.01839	0.61150	0.03645	0.03660	0.04972	0.01543	0.01201	0.01545	0.01147	0.04992	0.00947	0.00696	0.00738	0.00207	0.07848	0.00590	0.00283	0.00667
2	0.01000	0.00713	0.00917	0.04043	0.01159	0.00726	0.00699	0.07648	0.03633	0.04433	0.02934	0.61355	0.03348	0.01632	0.00763	0.00234	0.02175	0.01456	0.00552	0.00583
3	0.01447	0.01534	0.01823	0.01575	0.01619	0.12334	0.01295	0.01582	0.01031	0.01451	0.00809	0.01284	0.00788	0.00992	0.01773	0.00248	0.66974	0.00507	0.00270	0.00664
4	0.01432	0.01162	0.01321	0.03345	0.01549	0.04388	0.00804	0.01728	0.03189	0.08660	0.01209	0.01352	0.00959	0.00514	0.00521	0.00113	0.02867	0.00400	0.00391	0.64098
5	0.01359	0.01398	0.01717	0.06906	0.01724	0.10518	0.02639	0.01511	0.01042	0.01439	0.00966	0.01593	0.00945	0.08208	0.04460	0.00299	0.51809	0.00550	0.00281	0.00635
6	0.00862	0.00688	0.00784	0.00783	0.00953	0.00657	0.00577	0.01254	0.11588	0.01930	0.22423	0.20942	0.31469	0.01429	0.00709	0.00209	0.00333	0.01238	0.00592	0.00581
7	0.00733	0.00524	0.00698	0.00838	0.00873	0.00489	0.00558	0.00838	0.01152	0.01536	0.03316	0.78466	0.03979	0.01885	0.00768	0.00244	0.00349	0.01710	0.00558	0.00489
8	0.00774	0.00531	0.00690	0.00809	0.00858	0.00499	0.00546	0.00902	0.01186	0.01639	0.06311	0.68257	0.03830	0.01748	0.00733	0.00232	0.00340	0.01578	0.08039	0.00499
9	0.00787	0.00573	0.00691	0.00754	0.00826	0.00535	0.00511	0.00894	0.01166	0.01517	0.07237	0.34905	0.18379	0.22455	0.01374	0.00326	0.00412	0.05678	0.00511	0.00467
10	0.00835	0.00612	0.00783	0.00746	0.00890	0.00560	0.00557	0.01102	0.01656	0.02315	0.66420	0.06878	0.11846	0.01276	0.00711	0.00192	0.00288	0.01123	0.00650	0.00560
11	0.01605	0.01245	0.01361	0.01213	0.01555	0.01400	0.00962	0.08207	0.56145	0.08520	0.02435	0.02585	0.01896	0.00881	0.00631	0.00208	0.00500	0.07109	0.00617	0.00927
12	0.00944	0.00702	0.00966	0.00945	0.01094	0.00680	0.03871	0.01293	0.07625	0.03725	0.31743	0.30401	0.04233	0.01423	0.00731	0.00219	0.00386	0.07830	0.00597	0.00593
13	0.01350	0.01133	0.01302	0.00947	0.01470	0.00921	0.00760	0.08123	0.03658	0.02145	0.01147	0.01297	0.00933	0.00482	0.00465	0.00101	0.00466	0.00383	0.00387	0.72531
14	0.01045	0.00522	0.00784	0.00784	0.00784	0.00522	0.00522	0.00784	0.00784	0.01045	0.01045	0.01829	0.01045	0.02090	0.02351	0.82497	0.00522	0.00522	0.00261	0.00261
15	0.01782	0.01238	0.01342	0.01092	0.01427	0.01355	0.00880	0.43991	0.02153	0.03050	0.01619	0.01833	0.01250	0.03550	0.07770	0.00256	0.00642	0.00567	0.23374	0.00827
16	0.83108	0.01163	0.00884	0.00791	0.01163	0.01350	0.00651	0.01768	0.01024	0.02699	0.00838	0.00977	0.00651	0.00558	0.00372	0.00186	0.00465	0.00326	0.00372	0.00651
17	0.01207	0.03112	0.75741	0.01715	0.02604	0.01397	0.02223	0.01905	0.01270	0.01905	0.01080	0.01270	0.00762	0.00572	0.00572	0.00191	0.00889	0.00445	0.00254	0.00889
18	0.09658	0.01512	0.01614	0.01256	0.01704	0.01652	0.01032	0.55812	0.02462	0.10505	0.01506	0.01538	0.01076	0.02274	0.00624	0.00188	0.00614	0.00535	0.03479	0.00960
19	0.01152	0.01100	0.01901	0.73278	0.04088	0.01347	0.05605	0.01559	0.01215	0.01559	0.01077	0.01605	0.00808	0.00596	0.00607	0.00201	0.00814	0.00544	0.00269	0.00676
20	0.02259	0.01671	0.01790	0.01378	0.01855	0.01852	0.01137	0.70620	0.05354	0.03746	0.01480	0.01473	0.01052	0.00725	0.00602	0.00181	0.00655	0.00547	0.00602	0.01021
21	0.00739	0.00530	0.00692	0.00819	0.00860	0.00494	0.00545	0.00841	0.01148	0.01522	0.03372	0.71664	0.07056	0.05544	0.00875	0.00259	0.00358	0.01651	0.00549	0.00484
22	0.01035	0.00807	0.01159	0.01437	0.11834	0.00803	0.01048	0.01350	0.03330	0.01827	0.03137	0.05811	0.09596	0.01465	0.00780	0.00254	0.00552	0.52639	0.00519	0.00618
23	0.01636	0.03359	0.01986	0.23050	0.29752	0.15313	0.01512	0.01983	0.03306	0.08668	0.01233	0.01526	0.00961	0.00689	0.02351	0.00199	0.00801	0.00516	0.00342	0.00820
24	0.01290	0.18138	0.58734	0.01574	0.02357	0.01608	0.01954	0.01868	0.01248	0.01792	0.01021	0.01211	0.00765	0.00577	0.00584	0.00181	0.03562	0.00423	0.00255	0.00858
25	0.00754	0.00588	0.00685	0.00709	0.00851	0.00519	0.00513	0.00929	0.01401	0.01810	0.23561	0.24759	0.37690	0.01542	0.00726	0.00210	0.00311	0.01339	0.00586	0.00519
26	0.05800	0.01394	0.04897	0.01330	0.03458	0.01351	0.04638	0.26009	0.09594	0.29533	0.04465	0.01840	0.01411	0.00729	0.00602	0.00187	0.00594	0.00593	0.00610	0.00965
27	0.03780	0.04229	0.06613	0.11784	0.04824	0.05799	0.15757	0.01768	0.07874	0.01746	0.01373	0.09063	0.01240	0.00914	0.02676	0.00231	0.18587	0.00671	0.00341	0.00729
28	0.01020	0.00672	0.00859	0.00883	0.01014	0.00644	0.00641	0.04682	0.03677	0.07588	0.18896	0.45505	0.05552	0.01545	0.00731	0.00224	0.00374	0.04303	0.00599	0.00591
29	0.01023	0.00677	0.00861	0.00797	0.00973	0.00627	0.00602	0.03815	0.01673	0.07936	0.55038	0.10214	0.10940	0.01252	0.00702	0.00194	0.00322	0.01096	0.00649	0.00608
30	0.05611	0.01505	0.04354	0.01563	0.08478	0.08165	0.06016	0.13478	0.13341	0.22049	0.03277	0.01750	0.01303	0.00722	0.00683	0.00191	0.05506	0.00576	0.00525	0.00907

[dist]
# distance from previous block
# <min> <max>
0	1

[block]
# block no. 2 follows, 38 sequences, length 28
# corresponding to MSA columns:
# 122-149
name=unknown_C
#
# <colnr> <probs for GDERKNQSTAVLIFYWHMCP>
#	G	D	E	R	K	N	Q	S	T	A	V	L	I	F	Y	W	H	M	C	P
0	0.01585	0.15790	0.09064	0.17642	0.20080	0.05536	0.04126	0.13984	0.02962	0.02066	0.01131	0.01388	0.00890	0.00589	0.00559	0.00176	0.00752	0.00491	0.00339	0.00849
1	0.03291	0.01629	0.13156	0.04785	0.11954	0.04022	0.14634	0.08858	0.01454	0.02073	0.01274	0.06405	0.01083	0.00638	0.00612	0.00170	0.02388	0.00578	0.00354	0.20643
2	0.07499	0.20344	0.30948	0.04145	0.08860	0.01569	0.05009	0.01865	0.03806	0.03708	0.01295	0.03261	0.02512	0.00637	0.00538	0.00179	0.00731	0.01959	0.00315	0.00820
3	0.04085	0.09458	0.39505	0.11324	0.15957	0.04243	0.01859	0.03490	0.01319	0.01880	0.01060	0.01311	0.00806	0.00568	0.00556	0.00182	0.00811	0.00457	0.00278	0.00851
4	0.00838	0.00574	0.00693	0.00727	0.00747	0.00572	0.00446	0.00887	0.00970	0.01304	0.03925	0.22333	0.02662	0.52394	0.07916	0.00519	0.00595	0.01070	0.00416	0.00413
5	0.34990	0.10486	0.04550	0.01065	0.01497	0.03960	0.00922	0.13701	0.11006	0.10581	0.01328	0.01350	0.00981	0.00637	0.00482	0.00180	0.00562	0.00444	0.00461	0.00817
6	0.04880	0.04340	0.01577	0.04732	0.01706	0.01466	0.01012	0.31472	0.09439	0.13628	0.01691	0.05975	0.01334	0.03124	0.02634	0.00218	0.04949	0.00617	0.00540	0.04667
7	0.00732	0.00527	0.00695	0.00829	0.00870	0.00489	0.00555	0.00839	0.01160	0.01539	0.03416	0.75840	0.06539	0.01872	0.00766	0.00243	0.00347	0.01694	0.00558	0.00489
8	0.01427	0.01374	0.02298	0.12251	0.58344	0.01465	0.01765	0.01764	0.01299	0.01856	0.01086	0.01483	0.00916	0.00602	0.00752	0.00191	0.09416	0.00535	0.00290	0.00886
9	0.00752	0.00539	0.00727	0.00846	0.00888	0.00522	0.00573	0.00866	0.01121	0.01507	0.03074	0.67281	0.03637	0.04866	0.09388	0.00338	0.00500	0.01561	0.00525	0.00490
10	0.01002	0.00750	0.01074	0.09718	0.01581	0.00786	0.01048	0.01329	0.03235	0.01789	0.02927	0.06084	0.03120	0.01520	0.00799	0.00266	0.00580	0.61289	0.00523	0.00577
11	0.00883	0.00619	0.00809	0.02375	0.00951	0.00606	0.00578	0.01073	0.01341	0.03528	0.34544	0.14138	0.07076	0.16731	0.11702	0.00382	0.00552	0.01056	0.00532	0.00523
12	0.00837	0.00616	0.00793	0.00823	0.00957	0.00573	0.00637	0.01070	0.01495	0.02018	0.37224	0.16998	0.15565	0.01474	0.00745	0.00219	0.00356	0.16451	0.00606	0.00543
13	0.01035	0.00913	0.01281	0.01183	0.01283	0.03505	0.02804	0.01235	0.00991	0.01426	0.01370	0.02036	0.01283	0.03400	0.53059	0.00741	0.20961	0.00608	0.00306	0.00580
14	0.01162	0.01100	0.01695	0.53311	0.11645	0.03965	0.01481	0.01522	0.01306	0.01687	0.09664	0.02128	0.05443	0.00716	0.00617	0.00195	0.00716	0.00632	0.00333	0.00682
15	0.02226	0.05712	0.01771	0.01512	0.01848	0.65832	0.01155	0.09710	0.01803	0.01711	0.00980	0.01117	0.00801	0.00626	0.00543	0.00157	0.01024	0.00401	0.00338	0.00734
16	0.01628	0.01275	0.01549	0.03302	0.10428	0.01405	0.01089	0.26812	0.17254	0.04473	0.03351	0.14541	0.01841	0.00968	0.00711	0.00204	0.04538	0.03234	0.00538	0.00860
17	0.01287	0.18375	0.61184	0.01577	0.02391	0.01594	0.01983	0.01884	0.01261	0.01807	0.01031	0.01209	0.00764	0.00560	0.00534	0.00178	0.00840	0.00420	0.00255	0.00866
18	0.01461	0.01438	0.02276	0.18057	0.57134	0.05539	0.01774	0.01816	0.01355	0.01854	0.01108	0.01489	0.00913	0.00553	0.00594	0.00182	0.00752	0.00528	0.00292	0.00883
19	0.01114	0.00827	0.01032	0.01046	0.01228	0.00855	0.00849	0.09472	0.09327	0.02160	0.15074	0.17445	0.03476	0.01430	0.00750	0.00238	0.00477	0.31974	0.00585	0.00641
20	0.00969	0.00591	0.00789	0.00854	0.00950	0.00543	0.00596	0.01109	0.01281	0.09985	0.11608	0.61154	0.03897	0.01679	0.00743	0.00231	0.00360	0.01512	0.00592	0.00558
21	0.02309	0.01034	0.01337	0.01062	0.01473	0.00959	0.00864	0.06526	0.09252	0.54457	0.11870	0.02357	0.02051	0.00815	0.00619	0.00188	0.00486	0.00673	0.00712	0.00956
22	0.03316	0.49651	0.05962	0.01613	0.12418	0.03765	0.07701	0.01852	0.02750	0.01615	0.00957	0.01156	0.00831	0.00550	0.00523	0.00154	0.03697	0.00410	0.00278	0.00802
23	0.02236	0.01136	0.01397	0.01097	0.01509	0.01103	0.00896	0.22557	0.02024	0.41569	0.13530	0.02365	0.04116	0.00836	0.00623	0.00186	0.00513	0.00681	0.00686	0.00937
24	0.00735	0.00568	0.00672	0.00735	0.00850	0.00504	0.00517	0.00878	0.01297	0.01659	0.11505	0.41044	0.33541	0.01670	0.00739	0.00222	0.00324	0.01466	0.00569	0.00504
25	0.67164	0.03220	0.03504	0.00853	0.01267	0.01328	0.00732	0.03419	0.01105	0.02582	0.00886	0.01028	0.00694	0.00549	0.00393	0.00174	0.00486	0.00338	0.00369	0.09908
26	0.02462	0.01032	0.01359	0.01070	0.01504	0.00936	0.00874	0.02863	0.09876	0.63264	0.06366	0.02204	0.01759	0.00779	0.00612	0.00188	0.00495	0.00640	0.00725	0.00991
27	0.01721	0.08785	0.01544	0.01200	0.03212	0.03301	0.00951	0.13788	0.30682	0.13186	0.02491	0.02482	0.09802	0.00860	0.00604	0.00191	0.00532	0.03210	0.00573	0.00886

[dist]
# distance from previous block
# <min> <max>
0	3

[block]
# block no. 3 follows, 38 sequences, length 35
# corresponding to MSA columns:
# 153-187
name=unknown_D
#
# <colnr> <probs for GDERKNQSTAVLIFYWHMCP>
#	G	D	E	R	K	N	Q	S	T	A	V	L	I	F	Y	W	H	M	C	P
0	0.09499	0.15964	0.35314	0.09110	0.04173	0.08045	0.03280	0.01854	0.01278	0.01821	0.01083	0.01426	0.00868	0.00606	0.00533	0.00180	0.00798	0.03089	0.00286	0.00793
1	0.39399	0.01858	0.26225	0.01208	0.01769	0.01374	0.02900	0.08981	0.01339	0.05759	0.01222	0.01336	0.03098	0.00617	0.00491	0.00188	0.00637	0.00438	0.00376	0.00784
2	0.00912	0.00770	0.00823	0.00770	0.01018	0.00711	0.00588	0.01347	0.13724	0.01853	0.08577	0.07942	0.46634	0.01298	0.00672	0.00194	0.00354	0.02463	0.00553	0.08797
3	0.01645	0.01474	0.01583	0.01597	0.11452	0.07078	0.01110	0.11260	0.50501	0.02517	0.02041	0.01963	0.01543	0.00753	0.00604	0.00194	0.00575	0.00623	0.00547	0.00942
4	0.00786	0.00598	0.00691	0.00691	0.00823	0.00538	0.00490	0.00953	0.01380	0.01806	0.28112	0.12846	0.32553	0.13773	0.01091	0.00263	0.00347	0.01193	0.00562	0.00503
5	0.00783	0.00569	0.00671	0.00720	0.00788	0.00530	0.00471	0.00876	0.01146	0.01491	0.08244	0.32100	0.19650	0.27440	0.01516	0.00344	0.00413	0.01290	0.00501	0.00457
6	0.00901	0.00687	0.00911	0.00921	0.01018	0.02908	0.00691	0.01086	0.01012	0.01431	0.01807	0.10091	0.01799	0.11219	0.55812	0.00793	0.01304	0.00762	0.04325	0.00521
7	0.00863	0.00631	0.00901	0.00901	0.00985	0.00716	0.00670	0.01032	0.00947	0.01348	0.01672	0.02698	0.01649	0.20323	0.60861	0.00885	0.01393	0.00694	0.00331	0.00500
8	0.01314	0.05094	0.02111	0.09799	0.02051	0.01745	0.10948	0.01530	0.01034	0.01519	0.00899	0.01396	0.00824	0.00987	0.03350	0.00259	0.53643	0.00545	0.00270	0.00682
9	0.01403	0.01464	0.01949	0.03873	0.09124	0.10181	0.07201	0.01606	0.01108	0.01540	0.00955	0.01432	0.00878	0.01199	0.08083	0.00298	0.46193	0.00537	0.00281	0.00694
10	0.02196	0.01801	0.09189	0.01404	0.01926	0.01779	0.01241	0.63106	0.02627	0.06535	0.01446	0.01452	0.01016	0.00708	0.00599	0.00182	0.00679	0.00534	0.00573	0.01010
11	0.00935	0.00828	0.04252	0.00896	0.01077	0.00757	0.00725	0.03451	0.04533	0.02082	0.35685	0.14141	0.17148	0.01316	0.00797	0.00209	0.05721	0.04278	0.00575	0.00597
12	0.01927	0.01401	0.01632	0.03502	0.01794	0.01399	0.02978	0.38936	0.02119	0.09819	0.01391	0.01446	0.01014	0.00624	0.00554	0.00152	0.00591	0.00491	0.00517	0.27712
13	0.00873	0.00647	0.00922	0.00916	0.00998	0.00741	0.00684	0.01041	0.00947	0.01350	0.01652	0.02669	0.01631	0.19980	0.59449	0.00871	0.03108	0.00690	0.00330	0.00504
14	0.01479	0.01463	0.02203	0.03221	0.61324	0.07840	0.01658	0.01793	0.01377	0.01880	0.01333	0.09158	0.01240	0.00678	0.00608	0.00183	0.00710	0.00641	0.00325	0.00884
15	0.00859	0.00645	0.00967	0.00967	0.01074	0.00752	0.00752	0.01074	0.00967	0.01396	0.01611	0.02363	0.01504	0.04512	0.76474	0.00967	0.01611	0.00645	0.00322	0.00537
16	0.04371	0.01327	0.04363	0.22582	0.10155	0.01348	0.28189	0.01688	0.02717	0.01802	0.01404	0.08920	0.01242	0.00732	0.00721	0.00208	0.04549	0.02611	0.00330	0.00741
17	0.83108	0.01163	0.00884	0.00791	0.01163	0.01350	0.00651	0.01768	0.01024	0.02699	0.00838	0.00977	0.00651	0.00558	0.00372	0.00186	0.00465	0.00326	0.00372	0.00651
18	0.01313	0.01218	0.01978	0.45881	0.26663	0.01381	0.01655	0.04624	0.04072	0.01814	0.01157	0.01576	0.00901	0.00590	0.00596	0.00190	0.00747	0.00536	0.00306	0.02802
19	0.00780	0.00578	0.00780	0.03267	0.00993	0.00579	0.00614	0.00891	0.01121	0.01504	0.03011	0.66200	0.03575	0.07049	0.02881	0.00285	0.03333	0.01545	0.00519	0.00494
20	0.02947	0.01014	0.01603	0.57692	0.03376	0.01223	0.01429	0.01572	0.03857	0.04919	0.01549	0.09451	0.03508	0.00783	0.00650	0.00206	0.02530	0.00679	0.00342	0.00671
21	0.11714	0.00984	0.01220	0.00977	0.01370	0.00908	0.00793	0.03760	0.03382	0.45389	0.16004	0.02337	0.02158	0.00800	0.00588	0.00181	0.00461	0.00651	0.00656	0.05667
22	0.04081	0.01547	0.04533	0.13477	0.08390	0.02946	0.36372	0.13574	0.01596	0.02186	0.01248	0.03211	0.00969	0.00593	0.00645	0.00194	0.00856	0.00632	0.00355	0.02595
23	0.01971	0.10061	0.05625	0.01456	0.01792	0.49253	0.01186	0.07046	0.01619	0.01654	0.01182	0.01342	0.04118	0.00698	0.00683	0.00169	0.08641	0.00448	0.00329	0.00725
24	0.00721	0.00610	0.00623	0.00620	0.00819	0.00512	0.00465	0.00882	0.01395	0.01680	0.10924	0.05698	0.69997	0.01503	0.00711	0.00202	0.00303	0.01257	0.00566	0.00512
25	0.00737	0.00527	0.00702	0.00835	0.00873	0.00491	0.00559	0.00848	0.01172	0.01567	0.05908	0.75783	0.04040	0.01861	0.00766	0.00242	0.00347	0.01688	0.00562	0.00491
26	0.01836	0.01631	0.08973	0.01302	0.01707	0.05157	0.01124	0.44789	0.02155	0.02881	0.01485	0.04837	0.01233	0.07294	0.07034	0.02176	0.02431	0.00606	0.00494	0.00855
27	0.10376	0.01633	0.01713	0.01325	0.01795	0.01814	0.01094	0.65960	0.02648	0.03682	0.01384	0.01398	0.00986	0.00706	0.00579	0.00181	0.00642	0.00520	0.00579	0.00986
28	0.00956	0.00632	0.00782	0.00761	0.00927	0.00564	0.00564	0.01162	0.01500	0.08644	0.34553	0.19759	0.24138	0.01401	0.00712	0.00204	0.00324	0.01222	0.00620	0.00576
29	0.01175	0.04477	0.01550	0.22183	0.02111	0.06544	0.01176	0.01418	0.01107	0.01486	0.03478	0.01818	0.01186	0.02050	0.26580	0.00468	0.19700	0.00568	0.00300	0.00625
30	0.01161	0.01001	0.01310	0.01096	0.01355	0.01065	0.00883	0.03436	0.01119	0.01698	0.01199	0.01652	0.01081	0.01992	0.26866	0.00434	0.19388	0.00501	0.00330	0.32431
31	0.09145	0.00747	0.00919	0.00901	0.01050	0.00816	0.00684	0.04098	0.03367	0.01784	0.08756	0.15224	0.09369	0.06123	0.31727	0.00536	0.02855	0.00892	0.00440	0.00568
32	0.00912	0.00684	0.00932	0.01003	0.01149	0.00660	0.02635	0.02514	0.01372	0.01777	0.05702	0.21426	0.14962	0.01626	0.00787	0.00252	0.00477	0.40029	0.00553	0.00549
33	0.02038	0.01520	0.01708	0.08952	0.02019	0.01694	0.01154	0.54596	0.08820	0.04913	0.01607	0.03632	0.01220	0.00772	0.00613	0.00189	0.00646	0.02382	0.00570	0.00956
34	0.01158	0.00820	0.00990	0.00950	0.01110	0.00838	0.00698	0.16177	0.01588	0.04445	0.12853	0.41952	0.05441	0.05217	0.00857	0.00237	0.02206	0.01261	0.00572	0.00628

[dist]
# distance from previous block
# <min> <max>
0	1

[block]
# block no. 4 follows, 38 sequences, length 49
# corresponding to MSA columns:
# 189-237
name=unknown_E
#
# <colnr> <probs for GDERKNQSTAVLIFYWHMCP>
#	G	D	E	R	K	N	Q	S	T	A	V	L	I	F	Y	W	H	M	C	P
0	0.01683	0.01331	0.05872	0.01619	0.14259	0.01223	0.03473	0.19501	0.05140	0.12972	0.03027	0.11136	0.03151	0.02108	0.00649	0.00187	0.00585	0.00707	0.00502	0.10875
1	0.01344	0.03043	0.09455	0.01134	0.01615	0.01159	0.01013	0.06622	0.04342	0.02017	0.01107	0.01309	0.00908	0.00586	0.00705	0.00138	0.12104	0.00417	0.00357	0.50625
2	0.01440	0.09293	0.54003	0.01654	0.04818	0.01518	0.01909	0.09611	0.01452	0.05543	0.01155	0.01308	0.00833	0.00600	0.00590	0.00185	0.02418	0.00457	0.00317	0.00897
3	0.10151	0.12679	0.48366	0.01600	0.02336	0.04279	0.08830	0.01897	0.01268	0.01913	0.01030	0.01227	0.00767	0.00558	0.00538	0.00182	0.00831	0.00440	0.00274	0.00833
4	0.00907	0.00604	0.00755	0.00803	0.00905	0.00561	0.00556	0.01073	0.03032	0.06554	0.10790	0.45723	0.13655	0.09966	0.00987	0.00265	0.00375	0.01396	0.00562	0.00533
5	0.01229	0.01050	0.01228	0.00889	0.01406	0.00791	0.00707	0.01491	0.01244	0.01945	0.01148	0.03956	0.00999	0.00496	0.00457	0.00095	0.00442	0.00404	0.00363	0.79658
6	0.00790	0.00558	0.00706	0.00784	0.00831	0.00530	0.00521	0.00895	0.01155	0.01547	0.10743	0.46236	0.06005	0.21682	0.01355	0.00326	0.00409	0.03939	0.00519	0.00468
7	0.01456	0.01499	0.06547	0.04549	0.45877	0.02945	0.11673	0.01931	0.06207	0.03780	0.06450	0.01765	0.01334	0.00610	0.00619	0.00185	0.00725	0.00602	0.00353	0.00892
8	0.01410	0.01057	0.02856	0.10744	0.01684	0.01082	0.00948	0.12103	0.03922	0.10641	0.11014	0.08664	0.09125	0.03629	0.00885	0.01959	0.08402	0.00775	0.00495	0.08604
9	0.00732	0.00529	0.00693	0.00824	0.00869	0.00490	0.00552	0.00839	0.01165	0.01541	0.03485	0.74043	0.08293	0.01863	0.00764	0.00242	0.00346	0.01683	0.00558	0.00490
10	0.01738	0.04631	0.09939	0.04383	0.17764	0.26633	0.03041	0.06927	0.06518	0.01863	0.01120	0.01348	0.00908	0.00662	0.00736	0.00184	0.09978	0.00482	0.00333	0.00812
11	0.01723	0.01441	0.01476	0.01269	0.01636	0.04685	0.01001	0.22843	0.48210	0.02798	0.02133	0.04759	0.01641	0.00821	0.00612	0.00197	0.00549	0.00666	0.00595	0.00945
12	0.01584	0.01541	0.08649	0.03969	0.08640	0.05329	0.10264	0.12505	0.03498	0.07097	0.02464	0.02739	0.01087	0.00605	0.00588	0.00158	0.01941	0.00522	0.00406	0.26414
13	0.01216	0.06244	0.54702	0.05891	0.07070	0.01378	0.04574	0.01802	0.01274	0.01845	0.01260	0.05210	0.01035	0.00669	0.00590	0.00194	0.00828	0.03092	0.00285	0.00841
14	0.01653	0.49088	0.17539	0.01254	0.01819	0.10126	0.01294	0.07892	0.01419	0.01720	0.00947	0.01080	0.00791	0.00555	0.00459	0.00148	0.00742	0.00372	0.00291	0.00809
15	0.00767	0.00547	0.00719	0.00810	0.00867	0.00511	0.00550	0.00906	0.01259	0.01710	0.19058	0.58037	0.04257	0.05928	0.00880	0.00251	0.00347	0.01527	0.00571	0.00499
16	0.01392	0.01826	0.18825	0.08400	0.26176	0.07765	0.06156	0.03620	0.07275	0.01924	0.01752	0.01946	0.08923	0.00688	0.00607	0.00187	0.00748	0.00604	0.00348	0.00838
17	0.01932	0.12220	0.05782	0.01179	0.01587	0.10100	0.01029	0.11124	0.05213	0.24886	0.03470	0.03734	0.04760	0.00865	0.00603	0.00188	0.00625	0.09324	0.00538	0.00841
18	0.00875	0.00583	0.00656	0.00656	0.00656	0.00583	0.00365	0.00875	0.00875	0.01166	0.01895	0.03937	0.02187	0.78858	0.03062	0.00583	0.00583	0.00875	0.00365	0.00365
19	0.01014	0.00651	0.00810	0.00824	0.00960	0.00610	0.00586	0.01246	0.05309	0.09688	0.14627	0.37936	0.13835	0.07901	0.00914	0.00249	0.00376	0.01305	0.00582	0.00577
20	0.14911	0.21904	0.20844	0.01419	0.03837	0.03215	0.08011	0.05334	0.01313	0.05020	0.01117	0.02981	0.00907	0.00742	0.03098	0.00203	0.03553	0.00469	0.00328	0.00793
21	0.02287	0.01685	0.01805	0.01384	0.01866	0.01866	0.01143	0.73100	0.02828	0.03791	0.01444	0.01444	0.01023	0.00722	0.00602	0.00181	0.00662	0.00542	0.00602	0.01023
22	0.01714	0.01353	0.01448	0.01247	0.01621	0.01534	0.00985	0.16609	0.56411	0.06734	0.02252	0.02080	0.01661	0.00794	0.00610	0.00199	0.00514	0.00649	0.00617	0.00970
23	0.01608	0.79220	0.03152	0.01029	0.01544	0.02380	0.01029	0.01801	0.01222	0.01415	0.00836	0.00965	0.00772	0.00515	0.00386	0.00129	0.00643	0.00322	0.00257	0.00772
24	0.01428	0.01492	0.06290	0.17457	0.55744	0.03465	0.01815	0.01806	0.01342	0.01868	0.01111	0.01488	0.00909	0.00553	0.00594	0.00183	0.00751	0.00527	0.00290	0.00889
25	0.02359	0.01001	0.01323	0.01044	0.01457	0.00903	0.00851	0.04892	0.05688	0.58938	0.12612	0.02386	0.02087	0.00817	0.00620	0.00187	0.00482	0.00676	0.00721	0.00955
26	0.00805	0.00583	0.00740	0.00788	0.00871	0.00550	0.00545	0.00999	0.03060	0.01818	0.27270	0.40037	0.07956	0.09922	0.00989	0.00259	0.00353	0.01364	0.00574	0.00514
27	0.00761	0.00563	0.00689	0.00754	0.00839	0.00515	0.00516	0.00891	0.01253	0.01645	0.14277	0.42873	0.20334	0.10007	0.00994	0.00263	0.00355	0.01428	0.00553	0.00491
28	0.00759	0.00537	0.00699	0.00809	0.00846	0.00506	0.00534	0.00860	0.01149	0.01541	0.07443	0.64312	0.03848	0.11854	0.01063	0.00285	0.00376	0.01564	0.00539	0.00477
29	0.01083	0.00757	0.00910	0.00895	0.01022	0.00766	0.00641	0.11665	0.02823	0.03481	0.11249	0.32075	0.03180	0.20394	0.01295	0.00311	0.00464	0.05882	0.00535	0.00571
30	0.01331	0.26703	0.53241	0.01502	0.02275	0.01702	0.01853	0.01873	0.01255	0.01753	0.01004	0.01176	0.00765	0.00554	0.00514	0.00171	0.00813	0.00406	0.00255	0.00853
31	0.00934	0.00629	0.00704	0.00686	0.00706	0.00637	0.00397	0.03883	0.00956	0.01276	0.01877	0.03833	0.02139	0.75604	0.02959	0.00566	0.00586	0.00861	0.00374	0.00392
32	0.01121	0.00561	0.00561	0.00561	0.00701	0.00561	0.00421	0.01402	0.01262	0.02243	0.01962	0.02243	0.01542	0.00701	0.00421	0.00140	0.00280	0.00561	0.82198	0.00561
33	0.80235	0.01232	0.03510	0.00823	0.01214	0.01351	0.00707	0.01773	0.01032	0.02671	0.00846	0.00988	0.00655	0.00559	0.00379	0.00186	0.00480	0.00330	0.00368	0.00660
34	0.01011	0.00523	0.00774	0.00790	0.00793	0.00519	0.00526	0.00790	0.00823	0.01098	0.01290	0.10094	0.01361	0.02068	0.02180	0.73627	0.00504	0.00651	0.00293	0.00286
35	0.04256	0.01157	0.01235	0.01077	0.01391	0.01279	0.00837	0.12595	0.38915	0.08212	0.02266	0.02346	0.04094	0.07915	0.00808	0.00226	0.00488	0.00667	0.09387	0.00847
36	0.01567	0.01211	0.01572	0.02796	0.01712	0.01140	0.08832	0.14259	0.10591	0.09870	0.01997	0.02026	0.09070	0.00696	0.00571	0.00156	0.00549	0.00596	0.00485	0.30305
37	0.10189	0.01395	0.06207	0.15078	0.41691	0.01376	0.01576	0.01881	0.08089	0.02010	0.01390	0.01667	0.03660	0.00613	0.00577	0.00187	0.00675	0.00548	0.00337	0.00854
38	0.00827	0.09011	0.00963	0.00858	0.00945	0.00693	0.00609	0.00942	0.01159	0.01523	0.03048	0.70108	0.03633	0.01737	0.00727	0.00232	0.00381	0.01560	0.00526	0.00519
39	0.01046	0.09090	0.01067	0.00904	0.01059	0.00764	0.00695	0.01208	0.01282	0.08350	0.06164	0.45252	0.07258	0.01552	0.00716	0.00227	0.00421	0.11815	0.00547	0.00582
40	0.08194	0.03026	0.09540	0.05431	0.01816	0.01260	0.03360	0.12589	0.04109	0.29826	0.04876	0.01924	0.04026	0.00762	0.00692	0.00193	0.06359	0.00592	0.00541	0.00881
41	0.08846	0.01771	0.17286	0.12209	0.33285	0.05467	0.06263	0.01827	0.01318	0.01930	0.01149	0.01575	0.00938	0.00594	0.00583	0.00188	0.00773	0.02857	0.00301	0.00839
42	0.20592	0.03808	0.05292	0.10488	0.06918	0.01245	0.01063	0.13733	0.01512	0.04818	0.05193	0.10513	0.03118	0.00909	0.00589	0.00201	0.00572	0.08251	0.00453	0.00732
43	0.06174	0.01508	0.01868	0.14822	0.27995	0.11132	0.01420	0.08475	0.10381	0.02076	0.01399	0.01726	0.02386	0.00677	0.00638	0.00189	0.03524	0.02400	0.00375	0.00832
44	0.04780	0.04408	0.01883	0.04741	0.19566	0.32598	0.01328	0.07332	0.01547	0.01827	0.01128	0.01567	0.00986	0.00706	0.00721	0.00183	0.09156	0.04434	0.00337	0.00771
45	0.10302	0.05858	0.06557	0.08413	0.02091	0.36170	0.08904	0.04485	0.03915	0.01777	0.01090	0.01391	0.00899	0.04859	0.00684	0.00194	0.00891	0.00471	0.00329	0.00719
46	0.21685	0.01407	0.01261	0.03078	0.01485	0.13658	0.00858	0.11695	0.07468	0.06265	0.14787	0.01910	0.01817	0.00734	0.00540	0.00172	0.00572	0.00558	0.00481	0.09570
47	0.09826	0.01438	0.07322	0.01244	0.01596	0.05631	0.03409	0.09824	0.31530	0.02345	0.03238	0.10106	0.01704	0.01066	0.04711	0.00242	0.02741	0.00707	0.00500	0.00817
48	0.13925	0.10602	0.25637	0.01358	0.01914	0.03984	0.04299	0.12046	0.10246	0.02315	0.04379	0.01677	0.01222	0.00680	0.00550	0.00186	0.00690	0.03063	0.00396	0.00831

[dist]
# distance from previous block
# <min> <max>
15	86

[block]
# block no. 5 follows, 38 sequences, length 21
# corresponding to MSA columns:
# 344-364
name=unknown_F
#
# <colnr> <probs for GDERKNQSTAVLIFYWHMCP>
#	G	D	E	R	K	N	Q	S	T	A	V	L	I	F	Y	W	H	M	C	P
0	0.46268	0.01325	0.07594	0.03041	0.01598	0.01279	0.07525	0.01969	0.07272	0.09924	0.01347	0.06161	0.01083	0.00680	0.00495	0.00194	0.00559	0.00522	0.00423	0.00740
1	0.00850	0.00605	0.00708	0.00715	0.00811	0.00572	0.00480	0.00962	0.01114	0.01517	0.06285	0.18482	0.16145	0.30561	0.07304	0.00400	0.00520	0.01056	0.06469	0.04443
2	0.26717	0.03702	0.01340	0.01074	0.01447	0.06845	0.00869	0.24923	0.06892	0.04034	0.01431	0.01534	0.03100	0.00873	0.03529	0.02982	0.00613	0.00488	0.04384	0.03221
3	0.42261	0.06602	0.08895	0.08980	0.05087	0.01306	0.01005	0.01729	0.01152	0.05680	0.01191	0.07640	0.01030	0.00674	0.00475	0.00184	0.00559	0.00499	0.00370	0.04680
4	0.01349	0.01019	0.01129	0.01007	0.01247	0.04427	0.00800	0.15498	0.01692	0.08178	0.12855	0.10125	0.23138	0.01224	0.00794	0.00208	0.06930	0.07135	0.00560	0.00683
5	0.01299	0.01087	0.01270	0.00978	0.01419	0.00956	0.00777	0.07169	0.07449	0.02109	0.04191	0.05058	0.01326	0.00759	0.03213	0.00154	0.03367	0.00505	0.00413	0.56499
6	0.04112	0.00632	0.00860	0.00830	0.00881	0.00651	0.00574	0.06171	0.00957	0.01327	0.01151	0.04617	0.01138	0.01925	0.02091	0.70356	0.00524	0.00561	0.00302	0.00340
7	0.00997	0.00858	0.03122	0.01090	0.05790	0.00824	0.00760	0.03613	0.10693	0.01813	0.07596	0.33302	0.11859	0.08728	0.00969	0.00251	0.03305	0.01175	0.00514	0.02740
8	0.37642	0.14051	0.14375	0.01201	0.04458	0.01597	0.01109	0.10464	0.06178	0.02447	0.01071	0.01186	0.00825	0.00590	0.00461	0.00178	0.00601	0.00403	0.00374	0.00788
9	0.16596	0.14514	0.38746	0.01412	0.02062	0.01484	0.06674	0.01800	0.01263	0.02020	0.07171	0.01462	0.01165	0.00610	0.00526	0.00181	0.00729	0.00476	0.00314	0.00794
10	0.00916	0.00631	0.00709	0.00693	0.00733	0.00633	0.00418	0.03698	0.00996	0.01316	0.02218	0.03933	0.08194	0.66453	0.05622	0.00551	0.00603	0.00886	0.00388	0.00409
11	0.01789	0.01377	0.01439	0.01220	0.01583	0.04439	0.00965	0.27407	0.31772	0.07554	0.02186	0.08372	0.03555	0.00876	0.00616	0.00195	0.00548	0.00714	0.02482	0.00912
12	0.01418	0.01000	0.01212	0.02866	0.01390	0.01029	0.00844	0.18571	0.05254	0.07726	0.02179	0.23117	0.03338	0.01383	0.05264	0.04242	0.03033	0.05080	0.00516	0.10535
13	0.08128	0.01001	0.03300	0.02290	0.01329	0.04271	0.00799	0.01980	0.01577	0.32369	0.24667	0.10856	0.02922	0.00990	0.00633	0.00192	0.00462	0.00836	0.00627	0.00771
14	0.02108	0.05441	0.01685	0.01459	0.01768	0.65160	0.01107	0.04381	0.01720	0.01618	0.07120	0.01376	0.01192	0.00670	0.00552	0.00158	0.00989	0.00448	0.00346	0.00699
15	0.10412	0.32479	0.08632	0.04678	0.01888	0.06037	0.09734	0.03142	0.01290	0.04679	0.01134	0.01505	0.00969	0.00809	0.04194	0.00209	0.03456	0.03677	0.00321	0.00754
16	0.05936	0.04235	0.01771	0.01358	0.01803	0.04736	0.03706	0.46887	0.17834	0.03225	0.01581	0.01569	0.01157	0.00715	0.00587	0.00184	0.00642	0.00554	0.00559	0.00961
17	0.01715	0.10631	0.01576	0.03687	0.01555	0.01174	0.04201	0.11647	0.05358	0.21970	0.10259	0.10001	0.02220	0.00958	0.00628	0.00194	0.00535	0.07882	0.03007	0.00803
18	0.01538	0.01081	0.01229	0.01030	0.01333	0.01098	0.00788	0.24126	0.07468	0.08074	0.06448	0.14284	0.02057	0.14228	0.01033	0.00249	0.00520	0.00807	0.00536	0.12074
19	0.01240	0.06281	0.12618	0.01225	0.03823	0.03866	0.03064	0.01663	0.10146	0.05320	0.03755	0.19839	0.01976	0.07648	0.02732	0.03020	0.03674	0.00834	0.00428	0.06848
20	0.12723	0.07150	0.11809	0.03278	0.02049	0.07644	0.19593	0.01955	0.08314	0.05220	0.04091	0.03768	0.04858	0.00729	0.00614	0.00193	0.01779	0.03077	0.00391	0.00765

[dist]
# distance from previous block
# <min> <max>
4	12

[block]
# block no. 6 follows, 38 sequences, length 48
# corresponding to MSA columns:
# 378-425
name=unknown_G
#
# <colnr> <probs for GDERKNQSTAVLIFYWHMCP>
#	G	D	E	R	K	N	Q	S	T	A	V	L	I	F	Y	W	H	M	C	P
0	0.01353	0.07375	0.04825	0.01523	0.10400	0.01204	0.08499	0.09482	0.06282	0.05495	0.03809	0.14921	0.08832	0.01081	0.02407	0.00216	0.02596	0.05143	0.00462	0.04096
1	0.01725	0.01537	0.08517	0.01234	0.01621	0.04644	0.01053	0.36211	0.11295	0.02799	0.01797	0.10631	0.01550	0.06551	0.00785	0.00218	0.00612	0.00704	0.05668	0.00848
2	0.01174	0.00611	0.00616	0.00598	0.00753	0.00619	0.00453	0.04616	0.01332	0.02312	0.01939	0.02207	0.01519	0.00702	0.00429	0.00142	0.00297	0.00560	0.78540	0.00581
3	0.03966	0.01634	0.01549	0.01489	0.07742	0.15750	0.01079	0.14086	0.37444	0.02447	0.01941	0.01983	0.03023	0.00769	0.00597	0.00190	0.00639	0.02267	0.00518	0.00888
4	0.01202	0.02604	0.08233	0.02362	0.01319	0.03642	0.00888	0.07038	0.01325	0.05562	0.05557	0.14315	0.09731	0.16694	0.03230	0.00303	0.08609	0.03887	0.00446	0.03054
5	0.02984	0.12636	0.39766	0.01824	0.13192	0.01425	0.04911	0.01743	0.01256	0.01809	0.01292	0.08691	0.01135	0.00847	0.03766	0.00219	0.00805	0.00581	0.00298	0.00821
6	0.01306	0.06517	0.58513	0.01909	0.09552	0.01443	0.06691	0.01922	0.01299	0.03788	0.01115	0.01319	0.00810	0.00566	0.00575	0.00187	0.00859	0.00469	0.00274	0.00888
7	0.00920	0.00668	0.00874	0.01005	0.07844	0.00680	0.00576	0.00993	0.00958	0.01305	0.01898	0.09530	0.02119	0.54681	0.12958	0.00571	0.00721	0.00878	0.00368	0.00455
8	0.01384	0.01640	0.12121	0.13000	0.21693	0.01460	0.25561	0.04708	0.01384	0.01923	0.01210	0.01697	0.00976	0.00619	0.00723	0.00200	0.05480	0.03085	0.00309	0.00829
9	0.01254	0.01293	0.02513	0.30957	0.08759	0.01358	0.32532	0.01666	0.01300	0.01737	0.01333	0.08441	0.01144	0.00679	0.00690	0.00205	0.02377	0.00715	0.00312	0.00736
10	0.00897	0.00587	0.00678	0.00678	0.00702	0.00598	0.00409	0.00945	0.00921	0.01292	0.01873	0.03617	0.02057	0.63938	0.10171	0.00579	0.00657	0.00822	0.08177	0.00401
11	0.01454	0.16798	0.34199	0.08913	0.06436	0.04316	0.04621	0.09249	0.01427	0.01941	0.01060	0.01285	0.00813	0.00600	0.00616	0.00181	0.04492	0.00458	0.00299	0.00842
12	0.02180	0.01712	0.01695	0.01349	0.01779	0.10207	0.01090	0.54632	0.06404	0.06355	0.01544	0.03792	0.01171	0.02467	0.00655	0.00190	0.00683	0.00576	0.00569	0.00952
13	0.00908	0.00617	0.00701	0.00685	0.00715	0.00615	0.00407	0.02873	0.01017	0.01366	0.08926	0.03957	0.03875	0.67833	0.02725	0.00527	0.00551	0.00894	0.00403	0.00405
14	0.00818	0.00572	0.00731	0.00785	0.00819	0.00579	0.00513	0.00899	0.00998	0.01352	0.02385	0.32185	0.02743	0.35183	0.16195	0.00527	0.00690	0.01151	0.00431	0.00445
15	0.01702	0.01498	0.10450	0.01231	0.01688	0.01336	0.01091	0.27370	0.13233	0.08372	0.04305	0.06761	0.01549	0.00895	0.02669	0.00201	0.00608	0.01960	0.00528	0.12553
16	0.03379	0.01727	0.04832	0.04984	0.56301	0.14657	0.01709	0.01937	0.01414	0.01882	0.01086	0.01402	0.00905	0.00554	0.00581	0.00176	0.00783	0.00502	0.00299	0.00892
17	0.00820	0.00560	0.00672	0.00726	0.00740	0.00547	0.00439	0.00860	0.00982	0.01309	0.02443	0.32669	0.02878	0.49184	0.02177	0.00453	0.00493	0.01197	0.00439	0.00412
18	0.01062	0.00852	0.00971	0.00965	0.01172	0.00887	0.00750	0.04179	0.23272	0.02027	0.07422	0.18415	0.19951	0.01361	0.00710	0.00223	0.00422	0.14108	0.00581	0.00668
19	0.01842	0.01268	0.01592	0.04543	0.03948	0.06925	0.07831	0.02513	0.21404	0.26147	0.07599	0.02259	0.02855	0.00775	0.00619	0.00189	0.00590	0.02139	0.00570	0.04393
20	0.01338	0.00789	0.00983	0.00889	0.01118	0.00751	0.00678	0.03636	0.09032	0.18557	0.29767	0.15660	0.10215	0.02885	0.00734	0.00209	0.00384	0.01035	0.00641	0.00699
21	0.02253	0.01097	0.01402	0.04373	0.01620	0.01060	0.00924	0.15351	0.04700	0.46420	0.09975	0.04461	0.01913	0.00823	0.00621	0.00188	0.00521	0.00678	0.00679	0.00941
22	0.03144	0.01126	0.01850	0.56282	0.15529	0.01309	0.01602	0.01726	0.01276	0.08700	0.01199	0.01614	0.00889	0.00603	0.00596	0.00195	0.00752	0.00537	0.00320	0.00749
23	0.01274	0.19903	0.52364	0.01503	0.02237	0.01550	0.01836	0.01819	0.01270	0.01786	0.01226	0.01729	0.01022	0.00663	0.00555	0.00185	0.00802	0.07162	0.00283	0.00831
24	0.01046	0.00844	0.00877	0.00859	0.00921	0.07904	0.00576	0.01119	0.01018	0.02900	0.01860	0.10541	0.02037	0.45875	0.15671	0.00557	0.03705	0.00850	0.00375	0.00465
25	0.01180	0.00739	0.00861	0.00796	0.00903	0.00743	0.00528	0.08589	0.01198	0.08592	0.02110	0.08885	0.04261	0.52355	0.05339	0.00483	0.00601	0.00877	0.00444	0.00516
26	0.00745	0.00532	0.00711	0.00842	0.00885	0.00498	0.00571	0.00862	0.01182	0.01581	0.06383	0.73177	0.04037	0.01850	0.00767	0.00243	0.00352	0.03725	0.00563	0.00494
27	0.01303	0.01103	0.01268	0.00943	0.01444	0.00906	0.00750	0.04734	0.08264	0.02081	0.01275	0.03331	0.01066	0.00530	0.00476	0.00108	0.00455	0.00430	0.00397	0.69136
28	0.01270	0.01093	0.01364	0.03696	0.01588	0.00882	0.03861	0.04533	0.01316	0.02001	0.01199	0.04974	0.01042	0.00534	0.00484	0.00109	0.00487	0.00450	0.00371	0.68746
29	0.01182	0.02815	0.65645	0.01677	0.02480	0.01341	0.04975	0.01827	0.01247	0.01857	0.01136	0.01389	0.00839	0.00945	0.07827	0.00265	0.00963	0.00474	0.00263	0.00852
30	0.07046	0.01123	0.01823	0.62205	0.13292	0.01350	0.01621	0.01594	0.01212	0.01677	0.01061	0.01544	0.00811	0.00590	0.00584	0.00197	0.00766	0.00520	0.00279	0.00705
31	0.01158	0.01171	0.01888	0.04722	0.01881	0.04542	0.22364	0.01429	0.01287	0.01724	0.09170	0.14154	0.11474	0.01133	0.02623	0.00235	0.17084	0.00911	0.00401	0.00649
32	0.04188	0.01202	0.01969	0.49666	0.25909	0.01381	0.01673	0.03745	0.01296	0.01777	0.01091	0.01541	0.00850	0.00583	0.00592	0.00193	0.00759	0.00528	0.00290	0.00766
33	0.00874	0.00587	0.00676	0.00676	0.00683	0.00594	0.00390	0.00888	0.00881	0.01181	0.01877	0.03835	0.02143	0.74048	0.07812	0.00608	0.00650	0.00860	0.00362	0.00376
34	0.79723	0.01158	0.00906	0.00803	0.01179	0.01330	0.00661	0.01817	0.01053	0.05765	0.00902	0.01022	0.00687	0.00566	0.00382	0.00186	0.00467	0.00338	0.00388	0.00667
35	0.00757	0.00543	0.00728	0.00846	0.00897	0.00514	0.00582	0.00889	0.01201	0.01617	0.09556	0.66182	0.04008	0.01926	0.03863	0.00270	0.00402	0.04160	0.00558	0.00500
36	0.00787	0.00612	0.00715	0.00689	0.00859	0.00540	0.00517	0.01010	0.01551	0.02051	0.43246	0.05089	0.37444	0.01365	0.00710	0.00196	0.00293	0.01171	0.00615	0.00540
37	0.01877	0.01476	0.01685	0.04552	0.01863	0.01647	0.03599	0.42025	0.21994	0.03086	0.01756	0.05188	0.01359	0.00792	0.00648	0.00192	0.02588	0.00635	0.00565	0.02474
38	0.01586	0.24075	0.34393	0.03716	0.02164	0.13745	0.01601	0.08745	0.01473	0.01869	0.01022	0.01182	0.00793	0.00579	0.00519	0.00167	0.00828	0.00413	0.00298	0.00832
39	0.04325	0.01267	0.06522	0.49944	0.16614	0.01338	0.01627	0.01708	0.04373	0.03108	0.01265	0.01665	0.02489	0.00618	0.00593	0.00195	0.00749	0.00545	0.00306	0.00749
40	0.03770	0.01509	0.01661	0.01294	0.01744	0.01630	0.01061	0.57220	0.02532	0.13964	0.01682	0.06247	0.01265	0.00794	0.00608	0.00185	0.00617	0.00618	0.00615	0.00983
41	0.00876	0.00633	0.00823	0.00903	0.01000	0.00608	0.00659	0.04688	0.01331	0.01789	0.09967	0.54025	0.03826	0.01689	0.00755	0.00237	0.00394	0.12577	0.00565	0.02656
42	0.01137	0.00644	0.00842	0.00861	0.01011	0.00581	0.00625	0.01290	0.01332	0.16373	0.08058	0.48238	0.11460	0.01568	0.00727	0.00226	0.00378	0.03442	0.00602	0.00605
43	0.02106	0.01500	0.01707	0.01300	0.01782	0.01567	0.03150	0.51642	0.02400	0.10256	0.01508	0.03104	0.01106	0.00700	0.00584	0.00169	0.00618	0.00549	0.00568	0.13685
44	0.01863	0.01591	0.08625	0.01280	0.01708	0.02813	0.01103	0.45744	0.05173	0.04499	0.01622	0.06791	0.01349	0.08012	0.03061	0.00244	0.00676	0.00643	0.00529	0.02675
45	0.00941	0.00673	0.00828	0.00881	0.00966	0.00669	0.00605	0.09668	0.01321	0.01763	0.02903	0.59380	0.03385	0.11739	0.01045	0.00281	0.00418	0.01459	0.00539	0.00538
46	0.54871	0.06788	0.05108	0.01074	0.03207	0.15158	0.00887	0.01927	0.02779	0.02326	0.00909	0.01051	0.00721	0.00573	0.00425	0.00177	0.00619	0.00356	0.00351	0.00694
47	0.00784	0.00599	0.00705	0.00703	0.00845	0.00536	0.00509	0.00974	0.01445	0.01908	0.33978	0.14503	0.31780	0.06964	0.00885	0.00230	0.00322	0.01223	0.00588	0.00520

[dist]
# distance from previous block
# <min> <max>
0	3

[block]
# block no. 7 follows, 38 sequences, length 38
# corresponding to MSA columns:
# 429-466
name=unknown_H
#
# <colnr> <probs for GDERKNQSTAVLIFYWHMCP>
#	G	D	E	R	K	N	Q	S	T	A	V	L	I	F	Y	W	H	M	C	P
0	0.44649	0.04321	0.19595	0.03345	0.09888	0.01433	0.01236	0.05690	0.01232	0.02409	0.00969	0.01147	0.00740	0.00568	0.00465	0.00185	0.00623	0.00395	0.00341	0.00768
