[name]
unknown

[dist]
# distance from previous block
# <min> <max>
9	66

[block]
# block no. 0 follows, 47 sequences, length 21
# corresponding to MSA columns:
# 78-98
name=unknown_A
#
# <colnr> <probs for GDERKNQSTAVLIFYWHMCP>
#	G	D	E	R	K	N	Q	S	T	A	V	L	I	F	Y	W	H	M	C	P
0	0.01980	0.01459	0.01563	0.01198	0.01615	0.01615	0.00990	0.76713	0.02448	0.03282	0.01250	0.01250	0.00886	0.00625	0.00521	0.00156	0.00573	0.00469	0.00521	0.00886
1	0.01873	0.00842	0.01088	0.00882	0.01218	0.00766	0.00718	0.04676	0.06735	0.53071	0.09062	0.02456	0.09543	0.00787	0.00550	0.00167	0.00411	0.03765	0.00603	0.00785
2	0.00775	0.00576	0.00648	0.00610	0.00786	0.00510	0.00464	0.03465	0.01339	0.04976	0.29506	0.04371	0.47725	0.01181	0.00608	0.00171	0.00276	0.01001	0.00522	0.00491
3	0.85377	0.01007	0.00765	0.00685	0.01007	0.01168	0.00564	0.01531	0.00886	0.02336	0.00725	0.00846	0.00564	0.00483	0.00322	0.00161	0.00403	0.00282	0.00322	0.00564
4	0.01833	0.00840	0.01088	0.00907	0.01215	0.00782	0.00718	0.07386	0.06833	0.49598	0.02196	0.20666	0.01794	0.00882	0.00557	0.00174	0.00417	0.00752	0.00589	0.00772
5	0.01107	0.00621	0.00772	0.00727	0.00872	0.00584	0.00523	0.05098	0.01192	0.17574	0.10472	0.27423	0.07914	0.18245	0.01029	0.00249	0.00378	0.00953	0.03735	0.00531
6	0.01261	0.00871	0.00920	0.00803	0.01017	0.00949	0.00614	0.20384	0.18143	0.02185	0.01670	0.01996	0.01365	0.13209	0.00794	0.00202	0.00403	0.00546	0.32035	0.00634
7	0.00971	0.00485	0.00485	0.00485	0.00607	0.00485	0.00364	0.01213	0.01092	0.01942	0.01699	0.01942	0.01335	0.00607	0.00364	0.00121	0.00243	0.00485	0.84589	0.00485
8	0.00690	0.00502	0.00650	0.00674	0.00765	0.00462	0.00482	0.00869	0.01274	0.01755	0.44789	0.33612	0.08940	0.01298	0.00634	0.00183	0.00268	0.01158	0.00533	0.00462
9	0.00824	0.00585	0.00693	0.00713	0.00791	0.00580	0.00484	0.09054	0.01116	0.01491	0.04312	0.42102	0.07782	0.23715	0.01190	0.00281	0.00383	0.01108	0.02349	0.00448
10	0.00633	0.00506	0.00566	0.00599	0.00726	0.00439	0.00431	0.00763	0.01157	0.01447	0.11384	0.27733	0.49009	0.01389	0.00630	0.00185	0.00274	0.01198	0.00492	0.00439
11	0.00757	0.00505	0.00568	0.00568	0.00568	0.00505	0.00316	0.00757	0.00757	0.01010	0.01641	0.03408	0.01893	0.81698	0.02651	0.00505	0.00505	0.00757	0.00316	0.00316
12	0.00647	0.00479	0.00600	0.00673	0.00743	0.00437	0.00463	0.00763	0.01088	0.01433	0.12886	0.54527	0.18198	0.03620	0.00701	0.00206	0.00293	0.01318	0.00490	0.00432
13	0.00717	0.00490	0.00588	0.00624	0.00642	0.00478	0.00381	0.00762	0.00883	0.01185	0.07214	0.28440	0.02595	0.50564	0.01876	0.00388	0.00422	0.01002	0.00387	0.00362
14	0.05940	0.00553	0.00691	0.00664	0.00790	0.00526	0.00495	0.00990	0.01389	0.02026	0.65694	0.11635	0.04495	0.01087	0.00601	0.00169	0.00261	0.00956	0.00549	0.00489
15	0.01289	0.01237	0.02114	0.03196	0.78450	0.01237	0.01598	0.01598	0.01186	0.01701	0.00980	0.01289	0.00825	0.00464	0.00516	0.00155	0.00619	0.00464	0.00258	0.00825
16	0.00641	0.00459	0.00610	0.00720	0.00757	0.00428	0.00484	0.00743	0.01029	0.01381	0.07966	0.76117	0.03544	0.01593	0.00661	0.00208	0.00298	0.01444	0.00489	0.00428
17	0.00983	0.00926	0.01562	0.80447	0.03587	0.01157	0.01446	0.01331	0.01041	0.01331	0.00926	0.01388	0.00694	0.00521	0.00521	0.00174	0.00694	0.00463	0.00231	0.00579
18	0.01795	0.01317	0.01424	0.01114	0.01472	0.01454	0.00901	0.65303	0.02197	0.02948	0.01300	0.01522	0.01014	0.09820	0.03801	0.00221	0.00597	0.00505	0.00489	0.00806
19	0.01392	0.82012	0.02729	0.00891	0.01337	0.02061	0.00891	0.01559	0.01058	0.01225	0.00724	0.00835	0.00668	0.00446	0.00334	0.00111	0.00557	0.00278	0.00223	0.00668
20	0.01139	0.01139	0.01595	0.01367	0.01367	0.01595	0.01139	0.01253	0.00798	0.01253	0.00684	0.01139	0.00684	0.00911	0.01709	0.00228	0.80745	0.00456	0.00228	0.00570

[dist]
# distance from previous block
# <min> <max>
1	2

[block]
# block no. 1 follows, 47 sequences, length 53
# corresponding to MSA columns:
# 101-153
name=unknown_B
#
# <colnr> <probs for GDERKNQSTAVLIFYWHMCP>
#	G	D	E	R	K	N	Q	S	T	A	V	L	I	F	Y	W	H	M	C	P
0	0.00767	0.00578	0.00705	0.00753	0.00885	0.00548	0.00603	0.03304	0.01189	0.01511	0.05647	0.12403	0.29608	0.07487	0.00815	0.00230	0.00384	0.31650	0.00473	0.00461
1	0.01080	0.00926	0.01080	0.00771	0.01234	0.00694	0.00617	0.01311	0.01080	0.01697	0.00926	0.01080	0.00771	0.00386	0.00386	0.00077	0.00386	0.00309	0.00309	0.84882
2	0.85377	0.01007	0.00765	0.00685	0.01007	0.01168	0.00564	0.01531	0.00886	0.02336	0.00725	0.00846	0.00564	0.00483	0.00322	0.00161	0.00403	0.00282	0.00322	0.00564
3	0.01066	0.00911	0.01065	0.00770	0.01219	0.00686	0.00613	0.01293	0.01077	0.01685	0.00987	0.03631	0.00856	0.00425	0.00395	0.00081	0.00383	0.00346	0.00314	0.82198
4	0.01863	0.01183	0.01334	0.01065	0.01432	0.01263	0.00861	0.36119	0.19656	0.23316	0.01687	0.01647	0.01203	0.04161	0.00616	0.00177	0.00497	0.00524	0.00548	0.00847
5	0.11363	0.00965	0.01201	0.00931	0.01327	0.00907	0.00769	0.10910	0.01534	0.61823	0.01817	0.01612	0.01164	0.00625	0.00501	0.00161	0.00454	0.00491	0.00595	0.00851
6	0.00634	0.00472	0.00591	0.00681	0.00745	0.00429	0.00465	0.00738	0.01053	0.01370	0.05761	0.62641	0.19431	0.01547	0.00653	0.00202	0.00292	0.01382	0.00486	0.00429
7	0.01500	0.00689	0.00907	0.00782	0.01015	0.00613	0.00598	0.01662	0.01299	0.39442	0.14788	0.15901	0.06544	0.10814	0.00827	0.00213	0.00385	0.00813	0.00557	0.00649
8	0.02028	0.01184	0.01369	0.01071	0.01466	0.01233	0.00878	0.37044	0.12383	0.33176	0.01690	0.01553	0.01143	0.00644	0.00523	0.00161	0.00499	0.00507	0.00571	0.00877
9	0.01289	0.01237	0.02114	0.03196	0.78450	0.01237	0.01598	0.01598	0.01186	0.01701	0.00980	0.01289	0.00825	0.00464	0.00516	0.00155	0.00619	0.00464	0.00258	0.00825
10	0.00634	0.00453	0.00604	0.00725	0.00755	0.00423	0.00483	0.00725	0.00997	0.01329	0.02870	0.81358	0.03444	0.01632	0.00665	0.00211	0.00302	0.01480	0.00483	0.00423
11	0.00634	0.00453	0.00604	0.00725	0.00755	0.00423	0.00483	0.00725	0.00997	0.01329	0.02870	0.81358	0.03444	0.01632	0.00665	0.00211	0.00302	0.01480	0.00483	0.00423
12	0.02322	0.00910	0.01223	0.00938	0.01341	0.00801	0.00775	0.05631	0.01530	0.75661	0.02021	0.01751	0.01272	0.00644	0.00524	0.00161	0.00449	0.00521	0.00639	0.00886
13	0.00982	0.00587	0.00775	0.00697	0.00862	0.00533	0.00533	0.01221	0.01477	0.13842	0.66514	0.03566	0.04358	0.01000	0.00600	0.00163	0.00276	0.00878	0.00584	0.00552
14	0.00864	0.00479	0.00719	0.00719	0.00743	0.00503	0.00503	0.00743	0.00719	0.00982	0.01030	0.01701	0.01006	0.02345	0.21862	0.63384	0.00693	0.00479	0.00240	0.00287
15	0.01166	0.01152	0.01626	0.01476	0.06088	0.01574	0.01164	0.02819	0.00855	0.01322	0.00713	0.01151	0.00696	0.00878	0.01612	0.00222	0.74202	0.00457	0.00236	0.00592
16	0.02204	0.00953	0.01232	0.00961	0.01353	0.00883	0.00788	0.08148	0.09274	0.65347	0.02001	0.01750	0.01289	0.00649	0.00524	0.00162	0.00450	0.00526	0.00624	0.00880
17	0.01295	0.01119	0.01178	0.01060	0.01354	0.01295	0.00824	0.02767	0.77509	0.02178	0.02120	0.01943	0.01590	0.00707	0.00530	0.00177	0.00412	0.00589	0.00530	0.00824
18	0.34399	0.00944	0.00969	0.02516	0.01171	0.01003	0.00666	0.10803	0.03721	0.22782	0.03772	0.01435	0.01075	0.00587	0.00426	0.00156	0.00414	0.00431	0.12047	0.00684
19	0.01155	0.00966	0.01561	0.45487	0.02694	0.01074	0.08818	0.01549	0.06171	0.08768	0.05606	0.01572	0.01071	0.00565	0.00555	0.00164	0.02702	0.00505	0.00320	0.08697
20	0.01122	0.03878	0.48413	0.01743	0.02413	0.01268	0.30384	0.01655	0.01148	0.01647	0.00976	0.01210	0.00710	0.00472	0.00537	0.00168	0.00806	0.00470	0.00237	0.00742
21	0.00615	0.00528	0.00528	0.00528	0.00703	0.00440	0.00396	0.00747	0.01187	0.01407	0.05276	0.05012	0.78238	0.01319	0.00615	0.00176	0.00264	0.01099	0.00484	0.00440
22	0.04483	0.00920	0.01216	0.00935	0.01336	0.00821	0.00772	0.06426	0.01525	0.72831	0.01977	0.01721	0.01249	0.00639	0.00518	0.00161	0.00449	0.00515	0.00630	0.00878
23	0.00877	0.00782	0.01259	0.46550	0.02453	0.00924	0.02664	0.01130	0.01038	0.01366	0.04869	0.26433	0.01736	0.00908	0.00631	0.00188	0.04533	0.00804	0.00325	0.00528
24	0.01103	0.01091	0.01525	0.01322	0.01324	0.01512	0.01093	0.01216	0.00812	0.01259	0.00839	0.06838	0.00880	0.00963	0.01635	0.00227	0.75031	0.00529	0.00246	0.00559
25	0.00971	0.00485	0.00485	0.00485	0.00607	0.00485	0.00364	0.01213	0.01092	0.01942	0.01699	0.01942	0.01335	0.00607	0.00364	0.00121	0.00243	0.00485	0.84589	0.00485
26	0.85377	0.01007	0.00765	0.00685	0.01007	0.01168	0.00564	0.01531	0.00886	0.02336	0.00725	0.00846	0.00564	0.00483	0.00322	0.00161	0.00403	0.00282	0.00322	0.00564
27	0.02336	0.00886	0.01209	0.00927	0.01329	0.00765	0.00765	0.02538	0.01491	0.78810	0.02055	0.01773	0.01289	0.00645	0.00524	0.00161	0.00443	0.00524	0.00645	0.00886
28	0.01448	0.73944	0.02602	0.00937	0.01364	0.09927	0.00903	0.01612	0.01101	0.01230	0.00732	0.00846	0.00669	0.00455	0.00348	0.00114	0.00596	0.00284	0.00227	0.00662
29	0.02311	0.00927	0.01234	0.00946	0.01350	0.00826	0.00781	0.07807	0.01559	0.73445	0.01997	0.01735	0.01260	0.00643	0.00524	0.00161	0.00452	0.00520	0.00636	0.00886
30	0.02325	0.00905	0.01220	0.00935	0.01339	0.00793	0.00773	0.04918	0.01521	0.76387	0.02029	0.01756	0.01276	0.00644	0.00524	0.00161	0.00447	0.00522	0.00641	0.00886
31	0.01229	0.01405	0.03073	0.02195	0.02722	0.01317	0.76558	0.01668	0.01229	0.01668	0.01054	0.01405	0.00790	0.00439	0.00615	0.00176	0.00878	0.00615	0.00263	0.00702
32	0.00756	0.00512	0.00603	0.00603	0.00615	0.00524	0.00359	0.00780	0.00768	0.01035	0.01609	0.03232	0.01817	0.71652	0.12593	0.00548	0.00620	0.00732	0.00311	0.00335
33	0.00634	0.00453	0.00604	0.00725	0.00755	0.00423	0.00483	0.00725	0.00997	0.01329	0.02870	0.81358	0.03444	0.01632	0.00665	0.00211	0.00302	0.01480	0.00483	0.00423
34	0.03565	0.00525	0.00680	0.00743	0.00795	0.00530	0.00520	0.00804	0.01007	0.01393	0.08599	0.57363	0.07497	0.01497	0.00809	0.06217	0.05337	0.01238	0.00451	0.00429
35	0.00646	0.00526	0.00551	0.00547	0.00697	0.00453	0.00397	0.00775	0.01171	0.01440	0.13198	0.04701	0.61173	0.10430	0.00847	0.00212	0.00289	0.01042	0.00475	0.00431
36	0.01045	0.02694	0.79000	0.01484	0.02254	0.01209	0.01924	0.01649	0.01099	0.01649	0.00935	0.01099	0.00660	0.00495	0.00495	0.00165	0.00770	0.00385	0.00220	0.00770
37	0.63814	0.00986	0.00969	0.21064	0.01666	0.01165	0.00789	0.01480	0.00926	0.02079	0.00776	0.00985	0.00597	0.00493	0.00373	0.00164	0.00477	0.00328	0.00299	0.00568
38	0.60792	0.00981	0.00890	0.00765	0.01090	0.01091	0.00628	0.06021	0.01073	0.14955	0.01023	0.01108	0.00755	0.00761	0.06001	0.00209	0.00490	0.00352	0.00384	0.00629
39	0.01901	0.01420	0.01519	0.01182	0.01585	0.01578	0.00971	0.68257	0.11032	0.03156	0.01350	0.01329	0.00966	0.00634	0.00522	0.00159	0.00555	0.00483	0.00522	0.00879
40	0.00986	0.00642	0.00703	0.00649	0.00741	0.00668	0.00435	0.12062	0.01086	0.01564	0.01590	0.02718	0.01601	0.49091	0.03809	0.00374	0.00478	0.00647	0.19715	0.00442
41	0.04411	0.00771	0.00994	0.00829	0.01111	0.00705	0.00658	0.05714	0.01450	0.42026	0.20921	0.11396	0.04991	0.00877	0.00558	0.00168	0.00378	0.00744	0.00586	0.00711
42	0.00745	0.00568	0.00693	0.00712	0.00825	0.00550	0.00514	0.01055	0.09944	0.01712	0.30451	0.34138	0.13565	0.01279	0.00624	0.00186	0.00289	0.01133	0.00521	0.00496
43	0.00633	0.00457	0.00600	0.00714	0.00752	0.00424	0.00478	0.00726	0.01008	0.01334	0.03009	0.76966	0.07748	0.01614	0.00662	0.00209	0.00300	0.01459	0.00483	0.00424
44	0.01080	0.00599	0.00779	0.00774	0.00904	0.00559	0.00554	0.04427	0.01170	0.18363	0.05958	0.50587	0.02803	0.07884	0.00787	0.00220	0.00359	0.01144	0.00511	0.00539
45	0.03128	0.01007	0.01156	0.00939	0.01246	0.01029	0.00744	0.32532	0.01722	0.21356	0.04264	0.10241	0.06957	0.08538	0.00743	0.00197	0.00467	0.00667	0.00519	0.02546
46	0.00698	0.00538	0.00642	0.00654	0.00779	0.00494	0.00479	0.00921	0.04551	0.01672	0.31055	0.23412	0.28256	0.01279	0.00625	0.00182	0.00277	0.02496	0.00518	0.00472
47	0.02233	0.01052	0.01311	0.01005	0.01412	0.01012	0.00831	0.24058	0.01768	0.56898	0.01821	0.01621	0.01172	0.00639	0.00523	0.00160	0.00481	0.00508	0.00609	0.00886
48	0.02833	0.00601	0.00771	0.00707	0.00865	0.00553	0.00525	0.01245	0.01312	0.17418	0.40729	0.13391	0.05051	0.10650	0.00839	0.00210	0.00328	0.00894	0.00538	0.00542
49	0.00891	0.00536	0.00698	0.00712	0.00815	0.00492	0.00502	0.01025	0.01157	0.11544	0.20523	0.42384	0.05893	0.09306	0.00830	0.00222	0.00326	0.01144	0.00509	0.00489
50	0.02170	0.03035	0.01329	0.00992	0.01392	0.01022	0.00822	0.22799	0.01742	0.54041	0.03940	0.01666	0.01265	0.00646	0.00521	0.00159	0.00476	0.00514	0.00598	0.00870
51	0.00698	0.00524	0.00647	0.00674	0.00778	0.00486	0.00487	0.00900	0.03628	0.01650	0.30851	0.30838	0.19165	0.03019	0.00676	0.00193	0.00287	0.03519	0.00514	0.00464
52	0.05961	0.00800	0.00927	0.00802	0.01021	0.00807	0.00606	0.13360	0.05438	0.19738	0.09223	0.10704	0.03078	0.18644	0.00996	0.00240	0.00424	0.00705	0.05906	0.00620

[dist]
# distance from previous block
# <min> <max>
0	1

[block]
# block no. 2 follows, 47 sequences, length 69
# corresponding to MSA columns:
# 155-223
name=unknown_C
#
# <colnr> <probs for GDERKNQSTAVLIFYWHMCP>
#	G	D	E	R	K	N	Q	S	T	A	V	L	I	F	Y	W	H	M	C	P
0	0.04513	0.00650	0.00832	0.00809	0.01006	0.00602	0.00651	0.01362	0.01234	0.22416	0.05367	0.18745	0.15868	0.01190	0.00619	0.00196	0.00387	0.22457	0.00522	0.00575
1	0.00634	0.00453	0.00604	0.00725	0.00755	0.00423	0.00483	0.00725	0.00997	0.01329	0.02870	0.81358	0.03444	0.01632	0.00665	0.00211	0.00302	0.01480	0.00483	0.00423
2	0.01066	0.00907	0.01057	0.00762	0.01205	0.00686	0.00604	0.01287	0.01066	0.01667	0.00957	0.01183	0.00821	0.03984	0.00486	0.00096	0.00391	0.00328	0.00309	0.81140
3	0.00663	0.00473	0.00623	0.00703	0.00752	0.00442	0.00478	0.00784	0.01092	0.01483	0.19498	0.60748	0.03701	0.05049	0.00741	0.00214	0.00299	0.01329	0.00496	0.00433
4	0.01945	0.02482	0.01476	0.01342	0.01610	0.79608	0.01006	0.02079	0.01476	0.01275	0.00805	0.00939	0.00671	0.00537	0.00470	0.00134	0.00939	0.00335	0.00268	0.00604
5	0.00631	0.00469	0.00588	0.00684	0.00745	0.00426	0.00465	0.00730	0.01037	0.01346	0.03371	0.65466	0.19014	0.01566	0.00654	0.00204	0.00294	0.01401	0.00483	0.00426
6	0.00882	0.00669	0.00925	0.00884	0.00978	0.00788	0.00688	0.05970	0.00960	0.01387	0.01434	0.08975	0.01388	0.04197	0.49262	0.03948	0.10628	0.00618	0.04930	0.00491
7	0.17472	0.00944	0.01132	0.00895	0.01274	0.00907	0.00736	0.06674	0.04792	0.55428	0.01759	0.01583	0.01147	0.00616	0.00484	0.00161	0.00438	0.00478	0.02264	0.00816
8	0.82637	0.01003	0.00780	0.00693	0.01018	0.01155	0.00571	0.01564	0.00906	0.04860	0.00769	0.00877	0.00588	0.00489	0.00329	0.00161	0.00404	0.00290	0.00333	0.00575
9	0.01495	0.12928	0.04521	0.01366	0.10424	0.11680	0.01023	0.14681	0.30880	0.02016	0.01398	0.01415	0.01079	0.00602	0.00513	0.00156	0.02176	0.00467	0.00401	0.00777
10	0.04756	0.00819	0.01091	0.00864	0.01208	0.00724	0.00704	0.02193	0.01467	0.60900	0.17277	0.02167	0.01992	0.00723	0.00535	0.00162	0.00402	0.00600	0.00620	0.00796
11	0.01158	0.00763	0.00944	0.00774	0.01071	0.00645	0.00601	0.02932	0.02734	0.14642	0.22299	0.12977	0.02362	0.00794	0.00514	0.00137	0.00350	0.00685	0.00469	0.33149
12	0.00692	0.00526	0.00660	0.01975	0.00868	0.00489	0.00563	0.00846	0.01135	0.01452	0.07499	0.32435	0.27069	0.01436	0.00658	0.00204	0.00339	0.20222	0.00483	0.00449
13	0.09862	0.14117	0.12335	0.01017	0.01422	0.08847	0.00947	0.09340	0.01379	0.23326	0.07181	0.01565	0.03827	0.00623	0.00495	0.00153	0.01950	0.00468	0.00420	0.00726
14	0.01392	0.82012	0.02729	0.00891	0.01337	0.02061	0.00891	0.01559	0.01058	0.01225	0.00724	0.00835	0.00668	0.00446	0.00334	0.00111	0.00557	0.00278	0.00223	0.00668
15	0.03984	0.01512	0.12067	0.02004	0.02536	0.01267	0.61671	0.01635	0.01201	0.01683	0.01104	0.01547	0.00865	0.00491	0.00595	0.00177	0.00831	0.03865	0.00270	0.00696
16	0.00744	0.00499	0.00572	0.00585	0.00589	0.00496	0.00334	0.00754	0.00784	0.01045	0.01777	0.12061	0.02065	0.72810	0.02430	0.00472	0.00482	0.00838	0.00334	0.00327
17	0.02071	0.01261	0.01434	0.01105	0.01513	0.01328	0.00911	0.49988	0.04811	0.27774	0.01542	0.01445	0.01042	0.00634	0.00522	0.00159	0.00525	0.00491	0.00561	0.00884
18	0.01335	0.01135	0.03516	0.13876	0.49719	0.01124	0.01415	0.01659	0.02583	0.11010	0.01247	0.01692	0.01025	0.00568	0.00531	0.00165	0.00598	0.05710	0.00321	0.00771
19	0.01394	0.01097	0.01180	0.01047	0.01352	0.01245	0.00819	0.02746	0.70307	0.09439	0.02113	0.01927	0.01561	0.00701	0.00529	0.00175	0.00415	0.00583	0.00541	0.00830
20	0.01258	0.01077	0.01150	0.01052	0.01332	0.01239	0.00825	0.02630	0.71321	0.02128	0.02171	0.02262	0.01704	0.00766	0.00545	0.00182	0.00418	0.06618	0.00526	0.00796
21	0.00631	0.00528	0.00550	0.00544	0.00713	0.00446	0.00408	0.00778	0.01225	0.01497	0.14879	0.04864	0.68579	0.01285	0.00615	0.00174	0.00261	0.01078	0.00495	0.00446
22	0.01783	0.01601	0.01365	0.01153	0.01483	0.25701	0.00907	0.26299	0.18527	0.09475	0.01583	0.01546	0.04928	0.00652	0.00512	0.00155	0.00624	0.00491	0.00454	0.00762
23	0.01168	0.01188	0.01591	0.01366	0.01376	0.04412	0.01135	0.01283	0.00822	0.01254	0.00688	0.01132	0.00683	0.00898	0.01664	0.00224	0.77863	0.00451	0.00229	0.00571
24	0.00635	0.00527	0.00550	0.00545	0.00709	0.00448	0.00405	0.00778	0.01211	0.01482	0.14479	0.04820	0.66587	0.03691	0.00676	0.00184	0.00269	0.01069	0.00490	0.00443
25	0.05507	0.01696	0.29279	0.04677	0.14068	0.01159	0.03836	0.10110	0.04431	0.03490	0.01041	0.01201	0.00785	0.00495	0.00479	0.00147	0.00613	0.00410	0.00305	0.16272
26	0.01283	0.01338	0.09303	0.05938	0.62438	0.01193	0.01554	0.01614	0.01179	0.04428	0.01009	0.01284	0.00818	0.00473	0.00509	0.00154	0.00620	0.00452	0.00269	0.04144
27	0.76497	0.01043	0.00843	0.00734	0.01066	0.01198	0.00605	0.08011	0.01033	0.03997	0.00798	0.00900	0.00607	0.00499	0.00344	0.00161	0.00418	0.00303	0.00346	0.00598
28	0.01980	0.01459	0.01563	0.01198	0.01615	0.01615	0.00990	0.76713	0.02448	0.03282	0.01250	0.01250	0.00886	0.00625	0.00521	0.00156	0.00573	0.00469	0.00521	0.00886
29	0.13702	0.00940	0.01057	0.00814	0.01200	0.00842	0.00650	0.08655	0.01243	0.15388	0.02547	0.04077	0.01054	0.04120	0.00527	0.00137	0.00416	0.00428	0.00400	0.41802
30	0.00701	0.00487	0.00640	0.00730	0.00768	0.00472	0.00490	0.00815	0.04334	0.01303	0.02537	0.64128	0.02973	0.05161	0.02192	0.09780	0.00351	0.01278	0.00446	0.00415
31	0.00642	0.00458	0.00613	0.00733	0.00767	0.00429	0.00496	0.00738	0.01004	0.01338	0.02866	0.78670	0.03428	0.01625	0.00667	0.00213	0.00308	0.04097	0.00483	0.00425
32	0.00905	0.00452	0.00678	0.00678	0.00678	0.00452	0.00452	0.00678	0.00678	0.00905	0.00905	0.01583	0.00905	0.01809	0.02035	0.84848	0.00452	0.00452	0.00226	0.00226
33	0.00822	0.00544	0.00666	0.00658	0.00800	0.00483	0.00484	0.00986	0.01257	0.08936	0.27466	0.24421	0.28021	0.01257	0.00619	0.00180	0.00285	0.01095	0.00527	0.00494
34	0.01137	0.01131	0.01575	0.01344	0.01362	0.01559	0.01119	0.01256	0.00809	0.01271	0.00693	0.01137	0.00687	0.00891	0.01657	0.00222	0.77560	0.00450	0.00231	0.03912
35	0.00794	0.00559	0.00635	0.00635	0.00671	0.00570	0.00389	0.00953	0.08084	0.01198	0.04911	0.11595	0.02152	0.62234	0.02156	0.00429	0.00464	0.00826	0.00364	0.00382
36	0.00735	0.00507	0.00642	0.00671	0.00770	0.00463	0.00479	0.00894	0.01211	0.04221	0.29417	0.38086	0.14670	0.01323	0.00626	0.00185	0.00280	0.01174	0.03180	0.00467
37	0.00733	0.00496	0.00580	0.00604	0.00612	0.00491	0.00355	0.00754	0.00806	0.01077	0.01880	0.18849	0.02190	0.64332	0.03721	0.00453	0.00482	0.00897	0.00348	0.00340
38	0.00982	0.00653	0.00837	0.00808	0.00975	0.00642	0.00643	0.01370	0.10897	0.09373	0.40250	0.06917	0.03629	0.01091	0.00622	0.00185	0.00344	0.18668	0.00549	0.00566
39	0.01025	0.00604	0.00787	0.00710	0.00885	0.00552	0.00543	0.01276	0.03016	0.15774	0.56313	0.07322	0.07087	0.01020	0.00599	0.00166	0.00288	0.00892	0.00577	0.00564
40	0.01080	0.00607	0.00753	0.00688	0.00880	0.00534	0.00521	0.01251	0.01302	0.20580	0.24475	0.13552	0.26457	0.04095	0.00674	0.00186	0.00317	0.00950	0.00542	0.00557
41	0.00716	0.00524	0.00671	0.00650	0.00769	0.00480	0.00482	0.00936	0.01402	0.01952	0.64107	0.11336	0.11748	0.01143	0.00619	0.00169	0.00253	0.01008	0.00556	0.00480
42	0.00901	0.00612	0.00777	0.00712	0.00871	0.00587	0.00542	0.01260	0.08679	0.07413	0.65695	0.03559	0.04348	0.01002	0.00600	0.00165	0.00275	0.00879	0.00574	0.00550
43	0.05682	0.00695	0.00869	0.00754	0.00973	0.00656	0.00585	0.04498	0.01384	0.24499	0.33575	0.05184	0.06981	0.05462	0.04174	0.00212	0.00393	0.00754	0.02061	0.00611
44	0.00802	0.00528	0.00640	0.00664	0.00786	0.00470	0.00473	0.00926	0.01137	0.08743	0.09313	0.38129	0.29487	0.04527	0.00708	0.00202	0.00306	0.01187	0.00499	0.00474
45	0.01246	0.00714	0.00906	0.00782	0.00996	0.00678	0.00608	0.09862	0.01545	0.20112	0.45598	0.07823	0.03463	0.02519	0.00625	0.00172	0.00337	0.00820	0.00574	0.00621
46	0.01142	0.01148	0.01642	0.01393	0.01410	0.01586	0.03524	0.01266	0.00811	0.01266	0.00695	0.01148	0.00687	0.00897	0.01674	0.00226	0.78219	0.00461	0.00229	0.00574
47	0.00728	0.00519	0.00667	0.04190	0.00819	0.00531	0.00471	0.00809	0.00885	0.01193	0.05019	0.24783	0.03831	0.39342	0.13512	0.00439	0.00576	0.00929	0.00366	0.00389
48	0.75608	0.00955	0.00748	0.00671	0.00976	0.01095	0.00549	0.01522	0.00919	0.03931	0.00846	0.00970	0.00652	0.00499	0.00331	0.00157	0.00389	0.00306	0.08313	0.00563
49	0.00715	0.00592	0.00632	0.00637	0.00811	0.00544	0.00493	0.00984	0.08406	0.01487	0.04517	0.04784	0.58316	0.03929	0.00689	0.00195	0.00315	0.10993	0.00482	0.00477
50	0.01812	0.01408	0.01414	0.01130	0.01476	0.09032	0.00910	0.53188	0.06147	0.05265	0.01292	0.01402	0.00973	0.04250	0.00674	0.02705	0.02185	0.00477	0.03472	0.00789
51	0.05713	0.02447	0.08774	0.15798	0.13943	0.01047	0.01134	0.08859	0.01346	0.23613	0.03784	0.03503	0.01240	0.00656	0.00525	0.00168	0.00553	0.05740	0.00416	0.00739
52	0.00724	0.00563	0.00672	0.00706	0.00845	0.00524	0.00552	0.00957	0.04687	0.01580	0.16091	0.15221	0.34066	0.01321	0.00644	0.00195	0.00326	0.19353	0.00499	0.00473
53	0.03588	0.02501	0.68267	0.01539	0.02268	0.01220	0.10133	0.01648	0.01107	0.01672	0.00941	0.01126	0.00671	0.00488	0.00503	0.00166	0.00771	0.00407	0.00228	0.00756
54	0.03015	0.23888	0.30541	0.07375	0.12778	0.01408	0.01398	0.03336	0.01160	0.09066	0.00994	0.01139	0.00752	0.00496	0.00455	0.00149	0.00641	0.00386	0.00277	0.00745
55	0.01236	0.08499	0.04363	0.45043	0.04247	0.03703	0.01247	0.03042	0.01100	0.09609	0.01008	0.01334	0.00768	0.00622	0.00681	0.03916	0.08235	0.00445	0.00281	0.00622
56	0.00634	0.00453	0.00604	0.00725	0.00755	0.00423	0.00483	0.00725	0.00997	0.01329	0.02870	0.81358	0.03444	0.01632	0.00665	0.00211	0.00302	0.01480	0.00483	0.00423
57	0.01138	0.01105	0.01942	0.39845	0.35666	0.01207	0.08628	0.01478	0.01121	0.01522	0.00961	0.01347	0.00759	0.00489	0.00527	0.00166	0.00679	0.00478	0.00246	0.00696
58	0.00882	0.00574	0.00647	0.00606	0.00780	0.00502	0.00448	0.01017	0.01186	0.11872	0.11032	0.04179	0.48508	0.12740	0.02530	0.00233	0.00344	0.00947	0.00485	0.00488
59	0.01295	0.01119	0.01178	0.01060	0.01354	0.01295	0.00824	0.02767	0.77509	0.02178	0.02120	0.01943	0.01590	0.00707	0.00530	0.00177	0.00412	0.00589	0.00530	0.00824
60	0.01007	0.00971	0.01705	0.73033	0.03505	0.01172	0.08563	0.01363	0.01059	0.01363	0.00938	0.01390	0.00703	0.00513	0.00530	0.00174	0.00712	0.00477	0.00234	0.00590
61	0.00741	0.00501	0.00570	0.00581	0.00590	0.00495	0.00334	0.00754	0.00795	0.01053	0.01883	0.10631	0.04756	0.71474	0.02396	0.00466	0.00478	0.00836	0.00337	0.00330
62	0.00984	0.00927	0.01526	0.69732	0.03262	0.01169	0.01378	0.01299	0.01016	0.01323	0.00981	0.04597	0.00804	0.00603	0.00639	0.00180	0.08263	0.00503	0.00241	0.00571
63	0.01392	0.82012	0.02729	0.00891	0.01337	0.02061	0.00891	0.01559	0.01058	0.01225	0.00724	0.00835	0.00668	0.00446	0.00334	0.00111	0.00557	0.00278	0.00223	0.00668
64	0.85377	0.01007	0.00765	0.00685	0.01007	0.01168	0.00564	0.01531	0.00886	0.02336	0.00725	0.00846	0.00564	0.00483	0.00322	0.00161	0.00403	0.00282	0.00322	0.00564
65	0.01669	0.09604	0.01479	0.01197	0.01457	0.53441	0.00928	0.05649	0.01366	0.01361	0.00931	0.01153	0.00800	0.01165	0.15311	0.00265	0.00970	0.00379	0.00279	0.00598
66	0.70705	0.01024	0.00866	0.03897	0.01157	0.01180	0.00636	0.08613	0.01045	0.02346	0.00870	0.04160	0.00716	0.00545	0.00363	0.00163	0.00426	0.00355	0.00344	0.00589
67	0.01966	0.02213	0.01444	0.01287	0.01562	0.65859	0.00979	0.02109	0.01451	0.11754	0.00969	0.01060	0.00755	0.00566	0.00526	0.00142	0.04035	0.00366	0.00318	0.00641
68	0.00955	0.08447	0.01067	0.00754	0.01073	0.00733	0.00596	0.01143	0.01091	0.01570	0.06002	0.19570	0.06708	0.00793	0.00479	0.00125	0.00369	0.02304	0.00370	0.45851

[dist]
# distance from previous block
# <min> <max>
0	8

[block]
# block no. 3 follows, 47 sequences, length 10
# corresponding to MSA columns:
# 232-241
name=unknown_D
#
# <colnr> <probs for GDERKNQSTAVLIFYWHMCP>
#	G	D	E	R	K	N	Q	S	T	A	V	L	I	F	Y	W	H	M	C	P
0	0.01846	0.01337	0.01452	0.01131	0.01515	0.01465	0.00928	0.63799	0.05528	0.05782	0.08573	0.01547	0.01310	0.00671	0.00530	0.00158	0.00531	0.00521	0.00531	0.00846
1	0.01286	0.01004	0.01098	0.00944	0.01214	0.01089	0.00743	0.25362	0.25639	0.02382	0.18475	0.06670	0.10122	0.00870	0.00561	0.00169	0.00406	0.00727	0.00529	0.00711
2	0.02182	0.00994	0.01258	0.00980	0.01374	0.00943	0.00804	0.13557	0.09046	0.60140	0.01942	0.01712	0.01259	0.00648	0.00524	0.00162	0.00459	0.00522	0.00615	0.00880
3	0.00653	0.00529	0.00581	0.00582	0.00738	0.00458	0.00440	0.00813	0.01243	0.01559	0.20924	0.07430	0.56306	0.01280	0.00622	0.00177	0.00271	0.04440	0.00503	0.00452
4	0.00757	0.00505	0.00568	0.00568	0.00568	0.00505	0.00316	0.00757	0.00757	0.01010	0.01641	0.03408	0.01893	0.81698	0.02651	0.00505	0.00505	0.00757	0.00316	0.00316
5	0.01344	0.01143	0.01205	0.01070	0.01373	0.01318	0.00836	0.08064	0.72132	0.02258	0.02057	0.01893	0.01539	0.00701	0.00529	0.00175	0.00424	0.00580	0.00529	0.00829
6	0.00646	0.00525	0.00575	0.00587	0.00738	0.00454	0.00440	0.00797	0.01212	0.01507	0.15630	0.12074	0.56645	0.01317	0.00625	0.00181	0.00276	0.04828	0.00497	0.00448
7	0.00820	0.00593	0.00812	0.00922	0.01046	0.00586	0.00801	0.01050	0.01198	0.01545	0.02976	0.05799	0.09546	0.01428	0.00710	0.00234	0.00461	0.68517	0.00480	0.00476
8	0.00708	0.00531	0.00655	0.00624	0.00760	0.00479	0.00468	0.00926	0.01405	0.01924	0.60593	0.04161	0.22598	0.01126	0.00615	0.00167	0.00250	0.00980	0.00552	0.00479
9	0.01192	0.01385	0.05141	0.05083	0.02634	0.01287	0.66631	0.01611	0.01197	0.01631	0.01093	0.03989	0.00866	0.00497	0.00644	0.00178	0.03363	0.00625	0.00267	0.00686

[dist]
# distance from previous block
# <min> <max>
0	1

[block]
# block no. 4 follows, 47 sequences, length 7
# corresponding to MSA columns:
# 243-249
name=unknown_E
#
# <colnr> <probs for GDERKNQSTAVLIFYWHMCP>
#	G	D	E	R	K	N	Q	S	T	A	V	L	I	F	Y	W	H	M	C	P
0	0.00656	0.00505	0.00599	0.00626	0.00741	0.00449	0.00450	0.00806	0.01207	0.01573	0.24951	0.29052	0.33817	0.01347	0.00631	0.00184	0.00271	0.01177	0.00509	0.00449
1	0.01080	0.00926	0.01080	0.00771	0.01234	0.00694	0.00617	0.01311	0.01080	0.01697	0.00926	0.01080	0.00771	0.00386	0.00386	0.00077	0.00386	0.00309	0.00309	0.84882
2	0.01209	0.01155	0.01947	0.12752	0.64278	0.01178	0.01506	0.01513	0.01168	0.01637	0.01235	0.01529	0.05541	0.00523	0.00522	0.00158	0.00606	0.00503	0.00268	0.00770
3	0.04113	0.01347	0.01173	0.01038	0.01319	0.19012	0.00805	0.09692	0.33374	0.05566	0.08140	0.02045	0.08670	0.00736	0.00523	0.00163	0.00522	0.00582	0.00467	0.00712
4	0.00630	0.00469	0.00588	0.00682	0.00744	0.00427	0.00464	0.00730	0.01038	0.01346	0.03392	0.64813	0.19654	0.01564	0.00654	0.00204	0.00294	0.01398	0.00483	0.00427
5	0.44563	0.04312	0.04271	0.00836	0.01215	0.01075	0.00725	0.04923	0.01187	0.30486	0.01245	0.01214	0.00852	0.00547	0.00412	0.00159	0.00446	0.00383	0.00441	0.00708
6	0.01604	0.05238	0.01167	0.00896	0.01182	0.03664	0.00712	0.13907	0.05043	0.27989	0.09764	0.02312	0.01741	0.14618	0.00892	0.00218	0.00476	0.04480	0.00499	0.03599

[dist]
# distance from previous block
# <min> <max>
0	2

[block]
# block no. 5 follows, 47 sequences, length 59
# corresponding to MSA columns:
# 252-310
name=unknown_F
#
# <colnr> <probs for GDERKNQSTAVLIFYWHMCP>
#	G	D	E	R	K	N	Q	S	T	A	V	L	I	F	Y	W	H	M	C	P
0	0.06172	0.03638	0.01226	0.07537	0.01461	0.01050	0.02323	0.06023	0.26625	0.22316	0.14097	0.02022	0.01833	0.00702	0.00524	0.00166	0.00439	0.00585	0.00515	0.00748
1	0.01149	0.01031	0.08991	0.00899	0.01311	0.00733	0.03998	0.01418	0.01196	0.10820	0.13207	0.05479	0.02858	0.00609	0.00475	0.00122	0.00425	0.00521	0.00389	0.44370
2	0.00654	0.00466	0.00600	0.00695	0.00729	0.00437	0.00458	0.00739	0.00988	0.01315	0.05475	0.65372	0.05798	0.12541	0.00933	0.00249	0.00327	0.01350	0.00464	0.00411
3	0.01009	0.01653	0.33863	0.04090	0.10417	0.01052	0.09275	0.01416	0.01162	0.01672	0.14236	0.07199	0.01681	0.00717	0.00627	0.00175	0.05716	0.03057	0.00316	0.00670
4	0.04495	0.21966	0.57281	0.01308	0.01981	0.01415	0.01618	0.01623	0.01081	0.01573	0.00875	0.01025	0.00658	0.00482	0.00449	0.00152	0.00703	0.00355	0.00225	0.00737
5	0.00762	0.00552	0.00808	0.00808	0.00904	0.00637	0.00628	0.00953	0.00858	0.01268	0.01420	0.02037	0.01305	0.03637	0.73188	0.00779	0.01301	0.00552	0.07136	0.00467
6	0.00749	0.00505	0.00567	0.00569	0.00577	0.00501	0.00322	0.00756	0.00780	0.01033	0.01816	0.05036	0.05087	0.76764	0.02526	0.00485	0.00491	0.00786	0.00326	0.00323
7	0.01177	0.03607	0.15715	0.08360	0.02604	0.01320	0.51786	0.01612	0.01164	0.01604	0.00994	0.01323	0.00751	0.00481	0.00639	0.00175	0.05194	0.00546	0.00250	0.00696
8	0.01054	0.01023	0.01514	0.01295	0.01347	0.01351	0.06460	0.01196	0.00842	0.01272	0.00946	0.05130	0.00950	0.04266	0.12320	0.00317	0.57376	0.00540	0.00253	0.00549
9	0.01151	0.01136	0.03654	0.36644	0.44233	0.01202	0.01540	0.01483	0.01121	0.01539	0.00955	0.01328	0.00764	0.00489	0.00517	0.00163	0.00655	0.00462	0.00245	0.00717
10	0.00744	0.00558	0.00837	0.00837	0.00930	0.00651	0.00651	0.00930	0.00837	0.01209	0.01395	0.02046	0.01302	0.03906	0.79635	0.00837	0.01395	0.00558	0.00279	0.00465
11	0.01080	0.00926	0.01080	0.00771	0.01234	0.00694	0.00617	0.01311	0.01080	0.01697	0.00926	0.01080	0.00771	0.00386	0.00386	0.00077	0.00386	0.00309	0.00309	0.84882
12	0.85377	0.01007	0.00765	0.00685	0.01007	0.01168	0.00564	0.01531	0.00886	0.02336	0.00725	0.00846	0.00564	0.00483	0.00322	0.00161	0.00403	0.00282	0.00322	0.00564
13	0.01289	0.01237	0.02114	0.03196	0.78450	0.01237	0.01598	0.01598	0.01186	0.01701	0.00980	0.01289	0.00825	0.00464	0.00516	0.00155	0.00619	0.00464	0.00258	0.00825
14	0.00724	0.00530	0.00679	0.00645	0.00771	0.00485	0.00482	0.00956	0.01438	0.02011	0.69971	0.05548	0.11615	0.01099	0.00615	0.00166	0.00248	0.00967	0.00563	0.00485
15	0.00745	0.00554	0.00816	0.00816	0.00901	0.00639	0.00624	0.00916	0.00831	0.01193	0.01414	0.02154	0.01349	0.10056	0.73548	0.00811	0.01325	0.00574	0.00282	0.00453
16	0.01178	0.01084	0.01764	0.45567	0.30865	0.01224	0.01464	0.07671	0.01211	0.01628	0.00972	0.01340	0.00758	0.00509	0.00519	0.00165	0.00656	0.00464	0.00265	0.00694
17	0.00768	0.00550	0.00688	0.00647	0.00786	0.00504	0.00485	0.01011	0.02731	0.03900	0.61743	0.03976	0.16589	0.02544	0.00647	0.00172	0.00261	0.00947	0.00555	0.00496
18	0.00655	0.00529	0.00582	0.00569	0.00727	0.00456	0.00426	0.00823	0.01279	0.01626	0.28686	0.04652	0.54691	0.01237	0.00615	0.00172	0.00258	0.01049	0.00512	0.00456
19	0.00761	0.00538	0.00704	0.00691	0.00812	0.00499	0.00526	0.00987	0.01394	0.03262	0.59840	0.10856	0.07572	0.01154	0.00627	0.00176	0.00278	0.08282	0.00554	0.00489
20	0.01080	0.00926	0.01080	0.00771	0.01234	0.00694	0.00617	0.01311	0.01080	0.01697	0.00926	0.01080	0.00771	0.00386	0.00386	0.00077	0.00386	0.00309	0.00309	0.84882
21	0.00852	0.00646	0.00905	0.00919	0.01010	0.00678	0.03570	0.01022	0.01053	0.01402	0.04955	0.04547	0.02481	0.23930	0.01337	0.00308	0.07140	0.42389	0.00408	0.00450
22	0.01432	0.76329	0.02639	0.00923	0.01356	0.07601	0.00899	0.01597	0.01088	0.01229	0.00730	0.00843	0.00668	0.00452	0.00344	0.00113	0.00584	0.00283	0.00226	0.00664
23	0.00634	0.00453	0.00604	0.00725	0.00755	0.00423	0.00483	0.00725	0.00997	0.01329	0.02870	0.81358	0.03444	0.01632	0.00665	0.00211	0.00302	0.01480	0.00483	0.00423
24	0.01042	0.07272	0.00710	0.00545	0.00704	0.00657	0.00430	0.03993	0.01139	0.01931	0.01602	0.01825	0.01263	0.00594	0.00367	0.00122	0.00281	0.00468	0.74540	0.00515
25	0.02041	0.01042	0.01241	0.00998	0.01368	0.03825	0.00814	0.11278	0.14898	0.50717	0.01952	0.01865	0.01336	0.00679	0.00530	0.00165	0.00473	0.03338	0.00590	0.00850
26	0.00649	0.00459	0.00600	0.00706	0.00733	0.00433	0.00463	0.00729	0.00968	0.01291	0.02722	0.71953	0.03257	0.11292	0.00904	0.00247	0.00327	0.01393	0.00463	0.00410
27	0.01260	0.57416	0.19738	0.01020	0.01509	0.01752	0.01104	0.01527	0.01049	0.01319	0.00827	0.00995	0.00719	0.00743	0.06937	0.00184	0.00674	0.00326	0.00227	0.00674
28	0.03525	0.45579	0.06504	0.10691	0.01576	0.01574	0.00972	0.01397	0.00999	0.01291	0.00893	0.01174	0.00795	0.01170	0.16290	0.00273	0.04071	0.00371	0.00238	0.00615
29	0.00640	0.00455	0.00603	0.00719	0.00748	0.00426	0.00476	0.00726	0.00987	0.01316	0.02819	0.78129	0.03380	0.04948	0.00747	0.00224	0.00311	0.01450	0.00476	0.00419
30	0.01727	0.00816	0.01127	0.01037	0.07549	0.00741	0.00753	0.01997	0.04218	0.46371	0.25060	0.02381	0.02361	0.00759	0.00551	0.00162	0.00397	0.00648	0.00587	0.00759
31	0.01443	0.05778	0.06414	0.01124	0.01476	0.03786	0.03921	0.13736	0.41274	0.07700	0.01788	0.06418	0.01399	0.00701	0.00524	0.00169	0.00499	0.00582	0.00478	0.00790
32	0.01098	0.09312	0.63812	0.01566	0.06169	0.01290	0.06413	0.01640	0.01108	0.01617	0.00926	0.01106	0.00677	0.00486	0.00490	0.00160	0.00750	0.00394	0.00225	0.00760
33	0.00693	0.00453	0.00620	0.00715	0.00739	0.00429	0.00477	0.00715	0.00928	0.01237	0.02445	0.64101	0.02895	0.01670	0.00961	0.18520	0.00335	0.01258	0.00428	0.00380
34	0.10258	0.03661	0.03921	0.00738	0.00923	0.00702	0.00596	0.01180	0.06800	0.01943	0.44654	0.13185	0.06399	0.01016	0.00569	0.00170	0.00319	0.01938	0.00499	0.00530
35	0.01232	0.01166	0.01961	0.22439	0.57633	0.01228	0.01544	0.03600	0.01184	0.01652	0.00974	0.01313	0.00794	0.00483	0.00517	0.00159	0.00636	0.00464	0.00258	0.00765
36	0.00781	0.00581	0.00733	0.00686	0.00824	0.00557	0.00517	0.01126	0.07764	0.02082	0.70384	0.03752	0.06141	0.01040	0.00607	0.00165	0.00260	0.00916	0.00568	0.00518
37	0.01030	0.00993	0.01740	0.67253	0.09599	0.01178	0.08092	0.01382	0.01070	0.01391	0.00941	0.01382	0.00713	0.00509	0.00529	0.00172	0.00704	0.00476	0.00236	0.00609
38	0.01483	0.30260	0.23726	0.01225	0.01691	0.28952	0.01227	0.01761	0.01211	0.01362	0.00811	0.00952	0.00667	0.00501	0.00454	0.00137	0.02340	0.00332	0.00238	0.00672
39	0.02443	0.25104	0.34001	0.09374	0.12539	0.03051	0.03551	0.01592	0.01102	0.01506	0.00877	0.01079	0.00691	0.00478	0.00454	0.00149	0.00681	0.00377	0.00231	0.00721
40	0.00619	0.00528	0.00533	0.00532	0.00706	0.00441	0.00399	0.00755	0.01196	0.01429	0.07685	0.04975	0.75815	0.01310	0.00615	0.00175	0.00263	0.01094	0.00487	0.00441
41	0.03584	0.01258	0.01362	0.01093	0.01454	0.01386	0.00887	0.47008	0.19877	0.07414	0.07860	0.01654	0.01401	0.00679	0.00527	0.00162	0.00497	0.00535	0.00530	0.00832
42	0.01136	0.00735	0.01164	0.09478	0.13973	0.00751	0.03358	0.03447	0.00959	0.07654	0.01097	0.01669	0.00973	0.01261	0.01360	0.46542	0.00523	0.03170	0.00286	0.00462
43	0.00775	0.00489	0.00654	0.00742	0.00803	0.00451	0.00507	0.00875	0.01038	0.07745	0.02803	0.74768	0.03266	0.01550	0.00653	0.00207	0.00314	0.01401	0.00497	0.00461
44	0.00873	0.01301	0.26273	0.01041	0.01406	0.00787	0.06869	0.01248	0.01328	0.01900	0.45714	0.02813	0.04635	0.00836	0.00576	0.00165	0.00465	0.00739	0.00433	0.00597
45	0.02124	0.01041	0.03844	0.02479	0.01415	0.03471	0.00835	0.08321	0.04567	0.60307	0.03001	0.03473	0.01316	0.00662	0.00525	0.00162	0.00478	0.00537	0.00591	0.00849
46	0.04177	0.01071	0.01820	0.46724	0.25274	0.01204	0.07668	0.03113	0.01125	0.01547	0.00952	0.01338	0.00740	0.00498	0.00520	0.00167	0.00674	0.00469	0.00251	0.00667
47	0.00909	0.00589	0.00737	0.00758	0.00923	0.00537	0.00615	0.01089	0.01219	0.10699	0.06634	0.12756	0.30972	0.01304	0.00647	0.00201	0.00367	0.28031	0.00505	0.00508
48	0.09376	0.48429	0.14933	0.07591	0.01655	0.04956	0.01089	0.01564	0.01056	0.01414	0.00778	0.00940	0.00660	0.00483	0.00427	0.00135	0.03299	0.00320	0.00235	0.00662
49	0.02047	0.01205	0.01390	0.01079	0.01474	0.01254	0.00886	0.44717	0.04367	0.30959	0.01625	0.04033	0.01138	0.00667	0.00527	0.00160	0.00512	0.00525	0.00565	0.00869
50	0.01058	0.01065	0.07222	0.61645	0.04718	0.01118	0.04576	0.01415	0.01076	0.04340	0.01001	0.01390	0.00745	0.00518	0.00513	0.00167	0.00672	0.00462	0.03085	0.03214
51	0.10657	0.10954	0.01279	0.00946	0.01183	0.05141	0.06935	0.10536	0.01265	0.04308	0.07907	0.28618	0.03273	0.03908	0.00616	0.00184	0.00467	0.00832	0.00414	0.00576
52	0.00708	0.00552	0.00839	0.00845	0.00932	0.00528	0.06795	0.00850	0.01046	0.01418	0.10555	0.57007	0.03140	0.03888	0.08026	0.00269	0.00451	0.01246	0.00451	0.00454
53	0.02636	0.00792	0.00934	0.00785	0.01023	0.00748	0.00590	0.08654	0.03939	0.03275	0.10307	0.09392	0.01779	0.15967	0.03870	0.03609	0.02657	0.00623	0.00386	0.28036
54	0.11872	0.33067	0.15189	0.01007	0.01405	0.14467	0.00981	0.01557	0.01079	0.01440	0.00897	0.01186	0.00796	0.07360	0.04140	0.00196	0.00666	0.00363	0.01713	0.00621
55	0.04245	0.25566	0.44478	0.01191	0.01770	0.01384	0.01410	0.01543	0.01057	0.01525	0.00931	0.01122	0.00736	0.00766	0.06990	0.00203	0.00726	0.00368	0.03290	0.00697
56	0.12021	0.13763	0.15839	0.04035	0.01489	0.05044	0.03976	0.11429	0.03319	0.01769	0.02763	0.01633	0.02977	0.12832	0.03706	0.00230	0.00617	0.00475	0.01454	0.00630
57	0.04013	0.23177	0.34428	0.03656	0.01714	0.01322	0.01274	0.03324	0.03681	0.05280	0.08211	0.03848	0.01219	0.00652	0.01961	0.00165	0.00615	0.00460	0.00304	0.00697
58	0.04508	0.28014	0.18072	0.01177	0.01589	0.13776	0.06158	0.01553	0.01103	0.01401	0.01039	0.01243	0.03670	0.00876	0.08339	0.00214	0.05969	0.00403	0.00252	0.00642

[dist]
# distance from previous block
# <min> <max>
10	42

[block]
# block no. 6 follows, 47 sequences, length 71
# corresponding to MSA columns:
# 353-423
name=unknown_G
#
# <colnr> <probs for GDERKNQSTAVLIFYWHMCP>
#	G	D	E	R	K	N	Q	S	T	A	V	L	I	F	Y	W	H	M	C	P
0	0.01110	0.00985	0.01643	0.28522	0.32933	0.01064	0.03794	0.03064	0.01069	0.01456	0.01011	0.01526	0.00874	0.06895	0.00882	0.11184	0.00621	0.00490	0.00256	0.00623
1	0.02323	0.00570	0.00710	0.00671	0.00821	0.00524	0.00499	0.01153	0.01294	0.12364	0.36502	0.15809	0.10862	0.04636	0.00671	0.00183	0.00297	0.00923	0.08665	0.00522
2	0.01295	0.01251	0.02003	0.02843	0.64204	0.03521	0.03955	0.01715	0.08636	0.01731	0.01134	0.01464	0.00950	0.00514	0.00524	0.00159	0.00613	0.02392	0.00290	0.00805
3	0.08601	0.21543	0.21168	0.09756	0.01719	0.01260	0.04109	0.01433	0.01089	0.03798	0.06501	0.01661	0.07140	0.02213	0.04500	0.00194	0.01905	0.00481	0.00295	0.00634
4	0.00974	0.00636	0.00775	0.00769	0.00898	0.00631	0.00565	0.08214	0.04561	0.07191	0.10735	0.35540	0.04584	0.08846	0.00797	0.00218	0.00363	0.06229	0.06949	0.00524
5	0.00896	0.00486	0.00692	0.02123	0.00751	0.00490	0.00475	0.01842	0.00770	0.01040	0.01257	0.02978	0.05481	0.03244	0.04360	0.67885	0.00468	0.00516	0.03969	0.00278
6	0.08804	0.10176	0.01339	0.02891	0.05750	0.08489	0.00817	0.07669	0.01299	0.20925	0.07651	0.01741	0.02991	0.03500	0.11409	0.00257	0.02702	0.00504	0.00412	0.00672
7	0.02321	0.09245	0.07918	0.17419	0.03412	0.01112	0.18522	0.01426	0.03342	0.01553	0.01352	0.02136	0.01199	0.00714	0.00611	0.03407	0.01761	0.13016	0.08931	0.00603
8	0.00951	0.00604	0.00734	0.00687	0.00862	0.00551	0.00526	0.01183	0.04216	0.12565	0.29897	0.06240	0.26668	0.05941	0.00729	0.00195	0.00319	0.06072	0.00529	0.00530
9	0.02534	0.00732	0.00967	0.02282	0.05577	0.00733	0.00752	0.05787	0.06174	0.11381	0.17512	0.14039	0.04341	0.01204	0.03762	0.00217	0.00448	0.20468	0.00498	0.00592
10	0.04753	0.19135	0.17672	0.02735	0.01506	0.01209	0.04527	0.05158	0.04765	0.10255	0.19577	0.01840	0.01806	0.00659	0.00517	0.00154	0.02130	0.00533	0.00387	0.00682
11	0.02873	0.01042	0.04429	0.34676	0.12024	0.01075	0.11551	0.03380	0.02570	0.06026	0.01321	0.08997	0.01161	0.02535	0.00600	0.00184	0.00633	0.03969	0.00314	0.00638
12	0.00695	0.00470	0.00585	0.00663	0.00692	0.00451	0.00427	0.00772	0.00937	0.01287	0.02437	0.53524	0.02850	0.23882	0.01195	0.00286	0.00354	0.01202	0.06891	0.00398
13	0.75555	0.04227	0.00905	0.06814	0.01218	0.01203	0.00645	0.01517	0.00905	0.02215	0.00740	0.00887	0.00578	0.00485	0.00338	0.00160	0.00431	0.00296	0.00311	0.00569
14	0.00742	0.00506	0.00626	0.00647	0.00676	0.00520	0.00415	0.00806	0.00828	0.01142	0.01802	0.16379	0.02014	0.48770	0.18081	0.00508	0.00643	0.00829	0.03693	0.00371
