[name]
unknown

[dist]
# distance from previous block
# <min> <max>
7	621

[block]
# block no. 0 follows, 48 sequences, length 32
# corresponding to MSA columns:
# 713-744
name=unknown_A
#
# <colnr> <probs for GDERKNQSTAVLIFYWHMCP>
#	G	D	E	R	K	N	Q	S	T	A	V	L	I	F	Y	W	H	M	C	P
0	0.07856	0.01148	0.07499	0.03877	0.22353	0.02005	0.02404	0.08640	0.04409	0.06212	0.07462	0.08503	0.03937	0.01891	0.00666	0.00175	0.08442	0.01478	0.00364	0.00678
1	0.02985	0.02270	0.09603	0.03434	0.05691	0.02433	0.03786	0.11052	0.08745	0.09364	0.05542	0.06611	0.06944	0.00678	0.00498	0.00148	0.00477	0.00570	0.04520	0.14650
2	0.02929	0.01308	0.08495	0.09999	0.37648	0.06645	0.07660	0.01569	0.01156	0.06632	0.02167	0.01554	0.00975	0.06884	0.00678	0.00185	0.00642	0.01878	0.00288	0.00707
3	0.03765	0.08080	0.01849	0.20452	0.42942	0.01195	0.03113	0.01431	0.01101	0.01538	0.01106	0.08044	0.01008	0.00578	0.00505	0.00160	0.00593	0.01577	0.00269	0.00695
4	0.00977	0.00920	0.01563	0.73673	0.05899	0.01124	0.03169	0.01316	0.01049	0.01356	0.03497	0.01447	0.00829	0.00527	0.00518	0.00170	0.00671	0.00475	0.00241	0.00578
5	0.00989	0.00722	0.01030	0.13742	0.01415	0.00703	0.04316	0.03688	0.01354	0.08663	0.41827	0.02876	0.07654	0.00840	0.00560	0.00156	0.00384	0.00740	0.00472	0.07868
6	0.00777	0.00609	0.00906	0.07741	0.01137	0.00725	0.00708	0.00954	0.00833	0.01187	0.01315	0.02023	0.01246	0.10036	0.62033	0.00706	0.05778	0.00553	0.00271	0.00461
7	0.00770	0.00597	0.00904	0.01002	0.07621	0.00661	0.00696	0.00962	0.00919	0.01315	0.07918	0.08333	0.01706	0.03145	0.60213	0.00663	0.01129	0.00645	0.00313	0.00488
8	0.01369	0.01388	0.01890	0.10312	0.51687	0.13498	0.02813	0.04849	0.04207	0.01658	0.00989	0.01251	0.00807	0.00489	0.00504	0.00152	0.00661	0.00445	0.00274	0.00755
9	0.01296	0.01199	0.01960	0.05343	0.66413	0.01218	0.01472	0.08067	0.01283	0.01815	0.04253	0.01378	0.00984	0.00498	0.00513	0.00154	0.00593	0.00477	0.00289	0.00796
10	0.00771	0.00525	0.00671	0.00635	0.00760	0.00485	0.00476	0.01004	0.01398	0.03507	0.66106	0.06192	0.06218	0.01026	0.00584	0.00160	0.00248	0.00902	0.07846	0.00488
11	0.00845	0.00929	0.13195	0.00812	0.01073	0.00654	0.00745	0.03809	0.01367	0.01942	0.50128	0.04623	0.06036	0.00919	0.00569	0.00158	0.00357	0.03507	0.00477	0.07855
12	0.00871	0.00678	0.01004	0.00909	0.01041	0.00731	0.07184	0.07313	0.00988	0.01372	0.01495	0.08393	0.01486	0.18695	0.44784	0.00599	0.01003	0.00658	0.00316	0.00480
13	0.01335	0.68582	0.08980	0.00941	0.01394	0.01895	0.00958	0.01647	0.07686	0.01323	0.00850	0.00939	0.00736	0.00465	0.00359	0.00120	0.00554	0.00310	0.00245	0.00680
14	0.72648	0.01200	0.09815	0.00785	0.01157	0.01173	0.00726	0.04433	0.00957	0.02260	0.00758	0.00878	0.00579	0.00483	0.00345	0.00159	0.00445	0.00297	0.00313	0.00591
15	0.54968	0.00959	0.04086	0.00731	0.01023	0.00998	0.00617	0.01494	0.06097	0.04081	0.18698	0.01626	0.01627	0.00627	0.00409	0.00161	0.00378	0.00457	0.00391	0.00572
16	0.03780	0.02554	0.75095	0.01421	0.02150	0.01174	0.01822	0.01602	0.01074	0.01640	0.00954	0.02764	0.00704	0.00511	0.00485	0.00163	0.00737	0.00398	0.00225	0.00745
17	0.00849	0.00583	0.00667	0.00636	0.00679	0.00604	0.00396	0.07358	0.00897	0.01205	0.01563	0.03061	0.01731	0.68384	0.08913	0.00495	0.00577	0.00705	0.00325	0.00372
18	0.08385	0.02650	0.28965	0.14084	0.02020	0.01101	0.04194	0.08086	0.01274	0.19055	0.04445	0.01393	0.00986	0.00555	0.00493	0.00162	0.00608	0.00451	0.00361	0.00731
19	0.00942	0.00571	0.00732	0.00674	0.00837	0.00513	0.00511	0.01149	0.01377	0.13670	0.50283	0.09762	0.14857	0.01066	0.00596	0.00166	0.00279	0.00929	0.00556	0.00531
20	0.85592	0.00992	0.00754	0.00675	0.00992	0.01151	0.00556	0.01508	0.00873	0.02302	0.00714	0.00834	0.00556	0.00476	0.00318	0.00159	0.00397	0.00278	0.00318	0.00556
21	0.02996	0.66036	0.08516	0.00967	0.01410	0.10213	0.00964	0.01597	0.01086	0.01266	0.00738	0.00854	0.00656	0.00453	0.00356	0.00117	0.00602	0.00289	0.00226	0.00658
22	0.01404	0.78702	0.02628	0.00889	0.01323	0.03758	0.00878	0.01569	0.01061	0.02907	0.00744	0.00846	0.00672	0.00445	0.00336	0.00111	0.00555	0.00281	0.00230	0.00662
23	0.00726	0.00524	0.00686	0.00646	0.00767	0.00484	0.00484	0.00968	0.01452	0.02058	0.78496	0.03833	0.04841	0.01049	0.00605	0.00161	0.00242	0.00928	0.00565	0.00484
24	0.00733	0.00550	0.00825	0.00825	0.00916	0.00641	0.00641	0.00916	0.00825	0.01191	0.01374	0.02016	0.01283	0.03848	0.79934	0.00825	0.01374	0.00550	0.00275	0.00458
25	0.00723	0.00522	0.00683	0.00648	0.00766	0.00482	0.00484	0.00961	0.01438	0.02035	0.76197	0.06197	0.04797	0.01066	0.00607	0.00163	0.00244	0.00944	0.00562	0.00482
26	0.01209	0.01157	0.01972	0.18913	0.63481	0.01203	0.01544	0.01521	0.01139	0.01602	0.00954	0.01290	0.00787	0.00469	0.00509	0.00156	0.00625	0.00457	0.00249	0.00763
27	0.01018	0.00962	0.01627	0.68159	0.15728	0.01153	0.01449	0.01354	0.01049	0.01370	0.00921	0.01352	0.00705	0.00504	0.00512	0.00168	0.00672	0.00456	0.00232	0.00609
28	0.08184	0.00988	0.01465	0.55910	0.07366	0.01182	0.01265	0.08439	0.05681	0.01643	0.01033	0.02831	0.00801	0.00547	0.00500	0.00168	0.00621	0.00468	0.00285	0.00623
29	0.07660	0.11550	0.57714	0.01265	0.01898	0.01226	0.01555	0.01551	0.01093	0.01666	0.07384	0.01264	0.00995	0.00528	0.00466	0.00156	0.00663	0.00405	0.00254	0.00708
30	0.15481	0.47096	0.03421	0.01084	0.07788	0.06040	0.00898	0.01689	0.07071	0.04011	0.00892	0.00988	0.00745	0.00479	0.00374	0.00130	0.00538	0.00327	0.00278	0.00671
31	0.01935	0.04601	0.12649	0.01007	0.01448	0.00943	0.00933	0.05508	0.07402	0.52644	0.02806	0.01617	0.01199	0.00610	0.00503	0.00157	0.00488	0.00490	0.00535	0.02526

[dist]
# distance from previous block
# <min> <max>
6	20

[block]
# block no. 1 follows, 48 sequences, length 9
# corresponding to MSA columns:
# 766-774
name=unknown_B
#
# <colnr> <probs for GDERKNQSTAVLIFYWHMCP>
#	G	D	E	R	K	N	Q	S	T	A	V	L	I	F	Y	W	H	M	C	P
0	0.01051	0.07801	0.74356	0.01425	0.02162	0.01246	0.01830	0.01619	0.01081	0.01598	0.00907	0.01066	0.00651	0.00484	0.00477	0.00159	0.00745	0.00372	0.00217	0.00752
1	0.01139	0.23105	0.46443	0.01232	0.01820	0.01324	0.03566	0.01561	0.01105	0.04573	0.04779	0.05101	0.01018	0.00561	0.00465	0.00151	0.00646	0.00443	0.00265	0.00705
2	0.00956	0.00478	0.00478	0.00478	0.00598	0.00478	0.00359	0.01196	0.01076	0.01913	0.01674	0.01913	0.01315	0.00598	0.00359	0.00120	0.00239	0.00478	0.84816	0.00478
3	0.00988	0.00926	0.01602	0.60793	0.08281	0.01087	0.07281	0.01309	0.01070	0.01404	0.06644	0.01550	0.01013	0.00583	0.00575	0.02901	0.00653	0.00502	0.00257	0.00579
4	0.00690	0.00520	0.00642	0.00653	0.00777	0.00473	0.00495	0.00878	0.01276	0.01702	0.38349	0.14791	0.25795	0.01239	0.00624	0.00180	0.00281	0.09659	0.00517	0.00459
5	0.00956	0.00478	0.00478	0.00478	0.00598	0.00478	0.00359	0.01196	0.01076	0.01913	0.01674	0.01913	0.01315	0.00598	0.00359	0.00120	0.00239	0.00478	0.84816	0.00478
6	0.10467	0.00561	0.00615	0.00606	0.00653	0.00590	0.00380	0.00855	0.00770	0.01169	0.01483	0.02902	0.01643	0.62949	0.11931	0.00499	0.00595	0.00668	0.00307	0.00357
7	0.01205	0.01316	0.12592	0.19743	0.29666	0.02956	0.04372	0.06034	0.01202	0.04551	0.01172	0.05403	0.01004	0.00603	0.00551	0.00167	0.02322	0.04141	0.00294	0.00706
8	0.04373	0.04239	0.01287	0.00991	0.01340	0.06963	0.00802	0.27501	0.11938	0.14495	0.09230	0.01693	0.03363	0.00650	0.00496	0.00148	0.00485	0.00511	0.00482	0.09012

[dist]
# distance from previous block
# <min> <max>
2	4

[block]
# block no. 2 follows, 48 sequences, length 37
# corresponding to MSA columns:
# 779-815
name=unknown_C
#
# <colnr> <probs for GDERKNQSTAVLIFYWHMCP>
#	G	D	E	R	K	N	Q	S	T	A	V	L	I	F	Y	W	H	M	C	P
0	0.11587	0.02812	0.06953	0.03362	0.07050	0.05731	0.00887	0.11083	0.04462	0.22629	0.07512	0.05535	0.01416	0.00669	0.00491	0.00158	0.00490	0.01757	0.04704	0.00711
1	0.00687	0.00529	0.00647	0.02676	0.00812	0.00481	0.00476	0.00887	0.01323	0.01775	0.48076	0.07817	0.29649	0.01146	0.00606	0.00168	0.00262	0.00993	0.00522	0.00466
2	0.00815	0.00582	0.00814	0.00932	0.01045	0.00581	0.00807	0.01043	0.01170	0.01523	0.02723	0.10059	0.02978	0.01428	0.00706	0.00235	0.00463	0.71154	0.00473	0.00469
3	0.00627	0.00510	0.00555	0.00565	0.00711	0.00439	0.00416	0.00768	0.01186	0.01476	0.15818	0.15246	0.57288	0.01304	0.00613	0.00176	0.00262	0.01111	0.00490	0.00439
4	0.01029	0.02654	0.79309	0.01462	0.02221	0.01192	0.01896	0.01625	0.01083	0.01625	0.00921	0.01083	0.00650	0.00487	0.00487	0.00162	0.00758	0.00379	0.00217	0.00758
5	0.00956	0.00478	0.00478	0.00478	0.00598	0.00478	0.00359	0.01196	0.01076	0.01913	0.01674	0.01913	0.01315	0.00598	0.00359	0.00120	0.00239	0.00478	0.84816	0.00478
6	0.01355	0.78262	0.06551	0.00907	0.01363	0.01988	0.00929	0.01541	0.01045	0.01228	0.00724	0.00836	0.00658	0.00441	0.00337	0.00112	0.00559	0.00280	0.00219	0.00664
7	0.04969	0.44334	0.15680	0.01088	0.04744	0.03698	0.01052	0.04757	0.01176	0.09852	0.03689	0.01114	0.00883	0.00502	0.00405	0.00132	0.00569	0.00359	0.00295	0.00702
8	0.00956	0.00478	0.00478	0.00478	0.00598	0.00478	0.00359	0.01196	0.01076	0.01913	0.01674	0.01913	0.01315	0.00598	0.00359	0.00120	0.00239	0.00478	0.84816	0.00478
9	0.00625	0.00447	0.00595	0.00714	0.00744	0.00417	0.00476	0.00714	0.00982	0.01310	0.02828	0.81633	0.03394	0.01608	0.00655	0.00208	0.00298	0.01459	0.00476	0.00417
10	0.74053	0.01099	0.00829	0.00736	0.01049	0.06612	0.00599	0.04742	0.00984	0.02259	0.00767	0.00885	0.00596	0.00489	0.00337	0.00156	0.00437	0.00294	0.02510	0.00570
11	0.85592	0.00992	0.00754	0.00675	0.00992	0.01151	0.00556	0.01508	0.00873	0.02302	0.00714	0.00834	0.00556	0.00476	0.00318	0.00159	0.00397	0.00278	0.00318	0.00556
12	0.00746	0.00500	0.00572	0.00572	0.00577	0.00504	0.00327	0.00754	0.00750	0.01004	0.01605	0.03293	0.01837	0.78220	0.06321	0.00513	0.00540	0.00737	0.00309	0.00318
13	0.01123	0.01123	0.01572	0.01347	0.01347	0.01572	0.01123	0.01235	0.00786	0.01235	0.00674	0.01123	0.00674	0.00898	0.01684	0.00225	0.81028	0.00449	0.00225	0.00561
14	0.00625	0.00447	0.00595	0.00714	0.00744	0.00417	0.00476	0.00714	0.00982	0.01310	0.02828	0.81633	0.03394	0.01608	0.00655	0.00208	0.00298	0.01459	0.00476	0.00417
15	0.01227	0.01153	0.01830	0.22049	0.49315	0.02684	0.01433	0.05355	0.04461	0.01687	0.03207	0.01386	0.00927	0.00507	0.00512	0.00158	0.00613	0.00473	0.00281	0.00742
16	0.00956	0.00478	0.00478	0.00478	0.00598	0.00478	0.00359	0.01196	0.01076	0.01913	0.01674	0.01913	0.01315	0.00598	0.00359	0.00120	0.00239	0.00478	0.84816	0.00478
17	0.00679	0.00487	0.00636	0.00721	0.00773	0.00462	0.00493	0.03131	0.01083	0.01460	0.11852	0.69790	0.03488	0.01510	0.00645	0.00201	0.00299	0.01364	0.00488	0.00439
18	0.01257	0.08591	0.04150	0.15114	0.48850	0.05249	0.01420	0.01626	0.05893	0.01582	0.00993	0.01263	0.00813	0.00484	0.00491	0.00152	0.00624	0.00439	0.00263	0.00747
19	0.01064	0.00912	0.01064	0.00760	0.01216	0.00684	0.00608	0.01292	0.01064	0.01672	0.00912	0.01064	0.00760	0.00380	0.00380	0.00076	0.00380	0.00304	0.00304	0.85104
20	0.01057	0.00912	0.01101	0.07065	0.01399	0.00720	0.00672	0.01293	0.01061	0.01644	0.00912	0.01088	0.00754	0.00390	0.00390	0.00083	0.00404	0.00316	0.00298	0.78439
21	0.00631	0.00451	0.00602	0.00722	0.00754	0.00422	0.00487	0.00725	0.00988	0.01317	0.02825	0.79313	0.03380	0.01602	0.00657	0.00209	0.00303	0.03718	0.00476	0.00418
22	0.01155	0.01251	0.08886	0.22405	0.50866	0.01175	0.01537	0.01490	0.01120	0.01570	0.00998	0.03440	0.00835	0.00505	0.00511	0.00159	0.00633	0.00477	0.00250	0.00736
23	0.01177	0.12664	0.32839	0.11090	0.15088	0.01231	0.03054	0.01599	0.02697	0.06475	0.06426	0.01372	0.01037	0.00531	0.00486	0.00155	0.00634	0.00443	0.00283	0.00719
24	0.00716	0.00524	0.00671	0.00635	0.00760	0.00480	0.00476	0.00948	0.01428	0.01999	0.72108	0.03929	0.11266	0.01071	0.00605	0.00162	0.00244	0.00941	0.00557	0.00480
25	0.01064	0.00912	0.01064	0.00760	0.01216	0.00684	0.00608	0.01292	0.01064	0.01672	0.00912	0.01064	0.00760	0.00380	0.00380	0.00076	0.00380	0.00304	0.00304	0.85104
26	0.01054	0.05269	0.70761	0.01509	0.06022	0.01209	0.01811	0.01611	0.01086	0.01614	0.00916	0.01083	0.00661	0.00482	0.00480	0.00158	0.00734	0.00378	0.00221	0.02941
27	0.77560	0.04498	0.03496	0.00717	0.01054	0.01192	0.00619	0.01537	0.02353	0.02230	0.00748	0.00862	0.00582	0.00479	0.00328	0.00157	0.00416	0.00287	0.00314	0.00572
28	0.01347	0.76611	0.08140	0.00920	0.01381	0.01971	0.00950	0.01543	0.01045	0.01237	0.00728	0.00842	0.00658	0.00442	0.00340	0.00113	0.00564	0.00282	0.00219	0.00666
29	0.00891	0.00446	0.00668	0.00668	0.00668	0.00446	0.00446	0.00668	0.00668	0.00891	0.00891	0.01560	0.00891	0.01783	0.02005	0.85071	0.00446	0.00446	0.00223	0.00223
30	0.00893	0.00631	0.00686	0.00644	0.00839	0.02369	0.00498	0.01099	0.03852	0.10848	0.16486	0.04219	0.49179	0.01146	0.00594	0.00172	0.00309	0.04516	0.00506	0.00513
31	0.00956	0.00478	0.00478	0.00478	0.00598	0.00478	0.00359	0.01196	0.01076	0.01913	0.01674	0.01913	0.01315	0.00598	0.00359	0.00120	0.00239	0.00478	0.84816	0.00478
32	0.34525	0.01107	0.07943	0.03177	0.01361	0.01009	0.05631	0.04706	0.01095	0.08705	0.04376	0.02907	0.00995	0.00654	0.02931	0.00171	0.01995	0.01553	0.00349	0.14808
33	0.00736	0.00514	0.00635	0.00633	0.00670	0.00533	0.00410	0.00802	0.00818	0.01114	0.05387	0.03088	0.05008	0.53960	0.23028	0.00555	0.00709	0.00716	0.00320	0.00363
34	0.00956	0.00478	0.00478	0.00478	0.00598	0.00478	0.00359	0.01196	0.01076	0.01913	0.01674	0.01913	0.01315	0.00598	0.00359	0.00120	0.00239	0.00478	0.84816	0.00478
35	0.01176	0.06380	0.51590	0.02953	0.06025	0.01256	0.11190	0.05297	0.03576	0.04312	0.01016	0.01178	0.00736	0.00495	0.00499	0.00161	0.00721	0.00422	0.00262	0.00755
36	0.11282	0.00912	0.02773	0.00885	0.01255	0.00815	0.00740	0.03744	0.03386	0.59050	0.08241	0.01800	0.01477	0.00650	0.00501	0.00159	0.00425	0.00522	0.00580	0.00802

[dist]
# distance from previous block
# <min> <max>
10	16

[block]
# block no. 3 follows, 48 sequences, length 30
# corresponding to MSA columns:
# 832-861
name=unknown_D
#
# <colnr> <probs for GDERKNQSTAVLIFYWHMCP>
#	G	D	E	R	K	N	Q	S	T	A	V	L	I	F	Y	W	H	M	C	P
0	0.69753	0.00990	0.00834	0.00731	0.01055	0.01122	0.00598	0.01716	0.07751	0.10008	0.00968	0.01021	0.00717	0.00512	0.00356	0.00160	0.00402	0.00329	0.00368	0.00610
1	0.01237	0.01185	0.02023	0.11719	0.70457	0.01210	0.01558	0.01546	0.01153	0.01636	0.00959	0.01281	0.00799	0.00463	0.00509	0.00154	0.00618	0.00457	0.00251	0.00786
2	0.01149	0.01231	0.08673	0.20168	0.47390	0.01150	0.01467	0.03360	0.01160	0.01608	0.01269	0.01545	0.06513	0.00539	0.00515	0.00159	0.00612	0.00496	0.00268	0.00727
3	0.00833	0.00717	0.01098	0.31186	0.08723	0.00778	0.00934	0.01063	0.01093	0.01444	0.10574	0.24707	0.10020	0.00975	0.00575	0.00179	0.00466	0.02491	0.00370	0.01773
4	0.01098	0.00812	0.01175	0.13887	0.11535	0.00864	0.00889	0.05034	0.01317	0.10157	0.32455	0.03893	0.04860	0.00829	0.00662	0.00169	0.07559	0.01761	0.00440	0.00606
5	0.00991	0.00935	0.01579	0.75004	0.09090	0.01146	0.01436	0.01330	0.01037	0.01338	0.00916	0.01361	0.00694	0.00509	0.00513	0.00170	0.00678	0.00456	0.00230	0.00588
6	0.01369	0.01077	0.01162	0.01033	0.01331	0.01221	0.00810	0.03975	0.68113	0.08971	0.02081	0.01970	0.01558	0.00705	0.00525	0.00174	0.00413	0.02170	0.00531	0.00811
7	0.01644	0.00787	0.01034	0.00908	0.01183	0.00742	0.00739	0.03218	0.09022	0.42557	0.02237	0.11707	0.01896	0.02161	0.01943	0.00198	0.00444	0.16305	0.00559	0.00716
8	0.01086	0.01031	0.01750	0.50687	0.32670	0.01171	0.01483	0.01413	0.01081	0.01452	0.00933	0.01330	0.00734	0.00491	0.00511	0.00164	0.00655	0.00456	0.00238	0.00664
9	0.01023	0.02324	0.63832	0.01468	0.02143	0.01141	0.10141	0.01569	0.01130	0.01665	0.07806	0.01360	0.01036	0.00531	0.00511	0.00164	0.00724	0.00453	0.00252	0.00727
10	0.01203	0.01151	0.01963	0.20278	0.62157	0.01202	0.01542	0.01516	0.01137	0.01596	0.00953	0.01292	0.00784	0.00470	0.00509	0.00157	0.00626	0.00457	0.00248	0.00759
11	0.00637	0.00452	0.00592	0.00699	0.00726	0.00425	0.00460	0.00718	0.00959	0.01278	0.02706	0.73767	0.03240	0.09682	0.00852	0.00237	0.00318	0.01387	0.00460	0.00406
12	0.00673	0.00524	0.00717	0.00775	0.00830	0.00521	0.02428	0.00776	0.00993	0.01321	0.02871	0.66315	0.10692	0.01498	0.00720	0.00205	0.05923	0.01329	0.00453	0.00435
13	0.01978	0.09207	0.01535	0.01066	0.01471	0.01372	0.00894	0.44731	0.04440	0.25888	0.01448	0.01369	0.00994	0.00607	0.00496	0.00152	0.00519	0.00464	0.00521	0.00850
14	0.05975	0.01360	0.01620	0.01231	0.01647	0.01466	0.08565	0.59199	0.02133	0.09751	0.01257	0.01273	0.00883	0.00592	0.00513	0.00157	0.00575	0.00472	0.00489	0.00839
15	0.01330	0.69248	0.09501	0.01025	0.01498	0.01902	0.06583	0.01552	0.01059	0.01276	0.00756	0.00888	0.00667	0.00443	0.00364	0.00119	0.00591	0.00308	0.00222	0.00670
16	0.00623	0.00454	0.00588	0.00695	0.00739	0.00418	0.00468	0.00717	0.01001	0.01318	0.03066	0.73926	0.10947	0.01577	0.00650	0.00205	0.00294	0.01421	0.00476	0.00418
17	0.00881	0.00449	0.00660	0.00660	0.00660	0.00449	0.00436	0.00674	0.00674	0.00899	0.00945	0.01693	0.00963	0.07705	0.02050	0.78825	0.00449	0.00468	0.00229	0.00229
18	0.02267	0.00881	0.01190	0.00917	0.01311	0.00772	0.00756	0.02508	0.04106	0.76464	0.02027	0.01752	0.01280	0.00637	0.00516	0.00159	0.00436	0.00518	0.00631	0.00871
19	0.02138	0.00902	0.01180	0.00915	0.01293	0.00815	0.00752	0.09863	0.01553	0.65362	0.05632	0.01896	0.03905	0.00674	0.00523	0.00159	0.00435	0.00548	0.00614	0.00841
20	0.01021	0.00990	0.01542	0.65536	0.03122	0.03430	0.01363	0.01319	0.00999	0.01297	0.00870	0.01315	0.00682	0.00576	0.00703	0.00179	0.13808	0.00451	0.00228	0.00569
21	0.00613	0.00522	0.00529	0.00532	0.00704	0.00438	0.00402	0.00746	0.01170	0.01390	0.05127	0.04962	0.76398	0.01303	0.00609	0.00175	0.00266	0.03204	0.00476	0.00434
22	0.01022	0.06045	0.64308	0.01380	0.02041	0.01157	0.03820	0.01551	0.01109	0.01619	0.04520	0.01550	0.01012	0.00578	0.00505	0.00166	0.00707	0.05940	0.00252	0.00718
23	0.01675	0.01363	0.01676	0.09803	0.21531	0.04155	0.01175	0.47431	0.01920	0.02571	0.01116	0.01245	0.00831	0.00562	0.00510	0.00155	0.00601	0.00456	0.00409	0.00817
24	0.00664	0.00494	0.00599	0.00660	0.00754	0.00448	0.00479	0.00765	0.01061	0.01345	0.04907	0.35098	0.32193	0.02629	0.00764	0.06104	0.00316	0.09847	0.00457	0.00416
25	0.00874	0.00456	0.00683	0.02436	0.00737	0.00459	0.00469	0.00686	0.00698	0.00930	0.01026	0.07125	0.01061	0.01742	0.01879	0.77298	0.00441	0.00516	0.00241	0.00244
26	0.01142	0.01206	0.07254	0.31617	0.45724	0.01188	0.01542	0.01481	0.01110	0.01538	0.00942	0.01293	0.00754	0.00480	0.00508	0.00160	0.00647	0.00451	0.00242	0.00720
27	0.02789	0.11724	0.63310	0.01316	0.01975	0.01240	0.01640	0.01551	0.01051	0.01547	0.00941	0.01206	0.00734	0.06149	0.00613	0.00180	0.00708	0.00390	0.00226	0.00711
28	0.01086	0.00838	0.01165	0.08258	0.14786	0.00807	0.00834	0.06561	0.02358	0.06538	0.31092	0.04800	0.02473	0.00739	0.00529	0.00147	0.00408	0.00649	0.00432	0.15501
29	0.01386	0.65537	0.10254	0.00969	0.01432	0.03391	0.00988	0.06831	0.02652	0.01409	0.00799	0.00901	0.00690	0.00463	0.00364	0.00120	0.00575	0.00305	0.00246	0.00685

[dist]
# distance from previous block
# <min> <max>
0	22

[block]
# block no. 4 follows, 48 sequences, length 39
# corresponding to MSA columns:
# 884-922
name=unknown_E
#
# <colnr> <probs for GDERKNQSTAVLIFYWHMCP>
#	G	D	E	R	K	N	Q	S	T	A	V	L	I	F	Y	W	H	M	C	P
0	0.00983	0.00912	0.01469	0.68945	0.03192	0.01073	0.01305	0.01308	0.01032	0.01364	0.00912	0.01323	0.00695	0.00493	0.00493	0.00157	0.00639	0.00434	0.00239	0.13031
1	0.01201	0.01365	0.02968	0.05322	0.02716	0.01291	0.73868	0.01630	0.01204	0.01630	0.01033	0.01383	0.00775	0.00436	0.00602	0.00173	0.00858	0.00600	0.00258	0.00687
2	0.01271	0.01098	0.04381	0.02406	0.06864	0.00917	0.00813	0.15116	0.01328	0.04082	0.01005	0.01134	0.00793	0.00442	0.00424	0.00103	0.00452	0.00355	0.00343	0.56676
3	0.01030	0.00987	0.01354	0.01178	0.01204	0.01326	0.00968	0.01122	0.00834	0.01233	0.01356	0.01715	0.12170	0.01019	0.01547	0.06106	0.63529	0.00542	0.00262	0.00519
4	0.01831	0.02130	0.01458	0.01287	0.01556	0.58521	0.00988	0.13087	0.05828	0.01596	0.00922	0.01040	0.00744	0.00577	0.00558	0.00144	0.06403	0.00372	0.00313	0.00646
5	0.11279	0.00526	0.00604	0.00681	0.00768	0.00511	0.00474	0.00817	0.00996	0.01446	0.02912	0.60193	0.14118	0.01420	0.00605	0.00197	0.00305	0.01255	0.00456	0.00437
6	0.01055	0.00947	0.01513	0.46741	0.18671	0.01084	0.01282	0.07002	0.01154	0.01532	0.01230	0.13169	0.01125	0.00670	0.00533	0.00171	0.00603	0.00605	0.00292	0.00621
7	0.01109	0.01138	0.01526	0.69028	0.03247	0.12751	0.01361	0.01420	0.01089	0.01303	0.00894	0.01303	0.00681	0.00515	0.00506	0.00165	0.00720	0.00437	0.00233	0.00574
8	0.01165	0.02475	0.67845	0.01421	0.02128	0.01251	0.01760	0.12744	0.01279	0.01862	0.00967	0.01105	0.00683	0.00506	0.00491	0.00161	0.00730	0.00391	0.00260	0.00775
9	0.00822	0.00601	0.00731	0.00765	0.00865	0.00593	0.00543	0.11977	0.01222	0.01620	0.04874	0.61279	0.09293	0.01420	0.00629	0.00196	0.00332	0.01266	0.00484	0.00487
10	0.00720	0.00524	0.00737	0.00755	0.00819	0.00579	0.00550	0.00852	0.00832	0.01169	0.01638	0.14024	0.01712	0.19364	0.52563	0.00667	0.01038	0.00724	0.00312	0.00422
11	0.01070	0.01081	0.01409	0.54054	0.05859	0.12647	0.01227	0.01342	0.01088	0.01317	0.01180	0.13189	0.01087	0.00675	0.00526	0.00170	0.00659	0.00586	0.00271	0.00561
12	0.01265	0.01048	0.01125	0.01013	0.01280	0.01189	0.00783	0.11753	0.57050	0.02159	0.02090	0.13580	0.01749	0.00820	0.00541	0.00177	0.00410	0.00695	0.00514	0.00761
13	0.01827	0.02121	0.01422	0.01263	0.01550	0.58493	0.00963	0.11557	0.12834	0.01635	0.01039	0.01110	0.00821	0.00564	0.00478	0.00141	0.00804	0.00384	0.00334	0.00662
14	0.01280	0.51379	0.04935	0.01160	0.01581	0.01692	0.16354	0.01508	0.01081	0.02877	0.01121	0.01267	0.06102	0.00529	0.00491	0.00136	0.05185	0.00416	0.00254	0.00652
15	0.00981	0.00685	0.00895	0.01032	0.12245	0.00686	0.00602	0.03434	0.05274	0.06715	0.01803	0.14042	0.03228	0.43155	0.01627	0.00342	0.00470	0.00774	0.01519	0.00489
16	0.09627	0.13163	0.01517	0.12715	0.01678	0.01102	0.03926	0.05649	0.01319	0.42054	0.01464	0.01428	0.00987	0.00564	0.00473	0.00154	0.00510	0.00450	0.00462	0.00760
17	0.01333	0.55083	0.07583	0.00982	0.01375	0.11150	0.00955	0.01535	0.01115	0.01290	0.01033	0.01585	0.00996	0.00597	0.00412	0.00135	0.00597	0.11350	0.00262	0.00630
18	0.00839	0.00812	0.00708	0.00698	0.00856	0.12503	0.00513	0.01001	0.02620	0.01456	0.14340	0.15398	0.42606	0.02569	0.00625	0.00176	0.00371	0.00988	0.00455	0.00467
19	0.01065	0.02443	0.67925	0.01711	0.13504	0.01196	0.01848	0.01618	0.01096	0.01633	0.00927	0.01111	0.00674	0.00483	0.00491	0.00161	0.00736	0.00391	0.00222	0.00766
20	0.00819	0.00588	0.00816	0.00930	0.01050	0.00585	0.00812	0.01052	0.01181	0.01530	0.02802	0.05759	0.05541	0.01413	0.00705	0.00234	0.00465	0.72772	0.00473	0.00471
21	0.01114	0.08302	0.66267	0.03595	0.02148	0.06714	0.01747	0.01639	0.01105	0.01561	0.00897	0.01062	0.00652	0.00488	0.00475	0.00157	0.00753	0.00370	0.00220	0.00735
22	0.01788	0.01329	0.01419	0.01119	0.01494	0.01478	0.00914	0.61056	0.14112	0.02987	0.01391	0.01378	0.01007	0.00627	0.00506	0.00155	0.00521	0.00481	0.05397	0.00840
23	0.00661	0.00520	0.00597	0.00582	0.00728	0.00456	0.00435	0.00840	0.01291	0.01685	0.38035	0.06688	0.43262	0.01196	0.00607	0.00169	0.00253	0.01024	0.00516	0.00456
24	0.00628	0.00471	0.00579	0.00660	0.00731	0.00427	0.00454	0.00731	0.01040	0.01341	0.04950	0.56162	0.23829	0.03499	0.00690	0.00205	0.00294	0.02414	0.00474	0.00421
25	0.00976	0.00926	0.01584	0.78333	0.03508	0.01145	0.03731	0.01321	0.01032	0.01321	0.00916	0.01368	0.00687	0.00511	0.00516	0.00171	0.00690	0.00461	0.00229	0.00574
26	0.01094	0.01088	0.01555	0.01332	0.01350	0.01491	0.03390	0.01215	0.00811	0.01252	0.00819	0.06150	0.00846	0.00928	0.01587	0.00222	0.73554	0.00517	0.00241	0.00556
27	0.00956	0.00478	0.00478	0.00478	0.00598	0.00478	0.00359	0.01196	0.01076	0.01913	0.01674	0.01913	0.01315	0.00598	0.00359	0.00120	0.00239	0.00478	0.84816	0.00478
28	0.00913	0.00749	0.03084	0.00765	0.00867	0.04065	0.00558	0.08005	0.00968	0.01299	0.01445	0.02543	0.01492	0.42550	0.27953	0.00549	0.00821	0.00626	0.00313	0.00437
29	0.00723	0.00524	0.00681	0.00642	0.00764	0.00483	0.00481	0.00961	0.01444	0.02037	0.76264	0.03866	0.07086	0.01057	0.00605	0.00162	0.00243	0.00933	0.00562	0.00483
30	0.00875	0.00662	0.00959	0.01174	0.09325	0.00664	0.00896	0.01135	0.02446	0.01554	0.02523	0.07501	0.02715	0.01309	0.00683	0.00225	0.00481	0.63910	0.00450	0.00513
31	0.01599	0.01410	0.01275	0.01067	0.01387	0.17608	0.00843	0.29278	0.18419	0.03192	0.01433	0.01461	0.02543	0.00692	0.02479	0.00163	0.00578	0.00466	0.07513	0.06596
32	0.01064	0.00912	0.01064	0.00760	0.01216	0.00684	0.00608	0.01292	0.01064	0.01672	0.00912	0.01064	0.00760	0.00380	0.00380	0.00076	0.00380	0.00304	0.00304	0.85104
33	0.01300	0.11431	0.02103	0.06450	0.61759	0.05121	0.01452	0.01580	0.01160	0.01580	0.00923	0.01202	0.00780	0.00461	0.00484	0.00147	0.00621	0.00428	0.00249	0.00771
34	0.01087	0.17285	0.55367	0.01282	0.01899	0.03974	0.01549	0.01542	0.01079	0.01506	0.01047	0.08194	0.00896	0.00579	0.00472	0.00156	0.00684	0.00454	0.00242	0.00704
35	0.00738	0.00529	0.00719	0.00719	0.00774	0.00584	0.00510	0.00849	0.00793	0.01113	0.01471	0.02550	0.01515	0.34963	0.49136	0.00694	0.01025	0.00628	0.00289	0.00399
36	0.01815	0.01142	0.06936	0.07877	0.11797	0.01035	0.01034	0.16004	0.02734	0.38273	0.02655	0.01550	0.01100	0.00689	0.02839	0.00178	0.00551	0.00491	0.00486	0.00813
37	0.01294	0.10232	0.07192	0.02710	0.61890	0.04752	0.01494	0.01595	0.01162	0.01603	0.00927	0.01194	0.00779	0.00460	0.00485	0.00148	0.00627	0.00427	0.00248	0.00783
38	0.02274	0.00919	0.01219	0.00935	0.01333	0.00822	0.00772	0.08523	0.01545	0.72992	0.01960	0.01705	0.01238	0.00634	0.00516	0.00158	0.00447	0.00512	0.00625	0.00873

[dist]
# distance from previous block
# <min> <max>
0	1

[block]
# block no. 5 follows, 48 sequences, length 30
# corresponding to MSA columns:
# 924-953
name=unknown_F
#
# <colnr> <probs for GDERKNQSTAVLIFYWHMCP>
#	G	D	E	R	K	N	Q	S	T	A	V	L	I	F	Y	W	H	M	C	P
0	0.01676	0.14130	0.01681	0.01323	0.04187	0.51999	0.01017	0.01815	0.01267	0.01260	0.00767	0.00956	0.00668	0.00577	0.00655	0.00145	0.14674	0.00347	0.00250	0.00606
1	0.08670	0.17088	0.47014	0.01322	0.01941	0.01332	0.08547	0.01644	0.01089	0.05542	0.00931	0.01075	0.00687	0.00480	0.00456	0.00153	0.00681	0.00379	0.00251	0.00721
2	0.85592	0.00992	0.00754	0.00675	0.00992	0.01151	0.00556	0.01508	0.00873	0.02302	0.00714	0.00834	0.00556	0.00476	0.00318	0.00159	0.00397	0.00278	0.00318	0.00556
3	0.01388	0.79919	0.02652	0.00891	0.01325	0.04329	0.00881	0.01552	0.01055	0.01209	0.00716	0.00826	0.00659	0.00442	0.00333	0.00110	0.00560	0.00276	0.00221	0.00657
4	0.01372	0.82276	0.02689	0.00878	0.01317	0.02030	0.00878	0.01536	0.01043	0.01207	0.00713	0.00823	0.00658	0.00439	0.00329	0.00110	0.00549	0.00274	0.00219	0.00658
5	0.00713	0.00524	0.00667	0.00631	0.00758	0.00478	0.00473	0.00942	0.01420	0.01981	0.70164	0.03958	0.13221	0.01077	0.00605	0.00163	0.00244	0.00946	0.00555	0.00478
6	0.00746	0.00499	0.00567	0.00567	0.00569	0.00501	0.00320	0.00751	0.00748	0.01000	0.01610	0.03321	0.01849	0.79820	0.04737	0.00506	0.00522	0.00741	0.00310	0.00315
7	0.00681	0.00492	0.00682	0.00762	0.00817	0.00501	0.00551	0.00807	0.00949	0.01286	0.02360	0.48497	0.02695	0.05474	0.22983	0.00396	0.00625	0.08600	0.00413	0.00430
8	0.00956	0.00478	0.00478	0.00478	0.00598	0.00478	0.00359	0.01196	0.01076	0.01913	0.01674	0.01913	0.01315	0.00598	0.00359	0.00120	0.00239	0.00478	0.84816	0.00478
9	0.09530	0.02487	0.71411	0.01383	0.02097	0.01188	0.01761	0.01613	0.01062	0.01693	0.00900	0.01058	0.00641	0.00486	0.00470	0.00162	0.00722	0.00369	0.00227	0.00738
10	0.00772	0.00607	0.00900	0.00877	0.00960	0.00735	0.00690	0.00948	0.00821	0.01196	0.01304	0.01926	0.01222	0.03552	0.72067	0.00764	0.09382	0.00540	0.00270	0.00468
11	0.01044	0.02567	0.74610	0.01565	0.06878	0.01193	0.01876	0.01622	0.01088	0.01628	0.00924	0.01095	0.00660	0.00486	0.00489	0.00162	0.00749	0.00384	0.00219	0.00762
12	0.00733	0.00550	0.00825	0.00825	0.00916	0.00641	0.00641	0.00916	0.00825	0.01191	0.01374	0.02016	0.01283	0.03848	0.79934	0.00825	0.01374	0.00550	0.00275	0.00458
13	0.01430	0.73690	0.02556	0.00926	0.01346	0.10407	0.00890	0.01592	0.01087	0.01212	0.00722	0.00834	0.00659	0.00449	0.00344	0.00112	0.00589	0.00280	0.00224	0.00652
14	0.00687	0.00674	0.06242	0.00634	0.00817	0.00511	0.00525	0.00868	0.01193	0.01539	0.23219	0.04240	0.44579	0.09290	0.00802	0.00204	0.00320	0.02735	0.00464	0.00458
15	0.01095	0.01096	0.01613	0.22313	0.03294	0.03609	0.05569	0.01294	0.00917	0.01297	0.00904	0.01392	0.02203	0.00773	0.01213	0.00203	0.47982	0.02421	0.00240	0.00572
16	0.00915	0.00514	0.00759	0.00737	0.00737	0.00559	0.00514	0.00725	0.00680	0.00926	0.00869	0.01516	0.00869	0.01694	0.01973	0.76541	0.08547	0.00446	0.00223	0.00257
17	0.03361	0.01082	0.01600	0.02816	0.01449	0.01425	0.08666	0.01275	0.00857	0.01354	0.00803	0.01223	0.00741	0.00877	0.03178	0.00223	0.61721	0.00465	0.06317	0.00566
18	0.01765	0.01503	0.01483	0.06945	0.03228	0.13600	0.00999	0.47881	0.12938	0.02603	0.01258	0.01293	0.00924	0.00603	0.00507	0.00155	0.00607	0.00458	0.00450	0.00798
19	0.00746	0.00497	0.00560	0.00560	0.00560	0.00497	0.00311	0.00746	0.00746	0.00995	0.01617	0.03358	0.01865	0.81967	0.02612	0.00497	0.00497	0.00746	0.00311	0.00311
20	0.01270	0.01219	0.02083	0.03149	0.78767	0.01219	0.01575	0.01575	0.01168	0.01676	0.00965	0.01270	0.00813	0.00457	0.00508	0.00152	0.00610	0.00457	0.00254	0.00813
21	0.00969	0.00897	0.01501	0.77876	0.03429	0.01116	0.01387	0.01307	0.01028	0.01332	0.00939	0.01387	0.00706	0.00516	0.00507	0.00169	0.00668	0.00457	0.03241	0.00567
22	0.00625	0.00485	0.00571	0.00634	0.00731	0.00430	0.00448	0.00740	0.01082	0.01369	0.05880	0.43945	0.36288	0.01453	0.00634	0.00193	0.00284	0.03301	0.00479	0.00427
23	0.02132	0.09214	0.01358	0.00929	0.01325	0.00953	0.00780	0.05885	0.05836	0.63243	0.01857	0.01638	0.01206	0.00618	0.00497	0.00154	0.00452	0.00493	0.00581	0.00848
24	0.01155	0.36701	0.40753	0.01166	0.01739	0.01512	0.01368	0.01536	0.01047	0.01414	0.00864	0.01039	0.00699	0.00708	0.06135	0.00187	0.00713	0.00346	0.00222	0.00694
25	0.00714	0.06608	0.08612	0.00666	0.00897	0.00626	0.00588	0.00891	0.01137	0.01411	0.07308	0.11943	0.52906	0.02668	0.00616	0.00177	0.00338	0.00979	0.00433	0.00480
26	0.01454	0.43479	0.10380	0.01028	0.03692	0.09709	0.00946	0.01654	0.01123	0.12000	0.01023	0.01257	0.00868	0.08677	0.00621	0.00165	0.00592	0.00378	0.00291	0.00662
27	0.03412	0.41233	0.02114	0.01258	0.08695	0.23399	0.00990	0.05104	0.01208	0.01384	0.00780	0.00934	0.00682	0.00507	0.00489	0.00131	0.06446	0.00328	0.00251	0.00656
28	0.19616	0.20338	0.21772	0.01048	0.01509	0.11376	0.01066	0.03993	0.01161	0.10713	0.00965	0.01048	0.00725	0.00502	0.00413	0.00144	0.00600	0.00347	0.01982	0.00682
29	0.01101	0.20451	0.22283	0.04443	0.07424	0.01165	0.03743	0.01416	0.01123	0.04029	0.08975	0.08440	0.02817	0.00640	0.00474	0.00145	0.00542	0.00534	0.02283	0.07972

[dist]
# distance from previous block
# <min> <max>
3	14

[block]
# block no. 6 follows, 48 sequences, length 10
# corresponding to MSA columns:
# 968-977
name=unknown_G
#
# <colnr> <probs for GDERKNQSTAVLIFYWHMCP>
#	G	D	E	R	K	N	Q	S	T	A	V	L	I	F	Y	W	H	M	C	P
0	0.01366	0.77549	0.02600	0.00888	0.01318	0.01986	0.00874	0.01606	0.05514	0.01262	0.00793	0.00887	0.00711	0.00454	0.00340	0.00113	0.00540	0.00292	0.00237	0.00667
1	0.04260	0.07882	0.52980	0.01414	0.04059	0.01258	0.05275	0.01647	0.04756	0.03341	0.02698	0.01193	0.00810	0.00532	0.00557	0.00163	0.05780	0.00410	0.00256	0.00728
2	0.01345	0.42342	0.20822	0.01043	0.01552	0.01590	0.01101	0.08789	0.03400	0.04333	0.00918	0.01012	0.00734	0.00476	0.00402	0.00127	0.00577	0.00338	0.00278	0.08821
3	0.00852	0.00467	0.00683	0.00683	0.00698	0.00482	0.00464	0.00716	0.00701	0.00949	0.01038	0.01804	0.01047	0.09743	0.14538	0.63537	0.00599	0.00491	0.00240	0.00269
4	0.04211	0.16851	0.04367	0.01501	0.14891	0.38945	0.01066	0.04033	0.01308	0.01440	0.01016	0.01284	0.02776	0.00556	0.00458	0.00139	0.00732	0.03503	0.00276	0.00648
5	0.05538	0.00983	0.01126	0.02198	0.04472	0.02600	0.00752	0.22026	0.04603	0.12306	0.01605	0.11159	0.03102	0.02972	0.05146	0.00197	0.00504	0.00587	0.05543	0.12579
6	0.12675	0.10719	0.04669	0.06954	0.03146	0.02900	0.02530	0.23033	0.03532	0.03755	0.01149	0.03415	0.00912	0.00579	0.00483	0.00147	0.03241	0.00437	0.10867	0.04856
7	0.01308	0.09723	0.15206	0.09685	0.35142	0.13567	0.05064	0.01632	0.01174	0.01519	0.00904	0.01155	0.00732	0.00476	0.00485	0.00149	0.00697	0.00413	0.00244	0.00725
8	0.01319	0.41314	0.26737	0.01312	0.08992	0.07240	0.01271	0.01632	0.01109	0.03620	0.00846	0.00982	0.00688	0.00468	0.00411	0.00134	0.00645	0.00336	0.00237	0.00706
9	0.01515	0.02824	0.11430	0.01100	0.01490	0.01145	0.03786	0.31438	0.01620	0.12745	0.01377	0.06174	0.01095	0.01125	0.12563	0.00255	0.00677	0.00522	0.00423	0.06699

[dist]
# distance from previous block
# <min> <max>
6	16

[block]
# block no. 7 follows, 48 sequences, length 8
# corresponding to MSA columns:
# 994-1001
name=unknown_H
#
# <colnr> <probs for GDERKNQSTAVLIFYWHMCP>
#	G	D	E	R	K	N	Q	S	T	A	V	L	I	F	Y	W	H	M	C	P
0	0.04711	0.15428	0.60454	0.01302	0.01965	0.01299	0.01618	0.01580	0.01082	0.01603	0.03873	0.01136	0.00809	0.00501	0.00459	0.00154	0.00689	0.00379	0.00235	0.00723
1	0.00768	0.00680	0.06425	0.00768	0.00884	0.00619	0.00615	0.00934	0.00868	0.01252	0.04576	0.04931	0.01607	0.24314	0.42717	0.00599	0.00944	0.00630	0.05429	0.00441
2	0.05141	0.19834	0.55309	0.01376	0.05521	0.01373	0.01596	0.01598	0.01068	0.01569	0.00868	0.01023	0.00655	0.00475	0.00446	0.00150	0.00689	0.00355	0.00224	0.00729
3	0.07265	0.17438	0.41046	0.06295	0.05638	0.04018	0.03155	0.01536	0.01071	0.01539	0.01036	0.01207	0.03766	0.00538	0.00487	0.01986	0.00662	0.00393	0.00240	0.00684
4	0.01110	0.07398	0.57150	0.01449	0.06253	0.01241	0.01635	0.07032	0.01166	0.01686	0.01040	0.05977	0.00843	0.00573	0.00530	0.00163	0.03310	0.00451	0.00256	0.00736
5	0.04847	0.06466	0.10374	0.08180	0.14777	0.21458	0.01131	0.06234	0.04609	0.06330	0.01172	0.01303	0.03748	0.00541	0.00472	0.00144	0.00650	0.00419	0.00313	0.06831
6	0.03573	0.01237	0.10281	0.09417	0.06594	0.03225	0.11977	0.11026	0.11952	0.04602	0.06648	0.09232	0.06530	0.00725	0.00543	0.00169	0.00558	0.00646	0.00389	0.00678
7	0.04895	0.01040	0.01377	0.06182	0.20914	0.02346	0.02568	0.18382	0.03428	0.02041	0.13070	0.02050	0.05838	0.03546	0.02324	0.00181	0.00519	0.02602	0.00392	0.06308

[dist]
# distance from previous block
# <min> <max>
4	19

[block]
# block no. 8 follows, 48 sequences, length 26
# corresponding to MSA columns:
# 1021-1046
name=unknown_I
#
# <colnr> <probs for GDERKNQSTAVLIFYWHMCP>
#	G	D	E	R	K	N	Q	S	T	A	V	L	I	F	Y	W	H	M	C	P
0	0.04133	0.01143	0.03032	0.03382	0.15712	0.01153	0.01006	0.19512	0.11890	0.24724	0.01502	0.01547	0.01083	0.00609	0.00541	0.00159	0.02826	0.01880	0.00467	0.03700
1	0.01235	0.01097	0.01453	0.01334	0.06833	0.02577	0.03359	0.04975	0.15398	0.06073	0.02997	0.01671	0.06888	0.00814	0.01107	0.00195	0.40456	0.00539	0.00347	0.00651
2	0.08688	0.02914	0.24067	0.08001	0.01842	0.01136	0.07033	0.11627	0.01264	0.06516	0.02224	0.01416	0.02463	0.00563	0.00533	0.00154	0.04058	0.02585	0.00325	0.12590
3	0.06445	0.00743	0.01066	0.08851	0.17639	0.00755	0.00830	0.02970	0.01091	0.03787	0.05222	0.39058	0.02235	0.02239	0.00599	0.00186	0.00422	0.02223	0.01502	0.02135
4	0.07740	0.00881	0.01162	0.00897	0.01289	0.00780	0.00741	0.02436	0.01430	0.74106	0.01939	0.01687	0.01223	0.00625	0.00503	0.00159	0.00434	0.00500	0.00614	0.00852
5	0.02208	0.00876	0.01181	0.00901	0.01303	0.00749	0.00743	0.02409	0.01438	0.73248	0.01940	0.01695	0.01231	0.00616	0.00506	0.00152	0.00432	0.00500	0.00610	0.07261
6	0.01917	0.02445	0.01454	0.01322	0.01586	0.79907	0.00991	0.02049	0.01454	0.01256	0.00793	0.00925	0.00661	0.00529	0.00463	0.00132	0.00925	0.00330	0.00264	0.00595
7	0.01629	0.01231	0.01423	0.01293	0.09799	0.01330	0.00942	0.54130	0.02050	0.02765	0.08706	0.07560	0.03340	0.00730	0.00534	0.00159	0.00512	0.00595	0.00486	0.00785
8	0.00983	0.00887	0.01458	0.48310	0.02593	0.01090	0.05378	0.01208	0.00950	0.01274	0.00975	0.04941	0.00845	0.00782	0.00903	0.10843	0.13933	0.00507	0.01618	0.00523
9	0.01235	0.01372	0.10471	0.04819	0.66654	0.01216	0.03575	0.01576	0.01157	0.01661	0.00961	0.01255	0.00791	0.00461	0.00508	0.00154	0.00634	0.00453	0.00249	0.00798
10	0.76520	0.01041	0.00839	0.00730	0.01057	0.01199	0.00601	0.09703	0.01040	0.02403	0.00771	0.00877	0.00590	0.00491	0.00339	0.00158	0.00415	0.00298	0.00339	0.00590
11	0.00969	0.00899	0.01524	0.60856	0.02989	0.01078	0.07371	0.01271	0.01004	0.01319	0.01013	0.01593	0.00838	0.09356	0.00781	0.00207	0.03208	0.00500	0.02676	0.00549
12	0.00879	0.00658	0.00723	0.00668	0.00801	0.00659	0.00471	0.09213	0.07307	0.01598	0.14430	0.03505	0.22569	0.32731	0.01375	0.00296	0.00395	0.00820	0.00433	0.00471
13	0.10026	0.07002	0.00816	0.00664	0.00762	0.00735	0.00462	0.03157	0.00867	0.01287	0.01495	0.08541	0.01622	0.45592	0.13059	0.00439	0.00599	0.00671	0.01791	0.00413
14	0.78949	0.00986	0.00816	0.06959	0.01192	0.01150	0.00624	0.01493	0.00885	0.02224	0.00730	0.00875	0.00566	0.00479	0.00333	0.00160	0.00419	0.00292	0.00311	0.00557
15	0.07069	0.00505	0.00591	0.00666	0.00747	0.00478	0.00459	0.00780	0.01005	0.01391	0.03120	0.57198	0.18682	0.03962	0.00680	0.00206	0.00304	0.01269	0.00459	0.00427
16	0.01164	0.03765	0.23642	0.01932	0.04486	0.01297	0.49422	0.01617	0.01153	0.01611	0.00981	0.01274	0.00737	0.00468	0.00609	0.00170	0.04195	0.00525	0.00245	0.00707
17	0.07846	0.01157	0.01900	0.14105	0.61850	0.01202	0.01473	0.01532	0.01125	0.01673	0.00938	0.01250	0.00774	0.00467	0.00494	0.00156	0.00604	0.00443	0.00255	0.00758
18	0.00644	0.00521	0.00572	0.00560	0.00716	0.00449	0.00420	0.00810	0.01259	0.01599	0.28417	0.04588	0.55207	0.01220	0.00606	0.00170	0.00254	0.01034	0.00504	0.00449
19	0.85592	0.00992	0.00754	0.00675	0.00992	0.01151	0.00556	0.01508	0.00873	0.02302	0.00714	0.00834	0.00556	0.00476	0.00318	0.00159	0.00397	0.00278	0.00318	0.00556
20	0.01372	0.00873	0.01017	0.02805	0.01207	0.00890	0.00713	0.10017	0.21801	0.20774	0.05727	0.04880	0.19373	0.00889	0.00557	0.00172	0.00399	0.05310	0.00528	0.00696
21	0.01239	0.01209	0.02126	0.09495	0.65402	0.01220	0.08613	0.01559	0.01161	0.01643	0.00968	0.01289	0.00799	0.00460	0.00518	0.00156	0.00640	0.00471	0.00252	0.00781
22	0.01396	0.01077	0.01775	0.22487	0.37765	0.01114	0.04584	0.04025	0.01229	0.16106	0.01196	0.01478	0.00908	0.00528	0.00519	0.00161	0.00603	0.01966	0.00331	0.00752
23	0.00629	0.00521	0.00551	0.00543	0.00707	0.00443	0.00407	0.00780	0.01222	0.01512	0.18902	0.04731	0.64776	0.01253	0.00606	0.00171	0.00257	0.01054	0.00493	0.00443
24	0.01095	0.00910	0.01059	0.00779	0.01196	0.00731	0.00622	0.07003	0.01208	0.01832	0.09351	0.01377	0.01211	0.00470	0.00415	0.00091	0.00379	0.00384	0.00348	0.69538
25	0.03325	0.12031	0.53326	0.10138	0.03760	0.01294	0.06098	0.01577	0.01076	0.01560	0.00897	0.01098	0.00663	0.00480	0.00474	0.00157	0.00718	0.00387	0.00224	0.00717

[dist]
# distance from previous block
# <min> <max>
0	1

[block]
# block no. 9 follows, 48 sequences, length 45
# corresponding to MSA columns:
# 1048-1092
name=unknown_J
#
# <colnr> <probs for GDERKNQSTAVLIFYWHMCP>
#	G	D	E	R	K	N	Q	S	T	A	V	L	I	F	Y	W	H	M	C	P
0	0.00829	0.00619	0.00760	0.00673	0.00867	0.00550	0.00514	0.01106	0.04576	0.03815	0.52829	0.03382	0.12202	0.00945	0.00564	0.00150	0.00278	0.00821	0.00513	0.14007
1	0.00969	0.00912	0.01539	0.80734	0.03534	0.01140	0.01425	0.01311	0.01026	0.01311	0.00912	0.01368	0.00684	0.00513	0.00513	0.00171	0.00684	0.00456	0.00228	0.00570
2	0.01135	0.00743	0.00909	0.01029	0.13235	0.00766	0.00655	0.12791	0.01278	0.02016	0.01538	0.05259	0.01272	0.02712	0.01663	0.00154	0.00374	0.00523	0.51361	0.00585
3	0.01117	0.01083	0.01580	0.13187	0.08773	0.01435	0.01184	0.03123	0.00898	0.01334	0.00780	0.01214	0.00720	0.00924	0.04825	0.00235	0.56307	0.00456	0.00237	0.00589
4	0.01231	0.01187	0.02017	0.02667	0.58610	0.01142	0.09123	0.01537	0.01156	0.01672	0.00964	0.01249	0.00801	0.00442	0.00498	0.00142	0.00599	0.00448	0.00263	0.14253
5	0.01124	0.01186	0.02382	0.02021	0.14932	0.01114	0.48105	0.01470	0.01160	0.01601	0.01287	0.13405	0.01176	0.00610	0.00583	0.00169	0.00707	0.00690	0.00294	0.05986
6	0.01360	0.01144	0.01207	0.01061	0.01366	0.01315	0.00832	0.11936	0.68494	0.02281	0.01982	0.01830	0.01480	0.00686	0.00521	0.00172	0.00426	0.00565	0.00521	0.00820
7	0.01156	0.24036	0.41864	0.01178	0.01728	0.04726	0.01359	0.01548	0.01104	0.03812	0.05180	0.01298	0.02182	0.00751	0.05829	0.00192	0.00705	0.00405	0.00259	0.00687
8	0.00636	0.00451	0.00592	0.00700	0.00727	0.00424	0.00461	0.00717	0.00961	0.01281	0.02717	0.74437	0.03253	0.08994	0.00835	0.00235	0.00316	0.01393	0.00461	0.00407
