[name]
unknown

[dist]
# distance from previous block
# <min> <max>
55	130

[block]
# block no. 0 follows, 42 sequences, length 48
# corresponding to MSA columns:
# 185-232
name=unknown_A
#
# <colnr> <probs for GDERKNQSTAVLIFYWHMCP>
#	G	D	E	R	K	N	Q	S	T	A	V	L	I	F	Y	W	H	M	C	P
0	0.03358	0.12019	0.38512	0.01730	0.13627	0.03206	0.04547	0.05354	0.01303	0.01858	0.06675	0.01423	0.01104	0.00584	0.00556	0.00170	0.02413	0.00472	0.00295	0.00793
1	0.12878	0.12287	0.31557	0.01470	0.06774	0.07215	0.05658	0.05455	0.03879	0.01913	0.03009	0.01368	0.03060	0.00580	0.00503	0.00168	0.00703	0.00451	0.00308	0.00763
2	0.08110	0.22272	0.12698	0.02957	0.01628	0.12738	0.03126	0.04216	0.04263	0.01729	0.02654	0.02966	0.06218	0.00620	0.00476	0.00148	0.00632	0.00466	0.00326	0.11755
3	0.01200	0.14448	0.42691	0.06623	0.02184	0.01378	0.04358	0.01669	0.01166	0.01680	0.00967	0.01176	0.00743	0.00525	0.00547	0.00158	0.03773	0.00403	0.00256	0.14056
4	0.01113	0.01031	0.01689	0.73404	0.03718	0.01285	0.01533	0.04531	0.01182	0.01524	0.01008	0.01486	0.00759	0.00579	0.00599	0.00188	0.02969	0.00500	0.00263	0.00639
5	0.01230	0.01040	0.01225	0.04136	0.01469	0.00840	0.00732	0.06527	0.01268	0.01936	0.01025	0.01194	0.00839	0.00441	0.00433	0.00094	0.00445	0.00352	0.00346	0.74427
6	0.03663	0.01092	0.01336	0.02799	0.01514	0.00926	0.04579	0.08885	0.02862	0.02026	0.01063	0.01224	0.00857	0.00460	0.00449	0.00105	0.00474	0.00377	0.00357	0.64951
7	0.00818	0.00546	0.00614	0.00614	0.00614	0.00546	0.00341	0.00818	0.00818	0.01091	0.01773	0.03683	0.02046	0.80222	0.02864	0.00546	0.00546	0.00818	0.00341	0.00341
8	0.01582	0.70528	0.02775	0.01026	0.01482	0.11984	0.00979	0.01758	0.01202	0.01331	0.00794	0.00917	0.00723	0.00494	0.00380	0.00124	0.00655	0.00309	0.00247	0.00713
9	0.00673	0.00537	0.00604	0.00657	0.00783	0.00468	0.00466	0.00798	0.01199	0.01486	0.04642	0.35738	0.46844	0.01563	0.00687	0.00206	0.00302	0.01356	0.00523	0.00468
10	0.02025	0.12715	0.01769	0.01387	0.01702	0.68206	0.01071	0.02175	0.01537	0.01370	0.00859	0.01000	0.00725	0.00567	0.00489	0.00142	0.00962	0.00355	0.00284	0.00661
11	0.00686	0.00490	0.00653	0.00784	0.00816	0.00457	0.00522	0.00784	0.01077	0.01437	0.03102	0.79855	0.03722	0.01763	0.00718	0.00229	0.00326	0.01600	0.00522	0.00457
12	0.02525	0.00958	0.01306	0.01001	0.01437	0.00827	0.00827	0.02743	0.01611	0.77102	0.02220	0.01915	0.01393	0.00697	0.00566	0.00174	0.00479	0.00566	0.00697	0.00958
13	0.00793	0.00575	0.00747	0.00704	0.00839	0.00529	0.00528	0.01055	0.01584	0.02236	0.74471	0.04237	0.07267	0.01158	0.00664	0.00177	0.00266	0.01022	0.00617	0.00529
14	0.00721	0.00566	0.00652	0.00643	0.00798	0.00497	0.00478	0.00912	0.01396	0.01820	0.34898	0.10518	0.41419	0.01336	0.00669	0.00188	0.00280	0.01148	0.00563	0.00497
15	0.00686	0.00490	0.00653	0.00784	0.00816	0.00457	0.00522	0.00784	0.01077	0.01437	0.03102	0.79855	0.03722	0.01763	0.00718	0.00229	0.00326	0.01600	0.00522	0.00457
16	0.02525	0.00958	0.01306	0.01001	0.01437	0.00827	0.00827	0.02743	0.01611	0.77102	0.02220	0.01915	0.01393	0.00697	0.00566	0.00174	0.00479	0.00566	0.00697	0.00958
17	0.84197	0.01088	0.00827	0.00740	0.01088	0.01262	0.00609	0.01654	0.00958	0.02525	0.00784	0.00914	0.00609	0.00522	0.00348	0.00174	0.00435	0.00305	0.00348	0.00609
18	0.00818	0.00546	0.00614	0.00614	0.00614	0.00546	0.00341	0.00818	0.00818	0.01091	0.01773	0.03683	0.02046	0.80222	0.02864	0.00546	0.00546	0.00818	0.00341	0.00341
19	0.02525	0.00958	0.01306	0.01001	0.01437	0.00827	0.00827	0.02743	0.01611	0.77102	0.02220	0.01915	0.01393	0.00697	0.00566	0.00174	0.00479	0.00566	0.00697	0.00958
20	0.00818	0.00546	0.00614	0.00614	0.00614	0.00546	0.00341	0.00818	0.00818	0.01091	0.01773	0.03683	0.02046	0.80222	0.02864	0.00546	0.00546	0.00818	0.00341	0.00341
21	0.01129	0.02911	0.77306	0.01604	0.02436	0.01307	0.02079	0.01782	0.01188	0.01782	0.01010	0.01188	0.00713	0.00535	0.00535	0.00178	0.00832	0.00416	0.00238	0.00832
22	0.02470	0.01045	0.01360	0.01043	0.01480	0.00957	0.00861	0.12926	0.01757	0.66712	0.02097	0.01836	0.01331	0.00694	0.00566	0.00173	0.00499	0.00558	0.00678	0.00958
23	0.00804	0.00603	0.00904	0.00904	0.01005	0.00703	0.00703	0.01005	0.00904	0.01306	0.01507	0.02211	0.01407	0.04221	0.77992	0.00904	0.01507	0.00603	0.00301	0.00502
24	0.01683	0.01338	0.01302	0.01125	0.01455	0.11123	0.00882	0.11805	0.37808	0.13411	0.02206	0.02085	0.07262	0.00805	0.00616	0.02579	0.00535	0.00613	0.00540	0.00827
25	0.03745	0.01456	0.01499	0.01219	0.01615	0.05544	0.00983	0.40410	0.26440	0.08559	0.01687	0.01612	0.01220	0.00698	0.00559	0.00175	0.00568	0.00542	0.00557	0.00912
26	0.01154	0.00986	0.01153	0.00832	0.01320	0.00742	0.00663	0.01400	0.01165	0.01823	0.01057	0.03304	0.00912	0.00453	0.00425	0.00087	0.00414	0.00368	0.00339	0.81403
27	0.01284	0.01029	0.01242	0.06744	0.01553	0.00846	0.00765	0.05446	0.01267	0.05924	0.01084	0.01242	0.00864	0.00457	0.00444	0.00101	0.00456	0.00368	0.00359	0.68526
28	0.01327	0.14582	0.43849	0.01670	0.10448	0.01392	0.05921	0.01810	0.01250	0.07736	0.04116	0.01365	0.00982	0.00557	0.00525	0.00168	0.00733	0.00458	0.00297	0.00815
29	0.05048	0.21684	0.01998	0.01570	0.11881	0.43073	0.01125	0.04574	0.01453	0.01548	0.00888	0.01047	0.00751	0.00546	0.00474	0.00144	0.00829	0.00369	0.00288	0.00711
30	0.00933	0.00777	0.06523	0.00773	0.00985	0.00602	0.00646	0.01190	0.01470	0.07914	0.48430	0.05661	0.16544	0.04176	0.00733	0.00194	0.00340	0.00971	0.00567	0.00569
31	0.82026	0.01085	0.00840	0.00747	0.01098	0.01251	0.00615	0.01683	0.00975	0.04508	0.00822	0.00941	0.00630	0.00527	0.00354	0.00174	0.00436	0.00312	0.00358	0.00619
32	0.01100	0.00906	0.01447	0.20721	0.24511	0.00963	0.01141	0.01317	0.03285	0.01578	0.10963	0.02052	0.04659	0.01014	0.00992	0.21262	0.00569	0.00597	0.00326	0.00599
33	0.01105	0.01034	0.01761	0.61482	0.06056	0.01234	0.07220	0.02791	0.01169	0.01540	0.01116	0.04241	0.00895	0.00611	0.00600	0.00187	0.02574	0.00552	0.03189	0.00642
34	0.01188	0.02829	0.74101	0.01579	0.02394	0.01287	0.02026	0.01823	0.01206	0.04959	0.01061	0.01219	0.00742	0.00541	0.00536	0.00178	0.00817	0.00422	0.00257	0.00837
35	0.00907	0.00703	0.00900	0.00940	0.05010	0.00693	0.00678	0.01321	0.10615	0.02073	0.44972	0.04185	0.10502	0.03142	0.00718	0.00200	0.00353	0.10939	0.00566	0.00583
36	0.01573	0.71671	0.02794	0.01019	0.01478	0.10872	0.00977	0.01749	0.01195	0.01330	0.00792	0.00916	0.00723	0.00493	0.00378	0.00123	0.00649	0.00308	0.00246	0.00714
37	0.04476	0.01027	0.01328	0.01018	0.01456	0.00930	0.00840	0.10162	0.01683	0.64403	0.02042	0.01800	0.01304	0.00678	0.00554	0.00170	0.00490	0.00543	0.00659	0.04437
38	0.08824	0.01010	0.01420	0.01084	0.01523	0.00906	0.06371	0.02587	0.01538	0.65597	0.02026	0.01807	0.01291	0.00666	0.00556	0.00175	0.00511	0.00553	0.00638	0.00916
39	0.29478	0.21593	0.09454	0.01147	0.03360	0.14368	0.03842	0.01733	0.01154	0.01816	0.00896	0.01089	0.00744	0.00799	0.06262	0.00212	0.00722	0.00366	0.00292	0.00673
40	0.01049	0.00525	0.00525	0.00525	0.00656	0.00525	0.00393	0.01311	0.01180	0.02098	0.01836	0.02098	0.01442	0.00656	0.00393	0.00131	0.00262	0.00525	0.83346	0.00525
41	0.01400	0.01780	0.14073	0.02399	0.24997	0.10099	0.28431	0.01864	0.04420	0.01782	0.01148	0.01492	0.00912	0.00537	0.00592	0.00177	0.00824	0.01978	0.00293	0.00799
42	0.01374	0.01186	0.01248	0.01125	0.01439	0.01367	0.00874	0.02913	0.73071	0.02325	0.02411	0.02217	0.04355	0.00787	0.00576	0.00191	0.00440	0.00656	0.00571	0.00876
43	0.00843	0.00643	0.00784	0.00762	0.00909	0.00625	0.00565	0.01240	0.11025	0.02063	0.47884	0.15957	0.12099	0.01226	0.00661	0.00188	0.00300	0.01078	0.00588	0.00560
44	0.00807	0.00569	0.00727	0.00727	0.00774	0.00605	0.00487	0.00891	0.00870	0.01193	0.01821	0.03170	0.04686	0.47215	0.32380	0.00673	0.00914	0.00748	0.00332	0.00410
45	0.00686	0.00490	0.00653	0.00784	0.00816	0.00457	0.00522	0.00784	0.01077	0.01437	0.03102	0.79855	0.03722	0.01763	0.00718	0.00229	0.00326	0.01600	0.00522	0.00457
46	0.02189	0.01497	0.01640	0.01257	0.01705	0.01627	0.01038	0.65548	0.02513	0.13022	0.01463	0.01424	0.01013	0.00678	0.00563	0.00170	0.00601	0.00514	0.00580	0.00957
47	0.01250	0.11350	0.51875	0.01736	0.09277	0.04582	0.05731	0.01770	0.01203	0.01704	0.00979	0.01188	0.00740	0.00542	0.00574	0.00173	0.03849	0.00425	0.00247	0.00805

[dist]
# distance from previous block
# <min> <max>
0	6

[block]
# block no. 1 follows, 42 sequences, length 52
# corresponding to MSA columns:
# 239-290
name=unknown_B
#
# <colnr> <probs for GDERKNQSTAVLIFYWHMCP>
#	G	D	E	R	K	N	Q	S	T	A	V	L	I	F	Y	W	H	M	C	P
0	0.01654	0.05240	0.14041	0.01412	0.03982	0.01476	0.07286	0.34214	0.03206	0.05613	0.08695	0.01628	0.01343	0.00686	0.00643	0.00175	0.05432	0.00547	0.00452	0.02276
1	0.00817	0.00551	0.00641	0.00641	0.00650	0.00560	0.00375	0.00836	0.00826	0.01111	0.01748	0.03546	0.01987	0.73160	0.09845	0.00579	0.00635	0.00798	0.00337	0.00356
2	0.00829	0.00555	0.00732	0.00752	0.00852	0.00513	0.00536	0.01014	0.01354	0.05307	0.39749	0.36530	0.04370	0.03325	0.00736	0.00208	0.00308	0.01242	0.00575	0.00514
3	0.01099	0.01050	0.01805	0.63708	0.03514	0.01277	0.08295	0.01462	0.01127	0.01487	0.01021	0.01502	0.00781	0.00588	0.00659	0.00190	0.06383	0.00516	0.02904	0.00634
4	0.01267	0.02669	0.67023	0.01581	0.02365	0.01267	0.05124	0.01872	0.01234	0.08782	0.01128	0.01270	0.00782	0.00547	0.00543	0.00178	0.00804	0.00441	0.00282	0.00840
5	0.00733	0.00564	0.00671	0.00663	0.00807	0.00501	0.00490	0.00933	0.01416	0.01881	0.40940	0.13071	0.32647	0.01325	0.00670	0.00188	0.00280	0.01148	0.00571	0.00501
6	0.00804	0.00603	0.00904	0.00904	0.01005	0.00703	0.00703	0.01005	0.00904	0.01306	0.01507	0.02211	0.01407	0.04221	0.77992	0.00904	0.01507	0.00603	0.00301	0.00502
7	0.01470	0.73346	0.09858	0.01022	0.01537	0.02141	0.01067	0.01694	0.01148	0.01367	0.00804	0.00929	0.00721	0.00486	0.00377	0.00126	0.00623	0.00312	0.00240	0.00732
8	0.84197	0.01088	0.00827	0.00740	0.01088	0.01262	0.00609	0.01654	0.00958	0.02525	0.00784	0.00914	0.00609	0.00522	0.00348	0.00174	0.00435	0.00305	0.00348	0.00609
9	0.01321	0.01543	0.04963	0.02333	0.02894	0.01428	0.71215	0.01791	0.01314	0.01791	0.01126	0.01503	0.00848	0.00488	0.00690	0.00191	0.02867	0.00654	0.00283	0.00757
10	0.00692	0.00495	0.00659	0.00779	0.00818	0.00462	0.00523	0.00801	0.01109	0.01487	0.07578	0.75235	0.03819	0.01726	0.00715	0.00225	0.00323	0.01564	0.00528	0.00462
11	0.00888	0.00622	0.00765	0.06528	0.00976	0.00645	0.00527	0.02686	0.02589	0.01512	0.13622	0.05742	0.04141	0.41576	0.06861	0.00412	0.00540	0.00807	0.08108	0.00452
12	0.00722	0.00572	0.00649	0.00630	0.00795	0.00499	0.00472	0.00917	0.01417	0.01838	0.36234	0.04893	0.45752	0.01307	0.00665	0.00184	0.00277	0.01114	0.00564	0.00499
13	0.01403	0.01385	0.02181	0.11013	0.64715	0.06007	0.01671	0.01729	0.01285	0.01770	0.01041	0.01381	0.00867	0.00512	0.00555	0.00168	0.00698	0.00493	0.00276	0.00850
14	0.00696	0.00498	0.00662	0.00777	0.00819	0.00464	0.00523	0.00809	0.01125	0.01513	0.09914	0.72826	0.03870	0.01706	0.00713	0.00224	0.00321	0.01546	0.00531	0.00464
15	0.01378	0.01322	0.02258	0.06780	0.73500	0.01333	0.01720	0.01714	0.01275	0.01821	0.01056	0.01398	0.00885	0.00504	0.00557	0.00168	0.00672	0.00501	0.00277	0.00880
16	0.01358	0.01385	0.05408	0.12527	0.55552	0.03168	0.01629	0.01823	0.08180	0.01823	0.01159	0.01454	0.00939	0.00537	0.00557	0.00172	0.00674	0.00507	0.00301	0.00850
17	0.84197	0.01088	0.00827	0.00740	0.01088	0.01262	0.00609	0.01654	0.00958	0.02525	0.00784	0.00914	0.00609	0.00522	0.00348	0.00174	0.00435	0.00305	0.00348	0.00609
18	0.00999	0.00820	0.02522	0.00824	0.00978	0.03665	0.00617	0.09623	0.03037	0.01799	0.16141	0.16557	0.13325	0.20767	0.01202	0.00282	0.00450	0.05375	0.00486	0.00532
19	0.01704	0.29352	0.05921	0.01306	0.03028	0.22704	0.01125	0.13217	0.01463	0.01723	0.00905	0.01077	0.00765	0.00619	0.00674	0.00158	0.12832	0.00389	0.00306	0.00732
20	0.00759	0.00520	0.00631	0.00690	0.00705	0.00506	0.00423	0.00803	0.00935	0.01247	0.02373	0.38045	0.02802	0.44828	0.01896	0.00403	0.00447	0.01171	0.00423	0.00393
21	0.01167	0.01000	0.01167	0.00834	0.01334	0.00750	0.00667	0.01417	0.01167	0.01834	0.01000	0.01167	0.00834	0.00417	0.00417	0.00083	0.00417	0.00333	0.00333	0.83663
22	0.18654	0.00942	0.01146	0.00914	0.01300	0.00881	0.00749	0.02336	0.01471	0.54048	0.08301	0.01993	0.03369	0.00718	0.00533	0.00175	0.00447	0.00567	0.00616	0.00840
23	0.00830	0.00597	0.00816	0.00940	0.01044	0.00583	0.00771	0.01036	0.01230	0.01603	0.03141	0.28052	0.06739	0.01610	0.00755	0.00247	0.00451	0.48535	0.00520	0.00498
24	0.01505	0.80561	0.02949	0.00963	0.01444	0.02227	0.00963	0.01685	0.01143	0.01324	0.00782	0.00903	0.00722	0.00481	0.00361	0.00120	0.00602	0.00301	0.00241	0.00722
25	0.01042	0.00862	0.01022	0.00809	0.01178	0.00674	0.00616	0.01244	0.01126	0.01703	0.01501	0.18289	0.01530	0.05580	0.00631	0.00143	0.00405	0.00636	0.00375	0.60632
26	0.00978	0.00489	0.00733	0.00733	0.00733	0.00489	0.00489	0.00733	0.00733	0.00978	0.00978	0.01711	0.00978	0.01955	0.02199	0.83627	0.00489	0.00489	0.00244	0.00244
27	0.84197	0.01088	0.00827	0.00740	0.01088	0.01262	0.00609	0.01654	0.00958	0.02525	0.00784	0.00914	0.00609	0.00522	0.00348	0.00174	0.00435	0.00305	0.00348	0.00609
28	0.01400	0.01209	0.01273	0.01145	0.01463	0.01400	0.00891	0.02990	0.75695	0.02354	0.02291	0.02100	0.01718	0.00764	0.00573	0.00191	0.00445	0.00636	0.00573	0.00891
29	0.02139	0.01576	0.01689	0.01295	0.01745	0.01745	0.01070	0.74835	0.02646	0.03547	0.01351	0.01351	0.00957	0.00676	0.00563	0.00169	0.00619	0.00507	0.00563	0.00957
30	0.01505	0.80561	0.02949	0.00963	0.01444	0.02227	0.00963	0.01685	0.01143	0.01324	0.00782	0.00903	0.00722	0.00481	0.00361	0.00120	0.00602	0.00301	0.00241	0.00722
31	0.01167	0.01000	0.01167	0.00834	0.01334	0.00750	0.00667	0.01417	0.01167	0.01834	0.01000	0.01167	0.00834	0.00417	0.00417	0.00083	0.00417	0.00333	0.00333	0.83663
32	0.00816	0.00621	0.00928	0.00921	0.01019	0.00733	0.00719	0.01015	0.00903	0.01308	0.01485	0.02182	0.01388	0.04127	0.75788	0.00885	0.03756	0.00600	0.00300	0.00506
33	0.00796	0.00575	0.00752	0.00708	0.00841	0.00531	0.00531	0.01062	0.01593	0.02257	0.76415	0.04204	0.05310	0.01150	0.00664	0.00177	0.00265	0.01018	0.00619	0.00531
34	0.00770	0.00574	0.00716	0.00680	0.00825	0.00520	0.00510	0.01011	0.01531	0.02109	0.62217	0.04447	0.19600	0.01206	0.00664	0.00180	0.00269	0.01052	0.00600	0.00520
35	0.00769	0.00555	0.00716	0.00813	0.00890	0.00530	0.00605	0.00909	0.01134	0.01476	0.03192	0.38156	0.11951	0.12269	0.01020	0.00276	0.00410	0.23370	0.00497	0.00462
36	0.01339	0.08596	0.05759	0.02280	0.09580	0.01496	0.55482	0.01765	0.01282	0.01743	0.01077	0.01427	0.00836	0.00502	0.00675	0.00184	0.04338	0.00600	0.00277	0.00764
37	0.00699	0.00506	0.00653	0.00761	0.00811	0.00470	0.00515	0.00805	0.01102	0.01456	0.05374	0.65800	0.09715	0.05709	0.00823	0.00241	0.00337	0.03252	0.00516	0.00456
38	0.14299	0.48447	0.06263	0.01062	0.01489	0.13830	0.00999	0.01758	0.01175	0.01543	0.00806	0.00952	0.00706	0.00529	0.00459	0.00141	0.04255	0.00326	0.00265	0.00695
39	0.57218	0.08602	0.01200	0.00881	0.01254	0.03872	0.00737	0.15053	0.01309	0.02555	0.00911	0.01020	0.00704	0.00551	0.00395	0.00166	0.00499	0.00348	0.02042	0.00683
40	0.01285	0.01365	0.02890	0.02087	0.02589	0.01285	0.63231	0.01727	0.01305	0.01848	0.01246	0.01607	0.00945	0.00502	0.00622	0.00181	0.00843	0.00643	0.13075	0.00723
41	0.00932	0.00905	0.07117	0.08108	0.01348	0.00797	0.00803	0.01442	0.13813	0.02057	0.41417	0.06930	0.10043	0.01033	0.00631	0.00184	0.00391	0.00899	0.00533	0.00616
42	0.01734	0.00874	0.03503	0.00913	0.01230	0.00746	0.00751	0.02038	0.04866	0.41397	0.28420	0.06364	0.02878	0.00905	0.00607	0.00179	0.00406	0.00772	0.00641	0.00777
43	0.01370	0.01351	0.02420	0.06309	0.62434	0.01347	0.12952	0.01727	0.01282	0.01817	0.01069	0.01416	0.00880	0.00500	0.00574	0.00171	0.00715	0.00526	0.00278	0.00860
44	0.02139	0.01576	0.01689	0.01295	0.01745	0.01745	0.01070	0.74835	0.02646	0.03547	0.01351	0.01351	0.00957	0.00676	0.00563	0.00169	0.00619	0.00507	0.00563	0.00957
45	0.03290	0.01702	0.02065	0.02683	0.47612	0.21538	0.04311	0.05242	0.02938	0.01818	0.01045	0.01301	0.00860	0.00535	0.00545	0.00163	0.00759	0.00470	0.00302	0.00821
46	0.00991	0.00757	0.00858	0.00794	0.01006	0.00756	0.00607	0.01566	0.21020	0.05357	0.31899	0.03921	0.26048	0.01113	0.00636	0.00185	0.00328	0.00950	0.00581	0.00627
47	0.01281	0.01219	0.02020	0.03010	0.65017	0.01204	0.01527	0.01586	0.01282	0.01790	0.01773	0.02012	0.12531	0.00644	0.00574	0.00171	0.00610	0.00607	0.00316	0.00827
48	0.00978	0.00489	0.00733	0.00733	0.00733	0.00489	0.00489	0.00733	0.00733	0.00978	0.00978	0.01711	0.00978	0.01955	0.02199	0.83627	0.00489	0.00489	0.00244	0.00244
49	0.46733	0.01028	0.01047	0.00860	0.01248	0.01063	0.00709	0.02153	0.01257	0.36734	0.01443	0.01373	0.00969	0.00602	0.00448	0.00174	0.00455	0.00425	0.00508	0.00769
50	0.01376	0.01185	0.01302	0.01252	0.05691	0.01347	0.00922	0.04863	0.64310	0.02307	0.02365	0.02284	0.05110	0.00794	0.00580	0.00190	0.00457	0.02247	0.00552	0.00865
51	0.01379	0.01313	0.02184	0.06590	0.68019	0.01338	0.01659	0.01807	0.06715	0.01859	0.01146	0.01449	0.00946	0.00523	0.00559	0.00170	0.00656	0.00511	0.00299	0.00880

[dist]
# distance from previous block
# <min> <max>
0	1

[block]
# block no. 2 follows, 42 sequences, length 16
# corresponding to MSA columns:
# 292-307
name=unknown_C
#
# <colnr> <probs for GDERKNQSTAVLIFYWHMCP>
#	G	D	E	R	K	N	Q	S	T	A	V	L	I	F	Y	W	H	M	C	P
0	0.01203	0.17879	0.56984	0.04390	0.02259	0.01500	0.01809	0.01733	0.01164	0.01663	0.00955	0.01146	0.00717	0.00543	0.00554	0.00170	0.03897	0.00400	0.00239	0.00794
1	0.01167	0.01000	0.01167	0.00834	0.01334	0.00750	0.00667	0.01417	0.01167	0.01834	0.01000	0.01167	0.00834	0.00417	0.00417	0.00083	0.00417	0.00333	0.00333	0.83663
2	0.01229	0.01077	0.01202	0.02880	0.06990	0.02862	0.00869	0.02292	0.46853	0.02129	0.10268	0.02798	0.12794	0.00888	0.00597	0.00188	0.00441	0.02335	0.00534	0.00775
3	0.00978	0.00489	0.00733	0.00733	0.00733	0.00489	0.00489	0.00733	0.00733	0.00978	0.00978	0.01711	0.00978	0.01955	0.02199	0.83627	0.00489	0.00489	0.00244	0.00244
4	0.02102	0.02682	0.01595	0.01450	0.01740	0.77963	0.01087	0.02247	0.01595	0.01377	0.00870	0.01015	0.00725	0.00580	0.00507	0.00145	0.01015	0.00362	0.00290	0.00652
5	0.01140	0.02830	0.73010	0.01649	0.02465	0.01314	0.06295	0.01783	0.01196	0.01783	0.01017	0.01207	0.00721	0.00531	0.00542	0.00179	0.00838	0.00430	0.00240	0.00827
6	0.01384	0.39651	0.36165	0.01283	0.01912	0.05285	0.01472	0.04100	0.01232	0.01603	0.00907	0.01050	0.00726	0.00516	0.00452	0.00149	0.00724	0.00362	0.00252	0.00776
7	0.00799	0.00537	0.00619	0.00638	0.00643	0.00533	0.00367	0.00813	0.00856	0.01141	0.01966	0.14761	0.02290	0.68811	0.02552	0.00499	0.00514	0.00932	0.00367	0.00358
8	0.01491	0.01171	0.01341	0.01333	0.09272	0.04062	0.00947	0.06555	0.39400	0.10565	0.08331	0.02370	0.04898	0.00809	0.00611	0.00186	0.02010	0.03281	0.00538	0.00828
9	0.00754	0.00527	0.00643	0.00702	0.00736	0.00506	0.00450	0.00824	0.01004	0.01331	0.05654	0.36806	0.07204	0.36103	0.01656	0.00364	0.00424	0.03455	0.00447	0.00412
10	0.02102	0.02682	0.01595	0.01450	0.01740	0.77963	0.01087	0.02247	0.01595	0.01377	0.00870	0.01015	0.00725	0.00580	0.00507	0.00145	0.01015	0.00362	0.00290	0.00652
11	0.00684	0.00571	0.00596	0.00590	0.00772	0.00483	0.00442	0.00844	0.01326	0.01624	0.15678	0.05245	0.66441	0.01386	0.00665	0.00188	0.00282	0.01164	0.00536	0.00483
12	0.01358	0.01293	0.02204	0.17928	0.54887	0.01343	0.06009	0.04894	0.01314	0.01834	0.01065	0.01419	0.00865	0.00519	0.00565	0.00173	0.00699	0.00511	0.00286	0.00835
13	0.01111	0.09394	0.04688	0.03344	0.15389	0.01122	0.15715	0.01484	0.07181	0.01661	0.01970	0.28729	0.03861	0.00979	0.00617	0.00191	0.00579	0.00919	0.00388	0.00678
14	0.04540	0.01155	0.01306	0.00992	0.01436	0.01087	0.00802	0.17574	0.08172	0.05248	0.01222	0.01314	0.00950	0.00543	0.00526	0.00125	0.03759	0.00413	0.00416	0.48420
15	0.01359	0.01073	0.01372	0.11778	0.01787	0.01031	0.03963	0.07973	0.14012	0.07869	0.01473	0.06030	0.01195	0.00620	0.00515	0.00143	0.00507	0.00528	0.00419	0.36351

[dist]
# distance from previous block
# <min> <max>
1	2

[block]
# block no. 3 follows, 42 sequences, length 31
# corresponding to MSA columns:
# 310-340
name=unknown_D
#
# <colnr> <probs for GDERKNQSTAVLIFYWHMCP>
#	G	D	E	R	K	N	Q	S	T	A	V	L	I	F	Y	W	H	M	C	P
0	0.01473	0.01528	0.02123	0.06308	0.39865	0.15532	0.11529	0.01774	0.01315	0.03324	0.01171	0.01482	0.02453	0.00758	0.04925	0.00211	0.02636	0.00519	0.00295	0.00780
1	0.01308	0.10918	0.06178	0.01338	0.10623	0.12374	0.00975	0.07263	0.08323	0.01736	0.01940	0.17465	0.07374	0.04247	0.02738	0.00208	0.00608	0.00748	0.00395	0.03239
2	0.00686	0.00502	0.00645	0.00755	0.00810	0.00461	0.00511	0.00794	0.01117	0.01469	0.05392	0.68648	0.12732	0.01705	0.00710	0.00222	0.00320	0.01533	0.00525	0.00461
3	0.01298	0.01515	0.06651	0.02347	0.09279	0.01362	0.60188	0.01756	0.01315	0.01797	0.01240	0.01791	0.00998	0.00547	0.00656	0.00192	0.00892	0.05121	0.00296	0.00759
4	0.00740	0.00560	0.00682	0.00680	0.00813	0.00502	0.00499	0.00941	0.01416	0.01904	0.43492	0.17153	0.25899	0.01333	0.00673	0.00189	0.00281	0.01164	0.00575	0.00502
5	0.02355	0.01022	0.04689	0.01010	0.01445	0.00830	0.00865	0.02595	0.01591	0.69071	0.06769	0.02025	0.01605	0.00717	0.00571	0.00174	0.00481	0.00587	0.00671	0.00926
6	0.02525	0.00958	0.01306	0.01001	0.01437	0.00827	0.00827	0.02743	0.01611	0.77102	0.02220	0.01915	0.01393	0.00697	0.00566	0.00174	0.00479	0.00566	0.00697	0.00958
7	0.00978	0.00489	0.00733	0.00733	0.00733	0.00489	0.00489	0.00733	0.00733	0.00978	0.00978	0.01711	0.00978	0.01955	0.02199	0.83627	0.00489	0.00489	0.00244	0.00244
8	0.01505	0.80561	0.02949	0.00963	0.01444	0.02227	0.00963	0.01685	0.01143	0.01324	0.00782	0.00903	0.00722	0.00481	0.00361	0.00120	0.00602	0.00301	0.00241	0.00722
9	0.02525	0.00958	0.01306	0.01001	0.01437	0.00827	0.00827	0.02743	0.01611	0.77102	0.02220	0.01915	0.01393	0.00697	0.00566	0.00174	0.00479	0.00566	0.00697	0.00958
10	0.02102	0.02682	0.01595	0.01450	0.01740	0.77963	0.01087	0.02247	0.01595	0.01377	0.00870	0.01015	0.00725	0.00580	0.00507	0.00145	0.01015	0.00362	0.00290	0.00652
11	0.00702	0.00504	0.00661	0.00763	0.00812	0.00469	0.00515	0.00819	0.01138	0.01528	0.11991	0.66382	0.05954	0.03946	0.00772	0.00230	0.00324	0.01495	0.00529	0.00463
12	0.00783	0.00574	0.00728	0.00690	0.00823	0.00526	0.00513	0.01026	0.01530	0.02133	0.66007	0.04312	0.12752	0.04239	0.00749	0.00193	0.00278	0.01028	0.00598	0.00518
13	0.01541	0.01153	0.01256	0.01107	0.01438	0.01288	0.00867	0.02887	0.62590	0.13234	0.02385	0.02175	0.03978	0.00774	0.00575	0.00188	0.00445	0.00643	0.00589	0.00888
14	0.01331	0.00995	0.01184	0.00854	0.01346	0.00759	0.00686	0.01577	0.01221	0.10923	0.01148	0.01257	0.00901	0.00451	0.00435	0.00094	0.00424	0.00361	0.00377	0.73675
15	0.01231	0.01231	0.01724	0.01477	0.01477	0.01724	0.01231	0.01354	0.00862	0.01354	0.00739	0.01231	0.00739	0.00985	0.01847	0.00246	0.79192	0.00492	0.00246	0.00616
16	0.01353	0.01296	0.02212	0.12561	0.67916	0.01327	0.01707	0.01692	0.01263	0.01790	0.01052	0.01406	0.00874	0.00509	0.00558	0.00170	0.00678	0.00501	0.00275	0.00859
17	0.01063	0.01000	0.01688	0.78870	0.03876	0.01250	0.01563	0.01438	0.01125	0.01438	0.01000	0.01500	0.00750	0.00563	0.00563	0.00188	0.00750	0.00500	0.00250	0.00625
18	0.00894	0.00638	0.00892	0.01022	0.01145	0.00637	0.00884	0.01143	0.01283	0.01670	0.02987	0.10673	0.03267	0.01567	0.00774	0.00257	0.00507	0.68727	0.00518	0.00515
19	0.84197	0.01088	0.00827	0.00740	0.01088	0.01262	0.00609	0.01654	0.00958	0.02525	0.00784	0.00914	0.00609	0.00522	0.00348	0.00174	0.00435	0.00305	0.00348	0.00609
20	0.02048	0.02592	0.01603	0.01452	0.01723	0.73233	0.01096	0.02192	0.01549	0.01376	0.00862	0.01028	0.00726	0.00605	0.00591	0.00151	0.05865	0.00371	0.00287	0.00650
21	0.07402	0.01114	0.01349	0.01058	0.01479	0.01095	0.00868	0.17073	0.09230	0.50289	0.01965	0.01759	0.01290	0.00688	0.00553	0.00175	0.00501	0.00545	0.00636	0.00929
22	0.36840	0.01358	0.16144	0.00959	0.01394	0.01087	0.00935	0.03530	0.01234	0.17946	0.05544	0.01477	0.01141	0.00612	0.00458	0.00171	0.00503	0.00446	0.07498	0.00723
23	0.00728	0.00555	0.00669	0.00677	0.00808	0.00496	0.00494	0.00916	0.01377	0.01830	0.36561	0.20641	0.29461	0.01375	0.00676	0.00192	0.00285	0.01199	0.00566	0.00496
24	0.03923	0.16407	0.01717	0.01196	0.01526	0.29580	0.00971	0.19151	0.01634	0.01933	0.01174	0.01340	0.02618	0.00995	0.08631	0.00229	0.02590	0.00437	0.03235	0.00711
25	0.00693	0.00498	0.00658	0.00772	0.00816	0.00463	0.00520	0.00804	0.01120	0.01498	0.08424	0.72431	0.05795	0.01710	0.00713	0.00224	0.00321	0.01547	0.00529	0.00463
26	0.04393	0.06050	0.61568	0.01777	0.11760	0.01349	0.01929	0.01766	0.01189	0.01798	0.00997	0.01191	0.00732	0.00528	0.00523	0.00174	0.00786	0.00417	0.00247	0.00826
27	0.03364	0.07861	0.01489	0.01107	0.01406	0.03214	0.00909	0.32903	0.06612	0.04123	0.01376	0.02938	0.01092	0.00869	0.02778	0.04180	0.10062	0.00514	0.12444	0.00760
28	0.00707	0.00510	0.00654	0.00745	0.00798	0.00474	0.00501	0.00818	0.01126	0.01502	0.11037	0.59744	0.09206	0.08292	0.00890	0.00247	0.00335	0.01441	0.00518	0.00457
29	0.01117	0.00590	0.00597	0.00572	0.00723	0.00600	0.00435	0.05864	0.01271	0.02188	0.01806	0.02052	0.01412	0.00657	0.00404	0.00133	0.00284	0.00523	0.78221	0.00551
30	0.01505	0.80561	0.02949	0.00963	0.01444	0.02227	0.00963	0.01685	0.01143	0.01324	0.00782	0.00903	0.00722	0.00481	0.00361	0.00120	0.00602	0.00301	0.00241	0.00722

[dist]
# distance from previous block
# <min> <max>
0	5

[block]
# block no. 4 follows, 42 sequences, length 14
# corresponding to MSA columns:
# 347-360
name=unknown_E
#
# <colnr> <probs for GDERKNQSTAVLIFYWHMCP>
#	G	D	E	R	K	N	Q	S	T	A	V	L	I	F	Y	W	H	M	C	P
0	0.84197	0.01088	0.00827	0.00740	0.01088	0.01262	0.00609	0.01654	0.00958	0.02525	0.00784	0.00914	0.00609	0.00522	0.00348	0.00174	0.00435	0.00305	0.00348	0.00609
1	0.01784	0.20647	0.01946	0.05683	0.07701	0.40082	0.01115	0.06156	0.04674	0.01568	0.00978	0.01144	0.00814	0.00664	0.02630	0.00168	0.00842	0.00393	0.00303	0.00710
2	0.01419	0.01169	0.01280	0.01310	0.09830	0.08371	0.00895	0.24225	0.03517	0.04084	0.04021	0.29173	0.06157	0.01083	0.00620	0.00189	0.00525	0.00930	0.00493	0.00707
3	0.01231	0.01231	0.01724	0.01477	0.01477	0.01724	0.01231	0.01354	0.00862	0.01354	0.00739	0.01231	0.00739	0.00985	0.01847	0.00246	0.79192	0.00492	0.00246	0.00616
4	0.04351	0.11990	0.52017	0.01538	0.05651	0.09017	0.01726	0.01786	0.01232	0.01732	0.03386	0.01233	0.00868	0.00551	0.00509	0.00167	0.00782	0.00416	0.00262	0.00786
5	0.00829	0.00577	0.00747	0.00759	0.00885	0.00532	0.00572	0.01041	0.01410	0.04454	0.41476	0.21596	0.11989	0.01349	0.00686	0.00199	0.00318	0.09482	0.00578	0.00521
6	0.01021	0.00895	0.05335	0.00997	0.01201	0.00826	0.03048	0.04219	0.17591	0.03702	0.12140	0.34434	0.03024	0.01269	0.00663	0.00209	0.00425	0.07844	0.00528	0.00629
7	0.00782	0.00569	0.00738	0.00723	0.00848	0.00525	0.00541	0.01022	0.01507	0.02102	0.61355	0.12652	0.08932	0.01250	0.00675	0.00187	0.00284	0.04191	0.00599	0.00519
8	0.01278	0.20884	0.53484	0.01470	0.02181	0.05897	0.03961	0.01787	0.01205	0.01653	0.00953	0.01122	0.00720	0.00523	0.00497	0.00163	0.00792	0.00394	0.00243	0.00794
9	0.00686	0.00490	0.00653	0.00784	0.00816	0.00457	0.00522	0.00784	0.01077	0.01437	0.03102	0.79855	0.03722	0.01763	0.00718	0.00229	0.00326	0.01600	0.00522	0.00457
10	0.09846	0.12280	0.60170	0.01435	0.02173	0.01416	0.01788	0.01757	0.01159	0.01803	0.00958	0.01124	0.00703	0.00527	0.00494	0.00171	0.00762	0.00390	0.00250	0.00795
11	0.84197	0.01088	0.00827	0.00740	0.01088	0.01262	0.00609	0.01654	0.00958	0.02525	0.00784	0.00914	0.00609	0.00522	0.00348	0.00174	0.00435	0.00305	0.00348	0.00609
12	0.00792	0.00589	0.00761	0.00858	0.00979	0.00558	0.00693	0.00983	0.01238	0.01582	0.03684	0.24309	0.21505	0.01574	0.00735	0.00234	0.00413	0.37499	0.00520	0.00492
13	0.79950	0.01114	0.00872	0.00769	0.01122	0.01287	0.00633	0.05443	0.01045	0.02578	0.00813	0.00937	0.00627	0.00530	0.00359	0.00174	0.00445	0.00315	0.00359	0.00627

[dist]
# distance from previous block
# <min> <max>
0	2

[block]
# block no. 5 follows, 42 sequences, length 25
# corresponding to MSA columns:
# 363-387
name=unknown_F
#
# <colnr> <probs for GDERKNQSTAVLIFYWHMCP>
#	G	D	E	R	K	N	Q	S	T	A	V	L	I	F	Y	W	H	M	C	P
0	0.84197	0.01088	0.00827	0.00740	0.01088	0.01262	0.00609	0.01654	0.00958	0.02525	0.00784	0.00914	0.00609	0.00522	0.00348	0.00174	0.00435	0.00305	0.00348	0.00609
1	0.80724	0.01065	0.00814	0.00731	0.01070	0.01232	0.00600	0.01640	0.00967	0.02507	0.00828	0.00964	0.00644	0.00528	0.00350	0.00172	0.00428	0.00314	0.03815	0.00606
2	0.84197	0.01088	0.00827	0.00740	0.01088	0.01262	0.00609	0.01654	0.00958	0.02525	0.00784	0.00914	0.00609	0.00522	0.00348	0.00174	0.00435	0.00305	0.00348	0.00609
3	0.01427	0.01271	0.02009	0.08281	0.54121	0.01317	0.01519	0.01986	0.14782	0.05662	0.01336	0.01555	0.01056	0.00563	0.00561	0.00173	0.00624	0.00529	0.00351	0.00876
4	0.00693	0.00551	0.00617	0.00641	0.00781	0.00481	0.00462	0.00839	0.01268	0.01596	0.15182	0.22589	0.47402	0.03404	0.00731	0.00206	0.00298	0.01250	0.00532	0.00476
5	0.01259	0.06894	0.13825	0.01717	0.02131	0.06609	0.30060	0.01612	0.01181	0.01596	0.01166	0.06343	0.01025	0.00989	0.07626	0.00255	0.14126	0.00606	0.00285	0.00695
6	0.00701	0.00517	0.00650	0.00738	0.00808	0.00474	0.00507	0.00821	0.01150	0.01509	0.09424	0.55603	0.16856	0.04828	0.00793	0.00231	0.00327	0.03076	0.00523	0.00463
7	0.01129	0.02911	0.77306	0.01604	0.02436	0.01307	0.02079	0.01782	0.01188	0.01782	0.01010	0.01188	0.00713	0.00535	0.00535	0.00178	0.00832	0.00416	0.00238	0.00832
8	0.00756	0.00574	0.00696	0.00666	0.00816	0.00514	0.00499	0.00984	0.01498	0.02030	0.54661	0.04577	0.27206	0.01235	0.00664	0.00181	0.00272	0.01070	0.00590	0.00514
9	0.01275	0.01237	0.02048	0.13483	0.44230	0.03210	0.09399	0.03236	0.01290	0.01755	0.01530	0.07052	0.06428	0.00665	0.00587	0.00178	0.00668	0.00639	0.00316	0.00776
10	0.00804	0.00601	0.00895	0.00895	0.00993	0.00698	0.00692	0.00999	0.00902	0.01300	0.01516	0.02257	0.01427	0.06616	0.75624	0.00893	0.01477	0.00610	0.00303	0.00497
11	0.01324	0.01344	0.05319	0.16616	0.60817	0.01321	0.01713	0.01679	0.01250	0.01766	0.01046	0.01403	0.00859	0.00514	0.00557	0.00171	0.00690	0.00498	0.00272	0.00842
12	0.09485	0.01448	0.01528	0.01216	0.01628	0.01612	0.01001	0.56957	0.10253	0.03237	0.01478	0.01629	0.01116	0.00713	0.00555	0.00176	0.00579	0.03950	0.00542	0.00897
13	0.00859	0.00594	0.00722	0.00709	0.00749	0.00625	0.00455	0.03341	0.00901	0.01227	0.01693	0.03239	0.01851	0.58693	0.21438	0.00622	0.00787	0.00754	0.00339	0.00402
14	0.06477	0.37014	0.26727	0.01221	0.03191	0.01672	0.01306	0.04288	0.01255	0.10585	0.01051	0.01140	0.00803	0.00533	0.00451	0.00151	0.00654	0.00381	0.00312	0.00790
15	0.01271	0.16329	0.52657	0.01673	0.10128	0.01493	0.01798	0.05238	0.01260	0.01792	0.00991	0.01168	0.00745	0.00528	0.00508	0.00166	0.00764	0.00409	0.00258	0.00825
16	0.00715	0.00578	0.00642	0.00660	0.00828	0.00505	0.00510	0.00887	0.01314	0.01628	0.13735	0.08416	0.54806	0.01424	0.00683	0.00200	0.00317	0.11131	0.00534	0.00487
17	0.01450	0.22925	0.34531	0.01434	0.05505	0.08263	0.03136	0.04875	0.01313	0.06833	0.01220	0.01334	0.03695	0.00573	0.00499	0.00160	0.00728	0.00434	0.00302	0.00788
18	0.01387	0.11841	0.45758	0.12043	0.02354	0.01336	0.01673	0.01875	0.01241	0.13633	0.01173	0.01312	0.00827	0.00558	0.00522	0.00172	0.00736	0.00437	0.00313	0.00810
19	0.08175	0.16503	0.57718	0.01418	0.02147	0.01466	0.01758	0.01754	0.01161	0.01764	0.00951	0.01115	0.00706	0.00524	0.00488	0.00168	0.00758	0.00386	0.00247	0.00794
20	0.01366	0.01381	0.05136	0.07149	0.70222	0.01332	0.01732	0.01715	0.01270	0.01816	0.01054	0.01390	0.00878	0.00506	0.00557	0.00169	0.00679	0.00498	0.00276	0.00876
21	0.01448	0.06918	0.05546	0.05774	0.29414	0.07466	0.21944	0.05414	0.01371	0.03582	0.01182	0.03337	0.00985	0.00573	0.00579	0.00174	0.00761	0.02425	0.00312	0.00795
22	0.01026	0.00603	0.00943	0.04399	0.09134	0.00614	0.00670	0.00872	0.00810	0.01091	0.00987	0.01667	0.00958	0.01737	0.01950	0.70949	0.00520	0.00491	0.00248	0.00331
23	0.00967	0.00493	0.00725	0.00725	0.00725	0.00493	0.00479	0.00739	0.00739	0.00985	0.01032	0.01845	0.01050	0.07297	0.02245	0.77956	0.00493	0.00511	0.00251	0.00251
24	0.05303	0.01309	0.01743	0.38474	0.17020	0.09836	0.03005	0.08112	0.03154	0.01786	0.01135	0.01602	0.00916	0.00605	0.00557	0.00180	0.00725	0.03514	0.00312	0.00712

[dist]
# distance from previous block
# <min> <max>
0	4

[block]
# block no. 6 follows, 42 sequences, length 14
# corresponding to MSA columns:
# 392-405
name=unknown_G
#
# <colnr> <probs for GDERKNQSTAVLIFYWHMCP>
#	G	D	E	R	K	N	Q	S	T	A	V	L	I	F	Y	W	H	M	C	P
0	0.00748	0.00557	0.00688	0.00688	0.00809	0.00506	0.00499	0.00944	0.01396	0.01894	0.44210	0.18644	0.20267	0.04662	0.00767	0.00205	0.00293	0.01155	0.00569	0.00497
1	0.01940	0.01375	0.01504	0.01205	0.01603	0.01508	0.00977	0.47767	0.18512	0.10722	0.01739	0.05687	0.01314	0.00754	0.00574	0.00177	0.00551	0.00599	0.00577	0.00916
2	0.01326	0.38901	0.32678	0.09229	0.02101	0.03968	0.01477	0.01715	0.01173	0.01521	0.00899	0.01082	0.00721	0.00514	0.00456	0.00151	0.00722	0.00369	0.00242	0.00754
3	0.00816	0.00568	0.00651	0.00670	0.00699	0.00568	0.00405	0.00917	0.04516	0.01234	0.02199	0.17971	0.05211	0.58608	0.02266	0.00455	0.00490	0.00970	0.00393	0.00395
4	0.00711	0.00500	0.00646	0.00752	0.00778	0.00474	0.00488	0.00790	0.01029	0.01372	0.02853	0.65587	0.03408	0.16460	0.01120	0.00288	0.00368	0.01453	0.00488	0.00435
5	0.03458	0.01082	0.02927	0.27612	0.14286	0.01166	0.09731	0.01524	0.02927	0.04945	0.06236	0.06757	0.04569	0.00764	0.00703	0.00193	0.07326	0.02768	0.00347	0.00680
6	0.01257	0.01217	0.01743	0.13711	0.35551	0.07175	0.03065	0.03661	0.01351	0.01795	0.11202	0.02189	0.09925	0.00722	0.00620	0.00175	0.02918	0.00637	0.00354	0.00731
7	0.03456	0.10062	0.01835	0.08092	0.07182	0.33821	0.02980	0.20509	0.03387	0.02015	0.01044	0.01191	0.00821	0.00587	0.00517	0.00156	0.00800	0.00427	0.00357	0.00759
8	0.32892	0.10735	0.11034	0.01044	0.01456	0.10740	0.00958	0.12900	0.01410	0.02280	0.08671	0.01365	0.01185	0.00614	0.00458	0.00164	0.00587	0.00430	0.00375	0.00701
9	0.00759	0.00536	0.00646	0.00689	0.00736	0.00510	0.00447	0.00842	0.01049	0.01393	0.10796	0.29394	0.10344	0.35376	0.01631	0.00356	0.00415	0.03206	0.00455	0.00419
10	0.19861	0.11705	0.40691	0.01442	0.07936	0.01391	0.01507	0.01749	0.03199	0.01928	0.03172	0.01221	0.00867	0.00547	0.00478	0.00170	0.00674	0.00407	0.00287	0.00766
11	0.02017	0.08427	0.01748	0.01260	0.01692	0.13239	0.01037	0.52903	0.02264	0.02919	0.01207	0.01250	0.00894	0.00628	0.00528	0.00156	0.00664	0.00456	0.00479	0.06230
12	0.02138	0.00924	0.01216	0.00970	0.01346	0.00840	0.00787	0.02505	0.09243	0.57671	0.13853	0.02293	0.02040	0.00775	0.00582	0.00176	0.00442	0.00644	0.00672	0.00884
13	0.00764	0.00546	0.00694	0.00766	0.00818	0.00534	0.00517	0.02696	0.01062	0.01416	0.02764	0.50360	0.06533	0.18335	0.07737	0.00350	0.00482	0.02709	0.00467	0.00451

[dist]
# distance from previous block
# <min> <max>
0	13

[block]
# block no. 7 follows, 42 sequences, length 7
# corresponding to MSA columns:
# 419-425
name=unknown_H
#
# <colnr> <probs for GDERKNQSTAVLIFYWHMCP>
#	G	D	E	R	K	N	Q	S	T	A	V	L	I	F	Y	W	H	M	C	P
0	0.01413	0.01357	0.02114	0.16285	0.56208	0.04984	0.01630	0.05934	0.01348	0.01846	0.01056	0.01391	0.00863	0.00526	0.00556	0.00170	0.00696	0.00495	0.00291	0.00838
1	0.01476	0.01336	0.01461	0.01637	0.17203	0.14133	0.01095	0.12427	0.10264	0.04022	0.05156	0.06301	0.01875	0.00917	0.00617	0.00192	0.00619	0.18081	0.00452	0.00736
2	0.00895	0.00614	0.00759	0.00732	0.00879	0.00567	0.00539	0.03720	0.01445	0.06095	0.39373	0.19144	0.17653	0.04096	0.00744	0.00202	0.00316	0.01114	0.00575	0.00538
3	0.03248	0.00621	0.00766	0.00754	0.00881	0.00594	0.00544	0.04312	0.01377	0.05100	0.34399	0.27214	0.08261	0.08298	0.00858	0.00226	0.00340	0.01127	0.00552	0.00527
4	0.67809	0.12504	0.01179	0.00803	0.01176	0.01427	0.00686	0.05706	0.01078	0.02409	0.00815	0.00937	0.00645	0.00525	0.00362	0.00166	0.00469	0.00315	0.00345	0.00645
5	0.06555	0.08986	0.01744	0.01220	0.01668	0.01724	0.01024	0.60789	0.02367	0.06503	0.01305	0.01310	0.00935	0.00650	0.00532	0.00165	0.00601	0.00479	0.00527	0.00916
6	0.01351	0.29783	0.44399	0.01367	0.02027	0.08869	0.01599	0.01793	0.01211	0.01585	0.00918	0.01073	0.00717	0.00521	0.00472	0.00155	0.00769	0.00371	0.00244	0.00777

[dist]
# distance from previous block
# <min> <max>
0	1

[block]
# block no. 8 follows, 42 sequences, length 19
# corresponding to MSA columns:
# 427-445
name=unknown_I
#
# <colnr> <probs for GDERKNQSTAVLIFYWHMCP>
#	G	D	E	R	K	N	Q	S	T	A	V	L	I	F	Y	W	H	M	C	P
0	0.15328	0.01417	0.01631	0.01313	0.01709	0.07541	0.12165	0.18152	0.25225	0.07489	0.01543	0.01553	0.01136	0.00641	0.00542	0.00178	0.00606	0.00531	0.00475	0.00824
1	0.00778	0.00599	0.00715	0.00693	0.00850	0.00549	0.00525	0.01050	0.04368	0.01971	0.45120	0.06236	0.29099	0.01257	0.00666	0.00186	0.00291	0.03942	0.00579	0.00524
2	0.01637	0.01682	0.02059	0.01754	0.09546	0.19376	0.20911	0.14851	0.04964	0.02046	0.01134	0.01324	0.00881	0.00541	0.00552	0.00155	0.00764	0.00491	0.00356	0.14977
3	0.01893	0.00827	0.01111	0.00896	0.01228	0.00723	0.00721	0.02128	0.01593	0.49315	0.27781	0.02685	0.02729	0.00846	0.00596	0.00173	0.00404	0.00716	0.00660	0.02975
4	0.14181	0.01300	0.01627	0.34048	0.02599	0.04502	0.04545	0.26419	0.01644	0.02333	0.01087	0.01342	0.00803	0.00591	0.00532	0.00178	0.00677	0.00474	0.00374	0.00743
5	0.01365	0.21625	0.06324	0.01982	0.02540	0.01622	0.52934	0.01772	0.01276	0.01680	0.01043	0.01348	0.00815	0.00479	0.00582	0.00172	0.00856	0.00562	0.00272	0.00753
6	0.00818	0.00546	0.00614	0.00614	0.00614	0.00546	0.00341	0.00818	0.00818	0.01091	0.01773	0.03683	0.02046	0.80222	0.02864	0.00546	0.00546	0.00818	0.00341	0.00341
7	0.00824	0.00572	0.00751	0.00727	0.00852	0.00527	0.00537	0.01063	0.01515	0.04062	0.63302	0.15701	0.04966	0.01232	0.00670	0.00185	0.00280	0.01095	0.00607	0.00531
8	0.01265	0.03720	0.21011	0.11257	0.16773	0.01378	0.32864	0.01738	0.01257	0.01750	0.01067	0.01397	0.00811	0.00505	0.00593	0.00181	0.00836	0.00545	0.00267	0.00785
9	0.01255	0.00981	0.01113	0.00977	0.01186	0.03246	0.00760	0.23959	0.01515	0.02015	0.02118	0.04498	0.12825	0.12394	0.24251	0.00448	0.04703	0.00703	0.00424	0.00627
10	0.02081	0.00901	0.01187	0.00974	0.01327	0.00820	0.00778	0.02420	0.09003	0.55842	0.04503	0.13906	0.01895	0.00879	0.00593	0.00184	0.00446	0.00744	0.00655	0.00862
11	0.01007	0.00697	0.00782	0.00735	0.00807	0.00720	0.00471	0.12121	0.01124	0.01501	0.01843	0.11011	0.02049	0.60155	0.02296	0.00456	0.00535	0.00850	0.00393	0.00447
12	0.62184	0.01341	0.01055	0.04511	0.04355	0.12985	0.00779	0.01776	0.03229	0.02268	0.00861	0.01009	0.00677	0.00539	0.00397	0.00170	0.00548	0.00340	0.00339	0.00636
13	0.01387	0.01441	0.02803	0.02054	0.04300	0.01351	0.54233	0.09110	0.01435	0.01984	0.01137	0.01445	0.00862	0.00487	0.00614	0.00171	0.00828	0.00594	0.00320	0.13446
14	0.00690	0.00511	0.00646	0.00751	0.00818	0.00468	0.00518	0.00802	0.01126	0.01462	0.03612	0.62405	0.18118	0.01688	0.00710	0.00222	0.00325	0.04141	0.00522	0.00463
15	0.01471	0.01402	0.02231	0.05641	0.40048	0.04061	0.14746	0.11567	0.01467	0.02029	0.01098	0.01378	0.00876	0.00517	0.00562	0.00163	0.00703	0.00510	0.00323	0.09208
16	0.01629	0.01497	0.12964	0.01185	0.01593	0.01336	0.01059	0.40532	0.04843	0.04617	0.01608	0.11265	0.01408	0.08811	0.00807	0.00215	0.00593	0.00661	0.00484	0.02893
17	0.00849	0.00634	0.00832	0.12645	0.01214	0.00672	0.00614	0.02433	0.01001	0.01327	0.03464	0.24435	0.04179	0.39880	0.01758	0.00374	0.01872	0.00987	0.00390	0.00441
18	0.04985	0.17210	0.01699	0.01221	0.01534	0.41100	0.00965	0.04946	0.09596	0.01612	0.01250	0.09076	0.01140	0.00702	0.00504	0.00156	0.00765	0.00509	0.00348	0.00683

[dist]
# distance from previous block
# <min> <max>
0	1

[block]
# block no. 9 follows, 42 sequences, length 10
# corresponding to MSA columns:
# 447-456
name=unknown_J
#
# <colnr> <probs for GDERKNQSTAVLIFYWHMCP>
#	G	D	E	R	K	N	Q	S	T	A	V	L	I	F	Y	W	H	M	C	P
0	0.06658	0.30804	0.10133	0.01104	0.01522	0.18336	0.01023	0.01695	0.01204	0.01509	0.00950	0.01170	0.00822	0.01032	0.11351	0.00242	0.00816	0.00373	0.00276	0.08978
1	0.01738	0.05193	0.13524	0.01146	0.01602	0.04018	0.01055	0.12683	0.16955	0.22905	0.04231	0.01870	0.04788	0.00700	0.00550	0.00170	0.00555	0.00559	0.00512	0.05246
2	0.01117	0.04779	0.05441	0.01170	0.06326	0.09958	0.00900	0.03533	0.01135	0.01509	0.01480	0.01915	0.04642	0.02541	0.41956	0.00550	0.01119	0.00540	0.00314	0.09077
3	0.00986	0.08568	0.05266	0.01025	0.01242	0.07277	0.07178	0.01179	0.01210	0.01556	0.08590	0.42731	0.05843	0.01255	0.00636	0.00195	0.00488	0.01121	0.00442	0.03212
