[name]
unknown

[dist]
# distance from previous block
# <min> <max>
9	142

[block]
# block no. 0 follows, 38 sequences, length 11
# corresponding to MSA columns:
# 456-466
name=unknown_A
#
# <colnr> <probs for GDERKNQSTAVLIFYWHMCP>
#	G	D	E	R	K	N	Q	S	T	A	V	L	I	F	Y	W	H	M	C	P
0	0.01062	0.00803	0.00942	0.03254	0.01105	0.00748	0.00594	0.06909	0.01206	0.01675	0.02040	0.15399	0.05179	0.33876	0.01633	0.00339	0.00510	0.00860	0.00419	0.21446
1	0.36436	0.06902	0.01490	0.06067	0.01657	0.01532	0.03080	0.24684	0.01644	0.04482	0.01109	0.01265	0.00842	0.00708	0.00600	0.05278	0.00585	0.00439	0.00431	0.00770
2	0.03538	0.01095	0.01414	0.03178	0.01601	0.00949	0.05259	0.07962	0.01461	0.14734	0.01562	0.09399	0.01317	0.00681	0.00539	0.00142	0.00511	0.00581	0.00460	0.43617
3	0.01671	0.04575	0.01385	0.01034	0.01422	0.01237	0.00840	0.30993	0.01950	0.05462	0.07282	0.04784	0.01575	0.00737	0.00542	0.00155	0.00499	0.00587	0.15379	0.17891
4	0.01035	0.00730	0.00864	0.00795	0.00973	0.00694	0.00582	0.05774	0.04130	0.05303	0.32408	0.08957	0.15906	0.14909	0.01104	0.00261	0.00391	0.01024	0.00572	0.03589
5	0.02056	0.01334	0.01561	0.01348	0.06168	0.01391	0.01022	0.33338	0.11510	0.19763	0.01851	0.04964	0.01372	0.00761	0.00594	0.00181	0.00565	0.00614	0.04203	0.05406
6	0.03966	0.05746	0.08134	0.04207	0.12723	0.01179	0.01101	0.08876	0.08758	0.07531	0.23932	0.02582	0.04184	0.00977	0.03312	0.00213	0.00569	0.00717	0.00504	0.00787
7	0.01173	0.01126	0.01944	0.64094	0.03842	0.01317	0.08955	0.01576	0.01229	0.01608	0.01084	0.01580	0.00820	0.00580	0.00601	0.00193	0.00798	0.00540	0.00278	0.06663
8	0.01381	0.01099	0.01377	0.09822	0.01738	0.03344	0.03340	0.14711	0.03224	0.05413	0.05405	0.19839	0.02052	0.01021	0.00701	0.00192	0.04329	0.05168	0.00481	0.15362
9	0.07057	0.00720	0.01049	0.19415	0.01669	0.00798	0.00851	0.01104	0.00977	0.01398	0.01273	0.02205	0.01208	0.01529	0.01570	0.45800	0.00581	0.07335	0.03033	0.00427
10	0.01131	0.00742	0.00916	0.00916	0.01081	0.00724	0.00683	0.06545	0.05922	0.09486	0.08609	0.37418	0.10861	0.04182	0.00805	0.00238	0.00415	0.08121	0.00585	0.00622

[dist]
# distance from previous block
# <min> <max>
5	14

[block]
# block no. 1 follows, 38 sequences, length 37
# corresponding to MSA columns:
# 553-589
name=unknown_B
#
# <colnr> <probs for GDERKNQSTAVLIFYWHMCP>
#	G	D	E	R	K	N	Q	S	T	A	V	L	I	F	Y	W	H	M	C	P
0	0.11124	0.03975	0.01687	0.34504	0.12132	0.01365	0.01320	0.12448	0.01469	0.02098	0.04663	0.01817	0.04838	0.00727	0.00633	0.02868	0.00666	0.00565	0.00367	0.00735
1	0.01239	0.00872	0.00968	0.00859	0.01014	0.00909	0.00603	0.19766	0.01518	0.02060	0.09802	0.06351	0.04960	0.41079	0.01883	0.00391	0.00540	0.00846	0.03765	0.00576
2	0.16665	0.06947	0.04516	0.04770	0.01543	0.08524	0.02413	0.03962	0.01386	0.10831	0.10007	0.08208	0.05838	0.00856	0.00655	0.00185	0.05821	0.00663	0.00448	0.05763
3	0.04722	0.03282	0.00916	0.00783	0.01012	0.00716	0.00597	0.03603	0.01459	0.04998	0.25138	0.14420	0.23399	0.02990	0.00710	0.00197	0.00364	0.01047	0.00555	0.09090
4	0.14895	0.04399	0.01731	0.31571	0.09755	0.04354	0.04468	0.05136	0.01288	0.01923	0.01085	0.01453	0.00863	0.00845	0.05835	0.00233	0.00767	0.00484	0.00319	0.08598
5	0.01318	0.02550	0.03119	0.01063	0.01540	0.01011	0.04189	0.07154	0.02580	0.02090	0.05417	0.02862	0.01239	0.00585	0.00582	0.00125	0.04835	0.00470	0.00389	0.56879
6	0.07388	0.01921	0.17608	0.01427	0.01865	0.09351	0.01340	0.24644	0.01749	0.07264	0.01222	0.01397	0.00927	0.00907	0.04390	0.00233	0.14608	0.00496	0.00416	0.00847
7	0.01191	0.00668	0.00876	0.00834	0.01004	0.00613	0.00623	0.01407	0.01495	0.15847	0.33263	0.22087	0.03988	0.04917	0.00803	0.00221	0.00367	0.03958	0.05214	0.00624
8	0.00906	0.04198	0.13753	0.01094	0.01329	0.00788	0.04184	0.01148	0.01203	0.01629	0.02696	0.50224	0.03074	0.03166	0.00771	0.00239	0.00508	0.08023	0.00478	0.00587
9	0.00845	0.00610	0.00737	0.00755	0.00847	0.00578	0.00516	0.03149	0.01310	0.01756	0.22221	0.27583	0.13698	0.21100	0.01320	0.00308	0.00394	0.01237	0.00538	0.00497
10	0.01505	0.01291	0.01861	0.19310	0.02451	0.01433	0.13632	0.04715	0.37203	0.07209	0.01875	0.01948	0.01385	0.00704	0.00626	0.00201	0.00654	0.00642	0.00486	0.00868
11	0.01283	0.00755	0.00976	0.00889	0.01098	0.00711	0.00685	0.06450	0.01683	0.15974	0.41386	0.15549	0.04194	0.01228	0.00698	0.00201	0.00376	0.04540	0.00652	0.00671
12	0.00818	0.00561	0.00695	0.00767	0.00795	0.00548	0.00493	0.00890	0.01038	0.01395	0.02614	0.38766	0.03056	0.36089	0.03439	0.00410	0.00489	0.04593	0.02104	0.00439
13	0.00851	0.00565	0.00746	0.00824	0.00895	0.00526	0.00564	0.00987	0.01259	0.05030	0.15688	0.57993	0.04065	0.05923	0.00876	0.00251	0.00358	0.01506	0.00574	0.00520
14	0.54029	0.01213	0.01115	0.00953	0.01338	0.01352	0.00789	0.15153	0.01457	0.10336	0.01273	0.01580	0.01003	0.00685	0.00471	0.00191	0.00513	0.05329	0.00466	0.00752
15	0.00867	0.00599	0.00726	0.00775	0.00818	0.00589	0.00524	0.00947	0.01044	0.01374	0.02560	0.15241	0.06012	0.48103	0.02158	0.00453	0.00531	0.15807	0.00441	0.00429
16	0.01933	0.01228	0.01405	0.01190	0.01576	0.01314	0.00955	0.11206	0.40117	0.25022	0.02342	0.02303	0.01711	0.00823	0.00619	0.00199	0.00512	0.03931	0.00649	0.00964
17	0.12615	0.01401	0.07583	0.12874	0.39134	0.01334	0.01529	0.04626	0.01385	0.02122	0.08536	0.01719	0.01356	0.00629	0.00576	0.00185	0.00660	0.00556	0.00350	0.00831
18	0.22492	0.59219	0.02571	0.00968	0.01446	0.02116	0.00933	0.01793	0.01171	0.01744	0.00837	0.00968	0.00741	0.00526	0.00382	0.00143	0.00598	0.00323	0.00287	0.00741
19	0.01033	0.00863	0.01006	0.00826	0.01189	0.00678	0.00631	0.01243	0.01250	0.01804	0.02509	0.19115	0.15475	0.00965	0.00566	0.00145	0.00398	0.00826	0.00439	0.49040
20	0.00883	0.00677	0.01002	0.00988	0.01087	0.00802	0.00769	0.01087	0.00962	0.01392	0.01578	0.02359	0.01489	0.06658	0.70383	0.00919	0.05461	0.00646	0.00321	0.00538
21	0.01247	0.01069	0.01247	0.00891	0.01426	0.00802	0.00713	0.01515	0.01247	0.01960	0.01069	0.01247	0.00891	0.00446	0.00446	0.00089	0.00446	0.00356	0.00356	0.82536
22	0.00967	0.03169	0.03685	0.00932	0.01069	0.00795	0.00726	0.05116	0.01175	0.01662	0.02189	0.29093	0.02330	0.07677	0.26649	0.00495	0.02839	0.01002	0.07870	0.00561
23	0.01280	0.00713	0.00897	0.00801	0.01037	0.00628	0.00618	0.01505	0.01586	0.20882	0.33442	0.08377	0.23418	0.01223	0.00686	0.00195	0.00352	0.01049	0.00649	0.00664
24	0.01136	0.01069	0.01804	0.77412	0.04143	0.01337	0.01671	0.01537	0.01203	0.01537	0.01069	0.01604	0.00802	0.00601	0.00601	0.00200	0.00802	0.00535	0.00267	0.00668
25	0.03884	0.04744	0.11871	0.14842	0.15642	0.03371	0.01376	0.05423	0.01498	0.24529	0.01763	0.01843	0.05200	0.00682	0.00587	0.00185	0.00667	0.00567	0.00453	0.00872
26	0.01611	0.03651	0.24621	0.01337	0.05467	0.01084	0.01284	0.05333	0.02968	0.22809	0.19471	0.02394	0.03726	0.00808	0.00616	0.00187	0.00590	0.00673	0.00523	0.00849
27	0.02687	0.01043	0.01408	0.01080	0.01545	0.00913	0.00892	0.04992	0.01754	0.73416	0.02346	0.02030	0.01475	0.00744	0.00605	0.00186	0.00516	0.00603	0.00740	0.01024
28	0.00738	0.00533	0.00698	0.00821	0.00871	0.00494	0.00553	0.00854	0.01192	0.01585	0.07115	0.70612	0.08047	0.01831	0.00762	0.00239	0.00343	0.01654	0.00564	0.00494
29	0.01580	0.34614	0.06536	0.17620	0.02196	0.11537	0.01236	0.08926	0.01460	0.01761	0.04451	0.01385	0.01052	0.00708	0.02470	0.00181	0.00759	0.00449	0.00321	0.00756
30	0.83108	0.01163	0.00884	0.00791	0.01163	0.01350	0.00651	0.01768	0.01024	0.02699	0.00838	0.00977	0.00651	0.00558	0.00372	0.00186	0.00465	0.00326	0.00372	0.00651
31	0.00732	0.00527	0.00694	0.00827	0.00870	0.00489	0.00554	0.00839	0.01162	0.01540	0.03440	0.75203	0.07161	0.01868	0.00765	0.00242	0.00347	0.01690	0.00558	0.00489
32	0.01580	0.00854	0.01079	0.00933	0.01215	0.00802	0.00738	0.05959	0.06194	0.26855	0.28797	0.07043	0.10103	0.01090	0.00671	0.00196	0.00411	0.04057	0.00664	0.00761
33	0.17481	0.07615	0.01462	0.03275	0.04465	0.06677	0.00915	0.08544	0.01545	0.28457	0.01637	0.01725	0.01184	0.00820	0.03293	0.00205	0.00607	0.02005	0.07259	0.00830
34	0.00798	0.00569	0.00721	0.00768	0.00855	0.00528	0.00535	0.00969	0.01349	0.01855	0.28899	0.38187	0.09873	0.07190	0.00897	0.00242	0.00337	0.01351	0.03566	0.00512
35	0.02924	0.00783	0.00855	0.00805	0.00991	0.00807	0.00608	0.14885	0.01559	0.02365	0.06963	0.21266	0.04348	0.01053	0.00567	0.00180	0.00375	0.00892	0.37142	0.00632
36	0.04396	0.02177	0.31447	0.08156	0.28522	0.08731	0.01828	0.01884	0.01334	0.01896	0.01101	0.01376	0.00855	0.00569	0.00568	0.00182	0.00805	0.00478	0.02841	0.00857

[dist]
# distance from previous block
# <min> <max>
3	9

[block]
# block no. 2 follows, 38 sequences, length 41
# corresponding to MSA columns:
# 599-616,618-640
name=unknown_C
#
# <colnr> <probs for GDERKNQSTAVLIFYWHMCP>
#	G	D	E	R	K	N	Q	S	T	A	V	L	I	F	Y	W	H	M	C	P
0	0.20478	0.02410	0.05680	0.09382	0.03252	0.01126	0.00956	0.06536	0.02640	0.11013	0.14619	0.03462	0.01898	0.01024	0.05582	0.00238	0.02896	0.00614	0.03991	0.02200
1	0.30120	0.14868	0.03924	0.04471	0.01704	0.01626	0.05734	0.16930	0.01508	0.05103	0.01157	0.04202	0.00944	0.00668	0.00569	0.00183	0.04624	0.00483	0.00404	0.00777
2	0.01035	0.00654	0.00852	0.00845	0.01009	0.00606	0.00648	0.01249	0.01449	0.10459	0.26905	0.20257	0.14919	0.01628	0.05740	0.00265	0.00449	0.09843	0.00598	0.00591
3	0.00931	0.00662	0.00793	0.00750	0.00939	0.00601	0.00573	0.01214	0.04092	0.06205	0.40894	0.04828	0.30136	0.01310	0.00705	0.00198	0.00321	0.03641	0.00624	0.00585
4	0.01310	0.09972	0.41770	0.07776	0.14004	0.01521	0.09227	0.01846	0.01280	0.01826	0.01068	0.01337	0.00812	0.00571	0.00618	0.00187	0.03268	0.00483	0.00268	0.00856
5	0.45943	0.01035	0.03595	0.00828	0.01146	0.01065	0.03298	0.01671	0.01150	0.04928	0.01351	0.04197	0.01089	0.00655	0.00429	0.00175	0.00441	0.00476	0.25883	0.00644
6	0.01105	0.00562	0.00567	0.00567	0.00698	0.00562	0.00417	0.01367	0.01236	0.02172	0.01958	0.02355	0.01585	0.05874	0.00595	0.00169	0.00300	0.00581	0.76781	0.00548
7	0.00912	0.00709	0.01036	0.01009	0.01102	0.00853	0.00788	0.01112	0.00965	0.01412	0.01546	0.02311	0.01457	0.06763	0.64569	0.00863	0.09292	0.00639	0.02118	0.00544
8	0.14831	0.08174	0.04942	0.07515	0.04009	0.04017	0.00869	0.01644	0.06068	0.06063	0.01601	0.07208	0.01471	0.15274	0.05375	0.00299	0.00628	0.00635	0.08725	0.00650
9	0.01115	0.00901	0.01397	0.51827	0.02994	0.01080	0.01251	0.01457	0.01197	0.01701	0.01362	0.01929	0.01091	0.05808	0.00716	0.00210	0.00648	0.00564	0.22134	0.00619
10	0.13810	0.01059	0.01335	0.01039	0.01492	0.00972	0.00858	0.04440	0.01652	0.63744	0.02139	0.01885	0.01362	0.00718	0.00573	0.00186	0.00509	0.00565	0.00690	0.00972
11	0.04041	0.00761	0.03861	0.00830	0.01028	0.00650	0.00669	0.01289	0.01611	0.07151	0.55946	0.08202	0.06723	0.01205	0.00692	0.00195	0.00344	0.03566	0.00628	0.00607
12	0.07226	0.02723	0.58341	0.01753	0.05403	0.01433	0.06076	0.06606	0.01368	0.02091	0.01096	0.01289	0.00788	0.00575	0.00568	0.00190	0.00844	0.00461	0.00290	0.00879
13	0.00813	0.00580	0.00750	0.00857	0.00912	0.00558	0.00584	0.03767	0.01209	0.01612	0.03142	0.67839	0.03722	0.06925	0.00915	0.00265	0.00385	0.04114	0.00547	0.00504
14	0.00774	0.00552	0.00740	0.00876	0.00927	0.00523	0.00619	0.00903	0.01182	0.01569	0.03260	0.65252	0.03853	0.03744	0.00834	0.00258	0.00387	0.12699	0.00553	0.00496
15	0.07692	0.02576	0.01573	0.31510	0.08900	0.07483	0.01240	0.06877	0.05185	0.01875	0.01308	0.03175	0.01111	0.08492	0.00863	0.00229	0.03479	0.00568	0.05166	0.00697
16	0.01608	0.79220	0.03152	0.01029	0.01544	0.02380	0.01029	0.01801	0.01222	0.01415	0.00836	0.00965	0.00772	0.00515	0.00386	0.00129	0.00643	0.00322	0.00257	0.00772
17	0.01569	0.15951	0.17145	0.01257	0.01726	0.01387	0.03329	0.07357	0.05410	0.13892	0.04040	0.02355	0.04130	0.03458	0.00741	0.00203	0.04571	0.08016	0.00444	0.03019
18	0.01365	0.32442	0.45529	0.01446	0.02164	0.01790	0.01735	0.01852	0.01241	0.01702	0.00977	0.01154	0.00767	0.00564	0.00541	0.00169	0.03070	0.00400	0.00256	0.00837
19	0.01507	0.43134	0.26925	0.01338	0.01964	0.07681	0.03699	0.01876	0.01282	0.01616	0.00944	0.01105	0.00777	0.00539	0.00472	0.00152	0.00763	0.00381	0.00265	0.03579
20	0.17675	0.03863	0.01133	0.03688	0.01298	0.01135	0.00769	0.18393	0.01529	0.02429	0.01716	0.13976	0.01572	0.01324	0.09829	0.00279	0.00614	0.00694	0.17399	0.00686
21	0.00841	0.00615	0.00790	0.00746	0.00893	0.00563	0.00560	0.01116	0.01679	0.02356	0.69845	0.04587	0.10655	0.01251	0.00710	0.00190	0.00285	0.01101	0.00655	0.00563
22	0.01136	0.01069	0.01804	0.77412	0.04143	0.01337	0.01671	0.01537	0.01203	0.01537	0.01069	0.01604	0.00802	0.00601	0.00601	0.00200	0.00802	0.00535	0.00267	0.00668
23	0.01406	0.00940	0.01085	0.03184	0.01275	0.00991	0.00763	0.24036	0.01726	0.05163	0.02249	0.28640	0.02205	0.01250	0.03191	0.00221	0.00495	0.00961	0.19518	0.00702
24	0.02514	0.01253	0.01533	0.01173	0.01646	0.01220	0.00968	0.27050	0.02089	0.48626	0.02014	0.01816	0.01311	0.00728	0.00599	0.00181	0.00562	0.00576	0.00684	0.03459
25	0.02510	0.01036	0.01375	0.01066	0.01504	0.00928	0.00876	0.07852	0.01800	0.64016	0.08564	0.02215	0.01817	0.00785	0.00614	0.00186	0.00503	0.00642	0.00727	0.00984
26	0.00838	0.00614	0.00786	0.00743	0.00891	0.00562	0.00557	0.01109	0.01671	0.02337	0.68249	0.04617	0.12262	0.01258	0.00710	0.00191	0.00286	0.01105	0.00652	0.00562
27	0.03385	0.01108	0.01743	0.67860	0.03791	0.02998	0.01579	0.01554	0.01198	0.01583	0.01073	0.01580	0.00818	0.00625	0.00653	0.00200	0.04410	0.00526	0.02650	0.00665
28	0.01309	0.00719	0.00943	0.00888	0.01083	0.00665	0.00663	0.01585	0.05046	0.20638	0.27333	0.30218	0.03820	0.01321	0.00699	0.00209	0.00374	0.01168	0.00644	0.00674
29	0.00817	0.00614	0.00757	0.00721	0.00878	0.00553	0.00541	0.01069	0.01622	0.02222	0.58135	0.04808	0.22449	0.01301	0.00710	0.00193	0.00289	0.01132	0.00637	0.00553
30	0.19151	0.01364	0.01376	0.01113	0.01508	0.03467	0.00905	0.38013	0.02061	0.09868	0.01635	0.04452	0.03149	0.00750	0.00544	0.00181	0.00560	0.00563	0.08486	0.00857
31	0.04104	0.06593	0.14302	0.01276	0.05369	0.01136	0.01111	0.08797	0.04635	0.22284	0.07050	0.16869	0.02010	0.00941	0.00616	0.00194	0.00560	0.00793	0.00531	0.00829
32	0.01078	0.00539	0.00686	0.00686	0.00748	0.00539	0.00478	0.01053	0.00992	0.01568	0.01445	0.02009	0.01262	0.01484	0.01508	0.46552	0.00417	0.00539	0.36023	0.00392
33	0.61390	0.01128	0.01038	0.03815	0.01364	0.01242	0.00745	0.02028	0.01192	0.19456	0.01201	0.01248	0.00851	0.00603	0.00435	0.00187	0.00489	0.00398	0.00454	0.00738
34	0.01295	0.07131	0.10551	0.06105	0.14109	0.02840	0.25821	0.01678	0.01315	0.01797	0.01529	0.12919	0.01433	0.00790	0.00687	0.00200	0.03146	0.03130	0.02762	0.00762
35	0.01061	0.00883	0.01194	0.01494	0.15581	0.03438	0.00963	0.01348	0.04053	0.01823	0.11346	0.18740	0.05300	0.06470	0.00884	0.00252	0.00523	0.23522	0.00499	0.00627
36	0.00774	0.00555	0.00697	0.00790	0.00844	0.00522	0.00531	0.00877	0.01147	0.01509	0.05146	0.50511	0.11171	0.16917	0.01214	0.00307	0.00399	0.05096	0.00523	0.00472
37	0.01616	0.01009	0.01143	0.03914	0.01368	0.06286	0.00795	0.06019	0.04305	0.24552	0.24265	0.03417	0.14134	0.01031	0.00656	0.00192	0.00474	0.03452	0.00621	0.00751
38	0.04720	0.03351	0.03592	0.06124	0.01669	0.01024	0.00958	0.03932	0.07973	0.46821	0.07206	0.02362	0.03113	0.00808	0.00609	0.00191	0.00527	0.03468	0.00641	0.00911
39	0.04852	0.01323	0.01472	0.15935	0.01999	0.06321	0.01053	0.27019	0.04481	0.06099	0.01495	0.03586	0.01202	0.06816	0.00800	0.00212	0.02733	0.00578	0.08283	0.03740
40	0.01624	0.04656	0.12520	0.02044	0.23736	0.11195	0.01427	0.11648	0.07782	0.04983	0.02775	0.04587	0.02949	0.00752	0.00604	0.00187	0.00713	0.04547	0.00412	0.00861

[dist]
# distance from previous block
# <min> <max>
2	5

[block]
# block no. 3 follows, 38 sequences, length 53
# corresponding to MSA columns:
# 646-698
name=unknown_D
#
# <colnr> <probs for GDERKNQSTAVLIFYWHMCP>
#	G	D	E	R	K	N	Q	S	T	A	V	L	I	F	Y	W	H	M	C	P
0	0.13791	0.10259	0.03795	0.04744	0.01761	0.21838	0.01086	0.13880	0.09725	0.04188	0.01344	0.01658	0.01102	0.00718	0.00590	0.00181	0.03355	0.04786	0.00417	0.00784
1	0.03729	0.05197	0.02178	0.14070	0.46450	0.04843	0.01611	0.04399	0.01361	0.01892	0.01121	0.01493	0.00936	0.00805	0.05087	0.00227	0.02924	0.00519	0.00306	0.00852
2	0.13932	0.03313	0.01629	0.19976	0.06519	0.03151	0.07788	0.04467	0.02939	0.12393	0.03498	0.04003	0.03917	0.00716	0.00571	0.00187	0.00626	0.02032	0.05004	0.03338
3	0.01371	0.40619	0.16379	0.01213	0.01703	0.03817	0.04461	0.01682	0.01217	0.01572	0.02658	0.01428	0.01039	0.01301	0.14778	0.00304	0.00884	0.00448	0.02385	0.00740
4	0.01092	0.00760	0.01244	0.03885	0.01326	0.00751	0.12379	0.03069	0.01116	0.01589	0.01708	0.17537	0.01701	0.01457	0.01313	0.32713	0.00539	0.00804	0.14530	0.00485
5	0.01714	0.01237	0.01394	0.01192	0.01517	0.01352	0.00965	0.34407	0.13171	0.05898	0.02013	0.02853	0.01752	0.08245	0.05168	0.00282	0.00647	0.13356	0.02003	0.00832
6	0.01666	0.67735	0.05672	0.01114	0.01619	0.10755	0.01089	0.01873	0.01279	0.01440	0.00856	0.00990	0.00772	0.00529	0.00411	0.00134	0.00703	0.00334	0.00263	0.00768
7	0.05742	0.03559	0.10491	0.02835	0.01549	0.03028	0.00990	0.02147	0.04977	0.33410	0.08258	0.11172	0.05643	0.00937	0.00620	0.00195	0.00534	0.02509	0.00580	0.00825
8	0.00835	0.00608	0.00747	0.00755	0.00900	0.00547	0.00561	0.01041	0.01475	0.03678	0.34458	0.20322	0.25468	0.01463	0.00726	0.00209	0.00322	0.04736	0.00607	0.00544
9	0.00875	0.00583	0.00656	0.00656	0.00656	0.00583	0.00365	0.00875	0.00875	0.01166	0.01895	0.03937	0.02187	0.78858	0.03062	0.00583	0.00583	0.00875	0.00365	0.00365
10	0.00930	0.00709	0.03132	0.00870	0.01036	0.00603	0.02506	0.01144	0.01424	0.06420	0.28133	0.32000	0.14025	0.01458	0.00724	0.00214	0.00370	0.03141	0.00590	0.00574
11	0.01463	0.01635	0.03243	0.04346	0.15061	0.04919	0.56259	0.01927	0.01420	0.01904	0.01186	0.01576	0.00911	0.00519	0.00681	0.00197	0.00963	0.00662	0.00303	0.00826
12	0.00732	0.00528	0.00693	0.00826	0.00869	0.00490	0.00553	0.00839	0.01163	0.01540	0.03458	0.74743	0.07609	0.01866	0.00765	0.00242	0.00347	0.01688	0.00558	0.00490
13	0.03541	0.00775	0.00789	0.00712	0.00918	0.00812	0.00554	0.14033	0.01531	0.02528	0.01841	0.02068	0.01427	0.00701	0.00451	0.00149	0.00353	0.00551	0.65624	0.00645
14	0.02082	0.01520	0.01640	0.01288	0.01713	0.01670	0.01052	0.62565	0.02607	0.03525	0.04090	0.06547	0.01397	0.00813	0.00607	0.00183	0.00611	0.00636	0.04502	0.00951
15	0.00965	0.00708	0.00948	0.01051	0.01204	0.00706	0.00903	0.01297	0.04648	0.01860	0.08155	0.06354	0.09004	0.01585	0.00804	0.00262	0.00513	0.57901	0.00564	0.00569
16	0.03774	0.00804	0.01032	0.00884	0.01156	0.00740	0.00694	0.01866	0.04977	0.28005	0.41611	0.03485	0.06403	0.01033	0.00659	0.00189	0.00378	0.00886	0.00677	0.00745
17	0.01136	0.01069	0.01804	0.77412	0.04143	0.01337	0.01671	0.01537	0.01203	0.01537	0.01069	0.01604	0.00802	0.00601	0.00601	0.00200	0.00802	0.00535	0.00267	0.00668
18	0.01608	0.79220	0.03152	0.01029	0.01544	0.02380	0.01029	0.01801	0.01222	0.01415	0.00836	0.00965	0.00772	0.00515	0.00386	0.00129	0.00643	0.00322	0.00257	0.00772
19	0.00980	0.00717	0.01023	0.06022	0.01433	0.00734	0.01015	0.01265	0.01373	0.01783	0.03049	0.06452	0.03291	0.01594	0.00816	0.00272	0.00570	0.66515	0.00535	0.00561
20	0.01933	0.01715	0.06299	0.04019	0.01759	0.13426	0.01089	0.40144	0.02173	0.02905	0.01430	0.01543	0.01064	0.00687	0.00554	0.00170	0.00672	0.00514	0.17048	0.00856
21	0.01006	0.00765	0.01005	0.01081	0.03883	0.00772	0.00845	0.01464	0.10594	0.02107	0.28315	0.05188	0.05797	0.01359	0.00749	0.00231	0.00449	0.33177	0.00590	0.00622
22	0.05343	0.12892	0.26016	0.02388	0.29786	0.03637	0.07936	0.01877	0.01314	0.01887	0.01061	0.01321	0.00844	0.00545	0.00556	0.00177	0.00785	0.00478	0.00283	0.00873
23	0.00842	0.00615	0.00792	0.00747	0.00893	0.00564	0.00560	0.01118	0.01681	0.02362	0.70364	0.04577	0.10132	0.01249	0.00710	0.00190	0.00285	0.01100	0.00656	0.00564
24	0.01136	0.01069	0.01804	0.77412	0.04143	0.01337	0.01671	0.01537	0.01203	0.01537	0.01069	0.01604	0.00802	0.00601	0.00601	0.00200	0.00802	0.00535	0.00267	0.00668
25	0.00794	0.00605	0.00730	0.00723	0.00875	0.00542	0.00539	0.01014	0.01524	0.02036	0.42035	0.12684	0.29159	0.01409	0.00719	0.00202	0.00304	0.02953	0.00613	0.00539
26	0.03145	0.02833	0.62121	0.01656	0.02463	0.04778	0.04178	0.02014	0.01328	0.08280	0.01184	0.01333	0.00828	0.00586	0.00573	0.00189	0.00860	0.00461	0.00303	0.00885
27	0.02360	0.00969	0.01302	0.01023	0.01431	0.00854	0.00835	0.04473	0.01748	0.60649	0.15198	0.02466	0.02220	0.00830	0.00623	0.00187	0.00475	0.00689	0.00726	0.00943
28	0.00875	0.00583	0.00656	0.00656	0.00656	0.00583	0.00365	0.00875	0.00875	0.01166	0.01895	0.03937	0.02187	0.78858	0.03062	0.00583	0.00583	0.00875	0.00365	0.00365
29	0.04061	0.20196	0.04033	0.03177	0.09562	0.15753	0.01166	0.16425	0.06785	0.04062	0.03098	0.02987	0.01137	0.00675	0.00572	0.00169	0.02796	0.00500	0.02021	0.00827
30	0.09002	0.01042	0.01355	0.01053	0.01507	0.00938	0.00868	0.02847	0.03675	0.67756	0.02254	0.01969	0.01433	0.00732	0.00587	0.00187	0.00507	0.00585	0.00712	0.00992
31	0.00755	0.00544	0.00694	0.00805	0.00855	0.00508	0.00541	0.00858	0.01149	0.01511	0.03407	0.60926	0.10279	0.10531	0.01024	0.00280	0.00378	0.03939	0.00536	0.00479
32	0.68447	0.01152	0.01034	0.06661	0.03316	0.01314	0.00777	0.01845	0.01102	0.08379	0.00985	0.01123	0.00737	0.00576	0.00414	0.00187	0.00501	0.00369	0.00392	0.00690
33	0.01485	0.01504	0.02116	0.06436	0.54120	0.10915	0.01597	0.01799	0.01413	0.01863	0.03283	0.01897	0.07632	0.00654	0.00602	0.00179	0.00719	0.00595	0.00330	0.00858
34	0.00814	0.00643	0.00748	0.00780	0.00952	0.00586	0.00614	0.01054	0.03481	0.01786	0.13876	0.10895	0.41975	0.01524	0.00740	0.00222	0.00369	0.17830	0.00572	0.00538
35	0.23581	0.01841	0.21697	0.06641	0.05108	0.01434	0.23394	0.03605	0.03502	0.02170	0.01108	0.01362	0.00827	0.00560	0.00565	0.00193	0.00782	0.00512	0.00323	0.00794
36	0.03911	0.00996	0.03941	0.12383	0.01741	0.01002	0.02966	0.01740	0.18274	0.03703	0.04498	0.10667	0.13861	0.01233	0.02508	0.00238	0.00554	0.14594	0.00503	0.00684
37	0.01111	0.00673	0.00882	0.00796	0.00987	0.00611	0.00609	0.01383	0.01694	0.12862	0.61922	0.04190	0.07582	0.01171	0.00695	0.00189	0.00317	0.01025	0.00670	0.00631
38	0.02287	0.01685	0.01805	0.01384	0.01866	0.01866	0.01143	0.73100	0.02828	0.03791	0.01444	0.01444	0.01023	0.00722	0.00602	0.00181	0.00662	0.00542	0.00602	0.01023
39	0.01240	0.02940	0.69602	0.01694	0.02540	0.01360	0.04055	0.01903	0.01283	0.03910	0.01183	0.03511	0.00878	0.00612	0.00582	0.00192	0.00867	0.00492	0.00278	0.00879
40	0.11960	0.30444	0.05361	0.01187	0.03648	0.09690	0.01029	0.12726	0.01499	0.03623	0.01367	0.01510	0.05186	0.00984	0.07211	0.00231	0.00747	0.00465	0.00365	0.00767
41	0.00881	0.00684	0.00743	0.00733	0.00907	0.02718	0.00546	0.01065	0.01442	0.04539	0.23046	0.12454	0.40302	0.03881	0.00786	0.00216	0.00351	0.03583	0.00579	0.00543
42	0.00730	0.00533	0.00688	0.00812	0.00866	0.00491	0.00547	0.00841	0.01177	0.01546	0.03629	0.70264	0.11978	0.01844	0.00761	0.00240	0.00344	0.01660	0.00558	0.00491
43	0.00747	0.00537	0.00713	0.00848	0.00895	0.00502	0.00582	0.00865	0.01174	0.01556	0.03395	0.71550	0.06189	0.01859	0.00770	0.00245	0.00361	0.06162	0.00558	0.00493
44	0.01376	0.01552	0.03366	0.02426	0.02998	0.01455	0.68261	0.01857	0.01403	0.01902	0.01352	0.06572	0.01110	0.00596	0.00714	0.00206	0.00971	0.00774	0.00321	0.00791
45	0.01835	0.01460	0.01551	0.01293	0.01693	0.01654	0.01034	0.33129	0.43535	0.03062	0.02018	0.01902	0.01488	0.00776	0.00608	0.00194	0.00556	0.00621	0.00608	0.00983
46	0.00743	0.00532	0.00707	0.00831	0.00875	0.00496	0.00559	0.00864	0.01200	0.01613	0.09590	0.71972	0.04128	0.01827	0.00763	0.00239	0.00343	0.01656	0.00568	0.00496
47	0.02283	0.01582	0.01722	0.01325	0.01792	0.01726	0.01093	0.63897	0.02667	0.10488	0.01551	0.01530	0.01086	0.00723	0.00596	0.00180	0.00634	0.00548	0.03571	0.01006
48	0.01489	0.01429	0.02442	0.03692	0.75106	0.01429	0.01846	0.01846	0.01370	0.01965	0.01132	0.01489	0.00953	0.00536	0.00596	0.00179	0.00715	0.00536	0.00298	0.00953
49	0.01434	0.01373	0.02342	0.15235	0.63995	0.01415	0.01819	0.01798	0.01344	0.01898	0.01122	0.01507	0.00929	0.00546	0.00596	0.00182	0.00728	0.00536	0.00293	0.00908
50	0.01137	0.00693	0.00896	0.00807	0.01006	0.00635	0.00619	0.01441	0.03499	0.13353	0.58178	0.04144	0.08898	0.01163	0.00691	0.00190	0.00324	0.01016	0.00667	0.00642
51	0.00951	0.00705	0.00841	0.00876	0.01004	0.00689	0.00624	0.11171	0.01430	0.01874	0.03537	0.54663	0.16035	0.01655	0.00734	0.00228	0.00386	0.01466	0.00565	0.00568
52	0.34635	0.01257	0.01416	0.05141	0.14419	0.01357	0.01014	0.16097	0.01543	0.06351	0.04739	0.01569	0.03335	0.00655	0.00510	0.00181	0.00553	0.00496	0.00438	0.04296

[dist]
# distance from previous block
# <min> <max>
1	27

[block]
# block no. 4 follows, 38 sequences, length 74
# corresponding to MSA columns:
# 733-773,775-807
name=unknown_E
#
# <colnr> <probs for GDERKNQSTAVLIFYWHMCP>
#	G	D	E	R	K	N	Q	S	T	A	V	L	I	F	Y	W	H	M	C	P
0	0.01133	0.00760	0.00911	0.00914	0.02857	0.00721	0.00658	0.06264	0.05044	0.10343	0.05617	0.27432	0.26548	0.04947	0.00812	0.00231	0.00405	0.03203	0.00573	0.00627
1	0.01521	0.10274	0.01670	0.01241	0.04614	0.04830	0.04462	0.21142	0.01699	0.02272	0.01822	0.13143	0.06091	0.02753	0.00635	0.00174	0.00577	0.00702	0.00448	0.19930
2	0.05880	0.00940	0.01192	0.01015	0.03014	0.00879	0.00773	0.05308	0.03502	0.41416	0.08923	0.02703	0.06447	0.12566	0.02501	0.00263	0.00519	0.00715	0.00622	0.00821
3	0.01923	0.01378	0.03897	0.01256	0.03776	0.01351	0.01012	0.35277	0.05526	0.13920	0.05111	0.05465	0.01476	0.00757	0.00587	0.00171	0.00564	0.00609	0.02417	0.13527
4	0.05023	0.03404	0.01455	0.03524	0.01589	0.04626	0.00934	0.33921	0.02074	0.16610	0.03508	0.01914	0.04735	0.00752	0.00565	0.00175	0.00565	0.00582	0.13171	0.00871
5	0.02259	0.00961	0.01280	0.01013	0.01405	0.00857	0.00824	0.05715	0.01768	0.55585	0.18846	0.02578	0.02423	0.00854	0.00629	0.00187	0.00467	0.00712	0.00719	0.00920
6	0.02413	0.00996	0.01325	0.01036	0.01458	0.00883	0.00848	0.05931	0.01761	0.61766	0.10624	0.02405	0.04084	0.00821	0.00620	0.00187	0.00487	0.00676	0.00723	0.00957
7	0.67574	0.01048	0.00845	0.00783	0.01088	0.01196	0.00616	0.01596	0.01022	0.02445	0.01172	0.08608	0.01111	0.08032	0.00662	0.00229	0.00465	0.00509	0.00389	0.00609
8	0.01975	0.00898	0.01153	0.00942	0.01303	0.00798	0.00758	0.02280	0.05649	0.46435	0.13183	0.03152	0.16880	0.00973	0.00641	0.00191	0.00436	0.00810	0.00688	0.00852
9	0.00859	0.00580	0.00676	0.00690	0.00699	0.00582	0.00403	0.00881	0.00908	0.01216	0.02030	0.11622	0.02341	0.67237	0.06383	0.00567	0.00609	0.00951	0.00383	0.00386
10	0.01083	0.00687	0.00850	0.00806	0.01003	0.00622	0.00620	0.02915	0.01553	0.11684	0.31001	0.12934	0.24095	0.01342	0.00709	0.00205	0.00356	0.06301	0.00623	0.00611
11	0.01360	0.01390	0.01836	0.01578	0.01593	0.05375	0.01309	0.01493	0.00958	0.01449	0.00796	0.01305	0.00789	0.01032	0.01906	0.00258	0.74127	0.00520	0.00265	0.00660
12	0.83108	0.01163	0.00884	0.00791	0.01163	0.01350	0.00651	0.01768	0.01024	0.02699	0.00838	0.00977	0.00651	0.00558	0.00372	0.00186	0.00465	0.00326	0.00372	0.00651
13	0.00762	0.00563	0.00679	0.00754	0.00831	0.00518	0.00511	0.00871	0.01182	0.01529	0.06015	0.43368	0.21335	0.14960	0.01147	0.00291	0.00382	0.03297	0.00528	0.00476
14	0.01207	0.03112	0.75741	0.01715	0.02604	0.01397	0.02223	0.01905	0.01270	0.01905	0.01080	0.01270	0.00762	0.00572	0.00572	0.00191	0.00889	0.00445	0.00254	0.00889
15	0.01608	0.79220	0.03152	0.01029	0.01544	0.02380	0.01029	0.01801	0.01222	0.01415	0.00836	0.00965	0.00772	0.00515	0.00386	0.00129	0.00643	0.00322	0.00257	0.00772
16	0.01207	0.03112	0.75741	0.01715	0.02604	0.01397	0.02223	0.01905	0.01270	0.01905	0.01080	0.01270	0.00762	0.00572	0.00572	0.00191	0.00889	0.00445	0.00254	0.00889
17	0.00883	0.00609	0.00719	0.00715	0.00725	0.00634	0.00431	0.00908	0.00892	0.01204	0.01880	0.05906	0.02141	0.68267	0.08773	0.00594	0.03094	0.00870	0.00364	0.00391
18	0.01202	0.08616	0.01424	0.01115	0.01290	0.01234	0.00906	0.10945	0.01232	0.01720	0.01391	0.02006	0.01283	0.06661	0.42888	0.00644	0.13869	0.00591	0.00346	0.00637
19	0.01227	0.02518	0.51135	0.01831	0.02583	0.01353	0.19530	0.01841	0.01346	0.01956	0.07783	0.01649	0.01244	0.00615	0.00618	0.00193	0.00865	0.00568	0.00303	0.00841
20	0.00851	0.00615	0.00804	0.00757	0.00899	0.00568	0.00568	0.01135	0.01703	0.02412	0.74788	0.04494	0.05676	0.01230	0.00710	0.00189	0.00284	0.01088	0.00662	0.00568
21	0.01159	0.01113	0.01943	0.71445	0.04064	0.01351	0.07349	0.01568	0.01220	0.01568	0.01081	0.01605	0.00811	0.00594	0.00610	0.00201	0.00819	0.00549	0.00270	0.00680
22	0.01310	0.01498	0.15825	0.13578	0.20411	0.01232	0.01486	0.03290	0.11220	0.04304	0.06507	0.02454	0.03336	0.00825	0.00670	0.02067	0.00662	0.08114	0.00404	0.00807
23	0.02198	0.01328	0.01524	0.01191	0.01623	0.01376	0.00976	0.40117	0.03944	0.25804	0.07669	0.02129	0.05690	0.00815	0.00617	0.00185	0.00562	0.00647	0.00649	0.00958
24	0.02484	0.01005	0.01346	0.01053	0.01486	0.00892	0.00862	0.02801	0.05688	0.65606	0.08230	0.02256	0.01847	0.00788	0.00614	0.00187	0.00491	0.00648	0.00731	0.00983
25	0.01078	0.00566	0.00593	0.00592	0.00729	0.00559	0.00442	0.01353	0.01309	0.02239	0.10422	0.04988	0.02099	0.00801	0.00465	0.00149	0.00283	0.00659	0.70115	0.00559
26	0.04125	0.08687	0.05878	0.09967	0.16016	0.04804	0.04506	0.05292	0.04137	0.01837	0.01477	0.01778	0.05871	0.00996	0.05943	0.00247	0.14115	0.00566	0.03002	0.00756
27	0.02339	0.01510	0.01686	0.01302	0.01772	0.01617	0.01073	0.52951	0.06480	0.20396	0.01715	0.01628	0.01176	0.00733	0.00603	0.00183	0.00617	0.00564	0.00636	0.01019
28	0.00767	0.00548	0.00709	0.00818	0.00867	0.00516	0.00555	0.00880	0.01169	0.01554	0.06655	0.59002	0.07048	0.10719	0.01031	0.00281	0.00383	0.05475	0.00541	0.00483
29	0.29769	0.01227	0.01739	0.22132	0.05811	0.01438	0.11307	0.01656	0.01124	0.01993	0.00986	0.01392	0.00804	0.02549	0.00825	0.00215	0.13541	0.00494	0.00312	0.00687
30	0.01711	0.01319	0.03513	0.05457	0.09499	0.03146	0.01133	0.16853	0.21823	0.12486	0.02206	0.02622	0.04949	0.00874	0.00636	0.00202	0.00589	0.09546	0.00550	0.00883
31	0.00744	0.00532	0.00711	0.00850	0.00890	0.00498	0.00578	0.00857	0.01163	0.01548	0.03309	0.75072	0.03954	0.01874	0.00771	0.00246	0.00359	0.04993	0.00558	0.00492
32	0.01883	0.01130	0.01322	0.01096	0.01442	0.01186	0.00877	0.14929	0.19964	0.25522	0.05914	0.02356	0.05869	0.02932	0.00733	0.00201	0.04128	0.00675	0.06957	0.00883
33	0.00943	0.00788	0.01012	0.01180	0.12358	0.00736	0.00751	0.03225	0.03291	0.01991	0.24545	0.04579	0.37599	0.01252	0.00691	0.00197	0.00384	0.03308	0.00550	0.00621
34	0.00982	0.00869	0.00880	0.00912	0.00982	0.09380	0.00629	0.01082	0.01177	0.01486	0.06076	0.40262	0.07004	0.18866	0.01329	0.00306	0.05565	0.01239	0.00472	0.00501
35	0.02238	0.01656	0.01779	0.01361	0.01845	0.01815	0.01123	0.69728	0.02754	0.03705	0.01427	0.01435	0.01017	0.00709	0.00594	0.00176	0.00652	0.00533	0.00590	0.04862
36	0.07581	0.01186	0.02991	0.01037	0.01402	0.05135	0.00846	0.15153	0.04770	0.25978	0.05101	0.07626	0.16697	0.00969	0.00620	0.00192	0.00515	0.00785	0.00598	0.00818
37	0.04030	0.10060	0.16357	0.10259	0.22661	0.01564	0.17206	0.03898	0.01340	0.01895	0.01086	0.01407	0.00858	0.00571	0.00650	0.00187	0.04310	0.00527	0.00293	0.00840
38	0.00872	0.00593	0.00704	0.00704	0.00721	0.00609	0.00424	0.00906	0.00889	0.01202	0.01852	0.03694	0.02082	0.67392	0.14384	0.00642	0.00742	0.00839	0.00358	0.00391
39	0.02402	0.01196	0.01478	0.01130	0.01604	0.01128	0.00929	0.19830	0.03690	0.47815	0.01999	0.01813	0.01315	0.00706	0.00586	0.00174	0.00540	0.00563	0.00662	0.10440
40	0.26719	0.14931	0.08079	0.04924	0.01770	0.10428	0.07655	0.03534	0.01300	0.05390	0.01225	0.01390	0.03204	0.00618	0.00519	0.00175	0.02383	0.00453	0.04572	0.00730
41	0.03983	0.04128	0.42282	0.03985	0.17250	0.03201	0.04189	0.01893	0.01323	0.05255	0.01274	0.01711	0.01014	0.00642	0.00589	0.00192	0.00802	0.05111	0.00312	0.00863
42	0.02350	0.00947	0.01284	0.01011	0.01415	0.00824	0.00824	0.02593	0.01718	0.61724	0.16040	0.02509	0.02279	0.00836	0.00625	0.00187	0.00469	0.00696	0.00729	0.00938
43	0.00774	0.00558	0.00732	0.00802	0.00880	0.00517	0.00558	0.00943	0.01352	0.01847	0.28519	0.50143	0.06848	0.01643	0.00746	0.00224	0.00325	0.01477	0.00595	0.00517
44	0.01857	0.23161	0.01977	0.01289	0.01637	0.37409	0.01049	0.08250	0.01560	0.01670	0.01070	0.01289	0.00916	0.01138	0.10963	0.00262	0.00980	0.00423	0.02381	0.00721
45	0.00782	0.00568	0.00719	0.00823	0.00885	0.00534	0.00557	0.02906	0.01207	0.01591	0.03459	0.65937	0.10506	0.05396	0.00864	0.00254	0.00365	0.01596	0.00551	0.00500
46	0.00742	0.00530	0.00707	0.00842	0.00882	0.00496	0.00569	0.00855	0.01171	0.01564	0.05102	0.74836	0.04008	0.01863	0.00768	0.00244	0.00352	0.03414	0.00561	0.00492
47	0.01005	0.00724	0.00975	0.01070	0.01222	0.00724	0.00916	0.04594	0.01465	0.01923	0.08483	0.09600	0.05382	0.01592	0.00805	0.00263	0.00523	0.57597	0.00565	0.00573
48	0.08555	0.65150	0.02874	0.01077	0.01565	0.02175	0.04388	0.01770	0.01203	0.01549	0.00891	0.01063	0.00803	0.00706	0.03984	0.00177	0.00691	0.00356	0.00272	0.00752
49	0.00924	0.00683	0.00893	0.00957	0.01108	0.00667	0.00792	0.01244	0.04755	0.01950	0.21055	0.09438	0.12027	0.01513	0.00775	0.00242	0.00446	0.39381	0.00584	0.00567
50	0.00769	0.00550	0.00740	0.00879	0.00930	0.00520	0.00622	0.00901	0.01188	0.01576	0.03296	0.67411	0.03899	0.01850	0.00778	0.00249	0.00381	0.12405	0.00558	0.00499
51	0.02087	0.02610	0.01619	0.01482	0.01769	0.67697	0.01115	0.02249	0.01619	0.01464	0.01009	0.01233	0.00859	0.01070	0.09316	0.00249	0.01146	0.00417	0.00311	0.00679
52	0.01625	0.73067	0.06532	0.01063	0.01594	0.02285	0.01081	0.01843	0.01241	0.03855	0.00898	0.01015	0.00795	0.00525	0.00402	0.00133	0.00651	0.00337	0.00273	0.00786
53	0.01626	0.69704	0.04419	0.01094	0.01585	0.04738	0.01073	0.03651	0.01267	0.01490	0.00858	0.01003	0.00779	0.00549	0.00473	0.00138	0.04172	0.00341	0.00268	0.00773
54	0.01987	0.01449	0.01597	0.01286	0.01695	0.01608	0.01045	0.46877	0.16770	0.07286	0.01716	0.01744	0.01267	0.01180	0.09371	0.00276	0.00726	0.00585	0.00580	0.00953
55	0.01073	0.01245	0.16680	0.01118	0.01446	0.00884	0.01079	0.01583	0.09552	0.04145	0.21383	0.07818	0.06808	0.01204	0.00705	0.00220	0.00522	0.21323	0.00531	0.00680
56	0.01642	0.00864	0.01078	0.00921	0.01206	0.02462	0.00724	0.03631	0.03386	0.30993	0.30614	0.06932	0.09016	0.01135	0.02429	0.00209	0.00441	0.00893	0.00663	0.00761
57	0.00910	0.00628	0.00823	0.00767	0.00919	0.00578	0.00578	0.01192	0.01703	0.04720	0.72503	0.04416	0.05544	0.01215	0.00706	0.00189	0.00291	0.01073	0.00665	0.00582
58	0.01166	0.01107	0.01890	0.70693	0.08779	0.01347	0.03468	0.01567	0.01219	0.01575	0.01077	0.01597	0.00815	0.00595	0.00604	0.00199	0.00802	0.00539	0.00270	0.00691
59	0.00759	0.00560	0.00750	0.00871	0.00905	0.00550	0.00593	0.00865	0.01141	0.01532	0.03201	0.74955	0.03834	0.01847	0.00823	0.00245	0.03871	0.01656	0.00545	0.00496
60	0.01392	0.01793	0.13319	0.04255	0.11407	0.01489	0.53361	0.01906	0.01389	0.01920	0.01185	0.01558	0.00894	0.00521	0.00675	0.00198	0.00958	0.00649	0.00296	0.00835
61	0.02446	0.01080	0.01389	0.01103	0.01542	0.01013	0.00898	0.02987	0.16930	0.60165	0.02389	0.02089	0.01562	0.00760	0.00606	0.00190	0.00504	0.00621	0.00717	0.01009
62	0.00740	0.00526	0.00696	0.00829	0.00862	0.00493	0.00549	0.00839	0.01138	0.01518	0.03247	0.74888	0.03893	0.05579	0.00878	0.00261	0.00360	0.01670	0.00549	0.00483
63	0.04849	0.15214	0.38675	0.01890	0.07623	0.01589	0.18197	0.01883	0.01293	0.01867	0.01064	0.01303	0.00807	0.00544	0.00566	0.00182	0.00847	0.00487	0.00274	0.00846
64	0.01734	0.01239	0.01367	0.01194	0.01559	0.01375	0.00939	0.03144	0.59740	0.16935	0.02434	0.02206	0.01768	0.00802	0.00611	0.00201	0.00483	0.00665	0.00638	0.00966
65	0.00809	0.00588	0.00779	0.00904	0.00990	0.00558	0.00684	0.00976	0.01252	0.01633	0.03560	0.47173	0.11142	0.01773	0.00783	0.00251	0.00412	0.24664	0.00557	0.00512
66	0.01199	0.01128	0.01546	0.01354	0.01357	0.01521	0.01085	0.01304	0.00918	0.01389	0.01100	0.03690	0.01175	0.17521	0.03921	0.00347	0.57934	0.00630	0.00293	0.00590
67	0.01317	0.03785	0.01935	0.03321	0.01713	0.03492	0.06320	0.01484	0.01009	0.01490	0.01037	0.03870	0.02658	0.01014	0.01702	0.00249	0.62069	0.00585	0.00283	0.00665
68	0.00928	0.00675	0.00914	0.01031	0.01174	0.00661	0.00885	0.01185	0.01385	0.01789	0.05617	0.09013	0.11794	0.01641	0.00811	0.00265	0.00510	0.58619	0.00558	0.00547
69	0.02489	0.01012	0.01352	0.01058	0.01492	0.00902	0.00866	0.02822	0.06469	0.65547	0.07509	0.02234	0.01809	0.00784	0.00613	0.00188	0.00493	0.00644	0.00730	0.00987
70	0.01452	0.08186	0.01534	0.01299	0.05013	0.01331	0.02911	0.03991	0.34911	0.07394	0.02515	0.03110	0.06708	0.00972	0.00675	0.00209	0.02469	0.13950	0.00543	0.00827
71	0.01259	0.01035	0.01114	0.01029	0.01181	0.08067	0.00785	0.11247	0.01375	0.01881	0.05122	0.09313	0.01867	0.12976	0.19427	0.00438	0.08436	0.02503	0.10339	0.00607
72	0.41760	0.23187	0.05900	0.07596	0.03088	0.06602	0.00990	0.01809	0.01160	0.02101	0.00883	0.01061	0.00718	0.00554	0.00423	0.00169	0.00614	0.00357	0.00319	0.00709
73	0.01285	0.01135	0.01214	0.03277	0.01285	0.11071	0.00887	0.01483	0.01177	0.01739	0.01507	0.08552	0.01382	0.01148	0.05733	0.00246	0.26397	0.00633	0.29243	0.00607

[dist]
# distance from previous block
# <min> <max>
0	1

[block]
# block no. 5 follows, 38 sequences, length 57
# corresponding to MSA columns:
# 809-865
name=unknown_F
#
# <colnr> <probs for GDERKNQSTAVLIFYWHMCP>
#	G	D	E	R	K	N	Q	S	T	A	V	L	I	F	Y	W	H	M	C	P
0	0.01586	0.01552	0.02195	0.07859	0.43239	0.09299	0.06399	0.08894	0.05762	0.02079	0.01426	0.01682	0.04062	0.00623	0.00605	0.00182	0.00744	0.00572	0.00356	0.00886
1	0.00825	0.00609	0.00778	0.00796	0.00929	0.00562	0.00604	0.01056	0.01511	0.02052	0.41723	0.17817	0.15964	0.01449	0.00737	0.00213	0.00336	0.10883	0.00613	0.00543
2	0.01386	0.01827	0.13912	0.02385	0.03013	0.01514	0.60312	0.01908	0.01382	0.01908	0.01183	0.01562	0.00887	0.00535	0.00732	0.00203	0.03574	0.00665	0.00296	0.00817
3	0.05549	0.04950	0.59717	0.01734	0.04525	0.01407	0.07455	0.01870	0.01284	0.01953	0.03439	0.01383	0.00931	0.00584	0.00571	0.00189	0.00845	0.00478	0.00279	0.00859
4	0.01525	0.01341	0.07965	0.01923	0.23943	0.01208	0.01278	0.04641	0.17531	0.11813	0.02244	0.02592	0.08318	0.00828	0.00626	0.00195	0.00585	0.07160	0.00483	0.03802
5	0.01232	0.01193	0.01682	0.01467	0.01487	0.01643	0.01213	0.01379	0.00930	0.01438	0.00940	0.01508	0.00921	0.01687	0.15637	0.00392	0.63793	0.00548	0.00274	0.00636
6	0.00882	0.00638	0.00862	0.00979	0.01096	0.00618	0.00801	0.01105	0.01342	0.01754	0.07606	0.25115	0.09186	0.01684	0.00798	0.00258	0.00466	0.43714	0.00562	0.00534
7	0.01407	0.10835	0.01923	0.01431	0.01576	0.06841	0.01201	0.01563	0.01049	0.01505	0.00837	0.01250	0.00798	0.00888	0.01508	0.00219	0.54276	0.00473	0.00276	0.10144
8	0.01166	0.00747	0.01062	0.06707	0.01468	0.00748	0.00983	0.01435	0.01395	0.10289	0.02944	0.10712	0.03073	0.01493	0.00784	0.00259	0.00553	0.53016	0.00555	0.00612
9	0.00851	0.00573	0.00663	0.00686	0.00692	0.00568	0.00397	0.00869	0.00921	0.01228	0.02130	0.16265	0.02483	0.66126	0.02682	0.00527	0.00544	0.01013	0.00397	0.00385
10	0.00748	0.00530	0.00694	0.00819	0.00850	0.00498	0.00538	0.00841	0.01123	0.01498	0.03169	0.70796	0.03794	0.09806	0.01004	0.00279	0.00373	0.01624	0.00538	0.00476
11	0.63775	0.10281	0.01248	0.00891	0.01287	0.03985	0.00751	0.06799	0.01209	0.04018	0.00913	0.01033	0.00712	0.00570	0.00400	0.00178	0.00521	0.00348	0.00380	0.00700
12	0.01754	0.00991	0.01186	0.01031	0.01353	0.00985	0.00806	0.06073	0.21274	0.29550	0.02961	0.16498	0.10773	0.01064	0.00649	0.00203	0.00456	0.00904	0.00645	0.00845
13	0.00730	0.00533	0.00688	0.00811	0.00866	0.00491	0.00547	0.00841	0.01177	0.01546	0.03637	0.70061	0.12177	0.01843	0.00761	0.00240	0.00344	0.01659	0.00558	0.00491
14	0.01013	0.00748	0.00895	0.00908	0.03413	0.03774	0.00641	0.01234	0.01509	0.05761	0.42464	0.11250	0.08837	0.10053	0.00972	0.00243	0.00399	0.04728	0.00584	0.00574
15	0.01608	0.79220	0.03152	0.01029	0.01544	0.02380	0.01029	0.01801	0.01222	0.01415	0.00836	0.00965	0.00772	0.00515	0.00386	0.00129	0.00643	0.00322	0.00257	0.00772
16	0.06959	0.04189	0.01531	0.03031	0.04004	0.16221	0.01018	0.18160	0.16320	0.09701	0.04917	0.02092	0.05171	0.00793	0.00589	0.00185	0.00648	0.03115	0.00516	0.00841
17	0.05409	0.06089	0.01747	0.01375	0.01718	0.24381	0.01108	0.30552	0.03358	0.02504	0.01186	0.01326	0.00927	0.00718	0.00739	0.00180	0.11112	0.00476	0.04271	0.00823
18	0.04669	0.05034	0.14679	0.01335	0.03806	0.01386	0.01212	0.24110	0.06326	0.21880	0.03496	0.01822	0.01308	0.00772	0.00648	0.02951	0.00628	0.02479	0.00536	0.00920
19	0.01272	0.03783	0.03343	0.01119	0.01347	0.09671	0.04993	0.10962	0.01513	0.03410	0.07758	0.31017	0.08816	0.04619	0.00825	0.00224	0.03110	0.01079	0.00495	0.00643
