[name]
unknown

[dist]
# distance from previous block
# <min> <max>
8	66

[block]
# block no. 0 follows, 42 sequences, length 39
# corresponding to MSA columns:
# 156-194
name=unknown_A
#
# <colnr> <probs for GDERKNQSTAVLIFYWHMCP>
#	G	D	E	R	K	N	Q	S	T	A	V	L	I	F	Y	W	H	M	C	P
0	0.01415	0.10288	0.52056	0.01518	0.04946	0.01395	0.01730	0.09022	0.01372	0.09449	0.01144	0.01256	0.00812	0.00558	0.00524	0.00171	0.00747	0.00431	0.00317	0.00848
1	0.01362	0.39214	0.20016	0.01147	0.01625	0.06588	0.01191	0.04267	0.01277	0.01635	0.10485	0.01452	0.01325	0.00684	0.01965	0.00165	0.04134	0.00445	0.00304	0.00719
2	0.64233	0.02454	0.00917	0.00793	0.01136	0.01171	0.00658	0.01615	0.02842	0.02348	0.01061	0.01511	0.00924	0.00621	0.00404	0.00173	0.00445	0.07583	0.00367	0.08745
3	0.00932	0.00695	0.00872	0.00976	0.08347	0.00723	0.00566	0.01139	0.08207	0.01309	0.01728	0.03166	0.01841	0.57640	0.09151	0.00505	0.00634	0.00749	0.00354	0.00464
4	0.01669	0.01375	0.04702	0.03826	0.45525	0.05227	0.01434	0.06524	0.03089	0.16839	0.03373	0.01560	0.01116	0.00581	0.00559	0.00169	0.00637	0.00521	0.00393	0.00880
5	0.01411	0.01300	0.01717	0.01441	0.01530	0.01728	0.01199	0.15906	0.01215	0.01788	0.00860	0.01255	0.00782	0.00924	0.01593	0.00231	0.63633	0.00495	0.00309	0.00683
6	0.01607	0.01643	0.01368	0.01235	0.01545	0.23982	0.00949	0.02771	0.53840	0.02066	0.01872	0.01780	0.01425	0.00709	0.00553	0.00177	0.00613	0.00555	0.00489	0.00820
7	0.00799	0.00551	0.00730	0.00800	0.00864	0.00531	0.00556	0.00925	0.01161	0.04692	0.12894	0.60241	0.05413	0.03167	0.00788	0.00225	0.03229	0.01412	0.00529	0.00492
8	0.01118	0.00888	0.02559	0.00894	0.01124	0.00829	0.02003	0.15193	0.01338	0.01846	0.01950	0.22576	0.03854	0.20838	0.03882	0.00288	0.00517	0.00858	0.00430	0.17016
9	0.01585	0.01220	0.01317	0.01145	0.01488	0.01376	0.00902	0.10003	0.61126	0.09951	0.02191	0.02008	0.01611	0.00748	0.00571	0.00187	0.00466	0.00617	0.00584	0.00904
10	0.00804	0.00603	0.00904	0.00904	0.01005	0.00703	0.00703	0.01005	0.00904	0.01306	0.01507	0.02211	0.01407	0.04221	0.77992	0.00904	0.01507	0.00603	0.00301	0.00502
11	0.01280	0.01175	0.01966	0.21152	0.51725	0.01235	0.01554	0.01616	0.01234	0.01769	0.01122	0.01489	0.00913	0.00531	0.00542	0.00168	0.00647	0.00503	0.08585	0.00791
12	0.02789	0.00812	0.00899	0.02319	0.01058	0.00837	0.00620	0.15968	0.01518	0.12832	0.01754	0.01897	0.01312	0.00739	0.02146	0.00163	0.00402	0.00525	0.50737	0.00673
13	0.00809	0.00596	0.00781	0.00873	0.00996	0.00569	0.00712	0.01014	0.01271	0.01644	0.08745	0.20573	0.17541	0.01542	0.00736	0.00234	0.00418	0.39921	0.00527	0.00499
14	0.00745	0.00576	0.00649	0.00634	0.00802	0.00500	0.00474	0.00929	0.01384	0.03188	0.29286	0.08281	0.47883	0.01334	0.00665	0.00187	0.00284	0.01137	0.00558	0.00502
15	0.01198	0.14023	0.42429	0.16938	0.05345	0.01444	0.07661	0.01699	0.01184	0.01649	0.00986	0.01241	0.00740	0.00526	0.00525	0.00172	0.00784	0.00438	0.00246	0.00771
16	0.01409	0.09187	0.04206	0.03007	0.58300	0.03378	0.08944	0.01745	0.01278	0.01772	0.01034	0.01343	0.00863	0.00500	0.00547	0.00165	0.00703	0.00493	0.00275	0.00854
17	0.00691	0.00493	0.00655	0.00778	0.00813	0.00461	0.00519	0.00792	0.01087	0.01453	0.05085	0.76383	0.03735	0.03189	0.00756	0.00233	0.00329	0.01570	0.00522	0.00457
18	0.64394	0.01084	0.00960	0.00816	0.01186	0.01198	0.00673	0.05107	0.01162	0.17338	0.01093	0.01132	0.00780	0.00564	0.00401	0.00174	0.00452	0.00365	0.00427	0.00694
19	0.01209	0.00843	0.00989	0.00893	0.01050	0.00906	0.00658	0.20078	0.01410	0.03992	0.03229	0.17062	0.01964	0.24583	0.10249	0.00376	0.03437	0.00827	0.05664	0.00583
20	0.01286	0.01070	0.01459	0.01270	0.01362	0.01387	0.01037	0.01576	0.08430	0.08858	0.01207	0.01633	0.01059	0.03881	0.15170	0.00360	0.47429	0.00543	0.00336	0.00648
21	0.74888	0.01160	0.00910	0.02509	0.01201	0.04457	0.00667	0.03325	0.01043	0.04521	0.00844	0.00968	0.00647	0.00534	0.00370	0.00173	0.00472	0.00323	0.00358	0.00629
22	0.01195	0.02175	0.43724	0.17298	0.18014	0.02977	0.03359	0.01713	0.01207	0.01717	0.01018	0.01295	0.00760	0.00533	0.00547	0.00177	0.00788	0.00454	0.00251	0.00798
23	0.00792	0.00535	0.00622	0.00647	0.00654	0.00528	0.00377	0.00811	0.00870	0.01160	0.02036	0.18767	0.02378	0.64685	0.02439	0.00483	0.00502	0.00973	0.00377	0.00364
24	0.01338	0.21429	0.39750	0.03576	0.13657	0.07726	0.01662	0.01779	0.01223	0.01639	0.00951	0.01144	0.00745	0.00521	0.00495	0.00160	0.00764	0.00399	0.00249	0.00795
25	0.02120	0.10585	0.15726	0.01165	0.03333	0.01091	0.01097	0.02417	0.01470	0.52505	0.01800	0.01650	0.01177	0.00637	0.00536	0.00168	0.00563	0.00506	0.00548	0.00905
26	0.00876	0.00627	0.00866	0.00961	0.01087	0.00617	0.00816	0.01129	0.01345	0.01787	0.17527	0.08987	0.03669	0.01483	0.00752	0.00242	0.00460	0.55712	0.00538	0.00518
27	0.01239	0.18279	0.59797	0.01471	0.02214	0.04308	0.01822	0.01780	0.01194	0.01677	0.00960	0.01125	0.00715	0.00526	0.00499	0.00166	0.00793	0.00391	0.00240	0.00803
28	0.09479	0.07605	0.06371	0.07152	0.05372	0.13658	0.03922	0.08888	0.04767	0.20829	0.01363	0.01468	0.00996	0.00632	0.00581	0.00171	0.04098	0.01432	0.00426	0.00791
29	0.01120	0.00639	0.00844	0.00783	0.00961	0.00579	0.00595	0.01344	0.01495	0.16906	0.45593	0.16228	0.06347	0.01180	0.00656	0.00188	0.00325	0.03001	0.00613	0.00601
30	0.00692	0.00513	0.00642	0.00736	0.00806	0.00469	0.00504	0.00804	0.01133	0.01474	0.05807	0.58751	0.19055	0.03663	0.00761	0.00227	0.00325	0.02656	0.00521	0.00461
31	0.01758	0.01396	0.13052	0.01210	0.01649	0.01163	0.04420	0.20817	0.08053	0.23599	0.08940	0.04696	0.01720	0.00781	0.00590	0.00182	0.00564	0.04022	0.00541	0.00845
32	0.01392	0.14562	0.48871	0.01465	0.02160	0.01539	0.03684	0.16234	0.01474	0.02062	0.01046	0.01185	0.00767	0.00553	0.00517	0.00168	0.00757	0.00423	0.00304	0.00838
33	0.01466	0.00769	0.01043	0.01008	0.01246	0.00731	0.00850	0.01765	0.04813	0.27341	0.05035	0.07871	0.02630	0.01223	0.00690	0.00223	0.00485	0.39546	0.00585	0.00682
34	0.01063	0.01000	0.01688	0.78870	0.03876	0.01250	0.01563	0.01438	0.01125	0.01438	0.01000	0.01500	0.00750	0.00563	0.00563	0.00188	0.00750	0.00500	0.00250	0.00625
35	0.01473	0.01363	0.07830	0.06112	0.08718	0.04420	0.08251	0.22137	0.03704	0.04967	0.01764	0.07740	0.01618	0.00885	0.00625	0.00196	0.00646	0.16347	0.00446	0.00759
36	0.01733	0.09114	0.03806	0.16827	0.06031	0.47206	0.01217	0.01953	0.01410	0.01417	0.00924	0.01168	0.00763	0.00693	0.03294	0.00181	0.00921	0.00402	0.00276	0.00665
37	0.00728	0.00560	0.00668	0.00700	0.00821	0.00509	0.00502	0.00927	0.03332	0.01710	0.23558	0.31839	0.29189	0.01456	0.00681	0.00200	0.00299	0.01276	0.00550	0.00495
38	0.07247	0.53883	0.05158	0.00999	0.01452	0.04608	0.00957	0.01847	0.04297	0.08915	0.01019	0.01098	0.00836	0.00533	0.00429	0.00137	0.01983	0.00355	0.01678	0.02567

[dist]
# distance from previous block
# <min> <max>
0	3

[block]
# block no. 1 follows, 42 sequences, length 125
# corresponding to MSA columns:
# 198-254,256-302,305-325
name=unknown_B
#
# <colnr> <probs for GDERKNQSTAVLIFYWHMCP>
#	G	D	E	R	K	N	Q	S	T	A	V	L	I	F	Y	W	H	M	C	P
0	0.01975	0.04398	0.01590	0.01341	0.01682	0.56512	0.01030	0.11542	0.01666	0.01714	0.00946	0.01074	0.00768	0.00570	0.00500	0.00140	0.00879	0.00376	0.00329	0.10968
1	0.08916	0.06066	0.01635	0.07569	0.09293	0.03641	0.01094	0.26662	0.05054	0.10031	0.01363	0.01649	0.01070	0.00775	0.02325	0.00196	0.07212	0.04201	0.00443	0.00807
2	0.01013	0.00737	0.00905	0.00934	0.02290	0.00749	0.00668	0.15483	0.01414	0.01894	0.05851	0.50013	0.03066	0.06038	0.00811	0.00234	0.00414	0.06400	0.00520	0.00564
3	0.00700	0.00499	0.00662	0.00772	0.00814	0.00466	0.00519	0.00812	0.01121	0.01508	0.10204	0.70635	0.03836	0.03617	0.00765	0.00231	0.00326	0.01524	0.00527	0.00461
4	0.01147	0.02720	0.68048	0.01642	0.02405	0.01340	0.06388	0.01756	0.01176	0.01756	0.01000	0.01211	0.00723	0.00560	0.00626	0.00183	0.05828	0.00436	0.00241	0.00814
5	0.63510	0.03280	0.04537	0.00827	0.01226	0.01252	0.00719	0.05521	0.01089	0.02427	0.00851	0.00981	0.00663	0.00517	0.00377	0.00161	0.00466	0.00324	0.00350	0.10921
6	0.00872	0.00587	0.00753	0.00720	0.00865	0.00533	0.00536	0.01100	0.01497	0.06552	0.55234	0.13562	0.12598	0.01229	0.00665	0.00185	0.00288	0.01081	0.00602	0.00541
7	0.00804	0.00601	0.00896	0.00896	0.00994	0.00699	0.00693	0.01000	0.00902	0.01300	0.01515	0.02253	0.01425	0.06424	0.75814	0.00894	0.01480	0.00609	0.00303	0.00498
8	0.00720	0.00572	0.00647	0.00628	0.00794	0.00499	0.00471	0.00915	0.01413	0.01830	0.35449	0.04906	0.46542	0.01310	0.00665	0.00185	0.00277	0.01116	0.00563	0.00499
9	0.35013	0.01363	0.07421	0.01025	0.01416	0.03514	0.00888	0.14515	0.17167	0.07015	0.02868	0.01453	0.01089	0.02351	0.00526	0.00184	0.00520	0.00462	0.00448	0.00762
10	0.02189	0.00966	0.01243	0.00975	0.01361	0.00888	0.00797	0.11383	0.01708	0.55096	0.09610	0.02163	0.03418	0.00754	0.00569	0.00172	0.00460	0.00616	0.04750	0.00883
11	0.00824	0.00621	0.00791	0.00876	0.01027	0.00589	0.00742	0.01043	0.01291	0.01628	0.03913	0.06028	0.28363	0.01510	0.00739	0.00235	0.00438	0.48317	0.00520	0.00503
12	0.01179	0.01133	0.01966	0.51468	0.25844	0.01287	0.06006	0.01547	0.01185	0.01581	0.01026	0.01469	0.00799	0.00539	0.00567	0.00182	0.00737	0.00510	0.00261	0.00714
13	0.05086	0.03524	0.01563	0.01315	0.03564	0.26375	0.01017	0.27216	0.01814	0.09795	0.01222	0.01393	0.00951	0.04279	0.02935	0.00204	0.06079	0.00469	0.00426	0.00774
14	0.00804	0.00603	0.00904	0.00904	0.01005	0.00703	0.00703	0.01005	0.00904	0.01306	0.01507	0.02211	0.01407	0.04221	0.77992	0.00904	0.01507	0.00603	0.00301	0.00502
15	0.74089	0.01072	0.00886	0.00772	0.01131	0.01209	0.00636	0.01789	0.01039	0.11755	0.00961	0.01038	0.00706	0.00544	0.00375	0.00174	0.00441	0.00337	0.00391	0.00653
16	0.01154	0.01079	0.01802	0.57747	0.20703	0.01261	0.01564	0.02930	0.01204	0.01594	0.03005	0.01544	0.00907	0.00566	0.00564	0.00182	0.00716	0.00514	0.00273	0.00691
17	0.03935	0.01219	0.03407	0.11020	0.45260	0.01199	0.01428	0.04371	0.01351	0.13318	0.01568	0.01758	0.06448	0.00613	0.00561	0.00173	0.00615	0.00554	0.00368	0.00835
18	0.76837	0.01106	0.00984	0.03892	0.01289	0.01270	0.04304	0.01653	0.00983	0.02447	0.00810	0.00967	0.00627	0.00522	0.00372	0.00175	0.00473	0.00330	0.00341	0.00617
19	0.01341	0.01309	0.02063	0.13333	0.58088	0.05342	0.01594	0.01656	0.01264	0.01734	0.01171	0.06383	0.01044	0.00594	0.00565	0.00173	0.00676	0.00564	0.00291	0.00815
20	0.00754	0.00559	0.00703	0.00697	0.00822	0.00508	0.00511	0.00968	0.01447	0.01983	0.51062	0.17851	0.17440	0.01307	0.00674	0.00188	0.00280	0.01151	0.00585	0.00508
21	0.01279	0.01566	0.09085	0.11778	0.03016	0.01392	0.59766	0.01756	0.01292	0.01756	0.01111	0.01489	0.00830	0.00490	0.00641	0.00189	0.00915	0.00624	0.00277	0.00748
22	0.03321	0.04460	0.52946	0.01625	0.06176	0.01340	0.04556	0.04534	0.01259	0.07924	0.01099	0.01265	0.00791	0.00576	0.00619	0.00180	0.05764	0.00444	0.00294	0.00825
23	0.02516	0.00973	0.01315	0.01008	0.01444	0.00849	0.00833	0.04466	0.01635	0.75343	0.02199	0.01902	0.01383	0.00696	0.00566	0.00174	0.00482	0.00565	0.00693	0.00958
24	0.00790	0.00575	0.00743	0.00701	0.00837	0.00528	0.00526	0.01049	0.01578	0.02220	0.72923	0.04264	0.08824	0.01164	0.00664	0.00178	0.00266	0.01026	0.00615	0.00528
25	0.01675	0.58321	0.02562	0.01102	0.01529	0.23855	0.00998	0.01846	0.01272	0.01339	0.00807	0.00935	0.00723	0.00510	0.00403	0.00127	0.00720	0.00318	0.00255	0.00702
26	0.01044	0.00747	0.00906	0.00844	0.01035	0.00753	0.00647	0.01605	0.18950	0.06959	0.45542	0.07705	0.05807	0.01087	0.00644	0.00187	0.00336	0.03964	0.00602	0.00637
27	0.00818	0.00546	0.00614	0.00614	0.00614	0.00546	0.00341	0.00818	0.00818	0.01091	0.01773	0.03683	0.02046	0.80222	0.02864	0.00546	0.00546	0.00818	0.00341	0.00341
28	0.01135	0.02844	0.74047	0.01617	0.02424	0.01319	0.03531	0.01773	0.01183	0.01773	0.01006	0.01196	0.00716	0.00544	0.00568	0.00180	0.02659	0.00423	0.00239	0.00825
29	0.01125	0.01071	0.01834	0.64229	0.15813	0.01270	0.03742	0.01496	0.01157	0.01514	0.01014	0.01483	0.00776	0.00550	0.00565	0.00184	0.00743	0.00505	0.00256	0.00673
30	0.00907	0.00648	0.00907	0.01036	0.01166	0.00648	0.00907	0.01166	0.01296	0.01684	0.02980	0.06348	0.03239	0.01555	0.00777	0.00259	0.00518	0.72924	0.00518	0.00518
31	0.01463	0.72053	0.11096	0.01033	0.01553	0.02126	0.01085	0.01696	0.01148	0.01374	0.00807	0.00934	0.00721	0.00487	0.00380	0.00127	0.00627	0.00314	0.00240	0.00734
32	0.00796	0.00536	0.00620	0.00642	0.00648	0.00531	0.00371	0.00813	0.00862	0.01149	0.01996	0.16486	0.02328	0.67035	0.02504	0.00492	0.00509	0.00950	0.00371	0.00361
33	0.00810	0.00579	0.00781	0.00781	0.00838	0.00636	0.00549	0.00926	0.00868	0.01215	0.01620	0.02837	0.01679	0.36561	0.46024	0.00752	0.01098	0.00695	0.00318	0.00434
34	0.19233	0.15655	0.01666	0.01176	0.01517	0.33113	0.00955	0.07936	0.01427	0.06606	0.00954	0.01071	0.00762	0.00589	0.00534	0.00156	0.05238	0.00372	0.00339	0.00698
35	0.01049	0.00525	0.00525	0.00525	0.00656	0.00525	0.00393	0.01311	0.01180	0.02098	0.01836	0.02098	0.01442	0.00656	0.00393	0.00131	0.00262	0.00525	0.83346	0.00525
36	0.01188	0.13510	0.49524	0.01436	0.02133	0.01348	0.06566	0.01698	0.01204	0.01743	0.03781	0.01279	0.00909	0.00531	0.00509	0.00159	0.00735	0.00428	0.00267	0.11052
37	0.01171	0.01013	0.01219	0.00871	0.01372	0.00766	0.02452	0.01426	0.01171	0.01833	0.01004	0.01175	0.00834	0.00418	0.00423	0.00086	0.00430	0.00341	0.00332	0.81663
38	0.03726	0.01372	0.01490	0.01199	0.01603	0.01511	0.00972	0.41330	0.25865	0.12247	0.01747	0.01651	0.01247	0.00703	0.00562	0.00177	0.00542	0.00551	0.00578	0.00928
39	0.00938	0.00636	0.00814	0.00752	0.00914	0.00600	0.00570	0.01275	0.06032	0.06998	0.64515	0.05493	0.06048	0.01116	0.00653	0.00179	0.00291	0.00981	0.00618	0.00577
40	0.03465	0.00911	0.01381	0.02536	0.03197	0.00968	0.11293	0.01290	0.01098	0.06320	0.02043	0.14855	0.09379	0.10849	0.05916	0.00288	0.15572	0.02683	0.00384	0.05573
41	0.02187	0.01500	0.01642	0.01258	0.01707	0.01632	0.01040	0.65912	0.02518	0.12651	0.01459	0.01421	0.01011	0.00678	0.00563	0.00170	0.00602	0.00514	0.00579	0.00957
42	0.00816	0.00616	0.00908	0.00902	0.00993	0.00721	0.00695	0.01003	0.00898	0.01294	0.01503	0.02276	0.01429	0.08835	0.71324	0.00865	0.03511	0.00613	0.00302	0.00495
43	0.02102	0.02682	0.01595	0.01450	0.01740	0.77963	0.01087	0.02247	0.01595	0.01377	0.00870	0.01015	0.00725	0.00580	0.00507	0.00145	0.01015	0.00362	0.00290	0.00652
44	0.02006	0.01033	0.01265	0.01038	0.01412	0.01027	0.00835	0.04170	0.27683	0.44319	0.07198	0.02122	0.01761	0.00750	0.00575	0.00180	0.00456	0.00620	0.00645	0.00906
45	0.00706	0.00578	0.00589	0.00582	0.00776	0.00484	0.00438	0.00853	0.01297	0.03076	0.07321	0.05316	0.73254	0.01404	0.00663	0.00189	0.00289	0.01171	0.00528	0.00486
46	0.00907	0.00648	0.00907	0.01036	0.01166	0.00648	0.00907	0.01166	0.01296	0.01684	0.02980	0.06348	0.03239	0.01555	0.00777	0.00259	0.00518	0.72924	0.00518	0.00518
47	0.02031	0.12228	0.01770	0.01377	0.01704	0.62196	0.01070	0.08266	0.01627	0.01553	0.00899	0.01029	0.00744	0.00576	0.00494	0.00144	0.00931	0.00367	0.00307	0.00687
48	0.00923	0.00616	0.00701	0.00659	0.00862	0.00529	0.00501	0.01098	0.01378	0.11020	0.19428	0.07498	0.50144	0.01292	0.00655	0.00187	0.00307	0.01092	0.00564	0.00545
49	0.00686	0.00490	0.00653	0.00784	0.00816	0.00457	0.00522	0.00784	0.01077	0.01437	0.03102	0.79855	0.03722	0.01763	0.00718	0.00229	0.00326	0.01600	0.00522	0.00457
50	0.00782	0.00575	0.00732	0.00692	0.00832	0.00525	0.00519	0.01033	0.01558	0.02173	0.68381	0.04341	0.13396	0.01182	0.00664	0.00178	0.00268	0.01037	0.00608	0.00525
51	0.01236	0.09230	0.57775	0.01574	0.02277	0.06024	0.05730	0.01776	0.01196	0.01693	0.00972	0.01174	0.00724	0.00558	0.00609	0.00176	0.05818	0.00421	0.00244	0.00794
52	0.02907	0.01062	0.01242	0.01104	0.01273	0.07621	0.00875	0.06313	0.05125	0.10915	0.01409	0.01867	0.01215	0.07186	0.29741	0.00483	0.18095	0.00558	0.00372	0.00638
53	0.57817	0.05896	0.01189	0.04685	0.06673	0.01317	0.00800	0.06034	0.01153	0.08625	0.00966	0.01084	0.00729	0.00544	0.00405	0.00171	0.00491	0.00361	0.00374	0.00686
54	0.00843	0.00645	0.00938	0.00919	0.01006	0.00766	0.00711	0.01026	0.00902	0.01315	0.01475	0.02233	0.01400	0.09019	0.65250	0.00811	0.07307	0.00607	0.02325	0.00501
55	0.00968	0.00739	0.00922	0.00858	0.00908	0.00852	0.00605	0.04930	0.02909	0.01337	0.01548	0.02848	0.01650	0.47025	0.16402	0.00534	0.13460	0.00704	0.00336	0.00463
56	0.01667	0.43141	0.02352	0.01373	0.09616	0.22303	0.01069	0.06534	0.01393	0.01572	0.03676	0.01137	0.00926	0.00547	0.00446	0.00137	0.00708	0.00379	0.00293	0.00730
57	0.01322	0.01558	0.05465	0.02350	0.02927	0.01420	0.72564	0.01802	0.01324	0.01802	0.01135	0.01508	0.00850	0.00476	0.00660	0.00189	0.00945	0.00657	0.00283	0.00761
58	0.02378	0.00956	0.01285	0.01007	0.01419	0.00846	0.00833	0.05483	0.01635	0.68179	0.04196	0.02189	0.01578	0.00753	0.00580	0.00179	0.00481	0.04421	0.00680	0.00923
59	0.01231	0.01231	0.01724	0.01477	0.01477	0.01724	0.01231	0.01354	0.00862	0.01354	0.00739	0.01231	0.00739	0.00985	0.01847	0.00246	0.79192	0.00492	0.00246	0.00616
60	0.01393	0.01335	0.02266	0.03411	0.75318	0.01338	0.01712	0.01751	0.02660	0.01848	0.01081	0.01406	0.00907	0.00506	0.00557	0.00168	0.00664	0.00504	0.00284	0.00891
61	0.00791	0.00571	0.00748	0.00711	0.00840	0.00528	0.00531	0.01049	0.01570	0.02220	0.73108	0.07616	0.05238	0.01178	0.00666	0.00179	0.00268	0.01044	0.00615	0.00528
62	0.00804	0.00603	0.00904	0.00904	0.01005	0.00703	0.00703	0.01005	0.00904	0.01306	0.01507	0.02211	0.01407	0.04221	0.77992	0.00904	0.01507	0.00603	0.00301	0.00502
63	0.00831	0.00594	0.00816	0.00924	0.01027	0.00579	0.00752	0.01045	0.01271	0.01685	0.12103	0.26849	0.03632	0.01563	0.00747	0.00240	0.00433	0.43874	0.00532	0.00503
64	0.02785	0.01054	0.01691	0.72622	0.06532	0.03040	0.01539	0.01472	0.01139	0.01474	0.00995	0.01473	0.00752	0.00560	0.00557	0.00186	0.00747	0.00493	0.00254	0.00636
65	0.00911	0.00656	0.00906	0.01028	0.01158	0.00660	0.00889	0.01200	0.03413	0.01692	0.02966	0.09631	0.03218	0.01542	0.00769	0.00256	0.00507	0.67554	0.00520	0.00526
66	0.00936	0.00815	0.01266	0.19816	0.19081	0.00850	0.01036	0.01159	0.01158	0.01539	0.02415	0.35134	0.10261	0.01151	0.00639	0.00200	0.00501	0.01041	0.00402	0.00599
67	0.03525	0.44451	0.15499	0.01135	0.01634	0.03827	0.01157	0.05715	0.01280	0.10932	0.01030	0.01124	0.00814	0.00560	0.00517	0.00149	0.05182	0.00378	0.00318	0.00772
68	0.01531	0.01374	0.03210	0.14732	0.41337	0.08884	0.01458	0.01906	0.05282	0.11063	0.01343	0.01561	0.02650	0.00578	0.00557	0.00171	0.00675	0.00516	0.00347	0.00823
69	0.65437	0.01092	0.01081	0.14181	0.03838	0.01267	0.02727	0.01623	0.01005	0.02301	0.00838	0.01044	0.00648	0.00527	0.00399	0.00177	0.00509	0.00353	0.00328	0.00624
70	0.00712	0.00570	0.00636	0.00623	0.00790	0.00494	0.00466	0.00897	0.01388	0.01779	0.30618	0.06453	0.49920	0.01335	0.00666	0.00186	0.00279	0.01136	0.00557	0.00494
71	0.01302	0.01069	0.07357	0.03844	0.01370	0.00946	0.00846	0.14683	0.07819	0.09286	0.18530	0.08138	0.09725	0.00989	0.02324	0.00190	0.00472	0.00766	0.04652	0.05691
72	0.01268	0.01064	0.01232	0.00894	0.01379	0.00872	0.00719	0.08965	0.01313	0.02000	0.01031	0.01187	0.00844	0.00455	0.00460	0.00095	0.01989	0.00354	0.00355	0.73523
73	0.01505	0.80561	0.02949	0.00963	0.01444	0.02227	0.00963	0.01685	0.01143	0.01324	0.00782	0.00903	0.00722	0.00481	0.00361	0.00120	0.00602	0.00301	0.00241	0.00722
74	0.00787	0.00570	0.00742	0.00710	0.00838	0.00525	0.00528	0.01039	0.01554	0.02189	0.70276	0.09045	0.06690	0.01195	0.00667	0.00181	0.00270	0.01058	0.00611	0.00525
75	0.00900	0.00714	0.01045	0.05648	0.01223	0.00874	0.00811	0.01104	0.00931	0.01377	0.01387	0.02016	0.01271	0.03273	0.56645	0.00710	0.12823	0.00575	0.06146	0.00528
76	0.01507	0.01262	0.01333	0.01167	0.01504	0.01450	0.00917	0.13433	0.65078	0.02527	0.02154	0.01991	0.01607	0.00751	0.00571	0.00188	0.00471	0.00617	0.00571	0.00900
77	0.00865	0.00646	0.00832	0.00801	0.00829	0.00735	0.00551	0.00936	0.00848	0.01183	0.01572	0.02972	0.01707	0.49400	0.23512	0.00608	0.10546	0.00718	0.00318	0.00420
78	0.01384	0.01192	0.01259	0.01134	0.01447	0.01377	0.00881	0.02939	0.73728	0.02352	0.04259	0.02156	0.01813	0.00774	0.00575	0.00191	0.00441	0.00646	0.00574	0.00881
79	0.00682	0.00571	0.00593	0.00588	0.00770	0.00482	0.00441	0.00840	0.01322	0.01614	0.14732	0.05261	0.67393	0.01390	0.00665	0.00188	0.00283	0.01166	0.00535	0.00482
80	0.01063	0.01000	0.01688	0.78870	0.03876	0.01250	0.01563	0.01438	0.01125	0.01438	0.01000	0.01500	0.00750	0.00563	0.00563	0.00188	0.00750	0.00500	0.00250	0.00625
81	0.00708	0.00573	0.00637	0.00675	0.00835	0.00502	0.00520	0.00865	0.01259	0.01537	0.04923	0.14786	0.55185	0.01489	0.00691	0.00206	0.00329	0.13278	0.00522	0.00480
82	0.01372	0.01316	0.02246	0.08256	0.72075	0.01332	0.01717	0.01709	0.01271	0.01813	0.01055	0.01400	0.00882	0.00505	0.00557	0.00168	0.00674	0.00501	0.00277	0.00874
83	0.02095	0.01500	0.01619	0.01248	0.01678	0.01649	0.01025	0.68328	0.02523	0.06382	0.01408	0.01452	0.01014	0.02740	0.00619	0.00178	0.00603	0.00518	0.02490	0.00931
84	0.00818	0.00546	0.00614	0.00614	0.00614	0.00546	0.00341	0.00818	0.00818	0.01091	0.01773	0.03683	0.02046	0.80222	0.02864	0.00546	0.00546	0.00818	0.00341	0.00341
85	0.01049	0.00525	0.00525	0.00525	0.00656	0.00525	0.00393	0.01311	0.01180	0.02098	0.01836	0.02098	0.01442	0.00656	0.00393	0.00131	0.00262	0.00525	0.83346	0.00525
86	0.01088	0.01011	0.01690	0.52757	0.19382	0.01171	0.01470	0.01420	0.01153	0.01525	0.01273	0.11175	0.01149	0.00698	0.00581	0.00188	0.00680	0.00637	0.00290	0.00662
87	0.01439	0.01228	0.01295	0.01153	0.01478	0.01418	0.00900	0.06808	0.71813	0.02418	0.02241	0.02060	0.01677	0.00759	0.00572	0.00190	0.00455	0.00629	0.00572	0.00894
88	0.15758	0.01472	0.01603	0.18098	0.14767	0.13950	0.01195	0.17855	0.01565	0.06961	0.01107	0.01296	0.00832	0.00582	0.00516	0.00170	0.00680	0.00450	0.00375	0.00766
89	0.01063	0.01000	0.01688	0.78870	0.03876	0.01250	0.01563	0.01438	0.01125	0.01438	0.01000	0.01500	0.00750	0.00563	0.00563	0.00188	0.00750	0.00500	0.00250	0.00625
90	0.01217	0.01017	0.01177	0.00861	0.01331	0.00811	0.00684	0.06874	0.01266	0.01931	0.01107	0.03496	0.00957	0.02546	0.00500	0.00106	0.00433	0.00395	0.00356	0.72936
91	0.01230	0.01223	0.01737	0.06195	0.01679	0.03561	0.05689	0.03020	0.00976	0.01438	0.00923	0.04373	0.00897	0.01084	0.04962	0.00263	0.59309	0.00548	0.00270	0.00622
92	0.01825	0.00832	0.01087	0.00890	0.01214	0.00745	0.00714	0.02122	0.05513	0.45869	0.22819	0.02866	0.09238	0.00890	0.00602	0.00177	0.00401	0.00749	0.00653	0.00794
93	0.05553	0.00963	0.01288	0.00992	0.01424	0.00843	0.00819	0.02702	0.01587	0.74336	0.02167	0.01878	0.01364	0.00690	0.00558	0.00174	0.00477	0.00556	0.00684	0.00945
94	0.00692	0.00499	0.00671	0.02167	0.00870	0.00471	0.00541	0.00795	0.01078	0.01437	0.03065	0.78467	0.03669	0.01742	0.00716	0.00228	0.00334	0.01580	0.00518	0.00460
95	0.01071	0.01009	0.01703	0.77003	0.05679	0.01252	0.01567	0.01445	0.01129	0.01448	0.01002	0.01498	0.00754	0.00561	0.00563	0.00187	0.00748	0.00500	0.00251	0.00632
96	0.00686	0.00490	0.00653	0.00784	0.00816	0.00457	0.00522	0.00784	0.01077	0.01437	0.03102	0.79855	0.03722	0.01763	0.00718	0.00229	0.00326	0.01600	0.00522	0.00457
97	0.00686	0.00490	0.00653	0.00784	0.00816	0.00457	0.00522	0.00784	0.01077	0.01437	0.03102	0.79855	0.03722	0.01763	0.00718	0.00229	0.00326	0.01600	0.00522	0.00457
98	0.02956	0.02747	0.01647	0.38639	0.09525	0.24557	0.01327	0.01673	0.01268	0.01470	0.01076	0.05496	0.00923	0.00706	0.02146	0.00189	0.02213	0.00512	0.00282	0.00647
99	0.02040	0.02347	0.01545	0.01380	0.01690	0.60155	0.01048	0.06397	0.10825	0.05643	0.01144	0.01216	0.00896	0.00614	0.00522	0.00154	0.00894	0.00415	0.00362	0.00715
100	0.00856	0.00617	0.00845	0.00968	0.01084	0.00606	0.00815	0.01081	0.01258	0.01633	0.03147	0.18860	0.07264	0.01583	0.00761	0.00250	0.00473	0.56873	0.00519	0.00505
101	0.01268	0.01021	0.01230	0.00916	0.01370	0.00842	0.02873	0.07616	0.02738	0.05090	0.03166	0.04456	0.03906	0.00564	0.00472	0.00111	0.00441	0.00469	0.00392	0.61058
102	0.05628	0.21166	0.14929	0.01159	0.01622	0.01494	0.02627	0.20112	0.03375	0.09741	0.01407	0.07214	0.01191	0.03736	0.00604	0.00181	0.00605	0.02011	0.00412	0.00785
103	0.01191	0.01242	0.02480	0.23371	0.02890	0.01258	0.43028	0.03149	0.01260	0.01681	0.01325	0.09630	0.01156	0.02916	0.00702	0.00203	0.00811	0.00716	0.00307	0.00683
104	0.82192	0.01086	0.00848	0.02625	0.01156	0.01262	0.00632	0.01649	0.00962	0.02499	0.00789	0.00928	0.00613	0.00523	0.00353	0.00174	0.00443	0.00309	0.00346	0.00610
105	0.00997	0.00535	0.00597	0.00597	0.00709	0.00549	0.00441	0.01204	0.01093	0.01860	0.01731	0.02173	0.01440	0.05458	0.11797	0.05580	0.00471	0.00549	0.61726	0.00494
106	0.01235	0.24934	0.40685	0.05565	0.05717	0.01508	0.01560	0.01671	0.01159	0.01606	0.00979	0.01242	0.00792	0.04044	0.00584	0.00173	0.00718	0.00405	0.00251	0.05172
107	0.01198	0.00713	0.00882	0.00820	0.00982	0.00693	0.00605	0.07302	0.01344	0.14859	0.13667	0.20369	0.07734	0.18051	0.01141	0.00271	0.01914	0.04367	0.02507	0.00580
108	0.01952	0.02392	0.01615	0.06468	0.06353	0.63410	0.01136	0.04772	0.01575	0.01492	0.01049	0.01210	0.02976	0.00602	0.00521	0.00151	0.00941	0.00409	0.00304	0.00671
109	0.02174	0.01007	0.01292	0.00990	0.01417	0.00898	0.00812	0.10415	0.01660	0.53263	0.06778	0.01894	0.01519	0.00683	0.00551	0.00161	0.00472	0.00555	0.00624	0.12833
110	0.00813	0.00577	0.00740	0.00705	0.00844	0.00527	0.00527	0.01055	0.01533	0.03664	0.63780	0.08819	0.11894	0.01204	0.00665	0.00181	0.00275	0.01060	0.00606	0.00530
111	0.02248	0.00987	0.01278	0.01010	0.01410	0.00914	0.00824	0.05766	0.10495	0.59540	0.07605	0.02080	0.01699	0.00737	0.00574	0.00176	0.00465	0.00605	0.00670	0.00919
112	0.00814	0.00597	0.00875	0.00875	0.00971	0.00688	0.00672	0.01007	0.00910	0.01325	0.01534	0.02285	0.01442	0.08124	0.71056	0.00856	0.01409	0.00611	0.03453	0.00495
113	0.01107	0.00580	0.00586	0.00565	0.00714	0.00589	0.00429	0.05219	0.01258	0.02175	0.01810	0.02058	0.01417	0.00657	0.00402	0.00133	0.00281	0.00524	0.78947	0.00548
114	0.01407	0.01182	0.01260	0.01138	0.01452	0.01359	0.00890	0.02917	0.71275	0.04005	0.02314	0.02253	0.01767	0.00791	0.00580	0.00193	0.00449	0.03315	0.00573	0.00878
115	0.00853	0.00586	0.00762	0.00724	0.00865	0.00537	0.00544	0.01100	0.01540	0.05098	0.63911	0.08985	0.08559	0.01193	0.00666	0.00182	0.00284	0.02461	0.00610	0.00540
116	0.00729	0.00573	0.00659	0.00637	0.00799	0.00502	0.00478	0.00931	0.01434	0.01879	0.40115	0.04826	0.41846	0.01292	0.00664	0.00184	0.00276	0.01105	0.00570	0.00502
117	0.45349	0.01031	0.01003	0.05505	0.01319	0.01134	0.00719	0.09359	0.01282	0.14746	0.01242	0.01329	0.00902	0.00588	0.00426	0.00168	0.00456	0.00412	0.12336	0.00691
118	0.84197	0.01088	0.00827	0.00740	0.01088	0.01262	0.00609	0.01654	0.00958	0.02525	0.00784	0.00914	0.00609	0.00522	0.00348	0.00174	0.00435	0.00305	0.00348	0.00609
119	0.00773	0.00527	0.00627	0.00672	0.00683	0.00515	0.00403	0.00807	0.00907	0.01209	0.02227	0.29700	0.02618	0.53424	0.02131	0.00437	0.00471	0.01085	0.00403	0.00381
120	0.00805	0.00599	0.00883	0.00883	0.00976	0.00692	0.00677	0.00991	0.00898	0.01291	0.01527	0.02319	0.01454	0.09827	0.72450	0.00878	0.01436	0.00619	0.00304	0.00491
121	0.01400	0.07557	0.53120	0.01502	0.03457	0.02700	0.03515	0.05771	0.01335	0.11171	0.02593	0.01334	0.00904	0.00569	0.00534	0.00173	0.00754	0.00450	0.00322	0.00837
122	0.06342	0.05772	0.38811	0.01288	0.01801	0.05807	0.02546	0.02899	0.01251	0.01826	0.14176	0.01845	0.01604	0.05809	0.00772	0.00201	0.05677	0.00542	0.00328	0.00705
123	0.15199	0.18169	0.04604	0.01262	0.01625	0.41277	0.02934	0.04062	0.01390	0.01640	0.00861	0.01010	0.00716	0.00559	0.00491	0.00150	0.02724	0.00358	0.00294	0.00677
124	0.01028	0.07406	0.03936	0.05580	0.01214	0.02605	0.00773	0.03290	0.01060	0.01519	0.01556	0.09549	0.01517	0.13253	0.21527	0.00422	0.08136	0.00661	0.14426	0.00543

[dist]
# distance from previous block
# <min> <max>
0	1

[block]
# block no. 2 follows, 42 sequences, length 27
# corresponding to MSA columns:
# 327-353
name=unknown_C
#
# <colnr> <probs for GDERKNQSTAVLIFYWHMCP>
#	G	D	E	R	K	N	Q	S	T	A	V	L	I	F	Y	W	H	M	C	P
0	0.03983	0.01383	0.06412	0.19182	0.21460	0.02668	0.20191	0.05737	0.01293	0.01828	0.01081	0.01434	0.00847	0.00560	0.00654	0.00182	0.05856	0.00530	0.03968	0.00752
1	0.01124	0.06632	0.02852	0.00855	0.01066	0.00861	0.00698	0.02989	0.04341	0.10022	0.26705	0.07616	0.15137	0.02899	0.00769	0.00192	0.07314	0.02492	0.04823	0.00611
2	0.01189	0.16544	0.57236	0.01488	0.02210	0.01443	0.04711	0.01730	0.01181	0.01686	0.01035	0.01301	0.00799	0.00647	0.02620	0.00190	0.00806	0.02140	0.00248	0.00793
3	0.07626	0.00966	0.01276	0.00985	0.01415	0.00854	0.00814	0.02675	0.01570	0.72444	0.02130	0.01853	0.01344	0.00686	0.00552	0.00174	0.00476	0.00550	0.00675	0.00936
4	0.00965	0.00720	0.01025	0.16470	0.01535	0.00835	0.00824	0.04386	0.01073	0.01562	0.01506	0.04646	0.01359	0.06971	0.36796	0.00535	0.02889	0.00607	0.14754	0.00543
5	0.02776	0.05727	0.46552	0.01716	0.09745	0.03168	0.04935	0.03361	0.01223	0.01789	0.04444	0.01349	0.00955	0.00607	0.00680	0.00181	0.09266	0.00465	0.00273	0.00787
6	0.00685	0.00493	0.00650	0.00776	0.00814	0.00458	0.00519	0.00784	0.01085	0.01440	0.03195	0.77182	0.06335	0.01751	0.00716	0.00227	0.00325	0.01585	0.00522	0.00458
7	0.00818	0.00546	0.00614	0.00614	0.00614	0.00546	0.00341	0.00818	0.00818	0.01091	0.01773	0.03683	0.02046	0.80222	0.02864	0.00546	0.00546	0.00818	0.00341	0.00341
8	0.14874	0.44537	0.07587	0.01019	0.01437	0.10769	0.00966	0.01689	0.01161	0.01590	0.00957	0.04864	0.00875	0.00584	0.00441	0.00145	0.02399	0.00393	0.03032	0.00682
9	0.02996	0.07219	0.49850	0.03469	0.16034	0.01340	0.04248	0.01727	0.01213	0.01784	0.02885	0.01392	0.00910	0.00558	0.00537	0.00175	0.00761	0.01827	0.00264	0.00811
10	0.00907	0.00648	0.00907	0.01036	0.01166	0.00648	0.00907	0.01166	0.01296	0.01684	0.02980	0.06348	0.03239	0.01555	0.00777	0.00259	0.00518	0.72924	0.00518	0.00518
11	0.00689	0.00493	0.00656	0.00781	0.00817	0.00460	0.00523	0.00793	0.01095	0.01464	0.05550	0.77329	0.03775	0.01743	0.00716	0.00227	0.00324	0.01580	0.00526	0.00460
12	0.17948	0.03506	0.09473	0.19585	0.06739	0.01338	0.04151	0.12535	0.01383	0.10238	0.01175	0.01444	0.00885	0.00619	0.00592	0.00182	0.05027	0.02059	0.00371	0.00750
13	0.01169	0.00952	0.01323	0.21396	0.03782	0.03718	0.05679	0.10615	0.01366	0.04452	0.02036	0.28569	0.03711	0.01046	0.00622	0.00197	0.00555	0.03529	0.04659	0.00625
14	0.44987	0.07907	0.06212	0.05571	0.03217	0.04073	0.00899	0.07675	0.01171	0.02227	0.00930	0.01119	0.00737	0.00654	0.02293	0.00188	0.04955	0.00374	0.04145	0.00665
15	0.00719	0.00565	0.00648	0.00656	0.00805	0.00498	0.00488	0.00893	0.01338	0.01720	0.25481	0.14032	0.42623	0.03002	0.00721	0.00201	0.00300	0.04277	0.00546	0.00488
16	0.01219	0.00812	0.00895	0.00803	0.00986	0.00870	0.00606	0.13918	0.08930	0.03550	0.05330	0.04214	0.04690	0.14616	0.04214	0.00258	0.02703	0.00660	0.30115	0.00611
17	0.01100	0.00929	0.01095	0.00827	0.01261	0.00709	0.00647	0.01329	0.01154	0.01778	0.01294	0.12157	0.01237	0.00605	0.00459	0.00104	0.00404	0.00510	0.00360	0.72042
18	0.01542	0.53803	0.02345	0.00996	0.01387	0.13701	0.00911	0.03339	0.01246	0.01490	0.00955	0.01104	0.00829	0.00537	0.00426	0.00130	0.02361	0.00350	0.11862	0.00687
19	0.00727	0.00558	0.00666	0.00670	0.00806	0.00497	0.00491	0.00916	0.01384	0.01832	0.36634	0.18270	0.31787	0.01364	0.00674	0.00191	0.00284	0.01186	0.00566	0.00497
20	0.01551	0.01019	0.01176	0.01011	0.01306	0.01075	0.00794	0.12382	0.28373	0.17461	0.16835	0.04139	0.02354	0.05303	0.00724	0.00204	0.00446	0.02463	0.00590	0.00794
21	0.01562	0.01180	0.01280	0.01119	0.01456	0.01321	0.00880	0.06914	0.60159	0.11808	0.02327	0.02129	0.03769	0.00769	0.00574	0.00188	0.00455	0.00636	0.00586	0.00891
22	0.00818	0.00546	0.00614	0.00614	0.00614	0.00546	0.00341	0.00818	0.00818	0.01091	0.01773	0.03683	0.02046	0.80222	0.02864	0.00546	0.00546	0.00818	0.00341	0.00341
23	0.02102	0.02682	0.01595	0.01450	0.01740	0.77963	0.01087	0.02247	0.01595	0.01377	0.00870	0.01015	0.00725	0.00580	0.00507	0.00145	0.01015	0.00362	0.00290	0.00652
24	0.01417	0.01396	0.02158	0.03175	0.67083	0.06823	0.01635	0.01733	0.01305	0.01797	0.01152	0.01643	0.01011	0.00566	0.00566	0.00171	0.00685	0.04540	0.00293	0.00853
25	0.00702	0.00502	0.00667	0.00773	0.00820	0.00468	0.00524	0.00824	0.01152	0.01555	0.13681	0.68938	0.03951	0.01675	0.00710	0.00221	0.00318	0.01516	0.00536	0.00468
26	0.00717	0.00559	0.00657	0.00699	0.00832	0.00498	0.00521	0.00880	0.01278	0.01629	0.15522	0.24640	0.38577	0.01485	0.00691	0.00206	0.00319	0.09268	0.00537	0.00484

[dist]
# distance from previous block
# <min> <max>
0	1

[block]
# block no. 3 follows, 42 sequences, length 47
# corresponding to MSA columns:
# 355-401
name=unknown_D
#
# <colnr> <probs for GDERKNQSTAVLIFYWHMCP>
#	G	D	E	R	K	N	Q	S	T	A	V	L	I	F	Y	W	H	M	C	P
0	0.01219	0.03790	0.01592	0.04809	0.01472	0.03284	0.01113	0.01366	0.00933	0.01429	0.00909	0.01406	0.00860	0.03650	0.01588	0.00235	0.60036	0.00498	0.09212	0.00601
1	0.01033	0.00774	0.00896	0.00826	0.01043	0.00765	0.00635	0.04046	0.17089	0.05546	0.28689	0.09049	0.19258	0.01118	0.00634	0.00185	0.00349	0.03458	0.00568	0.04037
2	0.00686	0.00490	0.00653	0.00784	0.00816	0.00457	0.00522	0.00784	0.01077	0.01437	0.03102	0.79855	0.03722	0.01763	0.00718	0.00229	0.00326	0.01600	0.00522	0.00457
3	0.01091	0.00565	0.00570	0.00554	0.00698	0.00572	0.00420	0.04160	0.01237	0.02154	0.01817	0.02069	0.01424	0.00656	0.00400	0.00133	0.00276	0.00524	0.80139	0.00541
4	0.01416	0.01322	0.02174	0.12696	0.54572	0.01383	0.04620	0.08872	0.01384	0.01938	0.01073	0.01402	0.00873	0.00541	0.00606	0.00173	0.03295	0.00508	0.00302	0.00850
5	0.01417	0.01403	0.02197	0.08543	0.66674	0.06435	0.01673	0.01742	0.01291	0.01780	0.01042	0.01375	0.00871	0.00511	0.00554	0.00167	0.00697	0.00492	0.00277	0.00857
6	0.78406	0.01098	0.00890	0.00792	0.01115	0.01295	0.00653	0.01633	0.00951	0.02443	0.00780	0.00936	0.00618	0.00555	0.00453	0.00179	0.05933	0.00318	0.00341	0.00610
7	0.01479	0.46489	0.10021	0.01130	0.01539	0.12213	0.01083	0.01691	0.01182	0.02697	0.01027	0.03964	0.02219	0.02059	0.00624	0.00157	0.09040	0.00418	0.00273	0.00696
8	0.00765	0.00568	0.00712	0.00688	0.00824	0.00516	0.00511	0.00996	0.01500	0.02064	0.58261	0.09718	0.18310	0.01244	0.00668	0.00183	0.00273	0.01090	0.00595	0.00516
9	0.01138	0.01201	0.06017	0.11212	0.06920	0.01102	0.30206	0.04264	0.01275	0.01740	0.01678	0.20586	0.01641	0.00855	0.00640	0.00195	0.00693	0.03797	0.02040	0.02799
10	0.03848	0.02851	0.74803	0.01576	0.02392	0.01305	0.02031	0.01778	0.01181	0.01807	0.01003	0.01179	0.00709	0.00534	0.00529	0.00178	0.00819	0.00412	0.00241	0.00824
11	0.04424	0.01350	0.01464	0.01147	0.01549	0.01465	0.00940	0.52686	0.05227	0.11850	0.01531	0.01523	0.01086	0.00675	0.00537	0.00166	0.00548	0.00515	0.10423	0.00893
12	0.13106	0.02324	0.47903	0.01417	0.02056	0.05777	0.03732	0.08708	0.01300	0.01995	0.01021	0.01213	0.00757	0.00710	0.03134	0.02582	0.00782	0.00421	0.00291	0.00772
13	0.01273	0.01143	0.01910	0.27534	0.43372	0.01214	0.01535	0.01599	0.01235	0.04770	0.01330	0.05278	0.02921	0.00628	0.00573	0.00179	0.00659	0.01768	0.00308	0.00771
14	0.00686	0.00490	0.00653	0.00784	0.00816	0.00457	0.00522	0.00784	0.01077	0.01437	0.03102	0.79855	0.03722	0.01763	0.00718	0.00229	0.00326	0.01600	0.00522	0.00457
15	0.00705	0.00499	0.00652	0.00761	0.00793	0.00470	0.00501	0.00797	0.01064	0.01423	0.05381	0.68383	0.03578	0.10971	0.00969	0.00264	0.00350	0.01489	0.00504	0.00446
16	0.08940	0.14335	0.03719	0.01168	0.01537	0.31525	0.00965	0.07573	0.01540	0.16108	0.06419	0.01413	0.01179	0.00627	0.00498	0.00154	0.00711	0.00445	0.00407	0.00737
17	0.01417	0.01345	0.02265	0.03385	0.74316	0.01350	0.01706	0.04063	0.01325	0.01893	0.01068	0.01392	0.00894	0.00507	0.00557	0.00167	0.00667	0.00502	0.00288	0.00894
18	0.00831	0.00595	0.00757	0.00722	0.00867	0.00551	0.00546	0.01104	0.03037	0.03673	0.61126	0.06479	0.12715	0.01194	0.00666	0.00183	0.00286	0.03527	0.00603	0.00538
19	0.00731	0.00536	0.00684	0.00779	0.00856	0.00500	0.00562	0.00866	0.01158	0.01513	0.06936	0.48132	0.15426	0.05629	0.00826	0.00241	0.00360	0.13281	0.00517	0.00468
20	0.01390	0.01346	0.02332	0.03404	0.73283	0.01341	0.05117	0.01731	0.01284	0.01837	0.01062	0.01399	0.00890	0.00500	0.00562	0.00168	0.00682	0.00509	0.00279	0.00885
21	0.01109	0.01066	0.01714	0.72957	0.07337	0.03498	0.01557	0.01476	0.01147	0.01455	0.00999	0.01481	0.00756	0.00560	0.00561	0.00185	0.00754	0.00496	0.00253	0.00639
22	0.84197	0.01088	0.00827	0.00740	0.01088	0.01262	0.00609	0.01654	0.00958	0.02525	0.00784	0.00914	0.00609	0.00522	0.00348	0.00174	0.00435	0.00305	0.00348	0.00609
23	0.00866	0.00617	0.00768	0.00742	0.00888	0.00578	0.00564	0.03400	0.01471	0.03708	0.45103	0.07523	0.15949	0.06756	0.00826	0.00215	0.00333	0.08593	0.00570	0.00528
24	0.01424	0.01024	0.01163	0.06382	0.01387	0.01095	0.00782	0.32048	0.01734	0.02409	0.04749	0.10339	0.01670	0.14660	0.00954	0.00233	0.00510	0.00693	0.12204	0.04538
25	0.01194	0.00920	0.01096	0.00827	0.01249	0.00715	0.00647	0.01421	0.01197	0.07069	0.04783	0.07484	0.01351	0.03822	0.00561	0.00124	0.00412	0.00498	0.00387	0.64243
26	0.02102	0.02682	0.01595	0.01450	0.01740	0.77963	0.01087	0.02247	0.01595	0.01377	0.00870	0.01015	0.00725	0.00580	0.00507	0.00145	0.01015	0.00362	0.00290	0.00652
27	0.00718	0.00534	0.00718	0.00875	0.03930	0.00498	0.00566	0.00836	0.01122	0.01494	0.06327	0.68209	0.08753	0.01662	0.00706	0.00221	0.00335	0.01501	0.00517	0.00479
28	0.00817	0.00550	0.00636	0.00636	0.00643	0.00557	0.00368	0.00832	0.00825	0.01107	0.01753	0.03572	0.01998	0.74496	0.08525	0.00573	0.00618	0.00802	0.00338	0.00353
29	0.01385	0.01193	0.01262	0.01142	0.01455	0.01378	0.00891	0.02937	0.73537	0.02335	0.02311	0.02223	0.01762	0.00786	0.00579	0.00193	0.00447	0.02733	0.00571	0.00880
30	0.00831	0.00557	0.00693	0.00701	0.00761	0.00580	0.00477	0.00946	0.00951	0.01369	0.04413	0.08582	0.04130	0.36385	0.24379	0.00549	0.00758	0.00788	0.11716	0.00432
31	0.02102	0.02682	0.01595	0.01450	0.01740	0.77963	0.01087	0.02247	0.01595	0.01377	0.00870	0.01015	0.00725	0.00580	0.00507	0.00145	0.01015	0.00362	0.00290	0.00652
32	0.00702	0.00566	0.00614	0.00627	0.00782	0.00493	0.00463	0.00848	0.01260	0.01557	0.11545	0.11504	0.54626	0.07265	0.00838	0.00222	0.00318	0.04782	0.00518	0.00471
33	0.00798	0.00528	0.00642	0.00675	0.00686	0.00522	0.00410	0.00807	0.00879	0.01175	0.02034	0.22823	0.02361	0.51347	0.04327	0.07748	0.00511	0.00982	0.00378	0.00366
34	0.00683	0.00573	0.00596	0.00597	0.00781	0.00485	0.00453	0.00839	0.01305	0.01579	0.10629	0.05364	0.68690	0.01411	0.00669	0.00192	0.00292	0.03850	0.00529	0.00481
35	0.01234	0.01394	0.04938	0.13715	0.02827	0.01352	0.51593	0.01650	0.01245	0.01692	0.01214	0.06580	0.01013	0.00609	0.00731	0.00196	0.06337	0.00681	0.00291	0.00711
36	0.84197	0.01088	0.00827	0.00740	0.01088	0.01262	0.00609	0.01654	0.00958	0.02525	0.00784	0.00914	0.00609	0.00522	0.00348	0.00174	0.00435	0.00305	0.00348	0.00609
37	0.00700	0.00496	0.00649	0.00765	0.00795	0.00467	0.00503	0.00787	0.01050	0.01400	0.02960	0.71702	0.03543	0.10161	0.00948	0.00262	0.00350	0.01516	0.00503	0.00445
38	0.01202	0.00672	0.00688	0.00633	0.00809	0.00696	0.00488	0.11647	0.01386	0.02302	0.01768	0.01993	0.01374	0.00658	0.00417	0.00136	0.00312	0.00522	0.71709	0.00585
39	0.01256	0.01669	0.18227	0.24492	0.19571	0.06637	0.13442	0.01677	0.01258	0.01689	0.03999	0.01485	0.00969	0.00553	0.00572	0.00178	0.00781	0.00520	0.00277	0.00749
40	0.04808	0.05895	0.15406	0.15976	0.21817	0.09338	0.06592	0.03465	0.01312	0.05260	0.04127	0.01437	0.00998	0.00564	0.00542	0.00171	0.00729	0.00488	0.00308	0.00768
41	0.64530	0.01165	0.01006	0.00952	0.05120	0.03241	0.00722	0.08979	0.01182	0.04061	0.00929	0.01054	0.00712	0.00547	0.00391	0.00171	0.00475	0.00351	0.03750	0.00664
42	0.01503	0.01286	0.08590	0.13070	0.18858	0.01158	0.09207	0.08071	0.02466	0.15800	0.03718	0.04518	0.01355	0.02677	0.00649	0.00193	0.00648	0.05031	0.00411	0.00790
43	0.00798	0.00586	0.00727	0.00783	0.00877	0.00558	0.00550	0.05989	0.01274	0.01692	0.12029	0.55924	0.12958	0.01571	0.00694	0.00213	0.00334	0.01402	0.00537	0.00503
44	0.05004	0.21849	0.04065	0.01254	0.04577	0.15673	0.01028	0.13967	0.04532	0.02908	0.03552	0.04112	0.01135	0.00685	0.00613	0.00161	0.07610	0.02323	0.00363	0.04589
45	0.12739	0.02381	0.54470	0.05638	0.02263	0.01307	0.03451	0.03775	0.01202	0.04333	0.01023	0.01204	0.00733	0.00553	0.00548	0.00180	0.02711	0.00420	0.00279	0.00790
46	0.02498	0.01001	0.01333	0.01022	0.01458	0.00891	0.00844	0.07775	0.01683	0.71967	0.02160	0.01876	0.01363	0.00695	0.00566	0.00174	0.00489	0.00562	0.00687	0.00958

[dist]
# distance from previous block
# <min> <max>
0	18

[block]
# block no. 4 follows, 42 sequences, length 53
# corresponding to MSA columns:
