[name]
unknown

[dist]
# distance from previous block
# <min> <max>
8	20

[block]
# block no. 0 follows, 46 sequences, length 7
# corresponding to MSA columns:
# 21-27
name=unknown_A
#
# <colnr> <probs for GDERKNQSTAVLIFYWHMCP>
#	G	D	E	R	K	N	Q	S	T	A	V	L	I	F	Y	W	H	M	C	P
0	0.10179	0.08777	0.09770	0.01005	0.01440	0.01112	0.00919	0.13716	0.01519	0.40225	0.04990	0.01557	0.01209	0.00619	0.00494	0.00159	0.00504	0.00479	0.00512	0.00816
1	0.00815	0.00596	0.00728	0.00765	0.00867	0.00581	0.00555	0.08260	0.01222	0.01613	0.08590	0.44139	0.12792	0.07400	0.00806	0.00226	0.00358	0.08720	0.00488	0.00481
2	0.00719	0.00529	0.00673	0.00659	0.00777	0.00483	0.00486	0.00932	0.01394	0.01928	0.58576	0.14676	0.13820	0.01192	0.00631	0.00174	0.00260	0.01051	0.00558	0.00483
3	0.01185	0.00970	0.01119	0.00842	0.01259	0.00815	0.00668	0.12396	0.01294	0.01922	0.01194	0.09463	0.01083	0.00559	0.00441	0.00104	0.00411	0.00461	0.00364	0.63448
4	0.00856	0.00622	0.00779	0.00750	0.00830	0.00657	0.00531	0.06676	0.01107	0.01528	0.17834	0.14762	0.02573	0.29611	0.14664	0.00412	0.04096	0.00849	0.00407	0.00456
5	0.03972	0.01207	0.01320	0.04866	0.01507	0.03647	0.00877	0.40376	0.07100	0.08324	0.10047	0.06555	0.01567	0.00729	0.00534	0.00160	0.00508	0.00587	0.00502	0.05614
6	0.10508	0.01173	0.03290	0.03393	0.01404	0.06808	0.00786	0.11300	0.07103	0.09702	0.01254	0.05105	0.01010	0.00565	0.00455	0.00131	0.00484	0.00442	0.00395	0.34695

[dist]
# distance from previous block
# <min> <max>
2	10

[block]
# block no. 1 follows, 46 sequences, length 7
# corresponding to MSA columns:
# 38-44
name=unknown_B
#
# <colnr> <probs for GDERKNQSTAVLIFYWHMCP>
#	G	D	E	R	K	N	Q	S	T	A	V	L	I	F	Y	W	H	M	C	P
0	0.01277	0.01002	0.03043	0.00924	0.01331	0.00845	0.04548	0.09022	0.05084	0.09598	0.05802	0.04442	0.04111	0.00589	0.00473	0.00122	0.00434	0.00496	0.02231	0.44627
1	0.01129	0.00840	0.02598	0.02563	0.01154	0.00797	0.00706	0.06537	0.02921	0.10175	0.31806	0.06543	0.04974	0.00867	0.00670	0.00159	0.08226	0.00713	0.00479	0.16143
2	0.00839	0.00689	0.00763	0.00728	0.00882	0.03823	0.00545	0.01206	0.10849	0.01914	0.46439	0.10056	0.17042	0.01105	0.00611	0.00173	0.00307	0.00959	0.00540	0.00531
3	0.00859	0.00714	0.01044	0.12453	0.01377	0.00872	0.00827	0.01058	0.00914	0.01305	0.01549	0.02055	0.07129	0.02581	0.44709	0.00559	0.14458	0.00574	0.04454	0.00506
4	0.01291	0.01055	0.01239	0.08643	0.01549	0.03633	0.00813	0.05267	0.10312	0.07793	0.01170	0.01294	0.00912	0.00517	0.00533	0.00123	0.05846	0.00399	0.00363	0.47246
5	0.00651	0.00486	0.00606	0.00682	0.00757	0.00441	0.00471	0.00770	0.01110	0.01453	0.11757	0.55122	0.20727	0.01520	0.00658	0.00201	0.00291	0.01354	0.00501	0.00441
6	0.01188	0.01096	0.01566	0.31127	0.02259	0.01390	0.01221	0.09688	0.01110	0.01563	0.00868	0.01261	0.00727	0.00706	0.01050	0.00192	0.35793	0.00456	0.00272	0.06467

[dist]
# distance from previous block
# <min> <max>
7	9

[block]
# block no. 2 follows, 46 sequences, length 19
# corresponding to MSA columns:
# 55-73
name=unknown_C
#
# <colnr> <probs for GDERKNQSTAVLIFYWHMCP>
#	G	D	E	R	K	N	Q	S	T	A	V	L	I	F	Y	W	H	M	C	P
0	0.01062	0.00974	0.01586	0.75150	0.03514	0.01204	0.01439	0.06103	0.01148	0.01476	0.00961	0.01401	0.00717	0.00535	0.00529	0.00175	0.00697	0.00470	0.00254	0.00607
1	0.00682	0.00497	0.00643	0.00693	0.00771	0.00457	0.00487	0.00838	0.01212	0.01650	0.31666	0.45464	0.10159	0.01411	0.00651	0.00193	0.00282	0.01263	0.00526	0.00457
2	0.03145	0.01145	0.01305	0.01067	0.01368	0.01268	0.00861	0.45783	0.01860	0.06598	0.01415	0.05426	0.01170	0.04977	0.17454	0.00327	0.03073	0.00557	0.00460	0.00744
3	0.00740	0.00552	0.00613	0.00589	0.00758	0.00477	0.00441	0.00903	0.01281	0.05009	0.24399	0.04582	0.52440	0.04029	0.00692	0.00186	0.00279	0.01035	0.00516	0.00476
4	0.01990	0.01440	0.01524	0.01178	0.01585	0.03585	0.00969	0.67625	0.02356	0.07272	0.01318	0.01316	0.00932	0.00633	0.00522	0.00157	0.00572	0.00476	0.03674	0.00876
5	0.00906	0.00463	0.00680	0.00680	0.00680	0.00463	0.00448	0.00695	0.00695	0.00927	0.00979	0.01757	0.01000	0.08293	0.02117	0.77795	0.00463	0.00484	0.00237	0.00237
6	0.12089	0.01243	0.01370	0.01068	0.01471	0.01319	0.00880	0.43185	0.04389	0.25425	0.01475	0.01399	0.01004	0.00626	0.00506	0.00161	0.00517	0.00474	0.00542	0.00858
7	0.01146	0.00961	0.01425	0.52004	0.04603	0.01123	0.01213	0.12049	0.01272	0.01735	0.01122	0.03056	0.00874	0.00569	0.00506	0.00163	0.00607	0.00487	0.10384	0.04700
8	0.85155	0.01022	0.00777	0.00695	0.01022	0.01186	0.00573	0.01554	0.00900	0.02372	0.00736	0.00859	0.00573	0.00491	0.00327	0.00164	0.00409	0.00286	0.00327	0.00573
9	0.01960	0.04872	0.01543	0.01338	0.01626	0.71576	0.01017	0.07220	0.01553	0.01433	0.00846	0.00972	0.00696	0.00548	0.00476	0.00137	0.00916	0.00348	0.00289	0.00635
10	0.01438	0.01168	0.01153	0.01007	0.01269	0.08973	0.00780	0.25037	0.20338	0.03646	0.05164	0.14633	0.01735	0.03407	0.00609	0.00179	0.00486	0.00692	0.07577	0.00708
11	0.00650	0.00462	0.00612	0.00729	0.00758	0.00433	0.00483	0.00738	0.01001	0.01335	0.02857	0.77545	0.03425	0.05285	0.00766	0.00228	0.00316	0.01469	0.00483	0.00424
12	0.01069	0.01074	0.01962	0.49369	0.03097	0.01238	0.21082	0.01414	0.01081	0.01433	0.01011	0.03874	0.00816	0.00581	0.00678	0.00183	0.08630	0.00542	0.00251	0.00615
13	0.00731	0.00531	0.00689	0.00669	0.00784	0.00489	0.00494	0.00957	0.01428	0.02002	0.66198	0.13272	0.07453	0.01159	0.00630	0.00173	0.00257	0.01028	0.00568	0.00489
14	0.02016	0.01252	0.01418	0.01111	0.01511	0.01328	0.00910	0.42795	0.13428	0.26079	0.01651	0.01537	0.01131	0.00653	0.00531	0.00163	0.00517	0.00511	0.00568	0.00890
15	0.00839	0.00527	0.00629	0.00620	0.00737	0.00501	0.00453	0.01036	0.01218	0.03934	0.28773	0.11617	0.11177	0.06984	0.04520	0.00219	0.00338	0.00855	0.24544	0.00481
16	0.00698	0.00490	0.00590	0.00647	0.00677	0.00468	0.00407	0.00753	0.00919	0.01211	0.02562	0.39758	0.09138	0.37429	0.01575	0.00345	0.00396	0.01140	0.00414	0.00382
17	0.06361	0.01028	0.01618	0.51978	0.06404	0.01175	0.06339	0.06865	0.01200	0.06506	0.01035	0.01372	0.00765	0.00527	0.00516	0.00168	0.00655	0.00466	0.00295	0.04725
18	0.01409	0.01357	0.04850	0.03052	0.12005	0.06753	0.23476	0.07140	0.03683	0.08100	0.01125	0.01318	0.00858	0.00503	0.00562	0.00149	0.03352	0.00478	0.00333	0.19496

[dist]
# distance from previous block
# <min> <max>
0	19

[block]
# block no. 3 follows, 46 sequences, length 12
# corresponding to MSA columns:
# 93-104
name=unknown_D
#
# <colnr> <probs for GDERKNQSTAVLIFYWHMCP>
#	G	D	E	R	K	N	Q	S	T	A	V	L	I	F	Y	W	H	M	C	P
0	0.10608	0.04099	0.00941	0.00755	0.01004	0.00780	0.00599	0.03921	0.05067	0.19572	0.25386	0.04334	0.07243	0.02570	0.00566	0.00167	0.00356	0.00682	0.09114	0.02234
1	0.61882	0.01193	0.07311	0.00821	0.01189	0.03654	0.00731	0.03294	0.01058	0.10652	0.03417	0.01096	0.00815	0.00534	0.00383	0.00163	0.00460	0.00349	0.00365	0.00632
2	0.78557	0.01013	0.00813	0.00715	0.01048	0.01153	0.00589	0.01635	0.00949	0.08439	0.00844	0.00934	0.00631	0.00504	0.00343	0.00164	0.00412	0.00306	0.00353	0.00599
3	0.01323	0.08022	0.06870	0.14913	0.39064	0.03173	0.09048	0.08141	0.01288	0.01751	0.00989	0.01275	0.00791	0.00494	0.00517	0.00159	0.00675	0.00463	0.00276	0.00768
4	0.00812	0.00557	0.00713	0.00665	0.00808	0.00506	0.00502	0.01047	0.01467	0.05624	0.66873	0.03965	0.12286	0.01087	0.00619	0.00167	0.00261	0.00953	0.00576	0.00512
5	0.00904	0.00569	0.00751	0.00700	0.00845	0.00520	0.00527	0.01133	0.01450	0.09866	0.62597	0.11435	0.04462	0.01095	0.00619	0.00171	0.00276	0.00967	0.00580	0.00533
6	0.01280	0.02490	0.61808	0.01457	0.02149	0.08008	0.03907	0.01805	0.01194	0.09510	0.01057	0.01181	0.00740	0.00520	0.00507	0.00165	0.00766	0.00407	0.00273	0.00777
7	0.00737	0.00532	0.00696	0.00673	0.00787	0.00491	0.00498	0.00969	0.01443	0.02035	0.69589	0.12447	0.04824	0.01144	0.00629	0.00172	0.00256	0.01016	0.00572	0.00491
8	0.01330	0.01330	0.01835	0.21977	0.38655	0.10905	0.03014	0.03573	0.09017	0.01668	0.01086	0.01359	0.00865	0.00523	0.00523	0.00162	0.00671	0.00471	0.00291	0.00746
9	0.00660	0.00476	0.00629	0.00746	0.00791	0.00445	0.00516	0.00767	0.01039	0.01373	0.03026	0.71067	0.07174	0.01624	0.00677	0.00215	0.00320	0.07529	0.00490	0.00435
10	0.43497	0.04953	0.01200	0.06242	0.01427	0.03076	0.00797	0.21908	0.05129	0.05789	0.01024	0.01104	0.00760	0.00550	0.00418	0.00161	0.00497	0.00377	0.00394	0.00695
11	0.35532	0.03899	0.02977	0.00978	0.03695	0.13967	0.00768	0.09934	0.03019	0.04410	0.12940	0.01499	0.01391	0.00619	0.00443	0.00157	0.00512	0.00448	0.02179	0.00635

[dist]
# distance from previous block
# <min> <max>
6	18

[block]
# block no. 4 follows, 46 sequences, length 24
# corresponding to MSA columns:
# 124-147
name=unknown_E
#
# <colnr> <probs for GDERKNQSTAVLIFYWHMCP>
#	G	D	E	R	K	N	Q	S	T	A	V	L	I	F	Y	W	H	M	C	P
0	0.02102	0.00880	0.01170	0.00913	0.01285	0.00780	0.00747	0.06024	0.01551	0.62547	0.12497	0.02055	0.01786	0.00707	0.00541	0.00162	0.00427	0.00583	0.00631	0.02612
1	0.01119	0.02886	0.18478	0.21413	0.06627	0.02619	0.23522	0.01521	0.01122	0.01546	0.01004	0.01353	0.00780	0.00745	0.06216	0.00217	0.03211	0.00492	0.00251	0.04879
2	0.05171	0.00644	0.00959	0.08578	0.09707	0.00674	0.00738	0.00955	0.00864	0.01213	0.01190	0.02148	0.01182	0.04176	0.01507	0.49022	0.00504	0.10107	0.00275	0.00385
3	0.00998	0.00940	0.01586	0.80150	0.03641	0.01175	0.01468	0.01351	0.01057	0.01351	0.00940	0.01409	0.00705	0.00529	0.00529	0.00176	0.00705	0.00470	0.00235	0.00587
4	0.01147	0.00985	0.01644	0.62611	0.14792	0.01158	0.01441	0.01483	0.01113	0.07106	0.01033	0.01423	0.00769	0.00529	0.00528	0.00172	0.00674	0.00475	0.00270	0.00648
5	0.00655	0.00549	0.00596	0.00632	0.02436	0.00471	0.00456	0.00799	0.01205	0.01467	0.08377	0.10596	0.64642	0.01336	0.00630	0.00182	0.00286	0.03739	0.00490	0.00458
6	0.01974	0.01066	0.10368	0.00962	0.01376	0.00788	0.00872	0.02228	0.01449	0.58218	0.09322	0.02087	0.05415	0.00711	0.00542	0.00165	0.00461	0.00584	0.00588	0.00825
7	0.00755	0.00566	0.00850	0.00850	0.00944	0.00661	0.00661	0.00944	0.00850	0.01227	0.01416	0.02077	0.01322	0.03965	0.79326	0.00850	0.01416	0.00566	0.00283	0.00472
8	0.60805	0.08296	0.01094	0.00800	0.01157	0.01297	0.00674	0.11465	0.01168	0.07845	0.00903	0.00979	0.00678	0.00518	0.00369	0.00158	0.00449	0.00328	0.00368	0.00648
9	0.02021	0.01462	0.01575	0.01208	0.01630	0.01612	0.00998	0.74008	0.02455	0.05728	0.01295	0.01286	0.00912	0.00635	0.00529	0.00159	0.00578	0.00478	0.00533	0.00899
10	0.00911	0.00578	0.00762	0.00701	0.00854	0.00529	0.00537	0.01156	0.01490	0.09620	0.68170	0.03797	0.04569	0.01050	0.00618	0.00168	0.00276	0.03091	0.00586	0.00538
11	0.01623	0.01194	0.01443	0.01122	0.01524	0.01221	0.06403	0.28823	0.18203	0.11657	0.02901	0.01575	0.02441	0.00614	0.00515	0.00150	0.00505	0.00508	0.00485	0.17090
12	0.01420	0.00929	0.01129	0.00823	0.01277	0.00723	0.00665	0.01647	0.01202	0.21208	0.01231	0.01275	0.00916	0.00458	0.00427	0.00100	0.00406	0.00369	0.00400	0.63394
13	0.00768	0.00516	0.00596	0.00596	0.00603	0.00523	0.00345	0.00781	0.00775	0.01040	0.01648	0.03361	0.01879	0.75877	0.08176	0.00537	0.00577	0.00754	0.00318	0.00331
14	0.02372	0.00900	0.01227	0.00941	0.01350	0.00777	0.00777	0.02576	0.01513	0.78489	0.02086	0.01799	0.01309	0.00654	0.00532	0.00164	0.00450	0.00532	0.00654	0.00900
15	0.00697	0.00519	0.00700	0.00795	0.00834	0.00522	0.00564	0.00807	0.01029	0.01385	0.04758	0.67633	0.03321	0.01578	0.00745	0.00217	0.05391	0.07583	0.00476	0.00446
16	0.00651	0.00463	0.00611	0.00727	0.00756	0.00434	0.00481	0.00738	0.00999	0.01332	0.02845	0.76826	0.03410	0.06024	0.00785	0.00231	0.00318	0.01463	0.00481	0.00423
17	0.01252	0.01414	0.03050	0.02301	0.08157	0.01331	0.70865	0.01688	0.01245	0.01696	0.01064	0.01418	0.00805	0.00447	0.00617	0.00177	0.00872	0.00613	0.00267	0.00722
18	0.02004	0.01656	0.01572	0.01241	0.01639	0.14765	0.01008	0.63811	0.02319	0.02987	0.01193	0.01216	0.00862	0.00619	0.00520	0.00155	0.00645	0.00453	0.00486	0.00851
19	0.01047	0.01020	0.01795	0.64510	0.06455	0.01215	0.10504	0.01400	0.01076	0.01404	0.00948	0.01397	0.00721	0.00532	0.00587	0.00178	0.03870	0.00488	0.00240	0.00612
20	0.01189	0.01134	0.01930	0.32889	0.49413	0.01225	0.01563	0.01518	0.01147	0.01582	0.00973	0.01347	0.00786	0.00493	0.00525	0.00164	0.00658	0.00471	0.00251	0.00741
21	0.01744	0.02063	0.01606	0.01385	0.01644	0.51904	0.06570	0.08136	0.01445	0.01497	0.01034	0.01209	0.03756	0.00635	0.00692	0.00158	0.13172	0.00422	0.00296	0.00632
22	0.01722	0.01169	0.01423	0.01129	0.01484	0.01233	0.06410	0.38429	0.08540	0.14691	0.03834	0.07201	0.01393	0.00730	0.00543	0.00166	0.00515	0.02062	0.06528	0.00799
23	0.01054	0.02993	0.00856	0.00792	0.00954	0.02719	0.00603	0.01281	0.05367	0.13456	0.12509	0.25185	0.11763	0.07628	0.00786	0.00217	0.00387	0.10401	0.00503	0.00546

[dist]
# distance from previous block
# <min> <max>
2	12

[block]
# block no. 5 follows, 46 sequences, length 26
# corresponding to MSA columns:
# 162-187
name=unknown_F
#
# <colnr> <probs for GDERKNQSTAVLIFYWHMCP>
#	G	D	E	R	K	N	Q	S	T	A	V	L	I	F	Y	W	H	M	C	P
0	0.01261	0.00999	0.01212	0.08049	0.01495	0.00995	0.00813	0.12653	0.09851	0.05712	0.01402	0.10972	0.01235	0.00683	0.00584	0.00143	0.06542	0.00550	0.00396	0.34454
1	0.06147	0.03956	0.04976	0.00860	0.01049	0.03540	0.00705	0.03714	0.01011	0.01457	0.04285	0.06192	0.05407	0.09465	0.38291	0.00519	0.02321	0.00611	0.00325	0.05170
2	0.01374	0.05976	0.03402	0.10470	0.09408	0.14825	0.08983	0.06904	0.05941	0.01598	0.00978	0.01256	0.00808	0.00712	0.02875	0.00190	0.19942	0.00455	0.00289	0.03612
3	0.05743	0.00946	0.02670	0.00934	0.02785	0.02110	0.00724	0.08447	0.10351	0.25026	0.08118	0.08487	0.04065	0.08605	0.00739	0.00195	0.00441	0.00649	0.00502	0.08462
4	0.01381	0.30248	0.27533	0.01241	0.01767	0.09953	0.06494	0.03121	0.01224	0.06419	0.05205	0.01229	0.00967	0.00529	0.00460	0.00145	0.00677	0.00405	0.00286	0.00716
5	0.07101	0.00501	0.00691	0.00692	0.00717	0.00511	0.00469	0.00755	0.00720	0.01047	0.01004	0.05494	0.01021	0.01729	0.01869	0.74220	0.00448	0.00498	0.00250	0.00265
6	0.00965	0.00524	0.00743	0.00715	0.00756	0.00518	0.00490	0.03743	0.00787	0.01063	0.00974	0.03197	0.00964	0.01713	0.01893	0.75324	0.00458	0.00474	0.00251	0.04448
7	0.01204	0.04102	0.43994	0.01736	0.04008	0.01275	0.26363	0.01710	0.01171	0.05469	0.01033	0.01251	0.00750	0.00502	0.00577	0.00171	0.03189	0.00476	0.00260	0.00757
8	0.01040	0.00868	0.01247	0.01105	0.01217	0.03143	0.05007	0.01216	0.00917	0.06070	0.01206	0.01740	0.01095	0.04206	0.42472	0.00553	0.25530	0.00534	0.00290	0.00545
9	0.00729	0.00534	0.00684	0.00659	0.00781	0.00489	0.00489	0.00957	0.01435	0.02001	0.65803	0.09724	0.11447	0.01146	0.00627	0.00171	0.00255	0.01011	0.00567	0.00489
10	0.00854	0.00567	0.00742	0.00814	0.00928	0.00537	0.00631	0.01040	0.02720	0.07131	0.03109	0.38184	0.12625	0.01456	0.00674	0.00215	0.00376	0.26399	0.00502	0.00494
11	0.01109	0.11313	0.66497	0.01478	0.02211	0.01328	0.05649	0.01665	0.01118	0.01628	0.00932	0.01103	0.00677	0.00494	0.00491	0.00162	0.00763	0.00391	0.00226	0.00767
12	0.00755	0.00566	0.00850	0.00850	0.00944	0.00661	0.00661	0.00944	0.00850	0.01227	0.01416	0.02077	0.01322	0.03965	0.79326	0.00850	0.01416	0.00566	0.00283	0.00472
13	0.02010	0.01481	0.01587	0.01216	0.01639	0.01639	0.01005	0.76360	0.02486	0.03332	0.01269	0.01269	0.00899	0.00635	0.00529	0.00159	0.00582	0.00476	0.00529	0.00899
14	0.01285	0.01285	0.02050	0.18701	0.53259	0.06373	0.06191	0.01604	0.01196	0.01620	0.00976	0.01313	0.00798	0.00486	0.00528	0.00161	0.00681	0.00472	0.00257	0.00764
15	0.01315	0.34267	0.21075	0.01155	0.01631	0.03593	0.03833	0.08059	0.08101	0.01646	0.01261	0.01354	0.05589	0.00584	0.00512	0.00149	0.04432	0.00428	0.00299	0.00717
16	0.00625	0.00536	0.00536	0.00536	0.00714	0.00446	0.00402	0.00759	0.01205	0.01428	0.05355	0.05088	0.77909	0.01339	0.00625	0.00179	0.00268	0.01116	0.00491	0.00446
17	0.10633	0.01656	0.01553	0.03564	0.13324	0.22495	0.01066	0.33238	0.03612	0.02356	0.01061	0.01167	0.00808	0.00569	0.00493	0.00154	0.00670	0.00421	0.00390	0.00768
18	0.01831	0.05301	0.07710	0.01136	0.01533	0.08588	0.00983	0.37502	0.01869	0.17389	0.01483	0.08369	0.01166	0.00754	0.01783	0.00172	0.00595	0.00550	0.00483	0.00804
19	0.00696	0.00509	0.00656	0.00749	0.00802	0.00491	0.00509	0.00885	0.05779	0.01453	0.08350	0.68773	0.03454	0.03313	0.00707	0.00215	0.00314	0.01390	0.00497	0.00457
20	0.00650	0.00469	0.00606	0.00713	0.00752	0.00435	0.00475	0.00740	0.01013	0.01337	0.03024	0.71188	0.08882	0.06051	0.00783	0.00229	0.00315	0.01434	0.00481	0.00425
21	0.62548	0.02656	0.03674	0.00815	0.01167	0.01249	0.00697	0.14241	0.01208	0.02477	0.04456	0.01082	0.00841	0.00543	0.00382	0.00162	0.00447	0.00354	0.00368	0.00634
22	0.05480	0.15929	0.03942	0.01164	0.01504	0.39141	0.00953	0.07087	0.08535	0.01622	0.03068	0.01147	0.00902	0.00557	0.00471	0.00138	0.01769	0.00380	0.00318	0.05892
23	0.01433	0.01098	0.01521	0.15413	0.01938	0.01099	0.09502	0.17310	0.06975	0.10963	0.01326	0.04656	0.01028	0.00580	0.00510	0.00147	0.00550	0.00506	0.00402	0.23041
24	0.01323	0.09776	0.03602	0.04395	0.48269	0.05609	0.01350	0.06227	0.02442	0.01732	0.02547	0.01641	0.06056	0.00578	0.00514	0.00156	0.00606	0.02109	0.00303	0.00765
25	0.06779	0.01215	0.01262	0.01029	0.01362	0.05528	0.00822	0.40616	0.01840	0.03723	0.05219	0.12540	0.01441	0.00876	0.03330	0.00181	0.00542	0.00609	0.00467	0.10619

[dist]
# distance from previous block
# <min> <max>
2	6

[block]
# block no. 6 follows, 46 sequences, length 56
# corresponding to MSA columns:
# 195-250
name=unknown_G
#
# <colnr> <probs for GDERKNQSTAVLIFYWHMCP>
#	G	D	E	R	K	N	Q	S	T	A	V	L	I	F	Y	W	H	M	C	P
0	0.01443	0.07206	0.01340	0.00959	0.01329	0.01149	0.00780	0.29991	0.03329	0.04158	0.01341	0.06292	0.01172	0.06110	0.02004	0.00172	0.00503	0.02884	0.00419	0.27417
1	0.00864	0.00582	0.00733	0.00726	0.00863	0.00546	0.00553	0.01094	0.03700	0.06995	0.33009	0.12993	0.15316	0.07301	0.00794	0.00212	0.00335	0.12352	0.00526	0.00505
2	0.00735	0.00605	0.00618	0.00592	0.00781	0.00539	0.00447	0.06495	0.01285	0.01558	0.04881	0.06205	0.68226	0.03833	0.00684	0.00188	0.00300	0.01064	0.00488	0.00476
3	0.07538	0.16593	0.57300	0.01324	0.02003	0.01367	0.01632	0.01672	0.01102	0.03620	0.00924	0.01066	0.00680	0.00496	0.00461	0.00157	0.00706	0.00367	0.00243	0.00750
4	0.01382	0.73064	0.02563	0.00894	0.01306	0.04420	0.00864	0.01538	0.01064	0.01229	0.00808	0.01050	0.00773	0.06599	0.00522	0.00144	0.00574	0.00321	0.00235	0.00649
5	0.01165	0.00949	0.01112	0.00798	0.01265	0.00727	0.00640	0.02932	0.01141	0.04782	0.00992	0.01128	0.00806	0.00407	0.00400	0.00083	0.00398	0.00325	0.00331	0.79619
6	0.03906	0.01185	0.01807	0.13369	0.49912	0.04298	0.01404	0.01633	0.06943	0.01694	0.01218	0.04664	0.01069	0.00593	0.00533	0.00167	0.00610	0.03942	0.00301	0.00753
7	0.01391	0.01342	0.14180	0.01348	0.09291	0.01153	0.01112	0.15094	0.21580	0.09235	0.01806	0.06053	0.01528	0.00792	0.00564	0.00181	0.00537	0.11585	0.00457	0.00773
8	0.00731	0.00700	0.06560	0.00689	0.00868	0.00536	0.00570	0.00952	0.01318	0.01782	0.42529	0.07860	0.26266	0.05429	0.00728	0.00191	0.00312	0.00978	0.00509	0.00492
9	0.00670	0.00489	0.00631	0.00705	0.00774	0.00451	0.00491	0.00805	0.01144	0.01534	0.19820	0.54360	0.11527	0.01491	0.00659	0.00201	0.00294	0.02994	0.00511	0.00448
10	0.01301	0.01439	0.06557	0.04925	0.36006	0.07956	0.20037	0.01741	0.07416	0.01696	0.01220	0.01566	0.02257	0.00541	0.00553	0.00167	0.00705	0.02866	0.00295	0.00758
11	0.01294	0.01316	0.12085	0.07475	0.18575	0.06232	0.03361	0.04228	0.02580	0.10103	0.12524	0.01888	0.05442	0.00638	0.00527	0.00154	0.00560	0.00551	0.00376	0.10091
12	0.08363	0.08727	0.01283	0.09556	0.03959	0.02195	0.00827	0.12222	0.06027	0.09665	0.20383	0.02321	0.07888	0.00776	0.00554	0.00164	0.02262	0.01713	0.00454	0.00660
13	0.03921	0.04843	0.55825	0.01376	0.03265	0.01197	0.01619	0.01856	0.06928	0.11040	0.01165	0.01250	0.00821	0.00533	0.00496	0.00164	0.00685	0.00417	0.00305	0.02296
14	0.01181	0.02209	0.52639	0.04130	0.22695	0.01215	0.01801	0.01690	0.01155	0.04960	0.01009	0.01205	0.00743	0.00501	0.00510	0.00165	0.00724	0.00420	0.00252	0.00796
15	0.01071	0.00916	0.01088	0.03299	0.01305	0.00706	0.00646	0.01303	0.01091	0.01693	0.01037	0.05034	0.00914	0.00458	0.00410	0.00088	0.00397	0.00377	0.00319	0.77849
16	0.01335	0.01096	0.01190	0.01105	0.03265	0.02507	0.00850	0.07904	0.54415	0.04828	0.03999	0.02409	0.03996	0.00799	0.00559	0.00182	0.00444	0.07806	0.00525	0.00786
17	0.01509	0.01106	0.01111	0.00930	0.01209	0.05011	0.00738	0.33223	0.12926	0.02517	0.01548	0.01673	0.01186	0.03257	0.00542	0.00160	0.00457	0.00503	0.29678	0.00715
18	0.00722	0.00520	0.00669	0.00749	0.00812	0.00497	0.00515	0.04552	0.01136	0.01523	0.09915	0.68172	0.05140	0.01544	0.00662	0.00207	0.00314	0.01392	0.00501	0.00460
19	0.01275	0.01222	0.02085	0.11634	0.69998	0.01247	0.01606	0.01593	0.01188	0.01686	0.00988	0.01319	0.00823	0.00477	0.00524	0.00159	0.00636	0.00471	0.00259	0.00810
20	0.02372	0.00900	0.01227	0.00941	0.01350	0.00777	0.00777	0.02576	0.01513	0.78489	0.02086	0.01799	0.01309	0.00654	0.00532	0.00164	0.00450	0.00532	0.00654	0.00900
21	0.02239	0.00872	0.01174	0.00910	0.01301	0.00752	0.00749	0.02438	0.01490	0.72642	0.02334	0.02049	0.07121	0.00706	0.00539	0.00165	0.00436	0.00576	0.00642	0.00865
22	0.00918	0.00459	0.00689	0.00689	0.00689	0.00459	0.00459	0.00689	0.00689	0.00918	0.00918	0.01607	0.00918	0.01837	0.02066	0.84619	0.00459	0.00459	0.00230	0.00230
23	0.03033	0.14632	0.59346	0.01454	0.02155	0.01367	0.07661	0.01659	0.01115	0.01626	0.00921	0.01094	0.00679	0.00490	0.00483	0.00160	0.00749	0.00390	0.00230	0.00755
24	0.00647	0.00462	0.00616	0.00734	0.00767	0.00431	0.00491	0.00744	0.01026	0.01372	0.05134	0.78790	0.03541	0.01639	0.00673	0.00213	0.00305	0.01487	0.00493	0.00431
25	0.00760	0.00544	0.00738	0.00841	0.00926	0.00528	0.00665	0.00938	0.01148	0.01515	0.08549	0.33163	0.04866	0.04263	0.00767	0.00235	0.00399	0.38204	0.00490	0.00460
26	0.01074	0.05809	0.75728	0.01483	0.02252	0.01261	0.01912	0.01671	0.01115	0.01657	0.00940	0.01106	0.00670	0.00500	0.00496	0.00165	0.00773	0.00386	0.00223	0.00777
27	0.00700	0.00565	0.00621	0.00637	0.00796	0.00505	0.00488	0.02201	0.02520	0.01508	0.07436	0.11807	0.54782	0.02765	0.00676	0.00195	0.00311	0.10530	0.00492	0.00465
28	0.00769	0.00513	0.00577	0.00577	0.00577	0.00513	0.00320	0.00769	0.00769	0.01025	0.01666	0.03460	0.01922	0.81421	0.02691	0.00513	0.00513	0.00769	0.00320	0.00320
29	0.00756	0.00563	0.00831	0.00831	0.00919	0.00651	0.00638	0.00932	0.00844	0.01214	0.01433	0.02170	0.01362	0.09175	0.74171	0.00827	0.01355	0.00580	0.00286	0.00462
30	0.01590	0.00728	0.00969	0.00801	0.01078	0.00641	0.00639	0.01809	0.01488	0.41992	0.34016	0.02892	0.07326	0.00873	0.00576	0.00166	0.00355	0.00744	0.00614	0.00705
31	0.01407	0.75004	0.07224	0.00952	0.01419	0.04053	0.00970	0.01602	0.01088	0.01271	0.00750	0.00867	0.00678	0.00458	0.00352	0.00117	0.00588	0.00291	0.00227	0.00683
32	0.01308	0.01256	0.02146	0.03245	0.78123	0.01256	0.01622	0.01622	0.01204	0.01727	0.00994	0.01308	0.00837	0.00471	0.00523	0.00157	0.00628	0.00471	0.00262	0.00837
33	0.01201	0.01350	0.05011	0.01697	0.02069	0.07128	0.40295	0.01610	0.06501	0.01607	0.01345	0.11251	0.01220	0.00701	0.00729	0.00184	0.09748	0.02567	0.00316	0.03471
34	0.08029	0.01172	0.01258	0.01018	0.01345	0.01275	0.00819	0.48618	0.01969	0.06167	0.03425	0.10526	0.01356	0.02821	0.00575	0.00172	0.00493	0.00602	0.07599	0.00762
35	0.01261	0.03797	0.02305	0.01690	0.02069	0.01196	0.44152	0.05112	0.01233	0.07475	0.01410	0.13550	0.01274	0.03095	0.00769	0.00194	0.07687	0.00722	0.00340	0.00668
36	0.06018	0.01254	0.01383	0.01082	0.01473	0.01335	0.00883	0.45730	0.08817	0.15267	0.01419	0.01400	0.01007	0.00668	0.00570	0.03442	0.00519	0.00475	0.00513	0.06744
37	0.00918	0.00459	0.00689	0.00689	0.00689	0.00459	0.00459	0.00689	0.00689	0.00918	0.00918	0.01607	0.00918	0.01837	0.02066	0.84619	0.00459	0.00459	0.00230	0.00230
38	0.00661	0.00501	0.00650	0.00715	0.00791	0.00456	0.02126	0.00763	0.01051	0.01359	0.03392	0.57257	0.21346	0.03919	0.00746	0.01690	0.00319	0.01350	0.00476	0.00433
39	0.01114	0.00984	0.01094	0.00804	0.01250	0.03753	0.00637	0.01340	0.01109	0.01692	0.01007	0.04001	0.00878	0.00444	0.00405	0.00086	0.00410	0.00358	0.00318	0.78318
40	0.01060	0.02735	0.78682	0.01507	0.02288	0.01228	0.01953	0.01674	0.01116	0.01674	0.00949	0.01116	0.00670	0.00502	0.00502	0.00167	0.00781	0.00391	0.00223	0.00781
41	0.01052	0.00966	0.01598	0.72449	0.03449	0.01183	0.03367	0.04843	0.01130	0.01467	0.00978	0.01417	0.00733	0.00534	0.00527	0.00174	0.00692	0.00475	0.02363	0.00603
42	0.00649	0.00466	0.00618	0.00738	0.00775	0.00435	0.00499	0.00747	0.01022	0.01358	0.02966	0.77274	0.05169	0.01644	0.00675	0.00215	0.00311	0.03519	0.00491	0.00431
43	0.00751	0.00561	0.00776	0.00725	0.00854	0.00518	0.03111	0.00986	0.01424	0.02000	0.64855	0.13224	0.05931	0.01133	0.00630	0.00173	0.00279	0.01014	0.00558	0.00497
44	0.01385	0.74201	0.08518	0.00995	0.02899	0.02010	0.00998	0.01591	0.01080	0.01286	0.00756	0.00877	0.00681	0.00456	0.00355	0.00118	0.00583	0.00294	0.00227	0.00689
45	0.00918	0.00459	0.00689	0.00689	0.00689	0.00459	0.00459	0.00689	0.00689	0.00918	0.00918	0.01607	0.00918	0.01837	0.02066	0.84619	0.00459	0.00459	0.00230	0.00230
46	0.00688	0.00493	0.00645	0.00752	0.00795	0.00468	0.00507	0.03173	0.01060	0.01413	0.02861	0.78504	0.03413	0.01623	0.00670	0.00213	0.00316	0.01470	0.00492	0.00445
47	0.02255	0.01041	0.03769	0.00998	0.01418	0.00918	0.00846	0.12166	0.03599	0.64235	0.01944	0.01713	0.01243	0.00648	0.00530	0.00163	0.00477	0.00522	0.00621	0.00894
48	0.01458	0.66707	0.08925	0.00979	0.01455	0.01947	0.00995	0.07294	0.01198	0.03727	0.00833	0.00930	0.00713	0.00476	0.00373	0.00123	0.00581	0.00314	0.00262	0.00710
49	0.00756	0.00563	0.00831	0.00831	0.00919	0.00651	0.00638	0.00932	0.00844	0.01214	0.01433	0.02170	0.01362	0.09201	0.74145	0.00827	0.01355	0.00580	0.00286	0.00462
50	0.01444	0.74248	0.02642	0.00935	0.01374	0.05172	0.00909	0.03054	0.03746	0.01319	0.00797	0.00899	0.00715	0.00469	0.00355	0.00117	0.00576	0.00300	0.00244	0.00685
51	0.04271	0.01316	0.01338	0.01062	0.01429	0.07443	0.00861	0.45446	0.02006	0.10751	0.04707	0.01720	0.07278	0.00688	0.00519	0.00155	0.00533	0.00530	0.03462	0.04487
52	0.00655	0.00472	0.00622	0.00722	0.00768	0.00438	0.00489	0.00767	0.01073	0.01440	0.11587	0.69972	0.05872	0.01581	0.00667	0.00208	0.00299	0.01429	0.00501	0.00438
53	0.00689	0.00485	0.00599	0.00667	0.00699	0.00461	0.00427	0.00757	0.00957	0.01269	0.05061	0.47337	0.07783	0.28727	0.01355	0.00312	0.00372	0.01211	0.00436	0.00396
54	0.04729	0.01393	0.01490	0.01179	0.01563	0.01565	0.00965	0.58173	0.15747	0.03031	0.01390	0.01377	0.01009	0.00654	0.00563	0.00165	0.03138	0.00491	0.00514	0.00866
55	0.22885	0.02992	0.10303	0.05820	0.08972	0.04058	0.01072	0.26743	0.05809	0.04904	0.01102	0.01197	0.00814	0.00560	0.00469	0.00161	0.00571	0.00417	0.00390	0.00761

[dist]
# distance from previous block
# <min> <max>
1	14

[block]
# block no. 7 follows, 46 sequences, length 7
# corresponding to MSA columns:
# 267-273
name=unknown_H
#
# <colnr> <probs for GDERKNQSTAVLIFYWHMCP>
#	G	D	E	R	K	N	Q	S	T	A	V	L	I	F	Y	W	H	M	C	P
0	0.01142	0.05755	0.38103	0.12228	0.19023	0.01301	0.06706	0.01591	0.01115	0.01598	0.00939	0.01207	0.00722	0.00520	0.00590	0.00169	0.05875	0.00434	0.00237	0.00746
1	0.00642	0.00467	0.00606	0.00718	0.00762	0.00431	0.00482	0.00738	0.01030	0.01357	0.03140	0.74047	0.10380	0.01627	0.00670	0.00211	0.00303	0.01467	0.00491	0.00431
2	0.01002	0.04167	0.00884	0.00741	0.00932	0.02605	0.00582	0.05526	0.01445	0.08418	0.41261	0.03733	0.17588	0.03231	0.00658	0.00179	0.00343	0.05622	0.00532	0.00551
3	0.13163	0.01734	0.04218	0.08490	0.01688	0.32481	0.01003	0.10578	0.09114	0.03563	0.03193	0.01245	0.00924	0.00604	0.00561	0.00159	0.05850	0.00418	0.00346	0.00668
4	0.00656	0.00482	0.00615	0.00697	0.00762	0.00442	0.00479	0.00776	0.01108	0.01469	0.13777	0.59065	0.14673	0.01529	0.00660	0.00203	0.00293	0.01369	0.00504	0.00442
5	0.01236	0.01370	0.02893	0.08136	0.11538	0.01315	0.62030	0.01660	0.01229	0.01672	0.01051	0.01411	0.00799	0.00455	0.00605	0.00176	0.00847	0.00595	0.00264	0.00718
6	0.01045	0.00636	0.00796	0.00717	0.00891	0.00596	0.00539	0.01333	0.06478	0.14523	0.45404	0.03508	0.10251	0.09948	0.00833	0.00206	0.00325	0.00855	0.00554	0.00563

[dist]
# distance from previous block
# <min> <max>
0	1

[block]
# block no. 8 follows, 46 sequences, length 65
# corresponding to MSA columns:
# 275-298,306-346
name=unknown_I
#
# <colnr> <probs for GDERKNQSTAVLIFYWHMCP>
#	G	D	E	R	K	N	Q	S	T	A	V	L	I	F	Y	W	H	M	C	P
0	0.00715	0.00558	0.00653	0.00615	0.00777	0.00488	0.00461	0.00911	0.01341	0.01792	0.42433	0.04270	0.35014	0.02682	0.00652	0.00174	0.00269	0.00987	0.00526	0.04683
1	0.01060	0.02735	0.78682	0.01507	0.02288	0.01228	0.01953	0.01674	0.01116	0.01674	0.00949	0.01116	0.00670	0.00502	0.00502	0.00167	0.00781	0.00391	0.00223	0.00781
2	0.01401	0.58357	0.17475	0.01068	0.01567	0.09667	0.01121	0.01654	0.01125	0.01333	0.00785	0.00911	0.00677	0.00471	0.00385	0.00126	0.00646	0.00310	0.00230	0.00692
3	0.01476	0.57632	0.09359	0.01052	0.01492	0.13037	0.01028	0.04509	0.01184	0.01370	0.00785	0.00913	0.00687	0.00492	0.00425	0.00127	0.03190	0.00314	0.00244	0.00684
4	0.01177	0.02923	0.01228	0.00978	0.06770	0.00805	0.00719	0.03410	0.01152	0.03766	0.00978	0.01129	0.00801	0.00412	0.00407	0.00089	0.00419	0.00334	0.00322	0.72182
5	0.01328	0.14686	0.16183	0.19619	0.20716	0.11964	0.01412	0.01680	0.02749	0.03515	0.00960	0.01199	0.00758	0.00507	0.00485	0.00154	0.00699	0.00412	0.00260	0.00716
6	0.00756	0.00565	0.00841	0.00841	0.00932	0.00656	0.00650	0.00939	0.00847	0.01221	0.01424	0.02120	0.01341	0.06401	0.76916	0.00839	0.01388	0.00573	0.00284	0.00467
7	0.00918	0.00459	0.00689	0.00689	0.00689	0.00459	0.00459	0.00689	0.00689	0.00918	0.00918	0.01607	0.00918	0.01837	0.02066	0.84619	0.00459	0.00459	0.00230	0.00230
8	0.03236	0.16844	0.51406	0.01377	0.02020	0.09833	0.03558	0.03093	0.01174	0.01603	0.00900	0.01055	0.00678	0.00499	0.00470	0.00154	0.00751	0.00371	0.00238	0.00740
9	0.26135	0.00744	0.00812	0.00721	0.00954	0.00751	0.00567	0.01444	0.01296	0.15872	0.36931	0.05058	0.02872	0.00835	0.00514	0.00165	0.00335	0.00686	0.02717	0.00590
10	0.00703	0.00527	0.00663	0.00739	0.00842	0.00488	0.00564	0.00859	0.01158	0.01493	0.09320	0.33995	0.23977	0.01472	0.00672	0.00209	0.00340	0.21027	0.00497	0.00455
11	0.03741	0.01340	0.01476	0.01144	0.01550	0.01446	0.00941	0.58824	0.03701	0.16196	0.01456	0.03313	0.01040	0.00662	0.00529	0.00161	0.00546	0.00509	0.00546	0.00880
12	0.04310	0.01356	0.01495	0.01149	0.01567	0.01461	0.00949	0.60119	0.02255	0.17805	0.01412	0.01360	0.00969	0.00635	0.00524	0.00160	0.00552	0.00482	0.00548	0.00890
13	0.02319	0.00888	0.01210	0.00932	0.01331	0.00768	0.00768	0.02525	0.01513	0.76013	0.04543	0.01869	0.01428	0.00668	0.00535	0.00164	0.00443	0.00545	0.00652	0.00887
14	0.00644	0.00460	0.00613	0.00736	0.00767	0.00429	0.00491	0.00736	0.01012	0.01350	0.02914	0.81076	0.03497	0.01656	0.00675	0.00215	0.00307	0.01503	0.00491	0.00429
15	0.02234	0.01121	0.01364	0.01046	0.01460	0.01106	0.00864	0.30725	0.01884	0.49817	0.01774	0.01597	0.01152	0.00647	0.00531	0.00162	0.00500	0.00510	0.00606	0.00899
16	0.00818	0.00557	0.00714	0.00668	0.00811	0.00506	0.00503	0.01049	0.01455	0.06011	0.64606	0.05978	0.12122	0.01100	0.00620	0.00169	0.00263	0.00964	0.00574	0.00513
17	0.85155	0.01022	0.00777	0.00695	0.01022	0.01186	0.00573	0.01554	0.00900	0.02372	0.00736	0.00859	0.00573	0.00491	0.00327	0.00164	0.00409	0.00286	0.00327	0.00573
18	0.00918	0.00459	0.00689	0.00689	0.00689	0.00459	0.00459	0.00689	0.00689	0.00918	0.00918	0.01607	0.00918	0.01837	0.02066	0.84619	0.00459	0.00459	0.00230	0.00230
19	0.00661	0.00489	0.00669	0.00757	0.00808	0.00454	0.02329	0.00762	0.01023	0.01355	0.02981	0.72984	0.07688	0.03421	0.00716	0.00218	0.00323	0.01442	0.00481	0.00435
20	0.06280	0.47773	0.27168	0.01131	0.01681	0.03180	0.03253	0.01624	0.01090	0.01463	0.00815	0.00953	0.00673	0.00472	0.00401	0.00136	0.00642	0.00328	0.00233	0.00705
21	0.00791	0.00634	0.00677	0.00650	0.00842	0.00592	0.00492	0.01145	0.12695	0.03697	0.13638	0.06631	0.53179	0.01204	0.00611	0.00178	0.00294	0.01014	0.00514	0.00523
22	0.00933	0.00581	0.00766	0.00696	0.00854	0.00530	0.00530	0.01177	0.01498	0.10818	0.69216	0.03704	0.04569	0.01032	0.00613	0.00166	0.00272	0.00908	0.00590	0.00544
23	0.00867	0.00567	0.00745	0.00685	0.00831	0.00519	0.00519	0.01113	0.01498	0.07690	0.72319	0.03792	0.04720	0.01050	0.00617	0.00166	0.00264	0.00925	0.00587	0.00528
24	0.01365	0.01382	0.01999	0.02886	0.64570	0.11116	0.01498	0.01650	0.01223	0.01647	0.00993	0.01302	0.00842	0.00655	0.04459	0.00189	0.00709	0.00459	0.00264	0.00791
25	0.00715	0.00511	0.00694	0.00812	0.00875	0.00490	0.00609	0.00862	0.01094	0.01450	0.05233	0.54097	0.03395	0.01574	0.00691	0.00223	0.00364	0.25369	0.00492	0.00450
26	0.00644	0.00460	0.00613	0.00736	0.00767	0.00429	0.00491	0.00736	0.01012	0.01350	0.02914	0.81076	0.03497	0.01656	0.00675	0.00215	0.00307	0.01503	0.00491	0.00429
27	0.01016	0.00963	0.01589	0.71577	0.03396	0.01223	0.01434	0.01342	0.01030	0.01342	0.00913	0.01382	0.00704	0.00572	0.00660	0.00182	0.09385	0.00469	0.00235	0.00586
28	0.00672	0.00475	0.00620	0.00725	0.00756	0.00450	0.00484	0.00759	0.00988	0.01315	0.02729	0.66194	0.03248	0.13079	0.00966	0.00259	0.00345	0.05052	0.00466	0.00417
29	0.01157	0.01157	0.01619	0.01388	0.01388	0.01619	0.01157	0.01272	0.00810	0.01272	0.00694	0.01157	0.00694	0.00925	0.01735	0.00231	0.80453	0.00463	0.00231	0.00578
30	0.82727	0.01036	0.00801	0.00710	0.01040	0.01199	0.00585	0.03738	0.00946	0.02400	0.00752	0.00871	0.00582	0.00495	0.00333	0.00163	0.00414	0.00292	0.00333	0.00582
31	0.02010	0.01481	0.01587	0.01216	0.01639	0.01639	0.01005	0.76360	0.02486	0.03332	0.01269	0.01269	0.00899	0.00635	0.00529	0.00159	0.00582	0.00476	0.00529	0.00899
32	0.00755	0.00566	0.00850	0.00850	0.00944	0.00661	0.00661	0.00944	0.00850	0.01227	0.01416	0.02077	0.01322	0.03965	0.79326	0.00850	0.01416	0.00566	0.00283	0.00472
33	0.01201	0.01334	0.02840	0.12704	0.02828	0.01292	0.63714	0.01628	0.01221	0.01644	0.01107	0.01569	0.00860	0.00489	0.00614	0.00180	0.00853	0.02962	0.00270	0.00689
34	0.00708	0.00527	0.00695	0.00766	0.00791	0.00544	0.00522	0.00790	0.00952	0.01288	0.02491	0.59812	0.02953	0.14428	0.03590	0.00284	0.06724	0.01273	0.00436	0.00425
35	0.03455	0.66368	0.06609	0.00985	0.01423	0.08791	0.00970	0.01625	0.01102	0.01299	0.00752	0.00880	0.00676	0.00477	0.00399	0.00123	0.02861	0.00299	0.00233	0.00673
36	0.01248	0.01426	0.03119	0.02228	0.02763	0.01337	0.76203	0.01693	0.01248	0.01693	0.01070	0.01426	0.00802	0.00446	0.00624	0.00178	0.00891	0.00624	0.00267	0.00713
37	0.00668	0.00490	0.00632	0.00736	0.00801	0.00455	0.00523	0.00785	0.01067	0.01391	0.03265	0.60176	0.14585	0.01584	0.00674	0.00213	0.00324	0.10703	0.00490	0.00439
38	0.37747	0.24435	0.01549	0.00878	0.01267	0.01501	0.00770	0.16213	0.01311	0.08680	0.00954	0.01015	0.00729	0.00521	0.00387	0.00148	0.00491	0.00343	0.00365	0.00694
39	0.01894	0.01912	0.01533	0.03391	0.03251	0.37958	0.01030	0.33247	0.01858	0.02176	0.01030	0.01137	0.00792	0.00598	0.00551	0.00151	0.04058	0.00412	0.02288	0.00733
40	0.00998	0.00940	0.01586	0.80150	0.03641	0.01175	0.01468	0.01351	0.01057	0.01351	0.00940	0.01409	0.00705	0.00529	0.00529	0.00176	0.00705	0.00470	0.00235	0.00587
41	0.01106	0.02724	0.74821	0.01500	0.02255	0.05133	0.01907	0.01696	0.01135	0.01655	0.00942	0.01108	0.00670	0.00504	0.00501	0.00166	0.00790	0.00388	0.00226	0.00773
42	0.01185	0.01013	0.01076	0.00984	0.01249	0.01144	0.00759	0.02411	0.62038	0.02086	0.06297	0.06225	0.09556	0.00844	0.00558	0.00180	0.00389	0.00712	0.00533	0.00761
43	0.01060	0.02735	0.78682	0.01507	0.02288	0.01228	0.01953	0.01674	0.01116	0.01674	0.00949	0.01116	0.00670	0.00502	0.00502	0.00167	0.00781	0.00391	0.00223	0.00781
44	0.01975	0.02520	0.01498	0.01362	0.01634	0.79299	0.01021	0.02111	0.01498	0.01294	0.00817	0.00953	0.00681	0.00545	0.00477	0.00136	0.00953	0.00340	0.00272	0.00613
45	0.85155	0.01022	0.00777	0.00695	0.01022	0.01186	0.00573	0.01554	0.00900	0.02372	0.00736	0.00859	0.00573	0.00491	0.00327	0.00164	0.00409	0.00286	0.00327	0.00573
46	0.00644	0.00460	0.00613	0.00736	0.00767	0.00429	0.00491	0.00736	0.01012	0.01350	0.02914	0.81076	0.03497	0.01656	0.00675	0.00215	0.00307	0.01503	0.00491	0.00429
47	0.00748	0.00540	0.00707	0.00665	0.00790	0.00499	0.00499	0.00998	0.01496	0.02120	0.77844	0.03949	0.04988	0.01081	0.00624	0.00166	0.00249	0.00956	0.00582	0.00499
48	0.01060	0.02735	0.78682	0.01507	0.02288	0.01228	0.01953	0.01674	0.01116	0.01674	0.00949	0.01116	0.00670	0.00502	0.00502	0.00167	0.00781	0.00391	0.00223	0.00781
49	0.02138	0.00952	0.01220	0.00971	0.01355	0.00896	0.00790	0.02628	0.18268	0.61597	0.02100	0.01838	0.01376	0.00668	0.00533	0.00167	0.00443	0.00546	0.00629	0.00886
50	0.00741	0.00538	0.00698	0.00662	0.00786	0.00495	0.00495	0.00982	0.01474	0.02075	0.73240	0.05819	0.07800	0.01104	0.00625	0.00168	0.00251	0.00975	0.00576	0.00495
51	0.02272	0.00896	0.01208	0.00933	0.01327	0.00786	0.00768	0.04570	0.01540	0.72133	0.06265	0.01904	0.01501	0.00677	0.00537	0.00164	0.00442	0.00554	0.00647	0.00877
52	0.00760	0.00554	0.00707	0.00675	0.00795	0.00521	0.00498	0.01026	0.03847	0.02013	0.66202	0.07800	0.06060	0.05330	0.00732	0.00188	0.00272	0.00966	0.00560	0.00496
53	0.00644	0.00460	0.00613	0.00736	0.00767	0.00429	0.00491	0.00736	0.01012	0.01350	0.02914	0.81076	0.03497	0.01656	0.00675	0.00215	0.00307	0.01503	0.00491	0.00429
54	0.00663	0.00537	0.00589	0.00576	0.00738	0.00463	0.00432	0.00833	0.01296	0.01644	0.27960	0.04733	0.55170	0.01258	0.00624	0.00175	0.00262	0.01066	0.00519	0.00463
55	0.01992	0.01472	0.01577	0.01213	0.01633	0.01631	0.01001	0.74500	0.04375	0.03303	0.01292	0.01287	0.00917	0.00637	0.00529	0.00159	0.00578	0.00479	0.00529	0.00897
56	0.01295	0.01307	0.05582	0.02573	0.51259	0.01274	0.06026	0.01918	0.19675	0.01840	0.01278	0.01468	0.01016	0.00531	0.00532	0.00164	0.00600	0.00507	0.00327	0.00827
57	0.00865	0.00628	0.00890	0.01041	0.03367	0.00628	0.00875	0.01111	0.01217	0.01586	0.02746	0.05826	0.02977	0.01431	0.00724	0.00241	0.00491	0.72380	0.00480	0.00497
58	0.01096	0.00940	0.01096	0.00783	0.01253	0.00705	0.00626	0.01331	0.01096	0.01723	0.00940	0.01096	0.00783	0.00392	0.00392	0.00078	0.00392	0.00313	0.00313	0.84653
59	0.00998	0.00940	0.01586	0.80150	0.03641	0.01175	0.01468	0.01351	0.01057	0.01351	0.00940	0.01409	0.00705	0.00529	0.00529	0.00176	0.00705	0.00470	0.00235	0.00587
60	0.00767	0.00551	0.00746	0.00858	0.00948	0.00536	0.00689	0.00946	0.01132	0.01477	0.02928	0.31497	0.06837	0.04077	0.00769	0.00239	0.00415	0.43645	0.00483	0.00460
61	0.01003	0.00935	0.01557	0.75488	0.03488	0.01170	0.01429	0.01345	0.01051	0.01365	0.00953	0.01416	0.00722	0.00544	0.00563	0.00177	0.03241	0.00470	0.02499	0.00584
62	0.01111	0.00922	0.01089	0.00813	0.01229	0.00743	0.00646	0.02669	0.02468	0.03336	0.03106	0.05628	0.01068	0.00512	0.00465	0.00098	0.02985	0.00413	0.00342	0.70356
63	0.06548	0.18313	0.26250	0.01448	0.08748	0.16009	0.02655	0.08962	0.01301	0.01714	0.00898	0.01055	0.00708	0.00520	0.00493	0.00150	0.02853	0.00375	0.00273	0.00726
64	0.00746	0.00548	0.00709	0.00774	0.00838	0.00539	0.00539	0.04450	0.01104	0.01488	0.07063	0.65661	0.04821	0.01524	0.00720	0.01702	0.03097	0.01339	0.00481	0.01858

[dist]
# distance from previous block
# <min> <max>
0	1

[block]
# block no. 9 follows, 46 sequences, length 102
# corresponding to MSA columns:
# 348-449
name=unknown_J
#
# <colnr> <probs for GDERKNQSTAVLIFYWHMCP>
#	G	D	E	R	K	N	Q	S	T	A	V	L	I	F	Y	W	H	M	C	P
0	0.03099	0.11074	0.11533	0.01075	0.02658	0.02912	0.00975	0.11658	0.07044	0.29097	0.06348	0.01750	0.01357	0.00698	0.01662	0.00168	0.00537	0.02866	0.00477	0.03011
1	0.72497	0.03941	0.08062	0.00790	0.01166	0.01232	0.00722	0.03398	0.00964	0.02293	0.00769	0.00892	0.00593	0.00494	0.00349	0.00162	0.00453	0.00300	0.00319	0.00603
2	0.03726	0.01351	0.01776	0.15079	0.42021	0.14159	0.01360	0.01697	0.01244	0.07312	0.01173	0.01476	0.02749	0.00548	0.00518	0.00160	0.00664	0.01947	0.00300	0.00740
3	0.00695	0.00503	0.00644	0.00717	0.00776	0.00462	0.00477	0.00785	0.00984	0.01331	0.02590	0.64129	0.03072	0.12863	0.00939	0.00247	0.00342	0.01310	0.00453	0.06680
4	0.85155	0.01022	0.00777	0.00695	0.01022	0.01186	0.00573	0.01554	0.00900	0.02372	0.00736	0.00859	0.00573	0.00491	0.00327	0.00164	0.00409	0.00286	0.00327	0.00573
5	0.01127	0.02185	0.47837	0.01774	0.02447	0.01259	0.30765	0.01668	0.01162	0.01673	0.01005	0.01255	0.00734	0.00547	0.02067	0.00185	0.00836	0.00485	0.00242	0.00749
6	0.01099	0.00547	0.00579	0.00549	0.00695	0.00541	0.00414	0.03006	0.01162	0.07658	0.03002	0.02036	0.01425	0.03926	0.00484	0.00144	0.00280	0.00514	0.71414	0.00525
