[name]
unknown

[dist]
# distance from previous block
# <min> <max>
26	147

[block]
# block no. 0 follows, 42 sequences, length 44
# corresponding to MSA columns:
# 204-247
name=unknown_A
#
# <colnr> <probs for GDERKNQSTAVLIFYWHMCP>
#	G	D	E	R	K	N	Q	S	T	A	V	L	I	F	Y	W	H	M	C	P
0	0.02768	0.03553	0.06354	0.06879	0.06049	0.05015	0.03629	0.07510	0.05313	0.12066	0.03296	0.10218	0.01444	0.00859	0.02930	0.00191	0.03579	0.00625	0.09696	0.08025
1	0.01717	0.05734	0.01699	0.08782	0.04888	0.05830	0.06182	0.19807	0.07623	0.15374	0.05278	0.01745	0.03523	0.00699	0.00651	0.00175	0.06150	0.00558	0.00465	0.03123
2	0.04114	0.08417	0.01624	0.01404	0.11918	0.08261	0.00994	0.19526	0.06927	0.08457	0.04039	0.03942	0.01208	0.00632	0.00515	0.00150	0.00571	0.00503	0.00433	0.16364
3	0.01479	0.04372	0.04408	0.02198	0.27863	0.01349	0.17546	0.16784	0.01571	0.04496	0.03800	0.07576	0.02603	0.00672	0.00592	0.00177	0.00671	0.00643	0.00383	0.00817
4	0.01840	0.03210	0.01457	0.01105	0.01512	0.01292	0.00903	0.34665	0.05985	0.16298	0.03468	0.05534	0.01295	0.00709	0.00582	0.00160	0.02902	0.00556	0.00528	0.16000
5	0.03848	0.01319	0.01656	0.10188	0.09135	0.01397	0.03605	0.38530	0.01980	0.09870	0.04697	0.01533	0.01142	0.00636	0.00552	0.00165	0.00598	0.00519	0.00480	0.08148
6	0.01112	0.00750	0.00910	0.00779	0.01028	0.00675	0.00605	0.06750	0.01564	0.10168	0.40948	0.03514	0.15348	0.01007	0.00611	0.00165	0.00339	0.00862	0.00568	0.12296
7	0.01237	0.01130	0.05635	0.05689	0.04473	0.01145	0.08358	0.11685	0.01424	0.05346	0.14756	0.11614	0.07255	0.00964	0.00873	0.00198	0.16326	0.00785	0.00433	0.00673
8	0.01378	0.01076	0.07133	0.03056	0.01399	0.01029	0.00926	0.10841	0.06921	0.15271	0.04743	0.16758	0.04860	0.01428	0.10905	0.00291	0.10022	0.00784	0.00475	0.00704
9	0.01497	0.51310	0.04753	0.12055	0.01899	0.11549	0.03281	0.01786	0.04564	0.01421	0.00909	0.01082	0.00775	0.00519	0.00432	0.00140	0.00685	0.00366	0.00264	0.00712
10	0.02098	0.01556	0.01666	0.01286	0.01729	0.01726	0.01060	0.70802	0.06747	0.03480	0.01404	0.01393	0.01000	0.00680	0.00564	0.00170	0.00610	0.00514	0.00564	0.00953
11	0.00715	0.00519	0.00678	0.00798	0.00843	0.00495	0.00537	0.00873	0.04117	0.01474	0.03069	0.76688	0.03640	0.01722	0.00712	0.00227	0.00331	0.01561	0.00524	0.00475
12	0.01089	0.01014	0.01703	0.70482	0.09704	0.01236	0.01543	0.01458	0.01140	0.01489	0.01029	0.01509	0.00782	0.00560	0.00557	0.00184	0.00729	0.00501	0.02647	0.00644
13	0.00814	0.00569	0.00731	0.00718	0.00846	0.00520	0.00528	0.01032	0.01460	0.04287	0.52630	0.19298	0.11880	0.01286	0.00672	0.00188	0.00286	0.01137	0.00593	0.00524
14	0.00686	0.00490	0.00653	0.00784	0.00816	0.00457	0.00522	0.00784	0.01077	0.01437	0.03102	0.79855	0.03722	0.01763	0.00718	0.00229	0.00326	0.01600	0.00522	0.00457
15	0.01139	0.02839	0.73494	0.01644	0.02462	0.01313	0.05820	0.01783	0.01195	0.01783	0.01017	0.01205	0.00720	0.00532	0.00541	0.00179	0.00838	0.00429	0.00240	0.00828
16	0.00978	0.00489	0.00733	0.00733	0.00733	0.00489	0.00489	0.00733	0.00733	0.00978	0.00978	0.01711	0.00978	0.01955	0.02199	0.83627	0.00489	0.00489	0.00244	0.00244
17	0.14872	0.61044	0.04746	0.00974	0.01418	0.02016	0.00953	0.01665	0.01099	0.01534	0.00787	0.00931	0.00705	0.00517	0.00445	0.00138	0.04881	0.00315	0.00258	0.00701
18	0.01449	0.01333	0.02262	0.03289	0.70431	0.01329	0.03540	0.03322	0.01324	0.04679	0.01110	0.01415	0.00911	0.00512	0.00560	0.00168	0.00668	0.00508	0.00300	0.00892
19	0.00730	0.00528	0.00689	0.00743	0.00824	0.00488	0.00522	0.00897	0.01295	0.01772	0.32847	0.45928	0.07643	0.01500	0.00694	0.00206	0.00300	0.01346	0.00562	0.00488
20	0.01117	0.00590	0.00597	0.00572	0.00723	0.00600	0.00435	0.05876	0.01271	0.02188	0.01806	0.02052	0.01412	0.00657	0.00404	0.00133	0.00284	0.00523	0.78207	0.00551
21	0.01450	0.67929	0.04729	0.05036	0.01598	0.02111	0.01045	0.01648	0.01121	0.01344	0.00796	0.00968	0.00725	0.00528	0.00498	0.00136	0.07056	0.00330	0.00242	0.00711
22	0.01722	0.01023	0.01184	0.00976	0.01285	0.01049	0.00779	0.29425	0.01872	0.19449	0.11098	0.10770	0.01981	0.00858	0.00566	0.00172	0.00454	0.00709	0.13848	0.00779
23	0.00796	0.00575	0.00752	0.00708	0.00841	0.00531	0.00531	0.01062	0.01593	0.02257	0.76415	0.04204	0.05310	0.01150	0.00664	0.00177	0.00265	0.01018	0.00619	0.00531
24	0.02439	0.01096	0.01392	0.01067	0.01506	0.01033	0.00881	0.18874	0.01842	0.60643	0.02026	0.01789	0.01295	0.00692	0.00565	0.00173	0.00510	0.00553	0.00667	0.00958
25	0.02154	0.01488	0.01605	0.01239	0.01672	0.03204	0.01017	0.61507	0.02433	0.13351	0.01470	0.01485	0.01041	0.02898	0.00626	0.00180	0.00607	0.00520	0.00569	0.00933
26	0.00818	0.00546	0.00614	0.00614	0.00614	0.00546	0.00341	0.00818	0.00818	0.01091	0.01773	0.03683	0.02046	0.80222	0.02864	0.00546	0.00546	0.00818	0.00341	0.00341
27	0.02525	0.00958	0.01306	0.01001	0.01437	0.00827	0.00827	0.02743	0.01611	0.77102	0.02220	0.01915	0.01393	0.00697	0.00566	0.00174	0.00479	0.00566	0.00697	0.00958
28	0.61374	0.01078	0.01035	0.16928	0.01690	0.01269	0.00826	0.01700	0.06072	0.02288	0.00931	0.01116	0.00714	0.00547	0.00408	0.00178	0.00501	0.00368	0.00343	0.00632
29	0.01400	0.01209	0.01273	0.01145	0.01463	0.01400	0.00891	0.02990	0.75695	0.02354	0.02291	0.02100	0.01718	0.00764	0.00573	0.00191	0.00445	0.00636	0.00573	0.00891
30	0.05624	0.01302	0.01503	0.01162	0.01577	0.01362	0.03659	0.43908	0.02096	0.18160	0.01739	0.01773	0.05203	0.04281	0.00661	0.00186	0.00565	0.00560	0.00549	0.04128
31	0.00781	0.00608	0.00811	0.00866	0.00898	0.00658	0.00612	0.00880	0.01018	0.01386	0.02619	0.55103	0.04914	0.09499	0.05314	0.00298	0.11508	0.01302	0.00454	0.00471
32	0.84197	0.01088	0.00827	0.00740	0.01088	0.01262	0.00609	0.01654	0.00958	0.02525	0.00784	0.00914	0.00609	0.00522	0.00348	0.00174	0.00435	0.00305	0.00348	0.00609
33	0.01131	0.01090	0.01902	0.61948	0.14364	0.01276	0.07308	0.01508	0.01164	0.01525	0.01020	0.01486	0.00779	0.00547	0.00570	0.00185	0.00754	0.00513	0.00257	0.00674
34	0.01178	0.11968	0.37011	0.01593	0.02193	0.01358	0.19776	0.01650	0.01234	0.01731	0.06622	0.04738	0.02652	0.00639	0.00606	0.00178	0.03256	0.00572	0.00295	0.00749
35	0.02342	0.00951	0.01268	0.01000	0.01405	0.00849	0.00815	0.02654	0.07029	0.67466	0.02274	0.06192	0.01544	0.00760	0.00575	0.00178	0.00468	0.00628	0.00678	0.00925
36	0.01200	0.00999	0.01085	0.01015	0.01261	0.01111	0.00771	0.05211	0.48461	0.02141	0.05444	0.18957	0.07881	0.01037	0.00614	0.00197	0.00408	0.00892	0.00560	0.00756
37	0.01340	0.01430	0.08350	0.05585	0.66096	0.01306	0.01715	0.01694	0.01263	0.01809	0.01114	0.03719	0.00957	0.00544	0.00560	0.00171	0.00674	0.00527	0.00282	0.00865
38	0.01689	0.11279	0.19394	0.01637	0.15064	0.01266	0.04619	0.02146	0.07278	0.25788	0.03358	0.01583	0.01163	0.00605	0.00539	0.00169	0.00623	0.00508	0.00430	0.00863
39	0.01280	0.01460	0.05425	0.06410	0.11352	0.01347	0.55956	0.01718	0.01294	0.01767	0.01225	0.05777	0.01005	0.00555	0.00645	0.00189	0.00868	0.00680	0.00294	0.00753
40	0.00686	0.00490	0.00653	0.00784	0.00816	0.00457	0.00522	0.00784	0.01077	0.01437	0.03102	0.79855	0.03722	0.01763	0.00718	0.00229	0.00326	0.01600	0.00522	0.00457
41	0.08507	0.00572	0.00741	0.00728	0.00778	0.00591	0.00499	0.02491	0.00836	0.01260	0.01112	0.03475	0.01091	0.05994	0.01888	0.62703	0.00472	0.00517	0.05424	0.00320
42	0.06001	0.04003	0.08361	0.01434	0.09127	0.03126	0.01137	0.42998	0.01986	0.02760	0.01267	0.01415	0.00963	0.01012	0.08905	0.00246	0.00726	0.00489	0.03198	0.00844
43	0.00831	0.00566	0.00720	0.00765	0.00851	0.00533	0.00530	0.03157	0.01233	0.04453	0.17272	0.48657	0.07909	0.08698	0.00890	0.00241	0.00347	0.01320	0.00532	0.00496

[dist]
# distance from previous block
# <min> <max>
1	5

[block]
# block no. 1 follows, 42 sequences, length 23
# corresponding to MSA columns:
# 253-275
name=unknown_B
#
# <colnr> <probs for GDERKNQSTAVLIFYWHMCP>
#	G	D	E	R	K	N	Q	S	T	A	V	L	I	F	Y	W	H	M	C	P
0	0.04626	0.01074	0.01997	0.04462	0.08607	0.01031	0.31323	0.01493	0.01354	0.04494	0.22456	0.09203	0.02369	0.00817	0.00664	0.01519	0.00625	0.00805	0.00414	0.00668
1	0.01822	0.01378	0.01475	0.01203	0.01591	0.01541	0.00970	0.41245	0.32256	0.05468	0.01775	0.01694	0.01294	0.00711	0.00562	0.00177	0.00534	0.00562	0.02822	0.00918
2	0.00808	0.00586	0.00816	0.00816	0.00886	0.00656	0.00594	0.00948	0.00878	0.01241	0.01588	0.02657	0.01601	0.27259	0.55218	0.00796	0.01216	0.00668	0.00313	0.00454
3	0.01266	0.14756	0.50134	0.01615	0.02332	0.01490	0.13709	0.05128	0.01271	0.01795	0.01011	0.01205	0.00749	0.00523	0.00530	0.00171	0.00805	0.00443	0.00261	0.00808
4	0.01196	0.09835	0.51518	0.06424	0.04140	0.01421	0.11567	0.01739	0.01190	0.01707	0.00997	0.01230	0.00740	0.00538	0.00583	0.00177	0.03511	0.00448	0.00246	0.00793
5	0.02087	0.01550	0.01659	0.01284	0.01725	0.01721	0.01057	0.69747	0.07819	0.03462	0.01418	0.01404	0.01011	0.00682	0.00564	0.00170	0.00607	0.00516	0.00564	0.00952
6	0.00969	0.00876	0.01331	0.13339	0.12777	0.03890	0.07314	0.01188	0.01179	0.01558	0.04651	0.42207	0.02520	0.01208	0.00657	0.00205	0.00526	0.02600	0.00418	0.00585
7	0.04695	0.01029	0.01562	0.35340	0.15914	0.01142	0.01290	0.04712	0.04281	0.09521	0.06761	0.02123	0.02786	0.00704	0.00578	0.00186	0.00618	0.05663	0.00381	0.00714
8	0.00712	0.00526	0.00726	0.06313	0.01033	0.00513	0.00596	0.00830	0.01081	0.01437	0.02953	0.74306	0.03512	0.01678	0.00707	0.00226	0.00357	0.01522	0.00503	0.00469
9	0.00712	0.00532	0.00763	0.00849	0.00904	0.00497	0.03590	0.00826	0.01088	0.01452	0.03021	0.76615	0.03603	0.01710	0.00716	0.00227	0.00352	0.01561	0.00513	0.00470
10	0.01543	0.14827	0.21588	0.07606	0.05386	0.04085	0.16699	0.07782	0.01398	0.12044	0.01188	0.01349	0.00867	0.00549	0.00542	0.00169	0.00746	0.00485	0.00341	0.00806
11	0.01146	0.02789	0.70806	0.01671	0.02480	0.01317	0.08457	0.01784	0.01200	0.01784	0.01021	0.01217	0.00725	0.00529	0.00546	0.00179	0.00842	0.00438	0.00242	0.00825
12	0.01400	0.01209	0.01273	0.01145	0.01463	0.01400	0.00891	0.02990	0.75695	0.02354	0.02291	0.02100	0.01718	0.00764	0.00573	0.00191	0.00445	0.00636	0.00573	0.00891
13	0.03979	0.10007	0.17240	0.01446	0.05495	0.32482	0.01266	0.09337	0.01541	0.10502	0.01101	0.01193	0.00828	0.00579	0.00509	0.00157	0.00803	0.00411	0.00350	0.00772
14	0.02451	0.00941	0.01282	0.00989	0.01411	0.00814	0.00814	0.02670	0.01610	0.73882	0.05411	0.02014	0.01562	0.00716	0.00570	0.00174	0.00470	0.00585	0.00693	0.00939
15	0.02409	0.00932	0.01269	0.00982	0.01397	0.00807	0.00807	0.02630	0.01610	0.72085	0.07193	0.02069	0.01656	0.00727	0.00572	0.00174	0.00465	0.00596	0.00691	0.00929
16	0.00765	0.00574	0.00709	0.00675	0.00822	0.00518	0.00507	0.01002	0.01520	0.02083	0.59713	0.04490	0.22120	0.01215	0.00664	0.00180	0.00270	0.01058	0.00597	0.00518
17	0.01140	0.02039	0.41421	0.10093	0.08558	0.01210	0.12903	0.01606	0.01166	0.01667	0.01128	0.05020	0.00917	0.00706	0.00712	0.07411	0.00774	0.00532	0.00263	0.00735
18	0.00823	0.00592	0.00807	0.00931	0.01032	0.00577	0.00758	0.01023	0.01223	0.01595	0.03150	0.30424	0.06912	0.01617	0.00753	0.00246	0.00444	0.46077	0.00520	0.00496
19	0.00996	0.00965	0.01102	0.02395	0.01179	0.08623	0.02292	0.01128	0.01120	0.01434	0.02716	0.30398	0.18632	0.01304	0.00998	0.00215	0.22521	0.01035	0.00412	0.00534
20	0.06544	0.12148	0.07114	0.05145	0.36778	0.11253	0.09717	0.01785	0.01277	0.01731	0.00985	0.01255	0.00810	0.00511	0.00523	0.00162	0.00735	0.00458	0.00276	0.00793
21	0.01202	0.01115	0.01338	0.01197	0.01305	0.07882	0.00958	0.06907	0.03465	0.01526	0.01181	0.01723	0.01093	0.05426	0.30552	0.00492	0.31186	0.00542	0.00309	0.00599
22	0.56283	0.03364	0.01073	0.00868	0.01241	0.04911	0.00715	0.06396	0.01230	0.17707	0.01115	0.01150	0.00799	0.00569	0.00414	0.00171	0.00488	0.00373	0.00427	0.00707

[dist]
# distance from previous block
# <min> <max>
1	2

[block]
# block no. 2 follows, 42 sequences, length 9
# corresponding to MSA columns:
# 278-286
name=unknown_C
#
# <colnr> <probs for GDERKNQSTAVLIFYWHMCP>
#	G	D	E	R	K	N	Q	S	T	A	V	L	I	F	Y	W	H	M	C	P
0	0.19788	0.03927	0.01221	0.12138	0.01628	0.09067	0.00890	0.11606	0.01416	0.07856	0.01624	0.02145	0.04632	0.00748	0.00513	0.00176	0.00557	0.09217	0.10182	0.00667
1	0.00766	0.00550	0.00735	0.00846	0.00920	0.00526	0.00635	0.00923	0.01175	0.01555	0.07481	0.46929	0.06046	0.04334	0.00805	0.00245	0.00390	0.24140	0.00521	0.00478
2	0.01448	0.66286	0.08071	0.01065	0.01518	0.02106	0.01072	0.01655	0.01115	0.01360	0.00794	0.00959	0.00723	0.00541	0.00538	0.00138	0.09320	0.00330	0.00241	0.00718
3	0.00774	0.00527	0.00627	0.00670	0.00681	0.00516	0.00401	0.00807	0.00904	0.01206	0.02213	0.28895	0.02601	0.54253	0.02154	0.00441	0.00473	0.01077	0.00401	0.00379
4	0.15007	0.01474	0.01359	0.01134	0.01498	0.11921	0.00907	0.29193	0.17866	0.07118	0.01477	0.01474	0.01088	0.00657	0.00514	0.00169	0.00578	0.00487	0.05260	0.00821
5	0.45349	0.01172	0.01172	0.05999	0.01451	0.01366	0.00839	0.15607	0.03468	0.05981	0.01042	0.01186	0.00792	0.00624	0.00587	0.00181	0.09208	0.00405	0.02870	0.00699
6	0.00697	0.00543	0.00633	0.00670	0.00795	0.00479	0.00480	0.00848	0.01271	0.01631	0.18216	0.30874	0.37876	0.01490	0.00683	0.00201	0.00296	0.01298	0.00541	0.00479
7	0.01490	0.58677	0.02658	0.05586	0.01667	0.07901	0.03819	0.01684	0.01154	0.01356	0.00810	0.01004	0.00731	0.00546	0.00552	0.00142	0.08924	0.00351	0.00247	0.00701
8	0.01121	0.00769	0.00893	0.00834	0.01050	0.00762	0.00633	0.01655	0.20091	0.11649	0.18056	0.16431	0.21477	0.01166	0.00638	0.00192	0.00354	0.01004	0.00577	0.00650

[dist]
# distance from previous block
# <min> <max>
0	2

[block]
# block no. 3 follows, 42 sequences, length 58
# corresponding to MSA columns:
# 289-346
name=unknown_D
#
# <colnr> <probs for GDERKNQSTAVLIFYWHMCP>
#	G	D	E	R	K	N	Q	S	T	A	V	L	I	F	Y	W	H	M	C	P
0	0.01340	0.01101	0.08446	0.01008	0.01308	0.04135	0.02802	0.10783	0.01582	0.14343	0.25170	0.09354	0.07724	0.03028	0.00684	0.00194	0.00479	0.05303	0.00537	0.00679
1	0.01090	0.00752	0.03287	0.02339	0.01120	0.00687	0.00712	0.06930	0.03414	0.11229	0.02717	0.51988	0.02968	0.01438	0.00679	0.00216	0.00411	0.06897	0.00535	0.00591
2	0.00786	0.00575	0.00738	0.00697	0.00835	0.00527	0.00523	0.01043	0.01569	0.02200	0.70998	0.04297	0.10762	0.01172	0.00664	0.00178	0.00267	0.01031	0.00612	0.00527
3	0.01279	0.01893	0.29221	0.06490	0.43063	0.01326	0.05183	0.01736	0.01242	0.01797	0.01042	0.01330	0.00819	0.00515	0.00554	0.00173	0.00744	0.00478	0.00263	0.00851
4	0.01922	0.01421	0.01532	0.01220	0.01622	0.01570	0.00991	0.55528	0.14643	0.05294	0.01719	0.05383	0.03004	0.00761	0.00575	0.00176	0.00564	0.00599	0.00565	0.00911
5	0.13186	0.00975	0.01243	0.00967	0.01391	0.00884	0.00799	0.02601	0.01525	0.67367	0.02033	0.01785	0.01291	0.00674	0.00538	0.00174	0.00473	0.00532	0.00651	0.00912
6	0.00681	0.00571	0.00593	0.00596	0.00778	0.00483	0.00449	0.00835	0.01301	0.01575	0.10543	0.06804	0.68123	0.01416	0.00669	0.00192	0.00291	0.03091	0.00529	0.00480
7	0.07072	0.07448	0.04291	0.16094	0.08959	0.03009	0.23928	0.01626	0.02865	0.01672	0.01193	0.03106	0.03205	0.00639	0.00758	0.00189	0.12391	0.00563	0.00291	0.00699
8	0.05990	0.01237	0.03604	0.12014	0.01818	0.05466	0.06697	0.09256	0.01271	0.01872	0.06557	0.01599	0.01186	0.00765	0.00981	0.00195	0.27538	0.00531	0.10770	0.00654
9	0.02013	0.00845	0.01138	0.00911	0.01259	0.00738	0.00737	0.02241	0.01596	0.55078	0.21965	0.02624	0.04624	0.00838	0.00595	0.00175	0.00417	0.00704	0.00671	0.00831
10	0.01409	0.01185	0.01681	0.37701	0.07105	0.01374	0.03310	0.24499	0.01594	0.02119	0.01239	0.05523	0.01022	0.03341	0.00710	0.00197	0.04320	0.00573	0.00368	0.00730
11	0.16242	0.01042	0.01570	0.58375	0.08016	0.01267	0.01394	0.01494	0.01100	0.01660	0.00960	0.01382	0.00733	0.00559	0.00546	0.00185	0.02101	0.00464	0.00270	0.00639
12	0.59471	0.01181	0.02373	0.06788	0.03269	0.01317	0.00806	0.10968	0.03413	0.04557	0.00966	0.01092	0.00727	0.00556	0.00412	0.00175	0.00496	0.00369	0.00380	0.00683
13	0.01290	0.00828	0.00986	0.00905	0.01101	0.00837	0.00678	0.15406	0.05812	0.11996	0.08491	0.26241	0.04757	0.13349	0.00987	0.00253	0.00447	0.04465	0.00536	0.00636
14	0.01207	0.00960	0.01131	0.00869	0.01261	0.00822	0.00691	0.08665	0.01397	0.04028	0.15004	0.03685	0.04123	0.00661	0.00533	0.00122	0.02499	0.00541	0.00426	0.51374
15	0.00734	0.00551	0.00682	0.00710	0.00827	0.00500	0.00519	0.00917	0.01344	0.01794	0.32856	0.27518	0.22943	0.01424	0.00686	0.00200	0.00300	0.04440	0.00561	0.00494
16	0.06756	0.16472	0.07315	0.11416	0.15582	0.03975	0.01245	0.17589	0.08504	0.02143	0.03076	0.01386	0.01010	0.00590	0.00510	0.00164	0.00632	0.00467	0.00367	0.00801
17	0.67821	0.01063	0.00919	0.00788	0.01155	0.01173	0.00649	0.01836	0.01076	0.15408	0.01038	0.01094	0.00751	0.00550	0.00388	0.00172	0.00442	0.00351	0.00408	0.02918
18	0.01427	0.07500	0.03555	0.05408	0.05099	0.18834	0.10686	0.06751	0.08574	0.01745	0.03283	0.10384	0.03462	0.00911	0.02921	0.00202	0.04543	0.03652	0.00375	0.00688
19	0.01190	0.02662	0.64904	0.01724	0.04013	0.01311	0.11030	0.01805	0.01217	0.03463	0.01054	0.01249	0.00749	0.00530	0.00552	0.00179	0.00835	0.00452	0.00255	0.00827
20	0.02525	0.00958	0.01306	0.01001	0.01437	0.00827	0.00827	0.02743	0.01611	0.77102	0.02220	0.01915	0.01393	0.00697	0.00566	0.00174	0.00479	0.00566	0.00697	0.00958
21	0.00811	0.00611	0.00821	0.05691	0.01144	0.00597	0.00730	0.01021	0.01271	0.01659	0.12929	0.22670	0.15565	0.01467	0.00717	0.00225	0.00417	0.30632	0.00516	0.00505
22	0.02345	0.01319	0.08905	0.01105	0.01565	0.08326	0.00977	0.02599	0.01567	0.62284	0.01969	0.01756	0.01261	0.00669	0.00557	0.00172	0.00566	0.00531	0.00612	0.00916
23	0.00749	0.00563	0.00693	0.00682	0.00817	0.00507	0.00504	0.00962	0.01449	0.01966	0.49166	0.14053	0.23230	0.01298	0.00671	0.00187	0.00278	0.01134	0.00583	0.00507
24	0.01563	0.00786	0.01061	0.00962	0.03898	0.00717	0.00722	0.04038	0.01573	0.32922	0.33123	0.09143	0.03225	0.00985	0.00624	0.00181	0.00390	0.02734	0.00627	0.00726
25	0.09989	0.04187	0.03395	0.03687	0.01543	0.03724	0.00922	0.29713	0.06243	0.16904	0.04985	0.01722	0.01301	0.04835	0.02524	0.00207	0.00580	0.00534	0.02190	0.00815
26	0.00700	0.00500	0.00669	0.00800	0.00838	0.00469	0.00547	0.00808	0.01091	0.01452	0.03094	0.75184	0.03691	0.01750	0.00722	0.00230	0.00339	0.06132	0.00522	0.00461
27	0.00730	0.00530	0.00697	0.00806	0.00876	0.00497	0.00584	0.00870	0.01162	0.01531	0.07074	0.55745	0.10396	0.01663	0.00721	0.00228	0.00355	0.14534	0.00527	0.00474
28	0.01150	0.01437	0.13427	0.10078	0.04747	0.01178	0.35635	0.03313	0.01261	0.01723	0.01543	0.18831	0.01462	0.00784	0.00640	0.00195	0.00756	0.00809	0.00333	0.00697
29	0.00894	0.00597	0.00673	0.00658	0.00704	0.00603	0.00407	0.04660	0.00985	0.01358	0.03656	0.07074	0.03775	0.60270	0.04316	0.00470	0.00529	0.00823	0.07142	0.00405
30	0.01686	0.00854	0.01074	0.00890	0.01180	0.00803	0.00699	0.07959	0.05391	0.34771	0.23057	0.02875	0.06401	0.08785	0.00827	0.00213	0.00426	0.00748	0.00613	0.00748
31	0.01223	0.17702	0.56255	0.01462	0.02181	0.01472	0.03535	0.04032	0.01225	0.01739	0.01050	0.03781	0.00827	0.00569	0.00511	0.00169	0.00767	0.00442	0.00259	0.00800
32	0.01662	0.01307	0.01325	0.01140	0.01458	0.09430	0.00914	0.21224	0.22717	0.10665	0.06274	0.02472	0.06190	0.00857	0.00626	0.00186	0.02612	0.07599	0.00539	0.00802
33	0.00686	0.00490	0.00653	0.00784	0.00816	0.00457	0.00522	0.00784	0.01077	0.01437	0.03102	0.79855	0.03722	0.01763	0.00718	0.00229	0.00326	0.01600	0.00522	0.00457
34	0.01319	0.01499	0.03261	0.05173	0.02975	0.01417	0.71991	0.01789	0.01321	0.01789	0.01133	0.01517	0.00850	0.00478	0.00660	0.00190	0.00941	0.00658	0.00283	0.00754
35	0.06316	0.00838	0.00933	0.00863	0.01056	0.02567	0.00645	0.11017	0.07178	0.07200	0.21977	0.21927	0.06136	0.07790	0.00812	0.00220	0.00408	0.00965	0.00538	0.00615
36	0.03814	0.12879	0.01686	0.01294	0.03157	0.39442	0.01004	0.12025	0.10913	0.01851	0.01275	0.01349	0.03117	0.00626	0.00501	0.00153	0.00767	0.00439	0.02980	0.00728
37	0.00735	0.00536	0.00661	0.00716	0.00817	0.00482	0.00504	0.00877	0.01236	0.03043	0.16957	0.44484	0.23814	0.01541	0.00691	0.00208	0.00307	0.01363	0.00543	0.00485
38	0.01343	0.01354	0.04959	0.12494	0.65196	0.01326	0.01720	0.01694	0.01259	0.01788	0.01050	0.01398	0.00868	0.00510	0.00557	0.00170	0.00684	0.00498	0.00274	0.00857
39	0.11576	0.00987	0.01240	0.00973	0.01385	0.00913	0.00800	0.05280	0.03599	0.60914	0.03544	0.01902	0.02895	0.00702	0.00545	0.00175	0.00470	0.00558	0.00644	0.00899
40	0.02362	0.00936	0.01263	0.00983	0.01393	0.00822	0.00807	0.02624	0.03790	0.69273	0.07802	0.02093	0.01697	0.00733	0.00573	0.00175	0.00462	0.00602	0.00687	0.00924
41	0.00733	0.00582	0.00669	0.02820	0.00906	0.00524	0.00538	0.00903	0.01271	0.01596	0.10649	0.13593	0.47333	0.03065	0.00722	0.00208	0.00336	0.10544	0.02521	0.00486
42	0.01420	0.01396	0.02232	0.05499	0.70796	0.05261	0.01690	0.01746	0.01293	0.01803	0.01047	0.01377	0.00879	0.00507	0.00555	0.00167	0.00689	0.00494	0.00278	0.00872
43	0.01226	0.04185	0.38184	0.01806	0.02452	0.01297	0.30269	0.01741	0.01246	0.04081	0.01252	0.07358	0.01020	0.00609	0.00596	0.00185	0.00822	0.00605	0.00292	0.00776
44	0.05794	0.69599	0.02720	0.00995	0.01452	0.08878	0.00956	0.01733	0.01174	0.01390	0.00790	0.00913	0.00717	0.00492	0.00373	0.00125	0.00630	0.00307	0.00251	0.00710
45	0.10063	0.01518	0.18298	0.03519	0.04177	0.01172	0.01162	0.14525	0.04884	0.28593	0.03058	0.01689	0.03505	0.00663	0.00542	0.00176	0.00580	0.00523	0.00497	0.00857
46	0.07754	0.56934	0.19582	0.01091	0.01641	0.01945	0.01188	0.01705	0.01139	0.01520	0.00834	0.00968	0.00711	0.00497	0.00399	0.00138	0.00641	0.00327	0.00248	0.00738
47	0.01224	0.00754	0.00986	0.04862	0.01124	0.00803	0.00679	0.16784	0.01199	0.01609	0.01186	0.03864	0.01103	0.01565	0.01648	0.55207	0.00522	0.02374	0.02068	0.00436
48	0.00922	0.00752	0.01079	0.05026	0.01224	0.00917	0.00820	0.03085	0.00965	0.01382	0.01478	0.08189	0.01456	0.07098	0.48127	0.00656	0.15314	0.00665	0.00316	0.00530
49	0.04271	0.05352	0.06206	0.09230	0.15828	0.20617	0.10340	0.09607	0.04962	0.01868	0.01265	0.01565	0.02969	0.00614	0.00552	0.00170	0.00766	0.02731	0.00336	0.00753
50	0.01033	0.00963	0.01597	0.60949	0.03277	0.01171	0.04079	0.01364	0.01125	0.01462	0.01402	0.07500	0.04865	0.00716	0.00647	0.00193	0.04759	0.00623	0.01667	0.00608
51	0.00794	0.00535	0.00621	0.00645	0.00651	0.00529	0.00374	0.00812	0.00866	0.01154	0.02015	0.17568	0.02352	0.65920	0.02473	0.00488	0.00506	0.00961	0.00374	0.00362
52	0.00926	0.00680	0.00912	0.01018	0.01159	0.00690	0.00872	0.01275	0.06983	0.01718	0.03008	0.09980	0.05148	0.01502	0.00755	0.00250	0.00496	0.61564	0.00523	0.00542
53	0.01218	0.01038	0.01192	0.00879	0.01359	0.00846	0.00702	0.03588	0.09094	0.01936	0.01146	0.01271	0.00930	0.00461	0.00437	0.00097	0.00425	0.00370	0.00365	0.72646
54	0.00685	0.00494	0.00649	0.00773	0.00813	0.00458	0.00518	0.00785	0.01088	0.01441	0.03233	0.76101	0.07391	0.01746	0.00716	0.00227	0.00324	0.01579	0.00522	0.00458
55	0.01747	0.01290	0.01400	0.01174	0.01544	0.01438	0.00937	0.24395	0.45565	0.11123	0.02002	0.01856	0.01454	0.00730	0.00569	0.00182	0.00501	0.00590	0.00584	0.00918
56	0.03665	0.05036	0.58418	0.01630	0.04130	0.03418	0.08172	0.01814	0.01219	0.04305	0.01045	0.01224	0.00752	0.00531	0.00533	0.00174	0.00804	0.00434	0.00265	0.02429
57	0.00952	0.02371	0.00963	0.00993	0.02773	0.00770	0.00771	0.01421	0.14863	0.01857	0.16513	0.20614	0.03347	0.01334	0.00693	0.00220	0.00422	0.27997	0.00537	0.00588

[dist]
# distance from previous block
# <min> <max>
0	1

[block]
# block no. 4 follows, 42 sequences, length 58
# corresponding to MSA columns:
# 348-405
name=unknown_E
#
# <colnr> <probs for GDERKNQSTAVLIFYWHMCP>
#	G	D	E	R	K	N	Q	S	T	A	V	L	I	F	Y	W	H	M	C	P
0	0.00674	0.00567	0.00584	0.00587	0.00767	0.00478	0.00438	0.00822	0.01293	0.01561	0.09798	0.08389	0.69277	0.01423	0.00667	0.00191	0.00286	0.01194	0.00528	0.00478
1	0.00872	0.00665	0.00838	0.00939	0.01045	0.02744	0.00745	0.01126	0.04472	0.01647	0.07335	0.33271	0.03407	0.01547	0.00732	0.00237	0.00442	0.36896	0.00522	0.00516
2	0.10416	0.20635	0.30405	0.01437	0.02001	0.04669	0.12689	0.01713	0.01169	0.01709	0.00996	0.03576	0.00821	0.00576	0.00569	0.00170	0.04988	0.00453	0.00269	0.00740
3	0.01140	0.00662	0.00859	0.00826	0.00996	0.00594	0.00610	0.01276	0.01189	0.15741	0.05468	0.31325	0.04248	0.11358	0.00994	0.03635	0.00417	0.08778	0.00504	0.09379
4	0.01003	0.02116	0.00906	0.00791	0.00970	0.01957	0.00604	0.07095	0.05439	0.03913	0.56813	0.03726	0.06772	0.04531	0.00737	0.00192	0.00339	0.00921	0.00587	0.00588
5	0.00778	0.00633	0.00692	0.00667	0.00849	0.00583	0.00501	0.01094	0.08621	0.01805	0.25699	0.04706	0.47080	0.02938	0.00702	0.00194	0.00301	0.01077	0.00552	0.00529
6	0.02000	0.02131	0.01528	0.01322	0.01644	0.46953	0.01022	0.24282	0.01865	0.02086	0.01103	0.01230	0.00867	0.00732	0.03023	0.00176	0.00859	0.00425	0.06021	0.00732
7	0.03193	0.01125	0.01970	0.54202	0.16807	0.01287	0.10339	0.01539	0.01174	0.01580	0.01022	0.01469	0.00785	0.00540	0.00569	0.00184	0.00752	0.00515	0.00262	0.00689
8	0.01912	0.03647	0.01653	0.01228	0.01678	0.01568	0.02689	0.57010	0.03911	0.03119	0.01331	0.02829	0.00999	0.00649	0.00541	0.00157	0.00586	0.00502	0.00512	0.13479
9	0.00714	0.00505	0.00641	0.00737	0.00770	0.00477	0.00479	0.00792	0.01030	0.01365	0.02924	0.59959	0.06516	0.18911	0.01185	0.00296	0.00373	0.01411	0.00483	0.00432
10	0.00903	0.00605	0.00734	0.00688	0.00865	0.00535	0.00521	0.01114	0.01466	0.08772	0.41911	0.07000	0.30329	0.01228	0.00657	0.00183	0.00294	0.01057	0.00589	0.00547
11	0.01374	0.01355	0.02094	0.13249	0.58647	0.06666	0.01611	0.01698	0.01295	0.01770	0.04120	0.01496	0.01042	0.00542	0.00559	0.00169	0.00687	0.00513	0.00290	0.00824
12	0.01325	0.00972	0.01153	0.01006	0.01234	0.01019	0.03227	0.27528	0.04705	0.03822	0.05495	0.24963	0.04930	0.13621	0.00987	0.00250	0.00494	0.02096	0.00510	0.00661
13	0.00772	0.00587	0.00643	0.00620	0.00807	0.00503	0.00468	0.00947	0.01369	0.04786	0.22278	0.04986	0.56583	0.01330	0.00661	0.00186	0.00288	0.01122	0.00553	0.00508
14	0.01223	0.01666	0.17468	0.04468	0.05522	0.04033	0.40224	0.01655	0.01260	0.01716	0.01357	0.10911	0.01207	0.00681	0.00661	0.00192	0.02632	0.02090	0.00306	0.00727
15	0.01362	0.11452	0.06062	0.02081	0.05087	0.03996	0.52883	0.03415	0.01326	0.01754	0.01162	0.04608	0.00948	0.00539	0.00612	0.00179	0.00860	0.00628	0.00293	0.00751
16	0.00817	0.00576	0.00729	0.00719	0.00855	0.00524	0.00536	0.01032	0.01445	0.04430	0.46881	0.16390	0.17432	0.01298	0.00674	0.00191	0.00296	0.04067	0.00585	0.00523
17	0.00704	0.00569	0.00626	0.00618	0.00786	0.00491	0.00461	0.00881	0.01367	0.01733	0.26346	0.07547	0.53187	0.01356	0.00666	0.00187	0.00281	0.01152	0.00551	0.00491
18	0.01492	0.77929	0.05469	0.00985	0.01478	0.02196	0.01001	0.01688	0.01145	0.01340	0.00790	0.00912	0.00722	0.00483	0.00367	0.00122	0.00610	0.00305	0.00241	0.00726
19	0.01215	0.16174	0.56298	0.01410	0.02133	0.01402	0.01735	0.01743	0.01201	0.03308	0.03333	0.01246	0.00878	0.00542	0.00503	0.00163	0.00744	0.00413	0.00265	0.05293
20	0.01491	0.77755	0.05636	0.00986	0.01480	0.02194	0.01003	0.01689	0.01145	0.01341	0.00791	0.00913	0.00722	0.00483	0.00367	0.00122	0.00610	0.00305	0.00241	0.00726
21	0.84197	0.01088	0.00827	0.00740	0.01088	0.01262	0.00609	0.01654	0.00958	0.02525	0.00784	0.00914	0.00609	0.00522	0.00348	0.00174	0.00435	0.00305	0.00348	0.00609
22	0.01705	0.01313	0.01434	0.03381	0.03875	0.03528	0.00950	0.44110	0.09567	0.02737	0.01588	0.01849	0.03031	0.09129	0.07113	0.00269	0.00666	0.00572	0.02373	0.00809
23	0.00758	0.00574	0.00699	0.00668	0.00817	0.00515	0.00501	0.00988	0.01503	0.02042	0.55820	0.04557	0.26038	0.01231	0.00664	0.00181	0.00271	0.01067	0.00591	0.00515
24	0.01393	0.01337	0.02284	0.03454	0.76712	0.01337	0.01727	0.01727	0.01281	0.01839	0.01059	0.01393	0.00891	0.00501	0.00557	0.00167	0.00669	0.00501	0.00279	0.00891
25	0.01505	0.80561	0.02949	0.00963	0.01444	0.02227	0.00963	0.01685	0.01143	0.01324	0.00782	0.00903	0.00722	0.00481	0.00361	0.00120	0.00602	0.00301	0.00241	0.00722
26	0.01948	0.01480	0.01603	0.04067	0.01764	0.01656	0.01050	0.57336	0.17686	0.03224	0.01533	0.01511	0.01107	0.00690	0.00565	0.00174	0.00588	0.00533	0.00554	0.00931
27	0.02477	0.00947	0.01291	0.00993	0.01420	0.00819	0.00819	0.02696	0.01610	0.75011	0.04293	0.01979	0.01502	0.00709	0.00569	0.00174	0.00473	0.00579	0.00694	0.00946
28	0.02139	0.01576	0.01689	0.01295	0.01745	0.01745	0.01070	0.74835	0.02646	0.03547	0.01351	0.01351	0.00957	0.00676	0.00563	0.00169	0.00619	0.00507	0.00563	0.00957
29	0.05082	0.01311	0.01431	0.01092	0.01532	0.01336	0.00889	0.43535	0.01990	0.02810	0.01228	0.01357	0.00943	0.02595	0.03102	0.00174	0.00573	0.00452	0.00465	0.28104
30	0.01645	0.08037	0.23207	0.04449	0.04241	0.05110	0.01265	0.03334	0.10743	0.23748	0.03408	0.04301	0.01308	0.00686	0.00549	0.00175	0.00623	0.01896	0.00447	0.00828
31	0.00686	0.00490	0.00653	0.00784	0.00816	0.00457	0.00522	0.00784	0.01077	0.01437	0.03102	0.79855	0.03722	0.01763	0.00718	0.00229	0.00326	0.01600	0.00522	0.00457
32	0.01252	0.01256	0.04596	0.33452	0.45155	0.01301	0.01674	0.01614	0.01216	0.01677	0.01034	0.01429	0.00829	0.00527	0.00559	0.00176	0.00707	0.00498	0.00266	0.00783
33	0.01172	0.01243	0.04540	0.41598	0.09109	0.03365	0.18334	0.01539	0.01180	0.01558	0.01127	0.05537	0.00938	0.00626	0.00672	0.00191	0.05733	0.00588	0.00275	0.00676
34	0.01835	0.01213	0.01408	0.01139	0.01478	0.01315	0.00922	0.42039	0.01989	0.15134	0.01619	0.06501	0.01296	0.03870	0.12488	0.00300	0.03494	0.00608	0.00524	0.00825
35	0.01063	0.01000	0.01688	0.78870	0.03876	0.01250	0.01563	0.01438	0.01125	0.01438	0.01000	0.01500	0.00750	0.00563	0.00563	0.00188	0.00750	0.00500	0.00250	0.00625
36	0.05687	0.30863	0.29488	0.01323	0.01880	0.08488	0.06171	0.01729	0.01178	0.01575	0.00903	0.01098	0.00733	0.00584	0.00570	0.03550	0.02812	0.00385	0.00253	0.00730
37	0.01275	0.01414	0.02992	0.17756	0.03129	0.01388	0.59967	0.01729	0.01287	0.01729	0.01111	0.01514	0.00833	0.00492	0.00644	0.00189	0.00909	0.00631	0.00278	0.00732
38	0.00798	0.00576	0.00755	0.00721	0.00851	0.00533	0.00544	0.01059	0.01571	0.02218	0.72228	0.06022	0.05203	0.01178	0.00669	0.00181	0.00275	0.03475	0.00614	0.00529
39	0.01189	0.01172	0.02156	0.43125	0.03199	0.01298	0.25459	0.04512	0.01234	0.01641	0.01101	0.01594	0.00861	0.03813	0.00729	0.00203	0.03366	0.00568	0.02114	0.00668
40	0.01130	0.04074	0.01105	0.02310	0.03669	0.00924	0.00785	0.06437	0.17559	0.05080	0.15517	0.18926	0.05321	0.01234	0.02738	0.00219	0.00455	0.11331	0.00530	0.00657
41	0.00688	0.00496	0.00652	0.00772	0.00815	0.00460	0.00518	0.00793	0.01103	0.01466	0.05490	0.74202	0.07004	0.01729	0.00714	0.00225	0.00323	0.01563	0.00525	0.00460
42	0.01129	0.02911	0.77306	0.01604	0.02436	0.01307	0.02079	0.01782	0.01188	0.01782	0.01010	0.01188	0.00713	0.00535	0.00535	0.00178	0.00832	0.00416	0.00238	0.00832
43	0.06806	0.01217	0.01781	0.46676	0.13960	0.04453	0.04433	0.10722	0.01355	0.01845	0.01039	0.01408	0.00791	0.00562	0.00550	0.00180	0.00720	0.00489	0.00303	0.00711
44	0.01341	0.01284	0.02190	0.15406	0.65169	0.01323	0.01701	0.01681	0.01257	0.01775	0.01049	0.01410	0.00869	0.00511	0.00558	0.00170	0.00681	0.00501	0.00274	0.00849
45	0.00691	0.00502	0.00653	0.00761	0.00813	0.00463	0.00515	0.00804	0.01128	0.01497	0.08110	0.68905	0.09689	0.01696	0.00710	0.00222	0.00319	0.01529	0.00529	0.00463
46	0.01113	0.01002	0.01418	0.01298	0.04709	0.05273	0.08710	0.05353	0.01101	0.01542	0.01296	0.01866	0.01172	0.05039	0.39583	0.00561	0.14329	0.00572	0.03467	0.00595
47	0.01308	0.01579	0.07704	0.02248	0.02785	0.01442	0.63925	0.01763	0.01280	0.01763	0.01096	0.01473	0.00835	0.00522	0.00758	0.00194	0.07662	0.00634	0.00278	0.00751
48	0.00696	0.00496	0.00661	0.00788	0.00823	0.00466	0.00531	0.00797	0.01079	0.01437	0.03066	0.75585	0.03666	0.03625	0.00771	0.00237	0.00338	0.03964	0.00518	0.00456
49	0.00864	0.00624	0.00853	0.00970	0.01093	0.00613	0.00824	0.01099	0.01279	0.01662	0.05118	0.14040	0.08218	0.01557	0.00761	0.00249	0.00476	0.58669	0.00522	0.00509
50	0.01429	0.49840	0.26705	0.01205	0.01784	0.07579	0.01330	0.01758	0.01191	0.01475	0.00862	0.01003	0.00719	0.00506	0.00428	0.00141	0.00706	0.00342	0.00243	0.00752
51	0.04619	0.01407	0.01736	0.03388	0.25543	0.06252	0.01221	0.24962	0.09289	0.12253	0.01442	0.01577	0.01084	0.00635	0.00556	0.00172	0.00618	0.01903	0.00459	0.00884
52	0.00692	0.00516	0.00638	0.00730	0.00803	0.00470	0.00502	0.00801	0.01124	0.01450	0.03695	0.56100	0.21869	0.04882	0.00794	0.00233	0.00330	0.03397	0.00515	0.00459
53	0.00837	0.00628	0.00707	0.00697	0.00881	0.00564	0.00538	0.03975	0.01380	0.04445	0.14506	0.10162	0.48510	0.01368	0.00672	0.00197	0.00330	0.08535	0.00543	0.00523
54	0.04555	0.01023	0.01650	0.69103	0.05201	0.01247	0.01486	0.03172	0.01176	0.04616	0.01050	0.01488	0.00778	0.00568	0.00554	0.00186	0.00722	0.00495	0.00280	0.00651
55	0.02005	0.04976	0.01753	0.01533	0.05402	0.53129	0.04116	0.15107	0.03557	0.01825	0.01007	0.01136	0.00804	0.00590	0.00523	0.00152	0.00897	0.00412	0.00343	0.00731
56	0.10733	0.17411	0.27906	0.01356	0.01933	0.06271	0.09131	0.04599	0.01309	0.12683	0.01132	0.01237	0.00826	0.00548	0.00498	0.00165	0.00708	0.00429	0.00337	0.00789
57	0.01423	0.10081	0.03132	0.07853	0.23371	0.04251	0.01239	0.12839	0.11339	0.02049	0.03948	0.02256	0.01469	0.00749	0.00573	0.00181	0.00611	0.11454	0.00401	0.00784

[dist]
# distance from previous block
# <min> <max>
3	8

[block]
# block no. 5 follows, 42 sequences, length 17
# corresponding to MSA columns:
# 414-430
name=unknown_F
#
# <colnr> <probs for GDERKNQSTAVLIFYWHMCP>
#	G	D	E	R	K	N	Q	S	T	A	V	L	I	F	Y	W	H	M	C	P
0	0.01108	0.06175	0.57066	0.01497	0.02187	0.01242	0.06998	0.01664	0.01241	0.01808	0.10083	0.03847	0.01360	0.00637	0.00556	0.00178	0.00747	0.00535	0.00295	0.00774
1	0.01101	0.00650	0.00842	0.00772	0.00967	0.00588	0.00604	0.01341	0.01530	0.15603	0.47382	0.04138	0.13605	0.01140	0.00656	0.00185	0.00329	0.07355	0.00612	0.00600
2	0.01708	0.01287	0.03435	0.03054	0.01444	0.07114	0.00872	0.31393	0.06876	0.09533	0.01738	0.01872	0.04199	0.04995	0.00652	0.00183	0.00543	0.00555	0.17773	0.00774
3	0.01427	0.01855	0.15985	0.01263	0.04127	0.25489	0.01098	0.08070	0.06846	0.01826	0.07699	0.02380	0.17969	0.00820	0.00570	0.00170	0.00675	0.00641	0.00399	0.00690
4	0.00842	0.00782	0.03161	0.00733	0.00927	0.04748	0.00579	0.01107	0.03975	0.01885	0.37453	0.04378	0.34954	0.01203	0.00649	0.00181	0.00338	0.01022	0.00547	0.00536
5	0.08140	0.47863	0.04104	0.01142	0.01569	0.23800	0.03226	0.01849	0.01265	0.01458	0.00824	0.00961	0.00718	0.00514	0.00415	0.00135	0.00723	0.00332	0.00265	0.00697
6	0.84197	0.01088	0.00827	0.00740	0.01088	0.01262	0.00609	0.01654	0.00958	0.02525	0.00784	0.00914	0.00609	0.00522	0.00348	0.00174	0.00435	0.00305	0.00348	0.00609
7	0.01063	0.01000	0.01688	0.78870	0.03876	0.01250	0.01563	0.01438	0.01125	0.01438	0.01000	0.01500	0.00750	0.00563	0.00563	0.00188	0.00750	0.00500	0.00250	0.00625
8	0.00960	0.00498	0.00686	0.00696	0.00720	0.00495	0.00468	0.00839	0.00839	0.01208	0.01321	0.07700	0.01314	0.05604	0.01816	0.59117	0.00441	0.00594	0.14372	0.00313
9	0.01049	0.00525	0.00525	0.00525	0.00656	0.00525	0.00393	0.01311	0.01180	0.02098	0.01836	0.02098	0.01442	0.00656	0.00393	0.00131	0.00262	0.00525	0.83346	0.00525
10	0.00668	0.00560	0.00581	0.00598	0.00767	0.00473	0.00440	0.00805	0.01256	0.01509	0.05364	0.15065	0.67052	0.01469	0.00672	0.00195	0.00290	0.01241	0.00523	0.00473
11	0.01348	0.01428	0.05905	0.19123	0.41345	0.05464	0.09765	0.03917	0.01307	0.01767	0.01146	0.01480	0.02382	0.00542	0.00569	0.00174	0.00735	0.00522	0.00285	0.00797
12	0.04827	0.01122	0.01249	0.01055	0.01362	0.01213	0.00853	0.33121	0.11443	0.04184	0.20328	0.02700	0.03924	0.00979	0.02488	0.00200	0.00505	0.07118	0.00561	0.00769
13	0.26060	0.07352	0.05403	0.05201	0.01473	0.04347	0.00892	0.12772	0.10272	0.02295	0.09865	0.03757	0.01571	0.00755	0.00535	0.01628	0.00522	0.04176	0.00427	0.00695
14	0.12059	0.01114	0.01224	0.01008	0.01359	0.01165	0.00804	0.20536	0.15003	0.19869	0.01907	0.03559	0.04351	0.07272	0.00732	0.00205	0.00495	0.01882	0.00536	0.04918
15	0.04898	0.49459	0.02391	0.05470	0.01656	0.21557	0.01020	0.05082	0.01318	0.01490	0.00843	0.00986	0.00731	0.00522	0.00419	0.00135	0.00710	0.00337	0.00272	0.00705
16	0.01275	0.01424	0.05605	0.05523	0.20085	0.03057	0.41444	0.01678	0.01309	0.01788	0.05290	0.06301	0.01263	0.00603	0.00629	0.00184	0.00797	0.00677	0.00312	0.00755

[dist]
# distance from previous block
# <min> <max>
0	1

[block]
# block no. 6 follows, 42 sequences, length 10
# corresponding to MSA columns:
# 432-441
name=unknown_G
#
# <colnr> <probs for GDERKNQSTAVLIFYWHMCP>
#	G	D	E	R	K	N	Q	S	T	A	V	L	I	F	Y	W	H	M	C	P
0	0.01336	0.01125	0.03133	0.04932	0.04313	0.01177	0.00923	0.08458	0.38664	0.05189	0.02407	0.06109	0.08990	0.00868	0.00589	0.00187	0.00476	0.05078	0.00518	0.05531
1	0.03779	0.03861	0.01574	0.01276	0.03330	0.14882	0.01004	0.39304	0.11933	0.05273	0.01530	0.01529	0.03734	0.00676	0.00542	0.00164	0.00637	0.00508	0.00491	0.03972
2	0.00791	0.00547	0.00641	0.00645	0.00686	0.00529	0.00400	0.00860	0.01021	0.01374	0.16303	0.11352	0.07762	0.52342	0.02092	0.00421	0.00454	0.00957	0.00424	0.00397
3	0.03666	0.18010	0.13376	0.01942	0.21414	0.21379	0.06808	0.04043	0.01357	0.01672	0.00954	0.01161	0.00780	0.00526	0.00504	0.00155	0.00782	0.00419	0.00278	0.00771
4	0.78860	0.06218	0.00964	0.00754	0.01111	0.01325	0.00632	0.01656	0.00970	0.02447	0.00784	0.00913	0.00617	0.00520	0.00349	0.00171	0.00446	0.00304	0.00341	0.00617
5	0.00686	0.00490	0.00653	0.00784	0.00816	0.00457	0.00522	0.00784	0.01077	0.01437	0.03102	0.79855	0.03722	0.01763	0.00718	0.00229	0.00326	0.01600	0.00522	0.00457
6	0.00686	0.00490	0.00653	0.00784	0.00816	0.00457	0.00522	0.00784	0.01077	0.01437	0.03102	0.79855	0.03722	0.01763	0.00718	0.00229	0.00326	0.01600	0.00522	0.00457
7	0.00684	0.00498	0.00645	0.00763	0.00811	0.00459	0.00513	0.00786	0.01098	0.01445	0.03356	0.72569	0.10844	0.01730	0.00713	0.00225	0.00322	0.01560	0.00522	0.00459
8	0.02098	0.01503	0.01633	0.01248	0.01701	0.01628	0.01030	0.65936	0.02491	0.07638	0.01378	0.01371	0.00974	0.00660	0.00554	0.00164	0.00598	0.00499	0.00556	0.06341
9	0.02032	0.01496	0.01612	0.01257	0.01676	0.01650	0.01029	0.69355	0.02530	0.03391	0.01481	0.07161	0.01162	0.00756	0.00574	0.00173	0.00598	0.00588	0.00560	0.00920

[dist]
# distance from previous block
# <min> <max>
2	4

[block]
# block no. 7 follows, 42 sequences, length 36
# corresponding to MSA columns:
# 447-482
name=unknown_H
#
# <colnr> <probs for GDERKNQSTAVLIFYWHMCP>
#	G	D	E	R	K	N	Q	S	T	A	V	L	I	F	Y	W	H	M	C	P
0	0.68381	0.08355	0.08794	0.00848	0.01257	0.01353	0.00790	0.01670	0.00998	0.02342	0.00807	0.00941	0.00630	0.00520	0.00368	0.00170	0.00490	0.00316	0.00327	0.00642
1	0.01955	0.01646	0.01556	0.01264	0.01647	0.14474	0.01016	0.48751	0.10954	0.02899	0.01401	0.01442	0.01041	0.00830	0.04058	0.00200	0.00696	0.00502	0.02801	0.00865
2	0.00964	0.00651	0.00796	0.00789	0.00960	0.00615	0.00607	0.01243	0.06412	0.08994	0.16433	0.16176	0.25423	0.03045	0.04104	0.00240	0.00409	0.11030	0.00546	0.00562
3	0.00936	0.00636	0.00761	0.00739	0.00922	0.00575	0.00573	0.03186	0.01410	0.08530	0.22394	0.12190	0.34040	0.01319	0.00671	0.00197	0.00338	0.09473	0.00563	0.00549
4	0.01129	0.02911	0.77306	0.01604	0.02436	0.01307	0.02079	0.01782	0.01188	0.01782	0.01010	0.01188	0.00713	0.00535	0.00535	0.00178	0.00832	0.00416	0.00238	0.00832
5	0.01167	0.01000	0.01167	0.00834	0.01334	0.00750	0.00667	0.01417	0.01167	0.01834	0.01000	0.01167	0.00834	0.00417	0.00417	0.00083	0.00417	0.00333	0.00333	0.83663
6	0.00687	0.00534	0.00617	0.00673	0.00783	0.00473	0.00471	0.00810	0.01190	0.01504	0.07938	0.38055	0.38063	0.04565	0.00772	0.00220	0.00312	0.01347	0.00520	0.00465
7	0.02040	0.01205	0.01396	0.01095	0.01483	0.01243	0.00890	0.37842	0.03640	0.27672	0.08300	0.02006	0.03388	0.04320	0.00679	0.00189	0.00527	0.00604	0.00601	0.00879
8	0.02435	0.00938	0.01277	0.00986	0.01406	0.00812	0.00812	0.02655	0.01610	0.73219	0.06069	0.02034	0.01596	0.00720	0.00571	0.00174	0.00468	0.00589	0.00693	0.00936
9	0.00782	0.00575	0.00732	0.00692	0.00832	0.00525	0.00519	0.01033	0.01558	0.02173	0.68382	0.04341	0.13395	0.01182	0.00664	0.00178	0.00268	0.01037	0.00608	0.00525
10	0.01314	0.01196	0.04799	0.01012	0.01524	0.00953	0.04484	0.12111	0.01391	0.02079	0.01059	0.01212	0.00847	0.00463	0.00456	0.00105	0.00492	0.00379	0.00360	0.63764
11	0.00725	0.00517	0.00691	0.00817	0.00863	0.00490	0.00576	0.00845	0.01102	0.01462	0.03032	0.65459	0.03583	0.04723	0.00809	0.00245	0.00365	0.12720	0.00515	0.00462
12	0.02102	0.02682	0.01595	0.01450	0.01740	0.77963	0.01087	0.02247	0.01595	0.01377	0.00870	0.01015	0.00725	0.00580	0.00507	0.00145	0.01015	0.00362	0.00290	0.00652
13	0.01505	0.80561	0.02949	0.00963	0.01444	0.02227	0.00963	0.01685	0.01143	0.01324	0.00782	0.00903	0.00722	0.00481	0.00361	0.00120	0.00602	0.00301	0.00241	0.00722
