[name]
unknown

[dist]
# distance from previous block
# <min> <max>
6	127

[block]
# block no. 0 follows, 45 sequences, length 20
# corresponding to MSA columns:
# 161-180
name=unknown_A
#
# <colnr> <probs for GDERKNQSTAVLIFYWHMCP>
#	G	D	E	R	K	N	Q	S	T	A	V	L	I	F	Y	W	H	M	C	P
0	0.03926	0.01217	0.06183	0.04726	0.02957	0.02816	0.00918	0.20999	0.20500	0.08445	0.11743	0.02145	0.07694	0.00754	0.00548	0.00169	0.00488	0.00615	0.00498	0.02658
1	0.06518	0.07547	0.03515	0.23195	0.10747	0.04450	0.03688	0.13331	0.04498	0.02912	0.01180	0.01644	0.00989	0.06623	0.00676	0.00190	0.00624	0.03339	0.00335	0.03997
2	0.04277	0.04256	0.01227	0.02912	0.01310	0.07293	0.00790	0.28212	0.04524	0.03277	0.04065	0.07506	0.05391	0.11182	0.08367	0.00277	0.00630	0.01874	0.00434	0.02195
3	0.07048	0.00690	0.03386	0.00791	0.00952	0.00623	0.00623	0.01129	0.05543	0.05435	0.09104	0.34347	0.16121	0.01318	0.00632	0.00201	0.00362	0.10678	0.00495	0.00523
4	0.04640	0.01328	0.04731	0.01825	0.02284	0.01252	0.50843	0.01811	0.12926	0.01875	0.09519	0.01778	0.01389	0.00568	0.00604	0.00179	0.00737	0.00645	0.00350	0.00716
5	0.01138	0.01024	0.04627	0.10797	0.11795	0.00960	0.16247	0.04031	0.02428	0.07177	0.10778	0.13738	0.05620	0.00870	0.00608	0.00185	0.00569	0.06353	0.00405	0.00652
6	0.04633	0.07599	0.05578	0.11078	0.09365	0.01308	0.34262	0.01706	0.09375	0.01704	0.01277	0.07364	0.01076	0.00592	0.00567	0.00175	0.00710	0.00613	0.00311	0.00707
7	0.00677	0.00535	0.00596	0.00600	0.00738	0.00469	0.00434	0.00825	0.01238	0.01575	0.21711	0.12967	0.46950	0.07318	0.00797	0.00208	0.00290	0.01111	0.00507	0.00454
8	0.00966	0.00639	0.00807	0.00753	0.00909	0.00609	0.00568	0.07016	0.01489	0.07767	0.48026	0.16245	0.06585	0.02681	0.00670	0.00185	0.00316	0.02649	0.00567	0.00552
9	0.06180	0.25830	0.04932	0.07637	0.10443	0.31682	0.01115	0.01834	0.03115	0.01451	0.00869	0.01040	0.00727	0.00515	0.00446	0.00141	0.00742	0.00359	0.00266	0.00676
10	0.02080	0.16008	0.01507	0.00943	0.01338	0.01046	0.00800	0.05040	0.01452	0.55171	0.01892	0.07549	0.01360	0.00701	0.00514	0.00160	0.00473	0.00564	0.00566	0.00836
11	0.00650	0.00482	0.00608	0.00709	0.00769	0.00439	0.00481	0.00752	0.01064	0.01385	0.03424	0.66603	0.17432	0.01621	0.00676	0.00211	0.00304	0.01452	0.00498	0.00439
12	0.01100	0.01007	0.01602	0.41976	0.14319	0.02343	0.04341	0.03219	0.01150	0.01567	0.06657	0.01624	0.01118	0.00703	0.02177	0.02100	0.07018	0.00521	0.04835	0.00626
13	0.01236	0.01057	0.01152	0.08358	0.05582	0.09387	0.00841	0.20694	0.01485	0.01905	0.02018	0.36146	0.03611	0.03161	0.00654	0.00195	0.00515	0.00944	0.00443	0.00616
14	0.82233	0.01087	0.00813	0.00728	0.01058	0.03730	0.00596	0.01596	0.00933	0.02373	0.00750	0.00875	0.00585	0.00500	0.00337	0.00165	0.00433	0.00292	0.00330	0.00583
15	0.10260	0.20062	0.33775	0.08647	0.04999	0.01416	0.07088	0.01616	0.01108	0.01663	0.00933	0.01138	0.00720	0.00499	0.00460	0.00156	0.00675	0.00393	0.03677	0.00713
16	0.01118	0.13408	0.01867	0.58024	0.12680	0.01347	0.01422	0.01443	0.01095	0.01403	0.00929	0.01330	0.00728	0.00517	0.00506	0.00167	0.00684	0.00448	0.00241	0.00643
17	0.09126	0.03174	0.21492	0.03246	0.07232	0.09857	0.12494	0.18648	0.01488	0.02089	0.01014	0.01190	0.00762	0.00541	0.00545	0.00163	0.02870	0.00442	0.00325	0.03302
18	0.06679	0.01155	0.04530	0.29791	0.12671	0.06909	0.07727	0.01453	0.03056	0.01624	0.07573	0.03759	0.09491	0.00683	0.00548	0.00173	0.00623	0.00603	0.00323	0.00631
19	0.11351	0.00927	0.01196	0.00928	0.01334	0.00834	0.00766	0.02504	0.01469	0.69949	0.01969	0.01724	0.01248	0.00646	0.00517	0.00166	0.00452	0.00513	0.00628	0.00878

[dist]
# distance from previous block
# <min> <max>
0	5

[block]
# block no. 1 follows, 45 sequences, length 21
# corresponding to MSA columns:
# 186-206
name=unknown_B
#
# <colnr> <probs for GDERKNQSTAVLIFYWHMCP>
#	G	D	E	R	K	N	Q	S	T	A	V	L	I	F	Y	W	H	M	C	P
0	0.10066	0.25052	0.12506	0.08354	0.06152	0.16032	0.02730	0.02947	0.01189	0.01564	0.03135	0.01132	0.00827	0.00549	0.00529	0.00152	0.05759	0.00384	0.00269	0.00673
1	0.00780	0.00523	0.00657	0.00715	0.00770	0.00499	0.00488	0.00870	0.01011	0.03848	0.04807	0.37844	0.06809	0.27966	0.01362	0.00317	0.00403	0.09458	0.00449	0.00425
2	0.37232	0.01162	0.01278	0.02926	0.06069	0.01283	0.05713	0.22843	0.02575	0.02479	0.01306	0.01411	0.05669	0.00608	0.00476	0.00166	0.01883	0.00454	0.03773	0.00695
3	0.03768	0.02667	0.03347	0.04675	0.01799	0.04509	0.21117	0.11283	0.05914	0.01847	0.01277	0.06893	0.01098	0.00870	0.04637	0.00216	0.15430	0.00590	0.07396	0.00667
4	0.25302	0.01067	0.03499	0.08451	0.03759	0.03674	0.04757	0.01855	0.09178	0.18366	0.04410	0.06483	0.01334	0.00685	0.00495	0.00173	0.00500	0.02388	0.02935	0.00689
5	0.04395	0.16810	0.01766	0.01397	0.07788	0.37284	0.03260	0.04795	0.04818	0.01543	0.01120	0.01579	0.01005	0.00639	0.00515	0.00154	0.02139	0.08018	0.00313	0.00663
6	0.06958	0.08211	0.12112	0.15324	0.03680	0.09170	0.05330	0.06050	0.01157	0.01606	0.00978	0.01302	0.00804	0.00964	0.08369	0.02828	0.11301	0.00442	0.02779	0.00638
7	0.01525	0.01048	0.01270	0.01160	0.08090	0.01039	0.00833	0.20895	0.09398	0.14185	0.06391	0.07314	0.01533	0.04572	0.00630	0.00169	0.00469	0.00592	0.02208	0.16678
8	0.00855	0.00576	0.00749	0.03735	0.00949	0.00564	0.00562	0.05027	0.01143	0.05510	0.07182	0.56597	0.03110	0.09722	0.00873	0.00239	0.00368	0.01266	0.00487	0.00486
9	0.07346	0.01309	0.01465	0.11242	0.07727	0.07123	0.03245	0.16244	0.34162	0.02239	0.01535	0.01570	0.01155	0.00631	0.00525	0.00172	0.00563	0.00516	0.00441	0.00790
10	0.01920	0.00954	0.01237	0.01056	0.04986	0.00893	0.00807	0.07793	0.09364	0.46240	0.11874	0.02024	0.01766	0.00701	0.00543	0.00162	0.00442	0.00583	0.00592	0.06065
11	0.03923	0.31720	0.13396	0.01162	0.03072	0.11267	0.02614	0.09338	0.01348	0.03456	0.09602	0.01373	0.01226	0.00595	0.00510	0.00147	0.03794	0.00433	0.00323	0.00700
12	0.01458	0.58949	0.02376	0.00963	0.01368	0.06813	0.00898	0.09276	0.01281	0.01539	0.05545	0.01170	0.01014	0.00710	0.04505	0.00164	0.00626	0.00368	0.00290	0.00686
13	0.00830	0.00754	0.08633	0.00675	0.00783	0.00590	0.00512	0.00936	0.00899	0.01271	0.04277	0.03178	0.04937	0.57753	0.02080	0.00414	0.00499	0.00730	0.09844	0.00405
14	0.01263	0.03003	0.01068	0.00911	0.01095	0.09714	0.00698	0.09899	0.01403	0.09983	0.21659	0.11147	0.06852	0.10671	0.00949	0.00217	0.07629	0.00782	0.00468	0.00589
15	0.03368	0.08903	0.03527	0.03392	0.03818	0.01084	0.00842	0.07426	0.01055	0.01521	0.01214	0.01786	0.01123	0.10278	0.31035	0.00471	0.12158	0.00515	0.03426	0.03056
16	0.00644	0.00525	0.00570	0.00599	0.00741	0.00451	0.00434	0.00774	0.01186	0.01457	0.07532	0.23800	0.56564	0.01429	0.00647	0.00190	0.00281	0.01224	0.00502	0.00451
17	0.00665	0.00472	0.00620	0.00733	0.00762	0.00443	0.00483	0.00750	0.01006	0.01342	0.02848	0.74054	0.03411	0.08602	0.00863	0.00244	0.00330	0.01461	0.00483	0.00426
18	0.01507	0.10024	0.23041	0.03006	0.09212	0.19143	0.08712	0.12812	0.01434	0.01804	0.00978	0.01162	0.00759	0.00589	0.01725	0.00168	0.02457	0.00424	0.00294	0.00748
19	0.00992	0.00746	0.00992	0.00941	0.01092	0.00849	0.00749	0.12008	0.03893	0.01627	0.01582	0.02414	0.01476	0.05171	0.53096	0.00651	0.02623	0.08189	0.00355	0.00555
20	0.09693	0.00556	0.00530	0.00522	0.00668	0.00573	0.00397	0.01285	0.01104	0.02043	0.01647	0.01884	0.01294	0.00612	0.00371	0.00129	0.00267	0.00479	0.75437	0.00509

[dist]
# distance from previous block
# <min> <max>
3	13

[block]
# block no. 2 follows, 45 sequences, length 47
# corresponding to MSA columns:
# 220-266
name=unknown_C
#
# <colnr> <probs for GDERKNQSTAVLIFYWHMCP>
#	G	D	E	R	K	N	Q	S	T	A	V	L	I	F	Y	W	H	M	C	P
0	0.00791	0.00532	0.00619	0.00634	0.00649	0.00532	0.00390	0.00820	0.00835	0.01109	0.01829	0.03818	0.02088	0.71576	0.02493	0.00488	0.00517	0.09588	0.00346	0.00346
1	0.01089	0.00621	0.00817	0.00727	0.00910	0.00562	0.00557	0.01325	0.01500	0.17394	0.59013	0.03586	0.05870	0.02828	0.00662	0.00177	0.00301	0.00883	0.00598	0.00583
2	0.00908	0.00695	0.01002	0.01235	0.10281	0.00695	0.00914	0.01180	0.03192	0.01616	0.02680	0.12119	0.04683	0.01357	0.00703	0.00231	0.00488	0.55012	0.00469	0.00540
3	0.01077	0.02777	0.78354	0.01530	0.02323	0.01247	0.01983	0.01700	0.01133	0.01700	0.00963	0.01133	0.00680	0.00510	0.00510	0.00170	0.00793	0.00397	0.00227	0.00793
4	0.01308	0.00953	0.01056	0.00939	0.01218	0.01024	0.00732	0.02278	0.45622	0.12729	0.11715	0.02706	0.13687	0.00861	0.00569	0.00178	0.00385	0.00722	0.00561	0.00756
5	0.00867	0.00500	0.00732	0.02755	0.00826	0.00519	0.00526	0.00787	0.00796	0.01092	0.01334	0.12235	0.01385	0.04228	0.15180	0.51742	0.00615	0.00635	0.02921	0.00323
6	0.01293	0.01523	0.15639	0.31462	0.22223	0.05376	0.01535	0.11323	0.01336	0.01790	0.01007	0.01308	0.00769	0.00532	0.00528	0.00168	0.00706	0.00457	0.00285	0.00740
7	0.00730	0.00547	0.00649	0.00677	0.00771	0.00516	0.00471	0.00918	0.04793	0.01526	0.17569	0.28945	0.20895	0.15934	0.01031	0.00254	0.00338	0.02497	0.00487	0.00454
8	0.00853	0.00611	0.00850	0.00970	0.01092	0.00608	0.00842	0.01092	0.01229	0.01595	0.02905	0.08525	0.04790	0.01487	0.00737	0.00245	0.00483	0.70100	0.00495	0.00491
9	0.01186	0.04666	0.48996	0.01504	0.06111	0.05111	0.07524	0.01677	0.01190	0.04011	0.03471	0.01355	0.00931	0.00540	0.00505	0.00162	0.00711	0.00447	0.09161	0.00742
10	0.04015	0.06691	0.40294	0.06871	0.10750	0.02987	0.03183	0.09531	0.01295	0.01850	0.03113	0.04947	0.00977	0.00589	0.00515	0.00167	0.00693	0.00482	0.00293	0.00757
11	0.01479	0.01634	0.04368	0.05903	0.53098	0.20955	0.01497	0.01763	0.01289	0.01625	0.00960	0.01235	0.00799	0.00501	0.00519	0.00155	0.00729	0.00442	0.00266	0.00780
12	0.15647	0.06555	0.32611	0.01458	0.10708	0.01215	0.03225	0.03796	0.01217	0.15312	0.01173	0.01332	0.00858	0.00551	0.00486	0.00166	0.00630	0.01945	0.00341	0.00774
13	0.00663	0.00540	0.00587	0.00586	0.00745	0.00464	0.00435	0.00821	0.01274	0.01597	0.20847	0.10015	0.56907	0.01325	0.00638	0.00181	0.00271	0.01124	0.00518	0.00464
14	0.21090	0.11160	0.03959	0.07914	0.01649	0.05845	0.04870	0.15758	0.03750	0.06908	0.02390	0.01270	0.00890	0.02122	0.00592	0.00169	0.06083	0.00427	0.00366	0.02791
15	0.00753	0.00576	0.00709	0.00763	0.00894	0.00533	0.00589	0.00950	0.03153	0.01520	0.05897	0.28163	0.24658	0.02796	0.00703	0.00212	0.00361	0.21882	0.00490	0.04397
16	0.01918	0.11742	0.01710	0.03631	0.01688	0.41710	0.01031	0.26513	0.01788	0.01995	0.00975	0.01075	0.00765	0.00571	0.00486	0.00144	0.00788	0.00388	0.00356	0.00726
17	0.06472	0.06010	0.06978	0.03633	0.24203	0.18617	0.05147	0.11466	0.02748	0.05328	0.01044	0.01231	0.00821	0.00578	0.00557	0.02962	0.00697	0.00435	0.00324	0.00749
18	0.04222	0.01104	0.03136	0.16414	0.24495	0.02810	0.03065	0.06692	0.08437	0.01822	0.05849	0.03327	0.12945	0.00711	0.00548	0.00169	0.00551	0.00622	0.00366	0.02715
19	0.01337	0.00913	0.00948	0.00808	0.01042	0.02653	0.00641	0.26738	0.01633	0.02398	0.05847	0.02100	0.08151	0.00729	0.00506	0.00148	0.02512	0.00571	0.39683	0.00642
20	0.00973	0.00703	0.00922	0.00875	0.01007	0.00799	0.00681	0.10816	0.01132	0.01646	0.01588	0.10290	0.01495	0.02716	0.45855	0.00570	0.04780	0.00649	0.11962	0.00539
21	0.11053	0.00786	0.00969	0.16814	0.01504	0.00854	0.00764	0.09992	0.01211	0.02754	0.02184	0.23406	0.09958	0.10606	0.00835	0.00230	0.00471	0.04655	0.00412	0.00541
22	0.00933	0.00635	0.00749	0.00752	0.00851	0.00649	0.00527	0.11407	0.01192	0.01673	0.02195	0.37393	0.02398	0.17857	0.05535	0.00295	0.00449	0.01018	0.12999	0.00492
23	0.00912	0.00620	0.00756	0.00757	0.00918	0.00581	0.00594	0.02366	0.03635	0.07829	0.15314	0.11016	0.26373	0.06667	0.00795	0.00220	0.00370	0.19241	0.00516	0.00519
24	0.00869	0.00660	0.00764	0.00739	0.00915	0.00641	0.00565	0.01283	0.14215	0.04363	0.26765	0.10881	0.28089	0.01184	0.00627	0.00185	0.00317	0.05843	0.00541	0.00554
25	0.05529	0.01259	0.07263	0.41238	0.06709	0.01255	0.25948	0.01532	0.01140	0.01581	0.00990	0.01382	0.00745	0.00502	0.00556	0.00177	0.00764	0.00513	0.00255	0.00663
26	0.02295	0.00996	0.01284	0.00996	0.01405	0.00924	0.00819	0.10822	0.06722	0.64694	0.02030	0.01779	0.01303	0.00666	0.00540	0.00167	0.00470	0.00538	0.00642	0.00909
27	0.00663	0.00471	0.00620	0.00736	0.00765	0.00442	0.00486	0.00750	0.01010	0.01346	0.02867	0.75178	0.03434	0.07447	0.00834	0.00240	0.00327	0.01472	0.00486	0.00428
28	0.01338	0.00849	0.00886	0.00764	0.00994	0.00911	0.00603	0.23918	0.06909	0.02435	0.01642	0.01786	0.01255	0.00638	0.00436	0.00140	0.00365	0.00503	0.52977	0.00650
29	0.01348	0.01426	0.03827	0.19322	0.47520	0.12093	0.03512	0.01661	0.01231	0.01608	0.00974	0.01299	0.00794	0.00501	0.00528	0.00161	0.00711	0.00462	0.00261	0.00759
30	0.76681	0.01061	0.00843	0.00749	0.01082	0.01228	0.00613	0.04007	0.06082	0.02428	0.00861	0.00961	0.00663	0.00518	0.00353	0.00167	0.00421	0.00318	0.00353	0.00610
31	0.82585	0.01035	0.00802	0.00713	0.01048	0.01192	0.00587	0.01607	0.00931	0.04558	0.00786	0.00899	0.00603	0.00503	0.00338	0.00166	0.00416	0.00298	0.00342	0.00591
32	0.00869	0.00706	0.01093	0.01002	0.01117	0.00830	0.05783	0.01073	0.00903	0.01337	0.01342	0.01937	0.01227	0.03151	0.58303	0.00684	0.11404	0.00560	0.06167	0.00511
33	0.00852	0.00614	0.00742	0.00777	0.00888	0.00598	0.00554	0.08144	0.03370	0.03221	0.04497	0.52234	0.14484	0.03852	0.00718	0.00214	0.00348	0.02885	0.00503	0.00506
34	0.05669	0.18657	0.28636	0.03590	0.27088	0.03378	0.02518	0.01661	0.01152	0.01647	0.00920	0.01133	0.00736	0.00489	0.00475	0.00154	0.00680	0.00399	0.00248	0.00770
35	0.01103	0.02617	0.70271	0.01717	0.10331	0.01250	0.01948	0.01694	0.01143	0.01706	0.00968	0.01154	0.00698	0.00507	0.00512	0.00169	0.00777	0.00405	0.00231	0.00799
36	0.02364	0.00904	0.01231	0.00947	0.01355	0.00781	0.00781	0.02572	0.01536	0.76091	0.04168	0.01886	0.01430	0.00676	0.00542	0.00166	0.00451	0.00552	0.00662	0.00902
37	0.00902	0.00638	0.00739	0.00741	0.00835	0.00650	0.00508	0.08924	0.05109	0.01572	0.02364	0.33256	0.06365	0.26408	0.02629	0.00308	0.00426	0.01026	0.06120	0.00480
38	0.03174	0.05715	0.21309	0.01475	0.05942	0.28253	0.01316	0.11925	0.01411	0.01735	0.00913	0.01097	0.00727	0.00601	0.00674	0.00164	0.12163	0.00399	0.00292	0.00715
39	0.00752	0.00481	0.00637	0.00696	0.00729	0.00458	0.00461	0.00746	0.00930	0.01229	0.04320	0.40372	0.08466	0.11216	0.01340	0.24941	0.00377	0.01081	0.00402	0.00366
40	0.00679	0.00519	0.00629	0.00701	0.00804	0.00469	0.00514	0.00814	0.01145	0.01458	0.06353	0.39879	0.31197	0.01515	0.00672	0.00207	0.00319	0.11170	0.00501	0.00453
41	0.01650	0.07389	0.01597	0.01345	0.06579	0.18659	0.02646	0.17382	0.16893	0.06601	0.01439	0.01558	0.02891	0.00734	0.02082	0.00179	0.07337	0.01871	0.00411	0.00756
42	0.01066	0.00732	0.00802	0.00754	0.00884	0.04412	0.00529	0.06663	0.01186	0.09619	0.08988	0.16207	0.10745	0.30120	0.04637	0.00332	0.00492	0.00885	0.00445	0.00501
43	0.00705	0.00527	0.00725	0.00785	0.00860	0.00492	0.02869	0.00839	0.01112	0.01480	0.11221	0.55299	0.09122	0.04438	0.00753	0.00222	0.00343	0.07257	0.00495	0.00455
44	0.52348	0.01225	0.08663	0.03950	0.05582	0.01181	0.00862	0.06699	0.01149	0.10347	0.02980	0.01155	0.00830	0.00543	0.00412	0.00166	0.00488	0.00376	0.00370	0.00673
45	0.08220	0.06347	0.58891	0.06703	0.02226	0.05370	0.01730	0.01686	0.01129	0.01696	0.00927	0.01109	0.00675	0.00511	0.00487	0.00166	0.00755	0.00385	0.00239	0.00748
46	0.01722	0.08451	0.01797	0.03254	0.22092	0.29571	0.01176	0.19266	0.01623	0.01919	0.01129	0.01274	0.03245	0.00572	0.00503	0.00149	0.00731	0.00436	0.00337	0.00751

[dist]
# distance from previous block
# <min> <max>
3	5

[block]
# block no. 3 follows, 45 sequences, length 14
# corresponding to MSA columns:
# 272-285
name=unknown_D
#
# <colnr> <probs for GDERKNQSTAVLIFYWHMCP>
#	G	D	E	R	K	N	Q	S	T	A	V	L	I	F	Y	W	H	M	C	P
0	0.05189	0.03432	0.01080	0.00928	0.01169	0.06373	0.00738	0.13421	0.11085	0.05410	0.14724	0.07494	0.08497	0.02752	0.05663	0.00228	0.00521	0.08680	0.00481	0.02136
1	0.00737	0.00493	0.00648	0.00745	0.00804	0.00454	0.00507	0.00838	0.01064	0.05047	0.03069	0.72404	0.07952	0.01613	0.00675	0.00213	0.00316	0.01455	0.00506	0.00460
2	0.01267	0.01080	0.01156	0.00867	0.01299	0.06432	0.00689	0.06859	0.01289	0.04619	0.06340	0.01343	0.01113	0.00485	0.00435	0.00099	0.00445	0.00385	0.00362	0.63434
3	0.00784	0.00606	0.00801	0.00921	0.06419	0.00569	0.00651	0.00979	0.01251	0.01651	0.20934	0.15136	0.21954	0.04595	0.00748	0.00213	0.00368	0.20426	0.00495	0.00498
4	0.00783	0.00556	0.00769	0.00769	0.00841	0.00622	0.00563	0.00926	0.00855	0.01231	0.01522	0.02480	0.01507	0.24520	0.54395	0.00732	0.01129	0.00626	0.04735	0.00439
5	0.02005	0.02558	0.01521	0.01383	0.01659	0.78980	0.01037	0.02143	0.01521	0.01314	0.00830	0.00968	0.00691	0.00553	0.00484	0.00138	0.00968	0.00346	0.00277	0.00622
6	0.01226	0.03161	0.01069	0.03035	0.01222	0.13169	0.00723	0.12761	0.13155	0.01858	0.05149	0.02902	0.28223	0.02751	0.04416	0.00208	0.00533	0.00731	0.03083	0.00622
7	0.00746	0.00519	0.00602	0.00614	0.00652	0.00500	0.00379	0.00802	0.00946	0.01257	0.11094	0.14497	0.10085	0.52763	0.01993	0.00403	0.00435	0.00942	0.00398	0.00375
8	0.00654	0.00467	0.00623	0.00747	0.00779	0.00436	0.00498	0.00747	0.01028	0.01370	0.02959	0.80785	0.03550	0.01682	0.00685	0.00218	0.00311	0.01526	0.00498	0.00436
9	0.19013	0.01585	0.08895	0.12634	0.01869	0.17526	0.03222	0.16001	0.01477	0.07968	0.04172	0.01298	0.00945	0.00581	0.00487	0.00162	0.00656	0.00434	0.00370	0.00703
10	0.23155	0.01079	0.04777	0.00935	0.01333	0.00998	0.00803	0.10406	0.01469	0.42880	0.05702	0.01610	0.01264	0.00636	0.00490	0.00166	0.00466	0.00487	0.00541	0.00801
11	0.01062	0.00574	0.00586	0.00559	0.00698	0.00586	0.00419	0.06627	0.01206	0.02043	0.01714	0.02042	0.01377	0.05530	0.00530	0.00152	0.00291	0.00516	0.72969	0.00519
12	0.17522	0.00903	0.01012	0.00856	0.01142	0.00930	0.00683	0.12882	0.05566	0.20225	0.15915	0.02243	0.07732	0.01008	0.04881	0.04233	0.00469	0.00612	0.00507	0.00679
13	0.01353	0.01411	0.11340	0.06028	0.27953	0.01277	0.07178	0.18185	0.03097	0.02025	0.01362	0.04350	0.04066	0.04422	0.00695	0.00187	0.03394	0.00561	0.00346	0.00770

[dist]
# distance from previous block
# <min> <max>
0	2

[block]
# block no. 4 follows, 45 sequences, length 13
# corresponding to MSA columns:
# 288-300
name=unknown_E
#
# <colnr> <probs for GDERKNQSTAVLIFYWHMCP>
#	G	D	E	R	K	N	Q	S	T	A	V	L	I	F	Y	W	H	M	C	P
0	0.01800	0.11079	0.01728	0.03182	0.07436	0.19808	0.01051	0.33935	0.10712	0.02344	0.01193	0.01253	0.00910	0.00596	0.00503	0.00153	0.00664	0.00442	0.00413	0.00799
1	0.03353	0.00706	0.01036	0.03223	0.06739	0.00676	0.06377	0.01125	0.02478	0.04125	0.18677	0.29212	0.09065	0.02802	0.00670	0.00196	0.00404	0.05660	0.00469	0.03007
2	0.05315	0.10567	0.01412	0.01289	0.12648	0.14441	0.00891	0.07178	0.02806	0.05339	0.11389	0.03561	0.12253	0.00920	0.03368	0.00187	0.00577	0.04810	0.00402	0.00649
3	0.01134	0.23219	0.01851	0.01178	0.01389	0.03150	0.08692	0.01313	0.00991	0.01330	0.01176	0.11240	0.01185	0.01411	0.15381	0.00308	0.23595	0.00585	0.00281	0.00591
4	0.01970	0.00816	0.01088	0.00868	0.01204	0.00712	0.00698	0.02167	0.01470	0.58146	0.12781	0.02446	0.06906	0.05365	0.00684	0.00188	0.00420	0.00652	0.00624	0.00793
5	0.06080	0.08942	0.25651	0.02977	0.01800	0.25559	0.01289	0.10185	0.01388	0.01748	0.02825	0.01219	0.02328	0.00590	0.00559	0.00158	0.05292	0.00410	0.00298	0.00704
6	0.04682	0.01285	0.11668	0.10123	0.18892	0.01118	0.13602	0.07027	0.01238	0.03914	0.01195	0.02861	0.00957	0.00823	0.05754	0.03144	0.00690	0.00515	0.09814	0.00697
7	0.01001	0.00500	0.00500	0.00500	0.00625	0.00500	0.00375	0.01251	0.01126	0.02001	0.01751	0.02001	0.01376	0.00625	0.00375	0.00125	0.00250	0.00500	0.84115	0.00500
8	0.00681	0.00491	0.00651	0.00763	0.00816	0.00461	0.00537	0.00801	0.01079	0.01430	0.05737	0.65777	0.07018	0.01622	0.00687	0.00218	0.00329	0.09955	0.00501	0.00446
9	0.05780	0.33346	0.34834	0.01283	0.01872	0.01595	0.07069	0.01673	0.01118	0.03593	0.00900	0.01056	0.00706	0.00500	0.00477	0.00151	0.02693	0.00372	0.00249	0.00734
10	0.00797	0.00630	0.00845	0.01037	0.08834	0.00616	0.00666	0.01052	0.07544	0.01513	0.02963	0.51265	0.11479	0.01423	0.00656	0.00207	0.00365	0.07109	0.00478	0.00521
11	0.00852	0.00609	0.00850	0.00974	0.01092	0.00607	0.00843	0.01090	0.01223	0.01592	0.02849	0.10572	0.03117	0.01495	0.00738	0.00245	0.00483	0.69782	0.00495	0.00491
12	0.03876	0.15934	0.58542	0.01408	0.02112	0.01385	0.04136	0.01706	0.01134	0.03720	0.00955	0.01108	0.00700	0.00503	0.00481	0.00161	0.00739	0.00386	0.00244	0.00770

[dist]
# distance from previous block
# <min> <max>
0	1

[block]
# block no. 5 follows, 45 sequences, length 17
# corresponding to MSA columns:
# 302-318
name=unknown_F
#
# <colnr> <probs for GDERKNQSTAVLIFYWHMCP>
#	G	D	E	R	K	N	Q	S	T	A	V	L	I	F	Y	W	H	M	C	P
0	0.01185	0.03233	0.02488	0.14729	0.08775	0.01296	0.43281	0.01554	0.01165	0.01595	0.01088	0.03023	0.00882	0.00720	0.04761	0.00217	0.06981	0.00586	0.01762	0.00680
1	0.17388	0.00765	0.00914	0.09502	0.02711	0.02118	0.00772	0.02667	0.01126	0.01713	0.05491	0.21930	0.03607	0.03936	0.00691	0.00216	0.01662	0.21847	0.00423	0.00521
2	0.00781	0.00571	0.00734	0.00739	0.00857	0.00542	0.00556	0.02594	0.02918	0.01922	0.47092	0.20838	0.07570	0.01259	0.00652	0.00188	0.00303	0.08824	0.00554	0.00503
3	0.69644	0.01019	0.00875	0.03022	0.01160	0.01135	0.00630	0.01654	0.00988	0.09337	0.00893	0.00991	0.00668	0.00508	0.00361	0.00161	0.00427	0.00321	0.00359	0.05846
4	0.01310	0.01257	0.02146	0.07737	0.73488	0.01271	0.01638	0.01631	0.01214	0.01732	0.01006	0.01335	0.00842	0.00482	0.00532	0.00161	0.00642	0.00478	0.00264	0.00836
5	0.01930	0.14377	0.01755	0.01255	0.01618	0.37912	0.01012	0.29923	0.01833	0.02087	0.00990	0.01072	0.00775	0.00573	0.00482	0.00143	0.00765	0.00389	0.00368	0.00742
6	0.03888	0.05992	0.72625	0.01477	0.02241	0.01282	0.01892	0.01692	0.01124	0.01705	0.00947	0.01113	0.00677	0.00507	0.00497	0.00168	0.00772	0.00389	0.00230	0.00782
7	0.00812	0.03239	0.00794	0.05605	0.01024	0.00614	0.00581	0.01037	0.03161	0.04295	0.20697	0.04422	0.42630	0.01192	0.00623	0.00182	0.00336	0.07743	0.00501	0.00511
8	0.01400	0.01185	0.01250	0.01106	0.01421	0.01366	0.00865	0.09611	0.69952	0.02351	0.02102	0.01937	0.01572	0.00721	0.00545	0.00180	0.00440	0.00595	0.00545	0.00855
9	0.00780	0.00590	0.00871	0.00864	0.00952	0.00692	0.00668	0.00959	0.00857	0.01237	0.01429	0.02154	0.01355	0.07944	0.72763	0.00826	0.03713	0.00583	0.00288	0.00474
10	0.01368	0.00849	0.00979	0.00873	0.01092	0.02700	0.00686	0.11719	0.11595	0.13492	0.11297	0.02475	0.01902	0.00981	0.00777	0.12812	0.00427	0.08286	0.15061	0.00629
11	0.01246	0.02158	0.49763	0.01544	0.02205	0.01165	0.16033	0.01759	0.01219	0.10783	0.02937	0.01505	0.04075	0.00565	0.00545	0.00172	0.00742	0.00502	0.00306	0.00774
12	0.00660	0.00470	0.00621	0.00740	0.00770	0.00440	0.00490	0.00749	0.01017	0.01355	0.02901	0.77301	0.03478	0.05264	0.00777	0.00232	0.00321	0.01492	0.00490	0.00431
13	0.00651	0.00479	0.00611	0.00716	0.00770	0.00439	0.00484	0.00751	0.01058	0.01383	0.03342	0.69077	0.15011	0.01632	0.00677	0.00212	0.00305	0.01465	0.00498	0.00439
14	0.01329	0.01275	0.02179	0.03295	0.77787	0.01275	0.01647	0.01647	0.01222	0.01754	0.01010	0.01329	0.00850	0.00478	0.00531	0.00159	0.00638	0.00478	0.00266	0.00850
15	0.00697	0.00520	0.00685	0.00766	0.00807	0.00516	0.00528	0.00803	0.01053	0.01419	0.08948	0.64031	0.06183	0.04742	0.00823	0.00226	0.04946	0.01375	0.00484	0.00447
16	0.02203	0.01021	0.01307	0.03332	0.01472	0.00973	0.00844	0.18116	0.01732	0.56020	0.05826	0.01814	0.01416	0.00679	0.00544	0.00166	0.00482	0.00548	0.00621	0.00883

[dist]
# distance from previous block
# <min> <max>
0	1

[block]
# block no. 6 follows, 45 sequences, length 57
# corresponding to MSA columns:
# 320-376
name=unknown_G
#
# <colnr> <probs for GDERKNQSTAVLIFYWHMCP>
#	G	D	E	R	K	N	Q	S	T	A	V	L	I	F	Y	W	H	M	C	P
0	0.00785	0.00514	0.00680	0.00748	0.00792	0.00504	0.00520	0.02379	0.00988	0.01331	0.02308	0.42952	0.02648	0.11610	0.02894	0.15851	0.00414	0.08690	0.02986	0.00404
1	0.01141	0.01261	0.03492	0.06179	0.02408	0.02842	0.53767	0.01510	0.01211	0.01620	0.01455	0.17670	0.01365	0.00712	0.00634	0.00187	0.00773	0.00798	0.00316	0.00657
2	0.11179	0.01378	0.08684	0.22187	0.15437	0.03170	0.25583	0.01601	0.01154	0.01698	0.00975	0.01311	0.00751	0.00500	0.00562	0.00174	0.02199	0.00496	0.00265	0.00696
3	0.01854	0.20554	0.01844	0.01331	0.04079	0.54710	0.01029	0.05930	0.01466	0.01426	0.00841	0.00972	0.00708	0.00534	0.00456	0.00135	0.00847	0.00344	0.00279	0.00660
4	0.00755	0.00558	0.00704	0.00792	0.00859	0.00551	0.00545	0.03236	0.07629	0.01508	0.02840	0.71534	0.03304	0.01567	0.00669	0.00213	0.00330	0.01415	0.00504	0.00486
5	0.01807	0.01359	0.01484	0.01132	0.01560	0.01437	0.00930	0.58182	0.02179	0.02976	0.01226	0.01281	0.00904	0.00711	0.03220	0.00169	0.00581	0.00453	0.00484	0.17927
6	0.02214	0.00985	0.01269	0.00989	0.01383	0.00922	0.00813	0.13246	0.04058	0.59841	0.04052	0.01825	0.01381	0.00801	0.03467	0.00192	0.00506	0.00547	0.00626	0.00884
7	0.00980	0.00638	0.00811	0.00736	0.00910	0.00604	0.00563	0.01331	0.07778	0.10249	0.61323	0.03640	0.06266	0.01027	0.00616	0.00170	0.00290	0.00899	0.00593	0.00577
8	0.01227	0.01254	0.01634	0.09197	0.10760	0.08976	0.01211	0.01400	0.00965	0.01354	0.00832	0.01268	0.00770	0.01039	0.07167	0.00258	0.49359	0.00467	0.00247	0.00615
9	0.03207	0.20107	0.38408	0.14639	0.03329	0.04292	0.01508	0.01588	0.01122	0.01533	0.01042	0.03961	0.01977	0.00558	0.00480	0.00159	0.00701	0.00433	0.00248	0.00708
10	0.00690	0.00523	0.00582	0.00594	0.00728	0.00455	0.00429	0.00761	0.01120	0.01368	0.05845	0.12477	0.55358	0.01474	0.00888	0.14473	0.00309	0.01058	0.00455	0.00415
11	0.00919	0.00466	0.00696	0.00702	0.00703	0.00465	0.00468	0.00702	0.00715	0.00953	0.01027	0.05333	0.01055	0.01856	0.02032	0.80447	0.00459	0.00516	0.00246	0.00243
12	0.02486	0.01421	0.11783	0.05946	0.48766	0.01253	0.05281	0.01761	0.09818	0.01807	0.03672	0.01473	0.01046	0.00533	0.00536	0.00166	0.00634	0.00504	0.00304	0.00810
13	0.01233	0.31638	0.38290	0.01356	0.01944	0.01611	0.07672	0.01636	0.01105	0.01509	0.00873	0.01062	0.00696	0.00519	0.00555	0.00155	0.06799	0.00381	0.00232	0.00733
14	0.00844	0.00543	0.00700	0.00715	0.00806	0.00588	0.00535	0.01033	0.00984	0.01539	0.01800	0.15440	0.01732	0.04668	0.32625	0.00457	0.02737	0.00713	0.31065	0.00478
15	0.01145	0.00917	0.00957	0.00862	0.01086	0.04996	0.00663	0.07888	0.22782	0.04892	0.24662	0.03123	0.15151	0.04497	0.00678	0.00188	0.00394	0.01873	0.02605	0.00642
16	0.08259	0.05087	0.03689	0.17603	0.38259	0.05587	0.01375	0.01755	0.10005	0.01742	0.01091	0.01343	0.00873	0.00525	0.00506	0.00163	0.00629	0.00459	0.00297	0.00756
17	0.01119	0.01088	0.01316	0.01442	0.14162	0.11913	0.00969	0.01301	0.01014	0.01359	0.01193	0.04281	0.01132	0.04872	0.32465	0.00469	0.17315	0.00543	0.01471	0.00578
18	0.08079	0.00662	0.00850	0.00840	0.00953	0.02741	0.00644	0.01028	0.00877	0.01331	0.01383	0.02089	0.01310	0.10046	0.63816	0.00755	0.01261	0.00562	0.00294	0.00479
19	0.03648	0.01753	0.08172	0.01266	0.01671	0.16018	0.01083	0.44142	0.10248	0.02649	0.01245	0.01281	0.00918	0.00630	0.00555	0.00162	0.02827	0.00459	0.00450	0.00825
20	0.00923	0.00743	0.00902	0.00779	0.01056	0.00604	0.00588	0.01104	0.01087	0.01592	0.03662	0.27371	0.01999	0.04968	0.00636	0.00160	0.00379	0.05570	0.00395	0.45484
21	0.01939	0.06695	0.01644	0.01221	0.01623	0.10891	0.01002	0.56359	0.08494	0.02906	0.01274	0.01283	0.00933	0.00629	0.00519	0.00157	0.00621	0.00465	0.00487	0.00859
22	0.00858	0.00715	0.00742	0.00682	0.00894	0.02755	0.00521	0.07155	0.01343	0.01700	0.12370	0.06053	0.47258	0.04150	0.00684	0.00184	0.00344	0.03348	0.00484	0.07760
23	0.00921	0.00740	0.00793	0.00748	0.00950	0.00734	0.00568	0.09908	0.12750	0.01789	0.05225	0.13146	0.42278	0.04117	0.00695	0.00197	0.00352	0.03022	0.00505	0.00562
24	0.01470	0.01086	0.01212	0.01015	0.01320	0.01158	0.00810	0.32542	0.15302	0.05209	0.12437	0.07311	0.03516	0.03619	0.00643	0.00183	0.00466	0.04793	0.00526	0.05382
25	0.00802	0.00686	0.01121	0.14368	0.01533	0.00707	0.09662	0.00984	0.01058	0.01410	0.02334	0.55695	0.02666	0.01321	0.00683	0.00207	0.02629	0.01213	0.00420	0.00502
26	0.01153	0.01055	0.01625	0.56090	0.03068	0.03735	0.06726	0.07618	0.01220	0.01614	0.01049	0.01448	0.00795	0.00559	0.00562	0.00173	0.02877	0.00486	0.07522	0.00624
27	0.01346	0.01316	0.04794	0.13828	0.50045	0.02676	0.01505	0.07908	0.07849	0.01867	0.01122	0.01385	0.00895	0.00525	0.00532	0.00164	0.00638	0.00484	0.00307	0.00813
28	0.00916	0.00561	0.00669	0.00643	0.00695	0.00554	0.00402	0.00962	0.00889	0.07776	0.04418	0.03308	0.03797	0.63051	0.08765	0.00498	0.00576	0.00758	0.00365	0.00398
29	0.00658	0.00540	0.00580	0.00581	0.00742	0.00462	0.00432	0.00813	0.01264	0.01571	0.18245	0.09916	0.59667	0.01333	0.00638	0.00181	0.00271	0.01129	0.00515	0.00462
30	0.00937	0.00655	0.02306	0.13112	0.05248	0.00652	0.01817	0.00949	0.00938	0.01275	0.07985	0.02093	0.07646	0.01366	0.01383	0.45347	0.00480	0.00571	0.04846	0.00395
31	0.02103	0.01216	0.01399	0.01081	0.01484	0.01261	0.00890	0.43769	0.02063	0.30812	0.01626	0.01537	0.01098	0.00650	0.00527	0.00160	0.00518	0.00505	0.06416	0.00884
32	0.00742	0.00509	0.00619	0.00656	0.00673	0.00508	0.00404	0.00786	0.00860	0.01154	0.02042	0.26036	0.02370	0.51508	0.08413	0.00460	0.00535	0.00982	0.00373	0.00370
33	0.03743	0.01031	0.01108	0.00975	0.01268	0.01145	0.00768	0.07693	0.47482	0.10478	0.02009	0.01955	0.01499	0.00702	0.00513	0.00170	0.00411	0.01530	0.14732	0.00790
34	0.01186	0.01166	0.07672	0.43958	0.13321	0.01188	0.01381	0.06067	0.07265	0.04696	0.03894	0.01637	0.03088	0.00595	0.00541	0.00174	0.00642	0.00519	0.00320	0.00692
35	0.00797	0.00572	0.00727	0.00802	0.00874	0.00561	0.00566	0.07288	0.01163	0.01549	0.02747	0.64194	0.03211	0.05172	0.00770	0.00229	0.00360	0.07446	0.00493	0.00477
36	0.47009	0.01130	0.01138	0.23633	0.03715	0.07660	0.00918	0.01531	0.01008	0.01927	0.00825	0.01085	0.00650	0.00569	0.00502	0.02962	0.02498	0.00364	0.00293	0.00584
37	0.01519	0.74492	0.02677	0.00922	0.01377	0.02009	0.00907	0.01695	0.01129	0.07914	0.00865	0.00945	0.00744	0.00477	0.00361	0.00119	0.00564	0.00309	0.00267	0.00708
38	0.00657	0.00473	0.00624	0.00738	0.00778	0.00439	0.00496	0.00758	0.01053	0.01402	0.05819	0.75416	0.06061	0.01649	0.00682	0.00215	0.00308	0.01492	0.00502	0.00439
39	0.07259	0.04507	0.15924	0.03382	0.16012	0.12606	0.12971	0.03368	0.04434	0.02955	0.01052	0.01252	0.00818	0.00508	0.00500	0.00154	0.00693	0.00442	0.03189	0.07975
40	0.01889	0.01700	0.14621	0.01276	0.01767	0.01565	0.01176	0.60995	0.02256	0.05537	0.01261	0.01280	0.00887	0.00622	0.00532	0.00163	0.00621	0.00470	0.00488	0.00893
41	0.05316	0.00918	0.01230	0.00946	0.01359	0.00804	0.00782	0.02579	0.01514	0.75490	0.02069	0.01793	0.01302	0.00659	0.00532	0.00166	0.00455	0.00531	0.00653	0.00902
42	0.00864	0.00691	0.00930	0.07432	0.01179	0.03486	0.00728	0.01053	0.00935	0.01329	0.01503	0.08804	0.01447	0.05512	0.49566	0.00617	0.05394	0.00636	0.07401	0.00493
43	0.01292	0.01524	0.19010	0.09955	0.11488	0.02805	0.10658	0.01907	0.16071	0.08100	0.05829	0.01626	0.01225	0.00619	0.00623	0.00176	0.05436	0.00535	0.00360	0.00759
44	0.01538	0.00840	0.01029	0.00904	0.02248	0.00809	0.00698	0.02033	0.18875	0.32756	0.09794	0.08710	0.15603	0.00920	0.00578	0.00177	0.00389	0.00777	0.00582	0.00741
45	0.00664	0.00474	0.00635	0.00759	0.00795	0.00445	0.00516	0.00765	0.01038	0.01382	0.02953	0.77178	0.03528	0.01672	0.00688	0.00219	0.00320	0.05032	0.00498	0.00439
46	0.01266	0.01398	0.02906	0.05089	0.05358	0.01347	0.63967	0.01802	0.07793	0.01753	0.01173	0.01491	0.00883	0.00480	0.00619	0.00180	0.00847	0.00620	0.00294	0.00735
47	0.01130	0.07909	0.08360	0.06407	0.03999	0.02413	0.07395	0.01359	0.00963	0.01393	0.00961	0.02960	0.00877	0.01206	0.11802	0.00290	0.37131	0.00498	0.02333	0.00614
48	0.00873	0.00625	0.00853	0.00960	0.01079	0.00626	0.00813	0.03643	0.01248	0.01631	0.02807	0.17526	0.03086	0.01485	0.00726	0.00240	0.00469	0.60316	0.00496	0.00500
49	0.00862	0.00627	0.00787	0.00732	0.00879	0.00603	0.00555	0.07476	0.01560	0.02177	0.62539	0.09055	0.06362	0.01112	0.00631	0.00173	0.00292	0.02465	0.00576	0.00535
50	0.01719	0.09936	0.01429	0.04774	0.01460	0.07884	0.00857	0.17309	0.07053	0.23337	0.15412	0.01933	0.01794	0.00761	0.01807	0.00171	0.00530	0.00565	0.00508	0.00762
51	0.00732	0.00556	0.00746	0.00787	0.00877	0.00525	0.03008	0.02688	0.02731	0.01543	0.11245	0.58103	0.11434	0.01498	0.00666	0.00205	0.00330	0.01349	0.00503	0.00475
52	0.01699	0.00750	0.01021	0.00864	0.01141	0.00673	0.00683	0.01897	0.01400	0.45985	0.16155	0.14279	0.02360	0.01179	0.07108	0.00232	0.00479	0.00773	0.00594	0.00729
53	0.17797	0.00822	0.00915	0.05231	0.02989	0.00870	0.00651	0.09749	0.03535	0.06461	0.06525	0.11634	0.08507	0.18654	0.01020	0.00255	0.00451	0.02943	0.00428	0.00563
54	0.03827	0.01180	0.04817	0.34732	0.08774	0.01244	0.16903	0.03411	0.02150	0.08217	0.01112	0.01483	0.00845	0.00576	0.00655	0.00181	0.07319	0.01588	0.00301	0.00686
55	0.43619	0.03317	0.08949	0.06964	0.01537	0.10756	0.00921	0.07919	0.01198	0.06984	0.00927	0.01056	0.00696	0.00542	0.00452	0.00164	0.02638	0.00359	0.00341	0.00660
56	0.09552	0.01674	0.07409	0.01581	0.15936	0.19020	0.01128	0.21244	0.08881	0.02192	0.01151	0.01262	0.00885	0.00571	0.00495	0.00156	0.00652	0.00435	0.03305	0.02470

[dist]
# distance from previous block
# <min> <max>
6	16

[block]
# block no. 7 follows, 45 sequences, length 10
# corresponding to MSA columns:
# 394-403
name=unknown_H
#
# <colnr> <probs for GDERKNQSTAVLIFYWHMCP>
#	G	D	E	R	K	N	Q	S	T	A	V	L	I	F	Y	W	H	M	C	P
0	0.00797	0.00596	0.00728	0.00783	0.00864	0.00603	0.00545	0.01120	0.12956	0.01534	0.08701	0.47671	0.03120	0.13065	0.00960	0.00254	0.00363	0.04359	0.00488	0.00493
1	0.01288	0.50941	0.14261	0.01000	0.01443	0.05459	0.01024	0.01541	0.01174	0.01463	0.12002	0.01407	0.01346	0.00675	0.02843	0.00156	0.00608	0.00416	0.00286	0.00669
2	0.01090	0.00856	0.00898	0.00778	0.01037	0.00853	0.00613	0.23653	0.04286	0.02092	0.06998	0.03833	0.48718	0.01110	0.00602	0.00175	0.00373	0.00911	0.00516	0.00609
3	0.13389	0.13623	0.01333	0.00801	0.01255	0.01008	0.00672	0.01425	0.01080	0.01769	0.00891	0.01038	0.00747	0.00422	0.00380	0.00098	0.00428	0.00309	0.00306	0.59024
4	0.00953	0.00991	0.12079	0.00827	0.01122	0.00741	0.00752	0.01405	0.13173	0.06940	0.17840	0.03633	0.35379	0.01039	0.00596	0.00176	0.00381	0.00872	0.00495	0.00606
5	0.01110	0.00981	0.01326	0.13586	0.12793	0.00861	0.00912	0.01373	0.01119	0.01675	0.01046	0.04518	0.00906	0.00485	0.00451	0.00113	0.00479	0.00417	0.00305	0.55546
6	0.01651	0.01458	0.13449	0.01178	0.03013	0.02868	0.01038	0.35635	0.04237	0.11483	0.01501	0.07487	0.01230	0.07899	0.00736	0.00197	0.00577	0.00577	0.00465	0.03323
7	0.01273	0.01738	0.24644	0.06252	0.08384	0.14255	0.01266	0.04902	0.06362	0.03985	0.01460	0.10506	0.02446	0.00903	0.04852	0.00208	0.00709	0.01874	0.03291	0.00691
8	0.12709	0.07827	0.17777	0.01130	0.04695	0.06135	0.01021	0.09331	0.05612	0.01924	0.03806	0.13879	0.02472	0.00763	0.00518	0.00167	0.01783	0.00610	0.07175	0.00666
9	0.09850	0.05392	0.20078	0.02629	0.06437	0.09638	0.02940	0.15643	0.01393	0.03154	0.03256	0.01367	0.00963	0.01075	0.11971	0.00264	0.02455	0.00450	0.00331	0.00713

[dist]
# distance from previous block
# <min> <max>
26	127

[block]
# block no. 8 follows, 45 sequences, length 58
# corresponding to MSA columns:
# 545-602
name=unknown_I
#
# <colnr> <probs for GDERKNQSTAVLIFYWHMCP>
#	G	D	E	R	K	N	Q	S	T	A	V	L	I	F	Y	W	H	M	C	P
0	0.04043	0.05279	0.05022	0.01104	0.03696	0.01127	0.02592	0.10590	0.06535	0.05793	0.01610	0.06141	0.04623	0.09749	0.05751	0.00259	0.14291	0.04022	0.03163	0.04610
1	0.01351	0.02492	0.08518	0.07189	0.10789	0.10458	0.01036	0.03797	0.07859	0.12110	0.09740	0.09674	0.07026	0.00813	0.00619	0.00174	0.04576	0.00670	0.00419	0.00689
2	0.04667	0.01308	0.01432	0.04226	0.03911	0.07193	0.02708	0.29907	0.08743	0.03290	0.01368	0.01521	0.03479	0.03256	0.00703	0.00172	0.08438	0.00492	0.02791	0.10395
3	0.05771	0.03634	0.01127	0.00924	0.01193	0.02774	0.02039	0.16459	0.06280	0.13122	0.10107	0.11355	0.08546	0.00967	0.00641	0.04432	0.00446	0.05122	0.02451	0.02608
4	0.01307	0.01024	0.05064	0.02148	0.01361	0.00873	0.03283	0.08433	0.08884	0.12410	0.04131	0.14181	0.01570	0.03070	0.00582	0.00156	0.00453	0.00637	0.00439	0.29992
5	0.05454	0.05773	0.00937	0.00764	0.00961	0.00729	0.00598	0.01359	0.06466	0.10853	0.42781	0.10632	0.06499	0.01027	0.00590	0.00173	0.00330	0.02946	0.00545	0.00583
6	0.00979	0.00828	0.01231	0.20254	0.13799	0.00892	0.01047	0.01354	0.08026	0.01617	0.06486	0.10007	0.05470	0.03596	0.00690	0.00210	0.00525	0.21991	0.00402	0.00596
7	0.01288	0.01362	0.04094	0.14708	0.43284	0.10848	0.05285	0.01586	0.01224	0.01602	0.01248	0.06454	0.03457	0.00601	0.00544	0.00166	0.00677	0.00555	0.00284	0.00735
8	0.00858	0.04982	0.04723	0.00731	0.00900	0.03250	0.00578	0.01033	0.01226	0.03685	0.26497	0.15156	0.19300	0.13606	0.00939	0.00230	0.00381	0.00961	0.00470	0.00495
9	0.00654	0.00467	0.00623	0.00747	0.00779	0.00436	0.00498	0.00747	0.01028	0.01370	0.02959	0.80785	0.03550	0.01682	0.00685	0.00218	0.00311	0.01526	0.00498	0.00436
10	0.01134	0.01001	0.01712	0.56602	0.07009	0.01153	0.09057	0.01510	0.03275	0.06314	0.01242	0.03803	0.02700	0.00590	0.00553	0.00179	0.00685	0.00546	0.00292	0.00642
11	0.01085	0.04790	0.01046	0.00869	0.00987	0.04785	0.05320	0.02689	0.00942	0.03761	0.03350	0.09135	0.01283	0.01463	0.01487	0.51257	0.00501	0.00576	0.01912	0.02763
12	0.02076	0.01447	0.01576	0.01208	0.01636	0.01580	0.00998	0.68905	0.02428	0.10609	0.01369	0.01341	0.00953	0.00646	0.00537	0.00162	0.00578	0.00489	0.00549	0.00913
13	0.00812	0.00554	0.00635	0.00624	0.00648	0.00563	0.00373	0.02977	0.00850	0.01136	0.01768	0.03391	0.04046	0.70787	0.08269	0.00526	0.00583	0.00767	0.00334	0.00357
14	0.07931	0.02284	0.01469	0.01305	0.01606	0.62692	0.00995	0.09927	0.01584	0.04138	0.00915	0.01023	0.00728	0.00563	0.00481	0.00144	0.00872	0.00363	0.00321	0.00660
15	0.01633	0.63152	0.02475	0.00948	0.01394	0.04064	0.00904	0.04263	0.01225	0.14140	0.00995	0.01039	0.00803	0.00502	0.00387	0.00126	0.00566	0.00337	0.00314	0.00732
16	0.00733	0.00544	0.00689	0.00705	0.00826	0.00500	0.00536	0.00936	0.01342	0.01811	0.40765	0.16932	0.18862	0.01298	0.00657	0.00190	0.00300	0.11347	0.00544	0.00483
17	0.00686	0.00553	0.00620	0.00653	0.00810	0.00487	0.00510	0.00845	0.01220	0.01496	0.06765	0.11013	0.54855	0.01401	0.00660	0.00197	0.00319	0.15949	0.00500	0.00462
18	0.01238	0.01295	0.01693	0.05936	0.01637	0.09538	0.06028	0.01397	0.00940	0.01324	0.00791	0.01229	0.00741	0.00988	0.05067	0.00247	0.58601	0.00473	0.00244	0.00595
19	0.10554	0.00935	0.01186	0.00926	0.01322	0.00858	0.00763	0.04603	0.03025	0.64426	0.01947	0.01725	0.01250	0.00647	0.00514	0.00165	0.00449	0.00513	0.03327	0.00866
20	0.01146	0.00543	0.00577	0.00547	0.00702	0.00530	0.00418	0.01392	0.01168	0.09863	0.01789	0.01983	0.01371	0.00629	0.00392	0.00129	0.00271	0.00504	0.75500	0.00543
21	0.23045	0.00931	0.01074	0.00874	0.01222	0.00916	0.00715	0.07564	0.01443	0.40975	0.12381	0.01944	0.01674	0.00700	0.00504	0.00168	0.00428	0.02121	0.00557	0.00763
22	0.01248	0.02958	0.02456	0.11422	0.17356	0.05042	0.38614	0.01596	0.01196	0.01599	0.01079	0.03698	0.00891	0.00642	0.02444	0.02149	0.04065	0.00577	0.00270	0.00697
23	0.01496	0.03782	0.05594	0.01046	0.01360	0.03199	0.05870	0.14302	0.07268	0.19224	0.09340	0.12331	0.01893	0.08272	0.00765	0.00204	0.00507	0.00713	0.02126	0.00708
24	0.10740	0.04985	0.01944	0.18597	0.22395	0.15813	0.13156	0.01678	0.01211	0.01636	0.00934	0.01226	0.00748	0.00500	0.00507	0.00160	0.00726	0.00445	0.00270	0.02328
25	0.01925	0.03849	0.01634	0.01459	0.04250	0.65221	0.04825	0.03097	0.03941	0.03610	0.00934	0.01065	0.00755	0.00554	0.00495	0.00143	0.00909	0.00379	0.00298	0.00656
26	0.07943	0.02375	0.00966	0.00832	0.00999	0.00937	0.00663	0.11340	0.01206	0.03643	0.02917	0.01757	0.01212	0.03160	0.14127	0.03013	0.11413	0.00501	0.30425	0.00571
27	0.15950	0.09952	0.12567	0.05428	0.08551	0.01199	0.16715	0.01464	0.01137	0.01735	0.04098	0.06045	0.08835	0.00685	0.00538	0.00171	0.01677	0.02278	0.00320	0.00652
28	0.00658	0.00474	0.00625	0.00743	0.00784	0.00441	0.00503	0.00757	0.01042	0.01380	0.03074	0.75443	0.07060	0.01662	0.00684	0.00217	0.00314	0.03204	0.00498	0.00438
29	0.02355	0.03649	0.01319	0.00969	0.01387	0.00882	0.00806	0.06655	0.01576	0.71428	0.02026	0.01765	0.01284	0.00656	0.00533	0.00164	0.00468	0.00528	0.00643	0.00906
30	0.01080	0.02624	0.71956	0.03703	0.04821	0.01228	0.01924	0.01666	0.01125	0.01675	0.00964	0.01159	0.00692	0.00541	0.00548	0.02106	0.00779	0.00403	0.00228	0.00777
31	0.01271	0.01334	0.02650	0.02100	0.09932	0.01312	0.52596	0.05381	0.01284	0.01781	0.01236	0.01557	0.03329	0.00540	0.00690	0.00179	0.06803	0.00607	0.04704	0.00715
