[name]
unknown

[dist]
# distance from previous block
# <min> <max>
1	25

[block]
# block no. 0 follows, 41 sequences, length 22
# corresponding to MSA columns:
# 158-179
name=unknown_A
#
# <colnr> <probs for GDERKNQSTAVLIFYWHMCP>
#	G	D	E	R	K	N	Q	S	T	A	V	L	I	F	Y	W	H	M	C	P
0	0.10762	0.55616	0.04447	0.00910	0.01340	0.01855	0.00885	0.02983	0.01176	0.01657	0.00975	0.01119	0.00836	0.00526	0.00379	0.00133	0.00547	0.00348	0.12807	0.00698
1	0.02009	0.01513	0.01716	0.13009	0.02102	0.01698	0.01163	0.63373	0.02455	0.03280	0.01319	0.01396	0.00941	0.00669	0.00572	0.00175	0.00650	0.00514	0.00524	0.00922
2	0.07792	0.45889	0.01998	0.00883	0.01206	0.01556	0.00786	0.01415	0.01129	0.01518	0.01559	0.24589	0.01679	0.00893	0.00477	0.00160	0.00496	0.00714	0.04627	0.00634
3	0.62652	0.01004	0.00864	0.00779	0.01101	0.01114	0.00627	0.01671	0.01072	0.10509	0.01411	0.09829	0.04023	0.00725	0.00432	0.00184	0.00429	0.00518	0.00419	0.00636
4	0.02059	0.01565	0.01808	0.01648	0.13065	0.01711	0.01188	0.63418	0.02479	0.03342	0.01328	0.01380	0.00963	0.00660	0.00571	0.00171	0.00637	0.00514	0.00528	0.00963
5	0.03560	0.10712	0.01822	0.13047	0.01827	0.01666	0.01220	0.01417	0.00956	0.01416	0.00844	0.01303	0.00787	0.01057	0.05961	0.00264	0.50771	0.00480	0.00256	0.00633
6	0.00751	0.00582	0.00683	0.00658	0.00818	0.00515	0.00493	0.00965	0.01480	0.01964	0.45058	0.04816	0.36574	0.01292	0.00675	0.00186	0.00279	0.01111	0.00586	0.00515
7	0.02174	0.01602	0.01717	0.01316	0.01774	0.01774	0.01087	0.74423	0.02689	0.03605	0.01373	0.01373	0.00973	0.00687	0.00572	0.00172	0.00629	0.00515	0.00572	0.00973
8	0.02211	0.01019	0.01302	0.01023	0.01418	0.00955	0.00835	0.13769	0.03568	0.52203	0.13292	0.02214	0.01957	0.00776	0.00590	0.00177	0.00475	0.00637	0.00672	0.00906
9	0.01551	0.13251	0.01614	0.01159	0.01527	0.01602	0.00944	0.13466	0.53259	0.02415	0.01954	0.01837	0.01478	0.00719	0.00548	0.00180	0.00503	0.00575	0.00529	0.00889
10	0.13719	0.01030	0.01134	0.00833	0.01318	0.00841	0.00669	0.01477	0.01154	0.01970	0.00983	0.01147	0.00813	0.00440	0.00413	0.00099	0.00426	0.00334	0.00341	0.70859
11	0.01249	0.01060	0.01219	0.00893	0.01385	0.00859	0.00714	0.04923	0.06840	0.01984	0.01132	0.01266	0.00921	0.00462	0.00442	0.00097	0.00435	0.00370	0.00368	0.73382
12	0.01241	0.13102	0.01909	0.57149	0.03282	0.03535	0.01442	0.05295	0.01227	0.01549	0.00986	0.01399	0.00768	0.00586	0.00599	0.00181	0.04338	0.00474	0.00270	0.00668
13	0.05618	0.14938	0.16010	0.07705	0.05798	0.07117	0.04878	0.09103	0.03105	0.03473	0.04033	0.02432	0.01048	0.00642	0.00646	0.00172	0.08124	0.00482	0.01739	0.02936
14	0.01343	0.14916	0.04436	0.10521	0.03759	0.01294	0.03584	0.10651	0.04447	0.01935	0.01193	0.02708	0.00983	0.00756	0.04497	0.00180	0.01838	0.00458	0.05206	0.25296
15	0.01571	0.01694	0.15602	0.01341	0.05693	0.09394	0.01152	0.23491	0.04125	0.03993	0.01348	0.04557	0.01128	0.07408	0.02693	0.00212	0.00681	0.00534	0.00407	0.12976
16	0.01269	0.01069	0.01386	0.05122	0.05957	0.00906	0.03714	0.04852	0.01271	0.04015	0.01147	0.03990	0.00970	0.00516	0.00496	0.00114	0.01816	0.00433	0.00356	0.60602
17	0.03295	0.01030	0.01197	0.05929	0.01480	0.02688	0.00778	0.10776	0.01416	0.06401	0.05333	0.13290	0.01563	0.00736	0.00521	0.00139	0.00468	0.00617	0.00428	0.41913
18	0.01311	0.01246	0.04448	0.15189	0.04136	0.01128	0.12117	0.09291	0.04483	0.01991	0.01133	0.01367	0.00883	0.00508	0.00519	0.00140	0.00611	0.00459	0.00346	0.38694
19	0.01504	0.02934	0.01434	0.08632	0.03144	0.02731	0.05802	0.05317	0.01409	0.18690	0.06895	0.06830	0.04205	0.00704	0.00546	0.00151	0.00520	0.00606	0.00457	0.27488
20	0.01229	0.00907	0.01172	0.05587	0.04080	0.00872	0.02062	0.04137	0.03185	0.07229	0.01623	0.13422	0.01491	0.03009	0.02182	0.00180	0.06149	0.00648	0.12925	0.27915
21	0.01299	0.01092	0.01516	0.05562	0.16607	0.01013	0.03260	0.06807	0.01315	0.04598	0.01340	0.10387	0.01221	0.00662	0.00579	0.00144	0.03723	0.00570	0.00371	0.37934

[dist]
# distance from previous block
# <min> <max>
38	122

[block]
# block no. 1 follows, 41 sequences, length 12
# corresponding to MSA columns:
# 324-335
name=unknown_B
#
# <colnr> <probs for GDERKNQSTAVLIFYWHMCP>
#	G	D	E	R	K	N	Q	S	T	A	V	L	I	F	Y	W	H	M	C	P
0	0.01025	0.00820	0.00990	0.00854	0.01096	0.00750	0.00636	0.05047	0.01212	0.01745	0.07960	0.22103	0.03855	0.11962	0.00977	0.00214	0.05504	0.00836	0.00424	0.31988
1	0.04801	0.03528	0.01448	0.01175	0.01423	0.06279	0.00954	0.13599	0.08423	0.03721	0.01282	0.04236	0.01092	0.00949	0.04657	0.00219	0.23986	0.00523	0.05753	0.11953
2	0.35620	0.10706	0.03077	0.03908	0.01425	0.09972	0.00864	0.05478	0.08001	0.02129	0.01208	0.01338	0.03394	0.00636	0.00538	0.00173	0.06061	0.00422	0.04371	0.00679
3	0.00883	0.00634	0.00800	0.00834	0.00904	0.00647	0.00581	0.04478	0.01154	0.03632	0.04405	0.49371	0.07788	0.14274	0.01148	0.00278	0.05905	0.01295	0.00490	0.00499
4	0.01585	0.01187	0.01347	0.01016	0.01479	0.01105	0.00822	0.23532	0.06307	0.07888	0.03972	0.01467	0.01145	0.00572	0.00498	0.00128	0.00486	0.00453	0.00461	0.44551
5	0.01004	0.00656	0.00776	0.00733	0.00852	0.00637	0.00506	0.05456	0.01226	0.07208	0.14234	0.09929	0.13788	0.34632	0.05571	0.00382	0.00501	0.00936	0.00473	0.00500
6	0.01345	0.01338	0.02271	0.17801	0.19746	0.04201	0.23663	0.06764	0.01377	0.01861	0.04241	0.04067	0.01132	0.00617	0.00664	0.00184	0.04301	0.00606	0.00322	0.03500
7	0.00809	0.00708	0.00764	0.00845	0.05689	0.03725	0.00562	0.00963	0.01293	0.01592	0.11249	0.12819	0.48985	0.06456	0.00813	0.00216	0.00365	0.01133	0.00503	0.00512
8	0.01317	0.01025	0.01587	0.17673	0.04399	0.01132	0.09293	0.01580	0.01197	0.11764	0.01659	0.06182	0.05968	0.00795	0.00853	0.00190	0.17441	0.00633	0.08817	0.06494
9	0.01364	0.01329	0.05761	0.39930	0.08949	0.06615	0.08719	0.01810	0.06071	0.07913	0.01215	0.01524	0.00904	0.00575	0.00570	0.00179	0.00739	0.00517	0.00326	0.04994
10	0.05444	0.01116	0.01321	0.09242	0.03113	0.03517	0.00899	0.14963	0.01495	0.08603	0.06258	0.07045	0.01404	0.00752	0.00656	0.02987	0.04482	0.00563	0.00428	0.25711
11	0.06883	0.05285	0.01483	0.07676	0.01691	0.01265	0.03129	0.23522	0.06901	0.06208	0.03048	0.01759	0.05953	0.02528	0.00580	0.00164	0.00538	0.00528	0.00451	0.20407

[dist]
# distance from previous block
# <min> <max>
8	27

[block]
# block no. 2 follows, 41 sequences, length 15
# corresponding to MSA columns:
# 365-379
name=unknown_C
#
# <colnr> <probs for GDERKNQSTAVLIFYWHMCP>
#	G	D	E	R	K	N	Q	S	T	A	V	L	I	F	Y	W	H	M	C	P
0	0.06647	0.01189	0.01405	0.10078	0.01770	0.02883	0.00953	0.21989	0.05221	0.28861	0.01723	0.01753	0.02618	0.03625	0.00639	0.00185	0.00560	0.00539	0.00539	0.06824
1	0.06779	0.01349	0.01607	0.18683	0.05000	0.01520	0.01145	0.45188	0.02040	0.02799	0.01256	0.01504	0.00954	0.04403	0.00717	0.02620	0.00643	0.00515	0.00456	0.00822
2	0.00878	0.00606	0.00698	0.00703	0.00745	0.00606	0.00436	0.05303	0.01021	0.01355	0.02221	0.20634	0.05043	0.54776	0.02200	0.00446	0.00500	0.01004	0.00408	0.00416
3	0.01635	0.01224	0.01334	0.01107	0.01418	0.03788	0.00883	0.40585	0.03913	0.04301	0.15416	0.06569	0.02102	0.04198	0.07077	0.00255	0.00622	0.02252	0.00543	0.00780
4	0.01256	0.01267	0.04534	0.22568	0.42870	0.01270	0.07706	0.01609	0.01245	0.01725	0.01235	0.07824	0.01095	0.00629	0.00589	0.00183	0.00702	0.00611	0.00295	0.00787
5	0.01233	0.00973	0.01014	0.00936	0.01138	0.05860	0.00703	0.17244	0.06550	0.03460	0.09572	0.22411	0.11806	0.09440	0.00883	0.00234	0.00472	0.03730	0.01711	0.00628
6	0.07383	0.01065	0.01740	0.46300	0.08972	0.01212	0.08547	0.01514	0.01174	0.01674	0.01172	0.01778	0.00960	0.00620	0.00586	0.00186	0.01981	0.04884	0.03700	0.04552
7	0.01440	0.04028	0.01979	0.31694	0.31054	0.10256	0.01533	0.07969	0.01394	0.01791	0.01047	0.01393	0.00831	0.00557	0.00556	0.00174	0.00746	0.00486	0.00297	0.00774
8	0.01414	0.01039	0.02403	0.07743	0.04051	0.00978	0.00878	0.10832	0.08939	0.11948	0.06671	0.13605	0.01772	0.00806	0.00561	0.00161	0.00481	0.00688	0.00479	0.24551
9	0.06793	0.01323	0.01321	0.01088	0.01435	0.07716	0.00873	0.36308	0.03550	0.09102	0.02031	0.05085	0.10111	0.00976	0.04182	0.00208	0.00602	0.00631	0.05871	0.00795
10	0.00987	0.00746	0.00889	0.05239	0.01131	0.00758	0.00638	0.10776	0.04783	0.01746	0.02806	0.33844	0.12897	0.16403	0.01094	0.00272	0.00441	0.01120	0.00482	0.02945
11	0.06337	0.19955	0.06361	0.03179	0.03765	0.29967	0.01036	0.06129	0.03844	0.01638	0.01263	0.01534	0.04437	0.07449	0.00697	0.00187	0.00755	0.00459	0.00323	0.00685
12	0.01117	0.05476	0.04675	0.00880	0.01189	0.00901	0.00698	0.03845	0.10284	0.01706	0.01618	0.10250	0.01596	0.22358	0.01163	0.00252	0.00491	0.00655	0.00389	0.30456
13	0.01436	0.09820	0.30606	0.01234	0.01769	0.01252	0.01312	0.11115	0.04239	0.11369	0.09590	0.06100	0.01601	0.02687	0.00614	0.00183	0.00622	0.00592	0.00419	0.03440
14	0.01463	0.08375	0.17072	0.01124	0.01608	0.05542	0.01076	0.12640	0.05318	0.07741	0.05321	0.01814	0.05774	0.03799	0.00618	0.00167	0.00588	0.00523	0.00410	0.19028

[dist]
# distance from previous block
# <min> <max>
17	204

[block]
# block no. 3 follows, 41 sequences, length 10
# corresponding to MSA columns:
# 748-757
name=unknown_D
#
# <colnr> <probs for GDERKNQSTAVLIFYWHMCP>
#	G	D	E	R	K	N	Q	S	T	A	V	L	I	F	Y	W	H	M	C	P
0	0.01275	0.01060	0.01664	0.09518	0.38578	0.01066	0.01265	0.01616	0.04582	0.07482	0.09448	0.07693	0.09033	0.02431	0.00650	0.00189	0.00556	0.00727	0.00404	0.00764
1	0.01330	0.01326	0.01604	0.10639	0.01810	0.10948	0.03942	0.05838	0.01184	0.01601	0.01125	0.08386	0.01075	0.00972	0.03592	0.00225	0.33670	0.00580	0.00314	0.09840
2	0.01173	0.00935	0.01133	0.06712	0.01442	0.00787	0.00721	0.04248	0.01249	0.04362	0.03619	0.08024	0.04219	0.04648	0.00613	0.00143	0.00446	0.00553	0.01904	0.53068
3	0.07010	0.06462	0.01651	0.01393	0.01714	0.63486	0.01068	0.07676	0.01640	0.01634	0.00911	0.01045	0.00747	0.00588	0.00503	0.00150	0.00945	0.00373	0.00317	0.00687
4	0.01089	0.00784	0.00985	0.06333	0.01250	0.00820	0.00726	0.17315	0.01436	0.01919	0.04808	0.45943	0.02705	0.01459	0.00840	0.08919	0.00444	0.01162	0.00495	0.00570
5	0.00710	0.00572	0.00632	0.00635	0.00798	0.00495	0.00470	0.00880	0.01357	0.01715	0.22277	0.12878	0.51739	0.01418	0.00681	0.00194	0.00289	0.01209	0.00555	0.00495
6	0.53016	0.01166	0.01090	0.07161	0.01467	0.01330	0.00792	0.13436	0.06621	0.02604	0.03848	0.01267	0.00954	0.00598	0.00437	0.00176	0.00492	0.00411	0.00407	0.02727
7	0.22775	0.06997	0.08972	0.01028	0.01428	0.01334	0.00921	0.19455	0.08673	0.06524	0.07138	0.01758	0.03443	0.03261	0.00580	0.00185	0.00524	0.00524	0.03719	0.00761
8	0.11802	0.11417	0.04095	0.01233	0.02856	0.15959	0.06046	0.13151	0.04837	0.03973	0.06975	0.07485	0.01477	0.04223	0.00659	0.00188	0.01918	0.00588	0.00405	0.00713
9	0.06202	0.00942	0.01140	0.00962	0.01239	0.04867	0.06219	0.04403	0.04753	0.11384	0.28082	0.06833	0.13319	0.00975	0.00613	0.00177	0.00438	0.00841	0.00537	0.06072

[dist]
# distance from previous block
# <min> <max>
10	17

[block]
# block no. 4 follows, 41 sequences, length 14
# corresponding to MSA columns:
# 777-790
name=unknown_E
#
# <colnr> <probs for GDERKNQSTAVLIFYWHMCP>
#	G	D	E	R	K	N	Q	S	T	A	V	L	I	F	Y	W	H	M	C	P
0	0.32844	0.07336	0.09576	0.03093	0.01585	0.17070	0.01000	0.10292	0.01411	0.07369	0.02966	0.01204	0.00887	0.00589	0.00463	0.00167	0.00648	0.00400	0.00376	0.00725
1	0.01209	0.07945	0.61200	0.06988	0.02447	0.01386	0.01912	0.04562	0.01256	0.01826	0.01023	0.01216	0.00742	0.00543	0.00531	0.00174	0.00801	0.00422	0.00259	0.03559
2	0.78108	0.06705	0.00993	0.00768	0.01132	0.01352	0.00645	0.01684	0.00987	0.02480	0.00796	0.00928	0.00628	0.00528	0.00355	0.00173	0.00454	0.00309	0.00346	0.00628
3	0.02137	0.02726	0.01621	0.01474	0.01768	0.77602	0.01105	0.02284	0.01621	0.01400	0.00884	0.01031	0.00737	0.00589	0.00516	0.00147	0.01031	0.00368	0.00295	0.00663
4	0.00832	0.00555	0.00624	0.00624	0.00624	0.00555	0.00347	0.00832	0.00832	0.01109	0.01802	0.03743	0.02080	0.79898	0.02911	0.00555	0.00555	0.00832	0.00347	0.00347
5	0.00810	0.00585	0.00765	0.00720	0.00855	0.00540	0.00540	0.01079	0.01619	0.02294	0.76028	0.04273	0.05397	0.01169	0.00675	0.00180	0.00270	0.01034	0.00630	0.00540
6	0.01221	0.01160	0.01969	0.47102	0.34263	0.01308	0.01658	0.01585	0.01210	0.01632	0.01041	0.01479	0.00823	0.00546	0.00570	0.00182	0.00728	0.00509	0.00266	0.00749
7	0.00697	0.00498	0.00664	0.00796	0.00830	0.00465	0.00531	0.00796	0.01095	0.01460	0.03153	0.79525	0.03783	0.01792	0.00730	0.00232	0.00332	0.01626	0.00531	0.00465
8	0.02137	0.02726	0.01621	0.01474	0.01768	0.77602	0.01105	0.02284	0.01621	0.01400	0.00884	0.01031	0.00737	0.00589	0.00516	0.00147	0.01031	0.00368	0.00295	0.00663
9	0.00718	0.00563	0.00648	0.00705	0.00834	0.00501	0.00520	0.00858	0.01224	0.01523	0.04499	0.28222	0.42332	0.04541	0.00791	0.00227	0.00341	0.09952	0.00524	0.00477
10	0.02139	0.02650	0.01627	0.01463	0.01769	0.72461	0.01104	0.07175	0.01693	0.01549	0.00917	0.01055	0.00753	0.00596	0.00520	0.00149	0.01004	0.00378	0.00314	0.00684
11	0.68269	0.01171	0.01005	0.07845	0.01412	0.04345	0.00764	0.01667	0.01009	0.02349	0.00817	0.01006	0.00645	0.00565	0.00471	0.00181	0.05177	0.00341	0.00336	0.00623
12	0.06702	0.01163	0.01472	0.12351	0.15682	0.08747	0.01129	0.05954	0.01202	0.01681	0.01190	0.01650	0.01034	0.01965	0.28937	0.00453	0.07196	0.00520	0.00309	0.00662
13	0.43384	0.01248	0.01413	0.16019	0.20060	0.05857	0.01107	0.01694	0.01124	0.02119	0.00911	0.01166	0.00723	0.00537	0.00456	0.00176	0.00595	0.00399	0.00314	0.00695

[dist]
# distance from previous block
# <min> <max>
44	106

[block]
# block no. 5 follows, 41 sequences, length 144
# corresponding to MSA columns:
# 906-1028,1035-1055
name=unknown_F
#
# <colnr> <probs for GDERKNQSTAVLIFYWHMCP>
#	G	D	E	R	K	N	Q	S	T	A	V	L	I	F	Y	W	H	M	C	P
0	0.10316	0.06585	0.02587	0.01024	0.02896	0.03502	0.02449	0.15845	0.04258	0.06047	0.05918	0.10775	0.08288	0.02668	0.04782	0.00221	0.00548	0.00704	0.06979	0.03608
1	0.01414	0.07750	0.42873	0.01716	0.10159	0.06381	0.03977	0.08367	0.04016	0.04459	0.02907	0.01354	0.00942	0.00578	0.00544	0.00173	0.00768	0.00464	0.00318	0.00841
2	0.08649	0.00839	0.00985	0.05499	0.01257	0.00877	0.00722	0.14215	0.04055	0.03864	0.08728	0.38724	0.05080	0.01252	0.00636	0.00202	0.00424	0.01090	0.00516	0.02385
3	0.00813	0.00585	0.00672	0.00653	0.00813	0.00519	0.00483	0.01002	0.01388	0.04132	0.30003	0.08523	0.37291	0.04799	0.00759	0.00203	0.00301	0.01092	0.05456	0.00514
4	0.02629	0.07705	0.47642	0.04068	0.08197	0.04650	0.01701	0.01673	0.01215	0.01725	0.01308	0.10283	0.01167	0.00714	0.00558	0.00183	0.00746	0.02772	0.00292	0.00771
5	0.01395	0.13563	0.50040	0.01593	0.05740	0.01410	0.05446	0.01913	0.01265	0.10769	0.01151	0.01282	0.00825	0.00551	0.00530	0.00172	0.00767	0.00441	0.00303	0.00844
6	0.02233	0.00935	0.01237	0.00979	0.01372	0.00834	0.00797	0.02549	0.06579	0.61064	0.09683	0.02346	0.05136	0.00791	0.00590	0.00179	0.00454	0.00653	0.00684	0.00904
7	0.00927	0.00610	0.00778	0.00742	0.00900	0.00552	0.00560	0.01157	0.01512	0.08234	0.49897	0.11892	0.15332	0.01248	0.00676	0.00190	0.00305	0.03320	0.00608	0.00559
8	0.01339	0.01262	0.09803	0.03421	0.03789	0.05547	0.01015	0.15783	0.05327	0.06337	0.02233	0.22205	0.04212	0.02819	0.00694	0.00212	0.00563	0.12257	0.00485	0.00698
9	0.04565	0.07148	0.03265	0.10005	0.06146	0.07697	0.01003	0.03809	0.04774	0.32202	0.11794	0.01972	0.01707	0.00710	0.00559	0.00173	0.00565	0.00578	0.00519	0.00809
10	0.01548	0.00779	0.01021	0.00866	0.01135	0.00714	0.00682	0.01881	0.06161	0.31968	0.42088	0.03214	0.03585	0.00961	0.00629	0.00180	0.00368	0.00828	0.00658	0.00735
11	0.01087	0.01008	0.01711	0.58583	0.09960	0.01188	0.04846	0.01439	0.01165	0.01536	0.01254	0.08770	0.01083	0.00678	0.00585	0.00191	0.00709	0.00621	0.02939	0.00647
12	0.01574	0.10708	0.21540	0.01479	0.05719	0.27888	0.01331	0.03276	0.05275	0.03020	0.03470	0.05930	0.01136	0.00685	0.00600	0.00169	0.04631	0.00506	0.00325	0.00738
13	0.01376	0.29388	0.44139	0.01392	0.02060	0.09232	0.01625	0.01825	0.01233	0.01611	0.00933	0.01091	0.00729	0.00529	0.00480	0.00158	0.00784	0.00377	0.00248	0.00789
14	0.01757	0.01004	0.01246	0.00924	0.01397	0.00813	0.00750	0.03724	0.01413	0.32011	0.03150	0.01563	0.01177	0.00560	0.00494	0.00126	0.00451	0.00453	0.00499	0.46487
15	0.02102	0.01559	0.01672	0.01297	0.01739	0.01728	0.01066	0.68812	0.06964	0.03493	0.01463	0.02882	0.01071	0.00713	0.00576	0.00174	0.00613	0.00544	0.00572	0.00959
16	0.01450	0.64272	0.18276	0.01113	0.01676	0.02070	0.01213	0.01733	0.01172	0.01442	0.00843	0.00977	0.00732	0.00501	0.00403	0.00134	0.00660	0.00330	0.00244	0.00757
17	0.03538	0.11015	0.56604	0.01602	0.02348	0.01422	0.10127	0.01782	0.01222	0.01797	0.02821	0.01281	0.00852	0.00545	0.00537	0.00176	0.00808	0.00450	0.00260	0.00811
18	0.02120	0.02694	0.01637	0.01521	0.03513	0.75818	0.01120	0.02272	0.01613	0.01411	0.00889	0.01040	0.00741	0.00588	0.00517	0.00148	0.01023	0.00372	0.00294	0.00669
19	0.00697	0.00498	0.00664	0.00796	0.00830	0.00465	0.00531	0.00796	0.01095	0.01460	0.03153	0.79525	0.03783	0.01792	0.00730	0.00232	0.00332	0.01626	0.00531	0.00465
20	0.03532	0.01110	0.08087	0.02943	0.07020	0.00995	0.03228	0.09816	0.11882	0.02216	0.25667	0.12437	0.05000	0.00995	0.00628	0.00190	0.00472	0.02575	0.00510	0.00696
21	0.03425	0.01363	0.01906	0.21520	0.30822	0.06998	0.03992	0.13010	0.02808	0.01982	0.01155	0.01552	0.00945	0.05269	0.00703	0.00198	0.00711	0.00522	0.00333	0.00786
22	0.00695	0.00505	0.00656	0.00776	0.00824	0.00466	0.00522	0.00799	0.01114	0.01468	0.03398	0.72659	0.10490	0.01760	0.00725	0.00229	0.00328	0.01587	0.00531	0.00466
23	0.00697	0.00498	0.00664	0.00796	0.00830	0.00465	0.00531	0.00796	0.01095	0.01460	0.03153	0.79525	0.03783	0.01792	0.00730	0.00232	0.00332	0.01626	0.00531	0.00465
24	0.03389	0.01448	0.02021	0.11951	0.49320	0.10257	0.01547	0.03157	0.05475	0.01837	0.01175	0.01567	0.00984	0.00578	0.00564	0.00174	0.00707	0.02708	0.00312	0.00828
25	0.00869	0.00588	0.00818	0.05476	0.02850	0.00565	0.00644	0.01016	0.01189	0.06444	0.10016	0.60675	0.03539	0.01558	0.00701	0.00220	0.00370	0.01407	0.00530	0.00526
26	0.01213	0.00895	0.01032	0.00945	0.01189	0.00942	0.00738	0.03629	0.30711	0.07994	0.26688	0.05074	0.09399	0.01034	0.00638	0.00193	0.00388	0.05979	0.00598	0.00720
27	0.00960	0.00809	0.01136	0.01055	0.01106	0.01022	0.00823	0.01102	0.00890	0.01304	0.01327	0.02193	0.01326	0.16790	0.39684	0.00637	0.26405	0.00616	0.00295	0.00519
28	0.81601	0.01104	0.00865	0.02946	0.01186	0.01283	0.00647	0.01675	0.00978	0.02535	0.00803	0.00946	0.00623	0.00532	0.00360	0.00177	0.00451	0.00315	0.00351	0.00620
29	0.00863	0.00675	0.00986	0.00960	0.01044	0.00811	0.00746	0.01045	0.00909	0.01318	0.01469	0.02245	0.01403	0.09044	0.64757	0.00825	0.09468	0.00616	0.00303	0.00512
30	0.04088	0.68630	0.09988	0.01045	0.01560	0.03818	0.01079	0.01734	0.01171	0.01430	0.00819	0.00948	0.00730	0.00498	0.00387	0.00130	0.00638	0.00319	0.00249	0.00740
31	0.05646	0.01465	0.01554	0.01221	0.01636	0.01623	0.00999	0.60682	0.06787	0.03346	0.01475	0.03142	0.01096	0.00708	0.00555	0.00172	0.00581	0.00539	0.05860	0.00914
32	0.00832	0.00555	0.00624	0.00624	0.00624	0.00555	0.00347	0.00832	0.00832	0.01109	0.01802	0.03743	0.02080	0.79898	0.02911	0.00555	0.00555	0.00832	0.00347	0.00347
33	0.01090	0.01035	0.01774	0.75839	0.03906	0.01277	0.04151	0.01475	0.01151	0.01475	0.01022	0.01526	0.00766	0.00569	0.00576	0.00191	0.00770	0.00514	0.00255	0.00640
34	0.01369	0.46280	0.23548	0.01325	0.03618	0.01826	0.07312	0.01719	0.01217	0.01576	0.04714	0.01232	0.00983	0.00539	0.00462	0.00149	0.00690	0.00411	0.00268	0.00762
35	0.80267	0.01079	0.00836	0.00752	0.01090	0.01248	0.00614	0.01640	0.00963	0.02497	0.00805	0.00965	0.00636	0.00595	0.00437	0.03859	0.00445	0.00318	0.00349	0.00603
36	0.01350	0.01543	0.03375	0.02411	0.02989	0.01446	0.74253	0.01832	0.01350	0.01832	0.01157	0.01543	0.00868	0.00482	0.00675	0.00193	0.00964	0.00675	0.00289	0.00771
37	0.00703	0.00502	0.00669	0.00792	0.00831	0.00469	0.00531	0.00812	0.01123	0.01505	0.07082	0.75468	0.03870	0.01758	0.00727	0.00229	0.00329	0.01594	0.00536	0.00469
38	0.01153	0.04885	0.65041	0.01614	0.02388	0.01316	0.07188	0.01767	0.01241	0.01828	0.05476	0.01405	0.01012	0.00575	0.00556	0.00180	0.00813	0.00474	0.00268	0.00819
39	0.02354	0.01021	0.01321	0.01045	0.01465	0.00949	0.00853	0.02834	0.15342	0.62896	0.02270	0.01982	0.01477	0.00721	0.00576	0.00180	0.00480	0.00589	0.00685	0.00961
40	0.00681	0.00575	0.00590	0.00596	0.00778	0.00483	0.00443	0.00827	0.01301	0.01562	0.07669	0.09698	0.69928	0.01460	0.00679	0.00195	0.00292	0.01226	0.00534	0.00483
41	0.01377	0.01371	0.02493	0.08989	0.55669	0.01370	0.16724	0.01749	0.01300	0.01830	0.01088	0.01450	0.00887	0.00509	0.00589	0.00176	0.00745	0.00544	0.00282	0.00858
42	0.01156	0.01026	0.01410	0.14327	0.08992	0.07667	0.06070	0.01436	0.01291	0.03232	0.02095	0.05798	0.02131	0.03450	0.03117	0.00253	0.00681	0.34841	0.00413	0.00612
43	0.00789	0.00584	0.00736	0.00698	0.00842	0.00531	0.00524	0.01040	0.01571	0.02178	0.65213	0.04462	0.16284	0.01212	0.00675	0.00182	0.00273	0.01061	0.00614	0.00531
44	0.00712	0.00521	0.00670	0.00760	0.00827	0.00479	0.00521	0.00844	0.01202	0.01602	0.14982	0.59235	0.12229	0.01655	0.00715	0.00220	0.00317	0.01485	0.00547	0.00479
45	0.06451	0.05351	0.06274	0.03389	0.04928	0.01180	0.01016	0.17233	0.01716	0.40428	0.01795	0.04951	0.01263	0.00706	0.00556	0.00176	0.00553	0.00565	0.00569	0.00900
46	0.67986	0.01099	0.01027	0.13571	0.03739	0.01283	0.00811	0.01647	0.01011	0.02365	0.00841	0.01041	0.00651	0.00537	0.00396	0.00179	0.00502	0.00348	0.00336	0.00630
47	0.01393	0.01906	0.26360	0.02650	0.41904	0.01391	0.05749	0.08261	0.01398	0.02003	0.01091	0.01352	0.00851	0.00535	0.00565	0.00175	0.00744	0.00491	0.00296	0.00885
48	0.02174	0.01602	0.01717	0.01316	0.01774	0.01774	0.01087	0.74423	0.02689	0.03605	0.01373	0.01373	0.00973	0.00687	0.00572	0.00172	0.00629	0.00515	0.00572	0.00973
49	0.04185	0.01167	0.01244	0.01115	0.01429	0.01328	0.00873	0.04836	0.61370	0.04695	0.07596	0.02325	0.01977	0.00811	0.00586	0.00193	0.00447	0.02380	0.00580	0.00864
50	0.00945	0.00652	0.00894	0.00996	0.01135	0.00638	0.00851	0.01191	0.01327	0.04225	0.06454	0.10482	0.07409	0.01538	0.00768	0.00251	0.00489	0.58682	0.00538	0.00536
51	0.00711	0.00508	0.00676	0.00787	0.00833	0.00474	0.00532	0.00831	0.01159	0.01561	0.11988	0.70401	0.03979	0.01717	0.00723	0.00226	0.00324	0.01554	0.00543	0.00474
52	0.00806	0.00587	0.00760	0.00723	0.00861	0.00540	0.00546	0.01069	0.01593	0.02236	0.70073	0.04405	0.09023	0.01197	0.00678	0.00183	0.00279	0.03282	0.00621	0.00536
53	0.00726	0.00544	0.00784	0.00868	0.00925	0.00508	0.03795	0.00842	0.01106	0.01477	0.03064	0.76073	0.03654	0.01734	0.00728	0.00231	0.00360	0.01584	0.00520	0.00478
54	0.01186	0.01017	0.01186	0.00847	0.01356	0.00762	0.00678	0.01440	0.01186	0.01864	0.01017	0.01186	0.00847	0.00424	0.00424	0.00085	0.00424	0.00339	0.00339	0.83395
55	0.01423	0.01229	0.01293	0.01164	0.01487	0.01423	0.00905	0.03039	0.75297	0.02393	0.02328	0.02134	0.01746	0.00776	0.00582	0.00194	0.00453	0.00647	0.00582	0.00905
56	0.83938	0.01106	0.00841	0.00752	0.01106	0.01283	0.00619	0.01681	0.00973	0.02566	0.00796	0.00929	0.00619	0.00531	0.00354	0.00177	0.00442	0.00310	0.00354	0.00619
57	0.02549	0.01001	0.01345	0.01031	0.01474	0.00882	0.00852	0.05959	0.01684	0.73489	0.02217	0.01921	0.01396	0.00707	0.00575	0.00177	0.00493	0.00573	0.00702	0.00973
58	0.83938	0.01106	0.00841	0.00752	0.01106	0.01283	0.00619	0.01681	0.00973	0.02566	0.00796	0.00929	0.00619	0.00531	0.00354	0.00177	0.00442	0.00310	0.00354	0.00619
59	0.01416	0.01359	0.02322	0.03511	0.76330	0.01359	0.01755	0.01755	0.01302	0.01869	0.01076	0.01416	0.00906	0.00510	0.00566	0.00170	0.00680	0.00510	0.00283	0.00906
60	0.02174	0.01602	0.01717	0.01316	0.01774	0.01774	0.01087	0.74423	0.02689	0.03605	0.01373	0.01373	0.00973	0.00687	0.00572	0.00172	0.00629	0.00515	0.00572	0.00973
61	0.00696	0.00501	0.00661	0.00789	0.00828	0.00465	0.00528	0.00797	0.01102	0.01463	0.03246	0.76914	0.06334	0.01780	0.00728	0.00231	0.00330	0.01611	0.00531	0.00465
62	0.01132	0.00596	0.00603	0.00580	0.00732	0.00607	0.00441	0.05666	0.01288	0.02220	0.01837	0.02087	0.01437	0.00668	0.00410	0.00136	0.00288	0.00532	0.78183	0.00559
63	0.00817	0.00613	0.00919	0.00919	0.01021	0.00715	0.00715	0.01021	0.00919	0.01328	0.01532	0.02247	0.01430	0.04290	0.77631	0.00919	0.01532	0.00613	0.00306	0.00511
64	0.01344	0.01587	0.05680	0.02386	0.02973	0.01443	0.71992	0.01832	0.01346	0.01832	0.01153	0.01532	0.00863	0.00484	0.00671	0.00192	0.00961	0.00667	0.00288	0.00774
65	0.00696	0.00523	0.00646	0.00735	0.00816	0.00473	0.00506	0.00816	0.01174	0.01520	0.07144	0.56410	0.23121	0.01672	0.00713	0.00220	0.00318	0.01488	0.00535	0.00473
66	0.01229	0.01042	0.01209	0.00868	0.01374	0.00806	0.00696	0.04605	0.01251	0.01939	0.01032	0.01194	0.00853	0.00435	0.00430	0.00088	0.00433	0.00347	0.00349	0.79821
67	0.02516	0.01018	0.01351	0.01040	0.01480	0.00912	0.00857	0.07251	0.03374	0.70490	0.02203	0.01915	0.01396	0.00708	0.00575	0.00177	0.00495	0.00573	0.00697	0.00972
68	0.00822	0.00594	0.00810	0.00917	0.01017	0.00581	0.00732	0.01023	0.01238	0.01636	0.07926	0.30506	0.06613	0.01779	0.05313	0.00283	0.00494	0.36691	0.00522	0.00504
69	0.00721	0.00577	0.00644	0.00635	0.00802	0.00501	0.00473	0.00904	0.01397	0.01785	0.28566	0.08568	0.49665	0.01374	0.00678	0.00191	0.00285	0.01170	0.00563	0.00501
70	0.00713	0.00504	0.00659	0.00776	0.00806	0.00475	0.00510	0.00801	0.01064	0.01419	0.02996	0.70711	0.03585	0.10876	0.00984	0.00270	0.00358	0.01534	0.00510	0.00451
71	0.01264	0.01134	0.01573	0.01184	0.03066	0.00960	0.12348	0.04878	0.05673	0.01960	0.01180	0.03010	0.00974	0.00497	0.00489	0.00117	0.00523	0.00449	0.00359	0.58362
72	0.83938	0.01106	0.00841	0.00752	0.01106	0.01283	0.00619	0.01681	0.00973	0.02566	0.00796	0.00929	0.00619	0.00531	0.00354	0.00177	0.00442	0.00310	0.00354	0.00619
73	0.00748	0.00576	0.00688	0.00718	0.00849	0.00523	0.00527	0.00953	0.02933	0.01755	0.24238	0.26202	0.30534	0.01461	0.00695	0.00204	0.00312	0.05020	0.00559	0.00505
74	0.01458	0.01221	0.01294	0.01160	0.01487	0.01405	0.00903	0.03032	0.73032	0.04678	0.02326	0.02128	0.01736	0.00774	0.00582	0.00193	0.00454	0.00644	0.00586	0.00907
75	0.00718	0.00514	0.00683	0.00782	0.00834	0.00479	0.00533	0.00850	0.01194	0.01618	0.16914	0.65315	0.04088	0.01674	0.00720	0.00222	0.00320	0.01514	0.00550	0.00479
76	0.00810	0.00585	0.00765	0.00720	0.00855	0.00540	0.00540	0.01079	0.01619	0.02294	0.76028	0.04273	0.05397	0.01169	0.00675	0.00180	0.00270	0.01034	0.00630	0.00540
77	0.00781	0.00584	0.00725	0.00690	0.00837	0.00528	0.00517	0.01024	0.01552	0.02134	0.61048	0.04535	0.20477	0.01229	0.00675	0.00183	0.00274	0.01071	0.00609	0.00528
78	0.02142	0.01571	0.01682	0.01293	0.01742	0.01738	0.01067	0.72315	0.02646	0.03562	0.01387	0.01395	0.00987	0.00686	0.00567	0.00171	0.00619	0.00516	0.02951	0.00960
79	0.01186	0.01017	0.01186	0.00847	0.01356	0.00762	0.00678	0.01440	0.01186	0.01864	0.01017	0.01186	0.00847	0.00424	0.00424	0.00085	0.00424	0.00339	0.00339	0.83395
80	0.00697	0.00498	0.00664	0.00796	0.00830	0.00465	0.00531	0.00796	0.01095	0.01460	0.03153	0.79525	0.03783	0.01792	0.00730	0.00232	0.00332	0.01626	0.00531	0.00465
81	0.00769	0.00575	0.00717	0.00717	0.00850	0.00522	0.00535	0.00986	0.01457	0.01974	0.45792	0.15363	0.21125	0.01343	0.00689	0.00195	0.00297	0.04991	0.00588	0.00515
82	0.02426	0.01198	0.01466	0.01124	0.01572	0.01174	0.00929	0.28369	0.02013	0.50614	0.01941	0.01742	0.01258	0.00700	0.00574	0.00175	0.00538	0.00554	0.00659	0.00973
83	0.00697	0.00498	0.00664	0.00796	0.00830	0.00465	0.00531	0.00796	0.01095	0.01460	0.03153	0.79525	0.03783	0.01792	0.00730	0.00232	0.00332	0.01626	0.00531	0.00465
84	0.00922	0.00658	0.00922	0.01053	0.01185	0.00658	0.00922	0.01185	0.01317	0.01712	0.03029	0.06452	0.03292	0.01580	0.00790	0.00263	0.00527	0.72480	0.00527	0.00527
85	0.00888	0.00615	0.00705	0.00664	0.00855	0.00534	0.00501	0.01076	0.01420	0.08349	0.27767	0.04750	0.44909	0.03532	0.00730	0.00198	0.00308	0.01086	0.00573	0.00540
86	0.01529	0.80242	0.02997	0.00979	0.01468	0.02263	0.00979	0.01713	0.01162	0.01346	0.00795	0.00918	0.00734	0.00489	0.00367	0.00122	0.00612	0.00306	0.00245	0.00734
87	0.01350	0.01543	0.03375	0.02411	0.02989	0.01446	0.74253	0.01832	0.01350	0.01832	0.01157	0.01543	0.00868	0.00482	0.00675	0.00193	0.00964	0.00675	0.00289	0.00771
88	0.00697	0.00498	0.00664	0.00796	0.00830	0.00465	0.00531	0.00796	0.01095	0.01460	0.03153	0.79525	0.03783	0.01792	0.00730	0.00232	0.00332	0.01626	0.00531	0.00465
89	0.01300	0.01266	0.02207	0.26297	0.44146	0.01357	0.08303	0.01656	0.01239	0.01719	0.01051	0.01453	0.00852	0.00548	0.00636	0.00182	0.04192	0.00524	0.00273	0.00798
90	0.01355	0.01450	0.02847	0.02599	0.23787	0.01464	0.43313	0.01747	0.01270	0.01779	0.01077	0.01466	0.00862	0.00562	0.00811	0.00194	0.11740	0.00603	0.00282	0.00790
91	0.00697	0.00498	0.00664	0.00796	0.00830	0.00465	0.00531	0.00796	0.01095	0.01460	0.03153	0.79525	0.03783	0.01792	0.00730	0.00232	0.00332	0.01626	0.00531	0.00465
92	0.01186	0.01017	0.01186	0.00847	0.01356	0.00762	0.00678	0.01440	0.01186	0.01864	0.01017	0.01186	0.00847	0.00424	0.00424	0.00085	0.00424	0.00339	0.00339	0.83395
93	0.01623	0.02649	0.01339	0.00984	0.01436	0.01002	0.00802	0.14453	0.01517	0.17132	0.01347	0.01428	0.01012	0.00762	0.04945	0.00171	0.02158	0.00436	0.00448	0.44357
94	0.01192	0.00762	0.02664	0.00884	0.01081	0.00689	0.00709	0.05195	0.01431	0.14577	0.20128	0.12717	0.08379	0.10198	0.00936	0.00247	0.00436	0.16612	0.00558	0.00606
95	0.00703	0.00562	0.00630	0.00652	0.00799	0.00488	0.00474	0.00859	0.01311	0.01653	0.17147	0.21912	0.47839	0.01478	0.00688	0.00200	0.00296	0.01272	0.00548	0.00488
96	0.01326	0.01505	0.11277	0.06651	0.11161	0.04717	0.12382	0.05412	0.01308	0.01871	0.01046	0.01299	0.00833	0.00518	0.00589	0.00146	0.04588	0.00451	0.00312	0.32606
97	0.83938	0.01106	0.00841	0.00752	0.01106	0.01283	0.00619	0.01681	0.00973	0.02566	0.00796	0.00929	0.00619	0.00531	0.00354	0.00177	0.00442	0.00310	0.00354	0.00619
98	0.74092	0.01090	0.00900	0.00784	0.01149	0.01230	0.00646	0.01815	0.01054	0.11540	0.00973	0.01052	0.00716	0.00552	0.00381	0.00177	0.00448	0.00342	0.00397	0.00662
99	0.00705	0.00502	0.00666	0.00789	0.00825	0.00470	0.00526	0.00807	0.01106	0.01479	0.05684	0.74686	0.03791	0.04022	0.00791	0.00240	0.00336	0.01582	0.00529	0.00464
100	0.00695	0.00504	0.00657	0.00779	0.00825	0.00466	0.00523	0.00798	0.01112	0.01467	0.03366	0.73535	0.09635	0.01764	0.00726	0.00229	0.00328	0.01592	0.00531	0.00466
101	0.01858	0.01251	0.01283	0.01038	0.01379	0.05761	0.00838	0.38327	0.02024	0.11325	0.01604	0.01664	0.01169	0.00677	0.00513	0.00158	0.00520	0.00519	0.27278	0.00812
102	0.02174	0.01602	0.01717	0.01316	0.01774	0.01774	0.01087	0.74423	0.02689	0.03605	0.01373	0.01373	0.00973	0.00687	0.00572	0.00172	0.00629	0.00515	0.00572	0.00973
103	0.05024	0.01743	0.01639	0.01308	0.01728	0.14680	0.01059	0.54277	0.06032	0.04865	0.01338	0.01351	0.00969	0.00669	0.00555	0.00169	0.00679	0.00491	0.00521	0.00904
104	0.01350	0.01543	0.03375	0.02411	0.02989	0.01446	0.74253	0.01832	0.01350	0.01832	0.01157	0.01543	0.00868	0.00482	0.00675	0.00193	0.00964	0.00675	0.00289	0.00771
105	0.04919	0.01312	0.01407	0.14683	0.03525	0.07313	0.01054	0.05846	0.47226	0.02192	0.01866	0.01924	0.01425	0.00721	0.00569	0.00189	0.00565	0.01955	0.00485	0.00823
106	0.03425	0.01234	0.01334	0.03422	0.01528	0.05933	0.00856	0.22748	0.01695	0.12181	0.01558	0.05747	0.02894	0.02562	0.00585	0.00157	0.00539	0.02257	0.00469	0.28876
107	0.01294	0.15796	0.53206	0.01622	0.05558	0.01520	0.05254	0.06098	0.01299	0.01843	0.01016	0.01193	0.00756	0.00538	0.00523	0.00171	0.00791	0.00424	0.00266	0.00833
108	0.01145	0.02866	0.73173	0.01632	0.02454	0.01314	0.04103	0.01796	0.01221	0.01823	0.02701	0.01285	0.00833	0.00556	0.00550	0.00181	0.00836	0.00443	0.00252	0.00836
109	0.01741	0.00954	0.01166	0.00965	0.01268	0.00941	0.00761	0.14348	0.08118	0.29527	0.19904	0.02733	0.02449	0.09860	0.00870	0.00223	0.00464	0.02316	0.00610	0.00781
110	0.01798	0.01278	0.01433	0.01189	0.01502	0.03807	0.00951	0.30734	0.12815	0.14308	0.01799	0.11250	0.01502	0.03106	0.00806	0.00202	0.09464	0.00684	0.00538	0.00833
111	0.06788	0.06231	0.64235	0.01547	0.02324	0.01357	0.03983	0.01826	0.01206	0.03955	0.01039	0.01206	0.00742	0.00543	0.00527	0.00178	0.00801	0.00421	0.00264	0.00827
112	0.01376	0.01174	0.01242	0.01115	0.01427	0.01340	0.00867	0.05210	0.65218	0.02379	0.05764	0.02403	0.06289	0.00830	0.00591	0.00193	0.00441	0.00693	0.00581	0.00866
113	0.00753	0.00554	0.00758	0.00833	0.00901	0.00531	0.02066	0.00886	0.01125	0.01504	0.07222	0.52981	0.06702	0.07628	0.06661	0.00304	0.00462	0.07152	0.00501	0.00476
114	0.01270	0.08930	0.02024	0.45282	0.07241	0.03229	0.09619	0.05912	0.02934	0.01667	0.01121	0.01611	0.00898	0.00608	0.00606	0.00185	0.02952	0.02916	0.00295	0.00698
115	0.03707	0.00974	0.01666	0.19506	0.16465	0.01013	0.12364	0.01349	0.01197	0.01649	0.01869	0.27019	0.01949	0.01007	0.00646	0.00205	0.00612	0.05781	0.00376	0.00645
116	0.00717	0.00520	0.00676	0.00765	0.00830	0.00480	0.00525	0.00852	0.01210	0.01624	0.17102	0.59606	0.09681	0.01648	0.00715	0.00219	0.00317	0.01482	0.00550	0.00480
117	0.01133	0.01292	0.09921	0.22739	0.09585	0.01185	0.18823	0.01505	0.01224	0.01689	0.03081	0.05394	0.08189	0.00723	0.00682	0.00190	0.05553	0.00666	0.05742	0.00685
118	0.09305	0.04754	0.43835	0.01513	0.02182	0.01358	0.09854	0.09362	0.01394	0.07161	0.03294	0.01365	0.00938	0.00578	0.00543	0.00179	0.00749	0.00474	0.00335	0.00825
119	0.81612	0.01104	0.00865	0.02935	0.01186	0.01283	0.00647	0.01675	0.00978	0.02535	0.00803	0.00946	0.00623	0.00532	0.00360	0.00177	0.00451	0.00315	0.00351	0.00620
120	0.03613	0.05155	0.12945	0.02951	0.01682	0.07183	0.01131	0.18174	0.09768	0.11328	0.01834	0.04207	0.07798	0.00789	0.00700	0.00185	0.08714	0.00592	0.00453	0.00800
121	0.00682	0.00571	0.00594	0.00607	0.00781	0.00483	0.00448	0.00826	0.01292	0.01560	0.07718	0.13226	0.66301	0.01476	0.00682	0.00197	0.00294	0.01246	0.00534	0.00483
122	0.01416	0.01359	0.02322	0.03511	0.76330	0.01359	0.01755	0.01755	0.01302	0.01869	0.01076	0.01416	0.00906	0.00510	0.00566	0.00170	0.00680	0.00510	0.00283	0.00906
123	0.00806	0.00582	0.00761	0.00722	0.00854	0.00537	0.00539	0.01070	0.01602	0.02266	0.73589	0.06791	0.05343	0.01190	0.00676	0.00182	0.00272	0.01054	0.00626	0.00537
124	0.00697	0.00498	0.00664	0.00796	0.00830	0.00465	0.00531	0.00796	0.01095	0.01460	0.03153	0.79525	0.03783	0.01792	0.00730	0.00232	0.00332	0.01626	0.00531	0.00465
125	0.00828	0.00556	0.00640	0.00643	0.00649	0.00561	0.00370	0.00841	0.00842	0.01128	0.01816	0.05229	0.02081	0.74338	0.06768	0.00567	0.00601	0.00837	0.00348	0.00358
126	0.00794	0.00584	0.00744	0.00704	0.00845	0.00533	0.00528	0.01050	0.01583	0.02209	0.68083	0.04412	0.13395	0.01201	0.00675	0.00181	0.00272	0.01054	0.00619	0.00533
127	0.02174	0.01602	0.01717	0.01316	0.01774	0.01774	0.01087	0.74423	0.02689	0.03605	0.01373	0.01373	0.00973	0.00687	0.00572	0.00172	0.00629	0.00515	0.00572	0.00973
128	0.01186	0.01017	0.01186	0.00847	0.01356	0.00762	0.00678	0.01440	0.01186	0.01864	0.01017	0.01186	0.00847	0.00424	0.00424	0.00085	0.00424	0.00339	0.00339	0.83395
129	0.01147	0.02959	0.76934	0.01630	0.02476	0.01328	0.02113	0.01811	0.01208	0.01811	0.01026	0.01208	0.00725	0.00543	0.00543	0.00181	0.00845	0.00423	0.00242	0.00845
130	0.01080	0.01017	0.01716	0.78523	0.03940	0.01271	0.01589	0.01461	0.01144	0.01461	0.01017	0.01525	0.00762	0.00572	0.00572	0.00191	0.00762	0.00508	0.00254	0.00635
131	0.00804	0.00543	0.00632	0.00660	0.00667	0.00536	0.00385	0.00824	0.00887	0.01182	0.02083	0.19487	0.02433	0.63672	0.02458	0.00488	0.00508	0.00997	0.00385	0.00371
132	0.00735	0.00542	0.00759	0.00836	0.00889	0.00509	0.03115	0.00845	0.01098	0.01469	0.05300	0.67743	0.03583	0.08549	0.00917	0.00257	0.00372	0.01504	0.00509	0.00468
133	0.02142	0.02563	0.01635	0.01451	0.01769	0.66580	0.01103	0.12769	0.01776	0.01720	0.00955	0.01081	0.00771	0.00604	0.00524	0.00151	0.00973	0.00390	0.00335	0.00708
134	0.01830	0.05101	0.22333	0.01203	0.01732	0.01168	0.01206	0.12899	0.04236	0.30253	0.08266	0.01802	0.01478	0.00684	0.00561	0.00173	0.00590	0.00548	0.00515	0.03420
135	0.03998	0.18612	0.51298	0.01399	0.02092	0.01490	0.01688	0.01827	0.05601	0.01797	0.04369	0.01329	0.00990	0.00573	0.00509	0.00170	0.00735	0.00435	0.00283	0.00805
136	0.00832	0.00555	0.00624	0.00624	0.00624	0.00555	0.00347	0.00832	0.00832	0.01109	0.01802	0.03743	0.02080	0.79898	0.02911	0.00555	0.00555	0.00832	0.00347	0.00347
137	0.00735	0.00534	0.00699	0.00809	0.00865	0.00506	0.00558	0.00898	0.03261	0.01556	0.08029	0.67334	0.05354	0.01704	0.00724	0.00228	0.00339	0.04843	0.00539	0.00485
138	0.01986	0.01464	0.01627	0.01279	0.01693	0.01605	0.02757	0.60100	0.06793	0.05063	0.01606	0.08482	0.01280	0.00787	0.00590	0.00179	0.00597	0.00628	0.00566	0.00918
139	0.00888	0.00692	0.00749	0.00769	0.02614	0.02351	0.00570	0.01098	0.03601	0.06060	0.06517	0.09500	0.53419	0.01369	0.00674	0.00199	0.00356	0.07497	0.00534	0.00543
140	0.00816	0.00562	0.00642	0.00653	0.00684	0.00550	0.00400	0.00856	0.00936	0.01228	0.04063	0.06525	0.09847	0.62894	0.02435	0.00481	0.00512	0.05148	0.00389	0.00379
141	0.15036	0.05995	0.03150	0.14551	0.03664	0.03610	0.01058	0.27122	0.03809	0.02496	0.01208	0.01387	0.00917	0.00634	0.00562	0.00172	0.04057	0.00467	0.09341	0.00765
142	0.03560	0.22676	0.01821	0.01133	0.01521	0.11136	0.00963	0.13139	0.14813	0.14278	0.01607	0.01881	0.01289	0.00717	0.00527	0.00168	0.00607	0.06890	0.00464	0.00810
143	0.07762	0.01143	0.03537	0.02695	0.01400	0.03275	0.00852	0.12354	0.25228	0.09770	0.07766	0.14365	0.03749	0.00925	0.00588	0.00190	0.00475	0.00773	0.02386	0.00770

[dist]
# distance from previous block
# <min> <max>
0	1

[block]
# block no. 6 follows, 41 sequences, length 28
# corresponding to MSA columns:
# 1057-1084
name=unknown_G
#
# <colnr> <probs for GDERKNQSTAVLIFYWHMCP>
#	G	D	E	R	K	N	Q	S	T	A	V	L	I	F	Y	W	H	M	C	P
0	0.01444	0.01275	0.06948	0.01218	0.01645	0.01116	0.10035	0.20243	0.03753	0.06155	0.05350	0.11742	0.01572	0.02686	0.00627	0.00171	0.00562	0.00668	0.00452	0.22338
1	0.00783	0.00595	0.00660	0.00636	0.00821	0.00512	0.00480	0.00967	0.01408	0.04463	0.26123	0.05018	0.52825	0.01341	0.00672	0.00189	0.00291	0.01134	0.00566	0.00517
2	0.02136	0.01579	0.01696	0.01298	0.01758	0.01735	0.01071	0.71599	0.02631	0.03537	0.01359	0.01366	0.00968	0.00676	0.00566	0.00168	0.00621	0.00508	0.00563	0.04162
3	0.00703	0.00500	0.00662	0.00789	0.00821	0.00468	0.00523	0.00798	0.01084	0.01445	0.03096	0.76358	0.03712	0.05056	0.00821	0.00246	0.00341	0.01593	0.00523	0.00460
4	0.00930	0.00605	0.00796	0.00750	0.00898	0.00555	0.00561	0.01179	0.01566	0.07810	0.62902	0.11917	0.04930	0.01199	0.00673	0.00185	0.00293	0.01061	0.00625	0.00565
5	0.01011	0.00629	0.00829	0.00754	0.00924	0.00574	0.00574	0.01276	0.01621	0.10848	0.67550	0.04005	0.04939	0.01116	0.00663	0.00180	0.00295	0.00982	0.00639	0.00590
6	0.00737	0.00582	0.00664	0.00644	0.00810	0.00509	0.00483	0.00939	0.01448	0.01888	0.37914	0.04941	0.43764	0.01321	0.00675	0.00187	0.00281	0.01128	0.00576	0.00509
7	0.01529	0.80242	0.02997	0.00979	0.01468	0.02263	0.00979	0.01713	0.01162	0.01346	0.00795	0.00918	0.00734	0.00489	0.00367	0.00122	0.00612	0.00306	0.00245	0.00734
8	0.01147	0.02959	0.76934	0.01630	0.02476	0.01328	0.02113	0.01811	0.01208	0.01811	0.01026	0.01208	0.00725	0.00543	0.00543	0.00181	0.00845	0.00423	0.00242	0.00845
9	0.02566	0.00973	0.01327	0.01018	0.01460	0.00841	0.00841	0.02788	0.01637	0.76726	0.02257	0.01947	0.01416	0.00708	0.00575	0.00177	0.00487	0.00575	0.00708	0.00973
10	0.01251	0.01251	0.01752	0.01502	0.01502	0.01752	0.01251	0.01377	0.00876	0.01377	0.00751	0.01251	0.00751	0.01001	0.01877	0.00250	0.78851	0.00501	0.00250	0.00626
11	0.01066	0.00533	0.00533	0.00533	0.00666	0.00533	0.00400	0.01333	0.01200	0.02132	0.01866	0.02132	0.01466	0.00666	0.00400	0.00133	0.00267	0.00533	0.83073	0.00533
12	0.00735	0.00569	0.00669	0.00670	0.00815	0.00504	0.00493	0.00925	0.01404	0.01845	0.34761	0.16028	0.35758	0.01383	0.00683	0.00193	0.00288	0.01197	0.00572	0.00504
13	0.02174	0.01602	0.01717	0.01316	0.01774	0.01774	0.01087	0.74423	0.02689	0.03605	0.01373	0.01373	0.00973	0.00687	0.00572	0.00172	0.00629	0.00515	0.00572	0.00973
14	0.01147	0.02959	0.76934	0.01630	0.02476	0.01328	0.02113	0.01811	0.01208	0.01811	0.01026	0.01208	0.00725	0.00543	0.00543	0.00181	0.00845	0.00423	0.00242	0.00845
15	0.00994	0.00497	0.00745	0.00745	0.00745	0.00497	0.00497	0.00745	0.00745	0.00994	0.00994	0.01739	0.00994	0.01987	0.02235	0.83358	0.00497	0.00497	0.00248	0.00248
16	0.02174	0.01602	0.01717	0.01316	0.01774	0.01774	0.01087	0.74423	0.02689	0.03605	0.01373	0.01373	0.00973	0.00687	0.00572	0.00172	0.00629	0.00515	0.00572	0.00973
