[name]
unknown

[dist]
# distance from previous block
# <min> <max>
0	0

[block]
# block no. 0 follows, 48 sequences, length 12
# corresponding to MSA columns:
# 0-11
name=unknown_A
#
# <colnr> <probs for GDERKNQSTAVLIFYWHMCP>
#	G	D	E	R	K	N	Q	S	T	A	V	L	I	F	Y	W	H	M	C	P
0	0.00827	0.00591	0.00827	0.00945	0.01063	0.00591	0.00827	0.01063	0.01181	0.01536	0.02717	0.05788	0.02953	0.01417	0.00709	0.00236	0.00472	0.75313	0.00472	0.00472
1	0.85592	0.00992	0.00754	0.00675	0.00992	0.01151	0.00556	0.01508	0.00873	0.02302	0.00714	0.00834	0.00556	0.00476	0.00318	0.00159	0.00397	0.00278	0.00318	0.00556
2	0.01917	0.02445	0.01454	0.01322	0.01586	0.79907	0.00991	0.02049	0.01454	0.01256	0.00793	0.00925	0.00661	0.00529	0.00463	0.00132	0.00925	0.00330	0.00264	0.00595
3	0.01270	0.01219	0.02083	0.03149	0.78767	0.01219	0.01575	0.01575	0.01168	0.01676	0.00965	0.01270	0.00813	0.00457	0.00508	0.00152	0.00610	0.00457	0.00254	0.00813
4	0.00609	0.00508	0.00532	0.00551	0.00701	0.00431	0.00404	0.00733	0.01139	0.01374	0.04817	0.17264	0.66479	0.01349	0.00614	0.00179	0.00266	0.01143	0.00476	0.00431
5	0.02302	0.00873	0.01191	0.00913	0.01310	0.00754	0.00754	0.02501	0.01469	0.79122	0.02024	0.01746	0.01270	0.00635	0.00516	0.00159	0.00437	0.00516	0.00635	0.00873
6	0.01024	0.00968	0.01638	0.66650	0.17191	0.01154	0.01452	0.01359	0.01052	0.01377	0.00922	0.01350	0.00707	0.00503	0.00512	0.00168	0.00670	0.00456	0.00233	0.00614
7	0.01276	0.01102	0.01160	0.01044	0.01334	0.01276	0.00812	0.02727	0.77840	0.02146	0.02088	0.01914	0.01566	0.00696	0.00522	0.00174	0.00406	0.00580	0.00522	0.00812
8	0.01403	0.01081	0.01223	0.01162	0.06258	0.01208	0.00853	0.02625	0.63466	0.11687	0.02009	0.01852	0.01482	0.00673	0.00520	0.00171	0.00423	0.00564	0.00519	0.00820
9	0.01211	0.01384	0.03028	0.02163	0.02682	0.01298	0.76903	0.01644	0.01211	0.01644	0.01038	0.01384	0.00779	0.00433	0.00606	0.00173	0.00865	0.00606	0.00260	0.00692
10	0.06713	0.00677	0.00871	0.00758	0.00985	0.00621	0.00591	0.01555	0.01363	0.31330	0.35015	0.12520	0.03029	0.00924	0.00559	0.00166	0.00333	0.00796	0.00565	0.00628
11	0.01879	0.11488	0.01683	0.01143	0.01557	0.01646	0.00963	0.67666	0.02242	0.02982	0.01167	0.01181	0.00846	0.00594	0.00490	0.00148	0.00563	0.00439	0.00477	0.00846

[dist]
# distance from previous block
# <min> <max>
0	6

[block]
# block no. 1 follows, 48 sequences, length 47
# corresponding to MSA columns:
# 18-40,42-65
name=unknown_B
#
# <colnr> <probs for GDERKNQSTAVLIFYWHMCP>
#	G	D	E	R	K	N	Q	S	T	A	V	L	I	F	Y	W	H	M	C	P
0	0.02088	0.03291	0.01226	0.02562	0.01345	0.00791	0.00753	0.02292	0.01395	0.65263	0.01820	0.01624	0.01174	0.00594	0.00493	0.00147	0.00438	0.00480	0.00572	0.11652
1	0.01513	0.01271	0.01279	0.01104	0.01413	0.07855	0.00886	0.28577	0.35944	0.02382	0.01754	0.02049	0.01411	0.00739	0.00536	0.00171	0.00513	0.09335	0.00492	0.00775
2	0.01037	0.02597	0.75890	0.01494	0.02241	0.01196	0.05258	0.01626	0.01089	0.01626	0.00926	0.01097	0.00656	0.00485	0.00493	0.00163	0.00763	0.00389	0.00219	0.00755
3	0.00734	0.00544	0.00795	0.00795	0.00876	0.00625	0.00604	0.00897	0.00816	0.01169	0.01402	0.02167	0.01349	0.12670	0.71202	0.00788	0.01275	0.00572	0.00279	0.00442
4	0.00733	0.00550	0.00825	0.00825	0.00916	0.00641	0.00641	0.00916	0.00825	0.01191	0.01374	0.02016	0.01283	0.03848	0.79934	0.00825	0.01374	0.00550	0.00275	0.00458
5	0.00625	0.00447	0.00595	0.00714	0.00744	0.00417	0.00476	0.00714	0.00982	0.01310	0.02828	0.81633	0.03394	0.01608	0.00655	0.00208	0.00298	0.01459	0.00476	0.00417
6	0.01192	0.01149	0.01569	0.01333	0.01367	0.01573	0.01110	0.07550	0.00921	0.01401	0.00720	0.01132	0.00690	0.00875	0.01586	0.00219	0.74326	0.00450	0.00249	0.00587
7	0.01343	0.75649	0.09066	0.00927	0.01392	0.01960	0.00963	0.01544	0.01046	0.01242	0.00731	0.00845	0.00658	0.00443	0.00342	0.00114	0.00566	0.00283	0.00219	0.00667
8	0.00625	0.00447	0.00595	0.00714	0.00744	0.00417	0.00476	0.00714	0.00982	0.01310	0.02828	0.81633	0.03394	0.01608	0.00655	0.00208	0.00298	0.01459	0.00476	0.00417
9	0.01064	0.00912	0.01064	0.00760	0.01216	0.00684	0.00608	0.01292	0.01064	0.01672	0.00912	0.01064	0.00760	0.00380	0.00380	0.00076	0.00380	0.00304	0.00304	0.85104
10	0.01951	0.01437	0.01540	0.01181	0.01591	0.01591	0.00975	0.77056	0.02412	0.03234	0.01232	0.01232	0.00873	0.00616	0.00513	0.00154	0.00565	0.00462	0.00513	0.00873
11	0.01726	0.01326	0.01413	0.01135	0.01506	0.01486	0.00921	0.52272	0.27562	0.02871	0.01517	0.01459	0.01104	0.00643	0.00516	0.00161	0.00512	0.00501	0.00516	0.00852
12	0.00733	0.00550	0.00825	0.00825	0.00916	0.00641	0.00641	0.00916	0.00825	0.01191	0.01374	0.02016	0.01283	0.03848	0.79934	0.00825	0.01374	0.00550	0.00275	0.00458
13	0.01917	0.02445	0.01454	0.01322	0.01586	0.79907	0.00991	0.02049	0.01454	0.01256	0.00793	0.00925	0.00661	0.00529	0.00463	0.00132	0.00925	0.00330	0.00264	0.00595
14	0.00625	0.00447	0.00595	0.00714	0.00744	0.00417	0.00476	0.00714	0.00982	0.01310	0.02828	0.81633	0.03394	0.01608	0.00655	0.00208	0.00298	0.01459	0.00476	0.00417
15	0.00726	0.00524	0.00686	0.00646	0.00767	0.00484	0.00484	0.00968	0.01452	0.02058	0.78496	0.03833	0.04841	0.01049	0.00605	0.00161	0.00242	0.00928	0.00565	0.00484
16	0.00625	0.00447	0.00595	0.00714	0.00744	0.00417	0.00476	0.00714	0.00982	0.01310	0.02828	0.81633	0.03394	0.01608	0.00655	0.00208	0.00298	0.01459	0.00476	0.00417
17	0.01067	0.00967	0.01574	0.02286	0.51134	0.00957	0.01203	0.01313	0.01139	0.01589	0.05097	0.12660	0.05360	0.04410	0.00648	0.00184	0.00518	0.06889	0.00329	0.00676
18	0.01074	0.13181	0.69179	0.01385	0.02101	0.01303	0.01761	0.01613	0.01078	0.01570	0.00893	0.01049	0.00651	0.00481	0.00467	0.00156	0.00731	0.00365	0.00217	0.00745
19	0.00793	0.00538	0.00703	0.00657	0.00789	0.00494	0.00494	0.01026	0.01434	0.05564	0.71245	0.05898	0.06306	0.01051	0.00602	0.00163	0.00253	0.00927	0.00564	0.00499
20	0.00646	0.00462	0.00614	0.00700	0.00749	0.00431	0.00478	0.00766	0.01079	0.01463	0.18315	0.65709	0.03690	0.01493	0.00645	0.00199	0.00286	0.01350	0.00494	0.00431
21	0.63427	0.01005	0.00854	0.00740	0.01054	0.01143	0.00605	0.10699	0.03688	0.04655	0.00939	0.01031	0.00710	0.00515	0.00357	0.00156	0.00406	0.00333	0.07075	0.00606
22	0.12173	0.01001	0.01449	0.64225	0.05437	0.04674	0.01296	0.01378	0.01029	0.01450	0.00882	0.01275	0.00670	0.00507	0.00485	0.00167	0.00655	0.00427	0.00242	0.00577
23	0.71584	0.04603	0.07405	0.00764	0.01127	0.01193	0.00694	0.03123	0.00942	0.03712	0.00768	0.00880	0.00588	0.00482	0.00340	0.00157	0.00438	0.00295	0.00315	0.00590
24	0.00969	0.00912	0.01539	0.80734	0.03534	0.01140	0.01425	0.01311	0.01026	0.01311	0.00912	0.01368	0.00684	0.00513	0.00513	0.00171	0.00684	0.00456	0.00228	0.00570
25	0.00743	0.00493	0.00560	0.00570	0.00576	0.00490	0.00326	0.00759	0.00777	0.01052	0.01720	0.09829	0.01974	0.72530	0.02373	0.00461	0.00472	0.00796	0.03174	0.00325
26	0.00690	0.00474	0.00576	0.00632	0.00645	0.00460	0.00388	0.00731	0.00856	0.01141	0.02179	0.39714	0.02575	0.44643	0.01703	0.00363	0.00405	0.01077	0.00388	0.00360
27	0.01270	0.01219	0.02083	0.03149	0.78767	0.01219	0.01575	0.01575	0.01168	0.01676	0.00965	0.01270	0.00813	0.00457	0.00508	0.00152	0.00610	0.00457	0.00254	0.00813
28	0.01930	0.01427	0.01528	0.01176	0.01583	0.01581	0.00970	0.74758	0.04744	0.03200	0.01258	0.01253	0.00894	0.00618	0.00514	0.00155	0.00560	0.00466	0.00514	0.00871
29	0.00635	0.00521	0.00559	0.00550	0.00711	0.00445	0.00412	0.00792	0.01237	0.01546	0.22648	0.04675	0.61009	0.01240	0.00606	0.00170	0.00256	0.01046	0.00498	0.00445
30	0.00900	0.00909	0.03250	0.09705	0.01829	0.00855	0.30640	0.01161	0.01079	0.01448	0.01885	0.40025	0.02025	0.01008	0.00617	0.00190	0.00571	0.00996	0.00360	0.00548
31	0.00956	0.00478	0.00478	0.00478	0.00598	0.00478	0.00359	0.01196	0.01076	0.01913	0.01674	0.01913	0.01315	0.00598	0.00359	0.00120	0.00239	0.00478	0.84816	0.00478
32	0.01216	0.01161	0.01975	0.13020	0.66981	0.01189	0.01526	0.01524	0.01158	0.01640	0.03093	0.01353	0.00907	0.00481	0.00511	0.00155	0.00609	0.00470	0.00259	0.00773
33	0.01123	0.01123	0.01572	0.01347	0.01347	0.01572	0.01123	0.01235	0.00786	0.01235	0.00674	0.01123	0.00674	0.00898	0.01684	0.00225	0.81028	0.00449	0.00225	0.00561
34	0.01372	0.82276	0.02689	0.00878	0.01317	0.02030	0.00878	0.01536	0.01043	0.01207	0.00713	0.00823	0.00658	0.00439	0.00329	0.00110	0.00549	0.00274	0.00219	0.00658
35	0.01029	0.02654	0.79309	0.01462	0.02221	0.01192	0.01896	0.01625	0.01083	0.01625	0.00921	0.01083	0.00650	0.00487	0.00487	0.00162	0.00758	0.00379	0.00217	0.00758
36	0.85592	0.00992	0.00754	0.00675	0.00992	0.01151	0.00556	0.01508	0.00873	0.02302	0.00714	0.00834	0.00556	0.00476	0.00318	0.00159	0.00397	0.00278	0.00318	0.00556
37	0.00634	0.00453	0.00603	0.00709	0.00746	0.00422	0.00477	0.00736	0.01022	0.01372	0.09131	0.75152	0.03514	0.01561	0.00651	0.00204	0.00293	0.01414	0.00484	0.00422
38	0.00699	0.00504	0.00662	0.00664	0.00761	0.00466	0.00482	0.00901	0.01328	0.01859	0.58399	0.24496	0.04457	0.01197	0.00618	0.00174	0.00257	0.01069	0.00541	0.00466
39	0.00638	0.00459	0.00606	0.00701	0.00746	0.00426	0.00475	0.00749	0.01050	0.01413	0.13117	0.69413	0.05250	0.01525	0.00647	0.00201	0.00289	0.01379	0.00488	0.00426
40	0.00726	0.00524	0.00686	0.00646	0.00767	0.00484	0.00484	0.00968	0.01452	0.02058	0.78496	0.03833	0.04841	0.01049	0.00605	0.00161	0.00242	0.00928	0.00565	0.00484
41	0.01270	0.01219	0.02083	0.03149	0.78767	0.01219	0.01575	0.01575	0.01168	0.01676	0.00965	0.01270	0.00813	0.00457	0.00508	0.00152	0.00610	0.00457	0.00254	0.00813
42	0.00716	0.00524	0.00672	0.00635	0.00760	0.00480	0.00476	0.00949	0.01429	0.02002	0.72391	0.03925	0.10982	0.01070	0.00605	0.00162	0.00244	0.00941	0.00557	0.00480
43	0.00733	0.00550	0.00825	0.00825	0.00916	0.00641	0.00641	0.00916	0.00825	0.01191	0.01374	0.02016	0.01283	0.03848	0.79934	0.00825	0.01374	0.00550	0.00275	0.00458
44	0.00746	0.00497	0.00560	0.00560	0.00560	0.00497	0.00311	0.00746	0.00746	0.00995	0.01617	0.03358	0.01865	0.81967	0.02612	0.00497	0.00497	0.00746	0.00311	0.00311
45	0.01270	0.01219	0.02083	0.03149	0.78767	0.01219	0.01575	0.01575	0.01168	0.01676	0.00965	0.01270	0.00813	0.00457	0.00508	0.00152	0.00610	0.00457	0.00254	0.00813
46	0.00969	0.00912	0.01539	0.80734	0.03534	0.01140	0.01425	0.01311	0.01026	0.01311	0.00912	0.01368	0.00684	0.00513	0.00513	0.00171	0.00684	0.00456	0.00228	0.00570

[dist]
# distance from previous block
# <min> <max>
1	2

[block]
# block no. 2 follows, 48 sequences, length 30
# corresponding to MSA columns:
# 68-97
name=unknown_C
#
# <colnr> <probs for GDERKNQSTAVLIFYWHMCP>
#	G	D	E	R	K	N	Q	S	T	A	V	L	I	F	Y	W	H	M	C	P
0	0.01236	0.58106	0.17302	0.00966	0.01433	0.01702	0.01033	0.01493	0.01094	0.01379	0.09089	0.01196	0.01105	0.00514	0.00389	0.00125	0.00556	0.00365	0.00256	0.00659
1	0.10362	0.01028	0.01150	0.02842	0.01280	0.01057	0.02528	0.26753	0.05229	0.02134	0.01209	0.01625	0.01044	0.16501	0.02942	0.00222	0.00513	0.00472	0.00384	0.20725
2	0.09726	0.00551	0.00574	0.00595	0.00743	0.00508	0.00436	0.00826	0.01103	0.01499	0.07971	0.25014	0.46124	0.01281	0.00588	0.00181	0.00284	0.01089	0.00464	0.00445
3	0.01338	0.67396	0.14310	0.00982	0.01464	0.04594	0.01037	0.01568	0.01063	0.01272	0.00748	0.00866	0.00657	0.00449	0.00358	0.00119	0.00594	0.00292	0.00221	0.00671
4	0.00644	0.00455	0.00590	0.00690	0.00715	0.00429	0.00450	0.00719	0.00945	0.01261	0.02638	0.69372	0.03154	0.14195	0.00961	0.00254	0.00329	0.01347	0.00450	0.00400
5	0.01164	0.01081	0.01781	0.41240	0.36914	0.01203	0.01464	0.06138	0.01176	0.01593	0.00956	0.01316	0.00753	0.00495	0.00511	0.00162	0.00643	0.00457	0.00257	0.00697
6	0.01104	0.19023	0.59987	0.01337	0.01995	0.01382	0.01651	0.01589	0.01061	0.01521	0.00867	0.01031	0.00653	0.00496	0.00509	0.00154	0.04332	0.00361	0.00218	0.00729
7	0.00833	0.00696	0.01016	0.00958	0.01027	0.00880	0.00765	0.00998	0.00815	0.01202	0.01195	0.01787	0.01127	0.03093	0.59894	0.00671	0.21773	0.00524	0.00262	0.00485
8	0.01181	0.06051	0.67484	0.01377	0.02082	0.01183	0.01728	0.01715	0.01123	0.09912	0.01030	0.01143	0.00717	0.00501	0.00483	0.00160	0.00714	0.00389	0.00262	0.00766
9	0.01144	0.00953	0.01599	0.61497	0.06795	0.01127	0.04908	0.01464	0.01079	0.09680	0.01030	0.01395	0.00757	0.00535	0.00565	0.00171	0.03936	0.00469	0.00274	0.00620
10	0.01015	0.00949	0.01586	0.65196	0.13986	0.01144	0.01406	0.01343	0.01041	0.01378	0.00935	0.01363	0.00720	0.00519	0.00541	0.00168	0.02961	0.00457	0.02691	0.00601
11	0.00625	0.00447	0.00595	0.00714	0.00744	0.00417	0.00476	0.00714	0.00982	0.01310	0.02828	0.81633	0.03394	0.01608	0.00655	0.00208	0.00298	0.01459	0.00476	0.00417
12	0.01308	0.02748	0.22866	0.03861	0.05364	0.01086	0.01099	0.18802	0.03622	0.09171	0.06721	0.03788	0.01351	0.13519	0.00867	0.00215	0.01997	0.00546	0.00381	0.00689
13	0.01068	0.03941	0.09033	0.18353	0.13537	0.01182	0.20608	0.01393	0.01048	0.01452	0.01043	0.03892	0.00886	0.00990	0.11065	0.00258	0.08838	0.00524	0.00252	0.00637
14	0.00606	0.00520	0.00520	0.00520	0.00693	0.00433	0.00390	0.00736	0.01170	0.01386	0.05198	0.04938	0.78558	0.01299	0.00606	0.00173	0.00260	0.01083	0.00476	0.00433
15	0.01088	0.01029	0.01755	0.47992	0.31863	0.01159	0.03143	0.01416	0.01085	0.01469	0.00951	0.01343	0.00748	0.00492	0.00510	0.00163	0.00651	0.00460	0.02020	0.00662
16	0.03199	0.30373	0.19821	0.02926	0.01652	0.12385	0.03600	0.01724	0.09316	0.01454	0.00931	0.01073	0.00758	0.00536	0.00545	0.00147	0.08251	0.00370	0.00262	0.00677
17	0.00994	0.00728	0.00877	0.11977	0.01293	0.00734	0.00666	0.01421	0.15726	0.10770	0.09285	0.03399	0.38172	0.00976	0.00566	0.00170	0.00367	0.00820	0.00476	0.00580
18	0.00726	0.00489	0.00565	0.00585	0.00590	0.00484	0.00338	0.00741	0.00785	0.01047	0.01815	0.16197	0.02116	0.68787	0.02291	0.00450	0.00465	0.00863	0.00338	0.00328
19	0.01209	0.01136	0.03299	0.20667	0.19895	0.03400	0.09812	0.08874	0.11467	0.02956	0.01372	0.11109	0.01196	0.00660	0.00539	0.00169	0.00597	0.00608	0.00342	0.00692
20	0.15550	0.12704	0.01495	0.02754	0.03671	0.07840	0.00872	0.27833	0.05951	0.13498	0.01211	0.02405	0.00902	0.00576	0.00454	0.00150	0.00537	0.00424	0.00423	0.00749
21	0.00643	0.00489	0.00594	0.00648	0.00743	0.00440	0.00462	0.00777	0.01128	0.01467	0.16099	0.40952	0.28123	0.01408	0.00633	0.00190	0.00283	0.03995	0.00491	0.00435
22	0.01211	0.29978	0.26160	0.01545	0.10134	0.01515	0.14586	0.01569	0.01087	0.01471	0.00862	0.01067	0.00696	0.00474	0.00507	0.00146	0.04299	0.00393	0.00231	0.02069
23	0.12645	0.09866	0.01617	0.01225	0.01347	0.04595	0.03181	0.02585	0.00890	0.01422	0.00708	0.01053	0.00662	0.00759	0.01256	0.00197	0.54758	0.00407	0.00244	0.00581
24	0.01320	0.01067	0.01227	0.04840	0.01441	0.00973	0.00756	0.23583	0.01459	0.02114	0.01006	0.01128	0.00789	0.00456	0.00426	0.00104	0.00449	0.00358	0.00362	0.56141
25	0.01123	0.01123	0.01572	0.01347	0.01347	0.01572	0.01123	0.01235	0.00786	0.01235	0.00674	0.01123	0.00674	0.00898	0.01684	0.00225	0.81028	0.00449	0.00225	0.00561
26	0.00710	0.00512	0.00672	0.00656	0.00763	0.00474	0.00483	0.00929	0.01379	0.01940	0.66644	0.16019	0.04615	0.01136	0.00613	0.00169	0.00251	0.01011	0.00551	0.00474
27	0.00882	0.00446	0.00666	0.00670	0.00671	0.00445	0.00447	0.00670	0.00679	0.00906	0.00958	0.04302	0.00977	0.01777	0.01959	0.82165	0.00441	0.00480	0.00231	0.00229
28	0.01118	0.00924	0.01079	0.00775	0.01228	0.00709	0.00621	0.03219	0.01108	0.03729	0.00949	0.01086	0.00776	0.00393	0.00387	0.00080	0.00386	0.00313	0.00318	0.80802
29	0.00746	0.00497	0.00560	0.00560	0.00560	0.00497	0.00311	0.00746	0.00746	0.00995	0.01617	0.03358	0.01865	0.81967	0.02612	0.00497	0.00497	0.00746	0.00311	0.00311

[dist]
# distance from previous block
# <min> <max>
0	9

[block]
# block no. 3 follows, 48 sequences, length 78
# corresponding to MSA columns:
# 107-184
name=unknown_D
#
# <colnr> <probs for GDERKNQSTAVLIFYWHMCP>
#	G	D	E	R	K	N	Q	S	T	A	V	L	I	F	Y	W	H	M	C	P
0	0.01211	0.01384	0.03028	0.02163	0.02682	0.01298	0.76903	0.01644	0.01211	0.01644	0.01038	0.01384	0.00779	0.00433	0.00606	0.00173	0.00865	0.00606	0.00260	0.00692
1	0.00832	0.00585	0.00685	0.00649	0.00704	0.00604	0.00423	0.06066	0.00977	0.01327	0.12565	0.03184	0.04017	0.56337	0.06641	0.00431	0.02480	0.00742	0.00361	0.00392
2	0.00891	0.00446	0.00668	0.00668	0.00668	0.00446	0.00446	0.00668	0.00668	0.00891	0.00891	0.01560	0.00891	0.01783	0.02005	0.85071	0.00446	0.00446	0.00223	0.00223
3	0.00874	0.00845	0.01604	0.01299	0.01541	0.00789	0.32379	0.01105	0.01079	0.01439	0.02178	0.39387	0.07144	0.04914	0.00724	0.00205	0.00542	0.01044	0.00378	0.00528
4	0.01055	0.02474	0.68469	0.01562	0.02286	0.01207	0.12555	0.01628	0.01101	0.01628	0.00937	0.01126	0.00668	0.00480	0.00504	0.00164	0.00773	0.00411	0.00223	0.00749
5	0.01276	0.01102	0.01160	0.01044	0.01334	0.01276	0.00812	0.02727	0.77840	0.02146	0.02088	0.01914	0.01566	0.00696	0.00522	0.00174	0.00406	0.00580	0.00522	0.00812
6	0.01372	0.82276	0.02689	0.00878	0.01317	0.02030	0.00878	0.01536	0.01043	0.01207	0.00713	0.00823	0.00658	0.00439	0.00329	0.00110	0.00549	0.00274	0.00219	0.00658
7	0.01270	0.01219	0.02083	0.03149	0.78767	0.01219	0.01575	0.01575	0.01168	0.01676	0.00965	0.01270	0.00813	0.00457	0.00508	0.00152	0.00610	0.00457	0.00254	0.00813
8	0.02302	0.00873	0.01191	0.00913	0.01310	0.00754	0.00754	0.02501	0.01469	0.79122	0.02024	0.01746	0.01270	0.00635	0.00516	0.00159	0.00437	0.00516	0.00635	0.00873
9	0.03898	0.00866	0.01168	0.00901	0.01289	0.00754	0.00743	0.02439	0.01456	0.75472	0.04119	0.01786	0.01355	0.00643	0.00515	0.00159	0.00430	0.00523	0.00627	0.00856
10	0.00733	0.00550	0.00825	0.00825	0.00916	0.00641	0.00641	0.00916	0.00825	0.01191	0.01374	0.02016	0.01283	0.03848	0.79934	0.00825	0.01374	0.00550	0.00275	0.00458
11	0.00628	0.00448	0.00598	0.00713	0.00745	0.00418	0.00476	0.00721	0.00994	0.01328	0.04664	0.79745	0.03429	0.01594	0.00654	0.00207	0.00296	0.01446	0.00478	0.00418
12	0.00639	0.00457	0.00607	0.00705	0.00747	0.00426	0.00477	0.00748	0.01045	0.01409	0.12844	0.71334	0.03585	0.01534	0.00648	0.00202	0.00290	0.01388	0.00488	0.00426
13	0.00969	0.00912	0.01539	0.80734	0.03534	0.01140	0.01425	0.01311	0.01026	0.01311	0.00912	0.01368	0.00684	0.00513	0.00513	0.00171	0.00684	0.00456	0.00228	0.00570
14	0.01211	0.01384	0.03028	0.02163	0.02682	0.01298	0.76903	0.01644	0.01211	0.01644	0.01038	0.01384	0.00779	0.00433	0.00606	0.00173	0.00865	0.00606	0.00260	0.00692
15	0.00750	0.00573	0.00850	0.00841	0.00927	0.00677	0.00655	0.00926	0.00821	0.01189	0.01350	0.02007	0.01270	0.05401	0.74983	0.00792	0.04705	0.00550	0.00274	0.00459
16	0.00775	0.00522	0.00589	0.00581	0.00595	0.00524	0.00335	0.02760	0.00810	0.01083	0.03283	0.04907	0.01934	0.76448	0.02473	0.00475	0.00490	0.00757	0.00325	0.00332
17	0.00744	0.00504	0.00593	0.00593	0.00605	0.00516	0.00353	0.00768	0.00756	0.01020	0.01586	0.03187	0.01791	0.72003	0.12475	0.00539	0.00609	0.00721	0.00306	0.00330
18	0.01858	0.01964	0.01496	0.01273	0.01567	0.44649	0.00997	0.29076	0.01741	0.01969	0.00941	0.01054	0.00739	0.00593	0.00590	0.00148	0.07915	0.00389	0.00351	0.00692
19	0.01918	0.02407	0.01457	0.01316	0.01586	0.76891	0.00991	0.04937	0.01491	0.01332	0.00810	0.00937	0.00669	0.00532	0.00465	0.00133	0.00911	0.00336	0.00274	0.00606
20	0.00625	0.00447	0.00595	0.00714	0.00744	0.00417	0.00476	0.00714	0.00982	0.01310	0.02828	0.81633	0.03394	0.01608	0.00655	0.00208	0.00298	0.01459	0.00476	0.00417
21	0.01117	0.01114	0.01570	0.04404	0.01431	0.01555	0.01134	0.01238	0.00795	0.01238	0.00683	0.01132	0.00674	0.00883	0.01639	0.00222	0.77934	0.00449	0.00225	0.00562
22	0.01372	0.82276	0.02689	0.00878	0.01317	0.02030	0.00878	0.01536	0.01043	0.01207	0.00713	0.00823	0.00658	0.00439	0.00329	0.00110	0.00549	0.00274	0.00219	0.00658
23	0.00969	0.00912	0.01539	0.80734	0.03534	0.01140	0.01425	0.01311	0.01026	0.01311	0.00912	0.01368	0.00684	0.00513	0.00513	0.00171	0.00684	0.00456	0.00228	0.00570
24	0.00624	0.00452	0.00590	0.00700	0.00741	0.00418	0.00470	0.00716	0.00996	0.01315	0.03000	0.76070	0.08845	0.01585	0.00651	0.00206	0.00295	0.01431	0.00476	0.00418
25	0.01951	0.01437	0.01540	0.01181	0.01591	0.01591	0.00975	0.77056	0.02412	0.03234	0.01232	0.01232	0.00873	0.00616	0.00513	0.00154	0.00565	0.00462	0.00513	0.00873
26	0.01276	0.01102	0.01160	0.01044	0.01334	0.01276	0.00812	0.02727	0.77840	0.02146	0.02088	0.01914	0.01566	0.00696	0.00522	0.00174	0.00406	0.00580	0.00522	0.00812
27	0.00973	0.00912	0.01521	0.77654	0.03445	0.01122	0.01394	0.01310	0.01027	0.01325	0.00912	0.01356	0.00687	0.00508	0.00508	0.00167	0.00672	0.00450	0.00231	0.03825
28	0.01064	0.00912	0.01064	0.00760	0.01216	0.00684	0.00608	0.01292	0.01064	0.01672	0.00912	0.01064	0.00760	0.00380	0.00380	0.00076	0.00380	0.00304	0.00304	0.85104
29	0.00746	0.00497	0.00560	0.00560	0.00560	0.00497	0.00311	0.00746	0.00746	0.00995	0.01617	0.03358	0.01865	0.81967	0.02612	0.00497	0.00497	0.00746	0.00311	0.00311
30	0.00625	0.00447	0.00595	0.00714	0.00744	0.00417	0.00476	0.00714	0.00982	0.01310	0.02828	0.81633	0.03394	0.01608	0.00655	0.00208	0.00298	0.01459	0.00476	0.00417
31	0.01830	0.01365	0.01409	0.01103	0.01472	0.04781	0.00902	0.64801	0.02212	0.02992	0.01266	0.01300	0.00917	0.00610	0.00493	0.00149	0.00541	0.00458	0.10585	0.00814
32	0.00729	0.00595	0.00935	0.00930	0.02640	0.00553	0.09738	0.00877	0.01049	0.01416	0.08135	0.59447	0.04614	0.03118	0.00678	0.00202	0.00374	0.01247	0.00445	0.02280
33	0.00680	0.00526	0.00621	0.00606	0.00749	0.00467	0.00460	0.00873	0.01318	0.01744	0.43361	0.04402	0.36423	0.01174	0.00611	0.00170	0.00261	0.04571	0.00522	0.00462
34	0.01123	0.02523	0.73575	0.01422	0.02154	0.01160	0.01812	0.01689	0.01112	0.07313	0.01002	0.01132	0.00696	0.00498	0.00490	0.00162	0.00735	0.00389	0.00247	0.00767
35	0.01270	0.01219	0.02083	0.03149	0.78767	0.01219	0.01575	0.01575	0.01168	0.01676	0.00965	0.01270	0.00813	0.00457	0.00508	0.00152	0.00610	0.00457	0.00254	0.00813
36	0.01229	0.01176	0.01993	0.06774	0.71999	0.01184	0.01520	0.01528	0.01162	0.01647	0.01133	0.01423	0.03944	0.00494	0.00512	0.00154	0.00599	0.00482	0.00262	0.00786
37	0.00891	0.00446	0.00668	0.00668	0.00668	0.00446	0.00446	0.00668	0.00668	0.00891	0.00891	0.01560	0.00891	0.01783	0.02005	0.85071	0.00446	0.00446	0.00223	0.00223
38	0.00624	0.00452	0.00589	0.00699	0.00740	0.00418	0.00469	0.00716	0.00997	0.01316	0.03018	0.75488	0.09416	0.01583	0.00651	0.00206	0.00295	0.01429	0.00476	0.00418
39	0.02302	0.00873	0.01191	0.00913	0.01310	0.00754	0.00754	0.02501	0.01469	0.79122	0.02024	0.01746	0.01270	0.00635	0.00516	0.00159	0.00437	0.00516	0.00635	0.00873
40	0.00745	0.00501	0.00576	0.00576	0.00581	0.00506	0.00331	0.00757	0.00751	0.01007	0.01602	0.03276	0.01830	0.77182	0.07348	0.00517	0.00551	0.00734	0.00309	0.00320
41	0.01211	0.01384	0.03028	0.02163	0.02682	0.01298	0.76903	0.01644	0.01211	0.01644	0.01038	0.01384	0.00779	0.00433	0.00606	0.00173	0.00865	0.00606	0.00260	0.00692
42	0.00625	0.00447	0.00595	0.00714	0.00744	0.00417	0.00476	0.00714	0.00982	0.01310	0.02828	0.81633	0.03394	0.01608	0.00655	0.00208	0.00298	0.01459	0.00476	0.00417
43	0.00622	0.00457	0.00585	0.00687	0.00737	0.00419	0.00464	0.00718	0.01009	0.01321	0.03165	0.70734	0.14075	0.01564	0.00648	0.00203	0.00292	0.01405	0.00476	0.00419
44	0.00789	0.00594	0.00800	0.00804	0.00864	0.00674	0.00604	0.00939	0.00971	0.01426	0.08873	0.31839	0.02301	0.01793	0.18472	0.00331	0.13971	0.00898	0.12592	0.00465
45	0.02302	0.00873	0.01191	0.00913	0.01310	0.00754	0.00754	0.02501	0.01469	0.79122	0.02024	0.01746	0.01270	0.00635	0.00516	0.00159	0.00437	0.00516	0.00635	0.00873
46	0.00752	0.00527	0.00694	0.00672	0.00789	0.00488	0.00505	0.00978	0.01393	0.03465	0.65864	0.11590	0.04537	0.01114	0.00613	0.00170	0.00262	0.04549	0.00553	0.00485
47	0.01234	0.01547	0.17462	0.06445	0.55024	0.04599	0.03116	0.01594	0.01158	0.01630	0.00948	0.01225	0.00767	0.00468	0.00504	0.00155	0.00662	0.00439	0.00246	0.00778
48	0.01211	0.01384	0.03028	0.02163	0.02682	0.01298	0.76903	0.01644	0.01211	0.01644	0.01038	0.01384	0.00779	0.00433	0.00606	0.00173	0.00865	0.00606	0.00260	0.00692
49	0.03265	0.01043	0.01097	0.00890	0.01181	0.01136	0.00720	0.44075	0.03318	0.02671	0.01413	0.01506	0.01054	0.00607	0.00448	0.00141	0.00429	0.00467	0.33828	0.00709
50	0.01123	0.01123	0.01572	0.01347	0.01347	0.01572	0.01123	0.01235	0.00786	0.01235	0.00674	0.01123	0.00674	0.00898	0.01684	0.00225	0.81028	0.00449	0.00225	0.00561
51	0.01259	0.13530	0.53120	0.01330	0.01969	0.04369	0.01571	0.13814	0.01306	0.01813	0.00937	0.01065	0.00688	0.00503	0.00469	0.00153	0.00704	0.00376	0.00267	0.00757
52	0.01307	0.01350	0.01797	0.04321	0.47657	0.14153	0.01339	0.01543	0.01140	0.01507	0.00989	0.05071	0.00897	0.00651	0.02099	0.00175	0.12550	0.00485	0.00262	0.00708
53	0.77033	0.05843	0.02711	0.00718	0.01052	0.02741	0.00614	0.01523	0.00899	0.02202	0.00721	0.00841	0.00566	0.00475	0.00325	0.00155	0.00425	0.00281	0.00308	0.00567
54	0.00668	0.00522	0.00606	0.00585	0.00731	0.00460	0.00439	0.00856	0.01316	0.01733	0.43103	0.04366	0.40436	0.01170	0.00606	0.00167	0.00251	0.01003	0.00522	0.00460
55	0.00956	0.00478	0.00478	0.00478	0.00598	0.00478	0.00359	0.01196	0.01076	0.01913	0.01674	0.01913	0.01315	0.00598	0.00359	0.00120	0.00239	0.00478	0.84816	0.00478
56	0.01123	0.01123	0.01572	0.01347	0.01347	0.01572	0.01123	0.01235	0.00786	0.01235	0.00674	0.01123	0.00674	0.00898	0.01684	0.00225	0.81028	0.00449	0.00225	0.00561
57	0.85592	0.00992	0.00754	0.00675	0.00992	0.01151	0.00556	0.01508	0.00873	0.02302	0.00714	0.00834	0.00556	0.00476	0.00318	0.00159	0.00397	0.00278	0.00318	0.00556
58	0.01372	0.82276	0.02689	0.00878	0.01317	0.02030	0.00878	0.01536	0.01043	0.01207	0.00713	0.00823	0.00658	0.00439	0.00329	0.00110	0.00549	0.00274	0.00219	0.00658
59	0.00607	0.00516	0.00523	0.00529	0.00696	0.00432	0.00394	0.00735	0.01161	0.01382	0.05084	0.08626	0.74945	0.01314	0.00609	0.00175	0.00262	0.01101	0.00476	0.00432
60	0.01270	0.01219	0.02083	0.03149	0.78767	0.01219	0.01575	0.01575	0.01168	0.01676	0.00965	0.01270	0.00813	0.00457	0.00508	0.00152	0.00610	0.00457	0.00254	0.00813
61	0.00956	0.00478	0.00478	0.00478	0.00598	0.00478	0.00359	0.01196	0.01076	0.01913	0.01674	0.01913	0.01315	0.00598	0.00359	0.00120	0.00239	0.00478	0.84816	0.00478
62	0.01029	0.02654	0.79309	0.01462	0.02221	0.01192	0.01896	0.01625	0.01083	0.01625	0.00921	0.01083	0.00650	0.00487	0.00487	0.00162	0.00758	0.00379	0.00217	0.00758
63	0.01917	0.02445	0.01454	0.01322	0.01586	0.79907	0.00991	0.02049	0.01454	0.01256	0.00793	0.00925	0.00661	0.00529	0.00463	0.00132	0.00925	0.00330	0.00264	0.00595
64	0.00726	0.00524	0.00686	0.00646	0.00767	0.00484	0.00484	0.00968	0.01452	0.02058	0.78496	0.03833	0.04841	0.01049	0.00605	0.00161	0.00242	0.00928	0.00565	0.00484
65	0.00628	0.00449	0.00598	0.00712	0.00745	0.00419	0.00477	0.00723	0.00997	0.01334	0.05252	0.79140	0.03440	0.01590	0.00653	0.00207	0.00296	0.01442	0.00479	0.00419
66	0.00713	0.00520	0.00670	0.00641	0.00760	0.00477	0.00478	0.00938	0.01406	0.01970	0.69290	0.08483	0.09536	0.01098	0.00608	0.00165	0.00247	0.00969	0.00554	0.00477
67	0.01295	0.01112	0.01171	0.01048	0.01341	0.01285	0.00817	0.04788	0.75748	0.02177	0.02065	0.01895	0.01547	0.00694	0.00522	0.00173	0.00410	0.00577	0.00522	0.00814
68	0.01951	0.01437	0.01540	0.01181	0.01591	0.01591	0.00975	0.77056	0.02412	0.03234	0.01232	0.01232	0.00873	0.00616	0.00513	0.00154	0.00565	0.00462	0.00513	0.00873
69	0.00985	0.00534	0.00746	0.00714	0.00750	0.00547	0.00493	0.07458	0.00823	0.01099	0.00922	0.01531	0.00890	0.01679	0.01873	0.77523	0.00456	0.00447	0.00249	0.00281
70	0.01917	0.02445	0.01454	0.01322	0.01586	0.79907	0.00991	0.02049	0.01454	0.01256	0.00793	0.00925	0.00661	0.00529	0.00463	0.00132	0.00925	0.00330	0.00264	0.00595
71	0.00891	0.00446	0.00668	0.00668	0.00668	0.00446	0.00446	0.00668	0.00668	0.00891	0.00891	0.01560	0.00891	0.01783	0.02005	0.85071	0.00446	0.00446	0.00223	0.00223
72	0.00641	0.00459	0.00610	0.00703	0.00748	0.00428	0.00478	0.00755	0.01058	0.01430	0.14963	0.69156	0.03626	0.01518	0.00647	0.00201	0.00289	0.01374	0.00491	0.00428
73	0.00733	0.00548	0.00818	0.00818	0.00908	0.00638	0.00633	0.00912	0.00823	0.01186	0.01380	0.02048	0.01297	0.05727	0.78075	0.00817	0.01353	0.00554	0.00276	0.00455
74	0.00625	0.00447	0.00595	0.00714	0.00744	0.00417	0.00476	0.00714	0.00982	0.01310	0.02828	0.81633	0.03394	0.01608	0.00655	0.00208	0.00298	0.01459	0.00476	0.00417
75	0.02229	0.00908	0.01202	0.00931	0.01322	0.00817	0.00766	0.05385	0.05963	0.71706	0.01998	0.01736	0.01272	0.00638	0.00516	0.00159	0.00440	0.00518	0.00624	0.00870
76	0.01372	0.82276	0.02689	0.00878	0.01317	0.02030	0.00878	0.01536	0.01043	0.01207	0.00713	0.00823	0.00658	0.00439	0.00329	0.00110	0.00549	0.00274	0.00219	0.00658
77	0.00746	0.00497	0.00560	0.00560	0.00560	0.00497	0.00311	0.00746	0.00746	0.00995	0.01617	0.03358	0.01865	0.81967	0.02612	0.00497	0.00497	0.00746	0.00311	0.00311

[dist]
# distance from previous block
# <min> <max>
0	1

[block]
# block no. 4 follows, 48 sequences, length 41
# corresponding to MSA columns:
# 186-226
name=unknown_E
#
# <colnr> <probs for GDERKNQSTAVLIFYWHMCP>
#	G	D	E	R	K	N	Q	S	T	A	V	L	I	F	Y	W	H	M	C	P
0	0.10252	0.00885	0.01149	0.00890	0.01280	0.00792	0.00735	0.02406	0.01412	0.71790	0.01899	0.01659	0.01202	0.00620	0.00497	0.00159	0.00433	0.00493	0.00605	0.00843
1	0.01951	0.01437	0.01540	0.01181	0.01591	0.01591	0.00975	0.77056	0.02412	0.03234	0.01232	0.01232	0.00873	0.00616	0.00513	0.00154	0.00565	0.00462	0.00513	0.00873
2	0.00735	0.00493	0.00563	0.00574	0.00577	0.00490	0.00327	0.00743	0.00769	0.01025	0.01732	0.10829	0.02011	0.74297	0.02425	0.00470	0.00478	0.00814	0.00327	0.00321
3	0.01270	0.01219	0.02083	0.03149	0.78767	0.01219	0.01575	0.01575	0.01168	0.01676	0.00965	0.01270	0.00813	0.00457	0.00508	0.00152	0.00610	0.00457	0.00254	0.00813
4	0.01064	0.00912	0.01064	0.00760	0.01216	0.00684	0.00608	0.01292	0.01064	0.01672	0.00912	0.01064	0.00760	0.00380	0.00380	0.00076	0.00380	0.00304	0.00304	0.85104
5	0.01251	0.01080	0.01136	0.01024	0.01310	0.01244	0.00796	0.02651	0.74941	0.02118	0.02206	0.02029	0.04478	0.00719	0.00525	0.00174	0.00401	0.00599	0.00520	0.00798
6	0.00735	0.00544	0.00793	0.00793	0.00874	0.00624	0.00602	0.00896	0.00815	0.01168	0.01403	0.02174	0.01352	0.13079	0.70798	0.00786	0.01271	0.00573	0.00279	0.00441
7	0.00609	0.00508	0.00532	0.00550	0.00701	0.00431	0.00403	0.00733	0.01140	0.01374	0.04830	0.16840	0.66894	0.01347	0.00614	0.00179	0.00266	0.01141	0.00476	0.00431
8	0.01064	0.00912	0.01064	0.00760	0.01216	0.00684	0.00608	0.01292	0.01064	0.01672	0.00912	0.01064	0.00760	0.00380	0.00380	0.00076	0.00380	0.00304	0.00304	0.85104
9	0.00969	0.20614	0.08869	0.00971	0.01195	0.01158	0.00883	0.01175	0.00901	0.01246	0.01109	0.03676	0.01041	0.02215	0.39617	0.00485	0.12596	0.00477	0.00254	0.00549
10	0.01388	0.79894	0.02652	0.00891	0.01325	0.04354	0.00881	0.01552	0.01055	0.01209	0.00716	0.00826	0.00659	0.00442	0.00333	0.00110	0.00560	0.00276	0.00221	0.00657
11	0.01456	0.69887	0.02497	0.00947	0.01359	0.14116	0.00896	0.01616	0.01106	0.01215	0.00726	0.00839	0.00659	0.00453	0.00350	0.00113	0.00607	0.00283	0.00226	0.00649
12	0.01064	0.00912	0.01064	0.00760	0.01216	0.00684	0.00608	0.01292	0.01064	0.01672	0.00912	0.01064	0.00760	0.00380	0.00380	0.00076	0.00380	0.00304	0.00304	0.85104
13	0.01904	0.01329	0.01446	0.01116	0.01511	0.01442	0.00919	0.65380	0.02248	0.10367	0.01544	0.01502	0.05551	0.00659	0.00519	0.00156	0.00534	0.00504	0.00523	0.00846
14	0.01372	0.82276	0.02689	0.00878	0.01317	0.02030	0.00878	0.01536	0.01043	0.01207	0.00713	0.00823	0.00658	0.00439	0.00329	0.00110	0.00549	0.00274	0.00219	0.00658
15	0.00746	0.00500	0.00573	0.00573	0.00577	0.00505	0.00327	0.00755	0.00750	0.01005	0.01605	0.03291	0.01836	0.78080	0.06459	0.00514	0.00541	0.00736	0.00309	0.00318
16	0.01883	0.01388	0.01500	0.01161	0.01554	0.01539	0.00957	0.72839	0.02325	0.03121	0.01240	0.01275	0.00895	0.00795	0.04911	0.00191	0.00609	0.00467	0.00500	0.00850
17	0.00746	0.00497	0.00560	0.00560	0.00560	0.00497	0.00311	0.00746	0.00746	0.00995	0.01617	0.03358	0.01865	0.81967	0.02612	0.00497	0.00497	0.00746	0.00311	0.00311
18	0.00744	0.00504	0.00594	0.00594	0.00605	0.00516	0.00353	0.00768	0.00756	0.01020	0.01586	0.03186	0.01791	0.71980	0.12497	0.00539	0.00610	0.00721	0.00306	0.00330
19	0.00745	0.00504	0.00591	0.00591	0.00602	0.00515	0.00350	0.00766	0.00756	0.01018	0.01588	0.03198	0.01796	0.72639	0.11845	0.00537	0.00602	0.00723	0.00307	0.00328
20	0.01372	0.82276	0.02689	0.00878	0.01317	0.02030	0.00878	0.01536	0.01043	0.01207	0.00713	0.00823	0.00658	0.00439	0.00329	0.00110	0.00549	0.00274	0.00219	0.00658
21	0.01314	0.01121	0.01181	0.01052	0.01348	0.01294	0.00821	0.06843	0.73663	0.02207	0.02041	0.01877	0.01528	0.00692	0.00522	0.00173	0.00415	0.00574	0.00522	0.00816
22	0.77136	0.00984	0.00833	0.08675	0.01246	0.01150	0.00643	0.01489	0.00888	0.02203	0.00734	0.00887	0.00569	0.00480	0.00337	0.00160	0.00426	0.00296	0.00309	0.00557
23	0.75333	0.01079	0.02943	0.00744	0.01083	0.01194	0.00632	0.08722	0.01026	0.02373	0.00769	0.00878	0.00588	0.00490	0.00341	0.00158	0.00423	0.00298	0.00334	0.00591
24	0.00988	0.00925	0.01607	0.68664	0.04804	0.01112	0.06881	0.01302	0.01021	0.01318	0.00921	0.01379	0.00706	0.00582	0.00609	0.05243	0.00681	0.00466	0.00231	0.00563
25	0.00969	0.00912	0.01539	0.80734	0.03534	0.01140	0.01425	0.01311	0.01026	0.01311	0.00912	0.01368	0.00684	0.00513	0.00513	0.00171	0.00684	0.00456	0.00228	0.00570
26	0.00829	0.00723	0.01155	0.48212	0.02400	0.00846	0.01039	0.01069	0.01008	0.01311	0.01691	0.33990	0.01785	0.00958	0.00571	0.00186	0.00527	0.00864	0.00329	0.00508
27	0.05643	0.00507	0.00494	0.00489	0.00620	0.00515	0.00370	0.01213	0.01065	0.01935	0.01621	0.01853	0.01273	0.00591	0.00356	0.00122	0.00248	0.00467	0.80137	0.00483
28	0.00733	0.00550	0.00825	0.00825	0.00916	0.00641	0.00641	0.00916	0.00825	0.01191	0.01374	0.02016	0.01283	0.03848	0.79934	0.00825	0.01374	0.00550	0.00275	0.00458
29	0.00629	0.00449	0.00599	0.00712	0.00745	0.00419	0.00477	0.00724	0.01000	0.01338	0.05689	0.78691	0.03448	0.01586	0.00653	0.00207	0.00296	0.01439	0.00480	0.00419
30	0.02302	0.00873	0.01191	0.00913	0.01310	0.00754	0.00754	0.02501	0.01469	0.79122	0.02024	0.01746	0.01270	0.00635	0.00516	0.00159	0.00437	0.00516	0.00635	0.00873
31	0.01064	0.00912	0.01064	0.00760	0.01216	0.00684	0.00608	0.01292	0.01064	0.01672	0.00912	0.01064	0.00760	0.00380	0.00380	0.00076	0.00380	0.00304	0.00304	0.85104
32	0.01029	0.02654	0.79309	0.01462	0.02221	0.01192	0.01896	0.01625	0.01083	0.01625	0.00921	0.01083	0.00650	0.00487	0.00487	0.00162	0.00758	0.00379	0.00217	0.00758
33	0.00969	0.00912	0.01539	0.80734	0.03534	0.01140	0.01425	0.01311	0.01026	0.01311	0.00912	0.01368	0.00684	0.00513	0.00513	0.00171	0.00684	0.00456	0.00228	0.00570
34	0.00746	0.00497	0.00560	0.00560	0.00560	0.00497	0.00311	0.00746	0.00746	0.00995	0.01617	0.03358	0.01865	0.81967	0.02612	0.00497	0.00497	0.00746	0.00311	0.00311
35	0.00790	0.00633	0.00933	0.00901	0.00979	0.00777	0.00711	0.00963	0.00819	0.01197	0.01272	0.01886	0.01194	0.03419	0.68548	0.00737	0.12964	0.00535	0.00268	0.00473
36	0.01065	0.10920	0.71354	0.01402	0.02127	0.01279	0.01790	0.01616	0.01079	0.01582	0.00899	0.01056	0.00651	0.00482	0.00471	0.00157	0.00737	0.00368	0.00217	0.00748
37	0.01130	0.01115	0.01482	0.01246	0.01330	0.03140	0.01031	0.01263	0.00848	0.01310	0.00717	0.01108	0.00688	0.00801	0.01433	0.00197	0.65404	0.00421	0.00239	0.15095
38	0.70543	0.01133	0.00899	0.00884	0.05690	0.08656	0.00656	0.01551	0.00960	0.02159	0.02593	0.00940	0.00683	0.00494	0.00350	0.00156	0.00456	0.00309	0.00315	0.00573
39	0.68385	0.03836	0.00861	0.00706	0.01016	0.01120	0.00583	0.04271	0.01013	0.05089	0.08206	0.01168	0.01006	0.00541	0.00360	0.00157	0.00395	0.00355	0.00357	0.00576
40	0.01076	0.12990	0.64589	0.01344	0.02042	0.01271	0.01685	0.01593	0.01077	0.01573	0.00893	0.01048	0.00658	0.00475	0.00460	0.00150	0.00708	0.00361	0.00222	0.05784

[dist]
# distance from previous block
# <min> <max>
0	1

[block]
# block no. 5 follows, 48 sequences, length 27
# corresponding to MSA columns:
# 228-254
name=unknown_F
#
# <colnr> <probs for GDERKNQSTAVLIFYWHMCP>
#	G	D	E	R	K	N	Q	S	T	A	V	L	I	F	Y	W	H	M	C	P
0	0.01125	0.01213	0.02384	0.01810	0.04549	0.01204	0.49958	0.01457	0.01125	0.01553	0.01354	0.04152	0.06909	0.00606	0.00755	0.00175	0.13001	0.00623	0.00281	0.05765
1	0.00893	0.02239	0.00784	0.00692	0.00851	0.00570	0.00535	0.03459	0.01433	0.07999	0.58633	0.05878	0.09213	0.01037	0.00595	0.00165	0.00285	0.03664	0.00550	0.00524
2	0.04718	0.01011	0.01240	0.00978	0.01352	0.03363	0.02323	0.10228	0.10228	0.53685	0.04141	0.01712	0.01318	0.00640	0.00513	0.00160	0.00463	0.00518	0.00578	0.00832
3	0.01397	0.01190	0.02032	0.01488	0.01919	0.01140	0.33841	0.10196	0.01310	0.12029	0.01129	0.01317	0.00841	0.00508	0.00625	0.00151	0.07639	0.00493	0.00345	0.20411
4	0.04277	0.76995	0.02584	0.00885	0.01314	0.04433	0.00870	0.01551	0.01050	0.01246	0.00716	0.00827	0.00655	0.00443	0.00333	0.00112	0.00555	0.00276	0.00224	0.00653
5	0.02194	0.02743	0.01248	0.00939	0.01332	0.00875	0.00776	0.07886	0.06133	0.67252	0.01942	0.01699	0.01246	0.00633	0.00512	0.00158	0.00447	0.00511	0.00610	0.00865
6	0.01041	0.00887	0.01039	0.00755	0.01188	0.00670	0.00600	0.01265	0.01073	0.01673	0.03294	0.03543	0.00961	0.00437	0.00395	0.00082	0.00373	0.00357	0.00317	0.80050
7	0.00625	0.00447	0.00595	0.00714	0.00744	0.00417	0.00476	0.00714	0.00982	0.01310	0.02828	0.81633	0.03394	0.01608	0.00655	0.00208	0.00298	0.01459	0.00476	0.00417
8	0.01227	0.01177	0.01999	0.17825	0.46778	0.01229	0.10312	0.04023	0.07162	0.01688	0.01059	0.01351	0.00844	0.00489	0.00522	0.00160	0.00637	0.00484	0.00279	0.00753
9	0.01068	0.00922	0.01110	0.03202	0.03710	0.00714	0.00662	0.01301	0.01066	0.01661	0.00914	0.01079	0.00759	0.00386	0.00388	0.00081	0.00396	0.00313	0.00300	0.79966
10	0.01915	0.01322	0.01459	0.01130	0.01520	0.01443	0.00931	0.64348	0.02214	0.11372	0.01327	0.01335	0.00941	0.00813	0.05303	0.00195	0.00600	0.00473	0.00512	0.00848
11	0.00827	0.00591	0.00827	0.00945	0.01063	0.00591	0.00827	0.01063	0.01181	0.01536	0.02717	0.05788	0.02953	0.01417	0.00709	0.00236	0.00472	0.75313	0.00472	0.00472
12	0.01372	0.82276	0.02689	0.00878	0.01317	0.02030	0.00878	0.01536	0.01043	0.01207	0.00713	0.00823	0.00658	0.00439	0.00329	0.00110	0.00549	0.00274	0.00219	0.00658
13	0.00607	0.00516	0.00524	0.00530	0.00696	0.00432	0.00394	0.00735	0.01160	0.01382	0.05073	0.08987	0.74590	0.01316	0.00609	0.00175	0.00262	0.01103	0.00476	0.00432
14	0.00746	0.00497	0.00560	0.00560	0.00560	0.00497	0.00311	0.00746	0.00746	0.00995	0.01617	0.03358	0.01865	0.81967	0.02612	0.00497	0.00497	0.00746	0.00311	0.00311
15	0.02141	0.01132	0.01351	0.01036	0.01439	0.01138	0.00856	0.36727	0.01902	0.44283	0.01661	0.01510	0.01088	0.00626	0.00515	0.00157	0.00495	0.00491	0.00579	0.00873
16	0.00730	0.00510	0.00666	0.00667	0.00770	0.00469	0.00485	0.00923	0.01307	0.03646	0.52289	0.26322	0.06861	0.01209	0.00617	0.00175	0.00263	0.01077	0.00538	0.00472
17	0.85592	0.00992	0.00754	0.00675	0.00992	0.01151	0.00556	0.01508	0.00873	0.02302	0.00714	0.00834	0.00556	0.00476	0.00318	0.00159	0.00397	0.00278	0.00318	0.00556
18	0.00956	0.00478	0.00478	0.00478	0.00598	0.00478	0.00359	0.01196	0.01076	0.01913	0.01674	0.01913	0.01315	0.00598	0.00359	0.00120	0.00239	0.00478	0.84816	0.00478
19	0.00726	0.00524	0.00686	0.00646	0.00767	0.00484	0.00484	0.00968	0.01452	0.02058	0.78496	0.03833	0.04841	0.01049	0.00605	0.00161	0.00242	0.00928	0.00565	0.00484
20	0.00638	0.00534	0.00558	0.00565	0.00725	0.00464	0.00418	0.00816	0.04014	0.01429	0.07333	0.13284	0.64835	0.01303	0.00609	0.00177	0.00269	0.01100	0.00481	0.00447
21	0.08795	0.00883	0.01157	0.00894	0.01285	0.00785	0.00739	0.02423	0.01422	0.73133	0.01922	0.01675	0.01214	0.00623	0.00501	0.00159	0.00434	0.00497	0.00610	0.00848
22	0.01029	0.02654	0.79309	0.01462	0.02221	0.01192	0.01896	0.01625	0.01083	0.01625	0.00921	0.01083	0.00650	0.00487	0.00487	0.00162	0.00758	0.00379	0.00217	0.00758
23	0.00641	0.00458	0.00613	0.00732	0.00769	0.00430	0.00504	0.00742	0.00998	0.01327	0.02819	0.75720	0.03359	0.01593	0.00659	0.00211	0.00311	0.07216	0.00476	0.00421
24	0.00746	0.00497	0.00560	0.00560	0.00560	0.00497	0.00311	0.00746	0.00746	0.00995	0.01617	0.03358	0.01865	0.81967	0.02612	0.00497	0.00497	0.00746	0.00311	0.00311
25	0.00625	0.00447	0.00595	0.00714	0.00744	0.00417	0.00476	0.00714	0.00982	0.01310	0.02828	0.81633	0.03394	0.01608	0.00655	0.00208	0.00298	0.01459	0.00476	0.00417
26	0.01047	0.06725	0.75391	0.01433	0.02175	0.01235	0.01844	0.01620	0.01081	0.01604	0.00910	0.01070	0.00650	0.00485	0.00479	0.00160	0.00748	0.00374	0.00217	0.00753

[dist]
# distance from previous block
# <min> <max>
0	1

[block]
# block no. 6 follows, 48 sequences, length 108
# corresponding to MSA columns:
# 256-332,336-366
name=unknown_G
#
