[name]
unknown

[dist]
# distance from previous block
# <min> <max>
15	91

[block]
# block no. 0 follows, 38 sequences, length 22
# corresponding to MSA columns:
# 117-138
name=unknown_A
#
# <colnr> <probs for GDERKNQSTAVLIFYWHMCP>
#	G	D	E	R	K	N	Q	S	T	A	V	L	I	F	Y	W	H	M	C	P
0	0.01104	0.00874	0.00956	0.00879	0.00993	0.07798	0.03814	0.01210	0.01164	0.05191	0.11174	0.06719	0.06000	0.43866	0.05384	0.00440	0.00632	0.00879	0.00429	0.00495
1	0.08247	0.01482	0.01590	0.01269	0.01693	0.01628	0.01037	0.52959	0.06786	0.07207	0.01681	0.06763	0.01333	0.00820	0.00603	0.00190	0.00604	0.02577	0.00588	0.00942
2	0.05684	0.04965	0.19601	0.07292	0.12483	0.01289	0.12448	0.03929	0.01304	0.01929	0.01147	0.03275	0.00936	0.00645	0.00651	0.04329	0.00720	0.00514	0.00314	0.16545
3	0.01109	0.00611	0.00690	0.07823	0.01036	0.00634	0.00546	0.01401	0.01278	0.02185	0.05558	0.02296	0.01681	0.00718	0.00452	0.00148	0.00330	0.00585	0.70347	0.00571
4	0.00860	0.00583	0.00686	0.00699	0.00712	0.00588	0.00415	0.00888	0.00909	0.01221	0.02006	0.10838	0.02299	0.65348	0.09013	0.00583	0.00647	0.00934	0.00379	0.00391
5	0.13434	0.12881	0.09066	0.05136	0.05043	0.09573	0.01131	0.12403	0.01582	0.12169	0.04829	0.01711	0.05075	0.00706	0.00576	0.00178	0.02744	0.00524	0.00433	0.00806
6	0.01813	0.46291	0.02509	0.01234	0.01646	0.29801	0.01077	0.01991	0.01385	0.01437	0.00896	0.01065	0.00798	0.00702	0.03043	0.00170	0.02768	0.00362	0.00279	0.00734
7	0.00798	0.00604	0.00734	0.00813	0.00927	0.00558	0.00593	0.02866	0.01297	0.01659	0.04144	0.43933	0.26676	0.01709	0.00753	0.00233	0.00369	0.10256	0.00559	0.00518
8	0.00868	0.00645	0.00797	0.00760	0.00904	0.00609	0.00559	0.01184	0.05441	0.02201	0.55011	0.06954	0.12976	0.07378	0.00892	0.00224	0.00322	0.01091	0.00621	0.00563
9	0.00757	0.00534	0.00691	0.00807	0.00836	0.00505	0.00525	0.00844	0.01105	0.01473	0.03073	0.65755	0.03673	0.15012	0.01159	0.00302	0.00389	0.01568	0.00525	0.00467
10	0.73255	0.04389	0.01019	0.00823	0.01209	0.01355	0.00686	0.01863	0.01088	0.08508	0.00961	0.01063	0.00724	0.00572	0.00392	0.00184	0.00476	0.00348	0.00397	0.00686
11	0.00861	0.00573	0.00664	0.00687	0.00703	0.00565	0.00407	0.00900	0.00966	0.01317	0.04330	0.16908	0.02576	0.59528	0.02470	0.00492	0.00520	0.01013	0.04121	0.00401
12	0.65515	0.01157	0.01011	0.00864	0.01257	0.01284	0.00712	0.04612	0.01217	0.15971	0.01139	0.01189	0.00817	0.00598	0.00423	0.00186	0.00481	0.00384	0.00448	0.00733
13	0.18463	0.01003	0.01143	0.00959	0.01310	0.01005	0.00770	0.03995	0.11409	0.30720	0.17957	0.02492	0.04579	0.00846	0.00585	0.00190	0.00445	0.00683	0.00623	0.00822
14	0.02249	0.02809	0.01710	0.01542	0.01860	0.72793	0.01161	0.05863	0.01760	0.01586	0.00955	0.01102	0.00787	0.00625	0.00545	0.00156	0.01064	0.00395	0.00324	0.00713
15	0.01106	0.00675	0.00879	0.00846	0.01026	0.00619	0.00658	0.01343	0.01546	0.12457	0.37136	0.11527	0.11947	0.03409	0.00783	0.00220	0.00375	0.12209	0.00628	0.00611
16	0.00903	0.00619	0.00770	0.00745	0.00900	0.00557	0.00552	0.01105	0.01512	0.05727	0.41759	0.13276	0.22855	0.01397	0.00785	0.03896	0.00319	0.01158	0.00610	0.00552
17	0.04307	0.01264	0.01378	0.01193	0.01565	0.01406	0.00942	0.07282	0.54697	0.15511	0.02325	0.02122	0.01689	0.00790	0.00603	0.00199	0.00493	0.00647	0.00627	0.00960
18	0.01018	0.00674	0.00790	0.00777	0.00967	0.00607	0.00575	0.01262	0.05227	0.10884	0.11199	0.25209	0.35630	0.01462	0.00708	0.00211	0.00350	0.01261	0.00594	0.00596
19	0.08447	0.00726	0.00855	0.00833	0.01005	0.00706	0.00619	0.04817	0.01436	0.07960	0.22630	0.25173	0.11204	0.06668	0.00849	0.00236	0.00391	0.04278	0.00574	0.00591
20	0.01272	0.00693	0.00912	0.00896	0.01078	0.00631	0.00681	0.01454	0.01399	0.19979	0.11710	0.30539	0.09817	0.04953	0.00829	0.00240	0.00418	0.11256	0.00607	0.00636
21	0.00961	0.00679	0.00778	0.00734	0.00941	0.00610	0.00557	0.01243	0.05374	0.08000	0.27097	0.07329	0.40789	0.01341	0.00698	0.00199	0.00326	0.01141	0.00609	0.00592

[dist]
# distance from previous block
# <min> <max>
0	2

[block]
# block no. 1 follows, 38 sequences, length 10
# corresponding to MSA columns:
# 141-150
name=unknown_B
#
# <colnr> <probs for GDERKNQSTAVLIFYWHMCP>
#	G	D	E	R	K	N	Q	S	T	A	V	L	I	F	Y	W	H	M	C	P
0	0.01547	0.00845	0.01042	0.00922	0.01179	0.00803	0.00707	0.09280	0.03740	0.24146	0.13028	0.20922	0.10424	0.03808	0.00744	0.00213	0.00426	0.01008	0.04484	0.00732
1	0.03263	0.00692	0.00844	0.00793	0.00997	0.00628	0.00604	0.01380	0.01466	0.15525	0.23139	0.13243	0.22381	0.04648	0.00786	0.00219	0.00371	0.04647	0.03755	0.00619
2	0.00784	0.00579	0.00732	0.00806	0.00899	0.00528	0.00565	0.00925	0.01245	0.01657	0.11445	0.49474	0.13592	0.05674	0.00863	0.00246	0.00363	0.05441	0.00552	0.03631
3	0.42147	0.01022	0.00984	0.04180	0.01263	0.01131	0.00689	0.01843	0.08776	0.11091	0.01449	0.01953	0.01240	0.18748	0.01059	0.00281	0.00514	0.00533	0.00436	0.00663
4	0.00954	0.00647	0.00739	0.00724	0.00891	0.00581	0.00522	0.01128	0.03362	0.08154	0.09529	0.16042	0.38572	0.11991	0.01071	0.02451	0.00377	0.01175	0.00550	0.00541
5	0.08847	0.01220	0.03341	0.01142	0.01481	0.02922	0.00937	0.07811	0.30560	0.14242	0.02392	0.06544	0.05005	0.00944	0.00651	0.00207	0.02157	0.08177	0.00576	0.00843
6	0.03029	0.01447	0.04774	0.24473	0.24729	0.05222	0.15858	0.01832	0.02835	0.04299	0.01224	0.03347	0.00983	0.00613	0.00652	0.00194	0.02780	0.00588	0.00318	0.00804
7	0.03466	0.01317	0.05053	0.56155	0.11629	0.04784	0.01634	0.05713	0.01335	0.01757	0.01086	0.01527	0.00824	0.00599	0.00591	0.00194	0.00792	0.00519	0.00294	0.00730
8	0.06092	0.05518	0.01633	0.03834	0.05482	0.35282	0.01081	0.14076	0.08288	0.02061	0.01731	0.01797	0.09127	0.00742	0.00566	0.00172	0.00792	0.00544	0.00413	0.00767
9	0.16891	0.06365	0.01381	0.01125	0.05136	0.01183	0.00862	0.06774	0.10925	0.25277	0.10111	0.02203	0.05910	0.00784	0.00562	0.00183	0.00489	0.00622	0.00565	0.02653

[dist]
# distance from previous block
# <min> <max>
0	9

[block]
# block no. 2 follows, 38 sequences, length 10
# corresponding to MSA columns:
# 160-169
name=unknown_C
#
# <colnr> <probs for GDERKNQSTAVLIFYWHMCP>
#	G	D	E	R	K	N	Q	S	T	A	V	L	I	F	Y	W	H	M	C	P
0	0.14533	0.08434	0.01734	0.04518	0.01789	0.26968	0.08404	0.09978	0.01581	0.01998	0.01813	0.01915	0.12436	0.00742	0.00555	0.00175	0.00760	0.00568	0.00385	0.00714
1	0.06647	0.01002	0.01364	0.12426	0.07507	0.03292	0.04317	0.04932	0.02944	0.05663	0.07385	0.06087	0.07032	0.02549	0.00908	0.08402	0.02552	0.13903	0.00443	0.00645
2	0.04927	0.01252	0.01966	0.43913	0.08478	0.01437	0.09839	0.09199	0.09276	0.02003	0.01269	0.01623	0.00954	0.00620	0.00605	0.00197	0.00756	0.00563	0.00350	0.00772
3	0.00974	0.00827	0.01126	0.07284	0.09007	0.00859	0.00909	0.01259	0.03861	0.01803	0.13017	0.08537	0.25406	0.01291	0.00820	0.00220	0.06957	0.14733	0.00498	0.00611
4	0.09181	0.01541	0.01451	0.04810	0.03123	0.16015	0.00995	0.23699	0.07950	0.02372	0.01346	0.03201	0.01099	0.01152	0.06993	0.08758	0.00765	0.00527	0.00432	0.04590
5	0.00937	0.00743	0.01003	0.08805	0.01276	0.00825	0.00735	0.01078	0.01089	0.01509	0.09828	0.20222	0.02544	0.25597	0.07728	0.00394	0.10706	0.00970	0.00414	0.03595
6	0.01317	0.00976	0.01185	0.01041	0.01322	0.00970	0.02968	0.13625	0.10891	0.06588	0.02568	0.25423	0.08104	0.03299	0.03909	0.00239	0.00522	0.02433	0.00533	0.12087
7	0.11727	0.02382	0.48333	0.01447	0.02141	0.01322	0.01698	0.07888	0.01422	0.07962	0.04706	0.03909	0.01159	0.00669	0.00564	0.00190	0.00741	0.00521	0.00366	0.00853
8	0.01411	0.01373	0.02136	0.07630	0.53363	0.04978	0.01625	0.01716	0.01315	0.01827	0.01315	0.09426	0.01234	0.00727	0.00727	0.00193	0.07181	0.00649	0.00321	0.00850
9	0.01067	0.00767	0.00943	0.07258	0.01260	0.00774	0.00693	0.04093	0.08963	0.05669	0.23882	0.11841	0.16593	0.07455	0.00895	0.01738	0.00412	0.01005	0.04080	0.00614

[dist]
# distance from previous block
# <min> <max>
0	1

[block]
# block no. 3 follows, 38 sequences, length 21
# corresponding to MSA columns:
# 171-191
name=unknown_D
#
# <colnr> <probs for GDERKNQSTAVLIFYWHMCP>
#	G	D	E	R	K	N	Q	S	T	A	V	L	I	F	Y	W	H	M	C	P
0	0.00876	0.00588	0.00753	0.00809	0.00886	0.00553	0.00553	0.02333	0.01247	0.04200	0.13537	0.47870	0.07387	0.10707	0.01083	0.03795	0.00384	0.01388	0.00545	0.00506
1	0.01170	0.07200	0.01523	0.01213	0.01346	0.05739	0.05260	0.01323	0.01056	0.01437	0.01467	0.10504	0.01536	0.15695	0.15671	0.00426	0.23888	0.00725	0.00332	0.02490
2	0.13960	0.00734	0.00805	0.00788	0.00948	0.00736	0.00574	0.03496	0.01286	0.04911	0.15391	0.16743	0.12563	0.18867	0.01199	0.00294	0.00432	0.05214	0.00512	0.00546
3	0.00784	0.00590	0.00727	0.00768	0.00883	0.00541	0.00547	0.00993	0.02988	0.01865	0.27376	0.36006	0.20593	0.01564	0.00732	0.00216	0.00320	0.01383	0.00594	0.00529
4	0.01381	0.01098	0.01284	0.00926	0.01454	0.00861	0.00744	0.05258	0.01355	0.06116	0.01160	0.01302	0.00931	0.00476	0.00462	0.00099	0.00460	0.00380	0.00390	0.73861
5	0.14882	0.00971	0.01168	0.00964	0.01322	0.00928	0.00775	0.06778	0.01626	0.39507	0.14218	0.08196	0.04295	0.00903	0.00601	0.00191	0.00458	0.00740	0.00643	0.00834
6	0.00853	0.00617	0.00728	0.00750	0.00837	0.00588	0.00503	0.03813	0.01246	0.01645	0.13000	0.28542	0.16290	0.26132	0.01472	0.00334	0.00419	0.01234	0.00513	0.00485
7	0.63334	0.01286	0.05809	0.00912	0.01335	0.01303	0.00804	0.04408	0.01204	0.13293	0.01098	0.01168	0.00793	0.00592	0.00427	0.00186	0.00506	0.00382	0.00427	0.00734
8	0.07154	0.00971	0.01249	0.00994	0.01396	0.00874	0.00810	0.04436	0.01673	0.55291	0.09800	0.03963	0.06951	0.00857	0.00612	0.00189	0.00473	0.00702	0.00694	0.00910
9	0.01175	0.00647	0.00667	0.00640	0.00798	0.00657	0.00480	0.06829	0.01364	0.02274	0.02074	0.05514	0.03358	0.03928	0.00562	0.00167	0.00325	0.00637	0.67321	0.00584
10	0.00807	0.00592	0.00782	0.00882	0.00952	0.00576	0.00643	0.00955	0.01228	0.01633	0.08276	0.50183	0.08024	0.05079	0.00906	0.00259	0.02586	0.14582	0.00548	0.00507
11	0.02287	0.01505	0.01661	0.01281	0.01739	0.01620	0.01056	0.56839	0.02546	0.15921	0.01634	0.01595	0.01134	0.00725	0.00591	0.00179	0.00613	0.00554	0.05525	0.00995
12	0.00898	0.00583	0.00683	0.00729	0.00802	0.00567	0.00488	0.02804	0.01175	0.01688	0.04744	0.34744	0.06538	0.20994	0.01260	0.00301	0.00396	0.01171	0.18945	0.00490
13	0.00953	0.00630	0.00791	0.00770	0.00873	0.00628	0.00554	0.01130	0.01318	0.03916	0.29298	0.12391	0.06478	0.14446	0.04710	0.03595	0.03739	0.00976	0.12280	0.00524
14	0.12422	0.53164	0.10207	0.01122	0.01636	0.09762	0.01116	0.01870	0.01251	0.01642	0.00871	0.01010	0.00755	0.00537	0.00419	0.00145	0.00691	0.00342	0.00278	0.00760
15	0.00870	0.00638	0.00773	0.00821	0.00974	0.00588	0.00632	0.01093	0.03358	0.04115	0.09770	0.24441	0.31155	0.01580	0.00746	0.00228	0.00381	0.16716	0.00573	0.00547
16	0.04454	0.00719	0.00812	0.00776	0.00961	0.00700	0.00576	0.01411	0.09384	0.06723	0.21575	0.12346	0.20460	0.07292	0.00840	0.00226	0.00363	0.01025	0.08755	0.00603
17	0.03256	0.00631	0.00785	0.00829	0.00908	0.00622	0.00580	0.03851	0.01241	0.01710	0.13487	0.34866	0.03426	0.18637	0.01333	0.04531	0.00435	0.07866	0.00512	0.00494
18	0.00802	0.04599	0.00906	0.00887	0.00967	0.00620	0.02741	0.00921	0.01162	0.01534	0.03167	0.67986	0.05741	0.03912	0.00809	0.00245	0.00389	0.01573	0.00530	0.00510
19	0.01086	0.00777	0.00878	0.00867	0.01027	0.04509	0.00641	0.04270	0.01450	0.07866	0.19042	0.28683	0.16404	0.01469	0.00796	0.04379	0.00409	0.04297	0.00570	0.00578
20	0.01437	0.01504	0.06531	0.14042	0.42047	0.06494	0.03382	0.04645	0.01402	0.01897	0.01271	0.01839	0.01092	0.00834	0.04503	0.00228	0.00805	0.04883	0.00321	0.00842

[dist]
# distance from previous block
# <min> <max>
6	11

[block]
# block no. 4 follows, 38 sequences, length 16
# corresponding to MSA columns:
# 203-218
name=unknown_E
#
# <colnr> <probs for GDERKNQSTAVLIFYWHMCP>
#	G	D	E	R	K	N	Q	S	T	A	V	L	I	F	Y	W	H	M	C	P
0	0.01223	0.06208	0.46081	0.01793	0.12532	0.01310	0.01782	0.04017	0.01334	0.01921	0.04399	0.11845	0.01433	0.00773	0.00599	0.00193	0.00747	0.00652	0.00329	0.00829
1	0.01066	0.00610	0.00809	0.00812	0.00868	0.00615	0.00565	0.05385	0.01053	0.01463	0.01679	0.14803	0.01746	0.06279	0.01754	0.46861	0.00481	0.03625	0.09129	0.00396
2	0.00841	0.00590	0.00704	0.00754	0.00797	0.00573	0.00479	0.02914	0.01087	0.01437	0.02799	0.37150	0.07884	0.37139	0.01812	0.00395	0.00462	0.01264	0.00471	0.00448
3	0.00959	0.00662	0.00789	0.00775	0.00842	0.00679	0.00511	0.06044	0.01138	0.01560	0.07544	0.14215	0.02523	0.45186	0.11028	0.00508	0.00646	0.00950	0.02973	0.00471
4	0.01393	0.01214	0.01724	0.35437	0.11699	0.01344	0.01374	0.11703	0.10175	0.02089	0.01357	0.01746	0.01067	0.00645	0.00586	0.00182	0.00674	0.02616	0.00380	0.12595
5	0.07858	0.00748	0.00802	0.00762	0.00937	0.00770	0.00566	0.09328	0.01395	0.04800	0.05066	0.17835	0.02132	0.07790	0.00757	0.00212	0.00387	0.00825	0.36427	0.00604
6	0.02287	0.01685	0.01805	0.01384	0.01866	0.01866	0.01143	0.73100	0.02828	0.03791	0.01444	0.01444	0.01023	0.00722	0.00602	0.00181	0.00662	0.00542	0.00602	0.01023
7	0.04353	0.01643	0.10696	0.15085	0.03018	0.03053	0.43942	0.01803	0.01334	0.01847	0.01234	0.04788	0.00991	0.00607	0.00697	0.00203	0.02964	0.00668	0.00305	0.00769
8	0.00838	0.00568	0.00661	0.00699	0.00724	0.00553	0.00423	0.00884	0.00988	0.01328	0.02487	0.23971	0.06234	0.51451	0.02231	0.00457	0.00495	0.01107	0.03487	0.00412
9	0.01545	0.00861	0.01067	0.00958	0.01219	0.00823	0.00745	0.08264	0.05941	0.24197	0.10065	0.19447	0.11454	0.04384	0.00780	0.00224	0.00447	0.06218	0.00624	0.00736
10	0.01298	0.00825	0.01038	0.00948	0.01170	0.00811	0.00753	0.09589	0.04441	0.12015	0.37343	0.06487	0.03914	0.03377	0.00769	0.00217	0.00422	0.13265	0.00634	0.00683
11	0.01045	0.00522	0.00784	0.00784	0.00784	0.00522	0.00522	0.00784	0.00784	0.01045	0.01045	0.01829	0.01045	0.02090	0.02351	0.82497	0.00522	0.00522	0.00261	0.00261
12	0.01368	0.00788	0.00975	0.00910	0.01167	0.00729	0.00734	0.01700	0.07178	0.21369	0.10144	0.07430	0.25392	0.01280	0.00703	0.00215	0.00427	0.16178	0.00620	0.00694
13	0.01696	0.01181	0.01241	0.01075	0.01379	0.07009	0.00831	0.12433	0.18479	0.18007	0.09632	0.09221	0.07330	0.06720	0.00815	0.00223	0.00524	0.00807	0.00593	0.00804
14	0.00816	0.00658	0.00732	0.00714	0.00899	0.00600	0.00534	0.01123	0.06887	0.01939	0.27643	0.08701	0.43796	0.01395	0.00706	0.00201	0.00313	0.01189	0.00596	0.00559
15	0.04494	0.00750	0.00865	0.00882	0.01061	0.00749	0.00686	0.04956	0.08281	0.01981	0.10503	0.21288	0.21028	0.01427	0.00709	0.00222	0.00405	0.15679	0.03439	0.00595

[dist]
# distance from previous block
# <min> <max>
0	1

[block]
# block no. 5 follows, 38 sequences, length 6
# corresponding to MSA columns:
# 220-225
name=unknown_F
#
# <colnr> <probs for GDERKNQSTAVLIFYWHMCP>
#	G	D	E	R	K	N	Q	S	T	A	V	L	I	F	Y	W	H	M	C	P
0	0.01249	0.00859	0.00995	0.00879	0.01073	0.00867	0.00649	0.17179	0.01674	0.05796	0.25751	0.08468	0.08522	0.21840	0.01311	0.00297	0.00465	0.00940	0.00559	0.00628
1	0.01752	0.01218	0.01355	0.01131	0.01453	0.01313	0.00894	0.39006	0.07376	0.06250	0.05034	0.14333	0.01834	0.01022	0.00723	0.05149	0.00531	0.00769	0.08033	0.00823
2	0.01517	0.01398	0.01935	0.17011	0.30496	0.10408	0.04706	0.01901	0.04448	0.07520	0.11110	0.01944	0.01610	0.00678	0.00612	0.00184	0.00707	0.00611	0.00390	0.00814
3	0.01277	0.00946	0.01035	0.03661	0.03417	0.05561	0.00732	0.08235	0.04011	0.01955	0.01686	0.05426	0.01512	0.12346	0.03862	0.05956	0.06835	0.00643	0.30306	0.00598
4	0.25359	0.05013	0.03424	0.04786	0.08490	0.03276	0.00999	0.11159	0.01473	0.14118	0.04402	0.01610	0.01183	0.04276	0.00692	0.00199	0.03861	0.00500	0.00446	0.04732
5	0.10029	0.01160	0.01257	0.01046	0.01361	0.07947	0.05091	0.10856	0.01466	0.08878	0.01520	0.01849	0.01227	0.05977	0.10643	0.00289	0.00701	0.00537	0.17729	0.10436

[dist]
# distance from previous block
# <min> <max>
2	4

[block]
# block no. 6 follows, 38 sequences, length 25
# corresponding to MSA columns:
# 230-252,254,255
name=unknown_G
#
# <colnr> <probs for GDERKNQSTAVLIFYWHMCP>
#	G	D	E	R	K	N	Q	S	T	A	V	L	I	F	Y	W	H	M	C	P
0	0.00784	0.00617	0.00718	0.00723	0.00879	0.00559	0.00533	0.01012	0.03334	0.01864	0.26284	0.17042	0.37168	0.01601	0.03917	0.00238	0.00365	0.01244	0.00582	0.00536
1	0.00988	0.00672	0.00778	0.00762	0.00842	0.00675	0.00508	0.06832	0.01227	0.01690	0.10804	0.13345	0.04177	0.42930	0.01955	0.00407	0.00495	0.03928	0.06501	0.00483
2	0.04792	0.00913	0.00922	0.00842	0.01049	0.04655	0.00646	0.10316	0.06264	0.04033	0.01788	0.02167	0.01461	0.06811	0.11388	0.00301	0.00603	0.00583	0.39818	0.00648
3	0.02109	0.09432	0.01890	0.01552	0.04451	0.48718	0.01181	0.15058	0.01802	0.01903	0.01013	0.01168	0.00827	0.00654	0.00633	0.00165	0.05896	0.00424	0.00355	0.00770
4	0.01166	0.01008	0.01587	0.32698	0.06228	0.01046	0.06213	0.01441	0.01193	0.01663	0.01277	0.05252	0.01117	0.00821	0.00783	0.09750	0.00648	0.02616	0.03263	0.20229
5	0.00781	0.00602	0.00690	0.00700	0.00841	0.00539	0.00508	0.00946	0.01363	0.01753	0.21519	0.13078	0.37700	0.11561	0.01029	0.00257	0.00353	0.04719	0.00558	0.00504
6	0.00770	0.00558	0.00736	0.00865	0.00929	0.00523	0.00618	0.00907	0.01207	0.01586	0.03504	0.61233	0.09252	0.01821	0.00774	0.00247	0.00379	0.13034	0.00558	0.00501
7	0.01220	0.00655	0.00665	0.00630	0.00799	0.00671	0.00481	0.07438	0.01393	0.02373	0.01919	0.02176	0.01498	0.00703	0.00436	0.00144	0.00312	0.00559	0.75328	0.00600
8	0.00834	0.00581	0.00667	0.00682	0.00737	0.00556	0.00428	0.00909	0.01085	0.01446	0.10119	0.14860	0.13851	0.45977	0.02062	0.00424	0.00468	0.01067	0.02814	0.00430
9	0.01054	0.00527	0.00756	0.00756	0.00773	0.00527	0.00510	0.00860	0.00843	0.01193	0.01158	0.01880	0.01106	0.01919	0.02113	0.72339	0.00493	0.00527	0.10368	0.00298
10	0.01045	0.00522	0.00784	0.00784	0.00784	0.00522	0.00522	0.00784	0.00784	0.01045	0.01045	0.01829	0.01045	0.02090	0.02351	0.82497	0.00522	0.00522	0.00261	0.00261
11	0.00844	0.00651	0.00714	0.00717	0.00918	0.00574	0.00555	0.01063	0.03512	0.04438	0.08308	0.08342	0.56125	0.01491	0.00720	0.00212	0.00347	0.09350	0.00571	0.00547
12	0.01015	0.00660	0.00837	0.00839	0.00998	0.00600	0.00630	0.01197	0.01355	0.08814	0.16349	0.25140	0.14137	0.08522	0.00936	0.00251	0.00404	0.12031	0.00566	0.04717
13	0.01395	0.01313	0.02233	0.18759	0.57010	0.01368	0.01748	0.01733	0.01308	0.01834	0.01115	0.01528	0.00926	0.00622	0.00679	0.04018	0.00724	0.00535	0.00290	0.00862
14	0.01318	0.00832	0.01007	0.00854	0.01147	0.00714	0.00645	0.03071	0.01327	0.15380	0.05096	0.12140	0.11009	0.15237	0.01053	0.00243	0.00457	0.03463	0.00503	0.24504
15	0.00765	0.00552	0.00691	0.00774	0.00853	0.00508	0.00532	0.00905	0.01255	0.01684	0.12977	0.52001	0.15316	0.03836	0.00801	0.00236	0.00337	0.01488	0.03988	0.00502
16	0.00876	0.00633	0.00780	0.00859	0.00934	0.00634	0.00596	0.01158	0.09080	0.01631	0.02911	0.48365	0.03295	0.14846	0.01133	0.00296	0.00417	0.07076	0.03953	0.00526
17	0.22978	0.05470	0.25425	0.01295	0.01816	0.01271	0.06760	0.01867	0.04648	0.08557	0.01435	0.07250	0.01209	0.00788	0.00624	0.03645	0.00655	0.03164	0.00383	0.00761
18	0.01024	0.00697	0.00809	0.00764	0.00976	0.00632	0.00583	0.01320	0.06146	0.09958	0.23801	0.08977	0.37764	0.01338	0.00699	0.00202	0.00341	0.02752	0.00610	0.00609
19	0.01114	0.00844	0.01011	0.00845	0.01163	0.00685	0.00626	0.01297	0.01198	0.05188	0.01982	0.22161	0.04073	0.11435	0.00898	0.00205	0.00438	0.00822	0.00435	0.43579
20	0.01223	0.01202	0.01586	0.01396	0.01439	0.04309	0.01143	0.01368	0.00998	0.01458	0.01396	0.04030	0.06755	0.01582	0.12213	0.00352	0.55991	0.00630	0.00305	0.00626
21	0.00775	0.00571	0.00798	0.00877	0.00932	0.00537	0.03085	0.00890	0.01153	0.01544	0.05591	0.65953	0.03756	0.09287	0.00987	0.00274	0.00393	0.01572	0.00534	0.00491
22	0.01342	0.01434	0.02383	0.01839	0.02211	0.09452	0.37755	0.01681	0.01363	0.01790	0.05263	0.08398	0.03108	0.04486	0.00918	0.00225	0.07877	0.04339	0.03440	0.00697
23	0.01419	0.01050	0.01416	0.13282	0.09216	0.01138	0.01090	0.08811	0.14656	0.09941	0.06291	0.02802	0.05987	0.01397	0.11009	0.00308	0.00716	0.08201	0.00494	0.00776
24	0.01465	0.05408	0.02887	0.01461	0.13642	0.03224	0.00995	0.02147	0.22535	0.12125	0.15285	0.02826	0.11667	0.00898	0.00623	0.00189	0.00499	0.00762	0.00545	0.00819

[dist]
# distance from previous block
# <min> <max>
3	10

[block]
# block no. 7 follows, 38 sequences, length 22
# corresponding to MSA columns:
# 266-285,288,289
name=unknown_H
#
# <colnr> <probs for GDERKNQSTAVLIFYWHMCP>
#	G	D	E	R	K	N	Q	S	T	A	V	L	I	F	Y	W	H	M	C	P
0	0.01415	0.01508	0.05411	0.02381	0.32297	0.10844	0.08451	0.01826	0.05800	0.01869	0.01861	0.05213	0.05320	0.00845	0.00650	0.00200	0.00725	0.12203	0.00381	0.00799
1	0.01269	0.03008	0.67834	0.01670	0.02491	0.06751	0.02089	0.01914	0.01316	0.01892	0.03623	0.01368	0.00933	0.00598	0.00574	0.00188	0.00882	0.00463	0.00272	0.00864
2	0.05579	0.01191	0.01249	0.01028	0.01377	0.01261	0.00827	0.36840	0.04574	0.02849	0.06547	0.03052	0.25394	0.01003	0.00623	0.00188	0.00493	0.00801	0.04333	0.00791
3	0.01090	0.00730	0.00821	0.00790	0.00939	0.00734	0.00575	0.11298	0.01449	0.02064	0.09123	0.19026	0.10473	0.14707	0.01047	0.00260	0.00412	0.02947	0.20943	0.00572
4	0.01470	0.01092	0.01249	0.03003	0.01427	0.01145	0.00851	0.26713	0.08576	0.04687	0.17012	0.09228	0.10795	0.01169	0.03547	0.00221	0.00525	0.02177	0.00579	0.04534
5	0.01002	0.00635	0.00776	0.00739	0.00866	0.00588	0.00516	0.01157	0.01348	0.08653	0.29266	0.10131	0.13704	0.26295	0.01463	0.00322	0.00410	0.01049	0.00551	0.00530
6	0.01185	0.00786	0.00942	0.00926	0.01077	0.00797	0.00681	0.14206	0.01478	0.05567	0.02611	0.37626	0.02826	0.11985	0.01019	0.00270	0.00459	0.07652	0.07298	0.00607
7	0.04310	0.00765	0.00943	0.00940	0.01115	0.00761	0.00701	0.03957	0.09796	0.11596	0.10880	0.40588	0.03327	0.01432	0.00706	0.00224	0.00408	0.06307	0.00595	0.00651
8	0.04908	0.45636	0.11842	0.01172	0.01705	0.07195	0.01163	0.06513	0.01424	0.11801	0.01122	0.01191	0.00880	0.00575	0.00464	0.00152	0.00682	0.00395	0.00353	0.00827
9	0.00815	0.00668	0.00721	0.00713	0.00905	0.00609	0.00538	0.01115	0.07410	0.01812	0.16045	0.06976	0.51102	0.03713	0.00779	0.00217	0.00336	0.04401	0.00573	0.00551
10	0.03563	0.00952	0.01138	0.01067	0.01325	0.00981	0.00873	0.13888	0.09850	0.10528	0.08577	0.11068	0.07837	0.01250	0.00706	0.00224	0.00498	0.24354	0.00595	0.00726
11	0.00869	0.00581	0.00658	0.00663	0.00664	0.00580	0.00372	0.00873	0.00885	0.01181	0.01950	0.06794	0.02256	0.75907	0.02974	0.00570	0.00574	0.00907	0.00372	0.00369
12	0.67369	0.01097	0.00891	0.00791	0.01141	0.01246	0.00646	0.03648	0.01131	0.05867	0.01059	0.01192	0.00808	0.00588	0.00394	0.00180	0.00450	0.00373	0.10463	0.00666
13	0.00802	0.00633	0.00723	0.00747	0.00895	0.00585	0.00539	0.01070	0.06561	0.01784	0.16548	0.26550	0.35228	0.03567	0.00782	0.00223	0.00334	0.01315	0.00575	0.00540
14	0.01463	0.01023	0.01149	0.00989	0.01213	0.01084	0.00734	0.28884	0.01743	0.04984	0.04538	0.11215	0.04776	0.28229	0.04973	0.00365	0.00611	0.00841	0.00507	0.00677
15	0.00893	0.00629	0.00729	0.00713	0.00895	0.00548	0.00531	0.01079	0.01452	0.07119	0.23377	0.15371	0.41594	0.01442	0.00711	0.00204	0.00320	0.01236	0.00599	0.00558
16	0.01738	0.01951	0.01317	0.01205	0.01469	0.44308	0.00900	0.01943	0.03969	0.05160	0.06245	0.02577	0.17242	0.06473	0.00774	0.00201	0.00789	0.00672	0.00418	0.00650
17	0.00798	0.00611	0.00719	0.00714	0.00875	0.00548	0.00539	0.01013	0.01484	0.01965	0.33909	0.09081	0.35248	0.01476	0.02489	0.00219	0.00341	0.04568	0.02869	0.00536
18	0.01246	0.00840	0.00931	0.00854	0.01101	0.02325	0.00653	0.05383	0.08937	0.13847	0.10792	0.14618	0.33543	0.01287	0.00682	0.00203	0.00396	0.01089	0.00601	0.00671
19	0.01440	0.01187	0.01809	0.46278	0.13522	0.01369	0.01509	0.07024	0.09909	0.07991	0.01374	0.01688	0.01017	0.00638	0.00602	0.00195	0.00717	0.00558	0.00375	0.00797
20	0.01242	0.00808	0.00953	0.00872	0.01114	0.00771	0.00690	0.09465	0.03512	0.11788	0.18898	0.07808	0.26920	0.01262	0.00691	0.00204	0.00403	0.09173	0.02764	0.00664
21	0.04010	0.01337	0.07019	0.07658	0.31190	0.03803	0.01386	0.01813	0.09864	0.02035	0.11681	0.02628	0.04141	0.00821	0.00630	0.00196	0.00622	0.07950	0.00416	0.00801

[dist]
# distance from previous block
# <min> <max>
5	14

[block]
# block no. 8 follows, 38 sequences, length 9
# corresponding to MSA columns:
# 307-315
name=unknown_I
#
# <colnr> <probs for GDERKNQSTAVLIFYWHMCP>
#	G	D	E	R	K	N	Q	S	T	A	V	L	I	F	Y	W	H	M	C	P
0	0.05201	0.01398	0.01655	0.01322	0.01710	0.01514	0.05399	0.43550	0.02168	0.02991	0.03271	0.06531	0.01489	0.02630	0.00752	0.00202	0.04932	0.06496	0.00528	0.06262
1	0.03921	0.00849	0.07024	0.00925	0.01119	0.00681	0.00780	0.01144	0.03683	0.01746	0.05609	0.31562	0.20268	0.01538	0.00730	0.00232	0.00435	0.16660	0.00530	0.00565
2	0.01256	0.12508	0.66780	0.01630	0.02473	0.01518	0.02075	0.01892	0.01264	0.01845	0.01050	0.01232	0.00763	0.00565	0.00549	0.00183	0.00859	0.00429	0.00254	0.00875
3	0.01679	0.43589	0.22543	0.01256	0.01852	0.06930	0.01344	0.02012	0.01331	0.10847	0.01101	0.01192	0.00859	0.00566	0.00474	0.00154	0.00723	0.00395	0.00321	0.00830
4	0.01454	0.01117	0.01290	0.00997	0.01441	0.00988	0.00790	0.16978	0.01595	0.05366	0.01550	0.13191	0.01419	0.00739	0.00536	0.00137	0.00480	0.00615	0.00457	0.48860
5	0.00748	0.00530	0.00694	0.00818	0.00849	0.00499	0.00538	0.00842	0.01122	0.01496	0.03163	0.70459	0.03786	0.10154	0.01014	0.00281	0.00374	0.01620	0.00538	0.00475
6	0.00736	0.00554	0.00682	0.00770	0.00858	0.00500	0.00532	0.00867	0.01252	0.01626	0.09431	0.53336	0.23198	0.01738	0.00748	0.00229	0.00332	0.01545	0.00566	0.00500
7	0.01688	0.04617	0.07412	0.01131	0.01597	0.01270	0.00987	0.27802	0.01856	0.08273	0.01661	0.06028	0.03785	0.00825	0.02606	0.00179	0.00587	0.00576	0.04375	0.22747
8	0.04468	0.07968	0.05101	0.05615	0.01731	0.13794	0.04381	0.11945	0.01578	0.07455	0.06013	0.06630	0.07479	0.00860	0.00733	0.00189	0.08832	0.00660	0.03827	0.00740

[dist]
# distance from previous block
# <min> <max>
6	14

[block]
# block no. 9 follows, 38 sequences, length 42
# corresponding to MSA columns:
# 330-371
name=unknown_J
#
# <colnr> <probs for GDERKNQSTAVLIFYWHMCP>
#	G	D	E	R	K	N	Q	S	T	A	V	L	I	F	Y	W	H	M	C	P
0	0.26411	0.01608	0.18603	0.11006	0.05281	0.05507	0.01214	0.01657	0.01240	0.02083	0.08288	0.01756	0.04541	0.00736	0.00602	0.03631	0.00632	0.00518	0.00355	0.04332
1	0.03268	0.06656	0.05500	0.05357	0.29391	0.16729	0.01377	0.03595	0.06393	0.01883	0.04781	0.01897	0.07403	0.00706	0.00614	0.00179	0.02524	0.00579	0.00362	0.00808
2	0.08364	0.07967	0.01446	0.01146	0.03116	0.08872	0.03322	0.03508	0.12234	0.14786	0.07433	0.04486	0.08443	0.06602	0.00807	0.00219	0.02354	0.03642	0.00504	0.00748
3	0.14127	0.01340	0.06952	0.01552	0.03752	0.01264	0.23801	0.06111	0.01352	0.03919	0.01746	0.01990	0.08622	0.00839	0.02437	0.02137	0.07213	0.00634	0.09490	0.00722
4	0.07463	0.02094	0.01716	0.05081	0.04614	0.32759	0.01165	0.31318	0.03888	0.02551	0.01187	0.01294	0.00903	0.00659	0.00562	0.00172	0.00829	0.00466	0.00439	0.00842
5	0.00996	0.00624	0.00754	0.00743	0.00847	0.00625	0.00522	0.02754	0.01121	0.04102	0.02500	0.08692	0.12607	0.22251	0.14691	0.08632	0.00642	0.00843	0.15565	0.00489
6	0.01031	0.00527	0.00773	0.00773	0.00773	0.00527	0.00509	0.00791	0.00791	0.01055	0.01115	0.02003	0.01139	0.08433	0.02410	0.75729	0.00527	0.00552	0.00270	0.00270
7	0.01553	0.38859	0.17526	0.07550	0.02096	0.12360	0.04962	0.01873	0.01292	0.01560	0.00934	0.01147	0.00781	0.00575	0.00561	0.00161	0.04765	0.00403	0.00267	0.00773
8	0.00806	0.00607	0.00806	0.00910	0.00957	0.00618	0.00639	0.00970	0.03428	0.01572	0.03117	0.67841	0.03680	0.01787	0.00845	0.00246	0.05435	0.04680	0.00541	0.00517
9	0.00903	0.00624	0.00800	0.00870	0.00985	0.00590	0.00666	0.01077	0.01290	0.04311	0.08751	0.26385	0.14894	0.10921	0.01045	0.00283	0.00438	0.24096	0.00548	0.00523
10	0.03303	0.01265	0.01351	0.01194	0.01541	0.01437	0.00935	0.06570	0.61630	0.06867	0.05393	0.02260	0.01911	0.00819	0.00610	0.00201	0.00479	0.00678	0.00616	0.00937
11	0.00875	0.00583	0.00656	0.00656	0.00656	0.00583	0.00365	0.00875	0.00875	0.01166	0.01895	0.03937	0.02187	0.78858	0.03062	0.00583	0.00583	0.00875	0.00365	0.00365
12	0.11345	0.01542	0.05756	0.12613	0.43655	0.06117	0.01607	0.06751	0.01423	0.02090	0.01094	0.01403	0.00881	0.00567	0.00565	0.00182	0.00724	0.00497	0.00322	0.00865
13	0.01581	0.01131	0.01259	0.01050	0.01314	0.01223	0.00801	0.35677	0.01867	0.03977	0.01864	0.02604	0.05175	0.26887	0.10538	0.00409	0.00729	0.00701	0.00491	0.00722
14	0.00763	0.00611	0.00681	0.00664	0.00844	0.00530	0.00498	0.00963	0.01493	0.01915	0.31387	0.05312	0.49387	0.01415	0.00710	0.00198	0.00297	0.01203	0.00597	0.00530
15	0.11608	0.03315	0.01575	0.01541	0.09860	0.30097	0.01080	0.08238	0.16472	0.02123	0.04161	0.01702	0.04301	0.00710	0.00557	0.00176	0.00739	0.00531	0.00425	0.00789
16	0.01656	0.01294	0.01481	0.01209	0.04214	0.01255	0.00939	0.32200	0.01930	0.02711	0.01473	0.06800	0.01267	0.00716	0.00556	0.00150	0.00546	0.03495	0.00482	0.35628
17	0.00861	0.00634	0.00818	0.00824	0.00974	0.00591	0.00653	0.01124	0.01574	0.02142	0.46548	0.05265	0.15238	0.01383	0.00741	0.00214	0.00355	0.18887	0.00620	0.00555
18	0.00958	0.00684	0.00956	0.01094	0.01228	0.00682	0.00949	0.01226	0.01373	0.01787	0.03192	0.10380	0.03488	0.01673	0.00828	0.00275	0.00544	0.67579	0.00554	0.00551
19	0.01743	0.28960	0.10202	0.01843	0.16513	0.20764	0.04950	0.02030	0.01411	0.04908	0.01032	0.01213	0.00847	0.00561	0.00513	0.00158	0.00808	0.00426	0.00302	0.00815
20	0.01168	0.02861	0.01602	0.14193	0.04259	0.01219	0.08683	0.04380	0.01278	0.01779	0.04469	0.08012	0.14001	0.00985	0.00959	0.00210	0.19476	0.00779	0.09033	0.00652
21	0.83108	0.01163	0.00884	0.00791	0.01163	0.01350	0.00651	0.01768	0.01024	0.02699	0.00838	0.00977	0.00651	0.00558	0.00372	0.00186	0.00465	0.00326	0.00372	0.00651
22	0.01259	0.00827	0.00993	0.00879	0.01112	0.00799	0.00679	0.13111	0.01782	0.10594	0.36279	0.11108	0.15767	0.01204	0.00686	0.00195	0.00381	0.01035	0.00634	0.00676
23	0.08724	0.01043	0.01351	0.09166	0.11047	0.01122	0.03244	0.01898	0.21957	0.02120	0.10580	0.05625	0.11910	0.00972	0.00638	0.00204	0.00514	0.06649	0.00497	0.00740
24	0.01385	0.01324	0.02255	0.25343	0.54265	0.01402	0.01795	0.01755	0.01321	0.01840	0.01113	0.01523	0.00909	0.00555	0.00597	0.00185	0.00740	0.00536	0.00289	0.00869
25	0.01420	0.01623	0.03550	0.02535	0.03144	0.01521	0.72921	0.01927	0.01420	0.01927	0.01217	0.01623	0.00913	0.00507	0.00710	0.00203	0.01014	0.00710	0.00304	0.00811
26	0.00733	0.00524	0.00698	0.00838	0.00873	0.00489	0.00558	0.00838	0.01152	0.01536	0.03316	0.78466	0.03979	0.01885	0.00768	0.00244	0.00349	0.01710	0.00558	0.00489
27	0.05013	0.60015	0.13223	0.01151	0.01699	0.07214	0.01191	0.01855	0.01253	0.01542	0.00877	0.01017	0.00766	0.00532	0.00422	0.00142	0.00701	0.00344	0.00265	0.00778
28	0.00946	0.00646	0.00744	0.00723	0.00763	0.00659	0.00443	0.04827	0.01031	0.01389	0.05134	0.05941	0.02293	0.64692	0.06893	0.00555	0.00625	0.00878	0.00394	0.00423
29	0.01368	0.15951	0.47287	0.01590	0.05277	0.01571	0.01780	0.02100	0.11925	0.03774	0.01273	0.01388	0.00947	0.00600	0.00547	0.00181	0.00769	0.00466	0.00321	0.00884
30	0.01645	0.70867	0.05376	0.01092	0.01603	0.08076	0.01078	0.01851	0.01261	0.01436	0.00851	0.00984	0.00772	0.00525	0.00404	0.00133	0.00685	0.00331	0.00261	0.00770
31	0.00733	0.00524	0.00698	0.00838	0.00873	0.00489	0.00558	0.00838	0.01152	0.01536	0.03316	0.78466	0.03979	0.01885	0.00768	0.00244	0.00349	0.01710	0.00558	0.00489
32	0.00749	0.00543	0.00709	0.00824	0.00884	0.00503	0.00567	0.00876	0.01217	0.01616	0.08763	0.64899	0.09451	0.01801	0.00762	0.00238	0.00348	0.04185	0.00566	0.00498
33	0.05715	0.04581	0.24845	0.01557	0.02136	0.03764	0.15335	0.07340	0.03546	0.02053	0.01289	0.06607	0.01080	0.00663	0.00629	0.00179	0.03580	0.00573	0.00347	0.14180
34	0.00733	0.00524	0.00698	0.00838	0.00873	0.00489	0.00558	0.00838	0.01152	0.01536	0.03316	0.78466	0.03979	0.01885	0.00768	0.00244	0.00349	0.01710	0.00558	0.00489
35	0.01230	0.01051	0.01229	0.00889	0.01407	0.00791	0.00708	0.01492	0.01244	0.01946	0.01145	0.03855	0.00995	0.00494	0.00456	0.00094	0.00442	0.00402	0.00363	0.79765
36	0.01528	0.02651	0.01236	0.01012	0.01367	0.05569	0.00796	0.08461	0.17682	0.11945	0.05545	0.06501	0.12574	0.00884	0.00589	0.00172	0.00483	0.00726	0.03963	0.16316
37	0.01483	0.48432	0.29852	0.01301	0.01946	0.04676	0.01474	0.01861	0.01257	0.01598	0.00929	0.01082	0.00768	0.00539	0.00460	0.00152	0.00750	0.00369	0.00258	0.00812
38	0.00885	0.00632	0.00872	0.01011	0.01113	0.00620	0.00822	0.01100	0.01302	0.01706	0.03232	0.32414	0.03647	0.01742	0.00808	0.00265	0.00481	0.46263	0.00556	0.00531
39	0.05753	0.45284	0.05591	0.14190	0.02004	0.05229	0.01160	0.03258	0.03577	0.01658	0.03367	0.01498	0.01075	0.00623	0.00477	0.00159	0.00672	0.03369	0.00311	0.00745
40	0.01455	0.01071	0.01272	0.00927	0.01446	0.00837	0.00745	0.01767	0.03810	0.12082	0.01296	0.01392	0.01006	0.00499	0.00473	0.00106	0.00456	0.00402	0.00418	0.68541
41	0.01821	0.01287	0.01417	0.01167	0.01512	0.01394	0.00923	0.41240	0.09899	0.07291	0.04215	0.11984	0.01782	0.06943	0.00811	0.00222	0.00559	0.00757	0.03914	0.00861

[dist]
# distance from previous block
# <min> <max>
0	1

[block]
# block no. 10 follows, 38 sequences, length 13
# corresponding to MSA columns:
# 373-385
name=unknown_K
#
# <colnr> <probs for GDERKNQSTAVLIFYWHMCP>
#	G	D	E	R	K	N	Q	S	T	A	V	L	I	F	Y	W	H	M	C	P
0	0.01210	0.00647	0.00656	0.00624	0.00790	0.00660	0.00476	0.06879	0.01381	0.02361	0.01923	0.02182	0.01502	0.00702	0.00434	0.00143	0.00310	0.00559	0.75965	0.00596
1	0.01191	0.01086	0.01513	0.01337	0.01376	0.01463	0.01097	0.01356	0.00965	0.01514	0.01096	0.01651	0.01030	0.01824	0.19174	0.00415	0.52434	0.00557	0.08302	0.00620
2	0.01661	0.35628	0.12631	0.01304	0.04058	0.09976	0.01206	0.09339	0.08393	0.03770	0.01262	0.04060	0.01057	0.00645	0.00500	0.00160	0.00691	0.00473	0.02365	0.00820
3	0.01500	0.01387	0.05910	0.07840	0.19100	0.08525	0.01244	0.07618	0.07995	0.08172	0.05362	0.10309	0.05298	0.00914	0.00639	0.00198	0.00636	0.06098	0.00460	0.00795
4	0.00738	0.00535	0.00688	0.00807	0.00856	0.00495	0.00539	0.00842	0.01158	0.01525	0.03502	0.67739	0.10536	0.05886	0.00883	0.00258	0.00357	0.01625	0.00548	0.00484
5	0.00896	0.00659	0.00841	0.03956	0.01089	0.00654	0.00653	0.07142	0.01305	0.01728	0.03141	0.59299	0.07214	0.05154	0.00848	0.00251	0.00409	0.03679	0.00542	0.00540
6	0.01808	0.01471	0.01702	0.16917	0.06867	0.04979	0.01220	0.37450	0.10468	0.02807	0.01568	0.01739	0.02719	0.02890	0.00667	0.00197	0.00673	0.00575	0.02401	0.00883
7	0.01374	0.00884	0.00857	0.00770	0.00971	0.04435	0.00587	0.14869	0.01546	0.02410	0.01810	0.02174	0.01460	0.07016	0.00674	0.00184	0.00415	0.00574	0.56351	0.00638
8	0.01045	0.00522	0.00784	0.00784	0.00784	0.00522	0.00522	0.00784	0.00784	0.01045	0.01045	0.01829	0.01045	0.02090	0.02351	0.82497	0.00522	0.00522	0.00261	0.00261
9	0.02783	0.01434	0.06532	0.09556	0.12180	0.03200	0.21648	0.04786	0.11802	0.02053	0.06290	0.02341	0.03499	0.00761	0.00689	0.00203	0.02700	0.06346	0.00403	0.00796
10	0.04123	0.07464	0.01390	0.03758	0.01447	0.01007	0.00849	0.05002	0.01591	0.38058	0.14616	0.11380	0.02356	0.00943	0.00661	0.00192	0.02938	0.00781	0.00619	0.00826
11	0.01310	0.01985	0.24818	0.02147	0.02802	0.01407	0.46029	0.01856	0.01398	0.01960	0.07121	0.01750	0.01253	0.00585	0.00669	0.00198	0.00918	0.00661	0.00318	0.00815
12	0.01229	0.01474	0.10946	0.07629	0.08295	0.01329	0.28701	0.01614	0.01242	0.01738	0.01416	0.10727	0.01296	0.01151	0.08289	0.00287	0.10838	0.00741	0.00322	0.00736

[dist]
# distance from previous block
# <min> <max>
1	3

[block]
# block no. 11 follows, 38 sequences, length 48
# corresponding to MSA columns:
# 389-436
name=unknown_L
#
# <colnr> <probs for GDERKNQSTAVLIFYWHMCP>
#	G	D	E	R	K	N	Q	S	T	A	V	L	I	F	Y	W	H	M	C	P
0	0.07410	0.01115	0.01262	0.07894	0.01542	0.04295	0.00912	0.15840	0.03809	0.02226	0.01483	0.04036	0.01251	0.03090	0.11822	0.00306	0.10039	0.00576	0.17566	0.03525
1	0.04676	0.07833	0.01715	0.01246	0.01682	0.06405	0.01025	0.40638	0.07379	0.10875	0.03427	0.04291	0.01301	0.00746	0.00576	0.00176	0.00622	0.00571	0.00554	0.04261
2	0.01799	0.18548	0.04611	0.03167	0.01831	0.35243	0.03286	0.02101	0.06287	0.01573	0.01012	0.01212	0.00856	0.00666	0.00737	0.00171	0.12634	0.00428	0.00310	0.03527
3	0.01596	0.01195	0.01402	0.04164	0.01640	0.01056	0.00859	0.16722	0.01622	0.09139	0.01269	0.01378	0.00971	0.00538	0.00500	0.00122	0.00512	0.00426	0.00440	0.54452
4	0.02199	0.01618	0.01739	0.01346	0.01801	0.01787	0.01103	0.68840	0.02721	0.03647	0.01512	0.03751	0.01144	0.03099	0.00680	0.00194	0.00651	0.00585	0.00593	0.00988
5	0.00745	0.00529	0.00694	0.00822	0.00854	0.00497	0.00542	0.00841	0.01128	0.01504	0.03192	0.71999	0.03823	0.08564	0.00967	0.00274	0.00369	0.01638	0.00542	0.00478
6	0.00799	0.00569	0.00666	0.00710	0.00761	0.00539	0.00450	0.00869	0.01077	0.01404	0.05295	0.28447	0.15644	0.37964	0.01834	0.00395	0.00449	0.01222	0.00470	0.00436
7	0.06196	0.01058	0.01708	0.40961	0.20101	0.01207	0.01435	0.01483	0.01153	0.01617	0.01065	0.01581	0.00874	0.00862	0.00914	0.15619	0.00708	0.00520	0.00280	0.00658
8	0.02522	0.01135	0.01444	0.01126	0.01580	0.01072	0.00924	0.11841	0.09356	0.58875	0.02264	0.01992	0.01466	0.00749	0.00605	0.00187	0.00527	0.00605	0.00713	0.01016
9	0.00793	0.00625	0.00723	0.00776	0.00939	0.00562	0.00612	0.00973	0.01341	0.01654	0.04875	0.12214	0.45684	0.04076	0.00826	0.00240	0.00390	0.21630	0.00551	0.00515
10	0.01295	0.00807	0.00879	0.00791	0.00975	0.00856	0.00597	0.16210	0.01492	0.02296	0.01806	0.02373	0.01538	0.14210	0.08927	0.00310	0.00551	0.00618	0.42846	0.00622
11	0.09268	0.01043	0.01212	0.09257	0.01554	0.02790	0.00896	0.17487	0.01496	0.02272	0.01458	0.01825	0.01189	0.01703	0.20584	0.00385	0.05326	0.00547	0.19022	0.00687
12	0.02432	0.01026	0.01354	0.01056	0.01482	0.00924	0.00865	0.08389	0.01809	0.60457	0.11464	0.02308	0.01981	0.00804	0.00618	0.00186	0.00495	0.00661	0.00723	0.00966
13	0.00860	0.00643	0.00957	0.00957	0.01061	0.00746	0.00739	0.01068	0.00964	0.01389	0.01621	0.02415	0.01526	0.06953	0.74064	0.00954	0.01578	0.00652	0.00324	0.00531
14	0.80310	0.01160	0.00916	0.03407	0.01265	0.01349	0.00686	0.01760	0.01030	0.02659	0.00846	0.00999	0.00657	0.00560	0.00380	0.00187	0.00477	0.00333	0.00369	0.00652
15	0.05274	0.00559	0.00794	0.00790	0.00812	0.00572	0.00536	0.00843	0.00802	0.01141	0.01051	0.01801	0.01038	0.02084	0.04487	0.75788	0.00552	0.00516	0.00269	0.00290
16	0.01430	0.01224	0.01534	0.03404	0.01718	0.01106	0.06482	0.11437	0.10653	0.02263	0.01305	0.01440	0.01027	0.00539	0.00513	0.00128	0.00534	0.00455	0.00415	0.52394
17	0.00859	0.00645	0.00967	0.00967	0.01074	0.00752	0.00752	0.01074	0.00967	0.01396	0.01611	0.02363	0.01504	0.04512	0.76474	0.00967	0.01611	0.00645	0.00322	0.00537
18	0.00790	0.00560	0.00689	0.00761	0.00807	0.00531	0.00497	0.00878	0.01115	0.01476	0.06926	0.42044	0.09477	0.27079	0.01514	0.00350	0.00424	0.03125	0.00500	0.00455
19	0.01234	0.01042	0.01597	0.56907	0.03339	0.01254	0.01410	0.08478	0.01368	0.01856	0.01298	0.03938	0.01021	0.00665	0.00581	0.00191	0.00701	0.00574	0.11863	0.00682
20	0.00732	0.00529	0.00693	0.00824	0.00869	0.00490	0.00552	0.00839	0.01165	0.01541	0.03479	0.74180	0.08159	0.01863	0.00764	0.00242	0.00346	0.01684	0.00558	0.00490
21	0.83108	0.01163	0.00884	0.00791	0.01163	0.01350	0.00651	0.01768	0.01024	0.02699	0.00838	0.00977	0.00651	0.00558	0.00372	0.00186	0.00465	0.00326	0.00372	0.00651
22	0.00745	0.00535	0.00705	0.00837	0.00881	0.00500	0.00568	0.00856	0.01162	0.01541	0.03370	0.71409	0.06259	0.03621	0.00821	0.00252	0.00361	0.04533	0.00554	0.00489
23	0.00733	0.00524	0.00698	0.00838	0.00873	0.00489	0.00558	0.00838	0.01152	0.01536	0.03316	0.78466	0.03979	0.01885	0.00768	0.00244	0.00349	0.01710	0.00558	0.00489
24	0.01489	0.01429	0.02442	0.03692	0.75106	0.01429	0.01846	0.01846	0.01370	0.01965	0.01132	0.01489	0.00953	0.00536	0.00596	0.00179	0.00715	0.00536	0.00298	0.00953
25	0.03390	0.00652	0.00825	0.00779	0.00945	0.00606	0.00597	0.01212	0.01641	0.05225	0.60606	0.04516	0.10303	0.01236	0.00702	0.00195	0.00315	0.05027	0.00643	0.00583
26	0.00806	0.00595	0.00704	0.00739	0.00828	0.00560	0.00499	0.00970	0.03381	0.01626	0.14744	0.29217	0.19296	0.21708	0.01339	0.00314	0.00394	0.01268	0.00526	0.00487
27	0.02247	0.02867	0.01705	0.01550	0.01860	0.76443	0.01162	0.02402	0.01705	0.01472	0.00930	0.01085	0.00775	0.00620	0.00542	0.00155	0.01085	0.00387	0.00310	0.00697
28	0.01608	0.79220	0.03152	0.01029	0.01544	0.02380	0.01029	0.01801	0.01222	0.01415	0.00836	0.00965	0.00772	0.00515	0.00386	0.00129	0.00643	0.00322	0.00257	0.00772
29	0.04837	0.00906	0.00944	0.00821	0.01066	0.00960	0.00644	0.21285	0.01685	0.04233	0.01827	0.04634	0.01457	0.02253	0.00536	0.00166	0.00407	0.00593	0.50052	0.00696
