[name]
unknown

[dist]
# distance from previous block
# <min> <max>
0	0

[block]
# block no. 0 follows, 45 sequences, length 15
# corresponding to MSA columns:
# 0-14
name=unknown_A
#
# <colnr> <probs for GDERKNQSTAVLIFYWHMCP>
#	G	D	E	R	K	N	Q	S	T	A	V	L	I	F	Y	W	H	M	C	P
0	0.00865	0.00618	0.00865	0.00989	0.01112	0.00618	0.00865	0.01112	0.01236	0.01606	0.02842	0.06055	0.03089	0.01483	0.00741	0.00247	0.00494	0.74174	0.00494	0.00494
1	0.08530	0.00960	0.01235	0.00954	0.01364	0.00875	0.00788	0.07187	0.01553	0.67781	0.01963	0.01722	0.01247	0.00651	0.00524	0.00166	0.00462	0.00518	0.00632	0.00889
2	0.00902	0.00669	0.00876	0.00964	0.01097	0.00689	0.00809	0.01288	0.10829	0.01644	0.02723	0.12194	0.02901	0.04559	0.00790	0.00247	0.00470	0.55325	0.00495	0.00528
3	0.01014	0.00954	0.01610	0.79845	0.03697	0.01193	0.01491	0.01371	0.01073	0.01371	0.00954	0.01431	0.00716	0.00537	0.00537	0.00179	0.00716	0.00477	0.00239	0.00596
4	0.01308	0.48224	0.16594	0.01146	0.01561	0.01850	0.01176	0.01551	0.01036	0.01351	0.00777	0.00984	0.00691	0.00580	0.00704	0.00153	0.19050	0.00350	0.00230	0.00685
5	0.00653	0.00471	0.00619	0.00738	0.00776	0.00437	0.00494	0.00748	0.01036	0.01374	0.03068	0.77446	0.06818	0.01667	0.00683	0.00216	0.00310	0.01509	0.00498	0.00437
6	0.00803	0.00563	0.00701	0.00658	0.00809	0.00507	0.00497	0.01028	0.01454	0.05263	0.58172	0.04174	0.21093	0.01137	0.00629	0.00171	0.00266	0.00988	0.00573	0.00512
7	0.01438	0.01237	0.01248	0.01114	0.01418	0.06447	0.00877	0.09259	0.58449	0.04060	0.02056	0.02129	0.01597	0.00757	0.00554	0.00181	0.00481	0.05352	0.00527	0.00819
8	0.79010	0.01147	0.00841	0.00754	0.01082	0.06754	0.00614	0.01618	0.00957	0.02330	0.00753	0.00879	0.00589	0.00502	0.00343	0.00164	0.00455	0.00295	0.00328	0.00584
9	0.41313	0.06927	0.01463	0.01072	0.01460	0.06994	0.12515	0.01875	0.01165	0.18964	0.01111	0.01181	0.00800	0.00529	0.00438	0.00163	0.00554	0.00404	0.00385	0.00688
10	0.10660	0.01141	0.01211	0.00977	0.01361	0.09486	0.00787	0.02360	0.10865	0.44719	0.01726	0.01584	0.01167	0.00616	0.00499	0.00156	0.00499	0.00479	0.00538	0.09167
11	0.08018	0.04048	0.01440	0.01104	0.01499	0.13377	0.00901	0.29033	0.01833	0.31175	0.01474	0.01399	0.01005	0.00621	0.00509	0.00158	0.00586	0.00463	0.00520	0.00837
12	0.01001	0.00500	0.00500	0.00500	0.00625	0.00500	0.00375	0.01251	0.01126	0.02001	0.01751	0.02001	0.01376	0.00625	0.00375	0.00125	0.00250	0.00500	0.84115	0.00500
13	0.11888	0.10131	0.01326	0.00894	0.01290	0.00988	0.00750	0.02165	0.04148	0.45350	0.05934	0.01659	0.01334	0.00620	0.00484	0.00152	0.00446	0.00485	0.00531	0.09426
14	0.01083	0.04884	0.08759	0.00876	0.01200	0.00854	0.00771	0.06718	0.07059	0.04584	0.37308	0.02575	0.02887	0.00794	0.00543	0.00149	0.00395	0.00674	0.00478	0.17409

[dist]
# distance from previous block
# <min> <max>
1	9

[block]
# block no. 1 follows, 45 sequences, length 17
# corresponding to MSA columns:
# 24-40
name=unknown_B
#
# <colnr> <probs for GDERKNQSTAVLIFYWHMCP>
#	G	D	E	R	K	N	Q	S	T	A	V	L	I	F	Y	W	H	M	C	P
0	0.02013	0.01535	0.01613	0.01247	0.01669	0.07174	0.02903	0.63200	0.02334	0.06886	0.01283	0.01292	0.00912	0.00628	0.00532	0.00158	0.00614	0.00476	0.00512	0.03020
1	0.02005	0.02558	0.01521	0.01383	0.01659	0.78980	0.01037	0.02143	0.01521	0.01314	0.00830	0.00968	0.00691	0.00553	0.00484	0.00138	0.00968	0.00346	0.00277	0.00622
2	0.01113	0.00954	0.01113	0.00795	0.01272	0.00716	0.00636	0.01352	0.01113	0.01749	0.00954	0.01113	0.00795	0.00398	0.00398	0.00080	0.00398	0.00318	0.00318	0.84417
3	0.00679	0.00480	0.00613	0.00708	0.00738	0.00453	0.00461	0.00755	0.00985	0.01307	0.02786	0.62839	0.05652	0.17580	0.01093	0.00277	0.00352	0.01364	0.00464	0.00414
4	0.63016	0.01140	0.00933	0.00807	0.01150	0.07521	0.00657	0.01814	0.01077	0.16175	0.01005	0.01055	0.00727	0.00533	0.00383	0.00164	0.00468	0.00341	0.00388	0.00645
5	0.11525	0.01256	0.01257	0.01017	0.01390	0.14738	0.00820	0.08473	0.01545	0.47391	0.04079	0.01593	0.01217	0.00638	0.00509	0.00161	0.00547	0.00487	0.00545	0.00812
6	0.00682	0.00479	0.00615	0.00711	0.00736	0.00455	0.00460	0.00755	0.00973	0.01297	0.02676	0.63561	0.03194	0.19391	0.01141	0.00285	0.00358	0.01360	0.00460	0.00411
7	0.02325	0.00932	0.01243	0.00966	0.01372	0.00831	0.00794	0.02634	0.07383	0.72262	0.02123	0.01841	0.01353	0.00669	0.00540	0.00167	0.00454	0.00545	0.00655	0.00909
8	0.01954	0.09981	0.01651	0.01327	0.01633	0.65606	0.01025	0.07885	0.01559	0.01471	0.00858	0.00983	0.00709	0.00551	0.00475	0.00138	0.00901	0.00351	0.00293	0.00651
9	0.02168	0.01064	0.01374	0.01185	0.06944	0.01026	0.00897	0.15303	0.08614	0.52675	0.01900	0.01714	0.01251	0.00653	0.00539	0.00166	0.00490	0.00532	0.00603	0.00903
10	0.00672	0.00492	0.00621	0.00698	0.00762	0.00453	0.00476	0.00787	0.01107	0.01464	0.12867	0.54924	0.14929	0.06133	0.00789	0.00223	0.00310	0.01352	0.00500	0.00441
11	0.00666	0.00498	0.00601	0.00670	0.00746	0.00453	0.00456	0.00770	0.01083	0.01399	0.07217	0.47998	0.24484	0.09304	0.00868	0.00235	0.00318	0.01314	0.00486	0.00434
12	0.80381	0.01121	0.00829	0.00743	0.01072	0.05468	0.00606	0.01609	0.00947	0.02348	0.00752	0.00877	0.00587	0.00501	0.00341	0.00165	0.00446	0.00294	0.00329	0.00584
13	0.06536	0.01466	0.01895	0.01424	0.01872	0.01574	0.16890	0.56034	0.02166	0.02975	0.01215	0.01299	0.00873	0.00595	0.00546	0.00166	0.00648	0.00504	0.00469	0.00854
14	0.01967	0.01366	0.01499	0.01170	0.01567	0.01485	0.00957	0.63115	0.02313	0.10338	0.01499	0.07575	0.01159	0.00728	0.00549	0.00166	0.00556	0.00570	0.00546	0.00876
15	0.01900	0.01391	0.01554	0.03174	0.01650	0.01529	0.01000	0.58847	0.02200	0.07153	0.01257	0.01300	0.00906	0.00645	0.00615	0.00161	0.06319	0.00472	0.00497	0.07430
16	0.01326	0.01282	0.02218	0.03254	0.74845	0.01279	0.04558	0.01650	0.01224	0.01752	0.01013	0.01333	0.00849	0.00477	0.00535	0.00160	0.00648	0.00484	0.00266	0.00845

[dist]
# distance from previous block
# <min> <max>
2	4

[block]
# block no. 2 follows, 45 sequences, length 8
# corresponding to MSA columns:
# 45-52
name=unknown_C
#
# <colnr> <probs for GDERKNQSTAVLIFYWHMCP>
#	G	D	E	R	K	N	Q	S	T	A	V	L	I	F	Y	W	H	M	C	P
0	0.00659	0.00488	0.00616	0.00703	0.00770	0.00445	0.00482	0.00774	0.01106	0.01450	0.09624	0.60032	0.17746	0.01572	0.00671	0.00207	0.00299	0.01405	0.00506	0.00445
1	0.01314	0.01332	0.02092	0.19198	0.48937	0.07868	0.08233	0.01638	0.01220	0.01633	0.00990	0.01330	0.00805	0.00495	0.00538	0.00164	0.00706	0.00481	0.00261	0.00766
2	0.15132	0.02485	0.65352	0.01392	0.02108	0.01240	0.01748	0.01679	0.01096	0.01819	0.00927	0.01090	0.00663	0.00508	0.00480	0.00169	0.00730	0.00379	0.00244	0.00758
3	0.00666	0.00512	0.00612	0.00675	0.00778	0.00458	0.00484	0.00797	0.01154	0.01474	0.09473	0.40796	0.33025	0.01499	0.00664	0.00201	0.00302	0.05473	0.00505	0.00451
4	0.01113	0.00954	0.01113	0.00795	0.01272	0.00716	0.00636	0.01352	0.01113	0.01749	0.00954	0.01113	0.00795	0.00398	0.00398	0.00080	0.00398	0.00318	0.00318	0.84417
5	0.24478	0.05254	0.08342	0.01058	0.01427	0.08454	0.02774	0.05563	0.29934	0.02115	0.01542	0.01540	0.04109	0.00630	0.00474	0.00168	0.00527	0.00477	0.00408	0.00726
6	0.06293	0.01081	0.01275	0.01029	0.01369	0.01117	0.03476	0.30182	0.05895	0.19678	0.07941	0.08699	0.07942	0.00821	0.00558	0.00171	0.00476	0.00678	0.00543	0.00774
7	0.06191	0.01115	0.01219	0.01007	0.01341	0.06183	0.02804	0.12961	0.17765	0.18822	0.11011	0.04304	0.04529	0.00739	0.00535	0.00163	0.00473	0.00606	0.00517	0.07715

[dist]
# distance from previous block
# <min> <max>
13	20

[block]
# block no. 3 follows, 45 sequences, length 9
# corresponding to MSA columns:
# 74-82
name=unknown_D
#
# <colnr> <probs for GDERKNQSTAVLIFYWHMCP>
#	G	D	E	R	K	N	Q	S	T	A	V	L	I	F	Y	W	H	M	C	P
0	0.00803	0.16073	0.01028	0.00726	0.00881	0.00768	0.00556	0.00929	0.01109	0.01400	0.06061	0.43211	0.21863	0.01342	0.00605	0.00187	0.00350	0.01166	0.00450	0.00492
1	0.01125	0.00996	0.01215	0.00913	0.01299	0.00894	0.00740	0.01340	0.01057	0.01661	0.00906	0.01125	0.00778	0.00502	0.00660	0.00109	0.15743	0.00347	0.00302	0.68288
2	0.68713	0.00928	0.00757	0.00714	0.00988	0.01056	0.00565	0.01418	0.00935	0.02209	0.01173	0.16247	0.01153	0.00726	0.00400	0.00176	0.00395	0.00528	0.00364	0.00553
3	0.17732	0.01390	0.08194	0.01092	0.01488	0.01378	0.00950	0.39786	0.08542	0.04931	0.01372	0.06200	0.01094	0.02796	0.00563	0.00178	0.00537	0.00523	0.00466	0.00788
4	0.01322	0.05843	0.53099	0.01331	0.01974	0.01147	0.01587	0.01806	0.01185	0.16350	0.01218	0.01342	0.00865	0.00852	0.07540	0.00229	0.00776	0.00435	0.00316	0.00784
5	0.01080	0.11835	0.01131	0.00871	0.01024	0.11333	0.00648	0.05027	0.04355	0.01405	0.01833	0.27444	0.02003	0.18922	0.08418	0.00316	0.00606	0.00854	0.00378	0.00517
6	0.01273	0.34664	0.34699	0.01296	0.01853	0.04396	0.04634	0.01642	0.01108	0.01472	0.00852	0.01034	0.00692	0.00527	0.00559	0.00153	0.07824	0.00367	0.00232	0.00723
7	0.04746	0.01298	0.08559	0.19366	0.04142	0.07027	0.15744	0.03965	0.01114	0.01517	0.01099	0.01712	0.00975	0.15177	0.03454	0.00262	0.08422	0.00540	0.00278	0.00604
8	0.01450	0.01368	0.06649	0.03750	0.13772	0.01244	0.22783	0.18385	0.01512	0.05925	0.01180	0.03087	0.00914	0.00534	0.00542	0.00155	0.00658	0.00518	0.00360	0.15215

[dist]
# distance from previous block
# <min> <max>
0	13

[block]
# block no. 4 follows, 45 sequences, length 11
# corresponding to MSA columns:
# 96-106
name=unknown_E
#
# <colnr> <probs for GDERKNQSTAVLIFYWHMCP>
#	G	D	E	R	K	N	Q	S	T	A	V	L	I	F	Y	W	H	M	C	P
0	0.01242	0.00958	0.01150	0.00893	0.01248	0.00869	0.00709	0.08743	0.01241	0.07242	0.02988	0.07789	0.01210	0.04450	0.00694	0.00143	0.08175	0.00499	0.00377	0.49379
1	0.11372	0.18316	0.01704	0.01137	0.01455	0.22713	0.07995	0.05826	0.01303	0.01673	0.07606	0.06616	0.01304	0.02730	0.00574	0.00161	0.03062	0.00508	0.00331	0.03614
2	0.22587	0.02343	0.01216	0.00974	0.01309	0.03107	0.04447	0.05816	0.04903	0.29731	0.01741	0.05409	0.05281	0.00793	0.02668	0.00190	0.04326	0.00546	0.00479	0.02135
3	0.01259	0.01394	0.06377	0.10395	0.02693	0.01272	0.55777	0.03034	0.01245	0.03733	0.01088	0.01434	0.00817	0.00522	0.00657	0.03178	0.00829	0.00584	0.00281	0.03431
4	0.49165	0.04545	0.01055	0.00855	0.01163	0.06449	0.00698	0.05398	0.04782	0.08029	0.08418	0.01345	0.01160	0.00611	0.00476	0.00166	0.04246	0.00413	0.00390	0.00636
5	0.01796	0.01268	0.01409	0.01111	0.01496	0.01350	0.00903	0.49252	0.06982	0.09807	0.01502	0.06375	0.01171	0.00839	0.03934	0.00189	0.00568	0.00550	0.00515	0.08984
6	0.08834	0.13135	0.46821	0.01423	0.02065	0.05200	0.09396	0.01730	0.01154	0.04164	0.00958	0.01120	0.00708	0.00503	0.00484	0.00162	0.00739	0.00399	0.00258	0.00748
7	0.00779	0.00526	0.00612	0.00612	0.00622	0.00535	0.00359	0.00798	0.00789	0.01061	0.01667	0.03376	0.01892	0.73634	0.10152	0.00554	0.00610	0.00761	0.00322	0.00340
8	0.00695	0.00512	0.00646	0.00736	0.00810	0.00477	0.00530	0.00817	0.01084	0.01402	0.03341	0.47194	0.18162	0.07457	0.00836	0.00238	0.00350	0.13787	0.00485	0.00441
9	0.01282	0.01254	0.01752	0.39572	0.02709	0.10411	0.09644	0.03808	0.01166	0.04788	0.00969	0.01336	0.00756	0.00609	0.00765	0.00181	0.15476	0.00477	0.00276	0.02770
10	0.55111	0.01228	0.01061	0.08330	0.03468	0.09943	0.00786	0.05594	0.02923	0.05960	0.00913	0.01043	0.00693	0.00529	0.00400	0.00164	0.00523	0.00349	0.00348	0.00635

[dist]
# distance from previous block
# <min> <max>
1	10

[block]
# block no. 5 follows, 45 sequences, length 11
# corresponding to MSA columns:
# 117-127
name=unknown_F
#
# <colnr> <probs for GDERKNQSTAVLIFYWHMCP>
#	G	D	E	R	K	N	Q	S	T	A	V	L	I	F	Y	W	H	M	C	P
0	0.00815	0.00594	0.00724	0.00721	0.00819	0.00559	0.00485	0.03508	0.00998	0.01372	0.02111	0.36392	0.02416	0.28989	0.05523	0.00336	0.00465	0.01018	0.00404	0.11751
1	0.13136	0.04091	0.15158	0.01086	0.01549	0.01179	0.01025	0.14638	0.09795	0.30667	0.01547	0.01469	0.01054	0.00611	0.00500	0.00166	0.00535	0.00470	0.00492	0.00832
2	0.04527	0.34555	0.16372	0.01138	0.01586	0.15179	0.01121	0.04077	0.01247	0.07965	0.02983	0.01126	0.00862	0.00551	0.00501	0.00144	0.04687	0.00373	0.00297	0.00709
3	0.01975	0.14597	0.01438	0.00916	0.01301	0.01012	0.00775	0.02252	0.05872	0.51422	0.07118	0.01997	0.05547	0.00699	0.00518	0.00159	0.00451	0.00561	0.00570	0.00820
4	0.00932	0.00466	0.00699	0.00699	0.00699	0.00466	0.00466	0.00699	0.00699	0.00932	0.00932	0.01632	0.00932	0.01865	0.02098	0.84382	0.00466	0.00466	0.00233	0.00233
5	0.06603	0.38943	0.03899	0.00999	0.01356	0.22973	0.00881	0.01639	0.01254	0.01465	0.09215	0.01509	0.06084	0.00614	0.00436	0.00136	0.00625	0.00433	0.00304	0.00632
6	0.05607	0.14790	0.58045	0.01435	0.02137	0.01387	0.06146	0.01680	0.01123	0.01671	0.00926	0.01096	0.00684	0.00498	0.00482	0.00162	0.00746	0.00388	0.00235	0.00762
7	0.01261	0.00839	0.00941	0.00801	0.01069	0.00817	0.00634	0.18438	0.03990	0.13343	0.15295	0.03500	0.34848	0.01031	0.00595	0.00172	0.00374	0.00854	0.00548	0.00648
8	0.01127	0.01153	0.02193	0.01653	0.01980	0.01169	0.42131	0.01497	0.05179	0.01618	0.08506	0.02039	0.01444	0.14328	0.01132	0.00245	0.10992	0.00668	0.00321	0.00624
9	0.03038	0.01322	0.06388	0.35684	0.02716	0.09381	0.16005	0.01577	0.02731	0.03869	0.01174	0.01510	0.03361	0.00690	0.03091	0.00199	0.05828	0.00515	0.00280	0.00642
10	0.12705	0.03519	0.03612	0.09893	0.01689	0.01075	0.05008	0.10767	0.01273	0.04706	0.01004	0.01177	0.00783	0.00490	0.00478	0.00129	0.02640	0.00384	0.00341	0.38328

[dist]
# distance from previous block
# <min> <max>
12	36

[block]
# block no. 6 follows, 45 sequences, length 34
# corresponding to MSA columns:
# 166-199
name=unknown_G
#
# <colnr> <probs for GDERKNQSTAVLIFYWHMCP>
#	G	D	E	R	K	N	Q	S	T	A	V	L	I	F	Y	W	H	M	C	P
0	0.06962	0.07282	0.02619	0.00966	0.01286	0.05233	0.00786	0.05207	0.24928	0.13729	0.06105	0.06516	0.03777	0.00914	0.04749	0.00200	0.00515	0.00594	0.00472	0.07158
1	0.00752	0.00518	0.00713	0.05972	0.00959	0.00516	0.00564	0.00814	0.00965	0.01279	0.02347	0.47732	0.02726	0.12335	0.01164	0.12680	0.00403	0.06737	0.00418	0.00406
2	0.01426	0.57753	0.09840	0.01030	0.01468	0.12342	0.01010	0.01632	0.01149	0.01319	0.00925	0.06192	0.00878	0.00558	0.00402	0.00130	0.00631	0.00388	0.00253	0.00673
3	0.74583	0.01022	0.00846	0.00737	0.01080	0.01152	0.00607	0.01708	0.00992	0.11904	0.00919	0.00992	0.00675	0.00519	0.00358	0.00166	0.00420	0.00322	0.00374	0.00623
4	0.01127	0.00967	0.01119	0.00814	0.01280	0.00754	0.00649	0.01446	0.05861	0.01780	0.01031	0.01169	0.00848	0.00418	0.00407	0.00086	0.00399	0.00336	0.00332	0.79175
5	0.01113	0.00954	0.01113	0.00795	0.01272	0.00716	0.00636	0.01352	0.01113	0.01749	0.00954	0.01113	0.00795	0.00398	0.00398	0.00080	0.00398	0.00318	0.00318	0.84417
6	0.01267	0.01448	0.03167	0.02262	0.02805	0.01357	0.75837	0.01719	0.01267	0.01719	0.01086	0.01448	0.00814	0.00452	0.00633	0.00181	0.00905	0.00633	0.00271	0.00724
7	0.03100	0.01128	0.01744	0.59437	0.05233	0.06383	0.08240	0.01462	0.01107	0.01430	0.00941	0.01372	0.00723	0.00549	0.00603	0.00179	0.05027	0.00478	0.00247	0.00616
8	0.00840	0.00568	0.00735	0.00682	0.00828	0.00518	0.00515	0.01083	0.01501	0.06208	0.68665	0.03968	0.09662	0.01091	0.00628	0.00170	0.00265	0.00958	0.00589	0.00525
9	0.00654	0.00467	0.00623	0.00747	0.00779	0.00436	0.00498	0.00747	0.01028	0.01370	0.02959	0.80785	0.03550	0.01682	0.00685	0.00218	0.00311	0.01526	0.00498	0.00436
10	0.02038	0.01566	0.01606	0.01244	0.01664	0.06240	0.01021	0.71627	0.02464	0.03261	0.01262	0.01270	0.00900	0.00639	0.00534	0.00160	0.00613	0.00475	0.00522	0.00896
11	0.33003	0.01514	0.01277	0.02918	0.01471	0.16491	0.00867	0.30441	0.03326	0.02544	0.01009	0.01090	0.00757	0.00571	0.00450	0.00159	0.00598	0.00387	0.00403	0.00724
12	0.00774	0.00525	0.00615	0.00611	0.00634	0.00520	0.00367	0.00822	0.00908	0.01234	0.14032	0.05149	0.02475	0.64479	0.04338	0.00466	0.00497	0.00822	0.00371	0.00361
13	0.00662	0.00471	0.00620	0.00737	0.00766	0.00442	0.00487	0.00750	0.01011	0.01348	0.02875	0.75671	0.03444	0.06940	0.00821	0.00238	0.00325	0.01477	0.00487	0.00429
14	0.01165	0.01171	0.01742	0.08999	0.01721	0.01582	0.06146	0.01328	0.00876	0.01328	0.00754	0.01217	0.00713	0.00869	0.01569	0.00226	0.67278	0.00481	0.00238	0.00597
15	0.01908	0.01444	0.01667	0.01281	0.01698	0.01586	0.05951	0.65573	0.04050	0.03138	0.01303	0.01358	0.00945	0.00807	0.04559	0.00199	0.00651	0.00501	0.00507	0.00877
16	0.00781	0.00520	0.00585	0.00585	0.00585	0.00520	0.00325	0.00781	0.00781	0.01041	0.01691	0.03513	0.01952	0.81135	0.02732	0.00520	0.00520	0.00781	0.00325	0.00325
17	0.00731	0.00521	0.00675	0.00686	0.00771	0.00487	0.00484	0.00908	0.01291	0.01796	0.46967	0.26570	0.04266	0.10325	0.00886	0.00223	0.00301	0.01113	0.00534	0.00465
18	0.03408	0.30518	0.10953	0.01150	0.01555	0.16186	0.01071	0.06321	0.05367	0.09773	0.01041	0.01133	0.00821	0.00576	0.00564	0.00150	0.07984	0.00384	0.00323	0.00723
19	0.02041	0.01504	0.01611	0.01235	0.01665	0.01665	0.01020	0.75997	0.02524	0.03383	0.01289	0.01289	0.00913	0.00644	0.00537	0.00161	0.00591	0.00483	0.00537	0.00913
20	0.23524	0.07264	0.01479	0.01084	0.01481	0.06696	0.00900	0.46371	0.01935	0.02839	0.01078	0.01128	0.00796	0.00587	0.00466	0.00158	0.00569	0.00410	0.00444	0.00791
21	0.01085	0.01076	0.01896	0.52816	0.03165	0.01269	0.15525	0.01427	0.01079	0.01438	0.00947	0.01392	0.00735	0.00569	0.00709	0.00184	0.10985	0.00501	0.00247	0.02955
22	0.31877	0.05119	0.01190	0.02379	0.01311	0.01114	0.02785	0.05366	0.09795	0.24234	0.01509	0.01734	0.01149	0.02752	0.00528	0.00180	0.00471	0.05323	0.00464	0.00720
23	0.63525	0.06552	0.05215	0.04868	0.01319	0.05881	0.00764	0.03541	0.01023	0.02202	0.00788	0.00930	0.00616	0.00505	0.00367	0.00162	0.00499	0.00314	0.00317	0.00612
24	0.06428	0.00604	0.00705	0.00679	0.00844	0.00559	0.00512	0.01079	0.01291	0.08266	0.29348	0.11847	0.25920	0.05272	0.00723	0.00199	0.00318	0.04368	0.00525	0.00513
25	0.05402	0.00958	0.01097	0.00791	0.01260	0.00741	0.00633	0.01363	0.01103	0.01783	0.00944	0.01101	0.00784	0.00403	0.00394	0.00084	0.00398	0.00317	0.00319	0.80127
26	0.00770	0.00516	0.00589	0.00599	0.00602	0.00513	0.00340	0.00778	0.00802	0.01069	0.01800	0.10135	0.02089	0.74326	0.02557	0.00494	0.00503	0.00844	0.00340	0.00335
27	0.04831	0.01146	0.01691	0.35320	0.02536	0.06377	0.11719	0.01456	0.01081	0.01511	0.00960	0.01348	0.00768	0.00599	0.00753	0.00177	0.15881	0.00473	0.05806	0.05567
28	0.01345	0.00947	0.01137	0.00824	0.01290	0.00729	0.00663	0.01578	0.01189	0.15451	0.01163	0.01241	0.00891	0.00445	0.00423	0.00095	0.00408	0.00358	0.00380	0.69443
29	0.01405	0.00832	0.01007	0.00881	0.01145	0.00829	0.00692	0.02001	0.23426	0.24517	0.24449	0.05052	0.07743	0.00906	0.00585	0.00176	0.00372	0.02673	0.00588	0.00721
30	0.01357	0.01067	0.01441	0.15172	0.01891	0.01011	0.06743	0.10386	0.06336	0.09355	0.01199	0.01345	0.00904	0.00504	0.00481	0.00130	0.00525	0.00431	0.00375	0.39348
31	0.00673	0.00484	0.00639	0.00729	0.00782	0.00450	0.00498	0.00798	0.01124	0.01518	0.16927	0.64608	0.05646	0.01565	0.00674	0.00208	0.00300	0.01413	0.00516	0.00450
32	0.01113	0.00954	0.01113	0.00795	0.01272	0.00716	0.00636	0.01352	0.01113	0.01749	0.00954	0.01113	0.00795	0.00398	0.00398	0.00080	0.00398	0.00318	0.00318	0.84417
33	0.01149	0.01031	0.14748	0.00926	0.01218	0.00715	0.00855	0.03427	0.01354	0.16497	0.25419	0.18903	0.05300	0.01047	0.00607	0.00183	0.00425	0.05054	0.00511	0.00630

[dist]
# distance from previous block
# <min> <max>
0	1

[block]
# block no. 7 follows, 45 sequences, length 46
# corresponding to MSA columns:
# 201-246
name=unknown_H
#
# <colnr> <probs for GDERKNQSTAVLIFYWHMCP>
#	G	D	E	R	K	N	Q	S	T	A	V	L	I	F	Y	W	H	M	C	P
0	0.00662	0.00473	0.00632	0.00756	0.00791	0.00443	0.00512	0.00761	0.01035	0.01379	0.02954	0.78030	0.03533	0.01674	0.00687	0.00219	0.00318	0.04204	0.00498	0.00438
1	0.84927	0.01038	0.00789	0.00706	0.01038	0.01204	0.00581	0.01578	0.00914	0.02408	0.00747	0.00872	0.00581	0.00498	0.00332	0.00166	0.00415	0.00291	0.00332	0.00581
2	0.00654	0.00467	0.00623	0.00747	0.00779	0.00436	0.00498	0.00747	0.01028	0.01370	0.02959	0.80785	0.03550	0.01682	0.00685	0.00218	0.00311	0.01526	0.00498	0.00436
3	0.01994	0.01480	0.01585	0.01226	0.01647	0.01643	0.01009	0.71146	0.07451	0.03308	0.01348	0.01336	0.00961	0.00650	0.00538	0.00162	0.00580	0.00491	0.00538	0.00909
4	0.04561	0.02226	0.49980	0.01747	0.07337	0.01249	0.18065	0.01740	0.01179	0.05407	0.01040	0.01238	0.00748	0.00502	0.00533	0.00171	0.00776	0.00457	0.00264	0.00779
5	0.48254	0.01099	0.01052	0.03769	0.01296	0.01224	0.00728	0.19101	0.01372	0.10720	0.02748	0.01268	0.00898	0.03799	0.00513	0.00180	0.00473	0.00404	0.00418	0.00684
6	0.01411	0.76240	0.07823	0.00959	0.01440	0.02066	0.00989	0.01613	0.01094	0.01292	0.00761	0.00879	0.00688	0.00463	0.00355	0.00118	0.00589	0.00294	0.00229	0.00696
7	0.01329	0.01275	0.02179	0.03295	0.77787	0.01275	0.01647	0.01647	0.01222	0.01754	0.01010	0.01329	0.00850	0.00478	0.00531	0.00159	0.00638	0.00478	0.00266	0.00850
8	0.01215	0.01330	0.02752	0.18090	0.06120	0.01331	0.54779	0.01630	0.01209	0.01634	0.01042	0.01429	0.00792	0.00489	0.00651	0.00182	0.03776	0.00589	0.00263	0.00698
9	0.01002	0.00559	0.00643	0.10728	0.01021	0.00590	0.00519	0.01266	0.01119	0.01920	0.01648	0.01928	0.01291	0.00614	0.00396	0.00132	0.00310	0.00497	0.73303	0.00513
10	0.00634	0.00544	0.00544	0.00544	0.00725	0.00453	0.00408	0.00770	0.01224	0.01450	0.05438	0.05166	0.77569	0.01359	0.00634	0.00181	0.00272	0.01133	0.00498	0.00453
11	0.01014	0.00954	0.01610	0.79845	0.03697	0.01193	0.01491	0.01371	0.01073	0.01371	0.00954	0.01431	0.00716	0.00537	0.00537	0.00179	0.00716	0.00477	0.00239	0.00596
12	0.01473	0.76226	0.02727	0.00949	0.01396	0.07221	0.00926	0.01643	0.01119	0.01266	0.00752	0.00868	0.00689	0.00465	0.00354	0.00116	0.00600	0.00291	0.00233	0.00684
13	0.01014	0.00954	0.01610	0.79845	0.03697	0.01193	0.01491	0.01371	0.01073	0.01371	0.00954	0.01431	0.00716	0.00537	0.00537	0.00179	0.00716	0.00477	0.00239	0.00596
14	0.02019	0.01493	0.01599	0.01231	0.01656	0.01654	0.01015	0.73739	0.04817	0.03348	0.01316	0.01311	0.00935	0.00647	0.00537	0.00162	0.00586	0.00487	0.00537	0.00911
15	0.01642	0.01189	0.01282	0.01040	0.01352	0.01326	0.00840	0.44544	0.10923	0.02766	0.01485	0.01597	0.01126	0.03054	0.00624	0.00170	0.04228	0.00510	0.19525	0.00779
16	0.00634	0.00544	0.00544	0.00544	0.00725	0.00453	0.00408	0.00770	0.01224	0.01450	0.05438	0.05166	0.77569	0.01359	0.00634	0.00181	0.00272	0.01133	0.00498	0.00453
17	0.00865	0.00618	0.00865	0.00989	0.01112	0.00618	0.00865	0.01112	0.01236	0.01606	0.02842	0.06055	0.03089	0.01483	0.00741	0.00247	0.00494	0.74174	0.00494	0.00494
18	0.09717	0.00955	0.01224	0.00947	0.01356	0.00871	0.00783	0.06339	0.01532	0.67544	0.01953	0.01714	0.01241	0.00649	0.00521	0.00166	0.00460	0.00515	0.00628	0.00884
19	0.01018	0.00961	0.01611	0.77516	0.03629	0.01206	0.01481	0.01369	0.01066	0.01369	0.00947	0.01424	0.00715	0.00549	0.00573	0.00181	0.03074	0.00477	0.00238	0.00596
20	0.01174	0.01174	0.01644	0.01409	0.01409	0.01644	0.01174	0.01292	0.00822	0.01292	0.00705	0.01174	0.00705	0.00940	0.01762	0.00235	0.80153	0.00470	0.00235	0.00587
21	0.00728	0.00534	0.00596	0.00613	0.00691	0.00500	0.00410	0.00803	0.00993	0.01254	0.03216	0.08413	0.29601	0.41273	0.01695	0.00358	0.00417	0.07103	0.00412	0.00392
22	0.00767	0.00515	0.00590	0.00603	0.00607	0.00511	0.00344	0.00777	0.00808	0.01077	0.01832	0.12068	0.02129	0.72338	0.02506	0.00487	0.00497	0.00863	0.00344	0.00338
23	0.02398	0.00930	0.01256	0.00963	0.01378	0.00813	0.00795	0.04628	0.01563	0.76108	0.02095	0.01812	0.01317	0.00664	0.00540	0.00166	0.00460	0.00538	0.00661	0.00914
24	0.01435	0.81458	0.02813	0.00918	0.01378	0.02124	0.00918	0.01607	0.01091	0.01263	0.00746	0.00861	0.00689	0.00459	0.00344	0.00115	0.00574	0.00287	0.00230	0.00689
25	0.01293	0.01276	0.02287	0.09400	0.60017	0.01281	0.13216	0.01636	0.01217	0.01717	0.01017	0.01356	0.00834	0.00479	0.00548	0.00164	0.00686	0.00502	0.00264	0.00810
26	0.21911	0.01340	0.01307	0.01037	0.01436	0.05405	0.00845	0.38385	0.05797	0.02719	0.01128	0.01181	0.00841	0.00569	0.00463	0.00149	0.00528	0.00410	0.00440	0.14110
27	0.01129	0.14323	0.67268	0.01440	0.02185	0.01375	0.01827	0.01686	0.01127	0.01636	0.00931	0.01093	0.00681	0.00503	0.00486	0.00162	0.00761	0.00381	0.00227	0.00778
28	0.01265	0.39158	0.35753	0.01264	0.01866	0.01664	0.05276	0.01712	0.04675	0.01524	0.00926	0.01064	0.00736	0.00494	0.00441	0.00146	0.00680	0.00368	0.00245	0.00744
29	0.00776	0.00540	0.00684	0.00684	0.00718	0.00574	0.00448	0.00844	0.00810	0.01113	0.01602	0.03016	0.01736	0.53836	0.29736	0.00642	0.00845	0.00708	0.00312	0.00380
30	0.00651	0.00543	0.00568	0.00566	0.00736	0.00460	0.00423	0.00801	0.01257	0.01539	0.14667	0.06870	0.66409	0.01334	0.00635	0.00181	0.00270	0.01122	0.00510	0.00460
31	0.01814	0.09040	0.01890	0.01476	0.01803	0.56058	0.12516	0.03619	0.01442	0.01416	0.00868	0.01047	0.00715	0.00545	0.00542	0.00147	0.03744	0.00392	0.00276	0.00649
32	0.13942	0.01138	0.05265	0.02584	0.01474	0.01042	0.00878	0.15960	0.01600	0.48081	0.01687	0.01548	0.01100	0.00627	0.00508	0.00166	0.00498	0.00485	0.00562	0.00854
33	0.01256	0.01427	0.03102	0.05508	0.02843	0.01351	0.72727	0.01705	0.01259	0.01705	0.01080	0.01447	0.00810	0.00456	0.00629	0.00181	0.00897	0.00627	0.00270	0.00719
34	0.00757	0.00547	0.00715	0.00677	0.00801	0.00505	0.00506	0.01006	0.01507	0.02133	0.75638	0.05931	0.05027	0.01112	0.00634	0.00170	0.00255	0.00985	0.00589	0.00505
35	0.01967	0.07791	0.01607	0.01352	0.01641	0.73883	0.01029	0.02108	0.01493	0.01310	0.00824	0.00961	0.00691	0.00547	0.00475	0.00137	0.00942	0.00342	0.00273	0.00627
36	0.06081	0.00965	0.01218	0.00969	0.01360	0.00912	0.00791	0.02612	0.15745	0.60243	0.02066	0.01815	0.01352	0.00669	0.00531	0.00169	0.00449	0.00541	0.00626	0.00886
37	0.00666	0.00472	0.00619	0.00733	0.00761	0.00444	0.00482	0.00750	0.01005	0.01340	0.02842	0.73668	0.03403	0.08999	0.00874	0.00246	0.00331	0.01457	0.00482	0.00426
38	0.00654	0.00467	0.00623	0.00747	0.00779	0.00436	0.00498	0.00747	0.01028	0.01370	0.02959	0.80785	0.03550	0.01682	0.00685	0.00218	0.00311	0.01526	0.00498	0.00436
39	0.01462	0.01280	0.04626	0.01273	0.01507	0.01466	0.04173	0.29648	0.01526	0.02175	0.01087	0.01357	0.00884	0.00969	0.06209	0.00235	0.31715	0.00488	0.07208	0.00711
40	0.01986	0.01451	0.01553	0.01197	0.01611	0.01604	0.00987	0.72110	0.02451	0.03311	0.01313	0.01326	0.00937	0.00643	0.00529	0.00159	0.00573	0.00484	0.04883	0.00891
41	0.00654	0.00467	0.00623	0.00747	0.00779	0.00436	0.00498	0.00747	0.01028	0.01370	0.02959	0.80785	0.03550	0.01682	0.00685	0.00218	0.00311	0.01526	0.00498	0.00436
42	0.01351	0.63064	0.20473	0.01061	0.01599	0.01919	0.01167	0.01629	0.01101	0.01365	0.00797	0.00925	0.00687	0.00471	0.00383	0.00128	0.00625	0.00313	0.00229	0.00713
43	0.00634	0.00544	0.00544	0.00544	0.00725	0.00453	0.00408	0.00770	0.01224	0.01450	0.05438	0.05166	0.77569	0.01359	0.00634	0.00181	0.00272	0.01133	0.00498	0.00453
44	0.01403	0.74460	0.09532	0.00973	0.01462	0.02046	0.01013	0.01616	0.01094	0.01302	0.00766	0.00885	0.00688	0.00464	0.00359	0.00120	0.00594	0.00297	0.00229	0.00698
45	0.08394	0.10348	0.06493	0.01228	0.01590	0.33869	0.01029	0.19105	0.06542	0.01958	0.01025	0.01125	0.00806	0.00634	0.01805	0.00162	0.02426	0.00394	0.00350	0.00716

[dist]
# distance from previous block
# <min> <max>
0	4

[block]
# block no. 8 follows, 45 sequences, length 23
# corresponding to MSA columns:
# 251-273
name=unknown_I
#
# <colnr> <probs for GDERKNQSTAVLIFYWHMCP>
#	G	D	E	R	K	N	Q	S	T	A	V	L	I	F	Y	W	H	M	C	P
0	0.01146	0.01322	0.08160	0.36519	0.06901	0.05478	0.22483	0.01520	0.01170	0.01534	0.03234	0.04055	0.00964	0.00572	0.00596	0.00178	0.02687	0.00556	0.00269	0.00655
1	0.07158	0.00852	0.01014	0.00890	0.01154	0.00853	0.00712	0.08828	0.10632	0.23307	0.14246	0.05886	0.06581	0.05160	0.00694	0.00200	0.00423	0.10174	0.00548	0.00689
2	0.04098	0.01049	0.01743	0.55159	0.24761	0.01217	0.01503	0.01458	0.01110	0.01518	0.00963	0.01382	0.00749	0.00519	0.00528	0.00173	0.00683	0.00471	0.00250	0.00668
3	0.62585	0.01387	0.13709	0.03445	0.01373	0.04595	0.00868	0.01643	0.00998	0.04146	0.00829	0.00962	0.00626	0.00508	0.00380	0.00166	0.00513	0.00323	0.00318	0.00627
4	0.04535	0.01005	0.01179	0.00876	0.01295	0.00876	0.00708	0.04631	0.01136	0.01799	0.00934	0.01118	0.00782	0.00470	0.00547	0.00103	0.08932	0.00340	0.00319	0.68414
5	0.00898	0.00684	0.00911	0.00896	0.01061	0.00654	0.03347	0.06995	0.01298	0.01744	0.11551	0.28171	0.08187	0.01303	0.00657	0.00202	0.00408	0.23552	0.00489	0.06991
6	0.05784	0.01166	0.01361	0.04022	0.01503	0.08311	0.04872	0.01594	0.01151	0.10361	0.01033	0.01208	0.00819	0.00540	0.00647	0.00133	0.12808	0.00391	0.00336	0.41962
7	0.67464	0.01065	0.03385	0.10353	0.01402	0.01172	0.00739	0.01562	0.00974	0.03946	0.03300	0.01071	0.00763	0.00526	0.00377	0.00168	0.00460	0.00344	0.00333	0.00595
8	0.01225	0.01054	0.01744	0.44801	0.04443	0.01150	0.11774	0.04338	0.01194	0.07699	0.01072	0.01406	0.00800	0.00530	0.00566	0.00165	0.02931	0.00482	0.00300	0.12326
9	0.00815	0.00609	0.00773	0.00747	0.00804	0.00669	0.00525	0.02195	0.00895	0.01225	0.03248	0.03008	0.08743	0.40063	0.26658	0.00563	0.06988	0.00722	0.00331	0.00420
10	0.01268	0.01045	0.01474	0.27048	0.02215	0.01039	0.05483	0.09302	0.01276	0.06474	0.01062	0.01302	0.00813	0.00503	0.00516	0.00136	0.02596	0.00424	0.00331	0.35692
11	0.01077	0.02777	0.78354	0.01530	0.02323	0.01247	0.01983	0.01700	0.01133	0.01700	0.00963	0.01133	0.00680	0.00510	0.00510	0.00170	0.00793	0.00397	0.00227	0.00793
12	0.00725	0.00514	0.00687	0.00800	0.00854	0.00495	0.00585	0.00853	0.01063	0.01406	0.02808	0.52643	0.03272	0.09028	0.00892	0.00254	0.00382	0.21816	0.00481	0.00442
13	0.01133	0.12418	0.64916	0.01521	0.04171	0.01359	0.03944	0.01688	0.01134	0.01648	0.00941	0.01114	0.00689	0.00501	0.00494	0.00163	0.00765	0.00392	0.00229	0.00780
14	0.12118	0.21276	0.28857	0.01394	0.01950	0.09216	0.14809	0.01710	0.01157	0.01651	0.00892	0.01074	0.00695	0.00490	0.00467	0.00155	0.00729	0.00394	0.00254	0.00711
15	0.00756	0.00565	0.00840	0.00852	0.00942	0.00649	0.00655	0.00939	0.00878	0.01258	0.01579	0.09438	0.01548	0.03807	0.71711	0.00803	0.01333	0.00664	0.00307	0.00475
16	0.00932	0.00466	0.00699	0.00699	0.00699	0.00466	0.00466	0.00699	0.00699	0.00932	0.00932	0.01632	0.00932	0.01865	0.02098	0.84382	0.00466	0.00466	0.00233	0.00233
17	0.11276	0.02214	0.01488	0.01474	0.08671	0.60032	0.01035	0.02060	0.04267	0.01513	0.00888	0.01030	0.00730	0.00547	0.00474	0.00145	0.00854	0.00362	0.00292	0.00647
18	0.01216	0.05749	0.57275	0.01584	0.02275	0.09736	0.11362	0.01747	0.01191	0.01643	0.00956	0.01145	0.00699	0.00505	0.00516	0.00166	0.00818	0.00417	0.00238	0.00762
19	0.09638	0.01382	0.01455	0.01145	0.01539	0.01534	0.00939	0.59252	0.08266	0.03136	0.05334	0.01451	0.01159	0.00661	0.00524	0.00164	0.00543	0.00501	0.00521	0.00855
20	0.01215	0.01351	0.02522	0.01865	0.02290	0.07394	0.54851	0.01564	0.01227	0.01591	0.01451	0.05993	0.05108	0.08090	0.00820	0.00211	0.00809	0.00698	0.00301	0.00649
21	0.27573	0.02314	0.01184	0.00950	0.01275	0.03113	0.00781	0.11415	0.01390	0.28736	0.06903	0.01520	0.01229	0.00664	0.00601	0.00171	0.08492	0.00471	0.00480	0.00737
22	0.08169	0.00976	0.01231	0.01045	0.01340	0.04842	0.07745	0.09208	0.01456	0.21695	0.09655	0.05764	0.08267	0.00922	0.00591	0.00185	0.00502	0.15223	0.00508	0.00676

[dist]
# distance from previous block
# <min> <max>
0	12

[block]
# block no. 9 follows, 45 sequences, length 12
# corresponding to MSA columns:
# 286-297
name=unknown_J
#
# <colnr> <probs for GDERKNQSTAVLIFYWHMCP>
#	G	D	E	R	K	N	Q	S	T	A	V	L	I	F	Y	W	H	M	C	P
0	0.03566	0.00867	0.01139	0.01050	0.07068	0.00792	0.00757	0.03442	0.03408	0.28343	0.13771	0.11514	0.02013	0.00794	0.00570	0.00157	0.02445	0.00672	0.00509	0.17125
1	0.09055	0.01055	0.05210	0.00994	0.01378	0.00949	0.00852	0.02282	0.07738	0.48889	0.03447	0.01678	0.01259	0.00662	0.00608	0.00168	0.06590	0.00507	0.00547	0.06132
2	0.01467	0.61289	0.09969	0.01016	0.01487	0.06342	0.01020	0.01761	0.05513	0.04530	0.00912	0.01000	0.00769	0.00494	0.00388	0.00128	0.00605	0.00330	0.00268	0.00714
3	0.34300	0.04124	0.08692	0.09428	0.10009	0.06788	0.11260	0.04285	0.01154	0.04058	0.00925	0.01128	0.00708	0.00507	0.00456	0.00165	0.00624	0.00404	0.00306	0.00678
4	0.00932	0.00466	0.00699	0.00699	0.00699	0.00466	0.00466	0.00699	0.00699	0.00932	0.00932	0.01632	0.00932	0.01865	0.02098	0.84382	0.00466	0.00466	0.00233	0.00233
5	0.01259	0.00666	0.00837	0.00727	0.00964	0.00582	0.00569	0.01462	0.01435	0.26720	0.31091	0.03648	0.25814	0.01036	0.00603	0.00172	0.00325	0.00879	0.00587	0.00623
6	0.01751	0.06233	0.06466	0.01232	0.01638	0.10153	0.06735	0.16378	0.23541	0.17850	0.01599	0.01548	0.01149	0.00628	0.00528	0.00165	0.00594	0.00510	0.00478	0.00826
7	0.01127	0.13816	0.67755	0.01444	0.02191	0.01370	0.01834	0.01687	0.01127	0.01639	0.00933	0.01095	0.00681	0.00503	0.00487	0.00162	0.00763	0.00381	0.00227	0.00779
8	0.00778	0.00532	0.00645	0.00645	0.00666	0.00553	0.00400	0.00819	0.00798	0.01085	0.01637	0.03209	0.01820	0.64467	0.19221	0.00594	0.00719	0.00736	0.00317	0.00359
9	0.15723	0.08403	0.01513	0.04384	0.01526	0.16800	0.00961	0.14343	0.04676	0.09229	0.01049	0.01184	0.00816	0.00645	0.00719	0.00170	0.16379	0.00414	0.00365	0.00700
10	0.01317	0.01433	0.02814	0.04344	0.08863	0.04132	0.58280	0.05980	0.01332	0.01783	0.01137	0.03892	0.00902	0.00510	0.00613	0.00178	0.00843	0.00625	0.00293	0.00729
11	0.01322	0.01472	0.02223	0.01728	0.02004	0.13430	0.33109	0.01580	0.01119	0.01465	0.00939	0.01381	0.00814	0.04826	0.01131	0.00212	0.29808	0.00537	0.00262	0.00638

[dist]
# distance from previous block
# <min> <max>
1	15

[block]
# block no. 10 follows, 45 sequences, length 24
# corresponding to MSA columns:
# 313-336
name=unknown_K
#
# <colnr> <probs for GDERKNQSTAVLIFYWHMCP>
#	G	D	E	R	K	N	Q	S	T	A	V	L	I	F	Y	W	H	M	C	P
0	0.33775	0.08073	0.03497	0.00877	0.01249	0.09657	0.00737	0.03456	0.01162	0.11423	0.02794	0.01235	0.00901	0.03629	0.00497	0.00157	0.00507	0.00375	0.00363	0.15636
1	0.12485	0.29747	0.09023	0.01163	0.01605	0.15196	0.07527	0.04709	0.01274	0.11228	0.01004	0.01095	0.00774	0.00518	0.00440	0.00145	0.00658	0.00377	0.00321	0.00713
2	0.01150	0.00973	0.01207	0.01027	0.07950	0.00776	0.00734	0.01389	0.01125	0.03436	0.01031	0.03157	0.00880	0.00453	0.00445	0.00095	0.01883	0.00370	0.00324	0.71596
3	0.09168	0.21688	0.18670	0.01339	0.01815	0.24524	0.10549	0.01821	0.01244	0.03317	0.00893	0.01049	0.00708	0.00506	0.00461	0.00148	0.00763	0.00378	0.00268	0.00692
4	0.24160	0.04092	0.02788	0.00940	0.01304	0.02322	0.00792	0.12349	0.02878	0.31375	0.01502	0.01579	0.01080	0.00923	0.07337	0.00227	0.00570	0.02537	0.00486	0.00758
5	0.00932	0.00466	0.00699	0.00699	0.00699	0.00466	0.00466	0.00699	0.00699	0.00932	0.00932	0.01632	0.00932	0.01865	0.02098	0.84382	0.00466	0.00466	0.00233	0.00233
6	0.02123	0.00851	0.01151	0.00904	0.01271	0.00739	0.00738	0.02335	0.01525	0.65158	0.12954	0.02233	0.04018	0.00746	0.00556	0.00167	0.00423	0.00618	0.00649	0.00843
7	0.01376	0.11717	0.08868	0.01574	0.01906	0.16717	0.21758	0.01640	0.01147	0.01448	0.00911	0.02889	0.00790	0.00648	0.00890	0.00180	0.24143	0.00484	0.00257	0.00659
8	0.01702	0.01837	0.24919	0.01299	0.01824	0.01469	0.01288	0.48746	0.02020	0.04567	0.01274	0.04318	0.00953	0.00644	0.00535	0.00166	0.00638	0.00498	0.00444	0.00858
9	0.00780	0.00522	0.00596	0.00596	0.00599	0.00526	0.00338	0.00787	0.00784	0.01049	0.01682	0.03460	0.01929	0.78245	0.05591	0.00533	0.00555	0.00773	0.00324	0.00331
10	0.01132	0.12488	0.60831	0.01501	0.02218	0.01352	0.08275	0.01677	0.01147	0.01655	0.02403	0.01181	0.00776	0.00510	0.00502	0.00164	0.00765	0.00415	0.00238	0.00769
11	0.01500	0.01476	0.02431	0.12076	0.03714	0.11047	0.42199	0.08299	0.01407	0.08764	0.01148	0.01404	0.00842	0.00513	0.00584	0.00172	0.00816	0.00553	0.00327	0.00730
12	0.01157	0.01321	0.05570	0.01984	0.04302	0.01199	0.56515	0.01547	0.01215	0.01656	0.01398	0.13626	0.01278	0.00676	0.00657	0.00188	0.02266	0.02458	0.00309	0.00678
13	0.01129	0.01125	0.01726	0.01440	0.01521	0.01472	0.10470	0.01299	0.00884	0.01339	0.00855	0.01339	0.00807	0.01310	0.12409	0.00316	0.59217	0.00505	0.00247	0.00589
14	0.56451	0.08236	0.01117	0.00855	0.01193	0.08435	0.00703	0.04581	0.10566	0.02224	0.00955	0.01037	0.00746	0.00534	0.00382	0.00161	0.00487	0.00342	0.00353	0.00641
15	0.19905	0.00915	0.01065	0.00850	0.01217	0.00859	0.00692	0.03540	0.02590	0.39358	0.09984	0.01825	0.02986	0.00656	0.00489	0.00156	0.00417	0.00516	0.00532	0.11449
16	0.06542	0.11674	0.08667	0.01295	0.01649	0.53986	0.02221	0.03378	0.01409	0.01454	0.00943	0.01072	0.02405	0.00553	0.00468	0.00142	0.00851	0.00365	0.00280	0.00647
17	0.64450	0.01285	0.00981	0.00855	0.01192	0.11016	0.00692	0.10694	0.01185	0.02390	0.00824	0.00935	0.00635	0.00523	0.00376	0.00162	0.00506	0.00321	0.00350	0.00627
18	0.00932	0.00466	0.00699	0.00699	0.00699	0.00466	0.00466	0.00699	0.00699	0.00932	0.00932	0.01632	0.00932	0.01865	0.02098	0.84382	0.00466	0.00466	0.00233	0.00233
19	0.09903	0.00913	0.01186	0.00923	0.01321	0.00817	0.00760	0.02467	0.01479	0.68649	0.04549	0.01814	0.01387	0.00664	0.00524	0.00166	0.00446	0.00532	0.00631	0.00869
20	0.01969	0.08879	0.01653	0.01191	0.01595	0.11308	0.00982	0.48947	0.06819	0.09392	0.01310	0.01301	0.00946	0.00623	0.00514	0.00156	0.00614	0.00461	0.00488	0.00852
21	0.01140	0.02332	0.53214	0.01775	0.02484	0.01284	0.26678	0.01706	0.01178	0.01706	0.01004	0.01239	0.00725	0.00491	0.00551	0.00174	0.00831	0.00476	0.00242	0.00770
22	0.00791	0.00533	0.00621	0.00636	0.00652	0.00533	0.00393	0.00822	0.00838	0.01112	0.01836	0.03832	0.02094	0.71143	0.02482	0.00486	0.00517	0.09987	0.00346	0.00346
23	0.08868	0.03763	0.52098	0.01525	0.02202	0.01312	0.12613	0.08182	0.01254	0.01907	0.00986	0.01164	0.00711	0.00511	0.00511	0.00169	0.00753	0.00427	0.00270	0.00772

[dist]
# distance from previous block
# <min> <max>
7	11

[block]
# block no. 11 follows, 45 sequences, length 31
# corresponding to MSA columns:
# 348-378
name=unknown_L
#
# <colnr> <probs for GDERKNQSTAVLIFYWHMCP>
#	G	D	E	R	K	N	Q	S	T	A	V	L	I	F	Y	W	H	M	C	P
0	0.01027	0.00674	0.00894	0.00930	0.01097	0.00655	0.00780	0.02492	0.03824	0.08774	0.04562	0.10229	0.04873	0.04714	0.00773	0.00235	0.00462	0.48349	0.00501	0.04154
1	0.11518	0.01000	0.01519	0.55942	0.03005	0.01187	0.04114	0.04715	0.02971	0.05593	0.02808	0.01450	0.00865	0.00557	0.00518	0.00176	0.00649	0.00478	0.00302	0.00633
2	0.51382	0.06815	0.01199	0.00927	0.01247	0.08287	0.00767	0.12913	0.01216	0.02276	0.00833	0.00971	0.00660	0.00564	0.00511	0.00166	0.07941	0.00341	0.00342	0.00643
3	0.20721	0.00929	0.01185	0.02927	0.04148	0.00922	0.04025	0.04679	0.01347	0.32742	0.06620	0.02377	0.01617	0.00769	0.00535	0.00180	0.00478	0.12565	0.00510	0.00725
4	0.01780	0.16609	0.05112	0.01345	0.01675	0.52271	0.04521	0.03224	0.01391	0.01374	0.00833	0.00996	0.00701	0.00555	0.00545	0.00144	0.05649	0.00360	0.00268	0.00649
5	0.00771	0.00575	0.00721	0.00788	0.00912	0.00543	0.00638	0.00953	0.01193	0.01523	0.07560	0.09592	0.25379	0.08867	0.00886	0.00247	0.00407	0.37494	0.00485	0.00464
6	0.06814	0.01243	0.03493	0.08512	0.01797	0.04457	0.09083	0.20867	0.01578	0.14955	0.02798	0.01552	0.01052	0.00592	0.00515	0.00153	0.00578	0.03026	0.00428	0.16504
7	0.01946	0.02311	0.01540	0.04742	0.01742	0.63159	0.01058	0.12137	0.01621	0.01597	0.00894	0.01037	0.00723	0.00575	0.00526	0.00146	0.02904	0.00373	0.00309	0.00660
8	0.00688	0.00509	0.00642	0.00721	0.00800	0.00469	0.00516	0.00819	0.01127	0.01474	0.10346	0.47540	0.18250	0.04376	0.00750	0.00220	0.00326	0.09479	0.00500	0.00449
9	0.02361	0.00989	0.01292	0.00991	0.01408	0.00901	0.00819	0.12010	0.01663	0.68585	0.02012	0.01758	0.01276	0.00662	0.00539	0.00165	0.00474	0.00533	0.00648	0.00913
10	0.06182	0.00984	0.01265	0.00974	0.01387	0.00905	0.00805	0.10672	0.01617	0.66399	0.01963	0.01723	0.01248	0.00654	0.00530	0.00166	0.00470	0.00522	0.00635	0.00898
11	0.00846	0.00617	0.00833	0.00940	0.01062	0.00617	0.00794	0.01122	0.04462	0.01595	0.02947	0.15995	0.06457	0.01472	0.00721	0.00237	0.00456	0.57831	0.00497	0.00500
12	0.01090	0.02685	0.73184	0.01580	0.02356	0.01254	0.07062	0.01701	0.01142	0.01701	0.00972	0.01155	0.00689	0.00506	0.00518	0.00171	0.00801	0.00413	0.00230	0.00789
13	0.01267	0.01448	0.03167	0.02262	0.02805	0.01357	0.75837	0.01719	0.01267	0.01719	0.01086	0.01448	0.00814	0.00452	0.00633	0.00181	0.00905	0.00633	0.00271	0.00724
14	0.01483	0.01227	0.01297	0.01122	0.01452	0.01404	0.00885	0.18176	0.61253	0.02484	0.01997	0.01853	0.01487	0.00711	0.00544	0.00178	0.00460	0.00581	0.00544	0.00863
15	0.01037	0.01000	0.01755	0.72607	0.03614	0.01208	0.08427	0.01404	0.01091	0.01404	0.00966	0.01433	0.00725	0.00529	0.00546	0.00179	0.00733	0.00492	0.00242	0.00608
16	0.01146	0.00874	0.01190	0.01365	0.12226	0.00903	0.01006	0.14826	0.01468	0.01951	0.02296	0.04508	0.02371	0.01186	0.00674	0.00219	0.00532	0.50169	0.00469	0.00622
