[name]
unknown

[dist]
# distance from previous block
# <min> <max>
0	56

[block]
# block no. 0 follows, 48 sequences, length 79
# corresponding to MSA columns:
# 59-137
name=unknown_A
#
# <colnr> <probs for GDERKNQSTAVLIFYWHMCP>
#	G	D	E	R	K	N	Q	S	T	A	V	L	I	F	Y	W	H	M	C	P
0	0.07241	0.00958	0.01490	0.41591	0.12051	0.01101	0.03157	0.02998	0.01094	0.10309	0.01121	0.03966	0.00898	0.00621	0.00618	0.01867	0.06006	0.01980	0.00303	0.00629
1	0.03429	0.03412	0.07522	0.21291	0.37429	0.01170	0.03239	0.04562	0.01192	0.04898	0.04229	0.01494	0.00998	0.00534	0.00510	0.00160	0.00610	0.02311	0.00290	0.00719
2	0.03881	0.01786	0.33146	0.01885	0.21149	0.01197	0.12455	0.06447	0.03026	0.05702	0.01108	0.01391	0.00853	0.00524	0.00516	0.00163	0.00679	0.03040	0.00291	0.00760
3	0.06730	0.01238	0.04585	0.02346	0.49329	0.04345	0.02741	0.05699	0.01249	0.09241	0.01226	0.04195	0.02210	0.00560	0.00507	0.00157	0.00581	0.01973	0.00324	0.00766
4	0.06500	0.01321	0.12721	0.01857	0.18672	0.01109	0.25733	0.03830	0.01161	0.03498	0.01318	0.13475	0.01216	0.00672	0.00581	0.00173	0.02612	0.02562	0.00310	0.00679
5	0.01413	0.01314	0.05688	0.06823	0.41317	0.05200	0.04948	0.11152	0.02859	0.07941	0.01187	0.02662	0.02157	0.00546	0.00543	0.00158	0.02506	0.00488	0.00326	0.00773
6	0.01287	0.01259	0.02040	0.05501	0.73299	0.04393	0.01546	0.01586	0.01175	0.01648	0.00957	0.01259	0.00803	0.00462	0.00506	0.00152	0.00625	0.00452	0.00254	0.00796
7	0.01326	0.01316	0.01932	0.04335	0.63838	0.09321	0.01448	0.03684	0.01242	0.01685	0.04266	0.01345	0.00968	0.00495	0.00508	0.00151	0.00627	0.00464	0.00275	0.00773
8	0.08495	0.01042	0.01281	0.01155	0.09035	0.04297	0.00845	0.08901	0.03338	0.49778	0.01643	0.01519	0.01091	0.00588	0.00491	0.00153	0.00480	0.00470	0.00527	0.04871
9	0.04663	0.01199	0.02010	0.05809	0.72952	0.01214	0.01528	0.01563	0.01151	0.01689	0.00953	0.01256	0.00798	0.00460	0.00500	0.00153	0.00604	0.00450	0.00256	0.00794
10	0.01921	0.01435	0.01600	0.01220	0.01635	0.01579	0.04040	0.74012	0.02364	0.03170	0.01224	0.01238	0.00869	0.00609	0.00517	0.00155	0.00577	0.00468	0.00503	0.00865
11	0.82617	0.00988	0.00770	0.00683	0.01004	0.01137	0.00563	0.01544	0.00894	0.05046	0.00761	0.00866	0.00581	0.00482	0.00325	0.00159	0.00398	0.00286	0.00329	0.00567
12	0.85592	0.00992	0.00754	0.00675	0.00992	0.01151	0.00556	0.01508	0.00873	0.02302	0.00714	0.00834	0.00556	0.00476	0.00318	0.00159	0.00397	0.00278	0.00318	0.00556
13	0.00746	0.00497	0.00560	0.00560	0.00560	0.00497	0.00311	0.00746	0.00746	0.00995	0.01617	0.03358	0.01865	0.81967	0.02612	0.00497	0.00497	0.00746	0.00311	0.00311
14	0.01029	0.02654	0.79309	0.01462	0.02221	0.01192	0.01896	0.01625	0.01083	0.01625	0.00921	0.01083	0.00650	0.00487	0.00487	0.00162	0.00758	0.00379	0.00217	0.00758
15	0.01902	0.01413	0.01513	0.01171	0.01573	0.01569	0.00964	0.71710	0.07837	0.03156	0.01294	0.01281	0.00922	0.00622	0.00514	0.00155	0.00553	0.00470	0.00514	0.00868
16	0.00674	0.00480	0.00645	0.00759	0.00807	0.00458	0.00547	0.00792	0.01017	0.01348	0.02760	0.62240	0.03242	0.04491	0.00738	0.00225	0.00343	0.17542	0.00469	0.00425
17	0.62004	0.01346	0.00954	0.03747	0.01230	0.20453	0.00694	0.01634	0.01021	0.02010	0.00741	0.00875	0.00586	0.00490	0.00360	0.00153	0.00537	0.00297	0.00301	0.00566
18	0.00630	0.00448	0.00594	0.00709	0.00738	0.00420	0.00470	0.00716	0.00974	0.01298	0.02784	0.78784	0.03338	0.04532	0.00726	0.00219	0.00305	0.01433	0.00470	0.00413
19	0.08108	0.01198	0.01180	0.00958	0.01273	0.05972	0.00774	0.44724	0.03183	0.02645	0.01429	0.01490	0.03779	0.00622	0.00462	0.00146	0.00483	0.00468	0.20384	0.00721
20	0.01142	0.01225	0.14290	0.00937	0.01373	0.00883	0.00863	0.13519	0.01263	0.01850	0.01187	0.09243	0.01067	0.03218	0.01926	0.00143	0.00487	0.00476	0.00340	0.44567
21	0.01615	0.06771	0.19875	0.01285	0.01694	0.48993	0.01170	0.03912	0.01341	0.01425	0.00840	0.00976	0.00671	0.00505	0.00456	0.00135	0.00815	0.00340	0.00260	0.06921
22	0.00756	0.00533	0.00686	0.00643	0.00774	0.00487	0.00484	0.00989	0.01432	0.03906	0.71091	0.03865	0.10306	0.01058	0.00603	0.00162	0.00248	0.00929	0.00560	0.00490
23	0.00739	0.00525	0.00698	0.00698	0.00746	0.00573	0.00484	0.00835	0.00787	0.01098	0.01490	0.02655	0.01560	0.41074	0.43087	0.00669	0.00956	0.00643	0.00292	0.00388
24	0.03093	0.01133	0.01546	0.60601	0.06236	0.11711	0.03387	0.01418	0.01090	0.01351	0.00950	0.03516	0.00761	0.00540	0.00508	0.00166	0.00701	0.00467	0.00244	0.00582
25	0.59208	0.00955	0.00892	0.00750	0.01093	0.01025	0.00619	0.01823	0.01062	0.26637	0.01129	0.01123	0.00782	0.00527	0.00380	0.00159	0.00409	0.00353	0.00418	0.00656
26	0.00662	0.00522	0.00597	0.00578	0.00727	0.00457	0.00434	0.00844	0.01301	0.01699	0.39309	0.04424	0.44252	0.01183	0.00606	0.00168	0.00252	0.01011	0.00518	0.00457
27	0.01187	0.01134	0.01932	0.24589	0.57977	0.01197	0.01533	0.01502	0.01129	0.01575	0.00950	0.01297	0.00777	0.00473	0.00509	0.00158	0.00630	0.00457	0.00247	0.00746
28	0.01097	0.01074	0.01656	0.47726	0.18983	0.04409	0.01388	0.01384	0.01033	0.01373	0.00878	0.01288	0.00709	0.00567	0.00708	0.00175	0.14249	0.00450	0.00234	0.00621
29	0.01270	0.01219	0.02083	0.03149	0.78767	0.01219	0.01575	0.01575	0.01168	0.01676	0.00965	0.01270	0.00813	0.00457	0.00508	0.00152	0.00610	0.00457	0.00254	0.00813
30	0.85592	0.00992	0.00754	0.00675	0.00992	0.01151	0.00556	0.01508	0.00873	0.02302	0.00714	0.00834	0.00556	0.00476	0.00318	0.00159	0.00397	0.00278	0.00318	0.00556
31	0.00733	0.00550	0.00825	0.00825	0.00916	0.00641	0.00641	0.00916	0.00825	0.01191	0.01374	0.02016	0.01283	0.03848	0.79934	0.00825	0.01374	0.00550	0.00275	0.00458
32	0.01145	0.01075	0.01805	0.44176	0.31343	0.01201	0.04680	0.05590	0.01163	0.01567	0.00955	0.01325	0.00746	0.00494	0.00515	0.00163	0.00658	0.00463	0.00255	0.00682
33	0.00720	0.00525	0.00681	0.00644	0.00767	0.00486	0.00484	0.00955	0.01421	0.02000	0.72712	0.03837	0.08411	0.01139	0.02803	0.00180	0.00274	0.00925	0.00552	0.00481
34	0.01064	0.00912	0.01064	0.00760	0.01216	0.00684	0.00608	0.01292	0.01064	0.01672	0.00912	0.01064	0.00760	0.00380	0.00380	0.00076	0.00380	0.00304	0.00304	0.85104
35	0.01276	0.01102	0.01160	0.01044	0.01334	0.01276	0.00812	0.02727	0.77840	0.02146	0.02088	0.01914	0.01566	0.00696	0.00522	0.00174	0.00406	0.00580	0.00522	0.00812
36	0.01064	0.00912	0.01064	0.00760	0.01216	0.00684	0.00608	0.01292	0.01064	0.01672	0.00912	0.01064	0.00760	0.00380	0.00380	0.00076	0.00380	0.00304	0.00304	0.85104
37	0.00606	0.00520	0.00520	0.00520	0.00693	0.00433	0.00390	0.00736	0.01170	0.01386	0.05198	0.04938	0.78558	0.01299	0.00606	0.00173	0.00260	0.01083	0.00476	0.00433
38	0.01211	0.01384	0.03028	0.02163	0.02682	0.01298	0.76903	0.01644	0.01211	0.01644	0.01038	0.01384	0.00779	0.00433	0.00606	0.00173	0.00865	0.00606	0.00260	0.00692
39	0.00969	0.00912	0.01539	0.80734	0.03534	0.01140	0.01425	0.01311	0.01026	0.01311	0.00912	0.01368	0.00684	0.00513	0.00513	0.00171	0.00684	0.00456	0.00228	0.00570
40	0.01270	0.01219	0.02083	0.03149	0.78767	0.01219	0.01575	0.01575	0.01168	0.01676	0.00965	0.01270	0.00813	0.00457	0.00508	0.00152	0.00610	0.00457	0.00254	0.00813
41	0.01411	0.01072	0.01164	0.01027	0.01331	0.01208	0.00805	0.02697	0.67819	0.12247	0.02080	0.01892	0.01527	0.00688	0.00521	0.00172	0.00410	0.00572	0.00537	0.00820
42	0.00806	0.00576	0.00803	0.00922	0.01031	0.00573	0.00791	0.01028	0.01161	0.01513	0.02728	0.13492	0.02998	0.01437	0.00703	0.00233	0.00455	0.67811	0.00473	0.00467
43	0.01064	0.00912	0.01064	0.00760	0.01216	0.00684	0.00608	0.01292	0.01064	0.01672	0.00912	0.01064	0.00760	0.00380	0.00380	0.00076	0.00380	0.00304	0.00304	0.85104
44	0.00631	0.00457	0.00612	0.02240	0.00796	0.00431	0.00493	0.00726	0.00987	0.01311	0.02841	0.78504	0.04904	0.01580	0.00651	0.00207	0.00304	0.01432	0.00472	0.00420
45	0.00612	0.00520	0.00527	0.00525	0.00696	0.00435	0.00394	0.00746	0.01182	0.01415	0.08329	0.04891	0.75409	0.01289	0.00606	0.00173	0.00259	0.01076	0.00480	0.00435
46	0.00634	0.00453	0.00605	0.00724	0.00758	0.00424	0.00491	0.00729	0.00991	0.01319	0.02823	0.78393	0.03375	0.01599	0.00657	0.00210	0.00305	0.04614	0.00476	0.00419
47	0.02110	0.01182	0.01382	0.01059	0.01464	0.01212	0.00875	0.43319	0.01985	0.37574	0.01590	0.01465	0.01052	0.00625	0.00515	0.00156	0.00507	0.00486	0.00568	0.00873
48	0.85592	0.00992	0.00754	0.00675	0.00992	0.01151	0.00556	0.01508	0.00873	0.02302	0.00714	0.00834	0.00556	0.00476	0.00318	0.00159	0.00397	0.00278	0.00318	0.00556
49	0.01365	0.00910	0.01018	0.00888	0.01092	0.07820	0.00695	0.07741	0.01327	0.21156	0.15731	0.09631	0.06292	0.03565	0.06115	0.00222	0.08564	0.00690	0.04560	0.00615
50	0.01372	0.82276	0.02689	0.00878	0.01317	0.02030	0.00878	0.01536	0.01043	0.01207	0.00713	0.00823	0.00658	0.00439	0.00329	0.00110	0.00549	0.00274	0.00219	0.00658
51	0.00719	0.00524	0.00676	0.00638	0.00762	0.00481	0.00479	0.00955	0.01436	0.02019	0.74283	0.03896	0.09079	0.01063	0.00605	0.00162	0.00243	0.00937	0.00560	0.00481
52	0.00992	0.00583	0.00771	0.00691	0.00858	0.00530	0.00530	0.01227	0.01455	0.15074	0.65580	0.03480	0.04238	0.00979	0.00590	0.00161	0.00275	0.00858	0.00577	0.00550
53	0.04446	0.00876	0.01180	0.00907	0.01302	0.00764	0.00749	0.02475	0.01453	0.77144	0.01991	0.01723	0.01252	0.00631	0.00511	0.00159	0.00436	0.00510	0.00627	0.00865
54	0.00827	0.00591	0.00827	0.00945	0.01063	0.00591	0.00827	0.01063	0.01181	0.01536	0.02717	0.05788	0.02953	0.01417	0.00709	0.00236	0.00472	0.75313	0.00472	0.00472
55	0.02302	0.00873	0.01191	0.00913	0.01310	0.00754	0.00754	0.02501	0.01469	0.79122	0.02024	0.01746	0.01270	0.00635	0.00516	0.00159	0.00437	0.00516	0.00635	0.00873
56	0.00969	0.00912	0.01539	0.80734	0.03534	0.01140	0.01425	0.01311	0.01026	0.01311	0.00912	0.01368	0.00684	0.00513	0.00513	0.00171	0.00684	0.00456	0.00228	0.00570
57	0.01276	0.01102	0.01160	0.01044	0.01334	0.01276	0.00812	0.02727	0.77840	0.02146	0.02088	0.01914	0.01566	0.00696	0.00522	0.00174	0.00406	0.00580	0.00522	0.00812
58	0.85592	0.00992	0.00754	0.00675	0.00992	0.01151	0.00556	0.01508	0.00873	0.02302	0.00714	0.00834	0.00556	0.00476	0.00318	0.00159	0.00397	0.00278	0.00318	0.00556
59	0.01951	0.01437	0.01540	0.01181	0.01591	0.01591	0.00975	0.77056	0.02412	0.03234	0.01232	0.01232	0.00873	0.00616	0.00513	0.00154	0.00565	0.00462	0.00513	0.00873
60	0.85592	0.00992	0.00754	0.00675	0.00992	0.01151	0.00556	0.01508	0.00873	0.02302	0.00714	0.00834	0.00556	0.00476	0.00318	0.00159	0.00397	0.00278	0.00318	0.00556
61	0.01270	0.01219	0.02083	0.03149	0.78767	0.01219	0.01575	0.01575	0.01168	0.01676	0.00965	0.01270	0.00813	0.00457	0.00508	0.00152	0.00610	0.00457	0.00254	0.00813
62	0.01276	0.01102	0.01160	0.01044	0.01334	0.01276	0.00812	0.02727	0.77840	0.02146	0.02088	0.01914	0.01566	0.00696	0.00522	0.00174	0.00406	0.00580	0.00522	0.00812
63	0.02302	0.00873	0.01191	0.00913	0.01310	0.00754	0.00754	0.02501	0.01469	0.79122	0.02024	0.01746	0.01270	0.00635	0.00516	0.00159	0.00437	0.00516	0.00635	0.00873
64	0.02302	0.00873	0.01191	0.00913	0.01310	0.00754	0.00754	0.02501	0.01469	0.79122	0.02024	0.01746	0.01270	0.00635	0.00516	0.00159	0.00437	0.00516	0.00635	0.00873
65	0.00746	0.00498	0.00564	0.00562	0.00566	0.00497	0.00316	0.00753	0.00769	0.01029	0.04065	0.03373	0.01960	0.79391	0.02548	0.00487	0.00489	0.00752	0.00319	0.00316
66	0.00625	0.00447	0.00595	0.00714	0.00744	0.00417	0.00476	0.00714	0.00982	0.01310	0.02828	0.81633	0.03394	0.01608	0.00655	0.00208	0.00298	0.01459	0.00476	0.00417
67	0.00681	0.00514	0.00629	0.00619	0.00744	0.00462	0.00457	0.00874	0.01318	0.01782	0.49138	0.13414	0.25123	0.01185	0.00611	0.00170	0.00254	0.01034	0.00530	0.00462
68	0.01064	0.00912	0.01064	0.00760	0.01216	0.00684	0.00608	0.01292	0.01064	0.01672	0.00912	0.01064	0.00760	0.00380	0.00380	0.00076	0.00380	0.00304	0.00304	0.85104
69	0.00827	0.00591	0.00827	0.00945	0.01063	0.00591	0.00827	0.01063	0.01181	0.01536	0.02717	0.05788	0.02953	0.01417	0.00709	0.00236	0.00472	0.75313	0.00472	0.00472
70	0.00626	0.00459	0.00583	0.00680	0.00731	0.00422	0.00458	0.00719	0.01003	0.01311	0.03149	0.67490	0.14763	0.04120	0.00710	0.00212	0.00298	0.01379	0.00471	0.00416
71	0.01108	0.02156	0.49323	0.01636	0.02244	0.03049	0.21975	0.01601	0.01097	0.01583	0.00925	0.01165	0.00687	0.00514	0.00637	0.00171	0.08737	0.00446	0.00230	0.00717
72	0.01118	0.01064	0.01808	0.42353	0.40752	0.01179	0.01499	0.01441	0.01096	0.01492	0.00938	0.01319	0.00748	0.00485	0.00511	0.00162	0.00647	0.00457	0.00241	0.00690
73	0.00625	0.00447	0.00595	0.00714	0.00744	0.00417	0.00476	0.00714	0.00982	0.01310	0.02828	0.81633	0.03394	0.01608	0.00655	0.00208	0.00298	0.01459	0.00476	0.00417
74	0.01222	0.01244	0.01842	0.27441	0.34966	0.10469	0.08009	0.01526	0.01168	0.01524	0.03395	0.01364	0.00888	0.00503	0.00513	0.00157	0.00674	0.00470	0.01945	0.00682
75	0.01252	0.01408	0.09405	0.13270	0.02529	0.03751	0.45640	0.01635	0.01166	0.06975	0.01042	0.01345	0.00776	0.00502	0.00654	0.00173	0.06984	0.00536	0.00275	0.00680
76	0.01124	0.01130	0.01565	0.10192	0.01596	0.03363	0.01153	0.01262	0.00828	0.01244	0.00703	0.01145	0.00674	0.00846	0.01525	0.00216	0.70195	0.00447	0.00226	0.00563
77	0.00956	0.14463	0.02351	0.00756	0.00970	0.00874	0.00621	0.08795	0.02931	0.01902	0.41515	0.10401	0.09602	0.00959	0.00550	0.00158	0.00345	0.00817	0.00479	0.00553
78	0.01217	0.03583	0.01172	0.00835	0.01260	0.03316	0.00674	0.04406	0.04424	0.06165	0.01022	0.01136	0.00819	0.00438	0.00436	0.00095	0.02649	0.00338	0.00334	0.65680

[dist]
# distance from previous block
# <min> <max>
0	1

[block]
# block no. 1 follows, 48 sequences, length 311
# corresponding to MSA columns:
# 139-449
name=unknown_B
#
# <colnr> <probs for GDERKNQSTAVLIFYWHMCP>
#	G	D	E	R	K	N	Q	S	T	A	V	L	I	F	Y	W	H	M	C	P
0	0.13006	0.01334	0.02432	0.01900	0.07732	0.04701	0.51620	0.03248	0.01181	0.01750	0.00987	0.01282	0.00758	0.00467	0.00577	0.00168	0.03199	0.00526	0.02463	0.00672
1	0.34900	0.00970	0.01038	0.00837	0.01202	0.00986	0.00688	0.07363	0.04107	0.37735	0.01413	0.01331	0.00953	0.00564	0.00433	0.00156	0.00427	0.00413	0.00485	0.03999
2	0.83318	0.00989	0.00766	0.00681	0.01001	0.01140	0.00561	0.01535	0.00889	0.04399	0.00750	0.00858	0.00575	0.00481	0.00323	0.00159	0.00398	0.00284	0.00326	0.00564
3	0.00937	0.00575	0.00730	0.00662	0.00833	0.00515	0.00507	0.01152	0.01404	0.13285	0.54098	0.03724	0.17527	0.01033	0.00592	0.00163	0.00274	0.00895	0.00559	0.00532
4	0.00969	0.00912	0.01539	0.80734	0.03534	0.01140	0.01425	0.01311	0.01026	0.01311	0.00912	0.01368	0.00684	0.00513	0.00513	0.00171	0.00684	0.00456	0.00228	0.00570
5	0.03922	0.00876	0.01182	0.00908	0.01304	0.00762	0.00750	0.02481	0.01457	0.77628	0.01999	0.01729	0.01256	0.00632	0.00512	0.00159	0.00436	0.00511	0.00629	0.00867
6	0.00629	0.00454	0.00596	0.00702	0.00743	0.00421	0.00472	0.00727	0.01012	0.01346	0.06251	0.74483	0.07131	0.01568	0.00650	0.00205	0.00293	0.01417	0.00480	0.00421
7	0.00611	0.00520	0.00526	0.00525	0.00696	0.00435	0.00393	0.00745	0.01180	0.01412	0.08012	0.04896	0.75728	0.01290	0.00606	0.00173	0.00259	0.01077	0.00480	0.00435
8	0.00625	0.00447	0.00595	0.00714	0.00744	0.00417	0.00476	0.00714	0.00982	0.01310	0.02828	0.81633	0.03394	0.01608	0.00655	0.00208	0.00298	0.01459	0.00476	0.00417
9	0.01951	0.01437	0.01540	0.01181	0.01591	0.01591	0.00975	0.77056	0.02412	0.03234	0.01232	0.01232	0.00873	0.00616	0.00513	0.00154	0.00565	0.00462	0.00513	0.00873
10	0.01064	0.00912	0.01064	0.00760	0.01216	0.00684	0.00608	0.01292	0.01064	0.01672	0.00912	0.01064	0.00760	0.00380	0.00380	0.00076	0.00380	0.00304	0.00304	0.85104
11	0.01306	0.01117	0.01177	0.01050	0.01345	0.01290	0.00819	0.05975	0.74543	0.02194	0.02051	0.01885	0.01536	0.00693	0.00522	0.00173	0.00413	0.00575	0.00522	0.00815
12	0.00969	0.00912	0.01539	0.80734	0.03534	0.01140	0.01425	0.01311	0.01026	0.01311	0.00912	0.01368	0.00684	0.00513	0.00513	0.00171	0.00684	0.00456	0.00228	0.00570
13	0.01332	0.73091	0.11527	0.00945	0.01421	0.01934	0.00995	0.01547	0.01047	0.01255	0.00737	0.00853	0.00657	0.00445	0.00347	0.00116	0.00573	0.00286	0.00219	0.00670
14	0.00625	0.00447	0.00595	0.00714	0.00744	0.00417	0.00476	0.00714	0.00982	0.01310	0.02828	0.81633	0.03394	0.01608	0.00655	0.00208	0.00298	0.01459	0.00476	0.00417
15	0.02302	0.00873	0.01191	0.00913	0.01310	0.00754	0.00754	0.02501	0.01469	0.79122	0.02024	0.01746	0.01270	0.00635	0.00516	0.00159	0.00437	0.00516	0.00635	0.00873
16	0.00725	0.00711	0.07809	0.00814	0.00945	0.00564	0.00655	0.00972	0.06424	0.01423	0.02750	0.56727	0.07974	0.01404	0.00632	0.00202	0.00361	0.07970	0.00456	0.00482
17	0.01211	0.01384	0.03028	0.02163	0.02682	0.01298	0.76903	0.01644	0.01211	0.01644	0.01038	0.01384	0.00779	0.00433	0.00606	0.00173	0.00865	0.00606	0.00260	0.00692
18	0.01276	0.01102	0.01160	0.01044	0.01334	0.01276	0.00812	0.02727	0.77840	0.02146	0.02088	0.01914	0.01566	0.00696	0.00522	0.00174	0.00406	0.00580	0.00522	0.00812
19	0.00666	0.00482	0.00631	0.00715	0.00740	0.00478	0.00477	0.00743	0.00933	0.01253	0.02518	0.64060	0.02996	0.14824	0.02762	0.00270	0.03329	0.01284	0.00435	0.00406
20	0.01270	0.01219	0.02083	0.03149	0.78767	0.01219	0.01575	0.01575	0.01168	0.01676	0.00965	0.01270	0.00813	0.00457	0.00508	0.00152	0.00610	0.00457	0.00254	0.00813
21	0.00746	0.00497	0.00560	0.00560	0.00560	0.00497	0.00311	0.00746	0.00746	0.00995	0.01617	0.03358	0.01865	0.81967	0.02612	0.00497	0.00497	0.00746	0.00311	0.00311
22	0.01410	0.01014	0.01084	0.00955	0.01240	0.02521	0.00748	0.04008	0.53060	0.13527	0.01981	0.01857	0.01457	0.00669	0.00498	0.00163	0.00400	0.00550	0.12085	0.00773
23	0.01237	0.01217	0.02127	0.02828	0.61467	0.01240	0.10970	0.01539	0.01144	0.01631	0.01043	0.01352	0.02483	0.00507	0.00614	0.00161	0.06925	0.00489	0.00257	0.00770
24	0.01058	0.02450	0.67030	0.01575	0.02295	0.01209	0.13969	0.01628	0.01104	0.01628	0.00940	0.01132	0.00671	0.00479	0.00506	0.00164	0.00775	0.00416	0.00224	0.00748
25	0.00625	0.00447	0.00595	0.00714	0.00744	0.00417	0.00476	0.00714	0.00982	0.01310	0.02828	0.81633	0.03394	0.01608	0.00655	0.00208	0.00298	0.01459	0.00476	0.00417
26	0.76234	0.01004	0.00818	0.00713	0.01040	0.01143	0.00588	0.04878	0.00981	0.07602	0.00827	0.00913	0.00618	0.00493	0.00340	0.00159	0.00407	0.00302	0.00348	0.00591
27	0.01094	0.01030	0.01709	0.42283	0.31240	0.01185	0.01419	0.01399	0.01060	0.01460	0.00936	0.01328	0.00752	0.00529	0.00608	0.00167	0.07656	0.00457	0.03032	0.00657
28	0.00784	0.00585	0.00667	0.00666	0.00702	0.03601	0.00432	0.00842	0.00802	0.01068	0.01556	0.05279	0.01707	0.55134	0.23498	0.00564	0.00746	0.00698	0.00304	0.00365
29	0.01275	0.01083	0.01152	0.01040	0.01323	0.01245	0.00814	0.05839	0.69930	0.02152	0.02091	0.03483	0.01628	0.00740	0.00532	0.00176	0.00414	0.03769	0.00519	0.00793
30	0.03834	0.78110	0.02605	0.00882	0.01314	0.03762	0.00871	0.01547	0.01047	0.01240	0.00715	0.00826	0.00656	0.00442	0.00332	0.00112	0.00553	0.00276	0.00223	0.00654
31	0.00629	0.00457	0.00594	0.00694	0.00741	0.00422	0.00469	0.00730	0.01024	0.01357	0.07152	0.70719	0.10020	0.01550	0.00648	0.00203	0.00291	0.01397	0.00481	0.00422
32	0.01012	0.00948	0.01597	0.68117	0.14243	0.01139	0.01426	0.01347	0.01047	0.01375	0.00934	0.01364	0.00714	0.00507	0.00509	0.00167	0.00665	0.00457	0.01829	0.00603
33	0.00986	0.00749	0.00829	0.00760	0.00977	0.00762	0.00585	0.01608	0.28010	0.07217	0.21017	0.03403	0.29092	0.00984	0.00570	0.00170	0.00319	0.00832	0.00524	0.00608
34	0.04066	0.01365	0.03691	0.01128	0.01525	0.01454	0.00945	0.57593	0.11407	0.07785	0.01372	0.01346	0.00976	0.00619	0.00505	0.00156	0.00532	0.00473	0.02216	0.00846
35	0.00684	0.00472	0.00618	0.00700	0.00760	0.00435	0.00480	0.00796	0.01061	0.03662	0.11401	0.65615	0.08408	0.01497	0.00642	0.00199	0.00293	0.01347	0.00491	0.00439
36	0.00622	0.00458	0.00583	0.00683	0.00736	0.00419	0.00462	0.00718	0.01013	0.01322	0.03210	0.69287	0.15493	0.01558	0.00647	0.00203	0.00292	0.01398	0.00476	0.00419
37	0.00726	0.00524	0.00686	0.00646	0.00767	0.00484	0.00484	0.00968	0.01452	0.02058	0.78496	0.03833	0.04841	0.01049	0.00605	0.00161	0.00242	0.00928	0.00565	0.00484
38	0.85592	0.00992	0.00754	0.00675	0.00992	0.01151	0.00556	0.01508	0.00873	0.02302	0.00714	0.00834	0.00556	0.00476	0.00318	0.00159	0.00397	0.00278	0.00318	0.00556
39	0.85592	0.00992	0.00754	0.00675	0.00992	0.01151	0.00556	0.01508	0.00873	0.02302	0.00714	0.00834	0.00556	0.00476	0.00318	0.00159	0.00397	0.00278	0.00318	0.00556
40	0.06059	0.77752	0.02581	0.00867	0.01299	0.01981	0.00860	0.01535	0.01033	0.01268	0.00713	0.00824	0.00653	0.00441	0.00329	0.00112	0.00540	0.00275	0.00225	0.00653
41	0.01923	0.01440	0.01538	0.03355	0.01644	0.02889	0.00988	0.73733	0.02359	0.03148	0.01216	0.01230	0.00864	0.00612	0.00512	0.00154	0.00574	0.00460	0.00501	0.00860
42	0.00820	0.00589	0.00818	0.00933	0.01052	0.00586	0.00814	0.01054	0.01181	0.01531	0.02789	0.05763	0.05152	0.01414	0.00706	0.00234	0.00466	0.73154	0.00473	0.00471
43	0.01050	0.04893	0.72447	0.01488	0.02222	0.01222	0.06422	0.01624	0.01090	0.01614	0.00922	0.01094	0.00658	0.00483	0.00490	0.00162	0.00759	0.00390	0.00219	0.00751
44	0.03478	0.08528	0.01497	0.03811	0.01520	0.10000	0.00910	0.41217	0.07667	0.08396	0.05326	0.02938	0.01157	0.00634	0.00496	0.00152	0.00559	0.00484	0.00458	0.00773
45	0.01211	0.01384	0.03028	0.02163	0.02682	0.01298	0.76903	0.01644	0.01211	0.01644	0.01038	0.01384	0.00779	0.00433	0.00606	0.00173	0.00865	0.00606	0.00260	0.00692
46	0.00746	0.00497	0.00560	0.00560	0.00560	0.00497	0.00311	0.00746	0.00746	0.00995	0.01617	0.03358	0.01865	0.81967	0.02612	0.00497	0.00497	0.00746	0.00311	0.00311
47	0.02661	0.02622	0.77793	0.01447	0.02197	0.01191	0.01870	0.01623	0.01079	0.01638	0.00917	0.01078	0.00648	0.00487	0.00484	0.00162	0.00751	0.00377	0.00219	0.00754
48	0.01036	0.04126	0.65405	0.01450	0.02138	0.01179	0.07945	0.01604	0.02660	0.01633	0.03135	0.01304	0.03057	0.00525	0.00501	0.00163	0.00727	0.00435	0.00243	0.00735
49	0.00631	0.00451	0.00602	0.00721	0.00754	0.00422	0.00487	0.00725	0.00988	0.01317	0.02825	0.79326	0.03380	0.01602	0.00657	0.00209	0.00303	0.03704	0.00476	0.00418
50	0.02108	0.01005	0.01250	0.00978	0.01364	0.00972	0.00802	0.16059	0.11341	0.55573	0.01889	0.01674	0.01236	0.00639	0.00516	0.00160	0.00456	0.00514	0.00599	0.00865
51	0.04893	0.05966	0.10758	0.03737	0.14871	0.01305	0.47628	0.01612	0.01163	0.01645	0.00979	0.01278	0.00752	0.00446	0.00547	0.00164	0.00770	0.00522	0.00254	0.00708
52	0.06239	0.01943	0.01383	0.01193	0.01496	0.47160	0.00925	0.24707	0.01691	0.01951	0.00976	0.01074	0.00760	0.00557	0.00464	0.00139	0.00746	0.00377	0.05550	0.00670
53	0.01064	0.00912	0.01064	0.00760	0.01216	0.00684	0.00608	0.01292	0.01064	0.01672	0.00912	0.01064	0.00760	0.00380	0.00380	0.00076	0.00380	0.00304	0.00304	0.85104
54	0.01372	0.82276	0.02689	0.00878	0.01317	0.02030	0.00878	0.01536	0.01043	0.01207	0.00713	0.00823	0.00658	0.00439	0.00329	0.00110	0.00549	0.00274	0.00219	0.00658
55	0.00633	0.00520	0.00545	0.00539	0.00702	0.00442	0.00404	0.00783	0.01212	0.01503	0.16566	0.04699	0.65344	0.01245	0.00601	0.00170	0.00257	0.01045	0.02350	0.00442
56	0.00607	0.00517	0.00523	0.00527	0.00695	0.00433	0.00393	0.00736	0.01162	0.01383	0.05106	0.07900	0.75656	0.01311	0.00608	0.00175	0.00261	0.01097	0.00476	0.00433
57	0.00606	0.00520	0.00520	0.00520	0.00693	0.00433	0.00390	0.00736	0.01170	0.01386	0.05198	0.04938	0.78558	0.01299	0.00606	0.00173	0.00260	0.01083	0.00476	0.00433
58	0.02302	0.00873	0.01191	0.00913	0.01310	0.00754	0.00754	0.02501	0.01469	0.79122	0.02024	0.01746	0.01270	0.00635	0.00516	0.00159	0.00437	0.00516	0.00635	0.00873
59	0.01276	0.01102	0.01160	0.01044	0.01334	0.01276	0.00812	0.02727	0.77840	0.02146	0.02088	0.01914	0.01566	0.00696	0.00522	0.00174	0.00406	0.00580	0.00522	0.00812
60	0.01064	0.00912	0.01064	0.00760	0.01216	0.00684	0.00608	0.01292	0.01064	0.01672	0.00912	0.01064	0.00760	0.00380	0.00380	0.00076	0.00380	0.00304	0.00304	0.85104
61	0.85592	0.00992	0.00754	0.00675	0.00992	0.01151	0.00556	0.01508	0.00873	0.02302	0.00714	0.00834	0.00556	0.00476	0.00318	0.00159	0.00397	0.00278	0.00318	0.00556
62	0.00969	0.00912	0.01539	0.80734	0.03534	0.01140	0.01425	0.01311	0.01026	0.01311	0.00912	0.01368	0.00684	0.00513	0.00513	0.00171	0.00684	0.00456	0.00228	0.00570
63	0.00628	0.00448	0.00594	0.00710	0.00739	0.00419	0.00472	0.00715	0.00976	0.01301	0.02796	0.79553	0.03353	0.03743	0.00707	0.00216	0.00303	0.01440	0.00472	0.00414
64	0.00820	0.00639	0.02895	0.00928	0.01064	0.00596	0.00821	0.01064	0.01198	0.01573	0.08239	0.05503	0.04618	0.01363	0.00693	0.00228	0.00459	0.66347	0.00472	0.00480
65	0.01123	0.01123	0.01572	0.01347	0.01347	0.01572	0.01123	0.01235	0.00786	0.01235	0.00674	0.01123	0.00674	0.00898	0.01684	0.00225	0.81028	0.00449	0.00225	0.00561
66	0.01049	0.01028	0.01424	0.01244	0.01256	0.01403	0.01023	0.01160	0.00825	0.01250	0.01121	0.08656	0.05256	0.00985	0.01530	0.00220	0.69192	0.00576	0.00261	0.00541
67	0.00625	0.00447	0.00595	0.00714	0.00744	0.00417	0.00476	0.00714	0.00982	0.01310	0.02828	0.81633	0.03394	0.01608	0.00655	0.00208	0.00298	0.01459	0.00476	0.00417
68	0.01837	0.04843	0.07102	0.01158	0.01574	0.06291	0.01002	0.49914	0.08549	0.10585	0.01315	0.01296	0.00935	0.00603	0.00502	0.00154	0.00573	0.00456	0.00478	0.00833
69	0.01039	0.07443	0.70222	0.01398	0.02101	0.01210	0.01774	0.01588	0.01086	0.01594	0.01008	0.01329	0.00779	0.00536	0.00490	0.00163	0.00729	0.04543	0.00231	0.00736
70	0.00711	0.00524	0.00664	0.00629	0.00757	0.00477	0.00472	0.00938	0.01415	0.01970	0.68879	0.03978	0.14513	0.01082	0.00605	0.00163	0.00244	0.00948	0.00553	0.00477
71	0.01257	0.46173	0.30319	0.01242	0.06422	0.03942	0.01292	0.01586	0.01077	0.01389	0.00806	0.00948	0.00665	0.00460	0.00401	0.00132	0.00639	0.00325	0.00222	0.00702
72	0.19616	0.62988	0.03879	0.00846	0.01266	0.01822	0.00830	0.01532	0.01007	0.01453	0.00718	0.00831	0.00636	0.00448	0.00330	0.00121	0.00520	0.00277	0.00241	0.00638
73	0.00800	0.00571	0.00796	0.00914	0.01020	0.00567	0.00780	0.01017	0.01155	0.01505	0.02732	0.15918	0.03012	0.01443	0.00702	0.00233	0.00449	0.65448	0.00473	0.00465
74	0.01788	0.01401	0.01445	0.01154	0.01530	0.04940	0.00937	0.56030	0.20379	0.02888	0.01417	0.01381	0.01029	0.00631	0.00513	0.00158	0.00543	0.00484	0.00505	0.00846
75	0.00625	0.00447	0.00595	0.00714	0.00744	0.00417	0.00476	0.00714	0.00982	0.01310	0.02828	0.81633	0.03394	0.01608	0.00655	0.00208	0.00298	0.01459	0.00476	0.00417
76	0.00993	0.00939	0.01571	0.72653	0.07716	0.01164	0.01420	0.01322	0.01023	0.01328	0.00904	0.01351	0.00691	0.00528	0.00567	0.00172	0.04388	0.00456	0.00229	0.00583
77	0.01475	0.01205	0.01305	0.01160	0.04177	0.01367	0.00888	0.24645	0.52816	0.02451	0.01795	0.01690	0.01334	0.00664	0.00519	0.00167	0.00460	0.00541	0.00510	0.00830
78	0.00726	0.00524	0.00686	0.00646	0.00767	0.00484	0.00484	0.00968	0.01452	0.02058	0.78496	0.03833	0.04841	0.01049	0.00605	0.00161	0.00242	0.00928	0.00565	0.00484
79	0.01042	0.04802	0.75640	0.01461	0.02206	0.01217	0.03419	0.01623	0.01085	0.01614	0.00918	0.01082	0.00653	0.00485	0.00486	0.00161	0.00755	0.00381	0.00218	0.00754
80	0.00733	0.00550	0.00825	0.00825	0.00916	0.00641	0.00641	0.00916	0.00825	0.01191	0.01374	0.02016	0.01283	0.03848	0.79934	0.00825	0.01374	0.00550	0.00275	0.00458
81	0.00771	0.00534	0.00694	0.00650	0.00781	0.00490	0.00489	0.01004	0.01432	0.04560	0.71339	0.05279	0.07918	0.01057	0.00603	0.00163	0.00250	0.00931	0.00562	0.00493
82	0.00726	0.00524	0.00686	0.00646	0.00767	0.00484	0.00484	0.00968	0.01452	0.02058	0.78496	0.03833	0.04841	0.01049	0.00605	0.00161	0.00242	0.00928	0.00565	0.00484
83	0.00746	0.00497	0.00560	0.00560	0.00560	0.00497	0.00311	0.00746	0.00746	0.00995	0.01617	0.03358	0.01865	0.81967	0.02612	0.00497	0.00497	0.00746	0.00311	0.00311
84	0.01372	0.82276	0.02689	0.00878	0.01317	0.02030	0.00878	0.01536	0.01043	0.01207	0.00713	0.00823	0.00658	0.00439	0.00329	0.00110	0.00549	0.00274	0.00219	0.00658
85	0.01029	0.02654	0.79309	0.01462	0.02221	0.01192	0.01896	0.01625	0.01083	0.01625	0.00921	0.01083	0.00650	0.00487	0.00487	0.00162	0.00758	0.00379	0.00217	0.00758
86	0.02302	0.00873	0.01191	0.00913	0.01310	0.00754	0.00754	0.02501	0.01469	0.79122	0.02024	0.01746	0.01270	0.00635	0.00516	0.00159	0.00437	0.00516	0.00635	0.00873
87	0.01372	0.82276	0.02689	0.00878	0.01317	0.02030	0.00878	0.01536	0.01043	0.01207	0.00713	0.00823	0.00658	0.00439	0.00329	0.00110	0.00549	0.00274	0.00219	0.00658
88	0.01435	0.00989	0.01110	0.10073	0.01413	0.01089	0.00778	0.37616	0.01712	0.02477	0.01374	0.01523	0.01030	0.00597	0.00451	0.00142	0.00447	0.00468	0.34600	0.00678
89	0.00625	0.00448	0.00593	0.00709	0.00743	0.00417	0.00474	0.00715	0.00987	0.01312	0.02889	0.79645	0.05342	0.01600	0.00654	0.00207	0.00297	0.01449	0.00476	0.00417
90	0.00746	0.00497	0.00560	0.00560	0.00560	0.00497	0.00311	0.00746	0.00746	0.00995	0.01617	0.03358	0.01865	0.81967	0.02612	0.00497	0.00497	0.00746	0.00311	0.00311
91	0.43568	0.04574	0.12528	0.00957	0.01373	0.01330	0.00896	0.25356	0.01396	0.02454	0.00908	0.00995	0.00673	0.00521	0.00405	0.00156	0.00508	0.00351	0.00361	0.00689
92	0.00807	0.00576	0.00804	0.00922	0.01031	0.00573	0.00792	0.01028	0.01161	0.01513	0.02728	0.13325	0.02997	0.01436	0.00703	0.00233	0.00455	0.67973	0.00473	0.00467
93	0.85592	0.00992	0.00754	0.00675	0.00992	0.01151	0.00556	0.01508	0.00873	0.02302	0.00714	0.00834	0.00556	0.00476	0.00318	0.00159	0.00397	0.00278	0.00318	0.00556
94	0.00741	0.00495	0.00561	0.00566	0.00568	0.00494	0.00318	0.00745	0.00757	0.01009	0.01670	0.06780	0.01932	0.78454	0.02526	0.00485	0.00489	0.00777	0.00318	0.00316
95	0.02221	0.00869	0.01168	0.00901	0.01289	0.00757	0.00743	0.03933	0.01475	0.74186	0.02147	0.01876	0.04641	0.00664	0.00520	0.00159	0.00431	0.00540	0.00626	0.00854
96	0.01065	0.06718	0.68738	0.01533	0.05379	0.01241	0.05109	0.01619	0.01090	0.01606	0.00917	0.01091	0.00663	0.00481	0.00485	0.00160	0.00746	0.00387	0.00220	0.00752
97	0.01206	0.01368	0.02938	0.02112	0.02599	0.01314	0.72236	0.01618	0.01185	0.01618	0.01016	0.01368	0.00772	0.00461	0.00672	0.00176	0.05802	0.00596	0.00257	0.00684
98	0.00628	0.00448	0.00594	0.00710	0.00739	0.00419	0.00472	0.00715	0.00976	0.01301	0.02795	0.79496	0.03352	0.03801	0.00708	0.00216	0.00303	0.01439	0.00472	0.00414
99	0.01115	0.01117	0.01565	0.12918	0.01670	0.02988	0.01164	0.01261	0.00833	0.01246	0.00711	0.01155	0.00675	0.00835	0.01490	0.00215	0.67804	0.00448	0.00226	0.00563
100	0.01262	0.07981	0.04021	0.09770	0.34469	0.01322	0.22759	0.05372	0.04877	0.01692	0.01026	0.01299	0.00813	0.00474	0.00522	0.00158	0.00675	0.00488	0.00275	0.00745
101	0.00606	0.00520	0.00520	0.00520	0.00693	0.00433	0.00390	0.00736	0.01170	0.01386	0.05198	0.04938	0.78558	0.01299	0.00606	0.00173	0.00260	0.01083	0.00476	0.00433
102	0.00634	0.00453	0.00605	0.00725	0.00758	0.00424	0.00492	0.00730	0.00991	0.01320	0.02823	0.78318	0.03374	0.01599	0.00657	0.00210	0.00305	0.04686	0.00476	0.00419
103	0.06453	0.01076	0.01339	0.01196	0.06139	0.01167	0.04741	0.12771	0.27416	0.18329	0.01663	0.04518	0.01272	0.03149	0.00661	0.00180	0.06136	0.00554	0.00474	0.00765
104	0.01206	0.01304	0.02597	0.03715	0.18202	0.01318	0.49155	0.01565	0.01138	0.01586	0.00969	0.01323	0.00769	0.00505	0.00737	0.00176	0.12235	0.00550	0.00253	0.00696
105	0.00632	0.00451	0.00603	0.00722	0.00755	0.00423	0.00488	0.00726	0.00989	0.01317	0.02824	0.79127	0.03379	0.01601	0.00657	0.00209	0.00303	0.03899	0.00476	0.00419
106	0.23616	0.01310	0.01337	0.01056	0.01426	0.01476	0.00872	0.54530	0.01950	0.02915	0.01076	0.01124	0.00783	0.00591	0.00508	0.00158	0.03628	0.00414	0.00451	0.00778
107	0.01134	0.26933	0.55946	0.01284	0.01945	0.01447	0.01585	0.01598	0.01071	0.01498	0.00858	0.01004	0.00653	0.00473	0.00439	0.00146	0.00694	0.00347	0.00218	0.00728
108	0.01658	0.01880	0.01322	0.01196	0.01463	0.48024	0.00910	0.06972	0.22092	0.01632	0.01350	0.04472	0.02273	0.00648	0.00496	0.00150	0.00720	0.01716	0.00365	0.00660
109	0.00973	0.00918	0.01540	0.78567	0.03474	0.01152	0.01417	0.01309	0.01019	0.01309	0.00905	0.01361	0.00684	0.00524	0.00545	0.00172	0.02878	0.00456	0.00228	0.00570
110	0.01211	0.01384	0.03028	0.02163	0.02682	0.01298	0.76903	0.01644	0.01211	0.01644	0.01038	0.01384	0.00779	0.00433	0.00606	0.00173	0.00865	0.00606	0.00260	0.00692
111	0.01252	0.01077	0.01139	0.01027	0.01309	0.01242	0.00798	0.02650	0.74501	0.02143	0.05428	0.01998	0.01709	0.00712	0.00526	0.00173	0.00399	0.00595	0.00524	0.00798
112	0.00625	0.00447	0.00595	0.00714	0.00744	0.00417	0.00476	0.00714	0.00982	0.01310	0.02828	0.81633	0.03394	0.01608	0.00655	0.00208	0.00298	0.01459	0.00476	0.00417
113	0.00625	0.00447	0.00595	0.00714	0.00744	0.00417	0.00476	0.00714	0.00982	0.01310	0.02828	0.81633	0.03394	0.01608	0.00655	0.00208	0.00298	0.01459	0.00476	0.00417
114	0.00742	0.00496	0.00561	0.00565	0.00566	0.00495	0.00317	0.00745	0.00754	0.01006	0.01658	0.06034	0.01918	0.79220	0.02545	0.00488	0.00491	0.00771	0.00317	0.00315
115	0.01951	0.01437	0.01540	0.01181	0.01591	0.01591	0.00975	0.77056	0.02412	0.03234	0.01232	0.01232	0.00873	0.00616	0.00513	0.00154	0.00565	0.00462	0.00513	0.00873
116	0.02302	0.00873	0.01191	0.00913	0.01310	0.00754	0.00754	0.02501	0.01469	0.79122	0.02024	0.01746	0.01270	0.00635	0.00516	0.00159	0.00437	0.00516	0.00635	0.00873
117	0.01276	0.01102	0.01160	0.01044	0.01334	0.01276	0.00812	0.02727	0.77840	0.02146	0.02088	0.01914	0.01566	0.00696	0.00522	0.00174	0.00406	0.00580	0.00522	0.00812
118	0.00653	0.00466	0.00627	0.00746	0.00788	0.00441	0.00524	0.00762	0.01010	0.01341	0.02813	0.71243	0.03333	0.01581	0.00662	0.00212	0.00322	0.11576	0.00476	0.00424
119	0.01064	0.00912	0.01064	0.00760	0.01216	0.00684	0.00608	0.01292	0.01064	0.01672	0.00912	0.01064	0.00760	0.00380	0.00380	0.00076	0.00380	0.00304	0.00304	0.85104
120	0.01755	0.01358	0.01645	0.10546	0.07556	0.01499	0.04391	0.59452	0.02108	0.02828	0.01167	0.01257	0.00842	0.00584	0.00517	0.00157	0.00595	0.00467	0.00450	0.00825
121	0.02085	0.00822	0.01120	0.00893	0.01245	0.00716	0.00729	0.02277	0.01419	0.68681	0.03574	0.08496	0.01569	0.00749	0.00536	0.00165	0.00423	0.03073	0.00615	0.00815
122	0.00625	0.00447	0.00595	0.00714	0.00744	0.00417	0.00476	0.00714	0.00982	0.01310	0.02828	0.81633	0.03394	0.01608	0.00655	0.00208	0.00298	0.01459	0.00476	0.00417
123	0.02302	0.00873	0.01191	0.00913	0.01310	0.00754	0.00754	0.02501	0.01469	0.79122	0.02024	0.01746	0.01270	0.00635	0.00516	0.00159	0.00437	0.00516	0.00635	0.00873
124	0.01112	0.21837	0.60850	0.01322	0.02003	0.01394	0.01651	0.01604	0.01073	0.01524	0.00871	0.01021	0.00652	0.00476	0.00449	0.00150	0.00708	0.00354	0.00217	0.00734
125	0.00746	0.00497	0.00560	0.00560	0.00560	0.00497	0.00311	0.00746	0.00746	0.00995	0.01617	0.03358	0.01865	0.81967	0.02612	0.00497	0.00497	0.00746	0.00311	0.00311
126	0.02302	0.00873	0.01191	0.00913	0.01310	0.00754	0.00754	0.02501	0.01469	0.79122	0.02024	0.01746	0.01270	0.00635	0.00516	0.00159	0.00437	0.00516	0.00635	0.00873
127	0.01270	0.01219	0.02083	0.03149	0.78767	0.01219	0.01575	0.01575	0.01168	0.01676	0.00965	0.01270	0.00813	0.00457	0.00508	0.00152	0.00610	0.00457	0.00254	0.00813
128	0.02302	0.00873	0.01191	0.00913	0.01310	0.00754	0.00754	0.02501	0.01469	0.79122	0.02024	0.01746	0.01270	0.00635	0.00516	0.00159	0.00437	0.00516	0.00635	0.00873
129	0.85592	0.00992	0.00754	0.00675	0.00992	0.01151	0.00556	0.01508	0.00873	0.02302	0.00714	0.00834	0.00556	0.00476	0.00318	0.00159	0.00397	0.00278	0.00318	0.00556
130	0.00625	0.00447	0.00595	0.00714	0.00744	0.00417	0.00476	0.00714	0.00982	0.01310	0.02828	0.81633	0.03394	0.01608	0.00655	0.00208	0.00298	0.01459	0.00476	0.00417
131	0.00994	0.00950	0.01641	0.73463	0.06393	0.01152	0.05538	0.01339	0.01042	0.01343	0.00921	0.01365	0.00694	0.00506	0.00518	0.00170	0.00691	0.00464	0.00231	0.00586
132	0.01339	0.74704	0.09976	0.00934	0.01403	0.01951	0.00975	0.01545	0.01046	0.01247	0.00733	0.00848	0.00658	0.00444	0.00344	0.00115	0.00569	0.00284	0.00219	0.00668
133	0.01064	0.00912	0.01064	0.00760	0.01216	0.00684	0.00608	0.01292	0.01064	0.01672	0.00912	0.01064	0.00760	0.00380	0.00380	0.00076	0.00380	0.00304	0.00304	0.85104
134	0.01151	0.01259	0.02548	0.09466	0.02465	0.01294	0.54066	0.01508	0.01113	0.01531	0.01034	0.04438	0.00853	0.00564	0.00779	0.00183	0.14244	0.00598	0.00259	0.00648
135	0.00689	0.00520	0.00663	0.02789	0.00857	0.00506	0.00519	0.00902	0.06639	0.01447	0.10020	0.59910	0.09740	0.01434	0.00633	0.00198	0.00307	0.01287	0.00482	0.00457
136	0.00720	0.00522	0.00679	0.00644	0.00764	0.00481	0.00481	0.00955	0.01431	0.02018	0.74348	0.06125	0.06758	0.01072	0.00607	0.00163	0.00244	0.00947	0.00560	0.00481
137	0.00969	0.00912	0.01539	0.80734	0.03534	0.01140	0.01425	0.01311	0.01026	0.01311	0.00912	0.01368	0.00684	0.00513	0.00513	0.00171	0.00684	0.00456	0.00228	0.00570
138	0.00625	0.00447	0.00595	0.00714	0.00744	0.00417	0.00476	0.00714	0.00982	0.01310	0.02828	0.81633	0.03394	0.01608	0.00655	0.00208	0.00298	0.01459	0.00476	0.00417
139	0.01372	0.82276	0.02689	0.00878	0.01317	0.02030	0.00878	0.01536	0.01043	0.01207	0.00713	0.00823	0.00658	0.00439	0.00329	0.00110	0.00549	0.00274	0.00219	0.00658
140	0.00700	0.00515	0.00661	0.00719	0.00793	0.00497	0.00503	0.00930	0.06622	0.01581	0.24107	0.53988	0.03671	0.01385	0.00631	0.00193	0.00290	0.01246	0.00505	0.00464
141	0.01168	0.34894	0.48285	0.01226	0.01855	0.01531	0.01484	0.01589	0.01067	0.01456	0.00837	0.00978	0.00653	0.00468	0.00423	0.00141	0.00673	0.00337	0.00218	0.00718
142	0.01367	0.01263	0.01403	0.03912	0.16552	0.08431	0.01006	0.07151	0.48771	0.02018	0.01661	0.01638	0.01266	0.00624	0.00513	0.00165	0.00512	0.00522	0.00437	0.00789
143	0.01220	0.01169	0.01993	0.15903	0.66400	0.01206	0.01550	0.01531	0.01145	0.01616	0.00956	0.01286	0.00792	0.00466	0.00509	0.00155	0.00622	0.00457	0.00250	0.00773
144	0.00606	0.00520	0.00520	0.00520	0.00693	0.00433	0.00390	0.00736	0.01170	0.01386	0.05198	0.04938	0.78558	0.01299	0.00606	0.00173	0.00260	0.01083	0.00476	0.00433
145	0.01951	0.01437	0.01540	0.01181	0.01591	0.01591	0.00975	0.77056	0.02412	0.03234	0.01232	0.01232	0.00873	0.00616	0.00513	0.00154	0.00565	0.00462	0.00513	0.00873
146	0.01070	0.00918	0.01067	0.00769	0.01220	0.00702	0.00614	0.01336	0.03398	0.01686	0.00948	0.01090	0.00785	0.00390	0.00384	0.00079	0.00381	0.00312	0.00311	0.82541
147	0.01372	0.82276	0.02689	0.00878	0.01317	0.02030	0.00878	0.01536	0.01043	0.01207	0.00713	0.00823	0.00658	0.00439	0.00329	0.00110	0.00549	0.00274	0.00219	0.00658
148	0.00636	0.00448	0.00591	0.00706	0.00739	0.00419	0.00472	0.00731	0.00986	0.01330	0.02789	0.78907	0.03323	0.01573	0.00645	0.00205	0.00296	0.01425	0.03360	0.00419
149	0.01267	0.01242	0.02109	0.06134	0.69335	0.02793	0.06407	0.01578	0.01171	0.01651	0.00964	0.01274	0.00802	0.00459	0.00514	0.00154	0.00635	0.00464	0.00254	0.00791
150	0.00666	0.00485	0.00632	0.00727	0.00780	0.00461	0.00503	0.00824	0.03747	0.01416	0.09346	0.67027	0.05051	0.01512	0.00647	0.00204	0.00304	0.04744	0.00485	0.00439
151	0.01570	0.00901	0.01059	0.00895	0.01175	0.03648	0.00719	0.11987	0.09027	0.29969	0.20906	0.03706	0.02269	0.00809	0.00548	0.00165	0.00414	0.06205	0.03317	0.00711
152	0.00742	0.00498	0.00558	0.00558	0.00564	0.00495	0.00314	0.00746	0.00760	0.01008	0.01735	0.03410	0.04399	0.79302	0.02545	0.00487	0.00490	0.00757	0.00316	0.00315
153	0.00859	0.00586	0.00664	0.00673	0.00692	0.00567	0.00399	0.00842	0.00859	0.01161	0.01864	0.12840	0.02127	0.68715	0.04499	0.00487	0.00538	0.00860	0.00371	0.00396
154	0.01291	0.01110	0.01169	0.01047	0.01340	0.01283	0.00816	0.04366	0.76176	0.02170	0.02070	0.01899	0.01551	0.00694	0.00522	0.00174	0.00410	0.00578	0.00522	0.00813
155	0.00681	0.00490	0.00642	0.00722	0.00783	0.00463	0.00506	0.02418	0.01105	0.01488	0.15206	0.61298	0.05209	0.01478	0.00646	0.00200	0.00303	0.05431	0.00491	0.00441
156	0.00969	0.00912	0.01539	0.80734	0.03534	0.01140	0.01425	0.01311	0.01026	0.01311	0.00912	0.01368	0.00684	0.00513	0.00513	0.00171	0.00684	0.00456	0.00228	0.00570
157	0.01232	0.01353	0.02381	0.01824	0.05128	0.07079	0.45914	0.01557	0.01136	0.01550	0.00939	0.01261	0.00751	0.00513	0.00747	0.00166	0.14465	0.00515	0.00259	0.11229
158	0.01055	0.08764	0.73429	0.01418	0.02151	0.01256	0.01818	0.01618	0.01080	0.01593	0.00905	0.01063	0.00651	0.00484	0.00475	0.00158	0.00742	0.00371	0.00217	0.00751
159	0.01029	0.02654	0.79309	0.01462	0.02221	0.01192	0.01896	0.01625	0.01083	0.01625	0.00921	0.01083	0.00650	0.00487	0.00487	0.00162	0.00758	0.00379	0.00217	0.00758
160	0.01270	0.01219	0.02083	0.03149	0.78767	0.01219	0.01575	0.01575	0.01168	0.01676	0.00965	0.01270	0.00813	0.00457	0.00508	0.00152	0.00610	0.00457	0.00254	0.00813
161	0.00892	0.00795	0.01050	0.00974	0.01046	0.02431	0.00760	0.01018	0.00894	0.01279	0.01609	0.23385	0.04386	0.04100	0.16548	0.00331	0.30442	0.00762	0.00321	0.06978
