[name]
unknown

[dist]
# distance from previous block
# <min> <max>
0	35

[block]
# block no. 0 follows, 45 sequences, length 10
# corresponding to MSA columns:
# 35-39,41-45
name=unknown_A
#
# <colnr> <probs for GDERKNQSTAVLIFYWHMCP>
#	G	D	E	R	K	N	Q	S	T	A	V	L	I	F	Y	W	H	M	C	P
0	0.01588	0.00989	0.01246	0.12676	0.01680	0.01044	0.00921	0.14168	0.15911	0.23740	0.02106	0.05846	0.05185	0.00831	0.00575	0.00183	0.00500	0.09527	0.00522	0.00761
1	0.00783	0.00524	0.00662	0.00703	0.00743	0.00507	0.00470	0.00820	0.00910	0.01217	0.02088	0.26382	0.02398	0.35485	0.01729	0.10738	0.00445	0.09839	0.00385	0.03172
2	0.01329	0.01275	0.02179	0.03295	0.77787	0.01275	0.01647	0.01647	0.01222	0.01754	0.01010	0.01329	0.00850	0.00478	0.00531	0.00159	0.00638	0.00478	0.00266	0.00850
3	0.01048	0.02523	0.68580	0.01492	0.02209	0.01181	0.04849	0.01618	0.01130	0.01672	0.01141	0.08037	0.00934	0.00609	0.00530	0.00175	0.00756	0.00504	0.00252	0.00760
4	0.01350	0.01275	0.07988	0.01370	0.10700	0.01256	0.01025	0.09011	0.45492	0.04578	0.01987	0.06549	0.03529	0.00743	0.00551	0.00178	0.00488	0.00629	0.00483	0.00817
5	0.00824	0.00727	0.00726	0.00805	0.00871	0.09958	0.00549	0.00920	0.01082	0.01348	0.02744	0.62900	0.06648	0.06258	0.00780	0.00225	0.00402	0.01320	0.00461	0.00453
6	0.01245	0.05599	0.01931	0.10473	0.40184	0.05065	0.08139	0.01533	0.01182	0.01639	0.01189	0.07387	0.01062	0.00604	0.00567	0.00164	0.03226	0.00556	0.07533	0.00722
7	0.01333	0.01044	0.01189	0.04379	0.01382	0.05518	0.02104	0.11818	0.01414	0.09332	0.10686	0.03659	0.05681	0.02599	0.00586	0.00143	0.02529	0.00543	0.00420	0.33640
8	0.01100	0.00700	0.00809	0.00741	0.00879	0.00788	0.00583	0.09236	0.01202	0.01957	0.01530	0.01840	0.01240	0.01147	0.11687	0.00247	0.10136	0.00505	0.53121	0.00552
9	0.04934	0.01250	0.01372	0.03689	0.04230	0.05555	0.02585	0.29839	0.19107	0.07818	0.01692	0.11111	0.01401	0.00766	0.00545	0.00172	0.00530	0.00630	0.01987	0.00788

[dist]
# distance from previous block
# <min> <max>
9	36

[block]
# block no. 1 follows, 45 sequences, length 28
# corresponding to MSA columns:
# 82-109
name=unknown_B
#
# <colnr> <probs for GDERKNQSTAVLIFYWHMCP>
#	G	D	E	R	K	N	Q	S	T	A	V	L	I	F	Y	W	H	M	C	P
0	0.12625	0.06708	0.07264	0.01088	0.01486	0.01169	0.09290	0.11533	0.08181	0.03247	0.01597	0.02869	0.08619	0.03206	0.00601	0.00165	0.03085	0.00525	0.00376	0.16365
1	0.05791	0.13187	0.14337	0.04728	0.07467	0.01344	0.04283	0.14076	0.09890	0.03750	0.01219	0.04191	0.00979	0.00577	0.00485	0.00151	0.00576	0.00467	0.00358	0.12144
2	0.01230	0.11892	0.01349	0.00919	0.01233	0.05609	0.04899	0.06963	0.04090	0.05579	0.06901	0.08265	0.07153	0.07984	0.00698	0.00174	0.00481	0.00618	0.03989	0.19973
3	0.10395	0.00952	0.04516	0.05490	0.07761	0.02642	0.02278	0.01445	0.06155	0.08398	0.10057	0.17938	0.08480	0.00894	0.00547	0.00169	0.00442	0.00769	0.00431	0.10241
4	0.01250	0.01130	0.01085	0.00945	0.01202	0.17432	0.03933	0.01475	0.04218	0.08614	0.08752	0.14114	0.13274	0.05133	0.00668	0.00176	0.00510	0.00754	0.00426	0.14910
5	0.01129	0.01127	0.08371	0.04325	0.01509	0.00954	0.05650	0.06604	0.06182	0.02996	0.08077	0.08493	0.04751	0.00716	0.00615	0.00149	0.06877	0.00593	0.00379	0.30503
6	0.01028	0.00963	0.01593	0.76462	0.03598	0.01199	0.01463	0.01435	0.04327	0.01409	0.01007	0.01456	0.00755	0.00545	0.00537	0.00179	0.00703	0.00483	0.00252	0.00607
7	0.01220	0.01183	0.02046	0.13697	0.54344	0.01201	0.07963	0.01540	0.01205	0.01671	0.01385	0.01679	0.07349	0.00559	0.00550	0.00166	0.00641	0.00547	0.00282	0.00770
8	0.01113	0.00954	0.01113	0.00795	0.01272	0.00716	0.00636	0.01352	0.01113	0.01749	0.00954	0.01113	0.00795	0.00398	0.00398	0.00080	0.00398	0.00318	0.00318	0.84417
9	0.01031	0.00867	0.01025	0.00787	0.01184	0.00666	0.00611	0.01243	0.01098	0.01681	0.01313	0.15377	0.01288	0.00627	0.00449	0.00104	0.00382	0.00534	0.00350	0.69381
10	0.01329	0.01275	0.02179	0.03295	0.77787	0.01275	0.01647	0.01647	0.01222	0.01754	0.01010	0.01329	0.00850	0.00478	0.00531	0.00159	0.00638	0.00478	0.00266	0.00850
11	0.01744	0.01345	0.01433	0.01158	0.01535	0.01503	0.00937	0.48187	0.27534	0.02919	0.01764	0.01691	0.04350	0.00702	0.00544	0.00169	0.00521	0.00552	0.00538	0.00872
12	0.02017	0.01562	0.01593	0.01241	0.01656	0.06724	0.01016	0.68990	0.04657	0.03214	0.01285	0.01289	0.00920	0.00641	0.00534	0.00160	0.00611	0.00478	0.00520	0.00892
13	0.00652	0.00474	0.00616	0.00730	0.00774	0.00437	0.00491	0.00749	0.01044	0.01377	0.03170	0.74346	0.09853	0.01654	0.00681	0.00215	0.00308	0.01493	0.00498	0.00437
14	0.01773	0.01281	0.01498	0.15234	0.01916	0.01423	0.01029	0.51223	0.02047	0.07834	0.01319	0.01542	0.00995	0.07575	0.00727	0.00196	0.00598	0.00512	0.00474	0.00806
15	0.01308	0.13619	0.10820	0.03598	0.08917	0.01405	0.43714	0.01703	0.01224	0.04961	0.01101	0.03173	0.00868	0.00501	0.00563	0.00168	0.00783	0.00556	0.00282	0.00736
16	0.01244	0.01402	0.03024	0.09415	0.02888	0.01342	0.68983	0.01687	0.01249	0.01687	0.01074	0.01446	0.00805	0.00460	0.00625	0.00181	0.00888	0.00619	0.00268	0.00712
17	0.00663	0.00479	0.00612	0.00715	0.00757	0.00445	0.00475	0.00752	0.01024	0.01349	0.03077	0.67103	0.10235	0.08552	0.00858	0.00241	0.00326	0.01425	0.00483	0.00428
18	0.01134	0.00912	0.01546	0.09326	0.01750	0.00903	0.20707	0.08169	0.01278	0.08318	0.02028	0.37363	0.02096	0.01053	0.00630	0.00194	0.00549	0.00999	0.00429	0.00614
19	0.01102	0.00906	0.01487	0.65701	0.03226	0.01088	0.01338	0.01422	0.01109	0.08040	0.01240	0.08781	0.01030	0.00653	0.00551	0.00181	0.00656	0.00579	0.00299	0.00609
20	0.00653	0.00470	0.00619	0.00739	0.00776	0.00437	0.00494	0.00748	0.01036	0.01374	0.03066	0.77507	0.06759	0.01668	0.00683	0.00216	0.00310	0.01509	0.00498	0.00437
21	0.05606	0.25040	0.25056	0.01526	0.02087	0.04403	0.24106	0.01681	0.01158	0.01593	0.00916	0.01132	0.00719	0.00488	0.00516	0.00157	0.02415	0.00431	0.00249	0.00720
22	0.10241	0.41044	0.03975	0.08233	0.01567	0.01592	0.02588	0.01628	0.01097	0.10262	0.01021	0.02850	0.00868	0.03694	0.00584	0.00160	0.05533	0.00402	0.00304	0.02358
23	0.01426	0.04158	0.03250	0.01153	0.01511	0.01180	0.09259	0.17539	0.04541	0.08123	0.01228	0.01543	0.01009	0.09356	0.00894	0.00190	0.10331	0.00488	0.00382	0.22437
24	0.01171	0.05439	0.02808	0.00880	0.01118	0.00924	0.00700	0.13933	0.06326	0.05733	0.13322	0.07714	0.02007	0.13093	0.14873	0.00336	0.00629	0.00674	0.00431	0.07887
25	0.03017	0.04693	0.08013	0.01208	0.08374	0.03101	0.00925	0.25923	0.01563	0.05134	0.04691	0.06804	0.01418	0.15480	0.00927	0.00224	0.00551	0.00594	0.01539	0.05820
26	0.01263	0.01020	0.02876	0.02502	0.01300	0.01007	0.00767	0.19175	0.16746	0.03587	0.03264	0.18427	0.04998	0.04215	0.00640	0.00179	0.00444	0.00744	0.00470	0.16377
27	0.02791	0.06103	0.02772	0.09671	0.03146	0.01013	0.04054	0.15265	0.01356	0.01885	0.01624	0.23352	0.02605	0.00841	0.00532	0.00157	0.00489	0.00729	0.00393	0.21221

[dist]
# distance from previous block
# <min> <max>
20	147

[block]
# block no. 2 follows, 45 sequences, length 22
# corresponding to MSA columns:
# 273-294
name=unknown_C
#
# <colnr> <probs for GDERKNQSTAVLIFYWHMCP>
#	G	D	E	R	K	N	Q	S	T	A	V	L	I	F	Y	W	H	M	C	P
0	0.20916	0.10297	0.13726	0.13734	0.03945	0.07577	0.01060	0.03082	0.03970	0.04132	0.01117	0.04260	0.00906	0.00580	0.00449	0.00159	0.00579	0.00438	0.08419	0.00654
1	0.14818	0.01118	0.04658	0.20681	0.11827	0.01123	0.02522	0.08608	0.05055	0.06680	0.01252	0.07467	0.01044	0.00620	0.00500	0.00163	0.00553	0.00521	0.00357	0.10433
2	0.08094	0.01099	0.06096	0.01128	0.09179	0.00922	0.00846	0.07702	0.02334	0.05946	0.04735	0.03865	0.01157	0.02350	0.00526	0.00136	0.01667	0.00454	0.03560	0.38202
3	0.07348	0.01134	0.06684	0.05685	0.18530	0.01074	0.04039	0.04397	0.07055	0.06641	0.03503	0.12294	0.04611	0.00768	0.00639	0.00174	0.07031	0.00647	0.00375	0.07370
4	0.09559	0.01038	0.09322	0.07056	0.01424	0.00881	0.02358	0.10986	0.01257	0.01856	0.03702	0.32791	0.01970	0.00991	0.00557	0.00176	0.00464	0.00859	0.00410	0.12343
5	0.14659	0.20350	0.01657	0.01008	0.01384	0.03352	0.07820	0.06529	0.05677	0.06418	0.07431	0.06449	0.01348	0.00628	0.00463	0.00146	0.00506	0.00508	0.00376	0.13292
6	0.04397	0.07486	0.01409	0.10684	0.01588	0.00988	0.08752	0.06544	0.01244	0.09362	0.05781	0.09807	0.08658	0.07855	0.00753	0.00193	0.02133	0.00675	0.00395	0.11295
7	0.01156	0.00764	0.01077	0.07201	0.10353	0.00754	0.02653	0.04038	0.01167	0.13635	0.07746	0.11931	0.06789	0.26890	0.01281	0.00289	0.00491	0.00793	0.00423	0.00569
8	0.01273	0.09491	0.09545	0.01435	0.01840	0.01165	0.27469	0.06743	0.03631	0.08503	0.04467	0.16753	0.01582	0.02832	0.00638	0.00186	0.00635	0.00743	0.00382	0.00687
9	0.00854	0.00594	0.00696	0.00705	0.00756	0.00598	0.00453	0.07872	0.01034	0.01380	0.02107	0.30960	0.02426	0.45096	0.01792	0.00378	0.00452	0.01019	0.00407	0.00420
10	0.09625	0.37162	0.28003	0.01162	0.01693	0.09373	0.01263	0.01682	0.01124	0.01530	0.00827	0.00972	0.00676	0.00501	0.00446	0.00144	0.02535	0.00335	0.00244	0.00705
11	0.01321	0.05273	0.05725	0.03499	0.12366	0.05495	0.08039	0.10968	0.01309	0.03504	0.04657	0.03379	0.01107	0.00882	0.06448	0.00213	0.12360	0.00506	0.00331	0.12619
12	0.01392	0.01207	0.06349	0.16359	0.01994	0.01222	0.07160	0.06754	0.34565	0.10729	0.01790	0.01808	0.03158	0.00656	0.00546	0.00176	0.00550	0.00566	0.02237	0.00781
13	0.71522	0.00960	0.00778	0.00701	0.01000	0.01093	0.00569	0.01488	0.01010	0.02368	0.12972	0.01372	0.01295	0.00594	0.00380	0.00167	0.00389	0.00399	0.00373	0.00569
14	0.01177	0.00906	0.01079	0.00804	0.01235	0.00696	0.00636	0.01399	0.01140	0.07963	0.01234	0.08518	0.01093	0.00538	0.00436	0.00099	0.00394	0.00448	0.00363	0.69844
15	0.00756	0.00551	0.00773	0.00784	0.00857	0.00604	0.00574	0.00906	0.00916	0.01292	0.07548	0.11207	0.01988	0.17983	0.49999	0.00674	0.01050	0.00749	0.00341	0.00448
16	0.01155	0.02460	0.66393	0.01420	0.02132	0.01154	0.01777	0.01718	0.01194	0.07660	0.06954	0.01409	0.01068	0.00567	0.00522	0.00170	0.00726	0.00452	0.00289	0.00781
17	0.01162	0.00983	0.01139	0.00818	0.01293	0.00765	0.00656	0.05271	0.01187	0.01835	0.00972	0.01122	0.00801	0.00410	0.00405	0.00084	0.00408	0.00327	0.00330	0.80032
18	0.00654	0.00467	0.00623	0.00747	0.00779	0.00436	0.00498	0.00747	0.01028	0.01370	0.02959	0.80785	0.03550	0.01682	0.00685	0.00218	0.00311	0.01526	0.00498	0.00436
19	0.00804	0.00556	0.00711	0.00686	0.00820	0.00506	0.00513	0.01022	0.01421	0.05174	0.55288	0.12851	0.13693	0.01186	0.00638	0.00178	0.00276	0.02599	0.00570	0.00509
20	0.00654	0.00467	0.00623	0.00747	0.00779	0.00436	0.00498	0.00747	0.01028	0.01370	0.02959	0.80785	0.03550	0.01682	0.00685	0.00218	0.00311	0.01526	0.00498	0.00436
21	0.01879	0.01353	0.01478	0.01157	0.01524	0.01490	0.00940	0.65053	0.02259	0.03027	0.01237	0.01339	0.00916	0.00822	0.00764	0.12402	0.00573	0.00481	0.00493	0.00814

[dist]
# distance from previous block
# <min> <max>
1	13

[block]
# block no. 3 follows, 45 sequences, length 64
# corresponding to MSA columns:
# 308-371
name=unknown_D
#
# <colnr> <probs for GDERKNQSTAVLIFYWHMCP>
#	G	D	E	R	K	N	Q	S	T	A	V	L	I	F	Y	W	H	M	C	P
0	0.05956	0.05374	0.01201	0.05582	0.09175	0.06696	0.00807	0.05809	0.05856	0.01684	0.10661	0.06276	0.13273	0.12370	0.00950	0.00223	0.06431	0.00704	0.00390	0.00584
1	0.01138	0.00982	0.01201	0.05498	0.04871	0.00798	0.00742	0.02764	0.02603	0.01767	0.00986	0.01162	0.00811	0.00420	0.00417	0.00092	0.00431	0.00343	0.00319	0.72652
2	0.00749	0.00582	0.00721	0.04225	0.00933	0.00542	0.00534	0.00993	0.03280	0.01854	0.44675	0.10158	0.24937	0.01170	0.00627	0.00175	0.00291	0.01017	0.00536	0.02004
3	0.00725	0.00547	0.00669	0.00639	0.00781	0.00492	0.00479	0.00946	0.01438	0.01958	0.57563	0.04330	0.25126	0.01170	0.00633	0.00172	0.00258	0.01016	0.00565	0.00492
4	0.01258	0.01497	0.06495	0.02239	0.04796	0.01357	0.68834	0.01707	0.01250	0.01710	0.01070	0.01424	0.00807	0.00467	0.00650	0.00181	0.02647	0.00615	0.00269	0.00728
5	0.00760	0.00549	0.00718	0.00675	0.00802	0.00506	0.00506	0.01013	0.01519	0.02153	0.77503	0.04010	0.05065	0.01097	0.00633	0.00169	0.00253	0.00971	0.00591	0.00506
6	0.01113	0.00954	0.01113	0.00795	0.01272	0.00716	0.00636	0.01352	0.01113	0.01749	0.00954	0.01113	0.00795	0.00398	0.00398	0.00080	0.00398	0.00318	0.00318	0.84417
7	0.02215	0.00955	0.01250	0.00951	0.01375	0.00832	0.00783	0.06907	0.01541	0.63546	0.01914	0.01700	0.01233	0.00628	0.00521	0.00154	0.00457	0.00507	0.00611	0.11919
8	0.02009	0.01480	0.01592	0.01226	0.01647	0.01640	0.01011	0.74112	0.02482	0.03329	0.01293	0.01309	0.00924	0.00729	0.02508	0.00179	0.00612	0.00486	0.00531	0.00902
9	0.00634	0.00544	0.00544	0.00544	0.00725	0.00453	0.00408	0.00770	0.01224	0.01450	0.05438	0.05166	0.77569	0.01359	0.00634	0.00181	0.00272	0.01133	0.00498	0.00453
10	0.02007	0.02493	0.01527	0.01374	0.01660	0.74222	0.01036	0.06689	0.01583	0.01441	0.00858	0.00988	0.00705	0.00559	0.00487	0.00140	0.00945	0.00354	0.00293	0.00640
11	0.01166	0.00673	0.00702	0.00638	0.00806	0.00710	0.00496	0.12793	0.01334	0.02196	0.01652	0.01870	0.01287	0.00637	0.00436	0.00134	0.02393	0.00497	0.69016	0.00566
12	0.01014	0.00954	0.01610	0.79845	0.03697	0.01193	0.01491	0.01371	0.01073	0.01371	0.00954	0.01431	0.00716	0.00537	0.00537	0.00179	0.00716	0.00477	0.00239	0.00596
13	0.00654	0.00467	0.00623	0.00747	0.00779	0.00436	0.00498	0.00747	0.01028	0.01370	0.02959	0.80785	0.03550	0.01682	0.00685	0.00218	0.00311	0.01526	0.00498	0.00436
14	0.00654	0.00467	0.00623	0.00747	0.00779	0.00436	0.00498	0.00747	0.01028	0.01370	0.02959	0.80785	0.03550	0.01682	0.00685	0.00218	0.00311	0.01526	0.00498	0.00436
15	0.01254	0.05812	0.54772	0.01327	0.01988	0.01142	0.01596	0.01749	0.01197	0.12198	0.04089	0.03524	0.01023	0.00577	0.00510	0.00163	0.00680	0.00460	0.00314	0.05626
16	0.01163	0.01157	0.01622	0.01394	0.01397	0.01617	0.01160	0.01282	0.00823	0.01291	0.00725	0.01201	0.00723	0.01027	0.03951	0.00253	0.77922	0.00473	0.00236	0.00584
17	0.01267	0.01448	0.03167	0.02262	0.02805	0.01357	0.75837	0.01719	0.01267	0.01719	0.01086	0.01448	0.00814	0.00452	0.00633	0.00181	0.00905	0.00633	0.00271	0.00724
18	0.01057	0.01020	0.01622	0.75065	0.05534	0.03977	0.01479	0.01406	0.01093	0.01379	0.00951	0.01412	0.00718	0.00536	0.00535	0.00177	0.00723	0.00472	0.00241	0.00604
19	0.06038	0.20586	0.45415	0.01246	0.01861	0.01382	0.01472	0.03373	0.01190	0.05417	0.06410	0.01297	0.01025	0.00550	0.00472	0.00157	0.00662	0.00415	0.00288	0.00745
20	0.84927	0.01038	0.00789	0.00706	0.01038	0.01204	0.00581	0.01578	0.00914	0.02408	0.00747	0.00872	0.00581	0.00498	0.00332	0.00166	0.00415	0.00291	0.00332	0.00581
21	0.00756	0.00549	0.00713	0.00672	0.00800	0.00505	0.00504	0.01006	0.01511	0.02133	0.75540	0.04041	0.07040	0.01105	0.00633	0.00169	0.00254	0.00975	0.00588	0.00505
22	0.01318	0.01221	0.02022	0.21146	0.52304	0.03171	0.04211	0.01641	0.01210	0.05095	0.01045	0.01370	0.00835	0.00501	0.00536	0.00165	0.00666	0.00483	0.00278	0.00783
23	0.00781	0.00520	0.00585	0.00585	0.00585	0.00520	0.00325	0.00781	0.00781	0.01041	0.01691	0.03513	0.01952	0.81135	0.02732	0.00520	0.00520	0.00781	0.00325	0.00325
24	0.00663	0.00473	0.00633	0.00757	0.00792	0.00444	0.00514	0.00763	0.01036	0.01380	0.02954	0.77674	0.03531	0.01673	0.00687	0.00219	0.00319	0.04550	0.00498	0.00438
25	0.00767	0.00573	0.00851	0.00851	0.00943	0.00665	0.00657	0.00951	0.00859	0.01238	0.01448	0.02167	0.01367	0.07199	0.75869	0.00849	0.01400	0.00584	0.00289	0.00473
26	0.12273	0.03447	0.01546	0.03669	0.11447	0.37407	0.02319	0.12707	0.03424	0.01854	0.01039	0.01320	0.00864	0.00592	0.00493	0.00155	0.00750	0.03669	0.00335	0.00691
27	0.00653	0.00469	0.00621	0.00742	0.00777	0.00436	0.00496	0.00748	0.01033	0.01372	0.03027	0.78698	0.05593	0.01673	0.00684	0.00217	0.00310	0.01515	0.00498	0.00436
28	0.00778	0.00592	0.00884	0.00878	0.00971	0.00698	0.00685	0.00968	0.00862	0.01247	0.01418	0.02083	0.01324	0.03940	0.76869	0.00845	0.03618	0.00572	0.00286	0.00482
29	0.01212	0.01176	0.02062	0.30344	0.45094	0.01253	0.07952	0.01556	0.01173	0.01615	0.00997	0.01375	0.00799	0.00497	0.00542	0.00168	0.00688	0.00491	0.00257	0.00749
30	0.01867	0.04328	0.06060	0.01513	0.07370	0.59315	0.01137	0.07228	0.01518	0.01512	0.00878	0.01030	0.00718	0.00559	0.00523	0.00145	0.02968	0.00370	0.00289	0.00670
31	0.08305	0.04051	0.01508	0.01358	0.03044	0.67894	0.01015	0.02057	0.01442	0.01404	0.00822	0.00971	0.00686	0.00556	0.00504	0.00143	0.02993	0.00346	0.00279	0.00624
32	0.01154	0.01145	0.01620	0.05935	0.01529	0.01590	0.01178	0.01287	0.00838	0.01295	0.00740	0.01216	0.00723	0.01004	0.03880	0.00249	0.73323	0.00473	0.00237	0.00585
33	0.84927	0.01038	0.00789	0.00706	0.01038	0.01204	0.00581	0.01578	0.00914	0.02408	0.00747	0.00872	0.00581	0.00498	0.00332	0.00166	0.00415	0.00291	0.00332	0.00581
34	0.84927	0.01038	0.00789	0.00706	0.01038	0.01204	0.00581	0.01578	0.00914	0.02408	0.00747	0.00872	0.00581	0.00498	0.00332	0.00166	0.00415	0.00291	0.00332	0.00581
35	0.00713	0.00549	0.00652	0.00631	0.00779	0.00488	0.00477	0.00919	0.01394	0.01858	0.46843	0.04524	0.33885	0.01212	0.00636	0.00176	0.00267	0.02960	0.00552	0.00485
36	0.00654	0.00467	0.00623	0.00747	0.00779	0.00436	0.00498	0.00747	0.01028	0.01370	0.02959	0.80785	0.03550	0.01682	0.00685	0.00218	0.00311	0.01526	0.00498	0.00436
37	0.84927	0.01038	0.00789	0.00706	0.01038	0.01204	0.00581	0.01578	0.00914	0.02408	0.00747	0.00872	0.00581	0.00498	0.00332	0.00166	0.00415	0.00291	0.00332	0.00581
38	0.01435	0.81458	0.02813	0.00918	0.01378	0.02124	0.00918	0.01607	0.01091	0.01263	0.00746	0.00861	0.00689	0.00459	0.00344	0.00115	0.00574	0.00287	0.00230	0.00689
39	0.01435	0.81458	0.02813	0.00918	0.01378	0.02124	0.00918	0.01607	0.01091	0.01263	0.00746	0.00861	0.00689	0.00459	0.00344	0.00115	0.00574	0.00287	0.00230	0.00689
40	0.00865	0.00618	0.00865	0.00989	0.01112	0.00618	0.00865	0.01112	0.01236	0.01606	0.02842	0.06055	0.03089	0.01483	0.00741	0.00247	0.00494	0.74174	0.00494	0.00494
41	0.84927	0.01038	0.00789	0.00706	0.01038	0.01204	0.00581	0.01578	0.00914	0.02408	0.00747	0.00872	0.00581	0.00498	0.00332	0.00166	0.00415	0.00291	0.00332	0.00581
42	0.00654	0.00467	0.00623	0.00747	0.00779	0.00436	0.00498	0.00747	0.01028	0.01370	0.02959	0.80785	0.03550	0.01682	0.00685	0.00218	0.00311	0.01526	0.00498	0.00436
43	0.84927	0.01038	0.00789	0.00706	0.01038	0.01204	0.00581	0.01578	0.00914	0.02408	0.00747	0.00872	0.00581	0.00498	0.00332	0.00166	0.00415	0.00291	0.00332	0.00581
44	0.01329	0.01275	0.02179	0.03295	0.77787	0.01275	0.01647	0.01647	0.01222	0.01754	0.01010	0.01329	0.00850	0.00478	0.00531	0.00159	0.00638	0.00478	0.00266	0.00850
45	0.01335	0.01153	0.01214	0.01092	0.01396	0.01335	0.00850	0.02852	0.76817	0.02245	0.02185	0.02003	0.01639	0.00728	0.00546	0.00182	0.00425	0.00607	0.00546	0.00850
46	0.00634	0.00544	0.00544	0.00544	0.00725	0.00453	0.00408	0.00770	0.01224	0.01450	0.05438	0.05166	0.77569	0.01359	0.00634	0.00181	0.00272	0.01133	0.00498	0.00453
47	0.01267	0.01448	0.03167	0.02262	0.02805	0.01357	0.75837	0.01719	0.01267	0.01719	0.01086	0.01448	0.00814	0.00452	0.00633	0.00181	0.00905	0.00633	0.00271	0.00724
48	0.01554	0.01190	0.01284	0.01104	0.01439	0.01340	0.00873	0.15192	0.57263	0.09494	0.02027	0.01866	0.01487	0.00708	0.00544	0.00177	0.00456	0.00580	0.00556	0.00866
49	0.00634	0.00544	0.00544	0.00544	0.00725	0.00453	0.00408	0.00770	0.01224	0.01450	0.05438	0.05166	0.77569	0.01359	0.00634	0.00181	0.00272	0.01133	0.00498	0.00453
50	0.04027	0.00950	0.01258	0.00966	0.01381	0.00848	0.00798	0.06844	0.01581	0.72324	0.02042	0.01777	0.01290	0.00660	0.00536	0.00166	0.00464	0.00532	0.00650	0.00907
51	0.00775	0.00520	0.00595	0.00600	0.00604	0.00521	0.00343	0.00784	0.00794	0.01061	0.01741	0.06957	0.02007	0.75419	0.04752	0.00516	0.00536	0.00809	0.00332	0.00335
52	0.00653	0.00472	0.00618	0.00736	0.00775	0.00437	0.00493	0.00749	0.01039	0.01375	0.03102	0.76407	0.07836	0.01663	0.00682	0.00216	0.00309	0.01503	0.00498	0.00437
53	0.02323	0.01051	0.01331	0.01020	0.01439	0.00993	0.00843	0.19694	0.01766	0.60756	0.01925	0.01702	0.01232	0.00660	0.00539	0.00165	0.00488	0.00527	0.00635	0.00913
54	0.10372	0.00980	0.01235	0.00957	0.01365	0.00911	0.00790	0.09340	0.01568	0.63862	0.01908	0.01684	0.01218	0.00646	0.00519	0.00166	0.00465	0.00510	0.00620	0.00881
55	0.00739	0.00545	0.00691	0.00669	0.00798	0.00498	0.00501	0.00966	0.01442	0.01994	0.61056	0.08671	0.15166	0.01178	0.00639	0.00175	0.00266	0.02941	0.00570	0.00495
56	0.00749	0.00547	0.00680	0.00696	0.00767	0.00558	0.00481	0.00877	0.02466	0.01269	0.04314	0.13489	0.14371	0.31665	0.22814	0.00499	0.00694	0.02263	0.00380	0.00421
57	0.67240	0.01174	0.06438	0.00923	0.03001	0.01187	0.05068	0.01624	0.00994	0.05231	0.02503	0.01039	0.00734	0.00515	0.00381	0.00167	0.00473	0.00347	0.00338	0.00622
58	0.01380	0.01389	0.02078	0.07530	0.65647	0.09284	0.01575	0.01683	0.01244	0.01686	0.00988	0.01297	0.00826	0.00489	0.00527	0.00158	0.00676	0.00465	0.00265	0.00812
59	0.08253	0.61476	0.07294	0.01070	0.04871	0.03889	0.00997	0.04287	0.01147	0.01483	0.00793	0.00918	0.00695	0.00475	0.00373	0.00127	0.00588	0.00311	0.00252	0.00700
60	0.41657	0.05111	0.09847	0.01035	0.01435	0.12837	0.04432	0.03450	0.05737	0.06987	0.00991	0.01086	0.00748	0.00530	0.00422	0.00160	0.00577	0.00367	0.00343	0.02248
61	0.06036	0.35822	0.28888	0.01156	0.01713	0.03133	0.01271	0.06443	0.02863	0.06728	0.00980	0.01075	0.00757	0.00512	0.00434	0.00145	0.00640	0.00363	0.00290	0.00751
62	0.04245	0.02805	0.07561	0.03297	0.01464	0.02594	0.03823	0.15489	0.04710	0.08853	0.03126	0.09978	0.05729	0.00982	0.04258	0.00214	0.15526	0.00638	0.04030	0.00681
63	0.28959	0.05930	0.08199	0.05488	0.01449	0.01130	0.02429	0.09478	0.02416	0.05835	0.01480	0.05054	0.07233	0.00653	0.00458	0.00158	0.00491	0.01746	0.00374	0.11039

[dist]
# distance from previous block
# <min> <max>
4	17

[block]
# block no. 4 follows, 45 sequences, length 28
# corresponding to MSA columns:
# 389-416
name=unknown_E
#
# <colnr> <probs for GDERKNQSTAVLIFYWHMCP>
#	G	D	E	R	K	N	Q	S	T	A	V	L	I	F	Y	W	H	M	C	P
0	0.15044	0.04253	0.06204	0.15029	0.01647	0.02497	0.04474	0.01340	0.02411	0.03321	0.15972	0.08705	0.06379	0.00929	0.03503	0.00197	0.00528	0.02749	0.00385	0.04433
1	0.12530	0.03531	0.05383	0.20529	0.11471	0.07510	0.03839	0.07497	0.01270	0.04545	0.01394	0.01709	0.06269	0.00620	0.00505	0.00163	0.00607	0.03268	0.02003	0.05357
2	0.01323	0.04220	0.06956	0.02176	0.35260	0.08784	0.09472	0.01784	0.10844	0.01726	0.01226	0.01530	0.01011	0.05040	0.00645	0.00180	0.00648	0.00505	0.05918	0.00752
3	0.04024	0.02886	0.06911	0.14061	0.35731	0.02509	0.03007	0.03049	0.05890	0.01708	0.01389	0.01790	0.05363	0.00635	0.00608	0.00174	0.05070	0.04153	0.00306	0.00735
4	0.56781	0.07703	0.06834	0.03760	0.06422	0.02787	0.00836	0.03069	0.01039	0.03954	0.02205	0.01029	0.00726	0.00515	0.00384	0.00162	0.00494	0.00340	0.00324	0.00638
5	0.01060	0.00893	0.01057	0.00782	0.01205	0.00689	0.00621	0.01299	0.01156	0.01784	0.10379	0.01498	0.01336	0.00587	0.02664	0.00113	0.00409	0.00406	0.00351	0.71711
6	0.00937	0.00598	0.00761	0.00697	0.00856	0.00550	0.00525	0.01187	0.03042	0.10119	0.56988	0.03814	0.11118	0.05547	0.00739	0.00190	0.00295	0.00922	0.00574	0.00542
7	0.00654	0.00467	0.00623	0.00747	0.00779	0.00436	0.00498	0.00747	0.01028	0.01370	0.02959	0.80785	0.03550	0.01682	0.00685	0.00218	0.00311	0.01526	0.00498	0.00436
8	0.00638	0.00544	0.00549	0.00548	0.00727	0.00455	0.00411	0.00778	0.01233	0.01472	0.07731	0.05129	0.75262	0.01351	0.00634	0.00181	0.00271	0.01128	0.00501	0.00455
9	0.00690	0.00531	0.00634	0.00659	0.00784	0.00475	0.00487	0.00857	0.01263	0.01646	0.25784	0.23249	0.33773	0.01369	0.00653	0.00191	0.00290	0.05673	0.00525	0.00467
10	0.06192	0.00562	0.00549	0.00534	0.00680	0.00577	0.00406	0.03384	0.01152	0.02065	0.01676	0.01912	0.01314	0.00618	0.00377	0.00129	0.00270	0.00487	0.76599	0.00517
11	0.01113	0.00954	0.01113	0.00795	0.01272	0.00716	0.00636	0.01352	0.01113	0.01749	0.00954	0.01113	0.00795	0.00398	0.00398	0.00080	0.00398	0.00318	0.00318	0.84417
12	0.01621	0.01248	0.01340	0.01128	0.01478	0.01404	0.00899	0.25663	0.49003	0.07269	0.01901	0.01769	0.01393	0.00698	0.00543	0.00175	0.00479	0.00564	0.00551	0.00873
13	0.02014	0.01490	0.01596	0.01230	0.01654	0.01652	0.01014	0.73228	0.05336	0.03340	0.01323	0.01316	0.00940	0.00648	0.00537	0.00162	0.00584	0.00488	0.00537	0.00910
14	0.00739	0.00539	0.00695	0.00674	0.00794	0.00495	0.00499	0.00967	0.01444	0.02017	0.64198	0.12677	0.09893	0.01181	0.00639	0.00175	0.00261	0.01044	0.00574	0.00495
15	0.00639	0.00528	0.00560	0.00587	0.00736	0.00450	0.00427	0.00766	0.01182	0.01433	0.04916	0.21068	0.62003	0.01427	0.00645	0.00189	0.00280	0.01216	0.00498	0.00450
16	0.01182	0.01314	0.06646	0.17485	0.02225	0.04037	0.18033	0.01488	0.02543	0.01473	0.00926	0.01323	0.00771	0.00694	0.01069	0.00199	0.34389	0.00503	0.03063	0.00636
17	0.02005	0.02558	0.01521	0.01383	0.01659	0.78980	0.01037	0.02143	0.01521	0.01314	0.00830	0.00968	0.00691	0.00553	0.00484	0.00138	0.00968	0.00346	0.00277	0.00622
18	0.00932	0.00466	0.00699	0.00699	0.00699	0.00466	0.00466	0.00699	0.00699	0.00932	0.00932	0.01632	0.00932	0.01865	0.02098	0.84382	0.00466	0.00466	0.00233	0.00233
19	0.03931	0.09645	0.66498	0.01507	0.04727	0.01324	0.01831	0.01686	0.01125	0.01687	0.00938	0.01107	0.00683	0.00504	0.00490	0.00165	0.00756	0.00386	0.00232	0.00779
20	0.01731	0.04555	0.01652	0.01328	0.01662	0.38718	0.10139	0.17700	0.03149	0.01867	0.01394	0.01496	0.06895	0.00628	0.00517	0.00151	0.00765	0.00484	0.04483	0.00684
21	0.01077	0.02777	0.78354	0.01530	0.02323	0.01247	0.01983	0.01700	0.01133	0.01700	0.00963	0.01133	0.00680	0.00510	0.00510	0.00170	0.00793	0.00397	0.00227	0.00793
22	0.00765	0.00519	0.00584	0.00590	0.00604	0.00512	0.00339	0.00778	0.00822	0.01084	0.02003	0.07308	0.07092	0.72004	0.02494	0.00483	0.00494	0.00840	0.00345	0.00339
23	0.01954	0.01551	0.06816	0.01296	0.01755	0.01568	0.05258	0.62530	0.02302	0.07593	0.01305	0.01319	0.00916	0.00626	0.00541	0.00163	0.00614	0.00489	0.00509	0.00894
24	0.01380	0.01606	0.20173	0.17745	0.30831	0.05971	0.01554	0.01755	0.01228	0.11031	0.01113	0.01341	0.00832	0.00525	0.00525	0.00165	0.00689	0.00458	0.00301	0.00780
25	0.00932	0.00466	0.00699	0.00699	0.00699	0.00466	0.00466	0.00699	0.00699	0.00932	0.00932	0.01632	0.00932	0.01865	0.02098	0.84382	0.00466	0.00466	0.00233	0.00233
26	0.24640	0.01051	0.01187	0.00937	0.01332	0.01055	0.00774	0.15243	0.01542	0.44538	0.01602	0.01474	0.01054	0.00616	0.00483	0.00165	0.00469	0.00463	0.00552	0.00824
27	0.01570	0.10416	0.11407	0.04664	0.03875	0.18501	0.01118	0.15831	0.20708	0.02008	0.01282	0.01335	0.00981	0.00591	0.00499	0.00156	0.00656	0.00446	0.00381	0.03578

[dist]
# distance from previous block
# <min> <max>
0	1

[block]
# block no. 5 follows, 45 sequences, length 38
# corresponding to MSA columns:
# 418-455
name=unknown_F
#
# <colnr> <probs for GDERKNQSTAVLIFYWHMCP>
#	G	D	E	R	K	N	Q	S	T	A	V	L	I	F	Y	W	H	M	C	P
0	0.00779	0.00518	0.00582	0.00587	0.00601	0.00513	0.00338	0.00799	0.00822	0.01112	0.01885	0.06902	0.04726	0.71284	0.02465	0.00478	0.00491	0.00814	0.03962	0.00342
1	0.03281	0.03002	0.01686	0.12273	0.14582	0.09721	0.01171	0.39325	0.03366	0.04646	0.01168	0.01294	0.00868	0.00588	0.00523	0.00161	0.00645	0.00464	0.00418	0.00817
2	0.00755	0.00547	0.00704	0.00665	0.00789	0.00505	0.00494	0.00992	0.01474	0.02072	0.70918	0.04040	0.08202	0.04626	0.00725	0.00185	0.00266	0.00970	0.00575	0.00496
3	0.13442	0.01089	0.01212	0.00962	0.01326	0.01128	0.00788	0.29667	0.01774	0.27777	0.05229	0.01619	0.01256	0.00651	0.00497	0.00160	0.00469	0.00501	0.09652	0.00803
4	0.00745	0.00583	0.00675	0.00656	0.00806	0.00539	0.00486	0.01023	0.06606	0.01803	0.37188	0.09394	0.32788	0.03470	0.00690	0.00188	0.00284	0.01040	0.00538	0.00500
5	0.00777	0.00572	0.00847	0.00847	0.00944	0.00663	0.00658	0.00971	0.00874	0.01279	0.01452	0.02104	0.01343	0.03876	0.75535	0.00830	0.01385	0.00572	0.03990	0.00480
6	0.01147	0.01129	0.01570	0.01352	0.01352	0.01566	0.01115	0.01256	0.00819	0.01274	0.00773	0.01338	0.00792	0.06536	0.01829	0.00255	0.74595	0.00491	0.00241	0.00569
7	0.84927	0.01038	0.00789	0.00706	0.01038	0.01204	0.00581	0.01578	0.00914	0.02408	0.00747	0.00872	0.00581	0.00498	0.00332	0.00166	0.00415	0.00291	0.00332	0.00581
8	0.03046	0.00939	0.01123	0.00864	0.01261	0.00806	0.00690	0.08404	0.02848	0.18988	0.06642	0.07060	0.01422	0.00626	0.00480	0.00126	0.00413	0.00517	0.00451	0.43296
9	0.01955	0.02432	0.01640	0.01437	0.01740	0.69951	0.06257	0.05564	0.01550	0.01439	0.00869	0.01016	0.00710	0.00550	0.00497	0.00142	0.00946	0.00372	0.00288	0.00643
10	0.01013	0.00932	0.01555	0.75902	0.03544	0.01158	0.01435	0.01365	0.01076	0.01403	0.00994	0.01459	0.00748	0.00541	0.00529	0.00176	0.00692	0.00478	0.04406	0.00592
11	0.01388	0.62172	0.18937	0.01051	0.01580	0.01896	0.01143	0.01658	0.01113	0.03687	0.00834	0.00949	0.00706	0.00476	0.00386	0.00128	0.00617	0.00318	0.00242	0.00718
12	0.00815	0.00533	0.00706	0.00784	0.00865	0.00501	0.00561	0.00970	0.02515	0.06720	0.08126	0.59447	0.04875	0.01527	0.00674	0.00213	0.00337	0.08827	0.00517	0.00487
13	0.00687	0.00553	0.00617	0.00621	0.00784	0.00483	0.00479	0.00861	0.01290	0.01621	0.20906	0.05010	0.53615	0.01316	0.00646	0.00186	0.00292	0.09049	0.00518	0.00469
14	0.00718	0.00553	0.00683	0.02220	0.00873	0.01999	0.00548	0.00842	0.01075	0.01395	0.04744	0.49162	0.14548	0.05588	0.05767	0.00267	0.00422	0.07676	0.00469	0.00449
15	0.08435	0.24394	0.40897	0.01453	0.07140	0.01496	0.05947	0.01661	0.01117	0.01644	0.00895	0.01067	0.00694	0.00489	0.00457	0.00154	0.00696	0.00377	0.00242	0.00746
16	0.01311	0.01258	0.02148	0.07446	0.73769	0.01271	0.01639	0.01632	0.01214	0.01733	0.01007	0.01334	0.00843	0.00481	0.00532	0.00160	0.00642	0.00478	0.00264	0.00837
17	0.00742	0.00516	0.00646	0.00701	0.00796	0.00465	0.00492	0.00872	0.01163	0.04889	0.13958	0.49514	0.20297	0.01482	0.00660	0.00201	0.00301	0.01316	0.00519	0.00471
18	0.01178	0.05864	0.43286	0.01809	0.14979	0.05032	0.10215	0.01656	0.01212	0.01708	0.07094	0.01412	0.01076	0.00545	0.00529	0.00165	0.00735	0.00476	0.00270	0.00759
19	0.07402	0.00963	0.01196	0.00950	0.01323	0.00920	0.00775	0.09399	0.08359	0.51799	0.09451	0.01947	0.01641	0.00701	0.00536	0.00167	0.00444	0.00567	0.00613	0.00846
20	0.11104	0.06772	0.01912	0.17514	0.07433	0.08233	0.15646	0.01545	0.01085	0.01571	0.00894	0.01235	0.00737	0.00605	0.00798	0.00180	0.19398	0.00460	0.02234	0.00641
21	0.50059	0.01388	0.16455	0.02798	0.01418	0.01193	0.00927	0.03731	0.07124	0.07334	0.01037	0.01125	0.00763	0.00537	0.00410	0.00168	0.00503	0.00368	0.01987	0.00675
22	0.00783	0.00546	0.00693	0.00680	0.00807	0.00495	0.00501	0.00985	0.01378	0.04798	0.48892	0.19370	0.15590	0.01237	0.00640	0.00180	0.00275	0.01089	0.00561	0.00500
23	0.01099	0.06193	0.72979	0.01551	0.04318	0.01286	0.01927	0.01694	0.01134	0.01682	0.00955	0.01127	0.00685	0.00507	0.00503	0.00167	0.00779	0.00394	0.00228	0.00790
24	0.00692	0.00548	0.00623	0.00609	0.00767	0.00479	0.00460	0.00878	0.01345	0.01741	0.34774	0.04718	0.46016	0.01256	0.00637	0.00178	0.00270	0.02998	0.00536	0.00476
25	0.00679	0.00488	0.00646	0.00742	0.00795	0.00455	0.00513	0.00804	0.01116	0.01500	0.14136	0.63996	0.05753	0.01577	0.00679	0.00211	0.00310	0.04641	0.00512	0.00450
26	0.00653	0.00531	0.00579	0.00596	0.00744	0.00457	0.00436	0.00797	0.01226	0.01524	0.13987	0.18202	0.55632	0.01383	0.00643	0.00186	0.00276	0.01181	0.00510	0.00457
27	0.01335	0.01153	0.01214	0.01092	0.01396	0.01335	0.00850	0.02852	0.76817	0.02245	0.02185	0.02003	0.01639	0.00728	0.00546	0.00182	0.00425	0.00607	0.00546	0.00850
28	0.02041	0.01504	0.01611	0.01235	0.01665	0.01665	0.01020	0.75997	0.02524	0.03383	0.01289	0.01289	0.00913	0.00644	0.00537	0.00161	0.00591	0.00483	0.00537	0.00913
29	0.00835	0.00611	0.00732	0.00699	0.00699	0.00676	0.00443	0.00851	0.00786	0.01076	0.01555	0.03190	0.01779	0.70052	0.02598	0.00481	0.11526	0.00738	0.00313	0.00361
30	0.01435	0.81458	0.02813	0.00918	0.01378	0.02124	0.00918	0.01607	0.01091	0.01263	0.00746	0.00861	0.00689	0.00459	0.00344	0.00115	0.00574	0.00287	0.00230	0.00689
31	0.01320	0.01125	0.01199	0.01089	0.01383	0.01294	0.00855	0.04455	0.69897	0.02229	0.02209	0.02263	0.01721	0.00778	0.00559	0.00186	0.00433	0.05637	0.00542	0.00827
32	0.00776	0.00539	0.00680	0.00680	0.00713	0.00572	0.00444	0.00841	0.00809	0.01111	0.01605	0.03033	0.01743	0.54761	0.28821	0.00637	0.00834	0.00710	0.00312	0.00378
33	0.01014	0.00954	0.01610	0.79845	0.03697	0.01193	0.01491	0.01371	0.01073	0.01371	0.00954	0.01431	0.00716	0.00537	0.00537	0.00179	0.00716	0.00477	0.00239	0.00596
34	0.00716	0.00635	0.00616	0.00613	0.00791	0.03322	0.00457	0.00907	0.04178	0.01492	0.07159	0.10030	0.64571	0.01320	0.00629	0.00182	0.00305	0.01106	0.00495	0.00475
35	0.01251	0.01312	0.01772	0.04532	0.01678	0.10196	0.11610	0.01435	0.00984	0.01378	0.00848	0.01267	0.00769	0.00938	0.04779	0.00239	0.51003	0.00485	0.02922	0.00603
36	0.57897	0.21494	0.01300	0.00758	0.01108	0.01391	0.00662	0.01547	0.01000	0.02099	0.05998	0.01084	0.00915	0.00529	0.00356	0.00153	0.00445	0.00336	0.00324	0.00604
37	0.03144	0.03066	0.07070	0.05541	0.20201	0.11376	0.03910	0.15842	0.10669	0.02022	0.01150	0.01310	0.00898	0.00569	0.00571	0.00159	0.04391	0.00457	0.00352	0.07302

[dist]
# distance from previous block
# <min> <max>
0	1

[block]
# block no. 6 follows, 45 sequences, length 190
# corresponding to MSA columns:
# 457-646
name=unknown_G
#
# <colnr> <probs for GDERKNQSTAVLIFYWHMCP>
#	G	D	E	R	K	N	Q	S	T	A	V	L	I	F	Y	W	H	M	C	P
0	0.00860	0.00848	0.06280	0.00815	0.01059	0.00714	0.03582	0.04164	0.10930	0.01782	0.17712	0.08825	0.38118	0.01127	0.00614	0.00180	0.00365	0.00964	0.00495	0.00565
1	0.00653	0.00470	0.00620	0.00740	0.00777	0.00437	0.00495	0.00748	0.01034	0.01373	0.03044	0.78195	0.06086	0.01671	0.00683	0.00217	0.00310	0.01513	0.00498	0.00437
2	0.01723	0.01151	0.01237	0.00988	0.01320	0.01246	0.00803	0.46921	0.03796	0.07216	0.01501	0.01557	0.01097	0.00642	0.00487	0.00151	0.00474	0.00495	0.26412	0.00784
3	0.19998	0.19021	0.29195	0.01337	0.09205	0.02837	0.01288	0.01735	0.01126	0.08343	0.00970	0.01092	0.00733	0.00507	0.00439	0.00155	0.00621	0.00369	0.00293	0.00736
4	0.00680	0.00542	0.00606	0.00597	0.00750	0.00471	0.00443	0.00850	0.01306	0.01673	0.29244	0.07893	0.48995	0.02736	0.00674	0.00185	0.00272	0.01089	0.00526	0.00468
5	0.01528	0.04131	0.08673	0.03974	0.24759	0.15683	0.05184	0.11780	0.01423	0.04458	0.01024	0.01222	0.00808	0.00534	0.00558	0.00152	0.03941	0.00434	0.00317	0.09416
6	0.00932	0.00466	0.00699	0.00699	0.00699	0.00466	0.00466	0.00699	0.00699	0.00932	0.00932	0.01632	0.00932	0.01865	0.02098	0.84382	0.00466	0.00466	0.00233	0.00233
7	0.01218	0.21338	0.55801	0.01377	0.02059	0.06229	0.01674	0.01705	0.01147	0.01573	0.00904	0.01059	0.00683	0.00501	0.00469	0.00155	0.00752	0.00368	0.00230	0.00758
8	0.00675	0.00527	0.00585	0.00604	0.00743	0.00460	0.00440	0.00826	0.01224	0.01568	0.15912	0.20554	0.47402	0.01352	0.00633	0.00184	0.00276	0.01160	0.04415	0.00460
9	0.00760	0.00548	0.00719	0.00684	0.00808	0.00507	0.00514	0.01009	0.01502	0.02123	0.74189	0.05793	0.04988	0.01119	0.00637	0.00172	0.00260	0.02578	0.00587	0.00505
10	0.00666	0.00545	0.00587	0.00576	0.00744	0.00466	0.00432	0.00831	0.01297	0.01624	0.23313	0.04879	0.59585	0.01294	0.00634	0.00178	0.00267	0.01093	0.00521	0.00466
11	0.00905	0.00586	0.00734	0.00675	0.00844	0.00524	0.00514	0.01127	0.01455	0.09990	0.53421	0.04039	0.20923	0.01111	0.00624	0.00171	0.00279	0.00962	0.00578	0.00537
12	0.01435	0.81458	0.02813	0.00918	0.01378	0.02124	0.00918	0.01607	0.01091	0.01263	0.00746	0.00861	0.00689	0.00459	0.00344	0.00115	0.00574	0.00287	0.00230	0.00689
13	0.01077	0.02777	0.78354	0.01530	0.02323	0.01247	0.01983	0.01700	0.01133	0.01700	0.00963	0.01133	0.00680	0.00510	0.00510	0.00170	0.00793	0.00397	0.00227	0.00793
14	0.02408	0.00914	0.01246	0.00955	0.01370	0.00789	0.00789	0.02616	0.01536	0.78158	0.02118	0.01827	0.01329	0.00664	0.00540	0.00166	0.00457	0.00540	0.00664	0.00914
15	0.01174	0.01174	0.01644	0.01409	0.01409	0.01644	0.01174	0.01292	0.00822	0.01292	0.00705	0.01174	0.00705	0.00940	0.01762	0.00235	0.80153	0.00470	0.00235	0.00587
16	0.01021	0.00962	0.01624	0.77984	0.05498	0.01195	0.01495	0.01378	0.01077	0.01381	0.00955	0.01429	0.00719	0.00535	0.00537	0.00178	0.00714	0.00477	0.00239	0.00602
17	0.00654	0.00467	0.00623	0.00747	0.00779	0.00436	0.00498	0.00747	0.01028	0.01370	0.02959	0.80785	0.03550	0.01682	0.00685	0.00218	0.00311	0.01526	0.00498	0.00436
18	0.01329	0.01275	0.02179	0.03295	0.77787	0.01275	0.01647	0.01647	0.01222	0.01754	0.01010	0.01329	0.00850	0.00478	0.00531	0.00159	0.00638	0.00478	0.00266	0.00850
19	0.02005	0.02558	0.01521	0.01383	0.01659	0.78980	0.01037	0.02143	0.01521	0.01314	0.00830	0.00968	0.00691	0.00553	0.00484	0.00138	0.00968	0.00346	0.00277	0.00622
20	0.01109	0.09859	0.71555	0.01475	0.02238	0.01326	0.01887	0.01692	0.01129	0.01661	0.00944	0.01109	0.00681	0.00505	0.00495	0.00165	0.00774	0.00387	0.00227	0.00784
21	0.01323	0.01269	0.02168	0.04720	0.76407	0.01274	0.01644	0.01642	0.01219	0.01747	0.01009	0.01330	0.00848	0.00479	0.00532	0.00160	0.00639	0.00478	0.00265	0.00846
22	0.02049	0.01490	0.01603	0.01229	0.01658	0.01644	0.01015	0.74302	0.02501	0.05110	0.01308	0.01301	0.00922	0.00645	0.00537	0.00161	0.00588	0.00485	0.00540	0.00913
23	0.03700	0.01268	0.02173	0.05015	0.61667	0.01304	0.08109	0.01619	0.01185	0.01727	0.00986	0.01318	0.00826	0.00511	0.00621	0.00167	0.06245	0.00486	0.00265	0.00806
24	0.00660	0.00470	0.00621	0.00740	0.00770	0.00440	0.00490	0.00749	0.01017	0.01355	0.02902	0.77305	0.03478	0.05259	0.00777	0.00232	0.00321	0.01492	0.00490	0.00431
25	0.00767	0.00575	0.00863	0.00863	0.00959	0.00671	0.00671	0.00959	0.00863	0.01246	0.01438	0.02109	0.01342	0.04026	0.79008	0.00863	0.01438	0.00575	0.00288	0.00479
26	0.04760	0.01505	0.19982	0.03804	0.20830	0.01191	0.02800	0.05128	0.18032	0.03768	0.01577	0.03565	0.02673	0.00688	0.00548	0.00178	0.00593	0.07233	0.00372	0.00772
27	0.02297	0.00997	0.01347	0.01147	0.06769	0.00909	0.00872	0.09728	0.01611	0.65473	0.01959	0.01739	0.01254	0.00649	0.00539	0.00165	0.00483	0.00530	0.00624	0.00909
28	0.01001	0.00500	0.00500	0.00500	0.00625	0.00500	0.00375	0.01251	0.01126	0.02001	0.01751	0.02001	0.01376	0.00625	0.00375	0.00125	0.00250	0.00500	0.84115	0.00500
29	0.00717	0.00495	0.00668	0.00772	0.00824	0.00470	0.00539	0.00833	0.01060	0.03142	0.04997	0.67873	0.03408	0.01737	0.04340	0.00248	0.00378	0.06549	0.00495	0.00455
30	0.24951	0.03630	0.25476	0.03135	0.03609	0.03870	0.11561	0.03248	0.01188	0.11235	0.02685	0.01251	0.00853	0.00533	0.00480	0.00167	0.00641	0.00430	0.00333	0.00723
31	0.00645	0.00534	0.00559	0.00573	0.00728	0.00455	0.00418	0.00773	0.01189	0.01440	0.06555	0.14134	0.64167	0.04522	0.00723	0.00199	0.00286	0.01163	0.00494	0.00447
32	0.02941	0.01210	0.01929	0.07666	0.53450	0.01228	0.03556	0.03186	0.08518	0.01814	0.01212	0.01460	0.02533	0.00522	0.00525	0.00158	0.00600	0.00494	0.00306	0.06690
33	0.01335	0.01153	0.01214	0.01092	0.01396	0.01335	0.00850	0.02852	0.76817	0.02245	0.02185	0.02003	0.01639	0.00728	0.00546	0.00182	0.00425	0.00607	0.00546	0.00850
34	0.01144	0.01064	0.01660	0.18070	0.21628	0.03089	0.09784	0.04500	0.02952	0.01668	0.01416	0.16432	0.01349	0.00723	0.00554	0.00167	0.00589	0.00675	0.01690	0.10845
35	0.01246	0.01205	0.01984	0.25808	0.52471	0.02880	0.01577	0.01568	0.01175	0.01620	0.00982	0.01348	0.00804	0.00508	0.00562	0.00167	0.02600	0.00475	0.00257	0.00764
36	0.01014	0.00954	0.01610	0.79845	0.03697	0.01193	0.01491	0.01371	0.01073	0.01371	0.00954	0.01431	0.00716	0.00537	0.00537	0.00179	0.00716	0.00477	0.00239	0.00596
37	0.00733	0.00541	0.00662	0.00667	0.00745	0.00546	0.00461	0.00832	0.00931	0.01224	0.02639	0.06670	0.21493	0.33268	0.25714	0.00526	0.00731	0.00839	0.00366	0.00411
38	0.81620	0.01037	0.00800	0.00712	0.01042	0.01200	0.00586	0.03057	0.00950	0.02420	0.00778	0.00903	0.00604	0.00504	0.00337	0.00165	0.00415	0.00299	0.01986	0.00586
39	0.00654	0.00467	0.00623	0.00747	0.00779	0.00436	0.00498	0.00747	0.01028	0.01370	0.02959	0.80785	0.03550	0.01682	0.00685	0.00218	0.00311	0.01526	0.00498	0.00436
40	0.01335	0.01153	0.01214	0.01092	0.01396	0.01335	0.00850	0.02852	0.76817	0.02245	0.02185	0.02003	0.01639	0.00728	0.00546	0.00182	0.00425	0.00607	0.00546	0.00850
41	0.84927	0.01038	0.00789	0.00706	0.01038	0.01204	0.00581	0.01578	0.00914	0.02408	0.00747	0.00872	0.00581	0.00498	0.00332	0.00166	0.00415	0.00291	0.00332	0.00581
42	0.01335	0.01153	0.01214	0.01092	0.01396	0.01335	0.00850	0.02852	0.76817	0.02245	0.02185	0.02003	0.01639	0.00728	0.00546	0.00182	0.00425	0.00607	0.00546	0.00850
43	0.00673	0.00547	0.00597	0.00588	0.00754	0.00471	0.00444	0.00842	0.01303	0.01642	0.24698	0.04874	0.56604	0.01292	0.00636	0.00179	0.00271	0.02593	0.00523	0.00468
