[name]
unknown

[dist]
# distance from previous block
# <min> <max>
0	157

[block]
# block no. 0 follows, 48 sequences, length 46
# corresponding to MSA columns:
# 167-212
name=unknown_A
#
# <colnr> <probs for GDERKNQSTAVLIFYWHMCP>
#	G	D	E	R	K	N	Q	S	T	A	V	L	I	F	Y	W	H	M	C	P
0	0.01436	0.01169	0.07612	0.03683	0.01486	0.01101	0.02942	0.10926	0.32756	0.15385	0.05811	0.01814	0.03387	0.00654	0.00514	0.00159	0.00466	0.00544	0.00482	0.07673
1	0.05878	0.00586	0.00737	0.00689	0.00846	0.00553	0.00535	0.01125	0.01388	0.08302	0.59028	0.03681	0.06583	0.01020	0.00589	0.00168	0.00287	0.06941	0.00545	0.00518
2	0.07920	0.02350	0.66477	0.01356	0.02026	0.01139	0.01699	0.01569	0.01074	0.01673	0.01051	0.01447	0.00831	0.00563	0.00492	0.00168	0.00705	0.06496	0.00246	0.00718
3	0.01356	0.01373	0.01922	0.07376	0.59543	0.12272	0.01448	0.03077	0.03690	0.01640	0.00979	0.01247	0.00809	0.00481	0.00502	0.00151	0.00651	0.00443	0.00267	0.00769
4	0.85592	0.00992	0.00754	0.00675	0.00992	0.01151	0.00556	0.01508	0.00873	0.02302	0.00714	0.00834	0.00556	0.00476	0.00318	0.00159	0.00397	0.00278	0.00318	0.00556
5	0.06188	0.01171	0.01944	0.11686	0.65781	0.01206	0.01498	0.01541	0.01135	0.01672	0.00944	0.01255	0.00783	0.00465	0.00497	0.00155	0.00605	0.00447	0.00255	0.00770
6	0.00878	0.00749	0.00919	0.00891	0.01004	0.07267	0.00694	0.03276	0.00923	0.01258	0.01302	0.01877	0.01202	0.03395	0.68811	0.00731	0.03532	0.00526	0.00280	0.00485
7	0.09869	0.01327	0.01435	0.07456	0.01669	0.01489	0.00958	0.58121	0.07872	0.02909	0.01222	0.01256	0.00880	0.00600	0.00495	0.00157	0.00546	0.00453	0.00472	0.00813
8	0.00758	0.00575	0.00840	0.00835	0.00936	0.00671	0.00649	0.01000	0.04406	0.01236	0.01408	0.02011	0.01296	0.03702	0.76241	0.00794	0.01329	0.00551	0.00286	0.00475
9	0.01248	0.53558	0.30324	0.01089	0.01643	0.01728	0.01245	0.01568	0.01057	0.01358	0.00788	0.00917	0.00655	0.00456	0.00386	0.00129	0.00624	0.00312	0.00218	0.00694
10	0.00713	0.00524	0.00668	0.00632	0.00759	0.00479	0.00474	0.00943	0.01422	0.01986	0.70637	0.03951	0.12746	0.01076	0.00605	0.00163	0.00244	0.00945	0.00555	0.00479
11	0.01080	0.07322	0.72203	0.01419	0.02146	0.01254	0.01805	0.04118	0.01125	0.01654	0.00919	0.01073	0.00658	0.00489	0.00479	0.00159	0.00740	0.00376	0.00227	0.00756
12	0.01622	0.01406	0.01347	0.01133	0.01467	0.11484	0.00899	0.31749	0.38504	0.02458	0.01587	0.01520	0.01179	0.00643	0.00511	0.00161	0.00535	0.00502	0.00486	0.00808
13	0.00865	0.00504	0.00663	0.00722	0.00806	0.00465	0.00503	0.00980	0.01052	0.11334	0.02638	0.65405	0.02965	0.01407	0.00615	0.00195	0.00311	0.01264	0.06826	0.00480
14	0.00607	0.00518	0.00522	0.00525	0.00694	0.00433	0.00392	0.00736	0.01165	0.01384	0.05136	0.06928	0.76608	0.01307	0.00608	0.00174	0.00261	0.01093	0.00476	0.00433
15	0.01752	0.26609	0.01828	0.01188	0.01505	0.56335	0.00957	0.01894	0.01330	0.01241	0.00769	0.00894	0.00660	0.00502	0.00422	0.00125	0.00811	0.00313	0.00251	0.00614
16	0.01320	0.01258	0.01810	0.24915	0.41594	0.07674	0.01411	0.10713	0.01302	0.01727	0.00968	0.01265	0.00771	0.00498	0.00506	0.00156	0.00651	0.00447	0.00279	0.00733
17	0.00625	0.00447	0.00595	0.00714	0.00744	0.00417	0.00476	0.00714	0.00982	0.01310	0.02828	0.81633	0.03394	0.01608	0.00655	0.00208	0.00298	0.01459	0.00476	0.00417
18	0.01872	0.01398	0.01496	0.01165	0.01561	0.01554	0.00956	0.68371	0.11225	0.03107	0.01332	0.01312	0.00954	0.00625	0.00514	0.00156	0.00546	0.00476	0.00514	0.00866
19	0.06762	0.01589	0.01576	0.01244	0.01627	0.17141	0.06644	0.49422	0.02008	0.05329	0.01128	0.01177	0.00819	0.00577	0.00499	0.00152	0.00645	0.00438	0.00437	0.00785
20	0.00625	0.00447	0.00595	0.00714	0.00744	0.00417	0.00476	0.00714	0.00982	0.01310	0.02828	0.81633	0.03394	0.01608	0.00655	0.00208	0.00298	0.01459	0.00476	0.00417
21	0.01238	0.00907	0.01082	0.00782	0.01229	0.00694	0.00629	0.01462	0.01121	0.12583	0.01069	0.01160	0.00832	0.00416	0.00399	0.00088	0.00388	0.00334	0.00351	0.73238
22	0.01064	0.00912	0.01064	0.00760	0.01216	0.00684	0.00608	0.01292	0.01064	0.01672	0.00912	0.01064	0.00760	0.00380	0.00380	0.00076	0.00380	0.00304	0.00304	0.85104
23	0.00969	0.00912	0.01539	0.80734	0.03534	0.01140	0.01425	0.01311	0.01026	0.01311	0.00912	0.01368	0.00684	0.00513	0.00513	0.00171	0.00684	0.00456	0.00228	0.00570
24	0.85592	0.00992	0.00754	0.00675	0.00992	0.01151	0.00556	0.01508	0.00873	0.02302	0.00714	0.00834	0.00556	0.00476	0.00318	0.00159	0.00397	0.00278	0.00318	0.00556
25	0.01951	0.01437	0.01540	0.01181	0.01591	0.01591	0.00975	0.77056	0.02412	0.03234	0.01232	0.01232	0.00873	0.00616	0.00513	0.00154	0.00565	0.00462	0.00513	0.00873
26	0.00615	0.00520	0.00532	0.00529	0.00699	0.00437	0.00397	0.00754	0.01191	0.01437	0.10699	0.04855	0.73026	0.01281	0.00606	0.00172	0.00259	0.01071	0.00483	0.00437
27	0.02225	0.00890	0.01188	0.00923	0.01312	0.00793	0.00759	0.02518	0.07200	0.73345	0.02029	0.01759	0.01292	0.00640	0.00516	0.00160	0.00434	0.00521	0.00627	0.00869
28	0.00994	0.00937	0.01583	0.74392	0.09684	0.01146	0.01437	0.01333	0.01038	0.01341	0.00916	0.01360	0.00695	0.00508	0.00513	0.00169	0.00678	0.00456	0.00230	0.00590
29	0.00983	0.00529	0.00534	0.00525	0.00658	0.00543	0.00396	0.01321	0.07351	0.01932	0.01708	0.01913	0.01336	0.00606	0.00372	0.00124	0.00253	0.00487	0.77926	0.00506
30	0.00668	0.00479	0.00639	0.00752	0.00804	0.00454	0.00542	0.00787	0.01025	0.01352	0.02860	0.62324	0.05695	0.03019	0.00700	0.00218	0.00336	0.16447	0.00473	0.00427
31	0.01205	0.43471	0.40031	0.01163	0.01757	0.01622	0.01374	0.01580	0.01062	0.01411	0.00814	0.00950	0.00654	0.00463	0.00406	0.00135	0.00651	0.00325	0.00218	0.00707
32	0.12046	0.00912	0.00975	0.00860	0.01134	0.00965	0.00676	0.08153	0.27844	0.09020	0.06964	0.08234	0.11534	0.00821	0.00516	0.00166	0.00384	0.02481	0.00484	0.05828
33	0.01055	0.00581	0.00727	0.00672	0.00765	0.00571	0.00451	0.01123	0.00903	0.16615	0.01660	0.02826	0.01655	0.53490	0.14317	0.00481	0.00623	0.00669	0.00370	0.00446
34	0.01118	0.01064	0.01808	0.42400	0.40706	0.01179	0.01499	0.01441	0.01096	0.01491	0.00938	0.01320	0.00748	0.00485	0.00511	0.00162	0.00647	0.00457	0.00241	0.00690
35	0.03997	0.02012	0.01501	0.01315	0.01543	0.52440	0.02614	0.08497	0.01375	0.01463	0.00810	0.01002	0.00682	0.00612	0.00727	0.00155	0.17991	0.00372	0.00279	0.00613
36	0.01164	0.01111	0.01891	0.30498	0.52247	0.01191	0.01522	0.01482	0.01118	0.01548	0.00946	0.01305	0.00767	0.00477	0.00510	0.00159	0.00636	0.00457	0.00245	0.00727
37	0.00627	0.00452	0.00594	0.00704	0.00742	0.00419	0.00472	0.00722	0.01004	0.01334	0.04984	0.75963	0.06928	0.01578	0.00651	0.00205	0.00294	0.01427	0.00479	0.00419
38	0.01710	0.01318	0.01405	0.01132	0.01500	0.01479	0.00917	0.50570	0.29289	0.02846	0.01537	0.01475	0.01120	0.00645	0.00516	0.00161	0.00508	0.00504	0.00516	0.00851
39	0.00639	0.00463	0.00607	0.00716	0.00764	0.00431	0.00496	0.00742	0.01013	0.01333	0.03013	0.69672	0.09505	0.01568	0.00655	0.00208	0.00308	0.06970	0.00476	0.00422
40	0.01666	0.01827	0.01859	0.01510	0.02986	0.38204	0.21807	0.09152	0.06326	0.05394	0.01051	0.01193	0.00806	0.00520	0.00511	0.00148	0.00795	0.00444	0.00322	0.03477
41	0.01372	0.82276	0.02689	0.00878	0.01317	0.02030	0.00878	0.01536	0.01043	0.01207	0.00713	0.00823	0.00658	0.00439	0.00329	0.00110	0.00549	0.00274	0.00219	0.00658
42	0.00742	0.00496	0.00561	0.00564	0.00565	0.00495	0.00316	0.00745	0.00754	0.01005	0.01655	0.05811	0.01913	0.79449	0.02550	0.00488	0.00491	0.00769	0.00316	0.00314
43	0.04794	0.01067	0.01294	0.00995	0.01394	0.01048	0.00822	0.27534	0.01767	0.51202	0.01717	0.01545	0.01114	0.00624	0.00509	0.00157	0.00478	0.00490	0.00584	0.00863
44	0.01001	0.00587	0.00812	0.00809	0.00923	0.00563	0.01904	0.01127	0.01097	0.16876	0.06378	0.56163	0.02857	0.01328	0.00677	0.00196	0.04506	0.01176	0.00496	0.00524
45	0.03318	0.00538	0.00651	0.00619	0.00757	0.00493	0.00465	0.00934	0.01372	0.01916	0.59864	0.03985	0.21034	0.01087	0.00597	0.00164	0.00251	0.00942	0.00538	0.00475

[dist]
# distance from previous block
# <min> <max>
0	5

[block]
# block no. 1 follows, 48 sequences, length 39
# corresponding to MSA columns:
# 218-256
name=unknown_B
#
# <colnr> <probs for GDERKNQSTAVLIFYWHMCP>
#	G	D	E	R	K	N	Q	S	T	A	V	L	I	F	Y	W	H	M	C	P
0	0.14044	0.01050	0.01792	0.17126	0.02127	0.01086	0.27255	0.01616	0.01131	0.14981	0.01249	0.06553	0.00988	0.00590	0.00573	0.00171	0.04118	0.00556	0.02343	0.00650
1	0.00977	0.00912	0.01501	0.74312	0.03348	0.01103	0.01359	0.01309	0.01029	0.01340	0.00912	0.01344	0.00690	0.00502	0.00502	0.00163	0.00660	0.00444	0.00234	0.07358
2	0.66574	0.01051	0.00894	0.00756	0.01098	0.01178	0.00621	0.12537	0.01114	0.02388	0.00806	0.00910	0.00618	0.00489	0.00351	0.00151	0.00420	0.00307	0.00345	0.07391
3	0.08135	0.75749	0.02533	0.00862	0.01291	0.01960	0.00852	0.01534	0.01029	0.01295	0.00713	0.00824	0.00650	0.00442	0.00328	0.00114	0.00537	0.00275	0.00227	0.00650
4	0.00976	0.00525	0.00738	0.00710	0.00743	0.00538	0.00488	0.06802	0.00808	0.01079	0.00919	0.01533	0.00890	0.01689	0.01886	0.78252	0.00455	0.00447	0.00246	0.00275
5	0.01196	0.01336	0.02813	0.02018	0.02512	0.01259	0.67811	0.01599	0.01183	0.01630	0.01014	0.01348	0.00773	0.00447	0.00630	0.00167	0.03963	0.00575	0.00262	0.07465
6	0.00992	0.00928	0.01529	0.70320	0.07219	0.01107	0.01367	0.01323	0.01036	0.01359	0.00915	0.01339	0.00697	0.00499	0.00502	0.00162	0.00656	0.00444	0.00235	0.07371
7	0.01992	0.01370	0.01498	0.01149	0.01558	0.01491	0.00949	0.68169	0.02300	0.12279	0.01326	0.01293	0.00920	0.00618	0.00514	0.00155	0.00549	0.00468	0.00528	0.00873
8	0.00630	0.00450	0.00600	0.00711	0.00745	0.00420	0.00477	0.00727	0.01005	0.01346	0.06506	0.77851	0.03464	0.01580	0.00653	0.00206	0.00295	0.01433	0.00481	0.00420
9	0.00969	0.00912	0.01539	0.80734	0.03534	0.01140	0.01425	0.01311	0.01026	0.01311	0.00912	0.01368	0.00684	0.00513	0.00513	0.00171	0.00684	0.00456	0.00228	0.00570
10	0.00625	0.00447	0.00595	0.00714	0.00744	0.00417	0.00476	0.00714	0.00982	0.01310	0.02828	0.81633	0.03394	0.01608	0.00655	0.00208	0.00298	0.01459	0.00476	0.00417
11	0.00746	0.00497	0.00560	0.00560	0.00560	0.00497	0.00311	0.00746	0.00746	0.00995	0.01617	0.03358	0.01865	0.81967	0.02612	0.00497	0.00497	0.00746	0.00311	0.00311
12	0.01270	0.01219	0.02083	0.03149	0.78767	0.01219	0.01575	0.01575	0.01168	0.01676	0.00965	0.01270	0.00813	0.00457	0.00508	0.00152	0.00610	0.00457	0.00254	0.00813
13	0.00759	0.00594	0.00942	0.00896	0.01010	0.00676	0.04709	0.00955	0.00845	0.01215	0.01356	0.01982	0.01256	0.03666	0.75703	0.00790	0.01347	0.00553	0.00274	0.00471
14	0.00827	0.00591	0.00827	0.00945	0.01063	0.00591	0.00827	0.01063	0.01181	0.01536	0.02717	0.05788	0.02953	0.01417	0.00709	0.00236	0.00472	0.75313	0.00472	0.00472
15	0.01211	0.01384	0.03028	0.02163	0.02682	0.01298	0.76903	0.01644	0.01211	0.01644	0.01038	0.01384	0.00779	0.00433	0.00606	0.00173	0.00865	0.00606	0.00260	0.00692
16	0.00969	0.00912	0.01539	0.80734	0.03534	0.01140	0.01425	0.01311	0.01026	0.01311	0.00912	0.01368	0.00684	0.00513	0.00513	0.00171	0.00684	0.00456	0.00228	0.00570
17	0.01207	0.01371	0.02953	0.02121	0.02613	0.01312	0.73004	0.01623	0.01189	0.01623	0.01019	0.01371	0.00773	0.00456	0.00661	0.00176	0.04990	0.00597	0.00258	0.00685
18	0.01026	0.00850	0.01104	0.00911	0.01177	0.00822	0.09673	0.18790	0.01461	0.01903	0.08385	0.11164	0.34541	0.01005	0.00578	0.00167	0.00412	0.00870	0.00457	0.04704
19	0.00891	0.00446	0.00668	0.00668	0.00668	0.00446	0.00446	0.00668	0.00668	0.00891	0.00891	0.01560	0.00891	0.01783	0.02005	0.85071	0.00446	0.00446	0.00223	0.00223
20	0.01009	0.00529	0.00535	0.00516	0.00651	0.00538	0.00392	0.05242	0.01147	0.01983	0.01650	0.01877	0.01292	0.00599	0.00367	0.00121	0.00256	0.00477	0.80319	0.00499
21	0.01173	0.01116	0.01894	0.24582	0.55957	0.01179	0.01501	0.01481	0.01118	0.01558	0.00967	0.01350	0.00804	0.02519	0.00562	0.00166	0.00627	0.00464	0.00248	0.00733
22	0.01064	0.00912	0.01064	0.00760	0.01216	0.00684	0.00608	0.01292	0.01064	0.01672	0.00912	0.01064	0.00760	0.00380	0.00380	0.00076	0.00380	0.00304	0.00304	0.85104
23	0.01739	0.25009	0.01797	0.01178	0.01500	0.51000	0.00951	0.05494	0.04372	0.01371	0.00842	0.00950	0.00706	0.00514	0.00430	0.00128	0.00781	0.00331	0.00274	0.00635
24	0.01047	0.06901	0.75222	0.01431	0.02173	0.01236	0.01841	0.01620	0.01081	0.01603	0.00910	0.01069	0.00650	0.00485	0.00479	0.00160	0.00747	0.00374	0.00217	0.00753
25	0.01123	0.01122	0.01596	0.01349	0.01383	0.01528	0.03451	0.01250	0.00810	0.01265	0.00694	0.01128	0.00680	0.00863	0.01598	0.00217	0.75322	0.00448	0.00229	0.03942
26	0.00616	0.00520	0.00533	0.00530	0.00699	0.00437	0.00397	0.00755	0.01192	0.01440	0.11066	0.04850	0.72657	0.01279	0.00606	0.00172	0.00258	0.01071	0.00484	0.00437
27	0.00856	0.00721	0.01042	0.00974	0.01038	0.00918	0.00780	0.01020	0.00819	0.01223	0.01170	0.01743	0.01099	0.02874	0.54254	0.00625	0.25416	0.00517	0.02420	0.00490
28	0.01644	0.01032	0.01180	0.01003	0.01332	0.01105	0.00796	0.04489	0.49843	0.28509	0.02045	0.01840	0.01448	0.00673	0.00520	0.00168	0.00420	0.00555	0.00561	0.00835
29	0.00610	0.00506	0.00534	0.00557	0.00703	0.00430	0.00406	0.00732	0.01134	0.01372	0.04746	0.19563	0.64225	0.01358	0.00616	0.00180	0.00267	0.01155	0.00476	0.00430
30	0.00759	0.00553	0.00735	0.00795	0.00914	0.00530	0.00655	0.00974	0.01242	0.01650	0.24460	0.10632	0.12144	0.01313	0.00664	0.00206	0.00370	0.40438	0.00499	0.00467
31	0.00607	0.00517	0.00523	0.00528	0.00695	0.00433	0.00393	0.00736	0.01162	0.01383	0.05103	0.08001	0.75556	0.01312	0.00608	0.00175	0.00261	0.01098	0.00476	0.00433
32	0.61405	0.01096	0.00953	0.00811	0.01146	0.01255	0.00665	0.17862	0.06845	0.02491	0.00927	0.00999	0.00698	0.00522	0.00375	0.00159	0.00434	0.00340	0.00375	0.00643
33	0.00656	0.00500	0.00603	0.00623	0.00735	0.00447	0.00450	0.00816	0.01221	0.01614	0.31773	0.26660	0.29452	0.01295	0.00620	0.00179	0.00264	0.01134	0.00509	0.00447
34	0.00649	0.00464	0.00623	0.00742	0.00782	0.00437	0.00518	0.00756	0.01006	0.01337	0.02815	0.72592	0.03341	0.01585	0.00661	0.00212	0.00319	0.10262	0.00476	0.00423
35	0.85592	0.00992	0.00754	0.00675	0.00992	0.01151	0.00556	0.01508	0.00873	0.02302	0.00714	0.00834	0.00556	0.00476	0.00318	0.00159	0.00397	0.00278	0.00318	0.00556
36	0.00969	0.00912	0.01539	0.80734	0.03534	0.01140	0.01425	0.01311	0.01026	0.01311	0.00912	0.01368	0.00684	0.00513	0.00513	0.00171	0.00684	0.00456	0.00228	0.00570
37	0.01067	0.02392	0.63592	0.01607	0.02316	0.01213	0.17350	0.01629	0.01110	0.01629	0.00945	0.01145	0.00676	0.00476	0.00512	0.00165	0.00780	0.00426	0.00225	0.00745
38	0.71477	0.01065	0.00863	0.00748	0.01076	0.03602	0.00614	0.07426	0.01046	0.07004	0.00836	0.00923	0.00627	0.00498	0.00349	0.00158	0.00429	0.00308	0.00350	0.00601

[dist]
# distance from previous block
# <min> <max>
0	2

[block]
# block no. 2 follows, 48 sequences, length 10
# corresponding to MSA columns:
# 259-268
name=unknown_C
#
# <colnr> <probs for GDERKNQSTAVLIFYWHMCP>
#	G	D	E	R	K	N	Q	S	T	A	V	L	I	F	Y	W	H	M	C	P
0	0.00648	0.00463	0.00621	0.00740	0.00780	0.00436	0.00515	0.00753	0.01004	0.01335	0.02816	0.73218	0.03345	0.01586	0.00661	0.00211	0.00317	0.09653	0.00476	0.00423
1	0.00625	0.00447	0.00595	0.00714	0.00744	0.00417	0.00476	0.00714	0.00982	0.01310	0.02828	0.81633	0.03394	0.01608	0.00655	0.00208	0.00298	0.01459	0.00476	0.00417
2	0.01301	0.65912	0.18436	0.00998	0.01503	0.01858	0.01087	0.01555	0.01051	0.01293	0.00756	0.00877	0.00657	0.00449	0.00362	0.00121	0.00592	0.00296	0.00219	0.00679
3	0.01249	0.01197	0.02044	0.08648	0.73435	0.01214	0.01564	0.01556	0.01158	0.01650	0.00961	0.01277	0.00804	0.00461	0.00508	0.00154	0.00615	0.00457	0.00252	0.00796
4	0.01365	0.00647	0.00734	0.00638	0.00848	0.00628	0.00503	0.07050	0.01272	0.21320	0.01729	0.01822	0.01272	0.00608	0.00409	0.00132	0.00312	0.00486	0.57618	0.00606
5	0.01175	0.00836	0.01070	0.09610	0.01358	0.00889	0.02729	0.17708	0.04648	0.08818	0.02055	0.24042	0.07233	0.09831	0.03336	0.00234	0.02568	0.00827	0.00437	0.00593
6	0.01080	0.14495	0.67914	0.01376	0.02086	0.01316	0.01744	0.01612	0.01077	0.01563	0.00890	0.01045	0.00651	0.00480	0.00464	0.00155	0.00727	0.00364	0.00217	0.00743
7	0.00665	0.00514	0.00606	0.00600	0.00733	0.00455	0.00444	0.00843	0.01281	0.01693	0.39305	0.12929	0.35652	0.01216	0.00611	0.00172	0.00256	0.01052	0.00518	0.00455
8	0.00746	0.00497	0.00560	0.00560	0.00560	0.00497	0.00311	0.00746	0.00746	0.00995	0.01617	0.03358	0.01865	0.81967	0.02612	0.00497	0.00497	0.00746	0.00311	0.00311
9	0.01256	0.44866	0.23437	0.04101	0.01698	0.04600	0.03357	0.01547	0.01050	0.01342	0.00786	0.00961	0.00662	0.00500	0.00515	0.00139	0.07951	0.00337	0.00222	0.00672

[dist]
# distance from previous block
# <min> <max>
5	8

[block]
# block no. 3 follows, 48 sequences, length 32
# corresponding to MSA columns:
# 277-308
name=unknown_D
#
# <colnr> <probs for GDERKNQSTAVLIFYWHMCP>
#	G	D	E	R	K	N	Q	S	T	A	V	L	I	F	Y	W	H	M	C	P
0	0.01661	0.01109	0.05277	0.01012	0.03684	0.00961	0.00832	0.18722	0.03687	0.27227	0.01518	0.01479	0.03453	0.00562	0.00475	0.00133	0.00463	0.00450	0.00464	0.26830
1	0.00966	0.00874	0.01453	0.71689	0.03227	0.01069	0.01319	0.01258	0.00998	0.01288	0.00910	0.01374	0.00703	0.00612	0.00631	0.07096	0.00655	0.00450	0.00230	0.03197
2	0.01616	0.01355	0.01346	0.01125	0.01465	0.07827	0.00896	0.34414	0.39395	0.02538	0.01617	0.01542	0.01196	0.00648	0.00513	0.00162	0.00516	0.00509	0.00497	0.00820
3	0.01239	0.00638	0.00850	0.00733	0.00943	0.00572	0.00572	0.01467	0.01458	0.27130	0.53617	0.03154	0.03680	0.00914	0.00576	0.00161	0.00305	0.00794	0.00588	0.00611
4	0.00698	0.00484	0.00606	0.00652	0.00675	0.00484	0.00416	0.00755	0.00847	0.01141	0.02054	0.33376	0.02382	0.41230	0.11506	0.00427	0.00530	0.00996	0.00370	0.00370
5	0.02002	0.01355	0.01489	0.01142	0.01550	0.01469	0.00943	0.66176	0.02275	0.14308	0.01348	0.01307	0.00931	0.00619	0.00514	0.00155	0.00546	0.00470	0.00531	0.00873
6	0.00735	0.00541	0.00782	0.00782	0.00859	0.00618	0.00588	0.00889	0.00812	0.01159	0.01413	0.02232	0.01377	0.16459	0.67452	0.00772	0.01233	0.00581	0.00281	0.00434
7	0.01276	0.01102	0.01160	0.01044	0.01334	0.01276	0.00812	0.02727	0.77840	0.02146	0.02088	0.01914	0.01566	0.00696	0.00522	0.00174	0.00406	0.00580	0.00522	0.00812
8	0.02231	0.00987	0.01261	0.00967	0.01367	0.00924	0.00799	0.17595	0.01660	0.63758	0.01864	0.01642	0.01190	0.00631	0.00515	0.00158	0.00463	0.00505	0.00610	0.00873
9	0.00626	0.00470	0.00582	0.00661	0.00733	0.00425	0.00455	0.00735	0.01058	0.01374	0.07954	0.57683	0.22388	0.01497	0.00640	0.00197	0.00285	0.01332	0.00482	0.00425
10	0.00614	0.00520	0.00530	0.00527	0.00697	0.00436	0.00395	0.00750	0.01186	0.01426	0.09530	0.04873	0.74202	0.01285	0.00606	0.00173	0.00259	0.01074	0.00482	0.00436
11	0.01982	0.02181	0.01410	0.01253	0.01540	0.66579	0.00951	0.02125	0.01457	0.14368	0.01000	0.01064	0.00764	0.00547	0.00472	0.00137	0.00843	0.00362	0.00327	0.00642
12	0.02265	0.00932	0.01227	0.00941	0.01339	0.00842	0.00777	0.10331	0.01568	0.71152	0.01941	0.01692	0.01228	0.00633	0.00516	0.00158	0.00450	0.00510	0.00622	0.00873
13	0.00739	0.00544	0.00795	0.00795	0.00880	0.00626	0.00608	0.00909	0.00824	0.01192	0.01401	0.02122	0.01331	0.10115	0.71835	0.00782	0.01277	0.00564	0.02214	0.00447
14	0.62890	0.00960	0.00873	0.00740	0.01079	0.01043	0.00610	0.01779	0.01036	0.23240	0.01071	0.01082	0.00750	0.00520	0.00372	0.00159	0.00408	0.00343	0.00404	0.00642
15	0.00969	0.00912	0.01539	0.80734	0.03534	0.01140	0.01425	0.01311	0.01026	0.01311	0.00912	0.01368	0.00684	0.00513	0.00513	0.00171	0.00684	0.00456	0.00228	0.00570
16	0.01873	0.02372	0.01461	0.01323	0.01573	0.75554	0.00999	0.02004	0.01417	0.01255	0.00786	0.00936	0.00662	0.00549	0.00531	0.00137	0.05377	0.00337	0.00262	0.00593
17	0.71567	0.00972	0.00828	0.00715	0.01046	0.01084	0.00589	0.01675	0.00973	0.15238	0.00935	0.00987	0.00676	0.00503	0.00351	0.00159	0.00404	0.00318	0.00371	0.00609
18	0.01162	0.11112	0.02345	0.08528	0.03770	0.01200	0.43164	0.01482	0.01147	0.04990	0.01331	0.14841	0.01219	0.00648	0.00566	0.00170	0.00690	0.00688	0.00305	0.00642
19	0.00891	0.00772	0.01091	0.01001	0.01044	0.00996	0.00793	0.01023	0.00799	0.01184	0.01124	0.01825	0.01111	0.12339	0.39054	0.00544	0.33134	0.00534	0.00259	0.00481
20	0.01201	0.06889	0.54519	0.01524	0.04543	0.03474	0.10871	0.03449	0.01164	0.06212	0.00993	0.01149	0.00713	0.00490	0.00495	0.00159	0.00736	0.00412	0.00256	0.00751
21	0.01361	0.03344	0.12183	0.00992	0.01349	0.01014	0.00894	0.04436	0.29642	0.17980	0.13650	0.02143	0.04027	0.00722	0.00526	0.00164	0.00442	0.01952	0.00493	0.02686
22	0.02064	0.01207	0.01391	0.01072	0.01473	0.01255	0.00884	0.45579	0.04603	0.32671	0.01569	0.01455	0.01051	0.00626	0.00515	0.00157	0.00510	0.00487	0.00561	0.00871
23	0.00693	0.00532	0.00765	0.14196	0.01226	0.00547	0.00649	0.00835	0.01010	0.01338	0.04499	0.63234	0.02959	0.01401	0.00632	0.00202	0.00368	0.04030	0.00437	0.00446
24	0.01301	0.01894	0.38607	0.01481	0.02024	0.01241	0.15463	0.07938	0.03496	0.10528	0.01099	0.01256	0.00792	0.00558	0.00654	0.00171	0.09986	0.00457	0.00307	0.00747
25	0.00631	0.00449	0.00594	0.00707	0.00736	0.00421	0.00469	0.00716	0.00971	0.01295	0.02772	0.77991	0.03323	0.05346	0.00746	0.00222	0.00307	0.01426	0.00469	0.00412
26	0.00625	0.00447	0.00595	0.00714	0.00744	0.00417	0.00476	0.00714	0.00982	0.01310	0.02828	0.81633	0.03394	0.01608	0.00655	0.00208	0.00298	0.01459	0.00476	0.00417
27	0.04368	0.39970	0.18173	0.01034	0.01510	0.04447	0.01067	0.03495	0.01171	0.16895	0.01032	0.01082	0.00780	0.00508	0.00441	0.00137	0.02504	0.00355	0.00314	0.00719
28	0.01150	0.01108	0.02080	0.40251	0.15030	0.01186	0.25246	0.01509	0.01126	0.04835	0.01008	0.01374	0.00759	0.00484	0.00542	0.00168	0.00719	0.00506	0.00260	0.00660
29	0.00827	0.00591	0.00827	0.00945	0.01063	0.00591	0.00827	0.01063	0.01181	0.01536	0.02717	0.05788	0.02953	0.01417	0.00709	0.00236	0.00472	0.75313	0.00472	0.00472
30	0.01252	0.01201	0.02051	0.07735	0.74320	0.01214	0.01566	0.01559	0.01160	0.01655	0.00962	0.01276	0.00805	0.00460	0.00508	0.00153	0.00614	0.00457	0.00252	0.00798
31	0.01427	0.02726	0.03660	0.16891	0.21676	0.05152	0.16076	0.06144	0.03554	0.14214	0.02681	0.01425	0.00945	0.00524	0.00526	0.00160	0.00648	0.00497	0.00340	0.00735

[dist]
# distance from previous block
# <min> <max>
0	1

[block]
# block no. 4 follows, 48 sequences, length 20
# corresponding to MSA columns:
# 310-329
name=unknown_E
#
# <colnr> <probs for GDERKNQSTAVLIFYWHMCP>
#	G	D	E	R	K	N	Q	S	T	A	V	L	I	F	Y	W	H	M	C	P
0	0.01292	0.21915	0.46907	0.01269	0.01890	0.01363	0.03791	0.04019	0.01162	0.10371	0.01008	0.01109	0.00733	0.00495	0.00456	0.00149	0.00668	0.00378	0.00275	0.00748
1	0.17284	0.01107	0.01611	0.30988	0.25906	0.04113	0.05095	0.03205	0.01101	0.01677	0.00943	0.01322	0.00761	0.00509	0.00482	0.00163	0.00617	0.02195	0.00268	0.00653
2	0.00686	0.00523	0.00630	0.00603	0.00742	0.00467	0.00452	0.00890	0.01357	0.01832	0.53871	0.04204	0.29607	0.01133	0.00606	0.00165	0.00248	0.00980	0.00535	0.00467
3	0.01595	0.01019	0.05090	0.00965	0.01293	0.00944	0.00819	0.19938	0.07588	0.27201	0.07264	0.07861	0.05417	0.00829	0.00551	0.00170	0.00452	0.08121	0.00530	0.02352
4	0.01064	0.00912	0.01064	0.00760	0.01216	0.00684	0.00608	0.01292	0.01064	0.01672	0.00912	0.01064	0.00760	0.00380	0.00380	0.00076	0.00380	0.00304	0.00304	0.85104
5	0.01731	0.01573	0.01400	0.01172	0.01510	0.20179	0.00928	0.35871	0.25816	0.02421	0.01396	0.01373	0.01039	0.00620	0.00504	0.00155	0.00601	0.00468	0.00457	0.00787
6	0.01055	0.00618	0.00730	0.00664	0.00874	0.00541	0.00510	0.03032	0.01280	0.19847	0.12026	0.12709	0.41874	0.01134	0.00588	0.00172	0.00311	0.00960	0.00524	0.00551
7	0.00916	0.00530	0.00691	0.00727	0.00837	0.00478	0.00515	0.01029	0.01089	0.14931	0.02957	0.58923	0.11582	0.01402	0.00625	0.00196	0.00318	0.01251	0.00504	0.00498
8	0.01276	0.01102	0.01160	0.01044	0.01334	0.01276	0.00812	0.02727	0.77840	0.02146	0.02088	0.01914	0.01566	0.00696	0.00522	0.00174	0.00406	0.00580	0.00522	0.00812
9	0.00733	0.00550	0.00825	0.00825	0.00916	0.00641	0.00641	0.00916	0.00825	0.01191	0.01374	0.02016	0.01283	0.03848	0.79934	0.00825	0.01374	0.00550	0.00275	0.00458
10	0.01917	0.02445	0.01454	0.01322	0.01586	0.79907	0.00991	0.02049	0.01454	0.01256	0.00793	0.00925	0.00661	0.00529	0.00463	0.00132	0.00925	0.00330	0.00264	0.00595
11	0.01276	0.01102	0.01160	0.01044	0.01334	0.01276	0.00812	0.02727	0.77840	0.02146	0.02088	0.01914	0.01566	0.00696	0.00522	0.00174	0.00406	0.00580	0.00522	0.00812
12	0.00835	0.00550	0.00715	0.00659	0.00803	0.00501	0.00499	0.01069	0.01440	0.07646	0.69316	0.03735	0.08203	0.01031	0.00599	0.00162	0.00257	0.00906	0.00566	0.00510
13	0.00619	0.00493	0.00555	0.00597	0.00715	0.00430	0.00426	0.00740	0.01115	0.01391	0.07936	0.32819	0.47558	0.01399	0.00624	0.00185	0.00273	0.01212	0.00481	0.00430
14	0.01902	0.01995	0.01414	0.04277	0.01591	0.56398	0.00971	0.02054	0.01396	0.16293	0.01027	0.01114	0.00780	0.00573	0.00556	0.00145	0.06155	0.00379	0.00332	0.00645
15	0.02197	0.01042	0.01295	0.00993	0.01394	0.01004	0.00820	0.24762	0.01750	0.56462	0.01788	0.01593	0.01151	0.00629	0.00515	0.00157	0.00475	0.00500	0.00599	0.00873
16	0.00956	0.00478	0.00478	0.00478	0.00598	0.00478	0.00359	0.01196	0.01076	0.01913	0.01674	0.01913	0.01315	0.00598	0.00359	0.00120	0.00239	0.00478	0.84816	0.00478
17	0.02224	0.00909	0.01204	0.00927	0.01316	0.00815	0.00764	0.08610	0.01546	0.70460	0.04335	0.01769	0.01348	0.00646	0.00519	0.00158	0.00441	0.00524	0.00623	0.00861
18	0.01003	0.00947	0.01601	0.71899	0.12102	0.01149	0.01442	0.01341	0.01042	0.01353	0.00918	0.01357	0.00699	0.00507	0.00512	0.00169	0.00676	0.00456	0.00231	0.00598
19	0.62294	0.00959	0.00876	0.00741	0.01081	0.01040	0.00611	0.01786	0.01040	0.23790	0.01081	0.01089	0.00756	0.00521	0.00373	0.00159	0.00408	0.00344	0.00406	0.00645

[dist]
# distance from previous block
# <min> <max>
0	3

[block]
# block no. 5 follows, 48 sequences, length 17
# corresponding to MSA columns:
# 333-349
name=unknown_F
#
# <colnr> <probs for GDERKNQSTAVLIFYWHMCP>
#	G	D	E	R	K	N	Q	S	T	A	V	L	I	F	Y	W	H	M	C	P
0	0.59157	0.04901	0.00952	0.00738	0.01087	0.03848	0.00609	0.01565	0.00975	0.07595	0.00842	0.00938	0.00648	0.00472	0.00347	0.00142	0.00423	0.00301	0.00331	0.14128
1	0.00696	0.00521	0.00710	0.00750	0.00811	0.00535	0.00541	0.00840	0.01067	0.01478	0.21789	0.44797	0.03280	0.01774	0.13058	0.00293	0.05035	0.01124	0.00453	0.00449
2	0.01300	0.32095	0.16109	0.01021	0.01495	0.08479	0.01013	0.05590	0.01160	0.01524	0.00839	0.00975	0.00697	0.00461	0.00428	0.00118	0.02592	0.00321	0.00262	0.23522
3	0.00868	0.00454	0.00651	0.00651	0.00651	0.00454	0.00424	0.00681	0.00681	0.00908	0.01007	0.01848	0.01047	0.14627	0.02102	0.71524	0.00454	0.00494	0.00237	0.00237
4	0.01146	0.29874	0.53115	0.01263	0.01912	0.01478	0.01548	0.01595	0.01069	0.01482	0.00850	0.00994	0.00653	0.00471	0.00433	0.00144	0.00687	0.00343	0.00218	0.00724
5	0.52073	0.02568	0.03737	0.03144	0.01208	0.01046	0.02503	0.03159	0.01015	0.04756	0.01128	0.01722	0.01001	0.00629	0.00415	0.00165	0.00448	0.12328	0.00347	0.06607
6	0.00624	0.00452	0.00590	0.00701	0.00741	0.00418	0.00470	0.00716	0.00996	0.01315	0.02997	0.76159	0.08758	0.01586	0.00651	0.00206	0.00295	0.01432	0.00476	0.00418
7	0.00624	0.00450	0.00592	0.00705	0.00742	0.00418	0.00472	0.00715	0.00991	0.01313	0.02938	0.78077	0.06879	0.01593	0.00653	0.00207	0.00296	0.01441	0.00476	0.00418
8	0.60706	0.03364	0.01017	0.00821	0.01163	0.03707	0.00678	0.19597	0.01264	0.02463	0.00841	0.00931	0.00638	0.00510	0.00369	0.00155	0.00457	0.00323	0.00360	0.00636
9	0.00625	0.00447	0.00595	0.00714	0.00744	0.00417	0.00476	0.00714	0.00982	0.01310	0.02828	0.81633	0.03394	0.01608	0.00655	0.00208	0.00298	0.01459	0.00476	0.00417
10	0.00746	0.00497	0.00560	0.00560	0.00560	0.00497	0.00311	0.00746	0.00746	0.00995	0.01617	0.03358	0.01865	0.81967	0.02612	0.00497	0.00497	0.00746	0.00311	0.00311
11	0.06785	0.00880	0.01167	0.00900	0.01293	0.00776	0.00743	0.02447	0.01437	0.74987	0.01954	0.01697	0.01232	0.00627	0.00505	0.00159	0.00434	0.00503	0.00618	0.00856
12	0.01069	0.02375	0.62523	0.01617	0.02322	0.01215	0.18401	0.01629	0.01111	0.01629	0.00947	0.01149	0.00678	0.00475	0.00513	0.00165	0.00782	0.00429	0.00226	0.00744
13	0.00827	0.00591	0.00827	0.00945	0.01063	0.00591	0.00827	0.01063	0.01181	0.01536	0.02717	0.05788	0.02953	0.01417	0.00709	0.00236	0.00472	0.75313	0.00472	0.00472
14	0.00969	0.00912	0.01539	0.80734	0.03534	0.01140	0.01425	0.01311	0.01026	0.01311	0.00912	0.01368	0.00684	0.00513	0.00513	0.00171	0.00684	0.00456	0.00228	0.00570
15	0.01123	0.01123	0.01572	0.01347	0.01347	0.01572	0.01123	0.01235	0.00786	0.01235	0.00674	0.01123	0.00674	0.00898	0.01684	0.00225	0.81028	0.00449	0.00225	0.00561
16	0.01177	0.36995	0.46263	0.01210	0.01831	0.01553	0.01457	0.01587	0.01066	0.01445	0.00831	0.00971	0.00654	0.00467	0.00419	0.00140	0.00668	0.00334	0.00218	0.00715

[dist]
# distance from previous block
# <min> <max>
0	3

[block]
# block no. 6 follows, 48 sequences, length 75
# corresponding to MSA columns:
# 353-427
name=unknown_G
#
# <colnr> <probs for GDERKNQSTAVLIFYWHMCP>
#	G	D	E	R	K	N	Q	S	T	A	V	L	I	F	Y	W	H	M	C	P
0	0.71068	0.01040	0.00873	0.00749	0.01082	0.01184	0.00617	0.10783	0.01092	0.06393	0.00845	0.00929	0.00631	0.00502	0.00352	0.00158	0.00419	0.00313	0.00358	0.00611
1	0.00654	0.00519	0.00587	0.00576	0.00724	0.00452	0.00430	0.00826	0.01273	0.01646	0.33737	0.07335	0.46996	0.01213	0.00608	0.00170	0.00254	0.01036	0.00511	0.00452
2	0.01130	0.01224	0.02501	0.27393	0.02912	0.01256	0.50145	0.01523	0.01138	0.01523	0.00986	0.01370	0.00745	0.00474	0.00611	0.00174	0.03446	0.00552	0.00248	0.00649
3	0.01102	0.00920	0.01074	0.00770	0.01224	0.00701	0.00617	0.02597	0.01094	0.03161	0.00938	0.01080	0.00772	0.00389	0.00385	0.00079	0.00384	0.00311	0.00314	0.82088
4	0.01372	0.82276	0.02689	0.00878	0.01317	0.02030	0.00878	0.01536	0.01043	0.01207	0.00713	0.00823	0.00658	0.00439	0.00329	0.00110	0.00549	0.00274	0.00219	0.00658
5	0.00625	0.00477	0.00575	0.00643	0.00728	0.00427	0.00447	0.00738	0.01077	0.01384	0.08507	0.50365	0.29225	0.01466	0.00635	0.00193	0.00281	0.01296	0.00482	0.00427
6	0.00871	0.00657	0.00767	0.00711	0.00889	0.00648	0.00542	0.01340	0.17373	0.04649	0.44079	0.03595	0.19856	0.01014	0.00585	0.00166	0.00287	0.00874	0.00539	0.00556
7	0.01276	0.01102	0.01160	0.01044	0.01334	0.01276	0.00812	0.02727	0.77840	0.02146	0.02088	0.01914	0.01566	0.00696	0.00522	0.00174	0.00406	0.00580	0.00522	0.00812
8	0.00733	0.00550	0.00825	0.00825	0.00916	0.00641	0.00641	0.00916	0.00825	0.01191	0.01374	0.02016	0.01283	0.03848	0.79934	0.00825	0.01374	0.00550	0.00275	0.00458
9	0.01894	0.02402	0.01476	0.01386	0.04315	0.77125	0.01012	0.02032	0.01444	0.01271	0.00799	0.00937	0.00666	0.00526	0.00464	0.00133	0.00914	0.00335	0.00264	0.00603
10	0.01276	0.01102	0.01160	0.01044	0.01334	0.01276	0.00812	0.02727	0.77840	0.02146	0.02088	0.01914	0.01566	0.00696	0.00522	0.00174	0.00406	0.00580	0.00522	0.00812
11	0.00625	0.00447	0.00595	0.00714	0.00744	0.00417	0.00476	0.00714	0.00982	0.01310	0.02828	0.81633	0.03394	0.01608	0.00655	0.00208	0.00298	0.01459	0.00476	0.00417
12	0.00624	0.00452	0.00590	0.00701	0.00741	0.00418	0.00470	0.00716	0.00995	0.01315	0.02990	0.76396	0.08526	0.01586	0.00652	0.00206	0.00295	0.01433	0.00476	0.00418
13	0.03700	0.01195	0.01344	0.01041	0.01428	0.02548	0.00857	0.43834	0.01961	0.30131	0.01519	0.01437	0.01027	0.00618	0.00502	0.00154	0.00505	0.00476	0.04882	0.00842
14	0.02264	0.00882	0.01190	0.00918	0.01311	0.00773	0.00756	0.02509	0.04286	0.76283	0.02027	0.01753	0.01281	0.00637	0.00516	0.00159	0.00435	0.00518	0.00631	0.00871
15	0.01338	0.00590	0.00680	0.00602	0.00800	0.00557	0.00471	0.01566	0.01187	0.23823	0.01773	0.01866	0.01302	0.00608	0.00403	0.00131	0.00295	0.00489	0.60928	0.00590
16	0.11013	0.01038	0.01239	0.00960	0.01352	0.01023	0.00793	0.22564	0.01661	0.50471	0.01671	0.01511	0.01087	0.00613	0.00494	0.00157	0.00467	0.00476	0.00569	0.00839
17	0.03039	0.02632	0.01249	0.02503	0.01338	0.10809	0.00815	0.27800	0.01709	0.15768	0.15005	0.02007	0.07601	0.00743	0.00582	0.00158	0.04478	0.00577	0.00482	0.00707
18	0.00969	0.00912	0.01539	0.80734	0.03534	0.01140	0.01425	0.01311	0.01026	0.01311	0.00912	0.01368	0.00684	0.00513	0.00513	0.00171	0.00684	0.00456	0.00228	0.00570
19	0.60376	0.01112	0.03122	0.00812	0.01166	0.01201	0.00689	0.15802	0.01220	0.09043	0.00930	0.00994	0.00679	0.00516	0.00376	0.00158	0.00442	0.00336	0.00379	0.00648
20	0.00625	0.00447	0.00595	0.00714	0.00744	0.00417	0.00476	0.00714	0.00982	0.01310	0.02828	0.81633	0.03394	0.01608	0.00655	0.00208	0.00298	0.01459	0.00476	0.00417
21	0.42572	0.01065	0.04120	0.00821	0.01162	0.03048	0.00696	0.09796	0.01247	0.16249	0.10177	0.01417	0.01238	0.00586	0.00422	0.00155	0.00432	0.00424	0.00419	0.03956
22	0.01358	0.64881	0.14145	0.00991	0.01471	0.04375	0.01038	0.04236	0.01110	0.01343	0.00765	0.00880	0.00665	0.00455	0.00364	0.00120	0.00593	0.00299	0.00231	0.00679
23	0.01087	0.02247	0.54879	0.01687	0.02368	0.01226	0.25918	0.01631	0.01124	0.01631	0.00958	0.01180	0.00691	0.00470	0.00525	0.00166	0.00792	0.00452	0.00230	0.00737
24	0.02193	0.00954	0.01231	0.00948	0.01338	0.00882	0.00781	0.14631	0.01622	0.64186	0.04412	0.01731	0.01323	0.00646	0.00518	0.00158	0.00451	0.00521	0.00613	0.00860
25	0.07708	0.02375	0.67185	0.01349	0.02035	0.01145	0.01694	0.01626	0.01095	0.04725	0.03809	0.01191	0.00821	0.00513	0.00480	0.00162	0.00698	0.00397	0.00254	0.00737
26	0.00835	0.00603	0.00830	0.00939	0.01060	0.00608	0.00813	0.01108	0.03876	0.01548	0.02699	0.08618	0.02921	0.01399	0.00700	0.00233	0.00463	0.69789	0.00474	0.00482
27	0.00706	0.00511	0.00667	0.00655	0.00761	0.00471	0.00481	0.00919	0.01365	0.01913	0.63788	0.17382	0.06151	0.01151	0.00614	0.00170	0.00252	0.01023	0.00548	0.00471
28	0.00712	0.00483	0.00570	0.00604	0.00612	0.00475	0.00358	0.00737	0.00813	0.01084	0.01960	0.25570	0.02299	0.59163	0.02056	0.00415	0.00441	0.00948	0.00358	0.00341
29	0.00990	0.00933	0.01577	0.75361	0.08745	0.01145	0.01435	0.01329	0.01036	0.01336	0.00916	0.01361	0.00693	0.00509	0.00513	0.00170	0.00679	0.00456	0.00230	0.00587
30	0.01401	0.01108	0.01175	0.01038	0.01340	0.02622	0.00812	0.03870	0.67656	0.09843	0.02045	0.01869	0.01510	0.00686	0.00520	0.00171	0.00421	0.00567	0.00529	0.00815
31	0.00827	0.00591	0.00827	0.00945	0.01063	0.00591	0.00827	0.01063	0.01181	0.01536	0.02717	0.05788	0.02953	0.01417	0.00709	0.00236	0.00472	0.75313	0.00472	0.00472
32	0.01511	0.01820	0.01182	0.01125	0.01320	0.54954	0.00827	0.01631	0.01312	0.01275	0.01503	0.23949	0.03785	0.00858	0.00522	0.00155	0.00727	0.00673	0.00331	0.00539
33	0.01086	0.15953	0.66512	0.01365	0.02070	0.01332	0.01726	0.01610	0.01077	0.01555	0.00886	0.01040	0.00651	0.00479	0.00461	0.00154	0.00723	0.00362	0.00217	0.00742
34	0.29442	0.00982	0.01092	0.00869	0.01241	0.00988	0.00717	0.11470	0.01392	0.44591	0.01498	0.01384	0.00987	0.00581	0.00451	0.00158	0.00440	0.00432	0.00516	0.00770
35	0.85592	0.00992	0.00754	0.00675	0.00992	0.01151	0.00556	0.01508	0.00873	0.02302	0.00714	0.00834	0.00556	0.00476	0.00318	0.00159	0.00397	0.00278	0.00318	0.00556
36	0.00715	0.00547	0.00659	0.00633	0.00775	0.00502	0.00479	0.00968	0.04178	0.01847	0.51702	0.04150	0.26335	0.01121	0.00606	0.00168	0.00261	0.03340	0.00534	0.00481
37	0.00918	0.00667	0.02146	0.00767	0.00922	0.00629	0.00586	0.06844	0.06565	0.06357	0.32013	0.28198	0.07109	0.01158	0.00604	0.00179	0.00323	0.02959	0.00521	0.00539
38	0.01112	0.00910	0.01069	0.00766	0.01220	0.00687	0.00614	0.01339	0.01080	0.04701	0.00955	0.01091	0.00780	0.00390	0.00385	0.00079	0.00382	0.00312	0.00317	0.81810
39	0.01361	0.79876	0.04999	0.00896	0.01344	0.02005	0.00909	0.01539	0.01044	0.01220	0.00720	0.00831	0.00658	0.00440	0.00334	0.00111	0.00555	0.00278	0.00219	0.00661
40	0.01019	0.00856	0.00886	0.03934	0.01105	0.06360	0.00642	0.04644	0.20123	0.04752	0.12633	0.15591	0.23362	0.01028	0.00572	0.00173	0.00383	0.00873	0.00482	0.00583
41	0.01451	0.01079	0.01112	0.00968	0.01252	0.07762	0.00758	0.06152	0.37993	0.16814	0.13597	0.02179	0.05126	0.00745	0.00531	0.00165	0.00434	0.00614	0.00526	0.00743
42	0.01427	0.01177	0.01245	0.01075	0.01392	0.01347	0.00849	0.19376	0.60945	0.02390	0.01897	0.01762	0.01411	0.00678	0.00520	0.00170	0.00442	0.00554	0.00520	0.00826
43	0.00810	0.00660	0.00962	0.00918	0.00989	0.00819	0.00725	0.00973	0.00814	0.01193	0.01245	0.01886	0.01183	0.05908	0.61956	0.00696	0.16987	0.00537	0.00266	0.00473
44	0.01618	0.04244	0.01538	0.17656	0.07662	0.04663	0.01069	0.33630	0.11736	0.09092	0.01290	0.01369	0.00938	0.00585	0.00505	0.00158	0.00575	0.00468	0.00426	0.00778
45	0.01045	0.00863	0.01148	0.04141	0.01226	0.03529	0.00846	0.06880	0.00989	0.04639	0.01161	0.01639	0.01040	0.02420	0.43389	0.00533	0.23172	0.00503	0.00292	0.00544
46	0.00624	0.00463	0.00582	0.00673	0.00734	0.00422	0.00459	0.00724	0.01031	0.01342	0.04957	0.64295	0.18759	0.01533	0.00644	0.00200	0.00289	0.01370	0.00478	0.00422
47	0.00726	0.00524	0.00686	0.00646	0.00767	0.00484	0.00484	0.00968	0.01452	0.02058	0.78496	0.03833	0.04841	0.01049	0.00605	0.00161	0.00242	0.00928	0.00565	0.00484
48	0.01245	0.41398	0.31341	0.01210	0.01758	0.01636	0.06373	0.04229	0.01109	0.01465	0.00830	0.00983	0.00671	0.00479	0.00460	0.00139	0.03394	0.00348	0.00232	0.00702
49	0.01494	0.01046	0.01158	0.01001	0.01314	0.01146	0.00790	0.06099	0.55092	0.18262	0.02165	0.01974	0.04707	0.00705	0.00524	0.00170	0.00414	0.00582	0.00543	0.00812
50	0.00745	0.00502	0.00580	0.00580	0.00588	0.00509	0.00337	0.00760	0.00752	0.01010	0.01598	0.03252	0.01820	0.75833	0.08684	0.00523	0.00566	0.00731	0.00308	0.00322
51	0.55515	0.01012	0.03666	0.00780	0.01139	0.01023	0.00667	0.01835	0.01074	0.27269	0.01148	0.01139	0.00791	0.00528	0.00388	0.00159	0.00423	0.00359	0.00417	0.00666
52	0.06782	0.01239	0.01934	0.07316	0.50677	0.03293	0.07310	0.08932	0.01284	0.04861	0.01014	0.01263	0.00805	0.00484	0.00503	0.00155	0.00618	0.00457	0.00297	0.00774
53	0.01173	0.00615	0.00812	0.00786	0.00944	0.00566	0.00577	0.04239	0.01213	0.24121	0.07874	0.49707	0.02778	0.01246	0.00605	0.00188	0.00345	0.01107	0.00530	0.00572
54	0.56151	0.06545	0.06529	0.03145	0.01283	0.14704	0.00776	0.02881	0.01029	0.01993	0.00757	0.00888	0.00596	0.00487	0.00364	0.00152	0.00533	0.00302	0.00296	0.00589
55	0.01297	0.05567	0.01907	0.25434	0.28143	0.16045	0.08470	0.01579	0.01164	0.01447	0.00901	0.01217	0.00730	0.00499	0.00542	0.00156	0.03547	0.00437	0.00246	0.00672
56	0.00650	0.00479	0.00645	0.00745	0.00776	0.00473	0.00509	0.00744	0.00968	0.01302	0.02684	0.75343	0.03202	0.01660	0.03592	0.00232	0.03729	0.01383	0.00458	0.00424
57	0.13206	0.06718	0.46044	0.01316	0.04684	0.01293	0.01451	0.14705	0.01292	0.01986	0.02245	0.01112	0.00753	0.00514	0.00461	0.00157	0.00647	0.00385	0.00290	0.00741
58	0.10775	0.01097	0.01770	0.27904	0.44476	0.01187	0.02541	0.01483	0.01089	0.01629	0.00921	0.01254	0.00741	0.00477	0.00489	0.00159	0.00613	0.00439	0.00253	0.00703
59	0.00784	0.00537	0.00704	0.00655	0.00786	0.00494	0.00494	0.01024	0.01453	0.04871	0.75704	0.03757	0.04711	0.01034	0.00602	0.00161	0.00249	0.00913	0.00567	0.00498
60	0.05433	0.01310	0.04403	0.01070	0.01473	0.04049	0.00905	0.43491	0.03582	0.21189	0.01392	0.01351	0.00963	0.00599	0.00493	0.00151	0.00527	0.00456	0.03036	0.04127
61	0.01095	0.15704	0.56788	0.01345	0.01989	0.02960	0.04560	0.01580	0.01105	0.01561	0.03685	0.01288	0.00874	0.00526	0.00476	0.00156	0.00704	0.02648	0.00240	0.00717
62	0.00625	0.00447	0.00595	0.00714	0.00744	0.00417	0.00476	0.00714	0.00982	0.01310	0.02828	0.81633	0.03394	0.01608	0.00655	0.00208	0.00298	0.01459	0.00476	0.00417
63	0.00648	0.00456	0.00589	0.00685	0.00709	0.00432	0.00445	0.00720	0.00938	0.01250	0.02599	0.66841	0.03105	0.16793	0.01025	0.00263	0.00335	0.01324	0.00445	0.00397
64	0.03777	0.02591	0.01519	0.21292	0.22382	0.02281	0.01169	0.10853	0.01324	0.13673	0.01394	0.03419	0.01171	0.00665	0.00530	0.00169	0.00570	0.10144	0.00372	0.00704
65	0.02468	0.04010	0.76646	0.01439	0.02184	0.01206	0.01855	0.01621	0.01079	0.01629	0.00914	0.01075	0.00649	0.00486	0.00482	0.00162	0.00749	0.00376	0.00218	0.00753
66	0.00827	0.00591	0.00827	0.00945	0.01063	0.00591	0.00827	0.01063	0.01181	0.01536	0.02717	0.05788	0.02953	0.01417	0.00709	0.00236	0.00472	0.75313	0.00472	0.00472
67	0.01379	0.02110	0.55120	0.01300	0.01940	0.01073	0.01550	0.03730	0.01219	0.21840	0.01259	0.01374	0.00873	0.00552	0.00501	0.00163	0.00663	0.02232	0.00339	0.00784
68	0.01774	0.11395	0.01578	0.03976	0.01527	0.01308	0.04070	0.36457	0.01797	0.20934	0.04751	0.05565	0.01231	0.00656	0.00506	0.00154	0.00521	0.00528	0.00485	0.00787
69	0.37679	0.01297	0.13166	0.03893	0.01428	0.01182	0.00909	0.11204	0.12242	0.08264	0.01179	0.01317	0.00888	0.00569	0.00432	0.00164	0.00491	0.02627	0.00382	0.00687
