[name]
unknown

[dist]
# distance from previous block
# <min> <max>
0	48

[block]
# block no. 0 follows, 43 sequences, length 19
# corresponding to MSA columns:
# 48-66
name=unknown_A
#
# <colnr> <probs for GDERKNQSTAVLIFYWHMCP>
#	G	D	E	R	K	N	Q	S	T	A	V	L	I	F	Y	W	H	M	C	P
0	0.01014	0.00723	0.00862	0.00849	0.01035	0.00704	0.00681	0.10985	0.01441	0.05074	0.07850	0.14167	0.25761	0.03429	0.00734	0.00217	0.00413	0.22971	0.00526	0.00562
1	0.01448	0.00935	0.01146	0.01007	0.04150	0.00867	0.00751	0.12798	0.04550	0.17762	0.06282	0.18422	0.05134	0.00887	0.00561	0.00161	0.00431	0.00758	0.00508	0.21442
2	0.01878	0.01414	0.06051	0.01211	0.01684	0.01345	0.04580	0.40042	0.04505	0.15122	0.01411	0.01412	0.00997	0.00609	0.00533	0.00155	0.00574	0.00485	0.00504	0.15488
3	0.03963	0.01187	0.10098	0.02490	0.06526	0.01020	0.05806	0.01909	0.18613	0.13412	0.06870	0.08017	0.09281	0.00852	0.00608	0.00184	0.02060	0.03376	0.00473	0.03256
4	0.01022	0.00602	0.00764	0.00739	0.00892	0.00542	0.00540	0.01187	0.01313	0.14672	0.24418	0.26881	0.16178	0.06673	0.00800	0.00216	0.00337	0.01114	0.00559	0.00550
5	0.10655	0.01155	0.01839	0.28302	0.41717	0.01253	0.01482	0.01569	0.01174	0.01745	0.01130	0.01472	0.03096	0.00543	0.00530	0.00173	0.00647	0.00492	0.00280	0.00746
6	0.02080	0.00979	0.01472	0.19963	0.02066	0.00943	0.04584	0.02344	0.01456	0.55414	0.01843	0.01767	0.01192	0.00643	0.00561	0.00175	0.00558	0.00546	0.00560	0.00854
7	0.00869	0.09690	0.01118	0.00897	0.01038	0.00862	0.00721	0.01065	0.00917	0.01288	0.01403	0.02030	0.01308	0.03737	0.69504	0.00803	0.01382	0.00560	0.00290	0.00519
8	0.01554	0.00895	0.01090	0.00933	0.01165	0.00912	0.00712	0.20571	0.04106	0.18717	0.01809	0.10808	0.03479	0.07625	0.02922	0.20388	0.00515	0.00678	0.00479	0.00643
9	0.00949	0.00654	0.00846	0.00820	0.00948	0.00658	0.00623	0.01118	0.01270	0.09164	0.22602	0.25666	0.17835	0.01312	0.00796	0.00202	0.09296	0.04175	0.00525	0.00541
10	0.01148	0.00984	0.01148	0.00820	0.01312	0.00738	0.00656	0.01395	0.01148	0.01805	0.00984	0.01148	0.00820	0.00410	0.00410	0.00082	0.00410	0.00328	0.00328	0.83922
11	0.00987	0.00591	0.00728	0.00725	0.00867	0.00529	0.00518	0.01116	0.01209	0.13877	0.08740	0.32903	0.23219	0.10270	0.00901	0.00237	0.00355	0.01170	0.00529	0.00528
12	0.00957	0.00688	0.00792	0.00764	0.00917	0.00670	0.00558	0.09404	0.03880	0.04328	0.11506	0.22457	0.23120	0.13786	0.00994	0.00249	0.00385	0.03504	0.00509	0.00534
13	0.00721	0.00545	0.00753	0.09644	0.01135	0.00542	0.00619	0.00846	0.01066	0.01405	0.02888	0.65079	0.06626	0.04416	0.00763	0.00230	0.00374	0.01406	0.00477	0.00465
14	0.10396	0.00639	0.00700	0.00682	0.00762	0.00650	0.00438	0.02870	0.00950	0.05845	0.01846	0.14645	0.02036	0.52936	0.02031	0.00418	0.00490	0.00841	0.00389	0.00434
15	0.12725	0.01014	0.01133	0.00936	0.01265	0.01043	0.00747	0.16961	0.10025	0.25518	0.06064	0.03938	0.06620	0.05684	0.00677	0.00196	0.00459	0.00621	0.03603	0.00770
16	0.07143	0.00770	0.00984	0.00885	0.01137	0.00715	0.00677	0.01834	0.04500	0.37547	0.02456	0.34479	0.02289	0.01115	0.00605	0.00194	0.00404	0.00967	0.00586	0.00711
17	0.34217	0.01093	0.01150	0.00927	0.01310	0.01141	0.00759	0.15821	0.01500	0.31853	0.01460	0.01457	0.01013	0.03327	0.00550	0.00183	0.00483	0.00455	0.00516	0.00789
18	0.00770	0.00560	0.00708	0.00772	0.00867	0.00531	0.00582	0.00926	0.01184	0.01551	0.12795	0.23944	0.15980	0.13849	0.01038	0.00269	0.00395	0.22319	0.00497	0.00462

[dist]
# distance from previous block
# <min> <max>
0	2

[block]
# block no. 1 follows, 43 sequences, length 19
# corresponding to MSA columns:
# 69-87
name=unknown_B
#
# <colnr> <probs for GDERKNQSTAVLIFYWHMCP>
#	G	D	E	R	K	N	Q	S	T	A	V	L	I	F	Y	W	H	M	C	P
0	0.01186	0.01300	0.02764	0.02034	0.02493	0.01218	0.60757	0.01582	0.01260	0.01705	0.01491	0.16599	0.01382	0.00710	0.00664	0.00194	0.00816	0.00830	0.00325	0.00690
1	0.00677	0.00489	0.00640	0.00756	0.00801	0.00453	0.00509	0.00781	0.01088	0.01443	0.05423	0.73223	0.08278	0.01696	0.00702	0.00221	0.00317	0.01532	0.00517	0.00453
2	0.00771	0.00558	0.00682	0.00693	0.00782	0.00525	0.00479	0.02541	0.01247	0.01686	0.29465	0.25301	0.12982	0.18434	0.01133	0.00268	0.00348	0.01129	0.00511	0.00464
3	0.00772	0.00550	0.00704	0.00717	0.00828	0.00505	0.00522	0.00966	0.01365	0.03120	0.42758	0.25594	0.12457	0.03159	0.00720	0.00201	0.00299	0.03700	0.00564	0.00498
4	0.00768	0.00608	0.00723	0.00713	0.00886	0.00516	0.00514	0.00918	0.01175	0.01574	0.08929	0.37096	0.24965	0.01337	0.00630	0.00182	0.00322	0.01172	0.00486	0.16485
5	0.01184	0.01005	0.01168	0.00837	0.01328	0.00775	0.00671	0.04136	0.01202	0.01867	0.00997	0.01155	0.00825	0.00420	0.00415	0.00085	0.00418	0.00334	0.00337	0.80841
6	0.02911	0.01342	0.01655	0.25338	0.11404	0.10293	0.01274	0.13935	0.02717	0.01835	0.01120	0.02536	0.02123	0.00688	0.00805	0.00186	0.16979	0.00502	0.01655	0.00701
7	0.02054	0.01428	0.01548	0.01214	0.01606	0.04565	0.00996	0.51404	0.04167	0.15304	0.01455	0.01445	0.01026	0.00685	0.00625	0.00170	0.05458	0.00506	0.03452	0.00893
8	0.00775	0.00530	0.00627	0.00652	0.00669	0.00527	0.00393	0.00809	0.00872	0.01164	0.02091	0.18283	0.04433	0.58623	0.06824	0.00488	0.00544	0.00951	0.00373	0.00371
9	0.01252	0.01059	0.01200	0.00908	0.01362	0.00922	0.00723	0.06301	0.15624	0.02008	0.01250	0.01336	0.00995	0.00492	0.00449	0.00108	0.00428	0.00396	0.00387	0.62800
10	0.17165	0.01063	0.03153	0.06654	0.01478	0.00983	0.00791	0.05971	0.03332	0.01972	0.01108	0.05071	0.00954	0.00661	0.02717	0.00153	0.03307	0.00430	0.00348	0.42687
11	0.01788	0.01767	0.16180	0.01311	0.01800	0.03411	0.01213	0.46873	0.15015	0.02903	0.01414	0.01418	0.01020	0.00651	0.00549	0.00171	0.00629	0.00500	0.00488	0.00900
12	0.01229	0.01243	0.01659	0.01431	0.01446	0.04682	0.01185	0.01354	0.00878	0.01332	0.00762	0.01242	0.00753	0.01080	0.04811	0.00264	0.73317	0.00484	0.00246	0.00603
13	0.01043	0.00777	0.01038	0.00964	0.01129	0.00889	0.00761	0.15242	0.01219	0.01709	0.01454	0.02013	0.01300	0.03484	0.63408	0.00751	0.01316	0.00575	0.00346	0.00580
14	0.01656	0.60862	0.02545	0.01042	0.01477	0.16719	0.00963	0.01830	0.01239	0.06067	0.00875	0.00972	0.00752	0.00506	0.00396	0.00126	0.00663	0.00324	0.00274	0.00712
15	0.01084	0.00698	0.00887	0.00755	0.00999	0.00602	0.00585	0.01331	0.01478	0.12524	0.49103	0.03299	0.06675	0.00942	0.00593	0.00157	0.00320	0.00817	0.00562	0.16589
16	0.00949	0.00690	0.00835	0.00860	0.00977	0.00694	0.00614	0.15067	0.01364	0.01815	0.02813	0.62371	0.05749	0.01518	0.00676	0.00212	0.00375	0.01353	0.00522	0.00545
17	0.59593	0.01097	0.01115	0.03906	0.01319	0.01315	0.03906	0.01547	0.00949	0.02165	0.00845	0.03086	0.00720	0.00633	0.00657	0.00188	0.15643	0.00391	0.00322	0.00604
18	0.00817	0.00681	0.00752	0.00684	0.00903	0.02182	0.00516	0.01008	0.01316	0.01749	0.24349	0.10129	0.34692	0.01146	0.00608	0.00165	0.00319	0.00976	0.00500	0.16506

[dist]
# distance from previous block
# <min> <max>
0	20

[block]
# block no. 2 follows, 43 sequences, length 60
# corresponding to MSA columns:
# 108-124,126-135,139-171
name=unknown_C
#
# <colnr> <probs for GDERKNQSTAVLIFYWHMCP>
#	G	D	E	R	K	N	Q	S	T	A	V	L	I	F	Y	W	H	M	C	P
0	0.03279	0.01572	0.15728	0.09523	0.42051	0.04280	0.01574	0.01775	0.02950	0.06328	0.01108	0.01354	0.00865	0.00522	0.00532	0.00164	0.00674	0.00467	0.00300	0.04953
1	0.01336	0.01041	0.01452	0.34619	0.04470	0.01176	0.01189	0.12830	0.10443	0.07184	0.01547	0.02208	0.01282	0.00764	0.00615	0.02093	0.00611	0.10675	0.00402	0.04064
2	0.00941	0.00820	0.01187	0.07528	0.01366	0.03187	0.05431	0.01122	0.00945	0.01312	0.01413	0.06396	0.01397	0.14172	0.37910	0.00580	0.12826	0.00651	0.00301	0.00515
3	0.08926	0.01323	0.01459	0.01133	0.01554	0.01410	0.00934	0.47375	0.03599	0.22207	0.01532	0.01469	0.01050	0.00659	0.00533	0.00167	0.00547	0.00500	0.02721	0.00902
4	0.06913	0.01434	0.01530	0.01174	0.01615	0.01542	0.00965	0.58822	0.03750	0.03166	0.01265	0.01292	0.00919	0.00621	0.00521	0.00155	0.00567	0.00465	0.00509	0.12775
5	0.00903	0.00719	0.02439	0.00734	0.00927	0.03053	0.00583	0.01143	0.02670	0.06410	0.35768	0.04380	0.31200	0.01194	0.00646	0.00183	0.00336	0.05617	0.00553	0.00543
6	0.01224	0.17075	0.55056	0.06136	0.02282	0.01438	0.03505	0.01747	0.01174	0.04079	0.00993	0.01167	0.00730	0.00522	0.00500	0.00166	0.00763	0.00404	0.00251	0.00789
7	0.01241	0.10107	0.38547	0.13523	0.08619	0.01371	0.12546	0.01727	0.01199	0.04539	0.01037	0.01279	0.00768	0.00520	0.00535	0.00172	0.00774	0.00459	0.00263	0.00776
8	0.00802	0.00591	0.00760	0.00700	0.00854	0.00534	0.00528	0.01059	0.01534	0.02175	0.70181	0.03991	0.07016	0.01097	0.00639	0.00169	0.00271	0.00966	0.00590	0.05543
9	0.03843	0.04069	0.12666	0.06708	0.20504	0.10495	0.03061	0.03717	0.08078	0.05381	0.09808	0.01665	0.01400	0.00615	0.00535	0.00163	0.00635	0.00520	0.00363	0.05772
10	0.01241	0.09437	0.49057	0.03670	0.04248	0.03065	0.07996	0.06134	0.01272	0.01801	0.03231	0.01281	0.00869	0.00561	0.00579	0.00173	0.03880	0.00449	0.00271	0.00785
11	0.02423	0.00970	0.01295	0.00996	0.01419	0.00862	0.00822	0.07029	0.01646	0.71269	0.03860	0.01904	0.01434	0.00695	0.00559	0.00171	0.00475	0.00564	0.00676	0.00933
12	0.00792	0.00590	0.00873	0.00873	0.00966	0.00683	0.00671	0.00978	0.00885	0.01273	0.01499	0.02263	0.01422	0.08754	0.73793	0.00869	0.01426	0.00606	0.00299	0.00485
13	0.05439	0.10112	0.46731	0.01534	0.02162	0.03012	0.09945	0.03817	0.01186	0.01748	0.00955	0.01170	0.00723	0.00563	0.00643	0.00177	0.08631	0.00429	0.00256	0.00768
14	0.01423	0.03325	0.06114	0.15289	0.30862	0.13180	0.01416	0.04506	0.04203	0.03349	0.01138	0.04613	0.00964	0.00625	0.00639	0.00174	0.06604	0.00514	0.00306	0.00755
15	0.00685	0.00509	0.00626	0.00706	0.00778	0.00464	0.00480	0.00794	0.01117	0.01453	0.07480	0.53069	0.20993	0.07098	0.00838	0.00235	0.00323	0.01394	0.00507	0.00450
16	0.01776	0.01497	0.11445	0.01196	0.01632	0.01377	0.01072	0.42975	0.07027	0.10504	0.10141	0.03776	0.01566	0.00736	0.00567	0.00172	0.00564	0.00587	0.00531	0.00861
17	0.01997	0.01428	0.01624	0.03189	0.08582	0.03558	0.01072	0.51788	0.04057	0.12265	0.01466	0.03913	0.01083	0.00683	0.00557	0.00169	0.00597	0.00539	0.00529	0.00903
18	0.01409	0.01676	0.14687	0.09671	0.41398	0.08826	0.04391	0.04125	0.03647	0.03331	0.01084	0.01346	0.00855	0.00528	0.00545	0.00168	0.00724	0.00478	0.00292	0.00819
19	0.03596	0.00533	0.00780	0.05457	0.00931	0.00552	0.00558	0.00803	0.00781	0.01075	0.01108	0.05959	0.01125	0.01779	0.01904	0.70087	0.00487	0.01930	0.00264	0.00291
20	0.01596	0.07856	0.03348	0.01310	0.05359	0.41947	0.00964	0.04341	0.01376	0.01447	0.01332	0.15054	0.01351	0.07329	0.00755	0.00193	0.02876	0.00618	0.00332	0.00615
21	0.02003	0.01352	0.01500	0.01181	0.01580	0.01459	0.00963	0.55351	0.04915	0.13971	0.01644	0.08659	0.01280	0.00769	0.00569	0.00173	0.00557	0.00610	0.00570	0.00895
22	0.37216	0.15003	0.19341	0.03126	0.01581	0.03624	0.01070	0.03752	0.04085	0.05331	0.00966	0.01080	0.00735	0.00534	0.00422	0.00163	0.00580	0.00361	0.00324	0.00707
23	0.06076	0.02960	0.07479	0.01178	0.05761	0.02916	0.00938	0.15840	0.19037	0.06398	0.16306	0.07571	0.03529	0.00829	0.00568	0.00177	0.00487	0.00690	0.00503	0.00758
24	0.08167	0.10238	0.35723	0.02999	0.03581	0.14784	0.03757	0.01777	0.03008	0.01717	0.05345	0.01305	0.00992	0.00584	0.00553	0.00167	0.03856	0.00433	0.00285	0.00730
25	0.01164	0.08692	0.02974	0.00977	0.01265	0.00941	0.06595	0.03714	0.01369	0.09051	0.26480	0.06539	0.09828	0.00897	0.00665	0.00166	0.06164	0.00755	0.00468	0.11297
26	0.01311	0.01092	0.01524	0.05369	0.01693	0.00971	0.12026	0.10710	0.01353	0.05219	0.01215	0.04497	0.01022	0.04004	0.00596	0.00143	0.00537	0.00488	0.00368	0.45862
27	0.01450	0.11538	0.04983	0.04663	0.08337	0.01372	0.01016	0.18667	0.19761	0.03642	0.05356	0.06257	0.02690	0.00713	0.00533	0.00164	0.00527	0.00586	0.00447	0.07297
28	0.01395	0.01076	0.01175	0.01014	0.01343	0.01151	0.00796	0.07001	0.46151	0.08850	0.05678	0.02345	0.09604	0.00791	0.00560	0.00174	0.00425	0.00655	0.00547	0.09269
29	0.01278	0.07367	0.01160	0.00884	0.01142	0.03952	0.00707	0.03914	0.08356	0.13732	0.22419	0.06862	0.14130	0.00954	0.00652	0.00172	0.05033	0.00781	0.00513	0.05993
30	0.01397	0.57049	0.14550	0.01207	0.03506	0.03347	0.06428	0.01674	0.01171	0.01449	0.03210	0.01091	0.00864	0.00504	0.00420	0.00136	0.00651	0.00367	0.00253	0.00727
31	0.00775	0.00542	0.00609	0.00621	0.00660	0.00523	0.00380	0.00814	0.00916	0.01187	0.02535	0.08334	0.15200	0.59494	0.02250	0.00448	0.00479	0.03480	0.00383	0.00371
32	0.00673	0.00550	0.00595	0.00608	0.00766	0.00472	0.00447	0.00822	0.01270	0.01572	0.13918	0.16134	0.57412	0.01418	0.00662	0.00191	0.00284	0.01208	0.00526	0.00472
33	0.01352	0.01421	0.07062	0.03242	0.69428	0.01317	0.04615	0.01706	0.01257	0.01804	0.01042	0.01363	0.00865	0.00494	0.00551	0.00166	0.00679	0.00494	0.00272	0.00868
34	0.00826	0.00595	0.00638	0.00608	0.00813	0.00502	0.00463	0.00981	0.01313	0.08269	0.10461	0.04939	0.64993	0.01320	0.00646	0.00185	0.00296	0.01103	0.00536	0.00514
35	0.01120	0.01129	0.02117	0.57414	0.03554	0.01279	0.22383	0.01517	0.01164	0.01517	0.01023	0.01481	0.00767	0.00529	0.00582	0.00185	0.00794	0.00538	0.00256	0.00653
36	0.00791	0.00593	0.00890	0.00890	0.00989	0.00692	0.00692	0.00989	0.00890	0.01286	0.01483	0.02176	0.01385	0.04154	0.78341	0.00890	0.01483	0.00593	0.00297	0.00494
37	0.02485	0.00943	0.01285	0.00985	0.01414	0.00814	0.00814	0.02699	0.01585	0.77465	0.02185	0.01885	0.01371	0.00685	0.00557	0.00171	0.00471	0.00557	0.00685	0.00943
38	0.00796	0.00574	0.00793	0.00793	0.00858	0.00640	0.00571	0.00927	0.00861	0.01214	0.01572	0.02667	0.01598	0.30072	0.52715	0.00770	0.01162	0.00665	0.00310	0.00441
39	0.01111	0.02865	0.77667	0.01579	0.02397	0.01286	0.02046	0.01754	0.01169	0.01754	0.00994	0.01169	0.00702	0.00526	0.00526	0.00175	0.00818	0.00409	0.00234	0.00818
40	0.00679	0.00488	0.00646	0.00770	0.00810	0.00455	0.00520	0.00781	0.01072	0.01422	0.03132	0.76021	0.05999	0.01720	0.00707	0.00224	0.00324	0.03264	0.00514	0.00452
41	0.00675	0.00482	0.00643	0.00771	0.00803	0.00450	0.00514	0.00771	0.01060	0.01414	0.03053	0.80175	0.03663	0.01735	0.00707	0.00225	0.00321	0.01574	0.00514	0.00450
42	0.01419	0.01222	0.01365	0.01337	0.08169	0.01392	0.00960	0.07038	0.65167	0.02340	0.02093	0.01962	0.01575	0.00723	0.00562	0.00185	0.00468	0.00607	0.00537	0.00880
43	0.02019	0.09257	0.01682	0.01386	0.01688	0.71874	0.01060	0.02165	0.01532	0.01351	0.00849	0.00989	0.00713	0.00563	0.00487	0.00141	0.00964	0.00352	0.00281	0.00648
44	0.01221	0.01120	0.01328	0.01051	0.03790	0.05797	0.05054	0.03351	0.01214	0.01784	0.01114	0.05934	0.00989	0.00525	0.00488	0.00109	0.02284	0.00437	0.00336	0.62073
45	0.00803	0.00639	0.00712	0.00716	0.00858	0.02312	0.00523	0.04899	0.01355	0.01752	0.21790	0.27327	0.31525	0.01379	0.00661	0.00193	0.00322	0.01196	0.00534	0.00505
46	0.03376	0.00499	0.00710	0.00731	0.00746	0.00498	0.00490	0.00757	0.00789	0.01088	0.01330	0.15674	0.01434	0.01849	0.01850	0.66477	0.00451	0.00671	0.00292	0.00288
47	0.01371	0.01316	0.02248	0.03399	0.77081	0.01316	0.01700	0.01700	0.01261	0.01809	0.01042	0.01371	0.00877	0.00493	0.00548	0.00164	0.00658	0.00493	0.00274	0.00877
48	0.01046	0.00984	0.01661	0.79205	0.03814	0.01230	0.01538	0.01415	0.01107	0.01415	0.00984	0.01477	0.00738	0.00554	0.00554	0.00185	0.00738	0.00492	0.00246	0.00615
49	0.01593	0.65984	0.02649	0.01039	0.01477	0.16676	0.00971	0.01764	0.01210	0.01313	0.00786	0.00909	0.00711	0.00492	0.00383	0.00123	0.00670	0.00308	0.00246	0.00698
50	0.00791	0.00593	0.00890	0.00890	0.00989	0.00692	0.00692	0.00989	0.00890	0.01286	0.01483	0.02176	0.01385	0.04154	0.78341	0.00890	0.01483	0.00593	0.00297	0.00494
51	0.01481	0.80869	0.02902	0.00948	0.01421	0.02191	0.00948	0.01658	0.01125	0.01303	0.00770	0.00888	0.00711	0.00474	0.00355	0.00118	0.00592	0.00296	0.00237	0.00711
52	0.00812	0.00681	0.00815	0.00834	0.00947	0.03037	0.02024	0.01023	0.04933	0.01556	0.09266	0.39656	0.21292	0.01440	0.00743	0.00209	0.05013	0.04718	0.00496	0.00505
53	0.00816	0.00571	0.00695	0.00689	0.00706	0.00606	0.00434	0.00855	0.00828	0.01128	0.01697	0.05338	0.01903	0.62725	0.15147	0.00575	0.03802	0.00778	0.00330	0.00375
54	0.66789	0.03248	0.01004	0.00830	0.01186	0.05030	0.00683	0.08298	0.01159	0.06280	0.00897	0.00992	0.00678	0.00538	0.00380	0.00168	0.00479	0.00333	0.00373	0.00653
55	0.00672	0.00544	0.00586	0.00611	0.00754	0.00470	0.00438	0.00800	0.01207	0.01482	0.07399	0.20246	0.55419	0.05881	0.00786	0.00214	0.00302	0.01224	0.00508	0.00459
56	0.01455	0.70114	0.11235	0.01031	0.01538	0.04061	0.01074	0.01683	0.01142	0.01355	0.00797	0.00923	0.00710	0.00482	0.00378	0.00125	0.00628	0.00310	0.00238	0.00721
57	0.01125	0.02667	0.68345	0.01582	0.02312	0.01330	0.03517	0.01711	0.01140	0.01711	0.00969	0.01181	0.00707	0.00570	0.00660	0.00182	0.08836	0.00422	0.00236	0.00795
58	0.01346	0.01396	0.02618	0.01950	0.02338	0.01483	0.45990	0.09100	0.01307	0.01818	0.01054	0.01429	0.00841	0.00746	0.03691	0.00224	0.21057	0.00592	0.00299	0.00722
59	0.00874	0.02778	0.01084	0.03052	0.08318	0.00743	0.04544	0.01074	0.02828	0.01529	0.08414	0.33721	0.08027	0.09655	0.03985	0.00267	0.02986	0.05151	0.00438	0.00532

[dist]
# distance from previous block
# <min> <max>
6	11

[block]
# block no. 3 follows, 43 sequences, length 16
# corresponding to MSA columns:
# 183-198
name=unknown_D
#
# <colnr> <probs for GDERKNQSTAVLIFYWHMCP>
#	G	D	E	R	K	N	Q	S	T	A	V	L	I	F	Y	W	H	M	C	P
0	0.46640	0.01286	0.10795	0.03143	0.09346	0.01186	0.00946	0.04252	0.02722	0.05410	0.08502	0.01400	0.01172	0.00593	0.00445	0.00172	0.00502	0.00433	0.00372	0.00682
1	0.01246	0.03740	0.39980	0.08899	0.18583	0.01267	0.04107	0.04750	0.01285	0.04492	0.05563	0.01453	0.01050	0.00566	0.00544	0.00172	0.00721	0.00485	0.00297	0.00800
2	0.01605	0.16712	0.05800	0.03445	0.07420	0.06283	0.01155	0.26035	0.04381	0.02144	0.01172	0.01333	0.02846	0.00683	0.00767	0.00173	0.16432	0.00466	0.00368	0.00778
3	0.00812	0.00585	0.00676	0.00668	0.00740	0.00583	0.00439	0.03503	0.00991	0.01297	0.02578	0.06882	0.18051	0.46217	0.13208	0.00487	0.00614	0.00874	0.00384	0.00414
4	0.01921	0.01334	0.01472	0.01173	0.01555	0.01446	0.00950	0.54696	0.06073	0.10518	0.01685	0.11605	0.01374	0.00810	0.00575	0.00175	0.00550	0.00650	0.00562	0.00875
5	0.03341	0.04591	0.21935	0.05195	0.31232	0.05329	0.03210	0.08710	0.03079	0.01896	0.01040	0.01280	0.00820	0.00558	0.00608	0.00171	0.05436	0.00459	0.00295	0.00814
6	0.00689	0.00556	0.00613	0.00613	0.00773	0.00480	0.00454	0.00856	0.01322	0.01672	0.23322	0.11275	0.52710	0.01362	0.00659	0.00187	0.00279	0.01161	0.00538	0.00480
7	0.07312	0.27597	0.12267	0.01461	0.10908	0.14613	0.02849	0.04804	0.08209	0.03616	0.01051	0.01170	0.00842	0.00541	0.00464	0.00151	0.00679	0.00399	0.00311	0.00757
8	0.00720	0.00515	0.00658	0.00757	0.00794	0.00496	0.00498	0.00852	0.03636	0.01391	0.02816	0.65257	0.03331	0.14254	0.01038	0.00273	0.00360	0.01419	0.00487	0.00447
9	0.01148	0.00984	0.01148	0.00820	0.01312	0.00738	0.00656	0.01395	0.01148	0.01805	0.00984	0.01148	0.00820	0.00410	0.00410	0.00082	0.00410	0.00328	0.00328	0.83922
10	0.00675	0.00482	0.00643	0.00771	0.00803	0.00450	0.00514	0.00771	0.01060	0.01414	0.03053	0.80175	0.03663	0.01735	0.00707	0.00225	0.00321	0.01574	0.00514	0.00450
11	0.00673	0.00488	0.00636	0.00755	0.00799	0.00451	0.00507	0.00773	0.01076	0.01420	0.03254	0.74287	0.09421	0.01709	0.00703	0.00222	0.00318	0.01543	0.00514	0.00451
12	0.01446	0.15592	0.26006	0.06861	0.12467	0.07077	0.05575	0.05229	0.01289	0.07571	0.01052	0.01240	0.00803	0.00557	0.00580	0.00166	0.04972	0.00436	0.00298	0.00782
13	0.04440	0.12668	0.05179	0.01007	0.01416	0.01199	0.00876	0.09474	0.14142	0.26706	0.07464	0.01854	0.03468	0.00682	0.00519	0.00160	0.00487	0.00542	0.00516	0.07201
14	0.01523	0.03195	0.01336	0.03265	0.03099	0.04334	0.02901	0.19992	0.13978	0.11423	0.14041	0.02332	0.06911	0.04006	0.02690	0.00203	0.00530	0.00656	0.00515	0.03074
15	0.01802	0.03213	0.05360	0.01134	0.01536	0.01345	0.00966	0.43184	0.02048	0.12551	0.06722	0.05879	0.04130	0.00764	0.00587	0.00168	0.02274	0.00603	0.00529	0.05207

[dist]
# distance from previous block
# <min> <max>
1	4

[block]
# block no. 4 follows, 43 sequences, length 14
# corresponding to MSA columns:
# 204-217
name=unknown_E
#
# <colnr> <probs for GDERKNQSTAVLIFYWHMCP>
#	G	D	E	R	K	N	Q	S	T	A	V	L	I	F	Y	W	H	M	C	P
0	0.07706	0.54394	0.02387	0.05970	0.01568	0.07362	0.00966	0.06526	0.01250	0.01580	0.03517	0.01086	0.00880	0.00536	0.00434	0.00136	0.02367	0.00356	0.00283	0.00698
1	0.01242	0.11493	0.12298	0.03335	0.01687	0.04150	0.06178	0.04211	0.01096	0.01534	0.01118	0.01434	0.04311	0.00956	0.05785	0.00233	0.32386	0.00487	0.00277	0.05790
2	0.16355	0.12718	0.01472	0.00984	0.01384	0.03941	0.00826	0.11952	0.06917	0.30553	0.04303	0.01540	0.01211	0.00632	0.00488	0.00161	0.00506	0.00475	0.00508	0.03074
3	0.00967	0.00668	0.00802	0.00762	0.00853	0.00680	0.00518	0.07453	0.01100	0.03787	0.06227	0.17828	0.02280	0.41019	0.07160	0.00412	0.02593	0.00889	0.00410	0.03595
4	0.01704	0.08291	0.04071	0.01445	0.06929	0.44017	0.01094	0.03306	0.06080	0.01544	0.01201	0.01708	0.01077	0.00687	0.00569	0.00161	0.03454	0.08756	0.00327	0.03579
5	0.03640	0.00755	0.00957	0.00959	0.06649	0.00731	0.00663	0.07430	0.01500	0.09524	0.39070	0.03475	0.10683	0.09289	0.00846	0.00213	0.00381	0.02094	0.00540	0.00603
6	0.00671	0.00533	0.00597	0.00640	0.00765	0.00466	0.00454	0.00796	0.01189	0.01480	0.07123	0.30988	0.46688	0.04093	0.00743	0.00211	0.00302	0.01291	0.00512	0.00459
7	0.03989	0.01325	0.01333	0.03774	0.01566	0.06800	0.00927	0.12863	0.53806	0.04493	0.01939	0.01830	0.01445	0.00711	0.00551	0.00181	0.00512	0.00573	0.00529	0.00854
8	0.01754	0.01234	0.01430	0.06764	0.01655	0.03388	0.00966	0.35539	0.03638	0.13812	0.01503	0.05985	0.01182	0.01057	0.08118	0.00240	0.04702	0.00565	0.00487	0.05980
9	0.07877	0.06707	0.36034	0.04365	0.08123	0.07356	0.10008	0.06993	0.04099	0.01893	0.01042	0.01227	0.00780	0.00535	0.00521	0.00170	0.00758	0.00442	0.00290	0.00782
10	0.01619	0.44822	0.11250	0.01231	0.04249	0.14076	0.01137	0.12628	0.01424	0.01705	0.00902	0.01021	0.00750	0.00524	0.00434	0.00138	0.00688	0.00356	0.00292	0.00752
11	0.00792	0.00539	0.00615	0.00616	0.00637	0.00529	0.00362	0.00824	0.00902	0.01205	0.08463	0.06611	0.05821	0.67054	0.02452	0.00478	0.00493	0.00868	0.00374	0.00362
12	0.03423	0.00988	0.01558	0.06350	0.04531	0.03043	0.17444	0.01525	0.01266	0.13162	0.03980	0.13225	0.08691	0.00944	0.00676	0.02190	0.01887	0.08760	0.00430	0.05928
13	0.01928	0.01423	0.01561	0.01229	0.01614	0.01591	0.01006	0.59110	0.07816	0.05189	0.01410	0.01494	0.01047	0.03122	0.03811	0.00211	0.04503	0.00522	0.00526	0.00885

[dist]
# distance from previous block
# <min> <max>
0	1

[block]
# block no. 5 follows, 43 sequences, length 56
# corresponding to MSA columns:
# 220-275
name=unknown_F
#
# <colnr> <probs for GDERKNQSTAVLIFYWHMCP>
#	G	D	E	R	K	N	Q	S	T	A	V	L	I	F	Y	W	H	M	C	P
0	0.00812	0.00656	0.02907	0.00692	0.00803	0.00587	0.00490	0.03626	0.02768	0.01460	0.08271	0.16952	0.21992	0.33776	0.01540	0.00335	0.00422	0.01018	0.00442	0.00451
1	0.19503	0.01499	0.11996	0.04476	0.04746	0.04712	0.19981	0.05303	0.01286	0.11563	0.01133	0.01303	0.00829	0.00539	0.00546	0.00169	0.02532	0.00470	0.00353	0.07059
2	0.09457	0.28624	0.13638	0.01452	0.11187	0.06817	0.04901	0.01813	0.08990	0.01692	0.01194	0.01326	0.03630	0.00570	0.00498	0.00156	0.02582	0.00432	0.00301	0.00740
3	0.05519	0.15754	0.10759	0.01217	0.01675	0.07919	0.03894	0.27952	0.06063	0.05865	0.04867	0.01391	0.01102	0.00613	0.00506	0.00157	0.00628	0.00467	0.00420	0.03231
4	0.03948	0.02826	0.05078	0.06802	0.43720	0.03521	0.01427	0.06117	0.01277	0.01817	0.02973	0.01590	0.01054	0.00913	0.07630	0.00238	0.05577	0.02414	0.00304	0.00776
5	0.01464	0.00963	0.01168	0.00863	0.01322	0.00764	0.00695	0.01735	0.03122	0.20162	0.04215	0.01464	0.01144	0.00513	0.00459	0.00110	0.00420	0.00417	0.00431	0.58568
6	0.00905	0.00526	0.00723	0.00759	0.00807	0.00511	0.00525	0.02363	0.00993	0.03332	0.06065	0.32322	0.02333	0.01690	0.01335	0.37453	0.00402	0.03059	0.03509	0.00388
7	0.00673	0.00488	0.00636	0.00754	0.00799	0.00451	0.00507	0.00773	0.01077	0.01420	0.03260	0.74096	0.09608	0.01708	0.00703	0.00222	0.00318	0.01542	0.00514	0.00451
8	0.00680	0.00557	0.00591	0.00600	0.00760	0.00479	0.00442	0.00822	0.01246	0.01525	0.10433	0.10337	0.60352	0.05837	0.00782	0.00210	0.00302	0.03069	0.00511	0.00464
9	0.01209	0.01334	0.04109	0.02087	0.05294	0.01233	0.56552	0.01621	0.01281	0.01734	0.01476	0.07869	0.01330	0.00691	0.00665	0.00197	0.00825	0.09466	0.00324	0.00703
10	0.00737	0.00550	0.00686	0.00689	0.00813	0.00499	0.00507	0.00939	0.01395	0.01892	0.45101	0.19320	0.20533	0.01318	0.00667	0.00189	0.00283	0.02820	0.00568	0.00496
11	0.00828	0.00595	0.00827	0.00818	0.00900	0.00676	0.00613	0.00995	0.00918	0.01347	0.03863	0.02455	0.01598	0.17285	0.53213	0.00718	0.03638	0.00634	0.07608	0.00472
12	0.02105	0.01551	0.01662	0.01274	0.01717	0.01717	0.01053	0.75235	0.02604	0.03490	0.01330	0.01330	0.00942	0.00665	0.00554	0.00166	0.00609	0.00499	0.00554	0.00942
13	0.01483	0.03052	0.01426	0.01425	0.14646	0.04123	0.00937	0.27526	0.03435	0.03890	0.01633	0.10438	0.03304	0.14140	0.00937	0.00229	0.00561	0.00667	0.00435	0.05714
14	0.84448	0.01071	0.00814	0.00728	0.01071	0.01242	0.00600	0.01628	0.00943	0.02485	0.00771	0.00900	0.00600	0.00514	0.00343	0.00171	0.00428	0.00300	0.00343	0.00600
15	0.02105	0.01551	0.01662	0.01274	0.01717	0.01717	0.01053	0.75235	0.02604	0.03490	0.01330	0.01330	0.00942	0.00665	0.00554	0.00166	0.00609	0.00499	0.00554	0.00942
16	0.01532	0.01565	0.05202	0.04344	0.12736	0.19304	0.01076	0.11542	0.02617	0.04223	0.03420	0.01465	0.03385	0.00678	0.02386	0.00163	0.03255	0.00461	0.00358	0.20286
17	0.01339	0.01211	0.01615	0.40169	0.02705	0.07444	0.05469	0.17123	0.01465	0.01891	0.01272	0.04977	0.02350	0.00770	0.03131	0.00201	0.02234	0.00556	0.03401	0.00677
18	0.01277	0.00752	0.00777	0.00689	0.00889	0.00790	0.00539	0.18117	0.01490	0.02389	0.01698	0.01898	0.01311	0.00650	0.00425	0.00138	0.00338	0.00512	0.64710	0.00613
19	0.04208	0.06035	0.01397	0.02572	0.04311	0.00926	0.00853	0.02473	0.01518	0.63220	0.05237	0.01869	0.01447	0.00678	0.00543	0.00168	0.00481	0.00550	0.00621	0.00893
20	0.01284	0.01541	0.07954	0.04813	0.06924	0.01399	0.59652	0.01732	0.01263	0.01738	0.01081	0.01449	0.00824	0.00503	0.00701	0.00188	0.05319	0.00614	0.00274	0.00747
21	0.00814	0.00553	0.00643	0.03495	0.00722	0.00562	0.00380	0.00828	0.00817	0.01086	0.01717	0.03545	0.01967	0.77595	0.02736	0.00524	0.00544	0.00794	0.00332	0.00346
22	0.01647	0.01171	0.01269	0.01024	0.01358	0.01243	0.00818	0.44389	0.03469	0.07515	0.02407	0.04210	0.17589	0.08372	0.00793	0.00208	0.00513	0.00703	0.00533	0.00770
23	0.11146	0.08033	0.15538	0.01468	0.07455	0.27560	0.03969	0.06572	0.05780	0.03028	0.01099	0.02760	0.00895	0.00596	0.00501	0.00161	0.00754	0.01632	0.00326	0.00728
24	0.01680	0.02718	0.02633	0.01294	0.07346	0.03077	0.03766	0.24140	0.06181	0.17787	0.04397	0.03823	0.04134	0.01268	0.12881	0.00285	0.00706	0.00599	0.00490	0.00796
25	0.00962	0.00481	0.00722	0.00722	0.00722	0.00481	0.00481	0.00722	0.00722	0.00962	0.00962	0.01684	0.00962	0.01924	0.02165	0.83886	0.00481	0.00481	0.00241	0.00241
26	0.01421	0.01437	0.02117	0.10093	0.61785	0.10103	0.01613	0.01732	0.01282	0.01722	0.01015	0.01338	0.00846	0.00508	0.00543	0.00164	0.00704	0.00478	0.00273	0.00826
27	0.01189	0.01233	0.03880	0.45108	0.15364	0.04223	0.14172	0.01592	0.02956	0.01574	0.01087	0.01559	0.00855	0.00556	0.00572	0.00182	0.00758	0.02178	0.00271	0.00690
28	0.00655	0.00561	0.00561	0.00561	0.00748	0.00468	0.00421	0.00795	0.01262	0.01496	0.05610	0.05330	0.76857	0.01403	0.00655	0.00187	0.00281	0.01169	0.00514	0.00468
29	0.10925	0.03560	0.01122	0.00876	0.01198	0.00873	0.00710	0.05900	0.03379	0.35972	0.24417	0.02493	0.04603	0.00815	0.00558	0.00171	0.00409	0.00669	0.00595	0.00755
30	0.05056	0.04002	0.01435	0.01145	0.01505	0.13906	0.00921	0.16304	0.17913	0.25139	0.01658	0.01590	0.01181	0.00751	0.02339	0.00186	0.03102	0.00509	0.00518	0.00838
31	0.00782	0.00600	0.00856	0.10749	0.01239	0.00609	0.02487	0.02571	0.01083	0.01438	0.02579	0.59176	0.03004	0.09026	0.00884	0.00247	0.00416	0.01317	0.00458	0.00478
32	0.00675	0.00482	0.00643	0.00771	0.00803	0.00450	0.00514	0.00771	0.01060	0.01414	0.03053	0.80175	0.03663	0.01735	0.00707	0.00225	0.00321	0.01574	0.00514	0.00450
33	0.06782	0.57104	0.15332	0.01134	0.03914	0.04852	0.01139	0.01695	0.01142	0.01473	0.00820	0.00956	0.00707	0.00490	0.00395	0.00134	0.00637	0.00324	0.00246	0.00724
34	0.74954	0.03232	0.03806	0.00768	0.01132	0.01239	0.00664	0.01614	0.00975	0.02401	0.02473	0.00988	0.00715	0.00524	0.00359	0.00168	0.00443	0.00320	0.00341	0.02881
35	0.00746	0.00561	0.00690	0.00666	0.00806	0.00505	0.00496	0.00969	0.01467	0.02000	0.55314	0.07974	0.23316	0.01229	0.00656	0.00180	0.00269	0.01071	0.00581	0.00505
36	0.04414	0.00973	0.01279	0.00988	0.01404	0.00876	0.00814	0.07617	0.01639	0.67623	0.04954	0.01909	0.01470	0.00697	0.00555	0.00171	0.00472	0.00564	0.00665	0.00918
37	0.01803	0.14976	0.05993	0.03514	0.10098	0.49819	0.02872	0.02012	0.01425	0.01430	0.00879	0.01054	0.00734	0.00541	0.00488	0.00145	0.00878	0.00375	0.00272	0.00690
38	0.01316	0.01106	0.01210	0.01083	0.01356	0.01275	0.00849	0.02525	0.57303	0.04936	0.02522	0.02380	0.10759	0.00848	0.00689	0.00192	0.07639	0.00677	0.00533	0.00804
39	0.54040	0.03551	0.01040	0.00822	0.01198	0.01127	0.00683	0.01992	0.01166	0.27864	0.01250	0.01233	0.00865	0.00571	0.00416	0.00170	0.00448	0.00387	0.00456	0.00719
40	0.00965	0.00668	0.00948	0.00948	0.01109	0.00645	0.03516	0.01250	0.03166	0.06359	0.27297	0.09378	0.03660	0.01302	0.00703	0.00217	0.00428	0.36342	0.00546	0.00554
41	0.00754	0.00558	0.00704	0.00682	0.00813	0.00508	0.00506	0.00983	0.01477	0.02039	0.59368	0.10785	0.16319	0.01226	0.00658	0.00181	0.00269	0.01076	0.00587	0.00508
42	0.01173	0.16003	0.65075	0.01472	0.02233	0.01439	0.01861	0.01738	0.01162	0.01678	0.00956	0.01122	0.00703	0.00517	0.00497	0.00166	0.00780	0.00390	0.00234	0.00800
43	0.00728	0.00505	0.00664	0.00759	0.00818	0.00466	0.00518	0.00845	0.01132	0.03313	0.10287	0.67359	0.07271	0.01636	0.00696	0.00217	0.00317	0.01475	0.00527	0.00469
44	0.66269	0.01172	0.03833	0.00908	0.03685	0.01250	0.00740	0.07237	0.01134	0.08150	0.00937	0.01032	0.00696	0.00538	0.00388	0.00171	0.00467	0.00345	0.00378	0.00668
45	0.01356	0.47861	0.32039	0.01210	0.01812	0.04332	0.01380	0.01714	0.01157	0.01481	0.00860	0.01002	0.00707	0.00497	0.00427	0.00141	0.00694	0.00342	0.00237	0.00751
46	0.01062	0.00729	0.00957	0.00975	0.06731	0.00700	0.00676	0.07214	0.01529	0.08700	0.41904	0.10357	0.10972	0.01202	0.03595	0.00206	0.00392	0.00935	0.00556	0.00607
47	0.04455	0.01594	0.12685	0.08052	0.09622	0.01368	0.48096	0.01719	0.01242	0.01762	0.01061	0.01407	0.00805	0.00500	0.00642	0.00184	0.03208	0.00576	0.00272	0.00749
48	0.00689	0.00497	0.00646	0.00746	0.00794	0.00461	0.00502	0.00799	0.01109	0.01480	0.10016	0.65756	0.07956	0.04777	0.00782	0.00230	0.00322	0.01467	0.00516	0.00453
49	0.02237	0.00927	0.01233	0.00966	0.01357	0.00829	0.00790	0.04760	0.04349	0.63754	0.10753	0.02134	0.01813	0.00739	0.00568	0.00172	0.00450	0.00609	0.00668	0.00892
50	0.14208	0.01073	0.01182	0.01051	0.03711	0.01141	0.00808	0.09555	0.27947	0.19918	0.04518	0.02138	0.08868	0.00759	0.00539	0.00178	0.00447	0.00609	0.00545	0.00805
51	0.00910	0.00744	0.01102	0.01018	0.01117	0.00891	0.03585	0.02742	0.00930	0.01342	0.01368	0.02113	0.01307	0.10738	0.53962	0.00708	0.14012	0.00596	0.00297	0.00517
52	0.00702	0.00494	0.00634	0.00736	0.00761	0.00468	0.00476	0.00778	0.01006	0.01342	0.02776	0.63978	0.03314	0.18408	0.01154	0.00291	0.00367	0.01412	0.00476	0.00426
53	0.02428	0.00994	0.01312	0.01010	0.01437	0.00895	0.00833	0.07998	0.03638	0.70072	0.02124	0.01849	0.01348	0.00686	0.00557	0.00171	0.00480	0.00555	0.00673	0.00941
54	0.01147	0.08735	0.69742	0.01585	0.04555	0.01356	0.01953	0.01745	0.01169	0.01721	0.00978	0.01154	0.00708	0.00521	0.00514	0.00171	0.00797	0.00403	0.00235	0.00812
55	0.01266	0.01224	0.02121	0.26625	0.47230	0.01297	0.07121	0.01646	0.02924	0.01697	0.01058	0.01428	0.00850	0.00516	0.00558	0.00173	0.00698	0.00508	0.00273	0.00787

[dist]
# distance from previous block
# <min> <max>
0	1

[block]
# block no. 6 follows, 43 sequences, length 34
# corresponding to MSA columns:
# 277-310
name=unknown_G
#
# <colnr> <probs for GDERKNQSTAVLIFYWHMCP>
#	G	D	E	R	K	N	Q	S	T	A	V	L	I	F	Y	W	H	M	C	P
0	0.08123	0.01260	0.01862	0.24278	0.40983	0.05552	0.01480	0.03954	0.01252	0.01776	0.01068	0.01511	0.00889	0.00558	0.00538	0.00173	0.00674	0.03021	0.00290	0.00757
1	0.01273	0.00957	0.01121	0.02811	0.01282	0.00887	0.00695	0.11528	0.06125	0.06082	0.01365	0.01838	0.01195	0.16377	0.06544	0.00255	0.00553	0.00500	0.00391	0.38219
2	0.11220	0.01157	0.01203	0.01067	0.01378	0.01313	0.00843	0.14405	0.46004	0.02432	0.02076	0.06405	0.03276	0.00813	0.00555	0.00187	0.00458	0.03871	0.00530	0.00806
3	0.63674	0.01210	0.01158	0.01264	0.14258	0.05540	0.02490	0.01676	0.01040	0.02290	0.00830	0.01000	0.00659	0.00513	0.00394	0.00169	0.00511	0.00344	0.00326	0.00653
4	0.03380	0.01309	0.02631	0.03946	0.13090	0.01259	0.48767	0.01665	0.01278	0.04074	0.04283	0.07726	0.01246	0.00615	0.00650	0.00186	0.02144	0.00698	0.00323	0.00730
5	0.01038	0.00863	0.01011	0.00776	0.01156	0.00674	0.00598	0.01252	0.01157	0.01744	0.08049	0.06030	0.05067	0.07423	0.00664	0.00142	0.00397	0.00534	0.00372	0.61054
6	0.00790	0.00543	0.00639	0.00643	0.00669	0.00547	0.00392	0.00831	0.00870	0.01164	0.03974	0.06445	0.06248	0.62480	0.11054	0.00536	0.00614	0.00836	0.00355	0.00370
7	0.00805	0.00540	0.00622	0.00622	0.00628	0.00547	0.00358	0.00817	0.00811	0.01087	0.01729	0.03535	0.01975	0.75813	0.07489	0.00559	0.00595	0.00792	0.00333	0.00345
8	0.01046	0.00984	0.01661	0.79205	0.03814	0.01230	0.01538	0.01415	0.01107	0.01415	0.00984	0.01477	0.00738	0.00554	0.00554	0.00185	0.00738	0.00492	0.00246	0.00615
9	0.01790	0.02127	0.01745	0.05339	0.13844	0.49521	0.03200	0.03740	0.01432	0.01491	0.00895	0.01127	0.00751	0.00604	0.00671	0.00162	0.10184	0.00411	0.00283	0.00684
10	0.84448	0.01071	0.00814	0.00728	0.01071	0.01242	0.00600	0.01628	0.00943	0.02485	0.00771	0.00900	0.00600	0.00514	0.00343	0.00171	0.00428	0.00300	0.00343	0.00600
11	0.00691	0.00515	0.00643	0.00712	0.00796	0.00467	0.00496	0.00827	0.01198	0.01581	0.17297	0.49999	0.19652	0.01552	0.00686	0.00207	0.00301	0.01381	0.00532	0.00467
12	0.01148	0.00984	0.01148	0.00820	0.01312	0.00738	0.00656	0.01395	0.01148	0.01805	0.00984	0.01148	0.00820	0.00410	0.00410	0.00082	0.00410	0.00328	0.00328	0.83922
13	0.02204	0.01302	0.01496	0.01157	0.01587	0.01359	0.00953	0.43744	0.06645	0.31097	0.01705	0.01582	0.01147	0.00678	0.00556	0.00169	0.00547	0.00528	0.00604	0.00938
14	0.00690	0.00502	0.00634	0.00724	0.00779	0.00464	0.00486	0.00792	0.01090	0.01436	0.07251	0.59207	0.13056	0.09048	0.00895	0.00247	0.00333	0.01419	0.00503	0.00445
15	0.00757	0.00557	0.00696	0.00675	0.00799	0.00509	0.00494	0.00971	0.01435	0.01976	0.55495	0.09861	0.16197	0.06171	0.00792	0.00203	0.00286	0.01058	0.00571	0.00497
16	0.02379	0.00983	0.01297	0.01002	0.01419	0.00886	0.00825	0.08280	0.03199	0.67791	0.04486	0.01917	0.01466	0.00699	0.00560	0.00171	0.00475	0.00568	0.00670	0.00928
17	0.00792	0.00545	0.00639	0.00641	0.00677	0.00550	0.00398	0.00841	0.00874	0.01175	0.02100	0.05095	0.08983	0.58829	0.13086	0.00537	0.00634	0.00818	0.02408	0.00377
18	0.01222	0.01028	0.01188	0.00855	0.01344	0.00814	0.00687	0.07068	0.01260	0.01934	0.01011	0.01162	0.00830	0.00430	0.00421	0.00088	0.00425	0.00341	0.00345	0.77546
19	0.01498	0.01100	0.02883	0.01011	0.01486	0.00914	0.05099	0.08365	0.01366	0.16256	0.01245	0.01326	0.00932	0.00504	0.00501	0.00118	0.02365	0.00411	0.00409	0.52211
20	0.43448	0.04652	0.01289	0.01055	0.01380	0.20778	0.04527	0.04496	0.01200	0.04067	0.00907	0.01078	0.00726	0.00752	0.04794	0.00205	0.03305	0.00369	0.00332	0.00639
21	0.01032	0.00516	0.00516	0.00516	0.00645	0.00516	0.00387	0.01290	0.01161	0.02065	0.01807	0.02065	0.01420	0.00645	0.00387	0.00129	0.00258	0.00516	0.83611	0.00516
22	0.01286	0.01127	0.01862	0.43505	0.31275	0.01257	0.01542	0.04179	0.01244	0.05862	0.01085	0.01454	0.00833	0.00542	0.00552	0.00176	0.00689	0.00496	0.00292	0.00744
23	0.06790	0.01543	0.01440	0.01199	0.01566	0.12778	0.00956	0.35416	0.25491	0.02696	0.01627	0.01589	0.03046	0.00688	0.00539	0.00170	0.00593	0.00523	0.00504	0.00845
24	0.03097	0.01051	0.01222	0.00978	0.01335	0.01025	0.00778	0.25829	0.01717	0.19911	0.04222	0.11848	0.04353	0.03975	0.00641	0.00175	0.00474	0.00668	0.00526	0.16174
25	0.01518	0.38935	0.07474	0.10630	0.11995	0.07114	0.01216	0.11981	0.01382	0.01725	0.00931	0.01111	0.00768	0.00523	0.00454	0.00145	0.00664	0.00386	0.00291	0.00757
26	0.01032	0.00516	0.00516	0.00516	0.00645	0.00516	0.00387	0.01290	0.01161	0.02065	0.01807	0.02065	0.01420	0.00645	0.00387	0.00129	0.00258	0.00516	0.83611	0.00516
27	0.00757	0.00550	0.00736	0.00806	0.00890	0.00552	0.00602	0.00914	0.01080	0.01454	0.04801	0.32899	0.10485	0.05887	0.20031	0.00402	0.00644	0.13542	0.02498	0.00471
28	0.01151	0.00919	0.01045	0.03763	0.02926	0.03756	0.00772	0.12052	0.09702	0.03922	0.19565	0.03643	0.18177	0.03019	0.00713	0.00198	0.02349	0.11181	0.00516	0.00632
29	0.01046	0.00984	0.01661	0.79205	0.03814	0.01230	0.01538	0.01415	0.01107	0.01415	0.00984	0.01477	0.00738	0.00554	0.00554	0.00185	0.00738	0.00492	0.00246	0.00615
30	0.00813	0.00598	0.00819	0.00809	0.00869	0.00676	0.00584	0.00936	0.00858	0.01211	0.01548	0.02660	0.01585	0.31593	0.48043	0.00737	0.04245	0.00666	0.00309	0.00442
31	0.01330	0.11941	0.35175	0.01375	0.01959	0.09402	0.05919	0.05827	0.03559	0.01759	0.01053	0.02913	0.00838	0.00558	0.00536	0.00156	0.02845	0.00433	0.00290	0.12131
32	0.81504	0.01088	0.00844	0.00748	0.01094	0.01259	0.00616	0.04260	0.01002	0.02521	0.00791	0.00915	0.00612	0.00519	0.00350	0.00171	0.00435	0.00307	0.00350	0.00612
33	0.07861	0.19108	0.50320	0.01471	0.04871	0.01479	0.04243	0.01722	0.01150	0.01720	0.00935	0.01107	0.00707	0.00511	0.00481	0.00163	0.00738	0.00388	0.00246	0.00778

[dist]
# distance from previous block
# <min> <max>
0	1

[block]
# block no. 7 follows, 43 sequences, length 29
# corresponding to MSA columns:
# 312-340
name=unknown_H
#
# <colnr> <probs for GDERKNQSTAVLIFYWHMCP>
#	G	D	E	R	K	N	Q	S	T	A	V	L	I	F	Y	W	H	M	C	P
0	0.00718	0.00521	0.00675	0.00762	0.00824	0.00477	0.00511	0.00818	0.01048	0.01416	0.02811	0.68991	0.03342	0.07435	0.00841	0.00238	0.00343	0.01430	0.00488	0.06310
1	0.01909	0.01410	0.01518	0.01195	0.01580	0.01559	0.00967	0.61945	0.07404	0.03145	0.01456	0.03415	0.01133	0.06319	0.00747	0.01757	0.00583	0.00554	0.00533	0.00870
2	0.00935	0.00709	0.03383	0.00752	0.00942	0.00617	0.00596	0.01264	0.06342	0.07303	0.51374	0.03894	0.14530	0.04045	0.00717	0.00190	0.00319	0.00942	0.00576	0.00570
3	0.01446	0.76790	0.02800	0.00945	0.01399	0.02115	0.00935	0.01624	0.01113	0.01302	0.00806	0.00954	0.00745	0.00661	0.04319	0.00158	0.00638	0.00311	0.00240	0.00700
4	0.02183	0.04198	0.05381	0.01235	0.05985	0.01170	0.00998	0.21494	0.03805	0.45008	0.01783	0.01641	0.01180	0.00655	0.00547	0.00168	0.00540	0.00523	0.00584	0.00922
5	0.00840	0.00585	0.00722	0.00676	0.00838	0.00524	0.00511	0.01067	0.01488	0.06035	0.54028	0.04332	0.23929	0.01180	0.00648	0.00177	0.00278	0.01022	0.00589	0.00530
6	0.01191	0.00998	0.01089	0.00990	0.01249	0.01113	0.00764	0.02351	0.53180	0.02263	0.22744	0.02743	0.05199	0.00878	0.00591	0.00184	0.00385	0.00747	0.00574	0.00766
7	0.01575	0.68296	0.02688	0.01025	0.01468	0.14426	0.00967	0.01747	0.01197	0.01311	0.00784	0.00906	0.00711	0.00489	0.00379	0.00122	0.00658	0.00306	0.00245	0.00700
8	0.00962	0.00481	0.00722	0.00722	0.00722	0.00481	0.00481	0.00722	0.00722	0.00962	0.00962	0.01684	0.00962	0.01924	0.02165	0.83886	0.00481	0.00481	0.00241	0.00241
9	0.00807	0.00556	0.00682	0.00695	0.00748	0.00544	0.00471	0.00913	0.01074	0.01458	0.20533	0.07557	0.03053	0.45805	0.01888	0.00392	0.00455	0.11517	0.00437	0.00412
10	0.02348	0.01000	0.01301	0.01015	0.01432	0.00920	0.00833	0.06383	0.09587	0.65715	0.02149	0.01876	0.01383	0.00691	0.00558	0.00173	0.00475	0.00561	0.00666	0.00935
11	0.01354	0.01149	0.01224	0.01108	0.01411	0.01314	0.00871	0.05853	0.65589	0.02297	0.02365	0.02416	0.04117	0.00820	0.00579	0.00191	0.00445	0.05495	0.00558	0.00842
12	0.01645	0.05327	0.01389	0.01114	0.01457	0.06835	0.00894	0.16313	0.37106	0.11367	0.03387	0.02081	0.04832	0.00760	0.00558	0.00177	0.00515	0.02870	0.00537	0.00836
13	0.00709	0.00563	0.00636	0.00618	0.00781	0.00491	0.00464	0.00900	0.01391	0.01801	0.35569	0.04828	0.46708	0.01289	0.00654	0.00182	0.00272	0.01098	0.00554	0.00491
14	0.00687	0.00498	0.00649	0.00748	0.00803	0.00460	0.00509	0.00807	0.01138	0.01521	0.12500	0.65576	0.08783	0.01637	0.00697	0.00216	0.00311	0.01475	0.00526	0.00460
