[name]
unknown

[dist]
# distance from previous block
# <min> <max>
0	111

[block]
# block no. 0 follows, 47 sequences, length 47
# corresponding to MSA columns:
# 146-192
name=unknown_A
#
# <colnr> <probs for GDERKNQSTAVLIFYWHMCP>
#	G	D	E	R	K	N	Q	S	T	A	V	L	I	F	Y	W	H	M	C	P
0	0.00712	0.00532	0.00664	0.00653	0.00782	0.00484	0.00495	0.00923	0.01364	0.01856	0.52331	0.08717	0.20937	0.01180	0.00625	0.00175	0.00270	0.06288	0.00542	0.00475
1	0.01045	0.09346	0.66856	0.01379	0.02068	0.01226	0.01733	0.01576	0.01089	0.01590	0.01055	0.06803	0.00859	0.00572	0.00493	0.00164	0.00718	0.00454	0.00239	0.00736
2	0.00628	0.00528	0.00556	0.00558	0.00723	0.00456	0.00418	0.00766	0.01164	0.01408	0.06747	0.06710	0.69030	0.01505	0.06255	0.00224	0.00345	0.01066	0.00471	0.00442
3	0.07097	0.00939	0.01077	0.00787	0.01223	0.00761	0.00633	0.01325	0.01056	0.01726	0.00902	0.01065	0.00753	0.00412	0.00430	0.00089	0.03364	0.00312	0.00307	0.75742
4	0.00773	0.00574	0.00725	0.00680	0.00817	0.00547	0.00512	0.01102	0.06890	0.02073	0.70399	0.03787	0.07039	0.01047	0.00608	0.00165	0.00258	0.00922	0.00567	0.00513
5	0.07474	0.01220	0.01248	0.01072	0.01398	0.02869	0.00849	0.20659	0.52317	0.02441	0.01783	0.01677	0.01328	0.00668	0.00512	0.00170	0.00461	0.00533	0.00508	0.00816
6	0.00971	0.00485	0.00485	0.00485	0.00607	0.00485	0.00364	0.01213	0.01092	0.01942	0.01699	0.01942	0.01335	0.00607	0.00364	0.00121	0.00243	0.00485	0.84589	0.00485
7	0.00756	0.00549	0.00816	0.00816	0.00900	0.00632	0.00625	0.00906	0.00823	0.01180	0.01368	0.02059	0.01294	0.06411	0.71470	0.06820	0.01297	0.00557	0.00276	0.00443
8	0.01201	0.01347	0.02913	0.02107	0.02604	0.01266	0.71156	0.01626	0.01227	0.01660	0.01175	0.01724	0.00948	0.00510	0.00622	0.00180	0.00850	0.05918	0.00279	0.00686
9	0.00636	0.00491	0.00582	0.00646	0.00742	0.00437	0.00455	0.00754	0.01101	0.01401	0.07308	0.44776	0.34251	0.01473	0.00643	0.00195	0.00288	0.02899	0.00488	0.00434
10	0.00633	0.00493	0.00575	0.00629	0.00733	0.00435	0.00444	0.00753	0.01118	0.01418	0.09260	0.40846	0.37909	0.01448	0.00639	0.00192	0.00281	0.01267	0.00490	0.00435
11	0.85377	0.01007	0.00765	0.00685	0.01007	0.01168	0.00564	0.01531	0.00886	0.02336	0.00725	0.00846	0.00564	0.00483	0.00322	0.00161	0.00403	0.00282	0.00322	0.00564
12	0.00717	0.00525	0.00672	0.00648	0.00769	0.00481	0.00481	0.00939	0.01407	0.01960	0.64949	0.10278	0.11959	0.01135	0.00618	0.00169	0.00252	0.01001	0.00557	0.00481
13	0.03638	0.01124	0.01251	0.00969	0.01366	0.01115	0.00783	0.23440	0.14838	0.03694	0.01235	0.01289	0.00948	0.00539	0.00503	0.00127	0.03586	0.00413	0.00412	0.38727
14	0.02791	0.42524	0.21822	0.01123	0.01613	0.07859	0.03992	0.04694	0.01175	0.01491	0.03525	0.03430	0.00905	0.00529	0.00423	0.00137	0.00633	0.00389	0.00261	0.00684
15	0.01183	0.01277	0.04451	0.21102	0.24541	0.01253	0.35282	0.01567	0.01169	0.01597	0.00999	0.01360	0.00774	0.00467	0.00561	0.00169	0.00757	0.00529	0.00253	0.00710
16	0.02306	0.00935	0.01239	0.00950	0.01354	0.00838	0.00785	0.08900	0.01573	0.72333	0.01986	0.01728	0.01254	0.00643	0.00523	0.00161	0.00454	0.00519	0.00634	0.00886
17	0.01045	0.02694	0.79000	0.01484	0.02254	0.01209	0.01924	0.01649	0.01099	0.01649	0.00935	0.01099	0.00660	0.00495	0.00495	0.00165	0.00770	0.00385	0.00220	0.00770
18	0.01289	0.01237	0.02114	0.03196	0.78450	0.01237	0.01598	0.01598	0.01186	0.01701	0.00980	0.01289	0.00825	0.00464	0.00516	0.00155	0.00619	0.00464	0.00258	0.00825
19	0.01392	0.82012	0.02729	0.00891	0.01337	0.02061	0.00891	0.01559	0.01058	0.01225	0.00724	0.00835	0.00668	0.00446	0.00334	0.00111	0.00557	0.00278	0.00223	0.00668
20	0.01049	0.02660	0.77031	0.01503	0.02266	0.01212	0.03860	0.01650	0.01103	0.01650	0.00938	0.01107	0.00663	0.00493	0.00498	0.00165	0.00772	0.00391	0.00221	0.00768
21	0.00635	0.00528	0.00555	0.00548	0.00715	0.00448	0.00411	0.00785	0.01233	0.01516	0.16944	0.04832	0.66502	0.01278	0.00615	0.00174	0.00261	0.01074	0.00498	0.00448
22	0.00797	0.00546	0.00715	0.00665	0.00799	0.00502	0.00502	0.01041	0.01475	0.04984	0.75302	0.03810	0.04777	0.01049	0.00611	0.00164	0.00253	0.00926	0.00576	0.00506
23	0.01289	0.01237	0.02114	0.03196	0.78450	0.01237	0.01598	0.01598	0.01186	0.01701	0.00980	0.01289	0.00825	0.00464	0.00516	0.00155	0.00619	0.00464	0.00258	0.00825
24	0.02132	0.01214	0.01411	0.01082	0.01493	0.01252	0.00894	0.45019	0.02039	0.35555	0.01594	0.01473	0.01058	0.00633	0.00522	0.00158	0.00518	0.00492	0.00574	0.00886
25	0.01038	0.00600	0.00796	0.00715	0.00890	0.00546	0.00553	0.01275	0.01468	0.16330	0.61604	0.03560	0.04178	0.00999	0.00601	0.00166	0.00290	0.03242	0.00584	0.00564
26	0.00844	0.00624	0.00848	0.00974	0.03515	0.00616	0.00794	0.02999	0.01215	0.01575	0.02938	0.11098	0.10930	0.01388	0.00692	0.00226	0.00450	0.57307	0.00474	0.00493
27	0.04584	0.15015	0.23172	0.01307	0.01727	0.14476	0.06426	0.08210	0.01239	0.01640	0.03686	0.01163	0.00847	0.00589	0.00670	0.00161	0.13719	0.00410	0.00276	0.00680
28	0.00634	0.00453	0.00604	0.00725	0.00755	0.00423	0.00483	0.00725	0.00997	0.01329	0.02870	0.81358	0.03444	0.01632	0.00665	0.00211	0.00302	0.01480	0.00483	0.00423
29	0.01271	0.01219	0.02081	0.07760	0.74028	0.01233	0.01589	0.01582	0.01177	0.01679	0.00976	0.01295	0.00817	0.00467	0.00516	0.00156	0.00623	0.00464	0.00256	0.00810
30	0.06542	0.01726	0.01447	0.06297	0.12425	0.36390	0.01025	0.15529	0.01516	0.01781	0.01313	0.03955	0.06585	0.00632	0.00497	0.00151	0.00710	0.00476	0.00337	0.00665
31	0.04345	0.00998	0.01245	0.00972	0.01357	0.00957	0.00801	0.18212	0.03601	0.54364	0.04684	0.01803	0.01360	0.00669	0.00525	0.00162	0.00462	0.02028	0.00601	0.00853
32	0.07453	0.12353	0.57552	0.01337	0.01998	0.01305	0.03481	0.01655	0.03696	0.01675	0.02392	0.01136	0.00769	0.00504	0.00468	0.00159	0.00696	0.00387	0.00246	0.00736
33	0.00799	0.00562	0.00624	0.00590	0.00776	0.00480	0.00449	0.00960	0.01272	0.08728	0.19301	0.04491	0.56685	0.01206	0.00607	0.00172	0.00277	0.01015	0.00516	0.00491
34	0.01103	0.16088	0.66120	0.01384	0.02099	0.01353	0.01750	0.01634	0.01092	0.01578	0.00899	0.01055	0.00661	0.00486	0.00468	0.00156	0.00734	0.00367	0.00220	0.00753
35	0.01212	0.32047	0.48428	0.01248	0.01887	0.01512	0.01507	0.01642	0.01096	0.03768	0.00890	0.01021	0.00681	0.00481	0.00436	0.00145	0.00681	0.00349	0.00233	0.00736
36	0.85377	0.01007	0.00765	0.00685	0.01007	0.01168	0.00564	0.01531	0.00886	0.02336	0.00725	0.00846	0.00564	0.00483	0.00322	0.00161	0.00403	0.00282	0.00322	0.00564
37	0.00744	0.00558	0.00837	0.00837	0.00930	0.00651	0.00651	0.00930	0.00837	0.01209	0.01395	0.02046	0.01302	0.03906	0.79635	0.00837	0.01395	0.00558	0.00279	0.00465
38	0.01356	0.01138	0.01209	0.01072	0.01373	0.01305	0.00844	0.11109	0.66104	0.02281	0.02045	0.02012	0.01563	0.00725	0.00536	0.00177	0.00433	0.03374	0.00527	0.00818
39	0.03633	0.02927	0.05633	0.00961	0.02687	0.00742	0.00830	0.02974	0.02656	0.14994	0.14658	0.03993	0.05417	0.01077	0.00618	0.00197	0.00448	0.34464	0.00494	0.00596
40	0.08669	0.43799	0.29523	0.01100	0.01643	0.04608	0.01233	0.01608	0.01073	0.01475	0.00802	0.00934	0.00656	0.00470	0.00395	0.00136	0.00633	0.00319	0.00232	0.00693
41	0.01612	0.00783	0.01010	0.00839	0.01125	0.00726	0.00668	0.01981	0.10693	0.40941	0.28777	0.02607	0.04311	0.00814	0.00558	0.00164	0.00366	0.00691	0.00602	0.00731
42	0.01101	0.00721	0.00857	0.00748	0.00959	0.00693	0.00581	0.13304	0.01549	0.11259	0.38330	0.05038	0.19291	0.02450	0.00626	0.00172	0.00332	0.00857	0.00548	0.00586
43	0.03018	0.00770	0.00925	0.00859	0.03088	0.02745	0.00647	0.01610	0.11116	0.20287	0.32210	0.06024	0.10095	0.00935	0.00575	0.00169	0.00357	0.03386	0.00548	0.00634
44	0.01861	0.01204	0.01339	0.01048	0.01407	0.01289	0.00853	0.51596	0.02039	0.16088	0.01453	0.01536	0.01058	0.05168	0.02302	0.00188	0.00536	0.00498	0.07725	0.00811
45	0.00983	0.00926	0.01562	0.80447	0.03587	0.01157	0.01446	0.01331	0.01041	0.01331	0.00926	0.01388	0.00694	0.00521	0.00521	0.00174	0.00694	0.00463	0.00231	0.00579
46	0.01226	0.01433	0.05069	0.02210	0.05294	0.01311	0.72006	0.01665	0.01224	0.01669	0.01048	0.01393	0.00788	0.00441	0.00608	0.00175	0.00866	0.00603	0.00262	0.00708

[dist]
# distance from previous block
# <min> <max>
0	1

[block]
# block no. 1 follows, 47 sequences, length 46
# corresponding to MSA columns:
# 194-239
name=unknown_B
#
# <colnr> <probs for GDERKNQSTAVLIFYWHMCP>
#	G	D	E	R	K	N	Q	S	T	A	V	L	I	F	Y	W	H	M	C	P
0	0.03005	0.37163	0.08278	0.01071	0.01466	0.22184	0.00982	0.01821	0.01231	0.12418	0.02635	0.01095	0.00848	0.00532	0.00462	0.00135	0.03332	0.00358	0.00304	0.00682
1	0.00635	0.00462	0.00600	0.00706	0.00751	0.00426	0.00476	0.00734	0.01026	0.01355	0.04974	0.72679	0.10078	0.01590	0.00659	0.00207	0.00297	0.01433	0.00486	0.00426
2	0.00634	0.00453	0.00604	0.00725	0.00755	0.00423	0.00483	0.00725	0.00997	0.01329	0.02870	0.81358	0.03444	0.01632	0.00665	0.00211	0.00302	0.01480	0.00483	0.00423
3	0.00822	0.00592	0.00810	0.00890	0.01012	0.00587	0.00755	0.01086	0.02912	0.01680	0.19019	0.07289	0.03391	0.01347	0.00691	0.00221	0.00423	0.55483	0.00501	0.00488
4	0.01380	0.79214	0.05419	0.00912	0.01369	0.02031	0.00928	0.01563	0.01060	0.01240	0.00731	0.00845	0.00668	0.00447	0.00340	0.00113	0.00564	0.00282	0.00223	0.00672
5	0.00733	0.00532	0.00690	0.00651	0.00776	0.00490	0.00488	0.00975	0.01465	0.02066	0.75736	0.03928	0.07366	0.01073	0.00614	0.00164	0.00246	0.00947	0.00570	0.00490
6	0.00983	0.00926	0.01562	0.80447	0.03587	0.01157	0.01446	0.01331	0.01041	0.01331	0.00926	0.01388	0.00694	0.00521	0.00521	0.00174	0.00694	0.00463	0.00231	0.00579
7	0.01392	0.82012	0.02729	0.00891	0.01337	0.02061	0.00891	0.01559	0.01058	0.01225	0.00724	0.00835	0.00668	0.00446	0.00334	0.00111	0.00557	0.00278	0.00223	0.00668
8	0.01289	0.01237	0.02114	0.03196	0.78450	0.01237	0.01598	0.01598	0.01186	0.01701	0.00980	0.01289	0.00825	0.00464	0.00516	0.00155	0.00619	0.00464	0.00258	0.00825
9	0.00634	0.00453	0.00604	0.00725	0.00755	0.00423	0.00483	0.00725	0.00997	0.01329	0.02870	0.81358	0.03444	0.01632	0.00665	0.00211	0.00302	0.01480	0.00483	0.00423
10	0.00634	0.00453	0.00604	0.00725	0.00755	0.00423	0.00483	0.00725	0.00997	0.01329	0.02870	0.81358	0.03444	0.01632	0.00665	0.00211	0.00302	0.01480	0.00483	0.00423
11	0.00757	0.00505	0.00568	0.00568	0.00568	0.00505	0.00316	0.00757	0.00757	0.01010	0.01641	0.03408	0.01893	0.81698	0.02651	0.00505	0.00505	0.00757	0.00316	0.00316
12	0.01045	0.02694	0.79000	0.01484	0.02254	0.01209	0.01924	0.01649	0.01099	0.01649	0.00935	0.01099	0.00660	0.00495	0.00495	0.00165	0.00770	0.00385	0.00220	0.00770
13	0.01151	0.01001	0.01371	0.01001	0.01451	0.00827	0.11507	0.02882	0.05147	0.03768	0.01092	0.03227	0.00900	0.00453	0.00439	0.00104	0.00460	0.00405	0.00331	0.62481
14	0.01079	0.11200	0.66766	0.01400	0.02098	0.01300	0.01760	0.01614	0.01092	0.01599	0.02375	0.01125	0.00742	0.00514	0.00518	0.00161	0.03294	0.00386	0.00227	0.00747
15	0.00744	0.00558	0.00837	0.00837	0.00930	0.00651	0.00651	0.00930	0.00837	0.01209	0.01395	0.02046	0.01302	0.03906	0.79635	0.00837	0.01395	0.00558	0.00279	0.00465
16	0.02327	0.00901	0.01218	0.00934	0.01337	0.00788	0.00771	0.04498	0.01516	0.76815	0.02033	0.01759	0.01278	0.00644	0.00524	0.00161	0.00447	0.00522	0.00641	0.00886
17	0.85377	0.01007	0.00765	0.00685	0.01007	0.01168	0.00564	0.01531	0.00886	0.02336	0.00725	0.00846	0.00564	0.00483	0.00322	0.00161	0.00403	0.00282	0.00322	0.00564
18	0.01921	0.06778	0.01564	0.01287	0.01595	0.59594	0.00996	0.17002	0.01647	0.01674	0.00890	0.00996	0.00714	0.00549	0.00472	0.00137	0.00844	0.00359	0.00316	0.00664
19	0.00770	0.00601	0.00708	0.00741	0.02647	0.00567	0.00539	0.01061	0.08787	0.02920	0.17457	0.18676	0.34726	0.01247	0.00620	0.00184	0.00309	0.06435	0.00502	0.00504
20	0.01187	0.01133	0.01929	0.29004	0.53440	0.01210	0.01547	0.01509	0.01138	0.01577	0.00962	0.01322	0.00781	0.00483	0.00517	0.00161	0.00644	0.00464	0.00249	0.00743
21	0.01156	0.07022	0.69202	0.01411	0.02137	0.01226	0.01784	0.01707	0.01125	0.07093	0.01002	0.01132	0.00705	0.00503	0.00488	0.00162	0.00735	0.00389	0.00250	0.00772
22	0.01453	0.01558	0.01921	0.05734	0.54927	0.22226	0.01434	0.01717	0.01258	0.01572	0.00931	0.01199	0.00778	0.00486	0.00503	0.00150	0.00707	0.00430	0.00260	0.00756
23	0.00667	0.00537	0.00595	0.00588	0.00742	0.00472	0.00438	0.00857	0.02829	0.01620	0.26651	0.09074	0.50590	0.01249	0.00616	0.00174	0.00264	0.01064	0.00511	0.00462
24	0.01136	0.00880	0.01045	0.00786	0.01194	0.00687	0.00620	0.02848	0.01127	0.07127	0.01233	0.10267	0.01114	0.00551	0.00430	0.00100	0.00384	0.00460	0.00356	0.67656
25	0.01080	0.00926	0.01080	0.00771	0.01234	0.00694	0.00617	0.01311	0.01080	0.01697	0.00926	0.01080	0.00771	0.00386	0.00386	0.00077	0.00386	0.00309	0.00309	0.84882
26	0.01196	0.01142	0.01945	0.26778	0.55596	0.01213	0.01552	0.01517	0.01142	0.01588	0.00963	0.01319	0.00785	0.00481	0.00517	0.00160	0.00642	0.00464	0.00250	0.00750
27	0.01971	0.01413	0.01530	0.01171	0.01589	0.01543	0.00967	0.70582	0.02357	0.07147	0.01282	0.01272	0.00903	0.00619	0.00517	0.00154	0.00561	0.00467	0.00521	0.03435
28	0.01803	0.01334	0.01442	0.01111	0.01512	0.01435	0.00909	0.61226	0.04605	0.04282	0.01369	0.01412	0.02888	0.02624	0.00562	0.00158	0.00536	0.00480	0.00495	0.09818
29	0.00634	0.00456	0.00602	0.00719	0.00754	0.00424	0.00481	0.00726	0.01003	0.01332	0.02947	0.78917	0.05836	0.01622	0.00663	0.00210	0.00301	0.01468	0.00483	0.00424
30	0.01037	0.00985	0.01631	0.56045	0.06890	0.01217	0.05193	0.01344	0.01019	0.01378	0.00924	0.01364	0.00729	0.00583	0.00719	0.00180	0.14170	0.00470	0.03529	0.00592
31	0.00615	0.00528	0.00528	0.00528	0.00703	0.00440	0.00396	0.00747	0.01187	0.01407	0.05276	0.05012	0.78238	0.01319	0.00615	0.00176	0.00264	0.01099	0.00484	0.00440
32	0.01144	0.00976	0.01173	0.00843	0.01305	0.00774	0.02947	0.06349	0.01176	0.01802	0.00951	0.01101	0.00780	0.00403	0.00402	0.00085	0.00413	0.00329	0.00321	0.76727
33	0.00905	0.00452	0.00678	0.00678	0.00678	0.00452	0.00452	0.00678	0.00678	0.00905	0.00905	0.01583	0.00905	0.01809	0.02035	0.84848	0.00452	0.00452	0.00226	0.00226
34	0.02001	0.01095	0.01310	0.05173	0.01515	0.03035	0.00856	0.24532	0.03462	0.41773	0.01773	0.01651	0.03675	0.00640	0.00517	0.00156	0.00498	0.00509	0.00551	0.05279
35	0.00905	0.00452	0.00678	0.00678	0.00678	0.00452	0.00452	0.00678	0.00678	0.00905	0.00905	0.01583	0.00905	0.01809	0.02035	0.84848	0.00452	0.00452	0.00226	0.00226
36	0.00637	0.00455	0.00607	0.00723	0.00756	0.00425	0.00484	0.00733	0.01011	0.01351	0.05050	0.79116	0.03487	0.01615	0.00663	0.00210	0.00300	0.01465	0.00486	0.00425
37	0.01217	0.01007	0.01153	0.00836	0.01292	0.00834	0.00674	0.12771	0.01288	0.01938	0.00975	0.01106	0.00789	0.00422	0.00406	0.00089	0.00414	0.00333	0.00341	0.72115
38	0.48777	0.01018	0.00994	0.00820	0.01174	0.01091	0.00675	0.11104	0.01270	0.25191	0.02655	0.01229	0.00902	0.00560	0.00412	0.00161	0.00433	0.00389	0.00447	0.00698
39	0.02336	0.00886	0.01209	0.00927	0.01329	0.00765	0.00765	0.02538	0.01491	0.78810	0.02055	0.01773	0.01289	0.00645	0.00524	0.00161	0.00443	0.00524	0.00645	0.00886
40	0.00644	0.00460	0.00614	0.00731	0.00766	0.00430	0.00495	0.00743	0.01017	0.01357	0.04928	0.76831	0.03470	0.01610	0.00665	0.00211	0.00306	0.03808	0.00486	0.00427
41	0.01033	0.00545	0.00552	0.00529	0.00669	0.00555	0.00403	0.05864	0.01176	0.02024	0.01671	0.01899	0.01307	0.00608	0.00374	0.00123	0.00263	0.00484	0.79411	0.00510
42	0.00646	0.00466	0.00612	0.00708	0.00756	0.00432	0.00481	0.00758	0.01064	0.01426	0.12237	0.68542	0.06845	0.01548	0.00656	0.00204	0.00294	0.01398	0.00494	0.00432
43	0.00634	0.00453	0.00604	0.00725	0.00755	0.00423	0.00483	0.00725	0.00997	0.01329	0.02870	0.81358	0.03444	0.01632	0.00665	0.00211	0.00302	0.01480	0.00483	0.00423
44	0.01211	0.01376	0.02999	0.02151	0.02663	0.01290	0.74285	0.01640	0.01222	0.01658	0.01108	0.03794	0.00869	0.00475	0.00616	0.00177	0.00861	0.00640	0.00270	0.00694
45	0.01045	0.02694	0.79000	0.01484	0.02254	0.01209	0.01924	0.01649	0.01099	0.01649	0.00935	0.01099	0.00660	0.00495	0.00495	0.00165	0.00770	0.00385	0.00220	0.00770

[dist]
# distance from previous block
# <min> <max>
0	1

[block]
# block no. 2 follows, 47 sequences, length 256
# corresponding to MSA columns:
# 241-496
name=unknown_C
#
# <colnr> <probs for GDERKNQSTAVLIFYWHMCP>
#	G	D	E	R	K	N	Q	S	T	A	V	L	I	F	Y	W	H	M	C	P
0	0.00850	0.00558	0.00730	0.00672	0.00816	0.00510	0.00509	0.01090	0.01469	0.07632	0.71085	0.03761	0.06236	0.01040	0.00608	0.00164	0.00260	0.00915	0.00576	0.00519
1	0.85377	0.01007	0.00765	0.00685	0.01007	0.01168	0.00564	0.01531	0.00886	0.02336	0.00725	0.00846	0.00564	0.00483	0.00322	0.00161	0.00403	0.00282	0.00322	0.00564
2	0.01061	0.02576	0.72045	0.01549	0.02297	0.01219	0.08760	0.01651	0.01111	0.01651	0.00945	0.01127	0.00672	0.00490	0.00506	0.00166	0.00780	0.00406	0.00224	0.00763
3	0.01156	0.05428	0.59654	0.01343	0.01999	0.01197	0.01635	0.08021	0.01260	0.04552	0.07898	0.01375	0.01082	0.00560	0.00502	0.00162	0.00686	0.00443	0.00292	0.00755
4	0.01283	0.01270	0.03847	0.03158	0.76732	0.01237	0.01606	0.01599	0.01184	0.01700	0.00979	0.01285	0.00821	0.00465	0.00515	0.00155	0.00622	0.00462	0.00257	0.00824
5	0.00692	0.00516	0.00715	0.03352	0.04203	0.00497	0.00578	0.00814	0.01035	0.01381	0.05420	0.64681	0.04826	0.03238	0.00697	0.00213	0.00341	0.05886	0.00465	0.00449
6	0.00784	0.00543	0.00711	0.00663	0.00794	0.00499	0.00499	0.01028	0.01475	0.04335	0.75946	0.03828	0.04808	0.01052	0.00612	0.00164	0.00251	0.00930	0.00575	0.00503
7	0.00657	0.00489	0.00698	0.00781	0.00830	0.00457	0.03371	0.00761	0.01006	0.01342	0.02801	0.78324	0.03344	0.01586	0.00663	0.00210	0.00324	0.01448	0.00475	0.00434
8	0.04005	0.38798	0.32562	0.01171	0.01720	0.10843	0.01301	0.01655	0.01118	0.01434	0.00817	0.00952	0.00662	0.00477	0.00413	0.00137	0.00681	0.00327	0.00230	0.00697
9	0.00619	0.00526	0.00533	0.00535	0.00706	0.00440	0.00400	0.00752	0.01189	0.01421	0.06867	0.06619	0.74986	0.01320	0.00617	0.00176	0.00264	0.01104	0.00486	0.00440
10	0.85377	0.01007	0.00765	0.00685	0.01007	0.01168	0.00564	0.01531	0.00886	0.02336	0.00725	0.00846	0.00564	0.00483	0.00322	0.00161	0.00403	0.00282	0.00322	0.00564
11	0.01094	0.01122	0.02154	0.46654	0.08081	0.01221	0.29126	0.01472	0.01120	0.01479	0.00976	0.01388	0.00738	0.00487	0.00555	0.00173	0.00757	0.00519	0.00245	0.00640
12	0.01852	0.01099	0.05466	0.04647	0.09120	0.01009	0.00960	0.09957	0.12928	0.41543	0.04656	0.01724	0.01325	0.00637	0.00525	0.00163	0.00490	0.00528	0.00533	0.00836
13	0.02215	0.00938	0.01208	0.00938	0.01322	0.02592	0.00769	0.07084	0.01549	0.67980	0.06284	0.01841	0.01455	0.00665	0.00527	0.00160	0.00451	0.00540	0.00624	0.00857
14	0.00642	0.00464	0.00607	0.00708	0.00754	0.00429	0.00479	0.00747	0.01047	0.01395	0.09100	0.70661	0.07906	0.01568	0.00658	0.00206	0.00295	0.01415	0.00491	0.00429
15	0.01182	0.01340	0.04957	0.20177	0.04545	0.03739	0.47243	0.01573	0.01166	0.01561	0.00991	0.01353	0.00756	0.00482	0.00622	0.00172	0.04185	0.00544	0.00254	0.03158
16	0.01096	0.01076	0.01445	0.15917	0.01704	0.05391	0.01097	0.01259	0.00905	0.01298	0.00959	0.07364	0.00937	0.00952	0.03600	0.00226	0.50436	0.00533	0.03248	0.00556
17	0.01196	0.00996	0.01428	0.01060	0.01485	0.00844	0.14268	0.05088	0.02915	0.06775	0.01242	0.08529	0.01076	0.00545	0.00471	0.00119	0.00480	0.00498	0.00354	0.50631
18	0.01399	0.72214	0.04441	0.00936	0.01367	0.06838	0.00922	0.01577	0.01090	0.01250	0.00806	0.01027	0.00751	0.00488	0.00360	0.00119	0.00583	0.02937	0.00235	0.00660
19	0.02083	0.03512	0.01374	0.01023	0.01419	0.01148	0.00848	0.33661	0.01873	0.40901	0.04104	0.01596	0.01218	0.00643	0.00517	0.00157	0.00491	0.00506	0.02068	0.00860
20	0.01267	0.01211	0.02063	0.05883	0.73909	0.01219	0.01574	0.01576	0.01181	0.01685	0.01021	0.01404	0.00873	0.00490	0.00521	0.00157	0.00618	0.02278	0.00262	0.00808
21	0.01119	0.00919	0.01078	0.00782	0.01229	0.00705	0.00624	0.02714	0.01115	0.03994	0.01026	0.03637	0.00873	0.00437	0.00401	0.00085	0.00388	0.00355	0.00328	0.78191
22	0.00780	0.00604	0.00835	0.00825	0.00906	0.02158	0.00626	0.00938	0.00837	0.01184	0.01396	0.02185	0.01353	0.14446	0.65247	0.00760	0.03609	0.00578	0.00282	0.00450
23	0.00937	0.00693	0.00796	0.00735	0.00918	0.02110	0.00566	0.03654	0.10996	0.06311	0.42000	0.03700	0.19854	0.01040	0.00597	0.00170	0.00313	0.03510	0.00542	0.00559
24	0.01143	0.08014	0.01657	0.01304	0.01343	0.01593	0.01095	0.01261	0.00827	0.01254	0.00765	0.03963	0.00780	0.00897	0.01555	0.00217	0.71048	0.00477	0.00237	0.00573
25	0.01392	0.82012	0.02729	0.00891	0.01337	0.02061	0.00891	0.01559	0.01058	0.01225	0.00724	0.00835	0.00668	0.00446	0.00334	0.00111	0.00557	0.00278	0.00223	0.00668
26	0.00662	0.00498	0.00612	0.00663	0.00756	0.00451	0.00473	0.00801	0.01154	0.01513	0.19205	0.39158	0.24561	0.02890	0.00679	0.00198	0.00291	0.04493	0.00499	0.00442
27	0.00646	0.00466	0.00597	0.00693	0.00734	0.00433	0.00461	0.00735	0.01001	0.01323	0.04584	0.66284	0.09501	0.08892	0.00841	0.00234	0.00316	0.01371	0.00470	0.00416
28	0.00641	0.00457	0.00605	0.00718	0.00749	0.00427	0.00478	0.00732	0.00999	0.01334	0.04448	0.76922	0.03421	0.04463	0.00734	0.00221	0.00308	0.01443	0.00479	0.00421
29	0.02037	0.01366	0.01506	0.01154	0.01569	0.01478	0.00954	0.64716	0.02294	0.15498	0.01380	0.01335	0.00951	0.00628	0.00521	0.00157	0.00552	0.00478	0.00541	0.00886
30	0.00830	0.00596	0.00826	0.00940	0.01063	0.00593	0.00820	0.01065	0.01198	0.01552	0.02866	0.05837	0.06235	0.01433	0.00715	0.00237	0.00470	0.71767	0.00480	0.00478
31	0.02272	0.00887	0.01198	0.00923	0.01316	0.00775	0.00761	0.04158	0.01512	0.74380	0.04740	0.01836	0.01409	0.00659	0.00527	0.00161	0.00439	0.00537	0.00639	0.00872
32	0.00634	0.00453	0.00604	0.00725	0.00755	0.00423	0.00483	0.00725	0.00997	0.01329	0.02870	0.81358	0.03444	0.01632	0.00665	0.00211	0.00302	0.01480	0.00483	0.00423
33	0.02262	0.00944	0.01237	0.00955	0.01354	0.00860	0.00787	0.08775	0.04842	0.69172	0.01990	0.01736	0.01268	0.00646	0.00524	0.00161	0.00453	0.00522	0.00629	0.00884
34	0.01045	0.02694	0.79000	0.01484	0.02254	0.01209	0.01924	0.01649	0.01099	0.01649	0.00935	0.01099	0.00660	0.00495	0.00495	0.00165	0.00770	0.00385	0.00220	0.00770
35	0.00971	0.00485	0.00485	0.00485	0.00607	0.00485	0.00364	0.01213	0.01092	0.01942	0.01699	0.01942	0.01335	0.00607	0.00364	0.00121	0.00243	0.00485	0.84589	0.00485
36	0.02182	0.01074	0.01318	0.01017	0.01419	0.01052	0.00838	0.25672	0.04917	0.52112	0.01806	0.01617	0.01176	0.00641	0.00523	0.00160	0.00482	0.00509	0.00601	0.00884
37	0.00654	0.00550	0.00570	0.00561	0.00736	0.00478	0.00422	0.00849	0.04114	0.01509	0.12911	0.04776	0.67529	0.01269	0.00612	0.00175	0.00267	0.01063	0.00495	0.00460
38	0.02336	0.00886	0.01209	0.00927	0.01329	0.00765	0.00765	0.02538	0.01491	0.78810	0.02055	0.01773	0.01289	0.00645	0.00524	0.00161	0.00443	0.00524	0.00645	0.00886
39	0.01289	0.01237	0.02114	0.03196	0.78450	0.01237	0.01598	0.01598	0.01186	0.01701	0.00980	0.01289	0.00825	0.00464	0.00516	0.00155	0.00619	0.00464	0.00258	0.00825
40	0.01362	0.02509	0.00953	0.00794	0.01057	0.03125	0.00629	0.05586	0.06741	0.26223	0.14304	0.05917	0.25365	0.00958	0.00568	0.00168	0.00377	0.02172	0.00541	0.00650
41	0.50096	0.01061	0.00976	0.00823	0.01152	0.03419	0.00671	0.13150	0.01237	0.14915	0.01067	0.01139	0.00780	0.00677	0.02787	0.02763	0.00479	0.00368	0.01788	0.00653
42	0.00757	0.00505	0.00568	0.00568	0.00568	0.00505	0.00316	0.00757	0.00757	0.01010	0.01641	0.03408	0.01893	0.81698	0.02651	0.00505	0.00505	0.00757	0.00316	0.00316
43	0.01048	0.02666	0.77376	0.01499	0.02264	0.01212	0.03520	0.01650	0.01102	0.01650	0.00937	0.01106	0.00662	0.00494	0.00497	0.00165	0.00772	0.00390	0.00221	0.00768
44	0.01355	0.01199	0.02022	0.02985	0.71410	0.01189	0.01517	0.01655	0.01213	0.07322	0.02475	0.01372	0.00934	0.00488	0.00518	0.00155	0.00599	0.00477	0.00292	0.00823
45	0.04379	0.02189	0.01511	0.01421	0.06647	0.59363	0.01029	0.14248	0.01598	0.01663	0.00887	0.01010	0.00713	0.00545	0.00477	0.00140	0.00842	0.00364	0.00311	0.00663
46	0.01297	0.01259	0.01994	0.03977	0.68101	0.04566	0.01511	0.01647	0.04481	0.01694	0.01084	0.01466	0.00927	0.00513	0.00522	0.00158	0.00620	0.03109	0.00277	0.00800
47	0.00709	0.00531	0.00658	0.00626	0.00761	0.00480	0.00470	0.00929	0.01409	0.01933	0.61614	0.04145	0.21572	0.01122	0.00615	0.00167	0.00250	0.00978	0.00553	0.00480
48	0.01895	0.01364	0.01476	0.01144	0.01532	0.01502	0.00939	0.68238	0.02292	0.05365	0.01300	0.01358	0.00946	0.02464	0.03091	0.00185	0.00584	0.00480	0.02997	0.00848
49	0.01100	0.01431	0.14157	0.04216	0.02320	0.01174	0.48017	0.01496	0.01147	0.01583	0.01268	0.12175	0.01132	0.00696	0.02128	0.00193	0.04137	0.00684	0.00284	0.00661
50	0.85377	0.01007	0.00765	0.00685	0.01007	0.01168	0.00564	0.01531	0.00886	0.02336	0.00725	0.00846	0.00564	0.00483	0.00322	0.00161	0.00403	0.00282	0.00322	0.00564
51	0.00757	0.00505	0.00568	0.00568	0.00568	0.00505	0.00316	0.00757	0.00757	0.01010	0.01641	0.03408	0.01893	0.81698	0.02651	0.00505	0.00505	0.00757	0.00316	0.00316
52	0.01045	0.02694	0.79000	0.01484	0.02254	0.01209	0.01924	0.01649	0.01099	0.01649	0.00935	0.01099	0.00660	0.00495	0.00495	0.00165	0.00770	0.00385	0.00220	0.00770
53	0.02336	0.00886	0.01209	0.00927	0.01329	0.00765	0.00765	0.02538	0.01491	0.78810	0.02055	0.01773	0.01289	0.00645	0.00524	0.00161	0.00443	0.00524	0.00645	0.00886
54	0.00634	0.00453	0.00604	0.00725	0.00755	0.00423	0.00483	0.00725	0.00997	0.01329	0.02870	0.81358	0.03444	0.01632	0.00665	0.00211	0.00302	0.01480	0.00483	0.00423
55	0.02336	0.00886	0.01209	0.00927	0.01329	0.00765	0.00765	0.02538	0.01491	0.78810	0.02055	0.01773	0.01289	0.00645	0.00524	0.00161	0.00443	0.00524	0.00645	0.00886
56	0.00983	0.00926	0.01562	0.80447	0.03587	0.01157	0.01446	0.01331	0.01041	0.01331	0.00926	0.01388	0.00694	0.00521	0.00521	0.00174	0.00694	0.00463	0.00231	0.00579
57	0.04796	0.00890	0.01195	0.00919	0.01320	0.00777	0.00759	0.02508	0.01473	0.76545	0.02015	0.01745	0.01268	0.00640	0.00518	0.00161	0.00442	0.00517	0.00635	0.00877
58	0.01224	0.01395	0.03043	0.03756	0.02739	0.01314	0.75060	0.01661	0.01225	0.01661	0.01051	0.01404	0.00788	0.00441	0.00613	0.00176	0.00874	0.00612	0.00263	0.00700
59	0.00965	0.00601	0.00727	0.00695	0.00830	0.00654	0.00539	0.07743	0.01105	0.01754	0.01533	0.01924	0.01282	0.01984	0.33427	0.00423	0.00752	0.00514	0.42037	0.00512
60	0.00647	0.00462	0.00597	0.00699	0.00732	0.00433	0.00461	0.00730	0.00979	0.01297	0.02837	0.69413	0.06490	0.10513	0.00883	0.00243	0.00323	0.01384	0.00465	0.00412
61	0.00634	0.00453	0.00604	0.00725	0.00755	0.00423	0.00483	0.00725	0.00997	0.01329	0.02870	0.81358	0.03444	0.01632	0.00665	0.00211	0.00302	0.01480	0.00483	0.00423
62	0.01047	0.00982	0.01661	0.62188	0.19576	0.01159	0.01458	0.01374	0.01065	0.01401	0.00937	0.01371	0.00727	0.00536	0.00552	0.01969	0.00673	0.00463	0.00237	0.00624
63	0.01871	0.01437	0.01579	0.08010	0.04369	0.03943	0.01050	0.65496	0.02257	0.03002	0.01200	0.01254	0.00861	0.00608	0.00519	0.00157	0.00596	0.00464	0.00480	0.00849
64	0.01303	0.01274	0.02070	0.02951	0.67520	0.03722	0.04193	0.01656	0.04537	0.01694	0.01017	0.01306	0.00848	0.00490	0.00556	0.00158	0.03158	0.00471	0.00269	0.00805
65	0.01059	0.00794	0.00985	0.00945	0.07357	0.00722	0.00666	0.05146	0.06367	0.07638	0.23003	0.02865	0.17742	0.00838	0.00538	0.00147	0.00359	0.02096	0.00466	0.20268
66	0.01917	0.01428	0.01528	0.01186	0.01591	0.01586	0.00975	0.69973	0.09290	0.03181	0.01330	0.01313	0.00950	0.00633	0.00522	0.00158	0.00558	0.00480	0.00522	0.00880
67	0.00644	0.00457	0.00602	0.00713	0.00741	0.00429	0.00471	0.00728	0.00979	0.01306	0.02779	0.75544	0.03329	0.07604	0.00813	0.00233	0.00317	0.01427	0.00471	0.00415
68	0.41110	0.01440	0.21230	0.05539	0.03284	0.01135	0.01032	0.04982	0.01113	0.11415	0.02731	0.01152	0.00803	0.00527	0.00423	0.00163	0.00528	0.00376	0.00343	0.00676
69	0.01341	0.04798	0.02192	0.02838	0.60984	0.05125	0.09373	0.04029	0.01239	0.01707	0.00976	0.01263	0.00809	0.00469	0.00516	0.00154	0.00657	0.00466	0.00266	0.00796
70	0.00790	0.00570	0.00779	0.00891	0.01000	0.00559	0.00750	0.00998	0.01165	0.01510	0.02946	0.18320	0.08156	0.01462	0.00703	0.00231	0.00436	0.57785	0.00480	0.00467
71	0.01440	0.01012	0.01220	0.01076	0.06328	0.00967	0.00802	0.07003	0.22467	0.16499	0.01581	0.01700	0.01212	0.00594	0.00485	0.00139	0.00436	0.03948	0.00452	0.30639
72	0.00634	0.00453	0.00604	0.00725	0.00755	0.00423	0.00483	0.00725	0.00997	0.01329	0.02870	0.81358	0.03444	0.01632	0.00665	0.00211	0.00302	0.01480	0.00483	0.00423
73	0.00634	0.00456	0.00601	0.00717	0.00753	0.00424	0.00480	0.00726	0.01005	0.01333	0.02974	0.78073	0.06663	0.01618	0.00663	0.00210	0.00300	0.01464	0.00483	0.00424
74	0.01735	0.01456	0.09324	0.01198	0.01610	0.01431	0.02367	0.51539	0.07346	0.06824	0.01317	0.01370	0.00958	0.00861	0.06316	0.00210	0.02361	0.00480	0.00469	0.00829
75	0.01216	0.01497	0.08501	0.02144	0.02688	0.01309	0.71223	0.01667	0.01220	0.01667	0.01045	0.01383	0.00781	0.00443	0.00606	0.00175	0.00870	0.00598	0.00260	0.00707
76	0.00619	0.00528	0.00533	0.00532	0.00706	0.00441	0.00399	0.00755	0.01196	0.01428	0.07572	0.04976	0.75929	0.01311	0.00615	0.00175	0.00263	0.01094	0.00486	0.00441
77	0.01045	0.02694	0.79000	0.01484	0.02254	0.01209	0.01924	0.01649	0.01099	0.01649	0.00935	0.01099	0.00660	0.00495	0.00495	0.00165	0.00770	0.00385	0.00220	0.00770
78	0.01045	0.02694	0.79000	0.01484	0.02254	0.01209	0.01924	0.01649	0.01099	0.01649	0.00935	0.01099	0.00660	0.00495	0.00495	0.00165	0.00770	0.00385	0.00220	0.00770
79	0.01980	0.01459	0.01563	0.01198	0.01615	0.01615	0.00990	0.76713	0.02448	0.03282	0.01250	0.01250	0.00886	0.00625	0.00521	0.00156	0.00573	0.00469	0.00521	0.00886
80	0.00634	0.00453	0.00604	0.00725	0.00755	0.00423	0.00483	0.00725	0.00997	0.01329	0.02870	0.81358	0.03444	0.01632	0.00665	0.00211	0.00302	0.01480	0.00483	0.00423
81	0.01045	0.02694	0.79000	0.01484	0.02254	0.01209	0.01924	0.01649	0.01099	0.01649	0.00935	0.01099	0.00660	0.00495	0.00495	0.00165	0.00770	0.00385	0.00220	0.00770
82	0.03751	0.05138	0.74097	0.01440	0.02185	0.01235	0.01848	0.01643	0.01091	0.01658	0.00921	0.01083	0.00657	0.00493	0.00484	0.00163	0.00751	0.00378	0.00223	0.00760
83	0.00634	0.00453	0.00604	0.00725	0.00755	0.00423	0.00483	0.00725	0.00997	0.01329	0.02870	0.81358	0.03444	0.01632	0.00665	0.00211	0.00302	0.01480	0.00483	0.00423
84	0.02336	0.00886	0.01209	0.00927	0.01329	0.00765	0.00765	0.02538	0.01491	0.78810	0.02055	0.01773	0.01289	0.00645	0.00524	0.00161	0.00443	0.00524	0.00645	0.00886
85	0.01123	0.00935	0.01091	0.00782	0.01243	0.00713	0.00627	0.02723	0.01114	0.03352	0.00955	0.01098	0.00784	0.00396	0.00391	0.00080	0.00390	0.00316	0.00320	0.81567
86	0.02177	0.00900	0.01195	0.00918	0.01322	0.00782	0.00754	0.02436	0.04724	0.68484	0.01954	0.01717	0.01255	0.00624	0.00511	0.00154	0.00437	0.00507	0.00609	0.08540
87	0.00971	0.00485	0.00485	0.00485	0.00607	0.00485	0.00364	0.01213	0.01092	0.01942	0.01699	0.01942	0.01335	0.00607	0.00364	0.00121	0.00243	0.00485	0.84589	0.00485
88	0.01275	0.01101	0.01159	0.01044	0.01335	0.01270	0.00812	0.02708	0.75274	0.02156	0.02212	0.02033	0.03834	0.00724	0.00532	0.00177	0.00408	0.00604	0.00529	0.00813
89	0.00634	0.00453	0.00604	0.00725	0.00755	0.00423	0.00483	0.00725	0.00997	0.01329	0.02870	0.81358	0.03444	0.01632	0.00665	0.00211	0.00302	0.01480	0.00483	0.00423
90	0.01092	0.13438	0.68669	0.01404	0.02130	0.01325	0.01784	0.01637	0.01094	0.01592	0.00906	0.01064	0.00661	0.00488	0.00473	0.00158	0.00741	0.00370	0.00220	0.00756
91	0.00648	0.00481	0.00623	0.03124	0.00829	0.00451	0.00496	0.00752	0.01026	0.01344	0.04384	0.64594	0.13829	0.03916	0.00711	0.00213	0.00314	0.01365	0.00472	0.00428
92	0.00634	0.00453	0.00604	0.00725	0.00755	0.00423	0.00483	0.00725	0.00997	0.01329	0.02870	0.81358	0.03444	0.01632	0.00665	0.00211	0.00302	0.01480	0.00483	0.00423
93	0.48164	0.07916	0.01182	0.00860	0.01225	0.01316	0.00722	0.20967	0.01366	0.10514	0.01000	0.01046	0.00732	0.00534	0.00395	0.00156	0.00464	0.00355	0.00399	0.00689
94	0.00757	0.00541	0.00745	0.00866	0.00950	0.00529	0.00697	0.00938	0.01118	0.01467	0.02802	0.36021	0.03176	0.01516	0.00697	0.00228	0.00409	0.45604	0.00481	0.00457
95	0.01097	0.00935	0.01089	0.00779	0.01241	0.00711	0.00624	0.02709	0.01105	0.01726	0.00932	0.01083	0.00773	0.00390	0.00388	0.00079	0.00389	0.00312	0.00312	0.83325
96	0.01214	0.01248	0.01833	0.21329	0.02231	0.09746	0.19409	0.04687	0.01132	0.01499	0.00997	0.03822	0.00844	0.00702	0.02311	0.00192	0.20483	0.00516	0.03416	0.02389
97	0.01359	0.01065	0.01146	0.01001	0.01293	0.01181	0.00785	0.17454	0.45061	0.05642	0.02329	0.08072	0.09671	0.00821	0.00547	0.00174	0.00422	0.00682	0.00525	0.00769
98	0.01113	0.00957	0.01154	0.00827	0.01290	0.00742	0.02852	0.03732	0.01128	0.01747	0.00940	0.01095	0.00776	0.00395	0.00397	0.00083	0.00406	0.00323	0.00314	0.79732
99	0.01100	0.16977	0.62418	0.01358	0.02046	0.01342	0.01699	0.01613	0.01096	0.01569	0.00961	0.01221	0.00744	0.00519	0.00474	0.00158	0.00721	0.03014	0.00230	0.00741
100	0.01928	0.02419	0.01481	0.01338	0.01605	0.75381	0.01009	0.04411	0.01491	0.01337	0.00816	0.00953	0.00678	0.00548	0.00499	0.00137	0.02739	0.00342	0.00275	0.00612
101	0.01963	0.00907	0.01155	0.00916	0.01270	0.00848	0.00746	0.10058	0.07218	0.53005	0.10930	0.02115	0.05000	0.00725	0.00538	0.00163	0.00424	0.00596	0.00608	0.00817
102	0.03151	0.14520	0.65683	0.01376	0.02086	0.01336	0.01736	0.01633	0.01088	0.01603	0.00898	0.01054	0.00659	0.00487	0.00467	0.00157	0.00729	0.00366	0.00223	0.00749
103	0.03559	0.00928	0.01538	0.78013	0.03508	0.01157	0.01419	0.01337	0.01037	0.01361	0.00919	0.01372	0.00690	0.00520	0.00515	0.00173	0.00685	0.00457	0.00234	0.00578
104	0.00983	0.00926	0.01562	0.80447	0.03587	0.01157	0.01446	0.01331	0.01041	0.01331	0.00926	0.01388	0.00694	0.00521	0.00521	0.00174	0.00694	0.00463	0.00231	0.00579
105	0.01042	0.00912	0.01532	0.48676	0.02738	0.01035	0.10086	0.04551	0.01150	0.04242	0.03618	0.12452	0.02684	0.00704	0.00553	0.00176	0.00618	0.00648	0.01994	0.00589
106	0.85377	0.01007	0.00765	0.00685	0.01007	0.01168	0.00564	0.01531	0.00886	0.02336	0.00725	0.00846	0.00564	0.00483	0.00322	0.00161	0.00403	0.00282	0.00322	0.00564
107	0.02336	0.00886	0.01209	0.00927	0.01329	0.00765	0.00765	0.02538	0.01491	0.78810	0.02055	0.01773	0.01289	0.00645	0.00524	0.00161	0.00443	0.00524	0.00645	0.00886
108	0.00661	0.00586	0.00565	0.00566	0.00736	0.02939	0.00421	0.00793	0.01193	0.01413	0.06550	0.08714	0.70469	0.01305	0.00613	0.00176	0.00287	0.01091	0.00479	0.00445
109	0.02292	0.00958	0.01253	0.00961	0.01365	0.00872	0.00794	0.11831	0.01611	0.69347	0.01954	0.01707	0.01239	0.00642	0.00523	0.00161	0.00459	0.00517	0.00629	0.00886
110	0.02336	0.00886	0.01209	0.00927	0.01329	0.00765	0.00765	0.02538	0.01491	0.78810	0.02055	0.01773	0.01289	0.00645	0.00524	0.00161	0.00443	0.00524	0.00645	0.00886
111	0.00637	0.00454	0.00604	0.00722	0.00752	0.00425	0.00480	0.00726	0.00993	0.01323	0.02847	0.79913	0.03416	0.03116	0.00702	0.00217	0.00306	0.01467	0.00480	0.00421
112	0.02405	0.00853	0.01378	0.60405	0.02911	0.01026	0.03577	0.01321	0.01055	0.01482	0.01083	0.01492	0.00825	0.00535	0.00488	0.00163	0.00603	0.00469	0.17366	0.00563
113	0.01045	0.02694	0.79000	0.01484	0.02254	0.01209	0.01924	0.01649	0.01099	0.01649	0.00935	0.01099	0.00660	0.00495	0.00495	0.00165	0.00770	0.00385	0.00220	0.00770
114	0.00634	0.00453	0.00604	0.00725	0.00755	0.00423	0.00483	0.00725	0.00997	0.01329	0.02870	0.81358	0.03444	0.01632	0.00665	0.00211	0.00302	0.01480	0.00483	0.00423
115	0.00642	0.00462	0.00609	0.00713	0.00756	0.00429	0.00481	0.00747	0.01042	0.01393	0.09042	0.72682	0.05919	0.01576	0.00659	0.00207	0.00296	0.01425	0.00491	0.00429
116	0.03864	0.00955	0.01553	0.72874	0.05833	0.01174	0.01407	0.03646	0.01084	0.01436	0.00930	0.01363	0.00700	0.00521	0.00514	0.00172	0.00678	0.00457	0.00244	0.00595
117	0.01229	0.01405	0.03073	0.02195	0.02722	0.01317	0.76558	0.01668	0.01229	0.01668	0.01054	0.01405	0.00790	0.00439	0.00615	0.00176	0.00878	0.00615	0.00263	0.00702
118	0.85377	0.01007	0.00765	0.00685	0.01007	0.01168	0.00564	0.01531	0.00886	0.02336	0.00725	0.00846	0.00564	0.00483	0.00322	0.00161	0.00403	0.00282	0.00322	0.00564
119	0.00634	0.00453	0.00604	0.00725	0.00755	0.00423	0.00483	0.00725	0.00997	0.01329	0.02870	0.81358	0.03444	0.01632	0.00665	0.00211	0.00302	0.01480	0.00483	0.00423
120	0.07561	0.64551	0.09587	0.00947	0.01412	0.01893	0.00968	0.05451	0.01121	0.01452	0.00771	0.00882	0.00671	0.00462	0.00358	0.00122	0.00566	0.00298	0.00245	0.00681
121	0.00773	0.00540	0.00708	0.00661	0.00790	0.00498	0.00498	0.01018	0.01474	0.03821	0.76456	0.03842	0.04832	0.01055	0.00612	0.00164	0.00250	0.00932	0.00575	0.00500
122	0.01085	0.05188	0.74805	0.01453	0.02204	0.01227	0.01865	0.01666	0.01107	0.03378	0.00953	0.01106	0.00674	0.00497	0.00490	0.00163	0.00755	0.00385	0.00230	0.00769
123	0.01823	0.01078	0.01253	0.01024	0.01380	0.01122	0.00830	0.20823	0.25077	0.31491	0.01999	0.01940	0.03691	0.00708	0.00535	0.00168	0.00462	0.03191	0.00568	0.00839
124	0.01909	0.01426	0.01576	0.01214	0.01622	0.01572	0.03187	0.70667	0.04753	0.03161	0.01304	0.02874	0.00956	0.00642	0.00527	0.00159	0.00571	0.00497	0.00513	0.00869
125	0.00971	0.00485	0.00485	0.00485	0.00607	0.00485	0.00364	0.01213	0.01092	0.01942	0.01699	0.01942	0.01335	0.00607	0.00364	0.00121	0.00243	0.00485	0.84589	0.00485
126	0.01159	0.01207	0.02348	0.31493	0.06205	0.01276	0.39227	0.03918	0.01176	0.01575	0.00991	0.01376	0.00754	0.00499	0.00623	0.00176	0.04537	0.00539	0.00258	0.00661
127	0.00722	0.00532	0.00676	0.00640	0.00769	0.00485	0.00480	0.00954	0.01440	0.02006	0.69396	0.04025	0.13744	0.01095	0.00614	0.00165	0.00248	0.00961	0.00562	0.00485
128	0.01213	0.01440	0.06804	0.06724	0.02530	0.03654	0.55447	0.01602	0.01159	0.01578	0.00981	0.01337	0.00759	0.00515	0.00749	0.00181	0.11832	0.00563	0.00254	0.00677
129	0.01392	0.82012	0.02729	0.00891	0.01337	0.02061	0.00891	0.01559	0.01058	0.01225	0.00724	0.00835	0.00668	0.00446	0.00334	0.00111	0.00557	0.00278	0.00223	0.00668
130	0.00905	0.00452	0.00678	0.00678	0.00678	0.00452	0.00452	0.00678	0.00678	0.00905	0.00905	0.01583	0.00905	0.01809	0.02035	0.84848	0.00452	0.00452	0.00226	0.00226
131	0.01203	0.01047	0.01361	0.00994	0.01433	0.00912	0.08204	0.10190	0.01240	0.01856	0.00963	0.01135	0.00782	0.00447	0.00495	0.00104	0.04762	0.00366	0.00325	0.62180
132	0.03928	0.00807	0.00802	0.00714	0.00914	0.04169	0.00559	0.15833	0.03592	0.03732	0.01543	0.01734	0.01200	0.00819	0.05493	0.00178	0.00424	0.00478	0.52495	0.00587
133	0.00757	0.00505	0.00568	0.00568	0.00568	0.00505	0.00316	0.00757	0.00757	0.01010	0.01641	0.03408	0.01893	0.81698	0.02651	0.00505	0.00505	0.00757	0.00316	0.00316
134	0.00637	0.00454	0.00603	0.00722	0.00751	0.00425	0.00480	0.00726	0.00992	0.01323	0.02844	0.79680	0.03411	0.03356	0.00707	0.00218	0.00306	0.01465	0.00480	0.00421
135	0.12839	0.01563	0.01357	0.01116	0.01461	0.20029	0.00894	0.42558	0.01890	0.02525	0.01217	0.01282	0.03252	0.00710	0.02979	0.00173	0.00646	0.00436	0.02334	0.00740
136	0.01237	0.01407	0.02906	0.05041	0.02663	0.03637	0.68290	0.01650	0.01211	0.01626	0.01026	0.01379	0.00778	0.00465	0.00654	0.00177	0.04309	0.00594	0.00261	0.00689
137	0.02329	0.00899	0.01216	0.00932	0.01336	0.00784	0.00770	0.04135	0.01511	0.77184	0.02037	0.01761	0.01280	0.00644	0.00524	0.00161	0.00446	0.00523	0.00642	0.00886
138	0.00702	0.00513	0.00651	0.00740	0.00806	0.00491	0.00530	0.00855	0.03295	0.01371	0.02956	0.49145	0.11126	0.09914	0.00873	0.00242	0.00354	0.14536	0.00467	0.00436
139	0.09034	0.09487	0.03224	0.03759	0.03470	0.43498	0.01001	0.13963	0.03216	0.01726	0.00900	0.01025	0.00721	0.00546	0.00483	0.00143	0.02463	0.00363	0.00312	0.00664
140	0.01206	0.01151	0.01797	0.34020	0.39336	0.04422	0.01451	0.04808	0.01204	0.01617	0.03399	0.01395	0.00898	0.00516	0.00519	0.00162	0.00648	0.00474	0.00269	0.00709
141	0.00634	0.00453	0.00604	0.00725	0.00755	0.00423	0.00483	0.00725	0.00997	0.01329	0.02870	0.81358	0.03444	0.01632	0.00665	0.00211	0.00302	0.01480	0.00483	0.00423
142	0.00764	0.00546	0.00753	0.00873	0.00960	0.00534	0.00708	0.00949	0.01124	0.01474	0.02799	0.33702	0.03162	0.01510	0.00699	0.00229	0.00414	0.47862	0.00481	0.00459
143	0.02306	0.00880	0.01199	0.00921	0.01319	0.00760	0.00760	0.02509	0.01490	0.77371	0.03482	0.01812	0.01357	0.00652	0.00525	0.00161	0.00439	0.00532	0.00643	0.00879
144	0.01661	0.01188	0.01309	0.01157	0.04802	0.04449	0.00883	0.21375	0.32919	0.16852	0.04983	0.01820	0.01448	0.00685	0.00530	0.00166	0.00484	0.01940	0.00527	0.00822
145	0.01045	0.02694	0.79000	0.01484	0.02254	0.01209	0.01924	0.01649	0.01099	0.01649	0.00935	0.01099	0.00660	0.00495	0.00495	0.00165	0.00770	0.00385	0.00220	0.00770
146	0.00640	0.00538	0.00557	0.00554	0.00727	0.00460	0.00419	0.00804	0.02387	0.01476	0.10969	0.04892	0.69762	0.01292	0.00616	0.00176	0.00269	0.02521	0.00491	0.00450
