[name]
unknown

[dist]
# distance from previous block
# <min> <max>
0	63

[block]
# block no. 0 follows, 43 sequences, length 9
# corresponding to MSA columns:
# 63-71
name=unknown_A
#
# <colnr> <probs for GDERKNQSTAVLIFYWHMCP>
#	G	D	E	R	K	N	Q	S	T	A	V	L	I	F	Y	W	H	M	C	P
0	0.00906	0.00607	0.00860	0.00963	0.01066	0.00607	0.00814	0.01066	0.01169	0.01524	0.02555	0.05373	0.02761	0.01605	0.01033	0.16281	0.00504	0.59389	0.00458	0.00458
1	0.16834	0.00639	0.00644	0.00628	0.00694	0.00672	0.00386	0.00963	0.00832	0.01344	0.01558	0.03102	0.01743	0.65202	0.02344	0.00467	0.00516	0.00709	0.00337	0.00386
2	0.01740	0.01318	0.01402	0.01120	0.01498	0.01437	0.00910	0.52287	0.11172	0.02967	0.02261	0.02185	0.15579	0.00817	0.00574	0.00173	0.00526	0.00642	0.00548	0.00843
3	0.17101	0.00961	0.01030	0.00777	0.01209	0.00816	0.00622	0.01430	0.01110	0.01957	0.01014	0.01180	0.00830	0.00450	0.00395	0.00103	0.00401	0.00339	0.07495	0.60781
4	0.43985	0.01012	0.01018	0.00851	0.01211	0.01055	0.00693	0.05984	0.01265	0.27644	0.01439	0.06649	0.01093	0.00660	0.00453	0.00172	0.00445	0.00485	0.00481	0.03406
5	0.01340	0.01062	0.01195	0.07946	0.01542	0.01183	0.00863	0.07833	0.45068	0.07028	0.02596	0.05479	0.12753	0.00858	0.00581	0.00186	0.00452	0.00718	0.00533	0.00785
6	0.08644	0.01208	0.01969	0.22811	0.51359	0.01287	0.01560	0.01620	0.01193	0.01767	0.01003	0.01356	0.00817	0.00511	0.00531	0.00170	0.00658	0.00476	0.00273	0.00785
7	0.01207	0.01148	0.01952	0.41684	0.40079	0.01273	0.01618	0.01556	0.01183	0.01610	0.01013	0.01424	0.00807	0.00524	0.00551	0.00175	0.00699	0.00493	0.00260	0.00745
8	0.01704	0.01279	0.01439	0.03104	0.05717	0.04002	0.00941	0.36270	0.04547	0.08465	0.01503	0.09692	0.01249	0.00717	0.00540	0.00157	0.00543	0.00583	0.00484	0.17062

[dist]
# distance from previous block
# <min> <max>
9	39

[block]
# block no. 1 follows, 43 sequences, length 16
# corresponding to MSA columns:
# 112-127
name=unknown_B
#
# <colnr> <probs for GDERKNQSTAVLIFYWHMCP>
#	G	D	E	R	K	N	Q	S	T	A	V	L	I	F	Y	W	H	M	C	P
0	0.03796	0.01449	0.01330	0.01136	0.01433	0.16539	0.00880	0.20656	0.20150	0.06540	0.01558	0.03674	0.01282	0.10292	0.00860	0.00213	0.03623	0.00557	0.00459	0.03572
1	0.14491	0.01187	0.01300	0.01026	0.01418	0.04903	0.02693	0.17836	0.03429	0.20255	0.01419	0.03725	0.01077	0.03000	0.00592	0.00165	0.02243	0.00486	0.00471	0.18284
2	0.16891	0.00779	0.00854	0.00786	0.00966	0.00843	0.00619	0.01176	0.02844	0.03513	0.17926	0.05936	0.30479	0.01092	0.00771	0.00191	0.12475	0.00852	0.00464	0.00544
3	0.14277	0.01169	0.01289	0.00990	0.01404	0.01164	0.00809	0.21824	0.01519	0.06711	0.01096	0.01208	0.00844	0.00556	0.00558	0.00137	0.06637	0.00396	0.00407	0.37006
4	0.17832	0.19595	0.03504	0.01066	0.01386	0.29349	0.00888	0.01747	0.01318	0.01717	0.13314	0.01481	0.01433	0.00639	0.00496	0.00151	0.02671	0.00443	0.00337	0.00633
5	0.01266	0.00961	0.01563	0.64406	0.03333	0.01141	0.01386	0.01608	0.01183	0.13109	0.01198	0.01560	0.00860	0.00577	0.00548	0.00181	0.00680	0.00503	0.03275	0.00662
6	0.15001	0.01086	0.01172	0.00875	0.01335	0.00972	0.00708	0.12765	0.01338	0.02175	0.01002	0.01135	0.00803	0.00466	0.00421	0.00110	0.00444	0.00350	0.00365	0.57478
7	0.15801	0.01181	0.01278	0.01053	0.01423	0.03996	0.02726	0.14163	0.20843	0.22942	0.01866	0.03286	0.03964	0.00701	0.00526	0.00174	0.00498	0.00555	0.00533	0.02491
8	0.01427	0.01155	0.01245	0.01102	0.01398	0.01302	0.00857	0.19006	0.47048	0.02435	0.02176	0.14751	0.01845	0.00894	0.00585	0.00189	0.00458	0.00753	0.00553	0.00821
9	0.58101	0.01137	0.01084	0.12861	0.01598	0.01319	0.00818	0.13706	0.01241	0.02486	0.00896	0.01059	0.00677	0.00545	0.00410	0.00173	0.00506	0.00362	0.00363	0.00658
10	0.01340	0.01156	0.01235	0.01077	0.01419	0.01272	0.00840	0.02688	0.63752	0.02233	0.02045	0.01915	0.01547	0.00695	0.00538	0.00170	0.00434	0.00577	0.00525	0.14541
11	0.01070	0.00902	0.01065	0.00812	0.01229	0.00691	0.00633	0.01292	0.01134	0.01740	0.01325	0.14151	0.01288	0.00628	0.00459	0.00106	0.00396	0.00533	0.00359	0.70188
12	0.01880	0.00794	0.01058	0.00881	0.01169	0.00704	0.00681	0.02042	0.01376	0.50963	0.04488	0.14253	0.01944	0.13998	0.00955	0.00240	0.00453	0.00767	0.00599	0.00754
13	0.01148	0.00984	0.01148	0.00820	0.01312	0.00738	0.00656	0.01395	0.01148	0.01805	0.00984	0.01148	0.00820	0.00410	0.00410	0.00082	0.00410	0.00328	0.00328	0.83922
14	0.00975	0.00558	0.00866	0.12766	0.01196	0.00596	0.00643	0.00828	0.00781	0.01032	0.00965	0.01652	0.00928	0.01714	0.01917	0.71041	0.00520	0.00483	0.00241	0.00298
15	0.02059	0.01289	0.01409	0.01121	0.01520	0.05659	0.00910	0.30298	0.12171	0.29730	0.03449	0.01767	0.03145	0.00702	0.00555	0.00169	0.00539	0.00553	0.00583	0.02370

[dist]
# distance from previous block
# <min> <max>
17	61

[block]
# block no. 2 follows, 43 sequences, length 19
# corresponding to MSA columns:
# 192-210
name=unknown_C
#
# <colnr> <probs for GDERKNQSTAVLIFYWHMCP>
#	G	D	E	R	K	N	Q	S	T	A	V	L	I	F	Y	W	H	M	C	P
0	0.09511	0.00743	0.00750	0.00715	0.00923	0.02332	0.00542	0.01236	0.10496	0.01824	0.16444	0.10236	0.37324	0.01162	0.00604	0.00182	0.00335	0.00973	0.00508	0.03159
1	0.01329	0.04420	0.12208	0.02476	0.24329	0.03547	0.39934	0.01758	0.01278	0.01754	0.01062	0.01382	0.00826	0.00485	0.00592	0.00175	0.00829	0.00556	0.00271	0.00790
2	0.01148	0.00984	0.01148	0.00820	0.01312	0.00738	0.00656	0.01395	0.01148	0.01805	0.00984	0.01148	0.00820	0.00410	0.00410	0.00082	0.00410	0.00328	0.00328	0.83922
3	0.00828	0.00613	0.00779	0.00729	0.00873	0.00587	0.00549	0.01187	0.07152	0.02228	0.71203	0.03982	0.04961	0.01104	0.00646	0.00175	0.00275	0.00973	0.00606	0.00549
4	0.00840	0.00652	0.00911	0.03753	0.01027	0.00761	0.00672	0.00974	0.00889	0.01254	0.01609	0.10511	0.01685	0.23184	0.39122	0.00630	0.10004	0.00734	0.00321	0.00466
5	0.00853	0.00584	0.00747	0.00696	0.00847	0.00531	0.00526	0.01098	0.01535	0.05806	0.65413	0.04157	0.12830	0.01140	0.00649	0.00175	0.00274	0.00998	0.00603	0.00537
6	0.63295	0.01028	0.00876	0.00761	0.01096	0.01152	0.00624	0.05789	0.01120	0.09739	0.01046	0.01140	0.00778	0.00553	0.00380	0.00167	0.00425	0.00358	0.09031	0.00643
7	0.01175	0.13992	0.58952	0.01474	0.02158	0.01460	0.01800	0.01696	0.01130	0.01645	0.00934	0.01133	0.00706	0.00565	0.00635	0.00174	0.08955	0.00401	0.00235	0.00781
8	0.00793	0.00540	0.00607	0.00605	0.00626	0.00531	0.00351	0.00816	0.00877	0.01161	0.05689	0.03777	0.07779	0.70739	0.02551	0.00493	0.00504	0.00842	0.00362	0.00355
9	0.01148	0.00984	0.01148	0.00820	0.01312	0.00738	0.00656	0.01395	0.01148	0.01805	0.00984	0.01148	0.00820	0.00410	0.00410	0.00082	0.00410	0.00328	0.00328	0.83922
10	0.01259	0.01618	0.12798	0.05921	0.02748	0.01376	0.55552	0.01718	0.01248	0.01729	0.01071	0.01425	0.00810	0.00507	0.00693	0.00186	0.05460	0.00595	0.00271	0.03017
11	0.00962	0.00790	0.03735	0.00946	0.01156	0.00700	0.08352	0.01203	0.01365	0.07613	0.33869	0.15182	0.15729	0.01136	0.00707	0.00188	0.04275	0.01000	0.00520	0.00572
12	0.00747	0.00538	0.00707	0.00722	0.00819	0.00498	0.00520	0.00953	0.01397	0.01950	0.52009	0.29691	0.04701	0.01335	0.00671	0.00191	0.00281	0.01194	0.00578	0.00498
13	0.01058	0.01000	0.01664	0.73729	0.03648	0.01263	0.01515	0.01409	0.01089	0.01409	0.00966	0.01458	0.00737	0.00583	0.00643	0.00189	0.06287	0.00492	0.00246	0.00615
14	0.01698	0.43319	0.04367	0.01142	0.01548	0.27769	0.01010	0.01983	0.06911	0.04233	0.00969	0.01059	0.00809	0.00537	0.00432	0.00135	0.00720	0.00354	0.00294	0.00712
15	0.01668	0.01918	0.37576	0.01331	0.01936	0.01138	0.04088	0.09665	0.01483	0.27467	0.05160	0.01585	0.01179	0.00622	0.00550	0.00173	0.00657	0.00506	0.00439	0.00856
16	0.01239	0.01381	0.02950	0.02146	0.02636	0.01310	0.65184	0.01657	0.01268	0.01724	0.01310	0.09653	0.01130	0.00613	0.00693	0.00192	0.03155	0.00744	0.00303	0.00712
17	0.01830	0.05019	0.06408	0.01041	0.01439	0.03768	0.00897	0.09938	0.16400	0.33447	0.02368	0.02191	0.11244	0.00766	0.00557	0.00173	0.00501	0.00616	0.00559	0.00837
18	0.03060	0.01722	0.13055	0.02738	0.05311	0.17755	0.01118	0.21672	0.06484	0.02213	0.09914	0.01788	0.04046	0.00856	0.04147	0.00199	0.00698	0.00544	0.01934	0.00747

[dist]
# distance from previous block
# <min> <max>
3	13

[block]
# block no. 3 follows, 43 sequences, length 29
# corresponding to MSA columns:
# 236-264
name=unknown_D
#
# <colnr> <probs for GDERKNQSTAVLIFYWHMCP>
#	G	D	E	R	K	N	Q	S	T	A	V	L	I	F	Y	W	H	M	C	P
0	0.06863	0.07870	0.01484	0.01311	0.11630	0.05954	0.00925	0.07162	0.09775	0.26168	0.08049	0.01877	0.03174	0.02207	0.00572	0.00171	0.00520	0.00551	0.00496	0.03242
1	0.10888	0.01035	0.01085	0.09654	0.01450	0.07043	0.00813	0.16099	0.01446	0.03473	0.03277	0.08793	0.01557	0.03196	0.02188	0.01814	0.00535	0.08347	0.15111	0.02195
2	0.03103	0.00676	0.00737	0.00718	0.00872	0.02807	0.00527	0.01130	0.04477	0.06051	0.19402	0.11664	0.27389	0.13421	0.00975	0.00242	0.00373	0.04414	0.00508	0.00513
3	0.01812	0.01160	0.01330	0.01073	0.01414	0.01240	0.00866	0.38629	0.05422	0.16891	0.03003	0.01792	0.01278	0.05042	0.11377	0.00284	0.00665	0.00554	0.05352	0.00815
4	0.84448	0.01071	0.00814	0.00728	0.01071	0.01242	0.00600	0.01628	0.00943	0.02485	0.00771	0.00900	0.00600	0.00514	0.00343	0.00171	0.00428	0.00300	0.00343	0.00600
5	0.84448	0.01071	0.00814	0.00728	0.01071	0.01242	0.00600	0.01628	0.00943	0.02485	0.00771	0.00900	0.00600	0.00514	0.00343	0.00171	0.00428	0.00300	0.00343	0.00600
6	0.00816	0.00612	0.00787	0.00871	0.01017	0.00582	0.00738	0.01036	0.01277	0.01619	0.05341	0.05918	0.26061	0.01482	0.00728	0.00232	0.00434	0.49438	0.00513	0.00497
7	0.01456	0.75757	0.07803	0.00989	0.01485	0.02132	0.01020	0.01665	0.01128	0.01333	0.00785	0.00907	0.00710	0.00477	0.00367	0.00122	0.00607	0.00304	0.00237	0.00718
8	0.06281	0.01205	0.01959	0.20330	0.50418	0.01270	0.01535	0.01709	0.03104	0.05338	0.01097	0.01409	0.00873	0.00524	0.00538	0.00170	0.00648	0.00488	0.00298	0.00804
9	0.25042	0.01749	0.30537	0.05892	0.05384	0.01199	0.01305	0.05765	0.01241	0.11053	0.02767	0.01306	0.00896	0.00566	0.00480	0.00172	0.00614	0.00426	0.02855	0.00753
10	0.01462	0.01187	0.01270	0.01127	0.01449	0.01355	0.00884	0.07182	0.66542	0.05887	0.02211	0.02109	0.01665	0.00761	0.00567	0.00187	0.00452	0.02261	0.00567	0.00875
11	0.11947	0.01282	0.01332	0.01057	0.01428	0.01411	0.00866	0.50591	0.02105	0.04743	0.01371	0.01429	0.01001	0.00643	0.00497	0.00160	0.00518	0.00479	0.16320	0.00819
12	0.00688	0.00492	0.00658	0.00787	0.00825	0.00462	0.00538	0.00795	0.01074	0.01429	0.03045	0.75533	0.03633	0.01722	0.00711	0.00227	0.00333	0.06081	0.00514	0.00454
13	0.02238	0.01138	0.01374	0.01067	0.01481	0.01130	0.00877	0.27005	0.05350	0.45621	0.01883	0.01715	0.01244	0.00680	0.00548	0.00168	0.00506	0.00539	0.04515	0.00919
14	0.00962	0.00481	0.00722	0.00722	0.00722	0.00481	0.00481	0.00722	0.00722	0.00962	0.00962	0.01684	0.00962	0.01924	0.02165	0.83886	0.00481	0.00481	0.00241	0.00241
15	0.00735	0.00576	0.00659	0.00681	0.00832	0.00517	0.00528	0.00903	0.01263	0.01583	0.13373	0.05238	0.45701	0.08175	0.00864	0.00230	0.00350	0.16809	0.00510	0.00472
16	0.00666	0.00553	0.00582	0.00593	0.00760	0.00470	0.00438	0.00810	0.01263	0.01539	0.10393	0.13164	0.64028	0.01419	0.00660	0.00190	0.00283	0.01200	0.00521	0.00470
17	0.01158	0.00703	0.00760	0.00700	0.00862	0.00764	0.00545	0.08645	0.05805	0.02141	0.01708	0.01947	0.01346	0.00832	0.04040	0.00178	0.05064	0.00523	0.61692	0.00584
18	0.63304	0.03076	0.03181	0.08270	0.01532	0.01266	0.07446	0.01614	0.01013	0.02267	0.02295	0.01077	0.00729	0.00525	0.00402	0.00173	0.00514	0.00366	0.00328	0.00621
19	0.01952	0.05944	0.06432	0.03081	0.01783	0.43430	0.01126	0.23975	0.03632	0.02041	0.01039	0.01140	0.00805	0.00595	0.00513	0.00153	0.00833	0.00409	0.00366	0.00751
20	0.01300	0.01565	0.12663	0.16359	0.35369	0.05901	0.10547	0.01673	0.01219	0.01670	0.01004	0.01345	0.00804	0.00540	0.00636	0.00176	0.05700	0.00492	0.00263	0.00775
21	0.00683	0.00505	0.00638	0.00726	0.00796	0.00461	0.00498	0.00804	0.01150	0.01514	0.11334	0.58710	0.16930	0.01612	0.00692	0.00213	0.00308	0.01441	0.00524	0.00461
22	0.00804	0.00543	0.00634	0.00634	0.00644	0.00553	0.00373	0.00825	0.00814	0.01096	0.01718	0.03472	0.01948	0.72532	0.10733	0.00574	0.00636	0.00783	0.00332	0.00352
23	0.00702	0.00552	0.00629	0.00631	0.00776	0.00485	0.00462	0.00872	0.01323	0.01705	0.27760	0.13955	0.43337	0.03437	0.00717	0.00197	0.00286	0.01155	0.00540	0.00479
24	0.00962	0.00481	0.00722	0.00722	0.00722	0.00481	0.00481	0.00722	0.00722	0.00962	0.00962	0.01684	0.00962	0.01924	0.02165	0.83886	0.00481	0.00481	0.00241	0.00241
25	0.02037	0.01727	0.03807	0.01298	0.01723	0.12575	0.01075	0.59344	0.05879	0.03082	0.01296	0.01313	0.00938	0.00652	0.00546	0.00164	0.00663	0.00482	0.00507	0.00893
26	0.00865	0.00699	0.01018	0.00976	0.01053	0.00860	0.00767	0.01041	0.00879	0.01285	0.01363	0.02071	0.01298	0.06952	0.61685	0.00762	0.15046	0.00584	0.00289	0.00507
27	0.00788	0.00564	0.00716	0.00794	0.00857	0.00548	0.00542	0.06098	0.01169	0.01564	0.05009	0.67510	0.03411	0.06589	0.00827	0.00239	0.00354	0.01433	0.00509	0.00480
28	0.01943	0.06392	0.01564	0.01169	0.01560	0.06035	0.00955	0.42516	0.10120	0.14003	0.01613	0.06878	0.01246	0.00733	0.00550	0.00169	0.00573	0.00574	0.00536	0.00869

[dist]
# distance from previous block
# <min> <max>
0	1

[block]
# block no. 4 follows, 43 sequences, length 19
# corresponding to MSA columns:
# 266-284
name=unknown_E
#
# <colnr> <probs for GDERKNQSTAVLIFYWHMCP>
#	G	D	E	R	K	N	Q	S	T	A	V	L	I	F	Y	W	H	M	C	P
0	0.01939	0.01021	0.01283	0.05473	0.01514	0.01015	0.00859	0.17729	0.07169	0.38829	0.10259	0.06937	0.01838	0.00794	0.00577	0.00176	0.00481	0.00659	0.00604	0.00841
1	0.01804	0.00927	0.01177	0.00973	0.02638	0.00861	0.00758	0.10087	0.04786	0.37970	0.16280	0.04190	0.02106	0.04656	0.00676	0.00183	0.00442	0.00654	0.00591	0.08240
2	0.01977	0.01264	0.01435	0.01122	0.01523	0.01323	0.00916	0.44077	0.05558	0.20387	0.07386	0.03826	0.01472	0.00727	0.00560	0.00167	0.00526	0.00578	0.00578	0.04598
3	0.01258	0.01179	0.01874	0.26357	0.30081	0.05134	0.07874	0.01584	0.01254	0.04211	0.03551	0.02049	0.03144	0.00659	0.00583	0.00181	0.00683	0.07306	0.00318	0.00719
4	0.06267	0.14130	0.02062	0.06338	0.36925	0.19378	0.01347	0.01781	0.01272	0.01626	0.00927	0.01182	0.00785	0.00528	0.00537	0.00156	0.03310	0.00419	0.00272	0.00758
5	0.01032	0.00516	0.00516	0.00516	0.00645	0.00516	0.00387	0.01290	0.01161	0.02065	0.01807	0.02065	0.01420	0.00645	0.00387	0.00129	0.00258	0.00516	0.83611	0.00516
6	0.00901	0.00602	0.00753	0.02697	0.00928	0.00546	0.00542	0.01108	0.01412	0.08746	0.40575	0.10566	0.24085	0.03198	0.00701	0.00191	0.00310	0.01037	0.00566	0.00537
7	0.01140	0.00667	0.00856	0.00768	0.00968	0.00614	0.00590	0.01437	0.05072	0.17346	0.48844	0.07380	0.09954	0.01075	0.00632	0.00178	0.00317	0.00935	0.00610	0.00616
8	0.00712	0.00530	0.00725	0.04393	0.00962	0.00526	0.00583	0.00827	0.01073	0.01438	0.05310	0.71656	0.03491	0.01638	0.00732	0.00222	0.02749	0.01473	0.00497	0.00465
9	0.01270	0.22391	0.47551	0.01424	0.02091	0.04821	0.05215	0.01818	0.05455	0.01656	0.01009	0.01158	0.00768	0.00525	0.00490	0.00161	0.00753	0.00403	0.00258	0.00784
10	0.00676	0.00520	0.00619	0.00682	0.00784	0.00463	0.00478	0.00804	0.01184	0.01516	0.10448	0.44216	0.32518	0.01552	0.00682	0.00206	0.00300	0.01366	0.00522	0.00463
11	0.01184	0.01049	0.01165	0.00844	0.01328	0.03775	0.00672	0.01427	0.01165	0.01787	0.00979	0.01143	0.00816	0.00416	0.00414	0.00084	0.00433	0.00329	0.00326	0.80662
12	0.04533	0.01254	0.01410	0.01207	0.04939	0.01336	0.00922	0.44482	0.05213	0.06409	0.03388	0.11840	0.01454	0.02463	0.00607	0.00177	0.00530	0.00648	0.00516	0.06671
13	0.05416	0.07461	0.01605	0.01241	0.03481	0.10378	0.05153	0.25212	0.10585	0.07375	0.04595	0.01600	0.01226	0.03105	0.00652	0.00177	0.04224	0.00517	0.05220	0.00777
14	0.00843	0.04670	0.04475	0.00773	0.00941	0.02692	0.00622	0.01054	0.01336	0.01792	0.36826	0.14393	0.14255	0.07534	0.00815	0.00213	0.00371	0.05367	0.00510	0.00516
15	0.05584	0.00963	0.01101	0.00971	0.01207	0.02558	0.02689	0.24218	0.01614	0.04231	0.08536	0.22744	0.07464	0.05929	0.03122	0.00231	0.00501	0.03997	0.00499	0.01843
16	0.24473	0.19661	0.27853	0.01135	0.01672	0.01408	0.03453	0.01723	0.01150	0.06945	0.05090	0.01250	0.00971	0.00553	0.00449	0.00161	0.00609	0.00403	0.00317	0.00723
17	0.07529	0.09794	0.01483	0.08158	0.03312	0.20361	0.02914	0.10665	0.03373	0.01858	0.10425	0.05682	0.06410	0.00931	0.04595	0.00201	0.00677	0.00595	0.00386	0.00652
18	0.17498	0.07825	0.16310	0.10341	0.13532	0.03905	0.01223	0.05752	0.01268	0.05989	0.04829	0.01565	0.04700	0.00609	0.00495	0.00167	0.00602	0.00480	0.02187	0.00723

[dist]
# distance from previous block
# <min> <max>
2	9

[block]
# block no. 5 follows, 43 sequences, length 11
# corresponding to MSA columns:
# 294-304
name=unknown_F
#
# <colnr> <probs for GDERKNQSTAVLIFYWHMCP>
#	G	D	E	R	K	N	Q	S	T	A	V	L	I	F	Y	W	H	M	C	P
0	0.05382	0.16020	0.02899	0.01013	0.01271	0.05809	0.02225	0.10727	0.01250	0.01730	0.01369	0.12182	0.01353	0.08897	0.05616	0.00246	0.10092	0.00612	0.04485	0.06822
1	0.38437	0.01157	0.01107	0.06110	0.01419	0.03571	0.00786	0.16966	0.07621	0.07542	0.01345	0.01413	0.03232	0.00618	0.00451	0.00169	0.00491	0.00442	0.06413	0.00709
2	0.07355	0.09099	0.03758	0.03675	0.07932	0.39090	0.01074	0.11440	0.03172	0.01784	0.01252	0.01366	0.05480	0.00618	0.00500	0.00153	0.00776	0.00439	0.00336	0.00702
3	0.06862	0.11123	0.01840	0.04027	0.01737	0.16385	0.10415	0.10975	0.03029	0.06834	0.01078	0.01263	0.00852	0.00672	0.02094	0.00176	0.11086	0.00447	0.01917	0.07188
4	0.00942	0.00481	0.00716	0.00725	0.00727	0.00479	0.00483	0.00725	0.00746	0.00994	0.01111	0.07276	0.01154	0.01911	0.02061	0.77926	0.00470	0.00559	0.00260	0.00255
5	0.00903	0.00633	0.00800	0.00862	0.00976	0.00626	0.00649	0.03492	0.06792	0.04579	0.02980	0.41811	0.07993	0.05346	0.00799	0.00238	0.00400	0.19080	0.00516	0.00527
6	0.00726	0.00531	0.00682	0.00714	0.00809	0.00487	0.00509	0.00906	0.01326	0.01812	0.38980	0.35949	0.11693	0.01410	0.00676	0.00197	0.00288	0.01257	0.00560	0.00487
7	0.01278	0.00803	0.00885	0.07118	0.01165	0.00866	0.00643	0.17357	0.04244	0.02330	0.01653	0.01858	0.01271	0.00646	0.00443	0.00144	0.00380	0.00515	0.55773	0.00630
8	0.00880	0.00604	0.00738	0.00722	0.00873	0.00558	0.00541	0.01114	0.03955	0.06843	0.31473	0.13792	0.22933	0.06339	0.00797	0.00213	0.00329	0.06216	0.00552	0.00527
9	0.00754	0.00568	0.00702	0.00695	0.00836	0.00515	0.00531	0.00974	0.01433	0.01932	0.46913	0.08289	0.24285	0.01272	0.00667	0.00188	0.00293	0.08079	0.00570	0.00503
10	0.05242	0.07993	0.04520	0.20478	0.04415	0.29601	0.01171	0.08793	0.01423	0.01674	0.01089	0.01303	0.03186	0.00589	0.00530	0.00157	0.02404	0.00430	0.00306	0.04696

[dist]
# distance from previous block
# <min> <max>
0	14

[block]
# block no. 6 follows, 43 sequences, length 29
# corresponding to MSA columns:
# 319-347
name=unknown_G
#
# <colnr> <probs for GDERKNQSTAVLIFYWHMCP>
#	G	D	E	R	K	N	Q	S	T	A	V	L	I	F	Y	W	H	M	C	P
0	0.01315	0.00763	0.01000	0.02887	0.02674	0.00739	0.00706	0.04932	0.03917	0.21540	0.17066	0.24798	0.05770	0.02784	0.00712	0.00198	0.02971	0.02392	0.00553	0.02284
1	0.05390	0.01394	0.08182	0.13832	0.22517	0.04065	0.13077	0.03052	0.01198	0.01730	0.01005	0.01337	0.00812	0.00651	0.02958	0.00191	0.07904	0.00481	0.00281	0.09941
2	0.03008	0.02954	0.04121	0.09799	0.05871	0.01445	0.37528	0.09998	0.01361	0.04917	0.01095	0.01412	0.00838	0.00585	0.00781	0.00189	0.12469	0.00564	0.00317	0.00746
3	0.02806	0.00803	0.01091	0.16996	0.08249	0.00876	0.02362	0.05998	0.03687	0.01918	0.01499	0.03337	0.01209	0.00855	0.04433	0.03199	0.00508	0.00534	0.39039	0.00601
4	0.01820	0.03987	0.01578	0.02751	0.04686	0.21490	0.01036	0.32105	0.16026	0.02425	0.01356	0.01421	0.01035	0.00833	0.04777	0.00203	0.00730	0.00485	0.00446	0.00812
5	0.02015	0.01498	0.01614	0.01231	0.01679	0.01625	0.01015	0.68252	0.02466	0.03331	0.01297	0.01313	0.00930	0.00641	0.00540	0.00158	0.00591	0.00483	0.00533	0.08789
6	0.01761	0.00871	0.01094	0.00912	0.01237	0.00817	0.00732	0.02206	0.14299	0.41457	0.14249	0.02808	0.11534	0.00877	0.00591	0.00179	0.00410	0.02543	0.00627	0.00796
7	0.78035	0.01061	0.00851	0.00748	0.01098	0.01209	0.00617	0.01712	0.00993	0.08352	0.00882	0.00977	0.00660	0.00528	0.00359	0.00171	0.00432	0.00320	0.00370	0.00627
8	0.00714	0.00559	0.00642	0.00629	0.00781	0.00492	0.00466	0.00900	0.01372	0.01790	0.35568	0.08180	0.41526	0.03059	0.00704	0.00191	0.00280	0.01108	0.00551	0.00487
9	0.00730	0.00561	0.00668	0.00647	0.00796	0.00499	0.00483	0.00939	0.01433	0.01914	0.46861	0.07075	0.32876	0.01256	0.00655	0.00181	0.00271	0.01085	0.00570	0.00499
10	0.00959	0.00591	0.00781	0.00841	0.00966	0.00548	0.00643	0.01118	0.01208	0.11084	0.03209	0.41701	0.11775	0.01509	0.00697	0.00222	0.00386	0.20697	0.00535	0.00530
11	0.01014	0.00519	0.00528	0.00527	0.00651	0.00517	0.00391	0.01263	0.01164	0.02034	0.04737	0.02204	0.01591	0.03650	0.00488	0.00146	0.00269	0.00546	0.77253	0.00510
12	0.01949	0.02400	0.01591	0.01425	0.01676	0.64856	0.01090	0.04561	0.01502	0.01425	0.00854	0.01040	0.00723	0.00630	0.00688	0.00158	0.12118	0.00380	0.00288	0.00647
13	0.01166	0.01139	0.02103	0.33870	0.17938	0.01214	0.21630	0.01536	0.01199	0.01635	0.01200	0.04128	0.00995	0.00588	0.00582	0.00181	0.00730	0.02679	0.04797	0.00690
14	0.01313	0.01318	0.03706	0.18531	0.51983	0.03188	0.05606	0.01706	0.04034	0.01734	0.01074	0.01412	0.00870	0.00516	0.00554	0.00170	0.00693	0.00502	0.00279	0.00810
15	0.01431	0.01203	0.01281	0.01133	0.01450	0.01384	0.00888	0.10842	0.64553	0.02400	0.02117	0.01990	0.01594	0.00896	0.04089	0.00217	0.00505	0.00611	0.00550	0.00866
16	0.07571	0.01127	0.02032	0.45343	0.03152	0.01261	0.23214	0.01510	0.01146	0.01602	0.01085	0.04597	0.00875	0.00582	0.00603	0.00187	0.02622	0.00569	0.00274	0.00646
17	0.05416	0.01174	0.01291	0.01036	0.01417	0.09175	0.00837	0.10519	0.04641	0.48863	0.08213	0.01889	0.01562	0.00705	0.00551	0.00169	0.00522	0.00560	0.00604	0.00859
18	0.00766	0.00554	0.00697	0.00701	0.00824	0.00503	0.00515	0.00967	0.01389	0.03180	0.43913	0.21817	0.17938	0.01321	0.00667	0.00190	0.00288	0.02700	0.00569	0.00503
19	0.01044	0.00624	0.00776	0.00714	0.00901	0.00554	0.00540	0.01241	0.01419	0.15359	0.35190	0.10580	0.23987	0.03690	0.00709	0.00193	0.00318	0.01011	0.00580	0.00570
20	0.00793	0.00586	0.00852	0.00852	0.00938	0.00672	0.00645	0.00965	0.00879	0.01258	0.01518	0.02367	0.01467	0.14214	0.68394	0.00844	0.01359	0.00621	0.00302	0.00474
21	0.00962	0.00481	0.00722	0.00722	0.00722	0.00481	0.00481	0.00722	0.00722	0.00962	0.00962	0.01684	0.00962	0.01924	0.02165	0.83886	0.00481	0.00481	0.00241	0.00241
22	0.01338	0.01082	0.01272	0.02584	0.01438	0.00953	0.00771	0.12723	0.01368	0.04430	0.01061	0.01210	0.00850	0.00491	0.00517	0.00109	0.04769	0.00373	0.00368	0.62292
23	0.01531	0.66816	0.07070	0.01043	0.01513	0.11417	0.01026	0.01731	0.01182	0.01336	0.00793	0.00918	0.00711	0.00489	0.00383	0.00125	0.00655	0.00310	0.00243	0.00709
24	0.00662	0.00561	0.00572	0.00569	0.00753	0.00471	0.00427	0.00810	0.01281	0.01540	0.09943	0.05257	0.72497	0.01386	0.00654	0.00186	0.00279	0.01159	0.00520	0.00471
25	0.00819	0.00610	0.00853	0.03631	0.00983	0.00695	0.00626	0.00957	0.00869	0.01224	0.01524	0.02583	0.01541	0.28388	0.48830	0.00730	0.03727	0.00654	0.00306	0.00452
26	0.03399	0.04153	0.04332	0.01291	0.04666	0.04035	0.01043	0.46419	0.07099	0.13344	0.01492	0.03699	0.01098	0.00680	0.00546	0.00168	0.00589	0.00528	0.00526	0.00893
27	0.06077	0.15509	0.31426	0.03793	0.01989	0.01435	0.06310	0.11154	0.03211	0.09451	0.01143	0.01250	0.00833	0.00548	0.00500	0.00162	0.00679	0.00431	0.00341	0.03760
28	0.15757	0.06465	0.02915	0.04038	0.01586	0.07101	0.07866	0.17120	0.03647	0.09594	0.06811	0.01718	0.03714	0.04110	0.00611	0.00179	0.00578	0.00525	0.00428	0.05238

[dist]
# distance from previous block
# <min> <max>
9	42

[block]
# block no. 7 follows, 43 sequences, length 17
# corresponding to MSA columns:
# 392-408
name=unknown_H
#
# <colnr> <probs for GDERKNQSTAVLIFYWHMCP>
#	G	D	E	R	K	N	Q	S	T	A	V	L	I	F	Y	W	H	M	C	P
0	0.33727	0.10364	0.14677	0.15020	0.05787	0.03867	0.01147	0.04861	0.01153	0.02004	0.02336	0.01156	0.00776	0.00538	0.00444	0.00167	0.00605	0.00387	0.00304	0.00682
1	0.06532	0.01216	0.04644	0.05848	0.03849	0.05392	0.00956	0.21629	0.01482	0.02109	0.01351	0.08436	0.01202	0.02407	0.11953	0.00281	0.08273	0.00575	0.05261	0.06603
2	0.07232	0.03773	0.05943	0.02377	0.04759	0.19397	0.00946	0.20300	0.01570	0.02076	0.03524	0.03080	0.01189	0.09883	0.02431	0.00218	0.02183	0.00514	0.07928	0.00680
3	0.01371	0.08744	0.03530	0.16203	0.05178	0.03734	0.01049	0.19495	0.09102	0.02063	0.03199	0.04886	0.02658	0.02707	0.07030	0.00237	0.00663	0.02502	0.02976	0.02674
4	0.00751	0.00535	0.00652	0.00680	0.00734	0.00521	0.00447	0.00838	0.01009	0.01346	0.09871	0.22982	0.11809	0.35254	0.09750	0.00417	0.00524	0.01040	0.00425	0.00415
5	0.01993	0.02487	0.01545	0.01396	0.01672	0.70631	0.01054	0.04345	0.01564	0.01424	0.01017	0.01155	0.03146	0.00615	0.00556	0.00149	0.03919	0.00392	0.00299	0.00644
6	0.01989	0.01393	0.01501	0.01166	0.01569	0.01525	0.00958	0.62577	0.02376	0.06808	0.01430	0.01448	0.01022	0.00663	0.00533	0.00162	0.00559	0.00504	0.10928	0.00889
7	0.00711	0.00517	0.00656	0.00749	0.00811	0.00483	0.00522	0.00824	0.01096	0.01435	0.05186	0.52481	0.13203	0.10013	0.00929	0.00255	0.00357	0.08828	0.00497	0.00448
8	0.00655	0.00561	0.00561	0.00561	0.00748	0.00468	0.00421	0.00795	0.01262	0.01496	0.05610	0.05330	0.76857	0.01403	0.00655	0.00187	0.00281	0.01169	0.00514	0.00468
9	0.02148	0.00958	0.01238	0.00984	0.01366	0.00890	0.00800	0.05408	0.11059	0.56993	0.10134	0.02127	0.01807	0.00741	0.00568	0.00174	0.00450	0.00611	0.00657	0.00889
10	0.01873	0.04725	0.01427	0.01080	0.01457	0.01353	0.00885	0.37730	0.12965	0.16001	0.03487	0.01675	0.01280	0.00682	0.00529	0.00164	0.00508	0.00533	0.10787	0.00860
11	0.02217	0.01076	0.01341	0.01032	0.01462	0.01010	0.00847	0.16208	0.06137	0.51682	0.01910	0.01719	0.01255	0.00658	0.00542	0.00163	0.00489	0.00528	0.00618	0.09106
12	0.00892	0.00596	0.00729	0.00678	0.00847	0.00531	0.00511	0.01105	0.01453	0.08478	0.46389	0.04291	0.26659	0.03524	0.00709	0.00189	0.00293	0.01008	0.00579	0.00537
13	0.01247	0.04778	0.01249	0.00863	0.01330	0.00871	0.00698	0.05011	0.04035	0.04267	0.01138	0.03575	0.00956	0.00487	0.00434	0.00099	0.00429	0.00391	0.00360	0.67783
14	0.36104	0.10533	0.09090	0.01046	0.04024	0.07751	0.00899	0.01800	0.05334	0.08906	0.01102	0.01279	0.00872	0.03380	0.05604	0.00223	0.00620	0.00400	0.00353	0.00680
15	0.08717	0.01271	0.03049	0.06130	0.03847	0.06063	0.00935	0.19368	0.18106	0.12051	0.03190	0.03083	0.03599	0.00693	0.00529	0.00169	0.00532	0.00550	0.04207	0.03912
16	0.01338	0.01407	0.11395	0.05031	0.06636	0.01276	0.14498	0.14082	0.08767	0.03586	0.01637	0.01818	0.07947	0.00836	0.03101	0.02796	0.08491	0.00584	0.00374	0.04400

[dist]
# distance from previous block
# <min> <max>
2	5

[block]
# block no. 8 follows, 43 sequences, length 30
# corresponding to MSA columns:
# 415-444
name=unknown_I
#
# <colnr> <probs for GDERKNQSTAVLIFYWHMCP>
#	G	D	E	R	K	N	Q	S	T	A	V	L	I	F	Y	W	H	M	C	P
0	0.00827	0.00582	0.00699	0.00665	0.00830	0.00515	0.00500	0.01032	0.01428	0.06229	0.41942	0.08094	0.32140	0.01238	0.00651	0.00181	0.00284	0.01067	0.00573	0.00522
1	0.02329	0.00948	0.01264	0.00979	0.01385	0.00843	0.00805	0.06736	0.01642	0.67305	0.07997	0.02030	0.01649	0.00719	0.00564	0.00171	0.00463	0.00589	0.00672	0.00909
2	0.00677	0.00520	0.00616	0.00680	0.00779	0.00463	0.00474	0.00799	0.01167	0.01491	0.08777	0.44242	0.32530	0.03201	0.00727	0.00213	0.00306	0.01362	0.00517	0.00459
3	0.02362	0.00924	0.01251	0.00974	0.01381	0.00808	0.00799	0.02603	0.03161	0.71605	0.04270	0.04193	0.01550	0.00729	0.00564	0.00173	0.00460	0.00600	0.00676	0.00915
4	0.01345	0.00763	0.00809	0.00711	0.00926	0.00791	0.00558	0.15536	0.03736	0.07416	0.01755	0.01913	0.01333	0.00655	0.00436	0.00141	0.00345	0.00519	0.59677	0.00637
5	0.08702	0.03453	0.09777	0.04896	0.01982	0.01491	0.16048	0.33120	0.01769	0.02530	0.01168	0.01339	0.00866	0.00604	0.00612	0.00174	0.05200	0.00499	0.04972	0.00798
6	0.01898	0.01427	0.01544	0.01184	0.01621	0.01526	0.00969	0.59020	0.05606	0.03129	0.01324	0.01375	0.00975	0.02061	0.00572	0.00161	0.00569	0.00483	0.00515	0.14041
7	0.01845	0.06727	0.01668	0.01383	0.03746	0.38248	0.03893	0.14774	0.14178	0.03749	0.01234	0.01316	0.00963	0.00721	0.02986	0.00180	0.00804	0.00450	0.00385	0.00750
8	0.84448	0.01071	0.00814	0.00728	0.01071	0.01242	0.00600	0.01628	0.00943	0.02485	0.00771	0.00900	0.00600	0.00514	0.00343	0.00171	0.00428	0.00300	0.00343	0.00600
9	0.04168	0.09110	0.38344	0.01496	0.04713	0.01335	0.07616	0.01897	0.07089	0.10174	0.01253	0.01474	0.00945	0.00606	0.00604	0.00177	0.05232	0.02646	0.00328	0.00795
10	0.00673	0.00487	0.00637	0.00757	0.00800	0.00451	0.00508	0.00773	0.01074	0.01419	0.03227	0.75076	0.08649	0.01712	0.00703	0.00222	0.00319	0.01547	0.00514	0.00451
11	0.01000	0.00529	0.00748	0.00733	0.00759	0.00538	0.00499	0.03645	0.00822	0.01125	0.01056	0.01766	0.01029	0.04535	0.03939	0.71746	0.00502	0.00497	0.04241	0.00290
12	0.01143	0.01102	0.02030	0.10473	0.08407	0.01111	0.30289	0.05641	0.01270	0.01732	0.01666	0.21821	0.01645	0.00871	0.00679	0.00196	0.03505	0.03017	0.02744	0.00659
13	0.00804	0.00543	0.00635	0.00635	0.00645	0.00554	0.00374	0.00825	0.00814	0.01096	0.01717	0.03470	0.01946	0.72376	0.10887	0.00575	0.00638	0.00783	0.00331	0.00353
14	0.01080	0.04597	0.03265	0.06102	0.05650	0.01171	0.15063	0.01407	0.06145	0.01573	0.05227	0.04602	0.13638	0.01181	0.07578	0.02762	0.17295	0.00694	0.00346	0.00623
15	0.01000	0.00519	0.00529	0.00529	0.00639	0.00519	0.00380	0.01221	0.01110	0.01923	0.01798	0.02288	0.01505	0.12089	0.00735	0.00187	0.00298	0.00558	0.71682	0.00490
16	0.04059	0.01386	0.01514	0.03599	0.04040	0.01547	0.01006	0.48980	0.19116	0.03018	0.01527	0.01524	0.01116	0.00671	0.00543	0.00170	0.00555	0.00523	0.04222	0.00887
17	0.01134	0.00982	0.01203	0.00873	0.01348	0.00750	0.03324	0.01382	0.01150	0.01787	0.01076	0.04458	0.00940	0.00467	0.00431	0.00092	0.00425	0.00392	0.00334	0.77451
18	0.01778	0.01389	0.05891	0.01159	0.01526	0.08581	0.00977	0.24884	0.14509	0.17401	0.03562	0.07040	0.01566	0.00813	0.00578	0.00180	0.00568	0.06246	0.00532	0.00820
19	0.65411	0.01166	0.05100	0.02375	0.01241	0.01217	0.00730	0.05897	0.01110	0.06635	0.02965	0.01111	0.00808	0.00552	0.00390	0.00171	0.00462	0.00358	0.01653	0.00647
20	0.00676	0.00562	0.00591	0.00584	0.00761	0.00477	0.00438	0.00836	0.01313	0.01617	0.17432	0.05132	0.64960	0.01358	0.00654	0.00185	0.00277	0.01141	0.00530	0.00477
21	0.03203	0.02356	0.05428	0.10414	0.07009	0.05429	0.12095	0.07607	0.08845	0.01753	0.01200	0.03887	0.01028	0.03725	0.04198	0.00236	0.20006	0.00559	0.00326	0.00695
22	0.01138	0.00991	0.01645	0.48590	0.02929	0.01139	0.10421	0.06357	0.01235	0.01688	0.03024	0.01623	0.00978	0.00634	0.00613	0.03668	0.00667	0.00528	0.11510	0.00622
23	0.01328	0.04769	0.07399	0.30951	0.18251	0.06758	0.12339	0.06880	0.02822	0.01730	0.01049	0.01379	0.00810	0.00536	0.00553	0.00173	0.00753	0.00496	0.00287	0.00737
24	0.01248	0.01587	0.16911	0.05683	0.35728	0.03074	0.15169	0.01649	0.01262	0.01769	0.04778	0.03774	0.01188	0.00598	0.00579	0.00176	0.00719	0.03027	0.00297	0.00784
25	0.00850	0.00606	0.00737	0.00710	0.00872	0.00556	0.00540	0.01115	0.04322	0.05534	0.41613	0.08911	0.25281	0.01231	0.00655	0.00186	0.00300	0.04873	0.00573	0.00536
26	0.01106	0.00967	0.03483	0.01052	0.01246	0.01034	0.03586	0.10585	0.04551	0.01763	0.03958	0.08115	0.07992	0.06164	0.17446	0.00358	0.16013	0.00688	0.04396	0.05499
27	0.02564	0.03782	0.11719	0.09138	0.06256	0.01296	0.19792	0.01556	0.04032	0.03440	0.01460	0.07005	0.05413	0.02503	0.00898	0.00203	0.17308	0.00638	0.00314	0.00682
28	0.08601	0.35777	0.06546	0.01181	0.05786	0.18084	0.00997	0.03450	0.01298	0.01620	0.08508	0.01424	0.03472	0.00600	0.00450	0.00143	0.00641	0.00429	0.00311	0.00682
29	0.04310	0.00887	0.03027	0.00883	0.01100	0.03011	0.00708	0.07529	0.11293	0.05091	0.15006	0.11880	0.16598	0.05226	0.00742	0.00212	0.00424	0.10950	0.00516	0.00607

[dist]
# distance from previous block
# <min> <max>
8	21

[block]
# block no. 9 follows, 43 sequences, length 9
# corresponding to MSA columns:
# 466-474
name=unknown_J
#
# <colnr> <probs for GDERKNQSTAVLIFYWHMCP>
#	G	D	E	R	K	N	Q	S	T	A	V	L	I	F	Y	W	H	M	C	P
0	0.16547	0.00990	0.01116	0.03673	0.01361	0.00879	0.00705	0.04267	0.01214	0.11744	0.01219	0.05268	0.00998	0.00547	0.00442	0.00124	0.00436	0.00429	0.00392	0.47648
1	0.06376	0.01008	0.01639	0.70055	0.07652	0.01236	0.01487	0.01444	0.01105	0.01505	0.00974	0.01434	0.00737	0.00548	0.00540	0.00183	0.00714	0.00480	0.00254	0.00629
2	0.02105	0.01551	0.01662	0.01274	0.01717	0.01717	0.01053	0.75235	0.02604	0.03490	0.01330	0.01330	0.00942	0.00665	0.00554	0.00166	0.00609	0.00499	0.00554	0.00942
3	0.00697	0.00498	0.00668	0.00797	0.00838	0.00469	0.00553	0.00810	0.01082	0.01439	0.03040	0.72612	0.03614	0.01714	0.00713	0.00228	0.00341	0.08917	0.00514	0.00456
4	0.01266	0.00860	0.00975	0.00861	0.01126	0.00867	0.00672	0.05604	0.23441	0.14383	0.18143	0.03364	0.24159	0.01002	0.00606	0.00181	0.00371	0.00841	0.00578	0.00701
5	0.00962	0.00481	0.00722	0.00722	0.00722	0.00481	0.00481	0.00722	0.00722	0.00962	0.00962	0.01684	0.00962	0.01924	0.02165	0.83886	0.00481	0.00481	0.00241	0.00241
6	0.08048	0.01020	0.01606	0.24899	0.02214	0.01185	0.12678	0.04160	0.01128	0.01657	0.01372	0.15784	0.01317	0.00839	0.00806	0.00198	0.15270	0.00699	0.04510	0.00610
7	0.01255	0.00977	0.01162	0.03939	0.01305	0.01029	0.00771	0.20118	0.03197	0.02019	0.03782	0.11336	0.01570	0.13350	0.05582	0.00264	0.07754	0.00665	0.02590	0.17333
8	0.01377	0.01151	0.01470	0.05399	0.03513	0.04351	0.09734	0.18461	0.01521	0.03859	0.01609	0.06681	0.05962	0.03860	0.00620	0.00163	0.00552	0.00589	0.05286	0.23842

[dist]
# distance from previous block
# <min> <max>
1	11

[block]
# block no. 10 follows, 43 sequences, length 20
# corresponding to MSA columns:
# 486-505
name=unknown_K
#
# <colnr> <probs for GDERKNQSTAVLIFYWHMCP>
#	G	D	E	R	K	N	Q	S	T	A	V	L	I	F	Y	W	H	M	C	P
0	0.06296	0.08722	0.27337	0.04458	0.18364	0.01262	0.02579	0.04893	0.01275	0.11017	0.01301	0.07769	0.01073	0.00638	0.00528	0.00171	0.00647	0.00535	0.00342	0.00791
1	0.08674	0.04021	0.01453	0.01113	0.01492	0.01432	0.00909	0.43573	0.07339	0.11309	0.01522	0.05677	0.01185	0.02975	0.00620	0.00180	0.01891	0.00554	0.01795	0.02287
2	0.08483	0.10295	0.12113	0.01213	0.03684	0.23204	0.01051	0.08607	0.03286	0.03038	0.07291	0.01460	0.01206	0.00631	0.00534	0.00156	0.03647	0.00454	0.08953	0.00691
3	0.01055	0.00935	0.01593	0.60184	0.03206	0.01115	0.06451	0.01365	0.01089	0.01449	0.01057	0.01544	0.00821	0.00684	0.00699	0.08081	0.00689	0.00504	0.06898	0.00581
4	0.01294	0.01496	0.06941	0.02348	0.16506	0.03088	0.49134	0.01747	0.03210	0.01768	0.01239	0.04445	0.01022	0.00558	0.00626	0.00184	0.00832	0.02506	0.00298	0.00759
5	0.00795	0.00532	0.00607	0.00618	0.00620	0.00530	0.00350	0.00803	0.00826	0.01102	0.01852	0.09910	0.02149	0.74066	0.02645	0.00511	0.00519	0.00869	0.00350	0.00345
6	0.00750	0.00516	0.00630	0.00680	0.00703	0.00500	0.00423	0.00809	0.00967	0.01299	0.07856	0.35213	0.02932	0.42162	0.01788	0.00381	0.00428	0.01137	0.00430	0.00397
7	0.00706	0.00507	0.00674	0.00785	0.00839	0.00476	0.00551	0.00834	0.01131	0.01509	0.09282	0.64028	0.05842	0.01654	0.00707	0.00223	0.00335	0.08934	0.00522	0.00463
8	0.00675	0.00482	0.00643	0.00771	0.00803	0.00450	0.00514	0.00771	0.01060	0.01414	0.03053	0.80175	0.03663	0.01735	0.00707	0.00225	0.00321	0.01574	0.00514	0.00450
9	0.01352	0.01163	0.01230	0.01109	0.01414	0.01341	0.00861	0.02862	0.72893	0.02313	0.05443	0.02155	0.01842	0.00768	0.00567	0.00187	0.00431	0.00642	0.00566	0.00861
10	0.06001	0.54860	0.02410	0.01019	0.01460	0.10123	0.00941	0.08230	0.01330	0.07815	0.00944	0.01021	0.00780	0.00520	0.00404	0.00132	0.00619	0.00342	0.00312	0.00737
11	0.01337	0.01183	0.01548	0.11529	0.01724	0.07055	0.03757	0.01531	0.01054	0.07709	0.01048	0.01409	0.00876	0.00801	0.01219	0.00205	0.43536	0.00492	0.11356	0.00631
12	0.07007	0.10741	0.61773	0.01449	0.02169	0.01392	0.01801	0.01720	0.01137	0.01743	0.00945	0.01123	0.00696	0.00536	0.00543	0.00172	0.03635	0.00393	0.00242	0.00784
13	0.00681	0.00553	0.00606	0.00625	0.00780	0.00477	0.00464	0.00833	0.01267	0.01571	0.13126	0.16563	0.54933	0.01427	0.00667	0.00194	0.00293	0.03941	0.00525	0.00473
14	0.01301	0.01569	0.09113	0.02120	0.02620	0.01441	0.56720	0.03821	0.01270	0.01761	0.01062	0.01423	0.00816	0.00547	0.00801	0.00193	0.11798	0.00606	0.00279	0.00739
15	0.01020	0.00520	0.00536	0.00536	0.00664	0.00526	0.00403	0.01274	0.01147	0.02023	0.01789	0.02071	0.01418	0.00833	0.04551	0.00170	0.00324	0.00520	0.79161	0.00515
16	0.00872	0.00513	0.00654	0.00654	0.00654	0.00513	0.00397	0.00770	0.00770	0.01026	0.01413	0.02800	0.01567	0.47165	0.02541	0.35919	0.00513	0.00668	0.00295	0.00295
17	0.04898	0.01878	0.03417	0.04832	0.03893	0.32334	0.01062	0.24063	0.07255	0.06913	0.01222	0.01294	0.00916	0.00615	0.00520	0.00159	0.00741	0.00445	0.02771	0.00773
18	0.00710	0.00558	0.00641	0.00631	0.00785	0.00490	0.00469	0.00898	0.01378	0.01795	0.35318	0.09579	0.42153	0.01310	0.00657	0.00184	0.00275	0.01124	0.00554	0.00490
19	0.04272	0.05078	0.28606	0.01490	0.09570	0.03790	0.02534	0.14969	0.04689	0.03212	0.02789	0.01979	0.06243	0.00706	0.00550	0.00176	0.00649	0.06072	0.01851	0.00775

[dist]
# distance from previous block
# <min> <max>
1	5

[block]
# block no. 11 follows, 43 sequences, length 14
# corresponding to MSA columns:
# 511-524
name=unknown_L
#
# <colnr> <probs for GDERKNQSTAVLIFYWHMCP>
#	G	D	E	R	K	N	Q	S	T	A	V	L	I	F	Y	W	H	M	C	P
0	0.14258	0.39836	0.10089	0.01055	0.01483	0.07361	0.01014	0.08409	0.01242	0.01728	0.00894	0.01108	0.00774	0.04168	0.00584	0.00164	0.04481	0.00364	0.00290	0.00699
1	0.09155	0.00693	0.00821	0.03301	0.01017	0.00671	0.02225	0.02540	0.01141	0.01635	0.08428	0.16014	0.21375	0.13365	0.05757	0.00279	0.00468	0.02651	0.00434	0.08032
2	0.01566	0.06248	0.09841	0.01710	0.15361	0.27281	0.03574	0.03365	0.14474	0.01736	0.03657	0.01402	0.01073	0.00606	0.00574	0.00162	0.03752	0.00468	0.00339	0.02813
3	0.00784	0.00562	0.00716	0.00690	0.00821	0.00518	0.00519	0.01029	0.01493	0.02104	0.62090	0.07353	0.10679	0.01168	0.00646	0.00178	0.00273	0.03243	0.04621	0.00514
4	0.01684	0.01315	0.01576	0.01564	0.15135	0.01425	0.01071	0.42464	0.11190	0.02782	0.04875	0.09365	0.01480	0.00771	0.00574	0.00175	0.00553	0.00642	0.00503	0.00855
5	0.01305	0.01483	0.11229	0.07904	0.55704	0.02988	0.01656	0.01655	0.01227	0.01735	0.01146	0.01453	0.03050	0.00553	0.00610	0.00171	0.04537	0.00499	0.00273	0.00823
6	0.00902	0.00581	0.00766	0.04319	0.01008	0.00543	0.00593	0.01046	0.01209	0.09100	0.12351	0.41240	0.15302	0.01445	0.00720	0.02932	0.00355	0.04553	0.00522	0.00514
7	0.14940	0.00580	0.00737	0.00723	0.00780	0.00608	0.00501	0.00873	0.00759	0.01217	0.00930	0.01552	0.00901	0.01688	0.01859	0.69870	0.00472	0.00451	0.00258	0.00301
8	0.01792	0.01298	0.01560	0.10636	0.01875	0.01434	0.04027	0.40377	0.11925	0.09778	0.01502	0.01552	0.01081	0.00662	0.00574	0.00172	0.02208	0.00527	0.06169	0.00850
9	0.01217	0.01250	0.01904	0.01545	0.01685	0.04847	0.17460	0.01406	0.00979	0.01404	0.00945	0.01536	0.00901	0.08868	0.04031	0.00276	0.48322	0.00552	0.00264	0.00608
10	0.04302	0.02776	0.67231	0.01532	0.02280	0.08958	0.01895	0.01795	0.01201	0.01741	0.00972	0.01142	0.00699	0.00530	0.00517	0.00172	0.00822	0.00400	0.00243	0.00793
11	0.00655	0.00561	0.00561	0.00561	0.00748	0.00468	0.00421	0.00795	0.01262	0.01496	0.05610	0.05330	0.76857	0.01403	0.00655	0.00187	0.00281	0.01169	0.00514	0.00468
12	0.00747	0.00557	0.00694	0.00677	0.00809	0.00504	0.00501	0.00967	0.01456	0.01994	0.55080	0.11953	0.19524	0.01247	0.00659	0.00182	0.00271	0.01092	0.00581	0.00504
13	0.73299	0.01111	0.00913	0.00790	0.01146	0.01270	0.00651	0.08613	0.01126	0.05676	0.00882	0.00981	0.00664	0.00535	0.00372	0.00171	0.00447	0.00329	0.00377	0.00646

[dist]
# distance from previous block
# <min> <max>
0	3

[block]
# block no. 12 follows, 43 sequences, length 22
# corresponding to MSA columns:
# 528-549
name=unknown_M
#
# <colnr> <probs for GDERKNQSTAVLIFYWHMCP>
#	G	D	E	R	K	N	Q	S	T	A	V	L	I	F	Y	W	H	M	C	P
0	0.01479	0.58287	0.14076	0.01110	0.01602	0.10162	0.01135	0.01722	0.01171	0.01378	0.00812	0.00953	0.00710	0.00507	0.00441	0.00133	0.03038	0.00325	0.00242	0.00717
1	0.00970	0.00700	0.00879	0.00888	0.02487	0.00664	0.00632	0.09382	0.01330	0.03947	0.11509	0.48156	0.03111	0.01341	0.00645	0.00195	0.00371	0.02838	0.00510	0.09445
2	0.68056	0.09596	0.01076	0.00776	0.01132	0.01347	0.00656	0.05889	0.01066	0.02403	0.00838	0.00962	0.00659	0.00523	0.00358	0.00164	0.00451	0.00318	0.03102	0.00629
