[name]
unknown

[dist]
# distance from previous block
# <min> <max>
26	167

[block]
# block no. 0 follows, 43 sequences, length 50
# corresponding to MSA columns:
# 190-239
name=unknown_A
#
# <colnr> <probs for GDERKNQSTAVLIFYWHMCP>
#	G	D	E	R	K	N	Q	S	T	A	V	L	I	F	Y	W	H	M	C	P
0	0.04703	0.02689	0.01640	0.13194	0.01896	0.01110	0.18467	0.10267	0.03190	0.01897	0.03614	0.01916	0.01242	0.12193	0.02167	0.00233	0.02590	0.00583	0.13009	0.03400
1	0.17882	0.01100	0.01215	0.06302	0.01458	0.05122	0.03881	0.09413	0.14166	0.02044	0.06422	0.04338	0.04450	0.02392	0.00779	0.06846	0.05352	0.02433	0.00410	0.03995
2	0.03209	0.02738	0.05752	0.01324	0.04816	0.12750	0.05305	0.03987	0.10847	0.17702	0.01591	0.09312	0.01329	0.00783	0.00728	0.00181	0.11317	0.01691	0.00431	0.04207
3	0.01206	0.00829	0.00999	0.00875	0.01105	0.00819	0.00665	0.13732	0.01331	0.07362	0.01815	0.19991	0.01782	0.09162	0.11781	0.00302	0.02229	0.00765	0.07187	0.16063
4	0.00847	0.00607	0.00709	0.00709	0.00751	0.00629	0.00452	0.02609	0.04804	0.01283	0.02097	0.16997	0.04972	0.52953	0.04500	0.00444	0.02912	0.00923	0.00386	0.00415
5	0.01933	0.01429	0.01568	0.03569	0.01709	0.01540	0.01003	0.58181	0.06152	0.05450	0.01352	0.01368	0.00973	0.00636	0.00537	0.00158	0.00576	0.00486	0.00522	0.10857
6	0.01471	0.01220	0.01300	0.01145	0.01470	0.01395	0.00906	0.14611	0.60259	0.02474	0.02139	0.02163	0.01646	0.00778	0.00572	0.00188	0.00470	0.04366	0.00559	0.00868
7	0.00957	0.00733	0.00906	0.06968	0.01236	0.00737	0.00727	0.05058	0.08385	0.03486	0.10684	0.12626	0.21888	0.03251	0.00711	0.00210	0.00418	0.17815	0.00503	0.02698
8	0.11110	0.02674	0.01239	0.00969	0.01321	0.01031	0.00784	0.10328	0.07671	0.38945	0.05030	0.01897	0.01429	0.06937	0.00750	0.00200	0.03242	0.00552	0.00556	0.03335
9	0.43605	0.01603	0.24492	0.03073	0.01611	0.01210	0.04406	0.03042	0.01064	0.03309	0.00970	0.01261	0.00775	0.06786	0.00620	0.00202	0.00591	0.00402	0.00313	0.00665
10	0.01497	0.01217	0.01371	0.06828	0.03219	0.01339	0.00947	0.16851	0.43423	0.04331	0.01796	0.01746	0.01341	0.00671	0.00541	0.00169	0.00496	0.00550	0.00507	0.11162
11	0.00679	0.00562	0.00595	0.00587	0.00763	0.00478	0.00440	0.00843	0.01321	0.01635	0.19245	0.05101	0.63136	0.01351	0.00654	0.00185	0.00277	0.01137	0.00533	0.00478
12	0.00675	0.00482	0.00643	0.00771	0.00803	0.00450	0.00514	0.00771	0.01060	0.01414	0.03053	0.80175	0.03663	0.01735	0.00707	0.00225	0.00321	0.01574	0.00514	0.00450
13	0.00776	0.00560	0.00733	0.00702	0.00826	0.00517	0.00522	0.01025	0.01531	0.02162	0.71433	0.09660	0.05112	0.01176	0.00657	0.00178	0.00266	0.01043	0.00603	0.00517
14	0.01306	0.01450	0.02998	0.02177	0.02678	0.01420	0.64007	0.01834	0.07128	0.01785	0.01181	0.01519	0.00899	0.00525	0.00729	0.00191	0.06487	0.00639	0.00300	0.00747
15	0.02485	0.00943	0.01285	0.00985	0.01414	0.00814	0.00814	0.02699	0.01585	0.77465	0.02185	0.01885	0.01371	0.00685	0.00557	0.00171	0.00471	0.00557	0.00685	0.00943
16	0.01137	0.01115	0.01943	0.53063	0.05304	0.01298	0.15055	0.01605	0.07004	0.01558	0.01098	0.01510	0.00835	0.00572	0.00635	0.00188	0.04603	0.00532	0.00278	0.00667
17	0.01527	0.74673	0.02797	0.00986	0.01444	0.08221	0.00957	0.01702	0.01161	0.01307	0.00777	0.00897	0.00711	0.00481	0.00367	0.00120	0.00624	0.00301	0.00241	0.00705
18	0.01191	0.00961	0.01120	0.00849	0.01280	0.00780	0.00671	0.04283	0.05089	0.04502	0.01390	0.08381	0.02793	0.00587	0.00461	0.00109	0.00411	0.00488	0.00382	0.64274
19	0.18539	0.01214	0.01344	0.01051	0.01469	0.01264	0.00868	0.31792	0.01870	0.32752	0.01560	0.01466	0.01045	0.00643	0.00513	0.00169	0.00519	0.00483	0.00565	0.00874
20	0.01271	0.01247	0.02235	0.14486	0.49389	0.01267	0.13728	0.01616	0.01234	0.01721	0.01162	0.05957	0.01011	0.00570	0.00576	0.00175	0.00696	0.00582	0.00285	0.00792
21	0.00703	0.00511	0.00667	0.00766	0.00830	0.00475	0.00539	0.00834	0.01151	0.01529	0.11235	0.59214	0.10190	0.01624	0.00701	0.00219	0.00327	0.07497	0.00524	0.00464
22	0.02035	0.01371	0.01402	0.01134	0.01510	0.10705	0.00911	0.32033	0.06588	0.25671	0.01815	0.05713	0.03460	0.00742	0.00556	0.00169	0.00573	0.00583	0.02177	0.00854
23	0.03229	0.01343	0.24602	0.01086	0.01449	0.00834	0.01095	0.03080	0.01253	0.10594	0.05932	0.25052	0.04479	0.01111	0.00626	0.00202	0.00528	0.12408	0.00448	0.00650
24	0.03295	0.13797	0.62058	0.01462	0.02198	0.04599	0.01815	0.01756	0.01174	0.01692	0.00951	0.01116	0.00701	0.00520	0.00496	0.00166	0.00784	0.00388	0.00239	0.00791
25	0.00678	0.00530	0.00612	0.00670	0.00784	0.00469	0.00477	0.00804	0.01175	0.01475	0.06138	0.36760	0.39954	0.03393	0.00731	0.00213	0.00311	0.03852	0.00512	0.00460
26	0.03231	0.02030	0.40678	0.01607	0.02220	0.01199	0.21714	0.03878	0.01257	0.01804	0.03443	0.06109	0.06988	0.00666	0.00581	0.00182	0.00749	0.00616	0.00306	0.00741
27	0.01666	0.04405	0.01432	0.01288	0.03424	0.47112	0.00963	0.03008	0.08707	0.01502	0.01630	0.01742	0.10331	0.00951	0.05914	0.00208	0.04223	0.00509	0.00342	0.00644
28	0.02313	0.04216	0.01325	0.00972	0.01382	0.00877	0.00806	0.04660	0.01595	0.66910	0.07323	0.01986	0.01601	0.00707	0.00555	0.00169	0.00466	0.00576	0.00658	0.00904
29	0.00687	0.00558	0.00609	0.00613	0.00777	0.00481	0.00458	0.00850	0.01308	0.01635	0.19271	0.10507	0.55932	0.01377	0.00661	0.00189	0.00285	0.02793	0.00533	0.00478
30	0.01467	0.53892	0.09276	0.01175	0.04174	0.10380	0.01094	0.01686	0.01174	0.01396	0.03027	0.01063	0.00849	0.00548	0.00516	0.00139	0.06828	0.00355	0.00255	0.00705
31	0.10945	0.08685	0.52203	0.01469	0.02153	0.01356	0.08246	0.03677	0.01187	0.01844	0.01018	0.02987	0.00778	0.00547	0.00507	0.00172	0.00748	0.00439	0.00266	0.00773
32	0.11861	0.05331	0.04975	0.11176	0.05662	0.14277	0.12914	0.01633	0.01148	0.01626	0.00968	0.03214	0.00828	0.00657	0.00811	0.00184	0.18788	0.00484	0.02807	0.00655
33	0.01129	0.07295	0.01891	0.57960	0.12502	0.01310	0.05175	0.01480	0.01142	0.01479	0.01031	0.01539	0.00820	0.00560	0.00548	0.00179	0.00721	0.02325	0.00257	0.00659
34	0.00781	0.00538	0.00673	0.00716	0.00749	0.00549	0.00471	0.00862	0.00939	0.01307	0.02193	0.32543	0.02496	0.33879	0.10418	0.00421	0.02556	0.01046	0.06446	0.00417
35	0.04434	0.42699	0.06819	0.01181	0.01629	0.13254	0.06809	0.07649	0.05200	0.01648	0.01095	0.01203	0.03143	0.00551	0.00446	0.00142	0.00671	0.00400	0.00302	0.00725
36	0.01510	0.53615	0.11680	0.01060	0.01532	0.07587	0.01063	0.01747	0.01184	0.07323	0.00964	0.01099	0.00808	0.00760	0.05824	0.00185	0.00703	0.00356	0.00279	0.00722
37	0.02304	0.01002	0.01296	0.01014	0.01424	0.00929	0.00831	0.07730	0.09446	0.62768	0.03814	0.01916	0.01461	0.00701	0.00560	0.00173	0.00473	0.00570	0.00662	0.00926
38	0.01042	0.00566	0.00786	0.00761	0.00801	0.00577	0.00525	0.06572	0.00895	0.01209	0.01100	0.04913	0.01085	0.01783	0.01930	0.71596	0.00478	0.00529	0.02542	0.00312
39	0.01414	0.04149	0.05881	0.16827	0.42577	0.05949	0.01498	0.03703	0.01279	0.06450	0.01101	0.01425	0.00885	0.02244	0.00617	0.01748	0.00681	0.00484	0.00300	0.00788
40	0.01064	0.00678	0.03960	0.00838	0.00984	0.00563	0.00631	0.01209	0.01181	0.16624	0.05772	0.55209	0.03084	0.04490	0.00749	0.00222	0.00378	0.01270	0.00534	0.00562
41	0.00868	0.00701	0.00916	0.00902	0.00977	0.03449	0.00679	0.01017	0.00915	0.01271	0.01579	0.07805	0.01607	0.16805	0.49067	0.00689	0.07870	0.02085	0.00318	0.00479
42	0.01153	0.11605	0.60148	0.01524	0.02253	0.01365	0.07294	0.01713	0.01192	0.01724	0.04330	0.01293	0.00913	0.00543	0.00522	0.00170	0.00777	0.00441	0.00254	0.00788
43	0.01235	0.01294	0.02564	0.13393	0.21971	0.01278	0.39682	0.01623	0.01247	0.01703	0.01238	0.07840	0.01064	0.00589	0.00617	0.00184	0.00785	0.00664	0.00293	0.00738
44	0.01123	0.01084	0.01526	0.01337	0.01354	0.01486	0.01101	0.01255	0.00864	0.01329	0.00942	0.04630	0.00952	0.01503	0.13836	0.00344	0.63943	0.00547	0.00262	0.00582
45	0.01029	0.00713	0.00973	0.01098	0.07117	0.00687	0.00828	0.03127	0.01351	0.07672	0.10551	0.08133	0.14567	0.01308	0.00695	0.00219	0.00452	0.38387	0.00517	0.00576
46	0.02902	0.01456	0.05369	0.05893	0.02318	0.04581	0.37251	0.01609	0.01129	0.01592	0.00948	0.01347	0.00779	0.00661	0.01053	0.00204	0.29404	0.00556	0.00264	0.00685
47	0.00854	0.00623	0.00839	0.00940	0.01076	0.00608	0.00808	0.01093	0.01288	0.01664	0.07122	0.06011	0.13497	0.01492	0.00744	0.00241	0.00465	0.59614	0.00516	0.00505
48	0.07823	0.22082	0.47623	0.01313	0.01981	0.01476	0.01572	0.01786	0.01170	0.06997	0.01004	0.01128	0.00743	0.00523	0.00471	0.00161	0.00707	0.00383	0.00275	0.00783
49	0.78000	0.01194	0.00873	0.00783	0.01121	0.07275	0.00637	0.01674	0.00992	0.02396	0.00778	0.00907	0.00609	0.00519	0.00355	0.00169	0.00473	0.00304	0.00338	0.00603

[dist]
# distance from previous block
# <min> <max>
0	1

[block]
# block no. 1 follows, 43 sequences, length 31
# corresponding to MSA columns:
# 241-271
name=unknown_B
#
# <colnr> <probs for GDERKNQSTAVLIFYWHMCP>
#	G	D	E	R	K	N	Q	S	T	A	V	L	I	F	Y	W	H	M	C	P
0	0.00786	0.00538	0.00636	0.00654	0.00677	0.00529	0.00395	0.00823	0.00883	0.01189	0.03592	0.18811	0.02364	0.58700	0.04960	0.00470	0.00519	0.00945	0.00376	0.02154
1	0.01184	0.00993	0.01188	0.00877	0.01318	0.00814	0.00704	0.01416	0.01135	0.03966	0.01037	0.02651	0.00882	0.00489	0.00536	0.00101	0.06957	0.00371	0.00335	0.73047
2	0.01081	0.01017	0.01677	0.70373	0.03590	0.01248	0.03752	0.01553	0.07318	0.01501	0.01094	0.01526	0.00820	0.00567	0.00558	0.00185	0.00719	0.00508	0.00273	0.00641
3	0.01432	0.01335	0.02200	0.03224	0.70845	0.01349	0.01646	0.07785	0.01372	0.01948	0.01066	0.01367	0.00883	0.00508	0.00549	0.00165	0.00654	0.00494	0.00297	0.00883
4	0.01976	0.01477	0.01601	0.01253	0.01657	0.01648	0.01028	0.65698	0.06327	0.03265	0.01424	0.04517	0.01082	0.00724	0.00608	0.00173	0.03547	0.00548	0.00541	0.00906
5	0.00795	0.00604	0.00738	0.00706	0.00854	0.00568	0.00528	0.01116	0.06639	0.02051	0.54648	0.08516	0.17781	0.01189	0.00650	0.00180	0.00280	0.01038	0.00584	0.00533
6	0.00751	0.00543	0.00705	0.00722	0.00822	0.00504	0.00524	0.00948	0.01366	0.01887	0.46173	0.26715	0.07893	0.04075	0.00748	0.00205	0.00299	0.04065	0.00564	0.00492
7	0.01952	0.02160	0.01544	0.01350	0.01666	0.48898	0.01041	0.17574	0.13023	0.01947	0.01163	0.01234	0.00909	0.00627	0.00551	0.00157	0.02652	0.00430	0.00383	0.00739
8	0.01448	0.01468	0.02125	0.05275	0.63964	0.10892	0.01599	0.01782	0.02921	0.01753	0.01043	0.01343	0.00871	0.00510	0.00543	0.00163	0.00698	0.00479	0.00281	0.00840
9	0.00685	0.00495	0.00648	0.00751	0.00803	0.00458	0.00510	0.00801	0.01125	0.01503	0.10906	0.67985	0.07973	0.01653	0.00698	0.00217	0.00313	0.01492	0.00524	0.00458
10	0.00834	0.00557	0.00684	0.00712	0.00840	0.00496	0.00511	0.00978	0.01241	0.07850	0.14480	0.39260	0.26586	0.01457	0.00670	0.00201	0.00312	0.01280	0.00542	0.00507
11	0.01490	0.01068	0.04005	0.01012	0.01338	0.01065	0.00825	0.02434	0.40911	0.19497	0.11512	0.02512	0.08229	0.00828	0.00579	0.00182	0.00426	0.00693	0.00581	0.00813
12	0.33685	0.01150	0.01154	0.00942	0.01313	0.01249	0.00772	0.23637	0.05097	0.17336	0.01363	0.01365	0.00967	0.00613	0.00461	0.00167	0.00477	0.00441	0.07038	0.00774
13	0.00866	0.00610	0.00733	0.00738	0.00801	0.00623	0.00489	0.06828	0.01048	0.01405	0.02179	0.25497	0.04641	0.39954	0.10722	0.00447	0.00582	0.00990	0.00406	0.00440
14	0.02147	0.00941	0.01228	0.00970	0.01349	0.00862	0.00790	0.07441	0.05553	0.57241	0.13250	0.02192	0.01933	0.00754	0.00571	0.00172	0.00448	0.00623	0.00659	0.00876
15	0.02822	0.06277	0.65382	0.01532	0.02286	0.01302	0.05320	0.01756	0.01189	0.03745	0.02791	0.01254	0.00830	0.00539	0.00524	0.00173	0.00783	0.00431	0.00259	0.00802
16	0.01913	0.01456	0.01554	0.01235	0.01644	0.01628	0.01006	0.56102	0.22051	0.03180	0.01574	0.01525	0.01140	0.00688	0.00557	0.00172	0.00564	0.00532	0.00557	0.00925
17	0.02964	0.00705	0.00804	0.02629	0.00981	0.03055	0.00594	0.07833	0.01203	0.01724	0.02197	0.37323	0.02353	0.06427	0.09150	0.00285	0.00510	0.01005	0.16081	0.02178
18	0.01450	0.71832	0.06031	0.01052	0.01532	0.02104	0.04474	0.01659	0.01129	0.01345	0.00795	0.00937	0.00717	0.00488	0.00414	0.00127	0.02638	0.00322	0.00239	0.00714
19	0.01286	0.00861	0.01055	0.05385	0.01304	0.00846	0.00740	0.12231	0.06579	0.12825	0.17133	0.15363	0.09144	0.01003	0.00601	0.00177	0.00417	0.03343	0.00532	0.09175
20	0.07573	0.01228	0.02746	0.02817	0.08102	0.06066	0.21162	0.01472	0.01104	0.01611	0.01206	0.07982	0.01122	0.03148	0.09406	0.00277	0.17466	0.00614	0.01689	0.03208
21	0.00956	0.00591	0.00934	0.11594	0.01239	0.00624	0.03166	0.00883	0.00841	0.01130	0.01186	0.08085	0.01178	0.01744	0.05299	0.56796	0.00560	0.00584	0.02267	0.00345
22	0.00676	0.00491	0.00638	0.00752	0.00799	0.00453	0.00506	0.00780	0.01090	0.01440	0.05036	0.72039	0.09874	0.01693	0.00701	0.00221	0.00316	0.01527	0.00516	0.00453
23	0.05217	0.06576	0.37222	0.02782	0.03603	0.16351	0.10628	0.01793	0.01225	0.01650	0.00939	0.01161	0.00723	0.00561	0.00627	0.00173	0.07346	0.00427	0.00256	0.00740
24	0.04293	0.01332	0.02219	0.11549	0.53120	0.03297	0.10385	0.03909	0.01287	0.01824	0.01039	0.01370	0.00845	0.00505	0.00553	0.00169	0.00699	0.00502	0.00283	0.00818
25	0.06355	0.01026	0.01290	0.00999	0.01414	0.00963	0.00824	0.13854	0.01695	0.59315	0.01968	0.01758	0.01269	0.00672	0.00539	0.00169	0.00482	0.00534	0.03965	0.00909
26	0.00842	0.00641	0.00933	0.00913	0.01013	0.00754	0.00710	0.02898	0.00929	0.01337	0.01458	0.02166	0.01369	0.06626	0.70578	0.00833	0.04600	0.00594	0.00302	0.00505
27	0.35050	0.04901	0.07529	0.01168	0.03686	0.14013	0.03556	0.10886	0.02820	0.04522	0.00988	0.01121	0.00761	0.00574	0.00508	0.00167	0.04311	0.00389	0.02349	0.00699
28	0.00733	0.00529	0.00702	0.00793	0.00868	0.00498	0.00580	0.00890	0.01201	0.01609	0.16561	0.49507	0.07196	0.01573	0.00705	0.00219	0.00343	0.14486	0.00531	0.00475
29	0.00811	0.00595	0.00767	0.00736	0.00874	0.00562	0.00563	0.01117	0.04327	0.02156	0.65733	0.04270	0.07088	0.01159	0.00659	0.00182	0.00289	0.06980	0.00597	0.00533
30	0.01216	0.09912	0.51646	0.01529	0.05114	0.04629	0.04228	0.05247	0.01251	0.01753	0.01160	0.07700	0.00971	0.00627	0.00530	0.00172	0.00751	0.00509	0.00278	0.00776

[dist]
# distance from previous block
# <min> <max>
0	7

[block]
# block no. 2 follows, 43 sequences, length 218
# corresponding to MSA columns:
# 279-496
name=unknown_C
#
# <colnr> <probs for GDERKNQSTAVLIFYWHMCP>
#	G	D	E	R	K	N	Q	S	T	A	V	L	I	F	Y	W	H	M	C	P
0	0.01310	0.06168	0.02496	0.01834	0.03700	0.01496	0.37195	0.05187	0.01203	0.01690	0.00988	0.01353	0.00813	0.00695	0.02434	0.00205	0.24495	0.00549	0.00283	0.05907
1	0.01597	0.16740	0.19425	0.01405	0.05272	0.28973	0.01266	0.06402	0.07072	0.01662	0.01111	0.01240	0.02079	0.00672	0.02655	0.00173	0.00802	0.00413	0.00305	0.00735
2	0.00761	0.00547	0.00704	0.00802	0.00859	0.00527	0.00547	0.05282	0.01154	0.01540	0.02948	0.75399	0.03498	0.01670	0.00698	0.00221	0.00339	0.01509	0.00517	0.00480
3	0.00694	0.00492	0.00646	0.00762	0.00793	0.00464	0.00507	0.00785	0.01041	0.01387	0.02920	0.70491	0.03486	0.09516	0.00917	0.00257	0.00348	0.03556	0.00496	0.00440
4	0.04150	0.15538	0.57298	0.01460	0.02163	0.01454	0.03823	0.01716	0.01144	0.01688	0.00941	0.01124	0.00704	0.00534	0.00550	0.00169	0.04122	0.00397	0.00240	0.00782
5	0.01340	0.01300	0.02145	0.14454	0.64500	0.03194	0.01661	0.01671	0.01246	0.01740	0.01029	0.01377	0.00853	0.00504	0.00548	0.00167	0.00678	0.00490	0.00270	0.00833
6	0.01350	0.14524	0.46703	0.01416	0.02048	0.14205	0.01611	0.01924	0.08079	0.01671	0.01052	0.01180	0.00795	0.00546	0.00499	0.00162	0.00779	0.00403	0.00273	0.00778
7	0.01327	0.01057	0.01190	0.00958	0.01349	0.01012	0.00761	0.09483	0.23970	0.05143	0.04586	0.03440	0.03426	0.00658	0.00508	0.00140	0.00433	0.02255	0.00461	0.37844
8	0.00688	0.00491	0.00658	0.00786	0.00824	0.00461	0.00537	0.00794	0.01073	0.01429	0.03045	0.75697	0.03634	0.01723	0.00710	0.00227	0.00333	0.05923	0.00514	0.00453
9	0.00681	0.00549	0.00608	0.00637	0.00785	0.00477	0.00471	0.00827	0.01246	0.01544	0.10560	0.20533	0.52648	0.01455	0.00671	0.00197	0.00299	0.04819	0.00522	0.00470
10	0.00802	0.00595	0.00853	0.00849	0.00928	0.00683	0.00637	0.00962	0.00874	0.01248	0.01517	0.02420	0.01486	0.17889	0.63289	0.00814	0.02754	0.00630	0.00303	0.00468
11	0.00677	0.00485	0.00644	0.00766	0.00803	0.00452	0.00513	0.00778	0.01076	0.01434	0.04849	0.77085	0.04954	0.01715	0.00705	0.00223	0.00319	0.01554	0.00516	0.00452
12	0.02143	0.01490	0.01624	0.01245	0.01687	0.01627	0.01029	0.67980	0.02502	0.10889	0.01415	0.01385	0.00985	0.00667	0.00554	0.00167	0.00596	0.00504	0.00567	0.00942
13	0.00733	0.00521	0.00667	0.00729	0.00770	0.00517	0.00484	0.00819	0.00964	0.01292	0.02517	0.40226	0.06332	0.26352	0.14069	0.00428	0.00576	0.01158	0.00424	0.00423
14	0.21571	0.01002	0.01009	0.00869	0.01177	0.04965	0.00696	0.07546	0.05491	0.21633	0.08099	0.04086	0.13439	0.00833	0.00529	0.00175	0.00442	0.02658	0.03083	0.00697
15	0.00712	0.00515	0.00666	0.00777	0.00819	0.00494	0.00519	0.00866	0.04240	0.01433	0.02943	0.72433	0.03484	0.06238	0.00823	0.00241	0.00339	0.01490	0.00506	0.00461
16	0.02433	0.01026	0.01337	0.01025	0.01456	0.00938	0.00847	0.12688	0.01725	0.67278	0.02067	0.01809	0.01312	0.00683	0.00557	0.00171	0.00490	0.00549	0.00667	0.00942
17	0.01240	0.01178	0.02001	0.36446	0.42423	0.01287	0.02976	0.02837	0.01218	0.01665	0.01023	0.01419	0.00817	0.00522	0.00553	0.00174	0.00697	0.00496	0.00267	0.00762
18	0.03414	0.00864	0.00925	0.00790	0.01041	0.02316	0.00625	0.17862	0.01554	0.14119	0.03292	0.04221	0.01420	0.00694	0.00467	0.00149	0.00389	0.00552	0.44626	0.00679
19	0.48939	0.02698	0.08692	0.07759	0.01589	0.03620	0.03941	0.05531	0.01157	0.07971	0.00992	0.01131	0.00735	0.00542	0.00425	0.00170	0.00543	0.00379	0.02510	0.00674
20	0.00837	0.00639	0.00922	0.00943	0.01050	0.00619	0.05809	0.05193	0.01194	0.01588	0.02774	0.57538	0.03205	0.03124	0.00745	0.00230	0.00413	0.12175	0.00496	0.00506
21	0.01331	0.01021	0.01207	0.00880	0.01350	0.00830	0.00710	0.05906	0.01267	0.08914	0.01109	0.01229	0.00876	0.00467	0.00472	0.00100	0.02643	0.00364	0.00372	0.68951
22	0.00924	0.02531	0.00845	0.00759	0.00929	0.09953	0.00574	0.01141	0.01488	0.01928	0.49461	0.03965	0.21210	0.01113	0.00629	0.00172	0.00362	0.00947	0.00540	0.00528
23	0.01026	0.00980	0.05742	0.00953	0.01297	0.00774	0.03896	0.02756	0.02864	0.01700	0.01667	0.25569	0.01721	0.00935	0.02164	0.00162	0.02898	0.00752	0.00384	0.41759
24	0.02466	0.00973	0.01304	0.01000	0.01429	0.00860	0.00826	0.06384	0.01637	0.73707	0.02141	0.01857	0.01349	0.00684	0.00557	0.00171	0.00478	0.00554	0.00679	0.00942
25	0.06919	0.01338	0.01434	0.01124	0.01522	0.01448	0.00922	0.54972	0.02251	0.08500	0.04804	0.01865	0.08898	0.00751	0.00556	0.00169	0.00541	0.00579	0.00549	0.00856
26	0.01580	0.01633	0.01338	0.01210	0.01509	0.25815	0.00928	0.02656	0.50245	0.02008	0.03954	0.01786	0.01482	0.00705	0.00546	0.00173	0.00611	0.00551	0.00476	0.00792
27	0.00783	0.00569	0.00671	0.00658	0.00813	0.00501	0.00488	0.00969	0.01371	0.04895	0.33145	0.13902	0.36605	0.01308	0.00656	0.00186	0.00286	0.01128	0.00559	0.00507
28	0.00710	0.00513	0.00675	0.00758	0.00825	0.00477	0.00532	0.00855	0.01196	0.01615	0.19999	0.55598	0.07177	0.01572	0.00695	0.00213	0.00316	0.05266	0.00536	0.00470
29	0.01046	0.00984	0.01661	0.79205	0.03814	0.01230	0.01538	0.01415	0.01107	0.01415	0.00984	0.01477	0.00738	0.00554	0.00554	0.00185	0.00738	0.00492	0.00246	0.00615
30	0.01355	0.01325	0.02194	0.11489	0.64772	0.03627	0.03774	0.01687	0.01255	0.01752	0.01032	0.01374	0.00856	0.00502	0.00550	0.00167	0.00685	0.00494	0.00272	0.00838
31	0.00712	0.00508	0.00685	0.00813	0.00862	0.00482	0.00578	0.00835	0.01097	0.01455	0.03032	0.67597	0.03582	0.01700	0.00717	0.00230	0.00353	0.13787	0.00513	0.00460
32	0.00740	0.00560	0.00683	0.00663	0.00803	0.00502	0.00493	0.00957	0.01450	0.01965	0.52009	0.09084	0.25573	0.01246	0.00657	0.00181	0.00270	0.01084	0.00577	0.00502
33	0.01277	0.10846	0.40119	0.01985	0.19453	0.01400	0.09395	0.01752	0.01205	0.04041	0.01024	0.01242	0.00779	0.00523	0.00559	0.00169	0.02712	0.00448	0.00262	0.00811
34	0.01163	0.00830	0.01023	0.01027	0.01238	0.00875	0.00855	0.01823	0.24706	0.08013	0.05862	0.04478	0.04233	0.01199	0.00678	0.00222	0.00469	0.40102	0.00545	0.00659
35	0.01139	0.07548	0.70842	0.01564	0.02353	0.01345	0.04233	0.01749	0.01171	0.01727	0.00984	0.01162	0.00706	0.00521	0.00520	0.00172	0.00808	0.00410	0.00235	0.00810
36	0.03313	0.01637	0.22440	0.03162	0.06760	0.01268	0.16641	0.01817	0.03155	0.14248	0.03131	0.03333	0.01063	0.00667	0.00793	0.00190	0.14717	0.00550	0.00349	0.00767
37	0.00793	0.00571	0.00784	0.00788	0.00850	0.00631	0.00564	0.00919	0.00866	0.01216	0.01621	0.05024	0.01670	0.30451	0.49931	0.00748	0.01122	0.00696	0.00317	0.00438
38	0.01134	0.00969	0.01133	0.00819	0.01297	0.00730	0.00652	0.01376	0.01146	0.01793	0.01047	0.03528	0.00906	0.00450	0.00419	0.00086	0.00407	0.00366	0.00334	0.81409
39	0.01230	0.01117	0.01234	0.00924	0.01358	0.05545	0.00740	0.03014	0.01178	0.01771	0.00961	0.01149	0.00808	0.00476	0.00546	0.00102	0.07587	0.00348	0.00323	0.69590
40	0.00928	0.00614	0.00789	0.00730	0.00890	0.00570	0.00552	0.01220	0.04132	0.08019	0.62878	0.06127	0.08181	0.01114	0.00644	0.00177	0.00286	0.00978	0.00607	0.00563
41	0.01901	0.04668	0.01530	0.03189	0.06161	0.03726	0.00986	0.23534	0.23104	0.22628	0.01758	0.01666	0.01245	0.00671	0.00547	0.00171	0.00541	0.00537	0.00546	0.00892
42	0.02280	0.00926	0.01233	0.00967	0.01362	0.00818	0.00790	0.05795	0.01586	0.66264	0.02345	0.06749	0.04705	0.00779	0.00570	0.00175	0.00460	0.00642	0.00662	0.00892
43	0.00962	0.00481	0.00722	0.00722	0.00722	0.00481	0.00481	0.00722	0.00722	0.00962	0.00962	0.01684	0.00962	0.01924	0.02165	0.83886	0.00481	0.00481	0.00241	0.00241
44	0.01926	0.01417	0.01520	0.01188	0.01590	0.01554	0.00973	0.65484	0.02417	0.03241	0.01676	0.04950	0.05670	0.00755	0.00562	0.00169	0.00567	0.00586	0.02876	0.00880
45	0.13213	0.00959	0.01224	0.00952	0.01369	0.00870	0.00786	0.02559	0.01501	0.67651	0.02000	0.01756	0.01270	0.00663	0.00529	0.00171	0.00466	0.00523	0.00641	0.00898
46	0.00718	0.00580	0.00640	0.00622	0.00794	0.00511	0.00468	0.00939	0.03460	0.01761	0.29286	0.04840	0.50831	0.01294	0.00652	0.00183	0.00279	0.01098	0.00548	0.00497
47	0.00691	0.00514	0.00645	0.00715	0.00797	0.00467	0.00497	0.00827	0.01196	0.01582	0.17413	0.50973	0.18546	0.01556	0.00686	0.00208	0.00302	0.01386	0.00532	0.00467
48	0.13842	0.00972	0.01227	0.00955	0.01372	0.00891	0.00789	0.03924	0.01515	0.65668	0.01973	0.01738	0.01256	0.00661	0.00527	0.00171	0.00468	0.00520	0.00635	0.00895
49	0.01103	0.01054	0.01523	0.03257	0.01422	0.01419	0.02894	0.01254	0.00875	0.01329	0.00941	0.01500	0.00910	0.03322	0.19689	0.00397	0.55753	0.00521	0.00258	0.00578
50	0.00877	0.00627	0.00873	0.00990	0.01114	0.00623	0.00854	0.01126	0.01284	0.01682	0.07411	0.09160	0.03330	0.01514	0.00756	0.00249	0.00487	0.66019	0.00516	0.00508
51	0.01823	0.01252	0.01339	0.01060	0.01417	0.01365	0.00865	0.53058	0.02182	0.05157	0.01484	0.01546	0.01084	0.00660	0.00509	0.00156	0.00510	0.00505	0.23204	0.00826
52	0.01156	0.01281	0.04557	0.09973	0.04400	0.01197	0.49534	0.01544	0.01235	0.01669	0.01469	0.16471	0.01365	0.00720	0.00647	0.00193	0.00787	0.00802	0.00320	0.00682
53	0.01462	0.01264	0.02609	0.01136	0.01458	0.04910	0.00898	0.04838	0.63278	0.06101	0.02160	0.04218	0.01647	0.00762	0.00563	0.00185	0.00474	0.00630	0.00549	0.00858
54	0.10284	0.01271	0.05953	0.01116	0.03375	0.05187	0.00931	0.13343	0.03140	0.42328	0.01675	0.01560	0.01116	0.00630	0.00522	0.00164	0.00537	0.00489	0.00549	0.05830
55	0.01506	0.08487	0.04610	0.01212	0.01645	0.04195	0.08666	0.16724	0.22112	0.03773	0.01440	0.01485	0.01095	0.00589	0.00512	0.00151	0.00564	0.00489	0.02643	0.18101
56	0.84448	0.01071	0.00814	0.00728	0.01071	0.01242	0.00600	0.01628	0.00943	0.02485	0.00771	0.00900	0.00600	0.00514	0.00343	0.00171	0.00428	0.00300	0.00343	0.00600
57	0.02315	0.01091	0.01364	0.01054	0.01475	0.01047	0.00867	0.20644	0.03973	0.55026	0.03906	0.01811	0.01374	0.00694	0.00559	0.00171	0.00499	0.00556	0.00647	0.00930
58	0.00827	0.00595	0.00801	0.00795	0.00865	0.00656	0.00569	0.02839	0.00909	0.01271	0.01618	0.04906	0.01663	0.31231	0.47172	0.00726	0.01090	0.00695	0.00323	0.00448
59	0.00677	0.00484	0.00645	0.00769	0.00804	0.00452	0.00514	0.00778	0.01072	0.01433	0.04805	0.78367	0.03700	0.01721	0.00706	0.00224	0.00320	0.01561	0.00516	0.00452
60	0.05362	0.01008	0.01301	0.01006	0.01429	0.00926	0.00829	0.09090	0.03796	0.66061	0.02060	0.01806	0.01314	0.00679	0.00549	0.00171	0.00481	0.00545	0.00658	0.00928
61	0.02308	0.00928	0.01246	0.00968	0.01368	0.00817	0.00794	0.05064	0.01619	0.67662	0.09323	0.02082	0.01726	0.00728	0.00566	0.00171	0.00456	0.00598	0.00674	0.00902
62	0.01163	0.13964	0.67028	0.01489	0.02258	0.01415	0.01890	0.01740	0.01163	0.01690	0.00962	0.01129	0.00703	0.00519	0.00502	0.00167	0.00786	0.00393	0.00234	0.00803
63	0.00693	0.00501	0.00660	0.00780	0.00830	0.00468	0.00542	0.00806	0.01092	0.01441	0.03203	0.68891	0.08237	0.01696	0.00709	0.00225	0.00335	0.07921	0.00514	0.00456
64	0.00719	0.00564	0.00651	0.00629	0.00788	0.00495	0.00472	0.00920	0.01415	0.01859	0.41207	0.04733	0.41034	0.01267	0.00654	0.00181	0.00271	0.01085	0.00562	0.00495
65	0.05805	0.00559	0.00716	0.00828	0.00907	0.00547	0.00615	0.00920	0.01113	0.01543	0.02935	0.54834	0.04832	0.01602	0.00699	0.00229	0.00376	0.19964	0.00503	0.00475
66	0.01111	0.02865	0.77667	0.01579	0.02397	0.01286	0.02046	0.01754	0.01169	0.01754	0.00994	0.01169	0.00702	0.00526	0.00526	0.00175	0.00818	0.00409	0.00234	0.00818
67	0.00671	0.00554	0.00578	0.00593	0.00753	0.00474	0.00434	0.00800	0.01216	0.01466	0.05076	0.12438	0.63781	0.06231	0.00793	0.00213	0.00305	0.02664	0.00503	0.00459
68	0.79483	0.01063	0.00843	0.00744	0.01092	0.01216	0.00613	0.01693	0.00981	0.07027	0.00857	0.00959	0.00647	0.00524	0.00356	0.00171	0.00431	0.00315	0.00363	0.00621
69	0.00810	0.00616	0.00904	0.00893	0.00981	0.00724	0.00689	0.00990	0.00882	0.01272	0.01470	0.02239	0.01402	0.09517	0.69646	0.00837	0.04739	0.00604	0.00297	0.00488
70	0.00703	0.00515	0.00703	0.05515	0.00977	0.00501	0.00569	0.00812	0.01052	0.01399	0.02872	0.72148	0.03416	0.05019	0.00788	0.00236	0.00356	0.01476	0.00490	0.00455
71	0.00805	0.00537	0.00604	0.00604	0.00604	0.00537	0.00336	0.00805	0.00805	0.01074	0.01745	0.03624	0.02013	0.80536	0.02819	0.00537	0.00537	0.00805	0.00336	0.00336
72	0.01349	0.01509	0.02906	0.02391	0.14436	0.06040	0.55240	0.01757	0.01296	0.01733	0.01111	0.02760	0.00882	0.00516	0.00668	0.00183	0.03568	0.00620	0.00282	0.00751
73	0.01613	0.59710	0.02528	0.01066	0.01485	0.21150	0.00973	0.01783	0.01231	0.01316	0.00806	0.00942	0.00725	0.00573	0.01989	0.00140	0.00712	0.00317	0.00250	0.00689
74	0.33907	0.01999	0.01280	0.01157	0.01458	0.46686	0.00892	0.01965	0.01310	0.01792	0.00820	0.00966	0.00670	0.00558	0.00470	0.00156	0.02645	0.00338	0.00307	0.00625
75	0.01054	0.00992	0.01675	0.77371	0.05587	0.01233	0.01542	0.01422	0.01111	0.01425	0.00986	0.01474	0.00742	0.00552	0.00554	0.00184	0.00736	0.00492	0.00247	0.00622
76	0.00768	0.00566	0.00719	0.00680	0.00818	0.00516	0.00510	0.01015	0.01531	0.02133	0.68143	0.04282	0.13927	0.01165	0.00653	0.00176	0.00264	0.01022	0.00598	0.00516
77	0.01481	0.80869	0.02902	0.00948	0.01421	0.02191	0.00948	0.01658	0.01125	0.01303	0.00770	0.00888	0.00711	0.00474	0.00355	0.00118	0.00592	0.00296	0.00237	0.00711
78	0.01168	0.00996	0.01159	0.00830	0.01321	0.00758	0.00664	0.02891	0.01178	0.01839	0.00991	0.01152	0.00823	0.00415	0.00413	0.00084	0.00414	0.00332	0.00333	0.82240
79	0.01046	0.00984	0.01661	0.79205	0.03814	0.01230	0.01538	0.01415	0.01107	0.01415	0.00984	0.01477	0.00738	0.00554	0.00554	0.00185	0.00738	0.00492	0.00246	0.00615
80	0.01371	0.01316	0.02248	0.03399	0.77081	0.01316	0.01700	0.01700	0.01261	0.01809	0.01042	0.01371	0.00877	0.00493	0.00548	0.00164	0.00658	0.00493	0.00274	0.00877
81	0.01364	0.01309	0.02235	0.05017	0.75518	0.01314	0.01696	0.01694	0.01258	0.01801	0.01041	0.01373	0.00874	0.00495	0.00548	0.00165	0.00660	0.00493	0.00274	0.00872
82	0.01824	0.01270	0.01368	0.01079	0.01453	0.01367	0.00882	0.52954	0.02207	0.07560	0.01953	0.01932	0.10129	0.00752	0.00546	0.00165	0.00519	0.00585	0.10621	0.00833
83	0.02069	0.02640	0.01569	0.01427	0.01712	0.78313	0.01070	0.02212	0.01569	0.01355	0.00856	0.00999	0.00713	0.00571	0.00499	0.00143	0.00999	0.00357	0.00285	0.00642
84	0.03952	0.01289	0.13177	0.26784	0.06915	0.01093	0.01287	0.05071	0.01370	0.28344	0.04245	0.01643	0.01135	0.00617	0.00548	0.00176	0.00620	0.00516	0.00430	0.00787
85	0.01179	0.01048	0.03499	0.00860	0.01323	0.00813	0.00707	0.06039	0.03046	0.01880	0.01263	0.01456	0.04129	0.03549	0.00529	0.00115	0.00435	0.00403	0.00353	0.67374
86	0.00681	0.00486	0.00650	0.00778	0.00813	0.00455	0.00525	0.00782	0.01066	0.01421	0.03049	0.78121	0.03650	0.01729	0.00709	0.00226	0.00327	0.03569	0.00514	0.00452
87	0.00672	0.00514	0.00618	0.00694	0.00785	0.00459	0.00481	0.00791	0.01154	0.01478	0.07120	0.50395	0.29665	0.01591	0.00686	0.00209	0.00304	0.01406	0.00518	0.00459
88	0.02210	0.01188	0.01412	0.01095	0.01504	0.01198	0.00895	0.34904	0.01997	0.39826	0.01807	0.03507	0.01257	0.03758	0.00646	0.00184	0.00532	0.00564	0.00610	0.00908
89	0.00892	0.00637	0.00892	0.01020	0.01147	0.00637	0.00892	0.01147	0.01275	0.01657	0.02932	0.06247	0.03187	0.01530	0.00765	0.00255	0.00510	0.73354	0.00510	0.00510
90	0.01371	0.01316	0.02248	0.03399	0.77081	0.01316	0.01700	0.01700	0.01261	0.01809	0.01042	0.01371	0.00877	0.00493	0.00548	0.00164	0.00658	0.00493	0.00274	0.00877
91	0.01148	0.00984	0.01148	0.00820	0.01312	0.00738	0.00656	0.01395	0.01148	0.01805	0.00984	0.01148	0.00820	0.00410	0.00410	0.00082	0.00410	0.00328	0.00328	0.83922
92	0.02043	0.04169	0.01590	0.01411	0.01701	0.75221	0.01064	0.02215	0.03086	0.01374	0.00883	0.01018	0.00733	0.00572	0.00498	0.00143	0.00979	0.00361	0.00290	0.00648
93	0.01779	0.01236	0.01367	0.01134	0.01502	0.01353	0.00908	0.24346	0.38710	0.16320	0.03950	0.01869	0.01504	0.00724	0.00562	0.00178	0.00490	0.00586	0.00584	0.00899
94	0.01197	0.01022	0.01287	0.01116	0.01363	0.03871	0.10299	0.01945	0.32224	0.04713	0.02268	0.11790	0.06275	0.15339	0.01008	0.00254	0.00521	0.02365	0.00470	0.00673
95	0.01788	0.00891	0.01106	0.00911	0.01231	0.00855	0.00730	0.06910	0.11836	0.38375	0.17166	0.02417	0.03779	0.00794	0.00563	0.00170	0.00409	0.00661	0.08608	0.00798
96	0.00787	0.00536	0.00620	0.00627	0.00648	0.00526	0.00373	0.00826	0.00917	0.01230	0.09411	0.10630	0.04634	0.63281	0.02351	0.00463	0.00483	0.00905	0.00384	0.00368
97	0.04386	0.04338	0.01571	0.01361	0.01671	0.61714	0.01040	0.09691	0.06160	0.01663	0.00985	0.01092	0.00793	0.00587	0.00501	0.00148	0.00898	0.00384	0.00330	0.00687
98	0.00683	0.00561	0.00604	0.00616	0.00784	0.00482	0.00465	0.00839	0.01280	0.01572	0.12278	0.10185	0.60544	0.01406	0.00665	0.00192	0.00295	0.05552	0.00523	0.00474
99	0.01996	0.00879	0.01152	0.00921	0.01274	0.00791	0.00746	0.05360	0.03745	0.52885	0.17746	0.02501	0.05851	0.00814	0.00582	0.00173	0.00423	0.00678	0.00652	0.00831
100	0.00675	0.00482	0.00643	0.00771	0.00803	0.00450	0.00514	0.00771	0.01060	0.01414	0.03053	0.80175	0.03663	0.01735	0.00707	0.00225	0.00321	0.01574	0.00514	0.00450
101	0.04561	0.01005	0.01233	0.01018	0.01389	0.00993	0.00825	0.02645	0.25239	0.46570	0.03641	0.02142	0.01601	0.00746	0.00563	0.00180	0.00457	0.03680	0.00627	0.00884
102	0.65776	0.01058	0.00931	0.00794	0.01157	0.01168	0.00655	0.03750	0.01115	0.17643	0.01071	0.01110	0.00764	0.00553	0.00391	0.00171	0.00442	0.00357	0.00417	0.00678
103	0.01228	0.00696	0.00725	0.00658	0.00842	0.00721	0.00509	0.13704	0.01408	0.03581	0.01764	0.03878	0.01394	0.00676	0.00426	0.00138	0.00322	0.00540	0.66195	0.00593
104	0.00677	0.00488	0.00642	0.00760	0.00802	0.00453	0.00511	0.00780	0.01084	0.01441	0.05378	0.74808	0.06720	0.01703	0.00703	0.00222	0.00318	0.01541	0.00517	0.00453
105	0.00691	0.00494	0.00658	0.00768	0.00813	0.00461	0.00523	0.00807	0.01118	0.01503	0.10770	0.70722	0.03817	0.01668	0.00702	0.00220	0.00319	0.02963	0.00524	0.00459
106	0.01113	0.00794	0.00898	0.00801	0.00905	0.00856	0.00548	0.17516	0.01214	0.01635	0.01599	0.02949	0.01694	0.56111	0.05486	0.00457	0.03842	0.00714	0.00379	0.00489
107	0.67349	0.05272	0.11786	0.00856	0.01270	0.01285	0.00819	0.01642	0.00987	0.02317	0.00817	0.00954	0.00631	0.00516	0.00370	0.00169	0.00489	0.00318	0.01517	0.00635
108	0.01330	0.01120	0.01234	0.01179	0.04690	0.01268	0.00865	0.07436	0.57011	0.02229	0.02198	0.09996	0.01819	0.04232	0.00673	0.00204	0.00452	0.00716	0.00535	0.00815
109	0.01418	0.01224	0.01259	0.01124	0.01434	0.03733	0.00877	0.07096	0.65635	0.02322	0.02125	0.01993	0.01602	0.00833	0.02718	0.00203	0.00491	0.00607	0.02453	0.00854
110	0.01111	0.01051	0.01778	0.64063	0.18449	0.01248	0.01570	0.01472	0.01138	0.01494	0.00996	0.01455	0.00766	0.00542	0.00553	0.00181	0.00722	0.00492	0.00252	0.00668
111	0.01350	0.01294	0.02199	0.03318	0.74885	0.01291	0.01663	0.01674	0.01261	0.01800	0.01173	0.01485	0.03063	0.00520	0.00551	0.00165	0.00647	0.00513	0.00281	0.00865
112	0.05856	0.00948	0.01266	0.00975	0.01400	0.00832	0.00805	0.02655	0.01559	0.74381	0.02127	0.01845	0.01339	0.00678	0.00548	0.00171	0.00470	0.00546	0.00671	0.00928
113	0.01126	0.06073	0.74592	0.01553	0.02357	0.01323	0.02001	0.01750	0.01167	0.01735	0.00985	0.01158	0.00702	0.00524	0.00519	0.00173	0.00809	0.00405	0.00234	0.00814
114	0.01306	0.06366	0.07144	0.02211	0.04021	0.01447	0.63977	0.01756	0.01279	0.01736	0.01083	0.01432	0.00823	0.00481	0.00650	0.00183	0.02468	0.00613	0.00274	0.00748
115	0.00674	0.00486	0.00638	0.00760	0.00800	0.00451	0.00509	0.00772	0.01071	0.01418	0.03185	0.76305	0.07447	0.01718	0.00704	0.00223	0.00319	0.01553	0.00514	0.00451
116	0.00675	0.00482	0.00643	0.00771	0.00803	0.00450	0.00514	0.00771	0.01060	0.01414	0.03053	0.80175	0.03663	0.01735	0.00707	0.00225	0.00321	0.01574	0.00514	0.00450
117	0.01336	0.48697	0.30624	0.01238	0.01844	0.01823	0.04403	0.01699	0.01149	0.01489	0.00867	0.01017	0.00713	0.00493	0.00431	0.00142	0.00690	0.00353	0.00238	0.00752
118	0.00825	0.00580	0.00798	0.00914	0.01008	0.00567	0.00741	0.01000	0.01178	0.01538	0.02931	0.27788	0.05464	0.01611	0.00829	0.05310	0.00445	0.45503	0.00495	0.00475
119	0.00842	0.00621	0.00822	0.00922	0.01062	0.00601	0.00792	0.01072	0.01272	0.01623	0.03504	0.06052	0.18905	0.01503	0.00741	0.00240	0.00461	0.57953	0.00511	0.00501
120	0.01148	0.00984	0.01148	0.00820	0.01312	0.00738	0.00656	0.01395	0.01148	0.01805	0.00984	0.01148	0.00820	0.00410	0.00410	0.00082	0.00410	0.00328	0.00328	0.83922
121	0.01072	0.01012	0.01702	0.72172	0.08786	0.01247	0.01541	0.01433	0.01112	0.01440	0.00982	0.01463	0.00748	0.00559	0.00583	0.00185	0.02589	0.00492	0.00248	0.00633
122	0.00684	0.00562	0.00601	0.00591	0.00766	0.00480	0.00444	0.00851	0.01331	0.01659	0.21559	0.05063	0.60807	0.01342	0.00654	0.00184	0.00276	0.01131	0.00536	0.00480
123	0.67259	0.03236	0.01030	0.00866	0.01209	0.10726	0.02383	0.03433	0.01075	0.02319	0.00818	0.00952	0.00642	0.00524	0.00375	0.00166	0.00516	0.00323	0.01531	0.00618
124	0.00746	0.00548	0.00701	0.00707	0.00821	0.00502	0.00519	0.00955	0.01406	0.01933	0.49339	0.22092	0.13121	0.01315	0.00669	0.00190	0.00284	0.03080	0.00574	0.00499
125	0.01371	0.01316	0.02248	0.03399	0.77081	0.01316	0.01700	0.01700	0.01261	0.01809	0.01042	0.01371	0.00877	0.00493	0.00548	0.00164	0.00658	0.00493	0.00274	0.00877
126	0.01670	0.00955	0.01182	0.00924	0.01327	0.00838	0.00746	0.03978	0.08985	0.31072	0.07544	0.01905	0.01535	0.00717	0.02110	0.00157	0.00455	0.02245	0.00521	0.31135
127	0.01488	0.67753	0.09934	0.01043	0.01536	0.07631	0.01061	0.01708	0.01162	0.01350	0.00798	0.00923	0.00710	0.00486	0.00382	0.00126	0.00643	0.00311	0.00240	0.00716
128	0.02036	0.00941	0.01207	0.00957	0.01326	0.00868	0.00777	0.09593	0.04902	0.50582	0.14779	0.02301	0.04097	0.00777	0.00573	0.00171	0.00442	0.00642	0.00643	0.02388
129	0.05179	0.06636	0.01553	0.01290	0.03196	0.31872	0.00995	0.15731	0.18595	0.02025	0.01398	0.01442	0.03327	0.00660	0.00566	0.00163	0.03749	0.00471	0.00403	0.00751
130	0.00792	0.00570	0.00729	0.00818	0.00885	0.00554	0.00567	0.06548	0.01186	0.01582	0.02915	0.71789	0.03438	0.01646	0.00697	0.00221	0.00349	0.03706	0.00517	0.00490
131	0.00675	0.00482	0.00643	0.00771	0.00803	0.00450	0.00514	0.00771	0.01060	0.01414	0.03053	0.80175	0.03663	0.01735	0.00707	0.00225	0.00321	0.01574	0.00514	0.00450
132	0.00680	0.00564	0.00597	0.00594	0.00771	0.00480	0.00449	0.00841	0.01306	0.01604	0.15674	0.05188	0.64430	0.01368	0.00658	0.00187	0.00285	0.03318	0.00528	0.00477
133	0.00854	0.00688	0.00778	0.00751	0.00932	0.00676	0.00569	0.01326	0.16635	0.01904	0.28314	0.09738	0.30095	0.01208	0.00643	0.00188	0.00316	0.03260	0.00556	0.00569
134	0.00873	0.00631	0.00866	0.00981	0.01112	0.00623	0.00851	0.01121	0.01281	0.01660	0.04858	0.06134	0.08333	0.01512	0.00755	0.00248	0.00488	0.66654	0.00513	0.00507
135	0.04916	0.00925	0.01239	0.00961	0.01369	0.00810	0.00791	0.02570	0.01564	0.70795	0.06460	0.01985	0.01570	0.00706	0.00556	0.00172	0.00458	0.00575	0.00671	0.00908
136	0.01180	0.01168	0.01774	0.17385	0.02021	0.01550	0.06622	0.01381	0.00942	0.01400	0.00835	0.01307	0.00755	0.00840	0.01439	0.00224	0.55746	0.00499	0.02316	0.00616
137	0.00682	0.00575	0.00592	0.00585	0.00770	0.00492	0.00440	0.00864	0.02906	0.01579	0.11937	0.05152	0.68794	0.01364	0.00652	0.00186	0.00282	0.01142	0.00524	0.00481
138	0.00813	0.00626	0.00933	0.00920	0.01014	0.00746	0.00720	0.01007	0.00888	0.01288	0.01443	0.02125	0.01350	0.03985	0.74281	0.00856	0.05624	0.00588	0.00294	0.00500
139	0.01111	0.02865	0.77667	0.01579	0.02397	0.01286	0.02046	0.01754	0.01169	0.01754	0.00994	0.01169	0.00702	0.00526	0.00526	0.00175	0.00818	0.00409	0.00234	0.00818
140	0.01169	0.01130	0.01974	0.49177	0.26836	0.01271	0.07455	0.01533	0.01172	0.01568	0.01013	0.01445	0.00790	0.00528	0.00560	0.00178	0.00729	0.00505	0.00258	0.00708
141	0.02069	0.02640	0.01569	0.01427	0.01712	0.78313	0.01070	0.02212	0.01569	0.01355	0.00856	0.00999	0.00713	0.00571	0.00499	0.00143	0.00999	0.00357	0.00285	0.00642
142	0.84448	0.01071	0.00814	0.00728	0.01071	0.01242	0.00600	0.01628	0.00943	0.02485	0.00771	0.00900	0.00600	0.00514	0.00343	0.00171	0.00428	0.00300	0.00343	0.00600
143	0.01076	0.01010	0.01630	0.60081	0.03205	0.01295	0.01428	0.01370	0.01039	0.01380	0.00931	0.01431	0.00745	0.00695	0.00878	0.03639	0.16836	0.00490	0.00245	0.00598
144	0.01054	0.00985	0.01644	0.62382	0.13033	0.01172	0.01465	0.01395	0.01129	0.01468	0.01250	0.06341	0.03116	0.00642	0.00565	0.00184	0.00689	0.00577	0.00274	0.00635
145	0.01223	0.29520	0.45493	0.01326	0.01978	0.01554	0.03343	0.01679	0.01182	0.01628	0.05511	0.01260	0.00982	0.00543	0.00478	0.00156	0.00710	0.00412	0.00259	0.00762
146	0.01138	0.08553	0.72215	0.01533	0.02326	0.01352	0.01966	0.01747	0.01166	0.01721	0.00978	0.01149	0.00702	0.00522	0.00514	0.00171	0.00802	0.00401	0.00234	0.00811
147	0.00671	0.00510	0.00614	0.00697	0.00781	0.00457	0.00479	0.00780	0.01123	0.01435	0.03886	0.53564	0.28203	0.03151	0.00730	0.00218	0.00312	0.01423	0.00511	0.00454
148	0.01310	0.01310	0.02131	0.17598	0.44495	0.05924	0.10577	0.01648	0.01262	0.01702	0.02516	0.01653	0.01020	0.00565	0.00571	0.00174	0.00714	0.03770	0.00287	0.00774
149	0.01371	0.01316	0.02248	0.03399	0.77081	0.01316	0.01700	0.01700	0.01261	0.01809	0.01042	0.01371	0.00877	0.00493	0.00548	0.00164	0.00658	0.00493	0.00274	0.00877
150	0.00675	0.00482	0.00643	0.00771	0.00803	0.00450	0.00514	0.00771	0.01060	0.01414	0.03053	0.80175	0.03663	0.01735	0.00707	0.00225	0.00321	0.01574	0.00514	0.00450
151	0.01312	0.01334	0.02507	0.12010	0.44557	0.01333	0.25289	0.01690	0.01258	0.01751	0.01060	0.01423	0.00849	0.00492	0.00583	0.00174	0.00756	0.00545	0.00273	0.00804
152	0.01046	0.00984	0.01661	0.79205	0.03814	0.01230	0.01538	0.01415	0.01107	0.01415	0.00984	0.01477	0.00738	0.00554	0.00554	0.00185	0.00738	0.00492	0.00246	0.00615
153	0.01175	0.07190	0.01597	0.01275	0.01328	0.03649	0.01049	0.01296	0.00889	0.01300	0.00909	0.01518	0.00919	0.09316	0.09064	0.00322	0.55860	0.00510	0.00258	0.00577
154	0.00725	0.00570	0.00658	0.00655	0.00815	0.00504	0.00503	0.00920	0.01375	0.01776	0.31354	0.04982	0.43613	0.01316	0.00665	0.00189	0.00296	0.08043	0.00549	0.00492
155	0.01469	0.56339	0.18059	0.01129	0.01653	0.10340	0.01186	0.01738	0.01183	0.01401	0.00825	0.00958	0.00709	0.00495	0.00406	0.00133	0.00683	0.00326	0.00242	0.00725
156	0.01111	0.02865	0.77667	0.01579	0.02397	0.01286	0.02046	0.01754	0.01169	0.01754	0.00994	0.01169	0.00702	0.00526	0.00526	0.00175	0.00818	0.00409	0.00234	0.00818
157	0.02301	0.05819	0.01388	0.00994	0.01411	0.00963	0.00828	0.09028	0.01647	0.62294	0.05939	0.01893	0.01495	0.00694	0.00550	0.00168	0.00480	0.00559	0.00643	0.00906
158	0.01083	0.00817	0.00996	0.00853	0.01042	0.00875	0.00678	0.02787	0.01112	0.01786	0.04539	0.01855	0.03438	0.02641	0.05445	0.00202	0.18608	0.00513	0.30312	0.20418
