[name]
unknown

[dist]
# distance from previous block
# <min> <max>
68	319

[block]
# block no. 0 follows, 46 sequences, length 6
# corresponding to MSA columns:
# 491-496
name=unknown_A
#
# <colnr> <probs for GDERKNQSTAVLIFYWHMCP>
#	G	D	E	R	K	N	Q	S	T	A	V	L	I	F	Y	W	H	M	C	P
0	0.15682	0.15324	0.14380	0.01061	0.03554	0.06399	0.00967	0.05322	0.05890	0.06705	0.06671	0.07739	0.01345	0.00887	0.05727	0.00204	0.00600	0.00519	0.00359	0.00666
1	0.00922	0.00681	0.00782	0.00746	0.00891	0.02953	0.00542	0.06018	0.01264	0.04479	0.22621	0.23607	0.09230	0.13360	0.00924	0.00227	0.00374	0.03438	0.00478	0.06461
2	0.03947	0.32310	0.12068	0.06335	0.01624	0.08712	0.01050	0.11970	0.01304	0.04010	0.01078	0.06051	0.00941	0.00804	0.05496	0.00189	0.00671	0.00443	0.00309	0.00686
3	0.01177	0.00908	0.05847	0.00817	0.01034	0.05511	0.00651	0.04375	0.01270	0.14465	0.21741	0.09301	0.04620	0.20391	0.01080	0.00247	0.00450	0.00763	0.00462	0.04889
4	0.03056	0.18498	0.01407	0.01044	0.07233	0.13020	0.00767	0.01405	0.01199	0.05146	0.09410	0.08085	0.11145	0.04781	0.00643	0.00169	0.03357	0.00629	0.06320	0.02687
5	0.05107	0.05554	0.02821	0.00773	0.00923	0.00670	0.00595	0.01100	0.01078	0.09282	0.11115	0.32265	0.04686	0.07295	0.11563	0.02751	0.00517	0.00956	0.00439	0.00509

[dist]
# distance from previous block
# <min> <max>
5	6

[block]
# block no. 1 follows, 46 sequences, length 17
# corresponding to MSA columns:
# 503-519
name=unknown_B
#
# <colnr> <probs for GDERKNQSTAVLIFYWHMCP>
#	G	D	E	R	K	N	Q	S	T	A	V	L	I	F	Y	W	H	M	C	P
0	0.07173	0.26664	0.15651	0.01199	0.01618	0.11461	0.11571	0.01573	0.02304	0.01462	0.01040	0.04078	0.00949	0.10303	0.00724	0.00191	0.00671	0.00463	0.00270	0.00636
1	0.01268	0.00891	0.01041	0.00917	0.01114	0.00935	0.02036	0.27602	0.03496	0.05573	0.01942	0.25884	0.01997	0.20229	0.01094	0.00263	0.00476	0.02166	0.00468	0.00608
2	0.01784	0.01400	0.01460	0.01147	0.01549	0.04545	0.00932	0.52296	0.14527	0.02873	0.01356	0.01351	0.00994	0.00615	0.00512	0.00151	0.00547	0.00471	0.00494	0.10997
3	0.00938	0.00711	0.00830	0.00781	0.00957	0.00699	0.00587	0.12424	0.05466	0.01916	0.21196	0.25488	0.16315	0.02480	0.00645	0.00185	0.00346	0.03088	0.00510	0.04438
4	0.01234	0.10567	0.37393	0.10843	0.13042	0.01226	0.01521	0.01653	0.01150	0.08951	0.01131	0.04912	0.00894	0.00561	0.00499	0.00161	0.00663	0.00463	0.00286	0.02849
5	0.02488	0.01602	0.11216	0.10563	0.02165	0.13464	0.22091	0.04313	0.01167	0.01539	0.00916	0.01248	0.00742	0.00700	0.02911	0.00200	0.21277	0.00481	0.00261	0.00655
6	0.00965	0.00569	0.00610	0.00610	0.00737	0.00590	0.00451	0.01328	0.10029	0.01855	0.01902	0.11588	0.01663	0.03858	0.04144	0.00188	0.00337	0.00641	0.57417	0.00518
7	0.01979	0.02397	0.01509	0.01345	0.01635	0.70154	0.01019	0.10854	0.01614	0.01534	0.00870	0.00991	0.00707	0.00555	0.00483	0.00139	0.00910	0.00356	0.00303	0.00647
8	0.07013	0.03193	0.01173	0.01006	0.03999	0.03716	0.00749	0.17496	0.10611	0.17602	0.04633	0.05699	0.01500	0.14595	0.02483	0.02260	0.00513	0.00599	0.00468	0.00691
9	0.00742	0.00550	0.00629	0.00636	0.00795	0.00485	0.00483	0.00896	0.01214	0.05015	0.11965	0.13967	0.49518	0.01419	0.03336	0.00209	0.00335	0.06829	0.00500	0.00474
10	0.00644	0.00460	0.00613	0.00736	0.00767	0.00429	0.00491	0.00736	0.01012	0.01350	0.02914	0.81076	0.03497	0.01656	0.00675	0.00215	0.00307	0.01503	0.00491	0.00429
11	0.01408	0.01377	0.07382	0.08374	0.41051	0.10302	0.01345	0.01695	0.01258	0.10889	0.01514	0.01681	0.08215	0.00592	0.00527	0.00160	0.00628	0.00519	0.00327	0.00757
12	0.18534	0.01091	0.04090	0.22912	0.03539	0.01167	0.11026	0.10212	0.01216	0.01885	0.02985	0.06028	0.01081	0.00802	0.04209	0.00208	0.04110	0.02612	0.01667	0.00628
13	0.00649	0.00475	0.00612	0.00712	0.00762	0.00443	0.00482	0.00748	0.01023	0.01346	0.03117	0.66723	0.12359	0.03816	0.03830	0.00243	0.00351	0.01400	0.00478	0.00430
14	0.01082	0.02344	0.60355	0.11213	0.11382	0.01225	0.01856	0.01629	0.01119	0.01641	0.00953	0.01174	0.00694	0.00502	0.00508	0.00167	0.00754	0.00410	0.00229	0.00764
15	0.02924	0.01293	0.04040	0.23252	0.21425	0.10353	0.06669	0.08651	0.01314	0.01704	0.01524	0.01753	0.10097	0.00618	0.00532	0.00164	0.00652	0.00539	0.01817	0.00679
16	0.12094	0.01244	0.10456	0.04653	0.01406	0.04556	0.00893	0.16052	0.01339	0.02062	0.01322	0.02849	0.03965	0.00696	0.02180	0.00166	0.06760	0.00463	0.16305	0.10541

[dist]
# distance from previous block
# <min> <max>
0	4

[block]
# block no. 2 follows, 46 sequences, length 17
# corresponding to MSA columns:
# 525-541
name=unknown_C
#
# <colnr> <probs for GDERKNQSTAVLIFYWHMCP>
#	G	D	E	R	K	N	Q	S	T	A	V	L	I	F	Y	W	H	M	C	P
0	0.12111	0.17481	0.16501	0.03249	0.04340	0.01378	0.01075	0.12590	0.10054	0.10314	0.03629	0.01373	0.01037	0.02081	0.00505	0.00162	0.00555	0.00437	0.00379	0.00750
1	0.01374	0.05355	0.07764	0.08163	0.45357	0.14633	0.01450	0.01717	0.03977	0.01612	0.01034	0.01367	0.00868	0.00525	0.00511	0.00157	0.00687	0.02416	0.00273	0.00759
2	0.01865	0.00987	0.01186	0.00973	0.01328	0.00985	0.00783	0.06783	0.27171	0.42681	0.02300	0.02068	0.06989	0.00725	0.00540	0.00170	0.00433	0.00593	0.00596	0.00845
3	0.00670	0.00492	0.00633	0.00721	0.00790	0.00455	0.00511	0.00797	0.01107	0.01460	0.10895	0.55795	0.14214	0.01535	0.00667	0.00207	0.00311	0.07796	0.00500	0.00444
4	0.05559	0.09749	0.11174	0.12794	0.15717	0.04971	0.03357	0.16698	0.03818	0.01930	0.02470	0.01376	0.00922	0.04387	0.00632	0.00176	0.02760	0.00459	0.00324	0.00726
5	0.00845	0.00529	0.00616	0.00613	0.00639	0.00519	0.00363	0.00865	0.00835	0.05344	0.01816	0.11244	0.02048	0.68858	0.02367	0.00463	0.00488	0.00830	0.00356	0.00363
6	0.00769	0.00513	0.00577	0.00577	0.00577	0.00513	0.00320	0.00769	0.00769	0.01025	0.01666	0.03460	0.01922	0.81421	0.02691	0.00513	0.00513	0.00769	0.00320	0.00320
7	0.04253	0.21107	0.34904	0.07805	0.04934	0.01443	0.06724	0.07059	0.01219	0.01710	0.03553	0.01204	0.00851	0.00516	0.00475	0.00155	0.00679	0.00413	0.00268	0.00730
8	0.00950	0.00523	0.00806	0.00894	0.06901	0.00523	0.00552	0.00764	0.00730	0.00983	0.00924	0.01583	0.00912	0.01727	0.01942	0.77843	0.00473	0.00460	0.00232	0.00278
9	0.00852	0.00608	0.00852	0.00974	0.01095	0.00608	0.00852	0.01095	0.01217	0.01582	0.02799	0.05963	0.03042	0.01460	0.00730	0.00243	0.00487	0.74565	0.00487	0.00487
10	0.01171	0.01146	0.01880	0.47195	0.22506	0.04211	0.08974	0.03779	0.01174	0.01540	0.00972	0.01363	0.00754	0.00509	0.00535	0.00169	0.00710	0.00481	0.00255	0.00675
11	0.01439	0.01331	0.12933	0.12260	0.09115	0.04574	0.01106	0.17833	0.03042	0.10628	0.02840	0.01637	0.03943	0.00616	0.00501	0.00157	0.00559	0.00500	0.14258	0.00727
12	0.05300	0.02239	0.01519	0.01493	0.08432	0.63088	0.01055	0.02039	0.04361	0.01412	0.00877	0.01029	0.00727	0.00557	0.00525	0.00144	0.03919	0.00365	0.00282	0.00639
13	0.78258	0.01031	0.00870	0.03575	0.04768	0.01189	0.00653	0.01550	0.00920	0.02306	0.00755	0.00899	0.00590	0.00491	0.00343	0.00164	0.00430	0.00301	0.00321	0.00586
14	0.01308	0.01256	0.02146	0.03245	0.78123	0.01256	0.01622	0.01622	0.01204	0.01727	0.00994	0.01308	0.00837	0.00471	0.00523	0.00157	0.00628	0.00471	0.00262	0.00837
15	0.00730	0.00547	0.00688	0.00780	0.00845	0.00543	0.00535	0.01002	0.10794	0.01460	0.02816	0.70915	0.03255	0.01536	0.00657	0.00210	0.00321	0.01387	0.00497	0.00482
16	0.01201	0.08902	0.26178	0.12205	0.30255	0.03375	0.05274	0.01602	0.01163	0.01615	0.02793	0.01279	0.00847	0.00502	0.00507	0.00160	0.00693	0.00444	0.00251	0.00753

[dist]
# distance from previous block
# <min> <max>
0	1

[block]
# block no. 3 follows, 46 sequences, length 28
# corresponding to MSA columns:
# 543-570
name=unknown_D
#
# <colnr> <probs for GDERKNQSTAVLIFYWHMCP>
#	G	D	E	R	K	N	Q	S	T	A	V	L	I	F	Y	W	H	M	C	P
0	0.01975	0.02520	0.01498	0.01362	0.01634	0.79299	0.01021	0.02111	0.01498	0.01294	0.00817	0.00953	0.00681	0.00545	0.00477	0.00136	0.00953	0.00340	0.00272	0.00613
1	0.02795	0.00722	0.00882	0.00774	0.01002	0.00672	0.00603	0.04143	0.06172	0.11884	0.34775	0.05131	0.07334	0.04318	0.00661	0.00176	0.00349	0.05489	0.00522	0.11597
2	0.09339	0.06224	0.04497	0.01042	0.02556	0.08081	0.00847	0.14041	0.14209	0.04892	0.03607	0.03308	0.02662	0.04305	0.15924	0.00309	0.02564	0.00527	0.00395	0.00671
3	0.02335	0.00959	0.01264	0.00969	0.01379	0.00866	0.00800	0.10161	0.01613	0.70764	0.02002	0.01745	0.01267	0.00652	0.00531	0.00163	0.00463	0.00526	0.00641	0.00900
4	0.00772	0.00587	0.00866	0.00856	0.00941	0.00691	0.00662	0.00948	0.00843	0.01218	0.01401	0.02117	0.01330	0.08187	0.71876	0.00806	0.04575	0.00574	0.00283	0.00468
5	0.01671	0.01910	0.01582	0.11498	0.06447	0.44745	0.02870	0.08113	0.01407	0.01523	0.00896	0.01122	0.00734	0.00592	0.00645	0.00157	0.10559	0.00402	0.02485	0.00642
6	0.00730	0.00543	0.00660	0.00711	0.00804	0.00511	0.00499	0.05117	0.01177	0.01543	0.10071	0.51721	0.19333	0.03110	0.00692	0.00205	0.00313	0.01297	0.00498	0.00464
7	0.01246	0.00661	0.00845	0.00753	0.00981	0.00586	0.00600	0.01453	0.01401	0.26256	0.28133	0.03750	0.21551	0.01047	0.00605	0.00176	0.00342	0.08426	0.00573	0.00613
8	0.00661	0.00467	0.00608	0.00714	0.00741	0.00441	0.00468	0.00741	0.00979	0.01305	0.02744	0.70513	0.03282	0.12511	0.00949	0.00255	0.00335	0.01403	0.00468	0.00415
9	0.01087	0.01063	0.01898	0.55899	0.16392	0.01211	0.12005	0.01446	0.01109	0.01464	0.00967	0.01394	0.00741	0.00507	0.00541	0.00173	0.00718	0.00492	0.00244	0.00648
10	0.01105	0.00622	0.00807	0.00714	0.00909	0.00557	0.00552	0.01332	0.01470	0.19407	0.53174	0.03577	0.11648	0.01010	0.00603	0.00167	0.00297	0.00876	0.00589	0.00585
11	0.00669	0.00489	0.00627	0.00722	0.00784	0.00454	0.00506	0.00783	0.01068	0.01399	0.05880	0.58101	0.13920	0.04204	0.00738	0.00220	0.00323	0.08189	0.00488	0.00436
12	0.48131	0.01007	0.00978	0.00823	0.01162	0.01084	0.00671	0.10783	0.01255	0.21791	0.01296	0.06768	0.01004	0.00631	0.00428	0.00167	0.00433	0.00457	0.00446	0.00685
13	0.01113	0.00950	0.01499	0.55474	0.08238	0.01127	0.01289	0.08987	0.01162	0.01520	0.00974	0.01416	0.00764	0.00719	0.00744	0.12048	0.00652	0.00469	0.00266	0.00587
14	0.01094	0.01035	0.01763	0.51736	0.26729	0.01182	0.02954	0.01433	0.01112	0.01483	0.01028	0.01547	0.00835	0.00544	0.00536	0.00173	0.00676	0.03221	0.00253	0.00664
15	0.14975	0.02091	0.45311	0.01541	0.02174	0.01250	0.20025	0.01687	0.02957	0.01807	0.00973	0.01171	0.00709	0.00492	0.00504	0.00170	0.00738	0.00436	0.00259	0.00731
16	0.01467	0.57400	0.08469	0.01115	0.01588	0.06086	0.08723	0.01700	0.01149	0.06738	0.00885	0.01000	0.00735	0.00475	0.00402	0.00129	0.00629	0.00347	0.00263	0.00702
17	0.00918	0.00459	0.00689	0.00689	0.00689	0.00459	0.00459	0.00689	0.00689	0.00918	0.00918	0.01607	0.00918	0.01837	0.02066	0.84619	0.00459	0.00459	0.00230	0.00230
18	0.03480	0.41951	0.09602	0.04036	0.07508	0.08401	0.01038	0.03544	0.01169	0.01499	0.02397	0.01065	0.00807	0.00485	0.00405	0.00126	0.00595	0.00346	0.02227	0.09319
19	0.17688	0.00944	0.02931	0.18745	0.01735	0.00963	0.00887	0.05976	0.03185	0.22617	0.01940	0.02160	0.10669	0.00726	0.00512	0.00173	0.00490	0.05156	0.01831	0.00672
20	0.02052	0.00880	0.01146	0.00900	0.01266	0.00787	0.00736	0.07684	0.01552	0.59712	0.07670	0.02249	0.09410	0.00753	0.00547	0.00165	0.00427	0.00617	0.00623	0.00825
21	0.04633	0.10478	0.53591	0.01424	0.05171	0.02819	0.03361	0.01604	0.01146	0.01683	0.06356	0.01415	0.01042	0.00560	0.00496	0.00163	0.00698	0.02365	0.00264	0.00732
22	0.03059	0.06963	0.16952	0.06618	0.12870	0.03655	0.07107	0.01543	0.02402	0.09325	0.01742	0.11406	0.06097	0.00784	0.00552	0.00175	0.00592	0.07123	0.00357	0.00679
23	0.00695	0.00504	0.00667	0.00779	0.00845	0.00476	0.00574	0.00828	0.01080	0.01415	0.03093	0.55759	0.09714	0.01580	0.00684	0.00219	0.00349	0.19806	0.00490	0.00445
24	0.00646	0.00502	0.00588	0.00639	0.00745	0.00444	0.00451	0.00772	0.01147	0.01461	0.11414	0.39215	0.37178	0.01456	0.00647	0.00194	0.00284	0.01274	0.00500	0.00444
25	0.11955	0.04295	0.09788	0.17429	0.15648	0.01302	0.12456	0.05180	0.01134	0.01724	0.00941	0.01252	0.00748	0.00570	0.00669	0.01527	0.10030	0.00454	0.02219	0.00678
26	0.04512	0.02409	0.60714	0.01615	0.02330	0.01247	0.16444	0.01673	0.01133	0.01706	0.00964	0.01166	0.00692	0.00491	0.00519	0.00169	0.00788	0.00432	0.00236	0.00759
27	0.00861	0.00585	0.00805	0.00886	0.01004	0.00569	0.00735	0.01079	0.01238	0.04609	0.14302	0.17860	0.03348	0.01403	0.00697	0.00224	0.00419	0.48372	0.00509	0.00495

[dist]
# distance from previous block
# <min> <max>
0	6

[block]
# block no. 4 follows, 46 sequences, length 72
# corresponding to MSA columns:
# 577-648
name=unknown_E
#
# <colnr> <probs for GDERKNQSTAVLIFYWHMCP>
#	G	D	E	R	K	N	Q	S	T	A	V	L	I	F	Y	W	H	M	C	P
0	0.54562	0.10304	0.07644	0.02358	0.01302	0.05666	0.00804	0.07186	0.01105	0.03827	0.00831	0.00946	0.00641	0.00505	0.00375	0.00157	0.00507	0.00320	0.00324	0.00636
1	0.03049	0.00743	0.00779	0.00687	0.00878	0.00780	0.00528	0.18623	0.01400	0.03919	0.01625	0.03539	0.01327	0.07937	0.00625	0.00170	0.00357	0.00531	0.51922	0.00581
2	0.02705	0.01700	0.29104	0.03398	0.08734	0.01187	0.12588	0.04116	0.16057	0.06201	0.06031	0.01653	0.02925	0.00600	0.00539	0.00170	0.00637	0.00534	0.00358	0.00764
3	0.00738	0.00576	0.00822	0.00891	0.03616	0.00525	0.03826	0.00870	0.01051	0.01434	0.04759	0.65339	0.03084	0.01431	0.00640	0.00197	0.00349	0.01305	0.00460	0.08088
4	0.01667	0.37520	0.02090	0.01125	0.01513	0.22590	0.02362	0.16139	0.07265	0.01739	0.00974	0.01053	0.00795	0.00532	0.00433	0.00134	0.00667	0.00366	0.00321	0.00716
5	0.01327	0.05822	0.01051	0.00846	0.01027	0.10589	0.00629	0.06067	0.01141	0.15235	0.01512	0.02278	0.01400	0.31515	0.15112	0.00407	0.00716	0.00583	0.02194	0.00549
6	0.01186	0.01345	0.04962	0.13492	0.02560	0.03736	0.46478	0.01557	0.01144	0.01549	0.01013	0.01405	0.00798	0.00736	0.05507	0.00224	0.10828	0.00561	0.00258	0.00662
7	0.01158	0.00735	0.00899	0.00807	0.01022	0.00725	0.00627	0.01659	0.17941	0.15831	0.39368	0.04996	0.07922	0.00965	0.00593	0.00173	0.00332	0.03034	0.00575	0.00640
8	0.00787	0.00507	0.00599	0.00599	0.00601	0.00510	0.00348	0.00764	0.00761	0.01018	0.01565	0.03188	0.01779	0.69239	0.04834	0.11024	0.00532	0.00724	0.00308	0.00313
9	0.01975	0.02520	0.01498	0.01362	0.01634	0.79299	0.01021	0.02111	0.01498	0.01294	0.00817	0.00953	0.00681	0.00545	0.00477	0.00136	0.00953	0.00340	0.00272	0.00613
10	0.12527	0.01172	0.01253	0.01077	0.01403	0.01333	0.03259	0.13898	0.51697	0.02387	0.03196	0.01735	0.01402	0.00672	0.00513	0.00174	0.00454	0.00545	0.00501	0.00801
11	0.00653	0.00485	0.00609	0.00688	0.00759	0.00441	0.00474	0.00772	0.01108	0.01457	0.12365	0.56924	0.18283	0.01525	0.00659	0.00202	0.00292	0.01361	0.00502	0.00441
12	0.00646	0.00536	0.00566	0.00566	0.00733	0.00456	0.00426	0.00796	0.01238	0.01517	0.14300	0.06423	0.65625	0.01316	0.00628	0.00179	0.00271	0.02822	0.00502	0.00453
13	0.00844	0.10701	0.01076	0.00850	0.00986	0.00829	0.00686	0.01024	0.00896	0.01241	0.01427	0.02229	0.01376	0.07305	0.60814	0.00704	0.01208	0.05023	0.00290	0.00491
14	0.01863	0.00876	0.01125	0.00898	0.01235	0.00809	0.00727	0.09646	0.04042	0.47559	0.19916	0.02302	0.03468	0.00762	0.00552	0.00163	0.00411	0.00634	0.00611	0.02401
15	0.01258	0.00588	0.00652	0.00592	0.00771	0.00568	0.00456	0.02922	0.01203	0.16165	0.01781	0.01958	0.01350	0.02372	0.00453	0.00140	0.00296	0.00506	0.65398	0.00572
16	0.01559	0.01045	0.01191	0.01000	0.01251	0.05940	0.00804	0.18384	0.03801	0.19301	0.11004	0.01877	0.01580	0.01157	0.10914	0.00255	0.09915	0.00555	0.07763	0.00701
17	0.01380	0.01402	0.02044	0.05945	0.65730	0.10997	0.01542	0.01673	0.01235	0.01659	0.00970	0.01268	0.00813	0.00482	0.00518	0.00155	0.00672	0.00455	0.00262	0.00800
18	0.01375	0.01016	0.01647	0.38423	0.17018	0.01102	0.04920	0.04929	0.01247	0.17180	0.01299	0.05311	0.01000	0.00598	0.00540	0.00171	0.00623	0.00540	0.00352	0.00710
19	0.59459	0.06002	0.03441	0.11339	0.01499	0.03669	0.03212	0.01544	0.00979	0.02087	0.02272	0.01020	0.00695	0.00505	0.00380	0.00162	0.00498	0.00339	0.00307	0.00592
20	0.01062	0.00800	0.00909	0.06071	0.01145	0.08052	0.00678	0.01198	0.01099	0.10964	0.02273	0.38533	0.06040	0.05778	0.05563	0.00250	0.05741	0.00997	0.02322	0.00524
21	0.01096	0.06125	0.00999	0.00761	0.01008	0.00701	0.00606	0.01356	0.03083	0.12739	0.43622	0.04121	0.03303	0.00874	0.00554	0.00151	0.00336	0.03181	0.00517	0.14867
22	0.07781	0.19285	0.33729	0.01543	0.14915	0.01374	0.01416	0.01699	0.03651	0.05577	0.01022	0.02392	0.00804	0.00516	0.00460	0.00153	0.00635	0.00403	0.00277	0.02367
23	0.00827	0.00526	0.00743	0.00766	0.00826	0.00511	0.02448	0.00854	0.00931	0.03780	0.02147	0.32241	0.05161	0.11712	0.06056	0.22724	0.00472	0.06494	0.00387	0.00393
24	0.62189	0.00993	0.00901	0.00766	0.01114	0.01084	0.00630	0.01842	0.02623	0.21903	0.01112	0.01123	0.00783	0.00537	0.00384	0.00164	0.00420	0.00356	0.00415	0.00662
25	0.10254	0.01030	0.01149	0.03598	0.01359	0.01118	0.00792	0.10789	0.33064	0.17116	0.12212	0.01994	0.01796	0.00715	0.00525	0.00170	0.00429	0.00583	0.00533	0.00774
26	0.01290	0.01257	0.02052	0.13158	0.65920	0.03840	0.01582	0.01603	0.01195	0.01664	0.00981	0.01310	0.00815	0.00481	0.00522	0.00159	0.00649	0.00467	0.00259	0.00797
27	0.00972	0.00486	0.00712	0.00710	0.00738	0.00475	0.00482	0.00809	0.00779	0.05670	0.01238	0.11541	0.01264	0.01742	0.01799	0.68965	0.00440	0.00594	0.00288	0.00295
28	0.00748	0.00514	0.00572	0.00575	0.00598	0.00502	0.00334	0.00767	0.00829	0.01083	0.02155	0.05466	0.11446	0.69569	0.02386	0.00464	0.00477	0.00829	0.00346	0.00339
29	0.01149	0.01117	0.01755	0.28959	0.03954	0.02578	0.12653	0.01576	0.10529	0.02402	0.01096	0.02804	0.00900	0.00740	0.02416	0.00205	0.23714	0.00526	0.00288	0.00639
30	0.00875	0.00652	0.00854	0.00939	0.01072	0.00667	0.00785	0.01253	0.10680	0.01640	0.04542	0.15235	0.04518	0.01382	0.00694	0.00228	0.00445	0.52521	0.00496	0.00522
31	0.00826	0.00590	0.00822	0.00944	0.01054	0.00586	0.00807	0.01050	0.01191	0.01553	0.02813	0.15342	0.03099	0.01485	0.00723	0.00240	0.00464	0.65442	0.00487	0.00480
32	0.00642	0.00469	0.00604	0.00711	0.00760	0.00432	0.00480	0.00739	0.01036	0.01359	0.03219	0.71588	0.12788	0.01617	0.00669	0.00210	0.00302	0.01455	0.00491	0.00432
33	0.02595	0.15156	0.47571	0.01308	0.01944	0.01280	0.05596	0.01587	0.01102	0.01615	0.00942	0.01125	0.00721	0.00583	0.02830	0.00168	0.00708	0.00381	0.01574	0.11215
34	0.01189	0.01147	0.01365	0.23840	0.09122	0.14194	0.03232	0.05016	0.01184	0.01518	0.01296	0.09299	0.01194	0.03707	0.07323	0.00238	0.04565	0.02025	0.07956	0.00589
35	0.50555	0.06697	0.11642	0.01066	0.04836	0.12626	0.02646	0.01659	0.01049	0.02003	0.00796	0.00940	0.00626	0.00496	0.00389	0.00157	0.00570	0.00324	0.00294	0.00629
36	0.00744	0.00536	0.00679	0.00646	0.00756	0.00498	0.00468	0.00952	0.01378	0.01928	0.63147	0.03942	0.08552	0.12406	0.00915	0.00216	0.00287	0.00938	0.00540	0.00471
37	0.01168	0.01212	0.03778	0.31465	0.06046	0.01223	0.38799	0.01557	0.01172	0.03950	0.01108	0.04068	0.00870	0.00526	0.00580	0.00177	0.00775	0.00582	0.00274	0.00668
38	0.01096	0.00940	0.01096	0.00783	0.01253	0.00705	0.00626	0.01331	0.01096	0.01723	0.00940	0.01096	0.00783	0.00392	0.00392	0.00078	0.00392	0.00313	0.00313	0.84653
39	0.01812	0.03723	0.01696	0.01435	0.01746	0.60888	0.10389	0.02114	0.08490	0.01428	0.00971	0.01105	0.00783	0.00547	0.00498	0.00145	0.00889	0.00399	0.00296	0.00647
40	0.00814	0.00699	0.01097	0.05696	0.01252	0.00658	0.12263	0.01073	0.01363	0.01852	0.45152	0.05077	0.18884	0.01012	0.00619	0.00172	0.00381	0.00918	0.00492	0.00525
41	0.02162	0.01041	0.01294	0.01008	0.01398	0.01006	0.00826	0.23849	0.01765	0.52036	0.01899	0.06447	0.01322	0.00709	0.00539	0.00165	0.00479	0.00574	0.00608	0.00871
42	0.01315	0.01136	0.01195	0.01076	0.01375	0.01315	0.00837	0.02809	0.77168	0.02211	0.02152	0.01972	0.01614	0.00717	0.00538	0.00179	0.00418	0.00598	0.00538	0.00837
43	0.00732	0.00526	0.00605	0.00602	0.00663	0.00511	0.00388	0.00802	0.00935	0.01223	0.08183	0.03738	0.20088	0.48430	0.10004	0.00443	0.00529	0.00844	0.00376	0.00379
44	0.67446	0.01002	0.00838	0.00736	0.01047	0.01139	0.00601	0.07936	0.01111	0.02423	0.10410	0.01280	0.01152	0.00577	0.00382	0.00163	0.00404	0.00386	0.00376	0.00591
45	0.00989	0.00845	0.00929	0.01019	0.01158	0.10431	0.00868	0.01217	0.01249	0.01543	0.02553	0.06439	0.02754	0.01349	0.00698	0.00230	0.00542	0.64226	0.00460	0.00502
46	0.00667	0.00476	0.00638	0.00756	0.00798	0.00448	0.00525	0.00777	0.01045	0.01394	0.05074	0.71795	0.03497	0.01621	0.00678	0.00216	0.00322	0.08341	0.00493	0.00437
47	0.00826	0.00590	0.00822	0.00944	0.01054	0.00586	0.00807	0.01050	0.01191	0.01553	0.02813	0.15342	0.03099	0.01485	0.00723	0.00240	0.00464	0.65442	0.00487	0.00480
48	0.35535	0.01174	0.01130	0.10801	0.01532	0.08045	0.00821	0.16492	0.01369	0.08973	0.03711	0.06062	0.01054	0.00634	0.00455	0.00165	0.00520	0.00469	0.00398	0.00661
49	0.00644	0.00460	0.00613	0.00736	0.00767	0.00429	0.00491	0.00736	0.01012	0.01350	0.02914	0.81076	0.03497	0.01656	0.00675	0.00215	0.00307	0.01503	0.00491	0.00429
50	0.00742	0.00552	0.00812	0.00827	0.00911	0.00628	0.00630	0.00913	0.00868	0.01237	0.01610	0.11981	0.01611	0.05932	0.67274	0.00761	0.01251	0.00689	0.00310	0.00462
51	0.01241	0.01407	0.03050	0.04682	0.04486	0.01330	0.72193	0.01681	0.01241	0.01683	0.01064	0.01423	0.00800	0.00449	0.00619	0.00178	0.00880	0.00616	0.00266	0.00712
52	0.01295	0.01243	0.02122	0.06510	0.74961	0.01253	0.01616	0.01611	0.01198	0.01711	0.00992	0.01313	0.00832	0.00473	0.00524	0.00158	0.00631	0.00471	0.00261	0.00827
53	0.39341	0.01289	0.01086	0.01003	0.03488	0.12100	0.00767	0.06785	0.23390	0.02196	0.01310	0.01335	0.02717	0.00593	0.00435	0.00164	0.00502	0.00422	0.00396	0.00681
54	0.27032	0.00740	0.00860	0.11846	0.01246	0.00824	0.00653	0.01221	0.03344	0.04134	0.01042	0.02950	0.00899	0.01069	0.01061	0.33304	0.00458	0.00437	0.06430	0.00451
55	0.01651	0.03751	0.01627	0.01743	0.19909	0.43477	0.01125	0.05725	0.01390	0.01514	0.02475	0.03852	0.00941	0.02678	0.00635	0.00161	0.05941	0.00447	0.00294	0.00665
56	0.00738	0.00521	0.00681	0.00689	0.00790	0.00480	0.00498	0.00934	0.01336	0.03076	0.51175	0.28420	0.06146	0.01263	0.00638	0.00182	0.00271	0.01127	0.00552	0.00482
57	0.01367	0.11770	0.35240	0.02710	0.03670	0.01368	0.02853	0.13979	0.10853	0.05905	0.01186	0.01265	0.00871	0.00546	0.00491	0.00157	0.00641	0.00429	0.00341	0.04359
58	0.01124	0.15814	0.63877	0.01428	0.02147	0.01374	0.03941	0.01660	0.01113	0.01603	0.00917	0.01081	0.00675	0.00492	0.00479	0.00159	0.00749	0.00380	0.00225	0.00762
59	0.02353	0.00930	0.01246	0.00955	0.01365	0.00822	0.00789	0.06425	0.01564	0.74569	0.02043	0.01772	0.01287	0.00653	0.00531	0.00163	0.00457	0.00529	0.00648	0.00900
60	0.01060	0.02735	0.78682	0.01507	0.02288	0.01228	0.01953	0.01674	0.01116	0.01674	0.00949	0.01116	0.00670	0.00502	0.00502	0.00167	0.00781	0.00391	0.00223	0.00781
61	0.00995	0.00587	0.00702	0.00655	0.00728	0.00577	0.00420	0.02713	0.00948	0.10825	0.06311	0.03164	0.01978	0.60811	0.06054	0.00457	0.00535	0.00734	0.00381	0.00424
62	0.01735	0.00928	0.01133	0.00946	0.01270	0.00927	0.00755	0.02411	0.28725	0.38985	0.14079	0.02201	0.02000	0.00744	0.00548	0.00170	0.00407	0.00622	0.00601	0.00814
63	0.00763	0.00510	0.00578	0.00584	0.00586	0.00509	0.00328	0.00767	0.00780	0.01040	0.01725	0.07155	0.01997	0.77624	0.02595	0.00498	0.00503	0.00804	0.00328	0.00326
64	0.08334	0.01315	0.01473	0.04399	0.01596	0.04963	0.02365	0.39103	0.02995	0.14922	0.01270	0.01347	0.00921	0.01852	0.00696	0.00175	0.10544	0.00471	0.00465	0.00795
65	0.01136	0.01166	0.03327	0.06816	0.16890	0.01193	0.28955	0.01458	0.01139	0.01578	0.01317	0.03640	0.01216	0.00827	0.03322	0.00214	0.12316	0.12529	0.00299	0.00661
66	0.00842	0.00597	0.00818	0.00924	0.01031	0.00597	0.00786	0.01055	0.01161	0.01513	0.02658	0.05651	0.02903	0.11444	0.00975	0.00277	0.00490	0.65351	0.00466	0.00466
67	0.00985	0.01135	0.11153	0.65521	0.03298	0.01136	0.01470	0.01354	0.01062	0.01391	0.01060	0.06198	0.00869	0.00594	0.00534	0.00177	0.00690	0.00522	0.00249	0.00602
68	0.14692	0.03089	0.04632	0.04127	0.08436	0.25201	0.07510	0.16647	0.03766	0.01984	0.01040	0.01283	0.00836	0.02373	0.00538	0.00165	0.00703	0.01941	0.00340	0.00697
69	0.01120	0.00904	0.00859	0.00807	0.00929	0.10523	0.00574	0.11536	0.01209	0.01625	0.01715	0.16963	0.01767	0.26607	0.02514	0.00286	0.02904	0.00748	0.15909	0.00500
70	0.34773	0.11433	0.02714	0.05879	0.18276	0.14362	0.00999	0.03095	0.01131	0.01860	0.00831	0.01015	0.00677	0.00496	0.00415	0.00152	0.00593	0.00351	0.00288	0.00661
71	0.00651	0.00537	0.00630	0.00640	0.00784	0.00466	0.02377	0.00786	0.01163	0.01440	0.07425	0.26270	0.52168	0.01395	0.00639	0.00188	0.00294	0.01205	0.00489	0.00450

[dist]
# distance from previous block
# <min> <max>
0	1

[block]
# block no. 5 follows, 46 sequences, length 65
# corresponding to MSA columns:
# 650-714
name=unknown_F
#
# <colnr> <probs for GDERKNQSTAVLIFYWHMCP>
#	G	D	E	R	K	N	Q	S	T	A	V	L	I	F	Y	W	H	M	C	P
0	0.00964	0.00861	0.01383	0.07984	0.16539	0.00882	0.08961	0.01252	0.02653	0.01724	0.23493	0.06973	0.08914	0.00925	0.00678	0.00183	0.05451	0.09169	0.00411	0.00598
1	0.00969	0.00496	0.00508	0.00505	0.00628	0.00493	0.00379	0.01215	0.01136	0.01982	0.07165	0.02112	0.01615	0.00649	0.00388	0.00126	0.00247	0.00526	0.78368	0.00493
2	0.01022	0.01312	0.16906	0.01380	0.01781	0.00989	0.26946	0.01429	0.03257	0.01781	0.17943	0.02290	0.08693	0.00713	0.00615	0.00171	0.03477	0.00675	0.07986	0.00635
3	0.06993	0.01508	0.01439	0.01158	0.01533	0.12975	0.00935	0.47117	0.08419	0.08214	0.03595	0.01375	0.01059	0.00634	0.00513	0.00158	0.00593	0.00473	0.00490	0.00820
4	0.02372	0.00900	0.01227	0.00941	0.01350	0.00777	0.00777	0.02576	0.01513	0.78489	0.02086	0.01799	0.01309	0.00654	0.00532	0.00164	0.00450	0.00532	0.00654	0.00900
5	0.00755	0.00566	0.00850	0.00850	0.00944	0.00661	0.00661	0.00944	0.00850	0.01227	0.01416	0.02077	0.01322	0.03965	0.79326	0.00850	0.01416	0.00566	0.00283	0.00472
6	0.01984	0.01432	0.01546	0.01195	0.01610	0.01579	0.00984	0.68400	0.06984	0.06814	0.01361	0.01337	0.00962	0.00641	0.00530	0.00160	0.00566	0.00486	0.00535	0.00895
7	0.02282	0.01045	0.01317	0.01009	0.01422	0.00992	0.00834	0.20978	0.01756	0.59745	0.01882	0.01667	0.01206	0.00649	0.00531	0.00162	0.00483	0.00518	0.00623	0.00900
8	0.00852	0.00608	0.00852	0.00974	0.01095	0.00608	0.00852	0.01095	0.01217	0.01582	0.02799	0.05963	0.03042	0.01460	0.00730	0.00243	0.00487	0.74565	0.00487	0.00487
9	0.00641	0.00531	0.00563	0.00577	0.00735	0.00453	0.00430	0.00781	0.01204	0.01468	0.09543	0.12557	0.63777	0.01358	0.00633	0.00183	0.00277	0.03343	0.00496	0.00449
10	0.01418	0.01124	0.01208	0.01064	0.01373	0.01275	0.00834	0.07220	0.65209	0.07729	0.04101	0.01970	0.01638	0.00717	0.00539	0.00177	0.00426	0.00595	0.00547	0.00836
11	0.00634	0.00518	0.00562	0.00596	0.00735	0.00445	0.00434	0.00760	0.01156	0.01411	0.04679	0.24509	0.57355	0.01422	0.00640	0.00189	0.00282	0.02738	0.00491	0.00443
12	0.00756	0.00564	0.00836	0.00836	0.00926	0.00654	0.00644	0.00935	0.00846	0.01217	0.01428	0.02144	0.01351	0.07751	0.75580	0.00833	0.01372	0.00576	0.00285	0.00465
13	0.01298	0.01121	0.01179	0.01062	0.01358	0.01293	0.00826	0.02758	0.75287	0.02192	0.02231	0.02050	0.03503	0.00733	0.00540	0.00179	0.00415	0.00611	0.00537	0.00827
14	0.01004	0.00947	0.01587	0.77372	0.03562	0.01190	0.01457	0.01348	0.01048	0.01348	0.00931	0.01401	0.00704	0.00543	0.00571	0.00178	0.03518	0.00470	0.00235	0.00587
15	0.00944	0.00621	0.00833	0.00842	0.00968	0.00603	0.03065	0.03726	0.04158	0.07804	0.05619	0.42252	0.02838	0.04625	0.00719	0.00214	0.00382	0.12776	0.06490	0.00521
16	0.42068	0.01170	0.01187	0.25018	0.01949	0.06986	0.00937	0.11734	0.01208	0.02112	0.00877	0.01089	0.00665	0.00526	0.00427	0.00165	0.00563	0.00372	0.00323	0.00625
17	0.00680	0.00491	0.00650	0.00751	0.00783	0.00478	0.00512	0.00772	0.00995	0.01330	0.02734	0.67889	0.03253	0.08946	0.00891	0.00244	0.02489	0.05218	0.00468	0.00426
18	0.00800	0.00615	0.00865	0.00841	0.00903	0.00726	0.00632	0.00937	0.00826	0.01184	0.01400	0.02309	0.01398	0.22029	0.53014	0.00705	0.09478	0.00604	0.00287	0.00447
19	0.06467	0.31322	0.25992	0.01143	0.01640	0.07055	0.01215	0.01732	0.01147	0.10209	0.02095	0.01112	0.00805	0.00538	0.00510	0.00148	0.05494	0.00370	0.00289	0.00716
20	0.01299	0.01246	0.02129	0.05613	0.75830	0.01254	0.01618	0.01614	0.01199	0.01716	0.00993	0.01312	0.00833	0.00473	0.00524	0.00158	0.00630	0.00471	0.00261	0.00830
21	0.02254	0.01088	0.01344	0.01030	0.01444	0.01057	0.00851	0.26548	0.01829	0.54071	0.01820	0.01627	0.01176	0.00648	0.00531	0.00162	0.00493	0.00514	0.00614	0.00899
22	0.01043	0.02642	0.75512	0.01475	0.02226	0.01195	0.01894	0.01636	0.01112	0.01661	0.01028	0.04363	0.00784	0.00549	0.00509	0.00169	0.00762	0.00436	0.00234	0.00767
23	0.02784	0.10693	0.52595	0.01714	0.14623	0.01310	0.04014	0.01645	0.01126	0.01658	0.00950	0.01142	0.00715	0.00492	0.00486	0.00159	0.00718	0.00400	0.02007	0.00767
24	0.00837	0.00581	0.00683	0.00639	0.00814	0.00516	0.00485	0.01060	0.03096	0.08002	0.37366	0.04242	0.37413	0.01154	0.00615	0.00172	0.00278	0.00985	0.00546	0.00515
25	0.00642	0.00539	0.00560	0.00573	0.00743	0.00457	0.00437	0.00782	0.01200	0.01437	0.05100	0.07426	0.70329	0.01357	0.00634	0.00184	0.00285	0.06377	0.00491	0.00449
26	0.27810	0.08892	0.12759	0.04245	0.03872	0.04125	0.07415	0.05975	0.05805	0.03506	0.04398	0.02903	0.01011	0.00691	0.03254	0.00187	0.01706	0.00446	0.00333	0.00667
27	0.00797	0.06478	0.05616	0.00816	0.00946	0.00677	0.03250	0.00964	0.03271	0.01346	0.04289	0.43947	0.03884	0.19948	0.01101	0.00270	0.00424	0.01098	0.00412	0.00468
28	0.00794	0.00570	0.00784	0.00902	0.01003	0.00560	0.00749	0.00997	0.01167	0.01521	0.02911	0.24166	0.05605	0.01504	0.00713	0.00234	0.00436	0.54426	0.00488	0.00472
29	0.03149	0.06317	0.07731	0.25836	0.21430	0.10083	0.04557	0.01549	0.03465	0.01484	0.00980	0.01339	0.00802	0.02362	0.00664	0.06205	0.00682	0.00450	0.00259	0.00655
30	0.01260	0.09276	0.35161	0.03362	0.15695	0.14106	0.03733	0.01651	0.01182	0.01547	0.01048	0.06000	0.00892	0.00638	0.02083	0.00173	0.00748	0.00467	0.00258	0.00721
31	0.01370	0.71063	0.02616	0.05761	0.01498	0.02002	0.00957	0.01547	0.01054	0.01252	0.00744	0.00904	0.00681	0.00491	0.00450	0.00125	0.06284	0.00307	0.00227	0.00666
32	0.13522	0.08306	0.21368	0.12519	0.26551	0.04180	0.01433	0.01629	0.02768	0.01711	0.00935	0.01170	0.00736	0.00496	0.00473	0.00159	0.00648	0.00406	0.00261	0.00729
33	0.00729	0.00540	0.00681	0.00655	0.00787	0.00492	0.00494	0.00956	0.01428	0.01971	0.61748	0.05965	0.16890	0.01149	0.00628	0.00172	0.00262	0.03404	0.00562	0.00488
34	0.01041	0.00697	0.00876	0.07868	0.01173	0.00676	0.00638	0.03952	0.05990	0.11493	0.30496	0.06677	0.19135	0.00984	0.00582	0.00168	0.00348	0.00844	0.03265	0.03097
35	0.00942	0.00742	0.00907	0.00783	0.01068	0.00600	0.00597	0.01125	0.01083	0.03154	0.01808	0.30246	0.01934	0.00930	0.00521	0.00141	0.00369	0.06131	0.00397	0.46521
36	0.01833	0.14981	0.01754	0.01438	0.07757	0.59185	0.01051	0.03477	0.01427	0.01362	0.00827	0.00972	0.00698	0.00526	0.00460	0.00135	0.00858	0.00345	0.00269	0.00647
37	0.00863	0.00747	0.03540	0.06802	0.10460	0.00701	0.02364	0.03892	0.01132	0.01528	0.05679	0.41973	0.02647	0.06310	0.00764	0.00220	0.00442	0.08981	0.00426	0.00528
38	0.01124	0.17039	0.64938	0.01398	0.02119	0.01384	0.01763	0.01658	0.01109	0.01596	0.00910	0.01068	0.00671	0.00493	0.00473	0.00158	0.00742	0.00371	0.00224	0.00763
39	0.01975	0.02520	0.01498	0.01362	0.01634	0.79299	0.01021	0.02111	0.01498	0.01294	0.00817	0.00953	0.00681	0.00545	0.00477	0.00136	0.00953	0.00340	0.00272	0.00613
40	0.00918	0.00459	0.00689	0.00689	0.00689	0.00459	0.00459	0.00689	0.00689	0.00918	0.00918	0.01607	0.00918	0.01837	0.02066	0.84619	0.00459	0.00459	0.00230	0.00230
41	0.00644	0.00460	0.00613	0.00736	0.00767	0.00429	0.00491	0.00736	0.01012	0.01350	0.02914	0.81076	0.03497	0.01656	0.00675	0.00215	0.00307	0.01503	0.00491	0.00429
42	0.00831	0.00604	0.00830	0.00874	0.06349	0.00566	0.00607	0.01084	0.01459	0.03776	0.66082	0.03834	0.04490	0.01051	0.00621	0.00170	0.00295	0.05391	0.00555	0.00531
43	0.00939	0.00861	0.01521	0.16401	0.01917	0.00873	0.20834	0.01249	0.02822	0.01574	0.07322	0.17993	0.06144	0.00983	0.00628	0.00195	0.00567	0.14457	0.02160	0.00561
44	0.00656	0.00483	0.00618	0.00721	0.00782	0.00445	0.00502	0.00765	0.01058	0.01379	0.03300	0.63419	0.15497	0.01591	0.00671	0.00211	0.00313	0.06663	0.00490	0.00436
45	0.01975	0.02520	0.01498	0.01362	0.01634	0.79299	0.01021	0.02111	0.01498	0.01294	0.00817	0.00953	0.00681	0.00545	0.00477	0.00136	0.00953	0.00340	0.00272	0.00613
46	0.02073	0.00879	0.01155	0.00917	0.01280	0.00798	0.00746	0.02415	0.09239	0.61438	0.09373	0.02028	0.01695	0.00701	0.00537	0.00164	0.00422	0.00578	0.02716	0.00845
47	0.00756	0.00565	0.00841	0.00841	0.00933	0.00656	0.00650	0.00939	0.00847	0.01221	0.01424	0.02119	0.01340	0.06350	0.76966	0.00839	0.01388	0.00573	0.00284	0.00467
48	0.12568	0.00992	0.01005	0.00834	0.01114	0.01082	0.00672	0.33886	0.01679	0.02615	0.01396	0.01519	0.01054	0.00607	0.00433	0.00144	0.00413	0.00458	0.36849	0.00680
49	0.01248	0.01426	0.03119	0.02228	0.02763	0.01337	0.76203	0.01693	0.01248	0.01693	0.01070	0.01426	0.00802	0.00446	0.00624	0.00178	0.00891	0.00624	0.00267	0.00713
50	0.01259	0.01408	0.03000	0.03333	0.05388	0.01336	0.69816	0.02804	0.02865	0.01725	0.01091	0.01431	0.00821	0.00456	0.00616	0.00177	0.00865	0.00614	0.00276	0.00721
51	0.85155	0.01022	0.00777	0.00695	0.01022	0.01186	0.00573	0.01554	0.00900	0.02372	0.00736	0.00859	0.00573	0.00491	0.00327	0.00164	0.00409	0.00286	0.00327	0.00573
52	0.01293	0.01297	0.04638	0.04944	0.73941	0.01253	0.01630	0.01618	0.01198	0.01717	0.00992	0.01304	0.00829	0.00473	0.00523	0.00158	0.00635	0.00468	0.00260	0.00830
53	0.00704	0.00513	0.00674	0.00767	0.00845	0.00482	0.00571	0.00855	0.01134	0.01499	0.11336	0.46798	0.10842	0.01514	0.00678	0.00213	0.00341	0.19282	0.00500	0.00453
54	0.01115	0.08590	0.54608	0.07228	0.02166	0.05613	0.03037	0.01624	0.02175	0.01604	0.03499	0.04399	0.00941	0.00569	0.00503	0.00164	0.00729	0.00455	0.00254	0.00726
55	0.01165	0.08971	0.54659	0.01670	0.10410	0.01285	0.07439	0.01675	0.01143	0.04005	0.01011	0.02435	0.00763	0.00513	0.00504	0.00163	0.00737	0.00430	0.00249	0.00772
56	0.02318	0.00950	0.01253	0.00965	0.01372	0.00856	0.00796	0.08205	0.03468	0.70866	0.02025	0.01763	0.01285	0.00654	0.00532	0.00164	0.00459	0.00529	0.00642	0.00898
57	0.01066	0.02596	0.72162	0.01578	0.05357	0.01215	0.03631	0.01653	0.01121	0.01670	0.00995	0.02819	0.00739	0.00524	0.00510	0.00168	0.00768	0.00423	0.00231	0.00775
58	0.03025	0.01051	0.02863	0.04699	0.15050	0.01073	0.12619	0.12396	0.03323	0.04331	0.01684	0.26303	0.01685	0.00910	0.00670	0.00186	0.06257	0.00818	0.00391	0.00666
59	0.03493	0.00635	0.00825	0.00847	0.05552	0.00598	0.00593	0.01171	0.03106	0.07384	0.51519	0.06621	0.12040	0.01045	0.00604	0.00170	0.00304	0.02399	0.00543	0.00549
60	0.00682	0.00482	0.00627	0.00725	0.00761	0.00458	0.00490	0.00775	0.01003	0.01338	0.05013	0.60939	0.03259	0.14361	0.00999	0.00263	0.00351	0.06591	0.00466	0.00418
61	0.01268	0.07885	0.04707	0.06078	0.09442	0.03770	0.11332	0.01570	0.03920	0.13336	0.15017	0.04598	0.07374	0.04717	0.00686	0.00183	0.02391	0.00659	0.00408	0.00659
62	0.01909	0.01375	0.03230	0.01158	0.01561	0.01462	0.00962	0.54697	0.12185	0.11722	0.01482	0.01470	0.01059	0.02519	0.00580	0.00170	0.00548	0.00503	0.00533	0.00875
63	0.00846	0.00605	0.00845	0.00967	0.01086	0.00604	0.00842	0.01086	0.01211	0.01576	0.02802	0.07982	0.03055	0.01466	0.00729	0.00243	0.00482	0.72601	0.00487	0.00485
64	0.01128	0.01448	0.15965	0.05498	0.14704	0.04156	0.21156	0.01503	0.02298	0.01670	0.11386	0.06725	0.01508	0.00676	0.00675	0.00176	0.07712	0.00623	0.00314	0.00680

[dist]
# distance from previous block
# <min> <max>
1	2

[block]
# block no. 6 follows, 46 sequences, length 35
# corresponding to MSA columns:
# 717-719,721-752
name=unknown_G
#
# <colnr> <probs for GDERKNQSTAVLIFYWHMCP>
#	G	D	E	R	K	N	Q	S	T	A	V	L	I	F	Y	W	H	M	C	P
0	0.04505	0.01182	0.10263	0.01013	0.01421	0.03589	0.00906	0.09030	0.01502	0.48924	0.05139	0.07198	0.01463	0.00714	0.00534	0.00166	0.00498	0.00582	0.00555	0.00816
1	0.74435	0.01076	0.01034	0.00863	0.01214	0.01214	0.08160	0.03651	0.00979	0.02331	0.00784	0.00927	0.00605	0.00490	0.00362	0.00165	0.00462	0.00325	0.00327	0.00596
2	0.00755	0.00525	0.00614	0.00617	0.00664	0.00509	0.00397	0.00828	0.00967	0.01290	0.14751	0.05105	0.10024	0.53409	0.01977	0.00399	0.00440	0.05958	0.00395	0.00376
3	0.01649	0.02939	0.01469	0.09030	0.01701	0.01380	0.00969	0.40787	0.08106	0.06373	0.01292	0.02484	0.00973	0.00633	0.00592	0.00157	0.06073	0.00479	0.02136	0.10777
4	0.03991	0.00889	0.01095	0.00841	0.01231	0.00719	0.03432	0.02685	0.01124	0.04991	0.01322	0.14503	0.01255	0.00624	0.00454	0.00113	0.00403	0.00535	0.00360	0.59433
5	0.07596	0.11884	0.01568	0.01228	0.01508	0.58166	0.00957	0.01939	0.01361	0.01388	0.00832	0.00982	0.00700	0.00549	0.00499	0.00139	0.04212	0.00341	0.03541	0.00612
6	0.00654	0.00529	0.00580	0.00584	0.00736	0.00456	0.00432	0.00808	0.01249	0.01570	0.20846	0.12452	0.54627	0.01315	0.00630	0.00179	0.00268	0.01120	0.00511	0.00456
7	0.00715	0.00531	0.00666	0.00648	0.00774	0.00482	0.00480	0.00927	0.01394	0.01915	0.56984	0.11884	0.18273	0.01186	0.00629	0.00173	0.00259	0.01040	0.00556	0.00482
8	0.08107	0.00908	0.01196	0.00924	0.01327	0.00805	0.00763	0.02506	0.01471	0.73216	0.01992	0.01734	0.01258	0.00643	0.00517	0.00164	0.00447	0.00515	0.00632	0.00877
9	0.00763	0.00562	0.00826	0.00826	0.00917	0.00649	0.00636	0.00945	0.00854	0.01240	0.01437	0.02139	0.01351	0.07510	0.73309	0.00812	0.01338	0.00574	0.02849	0.00465
10	0.01975	0.02520	0.01498	0.01362	0.01634	0.79299	0.01021	0.02111	0.01498	0.01294	0.00817	0.00953	0.00681	0.00545	0.00477	0.00136	0.00953	0.00340	0.00272	0.00613
11	0.01411	0.01173	0.01243	0.01087	0.01402	0.01341	0.00857	0.15202	0.61705	0.02375	0.02075	0.01984	0.02989	0.00728	0.00541	0.00177	0.00444	0.01896	0.00535	0.00834
12	0.00709	0.00509	0.00685	0.00793	0.00859	0.00485	0.00590	0.00857	0.01110	0.01476	0.08766	0.52848	0.04840	0.01551	0.00685	0.00218	0.00351	0.21720	0.00497	0.00451
13	0.00632	0.00537	0.00546	0.00547	0.00723	0.00451	0.00413	0.00771	0.01213	0.01449	0.07215	0.05074	0.74601	0.01334	0.00627	0.00179	0.00271	0.02474	0.00493	0.00448
14	0.01248	0.01068	0.01137	0.01042	0.01314	0.01226	0.00802	0.02602	0.69540	0.02125	0.02228	0.09896	0.01802	0.00811	0.00552	0.00183	0.00407	0.00688	0.00533	0.00796
15	0.71128	0.01002	0.00853	0.00737	0.01078	0.01117	0.00607	0.01727	0.01004	0.15269	0.00965	0.01018	0.00697	0.00518	0.00362	0.00164	0.00416	0.00328	0.00383	0.00628
16	0.00755	0.00566	0.00850	0.00850	0.00944	0.00661	0.00661	0.00944	0.00850	0.01227	0.01416	0.02077	0.01322	0.03965	0.79326	0.00850	0.01416	0.00566	0.00283	0.00472
17	0.85155	0.01022	0.00777	0.00695	0.01022	0.01186	0.00573	0.01554	0.00900	0.02372	0.00736	0.00859	0.00573	0.00491	0.00327	0.00164	0.00409	0.00286	0.00327	0.00573
18	0.01253	0.01200	0.02046	0.16962	0.64838	0.01242	0.01595	0.01574	0.01178	0.01660	0.00985	0.01326	0.00814	0.00481	0.00524	0.00160	0.00642	0.00471	0.00257	0.00793
19	0.01301	0.00721	0.00904	0.00784	0.01020	0.00669	0.00617	0.06826	0.03003	0.24255	0.32701	0.06589	0.14530	0.00991	0.00594	0.00171	0.00346	0.02759	0.00578	0.00639
20	0.13343	0.01318	0.01401	0.01118	0.01460	0.02719	0.00914	0.47492	0.04985	0.06597	0.01224	0.01342	0.00922	0.04001	0.00711	0.00182	0.08548	0.00466	0.00465	0.00791
21	0.01475	0.15425	0.05799	0.01552	0.16582	0.30160	0.01079	0.04558	0.01303	0.01480	0.01218	0.14602	0.01196	0.00704	0.00499	0.00152	0.00690	0.00561	0.00307	0.00657
22	0.00872	0.00642	0.00845	0.00910	0.01040	0.00656	0.00757	0.01190	0.07570	0.01574	0.05351	0.04927	0.04331	0.09545	0.06343	0.00300	0.00533	0.50186	0.00461	0.01968
23	0.01298	0.35128	0.20790	0.05098	0.06287	0.01596	0.12336	0.02803	0.02347	0.03646	0.00956	0.02155	0.00778	0.00506	0.00483	0.00148	0.02254	0.00413	0.00259	0.00720
24	0.03042	0.04273	0.01617	0.09443	0.18304	0.01075	0.03985	0.07668	0.02827	0.39963	0.01562	0.01552	0.01066	0.00583	0.00522	0.00162	0.00544	0.00500	0.00479	0.00833
25	0.02292	0.00925	0.01232	0.00949	0.01349	0.00823	0.00782	0.07318	0.01576	0.70975	0.04640	0.01839	0.01409	0.00668	0.00535	0.00163	0.00452	0.00543	0.00644	0.00886
26	0.01151	0.02517	0.14501	0.03929	0.13778	0.02561	0.31688	0.01535	0.01180	0.01667	0.01282	0.07088	0.01108	0.00610	0.00577	0.00172	0.01774	0.03492	0.08705	0.00685
27	0.02557	0.01191	0.09830	0.34474	0.05907	0.01167	0.03460	0.09775	0.01260	0.09410	0.01185	0.03639	0.00911	0.00612	0.00610	0.00173	0.06626	0.00500	0.06037	0.00677
28	0.00750	0.00571	0.00701	0.00751	0.00850	0.00559	0.00536	0.01054	0.10578	0.01611	0.16585	0.46961	0.11541	0.01396	0.00645	0.00199	0.00311	0.03393	0.00513	0.00496
