[name]
unknown

[dist]
# distance from previous block
# <min> <max>
55	127

[block]
# block no. 0 follows, 41 sequences, length 19
# corresponding to MSA columns:
# 183-191,193-202
name=unknown_A
#
# <colnr> <probs for GDERKNQSTAVLIFYWHMCP>
#	G	D	E	R	K	N	Q	S	T	A	V	L	I	F	Y	W	H	M	C	P
0	0.03729	0.17969	0.24931	0.01336	0.03965	0.11109	0.01315	0.04965	0.12065	0.04879	0.03519	0.01389	0.01066	0.00596	0.00506	0.00161	0.00686	0.00448	0.00352	0.05013
1	0.01563	0.01150	0.01346	0.04250	0.04034	0.01191	0.00891	0.33329	0.01877	0.05351	0.09169	0.10409	0.01783	0.04431	0.00698	0.00185	0.01631	0.00681	0.02897	0.13133
2	0.01508	0.01143	0.04229	0.04120	0.01434	0.06463	0.00844	0.12712	0.04049	0.15112	0.11603	0.14285	0.02093	0.03020	0.00644	0.00180	0.00506	0.00743	0.02590	0.12722
3	0.01448	0.01179	0.01338	0.01096	0.02654	0.04173	0.02285	0.20460	0.06239	0.03830	0.10115	0.06626	0.01693	0.03285	0.00678	0.00165	0.03926	0.00603	0.00461	0.27746
4	0.06682	0.01864	0.28636	0.01695	0.02251	0.01305	0.25918	0.01765	0.03764	0.04272	0.05069	0.01674	0.03461	0.00711	0.02358	0.00207	0.06707	0.00578	0.00322	0.00761
5	0.01398	0.05364	0.11544	0.01193	0.04685	0.06607	0.01007	0.15661	0.05915	0.06755	0.17361	0.12157	0.06097	0.00929	0.00601	0.00181	0.00540	0.00778	0.00492	0.00734
6	0.01425	0.44949	0.18794	0.01231	0.01757	0.03603	0.06091	0.04639	0.01262	0.01634	0.03091	0.01203	0.00916	0.00554	0.00496	0.00149	0.03191	0.00403	0.03861	0.00751
7	0.00746	0.00562	0.00668	0.00731	0.00819	0.00525	0.00503	0.00910	0.03973	0.01496	0.05368	0.42122	0.23335	0.12576	0.01015	0.00265	0.00359	0.03044	0.00509	0.00473
8	0.00851	0.00677	0.00771	0.00810	0.00916	0.03873	0.00559	0.02399	0.01169	0.01550	0.06607	0.52904	0.06405	0.09153	0.00897	0.00241	0.00393	0.01306	0.00491	0.08028
9	0.03491	0.05624	0.01651	0.02469	0.01680	0.06600	0.01017	0.45892	0.07451	0.06200	0.01368	0.01440	0.01020	0.02512	0.00639	0.00175	0.03032	0.00497	0.00503	0.06740
10	0.00813	0.00562	0.00666	0.00672	0.00701	0.00569	0.00415	0.00857	0.00888	0.01186	0.02087	0.07102	0.06929	0.60086	0.13621	0.00570	0.00670	0.00861	0.00361	0.00385
11	0.00709	0.00577	0.00611	0.00615	0.00780	0.00498	0.00452	0.00853	0.01282	0.01571	0.11141	0.07552	0.59271	0.08451	0.00881	0.00228	0.00320	0.03209	0.00523	0.00476
12	0.01357	0.01710	0.16416	0.13448	0.42745	0.05969	0.06639	0.01762	0.01285	0.01770	0.01052	0.01377	0.00839	0.00528	0.00567	0.00175	0.00763	0.00496	0.00272	0.00833
13	0.02181	0.01519	0.01675	0.01291	0.01728	0.01670	0.01067	0.63577	0.02500	0.11589	0.01446	0.01432	0.01013	0.00702	0.00625	0.00175	0.03759	0.00521	0.00574	0.00959
14	0.01973	0.01269	0.01431	0.01168	0.01566	0.01364	0.00942	0.24479	0.32542	0.23824	0.02020	0.01852	0.01419	0.00730	0.00577	0.00182	0.00516	0.00587	0.00615	0.00945
15	0.00777	0.00532	0.00630	0.00686	0.00726	0.00509	0.00435	0.00849	0.01009	0.01363	0.02734	0.35448	0.09491	0.34924	0.01632	0.00359	0.00418	0.01178	0.05879	0.00421
16	0.11318	0.40738	0.02138	0.01065	0.01440	0.16115	0.00939	0.03792	0.04465	0.01660	0.00962	0.01106	0.00821	0.00574	0.00503	0.00146	0.05418	0.00365	0.05736	0.00701
17	0.06795	0.01976	0.32963	0.04632	0.20697	0.01344	0.06257	0.03704	0.04746	0.06344	0.01162	0.01366	0.00869	0.00576	0.00609	0.00182	0.04145	0.00481	0.00315	0.00838
18	0.04657	0.00680	0.00811	0.00797	0.00971	0.00613	0.00570	0.03316	0.01187	0.01692	0.05862	0.46033	0.07952	0.04229	0.00718	0.00204	0.00368	0.01180	0.00482	0.17681

[dist]
# distance from previous block
# <min> <max>
0	1

[block]
# block no. 1 follows, 41 sequences, length 13
# corresponding to MSA columns:
# 204-216
name=unknown_B
#
# <colnr> <probs for GDERKNQSTAVLIFYWHMCP>
#	G	D	E	R	K	N	Q	S	T	A	V	L	I	F	Y	W	H	M	C	P
0	0.01167	0.02665	0.63308	0.06654	0.02631	0.01339	0.10713	0.01791	0.01221	0.01791	0.01041	0.01268	0.00744	0.00538	0.00561	0.00183	0.00854	0.00458	0.00248	0.00823
1	0.79761	0.05118	0.00950	0.00764	0.01125	0.01333	0.00638	0.01683	0.00983	0.02504	0.00796	0.00929	0.00625	0.00529	0.00355	0.00174	0.00451	0.00310	0.00348	0.00625
2	0.01171	0.01040	0.01411	0.01113	0.03698	0.00862	0.08889	0.01516	0.05584	0.01847	0.01348	0.09973	0.01230	0.00605	0.00499	0.00122	0.00483	0.00542	0.00367	0.57698
3	0.05978	0.05539	0.01572	0.01273	0.01575	0.29652	0.01013	0.23537	0.01734	0.02149	0.01115	0.01302	0.00898	0.00939	0.06548	0.00223	0.08622	0.00448	0.05149	0.00734
4	0.01211	0.01191	0.01674	0.01447	0.01457	0.01655	0.01201	0.01343	0.00880	0.01372	0.00824	0.01345	0.00815	0.01310	0.08997	0.00313	0.71584	0.00511	0.00256	0.00615
5	0.01036	0.00687	0.00875	0.08806	0.01167	0.00791	0.00680	0.01272	0.01098	0.01795	0.01638	0.05167	0.01410	0.03873	0.11062	0.00278	0.10737	0.00591	0.46494	0.00544
6	0.00994	0.00497	0.00745	0.00745	0.00745	0.00497	0.00497	0.00745	0.00745	0.00994	0.00994	0.01739	0.00994	0.01987	0.02235	0.83358	0.00497	0.00497	0.00248	0.00248
7	0.00720	0.00512	0.00674	0.00788	0.00827	0.00482	0.00530	0.00825	0.01104	0.01477	0.06174	0.67677	0.03699	0.08023	0.00905	0.00257	0.00354	0.03993	0.00520	0.00461
8	0.02137	0.02726	0.01621	0.01474	0.01768	0.77602	0.01105	0.02284	0.01621	0.01400	0.00884	0.01031	0.00737	0.00589	0.00516	0.00147	0.01031	0.00368	0.00295	0.00663
9	0.12126	0.03369	0.01554	0.22773	0.16223	0.09982	0.01186	0.03765	0.06564	0.05360	0.01569	0.01768	0.07199	0.00655	0.00534	0.00175	0.00636	0.00534	0.03308	0.00718
10	0.01242	0.07311	0.01172	0.00928	0.01171	0.05621	0.00739	0.12360	0.07995	0.04118	0.19281	0.05217	0.14950	0.07004	0.00796	0.00214	0.00472	0.08246	0.00517	0.00644
11	0.03633	0.12554	0.16961	0.03327	0.08635	0.15709	0.01190	0.01791	0.03732	0.04120	0.01338	0.01538	0.04408	0.03243	0.00577	0.00164	0.00676	0.00461	0.04477	0.11467
12	0.31189	0.19086	0.12723	0.01311	0.09170	0.05377	0.01110	0.06183	0.01239	0.04560	0.00945	0.01091	0.00747	0.00552	0.00474	0.00165	0.02634	0.00375	0.00325	0.00743

[dist]
# distance from previous block
# <min> <max>
6	11

[block]
# block no. 2 follows, 41 sequences, length 12
# corresponding to MSA columns:
# 229-240
name=unknown_C
#
# <colnr> <probs for GDERKNQSTAVLIFYWHMCP>
#	G	D	E	R	K	N	Q	S	T	A	V	L	I	F	Y	W	H	M	C	P
0	0.72161	0.01106	0.00970	0.03662	0.04679	0.01259	0.00720	0.01746	0.01036	0.07093	0.00908	0.01036	0.00687	0.00542	0.00385	0.00177	0.00467	0.00342	0.00369	0.00655
1	0.01040	0.00822	0.00889	0.00834	0.01070	0.00832	0.00641	0.03511	0.24488	0.04910	0.08913	0.08349	0.37041	0.01194	0.00646	0.00196	0.00365	0.03047	0.00562	0.00651
2	0.00841	0.00595	0.00724	0.00723	0.00770	0.00623	0.00470	0.00965	0.03815	0.01242	0.01948	0.05950	0.04678	0.52342	0.21342	0.00607	0.00778	0.00811	0.00359	0.00419
3	0.00705	0.00509	0.00668	0.00780	0.00829	0.00472	0.00527	0.00821	0.01148	0.01533	0.09309	0.69878	0.07253	0.01725	0.00723	0.00226	0.00325	0.01558	0.00539	0.00472
4	0.00911	0.00644	0.00810	0.00758	0.00913	0.00606	0.00570	0.05239	0.01609	0.04098	0.58050	0.11043	0.10146	0.01208	0.00672	0.00185	0.00303	0.01061	0.00612	0.00564
5	0.00713	0.00514	0.00675	0.00775	0.00831	0.00477	0.00528	0.00840	0.01183	0.01589	0.14231	0.64904	0.07252	0.01683	0.00719	0.00223	0.00321	0.01518	0.00546	0.00477
6	0.01598	0.00781	0.01027	0.00914	0.01180	0.00711	0.00727	0.03259	0.02987	0.34436	0.14082	0.16039	0.08579	0.01128	0.00651	0.00199	0.00419	0.09930	0.00624	0.00726
7	0.46754	0.01136	0.00978	0.00885	0.01177	0.08025	0.00701	0.01742	0.05453	0.07771	0.01184	0.01457	0.00971	0.05087	0.14207	0.00325	0.00698	0.00434	0.00380	0.00635
8	0.08092	0.02883	0.08411	0.12300	0.02292	0.03139	0.20050	0.11929	0.03693	0.12052	0.03936	0.01568	0.01084	0.00629	0.00656	0.00186	0.05364	0.00554	0.00398	0.00785
9	0.01128	0.00785	0.00854	0.00800	0.00920	0.03269	0.00548	0.09913	0.02868	0.05854	0.02141	0.14238	0.05657	0.40800	0.04595	0.00400	0.00554	0.00875	0.03282	0.00517
10	0.00993	0.04371	0.03542	0.00845	0.01008	0.00723	0.02805	0.01230	0.04765	0.05887	0.06005	0.31352	0.08778	0.11221	0.00934	0.00241	0.01841	0.01054	0.11852	0.00552
11	0.09965	0.17660	0.24433	0.01496	0.05557	0.15799	0.07602	0.01953	0.03841	0.05180	0.01045	0.01193	0.00806	0.00549	0.00499	0.00163	0.00765	0.00418	0.00303	0.00771

[dist]
# distance from previous block
# <min> <max>
0	10

[block]
# block no. 3 follows, 41 sequences, length 14
# corresponding to MSA columns:
# 251-264
name=unknown_D
#
# <colnr> <probs for GDERKNQSTAVLIFYWHMCP>
#	G	D	E	R	K	N	Q	S	T	A	V	L	I	F	Y	W	H	M	C	P
0	0.01308	0.00964	0.01211	0.11641	0.01584	0.02431	0.02540	0.09287	0.06845	0.08554	0.03069	0.07832	0.06665	0.08209	0.03421	0.00237	0.06202	0.00687	0.10300	0.07015
1	0.04995	0.04929	0.01108	0.00866	0.01146	0.00962	0.00693	0.17081	0.03469	0.06815	0.29031	0.03297	0.18632	0.01000	0.00606	0.00175	0.00399	0.00830	0.00558	0.03410
2	0.06118	0.04703	0.03002	0.01109	0.07001	0.01036	0.00814	0.16091	0.03496	0.05758	0.10694	0.09181	0.17017	0.05446	0.00804	0.02986	0.01663	0.01924	0.00486	0.00670
3	0.01184	0.00781	0.00997	0.00966	0.01178	0.00768	0.02086	0.01598	0.12080	0.12179	0.05033	0.08002	0.12164	0.07719	0.00873	0.00247	0.00471	0.28572	0.00540	0.02563
4	0.00758	0.00545	0.00632	0.00669	0.00727	0.00512	0.00429	0.00831	0.01048	0.01362	0.06540	0.26313	0.18786	0.36355	0.01684	0.00364	0.00419	0.01155	0.00454	0.00420
5	0.01182	0.04329	0.54811	0.10357	0.06387	0.01367	0.08058	0.01757	0.01207	0.01754	0.01026	0.01276	0.00751	0.00551	0.00590	0.00183	0.02896	0.00457	0.00249	0.00810
6	0.01372	0.01361	0.02070	0.24532	0.43185	0.07001	0.04032	0.01792	0.05782	0.01749	0.01124	0.01466	0.00902	0.00549	0.00569	0.00176	0.00725	0.00513	0.00294	0.00806
7	0.00901	0.00586	0.00776	0.00799	0.00919	0.00542	0.00592	0.01097	0.01377	0.07348	0.32874	0.33612	0.06573	0.01427	0.00700	0.00209	0.00336	0.08210	0.00584	0.00539
8	0.01416	0.01359	0.02322	0.03511	0.76330	0.01359	0.01755	0.01755	0.01302	0.01869	0.01076	0.01416	0.00906	0.00510	0.00566	0.00170	0.00680	0.00510	0.00283	0.00906
9	0.01212	0.00857	0.01023	0.00952	0.01116	0.00914	0.00703	0.18104	0.05195	0.05328	0.02207	0.31828	0.02325	0.14458	0.08169	0.00331	0.03158	0.01010	0.00491	0.00618
10	0.00703	0.00523	0.00639	0.00728	0.00798	0.00477	0.00492	0.00805	0.01126	0.01453	0.03706	0.54685	0.21822	0.08129	0.00896	0.00249	0.00340	0.01455	0.00516	0.00459
11	0.01328	0.01478	0.03118	0.08705	0.07476	0.01437	0.61316	0.01781	0.01314	0.01788	0.01126	0.01524	0.00857	0.00509	0.00702	0.00193	0.03654	0.00645	0.00285	0.00763
12	0.01341	0.04128	0.06389	0.04491	0.12615	0.01441	0.52848	0.01783	0.01308	0.01798	0.01109	0.01472	0.00855	0.00504	0.00668	0.00185	0.03054	0.00611	0.00284	0.03115
13	0.01096	0.01013	0.01644	0.66740	0.06269	0.01226	0.01483	0.03889	0.01215	0.01556	0.01424	0.01843	0.06970	0.00646	0.00580	0.00189	0.00716	0.00566	0.00289	0.00644

[dist]
# distance from previous block
# <min> <max>
0	25

[block]
# block no. 4 follows, 41 sequences, length 11
# corresponding to MSA columns:
# 290-300
name=unknown_E
#
# <colnr> <probs for GDERKNQSTAVLIFYWHMCP>
#	G	D	E	R	K	N	Q	S	T	A	V	L	I	F	Y	W	H	M	C	P
0	0.01087	0.00787	0.00980	0.00902	0.01041	0.00870	0.00670	0.15285	0.01237	0.01702	0.01587	0.02555	0.01548	0.27745	0.38719	0.00657	0.01044	0.00664	0.00371	0.00548
1	0.01227	0.01044	0.01236	0.04579	0.01498	0.00834	0.00740	0.04836	0.01254	0.01926	0.01033	0.01211	0.00849	0.00443	0.00438	0.00094	0.00449	0.00355	0.00346	0.75608
2	0.13514	0.01296	0.08485	0.06157	0.07384	0.01319	0.10882	0.03656	0.01081	0.01717	0.01087	0.03363	0.01002	0.10276	0.01265	0.03749	0.22268	0.00555	0.00300	0.00643
3	0.00716	0.00525	0.00673	0.00755	0.00828	0.00481	0.00521	0.00855	0.01223	0.01633	0.17693	0.55893	0.12839	0.01629	0.00713	0.00217	0.00315	0.01460	0.00550	0.00481
4	0.01434	0.01509	0.01733	0.03492	0.01760	0.21832	0.17629	0.01760	0.05021	0.01692	0.01459	0.01730	0.04595	0.00858	0.04304	0.00211	0.11486	0.00557	0.16287	0.00653
5	0.00873	0.00600	0.00726	0.00685	0.00832	0.00543	0.00500	0.01068	0.01421	0.05948	0.42818	0.04387	0.22986	0.12931	0.01002	0.00239	0.00329	0.01024	0.00566	0.00520
6	0.00819	0.00597	0.00731	0.00785	0.00887	0.00570	0.00598	0.00968	0.01173	0.01507	0.06560	0.09407	0.20626	0.24401	0.01373	0.00326	0.00455	0.27276	0.00480	0.00461
7	0.52590	0.00997	0.00927	0.00796	0.01142	0.01068	0.00650	0.01857	0.01192	0.20137	0.05490	0.01617	0.04603	0.00656	0.00441	0.00176	0.00429	0.00463	0.04080	0.00689
8	0.00783	0.00563	0.00665	0.00692	0.00758	0.00541	0.00463	0.00872	0.01050	0.01371	0.07055	0.16015	0.17593	0.38074	0.05857	0.00410	0.00501	0.05874	0.00439	0.00424
9	0.04795	0.01504	0.10858	0.01932	0.05807	0.01385	0.36230	0.01632	0.01192	0.01750	0.01204	0.07001	0.01047	0.00702	0.00891	0.00203	0.17374	0.00649	0.03126	0.00719
10	0.05720	0.07487	0.01192	0.00914	0.01119	0.02529	0.00712	0.12012	0.01284	0.05061	0.01541	0.07214	0.01463	0.18783	0.08144	0.00323	0.07975	0.00633	0.11335	0.04559

[dist]
# distance from previous block
# <min> <max>
5	11

[block]
# block no. 5 follows, 41 sequences, length 25
# corresponding to MSA columns:
# 312-336
name=unknown_F
#
# <colnr> <probs for GDERKNQSTAVLIFYWHMCP>
#	G	D	E	R	K	N	Q	S	T	A	V	L	I	F	Y	W	H	M	C	P
0	0.04527	0.01279	0.04690	0.19412	0.07706	0.01338	0.23461	0.05959	0.01276	0.01859	0.01146	0.01517	0.00896	0.00616	0.00752	0.00189	0.11516	0.00551	0.10603	0.00709
1	0.01865	0.03744	0.01501	0.01183	0.01575	0.01477	0.00958	0.31630	0.30862	0.13185	0.04571	0.01842	0.01491	0.00736	0.00574	0.00180	0.00527	0.00587	0.00587	0.00923
2	0.01454	0.01454	0.06202	0.09799	0.02064	0.10102	0.15255	0.01713	0.01185	0.09083	0.01107	0.01451	0.00889	0.00853	0.02923	0.03005	0.26953	0.00527	0.03295	0.00688
3	0.00960	0.00598	0.00761	0.00800	0.00912	0.00555	0.00565	0.01128	0.03362	0.10417	0.06956	0.48167	0.11175	0.07750	0.00873	0.00244	0.00369	0.03329	0.00544	0.00536
4	0.01138	0.00702	0.00863	0.00822	0.01009	0.00662	0.00617	0.03592	0.06456	0.14453	0.17804	0.24456	0.17010	0.04188	0.00750	0.00214	0.00370	0.03704	0.00578	0.00612
5	0.08363	0.01728	0.19042	0.07942	0.07343	0.03704	0.25387	0.03903	0.01253	0.01843	0.01073	0.02822	0.00854	0.00612	0.00720	0.01576	0.07706	0.00538	0.00292	0.03296
6	0.01087	0.00853	0.01091	0.15243	0.01630	0.00940	0.00854	0.04143	0.20520	0.04311	0.04682	0.27132	0.05454	0.04668	0.03432	0.00246	0.00509	0.02072	0.00488	0.00646
7	0.00814	0.00668	0.00732	0.00730	0.00914	0.00631	0.00553	0.01185	0.11771	0.01755	0.13128	0.12496	0.45411	0.01364	0.00675	0.00200	0.00329	0.05544	0.00550	0.00550
8	0.00908	0.00618	0.00834	0.00911	0.01038	0.00592	0.00738	0.01125	0.01324	0.04975	0.14388	0.22975	0.08137	0.01521	0.00742	0.00235	0.00425	0.37432	0.00552	0.00531
9	0.01355	0.04924	0.22953	0.06146	0.39463	0.04102	0.03129	0.01878	0.07143	0.01837	0.01142	0.01389	0.00902	0.00545	0.00554	0.00174	0.00727	0.00486	0.00293	0.00858
10	0.03600	0.05429	0.67730	0.01695	0.06826	0.01361	0.02010	0.01801	0.01205	0.01821	0.01015	0.01202	0.00733	0.00539	0.00533	0.00178	0.00816	0.00421	0.00247	0.00839
11	0.01009	0.00915	0.01052	0.01018	0.01135	0.10371	0.00789	0.01197	0.01002	0.01335	0.01409	0.02067	0.01316	0.05299	0.61683	0.00774	0.06214	0.00580	0.00302	0.00533
12	0.00715	0.00572	0.00633	0.00635	0.00793	0.00497	0.00466	0.00881	0.01346	0.01704	0.22275	0.12148	0.50148	0.03706	0.00746	0.00204	0.00297	0.01194	0.00549	0.00491
13	0.01781	0.01312	0.01368	0.01171	0.01531	0.06041	0.00925	0.10951	0.47785	0.17427	0.02118	0.01943	0.01531	0.00741	0.00575	0.00185	0.00515	0.00600	0.00589	0.00912
14	0.00826	0.00559	0.00641	0.00641	0.00654	0.00563	0.00373	0.00844	0.00852	0.01137	0.01908	0.03701	0.04320	0.72614	0.07650	0.00567	0.00609	0.00829	0.00350	0.00361
15	0.01186	0.01017	0.01186	0.00847	0.01356	0.00762	0.00678	0.01440	0.01186	0.01864	0.01017	0.01186	0.00847	0.00424	0.00424	0.00085	0.00424	0.00339	0.00339	0.83395
16	0.00721	0.00575	0.00641	0.00637	0.00797	0.00500	0.00470	0.00896	0.01371	0.01750	0.26249	0.10159	0.48506	0.03275	0.00733	0.00201	0.00293	0.01176	0.00556	0.00495
17	0.00703	0.00506	0.00667	0.00784	0.00829	0.00470	0.00528	0.00814	0.01134	0.01513	0.07611	0.72428	0.06408	0.01743	0.00725	0.00228	0.00327	0.01576	0.00537	0.00470
18	0.00737	0.00530	0.00685	0.00782	0.00841	0.00498	0.00543	0.00859	0.01148	0.01523	0.08945	0.54622	0.08999	0.08807	0.00926	0.00257	0.00362	0.07946	0.00522	0.00467
19	0.01857	0.01323	0.01435	0.01154	0.01525	0.01442	0.00933	0.51548	0.06797	0.05850	0.01799	0.09387	0.03268	0.00820	0.00576	0.00176	0.00542	0.00655	0.08046	0.00866
20	0.01690	0.16523	0.12195	0.01444	0.04303	0.22133	0.05049	0.15762	0.03818	0.01930	0.01085	0.01263	0.00871	0.00848	0.05833	0.00213	0.03491	0.00443	0.00339	0.00770
21	0.01385	0.01480	0.06851	0.10785	0.56275	0.04357	0.04359	0.01740	0.01280	0.01787	0.01051	0.01398	0.00867	0.00537	0.00613	0.00175	0.03428	0.00504	0.00277	0.00851
22	0.01588	0.37938	0.08053	0.03552	0.01663	0.23276	0.01084	0.01906	0.06599	0.01495	0.01292	0.01456	0.05291	0.00623	0.00471	0.00148	0.00721	0.01825	0.00305	0.00713
23	0.00815	0.00558	0.00640	0.00639	0.00668	0.00546	0.00382	0.00861	0.00967	0.01294	0.11329	0.06344	0.06982	0.62890	0.02429	0.00476	0.00496	0.00905	0.00399	0.00383
24	0.01306	0.01046	0.03263	0.00979	0.01301	0.00981	0.00790	0.18612	0.07892	0.04071	0.04739	0.13764	0.08004	0.05682	0.00729	0.00195	0.00474	0.05975	0.00489	0.19710

[dist]
# distance from previous block
# <min> <max>
1	5

[block]
# block no. 6 follows, 41 sequences, length 12
# corresponding to MSA columns:
# 342-350,352-354
name=unknown_G
#
# <colnr> <probs for GDERKNQSTAVLIFYWHMCP>
#	G	D	E	R	K	N	Q	S	T	A	V	L	I	F	Y	W	H	M	C	P
0	0.34553	0.04124	0.21143	0.01260	0.04216	0.01358	0.04534	0.06738	0.04731	0.05828	0.02639	0.01266	0.00893	0.00594	0.00532	0.00180	0.03870	0.00428	0.00360	0.00752
1	0.05966	0.01089	0.01258	0.00992	0.01391	0.05405	0.00802	0.08142	0.01622	0.41885	0.11692	0.01996	0.01749	0.00711	0.00552	0.00162	0.00490	0.00572	0.00591	0.12934
2	0.06965	0.00648	0.00725	0.07748	0.01054	0.00682	0.00563	0.03082	0.01257	0.02124	0.10195	0.05865	0.01886	0.00759	0.00463	0.00153	0.00337	0.00623	0.54315	0.00557
3	0.00862	0.00591	0.00810	0.00810	0.00902	0.00660	0.00607	0.01046	0.00954	0.01432	0.01629	0.02451	0.01533	0.14945	0.53387	0.00732	0.01172	0.00632	0.14359	0.00490
4	0.00735	0.00552	0.00664	0.00724	0.00822	0.00504	0.00515	0.00868	0.01199	0.01545	0.10376	0.34139	0.26895	0.10286	0.00955	0.00254	0.00355	0.07623	0.00519	0.00470
5	0.00731	0.00534	0.00679	0.00767	0.00838	0.00496	0.00536	0.00859	0.01173	0.01545	0.10113	0.50929	0.14290	0.06952	0.00869	0.00246	0.00351	0.07093	0.00527	0.00471
6	0.01031	0.00702	0.00789	0.00740	0.00821	0.00729	0.00483	0.11387	0.01142	0.01567	0.01813	0.07688	0.01951	0.55183	0.05569	0.00468	0.00575	0.00803	0.06097	0.00463
7	0.01378	0.03655	0.18903	0.12980	0.41599	0.04767	0.01736	0.04953	0.01332	0.01844	0.01055	0.01353	0.00837	0.00536	0.00555	0.00173	0.00740	0.00479	0.00282	0.00844
8	0.39045	0.29000	0.06260	0.00965	0.01398	0.07415	0.00894	0.04373	0.01180	0.03885	0.00873	0.00991	0.00707	0.00532	0.00395	0.00156	0.00578	0.00334	0.00321	0.00698
9	0.01309	0.00875	0.01005	0.00903	0.01076	0.00908	0.00655	0.21990	0.01492	0.07036	0.02042	0.18572	0.02122	0.32413	0.01543	0.00341	0.00525	0.04111	0.00481	0.00600
10	0.02977	0.01408	0.09422	0.15410	0.28593	0.01306	0.03941	0.08467	0.08909	0.02009	0.01320	0.01750	0.01080	0.00622	0.00570	0.00178	0.00662	0.04618	0.00350	0.06408
11	0.13387	0.15666	0.01741	0.01209	0.01594	0.29529	0.00983	0.18665	0.04992	0.02125	0.01039	0.01132	0.00824	0.00587	0.00479	0.00152	0.00731	0.00394	0.00373	0.04397

[dist]
# distance from previous block
# <min> <max>
1	2

[block]
# block no. 7 follows, 41 sequences, length 20
# corresponding to MSA columns:
# 357-367,377-385
name=unknown_H
#
# <colnr> <probs for GDERKNQSTAVLIFYWHMCP>
#	G	D	E	R	K	N	Q	S	T	A	V	L	I	F	Y	W	H	M	C	P
0	0.00757	0.00590	0.00710	0.04501	0.00957	0.00554	0.00536	0.00938	0.02822	0.01614	0.16182	0.25602	0.30456	0.10045	0.00929	0.00241	0.00354	0.01208	0.00515	0.00489
1	0.00954	0.00684	0.00905	0.04763	0.01070	0.00776	0.00662	0.03915	0.01041	0.01532	0.03756	0.02516	0.01615	0.21325	0.33096	0.00574	0.05872	0.00649	0.13790	0.00507
2	0.01101	0.01078	0.05475	0.01133	0.01313	0.02869	0.03575	0.03745	0.06565	0.01637	0.04616	0.09683	0.05999	0.08733	0.11502	0.00333	0.21870	0.00720	0.02797	0.05258
3	0.10508	0.08531	0.32240	0.05539	0.15475	0.10184	0.01576	0.04347	0.01289	0.01857	0.01037	0.03056	0.00831	0.00573	0.00516	0.00171	0.00749	0.00446	0.00287	0.00786
4	0.01186	0.01101	0.04206	0.10039	0.31609	0.03946	0.01228	0.01429	0.03944	0.01587	0.01490	0.14698	0.01469	0.01053	0.00915	0.15986	0.00602	0.02523	0.00331	0.00658
5	0.04198	0.56343	0.09586	0.01068	0.01549	0.07584	0.01061	0.04879	0.01289	0.01590	0.05494	0.01181	0.01028	0.00554	0.00422	0.00137	0.00639	0.00376	0.00290	0.00734
6	0.03944	0.01175	0.14890	0.01128	0.05009	0.00858	0.00980	0.01567	0.04103	0.15121	0.10174	0.17364	0.13349	0.01077	0.00669	0.00198	0.03025	0.04187	0.00494	0.00687
7	0.01512	0.38304	0.28885	0.01285	0.01881	0.07975	0.01402	0.09515	0.01378	0.01755	0.00946	0.01078	0.00756	0.00538	0.00463	0.00150	0.00730	0.00374	0.00282	0.00793
8	0.00840	0.00664	0.00811	0.00791	0.00956	0.00603	0.00585	0.00996	0.01183	0.01603	0.08484	0.29877	0.18279	0.07001	0.00868	0.00220	0.03657	0.06511	0.00478	0.15595
9	0.19177	0.06504	0.23014	0.04586	0.08161	0.01267	0.01260	0.06770	0.02699	0.10566	0.09438	0.01611	0.01349	0.00637	0.00516	0.00175	0.00601	0.00497	0.00394	0.00777
10	0.01141	0.04843	0.01042	0.00883	0.01118	0.00894	0.00700	0.10870	0.10386	0.05689	0.12528	0.14055	0.23804	0.01209	0.00650	0.00197	0.00407	0.08392	0.00549	0.00643
11	0.00727	0.00546	0.00680	0.00762	0.00858	0.00498	0.00551	0.00873	0.01224	0.01588	0.10567	0.44745	0.22906	0.01620	0.00718	0.00221	0.00337	0.09556	0.00540	0.00483
12	0.01464	0.12719	0.02926	0.01121	0.05368	0.11677	0.00867	0.03667	0.06040	0.12569	0.10550	0.02581	0.16571	0.00963	0.02851	0.00192	0.03614	0.00678	0.02883	0.00699
13	0.01376	0.01412	0.05273	0.08600	0.62443	0.01359	0.07630	0.01743	0.01291	0.01835	0.01076	0.01426	0.00886	0.00513	0.00575	0.00174	0.00715	0.00520	0.00280	0.00874
14	0.12984	0.04193	0.05075	0.00967	0.01374	0.00936	0.00836	0.02293	0.01506	0.48964	0.12970	0.02081	0.01843	0.00736	0.00551	0.00175	0.00472	0.00590	0.00607	0.00846
15	0.00719	0.00577	0.00647	0.00671	0.00829	0.00504	0.00507	0.00886	0.01319	0.01647	0.14336	0.15138	0.50569	0.01470	0.00694	0.00203	0.00315	0.07935	0.00544	0.00492
16	0.01316	0.17949	0.41503	0.01815	0.13280	0.04415	0.05772	0.01787	0.01225	0.01698	0.00980	0.01195	0.00763	0.00542	0.00565	0.00170	0.03532	0.00427	0.00253	0.00814
17	0.09722	0.18333	0.38920	0.01347	0.01976	0.06221	0.01516	0.08576	0.04968	0.01961	0.01043	0.01170	0.00790	0.00559	0.00491	0.00166	0.00729	0.00404	0.00304	0.00803
18	0.00885	0.00550	0.00688	0.00736	0.00799	0.00523	0.00488	0.00987	0.01092	0.06062	0.06676	0.43077	0.03063	0.23526	0.01303	0.00308	0.00395	0.01218	0.07151	0.00472
19	0.04320	0.05185	0.01639	0.09819	0.01870	0.18101	0.04910	0.18577	0.08678	0.03579	0.05940	0.03226	0.02930	0.00836	0.03041	0.00200	0.05427	0.00559	0.00417	0.00745

[dist]
# distance from previous block
# <min> <max>
9	16

[block]
# block no. 8 follows, 41 sequences, length 7
# corresponding to MSA columns:
# 402-408
name=unknown_I
#
# <colnr> <probs for GDERKNQSTAVLIFYWHMCP>
#	G	D	E	R	K	N	Q	S	T	A	V	L	I	F	Y	W	H	M	C	P
0	0.05797	0.01144	0.01251	0.01274	0.09248	0.07884	0.00866	0.20512	0.01579	0.02144	0.08613	0.18845	0.02056	0.08353	0.02554	0.03739	0.02213	0.00811	0.00454	0.00663
1	0.04108	0.01255	0.01796	0.14310	0.32443	0.04753	0.03917	0.03590	0.15267	0.01902	0.01517	0.09890	0.01333	0.00714	0.00582	0.00184	0.00630	0.00647	0.00371	0.00792
2	0.07698	0.08473	0.01442	0.01079	0.01404	0.13826	0.00864	0.27446	0.05762	0.02446	0.08695	0.01877	0.03199	0.05775	0.00677	0.00187	0.00593	0.00553	0.07263	0.00742
3	0.17234	0.08285	0.01357	0.01032	0.01387	0.04585	0.00835	0.10244	0.30237	0.02291	0.01776	0.01773	0.05150	0.00854	0.04025	0.00204	0.00547	0.00530	0.00461	0.07191
4	0.14517	0.09339	0.01299	0.06056	0.07945	0.01066	0.00817	0.07896	0.01104	0.01670	0.01108	0.04893	0.01027	0.01366	0.05296	0.32655	0.00594	0.00506	0.00314	0.00533
5	0.04294	0.00935	0.01335	0.09394	0.01632	0.00978	0.09453	0.10137	0.08020	0.04305	0.11954	0.20098	0.02439	0.04547	0.00790	0.02561	0.00526	0.05477	0.00478	0.00643
6	0.01411	0.01541	0.06856	0.17574	0.49783	0.09492	0.01677	0.01759	0.01300	0.01737	0.01041	0.01382	0.00849	0.00532	0.00560	0.00172	0.00744	0.00489	0.00276	0.00824

[dist]
# distance from previous block
# <min> <max>
0	1

[block]
# block no. 9 follows, 41 sequences, length 11
# corresponding to MSA columns:
# 410-420
name=unknown_J
#
# <colnr> <probs for GDERKNQSTAVLIFYWHMCP>
#	G	D	E	R	K	N	Q	S	T	A	V	L	I	F	Y	W	H	M	C	P
0	0.01660	0.11121	0.10075	0.01129	0.01514	0.03604	0.01020	0.10597	0.10377	0.18322	0.01692	0.03108	0.02578	0.03695	0.00737	0.00190	0.07191	0.02454	0.05865	0.03074
1	0.06792	0.29733	0.34675	0.01233	0.01830	0.01558	0.01403	0.01768	0.01177	0.07419	0.01023	0.01182	0.00793	0.00639	0.00591	0.06063	0.00684	0.00391	0.00286	0.00759
2	0.06580	0.04920	0.06238	0.00829	0.01108	0.00787	0.00709	0.02835	0.01377	0.14306	0.17124	0.09004	0.24367	0.04387	0.00711	0.00202	0.00411	0.02951	0.00526	0.00626
3	0.00972	0.00753	0.00823	0.00771	0.00965	0.00746	0.00565	0.01460	0.18884	0.04039	0.12240	0.05904	0.29819	0.15799	0.01060	0.00256	0.00387	0.00949	0.00520	0.03089
4	0.01378	0.01466	0.08049	0.07077	0.67050	0.01352	0.01775	0.01745	0.01287	0.01844	0.01069	0.01405	0.00885	0.00515	0.00565	0.00172	0.00696	0.00503	0.00278	0.00888
5	0.07159	0.11834	0.59940	0.01468	0.02221	0.01417	0.01825	0.01828	0.01202	0.04654	0.01030	0.01182	0.00744	0.00542	0.00510	0.00174	0.00775	0.00407	0.00268	0.00821
6	0.01198	0.01009	0.01245	0.00931	0.01369	0.00824	0.04096	0.06094	0.01259	0.01893	0.01254	0.06957	0.01153	0.06217	0.00644	0.00139	0.00465	0.00492	0.00366	0.62396
7	0.01104	0.05531	0.01213	0.00982	0.01172	0.03167	0.02784	0.03787	0.01106	0.01651	0.01369	0.01823	0.01197	0.02154	0.32263	0.00469	0.11188	0.00527	0.17545	0.08970
8	0.01183	0.00777	0.00933	0.00832	0.01034	0.00745	0.00618	0.11528	0.01510	0.09742	0.24278	0.16324	0.07827	0.13518	0.00995	0.00241	0.00410	0.00949	0.00543	0.06015
9	0.13483	0.00857	0.00857	0.00756	0.00980	0.02890	0.00588	0.08441	0.01314	0.07961	0.01589	0.01887	0.01266	0.06276	0.00660	0.00180	0.03330	0.00510	0.42562	0.03611
10	0.01822	0.01322	0.01455	0.01155	0.01519	0.01426	0.00923	0.49599	0.03704	0.05696	0.01554	0.06789	0.01309	0.10302	0.00885	0.00218	0.02438	0.00618	0.00523	0.06741

[dist]
# distance from previous block
# <min> <max>
0	1

[block]
# block no. 10 follows, 41 sequences, length 102
# corresponding to MSA columns:
# 422-523
name=unknown_K
#
# <colnr> <probs for GDERKNQSTAVLIFYWHMCP>
#	G	D	E	R	K	N	Q	S	T	A	V	L	I	F	Y	W	H	M	C	P
0	0.00831	0.00595	0.00758	0.03112	0.00940	0.00588	0.00566	0.04406	0.01171	0.01571	0.09377	0.45844	0.03294	0.19454	0.01213	0.00298	0.00413	0.04599	0.00491	0.00477
1	0.01200	0.01230	0.02339	0.40579	0.08084	0.01345	0.28105	0.01597	0.01216	0.01619	0.01107	0.03232	0.00876	0.00582	0.00673	0.00194	0.04454	0.00594	0.00275	0.00698
2	0.02063	0.12184	0.01789	0.01413	0.01732	0.68409	0.01090	0.02214	0.01565	0.01393	0.00873	0.01018	0.00736	0.00577	0.00498	0.00144	0.00980	0.00361	0.00289	0.00672
3	0.00713	0.00507	0.00673	0.00800	0.00836	0.00477	0.00540	0.00815	0.01093	0.01455	0.03084	0.72782	0.03682	0.05416	0.00834	0.00249	0.00351	0.04710	0.00522	0.00462
4	0.00722	0.00514	0.00665	0.00764	0.00806	0.00482	0.00507	0.00826	0.01115	0.01493	0.09335	0.62119	0.05735	0.10875	0.00979	0.00264	0.00351	0.01471	0.00518	0.00458
5	0.00707	0.00505	0.00658	0.00776	0.00812	0.00472	0.00513	0.00800	0.01081	0.01435	0.03131	0.71218	0.05954	0.07912	0.00900	0.00256	0.00348	0.01550	0.00516	0.00456
6	0.01153	0.03448	0.01176	0.01061	0.01214	0.14862	0.00831	0.03406	0.01110	0.01432	0.01345	0.01892	0.01226	0.03081	0.51908	0.00667	0.06463	0.00547	0.02610	0.00567
7	0.01012	0.00822	0.00959	0.00897	0.00958	0.04539	0.00640	0.04339	0.00982	0.01329	0.01519	0.02769	0.01609	0.42083	0.21319	0.00565	0.12166	0.00692	0.00330	0.00472
8	0.01315	0.01013	0.01199	0.00863	0.01365	0.00770	0.00693	0.01566	0.01228	0.08842	0.01132	0.01257	0.00900	0.00450	0.00438	0.00093	0.00429	0.00361	0.00373	0.75712
9	0.70693	0.01085	0.00920	0.00795	0.01164	0.01211	0.00655	0.01861	0.01081	0.14638	0.01034	0.01095	0.00749	0.00560	0.00390	0.00177	0.00450	0.00353	0.00412	0.00677
10	0.12105	0.00738	0.00717	0.00657	0.00858	0.00782	0.00512	0.10226	0.01350	0.02368	0.01666	0.01882	0.01295	0.00651	0.00415	0.00144	0.00334	0.00502	0.62203	0.00598
11	0.00713	0.00573	0.00636	0.00637	0.00799	0.00496	0.00471	0.00886	0.01366	0.01732	0.23818	0.12209	0.50839	0.01409	0.00681	0.00193	0.00289	0.01202	0.00557	0.00496
12	0.02130	0.01580	0.01692	0.01307	0.01757	0.01753	0.01076	0.70216	0.06968	0.03533	0.01430	0.01418	0.01018	0.00692	0.00573	0.00173	0.00619	0.00523	0.00573	0.00969
13	0.01587	0.00766	0.01016	0.00855	0.01129	0.00686	0.00676	0.01857	0.02941	0.34876	0.40842	0.03243	0.05156	0.00966	0.00629	0.00179	0.00369	0.00830	0.00661	0.00735
14	0.01529	0.80242	0.02997	0.00979	0.01468	0.02263	0.00979	0.01713	0.01162	0.01346	0.00795	0.00918	0.00734	0.00489	0.00367	0.00122	0.00612	0.00306	0.00245	0.00734
15	0.01147	0.02959	0.76934	0.01630	0.02476	0.01328	0.02113	0.01811	0.01208	0.01811	0.01026	0.01208	0.00725	0.00543	0.00543	0.00181	0.00845	0.00423	0.00242	0.00845
16	0.01620	0.26832	0.05425	0.03330	0.01585	0.04485	0.01002	0.27450	0.03777	0.02350	0.10415	0.01723	0.03496	0.00691	0.00512	0.00157	0.00582	0.00524	0.03256	0.00786
17	0.66862	0.01122	0.00997	0.05567	0.01349	0.01291	0.00735	0.05672	0.01119	0.07546	0.00939	0.01067	0.00705	0.00566	0.00432	0.00179	0.02451	0.00356	0.00381	0.00664
18	0.09624	0.21648	0.05232	0.01482	0.08899	0.38547	0.01134	0.04312	0.01431	0.01631	0.00894	0.01049	0.00748	0.00552	0.00471	0.00148	0.00816	0.00368	0.00293	0.00718
19	0.01089	0.01008	0.01665	0.70720	0.03657	0.01265	0.01517	0.01451	0.01131	0.01486	0.01039	0.01536	0.00793	0.00600	0.00638	0.00191	0.05150	0.00509	0.03922	0.00630
20	0.00690	0.00525	0.00635	0.00724	0.00811	0.00471	0.00499	0.00805	0.01165	0.01489	0.04038	0.54708	0.28028	0.01677	0.00712	0.00219	0.00318	0.01486	0.00531	0.00471
21	0.00832	0.00555	0.00624	0.00624	0.00624	0.00555	0.00347	0.00832	0.00832	0.01109	0.01802	0.03743	0.02080	0.79898	0.02911	0.00555	0.00555	0.00832	0.00347	0.00347
22	0.00699	0.00530	0.00637	0.00716	0.00803	0.00477	0.00491	0.00814	0.01167	0.01497	0.06135	0.49699	0.27379	0.05159	0.00808	0.00232	0.00326	0.01436	0.00526	0.00468
23	0.02174	0.01602	0.01717	0.01316	0.01774	0.01774	0.01087	0.74423	0.02689	0.03605	0.01373	0.01373	0.00973	0.00687	0.00572	0.00172	0.00629	0.00515	0.00572	0.00973
24	0.01529	0.80242	0.02997	0.00979	0.01468	0.02263	0.00979	0.01713	0.01162	0.01346	0.00795	0.00918	0.00734	0.00489	0.00367	0.00122	0.00612	0.00306	0.00245	0.00734
25	0.01904	0.01422	0.01520	0.01209	0.01609	0.01573	0.00984	0.54107	0.14809	0.03221	0.03832	0.01749	0.03504	0.00737	0.00571	0.00174	0.00559	0.00574	0.05032	0.00911
26	0.02138	0.02695	0.01624	0.01469	0.01768	0.75533	0.01105	0.04252	0.01650	0.01460	0.00897	0.01041	0.00743	0.00592	0.00517	0.00148	0.01021	0.00372	0.00302	0.00672
27	0.01251	0.01251	0.01752	0.01502	0.01502	0.01752	0.01251	0.01377	0.00876	0.01377	0.00751	0.01251	0.00751	0.01001	0.01877	0.00250	0.78851	0.00501	0.00250	0.00626
28	0.01293	0.01320	0.01746	0.01500	0.01514	0.05280	0.01245	0.01419	0.00911	0.01378	0.00757	0.01241	0.00750	0.00982	0.01814	0.00245	0.75232	0.00494	0.00252	0.00627
29	0.01080	0.01017	0.01716	0.78523	0.03940	0.01271	0.01589	0.01461	0.01144	0.01461	0.01017	0.01525	0.00762	0.00572	0.00572	0.00191	0.00762	0.00508	0.00254	0.00635
30	0.00700	0.00580	0.00613	0.00605	0.00787	0.00493	0.00453	0.00867	0.01360	0.01680	0.18411	0.05283	0.63398	0.01398	0.00676	0.00191	0.00286	0.01176	0.00549	0.00493
31	0.00683	0.00578	0.00590	0.00591	0.00778	0.00485	0.00442	0.00832	0.01313	0.01578	0.08995	0.07313	0.70987	0.01444	0.00677	0.00194	0.00290	0.01210	0.00536	0.00485
32	0.00740	0.00586	0.00668	0.00658	0.00826	0.00514	0.00500	0.00939	0.01425	0.01839	0.32424	0.05085	0.45282	0.01349	0.00682	0.00192	0.00295	0.04922	0.00568	0.00507
33	0.01328	0.00890	0.01004	0.00900	0.01095	0.00931	0.00664	0.19394	0.07580	0.07257	0.02125	0.16331	0.03453	0.24336	0.01286	0.00297	0.00491	0.02669	0.07334	0.00635
34	0.03493	0.50100	0.08301	0.01164	0.01625	0.22478	0.01095	0.03246	0.01314	0.01466	0.00848	0.00980	0.00736	0.00525	0.00424	0.00136	0.00740	0.00336	0.00267	0.00726
35	0.42745	0.05761	0.04645	0.01029	0.03379	0.05247	0.00853	0.17752	0.01448	0.04398	0.01065	0.01176	0.00808	0.00581	0.00434	0.00168	0.00535	0.00392	0.06858	0.00726
36	0.01986	0.13301	0.01777	0.01327	0.01656	0.45888	0.01054	0.09945	0.01607	0.07356	0.01053	0.01188	0.00846	0.00785	0.04153	0.00189	0.04411	0.00408	0.00348	0.00721
37	0.83938	0.01106	0.00841	0.00752	0.01106	0.01283	0.00619	0.01681	0.00973	0.02566	0.00796	0.00929	0.00619	0.00531	0.00354	0.00177	0.00442	0.00310	0.00354	0.00619
38	0.01249	0.01226	0.05413	0.06220	0.45066	0.01169	0.01457	0.01674	0.06510	0.01879	0.06621	0.02563	0.03446	0.00772	0.00613	0.00189	0.00614	0.12156	0.00369	0.00794
39	0.00677	0.00576	0.00583	0.00589	0.00775	0.00482	0.00439	0.00820	0.01294	0.01541	0.05676	0.08834	0.72845	0.01464	0.00678	0.00195	0.00292	0.01226	0.00531	0.00482
40	0.00761	0.00545	0.00719	0.00834	0.00890	0.00520	0.00585	0.02755	0.01172	0.01562	0.04893	0.68306	0.03701	0.01727	0.00731	0.00233	0.00358	0.08691	0.00534	0.00486
41	0.01529	0.80242	0.02997	0.00979	0.01468	0.02263	0.00979	0.01713	0.01162	0.01346	0.00795	0.00918	0.00734	0.00489	0.00367	0.00122	0.00612	0.00306	0.00245	0.00734
42	0.01413	0.00903	0.01004	0.00872	0.01111	0.00964	0.00695	0.24552	0.01663	0.04605	0.03953	0.02203	0.01521	0.03058	0.09457	0.00255	0.00553	0.03906	0.36635	0.00678
43	0.00676	0.00579	0.00579	0.00579	0.00773	0.00483	0.00435	0.00821	0.01304	0.01545	0.05794	0.05505	0.76098	0.01449	0.00676	0.00193	0.00290	0.01207	0.00531	0.00483
44	0.83938	0.01106	0.00841	0.00752	0.01106	0.01283	0.00619	0.01681	0.00973	0.02566	0.00796	0.00929	0.00619	0.00531	0.00354	0.00177	0.00442	0.00310	0.00354	0.00619
45	0.01914	0.01351	0.01438	0.01132	0.01513	0.01482	0.00926	0.57236	0.02339	0.03259	0.01489	0.01552	0.01089	0.00682	0.00532	0.00163	0.00544	0.00519	0.19972	0.00869
46	0.01776	0.01268	0.01388	0.01114	0.01454	0.01381	0.00889	0.49850	0.02130	0.04313	0.01541	0.04278	0.01272	0.10628	0.06131	0.00267	0.00639	0.00595	0.06779	0.02306
47	0.01186	0.01017	0.01186	0.00847	0.01356	0.00762	0.00678	0.01440	0.01186	0.01864	0.01017	0.01186	0.00847	0.00424	0.00424	0.00085	0.00424	0.00339	0.00339	0.83395
48	0.83938	0.01106	0.00841	0.00752	0.01106	0.01283	0.00619	0.01681	0.00973	0.02566	0.00796	0.00929	0.00619	0.00531	0.00354	0.00177	0.00442	0.00310	0.00354	0.00619
49	0.00871	0.00628	0.00749	0.00728	0.00730	0.00681	0.00454	0.00890	0.00849	0.01155	0.01752	0.07125	0.02016	0.67499	0.02693	0.00506	0.09110	0.00834	0.00345	0.00383
50	0.01140	0.04583	0.71598	0.01572	0.02375	0.01311	0.02012	0.01774	0.01226	0.01824	0.04638	0.01349	0.00950	0.00572	0.00546	0.00180	0.00812	0.00450	0.00260	0.00828
51	0.01529	0.80242	0.02997	0.00979	0.01468	0.02263	0.00979	0.01713	0.01162	0.01346	0.00795	0.00918	0.00734	0.00489	0.00367	0.00122	0.00612	0.00306	0.00245	0.00734
52	0.80014	0.01100	0.00864	0.00765	0.01123	0.01262	0.00630	0.01735	0.01005	0.06143	0.00867	0.00978	0.00658	0.00539	0.00365	0.00177	0.00445	0.00323	0.00371	0.00637
53	0.04219	0.17293	0.48514	0.01460	0.03553	0.06628	0.01683	0.01888	0.01251	0.07001	0.01053	0.01188	0.00776	0.00547	0.00504	0.00167	0.00772	0.00406	0.00283	0.00814
54	0.00832	0.00555	0.00624	0.00624	0.00624	0.00555	0.00347	0.00832	0.00832	0.01109	0.01802	0.03743	0.02080	0.79898	0.02911	0.00555	0.00555	0.00832	0.00347	0.00347
55	0.03187	0.05142	0.72938	0.01590	0.02413	0.01354	0.02044	0.01805	0.01201	0.01816	0.01014	0.01192	0.00722	0.00542	0.00534	0.00179	0.00829	0.00417	0.00244	0.00837
56	0.01863	0.01392	0.01520	0.01219	0.01603	0.01542	0.00991	0.55175	0.09254	0.03115	0.01680	0.05276	0.03241	0.01116	0.08050	0.00250	0.00677	0.00607	0.00544	0.00885
57	0.02421	0.00980	0.01307	0.01017	0.01439	0.00874	0.00835	0.04124	0.05291	0.68164	0.05674	0.02053	0.01609	0.00732	0.00580	0.00178	0.00478	0.00599	0.00695	0.00950
58	0.01407	0.01414	0.04870	0.03447	0.73808	0.01358	0.01768	0.01757	0.01299	0.01867	0.01074	0.01409	0.00900	0.00511	0.00565	0.00170	0.00685	0.00507	0.00282	0.00904
59	0.00754	0.00535	0.00710	0.00829	0.00878	0.00511	0.00589	0.00875	0.01112	0.01474	0.02995	0.57859	0.03520	0.09449	0.00957	0.00270	0.00392	0.15313	0.00512	0.00465
60	0.01002	0.00673	0.00944	0.09500	0.05257	0.00675	0.00748	0.01175	0.01171	0.07793	0.05851	0.33219	0.02747	0.13392	0.01014	0.00266	0.00461	0.09110	0.04459	0.00545
61	0.01093	0.01011	0.01687	0.68727	0.03617	0.01252	0.03254	0.01459	0.01140	0.01506	0.01059	0.01549	0.00806	0.00594	0.00621	0.00190	0.04135	0.00513	0.05153	0.00632
62	0.01186	0.01017	0.01186	0.00847	0.01356	0.00762	0.00678	0.01440	0.01186	0.01864	0.01017	0.01186	0.00847	0.00424	0.00424	0.00085	0.00424	0.00339	0.00339	0.83395
63	0.02467	0.01009	0.01335	0.01037	0.01470	0.00910	0.00852	0.04632	0.07389	0.69086	0.02240	0.01947	0.01430	0.00713	0.00576	0.00178	0.00488	0.00579	0.00695	0.00968
64	0.22324	0.01125	0.01282	0.01009	0.01433	0.01125	0.00833	0.16076	0.01675	0.44812	0.01734	0.01590	0.01138	0.00661	0.00521	0.00176	0.00503	0.00499	0.00596	0.00887
65	0.02083	0.01557	0.01665	0.01298	0.01739	0.01731	0.01065	0.65713	0.11549	0.03457	0.01490	0.01466	0.01067	0.00698	0.00573	0.00174	0.00608	0.00531	0.00573	0.00965
66	0.00801	0.00558	0.00667	0.00682	0.00717	0.00558	0.00428	0.00859	0.00936	0.01251	0.04757	0.12947	0.07668	0.52527	0.11779	0.00522	0.00621	0.00935	0.00387	0.00398
67	0.00817	0.00613	0.00919	0.00919	0.01021	0.00715	0.00715	0.01021	0.00919	0.01328	0.01532	0.02247	0.01430	0.04290	0.77631	0.00919	0.01532	0.00613	0.00306	0.00511
68	0.01382	0.16451	0.01872	0.01324	0.01469	0.11864	0.01113	0.01530	0.01048	0.01392	0.00940	0.01314	0.02148	0.01042	0.05801	0.00248	0.45663	0.00466	0.02293	0.00640
69	0.01940	0.05668	0.13516	0.01155	0.01640	0.02766	0.03016	0.07801	0.04785	0.37574	0.05316	0.01804	0.01386	0.02411	0.00606	0.00177	0.00571	0.00544	0.00534	0.06791
70	0.01852	0.17120	0.09013	0.01100	0.01554	0.01344	0.01001	0.08615	0.15051	0.28524	0.03163	0.01727	0.01313	0.02927	0.00596	0.00177	0.00549	0.00523	0.00512	0.03339
71	0.01183	0.08134	0.68499	0.01622	0.02431	0.01397	0.05392	0.01806	0.01211	0.01781	0.01017	0.01204	0.00732	0.00537	0.00538	0.00178	0.00835	0.00426	0.00244	0.00834
72	0.05564	0.68763	0.02757	0.01017	0.01480	0.09663	0.00974	0.01768	0.01198	0.01410	0.00804	0.00929	0.00729	0.00501	0.00381	0.00127	0.00645	0.00312	0.00255	0.00721
73	0.01066	0.00533	0.00533	0.00533	0.00666	0.00533	0.00400	0.01333	0.01200	0.02132	0.01866	0.02132	0.01466	0.00666	0.00400	0.00133	0.00267	0.00533	0.83073	0.00533
74	0.00697	0.00498	0.00664	0.00796	0.00830	0.00465	0.00531	0.00796	0.01095	0.01460	0.03153	0.79525	0.03783	0.01792	0.00730	0.00232	0.00332	0.01626	0.00531	0.00465
75	0.00818	0.00610	0.00905	0.00905	0.01002	0.00707	0.00697	0.01012	0.00915	0.01317	0.01545	0.02321	0.01462	0.08007	0.73958	0.00901	0.01484	0.00624	0.00308	0.00503
76	0.00746	0.00560	0.00611	0.00625	0.00718	0.00512	0.00410	0.00828	0.01090	0.01369	0.05314	0.12839	0.35666	0.34366	0.01619	0.00349	0.00405	0.01092	0.00456	0.00425
77	0.00922	0.00608	0.00799	0.00741	0.00894	0.00557	0.00559	0.01184	0.01605	0.07183	0.69057	0.06289	0.05088	0.01157	0.00670	0.00181	0.00286	0.01021	0.00632	0.00566
78	0.01529	0.80242	0.02997	0.00979	0.01468	0.02263	0.00979	0.01713	0.01162	0.01346	0.00795	0.00918	0.00734	0.00489	0.00367	0.00122	0.00612	0.00306	0.00245	0.00734
79	0.02122	0.01544	0.01672	0.01292	0.01733	0.01706	0.01065	0.69550	0.02587	0.05106	0.01400	0.01425	0.01003	0.00849	0.04039	0.00205	0.00667	0.00521	0.00563	0.00952
80	0.01147	0.02959	0.76934	0.01630	0.02476	0.01328	0.02113	0.01811	0.01208	0.01811	0.01026	0.01208	0.00725	0.00543	0.00543	0.00181	0.00845	0.00423	0.00242	0.00845
81	0.02137	0.02726	0.01621	0.01474	0.01768	0.77602	0.01105	0.02284	0.01621	0.01400	0.00884	0.01031	0.00737	0.00589	0.00516	0.00147	0.01031	0.00368	0.00295	0.00663
82	0.01318	0.01369	0.01820	0.01543	0.01591	0.07069	0.04702	0.01462	0.00951	0.01400	0.00779	0.01250	0.00755	0.00948	0.01724	0.00240	0.69689	0.00500	0.00255	0.00635
83	0.02566	0.00973	0.01327	0.01018	0.01460	0.00841	0.00841	0.02788	0.01637	0.76726	0.02257	0.01947	0.01416	0.00708	0.00575	0.00177	0.00487	0.00575	0.00708	0.00973
