[name]
unknown

[dist]
# distance from previous block
# <min> <max>
39	100

[block]
# block no. 0 follows, 46 sequences, length 13
# corresponding to MSA columns:
# 123-135
name=unknown_A
#
# <colnr> <probs for GDERKNQSTAVLIFYWHMCP>
#	G	D	E	R	K	N	Q	S	T	A	V	L	I	F	Y	W	H	M	C	P
0	0.01033	0.00603	0.00740	0.00710	0.00802	0.00588	0.00475	0.04319	0.01017	0.12847	0.02000	0.21701	0.02136	0.43001	0.05369	0.00389	0.00499	0.00887	0.00419	0.00466
1	0.01180	0.00895	0.01029	0.00981	0.02627	0.00982	0.00719	0.10129	0.34572	0.03315	0.02017	0.20862	0.01868	0.02786	0.00844	0.12874	0.00423	0.00781	0.00472	0.00645
2	0.01805	0.01403	0.01594	0.01258	0.01579	0.01635	0.01041	0.58317	0.02083	0.02837	0.01131	0.01242	0.00850	0.00704	0.00819	0.00176	0.19774	0.00473	0.00457	0.00822
3	0.00719	0.00535	0.00643	0.00618	0.00738	0.00487	0.00447	0.00901	0.01311	0.01775	0.47524	0.04172	0.23519	0.13215	0.00934	0.00221	0.00294	0.00970	0.00519	0.00458
4	0.01218	0.20520	0.01896	0.01272	0.01380	0.01733	0.01096	0.01347	0.00873	0.01265	0.00704	0.01082	0.00690	0.00812	0.01400	0.00203	0.61257	0.00419	0.00230	0.00602
5	0.61826	0.00962	0.03556	0.00696	0.00961	0.01026	0.00562	0.01370	0.00876	0.02023	0.00967	0.01493	0.00900	0.19938	0.00901	0.00248	0.00447	0.00406	0.00322	0.00520
6	0.42001	0.01821	0.37926	0.01081	0.01618	0.01181	0.01228	0.01591	0.01024	0.02030	0.03624	0.01093	0.00778	0.00518	0.00421	0.00166	0.00581	0.00360	0.00287	0.00669
7	0.02856	0.01295	0.01647	0.31417	0.24382	0.12936	0.01314	0.05522	0.06846	0.01639	0.01224	0.01489	0.04038	0.00567	0.00520	0.00164	0.00669	0.00484	0.00298	0.00692
8	0.01388	0.00930	0.01201	0.12742	0.01635	0.00793	0.00789	0.01633	0.01191	0.20113	0.01215	0.01312	0.00898	0.00475	0.00446	0.00113	0.00453	0.00389	0.00383	0.51901
9	0.01545	0.01268	0.01534	0.13091	0.01839	0.01514	0.01085	0.35654	0.13441	0.02366	0.01218	0.01372	0.00931	0.00701	0.00820	0.00182	0.19767	0.00491	0.00415	0.00765
10	0.24439	0.01069	0.01191	0.00940	0.01330	0.01089	0.00776	0.19628	0.01577	0.40474	0.01533	0.01423	0.01015	0.00606	0.00476	0.00162	0.00470	0.00453	0.00537	0.00812
11	0.00938	0.03914	0.44450	0.01138	0.01627	0.00964	0.03004	0.01317	0.01048	0.01470	0.01780	0.02276	0.12575	0.20070	0.01045	0.00251	0.00636	0.00593	0.00288	0.00616
12	0.00912	0.00797	0.01150	0.01060	0.01117	0.01035	0.00854	0.01072	0.00834	0.01245	0.01134	0.01717	0.01077	0.02778	0.49028	0.00608	0.32279	0.00526	0.00263	0.00514

[dist]
# distance from previous block
# <min> <max>
1	6

[block]
# block no. 1 follows, 46 sequences, length 11
# corresponding to MSA columns:
# 142-152
name=unknown_B
#
# <colnr> <probs for GDERKNQSTAVLIFYWHMCP>
#	G	D	E	R	K	N	Q	S	T	A	V	L	I	F	Y	W	H	M	C	P
0	0.18023	0.01276	0.01310	0.01065	0.01432	0.01428	0.00865	0.42022	0.18335	0.04702	0.01420	0.03442	0.01069	0.00652	0.00495	0.00166	0.00502	0.00494	0.00494	0.00810
1	0.01031	0.00853	0.01307	0.01130	0.01338	0.00848	0.15826	0.15655	0.01346	0.01805	0.02222	0.49507	0.02449	0.01214	0.00636	0.00196	0.00478	0.01126	0.00453	0.00578
2	0.01181	0.18321	0.48317	0.01302	0.01923	0.01419	0.01525	0.01877	0.15918	0.01692	0.01140	0.01229	0.00855	0.00534	0.00476	0.00159	0.00667	0.00409	0.00285	0.00771
3	0.18126	0.01329	0.03693	0.01047	0.01428	0.07105	0.00872	0.28428	0.10959	0.17886	0.01483	0.01437	0.02657	0.00625	0.00489	0.00162	0.00529	0.00466	0.00486	0.00793
4	0.01084	0.04731	0.32536	0.32801	0.06948	0.01253	0.10208	0.01542	0.01111	0.01535	0.00953	0.01268	0.00708	0.00503	0.00522	0.00170	0.00747	0.00449	0.00235	0.00696
5	0.17524	0.00690	0.00746	0.00673	0.00819	0.00697	0.00461	0.01285	0.00944	0.16875	0.01569	0.02619	0.01536	0.49409	0.01796	0.00374	0.00480	0.00627	0.00389	0.00486
6	0.47975	0.00978	0.00969	0.04674	0.01261	0.01009	0.00667	0.01698	0.01066	0.17014	0.01050	0.01117	0.00765	0.00504	0.00390	0.00147	0.00428	0.00349	0.00384	0.17556
7	0.01159	0.01130	0.02657	0.08851	0.01619	0.03740	0.04068	0.01620	0.16317	0.01588	0.01276	0.04096	0.02979	0.00737	0.00946	0.00178	0.29194	0.00514	0.00327	0.17005
8	0.01406	0.01203	0.16247	0.16930	0.01873	0.00914	0.01087	0.01792	0.05953	0.26531	0.04525	0.02312	0.12714	0.00749	0.00550	0.00173	0.00532	0.03349	0.00446	0.00714
9	0.00757	0.00463	0.00648	0.00714	0.00737	0.00444	0.00479	0.00729	0.00906	0.01214	0.05564	0.46069	0.02544	0.01701	0.01223	0.33633	0.00364	0.01064	0.00392	0.00353
10	0.43487	0.01179	0.01389	0.01127	0.01489	0.03132	0.15878	0.03700	0.19939	0.02193	0.01169	0.01261	0.00887	0.00543	0.00448	0.00170	0.00526	0.00437	0.00371	0.00675

[dist]
# distance from previous block
# <min> <max>
5	13

[block]
# block no. 2 follows, 46 sequences, length 49
# corresponding to MSA columns:
# 166-214
name=unknown_C
#
# <colnr> <probs for GDERKNQSTAVLIFYWHMCP>
#	G	D	E	R	K	N	Q	S	T	A	V	L	I	F	Y	W	H	M	C	P
0	0.68486	0.01026	0.00938	0.13601	0.01470	0.01201	0.00733	0.04238	0.00983	0.02241	0.00788	0.00963	0.00606	0.00502	0.00367	0.00165	0.00463	0.00323	0.00320	0.00587
1	0.01082	0.00925	0.01081	0.00782	0.01238	0.00696	0.00622	0.01313	0.01094	0.01711	0.01001	0.03596	0.00868	0.00431	0.00400	0.00083	0.00389	0.00350	0.00319	0.82021
2	0.00765	0.00511	0.00578	0.00581	0.00582	0.00510	0.00325	0.00768	0.00776	0.01035	0.01703	0.05757	0.01969	0.79060	0.02631	0.00504	0.00506	0.00791	0.00325	0.00324
3	0.00735	0.00544	0.00702	0.00748	0.00852	0.00483	0.00522	0.00844	0.01019	0.01400	0.02510	0.61843	0.02939	0.02828	0.00706	0.02636	0.00335	0.03821	0.00451	0.14084
4	0.02109	0.00841	0.01142	0.00896	0.01259	0.00732	0.00732	0.02320	0.01510	0.66103	0.14373	0.02148	0.01905	0.00723	0.00547	0.00164	0.00417	0.00600	0.00643	0.00835
5	0.00780	0.00508	0.00656	0.00725	0.00799	0.00468	0.00500	0.00887	0.01069	0.06777	0.05400	0.58936	0.10121	0.06927	0.00796	0.00227	0.00330	0.03140	0.00494	0.00460
6	0.00779	0.00595	0.00891	0.08121	0.01156	0.00694	0.00702	0.00964	0.00861	0.01219	0.01397	0.02151	0.01324	0.11264	0.64539	0.00754	0.01262	0.00577	0.00282	0.00468
7	0.00998	0.00940	0.01586	0.80150	0.03641	0.01175	0.01468	0.01351	0.01057	0.01351	0.00940	0.01409	0.00705	0.00529	0.00529	0.00176	0.00705	0.00470	0.00235	0.00587
8	0.02372	0.00900	0.01227	0.00941	0.01350	0.00777	0.00777	0.02576	0.01513	0.78489	0.02086	0.01799	0.01309	0.00654	0.00532	0.00164	0.00450	0.00532	0.00654	0.00900
9	0.02082	0.00943	0.01212	0.00977	0.01349	0.00889	0.00802	0.05851	0.13461	0.57667	0.02109	0.02095	0.01460	0.00720	0.00546	0.00171	0.00453	0.05733	0.00619	0.00861
10	0.00762	0.00633	0.00678	0.00653	0.00835	0.00602	0.00492	0.01130	0.13410	0.01641	0.15589	0.04274	0.50019	0.03595	0.03151	0.00208	0.00332	0.00981	0.00501	0.00514
11	0.00629	0.00536	0.00542	0.00540	0.00717	0.00448	0.00405	0.00767	0.01216	0.01453	0.07989	0.05046	0.75260	0.01329	0.00625	0.00178	0.00267	0.01110	0.00494	0.00448
12	0.01794	0.01328	0.01428	0.01115	0.01495	0.01450	0.00914	0.64116	0.02298	0.03072	0.07017	0.01809	0.08273	0.00731	0.00544	0.00161	0.00530	0.00569	0.00529	0.00829
13	0.00765	0.00524	0.00635	0.00631	0.00659	0.00537	0.00395	0.00820	0.00850	0.01160	0.08634	0.03269	0.02102	0.60817	0.15571	0.00538	0.00642	0.00752	0.00338	0.00363
14	0.01069	0.01380	0.16598	0.01418	0.01662	0.01311	0.11515	0.01342	0.00937	0.01399	0.00941	0.01371	0.00831	0.01391	0.16997	0.00336	0.38150	0.00492	0.00245	0.00615
15	0.00783	0.00553	0.00718	0.00692	0.00825	0.00510	0.00531	0.01020	0.01442	0.03713	0.62788	0.05579	0.09815	0.01135	0.00632	0.00175	0.00278	0.07742	0.00567	0.00502
16	0.06721	0.00557	0.00690	0.00723	0.00827	0.00534	0.00518	0.00987	0.01148	0.06394	0.20263	0.42182	0.05590	0.06367	0.00757	0.00215	0.00329	0.04218	0.00500	0.00481
17	0.01218	0.01128	0.01874	0.06398	0.60261	0.01140	0.01442	0.03308	0.01211	0.01704	0.01302	0.08980	0.01232	0.00656	0.00552	0.00169	0.00591	0.05764	0.00304	0.00765
18	0.00644	0.00460	0.00613	0.00736	0.00767	0.00429	0.00491	0.00736	0.01012	0.01350	0.02914	0.81076	0.03497	0.01656	0.00675	0.00215	0.00307	0.01503	0.00491	0.00429
19	0.09225	0.01128	0.01195	0.01032	0.01359	0.01263	0.00818	0.11621	0.50765	0.11182	0.01969	0.01825	0.02892	0.00691	0.00518	0.00173	0.00438	0.00557	0.00530	0.00820
20	0.00686	0.00530	0.00598	0.00609	0.00731	0.00474	0.00439	0.00820	0.01167	0.01486	0.17430	0.11702	0.40952	0.14802	0.00983	0.00239	0.00321	0.05120	0.00478	0.00435
21	0.08709	0.00525	0.00712	0.00699	0.00742	0.00535	0.00481	0.00829	0.00743	0.03510	0.00996	0.03839	0.00973	0.01670	0.01818	0.71747	0.00450	0.00476	0.00259	0.00288
22	0.01181	0.01260	0.02344	0.11754	0.02341	0.01426	0.37647	0.01487	0.01054	0.01487	0.00907	0.01319	0.00748	0.00642	0.01043	0.00199	0.31726	0.00542	0.00249	0.00645
23	0.00769	0.00548	0.00645	0.00685	0.00736	0.00548	0.00444	0.00959	0.07930	0.01319	0.02367	0.36080	0.05161	0.34632	0.01486	0.00330	0.00399	0.01065	0.03471	0.00424
24	0.00751	0.00509	0.00603	0.00615	0.00644	0.00497	0.00379	0.00814	0.00942	0.01289	0.15374	0.15375	0.02694	0.53245	0.01966	0.00397	0.00429	0.00908	0.02195	0.00372
25	0.00786	0.00786	0.08017	0.00854	0.01044	0.00609	0.05926	0.01030	0.01286	0.01791	0.41959	0.19003	0.07392	0.06203	0.00754	0.00199	0.00372	0.00986	0.00488	0.00512
26	0.02703	0.03564	0.02147	0.12620	0.16409	0.04617	0.22416	0.05786	0.01173	0.01622	0.00929	0.01279	0.00761	0.00599	0.00848	0.00182	0.20890	0.00498	0.00268	0.00688
27	0.01413	0.81739	0.02770	0.00905	0.01357	0.02092	0.00905	0.01583	0.01074	0.01244	0.00735	0.00848	0.00678	0.00452	0.00339	0.00113	0.00565	0.00283	0.00226	0.00678
28	0.00754	0.00583	0.00664	0.00676	0.00839	0.00532	0.00525	0.00991	0.05419	0.03285	0.12301	0.11168	0.45804	0.01308	0.00639	0.00190	0.00317	0.13011	0.00506	0.00489
29	0.01220	0.01285	0.03597	0.20574	0.24911	0.05188	0.15373	0.01522	0.01106	0.01513	0.00922	0.01300	0.00758	0.00581	0.00799	0.00181	0.17743	0.00489	0.00250	0.00688
30	0.01269	0.03564	0.03716	0.10333	0.63203	0.01254	0.01544	0.03079	0.01210	0.01699	0.01123	0.01418	0.03226	0.00507	0.00521	0.00158	0.00625	0.00484	0.00270	0.00797
31	0.00998	0.00940	0.01586	0.80150	0.03641	0.01175	0.01468	0.01351	0.01057	0.01351	0.00940	0.01409	0.00705	0.00529	0.00529	0.00176	0.00705	0.00470	0.00235	0.00587
32	0.02339	0.00952	0.01260	0.00966	0.01376	0.00855	0.00798	0.09279	0.01601	0.71662	0.02011	0.01751	0.01271	0.00653	0.00531	0.00163	0.00462	0.00527	0.00643	0.00900
33	0.01088	0.01059	0.16407	0.00871	0.01191	0.00707	0.00831	0.01418	0.03503	0.15225	0.34375	0.03151	0.16183	0.00926	0.00581	0.00169	0.00399	0.00787	0.00505	0.00626
34	0.01269	0.01207	0.02030	0.10192	0.66747	0.01235	0.01562	0.01626	0.03813	0.01706	0.01073	0.01454	0.00906	0.00509	0.00529	0.00162	0.00624	0.02276	0.00274	0.00806
35	0.00749	0.00504	0.00583	0.00602	0.00607	0.00499	0.00348	0.00763	0.00808	0.01078	0.01868	0.16048	0.02177	0.68484	0.02364	0.00464	0.00479	0.00888	0.00348	0.00338
36	0.01003	0.00912	0.01526	0.71110	0.03349	0.01118	0.03220	0.01349	0.01066	0.01415	0.01013	0.01460	0.00765	0.00534	0.00517	0.00171	0.00668	0.00476	0.07747	0.00582
37	0.01102	0.06932	0.51169	0.08837	0.09844	0.01230	0.04399	0.01603	0.01121	0.01646	0.00999	0.01218	0.00743	0.00504	0.00492	0.00161	0.00712	0.00415	0.06132	0.00740
38	0.01407	0.01169	0.01242	0.01089	0.01401	0.01337	0.00858	0.14667	0.61986	0.02378	0.03439	0.01982	0.01592	0.00727	0.00542	0.00177	0.00443	0.02196	0.00536	0.00833
39	0.00644	0.00460	0.00613	0.00736	0.00767	0.00429	0.00491	0.00736	0.01012	0.01350	0.02914	0.81076	0.03497	0.01656	0.00675	0.00215	0.00307	0.01503	0.00491	0.00429
40	0.00629	0.00536	0.00541	0.00540	0.00717	0.00448	0.00405	0.00767	0.01215	0.01452	0.07858	0.05048	0.75391	0.01330	0.00625	0.00178	0.00267	0.01110	0.00494	0.00448
41	0.01149	0.03844	0.01612	0.57817	0.03019	0.01300	0.01340	0.10117	0.01197	0.01580	0.00957	0.01354	0.00737	0.00585	0.00656	0.00177	0.09743	0.00464	0.01728	0.00624
42	0.00644	0.00460	0.00613	0.00736	0.00767	0.00429	0.00491	0.00736	0.01012	0.01350	0.02914	0.81076	0.03497	0.01656	0.00675	0.00215	0.00307	0.01503	0.00491	0.00429
43	0.85155	0.01022	0.00777	0.00695	0.01022	0.01186	0.00573	0.01554	0.00900	0.02372	0.00736	0.00859	0.00573	0.00491	0.00327	0.00164	0.00409	0.00286	0.00327	0.00573
44	0.01096	0.00940	0.01096	0.00783	0.01253	0.00705	0.00626	0.01331	0.01096	0.01723	0.00940	0.01096	0.00783	0.00392	0.00392	0.00078	0.00392	0.00313	0.00313	0.84653
45	0.00769	0.00513	0.00577	0.00577	0.00577	0.00513	0.00320	0.00769	0.00769	0.01025	0.01666	0.03460	0.01922	0.81421	0.02691	0.00513	0.00513	0.00769	0.00320	0.00320
46	0.00755	0.00566	0.00850	0.00850	0.00944	0.00661	0.00661	0.00944	0.00850	0.01227	0.01416	0.02077	0.01322	0.03965	0.79326	0.00850	0.01416	0.00566	0.00283	0.00472
47	0.00658	0.00550	0.00575	0.00566	0.00740	0.00474	0.00425	0.00839	0.02985	0.01543	0.15440	0.04857	0.65944	0.01288	0.00623	0.00177	0.00269	0.01081	0.00505	0.00463
48	0.01308	0.01256	0.02146	0.03245	0.78123	0.01256	0.01622	0.01622	0.01204	0.01727	0.00994	0.01308	0.00837	0.00471	0.00523	0.00157	0.00628	0.00471	0.00262	0.00837

[dist]
# distance from previous block
# <min> <max>
0	9

[block]
# block no. 3 follows, 46 sequences, length 149
# corresponding to MSA columns:
# 224-372
name=unknown_D
#
# <colnr> <probs for GDERKNQSTAVLIFYWHMCP>
#	G	D	E	R	K	N	Q	S	T	A	V	L	I	F	Y	W	H	M	C	P
0	0.01273	0.01414	0.03077	0.02200	0.02731	0.01324	0.74525	0.01713	0.01254	0.03402	0.01092	0.01434	0.00813	0.00450	0.00622	0.00178	0.00881	0.00622	0.00276	0.00717
1	0.02348	0.00905	0.01226	0.00944	0.01350	0.00789	0.00778	0.02582	0.03196	0.76792	0.02087	0.01803	0.01315	0.00656	0.00532	0.00164	0.00449	0.00533	0.00652	0.00898
2	0.00644	0.00460	0.00613	0.00736	0.00767	0.00429	0.00491	0.00736	0.01012	0.01350	0.02914	0.81076	0.03497	0.01656	0.00675	0.00215	0.00307	0.01503	0.00491	0.00429
3	0.02010	0.01481	0.01587	0.01216	0.01639	0.01639	0.01005	0.76360	0.02486	0.03332	0.01269	0.01269	0.00899	0.00635	0.00529	0.00159	0.00582	0.00476	0.00529	0.00899
4	0.01315	0.01136	0.01195	0.01076	0.01375	0.01315	0.00837	0.02809	0.77168	0.02211	0.02152	0.01972	0.01614	0.00717	0.00538	0.00179	0.00418	0.00598	0.00538	0.00837
5	0.00998	0.00940	0.01586	0.80150	0.03641	0.01175	0.01468	0.01351	0.01057	0.01351	0.00940	0.01409	0.00705	0.00529	0.00529	0.00176	0.00705	0.00470	0.00235	0.00587
6	0.01130	0.00951	0.01150	0.00823	0.01293	0.00722	0.02509	0.01369	0.01110	0.03502	0.00969	0.01121	0.00796	0.00399	0.00401	0.00083	0.00405	0.00326	0.00320	0.80624
7	0.01413	0.81739	0.02770	0.00905	0.01357	0.02092	0.00905	0.01583	0.01074	0.01244	0.00735	0.00848	0.00678	0.00452	0.00339	0.00113	0.00565	0.00283	0.00226	0.00678
8	0.00628	0.00534	0.00541	0.00543	0.00717	0.00447	0.00406	0.00764	0.01208	0.01444	0.07109	0.06656	0.74530	0.01339	0.00626	0.00179	0.00268	0.01120	0.00493	0.00447
9	0.00649	0.00463	0.00619	0.00741	0.00774	0.00433	0.00499	0.00744	0.01017	0.01355	0.02911	0.79393	0.03486	0.01652	0.00676	0.00215	0.00311	0.03140	0.00491	0.00431
10	0.01096	0.00940	0.01096	0.00783	0.01253	0.00705	0.00626	0.01331	0.01096	0.01723	0.00940	0.01096	0.00783	0.00392	0.00392	0.00078	0.00392	0.00313	0.00313	0.84653
11	0.01547	0.01293	0.01482	0.01435	0.12419	0.05296	0.01011	0.22419	0.26004	0.05340	0.01447	0.01482	0.01098	0.00638	0.00619	0.00163	0.07322	0.00495	0.00442	0.08048
12	0.01243	0.00654	0.00841	0.00729	0.00954	0.00578	0.00569	0.01456	0.01447	0.26345	0.40149	0.03476	0.17431	0.00993	0.00594	0.00168	0.00317	0.00851	0.00588	0.00617
13	0.00755	0.00566	0.00850	0.00850	0.00944	0.00661	0.00661	0.00944	0.00850	0.01227	0.01416	0.02077	0.01322	0.03965	0.79326	0.00850	0.01416	0.00566	0.00283	0.00472
14	0.00985	0.00493	0.00493	0.00493	0.00616	0.00493	0.00370	0.01232	0.01109	0.01971	0.01725	0.01971	0.01355	0.00616	0.00370	0.00123	0.00246	0.00493	0.84356	0.00493
15	0.01275	0.01462	0.02973	0.04002	0.02699	0.05104	0.69193	0.01696	0.01246	0.01657	0.01046	0.01397	0.00792	0.00463	0.00639	0.00177	0.02608	0.00603	0.00266	0.00702
16	0.01060	0.02735	0.78682	0.01507	0.02288	0.01228	0.01953	0.01674	0.01116	0.01674	0.00949	0.01116	0.00670	0.00502	0.00502	0.00167	0.00781	0.00391	0.00223	0.00781
17	0.00644	0.00460	0.00613	0.00736	0.00767	0.00429	0.00491	0.00736	0.01012	0.01350	0.02914	0.81076	0.03497	0.01656	0.00675	0.00215	0.00307	0.01503	0.00491	0.00429
18	0.02203	0.01053	0.01310	0.01009	0.01411	0.01015	0.00832	0.23845	0.01794	0.53722	0.04864	0.01732	0.01337	0.00666	0.00534	0.00162	0.00480	0.00532	0.00615	0.00884
19	0.01300	0.01248	0.02131	0.05307	0.76126	0.01254	0.01618	0.01615	0.01200	0.01717	0.00993	0.01311	0.00834	0.00473	0.00524	0.00158	0.00630	0.00471	0.00261	0.00831
20	0.00644	0.00460	0.00613	0.00736	0.00767	0.00429	0.00491	0.00736	0.01012	0.01350	0.02914	0.81076	0.03497	0.01656	0.00675	0.00215	0.00307	0.01503	0.00491	0.00429
21	0.01248	0.01426	0.03119	0.02228	0.02763	0.01337	0.76203	0.01693	0.01248	0.01693	0.01070	0.01426	0.00802	0.00446	0.00624	0.00178	0.00891	0.00624	0.00267	0.00713
22	0.01413	0.81739	0.02770	0.00905	0.01357	0.02092	0.00905	0.01583	0.01074	0.01244	0.00735	0.00848	0.00678	0.00452	0.00339	0.00113	0.00565	0.00283	0.00226	0.00678
23	0.01228	0.01422	0.04871	0.07392	0.04830	0.01321	0.67413	0.01668	0.01231	0.01671	0.01056	0.01414	0.00793	0.00453	0.00612	0.00177	0.00869	0.00604	0.00264	0.00710
24	0.00625	0.00536	0.00536	0.00536	0.00714	0.00446	0.00402	0.00759	0.01205	0.01428	0.05355	0.05088	0.77909	0.01339	0.00625	0.00179	0.00268	0.01116	0.00491	0.00446
25	0.01096	0.00940	0.01096	0.00783	0.01253	0.00705	0.00626	0.01331	0.01096	0.01723	0.00940	0.01096	0.00783	0.00392	0.00392	0.00078	0.00392	0.00313	0.00313	0.84653
26	0.01096	0.00940	0.01096	0.00783	0.01253	0.00705	0.00626	0.01331	0.01096	0.01723	0.00940	0.01096	0.00783	0.00392	0.00392	0.00078	0.00392	0.00313	0.00313	0.84653
27	0.00767	0.00519	0.00608	0.00608	0.00619	0.00530	0.00359	0.00789	0.00778	0.01048	0.01637	0.03300	0.01853	0.72512	0.11506	0.00551	0.00616	0.00746	0.00316	0.00338
28	0.01228	0.00998	0.01153	0.00834	0.01297	0.00808	0.00671	0.09538	0.01258	0.03810	0.01004	0.01133	0.00809	0.00425	0.00410	0.00089	0.00414	0.00336	0.00345	0.73440
29	0.01360	0.01204	0.01218	0.01092	0.01392	0.04705	0.00849	0.04501	0.72138	0.02198	0.02073	0.01912	0.01557	0.00708	0.00535	0.00177	0.00445	0.00584	0.00526	0.00829
30	0.03084	0.11766	0.01684	0.23170	0.04119	0.04454	0.02299	0.10845	0.05053	0.01645	0.01080	0.06522	0.00955	0.00710	0.00804	0.00180	0.20162	0.00512	0.00307	0.00648
31	0.00848	0.00776	0.05971	0.00832	0.02523	0.00646	0.02660	0.01197	0.07740	0.03493	0.42382	0.07499	0.17552	0.02733	0.00650	0.00179	0.00340	0.00914	0.00514	0.00550
32	0.02372	0.00900	0.01227	0.00941	0.01350	0.00777	0.00777	0.02576	0.01513	0.78489	0.02086	0.01799	0.01309	0.00654	0.00532	0.00164	0.00450	0.00532	0.00654	0.00900
33	0.00725	0.00591	0.00756	0.08693	0.02878	0.00567	0.00632	0.00902	0.01165	0.01470	0.07820	0.18717	0.37760	0.01352	0.02158	0.00207	0.00382	0.12290	0.00460	0.00476
34	0.01163	0.01238	0.07210	0.34162	0.39260	0.01225	0.05108	0.01520	0.01141	0.01570	0.00973	0.01342	0.00771	0.00495	0.00529	0.00166	0.00682	0.00472	0.00248	0.00727
35	0.01643	0.01202	0.01288	0.01040	0.01357	0.01324	0.00826	0.49251	0.11099	0.02729	0.01499	0.03106	0.01209	0.11540	0.00809	0.00207	0.00518	0.00550	0.08033	0.00769
36	0.00636	0.00529	0.00544	0.00552	0.00709	0.00450	0.00402	0.00758	0.01163	0.01396	0.04944	0.10187	0.67783	0.06658	0.00765	0.00203	0.00287	0.01119	0.00480	0.00437
37	0.01060	0.02735	0.78682	0.01507	0.02288	0.01228	0.01953	0.01674	0.01116	0.01674	0.00949	0.01116	0.00670	0.00502	0.00502	0.00167	0.00781	0.00391	0.00223	0.00781
38	0.01733	0.01508	0.08379	0.01184	0.01590	0.05211	0.01029	0.49060	0.11128	0.04140	0.06621	0.01626	0.01290	0.00678	0.00536	0.00163	0.00571	0.02228	0.00495	0.00830
39	0.01221	0.01614	0.13962	0.02125	0.02695	0.01321	0.65549	0.01691	0.01229	0.01691	0.01052	0.01382	0.00783	0.00454	0.00606	0.00177	0.00875	0.00590	0.00261	0.00723
40	0.00660	0.00469	0.00607	0.00710	0.00740	0.00441	0.00466	0.00741	0.00985	0.01309	0.02808	0.69037	0.05077	0.12145	0.00939	0.00253	0.00333	0.01397	0.00468	0.00415
41	0.85155	0.01022	0.00777	0.00695	0.01022	0.01186	0.00573	0.01554	0.00900	0.02372	0.00736	0.00859	0.00573	0.00491	0.00327	0.00164	0.00409	0.00286	0.00327	0.00573
42	0.03143	0.00819	0.01081	0.05085	0.06307	0.00798	0.00760	0.09882	0.01517	0.23006	0.29856	0.06163	0.06054	0.00878	0.00575	0.00169	0.00401	0.02289	0.00541	0.00676
43	0.05582	0.00952	0.01196	0.15600	0.03599	0.00832	0.00805	0.01354	0.01081	0.01688	0.00930	0.01147	0.00759	0.00424	0.00417	0.00103	0.00457	0.00345	0.00298	0.62432
44	0.00916	0.00588	0.00707	0.00653	0.00839	0.00516	0.00502	0.01111	0.01369	0.12100	0.35318	0.04184	0.35467	0.01141	0.00614	0.00173	0.00289	0.02433	0.00551	0.00530
45	0.01949	0.04950	0.01604	0.01182	0.01590	0.01610	0.00983	0.67812	0.02330	0.05032	0.01265	0.01278	0.00906	0.00633	0.00543	0.00157	0.02300	0.00469	0.02536	0.00873
46	0.01212	0.10132	0.21862	0.05638	0.12311	0.01377	0.34688	0.01642	0.01172	0.01620	0.00979	0.01265	0.00753	0.00479	0.00572	0.00167	0.02649	0.00499	0.00249	0.00734
47	0.00659	0.00511	0.00601	0.00633	0.00749	0.00453	0.00454	0.00805	0.01206	0.01559	0.21042	0.30622	0.36036	0.01388	0.00641	0.00188	0.00277	0.01211	0.00512	0.00453
48	0.00768	0.00516	0.00595	0.00595	0.00602	0.00523	0.00344	0.00781	0.00774	0.01039	0.01649	0.03365	0.01881	0.76114	0.07942	0.00536	0.00574	0.00755	0.00318	0.00331
49	0.02200	0.01021	0.01301	0.02913	0.03102	0.02502	0.00844	0.13304	0.02859	0.59397	0.03674	0.01738	0.01303	0.00653	0.00532	0.00163	0.00484	0.00528	0.00606	0.00875
50	0.01351	0.67337	0.09274	0.00965	0.01417	0.03772	0.00983	0.01560	0.01073	0.01282	0.00802	0.00958	0.00722	0.00700	0.05769	0.00169	0.00652	0.00313	0.00231	0.00672
51	0.00625	0.00536	0.00536	0.00536	0.00714	0.00446	0.00402	0.00759	0.01205	0.01428	0.05355	0.05088	0.77909	0.01339	0.00625	0.00179	0.00268	0.01116	0.00491	0.00446
52	0.01948	0.01450	0.01552	0.01204	0.01616	0.01611	0.00990	0.69844	0.09102	0.03232	0.01347	0.01332	0.00962	0.00642	0.00530	0.00160	0.00567	0.00487	0.00530	0.00894
53	0.01152	0.00998	0.01358	0.03056	0.10710	0.00834	0.05771	0.03194	0.01155	0.03099	0.01083	0.05221	0.00939	0.00483	0.00446	0.00107	0.00462	0.00425	0.00322	0.59185
54	0.01187	0.02296	0.55582	0.01853	0.17280	0.01244	0.04654	0.04803	0.01205	0.03576	0.01003	0.01189	0.00733	0.00503	0.00513	0.00165	0.00739	0.00422	0.00256	0.00798
55	0.01096	0.00940	0.01096	0.00783	0.01253	0.00705	0.00626	0.01331	0.01096	0.01723	0.00940	0.01096	0.00783	0.00392	0.00392	0.00078	0.00392	0.00313	0.00313	0.84653
56	0.00670	0.00539	0.00599	0.00589	0.00749	0.00467	0.00445	0.00844	0.01298	0.01652	0.28342	0.04749	0.52670	0.01260	0.00627	0.00176	0.00268	0.03072	0.00520	0.00464
57	0.02372	0.00900	0.01227	0.00941	0.01350	0.00777	0.00777	0.02576	0.01513	0.78489	0.02086	0.01799	0.01309	0.00654	0.00532	0.00164	0.00450	0.00532	0.00654	0.00900
58	0.02363	0.00914	0.01235	0.00947	0.01356	0.00798	0.00782	0.04349	0.01536	0.76684	0.02066	0.01787	0.01299	0.00654	0.00532	0.00163	0.00453	0.00530	0.00651	0.00900
59	0.02372	0.00900	0.01227	0.00941	0.01350	0.00777	0.00777	0.02576	0.01513	0.78489	0.02086	0.01799	0.01309	0.00654	0.00532	0.00164	0.00450	0.00532	0.00654	0.00900
60	0.02010	0.01481	0.01587	0.01216	0.01639	0.01639	0.01005	0.76360	0.02486	0.03332	0.01269	0.01269	0.00899	0.00635	0.00529	0.00159	0.00582	0.00476	0.00529	0.00899
61	0.00644	0.00460	0.00613	0.00736	0.00767	0.00429	0.00491	0.00736	0.01012	0.01350	0.02914	0.81076	0.03497	0.01656	0.00675	0.00215	0.00307	0.01503	0.00491	0.00429
62	0.85155	0.01022	0.00777	0.00695	0.01022	0.01186	0.00573	0.01554	0.00900	0.02372	0.00736	0.00859	0.00573	0.00491	0.00327	0.00164	0.00409	0.00286	0.00327	0.00573
63	0.01248	0.01426	0.03119	0.02228	0.02763	0.01337	0.76203	0.01693	0.01248	0.01693	0.01070	0.01426	0.00802	0.00446	0.00624	0.00178	0.00891	0.00624	0.00267	0.00713
64	0.00748	0.00540	0.00707	0.00665	0.00790	0.00499	0.00499	0.00998	0.01496	0.02120	0.77844	0.03949	0.04988	0.01081	0.00624	0.00166	0.00249	0.00956	0.00582	0.00499
65	0.00755	0.00566	0.00850	0.00850	0.00944	0.00661	0.00661	0.00944	0.00850	0.01227	0.01416	0.02077	0.01322	0.03965	0.79326	0.00850	0.01416	0.00566	0.00283	0.00472
66	0.01288	0.01235	0.02109	0.08332	0.73196	0.01251	0.01612	0.01604	0.01194	0.01702	0.00991	0.01315	0.00829	0.00475	0.00524	0.00158	0.00633	0.00471	0.00260	0.00821
67	0.04141	0.00902	0.01217	0.00935	0.01343	0.00786	0.00773	0.02555	0.01500	0.76863	0.02057	0.01779	0.01293	0.00651	0.00527	0.00164	0.00449	0.00526	0.00647	0.00893
68	0.01132	0.01122	0.01614	0.13821	0.01744	0.01549	0.01206	0.01285	0.00849	0.01285	0.00733	0.01197	0.00696	0.00863	0.01544	0.00223	0.67865	0.00464	0.00232	0.00580
69	0.00644	0.00460	0.00613	0.00736	0.00767	0.00429	0.00491	0.00736	0.01012	0.01350	0.02914	0.81076	0.03497	0.01656	0.00675	0.00215	0.00307	0.01503	0.00491	0.00429
70	0.01145	0.01145	0.01658	0.03872	0.01507	0.01551	0.04604	0.01285	0.00847	0.01304	0.00767	0.02719	0.00755	0.00894	0.01599	0.00224	0.71161	0.00487	0.00240	0.02236
71	0.01974	0.01463	0.01567	0.01209	0.01626	0.01623	0.00996	0.72620	0.06284	0.03275	0.01314	0.01305	0.00935	0.00639	0.00529	0.00160	0.00573	0.00482	0.00529	0.00896
72	0.85155	0.01022	0.00777	0.00695	0.01022	0.01186	0.00573	0.01554	0.00900	0.02372	0.00736	0.00859	0.00573	0.00491	0.00327	0.00164	0.00409	0.00286	0.00327	0.00573
73	0.01086	0.04490	0.70092	0.01557	0.02309	0.01258	0.08600	0.01674	0.01127	0.01666	0.00955	0.01138	0.00682	0.00496	0.00509	0.00167	0.00786	0.00409	0.00227	0.00773
74	0.00859	0.00564	0.00728	0.00786	0.00873	0.00541	0.00553	0.06054	0.01162	0.06612	0.04544	0.66884	0.03200	0.01502	0.00655	0.00207	0.00338	0.02938	0.00506	0.00496
75	0.00748	0.00540	0.00707	0.00665	0.00790	0.00499	0.00499	0.00998	0.01496	0.02120	0.77844	0.03949	0.04988	0.01081	0.00624	0.00166	0.00249	0.00956	0.00582	0.00499
76	0.02372	0.00900	0.01227	0.00941	0.01350	0.00777	0.00777	0.02576	0.01513	0.78489	0.02086	0.01799	0.01309	0.00654	0.00532	0.00164	0.00450	0.00532	0.00654	0.00900
77	0.00743	0.00540	0.00700	0.00660	0.00787	0.00497	0.00495	0.00988	0.01484	0.02091	0.74851	0.03996	0.07999	0.01091	0.00624	0.00167	0.00250	0.00963	0.00578	0.00497
78	0.01308	0.01256	0.02146	0.03245	0.78123	0.01256	0.01622	0.01622	0.01204	0.01727	0.00994	0.01308	0.00837	0.00471	0.00523	0.00157	0.00628	0.00471	0.00262	0.00837
79	0.00748	0.00540	0.00707	0.00665	0.00790	0.00499	0.00499	0.00998	0.01496	0.02120	0.77844	0.03949	0.04988	0.01081	0.00624	0.00166	0.00249	0.00956	0.00582	0.00499
80	0.01236	0.01407	0.03070	0.02199	0.02724	0.01319	0.74714	0.01675	0.01243	0.01687	0.01106	0.02993	0.00855	0.00469	0.00625	0.00179	0.00880	0.00641	0.00272	0.00707
81	0.00998	0.00940	0.01586	0.80150	0.03641	0.01175	0.01468	0.01351	0.01057	0.01351	0.00940	0.01409	0.00705	0.00529	0.00529	0.00176	0.00705	0.00470	0.00235	0.00587
82	0.01096	0.00940	0.01096	0.00783	0.01253	0.00705	0.00626	0.01331	0.01096	0.01723	0.00940	0.01096	0.00783	0.00392	0.00392	0.00078	0.00392	0.00313	0.00313	0.84653
83	0.76738	0.01036	0.00861	0.00765	0.01059	0.01229	0.00631	0.01526	0.00891	0.02262	0.00732	0.00889	0.00585	0.00534	0.00468	0.00170	0.08430	0.00304	0.00318	0.00573
84	0.00836	0.00598	0.00829	0.00926	0.01048	0.00591	0.00797	0.01080	0.01260	0.01666	0.14482	0.05650	0.03345	0.01401	0.00714	0.00231	0.00450	0.63106	0.00502	0.00489
85	0.03870	0.01286	0.01413	0.01107	0.01509	0.01373	0.00907	0.47624	0.11575	0.12547	0.01471	0.01490	0.01064	0.00638	0.00517	0.00156	0.00521	0.01910	0.00521	0.08501
86	0.06616	0.00886	0.07797	0.00919	0.01111	0.00776	0.02612	0.01058	0.01036	0.01532	0.05710	0.37665	0.06769	0.01145	0.00741	0.00188	0.11433	0.00963	0.00397	0.10646
87	0.01216	0.00895	0.01060	0.06351	0.01307	0.00952	0.00761	0.26775	0.04636	0.03734	0.07214	0.29461	0.06109	0.03034	0.00651	0.00194	0.00442	0.04082	0.00493	0.00632
88	0.00644	0.00460	0.00613	0.00736	0.00767	0.00429	0.00491	0.00736	0.01012	0.01350	0.02914	0.81076	0.03497	0.01656	0.00675	0.00215	0.00307	0.01503	0.00491	0.00429
89	0.01441	0.01090	0.01184	0.01045	0.01356	0.01222	0.00819	0.02730	0.65201	0.12466	0.02218	0.02022	0.03359	0.00723	0.00539	0.00177	0.00419	0.00601	0.00552	0.00836
90	0.00678	0.00505	0.00703	0.07870	0.01026	0.00498	0.00579	0.00797	0.01026	0.01366	0.04307	0.72301	0.03277	0.01543	0.00661	0.00210	0.00341	0.01399	0.00470	0.00445
91	0.01413	0.81739	0.02770	0.00905	0.01357	0.02092	0.00905	0.01583	0.01074	0.01244	0.00735	0.00848	0.00678	0.00452	0.00339	0.00113	0.00565	0.00283	0.00226	0.00678
92	0.02372	0.00900	0.01227	0.00941	0.01350	0.00777	0.00777	0.02576	0.01513	0.78489	0.02086	0.01799	0.01309	0.00654	0.00532	0.00164	0.00450	0.00532	0.00654	0.00900
93	0.00737	0.00571	0.00775	0.00846	0.00884	0.00609	0.00617	0.00851	0.01017	0.01382	0.04469	0.60866	0.03111	0.01524	0.00822	0.00219	0.11117	0.08670	0.00458	0.00457
94	0.00644	0.00460	0.00613	0.00736	0.00767	0.00429	0.00491	0.00736	0.01012	0.01350	0.02914	0.81076	0.03497	0.01656	0.00675	0.00215	0.00307	0.01503	0.00491	0.00429
95	0.00752	0.00505	0.00582	0.00598	0.00602	0.00501	0.00343	0.00764	0.00802	0.01069	0.01834	0.13912	0.02134	0.70679	0.02419	0.00472	0.00485	0.00868	0.00343	0.00335
96	0.01340	0.03355	0.01717	0.13959	0.05761	0.19602	0.05073	0.01527	0.01058	0.01334	0.00797	0.01164	0.00705	0.00715	0.01100	0.00191	0.39307	0.00440	0.00245	0.00610
97	0.00838	0.00598	0.00836	0.00957	0.01073	0.00596	0.00827	0.01071	0.01203	0.01566	0.02807	0.11110	0.03074	0.01474	0.00726	0.00241	0.00474	0.69559	0.00487	0.00483
98	0.00633	0.00526	0.00554	0.00569	0.00725	0.00446	0.00418	0.00767	0.01192	0.01449	0.08369	0.15269	0.64525	0.01370	0.00631	0.00183	0.00272	0.01160	0.00495	0.00446
99	0.85155	0.01022	0.00777	0.00695	0.01022	0.01186	0.00573	0.01554	0.00900	0.02372	0.00736	0.00859	0.00573	0.00491	0.00327	0.00164	0.00409	0.00286	0.00327	0.00573
100	0.77410	0.02930	0.00846	0.00706	0.01046	0.01174	0.00584	0.01539	0.00917	0.02301	0.00750	0.00875	0.00589	0.00483	0.00332	0.00157	0.00411	0.00288	0.00324	0.06336
101	0.01237	0.01393	0.02981	0.02129	0.02659	0.01294	0.71025	0.01669	0.01237	0.01695	0.01061	0.01403	0.00801	0.00442	0.00608	0.00171	0.00857	0.00603	0.00271	0.06465
102	0.00661	0.00474	0.00632	0.00752	0.00794	0.00445	0.00519	0.00767	0.01034	0.01371	0.02961	0.72907	0.05183	0.01632	0.00678	0.00216	0.00321	0.07727	0.00490	0.00435
103	0.01294	0.01272	0.02265	0.04769	0.66366	0.01265	0.11663	0.01626	0.01207	0.01714	0.01003	0.01326	0.00830	0.00469	0.00537	0.00160	0.00665	0.00492	0.00262	0.00815
104	0.01019	0.00961	0.01623	0.75063	0.08568	0.01180	0.01478	0.01369	0.01067	0.01376	0.00943	0.01403	0.00713	0.00525	0.00528	0.00175	0.00700	0.00470	0.00237	0.00604
105	0.00769	0.00513	0.00577	0.00577	0.00577	0.00513	0.00320	0.00769	0.00769	0.01025	0.01666	0.03460	0.01922	0.81421	0.02691	0.00513	0.00513	0.00769	0.00320	0.00320
106	0.02372	0.00900	0.01227	0.00941	0.01350	0.00777	0.00777	0.02576	0.01513	0.78489	0.02086	0.01799	0.01309	0.00654	0.00532	0.00164	0.00450	0.00532	0.00654	0.00900
107	0.12600	0.01225	0.01961	0.02902	0.67740	0.01247	0.01481	0.01613	0.01163	0.01814	0.00960	0.01248	0.00802	0.00474	0.00497	0.00158	0.00599	0.00446	0.00271	0.00802
108	0.02302	0.00915	0.01225	0.00950	0.01351	0.00813	0.00781	0.02592	0.06518	0.73444	0.02090	0.01811	0.01329	0.00658	0.00532	0.00165	0.00448	0.00536	0.00647	0.00896
109	0.01006	0.00953	0.01616	0.77176	0.03582	0.01186	0.02891	0.01356	0.01056	0.01356	0.00937	0.01405	0.00706	0.00534	0.00553	0.00177	0.02212	0.00473	0.00235	0.00590
110	0.01378	0.01261	0.02026	0.09089	0.61899	0.01301	0.01527	0.11666	0.01365	0.01913	0.01027	0.01311	0.00835	0.00498	0.00525	0.00159	0.00628	0.00472	0.00296	0.00826
111	0.01413	0.81739	0.02770	0.00905	0.01357	0.02092	0.00905	0.01583	0.01074	0.01244	0.00735	0.00848	0.00678	0.00452	0.00339	0.00113	0.00565	0.00283	0.00226	0.00678
112	0.00644	0.00462	0.00611	0.00731	0.00765	0.00430	0.00488	0.00737	0.01017	0.01352	0.02980	0.79000	0.05530	0.01648	0.00673	0.00214	0.00306	0.01492	0.00491	0.00430
113	0.00660	0.00473	0.00621	0.00725	0.00767	0.00441	0.00490	0.00763	0.01045	0.01396	0.07889	0.69414	0.05560	0.04546	0.00746	0.00222	0.00313	0.03007	0.00490	0.00432
114	0.02954	0.00600	0.00778	0.00703	0.00871	0.00552	0.00538	0.01223	0.01485	0.12411	0.65827	0.03587	0.04389	0.01009	0.00604	0.00166	0.00280	0.00883	0.00586	0.00555
115	0.02153	0.00867	0.01174	0.00930	0.01301	0.00764	0.00768	0.03781	0.01510	0.66731	0.07130	0.02217	0.01663	0.00737	0.00551	0.00169	0.00442	0.05632	0.00636	0.00845
116	0.00741	0.00535	0.00700	0.00670	0.00788	0.00494	0.00498	0.00980	0.01463	0.02067	0.72710	0.09234	0.04886	0.01120	0.00627	0.00170	0.00253	0.00994	0.00576	0.00494
117	0.01938	0.07760	0.01582	0.01332	0.01616	0.74191	0.01014	0.02076	0.01470	0.01291	0.00812	0.00946	0.00681	0.00539	0.00468	0.00135	0.00928	0.00337	0.00269	0.00617
118	0.01060	0.02735	0.78682	0.01507	0.02288	0.01228	0.01953	0.01674	0.01116	0.01674	0.00949	0.01116	0.00670	0.00502	0.00502	0.00167	0.00781	0.00391	0.00223	0.00781
119	0.00824	0.00605	0.00806	0.00894	0.01025	0.00595	0.00761	0.01085	0.03307	0.01617	0.08923	0.07405	0.12182	0.01401	0.00703	0.00227	0.00436	0.56215	0.00496	0.00491
120	0.00748	0.00540	0.00707	0.00665	0.00790	0.00499	0.00499	0.00998	0.01496	0.02120	0.77844	0.03949	0.04988	0.01081	0.00624	0.00166	0.00249	0.00956	0.00582	0.00499
121	0.06569	0.01068	0.06815	0.69506	0.03375	0.01179	0.01442	0.01386	0.01051	0.01440	0.00927	0.01353	0.00694	0.00524	0.00513	0.00175	0.00690	0.00452	0.00240	0.00600
122	0.01146	0.01142	0.01617	0.06785	0.01542	0.01589	0.01178	0.01278	0.00827	0.01278	0.00711	0.01174	0.00695	0.00898	0.01652	0.00228	0.74989	0.00463	0.00232	0.00579
123	0.00852	0.00608	0.00852	0.00974	0.01095	0.00608	0.00852	0.01095	0.01217	0.01582	0.02799	0.05963	0.03042	0.01460	0.00730	0.00243	0.00487	0.74565	0.00487	0.00487
124	0.00769	0.00513	0.00577	0.00577	0.00577	0.00513	0.00320	0.00769	0.00769	0.01025	0.01666	0.03460	0.01922	0.81421	0.02691	0.00513	0.00513	0.00769	0.00320	0.00320
125	0.01266	0.46037	0.32480	0.01239	0.04625	0.01712	0.01348	0.01614	0.01090	0.01431	0.00828	0.00977	0.00681	0.00483	0.00439	0.00139	0.02327	0.00336	0.00226	0.00723
126	0.01060	0.02735	0.78682	0.01507	0.02288	0.01228	0.01953	0.01674	0.01116	0.01674	0.00949	0.01116	0.00670	0.00502	0.00502	0.00167	0.00781	0.00391	0.00223	0.00781
127	0.00644	0.00536	0.00563	0.00556	0.00726	0.00455	0.00417	0.00796	0.01251	0.01537	0.16815	0.04908	0.66381	0.01298	0.00625	0.00177	0.00265	0.01090	0.00505	0.00455
128	0.01428	0.79614	0.02736	0.00917	0.01364	0.04162	0.00908	0.01597	0.01086	0.01245	0.00737	0.00851	0.00678	0.00455	0.00343	0.00114	0.00576	0.00284	0.00227	0.00677
129	0.00755	0.00566	0.00850	0.00850	0.00944	0.00661	0.00661	0.00944	0.00850	0.01227	0.01416	0.02077	0.01322	0.03965	0.79326	0.00850	0.01416	0.00566	0.00283	0.00472
130	0.00700	0.00575	0.00622	0.00603	0.00762	0.01978	0.00452	0.00880	0.01327	0.01701	0.34115	0.04555	0.47411	0.01221	0.00621	0.00173	0.00274	0.01037	0.00523	0.00470
131	0.00766	0.00627	0.00983	0.09495	0.06322	0.00623	0.05634	0.00923	0.01045	0.01397	0.02455	0.62055	0.02845	0.01378	0.00646	0.00204	0.00409	0.01266	0.00434	0.00492
132	0.01060	0.02735	0.78682	0.01507	0.02288	0.01228	0.01953	0.01674	0.01116	0.01674	0.00949	0.01116	0.00670	0.00502	0.00502	0.00167	0.00781	0.00391	0.00223	0.00781
133	0.54098	0.00976	0.00946	0.00787	0.01145	0.01033	0.00649	0.01938	0.01130	0.30928	0.01242	0.01212	0.00849	0.00552	0.00404	0.00164	0.00424	0.00378	0.00450	0.00695
134	0.02619	0.01229	0.03475	0.15490	0.32595	0.01235	0.25062	0.01547	0.01155	0.01621	0.01025	0.01399	0.00826	0.00714	0.05791	0.00215	0.02499	0.00521	0.00260	0.00721
135	0.01871	0.02353	0.01457	0.01327	0.01581	0.72035	0.01000	0.02011	0.01437	0.01289	0.00855	0.01035	0.00725	0.00788	0.05910	0.00187	0.02904	0.00359	0.00272	0.00602
136	0.02363	0.00914	0.01236	0.00947	0.01357	0.00798	0.00783	0.04411	0.01537	0.76620	0.02065	0.01786	0.01298	0.00654	0.00532	0.00163	0.00453	0.00530	0.00651	0.00900
137	0.01068	0.04389	0.77092	0.01494	0.02269	0.01246	0.01931	0.01672	0.01115	0.01665	0.00944	0.01111	0.00670	0.00501	0.00499	0.00166	0.00777	0.00388	0.00223	0.00779
138	0.01013	0.00955	0.01612	0.76493	0.07183	0.01178	0.01476	0.01364	0.01064	0.01369	0.00942	0.01405	0.00711	0.00526	0.00528	0.00175	0.00701	0.00470	0.00236	0.00599
139	0.00769	0.00513	0.00577	0.00577	0.00577	0.00513	0.00320	0.00769	0.00769	0.01025	0.01666	0.03460	0.01922	0.81421	0.02691	0.00513	0.00513	0.00769	0.00320	0.00320
140	0.02302	0.03107	0.01256	0.00932	0.01335	0.00820	0.00773	0.03782	0.01507	0.73034	0.02025	0.01769	0.01286	0.00647	0.00522	0.00161	0.00450	0.00523	0.02885	0.00883
141	0.01831	0.01306	0.01489	0.02608	0.06806	0.01415	0.00982	0.50087	0.10500	0.10770	0.01604	0.02940	0.03837	0.00676	0.00536	0.00163	0.00539	0.00536	0.00518	0.00858
142	0.00644	0.00460	0.00613	0.00736	0.00767	0.00429	0.00491	0.00736	0.01012	0.01350	0.02914	0.81076	0.03497	0.01656	0.00675	0.00215	0.00307	0.01503	0.00491	0.00429
143	0.00756	0.00563	0.00832	0.00832	0.00920	0.00651	0.00638	0.00932	0.00844	0.01214	0.01433	0.02168	0.01361	0.09088	0.74257	0.00827	0.01356	0.00580	0.00286	0.00462
144	0.34508	0.01079	0.01092	0.00885	0.01242	0.01159	0.00728	0.23120	0.01517	0.20815	0.01295	0.01295	0.00908	0.00582	0.00437	0.00159	0.00454	0.00417	0.07572	0.00737
145	0.04354	0.00840	0.00967	0.02752	0.01067	0.04049	0.03567	0.11444	0.01203	0.01730	0.01848	0.09293	0.08558	0.13951	0.04292	0.03775	0.06997	0.00673	0.18114	0.00525
146	0.08405	0.13284	0.01503	0.10081	0.03288	0.02781	0.02899	0.17009	0.02655	0.03381	0.02675	0.01467	0.02819	0.01055	0.11058	0.02199	0.02165	0.00456	0.02439	0.08382
147	0.05876	0.01159	0.01462	0.03072	0.01570	0.02349	0.08732	0.21799	0.03162	0.10701	0.01286	0.02689	0.02294	0.00569	0.00533	0.00140	0.03554	0.00463	0.00411	0.28181
148	0.16933	0.07313	0.06640	0.08221	0.10460	0.02507	0.00957	0.12389	0.04632	0.01963	0.01144	0.03494	0.00959	0.03987	0.03911	0.01635	0.00567	0.00455	0.05611	0.06220

[dist]
# distance from previous block
# <min> <max>
0	31

[block]
# block no. 4 follows, 46 sequences, length 143
# corresponding to MSA columns:
# 404-509,512-548
name=unknown_E
#
# <colnr> <probs for GDERKNQSTAVLIFYWHMCP>
#	G	D	E	R	K	N	Q	S	T	A	V	L	I	F	Y	W	H	M	C	P
0	0.17898	0.02840	0.07852	0.20764	0.20574	0.05963	0.02567	0.05120	0.01179	0.01779	0.01239	0.01548	0.05524	0.00582	0.00491	0.00166	0.00611	0.02336	0.00298	0.00670
1	0.10228	0.07126	0.13803	0.07110	0.01631	0.03934	0.01039	0.05993	0.10954	0.19572	0.03995	0.04024	0.01231	0.00669	0.00563	0.00169	0.04574	0.02232	0.00420	0.00735
2	0.14876	0.05394	0.08567	0.03393	0.10887	0.18730	0.01044	0.07585	0.15635	0.01922	0.04712	0.01430	0.02457	0.00596	0.00480	0.00158	0.00612	0.00454	0.00360	0.00708
3	0.17875	0.01040	0.01008	0.02313	0.01162	0.08216	0.00697	0.16003	0.02774	0.06956	0.11530	0.05301	0.01609	0.02621	0.04211	0.02371	0.01736	0.00553	0.11404	0.00620
4	0.00677	0.00538	0.00608	0.00591	0.00746	0.00469	0.00443	0.00860	0.01329	0.01723	0.36203	0.04603	0.46878	0.01229	0.00624	0.00173	0.00260	0.01048	0.00530	0.00469
5	0.01272	0.01215	0.02064	0.06853	0.71616	0.01225	0.01577	0.01583	0.01197	0.01701	0.01108	0.01473	0.02330	0.00509	0.00529	0.00160	0.00622	0.01885	0.00269	0.00811
6	0.00850	0.00563	0.00737	0.00680	0.00824	0.00516	0.00515	0.01094	0.01492	0.07003	0.71668	0.03832	0.06079	0.01058	0.00618	0.00166	0.00263	0.00932	0.00585	0.00524
7	0.01096	0.00940	0.01096	0.00783	0.01253	0.00705	0.00626	0.01331	0.01096	0.01723	0.00940	0.01096	0.00783	0.00392	0.00392	0.00078	0.00392	0.00313	0.00313	0.84653
8	0.01308	0.01256	0.02146	0.03245	0.78123	0.01256	0.01622	0.01622	0.01204	0.01727	0.00994	0.01308	0.00837	0.00471	0.00523	0.00157	0.00628	0.00471	0.00262	0.00837
9	0.00650	0.00537	0.00571	0.00562	0.00730	0.00457	0.00422	0.00808	0.01265	0.01569	0.20166	0.04855	0.63010	0.01286	0.00625	0.00176	0.00264	0.01083	0.00510	0.00457
10	0.00766	0.00582	0.00870	0.00864	0.00956	0.00686	0.00674	0.00953	0.00849	0.01228	0.01397	0.02053	0.01305	0.03886	0.77318	0.00834	0.03461	0.00564	0.00282	0.00475
11	0.00918	0.00459	0.00689	0.00689	0.00689	0.00459	0.00459	0.00689	0.00689	0.00918	0.00918	0.01607	0.00918	0.01837	0.02066	0.84619	0.00459	0.00459	0.00230	0.00230
12	0.01665	0.20554	0.07354	0.01352	0.06769	0.43895	0.01073	0.01894	0.03169	0.01388	0.00860	0.00998	0.00719	0.00510	0.00446	0.00132	0.00782	0.00344	0.00266	0.05829
13	0.00759	0.00525	0.00698	0.00726	0.00776	0.00548	0.00499	0.00856	0.00879	0.02596	0.01926	0.24273	0.02126	0.29929	0.29887	0.00547	0.00782	0.00893	0.00360	0.00416
14	0.01408	0.01182	0.01248	0.01095	0.01410	0.01358	0.00859	0.12622	0.67204	0.02361	0.02034	0.01879	0.01518	0.00706	0.00537	0.00177	0.00440	0.00581	0.00537	0.00845
