[name]
unknown

[dist]
# distance from previous block
# <min> <max>
10	52

[block]
# block no. 0 follows, 38 sequences, length 12
# corresponding to MSA columns:
# 57-68
name=unknown_A
#
# <colnr> <probs for GDERKNQSTAVLIFYWHMCP>
#	G	D	E	R	K	N	Q	S	T	A	V	L	I	F	Y	W	H	M	C	P
0	0.24785	0.01433	0.01680	0.02168	0.32982	0.10211	0.01250	0.05186	0.01362	0.02160	0.01296	0.08267	0.01196	0.00716	0.00549	0.00187	0.00648	0.02772	0.00366	0.00787
1	0.01471	0.01538	0.04845	0.02892	0.40722	0.04241	0.21946	0.01965	0.06506	0.01987	0.01281	0.01596	0.01020	0.00560	0.00618	0.00185	0.00781	0.00588	0.04377	0.00881
2	0.01495	0.05007	0.02201	0.11483	0.49732	0.06127	0.01618	0.04377	0.04722	0.01933	0.01348	0.02978	0.03101	0.00619	0.00591	0.00180	0.00714	0.00565	0.00330	0.00878
3	0.05203	0.01340	0.01853	0.34588	0.22689	0.07489	0.01501	0.04840	0.05727	0.04892	0.01279	0.03723	0.01023	0.00643	0.00590	0.00190	0.00736	0.00558	0.00346	0.00789
4	0.01852	0.07325	0.01871	0.01943	0.25511	0.05008	0.01212	0.06786	0.07061	0.21198	0.01676	0.01723	0.03241	0.00644	0.00566	0.00168	0.00610	0.00541	0.00469	0.10594
5	0.03563	0.01238	0.01548	0.26667	0.02418	0.01408	0.01183	0.21125	0.17846	0.02487	0.08090	0.02011	0.02985	0.00748	0.00603	0.00190	0.00613	0.00620	0.00481	0.04176
6	0.18958	0.18298	0.05547	0.01376	0.05617	0.27483	0.01108	0.09885	0.01546	0.03724	0.00999	0.01130	0.00801	0.00592	0.00486	0.00163	0.00773	0.00394	0.00351	0.00770
7	0.01498	0.14597	0.12088	0.02102	0.02703	0.08273	0.46239	0.01946	0.01395	0.01800	0.01113	0.01425	0.00859	0.00526	0.00625	0.00185	0.00945	0.00586	0.00291	0.00804
8	0.01614	0.14158	0.05317	0.02459	0.38389	0.04437	0.04729	0.01936	0.01429	0.10823	0.07742	0.01718	0.01389	0.00623	0.00575	0.00173	0.00676	0.00556	0.00377	0.00879
9	0.01655	0.05379	0.01486	0.01161	0.01570	0.04523	0.00927	0.08552	0.40388	0.08812	0.01935	0.01846	0.01449	0.00704	0.00563	0.00172	0.00523	0.00566	0.00541	0.17248
10	0.07372	0.00757	0.00966	0.07660	0.01331	0.00752	0.00735	0.04499	0.01291	0.09990	0.02622	0.49747	0.02872	0.01416	0.00681	0.00219	0.00435	0.01254	0.00531	0.04871
11	0.74105	0.01221	0.00987	0.00857	0.01242	0.01407	0.00706	0.09714	0.01225	0.02821	0.00905	0.01029	0.00693	0.00577	0.00398	0.00186	0.00487	0.00350	0.00398	0.00693

[dist]
# distance from previous block
# <min> <max>
6	21

[block]
# block no. 1 follows, 38 sequences, length 13
# corresponding to MSA columns:
# 91-103
name=unknown_B
#
# <colnr> <probs for GDERKNQSTAVLIFYWHMCP>
#	G	D	E	R	K	N	Q	S	T	A	V	L	I	F	Y	W	H	M	C	P
0	0.01345	0.01132	0.01618	0.46615	0.05832	0.03160	0.01368	0.07003	0.07027	0.06829	0.01905	0.02165	0.09995	0.00747	0.00614	0.00197	0.00690	0.00637	0.00389	0.00733
1	0.01861	0.01464	0.01795	0.18195	0.07980	0.01602	0.01267	0.44211	0.02189	0.02959	0.01298	0.01462	0.00955	0.00652	0.00584	0.00175	0.00674	0.00520	0.00479	0.09680
2	0.04079	0.01653	0.10727	0.01502	0.07488	0.01528	0.01237	0.38027	0.07066	0.15820	0.01604	0.01645	0.01146	0.02900	0.00663	0.00196	0.00648	0.00554	0.00549	0.00969
3	0.01264	0.00956	0.01212	0.07122	0.10283	0.01017	0.00821	0.16100	0.01371	0.01847	0.01635	0.02889	0.01665	0.44638	0.04354	0.00432	0.00665	0.00731	0.00397	0.00602
4	0.01502	0.10793	0.02050	0.41104	0.09054	0.04139	0.03871	0.08932	0.01433	0.06900	0.01163	0.01503	0.00883	0.00622	0.00627	0.00188	0.03614	0.00515	0.00338	0.00770
5	0.04698	0.01813	0.01752	0.04471	0.11707	0.20009	0.01186	0.29928	0.04449	0.02587	0.01229	0.01355	0.00943	0.00631	0.00560	0.00165	0.00739	0.00477	0.00439	0.10860
6	0.02309	0.01553	0.01716	0.01313	0.01794	0.01662	0.01083	0.58771	0.02583	0.15238	0.01578	0.01533	0.01092	0.00714	0.00596	0.00178	0.00629	0.00544	0.00614	0.04501
7	0.01545	0.01254	0.01355	0.01006	0.01515	0.05691	0.00806	0.10418	0.01504	0.07609	0.01203	0.01321	0.00944	0.00512	0.00483	0.00112	0.00517	0.00399	0.00412	0.61393
8	0.00872	0.00587	0.00674	0.00668	0.00686	0.00581	0.00389	0.00907	0.00976	0.01319	0.10798	0.04005	0.02613	0.69378	0.02775	0.00535	0.00547	0.00901	0.00401	0.00389
9	0.02168	0.01512	0.01662	0.01289	0.01757	0.01620	0.01056	0.51136	0.10368	0.12302	0.01638	0.01590	0.01159	0.00713	0.00591	0.00177	0.00606	0.00550	0.00601	0.07504
10	0.07739	0.63078	0.02788	0.01082	0.01559	0.12347	0.01019	0.01880	0.01273	0.01518	0.00849	0.00982	0.00763	0.00532	0.00406	0.00136	0.00690	0.00331	0.00273	0.00753
11	0.00916	0.00633	0.00710	0.00699	0.00728	0.00645	0.00413	0.01044	0.05878	0.01312	0.05093	0.03846	0.02315	0.70193	0.02794	0.00540	0.00563	0.00871	0.00394	0.00413
12	0.60966	0.01181	0.01044	0.00896	0.01286	0.01321	0.00734	0.05938	0.06637	0.13320	0.01213	0.01252	0.00881	0.00614	0.00436	0.00187	0.00484	0.00404	0.00457	0.00748

[dist]
# distance from previous block
# <min> <max>
0	13

[block]
# block no. 2 follows, 38 sequences, length 21
# corresponding to MSA columns:
# 117-137
name=unknown_C
#
# <colnr> <probs for GDERKNQSTAVLIFYWHMCP>
#	G	D	E	R	K	N	Q	S	T	A	V	L	I	F	Y	W	H	M	C	P
0	0.02121	0.01581	0.01767	0.09988	0.02089	0.01766	0.01181	0.62788	0.02596	0.03488	0.01418	0.01487	0.01014	0.00708	0.00596	0.00182	0.00666	0.00541	0.03055	0.00969
1	0.00859	0.00645	0.00967	0.00967	0.01074	0.00752	0.00752	0.01074	0.00967	0.01396	0.01611	0.02363	0.01504	0.04512	0.76474	0.00967	0.01611	0.00645	0.00322	0.00537
2	0.00969	0.00692	0.00969	0.01108	0.01246	0.00692	0.00969	0.01246	0.01385	0.01800	0.03185	0.06786	0.03462	0.01662	0.00831	0.00277	0.00554	0.71057	0.00554	0.00554
3	0.01804	0.01323	0.14230	0.01124	0.01561	0.00973	0.01052	0.07091	0.04571	0.32590	0.22355	0.02675	0.02562	0.00873	0.00634	0.00190	0.00524	0.02393	0.00616	0.00859
4	0.01358	0.03872	0.27979	0.01189	0.01677	0.01031	0.01254	0.05230	0.01591	0.13641	0.31302	0.02703	0.02889	0.00872	0.00629	0.00187	0.00566	0.00733	0.00514	0.00782
5	0.01489	0.01429	0.02442	0.03692	0.75106	0.01429	0.01846	0.01846	0.01370	0.01965	0.01132	0.01489	0.00953	0.00536	0.00596	0.00179	0.00715	0.00536	0.00298	0.00953
6	0.02070	0.02675	0.05336	0.10169	0.02155	0.64249	0.01272	0.02280	0.01627	0.01501	0.00953	0.01153	0.00777	0.00615	0.00551	0.00162	0.01043	0.00407	0.00302	0.00703
7	0.01371	0.01264	0.02101	0.51503	0.05690	0.01451	0.12957	0.12740	0.01495	0.01962	0.01153	0.01579	0.00858	0.00603	0.00619	0.00197	0.00811	0.00564	0.00326	0.00755
8	0.01489	0.01429	0.02442	0.03692	0.75106	0.01429	0.01846	0.01846	0.01370	0.01965	0.01132	0.01489	0.00953	0.00536	0.00596	0.00179	0.00715	0.00536	0.00298	0.00953
9	0.00733	0.00524	0.00698	0.00838	0.00873	0.00489	0.00558	0.00838	0.01152	0.01536	0.03316	0.78466	0.03979	0.01885	0.00768	0.00244	0.00349	0.01710	0.00558	0.00489
10	0.01663	0.01542	0.02259	0.07650	0.02271	0.10055	0.22006	0.05298	0.01371	0.11289	0.01187	0.01502	0.00926	0.00755	0.01097	0.00215	0.27209	0.00575	0.00359	0.00772
11	0.01835	0.11757	0.14320	0.01306	0.01741	0.28620	0.01186	0.03737	0.01598	0.13264	0.13175	0.01813	0.01685	0.00719	0.00566	0.00169	0.00767	0.00540	0.00425	0.00777
12	0.01420	0.01623	0.03550	0.02535	0.03144	0.01521	0.72921	0.01927	0.01420	0.01927	0.01217	0.01623	0.00913	0.00507	0.00710	0.00203	0.01014	0.00710	0.00304	0.00811
13	0.00873	0.00592	0.00700	0.00700	0.00716	0.00607	0.00420	0.00903	0.00888	0.01199	0.01855	0.03713	0.02090	0.68271	0.13517	0.00638	0.00730	0.00842	0.00358	0.00389
14	0.01601	0.45714	0.18209	0.03261	0.01875	0.14932	0.01310	0.01903	0.01328	0.01559	0.02861	0.01160	0.00901	0.00566	0.00467	0.00150	0.00767	0.00385	0.00277	0.00776
15	0.02271	0.01312	0.09824	0.01169	0.01654	0.01062	0.01046	0.04538	0.13873	0.51308	0.04001	0.02038	0.01557	0.00748	0.00605	0.00190	0.00547	0.00610	0.00661	0.00985
16	0.03640	0.29300	0.43937	0.01412	0.02131	0.01704	0.01683	0.01930	0.01275	0.06353	0.01070	0.01205	0.00808	0.00562	0.00504	0.00169	0.00769	0.00409	0.00289	0.00851
17	0.02652	0.01099	0.01443	0.01106	0.01573	0.00996	0.00914	0.10896	0.01847	0.67381	0.02268	0.01979	0.01436	0.00742	0.00605	0.00186	0.00529	0.00598	0.00728	0.01024
18	0.02279	0.01644	0.01773	0.01365	0.01842	0.01811	0.01126	0.67827	0.05062	0.06851	0.01517	0.01496	0.01069	0.00726	0.00602	0.00182	0.00650	0.00549	0.00608	0.01021
19	0.01972	0.01743	0.01543	0.01304	0.01683	0.19912	0.01028	0.25795	0.22889	0.07740	0.01987	0.01922	0.06218	0.00780	0.00598	0.00183	0.00678	0.00597	0.00540	0.00888
20	0.04237	0.01560	0.01770	0.01595	0.10102	0.01714	0.01172	0.49844	0.14005	0.05446	0.01581	0.01583	0.01149	0.00712	0.00597	0.00184	0.00628	0.00559	0.00567	0.00994

[dist]
# distance from previous block
# <min> <max>
2	26

[block]
# block no. 3 follows, 38 sequences, length 21
# corresponding to MSA columns:
# 166-186
name=unknown_D
#
# <colnr> <probs for GDERKNQSTAVLIFYWHMCP>
#	G	D	E	R	K	N	Q	S	T	A	V	L	I	F	Y	W	H	M	C	P
0	0.22512	0.04781	0.13436	0.01482	0.10802	0.05068	0.01195	0.10351	0.07930	0.07307	0.01310	0.03141	0.01018	0.00636	0.00519	0.00177	0.00625	0.00484	0.00413	0.06812
1	0.18598	0.01444	0.04155	0.04763	0.46720	0.01462	0.01518	0.10491	0.01468	0.02327	0.01105	0.01373	0.00889	0.00566	0.00549	0.00181	0.00664	0.00490	0.00348	0.00889
2	0.09178	0.01025	0.01178	0.07374	0.01535	0.02772	0.00793	0.05263	0.01341	0.08614	0.01634	0.15386	0.01512	0.00789	0.00534	0.00154	0.00484	0.00657	0.04700	0.35075
3	0.00730	0.00598	0.00644	0.00658	0.00831	0.00512	0.00484	0.00891	0.01378	0.01702	0.13490	0.15887	0.57027	0.01541	0.00719	0.00207	0.00309	0.01311	0.00570	0.00512
4	0.00875	0.00583	0.00656	0.00656	0.00656	0.00583	0.00365	0.00875	0.00875	0.01166	0.01895	0.03937	0.02187	0.78858	0.03062	0.00583	0.00583	0.00875	0.00365	0.00365
5	0.01689	0.03212	0.02052	0.08843	0.02137	0.10795	0.15731	0.03503	0.01352	0.15370	0.01322	0.03363	0.01052	0.00926	0.04040	0.00240	0.22632	0.00590	0.00384	0.00765
6	0.83108	0.01163	0.00884	0.00791	0.01163	0.01350	0.00651	0.01768	0.01024	0.02699	0.00838	0.00977	0.00651	0.00558	0.00372	0.00186	0.00465	0.00326	0.00372	0.00651
7	0.00829	0.00614	0.00773	0.00733	0.00885	0.00558	0.00550	0.01092	0.01650	0.02287	0.63845	0.04700	0.16698	0.01277	0.00710	0.00191	0.00287	0.01117	0.00646	0.00558
8	0.02287	0.01685	0.01805	0.01384	0.01866	0.01866	0.01143	0.73100	0.02828	0.03791	0.01444	0.01444	0.01023	0.00722	0.00602	0.00181	0.00662	0.00542	0.00602	0.01023
9	0.00717	0.00610	0.00617	0.00615	0.00816	0.00510	0.00462	0.00874	0.01385	0.01657	0.08886	0.05737	0.72049	0.01512	0.00711	0.00203	0.00304	0.01262	0.00563	0.00510
10	0.00889	0.00578	0.00667	0.00667	0.00667	0.00578	0.00378	0.00867	0.00867	0.01156	0.01824	0.03759	0.02091	0.72376	0.03002	0.07500	0.00578	0.00845	0.00356	0.00356
11	0.00845	0.00615	0.00795	0.00750	0.00895	0.00565	0.00562	0.01122	0.01687	0.02375	0.71503	0.04556	0.08985	0.01244	0.00710	0.00190	0.00285	0.01097	0.00657	0.00565
12	0.01608	0.79220	0.03152	0.01029	0.01544	0.02380	0.01029	0.01801	0.01222	0.01415	0.00836	0.00965	0.00772	0.00515	0.00386	0.00129	0.00643	0.00322	0.00257	0.00772
13	0.83108	0.01163	0.00884	0.00791	0.01163	0.01350	0.00651	0.01768	0.01024	0.02699	0.00838	0.00977	0.00651	0.00558	0.00372	0.00186	0.00465	0.00326	0.00372	0.00651
14	0.00866	0.00594	0.00723	0.00728	0.00752	0.00615	0.00453	0.00915	0.00904	0.01228	0.01889	0.06380	0.02111	0.60429	0.18347	0.00651	0.00790	0.00858	0.00363	0.00405
15	0.01496	0.01292	0.01360	0.01224	0.01564	0.01496	0.00952	0.03197	0.74019	0.02516	0.02448	0.02244	0.01836	0.00816	0.00612	0.00204	0.00476	0.00680	0.00612	0.00952
16	0.00856	0.00656	0.00770	0.00726	0.00905	0.00597	0.00549	0.03933	0.01622	0.02169	0.45709	0.04863	0.31798	0.01321	0.00706	0.00194	0.00307	0.01135	0.00620	0.00563
17	0.01247	0.01069	0.01247	0.00891	0.01426	0.00802	0.00713	0.01515	0.01247	0.01960	0.01069	0.01247	0.00891	0.00446	0.00446	0.00089	0.00446	0.00356	0.00356	0.82536
18	0.02220	0.01652	0.01768	0.01371	0.01840	0.01834	0.01127	0.67197	0.08840	0.03684	0.01529	0.01512	0.01092	0.00730	0.00603	0.00183	0.00646	0.00553	0.00603	0.01017
19	0.02061	0.01657	0.01790	0.01425	0.01796	0.05702	0.01171	0.52449	0.05241	0.03156	0.01328	0.01432	0.00997	0.00786	0.00871	0.00197	0.15954	0.00536	0.00520	0.00931
20	0.01420	0.01623	0.03550	0.02535	0.03144	0.01521	0.72921	0.01927	0.01420	0.01927	0.01217	0.01623	0.00913	0.00507	0.00710	0.00203	0.01014	0.00710	0.00304	0.00811

[dist]
# distance from previous block
# <min> <max>
0	3

[block]
# block no. 4 follows, 38 sequences, length 75
# corresponding to MSA columns:
# 190-226,228-265
name=unknown_E
#
# <colnr> <probs for GDERKNQSTAVLIFYWHMCP>
#	G	D	E	R	K	N	Q	S	T	A	V	L	I	F	Y	W	H	M	C	P
0	0.01260	0.04920	0.71802	0.01679	0.02547	0.01406	0.02155	0.01932	0.01282	0.04029	0.01111	0.01285	0.00783	0.00575	0.00568	0.00189	0.00872	0.00446	0.00268	0.00890
1	0.00733	0.00524	0.00698	0.00838	0.00873	0.00489	0.00558	0.00838	0.01152	0.01536	0.03316	0.78466	0.03979	0.01885	0.00768	0.00244	0.00349	0.01710	0.00558	0.00489
2	0.01217	0.01151	0.01950	0.60593	0.20333	0.01358	0.01711	0.01608	0.01241	0.01635	0.01083	0.01578	0.00836	0.00587	0.00600	0.00196	0.00782	0.00535	0.00274	0.00733
3	0.49273	0.01548	0.14759	0.02885	0.01624	0.01382	0.02593	0.04729	0.01200	0.08048	0.01034	0.01184	0.00770	0.00617	0.00562	0.00193	0.06075	0.00405	0.00377	0.00743
4	0.00824	0.00626	0.00863	0.00873	0.00986	0.00678	0.00660	0.01006	0.01048	0.01434	0.02568	0.08503	0.15102	0.08431	0.52676	0.00752	0.01219	0.00849	0.00385	0.00518
5	0.00969	0.00692	0.00969	0.01108	0.01246	0.00692	0.00969	0.01246	0.01385	0.01800	0.03185	0.06786	0.03462	0.01662	0.00831	0.00277	0.00554	0.71057	0.00554	0.00554
6	0.00753	0.00540	0.00720	0.00856	0.00904	0.00507	0.00592	0.00874	0.01177	0.01561	0.03371	0.70444	0.05642	0.01856	0.00772	0.00246	0.00366	0.07766	0.00558	0.00495
7	0.01671	0.01817	0.02276	0.07743	0.45217	0.22137	0.06705	0.01986	0.01455	0.01799	0.01078	0.01394	0.00891	0.00561	0.00589	0.00175	0.00844	0.00507	0.00300	0.00854
8	0.01282	0.01299	0.01426	0.01300	0.01405	0.14960	0.01036	0.01455	0.01085	0.01429	0.01183	0.01742	0.01106	0.02520	0.35022	0.00558	0.29729	0.00554	0.00298	0.00611
9	0.83108	0.01163	0.00884	0.00791	0.01163	0.01350	0.00651	0.01768	0.01024	0.02699	0.00838	0.00977	0.00651	0.00558	0.00372	0.00186	0.00465	0.00326	0.00372	0.00651
10	0.83108	0.01163	0.00884	0.00791	0.01163	0.01350	0.00651	0.01768	0.01024	0.02699	0.00838	0.00977	0.00651	0.00558	0.00372	0.00186	0.00465	0.00326	0.00372	0.00651
11	0.01135	0.01051	0.01705	0.61664	0.03542	0.01317	0.01521	0.01495	0.01209	0.01608	0.06309	0.01795	0.01167	0.00698	0.00754	0.00205	0.09159	0.00574	0.02435	0.00657
12	0.00874	0.00586	0.00671	0.00671	0.00677	0.00591	0.00383	0.00885	0.00879	0.01178	0.01882	0.03860	0.02154	0.75219	0.06656	0.00602	0.00634	0.00864	0.00362	0.00373
13	0.01142	0.02656	0.62075	0.01540	0.02293	0.01246	0.01921	0.01765	0.01349	0.01998	0.14522	0.01858	0.01658	0.00692	0.00597	0.00190	0.00779	0.00562	0.00328	0.00830
14	0.02247	0.02867	0.01705	0.01550	0.01860	0.76443	0.01162	0.02402	0.01705	0.01472	0.00930	0.01085	0.00775	0.00620	0.00542	0.00155	0.01085	0.00387	0.00310	0.00697
15	0.00859	0.00645	0.00967	0.00967	0.01074	0.00752	0.00752	0.01074	0.00967	0.01396	0.01611	0.02363	0.01504	0.04512	0.76474	0.00967	0.01611	0.00645	0.00322	0.00537
16	0.00875	0.00583	0.00656	0.00656	0.00656	0.00583	0.00365	0.00875	0.00875	0.01166	0.01895	0.03937	0.02187	0.78858	0.03062	0.00583	0.00583	0.00875	0.00365	0.00365
17	0.02205	0.01641	0.01805	0.06795	0.02028	0.01828	0.01181	0.68007	0.02713	0.03631	0.01418	0.01456	0.01007	0.00714	0.00602	0.00182	0.00672	0.00541	0.00578	0.00998
18	0.01188	0.01097	0.01804	0.73963	0.04040	0.01361	0.01647	0.04784	0.01277	0.01639	0.01086	0.01597	0.00812	0.00607	0.00601	0.00200	0.00796	0.00535	0.00282	0.00684
19	0.01311	0.01436	0.07116	0.23053	0.02430	0.04137	0.03286	0.03126	0.01114	0.01582	0.00926	0.01396	0.00801	0.00842	0.01341	0.00229	0.42555	0.00519	0.00276	0.02523
20	0.01296	0.01123	0.01581	0.41928	0.02883	0.01349	0.01321	0.08416	0.16142	0.01971	0.01570	0.07203	0.01292	0.00776	0.00680	0.00203	0.04770	0.00649	0.04106	0.00741
21	0.00851	0.00615	0.00804	0.00757	0.00899	0.00568	0.00568	0.01135	0.01703	0.02412	0.74788	0.04494	0.05676	0.01230	0.00710	0.00189	0.00284	0.01088	0.00662	0.00568
22	0.01496	0.01292	0.01360	0.01224	0.01564	0.01496	0.00952	0.03197	0.74019	0.02516	0.02448	0.02244	0.01836	0.00816	0.00612	0.00204	0.00476	0.00680	0.00612	0.00952
23	0.01316	0.01316	0.01843	0.01579	0.01579	0.01843	0.01316	0.01448	0.00921	0.01448	0.00790	0.01316	0.00790	0.01053	0.01974	0.00263	0.77757	0.00526	0.00263	0.00658
24	0.00711	0.00609	0.00609	0.00609	0.00813	0.00508	0.00457	0.00863	0.01371	0.01625	0.06094	0.05789	0.74862	0.01524	0.00711	0.00203	0.00305	0.01270	0.00559	0.00508
25	0.00723	0.00610	0.00626	0.00622	0.00820	0.00513	0.00467	0.00887	0.01400	0.01694	0.12085	0.05676	0.68828	0.01498	0.00711	0.00202	0.00303	0.01254	0.00568	0.00513
26	0.01121	0.00561	0.00561	0.00561	0.00701	0.00561	0.00421	0.01402	0.01262	0.02243	0.01962	0.02243	0.01542	0.00701	0.00421	0.00140	0.00280	0.00561	0.82198	0.00561
27	0.02133	0.01637	0.01699	0.01342	0.01786	0.04530	0.01094	0.57895	0.13445	0.03469	0.01591	0.01574	0.01151	0.00732	0.00596	0.00182	0.00639	0.00557	0.02960	0.00987
28	0.02049	0.02524	0.01653	0.01495	0.01774	0.61219	0.01136	0.02311	0.06765	0.01550	0.01214	0.01362	0.03574	0.00708	0.00690	0.00171	0.08309	0.00454	0.00336	0.00705
29	0.00733	0.00524	0.00698	0.00838	0.00873	0.00489	0.00558	0.00838	0.01152	0.01536	0.03316	0.78466	0.03979	0.01885	0.00768	0.00244	0.00349	0.01710	0.00558	0.00489
30	0.01295	0.01097	0.01273	0.00913	0.01446	0.00850	0.00732	0.04763	0.01319	0.02043	0.01086	0.01256	0.00897	0.00458	0.00453	0.00093	0.00455	0.00365	0.00368	0.78838
31	0.01619	0.62632	0.09377	0.01201	0.01736	0.08495	0.04406	0.01867	0.01276	0.01486	0.00883	0.01032	0.00778	0.00528	0.00430	0.00140	0.00719	0.00356	0.00264	0.00778
32	0.02287	0.01685	0.01805	0.01384	0.01866	0.01866	0.01143	0.73100	0.02828	0.03791	0.01444	0.01444	0.01023	0.00722	0.00602	0.00181	0.00662	0.00542	0.00602	0.01023
33	0.01489	0.01429	0.02442	0.03692	0.75106	0.01429	0.01846	0.01846	0.01370	0.01965	0.01132	0.01489	0.00953	0.00536	0.00596	0.00179	0.00715	0.00536	0.00298	0.00953
34	0.00818	0.00621	0.00764	0.00794	0.00945	0.00567	0.00620	0.01036	0.01460	0.01911	0.27439	0.12928	0.29003	0.01496	0.00744	0.00220	0.00359	0.17149	0.00591	0.00536
35	0.01494	0.01416	0.02381	0.08160	0.68276	0.01438	0.01812	0.04215	0.01408	0.02000	0.01138	0.01494	0.00946	0.00546	0.00596	0.00180	0.00718	0.00536	0.00306	0.00938
36	0.02247	0.02867	0.01705	0.01550	0.01860	0.76443	0.01162	0.02402	0.01705	0.01472	0.00930	0.01085	0.00775	0.00620	0.00542	0.00155	0.01085	0.00387	0.00310	0.00697
37	0.00787	0.00578	0.00749	0.00843	0.00927	0.00527	0.00585	0.00913	0.01176	0.01577	0.03237	0.63346	0.06892	0.03728	0.00805	0.00242	0.00373	0.05848	0.00539	0.06330
38	0.01136	0.01069	0.01804	0.77412	0.04143	0.01337	0.01671	0.01537	0.01203	0.01537	0.01069	0.01604	0.00802	0.00601	0.00601	0.00200	0.00802	0.00535	0.00267	0.00668
39	0.02423	0.01425	0.01639	0.01261	0.01733	0.01485	0.01040	0.44781	0.04185	0.30927	0.01821	0.01693	0.01220	0.00733	0.00603	0.00183	0.00600	0.00569	0.00656	0.01022
40	0.00865	0.00579	0.00659	0.00669	0.00672	0.00576	0.00378	0.00872	0.00895	0.01193	0.01997	0.09241	0.02315	0.73380	0.02899	0.00559	0.00567	0.00934	0.00378	0.00373
41	0.02287	0.01685	0.01805	0.01384	0.01866	0.01866	0.01143	0.73100	0.02828	0.03791	0.01444	0.01444	0.01023	0.00722	0.00602	0.00181	0.00662	0.00542	0.00602	0.01023
42	0.20823	0.01200	0.01672	0.31472	0.17206	0.01346	0.01347	0.06577	0.01357	0.09810	0.01189	0.01469	0.00883	0.00601	0.00546	0.00190	0.00665	0.00493	0.00371	0.00782
43	0.83108	0.01163	0.00884	0.00791	0.01163	0.01350	0.00651	0.01768	0.01024	0.02699	0.00838	0.00977	0.00651	0.00558	0.00372	0.00186	0.00465	0.00326	0.00372	0.00651
44	0.00733	0.00524	0.00698	0.00838	0.00873	0.00489	0.00558	0.00838	0.01152	0.01536	0.03316	0.78466	0.03979	0.01885	0.00768	0.00244	0.00349	0.01710	0.00558	0.00489
45	0.01247	0.01069	0.01247	0.00891	0.01426	0.00802	0.00713	0.01515	0.01247	0.01960	0.01069	0.01247	0.00891	0.00446	0.00446	0.00089	0.00446	0.00356	0.00356	0.82536
46	0.00836	0.00614	0.00783	0.00741	0.00889	0.00561	0.00556	0.01106	0.01667	0.02327	0.67359	0.04634	0.13159	0.01262	0.00710	0.00191	0.00286	0.01108	0.00651	0.00561
47	0.00847	0.00612	0.00800	0.00760	0.00898	0.00565	0.00567	0.01125	0.01684	0.02382	0.72340	0.07027	0.05618	0.01252	0.00712	0.00191	0.00286	0.01109	0.00659	0.00565
48	0.01466	0.01406	0.02400	0.08539	0.70440	0.01423	0.01835	0.01826	0.01359	0.01937	0.01127	0.01496	0.00943	0.00540	0.00596	0.00180	0.00720	0.00536	0.00296	0.00934
49	0.01285	0.01068	0.01251	0.00896	0.01428	0.00804	0.00717	0.01551	0.01260	0.03842	0.01103	0.01268	0.00906	0.00453	0.00450	0.00092	0.00447	0.00363	0.00366	0.80451
50	0.04377	0.01396	0.06697	0.01269	0.03214	0.03329	0.01048	0.09119	0.34254	0.21783	0.02159	0.03934	0.01598	0.00796	0.00605	0.00196	0.00551	0.02140	0.00596	0.00937
51	0.01045	0.00522	0.00784	0.00784	0.00784	0.00522	0.00522	0.00784	0.00784	0.01045	0.01045	0.01829	0.01045	0.02090	0.02351	0.82497	0.00522	0.00522	0.00261	0.00261
52	0.00781	0.00607	0.00711	0.00696	0.00859	0.00536	0.00518	0.00995	0.01521	0.02007	0.39714	0.09738	0.36352	0.01402	0.00714	0.00199	0.00297	0.01208	0.00610	0.00536
53	0.00785	0.00564	0.00745	0.00802	0.00884	0.00523	0.00562	0.00969	0.01395	0.01922	0.34825	0.45855	0.04727	0.01596	0.00742	0.00220	0.00320	0.01436	0.00604	0.00523
54	0.01608	0.79220	0.03152	0.01029	0.01544	0.02380	0.01029	0.01801	0.01222	0.01415	0.00836	0.00965	0.00772	0.00515	0.00386	0.00129	0.00643	0.00322	0.00257	0.00772
55	0.02159	0.01561	0.01669	0.01294	0.01738	0.01722	0.01064	0.65221	0.02656	0.03621	0.01501	0.01532	0.01080	0.00720	0.00582	0.00176	0.00620	0.00544	0.09568	0.00972
56	0.00789	0.00595	0.00730	0.00734	0.00870	0.00535	0.00536	0.01001	0.01501	0.02022	0.41739	0.19927	0.23936	0.01442	0.00722	0.00204	0.00303	0.01264	0.00613	0.00535
57	0.02466	0.01074	0.01395	0.01083	0.01519	0.00987	0.00889	0.12250	0.01870	0.58798	0.09203	0.02201	0.01828	0.00788	0.00615	0.00186	0.00510	0.00643	0.00717	0.00980
58	0.02373	0.01413	0.14952	0.01189	0.01724	0.00997	0.01128	0.04578	0.01669	0.58474	0.03801	0.01947	0.01442	0.00724	0.00601	0.00187	0.00579	0.00585	0.00649	0.00989
59	0.10062	0.04617	0.01665	0.01458	0.01784	0.65117	0.01109	0.04376	0.01659	0.01657	0.00933	0.01082	0.00770	0.00614	0.00524	0.00158	0.01001	0.00384	0.00323	0.00704
60	0.01317	0.01327	0.04861	0.37294	0.40010	0.01386	0.01780	0.01707	0.01290	0.01767	0.01101	0.01533	0.00877	0.00567	0.00597	0.00189	0.00761	0.00532	0.00282	0.00821
61	0.00743	0.00537	0.00703	0.00817	0.00872	0.00497	0.00554	0.00868	0.01218	0.01626	0.10394	0.67196	0.08149	0.01801	0.00759	0.00237	0.00340	0.01625	0.00568	0.00497
62	0.00733	0.00524	0.00698	0.00838	0.00873	0.00489	0.00558	0.00838	0.01152	0.01536	0.03316	0.78466	0.03979	0.01885	0.00768	0.00244	0.00349	0.01710	0.00558	0.00489
63	0.11403	0.01969	0.01659	0.01362	0.01776	0.24105	0.01088	0.42010	0.04191	0.02940	0.01249	0.01305	0.00929	0.00676	0.00558	0.00174	0.00761	0.00475	0.00489	0.00882
64	0.01057	0.00528	0.00750	0.00750	0.00771	0.00528	0.00507	0.00877	0.00856	0.01226	0.01184	0.01891	0.01120	0.01879	0.02059	0.70024	0.00486	0.00528	0.12671	0.00307
65	0.01151	0.00701	0.00922	0.00829	0.01018	0.00657	0.00638	0.01411	0.01652	0.13903	0.56024	0.05652	0.08053	0.01175	0.00738	0.00193	0.02976	0.01014	0.00655	0.00638
66	0.01283	0.01090	0.01267	0.00908	0.01441	0.00838	0.00728	0.03967	0.01302	0.02023	0.01082	0.01254	0.00896	0.00455	0.00451	0.00092	0.00453	0.00363	0.00365	0.79744
67	0.00859	0.00645	0.00967	0.00967	0.01074	0.00752	0.00752	0.01074	0.00967	0.01396	0.01611	0.02363	0.01504	0.04512	0.76474	0.00967	0.01611	0.00645	0.00322	0.00537
68	0.01414	0.01662	0.05457	0.02514	0.03130	0.01518	0.71053	0.01926	0.01416	0.01926	0.01213	0.01613	0.00909	0.00509	0.00706	0.00203	0.01011	0.00703	0.00303	0.00813
69	0.00729	0.00539	0.00682	0.00796	0.00862	0.00492	0.00540	0.00842	0.01192	0.01552	0.03822	0.65211	0.16906	0.01819	0.00757	0.00237	0.00341	0.01630	0.00558	0.00492
70	0.01658	0.41763	0.13706	0.01323	0.01866	0.07509	0.06336	0.12805	0.01544	0.01932	0.03735	0.01271	0.01001	0.00589	0.00494	0.00155	0.00729	0.00435	0.00332	0.00818
71	0.01400	0.01583	0.03425	0.07865	0.03215	0.01508	0.67850	0.01899	0.01404	0.01899	0.01207	0.01621	0.00905	0.00514	0.00702	0.00203	0.00999	0.00697	0.00302	0.00801
72	0.00921	0.00817	0.00886	0.00938	0.01019	0.07246	0.00670	0.01044	0.01222	0.01557	0.05154	0.52869	0.12724	0.01630	0.00854	0.00231	0.07772	0.01408	0.00511	0.00528
73	0.11172	0.01464	0.01411	0.01149	0.01561	0.16748	0.00921	0.08698	0.01726	0.40776	0.04955	0.01764	0.01376	0.00710	0.00567	0.00177	0.00628	0.00538	0.00587	0.03075
74	0.01877	0.12206	0.01809	0.01400	0.05954	0.19215	0.01066	0.26563	0.06293	0.02422	0.01425	0.06858	0.01206	0.00734	0.00555	0.00167	0.00700	0.00559	0.04450	0.04542

[dist]
# distance from previous block
# <min> <max>
0	3

[block]
# block no. 5 follows, 38 sequences, length 11
# corresponding to MSA columns:
# 269-279
name=unknown_F
#
# <colnr> <probs for GDERKNQSTAVLIFYWHMCP>
#	G	D	E	R	K	N	Q	S	T	A	V	L	I	F	Y	W	H	M	C	P
0	0.05574	0.02311	0.01833	0.02043	0.20619	0.48534	0.01300	0.02288	0.06726	0.01727	0.01085	0.01266	0.00891	0.00610	0.00554	0.00166	0.00919	0.00444	0.00331	0.00779
1	0.01420	0.01623	0.03550	0.02535	0.03144	0.01521	0.72921	0.01927	0.01420	0.01927	0.01217	0.01623	0.00913	0.00507	0.00710	0.00203	0.01014	0.00710	0.00304	0.00811
2	0.01337	0.01160	0.01592	0.12164	0.03819	0.01072	0.07269	0.08508	0.03737	0.02077	0.01349	0.01872	0.01149	0.00620	0.00549	0.00146	0.00584	0.06624	0.00387	0.43984
3	0.01469	0.01381	0.02195	0.07604	0.56705	0.01437	0.01663	0.02088	0.15365	0.02046	0.01382	0.01641	0.01114	0.00594	0.00599	0.00185	0.00674	0.00564	0.00357	0.00936
4	0.00751	0.00537	0.00718	0.00848	0.00894	0.00503	0.00581	0.00874	0.01191	0.01592	0.06713	0.71042	0.04032	0.01841	0.00768	0.00243	0.00357	0.05454	0.00563	0.00496
5	0.02071	0.01622	0.02007	0.01506	0.02011	0.01723	0.11408	0.56620	0.02488	0.03363	0.01379	0.01453	0.00996	0.00667	0.00604	0.00176	0.00694	0.00550	0.00538	0.08126
6	0.02268	0.07292	0.01613	0.01168	0.01614	0.01343	0.00966	0.18029	0.17418	0.38658	0.02070	0.01876	0.01407	0.00737	0.00589	0.00184	0.00547	0.00585	0.00648	0.00989
7	0.01135	0.00652	0.00790	0.00743	0.00819	0.00641	0.00473	0.01188	0.01004	0.11859	0.01939	0.03528	0.02027	0.61141	0.09134	0.00560	0.00663	0.00816	0.00415	0.00474
8	0.00865	0.00589	0.00703	0.00711	0.00728	0.00602	0.00431	0.00901	0.00904	0.01220	0.01935	0.07908	0.02190	0.63852	0.13470	0.00619	0.00718	0.00889	0.00369	0.00396
9	0.01903	0.05552	0.01454	0.01113	0.01490	0.01247	0.00897	0.20832	0.13490	0.23242	0.04030	0.12862	0.01825	0.00899	0.00608	0.00187	0.00515	0.00744	0.02611	0.04501
10	0.06820	0.01465	0.05429	0.01291	0.06622	0.11877	0.00985	0.09290	0.04566	0.05591	0.01510	0.08796	0.01356	0.02597	0.00610	0.00169	0.00607	0.03287	0.00423	0.26710

[dist]
# distance from previous block
# <min> <max>
18	39

[block]
# block no. 6 follows, 38 sequences, length 11
# corresponding to MSA columns:
# 320-330
name=unknown_G
#
# <colnr> <probs for GDERKNQSTAVLIFYWHMCP>
#	G	D	E	R	K	N	Q	S	T	A	V	L	I	F	Y	W	H	M	C	P
0	0.03018	0.10660	0.47236	0.07550	0.04821	0.01484	0.03309	0.06989	0.01373	0.01962	0.01272	0.03745	0.02737	0.00640	0.00565	0.00186	0.00797	0.00511	0.00303	0.00843
1	0.08150	0.04131	0.09240	0.01227	0.06198	0.01014	0.02877	0.06111	0.01533	0.14847	0.20509	0.10285	0.02578	0.00926	0.00615	0.00187	0.00510	0.02507	0.00524	0.06032
2	0.22163	0.08266	0.23267	0.04353	0.01773	0.06013	0.01229	0.03174	0.04341	0.05427	0.01193	0.02712	0.00942	0.00753	0.00663	0.07491	0.00658	0.00459	0.04392	0.00730
3	0.12406	0.09285	0.15475	0.05281	0.05412	0.03637	0.12092	0.04873	0.05593	0.06671	0.09827	0.01765	0.01476	0.00678	0.00613	0.00187	0.02972	0.00569	0.00396	0.00793
4	0.05266	0.01432	0.04611	0.05607	0.01788	0.01458	0.01062	0.42678	0.02150	0.02980	0.04890	0.05050	0.01435	0.03184	0.02524	0.00210	0.00635	0.02909	0.00518	0.09612
5	0.01385	0.01180	0.08877	0.01229	0.05635	0.01018	0.00981	0.13122	0.08470	0.10040	0.11154	0.20378	0.05941	0.03436	0.00740	0.00218	0.00512	0.04379	0.00550	0.00753
6	0.01252	0.07303	0.50570	0.01641	0.06234	0.06247	0.01812	0.01782	0.01305	0.01823	0.03147	0.08958	0.01302	0.00752	0.00591	0.00192	0.00798	0.03166	0.00311	0.00814
7	0.01616	0.14362	0.01863	0.03637	0.05497	0.10834	0.03773	0.04817	0.05523	0.09372	0.01299	0.01551	0.01058	0.01135	0.08776	0.02344	0.13694	0.00506	0.03805	0.04537
8	0.07494	0.01364	0.12714	0.18848	0.02160	0.01195	0.01209	0.10318	0.09009	0.04863	0.08134	0.13191	0.01848	0.00875	0.00608	0.00196	0.00601	0.00739	0.00449	0.04186
9	0.06030	0.12718	0.22604	0.08299	0.18053	0.01436	0.05659	0.03158	0.01272	0.01835	0.01174	0.03806	0.01001	0.00720	0.00676	0.05585	0.00728	0.02237	0.00301	0.02709
10	0.01347	0.01466	0.07803	0.04506	0.03935	0.07352	0.23269	0.01700	0.01370	0.03947	0.09116	0.06569	0.01619	0.00745	0.00739	0.00185	0.07432	0.00681	0.05086	0.11135

[dist]
# distance from previous block
# <min> <max>
36	134

[block]
# block no. 7 follows, 38 sequences, length 21
# corresponding to MSA columns:
# 487-507
name=unknown_H
#
# <colnr> <probs for GDERKNQSTAVLIFYWHMCP>
#	G	D	E	R	K	N	Q	S	T	A	V	L	I	F	Y	W	H	M	C	P
0	0.20289	0.05650	0.03390	0.17781	0.17094	0.01287	0.01205	0.03515	0.01318	0.12034	0.01537	0.03523	0.05119	0.00672	0.00540	0.00184	0.00607	0.00546	0.00396	0.03313
1	0.06898	0.01254	0.01411	0.01105	0.01507	0.01280	0.00891	0.29057	0.01860	0.09584	0.04038	0.03524	0.01306	0.04937	0.00763	0.00185	0.05027	0.00550	0.02356	0.22468
2	0.01970	0.01410	0.01565	0.01213	0.01663	0.01460	0.00989	0.46766	0.02268	0.08235	0.01558	0.03603	0.01230	0.03611	0.00673	0.00182	0.00593	0.03049	0.00551	0.17410
3	0.08035	0.01932	0.01670	0.03388	0.10446	0.30262	0.01150	0.18455	0.04411	0.08726	0.03421	0.01536	0.02587	0.00682	0.00567	0.00173	0.00782	0.00506	0.00443	0.00828
4	0.01440	0.01326	0.02441	0.17990	0.10290	0.01363	0.29682	0.04318	0.01385	0.07024	0.01343	0.01898	0.01080	0.00690	0.00780	0.02029	0.05851	0.04702	0.00350	0.04017
5	0.09950	0.01109	0.01466	0.19045	0.06243	0.01233	0.04218	0.11095	0.07816	0.02194	0.01413	0.03480	0.01134	0.00760	0.00697	0.04639	0.03657	0.00555	0.13743	0.05551
6	0.01395	0.01448	0.01831	0.01577	0.01603	0.08193	0.01303	0.01529	0.00988	0.01450	0.00802	0.01296	0.00788	0.01016	0.01852	0.00254	0.71231	0.00515	0.00267	0.00661
7	0.02304	0.01657	0.01788	0.01371	0.01852	0.01824	0.01132	0.70116	0.02781	0.06842	0.01484	0.01470	0.01043	0.00723	0.00602	0.00181	0.00656	0.00544	0.00608	0.01023
8	0.01496	0.01292	0.01360	0.01224	0.01564	0.01496	0.00952	0.03197	0.74019	0.02516	0.02448	0.02244	0.01836	0.00816	0.00612	0.00204	0.00476	0.00680	0.00612	0.00952
9	0.00943	0.00630	0.00797	0.00858	0.00956	0.00597	0.00597	0.05101	0.01301	0.05984	0.05296	0.59741	0.08580	0.04547	0.00828	0.00245	0.00380	0.01500	0.00567	0.00549
10	0.23492	0.01712	0.23856	0.05310	0.01806	0.03051	0.01235	0.03419	0.09338	0.04953	0.10139	0.06141	0.01656	0.00761	0.00552	0.00193	0.00607	0.00599	0.00419	0.00762
11	0.01608	0.79220	0.03152	0.01029	0.01544	0.02380	0.01029	0.01801	0.01222	0.01415	0.00836	0.00965	0.00772	0.00515	0.00386	0.00129	0.00643	0.00322	0.00257	0.00772
12	0.01425	0.06525	0.01375	0.00915	0.01419	0.00910	0.00748	0.01684	0.01327	0.10734	0.05201	0.01499	0.01213	0.00529	0.00475	0.00109	0.00459	0.00423	0.00412	0.62620
13	0.02249	0.02798	0.01711	0.01540	0.01860	0.72107	0.01161	0.06513	0.01770	0.01607	0.00960	0.01106	0.00789	0.00626	0.00546	0.00156	0.01060	0.00396	0.00327	0.00716
14	0.00875	0.00583	0.00656	0.00656	0.00656	0.00583	0.00365	0.00875	0.00875	0.01166	0.01895	0.03937	0.02187	0.78858	0.03062	0.00583	0.00583	0.00875	0.00365	0.00365
15	0.00851	0.00615	0.00804	0.00757	0.00899	0.00568	0.00568	0.01135	0.01703	0.02412	0.74788	0.04494	0.05676	0.01230	0.00710	0.00189	0.00284	0.01088	0.00662	0.00568
16	0.01222	0.03007	0.70674	0.01772	0.02642	0.01406	0.07185	0.01907	0.01281	0.01907	0.01089	0.01295	0.00773	0.00567	0.00581	0.00191	0.00898	0.00463	0.00258	0.00884
17	0.02204	0.02777	0.01685	0.01531	0.01843	0.72159	0.01150	0.02448	0.05838	0.01532	0.01017	0.01151	0.00836	0.00631	0.00546	0.00158	0.01050	0.00404	0.00327	0.00712
18	0.00859	0.00645	0.00967	0.00967	0.01074	0.00752	0.00752	0.01074	0.00967	0.01396	0.01611	0.02363	0.01504	0.04512	0.76474	0.00967	0.01611	0.00645	0.00322	0.00537
19	0.00875	0.00583	0.00656	0.00656	0.00656	0.00583	0.00365	0.00875	0.00875	0.01166	0.01895	0.03937	0.02187	0.78858	0.03062	0.00583	0.00583	0.00875	0.00365	0.00365
20	0.01489	0.01429	0.02442	0.03692	0.75106	0.01429	0.01846	0.01846	0.01370	0.01965	0.01132	0.01489	0.00953	0.00536	0.00596	0.00179	0.00715	0.00536	0.00298	0.00953

[dist]
# distance from previous block
# <min> <max>
0	56

[block]
# block no. 8 follows, 38 sequences, length 22
# corresponding to MSA columns:
# 564-585
name=unknown_I
#
# <colnr> <probs for GDERKNQSTAVLIFYWHMCP>
#	G	D	E	R	K	N	Q	S	T	A	V	L	I	F	Y	W	H	M	C	P
0	0.01876	0.01896	0.01682	0.01441	0.01704	0.28172	0.01146	0.22584	0.01759	0.02132	0.01125	0.01392	0.00935	0.01203	0.09681	0.00282	0.19345	0.00495	0.00385	0.00764
1	0.02287	0.01685	0.01805	0.01384	0.01866	0.01866	0.01143	0.73100	0.02828	0.03791	0.01444	0.01444	0.01023	0.00722	0.00602	0.00181	0.00662	0.00542	0.00602	0.01023
2	0.01136	0.01069	0.01804	0.77412	0.04143	0.01337	0.01671	0.01537	0.01203	0.01537	0.01069	0.01604	0.00802	0.00601	0.00601	0.00200	0.00802	0.00535	0.00267	0.00668
3	0.00733	0.00524	0.00698	0.00838	0.00873	0.00489	0.00558	0.00838	0.01152	0.01536	0.03316	0.78466	0.03979	0.01885	0.00768	0.00244	0.00349	0.01710	0.00558	0.00489
4	0.01316	0.01316	0.01843	0.01579	0.01579	0.01843	0.01316	0.01448	0.00921	0.01448	0.00790	0.01316	0.00790	0.01053	0.01974	0.00263	0.77757	0.00526	0.00263	0.00658
5	0.00875	0.00583	0.00656	0.00656	0.00656	0.00583	0.00365	0.00875	0.00875	0.01166	0.01895	0.03937	0.02187	0.78858	0.03062	0.00583	0.00583	0.00875	0.00365	0.00365
6	0.00711	0.00609	0.00609	0.00609	0.00813	0.00508	0.00457	0.00863	0.01371	0.01625	0.06094	0.05789	0.74862	0.01524	0.00711	0.00203	0.00305	0.01270	0.00559	0.00508
7	0.83108	0.01163	0.00884	0.00791	0.01163	0.01350	0.00651	0.01768	0.01024	0.02699	0.00838	0.00977	0.00651	0.00558	0.00372	0.00186	0.00465	0.00326	0.00372	0.00651
8	0.01496	0.01292	0.01360	0.01224	0.01564	0.01496	0.00952	0.03197	0.74019	0.02516	0.02448	0.02244	0.01836	0.00816	0.00612	0.00204	0.00476	0.00680	0.00612	0.00952
9	0.01045	0.00522	0.00784	0.00784	0.00784	0.00522	0.00522	0.00784	0.00784	0.01045	0.01045	0.01829	0.01045	0.02090	0.02351	0.82497	0.00522	0.00522	0.00261	0.00261
10	0.01136	0.01069	0.01804	0.77412	0.04143	0.01337	0.01671	0.01537	0.01203	0.01537	0.01069	0.01604	0.00802	0.00601	0.00601	0.00200	0.00802	0.00535	0.00267	0.00668
11	0.02208	0.02802	0.01711	0.01551	0.01848	0.73322	0.01169	0.02362	0.01672	0.01471	0.00924	0.01095	0.00776	0.00638	0.00602	0.00160	0.04293	0.00393	0.00308	0.00696
12	0.01136	0.01069	0.01804	0.77412	0.04143	0.01337	0.01671	0.01537	0.01203	0.01537	0.01069	0.01604	0.00802	0.00601	0.00601	0.00200	0.00802	0.00535	0.00267	0.00668
13	0.00859	0.00645	0.00967	0.00967	0.01074	0.00752	0.00752	0.01074	0.00967	0.01396	0.01611	0.02363	0.01504	0.04512	0.76474	0.00967	0.01611	0.00645	0.00322	0.00537
14	0.01166	0.01108	0.01941	0.66114	0.03892	0.01324	0.09325	0.01574	0.01229	0.01609	0.01122	0.01632	0.00845	0.00595	0.00606	0.00198	0.00803	0.00555	0.03683	0.00679
15	0.01587	0.01526	0.02390	0.03368	0.63436	0.05160	0.03998	0.07513	0.01503	0.02084	0.01149	0.01470	0.00948	0.00554	0.00597	0.00178	0.00738	0.00535	0.00323	0.00941
16	0.01131	0.01070	0.01838	0.69810	0.03930	0.01304	0.05239	0.01522	0.01211	0.01557	0.01188	0.05414	0.00965	0.00660	0.00615	0.00203	0.00790	0.00602	0.00284	0.00667
17	0.00874	0.00588	0.00681	0.00681	0.00689	0.00597	0.00395	0.00891	0.00882	0.01185	0.01873	0.03812	0.02133	0.72976	0.08870	0.00614	0.00665	0.00857	0.00361	0.00378
18	0.07997	0.01199	0.01379	0.01068	0.01482	0.01180	0.00867	0.15875	0.01526	0.06058	0.01242	0.03354	0.01016	0.00648	0.00683	0.00148	0.10404	0.00467	0.02915	0.40494
19	0.12443	0.01698	0.01528	0.06632	0.01807	0.19143	0.01048	0.27718	0.03680	0.07841	0.01444	0.01530	0.03002	0.00703	0.00594	0.00179	0.03052	0.00506	0.04629	0.00823
20	0.01402	0.01031	0.01168	0.01043	0.01286	0.01081	0.00786	0.28122	0.05378	0.02442	0.02306	0.33869	0.02397	0.07379	0.00853	0.00234	0.00494	0.01054	0.02733	0.04940
21	0.01589	0.01305	0.01353	0.01124	0.01476	0.07141	0.00877	0.27679	0.05516	0.02480	0.01745	0.15885	0.01637	0.04314	0.04455	0.00227	0.00622	0.00731	0.00492	0.19354

[dist]
# distance from previous block
# <min> <max>
0	1

[block]
# block no. 9 follows, 38 sequences, length 6
# corresponding to MSA columns:
# 587-592
name=unknown_J
#
# <colnr> <probs for GDERKNQSTAVLIFYWHMCP>
#	G	D	E	R	K	N	Q	S	T	A	V	L	I	F	Y	W	H	M	C	P
0	0.47052	0.05338	0.04623	0.01177	0.05649	0.06301	0.04119	0.01951	0.01224	0.10974	0.01084	0.01198	0.00813	0.00572	0.00453	0.00176	0.00577	0.00399	0.00393	0.05929
1	0.01192	0.06887	0.01304	0.01277	0.11907	0.01027	0.00812	0.10551	0.03781	0.01892	0.09120	0.11414	0.08367	0.24263	0.03355	0.00327	0.00563	0.00873	0.00451	0.00636
2	0.01465	0.06356	0.08277	0.10234	0.32470	0.01468	0.01508	0.11404	0.05708	0.02131	0.04057	0.01856	0.05810	0.00694	0.00652	0.00186	0.03898	0.00589	0.00375	0.00862
3	0.09530	0.05115	0.01330	0.04129	0.05591	0.07969	0.00886	0.11357	0.01417	0.02089	0.01642	0.01947	0.06422	0.03559	0.00895	0.05706	0.09809	0.00560	0.19380	0.00664
4	0.11927	0.01354	0.06182	0.05887	0.14506	0.01315	0.05922	0.09640	0.15207	0.09609	0.02018	0.02177	0.08006	0.00762	0.00596	0.00194	0.00605	0.02773	0.00471	0.00847
5	0.07833	0.14357	0.04654	0.01254	0.01632	0.19129	0.01060	0.19522	0.05843	0.02211	0.01561	0.01669	0.06769	0.00926	0.04453	0.00215	0.05201	0.00520	0.00411	0.00783

[dist]
# distance from previous block
# <min> <max>
1	7

[block]
# block no. 10 follows, 38 sequences, length 88
# corresponding to MSA columns:
# 600-687
name=unknown_K
#
# <colnr> <probs for GDERKNQSTAVLIFYWHMCP>
#	G	D	E	R	K	N	Q	S	T	A	V	L	I	F	Y	W	H	M	C	P
0	0.03879	0.09281	0.10384	0.01398	0.05479	0.05264	0.01195	0.10084	0.03415	0.27847	0.01600	0.03860	0.01182	0.00757	0.00767	0.00191	0.11487	0.00554	0.00492	0.00885
1	0.03574	0.06998	0.01422	0.01112	0.01436	0.06889	0.00899	0.22674	0.15080	0.02567	0.11926	0.04872	0.06972	0.00935	0.00612	0.00189	0.00542	0.05765	0.04747	0.00790
2	0.15599	0.07345	0.03463	0.01156	0.01592	0.04199	0.00975	0.22907	0.12799	0.19506	0.01647	0.01592	0.01170	0.00690	0.00542	0.00181	0.00577	0.00517	0.02639	0.00904
3	0.03690	0.01822	0.07233	0.02256	0.19194	0.14916	0.20790	0.07834	0.01516	0.02000	0.03233	0.01487	0.01016	0.00626	0.00734	0.00188	0.07773	0.00556	0.00335	0.02801
4	0.03853	0.05626	0.02220	0.06340	0.44308	0.12951	0.03673	0.05558	0.01465	0.01954	0.01089	0.01379	0.00900	0.00555	0.00565	0.00169	0.00755	0.00491	0.00318	0.05833
5	0.01825	0.01477	0.01599	0.03721	0.10232	0.09625	0.01096	0.13521	0.27371	0.12198	0.01781	0.01758	0.01318	0.00694	0.00583	0.00178	0.00611	0.00562	0.00522	0.09330
6	0.01562	0.01080	0.01275	0.03141	0.03598	0.01124	0.00890	0.06869	0.29732	0.15519	0.12146	0.02881	0.08805	0.00920	0.00632	0.00194	0.00471	0.03727	0.00604	0.04831
7	0.00734	0.00610	0.00641	0.00633	0.00826	0.00517	0.00475	0.00907	0.01424	0.01751	0.17109	0.05582	0.63768	0.01476	0.00711	0.00201	0.00301	0.01240	0.00575	0.00517
8	0.00724	0.00609	0.00630	0.00635	0.00829	0.00515	0.00478	0.00885	0.01381	0.01663	0.09129	0.07828	0.67895	0.01524	0.00715	0.00205	0.00311	0.02970	0.00563	0.00511
9	0.01316	0.01316	0.01843	0.01579	0.01579	0.01843	0.01316	0.01448	0.00921	0.01448	0.00790	0.01316	0.00790	0.01053	0.01974	0.00263	0.77757	0.00526	0.00263	0.00658
10	0.00779	0.00616	0.00704	0.00692	0.00867	0.00540	0.00525	0.00989	0.01503	0.01945	0.33126	0.05325	0.44069	0.01414	0.00716	0.00201	0.00308	0.04547	0.00599	0.00534
11	0.01608	0.79220	0.03152	0.01029	0.01544	0.02380	0.01029	0.01801	0.01222	0.01415	0.00836	0.00965	0.00772	0.00515	0.00386	0.00129	0.00643	0.00322	0.00257	0.00772
12	0.00942	0.00673	0.00938	0.01076	0.01203	0.00669	0.00921	0.01199	0.01358	0.01769	0.03200	0.15144	0.03522	0.01688	0.00824	0.00273	0.00530	0.62971	0.00554	0.00546
13	0.01608	0.79220	0.03152	0.01029	0.01544	0.02380	0.01029	0.01801	0.01222	0.01415	0.00836	0.00965	0.00772	0.00515	0.00386	0.00129	0.00643	0.00322	0.00257	0.00772
14	0.01178	0.00615	0.00621	0.00600	0.00757	0.00624	0.00455	0.04855	0.01337	0.02317	0.01937	0.02204	0.01517	0.00702	0.00429	0.00142	0.00299	0.00560	0.78268	0.00583
