[name]
unknown

[dist]
# distance from previous block
# <min> <max>
0	15

[block]
# block no. 0 follows, 43 sequences, length 19
# corresponding to MSA columns:
# 264-282
name=unknown_A
#
# <colnr> <probs for GDERKNQSTAVLIFYWHMCP>
#	G	D	E	R	K	N	Q	S	T	A	V	L	I	F	Y	W	H	M	C	P
0	0.10909	0.05409	0.01099	0.04169	0.01231	0.02997	0.00715	0.05052	0.03412	0.19185	0.24747	0.07929	0.07542	0.00918	0.00570	0.00176	0.00419	0.02325	0.00532	0.00665
1	0.04630	0.02090	0.02842	0.01099	0.02885	0.00975	0.05848	0.14514	0.01585	0.24013	0.12402	0.03552	0.01917	0.00953	0.03739	0.01580	0.00537	0.06877	0.04553	0.03410
2	0.07593	0.01135	0.01304	0.10590	0.01696	0.01250	0.00927	0.19149	0.25966	0.10566	0.01801	0.09497	0.01451	0.00768	0.00552	0.00179	0.00505	0.00633	0.00506	0.03932
3	0.01220	0.01297	0.09360	0.46393	0.14971	0.01329	0.01545	0.08791	0.01269	0.01711	0.01011	0.01396	0.00776	0.00581	0.00636	0.00183	0.06059	0.00484	0.00280	0.00709
4	0.12583	0.09146	0.03965	0.30049	0.12895	0.03383	0.06244	0.03234	0.03361	0.01729	0.02844	0.06047	0.01049	0.00617	0.00520	0.00174	0.00645	0.00531	0.00306	0.00678
5	0.01154	0.09090	0.56647	0.09274	0.02395	0.01343	0.03946	0.03804	0.01201	0.01721	0.01061	0.04009	0.00823	0.00570	0.00525	0.00173	0.00771	0.00459	0.00256	0.00777
6	0.00675	0.00482	0.00643	0.00771	0.00803	0.00450	0.00514	0.00771	0.01060	0.01414	0.03053	0.80175	0.03663	0.01735	0.00707	0.00225	0.00321	0.01574	0.00514	0.00450
7	0.00788	0.00523	0.00679	0.00758	0.00836	0.00478	0.00523	0.00906	0.01146	0.05989	0.08253	0.62891	0.10954	0.01599	0.00689	0.00215	0.00322	0.01435	0.00531	0.00486
8	0.01465	0.30914	0.15208	0.01226	0.01711	0.03228	0.08507	0.11894	0.03153	0.05976	0.10321	0.01538	0.01364	0.00609	0.00497	0.00153	0.00626	0.00488	0.00363	0.00757
9	0.01083	0.01019	0.01800	0.61088	0.03406	0.01194	0.12285	0.01457	0.01142	0.01524	0.01075	0.01530	0.00812	0.00549	0.00554	0.00180	0.00726	0.00518	0.07433	0.00626
10	0.00962	0.00481	0.00722	0.00722	0.00722	0.00481	0.00481	0.00722	0.00722	0.00962	0.00962	0.01684	0.00962	0.01924	0.02165	0.83886	0.00481	0.00481	0.00241	0.00241
11	0.04434	0.01159	0.06816	0.58416	0.10793	0.01245	0.01517	0.04081	0.01178	0.01600	0.01046	0.01543	0.00816	0.00574	0.00549	0.00183	0.00713	0.02405	0.00270	0.00663
12	0.34948	0.02434	0.08732	0.15373	0.01721	0.01132	0.00939	0.03492	0.04229	0.07981	0.02705	0.04492	0.01038	0.00622	0.00456	0.00172	0.00513	0.00469	0.07894	0.00658
13	0.00656	0.00554	0.00568	0.00579	0.00753	0.00466	0.00429	0.00793	0.01245	0.01489	0.05390	0.11777	0.70551	0.01431	0.00659	0.00190	0.00284	0.01204	0.00514	0.00466
14	0.03062	0.02217	0.47708	0.01673	0.02344	0.01240	0.21427	0.01716	0.01244	0.03445	0.07578	0.01521	0.01141	0.00566	0.00568	0.00178	0.00785	0.00526	0.00291	0.00772
15	0.03073	0.04928	0.65568	0.06830	0.02453	0.01313	0.04851	0.01726	0.01164	0.01736	0.00987	0.01188	0.00707	0.00524	0.00524	0.00175	0.00802	0.00419	0.00239	0.00794
16	0.01124	0.22449	0.41280	0.01219	0.01775	0.01344	0.01408	0.01524	0.01130	0.01562	0.03938	0.09318	0.01276	0.07548	0.00702	0.00197	0.00666	0.00552	0.00285	0.00702
17	0.01237	0.21564	0.43815	0.01407	0.02049	0.01440	0.08531	0.01695	0.01186	0.04382	0.01240	0.04346	0.03600	0.00592	0.00509	0.00165	0.00723	0.00482	0.00276	0.00763
18	0.05790	0.26694	0.42829	0.01279	0.01927	0.01517	0.01506	0.01812	0.01185	0.09227	0.01032	0.01140	0.00766	0.00525	0.00467	0.00157	0.00693	0.00383	0.00286	0.00786

[dist]
# distance from previous block
# <min> <max>
5	14

[block]
# block no. 1 follows, 43 sequences, length 49
# corresponding to MSA columns:
# 297-345
name=unknown_B
#
# <colnr> <probs for GDERKNQSTAVLIFYWHMCP>
#	G	D	E	R	K	N	Q	S	T	A	V	L	I	F	Y	W	H	M	C	P
0	0.02737	0.06029	0.06043	0.24171	0.02172	0.01147	0.10105	0.01385	0.01154	0.03634	0.08666	0.06779	0.05713	0.04049	0.00812	0.00200	0.10191	0.00656	0.02480	0.01877
1	0.03430	0.06079	0.01717	0.48012	0.05196	0.04929	0.02456	0.03102	0.01124	0.01485	0.01016	0.04585	0.00860	0.00661	0.00738	0.00188	0.13007	0.00514	0.00269	0.00631
2	0.01109	0.01087	0.01708	0.67033	0.03516	0.05170	0.05011	0.01462	0.01140	0.01436	0.01045	0.01609	0.00825	0.00594	0.00593	0.00186	0.02626	0.02973	0.00259	0.00619
3	0.00699	0.00517	0.00611	0.00674	0.00743	0.00474	0.00448	0.00786	0.01060	0.01360	0.03478	0.41822	0.23911	0.19416	0.01169	0.00285	0.00358	0.01287	0.00474	0.00429
4	0.01256	0.04235	0.01780	0.20044	0.09920	0.12441	0.09217	0.01507	0.01180	0.01497	0.03417	0.06280	0.04585	0.00775	0.00837	0.00190	0.17329	0.02567	0.00302	0.00640
5	0.04184	0.01119	0.02058	0.20823	0.09461	0.01178	0.27398	0.01458	0.01191	0.01663	0.06017	0.12580	0.01469	0.00745	0.00694	0.00192	0.06064	0.00725	0.00324	0.00656
6	0.01392	0.00873	0.01125	0.12170	0.01553	0.02149	0.00838	0.04902	0.12147	0.21213	0.02255	0.30968	0.02137	0.01071	0.00640	0.00196	0.02231	0.00929	0.00519	0.00690
7	0.01371	0.01316	0.02248	0.03399	0.77081	0.01316	0.01700	0.01700	0.01261	0.01809	0.01042	0.01371	0.00877	0.00493	0.00548	0.00164	0.00658	0.00493	0.00274	0.00877
8	0.01131	0.04965	0.71783	0.01600	0.02395	0.01317	0.05749	0.01752	0.01175	0.01742	0.00994	0.01178	0.00709	0.00522	0.00528	0.00174	0.00818	0.00419	0.00236	0.00812
9	0.01280	0.03888	0.31955	0.05075	0.05280	0.06344	0.30717	0.03600	0.01288	0.01751	0.01149	0.01403	0.02581	0.00529	0.00577	0.00176	0.00843	0.00527	0.00272	0.00765
10	0.00962	0.00481	0.00722	0.00722	0.00722	0.00481	0.00481	0.00722	0.00722	0.00962	0.00962	0.01684	0.00962	0.01924	0.02165	0.83886	0.00481	0.00481	0.00241	0.00241
11	0.00805	0.00537	0.00604	0.00604	0.00604	0.00537	0.00336	0.00805	0.00805	0.01074	0.01745	0.03624	0.02013	0.80536	0.02819	0.00537	0.00537	0.00805	0.00336	0.00336
12	0.03285	0.01280	0.01423	0.01142	0.01525	0.01379	0.00925	0.42216	0.14596	0.16406	0.03782	0.06527	0.01424	0.00760	0.00565	0.00175	0.00526	0.00608	0.00575	0.00883
13	0.01475	0.61317	0.02684	0.03216	0.01581	0.01998	0.05597	0.01672	0.01127	0.04878	0.00859	0.01024	0.00752	0.00540	0.00549	0.00141	0.09264	0.00356	0.00261	0.00710
14	0.02124	0.00961	0.01204	0.00957	0.01332	0.00911	0.00780	0.09265	0.09121	0.51917	0.02057	0.01878	0.01370	0.00684	0.00532	0.00166	0.00449	0.00552	0.12865	0.00873
15	0.00802	0.00549	0.00666	0.00666	0.00688	0.00571	0.00413	0.00845	0.00824	0.01120	0.01688	0.03309	0.01877	0.63899	0.19269	0.00614	0.00743	0.00759	0.00327	0.00370
16	0.01841	0.14045	0.01725	0.01341	0.04728	0.39513	0.01022	0.06045	0.16306	0.06401	0.01235	0.01281	0.00966	0.00601	0.00499	0.00152	0.00759	0.00426	0.00371	0.00743
17	0.00806	0.00561	0.00683	0.00688	0.00709	0.00584	0.00436	0.00854	0.00860	0.01167	0.03050	0.08934	0.02094	0.59259	0.12817	0.00542	0.02681	0.02547	0.00349	0.00380
18	0.00675	0.00482	0.00643	0.00771	0.00803	0.00450	0.00514	0.00771	0.01060	0.01414	0.03053	0.80175	0.03663	0.01735	0.00707	0.00225	0.00321	0.01574	0.00514	0.00450
19	0.00778	0.00744	0.04519	0.05585	0.01097	0.00628	0.00641	0.01067	0.05790	0.01665	0.14776	0.04577	0.49232	0.01237	0.00643	0.00189	0.00356	0.05447	0.00500	0.00529
20	0.04648	0.10115	0.01516	0.03221	0.01463	0.15901	0.03157	0.22672	0.01587	0.02094	0.01220	0.01534	0.01015	0.07250	0.03875	0.00216	0.04810	0.00477	0.12544	0.00685
21	0.00799	0.00599	0.00834	0.00877	0.00963	0.00576	0.04022	0.05041	0.01177	0.01573	0.04787	0.65821	0.03373	0.02891	0.00732	0.00225	0.00376	0.04336	0.00505	0.00494
22	0.01281	0.01072	0.01265	0.00916	0.01403	0.00885	0.02377	0.11376	0.01349	0.02032	0.01034	0.01181	0.00837	0.00446	0.00435	0.00096	0.00449	0.00358	0.00358	0.70851
23	0.05617	0.01616	0.15858	0.05995	0.37323	0.04462	0.07699	0.05057	0.01305	0.03699	0.03379	0.01401	0.00960	0.00549	0.00577	0.00171	0.02730	0.00493	0.00302	0.00806
24	0.05463	0.17995	0.52765	0.01513	0.04912	0.01468	0.05168	0.01728	0.01159	0.01706	0.00946	0.01123	0.00711	0.00511	0.00490	0.00164	0.00754	0.00396	0.00244	0.00785
25	0.01738	0.07163	0.09005	0.01294	0.01664	0.27728	0.01104	0.17252	0.14945	0.03733	0.01261	0.01345	0.00977	0.00780	0.03774	0.00193	0.04431	0.00455	0.00390	0.00767
26	0.01212	0.01212	0.01696	0.01454	0.01454	0.01696	0.01212	0.01333	0.00848	0.01333	0.00727	0.01212	0.00727	0.00969	0.01818	0.00242	0.79523	0.00485	0.00242	0.00606
27	0.00687	0.00556	0.00572	0.00574	0.00749	0.00473	0.00428	0.00841	0.01268	0.01574	0.09768	0.07600	0.65162	0.01350	0.00640	0.00184	0.00279	0.01132	0.05690	0.00473
28	0.00962	0.00481	0.00722	0.00722	0.00722	0.00481	0.00481	0.00722	0.00722	0.00962	0.00962	0.01684	0.00962	0.01924	0.02165	0.83886	0.00481	0.00481	0.00241	0.00241
29	0.01032	0.00516	0.00516	0.00516	0.00645	0.00516	0.00387	0.01290	0.01161	0.02065	0.01807	0.02065	0.01420	0.00645	0.00387	0.00129	0.00258	0.00516	0.83611	0.00516
30	0.73327	0.05176	0.00976	0.00773	0.01130	0.01292	0.00645	0.04697	0.01047	0.05655	0.00854	0.00959	0.00652	0.00526	0.00361	0.00168	0.00446	0.00319	0.00361	0.00634
31	0.01427	0.01120	0.01227	0.01048	0.01261	0.05384	0.00821	0.29082	0.01584	0.02168	0.01409	0.03641	0.01257	0.13869	0.15032	0.00360	0.09958	0.00580	0.08111	0.00660
32	0.07386	0.00827	0.01074	0.09601	0.01361	0.00876	0.00753	0.13623	0.01224	0.12952	0.01195	0.01575	0.00969	0.01275	0.01345	0.42057	0.00526	0.00484	0.00367	0.00530
33	0.01413	0.66602	0.16577	0.01063	0.01600	0.02026	0.01149	0.01676	0.01133	0.01385	0.00811	0.00940	0.00709	0.00483	0.00387	0.00129	0.00634	0.00317	0.00236	0.00730
34	0.00674	0.00524	0.00614	0.00671	0.00780	0.00463	0.00473	0.00803	0.01190	0.01513	0.09886	0.40794	0.36559	0.01540	0.00679	0.00204	0.00298	0.01349	0.00522	0.00463
35	0.00892	0.00637	0.00892	0.01020	0.01147	0.00637	0.00892	0.01147	0.01275	0.01657	0.02932	0.06247	0.03187	0.01530	0.00765	0.00255	0.00510	0.73354	0.00510	0.00510
36	0.71921	0.01040	0.00870	0.03972	0.01191	0.01195	0.00649	0.03400	0.01012	0.04108	0.00968	0.05888	0.00822	0.00599	0.00384	0.00175	0.00440	0.00398	0.00362	0.00607
37	0.01148	0.00984	0.01148	0.00820	0.01312	0.00738	0.00656	0.01395	0.01148	0.01805	0.00984	0.01148	0.00820	0.00410	0.00410	0.00082	0.00410	0.00328	0.00328	0.83922
38	0.00701	0.00495	0.00645	0.00747	0.00777	0.00473	0.00491	0.00785	0.01011	0.01352	0.02774	0.64405	0.03301	0.15100	0.03922	0.00302	0.00400	0.01409	0.00476	0.00432
39	0.00674	0.00487	0.00638	0.00758	0.00800	0.00451	0.00508	0.00773	0.01073	0.01419	0.03211	0.75550	0.08186	0.01715	0.00704	0.00223	0.00319	0.01549	0.00514	0.00451
40	0.01111	0.02865	0.77667	0.01579	0.02397	0.01286	0.02046	0.01754	0.01169	0.01754	0.00994	0.01169	0.00702	0.00526	0.00526	0.00175	0.00818	0.00409	0.00234	0.00818
41	0.01313	0.01124	0.01206	0.01090	0.01394	0.01267	0.00850	0.02678	0.64967	0.02219	0.02238	0.05093	0.01783	0.00805	0.00569	0.00186	0.00436	0.04229	0.00544	0.06009
42	0.00805	0.00537	0.00604	0.00604	0.00604	0.00537	0.00336	0.00805	0.00805	0.01074	0.01745	0.03624	0.02013	0.80536	0.02819	0.00537	0.00537	0.00805	0.00336	0.00336
43	0.00920	0.00779	0.01123	0.01049	0.01113	0.00991	0.00834	0.01085	0.00873	0.01290	0.01265	0.01949	0.01213	0.06732	0.51490	0.00676	0.25243	0.00570	0.00282	0.00521
44	0.14795	0.07880	0.01490	0.01243	0.01535	0.55975	0.00953	0.01991	0.01408	0.01532	0.00973	0.05901	0.00879	0.00627	0.00477	0.00151	0.00838	0.00419	0.00305	0.00628
45	0.00794	0.00582	0.00833	0.00833	0.00912	0.00661	0.00621	0.00952	0.00873	0.01243	0.01536	0.02465	0.01510	0.19426	0.63241	0.00819	0.01294	0.00636	0.00304	0.00463
46	0.00906	0.00652	0.00720	0.00695	0.00738	0.02623	0.00435	0.04873	0.00932	0.01236	0.01669	0.03262	0.01848	0.65152	0.11556	0.00549	0.00665	0.00752	0.00341	0.00395
47	0.01426	0.11170	0.08268	0.08363	0.46830	0.04762	0.01531	0.03613	0.03012	0.04323	0.01067	0.01320	0.00862	0.00518	0.00522	0.00161	0.00671	0.00462	0.00292	0.00826
48	0.01437	0.64438	0.11072	0.01031	0.01518	0.05905	0.01057	0.01669	0.01173	0.01399	0.04332	0.01076	0.00920	0.00515	0.00396	0.00129	0.00623	0.00345	0.00256	0.00710

[dist]
# distance from previous block
# <min> <max>
0	1

[block]
# block no. 2 follows, 43 sequences, length 123
# corresponding to MSA columns:
# 347-438,441-471
name=unknown_C
#
# <colnr> <probs for GDERKNQSTAVLIFYWHMCP>
#	G	D	E	R	K	N	Q	S	T	A	V	L	I	F	Y	W	H	M	C	P
0	0.01428	0.08090	0.01750	0.30980	0.04802	0.08483	0.05032	0.16779	0.01468	0.01920	0.01102	0.01393	0.00852	0.00596	0.00587	0.00168	0.04854	0.00475	0.08544	0.00698
1	0.04816	0.09816	0.13133	0.01366	0.01809	0.11785	0.11029	0.15273	0.05786	0.03850	0.04968	0.01401	0.01075	0.00613	0.00606	0.00164	0.05792	0.00481	0.00365	0.05871
2	0.01603	0.58226	0.04170	0.01074	0.01502	0.20873	0.00993	0.01784	0.01245	0.01345	0.02383	0.00990	0.00805	0.00513	0.00401	0.00127	0.00690	0.00328	0.00257	0.00692
3	0.02105	0.01551	0.01662	0.01274	0.01717	0.01717	0.01053	0.75235	0.02604	0.03490	0.01330	0.01330	0.00942	0.00665	0.00554	0.00166	0.00609	0.00499	0.00554	0.00942
4	0.01256	0.01033	0.01189	0.00883	0.01337	0.00861	0.00704	0.12055	0.01354	0.02023	0.01172	0.06444	0.01027	0.00535	0.00451	0.00104	0.00433	0.00436	0.00373	0.66330
5	0.00688	0.00485	0.00642	0.00762	0.00799	0.00454	0.00511	0.00794	0.01078	0.01456	0.05107	0.75712	0.03641	0.01686	0.00696	0.00221	0.00318	0.01527	0.02970	0.00454
6	0.02917	0.01165	0.01961	0.36665	0.43332	0.01277	0.01606	0.01573	0.01187	0.01650	0.01011	0.01408	0.00811	0.00520	0.00546	0.00173	0.00689	0.00489	0.00263	0.00756
7	0.00835	0.04015	0.01025	0.04526	0.02911	0.00723	0.04577	0.01057	0.03341	0.01639	0.18060	0.33071	0.16379	0.01292	0.00698	0.00198	0.03502	0.01138	0.00482	0.00530
8	0.00671	0.00497	0.00627	0.00731	0.00793	0.00453	0.00496	0.00776	0.01099	0.01430	0.03546	0.65737	0.17783	0.01671	0.00697	0.00218	0.00313	0.01496	0.00514	0.00453
9	0.00940	0.00503	0.00745	0.00752	0.00761	0.00514	0.00514	0.00756	0.00764	0.01026	0.01154	0.06760	0.01194	0.01979	0.05217	0.71783	0.01971	0.02125	0.00266	0.00277
10	0.01377	0.10880	0.03897	0.11454	0.51128	0.01435	0.04629	0.05481	0.01297	0.01789	0.01020	0.01323	0.00840	0.00506	0.00530	0.00162	0.00672	0.00475	0.00280	0.00824
11	0.01046	0.00984	0.01661	0.79205	0.03814	0.01230	0.01538	0.01415	0.01107	0.01415	0.00984	0.01477	0.00738	0.00554	0.00554	0.00185	0.00738	0.00492	0.00246	0.00615
12	0.00757	0.00622	0.00676	0.00669	0.00846	0.00573	0.00503	0.01063	0.09021	0.01696	0.16635	0.11057	0.49652	0.01322	0.00652	0.00190	0.00302	0.02712	0.00535	0.00518
13	0.02016	0.01465	0.01567	0.01211	0.01628	0.01617	0.00997	0.69071	0.02484	0.03372	0.01369	0.01391	0.00982	0.00663	0.00540	0.00163	0.00580	0.00500	0.07478	0.00906
14	0.04512	0.08292	0.20610	0.16492	0.08576	0.01244	0.14429	0.01543	0.01190	0.01692	0.05816	0.04916	0.01239	0.00741	0.03000	0.00199	0.00723	0.02268	0.01819	0.00697
15	0.01111	0.02865	0.77667	0.01579	0.02397	0.01286	0.02046	0.01754	0.01169	0.01754	0.00994	0.01169	0.00702	0.00526	0.00526	0.00175	0.00818	0.00409	0.00234	0.00818
16	0.00803	0.00576	0.00789	0.00914	0.01006	0.00561	0.00736	0.00994	0.01192	0.01560	0.03033	0.34873	0.04870	0.01607	0.00740	0.00242	0.00432	0.44073	0.00512	0.00486
17	0.19604	0.01167	0.01606	0.45254	0.07494	0.05502	0.05914	0.04218	0.01173	0.01770	0.00955	0.01312	0.00729	0.00541	0.00510	0.00178	0.00687	0.00453	0.00285	0.00650
18	0.01192	0.03065	0.01802	0.07713	0.05002	0.01243	0.18496	0.09120	0.04579	0.01755	0.01869	0.12220	0.09878	0.02800	0.00911	0.00206	0.16366	0.00757	0.00368	0.00658
19	0.01032	0.00516	0.00516	0.00516	0.00645	0.00516	0.00387	0.01290	0.01161	0.02065	0.01807	0.02065	0.01420	0.00645	0.00387	0.00129	0.00258	0.00516	0.83611	0.00516
20	0.01307	0.00954	0.01060	0.00969	0.01242	0.01019	0.00757	0.02238	0.42036	0.12006	0.02991	0.08032	0.16448	0.00983	0.00603	0.00192	0.00409	0.05437	0.00563	0.00755
21	0.01334	0.01491	0.05809	0.03987	0.04486	0.01375	0.59384	0.07843	0.01394	0.01893	0.01212	0.04870	0.00964	0.00543	0.00638	0.00186	0.00865	0.00664	0.00310	0.00753
22	0.01032	0.00516	0.00516	0.00516	0.00645	0.00516	0.00387	0.01290	0.01161	0.02065	0.01807	0.02065	0.01420	0.00645	0.00387	0.00129	0.00258	0.00516	0.83611	0.00516
23	0.00700	0.00563	0.00624	0.00608	0.00776	0.00487	0.00456	0.00882	0.01369	0.01749	0.30478	0.04913	0.51831	0.01308	0.00654	0.00183	0.00274	0.01110	0.00548	0.00487
24	0.01379	0.00910	0.00985	0.00841	0.01071	0.00981	0.00660	0.26121	0.04774	0.02480	0.07865	0.02023	0.01583	0.03895	0.00652	0.02639	0.02084	0.00565	0.37831	0.00661
25	0.01280	0.01615	0.11562	0.05282	0.09057	0.01374	0.57852	0.01752	0.01280	0.01761	0.01094	0.01446	0.00824	0.00479	0.00627	0.00184	0.00890	0.00606	0.00273	0.00761
26	0.01160	0.01135	0.01597	0.01385	0.01397	0.01573	0.01148	0.01290	0.00853	0.01327	0.00820	0.01330	0.00808	0.01362	0.11246	0.00322	0.69907	0.00498	0.00249	0.00592
27	0.01185	0.01172	0.01644	0.01418	0.01424	0.01632	0.01178	0.01311	0.00851	0.01330	0.00776	0.01274	0.00769	0.01175	0.06748	0.00284	0.74494	0.00492	0.00246	0.00599
28	0.01288	0.01503	0.06196	0.02340	0.08989	0.01359	0.62977	0.01742	0.01296	0.01772	0.01180	0.01658	0.00930	0.00514	0.00644	0.00187	0.00889	0.03500	0.00287	0.00751
29	0.02384	0.00965	0.01282	0.00998	0.01416	0.00865	0.00820	0.02721	0.08337	0.70654	0.02191	0.01901	0.01400	0.00691	0.00558	0.00173	0.00468	0.00563	0.00674	0.00937
30	0.01286	0.01422	0.02994	0.02392	0.12525	0.01353	0.60992	0.01713	0.01283	0.01756	0.01188	0.04899	0.00966	0.00534	0.00661	0.00186	0.02142	0.00670	0.00289	0.00749
31	0.06302	0.13880	0.58933	0.01448	0.02164	0.01425	0.03265	0.01723	0.01144	0.01725	0.00944	0.01120	0.00700	0.00527	0.00523	0.00169	0.02589	0.00393	0.00242	0.00783
32	0.01076	0.00783	0.00963	0.00970	0.01128	0.00818	0.00780	0.13543	0.05432	0.01873	0.02442	0.15269	0.02591	0.12878	0.02628	0.00286	0.00520	0.34961	0.00491	0.00568
33	0.00793	0.00585	0.00846	0.00846	0.00929	0.00668	0.00637	0.00960	0.00877	0.01253	0.01524	0.02401	0.01482	0.16045	0.66584	0.00835	0.01336	0.00626	0.00303	0.00470
34	0.04111	0.14181	0.08600	0.06359	0.04631	0.16580	0.01102	0.20453	0.04597	0.05503	0.01501	0.01567	0.07190	0.00651	0.00512	0.00159	0.00667	0.00488	0.00388	0.00759
35	0.01406	0.03571	0.01372	0.02910	0.11409	0.01165	0.00970	0.11213	0.26123	0.08666	0.08430	0.02753	0.05188	0.00864	0.00594	0.00187	0.00491	0.11397	0.00512	0.00778
36	0.01126	0.06122	0.74545	0.01552	0.02356	0.01324	0.02000	0.01750	0.01167	0.01735	0.00985	0.01158	0.00702	0.00524	0.00519	0.00173	0.00809	0.00405	0.00234	0.00814
37	0.00805	0.00582	0.00835	0.00835	0.00923	0.00664	0.00632	0.00982	0.00894	0.01300	0.01533	0.02351	0.01465	0.13528	0.64849	0.00806	0.01301	0.00616	0.04623	0.00476
38	0.01187	0.21755	0.42386	0.08587	0.02205	0.01456	0.04914	0.01649	0.01168	0.01604	0.01105	0.01566	0.00921	0.00597	0.00512	0.00169	0.00735	0.06480	0.00261	0.00744
39	0.01502	0.01268	0.08982	0.01066	0.01424	0.01152	0.00920	0.33539	0.03342	0.05458	0.01734	0.17984	0.01577	0.02544	0.00605	0.00178	0.00512	0.00714	0.08023	0.07478
40	0.09225	0.25245	0.01910	0.01101	0.01525	0.01687	0.03254	0.33225	0.06059	0.05468	0.01295	0.01334	0.02484	0.00608	0.00476	0.00154	0.00565	0.00449	0.03129	0.00808
41	0.01707	0.01244	0.01352	0.01100	0.01445	0.01366	0.00882	0.41272	0.18761	0.05839	0.09415	0.01938	0.01639	0.03792	0.00643	0.00184	0.00506	0.00594	0.05485	0.00835
42	0.00720	0.00564	0.00651	0.00630	0.00788	0.00495	0.00472	0.00921	0.01416	0.01862	0.41514	0.04728	0.40725	0.01266	0.00654	0.00181	0.00271	0.01084	0.00562	0.00495
43	0.50078	0.16125	0.01492	0.01100	0.07595	0.01457	0.03900	0.07635	0.01161	0.02239	0.00950	0.01085	0.02204	0.00533	0.00399	0.00161	0.00511	0.00364	0.00335	0.00675
44	0.01148	0.00984	0.01148	0.00820	0.01312	0.00738	0.00656	0.01395	0.01148	0.01805	0.00984	0.01148	0.00820	0.00410	0.00410	0.00082	0.00410	0.00328	0.00328	0.83922
45	0.00675	0.00482	0.00643	0.00771	0.00803	0.00450	0.00514	0.00771	0.01060	0.01414	0.03053	0.80175	0.03663	0.01735	0.00707	0.00225	0.00321	0.01574	0.00514	0.00450
46	0.00695	0.00512	0.00719	0.00814	0.00863	0.00478	0.02629	0.00805	0.01078	0.01441	0.04523	0.76371	0.03615	0.01687	0.00704	0.00223	0.00337	0.01536	0.00509	0.00460
47	0.01502	0.35519	0.08456	0.01632	0.19505	0.09215	0.01201	0.04901	0.02868	0.04342	0.03886	0.01318	0.02353	0.00555	0.00466	0.00145	0.00642	0.00425	0.00306	0.00763
48	0.00754	0.00561	0.00702	0.00675	0.00811	0.00509	0.00503	0.00984	0.01484	0.02044	0.59678	0.08347	0.18472	0.01214	0.00656	0.00179	0.00268	0.01063	0.00587	0.00509
49	0.00673	0.00489	0.00636	0.00754	0.00799	0.00451	0.00506	0.00773	0.01077	0.01421	0.03266	0.73936	0.09764	0.01707	0.00703	0.00222	0.00318	0.01541	0.00514	0.00451
50	0.01100	0.02322	0.01902	0.53448	0.03240	0.01252	0.14778	0.01447	0.01115	0.01475	0.01025	0.01495	0.00797	0.00701	0.02972	0.02175	0.05314	0.00521	0.02296	0.00625
51	0.01419	0.01110	0.01438	0.11206	0.13445	0.02350	0.01064	0.13314	0.16912	0.08362	0.03569	0.06749	0.03819	0.00910	0.03615	0.00210	0.04670	0.02175	0.02904	0.00761
52	0.00675	0.00482	0.00643	0.00771	0.00803	0.00450	0.00514	0.00771	0.01060	0.01414	0.03053	0.80175	0.03663	0.01735	0.00707	0.00225	0.00321	0.01574	0.00514	0.00450
53	0.01481	0.80869	0.02902	0.00948	0.01421	0.02191	0.00948	0.01658	0.01125	0.01303	0.00770	0.00888	0.00711	0.00474	0.00355	0.00118	0.00592	0.00296	0.00237	0.00711
54	0.01100	0.02713	0.72648	0.01518	0.02291	0.01240	0.01945	0.01717	0.01163	0.01757	0.01040	0.01230	0.00748	0.00613	0.02282	0.00190	0.00810	0.00418	0.03780	0.00798
55	0.01139	0.07097	0.70543	0.01574	0.02364	0.01341	0.04944	0.01749	0.01172	0.01730	0.00987	0.01167	0.00708	0.00521	0.00522	0.00173	0.00811	0.00413	0.00236	0.00810
56	0.01046	0.00984	0.01661	0.79205	0.03814	0.01230	0.01538	0.01415	0.01107	0.01415	0.00984	0.01477	0.00738	0.00554	0.00554	0.00185	0.00738	0.00492	0.00246	0.00615
57	0.00762	0.00564	0.00711	0.00677	0.00815	0.00513	0.00507	0.01001	0.01510	0.02092	0.64269	0.05928	0.16224	0.01187	0.00655	0.00177	0.00266	0.01039	0.00593	0.00513
58	0.03443	0.01205	0.01301	0.01120	0.01466	0.01351	0.00886	0.12501	0.55497	0.11707	0.02090	0.01920	0.01528	0.00727	0.00557	0.00183	0.00465	0.00593	0.00572	0.00887
59	0.09945	0.01668	0.18674	0.05806	0.07735	0.03181	0.31261	0.04769	0.02808	0.01878	0.01193	0.06359	0.00981	0.00588	0.00574	0.00181	0.00765	0.00588	0.00307	0.00739
60	0.01200	0.01210	0.01830	0.03327	0.01644	0.01610	0.09163	0.01367	0.00906	0.01380	0.00808	0.01290	0.00768	0.01044	0.04992	0.00263	0.65825	0.00508	0.00249	0.00616
61	0.00692	0.00498	0.00660	0.00784	0.00830	0.00466	0.00542	0.00803	0.01086	0.01437	0.03143	0.71058	0.06513	0.01705	0.00710	0.00226	0.00335	0.07542	0.00514	0.00456
62	0.01207	0.01322	0.08897	0.18175	0.37876	0.01212	0.08182	0.03211	0.01256	0.01722	0.01581	0.01853	0.09836	0.00618	0.00570	0.00174	0.00668	0.00580	0.00300	0.00760
63	0.01275	0.18822	0.43392	0.01614	0.07218	0.03310	0.07917	0.01738	0.01178	0.03007	0.00965	0.01163	0.00741	0.00535	0.00571	0.00166	0.04939	0.00418	0.00251	0.00781
64	0.00745	0.00571	0.00623	0.00627	0.00801	0.00490	0.00472	0.00897	0.01274	0.04453	0.09833	0.12984	0.58505	0.01397	0.00661	0.00192	0.00300	0.04159	0.00527	0.00489
65	0.01953	0.02460	0.01492	0.01372	0.01636	0.71822	0.01024	0.02091	0.01527	0.01360	0.01039	0.07599	0.00959	0.00668	0.00517	0.00150	0.00942	0.00458	0.00304	0.00626
66	0.01865	0.01272	0.05593	0.02990	0.04575	0.08989	0.00959	0.07905	0.10346	0.34096	0.03339	0.04896	0.04317	0.02166	0.00634	0.00183	0.02408	0.02119	0.00533	0.00815
67	0.03726	0.01123	0.01788	0.32702	0.32433	0.01234	0.01462	0.04528	0.04095	0.04129	0.01239	0.01785	0.01027	0.00614	0.00561	0.00180	0.00656	0.05658	0.00317	0.00745
68	0.00697	0.00546	0.00619	0.00653	0.00780	0.00484	0.00473	0.00832	0.01202	0.01509	0.10107	0.22668	0.43222	0.08064	0.00854	0.00228	0.00324	0.05772	0.00507	0.00459
69	0.07074	0.07943	0.08623	0.11237	0.06463	0.02871	0.09496	0.05066	0.10127	0.18334	0.03913	0.03909	0.01233	0.00639	0.00540	0.00173	0.00609	0.00550	0.00422	0.00779
70	0.06656	0.02946	0.01463	0.19400	0.16020	0.04706	0.02822	0.03342	0.01212	0.08024	0.01428	0.10431	0.01254	0.00850	0.03561	0.00202	0.03723	0.00608	0.10684	0.00669
71	0.37118	0.01466	0.07822	0.06637	0.21812	0.09327	0.05027	0.01713	0.01141	0.02021	0.00903	0.01126	0.00716	0.00516	0.00459	0.00169	0.00628	0.00397	0.00300	0.00705
72	0.04482	0.08537	0.46443	0.01495	0.05350	0.01381	0.03184	0.07991	0.08900	0.03505	0.01198	0.01389	0.00901	0.00580	0.00522	0.00173	0.00711	0.02128	0.00317	0.00814
73	0.00788	0.00595	0.00882	0.00890	0.00980	0.00689	0.00685	0.00974	0.00906	0.01300	0.01626	0.10071	0.01602	0.03840	0.68813	0.00809	0.03047	0.00691	0.00318	0.00492
74	0.01489	0.72828	0.02716	0.00947	0.01396	0.04476	0.00922	0.01662	0.01146	0.03128	0.00936	0.01078	0.02437	0.02390	0.00429	0.00132	0.00594	0.00336	0.00258	0.00700
75	0.01284	0.00948	0.01109	0.00842	0.01268	0.00773	0.00670	0.04533	0.04225	0.10687	0.01746	0.04738	0.08884	0.00619	0.00476	0.00116	0.00410	0.00508	0.00415	0.55750
76	0.01629	0.10370	0.15056	0.01210	0.01650	0.09093	0.06236	0.10231	0.03122	0.18912	0.13480	0.03486	0.01699	0.00700	0.00548	0.00166	0.00611	0.00576	0.00453	0.00771
77	0.01148	0.01102	0.07681	0.13709	0.06699	0.01130	0.02800	0.05855	0.03515	0.01748	0.01400	0.04643	0.02644	0.03902	0.03184	0.00217	0.17905	0.00566	0.19521	0.00632
78	0.04299	0.45595	0.02271	0.01097	0.01382	0.01874	0.00998	0.01499	0.01023	0.01373	0.02369	0.01136	0.00844	0.00863	0.05334	0.00207	0.26533	0.00390	0.00254	0.00656
79	0.15449	0.01778	0.01466	0.01246	0.01550	0.29039	0.00991	0.23362	0.01660	0.04555	0.01019	0.01160	0.00798	0.00721	0.02318	0.00184	0.11181	0.00417	0.00381	0.00724
80	0.12509	0.01106	0.02911	0.00995	0.01398	0.04766	0.00828	0.05555	0.04533	0.53557	0.04828	0.01775	0.01374	0.00674	0.00531	0.00171	0.00496	0.00530	0.00600	0.00863
81	0.01214	0.02618	0.64082	0.01653	0.04206	0.01331	0.07257	0.07879	0.01301	0.01901	0.01032	0.01211	0.00736	0.00533	0.00538	0.00175	0.00806	0.00437	0.00265	0.00825
82	0.00766	0.00565	0.00715	0.00678	0.00816	0.00515	0.00508	0.01010	0.01524	0.02118	0.66713	0.04306	0.15366	0.01171	0.00653	0.00176	0.00264	0.01025	0.00596	0.00515
83	0.00831	0.00581	0.00730	0.00684	0.00837	0.00525	0.00516	0.01068	0.01512	0.05230	0.60611	0.04262	0.18210	0.01163	0.00649	0.00176	0.00274	0.01014	0.00595	0.00530
84	0.04765	0.01383	0.01338	0.01084	0.01430	0.08878	0.00874	0.45960	0.03898	0.02875	0.01401	0.01477	0.01040	0.00648	0.00501	0.00156	0.00552	0.00485	0.20460	0.00797
85	0.00738	0.00553	0.00683	0.00674	0.00805	0.00499	0.00497	0.00947	0.01424	0.01935	0.49416	0.14782	0.22456	0.01280	0.00661	0.00184	0.00274	0.01120	0.00573	0.00499
86	0.00865	0.00618	0.00859	0.00980	0.01097	0.00613	0.00837	0.01103	0.01264	0.01655	0.06030	0.14063	0.03323	0.01535	0.00754	0.00248	0.00479	0.62658	0.00515	0.00504
87	0.00800	0.00558	0.00711	0.00711	0.00748	0.00595	0.00469	0.00874	0.00837	0.01153	0.01647	0.03082	0.01778	0.51953	0.31080	0.00669	0.00891	0.00726	0.00321	0.00395
88	0.01111	0.02865	0.77667	0.01579	0.02397	0.01286	0.02046	0.01754	0.01169	0.01754	0.00994	0.01169	0.00702	0.00526	0.00526	0.00175	0.00818	0.00409	0.00234	0.00818
89	0.00779	0.00566	0.00733	0.00691	0.00824	0.00520	0.00518	0.01035	0.01555	0.02191	0.73896	0.04185	0.08137	0.01143	0.00653	0.00175	0.00262	0.01008	0.00606	0.00520
90	0.00675	0.00482	0.00643	0.00771	0.00803	0.00450	0.00514	0.00771	0.01060	0.01414	0.03053	0.80175	0.03663	0.01735	0.00707	0.00225	0.00321	0.01574	0.00514	0.00450
91	0.00968	0.00725	0.00947	0.01029	0.01187	0.00754	0.00881	0.01434	0.13313	0.01777	0.04593	0.05524	0.02995	0.01395	0.00730	0.00242	0.00492	0.59924	0.00521	0.00569
92	0.00812	0.00564	0.00688	0.00682	0.00702	0.00596	0.00429	0.00855	0.00824	0.01123	0.01668	0.03273	0.01855	0.63145	0.18136	0.00602	0.02591	0.00755	0.00325	0.00374
93	0.01148	0.00984	0.01148	0.00820	0.01312	0.00738	0.00656	0.01395	0.01148	0.01805	0.00984	0.01148	0.00820	0.00410	0.00410	0.00082	0.00410	0.00328	0.00328	0.83922
94	0.00791	0.00606	0.00694	0.00685	0.00821	0.00575	0.00493	0.01077	0.08052	0.01741	0.26446	0.13557	0.27150	0.11900	0.00937	0.00233	0.00328	0.01054	0.02358	0.00503
95	0.00687	0.00487	0.00639	0.00756	0.00785	0.00458	0.00498	0.00774	0.01037	0.01383	0.02934	0.73237	0.03514	0.08877	0.00898	0.00253	0.00341	0.01505	0.00498	0.00439
96	0.00694	0.00490	0.00637	0.00746	0.00773	0.00463	0.00487	0.00776	0.01022	0.01362	0.02855	0.68615	0.03414	0.13635	0.01026	0.00272	0.00354	0.01458	0.00487	0.00433
97	0.01429	0.69862	0.13452	0.01037	0.01559	0.02064	0.01103	0.01672	0.01132	0.01367	0.00802	0.00928	0.00709	0.00481	0.00379	0.00126	0.00624	0.00312	0.00236	0.00726
98	0.01436	0.75637	0.02759	0.00932	0.01377	0.02087	0.00916	0.01607	0.01106	0.01293	0.00828	0.01034	0.00781	0.03961	0.02226	0.00154	0.00610	0.00325	0.00242	0.00690
99	0.02815	0.01468	0.09759	0.01853	0.04063	0.01294	0.40004	0.09337	0.01417	0.08236	0.01394	0.03322	0.01138	0.00653	0.00675	0.00191	0.04068	0.07195	0.00362	0.00758
100	0.01781	0.01475	0.07837	0.01200	0.01625	0.01451	0.01041	0.52514	0.02126	0.04207	0.01326	0.01489	0.01008	0.04057	0.08661	0.00251	0.00699	0.00503	0.00480	0.06269
101	0.00672	0.00492	0.00633	0.00746	0.00797	0.00452	0.00503	0.00774	0.01085	0.01424	0.03364	0.71068	0.12569	0.01695	0.00701	0.00220	0.00316	0.01525	0.00514	0.00452
102	0.01364	0.00826	0.00899	0.00795	0.00985	0.07086	0.00588	0.01540	0.01354	0.21566	0.26210	0.02975	0.02728	0.19881	0.01108	0.00253	0.00443	0.00741	0.08060	0.00597
103	0.01715	0.08292	0.01499	0.01185	0.01510	0.26916	0.00934	0.11630	0.25204	0.06304	0.01706	0.02982	0.04827	0.00764	0.01951	0.00177	0.00670	0.00531	0.00442	0.00763
104	0.01102	0.03879	0.61494	0.01568	0.02299	0.01247	0.10176	0.01675	0.01192	0.01727	0.01389	0.01548	0.07066	0.00592	0.00548	0.00177	0.00783	0.00498	0.00263	0.00779
105	0.00795	0.00532	0.00607	0.00618	0.00621	0.00530	0.00350	0.00803	0.00827	0.01102	0.01854	0.10005	0.02151	0.73967	0.02643	0.00511	0.00519	0.00870	0.00350	0.00345
106	0.03175	0.02101	0.37417	0.02037	0.08807	0.01337	0.33546	0.01755	0.01231	0.01784	0.01047	0.01320	0.00774	0.00498	0.00579	0.00179	0.00846	0.00519	0.00260	0.00787
107	0.01202	0.01078	0.01314	0.03962	0.17553	0.06452	0.00968	0.01680	0.15575	0.03530	0.02159	0.10757	0.09793	0.02545	0.00652	0.00184	0.02189	0.06884	0.00418	0.11105
108	0.00800	0.00535	0.00606	0.00610	0.00612	0.00534	0.00342	0.00804	0.00815	0.01087	0.01795	0.06557	0.02077	0.77517	0.02738	0.00525	0.00529	0.00835	0.00342	0.00340
109	0.00669	0.00549	0.00589	0.00605	0.00763	0.00470	0.00444	0.00813	0.01258	0.01546	0.11306	0.16631	0.59581	0.01430	0.00662	0.00192	0.00285	0.01216	0.00522	0.00470
110	0.01138	0.10688	0.61991	0.01417	0.02139	0.01302	0.01773	0.01683	0.01181	0.03201	0.01379	0.01501	0.07064	0.00597	0.00520	0.00170	0.00743	0.00464	0.00267	0.00781
111	0.02102	0.01094	0.01416	0.01225	0.06031	0.01106	0.00937	0.10840	0.12810	0.46814	0.01907	0.01762	0.01286	0.00705	0.00662	0.00179	0.07083	0.00551	0.00590	0.00901
112	0.00712	0.00566	0.00641	0.00630	0.00794	0.00495	0.00478	0.00902	0.01376	0.01771	0.31804	0.04927	0.47308	0.01308	0.00659	0.00185	0.00283	0.04121	0.00549	0.00490
113	0.01450	0.74367	0.09134	0.01000	0.01503	0.02116	0.01039	0.01666	0.01129	0.01341	0.00789	0.00912	0.00710	0.00478	0.00370	0.00123	0.00611	0.00306	0.00237	0.00720
114	0.01630	0.15524	0.20086	0.01694	0.14205	0.28268	0.01385	0.07857	0.01433	0.01690	0.00943	0.01109	0.00756	0.00539	0.00494	0.00152	0.00800	0.00393	0.00285	0.00759
115	0.01540	0.01147	0.01366	0.01315	0.09494	0.01225	0.00959	0.32856	0.09051	0.05429	0.05584	0.02600	0.08422	0.00991	0.03661	0.00209	0.00558	0.09846	0.02965	0.00781
116	0.01167	0.01136	0.01548	0.01348	0.01372	0.03143	0.01113	0.01303	0.00878	0.01348	0.00866	0.01365	0.00838	0.01389	0.12262	0.00326	0.64800	0.00498	0.02712	0.00589
117	0.01167	0.12382	0.65334	0.01577	0.05396	0.01399	0.01897	0.01740	0.01168	0.01701	0.00968	0.01143	0.00710	0.00518	0.00506	0.00168	0.00784	0.00399	0.00236	0.00808
118	0.00694	0.00500	0.00658	0.00751	0.00806	0.00464	0.00513	0.00823	0.01161	0.01567	0.16899	0.63625	0.06257	0.01612	0.00695	0.00214	0.00309	0.01455	0.00532	0.00464
119	0.01951	0.01181	0.01358	0.01109	0.01494	0.01248	0.00894	0.19354	0.31918	0.30215	0.02018	0.01832	0.01402	0.00707	0.00559	0.00177	0.00489	0.00572	0.00606	0.00916
120	0.00687	0.00487	0.00639	0.00756	0.00785	0.00458	0.00498	0.00774	0.01037	0.01383	0.02934	0.73237	0.03514	0.08877	0.00898	0.00253	0.00341	0.01505	0.00498	0.00439
121	0.10683	0.08139	0.04767	0.01050	0.01490	0.01217	0.00912	0.18672	0.03888	0.41070	0.01675	0.01547	0.01118	0.00640	0.00515	0.00166	0.00522	0.00490	0.00559	0.00879
122	0.48272	0.01295	0.08010	0.02872	0.04283	0.01295	0.00881	0.11198	0.09742	0.02466	0.04221	0.01278	0.00984	0.00587	0.00437	0.00173	0.00497	0.00414	0.00391	0.00703

[dist]
# distance from previous block
# <min> <max>
0	1

[block]
# block no. 3 follows, 43 sequences, length 13
# corresponding to MSA columns:
# 473-480,489-493
name=unknown_D
#
# <colnr> <probs for GDERKNQSTAVLIFYWHMCP>
#	G	D	E	R	K	N	Q	S	T	A	V	L	I	F	Y	W	H	M	C	P
0	0.01301	0.01474	0.03160	0.02274	0.02795	0.01421	0.69985	0.01744	0.01276	0.01744	0.01093	0.01474	0.00833	0.00501	0.00734	0.00191	0.06344	0.00642	0.00278	0.00737
1	0.01211	0.01453	0.08859	0.12020	0.04634	0.01319	0.48800	0.01633	0.01228	0.01679	0.01200	0.06757	0.01001	0.00596	0.00694	0.00191	0.05067	0.00662	0.00286	0.00712
2	0.00797	0.00570	0.00770	0.00770	0.00827	0.00627	0.00542	0.00912	0.00854	0.01196	0.01594	0.02786	0.01650	0.36341	0.46517	0.00741	0.01085	0.00683	0.00313	0.00428
3	0.01145	0.00961	0.01125	0.00841	0.01288	0.00753	0.00669	0.04182	0.01202	0.01838	0.01202	0.06757	0.01096	0.00547	0.00447	0.00101	0.00415	0.02733	0.00355	0.72343
4	0.84448	0.01071	0.00814	0.00728	0.01071	0.01242	0.00600	0.01628	0.00943	0.02485	0.00771	0.00900	0.00600	0.00514	0.00343	0.00171	0.00428	0.00300	0.00343	0.00600
5	0.00849	0.00582	0.00753	0.00701	0.00848	0.00532	0.00529	0.01101	0.01551	0.05380	0.69615	0.04108	0.09088	0.01128	0.00649	0.00175	0.00271	0.00992	0.00608	0.00537
6	0.00792	0.00590	0.00871	0.00871	0.00963	0.00682	0.00668	0.00977	0.00884	0.01271	0.01501	0.02274	0.01427	0.09309	0.73244	0.00866	0.01420	0.00608	0.00299	0.00484
7	0.02329	0.00976	0.01284	0.00993	0.01403	0.00882	0.00817	0.09644	0.01683	0.65027	0.07296	0.01988	0.01598	0.00715	0.00563	0.00171	0.00470	0.00582	0.00667	0.00913
8	0.00675	0.00482	0.00643	0.00771	0.00803	0.00450	0.00514	0.00771	0.01060	0.01414	0.03053	0.80175	0.03663	0.01735	0.00707	0.00225	0.00321	0.01574	0.00514	0.00450
9	0.00703	0.00494	0.00634	0.00735	0.00761	0.00468	0.00476	0.00778	0.01006	0.01341	0.02773	0.63793	0.03310	0.18598	0.01159	0.00292	0.00367	0.01410	0.00476	0.00425
10	0.00827	0.00535	0.00595	0.00595	0.00608	0.00535	0.00341	0.00853	0.00840	0.01170	0.01751	0.03472	0.01956	0.72761	0.02582	0.00497	0.00510	0.00777	0.08441	0.00353
11	0.00866	0.00648	0.00817	0.00809	0.00831	0.00728	0.00564	0.00939	0.00919	0.01296	0.01934	0.22069	0.02193	0.38111	0.01869	0.00368	0.14756	0.03769	0.06083	0.00432
12	0.01673	0.01625	0.01917	0.06968	0.42590	0.22034	0.01412	0.04405	0.01412	0.09084	0.01109	0.01325	0.00875	0.00542	0.00536	0.00161	0.00735	0.00463	0.00325	0.00807

[dist]
# distance from previous block
# <min> <max>
0	1

[block]
# block no. 4 follows, 43 sequences, length 40
# corresponding to MSA columns:
# 495-534
name=unknown_E
#
# <colnr> <probs for GDERKNQSTAVLIFYWHMCP>
#	G	D	E	R	K	N	Q	S	T	A	V	L	I	F	Y	W	H	M	C	P
0	0.12116	0.01091	0.03787	0.52280	0.03093	0.01224	0.09363	0.03145	0.01146	0.01687	0.01024	0.01422	0.00772	0.00546	0.00527	0.00179	0.00692	0.00483	0.04787	0.00635
1	0.10256	0.01124	0.01685	0.50696	0.18241	0.03382	0.01440	0.03850	0.01181	0.01675	0.00980	0.01375	0.00757	0.00541	0.00528	0.00177	0.00691	0.00468	0.00273	0.00678
2	0.01421	0.00745	0.00966	0.00824	0.01071	0.00690	0.00647	0.03689	0.04857	0.27508	0.44961	0.03174	0.03586	0.00943	0.00609	0.00173	0.00349	0.00813	0.02282	0.00690
3	0.01046	0.00984	0.01661	0.79205	0.03814	0.01230	0.01538	0.01415	0.01107	0.01415	0.00984	0.01477	0.00738	0.00554	0.00554	0.00185	0.00738	0.00492	0.00246	0.00615
4	0.01804	0.01188	0.01401	0.09602	0.01725	0.01279	0.00957	0.31940	0.13324	0.18778	0.05569	0.01924	0.03816	0.03360	0.00639	0.00186	0.00537	0.00587	0.00545	0.00840
5	0.00684	0.00562	0.00602	0.00592	0.00766	0.00480	0.00444	0.00852	0.01332	0.01662	0.21890	0.05057	0.60474	0.01341	0.00654	0.00184	0.00276	0.01131	0.00536	0.00480
6	0.72811	0.01053	0.00881	0.00765	0.01120	0.01182	0.00630	0.01780	0.01034	0.13131	0.00972	0.01040	0.00709	0.00538	0.00373	0.00171	0.00435	0.00336	0.00391	0.00648
7	0.00865	0.00721	0.01011	0.06955	0.01201	0.00859	0.00772	0.00993	0.00962	0.01342	0.01970	0.36109	0.02231	0.09571	0.12165	0.00351	0.20037	0.01008	0.00378	0.00496
8	0.01086	0.01027	0.01726	0.68776	0.11727	0.01253	0.01547	0.01444	0.01117	0.01456	0.00983	0.01458	0.00753	0.00559	0.00588	0.00184	0.02932	0.00492	0.00249	0.00644
9	0.00675	0.00482	0.00643	0.00771	0.00803	0.00450	0.00514	0.00771	0.01060	0.01414	0.03053	0.80175	0.03663	0.01735	0.00707	0.00225	0.00321	0.01574	0.00514	0.00450
10	0.02473	0.00961	0.01297	0.00994	0.01423	0.00842	0.00821	0.04935	0.01617	0.75185	0.02159	0.01868	0.01358	0.00685	0.00557	0.00171	0.00476	0.00555	0.00681	0.00943
11	0.36925	0.01113	0.03800	0.26614	0.03794	0.01257	0.01063	0.01617	0.01052	0.07935	0.00962	0.01220	0.00730	0.00590	0.00600	0.00183	0.09165	0.00411	0.00322	0.00646
12	0.01721	0.01277	0.01465	0.10989	0.01785	0.04739	0.01020	0.38511	0.01879	0.08748	0.01345	0.01517	0.01010	0.01069	0.09592	0.00254	0.05906	0.00508	0.05879	0.00786
13	0.00943	0.00663	0.00875	0.00979	0.01104	0.02296	0.00819	0.01162	0.01252	0.04806	0.02879	0.20440	0.03150	0.01514	0.00739	0.00243	0.00482	0.54622	0.00513	0.00519
14	0.62093	0.01232	0.06381	0.00848	0.01249	0.01233	0.00749	0.08199	0.01130	0.02449	0.00860	0.00984	0.00662	0.00517	0.00382	0.00161	0.00470	0.00329	0.00352	0.09720
15	0.01442	0.01332	0.02168	0.05250	0.66862	0.01357	0.01625	0.09700	0.01403	0.01982	0.01072	0.01369	0.00880	0.00514	0.00549	0.00165	0.00655	0.00494	0.00304	0.00877
16	0.00702	0.00504	0.00649	0.00754	0.00800	0.00473	0.00513	0.00802	0.01061	0.01399	0.03084	0.61607	0.08663	0.10279	0.00937	0.00258	0.00354	0.06222	0.00494	0.00443
17	0.01096	0.01035	0.01751	0.67613	0.15019	0.01244	0.01563	0.01459	0.01131	0.01475	0.00993	0.01460	0.00760	0.00544	0.00553	0.00181	0.00726	0.00492	0.00250	0.00655
18	0.01345	0.10000	0.06822	0.33256	0.11056	0.02955	0.07986	0.13849	0.01409	0.01849	0.01102	0.02807	0.00881	0.00584	0.00544	0.00173	0.00709	0.01633	0.00311	0.00730
19	0.02249	0.01233	0.09648	0.01087	0.01554	0.00991	0.00977	0.13060	0.01687	0.57147	0.03291	0.01768	0.01306	0.00673	0.00555	0.00171	0.00525	0.00541	0.00616	0.00921
20	0.03428	0.01132	0.03564	0.01181	0.01547	0.01117	0.08940	0.08597	0.25747	0.22127	0.10923	0.02290	0.01893	0.00767	0.00585	0.00182	0.00508	0.04099	0.00553	0.00818
21	0.01372	0.54477	0.21954	0.01223	0.01791	0.01896	0.07341	0.01692	0.01152	0.01457	0.00856	0.01010	0.00719	0.00487	0.00423	0.00139	0.00678	0.00354	0.00240	0.00741
22	0.00685	0.00490	0.00655	0.00783	0.00820	0.00459	0.00532	0.00789	0.01071	0.01426	0.03047	0.76591	0.03640	0.01725	0.00710	0.00226	0.00330	0.05054	0.00514	0.00453
23	0.01177	0.16720	0.64387	0.01466	0.02224	0.01447	0.01851	0.01737	0.01161	0.01674	0.00954	0.01119	0.00703	0.00517	0.00496	0.00165	0.00778	0.00389	0.00234	0.00799
24	0.04934	0.01072	0.01311	0.07396	0.01612	0.00955	0.02584	0.11454	0.01382	0.10128	0.01153	0.01276	0.00880	0.00491	0.00460	0.00118	0.00484	0.00396	0.00389	0.51524
25	0.00678	0.00497	0.00639	0.00751	0.00806	0.00457	0.00513	0.00785	0.01092	0.01431	0.03377	0.68484	0.13042	0.01687	0.00702	0.00221	0.00321	0.03548	0.00514	0.00454
26	0.01303	0.01482	0.03202	0.02297	0.02834	0.01413	0.71950	0.01755	0.01288	0.01755	0.01104	0.01482	0.00836	0.00488	0.00703	0.00189	0.04254	0.00646	0.00279	0.00741
27	0.01172	0.01016	0.01245	0.00909	0.01371	0.00822	0.03150	0.03383	0.01178	0.01820	0.01031	0.02834	0.00880	0.00471	0.00489	0.00098	0.03859	0.00377	0.00333	0.73561
28	0.00704	0.00489	0.00641	0.00747	0.00774	0.00463	0.00489	0.00773	0.01012	0.01350	0.02790	0.66752	0.03330	0.12022	0.01046	0.03930	0.00356	0.01426	0.00479	0.00426
29	0.00685	0.00489	0.00654	0.00782	0.00819	0.00458	0.00531	0.00788	0.01070	0.01425	0.03047	0.76866	0.03642	0.01726	0.00709	0.00226	0.00330	0.04787	0.00514	0.00453
30	0.01348	0.01384	0.02404	0.12509	0.45208	0.05060	0.20498	0.01708	0.01269	0.01729	0.01046	0.01398	0.00842	0.00498	0.00574	0.00172	0.00755	0.00528	0.00273	0.00800
31	0.01293	0.01232	0.02079	0.21593	0.57300	0.01297	0.01638	0.01666	0.03335	0.01729	0.01062	0.01416	0.00867	0.00515	0.00550	0.00170	0.00671	0.00497	0.00276	0.00814
32	0.00884	0.00577	0.00705	0.00696	0.00788	0.00611	0.00499	0.02759	0.01001	0.01500	0.01885	0.02729	0.05998	0.25017	0.29024	0.00524	0.00787	0.00665	0.22887	0.00463
