[name]
unknown

[dist]
# distance from previous block
# <min> <max>
0	7

[block]
# block no. 0 follows, 46 sequences, length 7
# corresponding to MSA columns:
# 7-13
name=unknown_A
#
# <colnr> <probs for GDERKNQSTAVLIFYWHMCP>
#	G	D	E	R	K	N	Q	S	T	A	V	L	I	F	Y	W	H	M	C	P
0	0.00852	0.00608	0.00852	0.00974	0.01095	0.00608	0.00852	0.01095	0.01217	0.01582	0.02799	0.05963	0.03042	0.01460	0.00730	0.00243	0.00487	0.74565	0.00487	0.00487
1	0.00644	0.00460	0.00613	0.00736	0.00767	0.00429	0.00491	0.00736	0.01012	0.01350	0.02914	0.81076	0.03497	0.01656	0.00675	0.00215	0.00307	0.01503	0.00491	0.00429
2	0.00985	0.00493	0.00493	0.00493	0.00616	0.00493	0.00370	0.01232	0.01109	0.01971	0.01725	0.01971	0.01355	0.00616	0.00370	0.00123	0.00246	0.00493	0.84356	0.00493
3	0.02091	0.01003	0.01249	0.00995	0.01379	0.00975	0.00810	0.08671	0.19543	0.54240	0.02034	0.01797	0.01348	0.00668	0.00533	0.00167	0.00453	0.00543	0.00616	0.00885
4	0.00985	0.00493	0.00493	0.00493	0.00616	0.00493	0.00370	0.01232	0.01109	0.01971	0.01725	0.01971	0.01355	0.00616	0.00370	0.00123	0.00246	0.00493	0.84356	0.00493
5	0.02010	0.01481	0.01587	0.01216	0.01639	0.01639	0.01005	0.76360	0.02486	0.03332	0.01269	0.01269	0.00899	0.00635	0.00529	0.00159	0.00582	0.00476	0.00529	0.00899
6	0.77265	0.01015	0.00853	0.08145	0.01268	0.01185	0.00657	0.01535	0.00914	0.02276	0.00755	0.00910	0.00585	0.00494	0.00346	0.00165	0.00437	0.00303	0.00319	0.00574

[dist]
# distance from previous block
# <min> <max>
0	1

[block]
# block no. 1 follows, 46 sequences, length 7
# corresponding to MSA columns:
# 15-21
name=unknown_B
#
# <colnr> <probs for GDERKNQSTAVLIFYWHMCP>
#	G	D	E	R	K	N	Q	S	T	A	V	L	I	F	Y	W	H	M	C	P
0	0.01124	0.13419	0.62121	0.01484	0.02200	0.01355	0.07894	0.01663	0.01121	0.01617	0.00929	0.01105	0.00682	0.00491	0.00490	0.00161	0.00761	0.00395	0.00227	0.00762
1	0.01202	0.01315	0.02696	0.15394	0.06653	0.01327	0.54052	0.01600	0.01180	0.01605	0.01015	0.01397	0.00779	0.00497	0.00687	0.00181	0.06895	0.00578	0.00259	0.00688
2	0.00986	0.01026	0.13952	0.00849	0.01051	0.00800	0.00727	0.11271	0.01096	0.01508	0.04294	0.02661	0.01631	0.46907	0.08692	0.00423	0.00637	0.00654	0.00339	0.00497
3	0.01215	0.01194	0.02134	0.24112	0.46857	0.01246	0.12382	0.01558	0.01170	0.01619	0.00990	0.01353	0.00796	0.00483	0.00539	0.00165	0.00687	0.00493	0.00255	0.00751
4	0.00746	0.00534	0.00599	0.00606	0.00659	0.00519	0.00379	0.00844	0.03605	0.01218	0.05217	0.11996	0.16779	0.51861	0.01930	0.00393	0.00431	0.00914	0.00388	0.00381
5	0.01134	0.15392	0.53232	0.01388	0.01984	0.01435	0.01647	0.01591	0.01057	0.01536	0.00871	0.01079	0.00675	0.00566	0.00684	0.00169	0.14219	0.00385	0.00225	0.00730
6	0.01159	0.22045	0.42954	0.01173	0.01723	0.01303	0.01361	0.01539	0.01065	0.04951	0.01068	0.01476	0.00913	0.14181	0.00833	0.00212	0.00667	0.00434	0.00260	0.00683

[dist]
# distance from previous block
# <min> <max>
4	10

[block]
# block no. 2 follows, 46 sequences, length 14
# corresponding to MSA columns:
# 32-45
name=unknown_C
#
# <colnr> <probs for GDERKNQSTAVLIFYWHMCP>
#	G	D	E	R	K	N	Q	S	T	A	V	L	I	F	Y	W	H	M	C	P
0	0.01164	0.00937	0.01103	0.00791	0.01258	0.00709	0.00634	0.01398	0.01118	0.05820	0.01001	0.01134	0.00811	0.00406	0.00399	0.00083	0.00395	0.00325	0.00331	0.80183
1	0.01081	0.05715	0.72871	0.01511	0.02271	0.01265	0.04761	0.01671	0.01120	0.01658	0.00945	0.01118	0.00675	0.00498	0.00501	0.00166	0.00777	0.00395	0.00225	0.00775
2	0.02010	0.01481	0.01587	0.01216	0.01639	0.01639	0.01005	0.76360	0.02486	0.03332	0.01269	0.01269	0.00899	0.00635	0.00529	0.00159	0.00582	0.00476	0.00529	0.00899
3	0.00644	0.00460	0.00613	0.00736	0.00767	0.00429	0.00491	0.00736	0.01012	0.01350	0.02914	0.81076	0.03497	0.01656	0.00675	0.00215	0.00307	0.01503	0.00491	0.00429
4	0.02372	0.00900	0.01227	0.00941	0.01350	0.00777	0.00777	0.02576	0.01513	0.78489	0.02086	0.01799	0.01309	0.00654	0.00532	0.00164	0.00450	0.00532	0.00654	0.00900
5	0.01315	0.01136	0.01195	0.01076	0.01375	0.01315	0.00837	0.02809	0.77168	0.02211	0.02152	0.01972	0.01614	0.00717	0.00538	0.00179	0.00418	0.00598	0.00538	0.00837
6	0.00998	0.00940	0.01586	0.80150	0.03641	0.01175	0.01468	0.01351	0.01057	0.01351	0.00940	0.01409	0.00705	0.00529	0.00529	0.00176	0.00705	0.00470	0.00235	0.00587
7	0.01413	0.81739	0.02770	0.00905	0.01357	0.02092	0.00905	0.01583	0.01074	0.01244	0.00735	0.00848	0.00678	0.00452	0.00339	0.00113	0.00565	0.00283	0.00226	0.00678
8	0.00768	0.00517	0.00597	0.00597	0.00605	0.00524	0.00346	0.00782	0.00775	0.01041	0.01647	0.03354	0.01876	0.75501	0.08548	0.00538	0.00582	0.00753	0.00317	0.00332
9	0.02010	0.01481	0.01587	0.01216	0.01639	0.01639	0.01005	0.76360	0.02486	0.03332	0.01269	0.01269	0.00899	0.00635	0.00529	0.00159	0.00582	0.00476	0.00529	0.00899
10	0.02041	0.00851	0.01137	0.00901	0.01256	0.00758	0.00733	0.02320	0.05460	0.61521	0.14972	0.02174	0.01950	0.00730	0.00548	0.00165	0.00414	0.00607	0.00636	0.00828
11	0.06285	0.03854	0.01545	0.01184	0.01581	0.08491	0.00970	0.58938	0.07115	0.02968	0.01243	0.01253	0.00903	0.00619	0.00509	0.00157	0.00595	0.00456	0.00487	0.00846
12	0.75587	0.00977	0.00773	0.00689	0.01004	0.01118	0.00565	0.01569	0.00939	0.05260	0.00863	0.00979	0.00660	0.00507	0.00338	0.00161	0.00398	0.00311	0.06723	0.00579
13	0.00880	0.00642	0.00772	0.00798	0.00905	0.00640	0.00566	0.13638	0.01270	0.01683	0.02779	0.59161	0.08668	0.04044	0.00711	0.00212	0.00357	0.01274	0.00492	0.00507

[dist]
# distance from previous block
# <min> <max>
7	19

[block]
# block no. 3 follows, 46 sequences, length 8
# corresponding to MSA columns:
# 65-72
name=unknown_D
#
# <colnr> <probs for GDERKNQSTAVLIFYWHMCP>
#	G	D	E	R	K	N	Q	S	T	A	V	L	I	F	Y	W	H	M	C	P
0	0.01961	0.01313	0.01455	0.01139	0.01534	0.01418	0.00932	0.54912	0.08163	0.15978	0.01545	0.04638	0.01130	0.00686	0.00536	0.00163	0.00535	0.00537	0.00549	0.00875
1	0.01273	0.01198	0.01917	0.12002	0.56168	0.01256	0.01470	0.01793	0.14168	0.01765	0.01186	0.01434	0.00954	0.00520	0.00526	0.00163	0.00601	0.00493	0.00306	0.00808
2	0.00785	0.00579	0.00717	0.00692	0.00806	0.00532	0.00474	0.00902	0.01002	0.01405	0.12487	0.24967	0.02550	0.27401	0.07786	0.00334	0.00472	0.00908	0.00401	0.14800
3	0.01295	0.44023	0.34929	0.01176	0.01767	0.01701	0.01355	0.05519	0.01166	0.01535	0.00854	0.00984	0.00686	0.00483	0.00418	0.00139	0.00658	0.00339	0.00241	0.00734
4	0.01260	0.58586	0.15562	0.00965	0.01441	0.01749	0.01026	0.01502	0.01097	0.01340	0.01316	0.01394	0.09776	0.00565	0.00401	0.00130	0.00567	0.00399	0.00257	0.00669
5	0.11609	0.01341	0.01235	0.01029	0.01363	0.14869	0.00820	0.23694	0.09167	0.15875	0.04915	0.01810	0.08599	0.00700	0.00511	0.00160	0.00543	0.00534	0.00482	0.00744
6	0.01306	0.01414	0.02898	0.02091	0.02584	0.01380	0.65271	0.07960	0.01325	0.01806	0.01063	0.01396	0.00804	0.00491	0.00684	0.00180	0.05737	0.00602	0.00287	0.00720
7	0.00828	0.00825	0.07557	0.00924	0.01147	0.00655	0.09540	0.01123	0.01409	0.01991	0.58291	0.07560	0.04051	0.00988	0.00616	0.00170	0.00373	0.00899	0.00510	0.00544

[dist]
# distance from previous block
# <min> <max>
0	15

[block]
# block no. 4 follows, 46 sequences, length 49
# corresponding to MSA columns:
# 88-136
name=unknown_E
#
# <colnr> <probs for GDERKNQSTAVLIFYWHMCP>
#	G	D	E	R	K	N	Q	S	T	A	V	L	I	F	Y	W	H	M	C	P
0	0.00773	0.02710	0.00900	0.00851	0.00955	0.00699	0.00667	0.00961	0.00856	0.01228	0.01398	0.02044	0.01305	0.03872	0.77240	0.00830	0.01394	0.00559	0.00282	0.00477
1	0.01060	0.02735	0.78682	0.01507	0.02288	0.01228	0.01953	0.01674	0.01116	0.01674	0.00949	0.01116	0.00670	0.00502	0.00502	0.00167	0.00781	0.00391	0.00223	0.00781
2	0.01060	0.02735	0.78682	0.01507	0.02288	0.01228	0.01953	0.01674	0.01116	0.01674	0.00949	0.01116	0.00670	0.00502	0.00502	0.00167	0.00781	0.00391	0.00223	0.00781
3	0.02372	0.00900	0.01227	0.00941	0.01350	0.00777	0.00777	0.02576	0.01513	0.78489	0.02086	0.01799	0.01309	0.00654	0.00532	0.00164	0.00450	0.00532	0.00654	0.00900
4	0.00998	0.00940	0.01586	0.80150	0.03641	0.01175	0.01468	0.01351	0.01057	0.01351	0.00940	0.01409	0.00705	0.00529	0.00529	0.00176	0.00705	0.00470	0.00235	0.00587
5	0.02372	0.00900	0.01227	0.00941	0.01350	0.00777	0.00777	0.02576	0.01513	0.78489	0.02086	0.01799	0.01309	0.00654	0.00532	0.00164	0.00450	0.00532	0.00654	0.00900
6	0.00644	0.00460	0.00613	0.00736	0.00767	0.00429	0.00491	0.00736	0.01012	0.01350	0.02914	0.81076	0.03497	0.01656	0.00675	0.00215	0.00307	0.01503	0.00491	0.00429
7	0.00644	0.00460	0.00613	0.00736	0.00767	0.00429	0.00491	0.00736	0.01012	0.01350	0.02914	0.81076	0.03497	0.01656	0.00675	0.00215	0.00307	0.01503	0.00491	0.00429
8	0.85155	0.01022	0.00777	0.00695	0.01022	0.01186	0.00573	0.01554	0.00900	0.02372	0.00736	0.00859	0.00573	0.00491	0.00327	0.00164	0.00409	0.00286	0.00327	0.00573
9	0.00998	0.00940	0.01586	0.80150	0.03641	0.01175	0.01468	0.01351	0.01057	0.01351	0.00940	0.01409	0.00705	0.00529	0.00529	0.00176	0.00705	0.00470	0.00235	0.00587
10	0.00643	0.00463	0.00610	0.00728	0.00765	0.00430	0.00487	0.00737	0.01020	0.01353	0.03010	0.78065	0.06445	0.01644	0.00673	0.00213	0.00305	0.01488	0.00491	0.00430
11	0.01060	0.02735	0.78682	0.01507	0.02288	0.01228	0.01953	0.01674	0.01116	0.01674	0.00949	0.01116	0.00670	0.00502	0.00502	0.00167	0.00781	0.00391	0.00223	0.00781
12	0.00795	0.00620	0.00904	0.00881	0.00960	0.00743	0.00683	0.00963	0.00840	0.01216	0.01365	0.02092	0.01306	0.09504	0.66009	0.00764	0.09033	0.00572	0.00281	0.00471
13	0.01232	0.01400	0.03052	0.02188	0.02709	0.01313	0.74170	0.01668	0.01241	0.01684	0.01119	0.03565	0.00875	0.00478	0.00625	0.00179	0.00876	0.00647	0.00273	0.00705
14	0.03469	0.00994	0.01654	0.65259	0.15775	0.01188	0.01468	0.01401	0.01077	0.01442	0.00943	0.01377	0.00723	0.00518	0.00522	0.00173	0.00684	0.00465	0.00242	0.00628
15	0.80062	0.01016	0.00812	0.02417	0.01092	0.01169	0.00600	0.01590	0.00927	0.05366	0.00794	0.00908	0.00605	0.00498	0.00340	0.00164	0.00417	0.00300	0.00338	0.00586
16	0.01975	0.02520	0.01498	0.01362	0.01634	0.79299	0.01021	0.02111	0.01498	0.01294	0.00817	0.00953	0.00681	0.00545	0.00477	0.00136	0.00953	0.00340	0.00272	0.00613
17	0.00773	0.00530	0.00616	0.00613	0.00629	0.00543	0.00369	0.00800	0.00803	0.01085	0.01790	0.05436	0.04518	0.68213	0.07192	0.00499	0.02421	0.00775	0.02047	0.00346
18	0.03206	0.73045	0.04823	0.00939	0.01393	0.03784	0.00934	0.04332	0.01133	0.01357	0.00762	0.00874	0.00684	0.00463	0.00354	0.00118	0.00578	0.00294	0.00240	0.00686
19	0.07601	0.00907	0.01198	0.00925	0.01329	0.00803	0.00764	0.02512	0.01474	0.73681	0.02000	0.01740	0.01262	0.00644	0.00519	0.00164	0.00447	0.00516	0.00634	0.00879
20	0.02372	0.00900	0.01227	0.00941	0.01350	0.00777	0.00777	0.02576	0.01513	0.78489	0.02086	0.01799	0.01309	0.00654	0.00532	0.00164	0.00450	0.00532	0.00654	0.00900
21	0.00653	0.00464	0.00611	0.00725	0.00753	0.00435	0.00479	0.00738	0.00995	0.01327	0.02826	0.75602	0.03385	0.07282	0.00817	0.00236	0.00321	0.01451	0.00479	0.00422
22	0.01234	0.01385	0.02950	0.02206	0.06246	0.01327	0.67537	0.01650	0.01220	0.01668	0.01088	0.03105	0.00856	0.00495	0.00672	0.00180	0.04578	0.00628	0.00270	0.00707
23	0.00749	0.00540	0.00710	0.00683	0.00803	0.00501	0.00515	0.00992	0.01464	0.02064	0.71301	0.07101	0.04836	0.01122	0.00631	0.00172	0.00263	0.04484	0.00574	0.00495
24	0.00743	0.00507	0.00586	0.00604	0.00619	0.00500	0.00357	0.00767	0.00828	0.01097	0.02023	0.15111	0.05764	0.64047	0.03909	0.00459	0.00489	0.00891	0.00353	0.00346
25	0.01238	0.01532	0.10182	0.02153	0.09425	0.03275	0.54489	0.01656	0.01204	0.01651	0.01030	0.01371	0.00794	0.00555	0.02264	0.00191	0.05445	0.00570	0.00261	0.00716
26	0.85155	0.01022	0.00777	0.00695	0.01022	0.01186	0.00573	0.01554	0.00900	0.02372	0.00736	0.00859	0.00573	0.00491	0.00327	0.00164	0.00409	0.00286	0.00327	0.00573
27	0.00625	0.00536	0.00536	0.00536	0.00714	0.00446	0.00402	0.00759	0.01205	0.01428	0.05355	0.05088	0.77909	0.01339	0.00625	0.00179	0.00268	0.01116	0.00491	0.00446
28	0.01408	0.73382	0.08121	0.00963	0.01433	0.04703	0.00983	0.01608	0.01092	0.01276	0.00753	0.00871	0.00678	0.00459	0.00356	0.00118	0.00594	0.00292	0.00228	0.00683
29	0.00635	0.00536	0.00550	0.00547	0.00721	0.00451	0.00410	0.00779	0.01230	0.01488	0.11580	0.04990	0.71647	0.01317	0.00625	0.00177	0.00266	0.01102	0.00499	0.00451
30	0.03521	0.01019	0.01625	0.45393	0.23172	0.01154	0.01362	0.04980	0.01185	0.01641	0.05012	0.01503	0.00990	0.00546	0.00519	0.00166	0.00626	0.00488	0.02698	0.02399
31	0.21672	0.01149	0.01168	0.00971	0.01301	0.02725	0.00782	0.28028	0.14105	0.08820	0.10806	0.03360	0.01526	0.00690	0.00496	0.00165	0.00463	0.00533	0.00493	0.00746
32	0.00643	0.00463	0.00611	0.00729	0.00765	0.00430	0.00487	0.00737	0.01019	0.01352	0.03003	0.78296	0.06218	0.01645	0.00673	0.00213	0.00305	0.01489	0.00491	0.00430
33	0.01427	0.01119	0.01380	0.13101	0.09017	0.01246	0.01012	0.15729	0.33513	0.07814	0.04396	0.01905	0.02982	0.00688	0.00542	0.00173	0.00506	0.02191	0.00473	0.00788
34	0.01202	0.01002	0.01153	0.00833	0.01298	0.00813	0.00670	0.10001	0.01257	0.01909	0.00978	0.01116	0.00796	0.00420	0.00407	0.00088	0.00413	0.00332	0.00338	0.74975
35	0.05040	0.00962	0.01552	0.67631	0.07716	0.01170	0.01395	0.03238	0.01093	0.01471	0.00998	0.03665	0.00791	0.00558	0.00523	0.00175	0.00672	0.00491	0.00256	0.00604
36	0.00824	0.00600	0.00813	0.00920	0.01049	0.00589	0.00797	0.01054	0.01216	0.01563	0.03112	0.05856	0.12193	0.01446	0.00717	0.00235	0.00460	0.65587	0.00487	0.00482
37	0.01163	0.00916	0.00999	0.00908	0.02578	0.00965	0.00693	0.12719	0.28601	0.04776	0.11122	0.03104	0.27392	0.00945	0.00574	0.00174	0.00379	0.00787	0.00524	0.00681
38	0.04275	0.01276	0.01839	0.17078	0.45995	0.07037	0.01414	0.06906	0.02957	0.03154	0.01106	0.01374	0.02216	0.00524	0.00517	0.00160	0.00641	0.00471	0.00296	0.00763
39	0.02349	0.00937	0.01250	0.00958	0.01368	0.00832	0.00791	0.07262	0.01575	0.73717	0.02034	0.01766	0.01283	0.00653	0.00531	0.00163	0.00458	0.00528	0.00646	0.00900
40	0.00630	0.00536	0.00543	0.00541	0.00717	0.00449	0.00406	0.00769	0.01218	0.01459	0.08598	0.05037	0.74647	0.01327	0.00625	0.00178	0.00267	0.01109	0.00495	0.00449
41	0.01584	0.00883	0.01077	0.00890	0.01184	0.00865	0.00710	0.14798	0.08550	0.29295	0.25276	0.04179	0.06698	0.00845	0.00568	0.00167	0.00396	0.00710	0.00587	0.00737
42	0.01133	0.09231	0.67844	0.01436	0.02157	0.01296	0.01807	0.01684	0.01117	0.04032	0.00960	0.01116	0.00691	0.00514	0.00523	0.00164	0.02898	0.00388	0.00237	0.00771
43	0.02993	0.01043	0.01581	0.56721	0.08564	0.01239	0.01349	0.14325	0.01300	0.01729	0.00996	0.01372	0.00752	0.00583	0.00572	0.02815	0.00664	0.00467	0.00289	0.00648
44	0.01259	0.01099	0.01103	0.00991	0.01267	0.06006	0.00764	0.02347	0.53919	0.03841	0.07697	0.02326	0.08602	0.02606	0.00591	0.00179	0.00428	0.00645	0.00510	0.03819
45	0.01084	0.01018	0.01733	0.49872	0.26510	0.01158	0.02986	0.01403	0.01096	0.01464	0.01035	0.04441	0.00860	0.00582	0.00570	0.02105	0.00664	0.00513	0.00254	0.00653
46	0.01135	0.01073	0.03199	0.05913	0.01772	0.00946	0.20019	0.01417	0.01119	0.04034	0.01156	0.07885	0.01017	0.00566	0.00581	0.00136	0.06012	0.00519	0.00315	0.41185
47	0.01004	0.00933	0.03025	0.46503	0.14566	0.01029	0.03139	0.01314	0.01090	0.01483	0.01357	0.10314	0.03133	0.00671	0.00534	0.00173	0.00602	0.00605	0.07923	0.00604
48	0.06754	0.01210	0.01864	0.06059	0.54122	0.04349	0.03719	0.01587	0.02604	0.01777	0.07785	0.01513	0.01187	0.00534	0.00518	0.00157	0.00595	0.00500	0.00300	0.02866

[dist]
# distance from previous block
# <min> <max>
5	12

[block]
# block no. 5 follows, 46 sequences, length 56
# corresponding to MSA columns:
# 149-204
name=unknown_F
#
# <colnr> <probs for GDERKNQSTAVLIFYWHMCP>
#	G	D	E	R	K	N	Q	S	T	A	V	L	I	F	Y	W	H	M	C	P
0	0.01238	0.02875	0.01025	0.00916	0.01131	0.27510	0.00697	0.02875	0.04386	0.02959	0.09567	0.05666	0.26185	0.01008	0.02856	0.00179	0.02211	0.00721	0.04076	0.01920
1	0.12116	0.00749	0.00875	0.00843	0.03460	0.00747	0.00618	0.09496	0.01386	0.04751	0.30898	0.18352	0.06268	0.01017	0.00568	0.00172	0.00350	0.02147	0.00498	0.04691
2	0.01026	0.00908	0.01322	0.01069	0.01380	0.00835	0.12009	0.02894	0.02582	0.01655	0.03473	0.13907	0.03839	0.00825	0.00634	0.00156	0.06565	0.10412	0.00370	0.34139
3	0.04936	0.00864	0.01017	0.00855	0.01160	0.00803	0.00666	0.08158	0.08809	0.13432	0.07303	0.19145	0.01886	0.00835	0.00521	0.00151	0.00393	0.01986	0.00468	0.26611
4	0.20590	0.03587	0.01303	0.01099	0.01409	0.27137	0.02493	0.16121	0.04326	0.04527	0.02656	0.01620	0.01076	0.00654	0.00482	0.00160	0.00640	0.07458	0.01999	0.00664
5	0.00955	0.00775	0.02626	0.00863	0.01026	0.00779	0.02052	0.07603	0.04318	0.03855	0.36614	0.14744	0.10356	0.01085	0.00741	0.00182	0.09450	0.00912	0.00502	0.00560
6	0.00830	0.00599	0.00822	0.00934	0.01058	0.00592	0.00809	0.01061	0.01211	0.01565	0.02997	0.07726	0.08759	0.01456	0.00721	0.00238	0.00466	0.67188	0.00487	0.00482
7	0.02010	0.01481	0.01587	0.01216	0.01639	0.01639	0.01005	0.76360	0.02486	0.03332	0.01269	0.01269	0.00899	0.00635	0.00529	0.00159	0.00582	0.00476	0.00529	0.00899
8	0.00785	0.00552	0.00757	0.00866	0.00956	0.00539	0.00701	0.00949	0.01123	0.01465	0.02827	0.27851	0.06316	0.01536	0.00793	0.05495	0.00422	0.45141	0.00472	0.00452
9	0.01157	0.01157	0.01619	0.01388	0.01388	0.01619	0.01157	0.01272	0.00810	0.01272	0.00694	0.01157	0.00694	0.00925	0.01735	0.00231	0.80453	0.00463	0.00231	0.00578
10	0.02010	0.01481	0.01587	0.01216	0.01639	0.01639	0.01005	0.76360	0.02486	0.03332	0.01269	0.01269	0.00899	0.00635	0.00529	0.00159	0.00582	0.00476	0.00529	0.00899
11	0.00868	0.00568	0.00741	0.00682	0.00830	0.00519	0.00517	0.01111	0.01489	0.07920	0.69992	0.03818	0.06799	0.01056	0.00617	0.00166	0.00265	0.00928	0.00585	0.00528
12	0.01977	0.01545	0.01563	0.01221	0.01627	0.07544	0.00999	0.67487	0.05675	0.03127	0.01273	0.01276	0.00914	0.00631	0.00525	0.00158	0.00603	0.00471	0.00510	0.00875
13	0.00644	0.00460	0.00613	0.00736	0.00767	0.00429	0.00491	0.00736	0.01012	0.01350	0.02914	0.81076	0.03497	0.01656	0.00675	0.00215	0.00307	0.01503	0.00491	0.00429
14	0.00644	0.00460	0.00613	0.00736	0.00767	0.00429	0.00491	0.00736	0.01012	0.01350	0.02914	0.81076	0.03497	0.01656	0.00675	0.00215	0.00307	0.01503	0.00491	0.00429
15	0.00670	0.00492	0.00631	0.00723	0.00782	0.00462	0.00494	0.00818	0.03276	0.01440	0.08811	0.66405	0.09918	0.01558	0.00663	0.00207	0.00302	0.01402	0.00499	0.00448
16	0.01060	0.02735	0.78682	0.01507	0.02288	0.01228	0.01953	0.01674	0.01116	0.01674	0.00949	0.01116	0.00670	0.00502	0.00502	0.00167	0.00781	0.00391	0.00223	0.00781
17	0.02372	0.00900	0.01227	0.00941	0.01350	0.00777	0.00777	0.02576	0.01513	0.78489	0.02086	0.01799	0.01309	0.00654	0.00532	0.00164	0.00450	0.00532	0.00654	0.00900
18	0.00639	0.00539	0.00555	0.00559	0.00733	0.00455	0.00425	0.00782	0.01216	0.01460	0.07836	0.05085	0.72029	0.01335	0.00629	0.00181	0.00277	0.04320	0.00494	0.00450
19	0.00655	0.00465	0.00610	0.00723	0.00751	0.00436	0.00476	0.00739	0.00992	0.01322	0.02808	0.74514	0.03363	0.08400	0.00845	0.00240	0.00324	0.01441	0.00476	0.00420
20	0.00644	0.00460	0.00613	0.00736	0.00767	0.00429	0.00491	0.00736	0.01012	0.01350	0.02914	0.81076	0.03497	0.01656	0.00675	0.00215	0.00307	0.01503	0.00491	0.00429
21	0.01308	0.01256	0.02146	0.03245	0.78123	0.01256	0.01622	0.01622	0.01204	0.01727	0.00994	0.01308	0.00837	0.00471	0.00523	0.00157	0.00628	0.00471	0.00262	0.00837
22	0.02268	0.01067	0.01330	0.01020	0.01433	0.01025	0.00843	0.23812	0.01793	0.56859	0.01851	0.01647	0.01191	0.00649	0.00531	0.00162	0.00488	0.00516	0.00618	0.00900
23	0.01190	0.01126	0.01907	0.19862	0.55950	0.01175	0.01502	0.01496	0.01157	0.01616	0.01129	0.07409	0.01011	0.00574	0.00536	0.00166	0.00620	0.00549	0.00273	0.00752
24	0.01898	0.01380	0.01480	0.01147	0.01539	0.01522	0.00943	0.68630	0.02354	0.03196	0.03342	0.01394	0.01043	0.00645	0.00519	0.00156	0.00547	0.00490	0.06919	0.00857
25	0.00644	0.00460	0.00613	0.00736	0.00767	0.00429	0.00491	0.00736	0.01012	0.01350	0.02914	0.81076	0.03497	0.01656	0.00675	0.00215	0.00307	0.01503	0.00491	0.00429
26	0.05412	0.12014	0.54005	0.01379	0.02032	0.08795	0.03402	0.01729	0.01153	0.04110	0.00940	0.01085	0.00691	0.00503	0.00475	0.00158	0.00745	0.00378	0.00248	0.00745
27	0.09046	0.02240	0.54194	0.02957	0.02153	0.01229	0.09172	0.03765	0.03877	0.05027	0.01040	0.01192	0.00741	0.00514	0.00502	0.00168	0.00724	0.00421	0.00275	0.00761
28	0.00648	0.00467	0.00616	0.00733	0.00772	0.00434	0.00495	0.00746	0.01025	0.01359	0.03018	0.75963	0.06738	0.01638	0.00674	0.00214	0.00309	0.03229	0.00491	0.00432
29	0.66164	0.01119	0.02414	0.00851	0.02775	0.01248	0.00689	0.09950	0.06898	0.02439	0.00913	0.01004	0.00696	0.00524	0.00373	0.00164	0.00441	0.00337	0.00362	0.00638
30	0.01065	0.00951	0.01495	0.59422	0.04495	0.01171	0.01312	0.05751	0.01125	0.01510	0.01057	0.04061	0.00854	0.00610	0.00625	0.00177	0.07378	0.00505	0.05837	0.00598
31	0.00809	0.00620	0.00782	0.00754	0.00844	0.00673	0.00564	0.00986	0.02696	0.01481	0.15224	0.07907	0.15160	0.15513	0.15387	0.00361	0.10291	0.02162	0.07320	0.00466
32	0.03044	0.01180	0.06035	0.15977	0.33259	0.01154	0.02734	0.03678	0.12107	0.04583	0.01661	0.01827	0.09222	0.00623	0.00534	0.00167	0.00574	0.00555	0.00342	0.00743
33	0.01220	0.38396	0.44417	0.01235	0.01868	0.01618	0.01480	0.01633	0.01097	0.01480	0.00852	0.00995	0.00674	0.00480	0.00429	0.00143	0.00684	0.00342	0.00225	0.00735
34	0.02353	0.00929	0.01245	0.00955	0.01364	0.00821	0.00789	0.06338	0.01563	0.74658	0.02044	0.01772	0.01288	0.00653	0.00531	0.00163	0.00457	0.00529	0.00648	0.00900
35	0.02372	0.00900	0.01227	0.00941	0.01350	0.00777	0.00777	0.02576	0.01513	0.78489	0.02086	0.01799	0.01309	0.00654	0.00532	0.00164	0.00450	0.00532	0.00654	0.00900
36	0.01131	0.02753	0.17729	0.08436	0.38427	0.02364	0.01425	0.01478	0.01191	0.01683	0.11166	0.03653	0.01445	0.04130	0.00627	0.00178	0.00608	0.00551	0.00301	0.00722
37	0.01065	0.02699	0.76631	0.01526	0.02301	0.01231	0.03969	0.01675	0.01120	0.01675	0.00952	0.01125	0.00673	0.00501	0.00506	0.00168	0.00784	0.00397	0.00224	0.00779
38	0.00985	0.00493	0.00493	0.00493	0.00616	0.00493	0.00370	0.01232	0.01109	0.01971	0.01725	0.01971	0.01355	0.00616	0.00370	0.00123	0.00246	0.00493	0.84356	0.00493
39	0.07644	0.01198	0.01894	0.20916	0.52851	0.03318	0.01490	0.01567	0.01154	0.01677	0.00957	0.01288	0.00782	0.00488	0.00508	0.00161	0.00638	0.00453	0.00261	0.00753
40	0.00937	0.00773	0.00830	0.00801	0.00999	0.02652	0.00629	0.07001	0.15291	0.01785	0.09183	0.09465	0.33409	0.01174	0.00618	0.00188	0.00373	0.12820	0.00503	0.00566
41	0.00630	0.00537	0.00543	0.00545	0.00723	0.00450	0.00412	0.00766	0.01205	0.01432	0.05298	0.05107	0.76225	0.01342	0.00627	0.00180	0.00273	0.02768	0.00491	0.00447
42	0.00650	0.00484	0.00605	0.00686	0.00758	0.00440	0.00472	0.00766	0.01100	0.01440	0.10630	0.57166	0.19811	0.01532	0.00659	0.00202	0.00293	0.01366	0.00500	0.00440
43	0.01413	0.81739	0.02770	0.00905	0.01357	0.02092	0.00905	0.01583	0.01074	0.01244	0.00735	0.00848	0.00678	0.00452	0.00339	0.00113	0.00565	0.00283	0.00226	0.00678
44	0.00821	0.00678	0.00739	0.00706	0.00898	0.00665	0.00541	0.01300	0.18845	0.01773	0.21041	0.04140	0.40855	0.01141	0.00608	0.00178	0.00307	0.03690	0.00522	0.00550
45	0.00735	0.00538	0.00677	0.00643	0.00765	0.00494	0.00474	0.00952	0.01407	0.01955	0.63538	0.04045	0.13306	0.07234	0.00781	0.00194	0.00272	0.00961	0.00551	0.00479
46	0.01106	0.13043	0.68777	0.01428	0.02167	0.01340	0.01816	0.01662	0.01111	0.01618	0.00921	0.01081	0.00671	0.00496	0.00481	0.00160	0.00753	0.00377	0.00224	0.00768
47	0.02022	0.01388	0.01505	0.01165	0.01572	0.02989	0.00957	0.62088	0.02283	0.14067	0.01426	0.03656	0.01029	0.00665	0.00532	0.00161	0.00562	0.00511	0.00541	0.00880
48	0.04746	0.00903	0.01214	0.00934	0.01340	0.00789	0.00771	0.02547	0.01496	0.76306	0.02047	0.01772	0.01288	0.00650	0.00526	0.00164	0.00449	0.00525	0.00645	0.00890
49	0.00738	0.00461	0.00637	0.00716	0.00736	0.00441	0.00476	0.00721	0.00898	0.01198	0.02218	0.52619	0.02598	0.03849	0.01191	0.28243	0.00363	0.01137	0.00399	0.00360
50	0.07535	0.00965	0.01089	0.00792	0.01249	0.00775	0.00636	0.04031	0.01131	0.01830	0.00936	0.01084	0.00771	0.00408	0.00392	0.00088	0.00400	0.00317	0.00322	0.75250
51	0.03345	0.08285	0.01534	0.01285	0.03905	0.45625	0.00977	0.09782	0.02870	0.01570	0.00956	0.01144	0.00799	0.00867	0.07327	0.00206	0.05911	0.00390	0.02583	0.00641
52	0.85155	0.01022	0.00777	0.00695	0.01022	0.01186	0.00573	0.01554	0.00900	0.02372	0.00736	0.00859	0.00573	0.00491	0.00327	0.00164	0.00409	0.00286	0.00327	0.00573
53	0.00781	0.00589	0.00744	0.00794	0.00935	0.00562	0.00654	0.01032	0.03721	0.01656	0.17555	0.07108	0.23657	0.01337	0.00674	0.00209	0.00376	0.36620	0.00508	0.00488
54	0.01121	0.00970	0.01188	0.04063	0.01386	0.00816	0.01956	0.03983	0.01128	0.01730	0.00980	0.02773	0.00835	0.00464	0.00491	0.00099	0.05152	0.00364	0.00316	0.70187
55	0.03635	0.22957	0.46346	0.02901	0.01959	0.02948	0.03931	0.01641	0.01123	0.03605	0.01076	0.01212	0.03454	0.00522	0.00464	0.00153	0.00693	0.00397	0.00251	0.00730

[dist]
# distance from previous block
# <min> <max>
0	1

[block]
# block no. 6 follows, 46 sequences, length 68
# corresponding to MSA columns:
# 206-273
name=unknown_G
#
# <colnr> <probs for GDERKNQSTAVLIFYWHMCP>
#	G	D	E	R	K	N	Q	S	T	A	V	L	I	F	Y	W	H	M	C	P
0	0.58025	0.02742	0.02824	0.03758	0.05095	0.04152	0.00764	0.11617	0.01169	0.02344	0.00861	0.00993	0.00663	0.00515	0.00382	0.00160	0.00481	0.00337	0.02479	0.00636
1	0.00745	0.00591	0.00621	0.00603	0.00766	0.00541	0.00439	0.00985	0.07795	0.02872	0.08269	0.04446	0.54338	0.13559	0.00933	0.00229	0.00321	0.00998	0.00477	0.00472
2	0.22976	0.01273	0.02758	0.05337	0.01487	0.08092	0.00857	0.24669	0.03056	0.17818	0.01414	0.01420	0.03781	0.00613	0.00474	0.00161	0.00533	0.00452	0.02085	0.00746
3	0.13783	0.10774	0.47001	0.01448	0.05795	0.01338	0.06839	0.04204	0.01140	0.01793	0.00916	0.01085	0.00682	0.00494	0.00469	0.00161	0.00695	0.00387	0.00255	0.00741
4	0.04693	0.46538	0.23593	0.01024	0.01508	0.01622	0.01113	0.01509	0.01042	0.01384	0.00907	0.01240	0.00822	0.10273	0.00669	0.00179	0.00613	0.00372	0.00241	0.00659
5	0.03217	0.02599	0.00836	0.00708	0.00918	0.04046	0.00557	0.15332	0.04209	0.03856	0.01581	0.01744	0.01218	0.00615	0.00412	0.00134	0.00359	0.00479	0.56579	0.00601
6	0.01293	0.01240	0.02118	0.07084	0.74405	0.01252	0.01615	0.01609	0.01196	0.01708	0.00992	0.01313	0.00831	0.00474	0.00524	0.00158	0.00632	0.00471	0.00260	0.00825
7	0.00662	0.00473	0.00634	0.00757	0.00796	0.00445	0.00522	0.00768	0.01030	0.01370	0.02904	0.74504	0.03457	0.01639	0.00680	0.00217	0.00322	0.07896	0.00490	0.00434
8	0.01076	0.01181	0.04100	0.01852	0.09022	0.01074	0.46351	0.01421	0.01204	0.01611	0.01958	0.12030	0.13115	0.00741	0.00618	0.00181	0.00694	0.00792	0.00329	0.00649
9	0.01146	0.21828	0.60336	0.01361	0.02063	0.01437	0.01700	0.01652	0.01106	0.01570	0.00897	0.01051	0.00672	0.00490	0.00463	0.00154	0.00729	0.00365	0.00224	0.00756
10	0.00807	0.00602	0.00774	0.00842	0.00982	0.00584	0.00707	0.01063	0.04050	0.01604	0.09839	0.05356	0.20884	0.01378	0.00713	0.01718	0.00411	0.46707	0.00493	0.00487
11	0.00754	0.00508	0.00579	0.00590	0.00598	0.00503	0.00338	0.00766	0.00802	0.01065	0.01874	0.10695	0.03982	0.72010	0.02452	0.00477	0.00487	0.00846	0.00340	0.00334
12	0.01159	0.01173	0.01755	0.01462	0.01517	0.01575	0.08579	0.01308	0.00854	0.01313	0.00743	0.01199	0.00715	0.00929	0.02937	0.00237	0.71239	0.00480	0.00236	0.00590
13	0.01348	0.01234	0.01967	0.09376	0.58599	0.01278	0.01486	0.10164	0.04155	0.01889	0.01105	0.03032	0.00919	0.00529	0.00528	0.00161	0.00615	0.00498	0.00305	0.00815
14	0.02362	0.00916	0.01237	0.00948	0.01358	0.00801	0.00783	0.04606	0.01540	0.76422	0.02063	0.01785	0.01297	0.00654	0.00532	0.00163	0.00453	0.00530	0.00651	0.00900
15	0.00644	0.00460	0.00613	0.00736	0.00767	0.00429	0.00491	0.00736	0.01012	0.01350	0.02914	0.81076	0.03497	0.01656	0.00675	0.00215	0.00307	0.01503	0.00491	0.00429
16	0.01072	0.05442	0.76081	0.01486	0.02256	0.01257	0.01917	0.01671	0.01115	0.01659	0.00941	0.01107	0.00670	0.00501	0.00497	0.00166	0.00774	0.00387	0.00223	0.00778
17	0.00711	0.00512	0.00677	0.00764	0.00816	0.00503	0.00526	0.03602	0.01044	0.01403	0.02654	0.67401	0.03116	0.03481	0.09793	0.00292	0.00449	0.01341	0.00465	0.00450
18	0.00661	0.00484	0.00670	0.00766	0.00807	0.00452	0.02217	0.00759	0.01011	0.01348	0.02837	0.77124	0.03392	0.03819	0.00729	0.00222	0.00326	0.01463	0.00481	0.00433
19	0.01096	0.00940	0.01096	0.00783	0.01253	0.00705	0.00626	0.01331	0.01096	0.01723	0.00940	0.01096	0.00783	0.00392	0.00392	0.00078	0.00392	0.00313	0.00313	0.84653
20	0.01265	0.03129	0.03187	0.06136	0.37819	0.11086	0.03177	0.03037	0.05983	0.01639	0.02481	0.11166	0.04813	0.00701	0.00562	0.00166	0.01994	0.00622	0.00325	0.00713
21	0.00647	0.00461	0.00613	0.00732	0.00762	0.00431	0.00487	0.00737	0.01007	0.01342	0.02885	0.79299	0.03460	0.03482	0.00721	0.00222	0.00311	0.01486	0.00487	0.00427
22	0.00918	0.00459	0.00689	0.00689	0.00689	0.00459	0.00459	0.00689	0.00689	0.00918	0.00918	0.01607	0.00918	0.01837	0.02066	0.84619	0.00459	0.00459	0.00230	0.00230
23	0.00952	0.00839	0.01165	0.01405	0.19568	0.00828	0.03435	0.01361	0.12627	0.01649	0.03170	0.06549	0.30288	0.01038	0.00606	0.00185	0.00436	0.12850	0.00435	0.00614
24	0.01214	0.03262	0.08694	0.15232	0.32650	0.01305	0.21733	0.01579	0.01157	0.01612	0.00977	0.01320	0.00779	0.00504	0.00621	0.00170	0.05699	0.00500	0.00253	0.00738
25	0.04424	0.00990	0.01269	0.00976	0.01385	0.00916	0.00806	0.13595	0.01643	0.65303	0.01929	0.01696	0.01229	0.00647	0.00526	0.00163	0.00469	0.00517	0.00627	0.00891
26	0.85155	0.01022	0.00777	0.00695	0.01022	0.01186	0.00573	0.01554	0.00900	0.02372	0.00736	0.00859	0.00573	0.00491	0.00327	0.00164	0.00409	0.00286	0.00327	0.00573
27	0.00940	0.02523	0.00786	0.00745	0.00829	0.08394	0.00529	0.01062	0.00981	0.01364	0.01724	0.16501	0.01791	0.24333	0.13529	0.00370	0.03572	0.00744	0.18837	0.00448
28	0.00714	0.00529	0.00683	0.00744	0.00779	0.00538	0.00508	0.00806	0.00991	0.01345	0.06321	0.54284	0.05858	0.14385	0.01069	0.00258	0.06415	0.01244	0.02099	0.00428
29	0.05856	0.43706	0.22873	0.01129	0.01602	0.04350	0.01203	0.01586	0.01058	0.01426	0.00790	0.00962	0.00672	0.00528	0.00556	0.00146	0.10302	0.00336	0.00233	0.00686
30	0.01081	0.05961	0.73782	0.01522	0.04000	0.01264	0.01902	0.01669	0.01116	0.01658	0.00941	0.01110	0.00674	0.00499	0.00496	0.00165	0.00769	0.00388	0.00224	0.00778
31	0.02210	0.00983	0.01257	0.00983	0.01380	0.00923	0.00806	0.09494	0.10766	0.62234	0.02017	0.01771	0.01307	0.00660	0.00532	0.00165	0.00458	0.00534	0.00629	0.00892
32	0.00662	0.00537	0.00587	0.00575	0.00737	0.00462	0.00431	0.00831	0.01293	0.01637	0.27265	0.04744	0.55868	0.01261	0.00624	0.00175	0.00262	0.01067	0.00518	0.00462
33	0.01300	0.00834	0.00938	0.00837	0.01081	0.02777	0.00643	0.03930	0.19285	0.20189	0.09785	0.11452	0.19678	0.04007	0.00658	0.00189	0.00385	0.00829	0.00539	0.00663
34	0.02313	0.00994	0.01285	0.00985	0.01397	0.00917	0.00814	0.14557	0.01671	0.66286	0.01953	0.01713	0.01242	0.00651	0.00531	0.00163	0.00471	0.00523	0.00634	0.00900
35	0.00755	0.00566	0.00850	0.00850	0.00944	0.00661	0.00661	0.00944	0.00850	0.01227	0.01416	0.02077	0.01322	0.03965	0.79326	0.00850	0.01416	0.00566	0.00283	0.00472
36	0.00998	0.00940	0.01586	0.80150	0.03641	0.01175	0.01468	0.01351	0.01057	0.01351	0.00940	0.01409	0.00705	0.00529	0.00529	0.00176	0.00705	0.00470	0.00235	0.00587
37	0.01019	0.00965	0.01674	0.71407	0.05090	0.01168	0.06295	0.01362	0.01063	0.01370	0.00949	0.01413	0.00719	0.00556	0.00574	0.02358	0.00709	0.00480	0.00237	0.00591
38	0.02202	0.00880	0.01184	0.00924	0.01306	0.00775	0.00757	0.02459	0.04388	0.69506	0.08123	0.01977	0.01613	0.00691	0.00539	0.00164	0.00433	0.00568	0.00644	0.00865
39	0.00679	0.00486	0.00639	0.00749	0.00789	0.00461	0.00504	0.02690	0.01050	0.01401	0.02871	0.79014	0.03429	0.01630	0.00671	0.00213	0.00314	0.01476	0.00492	0.00442
40	0.01126	0.00770	0.00909	0.00815	0.01030	0.00769	0.00637	0.11599	0.10201	0.09666	0.31708	0.08277	0.14594	0.01031	0.00601	0.00175	0.00352	0.04570	0.00552	0.00619
41	0.01248	0.01214	0.01974	0.23726	0.55653	0.03859	0.01561	0.01566	0.01174	0.01612	0.00974	0.01323	0.00797	0.00489	0.00523	0.00161	0.00659	0.00466	0.00255	0.00763
42	0.01129	0.00964	0.01128	0.00815	0.01270	0.00763	0.00655	0.03853	0.01135	0.01764	0.00944	0.01104	0.00784	0.00415	0.00435	0.00085	0.02723	0.00323	0.00318	0.79394
43	0.00918	0.00459	0.00689	0.00689	0.00689	0.00459	0.00459	0.00689	0.00689	0.00918	0.00918	0.01607	0.00918	0.01837	0.02066	0.84619	0.00459	0.00459	0.00230	0.00230
44	0.01941	0.07379	0.01579	0.01329	0.01617	0.72277	0.01014	0.04235	0.01501	0.01350	0.00825	0.00956	0.00687	0.00542	0.00470	0.00135	0.00919	0.00341	0.00277	0.00625
45	0.00644	0.00460	0.00613	0.00736	0.00767	0.00429	0.00491	0.00736	0.01012	0.01350	0.02914	0.81076	0.03497	0.01656	0.00675	0.00215	0.00307	0.01503	0.00491	0.00429
46	0.08505	0.59453	0.08755	0.00990	0.01409	0.01891	0.00991	0.01554	0.01034	0.01379	0.00748	0.00905	0.00670	0.00512	0.00505	0.00135	0.09351	0.00312	0.00235	0.00667
47	0.01260	0.00995	0.01170	0.00881	0.01284	0.00873	0.02451	0.16006	0.01360	0.03360	0.01190	0.05158	0.01024	0.04343	0.00548	0.00127	0.00437	0.00443	0.03838	0.53254
48	0.01226	0.01429	0.08122	0.04579	0.08515	0.03239	0.48663	0.03666	0.02737	0.01679	0.01249	0.02851	0.03751	0.00576	0.00668	0.02801	0.02666	0.00602	0.00285	0.00696
49	0.01115	0.01033	0.01679	0.57756	0.18445	0.01215	0.01450	0.04297	0.04940	0.01544	0.01024	0.01412	0.00784	0.00530	0.00528	0.00172	0.00670	0.00477	0.00266	0.00662
50	0.00870	0.00605	0.00754	0.00784	0.00876	0.00603	0.00554	0.11016	0.01227	0.01665	0.08140	0.55682	0.02987	0.01453	0.00747	0.06639	0.00349	0.01208	0.03356	0.00485
51	0.02360	0.00919	0.01239	0.00950	0.01359	0.00806	0.00785	0.05058	0.01546	0.75962	0.02058	0.01782	0.01295	0.00654	0.00532	0.00163	0.00454	0.00530	0.00650	0.00900
52	0.06553	0.02814	0.01267	0.02244	0.05556	0.12163	0.00854	0.24627	0.05941	0.07090	0.08954	0.01901	0.03231	0.00751	0.01788	0.00169	0.00545	0.03575	0.09272	0.00707
53	0.00837	0.00600	0.00728	0.00739	0.00872	0.00577	0.00540	0.01153	0.10416	0.05512	0.21548	0.33848	0.16708	0.01292	0.00631	0.00190	0.00310	0.02451	0.00527	0.00523
54	0.01240	0.01480	0.06238	0.02198	0.02743	0.01332	0.73139	0.01693	0.01242	0.01693	0.01065	0.01413	0.00797	0.00448	0.00619	0.00178	0.00887	0.00614	0.00266	0.00716
55	0.01291	0.01239	0.02115	0.07470	0.74031	0.01252	0.01614	0.01608	0.01196	0.01706	0.00991	0.01314	0.00830	0.00474	0.00524	0.00158	0.00632	0.00471	0.00260	0.00824
56	0.01494	0.57427	0.07639	0.01127	0.05305	0.05244	0.01031	0.12381	0.01305	0.01600	0.00843	0.00954	0.00718	0.00487	0.00393	0.00126	0.00602	0.00330	0.00273	0.00722
57	0.00644	0.00460	0.00613	0.00736	0.00767	0.00429	0.00491	0.00736	0.01012	0.01350	0.02914	0.81076	0.03497	0.01656	0.00675	0.00215	0.00307	0.01503	0.00491	0.00429
58	0.02344	0.00906	0.01226	0.00944	0.01350	0.00791	0.00779	0.02583	0.03533	0.76453	0.02087	0.01804	0.01317	0.00656	0.00532	0.00164	0.00449	0.00533	0.00651	0.00898
59	0.05671	0.00843	0.00995	0.00858	0.01117	0.00846	0.00673	0.11900	0.10382	0.21789	0.20398	0.11939	0.05031	0.00897	0.00557	0.00170	0.00382	0.00758	0.04106	0.00689
60	0.01082	0.00898	0.00953	0.00888	0.01118	0.03220	0.00690	0.01898	0.37826	0.04038	0.14968	0.04719	0.18194	0.00971	0.00585	0.00181	0.00379	0.06205	0.00526	0.00663
61	0.00644	0.00460	0.00613	0.00736	0.00767	0.00429	0.00491	0.00736	0.01012	0.01350	0.02914	0.81076	0.03497	0.01656	0.00675	0.00215	0.00307	0.01503	0.00491	0.00429
62	0.00643	0.00464	0.00610	0.00726	0.00764	0.00430	0.00486	0.00737	0.01022	0.01353	0.03036	0.77282	0.07211	0.01640	0.00672	0.00213	0.00305	0.01484	0.00491	0.00430
63	0.00767	0.00575	0.00838	0.00832	0.00914	0.00668	0.00635	0.00933	0.00839	0.01206	0.01426	0.02210	0.01373	0.12619	0.68733	0.00796	0.03306	0.00587	0.00286	0.00458
64	0.62598	0.00974	0.00807	0.00712	0.01013	0.01108	0.00580	0.08562	0.01092	0.02395	0.02194	0.01124	0.00799	0.00534	0.00358	0.00157	0.00397	0.00348	0.13660	0.00590
65	0.73129	0.01075	0.00886	0.00764	0.01105	0.01231	0.00630	0.10637	0.01106	0.04288	0.00833	0.00931	0.00629	0.00512	0.00356	0.00163	0.00431	0.00315	0.00359	0.00620
66	0.00953	0.00630	0.00784	0.00717	0.00887	0.00591	0.00546	0.05204	0.02999	0.08956	0.51739	0.08654	0.13124	0.01079	0.00612	0.00170	0.00295	0.00939	0.00568	0.00553
67	0.04203	0.04415	0.69430	0.01507	0.02249	0.01253	0.06404	0.01669	0.01115	0.01691	0.00943	0.01119	0.00674	0.00497	0.00499	0.00167	0.00769	0.00398	0.00230	0.00767

[dist]
# distance from previous block
# <min> <max>
0	20

[block]
# block no. 7 follows, 46 sequences, length 88
# corresponding to MSA columns:
# 294-381
name=unknown_H
#
# <colnr> <probs for GDERKNQSTAVLIFYWHMCP>
#	G	D	E	R	K	N	Q	S	T	A	V	L	I	F	Y	W	H	M	C	P
0	0.00851	0.00688	0.00782	0.00792	0.00960	0.00698	0.00607	0.01356	0.21105	0.01681	0.07868	0.20073	0.27041	0.01245	0.00628	0.00195	0.00347	0.12021	0.00508	0.00554
1	0.01060	0.02735	0.78682	0.01507	0.02288	0.01228	0.01953	0.01674	0.01116	0.01674	0.00949	0.01116	0.00670	0.00502	0.00502	0.00167	0.00781	0.00391	0.00223	0.00781
2	0.01060	0.02735	0.78682	0.01507	0.02288	0.01228	0.01953	0.01674	0.01116	0.01674	0.00949	0.01116	0.00670	0.00502	0.00502	0.00167	0.00781	0.00391	0.00223	0.00781
3	0.02340	0.00951	0.01258	0.00965	0.01375	0.00853	0.00797	0.09055	0.01598	0.71891	0.02014	0.01753	0.01273	0.00653	0.00531	0.00163	0.00461	0.00527	0.00643	0.00900
4	0.00626	0.00532	0.00539	0.00544	0.00716	0.00446	0.00406	0.00758	0.01197	0.01425	0.05250	0.08373	0.74691	0.01353	0.00627	0.00180	0.00269	0.01132	0.00491	0.00446
5	0.00664	0.00479	0.00631	0.00731	0.00782	0.00446	0.00504	0.00781	0.01081	0.01445	0.10918	0.66206	0.06850	0.01573	0.00670	0.00209	0.00307	0.04783	0.00500	0.00440
6	0.00644	0.00460	0.00613	0.00736	0.00767	0.00429	0.00491	0.00736	0.01012	0.01350	0.02914	0.81076	0.03497	0.01656	0.00675	0.00215	0.00307	0.01503	0.00491	0.00429
7	0.00644	0.00460	0.00613	0.00736	0.00767	0.00429	0.00491	0.00736	0.01012	0.01350	0.02914	0.81076	0.03497	0.01656	0.00675	0.00215	0.00307	0.01503	0.00491	0.00429
8	0.00711	0.00501	0.00638	0.00714	0.00756	0.00484	0.00488	0.00802	0.00978	0.01299	0.04096	0.43080	0.05311	0.24932	0.03291	0.00319	0.00415	0.10340	0.00437	0.00408
9	0.00663	0.00524	0.00598	0.00613	0.00750	0.00459	0.00451	0.00820	0.01241	0.01585	0.22454	0.18676	0.45079	0.01337	0.00636	0.00183	0.00275	0.02686	0.00513	0.00457
10	0.00644	0.00460	0.00613	0.00736	0.00767	0.00429	0.00491	0.00736	0.01012	0.01350	0.02914	0.81076	0.03497	0.01656	0.00675	0.00215	0.00307	0.01503	0.00491	0.00429
11	0.00943	0.00709	0.00879	0.00903	0.01071	0.00722	0.00750	0.07489	0.08716	0.01816	0.10881	0.08304	0.12766	0.01272	0.00667	0.00212	0.00426	0.40418	0.00506	0.00549
12	0.10950	0.01241	0.04580	0.29663	0.19980	0.04293	0.04152	0.08949	0.05819	0.01823	0.01028	0.01308	0.00795	0.00539	0.00537	0.00168	0.02718	0.00455	0.00301	0.00702
13	0.01296	0.01244	0.02124	0.06278	0.75186	0.01253	0.01616	0.01612	0.01198	0.01712	0.00992	0.01312	0.00832	0.00473	0.00524	0.00158	0.00631	0.00471	0.00261	0.00828
14	0.00848	0.00567	0.00757	0.00785	0.00910	0.00534	0.00619	0.01059	0.01309	0.06075	0.33228	0.18590	0.07062	0.01292	0.00661	0.00200	0.00346	0.24120	0.00536	0.00503
15	0.01666	0.00843	0.01067	0.00896	0.01185	0.00802	0.00713	0.11370	0.05127	0.37155	0.15710	0.13533	0.03884	0.00908	0.00575	0.00174	0.00406	0.02658	0.00589	0.00738
16	0.01123	0.00940	0.00958	0.00896	0.01040	0.09869	0.00669	0.13951	0.01327	0.01755	0.09807	0.22206	0.02194	0.11398	0.07718	0.00279	0.04799	0.02415	0.06115	0.00542
17	0.28878	0.01207	0.01909	0.07104	0.11761	0.03128	0.29490	0.01616	0.01118	0.03239	0.00987	0.01246	0.00759	0.00484	0.00488	0.00166	0.00646	0.00467	0.04643	0.00663
18	0.03294	0.07353	0.59554	0.01524	0.02221	0.01275	0.11909	0.01650	0.01136	0.01680	0.03028	0.01212	0.00803	0.00507	0.00507	0.00165	0.00759	0.00428	0.00242	0.00753
19	0.00634	0.00539	0.00549	0.00554	0.00730	0.00453	0.00421	0.00773	0.01205	0.01435	0.05247	0.05125	0.74736	0.01344	0.00629	0.00181	0.00277	0.04229	0.00491	0.00448
20	0.01376	0.12148	0.10281	0.05448	0.22719	0.04057	0.10719	0.07523	0.01303	0.07260	0.01278	0.01533	0.03692	0.00558	0.00509	0.00155	0.00632	0.02381	0.02594	0.03833
21	0.00918	0.00459	0.00689	0.00689	0.00689	0.00459	0.00459	0.00689	0.00689	0.00918	0.00918	0.01607	0.00918	0.01837	0.02066	0.84619	0.00459	0.00459	0.00230	0.00230
22	0.01413	0.81739	0.02770	0.00905	0.01357	0.02092	0.00905	0.01583	0.01074	0.01244	0.00735	0.00848	0.00678	0.00452	0.00339	0.00113	0.00565	0.00283	0.00226	0.00678
23	0.03166	0.01103	0.04382	0.00950	0.01414	0.00908	0.03534	0.11778	0.02718	0.12768	0.01169	0.01243	0.00880	0.00476	0.00444	0.00112	0.00461	0.00385	0.00390	0.51721
