[name]
unknown

[dist]
# distance from previous block
# <min> <max>
0	7

[block]
# block no. 0 follows, 45 sequences, length 21
# corresponding to MSA columns:
# 7-27
name=unknown_A
#
# <colnr> <probs for GDERKNQSTAVLIFYWHMCP>
#	G	D	E	R	K	N	Q	S	T	A	V	L	I	F	Y	W	H	M	C	P
0	0.00865	0.00640	0.00844	0.00934	0.01067	0.00645	0.00786	0.01196	0.07556	0.01642	0.05257	0.13283	0.07823	0.01420	0.00709	0.00232	0.00448	0.53633	0.00502	0.00516
1	0.00888	0.00665	0.00961	0.01156	0.08210	0.00659	0.00880	0.01138	0.01264	0.01683	0.12244	0.07749	0.03149	0.01346	0.00706	0.00228	0.00471	0.55591	0.00485	0.00527
2	0.01183	0.01201	0.01791	0.01491	0.01544	0.01617	0.08357	0.01333	0.00865	0.01333	0.00741	0.01201	0.00715	0.00893	0.01653	0.00230	0.72528	0.00486	0.00238	0.00600
3	0.05352	0.00571	0.00736	0.00707	0.00788	0.00575	0.00499	0.04102	0.00912	0.04128	0.01234	0.06675	0.01159	0.01471	0.01500	0.53623	0.00425	0.00530	0.12951	0.02064
4	0.01306	0.00979	0.01154	0.00836	0.01304	0.00774	0.00673	0.05457	0.01235	0.10299	0.01101	0.01202	0.00860	0.00440	0.00421	0.00093	0.00414	0.00351	0.00368	0.70731
5	0.01335	0.01153	0.01214	0.01092	0.01396	0.01335	0.00850	0.02852	0.76817	0.02245	0.02185	0.02003	0.01639	0.00728	0.00546	0.00182	0.00425	0.00607	0.00546	0.00850
6	0.75481	0.01061	0.00864	0.00752	0.01094	0.01211	0.00619	0.06276	0.01046	0.06392	0.00852	0.00947	0.00641	0.00516	0.00356	0.00166	0.00428	0.00316	0.00362	0.00619
7	0.00669	0.00545	0.00592	0.00580	0.00746	0.00468	0.00435	0.00837	0.01305	0.01644	0.25319	0.04847	0.57566	0.01287	0.00634	0.00178	0.00267	0.01088	0.00524	0.00468
8	0.01245	0.20164	0.53609	0.01384	0.02068	0.01455	0.03663	0.05527	0.01209	0.03600	0.00964	0.01106	0.00714	0.00508	0.00479	0.00157	0.00729	0.00387	0.00255	0.00777
9	0.01834	0.02076	0.01481	0.01318	0.01578	0.52286	0.01013	0.04537	0.12198	0.05465	0.01089	0.01194	0.00868	0.00632	0.00648	0.00158	0.10199	0.00412	0.00338	0.00675
10	0.01001	0.00500	0.00500	0.00500	0.00625	0.00500	0.00375	0.01251	0.01126	0.02001	0.01751	0.02001	0.01376	0.00625	0.00375	0.00125	0.00250	0.00500	0.84115	0.00500
11	0.05709	0.03075	0.01232	0.00924	0.01316	0.00822	0.00764	0.02431	0.01497	0.67515	0.07377	0.01916	0.01546	0.00683	0.00532	0.00165	0.00444	0.00553	0.00634	0.00865
12	0.02158	0.01315	0.01494	0.01145	0.01570	0.01384	0.00946	0.52492	0.02208	0.27335	0.01554	0.01461	0.01046	0.00651	0.00538	0.00163	0.00548	0.00501	0.00578	0.00913
13	0.72115	0.01019	0.00860	0.00745	0.01090	0.01140	0.00614	0.01739	0.01010	0.14169	0.00960	0.01020	0.00697	0.00524	0.00364	0.00166	0.00422	0.00329	0.00384	0.00633
14	0.00855	0.00664	0.00714	0.00705	0.00747	0.05559	0.00457	0.00912	0.00848	0.01109	0.01573	0.03000	0.01719	0.56765	0.21615	0.00581	0.00778	0.00702	0.00313	0.00383
15	0.00659	0.00533	0.00579	0.00590	0.00737	0.00460	0.00430	0.00799	0.01220	0.01517	0.14404	0.15084	0.55492	0.04191	0.00715	0.00197	0.00284	0.01152	0.00504	0.00453
16	0.01359	0.01165	0.01227	0.01097	0.01405	0.01346	0.00855	0.05317	0.74313	0.02284	0.02155	0.01979	0.01614	0.00725	0.00546	0.00181	0.00430	0.00603	0.00546	0.00852
17	0.01183	0.01193	0.01611	0.01389	0.01398	0.03821	0.01151	0.01300	0.00848	0.01295	0.00775	0.03514	0.00788	0.00950	0.01693	0.00232	0.75535	0.00497	0.00244	0.00584
18	0.01774	0.01284	0.01386	0.03406	0.01518	0.01409	0.00904	0.58432	0.02200	0.03005	0.01609	0.01641	0.05858	0.00684	0.00520	0.00158	0.00526	0.00527	0.12343	0.00816
19	0.01314	0.00993	0.01264	0.25444	0.02002	0.04235	0.00944	0.08521	0.01305	0.12281	0.02777	0.07581	0.04710	0.03173	0.00586	0.00163	0.00536	0.00568	0.00387	0.21217
20	0.05409	0.01070	0.01356	0.01050	0.01441	0.01048	0.03994	0.23121	0.01777	0.42729	0.09711	0.01850	0.01552	0.00689	0.00544	0.00166	0.00491	0.00563	0.00591	0.00849

[dist]
# distance from previous block
# <min> <max>
11	37

[block]
# block no. 1 follows, 45 sequences, length 28
# corresponding to MSA columns:
# 70-97
name=unknown_B
#
# <colnr> <probs for GDERKNQSTAVLIFYWHMCP>
#	G	D	E	R	K	N	Q	S	T	A	V	L	I	F	Y	W	H	M	C	P
0	0.06682	0.01193	0.01696	0.38433	0.20324	0.07687	0.03983	0.02883	0.01196	0.06164	0.01023	0.01342	0.00783	0.00523	0.00516	0.00165	0.00676	0.00458	0.00289	0.03985
1	0.32188	0.03798	0.07624	0.16193	0.01760	0.01111	0.02265	0.03850	0.01132	0.06424	0.06211	0.01331	0.01016	0.00545	0.00441	0.00155	0.00513	0.00413	0.00342	0.12688
2	0.00873	0.00691	0.00822	0.00855	0.05349	0.00664	0.00591	0.08134	0.04396	0.01831	0.21521	0.15487	0.32465	0.03048	0.00672	0.00188	0.00337	0.01024	0.00509	0.00543
3	0.65789	0.05720	0.00984	0.00768	0.01112	0.01235	0.00640	0.04913	0.03401	0.08129	0.00941	0.01022	0.00709	0.00525	0.00365	0.00162	0.00432	0.00332	0.02187	0.00634
4	0.01297	0.00993	0.01151	0.00848	0.01284	0.00828	0.00675	0.10872	0.01299	0.07076	0.01123	0.01338	0.00920	0.05641	0.00575	0.00124	0.00434	0.00384	0.00370	0.62767
5	0.00819	0.00639	0.00756	0.00740	0.00903	0.00604	0.00554	0.02832	0.08755	0.01776	0.24059	0.23103	0.20886	0.01232	0.00626	0.00183	0.00318	0.04780	0.00518	0.05917
6	0.01113	0.00954	0.01113	0.00795	0.01272	0.00716	0.00636	0.01352	0.01113	0.01749	0.00954	0.01113	0.00795	0.00398	0.00398	0.00080	0.00398	0.00318	0.00318	0.84417
7	0.01980	0.06086	0.01579	0.01362	0.01647	0.75544	0.01032	0.02120	0.01502	0.01311	0.00826	0.00963	0.00691	0.00549	0.00478	0.00137	0.00950	0.00343	0.00274	0.00625
8	0.00664	0.00475	0.00632	0.00741	0.00781	0.00443	0.00499	0.00772	0.01073	0.01443	0.09899	0.73637	0.03691	0.01627	0.00680	0.00213	0.00306	0.01474	0.00507	0.00443
9	0.00737	0.00548	0.00685	0.00651	0.00788	0.00497	0.00488	0.00968	0.01465	0.02023	0.64200	0.04223	0.18449	0.01146	0.00633	0.00171	0.00257	0.01001	0.00574	0.00497
10	0.00740	0.00557	0.00686	0.00661	0.00798	0.00510	0.00493	0.00988	0.03143	0.01959	0.56038	0.08679	0.20404	0.01179	0.00634	0.00175	0.00265	0.01029	0.00565	0.00499
11	0.01498	0.01148	0.01249	0.01068	0.01387	0.01279	0.00845	0.19360	0.46271	0.07315	0.10745	0.02062	0.01852	0.00748	0.00554	0.00175	0.00445	0.00617	0.00557	0.00828
12	0.02229	0.00974	0.01400	0.01343	0.14041	0.00870	0.00931	0.02455	0.01484	0.65490	0.01934	0.01744	0.01249	0.00634	0.00538	0.00165	0.00487	0.00530	0.00598	0.00903
13	0.30462	0.00956	0.01090	0.00870	0.01257	0.00930	0.00718	0.02263	0.01325	0.52406	0.01652	0.01502	0.01075	0.00608	0.00469	0.00166	0.00443	0.00455	0.00551	0.00801
14	0.02006	0.02525	0.01524	0.01378	0.01660	0.76535	0.01037	0.04479	0.01553	0.01379	0.00844	0.00978	0.00698	0.00556	0.00486	0.00139	0.00956	0.00350	0.00285	0.00631
15	0.00735	0.00546	0.00685	0.00654	0.00788	0.00495	0.00489	0.00964	0.01456	0.02011	0.63113	0.06091	0.17669	0.01157	0.00635	0.00172	0.00258	0.01013	0.00573	0.00495
16	0.00653	0.00469	0.00621	0.00742	0.00777	0.00436	0.00496	0.00748	0.01033	0.01373	0.03030	0.78600	0.05689	0.01672	0.00684	0.00217	0.00310	0.01515	0.00498	0.00436
17	0.01089	0.05422	0.75814	0.01509	0.02291	0.01276	0.01947	0.01697	0.01132	0.01685	0.00956	0.01124	0.00680	0.00508	0.00504	0.00168	0.00786	0.00393	0.00227	0.00790
18	0.00734	0.00545	0.00683	0.00654	0.00787	0.00495	0.00488	0.00960	0.01450	0.02000	0.62018	0.06806	0.18065	0.01164	0.00635	0.00173	0.00259	0.01019	0.00571	0.00495
19	0.00768	0.00572	0.00845	0.00845	0.00935	0.00661	0.00649	0.00947	0.00857	0.01233	0.01454	0.02199	0.01381	0.08986	0.74101	0.00841	0.01379	0.00588	0.00290	0.00469
20	0.01153	0.03326	0.01006	0.00877	0.01064	0.05325	0.00685	0.01490	0.09540	0.12235	0.27442	0.12458	0.07318	0.01166	0.04070	0.00211	0.05561	0.03960	0.00510	0.00604
21	0.00741	0.00548	0.00691	0.00655	0.00790	0.00498	0.00492	0.00976	0.01475	0.02046	0.66578	0.04185	0.16056	0.01137	0.00633	0.00171	0.00256	0.00995	0.00577	0.00498
22	0.01014	0.00954	0.01610	0.79845	0.03697	0.01193	0.01491	0.01371	0.01073	0.01371	0.00954	0.01431	0.00716	0.00537	0.00537	0.00179	0.00716	0.00477	0.00239	0.00596
23	0.01038	0.00618	0.00779	0.00717	0.00886	0.00571	0.00538	0.01289	0.04060	0.14274	0.41531	0.10443	0.10622	0.05728	0.00731	0.00193	0.00315	0.00921	0.04185	0.00563
24	0.01220	0.07906	0.15158	0.01903	0.04719	0.01339	0.45926	0.03506	0.01232	0.01686	0.01181	0.07597	0.00999	0.00576	0.00615	0.00177	0.02633	0.00625	0.00284	0.00715
25	0.01188	0.02379	0.58425	0.03488	0.02305	0.01254	0.10319	0.03512	0.05628	0.04851	0.01103	0.01259	0.00784	0.00526	0.00529	0.00172	0.00764	0.00446	0.00276	0.00791
26	0.11704	0.26697	0.25261	0.01103	0.01626	0.01410	0.02323	0.01828	0.03083	0.15666	0.03826	0.01272	0.00971	0.00546	0.00449	0.00152	0.00590	0.00405	0.00342	0.00747
27	0.23216	0.22355	0.05362	0.01011	0.01402	0.03412	0.03135	0.12420	0.03050	0.07231	0.02653	0.01324	0.00943	0.00589	0.00491	0.00155	0.03983	0.03001	0.00361	0.03908

[dist]
# distance from previous block
# <min> <max>
3	22

[block]
# block no. 2 follows, 45 sequences, length 35
# corresponding to MSA columns:
# 120-154
name=unknown_C
#
# <colnr> <probs for GDERKNQSTAVLIFYWHMCP>
#	G	D	E	R	K	N	Q	S	T	A	V	L	I	F	Y	W	H	M	C	P
0	0.06541	0.01206	0.01896	0.14868	0.47486	0.01251	0.02888	0.07877	0.01295	0.04271	0.01042	0.01321	0.00829	0.00504	0.00516	0.00160	0.00621	0.00464	0.00303	0.04659
1	0.11057	0.03506	0.01480	0.53769	0.02876	0.01203	0.01243	0.04398	0.02473	0.05842	0.01202	0.01521	0.03942	0.00589	0.00544	0.00176	0.02771	0.00482	0.00301	0.00626
2	0.73913	0.01031	0.00850	0.02408	0.01123	0.01173	0.00618	0.03671	0.01000	0.04425	0.02680	0.01005	0.00730	0.00519	0.00357	0.00164	0.00423	0.00324	0.00351	0.03233
3	0.58798	0.01018	0.00926	0.03260	0.01197	0.01126	0.00660	0.04781	0.03862	0.10874	0.04685	0.01217	0.00947	0.00557	0.00396	0.00163	0.00428	0.00378	0.00395	0.04332
4	0.00873	0.00628	0.00748	0.00734	0.00860	0.02097	0.00532	0.04126	0.02775	0.04910	0.34270	0.26415	0.11041	0.06557	0.00776	0.00207	0.00330	0.01081	0.00531	0.00511
5	0.00827	0.00594	0.00806	0.00909	0.01014	0.00590	0.00750	0.01064	0.03032	0.01581	0.06917	0.19933	0.03198	0.05178	0.00812	0.00248	0.00446	0.51121	0.00494	0.00485
6	0.05194	0.49323	0.03662	0.00952	0.01399	0.01674	0.00896	0.06824	0.01301	0.22455	0.01161	0.01159	0.00874	0.00530	0.00413	0.00135	0.00541	0.00371	0.00373	0.00763
7	0.81234	0.01115	0.04205	0.00742	0.01095	0.01206	0.00643	0.01583	0.00923	0.02377	0.00757	0.00884	0.00586	0.00499	0.00340	0.00166	0.00432	0.00295	0.00328	0.00591
8	0.00671	0.00530	0.00605	0.00620	0.00756	0.00464	0.00452	0.00829	0.01261	0.01618	0.23834	0.20207	0.43536	0.01356	0.00644	0.00185	0.00275	0.01170	0.00523	0.00464
9	0.01897	0.02860	0.02922	0.01179	0.01584	0.01516	0.00980	0.56671	0.10539	0.08256	0.01479	0.03642	0.01095	0.00739	0.01954	0.00177	0.00574	0.00527	0.00530	0.00878
10	0.57176	0.01006	0.00946	0.02247	0.01185	0.01103	0.00668	0.04867	0.01123	0.19712	0.01119	0.01175	0.00804	0.00706	0.04027	0.00198	0.00485	0.00372	0.00413	0.00667
11	0.02120	0.00873	0.01170	0.00918	0.01285	0.00772	0.00750	0.04855	0.01567	0.62898	0.14691	0.02174	0.01939	0.00736	0.00555	0.00166	0.00427	0.00610	0.00648	0.00845
12	0.01636	0.01193	0.01449	0.14618	0.05338	0.01324	0.01016	0.44119	0.01871	0.04212	0.01206	0.01407	0.00909	0.00793	0.00753	0.12241	0.00578	0.00482	0.04114	0.00740
13	0.00654	0.00467	0.00623	0.00747	0.00779	0.00436	0.00498	0.00747	0.01028	0.01370	0.02959	0.80785	0.03550	0.01682	0.00685	0.00218	0.00311	0.01526	0.00498	0.00436
14	0.01077	0.02777	0.78354	0.01530	0.02323	0.01247	0.01983	0.01700	0.01133	0.01700	0.00963	0.01133	0.00680	0.00510	0.00510	0.00170	0.00793	0.00397	0.00227	0.00793
15	0.00654	0.00467	0.00623	0.00747	0.00779	0.00436	0.00498	0.00747	0.01028	0.01370	0.02959	0.80785	0.03550	0.01682	0.00685	0.00218	0.00311	0.01526	0.00498	0.00436
16	0.00836	0.00566	0.00742	0.00688	0.00828	0.00520	0.00520	0.01087	0.01520	0.05664	0.74020	0.03909	0.04892	0.01077	0.00629	0.00169	0.00263	0.00951	0.00594	0.00525
17	0.01036	0.00535	0.00538	0.00525	0.00661	0.00540	0.00397	0.03804	0.01173	0.02048	0.01735	0.01977	0.01360	0.00626	0.00381	0.00126	0.00262	0.00500	0.81260	0.00514
18	0.01283	0.01296	0.01710	0.01432	0.01544	0.07648	0.07731	0.05508	0.04605	0.01488	0.00885	0.01273	0.00800	0.00989	0.05162	0.00246	0.55012	0.00487	0.00275	0.00627
19	0.00767	0.00575	0.00863	0.00863	0.00959	0.00671	0.00671	0.00959	0.00863	0.01246	0.01438	0.02109	0.01342	0.04026	0.79008	0.00863	0.01438	0.00575	0.00288	0.00479
20	0.01033	0.00974	0.01645	0.75092	0.08297	0.01198	0.01500	0.01389	0.01083	0.01395	0.00958	0.01425	0.00724	0.00533	0.00536	0.00178	0.00711	0.00477	0.00240	0.00612
21	0.00654	0.00467	0.00623	0.00747	0.00779	0.00436	0.00498	0.00747	0.01028	0.01370	0.02959	0.80785	0.03550	0.01682	0.00685	0.00218	0.00311	0.01526	0.00498	0.00436
22	0.01148	0.01131	0.01574	0.01355	0.01355	0.01570	0.01118	0.01258	0.00819	0.01275	0.00770	0.01330	0.00787	0.06266	0.01826	0.00254	0.74864	0.00490	0.00241	0.00570
23	0.82814	0.01035	0.00801	0.00712	0.01047	0.01194	0.00587	0.01604	0.00929	0.04348	0.00783	0.00896	0.00600	0.00503	0.00338	0.00166	0.00416	0.00297	0.00341	0.00590
24	0.01914	0.02425	0.01456	0.01327	0.01597	0.73765	0.00995	0.02052	0.01501	0.01323	0.01136	0.01247	0.05797	0.00607	0.00494	0.00141	0.00922	0.00398	0.00291	0.00611
25	0.00727	0.00547	0.00672	0.00641	0.00782	0.00493	0.00481	0.00950	0.01442	0.01970	0.58759	0.04310	0.23923	0.01166	0.00633	0.00172	0.00258	0.01013	0.00567	0.00493
26	0.01053	0.07655	0.61087	0.01383	0.02045	0.01210	0.01706	0.01580	0.01106	0.01622	0.02365	0.01375	0.00882	0.00965	0.10099	0.00252	0.00843	0.01789	0.00246	0.00737
27	0.01894	0.01419	0.01522	0.01198	0.01596	0.01580	0.00978	0.61659	0.15299	0.03131	0.01435	0.01420	0.01039	0.00687	0.00574	0.02087	0.00559	0.00504	0.00532	0.00886
28	0.00821	0.00591	0.00810	0.00917	0.01032	0.00580	0.00774	0.01044	0.01228	0.01607	0.08040	0.15175	0.06761	0.01476	0.00722	0.00235	0.00445	0.56755	0.00502	0.00486
29	0.17895	0.00939	0.01147	0.00908	0.01296	0.00885	0.00746	0.02396	0.04662	0.58946	0.03498	0.01702	0.01282	0.00645	0.00503	0.00167	0.00443	0.00505	0.00595	0.00839
30	0.00727	0.00545	0.00673	0.00646	0.00783	0.00492	0.00483	0.00948	0.01435	0.01964	0.58270	0.06384	0.22324	0.01176	0.00635	0.00173	0.00259	0.01025	0.00566	0.00492
31	0.00653	0.00471	0.00619	0.00738	0.00776	0.00437	0.00494	0.00749	0.01037	0.01374	0.03076	0.77209	0.07051	0.01666	0.00683	0.00216	0.00310	0.01507	0.00498	0.00437
32	0.01674	0.01300	0.01439	0.01125	0.01512	0.01395	0.00917	0.45403	0.10071	0.02723	0.01321	0.03460	0.01023	0.00649	0.00594	0.00153	0.05809	0.00489	0.00471	0.18471
33	0.01248	0.09901	0.01272	0.06172	0.01351	0.02177	0.02379	0.08368	0.07268	0.11214	0.08845	0.10907	0.10216	0.01099	0.04222	0.00211	0.02071	0.08757	0.01681	0.00640
34	0.71495	0.01115	0.03689	0.07132	0.01326	0.01225	0.00724	0.04844	0.01005	0.02342	0.00796	0.00945	0.00610	0.00508	0.00364	0.00167	0.00461	0.00318	0.00330	0.00605

[dist]
# distance from previous block
# <min> <max>
2	7

[block]
# block no. 3 follows, 45 sequences, length 83
# corresponding to MSA columns:
# 162-244
name=unknown_D
#
# <colnr> <probs for GDERKNQSTAVLIFYWHMCP>
#	G	D	E	R	K	N	Q	S	T	A	V	L	I	F	Y	W	H	M	C	P
0	0.01233	0.01259	0.01746	0.49021	0.22781	0.11937	0.01469	0.01550	0.01174	0.01463	0.00951	0.01340	0.00747	0.00524	0.00528	0.00168	0.00730	0.00459	0.00251	0.00666
1	0.10810	0.01025	0.01565	0.52161	0.12219	0.01233	0.01352	0.02703	0.03008	0.01593	0.00988	0.01421	0.00779	0.00570	0.00587	0.00179	0.05314	0.01585	0.00269	0.00635
2	0.01014	0.00954	0.01610	0.79845	0.03697	0.01193	0.01491	0.01371	0.01073	0.01371	0.00954	0.01431	0.00716	0.00537	0.00537	0.00179	0.00716	0.00477	0.00239	0.00596
3	0.01461	0.79288	0.02771	0.00919	0.01378	0.02088	0.00915	0.01635	0.01103	0.03334	0.00783	0.00887	0.00706	0.00465	0.00350	0.00116	0.00571	0.00294	0.00241	0.00695
4	0.02080	0.01400	0.01542	0.01187	0.01611	0.01517	0.00979	0.62374	0.04368	0.15226	0.01445	0.01393	0.00998	0.00650	0.00538	0.00162	0.00565	0.00496	0.00557	0.00911
5	0.00641	0.00544	0.00553	0.00550	0.00729	0.00456	0.00413	0.00783	0.01239	0.01486	0.09106	0.05107	0.73878	0.01346	0.00634	0.00181	0.00271	0.01125	0.00503	0.00456
6	0.00845	0.00596	0.00662	0.00628	0.00824	0.00520	0.00481	0.01044	0.03221	0.08790	0.16764	0.04604	0.54920	0.01238	0.00626	0.00179	0.00295	0.02716	0.00530	0.00516
7	0.00659	0.00471	0.00627	0.00744	0.00780	0.00439	0.00499	0.00760	0.01051	0.01408	0.06562	0.77074	0.03624	0.01653	0.00683	0.00216	0.00309	0.01499	0.00503	0.00439
8	0.01853	0.01078	0.01261	0.01042	0.01403	0.01125	0.00836	0.10675	0.35532	0.34353	0.03542	0.01891	0.01497	0.00699	0.00544	0.00173	0.00453	0.00572	0.00596	0.00877
9	0.00781	0.00520	0.00585	0.00585	0.00585	0.00520	0.00325	0.00781	0.00781	0.01041	0.01691	0.03513	0.01952	0.81135	0.02732	0.00520	0.00520	0.00781	0.00325	0.00325
10	0.01214	0.03081	0.17368	0.21745	0.20434	0.01232	0.16367	0.01618	0.01178	0.04295	0.01032	0.01335	0.00785	0.00496	0.00538	0.00165	0.00720	0.00482	0.00268	0.05646
11	0.01473	0.72556	0.06736	0.00953	0.01428	0.01999	0.00967	0.01671	0.01119	0.05792	0.00838	0.00932	0.00726	0.00474	0.00365	0.00121	0.00579	0.00308	0.00255	0.00708
12	0.02393	0.00938	0.01261	0.00967	0.01383	0.00825	0.00799	0.05675	0.01578	0.75041	0.02083	0.01805	0.01311	0.00664	0.00540	0.00166	0.00462	0.00537	0.00659	0.00913
13	0.01329	0.01275	0.02179	0.03295	0.77787	0.01275	0.01647	0.01647	0.01222	0.01754	0.01010	0.01329	0.00850	0.00478	0.00531	0.00159	0.00638	0.00478	0.00266	0.00850
14	0.00669	0.00548	0.00584	0.00599	0.00759	0.00474	0.00453	0.00810	0.01200	0.01455	0.06457	0.07074	0.62174	0.06050	0.00769	0.00208	0.00309	0.08465	0.00490	0.00451
15	0.01971	0.01416	0.01532	0.01197	0.01608	0.01560	0.00981	0.61094	0.12426	0.08413	0.01466	0.01422	0.01039	0.00657	0.00538	0.00164	0.00559	0.00504	0.00547	0.00904
16	0.00776	0.00542	0.00674	0.00641	0.00773	0.00500	0.00481	0.01017	0.01443	0.02064	0.61192	0.03887	0.11945	0.01068	0.00602	0.00165	0.00255	0.00931	0.10544	0.00500
17	0.00660	0.00471	0.00629	0.00754	0.00788	0.00441	0.00508	0.00757	0.01033	0.01377	0.02955	0.78776	0.03538	0.01676	0.00687	0.00219	0.00316	0.03479	0.00498	0.00438
18	0.01059	0.02644	0.73796	0.01475	0.02221	0.01204	0.01886	0.01646	0.01113	0.01661	0.01006	0.01273	0.00755	0.05235	0.00640	0.00191	0.00777	0.00419	0.00232	0.00766
19	0.00778	0.00532	0.00646	0.00646	0.00667	0.00553	0.00401	0.00820	0.00799	0.01086	0.01636	0.03205	0.01818	0.64222	0.19462	0.00595	0.00722	0.00736	0.00317	0.00359
20	0.01427	0.79621	0.04576	0.00933	0.01400	0.02104	0.00943	0.01610	0.01092	0.01273	0.00751	0.00867	0.00689	0.00460	0.00348	0.00116	0.00579	0.00290	0.00230	0.00691
21	0.01435	0.81458	0.02813	0.00918	0.01378	0.02124	0.00918	0.01607	0.01091	0.01263	0.00746	0.00861	0.00689	0.00459	0.00344	0.00115	0.00574	0.00287	0.00230	0.00689
22	0.02105	0.01365	0.01521	0.01170	0.01594	0.01464	0.00965	0.58116	0.04072	0.19806	0.01492	0.01424	0.01022	0.00651	0.00538	0.00163	0.00557	0.00499	0.00565	0.00912
23	0.00924	0.00776	0.00823	0.00774	0.00991	0.00794	0.00590	0.03249	0.27794	0.01830	0.10303	0.07800	0.39045	0.01116	0.00604	0.00182	0.00333	0.00940	0.00524	0.00607
24	0.01206	0.01220	0.01660	0.01406	0.01460	0.05598	0.05497	0.01351	0.00898	0.01346	0.00795	0.01237	0.00754	0.00955	0.03503	0.00238	0.66069	0.00477	0.03737	0.00591
25	0.64784	0.01231	0.02838	0.00909	0.01272	0.05223	0.05095	0.09782	0.01147	0.02403	0.00836	0.00962	0.00639	0.00515	0.00384	0.00165	0.00500	0.00337	0.00346	0.00633
26	0.00654	0.00467	0.00623	0.00747	0.00779	0.00436	0.00498	0.00747	0.01028	0.01370	0.02959	0.80785	0.03550	0.01682	0.00685	0.00218	0.00311	0.01526	0.00498	0.00436
27	0.01028	0.00962	0.01627	0.70784	0.07901	0.01170	0.02724	0.01377	0.01085	0.01411	0.01021	0.03321	0.00804	0.00561	0.00539	0.00178	0.00697	0.00505	0.01699	0.00608
28	0.01294	0.01052	0.01135	0.01034	0.01317	0.01184	0.00810	0.02544	0.61685	0.05727	0.02464	0.04156	0.06997	0.00836	0.00567	0.00186	0.00418	0.05256	0.00544	0.00794
29	0.04621	0.01493	0.01543	0.01210	0.01618	0.04427	0.00990	0.63854	0.09627	0.03167	0.01342	0.01333	0.00964	0.00645	0.00529	0.00162	0.00583	0.00484	0.00522	0.00886
30	0.02041	0.01504	0.01611	0.01235	0.01665	0.01665	0.01020	0.75997	0.02524	0.03383	0.01289	0.01289	0.00913	0.00644	0.00537	0.00161	0.00591	0.00483	0.00537	0.00913
31	0.00831	0.00594	0.00826	0.00950	0.01059	0.00589	0.00806	0.01054	0.01202	0.01569	0.02861	0.18001	0.03163	0.01515	0.00732	0.00242	0.00465	0.62560	0.00495	0.00485
32	0.01174	0.01174	0.01644	0.01409	0.01409	0.01644	0.01174	0.01292	0.00822	0.01292	0.00705	0.01174	0.00705	0.00940	0.01762	0.00235	0.80153	0.00470	0.00235	0.00587
33	0.00959	0.00512	0.00555	0.00555	0.00671	0.00525	0.00415	0.01190	0.01075	0.01856	0.01704	0.02078	0.01394	0.04359	0.11595	0.00245	0.00429	0.00522	0.68871	0.00490
34	0.00781	0.00520	0.00585	0.00585	0.00585	0.00520	0.00325	0.00781	0.00781	0.01041	0.01691	0.03513	0.01952	0.81135	0.02732	0.00520	0.00520	0.00781	0.00325	0.00325
35	0.01077	0.02777	0.78354	0.01530	0.02323	0.01247	0.01983	0.01700	0.01133	0.01700	0.00963	0.01133	0.00680	0.00510	0.00510	0.00170	0.00793	0.00397	0.00227	0.00793
36	0.83290	0.01047	0.00805	0.00716	0.01050	0.01213	0.00590	0.03047	0.00945	0.02428	0.00758	0.00880	0.00588	0.00501	0.00336	0.00166	0.00419	0.00294	0.00336	0.00588
37	0.01113	0.00954	0.01113	0.00795	0.01272	0.00716	0.00636	0.01352	0.01113	0.01749	0.00954	0.01113	0.00795	0.00398	0.00398	0.00080	0.00398	0.00318	0.00318	0.84417
38	0.01213	0.30760	0.48069	0.01345	0.02008	0.01564	0.04906	0.01668	0.01124	0.01545	0.00891	0.01050	0.00689	0.00489	0.00457	0.00151	0.00720	0.00368	0.00230	0.00753
39	0.00932	0.00466	0.00699	0.00699	0.00699	0.00466	0.00466	0.00699	0.00699	0.00932	0.00932	0.01632	0.00932	0.01865	0.02098	0.84382	0.00466	0.00466	0.00233	0.00233
40	0.00897	0.04886	0.01216	0.01019	0.01164	0.04030	0.11933	0.01045	0.01063	0.01388	0.04156	0.38883	0.06834	0.12500	0.01007	0.00244	0.05770	0.01067	0.00402	0.00497
41	0.01123	0.01049	0.01452	0.01265	0.01307	0.01413	0.01039	0.05012	0.00916	0.01382	0.00913	0.01436	0.00881	0.03628	0.17881	0.00370	0.57596	0.00500	0.00264	0.00574
42	0.00654	0.00467	0.00623	0.00747	0.00779	0.00436	0.00498	0.00747	0.01028	0.01370	0.02959	0.80785	0.03550	0.01682	0.00685	0.00218	0.00311	0.01526	0.00498	0.00436
43	0.01311	0.01257	0.02147	0.07630	0.73591	0.01271	0.01639	0.01632	0.01214	0.01732	0.01007	0.01334	0.00843	0.00482	0.00532	0.00161	0.00642	0.00478	0.00264	0.00836
44	0.01027	0.00968	0.01634	0.76569	0.06867	0.01196	0.01497	0.01383	0.01080	0.01388	0.00956	0.01427	0.00721	0.00534	0.00536	0.00178	0.00712	0.00477	0.00240	0.00607
45	0.84927	0.01038	0.00789	0.00706	0.01038	0.01204	0.00581	0.01578	0.00914	0.02408	0.00747	0.00872	0.00581	0.00498	0.00332	0.00166	0.00415	0.00291	0.00332	0.00581
46	0.01023	0.00967	0.01612	0.75320	0.03565	0.01219	0.01473	0.01367	0.01059	0.01367	0.00940	0.01416	0.00715	0.00560	0.00607	0.00182	0.05299	0.00477	0.00238	0.00596
47	0.01077	0.02777	0.78354	0.01530	0.02323	0.01247	0.01983	0.01700	0.01133	0.01700	0.00963	0.01133	0.00680	0.00510	0.00510	0.00170	0.00793	0.00397	0.00227	0.00793
48	0.01825	0.01470	0.01718	0.07437	0.06328	0.05671	0.06083	0.53761	0.02132	0.02837	0.01208	0.01310	0.00882	0.00614	0.00561	0.00163	0.02261	0.00485	0.02411	0.00841
49	0.00781	0.00520	0.00585	0.00585	0.00585	0.00520	0.00325	0.00781	0.00781	0.01041	0.01691	0.03513	0.01952	0.81135	0.02732	0.00520	0.00520	0.00781	0.00325	0.00325
50	0.02054	0.10466	0.01427	0.00938	0.01369	0.00979	0.00790	0.06016	0.01462	0.52221	0.01715	0.01564	0.01141	0.00594	0.00492	0.00145	0.00467	0.00469	0.00547	0.15145
51	0.07470	0.00972	0.01495	0.47999	0.11683	0.01154	0.01275	0.03765	0.02577	0.01549	0.00988	0.01406	0.00782	0.00678	0.00714	0.08081	0.03950	0.00465	0.02394	0.00603
52	0.84927	0.01038	0.00789	0.00706	0.01038	0.01204	0.00581	0.01578	0.00914	0.02408	0.00747	0.00872	0.00581	0.00498	0.00332	0.00166	0.00415	0.00291	0.00332	0.00581
53	0.01113	0.00954	0.01113	0.00795	0.01272	0.00716	0.00636	0.01352	0.01113	0.01749	0.00954	0.01113	0.00795	0.00398	0.00398	0.00080	0.00398	0.00318	0.00318	0.84417
54	0.00804	0.00678	0.03946	0.00765	0.00905	0.00588	0.00583	0.06949	0.01276	0.01702	0.17347	0.40786	0.16856	0.03367	0.00698	0.00203	0.00341	0.01199	0.00503	0.00503
55	0.00758	0.00553	0.00681	0.00648	0.00793	0.00497	0.00486	0.00976	0.01431	0.03502	0.55335	0.06036	0.23981	0.01171	0.00633	0.00173	0.00264	0.01017	0.00566	0.00499
56	0.01265	0.01207	0.02054	0.14043	0.64735	0.01243	0.01593	0.01585	0.01189	0.01683	0.01016	0.01369	0.00848	0.00605	0.03157	0.00186	0.00675	0.00481	0.00263	0.00802
57	0.01338	0.00723	0.00935	0.00800	0.01035	0.00674	0.00628	0.04582	0.04704	0.25382	0.48323	0.03151	0.03616	0.00932	0.00597	0.00168	0.00336	0.00805	0.00609	0.00661
58	0.01417	0.77453	0.06658	0.00950	0.01426	0.02079	0.00973	0.01612	0.01093	0.01285	0.00757	0.00875	0.00688	0.00462	0.00353	0.00118	0.00585	0.00293	0.00229	0.00694
59	0.01206	0.01009	0.01163	0.00839	0.01311	0.00811	0.00675	0.08838	0.01255	0.01913	0.00988	0.01131	0.00807	0.00422	0.00412	0.00088	0.00417	0.00335	0.00340	0.76042
60	0.01132	0.01213	0.02509	0.01857	0.02282	0.01139	0.55845	0.02868	0.01257	0.01693	0.04061	0.14727	0.05308	0.00724	0.00640	0.00186	0.00749	0.00813	0.00335	0.00660
61	0.84927	0.01038	0.00789	0.00706	0.01038	0.01204	0.00581	0.01578	0.00914	0.02408	0.00747	0.00872	0.00581	0.00498	0.00332	0.00166	0.00415	0.00291	0.00332	0.00581
62	0.01020	0.00966	0.01647	0.78027	0.03676	0.01196	0.03233	0.01380	0.01078	0.01380	0.00957	0.01432	0.00718	0.00535	0.00539	0.00179	0.00720	0.00481	0.00239	0.00599
63	0.01001	0.00500	0.00500	0.00500	0.00625	0.00500	0.00375	0.01251	0.01126	0.02001	0.01751	0.02001	0.01376	0.00625	0.00375	0.00125	0.00250	0.00500	0.84115	0.00500
64	0.45673	0.00993	0.00995	0.00822	0.01180	0.01042	0.00676	0.06109	0.01253	0.30430	0.03108	0.01351	0.01001	0.00585	0.00429	0.00165	0.00432	0.00415	0.02623	0.00719
65	0.68097	0.01024	0.00889	0.00762	0.01112	0.01137	0.00628	0.03225	0.01060	0.16389	0.01011	0.01056	0.00726	0.00532	0.00374	0.00166	0.00426	0.00340	0.00397	0.00649
66	0.01060	0.00627	0.00820	0.00743	0.00925	0.00575	0.00577	0.01324	0.02898	0.15462	0.55975	0.03742	0.07331	0.01045	0.00621	0.00173	0.00305	0.04621	0.00594	0.00582
67	0.00669	0.00473	0.00618	0.00728	0.00756	0.00446	0.00478	0.00751	0.00999	0.01331	0.02809	0.71656	0.03361	0.11069	0.00927	0.00254	0.00336	0.01438	0.00478	0.00423
68	0.00970	0.00600	0.00750	0.00683	0.00861	0.00535	0.00520	0.01182	0.01433	0.12986	0.47646	0.03953	0.21542	0.03129	0.00673	0.00180	0.00294	0.00942	0.00573	0.00548
69	0.00776	0.00567	0.00823	0.00823	0.00910	0.00650	0.00626	0.00950	0.00863	0.01251	0.01474	0.02246	0.01404	0.11667	0.68706	0.00804	0.01306	0.00593	0.03095	0.00464
70	0.40232	0.23554	0.10653	0.01070	0.05833	0.07912	0.00940	0.01651	0.01057	0.01880	0.00795	0.00935	0.00648	0.00492	0.00381	0.00150	0.00563	0.00318	0.00283	0.00655
71	0.00860	0.00658	0.00980	0.00937	0.01067	0.00636	0.09428	0.05849	0.01169	0.01618	0.02493	0.55863	0.02806	0.01348	0.00637	0.00200	0.00397	0.02913	0.09630	0.00510
72	0.01267	0.01448	0.03167	0.02262	0.02805	0.01357	0.75837	0.01719	0.01267	0.01719	0.01086	0.01448	0.00814	0.00452	0.00633	0.00181	0.00905	0.00633	0.00271	0.00724
73	0.00838	0.00598	0.00834	0.00957	0.01069	0.00594	0.00818	0.01065	0.01209	0.01576	0.02857	0.15721	0.03149	0.01509	0.00734	0.00243	0.00471	0.64777	0.00495	0.00487
74	0.00693	0.00550	0.00589	0.00580	0.00753	0.00468	0.00435	0.00847	0.01271	0.03184	0.16761	0.07441	0.61932	0.01314	0.00634	0.00180	0.00274	0.01108	0.00517	0.00471
75	0.00670	0.00544	0.00597	0.00611	0.00769	0.00471	0.00463	0.00826	0.01247	0.01547	0.14399	0.11349	0.56409	0.01361	0.00647	0.00188	0.00289	0.06644	0.00510	0.00462
76	0.00677	0.00484	0.00649	0.00774	0.00815	0.00456	0.00538	0.00787	0.01050	0.01396	0.02946	0.72602	0.03500	0.01660	0.00691	0.00221	0.00331	0.09481	0.00498	0.00442
77	0.01345	0.01348	0.03467	0.04947	0.71591	0.04512	0.01624	0.01663	0.01230	0.01726	0.01000	0.01312	0.00838	0.00483	0.00529	0.00159	0.00656	0.00471	0.00265	0.00834
78	0.02317	0.00974	0.01273	0.00985	0.01395	0.00890	0.00811	0.08448	0.05954	0.67853	0.02056	0.01794	0.01314	0.00666	0.00540	0.00167	0.00466	0.00539	0.00647	0.00910
79	0.02209	0.01086	0.01336	0.01036	0.01443	0.01061	0.00852	0.23382	0.05978	0.51129	0.03522	0.01732	0.01309	0.00672	0.00541	0.00166	0.00489	0.00537	0.00620	0.00901
80	0.01232	0.01699	0.17674	0.02155	0.05220	0.01333	0.59073	0.01713	0.01240	0.01717	0.01060	0.01383	0.00790	0.00464	0.00606	0.00178	0.00874	0.00582	0.00263	0.00742
81	0.06196	0.02103	0.05518	0.00849	0.01149	0.00751	0.00723	0.03436	0.01441	0.30606	0.29908	0.02723	0.07195	0.00984	0.03834	0.00196	0.00434	0.00708	0.00558	0.00688
82	0.65261	0.01230	0.00947	0.00829	0.01165	0.10384	0.00671	0.05171	0.01105	0.07856	0.00882	0.00972	0.00664	0.00524	0.00375	0.00163	0.00492	0.00324	0.00359	0.00626

[dist]
# distance from previous block
# <min> <max>
0	1

[block]
# block no. 4 follows, 45 sequences, length 8
# corresponding to MSA columns:
# 246-253
name=unknown_E
#
# <colnr> <probs for GDERKNQSTAVLIFYWHMCP>
#	G	D	E	R	K	N	Q	S	T	A	V	L	I	F	Y	W	H	M	C	P
0	0.54776	0.01053	0.00929	0.00796	0.01115	0.01189	0.00649	0.16749	0.01307	0.02556	0.06880	0.01290	0.01059	0.00585	0.00401	0.00162	0.00426	0.00399	0.07043	0.00637
1	0.00679	0.00477	0.00616	0.00716	0.00741	0.00452	0.00465	0.00754	0.00980	0.01306	0.02713	0.65792	0.03240	0.17098	0.01082	0.00277	0.00352	0.01381	0.00465	0.00415
2	0.11759	0.00644	0.00774	0.00704	0.00883	0.00622	0.00541	0.01228	0.01443	0.08939	0.60908	0.03411	0.04155	0.00982	0.00586	0.00168	0.00292	0.00845	0.00564	0.00552
3	0.61690	0.11491	0.03978	0.00804	0.01170	0.01336	0.00708	0.07328	0.01090	0.02301	0.03491	0.01023	0.00782	0.00526	0.00367	0.00159	0.00458	0.00333	0.00340	0.00626
4	0.01264	0.43817	0.38952	0.01211	0.01830	0.01704	0.01428	0.01652	0.01111	0.01472	0.00850	0.00991	0.00685	0.00484	0.00424	0.00141	0.00679	0.00339	0.00228	0.00739
5	0.01385	0.70351	0.13477	0.01005	0.01511	0.02000	0.01069	0.01620	0.01097	0.01325	0.00777	0.00900	0.00688	0.00466	0.00368	0.00123	0.00605	0.00303	0.00229	0.00704
6	0.04771	0.35050	0.29257	0.01195	0.01754	0.05509	0.01303	0.12282	0.01324	0.01769	0.00905	0.01024	0.00714	0.00510	0.00437	0.00144	0.00667	0.00357	0.00279	0.00750
7	0.13107	0.01022	0.01170	0.00938	0.01321	0.01007	0.00759	0.08336	0.16555	0.31950	0.04054	0.01643	0.01287	0.00624	0.00493	0.00155	0.00440	0.00493	0.00528	0.14119

[dist]
# distance from previous block
# <min> <max>
4	7

[block]
# block no. 5 follows, 45 sequences, length 218
# corresponding to MSA columns:
# 261-478
name=unknown_F
#
# <colnr> <probs for GDERKNQSTAVLIFYWHMCP>
#	G	D	E	R	K	N	Q	S	T	A	V	L	I	F	Y	W	H	M	C	P
0	0.03253	0.00704	0.00847	0.00754	0.00960	0.00669	0.00575	0.05173	0.05344	0.16583	0.30972	0.07475	0.15873	0.07479	0.00770	0.00202	0.00350	0.00869	0.00551	0.00598
1	0.01978	0.01222	0.01371	0.01065	0.01453	0.01285	0.00874	0.47220	0.02078	0.21268	0.01542	0.01506	0.01070	0.00642	0.00514	0.00156	0.00511	0.00496	0.11227	0.02520
2	0.02001	0.00888	0.01155	0.00916	0.01270	0.00808	0.00745	0.08106	0.03202	0.54396	0.15276	0.02298	0.04933	0.00767	0.00560	0.00167	0.00424	0.00635	0.00632	0.00823
3	0.01029	0.00946	0.01540	0.66646	0.03262	0.01193	0.01385	0.01355	0.01051	0.01405	0.00981	0.01443	0.00758	0.00583	0.00650	0.00181	0.08746	0.00478	0.05777	0.00589
4	0.00682	0.00546	0.00609	0.00593	0.00754	0.00473	0.00445	0.00862	0.01335	0.01715	0.32644	0.04729	0.50197	0.01261	0.00634	0.00177	0.00265	0.01072	0.00533	0.00473
5	0.01240	0.04773	0.61846	0.01535	0.03604	0.01234	0.06821	0.01791	0.01184	0.09448	0.01083	0.01221	0.00758	0.00520	0.00517	0.00169	0.00757	0.00425	0.00275	0.00799
6	0.02003	0.01485	0.01590	0.01228	0.01650	0.01647	0.01011	0.72139	0.06442	0.03323	0.01336	0.01326	0.00951	0.00649	0.00537	0.00162	0.00582	0.00490	0.00537	0.00910
7	0.02024	0.01496	0.01602	0.01232	0.01659	0.01657	0.01016	0.74326	0.04221	0.03357	0.01309	0.01305	0.00929	0.00646	0.00537	0.00162	0.00587	0.00486	0.00537	0.00911
8	0.00776	0.00587	0.00875	0.00869	0.00961	0.00689	0.00676	0.00963	0.00860	0.01243	0.01427	0.02114	0.01339	0.05378	0.75922	0.00843	0.03134	0.00577	0.00287	0.00479
9	0.00697	0.00540	0.00638	0.00648	0.00785	0.00481	0.00485	0.00876	0.01303	0.01701	0.30698	0.15231	0.36577	0.01318	0.00648	0.00186	0.00285	0.05899	0.00531	0.00473
10	0.00658	0.00545	0.00576	0.00568	0.00739	0.00463	0.00426	0.00815	0.01278	0.01580	0.18771	0.04952	0.64155	0.01311	0.00634	0.00179	0.00268	0.01103	0.00516	0.00463
11	0.03949	0.12606	0.01667	0.01241	0.01583	0.40919	0.00988	0.19812	0.08863	0.01919	0.01056	0.01127	0.00832	0.00578	0.00480	0.00146	0.00760	0.00394	0.00360	0.00721
12	0.00654	0.00467	0.00623	0.00747	0.00779	0.00436	0.00498	0.00747	0.01028	0.01370	0.02959	0.80785	0.03550	0.01682	0.00685	0.00218	0.00311	0.01526	0.00498	0.00436
13	0.01034	0.00992	0.01717	0.73015	0.03591	0.01213	0.06536	0.01394	0.01082	0.01394	0.00958	0.01427	0.00722	0.00539	0.00568	0.00180	0.02307	0.00488	0.00241	0.00605
14	0.01397	0.52557	0.22026	0.01073	0.01602	0.01744	0.01169	0.01685	0.01135	0.07415	0.00974	0.03346	0.00821	0.00524	0.00412	0.00136	0.00613	0.00371	0.00271	0.00726
15	0.00666	0.00476	0.00637	0.00762	0.00798	0.00447	0.00520	0.00769	0.01040	0.01384	0.02952	0.76362	0.03523	0.01670	0.00688	0.00220	0.00322	0.05826	0.00498	0.00439
16	0.08375	0.57035	0.19599	0.01038	0.01561	0.01850	0.01129	0.01626	0.01085	0.01457	0.00795	0.00923	0.00678	0.00474	0.00381	0.00132	0.00610	0.00312	0.00238	0.00703
17	0.00868	0.00633	0.00854	0.00937	0.01072	0.00634	0.00801	0.01179	0.05161	0.01716	0.13898	0.05524	0.05008	0.01384	0.00713	0.00231	0.00450	0.57910	0.00511	0.00513
18	0.01356	0.01381	0.01910	0.13610	0.50588	0.13032	0.01479	0.01648	0.01248	0.01623	0.01099	0.01609	0.00959	0.00566	0.00539	0.00165	0.00689	0.05465	0.00279	0.00756
19	0.01174	0.01174	0.01644	0.01409	0.01409	0.01644	0.01174	0.01292	0.00822	0.01292	0.00705	0.01174	0.00705	0.00940	0.01762	0.00235	0.80153	0.00470	0.00235	0.00587
20	0.00738	0.00548	0.00687	0.00652	0.00788	0.00497	0.00489	0.00970	0.01467	0.02028	0.64727	0.04215	0.17919	0.01144	0.00633	0.00171	0.00257	0.01000	0.00575	0.00497
21	0.01329	0.01275	0.02179	0.03295	0.77787	0.01275	0.01647	0.01647	0.01222	0.01754	0.01010	0.01329	0.00850	0.00478	0.00531	0.00159	0.00638	0.00478	0.00266	0.00850
22	0.01435	0.81458	0.02813	0.00918	0.01378	0.02124	0.00918	0.01607	0.01091	0.01263	0.00746	0.00861	0.00689	0.00459	0.00344	0.00115	0.00574	0.00287	0.00230	0.00689
23	0.00777	0.00521	0.00584	0.00584	0.00589	0.00519	0.00327	0.00780	0.00792	0.01051	0.01785	0.03554	0.03844	0.79139	0.02680	0.00512	0.00514	0.00789	0.00330	0.00328
24	0.00963	0.00759	0.00851	0.00787	0.00995	0.00776	0.00602	0.01605	0.26519	0.04058	0.31257	0.03589	0.23056	0.01032	0.00602	0.00176	0.00321	0.00881	0.00553	0.00618
25	0.00781	0.00520	0.00585	0.00585	0.00585	0.00520	0.00325	0.00781	0.00781	0.01041	0.01691	0.03513	0.01952	0.81135	0.02732	0.00520	0.00520	0.00781	0.00325	0.00325
26	0.00709	0.00514	0.00669	0.00700	0.00788	0.00474	0.00498	0.00888	0.01296	0.01786	0.42377	0.36837	0.07743	0.01359	0.00655	0.00190	0.00279	0.01215	0.00547	0.00474
27	0.01168	0.01170	0.01588	0.01371	0.01385	0.03597	0.01137	0.01291	0.00843	0.01289	0.00758	0.01232	0.00748	0.01139	0.06976	0.00275	0.72737	0.00474	0.00240	0.00581
28	0.80939	0.03197	0.02493	0.00729	0.01074	0.01229	0.00620	0.01581	0.00923	0.02363	0.00752	0.00877	0.00586	0.00498	0.00336	0.00165	0.00427	0.00293	0.00327	0.00589
29	0.00767	0.00575	0.00863	0.00863	0.00959	0.00671	0.00671	0.00959	0.00863	0.01246	0.01438	0.02109	0.01342	0.04026	0.79008	0.00863	0.01438	0.00575	0.00288	0.00479
30	0.00701	0.00642	0.00591	0.00585	0.00771	0.04280	0.00439	0.00837	0.01238	0.01443	0.05213	0.04961	0.73822	0.01320	0.00627	0.00179	0.00306	0.01095	0.00488	0.00461
31	0.01077	0.02777	0.78354	0.01530	0.02323	0.01247	0.01983	0.01700	0.01133	0.01700	0.00963	0.01133	0.00680	0.00510	0.00510	0.00170	0.00793	0.00397	0.00227	0.00793
32	0.01113	0.00954	0.01113	0.00795	0.01272	0.00716	0.00636	0.01352	0.01113	0.01749	0.00954	0.01113	0.00795	0.00398	0.00398	0.00080	0.00398	0.00318	0.00318	0.84417
33	0.00760	0.00549	0.00718	0.00675	0.00802	0.00506	0.00506	0.01013	0.01519	0.02153	0.77503	0.04010	0.05065	0.01097	0.00633	0.00169	0.00253	0.00971	0.00591	0.00506
34	0.00763	0.00558	0.00737	0.00821	0.00928	0.00531	0.00656	0.00955	0.01218	0.01599	0.13710	0.25951	0.13143	0.01467	0.00697	0.00220	0.00382	0.34682	0.00510	0.00475
35	0.00867	0.00570	0.00749	0.00698	0.00839	0.00522	0.00525	0.01109	0.01497	0.07278	0.68748	0.07603	0.04737	0.01096	0.00629	0.00171	0.00270	0.00969	0.00591	0.00531
36	0.00712	0.00591	0.00608	0.00587	0.00776	0.00516	0.00445	0.04454	0.01308	0.01594	0.10347	0.04895	0.68690	0.01306	0.00630	0.00179	0.00286	0.01090	0.00507	0.00479
37	0.00654	0.00467	0.00623	0.00747	0.00779	0.00436	0.00498	0.00747	0.01028	0.01370	0.02959	0.80785	0.03550	0.01682	0.00685	0.00218	0.00311	0.01526	0.00498	0.00436
38	0.01172	0.01179	0.01740	0.01457	0.01501	0.01592	0.07188	0.01313	0.00857	0.01320	0.00761	0.01258	0.00746	0.02994	0.01696	0.00238	0.71667	0.00491	0.00240	0.00591
39	0.01077	0.02777	0.78354	0.01530	0.02323	0.01247	0.01983	0.01700	0.01133	0.01700	0.00963	0.01133	0.00680	0.00510	0.00510	0.00170	0.00793	0.00397	0.00227	0.00793
40	0.01086	0.01191	0.08026	0.48001	0.15588	0.01209	0.08904	0.01452	0.01114	0.01494	0.01049	0.04473	0.00855	0.00572	0.00581	0.00178	0.02786	0.00527	0.00255	0.00660
41	0.01096	0.06926	0.74370	0.01498	0.02273	0.01293	0.01927	0.01695	0.01131	0.01677	0.00952	0.01119	0.00680	0.00507	0.00501	0.00167	0.00782	0.00391	0.00227	0.00788
42	0.00840	0.00677	0.00859	0.00816	0.00984	0.00621	0.00596	0.00981	0.01038	0.01483	0.02148	0.49378	0.02457	0.01219	0.00682	0.00176	0.06793	0.01062	0.00420	0.26770
43	0.01335	0.01153	0.01214	0.01092	0.01396	0.01335	0.00850	0.02852	0.76817	0.02245	0.02185	0.02003	0.01639	0.00728	0.00546	0.00182	0.00425	0.00607	0.00546	0.00850
44	0.00932	0.00466	0.00699	0.00699	0.00699	0.00466	0.00466	0.00699	0.00699	0.00932	0.00932	0.01632	0.00932	0.01865	0.02098	0.84382	0.00466	0.00466	0.00233	0.00233
45	0.02370	0.00938	0.01256	0.00967	0.01380	0.00830	0.00798	0.04927	0.03433	0.73928	0.02093	0.01814	0.01323	0.00665	0.00540	0.00166	0.00460	0.00540	0.00657	0.00912
46	0.84927	0.01038	0.00789	0.00706	0.01038	0.01204	0.00581	0.01578	0.00914	0.02408	0.00747	0.00872	0.00581	0.00498	0.00332	0.00166	0.00415	0.00291	0.00332	0.00581
47	0.01014	0.00954	0.01610	0.79845	0.03697	0.01193	0.01491	0.01371	0.01073	0.01371	0.00954	0.01431	0.00716	0.00537	0.00537	0.00179	0.00716	0.00477	0.00239	0.00596
48	0.00744	0.00566	0.00687	0.00663	0.00804	0.00521	0.00495	0.01008	0.04345	0.01932	0.51962	0.08874	0.23045	0.01184	0.00633	0.00175	0.00268	0.01031	0.00560	0.00502
49	0.01953	0.01368	0.01499	0.01165	0.01576	0.01479	0.00955	0.58343	0.07370	0.10769	0.01465	0.03540	0.01071	0.00670	0.00536	0.00161	0.00550	0.00519	0.00540	0.04472
50	0.01051	0.00626	0.00829	0.00778	0.00843	0.00653	0.00548	0.10730	0.01009	0.01358	0.05164	0.05688	0.01340	0.07021	0.01781	0.57281	0.02060	0.00568	0.00312	0.00361
51	0.01291	0.01237	0.02110	0.12533	0.68845	0.01265	0.01628	0.01614	0.01204	0.01708	0.01003	0.01341	0.00834	0.00485	0.00532	0.00162	0.00647	0.00478	0.00262	0.00820
52	0.01229	0.01213	0.01631	0.14687	0.01821	0.04796	0.01214	0.05392	0.00986	0.01420	0.00784	0.01215	0.00717	0.00839	0.01434	0.00217	0.59076	0.00467	0.00254	0.00608
53	0.01218	0.06678	0.01803	0.01422	0.01489	0.03596	0.05202	0.01358	0.00882	0.01314	0.00731	0.01163	0.00709	0.00871	0.01572	0.00221	0.68467	0.00463	0.00238	0.00602
54	0.01335	0.01153	0.01214	0.01092	0.01396	0.01335	0.00850	0.02852	0.76817	0.02245	0.02185	0.02003	0.01639	0.00728	0.00546	0.00182	0.00425	0.00607	0.00546	0.00850
55	0.01001	0.00500	0.00500	0.00500	0.00625	0.00500	0.00375	0.01251	0.01126	0.02001	0.01751	0.02001	0.01376	0.00625	0.00375	0.00125	0.00250	0.00500	0.84115	0.00500
56	0.03232	0.00659	0.00879	0.00936	0.01099	0.00653	0.00804	0.01318	0.02762	0.09453	0.05107	0.05067	0.02766	0.01288	0.00678	0.00225	0.00462	0.55874	0.06193	0.00547
57	0.00685	0.00541	0.00593	0.00598	0.00755	0.00465	0.00442	0.00836	0.01252	0.02752	0.16913	0.14652	0.54940	0.01347	0.00639	0.00184	0.00277	0.01148	0.00516	0.00467
58	0.01921	0.01444	0.01544	0.01211	0.01619	0.01609	0.00991	0.63605	0.15110	0.03190	0.01441	0.01410	0.01036	0.00659	0.00539	0.00165	0.00563	0.00504	0.00539	0.00902
59	0.02408	0.00914	0.01246	0.00955	0.01370	0.00789	0.00789	0.02616	0.01536	0.78158	0.02118	0.01827	0.01329	0.00664	0.00540	0.00166	0.00457	0.00540	0.00664	0.00914
60	0.00706	0.00508	0.00653	0.00733	0.00755	0.00504	0.00481	0.00777	0.00958	0.01285	0.02554	0.58337	0.03039	0.21550	0.01240	0.00294	0.03470	0.01298	0.00445	0.00414
