[name]
unknown

[dist]
# distance from previous block
# <min> <max>
0	67

[block]
# block no. 0 follows, 44 sequences, length 11
# corresponding to MSA columns:
# 75-85
name=unknown_A
#
# <colnr> <probs for GDERKNQSTAVLIFYWHMCP>
#	G	D	E	R	K	N	Q	S	T	A	V	L	I	F	Y	W	H	M	C	P
0	0.23979	0.01085	0.04246	0.00936	0.01285	0.01057	0.00791	0.15078	0.03900	0.18035	0.04725	0.01919	0.01330	0.03799	0.00651	0.03646	0.00483	0.06301	0.00467	0.06288
1	0.01497	0.12021	0.07465	0.08945	0.28412	0.03370	0.06207	0.11282	0.01396	0.07980	0.01137	0.01410	0.00900	0.00566	0.00571	0.00165	0.03559	0.01989	0.00332	0.00797
2	0.00875	0.00645	0.00725	0.00686	0.00873	0.00593	0.00518	0.05982	0.03441	0.05422	0.20630	0.12317	0.42765	0.01256	0.00636	0.00183	0.00311	0.01068	0.00539	0.00535
3	0.00794	0.00492	0.00670	0.00721	0.00760	0.00470	0.00493	0.00770	0.00952	0.01260	0.06458	0.33226	0.08472	0.04614	0.01342	0.33839	0.00387	0.03520	0.00397	0.00364
4	0.01741	0.10376	0.01494	0.04827	0.03111	0.01154	0.00868	0.17704	0.03605	0.25091	0.05017	0.04357	0.01306	0.00644	0.00507	0.00148	0.00496	0.00517	0.00487	0.16550
5	0.01184	0.01021	0.05009	0.06093	0.08594	0.04643	0.00870	0.06927	0.09335	0.08090	0.16776	0.13143	0.12142	0.02913	0.00648	0.00187	0.00465	0.00827	0.00478	0.00654
6	0.00812	0.00633	0.00940	0.00921	0.01010	0.00761	0.00723	0.01001	0.00873	0.01269	0.01400	0.02065	0.01311	0.03837	0.72495	0.00825	0.07765	0.00576	0.00288	0.00496
7	0.00768	0.00526	0.00594	0.00604	0.00625	0.00515	0.00353	0.00789	0.00857	0.01125	0.02194	0.10235	0.09375	0.66485	0.02394	0.00469	0.00486	0.00891	0.00362	0.00352
8	0.01331	0.00997	0.01267	0.08171	0.04531	0.00880	0.00823	0.01650	0.05371	0.12480	0.01197	0.01324	0.00923	0.00501	0.00511	0.00118	0.03877	0.00399	0.00372	0.53280
9	0.11723	0.15386	0.23435	0.03403	0.08134	0.04259	0.17629	0.04303	0.01206	0.01775	0.00943	0.01165	0.00734	0.00513	0.00537	0.00165	0.03249	0.00435	0.00271	0.00737
10	0.01268	0.01554	0.11340	0.01178	0.01507	0.21210	0.08350	0.01603	0.06025	0.04038	0.09133	0.02633	0.22747	0.00857	0.00628	0.00172	0.04038	0.00697	0.00394	0.00628

[dist]
# distance from previous block
# <min> <max>
7	12

[block]
# block no. 1 follows, 44 sequences, length 11
# corresponding to MSA columns:
# 98-108
name=unknown_B
#
# <colnr> <probs for GDERKNQSTAVLIFYWHMCP>
#	G	D	E	R	K	N	Q	S	T	A	V	L	I	F	Y	W	H	M	C	P
0	0.01220	0.01195	0.01658	0.21620	0.18978	0.09250	0.06770	0.02983	0.03917	0.01610	0.01486	0.07025	0.03965	0.00751	0.00662	0.00183	0.06504	0.06320	0.03240	0.00663
1	0.00667	0.00487	0.00628	0.00733	0.00786	0.00448	0.00496	0.00774	0.01088	0.01436	0.06558	0.68701	0.11904	0.01645	0.00688	0.00215	0.00309	0.01480	0.00510	0.00448
2	0.01325	0.00889	0.01011	0.00887	0.01154	0.00913	0.00690	0.05595	0.28116	0.15904	0.16512	0.03018	0.16890	0.03793	0.00666	0.00191	0.00387	0.00776	0.00567	0.00717
3	0.07358	0.02722	0.01456	0.07508	0.10314	0.01200	0.00988	0.22907	0.03262	0.24303	0.04032	0.03201	0.02996	0.02697	0.00622	0.00179	0.02402	0.00551	0.00495	0.00810
4	0.04184	0.21030	0.17092	0.01486	0.08292	0.01476	0.11421	0.10388	0.04897	0.10370	0.01227	0.03669	0.00958	0.00574	0.00504	0.00160	0.00647	0.00483	0.00354	0.00788
5	0.00664	0.00474	0.00633	0.00759	0.00791	0.00443	0.00506	0.00759	0.01044	0.01392	0.03005	0.80485	0.03606	0.01708	0.00696	0.00221	0.00316	0.01550	0.00506	0.00443
6	0.02892	0.00703	0.00852	0.03088	0.01011	0.00690	0.00592	0.04801	0.01326	0.13493	0.20222	0.06596	0.21914	0.11030	0.00926	0.00222	0.04096	0.00862	0.04120	0.00566
7	0.03306	0.07481	0.13715	0.19739	0.08819	0.03646	0.03665	0.10250	0.01313	0.06214	0.01289	0.01544	0.04155	0.02303	0.00664	0.00179	0.06834	0.00494	0.03678	0.00711
8	0.00937	0.00686	0.00839	0.00756	0.00859	0.00687	0.03959	0.09216	0.01118	0.01482	0.06674	0.06574	0.10162	0.51493	0.01982	0.00400	0.00503	0.00833	0.00394	0.00446
9	0.00919	0.00633	0.00716	0.00690	0.00743	0.00647	0.00433	0.09155	0.01024	0.01368	0.01844	0.13574	0.02081	0.61320	0.02248	0.00447	0.00508	0.00860	0.00378	0.00412
10	0.01531	0.01247	0.06456	0.03946	0.03019	0.01227	0.02884	0.38436	0.01802	0.04491	0.03715	0.05325	0.01387	0.16810	0.02564	0.00254	0.00594	0.00614	0.02971	0.00727

[dist]
# distance from previous block
# <min> <max>
0	2

[block]
# block no. 2 follows, 44 sequences, length 8
# corresponding to MSA columns:
# 111-118
name=unknown_C
#
# <colnr> <probs for GDERKNQSTAVLIFYWHMCP>
#	G	D	E	R	K	N	Q	S	T	A	V	L	I	F	Y	W	H	M	C	P
0	0.01443	0.01260	0.06884	0.01134	0.04181	0.01089	0.02501	0.20177	0.03598	0.06448	0.01217	0.03817	0.00973	0.00566	0.00531	0.00131	0.03465	0.00450	0.00398	0.39737
1	0.01296	0.05826	0.13965	0.07286	0.01844	0.01141	0.09998	0.09045	0.08943	0.06575	0.03929	0.06437	0.03598	0.00652	0.00530	0.00157	0.00578	0.00568	0.00384	0.17249
2	0.44854	0.01036	0.03936	0.06478	0.01345	0.01060	0.00754	0.04697	0.01219	0.15326	0.12944	0.01617	0.01458	0.00639	0.00452	0.00170	0.00447	0.00472	0.00434	0.00660
3	0.02692	0.08095	0.12660	0.12426	0.08361	0.01223	0.17850	0.03360	0.01266	0.08891	0.08903	0.05866	0.01414	0.00661	0.00612	0.00175	0.03880	0.00603	0.00349	0.00711
4	0.01350	0.22455	0.10058	0.03480	0.12348	0.09214	0.06820	0.01617	0.01176	0.03341	0.05408	0.01350	0.01038	0.00727	0.03431	0.00186	0.12508	0.00454	0.00283	0.02756
5	0.04982	0.00575	0.00720	0.00840	0.04651	0.00554	0.00542	0.00886	0.01060	0.01465	0.06888	0.42667	0.11384	0.16077	0.01046	0.00267	0.00377	0.04102	0.00458	0.00459
6	0.00982	0.03308	0.00836	0.00775	0.00916	0.00602	0.00570	0.03368	0.01295	0.11196	0.21610	0.41563	0.08198	0.01335	0.00645	0.00195	0.00335	0.01183	0.00543	0.00546
7	0.01757	0.07410	0.01796	0.05556	0.01814	0.01510	0.08522	0.45334	0.01996	0.05705	0.01294	0.04639	0.01005	0.00649	0.00566	0.00162	0.02472	0.00525	0.00458	0.06831

[dist]
# distance from previous block
# <min> <max>
3	6

[block]
# block no. 3 follows, 44 sequences, length 19
# corresponding to MSA columns:
# 125-143
name=unknown_D
#
# <colnr> <probs for GDERKNQSTAVLIFYWHMCP>
#	G	D	E	R	K	N	Q	S	T	A	V	L	I	F	Y	W	H	M	C	P
0	0.16344	0.37896	0.16098	0.01024	0.01482	0.08037	0.01041	0.01631	0.01162	0.01666	0.08198	0.01246	0.01109	0.00554	0.00419	0.00144	0.00597	0.00385	0.00291	0.00676
1	0.14277	0.35148	0.01862	0.04125	0.01413	0.09648	0.00865	0.07955	0.04796	0.01750	0.01014	0.01179	0.00848	0.00813	0.06610	0.00198	0.00648	0.00376	0.05805	0.00670
2	0.53117	0.19961	0.01350	0.00815	0.01163	0.01427	0.00709	0.03069	0.01038	0.04337	0.02565	0.01112	0.02658	0.00561	0.00434	0.00160	0.04213	0.00350	0.00332	0.00628
3	0.01178	0.00974	0.00974	0.00890	0.01124	0.07028	0.00682	0.07637	0.21665	0.05781	0.12849	0.09394	0.22914	0.02440	0.00638	0.00187	0.00419	0.02056	0.00522	0.00648
4	0.00912	0.00698	0.00745	0.00729	0.00794	0.04918	0.00479	0.05109	0.01051	0.01382	0.09400	0.14170	0.02356	0.47161	0.07418	0.00432	0.00567	0.00863	0.00389	0.00426
5	0.01131	0.00821	0.00909	0.00809	0.00998	0.00856	0.00604	0.18982	0.07103	0.02054	0.12776	0.07447	0.13033	0.18405	0.03709	0.00273	0.00458	0.00796	0.08252	0.00586
6	0.00670	0.00477	0.00631	0.00752	0.00782	0.00447	0.00498	0.00761	0.01033	0.01377	0.02949	0.77155	0.03535	0.05134	0.00786	0.00235	0.00325	0.01517	0.00498	0.00438
7	0.01426	0.01107	0.01312	0.00970	0.01423	0.00988	0.02961	0.20516	0.01506	0.05409	0.01110	0.01237	0.00867	0.00538	0.00519	0.03322	0.00475	0.00391	0.00390	0.53532
8	0.00677	0.00513	0.00627	0.00698	0.00790	0.00463	0.00494	0.00807	0.01162	0.01502	0.10724	0.46552	0.26868	0.01541	0.00677	0.00206	0.00306	0.04422	0.00515	0.00457
9	0.01483	0.77776	0.02800	0.00953	0.01412	0.05459	0.00938	0.01656	0.01127	0.01285	0.00762	0.00879	0.00700	0.00471	0.00356	0.00118	0.00600	0.00294	0.00235	0.00697
10	0.03250	0.00542	0.00624	0.00641	0.00662	0.00547	0.00389	0.00829	0.00844	0.01164	0.01874	0.13021	0.02153	0.63564	0.05154	0.00484	0.00532	0.03006	0.00356	0.00363
11	0.01230	0.01455	0.07273	0.02146	0.05962	0.01306	0.59337	0.01659	0.01262	0.01736	0.04250	0.04653	0.01102	0.00557	0.00672	0.00185	0.03535	0.00666	0.00294	0.00720
12	0.01288	0.01391	0.05884	0.04973	0.11480	0.01328	0.45201	0.01675	0.01237	0.04802	0.04676	0.01547	0.01034	0.00568	0.00756	0.00186	0.10345	0.00601	0.00299	0.00730
13	0.00748	0.00510	0.00608	0.00652	0.00663	0.00499	0.00392	0.00781	0.00881	0.01174	0.02168	0.30479	0.02550	0.53154	0.02047	0.00421	0.00454	0.01058	0.00392	0.00370
14	0.01215	0.01205	0.02227	0.33460	0.16234	0.01289	0.25914	0.04474	0.01236	0.01676	0.01055	0.01447	0.00812	0.00522	0.00599	0.00178	0.02470	0.00538	0.02746	0.00704
15	0.01392	0.01517	0.09517	0.10475	0.49093	0.07820	0.05689	0.01737	0.01259	0.04792	0.01050	0.01337	0.00837	0.00508	0.00540	0.00165	0.00707	0.00477	0.00281	0.00808
16	0.00904	0.00727	0.03707	0.00789	0.00965	0.00645	0.00621	0.06731	0.04558	0.03978	0.09781	0.30434	0.23068	0.01307	0.00637	0.00195	0.00358	0.05593	0.04456	0.00544
17	0.01103	0.00629	0.00665	0.00626	0.00779	0.00656	0.00476	0.07924	0.04198	0.02073	0.01717	0.02011	0.01372	0.03231	0.04847	0.01985	0.00372	0.00523	0.64267	0.00547
18	0.15320	0.25336	0.15300	0.01113	0.01534	0.04074	0.04993	0.01605	0.01119	0.05259	0.04709	0.01359	0.01011	0.00646	0.00617	0.03462	0.06879	0.02232	0.00303	0.03129

[dist]
# distance from previous block
# <min> <max>
0	3

[block]
# block no. 4 follows, 44 sequences, length 7
# corresponding to MSA columns:
# 147-153
name=unknown_E
#
# <colnr> <probs for GDERKNQSTAVLIFYWHMCP>
#	G	D	E	R	K	N	Q	S	T	A	V	L	I	F	Y	W	H	M	C	P
0	0.00738	0.00524	0.00592	0.00614	0.00660	0.00499	0.00380	0.00785	0.00935	0.01207	0.02775	0.17504	0.18682	0.49545	0.01943	0.00399	0.00436	0.01004	0.00400	0.00379
1	0.00910	0.03949	0.01029	0.01091	0.09851	0.00780	0.00720	0.01145	0.04186	0.01426	0.01640	0.10343	0.01614	0.13550	0.36867	0.00545	0.00922	0.00685	0.08217	0.00531
2	0.01620	0.13018	0.13268	0.01118	0.04474	0.01118	0.01002	0.06250	0.05462	0.28069	0.06724	0.04533	0.06180	0.00860	0.03713	0.00194	0.00558	0.00586	0.00475	0.00779
3	0.01616	0.01210	0.06746	0.01412	0.14306	0.07121	0.01018	0.06210	0.04673	0.25895	0.03788	0.04226	0.11055	0.00822	0.00576	0.00177	0.00539	0.07356	0.00488	0.00764
4	0.00682	0.00487	0.00652	0.00779	0.00818	0.00458	0.00536	0.00789	0.01061	0.01411	0.02995	0.74483	0.03568	0.01692	0.00700	0.00224	0.00331	0.07381	0.00506	0.00448
5	0.01203	0.07702	0.55101	0.05089	0.02292	0.04873	0.07883	0.01727	0.01184	0.03998	0.01064	0.03561	0.00812	0.00553	0.00523	0.00170	0.00780	0.00456	0.00259	0.00769
6	0.01382	0.18621	0.37651	0.03322	0.04517	0.01405	0.01462	0.07537	0.03740	0.09335	0.02903	0.01437	0.00990	0.00584	0.00501	0.00162	0.00668	0.02666	0.00328	0.00788

[dist]
# distance from previous block
# <min> <max>
0	2

[block]
# block no. 5 follows, 44 sequences, length 13
# corresponding to MSA columns:
# 156-168
name=unknown_F
#
# <colnr> <probs for GDERKNQSTAVLIFYWHMCP>
#	G	D	E	R	K	N	Q	S	T	A	V	L	I	F	Y	W	H	M	C	P
0	0.01603	0.01431	0.01724	0.03513	0.35253	0.15735	0.01247	0.07091	0.06488	0.11007	0.06321	0.01589	0.01246	0.00687	0.02530	0.00180	0.00667	0.00513	0.00381	0.00795
1	0.01196	0.01008	0.01166	0.00839	0.01320	0.00794	0.00673	0.06574	0.01231	0.01893	0.00993	0.01143	0.00816	0.00421	0.00414	0.00087	0.00417	0.00335	0.00339	0.78341
2	0.01367	0.01282	0.02111	0.09139	0.64029	0.01328	0.01602	0.06578	0.01304	0.01845	0.01030	0.01350	0.00852	0.00517	0.00582	0.00166	0.03309	0.00486	0.00285	0.00839
3	0.09055	0.15190	0.35875	0.01146	0.01666	0.01251	0.01293	0.01545	0.03869	0.01728	0.07003	0.01983	0.10793	0.00707	0.00537	0.00169	0.02536	0.02640	0.00322	0.00691
4	0.07469	0.00878	0.01113	0.00904	0.01245	0.00818	0.00730	0.02251	0.08541	0.49079	0.18543	0.02295	0.02162	0.00766	0.00556	0.00171	0.00413	0.00634	0.00625	0.00808
5	0.00668	0.00489	0.00619	0.00720	0.00772	0.00450	0.00483	0.00764	0.01059	0.01385	0.03304	0.65283	0.14314	0.05946	0.00801	0.00233	0.00322	0.01450	0.00497	0.00439
6	0.01023	0.00769	0.00940	0.00948	0.03201	0.00762	0.00674	0.15422	0.03096	0.01863	0.02404	0.51457	0.02684	0.01317	0.00633	0.00195	0.00397	0.03177	0.00491	0.08547
7	0.01075	0.00565	0.00571	0.00550	0.00694	0.00574	0.00418	0.05425	0.01223	0.02111	0.01752	0.01992	0.01371	0.00636	0.00390	0.00129	0.00273	0.00507	0.79211	0.00532
8	0.00828	0.00594	0.00818	0.00940	0.01049	0.00585	0.00788	0.01044	0.01212	0.01578	0.02999	0.20987	0.05716	0.01542	0.00738	0.00243	0.00457	0.56890	0.00503	0.00489
9	0.34863	0.03116	0.01300	0.03855	0.01489	0.10564	0.00863	0.29308	0.01654	0.06703	0.01057	0.01128	0.00778	0.00578	0.00452	0.00163	0.00571	0.00395	0.00421	0.00742
10	0.02099	0.00867	0.01160	0.00919	0.01282	0.00763	0.00747	0.04149	0.01558	0.60991	0.12496	0.04632	0.04231	0.00787	0.00569	0.00171	0.00429	0.00655	0.00651	0.00842
11	0.02420	0.00970	0.01291	0.00990	0.01413	0.00864	0.00818	0.07769	0.01631	0.72606	0.02092	0.01817	0.01320	0.00673	0.00548	0.00168	0.00473	0.00544	0.00666	0.00928
12	0.01042	0.00610	0.00795	0.00737	0.00907	0.00550	0.00556	0.01256	0.01444	0.15437	0.46408	0.15708	0.10108	0.01151	0.00635	0.00180	0.00305	0.01010	0.00591	0.00572

[dist]
# distance from previous block
# <min> <max>
6	15

[block]
# block no. 6 follows, 44 sequences, length 16
# corresponding to MSA columns:
# 185-200
name=unknown_G
#
# <colnr> <probs for GDERKNQSTAVLIFYWHMCP>
#	G	D	E	R	K	N	Q	S	T	A	V	L	I	F	Y	W	H	M	C	P
0	0.08678	0.18502	0.39481	0.01245	0.01832	0.03419	0.01418	0.06733	0.01268	0.04591	0.05138	0.01391	0.01028	0.00580	0.00482	0.00161	0.00666	0.02330	0.00306	0.00749
1	0.01494	0.36003	0.06542	0.01325	0.10166	0.15161	0.01052	0.05417	0.01291	0.04299	0.02930	0.07211	0.01103	0.00731	0.02955	0.00167	0.00670	0.00472	0.00309	0.00702
2	0.21204	0.08501	0.04850	0.03567	0.01194	0.01032	0.00718	0.04112	0.04642	0.04803	0.09345	0.02316	0.13513	0.07214	0.00706	0.00193	0.02911	0.00598	0.03740	0.04841
3	0.07392	0.05118	0.09598	0.02933	0.02513	0.11352	0.00924	0.01625	0.03145	0.11687	0.14923	0.02744	0.03284	0.03891	0.00645	0.00188	0.00550	0.13070	0.00435	0.03983
4	0.01362	0.01291	0.02171	0.06177	0.71977	0.01306	0.01645	0.04254	0.01282	0.01824	0.01033	0.01352	0.00861	0.00494	0.00540	0.00163	0.00649	0.00486	0.00278	0.00856
5	0.00698	0.00554	0.00627	0.00609	0.00770	0.00483	0.00457	0.00887	0.01370	0.01776	0.35989	0.04747	0.46562	0.01267	0.00644	0.00179	0.00268	0.01081	0.00546	0.00483
6	0.01828	0.08296	0.01634	0.01445	0.06564	0.58194	0.01051	0.03618	0.01464	0.01412	0.01085	0.03396	0.03578	0.00628	0.00544	0.00148	0.03748	0.00426	0.00295	0.00646
7	0.00665	0.00553	0.00581	0.00574	0.00749	0.00469	0.00430	0.00822	0.01291	0.01589	0.17144	0.05056	0.65525	0.01338	0.00644	0.00182	0.00273	0.01124	0.00521	0.00469
8	0.01040	0.00984	0.01637	0.74407	0.03602	0.01241	0.01493	0.01388	0.01073	0.01388	0.00952	0.01436	0.00726	0.00572	0.00627	0.00185	0.05917	0.00484	0.00242	0.00605
9	0.00691	0.00503	0.00661	0.00762	0.00820	0.00459	0.00514	0.00794	0.01049	0.01414	0.02888	0.75919	0.03445	0.01633	0.00679	0.00213	0.00321	0.01479	0.00496	0.05261
10	0.01061	0.00999	0.01417	0.01255	0.01286	0.01356	0.01030	0.01204	0.00848	0.01297	0.00952	0.01495	0.00922	0.01951	0.26243	0.00441	0.54914	0.00511	0.00256	0.00562
11	0.02038	0.02546	0.01549	0.01397	0.01686	0.74875	0.01053	0.05781	0.01595	0.01437	0.00866	0.00999	0.00713	0.00566	0.00494	0.00142	0.00964	0.00358	0.00294	0.00647
12	0.00988	0.00835	0.01149	0.01062	0.01145	0.01059	0.00856	0.01267	0.06736	0.01432	0.01340	0.01948	0.01232	0.02391	0.37288	0.00523	0.28234	0.03283	0.06676	0.00556
13	0.10790	0.01047	0.01212	0.00907	0.01360	0.00916	0.03672	0.05567	0.07721	0.01986	0.01077	0.01204	0.00864	0.00460	0.00426	0.00108	0.00439	0.00367	0.00355	0.59519
14	0.01368	0.09803	0.45299	0.01699	0.12632	0.04401	0.04494	0.01838	0.01229	0.10630	0.01101	0.01241	0.00799	0.00527	0.00512	0.00164	0.00734	0.00428	0.00292	0.00808
15	0.01836	0.01356	0.01458	0.01163	0.01553	0.01494	0.00946	0.51075	0.18966	0.06477	0.01828	0.01755	0.06116	0.00722	0.00554	0.00170	0.00535	0.00565	0.00551	0.00882

[dist]
# distance from previous block
# <min> <max>
0	1

[block]
# block no. 7 follows, 44 sequences, length 61
# corresponding to MSA columns:
# 202-217,256-270,272-284,288-304
name=unknown_H
#
# <colnr> <probs for GDERKNQSTAVLIFYWHMCP>
#	G	D	E	R	K	N	Q	S	T	A	V	L	I	F	Y	W	H	M	C	P
0	0.00667	0.00559	0.00582	0.00595	0.00762	0.00483	0.00439	0.00838	0.03295	0.01484	0.05099	0.15080	0.65422	0.01406	0.00649	0.00189	0.00286	0.01188	0.00508	0.00469
1	0.03635	0.00992	0.01272	0.00992	0.01394	0.00924	0.00814	0.10768	0.05583	0.60680	0.05583	0.01892	0.01485	0.00694	0.00549	0.00169	0.00467	0.00562	0.00645	0.00899
2	0.00664	0.00474	0.00633	0.00759	0.00791	0.00443	0.00506	0.00759	0.01044	0.01392	0.03005	0.80485	0.03606	0.01708	0.00696	0.00221	0.00316	0.01550	0.00506	0.00443
3	0.01337	0.01283	0.02192	0.06162	0.74716	0.01292	0.01667	0.01663	0.01236	0.01767	0.01023	0.01353	0.00859	0.00488	0.00540	0.00163	0.00651	0.00486	0.00269	0.00854
4	0.01872	0.02327	0.01523	0.01470	0.05886	0.66090	0.01055	0.02019	0.01468	0.01363	0.00999	0.06558	0.00914	0.00651	0.00555	0.00151	0.03727	0.00447	0.00294	0.00631
5	0.00664	0.00474	0.00633	0.00759	0.00791	0.00443	0.00506	0.00759	0.01044	0.01392	0.03005	0.80485	0.03606	0.01708	0.00696	0.00221	0.00316	0.01550	0.00506	0.00443
6	0.01321	0.01266	0.02161	0.10177	0.70833	0.01288	0.01659	0.01648	0.01228	0.01746	0.01020	0.01359	0.00851	0.00491	0.00540	0.00164	0.00655	0.00486	0.00267	0.00840
7	0.02430	0.00954	0.01281	0.00982	0.01405	0.00840	0.00811	0.05809	0.01604	0.74603	0.02114	0.01832	0.01331	0.00674	0.00548	0.00168	0.00470	0.00546	0.00669	0.00928
8	0.02420	0.00970	0.01291	0.00990	0.01413	0.00863	0.00818	0.07748	0.01630	0.72627	0.02092	0.01817	0.01320	0.00673	0.00548	0.00168	0.00473	0.00544	0.00666	0.00928
9	0.00792	0.00572	0.00842	0.00842	0.00924	0.00654	0.00638	0.00940	0.00858	0.01226	0.01445	0.02224	0.01384	0.10193	0.67151	0.06657	0.01315	0.00593	0.00291	0.00457
10	0.00644	0.00552	0.00552	0.00552	0.00736	0.00460	0.00414	0.00782	0.01243	0.01473	0.05523	0.05247	0.77218	0.01381	0.00644	0.00184	0.00276	0.01151	0.00506	0.00460
11	0.25021	0.41324	0.03820	0.01351	0.15980	0.01706	0.01002	0.01634	0.01083	0.01718	0.00815	0.00975	0.00700	0.00483	0.00387	0.00141	0.00555	0.00332	0.00270	0.00703
12	0.01246	0.01190	0.02027	0.27886	0.53705	0.01268	0.01622	0.01583	0.01193	0.01656	0.01007	0.01383	0.00819	0.00505	0.00541	0.00168	0.00673	0.00485	0.00261	0.00780
13	0.00668	0.00476	0.00632	0.00755	0.00786	0.00445	0.00501	0.00760	0.01037	0.01383	0.02971	0.78448	0.03563	0.03803	0.00751	0.00230	0.00322	0.01530	0.00501	0.00440
14	0.00763	0.00557	0.00716	0.00677	0.00809	0.00511	0.00507	0.01012	0.01522	0.02136	0.72154	0.04154	0.10173	0.01133	0.00643	0.00172	0.00259	0.00997	0.00594	0.00511
15	0.01878	0.01425	0.01526	0.01213	0.01612	0.01592	0.00988	0.57003	0.19995	0.03121	0.01527	0.01496	0.01110	0.00740	0.02045	0.00182	0.00577	0.00522	0.00543	0.00904
16	0.00769	0.00555	0.00726	0.00688	0.00814	0.00513	0.00514	0.01022	0.01531	0.02166	0.75296	0.05985	0.05106	0.01129	0.00644	0.00173	0.00259	0.01000	0.00598	0.00513
17	0.01047	0.00983	0.01613	0.69206	0.03430	0.01245	0.01453	0.01381	0.01063	0.01399	0.00960	0.01438	0.00741	0.00592	0.00677	0.00187	0.09363	0.00484	0.02134	0.00602
18	0.84691	0.01054	0.00801	0.00717	0.01054	0.01223	0.00590	0.01603	0.00928	0.02446	0.00759	0.00886	0.00590	0.00506	0.00337	0.00169	0.00422	0.00295	0.00337	0.00590
19	0.01437	0.01237	0.01277	0.01130	0.01449	0.03180	0.00883	0.09530	0.67960	0.02364	0.02104	0.01943	0.01574	0.00728	0.00552	0.00182	0.00460	0.00599	0.00548	0.00863
20	0.00856	0.00576	0.00756	0.00700	0.00844	0.00529	0.00529	0.01111	0.01544	0.05997	0.73373	0.03961	0.04953	0.01092	0.00638	0.00171	0.00268	0.00964	0.00604	0.00535
21	0.00783	0.00580	0.00755	0.00750	0.02380	0.00542	0.00541	0.01053	0.03223	0.02087	0.64907	0.10058	0.07975	0.01151	0.00643	0.00176	0.00275	0.01019	0.00581	0.00522
22	0.01316	0.01261	0.02152	0.11376	0.69673	0.01286	0.01656	0.01644	0.01225	0.01740	0.01020	0.01360	0.00849	0.00492	0.00540	0.00164	0.00656	0.00486	0.00267	0.00836
23	0.01004	0.00612	0.00814	0.00759	0.00924	0.00563	0.00591	0.01251	0.01506	0.12177	0.58008	0.05374	0.04400	0.01108	0.00643	0.00180	0.00312	0.08609	0.00598	0.00567
24	0.04289	0.01514	0.01614	0.01240	0.01674	0.01678	0.01024	0.73636	0.02519	0.03409	0.01294	0.01298	0.00918	0.00650	0.00540	0.00164	0.00595	0.00486	0.00540	0.00918
25	0.01307	0.01137	0.01186	0.01082	0.01367	0.03393	0.00845	0.02647	0.64924	0.02211	0.07447	0.02379	0.01963	0.00804	0.00570	0.00186	0.00439	0.04753	0.00547	0.00812
26	0.00786	0.00573	0.00742	0.00697	0.00830	0.00536	0.00523	0.01076	0.03452	0.02189	0.75243	0.04020	0.05055	0.01105	0.00641	0.00172	0.00262	0.00977	0.00599	0.00523
27	0.01214	0.01157	0.01968	0.35586	0.46257	0.01260	0.01606	0.01555	0.01177	0.01617	0.01002	0.01393	0.00806	0.00511	0.00542	0.00170	0.00681	0.00485	0.00258	0.00754
28	0.01130	0.00969	0.01130	0.00807	0.01292	0.00727	0.00646	0.01373	0.01130	0.01776	0.00969	0.01130	0.00807	0.00404	0.00404	0.00081	0.00404	0.00323	0.00323	0.84173
29	0.00666	0.00477	0.00630	0.00751	0.00785	0.00445	0.00500	0.00760	0.01044	0.01387	0.03042	0.77063	0.05423	0.03275	0.00736	0.00227	0.00320	0.01525	0.00503	0.00441
30	0.00772	0.00557	0.00729	0.00686	0.00814	0.00514	0.00514	0.01029	0.01543	0.02186	0.77152	0.04072	0.05144	0.01115	0.00643	0.00171	0.00257	0.00986	0.00600	0.00514
31	0.00869	0.00673	0.00815	0.00824	0.00975	0.00679	0.00634	0.01331	0.15974	0.01871	0.26826	0.18802	0.12125	0.01256	0.00656	0.00199	0.00348	0.14037	0.00545	0.00560
32	0.01246	0.01558	0.14632	0.07125	0.06140	0.01280	0.46995	0.01693	0.01236	0.03341	0.01131	0.01454	0.00849	0.00504	0.00618	0.00178	0.02614	0.00572	0.06106	0.00729
33	0.00848	0.00606	0.00844	0.00970	0.01082	0.00602	0.00826	0.01077	0.01225	0.01598	0.02903	0.16611	0.03203	0.01534	0.00745	0.00247	0.00476	0.63606	0.00503	0.00494
34	0.02941	0.17774	0.09586	0.01198	0.03461	0.14866	0.01041	0.18850	0.08003	0.08836	0.01255	0.01356	0.00966	0.03010	0.00551	0.00163	0.00638	0.00440	0.04298	0.00768
35	0.00793	0.00529	0.00595	0.00595	0.00595	0.00529	0.00330	0.00793	0.00793	0.01057	0.01718	0.03568	0.01982	0.80840	0.02775	0.00529	0.00529	0.00793	0.00330	0.00330
36	0.01607	0.21263	0.09162	0.07639	0.06156	0.01381	0.04353	0.07060	0.09845	0.20012	0.05200	0.01558	0.01219	0.00605	0.00504	0.00159	0.00574	0.00491	0.00419	0.00793
37	0.01016	0.00508	0.00508	0.00508	0.00635	0.00508	0.00381	0.01270	0.01143	0.02033	0.01778	0.02033	0.01397	0.00635	0.00381	0.00127	0.00254	0.00508	0.83867	0.00508
38	0.13261	0.01121	0.09252	0.00999	0.01359	0.00959	0.02871	0.05439	0.09938	0.17223	0.04780	0.02459	0.04363	0.02397	0.00582	0.00183	0.00487	0.11271	0.04520	0.06535
39	0.01347	0.01302	0.02250	0.03308	0.74683	0.01298	0.04400	0.01676	0.01243	0.01780	0.01028	0.01354	0.00862	0.00485	0.00544	0.00163	0.00658	0.00492	0.00270	0.00859
40	0.01016	0.00508	0.00508	0.00508	0.00635	0.00508	0.00381	0.01270	0.01143	0.02033	0.01778	0.02033	0.01397	0.00635	0.00381	0.00127	0.00254	0.00508	0.83867	0.00508
41	0.34682	0.01196	0.03570	0.07386	0.29381	0.01234	0.02887	0.03175	0.02631	0.07624	0.01027	0.01219	0.00792	0.00520	0.00462	0.00168	0.00555	0.00418	0.00335	0.00738
42	0.01546	0.01275	0.01565	0.06872	0.07935	0.03093	0.06135	0.16800	0.39474	0.06699	0.01745	0.01724	0.01292	0.00662	0.00555	0.00177	0.00550	0.00564	0.00490	0.00847
43	0.04612	0.06138	0.13958	0.01247	0.05600	0.09590	0.01073	0.18204	0.07090	0.03604	0.19202	0.01925	0.01891	0.00720	0.00572	0.00165	0.02672	0.00569	0.00432	0.00735
44	0.00685	0.00607	0.00580	0.00576	0.00758	0.02566	0.00429	0.00820	0.01240	0.01459	0.05304	0.05091	0.73323	0.03297	0.00692	0.00191	0.00301	0.01120	0.00496	0.00462
45	0.02978	0.01077	0.01242	0.02724	0.03296	0.01121	0.00836	0.12353	0.25080	0.07281	0.01867	0.05813	0.05685	0.00739	0.00597	0.00161	0.04835	0.01684	0.00466	0.20163
46	0.01029	0.00942	0.01569	0.74919	0.03573	0.01170	0.01448	0.01386	0.01093	0.01430	0.01016	0.01487	0.00766	0.00550	0.00535	0.00178	0.00699	0.00486	0.05122	0.00600
47	0.01112	0.13479	0.06851	0.00992	0.01294	0.02785	0.06006	0.05402	0.05591	0.04041	0.18828	0.03209	0.14452	0.03891	0.00664	0.00188	0.00487	0.09660	0.00446	0.00619
48	0.00786	0.00528	0.00594	0.00597	0.00603	0.00525	0.00336	0.00792	0.00811	0.01076	0.01856	0.05198	0.04233	0.76872	0.02669	0.00512	0.00517	0.00819	0.00339	0.00336
49	0.01270	0.01049	0.01243	0.01061	0.06621	0.00950	0.00779	0.09917	0.09426	0.02025	0.01197	0.01328	0.00957	0.00503	0.00477	0.00114	0.02309	0.00402	0.06256	0.52116
50	0.01456	0.75362	0.06365	0.00975	0.01452	0.04172	0.00987	0.01652	0.01122	0.01305	0.00771	0.00890	0.00699	0.00471	0.00362	0.00120	0.00604	0.00298	0.00234	0.00703
51	0.84691	0.01054	0.00801	0.00717	0.01054	0.01223	0.00590	0.01603	0.00928	0.02446	0.00759	0.00886	0.00590	0.00506	0.00337	0.00169	0.00422	0.00295	0.00337	0.00590
52	0.01327	0.01273	0.02173	0.08662	0.72298	0.01289	0.01662	0.01654	0.01231	0.01754	0.01022	0.01357	0.00854	0.00490	0.00540	0.00163	0.00653	0.00486	0.00268	0.00846
53	0.00790	0.00539	0.00646	0.00646	0.00664	0.00556	0.00394	0.00826	0.00808	0.01095	0.01671	0.03308	0.01869	0.66875	0.16586	0.00592	0.00698	0.00755	0.00323	0.00359
54	0.02033	0.01499	0.01613	0.01243	0.01669	0.01660	0.01025	0.73367	0.02512	0.03370	0.01313	0.01334	0.00940	0.00758	0.02905	0.00185	0.00626	0.00494	0.00538	0.00914
55	0.01130	0.00969	0.01130	0.00807	0.01292	0.00727	0.00646	0.01373	0.01130	0.01776	0.00969	0.01130	0.00807	0.00404	0.00404	0.00081	0.00404	0.00323	0.00323	0.84173
56	0.01130	0.00969	0.01130	0.00807	0.01292	0.00727	0.00646	0.01373	0.01130	0.01776	0.00969	0.01130	0.00807	0.00404	0.00404	0.00081	0.00404	0.00323	0.00323	0.84173
57	0.03666	0.01027	0.01231	0.01031	0.01350	0.01049	0.03551	0.18470	0.15845	0.10006	0.10570	0.10027	0.02004	0.00852	0.00569	0.00172	0.00461	0.06232	0.00516	0.11372
58	0.01372	0.01043	0.01216	0.01204	0.09641	0.03892	0.00841	0.17880	0.12101	0.08323	0.20830	0.02761	0.10840	0.02987	0.00644	0.00182	0.00459	0.02547	0.00519	0.00718
59	0.01016	0.00508	0.00508	0.00508	0.00635	0.00508	0.00381	0.01270	0.01143	0.02033	0.01778	0.02033	0.01397	0.00635	0.00381	0.00127	0.00254	0.00508	0.83867	0.00508
60	0.09124	0.12668	0.08763	0.01193	0.05027	0.13117	0.00993	0.12150	0.16467	0.02029	0.06001	0.01759	0.07128	0.00680	0.00503	0.00161	0.00582	0.00520	0.00402	0.00732

[dist]
# distance from previous block
# <min> <max>
0	1

[block]
# block no. 8 follows, 44 sequences, length 34
# corresponding to MSA columns:
# 306-339
name=unknown_I
#
# <colnr> <probs for GDERKNQSTAVLIFYWHMCP>
#	G	D	E	R	K	N	Q	S	T	A	V	L	I	F	Y	W	H	M	C	P
0	0.05879	0.04792	0.01929	0.01509	0.01700	0.09647	0.14536	0.03914	0.01080	0.03326	0.00856	0.01210	0.00749	0.00763	0.01238	0.00205	0.45266	0.00478	0.00275	0.00648
1	0.74418	0.01058	0.00855	0.00749	0.01088	0.01209	0.00616	0.05632	0.01047	0.05361	0.00874	0.00982	0.00663	0.00525	0.00358	0.00167	0.00428	0.00322	0.03028	0.00619
2	0.01016	0.00508	0.00508	0.00508	0.00635	0.00508	0.00381	0.01270	0.01143	0.02033	0.01778	0.02033	0.01397	0.00635	0.00381	0.00127	0.00254	0.00508	0.83867	0.00508
3	0.01288	0.01232	0.02101	0.18066	0.63203	0.01279	0.01642	0.01619	0.01212	0.01706	0.01015	0.01369	0.00837	0.00497	0.00541	0.00166	0.00663	0.00486	0.00265	0.00814
4	0.10237	0.01396	0.01459	0.01139	0.01540	0.01546	0.00937	0.62078	0.02282	0.03221	0.01293	0.01326	0.00932	0.00638	0.00511	0.00161	0.00554	0.00473	0.07418	0.00859
5	0.01161	0.01103	0.01872	0.48324	0.33937	0.01246	0.01579	0.01508	0.01152	0.01552	0.00992	0.01411	0.00783	0.00521	0.00543	0.00174	0.00694	0.00485	0.00254	0.00711
6	0.01436	0.01340	0.01268	0.01167	0.03078	0.12038	0.00887	0.07238	0.52794	0.02142	0.02190	0.02140	0.06820	0.00765	0.00556	0.00178	0.00514	0.02145	0.00505	0.00799
7	0.00793	0.00529	0.00595	0.00595	0.00595	0.00529	0.00330	0.00793	0.00793	0.01057	0.01718	0.03568	0.01982	0.80840	0.02775	0.00529	0.00529	0.00793	0.00330	0.00330
8	0.01513	0.01432	0.01291	0.01204	0.04310	0.19987	0.00898	0.06701	0.31813	0.05953	0.04747	0.02138	0.07704	0.02570	0.00647	0.00182	0.03431	0.02278	0.00463	0.00738
9	0.01130	0.00969	0.01130	0.00807	0.01292	0.00727	0.00646	0.01373	0.01130	0.01776	0.00969	0.01130	0.00807	0.00404	0.00404	0.00081	0.00404	0.00323	0.00323	0.84173
10	0.00851	0.09294	0.05149	0.00911	0.06361	0.02550	0.00691	0.01035	0.01213	0.01498	0.05684	0.13683	0.43903	0.01195	0.00606	0.00181	0.00393	0.03819	0.00443	0.00537
11	0.01030	0.00969	0.01635	0.79530	0.03755	0.01211	0.01514	0.01393	0.01090	0.01393	0.00969	0.01453	0.00727	0.00545	0.00545	0.00182	0.00727	0.00484	0.00242	0.00606
12	0.02001	0.01466	0.01577	0.01228	0.01649	0.01623	0.01008	0.64792	0.11129	0.05715	0.01442	0.01411	0.01027	0.00665	0.00547	0.00166	0.00576	0.00507	0.00551	0.00920
13	0.01631	0.01372	0.01528	0.01256	0.01626	0.04357	0.06204	0.28613	0.42112	0.02618	0.01766	0.01698	0.01307	0.00683	0.00555	0.00176	0.00546	0.00564	0.00521	0.00868
14	0.02328	0.00902	0.01227	0.00950	0.01351	0.00781	0.00781	0.02542	0.01559	0.72472	0.07452	0.02012	0.01618	0.00706	0.00555	0.00169	0.00449	0.00579	0.00669	0.00899
15	0.07116	0.01285	0.04273	0.18225	0.24628	0.01268	0.28440	0.01602	0.01202	0.01722	0.01206	0.01537	0.03928	0.00527	0.00568	0.00176	0.00736	0.00555	0.00280	0.00727
16	0.02740	0.00830	0.00976	0.00928	0.03567	0.00824	0.00678	0.04063	0.18723	0.11059	0.03631	0.21918	0.05691	0.00947	0.00551	0.00171	0.00382	0.00815	0.10905	0.10599
17	0.00679	0.00563	0.00600	0.00619	0.00794	0.00485	0.00482	0.00833	0.01244	0.01496	0.05135	0.05379	0.66328	0.01399	0.00660	0.00194	0.00309	0.11826	0.00506	0.00466
18	0.01458	0.81168	0.02857	0.00933	0.01399	0.02157	0.00933	0.01632	0.01108	0.01283	0.00758	0.00875	0.00700	0.00466	0.00350	0.00117	0.00583	0.00292	0.00233	0.00700
19	0.00793	0.00529	0.00595	0.00595	0.00595	0.00529	0.00330	0.00793	0.00793	0.01057	0.01718	0.03568	0.01982	0.80840	0.02775	0.00529	0.00529	0.00793	0.00330	0.00330
20	0.01287	0.01471	0.03217	0.02298	0.02849	0.01379	0.75460	0.01746	0.01287	0.01746	0.01103	0.01471	0.00827	0.00460	0.00643	0.00184	0.00919	0.00643	0.00276	0.00735
21	0.01349	0.01295	0.02213	0.03346	0.77440	0.01295	0.01673	0.01673	0.01241	0.01781	0.01025	0.01349	0.00864	0.00486	0.00540	0.00162	0.00648	0.00486	0.00270	0.00864
22	0.00645	0.00549	0.00555	0.00560	0.00738	0.00460	0.00418	0.00782	0.01235	0.01470	0.05427	0.08123	0.74404	0.01393	0.00646	0.00186	0.00278	0.01166	0.00506	0.00460
23	0.01030	0.00969	0.01635	0.79530	0.03755	0.01211	0.01514	0.01393	0.01090	0.01393	0.00969	0.01453	0.00727	0.00545	0.00545	0.00182	0.00727	0.00484	0.00242	0.00606
24	0.00677	0.00529	0.00615	0.00645	0.00770	0.00466	0.00464	0.00827	0.01243	0.01597	0.19790	0.28656	0.38920	0.01428	0.00660	0.00193	0.00285	0.01242	0.00526	0.00466
25	0.01287	0.01471	0.03217	0.02298	0.02849	0.01379	0.75460	0.01746	0.01287	0.01746	0.01103	0.01471	0.00827	0.00460	0.00643	0.00184	0.00919	0.00643	0.00276	0.00735
26	0.01093	0.02820	0.78016	0.01554	0.02360	0.01266	0.02014	0.01727	0.01151	0.01727	0.00978	0.01151	0.00691	0.00518	0.00518	0.00173	0.00806	0.00403	0.00230	0.00806
27	0.00663	0.00480	0.00627	0.00744	0.00787	0.00444	0.00499	0.00761	0.01059	0.01398	0.03194	0.74828	0.09140	0.01683	0.00692	0.00219	0.00313	0.01520	0.00506	0.00444
28	0.01048	0.00758	0.01156	0.01038	0.01202	0.00755	0.10239	0.03178	0.03157	0.10046	0.08210	0.43002	0.02733	0.04229	0.00816	0.00217	0.06045	0.01122	0.00479	0.00570
29	0.01470	0.01321	0.01922	0.07499	0.48151	0.04203	0.01421	0.17584	0.01550	0.02125	0.06457	0.01526	0.01165	0.00573	0.00547	0.00163	0.00627	0.00517	0.00351	0.00827
30	0.09609	0.01321	0.05513	0.01086	0.01513	0.01281	0.00930	0.35255	0.01813	0.14954	0.01304	0.01366	0.00947	0.02441	0.00596	0.00162	0.03426	0.00454	0.00475	0.15553
31	0.06004	0.11444	0.60727	0.01438	0.02153	0.01349	0.04156	0.01692	0.01147	0.01730	0.02813	0.01186	0.00799	0.00524	0.00496	0.00166	0.00748	0.00406	0.00247	0.00772
32	0.07546	0.29631	0.03692	0.01142	0.01484	0.21846	0.00986	0.08674	0.01329	0.05724	0.00928	0.01104	0.00780	0.02391	0.00653	0.00159	0.10556	0.00377	0.00309	0.00689
33	0.01133	0.01105	0.01569	0.05423	0.01495	0.01523	0.01146	0.01274	0.00853	0.01310	0.00822	0.01325	0.00797	0.01324	0.11314	0.00315	0.65953	0.00491	0.00245	0.00583

[dist]
# distance from previous block
# <min> <max>
0	1

[block]
# block no. 9 follows, 44 sequences, length 37
# corresponding to MSA columns:
# 341-377
name=unknown_J
#
# <colnr> <probs for GDERKNQSTAVLIFYWHMCP>
#	G	D	E	R	K	N	Q	S	T	A	V	L	I	F	Y	W	H	M	C	P
0	0.01110	0.06444	0.74540	0.01525	0.02315	0.01307	0.01964	0.01722	0.01149	0.01706	0.00968	0.01138	0.00691	0.00516	0.00510	0.00170	0.00795	0.00398	0.00230	0.00801
1	0.84691	0.01054	0.00801	0.00717	0.01054	0.01223	0.00590	0.01603	0.00928	0.02446	0.00759	0.00886	0.00590	0.00506	0.00337	0.00169	0.00422	0.00295	0.00337	0.00590
2	0.01030	0.00969	0.01635	0.79530	0.03755	0.01211	0.01514	0.01393	0.01090	0.01393	0.00969	0.01453	0.00727	0.00545	0.00545	0.00182	0.00727	0.00484	0.00242	0.00606
3	0.00767	0.00554	0.00727	0.00700	0.00822	0.00513	0.00525	0.01014	0.01501	0.02116	0.69946	0.09303	0.04981	0.01166	0.00650	0.00177	0.00268	0.03170	0.00591	0.00509
4	0.01130	0.00969	0.01130	0.00807	0.01292	0.00727	0.00646	0.01373	0.01130	0.01776	0.00969	0.01130	0.00807	0.00404	0.00404	0.00081	0.00404	0.00323	0.00323	0.84173
5	0.01030	0.00969	0.01635	0.79530	0.03755	0.01211	0.01514	0.01393	0.01090	0.01393	0.00969	0.01453	0.00727	0.00545	0.00545	0.00182	0.00727	0.00484	0.00242	0.00606
6	0.01402	0.01268	0.01254	0.01129	0.01436	0.06585	0.00876	0.02848	0.71387	0.02217	0.02126	0.01963	0.01599	0.00728	0.00550	0.00182	0.00469	0.00598	0.00536	0.00847
7	0.00750	0.00556	0.00699	0.00663	0.00801	0.00505	0.00498	0.00987	0.01493	0.02066	0.65082	0.04270	0.17289	0.01159	0.00643	0.00174	0.00260	0.01014	0.00584	0.00505
8	0.01123	0.09083	0.72008	0.01504	0.02283	0.01337	0.01928	0.01719	0.01148	0.01691	0.00961	0.01129	0.00691	0.00514	0.00505	0.00168	0.00788	0.00394	0.00230	0.00797
9	0.01016	0.00508	0.00508	0.00508	0.00635	0.00508	0.00381	0.01270	0.01143	0.02033	0.01778	0.02033	0.01397	0.00635	0.00381	0.00127	0.00254	0.00508	0.83867	0.00508
10	0.01093	0.02820	0.78016	0.01554	0.02360	0.01266	0.02014	0.01727	0.01151	0.01727	0.00978	0.01151	0.00691	0.00518	0.00518	0.00173	0.00806	0.00403	0.00230	0.00806
11	0.00671	0.00479	0.00641	0.00767	0.00802	0.00449	0.00518	0.00771	0.01051	0.01399	0.03001	0.78085	0.03591	0.01701	0.00698	0.00222	0.00322	0.03881	0.00506	0.00445
12	0.01326	0.01072	0.01165	0.01059	0.01344	0.01207	0.00831	0.05308	0.57841	0.05200	0.04015	0.05589	0.04463	0.00860	0.00580	0.00190	0.00431	0.06164	0.00553	0.00803
13	0.01110	0.02703	0.71547	0.01618	0.02402	0.01276	0.08366	0.01728	0.01163	0.01728	0.00989	0.01179	0.00702	0.00513	0.00529	0.00174	0.00816	0.00424	0.00234	0.00800
14	0.01458	0.81168	0.02857	0.00933	0.01399	0.02157	0.00933	0.01632	0.01108	0.01283	0.00758	0.00875	0.00700	0.00466	0.00350	0.00117	0.00583	0.00292	0.00233	0.00700
15	0.00664	0.00474	0.00633	0.00759	0.00791	0.00443	0.00506	0.00759	0.01044	0.01392	0.03005	0.80485	0.03606	0.01708	0.00696	0.00221	0.00316	0.01550	0.00506	0.00443
16	0.00772	0.00557	0.00729	0.00686	0.00814	0.00514	0.00514	0.01029	0.01543	0.02186	0.77152	0.04072	0.05144	0.01115	0.00643	0.00171	0.00257	0.00986	0.00600	0.00514
17	0.04994	0.77764	0.02769	0.00924	0.01385	0.02117	0.00918	0.01631	0.01100	0.01332	0.00758	0.00875	0.00695	0.00468	0.00349	0.00119	0.00576	0.00292	0.00238	0.00695
18	0.01741	0.00857	0.01051	0.00875	0.01182	0.00816	0.00702	0.08703	0.07508	0.37409	0.06813	0.05642	0.08227	0.00820	0.00547	0.00169	0.00407	0.02263	0.13505	0.00763
19	0.01016	0.00508	0.00508	0.00508	0.00635	0.00508	0.00381	0.01270	0.01143	0.02033	0.01778	0.02033	0.01397	0.00635	0.00381	0.00127	0.00254	0.00508	0.83867	0.00508
20	0.00662	0.00556	0.00578	0.00580	0.00758	0.00471	0.00440	0.00813	0.01263	0.01527	0.10261	0.05204	0.69324	0.01368	0.00649	0.00186	0.00284	0.04099	0.00512	0.00466
21	0.01130	0.00969	0.01130	0.00807	0.01292	0.00727	0.00646	0.01373	0.01130	0.01776	0.00969	0.01130	0.00807	0.00404	0.00404	0.00081	0.00404	0.00323	0.00323	0.84173
22	0.84691	0.01054	0.00801	0.00717	0.01054	0.01223	0.00590	0.01603	0.00928	0.02446	0.00759	0.00886	0.00590	0.00506	0.00337	0.00169	0.00422	0.00295	0.00337	0.00590
23	0.01401	0.69037	0.14494	0.01029	0.01548	0.02019	0.01100	0.01647	0.01114	0.01351	0.00792	0.00917	0.00698	0.00474	0.00376	0.00125	0.00618	0.00309	0.00233	0.00716
24	0.00760	0.00575	0.00703	0.00668	0.00815	0.00527	0.00502	0.01029	0.03742	0.02025	0.58391	0.04281	0.21633	0.01164	0.00641	0.00175	0.00267	0.01013	0.00577	0.00512
25	0.00808	0.00566	0.00734	0.00687	0.00825	0.00519	0.00517	0.01058	0.01529	0.04060	0.71804	0.04073	0.08525	0.01116	0.00641	0.00172	0.00263	0.00983	0.00597	0.00522
26	0.01345	0.01164	0.01246	0.03759	0.01497	0.01351	0.00885	0.02846	0.73908	0.02251	0.02177	0.02014	0.01633	0.00733	0.00554	0.00185	0.00441	0.00612	0.00544	0.00854
27	0.00760	0.00557	0.00712	0.00673	0.00807	0.00509	0.00505	0.01006	0.01515	0.02119	0.70446	0.04182	0.11892	0.01139	0.00643	0.00173	0.00259	0.01001	0.00591	0.00509
28	0.01346	0.01071	0.01134	0.01022	0.01309	0.01220	0.00794	0.02664	0.63517	0.04821	0.02156	0.02028	0.01617	0.00723	0.00531	0.00176	0.00408	0.00599	0.12047	0.00816
29	0.84691	0.01054	0.00801	0.00717	0.01054	0.01223	0.00590	0.01603	0.00928	0.02446	0.00759	0.00886	0.00590	0.00506	0.00337	0.00169	0.00422	0.00295	0.00337	0.00590
30	0.00650	0.00554	0.00566	0.00566	0.00746	0.00470	0.00426	0.00791	0.01227	0.01464	0.05350	0.05115	0.73995	0.01496	0.03960	0.00214	0.00326	0.01127	0.00497	0.00461
31	0.00685	0.00554	0.00609	0.00595	0.00762	0.00478	0.00447	0.00862	0.01340	0.01703	0.28658	0.04867	0.53940	0.01295	0.00644	0.00180	0.00270	0.01097	0.00537	0.00478
32	0.09454	0.01253	0.01740	0.38000	0.28299	0.09097	0.01431	0.01588	0.01172	0.01622	0.00955	0.01315	0.00757	0.00523	0.00517	0.00170	0.00696	0.00453	0.00265	0.00694
33	0.06596	0.00650	0.00841	0.00759	0.00920	0.00629	0.03192	0.01173	0.03992	0.03608	0.60074	0.03614	0.04271	0.06421	0.00761	0.00196	0.00320	0.00892	0.00552	0.00535
34	0.00653	0.00540	0.00572	0.00590	0.00748	0.00460	0.00433	0.00789	0.01224	0.01489	0.08052	0.16849	0.62883	0.01421	0.00652	0.00189	0.00282	0.01206	0.00510	0.00460
35	0.02037	0.02598	0.01545	0.01404	0.01685	0.78652	0.01053	0.02177	0.01545	0.01334	0.00843	0.00983	0.00702	0.00562	0.00492	0.00140	0.00983	0.00351	0.00281	0.00632
36	0.01944	0.02371	0.01504	0.01360	0.01649	0.65831	0.01027	0.04340	0.11903	0.01524	0.01046	0.01137	0.00841	0.00589	0.00502	0.00147	0.00896	0.00392	0.00326	0.00672

[dist]
# distance from previous block
# <min> <max>
0	1

[block]
# block no. 10 follows, 44 sequences, length 8
# corresponding to MSA columns:
# 379-386
name=unknown_K
#
# <colnr> <probs for GDERKNQSTAVLIFYWHMCP>
#	G	D	E	R	K	N	Q	S	T	A	V	L	I	F	Y	W	H	M	C	P
0	0.00854	0.00611	0.00844	0.00931	0.01057	0.00602	0.00795	0.01106	0.01321	0.01758	0.19867	0.05675	0.03596	0.01417	0.00728	0.00233	0.00446	0.57128	0.00524	0.00505
1	0.01458	0.81168	0.02857	0.00933	0.01399	0.02157	0.00933	0.01632	0.01108	0.01283	0.00758	0.00875	0.00700	0.00466	0.00350	0.00117	0.00583	0.00292	0.00233	0.00700
2	0.00693	0.00550	0.00622	0.00614	0.00768	0.00479	0.00457	0.00873	0.01343	0.01733	0.31978	0.09102	0.46255	0.01301	0.00647	0.00182	0.00271	0.01112	0.00541	0.00479
3	0.84691	0.01054	0.00801	0.00717	0.01054	0.01223	0.00590	0.01603	0.00928	0.02446	0.00759	0.00886	0.00590	0.00506	0.00337	0.00169	0.00422	0.00295	0.00337	0.00590
4	0.84691	0.01054	0.00801	0.00717	0.01054	0.01223	0.00590	0.01603	0.00928	0.02446	0.00759	0.00886	0.00590	0.00506	0.00337	0.00169	0.00422	0.00295	0.00337	0.00590
5	0.84691	0.01054	0.00801	0.00717	0.01054	0.01223	0.00590	0.01603	0.00928	0.02446	0.00759	0.00886	0.00590	0.00506	0.00337	0.00169	0.00422	0.00295	0.00337	0.00590
6	0.12529	0.01244	0.01990	0.07369	0.62944	0.01281	0.01519	0.01648	0.01191	0.01848	0.00986	0.01293	0.00819	0.00492	0.00513	0.00164	0.00622	0.00460	0.00277	0.00812
7	0.01975	0.01496	0.01714	0.01535	0.11868	0.01638	0.01122	0.65686	0.02386	0.03214	0.01271	0.01314	0.00919	0.00632	0.00545	0.00163	0.00606	0.00490	0.00508	0.00919

[dist]
# distance from previous block
# <min> <max>
0	1

[block]
# block no. 11 follows, 44 sequences, length 24
# corresponding to MSA columns:
# 401-424
name=unknown_L
#
# <colnr> <probs for GDERKNQSTAVLIFYWHMCP>
#	G	D	E	R	K	N	Q	S	T	A	V	L	I	F	Y	W	H	M	C	P
0	0.20238	0.01606	0.01427	0.01325	0.07815	0.19317	0.00972	0.26815	0.11249	0.02446	0.01171	0.01235	0.00889	0.00597	0.00488	0.00162	0.00632	0.00431	0.00416	0.00771
