[name]
unknown

[dist]
# distance from previous block
# <min> <max>
0	3

[block]
# block no. 0 follows, 43 sequences, length 76
# corresponding to MSA columns:
# 3-78
name=unknown_A
#
# <colnr> <probs for GDERKNQSTAVLIFYWHMCP>
#	G	D	E	R	K	N	Q	S	T	A	V	L	I	F	Y	W	H	M	C	P
0	0.00892	0.00637	0.00892	0.01020	0.01147	0.00637	0.00892	0.01147	0.01275	0.01657	0.02932	0.06247	0.03187	0.01530	0.00765	0.00255	0.00510	0.73354	0.00510	0.00510
1	0.01321	0.01614	0.16754	0.03049	0.62717	0.01310	0.01766	0.01710	0.01243	0.01799	0.01033	0.01332	0.00843	0.00500	0.00544	0.00167	0.00689	0.00477	0.00266	0.00866
2	0.00784	0.00566	0.00740	0.00697	0.00827	0.00523	0.00523	0.01045	0.01568	0.02221	0.76789	0.04137	0.05226	0.01132	0.00653	0.00174	0.00261	0.01002	0.00610	0.00523
3	0.00784	0.00566	0.00740	0.00697	0.00827	0.00523	0.00523	0.01045	0.01568	0.02221	0.76789	0.04137	0.05226	0.01132	0.00653	0.00174	0.00261	0.01002	0.00610	0.00523
4	0.09984	0.00954	0.01242	0.00962	0.01382	0.00853	0.00794	0.02601	0.01526	0.70605	0.02056	0.01795	0.01300	0.00670	0.00537	0.00171	0.00467	0.00533	0.00654	0.00911
5	0.00675	0.00482	0.00643	0.00771	0.00803	0.00450	0.00514	0.00771	0.01060	0.01414	0.03053	0.80175	0.03663	0.01735	0.00707	0.00225	0.00321	0.01574	0.00514	0.00450
6	0.00776	0.00566	0.00729	0.00689	0.00823	0.00519	0.00516	0.01030	0.01549	0.02177	0.72492	0.04209	0.09551	0.01149	0.00653	0.00175	0.00262	0.01012	0.00604	0.00519
7	0.02105	0.01551	0.01662	0.01274	0.01717	0.01717	0.01053	0.75235	0.02604	0.03490	0.01330	0.01330	0.00942	0.00665	0.00554	0.00166	0.00609	0.00499	0.00554	0.00942
8	0.84448	0.01071	0.00814	0.00728	0.01071	0.01242	0.00600	0.01628	0.00943	0.02485	0.00771	0.00900	0.00600	0.00514	0.00343	0.00171	0.00428	0.00300	0.00343	0.00600
9	0.84448	0.01071	0.00814	0.00728	0.01071	0.01242	0.00600	0.01628	0.00943	0.02485	0.00771	0.00900	0.00600	0.00514	0.00343	0.00171	0.00428	0.00300	0.00343	0.00600
10	0.01371	0.01316	0.02248	0.03399	0.77081	0.01316	0.01700	0.01700	0.01261	0.01809	0.01042	0.01371	0.00877	0.00493	0.00548	0.00164	0.00658	0.00493	0.00274	0.00877
11	0.01481	0.80869	0.02902	0.00948	0.01421	0.02191	0.00948	0.01658	0.01125	0.01303	0.00770	0.00888	0.00711	0.00474	0.00355	0.00118	0.00592	0.00296	0.00237	0.00711
12	0.02105	0.01551	0.01662	0.01274	0.01717	0.01717	0.01053	0.75235	0.02604	0.03490	0.01330	0.01330	0.00942	0.00665	0.00554	0.00166	0.00609	0.00499	0.00554	0.00942
13	0.01062	0.00545	0.00548	0.00537	0.00675	0.00549	0.00405	0.03326	0.01201	0.02104	0.01794	0.02045	0.01406	0.00646	0.00392	0.00130	0.00268	0.00516	0.81325	0.00528
14	0.00797	0.00572	0.00783	0.00783	0.00845	0.00634	0.00559	0.00920	0.00858	0.01206	0.01581	0.02718	0.01620	0.32767	0.50050	0.00758	0.01129	0.00673	0.00311	0.00435
15	0.02386	0.00995	0.01287	0.00997	0.01411	0.02636	0.00819	0.06107	0.01633	0.68997	0.05239	0.01932	0.01497	0.00701	0.00560	0.00171	0.00481	0.00568	0.00667	0.00918
16	0.00892	0.00637	0.00892	0.01020	0.01147	0.00637	0.00892	0.01147	0.01275	0.01657	0.02932	0.06247	0.03187	0.01530	0.00765	0.00255	0.00510	0.73354	0.00510	0.00510
17	0.00886	0.00633	0.00885	0.01012	0.01137	0.00632	0.00881	0.01136	0.01268	0.01650	0.02936	0.08500	0.03202	0.01536	0.00763	0.00254	0.00504	0.71167	0.00510	0.00508
18	0.01275	0.01225	0.02108	0.25335	0.53629	0.01294	0.03850	0.01619	0.01218	0.01694	0.01027	0.01405	0.00836	0.00510	0.00553	0.00171	0.00689	0.00498	0.00266	0.00797
19	0.01151	0.00584	0.00606	0.00573	0.00731	0.00586	0.00438	0.04779	0.01248	0.05691	0.01802	0.02022	0.01395	0.00648	0.00403	0.00133	0.00284	0.00517	0.75851	0.00556
20	0.00702	0.00582	0.00702	0.00699	0.00861	0.00509	0.03118	0.00858	0.01241	0.01541	0.09059	0.20561	0.51009	0.01428	0.00671	0.00198	0.00323	0.04947	0.00511	0.00479
21	0.01345	0.26752	0.05209	0.01763	0.02235	0.01685	0.40255	0.01683	0.01189	0.01570	0.00957	0.01257	0.00781	0.00532	0.00697	0.00171	0.10427	0.00512	0.00260	0.00720
22	0.00792	0.00592	0.00882	0.00882	0.00978	0.00688	0.00682	0.00984	0.00888	0.01280	0.01491	0.02217	0.01402	0.06318	0.76201	0.00880	0.01457	0.00599	0.00298	0.00490
23	0.81287	0.01076	0.00848	0.00756	0.01086	0.01260	0.00623	0.01617	0.00939	0.02441	0.00769	0.00912	0.00605	0.00531	0.00399	0.00174	0.03432	0.00307	0.00339	0.00600
24	0.01212	0.01212	0.01696	0.01454	0.01454	0.01696	0.01212	0.01333	0.00848	0.01333	0.00727	0.01212	0.00727	0.00969	0.01818	0.00242	0.79523	0.00485	0.00242	0.00606
25	0.01210	0.02221	0.44411	0.02119	0.16887	0.01321	0.20383	0.01749	0.01222	0.01770	0.01035	0.01290	0.00770	0.00505	0.00563	0.00176	0.00817	0.00487	0.00253	0.00812
26	0.00676	0.00562	0.00591	0.00584	0.00761	0.00477	0.00438	0.00836	0.01313	0.01616	0.17413	0.05132	0.64979	0.01358	0.00654	0.00185	0.00277	0.01141	0.00530	0.00477
27	0.00784	0.00566	0.00740	0.00697	0.00827	0.00523	0.00523	0.01045	0.01568	0.02221	0.76789	0.04137	0.05226	0.01132	0.00653	0.00174	0.00261	0.01002	0.00610	0.00523
28	0.02485	0.00943	0.01285	0.00985	0.01414	0.00814	0.00814	0.02699	0.01585	0.77465	0.02185	0.01885	0.01371	0.00685	0.00557	0.00171	0.00471	0.00557	0.00685	0.00943
29	0.00684	0.00489	0.00650	0.00765	0.00805	0.00456	0.00515	0.00793	0.01101	0.01478	0.08963	0.74080	0.03788	0.01687	0.00703	0.00221	0.00317	0.01529	0.00522	0.00456
30	0.02485	0.00943	0.01285	0.00985	0.01414	0.00814	0.00814	0.02699	0.01585	0.77465	0.02185	0.01885	0.01371	0.00685	0.00557	0.00171	0.00471	0.00557	0.00685	0.00943
31	0.02069	0.02640	0.01569	0.01427	0.01712	0.78313	0.01070	0.02212	0.01569	0.01355	0.00856	0.00999	0.00713	0.00571	0.00499	0.00143	0.00999	0.00357	0.00285	0.00642
32	0.00675	0.00482	0.00643	0.00771	0.00803	0.00450	0.00514	0.00771	0.01060	0.01414	0.03053	0.80175	0.03663	0.01735	0.00707	0.00225	0.00321	0.01574	0.00514	0.00450
33	0.00752	0.00564	0.00715	0.00806	0.00919	0.00527	0.00632	0.00922	0.01201	0.01531	0.03744	0.30355	0.24575	0.01561	0.00714	0.00225	0.00382	0.28887	0.00513	0.00478
34	0.01148	0.00984	0.01148	0.00820	0.01312	0.00738	0.00656	0.01395	0.01148	0.01805	0.00984	0.01148	0.00820	0.00410	0.00410	0.00082	0.00410	0.00328	0.00328	0.83922
35	0.01350	0.04393	0.05496	0.00873	0.01133	0.00719	0.00729	0.01572	0.01395	0.25891	0.23924	0.20872	0.05279	0.01084	0.00617	0.00185	0.00397	0.02859	0.00567	0.00663
36	0.01486	0.76289	0.05125	0.00980	0.01459	0.04326	0.00984	0.01677	0.01139	0.01318	0.00779	0.00900	0.00711	0.00478	0.00365	0.00121	0.00611	0.00301	0.00238	0.00712
37	0.01468	0.78103	0.05554	0.00970	0.01456	0.02159	0.00987	0.01662	0.01127	0.01319	0.00778	0.00898	0.00710	0.00476	0.00361	0.00120	0.00600	0.00300	0.00237	0.00715
38	0.04236	0.01366	0.01534	0.01178	0.01615	0.01448	0.00973	0.52705	0.02272	0.24599	0.01560	0.01478	0.01056	0.00667	0.00550	0.00168	0.00566	0.00510	0.00586	0.00934
39	0.00847	0.00657	0.00863	0.00784	0.00951	0.00629	0.03192	0.01228	0.08471	0.02156	0.61515	0.03945	0.10428	0.01095	0.00645	0.00177	0.00303	0.00968	0.00586	0.00559
40	0.01481	0.80869	0.02902	0.00948	0.01421	0.02191	0.00948	0.01658	0.01125	0.01303	0.00770	0.00888	0.00711	0.00474	0.00355	0.00118	0.00592	0.00296	0.00237	0.00711
41	0.01111	0.02865	0.77667	0.01579	0.02397	0.01286	0.02046	0.01754	0.01169	0.01754	0.00994	0.01169	0.00702	0.00526	0.00526	0.00175	0.00818	0.00409	0.00234	0.00818
42	0.00683	0.00488	0.00652	0.00781	0.00816	0.00457	0.00528	0.00785	0.01068	0.01423	0.03048	0.77367	0.03645	0.01727	0.00709	0.00226	0.00328	0.04300	0.00514	0.00452
43	0.01481	0.80869	0.02902	0.00948	0.01421	0.02191	0.00948	0.01658	0.01125	0.01303	0.00770	0.00888	0.00711	0.00474	0.00355	0.00118	0.00592	0.00296	0.00237	0.00711
44	0.02105	0.01551	0.01662	0.01274	0.01717	0.01717	0.01053	0.75235	0.02604	0.03490	0.01330	0.01330	0.00942	0.00665	0.00554	0.00166	0.00609	0.00499	0.00554	0.00942
45	0.00791	0.00593	0.00890	0.00890	0.00989	0.00692	0.00692	0.00989	0.00890	0.01286	0.01483	0.02176	0.01385	0.04154	0.78341	0.00890	0.01483	0.00593	0.00297	0.00494
46	0.00892	0.00637	0.00892	0.01020	0.01147	0.00637	0.00892	0.01147	0.01275	0.01657	0.02932	0.06247	0.03187	0.01530	0.00765	0.00255	0.00510	0.73354	0.00510	0.00510
47	0.00791	0.00593	0.00890	0.00890	0.00989	0.00692	0.00692	0.00989	0.00890	0.01286	0.01483	0.02176	0.01385	0.04154	0.78341	0.00890	0.01483	0.00593	0.00297	0.00494
48	0.01307	0.01494	0.03268	0.02334	0.02894	0.01401	0.75070	0.01774	0.01307	0.01774	0.01120	0.01494	0.00840	0.00467	0.00654	0.00187	0.00934	0.00654	0.00280	0.00747
49	0.01378	0.01190	0.01252	0.01127	0.01440	0.01378	0.00877	0.02943	0.76081	0.02317	0.02254	0.02066	0.01691	0.00751	0.00564	0.00188	0.00438	0.00626	0.00564	0.00877
50	0.00784	0.00566	0.00740	0.00697	0.00827	0.00523	0.00523	0.01045	0.01568	0.02221	0.76789	0.04137	0.05226	0.01132	0.00653	0.00174	0.00261	0.01002	0.00610	0.00523
51	0.84448	0.01071	0.00814	0.00728	0.01071	0.01242	0.00600	0.01628	0.00943	0.02485	0.00771	0.00900	0.00600	0.00514	0.00343	0.00171	0.00428	0.00300	0.00343	0.00600
52	0.01212	0.01212	0.01696	0.01454	0.01454	0.01696	0.01212	0.01333	0.00848	0.01333	0.00727	0.01212	0.00727	0.00969	0.01818	0.00242	0.79523	0.00485	0.00242	0.00606
53	0.01307	0.01494	0.03268	0.02334	0.02894	0.01401	0.75070	0.01774	0.01307	0.01774	0.01120	0.01494	0.00840	0.00467	0.00654	0.00187	0.00934	0.00654	0.00280	0.00747
54	0.00655	0.00561	0.00561	0.00561	0.00748	0.00468	0.00421	0.00795	0.01262	0.01496	0.05610	0.05330	0.76857	0.01403	0.00655	0.00187	0.00281	0.01169	0.00514	0.00468
55	0.00731	0.00562	0.00669	0.00646	0.00796	0.00500	0.00483	0.00942	0.01438	0.01922	0.47557	0.06415	0.32832	0.01251	0.00655	0.00180	0.00270	0.01080	0.00571	0.00500
56	0.00785	0.00581	0.00734	0.00693	0.00834	0.00538	0.00521	0.01066	0.03398	0.02146	0.67365	0.04212	0.12746	0.01151	0.00651	0.00176	0.00268	0.01010	0.00598	0.00526
57	0.08784	0.03693	0.01589	0.03004	0.03504	0.01616	0.01009	0.60201	0.02292	0.03192	0.01275	0.01320	0.00923	0.00639	0.00523	0.00164	0.00582	0.00477	0.04336	0.00879
58	0.00791	0.00593	0.00890	0.00890	0.00989	0.00692	0.00692	0.00989	0.00890	0.01286	0.01483	0.02176	0.01385	0.04154	0.78341	0.00890	0.01483	0.00593	0.00297	0.00494
59	0.02446	0.01004	0.01323	0.01015	0.01445	0.00906	0.00838	0.10047	0.01688	0.69971	0.02098	0.01829	0.01327	0.00683	0.00557	0.00171	0.00485	0.00551	0.00672	0.00942
60	0.01243	0.02226	0.44449	0.02287	0.30535	0.03489	0.04478	0.01747	0.01220	0.01764	0.01012	0.01252	0.00773	0.00513	0.00538	0.00171	0.00767	0.00448	0.00252	0.00833
61	0.01032	0.00516	0.00516	0.00516	0.00645	0.00516	0.00387	0.01290	0.01161	0.02065	0.01807	0.02065	0.01420	0.00645	0.00387	0.00129	0.00258	0.00516	0.83611	0.00516
62	0.00892	0.00637	0.00892	0.01020	0.01147	0.00637	0.00892	0.01147	0.01275	0.01657	0.02932	0.06247	0.03187	0.01530	0.00765	0.00255	0.00510	0.73354	0.00510	0.00510
63	0.75739	0.01237	0.00894	0.00802	0.01139	0.09391	0.00650	0.01690	0.01009	0.02365	0.00780	0.00910	0.00612	0.00520	0.00359	0.00168	0.00489	0.00306	0.00337	0.00604
64	0.00708	0.00516	0.00667	0.00729	0.00806	0.00475	0.00509	0.00862	0.01242	0.01682	0.27160	0.49256	0.10311	0.01512	0.00685	0.00205	0.00298	0.01355	0.00545	0.00475
65	0.01148	0.00984	0.01148	0.00820	0.01312	0.00738	0.00656	0.01395	0.01148	0.01805	0.00984	0.01148	0.00820	0.00410	0.00410	0.00082	0.00410	0.00328	0.00328	0.83922
66	0.00675	0.00482	0.00643	0.00771	0.00803	0.00450	0.00514	0.00771	0.01060	0.01414	0.03053	0.80175	0.03663	0.01735	0.00707	0.00225	0.00321	0.01574	0.00514	0.00450
67	0.00805	0.00537	0.00604	0.00604	0.00604	0.00537	0.00336	0.00805	0.00805	0.01074	0.01745	0.03624	0.02013	0.80536	0.02819	0.00537	0.00537	0.00805	0.00336	0.00336
68	0.01046	0.00984	0.01661	0.79205	0.03814	0.01230	0.01538	0.01415	0.01107	0.01415	0.00984	0.01477	0.00738	0.00554	0.00554	0.00185	0.00738	0.00492	0.00246	0.00615
69	0.01055	0.00993	0.01677	0.77146	0.05805	0.01233	0.01542	0.01423	0.01112	0.01426	0.00986	0.01474	0.00742	0.00552	0.00554	0.00184	0.00736	0.00492	0.00247	0.00622
70	0.01057	0.00995	0.01680	0.76715	0.06222	0.01233	0.01543	0.01424	0.01112	0.01428	0.00986	0.01473	0.00743	0.00552	0.00554	0.00184	0.00736	0.00492	0.00247	0.00624
71	0.00655	0.00559	0.00563	0.00567	0.00750	0.00467	0.00424	0.00794	0.01256	0.01494	0.05534	0.07571	0.74665	0.01413	0.00656	0.00188	0.00282	0.01181	0.00514	0.00467
72	0.01273	0.01312	0.02505	0.25991	0.04780	0.01392	0.39289	0.06561	0.01292	0.01742	0.01057	0.01451	0.00807	0.00550	0.00712	0.00189	0.07527	0.00575	0.00285	0.00710
73	0.84448	0.01071	0.00814	0.00728	0.01071	0.01242	0.00600	0.01628	0.00943	0.02485	0.00771	0.00900	0.00600	0.00514	0.00343	0.00171	0.00428	0.00300	0.00343	0.00600
74	0.02086	0.01542	0.01651	0.01270	0.01710	0.01708	0.01048	0.73310	0.04561	0.03459	0.01354	0.01349	0.00962	0.00667	0.00554	0.00167	0.00605	0.00502	0.00554	0.00940
75	0.01576	0.01246	0.01340	0.01147	0.01495	0.01401	0.00912	0.20410	0.51276	0.05423	0.02016	0.01985	0.01521	0.00743	0.00563	0.00181	0.00483	0.02801	0.00558	0.02922

[dist]
# distance from previous block
# <min> <max>
1	23

[block]
# block no. 1 follows, 43 sequences, length 94
# corresponding to MSA columns:
# 102-195
name=unknown_B
#
# <colnr> <probs for GDERKNQSTAVLIFYWHMCP>
#	G	D	E	R	K	N	Q	S	T	A	V	L	I	F	Y	W	H	M	C	P
0	0.01298	0.14679	0.03347	0.03713	0.01531	0.06561	0.01160	0.01452	0.00964	0.01362	0.00789	0.01177	0.00744	0.00830	0.01381	0.00209	0.54931	0.00445	0.02799	0.00627
1	0.01255	0.01355	0.02644	0.02086	0.07250	0.01430	0.46405	0.01603	0.01163	0.01635	0.01068	0.03376	0.00898	0.00745	0.03277	0.00222	0.21993	0.00619	0.00276	0.00703
2	0.13998	0.15904	0.11734	0.03682	0.23353	0.08350	0.04455	0.01731	0.01182	0.03728	0.00939	0.01164	0.00766	0.00543	0.00571	0.00164	0.06293	0.00413	0.00282	0.00747
3	0.00675	0.00482	0.00643	0.00771	0.00803	0.00450	0.00514	0.00771	0.01060	0.01414	0.03053	0.80175	0.03663	0.01735	0.00707	0.00225	0.00321	0.01574	0.00514	0.00450
4	0.07633	0.01576	0.01632	0.03551	0.12833	0.12002	0.01106	0.44470	0.02053	0.02771	0.01194	0.01294	0.00891	0.00613	0.00524	0.00162	0.00647	0.00465	0.03742	0.00842
5	0.00791	0.00593	0.00890	0.00890	0.00989	0.00692	0.00692	0.00989	0.00890	0.01286	0.01483	0.02176	0.01385	0.04154	0.78341	0.00890	0.01483	0.00593	0.00297	0.00494
6	0.01562	0.01485	0.01946	0.20782	0.19312	0.14379	0.10806	0.13515	0.01513	0.05605	0.01157	0.01494	0.00905	0.00581	0.00562	0.00171	0.00750	0.02373	0.00341	0.00761
7	0.00960	0.00839	0.05708	0.02728	0.03313	0.00744	0.00884	0.01353	0.08176	0.03483	0.17105	0.04725	0.09788	0.01240	0.00685	0.00216	0.00462	0.36500	0.00509	0.00583
8	0.01349	0.01165	0.01225	0.01105	0.01413	0.01342	0.00859	0.02858	0.73119	0.02284	0.02387	0.02196	0.04667	0.00777	0.00567	0.00188	0.00432	0.00648	0.00562	0.00860
9	0.01293	0.01051	0.03286	0.01032	0.01471	0.00861	0.08190	0.03110	0.06445	0.10004	0.03540	0.07995	0.01303	0.00608	0.00498	0.00128	0.00474	0.00534	0.00404	0.47773
10	0.75597	0.07890	0.01011	0.00762	0.01109	0.01333	0.00642	0.01624	0.00956	0.02359	0.00770	0.00905	0.00612	0.00520	0.00375	0.00168	0.02120	0.00303	0.00332	0.00609
11	0.01481	0.80869	0.02902	0.00948	0.01421	0.02191	0.00948	0.01658	0.01125	0.01303	0.00770	0.00888	0.00711	0.00474	0.00355	0.00118	0.00592	0.00296	0.00237	0.00711
12	0.01111	0.02865	0.77667	0.01579	0.02397	0.01286	0.02046	0.01754	0.01169	0.01754	0.00994	0.01169	0.00702	0.00526	0.00526	0.00175	0.00818	0.00409	0.00234	0.00818
13	0.00784	0.00566	0.00740	0.00697	0.00827	0.00523	0.00523	0.01045	0.01568	0.02221	0.76789	0.04137	0.05226	0.01132	0.00653	0.00174	0.00261	0.01002	0.00610	0.00523
14	0.01111	0.02865	0.77667	0.01579	0.02397	0.01286	0.02046	0.01754	0.01169	0.01754	0.00994	0.01169	0.00702	0.00526	0.00526	0.00175	0.00818	0.00409	0.00234	0.00818
15	0.01481	0.80869	0.02902	0.00948	0.01421	0.02191	0.00948	0.01658	0.01125	0.01303	0.00770	0.00888	0.00711	0.00474	0.00355	0.00118	0.00592	0.00296	0.00237	0.00711
16	0.00862	0.00615	0.00857	0.00985	0.01099	0.00611	0.00839	0.01094	0.01245	0.01623	0.02949	0.16710	0.03255	0.01559	0.00757	0.00251	0.00483	0.63195	0.00511	0.00501
17	0.00840	0.00574	0.00675	0.00667	0.00695	0.00591	0.00410	0.03141	0.00880	0.01187	0.01737	0.05647	0.01947	0.65753	0.12524	0.00562	0.00656	0.00791	0.00343	0.00379
18	0.01004	0.00700	0.02503	0.00744	0.02587	0.00589	0.00569	0.01224	0.03041	0.12896	0.16463	0.04232	0.44851	0.02767	0.00668	0.00187	0.00334	0.00979	0.03092	0.00572
19	0.00675	0.00482	0.00643	0.00771	0.00803	0.00450	0.00514	0.00771	0.01060	0.01414	0.03053	0.80175	0.03663	0.01735	0.00707	0.00225	0.00321	0.01574	0.00514	0.00450
20	0.00675	0.00482	0.00643	0.00771	0.00803	0.00450	0.00514	0.00771	0.01060	0.01414	0.03053	0.80175	0.03663	0.01735	0.00707	0.00225	0.00321	0.01574	0.00514	0.00450
21	0.01825	0.01927	0.04090	0.07158	0.16490	0.31808	0.01245	0.22892	0.03682	0.02094	0.01076	0.01231	0.00837	0.00585	0.00531	0.00159	0.00783	0.00442	0.00363	0.00783
22	0.01169	0.02783	0.74407	0.01553	0.02355	0.01266	0.01994	0.01794	0.01187	0.04985	0.01045	0.01200	0.00730	0.00533	0.00527	0.00175	0.00804	0.00416	0.00253	0.00824
23	0.00784	0.00566	0.00740	0.00697	0.00827	0.00523	0.00523	0.01045	0.01568	0.02221	0.76789	0.04137	0.05226	0.01132	0.00653	0.00174	0.00261	0.01002	0.00610	0.00523
24	0.01362	0.01307	0.02233	0.05328	0.75218	0.01314	0.01696	0.01692	0.01257	0.01799	0.01040	0.01373	0.00874	0.00495	0.00548	0.00165	0.00660	0.00493	0.00273	0.00871
25	0.01128	0.01099	0.01931	0.56920	0.11771	0.01278	0.11187	0.01521	0.02603	0.01521	0.01026	0.01471	0.00785	0.00551	0.00602	0.00184	0.02979	0.00516	0.00260	0.00667
26	0.01309	0.01457	0.03092	0.04507	0.12651	0.01385	0.63501	0.01755	0.01296	0.01769	0.01107	0.01477	0.00842	0.00473	0.00637	0.00184	0.00892	0.00628	0.00278	0.00761
27	0.00662	0.00561	0.00572	0.00579	0.00760	0.00472	0.00436	0.00804	0.01258	0.01499	0.05475	0.07161	0.73059	0.01414	0.00659	0.00190	0.00288	0.03170	0.00514	0.00468
28	0.01148	0.00984	0.01148	0.00820	0.01312	0.00738	0.00656	0.01395	0.01148	0.01805	0.00984	0.01148	0.00820	0.00410	0.00410	0.00082	0.00410	0.00328	0.00328	0.83922
29	0.02109	0.01504	0.01628	0.01252	0.01691	0.01653	0.01033	0.68791	0.04568	0.07996	0.01408	0.01384	0.00989	0.00668	0.00554	0.00167	0.00596	0.00506	0.00562	0.00940
30	0.00724	0.00564	0.00657	0.00634	0.00791	0.00497	0.00475	0.00929	0.01426	0.01884	0.43701	0.04692	0.38525	0.01258	0.00654	0.00180	0.00270	0.01079	0.00565	0.00497
31	0.03766	0.02754	0.03061	0.01139	0.01485	0.04916	0.00922	0.11127	0.50381	0.08798	0.02002	0.01971	0.01508	0.00735	0.00555	0.00182	0.00500	0.02802	0.00539	0.00856
32	0.06455	0.00949	0.01262	0.00973	0.01397	0.00835	0.00804	0.02647	0.01554	0.73833	0.02116	0.01837	0.01334	0.00677	0.00547	0.00171	0.00469	0.00544	0.00669	0.00926
33	0.00784	0.00566	0.00740	0.00697	0.00827	0.00523	0.00523	0.01045	0.01568	0.02221	0.76789	0.04137	0.05226	0.01132	0.00653	0.00174	0.00261	0.01002	0.00610	0.00523
34	0.02019	0.01476	0.01579	0.01222	0.01642	0.01632	0.01006	0.68778	0.04241	0.03371	0.01382	0.01394	0.00990	0.00666	0.00544	0.00164	0.00583	0.00503	0.05896	0.00913
35	0.02105	0.01551	0.01662	0.01274	0.01717	0.01717	0.01053	0.75235	0.02604	0.03490	0.01330	0.01330	0.00942	0.00665	0.00554	0.00166	0.00609	0.00499	0.00554	0.00942
36	0.84448	0.01071	0.00814	0.00728	0.01071	0.01242	0.00600	0.01628	0.00943	0.02485	0.00771	0.00900	0.00600	0.00514	0.00343	0.00171	0.00428	0.00300	0.00343	0.00600
37	0.02485	0.00943	0.01285	0.00985	0.01414	0.00814	0.00814	0.02699	0.01585	0.77465	0.02185	0.01885	0.01371	0.00685	0.00557	0.00171	0.00471	0.00557	0.00685	0.00943
38	0.00655	0.00561	0.00561	0.00561	0.00748	0.00468	0.00421	0.00795	0.01262	0.01496	0.05610	0.05330	0.76857	0.01403	0.00655	0.00187	0.00281	0.01169	0.00514	0.00468
39	0.02433	0.00931	0.01269	0.00977	0.01396	0.00805	0.00805	0.02648	0.01585	0.75159	0.04472	0.01954	0.01489	0.00699	0.00560	0.00171	0.00465	0.00571	0.00683	0.00930
40	0.02105	0.01551	0.01662	0.01274	0.01717	0.01717	0.01053	0.75235	0.02604	0.03490	0.01330	0.01330	0.00942	0.00665	0.00554	0.00166	0.00609	0.00499	0.00554	0.00942
41	0.01481	0.80869	0.02902	0.00948	0.01421	0.02191	0.00948	0.01658	0.01125	0.01303	0.00770	0.00888	0.00711	0.00474	0.00355	0.00118	0.00592	0.00296	0.00237	0.00711
42	0.00791	0.00593	0.00890	0.00890	0.00989	0.00692	0.00692	0.00989	0.00890	0.01286	0.01483	0.02176	0.01385	0.04154	0.78341	0.00890	0.01483	0.00593	0.00297	0.00494
43	0.01307	0.01494	0.03268	0.02334	0.02894	0.01401	0.75070	0.01774	0.01307	0.01774	0.01120	0.01494	0.00840	0.00467	0.00654	0.00187	0.00934	0.00654	0.00280	0.00747
44	0.01046	0.00984	0.01661	0.79205	0.03814	0.01230	0.01538	0.01415	0.01107	0.01415	0.00984	0.01477	0.00738	0.00554	0.00554	0.00185	0.00738	0.00492	0.00246	0.00615
45	0.00679	0.00484	0.00641	0.00766	0.00797	0.00453	0.00509	0.00772	0.01052	0.01403	0.03012	0.77796	0.03612	0.04184	0.00773	0.00235	0.00328	0.01551	0.00509	0.00446
46	0.01046	0.00984	0.01661	0.79205	0.03814	0.01230	0.01538	0.01415	0.01107	0.01415	0.00984	0.01477	0.00738	0.00554	0.00554	0.00185	0.00738	0.00492	0.00246	0.00615
47	0.00784	0.00566	0.00740	0.00697	0.00827	0.00523	0.00523	0.01045	0.01568	0.02221	0.76789	0.04137	0.05226	0.01132	0.00653	0.00174	0.00261	0.01002	0.00610	0.00523
48	0.01111	0.02865	0.77667	0.01579	0.02397	0.01286	0.02046	0.01754	0.01169	0.01754	0.00994	0.01169	0.00702	0.00526	0.00526	0.00175	0.00818	0.00409	0.00234	0.00818
49	0.02103	0.01618	0.01656	0.01284	0.01717	0.06434	0.01054	0.70738	0.02540	0.03359	0.01301	0.01309	0.00928	0.00659	0.00551	0.00165	0.00633	0.00490	0.00537	0.00923
50	0.00769	0.00566	0.00720	0.00682	0.00819	0.00516	0.00511	0.01017	0.01534	0.02140	0.68874	0.04270	0.13191	0.01162	0.00653	0.00176	0.00263	0.01020	0.00599	0.00516
51	0.01032	0.00516	0.00516	0.00516	0.00645	0.00516	0.00387	0.01290	0.01161	0.02065	0.01807	0.02065	0.01420	0.00645	0.00387	0.00129	0.00258	0.00516	0.83611	0.00516
52	0.02074	0.01536	0.01645	0.01268	0.01706	0.01703	0.01045	0.72150	0.05740	0.03440	0.01369	0.01361	0.00974	0.00669	0.00554	0.00167	0.00602	0.00504	0.00554	0.00939
53	0.01046	0.00984	0.01661	0.79205	0.03814	0.01230	0.01538	0.01415	0.01107	0.01415	0.00984	0.01477	0.00738	0.00554	0.00554	0.00185	0.00738	0.00492	0.00246	0.00615
54	0.00675	0.00482	0.00643	0.00771	0.00803	0.00450	0.00514	0.00771	0.01060	0.01414	0.03053	0.80175	0.03663	0.01735	0.00707	0.00225	0.00321	0.01574	0.00514	0.00450
55	0.81187	0.01133	0.00844	0.00756	0.01096	0.04294	0.00618	0.01651	0.00967	0.02440	0.00775	0.00904	0.00604	0.00516	0.00349	0.00170	0.00451	0.00302	0.00340	0.00601
56	0.00675	0.00482	0.00643	0.00771	0.00803	0.00450	0.00514	0.00771	0.01060	0.01414	0.03053	0.80175	0.03663	0.01735	0.00707	0.00225	0.00321	0.01574	0.00514	0.00450
57	0.00776	0.00566	0.00730	0.00689	0.00823	0.00519	0.00517	0.01030	0.01550	0.02178	0.72604	0.04207	0.09438	0.01148	0.00653	0.00175	0.00262	0.01011	0.00604	0.00519
58	0.02105	0.01551	0.01662	0.01274	0.01717	0.01717	0.01053	0.75235	0.02604	0.03490	0.01330	0.01330	0.00942	0.00665	0.00554	0.00166	0.00609	0.00499	0.00554	0.00942
59	0.00675	0.00482	0.00643	0.00771	0.00803	0.00450	0.00514	0.00771	0.01060	0.01414	0.03053	0.80175	0.03663	0.01735	0.00707	0.00225	0.00321	0.01574	0.00514	0.00450
60	0.02462	0.00979	0.01308	0.01003	0.01432	0.00869	0.00828	0.07085	0.01647	0.72992	0.02133	0.01851	0.01345	0.00684	0.00557	0.00171	0.00480	0.00553	0.00678	0.00942
61	0.00793	0.00586	0.00853	0.00853	0.00939	0.00672	0.00646	0.00965	0.00879	0.01258	0.01518	0.02365	0.01467	0.14148	0.68460	0.00844	0.01360	0.00621	0.00302	0.00474
62	0.00692	0.00494	0.00662	0.00790	0.00830	0.00464	0.00543	0.00800	0.01077	0.01433	0.03043	0.74436	0.03626	0.01719	0.00711	0.00227	0.00336	0.07146	0.00514	0.00455
63	0.00962	0.00481	0.00722	0.00722	0.00722	0.00481	0.00481	0.00722	0.00722	0.00962	0.00962	0.01684	0.00962	0.01924	0.02165	0.83886	0.00481	0.00481	0.00241	0.00241
64	0.01346	0.01291	0.02203	0.09190	0.71484	0.01309	0.01687	0.01678	0.01249	0.01779	0.01037	0.01379	0.00867	0.00498	0.00549	0.00166	0.00664	0.00493	0.00272	0.00857
65	0.01266	0.01545	0.08419	0.04593	0.02824	0.01358	0.65356	0.01731	0.01284	0.01751	0.01166	0.03870	0.00913	0.00512	0.00643	0.00187	0.00901	0.00659	0.00283	0.00739
66	0.01469	0.78475	0.05197	0.00967	0.01451	0.02164	0.00981	0.01661	0.01127	0.01317	0.00777	0.00897	0.00710	0.00475	0.00361	0.00120	0.00599	0.00300	0.00237	0.00714
67	0.01307	0.01494	0.03268	0.02334	0.02894	0.01401	0.75070	0.01774	0.01307	0.01774	0.01120	0.01494	0.00840	0.00467	0.00654	0.00187	0.00934	0.00654	0.00280	0.00747
68	0.01766	0.01369	0.01463	0.01192	0.01572	0.01534	0.00962	0.43947	0.31143	0.02980	0.04910	0.01736	0.01416	0.00718	0.00562	0.00175	0.00528	0.00570	0.00560	0.00899
69	0.00711	0.00502	0.00653	0.00758	0.00792	0.00476	0.00508	0.00804	0.01042	0.01390	0.04255	0.62162	0.03403	0.14239	0.01045	0.00275	0.00366	0.05695	0.00487	0.00437
70	0.00675	0.00482	0.00643	0.00771	0.00803	0.00450	0.00514	0.00771	0.01060	0.01414	0.03053	0.80175	0.03663	0.01735	0.00707	0.00225	0.00321	0.01574	0.00514	0.00450
71	0.00675	0.00482	0.00643	0.00771	0.00803	0.00450	0.00514	0.00771	0.01060	0.01414	0.03053	0.80175	0.03663	0.01735	0.00707	0.00225	0.00321	0.01574	0.00514	0.00450
72	0.01275	0.08355	0.17406	0.04316	0.02634	0.01446	0.49122	0.01767	0.03011	0.01722	0.01080	0.01387	0.00817	0.00500	0.00627	0.00180	0.02761	0.00567	0.00272	0.00753
73	0.01131	0.04571	0.71464	0.01610	0.02405	0.01314	0.06426	0.01753	0.01177	0.01745	0.00996	0.01182	0.00710	0.00521	0.00530	0.00175	0.00820	0.00421	0.00237	0.00812
74	0.00892	0.00637	0.00892	0.01020	0.01147	0.00637	0.00892	0.01147	0.01275	0.01657	0.02932	0.06247	0.03187	0.01530	0.00765	0.00255	0.00510	0.73354	0.00510	0.00510
75	0.00664	0.00561	0.00574	0.00571	0.00754	0.00471	0.00428	0.00813	0.01284	0.01547	0.10640	0.05246	0.71795	0.01384	0.00654	0.00186	0.00279	0.01157	0.00521	0.00471
76	0.01442	0.03025	0.05387	0.27232	0.08760	0.03107	0.01222	0.02185	0.26082	0.13422	0.01587	0.01685	0.01160	0.00632	0.00550	0.00179	0.00598	0.00535	0.00421	0.00788
77	0.01714	0.01805	0.01622	0.26047	0.05345	0.34637	0.01227	0.13149	0.03843	0.03902	0.01057	0.01273	0.00811	0.00585	0.00530	0.00163	0.00811	0.00441	0.00333	0.00704
78	0.80335	0.01160	0.04607	0.00770	0.01136	0.01245	0.00671	0.01634	0.00954	0.02449	0.00782	0.00913	0.00605	0.00515	0.00352	0.00172	0.00448	0.00305	0.00337	0.00611
79	0.00658	0.00561	0.00565	0.00564	0.00750	0.00469	0.00423	0.00801	0.01270	0.01514	0.07335	0.05301	0.75121	0.01396	0.00655	0.00187	0.00280	0.01165	0.00517	0.00469
80	0.00850	0.00735	0.02784	0.01013	0.09005	0.02100	0.00687	0.01091	0.01421	0.01943	0.45333	0.11234	0.15821	0.01148	0.00644	0.00181	0.00346	0.02577	0.00532	0.00554
81	0.02485	0.00943	0.01285	0.00985	0.01414	0.00814	0.00814	0.02699	0.01585	0.77465	0.02185	0.01885	0.01371	0.00685	0.00557	0.00171	0.00471	0.00557	0.00685	0.00943
82	0.00666	0.00561	0.00577	0.00573	0.00755	0.00472	0.00430	0.00817	0.01289	0.01559	0.11826	0.05226	0.70602	0.01379	0.00654	0.00186	0.00279	0.01154	0.00523	0.00472
83	0.01202	0.00953	0.01035	0.00957	0.01214	0.01037	0.00733	0.02207	0.46518	0.06347	0.04900	0.12478	0.16083	0.01002	0.00600	0.00191	0.00391	0.00852	0.00556	0.00741
84	0.00801	0.00574	0.00725	0.00682	0.00828	0.00521	0.00513	0.01043	0.01521	0.03765	0.64217	0.04271	0.16140	0.01164	0.00651	0.00176	0.00269	0.01017	0.00597	0.00523
85	0.01371	0.01316	0.02248	0.03399	0.77081	0.01316	0.01700	0.01700	0.01261	0.01809	0.01042	0.01371	0.00877	0.00493	0.00548	0.00164	0.00658	0.00493	0.00274	0.00877
86	0.00784	0.00566	0.00740	0.00697	0.00827	0.00523	0.00523	0.01045	0.01568	0.02221	0.76789	0.04137	0.05226	0.01132	0.00653	0.00174	0.00261	0.01002	0.00610	0.00523
87	0.02485	0.00943	0.01285	0.00985	0.01414	0.00814	0.00814	0.02699	0.01585	0.77465	0.02185	0.01885	0.01371	0.00685	0.00557	0.00171	0.00471	0.00557	0.00685	0.00943
88	0.02485	0.00943	0.01285	0.00985	0.01414	0.00814	0.00814	0.02699	0.01585	0.77465	0.02185	0.01885	0.01371	0.00685	0.00557	0.00171	0.00471	0.00557	0.00685	0.00943
89	0.00790	0.00598	0.00754	0.00836	0.00977	0.00562	0.00694	0.00991	0.01254	0.01581	0.03904	0.11655	0.29707	0.01500	0.00721	0.00228	0.00413	0.41834	0.00512	0.00490
90	0.84448	0.01071	0.00814	0.00728	0.01071	0.01242	0.00600	0.01628	0.00943	0.02485	0.00771	0.00900	0.00600	0.00514	0.00343	0.00171	0.00428	0.00300	0.00343	0.00600
91	0.00675	0.00482	0.00643	0.00771	0.00803	0.00450	0.00514	0.00771	0.01060	0.01414	0.03053	0.80175	0.03663	0.01735	0.00707	0.00225	0.00321	0.01574	0.00514	0.00450
92	0.01594	0.36011	0.03666	0.01476	0.12704	0.21856	0.01108	0.03598	0.05832	0.01537	0.02818	0.01166	0.00913	0.00556	0.00494	0.00143	0.03119	0.00391	0.00292	0.00727
93	0.01155	0.01006	0.01239	0.00885	0.01380	0.00767	0.03832	0.01411	0.01155	0.01803	0.00990	0.01163	0.00821	0.00413	0.00421	0.00086	0.00432	0.00342	0.00326	0.80372

[dist]
# distance from previous block
# <min> <max>
0	1

[block]
# block no. 2 follows, 43 sequences, length 19
# corresponding to MSA columns:
# 197-215
name=unknown_C
#
# <colnr> <probs for GDERKNQSTAVLIFYWHMCP>
#	G	D	E	R	K	N	Q	S	T	A	V	L	I	F	Y	W	H	M	C	P
0	0.01503	0.01335	0.02080	0.02950	0.62131	0.03957	0.01543	0.07085	0.01398	0.06744	0.03184	0.01463	0.01026	0.00538	0.00550	0.00165	0.00644	0.00507	0.00330	0.00868
1	0.01212	0.01212	0.01696	0.01454	0.01454	0.01696	0.01212	0.01333	0.00848	0.01333	0.00727	0.01212	0.00727	0.00969	0.01818	0.00242	0.79523	0.00485	0.00242	0.00606
2	0.00675	0.00482	0.00643	0.00771	0.00803	0.00450	0.00514	0.00771	0.01060	0.01414	0.03053	0.80175	0.03663	0.01735	0.00707	0.00225	0.00321	0.01574	0.00514	0.00450
3	0.84448	0.01071	0.00814	0.00728	0.01071	0.01242	0.00600	0.01628	0.00943	0.02485	0.00771	0.00900	0.00600	0.00514	0.00343	0.00171	0.00428	0.00300	0.00343	0.00600
4	0.01337	0.01289	0.02224	0.10764	0.67484	0.01310	0.04102	0.01674	0.01248	0.01770	0.01039	0.01385	0.00862	0.00498	0.00552	0.00167	0.00675	0.00499	0.00272	0.00847
5	0.01164	0.11592	0.65877	0.01488	0.02245	0.01392	0.01871	0.01795	0.04453	0.01728	0.01024	0.01177	0.00746	0.00530	0.00509	0.00170	0.00776	0.00406	0.00249	0.00809
6	0.00684	0.00518	0.00634	0.00721	0.00810	0.00469	0.00511	0.00805	0.01141	0.01458	0.03867	0.50872	0.27173	0.01614	0.00694	0.00215	0.00322	0.06520	0.00514	0.00460
7	0.02114	0.01019	0.01308	0.01088	0.03691	0.00971	0.00859	0.13894	0.06037	0.49558	0.08664	0.02162	0.01719	0.00753	0.00573	0.00175	0.00480	0.03420	0.00632	0.00883
8	0.01135	0.17582	0.15091	0.01005	0.01315	0.04172	0.00944	0.05858	0.01148	0.01525	0.05830	0.02126	0.03208	0.19725	0.13874	0.00366	0.03610	0.00568	0.00319	0.00598
9	0.00712	0.00509	0.00685	0.00814	0.00862	0.00482	0.00579	0.00836	0.01097	0.01456	0.03032	0.67515	0.03582	0.01700	0.00717	0.00230	0.00354	0.13866	0.00513	0.00460
10	0.01304	0.06268	0.22272	0.02004	0.17878	0.04521	0.20229	0.04691	0.05314	0.01790	0.01259	0.01496	0.03339	0.00663	0.02285	0.02319	0.00768	0.00526	0.00298	0.00774
11	0.01583	0.01139	0.01274	0.00972	0.01385	0.01101	0.00788	0.31046	0.01776	0.06995	0.04390	0.01491	0.01150	0.00585	0.00484	0.00130	0.00470	0.00459	0.09932	0.32850
12	0.01104	0.04278	0.01472	0.01217	0.01333	0.01290	0.03532	0.04479	0.00981	0.01443	0.01065	0.01574	0.00992	0.02096	0.30468	0.00470	0.37410	0.00518	0.00281	0.03998
13	0.00675	0.00482	0.00643	0.00771	0.00803	0.00450	0.00514	0.00771	0.01060	0.01414	0.03053	0.80175	0.03663	0.01735	0.00707	0.00225	0.00321	0.01574	0.00514	0.00450
14	0.00953	0.00858	0.01184	0.01117	0.01137	0.01089	0.00871	0.01068	0.00970	0.01400	0.04424	0.37187	0.02217	0.01323	0.01273	0.00232	0.40788	0.00998	0.00379	0.00532
15	0.01323	0.01446	0.06711	0.04915	0.40881	0.03231	0.16392	0.01659	0.01197	0.01695	0.00995	0.01351	0.00826	0.00575	0.00785	0.00183	0.14267	0.00516	0.00267	0.00788
16	0.00717	0.00518	0.00688	0.00808	0.00869	0.00489	0.00584	0.00848	0.01116	0.01468	0.03189	0.60659	0.08167	0.01673	0.00715	0.00229	0.00357	0.15931	0.00513	0.00463
17	0.01600	0.01751	0.02025	0.02750	0.52282	0.26651	0.01493	0.01868	0.01363	0.01660	0.00981	0.01248	0.00823	0.00519	0.00532	0.00157	0.00770	0.00448	0.00278	0.00800
18	0.04153	0.07155	0.64515	0.04783	0.05256	0.01336	0.01896	0.01728	0.01160	0.01743	0.00974	0.01164	0.00707	0.00523	0.00512	0.00172	0.00782	0.00405	0.00240	0.00798

[dist]
# distance from previous block
# <min> <max>
0	1

[block]
# block no. 3 follows, 43 sequences, length 23
# corresponding to MSA columns:
# 217-239
name=unknown_D
#
# <colnr> <probs for GDERKNQSTAVLIFYWHMCP>
#	G	D	E	R	K	N	Q	S	T	A	V	L	I	F	Y	W	H	M	C	P
0	0.00791	0.00582	0.00854	0.00862	0.00955	0.00666	0.00660	0.00978	0.00907	0.01311	0.01605	0.07359	0.01555	0.06220	0.68552	0.00812	0.01341	0.00662	0.02841	0.00487
1	0.84448	0.01071	0.00814	0.00728	0.01071	0.01242	0.00600	0.01628	0.00943	0.02485	0.00771	0.00900	0.00600	0.00514	0.00343	0.00171	0.00428	0.00300	0.00343	0.00600
2	0.00855	0.00698	0.00713	0.00660	0.00882	0.00641	0.00508	0.11096	0.01448	0.01772	0.05018	0.04776	0.66352	0.01301	0.00641	0.00184	0.00326	0.01076	0.00520	0.00533
3	0.02023	0.02552	0.01614	0.01557	0.06681	0.73237	0.01112	0.02178	0.01549	0.01385	0.00868	0.01023	0.00724	0.00566	0.00503	0.00144	0.00976	0.00366	0.00285	0.00658
4	0.00784	0.00566	0.00740	0.00697	0.00827	0.00523	0.00523	0.01045	0.01568	0.02221	0.76789	0.04137	0.05226	0.01132	0.00653	0.00174	0.00261	0.01002	0.00610	0.00523
5	0.01032	0.00516	0.00516	0.00516	0.00645	0.00516	0.00387	0.01290	0.01161	0.02065	0.01807	0.02065	0.01420	0.00645	0.00387	0.00129	0.00258	0.00516	0.83611	0.00516
6	0.84448	0.01071	0.00814	0.00728	0.01071	0.01242	0.00600	0.01628	0.00943	0.02485	0.00771	0.00900	0.00600	0.00514	0.00343	0.00171	0.00428	0.00300	0.00343	0.00600
7	0.01111	0.02865	0.77667	0.01579	0.02397	0.01286	0.02046	0.01754	0.01169	0.01754	0.00994	0.01169	0.00702	0.00526	0.00526	0.00175	0.00818	0.00409	0.00234	0.00818
8	0.84448	0.01071	0.00814	0.00728	0.01071	0.01242	0.00600	0.01628	0.00943	0.02485	0.00771	0.00900	0.00600	0.00514	0.00343	0.00171	0.00428	0.00300	0.00343	0.00600
9	0.84448	0.01071	0.00814	0.00728	0.01071	0.01242	0.00600	0.01628	0.00943	0.02485	0.00771	0.00900	0.00600	0.00514	0.00343	0.00171	0.00428	0.00300	0.00343	0.00600
10	0.01111	0.02865	0.77667	0.01579	0.02397	0.01286	0.02046	0.01754	0.01169	0.01754	0.00994	0.01169	0.00702	0.00526	0.00526	0.00175	0.00818	0.00409	0.00234	0.00818
11	0.00791	0.00593	0.00890	0.00890	0.00989	0.00692	0.00692	0.00989	0.00890	0.01286	0.01483	0.02176	0.01385	0.04154	0.78341	0.00890	0.01483	0.00593	0.00297	0.00494
12	0.01111	0.02865	0.77667	0.01579	0.02397	0.01286	0.02046	0.01754	0.01169	0.01754	0.00994	0.01169	0.00702	0.00526	0.00526	0.00175	0.00818	0.00409	0.00234	0.00818
13	0.01490	0.01319	0.01311	0.01160	0.01484	0.06481	0.00906	0.09545	0.64409	0.02361	0.02077	0.01928	0.01557	0.00732	0.00558	0.00183	0.00491	0.00597	0.00544	0.00867
14	0.00675	0.00482	0.00643	0.00771	0.00803	0.00450	0.00514	0.00771	0.01060	0.01414	0.03053	0.80175	0.03663	0.01735	0.00707	0.00225	0.00321	0.01574	0.00514	0.00450
15	0.01378	0.01190	0.01252	0.01127	0.01440	0.01378	0.00877	0.02943	0.76081	0.02317	0.02254	0.02066	0.01691	0.00751	0.00564	0.00188	0.00438	0.00626	0.00564	0.00877
16	0.00683	0.00485	0.00640	0.00761	0.00791	0.00455	0.00503	0.00773	0.01044	0.01392	0.02969	0.75311	0.03558	0.06742	0.00841	0.00245	0.00335	0.01526	0.00503	0.00443
17	0.01481	0.80869	0.02902	0.00948	0.01421	0.02191	0.00948	0.01658	0.01125	0.01303	0.00770	0.00888	0.00711	0.00474	0.00355	0.00118	0.00592	0.00296	0.00237	0.00711
18	0.01032	0.00516	0.00516	0.00516	0.00645	0.00516	0.00387	0.01290	0.01161	0.02065	0.01807	0.02065	0.01420	0.00645	0.00387	0.00129	0.00258	0.00516	0.83611	0.00516
19	0.01148	0.00984	0.01148	0.00820	0.01312	0.00738	0.00656	0.01395	0.01148	0.01805	0.00984	0.01148	0.00820	0.00410	0.00410	0.00082	0.00410	0.00328	0.00328	0.83922
20	0.00675	0.00482	0.00643	0.00771	0.00803	0.00450	0.00514	0.00771	0.01060	0.01414	0.03053	0.80175	0.03663	0.01735	0.00707	0.00225	0.00321	0.01574	0.00514	0.00450
21	0.00805	0.00537	0.00604	0.00604	0.00604	0.00537	0.00336	0.00805	0.00805	0.01074	0.01745	0.03624	0.02013	0.80536	0.02819	0.00537	0.00537	0.00805	0.00336	0.00336
22	0.03130	0.01085	0.01547	0.14995	0.23941	0.02915	0.02861	0.04778	0.11474	0.01929	0.15410	0.02133	0.03553	0.02556	0.00661	0.00184	0.03191	0.00625	0.02316	0.00715

[dist]
# distance from previous block
# <min> <max>
0	13

[block]
# block no. 4 follows, 43 sequences, length 40
# corresponding to MSA columns:
# 253-292
name=unknown_E
#
# <colnr> <probs for GDERKNQSTAVLIFYWHMCP>
#	G	D	E	R	K	N	Q	S	T	A	V	L	I	F	Y	W	H	M	C	P
0	0.01933	0.05360	0.01566	0.01364	0.01633	0.67896	0.01033	0.02076	0.01483	0.01343	0.00901	0.01119	0.00777	0.02586	0.04481	0.00191	0.02964	0.00380	0.00284	0.00629
1	0.02471	0.00965	0.01299	0.00996	0.01425	0.00848	0.00823	0.05394	0.01623	0.74716	0.02153	0.01864	0.01355	0.00685	0.00557	0.00171	0.00476	0.00555	0.00681	0.00943
2	0.01114	0.01028	0.01687	0.71900	0.06967	0.01259	0.01521	0.05154	0.01190	0.01537	0.01004	0.01464	0.00755	0.00557	0.00553	0.00183	0.00728	0.00493	0.00263	0.00643
3	0.00662	0.00558	0.00573	0.00576	0.00754	0.00470	0.00430	0.00807	0.01270	0.01530	0.09109	0.08206	0.70364	0.01402	0.00657	0.00188	0.00281	0.01176	0.00519	0.00470
4	0.00776	0.00569	0.00726	0.00715	0.00844	0.00526	0.00544	0.01007	0.01452	0.01999	0.54515	0.07480	0.13660	0.03930	0.00741	0.00199	0.00303	0.08936	0.00574	0.00505
5	0.00675	0.00482	0.00643	0.00771	0.00803	0.00450	0.00514	0.00771	0.01060	0.01414	0.03053	0.80175	0.03663	0.01735	0.00707	0.00225	0.00321	0.01574	0.00514	0.00450
6	0.01450	0.74292	0.09207	0.01001	0.01504	0.02115	0.01040	0.01666	0.01129	0.01341	0.00789	0.00912	0.00710	0.00478	0.00370	0.00123	0.00611	0.00306	0.00237	0.00720
7	0.01281	0.17572	0.46403	0.01748	0.14448	0.06031	0.01720	0.01754	0.01200	0.01653	0.00951	0.01138	0.00733	0.00513	0.00495	0.00161	0.00759	0.00398	0.00244	0.00797
8	0.00903	0.00644	0.00773	0.00737	0.00778	0.00697	0.00483	0.05294	0.00928	0.01265	0.01622	0.03125	0.01779	0.59343	0.14462	0.00554	0.05127	0.00736	0.00337	0.00412
9	0.01271	0.03817	0.17635	0.03735	0.04379	0.01393	0.53884	0.01788	0.03171	0.01765	0.01111	0.01426	0.00830	0.00488	0.00614	0.00182	0.00880	0.00589	0.00276	0.00763
10	0.00751	0.00561	0.00697	0.00671	0.00809	0.00507	0.00500	0.00978	0.01477	0.02025	0.57840	0.08203	0.20499	0.01220	0.00656	0.00179	0.00268	0.01066	0.00584	0.00507
11	0.00761	0.00583	0.00729	0.00733	0.02875	0.00527	0.00526	0.00987	0.01463	0.01989	0.53117	0.05923	0.25342	0.01203	0.00652	0.00179	0.00279	0.01047	0.00572	0.00515
12	0.00796	0.00581	0.00748	0.00823	0.00912	0.00549	0.00585	0.04608	0.01164	0.01565	0.02831	0.64522	0.03312	0.01583	0.00687	0.00216	0.00359	0.08225	0.00505	0.05429
13	0.01185	0.01171	0.01629	0.01400	0.01420	0.01605	0.01160	0.01310	0.00869	0.01354	0.00840	0.04721	0.00861	0.00982	0.01715	0.00236	0.73034	0.00527	0.00258	0.03723
14	0.02074	0.05526	0.01724	0.01258	0.01703	0.01741	0.01047	0.71548	0.02530	0.03381	0.01302	0.01308	0.00930	0.00655	0.00544	0.00164	0.00609	0.00488	0.00538	0.00930
15	0.01821	0.01241	0.01411	0.01085	0.01521	0.01234	0.00893	0.38501	0.01952	0.14486	0.01460	0.01657	0.01108	0.00647	0.00526	0.00148	0.00525	0.04778	0.00508	0.24497
16	0.01510	0.70459	0.02695	0.00984	0.01427	0.09328	0.00943	0.01688	0.01184	0.01342	0.03629	0.01021	0.00880	0.00508	0.00380	0.00123	0.00618	0.00328	0.00255	0.00697
17	0.02052	0.01477	0.01651	0.01272	0.01701	0.04159	0.04743	0.57529	0.03552	0.10983	0.01425	0.01424	0.01004	0.00654	0.00551	0.00166	0.00609	0.00510	0.03631	0.00905
18	0.00655	0.00561	0.00561	0.00561	0.00748	0.00468	0.00421	0.00795	0.01262	0.01496	0.05610	0.05330	0.76857	0.01403	0.00655	0.00187	0.00281	0.01169	0.00514	0.00468
19	0.02485	0.00943	0.01285	0.00985	0.01414	0.00814	0.00814	0.02699	0.01585	0.77465	0.02185	0.01885	0.01371	0.00685	0.00557	0.00171	0.00471	0.00557	0.00685	0.00943
20	0.01242	0.01040	0.01198	0.00864	0.01352	0.00834	0.00695	0.08582	0.01290	0.01969	0.01018	0.01166	0.00832	0.00435	0.00424	0.00090	0.00430	0.00345	0.00350	0.75845
21	0.00784	0.00566	0.00740	0.00697	0.00827	0.00523	0.00523	0.01045	0.01568	0.02221	0.76789	0.04137	0.05226	0.01132	0.00653	0.00174	0.00261	0.01002	0.00610	0.00523
22	0.84448	0.01071	0.00814	0.00728	0.01071	0.01242	0.00600	0.01628	0.00943	0.02485	0.00771	0.00900	0.00600	0.00514	0.00343	0.00171	0.00428	0.00300	0.00343	0.00600
23	0.00711	0.00562	0.00633	0.00616	0.00775	0.00492	0.00458	0.00894	0.01368	0.01769	0.33647	0.04800	0.45968	0.03983	0.00728	0.00194	0.00282	0.01090	0.00546	0.00485
24	0.00680	0.00497	0.00639	0.00740	0.00798	0.00457	0.00503	0.00793	0.01120	0.01479	0.08378	0.65811	0.12763	0.01653	0.00697	0.00217	0.00312	0.01486	0.00521	0.00457
