[name]
unknown

[dist]
# distance from previous block
# <min> <max>
0	15

[block]
# block no. 0 follows, 46 sequences, length 56
# corresponding to MSA columns:
# 15-70
name=unknown_A
#
# <colnr> <probs for GDERKNQSTAVLIFYWHMCP>
#	G	D	E	R	K	N	Q	S	T	A	V	L	I	F	Y	W	H	M	C	P
0	0.09061	0.22306	0.32615	0.01187	0.01714	0.02802	0.03376	0.04501	0.04194	0.04016	0.01155	0.04897	0.00983	0.00607	0.00470	0.00159	0.00629	0.04319	0.00299	0.00710
1	0.02959	0.20292	0.31119	0.08826	0.06804	0.01447	0.10371	0.07050	0.01227	0.01697	0.02908	0.01209	0.00827	0.00509	0.00485	0.00156	0.00692	0.00425	0.00266	0.00732
2	0.02471	0.05395	0.21200	0.03498	0.01575	0.08138	0.03171	0.02935	0.07353	0.11919	0.10996	0.10420	0.03189	0.00784	0.00543	0.00169	0.00563	0.03218	0.00407	0.02054
3	0.01197	0.10743	0.29562	0.01778	0.09831	0.01291	0.26077	0.01625	0.01168	0.04005	0.01148	0.07061	0.00957	0.00564	0.00540	0.00167	0.00733	0.00549	0.00275	0.00731
4	0.00665	0.00480	0.00625	0.00719	0.00768	0.00451	0.00490	0.00770	0.01038	0.01380	0.07013	0.62367	0.08745	0.06355	0.03237	0.00248	0.00352	0.03387	0.00479	0.00431
5	0.01413	0.02908	0.07208	0.21373	0.15339	0.04463	0.03219	0.12844	0.04712	0.11316	0.02576	0.01731	0.07325	0.00628	0.00532	0.00165	0.00605	0.00533	0.00376	0.00734
6	0.15033	0.03708	0.10958	0.01015	0.01443	0.03484	0.00926	0.09601	0.04608	0.39256	0.02680	0.01555	0.01124	0.00618	0.00492	0.00163	0.00514	0.01515	0.00503	0.00803
7	0.04506	0.00882	0.01187	0.00936	0.01322	0.00776	0.00777	0.02441	0.01475	0.70816	0.02101	0.02078	0.01415	0.00709	0.00541	0.00169	0.00451	0.05925	0.00633	0.00861
8	0.01234	0.01167	0.01975	0.06378	0.67146	0.01175	0.01512	0.01532	0.01184	0.01679	0.01180	0.07255	0.01085	0.00587	0.00540	0.00164	0.00604	0.02532	0.00283	0.00787
9	0.07339	0.00996	0.01522	0.57088	0.04314	0.02835	0.03547	0.02784	0.01139	0.10323	0.01100	0.02865	0.00824	0.00560	0.00519	0.00173	0.00654	0.00484	0.00302	0.00633
10	0.23020	0.01071	0.01201	0.00946	0.01338	0.01088	0.00781	0.20147	0.01594	0.41265	0.01550	0.01436	0.01025	0.00609	0.00480	0.00162	0.00471	0.00457	0.00542	0.00818
11	0.00787	0.00608	0.00887	0.00869	0.00949	0.00723	0.00672	0.00955	0.00840	0.01214	0.01380	0.02117	0.01321	0.09947	0.67160	0.00775	0.07470	0.00575	0.00282	0.00468
12	0.01111	0.01136	0.04077	0.53135	0.19343	0.05074	0.01461	0.01439	0.01105	0.01437	0.00990	0.03393	0.00802	0.00556	0.00560	0.00172	0.02830	0.00487	0.00249	0.00644
13	0.01576	0.03438	0.24660	0.01506	0.09379	0.19808	0.01326	0.20064	0.04228	0.04140	0.01180	0.01281	0.02778	0.00580	0.00524	0.00157	0.01827	0.00437	0.00344	0.00768
14	0.02372	0.00900	0.01227	0.00941	0.01350	0.00777	0.00777	0.02576	0.01513	0.78489	0.02086	0.01799	0.01309	0.00654	0.00532	0.00164	0.00450	0.00532	0.00654	0.00900
15	0.07899	0.01306	0.07617	0.08805	0.29992	0.03973	0.04783	0.07793	0.06294	0.08947	0.06425	0.01527	0.01168	0.00569	0.00519	0.00163	0.00594	0.00500	0.00360	0.00764
16	0.08164	0.05258	0.23936	0.07277	0.03479	0.06803	0.01211	0.05263	0.01325	0.28869	0.01359	0.01426	0.00944	0.00579	0.00497	0.00162	0.00615	0.01648	0.00407	0.00777
17	0.07597	0.05403	0.33687	0.01099	0.01573	0.01003	0.03103	0.01538	0.04198	0.07419	0.19795	0.02163	0.07819	0.00721	0.00526	0.00166	0.00539	0.00594	0.00383	0.00676
18	0.85155	0.01022	0.00777	0.00695	0.01022	0.01186	0.00573	0.01554	0.00900	0.02372	0.00736	0.00859	0.00573	0.00491	0.00327	0.00164	0.00409	0.00286	0.00327	0.00573
19	0.08293	0.13296	0.01593	0.01222	0.01512	0.58088	0.00955	0.01946	0.01362	0.01389	0.00822	0.00966	0.00692	0.00540	0.00478	0.00137	0.03058	0.00336	0.02697	0.00614
20	0.01062	0.01033	0.01708	0.50811	0.04971	0.01293	0.06828	0.01357	0.01018	0.01378	0.02093	0.01382	0.00780	0.00632	0.00848	0.00190	0.21289	0.00487	0.00243	0.00600
21	0.07733	0.01730	0.27993	0.10985	0.07640	0.01290	0.14238	0.09917	0.04498	0.01875	0.01043	0.01278	0.00784	0.00623	0.02593	0.00189	0.04102	0.00463	0.00292	0.00733
22	0.07604	0.08364	0.67107	0.01400	0.02122	0.01288	0.01770	0.01658	0.01096	0.01697	0.00917	0.01077	0.00663	0.00498	0.00477	0.00163	0.00737	0.00375	0.00231	0.00758
23	0.07618	0.02464	0.65424	0.01518	0.04333	0.01223	0.05450	0.01680	0.01115	0.03085	0.00959	0.01129	0.00685	0.00500	0.00496	0.00167	0.00748	0.00399	0.00242	0.00765
24	0.08789	0.00909	0.01192	0.00922	0.01324	0.00809	0.00761	0.02497	0.01466	0.72589	0.01981	0.01726	0.01252	0.00642	0.00516	0.00164	0.00447	0.00513	0.00629	0.00874
25	0.07570	0.00995	0.01610	0.62004	0.15048	0.01188	0.01423	0.01409	0.01068	0.01489	0.00932	0.01351	0.00715	0.00517	0.00512	0.00172	0.00670	0.00456	0.00246	0.00625
26	0.07443	0.00504	0.00692	0.00686	0.00711	0.00517	0.00464	0.00758	0.00707	0.01034	0.00926	0.01602	0.00920	0.04024	0.01949	0.75651	0.00457	0.00455	0.00240	0.00259
27	0.02361	0.00917	0.01238	0.00949	0.01358	0.00803	0.00784	0.04812	0.01543	0.76212	0.02061	0.01783	0.01296	0.00654	0.00532	0.00163	0.00454	0.00530	0.00651	0.00900
28	0.01924	0.02412	0.01475	0.01340	0.01614	0.73254	0.01007	0.02165	0.07363	0.01365	0.00921	0.01032	0.00753	0.00558	0.00481	0.00140	0.00912	0.00360	0.00293	0.00630
29	0.01052	0.00997	0.03090	0.00848	0.01026	0.13689	0.00657	0.07013	0.01493	0.01956	0.47842	0.08765	0.03579	0.04827	0.00691	0.00181	0.00424	0.00832	0.00497	0.00543
30	0.00694	0.00581	0.00610	0.00599	0.00776	0.00520	0.00450	0.00947	0.07124	0.01572	0.13996	0.06846	0.60888	0.01268	0.00619	0.00178	0.00278	0.01067	0.00506	0.00483
31	0.82197	0.01018	0.00793	0.00704	0.01034	0.01171	0.00580	0.01591	0.00922	0.05092	0.00784	0.00892	0.00599	0.00497	0.00334	0.00164	0.00410	0.00295	0.00339	0.00584
32	0.01408	0.64183	0.02470	0.00962	0.01370	0.07228	0.00909	0.01577	0.01086	0.01286	0.00753	0.00897	0.00688	0.00488	0.00454	0.00121	0.06405	0.00302	0.00236	0.07176
33	0.00659	0.00542	0.00585	0.00609	0.00772	0.00469	0.00471	0.00806	0.01197	0.01447	0.04868	0.08851	0.63508	0.01372	0.00642	0.00190	0.00301	0.11769	0.00490	0.00451
34	0.00788	0.00642	0.00883	0.00905	0.00939	0.00743	0.00674	0.00900	0.00945	0.01315	0.02172	0.47730	0.02513	0.04187	0.10702	0.00307	0.19053	0.03734	0.00400	0.00468
35	0.01308	0.01256	0.02146	0.03245	0.78123	0.01256	0.01622	0.01622	0.01204	0.01727	0.00994	0.01308	0.00837	0.00471	0.00523	0.00157	0.00628	0.00471	0.00262	0.00837
36	0.01561	0.05792	0.07265	0.22965	0.08469	0.42250	0.01255	0.01807	0.01306	0.01370	0.00871	0.01113	0.00699	0.00527	0.00490	0.00150	0.00828	0.00387	0.00256	0.00640
37	0.01021	0.02480	0.02894	0.68783	0.07316	0.01196	0.01441	0.01358	0.01056	0.01371	0.00975	0.03176	0.00773	0.00563	0.00570	0.00177	0.03519	0.00488	0.00242	0.00601
38	0.85155	0.01022	0.00777	0.00695	0.01022	0.01186	0.00573	0.01554	0.00900	0.02372	0.00736	0.00859	0.00573	0.00491	0.00327	0.00164	0.00409	0.00286	0.00327	0.00573
39	0.01084	0.08017	0.73606	0.01467	0.02226	0.01286	0.01883	0.01668	0.01113	0.01645	0.00934	0.01098	0.00670	0.00499	0.00491	0.00164	0.00767	0.00383	0.00223	0.00774
40	0.00755	0.00566	0.00850	0.00850	0.00944	0.00661	0.00661	0.00944	0.00850	0.01227	0.01416	0.02077	0.01322	0.03965	0.79326	0.00850	0.01416	0.00566	0.00283	0.00472
41	0.00785	0.00586	0.00782	0.00837	0.06414	0.00546	0.00566	0.01022	0.01408	0.01989	0.58850	0.07445	0.10524	0.01062	0.00606	0.00167	0.00281	0.00937	0.04675	0.00516
42	0.01049	0.07549	0.55164	0.01458	0.04655	0.01185	0.06566	0.01546	0.01132	0.01630	0.03566	0.07185	0.03782	0.00626	0.00521	0.00168	0.00700	0.00526	0.00268	0.00726
43	0.02361	0.00917	0.01238	0.00949	0.01358	0.00803	0.00784	0.04804	0.01542	0.76220	0.02061	0.01783	0.01296	0.00654	0.00532	0.00163	0.00454	0.00530	0.00651	0.00900
44	0.00650	0.00477	0.00629	0.02509	0.00827	0.00448	0.00505	0.00752	0.01030	0.01356	0.03081	0.72674	0.09902	0.01603	0.00667	0.00211	0.00312	0.01446	0.00485	0.00434
45	0.03482	0.01350	0.07437	0.30420	0.37472	0.07746	0.01513	0.01568	0.01161	0.01570	0.00950	0.01289	0.00757	0.00501	0.00515	0.00163	0.00688	0.00449	0.00252	0.00718
46	0.00918	0.00459	0.00689	0.00689	0.00689	0.00459	0.00459	0.00689	0.00689	0.00918	0.00918	0.01607	0.00918	0.01837	0.02066	0.84619	0.00459	0.00459	0.00230	0.00230
47	0.00683	0.00477	0.00602	0.00686	0.00707	0.00456	0.00437	0.00746	0.00936	0.01248	0.02522	0.56686	0.03002	0.26721	0.01308	0.00308	0.00371	0.01272	0.00437	0.00395
48	0.00990	0.04772	0.01588	0.66103	0.03217	0.01148	0.03495	0.01310	0.01059	0.01355	0.01133	0.09420	0.00988	0.00636	0.00537	0.00177	0.00663	0.00570	0.00261	0.00579
49	0.00732	0.00634	0.00762	0.00903	0.10236	0.00569	0.00574	0.00924	0.03232	0.01499	0.06566	0.11071	0.57927	0.01236	0.00614	0.00179	0.00319	0.01052	0.00467	0.00505
50	0.01413	0.81739	0.02770	0.00905	0.01357	0.02092	0.00905	0.01583	0.01074	0.01244	0.00735	0.00848	0.00678	0.00452	0.00339	0.00113	0.00565	0.00283	0.00226	0.00678
51	0.00755	0.00566	0.00850	0.00850	0.00944	0.00661	0.00661	0.00944	0.00850	0.01227	0.01416	0.02077	0.01322	0.03965	0.79326	0.00850	0.01416	0.00566	0.00283	0.00472
52	0.01268	0.40262	0.29942	0.01312	0.06264	0.01652	0.03593	0.01711	0.06652	0.01511	0.00941	0.01071	0.00757	0.00490	0.00432	0.00142	0.00646	0.00366	0.00251	0.00737
53	0.00679	0.00532	0.00614	0.00606	0.00750	0.00467	0.00450	0.00858	0.01314	0.01716	0.35935	0.10301	0.41385	0.01253	0.00628	0.00176	0.00263	0.01077	0.00530	0.00467
54	0.01903	0.01405	0.01502	0.01170	0.01569	0.01558	0.00961	0.66682	0.08597	0.03174	0.01364	0.01361	0.00980	0.00641	0.00522	0.00159	0.00552	0.00487	0.04541	0.00874
55	0.01023	0.00840	0.00940	0.00871	0.01053	0.06524	0.02749	0.08719	0.05928	0.03334	0.30260	0.16000	0.10889	0.01103	0.00614	0.00180	0.00399	0.07501	0.00511	0.00563

[dist]
# distance from previous block
# <min> <max>
3	6

[block]
# block no. 1 follows, 46 sequences, length 63
# corresponding to MSA columns:
# 80-142
name=unknown_B
#
# <colnr> <probs for GDERKNQSTAVLIFYWHMCP>
#	G	D	E	R	K	N	Q	S	T	A	V	L	I	F	Y	W	H	M	C	P
0	0.08084	0.05539	0.33086	0.01584	0.02190	0.01242	0.27937	0.01627	0.01141	0.01724	0.00963	0.01190	0.00722	0.00466	0.00511	0.00158	0.00735	0.00451	0.00258	0.10390
1	0.01214	0.01156	0.01976	0.14748	0.58182	0.01186	0.03858	0.01533	0.01206	0.01700	0.07145	0.01539	0.01149	0.00528	0.00535	0.00161	0.00618	0.00515	0.00283	0.00768
2	0.01232	0.10650	0.04824	0.01821	0.08112	0.01519	0.31286	0.01518	0.01057	0.01487	0.00881	0.01240	0.00746	0.00628	0.00992	0.00188	0.30395	0.00505	0.00247	0.00671
3	0.00733	0.00549	0.00748	0.03420	0.00948	0.00529	0.02616	0.03455	0.01103	0.01471	0.04790	0.63427	0.08047	0.01489	0.00653	0.00205	0.00344	0.02760	0.02250	0.00464
4	0.00660	0.00474	0.00631	0.00750	0.00792	0.00444	0.00518	0.00765	0.01033	0.01370	0.02963	0.73242	0.05239	0.01633	0.00678	0.00216	0.00320	0.07347	0.00490	0.00434
5	0.01193	0.01031	0.05172	0.00833	0.01315	0.00738	0.00708	0.01445	0.01130	0.07657	0.01029	0.01152	0.00818	0.00418	0.00408	0.00090	0.00416	0.00334	0.00335	0.73781
6	0.01520	0.01212	0.01292	0.01106	0.01439	0.01377	0.00876	0.20829	0.56347	0.05023	0.01933	0.01794	0.01428	0.00695	0.00535	0.00174	0.00459	0.00566	0.00540	0.00854
7	0.00985	0.00493	0.00493	0.00493	0.00616	0.00493	0.00370	0.01232	0.01109	0.01971	0.01725	0.01971	0.01355	0.00616	0.00370	0.00123	0.00246	0.00493	0.84356	0.00493
8	0.01248	0.01426	0.03119	0.02228	0.02763	0.01337	0.76203	0.01693	0.01248	0.01693	0.01070	0.01426	0.00802	0.00446	0.00624	0.00178	0.00891	0.00624	0.00267	0.00713
9	0.02034	0.01441	0.01562	0.01198	0.01620	0.01581	0.00989	0.71348	0.02420	0.08437	0.01325	0.01305	0.00927	0.00636	0.00529	0.00159	0.00573	0.00480	0.00537	0.00899
10	0.00651	0.00478	0.00612	0.00713	0.00770	0.00440	0.00490	0.00758	0.01059	0.01387	0.05071	0.65492	0.14517	0.01589	0.00668	0.00209	0.00306	0.03862	0.00493	0.00435
11	0.85155	0.01022	0.00777	0.00695	0.01022	0.01186	0.00573	0.01554	0.00900	0.02372	0.00736	0.00859	0.00573	0.00491	0.00327	0.00164	0.00409	0.00286	0.00327	0.00573
12	0.01060	0.02735	0.78682	0.01507	0.02288	0.01228	0.01953	0.01674	0.01116	0.01674	0.00949	0.01116	0.00670	0.00502	0.00502	0.00167	0.00781	0.00391	0.00223	0.00781
13	0.00858	0.00563	0.00726	0.00694	0.00837	0.00512	0.00525	0.01074	0.01401	0.08056	0.52570	0.12575	0.12204	0.01154	0.00626	0.00176	0.00284	0.04084	0.00564	0.00517
14	0.00847	0.00702	0.01025	0.00973	0.01044	0.00880	0.00773	0.01016	0.00844	0.01241	0.01283	0.03759	0.01227	0.03196	0.59228	0.00689	0.19937	0.00565	0.00276	0.00496
15	0.00654	0.00464	0.00610	0.00723	0.00752	0.00436	0.00477	0.00739	0.00993	0.01324	0.02814	0.74894	0.03371	0.08009	0.00835	0.00238	0.00323	0.01444	0.00477	0.00421
16	0.00989	0.00927	0.01559	0.77992	0.03563	0.01154	0.01442	0.01334	0.01056	0.01351	0.00993	0.03575	0.00781	0.00559	0.00533	0.00177	0.00694	0.00498	0.00242	0.00583
17	0.00643	0.00464	0.00610	0.00726	0.00764	0.00430	0.00486	0.00737	0.01022	0.01353	0.03033	0.77353	0.07142	0.01641	0.00672	0.00213	0.00305	0.01484	0.00491	0.00430
18	0.14858	0.03913	0.25080	0.01488	0.01972	0.03915	0.24977	0.01550	0.01110	0.01715	0.01153	0.10207	0.01017	0.00631	0.00579	0.00176	0.04133	0.00572	0.00287	0.00668
19	0.01290	0.32865	0.03732	0.17709	0.01942	0.09201	0.06076	0.01512	0.01074	0.01325	0.00857	0.01166	0.00745	0.02320	0.01935	0.00173	0.13076	0.00400	0.01976	0.00627
20	0.00770	0.00532	0.00643	0.00642	0.00658	0.00556	0.00398	0.00806	0.00791	0.01074	0.01649	0.05884	0.01856	0.64588	0.14929	0.00551	0.02246	0.00756	0.00318	0.00354
21	0.01287	0.01735	0.24565	0.03862	0.26069	0.03702	0.11425	0.08560	0.03020	0.01844	0.01031	0.01251	0.00794	0.00494	0.00518	0.00156	0.00690	0.00453	0.00286	0.08257
22	0.01289	0.30864	0.27543	0.01428	0.07894	0.07457	0.04720	0.01622	0.01110	0.01451	0.00855	0.01056	0.00706	0.00580	0.01900	0.00163	0.08044	0.00374	0.00235	0.00709
23	0.02372	0.00900	0.01227	0.00941	0.01350	0.00777	0.00777	0.02576	0.01513	0.78489	0.02086	0.01799	0.01309	0.00654	0.00532	0.00164	0.00450	0.00532	0.00654	0.00900
24	0.00644	0.00460	0.00613	0.00736	0.00767	0.00429	0.00491	0.00736	0.01012	0.01350	0.02914	0.81076	0.03497	0.01656	0.00675	0.00215	0.00307	0.01503	0.00491	0.00429
25	0.00921	0.00801	0.01006	0.00928	0.02797	0.02102	0.06650	0.03071	0.17536	0.01753	0.15241	0.10832	0.27688	0.02815	0.03264	0.00208	0.00421	0.00909	0.00479	0.00578
26	0.00799	0.00570	0.00808	0.00799	0.00878	0.00642	0.00595	0.02603	0.00860	0.01216	0.01415	0.02252	0.01380	0.16686	0.58521	0.07489	0.01169	0.00590	0.00291	0.00437
27	0.01248	0.01426	0.03119	0.02228	0.02763	0.01337	0.76203	0.01693	0.01248	0.01693	0.01070	0.01426	0.00802	0.00446	0.00624	0.00178	0.00891	0.00624	0.00267	0.00713
28	0.01277	0.01269	0.04062	0.09362	0.70213	0.01249	0.01619	0.01602	0.01190	0.01696	0.00989	0.01312	0.00822	0.00476	0.00523	0.00159	0.00638	0.00469	0.00259	0.00816
29	0.01279	0.01323	0.06611	0.03071	0.71232	0.01234	0.01618	0.01609	0.01199	0.01719	0.01049	0.01444	0.00897	0.00504	0.00529	0.00160	0.00633	0.02800	0.00267	0.00823
30	0.01157	0.01157	0.01619	0.01388	0.01388	0.01619	0.01157	0.01272	0.00810	0.01272	0.00694	0.01157	0.00694	0.00925	0.01735	0.00231	0.80453	0.00463	0.00231	0.00578
31	0.00654	0.00464	0.00610	0.00723	0.00752	0.00436	0.00477	0.00739	0.00993	0.01324	0.02814	0.74858	0.03370	0.08047	0.00836	0.00239	0.00323	0.01444	0.00477	0.00421
32	0.01135	0.04514	0.41608	0.01713	0.04207	0.01306	0.23570	0.01614	0.01128	0.01624	0.01017	0.01377	0.00799	0.00560	0.00668	0.00178	0.08944	0.03061	0.00247	0.00728
33	0.00646	0.00465	0.00617	0.00733	0.00770	0.00436	0.00493	0.00742	0.01013	0.01349	0.02943	0.77023	0.05482	0.01705	0.02634	0.00230	0.00333	0.01469	0.00486	0.00431
34	0.02372	0.00900	0.01227	0.00941	0.01350	0.00777	0.00777	0.02576	0.01513	0.78489	0.02086	0.01799	0.01309	0.00654	0.00532	0.00164	0.00450	0.00532	0.00654	0.00900
35	0.01250	0.01585	0.18813	0.07742	0.53261	0.03042	0.01654	0.01654	0.02868	0.01692	0.01002	0.01279	0.00806	0.00489	0.00518	0.00161	0.00669	0.00453	0.00258	0.00804
36	0.01303	0.45275	0.33327	0.01174	0.01749	0.06212	0.01334	0.01650	0.01116	0.01420	0.00826	0.00962	0.00675	0.00478	0.00413	0.00136	0.00675	0.00330	0.00228	0.00716
37	0.01914	0.01348	0.11550	0.01172	0.04068	0.03746	0.01016	0.17756	0.10357	0.36956	0.03505	0.01625	0.01225	0.00638	0.00528	0.00164	0.00536	0.00511	0.00530	0.00855
38	0.01772	0.25738	0.04423	0.03198	0.03369	0.39915	0.01022	0.05675	0.01393	0.07590	0.00929	0.01031	0.00745	0.00527	0.00446	0.00135	0.00760	0.00353	0.00299	0.00680
39	0.01455	0.75915	0.02677	0.00938	0.01377	0.07768	0.00913	0.01622	0.01105	0.01247	0.00741	0.00856	0.00679	0.00459	0.00349	0.00115	0.00594	0.00287	0.00230	0.00674
40	0.00733	0.00708	0.06909	0.00803	0.00934	0.00570	0.00627	0.00990	0.07333	0.01470	0.04428	0.58454	0.11150	0.01441	0.00643	0.00203	0.00349	0.01287	0.00475	0.00494
41	0.00848	0.00595	0.00723	0.00656	0.00842	0.00519	0.00500	0.01060	0.01382	0.06951	0.45841	0.03905	0.25353	0.01071	0.00599	0.00163	0.00279	0.00922	0.00539	0.07252
42	0.01060	0.02735	0.78682	0.01507	0.02288	0.01228	0.01953	0.01674	0.01116	0.01674	0.00949	0.01116	0.00670	0.00502	0.00502	0.00167	0.00781	0.00391	0.00223	0.00781
43	0.01240	0.01503	0.08280	0.02262	0.08946	0.01323	0.64902	0.01686	0.01235	0.01695	0.01055	0.01395	0.00796	0.00452	0.00607	0.00176	0.00862	0.00595	0.00264	0.00728
44	0.01248	0.01426	0.03119	0.02228	0.02763	0.01337	0.76203	0.01693	0.01248	0.01693	0.01070	0.01426	0.00802	0.00446	0.00624	0.00178	0.00891	0.00624	0.00267	0.00713
45	0.00998	0.00940	0.01586	0.80150	0.03641	0.01175	0.01468	0.01351	0.01057	0.01351	0.00940	0.01409	0.00705	0.00529	0.00529	0.00176	0.00705	0.00470	0.00235	0.00587
46	0.02372	0.00900	0.01227	0.00941	0.01350	0.00777	0.00777	0.02576	0.01513	0.78489	0.02086	0.01799	0.01309	0.00654	0.00532	0.00164	0.00450	0.00532	0.00654	0.00900
47	0.01746	0.01404	0.01351	0.01102	0.01443	0.10828	0.00885	0.45035	0.13126	0.02711	0.01414	0.01442	0.01048	0.00633	0.00499	0.00154	0.00551	0.00480	0.13355	0.00793
48	0.01315	0.01136	0.01195	0.01076	0.01375	0.01315	0.00837	0.02809	0.77168	0.02211	0.02152	0.01972	0.01614	0.00717	0.00538	0.00179	0.00418	0.00598	0.00538	0.00837
49	0.01248	0.01426	0.03119	0.02228	0.02763	0.01337	0.76203	0.01693	0.01248	0.01693	0.01070	0.01426	0.00802	0.00446	0.00624	0.00178	0.00891	0.00624	0.00267	0.00713
50	0.00644	0.00460	0.00613	0.00736	0.00767	0.00429	0.00491	0.00736	0.01012	0.01350	0.02914	0.81076	0.03497	0.01656	0.00675	0.00215	0.00307	0.01503	0.00491	0.00429
51	0.82422	0.01018	0.00792	0.00703	0.01033	0.01172	0.00579	0.01588	0.00920	0.04885	0.00781	0.00890	0.00597	0.00496	0.00334	0.00164	0.00410	0.00294	0.00338	0.00583
52	0.00998	0.00940	0.01586	0.80150	0.03641	0.01175	0.01468	0.01351	0.01057	0.01351	0.00940	0.01409	0.00705	0.00529	0.00529	0.00176	0.00705	0.00470	0.00235	0.00587
53	0.01315	0.01136	0.01195	0.01076	0.01375	0.01315	0.00837	0.02809	0.77168	0.02211	0.02152	0.01972	0.01614	0.00717	0.00538	0.00179	0.00418	0.00598	0.00538	0.00837
54	0.00755	0.00566	0.00850	0.00850	0.00944	0.00661	0.00661	0.00944	0.00850	0.01227	0.01416	0.02077	0.01322	0.03965	0.79326	0.00850	0.01416	0.00566	0.00283	0.00472
55	0.01060	0.01020	0.01433	0.01262	0.01277	0.01392	0.01035	0.01184	0.00831	0.01272	0.00971	0.07686	0.01005	0.01402	0.12317	0.00315	0.63167	0.00560	0.00259	0.00552
56	0.01079	0.05454	0.73404	0.01511	0.02272	0.01262	0.04492	0.01672	0.01119	0.01660	0.00945	0.01118	0.00675	0.00499	0.00501	0.00166	0.00778	0.00395	0.00225	0.00775
57	0.00716	0.00553	0.00670	0.00731	0.00867	0.00507	0.00586	0.00889	0.01191	0.01492	0.05730	0.15504	0.37941	0.01421	0.00671	0.00208	0.00356	0.29015	0.00491	0.00461
58	0.00751	0.00507	0.00591	0.00608	0.00615	0.00506	0.00355	0.00770	0.00805	0.01076	0.01827	0.13983	0.02115	0.67846	0.05098	0.00484	0.00516	0.00862	0.00342	0.00340
59	0.00897	0.00842	0.07028	0.00885	0.01039	0.02640	0.00696	0.09270	0.05318	0.01639	0.02482	0.59618	0.02812	0.01373	0.00633	0.00201	0.00397	0.01223	0.00471	0.00536
60	0.03509	0.01188	0.04417	0.28764	0.33946	0.01252	0.01416	0.05355	0.11578	0.01760	0.01139	0.01412	0.00888	0.00534	0.00521	0.00167	0.00622	0.00480	0.00304	0.00746
61	0.01929	0.01451	0.01618	0.01374	0.07758	0.01597	0.01048	0.67821	0.04974	0.03164	0.01278	0.01297	0.00919	0.00624	0.00529	0.00159	0.00580	0.00480	0.00508	0.00892
62	0.01249	0.24109	0.47433	0.01278	0.01910	0.01462	0.01515	0.07628	0.01236	0.03291	0.03631	0.01168	0.00855	0.00523	0.00465	0.00152	0.00681	0.00391	0.00270	0.00755

[dist]
# distance from previous block
# <min> <max>
0	1

[block]
# block no. 2 follows, 46 sequences, length 28
# corresponding to MSA columns:
# 144,145,150-175
name=unknown_C
#
# <colnr> <probs for GDERKNQSTAVLIFYWHMCP>
#	G	D	E	R	K	N	Q	S	T	A	V	L	I	F	Y	W	H	M	C	P
0	0.01391	0.71441	0.05547	0.00943	0.01394	0.01989	0.00939	0.01697	0.07930	0.01347	0.00871	0.00960	0.00762	0.00478	0.00363	0.00121	0.00560	0.00315	0.00254	0.00697
1	0.01085	0.01037	0.01413	0.01225	0.01255	0.01404	0.01013	0.01212	0.00876	0.01343	0.01289	0.01654	0.09296	0.00948	0.01508	0.00217	0.65466	0.00537	0.06665	0.00557
2	0.01364	0.14937	0.04003	0.04641	0.01466	0.04873	0.03798	0.21401	0.02892	0.01916	0.01236	0.05448	0.01083	0.04769	0.08382	0.00243	0.08923	0.00516	0.07445	0.00663
3	0.02203	0.01170	0.01394	0.01069	0.01485	0.01179	0.00883	0.36959	0.01966	0.43467	0.01705	0.01552	0.01118	0.00645	0.00530	0.00161	0.00511	0.00506	0.00596	0.00899
4	0.00765	0.00547	0.00665	0.00662	0.00799	0.00492	0.00497	0.00947	0.01297	0.04657	0.33669	0.14058	0.28505	0.03751	0.00699	0.00193	0.00296	0.06492	0.00528	0.00482
5	0.01083	0.01102	0.02077	0.52716	0.03288	0.01241	0.25352	0.01458	0.01110	0.01458	0.00973	0.01407	0.00736	0.00515	0.00598	0.00179	0.03317	0.00519	0.00245	0.00627
6	0.01859	0.09397	0.01635	0.01373	0.05082	0.55241	0.01025	0.10621	0.06037	0.01598	0.00949	0.01057	0.00768	0.00554	0.00476	0.00140	0.00829	0.00372	0.00313	0.00675
7	0.02356	0.00926	0.01243	0.00953	0.01363	0.00816	0.00787	0.05903	0.01557	0.75101	0.02049	0.01775	0.01290	0.00653	0.00532	0.00163	0.00456	0.00529	0.00649	0.00900
8	0.01337	0.01241	0.02033	0.11680	0.62887	0.01281	0.01550	0.08324	0.01303	0.01829	0.01013	0.01316	0.00828	0.00492	0.00524	0.00159	0.00632	0.00471	0.00283	0.00815
9	0.01269	0.01297	0.05676	0.10091	0.67866	0.01247	0.01624	0.01600	0.01186	0.01691	0.00987	0.01309	0.00818	0.00478	0.00523	0.00159	0.00642	0.00467	0.00257	0.00812
10	0.00755	0.00566	0.00850	0.00850	0.00944	0.00661	0.00661	0.00944	0.00850	0.01227	0.01416	0.02077	0.01322	0.03965	0.79326	0.00850	0.01416	0.00566	0.00283	0.00472
11	0.00757	0.00511	0.00596	0.00607	0.00615	0.00514	0.00356	0.00776	0.00795	0.01066	0.01763	0.10369	0.02028	0.69653	0.07044	0.00506	0.00547	0.00823	0.00333	0.00339
12	0.01283	0.01243	0.01995	0.16824	0.56655	0.04180	0.03102	0.03674	0.01225	0.01682	0.01072	0.01388	0.02306	0.00505	0.00527	0.00161	0.00651	0.00482	0.00269	0.00776
13	0.01331	0.00970	0.01176	0.01114	0.07051	0.01007	0.02689	0.29848	0.01667	0.04633	0.04416	0.17084	0.10754	0.00941	0.00565	0.00172	0.00451	0.04106	0.09350	0.00675
14	0.02270	0.01063	0.01328	0.01018	0.01431	0.01019	0.00841	0.23313	0.01786	0.57367	0.01856	0.01650	0.01194	0.00649	0.00531	0.00162	0.00487	0.00516	0.00619	0.00900
15	0.00810	0.00578	0.00804	0.00926	0.01029	0.00572	0.00779	0.01023	0.01176	0.01535	0.02822	0.21147	0.03134	0.01500	0.00719	0.00238	0.00450	0.59796	0.00488	0.00475
16	0.01480	0.07822	0.14535	0.05453	0.34386	0.10719	0.01426	0.10846	0.01380	0.05526	0.01030	0.01222	0.00804	0.00515	0.00501	0.00154	0.00676	0.00431	0.00304	0.00789
17	0.00683	0.00509	0.00702	0.00879	0.05342	0.00479	0.00555	0.00789	0.01029	0.01374	0.02871	0.74152	0.05497	0.01577	0.00664	0.00210	0.00325	0.01431	0.00477	0.00454
18	0.02286	0.00881	0.01199	0.00926	0.01320	0.00762	0.00762	0.02493	0.01512	0.74449	0.06094	0.01913	0.01503	0.00677	0.00536	0.00164	0.00439	0.00554	0.00650	0.00878
19	0.01183	0.01297	0.05824	0.19817	0.22731	0.03400	0.28440	0.01550	0.01192	0.01613	0.04501	0.01537	0.01002	0.02854	0.00626	0.00180	0.00736	0.00549	0.00272	0.00697
20	0.03882	0.01211	0.05616	0.01052	0.03452	0.08911	0.00833	0.05840	0.32265	0.06138	0.12464	0.02358	0.09749	0.03140	0.00606	0.00179	0.00473	0.00644	0.00479	0.00708
21	0.00651	0.00470	0.00616	0.00720	0.00766	0.00435	0.00486	0.00756	0.01058	0.01409	0.08449	0.71312	0.07722	0.01597	0.00668	0.00209	0.00300	0.01442	0.00497	0.00435
22	0.01267	0.01209	0.02058	0.09136	0.69933	0.01226	0.01575	0.01582	0.01201	0.01710	0.03382	0.01398	0.00956	0.00494	0.00527	0.00159	0.00622	0.00486	0.00270	0.00807
23	0.05037	0.10108	0.50811	0.01584	0.11844	0.01274	0.01639	0.01734	0.01149	0.08589	0.01026	0.01164	0.00745	0.00506	0.00484	0.00160	0.00694	0.00398	0.00272	0.00780
24	0.01658	0.01911	0.01474	0.06166	0.11694	0.48402	0.01055	0.03163	0.04601	0.01487	0.01006	0.01202	0.00824	0.00647	0.02510	0.00163	0.03140	0.00402	0.07858	0.00640
25	0.01277	0.01077	0.01164	0.02570	0.01342	0.05514	0.00726	0.13979	0.04093	0.03162	0.01271	0.10129	0.01137	0.00602	0.00462	0.00118	0.00456	0.00493	0.00379	0.50051
26	0.01254	0.01038	0.01366	0.08388	0.01648	0.00924	0.07037	0.08204	0.05750	0.05441	0.01105	0.01253	0.00861	0.00462	0.00451	0.00113	0.00484	0.00395	0.00351	0.53477
27	0.01606	0.03997	0.01462	0.01161	0.03724	0.14179	0.02992	0.30583	0.04906	0.02305	0.04718	0.01343	0.01058	0.00569	0.00484	0.00135	0.00575	0.00440	0.02915	0.20847

[dist]
# distance from previous block
# <min> <max>
1	5

[block]
# block no. 3 follows, 46 sequences, length 291
# corresponding to MSA columns:
# 181-471
name=unknown_D
#
# <colnr> <probs for GDERKNQSTAVLIFYWHMCP>
#	G	D	E	R	K	N	Q	S	T	A	V	L	I	F	Y	W	H	M	C	P
0	0.05461	0.01320	0.01549	0.02967	0.06348	0.01466	0.03298	0.51578	0.02022	0.04280	0.03288	0.01378	0.01003	0.00705	0.02082	0.00177	0.06183	0.00487	0.03596	0.00812
1	0.14112	0.05640	0.01357	0.01026	0.01362	0.03971	0.00830	0.41737	0.03214	0.02562	0.01262	0.05686	0.01069	0.07984	0.00711	0.00190	0.02212	0.00510	0.00438	0.04128
2	0.00777	0.00528	0.00605	0.00600	0.00601	0.00540	0.00345	0.00783	0.00771	0.01034	0.01639	0.03383	0.01884	0.78222	0.04041	0.00512	0.02329	0.00758	0.00318	0.00329
3	0.00667	0.00489	0.00639	0.01934	0.00811	0.00455	0.00500	0.00796	0.01119	0.01499	0.16933	0.59000	0.10191	0.01505	0.00659	0.00202	0.00299	0.01352	0.00504	0.00446
4	0.01280	0.01424	0.10840	0.03047	0.69509	0.01253	0.01660	0.01628	0.01194	0.01721	0.00989	0.01287	0.00818	0.00475	0.00521	0.00158	0.00645	0.00462	0.00257	0.00831
5	0.01060	0.02735	0.78682	0.01507	0.02288	0.01228	0.01953	0.01674	0.01116	0.01674	0.00949	0.01116	0.00670	0.00502	0.00502	0.00167	0.00781	0.00391	0.00223	0.00781
6	0.00733	0.00534	0.00753	0.00780	0.00845	0.00586	0.00567	0.00870	0.00871	0.01220	0.01781	0.19376	0.01891	0.16349	0.49586	0.00656	0.01026	0.00802	0.00334	0.00438
7	0.00650	0.00546	0.00566	0.00559	0.00734	0.00467	0.00420	0.00820	0.02508	0.01518	0.13352	0.04909	0.68535	0.01300	0.00623	0.00177	0.00268	0.01089	0.00502	0.00459
8	0.01490	0.70866	0.02596	0.00967	0.01395	0.12688	0.00921	0.01655	0.01132	0.01251	0.00746	0.00862	0.00679	0.00465	0.00358	0.00116	0.00619	0.00291	0.00232	0.00669
9	0.02364	0.00913	0.01235	0.00947	0.01356	0.00796	0.00782	0.04238	0.01535	0.76797	0.02067	0.01787	0.01299	0.00654	0.00532	0.00163	0.00453	0.00530	0.00651	0.00900
10	0.00990	0.00916	0.01348	0.01191	0.01251	0.01202	0.03743	0.01149	0.00843	0.01269	0.01014	0.01557	0.00964	0.02198	0.34626	0.00492	0.43941	0.00513	0.00255	0.00538
11	0.01975	0.02520	0.01498	0.01362	0.01634	0.79299	0.01021	0.02111	0.01498	0.01294	0.00817	0.00953	0.00681	0.00545	0.00477	0.00136	0.00953	0.00340	0.00272	0.00613
12	0.01975	0.02520	0.01498	0.01362	0.01634	0.79299	0.01021	0.02111	0.01498	0.01294	0.00817	0.00953	0.00681	0.00545	0.00477	0.00136	0.00953	0.00340	0.00272	0.00613
13	0.00658	0.00527	0.00592	0.00632	0.00770	0.00462	0.00474	0.00798	0.01172	0.01448	0.06645	0.22014	0.51063	0.01415	0.00647	0.00193	0.00300	0.09249	0.00493	0.00449
14	0.85155	0.01022	0.00777	0.00695	0.01022	0.01186	0.00573	0.01554	0.00900	0.02372	0.00736	0.00859	0.00573	0.00491	0.00327	0.00164	0.00409	0.00286	0.00327	0.00573
15	0.00814	0.00581	0.00808	0.00930	0.01035	0.00576	0.00785	0.01029	0.01179	0.01539	0.02820	0.19794	0.03126	0.01496	0.00720	0.00238	0.00454	0.61112	0.00488	0.00476
16	0.00651	0.00465	0.00619	0.00732	0.00768	0.00434	0.00491	0.00752	0.01042	0.01397	0.07540	0.76314	0.03589	0.01621	0.00672	0.00212	0.00303	0.01469	0.00496	0.00434
17	0.01104	0.11494	0.59908	0.08073	0.02319	0.01327	0.05410	0.01638	0.01113	0.01599	0.00930	0.01125	0.00680	0.00496	0.00492	0.00163	0.00756	0.00396	0.00227	0.00750
18	0.00747	0.00549	0.00737	0.03426	0.00969	0.00531	0.00635	0.00932	0.01192	0.01583	0.17990	0.29773	0.09966	0.02867	0.00711	0.00216	0.00369	0.25843	0.00496	0.00467
19	0.01450	0.65076	0.12133	0.00983	0.01473	0.01873	0.01025	0.01678	0.01116	0.07780	0.00875	0.00961	0.00730	0.00475	0.00376	0.00124	0.00583	0.00317	0.00262	0.00710
20	0.00672	0.00492	0.00666	0.04144	0.00897	0.00471	0.00538	0.00792	0.01063	0.01421	0.09172	0.67899	0.05253	0.01548	0.00664	0.00209	0.00322	0.02845	0.00487	0.00444
21	0.03037	0.73638	0.08985	0.00950	0.01427	0.02003	0.00984	0.01590	0.01074	0.01302	0.00753	0.00870	0.00676	0.00457	0.00352	0.00119	0.00580	0.00292	0.00228	0.00685
22	0.01928	0.09167	0.01605	0.01324	0.01611	0.72820	0.01012	0.02067	0.01463	0.01290	0.00810	0.00945	0.00681	0.00537	0.00465	0.00134	0.00921	0.00336	0.00269	0.00618
23	0.00752	0.00554	0.00697	0.00714	0.00809	0.00510	0.00484	0.00851	0.00953	0.01317	0.02191	0.43747	0.02527	0.20898	0.07629	0.00319	0.00461	0.01069	0.00406	0.13113
24	0.04834	0.14451	0.48912	0.01372	0.04142	0.01378	0.01556	0.01713	0.07473	0.01669	0.02301	0.01192	0.00826	0.00547	0.00550	0.00163	0.05511	0.00403	0.00262	0.00746
25	0.01342	0.06654	0.58056	0.01374	0.02059	0.01188	0.02837	0.01848	0.01194	0.16823	0.01164	0.01241	0.00798	0.00529	0.00501	0.00164	0.00706	0.00416	0.00309	0.00798
26	0.02372	0.00900	0.01227	0.00941	0.01350	0.00777	0.00777	0.02576	0.01513	0.78489	0.02086	0.01799	0.01309	0.00654	0.00532	0.00164	0.00450	0.00532	0.00654	0.00900
27	0.01051	0.01978	0.46202	0.12029	0.06166	0.01135	0.08225	0.01533	0.01113	0.01629	0.01137	0.06383	0.00924	0.00587	0.00538	0.00170	0.01891	0.00505	0.06095	0.00707
28	0.01304	0.03023	0.04230	0.11046	0.59251	0.03549	0.03231	0.03208	0.02949	0.01707	0.01010	0.01310	0.00829	0.00488	0.00521	0.00159	0.00649	0.00467	0.00269	0.00798
29	0.00677	0.00541	0.00614	0.00632	0.00771	0.00491	0.00470	0.00839	0.02339	0.01449	0.09134	0.14727	0.47847	0.05287	0.07336	0.00258	0.00394	0.05270	0.00472	0.00452
30	0.00659	0.00471	0.00632	0.00739	0.00773	0.00452	0.00498	0.00755	0.00988	0.01325	0.02734	0.71110	0.03246	0.05279	0.07362	0.00281	0.00409	0.01393	0.00466	0.00428
31	0.01279	0.01180	0.02809	0.01155	0.06242	0.10897	0.00845	0.10621	0.26207	0.03120	0.05289	0.17360	0.06892	0.00922	0.00568	0.00177	0.00490	0.02789	0.00469	0.00688
32	0.01228	0.05607	0.11968	0.07325	0.33022	0.01294	0.21389	0.01677	0.05787	0.01684	0.01180	0.01441	0.02928	0.00509	0.00542	0.00165	0.00697	0.00517	0.00278	0.00762
33	0.81597	0.01017	0.00796	0.00706	0.01036	0.01168	0.00581	0.01598	0.00926	0.05644	0.00794	0.00899	0.00604	0.00498	0.00336	0.00164	0.00411	0.00297	0.00341	0.00587
34	0.00644	0.00460	0.00613	0.00736	0.00767	0.00429	0.00491	0.00736	0.01012	0.01350	0.02914	0.81076	0.03497	0.01656	0.00675	0.00215	0.00307	0.01503	0.00491	0.00429
35	0.01224	0.06640	0.19006	0.03936	0.34303	0.01261	0.15895	0.01615	0.01199	0.02865	0.04344	0.01493	0.01019	0.00525	0.00536	0.00164	0.00687	0.02246	0.00277	0.00764
36	0.00675	0.00609	0.00571	0.00566	0.00748	0.03385	0.00425	0.00809	0.01216	0.01423	0.05186	0.04934	0.75030	0.01309	0.00619	0.00177	0.00293	0.01087	0.00483	0.00452
37	0.00985	0.00493	0.00493	0.00493	0.00616	0.00493	0.00370	0.01232	0.01109	0.01971	0.01725	0.01971	0.01355	0.00616	0.00370	0.00123	0.00246	0.00493	0.84356	0.00493
38	0.01454	0.63689	0.09004	0.01013	0.01464	0.09878	0.01008	0.01657	0.01124	0.02769	0.00787	0.00906	0.00690	0.00480	0.00401	0.00124	0.02324	0.00306	0.00239	0.00683
39	0.01156	0.22178	0.56698	0.01389	0.02079	0.01446	0.04886	0.01653	0.01111	0.01569	0.00901	0.01063	0.00678	0.00487	0.00467	0.00154	0.00733	0.00374	0.00226	0.00753
40	0.01064	0.02709	0.77191	0.01521	0.02297	0.01230	0.03418	0.01675	0.01119	0.01675	0.00951	0.01122	0.00672	0.00501	0.00505	0.00168	0.00783	0.00395	0.00224	0.00780
41	0.01060	0.02735	0.78682	0.01507	0.02288	0.01228	0.01953	0.01674	0.01116	0.01674	0.00949	0.01116	0.00670	0.00502	0.00502	0.00167	0.00781	0.00391	0.00223	0.00781
42	0.00740	0.00539	0.00696	0.00659	0.00785	0.00495	0.00493	0.00980	0.01472	0.02069	0.72590	0.05292	0.08998	0.01105	0.00624	0.00168	0.00251	0.00974	0.00575	0.00495
43	0.03736	0.09616	0.03008	0.06357	0.05300	0.22489	0.00981	0.14527	0.04032	0.08824	0.03981	0.01591	0.05301	0.00649	0.00543	0.00154	0.03614	0.01822	0.00379	0.03098
44	0.01144	0.03496	0.57351	0.04110	0.02229	0.01222	0.08873	0.05713	0.01224	0.03172	0.04342	0.01295	0.00898	0.00530	0.00518	0.00166	0.00739	0.00444	0.00270	0.02264
45	0.01274	0.25783	0.01595	0.00992	0.01234	0.21383	0.00816	0.01431	0.01087	0.01246	0.01102	0.04087	0.01048	0.05176	0.27754	0.00395	0.02302	0.00460	0.00271	0.00565
46	0.01401	0.80180	0.02733	0.00904	0.01349	0.02064	0.00900	0.01571	0.01070	0.01243	0.00748	0.00872	0.00691	0.00520	0.01856	0.00127	0.00582	0.00288	0.00227	0.00674
47	0.01509	0.69612	0.05424	0.00931	0.01391	0.01910	0.00929	0.01699	0.01126	0.10034	0.00896	0.00966	0.00750	0.00477	0.00367	0.00121	0.00560	0.00315	0.00275	0.00707
48	0.41082	0.00934	0.00968	0.00808	0.01153	0.00961	0.00664	0.01963	0.03262	0.34091	0.04382	0.01620	0.03245	0.00631	0.00446	0.00166	0.00418	0.02011	0.00487	0.00708
49	0.00998	0.00940	0.01586	0.80150	0.03641	0.01175	0.01468	0.01351	0.01057	0.01351	0.00940	0.01409	0.00705	0.00529	0.00529	0.00176	0.00705	0.00470	0.00235	0.00587
50	0.01871	0.01412	0.01508	0.01188	0.01587	0.01575	0.00971	0.61676	0.17396	0.03108	0.01445	0.01410	0.01042	0.00651	0.00531	0.00163	0.00549	0.00500	0.00531	0.00887
51	0.00998	0.00940	0.01586	0.80150	0.03641	0.01175	0.01468	0.01351	0.01057	0.01351	0.00940	0.01409	0.00705	0.00529	0.00529	0.00176	0.00705	0.00470	0.00235	0.00587
52	0.00644	0.00460	0.00613	0.00736	0.00767	0.00429	0.00491	0.00736	0.01012	0.01350	0.02914	0.81076	0.03497	0.01656	0.00675	0.00215	0.00307	0.01503	0.00491	0.00429
53	0.01187	0.01208	0.01615	0.01387	0.01397	0.04528	0.01152	0.01304	0.00835	0.01273	0.00699	0.01149	0.00693	0.00911	0.01688	0.00228	0.77477	0.00458	0.00233	0.00580
54	0.01194	0.01218	0.01614	0.01387	0.01399	0.05138	0.01150	0.01310	0.00841	0.01273	0.00700	0.01147	0.00693	0.00908	0.01678	0.00227	0.76852	0.00457	0.00233	0.00580
55	0.01975	0.02520	0.01498	0.01362	0.01634	0.79299	0.01021	0.02111	0.01498	0.01294	0.00817	0.00953	0.00681	0.00545	0.00477	0.00136	0.00953	0.00340	0.00272	0.00613
56	0.00644	0.00460	0.00613	0.00736	0.00767	0.00429	0.00491	0.00736	0.01012	0.01350	0.02914	0.81076	0.03497	0.01656	0.00675	0.00215	0.00307	0.01503	0.00491	0.00429
57	0.85155	0.01022	0.00777	0.00695	0.01022	0.01186	0.00573	0.01554	0.00900	0.02372	0.00736	0.00859	0.00573	0.00491	0.00327	0.00164	0.00409	0.00286	0.00327	0.00573
58	0.01749	0.02006	0.01617	0.05556	0.05056	0.49190	0.07336	0.10927	0.03023	0.01598	0.00971	0.01196	0.00796	0.02986	0.01933	0.01836	0.00851	0.00417	0.00307	0.00650
59	0.00729	0.00527	0.00688	0.00675	0.00785	0.00486	0.00496	0.00949	0.01409	0.01978	0.63958	0.17178	0.05789	0.01183	0.00632	0.00175	0.00259	0.01052	0.00565	0.00486
60	0.00756	0.00562	0.00826	0.00826	0.00912	0.00648	0.00631	0.00929	0.00843	0.01210	0.01438	0.02196	0.01373	0.10640	0.72722	0.00821	0.01338	0.00584	0.00286	0.00459
61	0.00933	0.00712	0.00845	0.00878	0.01042	0.00745	0.00707	0.01479	0.21545	0.01734	0.02843	0.14715	0.11124	0.01203	0.00629	0.00205	0.00399	0.30155	0.07540	0.00569
62	0.03925	0.02554	0.70468	0.01506	0.04414	0.01207	0.01846	0.01708	0.01129	0.05062	0.00993	0.01143	0.00699	0.00508	0.00498	0.00167	0.00750	0.00396	0.00247	0.00781
63	0.00658	0.00477	0.00646	0.02982	0.00855	0.00454	0.00526	0.00761	0.01018	0.01354	0.02856	0.77251	0.03408	0.01620	0.00672	0.00214	0.00322	0.03008	0.00483	0.00435
64	0.00998	0.00937	0.01590	0.74919	0.03511	0.01154	0.03195	0.01348	0.01068	0.01369	0.01023	0.01606	0.00807	0.00567	0.00539	0.00179	0.00700	0.03658	0.00246	0.00586
65	0.01281	0.02675	0.06940	0.04137	0.18227	0.11506	0.10239	0.09551	0.01382	0.01783	0.05296	0.05743	0.03727	0.00787	0.00578	0.00177	0.00642	0.14292	0.00362	0.00675
66	0.00913	0.00462	0.00690	0.00694	0.00697	0.00461	0.00466	0.00696	0.00703	0.00936	0.00981	0.02918	0.00994	0.01827	0.02022	0.81903	0.00457	0.01705	0.00238	0.00237
67	0.01588	0.33089	0.09694	0.05509	0.05587	0.26059	0.01118	0.07630	0.01334	0.02685	0.00869	0.01009	0.00715	0.00509	0.00436	0.00136	0.00719	0.00350	0.00273	0.00692
68	0.01237	0.05139	0.23759	0.06773	0.44027	0.02708	0.03062	0.01668	0.03559	0.01677	0.01002	0.01256	0.00797	0.00491	0.00511	0.00160	0.00677	0.00445	0.00257	0.00794
69	0.02353	0.00930	0.01246	0.00955	0.01365	0.00822	0.00789	0.06464	0.01564	0.74530	0.02043	0.01771	0.01287	0.00653	0.00531	0.00163	0.00457	0.00529	0.00648	0.00900
70	0.01140	0.01127	0.03018	0.51652	0.22348	0.03335	0.05117	0.03222	0.01150	0.01513	0.00964	0.01364	0.00746	0.00512	0.00530	0.00170	0.00699	0.00473	0.00251	0.00668
71	0.08852	0.04327	0.45636	0.01755	0.18441	0.01239	0.02739	0.02988	0.02954	0.01797	0.03814	0.01259	0.00885	0.00521	0.00494	0.00164	0.00678	0.00426	0.00268	0.00763
72	0.01206	0.01239	0.01612	0.01386	0.01403	0.06322	0.01148	0.01323	0.00851	0.01274	0.00701	0.01144	0.00693	0.00902	0.01659	0.00226	0.75641	0.00455	0.00234	0.00580
73	0.00709	0.00607	0.00617	0.00602	0.00794	0.00551	0.00455	0.01007	0.10253	0.01535	0.06356	0.04695	0.67437	0.01260	0.00614	0.00178	0.00285	0.01051	0.00498	0.00494
74	0.01108	0.09036	0.56886	0.03785	0.11086	0.01278	0.03507	0.01621	0.01121	0.01625	0.01004	0.03794	0.00788	0.00532	0.00500	0.00164	0.00730	0.00436	0.00238	0.00761
75	0.01161	0.01164	0.05846	0.13418	0.47376	0.01117	0.02616	0.01484	0.01182	0.01643	0.01342	0.02234	0.01245	0.00676	0.00565	0.00178	0.00623	0.15103	0.00300	0.00728
76	0.01413	0.81739	0.02770	0.00905	0.01357	0.02092	0.00905	0.01583	0.01074	0.01244	0.00735	0.00848	0.00678	0.00452	0.00339	0.00113	0.00565	0.00283	0.00226	0.00678
77	0.00625	0.00536	0.00536	0.00536	0.00714	0.00446	0.00402	0.00759	0.01205	0.01428	0.05355	0.05088	0.77909	0.01339	0.00625	0.00179	0.00268	0.01116	0.00491	0.00446
78	0.01143	0.02896	0.06677	0.04031	0.04947	0.07617	0.06511	0.01422	0.04779	0.09195	0.06930	0.16100	0.13942	0.03263	0.00713	0.00190	0.05340	0.03285	0.00414	0.00603
79	0.00627	0.00536	0.00539	0.00538	0.00716	0.00447	0.00404	0.00763	0.01211	0.01442	0.06786	0.05065	0.76470	0.01334	0.00625	0.00178	0.00267	0.01113	0.00493	0.00447
80	0.00985	0.00493	0.00493	0.00493	0.00616	0.00493	0.00370	0.01232	0.01109	0.01971	0.01725	0.01971	0.01355	0.00616	0.00370	0.00123	0.00246	0.00493	0.84356	0.00493
81	0.01293	0.01359	0.03072	0.12684	0.35028	0.09480	0.07694	0.01563	0.01126	0.01523	0.00904	0.01257	0.00765	0.00590	0.00809	0.00177	0.19248	0.00467	0.00252	0.00709
82	0.01257	0.01288	0.01884	0.40443	0.20759	0.11117	0.10060	0.04048	0.01217	0.01538	0.00963	0.01325	0.00751	0.00511	0.00532	0.00166	0.00736	0.00472	0.00259	0.00674
83	0.00625	0.00536	0.00536	0.00536	0.00714	0.00446	0.00402	0.00759	0.01205	0.01428	0.05355	0.05088	0.77909	0.01339	0.00625	0.00179	0.00268	0.01116	0.00491	0.00446
84	0.45848	0.03040	0.05019	0.05085	0.01364	0.07872	0.03267	0.05745	0.01109	0.02107	0.00905	0.01063	0.00705	0.00506	0.00390	0.00151	0.00505	0.00347	0.07312	0.07662
85	0.01157	0.01157	0.01619	0.01388	0.01388	0.01619	0.01157	0.01272	0.00810	0.01272	0.00694	0.01157	0.00694	0.00925	0.01735	0.00231	0.80453	0.00463	0.00231	0.00578
86	0.01103	0.00711	0.00936	0.11954	0.01318	0.00715	0.03459	0.02973	0.04005	0.08226	0.05069	0.08818	0.03265	0.01963	0.01649	0.00162	0.00405	0.00613	0.34703	0.07953
87	0.01240	0.01482	0.06368	0.02197	0.02743	0.01332	0.73012	0.01693	0.01242	0.01693	0.01064	0.01413	0.00796	0.00448	0.00619	0.00178	0.00887	0.00614	0.00265	0.00716
88	0.85155	0.01022	0.00777	0.00695	0.01022	0.01186	0.00573	0.01554	0.00900	0.02372	0.00736	0.00859	0.00573	0.00491	0.00327	0.00164	0.00409	0.00286	0.00327	0.00573
89	0.01060	0.02735	0.78682	0.01507	0.02288	0.01228	0.01953	0.01674	0.01116	0.01674	0.00949	0.01116	0.00670	0.00502	0.00502	0.00167	0.00781	0.00391	0.00223	0.00781
90	0.02320	0.00913	0.01228	0.00944	0.01347	0.00803	0.00779	0.05289	0.01549	0.73881	0.03848	0.01830	0.01380	0.00664	0.00534	0.00163	0.00450	0.00540	0.00648	0.00890
91	0.01308	0.01256	0.02146	0.03245	0.78123	0.01256	0.01622	0.01622	0.01204	0.01727	0.00994	0.01308	0.00837	0.00471	0.00523	0.00157	0.00628	0.00471	0.00262	0.00837
