[name]
unknown

[dist]
# distance from previous block
# <min> <max>
1	237

[block]
# block no. 0 follows, 44 sequences, length 31
# corresponding to MSA columns:
# 267-297
name=unknown_A
#
# <colnr> <probs for GDERKNQSTAVLIFYWHMCP>
#	G	D	E	R	K	N	Q	S	T	A	V	L	I	F	Y	W	H	M	C	P
0	0.07350	0.01290	0.02813	0.04215	0.12108	0.13173	0.02004	0.03141	0.09975	0.07029	0.01401	0.06584	0.01211	0.02660	0.00562	0.00161	0.00567	0.02977	0.01508	0.19271
1	0.01391	0.05635	0.07724	0.01738	0.19947	0.05189	0.07560	0.04609	0.15538	0.06628	0.01417	0.06152	0.01168	0.00627	0.00555	0.00161	0.02110	0.00548	0.00375	0.10927
2	0.07819	0.01112	0.05450	0.02643	0.01399	0.02225	0.02417	0.13478	0.03738	0.11939	0.01685	0.11175	0.04808	0.00877	0.03396	0.00185	0.03995	0.00609	0.02238	0.18813
3	0.04746	0.01219	0.03803	0.14818	0.30508	0.01194	0.14360	0.04855	0.01272	0.05890	0.01312	0.03989	0.03684	0.00576	0.00552	0.00168	0.00653	0.00555	0.00321	0.05523
4	0.04896	0.01105	0.01273	0.05385	0.04252	0.01142	0.00864	0.10735	0.29736	0.10479	0.01780	0.01747	0.04171	0.00642	0.00512	0.00155	0.00466	0.00524	0.00476	0.19660
5	0.01381	0.01150	0.01519	0.09943	0.06969	0.03947	0.06279	0.10690	0.05664	0.07662	0.04370	0.04323	0.01176	0.00634	0.00638	0.00154	0.08056	0.00517	0.00383	0.24547
6	0.01431	0.01123	0.01227	0.01058	0.01377	0.01222	0.00828	0.17703	0.40820	0.05118	0.02014	0.12472	0.01681	0.00819	0.00557	0.00175	0.00450	0.00687	0.00529	0.08709
7	0.00915	0.00640	0.00724	0.00700	0.00892	0.00586	0.00529	0.01200	0.08393	0.09400	0.10530	0.15341	0.43827	0.01275	0.00636	0.00188	0.00320	0.02819	0.00536	0.00549
8	0.01241	0.00946	0.01541	0.64056	0.03266	0.01119	0.01362	0.01576	0.01182	0.13377	0.04234	0.01622	0.01003	0.00588	0.00550	0.00179	0.00667	0.00515	0.00324	0.00652
9	0.01796	0.01208	0.01372	0.01107	0.01456	0.01312	0.00895	0.41505	0.10647	0.14254	0.01585	0.01705	0.01191	0.04924	0.12183	0.00289	0.00683	0.00542	0.00519	0.00827
10	0.01094	0.01096	0.02034	0.60043	0.03526	0.01253	0.20172	0.01482	0.01140	0.01482	0.01003	0.01458	0.00752	0.00523	0.00570	0.00182	0.00775	0.00525	0.00251	0.00638
11	0.00684	0.00495	0.00647	0.00733	0.00792	0.00458	0.00503	0.00813	0.01153	0.01553	0.17738	0.61269	0.07994	0.01573	0.00683	0.00210	0.00302	0.01417	0.00525	0.00458
12	0.10033	0.01359	0.01563	0.08793	0.09514	0.01507	0.01074	0.50454	0.02065	0.02914	0.01214	0.01317	0.00889	0.00611	0.00517	0.00164	0.00584	0.00471	0.04120	0.00839
13	0.01214	0.01413	0.09698	0.20698	0.21491	0.01335	0.25474	0.01602	0.01173	0.01629	0.01004	0.01379	0.00789	0.00538	0.00689	0.00182	0.08177	0.00528	0.00258	0.00730
14	0.00662	0.00483	0.00624	0.00737	0.00785	0.00445	0.00496	0.00762	0.01065	0.01400	0.03277	0.72357	0.11558	0.01673	0.00690	0.00217	0.00312	0.01507	0.00506	0.00445
15	0.01016	0.00508	0.00508	0.00508	0.00635	0.00508	0.00381	0.01270	0.01143	0.02033	0.01778	0.02033	0.01397	0.00635	0.00381	0.00127	0.00254	0.00508	0.83867	0.00508
16	0.01231	0.01232	0.02276	0.24247	0.35956	0.01275	0.20568	0.01599	0.01218	0.01673	0.02794	0.01473	0.00915	0.00510	0.00570	0.00173	0.00730	0.00538	0.00271	0.00751
17	0.01255	0.08478	0.34871	0.01870	0.05647	0.01404	0.31818	0.04963	0.01269	0.01776	0.01028	0.01274	0.00765	0.00495	0.00558	0.00172	0.00818	0.00499	0.00265	0.00776
18	0.84691	0.01054	0.00801	0.00717	0.01054	0.01223	0.00590	0.01603	0.00928	0.02446	0.00759	0.00886	0.00590	0.00506	0.00337	0.00169	0.00422	0.00295	0.00337	0.00590
19	0.01252	0.01373	0.02464	0.29984	0.03036	0.07589	0.40504	0.01640	0.01223	0.01572	0.01022	0.01416	0.00777	0.00514	0.00632	0.00181	0.03323	0.00557	0.00263	0.00676
20	0.00928	0.00757	0.00908	0.00786	0.01070	0.00617	0.00586	0.01139	0.02990	0.01621	0.01999	0.33725	0.04768	0.00981	0.00536	0.00145	0.00364	0.00862	0.00410	0.44810
21	0.01276	0.25211	0.12021	0.01358	0.01678	0.01654	0.10254	0.01518	0.01029	0.03022	0.00906	0.02399	0.00818	0.03260	0.01045	0.00195	0.30971	0.00460	0.00257	0.00667
22	0.03734	0.00815	0.05304	0.07410	0.01348	0.00747	0.06103	0.01125	0.01116	0.05890	0.06905	0.43509	0.05028	0.02576	0.00746	0.00210	0.05339	0.01108	0.00443	0.00543
23	0.02446	0.00928	0.01265	0.00970	0.01392	0.00801	0.00801	0.02657	0.01560	0.77817	0.02151	0.01856	0.01350	0.00675	0.00548	0.00169	0.00464	0.00548	0.00675	0.00928
24	0.01002	0.00923	0.01538	0.70251	0.03430	0.01138	0.01421	0.01345	0.01091	0.01402	0.01154	0.04207	0.00970	0.00745	0.03002	0.00208	0.00724	0.04588	0.00266	0.00591
25	0.01152	0.01197	0.02298	0.26754	0.06971	0.01283	0.34195	0.01509	0.01155	0.01562	0.01155	0.07279	0.00991	0.00634	0.00735	0.00191	0.09365	0.00633	0.00278	0.00664
26	0.00671	0.00481	0.00639	0.00763	0.00800	0.00449	0.00516	0.00771	0.01055	0.01401	0.03054	0.76509	0.05147	0.01695	0.00697	0.00222	0.00321	0.03858	0.00506	0.00445
27	0.00751	0.00511	0.00607	0.00648	0.00658	0.00501	0.00387	0.00782	0.00874	0.01166	0.02135	0.28525	0.02509	0.55164	0.02100	0.00429	0.00460	0.01038	0.00387	0.00367
28	0.01264	0.53237	0.06773	0.00944	0.01324	0.01668	0.00903	0.04103	0.01137	0.01408	0.01272	0.16646	0.01316	0.00922	0.04783	0.00184	0.00593	0.00569	0.00301	0.00652
29	0.01654	0.17437	0.06909	0.04596	0.03979	0.01420	0.01015	0.10153	0.26510	0.18286	0.01635	0.01577	0.01191	0.00630	0.00508	0.00164	0.00532	0.00498	0.00470	0.00835
30	0.01048	0.00655	0.00773	0.00738	0.00928	0.00595	0.00552	0.06100	0.01326	0.14268	0.05400	0.28496	0.34401	0.01314	0.00638	0.00192	0.00341	0.01131	0.00539	0.00565

[dist]
# distance from previous block
# <min> <max>
3	8

[block]
# block no. 1 follows, 44 sequences, length 30
# corresponding to MSA columns:
# 306-335
name=unknown_B
#
# <colnr> <probs for GDERKNQSTAVLIFYWHMCP>
#	G	D	E	R	K	N	Q	S	T	A	V	L	I	F	Y	W	H	M	C	P
0	0.01507	0.01324	0.01362	0.01161	0.04689	0.08535	0.00880	0.19039	0.23016	0.02262	0.01395	0.01425	0.01072	0.00576	0.00494	0.00139	0.00522	0.00455	0.00434	0.29712
1	0.01300	0.01094	0.01167	0.01050	0.01352	0.01229	0.00820	0.02616	0.63885	0.03675	0.02435	0.02369	0.07287	0.00798	0.00562	0.00183	0.00422	0.03059	0.00542	0.04155
2	0.00821	0.00569	0.00726	0.00706	0.00840	0.00514	0.00517	0.01020	0.01365	0.05107	0.45199	0.22085	0.10776	0.03088	0.00692	0.00189	0.00294	0.01085	0.00555	0.03853
3	0.00727	0.00541	0.00683	0.00762	0.00836	0.00520	0.00527	0.00951	0.06720	0.01555	0.11665	0.60486	0.08891	0.01544	0.00676	0.00210	0.00315	0.01387	0.00521	0.00484
4	0.00939	0.00492	0.00695	0.00695	0.00728	0.00503	0.00482	0.00835	0.00802	0.01166	0.01146	0.01776	0.01070	0.01933	0.10587	0.60454	0.00549	0.00492	0.14344	0.00311
5	0.02037	0.02598	0.01545	0.01404	0.01685	0.78652	0.01053	0.02177	0.01545	0.01334	0.00843	0.00983	0.00702	0.00562	0.00492	0.00140	0.00983	0.00351	0.00281	0.00632
6	0.01524	0.01093	0.01213	0.01057	0.01375	0.01205	0.00831	0.05453	0.54658	0.15372	0.08235	0.02141	0.01863	0.00756	0.00560	0.00180	0.00429	0.00630	0.00579	0.00848
7	0.00666	0.00523	0.00603	0.00646	0.00766	0.00460	0.00460	0.00802	0.01201	0.01523	0.12688	0.33575	0.41204	0.01474	0.00664	0.00197	0.00289	0.01283	0.00517	0.00460
8	0.00655	0.00525	0.00585	0.00628	0.00757	0.00456	0.00449	0.00781	0.01182	0.01464	0.06590	0.31275	0.49769	0.01487	0.00662	0.00197	0.00290	0.01284	0.00509	0.00456
9	0.00654	0.00553	0.00565	0.00562	0.00742	0.00464	0.00422	0.00801	0.01265	0.01526	0.10846	0.05159	0.71862	0.01361	0.00644	0.00183	0.00275	0.01138	0.00513	0.00464
10	0.67534	0.01028	0.00898	0.00770	0.01125	0.01135	0.00634	0.01823	0.01060	0.18170	0.01049	0.01088	0.00749	0.00541	0.00381	0.00169	0.00431	0.00348	0.00408	0.00661
11	0.00782	0.00546	0.00697	0.00703	0.00739	0.00580	0.00464	0.00856	0.00834	0.01147	0.01684	0.06533	0.01833	0.49723	0.29917	0.00639	0.00853	0.00752	0.00325	0.00392
12	0.00813	0.00580	0.00666	0.00630	0.00810	0.00503	0.00477	0.01000	0.01375	0.06900	0.31741	0.04584	0.45476	0.01235	0.00637	0.00178	0.00282	0.01049	0.00552	0.00512
13	0.01352	0.00632	0.00706	0.00631	0.00830	0.00611	0.00492	0.04196	0.01281	0.17892	0.01839	0.01970	0.01371	0.00644	0.00422	0.00137	0.00310	0.00516	0.63557	0.00611
14	0.05770	0.02261	0.01512	0.11336	0.01910	0.62483	0.01082	0.02067	0.01459	0.04020	0.00900	0.01069	0.00722	0.00561	0.00493	0.00148	0.00906	0.00372	0.00292	0.00637
15	0.05191	0.01736	0.01556	0.07240	0.08101	0.30254	0.01080	0.18773	0.01672	0.14792	0.01186	0.01273	0.00874	0.00605	0.00558	0.00160	0.03343	0.00439	0.00404	0.00763
16	0.00772	0.00551	0.00754	0.00873	0.00950	0.00539	0.00681	0.00941	0.01130	0.01491	0.02864	0.40888	0.03269	0.04019	0.03186	0.00265	0.00445	0.35421	0.00492	0.00469
17	0.01228	0.01027	0.01183	0.00854	0.01333	0.00826	0.00686	0.09045	0.01279	0.01948	0.01004	0.01149	0.00820	0.00430	0.00418	0.00089	0.00424	0.00340	0.00346	0.75571
18	0.01259	0.25019	0.11595	0.01346	0.07151	0.02627	0.04200	0.01524	0.02825	0.04147	0.01204	0.07826	0.02332	0.02500	0.03603	0.00207	0.19133	0.00534	0.00293	0.00673
19	0.01172	0.10351	0.49168	0.01621	0.07687	0.01434	0.03581	0.01639	0.01100	0.01612	0.00915	0.01153	0.00712	0.00587	0.00733	0.00178	0.14942	0.00417	0.00236	0.00760
20	0.05162	0.00932	0.01250	0.00962	0.01381	0.00815	0.00794	0.02622	0.01540	0.75328	0.02105	0.01824	0.01324	0.00669	0.00541	0.00169	0.00463	0.00540	0.00664	0.00917
21	0.00660	0.00489	0.00617	0.00719	0.00780	0.00446	0.00488	0.00764	0.01082	0.01407	0.03489	0.66022	0.17756	0.01645	0.00686	0.00214	0.00309	0.01473	0.00506	0.00446
22	0.05000	0.01056	0.07005	0.20292	0.01946	0.01017	0.06999	0.13535	0.01321	0.01840	0.01710	0.25491	0.01718	0.04825	0.00690	0.00205	0.00562	0.00823	0.03349	0.00617
23	0.00725	0.00500	0.00615	0.00681	0.00698	0.00483	0.00423	0.00775	0.00925	0.01234	0.02397	0.44163	0.02839	0.39075	0.01678	0.00366	0.00417	0.01192	0.00423	0.00390
24	0.00779	0.00582	0.00865	0.00865	0.00959	0.00676	0.00668	0.00967	0.00873	0.01258	0.01470	0.02196	0.01387	0.07026	0.75775	0.00863	0.01425	0.00592	0.00294	0.00481
25	0.06002	0.01244	0.01476	0.01137	0.01558	0.01283	0.03203	0.38589	0.03462	0.32356	0.03046	0.01574	0.01167	0.00660	0.00542	0.00167	0.00539	0.00521	0.00579	0.00897
26	0.01048	0.01130	0.07744	0.25384	0.08914	0.03324	0.10231	0.03052	0.01178	0.01576	0.05063	0.22186	0.01710	0.00878	0.00650	0.00190	0.03983	0.00795	0.00341	0.00621
27	0.00784	0.00560	0.00770	0.00896	0.00981	0.00546	0.00715	0.00967	0.01162	0.01526	0.02939	0.38809	0.03343	0.01595	0.00728	0.00238	0.00420	0.42040	0.00504	0.00476
28	0.01475	0.01613	0.01716	0.08424	0.34435	0.27970	0.01276	0.01717	0.01342	0.01594	0.06771	0.03553	0.02767	0.02334	0.00585	0.00167	0.00723	0.00523	0.00308	0.00706
29	0.01573	0.01409	0.01585	0.03025	0.08950	0.11804	0.01103	0.23029	0.01512	0.04366	0.01163	0.01492	0.02415	0.02501	0.02702	0.02109	0.26321	0.01864	0.00363	0.00713

[dist]
# distance from previous block
# <min> <max>
1	13

[block]
# block no. 2 follows, 44 sequences, length 36
# corresponding to MSA columns:
# 349-384
name=unknown_C
#
# <colnr> <probs for GDERKNQSTAVLIFYWHMCP>
#	G	D	E	R	K	N	Q	S	T	A	V	L	I	F	Y	W	H	M	C	P
0	0.07877	0.07305	0.01412	0.01058	0.01361	0.09509	0.02097	0.15638	0.03071	0.14126	0.04099	0.03258	0.01217	0.06548	0.02521	0.00204	0.09063	0.00511	0.02051	0.07075
1	0.01276	0.01026	0.01124	0.03228	0.01322	0.03050	0.00761	0.12704	0.24839	0.04391	0.09594	0.09783	0.07325	0.02714	0.00607	0.00173	0.00438	0.00706	0.00494	0.14445
2	0.01278	0.02925	0.01712	0.23921	0.28795	0.02460	0.02571	0.05394	0.05832	0.05796	0.08937	0.05262	0.01451	0.00655	0.00557	0.00172	0.00599	0.00591	0.00358	0.00734
3	0.01398	0.00961	0.01036	0.00839	0.01133	0.00975	0.00661	0.27943	0.01621	0.02407	0.01455	0.01733	0.01168	0.07286	0.00644	0.00165	0.00429	0.00491	0.31476	0.16180
4	0.01458	0.81168	0.02857	0.00933	0.01399	0.02157	0.00933	0.01632	0.01108	0.01283	0.00758	0.00875	0.00700	0.00466	0.00350	0.00117	0.00583	0.00292	0.00233	0.00700
5	0.05960	0.01271	0.01676	0.01317	0.01629	0.03088	0.10251	0.22127	0.01494	0.09190	0.01123	0.01328	0.00875	0.00803	0.03745	0.00204	0.22755	0.00482	0.00387	0.10295
6	0.00779	0.00584	0.00876	0.00876	0.00974	0.00681	0.00681	0.00974	0.00876	0.01266	0.01460	0.02142	0.01363	0.04089	0.78680	0.00876	0.01460	0.00584	0.00292	0.00487
7	0.01378	0.01182	0.01245	0.01114	0.01426	0.01366	0.00868	0.05149	0.74166	0.02316	0.02191	0.02012	0.01641	0.00737	0.00554	0.00184	0.00437	0.00612	0.00554	0.00865
8	0.00782	0.00573	0.00822	0.00822	0.00900	0.00652	0.00613	0.00938	0.00860	0.01225	0.01510	0.02419	0.01483	0.18988	0.63945	0.00809	0.01279	0.00625	0.00299	0.00456
9	0.02072	0.01527	0.01636	0.01254	0.01691	0.01691	0.01036	0.75622	0.02563	0.03436	0.01309	0.01309	0.00927	0.00654	0.00545	0.00164	0.00600	0.00491	0.00545	0.00927
10	0.02006	0.01363	0.01485	0.01150	0.01554	0.01480	0.00946	0.60594	0.02317	0.11055	0.01444	0.01438	0.01018	0.00655	0.00529	0.00160	0.00551	0.00499	0.08871	0.00885
11	0.01462	0.00852	0.01035	0.00891	0.01167	0.00846	0.00701	0.02072	0.23296	0.25999	0.28048	0.02843	0.06672	0.00881	0.00588	0.00175	0.00374	0.00749	0.00606	0.00743
12	0.00687	0.00490	0.00658	0.00785	0.00826	0.00462	0.00545	0.00798	0.01066	0.01417	0.02993	0.72752	0.03557	0.01687	0.00702	0.00224	0.00336	0.09062	0.00506	0.00449
13	0.01350	0.01279	0.02087	0.03058	0.67639	0.01303	0.01569	0.01831	0.10937	0.01845	0.01179	0.01438	0.00967	0.00518	0.00542	0.00165	0.00620	0.00503	0.00307	0.00863
14	0.02446	0.00928	0.01265	0.00970	0.01392	0.00801	0.00801	0.02657	0.01560	0.77817	0.02151	0.01856	0.01350	0.00675	0.00548	0.00169	0.00464	0.00548	0.00675	0.00928
15	0.01016	0.00508	0.00508	0.00508	0.00635	0.00508	0.00381	0.01270	0.01143	0.02033	0.01778	0.02033	0.01397	0.00635	0.00381	0.00127	0.00254	0.00508	0.83867	0.00508
16	0.02350	0.00968	0.01276	0.00991	0.01405	0.00876	0.00815	0.05353	0.07226	0.69410	0.02125	0.01849	0.01358	0.00679	0.00549	0.00170	0.00466	0.00551	0.00661	0.00923
17	0.01076	0.14870	0.32063	0.11352	0.02024	0.01250	0.04796	0.01493	0.03102	0.01572	0.03914	0.15509	0.01403	0.00760	0.00566	0.00176	0.02452	0.00639	0.00305	0.00681
18	0.01496	0.01144	0.01245	0.01089	0.01401	0.01280	0.00853	0.14595	0.51240	0.08455	0.02138	0.09275	0.01701	0.00811	0.00566	0.00184	0.00451	0.00678	0.00558	0.00839
19	0.04036	0.01220	0.01983	0.40030	0.19388	0.05935	0.14587	0.01569	0.01181	0.01587	0.01008	0.01399	0.00783	0.00519	0.00547	0.00174	0.00738	0.00499	0.02132	0.00684
20	0.01496	0.06611	0.07690	0.21835	0.05216	0.26152	0.13763	0.06350	0.01371	0.01593	0.00998	0.02618	0.00799	0.00554	0.00533	0.00163	0.00821	0.00470	0.00283	0.00683
21	0.00670	0.00491	0.00622	0.00718	0.00775	0.00451	0.00485	0.00773	0.01079	0.01415	0.05723	0.63185	0.14846	0.05064	0.00776	0.00227	0.00317	0.01438	0.00502	0.00443
22	0.01120	0.00995	0.01502	0.36544	0.17876	0.03089	0.01250	0.03580	0.03774	0.03340	0.07352	0.10333	0.03722	0.00762	0.00575	0.00181	0.00599	0.02404	0.00348	0.00653
23	0.01024	0.00722	0.03199	0.00817	0.00992	0.00649	0.00628	0.03231	0.08007	0.11223	0.15331	0.32988	0.11957	0.04125	0.00716	0.00207	0.00365	0.02710	0.00533	0.00576
24	0.84691	0.01054	0.00801	0.00717	0.01054	0.01223	0.00590	0.01603	0.00928	0.02446	0.00759	0.00886	0.00590	0.00506	0.00337	0.00169	0.00422	0.00295	0.00337	0.00590
25	0.01269	0.01206	0.02065	0.13419	0.59534	0.01236	0.03795	0.01597	0.01223	0.01716	0.01160	0.01728	0.01015	0.00570	0.00560	0.00172	0.00655	0.05998	0.00284	0.00798
26	0.02312	0.01092	0.01361	0.01049	0.01470	0.01051	0.00865	0.21652	0.04355	0.55906	0.01934	0.01719	0.01250	0.00672	0.00548	0.00168	0.00498	0.00536	0.00637	0.00925
27	0.00719	0.00541	0.00665	0.00664	0.00790	0.00487	0.00487	0.00915	0.01374	0.01855	0.44955	0.18329	0.23639	0.01292	0.00653	0.00184	0.00273	0.01132	0.00559	0.00487
28	0.01193	0.01193	0.01670	0.01431	0.01431	0.01670	0.01193	0.01312	0.00835	0.01312	0.00716	0.01193	0.00716	0.00954	0.01789	0.00239	0.79843	0.00477	0.00239	0.00596
29	0.01473	0.00781	0.00862	0.00735	0.00975	0.00791	0.00583	0.16104	0.01495	0.15552	0.01751	0.01860	0.01297	0.00646	0.00443	0.00141	0.00359	0.00512	0.52977	0.00664
30	0.01193	0.01207	0.01815	0.05891	0.01697	0.01616	0.08281	0.01358	0.00892	0.01358	0.00767	0.01234	0.00727	0.00884	0.01610	0.00230	0.67894	0.00493	0.00242	0.00610
31	0.00705	0.00529	0.00608	0.00640	0.00731	0.00483	0.00438	0.00809	0.01101	0.01408	0.09692	0.23852	0.30969	0.22024	0.01212	0.00284	0.00357	0.03263	0.00468	0.00428
32	0.00657	0.00502	0.00604	0.00685	0.00771	0.00449	0.00473	0.00767	0.01115	0.01421	0.03910	0.53430	0.30076	0.01590	0.00677	0.00208	0.00302	0.01406	0.00506	0.00449
33	0.01002	0.00932	0.01560	0.73610	0.03532	0.01153	0.01438	0.01345	0.01087	0.01393	0.01122	0.07393	0.00943	0.00632	0.00556	0.00185	0.00696	0.00565	0.00262	0.00593
34	0.04817	0.01172	0.01287	0.19076	0.01848	0.07014	0.00950	0.28819	0.01660	0.02320	0.01297	0.01550	0.00999	0.02806	0.02817	0.00188	0.00594	0.00486	0.19608	0.00693
35	0.18063	0.02466	0.01346	0.02790	0.01409	0.03390	0.07199	0.11242	0.01287	0.11730	0.01536	0.18055	0.01448	0.02638	0.00779	0.00198	0.12654	0.00693	0.00418	0.00658

[dist]
# distance from previous block
# <min> <max>
1	8

[block]
# block no. 3 follows, 44 sequences, length 15
# corresponding to MSA columns:
# 395-409
name=unknown_D
#
# <colnr> <probs for GDERKNQSTAVLIFYWHMCP>
#	G	D	E	R	K	N	Q	S	T	A	V	L	I	F	Y	W	H	M	C	P
0	0.01342	0.11767	0.01534	0.03175	0.08930	0.03782	0.00865	0.09694	0.03305	0.03363	0.01201	0.01329	0.03616	0.00507	0.00448	0.00116	0.00499	0.00401	0.00346	0.43782
1	0.01920	0.01674	0.01536	0.01256	0.01634	0.17339	0.01005	0.45907	0.17308	0.02773	0.01398	0.01389	0.01030	0.00653	0.00536	0.00163	0.00644	0.00488	0.00493	0.00854
2	0.04281	0.00999	0.01653	0.49857	0.04575	0.01121	0.08365	0.01589	0.01187	0.11672	0.03196	0.01699	0.01016	0.00593	0.00552	0.00178	0.00667	0.02936	0.00328	0.03537
3	0.00696	0.00553	0.00619	0.00603	0.00760	0.00482	0.00448	0.00873	0.01338	0.01721	0.31765	0.04757	0.48130	0.03978	0.00716	0.00191	0.00278	0.01078	0.00535	0.00476
4	0.00733	0.00528	0.00694	0.00712	0.00806	0.00489	0.00511	0.00932	0.01364	0.01902	0.50600	0.31435	0.04593	0.01327	0.00662	0.00189	0.00278	0.01188	0.00566	0.00489
5	0.04231	0.01188	0.03729	0.11476	0.01566	0.14732	0.00935	0.05625	0.01149	0.01547	0.01197	0.01645	0.01039	0.03424	0.28593	0.00428	0.08631	0.00495	0.07794	0.00577
6	0.02037	0.02598	0.01545	0.01404	0.01685	0.78652	0.01053	0.02177	0.01545	0.01334	0.00843	0.00983	0.00702	0.00562	0.00492	0.00140	0.00983	0.00351	0.00281	0.00632
7	0.02102	0.01480	0.01607	0.01232	0.01667	0.01621	0.01018	0.69912	0.02485	0.09257	0.01375	0.01352	0.00960	0.00656	0.00546	0.00164	0.00589	0.00495	0.00556	0.00927
8	0.00664	0.00474	0.00633	0.00759	0.00791	0.00443	0.00506	0.00759	0.01044	0.01392	0.03005	0.80485	0.03606	0.01708	0.00696	0.00221	0.00316	0.01550	0.00506	0.00443
9	0.00694	0.00494	0.00659	0.00780	0.00821	0.00468	0.00541	0.00803	0.01057	0.01404	0.02936	0.68706	0.03482	0.05111	0.00792	0.00238	0.00347	0.09725	0.00498	0.00445
10	0.02039	0.02519	0.01552	0.01393	0.01686	0.72927	0.01052	0.07640	0.01621	0.01491	0.00877	0.01007	0.00719	0.00569	0.00496	0.00142	0.00955	0.00362	0.00301	0.00654
11	0.00827	0.00588	0.00805	0.00921	0.01017	0.00581	0.00758	0.01026	0.01175	0.01537	0.02820	0.21356	0.03144	0.07756	0.00899	0.00267	0.00466	0.53089	0.00489	0.00476
12	0.00779	0.00584	0.00876	0.00876	0.00974	0.00681	0.00681	0.00974	0.00876	0.01266	0.01460	0.02142	0.01363	0.04089	0.78680	0.00876	0.01460	0.00584	0.00292	0.00487
13	0.01984	0.01089	0.01289	0.01015	0.01385	0.01099	0.00829	0.30051	0.03797	0.33622	0.10177	0.01913	0.01624	0.00715	0.00545	0.00164	0.00476	0.00574	0.06802	0.00849
14	0.01811	0.01392	0.01391	0.01152	0.01509	0.09156	0.00924	0.33173	0.24433	0.10602	0.01684	0.01699	0.01245	0.00691	0.00539	0.00168	0.00553	0.02191	0.04838	0.00847

[dist]
# distance from previous block
# <min> <max>
3	23

[block]
# block no. 4 follows, 44 sequences, length 11
# corresponding to MSA columns:
# 433-443
name=unknown_E
#
# <colnr> <probs for GDERKNQSTAVLIFYWHMCP>
#	G	D	E	R	K	N	Q	S	T	A	V	L	I	F	Y	W	H	M	C	P
0	0.01471	0.67203	0.05823	0.01013	0.01462	0.02056	0.01001	0.07012	0.01199	0.01460	0.00805	0.00937	0.00717	0.00512	0.00459	0.00130	0.05446	0.00322	0.00256	0.00714
1	0.01010	0.06255	0.01001	0.00854	0.01025	0.00811	0.00646	0.05845	0.11225	0.05014	0.16068	0.34600	0.02938	0.01441	0.06826	0.00244	0.00455	0.01028	0.00500	0.02214
2	0.00809	0.00563	0.00723	0.00688	0.00825	0.00514	0.00514	0.01041	0.01479	0.04632	0.62512	0.09679	0.11628	0.01168	0.00644	0.00176	0.00270	0.01028	0.00587	0.00518
3	0.01065	0.01327	0.17517	0.30003	0.07719	0.01078	0.10433	0.01456	0.01142	0.01632	0.01279	0.07763	0.01074	0.00631	0.00538	0.00173	0.00655	0.00575	0.13285	0.00653
4	0.01413	0.01307	0.01605	0.28012	0.18161	0.13284	0.01252	0.11232	0.01413	0.04954	0.04705	0.04907	0.01176	0.03506	0.00627	0.00182	0.00676	0.00547	0.00343	0.00698
5	0.00740	0.00532	0.00703	0.00730	0.00824	0.00496	0.00532	0.00939	0.01350	0.01874	0.46687	0.31186	0.04485	0.01347	0.00668	0.00194	0.00292	0.05371	0.00561	0.00488
6	0.00793	0.00529	0.00595	0.00595	0.00595	0.00529	0.00330	0.00793	0.00793	0.01057	0.01718	0.03568	0.01982	0.80840	0.02775	0.00529	0.00529	0.00793	0.00330	0.00330
7	0.06418	0.49823	0.07587	0.11276	0.03727	0.05323	0.01080	0.01702	0.02695	0.04679	0.00901	0.01052	0.00748	0.00502	0.00410	0.00138	0.00619	0.00350	0.00269	0.00702
8	0.02958	0.01099	0.01329	0.17931	0.06500	0.04532	0.01014	0.08066	0.25594	0.08028	0.08735	0.02235	0.04797	0.00754	0.00564	0.00179	0.00529	0.03953	0.00463	0.00738
9	0.00865	0.00640	0.00847	0.00944	0.01086	0.00634	0.00812	0.01154	0.04410	0.01636	0.03233	0.05849	0.13593	0.01456	0.00729	0.00239	0.00467	0.60390	0.00505	0.00511
10	0.01093	0.00992	0.01443	0.39221	0.05471	0.01028	0.01134	0.01391	0.01101	0.01569	0.00959	0.01299	0.00766	0.00501	0.00542	0.00140	0.04258	0.00415	0.00278	0.36397

[dist]
# distance from previous block
# <min> <max>
0	1

[block]
# block no. 5 follows, 44 sequences, length 51
# corresponding to MSA columns:
# 445-495
name=unknown_F
#
# <colnr> <probs for GDERKNQSTAVLIFYWHMCP>
#	G	D	E	R	K	N	Q	S	T	A	V	L	I	F	Y	W	H	M	C	P
0	0.01272	0.01313	0.06189	0.18330	0.58802	0.01277	0.01660	0.01621	0.01207	0.01701	0.01012	0.01359	0.00827	0.00499	0.00540	0.00166	0.00672	0.00481	0.00262	0.00809
1	0.01115	0.01063	0.01822	0.58792	0.21568	0.01237	0.03749	0.01471	0.01133	0.01497	0.00987	0.01429	0.00763	0.00528	0.00547	0.00177	0.00713	0.00490	0.00250	0.00672
2	0.01968	0.09675	0.01656	0.01355	0.01653	0.69936	0.01038	0.02144	0.03243	0.01352	0.00867	0.00998	0.00724	0.00557	0.00480	0.00139	0.00934	0.00352	0.00283	0.00643
3	0.01050	0.00662	0.00844	0.00751	0.00936	0.00620	0.00578	0.05859	0.01599	0.11355	0.60967	0.03673	0.06865	0.01042	0.00626	0.00171	0.00304	0.00908	0.00603	0.00588
4	0.00748	0.00556	0.00696	0.00661	0.00800	0.00504	0.00496	0.00984	0.01488	0.02056	0.64036	0.04287	0.18341	0.01163	0.00643	0.00174	0.00261	0.01016	0.00583	0.00504
5	0.06253	0.01119	0.01346	0.01047	0.01462	0.01108	0.00861	0.23286	0.06475	0.48402	0.01849	0.01665	0.01213	0.00665	0.00538	0.00168	0.00498	0.00524	0.00614	0.00907
6	0.00937	0.00480	0.00721	0.00721	0.00727	0.00486	0.00486	0.00727	0.00721	0.00967	0.00979	0.01687	0.00973	0.02031	0.06895	0.78957	0.00535	0.00480	0.00240	0.00252
7	0.02037	0.02598	0.01545	0.01404	0.01685	0.78652	0.01053	0.02177	0.01545	0.01334	0.00843	0.00983	0.00702	0.00562	0.00492	0.00140	0.00983	0.00351	0.00281	0.00632
8	0.01280	0.01105	0.01160	0.01050	0.01345	0.01261	0.00815	0.02672	0.68439	0.02194	0.02571	0.02376	0.09716	0.00808	0.00564	0.00185	0.00415	0.00673	0.00550	0.00820
9	0.00717	0.00532	0.00676	0.00763	0.00854	0.00494	0.00568	0.00864	0.01158	0.01502	0.07717	0.41675	0.19261	0.03099	0.00735	0.00223	0.00351	0.17841	0.00507	0.00462
10	0.00727	0.00571	0.00619	0.00607	0.00754	0.00511	0.00440	0.02430	0.01241	0.01561	0.16342	0.04698	0.48935	0.15281	0.01019	0.00244	0.00330	0.02742	0.00491	0.00457
11	0.16484	0.05011	0.01474	0.01098	0.01505	0.01490	0.00911	0.48548	0.02049	0.11900	0.01335	0.03508	0.00983	0.00652	0.00505	0.00165	0.00544	0.00484	0.00509	0.00844
12	0.00947	0.00473	0.00710	0.00710	0.00710	0.00473	0.00473	0.00710	0.00710	0.00947	0.00947	0.01657	0.00947	0.01894	0.02131	0.84138	0.00473	0.00473	0.00237	0.00237
13	0.00781	0.00576	0.00836	0.00836	0.00919	0.00659	0.00631	0.00948	0.00864	0.01236	0.01497	0.02347	0.01452	0.15128	0.67763	0.00826	0.01326	0.00614	0.00298	0.00464
14	0.00941	0.00605	0.00808	0.03090	0.00959	0.00563	0.00572	0.01197	0.01531	0.09463	0.67615	0.03779	0.04645	0.01055	0.00631	0.00172	0.00291	0.00929	0.00597	0.00557
15	0.01290	0.01235	0.02106	0.17416	0.63831	0.01280	0.01644	0.01621	0.01213	0.01709	0.01015	0.01369	0.00838	0.00497	0.00541	0.00166	0.00662	0.00486	0.00265	0.00816
16	0.01426	0.01294	0.01329	0.12341	0.01774	0.09688	0.00979	0.09458	0.45865	0.02134	0.01811	0.01895	0.01393	0.00705	0.00546	0.00178	0.00546	0.02809	0.03043	0.00785
17	0.23789	0.01811	0.28475	0.03870	0.10351	0.06044	0.02513	0.05049	0.01161	0.01937	0.00936	0.01148	0.00722	0.00578	0.00584	0.01867	0.05699	0.00399	0.02357	0.00710
18	0.01044	0.00978	0.01666	0.67030	0.04618	0.01178	0.06037	0.01421	0.02395	0.01458	0.01090	0.03920	0.00863	0.00581	0.00550	0.00181	0.00703	0.00530	0.03143	0.00614
19	0.06193	0.00859	0.00964	0.00858	0.01044	0.05404	0.00645	0.01160	0.00967	0.01431	0.01321	0.05206	0.01317	0.19342	0.23897	0.00439	0.07047	0.00565	0.00315	0.21025
20	0.01375	0.04888	0.03023	0.01079	0.01360	0.02924	0.07748	0.13325	0.03884	0.13894	0.09235	0.15169	0.06752	0.03766	0.03398	0.00219	0.03273	0.03534	0.00480	0.00675
21	0.01146	0.08298	0.54414	0.04090	0.09146	0.01334	0.06357	0.01671	0.01155	0.01671	0.01072	0.01275	0.02514	0.00542	0.00557	0.00171	0.03125	0.00439	0.00244	0.00778
22	0.02429	0.00955	0.01282	0.00983	0.01405	0.00842	0.00812	0.06016	0.01607	0.74393	0.02112	0.01830	0.01330	0.00674	0.00548	0.00168	0.00470	0.00546	0.00669	0.00928
23	0.00733	0.00512	0.00651	0.00696	0.00775	0.00478	0.00486	0.00894	0.01222	0.01702	0.28631	0.40497	0.07696	0.05308	0.00754	0.00210	0.00300	0.01219	0.06769	0.00468
24	0.01310	0.03298	0.14094	0.34005	0.15015	0.04580	0.01454	0.05811	0.03591	0.07441	0.01254	0.01508	0.03134	0.00577	0.00536	0.00172	0.00685	0.00490	0.00314	0.00730
25	0.01194	0.00936	0.01634	0.01326	0.01581	0.00938	0.23920	0.01446	0.01182	0.11163	0.01896	0.23993	0.01849	0.00971	0.00755	0.00196	0.09753	0.04781	0.09862	0.00623
26	0.00793	0.00529	0.00595	0.00595	0.00595	0.00529	0.00330	0.00793	0.00793	0.01057	0.01718	0.03568	0.01982	0.80840	0.02775	0.00529	0.00529	0.00793	0.00330	0.00330
27	0.04024	0.03766	0.01408	0.22486	0.12732	0.05809	0.01056	0.01623	0.01333	0.15677	0.18806	0.02233	0.04126	0.00728	0.00557	0.00170	0.00544	0.01819	0.00425	0.00679
28	0.01041	0.00877	0.01117	0.13303	0.07913	0.03079	0.00910	0.02987	0.15082	0.01695	0.02397	0.10817	0.10023	0.05995	0.00749	0.00218	0.00501	0.16966	0.03725	0.00607
29	0.00852	0.00608	0.00848	0.00974	0.01087	0.00605	0.00832	0.01084	0.01229	0.01602	0.02901	0.15384	0.03196	0.01531	0.00746	0.00247	0.00479	0.64798	0.00503	0.00495
30	0.00776	0.00572	0.00746	0.00827	0.00935	0.00548	0.00650	0.00993	0.02979	0.01623	0.13140	0.29616	0.13017	0.01485	0.00701	0.00221	0.00379	0.29785	0.00518	0.00488
31	0.01217	0.01668	0.22730	0.20187	0.27710	0.05992	0.01609	0.02790	0.01222	0.01660	0.01189	0.01664	0.02283	0.00595	0.00547	0.00174	0.00714	0.05027	0.00276	0.00745
32	0.01374	0.08863	0.01244	0.00974	0.01242	0.00920	0.02816	0.03990	0.09336	0.20137	0.06310	0.09929	0.07583	0.01053	0.00615	0.00195	0.00464	0.21757	0.00523	0.00675
33	0.57926	0.01264	0.06764	0.08721	0.01496	0.03923	0.00844	0.08328	0.01144	0.02333	0.02481	0.01072	0.00743	0.00539	0.00402	0.00169	0.00513	0.00357	0.00342	0.00638
34	0.00733	0.00587	0.00634	0.00627	0.00791	0.00523	0.00462	0.04254	0.01296	0.01618	0.13013	0.14215	0.53513	0.04373	0.00727	0.00199	0.00303	0.01138	0.00512	0.00481
35	0.01271	0.01257	0.01977	0.23955	0.31042	0.05001	0.11168	0.01783	0.11846	0.01711	0.01278	0.01558	0.02587	0.00558	0.00557	0.00173	0.00683	0.00533	0.00309	0.00755
36	0.01121	0.00968	0.01174	0.00848	0.01321	0.00737	0.02747	0.01365	0.01132	0.01764	0.01034	0.03532	0.00892	0.00445	0.00419	0.00088	0.00416	0.00369	0.00327	0.79301
37	0.01607	0.01296	0.01374	0.01160	0.01513	0.01473	0.00924	0.28341	0.50602	0.02685	0.01901	0.01780	0.01406	0.00710	0.00551	0.00177	0.00490	0.00572	0.00551	0.00885
38	0.01184	0.00850	0.01014	0.00814	0.01158	0.00729	0.00639	0.01554	0.09322	0.10959	0.18941	0.04795	0.06797	0.00737	0.00516	0.00134	0.00370	0.00623	0.00470	0.38395
39	0.00769	0.00557	0.00723	0.00681	0.00809	0.00514	0.00509	0.01019	0.01523	0.02151	0.74297	0.04086	0.06521	0.02628	0.00683	0.00178	0.00263	0.00986	0.00593	0.00510
40	0.01983	0.01482	0.01586	0.01236	0.01656	0.01649	0.01014	0.66501	0.11830	0.03291	0.01423	0.01400	0.01020	0.00665	0.00547	0.00166	0.00579	0.00507	0.00547	0.00919
41	0.00793	0.00529	0.00595	0.00595	0.00595	0.00529	0.00330	0.00793	0.00793	0.01057	0.01718	0.03568	0.01982	0.80840	0.02775	0.00529	0.00529	0.00793	0.00330	0.00330
42	0.00754	0.00557	0.00705	0.00668	0.00804	0.00507	0.00501	0.00995	0.01502	0.02088	0.67322	0.04234	0.15035	0.01151	0.00643	0.00173	0.00260	0.01009	0.00587	0.00507
43	0.01991	0.02514	0.01539	0.01396	0.01670	0.74038	0.01052	0.02174	0.03831	0.01363	0.00881	0.01022	0.00732	0.00579	0.00531	0.00145	0.03254	0.00363	0.00288	0.00638
44	0.00743	0.00551	0.00692	0.00667	0.00799	0.00501	0.00496	0.00969	0.01460	0.02013	0.60133	0.08992	0.17570	0.01197	0.00646	0.00177	0.00264	0.01049	0.00578	0.00501
45	0.00783	0.00524	0.00597	0.00607	0.00609	0.00522	0.00344	0.00790	0.00812	0.01082	0.01814	0.09341	0.02104	0.74901	0.02619	0.00505	0.00513	0.00850	0.00344	0.00339
46	0.01130	0.00969	0.01130	0.00807	0.01292	0.00727	0.00646	0.01373	0.01130	0.01776	0.00969	0.01130	0.00807	0.00404	0.00404	0.00081	0.00404	0.00323	0.00323	0.84173
47	0.02446	0.00928	0.01265	0.00970	0.01392	0.00801	0.00801	0.02657	0.01560	0.77817	0.02151	0.01856	0.01350	0.00675	0.00548	0.00169	0.00464	0.00548	0.00675	0.00928
48	0.00955	0.00642	0.00798	0.00750	0.00908	0.00610	0.00560	0.05754	0.03229	0.07468	0.43086	0.17793	0.11071	0.03029	0.00687	0.00190	0.00316	0.01030	0.00569	0.00555
49	0.03442	0.01201	0.01394	0.03420	0.01544	0.01260	0.00908	0.39703	0.04551	0.25315	0.06176	0.04029	0.01400	0.00741	0.00584	0.01816	0.00523	0.00570	0.00568	0.00857
50	0.15296	0.01419	0.12303	0.02860	0.09055	0.03833	0.01086	0.16949	0.04706	0.16222	0.01474	0.06335	0.02371	0.00683	0.00554	0.00173	0.02929	0.00533	0.00436	0.00781

[dist]
# distance from previous block
# <min> <max>
3	10

[block]
# block no. 6 follows, 44 sequences, length 79
# corresponding to MSA columns:
# 506-584
name=unknown_G
#
# <colnr> <probs for GDERKNQSTAVLIFYWHMCP>
#	G	D	E	R	K	N	Q	S	T	A	V	L	I	F	Y	W	H	M	C	P
0	0.04788	0.00954	0.01227	0.00960	0.01347	0.00870	0.00783	0.07887	0.01528	0.54332	0.03836	0.06043	0.01444	0.00716	0.00568	0.00164	0.02391	0.00578	0.00598	0.08987
1	0.05982	0.30084	0.05381	0.01098	0.02841	0.22729	0.00924	0.01605	0.01166	0.01375	0.01057	0.05783	0.01026	0.08653	0.05245	0.00224	0.03469	0.00461	0.00281	0.00617
2	0.01182	0.00712	0.00944	0.00841	0.01047	0.00670	0.02416	0.05435	0.02905	0.16656	0.39842	0.10466	0.06033	0.02497	0.00668	0.00188	0.00363	0.05941	0.00580	0.00616
3	0.00693	0.00492	0.00636	0.00724	0.00764	0.00463	0.00480	0.00793	0.01065	0.01430	0.10684	0.59963	0.05143	0.12789	0.00982	0.00259	0.00339	0.01375	0.00491	0.00435
4	0.00812	0.00630	0.00928	0.00910	0.00996	0.00753	0.00709	0.00994	0.00870	0.01262	0.01411	0.02118	0.01334	0.06544	0.70012	0.00814	0.07542	0.00583	0.00289	0.00490
5	0.82007	0.01050	0.00816	0.00725	0.01065	0.01209	0.00597	0.01637	0.00948	0.04906	0.00805	0.00917	0.00615	0.00512	0.00344	0.00169	0.00423	0.00303	0.00348	0.00601
6	0.00832	0.00594	0.00764	0.00841	0.00923	0.00588	0.00621	0.06398	0.01186	0.01573	0.02740	0.49905	0.03154	0.08381	0.00877	0.00251	0.00401	0.18996	0.00493	0.00483
7	0.00690	0.00504	0.00652	0.00747	0.00815	0.00467	0.00527	0.00818	0.01132	0.01495	0.10098	0.58030	0.12745	0.01597	0.00689	0.00215	0.00321	0.07489	0.00514	0.00456
8	0.00756	0.00558	0.00688	0.00722	0.00826	0.00530	0.00516	0.01010	0.06125	0.01748	0.27722	0.37709	0.12973	0.01366	0.00650	0.00194	0.00297	0.01212	0.03900	0.00498
9	0.01331	0.01277	0.02180	0.07620	0.73306	0.01291	0.01664	0.01657	0.01233	0.01759	0.01022	0.01355	0.00856	0.00489	0.00540	0.00163	0.00652	0.00486	0.00268	0.00849
10	0.01059	0.00851	0.01084	0.01013	0.01102	0.00997	0.00775	0.12704	0.01200	0.01657	0.01910	0.31087	0.02116	0.11583	0.03105	0.00274	0.21941	0.04580	0.00412	0.00550
11	0.84691	0.01054	0.00801	0.00717	0.01054	0.01223	0.00590	0.01603	0.00928	0.02446	0.00759	0.00886	0.00590	0.00506	0.00337	0.00169	0.00422	0.00295	0.00337	0.00590
12	0.03709	0.21515	0.01735	0.05045	0.03365	0.12196	0.00940	0.12798	0.05788	0.04923	0.07209	0.02834	0.03913	0.00674	0.00582	0.00154	0.06491	0.00494	0.00375	0.05260
13	0.05537	0.12819	0.52499	0.01394	0.02062	0.01397	0.02984	0.05772	0.01223	0.05425	0.01006	0.01150	0.00734	0.00539	0.00533	0.00167	0.03296	0.00401	0.00276	0.00785
14	0.00821	0.00604	0.00885	0.00930	0.04006	0.00684	0.00677	0.01014	0.00907	0.01333	0.01483	0.02187	0.01383	0.08309	0.64885	0.00768	0.01278	0.00587	0.06766	0.00494
15	0.03582	0.00586	0.00744	0.00706	0.00845	0.00554	0.00527	0.01085	0.01405	0.05848	0.54373	0.09221	0.08423	0.04504	0.04977	0.00228	0.00355	0.00961	0.00556	0.00521
16	0.01829	0.15641	0.01886	0.01516	0.09175	0.43949	0.04075	0.06850	0.04515	0.04252	0.00989	0.01115	0.00799	0.00551	0.00486	0.00145	0.00814	0.00393	0.00314	0.00710
17	0.01446	0.65721	0.02556	0.00977	0.01377	0.06496	0.00931	0.01619	0.01113	0.01329	0.00815	0.00970	0.00739	0.00521	0.00476	0.00128	0.06987	0.00322	0.04801	0.00677
18	0.00765	0.00588	0.00849	0.00856	0.00965	0.00543	0.05116	0.00922	0.01144	0.01559	0.13878	0.51306	0.03417	0.04554	0.00754	0.00218	0.00371	0.06665	0.00489	0.05041
19	0.00792	0.00531	0.00608	0.00608	0.00612	0.00536	0.00347	0.00801	0.00797	0.01067	0.01706	0.03501	0.01953	0.77238	0.06337	0.00545	0.00572	0.00783	0.00329	0.00338
20	0.01223	0.00657	0.00873	0.00763	0.00970	0.00592	0.00592	0.01468	0.01548	0.22586	0.56922	0.03474	0.04121	0.00996	0.00617	0.00171	0.00313	0.00868	0.00620	0.00626
21	0.00847	0.00591	0.00752	0.00709	0.00855	0.00551	0.00532	0.01135	0.04508	0.05153	0.61150	0.08863	0.09995	0.01139	0.00639	0.00176	0.00278	0.01001	0.00588	0.00537
22	0.02072	0.01527	0.01636	0.01254	0.01691	0.01691	0.01036	0.75622	0.02563	0.03436	0.01309	0.01309	0.00927	0.00654	0.00545	0.00164	0.00600	0.00491	0.00545	0.00927
23	0.02091	0.01415	0.01557	0.01202	0.01630	0.01535	0.00990	0.60368	0.06441	0.14877	0.01489	0.01433	0.01033	0.00662	0.00546	0.00166	0.00570	0.00507	0.00566	0.00924
24	0.02305	0.00913	0.01229	0.00964	0.01360	0.00804	0.00788	0.02563	0.04550	0.70602	0.02200	0.06154	0.01485	0.00734	0.00557	0.00172	0.00455	0.00606	0.00661	0.00899
25	0.00673	0.00568	0.00584	0.00577	0.00760	0.00487	0.00434	0.00856	0.03177	0.01551	0.11200	0.05071	0.69503	0.01343	0.00642	0.00183	0.00279	0.01124	0.00515	0.00475
26	0.02891	0.02685	0.00921	0.00784	0.00955	0.00809	0.00575	0.13845	0.03215	0.07808	0.16465	0.09462	0.02395	0.26785	0.01277	0.00285	0.00440	0.00776	0.07062	0.00565
27	0.01014	0.00650	0.00896	0.00970	0.01125	0.00633	0.00837	0.01257	0.01297	0.08880	0.06502	0.05610	0.05671	0.01404	0.00724	0.00237	0.00479	0.60748	0.00523	0.00542
28	0.00783	0.00566	0.00784	0.00784	0.00850	0.00631	0.00567	0.00914	0.00849	0.01197	0.01544	0.02608	0.01565	0.29178	0.53867	0.00763	0.01156	0.00652	0.00305	0.00436
29	0.04319	0.01130	0.01349	0.01044	0.01453	0.01125	0.00860	0.29564	0.01893	0.44233	0.01783	0.01638	0.01176	0.00661	0.00533	0.00165	0.00502	0.00518	0.05158	0.00896
30	0.01144	0.12257	0.66494	0.01503	0.02259	0.01378	0.04267	0.01716	0.01150	0.01673	0.00956	0.01128	0.00696	0.00510	0.00502	0.00166	0.00782	0.00397	0.00232	0.00791
31	0.00684	0.00506	0.00665	0.03510	0.00893	0.00479	0.00537	0.00795	0.01067	0.01399	0.03173	0.65710	0.11465	0.03519	0.00736	0.00224	0.00336	0.03361	0.00493	0.00449
32	0.64149	0.01082	0.00939	0.00813	0.01141	0.01239	0.00666	0.10649	0.01159	0.05591	0.00970	0.03295	0.00772	0.00583	0.00430	0.00171	0.03030	0.00376	0.02306	0.00640
33	0.01333	0.31658	0.06004	0.00808	0.01139	0.01280	0.00752	0.06462	0.01240	0.05935	0.01329	0.01514	0.01068	0.02385	0.00451	0.00139	0.00453	0.00426	0.34977	0.00646
34	0.00714	0.00532	0.00663	0.00714	0.00815	0.00488	0.00522	0.00873	0.01228	0.01620	0.21526	0.33147	0.21422	0.04058	0.00745	0.00214	0.00320	0.09410	0.00523	0.00467
35	0.04728	0.45744	0.13844	0.02957	0.03713	0.03685	0.15252	0.01676	0.01155	0.01499	0.00869	0.01055	0.00723	0.00479	0.00442	0.00143	0.00687	0.00385	0.00247	0.00718
36	0.01381	0.00963	0.01112	0.00962	0.01193	0.01028	0.00741	0.31873	0.01659	0.06170	0.03867	0.15983	0.03528	0.14131	0.11183	0.00328	0.00626	0.02135	0.00477	0.00660
37	0.02415	0.00978	0.01296	0.00994	0.01417	0.00876	0.00821	0.08759	0.01644	0.71597	0.02080	0.01810	0.01314	0.00673	0.00548	0.00168	0.00475	0.00543	0.00664	0.00928
38	0.01117	0.01000	0.01599	0.64634	0.06488	0.01212	0.01415	0.06214	0.03634	0.01547	0.01033	0.01469	0.00787	0.00626	0.00627	0.04517	0.00692	0.00489	0.00273	0.00627
39	0.01134	0.01084	0.02986	0.25542	0.37851	0.01123	0.03229	0.01450	0.01193	0.01634	0.04197	0.07809	0.02881	0.00696	0.00573	0.00179	0.00625	0.04797	0.00309	0.00709
40	0.00704	0.00552	0.00637	0.00621	0.00774	0.00485	0.00464	0.00897	0.01377	0.01803	0.38861	0.06855	0.41491	0.01266	0.00645	0.00179	0.00268	0.01085	0.00550	0.00485
41	0.00793	0.00529	0.00595	0.00595	0.00595	0.00529	0.00330	0.00793	0.00793	0.01057	0.01718	0.03568	0.01982	0.80840	0.02775	0.00529	0.00529	0.00793	0.00330	0.00330
42	0.01403	0.69331	0.14212	0.01027	0.01544	0.02023	0.01096	0.01647	0.01114	0.01350	0.00791	0.00916	0.00698	0.00474	0.00375	0.00125	0.00617	0.00308	0.00233	0.00716
43	0.01353	0.01402	0.03607	0.15582	0.01974	0.17385	0.10059	0.07738	0.01290	0.01663	0.01204	0.03421	0.02241	0.00875	0.05387	0.00216	0.12940	0.00520	0.10513	0.00632
44	0.01511	0.00827	0.00934	0.00805	0.01059	0.00843	0.00634	0.12671	0.10220	0.19154	0.01911	0.06168	0.01469	0.00718	0.00480	0.00154	0.00376	0.00584	0.38780	0.00701
45	0.01305	0.06083	0.03333	0.00965	0.03609	0.00930	0.00750	0.16838	0.01532	0.10740	0.14655	0.19968	0.04250	0.02427	0.00613	0.00181	0.00425	0.02194	0.08545	0.00658
46	0.02788	0.10592	0.42691	0.04060	0.10723	0.07590	0.06344	0.01686	0.01179	0.01632	0.01021	0.03069	0.00825	0.02839	0.00575	0.00175	0.00757	0.00450	0.00254	0.00750
47	0.03162	0.01140	0.01915	0.38195	0.41879	0.01255	0.01575	0.01543	0.01165	0.01619	0.00993	0.01386	0.00794	0.00513	0.00537	0.00171	0.00679	0.00481	0.00259	0.00739
48	0.02019	0.05010	0.01585	0.01390	0.01677	0.76303	0.01050	0.02160	0.01532	0.01333	0.00840	0.00980	0.00702	0.00559	0.00487	0.00140	0.00971	0.00349	0.00279	0.00634
49	0.01105	0.00934	0.00992	0.00907	0.01162	0.01014	0.00700	0.03867	0.44730	0.02070	0.11835	0.03159	0.23355	0.00962	0.00590	0.00183	0.00372	0.00807	0.00546	0.00710
50	0.01116	0.02645	0.68913	0.01653	0.04521	0.01284	0.06951	0.01716	0.01155	0.01719	0.00982	0.01179	0.00705	0.00524	0.00558	0.00175	0.02747	0.00423	0.00235	0.00797
51	0.00729	0.00556	0.00670	0.00641	0.00789	0.00496	0.00481	0.00947	0.01443	0.01949	0.53342	0.04463	0.29102	0.01203	0.00643	0.00176	0.00263	0.01041	0.00569	0.00496
52	0.00949	0.00474	0.00706	0.00706	0.00708	0.00474	0.00471	0.00723	0.00720	0.00972	0.00966	0.01666	0.00957	0.01865	0.02090	0.82200	0.00468	0.00474	0.02166	0.00243
53	0.02037	0.02598	0.01545	0.01404	0.01685	0.78652	0.01053	0.02177	0.01545	0.01334	0.00843	0.00983	0.00702	0.00562	0.00492	0.00140	0.00983	0.00351	0.00281	0.00632
54	0.01496	0.01241	0.01312	0.01138	0.01471	0.01421	0.00897	0.17096	0.62028	0.02506	0.02041	0.01892	0.01520	0.00723	0.00553	0.00181	0.00464	0.00592	0.00553	0.00875
55	0.00879	0.00628	0.00879	0.01004	0.01130	0.00628	0.00879	0.01130	0.01255	0.01632	0.02887	0.06150	0.03138	0.01506	0.00753	0.00251	0.00502	0.73770	0.00502	0.00502
56	0.00644	0.00552	0.00552	0.00552	0.00736	0.00460	0.00414	0.00782	0.01243	0.01473	0.05523	0.05247	0.77218	0.01381	0.00644	0.00184	0.00276	0.01151	0.00506	0.00460
57	0.45079	0.03266	0.01144	0.00939	0.01290	0.08680	0.00763	0.16868	0.08746	0.05096	0.01093	0.01153	0.00822	0.00572	0.00424	0.00164	0.00514	0.00385	0.02298	0.00702
58	0.68946	0.00999	0.00844	0.00741	0.01070	0.01119	0.00606	0.01666	0.01046	0.10422	0.07296	0.01255	0.01052	0.00575	0.00385	0.00169	0.00412	0.00380	0.00395	0.00620
59	0.00794	0.00596	0.00882	0.00876	0.00970	0.00699	0.00680	0.00983	0.00878	0.01276	0.01454	0.02150	0.01362	0.05747	0.73589	0.00839	0.03329	0.00585	0.01825	0.00486
