[name]
unknown

[dist]
# distance from previous block
# <min> <max>
0	153

[block]
# block no. 0 follows, 45 sequences, length 23
# corresponding to MSA columns:
# 187-197,199-203,210-216
name=unknown_A
#
# <colnr> <probs for GDERKNQSTAVLIFYWHMCP>
#	G	D	E	R	K	N	Q	S	T	A	V	L	I	F	Y	W	H	M	C	P
0	0.00848	0.00648	0.00928	0.10660	0.01369	0.00683	0.00873	0.01074	0.01165	0.01521	0.02641	0.18656	0.05040	0.01381	0.00735	0.00231	0.02974	0.47619	0.00456	0.00498
1	0.00652	0.00475	0.00615	0.00727	0.00773	0.00438	0.00489	0.00750	0.01047	0.01378	0.03206	0.73230	0.10945	0.01650	0.00680	0.00214	0.00307	0.01487	0.00498	0.00438
2	0.09622	0.01194	0.01927	0.16009	0.55163	0.01266	0.01500	0.01583	0.01154	0.01740	0.00965	0.01296	0.00796	0.00504	0.00550	0.00166	0.03069	0.00459	0.00267	0.00772
3	0.53634	0.01043	0.03309	0.00792	0.01137	0.01086	0.00668	0.03555	0.06023	0.14050	0.01542	0.01541	0.08469	0.00629	0.00419	0.00169	0.00424	0.00442	0.00416	0.00652
4	0.01101	0.00745	0.01055	0.00968	0.01082	0.00872	0.00762	0.01260	0.00963	0.13131	0.01502	0.07077	0.01389	0.07949	0.40052	0.00555	0.18007	0.00623	0.00351	0.00556
5	0.02081	0.00892	0.01151	0.00919	0.01282	0.00821	0.00747	0.02462	0.11116	0.58566	0.04353	0.01932	0.01485	0.00682	0.00527	0.00164	0.00426	0.00557	0.08984	0.00852
6	0.01413	0.03597	0.02086	0.09708	0.34549	0.01256	0.14503	0.03599	0.01246	0.11536	0.01202	0.04129	0.00971	0.00586	0.00651	0.00173	0.07152	0.00543	0.00327	0.00773
7	0.01407	0.06694	0.01779	0.11368	0.01910	0.22731	0.13897	0.03325	0.01259	0.03453	0.06688	0.01519	0.01137	0.02571	0.03845	0.00204	0.12506	0.00504	0.02579	0.00625
8	0.12737	0.01399	0.01462	0.01142	0.01547	0.01546	0.00939	0.62381	0.02238	0.03158	0.01265	0.03787	0.00952	0.00654	0.00512	0.00162	0.00555	0.00488	0.00505	0.02572
9	0.01598	0.26537	0.01804	0.01038	0.01431	0.06543	0.00888	0.22702	0.14712	0.04510	0.03193	0.01355	0.01080	0.00588	0.00461	0.00142	0.00542	0.00436	0.03289	0.07153
10	0.00760	0.00555	0.00711	0.00774	0.00852	0.00544	0.00544	0.05678	0.01149	0.01538	0.07047	0.58586	0.07995	0.01795	0.08494	0.00274	0.00436	0.01307	0.00485	0.00476
11	0.02669	0.37413	0.08834	0.05452	0.01534	0.07126	0.00964	0.01663	0.06047	0.03245	0.01016	0.01199	0.00852	0.02911	0.00501	0.00142	0.01897	0.00371	0.04693	0.11472
12	0.12868	0.22816	0.07464	0.09174	0.08645	0.01479	0.06868	0.11095	0.02720	0.08640	0.01072	0.01213	0.00819	0.00527	0.00459	0.00153	0.00595	0.00416	0.02238	0.00737
13	0.07630	0.01043	0.01291	0.00997	0.01409	0.00995	0.00823	0.17621	0.01699	0.57937	0.01859	0.01655	0.01195	0.00650	0.00526	0.00165	0.00482	0.00512	0.00617	0.00892
14	0.00686	0.00491	0.00635	0.00720	0.00770	0.00460	0.00489	0.00797	0.01082	0.01448	0.12348	0.57256	0.07268	0.09485	0.00881	0.00241	0.00329	0.03684	0.00493	0.00437
15	0.12010	0.02429	0.06400	0.01251	0.07675	0.02158	0.02010	0.26616	0.03795	0.20709	0.03933	0.06025	0.01250	0.00679	0.00520	0.00167	0.00531	0.00544	0.00489	0.00808
16	0.01032	0.00587	0.00718	0.00693	0.00772	0.00566	0.00462	0.01095	0.00959	0.13031	0.01955	0.08531	0.02073	0.55580	0.02061	0.00419	0.00494	0.08124	0.00406	0.00440
17	0.00773	0.00530	0.00645	0.00650	0.00672	0.00549	0.00405	0.00817	0.00808	0.01097	0.01690	0.06379	0.01889	0.61675	0.18683	0.00580	0.00705	0.00768	0.00324	0.00362
18	0.03991	0.00821	0.00958	0.02109	0.03528	0.02394	0.00666	0.11700	0.01422	0.16482	0.10953	0.02110	0.03388	0.01037	0.08330	0.00222	0.00495	0.00574	0.28170	0.00650
19	0.01317	0.01162	0.06708	0.46317	0.04196	0.01197	0.08806	0.05740	0.02421	0.12698	0.01168	0.01462	0.00839	0.00565	0.00583	0.00177	0.03128	0.00499	0.00324	0.00693
20	0.00840	0.00600	0.00836	0.00960	0.01073	0.00596	0.00821	0.01069	0.01211	0.01578	0.02856	0.14926	0.03144	0.01506	0.00735	0.00244	0.00473	0.65550	0.00495	0.00487
21	0.03795	0.01218	0.01932	0.28056	0.23420	0.03238	0.12718	0.10956	0.01340	0.01827	0.01156	0.01461	0.03081	0.00541	0.00542	0.00167	0.00683	0.00508	0.00303	0.03058
22	0.01194	0.02300	0.13508	0.09941	0.02888	0.02621	0.01037	0.12148	0.01281	0.05348	0.04210	0.04863	0.01268	0.02717	0.18448	0.00330	0.04914	0.00548	0.07646	0.02789

[dist]
# distance from previous block
# <min> <max>
1	7

[block]
# block no. 1 follows, 45 sequences, length 99
# corresponding to MSA columns:
# 224-280,291-332
name=unknown_B
#
# <colnr> <probs for GDERKNQSTAVLIFYWHMCP>
#	G	D	E	R	K	N	Q	S	T	A	V	L	I	F	Y	W	H	M	C	P
0	0.01025	0.00624	0.00810	0.00725	0.00903	0.00573	0.00557	0.03014	0.01537	0.13171	0.62762	0.03661	0.06455	0.01031	0.00617	0.00169	0.00291	0.00901	0.00598	0.00574
1	0.03246	0.01247	0.09430	0.17810	0.14710	0.01156	0.05618	0.09800	0.08630	0.04378	0.01459	0.01972	0.02455	0.00661	0.00546	0.00173	0.00603	0.08184	0.02985	0.04936
2	0.03375	0.00948	0.01110	0.00812	0.01258	0.00753	0.00651	0.01341	0.01090	0.01735	0.00960	0.01146	0.00808	0.00554	0.03445	0.00116	0.02661	0.00331	0.00315	0.76590
3	0.00932	0.00700	0.00887	0.00792	0.00976	0.00687	0.02671	0.05696	0.09408	0.03604	0.56040	0.03614	0.09821	0.01026	0.00617	0.00171	0.00315	0.00899	0.00568	0.00576
4	0.00789	0.00612	0.00835	0.00943	0.08824	0.00570	0.00612	0.01011	0.01382	0.01913	0.49997	0.14730	0.13448	0.01148	0.00630	0.00176	0.00304	0.01018	0.00532	0.00526
5	0.00821	0.00656	0.00992	0.12038	0.01352	0.00776	0.00795	0.01039	0.00959	0.01361	0.09271	0.02164	0.01610	0.03072	0.55855	0.00662	0.05163	0.00597	0.00310	0.00504
6	0.01801	0.07850	0.01543	0.01271	0.01575	0.50475	0.00982	0.05986	0.20045	0.01643	0.01180	0.01231	0.00935	0.00594	0.00492	0.00148	0.00787	0.00413	0.00353	0.00698
7	0.00775	0.00527	0.00628	0.00632	0.00648	0.00541	0.00383	0.00806	0.00801	0.01082	0.01693	0.05721	0.01910	0.67002	0.14186	0.00563	0.00652	0.00773	0.00325	0.00352
8	0.05430	0.01122	0.01169	0.01039	0.01335	0.02685	0.00812	0.06532	0.57575	0.04579	0.09900	0.02094	0.01879	0.00746	0.00543	0.00177	0.00426	0.00616	0.00539	0.00802
9	0.01137	0.00712	0.00990	0.00911	0.01087	0.00780	0.00721	0.08100	0.01119	0.13286	0.01529	0.01990	0.01301	0.03198	0.59723	0.00691	0.01209	0.00561	0.00368	0.00586
10	0.00652	0.00475	0.00615	0.00726	0.00773	0.00438	0.00489	0.00750	0.01048	0.01379	0.03217	0.72893	0.11275	0.01648	0.00680	0.00214	0.00307	0.01485	0.00498	0.00438
11	0.00660	0.00472	0.00630	0.00755	0.00789	0.00441	0.00509	0.00758	0.01034	0.01377	0.02955	0.78529	0.03536	0.01676	0.00687	0.00219	0.00317	0.03719	0.00498	0.00438
12	0.01393	0.01412	0.02120	0.02945	0.62511	0.09400	0.05072	0.01724	0.03115	0.01707	0.01016	0.01309	0.00848	0.00502	0.00562	0.00161	0.02642	0.00475	0.00273	0.00814
13	0.05244	0.00808	0.00965	0.03052	0.01150	0.02936	0.00674	0.07223	0.03517	0.23291	0.16627	0.24696	0.05499	0.01048	0.00591	0.00182	0.00399	0.00904	0.00546	0.00648
14	0.01001	0.00500	0.00500	0.00500	0.00625	0.00500	0.00375	0.01251	0.01126	0.02001	0.01751	0.02001	0.01376	0.00625	0.00375	0.00125	0.00250	0.00500	0.84115	0.00500
15	0.54181	0.00992	0.00959	0.00799	0.01162	0.01049	0.00659	0.01965	0.01146	0.30633	0.01258	0.01228	0.00860	0.00560	0.00410	0.00166	0.00431	0.00383	0.00456	0.00705
16	0.01592	0.52166	0.11643	0.01031	0.01521	0.01781	0.01040	0.09525	0.01308	0.12410	0.01023	0.01075	0.00802	0.00514	0.00412	0.00134	0.00586	0.00357	0.00323	0.00757
17	0.01483	0.03896	0.07195	0.16209	0.07502	0.24118	0.01178	0.09049	0.11673	0.01713	0.02391	0.01422	0.00978	0.03689	0.00669	0.00178	0.05169	0.00465	0.00330	0.00692
18	0.12027	0.01190	0.09205	0.04011	0.01445	0.01069	0.00892	0.20027	0.03086	0.22145	0.01586	0.07363	0.01274	0.08869	0.00738	0.00205	0.00519	0.00573	0.03037	0.00739
19	0.01436	0.56584	0.13951	0.01051	0.01539	0.04044	0.01080	0.09374	0.01257	0.01555	0.00906	0.03398	0.00799	0.00526	0.00404	0.00132	0.00612	0.00364	0.00271	0.00718
20	0.00674	0.00493	0.00637	0.00716	0.00782	0.00456	0.00494	0.00803	0.01133	0.01516	0.16534	0.57044	0.11647	0.01601	0.02603	0.00221	0.00325	0.01361	0.00510	0.00452
21	0.04041	0.00991	0.01537	0.40710	0.16659	0.01110	0.01273	0.03684	0.04392	0.10456	0.03537	0.06873	0.01170	0.00644	0.00542	0.00175	0.00605	0.00569	0.00345	0.00686
22	0.01163	0.09452	0.01698	0.40617	0.14112	0.03655	0.01278	0.01645	0.11854	0.01597	0.06739	0.01612	0.01183	0.00589	0.00523	0.00168	0.00622	0.00508	0.00312	0.00675
23	0.84927	0.01038	0.00789	0.00706	0.01038	0.01204	0.00581	0.01578	0.00914	0.02408	0.00747	0.00872	0.00581	0.00498	0.00332	0.00166	0.00415	0.00291	0.00332	0.00581
24	0.01156	0.01080	0.01818	0.33189	0.40618	0.01174	0.01504	0.01483	0.01165	0.01588	0.01179	0.01862	0.01031	0.00606	0.00555	0.00176	0.00653	0.08169	0.00279	0.00713
25	0.01300	0.02267	0.53507	0.01585	0.02278	0.01202	0.15511	0.01833	0.01215	0.12514	0.01149	0.01290	0.00797	0.00521	0.00537	0.00171	0.00766	0.00461	0.00297	0.00797
26	0.00678	0.00543	0.00606	0.00595	0.00753	0.00471	0.00445	0.00854	0.01321	0.01692	0.30404	0.06881	0.50310	0.01277	0.00635	0.00178	0.00267	0.01088	0.00531	0.00471
27	0.01184	0.01201	0.01794	0.01493	0.01547	0.01616	0.08530	0.01334	0.00866	0.01334	0.00742	0.01201	0.00715	0.00892	0.01650	0.00230	0.72345	0.00486	0.00238	0.00601
28	0.45124	0.01012	0.01023	0.00838	0.01207	0.01059	0.00691	0.07055	0.01275	0.32674	0.01346	0.01298	0.00914	0.00576	0.00430	0.00165	0.00441	0.00406	0.01731	0.00735
29	0.01160	0.01229	0.02479	0.01858	0.02249	0.01212	0.51521	0.02700	0.01227	0.01678	0.04295	0.09835	0.01408	0.00726	0.00754	0.00194	0.08472	0.06021	0.00323	0.00660
30	0.00669	0.00487	0.00632	0.00735	0.00792	0.00451	0.00509	0.00783	0.01085	0.01432	0.07135	0.64904	0.11331	0.01607	0.00680	0.00213	0.00314	0.05294	0.00503	0.00445
31	0.00871	0.00595	0.00671	0.00643	0.00832	0.00521	0.00485	0.01064	0.03434	0.10201	0.13225	0.12454	0.50508	0.01266	0.00626	0.00182	0.00299	0.01073	0.00529	0.00521
32	0.01406	0.00991	0.01401	0.01318	0.09464	0.00997	0.08659	0.11592	0.13225	0.15530	0.14608	0.14491	0.02196	0.00863	0.00588	0.00177	0.00478	0.00774	0.00507	0.00733
33	0.01654	0.01791	0.01710	0.12521	0.02011	0.33676	0.08904	0.15642	0.01524	0.01752	0.01073	0.01286	0.02894	0.00628	0.00679	0.00166	0.10637	0.00457	0.00320	0.00674
34	0.83511	0.01046	0.00803	0.00715	0.01049	0.01212	0.00589	0.02849	0.00941	0.02425	0.00757	0.00879	0.00587	0.00501	0.00336	0.00166	0.00418	0.00294	0.00336	0.00587
35	0.00807	0.00564	0.00662	0.00662	0.00687	0.00580	0.00411	0.02971	0.00881	0.01181	0.01909	0.14652	0.03790	0.60140	0.05079	0.00462	0.02959	0.00872	0.00356	0.00375
36	0.14320	0.03354	0.15001	0.01218	0.01699	0.01381	0.05546	0.33352	0.03720	0.13382	0.01267	0.01294	0.00889	0.00588	0.00504	0.00165	0.00595	0.00455	0.00447	0.00824
37	0.16064	0.11310	0.01391	0.00972	0.01308	0.01327	0.00798	0.30969	0.03743	0.07246	0.01391	0.10739	0.01214	0.03012	0.00618	0.03695	0.00500	0.00560	0.00443	0.02701
38	0.01732	0.22430	0.12715	0.01280	0.01683	0.44906	0.01140	0.05486	0.01406	0.01455	0.00850	0.00980	0.00700	0.00528	0.00455	0.00138	0.00826	0.00345	0.00270	0.00677
39	0.03056	0.00605	0.00755	0.00758	0.00880	0.00582	0.00550	0.06164	0.01328	0.05351	0.28642	0.40600	0.06031	0.01320	0.00639	0.00192	0.00319	0.01172	0.00536	0.00520
40	0.00770	0.00539	0.00648	0.00658	0.00675	0.00555	0.00409	0.00807	0.00835	0.01124	0.01910	0.14282	0.03950	0.58572	0.09134	0.00491	0.03061	0.00867	0.00348	0.00366
41	0.02190	0.00923	0.01217	0.00949	0.01333	0.00834	0.00778	0.07890	0.02956	0.63327	0.09925	0.02018	0.01693	0.00709	0.00549	0.00166	0.00445	0.00582	0.00645	0.00870
42	0.09856	0.00704	0.00911	0.00954	0.01141	0.00703	0.00825	0.01373	0.01245	0.12514	0.02521	0.04916	0.02579	0.01264	0.00670	0.00227	0.00481	0.56051	0.00501	0.00563
43	0.01335	0.01153	0.01214	0.01092	0.01396	0.01335	0.00850	0.02852	0.76817	0.02245	0.02185	0.02003	0.01639	0.00728	0.00546	0.00182	0.00425	0.00607	0.00546	0.00850
44	0.26476	0.01047	0.01157	0.00920	0.01305	0.01065	0.00758	0.15922	0.01525	0.39719	0.01551	0.01452	0.01034	0.00611	0.00473	0.00164	0.00463	0.00455	0.03099	0.00803
45	0.00717	0.00518	0.00677	0.00699	0.00791	0.00479	0.00501	0.00907	0.01327	0.01839	0.47500	0.32801	0.06592	0.01324	0.00653	0.00188	0.00276	0.01183	0.00554	0.00479
46	0.01091	0.00789	0.06525	0.00816	0.01051	0.00622	0.00702	0.01350	0.01428	0.16180	0.40916	0.03767	0.11364	0.01049	0.00620	0.00180	0.00363	0.10034	0.00556	0.00597
47	0.02006	0.02532	0.01523	0.01379	0.01660	0.77069	0.01037	0.03969	0.01546	0.01365	0.00841	0.00976	0.00697	0.00555	0.00485	0.00139	0.00959	0.00349	0.00283	0.00629
48	0.00799	0.00570	0.00785	0.00905	0.00999	0.00560	0.00741	0.00996	0.01169	0.01534	0.03929	0.28329	0.03235	0.02953	0.00758	0.00242	0.00437	0.50091	0.00494	0.00474
49	0.00767	0.00575	0.00863	0.00863	0.00959	0.00671	0.00671	0.00959	0.00863	0.01246	0.01438	0.02109	0.01342	0.04026	0.79008	0.00863	0.01438	0.00575	0.00288	0.00479
50	0.04544	0.01065	0.01208	0.00962	0.01332	0.08953	0.00777	0.03727	0.01490	0.60202	0.01897	0.01759	0.01254	0.02946	0.00582	0.00171	0.00502	0.00516	0.05280	0.00834
51	0.01329	0.01275	0.02179	0.03295	0.77787	0.01275	0.01647	0.01647	0.01222	0.01754	0.01010	0.01329	0.00850	0.00478	0.00531	0.00159	0.00638	0.00478	0.00266	0.00850
52	0.01001	0.00500	0.00500	0.00500	0.00625	0.00500	0.00375	0.01251	0.01126	0.02001	0.01751	0.02001	0.01376	0.00625	0.00375	0.00125	0.00250	0.00500	0.84115	0.00500
53	0.22477	0.00964	0.01371	0.57541	0.02937	0.01178	0.01229	0.01421	0.01034	0.01653	0.00922	0.01303	0.00698	0.00529	0.00480	0.00174	0.00627	0.00430	0.02441	0.00590
54	0.01144	0.01155	0.06355	0.17663	0.06239	0.01099	0.22483	0.09175	0.01329	0.01805	0.05749	0.10874	0.01578	0.00773	0.00600	0.00185	0.00652	0.07786	0.02701	0.00655
55	0.00769	0.00606	0.00718	0.00653	0.00848	0.00520	0.00498	0.00981	0.01358	0.01850	0.41183	0.04024	0.28794	0.01093	0.00602	0.00162	0.00284	0.02185	0.00520	0.12353
56	0.17923	0.22271	0.11475	0.09248	0.01652	0.03559	0.01035	0.05680	0.01158	0.07201	0.03153	0.01272	0.00902	0.03660	0.00637	0.00173	0.07610	0.00407	0.00314	0.00670
57	0.10022	0.44411	0.28517	0.01134	0.01696	0.01711	0.02811	0.01638	0.01090	0.01542	0.00828	0.00968	0.00677	0.00481	0.00406	0.00140	0.00640	0.00332	0.00240	0.00714
58	0.02408	0.00914	0.01246	0.00955	0.01370	0.00789	0.00789	0.02616	0.01536	0.78158	0.02118	0.01827	0.01329	0.00664	0.00540	0.00166	0.00457	0.00540	0.00664	0.00914
59	0.00918	0.00734	0.01146	0.29818	0.04063	0.00871	0.00960	0.01124	0.00945	0.01316	0.01203	0.01807	0.01062	0.05064	0.29696	0.09229	0.03349	0.00525	0.05664	0.00506
60	0.01279	0.09588	0.02166	0.17363	0.53817	0.01351	0.03631	0.01594	0.01182	0.01630	0.00974	0.01302	0.00807	0.00487	0.00516	0.00159	0.00653	0.00462	0.00257	0.00782
61	0.00961	0.00697	0.00902	0.00924	0.01081	0.00705	0.00773	0.08922	0.02800	0.01946	0.23030	0.07031	0.03388	0.01282	0.00685	0.00215	0.00432	0.43155	0.00526	0.00546
62	0.00781	0.00520	0.00585	0.00585	0.00585	0.00520	0.00325	0.00781	0.00781	0.01041	0.01691	0.03513	0.01952	0.81135	0.02732	0.00520	0.00520	0.00781	0.00325	0.00325
63	0.01378	0.65097	0.07977	0.01202	0.09401	0.01924	0.01057	0.01600	0.01121	0.01372	0.03140	0.01025	0.00839	0.00484	0.00384	0.00125	0.00586	0.00336	0.00244	0.00707
64	0.03290	0.00956	0.01588	0.77698	0.03625	0.01193	0.01466	0.01377	0.01069	0.01400	0.00948	0.01416	0.00712	0.00536	0.00531	0.00179	0.00707	0.00472	0.00241	0.00596
65	0.00841	0.00604	0.00834	0.00954	0.01066	0.00603	0.00809	0.01088	0.02562	0.01582	0.02848	0.17377	0.03134	0.01500	0.00729	0.00242	0.00465	0.61775	0.00496	0.00492
66	0.01159	0.01151	0.09183	0.00889	0.01390	0.00799	0.00790	0.01489	0.04243	0.04158	0.01042	0.01174	0.00834	0.00431	0.00420	0.00096	0.00442	0.00345	0.00329	0.69635
67	0.01225	0.08296	0.36072	0.03517	0.01945	0.03439	0.08226	0.01632	0.01176	0.07240	0.09143	0.01507	0.01212	0.00639	0.00707	0.00175	0.12334	0.00493	0.00305	0.00717
68	0.01055	0.00996	0.01684	0.69837	0.13383	0.01203	0.01511	0.01408	0.01093	0.01421	0.00961	0.01418	0.00733	0.00529	0.00536	0.00176	0.00705	0.00477	0.00242	0.00630
69	0.01435	0.81458	0.02813	0.00918	0.01378	0.02124	0.00918	0.01607	0.01091	0.01263	0.00746	0.00861	0.00689	0.00459	0.00344	0.00115	0.00574	0.00287	0.00230	0.00689
70	0.00744	0.00565	0.00793	0.11931	0.01210	0.00574	0.00649	0.02218	0.01126	0.01511	0.12579	0.57910	0.03304	0.01423	0.00655	0.00205	0.00366	0.01285	0.00475	0.00477
71	0.00802	0.00559	0.00725	0.00678	0.00815	0.00512	0.00510	0.01049	0.01507	0.04318	0.72167	0.03997	0.08135	0.01096	0.00630	0.00169	0.00260	0.00965	0.00589	0.00516
72	0.01870	0.01097	0.01240	0.00986	0.01337	0.01144	0.00803	0.34741	0.06338	0.23734	0.01674	0.01638	0.01174	0.00651	0.00502	0.00156	0.00468	0.00510	0.19120	0.00818
73	0.00932	0.00466	0.00699	0.00699	0.00699	0.00466	0.00466	0.00699	0.00699	0.00932	0.00932	0.01632	0.00932	0.01865	0.02098	0.84382	0.00466	0.00466	0.00233	0.00233
74	0.01935	0.02412	0.01489	0.01353	0.01632	0.70877	0.01018	0.02217	0.09380	0.01411	0.00971	0.01076	0.00790	0.00571	0.00491	0.00143	0.00911	0.00373	0.00305	0.00646
75	0.01856	0.01071	0.01254	0.01041	0.01402	0.01116	0.00834	0.07597	0.38646	0.35846	0.02096	0.01878	0.01454	0.00694	0.00543	0.00174	0.00450	0.00569	0.00598	0.00882
76	0.00720	0.00545	0.00674	0.00724	0.00846	0.00500	0.00559	0.00896	0.01240	0.01609	0.18577	0.22526	0.28103	0.01411	0.00672	0.00203	0.00331	0.18877	0.00516	0.00470
77	0.00717	0.00562	0.00643	0.00621	0.00778	0.00499	0.00465	0.02273	0.01373	0.01795	0.37189	0.06711	0.41970	0.01239	0.00633	0.00176	0.00271	0.01060	0.00540	0.00485
78	0.05479	0.01063	0.01318	0.01014	0.01430	0.01019	0.00838	0.20527	0.01754	0.56965	0.01862	0.01659	0.01198	0.00653	0.00531	0.00165	0.00488	0.00516	0.00620	0.00901
79	0.74992	0.01023	0.00844	0.00736	0.01078	0.01154	0.00606	0.01703	0.00989	0.11528	0.00912	0.00987	0.00671	0.00518	0.00357	0.00166	0.00420	0.00321	0.00372	0.00621
80	0.00794	0.00556	0.00766	0.00766	0.00845	0.00621	0.00567	0.00951	0.00873	0.01281	0.01524	0.02395	0.01475	0.19993	0.54655	0.00713	0.01120	0.00611	0.09044	0.00449
81	0.02134	0.00924	0.01209	0.00945	0.01320	0.00841	0.00773	0.10137	0.01638	0.59418	0.12786	0.02082	0.01818	0.00724	0.00553	0.00166	0.00442	0.00595	0.00640	0.00855
82	0.01221	0.01351	0.02817	0.14470	0.02851	0.01351	0.58969	0.01635	0.01206	0.01635	0.01039	0.01427	0.00791	0.00499	0.00695	0.00184	0.06303	0.00598	0.00264	0.00694
83	0.01918	0.02414	0.01534	0.01386	0.01633	0.70909	0.01051	0.02055	0.01448	0.01311	0.00817	0.00990	0.00693	0.00593	0.00617	0.00148	0.09232	0.00359	0.00272	0.00619
84	0.73443	0.09446	0.01007	0.00735	0.01076	0.02510	0.00620	0.01584	0.00945	0.02265	0.00766	0.00892	0.00608	0.00497	0.00337	0.00160	0.00438	0.00295	0.01785	0.00592
85	0.00793	0.00615	0.00938	0.00922	0.01027	0.00594	0.08408	0.00942	0.01046	0.01398	0.02478	0.37479	0.04795	0.13965	0.05222	0.01770	0.00501	0.14904	0.01745	0.00460
86	0.03204	0.00942	0.01185	0.00932	0.01289	0.00879	0.00747	0.08789	0.05283	0.48047	0.01831	0.01894	0.01306	0.10386	0.00814	0.00202	0.02145	0.00540	0.00558	0.09026
87	0.05587	0.01309	0.11339	0.20626	0.29642	0.01164	0.03523	0.02937	0.01231	0.13204	0.01208	0.01531	0.00926	0.00559	0.00531	0.00170	0.00639	0.02780	0.00329	0.00765
88	0.01122	0.01048	0.08733	0.17709	0.08458	0.03062	0.01062	0.02771	0.04472	0.08625	0.06698	0.16733	0.05040	0.00941	0.00592	0.00187	0.00532	0.09708	0.00411	0.02096
89	0.02375	0.00936	0.01256	0.00966	0.01380	0.00827	0.00797	0.04836	0.03136	0.74318	0.02094	0.01814	0.01323	0.00665	0.00540	0.00166	0.00460	0.00540	0.00658	0.00912
90	0.00724	0.00544	0.00756	0.09017	0.01118	0.00543	0.00639	0.00872	0.01085	0.01437	0.06919	0.55521	0.05518	0.03154	0.00715	0.00220	0.00375	0.09910	0.00472	0.00462
91	0.07310	0.03502	0.51471	0.03614	0.05400	0.03101	0.06058	0.01586	0.01091	0.01650	0.00946	0.01193	0.00716	0.00647	0.00668	0.08957	0.00730	0.00413	0.00241	0.00706
92	0.00763	0.00522	0.00708	0.00820	0.00888	0.00497	0.00609	0.00902	0.01100	0.03631	0.02902	0.57744	0.03359	0.01597	0.00697	0.00225	0.00366	0.21702	0.00502	0.00466
93	0.00835	0.00567	0.00753	0.00705	0.00838	0.00537	0.00531	0.01073	0.01430	0.05439	0.63989	0.03699	0.04419	0.03696	0.08869	0.00251	0.00394	0.00905	0.00555	0.00517
94	0.04278	0.00792	0.00963	0.09092	0.02454	0.02883	0.00713	0.07857	0.02599	0.07644	0.20112	0.24509	0.08361	0.01066	0.00594	0.00179	0.00405	0.00927	0.00486	0.04086
95	0.01126	0.06569	0.04780	0.50837	0.06007	0.01234	0.10580	0.02601	0.01140	0.03783	0.01112	0.05860	0.00911	0.00588	0.00543	0.00175	0.00697	0.00541	0.00275	0.00641
96	0.00843	0.00606	0.00838	0.00956	0.01077	0.00601	0.00825	0.01077	0.01223	0.01586	0.02957	0.10291	0.06231	0.01489	0.00734	0.00243	0.00475	0.66965	0.00495	0.00489
97	0.01208	0.01290	0.02621	0.04136	0.02395	0.01292	0.55286	0.01580	0.01173	0.01646	0.01107	0.01539	0.00886	0.03906	0.00847	0.00198	0.11186	0.00604	0.06432	0.00669
98	0.03469	0.06012	0.53210	0.04553	0.07789	0.01207	0.04224	0.01577	0.01123	0.01657	0.01162	0.09463	0.00996	0.00626	0.00522	0.00172	0.00711	0.00524	0.00263	0.00739

[dist]
# distance from previous block
# <min> <max>
2	4

[block]
# block no. 2 follows, 45 sequences, length 86
# corresponding to MSA columns:
# 340-425
name=unknown_C
#
# <colnr> <probs for GDERKNQSTAVLIFYWHMCP>
#	G	D	E	R	K	N	Q	S	T	A	V	L	I	F	Y	W	H	M	C	P
0	0.01081	0.01392	0.15204	0.03510	0.02869	0.04384	0.23902	0.01441	0.02586	0.01660	0.12632	0.13725	0.01829	0.00815	0.00745	0.00187	0.10313	0.00739	0.00345	0.00640
1	0.01067	0.00991	0.01640	0.45010	0.22393	0.01118	0.02714	0.01427	0.03033	0.01597	0.10573	0.01826	0.03128	0.00613	0.00552	0.00173	0.00624	0.00560	0.00303	0.00656
2	0.03307	0.00955	0.01109	0.00798	0.01270	0.00731	0.00640	0.01402	0.01123	0.04443	0.00990	0.01132	0.00808	0.00409	0.00401	0.00085	0.00400	0.00325	0.00331	0.79342
3	0.01556	0.65095	0.02554	0.01002	0.01436	0.11590	0.00942	0.07820	0.01262	0.01444	0.00801	0.00910	0.00708	0.00486	0.00378	0.00122	0.00624	0.00311	0.00261	0.00699
4	0.01688	0.01244	0.01476	0.01364	0.10863	0.01342	0.00969	0.45376	0.01910	0.05761	0.01324	0.03440	0.01087	0.09419	0.00885	0.03919	0.03352	0.00535	0.00454	0.03593
5	0.00668	0.00545	0.00591	0.00579	0.00746	0.00468	0.00434	0.00836	0.01303	0.01639	0.24846	0.04855	0.58043	0.01289	0.00634	0.00178	0.00267	0.01089	0.00523	0.00468
6	0.01352	0.01162	0.01224	0.01096	0.01402	0.01343	0.00854	0.04647	0.74994	0.02273	0.02163	0.01985	0.01621	0.00726	0.00546	0.00182	0.00429	0.00604	0.00546	0.00851
7	0.00660	0.00500	0.00609	0.00677	0.00765	0.00449	0.00472	0.00784	0.01143	0.01483	0.12098	0.49042	0.26341	0.01518	0.00664	0.00201	0.00293	0.01343	0.00509	0.00449
8	0.00754	0.00552	0.00726	0.00692	0.00817	0.00524	0.00522	0.00993	0.01423	0.02003	0.64301	0.03836	0.08423	0.01473	0.10325	0.00255	0.00401	0.00930	0.00549	0.00500
9	0.01777	0.01373	0.01463	0.01182	0.01564	0.01542	0.00957	0.48678	0.30272	0.02958	0.01623	0.01555	0.01184	0.00676	0.00540	0.00169	0.00529	0.00529	0.00540	0.00889
10	0.00895	0.00586	0.00724	0.00676	0.00847	0.00522	0.00517	0.01107	0.01419	0.09780	0.45374	0.05523	0.25591	0.01150	0.00628	0.00175	0.00288	0.03098	0.00567	0.00532
11	0.00677	0.00479	0.00627	0.00736	0.00766	0.00453	0.00490	0.00764	0.01004	0.01338	0.02798	0.68611	0.03336	0.11500	0.00940	0.00256	0.00344	0.03979	0.00477	0.00424
12	0.01223	0.01152	0.01164	0.00868	0.01320	0.10394	0.00686	0.01450	0.01164	0.01695	0.00939	0.01095	0.00782	0.00417	0.00408	0.00087	0.00468	0.00321	0.00313	0.74054
13	0.02351	0.00912	0.01228	0.00945	0.01351	0.00799	0.00780	0.04237	0.01544	0.73790	0.02086	0.01821	0.01321	0.00663	0.00534	0.00165	0.00453	0.00537	0.03585	0.00899
14	0.00941	0.00564	0.00686	0.00659	0.00793	0.00558	0.00498	0.02914	0.01279	0.04858	0.29276	0.07645	0.02833	0.01285	0.10222	0.00240	0.00418	0.00745	0.33063	0.00521
15	0.20674	0.00990	0.01175	0.00923	0.01321	0.00953	0.00762	0.08449	0.01480	0.55185	0.01745	0.01571	0.01129	0.00626	0.00494	0.00166	0.00459	0.00480	0.00580	0.00840
16	0.01730	0.46138	0.02202	0.01049	0.01447	0.18033	0.00934	0.04483	0.01297	0.14119	0.01009	0.01069	0.00804	0.00535	0.00458	0.00134	0.03166	0.00354	0.00323	0.00717
17	0.00991	0.00661	0.00822	0.02241	0.01012	0.00595	0.00600	0.01215	0.03431	0.10975	0.15160	0.16686	0.20014	0.02645	0.02021	0.00196	0.00376	0.08943	0.00501	0.10915
18	0.47079	0.01134	0.03716	0.14380	0.08378	0.01271	0.04021	0.01524	0.00978	0.01988	0.00821	0.01075	0.00655	0.00556	0.00579	0.00177	0.10378	0.00378	0.00293	0.00621
19	0.05251	0.01028	0.01168	0.00988	0.01264	0.02893	0.00782	0.29607	0.01662	0.14213	0.04986	0.12639	0.01619	0.04585	0.14476	0.00308	0.00664	0.00673	0.00486	0.00708
20	0.00720	0.00520	0.00671	0.00761	0.00823	0.00494	0.00530	0.03312	0.01124	0.01497	0.07437	0.64626	0.06922	0.02802	0.00709	0.00218	0.00329	0.05544	0.00502	0.00459
21	0.06360	0.01147	0.01568	0.31596	0.16993	0.03951	0.01246	0.14642	0.03941	0.05306	0.02718	0.03033	0.02359	0.00621	0.00533	0.00171	0.00619	0.02128	0.00354	0.00714
22	0.00939	0.00899	0.10324	0.00790	0.01066	0.00652	0.00710	0.01228	0.05011	0.08990	0.10660	0.06410	0.39160	0.02658	0.00649	0.00187	0.00385	0.06086	0.00484	0.02713
23	0.74687	0.00972	0.00754	0.00681	0.00988	0.01118	0.00556	0.01538	0.00939	0.02359	0.00870	0.01010	0.00678	0.00514	0.00337	0.00161	0.00395	0.00316	0.10555	0.00571
24	0.01255	0.01205	0.02003	0.21031	0.57384	0.02495	0.01581	0.01578	0.01193	0.01654	0.01040	0.01465	0.00872	0.00518	0.00537	0.00166	0.00658	0.02322	0.00265	0.00779
25	0.01683	0.01502	0.15688	0.01175	0.01604	0.01281	0.02471	0.38057	0.03448	0.12498	0.01452	0.03965	0.01144	0.10605	0.00810	0.00210	0.00596	0.00548	0.00464	0.00799
26	0.00758	0.00564	0.00637	0.00616	0.00790	0.00489	0.00470	0.00935	0.01325	0.05056	0.26431	0.04709	0.50228	0.01256	0.00634	0.00179	0.00282	0.03617	0.00533	0.00491
27	0.01124	0.01100	0.01548	0.01342	0.01354	0.01524	0.01112	0.01251	0.00827	0.01286	0.00795	0.01290	0.00783	0.01321	0.11314	0.00313	0.70418	0.00483	0.00241	0.00574
28	0.52996	0.01063	0.01011	0.00837	0.01203	0.01152	0.00690	0.11054	0.01276	0.22432	0.01174	0.01174	0.00819	0.00560	0.00412	0.00165	0.00448	0.00380	0.00445	0.00710
29	0.00756	0.00547	0.00758	0.00772	0.00836	0.00599	0.00557	0.00888	0.00878	0.01231	0.03558	0.12247	0.01863	0.23526	0.47752	0.00678	0.01033	0.00755	0.00331	0.00435
30	0.01620	0.00789	0.01024	0.00843	0.01128	0.00722	0.00673	0.07275	0.01591	0.37740	0.34240	0.02828	0.05448	0.00870	0.00582	0.00167	0.00374	0.00739	0.00618	0.00725
31	0.00886	0.00660	0.00778	0.00757	0.00905	0.00648	0.00574	0.10167	0.01345	0.01770	0.16924	0.15167	0.22440	0.10911	0.04120	0.00259	0.00419	0.10272	0.00490	0.00508
32	0.01147	0.01029	0.01622	0.68480	0.05037	0.01253	0.01436	0.10606	0.01256	0.01628	0.00997	0.01411	0.00743	0.00549	0.00537	0.00176	0.00698	0.00478	0.00276	0.00641
33	0.03967	0.01164	0.01368	0.10797	0.01717	0.07545	0.00937	0.15467	0.01623	0.43891	0.03071	0.01614	0.01164	0.00647	0.00560	0.00166	0.02433	0.00506	0.00537	0.00827
34	0.69135	0.01044	0.03051	0.00745	0.01068	0.01136	0.00628	0.04169	0.01052	0.02391	0.10265	0.01282	0.01150	0.00578	0.00382	0.00166	0.00412	0.00385	0.00368	0.00590
35	0.00771	0.00526	0.00635	0.00670	0.00693	0.00524	0.00431	0.00822	0.00878	0.01169	0.02023	0.15852	0.02322	0.56282	0.04728	0.00451	0.00515	0.09966	0.00372	0.00369
36	0.04208	0.27513	0.43968	0.01300	0.01927	0.06230	0.02927	0.01714	0.01147	0.03242	0.00907	0.01049	0.00697	0.00498	0.00453	0.00151	0.00716	0.00363	0.00245	0.00744
37	0.03641	0.01543	0.10893	0.03906	0.03402	0.01489	0.01119	0.52528	0.05701	0.02862	0.02514	0.01378	0.00986	0.00760	0.03054	0.01803	0.00628	0.00485	0.00466	0.00842
38	0.00816	0.10552	0.01027	0.00887	0.02926	0.00725	0.02342	0.00951	0.01050	0.01377	0.02489	0.49111	0.04703	0.05402	0.05596	0.00259	0.00463	0.08405	0.00432	0.00488
39	0.00800	0.00581	0.00743	0.00691	0.00829	0.00544	0.00521	0.03525	0.01546	0.02176	0.73079	0.03948	0.06802	0.01089	0.00630	0.00169	0.00265	0.00959	0.00587	0.00519
40	0.01883	0.02360	0.01532	0.11086	0.01911	0.69361	0.01093	0.02048	0.01466	0.01321	0.00845	0.01025	0.00694	0.00551	0.00491	0.00143	0.00937	0.00362	0.00272	0.00619
41	0.00726	0.00545	0.00672	0.00644	0.00782	0.00491	0.00482	0.00945	0.01433	0.01957	0.57537	0.06223	0.23236	0.01178	0.00635	0.00173	0.00259	0.01025	0.00565	0.00491
42	0.05843	0.01256	0.01339	0.01110	0.01441	0.04349	0.00904	0.47191	0.02005	0.06849	0.01628	0.09323	0.01427	0.00867	0.00605	0.02356	0.00548	0.09682	0.00507	0.00771
43	0.01440	0.01322	0.01252	0.01125	0.01428	0.10926	0.00872	0.02760	0.65938	0.03711	0.02016	0.01871	0.01515	0.00705	0.00538	0.00176	0.00493	0.00573	0.00515	0.00823
44	0.02331	0.01037	0.01322	0.01014	0.01432	0.00973	0.00837	0.18016	0.01744	0.62466	0.01944	0.01714	0.01241	0.00660	0.00539	0.00165	0.00485	0.00528	0.00638	0.00913
45	0.00884	0.00544	0.00705	0.00752	0.00860	0.00494	0.00538	0.01013	0.01154	0.10932	0.07459	0.53115	0.13385	0.01470	0.00660	0.00205	0.00329	0.04473	0.00524	0.00504
46	0.00773	0.00538	0.00715	0.00745	0.00845	0.00503	0.00554	0.00971	0.01319	0.03489	0.41447	0.30137	0.04227	0.01333	0.00662	0.00195	0.00307	0.10201	0.00549	0.00490
47	0.01516	0.70219	0.02629	0.00985	0.01418	0.13072	0.00935	0.01684	0.01152	0.01270	0.00758	0.00876	0.00689	0.00473	0.00364	0.00118	0.00630	0.00295	0.00236	0.00679
48	0.00986	0.00639	0.00890	0.00973	0.01120	0.00627	0.00844	0.01230	0.01272	0.07840	0.05835	0.05628	0.03027	0.01401	0.00721	0.00237	0.00481	0.65207	0.00512	0.00529
49	0.00769	0.00568	0.00828	0.00828	0.00912	0.00652	0.00628	0.00937	0.00853	0.01221	0.01469	0.02282	0.01417	0.13562	0.69575	0.00820	0.01324	0.00601	0.00292	0.00460
50	0.12057	0.00980	0.01090	0.00893	0.01203	0.01012	0.00712	0.21723	0.03968	0.25033	0.01661	0.04397	0.01271	0.07731	0.00685	0.00192	0.00455	0.00544	0.13655	0.00738
51	0.01412	0.01434	0.02097	0.03058	0.68372	0.10885	0.01572	0.01709	0.01259	0.01699	0.00987	0.01284	0.00831	0.00488	0.00526	0.00157	0.00679	0.00462	0.00267	0.00822
52	0.01175	0.00561	0.00616	0.02260	0.00783	0.00551	0.00450	0.01422	0.01175	0.11406	0.01779	0.01967	0.01356	0.00628	0.00399	0.00131	0.00286	0.00505	0.71994	0.00553
53	0.73982	0.02608	0.02161	0.06854	0.02690	0.01223	0.00700	0.01566	0.00938	0.02283	0.00772	0.00927	0.00600	0.00500	0.00355	0.00166	0.00452	0.00310	0.00320	0.00593
54	0.01652	0.04621	0.01304	0.03028	0.01380	0.01171	0.00827	0.35961	0.01801	0.14713	0.01734	0.15769	0.01506	0.02292	0.03970	0.00204	0.00534	0.00681	0.06098	0.00753
55	0.00700	0.00526	0.00649	0.00660	0.00776	0.00475	0.00479	0.00882	0.01317	0.01771	0.39793	0.24195	0.23183	0.01316	0.00647	0.00185	0.00273	0.01156	0.00543	0.00475
56	0.30827	0.08483	0.20183	0.06739	0.13374	0.02548	0.01215	0.06284	0.01162	0.03388	0.00914	0.01087	0.00701	0.00510	0.00440	0.00162	0.00596	0.00375	0.00299	0.00712
57	0.01401	0.11049	0.01369	0.01046	0.03179	0.04634	0.00817	0.07577	0.37818	0.08177	0.03583	0.02205	0.10733	0.03308	0.00599	0.00179	0.00468	0.00615	0.00485	0.00758
58	0.09291	0.00939	0.01217	0.00941	0.01350	0.00846	0.00778	0.04411	0.01510	0.69914	0.01982	0.01733	0.01256	0.00650	0.00522	0.00166	0.00457	0.00518	0.00633	0.00886
59	0.01022	0.00962	0.01625	0.77886	0.05593	0.01195	0.01495	0.01379	0.01077	0.01381	0.00956	0.01429	0.00719	0.00535	0.00537	0.00178	0.00714	0.00477	0.00239	0.00603
60	0.01027	0.00727	0.01068	0.12012	0.05576	0.00745	0.03143	0.04678	0.01206	0.09148	0.08961	0.40925	0.02593	0.01202	0.00683	0.01918	0.02315	0.01051	0.00457	0.00565
61	0.00708	0.00532	0.00656	0.00656	0.00778	0.00480	0.00480	0.00901	0.01351	0.01827	0.45160	0.18931	0.23024	0.01275	0.00643	0.00181	0.00269	0.01117	0.00550	0.00480
62	0.00780	0.00521	0.00591	0.00591	0.00593	0.00523	0.00332	0.00784	0.00782	0.01045	0.01686	0.03486	0.01940	0.79660	0.04191	0.00527	0.00538	0.00777	0.00325	0.00328
63	0.01422	0.57956	0.12003	0.02693	0.04917	0.08500	0.02979	0.01665	0.01142	0.01356	0.00804	0.00950	0.00699	0.00476	0.00396	0.00128	0.00649	0.00326	0.00236	0.00702
64	0.27123	0.10970	0.01495	0.23477	0.11289	0.01286	0.01034	0.06253	0.01115	0.03051	0.00910	0.01189	0.00727	0.00625	0.00576	0.06996	0.00563	0.00397	0.00295	0.00630
65	0.00838	0.00609	0.00828	0.00937	0.01068	0.00599	0.00812	0.01073	0.01234	0.01588	0.03141	0.05953	0.11667	0.01469	0.00729	0.00240	0.00469	0.65762	0.00495	0.00490
66	0.04448	0.09665	0.07100	0.04915	0.10606	0.02598	0.02706	0.13463	0.04779	0.01989	0.10669	0.08134	0.01580	0.00694	0.00535	0.00154	0.02044	0.00577	0.00383	0.12963
67	0.08351	0.13005	0.07941	0.02936	0.02940	0.01308	0.06339	0.20655	0.04367	0.03586	0.12465	0.05509	0.03114	0.00738	0.00548	0.00166	0.01984	0.02920	0.00419	0.00709
68	0.01167	0.01111	0.01887	0.42564	0.39780	0.01233	0.01567	0.01506	0.01146	0.01558	0.00981	0.01381	0.00781	0.00508	0.00534	0.00169	0.00678	0.00478	0.00252	0.00720
69	0.01726	0.11857	0.01587	0.01232	0.01542	0.43787	0.00964	0.03666	0.25011	0.01637	0.01251	0.01284	0.00991	0.00598	0.00487	0.00149	0.00743	0.00423	0.00360	0.00707
70	0.00995	0.00684	0.00852	0.00762	0.00940	0.00663	0.00589	0.10237	0.01631	0.05933	0.61554	0.03641	0.05668	0.01035	0.00619	0.00170	0.00310	0.02558	0.00584	0.00574
71	0.00760	0.00549	0.00718	0.00675	0.00802	0.00506	0.00506	0.01013	0.01519	0.02153	0.77503	0.04010	0.05065	0.01097	0.00633	0.00169	0.00253	0.00971	0.00591	0.00506
72	0.01902	0.01435	0.01533	0.01207	0.01612	0.01600	0.00987	0.61623	0.17123	0.03159	0.01465	0.01429	0.01055	0.00661	0.00539	0.00165	0.00558	0.00508	0.00539	0.00900
73	0.00909	0.00466	0.00693	0.00703	0.00706	0.00464	0.00469	0.00703	0.00727	0.00969	0.01101	0.08237	0.01151	0.01850	0.01980	0.77359	0.00453	0.00555	0.00255	0.00250
74	0.02005	0.02558	0.01521	0.01383	0.01659	0.78980	0.01037	0.02143	0.01521	0.01314	0.00830	0.00968	0.00691	0.00553	0.00484	0.00138	0.00968	0.00346	0.00277	0.00622
75	0.01852	0.01171	0.01315	0.01042	0.01418	0.01221	0.00850	0.38990	0.08587	0.22094	0.02232	0.02099	0.13137	0.00769	0.00554	0.00167	0.00492	0.00611	0.00564	0.00835
76	0.00850	0.00608	0.00844	0.00944	0.01068	0.00602	0.00814	0.01098	0.01276	0.01685	0.13515	0.05763	0.03372	0.01428	0.00726	0.00236	0.00460	0.63709	0.00508	0.00496
77	0.00640	0.00543	0.00553	0.00560	0.00735	0.00456	0.00421	0.00777	0.01218	0.01451	0.05302	0.07588	0.73582	0.01372	0.00638	0.00184	0.00278	0.02749	0.00498	0.00454
78	0.01532	0.51967	0.02280	0.01077	0.04512	0.09029	0.00928	0.01878	0.10550	0.07698	0.03272	0.01201	0.00992	0.00537	0.00414	0.00133	0.00576	0.00380	0.00320	0.00722
79	0.64069	0.00958	0.00822	0.00723	0.01024	0.01067	0.00576	0.01611	0.00976	0.11834	0.01038	0.01320	0.00845	0.10491	0.00655	0.00210	0.00434	0.00383	0.00373	0.00592
80	0.00771	0.00566	0.00831	0.00837	0.00928	0.00650	0.00643	0.00956	0.00878	0.01275	0.01524	0.05629	0.01457	0.05790	0.70605	0.00798	0.01319	0.00620	0.03450	0.00474
81	0.10311	0.00859	0.04310	0.00832	0.01119	0.00756	0.00694	0.04815	0.01487	0.27504	0.37714	0.02710	0.02979	0.00845	0.00561	0.00167	0.00376	0.00710	0.00570	0.00680
82	0.03640	0.01663	0.19335	0.10269	0.02714	0.01299	0.48055	0.01693	0.01213	0.03290	0.01057	0.01369	0.00779	0.00480	0.00586	0.00178	0.00837	0.00553	0.00268	0.00725
83	0.04124	0.02206	0.01529	0.01326	0.01640	0.54487	0.01024	0.22091	0.01763	0.01901	0.00949	0.01057	0.00749	0.00584	0.00521	0.00147	0.02472	0.00384	0.00348	0.00699
84	0.60687	0.01535	0.21016	0.00940	0.01391	0.03463	0.00960	0.01626	0.00988	0.02192	0.00806	0.00943	0.00610	0.00503	0.00383	0.00166	0.00530	0.00320	0.00303	0.00638
85	0.01516	0.31114	0.11901	0.01176	0.01574	0.26583	0.02936	0.01746	0.01225	0.03788	0.00940	0.01132	0.00794	0.00948	0.10255	0.00226	0.00842	0.00373	0.00267	0.00663

[dist]
# distance from previous block
# <min> <max>
0	1

[block]
# block no. 3 follows, 45 sequences, length 13
# corresponding to MSA columns:
# 427-439
name=unknown_D
#
# <colnr> <probs for GDERKNQSTAVLIFYWHMCP>
#	G	D	E	R	K	N	Q	S	T	A	V	L	I	F	Y	W	H	M	C	P
0	0.01734	0.01039	0.01257	0.00980	0.01348	0.01010	0.00792	0.21518	0.01575	0.26847	0.01493	0.01612	0.01107	0.05431	0.07202	0.00225	0.03429	0.00487	0.00483	0.20431
1	0.10656	0.08500	0.37497	0.03547	0.12215	0.01306	0.03474	0.04538	0.05557	0.01834	0.01117	0.01450	0.00894	0.00571	0.00499	0.00169	0.00667	0.04465	0.00291	0.00753
2	0.01147	0.02605	0.70335	0.01620	0.07127	0.01230	0.01913	0.01734	0.01155	0.04808	0.01013	0.01174	0.00717	0.00514	0.00513	0.00169	0.00770	0.00408	0.00247	0.00802
3	0.02388	0.00946	0.01266	0.00970	0.01386	0.00837	0.00802	0.06648	0.01591	0.74050	0.02072	0.01797	0.01306	0.00663	0.00540	0.00166	0.00464	0.00537	0.00657	0.00913
4	0.00757	0.00545	0.00733	0.00847	0.02651	0.00523	0.00615	0.00898	0.01112	0.01473	0.08278	0.38654	0.07579	0.07426	0.00887	0.02852	0.00387	0.22853	0.00477	0.00455
5	0.01368	0.04874	0.08128	0.14140	0.10006	0.01001	0.01043	0.06726	0.03373	0.18362	0.09645	0.03618	0.11980	0.00777	0.00556	0.00171	0.00515	0.02565	0.00443	0.00709
6	0.00703	0.00538	0.00651	0.00718	0.00816	0.00503	0.00511	0.00903	0.05252	0.01500	0.08136	0.47118	0.24004	0.01495	0.00663	0.00204	0.00312	0.04995	0.00506	0.00471
7	0.00779	0.00525	0.00609	0.00609	0.00617	0.00533	0.00355	0.00796	0.00788	0.01058	0.01670	0.03394	0.01900	0.74590	0.09206	0.00549	0.00598	0.00763	0.00322	0.00338
8	0.07238	0.01387	0.08684	0.10747	0.13796	0.06456	0.28207	0.01551	0.01174	0.01641	0.01185	0.07334	0.01040	0.00664	0.00639	0.04063	0.00727	0.02512	0.00289	0.00668
9	0.01193	0.01250	0.06199	0.21712	0.43777	0.03040	0.04696	0.01521	0.01173	0.01612	0.01158	0.08084	0.01031	0.00597	0.00548	0.00170	0.00657	0.00566	0.00277	0.00739
10	0.00826	0.00590	0.00820	0.00944	0.01051	0.00584	0.00797	0.01045	0.01197	0.01563	0.02864	0.19822	0.03174	0.01519	0.00731	0.00242	0.00461	0.60790	0.00495	0.00484
11	0.00743	0.00576	0.00870	0.00887	0.00984	0.00542	0.06633	0.00907	0.01143	0.01541	0.13741	0.54494	0.03498	0.01474	0.00680	0.00211	0.00372	0.09734	0.00493	0.00476
12	0.05378	0.41925	0.11935	0.07909	0.03639	0.07417	0.08508	0.01692	0.01157	0.04695	0.00895	0.01062	0.00728	0.00489	0.00432	0.00141	0.00664	0.00371	0.00262	0.00701

[dist]
# distance from previous block
# <min> <max>
0	3

[block]
# block no. 4 follows, 45 sequences, length 68
# corresponding to MSA columns:
# 443-462,465-512
name=unknown_E
#
# <colnr> <probs for GDERKNQSTAVLIFYWHMCP>
#	G	D	E	R	K	N	Q	S	T	A	V	L	I	F	Y	W	H	M	C	P
0	0.01167	0.17682	0.56477	0.01435	0.02130	0.01424	0.05817	0.01732	0.04341	0.01641	0.00980	0.01136	0.00730	0.00506	0.00487	0.00161	0.00742	0.00398	0.00243	0.00772
1	0.78007	0.01058	0.00928	0.02367	0.03286	0.01211	0.03300	0.01581	0.00938	0.02346	0.00771	0.00916	0.00600	0.00497	0.00352	0.00167	0.00445	0.00312	0.00326	0.00594
2	0.00713	0.00537	0.00636	0.00628	0.00746	0.00488	0.00450	0.00877	0.01263	0.01680	0.35356	0.10240	0.28450	0.12973	0.02399	0.00241	0.00325	0.01032	0.00509	0.00456
3	0.01316	0.13729	0.21977	0.05780	0.31657	0.04107	0.07192	0.05007	0.01245	0.01704	0.00968	0.01208	0.00770	0.00494	0.00504	0.00157	0.00702	0.00436	0.00262	0.00785
4	0.01210	0.00857	0.01043	0.00800	0.01187	0.00679	0.00635	0.01441	0.01234	0.12243	0.13282	0.05142	0.01702	0.00620	0.00473	0.00115	0.00381	0.01973	0.00419	0.54562
5	0.01460	0.01336	0.01276	0.01135	0.01444	0.10089	0.00883	0.07918	0.63124	0.02221	0.01969	0.01836	0.01481	0.00703	0.00539	0.00176	0.00498	0.00569	0.00515	0.00829
6	0.07651	0.52667	0.02292	0.01035	0.01435	0.22948	0.00928	0.03155	0.01222	0.01400	0.00779	0.00899	0.00686	0.00491	0.00385	0.00126	0.00670	0.00307	0.00256	0.00667
7	0.00843	0.00570	0.00729	0.00677	0.00827	0.00517	0.00512	0.01080	0.01487	0.06559	0.64951	0.04011	0.12997	0.01101	0.00628	0.00170	0.00267	0.00964	0.00585	0.00525
8	0.01508	0.01212	0.01291	0.01115	0.01446	0.01379	0.00880	0.16826	0.59944	0.05156	0.02011	0.01860	0.01489	0.00710	0.00544	0.00177	0.00458	0.00581	0.00549	0.00864
9	0.00710	0.00549	0.00631	0.00636	0.00773	0.00492	0.00476	0.00872	0.01249	0.01605	0.23773	0.06386	0.40171	0.10280	0.00883	0.00224	0.00320	0.09008	0.00503	0.00457
10	0.00826	0.00590	0.00817	0.00922	0.01034	0.00582	0.00777	0.01053	0.01240	0.01637	0.11252	0.15610	0.03372	0.01466	0.00722	0.00235	0.00443	0.56430	0.00506	0.00488
11	0.31603	0.01228	0.12076	0.00945	0.01337	0.01049	0.00869	0.09489	0.01292	0.22123	0.01462	0.10210	0.01175	0.00694	0.00474	0.00171	0.00484	0.00534	0.02071	0.00715
12	0.01917	0.00865	0.01137	0.00942	0.01277	0.00800	0.00771	0.02286	0.10203	0.51836	0.11073	0.02579	0.02002	0.00815	0.00574	0.00177	0.00433	0.08878	0.00623	0.00811
13	0.00721	0.00484	0.00647	0.00755	0.00801	0.00449	0.00509	0.00818	0.01047	0.04287	0.02927	0.77786	0.03466	0.01643	0.00680	0.00216	0.00317	0.01489	0.00505	0.00454
14	0.01290	0.01392	0.01816	0.02961	0.01681	0.13501	0.13005	0.01475	0.01031	0.01393	0.03468	0.01312	0.00887	0.00875	0.03200	0.00223	0.49124	0.00497	0.00261	0.00609
15	0.05920	0.00899	0.01178	0.00922	0.01302	0.00806	0.00756	0.04931	0.01541	0.63617	0.10504	0.02011	0.01701	0.00705	0.00541	0.00166	0.00437	0.00575	0.00637	0.00853
