[name]
unknown

[dist]
# distance from previous block
# <min> <max>
22	69

[block]
# block no. 0 follows, 45 sequences, length 27
# corresponding to MSA columns:
# 92-118
name=unknown_A
#
# <colnr> <probs for GDERKNQSTAVLIFYWHMCP>
#	G	D	E	R	K	N	Q	S	T	A	V	L	I	F	Y	W	H	M	C	P
0	0.01454	0.10695	0.10721	0.01104	0.02909	0.06461	0.02295	0.12768	0.16399	0.09745	0.06640	0.01942	0.07720	0.00700	0.00515	0.00160	0.00528	0.00560	0.05940	0.00744
1	0.04620	0.07970	0.12658	0.02404	0.01563	0.14352	0.02569	0.07889	0.05498	0.12198	0.05554	0.02735	0.03896	0.00619	0.00494	0.00147	0.00595	0.00483	0.00390	0.13368
2	0.03075	0.11671	0.11762	0.04476	0.05308	0.12395	0.05081	0.09759	0.04705	0.16751	0.01278	0.03494	0.00974	0.00610	0.00562	0.00160	0.04336	0.00472	0.00383	0.02748
3	0.01558	0.06239	0.04142	0.06573	0.03627	0.04841	0.11241	0.16670	0.15257	0.10681	0.01437	0.01518	0.02367	0.00629	0.00628	0.00168	0.06844	0.00514	0.00416	0.04650
4	0.03463	0.06513	0.06873	0.01158	0.02778	0.15115	0.00972	0.28378	0.03873	0.06746	0.07606	0.01538	0.03024	0.00635	0.00506	0.00149	0.00601	0.00482	0.00430	0.09162
5	0.01747	0.05644	0.01569	0.03203	0.07905	0.15417	0.02758	0.17612	0.16701	0.13729	0.01422	0.01430	0.01049	0.00599	0.00511	0.00154	0.00605	0.00472	0.00443	0.07032
6	0.01510	0.01225	0.01307	0.03379	0.03817	0.07233	0.00859	0.20163	0.16566	0.07122	0.06794	0.02913	0.01365	0.00631	0.00507	0.00144	0.00504	0.00508	0.00455	0.22999
7	0.01284	0.12856	0.03648	0.09573	0.16260	0.05286	0.19764	0.03617	0.01258	0.03290	0.08222	0.01630	0.03300	0.00595	0.00609	0.00164	0.05327	0.00542	0.00311	0.02465
8	0.01347	0.11911	0.17082	0.02380	0.42840	0.02891	0.03823	0.01759	0.04742	0.04671	0.01064	0.01278	0.00847	0.00502	0.00506	0.00157	0.00658	0.00448	0.00282	0.00812
9	0.00781	0.00520	0.00585	0.00585	0.00585	0.00520	0.00325	0.00781	0.00781	0.01041	0.01691	0.03513	0.01952	0.81135	0.02732	0.00520	0.00520	0.00781	0.00325	0.00325
10	0.01498	0.14431	0.04011	0.04222	0.01570	0.01514	0.02402	0.25049	0.24675	0.02274	0.04182	0.01619	0.01260	0.03797	0.00666	0.00180	0.04912	0.00517	0.00440	0.00782
11	0.00767	0.00575	0.00863	0.00863	0.00959	0.00671	0.00671	0.00959	0.00863	0.01246	0.01438	0.02109	0.01342	0.04026	0.79008	0.00863	0.01438	0.00575	0.00288	0.00479
12	0.04543	0.04468	0.01482	0.01094	0.01519	0.03392	0.00899	0.45256	0.06594	0.05487	0.01249	0.01275	0.00921	0.00582	0.00491	0.00142	0.00537	0.00439	0.00469	0.19162
13	0.00944	0.00859	0.01417	0.64408	0.03127	0.01045	0.01297	0.01250	0.01064	0.01371	0.01345	0.16919	0.01269	0.00760	0.00566	0.00187	0.00637	0.00682	0.00289	0.00565
14	0.02351	0.00901	0.01227	0.00945	0.01350	0.00779	0.00779	0.02560	0.01536	0.75491	0.04764	0.01904	0.01460	0.00680	0.00543	0.00166	0.00450	0.00555	0.00662	0.00899
15	0.01805	0.22697	0.01898	0.03871	0.01626	0.01735	0.00988	0.51291	0.02038	0.02677	0.01145	0.01249	0.00879	0.03096	0.00554	0.00161	0.00588	0.00440	0.00438	0.00824
16	0.01155	0.00979	0.01136	0.00815	0.01290	0.00759	0.00653	0.04737	0.01177	0.01823	0.00969	0.01121	0.00800	0.00409	0.00404	0.00083	0.00406	0.00326	0.00328	0.80629
17	0.02060	0.01440	0.01538	0.01194	0.01610	0.04219	0.00980	0.59605	0.05717	0.13959	0.01432	0.01387	0.00998	0.00648	0.00536	0.00162	0.00577	0.00492	0.00547	0.00900
18	0.00940	0.00774	0.05497	0.00757	0.00975	0.00642	0.00629	0.05384	0.03267	0.06769	0.45939	0.03756	0.20476	0.01059	0.00613	0.00171	0.00326	0.00909	0.00549	0.00568
19	0.01014	0.00954	0.01610	0.79845	0.03697	0.01193	0.01491	0.01371	0.01073	0.01371	0.00954	0.01431	0.00716	0.00537	0.00537	0.00179	0.00716	0.00477	0.00239	0.00596
20	0.00932	0.00466	0.00699	0.00699	0.00699	0.00466	0.00466	0.00699	0.00699	0.00932	0.00932	0.01632	0.00932	0.01865	0.02098	0.84382	0.00466	0.00466	0.00233	0.00233
21	0.01113	0.00954	0.01113	0.00795	0.01272	0.00716	0.00636	0.01352	0.01113	0.01749	0.00954	0.01113	0.00795	0.00398	0.00398	0.00080	0.00398	0.00318	0.00318	0.84417
22	0.01381	0.06183	0.01659	0.01352	0.01454	0.18482	0.01108	0.03579	0.01039	0.01352	0.00775	0.01145	0.00728	0.00922	0.03937	0.00226	0.53381	0.00436	0.00254	0.00606
23	0.00775	0.00565	0.00735	0.03588	0.00951	0.00559	0.00574	0.06648	0.01146	0.01528	0.02757	0.71763	0.03244	0.01560	0.00668	0.00212	0.00348	0.01407	0.00492	0.00479
24	0.01301	0.01292	0.02022	0.19956	0.45099	0.06149	0.06042	0.03100	0.01209	0.01640	0.00975	0.01324	0.00799	0.00530	0.00622	0.00169	0.06272	0.00479	0.00264	0.00755
25	0.00805	0.00658	0.03476	0.00770	0.00867	0.00588	0.02247	0.05362	0.01067	0.01414	0.02566	0.40082	0.09378	0.26668	0.01312	0.00304	0.00422	0.01131	0.00431	0.00451
26	0.01371	0.06897	0.03925	0.07717	0.04669	0.04101	0.05510	0.09961	0.21368	0.04321	0.01353	0.01480	0.01054	0.02421	0.00587	0.00158	0.03033	0.00475	0.00389	0.19213

[dist]
# distance from previous block
# <min> <max>
34	93

[block]
# block no. 1 follows, 45 sequences, length 56
# corresponding to MSA columns:
# 230,231,234-287
name=unknown_B
#
# <colnr> <probs for GDERKNQSTAVLIFYWHMCP>
#	G	D	E	R	K	N	Q	S	T	A	V	L	I	F	Y	W	H	M	C	P
0	0.04259	0.34718	0.12027	0.01221	0.08401	0.03432	0.01060	0.06309	0.04889	0.06951	0.09122	0.01427	0.01267	0.00576	0.00453	0.00143	0.00561	0.00438	0.00341	0.02405
1	0.12513	0.01581	0.28479	0.01112	0.01573	0.01069	0.01152	0.07511	0.08750	0.08896	0.07056	0.08728	0.01456	0.00854	0.03939	0.00201	0.00591	0.00573	0.00394	0.03573
2	0.03197	0.04527	0.05093	0.07113	0.06191	0.06665	0.06493	0.05352	0.15572	0.03595	0.12155	0.05413	0.01820	0.04654	0.03386	0.00216	0.04056	0.03434	0.00405	0.00666
3	0.01292	0.05019	0.35171	0.01677	0.03847	0.04993	0.24013	0.07208	0.01304	0.04385	0.01154	0.05376	0.00913	0.00568	0.00552	0.00171	0.00772	0.00533	0.00296	0.00756
4	0.01196	0.11180	0.29074	0.01117	0.01622	0.04490	0.02427	0.01597	0.04538	0.06102	0.03103	0.04521	0.05765	0.04454	0.00596	0.00164	0.00591	0.00506	0.00327	0.16631
5	0.02687	0.00673	0.00869	0.03199	0.03050	0.00675	0.00641	0.01328	0.09484	0.10950	0.13509	0.30280	0.07218	0.04216	0.08423	0.00269	0.00472	0.00997	0.00494	0.00570
6	0.10323	0.23628	0.05802	0.00893	0.01182	0.06892	0.00772	0.01390	0.01128	0.06906	0.03389	0.28421	0.03373	0.00936	0.00507	0.00166	0.00483	0.00772	0.00382	0.02656
7	0.29769	0.06268	0.02880	0.03719	0.05845	0.09557	0.00812	0.03118	0.01232	0.16458	0.08199	0.07328	0.01399	0.00679	0.00469	0.00164	0.00506	0.00521	0.00413	0.00666
8	0.01198	0.00981	0.01584	0.54211	0.12799	0.01132	0.01358	0.04037	0.01217	0.08530	0.06749	0.01640	0.01118	0.00586	0.00543	0.00174	0.00643	0.00520	0.00317	0.00662
9	0.01610	0.03944	0.03709	0.05973	0.01685	0.03076	0.07518	0.22264	0.04052	0.15840	0.06053	0.04429	0.01298	0.00645	0.00547	0.00154	0.01896	0.00539	0.00454	0.14316
10	0.10874	0.01223	0.01533	0.20545	0.06697	0.01438	0.01136	0.30777	0.01594	0.02291	0.01078	0.03321	0.00858	0.00666	0.00716	0.00179	0.13486	0.00485	0.00374	0.00729
11	0.01132	0.01075	0.01824	0.51032	0.31584	0.01224	0.01550	0.01475	0.01129	0.01515	0.00975	0.01393	0.00766	0.00515	0.00535	0.00172	0.00686	0.00478	0.00249	0.00692
12	0.19231	0.01146	0.01271	0.08257	0.01601	0.06555	0.06412	0.02039	0.31267	0.01984	0.01628	0.02042	0.01346	0.00855	0.03945	0.00212	0.00574	0.08531	0.00416	0.00689
13	0.01118	0.01057	0.01788	0.51034	0.29628	0.01205	0.01522	0.01460	0.01137	0.01525	0.02855	0.01458	0.00870	0.00530	0.00537	0.00172	0.00677	0.00490	0.00257	0.00683
14	0.04973	0.00732	0.00962	0.06640	0.01218	0.00699	0.00679	0.03476	0.01467	0.25026	0.39632	0.05749	0.04709	0.00914	0.00584	0.00170	0.00367	0.00785	0.00569	0.00646
15	0.01285	0.01201	0.02044	0.06441	0.68845	0.01212	0.01553	0.01565	0.01177	0.01676	0.01002	0.01355	0.00850	0.00584	0.00648	0.06399	0.00628	0.00477	0.00262	0.00793
16	0.01285	0.01231	0.02100	0.13860	0.67561	0.01264	0.01626	0.01609	0.01202	0.01701	0.01002	0.01343	0.00832	0.00486	0.00532	0.00162	0.00648	0.00478	0.00262	0.00815
17	0.00813	0.00581	0.00806	0.00930	0.01030	0.00573	0.00775	0.01023	0.01185	0.01549	0.02871	0.24352	0.03202	0.01532	0.00728	0.00240	0.00450	0.56386	0.00495	0.00480
18	0.01804	0.01715	0.01457	0.01235	0.01577	0.25256	0.00971	0.30008	0.25937	0.02386	0.01434	0.01418	0.01077	0.00643	0.00524	0.00161	0.00653	0.00481	0.00460	0.00804
19	0.01361	0.01337	0.02147	0.03204	0.74157	0.04980	0.01618	0.01671	0.01237	0.01733	0.01001	0.01311	0.00843	0.00482	0.00529	0.00158	0.00653	0.00472	0.00266	0.00839
20	0.00671	0.00478	0.00629	0.00731	0.00769	0.00448	0.00488	0.00774	0.01057	0.01421	0.09660	0.69062	0.03590	0.06503	0.00806	0.00232	0.00319	0.01430	0.00496	0.00436
21	0.02307	0.00891	0.01213	0.00938	0.01335	0.00772	0.00772	0.02518	0.01535	0.73495	0.06743	0.01961	0.01558	0.00691	0.00546	0.00166	0.00444	0.00566	0.00660	0.00889
22	0.00654	0.00467	0.00623	0.00747	0.00779	0.00436	0.00498	0.00747	0.01028	0.01370	0.02959	0.80785	0.03550	0.01682	0.00685	0.00218	0.00311	0.01526	0.00498	0.00436
23	0.01163	0.01101	0.01848	0.15230	0.51129	0.01127	0.03347	0.01458	0.01185	0.01635	0.01550	0.07583	0.08004	0.00656	0.00556	0.00169	0.00600	0.00619	0.00300	0.00739
24	0.01098	0.01048	0.01800	0.58770	0.21543	0.01218	0.04026	0.01450	0.01116	0.01475	0.00972	0.01407	0.00751	0.00520	0.00539	0.00174	0.00703	0.00483	0.00246	0.00662
25	0.02173	0.04949	0.12316	0.01035	0.01507	0.00917	0.00965	0.02438	0.01458	0.63654	0.01889	0.01683	0.01206	0.00633	0.00526	0.00164	0.00510	0.00508	0.00582	0.00886
26	0.01233	0.01162	0.01930	0.19123	0.49999	0.01224	0.03275	0.01647	0.06792	0.01700	0.01199	0.01693	0.01017	0.00570	0.00549	0.00171	0.00636	0.05013	0.00295	0.00772
27	0.01497	0.72924	0.02673	0.00969	0.01408	0.10437	0.00931	0.01665	0.01137	0.01268	0.00755	0.00873	0.00689	0.00469	0.00360	0.00117	0.00617	0.00293	0.00235	0.00682
28	0.00932	0.00466	0.00699	0.00699	0.00699	0.00466	0.00466	0.00699	0.00699	0.00932	0.00932	0.01632	0.00932	0.01865	0.02098	0.84382	0.00466	0.00466	0.00233	0.00233
29	0.01014	0.00954	0.01610	0.79845	0.03697	0.01193	0.01491	0.01371	0.01073	0.01371	0.00954	0.01431	0.00716	0.00537	0.00537	0.00179	0.00716	0.00477	0.00239	0.00596
30	0.01251	0.02114	0.45527	0.01747	0.07004	0.01211	0.20254	0.01759	0.01206	0.08755	0.01160	0.03541	0.00865	0.00541	0.00550	0.00173	0.00767	0.00506	0.00288	0.00781
31	0.01014	0.00954	0.01610	0.79845	0.03697	0.01193	0.01491	0.01371	0.01073	0.01371	0.00954	0.01431	0.00716	0.00537	0.00537	0.00179	0.00716	0.00477	0.00239	0.00596
32	0.00827	0.00564	0.00735	0.00683	0.00824	0.00517	0.00515	0.01075	0.01510	0.05444	0.71795	0.03953	0.07337	0.01087	0.00629	0.00169	0.00263	0.00957	0.00591	0.00522
33	0.04642	0.01275	0.02323	0.06649	0.30648	0.01251	0.28945	0.04464	0.01305	0.11421	0.01174	0.01422	0.00882	0.00502	0.00563	0.00170	0.00708	0.00536	0.00329	0.00790
34	0.11450	0.03568	0.00816	0.06538	0.00987	0.00746	0.00534	0.03550	0.00952	0.01443	0.01652	0.14320	0.01783	0.38858	0.05224	0.00370	0.00521	0.00754	0.05488	0.00445
35	0.00665	0.00474	0.00627	0.00741	0.00778	0.00447	0.00498	0.00763	0.01023	0.01371	0.02919	0.73936	0.04989	0.03088	0.03488	0.00244	0.00353	0.01456	0.01702	0.00437
36	0.01614	0.01133	0.01253	0.01076	0.01413	0.01250	0.00851	0.08792	0.55257	0.17947	0.02098	0.01908	0.01515	0.00708	0.00544	0.00177	0.00445	0.00583	0.00570	0.00868
37	0.04410	0.69721	0.11220	0.00979	0.01472	0.01992	0.01026	0.01617	0.01089	0.01353	0.00771	0.00892	0.00684	0.00466	0.00363	0.00123	0.00593	0.00299	0.00233	0.00697
38	0.01329	0.01133	0.04397	0.37606	0.22159	0.01174	0.06050	0.01724	0.04738	0.12649	0.01203	0.01480	0.00887	0.00543	0.00541	0.00172	0.00659	0.00500	0.00323	0.00734
39	0.00672	0.00547	0.00597	0.00604	0.00768	0.00473	0.00460	0.00832	0.01263	0.01567	0.16266	0.07785	0.58201	0.01340	0.00644	0.00186	0.00287	0.06533	0.00512	0.00464
40	0.00693	0.00479	0.00629	0.00744	0.00788	0.00452	0.00512	0.00807	0.01048	0.01432	0.02862	0.70364	0.03361	0.01591	0.00666	0.00213	0.00318	0.05907	0.06692	0.00444
41	0.24259	0.01156	0.04030	0.01218	0.07794	0.04028	0.07332	0.06292	0.01336	0.29183	0.02353	0.01445	0.01022	0.00578	0.00479	0.00163	0.00523	0.00463	0.05589	0.00757
42	0.00654	0.00467	0.00623	0.00747	0.00779	0.00436	0.00498	0.00747	0.01028	0.01370	0.02959	0.80785	0.03550	0.01682	0.00685	0.00218	0.00311	0.01526	0.00498	0.00436
43	0.02530	0.04389	0.09566	0.05070	0.38636	0.01152	0.04807	0.01619	0.01189	0.05239	0.01031	0.01267	0.00826	0.00472	0.00493	0.00142	0.00599	0.00433	0.00291	0.20250
44	0.01503	0.01241	0.03082	0.01052	0.01518	0.01146	0.03793	0.32358	0.01705	0.02425	0.01098	0.01200	0.00842	0.00505	0.00467	0.00119	0.00506	0.00401	0.00405	0.44632
45	0.14977	0.16837	0.26675	0.04209	0.01795	0.10235	0.01267	0.12879	0.01333	0.01921	0.00915	0.01057	0.00704	0.00535	0.00483	0.00156	0.02627	0.00371	0.00297	0.00726
46	0.05117	0.06751	0.32989	0.01509	0.02109	0.01219	0.20470	0.01909	0.01250	0.19669	0.01243	0.01349	0.00863	0.00528	0.00531	0.00168	0.00713	0.00480	0.00346	0.00788
47	0.00855	0.00629	0.00724	0.00684	0.00788	0.00599	0.00443	0.01021	0.06507	0.01299	0.01817	0.15700	0.02004	0.49054	0.01856	0.00374	0.00459	0.00815	0.00369	0.14005
48	0.00760	0.00549	0.00718	0.00675	0.00802	0.00506	0.00506	0.01013	0.01519	0.02153	0.77503	0.04010	0.05065	0.01097	0.00633	0.00169	0.00253	0.00971	0.00591	0.00506
49	0.09178	0.06635	0.01336	0.00945	0.01357	0.00959	0.00792	0.05957	0.01500	0.62874	0.01868	0.01654	0.01202	0.00635	0.00509	0.00162	0.00468	0.00499	0.00600	0.00870
50	0.05318	0.72209	0.07984	0.00951	0.01428	0.02020	0.00977	0.01612	0.01085	0.01347	0.00761	0.00881	0.00683	0.00465	0.00355	0.00121	0.00582	0.00295	0.00234	0.00691
51	0.00787	0.00553	0.00710	0.00677	0.00809	0.00504	0.00505	0.01017	0.01457	0.04180	0.63296	0.09740	0.11441	0.01152	0.00634	0.00174	0.00265	0.01014	0.00578	0.00508
52	0.00653	0.00470	0.00620	0.00740	0.00777	0.00437	0.00495	0.00748	0.01035	0.01373	0.03053	0.77898	0.06376	0.01669	0.00683	0.00217	0.00310	0.01511	0.00498	0.00437
53	0.01407	0.61367	0.18340	0.01047	0.01573	0.01879	0.01132	0.01675	0.01121	0.05020	0.00856	0.00963	0.00718	0.00480	0.00388	0.00129	0.00614	0.00322	0.00250	0.00721
54	0.09140	0.21516	0.20417	0.09315	0.01983	0.05831	0.09368	0.01763	0.01175	0.11151	0.01032	0.01185	0.00774	0.00526	0.00503	0.00157	0.02733	0.00411	0.00301	0.00720
55	0.01348	0.01047	0.01571	0.37158	0.14011	0.03793	0.01268	0.02706	0.01153	0.13856	0.01123	0.01449	0.00852	0.00693	0.00784	0.06416	0.09311	0.00481	0.00317	0.00664

[dist]
# distance from previous block
# <min> <max>
0	8

[block]
# block no. 2 follows, 45 sequences, length 33
# corresponding to MSA columns:
# 296-328
name=unknown_C
#
# <colnr> <probs for GDERKNQSTAVLIFYWHMCP>
#	G	D	E	R	K	N	Q	S	T	A	V	L	I	F	Y	W	H	M	C	P
0	0.01142	0.01183	0.02426	0.15751	0.02576	0.01164	0.48391	0.01495	0.01204	0.01627	0.08425	0.01709	0.01218	0.00660	0.00752	0.07958	0.00768	0.00623	0.00293	0.00635
1	0.01051	0.00652	0.00891	0.00924	0.01095	0.00618	0.00778	0.01279	0.01277	0.11752	0.09568	0.11867	0.02976	0.01308	0.00684	0.00219	0.00446	0.47720	0.00518	0.04375
2	0.01584	0.01137	0.01292	0.06435	0.01579	0.01266	0.00902	0.11098	0.49813	0.15766	0.01987	0.01851	0.01438	0.00694	0.00543	0.00177	0.00469	0.00572	0.00545	0.00851
3	0.01153	0.00953	0.01117	0.00800	0.01275	0.00718	0.00641	0.01391	0.01126	0.04125	0.00990	0.01135	0.00812	0.00406	0.00402	0.00082	0.00399	0.00325	0.00329	0.81820
4	0.01410	0.22866	0.01673	0.01055	0.01409	0.01571	0.00880	0.07486	0.51317	0.02057	0.01735	0.01646	0.01333	0.00650	0.00491	0.00162	0.00476	0.00512	0.00460	0.00811
5	0.01338	0.60208	0.23215	0.01084	0.01633	0.01887	0.01206	0.01632	0.01102	0.01381	0.00805	0.00935	0.00686	0.00473	0.00389	0.00130	0.00633	0.00317	0.00229	0.00717
6	0.00820	0.00539	0.00688	0.00697	0.00752	0.00543	0.00465	0.00908	0.00946	0.04558	0.08683	0.19248	0.02414	0.38901	0.17016	0.00478	0.00631	0.00902	0.00392	0.00420
7	0.01465	0.00671	0.00774	0.00670	0.00895	0.00642	0.00528	0.05293	0.01315	0.24463	0.01836	0.01915	0.01339	0.00638	0.00432	0.00139	0.00327	0.00511	0.55505	0.00642
8	0.00759	0.00517	0.00617	0.00637	0.00651	0.00521	0.00385	0.00792	0.00828	0.01113	0.01873	0.15887	0.02154	0.61154	0.09447	0.00503	0.00571	0.00882	0.00350	0.00357
9	0.00756	0.00546	0.00716	0.00690	0.00810	0.00506	0.00518	0.00999	0.01479	0.02085	0.70334	0.08976	0.04904	0.01147	0.00640	0.00174	0.00265	0.03371	0.00582	0.00502
10	0.00763	0.00551	0.00722	0.00684	0.00811	0.00510	0.00517	0.01016	0.01511	0.02137	0.75370	0.04068	0.05008	0.01108	0.00636	0.00171	0.00260	0.03063	0.00588	0.00506
11	0.01244	0.01189	0.02025	0.23970	0.57776	0.01253	0.01605	0.01573	0.01182	0.01650	0.00995	0.01356	0.00814	0.00494	0.00533	0.00165	0.00659	0.00478	0.00258	0.00782
12	0.04772	0.00902	0.01208	0.03381	0.01306	0.00935	0.06042	0.14518	0.08209	0.15403	0.01374	0.01693	0.01094	0.04971	0.03073	0.29053	0.00545	0.00518	0.00404	0.00600
13	0.00755	0.00549	0.00711	0.00670	0.00799	0.00504	0.00503	0.01003	0.01508	0.02125	0.74646	0.04056	0.07940	0.01108	0.00633	0.00169	0.00254	0.00977	0.00587	0.00504
14	0.84927	0.01038	0.00789	0.00706	0.01038	0.01204	0.00581	0.01578	0.00914	0.02408	0.00747	0.00872	0.00581	0.00498	0.00332	0.00166	0.00415	0.00291	0.00332	0.00581
15	0.01356	0.01416	0.12345	0.08347	0.07684	0.01191	0.34249	0.03972	0.01286	0.11910	0.04700	0.01635	0.01099	0.03764	0.00695	0.00189	0.02508	0.00579	0.00339	0.00734
16	0.01629	0.01422	0.10781	0.01311	0.05609	0.01323	0.03692	0.33327	0.12634	0.09470	0.05850	0.04745	0.01364	0.00700	0.00574	0.00170	0.02298	0.00570	0.01705	0.00824
17	0.01940	0.04853	0.01642	0.06591	0.01790	0.15903	0.01051	0.54342	0.02183	0.02780	0.01160	0.01222	0.00850	0.00613	0.00520	0.00156	0.00668	0.00450	0.00456	0.00829
18	0.00932	0.00466	0.00699	0.00699	0.00699	0.00466	0.00466	0.00699	0.00699	0.00932	0.00932	0.01632	0.00932	0.01865	0.02098	0.84382	0.00466	0.00466	0.00233	0.00233
19	0.01318	0.01264	0.02488	0.23046	0.02855	0.01275	0.45278	0.03979	0.03326	0.07983	0.01171	0.01485	0.00855	0.00506	0.00594	0.00179	0.00794	0.00578	0.00310	0.00714
20	0.00989	0.00921	0.01543	0.74471	0.03499	0.01141	0.01423	0.01329	0.01070	0.01371	0.01090	0.06823	0.00908	0.00614	0.00547	0.00182	0.00688	0.00548	0.00256	0.00585
21	0.02408	0.00914	0.01246	0.00955	0.01370	0.00789	0.00789	0.02616	0.01536	0.78158	0.02118	0.01827	0.01329	0.00664	0.00540	0.00166	0.00457	0.00540	0.00664	0.00914
22	0.00654	0.00467	0.00623	0.00747	0.00779	0.00436	0.00498	0.00747	0.01028	0.01370	0.02959	0.80785	0.03550	0.01682	0.00685	0.00218	0.00311	0.01526	0.00498	0.00436
23	0.01173	0.24027	0.57952	0.01365	0.02068	0.01484	0.01696	0.01675	0.01122	0.01582	0.00905	0.01060	0.00682	0.00496	0.00465	0.00155	0.00734	0.00367	0.00227	0.00765
24	0.01047	0.00616	0.00803	0.00744	0.00913	0.00565	0.00561	0.01294	0.03472	0.15559	0.46532	0.16779	0.06747	0.01120	0.00623	0.00178	0.00305	0.00985	0.00583	0.00574
25	0.00774	0.00549	0.00728	0.00728	0.00778	0.00598	0.00503	0.00872	0.00823	0.01147	0.01561	0.02790	0.01638	0.41434	0.42004	0.00697	0.00993	0.00675	0.00306	0.00405
26	0.01077	0.02777	0.78354	0.01530	0.02323	0.01247	0.01983	0.01700	0.01133	0.01700	0.00963	0.01133	0.00680	0.00510	0.00510	0.00170	0.00793	0.00397	0.00227	0.00793
27	0.00941	0.00471	0.00673	0.00673	0.00690	0.00471	0.00454	0.00772	0.00755	0.01073	0.01040	0.01680	0.00991	0.01702	0.01871	0.73293	0.00438	0.00471	0.11273	0.00268
28	0.00654	0.00467	0.00623	0.00747	0.00779	0.00436	0.00498	0.00747	0.01028	0.01370	0.02959	0.80785	0.03550	0.01682	0.00685	0.00218	0.00311	0.01526	0.00498	0.00436
29	0.01913	0.01978	0.01376	0.01220	0.01510	0.52192	0.00930	0.02174	0.06996	0.15104	0.08250	0.01477	0.01278	0.00636	0.00512	0.00149	0.00772	0.00457	0.00394	0.00680
30	0.00972	0.00614	0.00872	0.11255	0.01291	0.00609	0.00720	0.01138	0.01132	0.12000	0.02562	0.49210	0.02806	0.01363	0.00653	0.00210	0.00410	0.11165	0.00486	0.00531
31	0.01336	0.01171	0.01797	0.46219	0.07810	0.01341	0.08551	0.21578	0.01493	0.01973	0.01061	0.01388	0.00787	0.00554	0.00546	0.00173	0.00695	0.00494	0.00324	0.00710
32	0.20496	0.01298	0.01559	0.11584	0.01786	0.10284	0.08258	0.01570	0.04073	0.01641	0.00858	0.01175	0.00725	0.00686	0.00969	0.00193	0.31514	0.00437	0.00279	0.00615

[dist]
# distance from previous block
# <min> <max>
0	3

[block]
# block no. 3 follows, 45 sequences, length 33
# corresponding to MSA columns:
# 332-364
name=unknown_D
#
# <colnr> <probs for GDERKNQSTAVLIFYWHMCP>
#	G	D	E	R	K	N	Q	S	T	A	V	L	I	F	Y	W	H	M	C	P
0	0.02141	0.01217	0.01418	0.01101	0.01514	0.01255	0.00905	0.37812	0.08372	0.35898	0.01726	0.01584	0.01156	0.00660	0.00539	0.00165	0.00518	0.00518	0.00593	0.00908
1	0.01113	0.00954	0.01113	0.00795	0.01272	0.00716	0.00636	0.01352	0.01113	0.01749	0.00954	0.01113	0.00795	0.00398	0.00398	0.00080	0.00398	0.00318	0.00318	0.84417
2	0.20312	0.01893	0.01278	0.01146	0.01438	0.46486	0.00877	0.04604	0.01392	0.09015	0.01088	0.06138	0.00919	0.00627	0.00470	0.00153	0.00741	0.00432	0.00350	0.00640
3	0.01925	0.01028	0.01225	0.00930	0.01360	0.04616	0.00755	0.04575	0.01421	0.45323	0.01622	0.01519	0.01098	0.00565	0.00487	0.00134	0.00466	0.00451	0.00521	0.29978
4	0.01025	0.00965	0.01630	0.77184	0.06273	0.01195	0.01496	0.01381	0.01079	0.01385	0.00956	0.01428	0.00720	0.00535	0.00536	0.00178	0.00713	0.00477	0.00239	0.00605
5	0.00976	0.00620	0.00856	0.00926	0.01065	0.00600	0.00777	0.01199	0.01261	0.08975	0.09221	0.15574	0.03153	0.01398	0.00705	0.00229	0.00445	0.50973	0.00519	0.00528
6	0.00693	0.00497	0.00658	0.00721	0.00787	0.00462	0.00501	0.00845	0.01208	0.01657	0.30279	0.52647	0.04105	0.01468	0.00666	0.00200	0.00290	0.01323	0.00532	0.00462
7	0.02345	0.00932	0.01249	0.00961	0.01369	0.00824	0.00793	0.06160	0.01584	0.72412	0.04150	0.01861	0.01411	0.00675	0.00542	0.00166	0.00458	0.00549	0.00656	0.00902
8	0.01295	0.00943	0.01062	0.00945	0.01213	0.01018	0.00735	0.02266	0.44948	0.11826	0.20874	0.02632	0.06236	0.00843	0.00571	0.00177	0.00379	0.00714	0.00570	0.00754
9	0.00676	0.00550	0.00601	0.00600	0.00766	0.00475	0.00458	0.00844	0.01287	0.01609	0.20594	0.04977	0.57397	0.01312	0.00641	0.00183	0.00282	0.05763	0.00518	0.00467
10	0.00648	0.00490	0.00600	0.00688	0.00763	0.00441	0.00472	0.00754	0.01085	0.01394	0.03684	0.58668	0.25199	0.01587	0.00670	0.00207	0.00300	0.01411	0.00498	0.00441
11	0.33773	0.01112	0.01165	0.00932	0.01319	0.01171	0.00769	0.20957	0.01551	0.30187	0.01384	0.01326	0.00938	0.00596	0.00460	0.00165	0.00475	0.00430	0.00505	0.00787
12	0.00752	0.00548	0.00706	0.00667	0.00797	0.00503	0.00500	0.00997	0.01501	0.02108	0.72901	0.04084	0.09696	0.01114	0.00633	0.00170	0.00254	0.00981	0.00585	0.00503
13	0.00654	0.00467	0.00623	0.00747	0.00779	0.00436	0.00498	0.00747	0.01028	0.01370	0.02959	0.80785	0.03550	0.01682	0.00685	0.00218	0.00311	0.01526	0.00498	0.00436
14	0.84927	0.01038	0.00789	0.00706	0.01038	0.01204	0.00581	0.01578	0.00914	0.02408	0.00747	0.00872	0.00581	0.00498	0.00332	0.00166	0.00415	0.00291	0.00332	0.00581
15	0.01161	0.01104	0.01875	0.44123	0.38271	0.01231	0.01564	0.01500	0.01143	0.01550	0.00980	0.01383	0.00778	0.00509	0.00534	0.00170	0.00679	0.00478	0.00251	0.00715
16	0.04019	0.00883	0.01195	0.00946	0.01289	0.00816	0.00772	0.02290	0.01415	0.62187	0.05597	0.01856	0.01426	0.00787	0.00731	0.06301	0.05537	0.00545	0.00594	0.00816
17	0.01619	0.01908	0.01564	0.23077	0.02189	0.45599	0.01181	0.03172	0.01321	0.01365	0.00856	0.01130	0.00704	0.00603	0.00672	0.00163	0.11595	0.00401	0.00265	0.00616
18	0.01270	0.01439	0.03114	0.02318	0.06871	0.01353	0.71814	0.01716	0.01265	0.01721	0.01082	0.01441	0.00816	0.00454	0.00628	0.00180	0.00890	0.00625	0.00271	0.00731
19	0.02806	0.32514	0.41893	0.01215	0.01816	0.01518	0.01433	0.01599	0.01128	0.01559	0.04681	0.03633	0.00985	0.00555	0.00455	0.00150	0.00661	0.00416	0.00256	0.00724
20	0.04157	0.01178	0.02552	0.01028	0.01416	0.06383	0.00844	0.18348	0.05368	0.42537	0.03253	0.01740	0.02282	0.03104	0.00595	0.00172	0.00518	0.00526	0.00564	0.03435
21	0.00656	0.00477	0.00619	0.00725	0.00774	0.00440	0.00490	0.00759	0.01064	0.01405	0.05797	0.70852	0.10704	0.01630	0.00678	0.00213	0.00306	0.01469	0.00502	0.00440
22	0.02408	0.00914	0.01246	0.00955	0.01370	0.00789	0.00789	0.02616	0.01536	0.78158	0.02118	0.01827	0.01329	0.00664	0.00540	0.00166	0.00457	0.00540	0.00664	0.00914
23	0.01035	0.01577	0.35082	0.01091	0.01538	0.00879	0.01196	0.01483	0.03414	0.07321	0.34629	0.02574	0.02725	0.00806	0.00572	0.00171	0.00516	0.02289	0.00432	0.00671
24	0.01164	0.05159	0.70965	0.01481	0.02240	0.01270	0.01879	0.03914	0.01187	0.04458	0.01007	0.01154	0.00710	0.00518	0.00507	0.00168	0.00768	0.00401	0.00251	0.00798
25	0.00680	0.00546	0.00609	0.00615	0.00764	0.00480	0.00453	0.00864	0.02766	0.01615	0.21517	0.16206	0.48314	0.01335	0.00640	0.00184	0.00277	0.01144	0.00521	0.00471
26	0.00780	0.00522	0.00593	0.00593	0.00595	0.00524	0.00334	0.00785	0.00783	0.01046	0.01685	0.03477	0.01936	0.79157	0.04689	0.00529	0.00544	0.00775	0.00324	0.00329
27	0.01261	0.01037	0.01362	0.08623	0.01632	0.03814	0.08599	0.06728	0.23072	0.07535	0.03240	0.16492	0.02874	0.00921	0.00654	0.00191	0.04497	0.06321	0.00459	0.00687
28	0.01014	0.00948	0.01593	0.71491	0.07812	0.01160	0.01450	0.01356	0.01080	0.01393	0.01057	0.05390	0.00865	0.00591	0.00544	0.00180	0.00691	0.00530	0.00253	0.00603
29	0.03452	0.00910	0.01131	0.00900	0.01225	0.00862	0.00713	0.13133	0.01513	0.47474	0.01872	0.02046	0.01369	0.15319	0.00926	0.00228	0.00476	0.00569	0.05103	0.00778
30	0.01441	0.06050	0.43945	0.01353	0.04587	0.05364	0.01475	0.01919	0.03541	0.17996	0.01280	0.01347	0.00899	0.00556	0.00500	0.00162	0.00669	0.00435	0.05692	0.00789
31	0.13873	0.03554	0.03080	0.03516	0.01514	0.02127	0.08829	0.08723	0.05070	0.03975	0.08046	0.01458	0.01212	0.00541	0.00466	0.00134	0.00495	0.00450	0.00374	0.32564
32	0.10532	0.06089	0.26213	0.01155	0.01642	0.08226	0.01177	0.09331	0.07303	0.13441	0.03831	0.01609	0.05911	0.00636	0.00501	0.00164	0.00607	0.00486	0.00393	0.00753

[dist]
# distance from previous block
# <min> <max>
1	10

[block]
# block no. 4 follows, 45 sequences, length 52
# corresponding to MSA columns:
# 375-426
name=unknown_E
#
# <colnr> <probs for GDERKNQSTAVLIFYWHMCP>
#	G	D	E	R	K	N	Q	S	T	A	V	L	I	F	Y	W	H	M	C	P
0	0.04236	0.32694	0.01920	0.01083	0.01454	0.31406	0.00911	0.01886	0.01300	0.09813	0.00997	0.03004	0.00835	0.00546	0.00431	0.00131	0.00690	0.00370	0.00311	0.05982
1	0.01401	0.01147	0.01202	0.04377	0.01428	0.04106	0.00834	0.15712	0.41729	0.02325	0.04856	0.01853	0.01502	0.00687	0.00518	0.00165	0.00458	0.00558	0.10780	0.04361
2	0.00760	0.00549	0.00718	0.00675	0.00802	0.00506	0.00506	0.01013	0.01519	0.02153	0.77503	0.04010	0.05065	0.01097	0.00633	0.00169	0.00253	0.00971	0.00591	0.00506
3	0.01263	0.01435	0.03097	0.02223	0.02741	0.01371	0.72388	0.01700	0.01246	0.01700	0.01068	0.01435	0.00809	0.00475	0.00686	0.00183	0.04565	0.00626	0.00270	0.00718
4	0.00754	0.00548	0.00710	0.00670	0.00799	0.00504	0.00502	0.01003	0.01507	0.02123	0.74419	0.04059	0.08168	0.01109	0.00633	0.00169	0.00254	0.00978	0.00587	0.00504
5	0.00771	0.00560	0.00786	0.00786	0.00856	0.00630	0.00576	0.00910	0.00840	0.01190	0.01508	0.02495	0.01510	0.25223	0.58040	0.00769	0.01186	0.00632	0.00298	0.00437
6	0.02005	0.02558	0.01521	0.01383	0.01659	0.78980	0.01037	0.02143	0.01521	0.01314	0.00830	0.00968	0.00691	0.00553	0.00484	0.00138	0.00968	0.00346	0.00277	0.00622
7	0.02361	0.00990	0.01293	0.00991	0.01408	0.00903	0.00819	0.12140	0.01665	0.68454	0.02010	0.01757	0.01275	0.00662	0.00539	0.00165	0.00474	0.00532	0.00648	0.00913
8	0.00837	0.00609	0.00826	0.00934	0.01065	0.00598	0.00809	0.01070	0.01234	0.01587	0.03161	0.05946	0.12240	0.01468	0.00728	0.00239	0.00467	0.65200	0.00495	0.00489
9	0.00839	0.00599	0.00835	0.00959	0.01071	0.00596	0.00820	0.01067	0.01210	0.01577	0.02856	0.15236	0.03146	0.01507	0.00735	0.00244	0.00472	0.65248	0.00495	0.00487
10	0.73335	0.01103	0.00904	0.00780	0.01126	0.01269	0.00643	0.11986	0.01139	0.02545	0.00823	0.00930	0.00628	0.00519	0.00361	0.00165	0.00440	0.00318	0.00361	0.00628
11	0.00757	0.00549	0.00714	0.00672	0.00800	0.00505	0.00504	0.01007	0.01513	0.02136	0.75849	0.04036	0.06730	0.01103	0.00633	0.00169	0.00254	0.00974	0.00589	0.00505
12	0.00817	0.00647	0.00948	0.00919	0.01000	0.00785	0.00719	0.00993	0.00855	0.01244	0.01358	0.02048	0.01287	0.06621	0.66576	0.00772	0.11073	0.00570	0.00283	0.00487
13	0.02373	0.00971	0.01281	0.00982	0.01399	0.00874	0.00811	0.09738	0.01632	0.70901	0.02037	0.01775	0.01288	0.00662	0.00540	0.00166	0.00470	0.00534	0.00652	0.00913
14	0.01014	0.00954	0.01610	0.79845	0.03697	0.01193	0.01491	0.01371	0.01073	0.01371	0.00954	0.01431	0.00716	0.00537	0.00537	0.00179	0.00716	0.00477	0.00239	0.00596
15	0.01820	0.01882	0.01572	0.01331	0.01630	0.35290	0.02944	0.24607	0.10118	0.02056	0.01112	0.01219	0.00869	0.00645	0.00668	0.00163	0.10519	0.00439	0.00381	0.00734
16	0.83188	0.01048	0.00806	0.00717	0.01051	0.01214	0.00591	0.03139	0.00947	0.02429	0.00759	0.00881	0.00588	0.00501	0.00336	0.00166	0.00419	0.00295	0.00336	0.00588
17	0.01236	0.01290	0.01777	0.50908	0.14624	0.13657	0.05950	0.01558	0.01179	0.01442	0.00951	0.01342	0.00738	0.00525	0.00533	0.00170	0.00756	0.00466	0.00251	0.00647
18	0.00799	0.00514	0.00599	0.00599	0.00599	0.00514	0.00343	0.00771	0.00771	0.01027	0.01598	0.03282	0.01826	0.71396	0.02654	0.10823	0.00514	0.00742	0.00314	0.00314
19	0.05397	0.18436	0.14270	0.01284	0.03116	0.07486	0.07917	0.16440	0.09284	0.05812	0.02408	0.01285	0.00946	0.00559	0.00486	0.00153	0.00635	0.00441	0.00365	0.03280
20	0.01261	0.15647	0.03616	0.19645	0.43711	0.01397	0.02754	0.01567	0.01162	0.01573	0.00982	0.02565	0.00832	0.00508	0.00503	0.00157	0.00646	0.00462	0.00256	0.00755
21	0.01090	0.00627	0.00837	0.00768	0.00950	0.00575	0.00605	0.01334	0.01488	0.16727	0.53809	0.03841	0.04102	0.01061	0.00628	0.00178	0.00322	0.09881	0.00593	0.00583
22	0.01225	0.01357	0.02676	0.17236	0.04994	0.04284	0.53626	0.01631	0.01236	0.01627	0.01210	0.01561	0.03638	0.00507	0.00606	0.00178	0.00840	0.00606	0.00274	0.00689
23	0.02554	0.02410	0.56870	0.01739	0.05862	0.03046	0.16572	0.01709	0.01169	0.01709	0.00983	0.01197	0.00713	0.00498	0.00532	0.00171	0.00806	0.00444	0.00240	0.00775
24	0.00680	0.00489	0.00650	0.00764	0.00814	0.00459	0.00535	0.00797	0.01075	0.01428	0.05896	0.67536	0.05788	0.01628	0.00688	0.00218	0.00328	0.09281	0.00501	0.00445
25	0.00666	0.00473	0.00622	0.00733	0.00765	0.00444	0.00485	0.00756	0.01021	0.01364	0.04682	0.73065	0.03466	0.07679	0.00839	0.00240	0.00326	0.01456	0.00487	0.00429
26	0.03200	0.51754	0.04820	0.10847	0.07197	0.08349	0.01077	0.03461	0.01164	0.01406	0.00828	0.01012	0.00717	0.00538	0.01565	0.00143	0.00646	0.00342	0.00248	0.00687
27	0.01059	0.00738	0.04097	0.00859	0.01040	0.00647	0.00683	0.03153	0.06619	0.13616	0.06277	0.38566	0.08915	0.01301	0.00642	0.00202	0.00386	0.10100	0.00521	0.00579
28	0.00865	0.00618	0.00865	0.00989	0.01112	0.00618	0.00865	0.01112	0.01236	0.01606	0.02842	0.06055	0.03089	0.01483	0.00741	0.00247	0.00494	0.74174	0.00494	0.00494
29	0.01008	0.00942	0.01520	0.54930	0.06421	0.01171	0.01329	0.01296	0.01037	0.01377	0.01166	0.11137	0.01068	0.00735	0.00737	0.00191	0.12473	0.00605	0.00271	0.00587
30	0.04512	0.18114	0.33009	0.03515	0.10277	0.01345	0.05837	0.02539	0.01132	0.01613	0.01167	0.10904	0.01062	0.00647	0.00524	0.00165	0.02110	0.00536	0.00276	0.00715
31	0.02864	0.01028	0.01752	0.59173	0.15794	0.01199	0.05774	0.01428	0.01109	0.01479	0.01069	0.01489	0.02497	0.00540	0.00539	0.00176	0.00697	0.00497	0.00253	0.00642
32	0.66563	0.06297	0.03647	0.00812	0.01180	0.01321	0.00704	0.10727	0.01130	0.02431	0.00821	0.00931	0.00632	0.00514	0.00364	0.00162	0.00460	0.00318	0.00347	0.00636
33	0.00896	0.00504	0.00537	0.00554	0.00665	0.00493	0.00402	0.01098	0.01097	0.01784	0.02297	0.13214	0.09828	0.05055	0.02933	0.00186	0.00310	0.00725	0.56946	0.00477
34	0.01045	0.04268	0.66906	0.01409	0.02111	0.01173	0.01774	0.01612	0.01181	0.01747	0.10568	0.01488	0.01231	0.00583	0.00522	0.00169	0.00721	0.00466	0.00272	0.00755
35	0.01101	0.00954	0.01174	0.10507	0.01570	0.00774	0.00741	0.01354	0.01108	0.01703	0.00954	0.01152	0.00785	0.00415	0.00415	0.00092	0.00437	0.00338	0.00308	0.74119
36	0.01435	0.81458	0.02813	0.00918	0.01378	0.02124	0.00918	0.01607	0.01091	0.01263	0.00746	0.00861	0.00689	0.00459	0.00344	0.00115	0.00574	0.00287	0.00230	0.00689
37	0.00657	0.00476	0.00621	0.00729	0.00776	0.00440	0.00492	0.00761	0.01064	0.01410	0.06336	0.71778	0.09215	0.01632	0.00679	0.00213	0.00306	0.01473	0.00502	0.00440
38	0.00748	0.00548	0.00701	0.00663	0.00794	0.00501	0.00497	0.00989	0.01491	0.02084	0.70509	0.04122	0.12101	0.01123	0.00633	0.00170	0.00255	0.00987	0.00582	0.00501
39	0.01916	0.01440	0.01562	0.04133	0.01707	0.01607	0.01017	0.64243	0.11597	0.03169	0.01386	0.01382	0.00995	0.00651	0.00538	0.00164	0.00575	0.00498	0.00527	0.00893
40	0.00774	0.00525	0.00621	0.00625	0.00638	0.00536	0.00374	0.00801	0.00799	0.01078	0.01705	0.06051	0.01933	0.68874	0.12031	0.00552	0.00626	0.00782	0.00327	0.00348
41	0.02005	0.02558	0.01521	0.01383	0.01659	0.78980	0.01037	0.02143	0.01521	0.01314	0.00830	0.00968	0.00691	0.00553	0.00484	0.00138	0.00968	0.00346	0.00277	0.00622
42	0.01335	0.01153	0.01214	0.01092	0.01396	0.01335	0.00850	0.02852	0.76817	0.02245	0.02185	0.02003	0.01639	0.00728	0.00546	0.00182	0.00425	0.00607	0.00546	0.00850
43	0.00660	0.00470	0.00621	0.00740	0.00770	0.00440	0.00490	0.00749	0.01016	0.01355	0.02900	0.77216	0.03476	0.05352	0.00780	0.00232	0.00321	0.01492	0.00490	0.00431
44	0.00638	0.00544	0.00548	0.00547	0.00727	0.00454	0.00410	0.00776	0.01231	0.01468	0.07237	0.05137	0.75759	0.01353	0.00634	0.00181	0.00271	0.01129	0.00501	0.00454
45	0.02010	0.02429	0.01532	0.01365	0.01660	0.69481	0.01035	0.11217	0.01644	0.01568	0.00886	0.01007	0.00719	0.00564	0.00491	0.00141	0.00922	0.00363	0.00309	0.00658
46	0.12531	0.00954	0.01205	0.00936	0.01342	0.00877	0.00773	0.05629	0.01502	0.65652	0.01914	0.01687	0.01219	0.00643	0.00514	0.00166	0.00457	0.00507	0.00618	0.00873
47	0.01072	0.01003	0.01675	0.69405	0.12077	0.01212	0.01498	0.03050	0.01122	0.01459	0.00968	0.01416	0.00735	0.00532	0.00536	0.00176	0.00704	0.00477	0.00248	0.00632
48	0.01374	0.00709	0.00925	0.00854	0.01057	0.00661	0.00650	0.06601	0.01355	0.27781	0.09596	0.34445	0.02680	0.03588	0.00685	0.00203	0.00392	0.05244	0.00561	0.00638
49	0.01302	0.01249	0.02132	0.09649	0.71637	0.01269	0.01634	0.01625	0.01210	0.01722	0.01005	0.01337	0.00839	0.00483	0.00532	0.00161	0.00644	0.00478	0.00263	0.00829
50	0.02148	0.01331	0.01504	0.01153	0.01578	0.01408	0.00952	0.54482	0.02234	0.25307	0.01532	0.01447	0.01035	0.00650	0.00538	0.00163	0.00551	0.00500	0.00574	0.00913
51	0.68292	0.01102	0.00851	0.02776	0.01128	0.06425	0.00628	0.01625	0.03260	0.02272	0.00878	0.01012	0.00684	0.00520	0.00357	0.00162	0.00448	0.00325	0.06672	0.00586

[dist]
# distance from previous block
# <min> <max>
0	1

[block]
# block no. 5 follows, 45 sequences, length 154
# corresponding to MSA columns:
# 428-581
name=unknown_F
#
# <colnr> <probs for GDERKNQSTAVLIFYWHMCP>
#	G	D	E	R	K	N	Q	S	T	A	V	L	I	F	Y	W	H	M	C	P
0	0.00790	0.00565	0.00753	0.00849	0.00937	0.00552	0.00663	0.02544	0.01165	0.01537	0.06093	0.36095	0.04963	0.05980	0.00818	0.00244	0.00408	0.34081	0.00492	0.00470
1	0.01370	0.01172	0.10344	0.01089	0.01463	0.00985	0.06204	0.05661	0.19926	0.16006	0.15751	0.05378	0.02034	0.00757	0.00558	0.00168	0.00479	0.01892	0.00495	0.08268
2	0.01349	0.00977	0.01183	0.00923	0.03827	0.00793	0.00710	0.04838	0.02566	0.13152	0.02824	0.01312	0.00988	0.00471	0.00437	0.00102	0.00420	0.00383	0.00387	0.62357
3	0.39018	0.04845	0.03784	0.01068	0.01393	0.38762	0.00860	0.01856	0.01221	0.01814	0.00794	0.00927	0.00642	0.00524	0.00412	0.00151	0.00700	0.00321	0.00298	0.00612
4	0.01019	0.00681	0.00854	0.00856	0.00995	0.00675	0.00642	0.12287	0.01368	0.06988	0.10927	0.45832	0.03115	0.01367	0.00654	0.00204	0.00379	0.10076	0.00525	0.00555
5	0.09837	0.00932	0.01204	0.00934	0.01337	0.00841	0.00771	0.04115	0.01502	0.68395	0.03226	0.01765	0.01314	0.00656	0.00523	0.00166	0.00453	0.00523	0.00630	0.00877
6	0.00717	0.00545	0.00679	0.02529	0.00887	0.00508	0.00557	0.00878	0.01187	0.01535	0.14055	0.26619	0.26644	0.05116	0.00764	0.00218	0.00345	0.15257	0.00497	0.00461
7	0.01223	0.27995	0.42790	0.01485	0.05300	0.01543	0.09379	0.01670	0.01137	0.01563	0.00908	0.01087	0.00704	0.00486	0.00470	0.00153	0.00728	0.00390	0.00234	0.00755
8	0.00656	0.00472	0.00618	0.00734	0.00772	0.00439	0.00490	0.00749	0.01032	0.01367	0.03055	0.75298	0.07217	0.03419	0.00728	0.00223	0.00314	0.01490	0.00494	0.00434
9	0.00654	0.00467	0.00623	0.00747	0.00779	0.00436	0.00498	0.00747	0.01028	0.01370	0.02959	0.80785	0.03550	0.01682	0.00685	0.00218	0.00311	0.01526	0.00498	0.00436
10	0.05733	0.14629	0.03040	0.06837	0.01720	0.30583	0.07935	0.04504	0.03374	0.01497	0.01039	0.04810	0.00935	0.05298	0.00697	0.00177	0.05796	0.00469	0.00295	0.00631
11	0.01083	0.07870	0.66966	0.01445	0.02161	0.01254	0.01821	0.01646	0.01139	0.01663	0.01102	0.01517	0.00877	0.00586	0.00518	0.00173	0.00754	0.06415	0.00249	0.00762
12	0.00745	0.00548	0.00697	0.00659	0.00793	0.00500	0.00495	0.00984	0.01484	0.02068	0.68787	0.04150	0.13835	0.01129	0.00633	0.00170	0.00256	0.00990	0.00580	0.00500
13	0.03050	0.00922	0.01525	0.72305	0.03420	0.01141	0.01396	0.01329	0.01043	0.01366	0.00948	0.01432	0.00728	0.00630	0.00642	0.06152	0.00691	0.00472	0.00240	0.00570
14	0.04938	0.03152	0.01925	0.32454	0.21468	0.06358	0.10628	0.08248	0.02548	0.01743	0.01013	0.01337	0.00786	0.00522	0.00531	0.00168	0.00704	0.00478	0.00288	0.00711
15	0.02023	0.01327	0.01476	0.01140	0.01541	0.01422	0.00934	0.57124	0.02236	0.17269	0.03142	0.01552	0.01130	0.04362	0.00641	0.00179	0.00555	0.00518	0.00552	0.00877
16	0.84927	0.01038	0.00789	0.00706	0.01038	0.01204	0.00581	0.01578	0.00914	0.02408	0.00747	0.00872	0.00581	0.00498	0.00332	0.00166	0.00415	0.00291	0.00332	0.00581
17	0.00664	0.00496	0.00619	0.00709	0.00778	0.00456	0.00486	0.00794	0.02260	0.01428	0.06148	0.61514	0.18520	0.01581	0.00671	0.00208	0.00303	0.01412	0.00502	0.00448
18	0.01084	0.01064	0.01908	0.59926	0.08670	0.01229	0.14158	0.01476	0.02428	0.01473	0.01002	0.01437	0.00758	0.00522	0.00553	0.00178	0.00737	0.00506	0.00251	0.00640
19	0.01113	0.00954	0.01113	0.00795	0.01272	0.00716	0.00636	0.01352	0.01113	0.01749	0.00954	0.01113	0.00795	0.00398	0.00398	0.00080	0.00398	0.00318	0.00318	0.84417
20	0.01435	0.81458	0.02813	0.00918	0.01378	0.02124	0.00918	0.01607	0.01091	0.01263	0.00746	0.00861	0.00689	0.00459	0.00344	0.00115	0.00574	0.00287	0.00230	0.00689
21	0.01046	0.00738	0.00817	0.00746	0.00979	0.00716	0.00576	0.01539	0.19529	0.11501	0.13660	0.03827	0.40067	0.01084	0.00601	0.00178	0.00330	0.00909	0.00543	0.00614
22	0.00643	0.00544	0.00556	0.00553	0.00731	0.00457	0.00415	0.00788	0.01245	0.01500	0.10550	0.05084	0.72425	0.01341	0.00634	0.00180	0.00271	0.01121	0.00505	0.00457
23	0.01335	0.01153	0.01214	0.01092	0.01396	0.01335	0.00850	0.02852	0.76817	0.02245	0.02185	0.02003	0.01639	0.00728	0.00546	0.00182	0.00425	0.00607	0.00546	0.00850
24	0.00767	0.00575	0.00863	0.00863	0.00959	0.00671	0.00671	0.00959	0.00863	0.01246	0.01438	0.02109	0.01342	0.04026	0.79008	0.00863	0.01438	0.00575	0.00288	0.00479
25	0.02005	0.02558	0.01521	0.01383	0.01659	0.78980	0.01037	0.02143	0.01521	0.01314	0.00830	0.00968	0.00691	0.00553	0.00484	0.00138	0.00968	0.00346	0.00277	0.00622
26	0.01335	0.01153	0.01214	0.01092	0.01396	0.01335	0.00850	0.02852	0.76817	0.02245	0.02185	0.02003	0.01639	0.00728	0.00546	0.00182	0.00425	0.00607	0.00546	0.00850
27	0.00654	0.00469	0.00621	0.00743	0.00777	0.00436	0.00496	0.00748	0.01032	0.01372	0.03016	0.79047	0.05252	0.01674	0.00684	0.00217	0.00311	0.01517	0.00498	0.00436
28	0.00637	0.00535	0.00552	0.00566	0.00731	0.00451	0.00418	0.00768	0.01202	0.01441	0.05167	0.13438	0.69472	0.01395	0.00640	0.00185	0.00276	0.01176	0.00498	0.00451
29	0.02039	0.01549	0.01607	0.01241	0.01664	0.05021	0.01021	0.72791	0.02480	0.03293	0.01269	0.01275	0.00903	0.00640	0.00535	0.00160	0.00607	0.00477	0.00526	0.00900
30	0.07087	0.00960	0.01244	0.00960	0.01371	0.00872	0.00793	0.07496	0.01567	0.68808	0.01984	0.01736	0.01258	0.00654	0.00528	0.00166	0.00463	0.00522	0.00637	0.00895
31	0.01001	0.00500	0.00500	0.00500	0.00625	0.00500	0.00375	0.01251	0.01126	0.02001	0.01751	0.02001	0.01376	0.00625	0.00375	0.00125	0.00250	0.00500	0.84115	0.00500
32	0.02066	0.01463	0.01586	0.01216	0.01644	0.01604	0.01004	0.70939	0.02456	0.08537	0.01346	0.01326	0.00942	0.00646	0.00537	0.00161	0.00581	0.00487	0.00546	0.00913
33	0.01192	0.01120	0.01874	0.51519	0.03132	0.01311	0.13872	0.10450	0.01263	0.01667	0.00998	0.01398	0.00755	0.00565	0.00644	0.00181	0.06620	0.00503	0.00280	0.00655
34	0.20167	0.09403	0.35032	0.01244	0.01792	0.06853	0.03592	0.09219	0.01251	0.01953	0.00979	0.01207	0.00761	0.00601	0.01773	0.00175	0.00686	0.02296	0.00295	0.00721
