[name]
unknown

[dist]
# distance from previous block
# <min> <max>
0	16

[block]
# block no. 0 follows, 43 sequences, length 6
# corresponding to MSA columns:
# 16-21
name=unknown_A
#
# <colnr> <probs for GDERKNQSTAVLIFYWHMCP>
#	G	D	E	R	K	N	Q	S	T	A	V	L	I	F	Y	W	H	M	C	P
0	0.01364	0.50843	0.08145	0.01049	0.01457	0.07538	0.01030	0.01593	0.01196	0.01422	0.01280	0.02124	0.01267	0.00723	0.00472	0.00155	0.00622	0.16747	0.00302	0.00669
1	0.01106	0.01470	0.18772	0.40352	0.02846	0.01371	0.01563	0.01469	0.01050	0.01469	0.00916	0.01335	0.00727	0.00662	0.00895	0.00198	0.22428	0.00471	0.00242	0.00658
2	0.00774	0.00621	0.00876	0.18374	0.01477	0.00641	0.00732	0.00966	0.01188	0.01564	0.15519	0.38256	0.14295	0.01317	0.00655	0.00202	0.00399	0.01172	0.00470	0.00502
3	0.00734	0.00564	0.00671	0.00645	0.00797	0.00501	0.00483	0.00949	0.01450	0.01942	0.49435	0.04595	0.32753	0.01236	0.00654	0.00179	0.00269	0.01066	0.00573	0.00501
4	0.00850	0.00597	0.00697	0.00694	0.00855	0.00537	0.00511	0.01066	0.04446	0.07288	0.17364	0.23760	0.36573	0.01358	0.00657	0.00193	0.00308	0.01174	0.00546	0.00526
5	0.02200	0.01056	0.01313	0.01045	0.01448	0.01026	0.00851	0.09597	0.18443	0.53578	0.02120	0.01873	0.01402	0.00698	0.00558	0.00175	0.00477	0.00567	0.00646	0.00928

[dist]
# distance from previous block
# <min> <max>
0	10

[block]
# block no. 1 follows, 43 sequences, length 26
# corresponding to MSA columns:
# 32-57
name=unknown_B
#
# <colnr> <probs for GDERKNQSTAVLIFYWHMCP>
#	G	D	E	R	K	N	Q	S	T	A	V	L	I	F	Y	W	H	M	C	P
0	0.00769	0.00563	0.00722	0.00688	0.00820	0.00516	0.00514	0.01015	0.01526	0.02134	0.68434	0.06714	0.11166	0.01174	0.00655	0.00177	0.00265	0.01034	0.00599	0.00516
1	0.01111	0.02865	0.77667	0.01579	0.02397	0.01286	0.02046	0.01754	0.01169	0.01754	0.00994	0.01169	0.00702	0.00526	0.00526	0.00175	0.00818	0.00409	0.00234	0.00818
2	0.01481	0.80869	0.02902	0.00948	0.01421	0.02191	0.00948	0.01658	0.01125	0.01303	0.00770	0.00888	0.00711	0.00474	0.00355	0.00118	0.00592	0.00296	0.00237	0.00711
3	0.00784	0.00566	0.00740	0.00697	0.00827	0.00523	0.00523	0.01045	0.01568	0.02221	0.76789	0.04137	0.05226	0.01132	0.00653	0.00174	0.00261	0.01002	0.00610	0.00523
4	0.02051	0.01593	0.01599	0.01251	0.01666	0.08066	0.01022	0.65579	0.02448	0.03243	0.01313	0.01337	0.00946	0.00656	0.00541	0.00162	0.00625	0.00488	0.04518	0.00896
5	0.01463	0.77089	0.06525	0.00978	0.01469	0.02148	0.01001	0.01663	0.01127	0.01325	0.00781	0.00902	0.00710	0.00476	0.00364	0.00121	0.00603	0.00302	0.00237	0.00716
6	0.00675	0.00482	0.00643	0.00771	0.00803	0.00450	0.00514	0.00771	0.01060	0.01414	0.03053	0.80175	0.03663	0.01735	0.00707	0.00225	0.00321	0.01574	0.00514	0.00450
7	0.00962	0.00481	0.00722	0.00722	0.00722	0.00481	0.00481	0.00722	0.00722	0.00962	0.00962	0.01684	0.00962	0.01924	0.02165	0.83886	0.00481	0.00481	0.00241	0.00241
8	0.01080	0.01076	0.07490	0.00893	0.01335	0.00768	0.00766	0.01335	0.01130	0.01733	0.01271	0.12306	0.01209	0.00621	0.00497	0.00114	0.02427	0.00515	0.00344	0.63089
9	0.01345	0.01282	0.01135	0.01052	0.01301	0.16494	0.00797	0.04643	0.34199	0.03307	0.03978	0.14711	0.11517	0.00959	0.00587	0.00183	0.00515	0.00795	0.00497	0.00706
10	0.00772	0.00566	0.00725	0.00685	0.00820	0.00518	0.00514	0.01023	0.01541	0.02157	0.70527	0.04242	0.11528	0.01156	0.00653	0.00175	0.00263	0.01016	0.00601	0.00518
11	0.01332	0.01287	0.02227	0.11745	0.65797	0.01310	0.04821	0.01671	0.01246	0.01764	0.01039	0.01388	0.00860	0.00499	0.00553	0.00168	0.00679	0.00500	0.00271	0.00843
12	0.10137	0.08995	0.17066	0.08279	0.19622	0.10425	0.03364	0.06716	0.01305	0.01850	0.00970	0.01186	0.00766	0.00519	0.00493	0.00157	0.00693	0.00415	0.00292	0.06751
13	0.34956	0.01251	0.01170	0.03077	0.05013	0.09142	0.00824	0.17026	0.01437	0.07767	0.01337	0.12215	0.01185	0.00735	0.00485	0.00175	0.00532	0.00559	0.00424	0.00693
14	0.00794	0.00532	0.00607	0.00618	0.00621	0.00530	0.00351	0.00803	0.00827	0.01102	0.01854	0.10027	0.02151	0.73946	0.02642	0.00511	0.00519	0.00870	0.00351	0.00345
15	0.01123	0.05469	0.75170	0.01557	0.02364	0.01316	0.02010	0.01751	0.01168	0.01739	0.00986	0.01160	0.00702	0.00524	0.00520	0.00173	0.00811	0.00405	0.00234	0.00815
16	0.05970	0.13917	0.38724	0.01443	0.02081	0.01355	0.11899	0.01897	0.01241	0.14682	0.01170	0.01281	0.00831	0.00537	0.00514	0.00168	0.00720	0.00446	0.00324	0.00802
17	0.01118	0.01085	0.01768	0.50924	0.06679	0.01370	0.04602	0.01422	0.01052	0.01427	0.00922	0.01400	0.00746	0.00661	0.00904	0.00200	0.22345	0.00497	0.00248	0.00631
18	0.00758	0.00602	0.00937	0.00927	0.01030	0.00562	0.08471	0.00918	0.01160	0.01568	0.13437	0.60858	0.03586	0.01513	0.00693	0.00214	0.00378	0.01394	0.00503	0.00492
19	0.01148	0.00984	0.01148	0.00820	0.01312	0.00738	0.00656	0.01395	0.01148	0.01805	0.00984	0.01148	0.00820	0.00410	0.00410	0.00082	0.00410	0.00328	0.00328	0.83922
20	0.00772	0.00531	0.00629	0.00648	0.00679	0.00516	0.00399	0.00832	0.00978	0.01316	0.12724	0.18425	0.05435	0.51426	0.02032	0.00414	0.00448	0.00993	0.00415	0.00389
21	0.01352	0.01296	0.02213	0.07869	0.72762	0.01311	0.01690	0.01683	0.01252	0.01786	0.01038	0.01377	0.00869	0.00497	0.00549	0.00166	0.00663	0.00493	0.00272	0.00862
22	0.03641	0.01125	0.01847	0.47052	0.29993	0.01278	0.01552	0.03999	0.01208	0.01658	0.01010	0.01417	0.00791	0.00535	0.00546	0.00176	0.00696	0.00487	0.00269	0.00720
23	0.02463	0.00977	0.01307	0.01002	0.01431	0.00865	0.00828	0.06806	0.01643	0.73276	0.02137	0.01854	0.01347	0.00684	0.00557	0.00171	0.00479	0.00554	0.00678	0.00942
24	0.01246	0.00790	0.00848	0.00754	0.00936	0.00832	0.00562	0.17084	0.05705	0.03729	0.03950	0.04099	0.01626	0.18394	0.00990	0.00235	0.00411	0.00622	0.36592	0.00595
25	0.00675	0.00482	0.00643	0.00771	0.00803	0.00450	0.00514	0.00771	0.01060	0.01414	0.03053	0.80175	0.03663	0.01735	0.00707	0.00225	0.00321	0.01574	0.00514	0.00450

[dist]
# distance from previous block
# <min> <max>
1	2

[block]
# block no. 2 follows, 43 sequences, length 35
# corresponding to MSA columns:
# 60-94
name=unknown_C
#
# <colnr> <probs for GDERKNQSTAVLIFYWHMCP>
#	G	D	E	R	K	N	Q	S	T	A	V	L	I	F	Y	W	H	M	C	P
0	0.02069	0.02640	0.01569	0.01427	0.01712	0.78313	0.01070	0.02212	0.01569	0.01355	0.00856	0.00999	0.00713	0.00571	0.00499	0.00143	0.00999	0.00357	0.00285	0.00642
1	0.01356	0.01301	0.02222	0.06730	0.73862	0.01312	0.01693	0.01687	0.01254	0.01792	0.01039	0.01375	0.00871	0.00496	0.00549	0.00165	0.00661	0.00493	0.00273	0.00866
2	0.01645	0.01130	0.01260	0.01093	0.01434	0.01241	0.00861	0.02884	0.58065	0.20491	0.02237	0.02022	0.01613	0.00735	0.00562	0.00184	0.00446	0.00609	0.00593	0.00893
3	0.01046	0.00984	0.01661	0.79205	0.03814	0.01230	0.01538	0.01415	0.01107	0.01415	0.00984	0.01477	0.00738	0.00554	0.00554	0.00185	0.00738	0.00492	0.00246	0.00615
4	0.02069	0.02640	0.01569	0.01427	0.01712	0.78313	0.01070	0.02212	0.01569	0.01355	0.00856	0.00999	0.00713	0.00571	0.00499	0.00143	0.00999	0.00357	0.00285	0.00642
5	0.01132	0.00923	0.01089	0.00829	0.01249	0.00723	0.00649	0.03363	0.01185	0.03413	0.01333	0.13142	0.01266	0.00624	0.00462	0.00108	0.00403	0.00527	0.00370	0.67212
6	0.00780	0.00563	0.00737	0.00699	0.00827	0.00520	0.00522	0.01037	0.01552	0.02196	0.74489	0.06509	0.05177	0.01151	0.00655	0.00176	0.00263	0.01019	0.00607	0.00520
7	0.00816	0.00629	0.00708	0.00750	0.00791	0.04412	0.00492	0.00888	0.00954	0.01250	0.02170	0.32947	0.02499	0.35237	0.12537	0.00446	0.00610	0.01051	0.00397	0.00418
8	0.00771	0.00559	0.00726	0.00698	0.00823	0.00515	0.00518	0.01015	0.01517	0.02132	0.68521	0.10168	0.07578	0.01189	0.00657	0.00179	0.00267	0.01052	0.00599	0.00515
9	0.01255	0.29752	0.44104	0.01398	0.02046	0.01625	0.05857	0.01703	0.01148	0.01580	0.00912	0.01093	0.00714	0.00524	0.00531	0.00159	0.04205	0.00388	0.00238	0.00768
10	0.01752	0.02094	0.09602	0.02022	0.24995	0.36699	0.01354	0.08513	0.03077	0.03284	0.01025	0.01200	0.00817	0.00557	0.00525	0.00156	0.00818	0.00426	0.00314	0.00770
11	0.00681	0.00485	0.00641	0.00763	0.00794	0.00454	0.00506	0.00773	0.01048	0.01397	0.02990	0.76496	0.03584	0.05522	0.00808	0.00240	0.00332	0.01537	0.00506	0.00444
12	0.01161	0.00928	0.01112	0.02933	0.01326	0.00738	0.00676	0.02932	0.01185	0.05046	0.01316	0.11589	0.01218	0.00606	0.00462	0.00109	0.00414	0.00510	0.00371	0.65367
13	0.01998	0.00835	0.01129	0.00903	0.01246	0.00731	0.00731	0.02226	0.01580	0.55930	0.23536	0.02530	0.02474	0.00813	0.00584	0.00172	0.00411	0.00684	0.00664	0.00822
14	0.01111	0.02865	0.77667	0.01579	0.02397	0.01286	0.02046	0.01754	0.01169	0.01754	0.00994	0.01169	0.00702	0.00526	0.00526	0.00175	0.00818	0.00409	0.00234	0.00818
15	0.00802	0.00551	0.00675	0.00675	0.00700	0.00576	0.00424	0.00851	0.00826	0.01126	0.01680	0.03264	0.01857	0.61563	0.21579	0.00625	0.00772	0.00753	0.00326	0.00375
16	0.00668	0.00562	0.00580	0.00575	0.00756	0.00473	0.00431	0.00821	0.01294	0.01572	0.13013	0.05206	0.69407	0.01375	0.00654	0.00186	0.00279	0.01151	0.00524	0.00473
17	0.00828	0.00727	0.01278	0.01149	0.01309	0.00680	0.18545	0.01014	0.01120	0.01501	0.02585	0.61146	0.02980	0.01428	0.00694	0.00216	0.00469	0.01352	0.00458	0.00522
18	0.01378	0.01190	0.01252	0.01127	0.01440	0.01378	0.00877	0.02943	0.76081	0.02317	0.02254	0.02066	0.01691	0.00751	0.00564	0.00188	0.00438	0.00626	0.00564	0.00877
19	0.01378	0.01190	0.01252	0.01127	0.01440	0.01378	0.00877	0.02943	0.76081	0.02317	0.02254	0.02066	0.01691	0.00751	0.00564	0.00188	0.00438	0.00626	0.00564	0.00877
20	0.01481	0.80869	0.02902	0.00948	0.01421	0.02191	0.00948	0.01658	0.01125	0.01303	0.00770	0.00888	0.00711	0.00474	0.00355	0.00118	0.00592	0.00296	0.00237	0.00711
21	0.02239	0.01182	0.01414	0.01087	0.01516	0.01173	0.00896	0.32427	0.01983	0.42820	0.01909	0.01745	0.03509	0.00692	0.00555	0.00167	0.00521	0.00546	0.00617	0.03002
22	0.01046	0.00984	0.01661	0.79205	0.03814	0.01230	0.01538	0.01415	0.01107	0.01415	0.00984	0.01477	0.00738	0.00554	0.00554	0.00185	0.00738	0.00492	0.00246	0.00615
23	0.00674	0.00487	0.00638	0.00759	0.00800	0.00451	0.00509	0.00773	0.01072	0.01419	0.03201	0.75841	0.07901	0.01716	0.00704	0.00223	0.00319	0.01551	0.00514	0.00451
24	0.01046	0.00984	0.01661	0.79205	0.03814	0.01230	0.01538	0.01415	0.01107	0.01415	0.00984	0.01477	0.00738	0.00554	0.00554	0.00185	0.00738	0.00492	0.00246	0.00615
25	0.01995	0.01492	0.01662	0.09379	0.01936	0.01667	0.01103	0.67558	0.02448	0.03275	0.01294	0.01345	0.00921	0.00653	0.00554	0.00168	0.00623	0.00498	0.00522	0.00908
26	0.09720	0.00993	0.01573	0.71044	0.03529	0.01232	0.01441	0.01437	0.01090	0.01526	0.00962	0.01417	0.00724	0.00550	0.00532	0.00183	0.00706	0.00472	0.00256	0.00614
27	0.00847	0.00580	0.00673	0.00668	0.00700	0.00587	0.00410	0.04089	0.00941	0.01265	0.04443	0.11431	0.02218	0.62310	0.06161	0.00493	0.00555	0.00868	0.00371	0.00388
28	0.01148	0.00984	0.01148	0.00820	0.01312	0.00738	0.00656	0.01395	0.01148	0.01805	0.00984	0.01148	0.00820	0.00410	0.00410	0.00082	0.00410	0.00328	0.00328	0.83922
29	0.09948	0.01434	0.02922	0.02116	0.02621	0.01401	0.63049	0.01733	0.01243	0.01822	0.01061	0.01416	0.00809	0.00501	0.00689	0.00188	0.05432	0.00607	0.00284	0.00723
30	0.01130	0.06826	0.73870	0.01546	0.02347	0.01332	0.01990	0.01749	0.01167	0.01731	0.00983	0.01155	0.00702	0.00524	0.00518	0.00173	0.00807	0.00404	0.00234	0.00813
31	0.01229	0.01369	0.02944	0.02142	0.02637	0.01283	0.65877	0.01650	0.01277	0.01730	0.01359	0.11195	0.01188	0.00623	0.00660	0.00191	0.00858	0.00767	0.00309	0.00710
32	0.01486	0.01072	0.01240	0.01049	0.01314	0.01178	0.00827	0.38736	0.01785	0.04048	0.01595	0.09325	0.01437	0.09403	0.22449	0.00409	0.00815	0.00658	0.00460	0.00712
33	0.00828	0.00597	0.00753	0.00820	0.00899	0.00585	0.00570	0.08528	0.01244	0.01666	0.06202	0.68542	0.03451	0.01597	0.00689	0.00217	0.00349	0.01437	0.00523	0.00504
34	0.00792	0.00531	0.00608	0.00621	0.00625	0.00528	0.00354	0.00802	0.00832	0.01109	0.01881	0.11585	0.02185	0.72341	0.02599	0.00504	0.00515	0.00885	0.00354	0.00347

[dist]
# distance from previous block
# <min> <max>
0	2

[block]
# block no. 3 follows, 43 sequences, length 47
# corresponding to MSA columns:
# 97-143
name=unknown_D
#
# <colnr> <probs for GDERKNQSTAVLIFYWHMCP>
#	G	D	E	R	K	N	Q	S	T	A	V	L	I	F	Y	W	H	M	C	P
0	0.10052	0.00571	0.00754	0.00736	0.00784	0.00594	0.00508	0.02630	0.00791	0.01189	0.00950	0.01590	0.00922	0.01740	0.01928	0.72766	0.00478	0.00462	0.00259	0.00297
1	0.00805	0.00537	0.00604	0.00604	0.00604	0.00537	0.00336	0.00805	0.00805	0.01074	0.01745	0.03624	0.02013	0.80536	0.02819	0.00537	0.00537	0.00805	0.00336	0.00336
2	0.01046	0.00984	0.01661	0.79205	0.03814	0.01230	0.01538	0.01415	0.01107	0.01415	0.00984	0.01477	0.00738	0.00554	0.00554	0.00185	0.00738	0.00492	0.00246	0.00615
3	0.01104	0.02661	0.69416	0.10005	0.02551	0.01280	0.01991	0.01717	0.01163	0.01717	0.00993	0.01203	0.00706	0.00529	0.00529	0.00176	0.00810	0.00418	0.00235	0.00796
4	0.01148	0.00984	0.01148	0.00820	0.01312	0.00738	0.00656	0.01395	0.01148	0.01805	0.00984	0.01148	0.00820	0.00410	0.00410	0.00082	0.00410	0.00328	0.00328	0.83922
5	0.00791	0.00593	0.00890	0.00890	0.00989	0.00692	0.00692	0.00989	0.00890	0.01286	0.01483	0.02176	0.01385	0.04154	0.78341	0.00890	0.01483	0.00593	0.00297	0.00494
6	0.02485	0.00943	0.01285	0.00985	0.01414	0.00814	0.00814	0.02699	0.01585	0.77465	0.02185	0.01885	0.01371	0.00685	0.00557	0.00171	0.00471	0.00557	0.00685	0.00943
7	0.01332	0.01113	0.01195	0.01083	0.01362	0.01280	0.00834	0.02702	0.67901	0.02170	0.02114	0.02025	0.01612	0.00879	0.00737	0.09273	0.00443	0.00610	0.00528	0.00808
8	0.00849	0.00580	0.00738	0.00699	0.00846	0.00525	0.00523	0.01079	0.01491	0.06068	0.57770	0.09519	0.14849	0.01188	0.00652	0.00179	0.00279	0.01041	0.00594	0.00532
9	0.00760	0.00563	0.00709	0.00678	0.00814	0.00512	0.00506	0.00997	0.01503	0.02080	0.63163	0.06777	0.16495	0.01194	0.00655	0.00178	0.00266	0.01046	0.00592	0.00512
10	0.00679	0.00484	0.00641	0.00766	0.00797	0.00452	0.00509	0.00772	0.01053	0.01404	0.03013	0.77883	0.03614	0.04094	0.00770	0.00234	0.00328	0.01551	0.00509	0.00446
11	0.00784	0.00566	0.00740	0.00697	0.00827	0.00523	0.00523	0.01045	0.01568	0.02221	0.76789	0.04137	0.05226	0.01132	0.00653	0.00174	0.00261	0.01002	0.00610	0.00523
12	0.01539	0.01270	0.01343	0.01160	0.01502	0.01453	0.00916	0.18935	0.59827	0.02576	0.02050	0.01903	0.01525	0.00732	0.00561	0.00183	0.00476	0.00598	0.00561	0.00891
13	0.01032	0.00516	0.00516	0.00516	0.00645	0.00516	0.00387	0.01290	0.01161	0.02065	0.01807	0.02065	0.01420	0.00645	0.00387	0.00129	0.00258	0.00516	0.83611	0.00516
14	0.01169	0.15231	0.65814	0.01479	0.02242	0.01430	0.01872	0.01739	0.01162	0.01682	0.00958	0.01125	0.00703	0.00518	0.00499	0.00166	0.00783	0.00391	0.00234	0.00801
15	0.01481	0.80869	0.02902	0.00948	0.01421	0.02191	0.00948	0.01658	0.01125	0.01303	0.00770	0.00888	0.00711	0.00474	0.00355	0.00118	0.00592	0.00296	0.00237	0.00711
16	0.00675	0.00482	0.00643	0.00771	0.00803	0.00450	0.00514	0.00771	0.01060	0.01414	0.03053	0.80175	0.03663	0.01735	0.00707	0.00225	0.00321	0.01574	0.00514	0.00450
17	0.01481	0.80869	0.02902	0.00948	0.01421	0.02191	0.00948	0.01658	0.01125	0.01303	0.00770	0.00888	0.00711	0.00474	0.00355	0.00118	0.00592	0.00296	0.00237	0.00711
18	0.01111	0.02865	0.77667	0.01579	0.02397	0.01286	0.02046	0.01754	0.01169	0.01754	0.00994	0.01169	0.00702	0.00526	0.00526	0.00175	0.00818	0.00409	0.00234	0.00818
19	0.00804	0.00543	0.00635	0.00635	0.00646	0.00554	0.00374	0.00825	0.00815	0.01097	0.01717	0.03467	0.01945	0.72245	0.11017	0.00575	0.00640	0.00782	0.00331	0.00353
20	0.01362	0.01307	0.02232	0.05410	0.75138	0.01314	0.01695	0.01692	0.01257	0.01799	0.01040	0.01374	0.00874	0.00495	0.00548	0.00165	0.00660	0.00493	0.00273	0.00870
21	0.01585	0.01567	0.01351	0.01209	0.01521	0.20475	0.00933	0.06375	0.53929	0.02137	0.01861	0.01765	0.01411	0.00702	0.00547	0.00176	0.00586	0.00553	0.00494	0.00822
22	0.00657	0.00552	0.00570	0.00584	0.00754	0.00466	0.00431	0.00792	0.01240	0.01487	0.05333	0.13454	0.68912	0.01439	0.00660	0.00191	0.00285	0.01213	0.00514	0.00466
23	0.00674	0.00485	0.00640	0.00764	0.00802	0.00450	0.00511	0.00772	0.01067	0.01416	0.03135	0.77767	0.06018	0.01724	0.00705	0.00224	0.00320	0.01561	0.00514	0.00450
24	0.01371	0.01316	0.02248	0.03399	0.77081	0.01316	0.01700	0.01700	0.01261	0.01809	0.01042	0.01371	0.00877	0.00493	0.00548	0.00164	0.00658	0.00493	0.00274	0.00877
25	0.01148	0.00984	0.01148	0.00820	0.01312	0.00738	0.00656	0.01395	0.01148	0.01805	0.00984	0.01148	0.00820	0.00410	0.00410	0.00082	0.00410	0.00328	0.00328	0.83922
26	0.01046	0.00984	0.01661	0.79205	0.03814	0.01230	0.01538	0.01415	0.01107	0.01415	0.00984	0.01477	0.00738	0.00554	0.00554	0.00185	0.00738	0.00492	0.00246	0.00615
27	0.00680	0.00486	0.00648	0.00767	0.00804	0.00453	0.00515	0.00785	0.01086	0.01454	0.06738	0.76374	0.03741	0.01705	0.00704	0.00222	0.00318	0.01546	0.00519	0.00453
28	0.01371	0.01316	0.02248	0.03399	0.77081	0.01316	0.01700	0.01700	0.01261	0.01809	0.01042	0.01371	0.00877	0.00493	0.00548	0.00164	0.00658	0.00493	0.00274	0.00877
29	0.00751	0.00559	0.00709	0.00810	0.00872	0.00551	0.00553	0.01007	0.09204	0.01512	0.02966	0.71696	0.03449	0.01628	0.00691	0.00221	0.00334	0.01472	0.00519	0.00496
30	0.00661	0.00563	0.00570	0.00573	0.00759	0.00472	0.00433	0.00804	0.01263	0.01500	0.05539	0.05354	0.74902	0.01406	0.00657	0.00189	0.00287	0.03084	0.00514	0.00469
31	0.00852	0.00593	0.00770	0.00716	0.00860	0.00552	0.00540	0.01142	0.03287	0.04650	0.72665	0.04017	0.05020	0.01109	0.00648	0.00174	0.00272	0.00979	0.00611	0.00544
32	0.01307	0.01494	0.03268	0.02334	0.02894	0.01401	0.75070	0.01774	0.01307	0.01774	0.01120	0.01494	0.00840	0.00467	0.00654	0.00187	0.00934	0.00654	0.00280	0.00747
33	0.02114	0.02455	0.01539	0.01379	0.01680	0.69901	0.01042	0.02264	0.01571	0.09617	0.01000	0.01095	0.00785	0.00583	0.00506	0.00146	0.00941	0.00378	0.00329	0.00675
34	0.01417	0.67446	0.15768	0.01056	0.01589	0.02036	0.01137	0.01675	0.01133	0.01381	0.00808	0.00937	0.00709	0.00483	0.00385	0.00128	0.00631	0.00316	0.00236	0.00729
35	0.01163	0.13841	0.67146	0.01490	0.02260	0.01414	0.01892	0.01740	0.01163	0.01690	0.00962	0.01130	0.00703	0.00519	0.00502	0.00167	0.00787	0.00393	0.00234	0.00803
36	0.01087	0.01032	0.01706	0.65446	0.08700	0.01287	0.01514	0.01426	0.01090	0.01434	0.00960	0.01440	0.00747	0.00595	0.00691	0.00189	0.09284	0.00491	0.00248	0.00633
37	0.01111	0.02865	0.77667	0.01579	0.02397	0.01286	0.02046	0.01754	0.01169	0.01754	0.00994	0.01169	0.00702	0.00526	0.00526	0.00175	0.00818	0.00409	0.00234	0.00818
38	0.00957	0.00484	0.00726	0.00726	0.00729	0.00487	0.00487	0.00729	0.00726	0.00971	0.00976	0.01697	0.00973	0.01983	0.04185	0.81685	0.00508	0.00484	0.00242	0.00247
39	0.00812	0.00536	0.00602	0.00602	0.00605	0.00536	0.00337	0.00819	0.00815	0.01101	0.01747	0.03582	0.01997	0.78366	0.02753	0.00526	0.00529	0.00798	0.02598	0.00340
40	0.00658	0.00561	0.00566	0.00565	0.00750	0.00469	0.00424	0.00802	0.01271	0.01518	0.07732	0.05294	0.74721	0.01395	0.00655	0.00187	0.00280	0.01164	0.00517	0.00469
41	0.00774	0.00566	0.00727	0.00687	0.00822	0.00519	0.00515	0.01027	0.01545	0.02167	0.71533	0.04225	0.10515	0.01152	0.00653	0.00175	0.00263	0.01014	0.00603	0.00519
42	0.00805	0.00539	0.00614	0.00614	0.00617	0.00542	0.00348	0.00812	0.00808	0.01081	0.01736	0.03575	0.01992	0.77960	0.05366	0.00549	0.00569	0.00798	0.00334	0.00341
43	0.00784	0.00566	0.00740	0.00697	0.00827	0.00523	0.00523	0.01045	0.01568	0.02221	0.76789	0.04137	0.05226	0.01132	0.00653	0.00174	0.00261	0.01002	0.00610	0.00523
44	0.02077	0.01581	0.01630	0.01263	0.01691	0.05517	0.01037	0.69789	0.02517	0.03349	0.01318	0.01331	0.00942	0.00660	0.00547	0.00164	0.00620	0.00492	0.02558	0.00917
45	0.01311	0.01255	0.02140	0.17332	0.63616	0.01300	0.01670	0.01647	0.01233	0.01737	0.01031	0.01390	0.00852	0.00505	0.00549	0.00168	0.00673	0.00493	0.00269	0.00829
46	0.02485	0.00943	0.01285	0.00985	0.01414	0.00814	0.00814	0.02699	0.01585	0.77465	0.02185	0.01885	0.01371	0.00685	0.00557	0.00171	0.00471	0.00557	0.00685	0.00943

[dist]
# distance from previous block
# <min> <max>
1	3

[block]
# block no. 4 follows, 43 sequences, length 25
# corresponding to MSA columns:
# 147-171
name=unknown_E
#
# <colnr> <probs for GDERKNQSTAVLIFYWHMCP>
#	G	D	E	R	K	N	Q	S	T	A	V	L	I	F	Y	W	H	M	C	P
0	0.02000	0.02496	0.01538	0.01397	0.01685	0.70672	0.01051	0.02284	0.08970	0.01451	0.00995	0.01105	0.00810	0.00589	0.00506	0.00147	0.00943	0.00383	0.00313	0.00665
1	0.01465	0.77631	0.06006	0.00974	0.01462	0.02154	0.00993	0.01662	0.01127	0.01322	0.00779	0.00900	0.00710	0.00476	0.00362	0.00121	0.00602	0.00301	0.00237	0.00715
2	0.01404	0.01638	0.02892	0.02127	0.02622	0.13706	0.60256	0.01805	0.01340	0.01693	0.01154	0.04515	0.00931	0.00533	0.00631	0.00181	0.00920	0.00642	0.00290	0.00718
3	0.02360	0.00991	0.01297	0.01011	0.01429	0.00906	0.00830	0.05632	0.09025	0.67035	0.02158	0.01881	0.01385	0.00691	0.00557	0.00173	0.00474	0.00561	0.00668	0.00936
4	0.01421	0.01213	0.01212	0.01082	0.01376	0.06928	0.00840	0.05757	0.54383	0.04660	0.09492	0.02155	0.01915	0.00765	0.00559	0.00179	0.00463	0.00631	0.04153	0.00813
5	0.01371	0.01316	0.02248	0.03399	0.77081	0.01316	0.01700	0.01700	0.01261	0.01809	0.01042	0.01371	0.00877	0.00493	0.00548	0.00164	0.00658	0.00493	0.00274	0.00877
6	0.01061	0.00809	0.01046	0.01064	0.01236	0.02598	0.03208	0.11179	0.01427	0.01862	0.02629	0.17720	0.02830	0.01391	0.00717	0.00233	0.00517	0.47400	0.00504	0.00569
7	0.02284	0.00967	0.01270	0.00986	0.01388	0.00876	0.00810	0.09744	0.01685	0.62880	0.09276	0.02047	0.01699	0.00726	0.00566	0.00171	0.00465	0.00594	0.00665	0.00902
8	0.01418	0.01374	0.02206	0.03266	0.72121	0.04361	0.01658	0.03662	0.01309	0.01836	0.01042	0.01355	0.00873	0.00501	0.00547	0.00164	0.00670	0.00488	0.00282	0.00870
9	0.01312	0.01256	0.02142	0.17110	0.63830	0.01300	0.01670	0.01648	0.01233	0.01738	0.01031	0.01390	0.00852	0.00504	0.00549	0.00168	0.00672	0.00493	0.00269	0.00830
10	0.00776	0.00566	0.00729	0.00688	0.00822	0.00519	0.00516	0.01029	0.01548	0.02175	0.72304	0.04212	0.09739	0.01149	0.00653	0.00175	0.00262	0.01012	0.00604	0.00519
11	0.00793	0.00586	0.00854	0.00854	0.00941	0.00673	0.00648	0.00966	0.00879	0.01259	0.01516	0.02357	0.01463	0.13702	0.68901	0.00846	0.01365	0.00620	0.00302	0.00475
12	0.02397	0.01042	0.01342	0.01033	0.01461	0.00967	0.00852	0.13753	0.03762	0.64159	0.02057	0.01805	0.01314	0.00684	0.00557	0.00171	0.00491	0.00550	0.00662	0.00941
13	0.01238	0.01180	0.02008	0.34374	0.47144	0.01281	0.01634	0.01583	0.01198	0.01648	0.01018	0.01414	0.00820	0.00518	0.00551	0.00173	0.00691	0.00493	0.00263	0.00770
14	0.00676	0.00494	0.00636	0.00744	0.00798	0.00454	0.00503	0.00783	0.01101	0.01451	0.05841	0.68702	0.12430	0.01675	0.00699	0.00219	0.00314	0.01507	0.00517	0.00454
15	0.01111	0.02865	0.77667	0.01579	0.02397	0.01286	0.02046	0.01754	0.01169	0.01754	0.00994	0.01169	0.00702	0.00526	0.00526	0.00175	0.00818	0.00409	0.00234	0.00818
16	0.01126	0.00762	0.00935	0.00819	0.01024	0.00752	0.00635	0.12250	0.04359	0.07942	0.57464	0.03481	0.04181	0.01017	0.00628	0.00173	0.00335	0.00881	0.00605	0.00628
17	0.01421	0.68197	0.15049	0.01050	0.01580	0.02044	0.01126	0.01674	0.01132	0.01376	0.00806	0.00934	0.00709	0.00482	0.00383	0.00128	0.00629	0.00315	0.00236	0.00728
18	0.00805	0.00537	0.00604	0.00604	0.00604	0.00537	0.00336	0.00805	0.00805	0.01074	0.01745	0.03624	0.02013	0.80536	0.02819	0.00537	0.00537	0.00805	0.00336	0.00336
19	0.02094	0.01888	0.01633	0.01321	0.01716	0.25391	0.01058	0.52665	0.02284	0.02831	0.01183	0.01227	0.00871	0.00636	0.00537	0.00159	0.00730	0.00455	0.00471	0.00849
20	0.01946	0.01472	0.01572	0.01242	0.01657	0.01643	0.01014	0.59380	0.18718	0.03233	0.01532	0.01491	0.01106	0.00684	0.00556	0.00171	0.00572	0.00527	0.00556	0.00928
21	0.01354	0.01299	0.02218	0.07239	0.73370	0.01312	0.01692	0.01685	0.01253	0.01789	0.01039	0.01376	0.00870	0.00497	0.00549	0.00166	0.00662	0.00493	0.00273	0.00864
22	0.01351	0.01296	0.02212	0.07998	0.72637	0.01311	0.01690	0.01682	0.01252	0.01785	0.01038	0.01377	0.00869	0.00497	0.00549	0.00166	0.00663	0.00493	0.00272	0.00861
23	0.01046	0.00984	0.01661	0.79205	0.03814	0.01230	0.01538	0.01415	0.01107	0.01415	0.00984	0.01477	0.00738	0.00554	0.00554	0.00185	0.00738	0.00492	0.00246	0.00615
24	0.01111	0.02865	0.77667	0.01579	0.02397	0.01286	0.02046	0.01754	0.01169	0.01754	0.00994	0.01169	0.00702	0.00526	0.00526	0.00175	0.00818	0.00409	0.00234	0.00818

[dist]
# distance from previous block
# <min> <max>
0	20

[block]
# block no. 5 follows, 43 sequences, length 10
# corresponding to MSA columns:
# 192-201
name=unknown_F
#
# <colnr> <probs for GDERKNQSTAVLIFYWHMCP>
#	G	D	E	R	K	N	Q	S	T	A	V	L	I	F	Y	W	H	M	C	P
0	0.01014	0.00941	0.01573	0.72447	0.03555	0.01163	0.01450	0.01360	0.01103	0.01415	0.01163	0.08257	0.00990	0.00655	0.00567	0.00188	0.00702	0.00585	0.00269	0.00601
1	0.01032	0.00516	0.00516	0.00516	0.00645	0.00516	0.00387	0.01290	0.01161	0.02065	0.01807	0.02065	0.01420	0.00645	0.00387	0.00129	0.00258	0.00516	0.83611	0.00516
2	0.01032	0.00516	0.00516	0.00516	0.00645	0.00516	0.00387	0.01290	0.01161	0.02065	0.01807	0.02065	0.01420	0.00645	0.00387	0.00129	0.00258	0.00516	0.83611	0.00516
3	0.01371	0.01316	0.02248	0.03399	0.77081	0.01316	0.01700	0.01700	0.01261	0.01809	0.01042	0.01371	0.00877	0.00493	0.00548	0.00164	0.00658	0.00493	0.00274	0.00877
4	0.00740	0.00522	0.00678	0.00736	0.00776	0.00521	0.00491	0.00835	0.00988	0.01342	0.07089	0.39427	0.02890	0.25766	0.14196	0.00426	0.00575	0.01145	0.00431	0.00428
5	0.01481	0.80869	0.02902	0.00948	0.01421	0.02191	0.00948	0.01658	0.01125	0.01303	0.00770	0.00888	0.00711	0.00474	0.00355	0.00118	0.00592	0.00296	0.00237	0.00711
6	0.00722	0.00540	0.00665	0.00735	0.00831	0.00497	0.00537	0.00862	0.01171	0.01511	0.09103	0.35671	0.24219	0.07382	0.00854	0.00238	0.00352	0.13138	0.00507	0.00462
7	0.01103	0.01068	0.01412	0.01266	0.01297	0.04519	0.01023	0.01233	0.00916	0.01339	0.01194	0.13168	0.01265	0.01547	0.13108	0.00333	0.52689	0.00659	0.00293	0.00567
8	0.56142	0.00991	0.00862	0.00756	0.01050	0.01109	0.00598	0.07239	0.01103	0.06997	0.01102	0.01456	0.00926	0.12196	0.00735	0.00222	0.00451	0.00417	0.05042	0.00604
9	0.06696	0.01048	0.01167	0.00872	0.01331	0.03508	0.00700	0.01697	0.03830	0.13730	0.01199	0.01275	0.00919	0.00477	0.00437	0.00108	0.00442	0.00374	0.00392	0.59798

[dist]
# distance from previous block
# <min> <max>
0	2

[block]
# block no. 6 follows, 43 sequences, length 83
# corresponding to MSA columns:
# 204-286
name=unknown_G
#
# <colnr> <probs for GDERKNQSTAVLIFYWHMCP>
#	G	D	E	R	K	N	Q	S	T	A	V	L	I	F	Y	W	H	M	C	P
0	0.01872	0.04402	0.12323	0.01384	0.01782	0.40755	0.01194	0.20290	0.05239	0.01985	0.01053	0.01158	0.00815	0.00604	0.00551	0.00157	0.02912	0.00414	0.00356	0.00753
1	0.00837	0.00567	0.00649	0.00633	0.00662	0.00566	0.00378	0.02801	0.00949	0.01282	0.11201	0.03628	0.02390	0.68410	0.02486	0.00481	0.00504	0.00822	0.00376	0.00375
2	0.00962	0.00481	0.00722	0.00722	0.00722	0.00481	0.00481	0.00722	0.00722	0.00962	0.00962	0.01684	0.00962	0.01924	0.02165	0.83886	0.00481	0.00481	0.00241	0.00241
3	0.01233	0.24207	0.55563	0.01399	0.02115	0.01543	0.01724	0.03295	0.01188	0.01667	0.00940	0.01096	0.00709	0.00515	0.00480	0.00160	0.00752	0.00380	0.00242	0.00792
4	0.01450	0.74295	0.09203	0.01001	0.01504	0.02115	0.01040	0.01666	0.01129	0.01341	0.00789	0.00912	0.00710	0.00478	0.00370	0.00123	0.00611	0.00306	0.00237	0.00720
5	0.00706	0.00506	0.00632	0.00719	0.00764	0.00475	0.00476	0.00790	0.01033	0.01357	0.03048	0.54129	0.11154	0.18349	0.01149	0.00288	0.00367	0.03153	0.00476	0.00429
6	0.01212	0.24154	0.57261	0.01406	0.02131	0.01533	0.01746	0.01728	0.01157	0.01631	0.00933	0.01093	0.00704	0.00512	0.00480	0.00160	0.00757	0.00378	0.00235	0.00789
7	0.01847	0.01218	0.01375	0.01118	0.01470	0.01296	0.00896	0.44915	0.05377	0.15321	0.01861	0.17395	0.01597	0.00888	0.00586	0.00180	0.00521	0.00731	0.00568	0.00840
8	0.01348	0.01293	0.02207	0.08664	0.71993	0.01310	0.01688	0.01680	0.01250	0.01782	0.01038	0.01378	0.00868	0.00498	0.00549	0.00166	0.00664	0.00493	0.00272	0.00859
9	0.00705	0.00574	0.00631	0.00649	0.00821	0.00500	0.00508	0.00874	0.01289	0.01580	0.10776	0.05390	0.58858	0.01403	0.00673	0.00197	0.00317	0.13255	0.00521	0.00479
10	0.00892	0.00670	0.00853	0.00876	0.01028	0.00670	0.00711	0.01301	0.10632	0.01944	0.31843	0.06694	0.07861	0.01276	0.00689	0.00211	0.00387	0.30352	0.00556	0.00556
11	0.01173	0.15940	0.65135	0.01473	0.02234	0.01438	0.01862	0.01738	0.01162	0.01678	0.00956	0.01122	0.00703	0.00517	0.00498	0.00166	0.00781	0.00390	0.00234	0.00800
12	0.01394	0.00865	0.00903	0.00772	0.01007	0.00921	0.00612	0.26226	0.01648	0.02546	0.01646	0.01817	0.01258	0.00652	0.00443	0.00142	0.00377	0.00510	0.55602	0.00660
13	0.00658	0.00561	0.00566	0.00564	0.00750	0.00469	0.00423	0.00801	0.01270	0.01514	0.07394	0.05300	0.75062	0.01396	0.00655	0.00187	0.00280	0.01165	0.00517	0.00469
14	0.01056	0.00995	0.01680	0.76779	0.06159	0.01233	0.01543	0.01424	0.01112	0.01428	0.00986	0.01473	0.00743	0.00552	0.00554	0.00184	0.00736	0.00492	0.00247	0.00624
15	0.01961	0.02467	0.01512	0.01382	0.01651	0.71771	0.01038	0.02108	0.01512	0.01350	0.00909	0.01098	0.00770	0.00873	0.07060	0.00206	0.01040	0.00377	0.00286	0.00630
16	0.01378	0.01190	0.01252	0.01127	0.01440	0.01378	0.00877	0.02943	0.76081	0.02317	0.02254	0.02066	0.01691	0.00751	0.00564	0.00188	0.00438	0.00626	0.00564	0.00877
17	0.00675	0.00482	0.00643	0.00771	0.00803	0.00450	0.00514	0.00771	0.01060	0.01414	0.03053	0.80175	0.03663	0.01735	0.00707	0.00225	0.00321	0.01574	0.00514	0.00450
18	0.01481	0.80869	0.02902	0.00948	0.01421	0.02191	0.00948	0.01658	0.01125	0.01303	0.00770	0.00888	0.00711	0.00474	0.00355	0.00118	0.00592	0.00296	0.00237	0.00711
19	0.01072	0.01011	0.01709	0.73032	0.09781	0.01237	0.01551	0.01438	0.01120	0.01447	0.00989	0.01468	0.00750	0.00549	0.00553	0.00183	0.00732	0.00492	0.00248	0.00637
20	0.01046	0.00984	0.01661	0.79205	0.03814	0.01230	0.01538	0.01415	0.01107	0.01415	0.00984	0.01477	0.00738	0.00554	0.00554	0.00185	0.00738	0.00492	0.00246	0.00615
21	0.00898	0.00596	0.00752	0.00696	0.00860	0.00536	0.00528	0.01134	0.01514	0.08163	0.57978	0.04170	0.17787	0.01145	0.00646	0.00176	0.00282	0.00996	0.00599	0.00547
22	0.01235	0.01372	0.02908	0.02123	0.02598	0.01315	0.63303	0.01645	0.01257	0.01713	0.01304	0.09806	0.01133	0.00627	0.00720	0.00194	0.04994	0.00742	0.00303	0.00708
23	0.00804	0.00542	0.00628	0.00628	0.00636	0.00550	0.00366	0.00821	0.00813	0.01092	0.01723	0.03502	0.01960	0.74099	0.09184	0.00567	0.00617	0.00788	0.00332	0.00349
24	0.00792	0.00592	0.00882	0.00882	0.00978	0.00688	0.00682	0.00984	0.00888	0.01280	0.01491	0.02216	0.01402	0.06264	0.76255	0.00880	0.01457	0.00599	0.00298	0.00490
25	0.01111	0.02865	0.77667	0.01579	0.02397	0.01286	0.02046	0.01754	0.01169	0.01754	0.00994	0.01169	0.00702	0.00526	0.00526	0.00175	0.00818	0.00409	0.00234	0.00818
26	0.01286	0.39858	0.42210	0.01279	0.01934	0.01716	0.01525	0.01709	0.01148	0.01540	0.00888	0.01036	0.00706	0.00501	0.00445	0.00148	0.00711	0.00356	0.00235	0.00767
27	0.01111	0.02865	0.77667	0.01579	0.02397	0.01286	0.02046	0.01754	0.01169	0.01754	0.00994	0.01169	0.00702	0.00526	0.00526	0.00175	0.00818	0.00409	0.00234	0.00818
28	0.00747	0.00676	0.00637	0.00624	0.00810	0.04747	0.00468	0.00901	0.01314	0.01572	0.13514	0.04955	0.64461	0.01326	0.00646	0.00183	0.00318	0.01105	0.00513	0.00483
29	0.01046	0.00984	0.01661	0.79205	0.03814	0.01230	0.01538	0.01415	0.01107	0.01415	0.00984	0.01477	0.00738	0.00554	0.00554	0.00185	0.00738	0.00492	0.00246	0.00615
30	0.01325	0.01269	0.02165	0.14064	0.66774	0.01304	0.01677	0.01660	0.01239	0.01754	0.01034	0.01386	0.00858	0.00502	0.00549	0.00167	0.00669	0.00493	0.00270	0.00840
31	0.00680	0.00486	0.00649	0.00778	0.00812	0.00455	0.00524	0.00781	0.01066	0.01420	0.03049	0.78285	0.03651	0.01730	0.00708	0.00226	0.00326	0.03409	0.00514	0.00451
32	0.02049	0.01523	0.01630	0.01263	0.01696	0.01691	0.01039	0.69592	0.08339	0.03399	0.01402	0.01387	0.01000	0.00672	0.00555	0.00168	0.00596	0.00509	0.00555	0.00937
33	0.01111	0.02865	0.77667	0.01579	0.02397	0.01286	0.02046	0.01754	0.01169	0.01754	0.00994	0.01169	0.00702	0.00526	0.00526	0.00175	0.00818	0.00409	0.00234	0.00818
34	0.01354	0.01563	0.03052	0.02215	0.02737	0.07857	0.66774	0.01783	0.01322	0.01729	0.01152	0.03626	0.00908	0.00511	0.00642	0.00184	0.00922	0.00654	0.00287	0.00730
35	0.01046	0.00984	0.01661	0.79205	0.03814	0.01230	0.01538	0.01415	0.01107	0.01415	0.00984	0.01477	0.00738	0.00554	0.00554	0.00185	0.00738	0.00492	0.00246	0.00615
36	0.00785	0.00528	0.00610	0.00630	0.00635	0.00524	0.00363	0.00800	0.00845	0.01126	0.01946	0.15419	0.02268	0.68395	0.02493	0.00489	0.00504	0.00924	0.00363	0.00353
37	0.00987	0.00749	0.00990	0.01103	0.03276	0.00780	0.00912	0.01464	0.13813	0.01772	0.02767	0.05413	0.02873	0.01371	0.00725	0.00241	0.00502	0.59168	0.00512	0.00581
38	0.01148	0.00984	0.01148	0.00820	0.01312	0.00738	0.00656	0.01395	0.01148	0.01805	0.00984	0.01148	0.00820	0.00410	0.00410	0.00082	0.00410	0.00328	0.00328	0.83922
39	0.00879	0.00596	0.00719	0.00671	0.00847	0.00527	0.00509	0.01091	0.01455	0.08293	0.43998	0.04391	0.31573	0.01195	0.00646	0.00179	0.00286	0.01026	0.00581	0.00537
40	0.00962	0.00481	0.00722	0.00722	0.00722	0.00481	0.00481	0.00722	0.00722	0.00962	0.00962	0.01684	0.00962	0.01924	0.02165	0.83886	0.00481	0.00481	0.00241	0.00241
41	0.02071	0.02577	0.01575	0.01418	0.01712	0.73885	0.01069	0.06433	0.01629	0.01479	0.00883	0.01018	0.00727	0.00576	0.00503	0.00144	0.00976	0.00365	0.00301	0.00659
42	0.00805	0.00537	0.00604	0.00604	0.00604	0.00537	0.00336	0.00805	0.00805	0.01074	0.01745	0.03624	0.02013	0.80536	0.02819	0.00537	0.00537	0.00805	0.00336	0.00336
43	0.01155	0.00635	0.00648	0.00603	0.00768	0.00654	0.00463	0.09772	0.01327	0.02228	0.01752	0.01980	0.01365	0.00647	0.00406	0.00133	0.00298	0.00514	0.74084	0.00565
44	0.02069	0.02640	0.01569	0.01427	0.01712	0.78313	0.01070	0.02212	0.01569	0.01355	0.00856	0.00999	0.00713	0.00571	0.00499	0.00143	0.00999	0.00357	0.00285	0.00642
45	0.00805	0.00537	0.00604	0.00604	0.00604	0.00537	0.00336	0.00805	0.00805	0.01074	0.01745	0.03624	0.02013	0.80536	0.02819	0.00537	0.00537	0.00805	0.00336	0.00336
46	0.00805	0.00537	0.00604	0.00604	0.00604	0.00537	0.00336	0.00805	0.00805	0.01074	0.01745	0.03624	0.02013	0.80536	0.02819	0.00537	0.00537	0.00805	0.00336	0.00336
47	0.00715	0.00614	0.00619	0.00609	0.00806	0.00544	0.00459	0.00976	0.07568	0.01565	0.05328	0.05055	0.70522	0.01348	0.00647	0.00187	0.00294	0.01123	0.00518	0.00502
48	0.00684	0.00489	0.00651	0.00765	0.00805	0.00456	0.00515	0.00794	0.01103	0.01482	0.09267	0.73766	0.03795	0.01684	0.00702	0.00221	0.00316	0.01526	0.00522	0.00456
49	0.01371	0.01316	0.02248	0.03399	0.77081	0.01316	0.01700	0.01700	0.01261	0.01809	0.01042	0.01371	0.00877	0.00493	0.00548	0.00164	0.00658	0.00493	0.00274	0.00877
50	0.01111	0.02865	0.77667	0.01579	0.02397	0.01286	0.02046	0.01754	0.01169	0.01754	0.00994	0.01169	0.00702	0.00526	0.00526	0.00175	0.00818	0.00409	0.00234	0.00818
51	0.02105	0.01551	0.01662	0.01274	0.01717	0.01717	0.01053	0.75235	0.02604	0.03490	0.01330	0.01330	0.00942	0.00665	0.00554	0.00166	0.00609	0.00499	0.00554	0.00942
52	0.00675	0.00482	0.00643	0.00771	0.00803	0.00450	0.00514	0.00771	0.01060	0.01414	0.03053	0.80175	0.03663	0.01735	0.00707	0.00225	0.00321	0.01574	0.00514	0.00450
53	0.02485	0.00943	0.01285	0.00985	0.01414	0.00814	0.00814	0.02699	0.01585	0.77465	0.02185	0.01885	0.01371	0.00685	0.00557	0.00171	0.00471	0.00557	0.00685	0.00943
54	0.00805	0.00537	0.00604	0.00604	0.00604	0.00537	0.00336	0.00805	0.00805	0.01074	0.01745	0.03624	0.02013	0.80536	0.02819	0.00537	0.00537	0.00805	0.00336	0.00336
55	0.00859	0.00627	0.00846	0.00956	0.01092	0.00614	0.00826	0.01098	0.01273	0.01635	0.03307	0.06119	0.13503	0.01512	0.00750	0.00245	0.00478	0.63246	0.00511	0.00504
56	0.00805	0.00537	0.00604	0.00604	0.00604	0.00537	0.00336	0.00805	0.00805	0.01074	0.01745	0.03624	0.02013	0.80536	0.02819	0.00537	0.00537	0.00805	0.00336	0.00336
57	0.01111	0.02865	0.77667	0.01579	0.02397	0.01286	0.02046	0.01754	0.01169	0.01754	0.00994	0.01169	0.00702	0.00526	0.00526	0.00175	0.00818	0.00409	0.00234	0.00818
58	0.00849	0.00621	0.00831	0.00929	0.01066	0.00604	0.00797	0.01086	0.01289	0.01663	0.07413	0.05985	0.15022	0.01488	0.00741	0.00240	0.00460	0.57895	0.00516	0.00504
59	0.02278	0.01002	0.01291	0.01013	0.01420	0.00933	0.00829	0.07655	0.10365	0.61313	0.04404	0.01937	0.01496	0.00705	0.00560	0.00173	0.00471	0.00575	0.00660	0.00922
60	0.01421	0.01472	0.01716	0.01455	0.01569	0.14495	0.04438	0.07717	0.01139	0.01537	0.00841	0.01229	0.00769	0.00956	0.03887	0.00237	0.53722	0.00475	0.00279	0.00643
61	0.00675	0.00482	0.00643	0.00771	0.00803	0.00450	0.00514	0.00771	0.01060	0.01414	0.03053	0.80175	0.03663	0.01735	0.00707	0.00225	0.00321	0.01574	0.00514	0.00450
62	0.01158	0.01132	0.01610	0.07947	0.01600	0.01558	0.01182	0.01303	0.00872	0.01330	0.00826	0.01358	0.00805	0.02966	0.07273	0.00291	0.65446	0.00500	0.00249	0.00592
63	0.01126	0.06084	0.74581	0.01552	0.02357	0.01324	0.02001	0.01750	0.01167	0.01735	0.00985	0.01158	0.00702	0.00524	0.00519	0.00173	0.00809	0.00405	0.00234	0.00814
64	0.01481	0.80869	0.02902	0.00948	0.01421	0.02191	0.00948	0.01658	0.01125	0.01303	0.00770	0.00888	0.00711	0.00474	0.00355	0.00118	0.00592	0.00296	0.00237	0.00711
65	0.02324	0.01201	0.01445	0.01108	0.01543	0.01197	0.00915	0.33475	0.02017	0.46078	0.01822	0.01649	0.01189	0.00677	0.00556	0.00169	0.00530	0.00532	0.00630	0.00942
66	0.00675	0.00482	0.00643	0.00771	0.00803	0.00450	0.00514	0.00771	0.01060	0.01414	0.03053	0.80175	0.03663	0.01735	0.00707	0.00225	0.00321	0.01574	0.00514	0.00450
67	0.01046	0.00984	0.01661	0.79205	0.03814	0.01230	0.01538	0.01415	0.01107	0.01415	0.00984	0.01477	0.00738	0.00554	0.00554	0.00185	0.00738	0.00492	0.00246	0.00615
68	0.01111	0.02865	0.77667	0.01579	0.02397	0.01286	0.02046	0.01754	0.01169	0.01754	0.00994	0.01169	0.00702	0.00526	0.00526	0.00175	0.00818	0.00409	0.00234	0.00818
69	0.00791	0.00593	0.00890	0.00890	0.00989	0.00692	0.00692	0.00989	0.00890	0.01286	0.01483	0.02176	0.01385	0.04154	0.78341	0.00890	0.01483	0.00593	0.00297	0.00494
70	0.01481	0.80869	0.02902	0.00948	0.01421	0.02191	0.00948	0.01658	0.01125	0.01303	0.00770	0.00888	0.00711	0.00474	0.00355	0.00118	0.00592	0.00296	0.00237	0.00711
71	0.01111	0.02865	0.77667	0.01579	0.02397	0.01286	0.02046	0.01754	0.01169	0.01754	0.00994	0.01169	0.00702	0.00526	0.00526	0.00175	0.00818	0.00409	0.00234	0.00818
72	0.00675	0.00482	0.00643	0.00771	0.00803	0.00450	0.00514	0.00771	0.01060	0.01414	0.03053	0.80175	0.03663	0.01735	0.00707	0.00225	0.00321	0.01574	0.00514	0.00450
73	0.01111	0.02865	0.77667	0.01579	0.02397	0.01286	0.02046	0.01754	0.01169	0.01754	0.00994	0.01169	0.00702	0.00526	0.00526	0.00175	0.00818	0.00409	0.00234	0.00818
74	0.00727	0.00571	0.00860	0.00893	0.00977	0.00531	0.06794	0.00857	0.01090	0.01448	0.03006	0.70143	0.06751	0.01613	0.00700	0.00220	0.00371	0.01478	0.00494	0.00476
75	0.01001	0.00520	0.00520	0.00520	0.00654	0.00512	0.00390	0.01249	0.01170	0.02017	0.02127	0.02340	0.07778	0.00709	0.00410	0.00134	0.00260	0.00571	0.76607	0.00512
76	0.00791	0.00593	0.00890	0.00890	0.00989	0.00692	0.00692	0.00989	0.00890	0.01286	0.01483	0.02176	0.01385	0.04154	0.78341	0.00890	0.01483	0.00593	0.00297	0.00494
77	0.00997	0.00742	0.00886	0.00900	0.01034	0.00768	0.00653	0.13500	0.09565	0.01867	0.02673	0.56706	0.02979	0.01443	0.00667	0.00212	0.00387	0.02915	0.00526	0.00581
78	0.01111	0.02865	0.77667	0.01579	0.02397	0.01286	0.02046	0.01754	0.01169	0.01754	0.00994	0.01169	0.00702	0.00526	0.00526	0.00175	0.00818	0.00409	0.00234	0.00818
79	0.01439	0.01197	0.01263	0.01104	0.01428	0.01358	0.00868	0.14879	0.57459	0.02444	0.02382	0.02218	0.07900	0.00792	0.00570	0.00184	0.00454	0.00651	0.00558	0.00853
80	0.03539	0.00600	0.00768	0.00711	0.00862	0.00559	0.00538	0.01140	0.01549	0.05693	0.70923	0.03930	0.04900	0.01092	0.00639	0.00174	0.00276	0.00959	0.00605	0.00544
81	0.01976	0.02504	0.03232	0.01428	0.01734	0.68786	0.02837	0.02249	0.07394	0.01449	0.00975	0.01098	0.00793	0.00581	0.00509	0.00148	0.00949	0.00386	0.00306	0.00667
82	0.01155	0.00826	0.01041	0.01062	0.03616	0.00849	0.00843	0.09772	0.10643	0.06133	0.11578	0.08547	0.06298	0.01215	0.00676	0.00215	0.00464	0.33896	0.00536	0.00635

[dist]
# distance from previous block
# <min> <max>
0	3

[block]
# block no. 7 follows, 43 sequences, length 165
# corresponding to MSA columns:
# 290-454
name=unknown_H
#
# <colnr> <probs for GDERKNQSTAVLIFYWHMCP>
#	G	D	E	R	K	N	Q	S	T	A	V	L	I	F	Y	W	H	M	C	P
0	0.11126	0.01132	0.01186	0.00973	0.01325	0.05549	0.00779	0.05623	0.14868	0.07550	0.03796	0.01742	0.04777	0.00663	0.00588	0.00150	0.06550	0.02026	0.00423	0.29174
