[name]
unknown

[dist]
# distance from previous block
# <min> <max>
6	149

[block]
# block no. 0 follows, 45 sequences, length 28
# corresponding to MSA columns:
# 192-219
name=unknown_A
#
# <colnr> <probs for GDERKNQSTAVLIFYWHMCP>
#	G	D	E	R	K	N	Q	S	T	A	V	L	I	F	Y	W	H	M	C	P
0	0.01165	0.01121	0.01810	0.15067	0.40652	0.01238	0.02745	0.01433	0.01122	0.01567	0.01462	0.01767	0.09784	0.00679	0.00782	0.00180	0.15877	0.00556	0.00283	0.00710
1	0.11006	0.01010	0.01117	0.00822	0.01278	0.00852	0.00662	0.07643	0.01208	0.01963	0.00958	0.01100	0.00780	0.00430	0.00402	0.00096	0.00416	0.00329	0.00338	0.67591
2	0.00691	0.00500	0.00611	0.00675	0.00726	0.00473	0.00444	0.00771	0.00986	0.01288	0.02961	0.43083	0.15589	0.23313	0.05085	0.00326	0.00417	0.01210	0.00441	0.00411
3	0.01104	0.00865	0.01022	0.00866	0.01166	0.00779	0.00675	0.13625	0.01355	0.01925	0.05360	0.23648	0.01967	0.00916	0.00540	0.00149	0.00407	0.06803	0.00432	0.36397
4	0.01556	0.05248	0.01554	0.28240	0.02296	0.43280	0.01149	0.01774	0.01324	0.01351	0.01063	0.01300	0.03868	0.00572	0.00500	0.00151	0.00818	0.00420	0.00272	0.03267
5	0.01923	0.00957	0.01209	0.00919	0.01335	0.00833	0.00751	0.09089	0.01511	0.45969	0.05245	0.01743	0.02608	0.00623	0.00508	0.00143	0.00441	0.00505	0.00554	0.23136
6	0.01953	0.10509	0.01489	0.01025	0.01410	0.01225	0.00854	0.26692	0.04881	0.33353	0.04958	0.06363	0.01421	0.00716	0.00529	0.00162	0.00496	0.00572	0.00553	0.00838
7	0.02100	0.00854	0.01154	0.00933	0.01285	0.00753	0.00758	0.03766	0.01483	0.63022	0.03601	0.11283	0.01724	0.00826	0.00567	0.00176	0.00440	0.03810	0.00634	0.00832
8	0.03515	0.00707	0.00887	0.00750	0.01009	0.00620	0.00589	0.01494	0.01425	0.24192	0.35397	0.03173	0.14036	0.00925	0.00575	0.00161	0.00334	0.00786	0.00565	0.08859
9	0.02204	0.01025	0.01348	0.08753	0.01652	0.00988	0.00900	0.15872	0.01671	0.56986	0.01852	0.01690	0.01193	0.00648	0.00539	0.00166	0.00507	0.00523	0.00599	0.00882
10	0.01237	0.01182	0.02014	0.25508	0.56288	0.01251	0.01602	0.01567	0.01179	0.01643	0.00994	0.01358	0.00811	0.00495	0.00533	0.00165	0.00660	0.00478	0.00258	0.00777
11	0.00779	0.00613	0.00675	0.00679	0.00835	0.00566	0.00498	0.08150	0.01287	0.01614	0.04216	0.29631	0.45722	0.01395	0.00642	0.00191	0.00316	0.01198	0.00502	0.00493
12	0.01151	0.00664	0.00910	0.08518	0.01213	0.00629	0.00664	0.01380	0.01409	0.19675	0.40599	0.12288	0.06690	0.01021	0.00608	0.00175	0.00354	0.00894	0.00559	0.00600
13	0.01180	0.04055	0.44811	0.01249	0.01793	0.01061	0.01424	0.04788	0.01209	0.09896	0.04531	0.09263	0.01302	0.01082	0.09724	0.00253	0.00748	0.00568	0.00336	0.00725
14	0.00692	0.00519	0.00638	0.00665	0.00770	0.00469	0.00475	0.00855	0.01260	0.01682	0.32014	0.30645	0.22925	0.03023	0.00695	0.00196	0.00283	0.01199	0.00530	0.00465
15	0.01377	0.00685	0.00915	0.00780	0.01015	0.00612	0.00612	0.01613	0.01526	0.30617	0.49271	0.03192	0.03666	0.00935	0.00598	0.00168	0.00329	0.00809	0.00618	0.00659
16	0.01060	0.00995	0.01603	0.18573	0.27242	0.02951	0.06518	0.01316	0.01129	0.01525	0.01601	0.24526	0.01653	0.00886	0.00640	0.00187	0.03857	0.02766	0.00333	0.00641
17	0.01014	0.00954	0.01610	0.79845	0.03697	0.01193	0.01491	0.01371	0.01073	0.01371	0.00954	0.01431	0.00716	0.00537	0.00537	0.00179	0.00716	0.00477	0.00239	0.00596
18	0.01021	0.00730	0.00943	0.00862	0.00929	0.03519	0.00632	0.00940	0.00814	0.01127	0.00989	0.04361	0.00996	0.04305	0.01752	0.50099	0.15047	0.00494	0.00258	0.10180
19	0.01110	0.01037	0.01749	0.40165	0.32829	0.01164	0.01457	0.01433	0.01108	0.01509	0.01033	0.01470	0.00842	0.00922	0.09724	0.00251	0.00769	0.00489	0.00255	0.00684
20	0.01782	0.01147	0.01340	0.01241	0.01385	0.01088	0.00861	0.15649	0.01479	0.02040	0.01626	0.02377	0.01505	0.01912	0.01908	0.60058	0.00702	0.00669	0.00510	0.00721
21	0.75221	0.01093	0.00885	0.00768	0.01111	0.01258	0.00633	0.10292	0.01102	0.02523	0.00811	0.00921	0.00620	0.00515	0.00356	0.00166	0.00436	0.00313	0.00356	0.00620
22	0.01245	0.00970	0.01134	0.00838	0.01293	0.00783	0.00670	0.01606	0.08583	0.08270	0.01173	0.01261	0.00923	0.00453	0.00424	0.00097	0.00405	0.00365	0.00370	0.69138
23	0.01346	0.17331	0.41671	0.01291	0.01919	0.01454	0.01469	0.16919	0.01409	0.01967	0.00988	0.01112	0.00739	0.00518	0.00475	0.00150	0.00676	0.00387	0.00299	0.07881
24	0.00842	0.00606	0.00776	0.00832	0.00930	0.00599	0.00618	0.08235	0.01271	0.01703	0.11502	0.50133	0.03383	0.01475	0.00675	0.00212	0.00366	0.14828	0.00512	0.00502
25	0.01309	0.06496	0.49606	0.01394	0.02027	0.01395	0.01605	0.16058	0.08820	0.02041	0.01126	0.01235	0.00820	0.00568	0.00550	0.00169	0.03223	0.00430	0.00318	0.00810
26	0.01717	0.01182	0.01354	0.10317	0.01719	0.03626	0.00949	0.16719	0.32854	0.20935	0.01810	0.01723	0.01285	0.00669	0.00540	0.00172	0.00515	0.00543	0.00529	0.00841
27	0.01525	0.01463	0.11209	0.01690	0.02140	0.01311	0.33612	0.09115	0.01356	0.16487	0.01229	0.01425	0.00890	0.00596	0.00770	0.00183	0.13324	0.00547	0.00362	0.00765

[dist]
# distance from previous block
# <min> <max>
0	1

[block]
# block no. 1 follows, 45 sequences, length 20
# corresponding to MSA columns:
# 221-240
name=unknown_B
#
# <colnr> <probs for GDERKNQSTAVLIFYWHMCP>
#	G	D	E	R	K	N	Q	S	T	A	V	L	I	F	Y	W	H	M	C	P
0	0.01589	0.48030	0.04234	0.01166	0.01625	0.05600	0.08348	0.20205	0.01487	0.01849	0.00924	0.01037	0.00757	0.00510	0.00431	0.00135	0.00635	0.00375	0.00313	0.00747
1	0.01381	0.01061	0.01677	0.17718	0.36388	0.01100	0.01294	0.01765	0.07401	0.14501	0.01472	0.09308	0.01234	0.00660	0.00550	0.00172	0.00573	0.00602	0.00373	0.00769
2	0.00692	0.00507	0.00663	0.00751	0.00819	0.00459	0.00510	0.00797	0.01035	0.01401	0.02795	0.74277	0.03325	0.01577	0.00662	0.00207	0.00318	0.01427	0.00484	0.07295
3	0.01329	0.09212	0.02209	0.01501	0.01971	0.04988	0.31755	0.07661	0.01297	0.01783	0.00999	0.01236	0.00794	0.00476	0.00560	0.00141	0.03892	0.00466	0.00303	0.27425
4	0.01010	0.00741	0.00840	0.00758	0.00848	0.00798	0.00519	0.13443	0.01120	0.01495	0.01912	0.03111	0.09118	0.53226	0.02078	0.00403	0.07012	0.00740	0.00370	0.00458
5	0.01085	0.00814	0.01122	0.08674	0.01403	0.00797	0.05593	0.07416	0.04958	0.07210	0.30278	0.08565	0.07619	0.00919	0.00590	0.00168	0.00418	0.03077	0.00492	0.08803
6	0.01113	0.00954	0.01113	0.00795	0.01272	0.00716	0.00636	0.01352	0.01113	0.01749	0.00954	0.01113	0.00795	0.00398	0.00398	0.00080	0.00398	0.00318	0.00318	0.84417
7	0.01744	0.26886	0.01979	0.01347	0.07638	0.30181	0.01036	0.15787	0.05497	0.01769	0.00975	0.01078	0.00794	0.00544	0.00457	0.00139	0.00719	0.00377	0.00324	0.00728
8	0.01043	0.01002	0.08622	0.00999	0.01321	0.00793	0.00912	0.05238	0.04222	0.01778	0.01967	0.03635	0.01972	0.00978	0.00594	0.00181	0.00496	0.37338	0.00418	0.26493
9	0.01426	0.01010	0.01089	0.00929	0.01193	0.03745	0.00717	0.18114	0.18604	0.12340	0.12990	0.02597	0.09193	0.12579	0.00882	0.00221	0.00459	0.00689	0.00520	0.00700
10	0.01015	0.00964	0.01385	0.01236	0.01267	0.01255	0.03935	0.01138	0.00904	0.01333	0.01425	0.26109	0.01600	0.01152	0.01380	0.00227	0.52002	0.00807	0.00319	0.00545
11	0.00670	0.00518	0.00612	0.00645	0.00762	0.00460	0.00462	0.00819	0.01224	0.01585	0.21275	0.31234	0.34989	0.01411	0.00652	0.00191	0.00281	0.01232	0.00520	0.00460
12	0.01360	0.08011	0.01319	0.01088	0.02840	0.14102	0.00848	0.10943	0.13189	0.04591	0.05525	0.12361	0.08335	0.00925	0.00652	0.00178	0.06459	0.06178	0.00437	0.00659
13	0.01069	0.01247	0.09635	0.05743	0.02128	0.01059	0.38449	0.03790	0.01224	0.01667	0.04007	0.24077	0.01712	0.00839	0.00628	0.00189	0.00684	0.00862	0.00348	0.00641
14	0.02191	0.00966	0.01249	0.00970	0.01359	0.00893	0.00796	0.13471	0.01683	0.59455	0.09413	0.01961	0.01634	0.00704	0.00549	0.00166	0.00457	0.00574	0.00638	0.00873
15	0.00958	0.00552	0.00736	0.00786	0.00892	0.00505	0.00561	0.01079	0.01131	0.14270	0.02911	0.60990	0.06102	0.01489	0.00661	0.00209	0.00343	0.04782	0.00526	0.00520
16	0.01633	0.01373	0.05531	0.02342	0.43610	0.04037	0.01371	0.14916	0.04091	0.13902	0.01262	0.01400	0.00949	0.00549	0.00531	0.00161	0.00613	0.00484	0.00383	0.00860
17	0.01346	0.05333	0.02775	0.04730	0.01342	0.08697	0.00806	0.19948	0.01620	0.06919	0.17109	0.04817	0.17750	0.00896	0.00608	0.00168	0.03288	0.00721	0.00474	0.00655
18	0.00695	0.00540	0.00637	0.00680	0.00800	0.00491	0.00496	0.00880	0.03474	0.01553	0.14312	0.32146	0.33859	0.01428	0.00657	0.00197	0.00302	0.05873	0.00512	0.00469
19	0.07172	0.03392	0.12669	0.01487	0.11117	0.08694	0.10251	0.08152	0.02823	0.01885	0.01001	0.01180	0.00788	0.00482	0.00477	0.00137	0.00624	0.00408	0.00311	0.26950

[dist]
# distance from previous block
# <min> <max>
3	6

[block]
# block no. 2 follows, 45 sequences, length 17
# corresponding to MSA columns:
# 247-263
name=unknown_C
#
# <colnr> <probs for GDERKNQSTAVLIFYWHMCP>
#	G	D	E	R	K	N	Q	S	T	A	V	L	I	F	Y	W	H	M	C	P
0	0.10473	0.00961	0.01136	0.00908	0.01285	0.00901	0.00739	0.07220	0.08487	0.31520	0.06852	0.01897	0.01470	0.00660	0.00502	0.00152	0.00433	0.04066	0.00517	0.19823
1	0.04232	0.01001	0.01178	0.05716	0.01409	0.01047	0.00813	0.28873	0.01705	0.18857	0.01821	0.14707	0.01552	0.00837	0.00543	0.00171	0.00472	0.03418	0.10910	0.00739
2	0.00852	0.00659	0.00732	0.00791	0.00887	0.05843	0.00550	0.00963	0.01102	0.05112	0.02829	0.63274	0.07576	0.01477	0.00648	0.00201	0.00365	0.01318	0.00483	0.04338
3	0.10920	0.01338	0.01431	0.01124	0.01520	0.01462	0.00922	0.55360	0.03932	0.10739	0.01412	0.04974	0.01058	0.00680	0.00522	0.00165	0.00541	0.00519	0.00526	0.00854
4	0.00676	0.00479	0.00625	0.00724	0.00758	0.00450	0.00479	0.00769	0.01031	0.01383	0.07686	0.66727	0.03462	0.10935	0.00921	0.00250	0.00332	0.01403	0.00484	0.00428
5	0.00773	0.00525	0.00616	0.00613	0.00637	0.00520	0.00369	0.00821	0.00904	0.01228	0.13339	0.05950	0.02459	0.63926	0.04791	0.00468	0.00502	0.00826	0.00370	0.00361
6	0.06772	0.01005	0.01664	0.47375	0.08137	0.01129	0.09087	0.01568	0.01150	0.11199	0.01202	0.05287	0.00941	0.00593	0.00541	0.00177	0.00658	0.00540	0.00316	0.00659
7	0.00932	0.00466	0.00699	0.00699	0.00699	0.00466	0.00466	0.00699	0.00699	0.00932	0.00932	0.01632	0.00932	0.01865	0.02098	0.84382	0.00466	0.00466	0.00233	0.00233
8	0.07615	0.00913	0.01169	0.00915	0.01301	0.00826	0.00752	0.05867	0.01521	0.62031	0.04557	0.02035	0.06594	0.00714	0.00535	0.00167	0.00441	0.00575	0.00623	0.00848
9	0.01188	0.01132	0.01926	0.37352	0.44824	0.01239	0.01578	0.01525	0.01156	0.01584	0.00985	0.01374	0.00790	0.00504	0.00534	0.00168	0.00672	0.00478	0.00254	0.00737
10	0.01017	0.00949	0.01566	0.61604	0.09245	0.01155	0.01390	0.01339	0.01084	0.01426	0.03819	0.06278	0.01053	0.00644	0.00619	0.00183	0.05201	0.00558	0.00269	0.00603
11	0.01267	0.01448	0.03167	0.02262	0.02805	0.01357	0.75837	0.01719	0.01267	0.01719	0.01086	0.01448	0.00814	0.00452	0.00633	0.00181	0.00905	0.00633	0.00271	0.00724
12	0.01373	0.06363	0.01485	0.01136	0.06662	0.01067	0.04282	0.13809	0.05285	0.05161	0.01117	0.01231	0.00878	0.00478	0.00451	0.00114	0.00485	0.00393	0.00369	0.47862
13	0.00932	0.00466	0.00699	0.00699	0.00699	0.00466	0.00466	0.00699	0.00699	0.00932	0.00932	0.01632	0.00932	0.01865	0.02098	0.84382	0.00466	0.00466	0.00233	0.00233
14	0.00789	0.00589	0.00827	0.00816	0.00883	0.00677	0.00605	0.00928	0.00840	0.01195	0.01469	0.02429	0.01470	0.23828	0.55707	0.00745	0.04840	0.00623	0.00295	0.00444
15	0.01122	0.00788	0.01007	0.00993	0.06385	0.00778	0.00698	0.09931	0.06421	0.08246	0.35088	0.12470	0.03172	0.02726	0.03712	0.00204	0.00412	0.00841	0.00524	0.04481
16	0.01143	0.00972	0.01142	0.00852	0.01278	0.00812	0.00684	0.04319	0.04293	0.01825	0.03906	0.01364	0.01035	0.00493	0.00488	0.00101	0.04091	0.01810	0.00346	0.69045

[dist]
# distance from previous block
# <min> <max>
0	1

[block]
# block no. 3 follows, 45 sequences, length 13
# corresponding to MSA columns:
# 265-277
name=unknown_D
#
# <colnr> <probs for GDERKNQSTAVLIFYWHMCP>
#	G	D	E	R	K	N	Q	S	T	A	V	L	I	F	Y	W	H	M	C	P
0	0.04147	0.09539	0.01631	0.01170	0.01545	0.11805	0.00961	0.50364	0.02062	0.02694	0.01172	0.01302	0.00902	0.04198	0.00628	0.00171	0.02461	0.00454	0.01991	0.00802
1	0.01387	0.63552	0.05224	0.00951	0.01406	0.01897	0.00928	0.01730	0.09543	0.01425	0.00930	0.01017	0.00803	0.00486	0.00377	0.00122	0.00552	0.00329	0.00272	0.07069
2	0.01444	0.22739	0.26467	0.01161	0.01670	0.01414	0.01227	0.14093	0.01379	0.10649	0.02789	0.01338	0.00964	0.00942	0.09236	0.00231	0.00723	0.00431	0.00344	0.00759
3	0.01114	0.00722	0.00782	0.00722	0.00902	0.00749	0.00551	0.14659	0.06047	0.02146	0.07861	0.14199	0.06662	0.00877	0.00498	0.00156	0.00333	0.00735	0.39702	0.00584
4	0.00954	0.00707	0.00921	0.00864	0.01003	0.00789	0.00663	0.12331	0.01127	0.01557	0.01697	0.02356	0.06100	0.13299	0.52355	0.00669	0.01118	0.00622	0.00343	0.00524
5	0.03290	0.02758	0.01105	0.00904	0.01182	0.00981	0.00726	0.25259	0.03477	0.12867	0.16451	0.08410	0.10073	0.00915	0.00567	0.00171	0.00421	0.04002	0.05747	0.00695
6	0.00817	0.00664	0.02878	0.00800	0.00939	0.00610	0.00621	0.01100	0.07963	0.03619	0.09951	0.34507	0.19699	0.01371	0.00680	0.00204	0.02215	0.10345	0.00501	0.00517
7	0.00670	0.00479	0.00637	0.00737	0.00782	0.00446	0.00500	0.00787	0.01101	0.01486	0.14031	0.69381	0.03775	0.01595	0.00677	0.00211	0.00303	0.01444	0.00512	0.00446
8	0.00979	0.00567	0.00693	0.00684	0.00772	0.00531	0.00452	0.01049	0.01005	0.12894	0.02449	0.25370	0.09032	0.39225	0.01631	0.00350	0.00429	0.00987	0.00441	0.00458
9	0.01619	0.48189	0.02256	0.07016	0.01608	0.13860	0.00977	0.04264	0.01249	0.10475	0.00955	0.01060	0.00775	0.00526	0.00457	0.00135	0.03226	0.00353	0.00300	0.00702
10	0.18066	0.01068	0.04155	0.38899	0.09027	0.01180	0.01202	0.01638	0.10526	0.03085	0.03236	0.01574	0.01009	0.00590	0.00503	0.00176	0.00591	0.02497	0.00322	0.00654
11	0.00667	0.00479	0.00650	0.00760	0.00799	0.00462	0.00518	0.00771	0.01009	0.01356	0.02789	0.72006	0.03304	0.01943	0.09424	0.00290	0.00437	0.01420	0.00475	0.00441
12	0.11079	0.01730	0.01493	0.01250	0.01575	0.35786	0.08219	0.06376	0.01400	0.11668	0.01098	0.01273	0.00859	0.03035	0.04077	0.00193	0.02658	0.00426	0.00352	0.05453

[dist]
# distance from previous block
# <min> <max>
0	4

[block]
# block no. 4 follows, 45 sequences, length 19
# corresponding to MSA columns:
# 282-300
name=unknown_E
#
# <colnr> <probs for GDERKNQSTAVLIFYWHMCP>
#	G	D	E	R	K	N	Q	S	T	A	V	L	I	F	Y	W	H	M	C	P
0	0.03773	0.01226	0.04560	0.09597	0.07513	0.01139	0.25173	0.04458	0.08875	0.07387	0.01266	0.03384	0.00983	0.00536	0.00537	0.00157	0.00637	0.00531	0.00349	0.17919
1	0.14964	0.01237	0.01371	0.04558	0.03571	0.02605	0.00912	0.36464	0.01861	0.22791	0.01506	0.01473	0.03025	0.00636	0.00507	0.00164	0.00532	0.00483	0.00513	0.00829
2	0.14529	0.01151	0.05314	0.35806	0.11969	0.01237	0.01249	0.04827	0.12902	0.04222	0.01170	0.01410	0.00880	0.00560	0.00504	0.00173	0.00604	0.00466	0.00330	0.00698
3	0.01440	0.50463	0.06187	0.01112	0.01469	0.12282	0.01040	0.01619	0.01095	0.01298	0.00760	0.00953	0.00692	0.00573	0.00662	0.00145	0.16968	0.00338	0.00237	0.00664
4	0.01060	0.00708	0.00806	0.00746	0.00849	0.00729	0.00500	0.12619	0.03892	0.05350	0.01849	0.14034	0.01975	0.50375	0.01911	0.00392	0.00495	0.00822	0.00408	0.00481
5	0.01438	0.48683	0.11647	0.01144	0.01629	0.01800	0.07424	0.13145	0.01355	0.01728	0.04750	0.01169	0.00954	0.00526	0.00433	0.00137	0.00615	0.00395	0.00299	0.00730
6	0.34180	0.10842	0.07908	0.02336	0.01405	0.01277	0.00870	0.12062	0.01334	0.21350	0.01188	0.01200	0.00838	0.00557	0.00433	0.00160	0.00506	0.00392	0.00421	0.00742
7	0.00680	0.00535	0.00615	0.00625	0.00766	0.00470	0.00462	0.00846	0.01280	0.01648	0.26116	0.16587	0.42968	0.01336	0.00645	0.00185	0.00278	0.02966	0.00525	0.00467
8	0.01089	0.01149	0.02357	0.01779	0.02158	0.01092	0.50669	0.01436	0.01214	0.01649	0.05374	0.19127	0.01712	0.00807	0.00679	0.00193	0.02818	0.03715	0.00345	0.00637
9	0.01878	0.01434	0.01513	0.07931	0.03309	0.09251	0.01019	0.46600	0.05040	0.10535	0.01409	0.05171	0.01071	0.00678	0.00539	0.00164	0.00607	0.00530	0.00491	0.00830
10	0.00679	0.00495	0.00641	0.00720	0.00788	0.00457	0.00502	0.00813	0.01151	0.01539	0.17899	0.55827	0.11299	0.01528	0.00671	0.00205	0.00301	0.03515	0.00516	0.00453
11	0.00757	0.00511	0.00592	0.00616	0.00621	0.00505	0.00357	0.00774	0.00827	0.01102	0.01927	0.17888	0.02249	0.66354	0.02351	0.00464	0.00482	0.00919	0.00357	0.00346
12	0.01400	0.55659	0.20940	0.01093	0.01630	0.01873	0.01184	0.07967	0.01223	0.01549	0.00845	0.00963	0.00706	0.00487	0.00401	0.00132	0.00628	0.00330	0.00255	0.00733
13	0.01257	0.40051	0.34676	0.01227	0.01781	0.01704	0.01395	0.01615	0.01082	0.01451	0.00834	0.01008	0.00687	0.00529	0.00557	0.00150	0.08692	0.00352	0.00229	0.00723
14	0.01015	0.08804	0.01049	0.00901	0.01084	0.00797	0.00753	0.01330	0.07693	0.06950	0.07554	0.16181	0.07841	0.01255	0.00648	0.00209	0.00435	0.34449	0.00491	0.00563
15	0.00750	0.00578	0.00781	0.00910	0.07341	0.00537	0.00587	0.00929	0.01260	0.01715	0.31820	0.34384	0.13765	0.01311	0.00645	0.00189	0.00312	0.01171	0.00514	0.00501
16	0.07721	0.05040	0.03162	0.08462	0.04035	0.01068	0.11184	0.07743	0.04445	0.14975	0.01950	0.12072	0.09015	0.00803	0.00596	0.00177	0.03542	0.00692	0.02635	0.00683
17	0.03201	0.45387	0.05861	0.00990	0.01366	0.01656	0.00925	0.09048	0.01239	0.07143	0.01209	0.11842	0.01144	0.00695	0.00531	0.00149	0.06084	0.00511	0.00331	0.00689
18	0.01793	0.01186	0.01415	0.01233	0.07952	0.01193	0.00916	0.32185	0.06546	0.19141	0.01494	0.03285	0.01096	0.00620	0.00512	0.00149	0.00506	0.00498	0.02623	0.15655

[dist]
# distance from previous block
# <min> <max>
2	10

[block]
# block no. 5 follows, 45 sequences, length 35
# corresponding to MSA columns:
# 311-345
name=unknown_F
#
# <colnr> <probs for GDERKNQSTAVLIFYWHMCP>
#	G	D	E	R	K	N	Q	S	T	A	V	L	I	F	Y	W	H	M	C	P
0	0.01662	0.05606	0.01435	0.01172	0.05007	0.01259	0.00921	0.35764	0.03789	0.11655	0.02703	0.07450	0.01463	0.00799	0.00572	0.00170	0.01818	0.09360	0.01757	0.05640
1	0.01246	0.00983	0.03416	0.00924	0.01134	0.01008	0.00704	0.25003	0.12272	0.02039	0.01845	0.16775	0.01832	0.26892	0.01275	0.00291	0.00499	0.00787	0.00453	0.00622
2	0.01102	0.00805	0.00917	0.00785	0.01002	0.00776	0.00567	0.08328	0.10212	0.05003	0.06826	0.06505	0.02973	0.31255	0.01355	0.00285	0.00452	0.00672	0.00414	0.19766
3	0.05461	0.01258	0.01367	0.01435	0.15514	0.11904	0.00953	0.14948	0.08018	0.04295	0.17304	0.01961	0.03231	0.00757	0.01689	0.00170	0.03317	0.00575	0.01507	0.04336
4	0.02186	0.01065	0.01314	0.01030	0.01433	0.01040	0.00844	0.17324	0.12194	0.52656	0.01961	0.01744	0.01289	0.00669	0.00540	0.00167	0.00479	0.00538	0.00622	0.00905
5	0.00757	0.00535	0.00745	0.00778	0.00850	0.00581	0.00570	0.00911	0.00921	0.01323	0.01891	0.23206	0.01987	0.09897	0.44955	0.00600	0.00959	0.00841	0.07235	0.00456
6	0.02008	0.02476	0.01528	0.01371	0.01660	0.72947	0.01036	0.07906	0.01599	0.01475	0.00866	0.00993	0.00709	0.00560	0.00488	0.00140	0.00939	0.00356	0.00297	0.00645
7	0.01302	0.01017	0.01590	0.36197	0.06362	0.01130	0.07963	0.05219	0.10277	0.12290	0.01479	0.09029	0.01204	0.00686	0.00579	0.00180	0.01810	0.00615	0.00377	0.00695
8	0.05542	0.00594	0.00746	0.00703	0.00854	0.00557	0.00529	0.01130	0.01419	0.07986	0.56217	0.12878	0.06588	0.01108	0.00615	0.00175	0.00286	0.00971	0.00568	0.00532
9	0.00661	0.00533	0.00589	0.00599	0.00748	0.00461	0.00440	0.00813	0.01251	0.01572	0.18812	0.16221	0.52704	0.01358	0.00642	0.00184	0.00274	0.01161	0.00516	0.00461
10	0.01347	0.01367	0.02619	0.12922	0.11732	0.01368	0.46339	0.11984	0.01410	0.01907	0.01087	0.01409	0.00819	0.00494	0.00595	0.00175	0.00803	0.00573	0.00303	0.00748
11	0.01198	0.02286	0.01062	0.00921	0.01111	0.00878	0.00730	0.09958	0.04512	0.12325	0.10603	0.02187	0.01731	0.05578	0.38139	0.00516	0.04632	0.00606	0.00414	0.00612
12	0.00673	0.00485	0.00663	0.00767	0.00809	0.00475	0.00527	0.00783	0.01000	0.01350	0.02705	0.67677	0.03182	0.02072	0.13734	0.00325	0.00499	0.01368	0.00463	0.00443
13	0.12103	0.00993	0.01198	0.00944	0.01331	0.00960	0.00775	0.11682	0.05109	0.52215	0.01834	0.01662	0.01204	0.00643	0.00507	0.00164	0.00457	0.00504	0.04867	0.00850
14	0.01324	0.01237	0.01945	0.10320	0.47283	0.01328	0.03747	0.05887	0.11754	0.01837	0.01161	0.01422	0.00937	0.00563	0.00634	0.00171	0.06830	0.00500	0.00315	0.00804
15	0.06815	0.00957	0.01276	0.01004	0.01357	0.00931	0.00831	0.02374	0.01403	0.63275	0.01845	0.01683	0.01201	0.00693	0.00698	0.00176	0.11528	0.00516	0.00586	0.00850
16	0.21481	0.09815	0.35710	0.01216	0.01735	0.01372	0.01342	0.05448	0.01127	0.05173	0.00925	0.01086	0.00700	0.00567	0.00603	0.00171	0.10141	0.00380	0.00288	0.00718
17	0.01166	0.01088	0.01824	0.12421	0.54472	0.01112	0.01418	0.01449	0.01168	0.01636	0.01358	0.15820	0.01325	0.00705	0.00560	0.00173	0.00588	0.00669	0.00305	0.00743
18	0.00677	0.00481	0.00635	0.00751	0.00786	0.00454	0.00509	0.00773	0.01023	0.01361	0.02858	0.70397	0.03404	0.07490	0.00839	0.00242	0.00338	0.06066	0.00485	0.00432
19	0.01119	0.12182	0.69324	0.01457	0.02210	0.01352	0.01856	0.01689	0.01128	0.01648	0.00937	0.01101	0.00681	0.00504	0.00490	0.00163	0.00767	0.00384	0.00227	0.00781
20	0.00829	0.00861	0.10037	0.00808	0.01051	0.00614	0.00705	0.01097	0.01327	0.01891	0.42556	0.14848	0.05919	0.01035	0.00596	0.00166	0.00353	0.02630	0.00490	0.12188
21	0.02210	0.01127	0.01361	0.01050	0.01460	0.01119	0.00865	0.29894	0.03514	0.46635	0.01801	0.01635	0.01182	0.00657	0.00534	0.00163	0.00500	0.00519	0.02871	0.00901
22	0.00798	0.00518	0.00622	0.00622	0.00629	0.00526	0.00370	0.00785	0.00778	0.01045	0.01580	0.03174	0.01780	0.65387	0.08862	0.10573	0.00589	0.00726	0.00311	0.00327
23	0.11093	0.00685	0.00718	0.00668	0.00832	0.00747	0.00519	0.07703	0.01168	0.02022	0.01514	0.01833	0.01230	0.03369	0.10344	0.00241	0.03237	0.00490	0.51046	0.00541
24	0.00966	0.00510	0.00546	0.00546	0.00664	0.00521	0.00409	0.01201	0.01083	0.01880	0.01712	0.02063	0.01390	0.03641	0.09851	0.00226	0.00401	0.00518	0.71380	0.00492
25	0.00779	0.00528	0.00625	0.00625	0.00639	0.00542	0.00375	0.00806	0.00792	0.01070	0.01655	0.03312	0.01864	0.70101	0.13647	0.00569	0.00652	0.00751	0.00320	0.00347
26	0.01329	0.01275	0.02179	0.03295	0.77787	0.01275	0.01647	0.01647	0.01222	0.01754	0.01010	0.01329	0.00850	0.00478	0.00531	0.00159	0.00638	0.00478	0.00266	0.00850
27	0.01251	0.01420	0.11260	0.13663	0.54311	0.01265	0.05782	0.01619	0.01193	0.01692	0.01001	0.01326	0.00809	0.00489	0.00535	0.00165	0.00682	0.00477	0.00258	0.00801
28	0.00843	0.00566	0.00704	0.00728	0.00869	0.00512	0.00556	0.01011	0.01248	0.07793	0.16117	0.25126	0.27012	0.01366	0.00658	0.00199	0.00331	0.13332	0.00527	0.00502
29	0.01152	0.01217	0.02409	0.27270	0.05334	0.01273	0.40897	0.01535	0.01177	0.01586	0.03241	0.03370	0.00963	0.00558	0.00669	0.00183	0.05630	0.00599	0.00273	0.00665
30	0.01348	0.62308	0.21199	0.01067	0.01608	0.01910	0.01178	0.01630	0.01101	0.01369	0.00799	0.00927	0.00687	0.00472	0.00385	0.00128	0.00627	0.00314	0.00229	0.00714
31	0.03345	0.01122	0.01280	0.01029	0.01363	0.01178	0.00827	0.40165	0.01933	0.18922	0.07495	0.08494	0.01606	0.04639	0.02548	0.00201	0.00521	0.00634	0.01909	0.00790
32	0.62506	0.05925	0.01076	0.10234	0.01432	0.05812	0.00750	0.03898	0.01029	0.02183	0.00794	0.00957	0.00621	0.00508	0.00373	0.00163	0.00498	0.00322	0.00318	0.00602
33	0.06904	0.00576	0.00588	0.00570	0.00678	0.00593	0.00398	0.03536	0.01038	0.01750	0.01625	0.02354	0.01470	0.25458	0.01150	0.02530	0.00362	0.00570	0.47391	0.00458
34	0.05827	0.01162	0.07024	0.13680	0.32246	0.01100	0.03296	0.01546	0.03848	0.05066	0.10502	0.01961	0.06053	0.00659	0.00578	0.00171	0.02739	0.01480	0.00345	0.00716

[dist]
# distance from previous block
# <min> <max>
0	2

[block]
# block no. 6 follows, 45 sequences, length 31
# corresponding to MSA columns:
# 348-378
name=unknown_G
#
# <colnr> <probs for GDERKNQSTAVLIFYWHMCP>
#	G	D	E	R	K	N	Q	S	T	A	V	L	I	F	Y	W	H	M	C	P
0	0.00758	0.00596	0.00692	0.00667	0.00830	0.00526	0.00483	0.00953	0.03550	0.01602	0.18510	0.20852	0.28291	0.07963	0.00790	0.00203	0.00318	0.01039	0.00482	0.10897
1	0.01360	0.55138	0.18764	0.01131	0.01652	0.03747	0.04609	0.01707	0.04864	0.01427	0.00881	0.01005	0.00740	0.00485	0.00406	0.00133	0.00638	0.00344	0.00248	0.00719
2	0.01341	0.01073	0.01146	0.01020	0.01320	0.01201	0.00796	0.04960	0.60088	0.07140	0.02556	0.02361	0.11032	0.00800	0.00556	0.00180	0.00413	0.00664	0.00548	0.00807
3	0.04450	0.01315	0.09011	0.03165	0.04844	0.01160	0.31618	0.07352	0.01231	0.02746	0.01215	0.05203	0.01066	0.10582	0.00892	0.00214	0.04573	0.00598	0.00314	0.08450
4	0.01454	0.01139	0.01226	0.01083	0.01400	0.01291	0.00848	0.04595	0.67867	0.09490	0.02157	0.01969	0.01592	0.00720	0.00545	0.00180	0.00432	0.00598	0.00557	0.00857
5	0.00780	0.00564	0.00805	0.00805	0.00888	0.00641	0.00606	0.00946	0.00863	0.01251	0.01490	0.02312	0.01434	0.15318	0.64046	0.00778	0.01247	0.00602	0.04170	0.00457
6	0.02005	0.02558	0.01521	0.01383	0.01659	0.78980	0.01037	0.02143	0.01521	0.01314	0.00830	0.00968	0.00691	0.00553	0.00484	0.00138	0.00968	0.00346	0.00277	0.00622
7	0.01924	0.03122	0.01415	0.01102	0.01469	0.05680	0.00899	0.34221	0.11266	0.22317	0.03421	0.01586	0.01210	0.00670	0.00564	0.00163	0.03013	0.00513	0.04602	0.00844
8	0.00658	0.00470	0.00626	0.00745	0.00779	0.00438	0.00499	0.00756	0.01044	0.01397	0.05497	0.78170	0.03602	0.01662	0.00683	0.00216	0.00309	0.01507	0.00501	0.00438
9	0.00711	0.00554	0.00660	0.00720	0.00857	0.00503	0.00569	0.00875	0.01194	0.01486	0.04188	0.18358	0.41227	0.01454	0.00677	0.00209	0.00349	0.24448	0.00497	0.00463
10	0.01519	0.01207	0.01300	0.01115	0.01441	0.01356	0.00894	0.28788	0.40861	0.02565	0.02012	0.03715	0.03413	0.00793	0.00563	0.00180	0.00484	0.06431	0.00537	0.00826
11	0.00695	0.00498	0.00654	0.00749	0.00800	0.00470	0.00510	0.02342	0.01114	0.01501	0.11357	0.70446	0.03667	0.01594	0.00676	0.00211	0.00311	0.01442	0.00510	0.00454
12	0.00753	0.00519	0.00625	0.00646	0.00669	0.00523	0.00400	0.00797	0.00847	0.01135	0.01993	0.16581	0.04510	0.55496	0.11797	0.00501	0.00591	0.00893	0.00356	0.00367
13	0.00832	0.00600	0.00753	0.00815	0.00898	0.00594	0.00574	0.10110	0.01220	0.01627	0.02748	0.68760	0.03209	0.01547	0.00668	0.00212	0.00351	0.03481	0.00503	0.00497
14	0.01760	0.03480	0.01386	0.01203	0.01484	0.42901	0.00927	0.08153	0.11539	0.07662	0.01246	0.01365	0.00984	0.01024	0.10255	0.00237	0.00857	0.00438	0.02420	0.00680
15	0.01466	0.01283	0.01911	0.15912	0.49267	0.07707	0.01463	0.01762	0.01261	0.11148	0.01123	0.01378	0.00873	0.00518	0.00529	0.00162	0.00656	0.00475	0.00312	0.00796
16	0.80969	0.01060	0.00828	0.00731	0.01068	0.01226	0.00602	0.05131	0.00990	0.02455	0.00773	0.00892	0.00597	0.00505	0.00342	0.00166	0.00424	0.00300	0.00342	0.00597
17	0.00730	0.00589	0.00939	0.00936	0.01030	0.00551	0.09862	0.00868	0.01057	0.01414	0.02726	0.70924	0.03210	0.01529	0.00679	0.00213	0.00385	0.01415	0.00470	0.00472
18	0.01449	0.01015	0.01198	0.00877	0.01338	0.00846	0.00710	0.10845	0.01361	0.14996	0.01194	0.01257	0.00901	0.00474	0.00439	0.00104	0.00432	0.00376	0.00404	0.59783
19	0.00808	0.00837	0.10434	0.00886	0.01048	0.00710	0.00759	0.01012	0.00879	0.01258	0.01434	0.02290	0.01391	0.20227	0.52793	0.00703	0.01160	0.00597	0.00288	0.00485
20	0.01329	0.01275	0.02179	0.03295	0.77787	0.01275	0.01647	0.01647	0.01222	0.01754	0.01010	0.01329	0.00850	0.00478	0.00531	0.00159	0.00638	0.00478	0.00266	0.00850
21	0.03650	0.00887	0.01182	0.00924	0.01302	0.00786	0.00757	0.04504	0.01552	0.65229	0.11439	0.02066	0.01768	0.00715	0.00548	0.00166	0.00435	0.00587	0.00646	0.00857
22	0.00764	0.00515	0.00594	0.00608	0.00616	0.00509	0.00352	0.00784	0.00834	0.01116	0.04214	0.13132	0.02247	0.68764	0.02412	0.00472	0.00486	0.00879	0.00355	0.00345
23	0.01077	0.02777	0.78354	0.01530	0.02323	0.01247	0.01983	0.01700	0.01133	0.01700	0.00963	0.01133	0.00680	0.00510	0.00510	0.00170	0.00793	0.00397	0.00227	0.00793
24	0.00690	0.00548	0.00621	0.00608	0.00767	0.00479	0.00460	0.00875	0.01339	0.01729	0.33490	0.04741	0.47059	0.01261	0.00637	0.00178	0.00271	0.03236	0.00534	0.00475
25	0.00761	0.00576	0.00847	0.00861	0.00942	0.00663	0.00658	0.00933	0.00890	0.01269	0.01674	0.15509	0.01698	0.03525	0.63122	0.00732	0.03809	0.00734	0.00322	0.00475
26	0.02965	0.25951	0.54420	0.01332	0.02017	0.01505	0.01639	0.01670	0.01116	0.01586	0.00895	0.01047	0.00681	0.00495	0.00457	0.00154	0.00721	0.00362	0.00230	0.00758
27	0.04296	0.01888	0.24164	0.01283	0.01795	0.07349	0.01262	0.39907	0.03188	0.05280	0.01315	0.01358	0.03238	0.00618	0.00522	0.00163	0.00656	0.00466	0.00423	0.00830
28	0.00857	0.00612	0.00856	0.00980	0.01100	0.00611	0.00852	0.01099	0.01228	0.01598	0.02846	0.08715	0.03106	0.01490	0.00739	0.00246	0.00488	0.71588	0.00494	0.00492
29	0.02617	0.01996	0.38811	0.01601	0.04014	0.01243	0.18125	0.09777	0.01371	0.12086	0.02483	0.01362	0.00899	0.00541	0.00544	0.00171	0.00733	0.00488	0.00337	0.00800
30	0.07354	0.02849	0.05339	0.01930	0.32579	0.01152	0.01184	0.08454	0.06195	0.18107	0.07132	0.02780	0.01335	0.00615	0.00526	0.00164	0.00539	0.00531	0.00422	0.00812

[dist]
# distance from previous block
# <min> <max>
0	1

[block]
# block no. 7 follows, 45 sequences, length 37
# corresponding to MSA columns:
# 380-416
name=unknown_H
#
# <colnr> <probs for GDERKNQSTAVLIFYWHMCP>
#	G	D	E	R	K	N	Q	S	T	A	V	L	I	F	Y	W	H	M	C	P
0	0.03277	0.03238	0.01281	0.02221	0.01390	0.01137	0.00821	0.23317	0.15358	0.26226	0.05785	0.02132	0.09897	0.00758	0.00546	0.00168	0.00465	0.00610	0.00560	0.00814
1	0.54526	0.08928	0.04301	0.00928	0.02663	0.05484	0.01975	0.07138	0.03190	0.05354	0.00905	0.01005	0.00694	0.00521	0.00386	0.00160	0.00502	0.00339	0.00347	0.00655
2	0.01112	0.00632	0.00618	0.00583	0.00737	0.02383	0.00445	0.07615	0.01253	0.02103	0.01691	0.01917	0.01321	0.00625	0.00391	0.00128	0.00295	0.00495	0.75115	0.00538
3	0.01636	0.01167	0.03903	0.01085	0.02539	0.01178	0.00873	0.40522	0.01889	0.11659	0.05018	0.14674	0.01697	0.06736	0.00731	0.00200	0.00515	0.02703	0.00517	0.00758
4	0.00654	0.00467	0.00623	0.00747	0.00779	0.00436	0.00498	0.00747	0.01028	0.01370	0.02959	0.80785	0.03550	0.01682	0.00685	0.00218	0.00311	0.01526	0.00498	0.00436
5	0.01438	0.73463	0.02804	0.01029	0.01490	0.04158	0.06399	0.01630	0.01115	0.01298	0.00773	0.00907	0.00698	0.00461	0.00369	0.00120	0.00609	0.00314	0.00234	0.00690
6	0.21471	0.01239	0.08087	0.09972	0.07931	0.01173	0.01031	0.16683	0.01466	0.18940	0.04205	0.01528	0.01087	0.00613	0.00495	0.00168	0.00540	0.02177	0.00435	0.00758
7	0.12493	0.01268	0.01352	0.01069	0.01447	0.01378	0.00874	0.48095	0.05141	0.08506	0.09799	0.01603	0.01390	0.00676	0.00519	0.00162	0.00510	0.00518	0.00522	0.02677
8	0.10712	0.01173	0.01203	0.01062	0.01381	0.01351	0.00835	0.09450	0.61516	0.02368	0.01942	0.01811	0.01454	0.00695	0.00522	0.00178	0.00439	0.00560	0.00522	0.00826
9	0.00767	0.00574	0.00855	0.00855	0.00948	0.00667	0.00661	0.00953	0.00860	0.01240	0.01445	0.02150	0.01360	0.06298	0.76761	0.00853	0.01411	0.00581	0.00289	0.00475
10	0.03095	0.16997	0.62854	0.01400	0.02122	0.01405	0.01758	0.01680	0.01120	0.01637	0.00919	0.01078	0.00679	0.00501	0.00476	0.00160	0.00745	0.00374	0.00230	0.00769
11	0.00671	0.00480	0.00640	0.00746	0.00790	0.00449	0.00509	0.00787	0.01088	0.01464	0.11259	0.70221	0.03707	0.01611	0.00681	0.00213	0.00310	0.03419	0.00508	0.00445
12	0.01015	0.00637	0.00860	0.00898	0.01063	0.00607	0.00762	0.01248	0.01312	0.10897	0.13808	0.05167	0.10007	0.01317	0.00692	0.00220	0.00434	0.47984	0.00529	0.00543
13	0.00681	0.00546	0.00608	0.00592	0.00753	0.00473	0.00444	0.00860	0.01333	0.01710	0.32059	0.04739	0.50786	0.01263	0.00634	0.00177	0.00265	0.01073	0.00533	0.00473
14	0.01113	0.00954	0.01113	0.00795	0.01272	0.00716	0.00636	0.01352	0.01113	0.01749	0.00954	0.01113	0.00795	0.00398	0.00398	0.00080	0.00398	0.00318	0.00318	0.84417
15	0.01969	0.01425	0.01455	0.01173	0.01506	0.13307	0.00953	0.32718	0.01832	0.21842	0.01377	0.01396	0.00981	0.00672	0.00678	0.00167	0.10778	0.00476	0.04488	0.00807
16	0.00849	0.00517	0.00692	0.00771	0.00844	0.00475	0.00531	0.00956	0.01084	0.09924	0.02865	0.71989	0.03303	0.01568	0.00669	0.00212	0.00328	0.01416	0.00517	0.00489
17	0.11600	0.00927	0.01195	0.00927	0.01333	0.00835	0.00766	0.02500	0.01467	0.69720	0.01965	0.01721	0.01246	0.00646	0.00517	0.00166	0.00452	0.00512	0.00627	0.00877
18	0.01228	0.01173	0.01997	0.27792	0.54077	0.01249	0.01597	0.01559	0.01175	0.01631	0.00992	0.01361	0.00807	0.00497	0.00533	0.00166	0.00663	0.00478	0.00257	0.00769
19	0.01955	0.01306	0.01455	0.01130	0.01523	0.01401	0.00927	0.56345	0.02260	0.14759	0.09906	0.01675	0.01439	0.00698	0.00548	0.00163	0.00532	0.00546	0.00563	0.00868
20	0.84927	0.01038	0.00789	0.00706	0.01038	0.01204	0.00581	0.01578	0.00914	0.02408	0.00747	0.00872	0.00581	0.00498	0.00332	0.00166	0.00415	0.00291	0.00332	0.00581
21	0.01014	0.00954	0.01610	0.79845	0.03697	0.01193	0.01491	0.01371	0.01073	0.01371	0.00954	0.01431	0.00716	0.00537	0.00537	0.00179	0.00716	0.00477	0.00239	0.00596
22	0.00651	0.00480	0.00609	0.00713	0.00769	0.00439	0.00483	0.00751	0.01061	0.01384	0.03380	0.67927	0.16136	0.01627	0.00677	0.00212	0.00305	0.01459	0.00498	0.00439
23	0.01420	0.78240	0.05903	0.00943	0.01416	0.02088	0.00962	0.01611	0.01092	0.01281	0.00755	0.00872	0.00689	0.00461	0.00351	0.00117	0.00583	0.00292	0.00230	0.00693
24	0.02112	0.00841	0.01144	0.00915	0.01269	0.00732	0.00739	0.02309	0.01479	0.64939	0.06839	0.10756	0.01806	0.00804	0.00562	0.00172	0.00428	0.00676	0.00641	0.00835
25	0.02384	0.00952	0.01270	0.00974	0.01390	0.00847	0.00804	0.07454	0.01601	0.73228	0.02063	0.01792	0.01301	0.00663	0.00540	0.00166	0.00466	0.00536	0.00656	0.00913
26	0.00855	0.00607	0.00782	0.12840	0.01164	0.00638	0.00589	0.02903	0.01032	0.01436	0.07431	0.15942	0.03555	0.33474	0.01445	0.00318	0.00458	0.02997	0.11095	0.00444
27	0.01245	0.01172	0.01964	0.09178	0.60103	0.01211	0.01528	0.01551	0.01195	0.01687	0.01197	0.01857	0.01083	0.00614	0.00606	0.00174	0.03881	0.08687	0.00288	0.00779
28	0.00673	0.00480	0.00644	0.00769	0.00808	0.00452	0.00531	0.00780	0.01046	0.01391	0.02948	0.74206	0.03510	0.01664	0.00690	0.00221	0.00328	0.07922	0.00498	0.00441
29	0.00780	0.00524	0.00606	0.00606	0.00613	0.00531	0.00351	0.00794	0.00787	0.01056	0.01673	0.03410	0.01907	0.75497	0.08309	0.00545	0.00587	0.00766	0.00323	0.00337
30	0.01238	0.17175	0.14039	0.01764	0.02266	0.01471	0.41549	0.01621	0.01170	0.01581	0.01055	0.04704	0.00881	0.00551	0.00644	0.00172	0.06592	0.00558	0.00264	0.00705
31	0.01121	0.05732	0.52351	0.10365	0.02526	0.01300	0.15813	0.01663	0.01150	0.01648	0.00976	0.01214	0.00710	0.00500	0.00529	0.00171	0.00796	0.00446	0.00237	0.00754
32	0.00901	0.00645	0.00880	0.00982	0.01112	0.00650	0.00845	0.04330	0.01276	0.01666	0.02783	0.11312	0.03029	0.01461	0.00728	0.00241	0.00485	0.65669	0.00496	0.00508
33	0.01274	0.01220	0.02081	0.16500	0.65006	0.01261	0.01620	0.01600	0.01197	0.01688	0.01000	0.01346	0.00827	0.00488	0.00532	0.00163	0.00651	0.00478	0.00261	0.00806
34	0.06047	0.03369	0.25821	0.01379	0.04324	0.01143	0.11139	0.04918	0.02836	0.12741	0.11264	0.03953	0.01481	0.00674	0.00632	0.00175	0.06430	0.00564	0.00379	0.00732
35	0.07310	0.01357	0.10203	0.43118	0.17664	0.07140	0.01468	0.02736	0.01155	0.01587	0.00947	0.01299	0.00729	0.00522	0.00514	0.00170	0.00704	0.00445	0.00257	0.00674
36	0.13020	0.12908	0.09821	0.01610	0.17477	0.25910	0.01170	0.07188	0.01339	0.01755	0.00912	0.01079	0.00739	0.00521	0.00458	0.00148	0.00707	0.00377	0.02151	0.00710

[dist]
# distance from previous block
# <min> <max>
0	6

[block]
# block no. 8 follows, 45 sequences, length 296
# corresponding to MSA columns:
# 423-718
name=unknown_I
#
# <colnr> <probs for GDERKNQSTAVLIFYWHMCP>
#	G	D	E	R	K	N	Q	S	T	A	V	L	I	F	Y	W	H	M	C	P
0	0.01114	0.01114	0.02053	0.49894	0.11341	0.01231	0.20345	0.01489	0.01139	0.01511	0.00993	0.01416	0.00757	0.00505	0.00557	0.00175	0.00747	0.00513	0.00252	0.02854
1	0.01262	0.00941	0.01121	0.00814	0.01276	0.00720	0.00652	0.01494	0.01163	0.10960	0.01129	0.02559	0.00906	0.00452	0.00420	0.00092	0.00403	0.00365	0.00363	0.72911
2	0.25258	0.02620	0.01336	0.01079	0.01450	0.17755	0.00869	0.31251	0.01724	0.06493	0.01061	0.01119	0.00787	0.00571	0.00459	0.00154	0.00605	0.00393	0.00417	0.04600
3	0.01261	0.00691	0.00896	0.00778	0.00949	0.00644	0.02643	0.02749	0.01095	0.22046	0.03653	0.09143	0.03089	0.39646	0.03996	0.00359	0.00510	0.00748	0.00441	0.04664
4	0.23557	0.01276	0.01184	0.01003	0.01308	0.14025	0.03916	0.15247	0.05174	0.03259	0.16068	0.04760	0.01733	0.00704	0.00496	0.00160	0.00524	0.00550	0.00429	0.04627
5	0.01074	0.00629	0.00764	0.00689	0.00903	0.00549	0.00536	0.01267	0.01388	0.18704	0.27787	0.04076	0.35464	0.01124	0.00616	0.00176	0.00313	0.02804	0.00565	0.00574
6	0.00774	0.00547	0.00720	0.00720	0.00767	0.00593	0.00493	0.00867	0.00820	0.01140	0.01568	0.02831	0.01656	0.43716	0.39746	0.00687	0.00966	0.00681	0.00307	0.00400
7	0.05223	0.01228	0.01387	0.01088	0.01479	0.01293	0.00891	0.43388	0.05275	0.24431	0.05357	0.03736	0.01326	0.00698	0.00539	0.00166	0.00514	0.00549	0.00567	0.00865
8	0.02020	0.01214	0.01399	0.01088	0.01481	0.01265	0.00893	0.43381	0.04060	0.27305	0.08774	0.01738	0.01458	0.00696	0.00547	0.00164	0.00511	0.00551	0.00583	0.00873
9	0.00674	0.00481	0.00646	0.00770	0.00810	0.00453	0.00533	0.00782	0.01048	0.01393	0.02947	0.73668	0.03506	0.01663	0.00691	0.00221	0.00329	0.08445	0.00498	0.00442
10	0.00732	0.00548	0.00679	0.00646	0.00785	0.00495	0.00485	0.00960	0.01454	0.01998	0.61635	0.04264	0.21030	0.01155	0.00633	0.00172	0.00257	0.01006	0.00571	0.00495
11	0.01610	0.62385	0.05697	0.00951	0.01416	0.01826	0.00938	0.01809	0.01180	0.16318	0.01024	0.01061	0.00814	0.00502	0.00390	0.00127	0.00560	0.00341	0.00315	0.00737
12	0.18042	0.01264	0.01309	0.01049	0.01411	0.01398	0.00856	0.48416	0.04483	0.02964	0.10441	0.03243	0.01428	0.00695	0.00512	0.00165	0.00504	0.00531	0.00503	0.00787
13	0.00892	0.00743	0.01256	0.01178	0.01361	0.00718	0.15436	0.01141	0.01191	0.01571	0.02527	0.23499	0.02758	0.01330	0.00707	0.00227	0.00530	0.41959	0.00452	0.00525
14	0.58484	0.00927	0.00821	0.00751	0.01035	0.01027	0.00596	0.03465	0.01037	0.09382	0.01323	0.16600	0.01241	0.00749	0.00426	0.00176	0.00403	0.00561	0.00401	0.00593
15	0.01329	0.01275	0.02179	0.03295	0.77787	0.01275	0.01647	0.01647	0.01222	0.01754	0.01010	0.01329	0.00850	0.00478	0.00531	0.00159	0.00638	0.00478	0.00266	0.00850
16	0.02297	0.01093	0.01357	0.01040	0.01460	0.01055	0.00859	0.24917	0.01836	0.55434	0.01866	0.01663	0.01202	0.00658	0.00539	0.00165	0.00497	0.00523	0.00626	0.00913
17	0.84927	0.01038	0.00789	0.00706	0.01038	0.01204	0.00581	0.01578	0.00914	0.02408	0.00747	0.00872	0.00581	0.00498	0.00332	0.00166	0.00415	0.00291	0.00332	0.00581
18	0.01014	0.00954	0.01610	0.79845	0.03697	0.01193	0.01491	0.01371	0.01073	0.01371	0.00954	0.01431	0.00716	0.00537	0.00537	0.00179	0.00716	0.00477	0.00239	0.00596
19	0.00654	0.00467	0.00623	0.00747	0.00779	0.00436	0.00498	0.00747	0.01028	0.01370	0.02959	0.80785	0.03550	0.01682	0.00685	0.00218	0.00311	0.01526	0.00498	0.00436
20	0.01359	0.64783	0.18822	0.01048	0.01578	0.01938	0.01144	0.01627	0.01100	0.01356	0.00792	0.00919	0.00687	0.00470	0.00380	0.00127	0.00621	0.00310	0.00229	0.00711
21	0.01474	0.00978	0.01180	0.01006	0.01319	0.01007	0.03931	0.08351	0.28917	0.20182	0.02734	0.02805	0.16428	0.00875	0.00580	0.00181	0.00442	0.06301	0.00549	0.00760
22	0.18355	0.01203	0.01316	0.01033	0.01435	0.01269	0.00852	0.34644	0.03835	0.28505	0.01487	0.01409	0.01008	0.00625	0.00498	0.00164	0.00507	0.00468	0.00540	0.00847
23	0.00934	0.00707	0.00906	0.00974	0.01125	0.00738	0.00815	0.01418	0.16012	0.01738	0.06263	0.11356	0.02937	0.01333	0.00693	0.00228	0.00454	0.50299	0.00509	0.00560
24	0.17378	0.01208	0.01872	0.08096	0.57904	0.01256	0.01432	0.01615	0.01153	0.01853	0.00955	0.01248	0.00789	0.00486	0.00493	0.00162	0.00600	0.00442	0.00277	0.00781
25	0.00751	0.00557	0.00737	0.00751	0.00870	0.00543	0.00583	0.00960	0.01258	0.01716	0.33571	0.11256	0.13916	0.01823	0.15982	0.00324	0.00532	0.12889	0.00494	0.00485
26	0.00770	0.00563	0.00801	0.00801	0.00876	0.00638	0.00594	0.00919	0.00844	0.01201	0.01494	0.02420	0.01477	0.21140	0.62079	0.00787	0.01234	0.00621	0.00296	0.00445
27	0.01008	0.04587	0.16325	0.16633	0.01926	0.00997	0.02889	0.01467	0.08136	0.01623	0.01960	0.03472	0.03151	0.00968	0.00617	0.00204	0.00599	0.32440	0.00380	0.00618
28	0.01077	0.02777	0.78354	0.01530	0.02323	0.01247	0.01983	0.01700	0.01133	0.01700	0.00963	0.01133	0.00680	0.00510	0.00510	0.00170	0.00793	0.00397	0.00227	0.00793
29	0.00857	0.00612	0.00855	0.00979	0.01099	0.00611	0.00850	0.01098	0.01227	0.01597	0.02847	0.09015	0.03108	0.01491	0.00739	0.00246	0.00487	0.71297	0.00494	0.00492
30	0.01110	0.01152	0.02293	0.21788	0.05845	0.01158	0.40513	0.01489	0.01233	0.01665	0.10371	0.06140	0.01455	0.00621	0.00607	0.00180	0.00734	0.00677	0.00314	0.00655
