[name]
unknown

[dist]
# distance from previous block
# <min> <max>
0	127

[block]
# block no. 0 follows, 43 sequences, length 7
# corresponding to MSA columns:
# 132-138
name=unknown_A
#
# <colnr> <probs for GDERKNQSTAVLIFYWHMCP>
#	G	D	E	R	K	N	Q	S	T	A	V	L	I	F	Y	W	H	M	C	P
0	0.00892	0.00723	0.01039	0.05180	0.01188	0.00877	0.00803	0.01064	0.00919	0.01308	0.01491	0.02541	0.01485	0.13397	0.42887	0.00628	0.15335	0.07433	0.00309	0.00501
1	0.01142	0.05728	0.01007	0.00817	0.01025	0.05045	0.00634	0.07950	0.01517	0.08564	0.33279	0.13457	0.12951	0.01079	0.00608	0.00175	0.00383	0.00921	0.03120	0.00598
2	0.05201	0.01315	0.03811	0.33106	0.08580	0.06503	0.17725	0.06647	0.02747	0.01772	0.04324	0.01515	0.00989	0.00576	0.00600	0.00180	0.02877	0.00533	0.00306	0.00694
3	0.01461	0.01372	0.01614	0.27761	0.05578	0.16445	0.04784	0.08814	0.03503	0.05534	0.01088	0.01415	0.00858	0.00811	0.02430	0.08057	0.07019	0.00482	0.00319	0.00656
4	0.61471	0.05822	0.05141	0.06146	0.01326	0.01226	0.00755	0.01542	0.00988	0.02202	0.01012	0.08402	0.00909	0.00630	0.00402	0.00174	0.00470	0.00438	0.00340	0.00605
5	0.05644	0.01037	0.01636	0.30945	0.16199	0.01136	0.07287	0.07038	0.01253	0.01722	0.01569	0.02076	0.08094	0.00781	0.00692	0.06417	0.00637	0.04864	0.00323	0.00650
6	0.64997	0.01055	0.00947	0.06823	0.03684	0.01214	0.00711	0.05274	0.01054	0.02369	0.00900	0.01119	0.00717	0.03111	0.00458	0.00182	0.00465	0.00356	0.03949	0.00615

[dist]
# distance from previous block
# <min> <max>
0	2

[block]
# block no. 1 follows, 43 sequences, length 23
# corresponding to MSA columns:
# 141-163
name=unknown_B
#
# <colnr> <probs for GDERKNQSTAVLIFYWHMCP>
#	G	D	E	R	K	N	Q	S	T	A	V	L	I	F	Y	W	H	M	C	P
0	0.00683	0.00490	0.00650	0.00776	0.00815	0.00458	0.00526	0.00786	0.01074	0.01425	0.03111	0.75473	0.05447	0.01719	0.00708	0.00225	0.00328	0.04340	0.00514	0.00453
1	0.09614	0.20389	0.09918	0.22944	0.11002	0.06716	0.01280	0.04761	0.03775	0.01692	0.01061	0.01292	0.02277	0.00550	0.00481	0.00161	0.00665	0.00427	0.00287	0.00710
2	0.00675	0.00482	0.00643	0.00771	0.00803	0.00450	0.00514	0.00771	0.01060	0.01414	0.03053	0.80175	0.03663	0.01735	0.00707	0.00225	0.00321	0.01574	0.00514	0.00450
3	0.01212	0.01212	0.01696	0.01454	0.01454	0.01696	0.01212	0.01333	0.00848	0.01333	0.00727	0.01212	0.00727	0.00969	0.01818	0.00242	0.79523	0.00485	0.00242	0.00606
4	0.01111	0.02865	0.77667	0.01579	0.02397	0.01286	0.02046	0.01754	0.01169	0.01754	0.00994	0.01169	0.00702	0.00526	0.00526	0.00175	0.00818	0.00409	0.00234	0.00818
5	0.00787	0.00582	0.00750	0.00811	0.00859	0.00611	0.00573	0.00927	0.02383	0.01481	0.02702	0.56767	0.05602	0.04196	0.00861	0.00225	0.08869	0.01288	0.09247	0.00478
6	0.02269	0.00982	0.01276	0.01001	0.01404	0.00906	0.00819	0.06984	0.08642	0.62024	0.06054	0.01987	0.01577	0.00714	0.00562	0.00173	0.00465	0.00583	0.00662	0.00914
7	0.01158	0.00680	0.00662	0.00620	0.00784	0.03023	0.00474	0.08237	0.01321	0.02181	0.03875	0.02022	0.01462	0.00659	0.00414	0.00134	0.00314	0.00524	0.70896	0.00560
8	0.00696	0.00492	0.00630	0.00738	0.00782	0.00459	0.00493	0.00796	0.01063	0.01427	0.03086	0.67793	0.08068	0.06197	0.00812	0.00236	0.00328	0.01460	0.03998	0.00447
9	0.02371	0.00914	0.01245	0.00972	0.01375	0.00791	0.00795	0.02578	0.01552	0.72692	0.02239	0.06799	0.01515	0.00751	0.00566	0.00175	0.00462	0.00621	0.00675	0.00912
10	0.00826	0.00536	0.00635	0.00657	0.00678	0.00524	0.00394	0.00856	0.00892	0.03536	0.02076	0.22168	0.02394	0.58904	0.02235	0.00450	0.00483	0.00984	0.00390	0.00382
11	0.01479	0.00842	0.00909	0.00772	0.01018	0.00874	0.00613	0.21477	0.01598	0.10557	0.01718	0.01846	0.01285	0.00655	0.00451	0.00144	0.00376	0.00516	0.52191	0.00677
12	0.01032	0.00965	0.01622	0.76222	0.03700	0.01201	0.01499	0.01391	0.01106	0.01415	0.01063	0.04469	0.00850	0.00599	0.00560	0.00186	0.00722	0.00533	0.00256	0.00609
13	0.02123	0.00916	0.01204	0.00965	0.01333	0.00833	0.00780	0.04540	0.07153	0.58115	0.08982	0.07001	0.01876	0.00796	0.00575	0.00176	0.00444	0.00665	0.00655	0.00869
14	0.00700	0.00524	0.00685	0.00776	0.00829	0.00509	0.00537	0.00810	0.01082	0.01438	0.05308	0.64167	0.11309	0.01746	0.03686	0.00245	0.03251	0.01438	0.00499	0.00461
15	0.01422	0.66144	0.08834	0.01052	0.01504	0.02066	0.01065	0.01632	0.01100	0.01343	0.00784	0.00945	0.00712	0.00530	0.00523	0.00136	0.08938	0.00325	0.00237	0.00708
16	0.00711	0.00512	0.00676	0.00793	0.00848	0.00483	0.00562	0.00832	0.01098	0.01447	0.03144	0.62145	0.07783	0.03954	0.00774	0.00236	0.00354	0.12682	0.00508	0.00457
17	0.07154	0.03807	0.01211	0.00951	0.01296	0.10531	0.00765	0.02169	0.01473	0.44859	0.07705	0.04978	0.07021	0.00776	0.00545	0.00168	0.00499	0.00620	0.02691	0.00781
18	0.01210	0.01040	0.01239	0.05289	0.01490	0.00917	0.00773	0.04917	0.07572	0.01878	0.01094	0.01257	0.00890	0.00489	0.00514	0.00109	0.04706	0.00379	0.00349	0.63889
19	0.01165	0.00851	0.00991	0.00881	0.01028	0.00936	0.00641	0.19700	0.04443	0.01788	0.01576	0.02596	0.01557	0.38102	0.18721	0.00498	0.02918	0.00665	0.00389	0.00553
20	0.00682	0.00485	0.00641	0.00762	0.00793	0.00454	0.00505	0.00773	0.01047	0.01396	0.02984	0.76158	0.03576	0.05870	0.00818	0.00241	0.00333	0.01534	0.00505	0.00444
21	0.00773	0.00552	0.00738	0.00866	0.03183	0.00530	0.00573	0.03543	0.01109	0.01477	0.02844	0.65683	0.05274	0.01658	0.00801	0.06264	0.00356	0.02820	0.00488	0.00468
22	0.41580	0.01171	0.04367	0.28686	0.02177	0.01297	0.01046	0.10359	0.01209	0.02195	0.00923	0.01167	0.00694	0.00547	0.00450	0.00176	0.00576	0.00396	0.00329	0.00655

[dist]
# distance from previous block
# <min> <max>
0	28

[block]
# block no. 2 follows, 43 sequences, length 19
# corresponding to MSA columns:
# 192-199,211-221
name=unknown_C
#
# <colnr> <probs for GDERKNQSTAVLIFYWHMCP>
#	G	D	E	R	K	N	Q	S	T	A	V	L	I	F	Y	W	H	M	C	P
0	0.01900	0.04030	0.01540	0.03026	0.01610	0.01472	0.00969	0.49893	0.04678	0.10472	0.01451	0.02837	0.01074	0.00815	0.03676	0.00193	0.02120	0.00519	0.03823	0.03903
1	0.00879	0.00624	0.00753	0.00722	0.00888	0.00581	0.00545	0.01182	0.06719	0.06188	0.39091	0.11546	0.23931	0.01221	0.00650	0.00185	0.00303	0.02868	0.00573	0.00549
2	0.00838	0.00852	0.09770	0.03328	0.01147	0.00661	0.00763	0.06038	0.01192	0.01614	0.04235	0.61398	0.03072	0.01470	0.00669	0.00213	0.00411	0.01318	0.00478	0.00534
3	0.10691	0.06846	0.02815	0.02603	0.03377	0.24586	0.02608	0.22271	0.01693	0.07337	0.01174	0.01271	0.00887	0.00595	0.00487	0.00154	0.00676	0.00429	0.08757	0.00743
4	0.00791	0.00593	0.00890	0.00890	0.00989	0.00692	0.00692	0.00989	0.00890	0.01286	0.01483	0.02176	0.01385	0.04154	0.78341	0.00890	0.01483	0.00593	0.00297	0.00494
5	0.00804	0.00543	0.00633	0.00633	0.00643	0.00553	0.00371	0.00824	0.00814	0.01095	0.01719	0.03479	0.01950	0.72865	0.10404	0.00572	0.00632	0.00784	0.00332	0.00352
6	0.01333	0.01837	0.23694	0.05590	0.47808	0.06634	0.01749	0.01740	0.01250	0.01747	0.01013	0.01291	0.00811	0.00510	0.00539	0.00167	0.00730	0.00460	0.00262	0.00834
7	0.00898	0.00646	0.02476	0.00792	0.04625	0.00607	0.00473	0.00947	0.00883	0.03750	0.03436	0.03373	0.01964	0.68343	0.04208	0.00497	0.00562	0.00772	0.00347	0.00403
8	0.10645	0.01071	0.01309	0.01014	0.01437	0.01028	0.00838	0.16337	0.01714	0.55916	0.01881	0.01681	0.01212	0.00664	0.00535	0.00170	0.00493	0.00520	0.00626	0.00908
9	0.09556	0.01017	0.01137	0.00831	0.01306	0.00831	0.00668	0.04581	0.01190	0.01945	0.00978	0.01131	0.00803	0.00432	0.00410	0.00095	0.00421	0.00333	0.00339	0.71999
10	0.01318	0.00997	0.01236	0.00902	0.01367	0.00799	0.03632	0.04539	0.01270	0.09696	0.03126	0.01354	0.01018	0.00478	0.00446	0.00103	0.00436	0.00396	0.03216	0.63671
11	0.01148	0.00984	0.01148	0.00820	0.01312	0.00738	0.00656	0.01395	0.01148	0.01805	0.00984	0.01148	0.00820	0.00410	0.00410	0.00082	0.00410	0.00328	0.00328	0.83922
12	0.00804	0.00542	0.00632	0.00632	0.00642	0.00552	0.00370	0.00823	0.00814	0.01094	0.01720	0.03483	0.01952	0.73097	0.10174	0.00571	0.00629	0.00785	0.00332	0.00351
13	0.02968	0.02187	0.44048	0.03477	0.04651	0.01334	0.16210	0.09083	0.01342	0.01946	0.04051	0.01376	0.00938	0.00567	0.00601	0.00179	0.03463	0.00495	0.00294	0.00790
14	0.05060	0.00989	0.01620	0.75428	0.03682	0.01231	0.01493	0.01425	0.01099	0.01467	0.00974	0.01449	0.00732	0.00552	0.00544	0.00184	0.00723	0.00483	0.00251	0.00614
15	0.00691	0.00538	0.00599	0.00640	0.00765	0.00475	0.00458	0.00816	0.01168	0.01462	0.04391	0.26373	0.45669	0.07433	0.00829	0.00225	0.00319	0.03949	0.02743	0.00456
16	0.00933	0.00711	0.01004	0.09098	0.03868	0.00714	0.03669	0.06192	0.01245	0.03323	0.07150	0.36781	0.11338	0.03325	0.00778	0.03798	0.00437	0.04636	0.00465	0.00536
17	0.04063	0.09087	0.06960	0.08429	0.05594	0.01098	0.09774	0.05678	0.01298	0.03239	0.11590	0.13797	0.04820	0.00897	0.00631	0.00183	0.03536	0.05362	0.01897	0.02065
18	0.13392	0.01117	0.04721	0.11153	0.30158	0.01094	0.01187	0.02961	0.02905	0.05443	0.04675	0.04782	0.08814	0.00706	0.00537	0.00174	0.00545	0.01731	0.03187	0.00719

[dist]
# distance from previous block
# <min> <max>
4	20

[block]
# block no. 3 follows, 43 sequences, length 36
# corresponding to MSA columns:
# 242-277
name=unknown_D
#
# <colnr> <probs for GDERKNQSTAVLIFYWHMCP>
#	G	D	E	R	K	N	Q	S	T	A	V	L	I	F	Y	W	H	M	C	P
0	0.25327	0.03214	0.13959	0.00936	0.01310	0.00997	0.00876	0.01678	0.06457	0.12575	0.09890	0.10777	0.06032	0.00810	0.00514	0.00177	0.00466	0.00649	0.00443	0.02914
1	0.07364	0.03600	0.01446	0.04892	0.10354	0.03354	0.00982	0.09904	0.16210	0.12486	0.01613	0.04044	0.03422	0.00788	0.02608	0.00190	0.07513	0.00546	0.00439	0.08246
2	0.12546	0.05869	0.01534	0.10298	0.01670	0.01219	0.08799	0.01453	0.01085	0.07317	0.04715	0.11452	0.01397	0.02156	0.02271	0.00212	0.20814	0.00639	0.02524	0.02031
3	0.05325	0.00675	0.02755	0.00813	0.00937	0.00651	0.01714	0.03647	0.01114	0.01608	0.09430	0.28050	0.05312	0.12208	0.16968	0.00386	0.00622	0.02873	0.04413	0.00496
4	0.00815	0.00601	0.00791	0.05781	0.01069	0.00603	0.00623	0.06913	0.01190	0.01584	0.02780	0.68729	0.03255	0.01573	0.00685	0.00218	0.00371	0.01418	0.00500	0.00501
5	0.03571	0.19076	0.09502	0.03365	0.01471	0.16572	0.01009	0.01485	0.01140	0.01416	0.01341	0.17094	0.01379	0.02897	0.06006	0.00232	0.10880	0.00639	0.00312	0.00613
6	0.01584	0.00805	0.01013	0.00851	0.01126	0.00755	0.00674	0.08374	0.03297	0.31233	0.26794	0.06291	0.05433	0.00902	0.00583	0.00171	0.00381	0.00764	0.08244	0.00724
7	0.01164	0.00719	0.00896	0.00815	0.01018	0.00692	0.00622	0.03365	0.10347	0.15367	0.38456	0.13918	0.08187	0.01096	0.00631	0.00183	0.00337	0.00955	0.00597	0.00636
8	0.04713	0.01056	0.01889	0.52305	0.03230	0.01209	0.17064	0.01450	0.01115	0.01511	0.01026	0.01496	0.00793	0.00759	0.04160	0.04033	0.00788	0.00522	0.00260	0.00620
9	0.01038	0.00684	0.00825	0.00757	0.00956	0.00646	0.00578	0.01412	0.10347	0.11723	0.38029	0.07524	0.21073	0.01122	0.00633	0.00181	0.00317	0.00966	0.00587	0.00602
10	0.02122	0.01524	0.01645	0.01261	0.01704	0.01677	0.01042	0.71997	0.02558	0.06792	0.01368	0.01354	0.00961	0.00666	0.00554	0.00166	0.00603	0.00501	0.00560	0.00942
11	0.00785	0.00587	0.00876	0.00883	0.00979	0.00679	0.00682	0.00977	0.00900	0.01293	0.01571	0.06535	0.01512	0.04019	0.74003	0.00853	0.01419	0.00648	0.00309	0.00492
12	0.01046	0.00984	0.01661	0.79205	0.03814	0.01230	0.01538	0.01415	0.01107	0.01415	0.00984	0.01477	0.00738	0.00554	0.00554	0.00185	0.00738	0.00492	0.00246	0.00615
13	0.00732	0.00510	0.00628	0.00694	0.00721	0.00489	0.00439	0.00796	0.00981	0.01307	0.05297	0.43992	0.05146	0.33869	0.01566	0.00349	0.00406	0.01228	0.00445	0.00406
14	0.00675	0.00482	0.00643	0.00771	0.00803	0.00450	0.00514	0.00771	0.01060	0.01414	0.03053	0.80175	0.03663	0.01735	0.00707	0.00225	0.00321	0.01574	0.00514	0.00450
15	0.00805	0.00812	0.07503	0.01021	0.03838	0.00638	0.06139	0.01020	0.01211	0.01654	0.17929	0.44717	0.07841	0.01351	0.00668	0.00203	0.00406	0.01227	0.00484	0.00534
16	0.01022	0.00669	0.00837	0.00844	0.01007	0.00644	0.00651	0.03472	0.06829	0.10097	0.11868	0.28650	0.14353	0.01353	0.00672	0.00209	0.00379	0.15321	0.00548	0.00573
17	0.01239	0.13960	0.51157	0.08675	0.05585	0.04010	0.01755	0.04417	0.01227	0.01710	0.00970	0.01165	0.00723	0.00526	0.00505	0.00166	0.00769	0.00406	0.00251	0.00785
18	0.01188	0.00990	0.01163	0.02876	0.01367	0.00845	0.00714	0.05947	0.06406	0.01897	0.01154	0.01337	0.00946	0.00760	0.06710	0.00163	0.00515	0.00389	0.02437	0.62193
19	0.01279	0.08682	0.43666	0.07397	0.09486	0.05641	0.03948	0.04752	0.06706	0.01786	0.01081	0.01261	0.00808	0.00543	0.00523	0.00169	0.00756	0.00438	0.00280	0.00798
20	0.00892	0.04032	0.00933	0.00843	0.03719	0.00726	0.00609	0.03309	0.03296	0.01964	0.46531	0.03756	0.14456	0.07927	0.00871	0.00208	0.03945	0.00912	0.00525	0.00545
21	0.00801	0.00535	0.00605	0.00610	0.00611	0.00534	0.00342	0.00804	0.00814	0.01085	0.01789	0.06188	0.02069	0.77898	0.02748	0.00526	0.00530	0.00831	0.00342	0.00339
22	0.01844	0.01251	0.01392	0.04629	0.01573	0.01362	0.00921	0.45406	0.08191	0.10752	0.03030	0.01624	0.01197	0.00675	0.00531	0.00164	0.00525	0.00527	0.13559	0.00847
23	0.03540	0.01587	0.16604	0.03829	0.31284	0.03493	0.03290	0.05304	0.15376	0.04306	0.04922	0.01591	0.01206	0.00596	0.00548	0.00172	0.00634	0.00523	0.00364	0.00831
24	0.00817	0.00706	0.02268	0.11552	0.01450	0.00687	0.07976	0.01003	0.01090	0.01444	0.02518	0.45438	0.06042	0.06674	0.03596	0.00259	0.00509	0.05034	0.00431	0.00505
25	0.00977	0.00525	0.00832	0.00792	0.00816	0.00521	0.03725	0.00767	0.00747	0.00997	0.00969	0.01675	0.00957	0.01861	0.02099	0.80247	0.00501	0.00489	0.00242	0.00263
26	0.01591	0.66241	0.02653	0.01037	0.01476	0.16426	0.00971	0.01762	0.01208	0.01313	0.00786	0.00909	0.00711	0.00492	0.00382	0.00123	0.00668	0.00307	0.00246	0.00698
27	0.00951	0.00481	0.00719	0.00723	0.00725	0.00480	0.00482	0.00723	0.00734	0.00979	0.01039	0.04593	0.01062	0.01917	0.02110	0.80785	0.00475	0.00522	0.00251	0.00248
28	0.02036	0.01494	0.01599	0.01236	0.01661	0.01653	0.01017	0.69873	0.04561	0.03393	0.01377	0.01383	0.00984	0.00666	0.00547	0.00165	0.00589	0.00503	0.04341	0.00921
29	0.01062	0.00570	0.00583	0.00556	0.00707	0.00564	0.00418	0.03546	0.01192	0.02061	0.01753	0.02057	0.01399	0.03509	0.00481	0.00143	0.00286	0.00518	0.74299	0.04297
30	0.00793	0.00541	0.00636	0.00642	0.00660	0.00547	0.00386	0.00823	0.00840	0.01126	0.01890	0.07588	0.04046	0.66036	0.10737	0.00549	0.00620	0.00833	0.00346	0.00362
31	0.00699	0.00492	0.00656	0.00776	0.00811	0.00464	0.00525	0.00791	0.01052	0.01401	0.02939	0.71135	0.03501	0.05033	0.00835	0.02357	0.00344	0.05246	0.00499	0.00443
32	0.01444	0.66159	0.13327	0.01050	0.01559	0.02022	0.01106	0.01686	0.01134	0.03009	0.00831	0.00958	0.00724	0.00498	0.00421	0.00131	0.02644	0.00322	0.00246	0.00728
33	0.00922	0.00734	0.00799	0.00829	0.00931	0.04756	0.00578	0.07772	0.03921	0.01615	0.04330	0.49793	0.08053	0.11138	0.00930	0.00248	0.00410	0.01243	0.00488	0.00509
34	0.00871	0.00598	0.00769	0.00749	0.00902	0.00546	0.00580	0.01101	0.01440	0.05920	0.45821	0.10039	0.13911	0.01231	0.00663	0.00189	0.00318	0.11476	0.00574	0.02300
35	0.01396	0.01407	0.05369	0.10006	0.28939	0.04389	0.13003	0.11402	0.04076	0.01918	0.01121	0.01430	0.00898	0.00776	0.05064	0.00218	0.06966	0.00520	0.00317	0.00784

[dist]
# distance from previous block
# <min> <max>
3	17

[block]
# block no. 4 follows, 43 sequences, length 24
# corresponding to MSA columns:
# 302-325
name=unknown_E
#
# <colnr> <probs for GDERKNQSTAVLIFYWHMCP>
#	G	D	E	R	K	N	Q	S	T	A	V	L	I	F	Y	W	H	M	C	P
0	0.08479	0.00909	0.03264	0.01060	0.06940	0.00890	0.00782	0.04252	0.05807	0.12088	0.14133	0.08272	0.20485	0.01063	0.02203	0.00200	0.07228	0.00811	0.00487	0.00647
1	0.01329	0.00903	0.01125	0.09202	0.01449	0.00955	0.00816	0.18403	0.03177	0.10794	0.02163	0.24993	0.04813	0.06005	0.00789	0.00214	0.03189	0.04222	0.02898	0.02564
2	0.01474	0.74074	0.05331	0.00995	0.01462	0.03904	0.00995	0.01665	0.01129	0.01320	0.00778	0.00910	0.00711	0.00493	0.00408	0.00125	0.02973	0.00307	0.00238	0.00710
3	0.00875	0.00582	0.00691	0.00700	0.00860	0.00511	0.00521	0.01025	0.01260	0.09544	0.09585	0.26870	0.38479	0.01411	0.00665	0.00199	0.00323	0.04839	0.00539	0.00519
4	0.01007	0.00921	0.01487	0.56830	0.07776	0.01088	0.01320	0.01362	0.02650	0.01548	0.09390	0.04311	0.06650	0.00708	0.00576	0.00184	0.00633	0.00627	0.00319	0.00612
5	0.00962	0.00481	0.00722	0.00722	0.00722	0.00481	0.00481	0.00722	0.00722	0.00962	0.00962	0.01684	0.00962	0.01924	0.02165	0.83886	0.00481	0.00481	0.00241	0.00241
6	0.01017	0.00521	0.00539	0.00539	0.00667	0.00527	0.00406	0.01272	0.01145	0.02016	0.01787	0.02072	0.01417	0.00863	0.05231	0.00176	0.00334	0.00521	0.78434	0.00515
7	0.38609	0.01011	0.01005	0.00859	0.01193	0.01085	0.00700	0.08142	0.07813	0.18950	0.05130	0.01783	0.03384	0.00682	0.00468	0.00174	0.00436	0.03077	0.04786	0.00713
8	0.00896	0.00620	0.00712	0.00677	0.00867	0.00549	0.00516	0.03116	0.01383	0.08516	0.21058	0.10285	0.44327	0.01285	0.00649	0.00187	0.00311	0.02957	0.00552	0.00536
9	0.04104	0.01420	0.02952	0.08771	0.07488	0.01382	0.60203	0.01725	0.01265	0.01761	0.01084	0.01458	0.00823	0.00488	0.00654	0.00186	0.02608	0.00614	0.00278	0.00736
10	0.00698	0.00590	0.00606	0.00597	0.00786	0.00514	0.00449	0.00912	0.04735	0.01588	0.10754	0.05091	0.68059	0.01352	0.00650	0.00186	0.00286	0.01131	0.00524	0.00490
11	0.00685	0.00494	0.00651	0.00764	0.00811	0.00459	0.00520	0.00797	0.01102	0.01467	0.07091	0.70863	0.07008	0.01683	0.00703	0.00221	0.00321	0.03384	0.00519	0.00456
12	0.01788	0.01331	0.01499	0.04038	0.04191	0.01464	0.01016	0.53193	0.05644	0.02989	0.03510	0.02013	0.01344	0.02170	0.00612	0.00182	0.00574	0.07945	0.03653	0.00843
13	0.00767	0.00601	0.00788	0.00743	0.00902	0.00544	0.03334	0.00993	0.01425	0.01916	0.44670	0.07946	0.26133	0.01240	0.00663	0.00186	0.00311	0.05769	0.00558	0.00511
14	0.00797	0.00587	0.00719	0.00705	0.00845	0.00543	0.00521	0.01064	0.04854	0.03361	0.44144	0.16805	0.20458	0.01265	0.00656	0.00186	0.00288	0.01107	0.00572	0.00523
15	0.00698	0.00495	0.00652	0.00769	0.00804	0.00467	0.00518	0.00794	0.01049	0.01396	0.02931	0.69595	0.03493	0.08679	0.00896	0.00254	0.00350	0.05219	0.00498	0.00443
16	0.05609	0.01266	0.02067	0.19003	0.52238	0.02888	0.04362	0.01644	0.01214	0.01743	0.01010	0.01363	0.00827	0.00515	0.00562	0.00171	0.01966	0.00486	0.00272	0.00794
17	0.01025	0.00637	0.00812	0.00852	0.00993	0.00621	0.00658	0.01313	0.07054	0.10010	0.04147	0.33457	0.05751	0.01350	0.00658	0.00212	0.00387	0.20200	0.09300	0.00562
18	0.12536	0.01689	0.01500	0.02961	0.01656	0.18851	0.00989	0.42536	0.04523	0.02732	0.01162	0.01221	0.00863	0.00615	0.00510	0.00160	0.00664	0.00439	0.00451	0.03944
19	0.01429	0.61411	0.04741	0.00957	0.01384	0.01906	0.00927	0.06968	0.01211	0.01501	0.00941	0.01155	0.00845	0.03445	0.05458	0.00188	0.00641	0.00360	0.03838	0.00696
20	0.04198	0.01238	0.05843	0.34749	0.19586	0.04124	0.06011	0.01650	0.05061	0.03778	0.01255	0.01837	0.01038	0.00627	0.00566	0.00183	0.00694	0.06545	0.00309	0.00708
21	0.11397	0.00893	0.01114	0.00911	0.01253	0.00831	0.00737	0.04880	0.01469	0.46997	0.09464	0.05076	0.01844	0.04466	0.00659	0.00193	0.00449	0.04278	0.00595	0.02493
22	0.01323	0.00965	0.01030	0.00891	0.01188	0.02945	0.00700	0.09694	0.21722	0.12267	0.07070	0.03161	0.28552	0.00963	0.00589	0.00176	0.00409	0.00794	0.00544	0.05017
23	0.08619	0.01510	0.24969	0.04767	0.03139	0.01018	0.01181	0.05765	0.03070	0.20533	0.08876	0.10943	0.01683	0.00778	0.00555	0.00180	0.00560	0.00646	0.00450	0.00758

[dist]
# distance from previous block
# <min> <max>
3	16

[block]
# block no. 5 follows, 43 sequences, length 36
# corresponding to MSA columns:
# 352-387
name=unknown_F
#
# <colnr> <probs for GDERKNQSTAVLIFYWHMCP>
#	G	D	E	R	K	N	Q	S	T	A	V	L	I	F	Y	W	H	M	C	P
0	0.32588	0.06360	0.16230	0.05550	0.01578	0.01227	0.02687	0.01778	0.10010	0.03441	0.01146	0.01279	0.00873	0.00554	0.00437	0.00163	0.00530	0.00406	0.08216	0.04948
1	0.04065	0.15671	0.04461	0.01024	0.01464	0.01262	0.00897	0.15166	0.05213	0.31628	0.04714	0.01585	0.01254	0.00628	0.00503	0.00153	0.00514	0.00487	0.00511	0.08798
2	0.01210	0.14391	0.51659	0.01509	0.02200	0.01385	0.10263	0.01731	0.01210	0.03750	0.04884	0.01335	0.00969	0.00547	0.00522	0.00168	0.00760	0.00455	0.00271	0.00782
3	0.01173	0.11111	0.56028	0.03988	0.06763	0.01378	0.06696	0.01717	0.01180	0.01697	0.01025	0.01299	0.00781	0.00539	0.00524	0.00171	0.00782	0.02110	0.00246	0.00792
4	0.04403	0.00936	0.01214	0.00953	0.01345	0.00843	0.00780	0.05808	0.03422	0.61349	0.06153	0.02181	0.06531	0.00752	0.00563	0.00173	0.00452	0.00612	0.00652	0.00879
5	0.00889	0.00619	0.00729	0.00734	0.00790	0.02273	0.00489	0.00964	0.00961	0.04604	0.02185	0.21858	0.05808	0.39427	0.09287	0.00430	0.03543	0.00947	0.03030	0.00434
6	0.12823	0.01292	0.01512	0.02888	0.04210	0.03391	0.06796	0.29423	0.12163	0.10710	0.01513	0.01664	0.01134	0.00664	0.00534	0.00173	0.00566	0.03261	0.04464	0.00818
7	0.01089	0.00579	0.00593	0.00570	0.00717	0.00591	0.00434	0.05605	0.01239	0.02128	0.01770	0.02025	0.01391	0.00738	0.02427	0.00151	0.00311	0.00517	0.76586	0.00541
8	0.00806	0.00596	0.00769	0.00820	0.00868	0.00620	0.00567	0.04385	0.01070	0.01446	0.02521	0.54665	0.02950	0.14358	0.05374	0.00310	0.05674	0.01274	0.00458	0.00468
9	0.00682	0.00485	0.00641	0.00762	0.00792	0.00455	0.00504	0.00773	0.01046	0.01395	0.02981	0.75966	0.03572	0.06067	0.00823	0.00242	0.00333	0.01532	0.00504	0.00444
10	0.01096	0.00989	0.01605	0.71643	0.03560	0.01219	0.01459	0.04937	0.01182	0.01546	0.01041	0.01498	0.00781	0.00563	0.00546	0.00181	0.00709	0.00494	0.04326	0.00626
11	0.00957	0.00483	0.00718	0.00718	0.00718	0.00483	0.00477	0.00724	0.00724	0.00965	0.00986	0.01743	0.00994	0.04338	0.02185	0.81327	0.00483	0.00491	0.00243	0.00243
12	0.01251	0.02254	0.46842	0.02153	0.24760	0.01324	0.06160	0.05498	0.01278	0.01861	0.01033	0.01257	0.00775	0.00520	0.00542	0.00172	0.00766	0.00453	0.00265	0.00838
13	0.01134	0.06427	0.65869	0.01552	0.05273	0.01280	0.01869	0.01716	0.01170	0.01755	0.01039	0.01223	0.00757	0.00530	0.00510	0.00169	0.00764	0.00414	0.05753	0.00796
14	0.00799	0.00545	0.00654	0.00658	0.00676	0.00560	0.00402	0.00835	0.00828	0.01121	0.01744	0.05897	0.01961	0.65034	0.15515	0.00586	0.00690	0.00795	0.00335	0.00366
15	0.01020	0.00515	0.00521	0.00525	0.00651	0.00514	0.00392	0.01273	0.01158	0.02042	0.01849	0.04748	0.01497	0.00683	0.00398	0.00132	0.00260	0.00553	0.80756	0.00514
16	0.03021	0.01359	0.07280	0.06304	0.05242	0.01227	0.45277	0.01666	0.04723	0.01745	0.01385	0.01979	0.02338	0.00677	0.00706	0.04471	0.00785	0.06900	0.02221	0.00696
17	0.01469	0.75617	0.02926	0.01039	0.01519	0.02139	0.05852	0.01666	0.01137	0.01334	0.00793	0.00928	0.00719	0.00473	0.00375	0.00123	0.00615	0.00320	0.00240	0.00713
18	0.05063	0.00807	0.00917	0.00834	0.01058	0.00834	0.00643	0.01740	0.24558	0.07155	0.36609	0.03336	0.12258	0.00988	0.00604	0.00180	0.00340	0.00843	0.00576	0.00657
19	0.02135	0.01481	0.07811	0.01215	0.01684	0.01417	0.01064	0.47902	0.02187	0.25050	0.01553	0.01479	0.01048	0.00659	0.00553	0.00168	0.00586	0.00508	0.00566	0.00932
20	0.00730	0.00556	0.00749	0.00794	0.00891	0.00514	0.02981	0.00880	0.01182	0.01557	0.12937	0.45359	0.16632	0.03885	0.00757	0.00222	0.00350	0.08034	0.00513	0.00474
21	0.01111	0.02865	0.77667	0.01579	0.02397	0.01286	0.02046	0.01754	0.01169	0.01754	0.00994	0.01169	0.00702	0.00526	0.00526	0.00175	0.00818	0.00409	0.00234	0.00818
22	0.01414	0.01363	0.02210	0.03277	0.72581	0.03632	0.01662	0.03906	0.01310	0.01846	0.01045	0.01358	0.00874	0.00501	0.00547	0.00164	0.00667	0.00490	0.00283	0.00872
23	0.07067	0.00912	0.01204	0.00950	0.01341	0.00809	0.00776	0.02475	0.01513	0.66542	0.03705	0.07055	0.01558	0.00754	0.00556	0.00175	0.00455	0.00619	0.00653	0.00881
24	0.59997	0.01204	0.02369	0.00860	0.01225	0.03912	0.00718	0.12591	0.01264	0.07798	0.00987	0.01072	0.00732	0.00554	0.00399	0.00169	0.00480	0.00357	0.02635	0.00677
25	0.01076	0.00640	0.00820	0.00803	0.00899	0.00649	0.00582	0.08051	0.03085	0.04375	0.01764	0.16871	0.01801	0.06773	0.01400	0.34708	0.00448	0.06966	0.07846	0.00444
26	0.00793	0.00586	0.00853	0.00853	0.00939	0.00672	0.00646	0.00965	0.00879	0.01258	0.01517	0.02363	0.01466	0.14029	0.68578	0.00844	0.01361	0.00621	0.00302	0.00474
27	0.00746	0.00532	0.00654	0.00699	0.00793	0.00484	0.00486	0.00878	0.01195	0.03424	0.17363	0.39881	0.21138	0.08044	0.00856	0.00231	0.00322	0.01282	0.00521	0.00470
28	0.02843	0.06932	0.41831	0.03205	0.05321	0.01379	0.21722	0.05485	0.01269	0.01819	0.01043	0.01302	0.00781	0.01955	0.00591	0.00181	0.00805	0.00483	0.00269	0.00785
29	0.01574	0.01315	0.04540	0.05249	0.06612	0.05455	0.00995	0.23873	0.11560	0.07971	0.01565	0.09853	0.01306	0.00721	0.00543	0.00161	0.00551	0.00593	0.00460	0.15102
30	0.01432	0.02733	0.08013	0.01161	0.05295	0.03477	0.00935	0.26573	0.03504	0.02265	0.04949	0.01884	0.04211	0.10853	0.03180	0.00219	0.00585	0.00542	0.00417	0.17773
31	0.04869	0.09013	0.29390	0.08803	0.04453	0.04981	0.01386	0.01848	0.09471	0.07705	0.04534	0.01569	0.03353	0.00642	0.00602	0.00175	0.05621	0.00491	0.00341	0.00753
32	0.07025	0.10325	0.15918	0.03723	0.07262	0.02579	0.06907	0.06410	0.02723	0.04100	0.03767	0.10016	0.01345	0.01033	0.07044	0.00239	0.06636	0.01906	0.00344	0.00696
33	0.03113	0.03111	0.15650	0.01380	0.05881	0.20490	0.03582	0.10441	0.08934	0.01865	0.01503	0.03403	0.05774	0.00953	0.07061	0.00223	0.00774	0.00523	0.00358	0.04983
34	0.09237	0.07114	0.09904	0.01476	0.14108	0.09931	0.01105	0.12846	0.06079	0.07173	0.08082	0.01770	0.03622	0.00667	0.00521	0.00165	0.00593	0.01759	0.03088	0.00759
35	0.06280	0.11140	0.03533	0.09374	0.06757	0.02243	0.00921	0.13321	0.01372	0.01904	0.05770	0.18644	0.03262	0.02276	0.04566	0.00217	0.00566	0.02692	0.01777	0.03386

[dist]
# distance from previous block
# <min> <max>
18	57

[block]
# block no. 6 follows, 43 sequences, length 50
# corresponding to MSA columns:
# 462-511
name=unknown_G
#
# <colnr> <probs for GDERKNQSTAVLIFYWHMCP>
#	G	D	E	R	K	N	Q	S	T	A	V	L	I	F	Y	W	H	M	C	P
0	0.28651	0.01382	0.09755	0.06676	0.03934	0.04038	0.00984	0.17762	0.01460	0.08095	0.01428	0.01505	0.06515	0.00627	0.00480	0.00167	0.00553	0.00464	0.00404	0.05121
1	0.01558	0.05751	0.08403	0.01413	0.08938	0.19521	0.05929	0.12021	0.04284	0.04693	0.01369	0.01531	0.02650	0.00734	0.03338	0.00181	0.00694	0.00484	0.15787	0.00720
2	0.01250	0.01052	0.01233	0.03968	0.01455	0.00916	0.00756	0.08995	0.05817	0.01973	0.01124	0.02540	0.00927	0.00499	0.00481	0.00107	0.02474	0.00395	0.00363	0.63676
3	0.00794	0.00535	0.00621	0.00632	0.00639	0.00537	0.00367	0.00811	0.00831	0.01113	0.01844	0.10062	0.02124	0.70296	0.06144	0.00527	0.00563	0.00861	0.00349	0.00353
4	0.00793	0.00769	0.07614	0.00758	0.00947	0.00584	0.00638	0.01047	0.01411	0.01951	0.49872	0.06530	0.15751	0.06459	0.00791	0.00204	0.00340	0.02480	0.00537	0.00525
5	0.00705	0.00512	0.00670	0.00775	0.00838	0.00477	0.00548	0.00834	0.01137	0.01504	0.08347	0.60025	0.10294	0.01641	0.00705	0.00221	0.00334	0.09450	0.00520	0.00463
6	0.01363	0.01192	0.01292	0.01156	0.01441	0.01406	0.00907	0.02798	0.69322	0.02228	0.02117	0.01990	0.01604	0.00771	0.00676	0.00193	0.07544	0.00613	0.00535	0.00852
7	0.01977	0.01339	0.01492	0.01154	0.01580	0.01406	0.00944	0.50424	0.04481	0.14711	0.01521	0.04543	0.01126	0.00684	0.00545	0.00161	0.00549	0.00535	0.00548	0.10281
8	0.01782	0.01148	0.01373	0.09832	0.01741	0.01242	0.00964	0.15414	0.31567	0.24303	0.01943	0.01900	0.01389	0.00710	0.00563	0.00180	0.00513	0.02005	0.00561	0.00871
9	0.00831	0.00614	0.00783	0.00804	0.00937	0.00591	0.00628	0.02693	0.04114	0.01907	0.34750	0.16925	0.11591	0.01333	0.00685	0.00204	0.00349	0.19183	0.00557	0.00524
10	0.01307	0.01274	0.02227	0.16325	0.52980	0.01313	0.10128	0.01705	0.04035	0.01756	0.01086	0.01429	0.00879	0.00510	0.00562	0.00171	0.00696	0.00517	0.00281	0.00817
11	0.03958	0.01306	0.06012	0.23663	0.48156	0.01292	0.04380	0.01626	0.01206	0.01720	0.01018	0.01378	0.00820	0.00511	0.00546	0.00172	0.00691	0.00488	0.00267	0.00790
12	0.07955	0.01589	0.01596	0.01246	0.01671	0.06745	0.01022	0.65178	0.02418	0.03278	0.01259	0.01277	0.00902	0.00648	0.00535	0.00165	0.00622	0.00475	0.00521	0.00898
13	0.00801	0.00570	0.00740	0.00743	0.00782	0.00617	0.00503	0.00885	0.00855	0.01182	0.01709	0.08078	0.01855	0.44577	0.31257	0.00643	0.02694	0.00769	0.00331	0.00410
14	0.01153	0.07224	0.66727	0.01665	0.06252	0.01344	0.04621	0.01746	0.01177	0.01732	0.00988	0.01175	0.00716	0.00519	0.00522	0.00172	0.00801	0.00416	0.00238	0.00813
15	0.00996	0.00684	0.00978	0.09738	0.01407	0.00695	0.00894	0.01262	0.01329	0.06740	0.15841	0.05047	0.03156	0.01294	0.00708	0.00227	0.00489	0.47455	0.00510	0.00553
16	0.01191	0.00677	0.00875	0.00786	0.00997	0.00619	0.00617	0.01469	0.03811	0.19590	0.44254	0.03829	0.11708	0.01074	0.00636	0.00181	0.00335	0.06117	0.00609	0.00624
17	0.00904	0.00660	0.00824	0.03880	0.01027	0.00666	0.00613	0.10314	0.01293	0.01729	0.09866	0.45763	0.05519	0.10561	0.00920	0.00247	0.00399	0.03803	0.00497	0.00516
18	0.00800	0.00574	0.00753	0.00855	0.00930	0.00559	0.00629	0.04739	0.01190	0.01578	0.02935	0.59025	0.03412	0.01632	0.00712	0.00229	0.00380	0.18064	0.00515	0.00489
19	0.02472	0.00964	0.01298	0.00995	0.01424	0.00845	0.00822	0.05199	0.01620	0.74915	0.02155	0.01866	0.01356	0.00685	0.00557	0.00171	0.00476	0.00555	0.00681	0.00943
20	0.00771	0.00554	0.00716	0.00707	0.00814	0.00516	0.00515	0.00983	0.01414	0.01974	0.55939	0.15135	0.06172	0.07949	0.00848	0.00215	0.00302	0.03415	0.00568	0.00495
21	0.04584	0.03206	0.01679	0.01381	0.05619	0.11166	0.01073	0.58669	0.02326	0.03065	0.01228	0.01269	0.00895	0.00636	0.00537	0.00162	0.00654	0.00471	0.00494	0.00886
22	0.01297	0.01565	0.07146	0.02295	0.02869	0.01395	0.71264	0.01773	0.01300	0.01773	0.01114	0.01477	0.00833	0.00470	0.00647	0.00186	0.00928	0.00641	0.00278	0.00751
23	0.04269	0.01181	0.01973	0.32065	0.46518	0.01281	0.01598	0.01589	0.01191	0.01684	0.01010	0.01394	0.00814	0.00517	0.00543	0.00172	0.00680	0.00486	0.00266	0.00768
24	0.01048	0.00598	0.00860	0.07801	0.01062	0.00631	0.00610	0.05729	0.00898	0.01213	0.01021	0.01656	0.00958	0.01668	0.01844	0.67557	0.00504	0.00485	0.03524	0.00331
25	0.01148	0.00984	0.01148	0.00820	0.01312	0.00738	0.00656	0.01395	0.01148	0.01805	0.00984	0.01148	0.00820	0.00410	0.00410	0.00082	0.00410	0.00328	0.00328	0.83922
26	0.00805	0.00573	0.00736	0.00691	0.00832	0.00524	0.00520	0.01056	0.01543	0.03582	0.69565	0.04192	0.11006	0.01146	0.00652	0.00175	0.00267	0.01007	0.00603	0.00526
27	0.00675	0.00482	0.00643	0.00771	0.00803	0.00450	0.00514	0.00771	0.01060	0.01414	0.03053	0.80175	0.03663	0.01735	0.00707	0.00225	0.00321	0.01574	0.00514	0.00450
28	0.00675	0.00482	0.00643	0.00771	0.00803	0.00450	0.00514	0.00771	0.01060	0.01414	0.03053	0.80175	0.03663	0.01735	0.00707	0.00225	0.00321	0.01574	0.00514	0.00450
29	0.00867	0.00824	0.06068	0.01009	0.01142	0.00862	0.00849	0.01084	0.00903	0.01323	0.01353	0.01984	0.01254	0.03500	0.63248	0.00759	0.11589	0.00567	0.00285	0.00530
30	0.84448	0.01071	0.00814	0.00728	0.01071	0.01242	0.00600	0.01628	0.00943	0.02485	0.00771	0.00900	0.00600	0.00514	0.00343	0.00171	0.00428	0.00300	0.00343	0.00600
31	0.01156	0.00991	0.01152	0.00830	0.01316	0.00758	0.00663	0.01443	0.03483	0.01821	0.01024	0.01177	0.00847	0.00421	0.00415	0.00085	0.00411	0.00337	0.00335	0.81335
32	0.01599	0.00992	0.01171	0.00960	0.01306	0.00969	0.00770	0.12912	0.15575	0.22744	0.13752	0.02447	0.06933	0.00799	0.00565	0.00165	0.00433	0.02907	0.00565	0.12434
33	0.84448	0.01071	0.00814	0.00728	0.01071	0.01242	0.00600	0.01628	0.00943	0.02485	0.00771	0.00900	0.00600	0.00514	0.00343	0.00171	0.00428	0.00300	0.00343	0.00600
34	0.04206	0.01053	0.01261	0.00991	0.01369	0.01039	0.00811	0.23834	0.01817	0.40341	0.05973	0.01842	0.01443	0.00695	0.00535	0.00165	0.00473	0.00553	0.10741	0.00858
35	0.84448	0.01071	0.00814	0.00728	0.01071	0.01242	0.00600	0.01628	0.00943	0.02485	0.00771	0.00900	0.00600	0.00514	0.00343	0.00171	0.00428	0.00300	0.00343	0.00600
36	0.01371	0.01316	0.02248	0.03399	0.77081	0.01316	0.01700	0.01700	0.01261	0.01809	0.01042	0.01371	0.00877	0.00493	0.00548	0.00164	0.00658	0.00493	0.00274	0.00877
37	0.01735	0.01367	0.01454	0.01199	0.01576	0.01545	0.00963	0.38458	0.39984	0.02893	0.01800	0.01704	0.01323	0.00709	0.00559	0.00177	0.00522	0.00564	0.00559	0.00909
38	0.02416	0.00992	0.01309	0.01010	0.01435	0.00896	0.00832	0.07501	0.04568	0.69636	0.02131	0.01855	0.01355	0.00687	0.00557	0.00172	0.00479	0.00556	0.00672	0.00940
39	0.00675	0.00482	0.00643	0.00771	0.00803	0.00450	0.00514	0.00771	0.01060	0.01414	0.03053	0.80175	0.03663	0.01735	0.00707	0.00225	0.00321	0.01574	0.00514	0.00450
40	0.00689	0.00585	0.00598	0.00590	0.00779	0.00505	0.00444	0.00890	0.04076	0.01570	0.09706	0.05137	0.69801	0.01362	0.00651	0.00186	0.00285	0.01139	0.00522	0.00486
41	0.01874	0.01831	0.01750	0.11660	0.07211	0.30442	0.06043	0.23817	0.01780	0.06660	0.01124	0.01271	0.00844	0.00591	0.00540	0.00161	0.00789	0.00458	0.00383	0.00769
42	0.01321	0.01512	0.11840	0.10660	0.58494	0.03069	0.01714	0.01690	0.01241	0.01753	0.01026	0.01347	0.00837	0.00505	0.00545	0.00167	0.00694	0.00479	0.00266	0.00838
43	0.00683	0.00491	0.00650	0.00774	0.00816	0.00458	0.00526	0.00788	0.01076	0.01427	0.03139	0.74449	0.06259	0.01715	0.00707	0.00225	0.00328	0.04523	0.00514	0.00453
44	0.02458	0.00986	0.01312	0.01006	0.01436	0.00879	0.00831	0.07925	0.01659	0.72136	0.02123	0.01845	0.01340	0.00684	0.00557	0.00171	0.00481	0.00553	0.00676	0.00942
45	0.01261	0.08686	0.14369	0.11134	0.04122	0.01439	0.27863	0.05840	0.01234	0.01697	0.01038	0.01383	0.00823	0.00806	0.05865	0.00230	0.10688	0.00526	0.00277	0.00719
46	0.05517	0.31536	0.15740	0.00984	0.01381	0.03112	0.00989	0.01416	0.01193	0.01592	0.09382	0.10716	0.09153	0.00838	0.00509	0.00163	0.00536	0.04249	0.00353	0.00641
47	0.05544	0.01321	0.01448	0.05743	0.01644	0.04054	0.00997	0.38701	0.12042	0.02649	0.02887	0.01684	0.01186	0.00961	0.05984	0.00228	0.07168	0.02877	0.02087	0.00799
48	0.75460	0.01167	0.03525	0.02229	0.01193	0.02775	0.00698	0.01629	0.00962	0.02377	0.00783	0.00933	0.00613	0.00533	0.00409	0.00174	0.03285	0.00315	0.00333	0.00609
49	0.06177	0.05029	0.01544	0.01329	0.01633	0.62371	0.01015	0.08222	0.01597	0.01595	0.01075	0.01187	0.03707	0.00605	0.00497	0.00147	0.00895	0.00395	0.00318	0.00661

[dist]
# distance from previous block
# <min> <max>
0	1

[block]
# block no. 7 follows, 43 sequences, length 102
# corresponding to MSA columns:
# 513-614
name=unknown_H
#
# <colnr> <probs for GDERKNQSTAVLIFYWHMCP>
#	G	D	E	R	K	N	Q	S	T	A	V	L	I	F	Y	W	H	M	C	P
0	0.01254	0.10104	0.02310	0.33694	0.02891	0.03058	0.25109	0.01597	0.01167	0.03389	0.01003	0.01388	0.00782	0.00566	0.00700	0.00183	0.09341	0.00520	0.00267	0.00676
1	0.00776	0.00560	0.00733	0.00702	0.00826	0.00517	0.00522	0.01026	0.01532	0.02165	0.71647	0.09440	0.05117	0.01174	0.00657	0.00178	0.00265	0.01042	0.00603	0.00517
2	0.00691	0.00495	0.00658	0.00760	0.00807	0.00461	0.00515	0.00813	0.01138	0.01538	0.14360	0.68515	0.03903	0.01643	0.00699	0.00217	0.00312	0.01487	0.00529	0.00461
3	0.01290	0.00918	0.01014	0.00872	0.01047	0.00988	0.00629	0.27689	0.02921	0.02007	0.01590	0.02635	0.01566	0.43291	0.06775	0.00409	0.00615	0.00670	0.02494	0.00579
4	0.00665	0.00554	0.00580	0.00589	0.00758	0.00469	0.00436	0.00808	0.01263	0.01534	0.09866	0.12059	0.65686	0.01416	0.00659	0.00190	0.00283	0.01195	0.00520	0.00469
5	0.01212	0.01226	0.01847	0.01532	0.01596	0.01632	0.09646	0.01369	0.00900	0.01376	0.00799	0.01308	0.00774	0.03031	0.01711	0.00244	0.68420	0.00513	0.00249	0.00615
6	0.00885	0.00638	0.00878	0.00997	0.01121	0.00641	0.00853	0.01163	0.03529	0.01652	0.02924	0.13781	0.03191	0.01527	0.00753	0.00250	0.00488	0.63703	0.00512	0.00515
7	0.01481	0.80869	0.02902	0.00948	0.01421	0.02191	0.00948	0.01658	0.01125	0.01303	0.00770	0.00888	0.00711	0.00474	0.00355	0.00118	0.00592	0.00296	0.00237	0.00711
8	0.01316	0.46071	0.36255	0.01229	0.01857	0.01788	0.01438	0.01701	0.01145	0.01504	0.00870	0.01014	0.00707	0.00497	0.00432	0.00144	0.00693	0.00347	0.00236	0.00759
9	0.01307	0.01494	0.03268	0.02334	0.02894	0.01401	0.75070	0.01774	0.01307	0.01774	0.01120	0.01494	0.00840	0.00467	0.00654	0.00187	0.00934	0.00654	0.00280	0.00747
10	0.00746	0.00578	0.00694	0.00746	0.00891	0.00526	0.00594	0.00930	0.01272	0.01605	0.10924	0.13882	0.38190	0.01457	0.00696	0.00212	0.00358	0.24693	0.00522	0.00484
11	0.01481	0.80869	0.02902	0.00948	0.01421	0.02191	0.00948	0.01658	0.01125	0.01303	0.00770	0.00888	0.00711	0.00474	0.00355	0.00118	0.00592	0.00296	0.00237	0.00711
12	0.65691	0.01180	0.01007	0.00853	0.01218	0.01351	0.00703	0.18395	0.01321	0.02714	0.00898	0.00998	0.00678	0.00548	0.00391	0.00170	0.00470	0.00345	0.00391	0.00678
13	0.01281	0.01224	0.02085	0.24401	0.56783	0.01292	0.01655	0.01621	0.01219	0.01700	0.01026	0.01400	0.00839	0.00510	0.00550	0.00170	0.00680	0.00493	0.00266	0.00805
14	0.01323	0.01128	0.01212	0.01115	0.01407	0.01295	0.00878	0.02742	0.67726	0.02243	0.02330	0.02533	0.01858	0.00838	0.00586	0.00195	0.00446	0.08749	0.00558	0.00836
15	0.00675	0.00482	0.00643	0.00771	0.00803	0.00450	0.00514	0.00771	0.01060	0.01414	0.03053	0.80175	0.03663	0.01735	0.00707	0.00225	0.00321	0.01574	0.00514	0.00450
16	0.00718	0.00552	0.00657	0.00654	0.00793	0.00491	0.00482	0.00910	0.01379	0.01827	0.38906	0.15151	0.32837	0.01321	0.00661	0.00186	0.00277	0.01146	0.00559	0.00491
17	0.84448	0.01071	0.00814	0.00728	0.01071	0.01242	0.00600	0.01628	0.00943	0.02485	0.00771	0.00900	0.00600	0.00514	0.00343	0.00171	0.00428	0.00300	0.00343	0.00600
18	0.06798	0.01477	0.01435	0.01179	0.01552	0.09199	0.00947	0.39304	0.22043	0.04602	0.01537	0.01512	0.01130	0.00669	0.00532	0.00169	0.00574	0.00509	0.03977	0.00856
19	0.00791	0.00593	0.00890	0.00890	0.00989	0.00692	0.00692	0.00989	0.00890	0.01286	0.01483	0.02176	0.01385	0.04154	0.78341	0.00890	0.01483	0.00593	0.00297	0.00494
20	0.00885	0.00592	0.00754	0.00698	0.00858	0.00535	0.00529	0.01126	0.01527	0.07370	0.61915	0.04142	0.14689	0.01138	0.00647	0.00176	0.00279	0.00993	0.00602	0.00544
21	0.01032	0.00516	0.00516	0.00516	0.00645	0.00516	0.00387	0.01290	0.01161	0.02065	0.01807	0.02065	0.01420	0.00645	0.00387	0.00129	0.00258	0.00516	0.83611	0.00516
22	0.03545	0.01160	0.01250	0.01108	0.01430	0.01310	0.00874	0.06497	0.60714	0.08945	0.02194	0.02164	0.01662	0.00769	0.00566	0.00188	0.00453	0.03744	0.00566	0.00863
23	0.01208	0.23451	0.57935	0.01412	0.02140	0.01525	0.01756	0.01729	0.01158	0.01635	0.00935	0.01095	0.00704	0.00512	0.00481	0.00160	0.00759	0.00379	0.00235	0.00790
24	0.01220	0.01287	0.02527	0.11205	0.21326	0.01256	0.39977	0.01605	0.01268	0.01711	0.01585	0.01888	0.09303	0.00588	0.00616	0.00181	0.00770	0.00652	0.00301	0.00733
25	0.01148	0.00984	0.01148	0.00820	0.01312	0.00738	0.00656	0.01395	0.01148	0.01805	0.00984	0.01148	0.00820	0.00410	0.00410	0.00082	0.00410	0.00328	0.00328	0.83922
26	0.84448	0.01071	0.00814	0.00728	0.01071	0.01242	0.00600	0.01628	0.00943	0.02485	0.00771	0.00900	0.00600	0.00514	0.00343	0.00171	0.00428	0.00300	0.00343	0.00600
27	0.01111	0.02865	0.77667	0.01579	0.02397	0.01286	0.02046	0.01754	0.01169	0.01754	0.00994	0.01169	0.00702	0.00526	0.00526	0.00175	0.00818	0.00409	0.00234	0.00818
28	0.00805	0.00537	0.00604	0.00604	0.00604	0.00537	0.00336	0.00805	0.00805	0.01074	0.01745	0.03624	0.02013	0.80536	0.02819	0.00537	0.00537	0.00805	0.00336	0.00336
29	0.01162	0.01103	0.01872	0.52029	0.30080	0.01261	0.01596	0.01517	0.01163	0.01556	0.01005	0.01439	0.00788	0.00532	0.00552	0.00177	0.00709	0.00493	0.00256	0.00709
30	0.00962	0.00481	0.00722	0.00722	0.00722	0.00481	0.00481	0.00722	0.00722	0.00962	0.00962	0.01684	0.00962	0.01924	0.02165	0.83886	0.00481	0.00481	0.00241	0.00241
31	0.01442	0.01417	0.02924	0.02113	0.02621	0.01362	0.60986	0.03179	0.01331	0.09922	0.01213	0.01515	0.00892	0.00526	0.00716	0.00188	0.05932	0.00630	0.00326	0.00762
32	0.01174	0.01005	0.01177	0.00850	0.01327	0.00790	0.00682	0.03219	0.01176	0.01833	0.00985	0.01155	0.00821	0.00433	0.00455	0.00089	0.02723	0.00337	0.00331	0.79439
33	0.84448	0.01071	0.00814	0.00728	0.01071	0.01242	0.00600	0.01628	0.00943	0.02485	0.00771	0.00900	0.00600	0.00514	0.00343	0.00171	0.00428	0.00300	0.00343	0.00600
34	0.02099	0.01489	0.01618	0.01238	0.01682	0.01621	0.01022	0.67634	0.02483	0.08592	0.01377	0.01362	0.00968	0.00658	0.00549	0.00164	0.00593	0.00497	0.00555	0.03799
35	0.00674	0.00485	0.00639	0.00762	0.00801	0.00451	0.00510	0.00772	0.01069	0.01417	0.03159	0.77060	0.06709	0.01721	0.00705	0.00223	0.00320	0.01558	0.00514	0.00451
36	0.01367	0.01173	0.01234	0.01106	0.01418	0.01347	0.00862	0.04957	0.70643	0.02315	0.02375	0.02189	0.04979	0.00778	0.00567	0.00187	0.00436	0.00646	0.00561	0.00861
37	0.01307	0.01494	0.03268	0.02334	0.02894	0.01401	0.75070	0.01774	0.01307	0.01774	0.01120	0.01494	0.00840	0.00467	0.00654	0.00187	0.00934	0.00654	0.00280	0.00747
