[name]
unknown

[dist]
# distance from previous block
# <min> <max>
7	115

[block]
# block no. 0 follows, 46 sequences, length 30
# corresponding to MSA columns:
# 166-195
name=unknown_A
#
# <colnr> <probs for GDERKNQSTAVLIFYWHMCP>
#	G	D	E	R	K	N	Q	S	T	A	V	L	I	F	Y	W	H	M	C	P
0	0.01164	0.04460	0.21289	0.01123	0.01618	0.01035	0.05263	0.05463	0.02446	0.03041	0.01074	0.04866	0.00900	0.00542	0.00545	0.00132	0.05828	0.00432	0.00308	0.38468
1	0.01180	0.09978	0.56011	0.01438	0.05047	0.01309	0.01658	0.09073	0.01275	0.01827	0.05584	0.01284	0.00960	0.00544	0.00497	0.00161	0.00703	0.00426	0.00277	0.00768
2	0.01313	0.01324	0.01779	0.09757	0.41020	0.11999	0.03068	0.01589	0.01201	0.01616	0.00966	0.01249	0.00804	0.00563	0.02594	0.00159	0.00660	0.00427	0.00272	0.17640
3	0.00755	0.00578	0.00715	0.00745	0.00866	0.00537	0.00531	0.00994	0.06860	0.01561	0.12450	0.49814	0.09249	0.01356	0.00627	0.00190	0.00316	0.02494	0.00488	0.08874
4	0.01174	0.04996	0.53985	0.01425	0.01996	0.01318	0.01666	0.01636	0.01070	0.06265	0.00954	0.01158	0.00715	0.00605	0.00776	0.00180	0.18680	0.00412	0.00252	0.00739
5	0.01205	0.47801	0.24196	0.01053	0.01541	0.01613	0.01147	0.01491	0.01078	0.01382	0.01100	0.12105	0.01069	0.00634	0.00433	0.00143	0.00591	0.00484	0.00262	0.00673
6	0.00970	0.00812	0.00918	0.05028	0.01178	0.00873	0.00676	0.01726	0.34557	0.01872	0.15361	0.12444	0.19421	0.01019	0.00587	0.00181	0.00359	0.00874	0.00513	0.00632
7	0.00637	0.00536	0.00553	0.00549	0.00722	0.00452	0.00412	0.00783	0.01235	0.01499	0.12743	0.04972	0.70477	0.01313	0.00625	0.00177	0.00266	0.01099	0.00500	0.00452
8	0.00927	0.00542	0.00578	0.00589	0.00713	0.00542	0.00433	0.02589	0.05176	0.01844	0.02244	0.18108	0.07388	0.00884	0.00462	0.00149	0.00276	0.00747	0.55305	0.00503
9	0.01030	0.00970	0.01553	0.47710	0.08659	0.01220	0.01319	0.01308	0.00990	0.01349	0.00944	0.01422	0.00783	0.01004	0.09801	0.00264	0.18360	0.00479	0.00242	0.00592
10	0.00839	0.00600	0.00838	0.00959	0.01076	0.00598	0.00830	0.01074	0.01205	0.01568	0.02806	0.10478	0.03070	0.01472	0.00727	0.00242	0.00476	0.70173	0.00487	0.00483
11	0.00785	0.00583	0.00761	0.00852	0.00983	0.00559	0.00721	0.00993	0.01203	0.01532	0.03438	0.09750	0.21614	0.01441	0.00701	0.00226	0.00423	0.52475	0.00488	0.00474
12	0.01863	0.06502	0.03776	0.16973	0.01904	0.05311	0.01013	0.14481	0.05056	0.35427	0.01532	0.01513	0.01039	0.00605	0.00514	0.00161	0.00566	0.00482	0.00482	0.00800
13	0.01527	0.01766	0.06207	0.23084	0.09996	0.32250	0.01243	0.07513	0.08331	0.01615	0.01033	0.01241	0.00805	0.00553	0.00507	0.00157	0.00765	0.00426	0.00302	0.00681
14	0.00998	0.00940	0.01586	0.80150	0.03641	0.01175	0.01468	0.01351	0.01057	0.01351	0.00940	0.01409	0.00705	0.00529	0.00529	0.00176	0.00705	0.00470	0.00235	0.00587
15	0.01656	0.06606	0.08203	0.01170	0.07809	0.00951	0.03143	0.03897	0.01339	0.32778	0.06022	0.01568	0.01239	0.00568	0.00490	0.00140	0.00492	0.00471	0.00453	0.21004
16	0.00918	0.00459	0.00689	0.00689	0.00689	0.00459	0.00459	0.00689	0.00689	0.00918	0.00918	0.01607	0.00918	0.01837	0.02066	0.84619	0.00459	0.00459	0.00230	0.00230
17	0.01315	0.01136	0.01195	0.01076	0.01375	0.01315	0.00837	0.02809	0.77168	0.02211	0.02152	0.01972	0.01614	0.00717	0.00538	0.00179	0.00418	0.00598	0.00538	0.00837
18	0.01315	0.01136	0.01195	0.01076	0.01375	0.01315	0.00837	0.02809	0.77168	0.02211	0.02152	0.01972	0.01614	0.00717	0.00538	0.00179	0.00418	0.00598	0.00538	0.00837
19	0.00998	0.00940	0.01586	0.80150	0.03641	0.01175	0.01468	0.01351	0.01057	0.01351	0.00940	0.01409	0.00705	0.00529	0.00529	0.00176	0.00705	0.00470	0.00235	0.00587
20	0.00655	0.00468	0.00626	0.00749	0.00784	0.00439	0.00510	0.00755	0.01023	0.01362	0.02908	0.77104	0.03472	0.01646	0.00678	0.00216	0.00316	0.05366	0.00491	0.00432
21	0.01210	0.01689	0.18329	0.02083	0.02667	0.01315	0.61258	0.01690	0.01221	0.01690	0.01045	0.01364	0.00775	0.00457	0.00599	0.00176	0.00869	0.00577	0.00258	0.00727
22	0.01975	0.02520	0.01498	0.01362	0.01634	0.79299	0.01021	0.02111	0.01498	0.01294	0.00817	0.00953	0.00681	0.00545	0.00477	0.00136	0.00953	0.00340	0.00272	0.00613
23	0.01967	0.01467	0.01620	0.01338	0.06237	0.01616	0.01042	0.71868	0.02409	0.03235	0.01253	0.01272	0.00895	0.00625	0.00529	0.00159	0.00585	0.00476	0.00513	0.00895
24	0.00635	0.00536	0.00550	0.00546	0.00720	0.00451	0.00410	0.00779	0.01229	0.01486	0.11383	0.04993	0.71845	0.01317	0.00625	0.00177	0.00266	0.01102	0.00498	0.00451
25	0.00998	0.00940	0.01586	0.80150	0.03641	0.01175	0.01468	0.01351	0.01057	0.01351	0.00940	0.01409	0.00705	0.00529	0.00529	0.00176	0.00705	0.00470	0.00235	0.00587
26	0.01646	0.08924	0.06149	0.01123	0.02683	0.14290	0.00927	0.23867	0.02868	0.13303	0.01585	0.17321	0.01422	0.00802	0.00531	0.00163	0.00578	0.00647	0.00445	0.00727
27	0.00654	0.00478	0.00624	0.00719	0.00773	0.00448	0.00492	0.00763	0.01044	0.01386	0.06552	0.64922	0.11014	0.01738	0.05476	0.00248	0.00368	0.01381	0.00482	0.00437
28	0.01188	0.00805	0.00959	0.00824	0.01046	0.00816	0.00645	0.17468	0.06324	0.08264	0.48261	0.03017	0.03492	0.00914	0.00582	0.00164	0.00347	0.00782	0.03467	0.00636
29	0.01157	0.00977	0.01129	0.00817	0.01279	0.00777	0.00655	0.05954	0.03013	0.01833	0.00989	0.01128	0.00810	0.00414	0.00403	0.00086	0.00404	0.00330	0.00332	0.77514

[dist]
# distance from previous block
# <min> <max>
0	1

[block]
# block no. 1 follows, 46 sequences, length 14
# corresponding to MSA columns:
# 197-210
name=unknown_B
#
# <colnr> <probs for GDERKNQSTAVLIFYWHMCP>
#	G	D	E	R	K	N	Q	S	T	A	V	L	I	F	Y	W	H	M	C	P
0	0.00750	0.00497	0.00592	0.00620	0.00627	0.00490	0.00368	0.00756	0.00819	0.01092	0.01904	0.21031	0.02219	0.58326	0.02193	0.05643	0.00462	0.00917	0.00354	0.00340
1	0.01511	0.64110	0.02455	0.00953	0.01381	0.05547	0.00901	0.04479	0.07020	0.05995	0.00948	0.01011	0.00796	0.00496	0.00379	0.00124	0.00566	0.00331	0.00289	0.00709
2	0.01513	0.03158	0.01770	0.09397	0.05466	0.03401	0.11984	0.09019	0.01265	0.17048	0.01142	0.01352	0.00865	0.00657	0.00886	0.00179	0.24275	0.00486	0.00358	0.05779
3	0.01532	0.10545	0.11334	0.01194	0.05105	0.10575	0.01026	0.23004	0.01557	0.03949	0.01042	0.01146	0.00804	0.00514	0.00458	0.00130	0.00591	0.00385	0.01886	0.23221
4	0.00649	0.00471	0.00612	0.00714	0.00764	0.00435	0.00483	0.00754	0.01058	0.01402	0.07569	0.69909	0.10041	0.01595	0.00667	0.00209	0.00300	0.01437	0.00496	0.00435
5	0.00742	0.00540	0.00699	0.00659	0.00786	0.00496	0.00494	0.00986	0.01483	0.02087	0.74393	0.04003	0.08460	0.01093	0.00624	0.00167	0.00250	0.00964	0.00578	0.00496
6	0.00829	0.00653	0.00935	0.00910	0.00966	0.00780	0.00699	0.00949	0.00896	0.01284	0.06045	0.17142	0.01794	0.02543	0.36784	0.08400	0.16865	0.00739	0.00325	0.00464
7	0.20911	0.08248	0.01415	0.01147	0.01455	0.50362	0.00894	0.01973	0.01330	0.06568	0.00875	0.00979	0.00697	0.00532	0.00435	0.00142	0.00766	0.00336	0.00306	0.00627
8	0.00728	0.00540	0.00678	0.00644	0.00777	0.00490	0.00483	0.00958	0.01448	0.02005	0.65851	0.04137	0.17053	0.01123	0.00624	0.00168	0.00252	0.00982	0.00567	0.00490
9	0.00639	0.00481	0.00592	0.00680	0.00752	0.00434	0.00466	0.00742	0.01066	0.01372	0.03597	0.59815	0.24316	0.01567	0.00661	0.00205	0.00296	0.01395	0.00491	0.00434
10	0.01309	0.05055	0.04225	0.14790	0.01852	0.01557	0.01194	0.16344	0.01210	0.01710	0.00862	0.01206	0.00735	0.00763	0.01180	0.00200	0.44406	0.00456	0.00291	0.00656
11	0.48890	0.01117	0.00997	0.00848	0.01182	0.05665	0.00687	0.12244	0.01274	0.15332	0.01240	0.04886	0.02458	0.00613	0.00421	0.00164	0.00464	0.00431	0.00419	0.00667
12	0.02203	0.00936	0.01216	0.00946	0.01339	0.00850	0.00777	0.08236	0.04889	0.65109	0.02202	0.01944	0.05446	0.00693	0.00537	0.00165	0.00449	0.00562	0.00631	0.00872
13	0.01482	0.01044	0.01589	0.26516	0.21871	0.01128	0.01236	0.01919	0.10723	0.21644	0.01394	0.01545	0.01009	0.00587	0.00579	0.00171	0.03907	0.00502	0.00389	0.00764

[dist]
# distance from previous block
# <min> <max>
0	3

[block]
# block no. 2 follows, 46 sequences, length 14
# corresponding to MSA columns:
# 214-227
name=unknown_C
#
# <colnr> <probs for GDERKNQSTAVLIFYWHMCP>
#	G	D	E	R	K	N	Q	S	T	A	V	L	I	F	Y	W	H	M	C	P
0	0.01529	0.03622	0.01678	0.17770	0.16573	0.28151	0.01228	0.08890	0.04627	0.01619	0.00962	0.01206	0.00778	0.00579	0.00624	0.00161	0.08597	0.00426	0.00293	0.00686
1	0.01621	0.00997	0.01187	0.00934	0.01293	0.00944	0.00746	0.23076	0.01579	0.21760	0.03757	0.08954	0.01337	0.00761	0.00608	0.05606	0.00453	0.00556	0.00482	0.23350
2	0.01289	0.35556	0.37955	0.01267	0.01867	0.04596	0.04357	0.04719	0.01175	0.01549	0.00872	0.01017	0.00688	0.00486	0.00439	0.00144	0.00694	0.00356	0.00241	0.00734
3	0.01067	0.01059	0.01663	0.01395	0.01490	0.01329	0.13503	0.01233	0.00924	0.01358	0.01210	0.17517	0.01284	0.00995	0.01334	0.00219	0.50858	0.00702	0.00290	0.00570
4	0.02346	0.00942	0.01253	0.00961	0.01371	0.00840	0.00794	0.07951	0.01584	0.73015	0.02026	0.01761	0.01279	0.00653	0.00531	0.00163	0.00459	0.00528	0.00645	0.00900
5	0.00644	0.00460	0.00613	0.00736	0.00767	0.00429	0.00491	0.00736	0.01012	0.01350	0.02914	0.81076	0.03497	0.01656	0.00675	0.00215	0.00307	0.01503	0.00491	0.00429
6	0.01319	0.01508	0.02727	0.07105	0.06443	0.10644	0.56090	0.01703	0.01248	0.01611	0.01014	0.01353	0.00779	0.00481	0.00634	0.00174	0.03641	0.00567	0.00264	0.00695
7	0.00769	0.00513	0.00577	0.00577	0.00577	0.00513	0.00320	0.00769	0.00769	0.01025	0.01666	0.03460	0.01922	0.81421	0.02691	0.00513	0.00513	0.00769	0.00320	0.00320
8	0.00767	0.00520	0.00614	0.00614	0.00626	0.00533	0.00367	0.00793	0.00780	0.01052	0.01632	0.03272	0.01841	0.70912	0.13089	0.00558	0.00635	0.00741	0.00315	0.00341
9	0.00998	0.00940	0.01586	0.80150	0.03641	0.01175	0.01468	0.01351	0.01057	0.01351	0.00940	0.01409	0.00705	0.00529	0.00529	0.00176	0.00705	0.00470	0.00235	0.00587
10	0.00888	0.00470	0.00666	0.00666	0.00666	0.00470	0.00431	0.00705	0.00705	0.00940	0.01071	0.01985	0.01123	0.18084	0.02194	0.67449	0.00470	0.00522	0.00248	0.00248
11	0.01151	0.00680	0.00862	0.00762	0.00965	0.00640	0.00589	0.04438	0.05557	0.17699	0.48590	0.06423	0.07515	0.00992	0.00598	0.00169	0.00316	0.00861	0.00584	0.00609
12	0.00984	0.02192	0.59249	0.01334	0.01946	0.01079	0.01623	0.01494	0.01079	0.01603	0.04538	0.01441	0.00999	0.01235	0.16600	0.00307	0.00887	0.00452	0.00252	0.00705
13	0.01064	0.01007	0.01704	0.63851	0.19427	0.01192	0.01501	0.01408	0.01088	0.01430	0.00951	0.01388	0.00733	0.00516	0.00527	0.00172	0.00688	0.00470	0.00241	0.00640

[dist]
# distance from previous block
# <min> <max>
2	3

[block]
# block no. 3 follows, 46 sequences, length 29
# corresponding to MSA columns:
# 231-259
name=unknown_D
#
# <colnr> <probs for GDERKNQSTAVLIFYWHMCP>
#	G	D	E	R	K	N	Q	S	T	A	V	L	I	F	Y	W	H	M	C	P
0	0.00741	0.00515	0.00585	0.00590	0.00623	0.00502	0.00356	0.00777	0.00866	0.01137	0.04433	0.08105	0.12606	0.61251	0.04406	0.00449	0.00485	0.00859	0.00360	0.00353
1	0.01190	0.01075	0.01691	0.43002	0.13955	0.02530	0.05594	0.05196	0.05239	0.04259	0.01077	0.01436	0.00835	0.00715	0.04078	0.00205	0.06480	0.00490	0.00289	0.00666
2	0.01161	0.01139	0.01504	0.01257	0.01364	0.03056	0.01040	0.01303	0.00886	0.01369	0.00749	0.01139	0.00713	0.00803	0.01420	0.00196	0.61581	0.00428	0.00250	0.18642
3	0.06180	0.61629	0.12187	0.00990	0.01466	0.04479	0.01020	0.01653	0.03749	0.01399	0.00815	0.00926	0.00704	0.00473	0.00371	0.00126	0.00592	0.00310	0.00244	0.00689
4	0.03703	0.01014	0.01450	0.47118	0.02694	0.04495	0.03604	0.01496	0.05171	0.04289	0.01068	0.01408	0.00824	0.00728	0.05318	0.00199	0.00682	0.00454	0.00287	0.13998
5	0.01465	0.26548	0.31306	0.01182	0.01730	0.05629	0.01288	0.08126	0.01308	0.12079	0.03890	0.01235	0.00938	0.00542	0.00462	0.00148	0.00643	0.00402	0.00324	0.00756
6	0.01355	0.01127	0.01197	0.01071	0.01374	0.01295	0.00835	0.02800	0.74324	0.05079	0.02149	0.01966	0.01602	0.00715	0.00538	0.00179	0.00420	0.00595	0.00542	0.00839
7	0.01039	0.00934	0.01233	0.01098	0.01151	0.01209	0.00866	0.01324	0.10978	0.01338	0.01196	0.01887	0.01167	0.18610	0.12471	0.00370	0.41728	0.00561	0.00298	0.00543
8	0.04125	0.00698	0.00882	0.02834	0.01071	0.00697	0.00669	0.06836	0.01195	0.10438	0.02177	0.27451	0.02272	0.07716	0.04683	0.00252	0.01754	0.15338	0.03551	0.05361
9	0.01140	0.01231	0.09045	0.02498	0.51077	0.01079	0.04683	0.01440	0.01156	0.01640	0.01406	0.18433	0.01391	0.00727	0.00558	0.00171	0.00585	0.00692	0.00308	0.00739
10	0.00687	0.00543	0.00630	0.00681	0.00822	0.00486	0.00533	0.00843	0.01178	0.01456	0.04304	0.17290	0.46650	0.01421	0.00660	0.00201	0.00331	0.20341	0.00490	0.00454
11	0.00666	0.00538	0.00594	0.00594	0.00752	0.00466	0.00449	0.00831	0.01270	0.01601	0.22791	0.07358	0.54292	0.01292	0.00631	0.00180	0.00275	0.04447	0.00513	0.00460
12	0.01165	0.01706	0.29131	0.01529	0.07283	0.01127	0.15505	0.06669	0.01241	0.01804	0.04410	0.03330	0.01008	0.00543	0.00555	0.00152	0.03288	0.00485	0.00297	0.18771
13	0.00876	0.00601	0.00699	0.03130	0.00932	0.00536	0.00538	0.01055	0.02283	0.10385	0.06280	0.09852	0.50971	0.01253	0.00624	0.00185	0.00329	0.08454	0.00504	0.00513
14	0.00643	0.00463	0.00611	0.00729	0.00765	0.00430	0.00487	0.00737	0.01019	0.01352	0.03004	0.78277	0.06238	0.01645	0.00673	0.00213	0.00305	0.01489	0.00491	0.00430
15	0.50200	0.01026	0.00985	0.00827	0.01179	0.01113	0.00677	0.06319	0.08020	0.23151	0.01262	0.01239	0.00886	0.00564	0.00414	0.00165	0.00431	0.00392	0.00447	0.00705
16	0.02548	0.01230	0.07100	0.48071	0.05493	0.01293	0.06985	0.17526	0.01385	0.01853	0.01019	0.01348	0.00754	0.00541	0.00531	0.00171	0.00690	0.00474	0.00302	0.00685
17	0.03163	0.01029	0.01266	0.12182	0.03431	0.06986	0.00901	0.07538	0.01388	0.33400	0.08141	0.01828	0.01423	0.02926	0.07633	0.00236	0.04794	0.00540	0.00472	0.00723
18	0.05057	0.01442	0.07906	0.16433	0.02193	0.01446	0.11095	0.41972	0.01859	0.03729	0.01145	0.01296	0.00824	0.00573	0.00531	0.00166	0.00653	0.00481	0.00407	0.00792
19	0.01136	0.01012	0.01658	0.02389	0.49091	0.01012	0.01332	0.01424	0.01209	0.01672	0.01675	0.03063	0.01668	0.00844	0.00601	0.00190	0.00575	0.28397	0.00347	0.00705
20	0.00651	0.00468	0.00618	0.00725	0.00767	0.00435	0.00489	0.00755	0.01051	0.01405	0.08203	0.73518	0.05741	0.01607	0.00670	0.00210	0.00302	0.01454	0.00497	0.00435
21	0.01975	0.02520	0.01498	0.01362	0.01634	0.79299	0.01021	0.02111	0.01498	0.01294	0.00817	0.00953	0.00681	0.00545	0.00477	0.00136	0.00953	0.00340	0.00272	0.00613
22	0.01500	0.01375	0.01808	0.01584	0.01623	0.01745	0.01266	0.01515	0.01056	0.01623	0.01100	0.01692	0.01068	0.01261	0.04808	0.00318	0.72952	0.00583	0.00361	0.00763
23	0.02311	0.00913	0.01225	0.00948	0.01351	0.00808	0.00780	0.02590	0.05846	0.74121	0.02089	0.01809	0.01326	0.00658	0.00532	0.00164	0.00448	0.00535	0.00648	0.00896
24	0.00998	0.00940	0.01586	0.80150	0.03641	0.01175	0.01468	0.01351	0.01057	0.01351	0.00940	0.01409	0.00705	0.00529	0.00529	0.00176	0.00705	0.00470	0.00235	0.00587
25	0.00974	0.00492	0.00497	0.00501	0.00621	0.00491	0.00374	0.01215	0.01105	0.01950	0.01764	0.04608	0.01426	0.00651	0.00380	0.00126	0.00248	0.00526	0.81560	0.00491
26	0.00630	0.00516	0.00555	0.00586	0.00727	0.00442	0.00424	0.00753	0.01156	0.01408	0.04737	0.24348	0.59048	0.01419	0.00637	0.00188	0.00278	0.01214	0.00491	0.00442
27	0.00655	0.00475	0.00619	0.00714	0.00766	0.00439	0.00486	0.00768	0.01081	0.01444	0.11755	0.66924	0.08785	0.01568	0.00665	0.00207	0.00297	0.01413	0.00501	0.00439
28	0.00659	0.00468	0.00618	0.00733	0.00764	0.00441	0.00490	0.00750	0.01002	0.01334	0.02824	0.73396	0.03374	0.07140	0.00815	0.00236	0.00326	0.03727	0.00479	0.00424

[dist]
# distance from previous block
# <min> <max>
0	1

[block]
# block no. 4 follows, 46 sequences, length 24
# corresponding to MSA columns:
# 261-284
name=unknown_E
#
# <colnr> <probs for GDERKNQSTAVLIFYWHMCP>
#	G	D	E	R	K	N	Q	S	T	A	V	L	I	F	Y	W	H	M	C	P
0	0.01449	0.59922	0.02346	0.00943	0.01360	0.01850	0.00883	0.01901	0.17175	0.06025	0.01114	0.01142	0.00913	0.00520	0.00393	0.00130	0.00527	0.00364	0.00317	0.00725
1	0.00973	0.00825	0.00915	0.01007	0.01141	0.09835	0.00853	0.01196	0.01239	0.01536	0.02572	0.09297	0.02789	0.01363	0.00698	0.00229	0.00532	0.62038	0.00462	0.00499
2	0.01116	0.00969	0.01191	0.05642	0.05745	0.00801	0.00745	0.01439	0.05730	0.01731	0.01016	0.01180	0.00832	0.00424	0.00416	0.00095	0.00425	0.00349	0.00319	0.69834
3	0.01477	0.05128	0.10878	0.11312	0.31838	0.07985	0.02502	0.16470	0.01460	0.04420	0.01047	0.01257	0.00809	0.00525	0.00512	0.00158	0.00669	0.00447	0.00319	0.00788
4	0.01175	0.00990	0.01586	0.13628	0.41809	0.01012	0.01204	0.01412	0.01109	0.06179	0.01441	0.02021	0.05431	0.17640	0.00988	0.00237	0.00584	0.00574	0.00307	0.00673
5	0.44226	0.01207	0.01056	0.05716	0.01348	0.09266	0.00757	0.17502	0.01323	0.02289	0.01114	0.09948	0.00988	0.00660	0.00437	0.00166	0.00509	0.00479	0.00377	0.00631
6	0.00787	0.04935	0.09926	0.00765	0.00980	0.00649	0.00674	0.01038	0.01325	0.01820	0.44373	0.13274	0.15282	0.01092	0.00601	0.00172	0.00338	0.00948	0.00496	0.00524
7	0.01401	0.10214	0.19760	0.01250	0.04319	0.01156	0.07997	0.06737	0.06171	0.13979	0.05560	0.01452	0.01130	0.00549	0.00492	0.00145	0.00572	0.00462	0.00375	0.16279
8	0.01177	0.00687	0.00924	0.03387	0.01066	0.00612	0.00601	0.01198	0.00962	0.12973	0.01184	0.03721	0.01024	0.01301	0.05292	0.37771	0.00492	0.00463	0.00329	0.24837
9	0.01401	0.62510	0.08476	0.00986	0.01444	0.01913	0.00983	0.05072	0.10072	0.01484	0.00942	0.01020	0.00797	0.00495	0.00384	0.00127	0.00566	0.00337	0.00276	0.00715
10	0.01060	0.02735	0.78682	0.01507	0.02288	0.01228	0.01953	0.01674	0.01116	0.01674	0.00949	0.01116	0.00670	0.00502	0.00502	0.00167	0.00781	0.00391	0.00223	0.00781
11	0.01506	0.54570	0.04810	0.05617	0.01509	0.01681	0.00930	0.01711	0.01145	0.14113	0.01002	0.01083	0.00801	0.00544	0.01652	0.00137	0.00564	0.00345	0.00304	0.05976
12	0.01116	0.00743	0.00920	0.00916	0.01090	0.00763	0.00721	0.05330	0.16021	0.10730	0.02495	0.25939	0.02533	0.04725	0.00729	0.00221	0.00423	0.23472	0.00512	0.00601
13	0.00761	0.00503	0.00607	0.00619	0.00643	0.00492	0.00381	0.00781	0.00888	0.01192	0.10304	0.13813	0.04872	0.50456	0.02054	0.09610	0.00442	0.00866	0.00368	0.00349
14	0.01348	0.00839	0.02847	0.00844	0.02341	0.05282	0.00663	0.01573	0.01455	0.26636	0.37418	0.03093	0.11638	0.00916	0.00581	0.00165	0.00377	0.00779	0.00562	0.00642
15	0.03809	0.00860	0.01054	0.00903	0.01171	0.00850	0.00723	0.14227	0.04930	0.23520	0.20104	0.10806	0.02464	0.00921	0.00593	0.00174	0.01596	0.07153	0.00552	0.03589
16	0.00667	0.00476	0.00640	0.00762	0.00803	0.00449	0.00531	0.00776	0.01035	0.01375	0.02901	0.72782	0.03446	0.01635	0.00681	0.00218	0.00327	0.09570	0.00490	0.00436
17	0.00634	0.00531	0.00552	0.00557	0.00722	0.00448	0.00414	0.00772	0.01210	0.01466	0.09726	0.10222	0.68246	0.01344	0.00628	0.00180	0.00269	0.01132	0.00497	0.00448
18	0.01534	0.33937	0.22927	0.01130	0.01641	0.08034	0.01178	0.04023	0.05121	0.14180	0.01110	0.01156	0.00834	0.00526	0.00442	0.00143	0.00630	0.00379	0.00324	0.00752
19	0.15227	0.01246	0.01358	0.01057	0.01461	0.01327	0.00873	0.43920	0.01963	0.24205	0.01414	0.01353	0.00962	0.00617	0.00498	0.00161	0.00518	0.00462	0.00532	0.00848
20	0.00755	0.00566	0.00850	0.00850	0.00944	0.00661	0.00661	0.00944	0.00850	0.01227	0.01416	0.02077	0.01322	0.03965	0.79326	0.00850	0.01416	0.00566	0.00283	0.00472
21	0.85155	0.01022	0.00777	0.00695	0.01022	0.01186	0.00573	0.01554	0.00900	0.02372	0.00736	0.00859	0.00573	0.00491	0.00327	0.00164	0.00409	0.00286	0.00327	0.00573
22	0.01233	0.01200	0.01879	0.27515	0.44548	0.05822	0.03289	0.01549	0.01171	0.01591	0.01001	0.01352	0.00808	0.00500	0.00518	0.00161	0.00661	0.00468	0.04008	0.00726
23	0.02267	0.05105	0.01356	0.01021	0.03264	0.02414	0.00823	0.07061	0.01543	0.66521	0.01915	0.01690	0.01227	0.00636	0.00520	0.00160	0.00478	0.00510	0.00608	0.00881

[dist]
# distance from previous block
# <min> <max>
0	3

[block]
# block no. 5 follows, 46 sequences, length 15
# corresponding to MSA columns:
# 288-302
name=unknown_F
#
# <colnr> <probs for GDERKNQSTAVLIFYWHMCP>
#	G	D	E	R	K	N	Q	S	T	A	V	L	I	F	Y	W	H	M	C	P
0	0.57537	0.01041	0.00915	0.07187	0.01281	0.04598	0.00671	0.01577	0.01002	0.06109	0.00899	0.01039	0.00689	0.00502	0.00369	0.00153	0.00449	0.00330	0.04784	0.08871
1	0.00761	0.00629	0.00639	0.00603	0.00805	0.00564	0.00461	0.08206	0.01331	0.01616	0.04953	0.04712	0.70323	0.01269	0.00615	0.00177	0.00299	0.01053	0.00495	0.00491
2	0.00859	0.00675	0.00829	0.00698	0.00942	0.00566	0.00537	0.01098	0.01346	0.01949	0.48018	0.03045	0.07430	0.00862	0.00545	0.00137	0.00298	0.00747	0.00486	0.28932
3	0.01248	0.01426	0.03119	0.02228	0.02763	0.01337	0.76203	0.01693	0.01248	0.01693	0.01070	0.01426	0.00802	0.00446	0.00624	0.00178	0.00891	0.00624	0.00267	0.00713
4	0.01060	0.02735	0.78682	0.01507	0.02288	0.01228	0.01953	0.01674	0.01116	0.01674	0.00949	0.01116	0.00670	0.00502	0.00502	0.00167	0.00781	0.00391	0.00223	0.00781
5	0.02098	0.01167	0.01375	0.01061	0.01461	0.01188	0.00874	0.39058	0.01994	0.36776	0.06104	0.01662	0.01320	0.00669	0.00536	0.00161	0.00504	0.00529	0.00588	0.00876
6	0.00748	0.00540	0.00707	0.00665	0.00790	0.00499	0.00499	0.00998	0.01496	0.02120	0.77844	0.03949	0.04988	0.01081	0.00624	0.00166	0.00249	0.00956	0.00582	0.00499
7	0.01308	0.01256	0.02146	0.03245	0.78123	0.01256	0.01622	0.01622	0.01204	0.01727	0.00994	0.01308	0.00837	0.00471	0.00523	0.00157	0.00628	0.00471	0.00262	0.00837
8	0.00688	0.00548	0.00698	0.08496	0.01053	0.00523	0.00578	0.00836	0.01117	0.01415	0.05546	0.36971	0.31826	0.01395	0.00644	0.00198	0.00342	0.06201	0.00468	0.00457
9	0.00769	0.00513	0.00577	0.00577	0.00577	0.00513	0.00320	0.00769	0.00769	0.01025	0.01666	0.03460	0.01922	0.81421	0.02691	0.00513	0.00513	0.00769	0.00320	0.00320
10	0.01176	0.03862	0.02128	0.31076	0.02738	0.06606	0.31245	0.01521	0.01185	0.03112	0.01329	0.03626	0.04970	0.00590	0.00571	0.00175	0.00748	0.02421	0.00285	0.00635
11	0.01129	0.01048	0.01718	0.08526	0.47256	0.01053	0.03980	0.03077	0.01208	0.01654	0.01825	0.08662	0.11291	0.00742	0.00564	0.00171	0.00561	0.04495	0.00327	0.00711
12	0.00809	0.00586	0.00797	0.00907	0.01025	0.00574	0.00771	0.01026	0.01195	0.01543	0.03062	0.13444	0.10463	0.01468	0.00714	0.00234	0.00447	0.59969	0.00488	0.00477
13	0.01279	0.07258	0.13127	0.01799	0.28271	0.04913	0.01222	0.03188	0.01194	0.03394	0.00972	0.01168	0.00787	0.00459	0.00460	0.00128	0.00577	0.00387	0.00286	0.29131
14	0.01212	0.25284	0.48860	0.01369	0.02025	0.01500	0.06439	0.04666	0.01168	0.01619	0.00908	0.01065	0.00690	0.00490	0.00464	0.00152	0.00718	0.00378	0.00239	0.00752

[dist]
# distance from previous block
# <min> <max>
0	4

[block]
# block no. 6 follows, 46 sequences, length 155
# corresponding to MSA columns:
# 307-461
name=unknown_G
#
# <colnr> <probs for GDERKNQSTAVLIFYWHMCP>
#	G	D	E	R	K	N	Q	S	T	A	V	L	I	F	Y	W	H	M	C	P
0	0.01020	0.00955	0.01579	0.71148	0.06991	0.01147	0.01418	0.01362	0.01067	0.01394	0.00942	0.01383	0.00716	0.00517	0.00519	0.00169	0.00680	0.00459	0.00241	0.06293
1	0.04474	0.01188	0.01258	0.02815	0.01458	0.01364	0.00871	0.15689	0.59579	0.02396	0.01918	0.01796	0.01430	0.00690	0.00528	0.00175	0.00453	0.00562	0.00522	0.00833
2	0.00984	0.00641	0.00754	0.00693	0.00880	0.01992	0.00528	0.01215	0.03446	0.13241	0.36493	0.07754	0.27135	0.01108	0.00608	0.00172	0.00306	0.00949	0.00553	0.00550
3	0.01220	0.01145	0.01776	0.12680	0.48420	0.03846	0.01367	0.05089	0.01219	0.01673	0.01282	0.13550	0.01223	0.00681	0.00574	0.00169	0.02425	0.00625	0.00306	0.00731
4	0.01995	0.01474	0.01578	0.01213	0.01634	0.01633	0.01001	0.74846	0.04023	0.03309	0.01287	0.01284	0.00914	0.00636	0.00529	0.00159	0.00578	0.00478	0.00529	0.00898
5	0.00755	0.00566	0.00850	0.00850	0.00944	0.00661	0.00661	0.00944	0.00850	0.01227	0.01416	0.02077	0.01322	0.03965	0.79326	0.00850	0.01416	0.00566	0.00283	0.00472
6	0.01635	0.43934	0.06042	0.01130	0.01522	0.35023	0.01007	0.01813	0.01257	0.01287	0.00781	0.00906	0.00679	0.00494	0.00406	0.00126	0.00742	0.00313	0.00246	0.00656
7	0.02199	0.01053	0.01249	0.00993	0.01378	0.06184	0.00806	0.04144	0.11405	0.61709	0.01991	0.01753	0.01297	0.00655	0.00529	0.00164	0.00483	0.00526	0.00611	0.00872
8	0.00689	0.00487	0.00627	0.00693	0.00739	0.00459	0.00463	0.00799	0.01076	0.01462	0.19184	0.50523	0.03549	0.15487	0.01016	0.00256	0.00330	0.01254	0.00481	0.00426
9	0.00746	0.00506	0.00596	0.00618	0.00627	0.00505	0.00366	0.00771	0.00816	0.01092	0.01874	0.17087	0.02171	0.63699	0.05946	0.00476	0.00519	0.00889	0.00349	0.00347
10	0.01429	0.01410	0.02037	0.02900	0.64535	0.09861	0.01515	0.06739	0.01323	0.01788	0.00994	0.01267	0.00824	0.00490	0.00519	0.00155	0.00661	0.00457	0.00281	0.00817
11	0.01353	0.00689	0.00911	0.00777	0.01008	0.00623	0.00609	0.03342	0.01518	0.29253	0.47846	0.04441	0.03559	0.00929	0.00590	0.00166	0.00329	0.00803	0.00605	0.00649
12	0.00630	0.00537	0.00542	0.00545	0.00722	0.00450	0.00412	0.00766	0.01205	0.01431	0.05300	0.05107	0.76272	0.01342	0.00627	0.00180	0.00273	0.02721	0.00491	0.00447
13	0.00770	0.00575	0.00724	0.00807	0.00890	0.00573	0.00581	0.02510	0.09443	0.01515	0.02850	0.59424	0.05211	0.01500	0.00662	0.00212	0.00346	0.10419	0.00496	0.00491
14	0.01017	0.00882	0.01431	0.60888	0.08153	0.01060	0.01285	0.01348	0.01076	0.01486	0.01082	0.01502	0.00828	0.00540	0.00500	0.00166	0.00619	0.00474	0.15077	0.00588
15	0.01093	0.00973	0.01551	0.68163	0.04568	0.01187	0.01382	0.08132	0.01180	0.01536	0.00984	0.01410	0.00742	0.00573	0.00566	0.02414	0.00677	0.00471	0.01788	0.00608
16	0.85155	0.01022	0.00777	0.00695	0.01022	0.01186	0.00573	0.01554	0.00900	0.02372	0.00736	0.00859	0.00573	0.00491	0.00327	0.00164	0.00409	0.00286	0.00327	0.00573
17	0.00998	0.00940	0.01586	0.80150	0.03641	0.01175	0.01468	0.01351	0.01057	0.01351	0.00940	0.01409	0.00705	0.00529	0.00529	0.00176	0.00705	0.00470	0.00235	0.00587
18	0.04483	0.01002	0.14576	0.00944	0.01188	0.00805	0.00871	0.01239	0.06147	0.01541	0.09860	0.02053	0.01603	0.02575	0.45839	0.00559	0.01032	0.00567	0.02556	0.00559
19	0.01145	0.00655	0.00900	0.00931	0.01099	0.00629	0.00787	0.01359	0.01239	0.17064	0.02583	0.07743	0.02633	0.06721	0.00821	0.00244	0.00474	0.51904	0.00509	0.00557
20	0.00852	0.00608	0.00852	0.00974	0.01095	0.00608	0.00852	0.01095	0.01217	0.01582	0.02799	0.05963	0.03042	0.01460	0.00730	0.00243	0.00487	0.74565	0.00487	0.00487
21	0.04336	0.00903	0.01216	0.00935	0.01342	0.00787	0.00772	0.02552	0.01499	0.76684	0.02054	0.01777	0.01291	0.00650	0.00527	0.00164	0.00449	0.00526	0.00647	0.00892
22	0.01246	0.01192	0.02033	0.18772	0.63085	0.01240	0.01591	0.01568	0.01174	0.01651	0.00983	0.01329	0.00811	0.00483	0.00524	0.00161	0.00644	0.00471	0.00256	0.00787
23	0.00998	0.00940	0.01586	0.80150	0.03641	0.01175	0.01468	0.01351	0.01057	0.01351	0.00940	0.01409	0.00705	0.00529	0.00529	0.00176	0.00705	0.00470	0.00235	0.00587
24	0.00721	0.00549	0.00749	0.00752	0.00861	0.00581	0.00572	0.00895	0.01005	0.01374	0.10975	0.08227	0.17547	0.04303	0.47717	0.00587	0.00959	0.00789	0.00374	0.00464
25	0.00765	0.00528	0.00654	0.00654	0.00681	0.00555	0.00417	0.00819	0.00792	0.01082	0.01595	0.03067	0.01752	0.59443	0.24436	0.00608	0.00769	0.00711	0.00310	0.00363
26	0.01975	0.02520	0.01498	0.01362	0.01634	0.79299	0.01021	0.02111	0.01498	0.01294	0.00817	0.00953	0.00681	0.00545	0.00477	0.00136	0.00953	0.00340	0.00272	0.00613
27	0.01897	0.01086	0.01596	0.03232	0.27543	0.01063	0.01115	0.08792	0.01455	0.40680	0.01556	0.01548	0.01072	0.00600	0.00583	0.00164	0.04174	0.00502	0.00482	0.00858
28	0.00852	0.00608	0.00852	0.00974	0.01095	0.00608	0.00852	0.01095	0.01217	0.01582	0.02799	0.05963	0.03042	0.01460	0.00730	0.00243	0.00487	0.74565	0.00487	0.00487
29	0.00695	0.00526	0.00635	0.00676	0.00779	0.00481	0.00480	0.02844	0.01203	0.01575	0.18056	0.41413	0.25860	0.01423	0.00646	0.00193	0.00292	0.01254	0.00509	0.00461
30	0.05600	0.01364	0.01480	0.20056	0.06977	0.15577	0.01082	0.18329	0.01568	0.20928	0.01267	0.01359	0.00895	0.00581	0.00510	0.00160	0.00642	0.00454	0.00416	0.00753
31	0.01224	0.24153	0.50369	0.01357	0.02006	0.06754	0.04012	0.01680	0.01135	0.01532	0.00886	0.01042	0.00677	0.00490	0.00460	0.00151	0.00738	0.00365	0.00229	0.00740
32	0.81320	0.01029	0.00806	0.00713	0.01044	0.01186	0.00587	0.03205	0.00949	0.04258	0.00781	0.00891	0.00598	0.00498	0.00337	0.00163	0.00414	0.00296	0.00340	0.00588
33	0.00687	0.00537	0.00623	0.00605	0.00753	0.00472	0.00452	0.00879	0.01348	0.01776	0.41874	0.05911	0.39759	0.01215	0.00625	0.00173	0.00259	0.01042	0.00537	0.00472
34	0.01340	0.01838	0.40094	0.01261	0.01811	0.01074	0.03715	0.06864	0.06281	0.15970	0.06599	0.03805	0.02992	0.00672	0.00539	0.00171	0.00617	0.03197	0.00391	0.00767
35	0.01132	0.00939	0.01100	0.00787	0.01256	0.00707	0.00631	0.01366	0.01108	0.03870	0.00972	0.01116	0.00798	0.00399	0.00395	0.00081	0.00393	0.00319	0.00323	0.82310
36	0.03585	0.15471	0.01515	0.01069	0.01390	0.08272	0.00871	0.04030	0.47224	0.05471	0.01672	0.01603	0.01277	0.00653	0.00536	0.00164	0.03469	0.00501	0.00448	0.00777
37	0.05054	0.00778	0.01166	0.38945	0.04886	0.00882	0.01010	0.01209	0.02264	0.03640	0.05829	0.22247	0.06915	0.00906	0.00565	0.00183	0.00513	0.00799	0.01657	0.00552
38	0.01340	0.01178	0.01525	0.01282	0.01406	0.01518	0.01061	0.21286	0.01262	0.01817	0.00928	0.01289	0.00818	0.01184	0.10006	0.00280	0.50372	0.00478	0.00317	0.00652
39	0.01315	0.01136	0.01195	0.01076	0.01375	0.01315	0.00837	0.02809	0.77168	0.02211	0.02152	0.01972	0.01614	0.00717	0.00538	0.00179	0.00418	0.00598	0.00538	0.00837
40	0.00756	0.00563	0.00831	0.00831	0.00919	0.00651	0.00637	0.00932	0.00844	0.01213	0.01433	0.02172	0.01363	0.09300	0.74048	0.00826	0.01354	0.00580	0.00286	0.00462
41	0.01944	0.02469	0.01503	0.01363	0.01625	0.76413	0.01026	0.02080	0.01473	0.01293	0.00813	0.00961	0.00681	0.00559	0.00523	0.00140	0.03907	0.00345	0.00271	0.00612
42	0.00866	0.00667	0.00752	0.00743	0.00912	0.00659	0.00550	0.01316	0.18655	0.04521	0.11291	0.25024	0.29557	0.01231	0.00615	0.00187	0.00318	0.01065	0.00517	0.00554
43	0.00733	0.00524	0.00716	0.00838	0.00907	0.00506	0.00645	0.00890	0.01100	0.01449	0.02865	0.48917	0.03302	0.01572	0.00698	0.00227	0.00384	0.32784	0.00489	0.00454
44	0.00633	0.00504	0.00568	0.00620	0.00736	0.00439	0.00439	0.00749	0.01124	0.01395	0.04324	0.37186	0.46476	0.01473	0.00646	0.00194	0.00284	0.01279	0.00491	0.00439
45	0.00918	0.00459	0.00689	0.00689	0.00689	0.00459	0.00459	0.00689	0.00689	0.00918	0.00918	0.01607	0.00918	0.01837	0.02066	0.84619	0.00459	0.00459	0.00230	0.00230
46	0.85155	0.01022	0.00777	0.00695	0.01022	0.01186	0.00573	0.01554	0.00900	0.02372	0.00736	0.00859	0.00573	0.00491	0.00327	0.00164	0.00409	0.00286	0.00327	0.00573
47	0.00776	0.00521	0.00601	0.00612	0.00623	0.00521	0.00368	0.00798	0.00809	0.01075	0.01766	0.03682	0.02021	0.74319	0.02517	0.00489	0.00510	0.07323	0.00335	0.00335
48	0.15696	0.00597	0.00596	0.00585	0.00668	0.00625	0.00379	0.01000	0.00867	0.01462	0.01547	0.04761	0.01612	0.48756	0.01753	0.00365	0.00435	0.00648	0.17247	0.00402
49	0.00662	0.00481	0.00654	0.00803	0.02820	0.00451	0.00521	0.00760	0.01017	0.01360	0.02863	0.78959	0.03426	0.01625	0.00671	0.00213	0.00315	0.01476	0.00485	0.00440
50	0.01818	0.01296	0.01382	0.01081	0.01448	0.01425	0.00886	0.62330	0.02228	0.03078	0.01354	0.01400	0.00984	0.00631	0.00499	0.00152	0.00519	0.00479	0.16183	0.00823
51	0.02784	0.01002	0.06463	0.03462	0.14986	0.00921	0.02328	0.11188	0.06450	0.04678	0.04165	0.31949	0.04027	0.01028	0.00589	0.00185	0.00470	0.02243	0.00434	0.00649
52	0.01167	0.01103	0.01869	0.33470	0.45443	0.01196	0.01528	0.01493	0.01146	0.01572	0.01050	0.01548	0.00880	0.00536	0.00534	0.00168	0.00652	0.03658	0.00261	0.00724
53	0.00749	0.00535	0.00721	0.00805	0.00888	0.00515	0.00622	0.00927	0.01179	0.01582	0.18177	0.33839	0.03569	0.04605	0.00765	0.00227	0.00371	0.28963	0.00501	0.00461
54	0.01303	0.23752	0.46679	0.02718	0.01957	0.03104	0.01522	0.04927	0.01198	0.06819	0.00979	0.01099	0.00726	0.00506	0.00462	0.00152	0.00694	0.00375	0.00268	0.00760
55	0.01441	0.01121	0.01209	0.01066	0.01379	0.01269	0.00835	0.04764	0.67492	0.09973	0.02121	0.01936	0.01564	0.00709	0.00537	0.00177	0.00426	0.00588	0.00549	0.00845
56	0.02372	0.00900	0.01227	0.00941	0.01350	0.00777	0.00777	0.02576	0.01513	0.78489	0.02086	0.01799	0.01309	0.00654	0.00532	0.00164	0.00450	0.00532	0.00654	0.00900
57	0.01169	0.01157	0.01102	0.01130	0.07472	0.21263	0.02680	0.01355	0.01330	0.04451	0.21275	0.14559	0.12679	0.00989	0.00609	0.00171	0.02262	0.03352	0.00432	0.00561
58	0.00998	0.00940	0.01586	0.80150	0.03641	0.01175	0.01468	0.01351	0.01057	0.01351	0.00940	0.01409	0.00705	0.00529	0.00529	0.00176	0.00705	0.00470	0.00235	0.00587
59	0.00765	0.00517	0.00600	0.00592	0.00614	0.00510	0.00352	0.00809	0.00897	0.01218	0.15105	0.03546	0.02463	0.67247	0.02326	0.00451	0.00466	0.00802	0.00366	0.00352
60	0.00760	0.00524	0.00647	0.00652	0.00678	0.00546	0.00414	0.00812	0.00800	0.01090	0.01656	0.06449	0.01838	0.58412	0.21974	0.00585	0.00732	0.00749	0.00318	0.00363
61	0.13856	0.07292	0.44773	0.01367	0.05182	0.01269	0.03234	0.06789	0.01217	0.08825	0.01032	0.01148	0.00739	0.00517	0.00474	0.00162	0.00664	0.00395	0.00301	0.00763
62	0.01402	0.66104	0.14278	0.00998	0.01499	0.01902	0.01059	0.01641	0.01100	0.04737	0.00827	0.00931	0.00705	0.00469	0.00373	0.00124	0.00593	0.00310	0.00245	0.00704
63	0.00852	0.00608	0.00852	0.00974	0.01095	0.00608	0.00852	0.01095	0.01217	0.01582	0.02799	0.05963	0.03042	0.01460	0.00730	0.00243	0.00487	0.74565	0.00487	0.00487
64	0.01306	0.01247	0.02026	0.08260	0.66398	0.02834	0.01541	0.04328	0.01247	0.01743	0.01128	0.01420	0.03131	0.00508	0.00526	0.00159	0.00627	0.00488	0.00277	0.00806
65	0.09448	0.05790	0.18208	0.01185	0.01655	0.04004	0.01130	0.32487	0.12757	0.06315	0.01277	0.01295	0.00925	0.00593	0.00494	0.00161	0.00590	0.00446	0.00427	0.00813
66	0.01057	0.01009	0.01647	0.58608	0.10650	0.01261	0.01429	0.01364	0.01028	0.01374	0.00902	0.01355	0.00716	0.00593	0.00741	0.00184	0.14766	0.00469	0.00237	0.00611
67	0.72964	0.01243	0.10880	0.02027	0.01227	0.01191	0.00765	0.01566	0.00930	0.02266	0.00767	0.00901	0.00587	0.00493	0.00353	0.00164	0.00462	0.00303	0.00312	0.00600
68	0.00668	0.00545	0.00592	0.00582	0.00746	0.00474	0.00436	0.00853	0.02547	0.01615	0.23635	0.06549	0.56364	0.01270	0.00624	0.00176	0.00267	0.01076	0.00515	0.00466
69	0.01569	0.02484	0.03170	0.01110	0.01453	0.02411	0.04116	0.29263	0.16613	0.10990	0.03671	0.07512	0.03751	0.00803	0.00560	0.00173	0.00511	0.06830	0.00507	0.02503
70	0.01096	0.00940	0.01096	0.00783	0.01253	0.00705	0.00626	0.01331	0.01096	0.01723	0.00940	0.01096	0.00783	0.00392	0.00392	0.00078	0.00392	0.00313	0.00313	0.84653
71	0.01406	0.74447	0.07679	0.00956	0.01425	0.04129	0.00976	0.01603	0.01088	0.01273	0.00751	0.00868	0.00678	0.00458	0.00354	0.00117	0.00590	0.00291	0.00227	0.00683
72	0.00924	0.02369	0.02912	0.00729	0.00913	0.00579	0.00579	0.01154	0.01391	0.09312	0.50158	0.11069	0.09021	0.01066	0.00604	0.00169	0.00307	0.02534	0.00545	0.03665
73	0.00872	0.00653	0.00790	0.00733	0.00899	0.00644	0.00556	0.01331	0.14822	0.03702	0.56798	0.03650	0.10433	0.01029	0.00607	0.00170	0.00285	0.00897	0.00568	0.00563
74	0.01354	0.01127	0.01197	0.01071	0.01374	0.01295	0.00835	0.02801	0.74358	0.05045	0.02149	0.01966	0.01602	0.00715	0.00538	0.00179	0.00420	0.00595	0.00542	0.00839
75	0.00766	0.00581	0.00865	0.00858	0.00948	0.00684	0.00667	0.00949	0.00847	0.01224	0.01402	0.02081	0.01317	0.05529	0.75581	0.00826	0.03552	0.00568	0.00283	0.00472
76	0.01975	0.02520	0.01498	0.01362	0.01634	0.79299	0.01021	0.02111	0.01498	0.01294	0.00817	0.00953	0.00681	0.00545	0.00477	0.00136	0.00953	0.00340	0.00272	0.00613
77	0.01358	0.01164	0.01204	0.01080	0.01381	0.03246	0.00840	0.02786	0.73369	0.04116	0.02117	0.01943	0.01583	0.00711	0.00536	0.00178	0.00433	0.00590	0.00534	0.00833
78	0.00761	0.00547	0.00745	0.00862	0.00950	0.00531	0.00691	0.00940	0.01136	0.01484	0.02949	0.35463	0.06292	0.01532	0.00704	0.00229	0.00407	0.42824	0.00489	0.00463
79	0.00629	0.00517	0.00554	0.00584	0.00727	0.00442	0.00423	0.00753	0.01158	0.01409	0.04764	0.23483	0.59895	0.01416	0.00637	0.00187	0.00277	0.01209	0.00491	0.00442
80	0.01938	0.02336	0.01514	0.01347	0.01623	0.66815	0.01026	0.10292	0.01573	0.01518	0.00861	0.00998	0.00706	0.00574	0.00545	0.00143	0.04886	0.00362	0.00299	0.00643
81	0.70551	0.01001	0.00856	0.00738	0.01080	0.01114	0.00609	0.01734	0.01008	0.15800	0.00974	0.01025	0.00702	0.00520	0.00363	0.00164	0.00416	0.00330	0.00385	0.00630
82	0.00823	0.00523	0.00749	0.00749	0.00806	0.00572	0.00545	0.00867	0.00809	0.01162	0.01307	0.02061	0.01258	0.10742	0.42442	0.26739	0.00951	0.00548	0.05965	0.00383
83	0.01140	0.00910	0.00860	0.00795	0.00958	0.13077	0.00594	0.03802	0.02367	0.06944	0.20161	0.02643	0.06950	0.11099	0.11011	0.00286	0.00572	0.00666	0.14633	0.00533
84	0.00998	0.00931	0.01565	0.78680	0.03585	0.01162	0.01448	0.01349	0.01058	0.01362	0.00954	0.01420	0.00717	0.00530	0.00526	0.00175	0.00696	0.00470	0.01788	0.00586
85	0.01262	0.00709	0.00847	0.00749	0.00921	0.02587	0.00543	0.01470	0.05183	0.22877	0.22073	0.04451	0.03720	0.28773	0.01307	0.00286	0.00424	0.00752	0.00498	0.00567
86	0.21778	0.03329	0.01818	0.03907	0.55957	0.01260	0.01344	0.01600	0.01124	0.01865	0.00923	0.01188	0.00766	0.00476	0.00471	0.00158	0.00574	0.00421	0.00276	0.00764
87	0.01315	0.20889	0.02179	0.03570	0.50675	0.03528	0.01373	0.01584	0.01179	0.01581	0.01056	0.01524	0.00951	0.00541	0.00492	0.00152	0.00612	0.05765	0.00269	0.00764
88	0.00772	0.00563	0.00746	0.00834	0.00944	0.00542	0.00681	0.00968	0.01193	0.01555	0.10050	0.19438	0.13135	0.03341	0.00743	0.00229	0.00404	0.42900	0.00493	0.00468
89	0.04805	0.31251	0.47860	0.01254	0.01897	0.01539	0.01514	0.01636	0.01092	0.01548	0.00862	0.01008	0.00669	0.00484	0.00436	0.00148	0.00687	0.00347	0.00229	0.00735
90	0.01336	0.12948	0.49812	0.01366	0.02006	0.06703	0.01584	0.14868	0.01378	0.01884	0.00968	0.01097	0.00712	0.00522	0.00484	0.00157	0.00729	0.00388	0.00281	0.00777
91	0.02311	0.00918	0.01230	0.00946	0.01348	0.00811	0.00781	0.06095	0.01560	0.72808	0.04084	0.01832	0.01388	0.00665	0.00534	0.00163	0.00451	0.00540	0.00646	0.00889
92	0.01028	0.05155	0.55425	0.15290	0.02359	0.01182	0.01701	0.01537	0.01105	0.01588	0.02598	0.06630	0.00953	0.00595	0.00515	0.00170	0.00717	0.00487	0.00251	0.00714
93	0.01336	0.01303	0.02184	0.03083	0.69343	0.03121	0.06714	0.03391	0.01244	0.01752	0.01002	0.01307	0.00833	0.00475	0.00529	0.00158	0.00653	0.00479	0.00269	0.00825
94	0.00802	0.00578	0.00747	0.00757	0.00852	0.00581	0.00549	0.05981	0.01210	0.01665	0.24293	0.31342	0.03253	0.09326	0.13181	0.00325	0.00507	0.03101	0.00471	0.00479
95	0.00768	0.00514	0.00582	0.00580	0.00586	0.00512	0.00328	0.00779	0.00800	0.01072	0.04942	0.03481	0.02054	0.77965	0.02602	0.00498	0.00501	0.00777	0.00332	0.00328
96	0.03050	0.16293	0.03462	0.00868	0.01151	0.06266	0.00741	0.01597	0.04268	0.16894	0.30572	0.02656	0.04044	0.00826	0.00535	0.00159	0.00436	0.05061	0.00483	0.00640
97	0.01060	0.02735	0.78682	0.01507	0.02288	0.01228	0.01953	0.01674	0.01116	0.01674	0.00949	0.01116	0.00670	0.00502	0.00502	0.00167	0.00781	0.00391	0.00223	0.00781
98	0.00821	0.00588	0.00815	0.00935	0.01046	0.00582	0.00797	0.01042	0.01190	0.01549	0.02857	0.15852	0.04350	0.01484	0.00721	0.00239	0.00459	0.63708	0.00487	0.00479
99	0.01421	0.01345	0.01822	0.02426	0.49152	0.09843	0.01327	0.03893	0.08939	0.04624	0.01134	0.01332	0.00912	0.00507	0.00507	0.00149	0.00611	0.00456	0.00318	0.09280
100	0.41418	0.01248	0.12878	0.03855	0.01409	0.01086	0.00882	0.01880	0.06513	0.20142	0.03269	0.01302	0.00958	0.00564	0.00433	0.00166	0.00483	0.00407	0.00407	0.00699
101	0.01393	0.01207	0.05532	0.28238	0.27314	0.05277	0.01352	0.01748	0.04049	0.14614	0.03342	0.01495	0.01001	0.00553	0.00526	0.00165	0.00630	0.00488	0.00337	0.00740
102	0.26657	0.10438	0.01432	0.01155	0.03049	0.46214	0.00888	0.01879	0.01269	0.01619	0.00788	0.00922	0.00652	0.00517	0.00419	0.00142	0.00743	0.00321	0.00284	0.00613
103	0.00702	0.00538	0.00599	0.00627	0.00752	0.00486	0.00457	0.01977	0.01130	0.01426	0.03994	0.19328	0.43310	0.11501	0.00894	0.00231	0.00330	0.07694	0.03585	0.00440
104	0.03275	0.01553	0.29887	0.01136	0.01640	0.00945	0.02957	0.01914	0.04566	0.28695	0.08762	0.01917	0.04236	0.00666	0.00530	0.00166	0.00554	0.02268	0.00444	0.03889
105	0.01091	0.00964	0.01258	0.10956	0.01631	0.00796	0.04448	0.01351	0.01099	0.01674	0.00946	0.01152	0.00774	0.00412	0.00420	0.00096	0.00456	0.00348	0.00301	0.69828
106	0.01779	0.07462	0.01518	0.01249	0.01553	0.48601	0.00967	0.08413	0.20005	0.01683	0.01175	0.01221	0.00926	0.00588	0.00487	0.00147	0.00766	0.00411	0.00355	0.00696
107	0.01135	0.04433	0.06312	0.00880	0.01143	0.00921	0.00750	0.21192	0.01717	0.02376	0.48871	0.02908	0.03418	0.00895	0.00578	0.00162	0.00388	0.00761	0.00528	0.00633
