[name]
unknown

[dist]
# distance from previous block
# <min> <max>
23	202

[block]
# block no. 0 follows, 44 sequences, length 48
# corresponding to MSA columns:
# 271-318
name=unknown_A
#
# <colnr> <probs for GDERKNQSTAVLIFYWHMCP>
#	G	D	E	R	K	N	Q	S	T	A	V	L	I	F	Y	W	H	M	C	P
0	0.03612	0.45998	0.23764	0.01116	0.01659	0.01743	0.01216	0.06405	0.01241	0.04658	0.03463	0.01126	0.00883	0.00524	0.00427	0.00141	0.00627	0.00369	0.00285	0.00744
1	0.01103	0.02634	0.71381	0.01486	0.02239	0.01208	0.01892	0.01703	0.01185	0.03439	0.05870	0.01353	0.00990	0.00560	0.00527	0.00172	0.00763	0.00443	0.00264	0.00790
2	0.01132	0.00821	0.00955	0.00891	0.01062	0.00855	0.00679	0.22004	0.01490	0.01983	0.06320	0.18764	0.07031	0.18133	0.03101	0.00287	0.00496	0.12946	0.00479	0.00572
3	0.09602	0.01048	0.01546	0.68135	0.03391	0.04543	0.01400	0.01448	0.01093	0.01498	0.00942	0.01375	0.00712	0.00542	0.00522	0.00179	0.00707	0.00459	0.00254	0.00605
4	0.01385	0.01356	0.01707	0.01433	0.01535	0.07474	0.03641	0.11962	0.01149	0.01630	0.00823	0.01203	0.00748	0.00865	0.01476	0.00219	0.59981	0.00475	0.00287	0.00651
5	0.01160	0.01006	0.01257	0.12063	0.01668	0.00894	0.00819	0.04529	0.01168	0.01764	0.00968	0.01188	0.00796	0.00468	0.00514	0.00108	0.05292	0.00362	0.00316	0.63661
6	0.00672	0.00483	0.00640	0.00763	0.00803	0.00451	0.00519	0.00775	0.01059	0.01404	0.03077	0.75132	0.05834	0.01690	0.00697	0.00221	0.00323	0.04506	0.00506	0.00446
7	0.00772	0.00557	0.00729	0.00686	0.00814	0.00514	0.00514	0.01029	0.01543	0.02186	0.77152	0.04072	0.05144	0.01115	0.00643	0.00171	0.00257	0.00986	0.00600	0.00514
8	0.01129	0.01077	0.01847	0.55377	0.24921	0.01240	0.03706	0.01484	0.01139	0.01515	0.00989	0.01424	0.00769	0.00526	0.00546	0.00176	0.00710	0.00489	0.00251	0.00684
9	0.01161	0.17297	0.64128	0.01439	0.02182	0.01431	0.01814	0.01709	0.01143	0.01645	0.00938	0.01100	0.00692	0.00508	0.00487	0.00162	0.00765	0.00382	0.00231	0.00786
10	0.01048	0.00872	0.00954	0.00878	0.01110	0.00937	0.00675	0.01943	0.40059	0.02097	0.24740	0.03249	0.17265	0.00973	0.00598	0.00181	0.00351	0.00827	0.00559	0.00683
11	0.04717	0.00652	0.00607	0.00582	0.00737	0.03441	0.00443	0.04516	0.01210	0.02085	0.01680	0.01914	0.01317	0.00628	0.00390	0.00131	0.00303	0.00492	0.73623	0.00534
12	0.01056	0.00996	0.01683	0.73159	0.09917	0.01218	0.01527	0.01416	0.01103	0.01425	0.00974	0.01445	0.00738	0.00540	0.00545	0.00180	0.00720	0.00485	0.00245	0.00627
13	0.00664	0.00474	0.00633	0.00759	0.00791	0.00443	0.00506	0.00759	0.01044	0.01392	0.03005	0.80485	0.03606	0.01708	0.00696	0.00221	0.00316	0.01550	0.00506	0.00443
14	0.00654	0.00538	0.00576	0.00598	0.00750	0.00459	0.00436	0.00790	0.01219	0.01491	0.08419	0.19476	0.59847	0.01430	0.00654	0.00191	0.00283	0.01219	0.00511	0.00459
15	0.15275	0.09845	0.38565	0.01435	0.02041	0.02891	0.13292	0.01795	0.06681	0.01840	0.01028	0.01192	0.00768	0.00519	0.00493	0.00169	0.00713	0.00427	0.00281	0.00749
16	0.00811	0.00653	0.00968	0.13847	0.03500	0.00698	0.02490	0.00974	0.01054	0.01418	0.02358	0.50069	0.02692	0.04783	0.00813	0.00226	0.04844	0.05245	0.02058	0.00496
17	0.01132	0.01060	0.01787	0.60189	0.05612	0.01254	0.08923	0.06639	0.01212	0.01582	0.01057	0.03526	0.00831	0.00582	0.00585	0.00182	0.02399	0.00529	0.00275	0.00645
18	0.03686	0.07734	0.04746	0.01217	0.01594	0.03736	0.01041	0.41295	0.07013	0.05014	0.01213	0.01291	0.00913	0.00665	0.00695	0.00168	0.11974	0.00463	0.00445	0.05098
19	0.04965	0.05405	0.01420	0.01118	0.03715	0.03419	0.00889	0.25500	0.05391	0.29459	0.06242	0.04059	0.01499	0.00735	0.00546	0.00169	0.00516	0.03567	0.00552	0.00834
20	0.00947	0.00473	0.00710	0.00710	0.00710	0.00473	0.00473	0.00710	0.00710	0.00947	0.00947	0.01657	0.00947	0.01894	0.02131	0.84138	0.00473	0.00473	0.00237	0.00237
21	0.01930	0.02198	0.01508	0.01333	0.01642	0.54002	0.01019	0.13714	0.13995	0.01816	0.01141	0.01206	0.00895	0.00605	0.00510	0.00151	0.00833	0.00416	0.00367	0.00716
22	0.01282	0.00946	0.01152	0.04171	0.01389	0.00748	0.00697	0.01526	0.01203	0.11693	0.04400	0.01365	0.01061	0.00476	0.00439	0.00100	0.00419	0.00388	0.00377	0.66166
23	0.01453	0.03309	0.04493	0.02821	0.54093	0.14204	0.08307	0.01764	0.01290	0.01691	0.00995	0.01283	0.00825	0.00497	0.00536	0.00160	0.00732	0.00471	0.00270	0.00808
24	0.00737	0.00551	0.00740	0.04720	0.00954	0.00566	0.00578	0.00837	0.01003	0.01343	0.02577	0.58116	0.03041	0.13805	0.01070	0.00269	0.04671	0.03527	0.00451	0.00444
25	0.01104	0.05098	0.75830	0.01536	0.02332	0.01292	0.01983	0.01724	0.01150	0.01714	0.00972	0.01143	0.00691	0.00516	0.00513	0.00171	0.00799	0.00400	0.00230	0.00803
26	0.41696	0.00994	0.00978	0.04970	0.01270	0.01072	0.00696	0.10607	0.01284	0.14366	0.01850	0.01857	0.13430	0.00722	0.00490	0.01664	0.00443	0.00514	0.00438	0.00658
27	0.01211	0.08099	0.45579	0.01710	0.02369	0.03989	0.22795	0.01724	0.01187	0.01670	0.00983	0.01218	0.00732	0.00516	0.00591	0.00173	0.03979	0.00464	0.00245	0.00764
28	0.00687	0.00490	0.00653	0.00775	0.00814	0.00462	0.00533	0.00793	0.01054	0.01402	0.02953	0.71505	0.03513	0.04208	0.00767	0.00234	0.00339	0.07872	0.00500	0.00444
29	0.01072	0.01013	0.01712	0.69340	0.13611	0.01222	0.01535	0.01430	0.01110	0.01445	0.00977	0.01440	0.00745	0.00537	0.00544	0.00179	0.00716	0.00485	0.00246	0.00640
30	0.01260	0.01320	0.01707	0.20092	0.02112	0.12820	0.08054	0.02604	0.01078	0.01407	0.00953	0.03728	0.00856	0.00955	0.05658	0.00241	0.33763	0.00515	0.00265	0.00611
31	0.00664	0.00474	0.00633	0.00759	0.00791	0.00443	0.00506	0.00759	0.01044	0.01392	0.03005	0.80485	0.03606	0.01708	0.00696	0.00221	0.00316	0.01550	0.00506	0.00443
32	0.00675	0.00483	0.00642	0.00752	0.00793	0.00450	0.00507	0.00786	0.01093	0.01470	0.10354	0.72911	0.03758	0.01649	0.00691	0.00216	0.00310	0.01494	0.00515	0.00450
33	0.01030	0.00969	0.01635	0.79530	0.03755	0.01211	0.01514	0.01393	0.01090	0.01393	0.00969	0.01453	0.00727	0.00545	0.00545	0.00182	0.00727	0.00484	0.00242	0.00606
34	0.05086	0.01327	0.01430	0.01125	0.01505	0.01454	0.00920	0.56688	0.04765	0.05278	0.09989	0.01676	0.01450	0.00704	0.00542	0.00164	0.00530	0.00546	0.03972	0.00848
35	0.00702	0.00502	0.00676	0.00802	0.00851	0.00476	0.00572	0.00825	0.01081	0.01434	0.02984	0.67315	0.03523	0.01672	0.00706	0.00227	0.00349	0.14345	0.00505	0.00453
36	0.01489	0.01427	0.02063	0.02882	0.60321	0.07811	0.01526	0.10162	0.03560	0.01946	0.01076	0.01334	0.00880	0.00519	0.00537	0.00161	0.00664	0.00479	0.00310	0.00851
37	0.01195	0.00991	0.01154	0.00829	0.01310	0.00768	0.00665	0.04450	0.01198	0.03350	0.01006	0.01152	0.00823	0.00419	0.00412	0.00086	0.00413	0.00334	0.00339	0.79103
38	0.01191	0.01057	0.01544	0.25076	0.04126	0.01150	0.06652	0.10839	0.01268	0.01764	0.01231	0.10644	0.01119	0.00710	0.00701	0.00169	0.10870	0.00586	0.00333	0.18970
39	0.01232	0.01436	0.05493	0.02141	0.02651	0.01312	0.65903	0.01664	0.01255	0.01710	0.01230	0.07269	0.01025	0.00564	0.00668	0.00187	0.02557	0.00699	0.00290	0.00713
40	0.00757	0.00557	0.00708	0.00670	0.00805	0.00508	0.00503	0.01000	0.01508	0.02102	0.68731	0.04210	0.13617	0.01146	0.00643	0.00173	0.00259	0.01005	0.00589	0.00508
41	0.01200	0.00749	0.00863	0.11878	0.01261	0.00812	0.00655	0.14112	0.01381	0.02184	0.01582	0.01825	0.01221	0.00626	0.00433	0.00141	0.00381	0.00502	0.57600	0.00594
42	0.02446	0.00928	0.01265	0.00970	0.01392	0.00801	0.00801	0.02657	0.01560	0.77817	0.02151	0.01856	0.01350	0.00675	0.00548	0.00169	0.00464	0.00548	0.00675	0.00928
43	0.00829	0.00570	0.00747	0.00696	0.00834	0.00524	0.00524	0.01085	0.01544	0.04788	0.74572	0.03996	0.05013	0.01099	0.00640	0.00171	0.00264	0.00971	0.00603	0.00529
44	0.00663	0.00480	0.00627	0.00744	0.00787	0.00444	0.00499	0.00761	0.01059	0.01398	0.03193	0.74855	0.09114	0.01684	0.00692	0.00219	0.00313	0.01520	0.00506	0.00444
45	0.01051	0.00992	0.01643	0.57719	0.06679	0.01202	0.04689	0.01418	0.03676	0.01451	0.01161	0.07636	0.00994	0.00667	0.00656	0.00188	0.06703	0.00579	0.00276	0.00619
46	0.02045	0.01333	0.01507	0.01174	0.01573	0.01438	0.00965	0.53860	0.02210	0.18733	0.01523	0.03837	0.01103	0.00799	0.02858	0.00189	0.02869	0.00537	0.00555	0.00890
47	0.01287	0.01471	0.03217	0.02298	0.02849	0.01379	0.75460	0.01746	0.01287	0.01746	0.01103	0.01471	0.00827	0.00460	0.00643	0.00184	0.00919	0.00643	0.00276	0.00735

[dist]
# distance from previous block
# <min> <max>
0	2

[block]
# block no. 1 follows, 44 sequences, length 152
# corresponding to MSA columns:
# 321-472
name=unknown_B
#
# <colnr> <probs for GDERKNQSTAVLIFYWHMCP>
#	G	D	E	R	K	N	Q	S	T	A	V	L	I	F	Y	W	H	M	C	P
0	0.05799	0.09553	0.09501	0.08793	0.05694	0.03662	0.01094	0.21435	0.04159	0.16178	0.04203	0.03589	0.01164	0.00639	0.00516	0.00163	0.00582	0.00505	0.00440	0.02328
1	0.01458	0.81168	0.02857	0.00933	0.01399	0.02157	0.00933	0.01632	0.01108	0.01283	0.00758	0.00875	0.00700	0.00466	0.00350	0.00117	0.00583	0.00292	0.00233	0.00700
2	0.01294	0.02215	0.54689	0.01380	0.02038	0.01107	0.02996	0.01808	0.01257	0.14693	0.07131	0.01693	0.01242	0.00627	0.00544	0.00175	0.00696	0.03278	0.00346	0.00791
3	0.01030	0.00969	0.01635	0.79530	0.03755	0.01211	0.01514	0.01393	0.01090	0.01393	0.00969	0.01453	0.00727	0.00545	0.00545	0.00182	0.00727	0.00484	0.00242	0.00606
4	0.00949	0.00618	0.00783	0.04382	0.01000	0.00565	0.00567	0.01166	0.01424	0.11165	0.41737	0.06074	0.25240	0.01127	0.00629	0.00177	0.00312	0.00972	0.00563	0.00552
5	0.02433	0.00949	0.01278	0.00980	0.01402	0.00833	0.00810	0.05246	0.01596	0.75178	0.02121	0.01836	0.01335	0.00674	0.00548	0.00169	0.00469	0.00546	0.00670	0.00928
6	0.00761	0.00507	0.00661	0.00737	0.00789	0.00475	0.00494	0.00863	0.01078	0.04341	0.10065	0.59364	0.03446	0.12543	0.00972	0.00257	0.00345	0.01352	0.00497	0.00453
7	0.01488	0.03387	0.19852	0.05579	0.21376	0.10977	0.08407	0.16487	0.01517	0.02008	0.01098	0.01386	0.00864	0.00564	0.00542	0.00167	0.00741	0.02442	0.00322	0.00797
8	0.00781	0.00527	0.00614	0.00625	0.00633	0.00531	0.00366	0.00801	0.00818	0.01097	0.01808	0.09796	0.02078	0.69779	0.07120	0.00524	0.00567	0.00843	0.00342	0.00349
9	0.00793	0.00529	0.00595	0.00595	0.00595	0.00529	0.00330	0.00793	0.00793	0.01057	0.01718	0.03568	0.01982	0.80840	0.02775	0.00529	0.00529	0.00793	0.00330	0.00330
10	0.00848	0.00671	0.01016	0.11764	0.01383	0.00800	0.00817	0.02410	0.00936	0.01324	0.01370	0.02006	0.01250	0.03452	0.64383	0.00750	0.03452	0.00566	0.00288	0.00514
11	0.00947	0.00473	0.00710	0.00710	0.00710	0.00473	0.00473	0.00710	0.00710	0.00947	0.00947	0.01657	0.00947	0.01894	0.02131	0.84138	0.00473	0.00473	0.00237	0.00237
12	0.02446	0.00928	0.01265	0.00970	0.01392	0.00801	0.00801	0.02657	0.01560	0.77817	0.02151	0.01856	0.01350	0.00675	0.00548	0.00169	0.00464	0.00548	0.00675	0.00928
13	0.03065	0.79621	0.02817	0.00929	0.01393	0.02139	0.00926	0.01632	0.01104	0.01305	0.00758	0.00875	0.00698	0.00467	0.00350	0.00118	0.00580	0.00292	0.00235	0.00698
14	0.01063	0.01033	0.01824	0.68961	0.03606	0.01239	0.10303	0.01434	0.01109	0.01434	0.00980	0.01451	0.00738	0.00542	0.00579	0.00183	0.02151	0.00503	0.00246	0.00621
15	0.01269	0.01442	0.03143	0.02254	0.02791	0.01352	0.73325	0.01718	0.01280	0.01736	0.01157	0.03720	0.00906	0.00495	0.00645	0.00185	0.00902	0.00669	0.00282	0.00727
16	0.00947	0.00473	0.00710	0.00710	0.00710	0.00473	0.00473	0.00710	0.00710	0.00947	0.00947	0.01657	0.00947	0.01894	0.02131	0.84138	0.00473	0.00473	0.00237	0.00237
17	0.01057	0.01003	0.01714	0.72551	0.08561	0.01221	0.03426	0.01420	0.01105	0.01427	0.00976	0.01447	0.00738	0.00539	0.00547	0.00180	0.00727	0.00489	0.00245	0.00626
18	0.00779	0.00584	0.00876	0.00876	0.00974	0.00681	0.00681	0.00974	0.00876	0.01266	0.01460	0.02142	0.01363	0.04089	0.78680	0.00876	0.01460	0.00584	0.00292	0.00487
19	0.01063	0.01005	0.01733	0.68039	0.08809	0.01206	0.05329	0.01413	0.01101	0.01426	0.00979	0.01453	0.00748	0.00573	0.00593	0.02449	0.00724	0.00493	0.00246	0.00621
20	0.01193	0.01193	0.01670	0.01431	0.01431	0.01670	0.01193	0.01312	0.00835	0.01312	0.00716	0.01193	0.00716	0.00954	0.01789	0.00239	0.79843	0.00477	0.00239	0.00596
21	0.04650	0.40091	0.02093	0.01034	0.01417	0.06226	0.00925	0.06688	0.03567	0.17518	0.01144	0.01205	0.00890	0.00654	0.02053	0.00162	0.08178	0.00395	0.00364	0.00745
22	0.01152	0.00993	0.01189	0.00885	0.01325	0.00825	0.02497	0.03561	0.06058	0.01824	0.01254	0.02786	0.03626	0.00509	0.00479	0.00103	0.02822	0.00411	0.00350	0.67350
23	0.00871	0.01387	0.28043	0.00966	0.01368	0.00796	0.01034	0.03293	0.01281	0.01705	0.11512	0.03605	0.36042	0.01032	0.00603	0.00182	0.00483	0.04773	0.00420	0.00604
24	0.00766	0.00557	0.00720	0.00680	0.00811	0.00512	0.00510	0.01017	0.01529	0.02153	0.73775	0.04128	0.08542	0.01127	0.00643	0.00172	0.00258	0.00994	0.00596	0.00512
25	0.00794	0.00592	0.00845	0.00838	0.00913	0.00681	0.00628	0.00948	0.00859	0.01226	0.01488	0.02393	0.01465	0.19039	0.61473	0.00789	0.03650	0.00622	0.00298	0.00459
26	0.00990	0.14353	0.01282	0.00937	0.01099	0.05027	0.00765	0.01172	0.00959	0.01299	0.01312	0.04031	0.01238	0.02922	0.51878	0.00628	0.06498	0.00541	0.02533	0.00537
27	0.01483	0.01206	0.11742	0.01039	0.01404	0.01014	0.00935	0.09265	0.20397	0.19613	0.17088	0.02428	0.03502	0.00800	0.00570	0.00176	0.00468	0.03476	0.02618	0.00776
28	0.00870	0.00621	0.00869	0.00994	0.01116	0.00620	0.00863	0.01115	0.01247	0.01622	0.02891	0.09147	0.03156	0.01514	0.00751	0.00250	0.00495	0.70858	0.00502	0.00500
29	0.00664	0.00474	0.00633	0.00759	0.00791	0.00443	0.00506	0.00759	0.01044	0.01392	0.03005	0.80485	0.03606	0.01708	0.00696	0.00221	0.00316	0.01550	0.00506	0.00443
30	0.05690	0.07734	0.41431	0.01574	0.04430	0.03575	0.14267	0.05208	0.01262	0.05185	0.02659	0.01290	0.00860	0.00588	0.01785	0.00180	0.00764	0.00457	0.00290	0.00771
31	0.00742	0.00553	0.00695	0.00701	0.00830	0.00495	0.01813	0.00909	0.01274	0.03453	0.25692	0.29780	0.28303	0.01378	0.00659	0.00192	0.00300	0.01212	0.00534	0.00486
32	0.00664	0.00474	0.00633	0.00759	0.00791	0.00443	0.00506	0.00759	0.01044	0.01392	0.03005	0.80485	0.03606	0.01708	0.00696	0.00221	0.00316	0.01550	0.00506	0.00443
33	0.13783	0.01460	0.01518	0.01178	0.01600	0.01624	0.00973	0.65130	0.02331	0.03296	0.01231	0.01249	0.00879	0.00633	0.00516	0.00164	0.00575	0.00463	0.00516	0.00879
34	0.01295	0.01253	0.02045	0.19261	0.56971	0.03128	0.01599	0.01640	0.02582	0.01687	0.01024	0.01371	0.00842	0.00516	0.00569	0.00168	0.02499	0.00484	0.00269	0.00798
35	0.01356	0.01171	0.01233	0.01109	0.01418	0.01356	0.00863	0.02897	0.76455	0.02281	0.02219	0.02034	0.01664	0.00740	0.00555	0.00185	0.00431	0.00616	0.00555	0.00863
36	0.01343	0.01262	0.02103	0.13763	0.63334	0.01304	0.01618	0.05467	0.01289	0.01813	0.01032	0.01362	0.00848	0.00503	0.00541	0.00165	0.00656	0.00486	0.00280	0.00831
37	0.00680	0.00488	0.00650	0.00773	0.00816	0.00457	0.00533	0.00788	0.01064	0.01412	0.03052	0.73091	0.05223	0.01685	0.00699	0.00223	0.00330	0.07083	0.00506	0.00448
38	0.01048	0.00637	0.00732	0.00689	0.00804	0.00716	0.00538	0.03250	0.01115	0.01902	0.01590	0.01907	0.01287	0.00991	0.07627	0.00211	0.11367	0.00510	0.62550	0.00530
39	0.01291	0.12485	0.05364	0.02069	0.04826	0.01452	0.57809	0.01704	0.01255	0.01678	0.01117	0.01553	0.00895	0.00503	0.00600	0.00176	0.00845	0.03374	0.00277	0.00728
40	0.59382	0.03460	0.00971	0.00776	0.01145	0.01146	0.00640	0.01725	0.03906	0.09702	0.00980	0.01058	0.00739	0.00516	0.00376	0.00156	0.00429	0.00336	0.00374	0.12184
41	0.02381	0.01033	0.01330	0.01020	0.01444	0.00957	0.00842	0.15431	0.01736	0.64795	0.02003	0.01760	0.01276	0.00671	0.00548	0.00168	0.00488	0.00538	0.00652	0.00928
42	0.01163	0.01105	0.01876	0.47832	0.34414	0.01246	0.01580	0.01510	0.01153	0.01554	0.00992	0.01410	0.00784	0.00520	0.00543	0.00173	0.00694	0.00485	0.00254	0.00713
43	0.01030	0.00969	0.01635	0.79530	0.03755	0.01211	0.01514	0.01393	0.01090	0.01393	0.00969	0.01453	0.00727	0.00545	0.00545	0.00182	0.00727	0.00484	0.00242	0.00606
44	0.00768	0.00564	0.00685	0.00650	0.00802	0.00504	0.00489	0.00987	0.01449	0.03612	0.52882	0.04395	0.27834	0.01189	0.00641	0.00175	0.00268	0.01028	0.00572	0.00506
45	0.00698	0.00506	0.00664	0.00766	0.00829	0.00473	0.00544	0.00829	0.01129	0.01496	0.09690	0.58961	0.09489	0.01606	0.00694	0.00218	0.00330	0.10108	0.00514	0.00458
46	0.01051	0.00987	0.01658	0.62331	0.11086	0.01186	0.02760	0.01394	0.01122	0.01475	0.04701	0.03336	0.01021	0.00603	0.00592	0.00182	0.03084	0.00535	0.00269	0.00626
47	0.00664	0.00474	0.00633	0.00759	0.00791	0.00443	0.00506	0.00759	0.01044	0.01392	0.03005	0.80485	0.03606	0.01708	0.00696	0.00221	0.00316	0.01550	0.00506	0.00443
48	0.00873	0.00626	0.00871	0.00994	0.01121	0.00624	0.00868	0.01122	0.01255	0.01628	0.02945	0.06130	0.04785	0.01503	0.00751	0.00250	0.00497	0.72155	0.00502	0.00501
49	0.01522	0.00957	0.03872	0.06340	0.06239	0.00878	0.00851	0.05686	0.09281	0.28642	0.04274	0.02744	0.22155	0.00960	0.02939	0.00196	0.00484	0.00714	0.00526	0.00741
50	0.01035	0.00966	0.01623	0.76610	0.04999	0.01199	0.01494	0.01395	0.01094	0.01413	0.00986	0.01463	0.00742	0.00546	0.00542	0.00180	0.00716	0.00485	0.01903	0.00608
51	0.01030	0.00969	0.01635	0.79530	0.03755	0.01211	0.01514	0.01393	0.01090	0.01393	0.00969	0.01453	0.00727	0.00545	0.00545	0.00182	0.00727	0.00484	0.00242	0.00606
52	0.51917	0.01039	0.01145	0.28134	0.04226	0.01229	0.00949	0.02726	0.01020	0.02077	0.00849	0.01103	0.00651	0.00521	0.00419	0.00173	0.00537	0.00370	0.00306	0.00609
53	0.00673	0.00555	0.00593	0.00601	0.00771	0.00476	0.00457	0.00828	0.01266	0.01549	0.12154	0.07523	0.63159	0.01373	0.00653	0.00188	0.00290	0.05907	0.00515	0.00468
54	0.01201	0.01588	0.24343	0.14506	0.02137	0.01173	0.06063	0.08316	0.03306	0.03309	0.06387	0.01503	0.01115	0.00686	0.02569	0.00182	0.06698	0.00487	0.00324	0.14107
55	0.00983	0.00838	0.01340	0.54424	0.02821	0.00995	0.02540	0.01295	0.01102	0.01508	0.01452	0.09929	0.03370	0.00705	0.00538	0.00177	0.00596	0.00622	0.14196	0.00570
56	0.14461	0.01135	0.03618	0.31097	0.04428	0.01260	0.08083	0.08413	0.08408	0.01886	0.01143	0.02680	0.00897	0.00639	0.00630	0.02626	0.04729	0.00497	0.02704	0.00665
57	0.01184	0.01010	0.01157	0.00859	0.01319	0.00835	0.00685	0.03384	0.11300	0.01885	0.01145	0.01256	0.00926	0.00455	0.00428	0.00097	0.00412	0.00367	0.00360	0.70939
58	0.01131	0.02415	0.58142	0.07122	0.05792	0.01280	0.11101	0.01733	0.03043	0.01722	0.01026	0.01243	0.00742	0.00517	0.00537	0.00175	0.00798	0.00447	0.00247	0.00787
59	0.01950	0.22935	0.03552	0.01170	0.01616	0.01287	0.11188	0.02191	0.01368	0.42507	0.01558	0.01500	0.01067	0.00594	0.00545	0.00159	0.03025	0.00486	0.00477	0.00826
60	0.00792	0.00530	0.00603	0.00603	0.00606	0.00533	0.00341	0.00798	0.00795	0.01063	0.01710	0.03524	0.01963	0.78517	0.05072	0.00539	0.00557	0.00786	0.00329	0.00335
61	0.45823	0.01073	0.01079	0.03250	0.01323	0.01151	0.00742	0.11462	0.01341	0.26087	0.01271	0.01260	0.00875	0.00579	0.00436	0.00168	0.00467	0.00405	0.00467	0.00740
62	0.01032	0.00901	0.01108	0.03994	0.01215	0.08062	0.04254	0.01225	0.01011	0.01440	0.01393	0.05482	0.01293	0.06327	0.30913	0.00465	0.13326	0.00586	0.15445	0.00527
63	0.00751	0.00524	0.00693	0.00726	0.00814	0.00485	0.00516	0.00930	0.01304	0.03219	0.40169	0.40699	0.04335	0.01391	0.00667	0.00195	0.00289	0.01248	0.00556	0.00488
64	0.00879	0.00628	0.00879	0.01004	0.01130	0.00628	0.00879	0.01130	0.01255	0.01632	0.02887	0.06150	0.03138	0.01506	0.00753	0.00251	0.00502	0.73770	0.00502	0.00502
65	0.00774	0.00599	0.00716	0.00714	0.00829	0.02858	0.00521	0.00980	0.01402	0.01916	0.51589	0.21980	0.10565	0.01259	0.00651	0.00183	0.00295	0.01112	0.00561	0.00497
66	0.02054	0.01442	0.01573	0.01208	0.01641	0.01564	0.00995	0.64299	0.04177	0.10232	0.01396	0.01370	0.00979	0.00649	0.00540	0.00161	0.00576	0.00493	0.00549	0.04103
67	0.00781	0.00574	0.00827	0.00827	0.00907	0.00655	0.00620	0.00942	0.00862	0.01229	0.01505	0.02391	0.01471	0.17485	0.65431	0.00815	0.01298	0.00621	0.00299	0.00459
68	0.02072	0.01527	0.01636	0.01254	0.01691	0.01691	0.01036	0.75622	0.02563	0.03436	0.01309	0.01309	0.00927	0.00654	0.00545	0.00164	0.00600	0.00491	0.00545	0.00927
69	0.01030	0.00969	0.01635	0.79530	0.03755	0.01211	0.01514	0.01393	0.01090	0.01393	0.00969	0.01453	0.00727	0.00545	0.00545	0.00182	0.00727	0.00484	0.00242	0.00606
70	0.04936	0.00932	0.01251	0.00962	0.01381	0.00814	0.00795	0.02625	0.01541	0.75536	0.02109	0.01826	0.01327	0.00670	0.00542	0.00169	0.00463	0.00541	0.00665	0.00918
71	0.84691	0.01054	0.00801	0.00717	0.01054	0.01223	0.00590	0.01603	0.00928	0.02446	0.00759	0.00886	0.00590	0.00506	0.00337	0.00169	0.00422	0.00295	0.00337	0.00590
72	0.01339	0.01357	0.02131	0.06463	0.46428	0.06216	0.08750	0.01625	0.01175	0.01636	0.00956	0.01312	0.00813	0.00586	0.00800	0.00179	0.16710	0.00491	0.00263	0.00770
73	0.00685	0.00480	0.00636	0.00745	0.00780	0.00449	0.00497	0.00766	0.01039	0.01385	0.05165	0.70026	0.05248	0.03997	0.00828	0.04577	0.00328	0.01445	0.00490	0.00431
74	0.01030	0.00969	0.01635	0.79530	0.03755	0.01211	0.01514	0.01393	0.01090	0.01393	0.00969	0.01453	0.00727	0.00545	0.00545	0.00182	0.00727	0.00484	0.00242	0.00606
75	0.01710	0.15016	0.01944	0.03820	0.18824	0.15590	0.01180	0.25660	0.04008	0.02136	0.01061	0.01207	0.00842	0.00581	0.00556	0.00156	0.04118	0.00434	0.00361	0.00796
76	0.02446	0.00928	0.01265	0.00970	0.01392	0.00801	0.00801	0.02657	0.01560	0.77817	0.02151	0.01856	0.01350	0.00675	0.00548	0.00169	0.00464	0.00548	0.00675	0.00928
77	0.00820	0.00588	0.00809	0.00931	0.01036	0.00578	0.00775	0.01030	0.01204	0.01569	0.02995	0.24073	0.05492	0.01551	0.00736	0.00242	0.00450	0.54133	0.00503	0.00486
78	0.03680	0.01166	0.02168	0.40968	0.13627	0.01265	0.24479	0.01540	0.01163	0.01586	0.01022	0.01440	0.00785	0.00578	0.02089	0.00193	0.00781	0.00530	0.00260	0.00679
79	0.00754	0.00555	0.00705	0.00671	0.00805	0.00506	0.00502	0.00994	0.01497	0.02084	0.67026	0.05702	0.13851	0.01158	0.00644	0.00174	0.00261	0.01017	0.00587	0.00506
80	0.00671	0.00477	0.00631	0.00751	0.00781	0.00447	0.00497	0.00761	0.01031	0.01374	0.02938	0.76498	0.03522	0.05809	0.00804	0.00237	0.00327	0.01511	0.00497	0.00437
81	0.01595	0.01670	0.01645	0.03812	0.04656	0.25204	0.09524	0.07597	0.32556	0.01941	0.01483	0.01530	0.01138	0.00636	0.00573	0.00170	0.02576	0.00516	0.00410	0.00768
82	0.00717	0.00513	0.00684	0.00775	0.00837	0.00484	0.00555	0.00863	0.01163	0.01569	0.17174	0.53752	0.03797	0.03481	0.00744	0.00223	0.00336	0.11352	0.00519	0.00462
83	0.00871	0.00622	0.00870	0.00995	0.01117	0.00621	0.00865	0.01116	0.01248	0.01623	0.02891	0.08787	0.03154	0.01513	0.00751	0.00250	0.00495	0.71208	0.00502	0.00500
84	0.01277	0.01541	0.07093	0.02259	0.02824	0.01373	0.71653	0.01745	0.01280	0.01745	0.01096	0.01454	0.00820	0.00463	0.00637	0.00183	0.00913	0.00631	0.00273	0.00739
85	0.01282	0.01223	0.02065	0.19478	0.59826	0.01279	0.01619	0.01645	0.03143	0.01711	0.01044	0.01389	0.00855	0.00505	0.00541	0.00167	0.00659	0.00489	0.00271	0.00809
86	0.02123	0.23021	0.03578	0.00989	0.01433	0.01230	0.00879	0.06120	0.01478	0.51137	0.01697	0.01541	0.01133	0.00613	0.00493	0.00154	0.00512	0.00471	0.00536	0.00862
87	0.78772	0.01064	0.00883	0.00858	0.05019	0.01219	0.00651	0.01627	0.00956	0.03878	0.00800	0.00929	0.00619	0.00508	0.00352	0.00168	0.00434	0.00310	0.00340	0.00611
88	0.00820	0.00548	0.00615	0.00606	0.00747	0.00510	0.00451	0.01060	0.02792	0.01899	0.27920	0.08269	0.23211	0.01062	0.00561	0.00164	0.00268	0.00904	0.27091	0.00500
89	0.08491	0.02131	0.47097	0.01360	0.02008	0.01202	0.03784	0.07730	0.01334	0.17933	0.01236	0.01299	0.00844	0.00559	0.00515	0.00171	0.00689	0.00439	0.00359	0.00821
90	0.01078	0.00913	0.01074	0.00802	0.01235	0.00695	0.00630	0.01303	0.01121	0.01733	0.01199	0.10090	0.01123	0.00551	0.00437	0.00097	0.00394	0.00462	0.00344	0.74720
91	0.01647	0.55515	0.02428	0.01087	0.01493	0.27133	0.00972	0.01810	0.01250	0.01300	0.00786	0.00910	0.00700	0.00498	0.00396	0.00124	0.00714	0.00311	0.00249	0.00678
92	0.00685	0.00507	0.00637	0.00727	0.00795	0.00467	0.00498	0.01815	0.01123	0.01472	0.06996	0.62636	0.16424	0.01608	0.00682	0.00212	0.00310	0.01439	0.00511	0.00456
93	0.03704	0.01196	0.01312	0.01077	0.01403	0.01295	0.00861	0.47959	0.04372	0.06336	0.03764	0.17333	0.01632	0.00877	0.00567	0.00175	0.00503	0.00719	0.04125	0.00791
94	0.00671	0.00555	0.00590	0.00586	0.00759	0.00473	0.00442	0.00832	0.01293	0.01596	0.17425	0.05072	0.63376	0.01339	0.00647	0.00184	0.00278	0.02890	0.00522	0.00470
95	0.01004	0.00512	0.00527	0.00527	0.00653	0.00517	0.00397	0.01255	0.01129	0.01993	0.01762	0.02038	0.01396	0.00814	0.04439	0.00166	0.00317	0.00512	0.79536	0.00507
96	0.02037	0.02598	0.01545	0.01404	0.01685	0.78652	0.01053	0.02177	0.01545	0.01334	0.00843	0.00983	0.00702	0.00562	0.00492	0.00140	0.00983	0.00351	0.00281	0.00632
97	0.01264	0.01035	0.01125	0.01028	0.01303	0.01161	0.00805	0.02478	0.57844	0.04525	0.09709	0.02673	0.06008	0.00859	0.00581	0.00188	0.00412	0.05658	0.00557	0.00786
98	0.02307	0.00944	0.01252	0.00978	0.01383	0.00850	0.00802	0.02649	0.08902	0.68940	0.03617	0.01916	0.01454	0.00690	0.00551	0.00170	0.00457	0.00563	0.00662	0.00913
99	0.00680	0.00553	0.00604	0.00601	0.00767	0.00477	0.00452	0.00847	0.01306	0.01638	0.21773	0.07279	0.56490	0.01333	0.00649	0.00184	0.00279	0.03087	0.00528	0.00473
100	0.01290	0.07005	0.01522	0.01238	0.01384	0.19286	0.03279	0.01453	0.01052	0.01333	0.00995	0.01417	0.00913	0.01686	0.22911	0.00382	0.29501	0.00471	0.02299	0.00583
101	0.00790	0.00564	0.00720	0.00677	0.00817	0.00514	0.00509	0.01034	0.01512	0.03556	0.68157	0.04154	0.12680	0.01134	0.00641	0.00173	0.00263	0.00995	0.00592	0.00517
102	0.00673	0.00478	0.00630	0.00747	0.00777	0.00449	0.00494	0.00761	0.01026	0.01368	0.02914	0.75037	0.03491	0.07313	0.00843	0.00243	0.00331	0.01496	0.00494	0.00435
103	0.00760	0.00555	0.00714	0.00679	0.00809	0.00509	0.00507	0.01005	0.01510	0.02118	0.70466	0.06055	0.09975	0.01147	0.00644	0.00174	0.00260	0.01011	0.00591	0.00509
104	0.01026	0.00922	0.03594	0.11103	0.24707	0.00898	0.01159	0.01325	0.01284	0.01760	0.16572	0.03568	0.02476	0.00974	0.00635	0.00198	0.00534	0.26217	0.00411	0.00636
105	0.36649	0.01014	0.01085	0.00879	0.01255	0.01038	0.00722	0.07905	0.01351	0.38310	0.01469	0.01403	0.00988	0.00638	0.00506	0.02615	0.00457	0.00436	0.00511	0.00767
106	0.15902	0.08115	0.03771	0.01342	0.05060	0.52850	0.01020	0.02014	0.02538	0.01565	0.00856	0.00997	0.00705	0.00543	0.00459	0.00146	0.00829	0.00349	0.00289	0.00649
107	0.01262	0.01237	0.04088	0.45092	0.32641	0.02553	0.01609	0.01586	0.01214	0.01638	0.01077	0.01513	0.00863	0.00579	0.00578	0.00189	0.00728	0.00508	0.00284	0.00758
108	0.00695	0.00517	0.00647	0.00727	0.00804	0.00479	0.00508	0.00844	0.02509	0.01500	0.10332	0.53107	0.17359	0.03294	0.00727	0.00217	0.00318	0.04443	0.00512	0.00460
109	0.01253	0.20764	0.54641	0.01432	0.04227	0.01449	0.01694	0.01750	0.01164	0.05462	0.00988	0.01128	0.00731	0.00513	0.00481	0.00159	0.00733	0.00387	0.00254	0.00789
110	0.01325	0.01261	0.02144	0.03225	0.73485	0.01261	0.01632	0.01645	0.01242	0.01773	0.01122	0.01598	0.00981	0.00539	0.00551	0.00167	0.00640	0.04284	0.00282	0.00845
111	0.02446	0.00928	0.01265	0.00970	0.01392	0.00801	0.00801	0.02657	0.01560	0.77817	0.02151	0.01856	0.01350	0.00675	0.00548	0.00169	0.00464	0.00548	0.00675	0.00928
112	0.00697	0.00489	0.00644	0.00754	0.00798	0.00461	0.00516	0.00812	0.01076	0.01458	0.06528	0.67838	0.03528	0.03766	0.00740	0.00225	0.00326	0.05205	0.03688	0.00449
113	0.03235	0.03017	0.08493	0.56285	0.11459	0.01228	0.01495	0.02651	0.01131	0.01523	0.01044	0.04189	0.00840	0.00576	0.00538	0.00178	0.00697	0.00506	0.00261	0.00653
114	0.00798	0.00546	0.00611	0.00607	0.00626	0.00545	0.00351	0.00848	0.02671	0.01130	0.03369	0.03627	0.05934	0.73250	0.02570	0.00496	0.00508	0.00811	0.00350	0.00354
115	0.01031	0.00619	0.00792	0.00803	0.00923	0.00588	0.00578	0.05122	0.01212	0.12486	0.06356	0.45012	0.04634	0.11309	0.00925	0.00248	0.00388	0.05926	0.00515	0.00532
116	0.02585	0.17684	0.51630	0.01533	0.05898	0.01447	0.05192	0.01708	0.01148	0.02873	0.00952	0.01131	0.00717	0.00518	0.00524	0.00163	0.02875	0.00399	0.00244	0.00778
117	0.01047	0.00989	0.01657	0.73846	0.06281	0.01232	0.01507	0.01400	0.01086	0.01404	0.00961	0.01440	0.00731	0.00559	0.00592	0.00183	0.03744	0.00484	0.00243	0.00614
118	0.00879	0.00628	0.00879	0.01004	0.01130	0.00628	0.00879	0.01130	0.01255	0.01632	0.02887	0.06150	0.03138	0.01506	0.00753	0.00251	0.00502	0.73770	0.00502	0.00502
119	0.01266	0.01429	0.05038	0.11159	0.11386	0.04251	0.49461	0.01682	0.01269	0.01712	0.03246	0.01513	0.00947	0.00501	0.00604	0.00177	0.00830	0.00595	0.02211	0.00722
120	0.00822	0.00690	0.01060	0.25668	0.01806	0.00736	0.03681	0.01049	0.01175	0.01561	0.16399	0.32866	0.08049	0.01159	0.00633	0.00195	0.00455	0.01045	0.00432	0.00520
121	0.00876	0.00590	0.00760	0.00703	0.00855	0.00543	0.00532	0.01146	0.02760	0.06746	0.67643	0.03965	0.08600	0.01095	0.00636	0.00172	0.00274	0.00962	0.00599	0.00542
122	0.75837	0.01204	0.07435	0.02382	0.01221	0.01226	0.00731	0.01609	0.00950	0.02363	0.00782	0.00920	0.00602	0.00508	0.00357	0.00169	0.00461	0.00308	0.00326	0.00609
123	0.00665	0.00552	0.00582	0.00578	0.00750	0.00469	0.00432	0.00821	0.01287	0.01585	0.16932	0.06580	0.64199	0.01345	0.00645	0.00183	0.00274	0.01132	0.00521	0.00469
124	0.01546	0.06642	0.11779	0.01316	0.07835	0.05536	0.01086	0.07610	0.23403	0.15393	0.03581	0.02056	0.03109	0.00722	0.00548	0.00174	0.00556	0.05836	0.00468	0.00805
125	0.01130	0.00969	0.01130	0.00807	0.01292	0.00727	0.00646	0.01373	0.01130	0.01776	0.00969	0.01130	0.00807	0.00404	0.00404	0.00081	0.00404	0.00323	0.00323	0.84173
126	0.01845	0.28711	0.01984	0.01244	0.01590	0.51342	0.01013	0.03773	0.01424	0.01368	0.00826	0.00955	0.00707	0.00532	0.00446	0.00133	0.00841	0.00335	0.00271	0.00662
127	0.00828	0.00702	0.04751	0.00744	0.00921	0.00585	0.00604	0.01144	0.04166	0.03297	0.65776	0.03874	0.08366	0.01077	0.00632	0.00173	0.00296	0.00944	0.00576	0.00546
128	0.00816	0.00566	0.00729	0.00692	0.00831	0.00519	0.00519	0.01048	0.01466	0.04929	0.60512	0.08836	0.12202	0.01233	0.02499	0.00193	0.00299	0.01012	0.00580	0.00520
129	0.01402	0.01176	0.01246	0.01111	0.01425	0.01354	0.00867	0.05093	0.72552	0.03996	0.02190	0.02008	0.01635	0.00736	0.00554	0.00184	0.00437	0.00611	0.00557	0.00866
130	0.00786	0.00577	0.00839	0.00839	0.00927	0.00662	0.00639	0.00962	0.00874	0.01263	0.01494	0.02283	0.01426	0.11725	0.69181	0.00823	0.01338	0.00603	0.02288	0.00472
131	0.02037	0.02598	0.01545	0.01404	0.01685	0.78652	0.01053	0.02177	0.01545	0.01334	0.00843	0.00983	0.00702	0.00562	0.00492	0.00140	0.00983	0.00351	0.00281	0.00632
132	0.01086	0.00585	0.00600	0.00570	0.00720	0.00596	0.00434	0.06774	0.01263	0.02142	0.04418	0.02051	0.01495	0.00654	0.00403	0.00131	0.00280	0.00524	0.74735	0.00539
133	0.00674	0.00482	0.00644	0.00771	0.00807	0.00452	0.00524	0.00777	0.01054	0.01403	0.02999	0.76964	0.03584	0.01698	0.00699	0.00223	0.00325	0.04970	0.00506	0.00446
134	0.00644	0.00552	0.00552	0.00552	0.00736	0.00460	0.00414	0.00782	0.01243	0.01473	0.05523	0.05247	0.77218	0.01381	0.00644	0.00184	0.00276	0.01151	0.00506	0.00460
135	0.01302	0.01244	0.02104	0.10119	0.65794	0.01284	0.01619	0.01619	0.01213	0.01724	0.01059	0.01483	0.00907	0.00537	0.00594	0.00169	0.03674	0.02466	0.00272	0.00820
136	0.84691	0.01054	0.00801	0.00717	0.01054	0.01223	0.00590	0.01603	0.00928	0.02446	0.00759	0.00886	0.00590	0.00506	0.00337	0.00169	0.00422	0.00295	0.00337	0.00590
137	0.00765	0.00554	0.00790	0.00816	0.00893	0.00613	0.00606	0.00925	0.00914	0.01302	0.01813	0.18493	0.01879	0.09687	0.53591	0.00686	0.01105	0.00799	0.03305	0.00466
138	0.01016	0.00508	0.00508	0.00508	0.00635	0.00508	0.00381	0.01270	0.01143	0.02033	0.01778	0.02033	0.01397	0.00635	0.00381	0.00127	0.00254	0.00508	0.83867	0.00508
139	0.12019	0.53528	0.12096	0.01026	0.01506	0.07176	0.01039	0.03580	0.01158	0.01546	0.00806	0.00930	0.00691	0.00489	0.00385	0.00133	0.00619	0.00315	0.00257	0.00701
140	0.01222	0.00708	0.00949	0.03683	0.03338	0.00667	0.00695	0.04233	0.01423	0.19755	0.26680	0.17988	0.07872	0.01118	0.00630	0.00188	0.00381	0.07286	0.00561	0.00623
141	0.11156	0.03301	0.04434	0.12084	0.01752	0.11957	0.01134	0.03220	0.01040	0.01522	0.00848	0.01222	0.00748	0.00968	0.06360	0.00245	0.36691	0.00440	0.00267	0.00613
142	0.01058	0.01020	0.01820	0.63145	0.03444	0.01196	0.12900	0.01426	0.01121	0.01465	0.01071	0.03774	0.00844	0.00568	0.00560	0.00182	0.00732	0.00541	0.02515	0.00618
143	0.00752	0.00570	0.00696	0.00668	0.00809	0.00525	0.00499	0.01000	0.03235	0.01942	0.52028	0.05605	0.23072	0.02907	0.03102	0.00205	0.00310	0.01012	0.00559	0.00503
144	0.02936	0.11408	0.46165	0.01491	0.07271	0.01261	0.05404	0.01594	0.01197	0.01735	0.10020	0.01590	0.02816	0.00664	0.02041	0.00180	0.00703	0.00493	0.00288	0.00741
145	0.02973	0.58342	0.15527	0.01108	0.01613	0.06027	0.03244	0.01674	0.01135	0.01396	0.00809	0.00951	0.00700	0.00490	0.00422	0.00133	0.02179	0.00327	0.00238	0.00711
146	0.02446	0.00928	0.01265	0.00970	0.01392	0.00801	0.00801	0.02657	0.01560	0.77817	0.02151	0.01856	0.01350	0.00675	0.00548	0.00169	0.00464	0.00548	0.00675	0.00928
147	0.00724	0.00530	0.00693	0.00798	0.00879	0.00499	0.00599	0.00873	0.01142	0.01489	0.05049	0.47710	0.13387	0.01593	0.00704	0.00224	0.00362	0.21775	0.00507	0.00463
148	0.03203	0.02258	0.48053	0.01777	0.11172	0.05269	0.10034	0.01688	0.01190	0.01725	0.03371	0.02723	0.00916	0.00566	0.00585	0.00174	0.03791	0.00476	0.00262	0.00767
149	0.00723	0.00516	0.00700	0.00826	0.00884	0.00493	0.00608	0.00861	0.01102	0.01458	0.02972	0.60089	0.03477	0.01653	0.00712	0.00230	0.00367	0.21366	0.00505	0.00459
150	0.00652	0.00542	0.00572	0.00594	0.00753	0.00461	0.00438	0.00786	0.01212	0.01463	0.05073	0.17127	0.64115	0.01435	0.00655	0.00191	0.00287	0.02681	0.00506	0.00458
151	0.09484	0.14481	0.15135	0.05040	0.01814	0.04679	0.08622	0.08119	0.01388	0.21822	0.03483	0.01404	0.01021	0.00576	0.00500	0.00162	0.00626	0.00463	0.00402	0.00778

[dist]
# distance from previous block
# <min> <max>
4	6

[block]
# block no. 2 follows, 44 sequences, length 34
# corresponding to MSA columns:
# 480-513
name=unknown_C
#
# <colnr> <probs for GDERKNQSTAVLIFYWHMCP>
#	G	D	E	R	K	N	Q	S	T	A	V	L	I	F	Y	W	H	M	C	P
0	0.01433	0.01489	0.01868	0.10713	0.43905	0.17362	0.01412	0.01779	0.05089	0.01667	0.01098	0.01461	0.00926	0.00549	0.00531	0.00160	0.00699	0.02791	0.00294	0.04774
1	0.73949	0.01200	0.00978	0.00849	0.01192	0.07544	0.04221	0.01656	0.00995	0.02322	0.00782	0.00922	0.00611	0.00508	0.00365	0.00167	0.00491	0.00316	0.00330	0.00601
2	0.01052	0.00542	0.00546	0.00533	0.00671	0.00548	0.00403	0.03761	0.01191	0.02080	0.01763	0.02008	0.01382	0.00636	0.00387	0.00128	0.00266	0.00508	0.81076	0.00522
3	0.01391	0.01008	0.01224	0.05018	0.01421	0.01041	0.00826	0.23401	0.01522	0.07901	0.01504	0.11554	0.01334	0.01288	0.12969	0.00270	0.04448	0.00608	0.02396	0.18875
4	0.01130	0.00969	0.01130	0.00807	0.01292	0.00727	0.00646	0.01373	0.01130	0.01776	0.00969	0.01130	0.00807	0.00404	0.00404	0.00081	0.00404	0.00323	0.00323	0.84173
5	0.01458	0.81168	0.02857	0.00933	0.01399	0.02157	0.00933	0.01632	0.01108	0.01283	0.00758	0.00875	0.00700	0.00466	0.00350	0.00117	0.00583	0.00292	0.00233	0.00700
6	0.01349	0.01295	0.02213	0.03346	0.77440	0.01295	0.01673	0.01673	0.01241	0.01781	0.01025	0.01349	0.00864	0.00486	0.00540	0.00162	0.00648	0.00486	0.00270	0.00864
7	0.00727	0.00556	0.00667	0.00639	0.00787	0.00495	0.00479	0.00942	0.01437	0.01935	0.51921	0.04486	0.30532	0.01208	0.00643	0.00176	0.00264	0.01044	0.00567	0.00495
8	0.01989	0.01461	0.01562	0.01211	0.01626	0.01617	0.00996	0.68828	0.05572	0.03317	0.01371	0.01376	0.00982	0.00657	0.00537	0.00163	0.00575	0.00497	0.04761	0.00903
9	0.00779	0.00582	0.00863	0.00863	0.00956	0.00675	0.00666	0.00965	0.00872	0.01256	0.01472	0.02206	0.01391	0.07574	0.75233	0.00860	0.01418	0.00594	0.00294	0.00480
10	0.00826	0.00636	0.00923	0.00901	0.00984	0.00761	0.00700	0.01005	0.00876	0.01282	0.01415	0.02132	0.01339	0.08175	0.64449	0.00771	0.08802	0.00584	0.02951	0.00489
11	0.01389	0.01187	0.01251	0.01116	0.01430	0.01371	0.00871	0.06223	0.73076	0.02333	0.02177	0.02001	0.01630	0.00736	0.00554	0.00184	0.00439	0.00611	0.00554	0.00866
12	0.00760	0.00568	0.00713	0.00683	0.00827	0.00512	0.00512	0.00985	0.01433	0.01979	0.54930	0.09877	0.16605	0.01185	0.00641	0.00176	0.00277	0.02969	0.00564	0.03805
13	0.00801	0.00600	0.00773	0.00861	0.01001	0.00571	0.00728	0.01013	0.01244	0.01576	0.03675	0.08443	0.25195	0.01476	0.00719	0.00230	0.00428	0.49674	0.00503	0.00488
14	0.32142	0.04471	0.01276	0.00994	0.01368	0.08973	0.00814	0.22968	0.03268	0.15320	0.01214	0.01229	0.00871	0.00589	0.00454	0.00162	0.00538	0.00411	0.02180	0.00756
15	0.00796	0.00550	0.00649	0.00645	0.00659	0.00569	0.00391	0.00822	0.00816	0.01098	0.01768	0.05011	0.03387	0.68361	0.09789	0.00541	0.02671	0.00788	0.00331	0.00357
16	0.00698	0.00492	0.00637	0.00729	0.00757	0.00474	0.00476	0.00777	0.00980	0.01312	0.02644	0.59655	0.03136	0.19180	0.05097	0.00322	0.00421	0.01335	0.00457	0.00420
17	0.01077	0.00567	0.00573	0.00551	0.00696	0.00576	0.00419	0.05565	0.01225	0.02114	0.01751	0.01991	0.01370	0.00636	0.00391	0.00129	0.00274	0.00507	0.79054	0.00532
18	0.01334	0.01272	0.02110	0.06592	0.65261	0.01299	0.02975	0.01781	0.08562	0.01811	0.01141	0.01423	0.00935	0.00513	0.00543	0.00165	0.00635	0.00501	0.00296	0.00849
19	0.05189	0.16590	0.47558	0.01522	0.04943	0.01417	0.09249	0.01678	0.01140	0.01669	0.00959	0.01163	0.00731	0.00624	0.03187	0.00187	0.00775	0.00412	0.00244	0.00760
20	0.01356	0.01346	0.02086	0.13549	0.61903	0.06933	0.01606	0.01672	0.01243	0.01696	0.01004	0.01337	0.00833	0.00499	0.00537	0.00163	0.00683	0.00476	0.00267	0.00812
21	0.01168	0.01171	0.01970	0.46442	0.16013	0.04747	0.14166	0.01526	0.01177	0.01527	0.01076	0.01612	0.00866	0.00561	0.00567	0.00180	0.00748	0.03550	0.00265	0.00669
22	0.00805	0.00641	0.00736	0.00722	0.00892	0.00614	0.00554	0.01181	0.11545	0.01831	0.28690	0.07938	0.32965	0.01231	0.00644	0.00188	0.00313	0.07432	0.00544	0.00536
23	0.08046	0.19379	0.18343	0.01718	0.21930	0.04933	0.01312	0.03306	0.01248	0.09635	0.03321	0.02495	0.00981	0.00554	0.00481	0.00156	0.00628	0.00441	0.00320	0.00774
24	0.01143	0.04750	0.63440	0.01788	0.11538	0.01299	0.05102	0.01718	0.01167	0.01722	0.00983	0.01181	0.00718	0.00510	0.00521	0.00170	0.00785	0.00420	0.00237	0.00807
25	0.00738	0.00554	0.00683	0.00655	0.00795	0.00499	0.00490	0.00961	0.01456	0.01990	0.57619	0.06357	0.22809	0.01195	0.00645	0.00176	0.00263	0.01041	0.00575	0.00499
26	0.01135	0.01094	0.01908	0.53212	0.23678	0.01246	0.06967	0.01495	0.01146	0.01524	0.00994	0.01426	0.00771	0.00523	0.00551	0.00176	0.00719	0.00496	0.00252	0.00685
27	0.08025	0.14622	0.25600	0.04928	0.03643	0.11044	0.04873	0.06962	0.01266	0.03307	0.01066	0.05726	0.00899	0.00619	0.00566	0.00166	0.05204	0.00467	0.00297	0.00717
28	0.00675	0.00482	0.00643	0.00761	0.00800	0.00451	0.00515	0.00781	0.01073	0.01436	0.06560	0.75036	0.03668	0.01675	0.00695	0.00220	0.00318	0.03254	0.00510	0.00448
29	0.00755	0.00542	0.00731	0.00828	0.00911	0.00519	0.00635	0.00930	0.01199	0.01599	0.14387	0.41033	0.05439	0.01539	0.00706	0.00223	0.00371	0.26657	0.00519	0.00475
30	0.01235	0.06235	0.51791	0.01859	0.15019	0.01302	0.07763	0.01759	0.01195	0.05332	0.01041	0.01230	0.00763	0.00513	0.00525	0.00169	0.00761	0.00438	0.00262	0.00810
31	0.01353	0.01365	0.04590	0.11747	0.57232	0.04649	0.01580	0.03653	0.05234	0.01785	0.01080	0.01374	0.00879	0.00515	0.00538	0.00165	0.00664	0.00484	0.00288	0.00824
32	0.00879	0.00628	0.00879	0.01004	0.01130	0.00628	0.00879	0.01130	0.01255	0.01632	0.02887	0.06150	0.03138	0.01506	0.00753	0.00251	0.00502	0.73770	0.00502	0.00502
33	0.05250	0.02701	0.07458	0.09666	0.08925	0.01023	0.01020	0.06732	0.06550	0.09990	0.13979	0.08415	0.03205	0.00929	0.02174	0.00198	0.04150	0.06511	0.00441	0.00682

[dist]
# distance from previous block
# <min> <max>
1	2

[block]
# block no. 3 follows, 44 sequences, length 72
# corresponding to MSA columns:
# 516-587
name=unknown_D
#
# <colnr> <probs for GDERKNQSTAVLIFYWHMCP>
#	G	D	E	R	K	N	Q	S	T	A	V	L	I	F	Y	W	H	M	C	P
0	0.11055	0.01322	0.01407	0.01133	0.01477	0.06168	0.00927	0.35868	0.01833	0.17054	0.01338	0.01394	0.00968	0.00852	0.04858	0.00209	0.08692	0.00476	0.02164	0.00806
1	0.25619	0.02054	0.01376	0.01327	0.06270	0.50164	0.00960	0.03403	0.01369	0.01721	0.00839	0.00985	0.00685	0.00543	0.00452	0.00150	0.00794	0.00346	0.00301	0.00640
2	0.00669	0.00481	0.00636	0.00750	0.00791	0.00447	0.00504	0.00774	0.01075	0.01435	0.06928	0.74692	0.05459	0.01669	0.00692	0.00218	0.00312	0.01511	0.00511	0.00447
3	0.00704	0.00520	0.00618	0.00657	0.00736	0.00478	0.00444	0.00814	0.01117	0.01461	0.14831	0.31735	0.22729	0.19296	0.01141	0.00273	0.00344	0.01188	0.00481	0.00433
