[name]
unknown

[dist]
# distance from previous block
# <min> <max>
11	146

[block]
# block no. 0 follows, 42 sequences, length 6
# corresponding to MSA columns:
# 187-192
name=unknown_A
#
# <colnr> <probs for GDERKNQSTAVLIFYWHMCP>
#	G	D	E	R	K	N	Q	S	T	A	V	L	I	F	Y	W	H	M	C	P
0	0.03723	0.10820	0.03632	0.01181	0.06672	0.01225	0.00903	0.20389	0.03773	0.08755	0.06250	0.08587	0.01627	0.07085	0.12566	0.00310	0.00687	0.00646	0.00444	0.00725
1	0.08502	0.31724	0.17381	0.06856	0.01742	0.06983	0.01152	0.01694	0.01176	0.06279	0.01171	0.01391	0.03217	0.03619	0.04776	0.00207	0.00705	0.00423	0.00298	0.00704
2	0.06136	0.01368	0.08054	0.01157	0.01522	0.01338	0.01003	0.42214	0.01935	0.02683	0.01559	0.06830	0.01370	0.06486	0.08394	0.00278	0.00685	0.05735	0.00476	0.00778
3	0.08323	0.00938	0.08838	0.00824	0.01002	0.00797	0.00658	0.08057	0.01098	0.01593	0.01879	0.11690	0.05131	0.41472	0.05043	0.00401	0.00578	0.00797	0.00379	0.00501
4	0.01156	0.01113	0.06499	0.01160	0.07864	0.05830	0.00860	0.15125	0.01548	0.02020	0.12512	0.20734	0.19070	0.01126	0.00629	0.00187	0.00475	0.00963	0.00486	0.00643
5	0.03114	0.34763	0.06610	0.13944	0.01959	0.04998	0.03887	0.09378	0.01351	0.04929	0.04345	0.02856	0.01045	0.00609	0.00536	0.00157	0.04014	0.00455	0.00324	0.00725

[dist]
# distance from previous block
# <min> <max>
9	21

[block]
# block no. 1 follows, 42 sequences, length 25
# corresponding to MSA columns:
# 214-238
name=unknown_B
#
# <colnr> <probs for GDERKNQSTAVLIFYWHMCP>
#	G	D	E	R	K	N	Q	S	T	A	V	L	I	F	Y	W	H	M	C	P
0	0.04393	0.20007	0.03537	0.01314	0.04599	0.13090	0.01072	0.09816	0.01296	0.01686	0.01150	0.05505	0.03361	0.00772	0.00897	0.00180	0.24414	0.00501	0.00317	0.02091
1	0.01124	0.00927	0.00992	0.00910	0.01112	0.05653	0.00679	0.12789	0.04860	0.01955	0.13042	0.28166	0.08086	0.05275	0.00769	0.00203	0.02363	0.00986	0.00494	0.09616
2	0.01157	0.04918	0.69391	0.01679	0.04598	0.01339	0.05666	0.01779	0.01197	0.01772	0.01012	0.01203	0.00725	0.00529	0.00537	0.00177	0.00827	0.00428	0.00241	0.00827
3	0.10632	0.01625	0.27785	0.01382	0.08449	0.01061	0.03510	0.01780	0.04262	0.12829	0.18922	0.02034	0.01938	0.00705	0.00556	0.00177	0.00577	0.00590	0.00424	0.00760
4	0.01436	0.01127	0.01288	0.00968	0.01429	0.01016	0.00780	0.14811	0.09097	0.06076	0.01254	0.01335	0.00974	0.00523	0.00491	0.00117	0.01807	0.00410	0.00416	0.54644
5	0.00776	0.00595	0.00859	0.01095	0.09367	0.00578	0.00674	0.00909	0.01085	0.01470	0.02731	0.64188	0.03200	0.01838	0.07512	0.00281	0.00469	0.01388	0.00476	0.00510
6	0.01563	0.01283	0.01366	0.01159	0.01523	0.01436	0.00918	0.20403	0.52419	0.02607	0.01967	0.01849	0.01468	0.00717	0.00559	0.00178	0.00486	0.00582	0.00553	0.06965
7	0.01315	0.41426	0.40424	0.01286	0.01944	0.01763	0.01526	0.01734	0.01166	0.01555	0.00897	0.01047	0.00718	0.00508	0.00449	0.00150	0.00718	0.00359	0.00239	0.00777
8	0.01325	0.02322	0.50903	0.01803	0.11492	0.01266	0.07349	0.04192	0.01293	0.08770	0.01205	0.03461	0.00898	0.00579	0.00556	0.00178	0.00767	0.00494	0.00307	0.00839
9	0.01187	0.12048	0.64602	0.01624	0.06157	0.01418	0.01929	0.01768	0.01188	0.01731	0.00985	0.01165	0.00723	0.00527	0.00515	0.00171	0.00796	0.00407	0.00240	0.00822
10	0.00724	0.00575	0.00651	0.00640	0.00807	0.00503	0.00486	0.00916	0.01397	0.01797	0.31514	0.05011	0.47291	0.01330	0.00669	0.00188	0.00288	0.04157	0.00558	0.00497
11	0.03631	0.07263	0.51272	0.01598	0.02299	0.01390	0.12296	0.01911	0.09576	0.01843	0.01152	0.01313	0.00844	0.00548	0.00541	0.00178	0.00779	0.00466	0.00285	0.00815
12	0.01271	0.08690	0.50431	0.12564	0.02456	0.08121	0.01773	0.01816	0.03047	0.03289	0.01035	0.01233	0.00759	0.00548	0.00524	0.00172	0.00801	0.00423	0.00262	0.00782
13	0.00711	0.00508	0.00682	0.00812	0.00856	0.00479	0.00566	0.00827	0.01102	0.01464	0.03088	0.71590	0.03668	0.01740	0.00725	0.00232	0.00348	0.09619	0.00522	0.00464
14	0.00710	0.00562	0.00640	0.00642	0.00793	0.00491	0.00473	0.00887	0.01357	0.01748	0.28251	0.14514	0.44177	0.01379	0.00671	0.00191	0.00284	0.01185	0.00554	0.00491
15	0.04033	0.20575	0.04209	0.01084	0.01519	0.06108	0.00950	0.15647	0.05043	0.30377	0.01539	0.01479	0.01084	0.00683	0.01753	0.00170	0.00589	0.00470	0.01835	0.00852
16	0.01187	0.18258	0.53739	0.01377	0.02045	0.01400	0.01676	0.01645	0.01128	0.01600	0.00961	0.01189	0.00745	0.00684	0.00687	0.09549	0.00747	0.00401	0.00239	0.00744
17	0.00766	0.00525	0.00637	0.00688	0.00703	0.00515	0.00421	0.00810	0.00922	0.01232	0.02285	0.33404	0.02684	0.47619	0.03954	0.00431	0.00485	0.01118	0.00411	0.00390
18	0.00742	0.00548	0.00719	0.00796	0.00841	0.00543	0.00550	0.00856	0.01111	0.01501	0.11169	0.57137	0.05441	0.08558	0.00960	0.00251	0.04418	0.02890	0.00503	0.00465
19	0.06926	0.10573	0.49838	0.01482	0.02159	0.01372	0.08126	0.01782	0.03451	0.03395	0.01073	0.01265	0.00800	0.00724	0.04520	0.00211	0.00806	0.00438	0.00273	0.00786
20	0.01008	0.00660	0.00841	0.00802	0.02592	0.00610	0.00591	0.01305	0.04887	0.10544	0.49726	0.06413	0.15574	0.01130	0.00648	0.00181	0.00312	0.00983	0.00600	0.00592
21	0.01129	0.02911	0.77306	0.01604	0.02436	0.01307	0.02079	0.01782	0.01188	0.01782	0.01010	0.01188	0.00713	0.00535	0.00535	0.00178	0.00832	0.00416	0.00238	0.00832
22	0.01998	0.01500	0.01648	0.01289	0.01682	0.01689	0.01061	0.65228	0.02422	0.03264	0.01371	0.04658	0.01055	0.00749	0.00683	0.00178	0.07533	0.00552	0.00533	0.00906
23	0.01340	0.01653	0.17333	0.03083	0.61812	0.01331	0.01798	0.01738	0.01263	0.01827	0.01049	0.01352	0.00856	0.00508	0.00553	0.00169	0.00701	0.00484	0.00270	0.00879
24	0.02437	0.01017	0.01335	0.01027	0.01456	0.00923	0.00847	0.10806	0.01727	0.66915	0.04022	0.01911	0.01444	0.00706	0.00568	0.00174	0.00489	0.00571	0.00680	0.00947

[dist]
# distance from previous block
# <min> <max>
0	6

[block]
# block no. 2 follows, 42 sequences, length 41
# corresponding to MSA columns:
# 245-285
name=unknown_C
#
# <colnr> <probs for GDERKNQSTAVLIFYWHMCP>
#	G	D	E	R	K	N	Q	S	T	A	V	L	I	F	Y	W	H	M	C	P
0	0.02335	0.00989	0.01343	0.01033	0.01457	0.00882	0.03090	0.07332	0.01648	0.64754	0.02368	0.02106	0.06495	0.00738	0.00576	0.00175	0.00489	0.00608	0.00663	0.00918
1	0.01177	0.08230	0.64541	0.01667	0.04492	0.01381	0.07310	0.01775	0.01198	0.01753	0.01005	0.01198	0.00729	0.00526	0.00533	0.00175	0.00820	0.00428	0.00242	0.00820
2	0.02525	0.00958	0.01306	0.01001	0.01437	0.00827	0.00827	0.02743	0.01611	0.77102	0.02220	0.01915	0.01393	0.00697	0.00566	0.00174	0.00479	0.00566	0.00697	0.00958
3	0.01328	0.01518	0.03321	0.02372	0.02941	0.01423	0.74668	0.01803	0.01328	0.01803	0.01139	0.01518	0.00854	0.00474	0.00664	0.00190	0.00949	0.00664	0.00285	0.00759
4	0.01129	0.02911	0.77306	0.01604	0.02436	0.01307	0.02079	0.01782	0.01188	0.01782	0.01010	0.01188	0.00713	0.00535	0.00535	0.00178	0.00832	0.00416	0.00238	0.00832
5	0.02178	0.01254	0.01539	0.01313	0.06721	0.01294	0.01004	0.31099	0.06320	0.35526	0.01743	0.01641	0.01180	0.00690	0.00615	0.00175	0.03644	0.00539	0.00590	0.00936
6	0.00686	0.00490	0.00653	0.00784	0.00816	0.00457	0.00522	0.00784	0.01077	0.01437	0.03102	0.79855	0.03722	0.01763	0.00718	0.00229	0.00326	0.01600	0.00522	0.00457
7	0.01129	0.02911	0.77306	0.01604	0.02436	0.01307	0.02079	0.01782	0.01188	0.01782	0.01010	0.01188	0.00713	0.00535	0.00535	0.00178	0.00832	0.00416	0.00238	0.00832
8	0.01338	0.15583	0.16825	0.02548	0.44909	0.01463	0.03454	0.01703	0.01234	0.01724	0.01067	0.03728	0.00915	0.00543	0.00526	0.00164	0.00685	0.00488	0.00272	0.00833
9	0.01142	0.05620	0.74713	0.01582	0.02401	0.01339	0.02040	0.01779	0.01187	0.01766	0.01002	0.01178	0.00713	0.00533	0.00529	0.00176	0.00824	0.00412	0.00238	0.00828
10	0.02107	0.01560	0.01671	0.01288	0.01733	0.01730	0.01062	0.71740	0.05793	0.03495	0.01392	0.01383	0.00990	0.00679	0.00563	0.00170	0.00612	0.00512	0.00563	0.00954
11	0.00693	0.00499	0.00657	0.00770	0.00816	0.00464	0.00519	0.00806	0.01125	0.01503	0.08870	0.71135	0.06651	0.01703	0.00712	0.00223	0.00320	0.01539	0.00530	0.00464
12	0.01957	0.09020	0.11997	0.01260	0.04605	0.01244	0.03049	0.18196	0.01704	0.33344	0.05088	0.03272	0.01334	0.00678	0.00551	0.00170	0.00577	0.00549	0.00526	0.00880
13	0.01411	0.01285	0.02158	0.14725	0.50283	0.02947	0.07996	0.01747	0.01291	0.06914	0.01249	0.01549	0.02794	0.00547	0.00570	0.00173	0.00691	0.00534	0.00310	0.00828
14	0.00774	0.00569	0.00729	0.00723	0.00850	0.00523	0.00543	0.01004	0.01472	0.02027	0.53785	0.13799	0.13611	0.01287	0.00678	0.00191	0.00293	0.06039	0.00589	0.00514
15	0.01132	0.02731	0.69773	0.06958	0.04862	0.01304	0.02033	0.01757	0.01187	0.01760	0.01011	0.01216	0.00721	0.00536	0.00537	0.00179	0.00821	0.00424	0.00240	0.00819
16	0.01822	0.03982	0.04657	0.03475	0.11776	0.07568	0.03079	0.27447	0.09504	0.13684	0.03509	0.01697	0.03879	0.00676	0.00561	0.00171	0.00618	0.00548	0.00485	0.00863
17	0.01174	0.12350	0.68268	0.01526	0.02315	0.01419	0.01944	0.01770	0.01183	0.01727	0.00982	0.01153	0.00714	0.00528	0.00514	0.00171	0.00804	0.00402	0.00238	0.00818
18	0.00796	0.00575	0.00752	0.00708	0.00841	0.00531	0.00531	0.01062	0.01593	0.02257	0.76415	0.04204	0.05310	0.01150	0.00664	0.00177	0.00265	0.01018	0.00619	0.00531
19	0.01144	0.01047	0.01701	0.71933	0.05294	0.01286	0.01533	0.06475	0.01233	0.01591	0.01026	0.01488	0.00767	0.00569	0.00563	0.00186	0.00739	0.00501	0.00272	0.00654
20	0.01380	0.03906	0.36105	0.01332	0.01869	0.03515	0.04812	0.08566	0.01372	0.12374	0.01602	0.15418	0.01412	0.03000	0.00640	0.00194	0.00670	0.00675	0.00390	0.00769
21	0.01129	0.02911	0.77306	0.01604	0.02436	0.01307	0.02079	0.01782	0.01188	0.01782	0.01010	0.01188	0.00713	0.00535	0.00535	0.00178	0.00832	0.00416	0.00238	0.00832
22	0.00686	0.00490	0.00653	0.00784	0.00816	0.00457	0.00522	0.00784	0.01077	0.01437	0.03102	0.79855	0.03722	0.01763	0.00718	0.00229	0.00326	0.01600	0.00522	0.00457
23	0.03903	0.01232	0.03129	0.01273	0.06684	0.01183	0.00991	0.26357	0.01907	0.44667	0.01801	0.01659	0.01185	0.00669	0.00559	0.00172	0.00545	0.00534	0.00607	0.00943
24	0.01262	0.02019	0.32280	0.01984	0.02637	0.01332	0.41870	0.01788	0.01273	0.03791	0.01177	0.03811	0.00901	0.00544	0.00612	0.00186	0.00871	0.00593	0.00284	0.00784
25	0.01652	0.01418	0.01467	0.10610	0.03926	0.10887	0.01047	0.15424	0.37592	0.07277	0.01754	0.01728	0.01299	0.00689	0.00561	0.00179	0.00592	0.00555	0.00497	0.00846
26	0.00746	0.00560	0.00780	0.00966	0.06025	0.00539	0.00611	0.00866	0.01076	0.01447	0.02871	0.64671	0.05150	0.04031	0.06544	0.00283	0.00443	0.01418	0.00484	0.00487
27	0.01427	0.04131	0.04129	0.06714	0.09827	0.03884	0.21773	0.12888	0.02810	0.01930	0.03435	0.01455	0.00983	0.00679	0.00919	0.00194	0.21193	0.00551	0.00328	0.00750
28	0.84197	0.01088	0.00827	0.00740	0.01088	0.01262	0.00609	0.01654	0.00958	0.02525	0.00784	0.00914	0.00609	0.00522	0.00348	0.00174	0.00435	0.00305	0.00348	0.00609
29	0.01489	0.59179	0.09171	0.01103	0.01605	0.07944	0.03950	0.01724	0.01192	0.01422	0.00838	0.00979	0.00734	0.00489	0.00403	0.00127	0.00655	0.00332	0.00252	0.06413
30	0.01397	0.30858	0.40449	0.01285	0.01930	0.01571	0.01503	0.01824	0.01226	0.09250	0.03171	0.01243	0.00914	0.00549	0.00478	0.00157	0.00697	0.00406	0.00296	0.00796
31	0.00686	0.00490	0.00653	0.00784	0.00816	0.00457	0.00522	0.00784	0.01077	0.01437	0.03102	0.79855	0.03722	0.01763	0.00718	0.00229	0.00326	0.01600	0.00522	0.00457
32	0.01246	0.20908	0.57717	0.01451	0.02184	0.03898	0.01790	0.01774	0.01190	0.01663	0.00953	0.01117	0.00715	0.00524	0.00494	0.00164	0.00784	0.00388	0.00240	0.00801
33	0.01471	0.01246	0.04073	0.01601	0.17566	0.07411	0.01071	0.07230	0.17951	0.10959	0.02033	0.13889	0.03167	0.00900	0.00602	0.00189	0.00555	0.06832	0.00476	0.00777
34	0.02525	0.00958	0.01306	0.01001	0.01437	0.00827	0.00827	0.02743	0.01611	0.77102	0.02220	0.01915	0.01393	0.00697	0.00566	0.00174	0.00479	0.00566	0.00697	0.00958
35	0.00778	0.00575	0.00727	0.00689	0.00829	0.00523	0.00516	0.01026	0.01549	0.02153	0.66436	0.04375	0.15354	0.01189	0.00664	0.00179	0.00268	0.01042	0.00606	0.00523
36	0.02043	0.03470	0.13520	0.04605	0.03699	0.01263	0.01158	0.24478	0.03564	0.33933	0.01647	0.01576	0.01103	0.00650	0.00555	0.00173	0.00596	0.00515	0.00539	0.00914
37	0.01641	0.32459	0.08549	0.01124	0.01546	0.16937	0.01026	0.02092	0.13451	0.09162	0.01356	0.01389	0.02589	0.00600	0.00468	0.00149	0.00647	0.00432	0.03627	0.00756
38	0.01129	0.02911	0.77306	0.01604	0.02436	0.01307	0.02079	0.01782	0.01188	0.01782	0.01010	0.01188	0.00713	0.00535	0.00535	0.00178	0.00832	0.00416	0.00238	0.00832
39	0.00889	0.00639	0.00884	0.01008	0.01137	0.00634	0.00874	0.01138	0.01288	0.01669	0.03101	0.08638	0.06409	0.01556	0.00771	0.00255	0.00502	0.67572	0.00519	0.00514
40	0.01563	0.04014	0.19869	0.05259	0.09376	0.01142	0.03841	0.03579	0.10893	0.22039	0.01806	0.04030	0.02695	0.00735	0.00578	0.00185	0.00611	0.06506	0.00452	0.00824

[dist]
# distance from previous block
# <min> <max>
0	19

[block]
# block no. 3 follows, 42 sequences, length 89
# corresponding to MSA columns:
# 305-338,348-402
name=unknown_D
#
# <colnr> <probs for GDERKNQSTAVLIFYWHMCP>
#	G	D	E	R	K	N	Q	S	T	A	V	L	I	F	Y	W	H	M	C	P
0	0.00703	0.00507	0.00668	0.00793	0.00832	0.00480	0.00531	0.00838	0.02917	0.01459	0.03082	0.77938	0.03673	0.01738	0.00715	0.00228	0.00329	0.01576	0.00524	0.00468
1	0.00819	0.00662	0.01048	0.01020	0.01140	0.00628	0.10452	0.02875	0.01162	0.01552	0.02788	0.64083	0.03245	0.01553	0.00710	0.00223	0.00426	0.04608	0.00492	0.00513
2	0.01153	0.07882	0.72546	0.01563	0.02372	0.01366	0.02008	0.01776	0.01185	0.01753	0.00995	0.01170	0.00713	0.00531	0.00524	0.00175	0.00817	0.00408	0.00238	0.00825
3	0.01311	0.01506	0.04910	0.07326	0.08115	0.01403	0.63187	0.01774	0.01309	0.01781	0.01121	0.01500	0.00846	0.00483	0.00647	0.00188	0.00914	0.00636	0.00281	0.00761
4	0.00686	0.00490	0.00653	0.00784	0.00816	0.00457	0.00522	0.00784	0.01077	0.01437	0.03102	0.79855	0.03722	0.01763	0.00718	0.00229	0.00326	0.01600	0.00522	0.00457
5	0.01444	0.68110	0.14872	0.01066	0.01603	0.02079	0.01142	0.01701	0.01151	0.01397	0.00819	0.00949	0.00721	0.00490	0.00389	0.00130	0.00639	0.00319	0.00240	0.00740
6	0.58056	0.11674	0.01199	0.00818	0.01200	0.01311	0.00697	0.01860	0.01103	0.16154	0.01049	0.01098	0.00769	0.00549	0.00390	0.00167	0.00466	0.00353	0.00398	0.00689
7	0.02515	0.00974	0.01316	0.01009	0.01445	0.00852	0.00834	0.04691	0.01639	0.75114	0.02197	0.01900	0.01381	0.00696	0.00566	0.00174	0.00483	0.00564	0.00693	0.00958
8	0.77602	0.04668	0.00949	0.00775	0.01127	0.04042	0.00642	0.01677	0.00989	0.02431	0.00787	0.00917	0.00619	0.00523	0.00355	0.00171	0.00463	0.00307	0.00341	0.00616
9	0.00744	0.00637	0.00807	0.00730	0.00932	0.00555	0.05612	0.00940	0.01363	0.01724	0.23070	0.04842	0.53428	0.01290	0.00665	0.00187	0.00326	0.01109	0.00530	0.00509
10	0.01250	0.14434	0.61349	0.01488	0.02243	0.01473	0.01848	0.06444	0.01275	0.01827	0.00998	0.01156	0.00730	0.00536	0.00511	0.00169	0.00784	0.00404	0.00259	0.00823
11	0.00686	0.00490	0.00653	0.00784	0.00816	0.00457	0.00522	0.00784	0.01077	0.01437	0.03102	0.79855	0.03722	0.01763	0.00718	0.00229	0.00326	0.01600	0.00522	0.00457
12	0.01192	0.01015	0.01181	0.00846	0.01344	0.00776	0.00677	0.03339	0.01206	0.01879	0.01009	0.01172	0.00837	0.00424	0.00421	0.00086	0.00422	0.00338	0.00339	0.81497
13	0.05547	0.06526	0.01879	0.05864	0.08833	0.01631	0.06234	0.47208	0.03673	0.05205	0.01275	0.01360	0.00931	0.00622	0.00547	0.00169	0.00637	0.00499	0.00474	0.00887
14	0.00717	0.00524	0.00678	0.00792	0.00843	0.00500	0.00535	0.00882	0.04393	0.01480	0.03159	0.73752	0.06230	0.01707	0.00710	0.00226	0.00330	0.01542	0.00525	0.00477
15	0.00806	0.00593	0.00854	0.00854	0.00937	0.00676	0.00641	0.00973	0.00890	0.01269	0.01553	0.02465	0.01517	0.17360	0.65004	0.00842	0.01341	0.00640	0.00308	0.00475
16	0.01360	0.01475	0.09224	0.05085	0.68087	0.01332	0.01756	0.01725	0.01269	0.01824	0.01053	0.01376	0.00871	0.00506	0.00555	0.00169	0.00686	0.00493	0.00274	0.00880
17	0.01185	0.00698	0.00924	0.02593	0.01040	0.00716	0.00655	0.11353	0.01178	0.06382	0.01640	0.15112	0.01637	0.01634	0.03425	0.40870	0.00509	0.05793	0.02188	0.00466
18	0.00672	0.00565	0.00583	0.00590	0.00767	0.00476	0.00438	0.00816	0.01280	0.01543	0.08226	0.10542	0.68705	0.01438	0.00669	0.00192	0.00287	0.01210	0.00526	0.00476
19	0.01129	0.02911	0.77306	0.01604	0.02436	0.01307	0.02079	0.01782	0.01188	0.01782	0.01010	0.01188	0.00713	0.00535	0.00535	0.00178	0.00832	0.00416	0.00238	0.00832
20	0.01962	0.01533	0.01779	0.06004	0.13466	0.03476	0.01200	0.57651	0.02324	0.03112	0.01275	0.01358	0.00930	0.00640	0.00561	0.00169	0.00644	0.00502	0.00495	0.00921
21	0.01352	0.03369	0.06207	0.02277	0.02845	0.04168	0.67506	0.01815	0.01328	0.01776	0.01116	0.01473	0.00841	0.00481	0.00647	0.00186	0.00939	0.00635	0.00282	0.00757
22	0.01894	0.00835	0.01113	0.00918	0.01239	0.00748	0.00731	0.02173	0.04842	0.48990	0.20099	0.09525	0.02558	0.00905	0.00603	0.00180	0.00412	0.00771	0.00657	0.00807
23	0.01279	0.01012	0.01189	0.00856	0.01351	0.00781	0.00688	0.03406	0.01234	0.06696	0.01087	0.01220	0.00873	0.00441	0.00430	0.00091	0.00426	0.00353	0.00363	0.76223
24	0.04557	0.06200	0.13415	0.01422	0.01799	0.52331	0.01227	0.05352	0.01496	0.01572	0.00899	0.01060	0.00730	0.00593	0.00576	0.00157	0.05248	0.00380	0.00291	0.00694
25	0.53257	0.01060	0.00900	0.00810	0.01102	0.04508	0.00645	0.06996	0.01238	0.02426	0.14908	0.07042	0.01722	0.00738	0.00455	0.00177	0.00436	0.00544	0.00424	0.00612
26	0.01049	0.00525	0.00525	0.00525	0.00656	0.00525	0.00393	0.01311	0.01180	0.02098	0.01836	0.02098	0.01442	0.00656	0.00393	0.00131	0.00262	0.00525	0.83346	0.00525
27	0.01260	0.01178	0.11795	0.03569	0.01426	0.01012	0.03260	0.16038	0.06622	0.02178	0.01692	0.04883	0.01430	0.03132	0.07766	0.00247	0.00605	0.05205	0.26022	0.00680
28	0.01400	0.01209	0.01273	0.01145	0.01463	0.01400	0.00891	0.02990	0.75695	0.02354	0.02291	0.02100	0.01718	0.00764	0.00573	0.00191	0.00445	0.00636	0.00573	0.00891
29	0.01153	0.07882	0.72546	0.01563	0.02372	0.01366	0.02008	0.01776	0.01185	0.01753	0.00995	0.01170	0.00713	0.00531	0.00524	0.00175	0.00817	0.00408	0.00238	0.00825
30	0.02303	0.00989	0.01287	0.01017	0.01427	0.00912	0.00830	0.02742	0.13489	0.63315	0.04017	0.02000	0.01539	0.00718	0.00569	0.00177	0.00468	0.00588	0.00675	0.00937
31	0.00978	0.00489	0.00733	0.00733	0.00733	0.00489	0.00489	0.00733	0.00733	0.00978	0.00978	0.01711	0.00978	0.01955	0.02199	0.83627	0.00489	0.00489	0.00244	0.00244
32	0.01314	0.01252	0.02131	0.18852	0.60073	0.01304	0.01675	0.01655	0.01250	0.01753	0.01090	0.01527	0.00916	0.00538	0.00563	0.00173	0.00682	0.02145	0.00278	0.00828
33	0.01560	0.01629	0.02020	0.13844	0.33252	0.19414	0.07164	0.07177	0.05154	0.01817	0.01094	0.01362	0.00874	0.00553	0.00556	0.00168	0.00769	0.00488	0.00313	0.00790
34	0.01059	0.00992	0.01669	0.76996	0.03811	0.01236	0.01547	0.01431	0.01129	0.01444	0.01048	0.01617	0.00810	0.00587	0.00568	0.00189	0.00745	0.02243	0.00257	0.00623
35	0.01815	0.01169	0.01212	0.01031	0.01368	0.09828	0.00814	0.02445	0.24636	0.32266	0.06059	0.02408	0.10811	0.00815	0.00578	0.00178	0.00496	0.00662	0.00586	0.00822
36	0.01240	0.01258	0.01871	0.01560	0.01612	0.01696	0.07986	0.01396	0.00905	0.01396	0.00776	0.01258	0.00749	0.00938	0.01738	0.00241	0.71995	0.00508	0.00250	0.00629
37	0.00978	0.00489	0.00733	0.00733	0.00733	0.00489	0.00489	0.00733	0.00733	0.00978	0.00978	0.01711	0.00978	0.01955	0.02199	0.83627	0.00489	0.00489	0.00244	0.00244
38	0.01152	0.00654	0.00863	0.00766	0.00962	0.00591	0.00590	0.01405	0.01589	0.17766	0.59387	0.03757	0.06144	0.01063	0.00643	0.00177	0.00310	0.00928	0.00633	0.00618
39	0.84197	0.01088	0.00827	0.00740	0.01088	0.01262	0.00609	0.01654	0.00958	0.02525	0.00784	0.00914	0.00609	0.00522	0.00348	0.00174	0.00435	0.00305	0.00348	0.00609
40	0.01870	0.01412	0.01522	0.01223	0.01612	0.01569	0.00990	0.54456	0.16558	0.03128	0.01656	0.06967	0.01304	0.00836	0.02055	0.00191	0.00582	0.00609	0.00557	0.00901
41	0.01366	0.01569	0.10733	0.04134	0.03911	0.02608	0.52050	0.01815	0.01343	0.07041	0.05245	0.01638	0.01112	0.00536	0.00632	0.00184	0.00848	0.00632	0.00326	0.02277
42	0.01042	0.00649	0.00840	0.00758	0.00951	0.00577	0.00576	0.01279	0.01505	0.12345	0.51159	0.10693	0.07473	0.01106	0.00638	0.00175	0.00312	0.00970	0.00597	0.06357
43	0.01476	0.01199	0.01299	0.01093	0.01468	0.01286	0.00863	0.10814	0.49512	0.05050	0.01917	0.01817	0.01439	0.00680	0.00539	0.00166	0.00460	0.00557	0.00527	0.17835
44	0.11015	0.03980	0.17086	0.01467	0.08712	0.11651	0.01248	0.25133	0.03386	0.03793	0.01124	0.01230	0.00841	0.00580	0.00510	0.00161	0.00678	0.00432	0.00388	0.06585
45	0.01241	0.25038	0.54320	0.01439	0.02165	0.01572	0.03493	0.01755	0.01179	0.01652	0.00948	0.01115	0.00719	0.00518	0.00488	0.00162	0.00769	0.00389	0.00240	0.00799
46	0.01319	0.00765	0.00926	0.00837	0.01060	0.00735	0.00633	0.01711	0.13296	0.21564	0.13655	0.12060	0.14845	0.11190	0.00914	0.00236	0.00402	0.02625	0.00567	0.00659
47	0.04586	0.01439	0.01263	0.06407	0.01547	0.22714	0.00887	0.02180	0.21675	0.12369	0.09567	0.04034	0.01741	0.06268	0.00717	0.00199	0.00616	0.00606	0.00468	0.00717
48	0.10707	0.03494	0.45015	0.03031	0.03641	0.03019	0.11981	0.01769	0.02590	0.03794	0.01158	0.05243	0.00915	0.00596	0.00540	0.00180	0.00757	0.00507	0.00292	0.00773
49	0.01851	0.01308	0.01449	0.01144	0.01521	0.01412	0.00933	0.53320	0.02309	0.07826	0.14467	0.02014	0.03776	0.00888	0.02971	0.00194	0.00568	0.00620	0.00572	0.00857
50	0.00713	0.00574	0.00668	0.03692	0.00909	0.00515	0.00511	0.00884	0.01310	0.01666	0.20725	0.17711	0.45346	0.01388	0.00670	0.00194	0.00306	0.01194	0.00533	0.00490
51	0.01738	0.01174	0.05009	0.14583	0.11346	0.01133	0.06271	0.06882	0.03057	0.29999	0.03256	0.03542	0.02963	0.00696	0.00659	0.00183	0.05632	0.00587	0.00470	0.00819
52	0.05366	0.37383	0.09974	0.01587	0.15979	0.13044	0.01231	0.06467	0.01329	0.01674	0.00908	0.01071	0.00764	0.00519	0.00450	0.00144	0.00692	0.00373	0.00280	0.00765
53	0.02515	0.00973	0.01315	0.01008	0.01444	0.00850	0.00833	0.04520	0.01636	0.75288	0.02199	0.01902	0.01382	0.00696	0.00566	0.00174	0.00482	0.00564	0.00693	0.00958
54	0.01188	0.15151	0.65586	0.01503	0.02279	0.01452	0.01903	0.01767	0.01181	0.01710	0.00974	0.01143	0.00714	0.00526	0.00507	0.00169	0.00795	0.00398	0.00238	0.00814
55	0.01331	0.03564	0.16986	0.06761	0.40388	0.06111	0.05986	0.03112	0.01286	0.01767	0.01180	0.06782	0.01030	0.00605	0.00563	0.00174	0.00717	0.00557	0.00292	0.00809
56	0.01012	0.14219	0.01307	0.00936	0.01089	0.01073	0.00751	0.02936	0.02908	0.01359	0.01373	0.02116	0.01331	0.15572	0.41605	0.00616	0.08371	0.00575	0.00306	0.00545
57	0.00686	0.00490	0.00653	0.00784	0.00816	0.00457	0.00522	0.00784	0.01077	0.01437	0.03102	0.79855	0.03722	0.01763	0.00718	0.00229	0.00326	0.01600	0.00522	0.00457
58	0.01319	0.06509	0.02969	0.02212	0.07743	0.01488	0.54035	0.01713	0.01249	0.01710	0.01097	0.02954	0.00889	0.00567	0.00790	0.00192	0.10917	0.00626	0.00281	0.00742
59	0.01651	0.01323	0.06593	0.01117	0.01509	0.01296	0.00952	0.29692	0.21361	0.10678	0.03960	0.02310	0.13404	0.00822	0.00582	0.00179	0.00512	0.00661	0.00552	0.00845
60	0.01177	0.02950	0.05243	0.02813	0.06635	0.02824	0.06283	0.03643	0.01137	0.01710	0.02964	0.11009	0.01381	0.00876	0.00985	0.00195	0.27527	0.00647	0.19373	0.00628
61	0.01073	0.01015	0.01690	0.73955	0.03724	0.01280	0.01542	0.01433	0.01109	0.01433	0.00984	0.01483	0.00749	0.00589	0.00644	0.00191	0.05731	0.00500	0.00250	0.00625
62	0.01167	0.01000	0.01167	0.00834	0.01334	0.00750	0.00667	0.01417	0.01167	0.01834	0.01000	0.01167	0.00834	0.00417	0.00417	0.00083	0.00417	0.00333	0.00333	0.83663
63	0.00826	0.00581	0.00757	0.00713	0.00850	0.00534	0.00535	0.01084	0.01576	0.03723	0.71898	0.05772	0.06700	0.01160	0.00663	0.00178	0.00271	0.01024	0.00617	0.00537
64	0.02500	0.01054	0.03397	0.63777	0.08038	0.01213	0.03750	0.01438	0.01150	0.01505	0.01305	0.01728	0.05607	0.00610	0.00568	0.00186	0.00718	0.00544	0.00272	0.00640
65	0.01112	0.01051	0.01778	0.67529	0.14828	0.01263	0.01588	0.01481	0.01149	0.01498	0.01009	0.01484	0.00771	0.00553	0.00562	0.00184	0.00738	0.00500	0.00254	0.00665
66	0.01212	0.01165	0.01955	0.40097	0.31254	0.01339	0.03249	0.01547	0.01161	0.01589	0.00997	0.01431	0.00805	0.00583	0.00702	0.00186	0.09235	0.00504	0.00261	0.00728
67	0.01200	0.01195	0.01745	0.06440	0.01667	0.01623	0.04477	0.01356	0.00906	0.01381	0.00854	0.03394	0.00840	0.01029	0.03402	0.00254	0.66831	0.00533	0.00257	0.00616
68	0.84197	0.01088	0.00827	0.00740	0.01088	0.01262	0.00609	0.01654	0.00958	0.02525	0.00784	0.00914	0.00609	0.00522	0.00348	0.00174	0.00435	0.00305	0.00348	0.00609
69	0.01271	0.01212	0.02064	0.31363	0.49758	0.01305	0.01666	0.01620	0.01224	0.01690	0.01037	0.01433	0.00839	0.00524	0.00559	0.00175	0.00699	0.00501	0.00268	0.00793
70	0.00737	0.00553	0.00739	0.00807	0.00884	0.00522	0.02138	0.00919	0.03821	0.01580	0.11859	0.61285	0.08832	0.01604	0.00702	0.00218	0.00334	0.01448	0.00531	0.00489
71	0.00739	0.00571	0.00840	0.00876	0.00958	0.00532	0.05667	0.00874	0.01131	0.01510	0.07744	0.64548	0.06812	0.03392	0.00757	0.00228	0.00369	0.01462	0.00508	0.00481
72	0.01155	0.08307	0.72140	0.01559	0.02367	0.01371	0.02002	0.01775	0.01185	0.01750	0.00994	0.01168	0.00714	0.00531	0.00523	0.00174	0.00816	0.00408	0.00238	0.00824
73	0.01166	0.05825	0.69574	0.01541	0.02325	0.01333	0.01955	0.04142	0.01246	0.01837	0.03338	0.01275	0.00863	0.00556	0.00533	0.00176	0.00798	0.00433	0.00260	0.00822
74	0.84197	0.01088	0.00827	0.00740	0.01088	0.01262	0.00609	0.01654	0.00958	0.02525	0.00784	0.00914	0.00609	0.00522	0.00348	0.00174	0.00435	0.00305	0.00348	0.00609
75	0.02512	0.00978	0.01318	0.01011	0.01447	0.00857	0.00835	0.05097	0.01645	0.74700	0.02192	0.01897	0.01379	0.00696	0.00566	0.00174	0.00483	0.00564	0.00692	0.00958
76	0.05787	0.01555	0.01651	0.01270	0.01716	0.01724	0.01049	0.71582	0.02571	0.03501	0.01326	0.01332	0.00942	0.00669	0.00553	0.00169	0.00611	0.00498	0.00553	0.00942
77	0.84197	0.01088	0.00827	0.00740	0.01088	0.01262	0.00609	0.01654	0.00958	0.02525	0.00784	0.00914	0.00609	0.00522	0.00348	0.00174	0.00435	0.00305	0.00348	0.00609
78	0.00817	0.00552	0.00648	0.00648	0.00660	0.00564	0.00384	0.00840	0.00828	0.01116	0.01742	0.03510	0.01971	0.71299	0.11685	0.00588	0.00659	0.00793	0.00336	0.00360
79	0.00686	0.00490	0.00653	0.00784	0.00816	0.00457	0.00522	0.00784	0.01077	0.01437	0.03102	0.79855	0.03722	0.01763	0.00718	0.00229	0.00326	0.01600	0.00522	0.00457
80	0.07181	0.02755	0.18918	0.01438	0.01958	0.01134	0.18816	0.03633	0.02810	0.25272	0.06730	0.01860	0.01373	0.00650	0.00578	0.00181	0.00659	0.02797	0.00447	0.00810
81	0.12977	0.01308	0.03971	0.18073	0.47759	0.03081	0.01532	0.01672	0.01209	0.01843	0.01003	0.01333	0.00815	0.00519	0.00527	0.00172	0.00665	0.00468	0.00282	0.00791
82	0.01389	0.01344	0.02170	0.06123	0.67192	0.03816	0.01653	0.01749	0.03234	0.01817	0.01142	0.01556	0.00975	0.00546	0.00563	0.00171	0.00672	0.02734	0.00293	0.00862
83	0.00730	0.00532	0.00664	0.00723	0.00797	0.00493	0.00499	0.00860	0.01181	0.01570	0.17586	0.40984	0.14603	0.12339	0.00996	0.00257	0.00345	0.03863	0.00516	0.00460
84	0.02017	0.01327	0.06625	0.01089	0.01535	0.05985	0.00938	0.18272	0.03329	0.34335	0.01666	0.01592	0.01138	0.00633	0.00529	0.00157	0.00547	0.00496	0.05261	0.12530
85	0.07166	0.19237	0.02884	0.01060	0.04637	0.05048	0.00852	0.14481	0.06313	0.02118	0.15758	0.02298	0.11443	0.00787	0.00526	0.00160	0.00500	0.00622	0.00441	0.03671
86	0.14632	0.19831	0.16021	0.01476	0.13238	0.13201	0.01201	0.01727	0.01253	0.01793	0.07557	0.01374	0.01152	0.00580	0.00472	0.00156	0.00654	0.00433	0.02535	0.00718
87	0.13330	0.43093	0.03777	0.01078	0.03040	0.03833	0.02846	0.01966	0.12635	0.06797	0.01165	0.01269	0.00947	0.00564	0.00431	0.00149	0.00571	0.01414	0.00345	0.00750
88	0.18954	0.10976	0.06803	0.03560	0.03536	0.08246	0.03905	0.14710	0.08607	0.02226	0.07152	0.01723	0.06011	0.00678	0.00505	0.00168	0.00582	0.00521	0.00406	0.00730

[dist]
# distance from previous block
# <min> <max>
1	7

[block]
# block no. 4 follows, 42 sequences, length 16
# corresponding to MSA columns:
# 411-426
name=unknown_E
#
# <colnr> <probs for GDERKNQSTAVLIFYWHMCP>
#	G	D	E	R	K	N	Q	S	T	A	V	L	I	F	Y	W	H	M	C	P
0	0.11777	0.01238	0.01413	0.01213	0.05562	0.01318	0.00931	0.27927	0.05371	0.10047	0.01491	0.02901	0.04052	0.00691	0.00644	0.00167	0.08074	0.00512	0.00465	0.14206
1	0.05423	0.17944	0.45217	0.01388	0.03628	0.01474	0.01586	0.07566	0.01307	0.05105	0.01195	0.01312	0.03373	0.00572	0.00500	0.00166	0.00712	0.00430	0.00300	0.00803
2	0.07886	0.07458	0.02792	0.02651	0.14409	0.04945	0.00884	0.01504	0.07255	0.03540	0.24854	0.08200	0.09612	0.00909	0.00577	0.00175	0.00460	0.00774	0.00458	0.00657
3	0.08257	0.47244	0.06993	0.01063	0.01537	0.05992	0.01015	0.12489	0.01413	0.07927	0.01001	0.01075	0.00802	0.00539	0.00425	0.00141	0.00618	0.00363	0.00336	0.00770
4	0.00978	0.00489	0.00733	0.00733	0.00733	0.00489	0.00489	0.00733	0.00733	0.00978	0.00978	0.01711	0.00978	0.01955	0.02199	0.83627	0.00489	0.00489	0.00244	0.00244
5	0.09213	0.10521	0.07717	0.01239	0.01674	0.14340	0.03475	0.34039	0.01877	0.02529	0.01145	0.01239	0.00865	0.00600	0.00500	0.00157	0.00669	0.00437	0.05334	0.02428
6	0.01877	0.01291	0.01460	0.01215	0.03578	0.01382	0.00958	0.47572	0.05379	0.11901	0.05058	0.08213	0.03998	0.00834	0.00589	0.00179	0.00544	0.02539	0.00568	0.00866
7	0.00792	0.00543	0.00657	0.00676	0.00702	0.00542	0.00420	0.00850	0.00943	0.01278	0.08968	0.16878	0.02591	0.52988	0.08384	0.00485	0.00559	0.00956	0.00395	0.00392
8	0.04181	0.19587	0.01870	0.01345	0.03766	0.45509	0.01055	0.09484	0.01562	0.01647	0.01001	0.01281	0.00867	0.00610	0.00490	0.00149	0.00834	0.03746	0.00319	0.00698
9	0.01362	0.01736	0.23683	0.02452	0.40922	0.01280	0.01652	0.07527	0.01398	0.04282	0.07221	0.01575	0.01219	0.00583	0.00560	0.00171	0.00673	0.00521	0.00330	0.00852
10	0.00867	0.00573	0.00702	0.00733	0.00861	0.00518	0.00533	0.01012	0.01229	0.07557	0.10208	0.33621	0.24974	0.06014	0.00806	0.00227	0.00346	0.06331	0.02379	0.00508
11	0.00884	0.07072	0.00815	0.00651	0.00777	0.00692	0.00459	0.01052	0.04137	0.01475	0.06275	0.06428	0.21091	0.33037	0.01490	0.00321	0.00420	0.00862	0.11595	0.00467
12	0.01774	0.01462	0.02119	0.01973	0.18275	0.01553	0.15414	0.36610	0.01926	0.05855	0.01241	0.01408	0.00926	0.00621	0.00670	0.00178	0.06143	0.00537	0.00431	0.00881
13	0.06815	0.24743	0.14825	0.01184	0.01701	0.03963	0.01150	0.28576	0.01707	0.02336	0.01050	0.01141	0.00809	0.00562	0.00473	0.00149	0.00635	0.00401	0.00374	0.07406
14	0.24519	0.04201	0.07926	0.01797	0.19040	0.07652	0.08457	0.06217	0.01237	0.02007	0.00937	0.01184	0.00759	0.00588	0.00670	0.00180	0.11147	0.00437	0.00308	0.00737
15	0.03711	0.08855	0.10297	0.11027	0.06662	0.04039	0.01123	0.15042	0.01508	0.09714	0.07027	0.13681	0.01646	0.00819	0.00591	0.00179	0.02237	0.00677	0.00426	0.00738

[dist]
# distance from previous block
# <min> <max>
0	4

[block]
# block no. 5 follows, 42 sequences, length 43
# corresponding to MSA columns:
# 431-473
name=unknown_F
#
# <colnr> <probs for GDERKNQSTAVLIFYWHMCP>
#	G	D	E	R	K	N	Q	S	T	A	V	L	I	F	Y	W	H	M	C	P
0	0.10395	0.20558	0.16851	0.01238	0.06128	0.03507	0.01139	0.03322	0.01282	0.17925	0.01348	0.01401	0.03462	0.00592	0.00515	0.00157	0.02831	0.00437	0.00376	0.06537
1	0.14664	0.15613	0.11453	0.01114	0.03040	0.02700	0.01012	0.16609	0.08131	0.07182	0.08480	0.01665	0.03222	0.00666	0.00498	0.00165	0.00549	0.00505	0.01962	0.00771
2	0.01678	0.01450	0.01311	0.01134	0.01448	0.18062	0.00891	0.15531	0.21871	0.10428	0.05924	0.02291	0.10900	0.00822	0.00601	0.00177	0.02147	0.02047	0.00511	0.00775
3	0.04252	0.01267	0.01396	0.02544	0.01533	0.01385	0.00925	0.46940	0.08048	0.06072	0.01807	0.17892	0.01602	0.00905	0.00590	0.00184	0.00535	0.00743	0.00549	0.00830
4	0.00835	0.00570	0.00662	0.00665	0.00674	0.00582	0.00403	0.00856	0.00853	0.01139	0.01831	0.03806	0.02096	0.72777	0.02694	0.00518	0.02517	0.05812	0.00351	0.00360
5	0.77821	0.01228	0.06698	0.00806	0.01192	0.01266	0.00722	0.01664	0.00975	0.02468	0.00801	0.00935	0.00617	0.00523	0.00363	0.00174	0.00466	0.00313	0.00340	0.00627
6	0.04369	0.01537	0.01636	0.01269	0.01707	0.01708	0.01044	0.67817	0.07666	0.03436	0.01401	0.01391	0.01000	0.00677	0.00558	0.00171	0.00602	0.00510	0.00558	0.00943
7	0.01616	0.03036	0.03522	0.02775	0.53656	0.04164	0.01526	0.13703	0.01533	0.07308	0.01173	0.01395	0.00924	0.00546	0.00552	0.00166	0.00662	0.00496	0.00353	0.00893
8	0.04192	0.06303	0.01857	0.01711	0.12633	0.27558	0.06172	0.04528	0.02720	0.01616	0.01058	0.01307	0.02894	0.00680	0.00849	0.00177	0.20202	0.00463	0.00299	0.02782
9	0.00971	0.00493	0.00740	0.00740	0.00743	0.00497	0.00497	0.00743	0.00740	0.00990	0.00997	0.01729	0.00994	0.02039	0.05024	0.80543	0.00527	0.00493	0.00247	0.00254
10	0.02515	0.00974	0.01316	0.01009	0.01445	0.00852	0.00834	0.04667	0.01638	0.75139	0.02197	0.01900	0.01381	0.00696	0.00566	0.00174	0.00483	0.00564	0.00693	0.00958
11	0.02200	0.01479	0.01628	0.01249	0.01697	0.01600	0.01031	0.63461	0.02483	0.15152	0.01488	0.01440	0.01026	0.00679	0.00563	0.00170	0.00597	0.00516	0.00584	0.00957
12	0.00796	0.00575	0.00752	0.00708	0.00841	0.00531	0.00531	0.01062	0.01593	0.02257	0.76415	0.04204	0.05310	0.01150	0.00664	0.00177	0.00265	0.01018	0.00619	0.00531
13	0.00804	0.00603	0.00904	0.00904	0.01005	0.00703	0.00703	0.01005	0.00904	0.01306	0.01507	0.02211	0.01407	0.04221	0.77992	0.00904	0.01507	0.00603	0.00301	0.00502
14	0.00805	0.00579	0.00742	0.00832	0.00900	0.00563	0.00578	0.06482	0.01206	0.01608	0.02963	0.71163	0.03492	0.01672	0.00709	0.00225	0.00356	0.04102	0.00525	0.00498
15	0.02525	0.00958	0.01306	0.01001	0.01437	0.00827	0.00827	0.02743	0.01611	0.77102	0.02220	0.01915	0.01393	0.00697	0.00566	0.00174	0.00479	0.00566	0.00697	0.00958
16	0.02136	0.01672	0.01681	0.01308	0.01745	0.08340	0.01071	0.68554	0.02555	0.03359	0.01309	0.01322	0.00937	0.00667	0.00558	0.00167	0.00653	0.00494	0.00539	0.00931
17	0.01400	0.01209	0.01273	0.01145	0.01463	0.01400	0.00891	0.02990	0.75695	0.02354	0.02291	0.02100	0.01718	0.00764	0.00573	0.00191	0.00445	0.00636	0.00573	0.00891
18	0.01167	0.01000	0.01167	0.00834	0.01334	0.00750	0.00667	0.01417	0.01167	0.01834	0.01000	0.01167	0.00834	0.00417	0.00417	0.00083	0.00417	0.00333	0.00333	0.83663
19	0.01270	0.01668	0.13950	0.02154	0.02712	0.01386	0.57480	0.01738	0.01274	0.01763	0.01172	0.04375	0.00934	0.00558	0.00709	0.00192	0.04976	0.00654	0.00285	0.00751
20	0.01288	0.01802	0.18403	0.02215	0.02838	0.01399	0.59870	0.01798	0.01300	0.01798	0.01112	0.01451	0.00825	0.00487	0.00638	0.00187	0.00925	0.00614	0.00275	0.00774
21	0.02525	0.00958	0.01306	0.01001	0.01437	0.00827	0.00827	0.02743	0.01611	0.77102	0.02220	0.01915	0.01393	0.00697	0.00566	0.00174	0.00479	0.00566	0.00697	0.00958
22	0.02491	0.00965	0.01305	0.01006	0.01437	0.00844	0.00829	0.02750	0.03850	0.74842	0.02222	0.01921	0.01403	0.00699	0.00566	0.00175	0.00478	0.00568	0.00693	0.00956
23	0.01543	0.03733	0.19647	0.07203	0.03523	0.07949	0.02768	0.03297	0.01369	0.22460	0.05270	0.15458	0.01666	0.00831	0.00581	0.00182	0.00617	0.00703	0.00447	0.00753
24	0.00805	0.00574	0.00784	0.00910	0.00992	0.00559	0.00717	0.00983	0.01183	0.01554	0.02997	0.39266	0.03418	0.04112	0.00816	0.00254	0.00433	0.38644	0.00515	0.00485
25	0.84197	0.01088	0.00827	0.00740	0.01088	0.01262	0.00609	0.01654	0.00958	0.02525	0.00784	0.00914	0.00609	0.00522	0.00348	0.00174	0.00435	0.00305	0.00348	0.00609
26	0.00685	0.00494	0.00649	0.00774	0.00814	0.00458	0.00518	0.00785	0.01087	0.01441	0.03223	0.76369	0.07129	0.01747	0.00716	0.00227	0.00325	0.01581	0.00522	0.00458
27	0.01505	0.01711	0.12063	0.04410	0.35366	0.11397	0.13490	0.01865	0.01322	0.06958	0.01108	0.01370	0.00866	0.00544	0.00613	0.00173	0.03617	0.00503	0.00303	0.00819
28	0.00800	0.00538	0.00619	0.00638	0.00642	0.00533	0.00366	0.00814	0.00855	0.01140	0.01959	0.14339	0.02280	0.69246	0.02564	0.00501	0.00515	0.00928	0.00366	0.00357
29	0.01195	0.01017	0.01182	0.00847	0.01345	0.00778	0.00678	0.03505	0.01209	0.01883	0.01010	0.01172	0.00837	0.00424	0.00421	0.00086	0.00423	0.00338	0.00340	0.81311
30	0.84197	0.01088	0.00827	0.00740	0.01088	0.01262	0.00609	0.01654	0.00958	0.02525	0.00784	0.00914	0.00609	0.00522	0.00348	0.00174	0.00435	0.00305	0.00348	0.00609
31	0.00916	0.00602	0.00791	0.00728	0.00882	0.00552	0.00552	0.01179	0.01594	0.07448	0.71269	0.04045	0.05038	0.01119	0.00657	0.00177	0.00280	0.00986	0.00625	0.00561
32	0.01647	0.58925	0.04398	0.01102	0.01543	0.21424	0.01021	0.01830	0.01259	0.01349	0.00810	0.00938	0.00723	0.00508	0.00402	0.00128	0.00712	0.00319	0.00253	0.00707
33	0.01168	0.02672	0.66273	0.01714	0.08070	0.01316	0.01970	0.01862	0.06363	0.01826	0.01102	0.01267	0.00796	0.00548	0.00539	0.00178	0.00792	0.00438	0.00264	0.00840
34	0.00796	0.00575	0.00752	0.00708	0.00841	0.00531	0.00531	0.01062	0.01593	0.02257	0.76415	0.04204	0.05310	0.01150	0.00664	0.00177	0.00265	0.01018	0.00619	0.00531
35	0.01158	0.08872	0.71598	0.01555	0.02360	0.01378	0.01994	0.01775	0.01185	0.01747	0.00992	0.01166	0.00714	0.00531	0.00521	0.00174	0.00814	0.00407	0.00238	0.00823
36	0.01158	0.08872	0.71598	0.01555	0.02360	0.01378	0.01994	0.01775	0.01185	0.01747	0.00992	0.01166	0.00714	0.00531	0.00521	0.00174	0.00814	0.00407	0.00238	0.00823
37	0.00666	0.00568	0.00572	0.00576	0.00762	0.00475	0.00430	0.00807	0.01277	0.01518	0.05630	0.07446	0.74499	0.01434	0.00667	0.00191	0.00286	0.01199	0.00523	0.00475
38	0.17953	0.27970	0.19260	0.01088	0.01614	0.01529	0.01128	0.05063	0.01274	0.16660	0.01142	0.01189	0.00840	0.00552	0.00447	0.00157	0.00598	0.00389	0.00365	0.00782
39	0.01389	0.56760	0.25741	0.01159	0.01748	0.01945	0.01305	0.01715	0.01157	0.01464	0.00852	0.00990	0.00719	0.00498	0.00414	0.00138	0.00672	0.00336	0.00240	0.00756
40	0.00699	0.00564	0.00622	0.00623	0.00785	0.00487	0.00461	0.00866	0.01338	0.01689	0.22447	0.12163	0.52502	0.01391	0.00670	0.00191	0.00284	0.01186	0.00546	0.00487
41	0.03405	0.53233	0.24816	0.01225	0.04085	0.01904	0.01308	0.01714	0.01156	0.01505	0.00858	0.01003	0.00722	0.00499	0.00418	0.00140	0.00668	0.00341	0.00244	0.00757
42	0.43343	0.12344	0.10712	0.01051	0.01491	0.04213	0.06556	0.01795	0.01124	0.09417	0.01004	0.01158	0.00770	0.02365	0.00482	0.00176	0.00574	0.00385	0.00347	0.00693

[dist]
# distance from previous block
# <min> <max>
5	12

[block]
# block no. 6 follows, 42 sequences, length 10
# corresponding to MSA columns:
# 486-495
name=unknown_G
#
# <colnr> <probs for GDERKNQSTAVLIFYWHMCP>
#	G	D	E	R	K	N	Q	S	T	A	V	L	I	F	Y	W	H	M	C	P
0	0.12438	0.01939	0.05783	0.01185	0.01479	0.41564	0.00946	0.01956	0.07245	0.01732	0.08904	0.01603	0.01358	0.03920	0.02516	0.00192	0.00772	0.00478	0.03346	0.00643
1	0.01162	0.02287	0.53650	0.01387	0.02027	0.01190	0.01649	0.09197	0.01382	0.02000	0.11881	0.04309	0.01534	0.03143	0.00634	0.00190	0.00703	0.00563	0.00338	0.00774
2	0.17640	0.20517	0.09726	0.23730	0.09348	0.01540	0.01263	0.07060	0.01231	0.01855	0.00938	0.01187	0.00741	0.00535	0.00468	0.00164	0.00643	0.00405	0.00292	0.00717
3	0.01331	0.08083	0.49628	0.01652	0.02347	0.09331	0.13911	0.01856	0.01263	0.03977	0.01037	0.01227	0.00759	0.00530	0.00542	0.00172	0.00843	0.00448	0.00265	0.00797
4	0.00836	0.00718	0.01104	0.00986	0.01161	0.00671	0.12806	0.01066	0.03820	0.01594	0.10247	0.31864	0.20198	0.09172	0.00900	0.00238	0.00440	0.01181	0.00476	0.00522
5	0.10287	0.10804	0.17860	0.01184	0.01627	0.12753	0.01137	0.13860	0.01470	0.06133	0.02486	0.01608	0.05254	0.00935	0.06613	0.00223	0.01933	0.01525	0.00369	0.01939
6	0.00983	0.00737	0.00953	0.01078	0.06932	0.00740	0.00708	0.13152	0.01354	0.01818	0.02651	0.60658	0.03041	0.01483	0.00680	0.00214	0.00402	0.01332	0.00510	0.00574
7	0.02022	0.01384	0.01523	0.01209	0.01625	0.01508	0.00986	0.45277	0.20358	0.15467	0.01725	0.01628	0.01216	0.00701	0.00566	0.00175	0.00553	0.00548	0.00588	0.00941
8	0.15104	0.10425	0.49044	0.01332	0.02006	0.01345	0.01590	0.01851	0.01189	0.09673	0.01074	0.01189	0.00767	0.00544	0.00489	0.00171	0.00706	0.00401	0.00304	0.00797
9	0.01159	0.08515	0.51753	0.01388	0.02064	0.01285	0.01654	0.01664	0.01175	0.01745	0.03519	0.01267	0.00890	0.00558	0.00584	0.00162	0.05379	0.00418	0.00267	0.14552

[dist]
# distance from previous block
# <min> <max>
0	1

[block]
# block no. 7 follows, 42 sequences, length 17
# corresponding to MSA columns:
# 497-513
name=unknown_H
#
# <colnr> <probs for GDERKNQSTAVLIFYWHMCP>
#	G	D	E	R	K	N	Q	S	T	A	V	L	I	F	Y	W	H	M	C	P
0	0.01308	0.01234	0.02052	0.27638	0.48021	0.01337	0.01634	0.04273	0.01267	0.01755	0.01040	0.01421	0.00843	0.00543	0.00602	0.00176	0.03278	0.00501	0.00279	0.00799
1	0.02842	0.01232	0.01821	0.30362	0.31507	0.05883	0.02918	0.01693	0.07247	0.01697	0.01435	0.01731	0.05998	0.00612	0.00563	0.00177	0.00676	0.00549	0.00311	0.00744
2	0.01667	0.01914	0.01758	0.02025	0.25576	0.38333	0.02888	0.01952	0.05102	0.01590	0.01342	0.01532	0.05964	0.00712	0.02263	0.00178	0.03671	0.00493	0.00315	0.00726
