[name]
unknown

[dist]
# distance from previous block
# <min> <max>
2	29

[block]
# block no. 0 follows, 44 sequences, length 6
# corresponding to MSA columns:
# 65-70
name=unknown_A
#
# <colnr> <probs for GDERKNQSTAVLIFYWHMCP>
#	G	D	E	R	K	N	Q	S	T	A	V	L	I	F	Y	W	H	M	C	P
0	0.01171	0.00787	0.01129	0.00990	0.01194	0.00755	0.09164	0.09557	0.01326	0.12943	0.05311	0.35859	0.07318	0.08819	0.00845	0.00228	0.00454	0.01060	0.00496	0.00595
1	0.01241	0.00916	0.01126	0.08212	0.01440	0.00873	0.00766	0.15438	0.01444	0.06919	0.08423	0.20668	0.01922	0.00861	0.00545	0.00154	0.00441	0.00740	0.00450	0.27421
2	0.01099	0.00683	0.00916	0.08130	0.01218	0.00677	0.00677	0.05297	0.01318	0.13905	0.20145	0.26218	0.06030	0.05106	0.05797	0.00250	0.00462	0.00983	0.00511	0.00577
3	0.01233	0.03551	0.01269	0.22019	0.01857	0.01026	0.00897	0.12772	0.05179	0.05668	0.01464	0.09136	0.01346	0.15240	0.00935	0.00226	0.00546	0.00617	0.00381	0.14639
4	0.10998	0.01293	0.08367	0.08359	0.03253	0.05163	0.00968	0.15870	0.10776	0.06604	0.01827	0.08198	0.08363	0.00754	0.00528	0.00169	0.00534	0.00607	0.00430	0.06939
5	0.05008	0.01058	0.01404	0.03687	0.06439	0.01072	0.07791	0.12138	0.15638	0.15330	0.04098	0.08627	0.08409	0.00787	0.00563	0.00173	0.00498	0.00682	0.00489	0.06108

[dist]
# distance from previous block
# <min> <max>
30	108

[block]
# block no. 1 follows, 44 sequences, length 30
# corresponding to MSA columns:
# 186-215
name=unknown_B
#
# <colnr> <probs for GDERKNQSTAVLIFYWHMCP>
#	G	D	E	R	K	N	Q	S	T	A	V	L	I	F	Y	W	H	M	C	P
0	0.10461	0.08394	0.17781	0.02597	0.01431	0.01089	0.02112	0.08183	0.01140	0.03285	0.03494	0.05418	0.01083	0.00978	0.00969	0.21967	0.03955	0.00492	0.00314	0.04856
1	0.11255	0.09142	0.16391	0.17488	0.05643	0.01381	0.04118	0.09259	0.10480	0.05873	0.01175	0.01338	0.00878	0.00574	0.00535	0.00171	0.02753	0.00454	0.00344	0.00749
2	0.08702	0.20719	0.11502	0.01300	0.06004	0.18660	0.02446	0.09932	0.01422	0.11468	0.01067	0.01149	0.00811	0.00544	0.00465	0.00148	0.00680	0.00392	0.00347	0.02242
3	0.07372	0.09345	0.01471	0.01056	0.01435	0.07301	0.00866	0.26034	0.12882	0.08891	0.02951	0.01452	0.01113	0.00724	0.02993	0.00174	0.00567	0.00466	0.02904	0.10005
4	0.15261	0.19582	0.34429	0.05186	0.06314	0.02970	0.03310	0.01661	0.01107	0.01716	0.00887	0.01078	0.00692	0.00518	0.00497	0.00161	0.03273	0.00376	0.00254	0.00728
5	0.03390	0.00676	0.00817	0.00709	0.00861	0.00620	0.03303	0.00998	0.00953	0.01374	0.05360	0.02958	0.05276	0.48903	0.01860	0.00367	0.00483	0.00692	0.02308	0.18094
6	0.00751	0.00554	0.00702	0.00670	0.00803	0.00505	0.00501	0.00988	0.01488	0.02067	0.65345	0.06439	0.14824	0.01168	0.00645	0.00175	0.00261	0.01024	0.00585	0.00505
7	0.01141	0.11565	0.67178	0.01508	0.02268	0.01370	0.04256	0.01717	0.01151	0.01677	0.00958	0.01130	0.00696	0.00510	0.00503	0.00167	0.00784	0.00398	0.00232	0.00792
8	0.00772	0.00557	0.00729	0.00686	0.00814	0.00514	0.00514	0.01029	0.01543	0.02186	0.77152	0.04072	0.05144	0.01115	0.00643	0.00171	0.00257	0.00986	0.00600	0.00514
9	0.00701	0.00549	0.00617	0.00608	0.00751	0.00484	0.00443	0.00864	0.01293	0.01667	0.28770	0.07282	0.43724	0.08830	0.00847	0.00214	0.00295	0.01076	0.00521	0.00465
10	0.61747	0.00961	0.00844	0.00742	0.01056	0.01061	0.00603	0.01635	0.01100	0.11252	0.13021	0.01504	0.01401	0.00622	0.00411	0.00169	0.00401	0.00434	0.00419	0.00618
11	0.00665	0.00553	0.00581	0.00574	0.00749	0.00469	0.00431	0.00823	0.01292	0.01589	0.17205	0.05055	0.65463	0.01337	0.00644	0.00182	0.00273	0.01124	0.00522	0.00469
12	0.84691	0.01054	0.00801	0.00717	0.01054	0.01223	0.00590	0.01603	0.00928	0.02446	0.00759	0.00886	0.00590	0.00506	0.00337	0.00169	0.00422	0.00295	0.00337	0.00590
13	0.02039	0.01495	0.01600	0.01231	0.01657	0.01653	0.01015	0.73261	0.02518	0.03391	0.01324	0.01332	0.00942	0.00654	0.00540	0.00162	0.00589	0.00491	0.03191	0.00914
14	0.01030	0.00969	0.01635	0.79530	0.03755	0.01211	0.01514	0.01393	0.01090	0.01393	0.00969	0.01453	0.00727	0.00545	0.00545	0.00182	0.00727	0.00484	0.00242	0.00606
15	0.01308	0.01259	0.02054	0.05313	0.66940	0.03187	0.01562	0.01620	0.01255	0.01760	0.03675	0.01654	0.03020	0.00559	0.00550	0.00165	0.00632	0.02375	0.00292	0.00819
16	0.01397	0.68088	0.15404	0.01037	0.01560	0.02008	0.01113	0.01648	0.01115	0.01357	0.00795	0.00921	0.00698	0.00475	0.00378	0.00126	0.00620	0.00310	0.00233	0.00717
17	0.02358	0.01069	0.01353	0.01037	0.01462	0.01011	0.00857	0.19896	0.01797	0.60243	0.01952	0.01726	0.01250	0.00670	0.00548	0.00167	0.00496	0.00535	0.00644	0.00928
18	0.00714	0.00540	0.00652	0.00654	0.00778	0.00486	0.00475	0.00896	0.01333	0.01781	0.38944	0.17803	0.27217	0.04362	0.00735	0.00198	0.00284	0.01129	0.00544	0.00478
19	0.00681	0.00518	0.00615	0.00683	0.00776	0.00468	0.00481	0.00794	0.01111	0.01410	0.03839	0.40961	0.31185	0.08147	0.00853	0.00235	0.00331	0.05975	0.00491	0.00444
20	0.01470	0.63557	0.09332	0.01025	0.01494	0.08238	0.01028	0.01685	0.01149	0.02879	0.00835	0.00969	0.00734	0.00601	0.02923	0.00149	0.00661	0.00321	0.00248	0.00701
21	0.00974	0.00682	0.00769	0.00714	0.00774	0.00718	0.00457	0.10904	0.01040	0.01395	0.01666	0.05265	0.01844	0.65415	0.02387	0.00462	0.02986	0.00763	0.00361	0.00422
22	0.01007	0.00509	0.00512	0.00512	0.00633	0.00509	0.00379	0.01250	0.01128	0.01991	0.01776	0.02098	0.01422	0.04072	0.00484	0.00144	0.00266	0.00520	0.80287	0.00501
23	0.00776	0.00558	0.00719	0.00810	0.00876	0.00542	0.00568	0.05957	0.01163	0.01549	0.02880	0.69929	0.03389	0.01621	0.00689	0.00219	0.00349	0.06417	0.00509	0.00480
24	0.12879	0.28821	0.08851	0.02651	0.01594	0.08945	0.03305	0.11138	0.01390	0.14095	0.01094	0.01154	0.00822	0.00544	0.00446	0.00149	0.00616	0.00389	0.00363	0.00753
25	0.02094	0.01492	0.01615	0.01238	0.01673	0.01639	0.01023	0.71406	0.02505	0.07733	0.01358	0.01340	0.00952	0.00656	0.00546	0.00164	0.00592	0.00494	0.00553	0.00927
26	0.01227	0.01008	0.01242	0.11881	0.01669	0.00867	0.00801	0.06799	0.01242	0.04279	0.01031	0.01212	0.00822	0.00450	0.00438	0.00104	0.00465	0.00365	0.00339	0.63757
27	0.01079	0.00739	0.00836	0.00781	0.00903	0.00775	0.00538	0.09843	0.11189	0.04884	0.01940	0.14015	0.01985	0.40751	0.03112	0.00368	0.00495	0.00815	0.04429	0.00524
28	0.02616	0.00972	0.02956	0.08240	0.02716	0.03362	0.16372	0.01342	0.05982	0.01669	0.08827	0.26905	0.05066	0.00976	0.00606	0.00181	0.00527	0.00909	0.00407	0.09367
29	0.04141	0.01256	0.01361	0.01101	0.01442	0.01367	0.00879	0.52322	0.04488	0.02849	0.01607	0.14159	0.01428	0.05472	0.00689	0.00192	0.00533	0.00671	0.00513	0.03529

[dist]
# distance from previous block
# <min> <max>
0	2

[block]
# block no. 2 follows, 44 sequences, length 9
# corresponding to MSA columns:
# 218-226
name=unknown_C
#
# <colnr> <probs for GDERKNQSTAVLIFYWHMCP>
#	G	D	E	R	K	N	Q	S	T	A	V	L	I	F	Y	W	H	M	C	P
0	0.01606	0.01329	0.04311	0.03401	0.01630	0.01353	0.03151	0.38860	0.15346	0.02654	0.01534	0.07869	0.01243	0.00706	0.00541	0.00162	0.00539	0.00577	0.00484	0.12706
1	0.01524	0.01027	0.01265	0.10980	0.01636	0.01023	0.00864	0.22093	0.01589	0.14782	0.03432	0.10207	0.01371	0.00798	0.02484	0.00170	0.00517	0.00592	0.03265	0.20380
2	0.00751	0.00514	0.00653	0.00725	0.00802	0.00469	0.00498	0.00865	0.01121	0.04749	0.08415	0.57237	0.14868	0.04674	0.00759	0.00222	0.00321	0.01377	0.00513	0.00467
3	0.01047	0.01003	0.01743	0.74281	0.03693	0.01223	0.06540	0.01417	0.01103	0.01417	0.00978	0.01455	0.00734	0.00539	0.00552	0.00182	0.00740	0.00495	0.00245	0.00614
4	0.00781	0.00524	0.00598	0.00609	0.00612	0.00521	0.00346	0.00790	0.00815	0.01087	0.01831	0.10341	0.02125	0.73872	0.02592	0.00501	0.00510	0.00859	0.00346	0.00340
5	0.00947	0.00473	0.00710	0.00710	0.00710	0.00473	0.00473	0.00710	0.00710	0.00947	0.00947	0.01657	0.00947	0.01894	0.02131	0.84138	0.00473	0.00473	0.00237	0.00237
6	0.01716	0.08847	0.01661	0.01297	0.01637	0.32577	0.05239	0.10686	0.26975	0.01912	0.01369	0.01394	0.01060	0.00618	0.00515	0.00159	0.00714	0.00468	0.00399	0.00756
7	0.00686	0.00558	0.00610	0.00609	0.00778	0.00482	0.00465	0.00855	0.01305	0.01629	0.20025	0.05065	0.57631	0.01334	0.00651	0.00186	0.00287	0.05844	0.00525	0.00474
8	0.01132	0.02833	0.01165	0.01005	0.01172	0.05685	0.02493	0.13724	0.01366	0.01804	0.10139	0.18393	0.13184	0.03789	0.05330	0.00243	0.14665	0.00859	0.00432	0.00586

[dist]
# distance from previous block
# <min> <max>
0	3

[block]
# block no. 3 follows, 44 sequences, length 13
# corresponding to MSA columns:
# 230-242
name=unknown_D
#
# <colnr> <probs for GDERKNQSTAVLIFYWHMCP>
#	G	D	E	R	K	N	Q	S	T	A	V	L	I	F	Y	W	H	M	C	P
0	0.01942	0.01653	0.01636	0.01288	0.01700	0.15947	0.04731	0.48029	0.04769	0.04913	0.01242	0.01284	0.00909	0.00612	0.00530	0.00155	0.00663	0.00466	0.00470	0.07061
1	0.11341	0.01371	0.14222	0.01295	0.07924	0.01183	0.02661	0.21032	0.03489	0.02205	0.03483	0.11603	0.01436	0.05597	0.00716	0.00199	0.03301	0.02673	0.02191	0.02076
2	0.03545	0.09056	0.11816	0.10224	0.29346	0.10611	0.05116	0.03078	0.03978	0.01677	0.01209	0.03530	0.03325	0.00577	0.00522	0.00163	0.00689	0.00498	0.00291	0.00749
3	0.04007	0.00628	0.00783	0.00741	0.00896	0.00597	0.00562	0.03727	0.01446	0.07218	0.48235	0.12329	0.07799	0.03921	0.00708	0.00194	0.00319	0.04786	0.00564	0.00542
4	0.01130	0.01233	0.04409	0.05572	0.03997	0.01177	0.44906	0.01494	0.01241	0.01708	0.10414	0.10824	0.01649	0.00726	0.00727	0.00190	0.06848	0.00758	0.00335	0.00663
5	0.00673	0.00478	0.00630	0.00748	0.00777	0.00449	0.00494	0.00761	0.01027	0.01369	0.02916	0.75192	0.03494	0.07153	0.00839	0.00243	0.00331	0.01498	0.00494	0.00435
6	0.01050	0.01106	0.02189	0.04534	0.02107	0.01051	0.44296	0.01376	0.01218	0.01611	0.02217	0.15965	0.15064	0.00859	0.00677	0.00192	0.02622	0.00883	0.00355	0.00626
7	0.01213	0.01683	0.19222	0.06609	0.02635	0.01276	0.47241	0.01682	0.01229	0.01724	0.01054	0.01365	0.00789	0.00472	0.00585	0.00171	0.00829	0.00548	0.00269	0.09405
8	0.01100	0.01040	0.01762	0.62841	0.19896	0.01230	0.01549	0.01454	0.01123	0.01478	0.00981	0.01431	0.00757	0.00532	0.00544	0.00177	0.00709	0.00485	0.00248	0.00662
9	0.06800	0.00837	0.03505	0.00799	0.01004	0.00804	0.00630	0.13838	0.04006	0.01995	0.11835	0.15032	0.15290	0.10585	0.00840	0.00221	0.00403	0.02815	0.08193	0.00569
10	0.01101	0.01005	0.01258	0.01088	0.01277	0.04606	0.05911	0.04872	0.10256	0.01673	0.06159	0.16711	0.08473	0.05213	0.00979	0.00207	0.18547	0.00788	0.00403	0.09473
11	0.37140	0.11947	0.09607	0.01136	0.04949	0.05249	0.04081	0.01702	0.05154	0.03811	0.01095	0.01231	0.03498	0.00585	0.00529	0.00168	0.06727	0.00401	0.00322	0.00668
12	0.01265	0.06784	0.24966	0.04057	0.26931	0.01358	0.09769	0.01898	0.14100	0.01805	0.01206	0.01393	0.00931	0.00536	0.00535	0.00169	0.00686	0.00488	0.00304	0.00815

[dist]
# distance from previous block
# <min> <max>
2	26

[block]
# block no. 4 follows, 44 sequences, length 9
# corresponding to MSA columns:
# 277-285
name=unknown_E
#
# <colnr> <probs for GDERKNQSTAVLIFYWHMCP>
#	G	D	E	R	K	N	Q	S	T	A	V	L	I	F	Y	W	H	M	C	P
0	0.01299	0.00949	0.01118	0.00950	0.01213	0.02793	0.02746	0.10537	0.16379	0.10324	0.23378	0.02643	0.07029	0.03665	0.03590	0.00207	0.02760	0.00708	0.02221	0.05490
1	0.01240	0.01011	0.01325	0.01123	0.05547	0.00924	0.06708	0.13446	0.03438	0.03643	0.06186	0.11186	0.03456	0.03678	0.00605	0.00153	0.00474	0.00625	0.00410	0.34821
2	0.07521	0.01017	0.01479	0.39920	0.12448	0.01169	0.01243	0.08081	0.05406	0.01818	0.03691	0.01911	0.03514	0.00658	0.00542	0.00179	0.00607	0.04796	0.03338	0.00664
3	0.01063	0.11364	0.01125	0.00853	0.01069	0.09819	0.00668	0.01442	0.13482	0.01626	0.11898	0.11486	0.21907	0.05444	0.00702	0.00195	0.00449	0.04380	0.00454	0.00576
4	0.00828	0.00566	0.00741	0.00759	0.00874	0.00530	0.00576	0.01029	0.01332	0.04637	0.37726	0.19637	0.07624	0.05959	0.00795	0.00218	0.00340	0.14783	0.00545	0.00500
5	0.01271	0.09255	0.54007	0.01616	0.06429	0.11495	0.05098	0.01776	0.01210	0.01642	0.00950	0.01131	0.00709	0.00515	0.00507	0.00164	0.00806	0.00402	0.00241	0.00774
6	0.03197	0.05668	0.05417	0.02822	0.01309	0.00947	0.00800	0.05274	0.07249	0.20197	0.13196	0.05640	0.01891	0.07305	0.02874	0.00209	0.03316	0.00622	0.00472	0.11598
7	0.01181	0.00920	0.01061	0.00815	0.01197	0.00776	0.00640	0.09495	0.01316	0.04893	0.05747	0.04428	0.09194	0.05635	0.00620	0.00141	0.00412	0.00540	0.00402	0.50586
8	0.01168	0.01051	0.08689	0.01095	0.01373	0.00901	0.08247	0.13843	0.01456	0.07329	0.13186	0.27136	0.05473	0.01090	0.00657	0.00192	0.02452	0.03540	0.00482	0.00641

[dist]
# distance from previous block
# <min> <max>
2	3

[block]
# block no. 5 follows, 44 sequences, length 109
# corresponding to MSA columns:
# 289-397
name=unknown_F
#
# <colnr> <probs for GDERKNQSTAVLIFYWHMCP>
#	G	D	E	R	K	N	Q	S	T	A	V	L	I	F	Y	W	H	M	C	P
0	0.01610	0.01273	0.01491	0.01156	0.01557	0.02766	0.06372	0.39876	0.04600	0.02619	0.01408	0.08345	0.01170	0.00677	0.00527	0.00150	0.00542	0.00560	0.03549	0.19750
1	0.01159	0.00777	0.00887	0.10357	0.01218	0.03669	0.00674	0.04478	0.01189	0.03927	0.01506	0.01781	0.01185	0.00652	0.00566	0.00148	0.08760	0.00493	0.54295	0.02279
2	0.01423	0.01119	0.01291	0.02770	0.01448	0.01058	0.00802	0.24588	0.01570	0.03860	0.01222	0.06327	0.01032	0.00596	0.00524	0.00126	0.03407	0.00469	0.00407	0.45961
3	0.01285	0.01170	0.01820	0.14517	0.39797	0.01178	0.03091	0.07286	0.02909	0.01840	0.01142	0.04774	0.00972	0.00551	0.00526	0.00154	0.00601	0.00510	0.00313	0.15563
4	0.02241	0.00957	0.01245	0.00982	0.01382	0.00879	0.00802	0.02653	0.12995	0.64636	0.02234	0.01956	0.03028	0.00700	0.00551	0.00172	0.00455	0.00572	0.00653	0.00908
5	0.00782	0.00602	0.00705	0.00685	0.00827	0.00570	0.00504	0.01080	0.07752	0.01821	0.36744	0.08717	0.25637	0.08676	0.00841	0.00214	0.00312	0.02489	0.00536	0.00507
6	0.00659	0.00553	0.00572	0.00567	0.00745	0.00466	0.00425	0.00810	0.01276	0.01552	0.13519	0.05116	0.69173	0.01351	0.00644	0.00183	0.00274	0.01132	0.00517	0.00466
7	0.00664	0.00477	0.00630	0.00753	0.00789	0.00443	0.00503	0.00760	0.01049	0.01394	0.03076	0.78348	0.05696	0.01699	0.00694	0.00220	0.00315	0.01539	0.00506	0.00443
8	0.00768	0.00554	0.00725	0.00689	0.00814	0.00512	0.00514	0.01019	0.01525	0.02158	0.74479	0.06827	0.05089	0.01136	0.00645	0.00173	0.00259	0.01006	0.00597	0.00512
9	0.02307	0.00953	0.01261	0.00975	0.01379	0.00855	0.00802	0.08504	0.01641	0.66826	0.06963	0.01955	0.01562	0.00702	0.00554	0.00168	0.00462	0.00572	0.00659	0.00901
10	0.10348	0.01502	0.01530	0.01199	0.01614	0.04475	0.00984	0.62018	0.05858	0.03204	0.01279	0.01289	0.00920	0.00640	0.00523	0.00164	0.00588	0.00472	0.00515	0.00879
11	0.02375	0.00932	0.01256	0.00968	0.01379	0.00816	0.00798	0.04692	0.01589	0.72957	0.04830	0.01920	0.01474	0.00690	0.00552	0.00169	0.00460	0.00562	0.00668	0.00913
12	0.70077	0.01051	0.00896	0.00771	0.01124	0.01177	0.00635	0.04134	0.01072	0.13438	0.00979	0.01040	0.00712	0.00535	0.00375	0.00169	0.00434	0.00338	0.00393	0.00650
13	0.00897	0.00775	0.01280	0.01128	0.01272	0.00890	0.10809	0.01114	0.00925	0.01331	0.01329	0.01971	0.01228	0.05013	0.57189	0.00698	0.10753	0.00584	0.00284	0.00530
14	0.69963	0.12996	0.03299	0.00773	0.01143	0.01363	0.00682	0.01611	0.00961	0.02253	0.00765	0.00892	0.00609	0.00501	0.00344	0.00161	0.00457	0.00298	0.00319	0.00613
15	0.01439	0.02910	0.01159	0.00986	0.01238	0.01044	0.00761	0.25870	0.10252	0.11143	0.02164	0.31973	0.02118	0.03458	0.00666	0.00199	0.00453	0.00924	0.00533	0.00710
16	0.01452	0.72235	0.04601	0.00978	0.01426	0.05408	0.00964	0.01636	0.01117	0.01296	0.00783	0.00923	0.00716	0.00568	0.02239	0.00140	0.02283	0.00308	0.00237	0.00692
17	0.01160	0.07494	0.01909	0.01458	0.01606	0.01487	0.14708	0.01350	0.00958	0.01392	0.01017	0.07108	0.00998	0.01127	0.07455	0.00268	0.47047	0.00580	0.00269	0.00610
18	0.00910	0.00691	0.00808	0.02709	0.01002	0.00682	0.00598	0.01275	0.11486	0.06008	0.19912	0.08048	0.35568	0.01182	0.00673	0.00187	0.03269	0.03905	0.00526	0.00562
19	0.04413	0.01140	0.08306	0.00990	0.01353	0.01010	0.00856	0.05278	0.26063	0.16136	0.09737	0.02310	0.07488	0.02406	0.00592	0.00176	0.00451	0.01871	0.00511	0.08914
20	0.02247	0.00883	0.01194	0.00935	0.01322	0.00764	0.00765	0.02453	0.01531	0.69122	0.05690	0.04607	0.04400	0.00754	0.00561	0.00171	0.00443	0.00622	0.00660	0.00876
21	0.00817	0.00623	0.00744	0.00760	0.00901	0.00604	0.00578	0.01082	0.07392	0.03409	0.12224	0.22472	0.30351	0.01370	0.00725	0.01800	0.02889	0.10235	0.00511	0.00512
22	0.01372	0.43816	0.31501	0.01215	0.01794	0.08986	0.01358	0.01720	0.01165	0.01457	0.00850	0.00991	0.00696	0.00495	0.00427	0.00140	0.00706	0.00340	0.00237	0.00734
23	0.00663	0.00522	0.00600	0.00656	0.00773	0.00459	0.00469	0.00789	0.01166	0.01460	0.06022	0.36913	0.42380	0.01516	0.00669	0.00202	0.00299	0.03480	0.00508	0.00455
24	0.00674	0.00490	0.00618	0.00715	0.00764	0.00453	0.00477	0.00766	0.01046	0.01370	0.03219	0.62882	0.13359	0.09352	0.00891	0.00246	0.00332	0.01423	0.00489	0.00434
25	0.05391	0.01468	0.09047	0.20009	0.14969	0.07325	0.01296	0.21612	0.01549	0.03475	0.01094	0.01326	0.00834	0.00707	0.03811	0.00193	0.00705	0.00458	0.00349	0.04382
26	0.05249	0.01162	0.02685	0.05488	0.08004	0.02923	0.02383	0.07959	0.26244	0.26926	0.03975	0.01792	0.01388	0.00668	0.00543	0.00174	0.00512	0.00554	0.00527	0.00845
27	0.00859	0.00601	0.00735	0.00700	0.00858	0.00554	0.00524	0.01135	0.05228	0.06400	0.44740	0.11578	0.21648	0.01191	0.00638	0.00180	0.00288	0.01035	0.00571	0.00537
28	0.01214	0.01157	0.01969	0.35543	0.46299	0.01260	0.01606	0.01555	0.01177	0.01617	0.01002	0.01393	0.00806	0.00511	0.00542	0.00170	0.00681	0.00485	0.00258	0.00755
29	0.01952	0.01380	0.01503	0.01177	0.01571	0.01508	0.00960	0.62248	0.03824	0.07857	0.01498	0.06122	0.01156	0.02135	0.00591	0.00173	0.00563	0.00566	0.02338	0.00878
30	0.08042	0.04493	0.02991	0.14061	0.01749	0.01055	0.00931	0.08092	0.07314	0.34859	0.06562	0.04604	0.01462	0.00697	0.00534	0.00172	0.00507	0.00569	0.00518	0.00787
31	0.32395	0.13187	0.01451	0.01073	0.01404	0.37163	0.00859	0.01901	0.01256	0.03776	0.00835	0.00955	0.00678	0.00531	0.00416	0.00148	0.00706	0.00327	0.00305	0.00634
32	0.62754	0.01272	0.01002	0.00971	0.05492	0.11489	0.00723	0.04554	0.01099	0.02284	0.00844	0.00983	0.00663	0.00523	0.00379	0.00163	0.00510	0.00329	0.03345	0.00622
33	0.00702	0.00490	0.00622	0.00711	0.00734	0.00468	0.00455	0.00769	0.00971	0.01295	0.02631	0.58152	0.03134	0.24684	0.01299	0.00311	0.00378	0.01330	0.00455	0.00410
34	0.01800	0.00869	0.01111	0.00911	0.01235	0.00816	0.00731	0.03698	0.12340	0.43780	0.22015	0.02531	0.04081	0.00816	0.00576	0.00172	0.00403	0.00686	0.00631	0.00799
35	0.00972	0.00605	0.00761	0.00694	0.00871	0.00542	0.00528	0.01192	0.01465	0.12201	0.50440	0.04003	0.19373	0.03096	0.00684	0.00183	0.00296	0.00956	0.00584	0.00554
36	0.17586	0.01064	0.01195	0.00963	0.01335	0.01092	0.00786	0.17029	0.09352	0.34386	0.05388	0.01697	0.01342	0.00666	0.00507	0.00168	0.00462	0.00516	0.03647	0.00822
37	0.00675	0.00553	0.00595	0.00585	0.00755	0.00473	0.00439	0.00842	0.01316	0.01646	0.22963	0.04961	0.59670	0.01316	0.00644	0.00181	0.00272	0.01111	0.00529	0.00473
38	0.00710	0.00535	0.00607	0.00620	0.00730	0.00482	0.00432	0.00839	0.01177	0.01528	0.18180	0.17092	0.34549	0.17012	0.01066	0.00254	0.00328	0.01100	0.02314	0.00443
39	0.00679	0.00489	0.00646	0.00757	0.00804	0.00455	0.00519	0.00792	0.01090	0.01453	0.07630	0.70032	0.06334	0.01652	0.00693	0.00218	0.00319	0.04477	0.00512	0.00450
40	0.01308	0.01246	0.02118	0.08112	0.69423	0.01261	0.01629	0.01632	0.01232	0.01750	0.01103	0.01564	0.00953	0.00534	0.00549	0.00167	0.00646	0.03664	0.00278	0.00831
41	0.01130	0.00969	0.01130	0.00807	0.01292	0.00727	0.00646	0.01373	0.01130	0.01776	0.00969	0.01130	0.00807	0.00404	0.00404	0.00081	0.00404	0.00323	0.00323	0.84173
42	0.00793	0.00529	0.00595	0.00595	0.00595	0.00529	0.00330	0.00793	0.00793	0.01057	0.01718	0.03568	0.01982	0.80840	0.02775	0.00529	0.00529	0.00793	0.00330	0.00330
43	0.01789	0.01346	0.01473	0.10549	0.01790	0.03675	0.01002	0.53116	0.03663	0.02918	0.01336	0.01429	0.00975	0.00638	0.00522	0.00161	0.00576	0.00491	0.11728	0.00822
44	0.00793	0.00529	0.00595	0.00595	0.00595	0.00529	0.00330	0.00793	0.00793	0.01057	0.01718	0.03568	0.01982	0.80840	0.02775	0.00529	0.00529	0.00793	0.00330	0.00330
45	0.01093	0.02820	0.78016	0.01554	0.02360	0.01266	0.02014	0.01727	0.01151	0.01727	0.00978	0.01151	0.00691	0.00518	0.00518	0.00173	0.00806	0.00403	0.00230	0.00806
46	0.84691	0.01054	0.00801	0.00717	0.01054	0.01223	0.00590	0.01603	0.00928	0.02446	0.00759	0.00886	0.00590	0.00506	0.00337	0.00169	0.00422	0.00295	0.00337	0.00590
47	0.01189	0.01279	0.02624	0.20428	0.06821	0.01274	0.49332	0.01595	0.01222	0.01642	0.01191	0.06598	0.00986	0.00562	0.00618	0.00185	0.00820	0.00657	0.00283	0.00692
48	0.01073	0.01007	0.01671	0.69238	0.10418	0.01225	0.01501	0.01482	0.04276	0.01466	0.01027	0.01468	0.00779	0.00548	0.00545	0.00180	0.00707	0.00490	0.00258	0.00640
49	0.01030	0.00969	0.01635	0.79530	0.03755	0.01211	0.01514	0.01393	0.01090	0.01393	0.00969	0.01453	0.00727	0.00545	0.00545	0.00182	0.00727	0.00484	0.00242	0.00606
50	0.01097	0.01145	0.02318	0.07133	0.03823	0.01120	0.45231	0.01442	0.01175	0.01597	0.01492	0.17028	0.01416	0.01076	0.08290	0.00259	0.02597	0.00798	0.00319	0.00644
51	0.01320	0.31094	0.19847	0.01320	0.08067	0.12360	0.01200	0.01611	0.01208	0.01505	0.06269	0.06516	0.01234	0.00754	0.03366	0.00176	0.00689	0.00484	0.00288	0.00691
52	0.01093	0.02820	0.78016	0.01554	0.02360	0.01266	0.02014	0.01727	0.01151	0.01727	0.00978	0.01151	0.00691	0.00518	0.00518	0.00173	0.00806	0.00403	0.00230	0.00806
53	0.01059	0.00623	0.00810	0.00726	0.00911	0.00561	0.00557	0.01298	0.01522	0.15561	0.58167	0.03772	0.10170	0.01057	0.00626	0.00172	0.00295	0.00921	0.00606	0.00584
54	0.01497	0.03294	0.09958	0.02171	0.35803	0.11767	0.01357	0.05434	0.09955	0.07152	0.01350	0.01538	0.02881	0.02770	0.00593	0.00173	0.00656	0.00499	0.00348	0.00805
55	0.01510	0.39106	0.18174	0.01218	0.03808	0.11947	0.01189	0.01782	0.01213	0.07943	0.02720	0.01135	0.00863	0.00549	0.00508	0.00145	0.04800	0.00376	0.00286	0.00727
56	0.00667	0.00476	0.00632	0.00756	0.00787	0.00445	0.00502	0.00760	0.01039	0.01385	0.02978	0.78888	0.03572	0.03351	0.00739	0.00228	0.00321	0.01534	0.00502	0.00440
57	0.01089	0.00702	0.03022	0.00775	0.00994	0.00592	0.00636	0.01310	0.01400	0.16871	0.28014	0.05873	0.24230	0.01153	0.00637	0.00187	0.00354	0.11012	0.00562	0.00586
58	0.20608	0.19460	0.06578	0.05524	0.07346	0.10503	0.04304	0.04871	0.01234	0.06005	0.03259	0.01332	0.03083	0.00676	0.02965	0.00178	0.00639	0.00424	0.00326	0.00686
59	0.01306	0.01297	0.03834	0.11923	0.65294	0.01288	0.03780	0.01645	0.01224	0.01735	0.01020	0.01360	0.00843	0.00492	0.00543	0.00165	0.00668	0.00488	0.00266	0.00829
60	0.00667	0.00479	0.00628	0.00746	0.00783	0.00446	0.00497	0.00761	0.01045	0.01386	0.03074	0.75134	0.06658	0.03941	0.00753	0.00229	0.00321	0.01512	0.00501	0.00440
61	0.01242	0.01380	0.05101	0.13530	0.18270	0.01321	0.44167	0.01651	0.01230	0.01686	0.01093	0.03004	0.00869	0.00515	0.00630	0.00181	0.02526	0.00595	0.00272	0.00737
62	0.05991	0.10296	0.29775	0.04408	0.10306	0.04164	0.08374	0.03054	0.04937	0.05368	0.01234	0.04771	0.01018	0.00613	0.00524	0.00171	0.00687	0.03244	0.00312	0.00753
63	0.01162	0.01025	0.01290	0.01122	0.01230	0.06175	0.05305	0.03123	0.01067	0.01614	0.01370	0.07228	0.02933	0.00929	0.02764	0.00205	0.35115	0.00583	0.25187	0.00572
64	0.01687	0.01224	0.01335	0.01111	0.01467	0.01349	0.00889	0.27099	0.38161	0.11739	0.03840	0.01935	0.04187	0.00735	0.00556	0.00175	0.00482	0.00594	0.00565	0.00869
65	0.01828	0.04696	0.01550	0.01333	0.01602	0.52536	0.01029	0.07180	0.10258	0.01584	0.01038	0.01176	0.00849	0.00719	0.02758	0.00176	0.08281	0.00408	0.00326	0.00674
66	0.00761	0.00521	0.00609	0.00631	0.00651	0.00509	0.00379	0.00801	0.00904	0.01207	0.06845	0.18545	0.05109	0.57749	0.02164	0.00435	0.00462	0.00964	0.00387	0.00368
67	0.01015	0.00713	0.00916	0.00844	0.00940	0.00827	0.02668	0.02606	0.01057	0.01711	0.01623	0.10992	0.01495	0.04490	0.06969	0.00241	0.18571	0.00643	0.41151	0.00526
68	0.00650	0.00552	0.00560	0.00558	0.00740	0.00463	0.00418	0.00793	0.01255	0.01503	0.08538	0.05197	0.74184	0.01370	0.00644	0.00184	0.00275	0.01144	0.00510	0.00463
69	0.02804	0.22795	0.07922	0.00856	0.01142	0.02536	0.00786	0.01298	0.01354	0.01855	0.40998	0.02902	0.03181	0.00876	0.00544	0.00160	0.00424	0.04862	0.02113	0.00593
70	0.00680	0.00550	0.00604	0.00598	0.00760	0.00474	0.00446	0.00848	0.01316	0.01663	0.24889	0.08245	0.54374	0.01323	0.00646	0.00182	0.00273	0.01123	0.00532	0.00474
71	0.01336	0.54933	0.28024	0.01141	0.01721	0.01859	0.01295	0.01664	0.01122	0.01431	0.00832	0.00967	0.00697	0.00484	0.00406	0.00135	0.00658	0.00329	0.00232	0.00735
72	0.01477	0.00964	0.01088	0.00947	0.01255	0.01005	0.00745	0.02349	0.39546	0.21696	0.04929	0.02703	0.17190	0.00865	0.00574	0.00180	0.00403	0.00718	0.00577	0.00788
73	0.03665	0.68782	0.09798	0.01003	0.01491	0.04878	0.01030	0.01661	0.01123	0.01357	0.00782	0.00905	0.00696	0.00476	0.00370	0.00124	0.00614	0.00304	0.00237	0.00704
74	0.08638	0.01082	0.01254	0.06190	0.01520	0.01150	0.00874	0.22276	0.13771	0.20485	0.06039	0.03651	0.04500	0.00781	0.00555	0.00178	0.00491	0.05236	0.00538	0.00791
75	0.00664	0.00474	0.00633	0.00759	0.00791	0.00443	0.00506	0.00759	0.01044	0.01392	0.03005	0.80485	0.03606	0.01708	0.00696	0.00221	0.00316	0.01550	0.00506	0.00443
76	0.00664	0.00474	0.00633	0.00759	0.00791	0.00443	0.00506	0.00759	0.01044	0.01392	0.03005	0.80485	0.03606	0.01708	0.00696	0.00221	0.00316	0.01550	0.00506	0.00443
77	0.01244	0.01923	0.31800	0.05729	0.35033	0.02953	0.10107	0.01701	0.01211	0.01730	0.01010	0.01282	0.00783	0.00499	0.00542	0.00169	0.00750	0.00468	0.00254	0.00811
78	0.01422	0.01319	0.01905	0.04848	0.51705	0.06404	0.01427	0.01945	0.14667	0.05026	0.01317	0.01588	0.01067	0.00570	0.00545	0.00168	0.00622	0.02278	0.00343	0.00835
79	0.01316	0.50746	0.32041	0.01174	0.01772	0.01811	0.01353	0.01669	0.01125	0.01455	0.00844	0.00982	0.00696	0.00486	0.00415	0.00138	0.00669	0.00335	0.00232	0.00741
80	0.00917	0.04071	0.00830	0.00774	0.00900	0.00606	0.00563	0.03705	0.01250	0.07996	0.16565	0.48354	0.08589	0.01398	0.00650	0.00199	0.00337	0.01242	0.00527	0.00526
81	0.04369	0.01103	0.18433	0.00945	0.01228	0.00725	0.02908	0.01176	0.01317	0.01915	0.39049	0.19078	0.03497	0.01058	0.00613	0.00182	0.00420	0.00931	0.00476	0.00575
82	0.01356	0.01171	0.01233	0.01109	0.01418	0.01356	0.00863	0.02897	0.76455	0.02281	0.02219	0.02034	0.01664	0.00740	0.00555	0.00185	0.00431	0.00616	0.00555	0.00863
83	0.00664	0.00474	0.00633	0.00759	0.00791	0.00443	0.00506	0.00759	0.01044	0.01392	0.03005	0.80485	0.03606	0.01708	0.00696	0.00221	0.00316	0.01550	0.00506	0.00443
84	0.01758	0.50597	0.04295	0.00968	0.01423	0.01673	0.00917	0.02008	0.04040	0.25675	0.01261	0.01237	0.00942	0.00544	0.00425	0.00137	0.00545	0.00388	0.00385	0.00781
85	0.01104	0.05156	0.75775	0.01535	0.02331	0.01293	0.01982	0.01724	0.01150	0.01713	0.00972	0.01143	0.00691	0.00516	0.00513	0.00171	0.00799	0.00400	0.00230	0.00803
86	0.02446	0.00928	0.01265	0.00970	0.01392	0.00801	0.00801	0.02657	0.01560	0.77817	0.02151	0.01856	0.01350	0.00675	0.00548	0.00169	0.00464	0.00548	0.00675	0.00928
87	0.00691	0.00498	0.00657	0.00757	0.00813	0.00465	0.00527	0.00818	0.01130	0.01512	0.12527	0.62679	0.06963	0.01605	0.00691	0.00215	0.00319	0.06157	0.00518	0.00457
88	0.01209	0.01615	0.21405	0.20179	0.39182	0.01271	0.04094	0.01625	0.01185	0.01678	0.01003	0.01326	0.00787	0.00507	0.00539	0.00170	0.00715	0.00469	0.00254	0.00786
89	0.01625	0.01387	0.01356	0.01147	0.01490	0.08654	0.00909	0.28922	0.37081	0.02548	0.02011	0.01916	0.07012	0.00741	0.00552	0.00173	0.00532	0.00587	0.00522	0.00834
90	0.02328	0.00984	0.01287	0.00992	0.01403	0.00896	0.00817	0.11379	0.01681	0.65573	0.05302	0.01886	0.01463	0.00691	0.00552	0.00168	0.00471	0.00560	0.00656	0.00910
91	0.01870	0.04111	0.01493	0.01330	0.01592	0.67438	0.01005	0.02018	0.01454	0.01325	0.00916	0.01122	0.00783	0.00990	0.10017	0.00230	0.01032	0.00378	0.00281	0.00616
92	0.01937	0.07579	0.01650	0.01373	0.01673	0.66643	0.02835	0.03698	0.03155	0.01405	0.00898	0.01045	0.00746	0.00641	0.02310	0.00159	0.00946	0.00369	0.00290	0.00647
93	0.04240	0.00941	0.01253	0.00970	0.01385	0.00834	0.00799	0.02643	0.04699	0.72951	0.02123	0.01841	0.01346	0.00674	0.00544	0.00169	0.00462	0.00545	0.00662	0.00918
94	0.00802	0.00566	0.00729	0.00683	0.00823	0.00517	0.00514	0.01050	0.01523	0.03900	0.70514	0.04101	0.09977	0.01122	0.00641	0.00172	0.00263	0.00987	0.00595	0.00520
95	0.00816	0.00581	0.00721	0.00780	0.00845	0.00573	0.00529	0.07781	0.01147	0.01532	0.02647	0.61184	0.03104	0.13831	0.01003	0.00263	0.00376	0.01334	0.00483	0.00471
96	0.01049	0.00737	0.00924	0.00961	0.02629	0.00743	0.00724	0.12906	0.03251	0.05124	0.02715	0.39377	0.05961	0.01383	0.00671	0.00214	0.00422	0.19121	0.00515	0.00575
97	0.02244	0.00994	0.01271	0.00999	0.01401	0.00932	0.00818	0.07772	0.11713	0.60899	0.02093	0.01845	0.01363	0.00681	0.00546	0.00170	0.00465	0.00553	0.02331	0.00911
98	0.00705	0.00563	0.00637	0.00649	0.00802	0.00501	0.00488	0.00902	0.02961	0.01642	0.20042	0.14359	0.46144	0.01360	0.00656	0.00191	0.00296	0.06095	0.00527	0.00481
99	0.01980	0.02188	0.01589	0.01477	0.06595	0.52207	0.01077	0.17975	0.04860	0.03479	0.01040	0.01139	0.00815	0.00587	0.00510	0.00149	0.00845	0.00405	0.00357	0.00726
100	0.01987	0.00929	0.01203	0.01003	0.01354	0.00879	0.00830	0.06503	0.10228	0.49849	0.03688	0.02653	0.01754	0.00838	0.00587	0.00185	0.00471	0.13602	0.00621	0.00836
101	0.00846	0.00591	0.00664	0.00632	0.00825	0.00508	0.00484	0.01018	0.01333	0.08777	0.19521	0.04720	0.53416	0.01265	0.00638	0.00182	0.00297	0.03226	0.00541	0.00516
102	0.01988	0.01470	0.01581	0.01213	0.01640	0.01608	0.00996	0.69634	0.02439	0.03283	0.01302	0.01360	0.00949	0.02780	0.00597	0.00169	0.00587	0.00490	0.00528	0.05386
103	0.00978	0.00708	0.00773	0.00707	0.00913	0.02732	0.00542	0.04302	0.04144	0.08965	0.27681	0.04155	0.39038	0.01153	0.00623	0.00177	0.00326	0.00973	0.00549	0.00560
104	0.00716	0.00514	0.00689	0.00801	0.00862	0.00487	0.00582	0.00856	0.01128	0.01501	0.08469	0.57976	0.05039	0.01616	0.00703	0.00223	0.00350	0.16514	0.00512	0.00461
105	0.00931	0.00763	0.00910	0.00990	0.06427	0.02546	0.00715	0.03899	0.08273	0.01773	0.15383	0.06114	0.24927	0.04654	0.00742	0.00211	0.00411	0.19272	0.00497	0.00560
106	0.02046	0.04981	0.01689	0.01240	0.01678	0.01711	0.01032	0.72413	0.02500	0.03342	0.01285	0.01290	0.00917	0.00646	0.00537	0.00162	0.00599	0.00482	0.00532	0.00917
107	0.25911	0.29486	0.23706	0.01142	0.04758	0.01545	0.01161	0.01636	0.01085	0.01799	0.02922	0.01065	0.00793	0.00511	0.00410	0.00151	0.00593	0.00352	0.00275	0.00700
108	0.01055	0.08650	0.01189	0.03153	0.06382	0.02495	0.00812	0.04990	0.08444	0.01785	0.14423	0.06398	0.06914	0.04993	0.04572	0.00239	0.00514	0.19266	0.03132	0.00595

[dist]
# distance from previous block
# <min> <max>
0	23

[block]
# block no. 6 follows, 44 sequences, length 58
# corresponding to MSA columns:
# 421-468,474-483
name=unknown_G
#
# <colnr> <probs for GDERKNQSTAVLIFYWHMCP>
#	G	D	E	R	K	N	Q	S	T	A	V	L	I	F	Y	W	H	M	C	P
0	0.01289	0.01372	0.01643	0.01409	0.01486	0.13337	0.04216	0.01429	0.00979	0.01338	0.00957	0.01358	0.03548	0.01013	0.04541	0.00244	0.58490	0.00494	0.00258	0.00598
1	0.06673	0.00930	0.01404	0.15861	0.16166	0.00966	0.06514	0.03976	0.01228	0.05835	0.03514	0.14113	0.15560	0.00904	0.00611	0.00185	0.02169	0.02364	0.00391	0.00637
2	0.01364	0.01311	0.01893	0.04293	0.53161	0.07669	0.01437	0.05677	0.02879	0.01809	0.01414	0.01970	0.04114	0.00646	0.00562	0.00171	0.00641	0.07875	0.00324	0.00790
3	0.00774	0.00573	0.00708	0.00728	0.00756	0.00600	0.00482	0.00833	0.00916	0.01228	0.02336	0.28252	0.08298	0.39112	0.04852	0.00391	0.07334	0.01030	0.00391	0.00406
4	0.00759	0.00593	0.00815	0.06780	0.01084	0.00566	0.03777	0.00886	0.01118	0.01438	0.08364	0.29018	0.25785	0.05968	0.00904	0.07276	0.00389	0.03573	0.00450	0.00456
5	0.04821	0.44542	0.04895	0.01049	0.01462	0.11226	0.00963	0.12972	0.01368	0.03395	0.00954	0.01098	0.00803	0.00835	0.07324	0.00199	0.00711	0.00365	0.00306	0.00712
6	0.01524	0.01076	0.04026	0.06551	0.01504	0.01074	0.00880	0.19404	0.14809	0.16828	0.15021	0.04614	0.05782	0.00928	0.03298	0.00199	0.00507	0.00674	0.00536	0.00764
7	0.01098	0.00906	0.01003	0.00878	0.01153	0.03884	0.00681	0.09846	0.06301	0.01912	0.10024	0.18963	0.07568	0.00973	0.00567	0.00160	0.00417	0.06878	0.00458	0.26332
8	0.04726	0.20945	0.02052	0.01413	0.04288	0.15997	0.08608	0.01618	0.01104	0.01430	0.00825	0.01116	0.00736	0.00671	0.00949	0.00177	0.30212	0.00419	0.02063	0.00650
9	0.20688	0.12241	0.07378	0.01247	0.07772	0.20389	0.00986	0.03260	0.02833	0.10932	0.02274	0.01233	0.00898	0.00667	0.02920	0.00176	0.00665	0.00398	0.02342	0.00701
10	0.11570	0.17862	0.07091	0.01578	0.10257	0.11388	0.14730	0.10817	0.06345	0.01927	0.01040	0.01200	0.00819	0.00529	0.00490	0.00157	0.00690	0.00439	0.00323	0.00748
11	0.00827	0.00639	0.00814	0.00887	0.03610	0.00617	0.00671	0.01132	0.06580	0.01764	0.22340	0.12481	0.19955	0.01309	0.00674	0.00205	0.00371	0.24071	0.00524	0.00528
12	0.01280	0.01368	0.07897	0.05946	0.55496	0.01257	0.07850	0.01675	0.03773	0.01763	0.01230	0.01631	0.02558	0.00553	0.00558	0.00170	0.00665	0.03223	0.00289	0.00816
13	0.01160	0.09643	0.66812	0.01476	0.02224	0.01349	0.01857	0.04628	0.01205	0.01753	0.01010	0.01233	0.00750	0.00539	0.00509	0.00169	0.00772	0.01868	0.00248	0.00795
14	0.00816	0.00539	0.00689	0.00723	0.00827	0.00490	0.00512	0.00964	0.01227	0.06989	0.21540	0.43705	0.14409	0.03048	0.00707	0.00206	0.00311	0.01267	0.00538	0.00495
15	0.16546	0.05405	0.20633	0.03292	0.11497	0.03638	0.05794	0.10610	0.05534	0.02042	0.01258	0.01409	0.04250	0.00594	0.00543	0.00169	0.03560	0.00465	0.02016	0.00743
16	0.13356	0.00799	0.00854	0.00736	0.00993	0.02270	0.00560	0.02589	0.01235	0.01911	0.24178	0.07770	0.08920	0.07295	0.00701	0.00178	0.00372	0.00710	0.00439	0.24135
17	0.04354	0.04332	0.07786	0.01096	0.01516	0.01278	0.00959	0.31515	0.09743	0.04114	0.01478	0.06032	0.01232	0.00700	0.00522	0.00157	0.00529	0.04858	0.00455	0.17341
18	0.01118	0.08176	0.72877	0.01511	0.02294	0.01327	0.01940	0.01720	0.01148	0.01696	0.00963	0.01132	0.00691	0.00514	0.00506	0.00169	0.00790	0.00395	0.00230	0.00798
19	0.00784	0.00548	0.00689	0.00688	0.00807	0.00498	0.00498	0.00969	0.01339	0.04516	0.40971	0.23003	0.16805	0.04477	0.00738	0.00200	0.00293	0.01130	0.00553	0.00495
20	0.07247	0.00875	0.02705	0.04182	0.08213	0.04669	0.00762	0.01294	0.05240	0.05218	0.10521	0.15704	0.21258	0.02588	0.00645	0.00195	0.00433	0.07213	0.00460	0.00577
21	0.01354	0.01536	0.10630	0.02792	0.54880	0.06183	0.04566	0.01786	0.06269	0.01776	0.01122	0.01435	0.00924	0.00527	0.00543	0.00166	0.00681	0.01709	0.00289	0.00831
22	0.00683	0.00536	0.00606	0.00631	0.00759	0.00473	0.00455	0.00821	0.01209	0.01528	0.14496	0.21641	0.43739	0.07037	0.00809	0.00217	0.00306	0.03093	0.00507	0.00456
23	0.00675	0.00482	0.00642	0.00758	0.00791	0.00457	0.00507	0.00770	0.01026	0.01373	0.02884	0.73882	0.03440	0.04978	0.04291	0.00263	0.00376	0.01476	0.00489	0.00440
24	0.15260	0.02136	0.45286	0.08042	0.08071	0.03996	0.03290	0.01727	0.01149	0.04819	0.00989	0.01176	0.00720	0.00522	0.00495	0.00171	0.00718	0.00407	0.00273	0.00754
25	0.08019	0.04231	0.01528	0.06756	0.04834	0.05746	0.00997	0.46340	0.02022	0.05139	0.01335	0.01405	0.02559	0.00632	0.00511	0.00160	0.00584	0.00478	0.05909	0.00815
26	0.00869	0.00671	0.00958	0.00925	0.01021	0.00800	0.00723	0.03609	0.00943	0.01369	0.01451	0.04913	0.01378	0.04967	0.61482	0.00734	0.09273	0.00607	0.02798	0.00509
27	0.29591	0.01271	0.04367	0.04850	0.41103	0.01285	0.03586	0.04599	0.01181	0.02056	0.00945	0.01191	0.00762	0.00502	0.00474	0.00166	0.00586	0.00423	0.00302	0.00759
28	0.01114	0.05208	0.73030	0.01597	0.04949	0.01295	0.01969	0.01722	0.01153	0.01715	0.00973	0.01149	0.00697	0.00515	0.00513	0.00171	0.00793	0.00402	0.00232	0.00804
29	0.13464	0.00945	0.01179	0.00947	0.01333	0.00886	0.00781	0.02446	0.06384	0.58454	0.02006	0.01970	0.01365	0.00701	0.00531	0.00174	0.00458	0.04511	0.00612	0.00854
30	0.05533	0.01192	0.01941	0.19409	0.51667	0.01253	0.01517	0.01696	0.03831	0.05173	0.01092	0.01395	0.00870	0.00517	0.00532	0.00168	0.00637	0.00483	0.00296	0.00797
31	0.00754	0.00594	0.00679	0.00658	0.00814	0.00548	0.00488	0.01033	0.06620	0.01809	0.35057	0.07596	0.35669	0.04379	0.00724	0.00194	0.00291	0.01047	0.00542	0.00505
32	0.80117	0.01026	0.00790	0.00710	0.01029	0.01185	0.00576	0.01558	0.00920	0.02370	0.00811	0.01032	0.00666	0.04886	0.00470	0.00188	0.00428	0.00322	0.00337	0.00576
33	0.00813	0.00571	0.00684	0.00671	0.00682	0.00608	0.00416	0.00841	0.00804	0.01094	0.01635	0.03281	0.01845	0.68001	0.11111	0.00551	0.04956	0.00753	0.00321	0.00362
34	0.84691	0.01054	0.00801	0.00717	0.01054	0.01223	0.00590	0.01603	0.00928	0.02446	0.00759	0.00886	0.00590	0.00506	0.00337	0.00169	0.00422	0.00295	0.00337	0.00590
35	0.03608	0.00961	0.01191	0.00958	0.01313	0.00925	0.00775	0.11365	0.09993	0.44366	0.13953	0.02245	0.04321	0.00768	0.00562	0.00171	0.00438	0.00632	0.00622	0.00834
36	0.74543	0.01039	0.00859	0.00748	0.01096	0.01171	0.00616	0.01733	0.01006	0.11746	0.00931	0.01005	0.00684	0.00527	0.00363	0.00169	0.00427	0.00326	0.00379	0.00632
37	0.01119	0.02651	0.01179	0.01055	0.01184	0.09438	0.00839	0.02661	0.01012	0.05183	0.01265	0.01774	0.01142	0.02782	0.48154	0.00607	0.16563	0.00528	0.00303	0.00559
38	0.01985	0.10226	0.01691	0.01332	0.01658	0.57793	0.01038	0.14770	0.01677	0.01691	0.00915	0.01028	0.00741	0.00568	0.00487	0.00142	0.00877	0.00369	0.00322	0.00690
39	0.00709	0.00554	0.00602	0.00600	0.00761	0.00477	0.00442	0.00858	0.01262	0.03176	0.15882	0.11213	0.55864	0.04266	0.00724	0.00198	0.00290	0.01133	0.00517	0.00472
40	0.01314	0.01600	0.14058	0.08800	0.46814	0.05512	0.10615	0.01696	0.01238	0.01714	0.01013	0.01321	0.00813	0.00496	0.00547	0.00167	0.00730	0.00484	0.00263	0.00806
41	0.01805	0.01277	0.01403	0.01151	0.01525	0.01405	0.00931	0.34652	0.31590	0.13124	0.01831	0.01815	0.01342	0.00716	0.00556	0.00175	0.00512	0.02735	0.00566	0.00889
42	0.02160	0.01386	0.01549	0.01187	0.01620	0.01481	0.00981	0.58442	0.02327	0.20949	0.01507	0.01438	0.01027	0.00659	0.00546	0.00165	0.00568	0.00504	0.00576	0.00927
43	0.00674	0.00571	0.00585	0.00585	0.00765	0.00493	0.00437	0.00865	0.03922	0.01521	0.07576	0.08102	0.69301	0.01363	0.00643	0.00185	0.00283	0.01142	0.00511	0.00476
44	0.01093	0.00776	0.01056	0.01230	0.12005	0.00773	0.00797	0.06351	0.07284	0.08447	0.04961	0.41575	0.02687	0.01255	0.00642	0.00202	0.00419	0.07331	0.00496	0.00620
45	0.01219	0.01336	0.04313	0.24172	0.13273	0.01318	0.42919	0.01636	0.01222	0.01651	0.01052	0.01442	0.00801	0.00489	0.00599	0.00180	0.00825	0.00572	0.00264	0.00718
46	0.02372	0.01047	0.01339	0.01027	0.01451	0.00979	0.00848	0.17199	0.01760	0.62993	0.01983	0.01747	0.01265	0.00671	0.00548	0.00168	0.00491	0.00537	0.00649	0.00928
47	0.00705	0.00546	0.00644	0.00650	0.00789	0.00485	0.00484	0.00888	0.01332	0.01744	0.32805	0.15194	0.36325	0.01328	0.00655	0.00187	0.00283	0.03933	0.00542	0.00480
48	0.00830	0.00637	0.00776	0.00774	0.00838	0.03723	0.00544	0.00942	0.00891	0.01209	0.03315	0.05673	0.01758	0.34913	0.40064	0.00665	0.00993	0.00705	0.00322	0.00428
49	0.01396	0.52755	0.06549	0.01116	0.01472	0.05429	0.01064	0.01579	0.01059	0.01317	0.00763	0.00976	0.00703	0.00599	0.00737	0.00152	0.21073	0.00348	0.00237	0.00676
50	0.01090	0.00579	0.00586	0.00560	0.00708	0.00590	0.00427	0.06428	0.01242	0.02130	0.01746	0.01982	0.01365	0.00637	0.00392	0.00130	0.00278	0.00507	0.78087	0.00537
51	0.01130	0.00969	0.01130	0.00807	0.01292	0.00727	0.00646	0.01373	0.01130	0.01776	0.00969	0.01130	0.00807	0.00404	0.00404	0.00081	0.00404	0.00323	0.00323	0.84173
52	0.00793	0.00529	0.00595	0.00595	0.00595	0.00529	0.00330	0.00793	0.00793	0.01057	0.01718	0.03568	0.01982	0.80840	0.02775	0.00529	0.00529	0.00793	0.00330	0.00330
53	0.00689	0.00496	0.00621	0.00711	0.00757	0.00463	0.00472	0.00775	0.01028	0.01348	0.03075	0.56793	0.11972	0.15399	0.01052	0.00271	0.00352	0.02823	0.00476	0.00427
54	0.34817	0.05435	0.01224	0.15677	0.01686	0.01272	0.00864	0.12890	0.07428	0.04601	0.01291	0.02672	0.03593	0.00614	0.00452	0.00169	0.00504	0.00454	0.03685	0.00673
55	0.21366	0.03745	0.01026	0.03173	0.01184	0.05147	0.00676	0.03922	0.04672	0.11808	0.17115	0.07586	0.04561	0.02482	0.00552	0.00171	0.00430	0.00633	0.02153	0.07599
56	0.61164	0.07871	0.01107	0.04770	0.01274	0.01305	0.00716	0.04810	0.01055	0.06399	0.00881	0.01011	0.00678	0.00538	0.00423	0.00167	0.03370	0.00336	0.01492	0.00632
57	0.00718	0.00552	0.00678	0.00727	0.02400	0.00499	0.00513	0.00885	0.01269	0.01669	0.26197	0.24501	0.28961	0.03744	0.00724	0.00203	0.00306	0.04452	0.00524	0.00479

[dist]
# distance from previous block
# <min> <max>
16	21

[block]
