[name]
unknown

[dist]
# distance from previous block
# <min> <max>
2	63

[block]
# block no. 0 follows, 42 sequences, length 15
# corresponding to MSA columns:
# 109-123
name=unknown_A
#
# <colnr> <probs for GDERKNQSTAVLIFYWHMCP>
#	G	D	E	R	K	N	Q	S	T	A	V	L	I	F	Y	W	H	M	C	P
0	0.13750	0.05346	0.14545	0.04645	0.04205	0.01194	0.01091	0.12385	0.01453	0.13857	0.06520	0.03585	0.04682	0.00752	0.00586	0.00179	0.03454	0.04567	0.00437	0.02768
1	0.13966	0.17719	0.07454	0.04236	0.01544	0.01428	0.00963	0.11543	0.08811	0.08030	0.01585	0.01634	0.07381	0.00669	0.00553	0.00163	0.04624	0.00489	0.00401	0.06807
2	0.16528	0.03388	0.04719	0.07186	0.01625	0.01330	0.00972	0.20526	0.06414	0.07982	0.04007	0.04308	0.03485	0.00730	0.00660	0.00178	0.09033	0.00537	0.00438	0.05953
3	0.06679	0.07434	0.04052	0.06261	0.05131	0.05349	0.06091	0.20992	0.03990	0.08586	0.07151	0.04054	0.01344	0.00694	0.00620	0.00171	0.05308	0.00552	0.00433	0.05111
4	0.04616	0.01057	0.03549	0.01007	0.03182	0.00953	0.00805	0.14562	0.01566	0.13976	0.15326	0.04833	0.05476	0.00761	0.00577	0.00153	0.02573	0.00621	0.00493	0.23913
5	0.01365	0.01137	0.01377	0.01097	0.03336	0.04354	0.05999	0.10295	0.03945	0.06436	0.03478	0.03305	0.08280	0.00643	0.00543	0.00134	0.02370	0.00533	0.00410	0.40962
6	0.01199	0.05498	0.04917	0.05765	0.04490	0.00956	0.00857	0.03810	0.05429	0.06868	0.04540	0.08803	0.12256	0.00796	0.00587	0.00153	0.03754	0.00653	0.00411	0.28257
7	0.01387	0.03031	0.01493	0.11592	0.01817	0.05318	0.06875	0.06067	0.07795	0.08223	0.01392	0.06156	0.01148	0.00642	0.00583	0.00152	0.04467	0.00534	0.04731	0.26596
8	0.06423	0.05135	0.01451	0.01102	0.02860	0.02863	0.00880	0.26991	0.07291	0.14355	0.01478	0.04868	0.01139	0.00649	0.00513	0.00151	0.00522	0.00509	0.00490	0.20330
9	0.01568	0.01210	0.01351	0.03522	0.01527	0.01240	0.00874	0.37972	0.04430	0.02621	0.01808	0.06188	0.08370	0.00875	0.03399	0.00182	0.00552	0.00599	0.00481	0.21233
10	0.00854	0.00783	0.00820	0.05093	0.01099	0.04037	0.00592	0.01026	0.01252	0.01552	0.04275	0.04157	0.53791	0.01162	0.00662	0.00173	0.03637	0.00949	0.00456	0.13631
11	0.01349	0.01106	0.01261	0.00944	0.01406	0.00979	0.00759	0.15193	0.06634	0.02168	0.01177	0.01310	0.00942	0.00647	0.03668	0.00141	0.00502	0.00398	0.00392	0.59026
12	0.01987	0.01325	0.01455	0.01137	0.01534	0.01417	0.00929	0.52822	0.02262	0.13743	0.01827	0.01837	0.06494	0.03181	0.00632	0.00181	0.00553	0.00575	0.05230	0.00879
13	0.59000	0.04444	0.01079	0.00853	0.01229	0.01337	0.00706	0.11245	0.05842	0.02548	0.00967	0.01062	0.00744	0.00548	0.00396	0.00166	0.00465	0.00353	0.00385	0.06630
14	0.04675	0.44232	0.24146	0.01160	0.01727	0.04386	0.01262	0.01840	0.01213	0.09285	0.00999	0.01094	0.00784	0.00524	0.00437	0.00146	0.00664	0.00364	0.00292	0.00771

[dist]
# distance from previous block
# <min> <max>
0	1

[block]
# block no. 1 follows, 42 sequences, length 50
# corresponding to MSA columns:
# 125-174
name=unknown_B
#
# <colnr> <probs for GDERKNQSTAVLIFYWHMCP>
#	G	D	E	R	K	N	Q	S	T	A	V	L	I	F	Y	W	H	M	C	P
0	0.05217	0.10157	0.02292	0.03721	0.02117	0.26545	0.26093	0.05482	0.04810	0.01716	0.01032	0.01262	0.00822	0.00570	0.00631	0.00170	0.05853	0.00488	0.00308	0.00717
1	0.08570	0.01267	0.01336	0.01139	0.01496	0.01428	0.00910	0.21171	0.45004	0.06943	0.01935	0.01887	0.01444	0.00733	0.00555	0.00184	0.00492	0.02068	0.00557	0.00880
2	0.03926	0.00627	0.00804	0.00735	0.00902	0.00583	0.00560	0.01231	0.01572	0.08862	0.67176	0.03885	0.04797	0.01088	0.00644	0.00177	0.00290	0.00952	0.00617	0.00571
3	0.00978	0.00489	0.00733	0.00733	0.00733	0.00489	0.00489	0.00733	0.00733	0.00978	0.00978	0.01711	0.00978	0.01955	0.02199	0.83627	0.00489	0.00489	0.00244	0.00244
4	0.02302	0.00975	0.03041	0.00992	0.01405	0.00826	0.00831	0.02570	0.03509	0.66441	0.09096	0.02116	0.01750	0.00737	0.00574	0.00175	0.00466	0.00606	0.00675	0.00913
5	0.01515	0.76726	0.02886	0.00987	0.01453	0.04279	0.00972	0.01693	0.01150	0.01326	0.00784	0.00913	0.00723	0.00495	0.00397	0.00124	0.02311	0.00307	0.00242	0.00718
6	0.01497	0.00732	0.00969	0.00821	0.01080	0.00649	0.00647	0.01737	0.01584	0.32865	0.42266	0.03331	0.07498	0.00979	0.00624	0.00177	0.00354	0.00842	0.00646	0.00703
7	0.04507	0.01498	0.01603	0.01251	0.01683	0.01658	0.01027	0.62032	0.10539	0.06224	0.01470	0.01442	0.01047	0.00681	0.00558	0.00172	0.00589	0.00517	0.00563	0.00940
8	0.01527	0.01232	0.01430	0.01065	0.01531	0.01167	0.02801	0.27821	0.03217	0.02445	0.01149	0.01263	0.00894	0.00535	0.00520	0.00124	0.02758	0.00415	0.00417	0.47692
9	0.00692	0.00500	0.00651	0.00763	0.00808	0.00464	0.00512	0.00797	0.01104	0.01465	0.06147	0.70125	0.08340	0.03794	0.00770	0.00232	0.00327	0.01530	0.00521	0.00458
10	0.00686	0.00504	0.00643	0.00750	0.00809	0.00462	0.00508	0.00795	0.01122	0.01471	0.05441	0.66709	0.14647	0.01696	0.00709	0.00221	0.00319	0.01523	0.00525	0.00462
11	0.01541	0.08351	0.19743	0.06394	0.02114	0.04140	0.13498	0.11337	0.01434	0.11766	0.03412	0.01444	0.01000	0.00638	0.00719	0.00181	0.10625	0.00510	0.00363	0.00788
12	0.02200	0.00964	0.01293	0.05926	0.01551	0.00895	0.00862	0.08808	0.01614	0.57647	0.02162	0.10268	0.01566	0.00802	0.00582	0.00180	0.00492	0.00668	0.00638	0.00883
13	0.02506	0.00988	0.01325	0.01016	0.01452	0.00873	0.00839	0.06312	0.01662	0.73460	0.02177	0.01888	0.01371	0.00695	0.00566	0.00174	0.00486	0.00563	0.00690	0.00958
14	0.03717	0.00723	0.00734	0.00664	0.00856	0.00757	0.00516	0.14003	0.01426	0.02361	0.01721	0.01934	0.01334	0.00655	0.00421	0.00139	0.00329	0.00515	0.66592	0.00602
15	0.03380	0.06573	0.01923	0.12926	0.08022	0.19095	0.12650	0.09773	0.04586	0.10044	0.01238	0.01460	0.00948	0.02895	0.00613	0.00178	0.00750	0.00501	0.01692	0.00752
16	0.13105	0.56283	0.15164	0.01039	0.01561	0.01936	0.01101	0.01697	0.01125	0.01571	0.00821	0.00952	0.00705	0.00496	0.00388	0.00138	0.00617	0.00321	0.00255	0.00725
17	0.00684	0.00495	0.00648	0.00770	0.00813	0.00458	0.00516	0.00785	0.01090	0.01442	0.03266	0.75150	0.08321	0.01742	0.00715	0.00226	0.00324	0.01574	0.00522	0.00458
18	0.03291	0.01322	0.02637	0.21694	0.05183	0.01348	0.45654	0.01650	0.01228	0.01690	0.01069	0.01481	0.00821	0.00557	0.00711	0.02340	0.04098	0.00590	0.00276	0.02361
19	0.01423	0.50373	0.26997	0.01192	0.01785	0.01898	0.01332	0.06340	0.01253	0.01613	0.00892	0.01024	0.00734	0.00511	0.00430	0.00142	0.00678	0.00351	0.00260	0.00773
20	0.78971	0.06112	0.00961	0.00754	0.01111	0.01323	0.00632	0.01656	0.00969	0.02449	0.00784	0.00913	0.00617	0.00520	0.00349	0.00171	0.00446	0.00304	0.00341	0.00617
21	0.01139	0.05433	0.69775	0.01583	0.02369	0.01317	0.04108	0.01757	0.01195	0.01764	0.01079	0.01380	0.00811	0.00569	0.00542	0.00180	0.00816	0.03120	0.00250	0.00814
22	0.00697	0.00498	0.00667	0.00797	0.00835	0.00467	0.00543	0.00804	0.01089	0.01450	0.03095	0.75938	0.03696	0.01752	0.00721	0.00230	0.00337	0.05400	0.00522	0.00460
23	0.00700	0.00574	0.00618	0.00615	0.00792	0.00493	0.00467	0.00870	0.01341	0.01665	0.18809	0.05228	0.60164	0.01379	0.00669	0.00190	0.00291	0.04107	0.00541	0.00487
24	0.01327	0.01393	0.01685	0.01458	0.01497	0.11104	0.01199	0.01455	0.00953	0.01356	0.00776	0.01231	0.00755	0.01023	0.03756	0.00252	0.67429	0.00479	0.00253	0.00617
25	0.78527	0.01079	0.00860	0.00758	0.01113	0.01232	0.00625	0.01730	0.01003	0.07703	0.00883	0.00984	0.00664	0.00534	0.00363	0.00174	0.00438	0.00323	0.00372	0.00634
26	0.03255	0.34277	0.45412	0.01324	0.02003	0.01678	0.01593	0.01740	0.01165	0.01615	0.00913	0.01066	0.00714	0.00513	0.00460	0.00155	0.00729	0.00367	0.00242	0.00782
27	0.02084	0.02643	0.01586	0.01442	0.01732	0.75934	0.01082	0.02267	0.03559	0.01403	0.00908	0.01044	0.00751	0.00585	0.00509	0.00146	0.01000	0.00370	0.00297	0.00659
28	0.00818	0.00546	0.00614	0.00614	0.00614	0.00546	0.00341	0.00818	0.00818	0.01091	0.01773	0.03683	0.02046	0.80222	0.02864	0.00546	0.00546	0.00818	0.00341	0.00341
29	0.02089	0.02286	0.01629	0.01401	0.01734	0.51337	0.01086	0.25468	0.01910	0.02071	0.01020	0.01129	0.00800	0.00622	0.00564	0.00156	0.03161	0.00412	0.00376	0.00749
30	0.00686	0.00490	0.00653	0.00784	0.00816	0.00457	0.00522	0.00784	0.01077	0.01437	0.03102	0.79855	0.03722	0.01763	0.00718	0.00229	0.00326	0.01600	0.00522	0.00457
31	0.00818	0.00546	0.00614	0.00614	0.00614	0.00546	0.00341	0.00818	0.00818	0.01091	0.01773	0.03683	0.02046	0.80222	0.02864	0.00546	0.00546	0.00818	0.00341	0.00341
32	0.06460	0.00996	0.01303	0.01004	0.01436	0.00896	0.00829	0.06459	0.01633	0.69644	0.02105	0.01837	0.01332	0.00687	0.00555	0.00174	0.00484	0.00550	0.00673	0.00941
33	0.02511	0.00980	0.01320	0.01012	0.01448	0.00860	0.00836	0.05316	0.01648	0.74476	0.02189	0.01895	0.01377	0.00696	0.00566	0.00174	0.00484	0.00564	0.00692	0.00958
34	0.00907	0.00648	0.00907	0.01036	0.01166	0.00648	0.00907	0.01166	0.01296	0.01684	0.02980	0.06348	0.03239	0.01555	0.00777	0.00259	0.00518	0.72924	0.00518	0.00518
35	0.02139	0.01576	0.01689	0.01295	0.01745	0.01745	0.01070	0.74835	0.02646	0.03547	0.01351	0.01351	0.00957	0.00676	0.00563	0.00169	0.00619	0.00507	0.00563	0.00957
36	0.02525	0.00958	0.01306	0.01001	0.01437	0.00827	0.00827	0.02743	0.01611	0.77102	0.02220	0.01915	0.01393	0.00697	0.00566	0.00174	0.00479	0.00566	0.00697	0.00958
37	0.00686	0.00490	0.00653	0.00784	0.00816	0.00457	0.00522	0.00784	0.01077	0.01437	0.03102	0.79855	0.03722	0.01763	0.00718	0.00229	0.00326	0.01600	0.00522	0.00457
38	0.01129	0.02911	0.77306	0.01604	0.02436	0.01307	0.02079	0.01782	0.01188	0.01782	0.01010	0.01188	0.00713	0.00535	0.00535	0.00178	0.00832	0.00416	0.00238	0.00832
39	0.00679	0.00571	0.00590	0.00585	0.00769	0.00481	0.00439	0.00835	0.01317	0.01601	0.13429	0.05283	0.68706	0.01395	0.00665	0.00189	0.00283	0.01169	0.00533	0.00481
40	0.00883	0.00630	0.00879	0.01009	0.01128	0.00627	0.00865	0.01124	0.01272	0.01657	0.02993	0.14381	0.03292	0.01577	0.00771	0.00256	0.00497	0.65130	0.00519	0.00512
41	0.01415	0.71811	0.02698	0.00943	0.01376	0.02033	0.00915	0.01587	0.01136	0.01336	0.01036	0.09531	0.01050	0.00622	0.00400	0.00132	0.00572	0.00443	0.00272	0.00693
42	0.01174	0.01025	0.01228	0.00904	0.01349	0.00857	0.00729	0.01410	0.01134	0.01781	0.00972	0.01174	0.00823	0.00479	0.00573	0.00101	0.09025	0.00351	0.00324	0.74587
43	0.01316	0.01245	0.02106	0.03162	0.68418	0.01241	0.01595	0.01624	0.01259	0.01795	0.01282	0.09967	0.01201	0.00639	0.00575	0.00174	0.00631	0.00621	0.00305	0.00844
44	0.00972	0.09381	0.01130	0.01028	0.01196	0.00820	0.00913	0.01223	0.01279	0.01645	0.02740	0.05753	0.02964	0.01437	0.00732	0.00244	0.00527	0.64988	0.00488	0.00540
45	0.01570	0.72050	0.02801	0.01016	0.01477	0.10503	0.00977	0.01747	0.01193	0.01330	0.00792	0.00915	0.00722	0.00492	0.00377	0.00123	0.00647	0.00308	0.00246	0.00715
46	0.01948	0.01406	0.01541	0.01219	0.01628	0.01525	0.01011	0.59696	0.02368	0.05428	0.01552	0.01925	0.01226	0.00761	0.00576	0.00174	0.00587	0.08415	0.02615	0.04399
47	0.75111	0.01027	0.00794	0.00717	0.01041	0.01182	0.00586	0.01617	0.00982	0.02478	0.00899	0.01044	0.00700	0.00537	0.00353	0.00169	0.00416	0.00329	0.09418	0.00600
48	0.00765	0.00601	0.00710	0.00760	0.00925	0.00546	0.00622	0.00958	0.01296	0.01605	0.06483	0.05757	0.45279	0.01470	0.00710	0.00217	0.00378	0.29901	0.00523	0.00494
49	0.00976	0.01330	0.24214	0.01052	0.01422	0.00801	0.03655	0.01338	0.01380	0.05499	0.33618	0.11441	0.08984	0.01005	0.00626	0.00184	0.00481	0.00877	0.00476	0.00639

[dist]
# distance from previous block
# <min> <max>
1	2

[block]
# block no. 2 follows, 42 sequences, length 8
# corresponding to MSA columns:
# 177-184
name=unknown_C
#
# <colnr> <probs for GDERKNQSTAVLIFYWHMCP>
#	G	D	E	R	K	N	Q	S	T	A	V	L	I	F	Y	W	H	M	C	P
0	0.40590	0.01143	0.01286	0.09690	0.09201	0.01289	0.03629	0.02007	0.18883	0.05359	0.01267	0.01373	0.00959	0.00588	0.00467	0.00179	0.00516	0.00449	0.00396	0.00727
1	0.00806	0.00594	0.00858	0.00858	0.00943	0.00678	0.00646	0.00975	0.00891	0.01272	0.01549	0.02443	0.01508	0.16232	0.66119	0.00848	0.01355	0.00637	0.00308	0.00477
2	0.01069	0.00962	0.01215	0.05332	0.01327	0.06547	0.00912	0.01258	0.00980	0.01413	0.01226	0.01768	0.01116	0.02387	0.36533	0.00527	0.25696	0.00538	0.08635	0.00558
3	0.01835	0.01349	0.01472	0.01188	0.01551	0.01476	0.00955	0.59350	0.02318	0.03105	0.01717	0.17768	0.01535	0.00903	0.00595	0.00181	0.00558	0.00735	0.00554	0.00852
4	0.00887	0.17293	0.01136	0.00717	0.00935	0.00859	0.00583	0.01076	0.01342	0.01723	0.28498	0.10280	0.30361	0.01163	0.00606	0.00174	0.00348	0.00979	0.00497	0.00544
5	0.01266	0.44813	0.20742	0.01108	0.01595	0.01683	0.01182	0.01567	0.01104	0.01433	0.00990	0.01246	0.00863	0.01276	0.16638	0.00299	0.00848	0.00392	0.00253	0.00703
6	0.01185	0.02555	0.61406	0.01508	0.02232	0.01326	0.01831	0.02035	0.16769	0.01902	0.01278	0.01379	0.00923	0.00583	0.00543	0.00181	0.00751	0.00462	0.00308	0.00844
7	0.02525	0.00958	0.01306	0.01001	0.01437	0.00827	0.00827	0.02743	0.01611	0.77102	0.02220	0.01915	0.01393	0.00697	0.00566	0.00174	0.00479	0.00566	0.00697	0.00958

[dist]
# distance from previous block
# <min> <max>
0	4

[block]
# block no. 3 follows, 42 sequences, length 22
# corresponding to MSA columns:
# 189-210
name=unknown_D
#
# <colnr> <probs for GDERKNQSTAVLIFYWHMCP>
#	G	D	E	R	K	N	Q	S	T	A	V	L	I	F	Y	W	H	M	C	P
0	0.00700	0.00571	0.00619	0.00607	0.00782	0.00490	0.00455	0.00875	0.01365	0.01716	0.24493	0.05094	0.57569	0.01352	0.00665	0.00187	0.00280	0.01143	0.00548	0.00490
1	0.01213	0.05392	0.54593	0.02072	0.22138	0.01349	0.01944	0.01764	0.01211	0.01780	0.01014	0.01232	0.00761	0.00524	0.00534	0.00173	0.00780	0.00434	0.00249	0.00843
2	0.04265	0.18562	0.01645	0.01161	0.01457	0.25326	0.00971	0.09808	0.01471	0.01722	0.01502	0.02517	0.01457	0.01055	0.05408	0.00221	0.00762	0.19662	0.00373	0.00655
3	0.81107	0.01148	0.00856	0.00767	0.01113	0.04150	0.00627	0.01677	0.00982	0.02482	0.00787	0.00918	0.00614	0.00525	0.00354	0.00173	0.00457	0.00307	0.00346	0.00611
4	0.01497	0.00720	0.00905	0.00776	0.00990	0.00651	0.00568	0.01628	0.01270	0.32413	0.09135	0.03219	0.11260	0.30798	0.01453	0.00316	0.00461	0.00778	0.00534	0.00627
5	0.24229	0.00992	0.01179	0.00932	0.01344	0.00943	0.00769	0.02453	0.01437	0.57283	0.01838	0.01649	0.01185	0.00650	0.00508	0.00174	0.00467	0.00497	0.00604	0.00865
6	0.01425	0.01153	0.01306	0.00956	0.01443	0.01015	0.00774	0.20928	0.01560	0.02289	0.01093	0.01216	0.00866	0.00486	0.00456	0.00106	0.00471	0.00379	0.00394	0.61684
7	0.00823	0.00684	0.00941	0.21438	0.01622	0.00703	0.00773	0.01075	0.01359	0.01788	0.32429	0.05773	0.26296	0.01096	0.00639	0.00185	0.00402	0.00948	0.00489	0.00537
8	0.01117	0.00864	0.01052	0.00807	0.01174	0.00681	0.00620	0.01235	0.01052	0.01606	0.00994	0.01311	0.00872	0.00826	0.00891	0.22285	0.00436	0.00375	0.00310	0.61494
9	0.00808	0.01158	0.21007	0.00941	0.01227	0.00694	0.00907	0.01068	0.01167	0.01569	0.06173	0.35145	0.20249	0.04341	0.00737	0.00216	0.00457	0.01133	0.00444	0.00560
10	0.01871	0.01931	0.21784	0.01377	0.01929	0.01629	0.01338	0.55422	0.02259	0.03078	0.01260	0.01308	0.00892	0.00638	0.00555	0.00171	0.00676	0.00483	0.00477	0.00924
11	0.01134	0.00747	0.00911	0.00862	0.00977	0.00783	0.00612	0.11768	0.07233	0.04374	0.01886	0.22414	0.01966	0.16667	0.01507	0.22439	0.01930	0.00859	0.00425	0.00507
12	0.01367	0.56512	0.02357	0.01000	0.01381	0.04541	0.00953	0.01567	0.01200	0.01422	0.01369	0.02354	0.01391	0.00770	0.00477	0.00158	0.00595	0.19603	0.00316	0.00665
13	0.01323	0.01187	0.01865	0.44808	0.25151	0.01351	0.01537	0.12594	0.01401	0.01875	0.01070	0.01446	0.00823	0.00562	0.00561	0.00179	0.00706	0.00501	0.00306	0.00754
14	0.01262	0.00996	0.01105	0.01016	0.01245	0.01126	0.00768	0.02316	0.53226	0.01960	0.02058	0.02110	0.04081	0.01103	0.01008	0.22364	0.00451	0.00616	0.00484	0.00705
15	0.00943	0.02437	0.03284	0.00748	0.00927	0.00689	0.00591	0.01358	0.10915	0.02028	0.27914	0.12768	0.09270	0.01034	0.00576	0.00173	0.00323	0.00889	0.22557	0.00576
16	0.01340	0.51697	0.02185	0.00906	0.01291	0.09159	0.00833	0.01507	0.01225	0.01381	0.02098	0.02113	0.20856	0.00742	0.00456	0.00141	0.00558	0.00543	0.00320	0.00650
17	0.01163	0.00864	0.01003	0.00867	0.01096	0.00881	0.00677	0.20714	0.04609	0.02531	0.46772	0.03486	0.10991	0.01037	0.00634	0.00177	0.00368	0.00884	0.00593	0.00652
18	0.01311	0.01406	0.04369	0.04317	0.04191	0.01386	0.44233	0.02055	0.21055	0.01910	0.01485	0.04214	0.01167	0.00617	0.00675	0.00192	0.03604	0.00666	0.00365	0.00780
19	0.01578	0.00885	0.01147	0.16430	0.01665	0.00939	0.00854	0.10262	0.01441	0.22038	0.01672	0.01809	0.01207	0.00663	0.00550	0.00163	0.03546	0.00527	0.31912	0.00714
20	0.01169	0.01015	0.01301	0.01558	0.21200	0.02169	0.00955	0.05602	0.19320	0.02002	0.10693	0.03072	0.20169	0.02202	0.00640	0.00188	0.00464	0.03376	0.02184	0.00721
21	0.00709	0.00551	0.00595	0.00615	0.00730	0.00491	0.00419	0.00807	0.01127	0.01393	0.04251	0.16580	0.45339	0.22418	0.01258	0.00291	0.00361	0.01154	0.00474	0.00437

[dist]
# distance from previous block
# <min> <max>
0	5

[block]
# block no. 4 follows, 42 sequences, length 21
# corresponding to MSA columns:
# 216-236
name=unknown_E
#
# <colnr> <probs for GDERKNQSTAVLIFYWHMCP>
#	G	D	E	R	K	N	Q	S	T	A	V	L	I	F	Y	W	H	M	C	P
0	0.24581	0.58383	0.02357	0.00901	0.01345	0.01958	0.00864	0.01677	0.01092	0.01659	0.00783	0.00906	0.00691	0.00493	0.00358	0.00135	0.00555	0.00302	0.00271	0.00691
1	0.00740	0.00573	0.00674	0.00649	0.00806	0.00507	0.00487	0.00953	0.01460	0.01940	0.46049	0.04724	0.35873	0.01268	0.00664	0.00183	0.00274	0.01091	0.00578	0.00507
2	0.00961	0.00740	0.00954	0.00945	0.01182	0.00663	0.00804	0.01209	0.01259	0.01714	0.02632	0.04832	0.08074	0.01227	0.00668	0.00205	0.00472	0.47274	0.00467	0.23717
3	0.01789	0.58347	0.02490	0.00974	0.01442	0.01836	0.00925	0.01980	0.01274	0.22471	0.01184	0.01185	0.00909	0.00541	0.00418	0.00135	0.00568	0.00375	0.00368	0.00788
4	0.24372	0.01174	0.01451	0.01256	0.01356	0.01567	0.01043	0.01428	0.00890	0.01680	0.00772	0.01170	0.00721	0.00945	0.03526	0.00244	0.55075	0.00443	0.00276	0.00611
5	0.00732	0.00511	0.00649	0.00740	0.00766	0.00489	0.00479	0.00805	0.01006	0.01341	0.02701	0.54990	0.03208	0.25190	0.01361	0.00324	0.00397	0.03419	0.00468	0.00424
6	0.00742	0.00513	0.00636	0.00711	0.00730	0.00495	0.00445	0.00798	0.00967	0.01290	0.02537	0.47491	0.03010	0.35099	0.01630	0.00363	0.00420	0.01268	0.00445	0.00408
7	0.02269	0.01278	0.01495	0.01150	0.01585	0.01311	0.00949	0.41351	0.02165	0.35514	0.03883	0.01679	0.01272	0.00698	0.00567	0.00171	0.00548	0.00547	0.00623	0.00945
8	0.01343	0.01127	0.00823	0.00783	0.00958	0.22135	0.00587	0.01572	0.01296	0.01897	0.01566	0.01796	0.01242	0.00635	0.00425	0.00135	0.00472	0.00479	0.60168	0.00560
9	0.01411	0.02539	0.56204	0.01518	0.02243	0.01429	0.01798	0.22169	0.01595	0.02275	0.01105	0.01234	0.00781	0.00574	0.00543	0.00176	0.00772	0.00441	0.00328	0.00867
10	0.04458	0.01067	0.01566	0.01679	0.22434	0.00981	0.01072	0.02429	0.01501	0.54044	0.01856	0.01742	0.01231	0.00637	0.00557	0.00172	0.00531	0.00541	0.00570	0.00930
11	0.24579	0.01159	0.01150	0.01023	0.01357	0.01324	0.00808	0.02601	0.50030	0.07254	0.01865	0.01757	0.01387	0.00692	0.00510	0.00185	0.00445	0.00539	0.00518	0.00817
12	0.00896	0.00489	0.00711	0.00747	0.00756	0.00480	0.00498	0.00747	0.00829	0.01106	0.01570	0.23518	0.01743	0.01901	0.01786	0.60353	0.00443	0.00799	0.00322	0.00304
13	0.01184	0.01167	0.01714	0.23075	0.02147	0.01592	0.01324	0.01378	0.00935	0.01378	0.00812	0.01306	0.00742	0.00867	0.01488	0.00230	0.57302	0.00495	0.00247	0.00618
14	0.01353	0.01352	0.02415	0.05345	0.44501	0.02877	0.21983	0.03147	0.01324	0.01827	0.01239	0.01831	0.01067	0.00588	0.00604	0.00181	0.00743	0.06505	0.00305	0.00811
15	0.84197	0.01088	0.00827	0.00740	0.01088	0.01262	0.00609	0.01654	0.00958	0.02525	0.00784	0.00914	0.00609	0.00522	0.00348	0.00174	0.00435	0.00305	0.00348	0.00609
16	0.03095	0.23298	0.01939	0.01235	0.01389	0.01740	0.01069	0.01439	0.00966	0.01421	0.00851	0.01222	0.00800	0.00912	0.03663	0.00222	0.47725	0.00441	0.05937	0.00635
17	0.01688	0.01308	0.01435	0.01109	0.01546	0.01335	0.00898	0.40275	0.10008	0.02779	0.01400	0.04167	0.01097	0.00639	0.00521	0.00145	0.00523	0.00503	0.00487	0.28137
18	0.00686	0.00490	0.00653	0.00784	0.00816	0.00457	0.00522	0.00784	0.01077	0.01437	0.03102	0.79855	0.03722	0.01763	0.00718	0.00229	0.00326	0.01600	0.00522	0.00457
19	0.02404	0.01152	0.01426	0.01094	0.01534	0.01116	0.00903	0.25429	0.01936	0.53956	0.01947	0.01738	0.01256	0.00690	0.00565	0.00172	0.00523	0.00547	0.00655	0.00958
20	0.01283	0.01374	0.02720	0.01943	0.02493	0.01235	0.54017	0.01695	0.01283	0.01811	0.01100	0.01420	0.00848	0.00458	0.00595	0.00160	0.00800	0.00572	0.00298	0.23894

[dist]
# distance from previous block
# <min> <max>
0	4

[block]
# block no. 5 follows, 42 sequences, length 11
# corresponding to MSA columns:
# 241-251
name=unknown_F
#
# <colnr> <probs for GDERKNQSTAVLIFYWHMCP>
#	G	D	E	R	K	N	Q	S	T	A	V	L	I	F	Y	W	H	M	C	P
0	0.01004	0.00539	0.00594	0.00594	0.00720	0.00557	0.00450	0.01255	0.01130	0.01953	0.01776	0.02119	0.01436	0.01308	0.14587	0.00273	0.00490	0.00539	0.68157	0.00520
1	0.00673	0.00537	0.00604	0.00657	0.00783	0.00468	0.00466	0.00798	0.01199	0.01486	0.04642	0.35733	0.46849	0.01563	0.00687	0.00206	0.00302	0.01356	0.00523	0.00468
2	0.00807	0.00592	0.00851	0.00851	0.00933	0.00675	0.00637	0.00971	0.00889	0.01267	0.01556	0.02480	0.01524	0.18122	0.64251	0.00839	0.01331	0.00642	0.00309	0.00473
3	0.00714	0.00516	0.00675	0.00754	0.00820	0.00477	0.00520	0.00857	0.01221	0.01655	0.22383	0.56781	0.07360	0.01588	0.00702	0.00213	0.00309	0.01429	0.00548	0.00477
4	0.00725	0.00518	0.00698	0.00828	0.00878	0.00491	0.00591	0.00852	0.01116	0.01481	0.03080	0.66801	0.03636	0.01726	0.00729	0.00234	0.00361	0.14267	0.00522	0.00468
5	0.16316	0.01080	0.01688	0.52738	0.10136	0.01271	0.05963	0.01527	0.01122	0.01697	0.00975	0.01384	0.00744	0.00544	0.00529	0.00183	0.00697	0.00475	0.00273	0.00656
6	0.00956	0.00764	0.00940	0.00863	0.01141	0.00645	0.00701	0.01178	0.01216	0.01696	0.02539	0.12551	0.11908	0.01095	0.00608	0.00174	0.00424	0.25559	0.00443	0.34597
7	0.01254	0.28866	0.52452	0.01390	0.02104	0.01614	0.01706	0.01750	0.01173	0.01629	0.00934	0.01093	0.00716	0.00517	0.00477	0.00159	0.00755	0.00377	0.00239	0.00795
8	0.00990	0.00897	0.01450	0.59922	0.03136	0.01073	0.01307	0.01332	0.01220	0.01593	0.15073	0.02227	0.06083	0.00721	0.00587	0.00186	0.00634	0.00636	0.00334	0.00599
9	0.01260	0.01023	0.01111	0.01033	0.01294	0.01141	0.00788	0.02424	0.54032	0.04927	0.02676	0.16548	0.07337	0.00990	0.00606	0.00197	0.00414	0.00849	0.00565	0.00785
10	0.02071	0.01465	0.01595	0.01244	0.01669	0.01604	0.01019	0.61955	0.07057	0.09209	0.01542	0.04312	0.01140	0.00722	0.00569	0.00173	0.00587	0.00559	0.00573	0.00935

[dist]
# distance from previous block
# <min> <max>
0	6

[block]
# block no. 6 follows, 42 sequences, length 20
# corresponding to MSA columns:
# 258-277
name=unknown_G
#
# <colnr> <probs for GDERKNQSTAVLIFYWHMCP>
#	G	D	E	R	K	N	Q	S	T	A	V	L	I	F	Y	W	H	M	C	P
0	0.19962	0.01379	0.01426	0.01109	0.01542	0.01489	0.00913	0.47514	0.02066	0.06234	0.01224	0.01259	0.00886	0.00614	0.00500	0.00161	0.00550	0.00445	0.00496	0.10232
1	0.01183	0.01568	0.18252	0.01511	0.01730	0.01544	0.05229	0.01446	0.00961	0.01468	0.00874	0.01307	0.00787	0.01091	0.06945	0.00276	0.52423	0.00493	0.00250	0.00662
2	0.20071	0.01035	0.01194	0.00946	0.01360	0.00996	0.00773	0.04781	0.08235	0.42046	0.01731	0.01601	0.01167	0.00629	0.00500	0.00164	0.00463	0.00484	0.00559	0.11265
3	0.18929	0.00633	0.00696	0.00756	0.00875	0.00641	0.00537	0.01002	0.01111	0.01757	0.09764	0.51555	0.06914	0.01416	0.00630	0.00210	0.00342	0.01240	0.00494	0.00498
4	0.00715	0.00502	0.00644	0.00747	0.00772	0.00476	0.00483	0.00791	0.01021	0.01361	0.02812	0.63224	0.03356	0.18894	0.01187	0.00298	0.00374	0.01429	0.00483	0.00432
5	0.01215	0.04123	0.01484	0.01246	0.01342	0.10733	0.01018	0.01349	0.01054	0.01391	0.01855	0.02127	0.17288	0.01080	0.02927	0.00231	0.48012	0.00624	0.00313	0.00591
6	0.02106	0.01486	0.01618	0.01252	0.01684	0.01625	0.01029	0.66553	0.02506	0.08720	0.01487	0.04704	0.01105	0.00723	0.00570	0.00172	0.00597	0.00557	0.00571	0.00936
7	0.19015	0.00696	0.00822	0.00803	0.00935	0.00790	0.00602	0.01105	0.00897	0.01524	0.01409	0.02258	0.01376	0.20445	0.44204	0.00665	0.01058	0.00586	0.00321	0.00490
8	0.01040	0.00525	0.00528	0.00528	0.00654	0.00525	0.00391	0.01292	0.01166	0.02059	0.01833	0.02159	0.01466	0.03721	0.00489	0.00147	0.00273	0.00536	0.80149	0.00517
9	0.01124	0.01069	0.01695	0.58827	0.11797	0.03007	0.02787	0.02640	0.02582	0.01545	0.01372	0.01766	0.06207	0.00622	0.00570	0.00184	0.00710	0.00552	0.00285	0.00658
10	0.00800	0.00614	0.00747	0.00757	0.00915	0.00571	0.00600	0.01070	0.04057	0.01869	0.31735	0.05066	0.28920	0.01329	0.00689	0.00202	0.00340	0.18638	0.00560	0.00522
11	0.00865	0.00729	0.00945	0.17808	0.01565	0.00761	0.00788	0.01228	0.09227	0.01655	0.09512	0.14217	0.29948	0.01200	0.00650	0.00200	0.00428	0.07240	0.00476	0.00558
12	0.19252	0.01039	0.01500	0.59133	0.03194	0.01270	0.01338	0.04019	0.01141	0.01748	0.00965	0.01367	0.00727	0.00558	0.00516	0.00184	0.00677	0.00458	0.00282	0.00633
13	0.02082	0.01015	0.01402	0.18024	0.01978	0.01006	0.01001	0.07918	0.04731	0.49782	0.03889	0.01851	0.01339	0.00681	0.00568	0.00177	0.00542	0.00562	0.00582	0.00871
14	0.19401	0.01115	0.01101	0.00996	0.01308	0.01273	0.00781	0.02469	0.51556	0.02304	0.02320	0.02189	0.09334	0.00780	0.00533	0.00187	0.00426	0.00622	0.00518	0.00786
15	0.19204	0.00648	0.00591	0.00572	0.00750	0.00686	0.00441	0.01386	0.01132	0.02191	0.01606	0.01840	0.01261	0.00627	0.00384	0.00141	0.00300	0.00477	0.65225	0.00543
16	0.01710	0.19172	0.02011	0.06909	0.17732	0.35433	0.01208	0.01922	0.01372	0.03012	0.00952	0.01168	0.00802	0.00684	0.03496	0.00177	0.00841	0.00401	0.00283	0.00717
17	0.05067	0.01427	0.17899	0.01143	0.01657	0.01013	0.01106	0.05758	0.04672	0.51520	0.01868	0.01703	0.01211	0.00657	0.00551	0.00175	0.00559	0.00524	0.00573	0.00915
18	0.00882	0.00580	0.00753	0.00740	0.00872	0.00529	0.00543	0.01091	0.01437	0.07344	0.46925	0.24262	0.09300	0.01299	0.00671	0.00191	0.00298	0.01152	0.00593	0.00538
19	0.00871	0.00704	0.00792	0.00762	0.00946	0.00694	0.00572	0.01366	0.17613	0.01938	0.28141	0.11345	0.29679	0.01222	0.00650	0.00190	0.00318	0.01050	0.00566	0.00583

[dist]
# distance from previous block
# <min> <max>
0	3

[block]
# block no. 7 follows, 42 sequences, length 7
# corresponding to MSA columns:
# 281-287
name=unknown_H
#
# <colnr> <probs for GDERKNQSTAVLIFYWHMCP>
#	G	D	E	R	K	N	Q	S	T	A	V	L	I	F	Y	W	H	M	C	P
0	0.01669	0.01174	0.01324	0.01063	0.01396	0.01248	0.00858	0.43717	0.02201	0.07224	0.28924	0.02429	0.02578	0.00851	0.00600	0.00172	0.00482	0.00697	0.00591	0.00801
1	0.01718	0.34748	0.08671	0.01175	0.01653	0.04740	0.01096	0.28656	0.08532	0.02275	0.01152	0.01205	0.00899	0.00587	0.00475	0.00151	0.00629	0.00419	0.00391	0.00831
2	0.01846	0.01105	0.01457	0.01196	0.01449	0.01256	0.00984	0.06553	0.08760	0.34457	0.04597	0.01740	0.01316	0.00826	0.01040	0.00202	0.29337	0.00560	0.00508	0.00809
3	0.00924	0.00813	0.01308	0.50238	0.02754	0.00959	0.01181	0.01198	0.01108	0.01437	0.01771	0.30230	0.01840	0.01003	0.00620	0.00203	0.00595	0.00903	0.00350	0.00564
4	0.01138	0.00945	0.01045	0.01013	0.01226	0.01054	0.00756	0.02181	0.48335	0.02018	0.02588	0.30610	0.02453	0.01130	0.00626	0.00205	0.00402	0.00990	0.00554	0.00732
5	0.01249	0.01262	0.01292	0.01155	0.01212	0.16142	0.00877	0.01332	0.00989	0.01262	0.01144	0.02088	0.01215	0.29960	0.01959	0.00336	0.35128	0.00587	0.00290	0.00522
6	0.01641	0.02195	0.49440	0.01383	0.02069	0.01131	0.01620	0.02134	0.01343	0.29399	0.01454	0.01455	0.00962	0.00594	0.00546	0.00177	0.00702	0.00471	0.00406	0.00878

[dist]
# distance from previous block
# <min> <max>
0	58

[block]
# block no. 8 follows, 42 sequences, length 15
# corresponding to MSA columns:
# 346-360
name=unknown_I
#
# <colnr> <probs for GDERKNQSTAVLIFYWHMCP>
#	G	D	E	R	K	N	Q	S	T	A	V	L	I	F	Y	W	H	M	C	P
0	0.01051	0.02485	0.63821	0.01460	0.02151	0.01157	0.01805	0.01607	0.01169	0.01721	0.01378	0.15027	0.01242	0.00751	0.00567	0.00187	0.00743	0.00624	0.00288	0.00766
1	0.15765	0.07256	0.59384	0.01413	0.02139	0.01354	0.01754	0.01754	0.01145	0.01885	0.00956	0.01123	0.00695	0.00529	0.00491	0.00174	0.00748	0.00389	0.00257	0.00786
2	0.01684	0.66557	0.02660	0.00970	0.01443	0.01981	0.00939	0.01871	0.01226	0.14655	0.01035	0.01081	0.00840	0.00519	0.00397	0.00130	0.00580	0.00348	0.00321	0.00764
3	0.00688	0.00498	0.00645	0.00760	0.00805	0.00461	0.00509	0.00787	0.01086	0.01433	0.03278	0.71138	0.09804	0.04247	0.00783	0.00235	0.00330	0.01540	0.00517	0.00455
4	0.00872	0.00622	0.00713	0.00663	0.00753	0.00576	0.00409	0.00922	0.00895	0.01243	0.01717	0.07817	0.01933	0.61469	0.02305	0.00445	0.00510	0.00780	0.00351	0.15006
5	0.01587	0.01082	0.01212	0.01052	0.01381	0.01167	0.00828	0.04581	0.47737	0.19144	0.06293	0.02393	0.07388	0.00815	0.00582	0.00186	0.00436	0.00678	0.00599	0.00858
6	0.00951	0.00646	0.00883	0.00956	0.01103	0.00628	0.00815	0.01204	0.01362	0.05239	0.15988	0.05725	0.06858	0.01438	0.00743	0.00238	0.00461	0.53682	0.00544	0.00539
7	0.01732	0.01062	0.01266	0.01066	0.01395	0.01127	0.00853	0.14995	0.24315	0.24667	0.05370	0.02030	0.01599	0.01354	0.14193	0.00307	0.00664	0.00604	0.00562	0.00837
8	0.00876	0.00665	0.00920	0.00907	0.00993	0.00762	0.00683	0.04336	0.01001	0.01409	0.01757	0.15936	0.01822	0.12411	0.46531	0.00663	0.06680	0.00792	0.00353	0.00504
9	0.80181	0.01082	0.00851	0.00753	0.01105	0.01241	0.00620	0.01708	0.00990	0.06192	0.00854	0.00963	0.00648	0.00531	0.00359	0.00174	0.00437	0.00318	0.00365	0.00627
10	0.00686	0.00490	0.00653	0.00784	0.00816	0.00457	0.00522	0.00784	0.01077	0.01437	0.03102	0.79855	0.03722	0.01763	0.00718	0.00229	0.00326	0.01600	0.00522	0.00457
11	0.01229	0.01025	0.01283	0.00919	0.01420	0.00788	0.04456	0.01489	0.01193	0.04801	0.01055	0.01214	0.00857	0.00431	0.00435	0.00092	0.00446	0.00359	0.00345	0.76162
12	0.00703	0.00497	0.00648	0.00762	0.00791	0.00468	0.00499	0.00788	0.01045	0.01393	0.02933	0.70175	0.03509	0.11734	0.00991	0.00269	0.00354	0.01501	0.00499	0.00442
13	0.17219	0.04628	0.01746	0.08096	0.29651	0.12076	0.01248	0.09388	0.01371	0.02011	0.01078	0.01311	0.02151	0.00577	0.00554	0.00168	0.03755	0.00449	0.01762	0.00759
14	0.44432	0.09305	0.01207	0.05897	0.01364	0.01200	0.00751	0.01839	0.01191	0.19238	0.07642	0.01462	0.01213	0.00614	0.00440	0.00170	0.00468	0.00438	0.00433	0.00695

[dist]
# distance from previous block
# <min> <max>
0	2

[block]
# block no. 9 follows, 42 sequences, length 26
# corresponding to MSA columns:
# 363-388
name=unknown_J
#
# <colnr> <probs for GDERKNQSTAVLIFYWHMCP>
#	G	D	E	R	K	N	Q	S	T	A	V	L	I	F	Y	W	H	M	C	P
0	0.01634	0.63680	0.02655	0.01068	0.01508	0.18643	0.00990	0.01807	0.01241	0.01336	0.00801	0.00927	0.00723	0.00503	0.00393	0.00126	0.00691	0.00314	0.00251	0.00707
1	0.03092	0.19164	0.38913	0.01452	0.04655	0.01544	0.01565	0.01749	0.01150	0.06755	0.00994	0.01185	0.00770	0.00609	0.00719	0.00177	0.14040	0.00415	0.00275	0.00777
2	0.01366	0.01310	0.02236	0.09502	0.70871	0.01330	0.01714	0.01704	0.01269	0.01806	0.01054	0.01401	0.00880	0.00506	0.00558	0.00169	0.00675	0.00501	0.00276	0.00870
3	0.08634	0.00942	0.00739	0.00707	0.00875	0.13731	0.00527	0.01468	0.01207	0.01947	0.01574	0.01913	0.01286	0.05879	0.00572	0.00165	0.00424	0.00497	0.56371	0.00542
4	0.01083	0.00642	0.00831	0.00851	0.00983	0.00609	0.00610	0.03662	0.04752	0.14419	0.05670	0.57489	0.03203	0.01476	0.00678	0.00214	0.00365	0.01321	0.00559	0.00582
5	0.01994	0.01439	0.01563	0.01232	0.01640	0.01580	0.01004	0.60638	0.07819	0.06764	0.01592	0.07319	0.01241	0.00765	0.00575	0.00175	0.00578	0.00601	0.00567	0.00915
6	0.01044	0.00776	0.00949	0.02302	0.01162	0.00794	0.00766	0.13581	0.03932	0.01947	0.05726	0.23843	0.11840	0.02623	0.00730	0.00226	0.00451	0.26202	0.00526	0.00584
7	0.00734	0.00492	0.00664	0.00768	0.00800	0.00463	0.00513	0.00776	0.01026	0.01362	0.02831	0.64039	0.05756	0.01784	0.00968	0.14378	0.00353	0.01397	0.00475	0.00422
8	0.01881	0.15647	0.01849	0.01393	0.02927	0.51253	0.01089	0.04687	0.02726	0.01469	0.00885	0.01057	0.00754	0.00614	0.00636	0.00154	0.09629	0.00379	0.00291	0.00679
9	0.16215	0.01094	0.01280	0.01006	0.01414	0.01084	0.00828	0.17964	0.01721	0.44962	0.05440	0.01737	0.01359	0.00685	0.00533	0.00173	0.00491	0.00531	0.00605	0.00877
10	0.00790	0.00575	0.00743	0.00701	0.00837	0.00528	0.00526	0.01049	0.01578	0.02221	0.72936	0.04263	0.08812	0.01164	0.00664	0.00178	0.00266	0.01026	0.00615	0.00528
11	0.01143	0.05891	0.74453	0.01579	0.02398	0.01342	0.02036	0.01778	0.01186	0.01765	0.01001	0.01177	0.00713	0.00533	0.00528	0.00176	0.00823	0.00411	0.00238	0.00827
12	0.01129	0.02911	0.77306	0.01604	0.02436	0.01307	0.02079	0.01782	0.01188	0.01782	0.01010	0.01188	0.00713	0.00535	0.00535	0.00178	0.00832	0.00416	0.00238	0.00832
13	0.01336	0.01194	0.01328	0.14327	0.01854	0.04252	0.01000	0.02586	0.55794	0.02141	0.04581	0.02136	0.01677	0.00756	0.00577	0.00190	0.00515	0.02433	0.00507	0.00815
14	0.00734	0.00588	0.00665	0.00693	0.00855	0.00525	0.00536	0.00930	0.02659	0.01624	0.11552	0.12568	0.49009	0.01442	0.00687	0.00204	0.00330	0.13373	0.00532	0.00494
15	0.01797	0.01187	0.01389	0.14257	0.01836	0.02785	0.00977	0.34376	0.01903	0.14748	0.01521	0.01612	0.01086	0.00654	0.00528	0.00165	0.00554	0.00516	0.17301	0.00807
16	0.01063	0.01000	0.01688	0.78870	0.03876	0.01250	0.01563	0.01438	0.01125	0.01438	0.01000	0.01500	0.00750	0.00563	0.00563	0.00188	0.00750	0.00500	0.00250	0.00625
17	0.01283	0.01430	0.03044	0.15352	0.03100	0.01394	0.62264	0.01741	0.01294	0.01741	0.01115	0.01515	0.00836	0.00489	0.00647	0.00189	0.00915	0.00636	0.00279	0.00736
18	0.00686	0.00490	0.00653	0.00784	0.00816	0.00457	0.00522	0.00784	0.01077	0.01437	0.03102	0.79855	0.03722	0.01763	0.00718	0.00229	0.00326	0.01600	0.00522	0.00457
19	0.01329	0.01014	0.01642	0.59675	0.05444	0.01204	0.01426	0.01663	0.01199	0.14284	0.01196	0.01554	0.00863	0.00604	0.00626	0.00188	0.04561	0.00511	0.00326	0.00689
20	0.02305	0.01079	0.01664	0.01246	0.01705	0.00968	0.13367	0.05669	0.01607	0.61177	0.01999	0.01824	0.01283	0.00658	0.00582	0.00177	0.00565	0.00580	0.00621	0.00924
21	0.01037	0.00518	0.00560	0.00560	0.00669	0.00518	0.00410	0.01213	0.01104	0.01908	0.01690	0.02032	0.01364	0.00876	0.00700	0.14299	0.00301	0.00518	0.69246	0.00477
22	0.01378	0.01322	0.02258	0.06788	0.73492	0.01333	0.01720	0.01714	0.01275	0.01821	0.01056	0.01398	0.00885	0.00504	0.00557	0.00168	0.00672	0.00501	0.00277	0.00880
23	0.02146	0.01109	0.01421	0.14265	0.01889	0.03825	0.00989	0.13442	0.01685	0.47844	0.04268	0.01801	0.01322	0.00681	0.00566	0.00175	0.00559	0.00553	0.00583	0.00876
24	0.01385	0.01282	0.01976	0.01483	0.01941	0.01248	0.25541	0.11791	0.15604	0.02133	0.01395	0.03757	0.01107	0.00589	0.00590	0.00159	0.02389	0.00565	0.00397	0.24670
25	0.01685	0.01115	0.01335	0.05274	0.01546	0.01195	0.00910	0.33092	0.04518	0.14700	0.01754	0.11742	0.01475	0.01413	0.13719	0.00302	0.00706	0.00675	0.00514	0.02328

[dist]
# distance from previous block
# <min> <max>
6	49

[block]
# block no. 10 follows, 42 sequences, length 22
# corresponding to MSA columns:
# 438-459
name=unknown_K
#
# <colnr> <probs for GDERKNQSTAVLIFYWHMCP>
#	G	D	E	R	K	N	Q	S	T	A	V	L	I	F	Y	W	H	M	C	P
0	0.06402	0.50230	0.10826	0.00965	0.01384	0.03146	0.00953	0.01540	0.01084	0.01407	0.00998	0.01465	0.00965	0.15617	0.00858	0.00211	0.00615	0.00414	0.00267	0.00654
1	0.00984	0.00961	0.00857	0.00858	0.00999	0.15198	0.01783	0.01112	0.01244	0.01464	0.06497	0.27590	0.25002	0.09589	0.00885	0.00232	0.00481	0.03306	0.00460	0.00497
2	0.03994	0.02460	0.55853	0.01473	0.02175	0.01345	0.01758	0.15595	0.01472	0.02152	0.03323	0.01460	0.00969	0.00611	0.00545	0.00179	0.00752	0.02730	0.00323	0.00830
3	0.01536	0.01230	0.01405	0.01047	0.01522	0.01157	0.02305	0.28257	0.05214	0.02482	0.01192	0.01285	0.00921	0.00529	0.00482	0.00122	0.00503	0.00417	0.00427	0.47968
4	0.00686	0.00490	0.00653	0.00784	0.00816	0.00457	0.00522	0.00784	0.01077	0.01437	0.03102	0.79855	0.03722	0.01763	0.00718	0.00229	0.00326	0.01600	0.00522	0.00457
5	0.01229	0.01344	0.02862	0.02094	0.02574	0.01287	0.60638	0.01651	0.01248	0.01709	0.01208	0.01649	0.00959	0.01185	0.15332	0.00325	0.01055	0.00653	0.00288	0.00710
6	0.03263	0.13688	0.01552	0.02176	0.01461	0.19761	0.00918	0.09431	0.16653	0.02810	0.01556	0.01704	0.04577	0.01348	0.15226	0.00302	0.01964	0.00513	0.00387	0.00709
7	0.01807	0.04087	0.01469	0.01342	0.03078	0.55000	0.00989	0.06556	0.01546	0.01534	0.01325	0.15996	0.01311	0.00806	0.00548	0.00162	0.00842	0.00608	0.00350	0.00641
8	0.01003	0.00809	0.00963	0.00810	0.01120	0.00667	0.00609	0.01255	0.04270	0.01733	0.04125	0.25554	0.01955	0.03360	0.00599	0.00151	0.00385	0.00778	0.03099	0.46756
9	0.01359	0.46363	0.07887	0.01064	0.01443	0.05934	0.02232	0.01560	0.01155	0.03392	0.01285	0.15966	0.01312	0.00774	0.00562	0.00158	0.05982	0.00586	0.00310	0.00676
10	0.00768	0.00504	0.00634	0.00729	0.00783	0.00480	0.00496	0.00899	0.01099	0.01566	0.04328	0.58005	0.03225	0.05656	0.00769	0.00226	0.00328	0.02810	0.16225	0.00467
11	0.01066	0.02468	0.62785	0.01434	0.02133	0.01160	0.01786	0.01646	0.01265	0.01872	0.15313	0.01760	0.01585	0.00651	0.00559	0.00178	0.00724	0.00530	0.00310	0.00775
12	0.01182	0.05905	0.60153	0.01723	0.02490	0.01368	0.15801	0.01782	0.01213	0.01767	0.01025	0.01239	0.00740	0.00521	0.00552	0.00178	0.00844	0.00458	0.00247	0.00813
13	0.51944	0.06920	0.01554	0.01134	0.01533	0.01397	0.14740	0.06726	0.01173	0.04505	0.00930	0.01097	0.00715	0.00540	0.00477	0.00175	0.03011	0.00400	0.00350	0.00680
14	0.00801	0.00573	0.00775	0.00784	0.00841	0.00625	0.00551	0.00917	0.00885	0.01234	0.01728	0.08587	0.01824	0.33082	0.43494	0.00717	0.01051	0.00760	0.00333	0.00437
15	0.01003	0.00539	0.00597	0.00597	0.00722	0.00558	0.00452	0.01253	0.01128	0.01948	0.01774	0.02119	0.01436	0.01332	0.15113	0.00278	0.00498	0.00539	0.67594	0.00520
16	0.01275	0.01233	0.02027	0.22264	0.36826	0.01395	0.04983	0.01644	0.04591	0.01666	0.01043	0.01428	0.00863	0.00620	0.00809	0.00190	0.15587	0.00513	0.00279	0.00765
17	0.02138	0.00980	0.01260	0.00991	0.01371	0.00912	0.00808	0.13486	0.01766	0.51618	0.16160	0.02263	0.02069	0.00779	0.00584	0.00174	0.00460	0.00643	0.00661	0.00877
18	0.00702	0.00504	0.00662	0.00765	0.00814	0.00469	0.00517	0.00820	0.01142	0.01534	0.12328	0.66812	0.05805	0.03327	0.00755	0.00228	0.00322	0.01500	0.00531	0.00464
19	0.00691	0.00494	0.00658	0.00780	0.00817	0.00461	0.00523	0.00796	0.01101	0.01474	0.06478	0.76371	0.03795	0.01735	0.00716	0.00226	0.00324	0.01573	0.00527	0.00461
20	0.04993	0.00583	0.00574	0.00558	0.00709	0.00597	0.00424	0.03583	0.01215	0.02163	0.01771	0.02019	0.01388	0.00650	0.00396	0.00134	0.00281	0.00514	0.76903	0.00542
21	0.01021	0.00937	0.01564	0.61526	0.03269	0.01120	0.03773	0.01379	0.01221	0.01605	0.15310	0.02014	0.01619	0.00671	0.00585	0.00186	0.00665	0.00604	0.00321	0.00612

[dist]
# distance from previous block
# <min> <max>
0	6

[block]
# block no. 11 follows, 42 sequences, length 48
# corresponding to MSA columns:
# 466-513
name=unknown_L
#
# <colnr> <probs for GDERKNQSTAVLIFYWHMCP>
#	G	D	E	R	K	N	Q	S	T	A	V	L	I	F	Y	W	H	M	C	P
0	0.00682	0.00505	0.00638	0.00744	0.00806	0.00460	0.00505	0.00788	0.01116	0.01452	0.03586	0.65979	0.17285	0.01700	0.00708	0.00221	0.00319	0.01523	0.00522	0.00460
1	0.01043	0.00973	0.01633	0.74756	0.03715	0.01209	0.01508	0.01403	0.01123	0.01438	0.01111	0.05628	0.00907	0.00626	0.00571	0.00190	0.00728	0.00558	0.00264	0.00616
2	0.00831	0.00544	0.00609	0.00609	0.00616	0.00544	0.00344	0.00844	0.00837	0.01144	0.01776	0.03599	0.02014	0.76031	0.02734	0.00524	0.00531	0.00803	0.04714	0.00351
3	0.01049	0.00978	0.01639	0.74752	0.03716	0.01212	0.01509	0.01418	0.01150	0.01481	0.04973	0.01643	0.00990	0.00594	0.00568	0.00187	0.00725	0.00527	0.00270	0.00620
4	0.01389	0.01347	0.02339	0.03397	0.72825	0.01342	0.05570	0.01731	0.01284	0.01837	0.01063	0.01399	0.00889	0.00500	0.00563	0.00168	0.00683	0.00510	0.00279	0.00884
5	0.01186	0.01165	0.01638	0.01417	0.01428	0.01617	0.01176	0.01318	0.00866	0.01349	0.00819	0.01334	0.00809	0.01324	0.09823	0.00315	0.71055	0.00504	0.00252	0.00604
6	0.00811	0.00548	0.00642	0.00648	0.00659	0.00556	0.00383	0.00834	0.00838	0.01127	0.01810	0.07073	0.02065	0.69572	0.09703	0.00564	0.00624	0.00835	0.00346	0.00361
7	0.00824	0.00629	0.00899	0.00895	0.00968	0.00730	0.00675	0.00982	0.00908	0.01295	0.01654	0.10471	0.01686	0.13745	0.54526	0.00739	0.06836	0.00728	0.00326	0.00485
8	0.01231	0.01231	0.01724	0.01477	0.01477	0.01724	0.01231	0.01354	0.00862	0.01354	0.00739	0.01231	0.00739	0.00985	0.01847	0.00246	0.79192	0.00492	0.00246	0.00616
9	0.01030	0.00644	0.00820	0.00760	0.00936	0.00594	0.00575	0.01315	0.04601	0.12176	0.48914	0.11628	0.11482	0.01163	0.00652	0.00184	0.00310	0.01017	0.00608	0.00590
