[name]
unknown

[dist]
# distance from previous block
# <min> <max>
45	144

[block]
# block no. 0 follows, 46 sequences, length 61
# corresponding to MSA columns:
# 171-231
name=unknown_A
#
# <colnr> <probs for GDERKNQSTAVLIFYWHMCP>
#	G	D	E	R	K	N	Q	S	T	A	V	L	I	F	Y	W	H	M	C	P
0	0.00662	0.00474	0.00609	0.00703	0.00743	0.00443	0.00466	0.00752	0.01016	0.01350	0.06094	0.64496	0.07754	0.10699	0.00899	0.00244	0.00325	0.01373	0.00475	0.00421
1	0.01870	0.01243	0.01371	0.06038	0.01588	0.05868	0.00912	0.33490	0.10456	0.23027	0.05213	0.01667	0.01288	0.02793	0.00589	0.00172	0.00540	0.00527	0.00527	0.00821
2	0.01090	0.01015	0.01665	0.61859	0.16118	0.01206	0.01457	0.03388	0.04225	0.01501	0.01007	0.01412	0.00769	0.00529	0.00528	0.00173	0.00677	0.00475	0.00259	0.00648
3	0.01308	0.01256	0.02146	0.03245	0.78123	0.01256	0.01622	0.01622	0.01204	0.01727	0.00994	0.01308	0.00837	0.00471	0.00523	0.00157	0.00628	0.00471	0.00262	0.00837
4	0.19297	0.00629	0.00578	0.00552	0.00726	0.00668	0.00427	0.02897	0.01092	0.02087	0.01500	0.01714	0.01175	0.00589	0.00364	0.00133	0.00289	0.00448	0.64316	0.00519
5	0.01068	0.02681	0.75598	0.01536	0.02307	0.01232	0.04984	0.01675	0.01122	0.01675	0.00954	0.01129	0.00675	0.00500	0.00507	0.00168	0.00786	0.00400	0.00225	0.00779
6	0.02252	0.00975	0.01262	0.00981	0.01381	0.00902	0.00809	0.11446	0.05081	0.64559	0.02003	0.01819	0.01305	0.00669	0.00535	0.00165	0.00465	0.01870	0.00631	0.00889
7	0.00644	0.00460	0.00613	0.00736	0.00767	0.00429	0.00491	0.00736	0.01012	0.01350	0.02914	0.81076	0.03497	0.01656	0.00675	0.00215	0.00307	0.01503	0.00491	0.00429
8	0.02372	0.00900	0.01227	0.00941	0.01350	0.00777	0.00777	0.02576	0.01513	0.78489	0.02086	0.01799	0.01309	0.00654	0.00532	0.00164	0.00450	0.00532	0.00654	0.00900
9	0.00748	0.00540	0.00707	0.00665	0.00790	0.00499	0.00499	0.00998	0.01496	0.02120	0.77844	0.03949	0.04988	0.01081	0.00624	0.00166	0.00249	0.00956	0.00582	0.00499
10	0.01864	0.01430	0.01493	0.01182	0.01563	0.04831	0.00962	0.62677	0.07285	0.03018	0.01374	0.04233	0.01048	0.00802	0.03566	0.00188	0.00609	0.00519	0.00508	0.00849
11	0.75364	0.01030	0.00844	0.00735	0.01072	0.01171	0.00605	0.04516	0.01010	0.08469	0.00864	0.00949	0.00644	0.00509	0.00351	0.00163	0.00419	0.00313	0.00361	0.00611
12	0.00653	0.00466	0.00618	0.00728	0.00764	0.00435	0.00487	0.00753	0.01036	0.01388	0.07373	0.74717	0.03551	0.03410	0.00717	0.00218	0.00308	0.01454	0.00492	0.00431
13	0.01449	0.00774	0.00984	0.00833	0.01092	0.00736	0.00657	0.04677	0.10126	0.29845	0.38862	0.02843	0.03115	0.00868	0.00577	0.00166	0.00354	0.00743	0.00601	0.00698
14	0.07806	0.13878	0.61641	0.01356	0.02054	0.01348	0.01694	0.01652	0.01093	0.01668	0.00901	0.01057	0.00663	0.00494	0.00465	0.00159	0.00721	0.00367	0.00232	0.00750
15	0.00761	0.00565	0.00841	0.00841	0.00936	0.00657	0.00654	0.00951	0.00856	0.01245	0.01423	0.02074	0.01322	0.03887	0.77489	0.00833	0.01389	0.00565	0.02239	0.00472
16	0.75561	0.05351	0.03506	0.00748	0.01100	0.01248	0.00648	0.03691	0.00961	0.02316	0.00758	0.00879	0.00591	0.00493	0.00339	0.00161	0.00435	0.00295	0.00324	0.00594
17	0.03653	0.75244	0.05366	0.00929	0.01386	0.03549	0.00935	0.01596	0.01079	0.01290	0.00744	0.00860	0.00675	0.00457	0.00347	0.00117	0.00576	0.00288	0.00230	0.00678
18	0.01122	0.15306	0.64547	0.01430	0.02152	0.01369	0.03773	0.01660	0.01113	0.01606	0.00918	0.01082	0.00675	0.00493	0.00479	0.00159	0.00750	0.00380	0.00225	0.00763
19	0.00626	0.00532	0.00539	0.00544	0.00716	0.00446	0.00405	0.00758	0.01197	0.01425	0.05256	0.08189	0.74872	0.01352	0.00627	0.00180	0.00269	0.01132	0.00491	0.00446
20	0.01413	0.81739	0.02770	0.00905	0.01357	0.02092	0.00905	0.01583	0.01074	0.01244	0.00735	0.00848	0.00678	0.00452	0.00339	0.00113	0.00565	0.00283	0.00226	0.00678
21	0.00735	0.00540	0.00689	0.00651	0.00782	0.00493	0.00489	0.00972	0.01466	0.02047	0.70179	0.04069	0.12699	0.01108	0.00624	0.00168	0.00251	0.00973	0.00572	0.00493
22	0.00656	0.00537	0.00578	0.00568	0.00733	0.00459	0.00426	0.00818	0.01278	0.01600	0.23397	0.04804	0.59760	0.01275	0.00624	0.00175	0.00263	0.01076	0.00514	0.00459
23	0.02372	0.00900	0.01227	0.00941	0.01350	0.00777	0.00777	0.02576	0.01513	0.78489	0.02086	0.01799	0.01309	0.00654	0.00532	0.00164	0.00450	0.00532	0.00654	0.00900
24	0.01096	0.00940	0.01096	0.00783	0.01253	0.00705	0.00626	0.01331	0.01096	0.01723	0.00940	0.01096	0.00783	0.00392	0.00392	0.00078	0.00392	0.00313	0.00313	0.84653
25	0.01693	0.00898	0.01100	0.00920	0.01237	0.00886	0.00733	0.02308	0.25319	0.38405	0.14940	0.02354	0.05271	0.00775	0.00553	0.00170	0.00399	0.00648	0.00599	0.00793
26	0.01413	0.81739	0.02770	0.00905	0.01357	0.02092	0.00905	0.01583	0.01074	0.01244	0.00735	0.00848	0.00678	0.00452	0.00339	0.00113	0.00565	0.00283	0.00226	0.00678
27	0.00628	0.00536	0.00540	0.00539	0.00716	0.00448	0.00404	0.00765	0.01212	0.01445	0.07146	0.05060	0.76108	0.01332	0.00625	0.00178	0.00267	0.01112	0.00493	0.00448
28	0.00652	0.00466	0.00622	0.00741	0.00777	0.00436	0.00501	0.00752	0.01028	0.01373	0.04506	0.77294	0.03515	0.01638	0.00675	0.00214	0.00311	0.03573	0.00493	0.00433
29	0.01308	0.01256	0.02146	0.03245	0.78123	0.01256	0.01622	0.01622	0.01204	0.01727	0.00994	0.01308	0.00837	0.00471	0.00523	0.00157	0.00628	0.00471	0.00262	0.00837
30	0.01248	0.01426	0.03119	0.02228	0.02763	0.01337	0.76203	0.01693	0.01248	0.01693	0.01070	0.01426	0.00802	0.00446	0.00624	0.00178	0.00891	0.00624	0.00267	0.00713
31	0.00625	0.00536	0.00536	0.00536	0.00714	0.00446	0.00402	0.00759	0.01205	0.01428	0.05355	0.05088	0.77909	0.01339	0.00625	0.00179	0.00268	0.01116	0.00491	0.00446
32	0.00769	0.00513	0.00577	0.00577	0.00577	0.00513	0.00320	0.00769	0.00769	0.01025	0.01666	0.03460	0.01922	0.81421	0.02691	0.00513	0.00513	0.00769	0.00320	0.00320
33	0.01308	0.01256	0.02146	0.03245	0.78123	0.01256	0.01622	0.01622	0.01204	0.01727	0.00994	0.01308	0.00837	0.00471	0.00523	0.00157	0.00628	0.00471	0.00262	0.00837
34	0.00740	0.00600	0.00674	0.00700	0.00869	0.00558	0.00558	0.01010	0.07250	0.01529	0.04356	0.07236	0.49955	0.01330	0.00647	0.00197	0.00339	0.20471	0.00494	0.00488
35	0.01096	0.00940	0.01096	0.00783	0.01253	0.00705	0.00626	0.01331	0.01096	0.01723	0.00940	0.01096	0.00783	0.00392	0.00392	0.00078	0.00392	0.00313	0.00313	0.84653
36	0.00755	0.00566	0.00850	0.00850	0.00944	0.00661	0.00661	0.00944	0.00850	0.01227	0.01416	0.02077	0.01322	0.03965	0.79326	0.00850	0.01416	0.00566	0.00283	0.00472
37	0.01966	0.01415	0.01523	0.01176	0.01585	0.01559	0.00969	0.69119	0.04342	0.05835	0.01337	0.01332	0.00949	0.00637	0.00523	0.00158	0.00560	0.00482	0.03650	0.00882
38	0.01298	0.01246	0.02127	0.05812	0.75637	0.01253	0.01617	0.01613	0.01199	0.01715	0.00993	0.01312	0.00833	0.00473	0.00524	0.00158	0.00631	0.00471	0.00261	0.00829
39	0.02358	0.00921	0.01240	0.00951	0.01360	0.00809	0.00785	0.05320	0.01549	0.75695	0.02055	0.01780	0.01293	0.00654	0.00532	0.00163	0.00455	0.00530	0.00650	0.00900
40	0.01076	0.01091	0.02064	0.55840	0.03367	0.01225	0.24784	0.01458	0.01117	0.01458	0.00980	0.01415	0.00735	0.00503	0.00558	0.00177	0.00763	0.00518	0.00245	0.00626
41	0.00673	0.00489	0.00634	0.00700	0.00769	0.00451	0.00486	0.00814	0.01168	0.01579	0.24860	0.52698	0.09792	0.01464	0.00656	0.00198	0.00287	0.01314	0.00517	0.00451
42	0.02010	0.01481	0.01587	0.01216	0.01639	0.01639	0.01005	0.76360	0.02486	0.03332	0.01269	0.01269	0.00899	0.00635	0.00529	0.00159	0.00582	0.00476	0.00529	0.00899
43	0.00653	0.00537	0.00574	0.00565	0.00731	0.00458	0.00424	0.00813	0.01271	0.01585	0.21744	0.04830	0.61423	0.01281	0.00625	0.00176	0.00264	0.01080	0.00511	0.00458
44	0.02322	0.00975	0.02772	0.00970	0.01388	0.00844	0.00816	0.07560	0.01571	0.71887	0.02008	0.01750	0.01268	0.00650	0.00531	0.00163	0.00465	0.00525	0.00637	0.00897
45	0.00748	0.00540	0.00707	0.00665	0.00790	0.00499	0.00499	0.00998	0.01496	0.02120	0.77844	0.03949	0.04988	0.01081	0.00624	0.00166	0.00249	0.00956	0.00582	0.00499
46	0.01258	0.01313	0.01773	0.10348	0.01845	0.10350	0.11105	0.03856	0.01030	0.01405	0.00829	0.01233	0.00736	0.00869	0.03936	0.00226	0.46551	0.00475	0.00253	0.00608
47	0.00998	0.00940	0.01586	0.80150	0.03641	0.01175	0.01468	0.01351	0.01057	0.01351	0.00940	0.01409	0.00705	0.00529	0.00529	0.00176	0.00705	0.00470	0.00235	0.00587
48	0.00659	0.00537	0.00583	0.00571	0.00735	0.00461	0.00428	0.00824	0.01285	0.01618	0.25284	0.04775	0.57862	0.01268	0.00624	0.00175	0.00263	0.01072	0.00516	0.00461
49	0.85155	0.01022	0.00777	0.00695	0.01022	0.01186	0.00573	0.01554	0.00900	0.02372	0.00736	0.00859	0.00573	0.00491	0.00327	0.00164	0.00409	0.00286	0.00327	0.00573
50	0.01296	0.18878	0.02632	0.05215	0.10061	0.04522	0.36877	0.01612	0.01153	0.01518	0.00928	0.01236	0.00757	0.00516	0.00678	0.00167	0.10512	0.00497	0.00252	0.00693
51	0.01374	0.01139	0.01210	0.01076	0.01383	0.01307	0.00840	0.05257	0.72074	0.04871	0.02120	0.01943	0.01579	0.00712	0.00537	0.00178	0.00425	0.00591	0.00542	0.00841
52	0.00644	0.00460	0.00613	0.00736	0.00767	0.00429	0.00491	0.00736	0.01012	0.01350	0.02914	0.81076	0.03497	0.01656	0.00675	0.00215	0.00307	0.01503	0.00491	0.00429
53	0.00694	0.00538	0.00631	0.00608	0.00756	0.00476	0.00456	0.00892	0.01368	0.01814	0.45822	0.04452	0.37202	0.01195	0.00624	0.00172	0.00258	0.01027	0.00542	0.00476
54	0.00644	0.00460	0.00613	0.00736	0.00767	0.00429	0.00491	0.00736	0.01012	0.01350	0.02914	0.81076	0.03497	0.01656	0.00675	0.00215	0.00307	0.01503	0.00491	0.00429
55	0.01976	0.02484	0.01501	0.01357	0.01634	0.76629	0.01021	0.04663	0.01532	0.01364	0.00833	0.00964	0.00688	0.00548	0.00478	0.00137	0.00941	0.00345	0.00281	0.00623
56	0.01540	0.01128	0.01249	0.01051	0.01393	0.01223	0.00838	0.16406	0.43290	0.12245	0.01864	0.01815	0.01385	0.00774	0.02833	0.00186	0.00481	0.01816	0.00524	0.07960
57	0.85155	0.01022	0.00777	0.00695	0.01022	0.01186	0.00573	0.01554	0.00900	0.02372	0.00736	0.00859	0.00573	0.00491	0.00327	0.00164	0.00409	0.00286	0.00327	0.00573
58	0.01134	0.00938	0.01100	0.00788	0.01256	0.00707	0.00631	0.01368	0.01108	0.03970	0.00973	0.01117	0.00798	0.00399	0.00396	0.00081	0.00393	0.00320	0.00323	0.82200
59	0.03549	0.77515	0.02660	0.00889	0.01331	0.02025	0.00883	0.01560	0.01073	0.01278	0.00857	0.00960	0.02716	0.00477	0.00346	0.00116	0.00553	0.00305	0.00236	0.00670
60	0.00838	0.03973	0.04092	0.00702	0.00891	0.00613	0.00572	0.01097	0.03041	0.04843	0.50371	0.03804	0.19499	0.02579	0.00641	0.00173	0.00305	0.00910	0.00530	0.00527

[dist]
# distance from previous block
# <min> <max>
0	4

[block]
# block no. 1 follows, 46 sequences, length 10
# corresponding to MSA columns:
# 236-245
name=unknown_B
#
# <colnr> <probs for GDERKNQSTAVLIFYWHMCP>
#	G	D	E	R	K	N	Q	S	T	A	V	L	I	F	Y	W	H	M	C	P
0	0.01158	0.09845	0.53980	0.13065	0.02348	0.07573	0.01709	0.01653	0.01134	0.01556	0.00917	0.01121	0.00677	0.00505	0.00489	0.00161	0.00764	0.00388	0.00229	0.00729
1	0.01057	0.04892	0.59631	0.01325	0.02006	0.01131	0.01628	0.01576	0.01137	0.01697	0.05985	0.01290	0.00970	0.00522	0.00489	0.00152	0.00682	0.00413	0.00260	0.13158
2	0.70884	0.01168	0.07873	0.00788	0.01163	0.01157	0.00714	0.01647	0.00969	0.08424	0.00864	0.00958	0.00640	0.00505	0.00359	0.00164	0.00446	0.00315	0.00344	0.00618
3	0.01284	0.09076	0.60878	0.01373	0.02071	0.01233	0.01692	0.01800	0.01171	0.12994	0.01099	0.01195	0.00765	0.00521	0.00493	0.00162	0.00714	0.00402	0.00287	0.00790
4	0.01321	0.01296	0.02082	0.07767	0.70106	0.04876	0.01585	0.01629	0.01209	0.01684	0.00983	0.01298	0.00822	0.00478	0.00522	0.00157	0.00648	0.00465	0.00261	0.00812
5	0.00679	0.00517	0.00619	0.00683	0.00776	0.00476	0.00484	0.00830	0.03015	0.01417	0.06000	0.42327	0.27565	0.06279	0.00778	0.00220	0.00319	0.06085	0.00484	0.00445
6	0.00957	0.00581	0.00718	0.00673	0.00817	0.00533	0.00488	0.01107	0.01213	0.12924	0.25116	0.09885	0.19503	0.18088	0.04805	0.00278	0.00398	0.00914	0.00496	0.00502
7	0.01016	0.00958	0.01617	0.75801	0.07854	0.01179	0.01477	0.01366	0.01065	0.01372	0.00943	0.01404	0.00712	0.00525	0.00528	0.00175	0.00700	0.00470	0.00236	0.00601
8	0.08079	0.01018	0.01745	0.61981	0.03292	0.01199	0.12441	0.01418	0.01072	0.01487	0.00942	0.01366	0.00708	0.00513	0.00526	0.00175	0.00708	0.00477	0.00247	0.00605
9	0.01289	0.01376	0.02125	0.07818	0.19710	0.09439	0.21203	0.01557	0.01106	0.01497	0.00894	0.01261	0.00755	0.00624	0.00941	0.00186	0.26791	0.00495	0.00252	0.00678

[dist]
# distance from previous block
# <min> <max>
5	11

[block]
# block no. 2 follows, 46 sequences, length 29
# corresponding to MSA columns:
# 257-285
name=unknown_C
#
# <colnr> <probs for GDERKNQSTAVLIFYWHMCP>
#	G	D	E	R	K	N	Q	S	T	A	V	L	I	F	Y	W	H	M	C	P
0	0.01328	0.02713	0.09815	0.12433	0.05822	0.01270	0.26468	0.16520	0.01427	0.01971	0.01049	0.01293	0.00791	0.00493	0.00532	0.00155	0.00694	0.00487	0.00317	0.14422
1	0.01906	0.01546	0.01498	0.01203	0.01585	0.12208	0.00971	0.51511	0.14410	0.05673	0.01381	0.01360	0.01000	0.00636	0.00523	0.00159	0.00601	0.00479	0.00500	0.00850
2	0.00673	0.00500	0.00632	0.00729	0.00792	0.00471	0.00502	0.00828	0.03946	0.01400	0.03209	0.65705	0.13393	0.01572	0.00664	0.00209	0.00311	0.03521	0.00492	0.00449
3	0.00761	0.00509	0.00579	0.00586	0.00588	0.00507	0.00331	0.00767	0.00784	0.01045	0.01742	0.08215	0.02018	0.76534	0.02567	0.00494	0.00500	0.00814	0.00331	0.00327
4	0.01101	0.00816	0.01005	0.04005	0.04230	0.00854	0.00726	0.23417	0.01453	0.01945	0.02210	0.48612	0.02430	0.01266	0.00661	0.02703	0.00422	0.01084	0.00475	0.00586
5	0.01775	0.02142	0.01692	0.01925	0.24516	0.55952	0.01201	0.01965	0.01410	0.01423	0.00870	0.01060	0.00728	0.00523	0.00491	0.00142	0.00856	0.00380	0.00269	0.00680
6	0.00769	0.00513	0.00577	0.00577	0.00577	0.00513	0.00320	0.00769	0.00769	0.01025	0.01666	0.03460	0.01922	0.81421	0.02691	0.00513	0.00513	0.00769	0.00320	0.00320
7	0.01886	0.00792	0.01071	0.00858	0.01182	0.00694	0.00694	0.02104	0.01508	0.55643	0.24749	0.02442	0.02409	0.00782	0.00559	0.00164	0.00390	0.00659	0.00633	0.00780
8	0.00970	0.00853	0.01530	0.01349	0.01594	0.00826	0.23393	0.01274	0.01226	0.01615	0.02282	0.04606	0.02372	0.01157	0.00698	0.00224	0.00608	0.52445	0.00421	0.00554
9	0.01157	0.01157	0.01619	0.01388	0.01388	0.01619	0.01157	0.01272	0.00810	0.01272	0.00694	0.01157	0.00694	0.00925	0.01735	0.00231	0.80453	0.00463	0.00231	0.00578
10	0.02010	0.01481	0.01587	0.01216	0.01639	0.01639	0.01005	0.76360	0.02486	0.03332	0.01269	0.01269	0.00899	0.00635	0.00529	0.00159	0.00582	0.00476	0.00529	0.00899
11	0.00765	0.00551	0.00730	0.00715	0.00839	0.00517	0.00556	0.01013	0.01451	0.02033	0.65689	0.04275	0.04673	0.01142	0.00641	0.00179	0.00288	0.12878	0.00567	0.00497
12	0.01178	0.01225	0.01576	0.56584	0.03007	0.13889	0.01353	0.01463	0.01095	0.01331	0.00886	0.01301	0.00699	0.00586	0.00686	0.00177	0.11685	0.00448	0.00240	0.00590
13	0.14938	0.11871	0.01185	0.00897	0.01165	0.00940	0.00780	0.01582	0.01229	0.19868	0.05465	0.03358	0.01998	0.00957	0.00559	0.00190	0.00465	0.31458	0.00469	0.00625
14	0.01257	0.13538	0.55767	0.01401	0.02054	0.13991	0.01658	0.01732	0.01172	0.01554	0.00898	0.01053	0.00673	0.00502	0.00476	0.00155	0.00780	0.00368	0.00232	0.00740
15	0.02313	0.00994	0.01285	0.00985	0.01396	0.00917	0.00814	0.14527	0.01671	0.66316	0.01953	0.01714	0.01242	0.00651	0.00531	0.00163	0.00471	0.00523	0.00634	0.00900
16	0.01126	0.00628	0.00643	0.00592	0.00756	0.00650	0.00457	0.11538	0.01298	0.02158	0.01662	0.01875	0.01292	0.00618	0.00391	0.00128	0.00292	0.00490	0.72856	0.00548
17	0.01314	0.57814	0.12913	0.00967	0.01468	0.01749	0.01003	0.01555	0.01084	0.01380	0.00797	0.00925	0.00694	0.00449	0.00370	0.00115	0.00567	0.00302	0.00240	0.14294
18	0.01100	0.00662	0.00701	0.00636	0.00811	0.00677	0.00492	0.13344	0.01390	0.02184	0.12280	0.02289	0.05728	0.00720	0.00443	0.00138	0.00302	0.00586	0.54961	0.00557
19	0.01090	0.01230	0.13663	0.00900	0.01421	0.00789	0.00841	0.01387	0.01099	0.01715	0.00941	0.01099	0.00765	0.00409	0.00409	0.00093	0.00455	0.00326	0.00299	0.71068
20	0.01334	0.12118	0.01413	0.00885	0.01337	0.01071	0.00738	0.13610	0.04167	0.04218	0.01044	0.01144	0.00834	0.00459	0.00416	0.00102	0.00449	0.00352	0.00355	0.53953
21	0.05483	0.01240	0.01299	0.01093	0.01430	0.03156	0.00876	0.29453	0.36525	0.05367	0.01760	0.01754	0.02355	0.00813	0.03466	0.00196	0.00527	0.01877	0.00512	0.00819
22	0.01172	0.01129	0.01471	0.02833	0.02783	0.04221	0.04373	0.01551	0.13275	0.01504	0.01070	0.01429	0.00942	0.03993	0.05297	0.00237	0.39785	0.00484	0.00302	0.12150
23	0.01321	0.02882	0.01857	0.06707	0.14850	0.08214	0.13618	0.04392	0.05072	0.04428	0.01049	0.01407	0.00883	0.03828	0.03557	0.00216	0.22826	0.00500	0.00295	0.02099
24	0.01482	0.01058	0.02690	0.00948	0.01325	0.00999	0.00774	0.16713	0.15767	0.14891	0.11981	0.01803	0.01624	0.00641	0.00504	0.00141	0.00432	0.00525	0.00490	0.25212
25	0.01388	0.01457	0.16141	0.01127	0.01540	0.02988	0.03212	0.24435	0.05075	0.02205	0.01201	0.01365	0.00925	0.01962	0.00611	0.00154	0.06735	0.00445	0.11893	0.15141
26	0.01570	0.01309	0.01720	0.01423	0.05636	0.02541	0.11373	0.33097	0.08665	0.04123	0.01259	0.03841	0.00996	0.00666	0.00723	0.00170	0.12958	0.00525	0.00416	0.06991
27	0.03986	0.11041	0.33157	0.01580	0.06006	0.02567	0.16070	0.11906	0.01331	0.02882	0.01036	0.01279	0.00793	0.00532	0.00532	0.00164	0.02073	0.02016	0.00292	0.00758
28	0.10965	0.22258	0.22938	0.04475	0.17723	0.04395	0.01310	0.02995	0.01121	0.01633	0.00878	0.01084	0.00713	0.00535	0.00502	0.03327	0.00633	0.00372	0.00254	0.01890

[dist]
# distance from previous block
# <min> <max>
13	59

[block]
# block no. 3 follows, 46 sequences, length 9
# corresponding to MSA columns:
# 356-364
name=unknown_D
#
# <colnr> <probs for GDERKNQSTAVLIFYWHMCP>
#	G	D	E	R	K	N	Q	S	T	A	V	L	I	F	Y	W	H	M	C	P
0	0.22162	0.15463	0.04843	0.05409	0.05196	0.13329	0.00970	0.20316	0.01471	0.04905	0.00962	0.01070	0.00739	0.00536	0.00437	0.00150	0.00606	0.00373	0.00351	0.00712
1	0.00823	0.00601	0.00782	0.06353	0.04193	0.00608	0.00562	0.02514	0.00962	0.01331	0.01949	0.24819	0.03420	0.32135	0.07462	0.00359	0.00517	0.00890	0.05738	0.03981
2	0.00846	0.00621	0.00745	0.00727	0.00838	0.00633	0.00528	0.07739	0.01111	0.01470	0.05827	0.09027	0.17378	0.26866	0.17720	0.00428	0.00630	0.06007	0.00401	0.00458
3	0.01009	0.00560	0.00816	0.04182	0.05043	0.00559	0.00587	0.00970	0.00884	0.06601	0.01383	0.12794	0.01351	0.01527	0.03461	0.47651	0.00459	0.00618	0.09161	0.00387
4	0.38103	0.05058	0.13761	0.07197	0.05403	0.04503	0.03091	0.05225	0.01148	0.10626	0.00988	0.01109	0.00725	0.00519	0.00428	0.00162	0.00559	0.00374	0.00338	0.00683
5	0.09866	0.01407	0.01614	0.01493	0.11865	0.09873	0.06293	0.28049	0.06985	0.11147	0.01242	0.01315	0.00915	0.00599	0.00575	0.00164	0.04911	0.00467	0.00426	0.00793
6	0.01205	0.01225	0.05716	0.21774	0.50231	0.01216	0.01541	0.01593	0.04491	0.01649	0.01090	0.01509	0.00905	0.00531	0.00531	0.00166	0.00640	0.02955	0.00273	0.00762
7	0.01288	0.01413	0.09129	0.05925	0.50336	0.03994	0.06762	0.03623	0.02642	0.01714	0.01059	0.01443	0.00888	0.00540	0.00594	0.00166	0.04595	0.02830	0.00276	0.00783
8	0.15081	0.01788	0.01525	0.04163	0.07812	0.35277	0.04705	0.14852	0.01507	0.05129	0.00964	0.01102	0.00748	0.00554	0.00508	0.00153	0.02707	0.00396	0.00338	0.00690

[dist]
# distance from previous block
# <min> <max>
9	21

[block]
# block no. 4 follows, 46 sequences, length 7
# corresponding to MSA columns:
# 390-396
name=unknown_E
#
# <colnr> <probs for GDERKNQSTAVLIFYWHMCP>
#	G	D	E	R	K	N	Q	S	T	A	V	L	I	F	Y	W	H	M	C	P
0	0.01135	0.01296	0.07885	0.09531	0.04903	0.03741	0.30109	0.01440	0.01082	0.01489	0.01098	0.04097	0.00980	0.10208	0.01010	0.00219	0.13602	0.00578	0.00271	0.05327
1	0.00716	0.00537	0.00650	0.00623	0.00753	0.00485	0.00458	0.00914	0.01360	0.01845	0.52032	0.04225	0.24837	0.07319	0.00783	0.00196	0.00275	0.00986	0.00537	0.00471
2	0.53582	0.01174	0.04200	0.07834	0.10040	0.01258	0.00882	0.12057	0.01179	0.02320	0.00866	0.01024	0.00663	0.00512	0.00402	0.00163	0.00498	0.00353	0.00336	0.00658
3	0.09883	0.06805	0.66443	0.01389	0.02105	0.01270	0.01752	0.01657	0.01091	0.01724	0.00915	0.01075	0.00660	0.00498	0.00475	0.00164	0.00731	0.00374	0.00234	0.00754
4	0.01306	0.01315	0.02063	0.08672	0.50728	0.06958	0.10352	0.01693	0.05918	0.01683	0.01191	0.01460	0.03210	0.00520	0.00536	0.00162	0.00665	0.00507	0.00285	0.00775
5	0.01446	0.01262	0.01469	0.01122	0.01538	0.08279	0.09750	0.20766	0.05606	0.04415	0.01444	0.01520	0.06384	0.00568	0.00491	0.00131	0.00546	0.00474	0.00394	0.32394
6	0.04545	0.01044	0.01683	0.49987	0.10198	0.01205	0.07703	0.07243	0.03559	0.01650	0.01115	0.01640	0.00894	0.00581	0.00540	0.00177	0.00671	0.04626	0.00290	0.00647

[dist]
# distance from previous block
# <min> <max>
0	6

[block]
# block no. 5 follows, 46 sequences, length 164
# corresponding to MSA columns:
# 403-566
name=unknown_F
#
# <colnr> <probs for GDERKNQSTAVLIFYWHMCP>
#	G	D	E	R	K	N	Q	S	T	A	V	L	I	F	Y	W	H	M	C	P
0	0.01631	0.06017	0.07531	0.01070	0.01516	0.05116	0.00934	0.32119	0.03032	0.08908	0.01221	0.03025	0.00931	0.00567	0.00478	0.00135	0.00541	0.00436	0.00424	0.24367
1	0.00955	0.00847	0.04780	0.02738	0.04792	0.02569	0.00764	0.07740	0.03192	0.01993	0.38522	0.03732	0.10320	0.01041	0.00616	0.00180	0.00397	0.13750	0.00503	0.00570
2	0.08601	0.05185	0.02701	0.01973	0.05583	0.01319	0.57802	0.01643	0.01193	0.01739	0.01047	0.01366	0.00803	0.00467	0.00586	0.00171	0.02126	0.00562	0.04441	0.00691
3	0.03342	0.14526	0.57510	0.01323	0.02012	0.01307	0.01628	0.01624	0.01102	0.01632	0.00910	0.01067	0.00679	0.00484	0.00462	0.00150	0.00701	0.00364	0.00235	0.08943
4	0.01998	0.05325	0.01623	0.01191	0.01611	0.03369	0.00989	0.67440	0.02347	0.06914	0.01274	0.01268	0.00904	0.00625	0.00519	0.00156	0.00583	0.00466	0.00515	0.00882
5	0.01148	0.12588	0.65502	0.01425	0.02140	0.05080	0.01778	0.01684	0.01129	0.01602	0.00916	0.01075	0.00671	0.00498	0.00481	0.00159	0.00763	0.00375	0.00226	0.00760
6	0.05417	0.01188	0.01958	0.04443	0.62745	0.01185	0.03382	0.01562	0.01182	0.01737	0.01157	0.01519	0.03137	0.00521	0.00519	0.00157	0.00600	0.02497	0.00280	0.04815
7	0.01164	0.01024	0.01415	0.01181	0.01340	0.01229	0.05688	0.11445	0.01105	0.01612	0.01048	0.01534	0.00956	0.06659	0.16948	0.00343	0.34099	0.00501	0.01916	0.08794
8	0.01088	0.01032	0.01762	0.60783	0.16885	0.01207	0.05192	0.03068	0.01124	0.01479	0.00963	0.01389	0.00738	0.00516	0.00532	0.00172	0.00698	0.00478	0.00248	0.00645
9	0.01067	0.01009	0.01718	0.66478	0.11380	0.01202	0.05058	0.03156	0.01115	0.01453	0.00959	0.01396	0.00728	0.00521	0.00533	0.00174	0.00703	0.00477	0.00246	0.00627
10	0.06167	0.00705	0.00834	0.00734	0.00950	0.00669	0.00566	0.04558	0.05041	0.08006	0.42513	0.05913	0.06027	0.00907	0.00554	0.00157	0.00315	0.00776	0.04964	0.09646
11	0.60022	0.01115	0.00959	0.00810	0.01157	0.03329	0.00663	0.13254	0.01215	0.06106	0.02510	0.01047	0.00765	0.00530	0.00382	0.00158	0.00448	0.00344	0.00377	0.04809
12	0.05066	0.08037	0.01543	0.03412	0.01620	0.55319	0.00988	0.07392	0.08885	0.01568	0.00974	0.01076	0.00784	0.00559	0.00472	0.00142	0.00818	0.00372	0.00314	0.00658
13	0.01602	0.42600	0.09674	0.01142	0.01558	0.30955	0.01053	0.03392	0.01268	0.01349	0.00798	0.00923	0.00683	0.00496	0.00411	0.00128	0.00732	0.00319	0.00250	0.00669
14	0.52427	0.04556	0.16280	0.00947	0.01373	0.06265	0.00919	0.06621	0.01109	0.04145	0.00853	0.00967	0.00643	0.00509	0.00390	0.00160	0.00536	0.00329	0.00321	0.00650
15	0.00769	0.00513	0.00577	0.00577	0.00577	0.00513	0.00320	0.00769	0.00769	0.01025	0.01666	0.03460	0.01922	0.81421	0.02691	0.00513	0.00513	0.00769	0.00320	0.00320
16	0.00727	0.00560	0.00798	0.14566	0.01281	0.00578	0.00669	0.02038	0.01043	0.01381	0.02544	0.65949	0.02970	0.01444	0.00647	0.00207	0.00380	0.01307	0.00447	0.00464
17	0.01048	0.00990	0.01675	0.67930	0.15477	0.01187	0.01493	0.01394	0.01080	0.01411	0.00948	0.01393	0.00726	0.00519	0.00528	0.00173	0.00693	0.00470	0.00239	0.00627
18	0.00744	0.00540	0.00701	0.00661	0.00787	0.00497	0.00496	0.00990	0.01487	0.02097	0.75486	0.03986	0.07360	0.01089	0.00624	0.00167	0.00250	0.00961	0.00579	0.00497
19	0.00691	0.00465	0.00597	0.00703	0.00746	0.00438	0.00474	0.00804	0.01025	0.01434	0.02752	0.70289	0.03204	0.01514	0.00633	0.00202	0.00298	0.01365	0.11927	0.00438
20	0.00768	0.00514	0.00586	0.00586	0.00589	0.00518	0.00332	0.00775	0.00772	0.01032	0.01657	0.03413	0.01902	0.78817	0.05267	0.00524	0.00543	0.00762	0.00319	0.00325
21	0.00918	0.00459	0.00689	0.00689	0.00689	0.00459	0.00459	0.00689	0.00689	0.00918	0.00918	0.01607	0.00918	0.01837	0.02066	0.84619	0.00459	0.00459	0.00230	0.00230
22	0.01243	0.01469	0.06000	0.02246	0.06103	0.01329	0.70007	0.01689	0.01241	0.01694	0.01061	0.01409	0.00799	0.00449	0.00615	0.00177	0.00875	0.00608	0.00265	0.00721
23	0.00769	0.00513	0.00577	0.00577	0.00577	0.00513	0.00320	0.00769	0.00769	0.01025	0.01666	0.03460	0.01922	0.81421	0.02691	0.00513	0.00513	0.00769	0.00320	0.00320
24	0.01184	0.02823	0.01767	0.01447	0.01518	0.03697	0.08458	0.01335	0.00877	0.01312	0.00752	0.01193	0.00719	0.00930	0.03385	0.00236	0.67065	0.00474	0.00237	0.00592
25	0.01940	0.02462	0.01503	0.01363	0.01624	0.76020	0.01027	0.02076	0.01469	0.01293	0.00812	0.00962	0.00682	0.00561	0.00530	0.00140	0.04309	0.00346	0.00271	0.00611
26	0.00753	0.00506	0.00581	0.00597	0.00600	0.00502	0.00342	0.00765	0.00799	0.01066	0.01822	0.13148	0.02119	0.71464	0.02439	0.00475	0.00487	0.00860	0.00342	0.00334
27	0.01036	0.00995	0.01588	0.69410	0.03339	0.02724	0.01423	0.01356	0.01037	0.01340	0.00908	0.01371	0.00703	0.00575	0.00669	0.00182	0.10056	0.00466	0.00235	0.00587
28	0.00832	0.00598	0.00826	0.00935	0.01057	0.00592	0.00808	0.01068	0.01225	0.01596	0.06497	0.07791	0.06131	0.01442	0.00719	0.00236	0.00462	0.66208	0.00492	0.00484
29	0.00653	0.00465	0.00619	0.00738	0.00770	0.00436	0.00496	0.00746	0.01011	0.01347	0.02877	0.76973	0.03442	0.03826	0.00731	0.00224	0.00317	0.03416	0.00486	0.00428
30	0.00644	0.00462	0.00612	0.00731	0.00766	0.00430	0.00489	0.00737	0.01017	0.01351	0.02971	0.79293	0.05243	0.01649	0.00674	0.00214	0.00306	0.01494	0.00491	0.00430
31	0.85155	0.01022	0.00777	0.00695	0.01022	0.01186	0.00573	0.01554	0.00900	0.02372	0.00736	0.00859	0.00573	0.00491	0.00327	0.00164	0.00409	0.00286	0.00327	0.00573
32	0.02010	0.01481	0.01587	0.01216	0.01639	0.01639	0.01005	0.76360	0.02486	0.03332	0.01269	0.01269	0.00899	0.00635	0.00529	0.00159	0.00582	0.00476	0.00529	0.00899
33	0.01413	0.81739	0.02770	0.00905	0.01357	0.02092	0.00905	0.01583	0.01074	0.01244	0.00735	0.00848	0.00678	0.00452	0.00339	0.00113	0.00565	0.00283	0.00226	0.00678
34	0.00649	0.00464	0.00620	0.00742	0.00775	0.00434	0.00500	0.00745	0.01017	0.01356	0.02911	0.79143	0.03485	0.01651	0.00676	0.00215	0.00311	0.03383	0.00491	0.00431
35	0.00648	0.00462	0.00612	0.00731	0.00761	0.00432	0.00486	0.00737	0.01005	0.01340	0.02876	0.78731	0.03449	0.04066	0.00736	0.00224	0.00313	0.01481	0.00486	0.00426
36	0.00652	0.00490	0.00607	0.00696	0.00773	0.00445	0.00489	0.00765	0.01078	0.01386	0.03575	0.55613	0.23825	0.01557	0.00665	0.00207	0.00307	0.05944	0.00491	0.00438
37	0.00763	0.00510	0.00578	0.00584	0.00586	0.00509	0.00328	0.00767	0.00780	0.01040	0.01725	0.07148	0.01997	0.77630	0.02595	0.00498	0.00503	0.00804	0.00328	0.00326
38	0.02010	0.01481	0.01587	0.01216	0.01639	0.01639	0.01005	0.76360	0.02486	0.03332	0.01269	0.01269	0.00899	0.00635	0.00529	0.00159	0.00582	0.00476	0.00529	0.00899
39	0.01975	0.02520	0.01498	0.01362	0.01634	0.79299	0.01021	0.02111	0.01498	0.01294	0.00817	0.00953	0.00681	0.00545	0.00477	0.00136	0.00953	0.00340	0.00272	0.00613
40	0.01076	0.06201	0.75351	0.01480	0.02247	0.01266	0.01907	0.01670	0.01114	0.01655	0.00939	0.01104	0.00670	0.00500	0.00495	0.00165	0.00772	0.00386	0.00223	0.00777
41	0.01300	0.01248	0.02131	0.05250	0.76181	0.01254	0.01618	0.01615	0.01200	0.01717	0.00993	0.01311	0.00834	0.00473	0.00524	0.00158	0.00630	0.00471	0.00261	0.00831
42	0.00794	0.00624	0.00925	0.00902	0.00987	0.00754	0.00709	0.00976	0.00846	0.01232	0.01346	0.01987	0.01260	0.03668	0.71756	0.00789	0.09127	0.00556	0.00278	0.00482
43	0.00891	0.00568	0.00738	0.00704	0.00849	0.00517	0.00531	0.01105	0.01398	0.09614	0.51222	0.14329	0.10357	0.01152	0.00625	0.00177	0.00288	0.03845	0.00566	0.00525
44	0.02355	0.00928	0.01244	0.00954	0.01363	0.00818	0.00788	0.06109	0.01560	0.74891	0.02047	0.01774	0.01289	0.00653	0.00531	0.00163	0.00456	0.00529	0.00648	0.00900
45	0.00748	0.00540	0.00707	0.00665	0.00790	0.00499	0.00499	0.00998	0.01496	0.02120	0.77844	0.03949	0.04988	0.01081	0.00624	0.00166	0.00249	0.00956	0.00582	0.00499
46	0.02010	0.01481	0.01587	0.01216	0.01639	0.01639	0.01005	0.76360	0.02486	0.03332	0.01269	0.01269	0.00899	0.00635	0.00529	0.00159	0.00582	0.00476	0.00529	0.00899
47	0.00644	0.00460	0.00613	0.00736	0.00767	0.00429	0.00491	0.00736	0.01012	0.01350	0.02914	0.81076	0.03497	0.01656	0.00675	0.00215	0.00307	0.01503	0.00491	0.00429
48	0.01157	0.01157	0.01619	0.01388	0.01388	0.01619	0.01157	0.01272	0.00810	0.01272	0.00694	0.01157	0.00694	0.00925	0.01735	0.00231	0.80453	0.00463	0.00231	0.00578
49	0.00644	0.00460	0.00613	0.00736	0.00767	0.00429	0.00491	0.00736	0.01012	0.01350	0.02914	0.81076	0.03497	0.01656	0.00675	0.00215	0.00307	0.01503	0.00491	0.00429
50	0.00901	0.00466	0.00693	0.00705	0.00712	0.00465	0.00480	0.00711	0.00730	0.00972	0.01107	0.05758	0.01148	0.01810	0.01933	0.76385	0.00453	0.04065	0.00255	0.00252
51	0.01372	0.72512	0.11636	0.00975	0.01466	0.01991	0.01027	0.01594	0.01079	0.01294	0.00760	0.00879	0.00677	0.00458	0.00358	0.00119	0.00591	0.00295	0.00226	0.00690
52	0.00727	0.00540	0.00677	0.00643	0.00777	0.00490	0.00482	0.00956	0.01446	0.02001	0.65363	0.04145	0.17544	0.01125	0.00624	0.00168	0.00253	0.00984	0.00566	0.00490
53	0.08276	0.01386	0.05221	0.01139	0.01536	0.01458	0.00961	0.42874	0.23813	0.05607	0.01496	0.01452	0.01083	0.00641	0.00514	0.00166	0.00526	0.00494	0.00505	0.00850
54	0.01021	0.01120	0.08401	0.68694	0.06196	0.01186	0.03223	0.01397	0.01072	0.01401	0.00945	0.01380	0.00709	0.00522	0.00528	0.00175	0.00713	0.00466	0.00236	0.00616
55	0.01250	0.01443	0.05213	0.02334	0.12129	0.01324	0.64744	0.01684	0.01238	0.01697	0.01057	0.01402	0.00803	0.00450	0.00608	0.00175	0.00855	0.00598	0.00265	0.00730
56	0.00744	0.00540	0.00701	0.00661	0.00788	0.00497	0.00496	0.00990	0.01488	0.02099	0.75654	0.03983	0.07192	0.01089	0.00624	0.00167	0.00250	0.00961	0.00579	0.00497
57	0.01358	0.01161	0.01248	0.01148	0.03641	0.01334	0.00870	0.07380	0.70266	0.02267	0.02063	0.01909	0.01546	0.00705	0.00537	0.00177	0.00435	0.00586	0.00529	0.00841
58	0.01142	0.00938	0.01101	0.00789	0.01256	0.00707	0.00632	0.01376	0.01111	0.04499	0.00981	0.01122	0.00802	0.00401	0.00397	0.00081	0.00394	0.00321	0.00326	0.81624
59	0.00642	0.00468	0.00606	0.00716	0.00762	0.00431	0.00482	0.00738	0.01031	0.01357	0.03157	0.73496	0.10919	0.01625	0.00670	0.00211	0.00303	0.01464	0.00491	0.00431
60	0.01396	0.01322	0.01218	0.01118	0.01394	0.14827	0.00877	0.05128	0.51575	0.02012	0.01970	0.02279	0.01608	0.00779	0.00551	0.00179	0.00526	0.10000	0.00485	0.00755
61	0.00918	0.00459	0.00689	0.00689	0.00689	0.00459	0.00459	0.00689	0.00689	0.00918	0.00918	0.01607	0.00918	0.01837	0.02066	0.84619	0.00459	0.00459	0.00230	0.00230
62	0.00644	0.00460	0.00613	0.00736	0.00767	0.00429	0.00491	0.00736	0.01012	0.01350	0.02914	0.81076	0.03497	0.01656	0.00675	0.00215	0.00307	0.01503	0.00491	0.00429
63	0.01101	0.11877	0.69898	0.01437	0.02180	0.01328	0.01832	0.01664	0.01111	0.01624	0.00924	0.01085	0.00671	0.00496	0.00483	0.00161	0.00756	0.00378	0.00224	0.00769
64	0.02372	0.00900	0.01227	0.00941	0.01350	0.00777	0.00777	0.02576	0.01513	0.78489	0.02086	0.01799	0.01309	0.00654	0.00532	0.00164	0.00450	0.00532	0.00654	0.00900
65	0.00918	0.00459	0.00689	0.00689	0.00689	0.00459	0.00459	0.00689	0.00689	0.00918	0.00918	0.01607	0.00918	0.01837	0.02066	0.84619	0.00459	0.00459	0.00230	0.00230
66	0.00644	0.00460	0.00613	0.00736	0.00767	0.00429	0.00491	0.00736	0.01012	0.01350	0.02914	0.81076	0.03497	0.01656	0.00675	0.00215	0.00307	0.01503	0.00491	0.00429
67	0.01413	0.81739	0.02770	0.00905	0.01357	0.02092	0.00905	0.01583	0.01074	0.01244	0.00735	0.00848	0.00678	0.00452	0.00339	0.00113	0.00565	0.00283	0.00226	0.00678
68	0.01975	0.02520	0.01498	0.01362	0.01634	0.79299	0.01021	0.02111	0.01498	0.01294	0.00817	0.00953	0.00681	0.00545	0.00477	0.00136	0.00953	0.00340	0.00272	0.00613
69	0.00733	0.00540	0.00689	0.00653	0.00784	0.00496	0.00490	0.00967	0.01447	0.02017	0.67411	0.04049	0.13809	0.01172	0.02260	0.00182	0.00276	0.00967	0.00565	0.00492
70	0.00852	0.00608	0.00852	0.00974	0.01095	0.00608	0.00852	0.01095	0.01217	0.01582	0.02799	0.05963	0.03042	0.01460	0.00730	0.00243	0.00487	0.74565	0.00487	0.00487
71	0.02372	0.00900	0.01227	0.00941	0.01350	0.00777	0.00777	0.02576	0.01513	0.78489	0.02086	0.01799	0.01309	0.00654	0.00532	0.00164	0.00450	0.00532	0.00654	0.00900
72	0.05015	0.01491	0.01555	0.01201	0.01617	0.03621	0.00990	0.71745	0.02403	0.03245	0.01238	0.01246	0.00882	0.00627	0.00520	0.00158	0.00585	0.00466	0.00515	0.00880
73	0.00729	0.00540	0.00680	0.00645	0.00778	0.00491	0.00484	0.00961	0.01451	0.02013	0.66644	0.04125	0.16255	0.01121	0.00624	0.00168	0.00252	0.00981	0.00568	0.00491
74	0.01096	0.00940	0.01096	0.00783	0.01253	0.00705	0.00626	0.01331	0.01096	0.01723	0.00940	0.01096	0.00783	0.00392	0.00392	0.00078	0.00392	0.00313	0.00313	0.84653
75	0.01060	0.02735	0.78682	0.01507	0.02288	0.01228	0.01953	0.01674	0.01116	0.01674	0.00949	0.01116	0.00670	0.00502	0.00502	0.00167	0.00781	0.00391	0.00223	0.00781
76	0.00654	0.00467	0.00624	0.00747	0.00782	0.00438	0.00507	0.00753	0.01022	0.01360	0.02908	0.77610	0.03476	0.01647	0.00677	0.00216	0.00315	0.04874	0.00491	0.00432
77	0.02372	0.00900	0.01227	0.00941	0.01350	0.00777	0.00777	0.02576	0.01513	0.78489	0.02086	0.01799	0.01309	0.00654	0.00532	0.00164	0.00450	0.00532	0.00654	0.00900
78	0.00637	0.00536	0.00552	0.00548	0.00721	0.00451	0.00411	0.00782	0.01233	0.01496	0.12428	0.04977	0.70794	0.01314	0.00625	0.00177	0.00266	0.01100	0.00500	0.00451
79	0.00985	0.00493	0.00493	0.00493	0.00616	0.00493	0.00370	0.01232	0.01109	0.01971	0.01725	0.01971	0.01355	0.00616	0.00370	0.00123	0.00246	0.00493	0.84356	0.00493
80	0.00755	0.00566	0.00850	0.00850	0.00944	0.00661	0.00661	0.00944	0.00850	0.01227	0.01416	0.02077	0.01322	0.03965	0.79326	0.00850	0.01416	0.00566	0.00283	0.00472
81	0.01157	0.01157	0.01619	0.01388	0.01388	0.01619	0.01157	0.01272	0.00810	0.01272	0.00694	0.01157	0.00694	0.00925	0.01735	0.00231	0.80453	0.00463	0.00231	0.00578
82	0.01169	0.01568	0.16833	0.21114	0.05025	0.03316	0.37504	0.01602	0.01168	0.01584	0.00995	0.01340	0.00748	0.00495	0.00605	0.00176	0.03291	0.00526	0.00250	0.00692
83	0.01895	0.11196	0.01655	0.01361	0.03627	0.68746	0.01024	0.02040	0.01444	0.01300	0.00813	0.00951	0.00685	0.00533	0.00463	0.00134	0.00902	0.00338	0.00267	0.00626
84	0.85155	0.01022	0.00777	0.00695	0.01022	0.01186	0.00573	0.01554	0.00900	0.02372	0.00736	0.00859	0.00573	0.00491	0.00327	0.00164	0.00409	0.00286	0.00327	0.00573
85	0.00737	0.00540	0.00692	0.00654	0.00783	0.00494	0.00490	0.00977	0.01471	0.02060	0.71515	0.04048	0.11355	0.01103	0.00624	0.00167	0.00251	0.00970	0.00574	0.00494
86	0.00748	0.00540	0.00707	0.00665	0.00790	0.00499	0.00499	0.00998	0.01496	0.02120	0.77844	0.03949	0.04988	0.01081	0.00624	0.00166	0.00249	0.00956	0.00582	0.00499
87	0.01247	0.01414	0.03050	0.02230	0.04716	0.01343	0.72031	0.01679	0.01234	0.01682	0.01057	0.01415	0.00800	0.00460	0.00654	0.00179	0.03216	0.00615	0.00266	0.00712
88	0.82718	0.01036	0.00801	0.00710	0.01040	0.01199	0.00585	0.03746	0.00946	0.02400	0.00752	0.00871	0.00582	0.00495	0.00333	0.00163	0.00414	0.00292	0.00333	0.00582
89	0.00755	0.00566	0.00850	0.00850	0.00944	0.00661	0.00661	0.00944	0.00850	0.01227	0.01416	0.02077	0.01322	0.03965	0.79326	0.00850	0.01416	0.00566	0.00283	0.00472
90	0.01060	0.02735	0.78682	0.01507	0.02288	0.01228	0.01953	0.01674	0.01116	0.01674	0.00949	0.01116	0.00670	0.00502	0.00502	0.00167	0.00781	0.00391	0.00223	0.00781
91	0.00644	0.00460	0.00613	0.00736	0.00767	0.00429	0.00491	0.00736	0.01012	0.01350	0.02914	0.81076	0.03497	0.01656	0.00675	0.00215	0.00307	0.01503	0.00491	0.00429
92	0.00644	0.00460	0.00613	0.00736	0.00767	0.00429	0.00491	0.00736	0.01012	0.01350	0.02914	0.81076	0.03497	0.01656	0.00675	0.00215	0.00307	0.01503	0.00491	0.00429
93	0.01308	0.01256	0.02146	0.03245	0.78123	0.01256	0.01622	0.01622	0.01204	0.01727	0.00994	0.01308	0.00837	0.00471	0.00523	0.00157	0.00628	0.00471	0.00262	0.00837
94	0.01405	0.01324	0.01237	0.01115	0.01410	0.11949	0.00862	0.02714	0.66850	0.02086	0.01970	0.01833	0.01487	0.00694	0.00530	0.00173	0.00491	0.00563	0.00502	0.00806
95	0.01387	0.75935	0.08347	0.00949	0.01425	0.02028	0.00982	0.01590	0.01077	0.01275	0.00751	0.00868	0.00678	0.00456	0.00351	0.00117	0.00581	0.00291	0.00226	0.00686
96	0.01413	0.81739	0.02770	0.00905	0.01357	0.02092	0.00905	0.01583	0.01074	0.01244	0.00735	0.00848	0.00678	0.00452	0.00339	0.00113	0.00565	0.00283	0.00226	0.00678
97	0.00625	0.00536	0.00536	0.00536	0.00714	0.00446	0.00402	0.00759	0.01205	0.01428	0.05355	0.05088	0.77909	0.01339	0.00625	0.00179	0.00268	0.01116	0.00491	0.00446
98	0.00769	0.00513	0.00577	0.00577	0.00577	0.00513	0.00320	0.00769	0.00769	0.01025	0.01666	0.03460	0.01922	0.81421	0.02691	0.00513	0.00513	0.00769	0.00320	0.00320
99	0.00644	0.00462	0.00612	0.00732	0.00766	0.00430	0.00489	0.00737	0.01016	0.01351	0.02968	0.79403	0.05135	0.01649	0.00674	0.00214	0.00306	0.01494	0.00491	0.00430
100	0.00717	0.00515	0.00667	0.00757	0.00811	0.00493	0.00517	0.04516	0.01110	0.01486	0.06548	0.73275	0.03441	0.01577	0.00665	0.00210	0.00318	0.01425	0.00497	0.00456
101	0.01308	0.01256	0.02146	0.03245	0.78123	0.01256	0.01622	0.01622	0.01204	0.01727	0.00994	0.01308	0.00837	0.00471	0.00523	0.00157	0.00628	0.00471	0.00262	0.00837
102	0.85155	0.01022	0.00777	0.00695	0.01022	0.01186	0.00573	0.01554	0.00900	0.02372	0.00736	0.00859	0.00573	0.00491	0.00327	0.00164	0.00409	0.00286	0.00327	0.00573
103	0.00668	0.00530	0.00600	0.00598	0.00744	0.00462	0.00443	0.00836	0.01283	0.01650	0.29173	0.12124	0.46450	0.01284	0.00629	0.00178	0.00265	0.01101	0.00521	0.00462
104	0.02058	0.01404	0.01539	0.01180	0.01601	0.01525	0.00975	0.66601	0.02357	0.13273	0.01377	0.01339	0.00953	0.00637	0.00529	0.00159	0.00564	0.00483	0.00545	0.00899
105	0.01200	0.24155	0.54982	0.01330	0.02004	0.03128	0.01627	0.01675	0.01120	0.02964	0.00909	0.01052	0.00684	0.00492	0.00458	0.00152	0.00720	0.00363	0.00233	0.00752
106	0.01413	0.81739	0.02770	0.00905	0.01357	0.02092	0.00905	0.01583	0.01074	0.01244	0.00735	0.00848	0.00678	0.00452	0.00339	0.00113	0.00565	0.00283	0.00226	0.00678
107	0.85155	0.01022	0.00777	0.00695	0.01022	0.01186	0.00573	0.01554	0.00900	0.02372	0.00736	0.00859	0.00573	0.00491	0.00327	0.00164	0.00409	0.00286	0.00327	0.00573
108	0.01392	0.01191	0.01223	0.01083	0.01388	0.04128	0.00846	0.08039	0.65823	0.03541	0.03986	0.01933	0.01610	0.00713	0.00537	0.00176	0.00446	0.00588	0.00531	0.00826
109	0.01227	0.00942	0.01112	0.00807	0.01266	0.00730	0.00647	0.01497	0.03435	0.09227	0.01088	0.01191	0.00859	0.00427	0.00410	0.00090	0.00398	0.00343	0.00353	0.73949
110	0.02205	0.00879	0.01174	0.00913	0.01283	0.00777	0.00739	0.04629	0.01470	0.68661	0.02020	0.01945	0.01356	0.08534	0.00742	0.00197	0.00460	0.00553	0.00618	0.00843
111	0.00769	0.00513	0.00577	0.00577	0.00577	0.00513	0.00320	0.00769	0.00769	0.01025	0.01666	0.03460	0.01922	0.81421	0.02691	0.00513	0.00513	0.00769	0.00320	0.00320
112	0.01222	0.01215	0.01598	0.01368	0.01401	0.04690	0.01134	0.04901	0.00918	0.01371	0.00741	0.01172	0.00716	0.00956	0.03143	0.00236	0.71916	0.00460	0.00248	0.00593
113	0.01096	0.00940	0.01096	0.00783	0.01253	0.00705	0.00626	0.01331	0.01096	0.01723	0.00940	0.01096	0.00783	0.00392	0.00392	0.00078	0.00392	0.00313	0.00313	0.84653
114	0.01179	0.01202	0.01922	0.01538	0.01725	0.04043	0.22114	0.03818	0.01016	0.01452	0.00928	0.01364	0.00823	0.01214	0.12723	0.00302	0.41246	0.00519	0.00260	0.00612
115	0.00740	0.00539	0.00692	0.00654	0.00779	0.00496	0.00488	0.00976	0.01458	0.02045	0.70965	0.04012	0.09801	0.03223	0.00678	0.00176	0.00258	0.00962	0.00569	0.00491
116	0.00746	0.00540	0.00703	0.00663	0.00788	0.00498	0.00497	0.00993	0.01491	0.02106	0.76428	0.03971	0.06413	0.01086	0.00624	0.00167	0.00250	0.00959	0.00580	0.00498
117	0.01236	0.01403	0.03048	0.05851	0.02804	0.01329	0.72729	0.01677	0.01239	0.01677	0.01063	0.01425	0.00798	0.00449	0.00619	0.00178	0.00883	0.00617	0.00266	0.00707
118	0.01249	0.01422	0.03094	0.02255	0.04756	0.01335	0.74231	0.01692	0.01247	0.01694	0.01068	0.01423	0.00803	0.00446	0.00621	0.00178	0.00884	0.00620	0.00267	0.00716
119	0.01952	0.02449	0.01489	0.01349	0.01625	0.74974	0.01014	0.03575	0.04254	0.01366	0.00874	0.00996	0.00719	0.00553	0.00480	0.00138	0.00927	0.00352	0.00287	0.00627
