[name]
unknown

[dist]
# distance from previous block
# <min> <max>
0	59

[block]
# block no. 0 follows, 43 sequences, length 23
# corresponding to MSA columns:
# 399-421
name=unknown_A
#
# <colnr> <probs for GDERKNQSTAVLIFYWHMCP>
#	G	D	E	R	K	N	Q	S	T	A	V	L	I	F	Y	W	H	M	C	P
0	0.01226	0.00716	0.00998	0.00922	0.01129	0.00667	0.03589	0.03543	0.01426	0.18923	0.22866	0.17371	0.06048	0.01196	0.00663	0.00201	0.00411	0.16916	0.00570	0.00620
1	0.00816	0.00549	0.00639	0.00654	0.00670	0.00549	0.00403	0.00847	0.00862	0.01144	0.01889	0.03941	0.02155	0.70985	0.02571	0.00503	0.00534	0.09576	0.00357	0.00357
2	0.01307	0.01494	0.03268	0.02334	0.02894	0.01401	0.75070	0.01774	0.01307	0.01774	0.01120	0.01494	0.00840	0.00467	0.00654	0.00187	0.00934	0.00654	0.00280	0.00747
3	0.00751	0.00604	0.00960	0.00960	0.01056	0.00565	0.09527	0.00892	0.01090	0.01457	0.02819	0.70663	0.03322	0.01582	0.00700	0.00220	0.00395	0.01463	0.00486	0.00486
4	0.01343	0.01239	0.02032	0.29451	0.38196	0.01340	0.05806	0.10495	0.01373	0.01873	0.01061	0.01410	0.00835	0.00534	0.00557	0.00173	0.00696	0.00503	0.00299	0.00786
5	0.00782	0.00611	0.00930	0.00908	0.01019	0.00574	0.07625	0.00960	0.01213	0.01651	0.21481	0.45379	0.03684	0.05190	0.00792	0.00225	0.00386	0.05587	0.00507	0.00495
6	0.01728	0.44718	0.02291	0.01170	0.01548	0.35193	0.01008	0.01889	0.01310	0.01327	0.00806	0.00945	0.00712	0.00530	0.00459	0.00132	0.02969	0.00328	0.00258	0.00678
7	0.01175	0.01024	0.01281	0.01132	0.10472	0.00808	0.00782	0.01431	0.01162	0.01805	0.00991	0.01175	0.00827	0.00420	0.00427	0.00092	0.00440	0.00348	0.00322	0.73883
8	0.00674	0.00485	0.00640	0.00764	0.00801	0.00450	0.00511	0.00772	0.01068	0.01417	0.03144	0.77487	0.06291	0.01723	0.00705	0.00224	0.00320	0.01560	0.00514	0.00450
9	0.01421	0.01211	0.01277	0.01136	0.01457	0.01398	0.00887	0.07255	0.71698	0.02387	0.02199	0.02022	0.01646	0.00746	0.00563	0.00187	0.00449	0.00619	0.00563	0.00881
10	0.84448	0.01071	0.00814	0.00728	0.01071	0.01242	0.00600	0.01628	0.00943	0.02485	0.00771	0.00900	0.00600	0.00514	0.00343	0.00171	0.00428	0.00300	0.00343	0.00600
11	0.01809	0.19317	0.02075	0.01485	0.04094	0.48110	0.10004	0.02043	0.03471	0.01435	0.00913	0.01075	0.00760	0.00540	0.00490	0.00145	0.00877	0.00391	0.00282	0.00683
12	0.01821	0.01354	0.01464	0.01154	0.01538	0.01481	0.00942	0.58094	0.06191	0.03157	0.10755	0.01946	0.06026	0.00770	0.00573	0.00170	0.00539	0.00606	0.00559	0.00860
13	0.01111	0.02865	0.77667	0.01579	0.02397	0.01286	0.02046	0.01754	0.01169	0.01754	0.00994	0.01169	0.00702	0.00526	0.00526	0.00175	0.00818	0.00409	0.00234	0.00818
14	0.00962	0.00481	0.00722	0.00722	0.00722	0.00481	0.00481	0.00722	0.00722	0.00962	0.00962	0.01684	0.00962	0.01924	0.02165	0.83886	0.00481	0.00481	0.00241	0.00241
15	0.00728	0.00555	0.00669	0.00659	0.00798	0.00496	0.00487	0.00930	0.01409	0.01886	0.44539	0.12772	0.29482	0.01290	0.00659	0.00184	0.00274	0.01121	0.00567	0.00496
16	0.00767	0.00565	0.00717	0.00679	0.00817	0.00515	0.00509	0.01013	0.01528	0.02128	0.67616	0.04291	0.14458	0.01167	0.00653	0.00176	0.00264	0.01023	0.00597	0.00515
17	0.00708	0.00563	0.00635	0.00617	0.00781	0.00490	0.00463	0.00898	0.01388	0.01795	0.34973	0.04838	0.47307	0.01291	0.00654	0.00182	0.00273	0.01100	0.00554	0.00490
18	0.03585	0.17639	0.40637	0.12034	0.03705	0.01486	0.03179	0.06104	0.03532	0.01762	0.01005	0.01196	0.00756	0.00533	0.00497	0.00165	0.00728	0.00414	0.00270	0.00772
19	0.03602	0.14041	0.53302	0.01528	0.02231	0.01410	0.10628	0.01719	0.01184	0.01724	0.03093	0.01243	0.00843	0.00528	0.00515	0.00168	0.00772	0.00436	0.00254	0.00779
20	0.05970	0.27974	0.10585	0.01233	0.01684	0.22965	0.04991	0.05175	0.01380	0.11702	0.01051	0.01135	0.00810	0.00545	0.00465	0.00147	0.00725	0.00388	0.00331	0.00741
21	0.04834	0.36165	0.36253	0.01232	0.01839	0.04179	0.01417	0.01725	0.01173	0.03216	0.02820	0.01122	0.00830	0.00523	0.00448	0.00150	0.00689	0.00372	0.00261	0.00752
22	0.04809	0.10393	0.30360	0.01312	0.01888	0.03803	0.07128	0.03371	0.02803	0.10189	0.01121	0.01248	0.00832	0.00538	0.00540	0.00155	0.03465	0.00421	0.00325	0.15301

[dist]
# distance from previous block
# <min> <max>
2	15

[block]
# block no. 1 follows, 43 sequences, length 36
# corresponding to MSA columns:
# 437-472
name=unknown_B
#
# <colnr> <probs for GDERKNQSTAVLIFYWHMCP>
#	G	D	E	R	K	N	Q	S	T	A	V	L	I	F	Y	W	H	M	C	P
0	0.03825	0.01469	0.10611	0.01185	0.01571	0.07175	0.04039	0.22515	0.06746	0.07453	0.01422	0.05744	0.01193	0.08210	0.02099	0.00213	0.04020	0.00559	0.00423	0.09526
1	0.01356	0.01278	0.01729	0.01441	0.04693	0.05799	0.14545	0.09662	0.14808	0.01999	0.07956	0.01810	0.01427	0.00710	0.00776	0.00176	0.13841	0.02556	0.00397	0.13044
2	0.01433	0.07865	0.15044	0.07311	0.30832	0.08265	0.05190	0.08273	0.05401	0.01868	0.01086	0.01308	0.00857	0.00534	0.00529	0.00163	0.00709	0.00464	0.00305	0.02565
3	0.09407	0.01424	0.08388	0.03000	0.03504	0.06216	0.15548	0.07980	0.07560	0.08913	0.03307	0.01437	0.01038	0.00551	0.00519	0.00154	0.00622	0.00484	0.00385	0.19565
4	0.00911	0.00655	0.02879	0.00844	0.00945	0.00604	0.00615	0.01107	0.05127	0.08145	0.02710	0.59131	0.03063	0.06691	0.00858	0.00238	0.03137	0.01313	0.00503	0.00524
5	0.00691	0.00492	0.00655	0.00779	0.00815	0.00463	0.00528	0.00793	0.01063	0.01415	0.03000	0.73516	0.03580	0.04478	0.00784	0.00237	0.00339	0.05415	0.00508	0.00449
6	0.04027	0.01041	0.01318	0.01028	0.01446	0.00982	0.00844	0.11488	0.08256	0.60340	0.02058	0.01813	0.01331	0.00685	0.00553	0.00172	0.00484	0.00551	0.00652	0.00930
7	0.01578	0.01296	0.01300	0.01150	0.01469	0.08402	0.00911	0.11078	0.47705	0.08755	0.02072	0.02235	0.01618	0.00788	0.00574	0.00186	0.00519	0.06986	0.00543	0.00836
8	0.01378	0.01190	0.01252	0.01127	0.01440	0.01378	0.00877	0.02943	0.76081	0.02317	0.02254	0.02066	0.01691	0.00751	0.00564	0.00188	0.00438	0.00626	0.00564	0.00877
9	0.02041	0.01519	0.01626	0.01261	0.01693	0.01688	0.01037	0.68868	0.09075	0.03387	0.01411	0.01395	0.01008	0.00672	0.00555	0.00168	0.00594	0.00510	0.00555	0.00936
10	0.00792	0.00588	0.00865	0.00865	0.00955	0.00679	0.00661	0.00973	0.00883	0.01267	0.01506	0.02303	0.01440	0.10881	0.71690	0.00859	0.01400	0.00612	0.00300	0.00480
11	0.00675	0.00482	0.00643	0.00771	0.00803	0.00450	0.00514	0.00771	0.01060	0.01414	0.03053	0.80175	0.03663	0.01735	0.00707	0.00225	0.00321	0.01574	0.00514	0.00450
12	0.01481	0.80869	0.02902	0.00948	0.01421	0.02191	0.00948	0.01658	0.01125	0.01303	0.00770	0.00888	0.00711	0.00474	0.00355	0.00118	0.00592	0.00296	0.00237	0.00711
13	0.00892	0.00637	0.00892	0.01020	0.01147	0.00637	0.00892	0.01147	0.01275	0.01657	0.02932	0.06247	0.03187	0.01530	0.00765	0.00255	0.00510	0.73354	0.00510	0.00510
14	0.00675	0.00482	0.00643	0.00771	0.00803	0.00450	0.00514	0.00771	0.01060	0.01414	0.03053	0.80175	0.03663	0.01735	0.00707	0.00225	0.00321	0.01574	0.00514	0.00450
15	0.02069	0.02640	0.01569	0.01427	0.01712	0.78313	0.01070	0.02212	0.01569	0.01355	0.00856	0.00999	0.00713	0.00571	0.00499	0.00143	0.00999	0.00357	0.00285	0.00642
16	0.01481	0.80869	0.02902	0.00948	0.01421	0.02191	0.00948	0.01658	0.01125	0.01303	0.00770	0.00888	0.00711	0.00474	0.00355	0.00118	0.00592	0.00296	0.00237	0.00711
17	0.02024	0.01307	0.01459	0.01152	0.01557	0.01403	0.00941	0.43127	0.14969	0.20246	0.01705	0.01614	0.01189	0.00684	0.00550	0.00170	0.00534	0.00535	0.03922	0.00914
18	0.01316	0.01056	0.05402	0.20476	0.01969	0.00999	0.01013	0.03350	0.07745	0.12636	0.01358	0.01573	0.01035	0.00936	0.08376	0.00226	0.03593	0.00478	0.04538	0.21926
19	0.01046	0.00984	0.01661	0.79205	0.03814	0.01230	0.01538	0.01415	0.01107	0.01415	0.00984	0.01477	0.00738	0.00554	0.00554	0.00185	0.00738	0.00492	0.00246	0.00615
20	0.02069	0.02640	0.01569	0.01427	0.01712	0.78313	0.01070	0.02212	0.01569	0.01355	0.00856	0.00999	0.00713	0.00571	0.00499	0.00143	0.00999	0.00357	0.00285	0.00642
21	0.01200	0.01035	0.01690	0.48224	0.14940	0.01183	0.03974	0.01618	0.06589	0.05942	0.01295	0.01737	0.02272	0.00648	0.00614	0.02749	0.00673	0.02622	0.00312	0.00682
22	0.02470	0.00967	0.01300	0.00997	0.01426	0.00850	0.00824	0.05613	0.01626	0.74494	0.02151	0.01863	0.01354	0.00685	0.00557	0.00171	0.00477	0.00555	0.00680	0.00943
23	0.00798	0.00567	0.00758	0.00758	0.00811	0.00621	0.00527	0.00904	0.00851	0.01188	0.01604	0.02845	0.01675	0.39440	0.43452	0.00727	0.01046	0.00691	0.00315	0.00421
24	0.01051	0.00966	0.01599	0.72285	0.03561	0.01206	0.01463	0.01405	0.01102	0.01448	0.01022	0.01501	0.00776	0.00572	0.00586	0.00183	0.03296	0.00493	0.04876	0.00609
25	0.01104	0.04740	0.23455	0.08645	0.04314	0.01117	0.12508	0.03103	0.01181	0.03947	0.01621	0.23818	0.01604	0.00896	0.00671	0.00193	0.05269	0.00796	0.00345	0.00675
26	0.02485	0.00943	0.01285	0.00985	0.01414	0.00814	0.00814	0.02699	0.01585	0.77465	0.02185	0.01885	0.01371	0.00685	0.00557	0.00171	0.00471	0.00557	0.00685	0.00943
27	0.00662	0.00561	0.00571	0.00568	0.00752	0.00471	0.00426	0.00808	0.01279	0.01535	0.09445	0.05266	0.72998	0.01388	0.00654	0.00186	0.00279	0.01160	0.00519	0.00471
28	0.01337	0.39077	0.30467	0.01421	0.04427	0.03623	0.09297	0.01721	0.01176	0.01538	0.00901	0.01075	0.00727	0.00495	0.00460	0.00149	0.00724	0.00384	0.00243	0.00758
29	0.01507	0.01281	0.02061	0.08832	0.59713	0.03464	0.01557	0.01819	0.01299	0.11360	0.01177	0.01433	0.00925	0.00525	0.00548	0.00166	0.00650	0.00497	0.00324	0.00859
30	0.01563	0.01131	0.01250	0.01096	0.01424	0.01255	0.00864	0.05031	0.57665	0.15089	0.03799	0.02166	0.01727	0.00766	0.00569	0.00186	0.00447	0.02517	0.00584	0.00873
31	0.00721	0.00562	0.00655	0.00636	0.00790	0.00495	0.00475	0.00923	0.01414	0.01866	0.42086	0.06457	0.38388	0.01272	0.00655	0.00181	0.00272	0.01092	0.00563	0.00495
32	0.01468	0.01242	0.01413	0.01402	0.10443	0.01395	0.00988	0.13996	0.53437	0.02414	0.02070	0.01970	0.03797	0.00727	0.00563	0.00182	0.00486	0.00607	0.00526	0.00874
33	0.14604	0.11497	0.10078	0.08089	0.35967	0.01398	0.04369	0.01685	0.02679	0.01823	0.01016	0.01327	0.00839	0.00525	0.00497	0.00165	0.00640	0.01743	0.00284	0.00774
34	0.01312	0.01033	0.01183	0.00860	0.01341	0.02521	0.00690	0.03455	0.01234	0.08502	0.01096	0.01215	0.00870	0.00445	0.00429	0.00093	0.00434	0.00353	0.00365	0.72568
35	0.01138	0.00686	0.00740	0.00686	0.00835	0.00751	0.00533	0.06111	0.05952	0.02107	0.01709	0.01943	0.01345	0.00682	0.00535	0.00145	0.07273	0.00519	0.65737	0.00574

[dist]
# distance from previous block
# <min> <max>
0	1

[block]
# block no. 2 follows, 43 sequences, length 22
# corresponding to MSA columns:
# 474-495
name=unknown_C
#
# <colnr> <probs for GDERKNQSTAVLIFYWHMCP>
#	G	D	E	R	K	N	Q	S	T	A	V	L	I	F	Y	W	H	M	C	P
0	0.01166	0.01117	0.01605	0.16705	0.01861	0.01520	0.01217	0.01346	0.00922	0.01402	0.00855	0.01325	0.00779	0.00864	0.01466	0.00223	0.58305	0.00488	0.06234	0.00601
1	0.00784	0.00566	0.00740	0.00697	0.00827	0.00523	0.00523	0.01045	0.01568	0.02221	0.76789	0.04137	0.05226	0.01132	0.00653	0.00174	0.00261	0.01002	0.00610	0.00523
2	0.00679	0.00489	0.00644	0.00759	0.00802	0.00454	0.00511	0.00785	0.01094	0.01456	0.06730	0.73291	0.06872	0.01692	0.00702	0.00221	0.00317	0.01529	0.00519	0.00454
3	0.01481	0.80869	0.02902	0.00948	0.01421	0.02191	0.00948	0.01658	0.01125	0.01303	0.00770	0.00888	0.00711	0.00474	0.00355	0.00118	0.00592	0.00296	0.00237	0.00711
4	0.00655	0.00561	0.00561	0.00561	0.00748	0.00468	0.00421	0.00795	0.01262	0.01496	0.05610	0.05330	0.76857	0.01403	0.00655	0.00187	0.00281	0.01169	0.00514	0.00468
5	0.84448	0.01071	0.00814	0.00728	0.01071	0.01242	0.00600	0.01628	0.00943	0.02485	0.00771	0.00900	0.00600	0.00514	0.00343	0.00171	0.00428	0.00300	0.00343	0.00600
6	0.02464	0.00976	0.01306	0.01001	0.01430	0.00863	0.00827	0.06629	0.01640	0.73457	0.02139	0.01855	0.01348	0.00684	0.00557	0.00171	0.00479	0.00554	0.00678	0.00942
7	0.84448	0.01071	0.00814	0.00728	0.01071	0.01242	0.00600	0.01628	0.00943	0.02485	0.00771	0.00900	0.00600	0.00514	0.00343	0.00171	0.00428	0.00300	0.00343	0.00600
8	0.01378	0.01190	0.01252	0.01127	0.01440	0.01378	0.00877	0.02943	0.76081	0.02317	0.02254	0.02066	0.01691	0.00751	0.00564	0.00188	0.00438	0.00626	0.00564	0.00877
9	0.84448	0.01071	0.00814	0.00728	0.01071	0.01242	0.00600	0.01628	0.00943	0.02485	0.00771	0.00900	0.00600	0.00514	0.00343	0.00171	0.00428	0.00300	0.00343	0.00600
10	0.00675	0.00482	0.00643	0.00771	0.00803	0.00450	0.00514	0.00771	0.01060	0.01414	0.03053	0.80175	0.03663	0.01735	0.00707	0.00225	0.00321	0.01574	0.00514	0.00450
11	0.00675	0.00482	0.00643	0.00771	0.00803	0.00450	0.00514	0.00771	0.01060	0.01414	0.03053	0.80175	0.03663	0.01735	0.00707	0.00225	0.00321	0.01574	0.00514	0.00450
12	0.02105	0.01551	0.01662	0.01274	0.01717	0.01717	0.01053	0.75235	0.02604	0.03490	0.01330	0.01330	0.00942	0.00665	0.00554	0.00166	0.00609	0.00499	0.00554	0.00942
13	0.00892	0.00637	0.00892	0.01020	0.01147	0.00637	0.00892	0.01147	0.01275	0.01657	0.02932	0.06247	0.03187	0.01530	0.00765	0.00255	0.00510	0.73354	0.00510	0.00510
14	0.00875	0.00629	0.00870	0.00992	0.01119	0.00624	0.00859	0.01120	0.01268	0.01643	0.03056	0.08539	0.06497	0.01531	0.00758	0.00251	0.00494	0.67861	0.00510	0.00506
15	0.02453	0.00994	0.01317	0.01010	0.01439	0.00890	0.00834	0.08776	0.01671	0.71268	0.02113	0.01839	0.01335	0.00684	0.00557	0.00171	0.00483	0.00552	0.00674	0.00942
16	0.02314	0.00952	0.01265	0.00983	0.01381	0.00855	0.00805	0.08008	0.01624	0.65221	0.05452	0.01937	0.01496	0.00757	0.00629	0.03732	0.00473	0.00569	0.00653	0.00894
17	0.01116	0.01038	0.01728	0.70566	0.06248	0.01262	0.03642	0.05007	0.01191	0.01540	0.01007	0.01466	0.00756	0.00554	0.00556	0.00183	0.00735	0.00497	0.00263	0.00644
18	0.02311	0.00971	0.01275	0.00996	0.01404	0.00883	0.00816	0.05732	0.07335	0.65340	0.05348	0.01972	0.01542	0.00709	0.00561	0.00173	0.00466	0.00579	0.00667	0.00919
19	0.00859	0.00614	0.00854	0.00982	0.01095	0.00609	0.00834	0.01090	0.01242	0.01620	0.02951	0.17601	0.03260	0.01561	0.00756	0.00250	0.00481	0.62330	0.00511	0.00501
20	0.29445	0.13354	0.05979	0.07337	0.01515	0.02898	0.00886	0.03234	0.01177	0.15334	0.01182	0.03456	0.00916	0.00598	0.00485	0.00162	0.03280	0.00425	0.03918	0.04418
21	0.08633	0.06613	0.11872	0.01303	0.07819	0.05839	0.01071	0.14523	0.04790	0.09563	0.03248	0.06880	0.02739	0.02981	0.00681	0.00184	0.06339	0.00565	0.03614	0.00744

[dist]
# distance from previous block
# <min> <max>
0	9

[block]
# block no. 3 follows, 43 sequences, length 44
# corresponding to MSA columns:
# 516-559
name=unknown_D
#
# <colnr> <probs for GDERKNQSTAVLIFYWHMCP>
#	G	D	E	R	K	N	Q	S	T	A	V	L	I	F	Y	W	H	M	C	P
0	0.08158	0.01591	0.16955	0.10605	0.31693	0.07338	0.01486	0.01651	0.01211	0.01767	0.01140	0.01617	0.00962	0.00599	0.00557	0.00173	0.02352	0.05144	0.04251	0.00749
1	0.68317	0.01109	0.02446	0.08513	0.03091	0.01241	0.00761	0.03324	0.01029	0.04768	0.00860	0.01013	0.00654	0.00527	0.00383	0.00172	0.00477	0.00338	0.00345	0.00630
2	0.01369	0.01124	0.01329	0.08373	0.08680	0.05012	0.01025	0.21750	0.08354	0.02192	0.02186	0.03190	0.08407	0.00957	0.00618	0.00195	0.00564	0.21603	0.02365	0.00708
3	0.00772	0.00563	0.00726	0.00690	0.00822	0.00517	0.00516	0.01021	0.01533	0.02151	0.70053	0.06432	0.09794	0.01167	0.00655	0.00176	0.00264	0.01029	0.00601	0.00517
4	0.01520	0.01242	0.01316	0.01135	0.01463	0.01415	0.00890	0.19941	0.54801	0.02530	0.02009	0.01973	0.01530	0.04855	0.00678	0.00201	0.00484	0.00605	0.00550	0.00864
5	0.02485	0.00943	0.01285	0.00985	0.01414	0.00814	0.00814	0.02699	0.01585	0.77465	0.02185	0.01885	0.01371	0.00685	0.00557	0.00171	0.00471	0.00557	0.00685	0.00943
6	0.01021	0.00517	0.00521	0.00521	0.00643	0.00517	0.00385	0.01266	0.01144	0.02015	0.01804	0.02143	0.01449	0.04669	0.00510	0.00150	0.00272	0.00531	0.79417	0.00507
7	0.01111	0.02865	0.77667	0.01579	0.02397	0.01286	0.02046	0.01754	0.01169	0.01754	0.00994	0.01169	0.00702	0.00526	0.00526	0.00175	0.00818	0.00409	0.00234	0.00818
8	0.02130	0.01512	0.01638	0.01256	0.01698	0.01659	0.01037	0.70539	0.02538	0.08279	0.01385	0.01366	0.00970	0.00666	0.00554	0.00167	0.00600	0.00502	0.00563	0.00942
9	0.00792	0.00590	0.00872	0.00872	0.00964	0.00682	0.00669	0.00977	0.00885	0.01272	0.01500	0.02269	0.01425	0.09074	0.73477	0.00867	0.01422	0.00607	0.00299	0.00484
10	0.00675	0.00482	0.00643	0.00771	0.00803	0.00450	0.00514	0.00771	0.01060	0.01414	0.03053	0.80175	0.03663	0.01735	0.00707	0.00225	0.00321	0.01574	0.00514	0.00450
11	0.01148	0.00984	0.01148	0.00820	0.01312	0.00738	0.00656	0.01395	0.01148	0.01805	0.00984	0.01148	0.00820	0.00410	0.00410	0.00082	0.00410	0.00328	0.00328	0.83922
12	0.00892	0.00637	0.00892	0.01020	0.01147	0.00637	0.00892	0.01147	0.01275	0.01657	0.02932	0.06247	0.03187	0.01530	0.00765	0.00255	0.00510	0.73354	0.00510	0.00510
13	0.21028	0.00700	0.00769	0.00709	0.00886	0.00711	0.00532	0.01229	0.01301	0.05828	0.43534	0.03104	0.03405	0.10208	0.00876	0.03025	0.00351	0.00770	0.00505	0.00531
14	0.01371	0.01316	0.02248	0.03399	0.77081	0.01316	0.01700	0.01700	0.01261	0.01809	0.01042	0.01371	0.00877	0.00493	0.00548	0.00164	0.00658	0.00493	0.00274	0.00877
15	0.00681	0.00487	0.00650	0.00778	0.00813	0.00455	0.00525	0.00782	0.01067	0.01421	0.03049	0.78019	0.03649	0.01729	0.00709	0.00226	0.00327	0.03668	0.00514	0.00452
16	0.01035	0.00705	0.00945	0.01021	0.01182	0.00714	0.00874	0.01409	0.08476	0.06597	0.02823	0.07794	0.02941	0.01407	0.00730	0.00242	0.00495	0.59512	0.00527	0.00571
17	0.01107	0.01054	0.01806	0.64389	0.15866	0.01250	0.03782	0.01473	0.01139	0.01491	0.00998	0.01460	0.00764	0.00541	0.00556	0.00181	0.00731	0.00497	0.00252	0.00662
18	0.01314	0.01258	0.02145	0.16750	0.64178	0.01301	0.01671	0.01650	0.01234	0.01740	0.01032	0.01389	0.00853	0.00504	0.00549	0.00168	0.00672	0.00493	0.00269	0.00831
19	0.00778	0.00562	0.00735	0.00701	0.00826	0.00519	0.00522	0.01031	0.01541	0.02179	0.72977	0.08068	0.05145	0.01163	0.00656	0.00177	0.00264	0.01031	0.00605	0.00519
20	0.00733	0.00509	0.00681	0.00788	0.00842	0.00476	0.00549	0.00856	0.01125	0.02919	0.08699	0.67356	0.03705	0.01654	0.00704	0.00222	0.00334	0.06854	0.00524	0.00469
21	0.01116	0.01062	0.01673	0.46406	0.06602	0.01369	0.01401	0.01379	0.01015	0.01392	0.00899	0.01388	0.00749	0.00736	0.01035	0.02876	0.27553	0.00489	0.00246	0.00613
22	0.01558	0.00970	0.07423	0.04995	0.07769	0.00788	0.00902	0.01801	0.01339	0.32636	0.05518	0.19783	0.04141	0.00926	0.00582	0.00181	0.00464	0.00802	0.06686	0.00734
23	0.02069	0.02640	0.01569	0.01427	0.01712	0.78313	0.01070	0.02212	0.01569	0.01355	0.00856	0.00999	0.00713	0.00571	0.00499	0.00143	0.00999	0.00357	0.00285	0.00642
24	0.57607	0.05374	0.01220	0.03024	0.06195	0.05039	0.03148	0.05521	0.01137	0.06103	0.00909	0.01040	0.00697	0.00529	0.00401	0.00167	0.00515	0.00354	0.00354	0.00666
25	0.00865	0.00620	0.00858	0.00971	0.01094	0.00613	0.00831	0.01107	0.01279	0.01673	0.07763	0.11167	0.05128	0.01515	0.00751	0.00246	0.00475	0.62022	0.00517	0.00506
26	0.19373	0.06190	0.41941	0.01369	0.01990	0.01327	0.07780	0.01852	0.07475	0.04212	0.01087	0.01221	0.00795	0.00540	0.00492	0.00173	0.00689	0.00423	0.00303	0.00768
27	0.08170	0.01385	0.01765	0.23848	0.31061	0.13486	0.01381	0.01802	0.03773	0.06572	0.01089	0.01360	0.00849	0.00545	0.00527	0.00168	0.00697	0.00464	0.00310	0.00748
28	0.06832	0.01481	0.01868	0.12653	0.31885	0.16279	0.06419	0.03996	0.03506	0.03672	0.01132	0.01504	0.00933	0.00650	0.02282	0.00185	0.00740	0.02918	0.00313	0.00752
29	0.00700	0.00563	0.00624	0.00609	0.00776	0.00487	0.00457	0.00883	0.01370	0.01752	0.30786	0.04908	0.51521	0.01307	0.00654	0.00182	0.00274	0.01110	0.00548	0.00487
30	0.01436	0.01461	0.01905	0.24336	0.37290	0.14793	0.01488	0.05252	0.03582	0.01714	0.01043	0.01354	0.00837	0.00540	0.00542	0.00167	0.00731	0.00473	0.00290	0.00765
31	0.00715	0.00542	0.00659	0.00674	0.00796	0.00486	0.00489	0.00895	0.01339	0.01783	0.35215	0.24594	0.27049	0.01375	0.00668	0.00192	0.00283	0.01205	0.00555	0.00486
32	0.00714	0.00549	0.00589	0.00592	0.00705	0.00493	0.00401	0.00810	0.01112	0.01384	0.07755	0.08181	0.44257	0.28446	0.01397	0.00308	0.00369	0.01055	0.00458	0.00424
33	0.01721	0.02063	0.01592	0.01418	0.01596	0.48457	0.01108	0.01858	0.01290	0.01345	0.00831	0.01114	0.00741	0.00833	0.03581	0.00203	0.28944	0.00410	0.00270	0.00624
34	0.01371	0.01316	0.02248	0.03399	0.77081	0.01316	0.01700	0.01700	0.01261	0.01809	0.01042	0.01371	0.00877	0.00493	0.00548	0.00164	0.00658	0.00493	0.00274	0.00877
35	0.01046	0.00984	0.01661	0.79205	0.03814	0.01230	0.01538	0.01415	0.01107	0.01415	0.00984	0.01477	0.00738	0.00554	0.00554	0.00185	0.00738	0.00492	0.00246	0.00615
36	0.02105	0.01551	0.01662	0.01274	0.01717	0.01717	0.01053	0.75235	0.02604	0.03490	0.01330	0.01330	0.00942	0.00665	0.00554	0.00166	0.00609	0.00499	0.00554	0.00942
37	0.01470	0.78658	0.05022	0.00966	0.01449	0.02166	0.00979	0.01661	0.01127	0.01316	0.00776	0.00896	0.00710	0.00475	0.00360	0.00120	0.00599	0.00299	0.00237	0.00714
38	0.01111	0.02865	0.77667	0.01579	0.02397	0.01286	0.02046	0.01754	0.01169	0.01754	0.00994	0.01169	0.00702	0.00526	0.00526	0.00175	0.00818	0.00409	0.00234	0.00818
39	0.00703	0.00501	0.00667	0.00776	0.00823	0.00471	0.00535	0.00823	0.01116	0.01498	0.10069	0.66134	0.03739	0.03723	0.00761	0.00230	0.00333	0.06123	0.00518	0.00458
40	0.01182	0.01815	0.29242	0.11578	0.22881	0.02620	0.12286	0.01628	0.01215	0.01699	0.01326	0.04044	0.04806	0.00597	0.00566	0.00177	0.00741	0.00553	0.00277	0.00766
41	0.00783	0.00577	0.00750	0.02681	0.00906	0.00540	0.00553	0.01025	0.01483	0.02060	0.61284	0.05969	0.11194	0.03249	0.00714	0.00190	0.00296	0.04655	0.00578	0.00513
42	0.81752	0.01068	0.00841	0.03265	0.01160	0.01242	0.00630	0.01621	0.00948	0.02450	0.00778	0.00918	0.00604	0.00515	0.00350	0.00172	0.00438	0.00306	0.00340	0.00600
43	0.00973	0.03280	0.00919	0.00790	0.00961	0.00726	0.00608	0.08598	0.01552	0.04102	0.47610	0.12484	0.10654	0.01141	0.00671	0.00180	0.02634	0.00982	0.00564	0.00571

[dist]
# distance from previous block
# <min> <max>
0	1

[block]
# block no. 4 follows, 43 sequences, length 52
# corresponding to MSA columns:
# 561-612
name=unknown_E
#
# <colnr> <probs for GDERKNQSTAVLIFYWHMCP>
#	G	D	E	R	K	N	Q	S	T	A	V	L	I	F	Y	W	H	M	C	P
0	0.01432	0.70699	0.12650	0.01030	0.01549	0.02073	0.01091	0.01671	0.01131	0.01362	0.00799	0.00925	0.00710	0.00481	0.00378	0.00126	0.00622	0.00311	0.00237	0.00725
1	0.00717	0.00556	0.00663	0.00731	0.00859	0.00502	0.00560	0.00871	0.01206	0.01510	0.04224	0.27596	0.37884	0.01531	0.00696	0.00214	0.00347	0.18348	0.00513	0.00472
2	0.01510	0.13444	0.06757	0.03264	0.01579	0.01248	0.02789	0.06658	0.06605	0.14640	0.01246	0.01336	0.00947	0.00578	0.00608	0.00144	0.08563	0.00428	0.00388	0.27267
3	0.01962	0.01404	0.01515	0.01186	0.01585	0.01540	0.00970	0.62974	0.03813	0.05565	0.01487	0.05051	0.01129	0.00715	0.00550	0.00167	0.00564	0.00554	0.06381	0.00888
4	0.01075	0.01000	0.01607	0.60974	0.03280	0.01136	0.03639	0.01422	0.01122	0.01505	0.00989	0.01411	0.00758	0.00522	0.00528	0.00164	0.00678	0.00464	0.00264	0.17462
5	0.02485	0.00943	0.01285	0.00985	0.01414	0.00814	0.00814	0.02699	0.01585	0.77465	0.02185	0.01885	0.01371	0.00685	0.00557	0.00171	0.00471	0.00557	0.00685	0.00943
6	0.01459	0.63087	0.04581	0.01100	0.01542	0.06331	0.05625	0.01662	0.01142	0.01348	0.00823	0.00996	0.00741	0.00621	0.02924	0.00156	0.04575	0.00343	0.00244	0.00700
7	0.00788	0.00571	0.00708	0.00673	0.00821	0.00514	0.00505	0.01016	0.01484	0.03682	0.56592	0.06127	0.22068	0.01200	0.00653	0.00178	0.00272	0.01045	0.00587	0.00517
8	0.00682	0.00487	0.00651	0.00779	0.00814	0.00456	0.00526	0.00783	0.01067	0.01421	0.03049	0.77838	0.03648	0.01729	0.00709	0.00226	0.00327	0.03844	0.00514	0.00452
9	0.00775	0.00566	0.00728	0.00687	0.00822	0.00519	0.00515	0.01028	0.01546	0.02170	0.71797	0.04221	0.10249	0.01151	0.00653	0.00175	0.00263	0.01013	0.00603	0.00519
10	0.02105	0.01551	0.01662	0.01274	0.01717	0.01717	0.01053	0.75235	0.02604	0.03490	0.01330	0.01330	0.00942	0.00665	0.00554	0.00166	0.00609	0.00499	0.00554	0.00942
11	0.01111	0.02865	0.77667	0.01579	0.02397	0.01286	0.02046	0.01754	0.01169	0.01754	0.00994	0.01169	0.00702	0.00526	0.00526	0.00175	0.00818	0.00409	0.00234	0.00818
12	0.00655	0.00561	0.00561	0.00561	0.00748	0.00468	0.00421	0.00795	0.01262	0.01496	0.05610	0.05330	0.76857	0.01403	0.00655	0.00187	0.00281	0.01169	0.00514	0.00468
13	0.00675	0.00482	0.00643	0.00771	0.00803	0.00450	0.00514	0.00771	0.01060	0.01414	0.03053	0.80175	0.03663	0.01735	0.00707	0.00225	0.00321	0.01574	0.00514	0.00450
14	0.01481	0.80869	0.02902	0.00948	0.01421	0.02191	0.00948	0.01658	0.01125	0.01303	0.00770	0.00888	0.00711	0.00474	0.00355	0.00118	0.00592	0.00296	0.00237	0.00711
15	0.02105	0.01551	0.01662	0.01274	0.01717	0.01717	0.01053	0.75235	0.02604	0.03490	0.01330	0.01330	0.00942	0.00665	0.00554	0.00166	0.00609	0.00499	0.00554	0.00942
16	0.01111	0.02865	0.77667	0.01579	0.02397	0.01286	0.02046	0.01754	0.01169	0.01754	0.00994	0.01169	0.00702	0.00526	0.00526	0.00175	0.00818	0.00409	0.00234	0.00818
17	0.00679	0.00484	0.00641	0.00766	0.00797	0.00453	0.00509	0.00772	0.01053	0.01403	0.03012	0.77826	0.03612	0.04153	0.00772	0.00234	0.00328	0.01551	0.00509	0.00446
18	0.00675	0.00482	0.00643	0.00771	0.00803	0.00450	0.00514	0.00771	0.01060	0.01414	0.03053	0.80175	0.03663	0.01735	0.00707	0.00225	0.00321	0.01574	0.00514	0.00450
19	0.84448	0.01071	0.00814	0.00728	0.01071	0.01242	0.00600	0.01628	0.00943	0.02485	0.00771	0.00900	0.00600	0.00514	0.00343	0.00171	0.00428	0.00300	0.00343	0.00600
20	0.01111	0.02865	0.77667	0.01579	0.02397	0.01286	0.02046	0.01754	0.01169	0.01754	0.00994	0.01169	0.00702	0.00526	0.00526	0.00175	0.00818	0.00409	0.00234	0.00818
21	0.84448	0.01071	0.00814	0.00728	0.01071	0.01242	0.00600	0.01628	0.00943	0.02485	0.00771	0.00900	0.00600	0.00514	0.00343	0.00171	0.00428	0.00300	0.00343	0.00600
22	0.00675	0.00482	0.00643	0.00771	0.00803	0.00450	0.00514	0.00771	0.01060	0.01414	0.03053	0.80175	0.03663	0.01735	0.00707	0.00225	0.00321	0.01574	0.00514	0.00450
23	0.00655	0.00561	0.00561	0.00561	0.00748	0.00468	0.00421	0.00795	0.01262	0.01496	0.05610	0.05330	0.76857	0.01403	0.00655	0.00187	0.00281	0.01169	0.00514	0.00468
24	0.01148	0.00984	0.01148	0.00820	0.01312	0.00738	0.00656	0.01395	0.01148	0.01805	0.00984	0.01148	0.00820	0.00410	0.00410	0.00082	0.00410	0.00328	0.00328	0.83922
25	0.01575	0.01288	0.01363	0.01167	0.01515	0.01470	0.00924	0.22526	0.56177	0.02635	0.02004	0.01867	0.01488	0.00728	0.00561	0.00182	0.00485	0.00592	0.00561	0.00894
26	0.00675	0.00482	0.00643	0.00771	0.00803	0.00450	0.00514	0.00771	0.01060	0.01414	0.03053	0.80175	0.03663	0.01735	0.00707	0.00225	0.00321	0.01574	0.00514	0.00450
27	0.01291	0.01453	0.03124	0.07759	0.05265	0.01386	0.67633	0.01747	0.01292	0.01750	0.01108	0.01489	0.00834	0.00474	0.00643	0.00186	0.00911	0.00637	0.00278	0.00742
28	0.01225	0.01253	0.01924	0.01581	0.01662	0.01654	0.11898	0.01397	0.00915	0.01397	0.00784	0.01253	0.00743	0.00897	0.01649	0.00234	0.68152	0.00509	0.00248	0.00626
29	0.02485	0.00943	0.01285	0.00985	0.01414	0.00814	0.00814	0.02699	0.01585	0.77465	0.02185	0.01885	0.01371	0.00685	0.00557	0.00171	0.00471	0.00557	0.00685	0.00943
30	0.01189	0.01178	0.01653	0.01424	0.01429	0.01642	0.01184	0.01314	0.00850	0.01330	0.00768	0.01264	0.00763	0.01141	0.05951	0.00277	0.75307	0.00491	0.00245	0.00600
31	0.01453	0.72045	0.06050	0.01071	0.01566	0.02098	0.06192	0.01670	0.01140	0.01355	0.00804	0.00943	0.00719	0.00476	0.00383	0.00126	0.00626	0.00326	0.00240	0.00718
32	0.01295	0.01514	0.10718	0.04149	0.11941	0.17802	0.04268	0.03173	0.03458	0.01714	0.06455	0.03111	0.01891	0.00916	0.00620	0.00194	0.00684	0.25053	0.00386	0.00660
33	0.00675	0.00482	0.00643	0.00771	0.00803	0.00450	0.00514	0.00771	0.01060	0.01414	0.03053	0.80175	0.03663	0.01735	0.00707	0.00225	0.00321	0.01574	0.00514	0.00450
34	0.00675	0.00482	0.00643	0.00771	0.00803	0.00450	0.00514	0.00771	0.01060	0.01414	0.03053	0.80175	0.03663	0.01735	0.00707	0.00225	0.00321	0.01574	0.00514	0.00450
35	0.01033	0.00725	0.00894	0.00809	0.00998	0.00719	0.00625	0.06085	0.10477	0.06359	0.57015	0.03651	0.04267	0.01044	0.00634	0.00177	0.00323	0.02949	0.00602	0.00614
36	0.01310	0.19841	0.31628	0.02009	0.25128	0.01523	0.03911	0.03762	0.01225	0.01710	0.00966	0.01183	0.00769	0.00516	0.00526	0.00161	0.02344	0.00421	0.00257	0.00809
37	0.02070	0.02605	0.01572	0.01422	0.01712	0.75900	0.01070	0.04512	0.01602	0.01423	0.00871	0.01009	0.00721	0.00574	0.00501	0.00143	0.00986	0.00361	0.00294	0.00651
38	0.01345	0.01009	0.01190	0.00862	0.01345	0.00797	0.00694	0.05342	0.01272	0.10254	0.01135	0.01239	0.00887	0.00454	0.00434	0.00096	0.00427	0.00362	0.00379	0.70476
39	0.01132	0.01245	0.08979	0.07663	0.32193	0.01092	0.13385	0.01460	0.01211	0.01687	0.03265	0.19357	0.01625	0.00815	0.00607	0.00186	0.00635	0.02405	0.00337	0.00719
40	0.01359	0.01118	0.01181	0.01064	0.01364	0.01277	0.00827	0.02758	0.66829	0.04104	0.02319	0.02157	0.03858	0.00761	0.00554	0.00183	0.00422	0.00633	0.06389	0.00841
41	0.00784	0.00566	0.00740	0.00697	0.00827	0.00523	0.00523	0.01045	0.01568	0.02221	0.76789	0.04137	0.05226	0.01132	0.00653	0.00174	0.00261	0.01002	0.00610	0.00523
42	0.01148	0.00984	0.01148	0.00820	0.01312	0.00738	0.00656	0.01395	0.01148	0.01805	0.00984	0.01148	0.00820	0.00410	0.00410	0.00082	0.00410	0.00328	0.00328	0.83922
43	0.00859	0.00661	0.00952	0.00924	0.01021	0.00783	0.00719	0.03105	0.00931	0.01339	0.01441	0.02166	0.01361	0.08134	0.66519	0.00804	0.06879	0.00595	0.00302	0.00506
44	0.01092	0.01024	0.01665	0.67264	0.07519	0.01260	0.01490	0.01535	0.06366	0.01497	0.01069	0.01504	0.00812	0.00577	0.00593	0.00185	0.03130	0.00501	0.00270	0.00647
45	0.02485	0.00943	0.01285	0.00985	0.01414	0.00814	0.00814	0.02699	0.01585	0.77465	0.02185	0.01885	0.01371	0.00685	0.00557	0.00171	0.00471	0.00557	0.00685	0.00943
46	0.01274	0.01092	0.01158	0.01054	0.01343	0.01239	0.00820	0.02620	0.64156	0.02221	0.05768	0.02559	0.08744	0.00847	0.00581	0.00189	0.00418	0.02542	0.00560	0.00815
47	0.01106	0.00933	0.01003	0.00921	0.01172	0.01016	0.00709	0.02111	0.45530	0.02117	0.16967	0.03178	0.19017	0.00967	0.00601	0.00185	0.00370	0.00817	0.00561	0.00720
48	0.00803	0.00610	0.00912	0.00905	0.01002	0.00719	0.00706	0.00998	0.00889	0.01287	0.01463	0.02150	0.01367	0.04068	0.76276	0.00873	0.03590	0.00590	0.00295	0.00497
49	0.71168	0.01012	0.00820	0.00727	0.01057	0.01147	0.00596	0.01673	0.01007	0.07705	0.00964	0.01074	0.00728	0.00538	0.00362	0.00168	0.00416	0.00337	0.07885	0.00616
50	0.01272	0.01432	0.03100	0.02226	0.02757	0.01342	0.70121	0.01726	0.01324	0.01804	0.06144	0.01669	0.01131	0.00511	0.00654	0.00186	0.00889	0.00677	0.00302	0.00732
51	0.00691	0.00494	0.00661	0.00785	0.00826	0.00464	0.00538	0.00802	0.01086	0.01449	0.04808	0.73651	0.03670	0.01708	0.00709	0.00226	0.00332	0.06129	0.00516	0.00455

[dist]
# distance from previous block
# <min> <max>
0	33

[block]
# block no. 5 follows, 43 sequences, length 16
# corresponding to MSA columns:
# 646-661
name=unknown_F
#
# <colnr> <probs for GDERKNQSTAVLIFYWHMCP>
#	G	D	E	R	K	N	Q	S	T	A	V	L	I	F	Y	W	H	M	C	P
0	0.00773	0.00562	0.00728	0.00695	0.00823	0.00517	0.00518	0.01022	0.01531	0.02153	0.70338	0.07773	0.08144	0.01172	0.00656	0.00177	0.00265	0.01036	0.00601	0.00517
1	0.01111	0.02865	0.77667	0.01579	0.02397	0.01286	0.02046	0.01754	0.01169	0.01754	0.00994	0.01169	0.00702	0.00526	0.00526	0.00175	0.00818	0.00409	0.00234	0.00818
2	0.01921	0.01374	0.01465	0.01144	0.01533	0.01511	0.00938	0.62541	0.02356	0.03246	0.01412	0.01456	0.01024	0.00661	0.00525	0.00160	0.00549	0.00502	0.14812	0.00869
3	0.01411	0.01386	0.10853	0.01370	0.08813	0.01275	0.01088	0.09417	0.39312	0.05332	0.03886	0.01911	0.01475	0.00693	0.00552	0.00174	0.00519	0.02587	0.00480	0.07465
4	0.04426	0.05754	0.00955	0.00789	0.00855	0.00866	0.00554	0.03053	0.00901	0.01276	0.01513	0.04973	0.01668	0.50945	0.08606	0.00467	0.10929	0.00705	0.00325	0.00439
5	0.00684	0.00486	0.00640	0.00759	0.00789	0.00456	0.00502	0.00774	0.01042	0.01390	0.02960	0.74773	0.03547	0.07296	0.00856	0.00247	0.00337	0.01520	0.00502	0.00442
6	0.01002	0.00579	0.00863	0.04838	0.00975	0.00609	0.03188	0.00923	0.00847	0.01229	0.01112	0.01716	0.01019	0.01530	0.01691	0.57966	0.03712	0.00494	0.15362	0.00343
7	0.01469	0.01461	0.02103	0.09734	0.55185	0.10356	0.03277	0.06458	0.01371	0.01828	0.01035	0.01337	0.00849	0.00518	0.00546	0.00164	0.00708	0.00481	0.00291	0.00828
8	0.00764	0.00531	0.00704	0.00817	0.00881	0.00511	0.00604	0.00910	0.01114	0.01504	0.02876	0.50665	0.03309	0.05695	0.00813	0.00244	0.00382	0.21717	0.05495	0.00465
9	0.01216	0.01225	0.01769	0.01495	0.01521	0.01683	0.04649	0.01353	0.00870	0.01353	0.00745	0.01225	0.00732	0.00946	0.01763	0.00240	0.75865	0.00493	0.00244	0.00612
10	0.01518	0.75846	0.02817	0.00978	0.01440	0.07080	0.00956	0.01694	0.01154	0.01306	0.00775	0.00896	0.00711	0.00480	0.00365	0.00120	0.00618	0.00300	0.00240	0.00706
11	0.00685	0.00486	0.00640	0.00758	0.00788	0.00456	0.00500	0.00774	0.01041	0.01388	0.02953	0.74328	0.03537	0.07754	0.00868	0.00249	0.00338	0.01516	0.00500	0.00441
12	0.01050	0.00985	0.04078	0.07637	0.06354	0.01070	0.04857	0.03393	0.01066	0.01545	0.06512	0.01939	0.01370	0.08067	0.22230	0.00408	0.19006	0.00576	0.02261	0.05593
13	0.12945	0.05359	0.01543	0.01283	0.01617	0.49044	0.00999	0.17375	0.01685	0.01949	0.00940	0.01050	0.00746	0.00579	0.00484	0.00150	0.00826	0.00376	0.00347	0.00702
14	0.01828	0.02145	0.01417	0.01281	0.01559	0.55332	0.00969	0.05547	0.11030	0.01657	0.05788	0.01501	0.03354	0.00658	0.00520	0.00152	0.00818	0.00465	0.03308	0.00669
15	0.01141	0.09320	0.71480	0.01526	0.02316	0.01361	0.01955	0.01746	0.01166	0.01717	0.00975	0.01146	0.00702	0.00522	0.00512	0.00171	0.00800	0.00400	0.00234	0.00810

[dist]
# distance from previous block
# <min> <max>
12	22

[block]
# block no. 6 follows, 43 sequences, length 11
# corresponding to MSA columns:
# 685-695
name=unknown_G
#
# <colnr> <probs for GDERKNQSTAVLIFYWHMCP>
#	G	D	E	R	K	N	Q	S	T	A	V	L	I	F	Y	W	H	M	C	P
0	0.01277	0.01408	0.02930	0.11228	0.08501	0.01389	0.57524	0.01706	0.01259	0.01714	0.01080	0.01469	0.00826	0.00503	0.00690	0.00188	0.04684	0.00615	0.00274	0.00735
1	0.01414	0.01444	0.03089	0.02212	0.02761	0.01348	0.68363	0.01858	0.01332	0.08611	0.01217	0.01529	0.00888	0.00487	0.00645	0.00185	0.00892	0.00645	0.00317	0.00765
2	0.01062	0.00802	0.01034	0.00973	0.01085	0.04689	0.00754	0.01225	0.00982	0.08164	0.01509	0.05850	0.01424	0.09834	0.46404	0.00635	0.12065	0.00629	0.00338	0.00542
3	0.05171	0.01062	0.01308	0.00995	0.01435	0.00974	0.00817	0.15127	0.01656	0.47085	0.01751	0.01609	0.01161	0.00622	0.00520	0.00153	0.00482	0.00493	0.00581	0.17000
4	0.00884	0.00628	0.00864	0.00979	0.01094	0.00628	0.00838	0.01114	0.01229	0.01601	0.02817	0.05991	0.03073	0.09236	0.00965	0.00282	0.00513	0.66278	0.00493	0.00493
5	0.01251	0.01298	0.01876	0.01552	0.01648	0.05438	0.11372	0.01424	0.00949	0.01393	0.00817	0.01277	0.00767	0.01002	0.04526	0.00255	0.61773	0.00506	0.00252	0.00623
6	0.00965	0.00530	0.00577	0.00565	0.00694	0.00518	0.00424	0.01224	0.01271	0.02107	0.22027	0.02624	0.02446	0.00777	0.00459	0.00141	0.00259	0.00647	0.61228	0.00518
7	0.01563	0.66354	0.02652	0.01010	0.01464	0.06303	0.00961	0.08124	0.04415	0.01538	0.00885	0.00982	0.00772	0.00507	0.00389	0.00127	0.00610	0.00331	0.00281	0.00734
8	0.02106	0.00954	0.01246	0.00939	0.01385	0.00793	0.00769	0.02329	0.01461	0.56021	0.01845	0.01676	0.01215	0.00607	0.00515	0.00146	0.00454	0.00492	0.00584	0.24461
9	0.00690	0.00536	0.00633	0.00702	0.00816	0.00479	0.00513	0.00824	0.01177	0.01479	0.04219	0.37486	0.37359	0.01559	0.00689	0.00211	0.00323	0.09328	0.00514	0.00465
10	0.05695	0.01612	0.18152	0.08801	0.11874	0.01316	0.07741	0.19265	0.03150	0.15031	0.01307	0.01417	0.00926	0.00583	0.00546	0.00173	0.00665	0.00494	0.00409	0.00842

[dist]
# distance from previous block
# <min> <max>
0	1

[block]
# block no. 7 follows, 43 sequences, length 66
# corresponding to MSA columns:
# 697-762
name=unknown_H
#
# <colnr> <probs for GDERKNQSTAVLIFYWHMCP>
#	G	D	E	R	K	N	Q	S	T	A	V	L	I	F	Y	W	H	M	C	P
0	0.03303	0.18528	0.60657	0.01430	0.02167	0.01467	0.01788	0.01731	0.01155	0.01682	0.00943	0.01106	0.00701	0.00515	0.00487	0.00164	0.00763	0.00384	0.00237	0.00791
1	0.00731	0.00593	0.00643	0.00647	0.00823	0.00524	0.00496	0.03109	0.01314	0.01620	0.10343	0.09964	0.57974	0.01393	0.00665	0.00194	0.00312	0.07644	0.00522	0.00489
2	0.01280	0.01272	0.03664	0.22141	0.49031	0.01302	0.06731	0.01685	0.04258	0.01728	0.01081	0.01430	0.00869	0.00518	0.00557	0.00172	0.00692	0.00508	0.00278	0.00802
3	0.00765	0.00525	0.00690	0.00788	0.00850	0.00491	0.00536	0.00904	0.02876	0.04159	0.02963	0.73994	0.03479	0.01649	0.00692	0.00219	0.00331	0.01492	0.00518	0.02079
4	0.00675	0.00482	0.00643	0.00771	0.00803	0.00450	0.00514	0.00771	0.01060	0.01414	0.03053	0.80175	0.03663	0.01735	0.00707	0.00225	0.00321	0.01574	0.00514	0.00450
5	0.02105	0.01551	0.01662	0.01274	0.01717	0.01717	0.01053	0.75235	0.02604	0.03490	0.01330	0.01330	0.00942	0.00665	0.00554	0.00166	0.00609	0.00499	0.00554	0.00942
6	0.01133	0.07481	0.73242	0.01541	0.02339	0.01340	0.01981	0.01748	0.01167	0.01727	0.00981	0.01153	0.00702	0.00523	0.00516	0.00172	0.00805	0.00403	0.00234	0.00812
7	0.01148	0.00984	0.01148	0.00820	0.01312	0.00738	0.00656	0.01395	0.01148	0.01805	0.00984	0.01148	0.00820	0.00410	0.00410	0.00082	0.00410	0.00328	0.00328	0.83922
8	0.00800	0.00542	0.00624	0.00620	0.00638	0.00540	0.00364	0.00830	0.00876	0.01177	0.07453	0.03648	0.03847	0.70140	0.05307	0.00515	0.00545	0.00820	0.00359	0.00358
9	0.01318	0.01423	0.08904	0.10192	0.63715	0.01305	0.01716	0.01678	0.01239	0.01768	0.01032	0.01363	0.00849	0.00502	0.00547	0.00167	0.00680	0.00486	0.00268	0.00848
10	0.00706	0.00563	0.00632	0.00615	0.00779	0.00489	0.00461	0.00894	0.01383	0.01782	0.33713	0.04859	0.48576	0.01296	0.00654	0.00182	0.00273	0.01103	0.00552	0.00489
11	0.00805	0.00537	0.00604	0.00604	0.00604	0.00537	0.00336	0.00805	0.00805	0.01074	0.01745	0.03624	0.02013	0.80536	0.02819	0.00537	0.00537	0.00805	0.00336	0.00336
12	0.01186	0.12728	0.60005	0.01450	0.02171	0.01412	0.01782	0.01867	0.09044	0.01755	0.01098	0.01228	0.00807	0.00543	0.00508	0.00169	0.00749	0.00418	0.00269	0.00811
13	0.00805	0.00537	0.00604	0.00604	0.00604	0.00537	0.00336	0.00805	0.00805	0.01074	0.01745	0.03624	0.02013	0.80536	0.02819	0.00537	0.00537	0.00805	0.00336	0.00336
14	0.01460	0.68517	0.11708	0.01041	0.01549	0.05110	0.01083	0.01692	0.01148	0.01359	0.00800	0.00926	0.00710	0.00484	0.00381	0.00126	0.00635	0.00312	0.00238	0.00721
15	0.00794	0.00532	0.00608	0.00619	0.00622	0.00529	0.00352	0.00802	0.00829	0.01105	0.01864	0.10572	0.02163	0.73384	0.02627	0.00509	0.00517	0.00875	0.00352	0.00346
16	0.04576	0.00782	0.00969	0.00865	0.00993	0.00831	0.00634	0.20046	0.01218	0.01677	0.01050	0.01561	0.00942	0.01542	0.01675	0.58887	0.00512	0.00478	0.00326	0.00436
17	0.01300	0.01323	0.05446	0.17168	0.60423	0.01299	0.01685	0.01650	0.01229	0.01735	0.01029	0.01381	0.00844	0.00506	0.00548	0.00169	0.00680	0.00490	0.00267	0.00827
18	0.01156	0.00992	0.01653	0.71413	0.05925	0.01204	0.01493	0.01513	0.01145	0.06712	0.01070	0.01502	0.00787	0.00561	0.00554	0.00183	0.00717	0.00497	0.00277	0.00646
19	0.01148	0.00984	0.01148	0.00820	0.01312	0.00738	0.00656	0.01395	0.01148	0.01805	0.00984	0.01148	0.00820	0.00410	0.00410	0.00082	0.00410	0.00328	0.00328	0.83922
20	0.01340	0.42630	0.35853	0.01282	0.03538	0.01737	0.01446	0.01728	0.01159	0.03448	0.00911	0.01048	0.00727	0.00503	0.00440	0.00146	0.00691	0.00357	0.00248	0.00768
21	0.02036	0.01643	0.06943	0.01295	0.01765	0.01688	0.01122	0.70129	0.02504	0.03370	0.01306	0.01319	0.00925	0.00655	0.00552	0.00167	0.00624	0.00492	0.00532	0.00933
22	0.01309	0.01295	0.01600	0.04811	0.01596	0.10539	0.04913	0.08008	0.01134	0.01546	0.00976	0.01412	0.00880	0.01473	0.16395	0.00345	0.40353	0.00501	0.00288	0.00626
23	0.47668	0.01085	0.02819	0.27386	0.02065	0.01226	0.00973	0.03382	0.01080	0.06445	0.00943	0.01168	0.00702	0.00541	0.00436	0.00176	0.00549	0.00387	0.00332	0.00638
24	0.01126	0.02571	0.64187	0.01690	0.05713	0.01264	0.08566	0.01722	0.01203	0.01779	0.04338	0.01338	0.00921	0.00546	0.00544	0.00176	0.00797	0.00461	0.00256	0.00802
25	0.01372	0.01142	0.01222	0.07953	0.03464	0.07228	0.00895	0.03867	0.38921	0.07780	0.02262	0.09726	0.06290	0.00856	0.00576	0.00185	0.00497	0.02347	0.02661	0.00758
26	0.01306	0.13182	0.42467	0.01870	0.16768	0.03406	0.06827	0.01781	0.01218	0.04703	0.01025	0.01216	0.00774	0.00516	0.00516	0.00165	0.00755	0.00431	0.00265	0.00810
27	0.00745	0.00578	0.00735	0.00769	0.00860	0.00567	0.00564	0.00901	0.01223	0.01635	0.21449	0.36794	0.19087	0.01455	0.00763	0.00207	0.05811	0.04853	0.00518	0.00485
28	0.01395	0.01337	0.06449	0.08102	0.06471	0.03134	0.08556	0.18139	0.03020	0.01992	0.01156	0.02822	0.00965	0.03173	0.00999	0.01917	0.22296	0.00532	0.06837	0.00708
