[name]
unknown

[dist]
# distance from previous block
# <min> <max>
2	70

[block]
# block no. 0 follows, 43 sequences, length 15
# corresponding to MSA columns:
# 94-108
name=unknown_A
#
# <colnr> <probs for GDERKNQSTAVLIFYWHMCP>
#	G	D	E	R	K	N	Q	S	T	A	V	L	I	F	Y	W	H	M	C	P
0	0.11002	0.03256	0.08377	0.00878	0.01139	0.03933	0.00748	0.01420	0.05991	0.07443	0.07240	0.18204	0.09856	0.07780	0.00758	0.00213	0.00456	0.04155	0.03565	0.03586
1	0.07758	0.24448	0.01680	0.03334	0.01388	0.05310	0.00846	0.07929	0.13546	0.10618	0.03615	0.01657	0.01239	0.07901	0.00723	0.00191	0.03085	0.00488	0.03525	0.00719
2	0.07780	0.08144	0.26539	0.01292	0.05214	0.03563	0.05757	0.01604	0.01225	0.07510	0.07895	0.11269	0.01552	0.00730	0.00531	0.00169	0.00599	0.00616	0.03481	0.04531
3	0.01497	0.13310	0.13970	0.01426	0.08934	0.10811	0.03909	0.01907	0.08726	0.11865	0.06871	0.01662	0.01314	0.04376	0.00731	0.00185	0.06873	0.00513	0.00373	0.00745
4	0.03364	0.01014	0.06821	0.00972	0.01243	0.00914	0.00818	0.14206	0.03201	0.15744	0.14298	0.19738	0.04217	0.02206	0.00690	0.00193	0.04075	0.02216	0.03385	0.00686
5	0.00882	0.00562	0.00658	0.00694	0.00777	0.00553	0.00479	0.05054	0.01135	0.01652	0.02457	0.37521	0.05508	0.12309	0.00950	0.03113	0.00353	0.01057	0.23814	0.00473
6	0.24233	0.01036	0.03345	0.03680	0.04640	0.05226	0.00774	0.06903	0.04294	0.04539	0.12316	0.15625	0.05311	0.01069	0.04487	0.00217	0.00513	0.00733	0.00438	0.00621
7	0.01274	0.04325	0.05506	0.29800	0.13949	0.04678	0.16124	0.06005	0.01269	0.01675	0.01150	0.01497	0.03112	0.00588	0.00660	0.00181	0.06689	0.00528	0.00284	0.00709
8	0.00871	0.00598	0.00717	0.00714	0.00868	0.00544	0.00524	0.01097	0.04673	0.07777	0.21337	0.26506	0.29005	0.01349	0.00658	0.00194	0.00310	0.01174	0.00553	0.00532
9	0.00692	0.00503	0.00654	0.00742	0.00803	0.00464	0.00509	0.00821	0.01164	0.01561	0.16121	0.61255	0.09454	0.01605	0.00694	0.00213	0.00308	0.01444	0.00531	0.00464
10	0.01529	0.62676	0.06577	0.01110	0.01599	0.04304	0.06592	0.03934	0.01219	0.04784	0.00889	0.01009	0.00756	0.00494	0.00406	0.00131	0.00637	0.00348	0.00271	0.00734
11	0.01551	0.04024	0.09691	0.09776	0.12289	0.01391	0.21535	0.16445	0.06423	0.09406	0.01291	0.01467	0.00944	0.00564	0.00572	0.00175	0.00714	0.00538	0.00382	0.00823
12	0.01074	0.02446	0.00866	0.00788	0.00936	0.06559	0.00599	0.04206	0.01150	0.01725	0.01682	0.10733	0.01551	0.05550	0.16872	0.00324	0.03883	0.00639	0.34055	0.04363
13	0.05103	0.01081	0.01342	0.20040	0.01978	0.04867	0.03000	0.01615	0.04562	0.07435	0.01170	0.03226	0.00935	0.00528	0.00479	0.00132	0.00539	0.00438	0.00347	0.41183
14	0.08463	0.40438	0.02147	0.06914	0.01636	0.05991	0.00970	0.13700	0.01435	0.12029	0.01072	0.01145	0.00830	0.00548	0.00437	0.00144	0.00599	0.00382	0.00361	0.00759

[dist]
# distance from previous block
# <min> <max>
2	6

[block]
# block no. 1 follows, 43 sequences, length 11
# corresponding to MSA columns:
# 115-125
name=unknown_B
#
# <colnr> <probs for GDERKNQSTAVLIFYWHMCP>
#	G	D	E	R	K	N	Q	S	T	A	V	L	I	F	Y	W	H	M	C	P
0	0.01424	0.01461	0.13930	0.01239	0.01652	0.01322	0.03905	0.07253	0.48480	0.06975	0.01909	0.01842	0.01415	0.00829	0.03650	0.00211	0.00574	0.00578	0.00495	0.00855
1	0.09881	0.00555	0.00671	0.00759	0.00835	0.00544	0.00524	0.00892	0.01097	0.01611	0.10078	0.63970	0.03481	0.01542	0.00662	0.00214	0.00327	0.01378	0.00505	0.00473
2	0.04337	0.01254	0.03754	0.34695	0.32958	0.03159	0.08725	0.01599	0.01195	0.01654	0.01010	0.01396	0.00797	0.00519	0.00551	0.00175	0.00722	0.00496	0.00265	0.00738
3	0.01558	0.03688	0.03713	0.12666	0.33442	0.10629	0.04543	0.06039	0.04941	0.10128	0.01286	0.01484	0.02264	0.00569	0.00545	0.00167	0.00683	0.00501	0.00349	0.00805
4	0.00878	0.00562	0.00711	0.00731	0.00852	0.00508	0.00522	0.01027	0.01251	0.09111	0.19345	0.39396	0.17316	0.04203	0.00745	0.00213	0.00323	0.01248	0.00545	0.00514
5	0.01181	0.01166	0.01637	0.01413	0.01420	0.01623	0.01174	0.01308	0.00851	0.01329	0.00782	0.01282	0.00775	0.01202	0.07417	0.00290	0.73812	0.00493	0.00246	0.00598
6	0.04542	0.01256	0.01611	0.01227	0.01655	0.01281	0.09039	0.35311	0.01970	0.28670	0.01615	0.01573	0.01098	0.00644	0.00549	0.00168	0.00570	0.00531	0.05806	0.00884
7	0.01254	0.01234	0.05000	0.27843	0.27288	0.02834	0.04593	0.08626	0.01312	0.01772	0.01261	0.10037	0.01127	0.00680	0.00603	0.00181	0.02696	0.00612	0.00316	0.00730
8	0.00763	0.00558	0.00662	0.00696	0.00823	0.00503	0.00513	0.00909	0.01222	0.03657	0.12334	0.24459	0.34128	0.07243	0.00836	0.00228	0.00338	0.09135	0.00516	0.00477
9	0.00755	0.00579	0.00736	0.09281	0.01092	0.00564	0.00575	0.00911	0.01166	0.01534	0.13561	0.27869	0.23760	0.10724	0.00906	0.00236	0.00370	0.01130	0.03779	0.00472
10	0.04528	0.03176	0.01051	0.10464	0.02554	0.07425	0.00753	0.03122	0.07235	0.01675	0.15007	0.15214	0.08191	0.11834	0.03643	0.00256	0.02048	0.00839	0.00428	0.00556

[dist]
# distance from previous block
# <min> <max>
7	12

[block]
# block no. 2 follows, 43 sequences, length 27
# corresponding to MSA columns:
# 141-167
name=unknown_C
#
# <colnr> <probs for GDERKNQSTAVLIFYWHMCP>
#	G	D	E	R	K	N	Q	S	T	A	V	L	I	F	Y	W	H	M	C	P
0	0.01755	0.01217	0.01422	0.01138	0.01475	0.01327	0.00930	0.37853	0.04326	0.13047	0.07438	0.01711	0.01380	0.01053	0.08041	0.00239	0.08695	0.00548	0.00507	0.05896
1	0.00960	0.00577	0.00748	0.00761	0.00891	0.00521	0.00549	0.01115	0.01273	0.12658	0.19615	0.43119	0.12259	0.01410	0.00667	0.00201	0.00325	0.01252	0.00560	0.00540
2	0.24048	0.01110	0.01381	0.18067	0.01950	0.01213	0.04924	0.13832	0.05103	0.17770	0.02690	0.03281	0.01064	0.00631	0.00509	0.00176	0.00556	0.00504	0.00443	0.00746
3	0.00830	0.00753	0.00718	0.00701	0.00868	0.07847	0.00521	0.01004	0.01370	0.01700	0.26906	0.10358	0.41893	0.01266	0.00644	0.00182	0.00346	0.01072	0.00522	0.00500
4	0.01356	0.01306	0.02196	0.03215	0.69927	0.01352	0.01654	0.01665	0.01222	0.01764	0.01012	0.01356	0.00863	0.00538	0.00668	0.00172	0.08118	0.00493	0.00271	0.00852
5	0.00680	0.00484	0.00641	0.00764	0.00795	0.00454	0.00506	0.00773	0.01049	0.01399	0.02996	0.76882	0.03592	0.05125	0.00798	0.00238	0.00331	0.01541	0.00506	0.00445
6	0.00818	0.00608	0.00789	0.00861	0.01003	0.00579	0.00723	0.01046	0.01314	0.01699	0.14204	0.05718	0.21609	0.01441	0.00722	0.00227	0.00418	0.45194	0.00525	0.00501
7	0.01102	0.01069	0.01928	0.52274	0.08431	0.01212	0.15187	0.01476	0.01171	0.01532	0.01198	0.01924	0.00999	0.00626	0.00592	0.00190	0.00748	0.07415	0.00279	0.00648
8	0.03894	0.00924	0.01229	0.00985	0.01369	0.00830	0.00814	0.05571	0.01573	0.62313	0.03547	0.04294	0.01636	0.00796	0.00578	0.00180	0.00472	0.07469	0.00651	0.00875
9	0.00787	0.00588	0.00874	0.00879	0.00973	0.00680	0.00677	0.00977	0.00894	0.01285	0.01545	0.04974	0.01480	0.05892	0.73787	0.00858	0.01420	0.00633	0.00305	0.00489
10	0.10192	0.01028	0.01286	0.00996	0.01418	0.00964	0.00823	0.11391	0.01648	0.61404	0.01948	0.01725	0.01246	0.00667	0.00536	0.00171	0.00484	0.00526	0.00637	0.00910
11	0.04803	0.01107	0.04815	0.01236	0.08594	0.00969	0.00947	0.09952	0.01605	0.51702	0.03375	0.01923	0.04998	0.00696	0.00554	0.00171	0.00505	0.00568	0.00592	0.00889
12	0.01003	0.00573	0.00639	0.03249	0.00822	0.00594	0.00481	0.03088	0.01153	0.01914	0.01892	0.12061	0.01685	0.04989	0.02004	0.00182	0.02165	0.00666	0.60328	0.00514
13	0.58818	0.01151	0.01108	0.04583	0.07276	0.01299	0.00803	0.12368	0.01243	0.05599	0.00941	0.01066	0.00709	0.00543	0.00408	0.00171	0.00489	0.00363	0.00378	0.00686
14	0.01555	0.15259	0.22805	0.01482	0.04478	0.01406	0.13147	0.08814	0.01381	0.15920	0.01285	0.03881	0.00976	0.00610	0.00596	0.00170	0.04556	0.00509	0.00367	0.00803
15	0.00954	0.04685	0.01000	0.00795	0.01078	0.00700	0.00605	0.01184	0.03581	0.01679	0.07947	0.28233	0.06748	0.00987	0.00546	0.00149	0.00371	0.00859	0.00427	0.37472
16	0.11303	0.01423	0.10092	0.07025	0.06892	0.09482	0.01049	0.05232	0.04937	0.12012	0.02979	0.01400	0.01005	0.00604	0.00565	0.01634	0.03381	0.00442	0.02306	0.16238
17	0.04231	0.01139	0.12031	0.05403	0.01448	0.01982	0.00926	0.08596	0.04000	0.14183	0.15414	0.10273	0.10905	0.02005	0.00628	0.00189	0.00484	0.04988	0.00497	0.00678
18	0.02130	0.01034	0.01284	0.01036	0.01429	0.01011	0.00839	0.04437	0.24865	0.52310	0.02187	0.01929	0.01461	0.00706	0.00559	0.00176	0.00464	0.00577	0.00644	0.00922
19	0.05142	0.00991	0.01588	0.65995	0.03374	0.01244	0.01429	0.01396	0.01075	0.01460	0.01023	0.04127	0.00831	0.00628	0.00657	0.00190	0.07462	0.00519	0.00260	0.00608
20	0.01379	0.01054	0.01775	0.05861	0.14198	0.01104	0.15559	0.01642	0.01200	0.15723	0.01526	0.10850	0.01325	0.01061	0.07321	0.00250	0.12831	0.00672	0.03960	0.00710
21	0.00737	0.00548	0.00687	0.00686	0.00808	0.00498	0.00502	0.00943	0.01408	0.01921	0.48470	0.19675	0.18467	0.01305	0.00664	0.00187	0.00277	0.01149	0.00572	0.00498
22	0.00781	0.00527	0.00611	0.00635	0.00641	0.00521	0.00369	0.00799	0.00853	0.01137	0.01989	0.17886	0.02321	0.65856	0.02425	0.00479	0.00497	0.00949	0.00369	0.00357
23	0.01437	0.57870	0.15724	0.01072	0.01583	0.03677	0.01126	0.01732	0.03048	0.04022	0.00922	0.01049	0.00781	0.00630	0.03159	0.00160	0.00665	0.00345	0.00263	0.00732
24	0.11600	0.04974	0.29716	0.05989	0.06930	0.01346	0.04587	0.15613	0.01466	0.10947	0.01168	0.01284	0.00832	0.00564	0.00515	0.00171	0.00672	0.00446	0.00365	0.00814
25	0.01216	0.00897	0.00974	0.00848	0.01107	0.00909	0.00660	0.19792	0.10018	0.06205	0.10298	0.06238	0.32763	0.04678	0.00714	0.00197	0.00402	0.00890	0.00540	0.00656
26	0.01258	0.01019	0.01168	0.00897	0.01297	0.00918	0.00714	0.10689	0.06785	0.02030	0.01254	0.03908	0.01054	0.01752	0.00544	0.00122	0.03827	0.00441	0.07147	0.53177

[dist]
# distance from previous block
# <min> <max>
0	8

[block]
# block no. 3 follows, 43 sequences, length 32
# corresponding to MSA columns:
# 176-207
name=unknown_D
#
# <colnr> <probs for GDERKNQSTAVLIFYWHMCP>
#	G	D	E	R	K	N	Q	S	T	A	V	L	I	F	Y	W	H	M	C	P
0	0.01424	0.15043	0.34846	0.03333	0.03208	0.01362	0.05557	0.01866	0.03356	0.14766	0.01258	0.03950	0.00960	0.00619	0.00607	0.00173	0.06065	0.00484	0.00336	0.00789
1	0.01298	0.01202	0.01908	0.33544	0.38938	0.03493	0.01543	0.01700	0.05225	0.04195	0.01117	0.01457	0.00877	0.00540	0.00550	0.00173	0.00682	0.00498	0.00292	0.00768
2	0.01966	0.05383	0.01562	0.01337	0.01645	0.57970	0.01023	0.04137	0.12626	0.05520	0.01141	0.01207	0.00898	0.00602	0.00508	0.00151	0.00862	0.00408	0.00352	0.00703
3	0.02913	0.00781	0.00889	0.00811	0.01016	0.02460	0.00622	0.01577	0.16980	0.07850	0.44996	0.03518	0.11350	0.01021	0.00617	0.00177	0.00336	0.00877	0.00583	0.00627
4	0.00877	0.00589	0.00718	0.00672	0.00825	0.00531	0.00496	0.01074	0.01404	0.07451	0.44130	0.04230	0.23538	0.09978	0.00887	0.00218	0.00312	0.00991	0.00560	0.00518
5	0.00938	0.00651	0.00718	0.00677	0.00778	0.00650	0.00454	0.09117	0.01174	0.01591	0.07739	0.06545	0.14165	0.43249	0.01771	0.00366	0.00451	0.00849	0.07658	0.00458
6	0.00824	0.00541	0.00666	0.00669	0.00713	0.00554	0.00438	0.00868	0.00878	0.01216	0.01912	0.04588	0.07135	0.43045	0.17775	0.09792	0.00680	0.00745	0.06577	0.00383
7	0.01992	0.02479	0.01534	0.01394	0.01682	0.69780	0.01049	0.02293	0.09834	0.01462	0.01011	0.01117	0.00822	0.00591	0.00506	0.00148	0.00937	0.00387	0.00316	0.00668
8	0.00821	0.00604	0.00757	0.00704	0.00853	0.00563	0.00532	0.03925	0.01574	0.02190	0.65937	0.04159	0.13003	0.01144	0.00649	0.00175	0.00277	0.01000	0.00597	0.00533
9	0.00837	0.00603	0.00824	0.00946	0.01049	0.00598	0.00776	0.01076	0.03034	0.01599	0.02953	0.28862	0.03297	0.01574	0.00742	0.00244	0.00450	0.49522	0.00513	0.00500
10	0.00670	0.00557	0.00587	0.00601	0.00771	0.00474	0.00450	0.00815	0.01256	0.01519	0.07667	0.11809	0.65293	0.01427	0.00663	0.00192	0.00292	0.03969	0.00517	0.00469
11	0.01083	0.01007	0.01616	0.70545	0.03551	0.01247	0.01465	0.01584	0.09423	0.01515	0.01125	0.01542	0.00844	0.00576	0.00555	0.00185	0.00705	0.00507	0.00281	0.00644
12	0.08895	0.01323	0.01440	0.01127	0.01525	0.01429	0.00925	0.51481	0.02218	0.12820	0.09763	0.01677	0.01444	0.00707	0.00548	0.00168	0.00538	0.00545	0.00560	0.00867
13	0.00798	0.00565	0.00806	0.00828	0.00919	0.00631	0.00628	0.00985	0.00950	0.01394	0.01792	0.15704	0.01784	0.03345	0.56218	0.00690	0.01146	0.00755	0.09575	0.00489
14	0.01119	0.00738	0.00913	0.00824	0.01029	0.00730	0.00636	0.01630	0.16196	0.11798	0.51213	0.03485	0.04001	0.01008	0.00626	0.00178	0.00328	0.02294	0.00608	0.00645
15	0.01997	0.02035	0.01725	0.01505	0.04733	0.45266	0.09248	0.06408	0.05264	0.14705	0.01218	0.01292	0.00908	0.00590	0.00535	0.00157	0.00838	0.00451	0.00382	0.00743
16	0.01923	0.01983	0.01533	0.01344	0.01587	0.46135	0.01049	0.02074	0.01397	0.14562	0.01072	0.01226	0.00845	0.00758	0.02516	0.00186	0.18357	0.00425	0.00346	0.00683
17	0.26695	0.01340	0.04531	0.13325	0.07456	0.04516	0.05514	0.14370	0.01321	0.02149	0.00947	0.01196	0.00744	0.00616	0.00689	0.00183	0.12937	0.00435	0.00334	0.00702
18	0.00848	0.00654	0.00953	0.14819	0.01397	0.00705	0.03147	0.00995	0.01011	0.01381	0.02063	0.33444	0.02283	0.17452	0.04356	0.02548	0.03615	0.02243	0.05613	0.00474
19	0.01061	0.00866	0.01175	0.01059	0.01183	0.01055	0.00849	0.09328	0.01083	0.01573	0.01270	0.01828	0.01163	0.04173	0.44561	0.00595	0.21054	0.00549	0.02210	0.03364
20	0.07113	0.01302	0.04893	0.34464	0.11331	0.05830	0.13633	0.02771	0.01170	0.01623	0.00993	0.01414	0.00793	0.02574	0.00719	0.00193	0.07737	0.00502	0.00271	0.00673
21	0.01333	0.46827	0.30308	0.01290	0.04754	0.01810	0.01388	0.01686	0.01139	0.01489	0.00862	0.01020	0.00714	0.00508	0.00467	0.00145	0.02917	0.00351	0.00237	0.00754
22	0.09948	0.00954	0.01242	0.00962	0.01383	0.00853	0.00794	0.02602	0.01527	0.70637	0.02056	0.01795	0.01301	0.00670	0.00537	0.00171	0.00467	0.00534	0.00654	0.00911
23	0.00679	0.00502	0.00627	0.00720	0.00784	0.00459	0.00488	0.00784	0.01103	0.01436	0.05422	0.59889	0.18277	0.05087	0.00787	0.00230	0.00321	0.01445	0.00509	0.00450
24	0.01060	0.00742	0.01118	0.13747	0.03479	0.00749	0.05591	0.03081	0.01197	0.09969	0.07448	0.34434	0.02497	0.09558	0.00867	0.00234	0.00479	0.01027	0.02153	0.00569
25	0.00721	0.00531	0.00678	0.00731	0.00824	0.00488	0.00527	0.00888	0.01270	0.01707	0.27748	0.39612	0.14835	0.01475	0.00685	0.00204	0.00307	0.05741	0.00545	0.00480
26	0.00797	0.00551	0.00685	0.00690	0.00718	0.00577	0.00441	0.00856	0.00838	0.01144	0.01716	0.05783	0.01893	0.56556	0.23849	0.00625	0.00794	0.00772	0.00331	0.00384
27	0.09025	0.01050	0.01508	0.13745	0.19377	0.01102	0.02959	0.09546	0.01377	0.15041	0.03748	0.01911	0.05557	0.01050	0.09176	0.00254	0.00675	0.01750	0.00407	0.00744
28	0.01636	0.19017	0.15082	0.01263	0.01738	0.09558	0.03301	0.23417	0.12591	0.03251	0.03134	0.01362	0.01046	0.00609	0.00507	0.00159	0.00656	0.00461	0.00399	0.00814
29	0.00884	0.00632	0.00883	0.01010	0.01134	0.00630	0.00878	0.01133	0.01267	0.01648	0.02937	0.09085	0.03206	0.01538	0.00763	0.00254	0.00503	0.70599	0.00510	0.00508
30	0.01254	0.00891	0.02758	0.14464	0.01560	0.00914	0.00830	0.16307	0.01483	0.07546	0.09838	0.16678	0.02035	0.04078	0.01743	0.00200	0.00481	0.00771	0.15529	0.00638
31	0.14365	0.03709	0.01514	0.07110	0.19701	0.02338	0.01041	0.11012	0.05270	0.04786	0.01270	0.03611	0.02680	0.00588	0.00506	0.00153	0.01507	0.00476	0.00370	0.17990

[dist]
# distance from previous block
# <min> <max>
0	5

[block]
# block no. 4 follows, 43 sequences, length 17
# corresponding to MSA columns:
# 213-229
name=unknown_E
#
# <colnr> <probs for GDERKNQSTAVLIFYWHMCP>
#	G	D	E	R	K	N	Q	S	T	A	V	L	I	F	Y	W	H	M	C	P
0	0.08128	0.08859	0.03260	0.05754	0.06516	0.07099	0.17304	0.12299	0.03044	0.05530	0.05530	0.03621	0.01265	0.05883	0.03344	0.00217	0.00696	0.00569	0.00372	0.00711
1	0.01222	0.00982	0.01156	0.00829	0.01318	0.00742	0.00665	0.01467	0.01173	0.05996	0.01051	0.01189	0.00851	0.00425	0.00418	0.00087	0.00414	0.00341	0.00348	0.79325
2	0.01428	0.65173	0.02665	0.01047	0.01428	0.02094	0.01000	0.01594	0.01071	0.01309	0.00761	0.00952	0.00714	0.00571	0.00643	0.00143	0.16146	0.00333	0.00238	0.00690
3	0.01603	0.01628	0.01602	0.01439	0.04130	0.22842	0.01130	0.16135	0.01446	0.01809	0.01087	0.01625	0.00987	0.00832	0.01067	0.00198	0.32547	0.06870	0.00340	0.00683
4	0.00791	0.00584	0.00841	0.00832	0.00931	0.00648	0.00634	0.00987	0.01018	0.01455	0.16341	0.02662	0.02185	0.08794	0.57856	0.00725	0.01178	0.00688	0.00361	0.00489
5	0.01521	0.01261	0.01333	0.01156	0.01495	0.01445	0.00911	0.17188	0.61602	0.02548	0.02072	0.01921	0.01543	0.00734	0.00562	0.00184	0.00472	0.00601	0.00562	0.00889
6	0.00792	0.00557	0.00712	0.00715	0.00761	0.00587	0.00479	0.00880	0.00889	0.01223	0.05210	0.05663	0.03753	0.45287	0.29491	0.00628	0.00848	0.00772	0.00344	0.00408
7	0.01174	0.01002	0.01147	0.00874	0.01312	0.00853	0.00693	0.01681	0.15937	0.01928	0.05283	0.01489	0.01227	0.00516	0.00453	0.00108	0.00408	0.00423	0.00390	0.63104
8	0.01341	0.00697	0.00874	0.00769	0.00981	0.00673	0.03934	0.05614	0.01317	0.16898	0.01996	0.12799	0.01668	0.00797	0.00486	0.00155	0.00359	0.00676	0.47337	0.00625
9	0.01500	0.00727	0.00958	0.00808	0.01071	0.00642	0.00638	0.01731	0.01549	0.34319	0.38784	0.03277	0.09735	0.00965	0.00612	0.00174	0.00353	0.00826	0.00634	0.00697
10	0.00671	0.00498	0.00627	0.00730	0.00792	0.00453	0.00496	0.00776	0.01100	0.01430	0.03557	0.65426	0.18086	0.01670	0.00697	0.00217	0.00313	0.01495	0.00514	0.00453
11	0.01508	0.01577	0.02114	0.03011	0.62230	0.16488	0.01576	0.01801	0.01322	0.01720	0.01005	0.01297	0.00845	0.00509	0.00539	0.00160	0.00725	0.00467	0.00276	0.00831
12	0.02432	0.01027	0.01338	0.01025	0.01456	0.00939	0.00847	0.12762	0.01727	0.67202	0.02066	0.01808	0.01311	0.00683	0.00557	0.00171	0.00490	0.00549	0.00667	0.00942
13	0.01148	0.00628	0.00640	0.00598	0.00761	0.00646	0.00459	0.09258	0.01317	0.02218	0.01755	0.01986	0.01368	0.00647	0.00405	0.00133	0.00296	0.00514	0.74661	0.00562
14	0.02007	0.01338	0.01478	0.01150	0.01538	0.01439	0.00931	0.55342	0.02234	0.14392	0.01509	0.01689	0.01135	0.10240	0.00826	0.00211	0.00580	0.00544	0.00548	0.00869
15	0.30626	0.04156	0.01059	0.03523	0.01234	0.00972	0.00693	0.01925	0.01273	0.29943	0.07915	0.01701	0.01389	0.00646	0.00461	0.00165	0.00426	0.00487	0.10690	0.00714
16	0.18187	0.01329	0.01378	0.01103	0.01484	0.01472	0.00899	0.48773	0.05466	0.04913	0.03905	0.03998	0.01156	0.00722	0.00562	0.02263	0.00538	0.00519	0.00509	0.00823

[dist]
# distance from previous block
# <min> <max>
0	1

[block]
# block no. 5 follows, 43 sequences, length 49
# corresponding to MSA columns:
# 231-279
name=unknown_F
#
# <colnr> <probs for GDERKNQSTAVLIFYWHMCP>
#	G	D	E	R	K	N	Q	S	T	A	V	L	I	F	Y	W	H	M	C	P
0	0.10962	0.27210	0.25690	0.01385	0.07960	0.09416	0.01326	0.04982	0.01252	0.03848	0.00935	0.01075	0.00738	0.00520	0.00452	0.00152	0.00688	0.00370	0.00282	0.00755
1	0.10062	0.15710	0.03280	0.01255	0.03787	0.35069	0.00986	0.06481	0.02605	0.01609	0.00959	0.01257	0.00846	0.07242	0.00755	0.00185	0.06548	0.00406	0.00304	0.00655
2	0.00732	0.00529	0.00694	0.00814	0.02563	0.00484	0.00540	0.00844	0.01098	0.02848	0.03213	0.67415	0.11138	0.01624	0.00689	0.00216	0.00329	0.01462	0.00508	0.02260
3	0.02344	0.00920	0.04575	0.22832	0.03092	0.00885	0.02858	0.04901	0.01233	0.04198	0.12598	0.07172	0.04525	0.00963	0.00796	0.11792	0.00531	0.03573	0.00377	0.09836
4	0.08499	0.00654	0.00797	0.00756	0.00935	0.00616	0.00566	0.01281	0.01324	0.14986	0.27525	0.22988	0.11390	0.02841	0.02133	0.00209	0.00359	0.01015	0.00553	0.00574
5	0.80014	0.01066	0.00859	0.04901	0.01217	0.01242	0.00650	0.01617	0.00951	0.02428	0.00782	0.00930	0.00607	0.00516	0.00354	0.00172	0.00445	0.00310	0.00338	0.00601
6	0.05262	0.00677	0.00979	0.12618	0.06399	0.00700	0.02370	0.01023	0.01101	0.01539	0.05920	0.48060	0.02812	0.04497	0.00737	0.00222	0.00437	0.03688	0.00441	0.00518
7	0.01403	0.01488	0.06012	0.02280	0.08935	0.01340	0.59832	0.01844	0.01321	0.08079	0.01197	0.01503	0.00882	0.00490	0.00632	0.00183	0.00868	0.00622	0.00312	0.00777
8	0.00700	0.00567	0.00625	0.00649	0.00801	0.00502	0.00479	0.00888	0.03473	0.01570	0.10860	0.20375	0.51063	0.01433	0.00666	0.00196	0.00300	0.03847	0.00524	0.00482
9	0.01212	0.01212	0.01696	0.01454	0.01454	0.01696	0.01212	0.01333	0.00848	0.01333	0.00727	0.01212	0.00727	0.00969	0.01818	0.00242	0.79523	0.00485	0.00242	0.00606
10	0.34682	0.02419	0.01083	0.00868	0.01220	0.01118	0.00713	0.14548	0.01451	0.21991	0.04762	0.01502	0.01158	0.00626	0.00454	0.00165	0.00447	0.00456	0.09600	0.00737
11	0.01970	0.01051	0.01314	0.01116	0.04437	0.01026	0.00859	0.18836	0.06870	0.38637	0.06866	0.08393	0.01700	0.00785	0.00570	0.00173	0.00480	0.00652	0.00599	0.03667
12	0.01207	0.00753	0.00923	0.00818	0.01036	0.00724	0.00632	0.08592	0.05837	0.14744	0.39250	0.09827	0.11276	0.01069	0.00627	0.00179	0.00347	0.00922	0.00596	0.00642
13	0.05153	0.00823	0.01028	0.07386	0.01325	0.00842	0.00737	0.04452	0.12381	0.18012	0.22658	0.11136	0.04801	0.04200	0.02393	0.00212	0.00437	0.00809	0.00543	0.00673
14	0.01262	0.01205	0.02051	0.28830	0.52502	0.01287	0.01645	0.01604	0.01210	0.01677	0.01023	0.01406	0.00831	0.00514	0.00550	0.00171	0.00685	0.00493	0.00265	0.00789
15	0.00855	0.00657	0.00891	0.05750	0.04865	0.00661	0.00676	0.04019	0.02932	0.01813	0.29081	0.27658	0.07239	0.02920	0.07161	0.00257	0.00455	0.01069	0.00501	0.00539
16	0.76735	0.01061	0.00873	0.03899	0.01200	0.01219	0.00649	0.01676	0.00983	0.06428	0.00855	0.00975	0.00646	0.00525	0.00363	0.00172	0.00443	0.00321	0.00357	0.00619
17	0.00737	0.00532	0.00720	0.00794	0.00840	0.00516	0.02213	0.00840	0.01038	0.01411	0.02740	0.62466	0.03224	0.11348	0.00977	0.00259	0.02077	0.02677	0.04140	0.00450
18	0.01523	0.63559	0.02764	0.01116	0.01576	0.03745	0.07139	0.07804	0.01265	0.01527	0.00846	0.00988	0.00741	0.00506	0.00443	0.00132	0.02979	0.00350	0.00268	0.00728
19	0.07566	0.07672	0.01337	0.04149	0.01411	0.01175	0.00838	0.24024	0.04101	0.14911	0.01847	0.20393	0.01692	0.01063	0.03989	0.00212	0.00539	0.01841	0.00501	0.00739
20	0.01960	0.08838	0.01608	0.01305	0.01612	0.56142	0.01009	0.02232	0.07724	0.07785	0.01096	0.01180	0.00866	0.00595	0.00515	0.00148	0.02057	0.00396	0.02242	0.00689
21	0.00771	0.00534	0.00720	0.04066	0.00954	0.00507	0.00566	0.00908	0.01159	0.04296	0.13380	0.60845	0.06103	0.01551	0.00686	0.00213	0.00335	0.01398	0.00522	0.00486
22	0.00802	0.00547	0.00654	0.00650	0.00674	0.00556	0.00399	0.00850	0.00880	0.01198	0.07959	0.03473	0.02197	0.63721	0.12727	0.00554	0.00640	0.00793	0.00353	0.00372
23	0.00935	0.00630	0.00782	0.00720	0.00895	0.00583	0.00548	0.01242	0.05526	0.08366	0.54227	0.04045	0.17132	0.01121	0.00641	0.00177	0.00292	0.00973	0.00597	0.00567
24	0.62245	0.01057	0.00938	0.00809	0.01166	0.01174	0.00663	0.01937	0.07319	0.16454	0.01158	0.01181	0.00834	0.00566	0.00401	0.00173	0.00437	0.00375	0.00425	0.00687
25	0.01875	0.02292	0.01563	0.01406	0.01649	0.59758	0.01076	0.02133	0.07660	0.01432	0.00952	0.01121	0.00797	0.00649	0.00714	0.00162	0.13403	0.00399	0.00302	0.00656
26	0.36423	0.01135	0.01121	0.00923	0.01288	0.01238	0.00755	0.21153	0.05927	0.16065	0.01343	0.01354	0.00959	0.00609	0.00453	0.00167	0.00470	0.00435	0.07424	0.00760
27	0.00904	0.00544	0.00730	0.00806	0.00890	0.00501	0.00565	0.01020	0.01132	0.10716	0.02942	0.67919	0.03366	0.01599	0.00691	0.00219	0.00347	0.04061	0.00535	0.00512
28	0.00714	0.00566	0.00643	0.00632	0.00795	0.00496	0.00480	0.00904	0.01377	0.01775	0.32197	0.04923	0.46738	0.01307	0.00659	0.00185	0.00283	0.04285	0.00550	0.00490
29	0.02068	0.01179	0.01376	0.01092	0.01483	0.01217	0.00884	0.28261	0.14917	0.34148	0.01872	0.01813	0.01309	0.04935	0.00677	0.00192	0.00518	0.00562	0.00599	0.00899
30	0.00856	0.00611	0.00850	0.00978	0.01089	0.00606	0.00828	0.01084	0.01239	0.01616	0.02953	0.18768	0.03268	0.01565	0.00755	0.00250	0.00478	0.61197	0.00511	0.00500
31	0.00791	0.00593	0.00890	0.00890	0.00989	0.00692	0.00692	0.00989	0.00890	0.01286	0.01483	0.02176	0.01385	0.04154	0.78341	0.00890	0.01483	0.00593	0.00297	0.00494
32	0.45420	0.01105	0.01087	0.00894	0.01266	0.01191	0.00734	0.15171	0.01403	0.22182	0.01247	0.01260	0.00875	0.00633	0.00497	0.02947	0.00474	0.00409	0.00467	0.00739
33	0.01285	0.01222	0.02078	0.19979	0.58679	0.01277	0.01640	0.01620	0.01228	0.01718	0.01087	0.01542	0.00917	0.00538	0.00556	0.00172	0.00671	0.02708	0.00275	0.00809
34	0.05467	0.00546	0.00532	0.00527	0.00668	0.00555	0.00398	0.01308	0.01150	0.02087	0.01752	0.02003	0.01376	0.00638	0.00385	0.00131	0.00267	0.00505	0.79184	0.00521
35	0.58871	0.01280	0.02387	0.04361	0.05979	0.07686	0.00825	0.06454	0.01129	0.02311	0.00842	0.01006	0.00661	0.00548	0.00453	0.00172	0.03704	0.00347	0.00338	0.00647
36	0.03977	0.04384	0.01175	0.22923	0.03292	0.01020	0.00869	0.12827	0.01334	0.01996	0.01400	0.01810	0.01133	0.07267	0.00663	0.00186	0.00500	0.00513	0.32116	0.00614
37	0.00847	0.00627	0.00785	0.00809	0.00943	0.00574	0.00578	0.04889	0.01169	0.01617	0.02589	0.57792	0.02977	0.01426	0.00644	0.00198	0.00357	0.04448	0.03013	0.13717
38	0.02623	0.19764	0.12718	0.02440	0.04651	0.01209	0.00987	0.08755	0.01416	0.04923	0.19948	0.07798	0.06211	0.00849	0.00548	0.00167	0.00506	0.03385	0.00425	0.00678
39	0.01227	0.27622	0.43870	0.03564	0.02098	0.01558	0.06175	0.01684	0.01151	0.01582	0.00949	0.01149	0.00742	0.00652	0.03611	0.00187	0.00778	0.00398	0.00241	0.00761
40	0.04892	0.00997	0.01303	0.01002	0.01429	0.00902	0.00828	0.08707	0.01651	0.69075	0.02072	0.01809	0.01312	0.00679	0.00550	0.00171	0.00481	0.00544	0.00664	0.00932
41	0.00993	0.00878	0.01428	0.43490	0.02630	0.01030	0.05272	0.01351	0.04380	0.01464	0.01418	0.04755	0.01277	0.05581	0.14093	0.00332	0.00813	0.06645	0.01588	0.00583
42	0.01149	0.01164	0.03660	0.30029	0.11537	0.01209	0.23865	0.02587	0.01186	0.01593	0.01243	0.08123	0.01093	0.00710	0.00708	0.03557	0.03422	0.02207	0.00292	0.00664
43	0.00863	0.00629	0.00793	0.00761	0.00914	0.00604	0.00586	0.01219	0.07711	0.03479	0.55407	0.06154	0.09522	0.01164	0.00656	0.00185	0.00306	0.07905	0.00589	0.00553
44	0.00759	0.00528	0.00644	0.00692	0.00708	0.00523	0.00431	0.00807	0.00929	0.01245	0.03916	0.35292	0.02742	0.44617	0.01877	0.00394	0.01969	0.01122	0.00414	0.00392
45	0.05426	0.49736	0.16351	0.01115	0.01625	0.09828	0.01146	0.04226	0.01233	0.03648	0.00878	0.00995	0.00730	0.00508	0.00413	0.00137	0.00666	0.00338	0.00270	0.00732
46	0.19589	0.03789	0.43626	0.01386	0.02023	0.01363	0.06387	0.12079	0.01330	0.02151	0.00996	0.01148	0.00722	0.00538	0.00495	0.00173	0.00706	0.00412	0.00306	0.00781
47	0.00886	0.00636	0.00884	0.01008	0.01137	0.00633	0.00881	0.01139	0.01275	0.01653	0.02999	0.06224	0.05034	0.01527	0.00762	0.00253	0.00504	0.71544	0.00510	0.00509
48	0.04631	0.01111	0.01511	0.05359	0.04990	0.01037	0.09899	0.08375	0.07543	0.03279	0.02655	0.04246	0.01090	0.00560	0.00519	0.00135	0.01853	0.00488	0.00373	0.40346

[dist]
# distance from previous block
# <min> <max>
0	1

[block]
# block no. 6 follows, 43 sequences, length 33
# corresponding to MSA columns:
# 281-313
name=unknown_G
#
# <colnr> <probs for GDERKNQSTAVLIFYWHMCP>
#	G	D	E	R	K	N	Q	S	T	A	V	L	I	F	Y	W	H	M	C	P
0	0.01190	0.01218	0.09233	0.11991	0.09919	0.04440	0.01126	0.06601	0.03438	0.01730	0.04776	0.01771	0.03693	0.01092	0.07824	0.04815	0.13771	0.00538	0.10193	0.00643
1	0.01101	0.01030	0.01689	0.60676	0.13637	0.01191	0.01469	0.01452	0.01133	0.01510	0.00992	0.01428	0.00766	0.00531	0.00538	0.00171	0.00693	0.00475	0.00258	0.09259
2	0.01541	0.72787	0.02764	0.00997	0.01451	0.10056	0.00960	0.01716	0.01171	0.01308	0.00779	0.00900	0.00711	0.00484	0.00370	0.00121	0.00634	0.00302	0.00242	0.00704
3	0.00948	0.00603	0.00782	0.00719	0.00882	0.00547	0.00546	0.01193	0.01538	0.09928	0.62628	0.05699	0.09613	0.01118	0.00645	0.00176	0.00286	0.00980	0.00609	0.00561
4	0.00776	0.00566	0.00729	0.00688	0.00822	0.00519	0.00516	0.01029	0.01548	0.02175	0.72240	0.04213	0.09803	0.01150	0.00653	0.00175	0.00263	0.01012	0.00604	0.00519
5	0.02126	0.01518	0.01642	0.01258	0.01701	0.01668	0.01040	0.71274	0.02548	0.07530	0.01376	0.01360	0.00965	0.00666	0.00554	0.00166	0.00602	0.00502	0.00561	0.00942
6	0.00965	0.00483	0.00711	0.00711	0.00718	0.00483	0.00476	0.00750	0.00743	0.01017	0.01004	0.01702	0.00985	0.01861	0.02077	0.79744	0.00470	0.00483	0.04364	0.00254
7	0.02069	0.02640	0.01569	0.01427	0.01712	0.78313	0.01070	0.02212	0.01569	0.01355	0.00856	0.00999	0.00713	0.00571	0.00499	0.00143	0.00999	0.00357	0.00285	0.00642
8	0.02263	0.01246	0.01467	0.01130	0.01562	0.01271	0.00932	0.37854	0.04661	0.39016	0.01773	0.01622	0.01174	0.00678	0.00556	0.00169	0.00537	0.00531	0.00618	0.00940
9	0.00846	0.00612	0.00833	0.00944	0.01067	0.00599	0.00800	0.01075	0.01261	0.01638	0.05729	0.13929	0.09466	0.01527	0.00746	0.00243	0.00462	0.57208	0.00514	0.00500
10	0.00726	0.00564	0.00660	0.00636	0.00792	0.00498	0.00477	0.00933	0.01431	0.01897	0.45011	0.04670	0.37206	0.01253	0.00654	0.00180	0.00270	0.01076	0.00567	0.00498
11	0.02231	0.01048	0.01320	0.01025	0.01428	0.00996	0.00841	0.19448	0.01821	0.52906	0.09237	0.01974	0.01646	0.00724	0.00566	0.00170	0.00483	0.00587	0.00647	0.00902
12	0.67230	0.01016	0.00869	0.00757	0.01097	0.01132	0.00621	0.01739	0.01066	0.12784	0.04701	0.01219	0.00950	0.00571	0.00388	0.00171	0.00422	0.00374	0.02248	0.00641
13	0.00811	0.00570	0.00775	0.00775	0.00844	0.00631	0.00558	0.00949	0.00880	0.01266	0.01588	0.02635	0.01589	0.28505	0.49169	0.00729	0.01102	0.00657	0.05523	0.00445
14	0.02368	0.00940	0.01264	0.00977	0.01388	0.00826	0.00804	0.04990	0.01618	0.70431	0.06713	0.02004	0.01592	0.00712	0.00563	0.00171	0.00463	0.00582	0.00677	0.00917
15	0.01247	0.01548	0.10614	0.11149	0.02810	0.01398	0.51712	0.01687	0.01225	0.01687	0.01053	0.01431	0.00803	0.00532	0.00743	0.00191	0.08586	0.00593	0.00268	0.00725
16	0.01925	0.02067	0.04412	0.06947	0.03338	0.46845	0.01126	0.03223	0.01459	0.13639	0.01081	0.01216	0.00829	0.00627	0.00652	0.00163	0.08989	0.00419	0.00344	0.00701
17	0.55728	0.01117	0.03722	0.14653	0.03099	0.01213	0.05047	0.01573	0.01032	0.02183	0.02637	0.01329	0.00849	0.00571	0.00430	0.00178	0.00528	0.03162	0.00330	0.00618
18	0.01006	0.00902	0.01526	0.36137	0.06577	0.01006	0.09920	0.01296	0.01124	0.01520	0.01597	0.18071	0.01567	0.03619	0.00706	0.00205	0.02607	0.04163	0.05861	0.00590
19	0.09505	0.00691	0.00679	0.00663	0.00715	0.04199	0.00407	0.00961	0.00857	0.01239	0.01596	0.03179	0.01789	0.66308	0.04706	0.00492	0.00575	0.00726	0.00333	0.00382
20	0.13915	0.40832	0.10543	0.01059	0.01472	0.06060	0.03023	0.01590	0.01111	0.01561	0.01043	0.09154	0.01003	0.00648	0.00505	0.00154	0.04907	0.00465	0.00285	0.00670
21	0.01265	0.32242	0.18548	0.20170	0.03599	0.02803	0.04737	0.03217	0.01177	0.01513	0.01030	0.05469	0.00891	0.00579	0.00483	0.00158	0.00685	0.00463	0.00264	0.00705
22	0.02460	0.00983	0.01310	0.01005	0.01434	0.00874	0.00830	0.07502	0.01653	0.72566	0.02128	0.01848	0.01343	0.00684	0.00557	0.00171	0.00480	0.00553	0.00677	0.00942
23	0.00704	0.00515	0.00666	0.00761	0.00832	0.00477	0.00539	0.00837	0.01156	0.01525	0.10449	0.56098	0.13212	0.01615	0.00701	0.00218	0.00328	0.08381	0.00523	0.00465
24	0.05778	0.11611	0.41747	0.11208	0.02329	0.03296	0.07883	0.01716	0.01184	0.04521	0.01132	0.01324	0.02823	0.00549	0.00514	0.00170	0.00747	0.00446	0.00272	0.00753
25	0.01009	0.00665	0.00810	0.00756	0.00942	0.00626	0.00572	0.01355	0.09146	0.10991	0.36763	0.12743	0.19136	0.01166	0.00639	0.00184	0.00316	0.01011	0.00583	0.00589
26	0.00949	0.00517	0.00547	0.00561	0.00653	0.00514	0.00390	0.01137	0.01077	0.01793	0.01923	0.10458	0.01774	0.17272	0.00923	0.00223	0.00322	0.00685	0.57811	0.00472
27	0.01187	0.01307	0.08438	0.39313	0.28148	0.01281	0.09233	0.01576	0.01185	0.01613	0.01018	0.01417	0.00792	0.00522	0.00560	0.00177	0.00738	0.00502	0.00258	0.00734
28	0.01164	0.04002	0.54752	0.01853	0.15650	0.01281	0.03525	0.01751	0.03778	0.01796	0.04537	0.01375	0.00979	0.00554	0.00537	0.00173	0.00749	0.00462	0.00271	0.00814
29	0.00851	0.00607	0.00832	0.00950	0.01056	0.00601	0.00794	0.01065	0.01214	0.01583	0.02924	0.16704	0.04532	0.06520	0.00884	0.00267	0.00480	0.57145	0.00500	0.00490
30	0.01129	0.08621	0.25869	0.01154	0.03337	0.04488	0.02648	0.02778	0.01283	0.04584	0.20874	0.02489	0.02195	0.12676	0.00898	0.00225	0.00591	0.03128	0.00383	0.00648
31	0.04988	0.02629	0.05316	0.03226	0.01341	0.00908	0.03340	0.12084	0.03280	0.17444	0.08660	0.24604	0.06362	0.01032	0.00599	0.00187	0.00458	0.00891	0.01967	0.00687
32	0.00940	0.00922	0.08860	0.04569	0.01267	0.00789	0.02315	0.07800	0.01258	0.01736	0.09172	0.41904	0.02775	0.03276	0.00764	0.00213	0.04630	0.02930	0.03315	0.00562

[dist]
# distance from previous block
# <min> <max>
0	1

[block]
# block no. 7 follows, 43 sequences, length 10
# corresponding to MSA columns:
# 315-324
name=unknown_H
#
# <colnr> <probs for GDERKNQSTAVLIFYWHMCP>
#	G	D	E	R	K	N	Q	S	T	A	V	L	I	F	Y	W	H	M	C	P
0	0.39210	0.01163	0.01282	0.12148	0.18103	0.06050	0.00997	0.01649	0.03041	0.02064	0.01031	0.01327	0.00835	0.00557	0.00445	0.00169	0.00546	0.02028	0.06691	0.00664
1	0.00931	0.00838	0.03735	0.00878	0.01123	0.00737	0.04228	0.06745	0.01336	0.01793	0.13413	0.14527	0.27014	0.01220	0.03009	0.00200	0.03476	0.02894	0.00468	0.11436
2	0.05149	0.01340	0.03843	0.21927	0.29721	0.06981	0.07007	0.07189	0.01344	0.04389	0.01247	0.01587	0.03277	0.00583	0.00552	0.00173	0.00694	0.01924	0.00318	0.00756
3	0.01460	0.00965	0.01210	0.00921	0.01322	0.00840	0.00746	0.01684	0.01230	0.20591	0.03637	0.01477	0.01111	0.00724	0.04115	0.00159	0.08024	0.00433	0.00416	0.48934
4	0.01523	0.47307	0.02127	0.00969	0.01331	0.18896	0.00863	0.01709	0.01232	0.01467	0.00996	0.01148	0.00853	0.00530	0.00394	0.00126	0.00617	0.00354	0.16903	0.00656
5	0.02202	0.06671	0.01473	0.01042	0.01470	0.01153	0.00870	0.23139	0.01810	0.45423	0.01781	0.01634	0.01182	0.00652	0.00530	0.00161	0.00509	0.00511	0.03478	0.04309
6	0.62032	0.16974	0.01210	0.00757	0.01111	0.01381	0.00654	0.01610	0.00994	0.02219	0.00843	0.00979	0.00679	0.00515	0.00348	0.00158	0.00449	0.00314	0.06153	0.00616
7	0.01259	0.01065	0.01150	0.01041	0.01318	0.01207	0.00806	0.02564	0.61195	0.02298	0.17144	0.02480	0.02397	0.00827	0.00581	0.00185	0.00403	0.00701	0.00573	0.00806
8	0.00855	0.00612	0.00845	0.00938	0.01059	0.00601	0.00792	0.01101	0.01318	0.01753	0.17695	0.11009	0.03628	0.01465	0.00739	0.00237	0.00447	0.53867	0.00530	0.00508
9	0.02122	0.00904	0.01199	0.00945	0.01315	0.00810	0.00770	0.06714	0.01643	0.58002	0.17037	0.02302	0.02115	0.00773	0.00576	0.00172	0.00438	0.00642	0.00662	0.00859

[dist]
# distance from previous block
# <min> <max>
0	1

[block]
# block no. 8 follows, 43 sequences, length 7
# corresponding to MSA columns:
# 326-332
name=unknown_I
#
# <colnr> <probs for GDERKNQSTAVLIFYWHMCP>
#	G	D	E	R	K	N	Q	S	T	A	V	L	I	F	Y	W	H	M	C	P
0	0.09146	0.01449	0.01520	0.01202	0.01615	0.01619	0.00984	0.56748	0.14742	0.03207	0.01436	0.01415	0.01037	0.00666	0.00537	0.00170	0.00565	0.00503	0.00537	0.00901
1	0.00799	0.00629	0.00735	0.00770	0.00899	0.00617	0.00553	0.01171	0.13708	0.01676	0.11819	0.40113	0.21579	0.01421	0.00664	0.00204	0.00324	0.01252	0.00533	0.00534
2	0.00943	0.00701	0.00932	0.00918	0.01043	0.00698	0.04516	0.11690	0.01294	0.01744	0.02582	0.55016	0.02937	0.06045	0.00797	0.00231	0.00413	0.03959	0.03006	0.00535
3	0.01183	0.01005	0.01276	0.00960	0.01366	0.00875	0.05015	0.07777	0.01339	0.01995	0.13681	0.01687	0.01564	0.00585	0.00550	0.00119	0.04515	0.00483	0.00388	0.53638
4	0.02307	0.01235	0.01322	0.01058	0.01447	0.13797	0.00853	0.05976	0.01630	0.57247	0.05870	0.01830	0.01445	0.00689	0.00552	0.00166	0.00555	0.00544	0.00608	0.00870
5	0.00900	0.00609	0.00830	0.00878	0.01010	0.00585	0.00719	0.01139	0.01370	0.05097	0.29072	0.12972	0.03880	0.01374	0.00710	0.00220	0.00401	0.37155	0.00553	0.00527
6	0.19279	0.01062	0.03805	0.00953	0.01251	0.01111	0.00784	0.13318	0.16840	0.07020	0.01738	0.05896	0.03890	0.01310	0.13514	0.00295	0.00630	0.00579	0.06021	0.00705

[dist]
# distance from previous block
# <min> <max>
1	10

[block]
# block no. 9 follows, 43 sequences, length 15
# corresponding to MSA columns:
# 344-358
name=unknown_J
#
# <colnr> <probs for GDERKNQSTAVLIFYWHMCP>
#	G	D	E	R	K	N	Q	S	T	A	V	L	I	F	Y	W	H	M	C	P
0	0.01670	0.01486	0.07589	0.09681	0.17685	0.04049	0.01265	0.31223	0.09334	0.05642	0.01337	0.01452	0.00991	0.00613	0.00544	0.00169	0.00627	0.00501	0.03290	0.00854
1	0.01486	0.01063	0.01236	0.05032	0.01452	0.04277	0.03327	0.19327	0.04584	0.12238	0.04375	0.07310	0.09742	0.00864	0.01708	0.00175	0.00509	0.02791	0.07590	0.10913
2	0.04959	0.10847	0.39941	0.01452	0.06076	0.03006	0.01523	0.09353	0.08134	0.07818	0.01200	0.01287	0.00874	0.00566	0.00509	0.00168	0.00690	0.00436	0.00339	0.00824
3	0.08938	0.22658	0.01812	0.01192	0.01541	0.43881	0.00967	0.03736	0.01418	0.05658	0.01034	0.01130	0.02719	0.00571	0.00457	0.00142	0.00788	0.00371	0.00312	0.00675
4	0.00719	0.00557	0.00655	0.00645	0.00791	0.00493	0.00478	0.00914	0.01393	0.01839	0.39770	0.11145	0.36009	0.01300	0.00658	0.00184	0.00275	0.01123	0.00560	0.00493
5	0.04735	0.04620	0.12116	0.01169	0.01478	0.01125	0.04614	0.10445	0.05105	0.07197	0.04771	0.15148	0.03707	0.00994	0.00750	0.00200	0.09976	0.10737	0.00434	0.00680
6	0.00819	0.07404	0.00897	0.00759	0.00851	0.00700	0.00548	0.00933	0.00970	0.01300	0.04778	0.20863	0.06309	0.25326	0.24552	0.00502	0.00751	0.00904	0.00377	0.00456
7	0.01042	0.00624	0.00806	0.00742	0.00922	0.00563	0.00569	0.01271	0.01492	0.14333	0.48810	0.08550	0.13403	0.01143	0.00645	0.00181	0.00310	0.03414	0.00601	0.00579
8	0.01305	0.01497	0.09039	0.30363	0.30687	0.10625	0.01574	0.01646	0.01214	0.01583	0.00979	0.01337	0.00783	0.00551	0.00604	0.00174	0.04576	0.00468	0.00260	0.00735
9	0.09694	0.19142	0.21039	0.04882	0.14012	0.01457	0.04520	0.06979	0.01295	0.08305	0.01181	0.01321	0.02780	0.00553	0.00489	0.00161	0.00647	0.00440	0.00323	0.00781
10	0.01029	0.00648	0.00853	0.00887	0.01060	0.00609	0.00742	0.01250	0.01328	0.11297	0.09791	0.08418	0.17677	0.01372	0.00705	0.00223	0.00430	0.40583	0.00542	0.00555
11	0.00805	0.00537	0.00604	0.00604	0.00604	0.00537	0.00336	0.00805	0.00805	0.01074	0.01745	0.03624	0.02013	0.80536	0.02819	0.00537	0.00537	0.00805	0.00336	0.00336
12	0.01136	0.27615	0.07713	0.02647	0.01300	0.05913	0.00885	0.01349	0.01222	0.01550	0.14837	0.11491	0.02257	0.04131	0.00688	0.02812	0.00532	0.10951	0.00380	0.00592
13	0.01440	0.03796	0.21495	0.06133	0.36497	0.15205	0.01629	0.04206	0.01326	0.01738	0.00996	0.01244	0.00794	0.00524	0.00530	0.00163	0.00761	0.00443	0.00273	0.00805
14	0.00827	0.00624	0.00842	0.00932	0.01029	0.00639	0.00757	0.01015	0.01181	0.01548	0.03077	0.27537	0.10356	0.01539	0.00810	0.00239	0.05907	0.40153	0.00493	0.00495

[dist]
# distance from previous block
# <min> <max>
0	1

[block]
# block no. 10 follows, 43 sequences, length 29
# corresponding to MSA columns:
# 360-388
name=unknown_K
#
# <colnr> <probs for GDERKNQSTAVLIFYWHMCP>
#	G	D	E	R	K	N	Q	S	T	A	V	L	I	F	Y	W	H	M	C	P
0	0.03391	0.04132	0.09531	0.10519	0.31781	0.02472	0.01312	0.01500	0.01148	0.03969	0.02837	0.03951	0.03326	0.11568	0.00937	0.00225	0.05817	0.00573	0.00307	0.00705
1	0.01294	0.01359	0.08468	0.14054	0.46450	0.01244	0.01544	0.04170	0.02801	0.01811	0.01092	0.01448	0.00897	0.00527	0.00537	0.00162	0.00649	0.01799	0.00292	0.09402
2	0.19149	0.10991	0.08727	0.01188	0.01605	0.21649	0.01040	0.23832	0.03240	0.02282	0.01013	0.01103	0.00777	0.00575	0.00470	0.00157	0.00687	0.00391	0.00373	0.00752
3	0.00726	0.00535	0.00679	0.00754	0.00834	0.00493	0.00521	0.02319	0.01161	0.01549	0.09890	0.61512	0.11217	0.01583	0.00684	0.00211	0.00320	0.01420	0.00518	0.03072
4	0.00723	0.00564	0.00656	0.00633	0.00790	0.00497	0.00475	0.00928	0.01424	0.01881	0.43402	0.04697	0.38825	0.01259	0.00654	0.00180	0.00270	0.01080	0.00565	0.00497
5	0.02000	0.01427	0.01555	0.01206	0.01637	0.01544	0.00989	0.56953	0.10010	0.09403	0.01474	0.01440	0.01047	0.00659	0.00546	0.00163	0.00567	0.00506	0.00551	0.06323
6	0.00951	0.00488	0.00733	0.00733	0.00739	0.00495	0.00495	0.00739	0.00733	0.00983	0.00996	0.01716	0.00990	0.02071	0.07174	0.78428	0.00547	0.00488	0.00244	0.00257
7	0.02069	0.02640	0.01569	0.01427	0.01712	0.78313	0.01070	0.02212	0.01569	0.01355	0.00856	0.00999	0.00713	0.00571	0.00499	0.00143	0.00999	0.00357	0.00285	0.00642
8	0.01392	0.00701	0.00935	0.00800	0.01037	0.00627	0.00627	0.01636	0.01574	0.29101	0.50138	0.03333	0.03849	0.00973	0.00619	0.00173	0.00336	0.00843	0.00637	0.00673
9	0.00870	0.00621	0.00867	0.00994	0.01112	0.00618	0.00853	0.01109	0.01253	0.01632	0.02945	0.13879	0.03236	0.01551	0.00759	0.00252	0.00490	0.65943	0.00510	0.00504
10	0.00658	0.00548	0.00574	0.00595	0.00757	0.00465	0.00436	0.00791	0.01229	0.01483	0.05191	0.17595	0.64862	0.01457	0.00663	0.00193	0.00287	0.01235	0.00514	0.00465
11	0.10126	0.01121	0.01346	0.03388	0.01531	0.01120	0.00878	0.21012	0.04736	0.46222	0.01799	0.01645	0.01182	0.00663	0.00536	0.00171	0.00509	0.00518	0.00601	0.00897
