[name]
unknown

[dist]
# distance from previous block
# <min> <max>
26	183

[block]
# block no. 0 follows, 46 sequences, length 73
# corresponding to MSA columns:
# 226-298
name=unknown_A
#
# <colnr> <probs for GDERKNQSTAVLIFYWHMCP>
#	G	D	E	R	K	N	Q	S	T	A	V	L	I	F	Y	W	H	M	C	P
0	0.28704	0.01020	0.01083	0.06867	0.04406	0.04230	0.00766	0.10337	0.02705	0.16003	0.12195	0.01761	0.01502	0.05550	0.00607	0.00184	0.00473	0.00507	0.00438	0.00662
1	0.01768	0.01315	0.01423	0.01092	0.01492	0.01397	0.00890	0.58148	0.02133	0.02914	0.01250	0.01374	0.00946	0.04710	0.00612	0.00163	0.00537	0.00465	0.02987	0.14386
2	0.01765	0.01376	0.01419	0.01133	0.01504	0.05404	0.00916	0.53919	0.10608	0.02856	0.01546	0.05552	0.03404	0.00703	0.00529	0.00159	0.00546	0.00548	0.01925	0.04185
3	0.01231	0.06779	0.04319	0.16058	0.05371	0.04546	0.15098	0.06847	0.01148	0.01578	0.00969	0.01326	0.00800	0.00799	0.04839	0.00215	0.22360	0.00482	0.04588	0.00644
4	0.02812	0.11807	0.26483	0.01115	0.01582	0.01128	0.03498	0.03286	0.08887	0.15367	0.10224	0.01824	0.04968	0.00703	0.00574	0.03542	0.00554	0.00531	0.00395	0.00721
5	0.00982	0.00765	0.00905	0.03252	0.04971	0.00769	0.00656	0.05243	0.16591	0.05148	0.18446	0.08736	0.29360	0.01049	0.00593	0.00176	0.00352	0.00896	0.00508	0.00601
6	0.00727	0.00529	0.00689	0.00774	0.00848	0.00496	0.00546	0.03057	0.01079	0.01449	0.02753	0.67781	0.03238	0.01543	0.00661	0.00209	0.00336	0.08027	0.00482	0.04777
7	0.00751	0.00564	0.00773	0.00950	0.06835	0.00543	0.00599	0.03797	0.01092	0.01468	0.03718	0.70653	0.03207	0.01516	0.00656	0.00207	0.00342	0.01374	0.00476	0.00481
8	0.15908	0.01280	0.07775	0.33682	0.15108	0.05671	0.02479	0.03967	0.06129	0.01739	0.00999	0.01279	0.00767	0.00526	0.00489	0.00167	0.00641	0.00435	0.00286	0.00672
9	0.05587	0.01258	0.01954	0.05921	0.62443	0.03537	0.01478	0.01724	0.07690	0.01774	0.01073	0.01336	0.00880	0.00498	0.00513	0.00159	0.00611	0.00469	0.00288	0.00807
10	0.00654	0.00481	0.00601	0.00686	0.00744	0.00441	0.00463	0.00753	0.01048	0.01371	0.06319	0.58768	0.16510	0.07540	0.00815	0.00229	0.00313	0.01358	0.00482	0.00427
11	0.04580	0.11664	0.55111	0.01535	0.09194	0.03023	0.01674	0.01641	0.01132	0.01664	0.03507	0.01184	0.00828	0.00513	0.00482	0.00159	0.00712	0.00399	0.00245	0.00753
12	0.02907	0.01089	0.01130	0.01063	0.05744	0.09451	0.00773	0.16556	0.09988	0.09654	0.17094	0.07254	0.10153	0.02532	0.00601	0.00173	0.00467	0.00709	0.01987	0.00676
13	0.02266	0.00948	0.01240	0.00959	0.01354	0.00862	0.00786	0.09362	0.03384	0.67447	0.01999	0.01803	0.01296	0.03016	0.00595	0.00174	0.00463	0.00535	0.00630	0.00881
14	0.00688	0.00498	0.00645	0.00742	0.00798	0.00470	0.00511	0.02701	0.01083	0.01436	0.05207	0.69522	0.07981	0.01587	0.00668	0.00211	0.00316	0.03993	0.00494	0.00447
15	0.01211	0.05125	0.09775	0.12202	0.51888	0.01227	0.01522	0.01540	0.01158	0.01633	0.01067	0.05337	0.00931	0.00539	0.00518	0.00159	0.00628	0.00503	0.00266	0.02769
16	0.05195	0.41680	0.15980	0.01153	0.01613	0.18379	0.03151	0.03266	0.01194	0.01438	0.00810	0.00949	0.00681	0.00495	0.00435	0.00135	0.02185	0.00331	0.00248	0.00682
17	0.12876	0.06201	0.01479	0.04273	0.01404	0.07548	0.02173	0.03909	0.00988	0.01541	0.00887	0.03715	0.00822	0.00849	0.02885	0.00209	0.42643	0.00458	0.04553	0.00588
18	0.01499	0.03816	0.02206	0.11768	0.11755	0.24210	0.27871	0.07377	0.01380	0.01649	0.00976	0.01244	0.00763	0.00503	0.00542	0.00160	0.00821	0.00482	0.00283	0.00696
19	0.00831	0.00665	0.04685	0.00759	0.00909	0.00555	0.00600	0.01070	0.03829	0.05465	0.35488	0.26674	0.08784	0.01243	0.00672	0.02707	0.00325	0.03707	0.00518	0.00511
20	0.04867	0.44355	0.17647	0.01131	0.01601	0.09951	0.03493	0.03661	0.01161	0.01472	0.02368	0.01019	0.00770	0.00512	0.00466	0.00138	0.04103	0.00348	0.00252	0.00687
21	0.01126	0.16529	0.57706	0.01446	0.04119	0.01361	0.04552	0.01635	0.01129	0.01615	0.03507	0.01181	0.00826	0.00510	0.00483	0.00158	0.00725	0.00402	0.00239	0.00752
22	0.02215	0.00875	0.01184	0.00919	0.01301	0.00764	0.00754	0.03496	0.01526	0.70278	0.09142	0.01992	0.01646	0.00694	0.00540	0.00164	0.00433	0.00570	0.00646	0.00862
23	0.00858	0.00462	0.00668	0.00693	0.00706	0.00455	0.00464	0.00721	0.00789	0.01068	0.03307	0.18501	0.01579	0.01746	0.01689	0.62324	0.00416	0.00694	0.02574	0.00286
24	0.01178	0.11753	0.46163	0.03038	0.05140	0.01274	0.10492	0.01650	0.01151	0.05530	0.03639	0.01305	0.00900	0.00658	0.03733	0.00190	0.00752	0.00444	0.00267	0.00743
25	0.01514	0.00980	0.01130	0.00955	0.01253	0.01026	0.00757	0.15697	0.25800	0.19336	0.17828	0.04464	0.05291	0.00814	0.00560	0.00170	0.00411	0.00681	0.00568	0.00765
26	0.00759	0.00519	0.00627	0.00635	0.00653	0.00534	0.00391	0.00798	0.00798	0.01080	0.01695	0.07789	0.01908	0.62899	0.16244	0.00555	0.00662	0.00776	0.00324	0.00354
27	0.11280	0.01404	0.01617	0.02663	0.21966	0.16918	0.07321	0.06522	0.03527	0.07508	0.01259	0.01423	0.03903	0.00588	0.00571	0.00160	0.05535	0.00471	0.04655	0.00707
28	0.03791	0.55417	0.02370	0.01123	0.05328	0.16019	0.00961	0.06966	0.01253	0.01455	0.00801	0.00921	0.00700	0.00484	0.00387	0.00124	0.00636	0.00317	0.00260	0.00687
29	0.00762	0.00529	0.00659	0.00659	0.00691	0.00557	0.00426	0.00822	0.00801	0.01094	0.01652	0.03064	0.03026	0.56351	0.26118	0.00610	0.00785	0.00713	0.00312	0.00369
30	0.01234	0.01186	0.02032	0.18312	0.60174	0.01228	0.03487	0.01556	0.01176	0.01647	0.01062	0.01397	0.02154	0.00497	0.00529	0.00162	0.00644	0.00486	0.00261	0.00778
31	0.01290	0.01117	0.01561	0.33413	0.16111	0.02480	0.01247	0.16412	0.10446	0.01930	0.01296	0.04731	0.01055	0.00631	0.00536	0.00171	0.00606	0.02291	0.01963	0.00714
32	0.00774	0.00557	0.00707	0.00777	0.00848	0.00543	0.00538	0.07697	0.01167	0.01563	0.05762	0.70654	0.03317	0.01539	0.00659	0.00208	0.00330	0.01387	0.00498	0.00475
33	0.00902	0.00781	0.01125	0.01040	0.01098	0.01008	0.00834	0.01060	0.00833	0.01239	0.01158	0.01772	0.01106	0.04612	0.49234	0.00616	0.30277	0.00533	0.00265	0.00507
34	0.81725	0.04329	0.00859	0.00704	0.01036	0.01223	0.00586	0.01555	0.00907	0.02326	0.00736	0.00858	0.00577	0.00489	0.00328	0.00162	0.00415	0.00286	0.00323	0.00577
35	0.00734	0.00513	0.00626	0.00649	0.00682	0.00517	0.00414	0.00791	0.00857	0.01146	0.02104	0.17870	0.07183	0.48311	0.14878	0.00490	0.00607	0.00896	0.00357	0.00374
36	0.01096	0.00940	0.01096	0.00783	0.01253	0.00705	0.00626	0.01331	0.01096	0.01723	0.00940	0.01096	0.00783	0.00392	0.00392	0.00078	0.00392	0.00313	0.00313	0.84653
37	0.01298	0.18893	0.34016	0.01559	0.12393	0.07159	0.03681	0.06447	0.01240	0.01668	0.00997	0.01158	0.01991	0.00506	0.00471	0.00148	0.00690	0.00396	0.00263	0.05027
38	0.04407	0.07772	0.01676	0.09403	0.04323	0.03280	0.13253	0.07302	0.03459	0.01786	0.06796	0.02993	0.01176	0.00591	0.00598	0.00149	0.07543	0.00495	0.03771	0.19226
39	0.01279	0.05211	0.01418	0.14930	0.03765	0.07288	0.03686	0.16602	0.03664	0.02985	0.08666	0.10551	0.01602	0.06662	0.02197	0.00210	0.07623	0.00646	0.00383	0.00633
40	0.00678	0.00498	0.00624	0.00673	0.00752	0.00457	0.00467	0.00814	0.01161	0.01554	0.23955	0.42104	0.15997	0.06777	0.00787	0.00215	0.00298	0.01239	0.00505	0.00444
41	0.00711	0.00523	0.00673	0.00724	0.00823	0.00485	0.00542	0.00887	0.01234	0.01653	0.27727	0.31733	0.14897	0.01388	0.00660	0.00198	0.00313	0.13843	0.00520	0.00464
42	0.04626	0.09381	0.01602	0.06425	0.05590	0.31554	0.01017	0.20725	0.03823	0.03468	0.01072	0.03286	0.00869	0.00598	0.00509	0.00150	0.02333	0.00430	0.01837	0.00705
43	0.02854	0.01195	0.03305	0.38543	0.24284	0.04356	0.07025	0.06881	0.01236	0.01655	0.01030	0.01460	0.00822	0.00538	0.00533	0.00169	0.00688	0.02459	0.00276	0.00692
44	0.00717	0.00505	0.00656	0.00740	0.00788	0.00486	0.00521	0.00829	0.01032	0.01378	0.08134	0.44511	0.03177	0.19057	0.01123	0.00282	0.00381	0.14804	0.00459	0.00421
45	0.00647	0.00521	0.00577	0.00595	0.00736	0.00451	0.00434	0.00790	0.01211	0.01517	0.15808	0.19916	0.52220	0.01363	0.00634	0.00184	0.00273	0.01168	0.00505	0.00451
46	0.01278	0.01060	0.01083	0.00970	0.01224	0.06556	0.00749	0.09522	0.36769	0.05295	0.16458	0.08268	0.06770	0.00869	0.00564	0.00174	0.00425	0.00730	0.00525	0.00713
47	0.08937	0.05243	0.22128	0.01396	0.05519	0.01218	0.13226	0.11864	0.07539	0.02001	0.07257	0.08636	0.01390	0.00673	0.00531	0.00170	0.00606	0.00590	0.00362	0.00716
48	0.00660	0.00470	0.00624	0.00742	0.00776	0.00442	0.00502	0.00756	0.01013	0.01348	0.02858	0.74109	0.03410	0.04839	0.00758	0.00228	0.00324	0.05228	0.00484	0.00428
49	0.01811	0.01291	0.01383	0.01089	0.01457	0.01421	0.00890	0.57892	0.07600	0.04749	0.01421	0.01439	0.01029	0.00638	0.00505	0.00155	0.00516	0.00489	0.13394	0.00832
50	0.00767	0.00563	0.00831	0.00831	0.00927	0.00652	0.00646	0.00959	0.00863	0.01265	0.01432	0.02071	0.01323	0.03793	0.75268	0.00812	0.01356	0.00563	0.04604	0.00473
51	0.01892	0.01371	0.01489	0.01176	0.01569	0.01510	0.00968	0.61142	0.10222	0.06675	0.01482	0.01618	0.01107	0.00688	0.00541	0.00166	0.00553	0.04428	0.00534	0.00871
52	0.01734	0.01276	0.01399	0.01103	0.01459	0.01387	0.00890	0.54224	0.05093	0.04762	0.01401	0.05568	0.01137	0.06987	0.00731	0.00187	0.02874	0.00546	0.00490	0.06750
53	0.01615	0.47313	0.06488	0.01068	0.01514	0.08998	0.01001	0.22897	0.01517	0.01866	0.00906	0.00992	0.00741	0.00515	0.00415	0.00131	0.00617	0.00349	0.00316	0.00741
54	0.01416	0.01060	0.01325	0.11983	0.01662	0.01121	0.00911	0.19865	0.02671	0.09259	0.01178	0.01361	0.00906	0.00761	0.04651	0.00182	0.10762	0.00440	0.04244	0.24239
55	0.03469	0.00992	0.01581	0.31129	0.11644	0.01171	0.05724	0.01401	0.01074	0.05353	0.06750	0.01592	0.01122	0.00866	0.05819	0.00226	0.17186	0.00519	0.01758	0.00623
56	0.01025	0.00581	0.00811	0.02880	0.00875	0.00607	0.00550	0.08439	0.00888	0.01189	0.00975	0.01586	0.00927	0.01764	0.04961	0.70382	0.00517	0.00465	0.00262	0.00317
57	0.00656	0.00469	0.00627	0.00744	0.00782	0.00439	0.00507	0.00760	0.01036	0.01384	0.05271	0.75395	0.03524	0.01630	0.00676	0.00214	0.00313	0.04646	0.00493	0.00434
58	0.01160	0.01132	0.02058	0.23099	0.07153	0.01204	0.29857	0.05312	0.03760	0.01669	0.01223	0.07068	0.01028	0.00617	0.00645	0.00178	0.05977	0.00607	0.05597	0.00657
59	0.01203	0.01149	0.01956	0.29331	0.52859	0.01228	0.01570	0.01530	0.01154	0.01599	0.00976	0.01343	0.00792	0.00491	0.00525	0.00164	0.00654	0.00471	0.00253	0.00753
60	0.04568	0.00913	0.01214	0.00936	0.01337	0.00809	0.00772	0.04840	0.01527	0.72344	0.03722	0.01805	0.01358	0.00659	0.00528	0.00163	0.00448	0.00533	0.00640	0.00882
61	0.02424	0.03392	0.00861	0.00746	0.00894	0.00773	0.00579	0.08615	0.01122	0.03466	0.01497	0.01998	0.01297	0.09820	0.26230	0.00406	0.03405	0.00532	0.31413	0.00529
62	0.01538	0.58738	0.02474	0.01065	0.01483	0.17000	0.04792	0.01738	0.02430	0.03358	0.00828	0.00942	0.00718	0.00480	0.00389	0.00123	0.00652	0.00323	0.00254	0.00676
63	0.00680	0.00492	0.00650	0.00762	0.00821	0.00463	0.00548	0.00802	0.01064	0.01397	0.03087	0.61679	0.09324	0.01596	0.00681	0.00217	0.00336	0.14470	0.00490	0.00441
64	0.00988	0.00656	0.00825	0.00746	0.00922	0.00635	0.00571	0.02755	0.09675	0.09437	0.61024	0.03481	0.04197	0.00993	0.00604	0.00167	0.00293	0.00868	0.00583	0.00581
65	0.03728	0.04559	0.00878	0.06969	0.01091	0.03322	0.00627	0.04274	0.01083	0.01443	0.02351	0.49328	0.04409	0.08743	0.02141	0.00238	0.00430	0.03480	0.00427	0.00479
66	0.01255	0.01089	0.04076	0.01506	0.14688	0.01064	0.08804	0.23021	0.01541	0.02089	0.04833	0.22257	0.03007	0.00945	0.00597	0.00183	0.00532	0.07393	0.00433	0.00686
67	0.00870	0.00680	0.00742	0.00705	0.00870	0.04259	0.00542	0.01050	0.01312	0.06393	0.28250	0.06423	0.36552	0.01173	0.00664	0.00178	0.03603	0.04717	0.00510	0.00506
68	0.01076	0.00784	0.01102	0.03085	0.01207	0.00819	0.06317	0.13293	0.01291	0.05654	0.10081	0.26200	0.02221	0.02996	0.12576	0.06016	0.03418	0.00873	0.00431	0.00559
69	0.01215	0.01298	0.06775	0.16695	0.46093	0.02714	0.10012	0.01559	0.01164	0.01618	0.01009	0.01361	0.00821	0.00661	0.04583	0.00199	0.00728	0.00486	0.00256	0.00752
70	0.05489	0.02079	0.48771	0.06740	0.06093	0.01171	0.09470	0.02981	0.01149	0.01724	0.01224	0.01414	0.04826	0.00547	0.00510	0.00167	0.00707	0.00463	0.03747	0.00726
71	0.01523	0.01618	0.01909	0.05647	0.49297	0.23664	0.01412	0.05593	0.01348	0.01670	0.00956	0.01209	0.00790	0.00503	0.00510	0.00152	0.00722	0.00434	0.00277	0.00766
72	0.07140	0.01199	0.01368	0.11321	0.01716	0.01276	0.00919	0.39348	0.03319	0.05742	0.01203	0.01377	0.00915	0.04684	0.00601	0.00165	0.00539	0.00452	0.00432	0.16286

[dist]
# distance from previous block
# <min> <max>
0	1

[block]
# block no. 1 follows, 46 sequences, length 74
# corresponding to MSA columns:
# 300-373
name=unknown_B
#
# <colnr> <probs for GDERKNQSTAVLIFYWHMCP>
#	G	D	E	R	K	N	Q	S	T	A	V	L	I	F	Y	W	H	M	C	P
0	0.14069	0.16238	0.11994	0.01103	0.01444	0.21260	0.01004	0.01695	0.02874	0.04421	0.04440	0.01228	0.00950	0.00734	0.03953	0.00184	0.08932	0.00396	0.02441	0.00639
1	0.00758	0.00557	0.00728	0.00791	0.00852	0.00562	0.00565	0.03926	0.01101	0.01487	0.08783	0.54997	0.03198	0.06329	0.03139	0.00248	0.03811	0.07235	0.00472	0.00460
2	0.00668	0.00483	0.00630	0.00723	0.00774	0.00445	0.00487	0.00771	0.01039	0.01397	0.07362	0.69564	0.05139	0.04467	0.00735	0.00218	0.00312	0.01400	0.00485	0.02901
3	0.01356	0.08018	0.01855	0.20086	0.03561	0.16997	0.11927	0.05353	0.01199	0.01500	0.00909	0.01224	0.00746	0.00602	0.00764	0.00170	0.17648	0.00447	0.03112	0.02527
4	0.06794	0.02336	0.01095	0.02333	0.02907	0.01024	0.00751	0.11274	0.10426	0.03295	0.06268	0.06710	0.03691	0.01058	0.07813	0.00226	0.10950	0.00585	0.13757	0.06707
5	0.10303	0.47623	0.19495	0.01026	0.01528	0.01724	0.01096	0.06552	0.01160	0.01621	0.00848	0.00971	0.00700	0.00485	0.00388	0.00134	0.00589	0.00326	0.02734	0.00699
6	0.01215	0.00888	0.01016	0.00886	0.01120	0.00921	0.00685	0.20768	0.09618	0.05535	0.13457	0.17551	0.10087	0.03709	0.00678	0.00183	0.02726	0.00826	0.02390	0.05742
7	0.00672	0.00479	0.00640	0.00759	0.00799	0.00453	0.00527	0.00779	0.01028	0.01366	0.02861	0.69913	0.03394	0.04167	0.00745	0.00227	0.00334	0.09940	0.00485	0.00433
8	0.01442	0.01023	0.01168	0.01037	0.01322	0.01126	0.00829	0.06205	0.45715	0.15029	0.05980	0.02446	0.01836	0.00813	0.00598	0.00184	0.02760	0.09157	0.00544	0.00785
9	0.01243	0.01214	0.01894	0.21069	0.51554	0.05763	0.01497	0.01548	0.01183	0.01599	0.01081	0.03278	0.00938	0.00552	0.00533	0.00165	0.00653	0.03223	0.00269	0.00743
10	0.00648	0.00463	0.00617	0.00733	0.00768	0.00432	0.00491	0.00746	0.01030	0.01378	0.05682	0.78227	0.03552	0.01635	0.00673	0.00213	0.00305	0.01483	0.00494	0.00432
11	0.03862	0.01026	0.01201	0.00952	0.01303	0.01032	0.00776	0.28536	0.01769	0.34023	0.03503	0.03969	0.02932	0.00691	0.00512	0.00158	0.00456	0.00550	0.11944	0.00805
12	0.00643	0.00464	0.00609	0.00726	0.00764	0.00430	0.00486	0.00737	0.01022	0.01354	0.03041	0.77104	0.07386	0.01640	0.00672	0.00213	0.00305	0.01483	0.00491	0.00430
13	0.03917	0.01286	0.01424	0.01109	0.01504	0.01381	0.00911	0.52253	0.06159	0.17781	0.04017	0.01504	0.01155	0.00654	0.00525	0.00160	0.00525	0.00505	0.02362	0.00866
14	0.00651	0.00464	0.00616	0.00730	0.00763	0.00434	0.00487	0.00746	0.01024	0.01370	0.05600	0.76534	0.03515	0.03432	0.00718	0.00220	0.00309	0.01467	0.00490	0.00429
15	0.05743	0.00938	0.01212	0.00943	0.01333	0.00858	0.00775	0.09332	0.01566	0.64189	0.04192	0.03657	0.01399	0.00682	0.00529	0.00164	0.00451	0.00552	0.00623	0.00863
16	0.00998	0.00940	0.01586	0.80150	0.03641	0.01175	0.01468	0.01351	0.01057	0.01351	0.00940	0.01409	0.00705	0.00529	0.00529	0.00176	0.00705	0.00470	0.00235	0.00587
17	0.01994	0.14464	0.01493	0.00970	0.01359	0.01119	0.00821	0.10863	0.06979	0.46712	0.01818	0.04491	0.01299	0.00679	0.00510	0.00160	0.00478	0.02411	0.00550	0.00831
18	0.01242	0.01404	0.03035	0.04740	0.05521	0.01329	0.71128	0.01680	0.01240	0.01684	0.01063	0.01421	0.00800	0.00449	0.00617	0.00177	0.00876	0.00613	0.00266	0.00714
19	0.00854	0.00622	0.00843	0.00944	0.01076	0.00623	0.00816	0.01138	0.04040	0.01616	0.05449	0.05702	0.06928	0.01414	0.00714	0.00235	0.00465	0.65532	0.00492	0.00498
20	0.01104	0.00935	0.01090	0.00789	0.01240	0.00721	0.00631	0.03433	0.01156	0.01788	0.04843	0.01246	0.00999	0.00433	0.00407	0.00085	0.00390	0.00350	0.00333	0.78027
21	0.00842	0.00834	0.08188	0.00847	0.03971	0.00654	0.00690	0.05597	0.01418	0.01923	0.40215	0.03787	0.25404	0.01058	0.00605	0.00171	0.00345	0.02399	0.00504	0.00548
22	0.01200	0.03411	0.01369	0.04854	0.01516	0.00931	0.05784	0.08501	0.01226	0.01826	0.00965	0.01145	0.00785	0.00445	0.00471	0.00104	0.03176	0.00361	0.00321	0.61608
23	0.02350	0.00934	0.01248	0.00957	0.01367	0.00828	0.00790	0.06943	0.01571	0.74041	0.02037	0.01768	0.01284	0.00653	0.00531	0.00163	0.00458	0.00528	0.00647	0.00900
24	0.01801	0.01305	0.01399	0.01103	0.01471	0.01435	0.00903	0.61745	0.03986	0.03042	0.01484	0.03251	0.02625	0.00684	0.00519	0.00158	0.00526	0.01671	0.10068	0.00826
25	0.01409	0.01177	0.03054	0.01235	0.07342	0.07349	0.00934	0.12811	0.26249	0.07934	0.08055	0.02623	0.01875	0.00833	0.00573	0.00181	0.00511	0.14627	0.00489	0.00738
26	0.00708	0.00565	0.00625	0.00600	0.00767	0.00499	0.00453	0.03056	0.01343	0.01723	0.30299	0.04582	0.50440	0.01229	0.00622	0.00174	0.00271	0.01042	0.00524	0.00478
27	0.00654	0.00469	0.00623	0.00738	0.00777	0.00438	0.00501	0.00757	0.01039	0.01385	0.05539	0.74475	0.04950	0.01624	0.00674	0.00213	0.00310	0.03905	0.00494	0.00434
28	0.00998	0.00940	0.01586	0.80150	0.03641	0.01175	0.01468	0.01351	0.01057	0.01351	0.00940	0.01409	0.00705	0.00529	0.00529	0.00176	0.00705	0.00470	0.00235	0.00587
29	0.00696	0.00545	0.00632	0.00676	0.00789	0.00508	0.00479	0.00916	0.06720	0.01490	0.09027	0.39180	0.31805	0.03149	0.00686	0.00201	0.00301	0.01234	0.00497	0.00468
30	0.00825	0.00608	0.00789	0.00853	0.00990	0.00590	0.00714	0.03504	0.01278	0.01663	0.12104	0.09880	0.16510	0.01378	0.00689	0.00218	0.00412	0.46003	0.00500	0.00491
31	0.00658	0.00472	0.00623	0.00735	0.00776	0.00441	0.00500	0.00760	0.01035	0.01377	0.05150	0.71645	0.05650	0.03433	0.00720	0.00220	0.00316	0.04566	0.00489	0.00432
32	0.04579	0.15751	0.53025	0.01387	0.02035	0.03361	0.05783	0.01641	0.01119	0.01623	0.02648	0.01139	0.00773	0.00514	0.00505	0.00159	0.02585	0.00395	0.00240	0.00736
33	0.01408	0.01355	0.01829	0.15135	0.42275	0.10581	0.01387	0.11586	0.03150	0.01826	0.01093	0.03995	0.00914	0.00557	0.00525	0.00160	0.00657	0.00494	0.00308	0.00764
34	0.40865	0.05037	0.09647	0.10685	0.04397	0.09641	0.02701	0.01607	0.01046	0.04125	0.00879	0.01114	0.00700	0.03203	0.00518	0.00174	0.02376	0.00367	0.00298	0.00620
35	0.01261	0.01173	0.01379	0.07141	0.23640	0.12643	0.01021	0.09750	0.01316	0.01703	0.03311	0.02059	0.09879	0.04588	0.07519	0.02722	0.00659	0.02155	0.05441	0.00640
36	0.00724	0.00525	0.00652	0.00699	0.00769	0.00501	0.00477	0.02378	0.02826	0.01510	0.16941	0.45056	0.09333	0.13916	0.00969	0.00247	0.00333	0.01214	0.00483	0.00446
37	0.01036	0.00874	0.01031	0.00772	0.01183	0.00668	0.00607	0.01259	0.01112	0.01712	0.05544	0.08412	0.01268	0.00544	0.00430	0.00096	0.00376	0.00457	0.00345	0.72276
38	0.03250	0.11922	0.03833	0.06020	0.01607	0.01269	0.03522	0.19333	0.11253	0.05315	0.01195	0.01273	0.00914	0.00526	0.00460	0.00133	0.00515	0.00416	0.00387	0.26858
39	0.01052	0.00820	0.01052	0.03737	0.06700	0.03049	0.03157	0.09578	0.01373	0.04635	0.14382	0.07754	0.14696	0.06662	0.00767	0.00212	0.00460	0.18881	0.00464	0.00569
40	0.01544	0.50637	0.05814	0.01080	0.01481	0.17921	0.01000	0.07500	0.01257	0.01438	0.00801	0.00934	0.00697	0.00517	0.00475	0.00131	0.05509	0.00326	0.00259	0.00681
41	0.00728	0.00544	0.00689	0.00734	0.00854	0.00504	0.00574	0.00918	0.01255	0.01654	0.24725	0.19143	0.22051	0.01359	0.00664	0.00200	0.00332	0.22086	0.00516	0.00470
42	0.00682	0.00463	0.00626	0.00728	0.00758	0.00435	0.00487	0.00739	0.00988	0.01322	0.05157	0.68665	0.03227	0.01659	0.00845	0.10672	0.00324	0.01355	0.00461	0.00407
43	0.16127	0.01197	0.01412	0.14006	0.04381	0.04102	0.05699	0.28726	0.04191	0.02326	0.01198	0.01375	0.02284	0.00652	0.00574	0.04740	0.00568	0.00462	0.05284	0.00697
44	0.00975	0.00672	0.00843	0.00876	0.01014	0.00679	0.00673	0.05801	0.10343	0.06748	0.02687	0.40748	0.04341	0.01358	0.00653	0.00210	0.00392	0.19926	0.00509	0.00553
45	0.00750	0.00572	0.00687	0.00671	0.00812	0.00530	0.00503	0.02475	0.03936	0.01851	0.42773	0.12532	0.25202	0.01207	0.00628	0.00178	0.00281	0.03376	0.00541	0.00496
46	0.00753	0.00540	0.00629	0.00620	0.00688	0.00526	0.00406	0.00882	0.03228	0.01378	0.18825	0.06528	0.14158	0.43568	0.04755	0.00379	0.00443	0.00876	0.00414	0.00403
47	0.00713	0.00519	0.00691	0.00751	0.00808	0.00498	0.02112	0.00818	0.01000	0.01325	0.03947	0.45220	0.07184	0.19457	0.03740	0.00302	0.00419	0.09634	0.00442	0.00421
48	0.01157	0.01157	0.01619	0.01388	0.01388	0.01619	0.01157	0.01272	0.00810	0.01272	0.00694	0.01157	0.00694	0.00925	0.01735	0.00231	0.80453	0.00463	0.00231	0.00578
49	0.00783	0.00564	0.00769	0.00884	0.00984	0.00551	0.00728	0.00979	0.01162	0.01511	0.02985	0.25954	0.07711	0.01505	0.00709	0.00232	0.00425	0.50606	0.00488	0.00469
50	0.00738	0.00532	0.00697	0.00672	0.00788	0.00492	0.00498	0.00972	0.01449	0.02044	0.70449	0.11561	0.04841	0.01138	0.00629	0.00171	0.00255	0.01010	0.00573	0.00492
51	0.01345	0.01326	0.02110	0.03141	0.73919	0.05545	0.01589	0.01649	0.01220	0.01703	0.00985	0.01289	0.00829	0.00475	0.00521	0.00156	0.00646	0.00464	0.00262	0.00825
52	0.01511	0.01237	0.01334	0.01179	0.03682	0.01405	0.00907	0.23555	0.53859	0.02514	0.01869	0.01754	0.01389	0.00687	0.00535	0.00173	0.00471	0.00560	0.00527	0.00854
53	0.01143	0.15209	0.50306	0.05848	0.02286	0.01382	0.13408	0.01645	0.01127	0.01590	0.00933	0.01138	0.00694	0.00487	0.00496	0.00161	0.00759	0.00414	0.00231	0.00743
54	0.00844	0.00682	0.00789	0.00784	0.03727	0.00660	0.00565	0.04258	0.11419	0.01880	0.31690	0.03953	0.34551	0.01099	0.00605	0.00172	0.00307	0.00937	0.00524	0.00551
55	0.85155	0.01022	0.00777	0.00695	0.01022	0.01186	0.00573	0.01554	0.00900	0.02372	0.00736	0.00859	0.00573	0.00491	0.00327	0.00164	0.00409	0.00286	0.00327	0.00573
56	0.01553	0.01152	0.01274	0.01096	0.01417	0.01275	0.00889	0.26257	0.36213	0.08346	0.01956	0.02313	0.01568	0.00794	0.00563	0.00181	0.00483	0.11322	0.00537	0.00811
57	0.00865	0.02494	0.00837	0.00768	0.00875	0.00727	0.00601	0.01050	0.00961	0.01457	0.01869	0.02305	0.10157	0.04582	0.35310	0.00472	0.09864	0.00597	0.23721	0.00487
58	0.00653	0.00470	0.00618	0.00721	0.00767	0.00436	0.00488	0.00760	0.01064	0.01421	0.09680	0.70941	0.06840	0.01591	0.00668	0.00209	0.00300	0.01438	0.00499	0.00436
59	0.02194	0.00961	0.01242	0.00962	0.01351	0.00887	0.00790	0.13626	0.01659	0.61347	0.07682	0.01881	0.01524	0.00684	0.00538	0.00163	0.00455	0.00555	0.00630	0.00869
60	0.01921	0.01383	0.01496	0.01163	0.01564	0.01517	0.00955	0.64304	0.06982	0.07110	0.02962	0.01504	0.03300	0.00670	0.00534	0.00161	0.00549	0.00514	0.00536	0.00874
61	0.04241	0.22336	0.04647	0.01233	0.01571	0.54775	0.01013	0.01946	0.01360	0.01327	0.00799	0.00930	0.00677	0.00518	0.00439	0.00132	0.00834	0.00326	0.00261	0.00634
62	0.00701	0.00540	0.00642	0.00652	0.00766	0.00515	0.00469	0.00864	0.02747	0.01436	0.13416	0.14949	0.32513	0.12889	0.14169	0.00341	0.00501	0.00998	0.00445	0.00446
63	0.00649	0.00463	0.00619	0.00742	0.00774	0.00434	0.00499	0.00744	0.01017	0.01355	0.02911	0.79352	0.03486	0.01652	0.00676	0.00215	0.00311	0.03180	0.00491	0.00431
64	0.00799	0.00619	0.02392	0.00635	0.00803	0.00530	0.00487	0.02863	0.01283	0.04520	0.26062	0.05651	0.37916	0.09263	0.00816	0.00206	0.00313	0.00965	0.03392	0.00486
65	0.01153	0.05541	0.43947	0.01782	0.02447	0.01310	0.32875	0.01678	0.01169	0.01664	0.00990	0.01234	0.00725	0.00477	0.00546	0.00170	0.00818	0.00483	0.00242	0.00748
66	0.00765	0.00634	0.00679	0.00660	0.00842	0.00602	0.00500	0.01134	0.13568	0.01637	0.13850	0.05716	0.50080	0.03476	0.00674	0.00189	0.00305	0.03669	0.00505	0.00514
67	0.00999	0.00535	0.00563	0.00549	0.00679	0.00548	0.00415	0.03920	0.01130	0.01940	0.01682	0.01986	0.01348	0.02642	0.06770	0.00191	0.00358	0.00504	0.72738	0.00502
68	0.12636	0.35676	0.30442	0.01122	0.01655	0.03787	0.01251	0.01606	0.01067	0.01558	0.00831	0.00986	0.00676	0.00568	0.02202	0.00160	0.02510	0.00335	0.00241	0.00693
69	0.01146	0.00862	0.01029	0.09937	0.01315	0.04339	0.03215	0.12853	0.01272	0.01854	0.02789	0.06972	0.01374	0.08376	0.06388	0.00238	0.05102	0.00587	0.29793	0.00563
70	0.00923	0.00648	0.00762	0.00725	0.00809	0.00685	0.00493	0.09656	0.03281	0.01447	0.03505	0.09248	0.01874	0.45235	0.15238	0.00474	0.00641	0.00750	0.03158	0.00448
71	0.00977	0.02480	0.01393	0.02925	0.03669	0.05571	0.17094	0.03928	0.01204	0.01574	0.07600	0.37135	0.04072	0.01133	0.00648	0.00193	0.01839	0.05600	0.00415	0.00551
72	0.02826	0.10431	0.07829	0.08508	0.03589	0.05598	0.16461	0.04204	0.03358	0.01571	0.01054	0.04013	0.00902	0.00745	0.03100	0.00196	0.19079	0.00505	0.05383	0.00647
73	0.01011	0.00899	0.01334	0.01250	0.06079	0.03379	0.12540	0.05089	0.01132	0.03074	0.02081	0.34570	0.06507	0.05808	0.00910	0.00217	0.12201	0.00972	0.00392	0.00556

[dist]
# distance from previous block
# <min> <max>
2	15

[block]
# block no. 2 follows, 46 sequences, length 67
# corresponding to MSA columns:
# 390-456
name=unknown_C
#
# <colnr> <probs for GDERKNQSTAVLIFYWHMCP>
#	G	D	E	R	K	N	Q	S	T	A	V	L	I	F	Y	W	H	M	C	P
0	0.07716	0.00959	0.03032	0.04118	0.01252	0.06979	0.00737	0.03879	0.05753	0.26063	0.04520	0.23891	0.04800	0.00945	0.00553	0.00177	0.00449	0.00799	0.02717	0.00662
1	0.04008	0.15191	0.09543	0.01880	0.27954	0.16948	0.03228	0.01640	0.01236	0.01571	0.04070	0.01629	0.02670	0.00595	0.00497	0.00154	0.00666	0.05527	0.00289	0.00703
2	0.00943	0.00791	0.04167	0.00905	0.02729	0.00677	0.02638	0.05004	0.04123	0.04105	0.11259	0.33650	0.05005	0.03376	0.00649	0.00184	0.00392	0.04168	0.00454	0.14781
3	0.00873	0.00765	0.00742	0.00740	0.00908	0.08217	0.00565	0.01092	0.04722	0.03377	0.12748	0.13517	0.38836	0.01238	0.00622	0.00184	0.00374	0.09492	0.00486	0.00500
4	0.01318	0.01343	0.03957	0.02968	0.66910	0.05911	0.03072	0.01626	0.01205	0.01678	0.01002	0.01317	0.00843	0.00622	0.03816	0.00185	0.00690	0.00468	0.00262	0.00805
5	0.01269	0.01176	0.01277	0.01002	0.01366	0.10314	0.03993	0.09827	0.01286	0.01794	0.03096	0.06081	0.01068	0.00671	0.02727	0.00141	0.06126	0.00455	0.00342	0.45988
6	0.01600	0.48616	0.02225	0.01056	0.01444	0.21482	0.00936	0.10743	0.01343	0.01509	0.00849	0.00977	0.00733	0.00645	0.03699	0.00155	0.00701	0.00333	0.00277	0.00680
7	0.01275	0.00957	0.01057	0.00943	0.01215	0.01041	0.00734	0.02296	0.49394	0.10563	0.14441	0.02570	0.09566	0.00829	0.00559	0.00175	0.00380	0.00698	0.00553	0.00752
8	0.01065	0.00819	0.00924	0.00904	0.01092	0.03273	0.00703	0.01682	0.26499	0.06443	0.12575	0.18820	0.07188	0.01117	0.00615	0.00194	0.00396	0.14552	0.00521	0.00620
9	0.00701	0.00544	0.00645	0.00680	0.00801	0.00501	0.00499	0.00913	0.04641	0.01582	0.18301	0.29716	0.30909	0.01373	0.00644	0.00192	0.00298	0.06075	0.00510	0.00471
10	0.00769	0.00513	0.00577	0.00577	0.00577	0.00513	0.00320	0.00769	0.00769	0.01025	0.01666	0.03460	0.01922	0.81421	0.02691	0.00513	0.00513	0.00769	0.00320	0.00320
11	0.01975	0.02520	0.01498	0.01362	0.01634	0.79299	0.01021	0.02111	0.01498	0.01294	0.00817	0.00953	0.00681	0.00545	0.00477	0.00136	0.00953	0.00340	0.00272	0.00613
12	0.00679	0.00487	0.00652	0.00771	0.00821	0.00460	0.00550	0.00797	0.01052	0.01391	0.02954	0.66513	0.05229	0.01615	0.00683	0.00219	0.00336	0.13862	0.00490	0.00440
13	0.00742	0.00538	0.00699	0.00663	0.00787	0.00495	0.00496	0.00984	0.01475	0.02079	0.73739	0.05883	0.07225	0.01103	0.00625	0.00168	0.00251	0.00975	0.00577	0.00495
14	0.00644	0.00460	0.00613	0.00736	0.00767	0.00429	0.00491	0.00736	0.01012	0.01350	0.02914	0.81076	0.03497	0.01656	0.00675	0.00215	0.00307	0.01503	0.00491	0.00429
15	0.07541	0.37602	0.19931	0.01230	0.05372	0.10128	0.01187	0.05257	0.01180	0.01557	0.00830	0.00979	0.00688	0.00507	0.00470	0.00141	0.04103	0.00341	0.00254	0.00702
16	0.04062	0.01166	0.01380	0.01060	0.01474	0.01177	0.00876	0.36013	0.01940	0.42702	0.01685	0.01538	0.01106	0.00642	0.00526	0.00161	0.00509	0.00501	0.00590	0.00892
17	0.00985	0.00493	0.00493	0.00493	0.00616	0.00493	0.00370	0.01232	0.01109	0.01971	0.01725	0.01971	0.01355	0.00616	0.00370	0.00123	0.00246	0.00493	0.84356	0.00493
18	0.01100	0.00666	0.00849	0.00755	0.00946	0.00626	0.00585	0.06804	0.01535	0.14615	0.52460	0.06707	0.06750	0.01019	0.00606	0.00169	0.00314	0.02325	0.00581	0.00589
19	0.01203	0.05243	0.05413	0.52468	0.10997	0.10625	0.01412	0.03812	0.01173	0.01455	0.00931	0.01298	0.00719	0.00523	0.00511	0.00165	0.00720	0.00442	0.00250	0.00640
20	0.00767	0.00518	0.00605	0.00605	0.00615	0.00528	0.00356	0.00787	0.00777	0.01046	0.01640	0.03316	0.01859	0.73353	0.10673	0.00548	0.00607	0.00748	0.00316	0.00336
21	0.42456	0.01221	0.04701	0.06091	0.29408	0.03617	0.01082	0.01605	0.01056	0.03142	0.00873	0.01081	0.00695	0.00490	0.00425	0.00161	0.00539	0.00374	0.00297	0.00685
22	0.01479	0.01066	0.01129	0.00953	0.01216	0.03172	0.00747	0.41104	0.01818	0.02514	0.01692	0.17349	0.01544	0.04237	0.00616	0.00177	0.00467	0.00692	0.17338	0.00692
23	0.01459	0.01065	0.01172	0.00980	0.01283	0.01131	0.00786	0.35401	0.10460	0.05621	0.02199	0.05417	0.12730	0.04397	0.02709	0.00201	0.00496	0.05764	0.02715	0.04015
24	0.04353	0.00693	0.04034	0.00741	0.00888	0.01693	0.00562	0.03770	0.01128	0.05197	0.03128	0.41082	0.21715	0.07549	0.00781	0.00219	0.00364	0.01147	0.00465	0.00489
25	0.01276	0.01217	0.02073	0.07439	0.71478	0.01230	0.01589	0.01590	0.01196	0.01701	0.01050	0.01466	0.00902	0.00506	0.00530	0.00161	0.00628	0.02888	0.00268	0.00812
26	0.46436	0.00965	0.00987	0.00810	0.01175	0.00995	0.00668	0.02032	0.01187	0.37973	0.01367	0.01299	0.00917	0.00567	0.00423	0.00164	0.00428	0.00401	0.00480	0.00726
27	0.01156	0.01293	0.04377	0.04864	0.02338	0.01285	0.50558	0.01508	0.01136	0.01570	0.01184	0.09513	0.01052	0.00659	0.00819	0.00191	0.14886	0.00674	0.00282	0.00657
28	0.01141	0.03198	0.15596	0.10796	0.13331	0.01215	0.33214	0.01540	0.01162	0.01616	0.01179	0.08102	0.01009	0.00584	0.00591	0.00175	0.02224	0.00606	0.02024	0.00697
29	0.00633	0.00518	0.00560	0.00588	0.00729	0.00444	0.00426	0.00761	0.01168	0.01432	0.07132	0.23330	0.57630	0.01407	0.00637	0.00187	0.00277	0.01204	0.00494	0.00444
30	0.00693	0.00548	0.00635	0.00672	0.00819	0.00490	0.00529	0.00861	0.01217	0.01520	0.10881	0.11624	0.46699	0.01373	0.00655	0.00197	0.00324	0.19306	0.00498	0.00459
31	0.01098	0.07908	0.64083	0.04013	0.05485	0.01305	0.01814	0.01636	0.01100	0.01618	0.00924	0.01117	0.00680	0.00519	0.00552	0.00167	0.04603	0.00393	0.00226	0.00761
32	0.00714	0.00478	0.00635	0.00734	0.00773	0.00449	0.00493	0.00793	0.01000	0.03392	0.02726	0.69183	0.03220	0.06783	0.00860	0.03740	0.00334	0.02792	0.00473	0.00428
33	0.00843	0.00604	0.00840	0.00959	0.01081	0.00602	0.00835	0.01081	0.01213	0.01574	0.02862	0.07216	0.04833	0.01461	0.00727	0.00241	0.00479	0.71577	0.00487	0.00485
34	0.01964	0.01167	0.01385	0.04869	0.01576	0.01180	0.00894	0.34599	0.04115	0.30523	0.01539	0.01470	0.01047	0.00610	0.00514	0.00152	0.00512	0.00480	0.00535	0.10869
35	0.01099	0.01092	0.03480	0.03565	0.13813	0.01022	0.32762	0.03738	0.01218	0.03213	0.03570	0.23607	0.03700	0.00837	0.00613	0.00184	0.00631	0.00850	0.00356	0.00650
36	0.00905	0.00713	0.00831	0.00773	0.00955	0.00727	0.00593	0.03052	0.20653	0.02058	0.44790	0.03608	0.13943	0.01026	0.00603	0.00173	0.00309	0.03148	0.00554	0.00586
37	0.73091	0.06985	0.02878	0.02880	0.01160	0.01262	0.00663	0.02986	0.00952	0.02263	0.00757	0.00887	0.00592	0.00492	0.00342	0.00160	0.00441	0.00297	0.00319	0.00592
38	0.00751	0.00562	0.00699	0.00661	0.00800	0.00522	0.00497	0.01030	0.04356	0.02016	0.63664	0.04050	0.16200	0.01107	0.00620	0.00169	0.00259	0.00967	0.00566	0.00504
39	0.02204	0.00651	0.00800	0.00720	0.00912	0.00607	0.00557	0.04375	0.03306	0.12492	0.47087	0.03693	0.16976	0.01040	0.00603	0.00170	0.00305	0.02367	0.00567	0.00570
40	0.11086	0.00913	0.01179	0.00915	0.01315	0.00820	0.00755	0.02469	0.01449	0.70477	0.01944	0.01700	0.01231	0.00637	0.00510	0.00164	0.00446	0.00506	0.00620	0.00865
41	0.01440	0.77916	0.02709	0.00927	0.01370	0.05818	0.00910	0.01608	0.01095	0.01246	0.00739	0.00853	0.00679	0.00457	0.00346	0.00114	0.00584	0.00285	0.00228	0.00675
42	0.03284	0.00822	0.01104	0.00876	0.01220	0.00721	0.00712	0.02210	0.01500	0.60336	0.18912	0.02263	0.02116	0.00747	0.00549	0.00164	0.00405	0.00622	0.00633	0.00806
43	0.01443	0.08593	0.01618	0.01287	0.01456	0.28020	0.02471	0.03422	0.02917	0.01353	0.00869	0.01182	0.00781	0.01044	0.09036	0.00248	0.32970	0.00423	0.00265	0.00604
44	0.01708	0.01331	0.01417	0.01155	0.01524	0.01498	0.00932	0.44393	0.34945	0.02845	0.01653	0.01575	0.01210	0.00671	0.00533	0.00168	0.00511	0.00529	0.00533	0.00872
45	0.00705	0.00550	0.00601	0.00592	0.00764	0.00473	0.00452	0.00867	0.01266	0.03596	0.18245	0.04840	0.58869	0.01280	0.00628	0.00179	0.00280	0.04831	0.00511	0.00470
46	0.01078	0.00838	0.00871	0.00783	0.00983	0.07305	0.00600	0.08555	0.03499	0.07527	0.38902	0.05546	0.19391	0.01022	0.00595	0.00167	0.00366	0.00866	0.00533	0.00572
47	0.00728	0.00598	0.00613	0.00622	0.00783	0.02893	0.00463	0.00867	0.01207	0.03466	0.08064	0.16184	0.56579	0.01336	0.00629	0.00184	0.00306	0.03522	0.00493	0.00465
48	0.00957	0.00603	0.00693	0.00661	0.00857	0.00525	0.00513	0.01105	0.01224	0.14462	0.04204	0.05932	0.49628	0.06843	0.00767	0.00207	0.00342	0.09452	0.00506	0.00519
49	0.05717	0.01166	0.01356	0.01050	0.01454	0.01192	0.00865	0.35692	0.03954	0.38087	0.01656	0.01528	0.01102	0.00639	0.00519	0.00161	0.00503	0.00497	0.01982	0.00877
50	0.01011	0.00992	0.03428	0.32642	0.05355	0.01051	0.18415	0.01322	0.01087	0.01489	0.01356	0.14606	0.01256	0.00811	0.02742	0.00199	0.04515	0.00678	0.06450	0.00594
51	0.00651	0.00534	0.00574	0.00569	0.00732	0.00457	0.00425	0.00809	0.01261	0.01572	0.20604	0.07055	0.60335	0.01294	0.00626	0.00177	0.00265	0.01093	0.00510	0.00457
52	0.00925	0.00787	0.01101	0.01005	0.01052	0.00990	0.02030	0.01054	0.00850	0.01262	0.01283	0.06631	0.01309	0.16109	0.26116	0.00468	0.31339	0.00615	0.04585	0.00488
53	0.01089	0.02551	0.68682	0.01672	0.07533	0.01237	0.06585	0.01672	0.01130	0.01679	0.00959	0.01149	0.00690	0.00497	0.00511	0.00167	0.00778	0.00411	0.00229	0.00781
54	0.00865	0.00654	0.00913	0.04339	0.04479	0.00660	0.00860	0.01137	0.03408	0.01576	0.02840	0.08193	0.08989	0.01355	0.00697	0.00229	0.00475	0.57353	0.00469	0.00511
55	0.01612	0.01915	0.01267	0.01168	0.01402	0.53924	0.00881	0.03074	0.03853	0.01498	0.12475	0.05259	0.05209	0.00750	0.00526	0.00152	0.00750	0.03342	0.00358	0.00588
56	0.79835	0.00998	0.00782	0.00700	0.01019	0.01152	0.00575	0.01551	0.00914	0.03756	0.00797	0.00929	0.00620	0.00587	0.02399	0.00181	0.00433	0.00302	0.01895	0.00575
57	0.01099	0.01194	0.05163	0.01795	0.05298	0.01093	0.44623	0.01488	0.03204	0.01639	0.01616	0.12367	0.01545	0.00791	0.00654	0.00194	0.01896	0.13356	0.00338	0.00647
58	0.02769	0.00968	0.01610	0.71230	0.03413	0.01209	0.03349	0.01359	0.01042	0.01376	0.00922	0.01382	0.00704	0.00552	0.00607	0.00180	0.06033	0.00469	0.00237	0.00590
59	0.07182	0.67003	0.04104	0.00959	0.01398	0.01906	0.04522	0.01561	0.01078	0.01375	0.02750	0.00985	0.00800	0.00539	0.01883	0.00136	0.00583	0.00324	0.00245	0.00666
60	0.01096	0.10654	0.71073	0.01446	0.02195	0.01314	0.01848	0.01665	0.01112	0.01631	0.00927	0.01089	0.00671	0.00497	0.00486	0.00162	0.00760	0.00380	0.00224	0.00771
61	0.00663	0.00483	0.00628	0.00730	0.00787	0.00448	0.00509	0.00778	0.01070	0.01412	0.06767	0.64108	0.11012	0.01582	0.00671	0.00211	0.00313	0.06895	0.00495	0.00439
62	0.01147	0.01090	0.01725	0.09118	0.42843	0.04008	0.05446	0.01430	0.01205	0.01627	0.03605	0.06133	0.06667	0.00747	0.00573	0.00176	0.00592	0.10847	0.00326	0.00696
63	0.01407	0.01574	0.06475	0.09476	0.42326	0.17030	0.04159	0.03223	0.03628	0.01634	0.00985	0.01254	0.00803	0.00518	0.00557	0.00159	0.03315	0.00449	0.00272	0.00754
64	0.00730	0.00512	0.00656	0.00724	0.00768	0.00503	0.00502	0.00826	0.00966	0.01287	0.03817	0.34573	0.03946	0.28979	0.06006	0.00357	0.00471	0.13549	0.00421	0.00406
65	0.01285	0.01315	0.05818	0.06077	0.71639	0.01252	0.01633	0.01615	0.01194	0.01710	0.00990	0.01303	0.00824	0.00475	0.00523	0.00158	0.00638	0.00467	0.00259	0.00825
66	0.05650	0.18630	0.23332	0.12214	0.09822	0.01302	0.01264	0.02874	0.03020	0.04967	0.03274	0.01325	0.00935	0.00533	0.00457	0.00151	0.00595	0.00420	0.08535	0.00699

[dist]
# distance from previous block
# <min> <max>
4	8

[block]
# block no. 3 follows, 46 sequences, length 39
# corresponding to MSA columns:
# 466-504
name=unknown_D
#
# <colnr> <probs for GDERKNQSTAVLIFYWHMCP>
#	G	D	E	R	K	N	Q	S	T	A	V	L	I	F	Y	W	H	M	C	P
0	0.05220	0.01039	0.01388	0.06342	0.01598	0.00988	0.09488	0.10288	0.08865	0.10478	0.01354	0.05387	0.01098	0.03256	0.00561	0.00150	0.00502	0.00504	0.00398	0.31096
1	0.00734	0.00514	0.00644	0.00703	0.00738	0.00507	0.00458	0.02993	0.00963	0.01290	0.02350	0.47529	0.02753	0.28973	0.06052	0.00353	0.00451	0.01166	0.00421	0.00409
2	0.03891	0.03330	0.00962	0.00825	0.01011	0.02235	0.00635	0.13625	0.01455	0.06629	0.27633	0.18828	0.07069	0.04857	0.00724	0.00193	0.02743	0.02276	0.00504	0.00577
3	0.03286	0.01050	0.03019	0.19818	0.02052	0.01101	0.16762	0.09300	0.01238	0.01831	0.01156	0.01459	0.00898	0.00565	0.00603	0.00159	0.07726	0.00488	0.19706	0.07783
4	0.01149	0.01146	0.01652	0.01392	0.01448	0.02847	0.06867	0.01299	0.00867	0.01325	0.00799	0.01253	0.00759	0.01045	0.06003	0.00257	0.65873	0.00480	0.02958	0.00580
5	0.00755	0.00566	0.00850	0.00850	0.00944	0.00661	0.00661	0.00944	0.00850	0.01227	0.01416	0.02077	0.01322	0.03965	0.79326	0.00850	0.01416	0.00566	0.00283	0.00472
6	0.01064	0.00954	0.01748	0.27156	0.02345	0.01005	0.23858	0.01356	0.01113	0.05029	0.03469	0.13633	0.01386	0.03517	0.02775	0.02394	0.02402	0.00702	0.03505	0.00589
7	0.01228	0.01311	0.02571	0.04163	0.06402	0.01357	0.49512	0.04231	0.01185	0.01644	0.01046	0.03112	0.00856	0.00663	0.02803	0.00204	0.16162	0.00593	0.00274	0.00685
8	0.00747	0.00503	0.00583	0.00604	0.00610	0.00498	0.00350	0.00763	0.00811	0.01081	0.01882	0.16907	0.02195	0.67601	0.02341	0.00461	0.00477	0.00896	0.00350	0.00339
9	0.00757	0.00560	0.00816	0.00816	0.00899	0.00643	0.00619	0.00923	0.00840	0.01203	0.01446	0.02245	0.01395	0.13405	0.69986	0.00809	0.01306	0.00591	0.00288	0.00454
10	0.03463	0.60625	0.18292	0.01040	0.01550	0.04653	0.01116	0.01620	0.01094	0.01362	0.00782	0.00907	0.00674	0.00467	0.00377	0.00126	0.00620	0.00307	0.00230	0.00695
11	0.01814	0.01447	0.01444	0.04624	0.03657	0.11720	0.00959	0.49614	0.02063	0.04726	0.02890	0.01381	0.01007	0.00622	0.00507	0.00153	0.00591	0.00471	0.09517	0.00794
12	0.00644	0.00460	0.00613	0.00736	0.00767	0.00429	0.00491	0.00736	0.01012	0.01350	0.02914	0.81076	0.03497	0.01656	0.00675	0.00215	0.00307	0.01503	0.00491	0.00429
13	0.00650	0.00468	0.00618	0.00735	0.00775	0.00436	0.00499	0.00749	0.01027	0.01361	0.03016	0.75278	0.06716	0.01636	0.00674	0.00214	0.00311	0.03913	0.00491	0.00432
14	0.01897	0.01668	0.01518	0.02967	0.04031	0.21207	0.01001	0.49233	0.02085	0.02644	0.01166	0.01234	0.00864	0.00603	0.00506	0.00151	0.00660	0.00442	0.05328	0.00794
15	0.00644	0.00460	0.00613	0.00736	0.00767	0.00429	0.00491	0.00736	0.01012	0.01350	0.02914	0.81076	0.03497	0.01656	0.00675	0.00215	0.00307	0.01503	0.00491	0.00429
16	0.01124	0.01317	0.10645	0.01397	0.01506	0.01510	0.03485	0.01307	0.00868	0.01336	0.00838	0.04845	0.00824	0.00895	0.01508	0.00221	0.65023	0.00507	0.00243	0.00599
17	0.00765	0.00511	0.00578	0.00582	0.00583	0.00510	0.00326	0.00768	0.00777	0.01036	0.01706	0.05965	0.01973	0.78847	0.02626	0.00503	0.00506	0.00792	0.00326	0.00324
18	0.01277	0.01242	0.03645	0.06515	0.64654	0.01236	0.01541	0.03824	0.01224	0.01734	0.01139	0.01529	0.02497	0.00541	0.00565	0.00163	0.02779	0.02816	0.00279	0.00800
19	0.03331	0.00537	0.00629	0.00626	0.00663	0.00560	0.00397	0.00861	0.00814	0.01177	0.01594	0.03002	0.01723	0.57962	0.17122	0.00537	0.00662	0.00694	0.06738	0.00370
20	0.05051	0.22775	0.01786	0.01208	0.01530	0.53616	0.00967	0.01979	0.04073	0.01356	0.00841	0.00959	0.00709	0.00525	0.00438	0.00133	0.00813	0.00333	0.00272	0.00636
21	0.01413	0.81739	0.02770	0.00905	0.01357	0.02092	0.00905	0.01583	0.01074	0.01244	0.00735	0.00848	0.00678	0.00452	0.00339	0.00113	0.00565	0.00283	0.00226	0.00678
22	0.00682	0.00541	0.00615	0.00640	0.00786	0.00479	0.00492	0.00841	0.01216	0.01523	0.13755	0.11306	0.48568	0.03447	0.00700	0.00199	0.00310	0.12947	0.00497	0.00455
23	0.07176	0.58229	0.06101	0.02601	0.01424	0.07250	0.00933	0.04270	0.01154	0.01462	0.02481	0.00994	0.00792	0.00490	0.00374	0.00125	0.00580	0.00324	0.02571	0.00669
24	0.03896	0.01080	0.01320	0.01021	0.01427	0.01058	0.00841	0.23762	0.05269	0.51841	0.01827	0.01636	0.01190	0.00648	0.00527	0.00163	0.00485	0.00514	0.00606	0.00890
