[name]
unknown

[dist]
# distance from previous block
# <min> <max>
9	55

[block]
# block no. 0 follows, 42 sequences, length 52
# corresponding to MSA columns:
# 55-106
name=unknown_A
#
# <colnr> <probs for GDERKNQSTAVLIFYWHMCP>
#	G	D	E	R	K	N	Q	S	T	A	V	L	I	F	Y	W	H	M	C	P
0	0.06778	0.41074	0.13502	0.01167	0.01630	0.06578	0.06096	0.01690	0.02569	0.01620	0.08476	0.01361	0.01203	0.00589	0.00506	0.00150	0.03572	0.00432	0.00298	0.00709
1	0.09524	0.03940	0.51440	0.01612	0.05184	0.01330	0.08623	0.01732	0.01165	0.01834	0.00983	0.01195	0.00729	0.00542	0.00583	0.00177	0.04474	0.00429	0.00259	0.04248
2	0.01205	0.00846	0.01019	0.09237	0.01379	0.00777	0.00693	0.04132	0.01235	0.05084	0.01371	0.01589	0.01077	0.00552	0.00459	0.00122	0.01724	0.00441	0.31247	0.35809
3	0.01630	0.01230	0.01333	0.01149	0.01499	0.01380	0.00908	0.12725	0.57199	0.11162	0.02155	0.01977	0.01577	0.00744	0.00571	0.00186	0.00473	0.00611	0.00586	0.00908
4	0.00818	0.00546	0.00614	0.00614	0.00614	0.00546	0.00341	0.00818	0.00818	0.01091	0.01773	0.03683	0.02046	0.80222	0.02864	0.00546	0.00546	0.00818	0.00341	0.00341
5	0.01313	0.01281	0.03830	0.25372	0.48847	0.01336	0.01650	0.04348	0.01273	0.01770	0.01043	0.01414	0.00844	0.00539	0.00593	0.00176	0.02785	0.00499	0.00279	0.00807
6	0.00693	0.00500	0.00657	0.00769	0.00816	0.00464	0.00519	0.00806	0.01125	0.01503	0.08820	0.70970	0.06870	0.01702	0.00712	0.00223	0.00320	0.01538	0.00530	0.00464
7	0.02514	0.00975	0.01317	0.01009	0.01445	0.00853	0.00834	0.04739	0.01639	0.75064	0.02196	0.01900	0.01381	0.00696	0.00566	0.00174	0.00483	0.00564	0.00693	0.00958
8	0.01323	0.01093	0.01251	0.00908	0.01400	0.00910	0.00732	0.13209	0.01404	0.02109	0.01057	0.01197	0.00853	0.00458	0.00440	0.00097	0.00449	0.00361	0.00370	0.70380
9	0.01495	0.77638	0.02904	0.00982	0.01446	0.02208	0.00973	0.01673	0.01133	0.01325	0.00781	0.00915	0.00723	0.00500	0.00416	0.00125	0.03497	0.00308	0.00241	0.00718
10	0.00680	0.00536	0.00615	0.00668	0.00788	0.00470	0.00473	0.00810	0.01211	0.01521	0.08134	0.37147	0.41842	0.01556	0.00688	0.00206	0.00302	0.01355	0.00527	0.00470
11	0.01972	0.01531	0.01680	0.01316	0.01744	0.03268	0.04099	0.57388	0.15673	0.03215	0.01501	0.01485	0.01084	0.00681	0.00568	0.00173	0.00610	0.00533	0.00547	0.00931
12	0.00902	0.00611	0.00682	0.00657	0.00686	0.00622	0.00387	0.05519	0.00934	0.01247	0.01746	0.03535	0.01977	0.75170	0.02718	0.00522	0.00550	0.00799	0.00355	0.00380
13	0.00677	0.00543	0.00604	0.00646	0.00782	0.00471	0.00463	0.00808	0.01225	0.01518	0.07304	0.30312	0.49617	0.01529	0.00683	0.00202	0.00298	0.01320	0.00526	0.00471
14	0.01344	0.12519	0.11451	0.05210	0.08161	0.01516	0.37534	0.01793	0.04006	0.03327	0.01098	0.01393	0.00853	0.00542	0.00679	0.00181	0.06789	0.00550	0.00288	0.00765
15	0.01239	0.07094	0.01304	0.00861	0.01341	0.00901	0.00703	0.02921	0.03974	0.03635	0.01198	0.01320	0.02969	0.00474	0.00432	0.00097	0.00434	0.00375	0.00354	0.68377
16	0.03959	0.01544	0.01645	0.01273	0.01714	0.01714	0.01049	0.68973	0.06879	0.03454	0.01393	0.01385	0.00994	0.00677	0.00559	0.00170	0.00605	0.00510	0.00559	0.00945
17	0.01188	0.13650	0.64227	0.01543	0.02317	0.01439	0.04619	0.01769	0.01187	0.01719	0.00983	0.01161	0.00719	0.00525	0.00515	0.00171	0.00804	0.00409	0.00240	0.00814
18	0.01088	0.01026	0.01734	0.73099	0.09449	0.01257	0.01575	0.01460	0.01137	0.01469	0.01005	0.01492	0.00761	0.00558	0.00562	0.00186	0.00744	0.00500	0.00252	0.00646
19	0.01612	0.43324	0.11820	0.01236	0.01751	0.04375	0.06761	0.16213	0.02937	0.03687	0.01017	0.01125	0.00813	0.00540	0.00459	0.00146	0.00668	0.00398	0.00326	0.00792
20	0.01017	0.00606	0.00783	0.00762	0.00917	0.00546	0.00562	0.01202	0.01382	0.13760	0.30897	0.29493	0.13250	0.01320	0.00667	0.00196	0.00322	0.01164	0.00587	0.00567
21	0.00668	0.00558	0.00583	0.00603	0.00769	0.00472	0.00442	0.00804	0.01251	0.01507	0.05297	0.16972	0.65188	0.01478	0.00673	0.00196	0.00291	0.01252	0.00523	0.00472
22	0.01177	0.10369	0.65705	0.01587	0.02369	0.01403	0.06269	0.01774	0.01192	0.01739	0.00995	0.01180	0.00722	0.00526	0.00525	0.00173	0.00816	0.00419	0.00241	0.00817
23	0.01143	0.01089	0.01875	0.63258	0.11389	0.01284	0.07162	0.03248	0.01193	0.01558	0.01025	0.01487	0.00778	0.00552	0.00570	0.00185	0.00754	0.00513	0.00263	0.00671
24	0.00683	0.00520	0.00629	0.00709	0.00798	0.00466	0.00491	0.00802	0.01166	0.01496	0.06740	0.51896	0.28326	0.01626	0.00698	0.00214	0.00310	0.01439	0.00526	0.00466
25	0.00689	0.00570	0.00606	0.00625	0.00788	0.00494	0.00458	0.00859	0.02908	0.01543	0.07035	0.18830	0.59711	0.01465	0.00673	0.00197	0.00296	0.01246	0.00526	0.00483
26	0.01488	0.01236	0.01513	0.06482	0.10869	0.01355	0.01058	0.16623	0.28150	0.03889	0.03647	0.01692	0.01306	0.00682	0.00648	0.00173	0.06545	0.00544	0.00461	0.11642
27	0.00686	0.00490	0.00653	0.00784	0.00816	0.00457	0.00522	0.00784	0.01077	0.01437	0.03102	0.79855	0.03722	0.01763	0.00718	0.00229	0.00326	0.01600	0.00522	0.00457
28	0.84197	0.01088	0.00827	0.00740	0.01088	0.01262	0.00609	0.01654	0.00958	0.02525	0.00784	0.00914	0.00609	0.00522	0.00348	0.00174	0.00435	0.00305	0.00348	0.00609
29	0.00818	0.00546	0.00614	0.00614	0.00614	0.00546	0.00341	0.00818	0.00818	0.01091	0.01773	0.03683	0.02046	0.80222	0.02864	0.00546	0.00546	0.00818	0.00341	0.00341
30	0.00804	0.00603	0.00904	0.00904	0.01005	0.00703	0.00703	0.01005	0.00904	0.01306	0.01507	0.02211	0.01407	0.04221	0.77992	0.00904	0.01507	0.00603	0.00301	0.00502
31	0.00804	0.00603	0.00904	0.00904	0.01005	0.00703	0.00703	0.01005	0.00904	0.01306	0.01507	0.02211	0.01407	0.04221	0.77992	0.00904	0.01507	0.00603	0.00301	0.00502
32	0.01097	0.01035	0.01749	0.71118	0.11363	0.01259	0.01580	0.01468	0.01141	0.01479	0.01006	0.01489	0.00765	0.00556	0.00562	0.00185	0.00742	0.00500	0.00253	0.00653
33	0.01217	0.02787	0.72480	0.01566	0.02372	0.01276	0.02000	0.01843	0.01215	0.06566	0.01087	0.01234	0.00756	0.00545	0.00537	0.00178	0.00809	0.00425	0.00267	0.00840
34	0.00691	0.00497	0.00657	0.00783	0.00824	0.00463	0.00530	0.00795	0.01091	0.01447	0.03196	0.75020	0.06432	0.01745	0.00718	0.00228	0.00330	0.03573	0.00522	0.00459
35	0.01571	0.57287	0.11275	0.01126	0.01613	0.16046	0.01115	0.01800	0.01232	0.01387	0.00825	0.00956	0.00722	0.00506	0.00408	0.00132	0.00704	0.00325	0.00249	0.00722
36	0.01158	0.01137	0.01650	0.63184	0.03386	0.07144	0.01460	0.01488	0.01138	0.01445	0.00990	0.01455	0.00768	0.00607	0.00677	0.00188	0.08295	0.00490	0.02717	0.00623
37	0.00818	0.00546	0.00614	0.00614	0.00614	0.00546	0.00341	0.00818	0.00818	0.01091	0.01773	0.03683	0.02046	0.80222	0.02864	0.00546	0.00546	0.00818	0.00341	0.00341
38	0.02359	0.00983	0.01279	0.00993	0.01404	0.00894	0.00816	0.08906	0.02971	0.63652	0.02116	0.01884	0.01365	0.00693	0.00553	0.00171	0.00474	0.00559	0.07007	0.00923
39	0.08011	0.01153	0.01299	0.01203	0.05720	0.02455	0.00894	0.07361	0.37857	0.19594	0.03685	0.05140	0.01608	0.00756	0.00559	0.00183	0.00477	0.00623	0.00561	0.00859
40	0.01306	0.01507	0.12830	0.08964	0.56188	0.01299	0.01702	0.01712	0.02999	0.01801	0.01227	0.01520	0.03338	0.00547	0.00558	0.00172	0.00680	0.00515	0.00285	0.00848
41	0.01968	0.01445	0.01570	0.01226	0.01614	0.01616	0.01009	0.62493	0.02380	0.03256	0.01363	0.01421	0.00994	0.00693	0.00627	0.00170	0.05572	0.00508	0.09185	0.00890
42	0.01063	0.01000	0.01688	0.78870	0.03876	0.01250	0.01563	0.01438	0.01125	0.01438	0.01000	0.01500	0.00750	0.00563	0.00563	0.00188	0.00750	0.00500	0.00250	0.00625
43	0.01919	0.19220	0.01892	0.01348	0.01660	0.56949	0.01070	0.02070	0.01452	0.01364	0.00843	0.01005	0.00725	0.00585	0.00561	0.00146	0.05892	0.00358	0.00277	0.00665
44	0.00686	0.00490	0.00653	0.00784	0.00816	0.00457	0.00522	0.00784	0.01077	0.01437	0.03102	0.79855	0.03722	0.01763	0.00718	0.00229	0.00326	0.01600	0.00522	0.00457
45	0.02138	0.01617	0.01685	0.01301	0.01745	0.04553	0.01070	0.72161	0.02607	0.03467	0.01333	0.01339	0.00948	0.00672	0.00561	0.00168	0.00634	0.00501	0.00553	0.00946
46	0.01081	0.00592	0.00818	0.00782	0.00824	0.00608	0.00538	0.07640	0.00914	0.01221	0.01038	0.01741	0.01010	0.04387	0.02069	0.73143	0.00503	0.00501	0.00277	0.00314
47	0.00817	0.00646	0.00668	0.00633	0.00845	0.00568	0.00483	0.05573	0.01387	0.03910	0.07179	0.05022	0.67590	0.01349	0.00656	0.00188	0.00312	0.01122	0.00533	0.00521
48	0.04714	0.01328	0.01993	0.45724	0.03181	0.10376	0.17532	0.01653	0.02757	0.01573	0.01025	0.01427	0.00784	0.00560	0.00608	0.00184	0.03132	0.00514	0.00273	0.00662
49	0.01893	0.01338	0.01469	0.01166	0.01541	0.01446	0.00938	0.55825	0.02258	0.07573	0.01622	0.10451	0.01364	0.05847	0.00724	0.00198	0.00569	0.00651	0.00548	0.02578
50	0.03600	0.01122	0.04113	0.01216	0.07171	0.01043	0.00927	0.13877	0.09707	0.25408	0.07330	0.07410	0.01736	0.00786	0.00569	0.00172	0.00493	0.03315	0.00542	0.09463
51	0.01560	0.04791	0.01808	0.01544	0.06177	0.32757	0.14362	0.01917	0.07797	0.01693	0.10630	0.01827	0.04588	0.00691	0.00612	0.00167	0.03681	0.00571	0.02145	0.00682

[dist]
# distance from previous block
# <min> <max>
6	20

[block]
# block no. 1 follows, 42 sequences, length 135
# corresponding to MSA columns:
# 128-262
name=unknown_B
#
# <colnr> <probs for GDERKNQSTAVLIFYWHMCP>
#	G	D	E	R	K	N	Q	S	T	A	V	L	I	F	Y	W	H	M	C	P
0	0.07546	0.04249	0.16660	0.16335	0.15044	0.01259	0.10224	0.06511	0.01336	0.01940	0.10412	0.03385	0.01411	0.00637	0.00561	0.00177	0.00669	0.00570	0.00337	0.00737
1	0.01414	0.01448	0.02416	0.06050	0.54644	0.06403	0.15805	0.01765	0.01305	0.01786	0.01059	0.01396	0.00868	0.00504	0.00575	0.00171	0.00749	0.00524	0.00279	0.00840
2	0.21431	0.01192	0.01698	0.01285	0.01695	0.01195	0.18810	0.03090	0.01144	0.01964	0.00952	0.01204	0.00773	0.00541	0.00661	0.00156	0.11457	0.00433	0.00318	0.30001
3	0.02139	0.01576	0.01689	0.01295	0.01745	0.01745	0.01070	0.74835	0.02646	0.03547	0.01351	0.01351	0.00957	0.00676	0.00563	0.00169	0.00619	0.00507	0.00563	0.00957
4	0.00988	0.00630	0.00819	0.00747	0.00915	0.00580	0.00568	0.02594	0.01596	0.09686	0.64522	0.05665	0.06267	0.01116	0.00653	0.00178	0.00295	0.00980	0.00622	0.00579
5	0.00804	0.00603	0.00904	0.00904	0.01005	0.00703	0.00703	0.01005	0.00904	0.01306	0.01507	0.02211	0.01407	0.04221	0.77992	0.00904	0.01507	0.00603	0.00301	0.00502
6	0.02824	0.01023	0.01730	0.65071	0.03514	0.01228	0.07405	0.01499	0.02762	0.01546	0.01080	0.01535	0.00814	0.00564	0.00557	0.00184	0.00727	0.00514	0.04786	0.00636
7	0.01063	0.01000	0.01688	0.78870	0.03876	0.01250	0.01563	0.01438	0.01125	0.01438	0.01000	0.01500	0.00750	0.00563	0.00563	0.00188	0.00750	0.00500	0.00250	0.00625
8	0.02525	0.00958	0.01306	0.01001	0.01437	0.00827	0.00827	0.02743	0.01611	0.77102	0.02220	0.01915	0.01393	0.00697	0.00566	0.00174	0.00479	0.00566	0.00697	0.00958
9	0.00684	0.00558	0.00606	0.00621	0.00779	0.00479	0.00455	0.00835	0.01287	0.01596	0.13832	0.17320	0.56097	0.01447	0.00674	0.00195	0.00289	0.01234	0.00534	0.00479
10	0.02516	0.00973	0.01315	0.01008	0.01444	0.00849	0.00833	0.04498	0.01636	0.75310	0.02199	0.01902	0.01382	0.00696	0.00566	0.00174	0.00482	0.00564	0.00693	0.00958
11	0.02102	0.02682	0.01595	0.01450	0.01740	0.77963	0.01087	0.02247	0.01595	0.01377	0.00870	0.01015	0.00725	0.00580	0.00507	0.00145	0.01015	0.00362	0.00290	0.00652
12	0.81658	0.01084	0.00842	0.00748	0.01099	0.01249	0.00616	0.01688	0.00978	0.04844	0.00828	0.00945	0.00634	0.00528	0.00355	0.00174	0.00437	0.00313	0.00359	0.00620
13	0.00680	0.00568	0.00592	0.00593	0.00771	0.00480	0.00442	0.00833	0.01307	0.01593	0.12931	0.08135	0.66326	0.01410	0.00667	0.00190	0.00285	0.01186	0.00533	0.00480
14	0.07622	0.00780	0.00929	0.00835	0.01055	0.00781	0.00649	0.04137	0.11223	0.11799	0.44849	0.05748	0.03730	0.01006	0.00616	0.00181	0.00349	0.02466	0.00595	0.00650
15	0.01129	0.02911	0.77306	0.01604	0.02436	0.01307	0.02079	0.01782	0.01188	0.01782	0.01010	0.01188	0.00713	0.00535	0.00535	0.00178	0.00832	0.00416	0.00238	0.00832
16	0.00706	0.00572	0.00627	0.00613	0.00785	0.00492	0.00460	0.00886	0.01379	0.01748	0.27603	0.05040	0.54439	0.01340	0.00665	0.00186	0.00279	0.01135	0.00553	0.00492
17	0.00691	0.00494	0.00660	0.00790	0.00825	0.00462	0.00532	0.00794	0.01083	0.01443	0.03099	0.77941	0.03710	0.01758	0.00720	0.00229	0.00331	0.03457	0.00522	0.00459
18	0.02192	0.01492	0.01637	0.01255	0.01703	0.01621	0.01037	0.65053	0.02505	0.13528	0.01469	0.01428	0.01016	0.00678	0.00563	0.00170	0.00600	0.00515	0.00581	0.00957
19	0.00835	0.00637	0.00863	0.00921	0.07000	0.00592	0.00620	0.01097	0.01544	0.02167	0.64909	0.04068	0.10369	0.01119	0.00655	0.00177	0.00300	0.00989	0.00584	0.00556
20	0.00804	0.00603	0.00904	0.00904	0.01005	0.00703	0.00703	0.01005	0.00904	0.01306	0.01507	0.02211	0.01407	0.04221	0.77992	0.00904	0.01507	0.00603	0.00301	0.00502
21	0.01112	0.01033	0.01714	0.73085	0.06996	0.01270	0.01554	0.03800	0.01181	0.01523	0.01014	0.01491	0.00763	0.00564	0.00562	0.00186	0.00742	0.00500	0.00261	0.00647
22	0.02157	0.01548	0.01672	0.01282	0.01731	0.01704	0.01059	0.71565	0.02599	0.06883	0.01391	0.01377	0.00977	0.00677	0.00563	0.00169	0.00613	0.00509	0.00569	0.00957
23	0.02413	0.01018	0.01330	0.01028	0.01454	0.00929	0.00846	0.10096	0.03645	0.65737	0.03997	0.01920	0.01455	0.00708	0.00568	0.00174	0.00487	0.00573	0.00678	0.00945
24	0.00792	0.00575	0.00746	0.00704	0.00838	0.00529	0.00528	0.01054	0.01583	0.02233	0.74151	0.04243	0.07589	0.01159	0.00664	0.00177	0.00266	0.01023	0.00616	0.00529
25	0.00686	0.00490	0.00653	0.00784	0.00816	0.00457	0.00522	0.00784	0.01077	0.01437	0.03102	0.79855	0.03722	0.01763	0.00718	0.00229	0.00326	0.01600	0.00522	0.00457
26	0.01277	0.01342	0.02376	0.01834	0.02114	0.01538	0.33843	0.01675	0.07154	0.01637	0.01090	0.03007	0.00929	0.00756	0.01195	0.00216	0.36420	0.00603	0.00295	0.00699
27	0.00709	0.00563	0.00637	0.00636	0.00792	0.00491	0.00470	0.00886	0.01360	0.01746	0.27919	0.12671	0.46384	0.01373	0.00670	0.00190	0.00283	0.01176	0.00553	0.00491
28	0.01129	0.02911	0.77306	0.01604	0.02436	0.01307	0.02079	0.01782	0.01188	0.01782	0.01010	0.01188	0.00713	0.00535	0.00535	0.00178	0.00832	0.00416	0.00238	0.00832
29	0.01334	0.01503	0.03236	0.02460	0.08936	0.01416	0.68741	0.01797	0.01324	0.01806	0.01132	0.01508	0.00857	0.00477	0.00655	0.00188	0.00926	0.00651	0.00284	0.00770
30	0.01551	0.01687	0.01832	0.02309	0.36966	0.26010	0.02912	0.01915	0.07804	0.01700	0.01476	0.04111	0.05970	0.00650	0.00557	0.00166	0.00731	0.00552	0.00332	0.00770
31	0.00684	0.00496	0.00646	0.00766	0.00812	0.00459	0.00515	0.00786	0.01094	0.01443	0.03313	0.73806	0.09635	0.01736	0.00714	0.00225	0.00323	0.01566	0.00522	0.00459
32	0.00698	0.00498	0.00667	0.00797	0.00835	0.00467	0.00543	0.00804	0.01089	0.01450	0.03095	0.75853	0.03696	0.01752	0.00722	0.00230	0.00337	0.05483	0.00522	0.00460
33	0.02250	0.01399	0.01579	0.01211	0.01657	0.01482	0.01000	0.54162	0.02349	0.24640	0.01600	0.01513	0.01082	0.00682	0.00564	0.00170	0.00579	0.00524	0.00601	0.00957
34	0.01383	0.55439	0.27005	0.01170	0.01765	0.01929	0.01324	0.01717	0.01158	0.01472	0.00856	0.00995	0.00719	0.00499	0.00417	0.00139	0.00676	0.00338	0.00240	0.00758
35	0.01467	0.01179	0.01309	0.01023	0.01459	0.01145	0.00818	0.17228	0.22754	0.04048	0.01469	0.01489	0.01124	0.00576	0.00495	0.00134	0.00469	0.00461	0.00458	0.40893
36	0.00862	0.00646	0.00833	0.02560	0.01045	0.00637	0.00667	0.02705	0.07130	0.01764	0.16031	0.39600	0.03521	0.01433	0.00690	0.00214	0.00381	0.14995	0.00531	0.03755
37	0.01167	0.01000	0.01167	0.00834	0.01334	0.00750	0.00667	0.01417	0.01167	0.01834	0.01000	0.01167	0.00834	0.00417	0.00417	0.00083	0.00417	0.00333	0.00333	0.83663
38	0.00691	0.00570	0.00607	0.00601	0.00777	0.00485	0.00449	0.00856	0.01338	0.01659	0.19168	0.06613	0.61483	0.01379	0.00666	0.00188	0.00282	0.01163	0.00541	0.00485
39	0.00693	0.00496	0.00660	0.00778	0.00818	0.00462	0.00523	0.00802	0.01112	0.01492	0.08044	0.74755	0.03829	0.01722	0.00715	0.00225	0.00322	0.01561	0.00529	0.00462
40	0.02525	0.00958	0.01306	0.01001	0.01437	0.00827	0.00827	0.02743	0.01611	0.77102	0.02220	0.01915	0.01393	0.00697	0.00566	0.00174	0.00479	0.00566	0.00697	0.00958
41	0.01427	0.01138	0.01218	0.01087	0.01404	0.01281	0.00848	0.02794	0.63957	0.08029	0.02562	0.02355	0.07768	0.00812	0.00580	0.00190	0.00435	0.00676	0.00578	0.00862
42	0.00777	0.00566	0.00732	0.00709	0.00834	0.00520	0.00524	0.01018	0.01520	0.02128	0.64666	0.12450	0.08984	0.01232	0.00670	0.00183	0.00273	0.01090	0.00604	0.00520
43	0.01445	0.01182	0.01260	0.01126	0.01447	0.01350	0.00878	0.02932	0.70168	0.06348	0.02358	0.02159	0.03259	0.00774	0.00574	0.00190	0.00444	0.00644	0.00578	0.00886
44	0.01269	0.01492	0.06874	0.05609	0.02675	0.01417	0.54524	0.01686	0.01237	0.01709	0.01139	0.04251	0.00928	0.00599	0.00821	0.00198	0.11910	0.00653	0.00284	0.00726
45	0.77441	0.01043	0.00803	0.00723	0.01053	0.01202	0.00592	0.01626	0.00976	0.02490	0.00869	0.01010	0.00677	0.00533	0.00352	0.00171	0.00421	0.00323	0.07093	0.00603
46	0.00690	0.00492	0.00652	0.00778	0.00810	0.00460	0.00517	0.00785	0.01069	0.01426	0.03059	0.77423	0.03669	0.04269	0.00787	0.00239	0.00333	0.01575	0.00517	0.00453
47	0.01984	0.02436	0.01654	0.01604	0.07812	0.64138	0.01143	0.03962	0.03073	0.01487	0.00919	0.01088	0.00765	0.00602	0.00587	0.00154	0.05221	0.00390	0.00299	0.00682
48	0.01384	0.01362	0.02425	0.03307	0.66701	0.01349	0.11625	0.01737	0.01288	0.01834	0.01069	0.01410	0.00886	0.00498	0.00572	0.00170	0.00707	0.00524	0.00279	0.00873
49	0.00818	0.00548	0.00624	0.00624	0.00628	0.00551	0.00354	0.00825	0.00821	0.01099	0.01764	0.03630	0.02023	0.77514	0.05542	0.00558	0.00580	0.00811	0.00340	0.00347
50	0.01019	0.07658	0.19497	0.00935	0.01195	0.00914	0.00872	0.01211	0.00975	0.04011	0.01532	0.05338	0.01597	0.44947	0.03233	0.00394	0.03138	0.00683	0.00323	0.00529
51	0.00810	0.00585	0.00749	0.00723	0.00847	0.00552	0.00532	0.01091	0.03877	0.02132	0.62460	0.11872	0.04844	0.03947	0.00738	0.00195	0.00287	0.01049	0.02182	0.00528
52	0.00689	0.00498	0.00645	0.00760	0.00805	0.00462	0.00508	0.00787	0.01085	0.01431	0.03268	0.71103	0.09624	0.04469	0.00789	0.00236	0.00331	0.01539	0.00516	0.00455
53	0.00720	0.00508	0.00663	0.00773	0.00807	0.00483	0.00518	0.00813	0.01051	0.01399	0.02889	0.63561	0.03433	0.13864	0.01053	0.00279	0.00372	0.05878	0.00494	0.00443
54	0.01241	0.00998	0.01175	0.00843	0.01339	0.00754	0.00676	0.01489	0.01191	0.05931	0.01067	0.01208	0.00864	0.00432	0.00425	0.00088	0.00420	0.00346	0.00353	0.79160
55	0.01167	0.01000	0.01167	0.00834	0.01334	0.00750	0.00667	0.01417	0.01167	0.01834	0.01000	0.01167	0.00834	0.00417	0.00417	0.00083	0.00417	0.00333	0.00333	0.83663
56	0.00685	0.00493	0.00650	0.00776	0.00814	0.00458	0.00519	0.00784	0.01085	0.01440	0.03194	0.77202	0.06315	0.01751	0.00716	0.00227	0.00325	0.01585	0.00522	0.00458
57	0.00878	0.00701	0.01003	0.00962	0.01032	0.00854	0.00744	0.01039	0.00886	0.01286	0.01414	0.02242	0.01380	0.13771	0.55225	0.00746	0.14428	0.00613	0.00297	0.00500
58	0.01318	0.02646	0.66994	0.01522	0.02300	0.01242	0.01909	0.01913	0.01245	0.12003	0.01174	0.01287	0.00805	0.00557	0.00539	0.00178	0.00784	0.00436	0.00300	0.00849
59	0.00697	0.00498	0.00663	0.00776	0.00819	0.00464	0.00523	0.00811	0.01129	0.01518	0.10395	0.72329	0.03880	0.01702	0.00713	0.00223	0.00320	0.01542	0.00532	0.00464
60	0.00708	0.00572	0.00629	0.00615	0.00786	0.00493	0.00461	0.00890	0.01384	0.01760	0.28672	0.05022	0.53363	0.01336	0.00665	0.00186	0.00279	0.01132	0.00554	0.00493
61	0.00856	0.00620	0.00871	0.11421	0.01314	0.00630	0.00731	0.01066	0.03012	0.04253	0.08729	0.49413	0.03257	0.01462	0.00691	0.00220	0.00411	0.10021	0.00500	0.00522
62	0.01129	0.02911	0.77306	0.01604	0.02436	0.01307	0.02079	0.01782	0.01188	0.01782	0.01010	0.01188	0.00713	0.00535	0.00535	0.00178	0.00832	0.00416	0.00238	0.00832
63	0.00692	0.00573	0.00608	0.00603	0.00782	0.00488	0.00455	0.00858	0.01335	0.01647	0.17497	0.05233	0.62985	0.01382	0.00667	0.00189	0.00287	0.02695	0.00539	0.00485
64	0.01142	0.05617	0.74716	0.01582	0.02401	0.01339	0.02040	0.01779	0.01187	0.01766	0.01002	0.01178	0.00713	0.00533	0.00529	0.00176	0.00824	0.00412	0.00238	0.00828
65	0.03347	0.01112	0.01864	0.61224	0.03517	0.01312	0.10393	0.07452	0.01269	0.01682	0.01040	0.01475	0.00776	0.00560	0.00569	0.00186	0.00756	0.00516	0.00282	0.00668
66	0.04121	0.43946	0.14299	0.01584	0.16875	0.05009	0.01283	0.01765	0.01206	0.03967	0.00924	0.01084	0.00773	0.00506	0.00440	0.00143	0.00660	0.00371	0.00268	0.00775
67	0.06311	0.50469	0.02540	0.01322	0.07671	0.14561	0.05044	0.01778	0.01222	0.01470	0.00838	0.01003	0.00738	0.00514	0.00453	0.00138	0.02599	0.00352	0.00261	0.00717
68	0.00675	0.00559	0.00591	0.00606	0.00772	0.00476	0.00446	0.00818	0.01271	0.01547	0.09002	0.15454	0.62933	0.01457	0.00672	0.00195	0.00290	0.01235	0.00528	0.00476
69	0.01051	0.00938	0.01536	0.52632	0.09632	0.01129	0.01353	0.01382	0.01101	0.01492	0.01139	0.01643	0.00917	0.01183	0.13533	0.00303	0.02340	0.00519	0.05556	0.00622
70	0.84197	0.01088	0.00827	0.00740	0.01088	0.01262	0.00609	0.01654	0.00958	0.02525	0.00784	0.00914	0.00609	0.00522	0.00348	0.00174	0.00435	0.00305	0.00348	0.00609
71	0.84197	0.01088	0.00827	0.00740	0.01088	0.01262	0.00609	0.01654	0.00958	0.02525	0.00784	0.00914	0.00609	0.00522	0.00348	0.00174	0.00435	0.00305	0.00348	0.00609
72	0.01318	0.01419	0.02891	0.10388	0.21872	0.01384	0.48646	0.01746	0.01296	0.01775	0.01104	0.01484	0.00853	0.00490	0.00627	0.00184	0.00857	0.00606	0.00280	0.00779
73	0.00686	0.00490	0.00653	0.00784	0.00816	0.00457	0.00522	0.00784	0.01077	0.01437	0.03102	0.79855	0.03722	0.01763	0.00718	0.00229	0.00326	0.01600	0.00522	0.00457
74	0.00686	0.00490	0.00653	0.00784	0.00816	0.00457	0.00522	0.00784	0.01077	0.01437	0.03102	0.79855	0.03722	0.01763	0.00718	0.00229	0.00326	0.01600	0.00522	0.00457
75	0.02075	0.02637	0.01599	0.01451	0.01732	0.75592	0.01092	0.02219	0.01572	0.01377	0.00866	0.01022	0.00725	0.00593	0.00549	0.00148	0.03446	0.00366	0.00289	0.00651
76	0.00713	0.00505	0.00658	0.00756	0.00794	0.00475	0.00501	0.00815	0.01097	0.01476	0.10235	0.63129	0.03678	0.11178	0.00972	0.00262	0.00347	0.01448	0.00510	0.00450
77	0.00686	0.00490	0.00653	0.00784	0.00816	0.00457	0.00522	0.00784	0.01077	0.01437	0.03102	0.79855	0.03722	0.01763	0.00718	0.00229	0.00326	0.01600	0.00522	0.00457
78	0.01319	0.03324	0.01740	0.04220	0.01588	0.09304	0.01222	0.01454	0.00951	0.01359	0.00762	0.01211	0.00737	0.00917	0.01631	0.00231	0.66681	0.00475	0.00251	0.00622
79	0.01433	0.01440	0.08296	0.03099	0.64238	0.01309	0.01681	0.01826	0.03606	0.05947	0.01156	0.01427	0.00930	0.00523	0.00556	0.00169	0.00665	0.00502	0.00307	0.00890
80	0.01081	0.01019	0.01720	0.74764	0.07841	0.01255	0.01572	0.01454	0.01134	0.01460	0.01003	0.01495	0.00758	0.00559	0.00562	0.00186	0.00746	0.00500	0.00252	0.00640
81	0.01158	0.00629	0.00641	0.00601	0.00764	0.00646	0.00461	0.08639	0.01326	0.02242	0.01788	0.02024	0.01394	0.00658	0.00410	0.00135	0.00298	0.00523	0.75096	0.00568
82	0.01231	0.01231	0.01724	0.01477	0.01477	0.01724	0.01231	0.01354	0.00862	0.01354	0.00739	0.01231	0.00739	0.00985	0.01847	0.00246	0.79192	0.00492	0.00246	0.00616
83	0.01049	0.00525	0.00525	0.00525	0.00656	0.00525	0.00393	0.01311	0.01180	0.02098	0.01836	0.02098	0.01442	0.00656	0.00393	0.00131	0.00262	0.00525	0.83346	0.00525
84	0.84197	0.01088	0.00827	0.00740	0.01088	0.01262	0.00609	0.01654	0.00958	0.02525	0.00784	0.00914	0.00609	0.00522	0.00348	0.00174	0.00435	0.00305	0.00348	0.00609
85	0.00781	0.00576	0.00731	0.00696	0.00836	0.00526	0.00525	0.01030	0.01545	0.02145	0.65346	0.04411	0.14926	0.01196	0.00666	0.00180	0.00273	0.02484	0.00604	0.00523
86	0.01167	0.01000	0.01167	0.00834	0.01334	0.00750	0.00667	0.01417	0.01167	0.01834	0.01000	0.01167	0.00834	0.00417	0.00417	0.00083	0.00417	0.00333	0.00333	0.83663
87	0.01129	0.02911	0.77306	0.01604	0.02436	0.01307	0.02079	0.01782	0.01188	0.01782	0.01010	0.01188	0.00713	0.00535	0.00535	0.00178	0.00832	0.00416	0.00238	0.00832
88	0.00686	0.00490	0.00653	0.00784	0.00816	0.00457	0.00522	0.00784	0.01077	0.01437	0.03102	0.79855	0.03722	0.01763	0.00718	0.00229	0.00326	0.01600	0.00522	0.00457
89	0.01302	0.01467	0.03158	0.09982	0.03034	0.01406	0.67395	0.01766	0.01308	0.01766	0.01125	0.01516	0.00844	0.00483	0.00654	0.00190	0.00929	0.00648	0.00281	0.00746
90	0.01879	0.01187	0.01325	0.01107	0.01478	0.03109	0.00884	0.11573	0.37432	0.28362	0.02202	0.02001	0.03366	0.00742	0.00570	0.00181	0.00488	0.00603	0.00606	0.00906
91	0.01043	0.00522	0.00541	0.00541	0.00662	0.00522	0.00401	0.01264	0.01144	0.02007	0.01766	0.02067	0.01405	0.00761	0.00540	0.06916	0.00281	0.00522	0.76594	0.00502
92	0.00690	0.00565	0.00612	0.00637	0.00800	0.00487	0.00479	0.00840	0.01268	0.01547	0.07625	0.15163	0.59112	0.01469	0.00680	0.00200	0.00307	0.06514	0.00526	0.00478
93	0.01328	0.01518	0.03321	0.02372	0.02941	0.01423	0.74668	0.01803	0.01328	0.01803	0.01139	0.01518	0.00854	0.00474	0.00664	0.00190	0.00949	0.00664	0.00285	0.00759
94	0.01063	0.01000	0.01688	0.78870	0.03876	0.01250	0.01563	0.01438	0.01125	0.01438	0.01000	0.01500	0.00750	0.00563	0.00563	0.00188	0.00750	0.00500	0.00250	0.00625
95	0.00686	0.00490	0.00653	0.00784	0.00816	0.00457	0.00522	0.00784	0.01077	0.01437	0.03102	0.79855	0.03722	0.01763	0.00718	0.00229	0.00326	0.01600	0.00522	0.00457
96	0.00686	0.00490	0.00653	0.00784	0.00816	0.00457	0.00522	0.00784	0.01077	0.01437	0.03102	0.79855	0.03722	0.01763	0.00718	0.00229	0.00326	0.01600	0.00522	0.00457
97	0.00978	0.00489	0.00733	0.00733	0.00733	0.00489	0.00489	0.00733	0.00733	0.00978	0.00978	0.01711	0.00978	0.01955	0.02199	0.83627	0.00489	0.00489	0.00244	0.00244
98	0.01258	0.01286	0.01851	0.01550	0.01602	0.03332	0.07195	0.01410	0.00915	0.01391	0.00774	0.01250	0.00748	0.00935	0.01722	0.00239	0.71160	0.00504	0.00250	0.00628
99	0.74544	0.01073	0.00884	0.00771	0.01129	0.01211	0.00635	0.01783	0.01035	0.11340	0.00953	0.01033	0.00702	0.00543	0.00374	0.00174	0.00440	0.00336	0.00389	0.00651
100	0.01231	0.01231	0.01724	0.01477	0.01477	0.01724	0.01231	0.01354	0.00862	0.01354	0.00739	0.01231	0.00739	0.00985	0.01847	0.00246	0.79192	0.00492	0.00246	0.00616
101	0.01328	0.01518	0.03321	0.02372	0.02941	0.01423	0.74668	0.01803	0.01328	0.01803	0.01139	0.01518	0.00854	0.00474	0.00664	0.00190	0.00949	0.00664	0.00285	0.00759
102	0.00792	0.00575	0.00746	0.00703	0.00838	0.00529	0.00527	0.01053	0.01582	0.02230	0.73895	0.04247	0.07846	0.01160	0.00664	0.00177	0.00266	0.01024	0.00616	0.00529
103	0.00881	0.00630	0.00878	0.01007	0.01126	0.00626	0.00863	0.01122	0.01270	0.01656	0.02994	0.14799	0.03294	0.01579	0.00771	0.00256	0.00496	0.64724	0.00519	0.00511
104	0.00806	0.00594	0.00860	0.00860	0.00945	0.00679	0.00648	0.00976	0.00891	0.01274	0.01548	0.02436	0.01505	0.15832	0.66514	0.00850	0.01360	0.00636	0.00308	0.00478
105	0.01901	0.02356	0.01649	0.11976	0.02041	0.62105	0.02673	0.02083	0.01488	0.01393	0.00886	0.01102	0.00732	0.00596	0.00586	0.00157	0.04951	0.00394	0.00282	0.00649
106	0.01328	0.01518	0.03321	0.02372	0.02941	0.01423	0.74668	0.01803	0.01328	0.01803	0.01139	0.01518	0.00854	0.00474	0.00664	0.00190	0.00949	0.00664	0.00285	0.00759
107	0.00686	0.00490	0.00653	0.00784	0.00816	0.00457	0.00522	0.00784	0.01077	0.01437	0.03102	0.79855	0.03722	0.01763	0.00718	0.00229	0.00326	0.01600	0.00522	0.00457
108	0.02192	0.01144	0.01379	0.01095	0.01507	0.01148	0.00892	0.17907	0.18419	0.44946	0.02054	0.01838	0.01374	0.00707	0.00567	0.00177	0.00501	0.00569	0.00641	0.00943
109	0.08734	0.01347	0.01475	0.01166	0.01574	0.01464	0.00956	0.46440	0.08553	0.15620	0.01541	0.01523	0.01093	0.00871	0.04847	0.00213	0.00615	0.00517	0.00554	0.00898
110	0.00978	0.00489	0.00733	0.00733	0.00733	0.00489	0.00489	0.00733	0.00733	0.00978	0.00978	0.01711	0.00978	0.01955	0.02199	0.83627	0.00489	0.00489	0.00244	0.00244
111	0.00935	0.00647	0.00899	0.00998	0.01135	0.00639	0.00862	0.01194	0.01338	0.03644	0.11409	0.05990	0.03431	0.01487	0.00759	0.00248	0.00488	0.62834	0.00534	0.00531
112	0.00791	0.00575	0.00744	0.00702	0.00837	0.00529	0.00527	0.01051	0.01580	0.02225	0.73389	0.04256	0.08355	0.01162	0.00664	0.00178	0.00266	0.01025	0.00615	0.00529
113	0.00818	0.00623	0.00931	0.00923	0.01020	0.00736	0.00720	0.01016	0.00903	0.01308	0.01483	0.02180	0.01386	0.04117	0.75561	0.00883	0.03988	0.00599	0.00300	0.00506
114	0.84197	0.01088	0.00827	0.00740	0.01088	0.01262	0.00609	0.01654	0.00958	0.02525	0.00784	0.00914	0.00609	0.00522	0.00348	0.00174	0.00435	0.00305	0.00348	0.00609
115	0.00668	0.00559	0.00581	0.00599	0.00768	0.00473	0.00440	0.00804	0.01255	0.01509	0.05348	0.15517	0.66610	0.01471	0.00672	0.00195	0.00291	0.01244	0.00523	0.00473
116	0.00686	0.00490	0.00653	0.00784	0.00816	0.00457	0.00522	0.00784	0.01077	0.01437	0.03102	0.79855	0.03722	0.01763	0.00718	0.00229	0.00326	0.01600	0.00522	0.00457
117	0.01303	0.01508	0.05386	0.02178	0.02647	0.01476	0.58411	0.01717	0.01235	0.01717	0.01059	0.01453	0.00828	0.00573	0.00884	0.00200	0.15790	0.00624	0.00276	0.00734
118	0.01505	0.80561	0.02949	0.00963	0.01444	0.02227	0.00963	0.01685	0.01143	0.01324	0.00782	0.00903	0.00722	0.00481	0.00361	0.00120	0.00602	0.00301	0.00241	0.00722
119	0.01277	0.01341	0.02575	0.01897	0.04771	0.01198	0.47841	0.01673	0.01273	0.01814	0.01090	0.01398	0.00848	0.00456	0.00579	0.00154	0.00764	0.00549	0.00301	0.28201
120	0.01134	0.01103	0.01392	0.01251	0.01313	0.07519	0.01013	0.01290	0.00938	0.01337	0.01051	0.01598	0.01000	0.02221	0.31595	0.00496	0.42379	0.00525	0.00271	0.00574
121	0.47431	0.01310	0.03181	0.03127	0.10953	0.04091	0.12320	0.05291	0.01166	0.02254	0.00912	0.01123	0.00714	0.00540	0.00503	0.00177	0.03475	0.00410	0.00330	0.00692
122	0.01129	0.02911	0.77306	0.01604	0.02436	0.01307	0.02079	0.01782	0.01188	0.01782	0.01010	0.01188	0.00713	0.00535	0.00535	0.00178	0.00832	0.00416	0.00238	0.00832
123	0.00818	0.00546	0.00614	0.00614	0.00614	0.00546	0.00341	0.00818	0.00818	0.01091	0.01773	0.03683	0.02046	0.80222	0.02864	0.00546	0.00546	0.00818	0.00341	0.00341
124	0.00817	0.00552	0.00645	0.00645	0.00656	0.00563	0.00380	0.00839	0.00828	0.01114	0.01744	0.03524	0.01977	0.72003	0.10989	0.00584	0.00650	0.00795	0.00337	0.00358
125	0.00679	0.00571	0.00589	0.00585	0.00769	0.00481	0.00438	0.00834	0.01315	0.01597	0.13113	0.05289	0.69023	0.01396	0.00665	0.00189	0.00283	0.01170	0.00533	0.00481
126	0.01454	0.01252	0.01838	0.39300	0.10307	0.01427	0.06281	0.23800	0.04929	0.02182	0.01179	0.01472	0.00877	0.00594	0.00569	0.00180	0.00702	0.00519	0.00364	0.00773
127	0.01189	0.01068	0.01688	0.69754	0.03626	0.01308	0.01505	0.10063	0.01304	0.01686	0.01041	0.01483	0.00774	0.00576	0.00563	0.00185	0.00735	0.00501	0.00287	0.00664
128	0.01271	0.01469	0.05376	0.02201	0.02732	0.01345	0.64889	0.01724	0.01289	0.01759	0.01202	0.01663	0.00943	0.00803	0.06946	0.00249	0.00982	0.02132	0.00289	0.00735
129	0.01329	0.24376	0.38486	0.01459	0.02104	0.01587	0.10426	0.07667	0.01326	0.01817	0.03753	0.01272	0.00921	0.00546	0.00509	0.00163	0.00743	0.00443	0.00285	0.00791
130	0.06657	0.56090	0.03719	0.02557	0.01444	0.01824	0.00920	0.01638	0.01131	0.04155	0.00921	0.01087	0.00805	0.00792	0.06688	0.00188	0.00651	0.00344	0.00277	0.08111
131	0.11337	0.01270	0.07832	0.35246	0.20048	0.01272	0.01446	0.06028	0.01267	0.05941	0.01113	0.01484	0.00857	0.00574	0.00537	0.00180	0.00673	0.01842	0.00316	0.00738
132	0.01436	0.56124	0.14420	0.01193	0.01719	0.04607	0.07120	0.01744	0.02733	0.01476	0.02375	0.01091	0.00843	0.00512	0.00428	0.00138	0.00670	0.00372	0.00260	0.00739
133	0.13652	0.01003	0.05350	0.03663	0.02619	0.00940	0.00792	0.11164	0.04617	0.08296	0.19925	0.13563	0.05125	0.03474	0.00649	0.00193	0.00442	0.00791	0.00500	0.03242
134	0.05982	0.14505	0.49713	0.01544	0.08123	0.01388	0.01680	0.01688	0.01177	0.01749	0.02467	0.05483	0.00971	0.00601	0.00511	0.00171	0.00722	0.00474	0.00270	0.00781

[dist]
# distance from previous block
# <min> <max>
2	14

[block]
# block no. 2 follows, 42 sequences, length 8
# corresponding to MSA columns:
# 277-284
name=unknown_C
#
# <colnr> <probs for GDERKNQSTAVLIFYWHMCP>
#	G	D	E	R	K	N	Q	S	T	A	V	L	I	F	Y	W	H	M	C	P
0	0.04007	0.01016	0.01312	0.06676	0.03833	0.01012	0.00921	0.09069	0.11537	0.39466	0.06605	0.02349	0.01718	0.00787	0.00585	0.00184	0.00502	0.06976	0.00594	0.00849
1	0.07684	0.07594	0.01948	0.38609	0.02826	0.04784	0.14013	0.01537	0.01135	0.01559	0.01001	0.01419	0.00800	0.00831	0.06181	0.00235	0.06430	0.00498	0.00268	0.00647
2	0.01118	0.01013	0.01657	0.08111	0.31007	0.01031	0.07131	0.01489	0.07005	0.01715	0.01906	0.24624	0.01955	0.00976	0.00632	0.00198	0.00569	0.06769	0.00390	0.00703
3	0.08413	0.01367	0.01472	0.01172	0.01567	0.01494	0.00954	0.52857	0.05716	0.09158	0.01588	0.08870	0.01264	0.00773	0.00562	0.00176	0.00557	0.00606	0.00554	0.00879
4	0.01375	0.00974	0.01114	0.00972	0.01253	0.01027	0.00762	0.07301	0.29976	0.12913	0.15833	0.05447	0.11833	0.00932	0.00639	0.00184	0.02869	0.00775	0.00572	0.03247
5	0.05146	0.23131	0.25621	0.01549	0.11233	0.08690	0.01407	0.01792	0.01223	0.05868	0.02636	0.01220	0.00876	0.00578	0.00587	0.00163	0.06814	0.00413	0.00288	0.00767
6	0.01465	0.55259	0.16825	0.01130	0.01644	0.09364	0.01177	0.01733	0.01187	0.01415	0.00861	0.01017	0.00747	0.00642	0.03336	0.00163	0.00720	0.00340	0.00247	0.00728
7	0.09744	0.01082	0.01235	0.01034	0.01397	0.01128	0.00832	0.08349	0.28469	0.31123	0.04317	0.02103	0.03403	0.00755	0.00558	0.00182	0.00464	0.02365	0.00597	0.00865

[dist]
# distance from previous block
# <min> <max>
0	2

[block]
# block no. 3 follows, 42 sequences, length 47
# corresponding to MSA columns:
# 287-333
name=unknown_D
#
# <colnr> <probs for GDERKNQSTAVLIFYWHMCP>
#	G	D	E	R	K	N	Q	S	T	A	V	L	I	F	Y	W	H	M	C	P
0	0.01700	0.01274	0.01320	0.01130	0.01477	0.06108	0.00896	0.14725	0.40943	0.14700	0.02244	0.02151	0.05832	0.00780	0.00575	0.00183	0.00508	0.02019	0.00570	0.00867
1	0.01592	0.69689	0.02776	0.01009	0.01486	0.02160	0.00978	0.11754	0.01350	0.01630	0.00861	0.00964	0.00755	0.00508	0.00389	0.00127	0.00604	0.00329	0.00285	0.00755
2	0.00978	0.00489	0.00733	0.00733	0.00733	0.00489	0.00489	0.00733	0.00733	0.00978	0.00978	0.01711	0.00978	0.01955	0.02199	0.83627	0.00489	0.00489	0.00244	0.00244
3	0.01251	0.01267	0.01682	0.01451	0.01468	0.05021	0.01202	0.01378	0.00896	0.01353	0.00778	0.01265	0.00767	0.01109	0.05133	0.00271	0.72352	0.00492	0.00251	0.00612
4	0.01104	0.00834	0.00973	0.00954	0.01129	0.00876	0.00718	0.16027	0.12672	0.02024	0.02731	0.42634	0.06012	0.01361	0.00668	0.00212	0.00418	0.07488	0.00538	0.00629
5	0.84197	0.01088	0.00827	0.00740	0.01088	0.01262	0.00609	0.01654	0.00958	0.02525	0.00784	0.00914	0.00609	0.00522	0.00348	0.00174	0.00435	0.00305	0.00348	0.00609
6	0.00818	0.00549	0.00631	0.00631	0.00636	0.00555	0.00362	0.00829	0.00823	0.01104	0.01758	0.03598	0.02009	0.75823	0.07213	0.00566	0.00601	0.00806	0.00339	0.00350
7	0.01250	0.01220	0.01591	0.01375	0.01402	0.04945	0.01136	0.01389	0.00928	0.01434	0.00861	0.01314	0.00813	0.00932	0.01634	0.00230	0.67371	0.00490	0.09079	0.00608
8	0.00701	0.00570	0.00622	0.00613	0.00783	0.00490	0.00458	0.00876	0.01362	0.01718	0.24863	0.06898	0.55362	0.01359	0.00666	0.00187	0.00281	0.01152	0.00549	0.00490
9	0.01638	0.01255	0.01344	0.05584	0.01519	0.05014	0.00883	0.42345	0.01910	0.02537	0.01431	0.01979	0.01237	0.19874	0.06777	0.00312	0.00685	0.00581	0.02361	0.00733
10	0.00686	0.00490	0.00653	0.00784	0.00816	0.00457	0.00522	0.00784	0.01077	0.01437	0.03102	0.79855	0.03722	0.01763	0.00718	0.00229	0.00326	0.01600	0.00522	0.00457
11	0.01428	0.62962	0.17429	0.01165	0.03971	0.02020	0.01204	0.01705	0.01156	0.01429	0.00835	0.00974	0.00726	0.00492	0.00401	0.00133	0.00649	0.00330	0.00241	0.00749
12	0.00907	0.00648	0.00907	0.01036	0.01166	0.00648	0.00907	0.01166	0.01296	0.01684	0.02980	0.06348	0.03239	0.01555	0.00777	0.00259	0.00518	0.72924	0.00518	0.00518
13	0.00686	0.00490	0.00653	0.00784	0.00816	0.00457	0.00522	0.00784	0.01077	0.01437	0.03102	0.79855	0.03722	0.01763	0.00718	0.00229	0.00326	0.01600	0.00522	0.00457
14	0.01167	0.01000	0.01167	0.00834	0.01334	0.00750	0.00667	0.01417	0.01167	0.01834	0.01000	0.01167	0.00834	0.00417	0.00417	0.00083	0.00417	0.00333	0.00333	0.83663
15	0.01228	0.23463	0.57626	0.01434	0.02173	0.01550	0.01784	0.01757	0.01176	0.01661	0.00950	0.01113	0.00715	0.00521	0.00489	0.00163	0.00771	0.00385	0.00238	0.00803
16	0.00817	0.00623	0.00930	0.00922	0.01020	0.00735	0.00720	0.01016	0.00903	0.01308	0.01483	0.02180	0.01386	0.04120	0.75613	0.00884	0.03935	0.00600	0.00300	0.00506
17	0.00670	0.00570	0.00577	0.00576	0.00763	0.00477	0.00432	0.00818	0.01295	0.01549	0.08507	0.05368	0.73660	0.01414	0.00665	0.00190	0.00284	0.01181	0.00526	0.00477
18	0.01386	0.01301	0.01716	0.03255	0.01694	0.04310	0.08409	0.11056	0.07211	0.01869	0.01050	0.01329	0.00877	0.00727	0.01067	0.00185	0.32900	0.00484	0.00338	0.18837
19	0.00866	0.00690	0.03215	0.00979	0.01122	0.00628	0.00848	0.01110	0.01277	0.01671	0.06329	0.15324	0.07872	0.01524	0.00750	0.00245	0.00478	0.54039	0.00515	0.00518
20	0.01169	0.01128	0.01650	0.48289	0.02953	0.05823	0.04877	0.01482	0.01133	0.01515	0.01016	0.01445	0.00803	0.00613	0.00722	0.00181	0.11721	0.00487	0.05545	0.07449
21	0.00771	0.00566	0.00723	0.00702	0.00830	0.00517	0.00520	0.01006	0.01506	0.02094	0.61329	0.12480	0.12371	0.01244	0.00670	0.00184	0.00274	0.01098	0.00599	0.00517
22	0.11253	0.00955	0.01231	0.00961	0.01374	0.00861	0.00791	0.02553	0.01540	0.65864	0.05238	0.01905	0.01476	0.00697	0.00547	0.00174	0.00465	0.00557	0.00656	0.00902
23	0.01129	0.02911	0.77306	0.01604	0.02436	0.01307	0.02079	0.01782	0.01188	0.01782	0.01010	0.01188	0.00713	0.00535	0.00535	0.00178	0.00832	0.00416	0.00238	0.00832
24	0.02139	0.01576	0.01689	0.01295	0.01745	0.01745	0.01070	0.74835	0.02646	0.03547	0.01351	0.01351	0.00957	0.00676	0.00563	0.00169	0.00619	0.00507	0.00563	0.00957
25	0.00680	0.00571	0.00591	0.00586	0.00769	0.00481	0.00439	0.00837	0.01318	0.01604	0.13737	0.05278	0.68396	0.01394	0.00665	0.00189	0.00283	0.01168	0.00534	0.00481
26	0.00686	0.00490	0.00653	0.00784	0.00816	0.00457	0.00522	0.00784	0.01077	0.01437	0.03102	0.79855	0.03722	0.01763	0.00718	0.00229	0.00326	0.01600	0.00522	0.00457
27	0.00818	0.00546	0.00614	0.00614	0.00614	0.00546	0.00341	0.00818	0.00818	0.01091	0.01773	0.03683	0.02046	0.80222	0.02864	0.00546	0.00546	0.00818	0.00341	0.00341
28	0.02307	0.00971	0.01281	0.00996	0.01400	0.00876	0.00817	0.08901	0.01700	0.62683	0.10028	0.02109	0.01771	0.00743	0.00576	0.00174	0.00469	0.00609	0.00677	0.00912
29	0.84197	0.01088	0.00827	0.00740	0.01088	0.01262	0.00609	0.01654	0.00958	0.02525	0.00784	0.00914	0.00609	0.00522	0.00348	0.00174	0.00435	0.00305	0.00348	0.00609
30	0.01393	0.01337	0.02284	0.03454	0.76712	0.01337	0.01727	0.01727	0.01281	0.01839	0.01059	0.01393	0.00891	0.00501	0.00557	0.00167	0.00669	0.00501	0.00279	0.00891
31	0.02525	0.00958	0.01306	0.01001	0.01437	0.00827	0.00827	0.02743	0.01611	0.77102	0.02220	0.01915	0.01393	0.00697	0.00566	0.00174	0.00479	0.00566	0.00697	0.00958
32	0.00713	0.00568	0.00639	0.00630	0.00792	0.00494	0.00469	0.00897	0.01383	0.01779	0.30794	0.08585	0.47580	0.01344	0.00667	0.00187	0.00280	0.01147	0.00557	0.00494
33	0.01075	0.01013	0.01710	0.76037	0.06612	0.01254	0.01569	0.01449	0.01131	0.01453	0.01002	0.01496	0.00755	0.00560	0.00562	0.00187	0.00747	0.00500	0.00251	0.00635
34	0.00796	0.00575	0.00752	0.00708	0.00841	0.00531	0.00531	0.01062	0.01593	0.02257	0.76415	0.04204	0.05310	0.01150	0.00664	0.00177	0.00265	0.01018	0.00619	0.00531
35	0.00686	0.00490	0.00653	0.00784	0.00816	0.00457	0.00522	0.00784	0.01077	0.01437	0.03102	0.79855	0.03722	0.01763	0.00718	0.00229	0.00326	0.01600	0.00522	0.00457
36	0.01063	0.01000	0.01688	0.78870	0.03876	0.01250	0.01563	0.01438	0.01125	0.01438	0.01000	0.01500	0.00750	0.00563	0.00563	0.00188	0.00750	0.00500	0.00250	0.00625
37	0.02102	0.02682	0.01595	0.01450	0.01740	0.77963	0.01087	0.02247	0.01595	0.01377	0.00870	0.01015	0.00725	0.00580	0.00507	0.00145	0.01015	0.00362	0.00290	0.00652
38	0.01167	0.01000	0.01167	0.00834	0.01334	0.00750	0.00667	0.01417	0.01167	0.01834	0.01000	0.01167	0.00834	0.00417	0.00417	0.00083	0.00417	0.00333	0.00333	0.83663
39	0.02128	0.01535	0.01656	0.01276	0.01721	0.01692	0.01052	0.68977	0.05344	0.06726	0.01425	0.01404	0.01005	0.00680	0.00563	0.00170	0.00607	0.00514	0.00569	0.00955
40	0.01349	0.01051	0.01236	0.00946	0.01367	0.00940	0.00758	0.11305	0.04531	0.06379	0.01285	0.05130	0.01081	0.00738	0.03927	0.00154	0.03821	0.00463	0.00399	0.53139
41	0.20598	0.01231	0.01329	0.01061	0.01469	0.01309	0.00870	0.27735	0.09935	0.26460	0.01602	0.01514	0.01100	0.00657	0.00517	0.00174	0.00515	0.00494	0.00558	0.00872
42	0.01126	0.00664	0.00776	0.00709	0.00804	0.00652	0.00459	0.05377	0.01073	0.11750	0.04847	0.03359	0.03456	0.60017	0.02285	0.00451	0.00525	0.00781	0.00417	0.00472
43	0.01304	0.01294	0.02317	0.23107	0.07822	0.01363	0.31850	0.06094	0.13357	0.01887	0.01338	0.03366	0.01039	0.00588	0.00610	0.00187	0.00761	0.00616	0.00343	0.00757
