[name]
unknown

[dist]
# distance from previous block
# <min> <max>
17	59

[block]
# block no. 0 follows, 45 sequences, length 45
# corresponding to MSA columns:
# 73-97,101-120
name=unknown_A
#
# <colnr> <probs for GDERKNQSTAVLIFYWHMCP>
#	G	D	E	R	K	N	Q	S	T	A	V	L	I	F	Y	W	H	M	C	P
0	0.01400	0.01090	0.01395	0.01038	0.01475	0.00989	0.07600	0.15333	0.04556	0.08147	0.03281	0.01367	0.01022	0.00517	0.00495	0.00121	0.02025	0.00431	0.01987	0.45727
1	0.05495	0.03507	0.04050	0.10949	0.32007	0.06632	0.03067	0.09073	0.05022	0.03063	0.01201	0.04419	0.01020	0.00594	0.00522	0.00162	0.00620	0.02788	0.00330	0.05479
2	0.02954	0.01300	0.03827	0.03568	0.21133	0.09916	0.02891	0.09697	0.02727	0.07540	0.03998	0.06845	0.01200	0.00612	0.00510	0.00146	0.00571	0.00522	0.00370	0.19675
3	0.04667	0.01166	0.01297	0.01001	0.01406	0.04110	0.02835	0.23371	0.05977	0.09977	0.04165	0.01550	0.03309	0.02115	0.00528	0.00141	0.00492	0.00470	0.00443	0.30978
4	0.01077	0.01008	0.04344	0.01301	0.05590	0.00920	0.15807	0.08684	0.03043	0.01841	0.10192	0.22977	0.02168	0.00944	0.00627	0.00178	0.02308	0.05189	0.00416	0.11386
5	0.10593	0.03805	0.01353	0.03286	0.04287	0.09347	0.00886	0.32504	0.07070	0.02543	0.15230	0.01770	0.01664	0.00693	0.00518	0.00160	0.00534	0.00540	0.02478	0.00740
6	0.03247	0.01220	0.01295	0.00992	0.01422	0.05814	0.00800	0.23040	0.06664	0.10151	0.01241	0.01283	0.00930	0.00530	0.00466	0.00124	0.00496	0.00409	0.00430	0.39447
7	0.01265	0.01343	0.11819	0.12480	0.31766	0.01163	0.04704	0.05897	0.01270	0.04654	0.03058	0.01700	0.01077	0.00592	0.00567	0.00165	0.02447	0.05442	0.00315	0.08275
8	0.03320	0.47248	0.20126	0.01178	0.01699	0.01760	0.06462	0.03983	0.01163	0.04647	0.00892	0.01029	0.00727	0.00502	0.00464	0.00141	0.03309	0.00360	0.00262	0.00726
9	0.00950	0.04200	0.21183	0.05111	0.01319	0.00860	0.00916	0.01164	0.00953	0.03639	0.01564	0.06879	0.03581	0.38115	0.03696	0.00355	0.04014	0.00671	0.00311	0.00519
10	0.00708	0.00574	0.00637	0.00646	0.00814	0.00512	0.00503	0.00920	0.03538	0.01602	0.15701	0.05030	0.53466	0.01320	0.00647	0.00189	0.00307	0.11894	0.00513	0.00479
11	0.00871	0.00702	0.01006	0.19272	0.01581	0.00746	0.03109	0.02820	0.05287	0.01654	0.16830	0.25114	0.07419	0.03784	0.00684	0.00201	0.00436	0.04380	0.03572	0.00532
12	0.02087	0.04281	0.03388	0.01114	0.01534	0.01322	0.00940	0.42913	0.02026	0.29619	0.01542	0.01471	0.01046	0.00682	0.00582	0.02986	0.00544	0.00493	0.00553	0.00879
13	0.00969	0.00622	0.00794	0.00719	0.00891	0.00578	0.00550	0.02522	0.03688	0.10341	0.61487	0.03740	0.08908	0.01048	0.00619	0.00170	0.00287	0.00915	0.00591	0.00564
14	0.02408	0.00914	0.01246	0.00955	0.01370	0.00789	0.00789	0.02616	0.01536	0.78158	0.02118	0.01827	0.01329	0.00664	0.00540	0.00166	0.00457	0.00540	0.00664	0.00914
15	0.06347	0.01167	0.01544	0.21582	0.02133	0.01270	0.05822	0.27381	0.05230	0.17748	0.01415	0.03636	0.01028	0.00633	0.00537	0.00171	0.00591	0.00526	0.00456	0.00784
16	0.01530	0.01673	0.01873	0.04858	0.45852	0.27185	0.01385	0.01825	0.03853	0.01605	0.01086	0.01319	0.02522	0.00533	0.00519	0.00154	0.00735	0.00453	0.00283	0.00758
17	0.00712	0.00544	0.00610	0.00629	0.00733	0.00505	0.00436	0.00843	0.02767	0.01360	0.05906	0.15525	0.36018	0.24177	0.03869	0.00308	0.00399	0.03785	0.00446	0.00427
18	0.02321	0.01053	0.01332	0.01021	0.01440	0.00996	0.00844	0.19995	0.01770	0.60449	0.01921	0.01700	0.01230	0.00660	0.00539	0.00165	0.00488	0.00526	0.00634	0.00913
19	0.01918	0.18641	0.03406	0.01130	0.01561	0.03663	0.00977	0.45617	0.02002	0.12699	0.01269	0.01291	0.00925	0.01867	0.00529	0.00157	0.00582	0.00448	0.00471	0.00845
20	0.01227	0.01381	0.02971	0.02147	0.02644	0.01309	0.69201	0.01649	0.01240	0.01686	0.01190	0.06273	0.00978	0.00541	0.00668	0.00185	0.03042	0.00683	0.00284	0.00703
21	0.01140	0.00975	0.01142	0.00824	0.01287	0.00768	0.00662	0.03339	0.01142	0.01780	0.00956	0.01120	0.00796	0.00420	0.00441	0.00086	0.02699	0.00327	0.00321	0.79778
22	0.00671	0.00486	0.00633	0.00721	0.00779	0.00449	0.00493	0.00794	0.01124	0.01508	0.15715	0.62632	0.08886	0.01561	0.00673	0.00207	0.00299	0.01405	0.00514	0.00449
23	0.01256	0.01395	0.05014	0.01915	0.02404	0.01301	0.53422	0.03518	0.04357	0.01753	0.01087	0.01394	0.00836	0.00500	0.00679	0.00171	0.06795	0.00569	0.00291	0.11341
24	0.01581	0.01944	0.06572	0.01199	0.01476	0.46937	0.00964	0.04044	0.04725	0.01495	0.04172	0.01594	0.05697	0.01113	0.11381	0.00247	0.00895	0.00473	0.02878	0.00615
25	0.01357	0.01085	0.01200	0.00980	0.01310	0.03205	0.00781	0.26105	0.08810	0.02186	0.01571	0.01763	0.05730	0.03150	0.17052	0.00299	0.00694	0.00515	0.00416	0.21791
26	0.01364	0.65929	0.17722	0.01039	0.01564	0.01951	0.01129	0.01626	0.01099	0.01349	0.00789	0.00915	0.00687	0.00469	0.00377	0.00126	0.00617	0.00309	0.00229	0.00709
27	0.01302	0.04595	0.01274	0.00882	0.01339	0.00959	0.00717	0.15975	0.01381	0.02033	0.01026	0.01187	0.00838	0.02152	0.00472	0.00106	0.00446	0.00359	0.00357	0.62598
28	0.26635	0.15057	0.05647	0.07621	0.08790	0.16991	0.01014	0.03942	0.01184	0.04155	0.00885	0.01060	0.00711	0.00578	0.01645	0.00165	0.02598	0.00362	0.00298	0.00664
29	0.00760	0.00549	0.00718	0.00675	0.00802	0.00506	0.00506	0.01013	0.01519	0.02153	0.77503	0.04010	0.05065	0.01097	0.00633	0.00169	0.00253	0.00971	0.00591	0.00506
30	0.00932	0.00466	0.00699	0.00699	0.00699	0.00466	0.00466	0.00699	0.00699	0.00932	0.00932	0.01632	0.00932	0.01865	0.02098	0.84382	0.00466	0.00466	0.00233	0.00233
31	0.57010	0.00996	0.00943	0.00790	0.01150	0.01064	0.00652	0.01929	0.01124	0.28035	0.01211	0.01195	0.00834	0.00554	0.00402	0.00166	0.00429	0.00375	0.00445	0.00694
32	0.00762	0.00550	0.00721	0.00683	0.00809	0.00509	0.00515	0.01015	0.01513	0.02140	0.75783	0.04057	0.05019	0.01106	0.00636	0.00171	0.00259	0.02658	0.00589	0.00506
33	0.00654	0.00467	0.00623	0.00747	0.00779	0.00436	0.00498	0.00747	0.01028	0.01370	0.02959	0.80785	0.03550	0.01682	0.00685	0.00218	0.00311	0.01526	0.00498	0.00436
34	0.01335	0.01153	0.01214	0.01092	0.01396	0.01335	0.00850	0.02852	0.76817	0.02245	0.02185	0.02003	0.01639	0.00728	0.00546	0.00182	0.00425	0.00607	0.00546	0.00850
35	0.07435	0.00921	0.01218	0.00940	0.01350	0.00814	0.00776	0.02553	0.01498	0.73544	0.02034	0.01769	0.01283	0.00654	0.00527	0.00166	0.00454	0.00525	0.00644	0.00893
36	0.00634	0.00544	0.00544	0.00544	0.00725	0.00453	0.00408	0.00770	0.01224	0.01450	0.05438	0.05166	0.77569	0.01359	0.00634	0.00181	0.00272	0.01133	0.00498	0.00453
37	0.02041	0.01504	0.01611	0.01235	0.01665	0.01665	0.01020	0.75997	0.02524	0.03383	0.01289	0.01289	0.00913	0.00644	0.00537	0.00161	0.00591	0.00483	0.00537	0.00913
38	0.01578	0.17917	0.03852	0.01820	0.25003	0.23138	0.01190	0.07922	0.04610	0.01685	0.00975	0.01141	0.00805	0.00516	0.00473	0.00141	0.00693	0.00397	0.00298	0.05848
39	0.01718	0.01955	0.01761	0.02027	0.27842	0.42681	0.03023	0.05818	0.03304	0.01621	0.00976	0.01169	0.00799	0.00536	0.00506	0.00149	0.00804	0.00415	0.02176	0.00721
40	0.02383	0.00955	0.01271	0.00975	0.01391	0.00850	0.00805	0.07725	0.01605	0.72952	0.02060	0.01790	0.01300	0.00663	0.00540	0.00166	0.00466	0.00536	0.00656	0.00913
41	0.01013	0.00926	0.01542	0.75012	0.03510	0.01150	0.01423	0.01364	0.01077	0.01410	0.01003	0.01466	0.00756	0.00542	0.00527	0.00176	0.00687	0.00478	0.05348	0.00590
42	0.01201	0.01138	0.01954	0.04685	0.58287	0.01133	0.05788	0.01490	0.01188	0.01676	0.01349	0.15042	0.01311	0.00686	0.00564	0.00171	0.00599	0.00668	0.00305	0.00765
43	0.01014	0.00954	0.01610	0.79845	0.03697	0.01193	0.01491	0.01371	0.01073	0.01371	0.00954	0.01431	0.00716	0.00537	0.00537	0.00179	0.00716	0.00477	0.00239	0.00596
44	0.01269	0.01124	0.01524	0.11289	0.01805	0.02609	0.09216	0.14483	0.03354	0.01897	0.01210	0.08529	0.01069	0.00662	0.00668	0.00154	0.10504	0.00540	0.00352	0.27742

[dist]
# distance from previous block
# <min> <max>
0	14

[block]
# block no. 1 follows, 45 sequences, length 20
# corresponding to MSA columns:
# 135-154
name=unknown_B
#
# <colnr> <probs for GDERKNQSTAVLIFYWHMCP>
#	G	D	E	R	K	N	Q	S	T	A	V	L	I	F	Y	W	H	M	C	P
0	0.01243	0.01612	0.12474	0.02172	0.02746	0.01344	0.66695	0.01717	0.01250	0.01717	0.01071	0.01409	0.00798	0.00460	0.00618	0.00180	0.00891	0.00604	0.00266	0.00733
1	0.82008	0.01054	0.00818	0.00725	0.01060	0.01220	0.00597	0.04198	0.00970	0.02443	0.00766	0.00887	0.00593	0.00503	0.00339	0.00166	0.00421	0.00297	0.00339	0.00593
2	0.00837	0.00652	0.00793	0.05790	0.01099	0.00634	0.00664	0.06051	0.01307	0.01664	0.07462	0.09366	0.35788	0.01288	0.00652	0.00200	0.00389	0.22816	0.02039	0.00508
3	0.01952	0.02470	0.01529	0.01385	0.01644	0.74057	0.01046	0.02089	0.01477	0.01312	0.00822	0.00981	0.00692	0.00578	0.00565	0.00144	0.06009	0.00354	0.00274	0.00620
4	0.00730	0.00573	0.00677	0.00724	0.00880	0.00520	0.00592	0.00915	0.01241	0.01542	0.07545	0.05465	0.45180	0.01397	0.00676	0.00207	0.00358	0.29805	0.00501	0.00472
5	0.00652	0.00474	0.00616	0.00729	0.00774	0.00438	0.00490	0.00749	0.01045	0.01377	0.03178	0.74088	0.10106	0.01653	0.00681	0.00215	0.00308	0.01491	0.00498	0.00438
6	0.00654	0.00467	0.00623	0.00747	0.00779	0.00436	0.00498	0.00747	0.01028	0.01370	0.02959	0.80785	0.03550	0.01682	0.00685	0.00218	0.00311	0.01526	0.00498	0.00436
7	0.01511	0.04632	0.01389	0.03627	0.01538	0.08187	0.00919	0.15530	0.51707	0.02296	0.01811	0.01722	0.01360	0.00681	0.00531	0.00172	0.00517	0.00545	0.00498	0.00826
8	0.11735	0.06302	0.05231	0.04100	0.01544	0.01191	0.00919	0.20633	0.03247	0.37379	0.01563	0.01474	0.01048	0.00616	0.00501	0.00163	0.00519	0.00472	0.00525	0.00841
9	0.01453	0.59917	0.14579	0.01055	0.01554	0.06781	0.01095	0.04029	0.01179	0.02962	0.00831	0.00944	0.00708	0.00483	0.00389	0.00127	0.00632	0.00319	0.00251	0.00713
10	0.01080	0.05655	0.68410	0.01487	0.03847	0.01230	0.01832	0.01639	0.01135	0.01678	0.03854	0.01251	0.00858	0.00571	0.00557	0.02743	0.00751	0.00418	0.00242	0.00763
11	0.01149	0.01139	0.01593	0.01376	0.01378	0.01584	0.01141	0.01265	0.00832	0.01296	0.00817	0.05133	0.00846	0.00976	0.01708	0.00234	0.76183	0.00522	0.00248	0.00580
12	0.00978	0.00612	0.00780	0.02069	0.03774	0.00616	0.04245	0.02471	0.01137	0.01844	0.01985	0.04542	0.07866	0.01068	0.08841	0.00217	0.00442	0.00598	0.55392	0.00525
13	0.00655	0.00517	0.00574	0.00614	0.00729	0.00454	0.00429	0.00764	0.01117	0.01385	0.04269	0.29625	0.46169	0.09168	0.00854	0.00226	0.00309	0.01227	0.00482	0.00435
14	0.84927	0.01038	0.00789	0.00706	0.01038	0.01204	0.00581	0.01578	0.00914	0.02408	0.00747	0.00872	0.00581	0.00498	0.00332	0.00166	0.00415	0.00291	0.00332	0.00581
15	0.01014	0.00954	0.01610	0.79845	0.03697	0.01193	0.01491	0.01371	0.01073	0.01371	0.00954	0.01431	0.00716	0.00537	0.00537	0.00179	0.00716	0.00477	0.00239	0.00596
16	0.02554	0.00631	0.00757	0.00792	0.00914	0.00632	0.00584	0.05395	0.07414	0.03705	0.04975	0.43975	0.06851	0.01326	0.00622	0.00199	0.00350	0.08249	0.09547	0.00528
17	0.00857	0.00603	0.00767	0.00690	0.00866	0.00535	0.00525	0.01099	0.01463	0.05367	0.62402	0.03715	0.09115	0.01029	0.00607	0.00161	0.00277	0.00901	0.00562	0.08461
18	0.01318	0.17952	0.31105	0.03115	0.11513	0.01383	0.05135	0.08240	0.01297	0.05219	0.03950	0.01322	0.00961	0.00540	0.00488	0.00155	0.00653	0.00439	0.04451	0.00763
19	0.04853	0.53832	0.11462	0.01072	0.01505	0.09132	0.01066	0.01637	0.01103	0.01369	0.00776	0.00933	0.00685	0.00521	0.00511	0.00137	0.08161	0.00323	0.00238	0.00681

[dist]
# distance from previous block
# <min> <max>
2	4

[block]
# block no. 2 follows, 45 sequences, length 20
# corresponding to MSA columns:
# 159-178
name=unknown_C
#
# <colnr> <probs for GDERKNQSTAVLIFYWHMCP>
#	G	D	E	R	K	N	Q	S	T	A	V	L	I	F	Y	W	H	M	C	P
0	0.01175	0.01315	0.04553	0.19461	0.04574	0.01265	0.51319	0.01593	0.01227	0.01652	0.03874	0.01609	0.02686	0.00517	0.00606	0.00179	0.00816	0.00612	0.00279	0.00686
1	0.00643	0.00544	0.00556	0.00553	0.00730	0.00457	0.00415	0.00787	0.01244	0.01498	0.10357	0.05087	0.72620	0.01342	0.00634	0.00180	0.00271	0.01122	0.00505	0.00457
2	0.03096	0.15893	0.24571	0.01130	0.01604	0.03666	0.01154	0.15888	0.01403	0.06255	0.01406	0.10930	0.02888	0.02846	0.00561	0.00168	0.00596	0.00558	0.00362	0.05028
3	0.01821	0.05704	0.01521	0.01123	0.01489	0.01477	0.00928	0.52908	0.02101	0.08217	0.03028	0.01644	0.04985	0.03566	0.00678	0.00176	0.05091	0.00530	0.02192	0.00821
4	0.01381	0.01285	0.01188	0.01032	0.01327	0.19868	0.02777	0.01789	0.13939	0.08330	0.03710	0.08952	0.08337	0.00796	0.00554	0.00156	0.01840	0.04392	0.00421	0.17925
5	0.02076	0.01118	0.01639	0.01225	0.01668	0.01047	0.13768	0.16128	0.01653	0.47057	0.01725	0.01624	0.01135	0.00610	0.00548	0.00163	0.00556	0.00534	0.00555	0.05171
6	0.00712	0.00547	0.00652	0.00625	0.00773	0.00486	0.00469	0.00921	0.01407	0.01886	0.50186	0.04448	0.32549	0.01197	0.00634	0.00174	0.00260	0.01032	0.00556	0.00486
7	0.02041	0.01504	0.01611	0.01235	0.01665	0.01665	0.01020	0.75997	0.02524	0.03383	0.01289	0.01289	0.00913	0.00644	0.00537	0.00161	0.00591	0.00483	0.00537	0.00913
8	0.32206	0.01014	0.01163	0.00927	0.01314	0.01019	0.03262	0.05957	0.03548	0.42117	0.01546	0.01446	0.01029	0.00598	0.00468	0.00167	0.00463	0.00452	0.00521	0.00785
9	0.01514	0.01745	0.02993	0.11318	0.17307	0.34179	0.06387	0.01802	0.04448	0.01484	0.02257	0.01366	0.00915	0.03555	0.03473	0.00197	0.03651	0.00459	0.00286	0.00666
10	0.01174	0.01174	0.01644	0.01409	0.01409	0.01644	0.01174	0.01292	0.00822	0.01292	0.00705	0.01174	0.00705	0.00940	0.01762	0.00235	0.80153	0.00470	0.00235	0.00587
11	0.00988	0.00501	0.00505	0.00505	0.00623	0.00501	0.00372	0.01224	0.01106	0.01946	0.01748	0.02088	0.01409	0.05223	0.00510	0.00148	0.00266	0.00516	0.79331	0.00490
12	0.01277	0.01177	0.01924	0.20464	0.52322	0.02812	0.01514	0.01594	0.01214	0.04245	0.03353	0.01573	0.01020	0.00546	0.00541	0.00166	0.00641	0.02557	0.00289	0.00770
13	0.00642	0.00542	0.00556	0.00557	0.00731	0.00455	0.00416	0.00783	0.01233	0.01485	0.09201	0.07471	0.71388	0.01356	0.00636	0.00182	0.00272	0.01137	0.00503	0.00455
14	0.00922	0.00694	0.00928	0.00876	0.00980	0.00799	0.00666	0.08441	0.01009	0.01420	0.01430	0.02259	0.01385	0.19394	0.50680	0.00683	0.06017	0.00602	0.00317	0.00498
15	0.01088	0.01030	0.01745	0.61741	0.21219	0.01212	0.01528	0.01437	0.01109	0.01462	0.00967	0.01407	0.00747	0.00523	0.00535	0.00174	0.00697	0.00477	0.00245	0.00656
16	0.01308	0.21888	0.08926	0.06570	0.43454	0.01475	0.01439	0.01658	0.03793	0.01617	0.01012	0.01313	0.00858	0.00508	0.00487	0.00152	0.00629	0.01865	0.00266	0.00783
17	0.01217	0.01128	0.01620	0.25864	0.23637	0.03261	0.02524	0.03947	0.15735	0.01752	0.01415	0.01714	0.03591	0.00600	0.00534	0.00166	0.00596	0.02430	0.00338	0.07930
18	0.00892	0.00677	0.03136	0.00745	0.00915	0.00600	0.00584	0.02611	0.05392	0.05942	0.53663	0.10562	0.08698	0.02369	0.00656	0.00180	0.00306	0.00959	0.00562	0.00550
19	0.03476	0.04561	0.01178	0.00939	0.01250	0.00993	0.00746	0.08858	0.20471	0.24402	0.05846	0.13901	0.04592	0.00851	0.00549	0.00171	0.00423	0.00714	0.00541	0.05539

[dist]
# distance from previous block
# <min> <max>
3	11

[block]
# block no. 3 follows, 45 sequences, length 25
# corresponding to MSA columns:
# 197-221
name=unknown_D
#
# <colnr> <probs for GDERKNQSTAVLIFYWHMCP>
#	G	D	E	R	K	N	Q	S	T	A	V	L	I	F	Y	W	H	M	C	P
0	0.01246	0.01005	0.01079	0.01015	0.04766	0.07764	0.00740	0.06415	0.17349	0.07648	0.22917	0.03921	0.05668	0.03378	0.04825	0.00209	0.00491	0.00685	0.01844	0.07033
1	0.05282	0.01192	0.01313	0.01019	0.01422	0.01214	0.00829	0.37426	0.05830	0.10131	0.01386	0.03897	0.01054	0.00616	0.00492	0.00143	0.00489	0.00480	0.04275	0.21508
2	0.04759	0.00614	0.00765	0.00696	0.00872	0.00566	0.00533	0.01204	0.01462	0.11174	0.57197	0.03732	0.12277	0.01047	0.00608	0.00170	0.00287	0.00906	0.00578	0.00553
3	0.00786	0.00524	0.00614	0.00617	0.00635	0.00534	0.00371	0.00823	0.00813	0.01119	0.01698	0.05283	0.01896	0.66452	0.11193	0.00532	0.00606	0.00763	0.04387	0.00354
4	0.00671	0.00483	0.00638	0.00742	0.00790	0.00450	0.00508	0.00788	0.01092	0.01463	0.10971	0.68153	0.05753	0.01604	0.00680	0.00213	0.00310	0.03737	0.00508	0.00446
5	0.01269	0.01312	0.06840	0.02978	0.66736	0.01214	0.01585	0.01601	0.01233	0.01767	0.05141	0.01596	0.01129	0.00542	0.00542	0.00163	0.00623	0.02624	0.00287	0.00818
6	0.01435	0.81458	0.02813	0.00918	0.01378	0.02124	0.00918	0.01607	0.01091	0.01263	0.00746	0.00861	0.00689	0.00459	0.00344	0.00115	0.00574	0.00287	0.00230	0.00689
7	0.01487	0.01262	0.01291	0.01130	0.01448	0.05158	0.00896	0.18079	0.52835	0.02399	0.01971	0.02053	0.01530	0.00749	0.00553	0.00180	0.00491	0.05132	0.00528	0.00830
8	0.02041	0.01504	0.01611	0.01235	0.01665	0.01665	0.01020	0.75997	0.02524	0.03383	0.01289	0.01289	0.00913	0.00644	0.00537	0.00161	0.00591	0.00483	0.00537	0.00913
9	0.01440	0.01205	0.01273	0.01114	0.01436	0.01384	0.00875	0.13678	0.65822	0.02414	0.02052	0.01897	0.01531	0.00716	0.00545	0.00179	0.00449	0.00589	0.00545	0.00859
10	0.02005	0.02558	0.01521	0.01383	0.01659	0.78980	0.01037	0.02143	0.01521	0.01314	0.00830	0.00968	0.00691	0.00553	0.00484	0.00138	0.00968	0.00346	0.00277	0.00622
11	0.84927	0.01038	0.00789	0.00706	0.01038	0.01204	0.00581	0.01578	0.00914	0.02408	0.00747	0.00872	0.00581	0.00498	0.00332	0.00166	0.00415	0.00291	0.00332	0.00581
12	0.01335	0.01153	0.01214	0.01092	0.01396	0.01335	0.00850	0.02852	0.76817	0.02245	0.02185	0.02003	0.01639	0.00728	0.00546	0.00182	0.00425	0.00607	0.00546	0.00850
13	0.00771	0.00558	0.00777	0.00777	0.00843	0.00624	0.00564	0.00903	0.00837	0.01182	0.01517	0.02545	0.01531	0.27973	0.55320	0.00756	0.01153	0.00639	0.00299	0.00431
14	0.00690	0.00523	0.00671	0.00735	0.00802	0.00504	0.00516	0.00816	0.01123	0.01497	0.14424	0.53782	0.15278	0.01510	0.00718	0.00206	0.03916	0.01333	0.00500	0.00456
15	0.02005	0.02558	0.01521	0.01383	0.01659	0.78980	0.01037	0.02143	0.01521	0.01314	0.00830	0.00968	0.00691	0.00553	0.00484	0.00138	0.00968	0.00346	0.00277	0.00622
16	0.00936	0.00468	0.00690	0.00690	0.00696	0.00468	0.00462	0.00726	0.00720	0.00984	0.00972	0.01650	0.00954	0.01805	0.02014	0.80298	0.00456	0.00468	0.04299	0.00246
17	0.01229	0.06074	0.38324	0.01729	0.13373	0.05515	0.08228	0.01867	0.12601	0.01762	0.03422	0.01385	0.00993	0.00550	0.00524	0.00167	0.00707	0.00471	0.00298	0.00781
18	0.01191	0.01135	0.01931	0.36669	0.45485	0.01239	0.01579	0.01527	0.01157	0.01587	0.00985	0.01373	0.00792	0.00504	0.00534	0.00168	0.00672	0.00478	0.00254	0.00740
19	0.00675	0.00478	0.00624	0.00724	0.00757	0.00450	0.00478	0.00766	0.01025	0.01374	0.06895	0.67414	0.03444	0.11070	0.00925	0.00251	0.00333	0.01407	0.00483	0.00427
20	0.01389	0.01395	0.01760	0.12756	0.35542	0.13619	0.01338	0.03467	0.13778	0.01723	0.01218	0.01536	0.01002	0.00595	0.00589	0.00169	0.04264	0.02779	0.00322	0.00758
21	0.01315	0.01262	0.02154	0.06586	0.74602	0.01272	0.01641	0.01636	0.01216	0.01737	0.01007	0.01333	0.00844	0.00481	0.00532	0.00160	0.00641	0.00478	0.00265	0.00839
22	0.09307	0.05857	0.01616	0.03873	0.07747	0.36742	0.03962	0.14923	0.03146	0.01864	0.02354	0.01243	0.02537	0.00587	0.00513	0.00152	0.02122	0.00424	0.00338	0.00693
23	0.25898	0.05012	0.01407	0.01051	0.01453	0.01499	0.00875	0.46572	0.01933	0.07668	0.01160	0.01183	0.00833	0.00595	0.00469	0.00161	0.00531	0.00422	0.00472	0.00807
24	0.01416	0.01092	0.01307	0.01013	0.03669	0.00969	0.02438	0.18895	0.01485	0.07054	0.02690	0.01274	0.00947	0.00490	0.00453	0.00111	0.00462	0.00396	0.00395	0.53445

[dist]
# distance from previous block
# <min> <max>
0	3

[block]
# block no. 4 follows, 45 sequences, length 16
# corresponding to MSA columns:
# 225-240
name=unknown_E
#
# <colnr> <probs for GDERKNQSTAVLIFYWHMCP>
#	G	D	E	R	K	N	Q	S	T	A	V	L	I	F	Y	W	H	M	C	P
0	0.01394	0.00787	0.00979	0.00846	0.01091	0.00763	0.00663	0.07381	0.09715	0.24063	0.31397	0.07445	0.04568	0.02491	0.00630	0.00180	0.00370	0.02258	0.02294	0.00683
1	0.01194	0.01295	0.07961	0.22594	0.41494	0.04594	0.01497	0.01522	0.01183	0.01602	0.01270	0.04573	0.03847	0.00603	0.00544	0.00170	0.00655	0.02395	0.00279	0.00730
2	0.00676	0.00494	0.00636	0.00709	0.00778	0.00454	0.00491	0.00811	0.01162	0.01560	0.20456	0.55030	0.11735	0.01513	0.00668	0.00203	0.00294	0.01356	0.00520	0.00454
3	0.01358	0.03474	0.01877	0.18724	0.06846	0.19038	0.18272	0.01718	0.05587	0.01568	0.01089	0.01381	0.00861	0.00566	0.00618	0.00166	0.06735	0.00488	0.08981	0.00653
4	0.01174	0.01174	0.01644	0.01409	0.01409	0.01644	0.01174	0.01292	0.00822	0.01292	0.00705	0.01174	0.00705	0.00940	0.01762	0.00235	0.80153	0.00470	0.00235	0.00587
5	0.84927	0.01038	0.00789	0.00706	0.01038	0.01204	0.00581	0.01578	0.00914	0.02408	0.00747	0.00872	0.00581	0.00498	0.00332	0.00166	0.00415	0.00291	0.00332	0.00581
6	0.01459	0.78100	0.02758	0.00938	0.01390	0.05395	0.00924	0.01630	0.01109	0.01265	0.00750	0.00866	0.00689	0.00463	0.00350	0.00116	0.00591	0.00290	0.00232	0.00686
7	0.00644	0.00544	0.00558	0.00554	0.00731	0.00457	0.00416	0.00790	0.01247	0.01506	0.11199	0.05074	0.71772	0.01339	0.00634	0.00180	0.00270	0.01120	0.00506	0.00457
8	0.00647	0.00541	0.00563	0.00564	0.00734	0.00458	0.00420	0.00792	0.01244	0.01513	0.12101	0.07877	0.68012	0.01347	0.00636	0.00181	0.00272	0.01132	0.00507	0.00458
9	0.02056	0.01478	0.01595	0.01223	0.01652	0.01627	0.01010	0.72832	0.02481	0.06607	0.01325	0.01312	0.00931	0.00645	0.00537	0.00161	0.00585	0.00486	0.00542	0.00913
10	0.00747	0.00525	0.00605	0.00622	0.00664	0.00501	0.00381	0.00790	0.00893	0.01179	0.02354	0.20328	0.10573	0.52707	0.01987	0.00404	0.00444	0.00966	0.00381	0.02947
11	0.01765	0.00881	0.01095	0.00883	0.01217	0.00817	0.00713	0.10768	0.04528	0.40969	0.14141	0.02603	0.13572	0.00832	0.00565	0.00167	0.00410	0.00688	0.00599	0.02787
12	0.01903	0.01000	0.01225	0.00982	0.01312	0.01003	0.00786	0.17589	0.08671	0.39456	0.06821	0.02039	0.01565	0.09549	0.00827	0.00208	0.03103	0.00587	0.00570	0.00805
13	0.01358	0.00911	0.01104	0.00827	0.01242	0.00737	0.00663	0.04373	0.01307	0.17101	0.11764	0.01662	0.01495	0.00557	0.00464	0.00112	0.00397	0.00459	0.00433	0.53037
14	0.01125	0.00994	0.01247	0.00910	0.01352	0.00819	0.04043	0.01363	0.01097	0.01711	0.00940	0.01133	0.00789	0.00443	0.00517	0.00096	0.06796	0.00344	0.00309	0.73971
15	0.01261	0.06249	0.13186	0.01879	0.08196	0.04935	0.30299	0.01600	0.01118	0.01552	0.00922	0.01260	0.00754	0.00608	0.00909	0.00187	0.23629	0.00508	0.00252	0.00698

[dist]
# distance from previous block
# <min> <max>
0	2

[block]
# block no. 5 follows, 45 sequences, length 14
# corresponding to MSA columns:
# 243-256
name=unknown_F
#
# <colnr> <probs for GDERKNQSTAVLIFYWHMCP>
#	G	D	E	R	K	N	Q	S	T	A	V	L	I	F	Y	W	H	M	C	P
0	0.04280	0.22761	0.50453	0.01333	0.01985	0.07362	0.01589	0.01706	0.01144	0.01585	0.00890	0.01042	0.00680	0.00500	0.00459	0.00153	0.00737	0.00361	0.00235	0.00746
1	0.01266	0.01043	0.01155	0.02852	0.09633	0.12336	0.02386	0.05243	0.04806	0.10820	0.06684	0.31320	0.06104	0.01063	0.00597	0.00183	0.00497	0.00929	0.00459	0.00624
2	0.02293	0.01098	0.01360	0.01043	0.01462	0.01062	0.00861	0.25537	0.01845	0.54801	0.01859	0.01659	0.01199	0.00658	0.00539	0.00165	0.00499	0.00522	0.00625	0.00913
3	0.00776	0.00540	0.00685	0.00685	0.00719	0.00574	0.00449	0.00844	0.00810	0.01114	0.01601	0.03011	0.01734	0.53569	0.30000	0.00643	0.00848	0.00707	0.00312	0.00380
4	0.02188	0.00961	0.01242	0.00973	0.01362	0.00891	0.00796	0.09066	0.07452	0.60783	0.06850	0.01932	0.01554	0.00695	0.00546	0.00167	0.00453	0.00567	0.00639	0.00883
5	0.00780	0.00524	0.00602	0.00602	0.00608	0.00530	0.00346	0.00792	0.00786	0.01053	0.01676	0.03427	0.01914	0.76413	0.07404	0.00541	0.00577	0.00768	0.00323	0.00335
6	0.00760	0.00549	0.00718	0.00675	0.00802	0.00506	0.00506	0.01013	0.01519	0.02153	0.77503	0.04010	0.05065	0.01097	0.00633	0.00169	0.00253	0.00971	0.00591	0.00506
7	0.00771	0.00559	0.00780	0.00780	0.00847	0.00626	0.00567	0.00905	0.00838	0.01185	0.01514	0.02530	0.01525	0.27139	0.56144	0.00760	0.01163	0.00637	0.00299	0.00433
8	0.01014	0.00954	0.01610	0.79845	0.03697	0.01193	0.01491	0.01371	0.01073	0.01371	0.00954	0.01431	0.00716	0.00537	0.00537	0.00179	0.00716	0.00477	0.00239	0.00596
9	0.01107	0.09515	0.71884	0.01478	0.02242	0.01322	0.01892	0.01692	0.01130	0.01663	0.00945	0.01110	0.00681	0.00506	0.00496	0.00165	0.00775	0.00387	0.00227	0.00784
10	0.00831	0.00559	0.00721	0.00678	0.00816	0.00513	0.00509	0.01071	0.01473	0.05374	0.65410	0.07018	0.07563	0.01095	0.00621	0.00170	0.00265	0.00963	0.03830	0.00519
11	0.01218	0.04376	0.01275	0.03063	0.03915	0.13428	0.05279	0.08121	0.01307	0.04942	0.06182	0.33087	0.02156	0.01112	0.02046	0.00195	0.04591	0.00905	0.00419	0.02383
12	0.13826	0.01108	0.01379	0.08336	0.17120	0.05816	0.02274	0.07862	0.02618	0.17497	0.06817	0.01945	0.04745	0.03202	0.00592	0.00179	0.00541	0.02999	0.00425	0.00720
13	0.01554	0.03999	0.01313	0.01032	0.01342	0.10273	0.00828	0.31314	0.03593	0.05331	0.13856	0.02065	0.07714	0.02210	0.00625	0.00164	0.03773	0.00591	0.02574	0.05848

[dist]
# distance from previous block
# <min> <max>
10	30

[block]
# block no. 6 follows, 45 sequences, length 34
# corresponding to MSA columns:
# 298-331
name=unknown_G
#
# <colnr> <probs for GDERKNQSTAVLIFYWHMCP>
#	G	D	E	R	K	N	Q	S	T	A	V	L	I	F	Y	W	H	M	C	P
0	0.06314	0.22601	0.51245	0.01284	0.01940	0.01436	0.01563	0.01632	0.01113	0.01622	0.01074	0.01209	0.03749	0.00530	0.00462	0.00156	0.00693	0.00392	0.00245	0.00740
1	0.06448	0.00668	0.00731	0.00718	0.00821	0.02230	0.00507	0.01032	0.05287	0.01434	0.07493	0.11197	0.17381	0.29171	0.07182	0.00354	0.03980	0.02510	0.00404	0.00454
2	0.29424	0.02702	0.01053	0.09391	0.01371	0.01065	0.00758	0.03223	0.10203	0.07007	0.19969	0.02004	0.03254	0.00733	0.00568	0.00173	0.05481	0.00562	0.00431	0.00626
3	0.03056	0.01178	0.01300	0.01105	0.04402	0.02917	0.00854	0.38660	0.03533	0.09982	0.01542	0.03672	0.02665	0.00674	0.00539	0.00156	0.02865	0.00522	0.16035	0.04343
4	0.06840	0.07937	0.58229	0.01461	0.02126	0.01312	0.03274	0.01694	0.01183	0.01798	0.01156	0.04503	0.00939	0.00704	0.00626	0.03879	0.00762	0.00482	0.00296	0.00800
5	0.01652	0.03344	0.01422	0.05353	0.01592	0.22066	0.00949	0.29110	0.09553	0.02192	0.01796	0.01823	0.11846	0.00734	0.00587	0.00163	0.04116	0.00547	0.00427	0.00727
6	0.01329	0.01275	0.02179	0.03295	0.77787	0.01275	0.01647	0.01647	0.01222	0.01754	0.01010	0.01329	0.00850	0.00478	0.00531	0.00159	0.00638	0.00478	0.00266	0.00850
7	0.01026	0.00967	0.01632	0.76831	0.06614	0.01196	0.01497	0.01382	0.01079	0.01387	0.00956	0.01427	0.00721	0.00534	0.00536	0.00178	0.00712	0.00477	0.00240	0.00606
8	0.00819	0.00673	0.01043	0.00975	0.01112	0.00641	0.11377	0.02654	0.03357	0.01503	0.04535	0.52924	0.04404	0.07123	0.00810	0.00227	0.00425	0.02544	0.00454	0.02400
9	0.01296	0.01242	0.02120	0.11202	0.70134	0.01267	0.01631	0.01619	0.01207	0.01714	0.01004	0.01339	0.00836	0.00484	0.00532	0.00161	0.00646	0.00478	0.00263	0.00824
10	0.84927	0.01038	0.00789	0.00706	0.01038	0.01204	0.00581	0.01578	0.00914	0.02408	0.00747	0.00872	0.00581	0.00498	0.00332	0.00166	0.00415	0.00291	0.00332	0.00581
11	0.00640	0.00521	0.00567	0.00604	0.00741	0.00448	0.00435	0.00764	0.01166	0.01427	0.04705	0.27521	0.55687	0.01455	0.00649	0.00192	0.00284	0.01249	0.00498	0.00448
12	0.84927	0.01038	0.00789	0.00706	0.01038	0.01204	0.00581	0.01578	0.00914	0.02408	0.00747	0.00872	0.00581	0.00498	0.00332	0.00166	0.00415	0.00291	0.00332	0.00581
13	0.00636	0.00537	0.00550	0.00561	0.00730	0.00452	0.00415	0.00768	0.01207	0.01443	0.05230	0.11497	0.71372	0.01386	0.00639	0.00184	0.00275	0.01166	0.00498	0.00452
14	0.79605	0.01037	0.00807	0.00717	0.01046	0.01198	0.00590	0.04029	0.00973	0.02428	0.00796	0.00921	0.00617	0.00507	0.00340	0.00165	0.00416	0.00303	0.02915	0.00590
15	0.12529	0.01092	0.01269	0.01004	0.01399	0.01105	0.00823	0.19333	0.10384	0.42766	0.01764	0.01604	0.01176	0.00646	0.00514	0.00167	0.00479	0.00503	0.00580	0.00864
16	0.01374	0.01076	0.01223	0.00924	0.01353	0.00974	0.00741	0.21506	0.03753	0.04151	0.01237	0.06227	0.01039	0.00562	0.00461	0.00116	0.00446	0.00453	0.00404	0.51979
17	0.01310	0.37630	0.38710	0.01247	0.01851	0.07873	0.01435	0.01695	0.01146	0.01475	0.00856	0.00999	0.00685	0.00491	0.00435	0.00143	0.00710	0.00344	0.00232	0.00733
18	0.84927	0.01038	0.00789	0.00706	0.01038	0.01204	0.00581	0.01578	0.00914	0.02408	0.00747	0.00872	0.00581	0.00498	0.00332	0.00166	0.00415	0.00291	0.00332	0.00581
19	0.01113	0.00954	0.01113	0.00795	0.01272	0.00716	0.00636	0.01352	0.01113	0.01749	0.00954	0.01113	0.00795	0.00398	0.00398	0.00080	0.00398	0.00318	0.00318	0.84417
20	0.00666	0.00541	0.00590	0.00586	0.00747	0.00465	0.00437	0.00828	0.01285	0.01617	0.22827	0.08851	0.56061	0.01313	0.00637	0.00180	0.00269	0.01114	0.00521	0.00465
21	0.02041	0.01504	0.01611	0.01235	0.01665	0.01665	0.01020	0.75997	0.02524	0.03383	0.01289	0.01289	0.00913	0.00644	0.00537	0.00161	0.00591	0.00483	0.00537	0.00913
22	0.00654	0.00467	0.00623	0.00747	0.00779	0.00436	0.00498	0.00747	0.01028	0.01370	0.02959	0.80785	0.03550	0.01682	0.00685	0.00218	0.00311	0.01526	0.00498	0.00436
23	0.01435	0.81458	0.02813	0.00918	0.01378	0.02124	0.00918	0.01607	0.01091	0.01263	0.00746	0.00861	0.00689	0.00459	0.00344	0.00115	0.00574	0.00287	0.00230	0.00689
24	0.01435	0.81458	0.02813	0.00918	0.01378	0.02124	0.00918	0.01607	0.01091	0.01263	0.00746	0.00861	0.00689	0.00459	0.00344	0.00115	0.00574	0.00287	0.00230	0.00689
25	0.00773	0.00530	0.00631	0.00617	0.00660	0.00516	0.00388	0.00861	0.01036	0.01425	0.27904	0.03685	0.03028	0.53462	0.02006	0.00399	0.00428	0.00846	0.00417	0.00388
26	0.01053	0.00994	0.01681	0.70263	0.12971	0.01203	0.01510	0.01406	0.01092	0.01419	0.00961	0.01418	0.00732	0.00529	0.00536	0.00176	0.00706	0.00477	0.00242	0.00628
27	0.03863	0.01339	0.01531	0.15449	0.01965	0.01508	0.01062	0.55367	0.04147	0.02903	0.01259	0.01354	0.00908	0.00623	0.00525	0.00163	0.00590	0.00481	0.04135	0.00827
28	0.00667	0.00477	0.00638	0.00763	0.00800	0.00448	0.00522	0.00771	0.01041	0.01385	0.02951	0.76031	0.03521	0.01669	0.00689	0.00220	0.00323	0.06147	0.00498	0.00440
29	0.01231	0.01701	0.17494	0.02123	0.02714	0.01336	0.61764	0.01716	0.01241	0.01716	0.01063	0.01388	0.00789	0.00463	0.00610	0.00179	0.00884	0.00588	0.00263	0.00737
30	0.01068	0.01011	0.01702	0.65577	0.15552	0.01217	0.01508	0.01414	0.01091	0.01431	0.00957	0.01408	0.00737	0.00537	0.00566	0.00177	0.02688	0.00477	0.00243	0.00637
31	0.02041	0.01504	0.01611	0.01235	0.01665	0.01665	0.01020	0.75997	0.02524	0.03383	0.01289	0.01289	0.00913	0.00644	0.00537	0.00161	0.00591	0.00483	0.00537	0.00913
32	0.02005	0.02558	0.01521	0.01383	0.01659	0.78980	0.01037	0.02143	0.01521	0.01314	0.00830	0.00968	0.00691	0.00553	0.00484	0.00138	0.00968	0.00346	0.00277	0.00622
33	0.01468	0.01110	0.02885	0.04271	0.07542	0.01177	0.00958	0.04913	0.44493	0.14343	0.02042	0.02247	0.01586	0.00756	0.00561	0.00183	0.00478	0.07650	0.00519	0.00817

[dist]
# distance from previous block
# <min> <max>
0	35

[block]
# block no. 7 follows, 45 sequences, length 29
# corresponding to MSA columns:
# 367-395
name=unknown_H
#
# <colnr> <probs for GDERKNQSTAVLIFYWHMCP>
#	G	D	E	R	K	N	Q	S	T	A	V	L	I	F	Y	W	H	M	C	P
0	0.01112	0.10448	0.70989	0.01470	0.02231	0.01332	0.01879	0.01691	0.01129	0.01657	0.00942	0.01107	0.00681	0.00505	0.00494	0.00165	0.00772	0.00386	0.00227	0.00783
1	0.00654	0.00467	0.00623	0.00747	0.00779	0.00436	0.00498	0.00747	0.01028	0.01370	0.02959	0.80785	0.03550	0.01682	0.00685	0.00218	0.00311	0.01526	0.00498	0.00436
2	0.01014	0.00954	0.01610	0.79845	0.03697	0.01193	0.01491	0.01371	0.01073	0.01371	0.00954	0.01431	0.00716	0.00537	0.00537	0.00179	0.00716	0.00477	0.00239	0.00596
3	0.01273	0.01541	0.15148	0.04430	0.55672	0.01277	0.09484	0.01658	0.01209	0.01733	0.01009	0.01310	0.00815	0.00482	0.00539	0.00164	0.00694	0.00481	0.00259	0.00822
4	0.01278	0.01421	0.03007	0.05467	0.02765	0.01369	0.68103	0.03999	0.01284	0.01743	0.01075	0.01434	0.00810	0.00477	0.00661	0.00182	0.03311	0.00617	0.00277	0.00720
5	0.00654	0.00467	0.00623	0.00747	0.00779	0.00436	0.00498	0.00747	0.01028	0.01370	0.02959	0.80785	0.03550	0.01682	0.00685	0.00218	0.00311	0.01526	0.00498	0.00436
6	0.01077	0.02777	0.78354	0.01530	0.02323	0.01247	0.01983	0.01700	0.01133	0.01700	0.00963	0.01133	0.00680	0.00510	0.00510	0.00170	0.00793	0.00397	0.00227	0.00793
7	0.01895	0.11944	0.05564	0.04645	0.03511	0.16134	0.01054	0.30532	0.02984	0.14743	0.01244	0.01272	0.00900	0.00592	0.00501	0.00153	0.00652	0.00438	0.00434	0.00807
8	0.01254	0.01359	0.02307	0.01782	0.02033	0.05111	0.33923	0.01519	0.01050	0.01480	0.00878	0.01285	0.00752	0.00708	0.01207	0.00207	0.41708	0.00536	0.00253	0.00649
9	0.00760	0.00549	0.00718	0.00675	0.00802	0.00506	0.00506	0.01013	0.01519	0.02153	0.77503	0.04010	0.05065	0.01097	0.00633	0.00169	0.00253	0.00971	0.00591	0.00506
10	0.00898	0.00578	0.00783	0.00857	0.04421	0.00533	0.00580	0.01061	0.01238	0.09632	0.24001	0.43484	0.07176	0.01339	0.00646	0.00194	0.00323	0.01198	0.00531	0.00526
11	0.01347	0.01231	0.02886	0.01125	0.01438	0.04658	0.02953	0.06032	0.61438	0.02195	0.03991	0.03840	0.02962	0.00747	0.00552	0.00179	0.00468	0.00626	0.00519	0.00813
12	0.00657	0.00547	0.00575	0.00574	0.00746	0.00465	0.00434	0.00811	0.01261	0.01543	0.14367	0.05049	0.66228	0.01330	0.00638	0.00182	0.00276	0.03346	0.00510	0.00461
13	0.01326	0.40009	0.36029	0.01228	0.01819	0.08300	0.01398	0.01694	0.01146	0.01460	0.00849	0.00990	0.00685	0.00490	0.00429	0.00141	0.00704	0.00340	0.00232	0.00729
14	0.01551	0.01185	0.01333	0.03096	0.03112	0.02875	0.02619	0.12590	0.48062	0.11998	0.02046	0.01918	0.03745	0.00708	0.00547	0.00176	0.00481	0.00587	0.00533	0.00840
15	0.00660	0.00471	0.00630	0.00754	0.00788	0.00441	0.00509	0.00758	0.01034	0.01377	0.02955	0.78689	0.03537	0.01676	0.00687	0.00219	0.00317	0.03564	0.00498	0.00438
16	0.01101	0.01105	0.01815	0.62687	0.03392	0.04943	0.11378	0.01452	0.01111	0.01412	0.00956	0.01401	0.00727	0.00542	0.00595	0.00179	0.03854	0.00491	0.00245	0.00614
17	0.04332	0.07311	0.01533	0.01252	0.03837	0.27769	0.00965	0.21481	0.18028	0.04267	0.01299	0.01326	0.00990	0.00609	0.00497	0.00154	0.00665	0.00446	0.02476	0.00763
18	0.01171	0.08131	0.65842	0.01498	0.02239	0.01293	0.05577	0.01735	0.01155	0.05080	0.01006	0.01161	0.00716	0.00510	0.00506	0.00167	0.00769	0.00407	0.00249	0.00788
19	0.01719	0.01923	0.01387	0.01222	0.01485	0.46099	0.00942	0.14731	0.01605	0.01729	0.05035	0.01704	0.10502	0.00725	0.00618	0.00157	0.06909	0.00506	0.00361	0.00644
20	0.01073	0.00998	0.01660	0.60167	0.15992	0.01196	0.01456	0.01410	0.01090	0.01460	0.00988	0.01428	0.00766	0.00548	0.00580	0.00176	0.04022	0.00478	0.03879	0.00635
21	0.01872	0.00933	0.03450	0.00934	0.01282	0.00823	0.00773	0.07299	0.06294	0.47878	0.09613	0.09051	0.05700	0.00828	0.00566	0.00172	0.00432	0.00694	0.00605	0.00801
22	0.01759	0.00902	0.01098	0.00904	0.01219	0.00872	0.00721	0.13327	0.07829	0.37163	0.05955	0.08062	0.08685	0.02777	0.00606	0.00178	0.00425	0.00688	0.06061	0.00769
23	0.00961	0.00880	0.06527	0.00938	0.01179	0.02497	0.08029	0.02852	0.01410	0.06030	0.39973	0.08185	0.12885	0.01033	0.00622	0.00177	0.00408	0.04336	0.00507	0.00570
24	0.01372	0.13913	0.37811	0.04511	0.01858	0.01206	0.01373	0.01813	0.03084	0.17268	0.09406	0.01576	0.01309	0.00603	0.00506	0.00161	0.00621	0.00479	0.00364	0.00764
25	0.01088	0.01077	0.01911	0.38614	0.05131	0.01251	0.18672	0.01408	0.01073	0.01461	0.01054	0.04523	0.00885	0.00737	0.03136	0.00209	0.14490	0.00557	0.02104	0.00620
26	0.01151	0.01140	0.01599	0.01378	0.01383	0.01588	0.01145	0.01272	0.00824	0.01289	0.00747	0.01229	0.00742	0.01119	0.06251	0.00271	0.75578	0.00476	0.00238	0.00581
27	0.07283	0.04481	0.65082	0.01442	0.02152	0.01234	0.04013	0.01648	0.01115	0.01728	0.01032	0.04569	0.00801	0.00557	0.00504	0.00171	0.00742	0.00442	0.00248	0.00757
28	0.01662	0.01769	0.01568	0.01717	0.19639	0.35069	0.01114	0.12890	0.05062	0.01825	0.03048	0.01651	0.03442	0.00647	0.00526	0.00156	0.00728	0.04463	0.02313	0.00712

[dist]
# distance from previous block
# <min> <max>
1	15

[block]
# block no. 8 follows, 45 sequences, length 66
# corresponding to MSA columns:
# 411-443,448-480
name=unknown_I
#
# <colnr> <probs for GDERKNQSTAVLIFYWHMCP>
#	G	D	E	R	K	N	Q	S	T	A	V	L	I	F	Y	W	H	M	C	P
0	0.00782	0.00602	0.00828	0.01013	0.07590	0.00573	0.00704	0.00957	0.01159	0.01517	0.05343	0.34921	0.15196	0.01442	0.00680	0.00215	0.00392	0.25111	0.00479	0.00496
1	0.01289	0.01338	0.06852	0.04990	0.68610	0.01249	0.01637	0.01625	0.01214	0.01736	0.01069	0.01483	0.00914	0.00517	0.00538	0.00164	0.00644	0.03034	0.00271	0.00828
2	0.01203	0.05984	0.56782	0.01580	0.04447	0.03235	0.08511	0.07198	0.01257	0.01793	0.01026	0.02734	0.00772	0.00536	0.00519	0.00168	0.00769	0.00443	0.00262	0.00782
3	0.00842	0.00594	0.00725	0.00774	0.00878	0.02260	0.00565	0.02283	0.01202	0.05671	0.13455	0.44538	0.11486	0.02840	0.00700	0.00210	0.00351	0.09623	0.00512	0.00491
4	0.01255	0.01200	0.02046	0.21191	0.60466	0.01256	0.01611	0.01583	0.01187	0.01664	0.00997	0.01353	0.00819	0.00492	0.00533	0.00164	0.00656	0.00478	0.00259	0.00791
5	0.01110	0.09190	0.70556	0.01496	0.02256	0.01321	0.03481	0.01693	0.01133	0.01665	0.00948	0.01118	0.00684	0.00505	0.00499	0.00166	0.00778	0.00393	0.00228	0.00783
6	0.01784	0.01340	0.01444	0.01154	0.01530	0.01479	0.00942	0.56655	0.12862	0.03015	0.03923	0.03180	0.04271	0.00744	0.00554	0.00169	0.00537	0.03027	0.00536	0.00851
7	0.00850	0.00670	0.00781	0.00732	0.00906	0.00663	0.00555	0.01333	0.16650	0.02024	0.47231	0.03847	0.19541	0.01078	0.00616	0.00174	0.00292	0.00931	0.00563	0.00565
8	0.02043	0.01284	0.01449	0.01134	0.01541	0.01366	0.00929	0.44357	0.13063	0.24602	0.01656	0.01547	0.01138	0.00662	0.00539	0.00166	0.00528	0.00517	0.00575	0.00904
9	0.01495	0.01453	0.02003	0.07938	0.36031	0.10975	0.10265	0.15019	0.04197	0.01970	0.01180	0.01405	0.02506	0.00546	0.00542	0.00162	0.00692	0.00500	0.00329	0.00791
10	0.01749	0.01342	0.01419	0.01106	0.01503	0.04071	0.00900	0.51822	0.03613	0.02836	0.01300	0.03275	0.00998	0.00722	0.02750	0.00167	0.00569	0.00482	0.04293	0.15084
11	0.00781	0.00582	0.00833	0.00826	0.00901	0.00670	0.00620	0.00934	0.00846	0.01209	0.01465	0.02347	0.01439	0.18494	0.62402	0.00780	0.03514	0.00611	0.00293	0.00453
12	0.00903	0.02511	0.03310	0.01052	0.04493	0.02568	0.04057	0.01087	0.02572	0.03674	0.08311	0.48878	0.02796	0.01308	0.00769	0.00204	0.09392	0.01143	0.00442	0.00532
13	0.06141	0.56323	0.10491	0.01088	0.03264	0.10448	0.01048	0.01669	0.01130	0.01391	0.00784	0.00920	0.00686	0.00488	0.00411	0.00130	0.02345	0.00314	0.00241	0.00688
14	0.01201	0.01689	0.19712	0.02097	0.07345	0.01286	0.51356	0.01667	0.01224	0.01702	0.01138	0.04918	0.00909	0.00522	0.00602	0.00179	0.00837	0.00611	0.00271	0.00735
15	0.00811	0.00591	0.00712	0.00749	0.00871	0.00567	0.00539	0.01100	0.09814	0.04585	0.10317	0.43265	0.19566	0.01403	0.00649	0.00200	0.00320	0.02907	0.00519	0.00514
16	0.01352	0.01351	0.04588	0.02613	0.53350	0.06611	0.03832	0.04910	0.02989	0.03402	0.01487	0.01694	0.08256	0.00585	0.00541	0.00162	0.00629	0.00539	0.00314	0.00794
17	0.03525	0.11226	0.48942	0.01478	0.05750	0.01396	0.03248	0.13092	0.01352	0.01941	0.02634	0.01198	0.00820	0.00534	0.00497	0.00162	0.00711	0.00416	0.00288	0.00789
18	0.00665	0.00478	0.00632	0.00742	0.00787	0.00445	0.00505	0.00774	0.01070	0.01427	0.07677	0.71687	0.06051	0.01630	0.00682	0.00214	0.00311	0.03276	0.00504	0.00442
19	0.01233	0.03949	0.02304	0.23635	0.02660	0.07523	0.33701	0.01566	0.01154	0.01503	0.01000	0.03044	0.00815	0.00585	0.00758	0.00184	0.12923	0.00550	0.00261	0.00652
20	0.01237	0.12062	0.05433	0.01444	0.01717	0.06147	0.19922	0.04240	0.01115	0.01493	0.01179	0.08794	0.02306	0.04360	0.01032	0.00204	0.25796	0.00600	0.00290	0.00631
21	0.01300	0.00985	0.03527	0.01125	0.03101	0.00963	0.06805	0.10134	0.18102	0.11989	0.08441	0.16899	0.04069	0.00982	0.00607	0.00189	0.00471	0.09101	0.00511	0.00700
22	0.00666	0.00489	0.00626	0.00717	0.00780	0.00449	0.00494	0.00784	0.01107	0.01463	0.10561	0.61166	0.14042	0.01576	0.00674	0.00209	0.00304	0.02938	0.00507	0.00446
23	0.01279	0.37679	0.39282	0.01314	0.04500	0.04530	0.01463	0.01673	0.01132	0.01493	0.00864	0.01013	0.00690	0.00488	0.00436	0.00144	0.00697	0.00349	0.00231	0.00743
24	0.05512	0.02737	0.16268	0.00986	0.01344	0.00938	0.00929	0.06461	0.10831	0.14315	0.20131	0.08154	0.05779	0.00909	0.02155	0.00187	0.00479	0.00704	0.00485	0.00697
25	0.01330	0.01292	0.02104	0.07667	0.69416	0.03579	0.01602	0.01674	0.02978	0.01730	0.01028	0.01340	0.00856	0.00490	0.00531	0.00160	0.00647	0.00477	0.00271	0.00829
26	0.03710	0.03287	0.07395	0.02206	0.09077	0.03725	0.59023	0.01719	0.01249	0.01719	0.01047	0.01375	0.00796	0.00463	0.00598	0.00175	0.00856	0.00580	0.00269	0.00731
27	0.01328	0.01341	0.04604	0.05171	0.68936	0.03053	0.01612	0.01695	0.03849	0.01749	0.01043	0.01340	0.00865	0.00491	0.00530	0.00161	0.00645	0.00477	0.00274	0.00836
