[name]
unknown

[dist]
# distance from previous block
# <min> <max>
5	48

[block]
# block no. 0 follows, 47 sequences, length 55
# corresponding to MSA columns:
# 74-128
name=unknown_A
#
# <colnr> <probs for GDERKNQSTAVLIFYWHMCP>
#	G	D	E	R	K	N	Q	S	T	A	V	L	I	F	Y	W	H	M	C	P
0	0.28977	0.01311	0.06485	0.03060	0.01423	0.03500	0.00875	0.35089	0.01668	0.02609	0.06974	0.03532	0.01134	0.00626	0.00464	0.00160	0.00512	0.00463	0.00424	0.00714
1	0.57710	0.01047	0.00946	0.00855	0.03444	0.01182	0.00661	0.12629	0.04840	0.05146	0.00988	0.01180	0.00786	0.06056	0.00533	0.00184	0.00443	0.00371	0.00371	0.00627
2	0.04800	0.01277	0.01382	0.01083	0.01463	0.01369	0.00881	0.57258	0.02088	0.04323	0.01374	0.09179	0.01124	0.00696	0.00514	0.00154	0.00518	0.00547	0.00490	0.09479
3	0.67659	0.04000	0.06250	0.03030	0.01225	0.03061	0.00727	0.05808	0.01013	0.02251	0.00777	0.00903	0.00599	0.00493	0.00355	0.00159	0.00464	0.00306	0.00319	0.00601
4	0.12812	0.00909	0.01130	0.00900	0.01266	0.00853	0.00734	0.06525	0.02930	0.57917	0.01895	0.07052	0.01326	0.00691	0.00507	0.00165	0.00435	0.00556	0.00583	0.00812
5	0.00699	0.00526	0.00743	0.06263	0.03803	0.00517	0.00614	0.00829	0.01034	0.01379	0.04741	0.65753	0.03172	0.01485	0.00652	0.00207	0.00351	0.06319	0.00460	0.00454
6	0.01977	0.01528	0.01557	0.01208	0.01615	0.06931	0.00991	0.71627	0.02382	0.03145	0.01220	0.01229	0.00871	0.00619	0.00517	0.00155	0.00598	0.00460	0.00504	0.00866
7	0.01128	0.01095	0.01519	0.01307	0.01315	0.01519	0.01086	0.01251	0.00818	0.01300	0.00753	0.01194	0.00728	0.00891	0.01617	0.00221	0.75258	0.00458	0.05978	0.00564
8	0.01314	0.00664	0.00885	0.00770	0.00994	0.00596	0.00611	0.01540	0.01454	0.29508	0.43857	0.03297	0.05416	0.00946	0.00589	0.00168	0.00333	0.05840	0.00590	0.00631
9	0.00778	0.00613	0.00976	0.00916	0.01034	0.00689	0.05808	0.00972	0.00860	0.01230	0.01384	0.02069	0.01296	0.07483	0.70475	0.00776	0.01316	0.00572	0.00280	0.00474
10	0.00729	0.00662	0.00624	0.00607	0.00779	0.05845	0.00455	0.00883	0.01261	0.01526	0.18717	0.04523	0.59126	0.01218	0.00605	0.00171	0.00306	0.01017	0.00486	0.00461
11	0.01199	0.01325	0.02655	0.01967	0.03897	0.02998	0.58837	0.01580	0.01207	0.01653	0.06266	0.01526	0.01059	0.00524	0.00698	0.00175	0.07870	0.00603	0.00283	0.03678
12	0.00928	0.00835	0.01251	0.01117	0.01192	0.01067	0.04385	0.01096	0.00839	0.01248	0.01089	0.01646	0.01026	0.02522	0.44148	0.00558	0.33758	0.00519	0.00257	0.00519
13	0.01064	0.00909	0.01063	0.00770	0.01217	0.00685	0.00612	0.01290	0.01077	0.01684	0.00995	0.03942	0.00867	0.00430	0.00396	0.00082	0.00383	0.00350	0.00315	0.81870
14	0.01163	0.00956	0.01110	0.00805	0.01256	0.00759	0.00645	0.06892	0.01187	0.03303	0.01005	0.02499	0.00836	0.00430	0.00403	0.00087	0.00399	0.00345	0.00334	0.75586
15	0.00645	0.00459	0.00609	0.00725	0.00756	0.00431	0.00486	0.00736	0.00993	0.01322	0.02816	0.76038	0.03368	0.04950	0.00749	0.00224	0.00315	0.03479	0.00476	0.00420
16	0.01003	0.00954	0.01635	0.74969	0.06134	0.01166	0.04155	0.01352	0.01053	0.01355	0.00932	0.01386	0.00702	0.00516	0.00524	0.00173	0.00698	0.00468	0.00233	0.00591
17	0.01012	0.00526	0.00530	0.00515	0.00648	0.00532	0.00390	0.04332	0.01148	0.01997	0.01680	0.01913	0.01316	0.00607	0.00371	0.00123	0.00256	0.00485	0.81116	0.00502
18	0.01638	0.20326	0.01865	0.07319	0.12316	0.27612	0.01084	0.15833	0.04232	0.01735	0.00950	0.01091	0.00767	0.00527	0.00460	0.00140	0.00701	0.00384	0.00310	0.00708
19	0.00681	0.00596	0.00588	0.00577	0.00747	0.03175	0.00433	0.00832	0.01244	0.01515	0.17169	0.04686	0.63449	0.01250	0.00610	0.00172	0.00284	0.01047	0.00491	0.00454
20	0.01221	0.01013	0.01131	0.00826	0.01276	0.03477	0.00661	0.06445	0.01202	0.04888	0.00989	0.01114	0.00796	0.00417	0.00403	0.00088	0.00420	0.00329	0.00335	0.72968
21	0.56930	0.12569	0.16631	0.00873	0.01301	0.01300	0.00880	0.01558	0.00953	0.02046	0.00767	0.00895	0.00598	0.00480	0.00358	0.00155	0.00497	0.00302	0.00288	0.00619
22	0.01830	0.01146	0.01291	0.01020	0.01389	0.01195	0.00833	0.40037	0.08139	0.23355	0.02099	0.01972	0.11828	0.00734	0.00536	0.00162	0.00482	0.00581	0.00550	0.00819
23	0.01168	0.01015	0.01627	0.49097	0.09138	0.02535	0.07238	0.05578	0.01182	0.06729	0.01258	0.04831	0.03548	0.00605	0.00560	0.00172	0.02243	0.00541	0.00300	0.00635
24	0.71604	0.01221	0.00897	0.00837	0.02903	0.12270	0.00651	0.01610	0.00977	0.02171	0.00742	0.00870	0.00585	0.00490	0.00348	0.00157	0.00484	0.00294	0.00313	0.00576
25	0.00720	0.00519	0.00659	0.00716	0.00786	0.00495	0.00498	0.03921	0.01139	0.01532	0.16186	0.53313	0.07366	0.06983	0.00785	0.00220	0.00319	0.02903	0.00489	0.00449
26	0.00789	0.00554	0.00666	0.00666	0.00699	0.00582	0.00433	0.00895	0.03985	0.01128	0.01686	0.03284	0.01852	0.60563	0.13396	0.00516	0.01875	0.05728	0.00329	0.00373
27	0.00744	0.00556	0.00829	0.00829	0.00919	0.00647	0.00641	0.00925	0.00835	0.01203	0.01402	0.02087	0.01320	0.06266	0.77299	0.00827	0.01368	0.00564	0.00280	0.00460
28	0.01392	0.82012	0.02729	0.00891	0.01337	0.02061	0.00891	0.01559	0.01058	0.01225	0.00724	0.00835	0.00668	0.00446	0.00334	0.00111	0.00557	0.00278	0.00223	0.00668
29	0.01392	0.82012	0.02729	0.00891	0.01337	0.02061	0.00891	0.01559	0.01058	0.01225	0.00724	0.00835	0.00668	0.00446	0.00334	0.00111	0.00557	0.00278	0.00223	0.00668
30	0.61739	0.00979	0.00891	0.00757	0.01099	0.01068	0.00623	0.01823	0.03157	0.21962	0.01105	0.01114	0.00778	0.00531	0.00380	0.00162	0.00413	0.00353	0.00411	0.00654
31	0.01835	0.02209	0.01428	0.01288	0.01566	0.63163	0.00974	0.05107	0.14528	0.01508	0.01047	0.01123	0.00836	0.00569	0.00482	0.00142	0.00835	0.00384	0.00323	0.00652
32	0.01254	0.01202	0.02051	0.11961	0.69956	0.01228	0.01581	0.01568	0.01169	0.01659	0.00973	0.01300	0.00810	0.00470	0.00516	0.00157	0.00627	0.00464	0.00255	0.00797
33	0.00735	0.00599	0.00945	0.00901	0.01004	0.00562	0.11221	0.00864	0.01005	0.01336	0.02558	0.55164	0.06567	0.12833	0.00938	0.00246	0.00411	0.01236	0.00428	0.00448
34	0.00642	0.00472	0.00604	0.00699	0.00757	0.00433	0.00480	0.00750	0.01053	0.01383	0.06827	0.64532	0.14428	0.01554	0.00657	0.00205	0.00298	0.03310	0.00488	0.00430
35	0.00635	0.00502	0.00582	0.00634	0.00739	0.00450	0.00449	0.00750	0.01100	0.01384	0.05750	0.40080	0.40994	0.01451	0.00654	0.00193	0.01472	0.01262	0.00482	0.00435
36	0.01619	0.00985	0.01137	0.00916	0.01220	0.01014	0.00740	0.32687	0.01834	0.18826	0.20751	0.02108	0.02036	0.00737	0.00526	0.00155	0.00423	0.00601	0.10948	0.00738
37	0.01128	0.00925	0.01070	0.00808	0.01214	0.00769	0.00641	0.06728	0.05753	0.02928	0.05836	0.04704	0.02483	0.00533	0.00435	0.00102	0.00387	0.00439	0.00368	0.62749
38	0.01372	0.01102	0.01178	0.01042	0.01345	0.01251	0.00815	0.06115	0.66946	0.07018	0.02171	0.01993	0.03864	0.00717	0.00532	0.00175	0.00417	0.00595	0.00535	0.00819
39	0.01768	0.01223	0.01332	0.01054	0.01414	0.03316	0.00852	0.47067	0.03492	0.13047	0.04154	0.07221	0.01294	0.02418	0.00567	0.00162	0.00511	0.00560	0.02064	0.06484
40	0.07392	0.54510	0.02262	0.00980	0.01389	0.12372	0.00897	0.12043	0.01295	0.01594	0.00808	0.00908	0.00691	0.00485	0.00377	0.00124	0.00600	0.00313	0.00277	0.00682
41	0.01187	0.01417	0.08051	0.12859	0.07922	0.01282	0.56117	0.01616	0.01192	0.01623	0.01023	0.01374	0.00770	0.00456	0.00587	0.00173	0.00828	0.00568	0.00256	0.00698
42	0.00710	0.00531	0.00659	0.00627	0.00761	0.00480	0.00470	0.00930	0.01410	0.01936	0.61913	0.04140	0.21271	0.01121	0.00614	0.00166	0.00250	0.00977	0.00553	0.00480
43	0.00728	0.00502	0.00617	0.00642	0.00666	0.00506	0.00404	0.00781	0.00846	0.01144	0.04515	0.20461	0.02260	0.50700	0.12565	0.00473	0.00572	0.00896	0.00357	0.00366
44	0.01674	0.01187	0.01303	0.01041	0.01372	0.01304	0.00849	0.54221	0.02029	0.04309	0.02902	0.01505	0.01087	0.01032	0.10150	0.00235	0.00619	0.00493	0.11916	0.00772
45	0.00905	0.00452	0.00678	0.00678	0.00678	0.00452	0.00452	0.00678	0.00678	0.00905	0.00905	0.01583	0.00905	0.01809	0.02035	0.84848	0.00452	0.00452	0.00226	0.00226
46	0.01299	0.01338	0.06249	0.02764	0.60037	0.02667	0.05910	0.04713	0.01234	0.01754	0.00986	0.01263	0.00810	0.00467	0.00511	0.00151	0.00630	0.00456	0.00271	0.06491
47	0.01052	0.00885	0.00957	0.00882	0.01118	0.00967	0.00683	0.02012	0.47071	0.01998	0.16570	0.02989	0.16761	0.00908	0.00567	0.00176	0.00356	0.02837	0.00528	0.00681
48	0.12209	0.01067	0.01100	0.00925	0.01224	0.06321	0.00737	0.16954	0.13008	0.17147	0.19916	0.02094	0.03619	0.00737	0.00518	0.00162	0.00442	0.00591	0.00516	0.00713
49	0.01165	0.00990	0.01308	0.02545	0.01440	0.00843	0.08620	0.06648	0.04488	0.03540	0.01164	0.06354	0.00999	0.00511	0.00449	0.00110	0.00453	0.00447	0.00345	0.57582
50	0.01016	0.04104	0.00965	0.00797	0.00921	0.00833	0.02897	0.12623	0.03091	0.01523	0.03683	0.05748	0.01680	0.43609	0.07828	0.00396	0.03495	0.00681	0.03628	0.00480
51	0.01558	0.19114	0.01599	0.01065	0.01401	0.24160	0.00865	0.09562	0.19042	0.04217	0.01353	0.01414	0.03490	0.02695	0.00517	0.00149	0.00610	0.00435	0.00368	0.06387
52	0.01195	0.01048	0.01408	0.01014	0.01481	0.00877	0.11208	0.09281	0.01244	0.01859	0.00977	0.01143	0.00786	0.00418	0.00432	0.00099	0.00474	0.00368	0.00325	0.64363
53	0.03944	0.09531	0.05140	0.01062	0.01371	0.14341	0.04975	0.10305	0.01322	0.09000	0.02903	0.12790	0.02425	0.00949	0.05642	0.00199	0.03056	0.01827	0.02047	0.07174
54	0.09985	0.12394	0.07896	0.02202	0.01166	0.00941	0.00751	0.04536	0.01343	0.12702	0.33728	0.02502	0.06255	0.00792	0.00516	0.00156	0.00401	0.00652	0.00464	0.00619

[dist]
# distance from previous block
# <min> <max>
0	1

[block]
# block no. 1 follows, 47 sequences, length 49
# corresponding to MSA columns:
# 130-178
name=unknown_B
#
# <colnr> <probs for GDERKNQSTAVLIFYWHMCP>
#	G	D	E	R	K	N	Q	S	T	A	V	L	I	F	Y	W	H	M	C	P
0	0.01136	0.00964	0.01151	0.00833	0.01286	0.00769	0.02321	0.06426	0.01170	0.01793	0.00961	0.01121	0.00792	0.00485	0.02238	0.00102	0.00433	0.00332	0.00321	0.75366
1	0.05079	0.01388	0.03799	0.01043	0.01354	0.16345	0.00845	0.22120	0.17964	0.04648	0.09033	0.01952	0.08578	0.00721	0.00517	0.00159	0.00536	0.00564	0.02643	0.00711
2	0.01613	0.01148	0.01265	0.01015	0.01344	0.01238	0.00822	0.45814	0.08768	0.07111	0.16554	0.02006	0.04303	0.00741	0.00537	0.00159	0.00465	0.00596	0.03726	0.00773
3	0.01349	0.71444	0.02500	0.00891	0.01307	0.01917	0.00864	0.01618	0.06829	0.01344	0.05093	0.01087	0.00971	0.00499	0.00364	0.00119	0.00529	0.00338	0.00265	0.00670
4	0.01558	0.04634	0.01473	0.01182	0.05686	0.01272	0.03312	0.39086	0.05986	0.04242	0.01351	0.07922	0.01124	0.01950	0.00536	0.00151	0.00513	0.00530	0.00441	0.17050
5	0.00640	0.00527	0.00562	0.00557	0.00719	0.00449	0.00417	0.00793	0.01239	0.01539	0.19534	0.06586	0.62081	0.01276	0.00616	0.00174	0.00261	0.01077	0.00501	0.00449
6	0.18088	0.04390	0.01414	0.01223	0.07215	0.12143	0.00916	0.31594	0.10652	0.02433	0.01136	0.01191	0.00859	0.00566	0.00463	0.00152	0.00566	0.00414	0.00409	0.04174
7	0.01076	0.07431	0.70197	0.01487	0.02224	0.01267	0.05970	0.01645	0.01104	0.01625	0.00928	0.01100	0.00667	0.00489	0.00492	0.00162	0.00763	0.00391	0.00222	0.00760
8	0.83287	0.01018	0.00785	0.00698	0.01022	0.01179	0.00575	0.03415	0.00925	0.02360	0.00738	0.00856	0.00572	0.00487	0.00327	0.00161	0.00407	0.00287	0.00327	0.00572
9	0.01080	0.00926	0.01080	0.00771	0.01234	0.00694	0.00617	0.01311	0.01080	0.01697	0.00926	0.01080	0.00771	0.00386	0.00386	0.00077	0.00386	0.00309	0.00309	0.84882
10	0.00685	0.00530	0.00624	0.00601	0.00746	0.00469	0.00450	0.00882	0.01351	0.01797	0.46975	0.04370	0.36296	0.01173	0.00615	0.00169	0.00253	0.01009	0.00535	0.00469
11	0.00653	0.00462	0.00598	0.00700	0.00746	0.00430	0.00473	0.00759	0.01032	0.01393	0.06063	0.70045	0.07830	0.01543	0.00646	0.00203	0.00295	0.01390	0.04309	0.00430
12	0.12791	0.01298	0.01374	0.01078	0.01458	0.01423	0.00883	0.56741	0.02079	0.08809	0.01308	0.03970	0.00986	0.02746	0.00555	0.00168	0.00530	0.00490	0.00498	0.00814
13	0.00661	0.00529	0.00591	0.00576	0.00732	0.00459	0.00432	0.00836	0.01295	0.01664	0.32820	0.04588	0.50533	0.01223	0.00615	0.00171	0.00257	0.01040	0.00517	0.00459
14	0.00983	0.00926	0.01562	0.80447	0.03587	0.01157	0.01446	0.01331	0.01041	0.01331	0.00926	0.01388	0.00694	0.00521	0.00521	0.00174	0.00694	0.00463	0.00231	0.00579
15	0.00745	0.00537	0.00742	0.00746	0.00807	0.00596	0.00537	0.00867	0.00816	0.01148	0.01522	0.05017	0.01562	0.29041	0.52170	0.00709	0.01072	0.00652	0.00297	0.00415
16	0.01992	0.01440	0.01551	0.01189	0.01605	0.01587	0.00982	0.74235	0.02416	0.05806	0.01277	0.01268	0.00899	0.00626	0.00521	0.00156	0.00569	0.00471	0.00525	0.00886
17	0.00634	0.00453	0.00604	0.00725	0.00755	0.00423	0.00483	0.00725	0.00997	0.01329	0.02870	0.81358	0.03444	0.01632	0.00665	0.00211	0.00302	0.01480	0.00483	0.00423
18	0.01405	0.80136	0.02699	0.00902	0.01343	0.03890	0.00894	0.01572	0.01068	0.01226	0.00726	0.00838	0.00668	0.00448	0.00337	0.00112	0.00566	0.00280	0.00224	0.00667
19	0.15740	0.01016	0.05792	0.02564	0.11778	0.00970	0.06795	0.02416	0.07197	0.10158	0.01628	0.18133	0.01516	0.00811	0.00571	0.00177	0.03909	0.03157	0.05029	0.00646
20	0.01310	0.01277	0.02093	0.03137	0.75971	0.03765	0.01579	0.01614	0.01195	0.01688	0.00974	0.01278	0.00820	0.00466	0.00514	0.00154	0.00629	0.00460	0.00258	0.00818
21	0.00933	0.00565	0.00697	0.00677	0.00820	0.00508	0.00493	0.01075	0.01196	0.13468	0.18717	0.22748	0.22442	0.10736	0.00856	0.00220	0.00330	0.02511	0.00507	0.00502
22	0.00625	0.00503	0.00553	0.00592	0.00717	0.00436	0.00422	0.00740	0.01115	0.01372	0.04411	0.29653	0.52239	0.03339	0.00680	0.00195	0.00282	0.01214	0.00480	0.00431
23	0.19581	0.00900	0.01096	0.00864	0.01242	0.00841	0.00712	0.02291	0.01354	0.60758	0.01768	0.01584	0.01139	0.00610	0.00477	0.00160	0.00429	0.00472	0.02911	0.00808
24	0.00681	0.00546	0.00610	0.00591	0.00750	0.00483	0.00444	0.00893	0.03396	0.01689	0.33059	0.04499	0.48098	0.01205	0.00613	0.00171	0.00261	0.01025	0.00519	0.00470
25	0.01196	0.01352	0.02937	0.02114	0.02613	0.01268	0.72370	0.01616	0.01216	0.01649	0.01154	0.05806	0.00936	0.00505	0.00617	0.00178	0.00846	0.00662	0.00276	0.00687
26	0.00987	0.00930	0.01563	0.78761	0.03539	0.01166	0.01440	0.01329	0.01036	0.01329	0.00920	0.01383	0.00694	0.00529	0.00546	0.00175	0.02400	0.00463	0.00231	0.00578
27	0.01951	0.01444	0.01546	0.01192	0.01604	0.01601	0.00983	0.73571	0.05638	0.03235	0.01287	0.01280	0.00916	0.00629	0.00521	0.00157	0.00566	0.00474	0.00521	0.00883
28	0.03377	0.11763	0.01607	0.04591	0.01609	0.42976	0.00978	0.13387	0.02749	0.01643	0.00891	0.01027	0.00725	0.00548	0.00516	0.00138	0.04621	0.00362	0.00306	0.06187
29	0.01190	0.01187	0.01624	0.02801	0.01529	0.07242	0.12302	0.02977	0.05221	0.01478	0.01175	0.02822	0.04379	0.00793	0.01159	0.00196	0.43367	0.00527	0.07436	0.00597
30	0.01061	0.03972	0.74153	0.01450	0.02189	0.01214	0.01852	0.03256	0.01126	0.01670	0.00984	0.03002	0.00731	0.00524	0.00497	0.00165	0.00751	0.00411	0.00233	0.00762
31	0.00664	0.00531	0.00596	0.00590	0.00743	0.00462	0.00446	0.00837	0.01277	0.01633	0.28871	0.06100	0.50004	0.01247	0.00620	0.00175	0.00267	0.03967	0.00513	0.00458
32	0.01164	0.01807	0.27670	0.01912	0.02485	0.01299	0.47607	0.01636	0.01160	0.01636	0.00992	0.01289	0.00741	0.00486	0.00644	0.00175	0.05802	0.00530	0.00247	0.00716
33	0.00730	0.00505	0.00565	0.00572	0.00599	0.00491	0.00337	0.00754	0.00833	0.01085	0.02227	0.08483	0.12699	0.65442	0.02242	0.00440	0.00458	0.00850	0.00350	0.00340
34	0.00912	0.00709	0.01152	0.17628	0.06091	0.00736	0.08180	0.00997	0.00949	0.01247	0.04860	0.04064	0.10431	0.09919	0.01294	0.28949	0.00525	0.00626	0.00294	0.00433
35	0.01621	0.09725	0.01526	0.01224	0.01452	0.50593	0.00959	0.01757	0.01295	0.01295	0.02945	0.01348	0.06757	0.00666	0.00687	0.00152	0.14705	0.00424	0.00281	0.00589
36	0.01049	0.01000	0.01714	0.63405	0.17628	0.01177	0.03898	0.01392	0.01075	0.01411	0.00940	0.01370	0.00722	0.00507	0.00523	0.00170	0.00686	0.00468	0.00237	0.00629
37	0.06926	0.02510	0.69629	0.01465	0.02191	0.01212	0.05686	0.01642	0.01091	0.01698	0.00926	0.01098	0.00660	0.00491	0.00489	0.00165	0.00750	0.00390	0.00229	0.00752
38	0.01446	0.05648	0.01375	0.01148	0.03867	0.01403	0.00888	0.18368	0.54925	0.02345	0.01822	0.01714	0.01365	0.00667	0.00517	0.00168	0.00461	0.00542	0.00502	0.00829
39	0.62608	0.00979	0.00916	0.04721	0.07684	0.01108	0.00687	0.03060	0.00983	0.03720	0.00888	0.01043	0.00688	0.00502	0.00360	0.00157	0.00424	0.00335	0.08543	0.00592
40	0.06146	0.13765	0.28288	0.01403	0.03273	0.10314	0.13632	0.04096	0.04438	0.01652	0.02221	0.01352	0.00891	0.00649	0.03134	0.00180	0.00733	0.02859	0.00278	0.00696
41	0.06203	0.01073	0.01143	0.00995	0.01301	0.01196	0.00785	0.10972	0.50396	0.09007	0.04625	0.02048	0.06502	0.00730	0.00525	0.00172	0.00418	0.00596	0.00526	0.00786
42	0.00767	0.00498	0.00561	0.00574	0.00595	0.00493	0.00340	0.00808	0.00830	0.01161	0.01846	0.11315	0.03478	0.62209	0.02134	0.00423	0.00448	0.00806	0.10366	0.00349
43	0.01631	0.01363	0.01460	0.03968	0.11598	0.09055	0.00994	0.40201	0.09747	0.02482	0.01561	0.01631	0.06513	0.02085	0.00556	0.00163	0.00568	0.00518	0.03128	0.00779
44	0.01176	0.01221	0.02121	0.05511	0.09677	0.02807	0.28516	0.01425	0.01012	0.01435	0.00898	0.01344	0.00782	0.03295	0.01153	0.02559	0.33672	0.00522	0.00247	0.00627
45	0.01215	0.01150	0.01935	0.25726	0.43056	0.01221	0.07111	0.05658	0.02539	0.01677	0.01115	0.01433	0.02810	0.00514	0.00528	0.00163	0.00645	0.00494	0.00275	0.00736
46	0.00987	0.00509	0.00525	0.00517	0.00641	0.00515	0.00389	0.02971	0.01106	0.01926	0.01659	0.01918	0.01312	0.00726	0.02471	0.02471	0.00286	0.00486	0.78099	0.00487
47	0.01110	0.01055	0.01791	0.48356	0.34686	0.01190	0.01509	0.01442	0.01101	0.01485	0.00948	0.01347	0.00748	0.00497	0.00519	0.00166	0.00663	0.00463	0.00242	0.00681
48	0.01781	0.01194	0.01409	0.01074	0.01489	0.01201	0.03588	0.38334	0.05151	0.18205	0.01406	0.02830	0.01018	0.00594	0.00499	0.00143	0.00506	0.00475	0.00492	0.18611

[dist]
# distance from previous block
# <min> <max>
0	2

[block]
# block no. 2 follows, 47 sequences, length 34
# corresponding to MSA columns:
# 181-214
name=unknown_C
#
# <colnr> <probs for GDERKNQSTAVLIFYWHMCP>
#	G	D	E	R	K	N	Q	S	T	A	V	L	I	F	Y	W	H	M	C	P
0	0.01082	0.11298	0.70726	0.01420	0.02154	0.01302	0.01812	0.01639	0.01095	0.01603	0.00912	0.01071	0.00661	0.00489	0.00477	0.00159	0.00747	0.00373	0.00220	0.00759
1	0.01569	0.01339	0.01499	0.17544	0.05715	0.08096	0.01080	0.35058	0.13760	0.02342	0.01342	0.01446	0.02714	0.00627	0.00562	0.00164	0.03471	0.00489	0.00417	0.00764
2	0.00623	0.00530	0.00537	0.00541	0.00715	0.00445	0.00410	0.00758	0.01187	0.01412	0.05196	0.05039	0.75857	0.01323	0.00619	0.00178	0.00271	0.03436	0.00483	0.00441
3	0.00639	0.00457	0.00601	0.00713	0.00746	0.00427	0.00474	0.00727	0.00991	0.01317	0.02874	0.76032	0.05188	0.05194	0.00752	0.00224	0.00310	0.01439	0.00476	0.00419
4	0.85377	0.01007	0.00765	0.00685	0.01007	0.01168	0.00564	0.01531	0.00886	0.02336	0.00725	0.00846	0.00564	0.00483	0.00322	0.00161	0.00403	0.00282	0.00322	0.00564
5	0.00752	0.00503	0.00569	0.00574	0.00576	0.00502	0.00322	0.00756	0.00767	0.01023	0.01691	0.06564	0.01956	0.78456	0.02570	0.00493	0.00497	0.00787	0.00322	0.00320
6	0.00757	0.00505	0.00568	0.00568	0.00568	0.00505	0.00316	0.00757	0.00757	0.01010	0.01641	0.03408	0.01893	0.81698	0.02651	0.00505	0.00505	0.00757	0.00316	0.00316
7	0.00905	0.00452	0.00678	0.00678	0.00678	0.00452	0.00452	0.00678	0.00678	0.00905	0.00905	0.01583	0.00905	0.01809	0.02035	0.84848	0.00452	0.00452	0.00226	0.00226
8	0.01333	0.01119	0.01179	0.01039	0.01340	0.01274	0.00814	0.11966	0.62520	0.02262	0.02237	0.02077	0.07028	0.00740	0.00535	0.00174	0.00422	0.00610	0.00525	0.00804
9	0.01392	0.82012	0.02729	0.00891	0.01337	0.02061	0.00891	0.01559	0.01058	0.01225	0.00724	0.00835	0.00668	0.00446	0.00334	0.00111	0.00557	0.00278	0.00223	0.00668
10	0.01270	0.00774	0.00805	0.00697	0.00906	0.00820	0.00550	0.23594	0.01494	0.02339	0.01566	0.01737	0.01202	0.00612	0.00411	0.00132	0.00341	0.00480	0.59668	0.00604
11	0.01146	0.00971	0.01232	0.00888	0.01349	0.00768	0.05897	0.02714	0.02681	0.03897	0.00996	0.01142	0.00806	0.00407	0.00411	0.00090	0.00425	0.00344	0.00323	0.73513
12	0.01266	0.04376	0.01290	0.01088	0.02463	0.03816	0.06022	0.10484	0.32439	0.05402	0.04191	0.18697	0.03424	0.00884	0.00559	0.00177	0.00461	0.01777	0.00480	0.00705
13	0.00963	0.00488	0.00498	0.00498	0.00618	0.00491	0.00374	0.01204	0.01083	0.01916	0.01688	0.01945	0.01334	0.00721	0.03107	0.00146	0.00283	0.00488	0.81672	0.00485
14	0.01430	0.76589	0.02643	0.00922	0.01355	0.07348	0.00899	0.01595	0.01087	0.01229	0.00730	0.00842	0.00668	0.00452	0.00343	0.00113	0.00583	0.00282	0.00226	0.00664
15	0.00661	0.00511	0.00587	0.00604	0.00720	0.00454	0.00430	0.00799	0.01175	0.01514	0.21494	0.21088	0.38088	0.08528	0.00808	0.00210	0.00289	0.01114	0.00489	0.00437
16	0.00869	0.00565	0.00712	0.00659	0.00817	0.00507	0.00500	0.01085	0.01408	0.09542	0.54562	0.05663	0.18960	0.01086	0.00607	0.00167	0.00270	0.00944	0.00561	0.00519
17	0.00686	0.00499	0.00576	0.00606	0.00679	0.00461	0.00403	0.00778	0.01021	0.01335	0.09872	0.25697	0.24488	0.26800	0.01266	0.00287	0.00349	0.01067	0.02730	0.00402
18	0.00711	0.00529	0.00661	0.00633	0.00763	0.00480	0.00473	0.00931	0.01406	0.01938	0.62233	0.06181	0.18879	0.01128	0.00616	0.00167	0.00251	0.00986	0.00554	0.00480
19	0.01275	0.01207	0.01968	0.06714	0.65040	0.01241	0.01493	0.01733	0.10820	0.01743	0.01121	0.01376	0.00915	0.00497	0.00518	0.00158	0.00596	0.00480	0.00291	0.00813
20	0.01440	0.01186	0.01235	0.01079	0.01392	0.03264	0.00847	0.12009	0.63071	0.05455	0.01975	0.01824	0.01466	0.00690	0.00527	0.00172	0.00447	0.00565	0.00527	0.00829
21	0.01925	0.01416	0.01515	0.01170	0.01573	0.01568	0.00964	0.71944	0.04688	0.03204	0.01292	0.01294	0.00922	0.00627	0.00516	0.00156	0.00557	0.00473	0.03325	0.00870
22	0.85377	0.01007	0.00765	0.00685	0.01007	0.01168	0.00564	0.01531	0.00886	0.02336	0.00725	0.00846	0.00564	0.00483	0.00322	0.00161	0.00403	0.00282	0.00322	0.00564
23	0.00663	0.00480	0.00632	0.00738	0.00794	0.00449	0.00523	0.00781	0.01054	0.01391	0.05730	0.63335	0.08953	0.01564	0.00666	0.00211	0.00320	0.10797	0.00486	0.00434
24	0.01288	0.58180	0.25645	0.01069	0.01612	0.01805	0.01201	0.01586	0.01071	0.01353	0.00787	0.00915	0.00666	0.00460	0.00382	0.00127	0.00621	0.00310	0.00222	0.00699
25	0.00664	0.00472	0.00624	0.00736	0.00772	0.00447	0.00505	0.00762	0.00998	0.01327	0.02763	0.67860	0.03279	0.07903	0.00826	0.00237	0.00335	0.08601	0.00470	0.00420
26	0.00782	0.00580	0.00661	0.00690	0.00735	0.03769	0.00459	0.00865	0.00894	0.01212	0.01921	0.25589	0.02146	0.35209	0.16201	0.00441	0.00613	0.00895	0.05940	0.00398
27	0.01832	0.01120	0.01246	0.01008	0.01352	0.04922	0.00812	0.26395	0.10498	0.30053	0.07414	0.05390	0.04088	0.00737	0.00537	0.00163	0.00480	0.00596	0.00555	0.00801
28	0.00775	0.00529	0.00727	0.00742	0.00835	0.00582	0.00564	0.00959	0.00919	0.01382	0.01737	0.12113	0.03405	0.02866	0.51185	0.00592	0.00989	0.00672	0.17964	0.00463
29	0.01308	0.26632	0.23821	0.01181	0.03910	0.13467	0.01168	0.05485	0.01205	0.01539	0.03119	0.01214	0.00894	0.00805	0.07173	0.00198	0.00724	0.00387	0.05101	0.00670
30	0.01389	0.01053	0.01219	0.03497	0.01365	0.01095	0.00800	0.31676	0.04241	0.04322	0.01482	0.14912	0.01355	0.03283	0.03011	0.00184	0.04495	0.00620	0.00434	0.19566
31	0.15013	0.07041	0.31536	0.01312	0.01836	0.01205	0.13932	0.04970	0.02671	0.05377	0.05862	0.01529	0.01090	0.00574	0.00496	0.00165	0.00638	0.03734	0.00316	0.00699
32	0.01327	0.01000	0.01205	0.04369	0.07932	0.01067	0.00848	0.30260	0.07458	0.04125	0.03739	0.21729	0.05560	0.03640	0.00641	0.00188	0.00471	0.03283	0.00472	0.00685
33	0.04992	0.01720	0.01768	0.09355	0.29590	0.33783	0.04952	0.01760	0.01267	0.01496	0.00883	0.01134	0.00731	0.00517	0.00542	0.00152	0.04002	0.00410	0.00261	0.00683

[dist]
# distance from previous block
# <min> <max>
0	1

[block]
# block no. 3 follows, 47 sequences, length 75
# corresponding to MSA columns:
# 216-290
name=unknown_D
#
# <colnr> <probs for GDERKNQSTAVLIFYWHMCP>
#	G	D	E	R	K	N	Q	S	T	A	V	L	I	F	Y	W	H	M	C	P
0	0.00644	0.00458	0.00604	0.00715	0.00746	0.00429	0.00474	0.00733	0.00995	0.01329	0.04559	0.75250	0.03393	0.06036	0.00773	0.00227	0.00312	0.01428	0.00476	0.00419
1	0.01149	0.03742	0.03655	0.31442	0.12421	0.02397	0.16486	0.01455	0.01071	0.02888	0.01004	0.01374	0.02130	0.00585	0.00759	0.00179	0.15872	0.00495	0.00253	0.00644
2	0.00634	0.00453	0.00604	0.00725	0.00755	0.00423	0.00483	0.00725	0.00997	0.01329	0.02870	0.81358	0.03444	0.01632	0.00665	0.00211	0.00302	0.01480	0.00483	0.00423
3	0.00818	0.00561	0.00727	0.00683	0.00821	0.00522	0.00517	0.01084	0.03224	0.05454	0.67793	0.05733	0.06205	0.01066	0.00612	0.00167	0.00266	0.02665	0.00569	0.00514
4	0.01080	0.09331	0.70065	0.01458	0.02192	0.01285	0.04306	0.01642	0.01100	0.01614	0.00921	0.01087	0.00665	0.00489	0.00485	0.00161	0.00755	0.00383	0.00222	0.00759
5	0.01570	0.01145	0.01315	0.01203	0.06377	0.01259	0.00900	0.20313	0.39929	0.12707	0.01811	0.01784	0.01344	0.00802	0.03661	0.00195	0.00508	0.01835	0.00515	0.00827
6	0.01245	0.01193	0.02035	0.14200	0.67786	0.01226	0.01577	0.01560	0.01165	0.01649	0.00972	0.01303	0.00806	0.00472	0.00516	0.00157	0.00629	0.00464	0.00254	0.00790
7	0.01231	0.01178	0.02009	0.17851	0.64248	0.01222	0.01569	0.01547	0.01158	0.01631	0.00969	0.01308	0.00800	0.00475	0.00517	0.00158	0.00633	0.00464	0.00253	0.00778
8	0.00907	0.00631	0.00860	0.00814	0.00940	0.00611	0.05419	0.02945	0.05514	0.06663	0.08117	0.33654	0.07145	0.17049	0.01047	0.02034	0.00400	0.02357	0.02403	0.00490
9	0.01896	0.02238	0.01490	0.01320	0.01587	0.63606	0.01010	0.10427	0.01535	0.02891	0.00868	0.01004	0.00707	0.00576	0.00569	0.00144	0.06829	0.00363	0.00301	0.00638
10	0.00787	0.00555	0.00720	0.00677	0.00811	0.00517	0.00514	0.01055	0.03061	0.03841	0.71100	0.03883	0.06045	0.01064	0.00614	0.00167	0.00261	0.03253	0.00569	0.00506
11	0.01863	0.01464	0.01450	0.01149	0.01522	0.09035	0.00934	0.59989	0.05792	0.02929	0.01284	0.01308	0.00934	0.00619	0.00504	0.00152	0.00574	0.00463	0.07212	0.00824
12	0.00905	0.00452	0.00678	0.00678	0.00678	0.00452	0.00452	0.00678	0.00678	0.00905	0.00905	0.01583	0.00905	0.01809	0.02035	0.84848	0.00452	0.00452	0.00226	0.00226
13	0.00745	0.00555	0.00820	0.00820	0.00907	0.00642	0.00629	0.00919	0.00832	0.01196	0.01411	0.02134	0.01340	0.08936	0.74657	0.00815	0.01337	0.00571	0.00281	0.00455
14	0.00781	0.00549	0.00680	0.00657	0.00792	0.00502	0.00487	0.01004	0.03057	0.05130	0.47029	0.13895	0.19575	0.02709	0.00654	0.00179	0.00274	0.01014	0.00540	0.00493
15	0.00768	0.00593	0.00883	0.00869	0.00956	0.00708	0.00681	0.00950	0.00835	0.01212	0.01352	0.01991	0.01264	0.03724	0.74906	0.00800	0.06210	0.00552	0.00276	0.00471
16	0.01295	0.01119	0.01178	0.01060	0.01354	0.01295	0.00824	0.02767	0.77509	0.02178	0.02120	0.01943	0.01590	0.00707	0.00530	0.00177	0.00412	0.00589	0.00530	0.00824
17	0.01139	0.01139	0.01595	0.01367	0.01367	0.01595	0.01139	0.01253	0.00798	0.01253	0.00684	0.01139	0.00684	0.00911	0.01709	0.00228	0.80745	0.00456	0.00228	0.00570
18	0.01045	0.02694	0.79000	0.01484	0.02254	0.01209	0.01924	0.01649	0.01099	0.01649	0.00935	0.01099	0.00660	0.00495	0.00495	0.00165	0.00770	0.00385	0.00220	0.00770
19	0.01919	0.01429	0.01529	0.01186	0.01592	0.01587	0.00975	0.70171	0.09090	0.03184	0.01327	0.01312	0.00948	0.00632	0.00522	0.00158	0.00559	0.00479	0.00522	0.00880
20	0.00983	0.00926	0.01562	0.80447	0.03587	0.01157	0.01446	0.01331	0.01041	0.01331	0.00926	0.01388	0.00694	0.00521	0.00521	0.00174	0.00694	0.00463	0.00231	0.00579
21	0.00664	0.00474	0.00638	0.00759	0.00802	0.00448	0.00534	0.00776	0.01026	0.01362	0.02854	0.70525	0.03380	0.01604	0.00673	0.00216	0.00328	0.12023	0.00483	0.00431
22	0.00716	0.00527	0.00669	0.00643	0.00767	0.00481	0.00479	0.00938	0.01411	0.01959	0.64691	0.08266	0.14259	0.01128	0.00617	0.00168	0.00251	0.00991	0.00557	0.00481
23	0.00634	0.00453	0.00604	0.00725	0.00755	0.00423	0.00483	0.00725	0.00997	0.01329	0.02870	0.81358	0.03444	0.01632	0.00665	0.00211	0.00302	0.01480	0.00483	0.00423
24	0.00639	0.00457	0.00610	0.00730	0.00763	0.00427	0.00492	0.00733	0.01002	0.01335	0.02868	0.79642	0.03434	0.01627	0.00666	0.00212	0.00306	0.03151	0.00483	0.00424
25	0.02336	0.00886	0.01209	0.00927	0.01329	0.00765	0.00765	0.02538	0.01491	0.78810	0.02055	0.01773	0.01289	0.00645	0.00524	0.00161	0.00443	0.00524	0.00645	0.00886
26	0.01956	0.01447	0.01550	0.01193	0.01606	0.01604	0.00984	0.74196	0.05003	0.03244	0.01280	0.01274	0.00910	0.00628	0.00521	0.00157	0.00568	0.00473	0.00521	0.00884
27	0.85377	0.01007	0.00765	0.00685	0.01007	0.01168	0.00564	0.01531	0.00886	0.02336	0.00725	0.00846	0.00564	0.00483	0.00322	0.00161	0.00403	0.00282	0.00322	0.00564
28	0.00839	0.00612	0.00827	0.00932	0.01050	0.00619	0.00787	0.01137	0.06104	0.01565	0.02732	0.16515	0.02971	0.01419	0.00699	0.00232	0.00450	0.59533	0.00483	0.00494
29	0.01229	0.01405	0.03073	0.02195	0.02722	0.01317	0.76558	0.01668	0.01229	0.01668	0.01054	0.01405	0.00790	0.00439	0.00615	0.00176	0.00878	0.00615	0.00263	0.00702
30	0.01002	0.00516	0.00519	0.00508	0.00638	0.00521	0.00384	0.03586	0.01135	0.01984	0.01685	0.01920	0.01321	0.00607	0.00369	0.00122	0.00253	0.00485	0.81948	0.00498
31	0.01309	0.01233	0.01885	0.05665	0.57177	0.02842	0.01415	0.03705	0.15983	0.01810	0.01201	0.01411	0.00966	0.00519	0.00518	0.00159	0.00587	0.00486	0.00316	0.00812
32	0.01281	0.01082	0.01152	0.01021	0.01297	0.03813	0.02164	0.15166	0.41507	0.02143	0.02368	0.08218	0.10722	0.00863	0.00558	0.00178	0.00445	0.04789	0.00503	0.00731
33	0.00725	0.00496	0.00573	0.00598	0.00613	0.00485	0.00354	0.00750	0.00829	0.01096	0.02084	0.19278	0.06279	0.61199	0.02140	0.00428	0.00451	0.00922	0.00359	0.00344
34	0.01506	0.01341	0.01331	0.01147	0.01435	0.10557	0.00911	0.20993	0.39541	0.02231	0.01618	0.01669	0.01250	0.00775	0.02482	0.00188	0.07636	0.02150	0.00463	0.00775
35	0.83297	0.01004	0.00777	0.00691	0.01015	0.01158	0.00569	0.01556	0.00901	0.04252	0.00758	0.00869	0.00582	0.00487	0.00327	0.00161	0.00404	0.00288	0.00330	0.00572
36	0.00748	0.00532	0.00712	0.00714	0.00764	0.00581	0.00497	0.00848	0.00804	0.01122	0.01533	0.04145	0.01608	0.38846	0.43535	0.00676	0.00974	0.00665	0.00299	0.00397
37	0.01229	0.01405	0.03073	0.02195	0.02722	0.01317	0.76558	0.01668	0.01229	0.01668	0.01054	0.01405	0.00790	0.00439	0.00615	0.00176	0.00878	0.00615	0.00263	0.00702
38	0.00692	0.00488	0.00577	0.00624	0.00657	0.00465	0.00390	0.00744	0.00904	0.01183	0.02574	0.33685	0.12120	0.40670	0.01628	0.00350	0.00396	0.01079	0.00402	0.00373
39	0.01994	0.01436	0.01549	0.01187	0.01604	0.01581	0.00981	0.73777	0.02411	0.06272	0.01282	0.01271	0.00902	0.00626	0.00521	0.00156	0.00568	0.00471	0.00526	0.00886
40	0.01968	0.01212	0.01372	0.01075	0.01462	0.01282	0.00880	0.42930	0.11160	0.25673	0.01611	0.01515	0.01107	0.00640	0.00517	0.00159	0.00503	0.00500	0.03570	0.00864
41	0.37713	0.00885	0.00941	0.00782	0.01108	0.00897	0.00638	0.01871	0.01229	0.34413	0.12989	0.01695	0.01526	0.00639	0.00451	0.00162	0.00396	0.00483	0.00496	0.00688
42	0.81375	0.04867	0.00859	0.00695	0.01023	0.01211	0.00580	0.01532	0.00894	0.02284	0.00725	0.00845	0.00569	0.00482	0.00323	0.00159	0.00410	0.00282	0.00318	0.00569
43	0.00636	0.00529	0.00556	0.00553	0.00720	0.00449	0.00417	0.00785	0.01226	0.01502	0.15073	0.04876	0.66982	0.01287	0.00617	0.00175	0.00265	0.02409	0.00496	0.00447
44	0.00698	0.00531	0.00641	0.00614	0.00754	0.00475	0.00460	0.00906	0.01381	0.01867	0.54537	0.04254	0.28689	0.01147	0.00615	0.00168	0.00252	0.00993	0.00544	0.00475
45	0.01034	0.00961	0.01615	0.64795	0.15873	0.01146	0.01433	0.01371	0.01067	0.01414	0.00962	0.01392	0.00739	0.00514	0.00514	0.00169	0.00666	0.00464	0.03257	0.00616
46	0.00633	0.00457	0.00600	0.00714	0.00752	0.00424	0.00479	0.00726	0.01008	0.01334	0.03003	0.77146	0.07571	0.01614	0.00662	0.00210	0.00300	0.01459	0.00483	0.00424
47	0.01080	0.00926	0.01080	0.00771	0.01234	0.00694	0.00617	0.01311	0.01080	0.01697	0.00926	0.01080	0.00771	0.00386	0.00386	0.00077	0.00386	0.00309	0.00309	0.84882
48	0.01176	0.01122	0.01910	0.31663	0.50863	0.01208	0.01542	0.01500	0.01133	0.01565	0.00960	0.01326	0.00777	0.00485	0.00517	0.00162	0.00647	0.00464	0.00248	0.00734
49	0.00757	0.00507	0.00579	0.00579	0.00582	0.00511	0.00329	0.00764	0.00760	0.01018	0.01631	0.03354	0.01870	0.78619	0.05698	0.00518	0.00540	0.00749	0.00314	0.00321
50	0.01156	0.28169	0.54504	0.01294	0.01959	0.01483	0.01592	0.01620	0.01086	0.01513	0.00867	0.01015	0.00662	0.00479	0.00443	0.00148	0.00701	0.00351	0.00221	0.00737
51	0.00912	0.00608	0.00830	0.00904	0.01047	0.00591	0.00778	0.01141	0.01234	0.06576	0.07753	0.05415	0.08837	0.01354	0.00692	0.00225	0.00445	0.59657	0.00497	0.00504
52	0.01580	0.00984	0.01123	0.01024	0.03996	0.05969	0.00777	0.02150	0.23555	0.30064	0.10320	0.06127	0.04326	0.00807	0.00552	0.00171	0.00441	0.04744	0.00543	0.00747
53	0.00827	0.00589	0.00814	0.00926	0.01036	0.00588	0.00794	0.01047	0.01164	0.01516	0.02689	0.08133	0.02940	0.06634	0.00842	0.00256	0.00475	0.67794	0.00469	0.00467
54	0.01983	0.00969	0.01205	0.00966	0.01327	0.00942	0.00783	0.11944	0.14756	0.49894	0.05172	0.04674	0.01518	0.00706	0.00533	0.00165	0.00441	0.00580	0.00600	0.00842
55	0.01236	0.01176	0.01942	0.10007	0.60621	0.01208	0.02883	0.01646	0.07835	0.01698	0.01229	0.01491	0.03651	0.00521	0.00523	0.00159	0.00600	0.00500	0.00287	0.00786
56	0.01820	0.01274	0.01463	0.01135	0.01533	0.01357	0.03887	0.47620	0.11436	0.12679	0.01446	0.01420	0.01028	0.00614	0.00512	0.00154	0.00526	0.00486	0.03155	0.06455
57	0.01066	0.07534	0.74346	0.01448	0.02198	0.01261	0.01861	0.01644	0.01097	0.01623	0.00922	0.01083	0.00660	0.00492	0.00485	0.00162	0.00757	0.00378	0.00220	0.00763
58	0.02037	0.02954	0.01247	0.00959	0.01321	0.05979	0.00784	0.12220	0.01574	0.52108	0.06857	0.01844	0.03037	0.00801	0.03655	0.00185	0.00516	0.00539	0.00571	0.00811
59	0.01869	0.03671	0.01499	0.01326	0.01584	0.69524	0.01008	0.03811	0.03275	0.01342	0.00838	0.00982	0.00699	0.00566	0.00550	0.00141	0.06072	0.00351	0.00277	0.00615
60	0.01651	0.01642	0.01631	0.12729	0.03379	0.25810	0.06611	0.26846	0.02993	0.02009	0.01101	0.01268	0.02407	0.00604	0.00608	0.00160	0.07044	0.00451	0.00353	0.00704
61	0.01289	0.01230	0.02053	0.03058	0.73465	0.01241	0.01548	0.01674	0.06121	0.01732	0.01053	0.01331	0.00874	0.00480	0.00516	0.00156	0.00605	0.00472	0.00275	0.00825
62	0.01059	0.00898	0.01047	0.00758	0.01191	0.00682	0.00598	0.01275	0.01059	0.01653	0.00972	0.01230	0.00844	0.05643	0.00532	0.00105	0.00393	0.00338	0.00309	0.79414
63	0.00720	0.00532	0.00673	0.00637	0.00768	0.00484	0.00478	0.00950	0.01434	0.01994	0.68051	0.04046	0.15096	0.01100	0.00614	0.00165	0.00248	0.00964	0.00561	0.00484
64	0.00634	0.00456	0.00602	0.00719	0.00754	0.00424	0.00481	0.00726	0.01003	0.01332	0.02947	0.78912	0.05841	0.01622	0.00663	0.00210	0.00301	0.01468	0.00483	0.00424
65	0.02207	0.01015	0.01280	0.00988	0.01384	0.00963	0.00813	0.20514	0.01711	0.58533	0.01879	0.03625	0.01245	0.00664	0.00527	0.00161	0.00471	0.00534	0.00611	0.00875
66	0.02049	0.01028	0.02616	0.00970	0.01377	0.00937	0.00809	0.15989	0.04589	0.51377	0.03564	0.01654	0.01251	0.00626	0.00512	0.00153	0.00461	0.00503	0.00576	0.08961
67	0.11298	0.13303	0.53036	0.01296	0.01938	0.01317	0.03297	0.01679	0.03481	0.03481	0.00946	0.01082	0.00696	0.00495	0.00456	0.00158	0.00680	0.00373	0.00253	0.00734
68	0.01428	0.76869	0.02648	0.00920	0.01354	0.07075	0.00899	0.01593	0.01085	0.01228	0.00729	0.00842	0.00668	0.00451	0.00343	0.00113	0.00582	0.00282	0.00226	0.00664
69	0.00696	0.00526	0.00643	0.00624	0.00756	0.00472	0.00464	0.00900	0.01362	0.01847	0.52778	0.09408	0.25271	0.01174	0.00618	0.00170	0.00255	0.01022	0.00542	0.00472
70	0.01027	0.00970	0.01315	0.06237	0.01336	0.04003	0.02722	0.01156	0.00847	0.01218	0.01001	0.01710	0.01005	0.15792	0.14625	0.00370	0.43374	0.00526	0.00255	0.00512
71	0.00647	0.00539	0.00567	0.00579	0.00737	0.00470	0.00427	0.00825	0.04019	0.01441	0.06548	0.15852	0.62869	0.01335	0.00619	0.00181	0.00274	0.01131	0.00487	0.00453
72	0.01080	0.00612	0.00786	0.00697	0.00891	0.00546	0.00539	0.01299	0.01434	0.19336	0.49916	0.03581	0.15203	0.01008	0.00594	0.00165	0.00293	0.00871	0.00576	0.00573
73	0.01280	0.01105	0.01163	0.01048	0.01339	0.01276	0.00814	0.02721	0.75765	0.02161	0.02192	0.02013	0.03341	0.00721	0.00532	0.00177	0.00409	0.00600	0.00529	0.00815
74	0.00724	0.00540	0.00678	0.00667	0.00801	0.00494	0.00516	0.00944	0.01377	0.01873	0.52685	0.04388	0.20525	0.01168	0.00628	0.00176	0.00280	0.10516	0.00542	0.00479

[dist]
# distance from previous block
# <min> <max>
0	24

[block]
# block no. 4 follows, 47 sequences, length 28
# corresponding to MSA columns:
# 315-342
name=unknown_E
#
# <colnr> <probs for GDERKNQSTAVLIFYWHMCP>
#	G	D	E	R	K	N	Q	S	T	A	V	L	I	F	Y	W	H	M	C	P
0	0.00744	0.00558	0.00837	0.00837	0.00930	0.00651	0.00651	0.00930	0.00837	0.01209	0.01395	0.02046	0.01302	0.03906	0.79635	0.00837	0.01395	0.00558	0.00279	0.00465
1	0.85377	0.01007	0.00765	0.00685	0.01007	0.01168	0.00564	0.01531	0.00886	0.02336	0.00725	0.00846	0.00564	0.00483	0.00322	0.00161	0.00403	0.00282	0.00322	0.00564
2	0.00983	0.00926	0.01562	0.80447	0.03587	0.01157	0.01446	0.01331	0.01041	0.01331	0.00926	0.01388	0.00694	0.00521	0.00521	0.00174	0.00694	0.00463	0.00231	0.00579
3	0.00622	0.00518	0.00543	0.00558	0.00713	0.00439	0.00410	0.00751	0.01170	0.01416	0.07073	0.15204	0.66089	0.01353	0.00622	0.00180	0.00268	0.01146	0.00486	0.00439
4	0.00744	0.00558	0.00837	0.00837	0.00930	0.00651	0.00651	0.00930	0.00837	0.01209	0.01395	0.02046	0.01302	0.03906	0.79635	0.00837	0.01395	0.00558	0.00279	0.00465
5	0.00971	0.00485	0.00485	0.00485	0.00607	0.00485	0.00364	0.01213	0.01092	0.01942	0.01699	0.01942	0.01335	0.00607	0.00364	0.00121	0.00243	0.00485	0.84589	0.00485
6	0.00645	0.00464	0.00612	0.00720	0.00763	0.00432	0.00490	0.00749	0.01036	0.01380	0.07145	0.72294	0.06310	0.01583	0.00661	0.00208	0.00302	0.03288	0.00488	0.00429
7	0.01229	0.01405	0.03073	0.02195	0.02722	0.01317	0.76558	0.01668	0.01229	0.01668	0.01054	0.01405	0.00790	0.00439	0.00615	0.00176	0.00878	0.00615	0.00263	0.00702
8	0.00761	0.00572	0.00719	0.00715	0.00814	0.00568	0.00517	0.01028	0.07002	0.01742	0.39905	0.24722	0.06927	0.08030	0.00830	0.00209	0.02911	0.01037	0.00509	0.00483
9	0.01392	0.82012	0.02729	0.00891	0.01337	0.02061	0.00891	0.01559	0.01058	0.01225	0.00724	0.00835	0.00668	0.00446	0.00334	0.00111	0.00557	0.00278	0.00223	0.00668
10	0.01015	0.00954	0.01598	0.64941	0.07826	0.01119	0.04185	0.01352	0.01064	0.01399	0.00977	0.01467	0.00767	0.00526	0.00518	0.00167	0.00668	0.02238	0.00246	0.06973
11	0.00784	0.00731	0.07152	0.00723	0.00914	0.00568	0.00607	0.01064	0.03822	0.03503	0.48019	0.09627	0.18333	0.01089	0.00604	0.00170	0.00306	0.00946	0.00520	0.00518
12	0.14582	0.04162	0.01252	0.00933	0.01324	0.02947	0.00774	0.11382	0.01500	0.53297	0.01676	0.01514	0.01093	0.00608	0.00485	0.00158	0.00470	0.00467	0.00556	0.00823
13	0.00885	0.00664	0.00941	0.01124	0.06931	0.00670	0.00883	0.01175	0.04378	0.01587	0.02600	0.08208	0.02791	0.01342	0.00694	0.00230	0.00481	0.63436	0.00465	0.00518
14	0.03031	0.00773	0.01198	0.01063	0.01244	0.00772	0.14246	0.05521	0.03808	0.03094	0.06897	0.40070	0.05019	0.01192	0.00671	0.00197	0.03560	0.06660	0.00442	0.00541
15	0.00634	0.00453	0.00604	0.00725	0.00755	0.00423	0.00483	0.00725	0.00997	0.01329	0.02870	0.81358	0.03444	0.01632	0.00665	0.00211	0.00302	0.01480	0.00483	0.00423
16	0.01315	0.01436	0.01532	0.01337	0.01406	0.20298	0.01085	0.01437	0.00962	0.01256	0.00745	0.01132	0.00709	0.00957	0.04942	0.00233	0.57973	0.00431	0.00240	0.00573
17	0.01072	0.00767	0.00864	0.00813	0.00987	0.00794	0.00613	0.21019	0.04494	0.01967	0.02482	0.31991	0.10899	0.04142	0.00652	0.00192	0.00380	0.03743	0.11560	0.00570
18	0.00774	0.00602	0.00894	0.00877	0.00963	0.00722	0.00688	0.00954	0.00834	0.01212	0.01341	0.01977	0.01255	0.03679	0.73740	0.00791	0.07398	0.00550	0.00275	0.00473
19	0.00983	0.00926	0.01562	0.80447	0.03587	0.01157	0.01446	0.01331	0.01041	0.01331	0.00926	0.01388	0.00694	0.00521	0.00521	0.00174	0.00694	0.00463	0.00231	0.00579
20	0.00750	0.00502	0.00570	0.00578	0.00579	0.00500	0.00326	0.00755	0.00772	0.01029	0.01716	0.08178	0.01988	0.76799	0.02529	0.00487	0.00492	0.00802	0.00326	0.00322
21	0.00744	0.00558	0.00837	0.00837	0.00930	0.00651	0.00651	0.00930	0.00837	0.01209	0.01395	0.02046	0.01302	0.03906	0.79635	0.00837	0.01395	0.00558	0.00279	0.00465
22	0.00983	0.00926	0.01562	0.80447	0.03587	0.01157	0.01446	0.01331	0.01041	0.01331	0.00926	0.01388	0.00694	0.00521	0.00521	0.00174	0.00694	0.00463	0.00231	0.00579
23	0.01392	0.82012	0.02729	0.00891	0.01337	0.02061	0.00891	0.01559	0.01058	0.01225	0.00724	0.00835	0.00668	0.00446	0.00334	0.00111	0.00557	0.00278	0.00223	0.00668
