[name]
unknown

[dist]
# distance from previous block
# <min> <max>
0	61

[block]
# block no. 0 follows, 47 sequences, length 51
# corresponding to MSA columns:
# 65-105,129-138
name=unknown_A
#
# <colnr> <probs for GDERKNQSTAVLIFYWHMCP>
#	G	D	E	R	K	N	Q	S	T	A	V	L	I	F	Y	W	H	M	C	P
0	0.05840	0.02267	0.12869	0.09237	0.07345	0.04728	0.05293	0.13243	0.02235	0.07520	0.04784	0.01804	0.03675	0.07436	0.00714	0.00189	0.02104	0.02670	0.00361	0.05686
1	0.26290	0.01170	0.05631	0.02537	0.03985	0.02188	0.01755	0.11828	0.04488	0.05744	0.01017	0.01119	0.00777	0.00488	0.00415	0.00133	0.00470	0.00362	0.00357	0.29245
2	0.01244	0.01040	0.01433	0.31103	0.07059	0.01162	0.02596	0.17146	0.11024	0.02789	0.01498	0.03161	0.03765	0.00677	0.00538	0.00170	0.00572	0.06883	0.00375	0.05766
3	0.00769	0.00714	0.03346	0.00717	0.00968	0.00561	0.03883	0.00959	0.01175	0.01551	0.11437	0.11420	0.40794	0.01061	0.00568	0.00157	0.00335	0.00910	0.00438	0.18237
4	0.00643	0.00459	0.00600	0.00709	0.00741	0.00429	0.00469	0.00728	0.00984	0.01308	0.02834	0.73964	0.05006	0.07464	0.00808	0.00232	0.00316	0.01419	0.00471	0.00416
5	0.01168	0.01298	0.05780	0.03726	0.18925	0.01185	0.44987	0.01557	0.01223	0.01686	0.05999	0.01866	0.01219	0.00565	0.00594	0.00175	0.00743	0.06310	0.00296	0.00699
6	0.00860	0.00533	0.00633	0.00612	0.00659	0.00518	0.00379	0.00913	0.00920	0.06640	0.12516	0.06715	0.02344	0.61190	0.02129	0.00420	0.00455	0.00798	0.00382	0.00385
7	0.01787	0.06417	0.07503	0.04992	0.01554	0.00946	0.06365	0.04353	0.02909	0.44465	0.11547	0.01872	0.01594	0.00653	0.00527	0.00160	0.00498	0.00554	0.00520	0.00782
8	0.01412	0.00988	0.01282	0.03532	0.01452	0.00839	0.05469	0.06651	0.03154	0.17782	0.01219	0.01287	0.00905	0.00471	0.00446	0.00112	0.00452	0.00395	0.00392	0.51761
9	0.00731	0.00503	0.00606	0.00640	0.00694	0.00478	0.00431	0.00770	0.00925	0.01192	0.02656	0.17949	0.18528	0.31890	0.01588	0.11237	0.00407	0.08022	0.00386	0.00366
10	0.06501	0.05417	0.04099	0.01717	0.03259	0.07841	0.44361	0.01810	0.03842	0.10617	0.01139	0.01342	0.00842	0.00482	0.00543	0.00161	0.00744	0.00522	0.00320	0.04440
11	0.07893	0.01289	0.01365	0.01072	0.01434	0.01420	0.00874	0.60287	0.02147	0.02987	0.05893	0.01503	0.01168	0.04230	0.00600	0.00171	0.00525	0.00497	0.03847	0.00797
12	0.01499	0.01050	0.01241	0.04509	0.05193	0.01134	0.00846	0.37250	0.01738	0.07924	0.02589	0.16487	0.01503	0.03468	0.00640	0.00178	0.02935	0.00679	0.08426	0.00712
13	0.01079	0.00609	0.00800	0.00708	0.00895	0.00549	0.00547	0.01310	0.01465	0.18738	0.58354	0.03480	0.07416	0.00985	0.00595	0.00164	0.00289	0.00858	0.00585	0.00575
14	0.01296	0.55610	0.21759	0.01081	0.01602	0.01786	0.03017	0.01652	0.05360	0.01396	0.00863	0.00978	0.00721	0.00472	0.00392	0.00130	0.00610	0.00331	0.00240	0.00703
15	0.01220	0.04607	0.50854	0.01260	0.01853	0.01086	0.01479	0.01753	0.05796	0.13088	0.07302	0.04913	0.01262	0.00622	0.00513	0.00165	0.00632	0.00505	0.00340	0.00750
16	0.69144	0.05588	0.00971	0.00756	0.01097	0.01244	0.00632	0.08743	0.01071	0.05654	0.00832	0.00924	0.00632	0.00502	0.00351	0.00158	0.00429	0.00310	0.00349	0.00614
17	0.00757	0.00505	0.00568	0.00568	0.00568	0.00505	0.00316	0.00757	0.00757	0.01010	0.01641	0.03408	0.01893	0.81698	0.02651	0.00505	0.00505	0.00757	0.00316	0.00316
18	0.03785	0.00471	0.00681	0.00679	0.00690	0.00477	0.00456	0.00707	0.00686	0.00953	0.00898	0.01558	0.00893	0.01764	0.01977	0.81961	0.00451	0.00446	0.00229	0.00238
19	0.01240	0.18264	0.05159	0.07755	0.03936	0.01589	0.01141	0.01416	0.00932	0.05143	0.00800	0.01130	0.00715	0.00736	0.01174	0.00191	0.47389	0.00419	0.00248	0.00623
20	0.06134	0.04518	0.02995	0.40195	0.09855	0.01161	0.01214	0.07985	0.01262	0.17956	0.01177	0.01389	0.00839	0.00544	0.00501	0.00164	0.00603	0.00457	0.00350	0.00700
21	0.00650	0.00463	0.00613	0.00717	0.00748	0.00441	0.00478	0.00738	0.00969	0.01296	0.02693	0.70849	0.03207	0.08486	0.04761	0.00267	0.00374	0.01374	0.00459	0.00416
22	0.01772	0.01249	0.01517	0.21314	0.02079	0.01389	0.01077	0.47975	0.01967	0.12530	0.01271	0.01353	0.00889	0.00601	0.00521	0.00161	0.00587	0.00474	0.00463	0.00808
23	0.01682	0.07256	0.01643	0.21335	0.02096	0.05905	0.01100	0.47878	0.01935	0.02523	0.01104	0.01238	0.00809	0.00581	0.00504	0.00156	0.00623	0.00446	0.00411	0.00776
24	0.00671	0.00488	0.00639	0.00729	0.00754	0.00481	0.00487	0.00751	0.00957	0.01283	0.02617	0.67616	0.03125	0.12439	0.00975	0.00252	0.03532	0.01342	0.00451	0.00414
25	0.01289	0.01237	0.02114	0.03196	0.78450	0.01237	0.01598	0.01598	0.01186	0.01701	0.00980	0.01289	0.00825	0.00464	0.00516	0.00155	0.00619	0.00464	0.00258	0.00825
26	0.00634	0.00453	0.00604	0.00725	0.00755	0.00423	0.00483	0.00725	0.00997	0.01329	0.02870	0.81358	0.03444	0.01632	0.00665	0.00211	0.00302	0.01480	0.00483	0.00423
27	0.01629	0.47993	0.02193	0.01084	0.01454	0.35231	0.00940	0.01782	0.01237	0.01246	0.00759	0.00880	0.00669	0.00485	0.00392	0.00121	0.00720	0.00303	0.00242	0.00641
28	0.01110	0.01074	0.05306	0.01770	0.29220	0.01040	0.02889	0.03347	0.15398	0.01896	0.22240	0.02248	0.05140	0.00730	0.00604	0.00166	0.04073	0.00641	0.00406	0.00703
29	0.00698	0.00526	0.00785	0.00820	0.00883	0.00495	0.06019	0.00794	0.00984	0.01314	0.02568	0.66800	0.03034	0.06839	0.00854	0.04026	0.00364	0.01323	0.00445	0.00427
30	0.59730	0.01023	0.01068	0.10953	0.11915	0.01158	0.00824	0.01560	0.00973	0.05511	0.00844	0.01015	0.00648	0.00493	0.00382	0.00162	0.00470	0.00340	0.00316	0.00616
31	0.00839	0.00695	0.00758	0.00753	0.00926	0.00708	0.00557	0.01388	0.25401	0.01644	0.05002	0.24679	0.32242	0.01204	0.00602	0.00186	0.00321	0.01037	0.00500	0.00558
32	0.01385	0.76112	0.02616	0.00903	0.01338	0.02005	0.00886	0.01647	0.06634	0.01295	0.00826	0.00916	0.00736	0.00465	0.00348	0.00116	0.00546	0.00301	0.00245	0.00680
33	0.01270	0.50188	0.20807	0.05630	0.01826	0.01730	0.09095	0.01579	0.01085	0.01378	0.00820	0.00989	0.00680	0.00461	0.00412	0.00134	0.00649	0.00349	0.00227	0.00691
34	0.01812	0.01351	0.01488	0.05599	0.01657	0.01498	0.00974	0.64700	0.04594	0.03052	0.06869	0.01472	0.01190	0.00654	0.00528	0.00158	0.00551	0.00507	0.00509	0.00838
35	0.01136	0.00924	0.01086	0.00778	0.01238	0.00697	0.00624	0.01366	0.01098	0.05157	0.00976	0.01111	0.00795	0.00397	0.00392	0.00081	0.00388	0.00318	0.00324	0.81113
36	0.00627	0.00519	0.00550	0.00561	0.00715	0.00441	0.00414	0.00762	0.01185	0.01449	0.10481	0.14297	0.63526	0.01338	0.00621	0.00179	0.00267	0.01134	0.00490	0.00441
37	0.01313	0.01098	0.01341	0.01041	0.03761	0.02191	0.05004	0.17203	0.01379	0.03106	0.01019	0.01181	0.00816	0.01544	0.00503	0.00114	0.02805	0.00378	0.00351	0.53852
38	0.00616	0.00526	0.00529	0.00532	0.00705	0.00439	0.00398	0.00747	0.01183	0.01405	0.05220	0.06784	0.76502	0.01326	0.00617	0.00177	0.00265	0.01108	0.00484	0.00439
39	0.01337	0.01143	0.01296	0.01115	0.01425	0.01293	0.05067	0.10484	0.61723	0.02220	0.02007	0.01933	0.02773	0.03046	0.00597	0.00184	0.00456	0.00591	0.00507	0.00803
40	0.85377	0.01007	0.00765	0.00685	0.01007	0.01168	0.00564	0.01531	0.00886	0.02336	0.00725	0.00846	0.00564	0.00483	0.00322	0.00161	0.00403	0.00282	0.00322	0.00564
41	0.00753	0.00520	0.00645	0.00645	0.00672	0.00547	0.00412	0.00807	0.00780	0.01067	0.01570	0.03018	0.01724	0.59435	0.24682	0.00600	0.00760	0.00700	0.00305	0.00358
42	0.00797	0.00609	0.00805	0.00794	0.00879	0.02583	0.00591	0.02220	0.00893	0.01246	0.04872	0.02360	0.01560	0.19207	0.57375	0.00711	0.01140	0.00608	0.00303	0.00447
43	0.09485	0.00968	0.01207	0.01048	0.05143	0.00946	0.00802	0.02453	0.18808	0.50596	0.01897	0.01704	0.01270	0.00635	0.00507	0.00164	0.00441	0.00514	0.00570	0.00840
44	0.01080	0.00926	0.01080	0.00771	0.01234	0.00694	0.00617	0.01311	0.01080	0.01697	0.00926	0.01080	0.00771	0.00386	0.00386	0.00077	0.00386	0.00309	0.00309	0.84882
45	0.00973	0.00563	0.00676	0.14651	0.01135	0.00604	0.00556	0.01234	0.01083	0.01833	0.01562	0.01844	0.01221	0.00591	0.00392	0.00131	0.00323	0.00481	0.69644	0.00502
46	0.03215	0.01469	0.01714	0.04830	0.01818	0.07211	0.11033	0.50964	0.07915	0.02733	0.01235	0.01301	0.00898	0.00593	0.00527	0.00160	0.00630	0.00484	0.00453	0.00817
47	0.01092	0.01078	0.01566	0.07847	0.01560	0.02850	0.06564	0.01244	0.00861	0.01267	0.00856	0.01421	0.00831	0.07812	0.06294	0.00278	0.55288	0.00497	0.00242	0.00553
48	0.01330	0.05112	0.05986	0.10207	0.01619	0.00985	0.00877	0.10639	0.04133	0.11084	0.01178	0.02157	0.00910	0.00655	0.04003	0.00154	0.00528	0.00409	0.00365	0.37670
49	0.05372	0.01224	0.02282	0.13959	0.16589	0.01249	0.35634	0.01536	0.01128	0.01623	0.00964	0.01307	0.00760	0.00494	0.00644	0.00168	0.07504	0.00512	0.00261	0.06790
50	0.00921	0.00580	0.00752	0.00708	0.00868	0.00529	0.00552	0.01145	0.01404	0.10930	0.51028	0.05053	0.12788	0.01096	0.00617	0.00174	0.00299	0.09466	0.00559	0.00529

[dist]
# distance from previous block
# <min> <max>
0	1

[block]
# block no. 1 follows, 47 sequences, length 11
# corresponding to MSA columns:
# 140-150
name=unknown_B
#
# <colnr> <probs for GDERKNQSTAVLIFYWHMCP>
#	G	D	E	R	K	N	Q	S	T	A	V	L	I	F	Y	W	H	M	C	P
0	0.08371	0.01993	0.04665	0.01357	0.05929	0.42045	0.01038	0.24785	0.01695	0.02010	0.00950	0.01053	0.00736	0.00554	0.00477	0.00145	0.00761	0.00381	0.00347	0.00706
1	0.01005	0.00928	0.01149	0.02473	0.01166	0.04781	0.00809	0.01183	0.04059	0.01339	0.01384	0.18366	0.01472	0.09207	0.06050	0.00263	0.32189	0.00690	0.00318	0.11168
2	0.00679	0.00475	0.00607	0.00691	0.00720	0.00454	0.00454	0.00756	0.00956	0.01276	0.04754	0.55189	0.03056	0.22896	0.01194	0.00289	0.00362	0.04352	0.00441	0.00399
3	0.01350	0.01295	0.01486	0.16071	0.03933	0.12481	0.07665	0.04376	0.37500	0.03493	0.01536	0.01610	0.01165	0.00709	0.02870	0.00188	0.00621	0.00522	0.00401	0.00729
4	0.00637	0.00468	0.00598	0.00694	0.00749	0.00429	0.00471	0.00740	0.01046	0.01376	0.06733	0.66840	0.14189	0.01560	0.00655	0.00204	0.00294	0.01401	0.00488	0.00429
5	0.04581	0.00592	0.00762	0.10606	0.01149	0.00619	0.00628	0.01054	0.05368	0.01560	0.05876	0.42700	0.03982	0.01201	0.00581	0.00189	0.00360	0.05325	0.12380	0.00487
6	0.03102	0.03412	0.01274	0.04521	0.01437	0.01021	0.00814	0.17430	0.07701	0.27665	0.01541	0.01625	0.01124	0.00789	0.04959	0.00184	0.00525	0.02825	0.00480	0.17570
7	0.09468	0.02464	0.67560	0.01439	0.02152	0.01210	0.05360	0.01638	0.01084	0.01719	0.00919	0.01089	0.00656	0.00491	0.00483	0.00165	0.00738	0.00386	0.00232	0.00746
8	0.01980	0.01459	0.01563	0.01198	0.01615	0.01615	0.00990	0.76713	0.02448	0.03282	0.01250	0.01250	0.00886	0.00625	0.00521	0.00156	0.00573	0.00469	0.00521	0.00886
9	0.00644	0.00466	0.00592	0.00689	0.00732	0.00433	0.00458	0.00731	0.00995	0.01307	0.03015	0.65631	0.11442	0.09212	0.00848	0.00236	0.00317	0.01370	0.00467	0.00415
10	0.01199	0.01006	0.01085	0.00862	0.01209	0.05352	0.00676	0.15258	0.01405	0.01984	0.12333	0.10252	0.01675	0.00672	0.00479	0.00122	0.00423	0.00559	0.00403	0.43045

[dist]
# distance from previous block
# <min> <max>
0	11

[block]
# block no. 2 follows, 47 sequences, length 85
# corresponding to MSA columns:
# 163-247
name=unknown_C
#
# <colnr> <probs for GDERKNQSTAVLIFYWHMCP>
#	G	D	E	R	K	N	Q	S	T	A	V	L	I	F	Y	W	H	M	C	P
0	0.01323	0.01176	0.05119	0.03515	0.01336	0.12355	0.02634	0.08951	0.09662	0.11038	0.07848	0.05983	0.13647	0.04884	0.00653	0.00181	0.00513	0.03957	0.00443	0.04784
1	0.01564	0.01262	0.04231	0.02679	0.01457	0.03856	0.00881	0.41354	0.05380	0.05043	0.12123	0.01800	0.04895	0.00683	0.00520	0.00150	0.00503	0.00543	0.00480	0.10595
2	0.04324	0.00975	0.01346	0.20250	0.03173	0.04121	0.06484	0.05084	0.02505	0.06481	0.04948	0.08899	0.03166	0.09181	0.00923	0.00210	0.12042	0.00619	0.00342	0.04928
3	0.68856	0.01050	0.00885	0.00768	0.01092	0.01207	0.00631	0.12460	0.01111	0.02416	0.00836	0.00967	0.00649	0.00680	0.04440	0.00195	0.00479	0.00323	0.00349	0.00606
4	0.01849	0.16668	0.01708	0.01248	0.01561	0.58931	0.00984	0.08453	0.01485	0.01440	0.00829	0.00947	0.00689	0.00528	0.00450	0.00132	0.00839	0.00337	0.00282	0.00640
5	0.00983	0.00926	0.01562	0.80447	0.03587	0.01157	0.01446	0.01331	0.01041	0.01331	0.00926	0.01388	0.00694	0.00521	0.00521	0.00174	0.00694	0.00463	0.00231	0.00579
6	0.01945	0.02482	0.01476	0.01342	0.01610	0.79608	0.01006	0.02079	0.01476	0.01275	0.00805	0.00939	0.00671	0.00537	0.00470	0.00134	0.00939	0.00335	0.00268	0.00604
7	0.03634	0.01163	0.01637	0.51394	0.17563	0.08504	0.01383	0.05805	0.01186	0.01538	0.00938	0.01304	0.00724	0.00516	0.00509	0.00165	0.00687	0.00446	0.00259	0.00645
8	0.00953	0.00484	0.00492	0.00498	0.00614	0.00482	0.00370	0.01188	0.01087	0.01910	0.01759	0.06035	0.01444	0.00660	0.00380	0.00126	0.00246	0.00537	0.80254	0.00482
9	0.01327	0.00989	0.01153	0.00859	0.01287	0.00849	0.00692	0.13056	0.03032	0.09428	0.01166	0.02936	0.00928	0.00571	0.02449	0.00122	0.00445	0.00392	0.00382	0.57938
10	0.00824	0.00551	0.00710	0.00663	0.00806	0.00501	0.00500	0.01050	0.01430	0.06907	0.63588	0.06913	0.11408	0.01084	0.00611	0.00167	0.00262	0.00951	0.00566	0.00509
11	0.01076	0.00914	0.01078	0.02257	0.01268	0.00709	0.00642	0.02589	0.01104	0.01704	0.01034	0.03155	0.00904	0.00454	0.00407	0.00088	0.00395	0.02621	0.00320	0.77279
12	0.85377	0.01007	0.00765	0.00685	0.01007	0.01168	0.00564	0.01531	0.00886	0.02336	0.00725	0.00846	0.00564	0.00483	0.00322	0.00161	0.00403	0.00282	0.00322	0.00564
13	0.00954	0.00806	0.00863	0.00818	0.01040	0.00850	0.00638	0.01717	0.36227	0.01811	0.07433	0.03623	0.32321	0.01035	0.00586	0.00181	0.00351	0.07613	0.00509	0.00623
14	0.00641	0.00460	0.00602	0.00710	0.00746	0.00428	0.00474	0.00733	0.01005	0.01336	0.04525	0.73728	0.06254	0.04764	0.00740	0.00221	0.00307	0.01426	0.00479	0.00421
15	0.00711	0.00537	0.00750	0.00767	0.00859	0.00583	0.00578	0.00868	0.00906	0.01246	0.02157	0.13799	0.12387	0.06288	0.54316	0.00642	0.01046	0.00773	0.00338	0.00450
16	0.01945	0.02482	0.01476	0.01342	0.01610	0.79608	0.01006	0.02079	0.01476	0.01275	0.00805	0.00939	0.00671	0.00537	0.00470	0.00134	0.00939	0.00335	0.00268	0.00604
17	0.01306	0.01105	0.01178	0.01061	0.01352	0.01269	0.00835	0.07102	0.67981	0.02204	0.02109	0.02160	0.01640	0.00750	0.00542	0.00180	0.00426	0.05469	0.00526	0.00805
18	0.01945	0.02482	0.01476	0.01342	0.01610	0.79608	0.01006	0.02079	0.01476	0.01275	0.00805	0.00939	0.00671	0.00537	0.00470	0.00134	0.00939	0.00335	0.00268	0.00604
19	0.01412	0.01364	0.01231	0.01110	0.01400	0.15372	0.00857	0.02644	0.63842	0.02016	0.01883	0.01763	0.01425	0.00676	0.00519	0.00169	0.00507	0.00543	0.00483	0.00785
20	0.00790	0.00574	0.00724	0.00770	0.00872	0.00558	0.00580	0.05715	0.01211	0.01606	0.13999	0.34232	0.10775	0.06776	0.00789	0.00224	0.00363	0.18484	0.00487	0.00470
21	0.01057	0.07403	0.57953	0.15619	0.02405	0.01240	0.01734	0.01576	0.01086	0.01566	0.00919	0.01134	0.00670	0.00493	0.00486	0.00161	0.00731	0.00390	0.00225	0.03152
22	0.29472	0.03082	0.06268	0.02249	0.01468	0.01410	0.00905	0.41304	0.01756	0.05829	0.01073	0.01121	0.00773	0.00565	0.00450	0.00158	0.00526	0.00400	0.00430	0.00763
23	0.00751	0.00510	0.00606	0.00610	0.00623	0.00522	0.00367	0.00780	0.00776	0.01047	0.01649	0.05855	0.01866	0.68490	0.12981	0.00540	0.00618	0.00755	0.00316	0.00339
24	0.01240	0.02388	0.01901	0.13995	0.05899	0.13344	0.19345	0.01507	0.02098	0.01400	0.00923	0.01301	0.00779	0.00895	0.07431	0.00237	0.23963	0.00485	0.00253	0.00617
25	0.07805	0.05617	0.04482	0.01206	0.07043	0.12506	0.00938	0.13605	0.06829	0.32559	0.01469	0.01407	0.01016	0.00589	0.00490	0.00155	0.00562	0.00453	0.00473	0.00798
26	0.00633	0.00460	0.00598	0.00708	0.00751	0.00424	0.00476	0.00727	0.01013	0.01336	0.03078	0.74763	0.09906	0.01605	0.00660	0.00208	0.00299	0.01448	0.00483	0.00424
27	0.01362	0.76845	0.05652	0.00913	0.01362	0.01992	0.00925	0.01547	0.01054	0.01241	0.00749	0.00877	0.00684	0.00536	0.02362	0.00132	0.00587	0.00290	0.00224	0.00667
28	0.01147	0.01081	0.01820	0.26916	0.48511	0.01150	0.01463	0.01459	0.01151	0.01588	0.03720	0.01632	0.02742	0.00551	0.00529	0.00164	0.00617	0.02768	0.00272	0.00718
29	0.04452	0.11120	0.14131	0.01672	0.06574	0.01273	0.33870	0.01648	0.01166	0.07064	0.01063	0.02657	0.00827	0.00490	0.00539	0.00156	0.02136	0.00496	0.00288	0.08375
30	0.05217	0.02338	0.02776	0.02171	0.03113	0.02596	0.02612	0.35305	0.06488	0.16718	0.01535	0.08825	0.01220	0.00825	0.03231	0.00189	0.03001	0.00572	0.00486	0.00782
31	0.00634	0.00453	0.00604	0.00725	0.00755	0.00423	0.00483	0.00725	0.00997	0.01329	0.02870	0.81358	0.03444	0.01632	0.00665	0.00211	0.00302	0.01480	0.00483	0.00423
32	0.00651	0.00468	0.00622	0.00739	0.00781	0.00438	0.00511	0.00756	0.01020	0.01351	0.02931	0.72728	0.05601	0.01606	0.00668	0.00213	0.00316	0.07689	0.00483	0.00428
33	0.01269	0.01291	0.03388	0.17124	0.56303	0.06242	0.03698	0.01583	0.01178	0.01604	0.00960	0.01285	0.00787	0.00479	0.00516	0.00158	0.00663	0.00458	0.00253	0.00761
34	0.01764	0.01443	0.18694	0.01447	0.12877	0.03981	0.02865	0.05976	0.04206	0.37150	0.01556	0.01589	0.01077	0.00596	0.00521	0.00163	0.00576	0.02239	0.00456	0.00825
35	0.01057	0.02613	0.74988	0.01462	0.02208	0.01214	0.01867	0.01707	0.05038	0.01676	0.00996	0.01143	0.00708	0.00506	0.00497	0.00166	0.00751	0.00395	0.00236	0.00772
36	0.02190	0.00895	0.01192	0.00939	0.01322	0.00805	0.00773	0.02503	0.08020	0.69301	0.02087	0.01942	0.01379	0.00680	0.00532	0.00165	0.00442	0.03338	0.00628	0.00866
37	0.04585	0.05434	0.02939	0.05343	0.52314	0.06300	0.02538	0.01694	0.01211	0.09058	0.01093	0.01392	0.00889	0.00513	0.00503	0.00155	0.00616	0.02344	0.00301	0.00778
38	0.01286	0.01246	0.02163	0.03145	0.74546	0.01241	0.05462	0.01602	0.01188	0.01700	0.00983	0.01295	0.00823	0.00463	0.00521	0.00156	0.00632	0.00472	0.00258	0.00819
39	0.00625	0.00528	0.00541	0.00538	0.00709	0.00444	0.00403	0.00766	0.01209	0.01460	0.10985	0.04924	0.72496	0.01299	0.00615	0.00175	0.00262	0.01087	0.00491	0.00444
40	0.00832	0.00454	0.00657	0.00688	0.00695	0.00446	0.00457	0.00692	0.00762	0.01016	0.01424	0.22013	0.01577	0.03653	0.01700	0.61224	0.00415	0.00722	0.00294	0.00279
41	0.01270	0.39971	0.26804	0.01178	0.01648	0.05662	0.01265	0.01566	0.01052	0.01367	0.00789	0.00973	0.00668	0.00539	0.00608	0.00148	0.13242	0.00343	0.00225	0.00682
42	0.01382	0.79684	0.04967	0.00908	0.01364	0.02036	0.00921	0.01562	0.01059	0.01238	0.00730	0.00843	0.00668	0.00447	0.00339	0.00113	0.00563	0.00282	0.00223	0.00671
43	0.00615	0.00528	0.00528	0.00528	0.00703	0.00440	0.00396	0.00747	0.01187	0.01407	0.05276	0.05012	0.78238	0.01319	0.00615	0.00176	0.00264	0.01099	0.00484	0.00440
44	0.01011	0.00881	0.01333	0.04434	0.06780	0.01017	0.08478	0.02770	0.01057	0.01540	0.05138	0.06187	0.05511	0.02321	0.06743	0.00243	0.24083	0.08195	0.11722	0.00558
45	0.01847	0.01455	0.01483	0.01178	0.01558	0.06900	0.00958	0.59464	0.12035	0.02931	0.01337	0.01345	0.00976	0.00740	0.03188	0.00180	0.00605	0.00478	0.00497	0.00844
46	0.85377	0.01007	0.00765	0.00685	0.01007	0.01168	0.00564	0.01531	0.00886	0.02336	0.00725	0.00846	0.00564	0.00483	0.00322	0.00161	0.00403	0.00282	0.00322	0.00564
47	0.01228	0.01259	0.05000	0.20827	0.56016	0.03488	0.01559	0.01553	0.01158	0.01602	0.00960	0.01294	0.00784	0.00480	0.00515	0.00159	0.00651	0.00457	0.00251	0.00760
48	0.01577	0.00720	0.00952	0.00787	0.01064	0.00632	0.00628	0.01787	0.01453	0.42916	0.30038	0.02878	0.10585	0.00867	0.00566	0.00164	0.00353	0.00735	0.00602	0.00697
49	0.00944	0.05353	0.50065	0.01197	0.01728	0.01001	0.01409	0.01391	0.01154	0.01669	0.15758	0.12797	0.01850	0.00758	0.00534	0.00169	0.00597	0.00638	0.00323	0.00665
50	0.03670	0.02505	0.69731	0.01526	0.05203	0.01198	0.03376	0.01670	0.01111	0.03937	0.00965	0.01125	0.00684	0.00496	0.00494	0.00165	0.00745	0.00394	0.00238	0.00768
51	0.01424	0.66393	0.10058	0.00981	0.01445	0.07282	0.00996	0.01633	0.01104	0.03546	0.00789	0.00896	0.00686	0.00462	0.00365	0.00120	0.00601	0.00300	0.00238	0.00680
52	0.03759	0.01095	0.01159	0.00913	0.01268	0.02571	0.00735	0.31985	0.06479	0.02430	0.01284	0.01371	0.00977	0.00554	0.00445	0.00128	0.00445	0.00427	0.17685	0.24289
53	0.04495	0.01331	0.01392	0.01095	0.01486	0.09219	0.00893	0.37938	0.03630	0.30884	0.01506	0.01415	0.01019	0.00621	0.00511	0.00156	0.00554	0.00473	0.00535	0.00847
54	0.00753	0.00523	0.00681	0.00692	0.00786	0.00489	0.00495	0.02049	0.01282	0.03469	0.44085	0.32971	0.04106	0.04306	0.00707	0.00194	0.00286	0.01121	0.00530	0.00474
55	0.00634	0.00453	0.00604	0.00725	0.00755	0.00423	0.00483	0.00725	0.00997	0.01329	0.02870	0.81358	0.03444	0.01632	0.00665	0.00211	0.00302	0.01480	0.00483	0.00423
56	0.02981	0.01131	0.01176	0.01008	0.01275	0.06136	0.00785	0.40326	0.01791	0.03738	0.01786	0.28614	0.01756	0.00957	0.00557	0.00172	0.00488	0.00801	0.02529	0.01992
57	0.01012	0.00941	0.01562	0.78163	0.03530	0.01170	0.01433	0.03503	0.01082	0.01387	0.00935	0.01384	0.00700	0.00524	0.00521	0.00173	0.00691	0.00463	0.00240	0.00587
58	0.00757	0.00506	0.00571	0.00570	0.00573	0.00505	0.00320	0.00763	0.00776	0.01037	0.03591	0.03420	0.01970	0.79643	0.02599	0.00496	0.00498	0.00762	0.00322	0.00320
59	0.00648	0.00461	0.00602	0.00705	0.00737	0.00433	0.00466	0.00735	0.00989	0.01319	0.04627	0.70547	0.04748	0.09298	0.00853	0.00238	0.00319	0.01391	0.00469	0.00415
60	0.00745	0.00517	0.00673	0.00678	0.00783	0.00475	0.00492	0.00934	0.01309	0.04035	0.48369	0.28233	0.08307	0.01244	0.00628	0.00179	0.00270	0.01107	0.00542	0.00479
61	0.00660	0.00558	0.00574	0.00565	0.00743	0.00488	0.00425	0.00869	0.05148	0.01498	0.10641	0.04768	0.68722	0.01268	0.00611	0.00175	0.00270	0.01061	0.00493	0.00463
62	0.01915	0.01396	0.01494	0.01153	0.01550	0.01543	0.00950	0.71880	0.02362	0.03196	0.01279	0.01295	0.00914	0.00624	0.00511	0.00154	0.00552	0.00470	0.05903	0.00860
63	0.00754	0.00516	0.00625	0.00625	0.00645	0.00536	0.00386	0.00794	0.00774	0.01052	0.01589	0.03120	0.01768	0.65248	0.18930	0.00575	0.00693	0.00715	0.00308	0.00347
64	0.02336	0.00886	0.01209	0.00927	0.01329	0.00765	0.00765	0.02538	0.01491	0.78810	0.02055	0.01773	0.01289	0.00645	0.00524	0.00161	0.00443	0.00524	0.00645	0.00886
65	0.01392	0.82012	0.02729	0.00891	0.01337	0.02061	0.00891	0.01559	0.01058	0.01225	0.00724	0.00835	0.00668	0.00446	0.00334	0.00111	0.00557	0.00278	0.00223	0.00668
66	0.00634	0.00453	0.00604	0.00725	0.00755	0.00423	0.00483	0.00725	0.00997	0.01329	0.02870	0.81358	0.03444	0.01632	0.00665	0.00211	0.00302	0.01480	0.00483	0.00423
67	0.01289	0.01237	0.02114	0.03196	0.78450	0.01237	0.01598	0.01598	0.01186	0.01701	0.00980	0.01289	0.00825	0.00464	0.00516	0.00155	0.00619	0.00464	0.00258	0.00825
68	0.01418	0.01593	0.06866	0.05559	0.52506	0.18226	0.01472	0.03246	0.01264	0.01624	0.00942	0.01204	0.00777	0.00487	0.00505	0.00152	0.00700	0.00431	0.00262	0.00765
69	0.00901	0.00453	0.00676	0.00676	0.00676	0.00453	0.00449	0.00680	0.00680	0.00907	0.00920	0.01622	0.00926	0.03507	0.02048	0.83056	0.00453	0.00459	0.00228	0.00228
70	0.03950	0.01379	0.01548	0.13785	0.17228	0.12040	0.01128	0.24890	0.12002	0.02155	0.01269	0.01399	0.02305	0.00584	0.00507	0.00158	0.00613	0.00471	0.01831	0.00755
71	0.00743	0.00509	0.00576	0.00572	0.00599	0.00498	0.00339	0.00777	0.00861	0.01144	0.08968	0.03593	0.08903	0.67227	0.02285	0.00445	0.00460	0.00804	0.00354	0.00343
72	0.01041	0.00983	0.01354	0.07974	0.06353	0.03710	0.01015	0.01278	0.04837	0.01327	0.01072	0.04027	0.01003	0.01698	0.23459	0.00385	0.37126	0.00522	0.00270	0.00567
73	0.00766	0.00590	0.00879	0.00866	0.00954	0.00703	0.00678	0.00948	0.00835	0.01211	0.01355	0.01995	0.01268	0.03739	0.75299	0.00803	0.05809	0.00552	0.00276	0.00471
74	0.01149	0.00868	0.00915	0.04934	0.01054	0.12154	0.00634	0.08065	0.01006	0.01251	0.01044	0.05576	0.00999	0.01407	0.01475	0.53742	0.00534	0.00491	0.02322	0.00378
75	0.00749	0.00510	0.00600	0.00594	0.00624	0.00499	0.00363	0.00810	0.00935	0.01276	0.19836	0.06015	0.02659	0.60009	0.02104	0.00415	0.00437	0.00824	0.00382	0.00361
76	0.02314	0.00923	0.01231	0.00944	0.01348	0.00820	0.00780	0.07287	0.01552	0.73975	0.02003	0.01739	0.01263	0.00643	0.00524	0.00161	0.00451	0.00520	0.00637	0.00886
77	0.00757	0.00506	0.00573	0.00571	0.00576	0.00504	0.00322	0.00766	0.00786	0.01052	0.04658	0.03427	0.02012	0.78519	0.02570	0.00491	0.00495	0.00765	0.00326	0.00322
78	0.01080	0.00926	0.01080	0.00771	0.01234	0.00694	0.00617	0.01311	0.01080	0.01697	0.00926	0.01080	0.00771	0.00386	0.00386	0.00077	0.00386	0.00309	0.00309	0.84882
79	0.10813	0.00995	0.01217	0.00945	0.01337	0.00955	0.00780	0.15738	0.01600	0.55923	0.03181	0.01622	0.01209	0.00632	0.00504	0.00160	0.00459	0.00497	0.00588	0.00846
80	0.00646	0.00463	0.00612	0.00724	0.00764	0.00433	0.00492	0.00745	0.01017	0.01352	0.04521	0.73327	0.05718	0.02840	0.00695	0.00215	0.00310	0.04219	0.00483	0.00425
81	0.00880	0.03726	0.01005	0.04909	0.01120	0.00685	0.05460	0.02910	0.02615	0.03889	0.51361	0.04594	0.09189	0.00991	0.00599	0.00168	0.00350	0.04504	0.00510	0.00535
82	0.00678	0.00476	0.00610	0.00697	0.00727	0.00454	0.00461	0.00759	0.00964	0.01288	0.04974	0.56040	0.03091	0.21068	0.01149	0.00283	0.00359	0.05074	0.00445	0.00402
83	0.04184	0.48664	0.03923	0.01168	0.06923	0.15440	0.00975	0.05606	0.06102	0.01480	0.00878	0.00984	0.00747	0.00491	0.00396	0.00128	0.00619	0.00334	0.00271	0.00688
84	0.01251	0.01052	0.01294	0.00939	0.01398	0.00900	0.05546	0.14887	0.01335	0.01980	0.00992	0.01131	0.00793	0.00432	0.00425	0.00098	0.00451	0.00357	0.00344	0.64395

[dist]
# distance from previous block
# <min> <max>
0	2

[block]
# block no. 3 follows, 47 sequences, length 45
# corresponding to MSA columns:
# 250-294
name=unknown_D
#
# <colnr> <probs for GDERKNQSTAVLIFYWHMCP>
#	G	D	E	R	K	N	Q	S	T	A	V	L	I	F	Y	W	H	M	C	P
0	0.01305	0.01135	0.03127	0.01199	0.06587	0.01235	0.00896	0.07979	0.57011	0.03294	0.04349	0.04245	0.01656	0.00737	0.00539	0.00176	0.00441	0.02790	0.00503	0.00797
1	0.00830	0.00556	0.00737	0.00765	0.00844	0.00549	0.00550	0.00960	0.01110	0.07595	0.16367	0.48829	0.05487	0.04402	0.00790	0.00211	0.05775	0.02674	0.00489	0.00480
2	0.00938	0.00627	0.00775	0.00742	0.00897	0.00604	0.00552	0.03351	0.08746	0.09134	0.33799	0.24694	0.10782	0.01157	0.00609	0.00179	0.00307	0.01017	0.00541	0.00549
3	0.04485	0.18860	0.08248	0.01195	0.03697	0.22390	0.01025	0.17563	0.02701	0.07941	0.01147	0.01420	0.00937	0.00601	0.00472	0.00148	0.00661	0.05442	0.00357	0.00713
4	0.00668	0.00465	0.00587	0.00681	0.00727	0.00435	0.00456	0.00768	0.01002	0.01362	0.02873	0.64087	0.08744	0.06964	0.00772	0.00222	0.00308	0.01324	0.07134	0.00422
5	0.01234	0.01255	0.02323	0.08259	0.35719	0.01289	0.27873	0.02950	0.01176	0.01645	0.01013	0.01413	0.00834	0.00526	0.00673	0.00172	0.08637	0.02011	0.00264	0.00733
6	0.01255	0.00927	0.01089	0.00816	0.01227	0.00766	0.00651	0.08813	0.01262	0.09390	0.03426	0.05510	0.01109	0.00526	0.00433	0.00104	0.00398	0.00430	0.02499	0.59369
7	0.02336	0.00886	0.01209	0.00927	0.01329	0.00765	0.00765	0.02538	0.01491	0.78810	0.02055	0.01773	0.01289	0.00645	0.00524	0.00161	0.00443	0.00524	0.00645	0.00886
8	0.01838	0.01339	0.01513	0.09908	0.01789	0.01485	0.01012	0.62445	0.02200	0.06319	0.01307	0.04129	0.00973	0.00650	0.00526	0.00160	0.00571	0.00506	0.00493	0.00835
9	0.01186	0.13479	0.19752	0.01855	0.10188	0.01354	0.35339	0.01583	0.01149	0.01576	0.01056	0.05350	0.00881	0.00527	0.00563	0.00165	0.02493	0.00539	0.00258	0.00708
10	0.00851	0.00513	0.00683	0.00669	0.00750	0.00518	0.00484	0.00945	0.01018	0.03070	0.21304	0.04492	0.02248	0.08139	0.17176	0.20818	0.00555	0.00658	0.14694	0.00413
11	0.00721	0.00490	0.00579	0.00614	0.00623	0.00481	0.00365	0.00748	0.00827	0.01103	0.02001	0.26227	0.02347	0.58259	0.02069	0.00419	0.00446	0.00969	0.00365	0.00347
12	0.01739	0.01467	0.01434	0.01213	0.03622	0.11542	0.00946	0.44244	0.20437	0.02642	0.01548	0.01521	0.03939	0.00655	0.00520	0.00159	0.00571	0.00504	0.00482	0.00816
13	0.01319	0.01037	0.01456	0.01378	0.11491	0.03251	0.10926	0.16321	0.02857	0.09254	0.06525	0.20619	0.02986	0.00839	0.00563	0.00167	0.00510	0.00759	0.00434	0.07308
14	0.03770	0.08650	0.56712	0.01487	0.04365	0.01254	0.08305	0.01670	0.01128	0.05278	0.02144	0.01177	0.00768	0.00500	0.00491	0.00161	0.00723	0.00411	0.00254	0.00752
15	0.01045	0.02694	0.79000	0.01484	0.02254	0.01209	0.01924	0.01649	0.01099	0.01649	0.00935	0.01099	0.00660	0.00495	0.00495	0.00165	0.00770	0.00385	0.00220	0.00770
16	0.06209	0.00910	0.01139	0.00904	0.01269	0.00850	0.00738	0.07355	0.07358	0.55594	0.04397	0.02022	0.07449	0.00706	0.00524	0.00163	0.00428	0.00571	0.00596	0.00818
17	0.01296	0.05391	0.42671	0.01485	0.09129	0.01129	0.04858	0.01784	0.04857	0.14809	0.01315	0.06725	0.01023	0.00600	0.00513	0.00165	0.00646	0.00506	0.00331	0.00766
18	0.08496	0.01369	0.01481	0.06527	0.01681	0.01528	0.00975	0.64230	0.02198	0.03032	0.01194	0.01268	0.00866	0.02111	0.00545	0.00164	0.00567	0.00459	0.00482	0.00829
19	0.00675	0.00487	0.00639	0.00692	0.00763	0.00451	0.00484	0.00829	0.01193	0.01635	0.33039	0.48358	0.06020	0.01397	0.00643	0.00191	0.00279	0.01255	0.00519	0.00451
20	0.01660	0.01208	0.01357	0.01138	0.03641	0.01316	0.00891	0.51303	0.06457	0.05645	0.06705	0.08994	0.01473	0.00919	0.04635	0.00198	0.00555	0.00609	0.00506	0.00789
21	0.01795	0.01167	0.07342	0.03846	0.07254	0.03154	0.00968	0.10457	0.11658	0.37522	0.02905	0.01891	0.03506	0.00674	0.00531	0.00166	0.00507	0.03328	0.00518	0.00813
22	0.02257	0.00928	0.01226	0.00943	0.01339	0.00835	0.00778	0.09297	0.01578	0.69623	0.04221	0.01787	0.01359	0.00655	0.00526	0.00161	0.00449	0.00531	0.00631	0.00875
23	0.00879	0.00479	0.00518	0.00546	0.00638	0.00472	0.00388	0.01070	0.01047	0.01737	0.01964	0.20267	0.01857	0.06373	0.00589	0.00168	0.00274	0.00732	0.59539	0.00459
24	0.03779	0.01982	0.01571	0.01454	0.06582	0.48856	0.07093	0.03850	0.16649	0.01587	0.01107	0.01205	0.00876	0.00559	0.00494	0.00148	0.00787	0.00419	0.00327	0.00676
25	0.01236	0.12204	0.54938	0.01485	0.07030	0.01275	0.03505	0.01724	0.01142	0.09268	0.01026	0.01154	0.00737	0.00500	0.00482	0.00158	0.00704	0.00396	0.00266	0.00771
26	0.00907	0.00467	0.00706	0.03188	0.00770	0.00474	0.00484	0.00699	0.00690	0.00918	0.00905	0.01577	0.00898	0.01769	0.01988	0.82184	0.00460	0.00453	0.00226	0.00237
27	0.00983	0.00926	0.01562	0.80447	0.03587	0.01157	0.01446	0.01331	0.01041	0.01331	0.00926	0.01388	0.00694	0.00521	0.00521	0.00174	0.00694	0.00463	0.00231	0.00579
28	0.04940	0.05337	0.01483	0.03279	0.05825	0.27069	0.00966	0.19389	0.09186	0.14294	0.01275	0.01345	0.00953	0.00595	0.00492	0.00152	0.00654	0.01605	0.00415	0.00747
29	0.01767	0.01312	0.01460	0.01226	0.04739	0.01436	0.00961	0.62597	0.02196	0.02945	0.01467	0.08916	0.01229	0.00754	0.00544	0.00166	0.00545	0.04416	0.00504	0.00819
30	0.01680	0.06480	0.01513	0.01191	0.05102	0.10302	0.00924	0.40632	0.07457	0.02476	0.01253	0.01299	0.02323	0.00579	0.00483	0.00140	0.00565	0.00439	0.01987	0.13174
31	0.01061	0.01134	0.15197	0.00976	0.01255	0.00887	0.00877	0.19387	0.03659	0.01941	0.07344	0.36753	0.05176	0.01102	0.00590	0.00184	0.00451	0.00957	0.00452	0.00616
32	0.07941	0.01093	0.01134	0.01027	0.01318	0.01263	0.00804	0.02616	0.69038	0.02171	0.02029	0.01980	0.01553	0.00712	0.00519	0.00177	0.00414	0.02904	0.00512	0.00793
33	0.01944	0.01013	0.01225	0.00995	0.01360	0.01018	0.00804	0.08432	0.28197	0.46045	0.02014	0.01791	0.01363	0.00665	0.00526	0.00166	0.00442	0.00542	0.00595	0.00864
34	0.09782	0.43688	0.01867	0.00833	0.01189	0.01495	0.00760	0.07466	0.01248	0.07152	0.12882	0.01482	0.01419	0.00584	0.00406	0.00132	0.00465	0.00428	0.06069	0.00651
35	0.00699	0.00516	0.00653	0.00650	0.00762	0.00470	0.00476	0.00897	0.01338	0.01838	0.52510	0.19279	0.15557	0.01214	0.00624	0.00175	0.00259	0.01071	0.00542	0.00470
36	0.01166	0.00975	0.01117	0.00832	0.01264	0.00818	0.00664	0.08367	0.07258	0.01870	0.01111	0.03657	0.00930	0.00472	0.00418	0.00096	0.00402	0.00382	0.00351	0.67849
37	0.00853	0.00583	0.00661	0.00632	0.00670	0.00601	0.00387	0.06783	0.00896	0.01200	0.01597	0.03163	0.01782	0.71077	0.06637	0.00495	0.00558	0.00724	0.00330	0.00369
38	0.00757	0.00505	0.00568	0.00568	0.00568	0.00505	0.00316	0.00757	0.00757	0.01010	0.01641	0.03408	0.01893	0.81698	0.02651	0.00505	0.00505	0.00757	0.00316	0.00316
39	0.00646	0.00458	0.00601	0.00711	0.00738	0.00430	0.00468	0.00728	0.00975	0.01300	0.02758	0.74215	0.03302	0.08969	0.00847	0.00238	0.00321	0.01414	0.00468	0.00413
40	0.00709	0.00524	0.00662	0.00642	0.00764	0.00477	0.00476	0.00923	0.01387	0.01915	0.60116	0.11099	0.16065	0.01155	0.00619	0.00170	0.00254	0.01015	0.00551	0.00477
41	0.03657	0.05289	0.01375	0.01074	0.01374	0.09683	0.02067	0.31592	0.13945	0.02305	0.02947	0.01669	0.05183	0.03729	0.00661	0.00172	0.05983	0.00515	0.06058	0.00723
42	0.00643	0.00534	0.00560	0.00563	0.00723	0.00461	0.00416	0.00805	0.02720	0.01463	0.10765	0.10012	0.64227	0.02960	0.00659	0.00184	0.00273	0.01095	0.00488	0.00448
43	0.09761	0.14968	0.01577	0.01038	0.01430	0.01482	0.00876	0.35195	0.13467	0.13092	0.01355	0.01320	0.00982	0.00596	0.00472	0.00153	0.00511	0.00445	0.00470	0.00809
44	0.01675	0.01260	0.01394	0.01075	0.01467	0.02991	0.03008	0.47764	0.03174	0.04856	0.01286	0.03574	0.00982	0.00601	0.00490	0.00141	0.00517	0.00473	0.06178	0.17094

[dist]
# distance from previous block
# <min> <max>
0	2

[block]
# block no. 4 follows, 47 sequences, length 16
# corresponding to MSA columns:
# 297-312
name=unknown_E
#
# <colnr> <probs for GDERKNQSTAVLIFYWHMCP>
#	G	D	E	R	K	N	Q	S	T	A	V	L	I	F	Y	W	H	M	C	P
0	0.11716	0.05349	0.01509	0.01110	0.01516	0.01542	0.00924	0.60522	0.02150	0.06835	0.01203	0.01209	0.00857	0.00601	0.00489	0.00155	0.00546	0.00440	0.00489	0.00837
1	0.05494	0.01077	0.01429	0.07431	0.04661	0.01241	0.05547	0.20319	0.03576	0.06125	0.06022	0.01686	0.04823	0.00894	0.04970	0.00212	0.19293	0.00535	0.03991	0.00672
2	0.01613	0.00764	0.00984	0.00807	0.01097	0.00685	0.00646	0.05748	0.01494	0.41754	0.24618	0.02811	0.12999	0.00859	0.00563	0.00164	0.00368	0.00722	0.00595	0.00709
3	0.01466	0.01192	0.01366	0.04120	0.10487	0.03072	0.00961	0.13477	0.48258	0.07101	0.01782	0.01711	0.01325	0.00652	0.00525	0.00169	0.00484	0.00542	0.00488	0.00824
4	0.00810	0.00628	0.00704	0.00666	0.00837	0.00589	0.00502	0.09687	0.01387	0.01799	0.24035	0.14155	0.39860	0.01210	0.00610	0.00175	0.00300	0.01033	0.00512	0.00503
5	0.01043	0.01013	0.01795	0.63410	0.11132	0.01184	0.10241	0.01397	0.01078	0.01408	0.00946	0.01380	0.00719	0.00505	0.00531	0.00172	0.00708	0.00481	0.00238	0.00618
6	0.01236	0.01173	0.01576	0.01272	0.01484	0.04478	0.08969	0.10130	0.01134	0.01631	0.00980	0.06149	0.00908	0.00750	0.01068	0.00178	0.38210	0.00503	0.00300	0.17871
7	0.00633	0.00458	0.00599	0.00712	0.00752	0.00424	0.00478	0.00727	0.01009	0.01334	0.03024	0.76472	0.08231	0.01612	0.00662	0.00209	0.00300	0.01456	0.00483	0.00424
8	0.01293	0.01242	0.01836	0.14247	0.50069	0.06516	0.01405	0.05324	0.05287	0.01741	0.05161	0.01452	0.01057	0.00530	0.00519	0.00158	0.00619	0.00487	0.00299	0.00758
9	0.01287	0.51414	0.29620	0.01115	0.01669	0.04286	0.01260	0.01608	0.01086	0.01377	0.00801	0.00932	0.00665	0.00466	0.00395	0.00131	0.00644	0.00318	0.00223	0.00702
10	0.00856	0.00463	0.00669	0.00681	0.00689	0.00465	0.00453	0.00704	0.00726	0.00973	0.01195	0.09776	0.01271	0.09230	0.06047	0.64193	0.00492	0.00589	0.00263	0.00267
11	0.01113	0.06523	0.53712	0.01710	0.14154	0.01304	0.01726	0.01590	0.01076	0.01589	0.00901	0.01120	0.00689	0.00536	0.00631	0.00168	0.10082	0.00400	0.00227	0.00750
12	0.01816	0.07725	0.01360	0.01070	0.05123	0.01068	0.00829	0.05927	0.22390	0.39724	0.05990	0.01807	0.01474	0.00658	0.00514	0.00161	0.00448	0.00538	0.00549	0.00827
13	0.01123	0.00554	0.00605	0.00568	0.00721	0.00548	0.00431	0.01385	0.03430	0.10866	0.01742	0.01998	0.01364	0.04751	0.02762	0.00167	0.00317	0.00509	0.65626	0.00533
14	0.01198	0.01362	0.04309	0.10226	0.05025	0.01310	0.61330	0.01610	0.01184	0.01613	0.01017	0.01380	0.00773	0.00473	0.00654	0.00177	0.04830	0.00582	0.00257	0.00688
15	0.30561	0.07244	0.02600	0.07534	0.05802	0.09682	0.12400	0.10906	0.02579	0.02007	0.02112	0.01132	0.00771	0.00520	0.00471	0.00158	0.02138	0.00405	0.00319	0.00658

[dist]
# distance from previous block
# <min> <max>
0	2

[block]
# block no. 5 follows, 47 sequences, length 14
# corresponding to MSA columns:
# 315-328
name=unknown_F
#
# <colnr> <probs for GDERKNQSTAVLIFYWHMCP>
#	G	D	E	R	K	N	Q	S	T	A	V	L	I	F	Y	W	H	M	C	P
0	0.42791	0.03787	0.01069	0.00882	0.01165	0.07252	0.00719	0.11910	0.01183	0.04871	0.03430	0.01214	0.00890	0.01001	0.10777	0.00249	0.05459	0.00388	0.00351	0.00612
1	0.08268	0.03902	0.04639	0.01764	0.07452	0.05770	0.39604	0.01548	0.01124	0.01619	0.01041	0.02893	0.00872	0.04343	0.00765	0.00188	0.09268	0.00543	0.03750	0.00648
2	0.01269	0.01234	0.02156	0.06951	0.69252	0.01239	0.07024	0.01590	0.01182	0.01681	0.00982	0.01302	0.00816	0.00465	0.00523	0.00157	0.00641	0.00475	0.00257	0.00804
3	0.00649	0.00492	0.00600	0.00662	0.00753	0.00443	0.00469	0.00778	0.01126	0.01462	0.13655	0.44926	0.26776	0.01453	0.00645	0.00195	0.00289	0.03694	0.00495	0.00439
4	0.00648	0.00462	0.00611	0.00713	0.00750	0.00432	0.00478	0.00748	0.01028	0.01381	0.09130	0.71878	0.03508	0.04658	0.00737	0.00219	0.00305	0.01408	0.00484	0.00425
5	0.00740	0.00502	0.00590	0.00606	0.00616	0.00504	0.00359	0.00764	0.00794	0.01064	0.01786	0.13504	0.02058	0.66224	0.07353	0.00488	0.00536	0.00839	0.00335	0.00339
6	0.74673	0.01011	0.00819	0.00727	0.01050	0.01161	0.00595	0.01679	0.07330	0.05696	0.00901	0.00979	0.00682	0.00509	0.00349	0.00162	0.00405	0.00318	0.00354	0.00600
7	0.00757	0.00505	0.00568	0.00568	0.00568	0.00505	0.00316	0.00757	0.00757	0.01010	0.01641	0.03408	0.01893	0.81698	0.02651	0.00505	0.00505	0.00757	0.00316	0.00316
8	0.00744	0.00558	0.00837	0.00837	0.00930	0.00651	0.00651	0.00930	0.00837	0.01209	0.01395	0.02046	0.01302	0.03906	0.79635	0.00837	0.01395	0.00558	0.00279	0.00465
9	0.01392	0.82012	0.02729	0.00891	0.01337	0.02061	0.00891	0.01559	0.01058	0.01225	0.00724	0.00835	0.00668	0.00446	0.00334	0.00111	0.00557	0.00278	0.00223	0.00668
10	0.01094	0.00976	0.01200	0.00911	0.01265	0.00905	0.00739	0.01298	0.01014	0.01593	0.00869	0.01094	0.00751	0.00508	0.00695	0.00112	0.19154	0.00343	0.00290	0.65191
11	0.20912	0.00828	0.00795	0.00694	0.00929	0.00901	0.00553	0.18401	0.01351	0.02338	0.01370	0.01529	0.01053	0.00582	0.00390	0.00139	0.00355	0.00434	0.45853	0.00594
12	0.01284	0.01329	0.01412	0.04445	0.01403	0.18311	0.01014	0.01430	0.00996	0.01358	0.00862	0.01219	0.00773	0.00772	0.01203	0.00190	0.48901	0.00434	0.12098	0.00566
13	0.00727	0.00578	0.00830	0.13951	0.01265	0.00624	0.00687	0.00861	0.00991	0.01324	0.02400	0.62672	0.02802	0.01399	0.00712	0.00206	0.05845	0.01242	0.00424	0.00459

[dist]
# distance from previous block
# <min> <max>
0	1

[block]
# block no. 6 follows, 47 sequences, length 32
# corresponding to MSA columns:
# 330-361
name=unknown_G
#
# <colnr> <probs for GDERKNQSTAVLIFYWHMCP>
#	G	D	E	R	K	N	Q	S	T	A	V	L	I	F	Y	W	H	M	C	P
0	0.05464	0.14962	0.01728	0.01326	0.06835	0.26086	0.03319	0.14294	0.08348	0.05326	0.01049	0.01152	0.00828	0.00574	0.00556	0.00150	0.06550	0.00404	0.00342	0.00708
1	0.01650	0.04435	0.01323	0.01163	0.01385	0.56068	0.00880	0.01794	0.01316	0.01333	0.00976	0.01243	0.00844	0.04445	0.05700	0.00198	0.04315	0.00390	0.09974	0.00569
2	0.01080	0.00926	0.01080	0.00771	0.01234	0.00694	0.00617	0.01311	0.01080	0.01697	0.00926	0.01080	0.00771	0.00386	0.00386	0.00077	0.00386	0.00309	0.00309	0.84882
3	0.85377	0.01007	0.00765	0.00685	0.01007	0.01168	0.00564	0.01531	0.00886	0.02336	0.00725	0.00846	0.00564	0.00483	0.00322	0.00161	0.00403	0.00282	0.00322	0.00564
4	0.00905	0.00452	0.00678	0.00678	0.00678	0.00452	0.00452	0.00678	0.00678	0.00905	0.00905	0.01583	0.00905	0.01809	0.02035	0.84848	0.00452	0.00452	0.00226	0.00226
5	0.01268	0.00899	0.01082	0.00791	0.01227	0.00696	0.00635	0.01495	0.01167	0.14334	0.05017	0.01335	0.01066	0.00462	0.00420	0.00095	0.00388	0.00376	0.00377	0.66871
6	0.00639	0.00467	0.00602	0.00698	0.00751	0.00429	0.00474	0.00745	0.01051	0.01389	0.08147	0.67427	0.12152	0.01558	0.00656	0.00204	0.00294	0.01401	0.00489	0.00429
7	0.00983	0.00926	0.01562	0.80447	0.03587	0.01157	0.01446	0.01331	0.01041	0.01331	0.00926	0.01388	0.00694	0.00521	0.00521	0.00174	0.00694	0.00463	0.00231	0.00579
8	0.01945	0.02482	0.01476	0.01342	0.01610	0.79608	0.01006	0.02079	0.01476	0.01275	0.00805	0.00939	0.00671	0.00537	0.00470	0.00134	0.00939	0.00335	0.00268	0.00604
9	0.00732	0.00523	0.00705	0.00724	0.00774	0.00563	0.00505	0.00836	0.00834	0.01157	0.01714	0.14995	0.01849	0.31257	0.39804	0.00620	0.00906	0.00774	0.00324	0.00405
10	0.00636	0.00471	0.00595	0.00685	0.00747	0.00430	0.00468	0.00742	0.01056	0.01382	0.07122	0.63384	0.17289	0.01545	0.00653	0.00203	0.00292	0.01383	0.00488	0.00430
11	0.01965	0.00867	0.01132	0.00905	0.01249	0.00799	0.00733	0.04099	0.09807	0.56432	0.12015	0.02052	0.01778	0.00737	0.00577	0.02433	0.00417	0.00583	0.00608	0.00810
