[name]
unknown

[dist]
# distance from previous block
# <min> <max>
7	86

[block]
# block no. 0 follows, 42 sequences, length 22
# corresponding to MSA columns:
# 104-125
name=unknown_A
#
# <colnr> <probs for GDERKNQSTAVLIFYWHMCP>
#	G	D	E	R	K	N	Q	S	T	A	V	L	I	F	Y	W	H	M	C	P
0	0.01737	0.01186	0.01432	0.03760	0.01605	0.01194	0.03531	0.27205	0.09983	0.16304	0.01690	0.08841	0.01345	0.00729	0.00554	0.00162	0.00523	0.00605	0.00519	0.17095
1	0.01952	0.14021	0.01815	0.01228	0.01652	0.08050	0.01024	0.46006	0.11745	0.04938	0.01368	0.01366	0.01012	0.00649	0.00528	0.00162	0.00623	0.00481	0.00495	0.00886
2	0.00755	0.00547	0.00643	0.00658	0.00736	0.00510	0.00438	0.00865	0.01146	0.01517	0.19976	0.18538	0.19406	0.30077	0.01474	0.00324	0.00383	0.01092	0.00479	0.00436
3	0.01167	0.01000	0.01167	0.00834	0.01334	0.00750	0.00667	0.01417	0.01167	0.01834	0.01000	0.01167	0.00834	0.00417	0.00417	0.00083	0.00417	0.00333	0.00333	0.83663
4	0.01315	0.01211	0.01926	0.05360	0.01969	0.03271	0.24160	0.06220	0.03736	0.05169	0.01421	0.09912	0.01274	0.00734	0.00733	0.00177	0.09593	0.03141	0.00368	0.18310
5	0.01782	0.01366	0.01489	0.01176	0.01572	0.01484	0.00952	0.46848	0.14447	0.02952	0.04056	0.01624	0.01248	0.03282	0.00661	0.00177	0.02746	0.00534	0.00522	0.11080
6	0.03706	0.01357	0.02088	0.02955	0.60730	0.04848	0.01549	0.03819	0.01362	0.10427	0.01182	0.01421	0.00935	0.00532	0.00551	0.00167	0.00656	0.00497	0.00336	0.00882
7	0.00805	0.00652	0.00956	0.18926	0.01564	0.00716	0.00805	0.00969	0.01076	0.01432	0.02475	0.57060	0.02857	0.01439	0.00749	0.00220	0.05070	0.01280	0.00443	0.00505
8	0.00665	0.00570	0.00570	0.00570	0.00760	0.00475	0.00428	0.00808	0.01283	0.01520	0.05701	0.05416	0.76483	0.01425	0.00665	0.00190	0.00285	0.01188	0.00523	0.00475
9	0.01167	0.01000	0.01167	0.00834	0.01334	0.00750	0.00667	0.01417	0.01167	0.01834	0.01000	0.01167	0.00834	0.00417	0.00417	0.00083	0.00417	0.00333	0.00333	0.83663
10	0.17356	0.01678	0.01696	0.08380	0.26800	0.24568	0.01254	0.05774	0.01360	0.01870	0.00948	0.01188	0.00774	0.00561	0.00550	0.00166	0.03609	0.00422	0.00307	0.00737
11	0.01641	0.01329	0.01408	0.01194	0.01555	0.01512	0.00949	0.26417	0.51876	0.02743	0.01984	0.01856	0.01470	0.00735	0.00569	0.00184	0.00502	0.00594	0.00569	0.00912
12	0.01274	0.01284	0.01704	0.54586	0.05044	0.12234	0.03953	0.03621	0.03913	0.01556	0.01057	0.01454	0.00810	0.00584	0.00587	0.00181	0.02739	0.00492	0.02273	0.00656
13	0.00818	0.00546	0.00614	0.00614	0.00614	0.00546	0.00341	0.00818	0.00818	0.01091	0.01773	0.03683	0.02046	0.80222	0.02864	0.00546	0.00546	0.00818	0.00341	0.00341
14	0.00808	0.00587	0.00693	0.00716	0.00855	0.00535	0.00517	0.01022	0.04720	0.04979	0.14392	0.33182	0.32020	0.01452	0.00676	0.00202	0.00314	0.01267	0.00546	0.00517
15	0.00750	0.00573	0.00688	0.00659	0.00812	0.00511	0.00494	0.00972	0.01483	0.01996	0.51403	0.04632	0.30484	0.01248	0.00664	0.00182	0.00272	0.01078	0.00585	0.00511
16	0.01505	0.80561	0.02949	0.00963	0.01444	0.02227	0.00963	0.01685	0.01143	0.01324	0.00782	0.00903	0.00722	0.00481	0.00361	0.00120	0.00602	0.00301	0.00241	0.00722
17	0.35019	0.00972	0.01035	0.00870	0.01212	0.00991	0.00698	0.05049	0.01304	0.33270	0.01672	0.09089	0.01315	0.04423	0.00600	0.00196	0.00456	0.00570	0.00518	0.00741
18	0.00818	0.00546	0.00614	0.00614	0.00614	0.00546	0.00341	0.00818	0.00818	0.01091	0.01773	0.03683	0.02046	0.80222	0.02864	0.00546	0.00546	0.00818	0.00341	0.00341
19	0.03771	0.01038	0.01723	0.68479	0.11395	0.01260	0.01549	0.01475	0.01136	0.01515	0.00999	0.01470	0.00760	0.00555	0.00555	0.00185	0.00732	0.00494	0.00256	0.00652
20	0.01259	0.01108	0.01281	0.01135	0.01256	0.06809	0.00889	0.12259	0.03650	0.01692	0.01371	0.07335	0.01343	0.13922	0.13850	0.00375	0.26693	0.00637	0.02532	0.00603
21	0.02267	0.01118	0.01386	0.01055	0.01502	0.01048	0.00869	0.20673	0.01818	0.49691	0.01857	0.01685	0.01217	0.00658	0.00547	0.00162	0.00507	0.00523	0.00620	0.10798

[dist]
# distance from previous block
# <min> <max>
1	6

[block]
# block no. 1 follows, 42 sequences, length 82
# corresponding to MSA columns:
# 132-213
name=unknown_B
#
# <colnr> <probs for GDERKNQSTAVLIFYWHMCP>
#	G	D	E	R	K	N	Q	S	T	A	V	L	I	F	Y	W	H	M	C	P
0	0.01072	0.00764	0.00936	0.00855	0.00946	0.00849	0.00611	0.08648	0.02708	0.04178	0.01681	0.02812	0.03658	0.41313	0.14814	0.03297	0.09292	0.00701	0.00367	0.00496
1	0.02134	0.01544	0.01664	0.01280	0.01727	0.01703	0.01056	0.70371	0.04512	0.06161	0.01407	0.01391	0.00993	0.00679	0.00563	0.00170	0.00610	0.00512	0.00568	0.00955
2	0.00985	0.00644	0.00847	0.00777	0.00931	0.00618	0.00594	0.01224	0.01514	0.09827	0.57683	0.08080	0.07602	0.01141	0.00719	0.00184	0.04475	0.00983	0.00598	0.00573
3	0.02197	0.01365	0.01544	0.01196	0.01632	0.01447	0.00984	0.47982	0.07913	0.25260	0.01680	0.01576	0.01144	0.00688	0.00565	0.00172	0.00564	0.00534	0.00603	0.00952
4	0.00805	0.00597	0.00874	0.00874	0.00964	0.00687	0.00666	0.00985	0.00895	0.01284	0.01535	0.02365	0.01474	0.12172	0.70132	0.00867	0.01407	0.00625	0.00306	0.00486
5	0.00814	0.00544	0.00615	0.00620	0.00621	0.00543	0.00347	0.00817	0.00827	0.01103	0.01819	0.06313	0.02104	0.77513	0.02790	0.00535	0.00538	0.00845	0.00347	0.00345
6	0.00686	0.00490	0.00653	0.00784	0.00816	0.00457	0.00522	0.00784	0.01077	0.01437	0.03102	0.79855	0.03722	0.01763	0.00718	0.00229	0.00326	0.01600	0.00522	0.00457
7	0.02087	0.01550	0.01660	0.01284	0.01725	0.01721	0.01057	0.69771	0.07795	0.03463	0.01417	0.01404	0.01011	0.00682	0.00564	0.00170	0.00607	0.00516	0.00564	0.00952
8	0.01231	0.01231	0.01724	0.01477	0.01477	0.01724	0.01231	0.01354	0.00862	0.01354	0.00739	0.01231	0.00739	0.00985	0.01847	0.00246	0.79192	0.00492	0.00246	0.00616
9	0.00818	0.00546	0.00614	0.00614	0.00614	0.00546	0.00341	0.00818	0.00818	0.01091	0.01773	0.03683	0.02046	0.80222	0.02864	0.00546	0.00546	0.00818	0.00341	0.00341
10	0.01231	0.01231	0.01724	0.01477	0.01477	0.01724	0.01231	0.01354	0.00862	0.01354	0.00739	0.01231	0.00739	0.00985	0.01847	0.00246	0.79192	0.00492	0.00246	0.00616
11	0.02152	0.01555	0.01676	0.01285	0.01735	0.01714	0.01061	0.72392	0.02611	0.06040	0.01381	0.01370	0.00972	0.00676	0.00563	0.00169	0.00615	0.00509	0.00567	0.00957
12	0.01505	0.80561	0.02949	0.00963	0.01444	0.02227	0.00963	0.01685	0.01143	0.01324	0.00782	0.00903	0.00722	0.00481	0.00361	0.00120	0.00602	0.00301	0.00241	0.00722
13	0.01231	0.01231	0.01724	0.01477	0.01477	0.01724	0.01231	0.01354	0.00862	0.01354	0.00739	0.01231	0.00739	0.00985	0.01847	0.00246	0.79192	0.00492	0.00246	0.00616
14	0.00804	0.00603	0.00904	0.00904	0.01005	0.00703	0.00703	0.01005	0.00904	0.01306	0.01507	0.02211	0.01407	0.04221	0.77992	0.00904	0.01507	0.00603	0.00301	0.00502
15	0.10379	0.01204	0.01298	0.01079	0.01440	0.01316	0.00866	0.23175	0.28681	0.14699	0.05854	0.01847	0.01518	0.00720	0.00544	0.00177	0.00484	0.00570	0.03289	0.00860
16	0.84197	0.01088	0.00827	0.00740	0.01088	0.01262	0.00609	0.01654	0.00958	0.02525	0.00784	0.00914	0.00609	0.00522	0.00348	0.00174	0.00435	0.00305	0.00348	0.00609
17	0.00685	0.00492	0.00650	0.00776	0.00814	0.00458	0.00519	0.00784	0.01084	0.01439	0.03189	0.77351	0.06170	0.01752	0.00717	0.00227	0.00325	0.01586	0.00522	0.00458
18	0.16970	0.01503	0.01492	0.01185	0.01600	0.05233	0.00970	0.51767	0.07201	0.04714	0.01307	0.01318	0.00944	0.00650	0.00522	0.00170	0.00590	0.00473	0.00515	0.00875
19	0.01601	0.01231	0.01353	0.01009	0.01482	0.03659	0.00817	0.24136	0.01670	0.08083	0.01197	0.01276	0.00911	0.00523	0.00476	0.00119	0.00504	0.00405	0.00430	0.49118
20	0.01978	0.01740	0.01611	0.01360	0.03420	0.21569	0.02933	0.36582	0.10988	0.07274	0.01439	0.04034	0.01104	0.00690	0.00557	0.00168	0.00693	0.00529	0.00486	0.00846
21	0.00978	0.00489	0.00733	0.00733	0.00733	0.00489	0.00489	0.00733	0.00733	0.00978	0.00978	0.01711	0.00978	0.01955	0.02199	0.83627	0.00489	0.00489	0.00244	0.00244
22	0.01815	0.01398	0.01567	0.14230	0.01981	0.04119	0.01089	0.50046	0.02145	0.02897	0.01305	0.01437	0.00957	0.00662	0.00587	0.00170	0.03261	0.00502	0.08998	0.00835
23	0.01266	0.01296	0.03853	0.37924	0.33605	0.05046	0.05738	0.01625	0.01225	0.01628	0.01026	0.01426	0.00812	0.00533	0.00563	0.00177	0.00743	0.00501	0.00265	0.00748
24	0.84197	0.01088	0.00827	0.00740	0.01088	0.01262	0.00609	0.01654	0.00958	0.02525	0.00784	0.00914	0.00609	0.00522	0.00348	0.00174	0.00435	0.00305	0.00348	0.00609
25	0.00694	0.00546	0.00628	0.00672	0.00801	0.00481	0.00487	0.00837	0.01245	0.01570	0.11675	0.30316	0.42437	0.01516	0.00687	0.00204	0.00305	0.03889	0.00532	0.00476
26	0.00697	0.00571	0.00614	0.00604	0.00780	0.00489	0.00453	0.00870	0.01358	0.01700	0.22935	0.05121	0.59137	0.01358	0.00665	0.00187	0.00280	0.01146	0.00546	0.00489
27	0.00812	0.00553	0.00647	0.00647	0.00664	0.00562	0.00386	0.00840	0.00841	0.01128	0.01851	0.03559	0.04034	0.69152	0.11588	0.00578	0.00651	0.00803	0.00341	0.00364
28	0.01049	0.00525	0.00525	0.00525	0.00656	0.00525	0.00393	0.01311	0.01180	0.02098	0.01836	0.02098	0.01442	0.00656	0.00393	0.00131	0.00262	0.00525	0.83346	0.00525
29	0.02117	0.01565	0.01676	0.01290	0.01737	0.01735	0.01064	0.72639	0.04879	0.03510	0.01380	0.01374	0.00980	0.00678	0.00563	0.00170	0.00614	0.00511	0.00563	0.00955
30	0.01655	0.01479	0.13695	0.01393	0.03820	0.03012	0.07276	0.08595	0.01376	0.21626	0.01323	0.01478	0.00976	0.02194	0.00872	0.00187	0.17710	0.00500	0.00409	0.10423
31	0.01021	0.00876	0.01020	0.01051	0.07545	0.00868	0.00723	0.01643	0.24315	0.01873	0.07147	0.10096	0.28011	0.01041	0.00603	0.00179	0.00385	0.00888	0.00500	0.10213
32	0.01420	0.01219	0.01284	0.01149	0.01471	0.01409	0.00896	0.04960	0.73693	0.02387	0.02265	0.02079	0.01697	0.00761	0.00572	0.00190	0.00450	0.00633	0.00572	0.00893
33	0.02478	0.01033	0.01352	0.01037	0.01474	0.00938	0.00856	0.11460	0.01736	0.68208	0.02115	0.01847	0.01340	0.00694	0.00566	0.00173	0.00496	0.00559	0.00680	0.00958
34	0.01318	0.01325	0.01640	0.50403	0.03059	0.14676	0.03382	0.07103	0.03248	0.01619	0.01174	0.06399	0.00978	0.00653	0.00566	0.00181	0.00757	0.00554	0.00307	0.00655
35	0.00686	0.00490	0.00653	0.00784	0.00816	0.00457	0.00522	0.00784	0.01077	0.01437	0.03102	0.79855	0.03722	0.01763	0.00718	0.00229	0.00326	0.01600	0.00522	0.00457
36	0.00719	0.00515	0.00683	0.00761	0.00824	0.00479	0.00525	0.00867	0.01232	0.01683	0.25099	0.57156	0.04199	0.01579	0.00702	0.00213	0.00308	0.01425	0.00552	0.00479
37	0.01136	0.00932	0.04156	0.05247	0.08904	0.00871	0.00847	0.07828	0.05551	0.07681	0.20042	0.06758	0.23682	0.01033	0.00654	0.00184	0.02456	0.00875	0.00507	0.00657
38	0.01414	0.06359	0.26884	0.06363	0.06389	0.03415	0.22535	0.14004	0.01473	0.02019	0.01082	0.01320	0.00807	0.00552	0.00605	0.00178	0.02978	0.00506	0.00310	0.00806
39	0.00827	0.00631	0.00732	0.00690	0.00861	0.00587	0.00522	0.03539	0.04526	0.02033	0.42932	0.04390	0.30539	0.01201	0.00648	0.00180	0.00292	0.01030	0.03299	0.00540
40	0.00686	0.00490	0.00653	0.00784	0.00816	0.00457	0.00522	0.00784	0.01077	0.01437	0.03102	0.79855	0.03722	0.01763	0.00718	0.00229	0.00326	0.01600	0.00522	0.00457
41	0.05889	0.01786	0.04581	0.05332	0.18725	0.21875	0.13147	0.14098	0.01553	0.01986	0.01035	0.01270	0.00817	0.00578	0.00619	0.00171	0.04957	0.00478	0.00329	0.00775
42	0.00775	0.00572	0.00724	0.00691	0.00829	0.00521	0.00516	0.01017	0.01533	0.02127	0.64144	0.06858	0.15184	0.01209	0.00666	0.00181	0.00270	0.01061	0.00603	0.00521
43	0.01369	0.01145	0.01266	0.00939	0.01411	0.03088	0.00753	0.15680	0.01464	0.02143	0.01123	0.03379	0.00935	0.00509	0.00456	0.00106	0.00470	0.00403	0.00382	0.62982
44	0.01752	0.01222	0.03991	0.01092	0.01543	0.01110	0.02793	0.21370	0.01659	0.20522	0.01428	0.03130	0.01057	0.00615	0.00575	0.00145	0.04165	0.00483	0.00478	0.30871
45	0.01300	0.01218	0.06149	0.03759	0.04073	0.01095	0.29379	0.03328	0.03179	0.09721	0.01616	0.14124	0.01478	0.07635	0.00868	0.00219	0.03884	0.00761	0.00383	0.05831
46	0.00775	0.00530	0.00642	0.00684	0.00700	0.00525	0.00419	0.00817	0.00907	0.01215	0.02191	0.28329	0.02557	0.50790	0.06089	0.00461	0.00525	0.01061	0.00398	0.00387
47	0.00773	0.00574	0.00720	0.00683	0.00826	0.00521	0.00512	0.01016	0.01537	0.02125	0.63730	0.04421	0.18077	0.01200	0.00664	0.00179	0.00269	0.01048	0.00602	0.00521
48	0.00812	0.00600	0.00763	0.00729	0.00823	0.00602	0.00525	0.00987	0.01265	0.01761	0.40494	0.03816	0.09392	0.21495	0.09706	0.00354	0.03993	0.00912	0.00490	0.00479
49	0.03932	0.01131	0.01319	0.03623	0.01516	0.01054	0.00825	0.21657	0.01659	0.14768	0.05254	0.01505	0.01186	0.00580	0.00497	0.00133	0.00486	0.00460	0.00469	0.37947
50	0.00687	0.00496	0.00651	0.00770	0.00814	0.00460	0.00517	0.00792	0.01102	0.01463	0.05187	0.73763	0.07760	0.01728	0.00714	0.00225	0.00323	0.01562	0.00525	0.00460
51	0.01390	0.14368	0.01524	0.03057	0.01456	0.01080	0.00779	0.06139	0.01290	0.07878	0.01083	0.01203	0.00865	0.00470	0.00433	0.00105	0.00475	0.00362	0.00359	0.55684
52	0.00836	0.00620	0.00756	0.00832	0.00929	0.02653	0.00612	0.01018	0.02649	0.03569	0.11757	0.46480	0.09667	0.01548	0.00705	0.00220	0.00374	0.13738	0.00532	0.00504
53	0.27943	0.03938	0.01427	0.09814	0.03812	0.18177	0.02318	0.14672	0.01440	0.02172	0.01015	0.02760	0.00821	0.00616	0.00541	0.00170	0.04594	0.00429	0.02652	0.00691
54	0.01205	0.07966	0.32534	0.04182	0.03905	0.01285	0.21280	0.01712	0.03256	0.03640	0.10027	0.01782	0.03449	0.00621	0.00578	0.00177	0.00739	0.00580	0.00324	0.00758
55	0.01373	0.01064	0.01325	0.12112	0.04990	0.01118	0.00954	0.05613	0.25588	0.09042	0.01793	0.03508	0.02862	0.03459	0.00664	0.00182	0.02591	0.03672	0.00456	0.17634
56	0.00858	0.00613	0.00773	0.00738	0.00884	0.00577	0.00551	0.01170	0.05697	0.04199	0.57566	0.11667	0.10166	0.01198	0.00661	0.00184	0.00289	0.01055	0.00602	0.00552
57	0.03077	0.01033	0.08190	0.00991	0.02766	0.02901	0.00806	0.03629	0.17584	0.03243	0.14699	0.20568	0.08250	0.02924	0.00665	0.00200	0.00432	0.02505	0.04896	0.00644
58	0.00692	0.00571	0.00608	0.00599	0.00777	0.00487	0.00449	0.00860	0.01347	0.01673	0.20375	0.05164	0.61714	0.01368	0.00665	0.00187	0.00281	0.01152	0.00543	0.00487
59	0.01505	0.80561	0.02949	0.00963	0.01444	0.02227	0.00963	0.01685	0.01143	0.01324	0.00782	0.00903	0.00722	0.00481	0.00361	0.00120	0.00602	0.00301	0.00241	0.00722
60	0.76894	0.05413	0.03582	0.00782	0.01154	0.01316	0.00679	0.01660	0.00976	0.02435	0.00791	0.00923	0.00619	0.00521	0.00355	0.00171	0.00458	0.00308	0.00339	0.00623
61	0.01453	0.00907	0.01031	0.00880	0.01097	0.00963	0.00680	0.27747	0.01604	0.04203	0.03489	0.01771	0.01239	0.01050	0.00985	0.24106	0.00462	0.00523	0.25199	0.00612
62	0.07203	0.10523	0.47379	0.01496	0.02162	0.01425	0.09052	0.05457	0.02896	0.01890	0.01044	0.01225	0.00775	0.00548	0.00545	0.00173	0.02539	0.00435	0.02440	0.00792
63	0.00789	0.00575	0.00741	0.00700	0.00836	0.00528	0.00525	0.01047	0.01575	0.02213	0.72229	0.04275	0.09523	0.01167	0.00664	0.00178	0.00267	0.01028	0.00614	0.00528
64	0.01259	0.00917	0.01079	0.04653	0.01311	0.00983	0.00763	0.05679	0.29516	0.08985	0.21513	0.04123	0.07232	0.03670	0.03458	0.02374	0.00455	0.00767	0.00551	0.00713
65	0.01108	0.00600	0.00800	0.00827	0.00957	0.00543	0.00589	0.01235	0.01207	0.18832	0.02985	0.59494	0.05577	0.01507	0.00682	0.00215	0.00360	0.01349	0.00562	0.00573
66	0.00765	0.00585	0.00696	0.00675	0.00826	0.00527	0.00503	0.02269	0.01461	0.01953	0.44130	0.10343	0.30641	0.01287	0.00667	0.00185	0.00283	0.01114	0.00576	0.00513
67	0.03794	0.75012	0.06082	0.00984	0.01477	0.02160	0.01001	0.01688	0.01140	0.01377	0.00792	0.00915	0.00719	0.00485	0.00368	0.00124	0.00607	0.00306	0.00244	0.00724
68	0.02525	0.00958	0.01306	0.01001	0.01437	0.00827	0.00827	0.02743	0.01611	0.77102	0.02220	0.01915	0.01393	0.00697	0.00566	0.00174	0.00479	0.00566	0.00697	0.00958
69	0.02102	0.02682	0.01595	0.01450	0.01740	0.77963	0.01087	0.02247	0.01595	0.01377	0.00870	0.01015	0.00725	0.00580	0.00507	0.00145	0.01015	0.00362	0.00290	0.00652
70	0.01231	0.01231	0.01724	0.01477	0.01477	0.01724	0.01231	0.01354	0.00862	0.01354	0.00739	0.01231	0.00739	0.00985	0.01847	0.00246	0.79192	0.00492	0.00246	0.00616
71	0.01049	0.00525	0.00525	0.00525	0.00656	0.00525	0.00393	0.01311	0.01180	0.02098	0.01836	0.02098	0.01442	0.00656	0.00393	0.00131	0.00262	0.00525	0.83346	0.00525
72	0.01167	0.01000	0.01167	0.00834	0.01334	0.00750	0.00667	0.01417	0.01167	0.01834	0.01000	0.01167	0.00834	0.00417	0.00417	0.00083	0.00417	0.00333	0.00333	0.83663
73	0.84197	0.01088	0.00827	0.00740	0.01088	0.01262	0.00609	0.01654	0.00958	0.02525	0.00784	0.00914	0.00609	0.00522	0.00348	0.00174	0.00435	0.00305	0.00348	0.00609
74	0.02525	0.00958	0.01306	0.01001	0.01437	0.00827	0.00827	0.02743	0.01611	0.77102	0.02220	0.01915	0.01393	0.00697	0.00566	0.00174	0.00479	0.00566	0.00697	0.00958
75	0.00796	0.00575	0.00752	0.00708	0.00841	0.00531	0.00531	0.01062	0.01593	0.02257	0.76415	0.04204	0.05310	0.01150	0.00664	0.00177	0.00265	0.01018	0.00619	0.00531
76	0.01316	0.01494	0.03253	0.02335	0.02892	0.01401	0.72607	0.01785	0.01327	0.01799	0.01190	0.01653	0.00921	0.00505	0.00667	0.00192	0.00937	0.02683	0.00291	0.00752
77	0.00810	0.00542	0.00616	0.00625	0.00627	0.00540	0.00352	0.00816	0.00835	0.01113	0.01857	0.08510	0.02152	0.75250	0.02728	0.00525	0.00532	0.00868	0.00352	0.00348
78	0.00686	0.00490	0.00653	0.00784	0.00816	0.00457	0.00522	0.00784	0.01077	0.01437	0.03102	0.79855	0.03722	0.01763	0.00718	0.00229	0.00326	0.01600	0.00522	0.00457
79	0.00818	0.00547	0.00621	0.00621	0.00623	0.00549	0.00350	0.00823	0.00820	0.01096	0.01767	0.03647	0.02030	0.78376	0.04690	0.00554	0.00569	0.00813	0.00340	0.00345
80	0.01450	0.01301	0.03719	0.13361	0.49273	0.01318	0.02943	0.04767	0.05415	0.07354	0.01208	0.01477	0.00948	0.00557	0.00590	0.00174	0.02447	0.00515	0.00331	0.00852
81	0.03140	0.00866	0.00948	0.00841	0.01063	0.03340	0.00651	0.13579	0.05665	0.04380	0.39251	0.05668	0.16252	0.01068	0.00628	0.00179	0.00374	0.00906	0.00573	0.00628

[dist]
# distance from previous block
# <min> <max>
1	13

[block]
# block no. 2 follows, 42 sequences, length 62
# corresponding to MSA columns:
# 227-288
name=unknown_C
#
# <colnr> <probs for GDERKNQSTAVLIFYWHMCP>
#	G	D	E	R	K	N	Q	S	T	A	V	L	I	F	Y	W	H	M	C	P
0	0.01220	0.00759	0.00878	0.00770	0.00944	0.00734	0.00537	0.07209	0.04522	0.11355	0.01806	0.06710	0.01767	0.41459	0.01723	0.00354	0.00493	0.00718	0.06114	0.09929
1	0.01175	0.02424	0.58359	0.03392	0.05542	0.01229	0.01799	0.05431	0.01255	0.03376	0.01248	0.07821	0.01033	0.02732	0.00615	0.00191	0.00755	0.00538	0.00292	0.00795
2	0.01079	0.01011	0.01711	0.68165	0.08189	0.01224	0.02982	0.01447	0.01149	0.01484	0.01122	0.01777	0.00906	0.00615	0.00577	0.00191	0.00736	0.04730	0.00268	0.00638
3	0.00816	0.00615	0.00905	0.00899	0.00990	0.00719	0.00692	0.01001	0.00897	0.01293	0.01506	0.02287	0.01434	0.09347	0.70907	0.00863	0.03417	0.00615	0.00303	0.00494
4	0.00771	0.00567	0.00722	0.00698	0.00829	0.00518	0.00518	0.01008	0.01512	0.02099	0.61776	0.10864	0.13550	0.01236	0.00669	0.00183	0.00273	0.01088	0.00600	0.00518
5	0.01231	0.01231	0.01724	0.01477	0.01477	0.01724	0.01231	0.01354	0.00862	0.01354	0.00739	0.01231	0.00739	0.00985	0.01847	0.00246	0.79192	0.00492	0.00246	0.00616
6	0.01384	0.01178	0.01238	0.01117	0.01426	0.01360	0.00868	0.02914	0.72286	0.02342	0.02270	0.02100	0.01705	0.00759	0.00564	0.00188	0.00437	0.00631	0.04359	0.00874
7	0.84197	0.01088	0.00827	0.00740	0.01088	0.01262	0.00609	0.01654	0.00958	0.02525	0.00784	0.00914	0.00609	0.00522	0.00348	0.00174	0.00435	0.00305	0.00348	0.00609
8	0.01505	0.80561	0.02949	0.00963	0.01444	0.02227	0.00963	0.01685	0.01143	0.01324	0.00782	0.00903	0.00722	0.00481	0.00361	0.00120	0.00602	0.00301	0.00241	0.00722
9	0.00832	0.00555	0.00640	0.00653	0.00668	0.00555	0.00397	0.00864	0.00873	0.01173	0.01892	0.03904	0.02147	0.70692	0.02603	0.00508	0.00536	0.07809	0.02336	0.00363
10	0.01063	0.01000	0.01688	0.78870	0.03876	0.01250	0.01563	0.01438	0.01125	0.01438	0.01000	0.01500	0.00750	0.00563	0.00563	0.00188	0.00750	0.00500	0.00250	0.00625
11	0.00805	0.00569	0.00747	0.00753	0.00800	0.00612	0.00514	0.00901	0.00870	0.01206	0.01722	0.06927	0.01844	0.41976	0.36583	0.00691	0.00967	0.00761	0.00333	0.00420
12	0.01402	0.01005	0.01147	0.05704	0.01340	0.01148	0.00806	0.21489	0.10096	0.02360	0.01570	0.01800	0.01232	0.03078	0.00721	0.00178	0.10048	0.00536	0.33643	0.00696
13	0.01485	0.30130	0.12604	0.03305	0.06125	0.09056	0.04582	0.09226	0.01371	0.01762	0.02670	0.01188	0.00881	0.00541	0.00500	0.00143	0.02565	0.00403	0.00303	0.11160
14	0.01795	0.08403	0.09037	0.01326	0.04440	0.01592	0.02757	0.47614	0.04385	0.02859	0.02727	0.01511	0.01080	0.04284	0.00646	0.00183	0.00620	0.00512	0.03364	0.00865
15	0.00907	0.00648	0.00907	0.01036	0.01166	0.00648	0.00907	0.01166	0.01296	0.01684	0.02980	0.06348	0.03239	0.01555	0.00777	0.00259	0.00518	0.72924	0.00518	0.00518
16	0.01248	0.01153	0.01829	0.21271	0.40729	0.01229	0.01441	0.03397	0.08458	0.01817	0.04283	0.04214	0.05180	0.00657	0.00575	0.00178	0.00620	0.00603	0.00340	0.00779
17	0.01279	0.01105	0.05578	0.02633	0.01334	0.02491	0.00860	0.24372	0.05039	0.02158	0.04265	0.31772	0.02229	0.06959	0.00861	0.00225	0.04725	0.00962	0.00486	0.00666
18	0.01387	0.41252	0.29144	0.01265	0.01848	0.07111	0.03619	0.01777	0.02963	0.01553	0.02829	0.01142	0.00863	0.00531	0.00455	0.00148	0.00711	0.00383	0.00262	0.00756
19	0.06166	0.03431	0.01287	0.02457	0.01436	0.01000	0.00756	0.11706	0.04609	0.02112	0.01086	0.01217	0.00871	0.00479	0.00441	0.00108	0.00459	0.00371	0.00372	0.59635
20	0.03210	0.00965	0.00936	0.00867	0.01047	0.12524	0.00641	0.01446	0.02682	0.12099	0.19735	0.09372	0.08254	0.13586	0.08139	0.00301	0.00583	0.00812	0.02226	0.00575
21	0.00694	0.00501	0.00655	0.00775	0.00819	0.00466	0.00524	0.00798	0.01091	0.01441	0.03226	0.71350	0.08093	0.03509	0.00765	0.00234	0.00335	0.03748	0.00518	0.00457
22	0.07450	0.01450	0.03534	0.04732	0.03580	0.18515	0.00919	0.20410	0.01616	0.04912	0.01584	0.16258	0.01484	0.04473	0.00657	0.00191	0.00621	0.00681	0.06245	0.00690
23	0.07610	0.12850	0.39070	0.03735	0.04121	0.01429	0.03956	0.07915	0.03925	0.08623	0.01148	0.01265	0.00833	0.00558	0.00509	0.00170	0.00705	0.00434	0.00329	0.00817
24	0.00818	0.00548	0.00627	0.00627	0.00632	0.00553	0.00358	0.00827	0.00822	0.01101	0.01761	0.03615	0.02017	0.76746	0.06301	0.00562	0.00590	0.00809	0.00339	0.00348
25	0.00845	0.00615	0.00748	0.00703	0.00868	0.00566	0.00531	0.01139	0.04883	0.04380	0.53476	0.04334	0.22433	0.01186	0.00657	0.00181	0.00285	0.01028	0.00596	0.00547
26	0.74401	0.01112	0.00918	0.06547	0.01317	0.02847	0.00695	0.01676	0.00999	0.04184	0.00835	0.00983	0.00641	0.00531	0.00373	0.00175	0.00472	0.00327	0.00348	0.00620
27	0.01928	0.00851	0.01045	0.00848	0.01169	0.00799	0.00685	0.08982	0.01545	0.41697	0.01992	0.01932	0.01371	0.00679	0.00500	0.00157	0.00410	0.00545	0.32071	0.00793
28	0.01484	0.76219	0.07107	0.00999	0.01500	0.02175	0.01025	0.01691	0.01146	0.01350	0.00795	0.00919	0.00722	0.00484	0.00371	0.00124	0.00615	0.00307	0.00241	0.00728
29	0.09830	0.00944	0.01205	0.00955	0.01346	0.00866	0.00781	0.02486	0.05198	0.59060	0.09506	0.02061	0.01728	0.00729	0.00556	0.00175	0.00452	0.00590	0.00651	0.00880
30	0.00780	0.00573	0.00731	0.00696	0.00832	0.00523	0.00520	0.01029	0.01549	0.02161	0.67396	0.06153	0.12569	0.01193	0.00665	0.00180	0.00269	0.01049	0.00607	0.00523
31	0.00818	0.00547	0.00622	0.00622	0.00625	0.00550	0.00352	0.00824	0.00821	0.01098	0.01765	0.03640	0.02027	0.77991	0.05071	0.00556	0.00574	0.00812	0.00340	0.00346
32	0.00686	0.00490	0.00653	0.00784	0.00816	0.00457	0.00522	0.00784	0.01077	0.01437	0.03102	0.79855	0.03722	0.01763	0.00718	0.00229	0.00326	0.01600	0.00522	0.00457
33	0.01505	0.80561	0.02949	0.00963	0.01444	0.02227	0.00963	0.01685	0.01143	0.01324	0.00782	0.00903	0.00722	0.00481	0.00361	0.00120	0.00602	0.00301	0.00241	0.00722
34	0.01400	0.01209	0.01273	0.01145	0.01463	0.01400	0.00891	0.02990	0.75695	0.02354	0.02291	0.02100	0.01718	0.00764	0.00573	0.00191	0.00445	0.00636	0.00573	0.00891
35	0.01400	0.01209	0.01273	0.01145	0.01463	0.01400	0.00891	0.02990	0.75695	0.02354	0.02291	0.02100	0.01718	0.00764	0.00573	0.00191	0.00445	0.00636	0.00573	0.00891
36	0.00804	0.00603	0.00904	0.00904	0.01005	0.00703	0.00703	0.01005	0.00904	0.01306	0.01507	0.02211	0.01407	0.04221	0.77992	0.00904	0.01507	0.00603	0.00301	0.00502
37	0.01049	0.00525	0.00525	0.00525	0.00656	0.00525	0.00393	0.01311	0.01180	0.02098	0.01836	0.02098	0.01442	0.00656	0.00393	0.00131	0.00262	0.00525	0.83346	0.00525
38	0.02007	0.06114	0.01667	0.01430	0.01706	0.68537	0.01093	0.02152	0.01517	0.01373	0.00856	0.01027	0.00726	0.00607	0.00606	0.00152	0.07125	0.00370	0.00284	0.00653
39	0.01167	0.01000	0.01167	0.00834	0.01334	0.00750	0.00667	0.01417	0.01167	0.01834	0.01000	0.01167	0.00834	0.00417	0.00417	0.00083	0.00417	0.00333	0.00333	0.83663
40	0.01376	0.01320	0.02254	0.07323	0.72976	0.01333	0.01719	0.01712	0.01273	0.01818	0.01056	0.01398	0.00884	0.00505	0.00557	0.00168	0.00673	0.00501	0.00277	0.00878
41	0.00817	0.00551	0.00639	0.00639	0.00648	0.00559	0.00372	0.00835	0.00826	0.01110	0.01750	0.03555	0.01990	0.73617	0.09394	0.00577	0.00629	0.00800	0.00338	0.00355
42	0.00928	0.00706	0.00826	0.00785	0.00957	0.00707	0.00590	0.03553	0.14828	0.02113	0.39276	0.12293	0.13735	0.01147	0.00637	0.00184	0.00318	0.00997	0.04829	0.00592
43	0.00818	0.00546	0.00614	0.00614	0.00614	0.00546	0.00341	0.00818	0.00818	0.01091	0.01773	0.03683	0.02046	0.80222	0.02864	0.00546	0.00546	0.00818	0.00341	0.00341
44	0.01171	0.01014	0.01226	0.00876	0.01378	0.00769	0.02700	0.01428	0.01171	0.01833	0.01004	0.01177	0.00834	0.00418	0.00424	0.00086	0.00431	0.00343	0.00332	0.81385
45	0.01921	0.01398	0.01545	0.01262	0.03510	0.01521	0.01000	0.53904	0.09770	0.06958	0.03773	0.05795	0.01329	0.00747	0.00571	0.00173	0.00564	0.00592	0.00557	0.03110
46	0.01328	0.01518	0.03321	0.02372	0.02941	0.01423	0.74668	0.01803	0.01328	0.01803	0.01139	0.01518	0.00854	0.00474	0.00664	0.00190	0.00949	0.00664	0.00285	0.00759
47	0.01263	0.21900	0.38743	0.01633	0.04229	0.01541	0.17320	0.01741	0.01221	0.01687	0.03073	0.01277	0.00878	0.00525	0.00523	0.00166	0.00779	0.00459	0.00260	0.00782
48	0.01160	0.06564	0.69883	0.01668	0.06198	0.01353	0.02008	0.01775	0.01191	0.01763	0.01001	0.01185	0.00722	0.00530	0.00527	0.00175	0.00812	0.00415	0.00240	0.00829
49	0.02150	0.01559	0.01678	0.01287	0.01736	0.01719	0.01063	0.72797	0.02617	0.05626	0.01376	0.01367	0.00969	0.00676	0.00563	0.00169	0.00615	0.00508	0.00567	0.00957
50	0.00739	0.00567	0.00676	0.00661	0.00808	0.00505	0.00491	0.00946	0.01439	0.01919	0.44369	0.10003	0.32245	0.01298	0.00668	0.00186	0.00277	0.01123	0.00576	0.00505
51	0.05793	0.51962	0.22123	0.01144	0.01700	0.06019	0.01242	0.01739	0.01170	0.01509	0.00846	0.00984	0.00714	0.00503	0.00413	0.00140	0.00675	0.00334	0.00248	0.00741
52	0.00818	0.00624	0.00932	0.00923	0.01021	0.00737	0.00721	0.01016	0.00903	0.01308	0.01482	0.02178	0.01385	0.04114	0.75475	0.00883	0.04076	0.00599	0.00300	0.00506
53	0.00762	0.00574	0.00704	0.00672	0.00819	0.00516	0.00504	0.00995	0.01511	0.02062	0.57755	0.04524	0.24091	0.01223	0.00664	0.00180	0.00271	0.01063	0.00594	0.00516
54	0.01024	0.00623	0.00809	0.00734	0.00908	0.00567	0.00561	0.01278	0.01569	0.11895	0.61536	0.03881	0.07378	0.01085	0.00642	0.00176	0.00294	0.00949	0.03509	0.00584
55	0.09131	0.06133	0.08944	0.11086	0.04062	0.21822	0.01205	0.26908	0.01768	0.02280	0.01058	0.01203	0.00801	0.00594	0.00515	0.00164	0.00745	0.00430	0.00376	0.00777
56	0.01274	0.00838	0.01004	0.00887	0.01130	0.00848	0.00689	0.03819	0.21951	0.14410	0.39960	0.03216	0.05694	0.00966	0.00620	0.00181	0.00359	0.00831	0.00615	0.00708
57	0.00695	0.00571	0.00611	0.00601	0.00778	0.00488	0.00451	0.00865	0.01353	0.01687	0.21668	0.05142	0.60413	0.01363	0.00665	0.00187	0.00281	0.01149	0.00544	0.00488
58	0.01446	0.14678	0.27222	0.03555	0.19700	0.09807	0.08321	0.01848	0.01281	0.05536	0.01043	0.01246	0.00806	0.00527	0.00523	0.00164	0.00768	0.00444	0.00282	0.00804
59	0.03026	0.01161	0.01982	0.43621	0.24066	0.01310	0.08640	0.01611	0.03777	0.01639	0.01063	0.01472	0.00830	0.00555	0.00603	0.00183	0.02947	0.00517	0.00275	0.00722
60	0.00833	0.00719	0.03388	0.00724	0.00920	0.00629	0.00575	0.03537	0.05611	0.01817	0.21141	0.07686	0.37525	0.03178	0.05284	0.00235	0.00399	0.01013	0.04244	0.00541
61	0.31262	0.06186	0.04329	0.14690	0.17665	0.01329	0.01133	0.05907	0.03805	0.02102	0.02494	0.01501	0.00971	0.00599	0.00482	0.00176	0.00575	0.03742	0.00339	0.00711

[dist]
# distance from previous block
# <min> <max>
1	71

[block]
# block no. 3 follows, 42 sequences, length 46
# corresponding to MSA columns:
# 360-405
name=unknown_D
#
# <colnr> <probs for GDERKNQSTAVLIFYWHMCP>
#	G	D	E	R	K	N	Q	S	T	A	V	L	I	F	Y	W	H	M	C	P
0	0.08340	0.07349	0.19992	0.07564	0.42464	0.01382	0.01650	0.01712	0.01212	0.01820	0.01000	0.01276	0.00804	0.00514	0.00520	0.00168	0.00688	0.00450	0.00270	0.00824
1	0.04784	0.03987	0.01758	0.21701	0.14386	0.15551	0.01280	0.22990	0.04442	0.02175	0.01121	0.01332	0.00858	0.00592	0.00538	0.00169	0.00720	0.00468	0.00368	0.00782
2	0.00816	0.00616	0.00758	0.00715	0.00869	0.00579	0.00539	0.01149	0.06417	0.02149	0.60547	0.04254	0.16139	0.01168	0.00658	0.00180	0.00280	0.01019	0.00601	0.00546
3	0.00686	0.00490	0.00653	0.00784	0.00816	0.00457	0.00522	0.00784	0.01077	0.01437	0.03102	0.79855	0.03722	0.01763	0.00718	0.00229	0.00326	0.01600	0.00522	0.00457
4	0.00845	0.00545	0.00610	0.00610	0.00628	0.00547	0.00356	0.00880	0.00862	0.01213	0.01774	0.03464	0.01961	0.69174	0.04362	0.00506	0.00536	0.00779	0.09983	0.00366
5	0.00692	0.00494	0.00658	0.00780	0.00818	0.00461	0.00523	0.00798	0.01105	0.01480	0.06998	0.75834	0.03806	0.01731	0.00715	0.00226	0.00323	0.01569	0.00528	0.00461
6	0.00739	0.00573	0.00673	0.00648	0.00806	0.00507	0.00486	0.00951	0.01457	0.01935	0.45499	0.04734	0.36427	0.01271	0.00664	0.00183	0.00274	0.01092	0.00577	0.00507
7	0.02442	0.01040	0.01350	0.01041	0.01474	0.00955	0.00858	0.11323	0.04198	0.65870	0.02119	0.01854	0.01352	0.00696	0.00566	0.00174	0.00494	0.00561	0.00677	0.00955
8	0.01400	0.01209	0.01273	0.01145	0.01463	0.01400	0.00891	0.02990	0.75695	0.02354	0.02291	0.02100	0.01718	0.00764	0.00573	0.00191	0.00445	0.00636	0.00573	0.00891
9	0.00804	0.00603	0.00904	0.00904	0.01005	0.00703	0.00703	0.01005	0.00904	0.01306	0.01507	0.02211	0.01407	0.04221	0.77992	0.00904	0.01507	0.00603	0.00301	0.00502
10	0.02951	0.00601	0.00773	0.00719	0.00867	0.00559	0.00543	0.01133	0.01578	0.04753	0.72046	0.04045	0.05062	0.01120	0.00653	0.00177	0.00277	0.00985	0.00615	0.00547
11	0.00725	0.00572	0.00653	0.00633	0.00797	0.00501	0.00475	0.00924	0.01424	0.01856	0.37982	0.04863	0.43992	0.01300	0.00664	0.00184	0.00276	0.01110	0.00567	0.00501
12	0.84197	0.01088	0.00827	0.00740	0.01088	0.01262	0.00609	0.01654	0.00958	0.02525	0.00784	0.00914	0.00609	0.00522	0.00348	0.00174	0.00435	0.00305	0.00348	0.00609
13	0.01393	0.01337	0.02284	0.03454	0.76712	0.01337	0.01727	0.01727	0.01281	0.01839	0.01059	0.01393	0.00891	0.00501	0.00557	0.00167	0.00669	0.00501	0.00279	0.00891
14	0.01129	0.02911	0.77306	0.01604	0.02436	0.01307	0.02079	0.01782	0.01188	0.01782	0.01010	0.01188	0.00713	0.00535	0.00535	0.00178	0.00832	0.00416	0.00238	0.00832
15	0.01302	0.01244	0.02120	0.24289	0.56590	0.01313	0.01682	0.01647	0.01238	0.01728	0.01042	0.01423	0.00852	0.00518	0.00559	0.00173	0.00691	0.00501	0.00271	0.00818
16	0.00666	0.00566	0.00575	0.00581	0.00763	0.00474	0.00433	0.00806	0.01272	0.01516	0.05563	0.09372	0.72616	0.01443	0.00668	0.00192	0.00287	0.01210	0.00523	0.00474
17	0.00686	0.00490	0.00653	0.00784	0.00816	0.00457	0.00522	0.00784	0.01077	0.01437	0.03102	0.79855	0.03722	0.01763	0.00718	0.00229	0.00326	0.01600	0.00522	0.00457
18	0.00758	0.00569	0.00709	0.00768	0.00864	0.00541	0.00544	0.00999	0.06126	0.01689	0.19070	0.47064	0.13692	0.01517	0.00691	0.00211	0.00320	0.02819	0.00546	0.00505
19	0.04362	0.02670	0.67079	0.01556	0.02335	0.01277	0.04241	0.01841	0.01212	0.06763	0.01085	0.01236	0.00758	0.00543	0.00534	0.00178	0.00797	0.00429	0.00273	0.00829
20	0.00719	0.00566	0.00649	0.00640	0.00796	0.00496	0.00476	0.00907	0.01392	0.01808	0.33741	0.10270	0.42855	0.01340	0.00668	0.00188	0.00280	0.01149	0.00561	0.00496
21	0.02355	0.01137	0.01404	0.01081	0.01508	0.01103	0.00888	0.25037	0.01908	0.52041	0.01937	0.01793	0.01277	0.03051	0.00633	0.00184	0.00524	0.00555	0.00645	0.00939
22	0.01179	0.01121	0.01924	0.56451	0.17362	0.01295	0.07172	0.03845	0.01218	0.01608	0.01033	0.01477	0.00791	0.00548	0.00569	0.00183	0.00746	0.00513	0.00268	0.00696
23	0.01095	0.01121	0.04682	0.68000	0.05914	0.01268	0.07049	0.01487	0.01147	0.01490	0.01013	0.01487	0.00761	0.00553	0.00569	0.00187	0.00766	0.00509	0.00253	0.00651
24	0.01029	0.00535	0.00558	0.02261	0.00730	0.00539	0.00421	0.01278	0.01161	0.02022	0.01854	0.04539	0.01522	0.03949	0.00508	0.00152	0.00287	0.00569	0.75570	0.00517
25	0.30094	0.06128	0.01688	0.05942	0.19988	0.19555	0.05633	0.01812	0.01231	0.01912	0.00905	0.01123	0.00735	0.00528	0.00469	0.00164	0.00688	0.00399	0.00302	0.00705
26	0.01075	0.00803	0.01192	0.38920	0.06558	0.00925	0.01040	0.01397	0.01159	0.01761	0.01384	0.01766	0.01073	0.00601	0.00485	0.00161	0.00523	0.00511	0.38069	0.00595
27	0.01269	0.01132	0.01805	0.02569	0.50097	0.01138	0.01369	0.07063	0.01343	0.01873	0.01636	0.18402	0.01646	0.00849	0.00606	0.00186	0.00583	0.05286	0.00367	0.00781
28	0.00688	0.00561	0.00608	0.00618	0.00780	0.00481	0.00455	0.00844	0.01305	0.01623	0.16227	0.14554	0.56447	0.01425	0.00672	0.00193	0.00287	0.01213	0.00537	0.00481
29	0.01087	0.00990	0.01408	0.01237	0.01290	0.01291	0.03186	0.01247	0.00956	0.01448	0.05706	0.01960	0.01339	0.06768	0.14705	0.00367	0.46802	0.02866	0.04778	0.00569
30	0.00796	0.00575	0.00752	0.00708	0.00841	0.00531	0.00531	0.01062	0.01593	0.02257	0.76415	0.04204	0.05310	0.01150	0.00664	0.00177	0.00265	0.01018	0.00619	0.00531
31	0.01512	0.70419	0.04561	0.01009	0.01481	0.05136	0.00990	0.01795	0.06064	0.01405	0.00890	0.00993	0.00788	0.00505	0.00385	0.00127	0.00613	0.00328	0.00264	0.00733
32	0.21232	0.03315	0.08175	0.03899	0.01627	0.03622	0.00993	0.25702	0.01701	0.17863	0.01344	0.02794	0.00970	0.00630	0.00502	0.00169	0.00570	0.00468	0.00474	0.03950
33	0.01108	0.01037	0.01751	0.66060	0.14341	0.01244	0.01561	0.01463	0.01138	0.01485	0.01008	0.01490	0.00776	0.00588	0.00602	0.02209	0.00732	0.00500	0.00254	0.00654
34	0.01393	0.01337	0.02284	0.03454	0.76712	0.01337	0.01727	0.01727	0.01281	0.01839	0.01059	0.01393	0.00891	0.00501	0.00557	0.00167	0.00669	0.00501	0.00279	0.00891
35	0.00872	0.00627	0.00865	0.00990	0.01111	0.00619	0.00845	0.01109	0.01270	0.01650	0.03100	0.14623	0.06151	0.01573	0.00766	0.00253	0.00487	0.62060	0.00519	0.00510
36	0.11049	0.03251	0.26467	0.01420	0.05879	0.01378	0.03539	0.23018	0.04008	0.09695	0.04089	0.01433	0.01057	0.00616	0.00533	0.00174	0.00648	0.00484	0.00418	0.00844
37	0.00738	0.00575	0.00671	0.00652	0.00811	0.00508	0.00492	0.00947	0.01442	0.01902	0.41968	0.04815	0.38239	0.01287	0.00667	0.00185	0.00280	0.02745	0.00572	0.00505
38	0.00686	0.00490	0.00653	0.00784	0.00816	0.00457	0.00522	0.00784	0.01077	0.01437	0.03102	0.79855	0.03722	0.01763	0.00718	0.00229	0.00326	0.01600	0.00522	0.00457
39	0.13144	0.01400	0.05147	0.20653	0.09975	0.08476	0.01196	0.12336	0.13335	0.02116	0.01247	0.01437	0.00952	0.00613	0.00551	0.00176	0.02516	0.00479	0.03503	0.00749
40	0.02828	0.00664	0.00836	0.00752	0.00949	0.00614	0.00578	0.01414	0.03298	0.15514	0.48893	0.05204	0.08728	0.01046	0.00621	0.00176	0.00314	0.00904	0.06058	0.00612
41	0.00686	0.00490	0.00653	0.00784	0.00816	0.00457	0.00522	0.00784	0.01077	0.01437	0.03102	0.79855	0.03722	0.01763	0.00718	0.00229	0.00326	0.01600	0.00522	0.00457
42	0.72226	0.05465	0.02996	0.00821	0.01185	0.06358	0.00698	0.01698	0.01016	0.02366	0.00795	0.00927	0.00626	0.00524	0.00364	0.00169	0.00493	0.00311	0.00336	0.00624
43	0.00857	0.00629	0.00819	0.00813	0.00872	0.00704	0.00588	0.00983	0.00952	0.01372	0.01974	0.15104	0.05238	0.23433	0.24810	0.00508	0.09464	0.00826	0.09588	0.00465
44	0.69655	0.01295	0.08883	0.00861	0.01267	0.01274	0.00789	0.04732	0.01071	0.04725	0.00874	0.00991	0.00658	0.00535	0.00383	0.00174	0.00486	0.00333	0.00356	0.00658
45	0.18398	0.15477	0.42353	0.01352	0.03684	0.06493	0.01516	0.01769	0.01162	0.01833	0.00917	0.01077	0.00698	0.00525	0.00466	0.00165	0.00720	0.00372	0.00265	0.00757

[dist]
# distance from previous block
# <min> <max>
0	1

[block]
# block no. 4 follows, 42 sequences, length 43
# corresponding to MSA columns:
# 407-449
name=unknown_E
#
# <colnr> <probs for GDERKNQSTAVLIFYWHMCP>
#	G	D	E	R	K	N	Q	S	T	A	V	L	I	F	Y	W	H	M	C	P
0	0.05059	0.21445	0.05419	0.01222	0.04253	0.08155	0.01031	0.32460	0.03730	0.02397	0.01553	0.01590	0.08011	0.00673	0.00507	0.00158	0.00617	0.00498	0.00421	0.00803
1	0.64289	0.10810	0.07561	0.00937	0.03967	0.01385	0.00816	0.01671	0.01011	0.02293	0.00812	0.00953	0.00642	0.00518	0.00373	0.00168	0.00497	0.00321	0.00324	0.00652
2	0.00977	0.00783	0.05828	0.00821	0.01033	0.00636	0.00691	0.01292	0.03597	0.08271	0.52463	0.04018	0.09277	0.01114	0.00654	0.00185	0.00347	0.06838	0.00585	0.00591
3	0.00818	0.00546	0.00614	0.00614	0.00614	0.00546	0.00341	0.00818	0.00818	0.01091	0.01773	0.03683	0.02046	0.80222	0.02864	0.00546	0.00546	0.00818	0.00341	0.00341
4	0.01400	0.01209	0.01273	0.01145	0.01463	0.01400	0.00891	0.02990	0.75695	0.02354	0.02291	0.02100	0.01718	0.00764	0.00573	0.00191	0.00445	0.00636	0.00573	0.00891
5	0.01158	0.02341	0.54291	0.01427	0.02087	0.01259	0.01689	0.01977	0.17175	0.01946	0.07920	0.01649	0.01333	0.00638	0.00554	0.00181	0.00699	0.00516	0.00343	0.00818
6	0.01439	0.62755	0.02572	0.01051	0.03814	0.05352	0.00947	0.01621	0.01184	0.01412	0.06920	0.01292	0.01142	0.03184	0.00531	0.00146	0.03277	0.00391	0.00278	0.00693
7	0.05144	0.05201	0.37602	0.01288	0.03509	0.01116	0.01401	0.01900	0.01291	0.19339	0.04158	0.01551	0.02932	0.00599	0.00521	0.00163	0.00635	0.00474	0.00383	0.10792
8	0.03670	0.01473	0.03155	0.02465	0.01625	0.07104	0.00993	0.48082	0.04319	0.08715	0.01556	0.08226	0.01239	0.00758	0.00561	0.00172	0.00596	0.00594	0.03841	0.00856
9	0.03974	0.02004	0.41666	0.01398	0.03362	0.01110	0.04603	0.02040	0.01349	0.25808	0.06056	0.01616	0.01220	0.00621	0.00553	0.00177	0.00675	0.00510	0.00413	0.00845
10	0.01762	0.01389	0.01476	0.01218	0.01601	0.01569	0.00978	0.38171	0.39925	0.02938	0.01831	0.01733	0.01345	0.00720	0.00568	0.00180	0.00531	0.00573	0.00568	0.00923
11	0.01653	0.59870	0.02585	0.01079	0.01507	0.17999	0.00992	0.01826	0.01245	0.03611	0.00843	0.00965	0.00743	0.00521	0.00436	0.00130	0.02691	0.00327	0.00265	0.00712
12	0.00779	0.00575	0.00728	0.00690	0.00830	0.00524	0.00517	0.01029	0.01552	0.02160	0.67140	0.04363	0.14645	0.01187	0.00664	0.00179	0.00268	0.01040	0.00607	0.00524
13	0.01231	0.01231	0.01724	0.01477	0.01477	0.01724	0.01231	0.01354	0.00862	0.01354	0.00739	0.01231	0.00739	0.00985	0.01847	0.00246	0.79192	0.00492	0.00246	0.00616
14	0.00796	0.00575	0.00752	0.00708	0.00841	0.00531	0.00531	0.01062	0.01593	0.02257	0.76415	0.04204	0.05310	0.01150	0.00664	0.00177	0.00265	0.01018	0.00619	0.00531
15	0.00800	0.00611	0.00738	0.00700	0.00858	0.00569	0.00527	0.01114	0.05888	0.02082	0.54759	0.04376	0.22494	0.01195	0.00659	0.00181	0.00281	0.01037	0.00593	0.00539
16	0.78539	0.01118	0.00997	0.00851	0.01215	0.01273	0.05666	0.01664	0.00983	0.02476	0.00808	0.00955	0.00626	0.00519	0.00370	0.00175	0.00470	0.00329	0.00344	0.00620
17	0.00978	0.00489	0.00733	0.00733	0.00733	0.00489	0.00489	0.00733	0.00733	0.00978	0.00978	0.01711	0.00978	0.01955	0.02199	0.83627	0.00489	0.00489	0.00244	0.00244
18	0.02105	0.02607	0.01601	0.01439	0.01740	0.72759	0.01086	0.07204	0.01667	0.01525	0.00903	0.01038	0.00741	0.00586	0.00511	0.00147	0.00988	0.00372	0.00309	0.00673
19	0.00777	0.00566	0.00709	0.00693	0.00809	0.00523	0.00503	0.00982	0.01416	0.01952	0.51616	0.10129	0.13450	0.10751	0.00935	0.00229	0.00312	0.02590	0.00565	0.00495
20	0.00686	0.00490	0.00653	0.00784	0.00816	0.00457	0.00522	0.00784	0.01077	0.01437	0.03102	0.79855	0.03722	0.01763	0.00718	0.00229	0.00326	0.01600	0.00522	0.00457
21	0.84197	0.01088	0.00827	0.00740	0.01088	0.01262	0.00609	0.01654	0.00958	0.02525	0.00784	0.00914	0.00609	0.00522	0.00348	0.00174	0.00435	0.00305	0.00348	0.00609
22	0.01144	0.06014	0.74335	0.01578	0.02396	0.01344	0.02035	0.01778	0.01186	0.01764	0.01001	0.01177	0.00713	0.00533	0.00528	0.00176	0.00823	0.00411	0.00238	0.00827
23	0.01346	0.01159	0.01222	0.01104	0.01410	0.01329	0.00857	0.02826	0.69879	0.02308	0.04415	0.02327	0.05701	0.00808	0.00580	0.00190	0.00432	0.00675	0.00571	0.00860
24	0.00981	0.00507	0.00768	0.03546	0.00846	0.00516	0.00527	0.00759	0.00747	0.00994	0.00978	0.01703	0.00969	0.01905	0.02140	0.80623	0.00498	0.00489	0.00245	0.00258
