[name]
unknown

[dist]
# distance from previous block
# <min> <max>
0	43

[block]
# block no. 0 follows, 42 sequences, length 16
# corresponding to MSA columns:
# 52-67
name=unknown_A
#
# <colnr> <probs for GDERKNQSTAVLIFYWHMCP>
#	G	D	E	R	K	N	Q	S	T	A	V	L	I	F	Y	W	H	M	C	P
0	0.01401	0.01233	0.02423	0.09120	0.02456	0.01201	0.42601	0.01780	0.01333	0.12807	0.04830	0.02137	0.01348	0.00755	0.02656	0.00213	0.03461	0.07135	0.00377	0.00732
1	0.01575	0.01490	0.08521	0.23148	0.05112	0.02813	0.04802	0.30104	0.12389	0.02445	0.01327	0.01489	0.00975	0.00626	0.00565	0.00179	0.00675	0.00520	0.00419	0.00826
2	0.12012	0.01059	0.01747	0.48111	0.06815	0.01217	0.11400	0.01479	0.01135	0.01651	0.01160	0.07625	0.00988	0.00637	0.00560	0.00188	0.00698	0.00584	0.00291	0.00642
3	0.00790	0.00563	0.00724	0.00702	0.00807	0.00526	0.00504	0.01004	0.01440	0.02023	0.59581	0.10929	0.04719	0.12061	0.00971	0.00232	0.00309	0.01043	0.00573	0.00498
4	0.01176	0.08934	0.64771	0.01622	0.02403	0.01390	0.08513	0.01776	0.01197	0.01748	0.01003	0.01195	0.00726	0.00525	0.00533	0.00175	0.00824	0.00429	0.00242	0.00816
5	0.08953	0.01623	0.11903	0.01240	0.01717	0.01525	0.01119	0.43047	0.12623	0.05173	0.01401	0.01407	0.01010	0.00645	0.00536	0.00170	0.00595	0.00490	0.00496	0.04327
6	0.00989	0.00559	0.00864	0.11460	0.01165	0.00593	0.00636	0.00830	0.00787	0.01041	0.00981	0.01682	0.00946	0.01764	0.01975	0.72172	0.00525	0.00490	0.00245	0.00297
7	0.00888	0.00610	0.00703	0.00672	0.00865	0.00530	0.00515	0.01072	0.01387	0.08971	0.22856	0.06842	0.46289	0.01301	0.00662	0.00189	0.00310	0.04237	0.00563	0.00537
8	0.01297	0.01348	0.02183	0.36348	0.21838	0.08202	0.17387	0.01662	0.01251	0.01612	0.01033	0.01433	0.00806	0.00530	0.00578	0.00179	0.00796	0.00524	0.00268	0.00724
9	0.05067	0.45010	0.14895	0.01254	0.01723	0.03970	0.07007	0.01679	0.01131	0.01496	0.00844	0.01047	0.00728	0.00563	0.00621	0.00156	0.11460	0.00377	0.00251	0.00722
10	0.01312	0.01482	0.03172	0.05507	0.02906	0.01431	0.67922	0.01765	0.01296	0.01765	0.01113	0.01503	0.00844	0.00504	0.00720	0.00193	0.04889	0.00649	0.00281	0.00746
11	0.07791	0.00998	0.01431	0.36820	0.07708	0.01134	0.01183	0.04115	0.09508	0.10229	0.01568	0.12312	0.01344	0.00761	0.00568	0.00189	0.00593	0.00659	0.00393	0.00697
12	0.01973	0.03103	0.07245	0.15613	0.02039	0.01217	0.01121	0.18973	0.05821	0.34549	0.01673	0.01641	0.01124	0.00653	0.00558	0.00175	0.00589	0.00527	0.00531	0.00877
13	0.01505	0.01120	0.01833	0.33196	0.31180	0.01192	0.01466	0.01831	0.01290	0.17970	0.01287	0.01549	0.00943	0.00568	0.00561	0.00177	0.00660	0.00515	0.00358	0.00799
14	0.00923	0.00687	0.00796	0.00794	0.00936	0.00672	0.00585	0.11010	0.01358	0.01763	0.06607	0.28536	0.22817	0.11841	0.00969	0.00252	0.00400	0.08021	0.00508	0.00524
15	0.05523	0.00910	0.01192	0.11717	0.04288	0.00891	0.02202	0.08695	0.01295	0.03765	0.01762	0.21623	0.01782	0.00961	0.00617	0.02443	0.00492	0.06989	0.00414	0.22440

[dist]
# distance from previous block
# <min> <max>
18	45

[block]
# block no. 1 follows, 42 sequences, length 8
# corresponding to MSA columns:
# 119-126
name=unknown_B
#
# <colnr> <probs for GDERKNQSTAVLIFYWHMCP>
#	G	D	E	R	K	N	Q	S	T	A	V	L	I	F	Y	W	H	M	C	P
0	0.01149	0.01630	0.23071	0.40139	0.11921	0.01295	0.09641	0.01608	0.01183	0.01621	0.01025	0.01402	0.00768	0.00538	0.00565	0.00183	0.00785	0.00494	0.00254	0.00729
1	0.01199	0.01158	0.02017	0.27115	0.35739	0.01219	0.09961	0.01546	0.01254	0.01707	0.05366	0.01862	0.06158	0.00614	0.00584	0.00178	0.00680	0.00593	0.00305	0.00744
2	0.01163	0.01147	0.08791	0.22056	0.23265	0.01048	0.01369	0.01489	0.01226	0.05597	0.01708	0.12168	0.01650	0.00882	0.00618	0.00198	0.00625	0.13939	0.00364	0.00697
3	0.00893	0.00592	0.00706	0.00719	0.00859	0.00535	0.00528	0.01030	0.01213	0.08331	0.07271	0.21223	0.31208	0.13385	0.01013	0.00258	0.00375	0.08844	0.00515	0.00502
4	0.06511	0.01321	0.07188	0.34773	0.06597	0.01362	0.21955	0.01581	0.01153	0.01643	0.00999	0.01411	0.00773	0.00579	0.00722	0.00192	0.09761	0.00527	0.00266	0.00687
5	0.01189	0.07594	0.48234	0.11062	0.05716	0.01382	0.13569	0.01735	0.01204	0.01716	0.01016	0.01268	0.00748	0.00523	0.00548	0.00177	0.00818	0.00462	0.00249	0.00790
6	0.01129	0.02911	0.77306	0.01604	0.02436	0.01307	0.02079	0.01782	0.01188	0.01782	0.01010	0.01188	0.00713	0.00535	0.00535	0.00178	0.00832	0.00416	0.00238	0.00832
7	0.00796	0.00578	0.00805	0.00815	0.00887	0.00635	0.00592	0.00943	0.00933	0.01312	0.05281	0.09752	0.01956	0.21955	0.49354	0.00723	0.01111	0.00765	0.00346	0.00461

[dist]
# distance from previous block
# <min> <max>
2	6

[block]
# block no. 2 follows, 42 sequences, length 31
# corresponding to MSA columns:
# 133-163
name=unknown_C
#
# <colnr> <probs for GDERKNQSTAVLIFYWHMCP>
#	G	D	E	R	K	N	Q	S	T	A	V	L	I	F	Y	W	H	M	C	P
0	0.00688	0.00509	0.00643	0.00739	0.00807	0.00464	0.00505	0.00803	0.01144	0.01496	0.07521	0.61807	0.17483	0.01667	0.00705	0.00219	0.00315	0.01491	0.00528	0.00464
1	0.01286	0.01434	0.10859	0.13229	0.06827	0.04282	0.20393	0.01655	0.02598	0.05710	0.04828	0.05056	0.01200	0.00706	0.00828	0.00194	0.15206	0.00607	0.02393	0.00708
2	0.04857	0.44882	0.20616	0.01266	0.05320	0.07297	0.01257	0.01807	0.01211	0.05575	0.00934	0.01058	0.00760	0.00516	0.00433	0.00143	0.00677	0.00357	0.00274	0.00760
3	0.00686	0.00490	0.00653	0.00784	0.00816	0.00457	0.00522	0.00784	0.01077	0.01437	0.03102	0.79855	0.03722	0.01763	0.00718	0.00229	0.00326	0.01600	0.00522	0.00457
4	0.01049	0.00525	0.00525	0.00525	0.00656	0.00525	0.00393	0.01311	0.01180	0.02098	0.01836	0.02098	0.01442	0.00656	0.00393	0.00131	0.00262	0.00525	0.83346	0.00525
5	0.06213	0.00951	0.01394	0.23338	0.02036	0.01089	0.05490	0.05349	0.01219	0.08462	0.03748	0.17146	0.02977	0.00976	0.02197	0.00212	0.12121	0.00751	0.03699	0.00634
6	0.02481	0.00982	0.01316	0.01014	0.01446	0.00870	0.00836	0.04773	0.03811	0.72847	0.02198	0.01905	0.01390	0.00698	0.00566	0.00174	0.00482	0.00566	0.00689	0.00956
7	0.00796	0.00553	0.00723	0.00739	0.00844	0.00509	0.00532	0.00993	0.01389	0.03926	0.44236	0.32435	0.07451	0.01378	0.00682	0.00197	0.00295	0.01230	0.00581	0.00513
8	0.01342	0.01285	0.02192	0.15103	0.65461	0.01324	0.01702	0.01682	0.01257	0.01777	0.01050	0.01409	0.00870	0.00511	0.00558	0.00170	0.00681	0.00501	0.00274	0.00850
9	0.03537	0.00887	0.01137	0.00923	0.01251	0.00826	0.00743	0.08392	0.03325	0.41692	0.27748	0.02641	0.02700	0.00849	0.00595	0.00175	0.00416	0.00713	0.00648	0.00802
10	0.01322	0.46708	0.30588	0.01199	0.01788	0.01791	0.01364	0.01680	0.01146	0.01494	0.00911	0.01089	0.00760	0.00729	0.05145	0.00190	0.00743	0.00362	0.00243	0.00750
11	0.01963	0.01595	0.01583	0.01274	0.01679	0.08840	0.01030	0.51216	0.19614	0.03064	0.01525	0.01494	0.01113	0.00687	0.00560	0.00172	0.00616	0.00523	0.00540	0.00913
12	0.00791	0.00609	0.00866	0.00817	0.00950	0.00562	0.05023	0.01009	0.01398	0.01930	0.45567	0.24141	0.09301	0.03529	0.00741	0.00203	0.00332	0.01156	0.00559	0.00516
13	0.02073	0.01376	0.08016	0.01164	0.01623	0.01255	0.01020	0.31694	0.05939	0.31389	0.03172	0.03083	0.01274	0.00696	0.00562	0.00171	0.00555	0.00552	0.00579	0.03804
14	0.01415	0.62157	0.20572	0.01115	0.01679	0.02009	0.01228	0.01708	0.01154	0.01433	0.00836	0.00970	0.00720	0.00494	0.00402	0.00134	0.00656	0.00328	0.00240	0.00748
15	0.00698	0.00499	0.00666	0.00789	0.00829	0.00467	0.00536	0.00809	0.01107	0.01480	0.06178	0.74118	0.03772	0.01730	0.00718	0.00227	0.00331	0.04058	0.00526	0.00462
16	0.01373	0.01582	0.03176	0.02294	0.02832	0.06083	0.68377	0.01819	0.01333	0.01766	0.01112	0.01480	0.00843	0.00493	0.00684	0.00188	0.02890	0.00642	0.00284	0.00749
17	0.01376	0.53960	0.28422	0.01183	0.01784	0.01912	0.01345	0.01718	0.01159	0.01481	0.00860	0.01001	0.00719	0.00500	0.00421	0.00140	0.00681	0.00340	0.00240	0.00760
18	0.00688	0.00543	0.00621	0.00661	0.00789	0.00476	0.00473	0.00831	0.01250	0.01583	0.13562	0.30907	0.42607	0.01508	0.00683	0.00202	0.00297	0.01309	0.00535	0.00476
19	0.00686	0.00490	0.00653	0.00784	0.00816	0.00457	0.00522	0.00784	0.01077	0.01437	0.03102	0.79855	0.03722	0.01763	0.00718	0.00229	0.00326	0.01600	0.00522	0.00457
20	0.08877	0.00578	0.00553	0.00545	0.00696	0.00594	0.00414	0.01344	0.01159	0.02138	0.01737	0.01987	0.01364	0.00643	0.00389	0.00135	0.00279	0.00504	0.75532	0.00533
21	0.01651	0.00859	0.00970	0.00809	0.01085	0.00863	0.00647	0.17534	0.01604	0.21057	0.01827	0.01891	0.01325	0.00670	0.00473	0.00150	0.00393	0.00531	0.44934	0.00726
22	0.00893	0.00638	0.00890	0.01014	0.01138	0.00635	0.00876	0.01144	0.01295	0.01691	0.05378	0.09823	0.03330	0.01551	0.00771	0.00255	0.00501	0.67141	0.00522	0.00516
23	0.00791	0.00571	0.00747	0.00712	0.00840	0.00527	0.00531	0.01049	0.01568	0.02217	0.72879	0.07852	0.05233	0.01180	0.00666	0.00179	0.00268	0.01046	0.00615	0.00527
24	0.00686	0.00490	0.00653	0.00784	0.00816	0.00457	0.00522	0.00784	0.01077	0.01437	0.03102	0.79855	0.03722	0.01763	0.00718	0.00229	0.00326	0.01600	0.00522	0.00457
25	0.02164	0.01366	0.01528	0.01179	0.01606	0.01454	0.00971	0.53321	0.02312	0.20850	0.01586	0.01530	0.01090	0.00679	0.00553	0.00168	0.00564	0.00522	0.05627	0.00931
26	0.01129	0.02911	0.77306	0.01604	0.02436	0.01307	0.02079	0.01782	0.01188	0.01782	0.01010	0.01188	0.00713	0.00535	0.00535	0.00178	0.00832	0.00416	0.00238	0.00832
27	0.01093	0.00566	0.00571	0.00555	0.00699	0.00573	0.00420	0.04244	0.01239	0.02156	0.01816	0.02068	0.01423	0.00656	0.00400	0.00133	0.00277	0.00524	0.80044	0.00542
28	0.00869	0.00591	0.00776	0.00720	0.00866	0.00543	0.00543	0.01133	0.01594	0.05401	0.73298	0.04108	0.05145	0.01131	0.00660	0.00177	0.00274	0.00999	0.00623	0.00549
29	0.00804	0.00603	0.00904	0.00904	0.01005	0.00703	0.00703	0.01005	0.00904	0.01306	0.01507	0.02211	0.01407	0.04221	0.77992	0.00904	0.01507	0.00603	0.00301	0.00502
30	0.01393	0.01337	0.02284	0.03454	0.76712	0.01337	0.01727	0.01727	0.01281	0.01839	0.01059	0.01393	0.00891	0.00501	0.00557	0.00167	0.00669	0.00501	0.00279	0.00891

[dist]
# distance from previous block
# <min> <max>
0	32

[block]
# block no. 3 follows, 42 sequences, length 17
# corresponding to MSA columns:
# 196-212
name=unknown_D
#
# <colnr> <probs for GDERKNQSTAVLIFYWHMCP>
#	G	D	E	R	K	N	Q	S	T	A	V	L	I	F	Y	W	H	M	C	P
0	0.01167	0.01000	0.01167	0.00834	0.01334	0.00750	0.00667	0.01417	0.01167	0.01834	0.01000	0.01167	0.00834	0.00417	0.00417	0.00083	0.00417	0.00333	0.00333	0.83663
1	0.01885	0.16232	0.01540	0.00961	0.01353	0.01123	0.00812	0.05094	0.06900	0.38238	0.13478	0.02028	0.01853	0.00715	0.00534	0.00160	0.00469	0.00576	0.00562	0.05488
2	0.03831	0.05774	0.01519	0.01146	0.01548	0.03162	0.00938	0.31517	0.20883	0.18893	0.01839	0.01730	0.03236	0.00706	0.00551	0.00173	0.00539	0.00551	0.00564	0.00899
3	0.01178	0.13150	0.67502	0.01519	0.02305	0.01428	0.01932	0.01769	0.01182	0.01722	0.00980	0.01151	0.00714	0.00528	0.00512	0.00171	0.00801	0.00401	0.00238	0.00817
4	0.00812	0.00593	0.00787	0.00876	0.00993	0.00568	0.00710	0.01022	0.01288	0.01688	0.13513	0.21933	0.13027	0.01527	0.00734	0.00232	0.00412	0.38250	0.00534	0.00501
5	0.00757	0.00580	0.00699	0.00701	0.00851	0.00522	0.00540	0.00968	0.01417	0.01872	0.37227	0.07691	0.32134	0.01330	0.00681	0.00195	0.00308	0.10457	0.00566	0.00505
6	0.01079	0.01016	0.01769	0.68942	0.03646	0.01226	0.07273	0.01431	0.01122	0.01444	0.01010	0.01512	0.00770	0.00625	0.00652	0.04348	0.00753	0.00512	0.00253	0.00617
7	0.01897	0.00905	0.01218	0.01001	0.01302	0.00894	0.00808	0.06381	0.01435	0.44760	0.05278	0.02087	0.01535	0.05566	0.16202	0.00344	0.06444	0.00598	0.00555	0.00791
8	0.00756	0.00574	0.00696	0.00666	0.00816	0.00514	0.00499	0.00984	0.01498	0.02031	0.54733	0.04575	0.27132	0.01235	0.00664	0.00181	0.00271	0.01070	0.00590	0.00514
9	0.02102	0.02682	0.01595	0.01450	0.01740	0.77963	0.01087	0.02247	0.01595	0.01377	0.00870	0.01015	0.00725	0.00580	0.00507	0.00145	0.01015	0.00362	0.00290	0.00652
10	0.01340	0.01281	0.02159	0.03243	0.71156	0.01274	0.01632	0.01660	0.01282	0.01815	0.01398	0.01687	0.06421	0.00569	0.00565	0.00169	0.00641	0.00552	0.00296	0.00861
11	0.00817	0.00552	0.00646	0.00646	0.00657	0.00563	0.00381	0.00839	0.00828	0.01115	0.01744	0.03521	0.01976	0.71850	0.11140	0.00585	0.00652	0.00795	0.00337	0.00359
12	0.01393	0.01337	0.02284	0.03454	0.76712	0.01337	0.01727	0.01727	0.01281	0.01839	0.01059	0.01393	0.00891	0.00501	0.00557	0.00167	0.00669	0.00501	0.00279	0.00891
13	0.02400	0.01158	0.01430	0.01096	0.01536	0.01124	0.00906	0.26070	0.01946	0.53301	0.01939	0.01733	0.01252	0.00690	0.00565	0.00172	0.00524	0.00547	0.00653	0.00958
14	0.01505	0.80561	0.02949	0.00963	0.01444	0.02227	0.00963	0.01685	0.01143	0.01324	0.00782	0.00903	0.00722	0.00481	0.00361	0.00120	0.00602	0.00301	0.00241	0.00722
15	0.00818	0.00546	0.00614	0.00614	0.00614	0.00546	0.00341	0.00818	0.00818	0.01091	0.01773	0.03683	0.02046	0.80222	0.02864	0.00546	0.00546	0.00818	0.00341	0.00341
16	0.75695	0.04876	0.05223	0.00799	0.01181	0.01310	0.00708	0.01663	0.00979	0.02428	0.00796	0.00929	0.00621	0.00521	0.00359	0.00172	0.00465	0.00311	0.00337	0.00627

[dist]
# distance from previous block
# <min> <max>
2	3

[block]
# block no. 4 follows, 42 sequences, length 56
# corresponding to MSA columns:
# 216-271
name=unknown_E
#
# <colnr> <probs for GDERKNQSTAVLIFYWHMCP>
#	G	D	E	R	K	N	Q	S	T	A	V	L	I	F	Y	W	H	M	C	P
0	0.00783	0.00575	0.00733	0.00693	0.00832	0.00525	0.00520	0.01035	0.01560	0.02179	0.68925	0.04332	0.12849	0.01180	0.00664	0.00178	0.00268	0.01036	0.00609	0.00525
1	0.11852	0.01420	0.01511	0.01177	0.01602	0.01552	0.00969	0.55983	0.02254	0.07420	0.01324	0.01358	0.00953	0.00791	0.03657	0.00196	0.00617	0.00483	0.00525	0.04357
2	0.00696	0.00502	0.00659	0.00767	0.00816	0.00465	0.00519	0.00812	0.01137	0.01521	0.10458	0.69271	0.06914	0.01688	0.00711	0.00222	0.00319	0.01525	0.00532	0.00465
3	0.01237	0.02801	0.65193	0.01637	0.02399	0.08892	0.06522	0.01829	0.01237	0.01743	0.01004	0.01192	0.00723	0.00535	0.00540	0.00176	0.00857	0.00426	0.00246	0.00809
4	0.01037	0.00961	0.01610	0.71162	0.03592	0.01196	0.01478	0.01395	0.01103	0.01425	0.01050	0.01571	0.00815	0.00924	0.08217	0.00258	0.00825	0.00510	0.00255	0.00613
5	0.00772	0.00574	0.00719	0.00683	0.00826	0.00521	0.00512	0.01015	0.01536	0.02121	0.63409	0.04427	0.18401	0.01201	0.00664	0.00179	0.00269	0.01049	0.00602	0.00521
6	0.01328	0.01518	0.03321	0.02372	0.02941	0.01423	0.74668	0.01803	0.01328	0.01803	0.01139	0.01518	0.00854	0.00474	0.00664	0.00190	0.00949	0.00664	0.00285	0.00759
7	0.01282	0.00980	0.01171	0.00862	0.01325	0.00766	0.00689	0.01520	0.01201	0.09248	0.01203	0.04534	0.01008	0.00513	0.00475	0.00102	0.02111	0.00413	0.00375	0.70223
8	0.02139	0.01576	0.01689	0.01295	0.01745	0.01745	0.01070	0.74835	0.02646	0.03547	0.01351	0.01351	0.00957	0.00676	0.00563	0.00169	0.00619	0.00507	0.00563	0.00957
9	0.03351	0.00982	0.01119	0.01007	0.01237	0.01038	0.00767	0.32529	0.01760	0.04489	0.02273	0.42210	0.02400	0.01238	0.00639	0.00200	0.00459	0.01072	0.00540	0.00689
10	0.01468	0.72992	0.10197	0.01025	0.01541	0.02137	0.01072	0.01695	0.01148	0.01369	0.00805	0.00931	0.00721	0.00487	0.00378	0.00126	0.00624	0.00312	0.00240	0.00733
11	0.01231	0.01231	0.01724	0.01477	0.01477	0.01724	0.01231	0.01354	0.00862	0.01354	0.00739	0.01231	0.00739	0.00985	0.01847	0.00246	0.79192	0.00492	0.00246	0.00616
12	0.00796	0.00575	0.00752	0.00708	0.00841	0.00531	0.00531	0.01062	0.01593	0.02257	0.76415	0.04204	0.05310	0.01150	0.00664	0.00177	0.00265	0.01018	0.00619	0.00531
13	0.04046	0.01064	0.01210	0.00879	0.01369	0.00871	0.00707	0.09111	0.01315	0.02036	0.01030	0.01178	0.00839	0.00447	0.00430	0.00095	0.00439	0.00351	0.00358	0.72226
14	0.01231	0.01231	0.01724	0.01477	0.01477	0.01724	0.01231	0.01354	0.00862	0.01354	0.00739	0.01231	0.00739	0.00985	0.01847	0.00246	0.79192	0.00492	0.00246	0.00616
15	0.01111	0.01026	0.01688	0.75428	0.03781	0.01272	0.01541	0.04695	0.01193	0.01531	0.01016	0.01494	0.00759	0.00568	0.00563	0.00187	0.00744	0.00500	0.00264	0.00640
16	0.00804	0.00603	0.00904	0.00904	0.01005	0.00703	0.00703	0.01005	0.00904	0.01306	0.01507	0.02211	0.01407	0.04221	0.77992	0.00904	0.01507	0.00603	0.00301	0.00502
17	0.00689	0.00493	0.00656	0.00781	0.00817	0.00460	0.00523	0.00793	0.01095	0.01464	0.05554	0.77324	0.03775	0.01743	0.00716	0.00227	0.00324	0.01580	0.00526	0.00460
18	0.00686	0.00490	0.00653	0.00784	0.00816	0.00457	0.00522	0.00784	0.01077	0.01437	0.03102	0.79855	0.03722	0.01763	0.00718	0.00229	0.00326	0.01600	0.00522	0.00457
19	0.02525	0.00958	0.01306	0.01001	0.01437	0.00827	0.00827	0.02743	0.01611	0.77102	0.02220	0.01915	0.01393	0.00697	0.00566	0.00174	0.00479	0.00566	0.00697	0.00958
20	0.01129	0.02911	0.77306	0.01604	0.02436	0.01307	0.02079	0.01782	0.01188	0.01782	0.01010	0.01188	0.00713	0.00535	0.00535	0.00178	0.00832	0.00416	0.00238	0.00832
21	0.09540	0.01015	0.01278	0.01002	0.01421	0.00950	0.00823	0.05683	0.07565	0.61501	0.02064	0.01819	0.01333	0.00686	0.00547	0.00175	0.00478	0.00546	0.00651	0.00922
22	0.84197	0.01088	0.00827	0.00740	0.01088	0.01262	0.00609	0.01654	0.00958	0.02525	0.00784	0.00914	0.00609	0.00522	0.00348	0.00174	0.00435	0.00305	0.00348	0.00609
23	0.01564	0.72862	0.02815	0.01011	0.01474	0.09714	0.00975	0.01741	0.01188	0.01329	0.00791	0.00914	0.00722	0.00491	0.00376	0.00123	0.00643	0.00307	0.00246	0.00715
24	0.01400	0.01209	0.01273	0.01145	0.01463	0.01400	0.00891	0.02990	0.75695	0.02354	0.02291	0.02100	0.01718	0.00764	0.00573	0.00191	0.00445	0.00636	0.00573	0.00891
25	0.00685	0.00493	0.00650	0.00776	0.00814	0.00458	0.00519	0.00784	0.01085	0.01440	0.03192	0.77256	0.06263	0.01751	0.00716	0.00227	0.00325	0.01585	0.00522	0.00458
26	0.00817	0.00551	0.00643	0.00643	0.00653	0.00561	0.00378	0.00837	0.00827	0.01113	0.01746	0.03534	0.01982	0.72564	0.10435	0.00582	0.00643	0.00797	0.00337	0.00357
27	0.02354	0.00920	0.01251	0.00972	0.01378	0.00798	0.00798	0.02576	0.01609	0.69702	0.09555	0.02142	0.01780	0.00741	0.00576	0.00174	0.00458	0.00611	0.00689	0.00916
28	0.02045	0.01479	0.01598	0.01253	0.01681	0.01633	0.01026	0.58854	0.14245	0.07957	0.01555	0.01506	0.01106	0.00691	0.00565	0.00173	0.00583	0.00531	0.00573	0.00947
29	0.00818	0.00546	0.00614	0.00614	0.00614	0.00546	0.00341	0.00818	0.00818	0.01091	0.01773	0.03683	0.02046	0.80222	0.02864	0.00546	0.00546	0.00818	0.00341	0.00341
30	0.00825	0.00645	0.00682	0.00644	0.00850	0.00571	0.00491	0.05523	0.01414	0.03856	0.13710	0.04920	0.61218	0.01325	0.00656	0.00187	0.00309	0.01108	0.00541	0.00525
31	0.84197	0.01088	0.00827	0.00740	0.01088	0.01262	0.00609	0.01654	0.00958	0.02525	0.00784	0.00914	0.00609	0.00522	0.00348	0.00174	0.00435	0.00305	0.00348	0.00609
32	0.01400	0.01209	0.01273	0.01145	0.01463	0.01400	0.00891	0.02990	0.75695	0.02354	0.02291	0.02100	0.01718	0.00764	0.00573	0.00191	0.00445	0.00636	0.00573	0.00891
33	0.01395	0.01366	0.02206	0.09630	0.67502	0.04564	0.01686	0.01725	0.01282	0.01786	0.01046	0.01386	0.00873	0.00510	0.00555	0.00168	0.00690	0.00495	0.00277	0.00859
34	0.01321	0.03557	0.06124	0.02295	0.05877	0.01454	0.62250	0.01768	0.01287	0.01763	0.01096	0.01466	0.00839	0.00510	0.00721	0.00190	0.05818	0.00627	0.00279	0.00758
35	0.00784	0.00590	0.00859	0.00872	0.00971	0.00665	0.00668	0.00971	0.00945	0.01333	0.01927	0.10087	0.06332	0.03803	0.65516	0.00793	0.01314	0.00738	0.00337	0.00496
36	0.01386	0.01355	0.02387	0.03347	0.69419	0.01346	0.08938	0.01735	0.01286	0.01835	0.01066	0.01405	0.00888	0.00499	0.00568	0.00169	0.00696	0.00518	0.00279	0.00878
37	0.01505	0.80561	0.02949	0.00963	0.01444	0.02227	0.00963	0.01685	0.01143	0.01324	0.00782	0.00903	0.00722	0.00481	0.00361	0.00120	0.00602	0.00301	0.00241	0.00722
38	0.00760	0.00574	0.00714	0.00703	0.00843	0.00528	0.00531	0.00978	0.01421	0.01922	0.44792	0.09184	0.23980	0.01473	0.05510	0.00233	0.00364	0.04419	0.00563	0.00509
39	0.00803	0.00601	0.00762	0.00821	0.00959	0.00564	0.00668	0.01015	0.01320	0.01710	0.16762	0.10241	0.24228	0.03278	0.00770	0.00230	0.00396	0.33835	0.00534	0.00500
40	0.02217	0.00989	0.01272	0.01016	0.01413	0.00926	0.00825	0.02710	0.16326	0.58611	0.05845	0.02063	0.01648	0.00732	0.00572	0.00178	0.00462	0.00602	0.00668	0.00924
41	0.01505	0.80561	0.02949	0.00963	0.01444	0.02227	0.00963	0.01685	0.01143	0.01324	0.00782	0.00903	0.00722	0.00481	0.00361	0.00120	0.00602	0.00301	0.00241	0.00722
42	0.01838	0.00806	0.01086	0.00885	0.01200	0.00709	0.00709	0.02075	0.01604	0.47362	0.31701	0.02825	0.02949	0.00877	0.00605	0.00175	0.00394	0.00745	0.00666	0.00788
43	0.02102	0.02682	0.01595	0.01450	0.01740	0.77963	0.01087	0.02247	0.01595	0.01377	0.00870	0.01015	0.00725	0.00580	0.00507	0.00145	0.01015	0.00362	0.00290	0.00652
44	0.00680	0.00568	0.00574	0.00574	0.00746	0.00482	0.00419	0.00809	0.01237	0.01478	0.05313	0.05245	0.69125	0.09215	0.00883	0.00225	0.00311	0.01151	0.00505	0.00462
45	0.00709	0.00500	0.00646	0.00753	0.00780	0.00473	0.00490	0.00790	0.01031	0.01375	0.02865	0.66310	0.03424	0.15715	0.01100	0.00285	0.00365	0.01461	0.00490	0.00436
46	0.01328	0.01518	0.03321	0.02372	0.02941	0.01423	0.74668	0.01803	0.01328	0.01803	0.01139	0.01518	0.00854	0.00474	0.00664	0.00190	0.00949	0.00664	0.00285	0.00759
47	0.65020	0.04532	0.05809	0.08543	0.01482	0.01318	0.00823	0.03696	0.01044	0.02349	0.00835	0.01001	0.00644	0.00530	0.00388	0.00173	0.00503	0.00337	0.00333	0.00639
48	0.02132	0.00998	0.01311	0.01053	0.01409	0.00982	0.00860	0.02534	0.11878	0.54414	0.06497	0.02007	0.01604	0.00763	0.00704	0.00184	0.08558	0.00595	0.00628	0.00888
49	0.00693	0.00557	0.00619	0.00641	0.00792	0.00483	0.00472	0.00846	0.01285	0.01606	0.14487	0.19627	0.51180	0.01457	0.00678	0.00197	0.00296	0.03068	0.00535	0.00480
50	0.00818	0.00546	0.00614	0.00614	0.00614	0.00546	0.00341	0.00818	0.00818	0.01091	0.01773	0.03683	0.02046	0.80222	0.02864	0.00546	0.00546	0.00818	0.00341	0.00341
51	0.01224	0.01405	0.09237	0.01513	0.01610	0.01675	0.03187	0.01408	0.00906	0.01408	0.00776	0.01234	0.00739	0.00927	0.01687	0.00238	0.69451	0.00489	0.00246	0.00641
52	0.01254	0.28721	0.52591	0.01391	0.02106	0.01613	0.01708	0.01750	0.01173	0.01630	0.00934	0.01093	0.00716	0.00517	0.00477	0.00159	0.00755	0.00378	0.00239	0.00795
53	0.01439	0.62638	0.18444	0.01107	0.01658	0.03699	0.01199	0.01718	0.01163	0.01421	0.00832	0.00965	0.00720	0.00495	0.00401	0.00133	0.00659	0.00326	0.00241	0.00744
54	0.03090	0.22448	0.01644	0.01007	0.02659	0.05488	0.00831	0.03727	0.11529	0.19159	0.16757	0.02109	0.03816	0.00737	0.00523	0.00159	0.00493	0.00587	0.00489	0.02749
55	0.04867	0.04560	0.04549	0.00901	0.01204	0.00856	0.00767	0.06589	0.03071	0.20869	0.21998	0.04965	0.12273	0.00984	0.00605	0.00182	0.00425	0.07438	0.00558	0.02340

[dist]
# distance from previous block
# <min> <max>
15	50

[block]
# block no. 5 follows, 42 sequences, length 29
# corresponding to MSA columns:
# 324-352
name=unknown_F
#
# <colnr> <probs for GDERKNQSTAVLIFYWHMCP>
#	G	D	E	R	K	N	Q	S	T	A	V	L	I	F	Y	W	H	M	C	P
0	0.09555	0.01322	0.01941	0.05223	0.46140	0.02897	0.03915	0.07559	0.10526	0.02086	0.02691	0.01486	0.01048	0.00565	0.00544	0.00172	0.00626	0.00512	0.00350	0.00843
1	0.01458	0.01103	0.01376	0.10309	0.01710	0.01126	0.03482	0.24863	0.03814	0.06169	0.02998	0.08866	0.01385	0.06817	0.03363	0.00213	0.00579	0.00617	0.00444	0.19308
2	0.01358	0.01302	0.02221	0.11394	0.69044	0.01328	0.01710	0.01697	0.01265	0.01796	0.01052	0.01404	0.00877	0.00508	0.00558	0.00169	0.00677	0.00501	0.00276	0.00863
3	0.01269	0.00997	0.01177	0.00846	0.01341	0.00756	0.00679	0.01517	0.01200	0.07497	0.01092	0.01223	0.00876	0.00438	0.00428	0.00090	0.00421	0.00351	0.00361	0.77440
4	0.02487	0.01018	0.01344	0.01030	0.01467	0.00917	0.00851	0.09807	0.01712	0.69894	0.02135	0.01860	0.01350	0.00694	0.00566	0.00174	0.00493	0.00560	0.00683	0.00958
5	0.02069	0.00857	0.01160	0.00924	0.01279	0.00749	0.00749	0.02299	0.01606	0.57365	0.21786	0.02519	0.02426	0.00816	0.00592	0.00175	0.00423	0.00685	0.00676	0.00845
6	0.01231	0.01231	0.01724	0.01477	0.01477	0.01724	0.01231	0.01354	0.00862	0.01354	0.00739	0.01231	0.00739	0.00985	0.01847	0.00246	0.79192	0.00492	0.00246	0.00616
7	0.01075	0.01013	0.01710	0.76104	0.06547	0.01253	0.01569	0.01448	0.01131	0.01453	0.01002	0.01496	0.00755	0.00560	0.00562	0.00187	0.00747	0.00500	0.00251	0.00635
8	0.84197	0.01088	0.00827	0.00740	0.01088	0.01262	0.00609	0.01654	0.00958	0.02525	0.00784	0.00914	0.00609	0.00522	0.00348	0.00174	0.00435	0.00305	0.00348	0.00609
9	0.00818	0.00546	0.00614	0.00614	0.00614	0.00546	0.00341	0.00818	0.00818	0.01091	0.01773	0.03683	0.02046	0.80222	0.02864	0.00546	0.00546	0.00818	0.00341	0.00341
10	0.00758	0.00544	0.00747	0.00865	0.00931	0.00534	0.00646	0.00910	0.01120	0.01492	0.02912	0.52092	0.03363	0.01947	0.08307	0.00303	0.00495	0.21058	0.00500	0.00478
11	0.05532	0.00987	0.01298	0.01004	0.01433	0.00885	0.00828	0.04823	0.03578	0.70182	0.02143	0.01866	0.01360	0.00691	0.00558	0.00174	0.00480	0.00556	0.00676	0.00943
12	0.01063	0.01000	0.01688	0.78870	0.03876	0.01250	0.01563	0.01438	0.01125	0.01438	0.01000	0.01500	0.00750	0.00563	0.00563	0.00188	0.00750	0.00500	0.00250	0.00625
13	0.02525	0.00958	0.01306	0.01001	0.01437	0.00827	0.00827	0.02743	0.01611	0.77102	0.02220	0.01915	0.01393	0.00697	0.00566	0.00174	0.00479	0.00566	0.00697	0.00958
14	0.01439	0.01452	0.02150	0.10624	0.61324	0.09761	0.01641	0.01756	0.01301	0.01749	0.01032	0.01362	0.00859	0.00516	0.00552	0.00167	0.00715	0.00486	0.00277	0.00839
15	0.81588	0.01084	0.00842	0.00748	0.01099	0.01249	0.00616	0.01689	0.00979	0.04908	0.00830	0.00946	0.00635	0.00528	0.00355	0.00174	0.00437	0.00313	0.00359	0.00621
16	0.00675	0.00570	0.00584	0.00580	0.00766	0.00479	0.00435	0.00827	0.01306	0.01576	0.11022	0.05325	0.71128	0.01405	0.00665	0.00189	0.00284	0.01175	0.00530	0.00479
17	0.01167	0.01000	0.01167	0.00834	0.01334	0.00750	0.00667	0.01417	0.01167	0.01834	0.01000	0.01167	0.00834	0.00417	0.00417	0.00083	0.00417	0.00333	0.00333	0.83663
18	0.02525	0.00958	0.01306	0.01001	0.01437	0.00827	0.00827	0.02743	0.01611	0.77102	0.02220	0.01915	0.01393	0.00697	0.00566	0.00174	0.00479	0.00566	0.00697	0.00958
19	0.00783	0.00781	0.08211	0.00891	0.01024	0.00611	0.00703	0.01047	0.06703	0.01540	0.02836	0.66296	0.03276	0.01568	0.00689	0.00221	0.00385	0.01411	0.00498	0.00526
20	0.01179	0.13358	0.67302	0.01518	0.02302	0.01431	0.01929	0.01769	0.01182	0.01721	0.00979	0.01150	0.00714	0.00528	0.00511	0.00170	0.00801	0.00400	0.00238	0.00817
21	0.00684	0.00498	0.00645	0.00763	0.00811	0.00459	0.00513	0.00786	0.01098	0.01445	0.03356	0.72561	0.10852	0.01730	0.00713	0.00225	0.00322	0.01559	0.00522	0.00459
22	0.00804	0.00603	0.00904	0.00904	0.01005	0.00703	0.00703	0.01005	0.00904	0.01306	0.01507	0.02211	0.01407	0.04221	0.77992	0.00904	0.01507	0.00603	0.00301	0.00502
23	0.01240	0.01238	0.01828	0.53037	0.21810	0.08269	0.01560	0.01584	0.01207	0.01532	0.01003	0.01429	0.00783	0.00549	0.00556	0.00179	0.00754	0.00488	0.00261	0.00694
24	0.00686	0.00490	0.00653	0.00784	0.00816	0.00457	0.00522	0.00784	0.01077	0.01437	0.03102	0.79855	0.03722	0.01763	0.00718	0.00229	0.00326	0.01600	0.00522	0.00457
25	0.02525	0.00958	0.01306	0.01001	0.01437	0.00827	0.00827	0.02743	0.01611	0.77102	0.02220	0.01915	0.01393	0.00697	0.00566	0.00174	0.00479	0.00566	0.00697	0.00958
26	0.01316	0.01546	0.05983	0.04599	0.06668	0.01410	0.66179	0.01788	0.01315	0.01793	0.01126	0.01499	0.00848	0.00481	0.00651	0.00188	0.00925	0.00642	0.00282	0.00765
27	0.01360	0.01357	0.04378	0.09076	0.69114	0.01330	0.01725	0.01707	0.01267	0.01807	0.01053	0.01395	0.00876	0.00507	0.00557	0.00169	0.00679	0.00499	0.00275	0.00870
28	0.01363	0.01306	0.02230	0.10333	0.70068	0.01329	0.01712	0.01701	0.01267	0.01802	0.01053	0.01403	0.00879	0.00507	0.00558	0.00169	0.00676	0.00501	0.00276	0.00867

[dist]
# distance from previous block
# <min> <max>
0	1

[block]
# block no. 6 follows, 42 sequences, length 29
# corresponding to MSA columns:
# 354-382
name=unknown_G
#
# <colnr> <probs for GDERKNQSTAVLIFYWHMCP>
#	G	D	E	R	K	N	Q	S	T	A	V	L	I	F	Y	W	H	M	C	P
0	0.01674	0.04732	0.02067	0.02547	0.42480	0.31464	0.03496	0.01932	0.01401	0.01638	0.00977	0.01230	0.00819	0.00531	0.00534	0.00157	0.00810	0.00444	0.00282	0.00788
1	0.01064	0.00984	0.01678	0.66667	0.03513	0.01195	0.05489	0.01430	0.01128	0.01486	0.01077	0.01568	0.00825	0.00745	0.04410	0.00220	0.00773	0.00516	0.04612	0.00621
2	0.01400	0.01377	0.02195	0.10141	0.66258	0.05310	0.01679	0.01728	0.01284	0.01778	0.01044	0.01383	0.00870	0.00511	0.00555	0.00168	0.00694	0.00494	0.00277	0.00855
3	0.00686	0.00490	0.00653	0.00784	0.00816	0.00457	0.00522	0.00784	0.01077	0.01437	0.03102	0.79855	0.03722	0.01763	0.00718	0.00229	0.00326	0.01600	0.00522	0.00457
4	0.00796	0.00575	0.00752	0.00708	0.00841	0.00531	0.00531	0.01062	0.01593	0.02257	0.76415	0.04204	0.05310	0.01150	0.00664	0.00177	0.00265	0.01018	0.00619	0.00531
5	0.00686	0.00490	0.00653	0.00784	0.00816	0.00457	0.00522	0.00784	0.01077	0.01437	0.03102	0.79855	0.03722	0.01763	0.00718	0.00229	0.00326	0.01600	0.00522	0.00457
6	0.01049	0.00525	0.00525	0.00525	0.00656	0.00525	0.00393	0.01311	0.01180	0.02098	0.01836	0.02098	0.01442	0.00656	0.00393	0.00131	0.00262	0.00525	0.83346	0.00525
7	0.84197	0.01088	0.00827	0.00740	0.01088	0.01262	0.00609	0.01654	0.00958	0.02525	0.00784	0.00914	0.00609	0.00522	0.00348	0.00174	0.00435	0.00305	0.00348	0.00609
8	0.01231	0.01231	0.01724	0.01477	0.01477	0.01724	0.01231	0.01354	0.00862	0.01354	0.00739	0.01231	0.00739	0.00985	0.01847	0.00246	0.79192	0.00492	0.00246	0.00616
9	0.02139	0.01576	0.01689	0.01295	0.01745	0.01745	0.01070	0.74835	0.02646	0.03547	0.01351	0.01351	0.00957	0.00676	0.00563	0.00169	0.00619	0.00507	0.00563	0.00957
10	0.00686	0.00490	0.00653	0.00784	0.00816	0.00457	0.00522	0.00784	0.01077	0.01437	0.03102	0.79855	0.03722	0.01763	0.00718	0.00229	0.00326	0.01600	0.00522	0.00457
11	0.84197	0.01088	0.00827	0.00740	0.01088	0.01262	0.00609	0.01654	0.00958	0.02525	0.00784	0.00914	0.00609	0.00522	0.00348	0.00174	0.00435	0.00305	0.00348	0.00609
12	0.84197	0.01088	0.00827	0.00740	0.01088	0.01262	0.00609	0.01654	0.00958	0.02525	0.00784	0.00914	0.00609	0.00522	0.00348	0.00174	0.00435	0.00305	0.00348	0.00609
13	0.02525	0.00958	0.01306	0.01001	0.01437	0.00827	0.00827	0.02743	0.01611	0.77102	0.02220	0.01915	0.01393	0.00697	0.00566	0.00174	0.00479	0.00566	0.00697	0.00958
14	0.00796	0.00575	0.00752	0.00708	0.00841	0.00531	0.00531	0.01062	0.01593	0.02257	0.76415	0.04204	0.05310	0.01150	0.00664	0.00177	0.00265	0.01018	0.00619	0.00531
15	0.02525	0.00958	0.01306	0.01001	0.01437	0.00827	0.00827	0.02743	0.01611	0.77102	0.02220	0.01915	0.01393	0.00697	0.00566	0.00174	0.00479	0.00566	0.00697	0.00958
16	0.01891	0.00818	0.01103	0.00894	0.01218	0.00719	0.00719	0.02127	0.01604	0.49670	0.29414	0.02754	0.02829	0.00863	0.00602	0.00175	0.00401	0.00732	0.00668	0.00801
17	0.00686	0.00490	0.00653	0.00784	0.00816	0.00457	0.00522	0.00784	0.01077	0.01437	0.03102	0.79855	0.03722	0.01763	0.00718	0.00229	0.00326	0.01600	0.00522	0.00457
18	0.02486	0.01019	0.01344	0.01031	0.01467	0.00919	0.00851	0.09929	0.01714	0.69769	0.02134	0.01859	0.01350	0.00694	0.00566	0.00174	0.00493	0.00560	0.00683	0.00958
19	0.01400	0.01209	0.01273	0.01145	0.01463	0.01400	0.00891	0.02990	0.75695	0.02354	0.02291	0.02100	0.01718	0.00764	0.00573	0.00191	0.00445	0.00636	0.00573	0.00891
20	0.00686	0.00490	0.00653	0.00784	0.00816	0.00457	0.00522	0.00784	0.01077	0.01437	0.03102	0.79855	0.03722	0.01763	0.00718	0.00229	0.00326	0.01600	0.00522	0.00457
21	0.02525	0.00958	0.01306	0.01001	0.01437	0.00827	0.00827	0.02743	0.01611	0.77102	0.02220	0.01915	0.01393	0.00697	0.00566	0.00174	0.00479	0.00566	0.00697	0.00958
22	0.00665	0.00570	0.00570	0.00570	0.00760	0.00475	0.00428	0.00808	0.01283	0.01520	0.05701	0.05416	0.76483	0.01425	0.00665	0.00190	0.00285	0.01188	0.00523	0.00475
23	0.00686	0.00490	0.00653	0.00784	0.00816	0.00457	0.00522	0.00784	0.01077	0.01437	0.03102	0.79855	0.03722	0.01763	0.00718	0.00229	0.00326	0.01600	0.00522	0.00457
24	0.01079	0.01017	0.01718	0.75119	0.07498	0.01255	0.01571	0.01452	0.01133	0.01458	0.01003	0.01495	0.00757	0.00560	0.00562	0.00187	0.00746	0.00500	0.00251	0.00638
25	0.03600	0.00709	0.03087	0.00769	0.00970	0.00613	0.00615	0.01312	0.01555	0.11903	0.60232	0.03752	0.06563	0.01062	0.00638	0.00177	0.00316	0.00924	0.00607	0.00596
26	0.00723	0.00555	0.00631	0.00640	0.00763	0.00497	0.00451	0.00864	0.01247	0.01605	0.20826	0.15807	0.37230	0.14417	0.01036	0.00251	0.00330	0.01149	0.00515	0.00463
27	0.02475	0.01037	0.01355	0.01039	0.01476	0.00945	0.00858	0.12010	0.01744	0.67647	0.02108	0.01843	0.01337	0.00694	0.00566	0.00173	0.00497	0.00558	0.00679	0.00958
28	0.02043	0.01078	0.01310	0.01050	0.01428	0.01071	0.00850	0.19005	0.11866	0.39858	0.10023	0.04405	0.01828	0.00782	0.00581	0.00177	0.00479	0.00642	0.00636	0.00888

[dist]
# distance from previous block
# <min> <max>
1	5

[block]
# block no. 7 follows, 42 sequences, length 63
# corresponding to MSA columns:
# 388-450
name=unknown_H
#
# <colnr> <probs for GDERKNQSTAVLIFYWHMCP>
#	G	D	E	R	K	N	Q	S	T	A	V	L	I	F	Y	W	H	M	C	P
0	0.01655	0.01246	0.01458	0.01360	0.08671	0.01338	0.00991	0.40353	0.08876	0.04311	0.03751	0.14102	0.01692	0.00889	0.00597	0.00183	0.00539	0.04380	0.00526	0.03082
1	0.01357	0.01302	0.02212	0.10484	0.67693	0.01340	0.01697	0.01689	0.01255	0.01787	0.01044	0.01398	0.00874	0.00521	0.00595	0.00171	0.02946	0.00501	0.00275	0.00858
2	0.04756	0.13982	0.55411	0.01412	0.02132	0.01390	0.01726	0.01862	0.01216	0.09547	0.01093	0.01210	0.00780	0.00543	0.00505	0.00169	0.00745	0.00410	0.00290	0.00820
3	0.07715	0.08825	0.01573	0.01247	0.01555	0.39292	0.00983	0.06625	0.08633	0.05238	0.01238	0.01343	0.03125	0.00733	0.02447	0.00177	0.06138	0.00436	0.00358	0.02317
4	0.14166	0.12031	0.40203	0.01402	0.03991	0.12603	0.01516	0.03430	0.01249	0.03253	0.00958	0.01109	0.00723	0.00538	0.00482	0.00165	0.00753	0.00384	0.00280	0.00765
5	0.01442	0.01496	0.02047	0.18855	0.44597	0.14310	0.03727	0.01789	0.03211	0.01688	0.01048	0.01373	0.00854	0.00533	0.00553	0.00169	0.00747	0.00486	0.00282	0.00791
6	0.00759	0.00557	0.00700	0.00697	0.00812	0.00510	0.00504	0.00960	0.01409	0.01934	0.48530	0.18365	0.14950	0.05800	0.00799	0.00209	0.00296	0.01138	0.00572	0.00499
7	0.01368	0.01390	0.02628	0.03960	0.03975	0.01411	0.45578	0.07270	0.01336	0.03332	0.01137	0.03052	0.00909	0.00602	0.00825	0.00190	0.13519	0.00611	0.00315	0.06590
8	0.00783	0.00575	0.00733	0.00693	0.00832	0.00525	0.00520	0.01035	0.01560	0.02179	0.68962	0.04331	0.12811	0.01179	0.00664	0.00178	0.00268	0.01036	0.00609	0.00525
9	0.01393	0.01337	0.02284	0.03454	0.76712	0.01337	0.01727	0.01727	0.01281	0.01839	0.01059	0.01393	0.00891	0.00501	0.00557	0.00167	0.00669	0.00501	0.00279	0.00891
10	0.01049	0.00525	0.00525	0.00525	0.00656	0.00525	0.00393	0.01311	0.01180	0.02098	0.01836	0.02098	0.01442	0.00656	0.00393	0.00131	0.00262	0.00525	0.83346	0.00525
11	0.00665	0.00570	0.00570	0.00570	0.00760	0.00475	0.00428	0.00808	0.01283	0.01520	0.05701	0.05416	0.76483	0.01425	0.00665	0.00190	0.00285	0.01188	0.00523	0.00475
12	0.01400	0.01209	0.01273	0.01145	0.01463	0.01400	0.00891	0.02990	0.75695	0.02354	0.02291	0.02100	0.01718	0.00764	0.00573	0.00191	0.00445	0.00636	0.00573	0.00891
13	0.00818	0.00546	0.00614	0.00614	0.00614	0.00546	0.00341	0.00818	0.00818	0.01091	0.01773	0.03683	0.02046	0.80222	0.02864	0.00546	0.00546	0.00818	0.00341	0.00341
14	0.02139	0.01576	0.01689	0.01295	0.01745	0.01745	0.01070	0.74835	0.02646	0.03547	0.01351	0.01351	0.00957	0.00676	0.00563	0.00169	0.00619	0.00507	0.00563	0.00957
15	0.01328	0.01518	0.03321	0.02372	0.02941	0.01423	0.74668	0.01803	0.01328	0.01803	0.01139	0.01518	0.00854	0.00474	0.00664	0.00190	0.00949	0.00664	0.00285	0.00759
16	0.01167	0.01000	0.01167	0.00834	0.01334	0.00750	0.00667	0.01417	0.01167	0.01834	0.01000	0.01167	0.00834	0.00417	0.00417	0.00083	0.00417	0.00333	0.00333	0.83663
17	0.01201	0.00999	0.01170	0.00838	0.01336	0.00752	0.00671	0.01451	0.01178	0.03739	0.01031	0.01186	0.00848	0.00424	0.00421	0.00086	0.00418	0.00339	0.00343	0.81569
18	0.00796	0.00575	0.00752	0.00708	0.00841	0.00531	0.00531	0.01062	0.01593	0.02257	0.76415	0.04204	0.05310	0.01150	0.00664	0.00177	0.00265	0.01018	0.00619	0.00531
19	0.84197	0.01088	0.00827	0.00740	0.01088	0.01262	0.00609	0.01654	0.00958	0.02525	0.00784	0.00914	0.00609	0.00522	0.00348	0.00174	0.00435	0.00305	0.00348	0.00609
20	0.02102	0.02682	0.01595	0.01450	0.01740	0.77963	0.01087	0.02247	0.01595	0.01377	0.00870	0.01015	0.00725	0.00580	0.00507	0.00145	0.01015	0.00362	0.00290	0.00652
21	0.02334	0.00992	0.01306	0.00993	0.01438	0.00860	0.00818	0.05898	0.01602	0.64140	0.02025	0.01794	0.01302	0.00660	0.00547	0.00162	0.00477	0.00534	0.00644	0.11473
22	0.06647	0.03134	0.01326	0.00987	0.01419	0.00887	0.00820	0.02658	0.01565	0.71247	0.02108	0.01837	0.01335	0.00682	0.00549	0.00173	0.00480	0.00545	0.00666	0.00934
23	0.00686	0.00490	0.00653	0.00784	0.00816	0.00457	0.00522	0.00784	0.01077	0.01437	0.03102	0.79855	0.03722	0.01763	0.00718	0.00229	0.00326	0.01600	0.00522	0.00457
24	0.01113	0.01051	0.01778	0.67453	0.14902	0.01263	0.01588	0.01482	0.01149	0.01499	0.01009	0.01484	0.00772	0.00553	0.00562	0.00184	0.00738	0.00500	0.00254	0.00665
25	0.01495	0.78600	0.04826	0.00979	0.01469	0.02204	0.00991	0.01688	0.01145	0.01336	0.00788	0.00910	0.00722	0.00483	0.00365	0.00122	0.00608	0.00304	0.00241	0.00725
26	0.00798	0.00597	0.00891	0.00898	0.00995	0.00690	0.00694	0.00993	0.00914	0.01313	0.01592	0.06308	0.01529	0.04091	0.73915	0.00869	0.01445	0.00656	0.00313	0.00500
27	0.00792	0.00575	0.00746	0.00704	0.00838	0.00529	0.00528	0.01054	0.01583	0.02233	0.74140	0.04243	0.07600	0.01159	0.00664	0.00177	0.00266	0.01023	0.00616	0.00529
28	0.01582	0.04671	0.01725	0.01444	0.01595	0.31794	0.03072	0.01729	0.01183	0.01396	0.00834	0.01166	0.00756	0.00784	0.01191	0.00197	0.41141	0.00440	0.02666	0.00635
29	0.06829	0.01483	0.14642	0.30879	0.17346	0.01326	0.08665	0.05364	0.04754	0.01832	0.01090	0.01410	0.00828	0.00550	0.00553	0.00181	0.00725	0.00496	0.00294	0.00753
30	0.01336	0.01365	0.05678	0.13512	0.63476	0.01324	0.01721	0.01691	0.01256	0.01782	0.01048	0.01398	0.00864	0.00511	0.00557	0.00170	0.00687	0.00497	0.00273	0.00853
31	0.80237	0.03037	0.02699	0.00766	0.01129	0.01287	0.00653	0.01658	0.00968	0.02478	0.00789	0.00920	0.00615	0.00522	0.00353	0.00173	0.00449	0.00307	0.00343	0.00617
32	0.00978	0.00489	0.00733	0.00733	0.00733	0.00489	0.00489	0.00733	0.00733	0.00978	0.00978	0.01711	0.00978	0.01955	0.02199	0.83627	0.00489	0.00489	0.00244	0.00244
33	0.01279	0.01494	0.06558	0.08615	0.02743	0.01455	0.52291	0.01694	0.01224	0.01694	0.01052	0.01451	0.00818	0.00573	0.00853	0.00199	0.14400	0.00609	0.00273	0.00727
34	0.04691	0.09017	0.01991	0.01580	0.05282	0.03484	0.09451	0.01481	0.00985	0.01473	0.00826	0.01244	0.00767	0.00902	0.03182	0.00234	0.52014	0.00485	0.00258	0.00654
35	0.00869	0.00696	0.01020	0.00983	0.01065	0.00853	0.00773	0.01052	0.00895	0.01307	0.01399	0.02106	0.01325	0.05986	0.64234	0.00794	0.13241	0.00593	0.00294	0.00515
36	0.00818	0.00546	0.00614	0.00614	0.00614	0.00546	0.00341	0.00818	0.00818	0.01091	0.01773	0.03683	0.02046	0.80222	0.02864	0.00546	0.00546	0.00818	0.00341	0.00341
37	0.01359	0.01302	0.02222	0.11265	0.69168	0.01328	0.01710	0.01697	0.01265	0.01797	0.01053	0.01404	0.00877	0.00508	0.00558	0.00169	0.00677	0.00501	0.00276	0.00864
38	0.01807	0.01411	0.01502	0.01228	0.01619	0.01590	0.00989	0.42567	0.35456	0.03011	0.01773	0.01687	0.01299	0.00715	0.00567	0.00179	0.00541	0.00565	0.00567	0.00927
39	0.00804	0.00603	0.00904	0.00904	0.01005	0.00703	0.00703	0.01005	0.00904	0.01306	0.01507	0.02211	0.01407	0.04221	0.77992	0.00904	0.01507	0.00603	0.00301	0.00502
40	0.01049	0.00525	0.00525	0.00525	0.00656	0.00525	0.00393	0.01311	0.01180	0.02098	0.01836	0.02098	0.01442	0.00656	0.00393	0.00131	0.00262	0.00525	0.83346	0.00525
41	0.00665	0.00570	0.00570	0.00570	0.00760	0.00475	0.00428	0.00808	0.01283	0.01520	0.05701	0.05416	0.76483	0.01425	0.00665	0.00190	0.00285	0.01188	0.00523	0.00475
42	0.01154	0.00986	0.01153	0.00832	0.01320	0.00742	0.00663	0.01400	0.01165	0.01823	0.01057	0.03306	0.00912	0.00453	0.00425	0.00087	0.00414	0.00368	0.00339	0.81401
43	0.01129	0.02911	0.77306	0.01604	0.02436	0.01307	0.02079	0.01782	0.01188	0.01782	0.01010	0.01188	0.00713	0.00535	0.00535	0.00178	0.00832	0.00416	0.00238	0.00832
44	0.01505	0.80561	0.02949	0.00963	0.01444	0.02227	0.00963	0.01685	0.01143	0.01324	0.00782	0.00903	0.00722	0.00481	0.00361	0.00120	0.00602	0.00301	0.00241	0.00722
45	0.00697	0.00498	0.00663	0.00776	0.00819	0.00464	0.00523	0.00811	0.01129	0.01518	0.10402	0.72322	0.03880	0.01702	0.00713	0.00223	0.00320	0.01542	0.00532	0.00464
46	0.00785	0.00575	0.00736	0.00696	0.00834	0.00526	0.00522	0.01039	0.01565	0.02191	0.70117	0.04312	0.11649	0.01175	0.00664	0.00178	0.00267	0.01033	0.00611	0.00526
