[name]
unknown

[dist]
# distance from previous block
# <min> <max>
61	236

[block]
# block no. 0 follows, 44 sequences, length 10
# corresponding to MSA columns:
# 269-278
name=unknown_A
#
# <colnr> <probs for GDERKNQSTAVLIFYWHMCP>
#	G	D	E	R	K	N	Q	S	T	A	V	L	I	F	Y	W	H	M	C	P
0	0.01066	0.00616	0.00796	0.00811	0.00939	0.00576	0.00579	0.04997	0.01217	0.15434	0.02814	0.56937	0.05691	0.03865	0.00723	0.00217	0.00363	0.01274	0.00534	0.00554
1	0.00918	0.00731	0.00768	0.00694	0.00918	0.00690	0.00538	0.14461	0.01513	0.01902	0.11860	0.04412	0.56149	0.01222	0.00626	0.00179	0.00333	0.01014	0.00523	0.00551
2	0.01278	0.03182	0.01945	0.02604	0.53898	0.01161	0.03238	0.01581	0.01217	0.01765	0.01126	0.01567	0.00980	0.00526	0.00520	0.00150	0.00591	0.04263	0.02380	0.16028
3	0.01211	0.01318	0.02722	0.01972	0.02468	0.01212	0.59309	0.01610	0.01245	0.01718	0.01257	0.08544	0.01075	0.00565	0.00618	0.00174	0.00800	0.00685	0.00302	0.11192
4	0.17146	0.01441	0.01484	0.01156	0.01575	0.01605	0.00955	0.62117	0.02265	0.03255	0.01209	0.01232	0.00866	0.00627	0.00507	0.00165	0.00567	0.00455	0.00507	0.00866
5	0.01430	0.01481	0.02929	0.02107	0.02638	0.01436	0.61881	0.15225	0.01520	0.02055	0.01141	0.01441	0.00845	0.00495	0.00626	0.00180	0.00861	0.00616	0.00325	0.00770
6	0.01396	0.73910	0.02678	0.00928	0.01361	0.02024	0.00910	0.01573	0.01087	0.01281	0.00821	0.00989	0.00759	0.00793	0.07405	0.00185	0.00662	0.00318	0.00239	0.00680
7	0.01425	0.74217	0.09525	0.00988	0.01484	0.02078	0.01029	0.01641	0.01112	0.01322	0.00777	0.00899	0.00699	0.00471	0.00365	0.00122	0.00603	0.00301	0.00233	0.00709
8	0.69765	0.01011	0.00848	0.00740	0.01078	0.01132	0.00608	0.01725	0.01022	0.12340	0.00992	0.01070	0.00730	0.00535	0.00367	0.00167	0.00419	0.00339	0.04481	0.00631
9	0.46002	0.01081	0.01022	0.00860	0.01202	0.01190	0.00701	0.16426	0.04431	0.10922	0.07672	0.01533	0.03646	0.00643	0.00447	0.00169	0.00444	0.00461	0.00452	0.00695

[dist]
# distance from previous block
# <min> <max>
2	4

[block]
# block no. 1 follows, 44 sequences, length 14
# corresponding to MSA columns:
# 284-297
name=unknown_B
#
# <colnr> <probs for GDERKNQSTAVLIFYWHMCP>
#	G	D	E	R	K	N	Q	S	T	A	V	L	I	F	Y	W	H	M	C	P
0	0.00712	0.00555	0.00646	0.00623	0.00778	0.00489	0.00468	0.00914	0.01403	0.01853	0.43694	0.04621	0.38810	0.01239	0.00644	0.00177	0.00266	0.01063	0.00556	0.00489
1	0.01332	0.01105	0.01190	0.01054	0.01345	0.01250	0.00822	0.09993	0.56440	0.02383	0.14618	0.02300	0.02169	0.00793	0.00568	0.00181	0.00420	0.00665	0.00561	0.00811
2	0.00947	0.00473	0.00710	0.00710	0.00710	0.00473	0.00473	0.00710	0.00710	0.00947	0.00947	0.01657	0.00947	0.01894	0.02131	0.84138	0.00473	0.00473	0.00237	0.00237
3	0.01310	0.01487	0.10264	0.16491	0.51369	0.06311	0.01642	0.01662	0.01225	0.01678	0.00999	0.01322	0.00810	0.00505	0.00535	0.00165	0.00701	0.00468	0.00261	0.00797
4	0.00882	0.00609	0.00660	0.00623	0.00814	0.00534	0.00463	0.01058	0.03506	0.09725	0.06783	0.04551	0.55743	0.10577	0.00881	0.00222	0.00330	0.01022	0.00508	0.00509
5	0.02072	0.01527	0.01636	0.01254	0.01691	0.01691	0.01036	0.75622	0.02563	0.03436	0.01309	0.01309	0.00927	0.00654	0.00545	0.00164	0.00600	0.00491	0.00545	0.00927
6	0.01130	0.00969	0.01130	0.00807	0.01292	0.00727	0.00646	0.01373	0.01130	0.01776	0.00969	0.01130	0.00807	0.00404	0.00404	0.00081	0.00404	0.00323	0.00323	0.84173
7	0.00851	0.00651	0.00793	0.00756	0.00908	0.00644	0.00566	0.01299	0.13964	0.02081	0.53051	0.11391	0.08683	0.01127	0.00634	0.00179	0.00293	0.00990	0.00578	0.00562
8	0.02070	0.06977	0.01576	0.01304	0.01619	0.61139	0.01004	0.02225	0.01522	0.14081	0.01056	0.01122	0.00810	0.00575	0.00493	0.00144	0.00873	0.00380	0.00344	0.00685
9	0.01245	0.12219	0.44190	0.01490	0.02086	0.01395	0.10108	0.01703	0.01157	0.06091	0.02918	0.01273	0.00861	0.00582	0.00670	0.00175	0.10359	0.00449	0.00272	0.00759
10	0.01045	0.00985	0.01663	0.75850	0.07314	0.01215	0.01522	0.01406	0.01097	0.01412	0.00972	0.01448	0.00733	0.00542	0.00545	0.00181	0.00723	0.00485	0.00244	0.00618
11	0.00706	0.00479	0.00638	0.00740	0.00765	0.00453	0.00488	0.00757	0.00986	0.01315	0.02673	0.65419	0.03180	0.08459	0.01028	0.09321	0.00351	0.01369	0.00462	0.00411
12	0.07657	0.01182	0.02075	0.21384	0.06177	0.02853	0.28978	0.01502	0.01137	0.01631	0.01179	0.08592	0.01037	0.00661	0.00713	0.00188	0.09543	0.00623	0.02239	0.00648
13	0.10988	0.00986	0.01192	0.00963	0.01341	0.00949	0.00785	0.08265	0.09153	0.45557	0.01938	0.05277	0.01400	0.00722	0.00532	0.00170	0.00459	0.03260	0.00582	0.05479

[dist]
# distance from previous block
# <min> <max>
4	27

[block]
# block no. 2 follows, 44 sequences, length 7
# corresponding to MSA columns:
# 325-331
name=unknown_C
#
# <colnr> <probs for GDERKNQSTAVLIFYWHMCP>
#	G	D	E	R	K	N	Q	S	T	A	V	L	I	F	Y	W	H	M	C	P
0	0.00737	0.00586	0.00678	0.00683	0.00805	0.00546	0.00488	0.00850	0.01090	0.01398	0.03656	0.23793	0.35291	0.14734	0.01058	0.00250	0.04133	0.03222	0.00453	0.05549
1	0.05990	0.01191	0.01904	0.26187	0.06798	0.03237	0.16647	0.03762	0.01122	0.01618	0.00966	0.01361	0.00781	0.00637	0.00871	0.00191	0.21503	0.00503	0.04081	0.00650
2	0.01261	0.01325	0.05805	0.04978	0.03620	0.07265	0.16610	0.05015	0.01276	0.01795	0.05355	0.01391	0.01044	0.00520	0.00561	0.00135	0.04226	0.00461	0.00322	0.37033
3	0.01071	0.03764	0.00762	0.00662	0.00810	0.00709	0.00522	0.05536	0.01194	0.01966	0.01728	0.04687	0.01454	0.00927	0.05258	0.00188	0.04119	0.03554	0.60549	0.00540
4	0.01921	0.01455	0.01664	0.01287	0.01705	0.01595	0.05542	0.63913	0.06071	0.03177	0.01423	0.05164	0.01086	0.00697	0.00559	0.00169	0.00597	0.00557	0.00528	0.00889
5	0.08504	0.06025	0.08361	0.03556	0.06070	0.09932	0.15556	0.10535	0.01333	0.01822	0.01408	0.16170	0.01358	0.04580	0.00685	0.00194	0.02212	0.00681	0.00352	0.00666
6	0.06616	0.09391	0.10887	0.01737	0.16594	0.22598	0.05785	0.06525	0.03497	0.01719	0.01056	0.01247	0.02398	0.00583	0.00604	0.00162	0.07139	0.00436	0.00297	0.00727

[dist]
# distance from previous block
# <min> <max>
20	87

[block]
# block no. 3 follows, 44 sequences, length 9
# corresponding to MSA columns:
# 424-432
name=unknown_D
#
# <colnr> <probs for GDERKNQSTAVLIFYWHMCP>
#	G	D	E	R	K	N	Q	S	T	A	V	L	I	F	Y	W	H	M	C	P
0	0.01496	0.03090	0.01912	0.06333	0.04948	0.14249	0.22548	0.15603	0.01511	0.02006	0.01189	0.01428	0.00918	0.00565	0.00563	0.00159	0.02943	0.00506	0.15600	0.02434
1	0.01478	0.01525	0.15368	0.01289	0.06583	0.03555	0.01109	0.33585	0.04975	0.02508	0.11214	0.02129	0.10758	0.00765	0.00563	0.00169	0.00563	0.00618	0.00464	0.00781
2	0.01418	0.01126	0.01271	0.00947	0.01392	0.01031	0.00766	0.25898	0.01631	0.02352	0.06118	0.01384	0.01134	0.00534	0.00466	0.00114	0.00459	0.00422	0.00415	0.51120
3	0.00827	0.00954	0.14754	0.00776	0.00962	0.00653	0.00671	0.00991	0.01006	0.01369	0.11281	0.03397	0.11502	0.46517	0.01836	0.00377	0.00515	0.00790	0.00367	0.00456
4	0.01196	0.01172	0.02100	0.35452	0.05320	0.01273	0.26792	0.03648	0.10588	0.01717	0.01215	0.01549	0.00916	0.00545	0.00573	0.00179	0.00731	0.00557	0.03783	0.00695
5	0.01463	0.01506	0.01780	0.01457	0.01820	0.15487	0.19309	0.02481	0.44212	0.01976	0.01692	0.01703	0.01282	0.00638	0.00565	0.00177	0.00653	0.00575	0.00436	0.00789
6	0.01290	0.01071	0.01285	0.10516	0.01666	0.00962	0.00823	0.14944	0.01387	0.02033	0.01031	0.01203	0.00819	0.00467	0.00447	0.00108	0.00479	0.00373	0.00354	0.58740
7	0.01324	0.01292	0.01219	0.00954	0.01380	0.15046	0.00747	0.01710	0.10586	0.01758	0.01102	0.01216	0.00895	0.00474	0.00439	0.00105	0.00513	0.00365	0.00344	0.58532
8	0.02072	0.01527	0.01636	0.01254	0.01691	0.01691	0.01036	0.75622	0.02563	0.03436	0.01309	0.01309	0.00927	0.00654	0.00545	0.00164	0.00600	0.00491	0.00545	0.00927

[dist]
# distance from previous block
# <min> <max>
4	19

[block]
# block no. 4 follows, 44 sequences, length 31
# corresponding to MSA columns:
# 453-483
name=unknown_E
#
# <colnr> <probs for GDERKNQSTAVLIFYWHMCP>
#	G	D	E	R	K	N	Q	S	T	A	V	L	I	F	Y	W	H	M	C	P
0	0.01537	0.01144	0.01266	0.03276	0.01438	0.01228	0.00844	0.33450	0.17145	0.04240	0.01728	0.11590	0.01453	0.00777	0.00538	0.00164	0.00479	0.00637	0.08031	0.09034
1	0.07558	0.34013	0.12269	0.06426	0.01717	0.07068	0.01128	0.10065	0.02775	0.04299	0.00943	0.01091	0.00761	0.00562	0.00547	0.00153	0.07225	0.00377	0.00301	0.00723
2	0.01151	0.01293	0.08683	0.03311	0.01929	0.03739	0.29027	0.04702	0.01246	0.01723	0.06529	0.14848	0.01593	0.02041	0.00757	0.00190	0.08586	0.00741	0.02727	0.05184
3	0.00901	0.00727	0.00904	0.00848	0.01033	0.00689	0.00631	0.01151	0.06376	0.01585	0.04670	0.38332	0.02440	0.03782	0.00750	0.00189	0.06064	0.04049	0.00435	0.24443
4	0.52100	0.03850	0.04366	0.00848	0.01195	0.01233	0.00723	0.07960	0.09661	0.04026	0.02973	0.02742	0.03437	0.02305	0.00467	0.00178	0.00453	0.00434	0.00393	0.00656
5	0.01295	0.00867	0.01083	0.00939	0.01178	0.00859	0.03211	0.16921	0.04896	0.11740	0.12854	0.26071	0.02495	0.06476	0.00751	0.00204	0.00432	0.00912	0.00519	0.06295
6	0.21340	0.01045	0.01436	0.38581	0.05146	0.01227	0.03537	0.01717	0.09609	0.06933	0.01137	0.01398	0.00850	0.00575	0.00541	0.00179	0.03288	0.00463	0.00332	0.00666
7	0.01336	0.01274	0.03726	0.01794	0.02245	0.01182	0.47010	0.01699	0.01265	0.10314	0.03753	0.06917	0.01203	0.00618	0.00687	0.00179	0.05830	0.00663	0.00348	0.07960
8	0.01272	0.01307	0.01786	0.01675	0.10127	0.07278	0.06227	0.01491	0.03604	0.01428	0.00863	0.01273	0.00793	0.00932	0.03898	0.00237	0.54415	0.00488	0.00260	0.00644
9	0.01251	0.01169	0.01943	0.18527	0.52088	0.01250	0.01521	0.01564	0.01176	0.01687	0.01044	0.01406	0.00862	0.00540	0.00615	0.00169	0.06022	0.00486	0.05911	0.00769
10	0.01313	0.01258	0.02148	0.11962	0.69106	0.01286	0.01655	0.01641	0.01224	0.01737	0.01019	0.01361	0.00848	0.00492	0.00540	0.00164	0.00657	0.00486	0.00267	0.00834
11	0.02116	0.00965	0.01333	0.01231	0.09955	0.00885	0.00886	0.02456	0.07901	0.57675	0.07097	0.01963	0.01578	0.00689	0.00554	0.00169	0.00468	0.00577	0.00614	0.00887
12	0.00677	0.00480	0.00629	0.00742	0.00771	0.00452	0.00488	0.00763	0.01018	0.01357	0.02872	0.72571	0.03439	0.09849	0.00910	0.00253	0.00338	0.01472	0.00488	0.00431
13	0.00662	0.00484	0.00623	0.00735	0.00784	0.00445	0.00495	0.00762	0.01067	0.01401	0.03299	0.71685	0.12215	0.01670	0.00690	0.00217	0.00312	0.01503	0.00506	0.00445
14	0.01221	0.24072	0.54743	0.01388	0.02089	0.01502	0.03071	0.01719	0.01149	0.03023	0.00943	0.01095	0.00708	0.00506	0.00475	0.00158	0.00741	0.00380	0.00240	0.00778
15	0.00664	0.00474	0.00633	0.00759	0.00791	0.00443	0.00506	0.00759	0.01044	0.01392	0.03005	0.80485	0.03606	0.01708	0.00696	0.00221	0.00316	0.01550	0.00506	0.00443
16	0.00664	0.00474	0.00633	0.00759	0.00791	0.00443	0.00506	0.00759	0.01044	0.01392	0.03005	0.80485	0.03606	0.01708	0.00696	0.00221	0.00316	0.01550	0.00506	0.00443
17	0.01458	0.81168	0.02857	0.00933	0.01399	0.02157	0.00933	0.01632	0.01108	0.01283	0.00758	0.00875	0.00700	0.00466	0.00350	0.00117	0.00583	0.00292	0.00233	0.00700
18	0.01252	0.01451	0.05075	0.11012	0.02938	0.01357	0.65097	0.01706	0.01261	0.01706	0.01084	0.01460	0.00812	0.00471	0.00629	0.00183	0.00894	0.00619	0.00271	0.00723
19	0.00772	0.00557	0.00729	0.00686	0.00814	0.00514	0.00514	0.01029	0.01543	0.02186	0.77152	0.04072	0.05144	0.01115	0.00643	0.00171	0.00257	0.00986	0.00600	0.00514
20	0.09347	0.11454	0.59293	0.01464	0.04743	0.01364	0.01740	0.01702	0.01127	0.01749	0.00934	0.01101	0.00688	0.00510	0.00482	0.00166	0.00737	0.00383	0.00242	0.00775
21	0.01491	0.64438	0.02534	0.00967	0.01399	0.01975	0.00919	0.12051	0.01310	0.01595	0.00988	0.06315	0.00928	0.00577	0.00401	0.00130	0.00567	0.00405	0.00296	0.00714
22	0.01411	0.00947	0.09662	0.00886	0.01197	0.00703	0.00787	0.01694	0.01505	0.29358	0.41540	0.02944	0.03275	0.00889	0.00595	0.00171	0.00394	0.00762	0.00585	0.00696
23	0.00660	0.00552	0.00576	0.00581	0.00755	0.00468	0.00437	0.00809	0.01257	0.01523	0.10240	0.07461	0.67923	0.01376	0.00649	0.00186	0.00283	0.03284	0.00513	0.00465
24	0.04352	0.01192	0.01399	0.01332	0.10013	0.01276	0.00971	0.35027	0.10200	0.07527	0.04112	0.02315	0.06583	0.00798	0.00568	0.00177	0.00522	0.08675	0.02157	0.00803
25	0.00955	0.14430	0.11815	0.09758	0.01454	0.00970	0.00900	0.01257	0.01352	0.01851	0.42142	0.02889	0.06411	0.00871	0.00566	0.00164	0.00441	0.00740	0.00443	0.00594
26	0.01269	0.30137	0.37695	0.01407	0.07020	0.01592	0.01480	0.01822	0.09658	0.01636	0.01044	0.01167	0.00816	0.00523	0.00464	0.00154	0.00674	0.00393	0.00271	0.00779
27	0.03768	0.21880	0.17565	0.01247	0.06737	0.02958	0.02772	0.01724	0.02623	0.09470	0.01054	0.01175	0.00821	0.00506	0.00483	0.00136	0.02743	0.00382	0.00314	0.21640
28	0.01358	0.02766	0.01496	0.01492	0.15319	0.01136	0.05883	0.17973	0.12228	0.05251	0.12349	0.12218	0.02004	0.03527	0.00654	0.00186	0.00508	0.00731	0.00468	0.02451
29	0.01337	0.00994	0.03407	0.00912	0.01253	0.00908	0.00743	0.12074	0.12221	0.10881	0.13575	0.06761	0.04133	0.00808	0.01741	0.00160	0.00432	0.00631	0.04381	0.22646
30	0.04049	0.01099	0.05880	0.01000	0.03363	0.02175	0.00814	0.18370	0.07843	0.09196	0.12657	0.05575	0.10357	0.00812	0.00543	0.00162	0.00447	0.00668	0.06928	0.08062

[dist]
# distance from previous block
# <min> <max>
17	115

[block]
# block no. 5 follows, 44 sequences, length 8
# corresponding to MSA columns:
# 599-606
name=unknown_F
#
# <colnr> <probs for GDERKNQSTAVLIFYWHMCP>
#	G	D	E	R	K	N	Q	S	T	A	V	L	I	F	Y	W	H	M	C	P
0	0.03837	0.12331	0.14238	0.05472	0.12658	0.16213	0.08031	0.06280	0.06276	0.01745	0.01106	0.01399	0.00904	0.00565	0.00509	0.00158	0.00719	0.03148	0.00308	0.04103
1	0.10128	0.07821	0.13066	0.14829	0.14895	0.04388	0.01275	0.13624	0.04989	0.01993	0.01323	0.01585	0.04522	0.00615	0.00512	0.00168	0.00629	0.02557	0.00340	0.00741
2	0.06141	0.13820	0.04562	0.01169	0.07860	0.01135	0.04149	0.06413	0.08714	0.06446	0.13294	0.09759	0.01994	0.07511	0.00722	0.00197	0.00494	0.02045	0.00423	0.03151
3	0.04941	0.01128	0.06584	0.05953	0.07510	0.01024	0.02366	0.07889	0.07975	0.18910	0.04256	0.09505	0.03043	0.00743	0.00596	0.00167	0.04129	0.00615	0.00452	0.12215
4	0.01404	0.04150	0.08397	0.01253	0.04337	0.10465	0.05881	0.10480	0.10823	0.07565	0.07245	0.04536	0.05385	0.00828	0.00578	0.00177	0.00586	0.11389	0.00442	0.04076
5	0.09218	0.05845	0.06367	0.04031	0.03369	0.10194	0.03299	0.06519	0.11766	0.04620	0.12113	0.05587	0.03088	0.05025	0.00715	0.00193	0.04241	0.02733	0.00414	0.00664
6	0.01179	0.06282	0.06467	0.00924	0.01271	0.00906	0.02514	0.08920	0.03418	0.05855	0.09148	0.14292	0.04250	0.05729	0.00664	0.00170	0.00455	0.00686	0.00420	0.26452
7	0.01384	0.04318	0.01418	0.01084	0.01439	0.06192	0.07495	0.19999	0.07382	0.02137	0.01624	0.11690	0.03905	0.00729	0.00520	0.00149	0.00520	0.00617	0.06635	0.20761

[dist]
# distance from previous block
# <min> <max>
5	6

[block]
# block no. 6 follows, 44 sequences, length 11
# corresponding to MSA columns:
# 613-623
name=unknown_G
#
# <colnr> <probs for GDERKNQSTAVLIFYWHMCP>
#	G	D	E	R	K	N	Q	S	T	A	V	L	I	F	Y	W	H	M	C	P
0	0.01349	0.03530	0.09780	0.01106	0.03465	0.07409	0.00930	0.14230	0.11128	0.01978	0.01452	0.01715	0.03986	0.08722	0.00774	0.00184	0.03779	0.00498	0.04207	0.19778
1	0.01612	0.01273	0.01366	0.03175	0.01514	0.04232	0.00880	0.39602	0.04236	0.02590	0.01477	0.04771	0.04140	0.00671	0.00544	0.00148	0.02500	0.00521	0.04036	0.20713
2	0.01504	0.25027	0.01764	0.01134	0.03432	0.21280	0.00901	0.07147	0.10682	0.01597	0.01208	0.04379	0.01087	0.07342	0.03715	0.00204	0.02540	0.00473	0.00334	0.04252
3	0.03912	0.17440	0.01466	0.00943	0.01217	0.03963	0.03777	0.10954	0.01327	0.01803	0.06760	0.06919	0.13425	0.03054	0.02252	0.00185	0.07359	0.00647	0.07622	0.04974
4	0.01345	0.04687	0.01395	0.01324	0.09445	0.14580	0.00946	0.11972	0.06134	0.01772	0.04313	0.01791	0.04391	0.01635	0.22067	0.00361	0.08184	0.00537	0.02463	0.00658
5	0.00791	0.00537	0.00636	0.00636	0.00650	0.00551	0.00382	0.00819	0.00805	0.01088	0.01680	0.03358	0.01891	0.69538	0.13953	0.00580	0.00666	0.00762	0.00325	0.00353
6	0.00664	0.00474	0.00633	0.00759	0.00791	0.00443	0.00506	0.00759	0.01044	0.01392	0.03005	0.80485	0.03606	0.01708	0.00696	0.00221	0.00316	0.01550	0.00506	0.00443
7	0.00763	0.00557	0.00717	0.00677	0.00809	0.00511	0.00508	0.01012	0.01523	0.02139	0.72403	0.04150	0.09922	0.01132	0.00643	0.00172	0.00258	0.00997	0.00594	0.00511
8	0.00672	0.00478	0.00630	0.00749	0.00778	0.00448	0.00495	0.00761	0.01028	0.01370	0.02922	0.75564	0.03502	0.06770	0.00829	0.00241	0.00330	0.01501	0.00495	0.00436
9	0.01093	0.02820	0.78016	0.01554	0.02360	0.01266	0.02014	0.01727	0.01151	0.01727	0.00978	0.01151	0.00691	0.00518	0.00518	0.00173	0.00806	0.00403	0.00230	0.00806
10	0.00772	0.00557	0.00729	0.00686	0.00814	0.00514	0.00514	0.01029	0.01543	0.02186	0.77152	0.04072	0.05144	0.01115	0.00643	0.00171	0.00257	0.00986	0.00600	0.00514

[dist]
# distance from previous block
# <min> <max>
7	11

[block]
# block no. 7 follows, 44 sequences, length 28
# corresponding to MSA columns:
# 635-662
name=unknown_H
#
# <colnr> <probs for GDERKNQSTAVLIFYWHMCP>
#	G	D	E	R	K	N	Q	S	T	A	V	L	I	F	Y	W	H	M	C	P
0	0.13072	0.10057	0.01375	0.02409	0.01344	0.01044	0.05749	0.06906	0.02936	0.18541	0.10984	0.10552	0.03440	0.00795	0.00527	0.00166	0.00467	0.02513	0.00470	0.06652
1	0.01198	0.01279	0.05030	0.14951	0.07019	0.01242	0.37885	0.01663	0.06183	0.01714	0.01230	0.04031	0.00985	0.00567	0.00635	0.00178	0.04140	0.00599	0.05877	0.03594
2	0.04142	0.00835	0.00954	0.04353	0.03559	0.03347	0.00700	0.11932	0.04342	0.01959	0.01511	0.01871	0.01246	0.03303	0.22914	0.00363	0.00725	0.00523	0.30826	0.00595
3	0.01404	0.01125	0.01274	0.00947	0.01406	0.01011	0.00769	0.23505	0.01561	0.02267	0.01128	0.01334	0.00913	0.00512	0.00456	0.00111	0.00465	0.02577	0.00395	0.56840
4	0.00946	0.00751	0.01141	0.03339	0.01219	0.00795	0.08980	0.04805	0.01132	0.02951	0.13553	0.04178	0.05043	0.16440	0.29005	0.00493	0.03606	0.00721	0.00375	0.00526
5	0.01349	0.01295	0.02213	0.03346	0.77440	0.01295	0.01673	0.01673	0.01241	0.01781	0.01025	0.01349	0.00864	0.00486	0.00540	0.00162	0.00648	0.00486	0.00270	0.00864
6	0.00801	0.00598	0.00749	0.00704	0.00849	0.00566	0.00530	0.01135	0.06483	0.02141	0.66976	0.04023	0.10158	0.01109	0.00637	0.00173	0.00270	0.00973	0.00590	0.00534
7	0.00667	0.00477	0.00636	0.00757	0.00791	0.00445	0.00506	0.00767	0.01059	0.01416	0.05269	0.78151	0.03653	0.01690	0.00694	0.00220	0.00314	0.01533	0.00509	0.00445
8	0.01036	0.00978	0.01637	0.76388	0.03661	0.01230	0.01501	0.01390	0.01080	0.01390	0.00959	0.01443	0.00726	0.00562	0.00595	0.00184	0.03910	0.00484	0.00242	0.00605
9	0.00663	0.00478	0.00629	0.00750	0.00788	0.00444	0.00502	0.00760	0.01053	0.01395	0.03120	0.77047	0.06969	0.01693	0.00693	0.00220	0.00314	0.01532	0.00506	0.00444
10	0.00679	0.00482	0.00634	0.00743	0.00777	0.00452	0.00493	0.00773	0.01045	0.01399	0.05957	0.71393	0.03544	0.07801	0.00854	0.00243	0.00330	0.01468	0.00496	0.00437
11	0.01889	0.18938	0.01823	0.01307	0.01618	0.60234	0.01033	0.02036	0.01431	0.01323	0.00821	0.00967	0.00702	0.00554	0.00504	0.00139	0.03426	0.00343	0.00270	0.00645
12	0.01093	0.02820	0.78016	0.01554	0.02360	0.01266	0.02014	0.01727	0.01151	0.01727	0.00978	0.01151	0.00691	0.00518	0.00518	0.00173	0.00806	0.00403	0.00230	0.00806
13	0.01267	0.01379	0.02388	0.01989	0.09850	0.07900	0.39318	0.01584	0.01189	0.01590	0.01189	0.08467	0.01069	0.00800	0.03650	0.00216	0.14530	0.00653	0.00290	0.00680
14	0.06049	0.01281	0.01262	0.03529	0.01447	0.07489	0.00858	0.30337	0.21147	0.02581	0.01557	0.01592	0.01166	0.00654	0.00501	0.00161	0.00515	0.00505	0.16591	0.00778
15	0.78928	0.01092	0.02705	0.00749	0.01101	0.01205	0.00635	0.01653	0.00962	0.05842	0.00827	0.00936	0.00627	0.00514	0.00351	0.00169	0.00433	0.00309	0.00350	0.00611
16	0.01146	0.02001	0.43557	0.01730	0.14375	0.01148	0.05816	0.01615	0.01209	0.04805	0.08195	0.06756	0.01358	0.00664	0.00594	0.00177	0.03220	0.00568	0.00310	0.00758
17	0.01082	0.02738	0.75216	0.01522	0.02304	0.01239	0.01960	0.01701	0.01165	0.01743	0.03738	0.01257	0.00852	0.00540	0.00522	0.00173	0.00786	0.00424	0.00244	0.00795
18	0.01051	0.00896	0.01444	0.47247	0.08031	0.01044	0.03910	0.01376	0.01105	0.01571	0.01171	0.01593	0.00917	0.00739	0.04452	0.00202	0.02118	0.00497	0.18160	0.02473
19	0.01765	0.00893	0.01081	0.00896	0.01195	0.03271	0.00706	0.06479	0.05302	0.40304	0.15622	0.06000	0.04834	0.06133	0.00717	0.00195	0.00436	0.00702	0.02719	0.00752
20	0.00833	0.00547	0.00718	0.00731	0.00840	0.00501	0.00526	0.01015	0.01324	0.06837	0.38505	0.36115	0.06744	0.01344	0.00659	0.00193	0.00296	0.01200	0.00562	0.00510
21	0.01092	0.01032	0.01428	0.01236	0.01352	0.05987	0.08010	0.01283	0.00963	0.01399	0.01116	0.01615	0.01014	0.01972	0.28855	0.00445	0.32757	0.00526	0.07352	0.00565
22	0.00664	0.00474	0.00633	0.00759	0.00791	0.00443	0.00506	0.00759	0.01044	0.01392	0.03005	0.80485	0.03606	0.01708	0.00696	0.00221	0.00316	0.01550	0.00506	0.00443
23	0.01069	0.00759	0.01105	0.19622	0.03885	0.00853	0.02518	0.05976	0.01064	0.01528	0.01240	0.04403	0.01090	0.02400	0.03952	0.25355	0.04864	0.00535	0.17289	0.00492
24	0.03416	0.63911	0.14141	0.01043	0.01549	0.05376	0.01094	0.01670	0.01129	0.01380	0.00795	0.00921	0.00696	0.00479	0.00381	0.00127	0.00631	0.00311	0.00237	0.00710
25	0.01182	0.07743	0.68152	0.01494	0.02254	0.01351	0.01880	0.06615	0.01242	0.01811	0.00986	0.01144	0.00707	0.00524	0.00509	0.00168	0.00778	0.00402	0.00251	0.00807
26	0.00947	0.00473	0.00710	0.00710	0.00710	0.00473	0.00473	0.00710	0.00710	0.00947	0.00947	0.01657	0.00947	0.01894	0.02131	0.84138	0.00473	0.00473	0.00237	0.00237
27	0.01065	0.00725	0.00813	0.00740	0.00849	0.00766	0.00507	0.15325	0.01184	0.01652	0.01621	0.02810	0.01648	0.48345	0.09547	0.00445	0.00602	0.00680	0.10194	0.00482

[dist]
# distance from previous block
# <min> <max>
0	53

[block]
# block no. 8 follows, 44 sequences, length 137
# corresponding to MSA columns:
# 716-852
name=unknown_I
#
# <colnr> <probs for GDERKNQSTAVLIFYWHMCP>
#	G	D	E	R	K	N	Q	S	T	A	V	L	I	F	Y	W	H	M	C	P
0	0.02446	0.05546	0.01123	0.02656	0.01130	0.00958	0.00771	0.05318	0.01003	0.01469	0.01319	0.01878	0.01202	0.04222	0.49975	0.00624	0.11151	0.00539	0.06129	0.00542
1	0.03643	0.01476	0.01573	0.01220	0.01640	0.01638	0.01004	0.68592	0.06513	0.03323	0.01358	0.01356	0.00971	0.00656	0.00538	0.00164	0.00580	0.00494	0.02355	0.00908
2	0.00875	0.05176	0.00885	0.00758	0.00923	0.00718	0.00576	0.01284	0.12889	0.01935	0.39046	0.16575	0.11710	0.01136	0.00615	0.00179	0.00314	0.00990	0.02857	0.00560
3	0.00718	0.00571	0.00646	0.00628	0.00790	0.00509	0.00470	0.00946	0.03655	0.01783	0.34226	0.06312	0.44274	0.01261	0.00642	0.00180	0.00274	0.01077	0.00546	0.00494
4	0.22326	0.01163	0.05426	0.07827	0.01609	0.01116	0.00913	0.14952	0.01517	0.34047	0.02961	0.01492	0.01073	0.00619	0.00496	0.00169	0.00515	0.00471	0.00506	0.00802
5	0.01165	0.00968	0.01134	0.00812	0.01295	0.00729	0.00650	0.01407	0.01142	0.03798	0.01000	0.01150	0.00822	0.00411	0.00408	0.00083	0.00405	0.00329	0.00332	0.81961
6	0.84691	0.01054	0.00801	0.00717	0.01054	0.01223	0.00590	0.01603	0.00928	0.02446	0.00759	0.00886	0.00590	0.00506	0.00337	0.00169	0.00422	0.00295	0.00337	0.00590
7	0.01458	0.81168	0.02857	0.00933	0.01399	0.02157	0.00933	0.01632	0.01108	0.01283	0.00758	0.00875	0.00700	0.00466	0.00350	0.00117	0.00583	0.00292	0.00233	0.00700
8	0.01436	0.01211	0.01278	0.01126	0.01448	0.01394	0.00882	0.11050	0.68171	0.02410	0.02117	0.01953	0.01582	0.00730	0.00554	0.00183	0.00450	0.00602	0.00554	0.00870
9	0.00729	0.00556	0.00670	0.00641	0.00788	0.00496	0.00481	0.00946	0.01442	0.01947	0.53115	0.04466	0.29330	0.01204	0.00643	0.00176	0.00264	0.01041	0.00569	0.00496
10	0.01837	0.02092	0.01632	0.03478	0.01726	0.47923	0.03180	0.13598	0.01554	0.01676	0.00903	0.01100	0.00744	0.00646	0.00747	0.00165	0.15600	0.00408	0.00314	0.00674
11	0.00759	0.00555	0.00713	0.00677	0.00808	0.00508	0.00506	0.01003	0.01508	0.02112	0.69813	0.05955	0.10743	0.01149	0.00644	0.00174	0.00260	0.01012	0.00591	0.00508
12	0.00656	0.00548	0.00572	0.00575	0.00746	0.00464	0.00428	0.00802	0.01257	0.01529	0.11449	0.09385	0.66966	0.01377	0.00647	0.00185	0.00277	0.01159	0.00514	0.00464
13	0.84691	0.01054	0.00801	0.00717	0.01054	0.01223	0.00590	0.01603	0.00928	0.02446	0.00759	0.00886	0.00590	0.00506	0.00337	0.00169	0.00422	0.00295	0.00337	0.00590
14	0.01225	0.16986	0.50231	0.01537	0.05728	0.02939	0.06722	0.01719	0.01184	0.03296	0.02987	0.01221	0.00842	0.00523	0.00500	0.00162	0.00746	0.00420	0.00256	0.00776
15	0.00793	0.00529	0.00595	0.00595	0.00595	0.00529	0.00330	0.00793	0.00793	0.01057	0.01718	0.03568	0.01982	0.80840	0.02775	0.00529	0.00529	0.00793	0.00330	0.00330
16	0.09467	0.62220	0.02450	0.00949	0.01382	0.05807	0.00899	0.04581	0.03962	0.01521	0.00914	0.01010	0.01951	0.00507	0.00376	0.00128	0.00578	0.00328	0.00274	0.00697
17	0.12281	0.26660	0.20546	0.01188	0.03926	0.09181	0.01164	0.06956	0.01295	0.06097	0.05242	0.01235	0.00991	0.00556	0.00451	0.00150	0.00634	0.00399	0.00320	0.00728
18	0.05084	0.15924	0.22946	0.04563	0.04742	0.01424	0.26286	0.01726	0.01200	0.05952	0.01084	0.01386	0.00842	0.00531	0.00554	0.00169	0.02164	0.02394	0.00285	0.00743
19	0.69788	0.01236	0.00978	0.02545	0.01240	0.09963	0.02744	0.01685	0.01022	0.03606	0.00807	0.00942	0.00626	0.00515	0.00371	0.00166	0.00506	0.00320	0.00333	0.00605
20	0.01433	0.03360	0.02010	0.07267	0.54620	0.15478	0.01486	0.01715	0.01285	0.01653	0.01149	0.01421	0.03650	0.00536	0.00531	0.00159	0.00699	0.00481	0.00278	0.00787
21	0.01011	0.00510	0.00517	0.00517	0.00643	0.00512	0.00388	0.01263	0.01137	0.02015	0.01771	0.02035	0.01397	0.00716	0.02216	0.00145	0.00282	0.00510	0.81908	0.00508
22	0.01099	0.29151	0.11260	0.00919	0.01272	0.03787	0.00884	0.01385	0.04150	0.01555	0.12904	0.02536	0.20124	0.00939	0.03151	0.00181	0.03069	0.00645	0.00368	0.00622
23	0.00740	0.00556	0.00685	0.00653	0.00795	0.00501	0.00489	0.00967	0.01468	0.02008	0.59284	0.04365	0.23123	0.01181	0.00643	0.00175	0.00262	0.01027	0.00577	0.00501
24	0.03048	0.55868	0.02425	0.02865	0.01528	0.23613	0.00974	0.01779	0.01227	0.01320	0.00787	0.00919	0.00699	0.00496	0.00394	0.00126	0.00696	0.00313	0.00249	0.00677
25	0.01122	0.01096	0.01655	0.35160	0.02435	0.01472	0.01332	0.01347	0.00945	0.01347	0.00825	0.01305	0.00720	0.00778	0.01252	0.00214	0.45675	0.00480	0.00240	0.00600
26	0.03671	0.34437	0.18607	0.02658	0.06123	0.02883	0.09572	0.06345	0.03243	0.03656	0.00972	0.01133	0.00776	0.00522	0.00505	0.00152	0.03308	0.00404	0.00283	0.00751
27	0.01752	0.04445	0.04793	0.01800	0.18943	0.33525	0.01229	0.10071	0.01476	0.06008	0.00998	0.01180	0.00802	0.00602	0.00661	0.00162	0.10070	0.00423	0.00321	0.00739
28	0.03961	0.02562	0.01528	0.01388	0.01671	0.76849	0.01043	0.02164	0.01531	0.01360	0.00841	0.00981	0.00700	0.00561	0.00488	0.00141	0.00970	0.00350	0.00282	0.00631
29	0.00729	0.00503	0.00620	0.00682	0.00700	0.00490	0.00425	0.00780	0.00918	0.01227	0.02345	0.41392	0.02767	0.40105	0.03519	0.00385	0.00446	0.01161	0.00416	0.00389
30	0.00748	0.00517	0.00666	0.00724	0.00804	0.00475	0.00503	0.00885	0.01186	0.04015	0.20120	0.50862	0.10984	0.03922	0.00737	0.00214	0.00310	0.01327	0.00528	0.00473
31	0.00654	0.00553	0.00566	0.00562	0.00742	0.00464	0.00422	0.00801	0.01265	0.01527	0.10949	0.05158	0.71759	0.01361	0.00644	0.00183	0.00275	0.01138	0.00513	0.00464
32	0.00760	0.00562	0.00712	0.00694	0.00819	0.00522	0.00513	0.01017	0.03428	0.02011	0.58059	0.14404	0.12036	0.01211	0.00648	0.00180	0.00272	0.01068	0.00577	0.00509
33	0.01217	0.01235	0.01608	0.01389	0.01407	0.05944	0.01144	0.01335	0.00875	0.01304	0.00774	0.01282	0.00772	0.03569	0.03759	0.00259	0.70814	0.00483	0.00245	0.00587
34	0.01167	0.00968	0.01134	0.00812	0.01295	0.00729	0.00650	0.01409	0.01143	0.03914	0.01002	0.01151	0.00823	0.00411	0.00408	0.00083	0.00405	0.00329	0.00333	0.81834
35	0.01404	0.65331	0.14647	0.01042	0.01551	0.04015	0.01102	0.01650	0.01122	0.01354	0.00807	0.00943	0.00710	0.00540	0.01738	0.00139	0.00644	0.00316	0.00235	0.00711
36	0.00767	0.00626	0.00688	0.00692	0.00855	0.00592	0.00510	0.01112	0.12083	0.01659	0.13193	0.20317	0.42261	0.01324	0.00642	0.00190	0.00305	0.01137	0.00525	0.00521
37	0.00664	0.00474	0.00633	0.00759	0.00791	0.00443	0.00506	0.00759	0.01044	0.01392	0.03005	0.80485	0.03606	0.01708	0.00696	0.00221	0.00316	0.01550	0.00506	0.00443
38	0.00735	0.00552	0.00684	0.00686	0.00817	0.00501	0.00517	0.00942	0.01385	0.01865	0.44015	0.13251	0.23534	0.01283	0.00658	0.00187	0.00289	0.07050	0.00557	0.00491
39	0.02114	0.01460	0.01595	0.01222	0.01657	0.01591	0.01010	0.67442	0.02451	0.11775	0.01403	0.01370	0.00974	0.00657	0.00546	0.00164	0.00585	0.00497	0.00560	0.00927
40	0.84691	0.01054	0.00801	0.00717	0.01054	0.01223	0.00590	0.01603	0.00928	0.02446	0.00759	0.00886	0.00590	0.00506	0.00337	0.00169	0.00422	0.00295	0.00337	0.00590
41	0.01459	0.01222	0.01291	0.01130	0.01457	0.01404	0.00888	0.13329	0.65856	0.02446	0.02088	0.01930	0.01558	0.00727	0.00553	0.00182	0.00456	0.00598	0.00553	0.00872
42	0.01062	0.01002	0.01694	0.71797	0.11234	0.01220	0.01530	0.01421	0.01105	0.01432	0.00975	0.01443	0.00741	0.00539	0.00545	0.00180	0.00719	0.00485	0.00245	0.00632
43	0.00772	0.00557	0.00729	0.00686	0.00814	0.00514	0.00514	0.01029	0.01543	0.02186	0.77152	0.04072	0.05144	0.01115	0.00643	0.00171	0.00257	0.00986	0.00600	0.00514
44	0.13990	0.00986	0.01225	0.00954	0.01364	0.00921	0.00788	0.07446	0.01539	0.62181	0.01898	0.01682	0.01214	0.00650	0.00518	0.00168	0.00467	0.00509	0.00619	0.00880
45	0.22120	0.01230	0.01317	0.01038	0.01444	0.01311	0.00856	0.34812	0.03571	0.24847	0.01442	0.01383	0.00986	0.00626	0.00496	0.00167	0.00513	0.00463	0.00533	0.00845
46	0.02043	0.01552	0.01634	0.01265	0.01682	0.04252	0.01042	0.70793	0.02474	0.03298	0.01274	0.01294	0.00913	0.00661	0.00583	0.00165	0.03155	0.00486	0.00527	0.00907
47	0.00788	0.00529	0.00609	0.00613	0.00618	0.00533	0.00352	0.00800	0.00805	0.01077	0.01747	0.05970	0.02006	0.74792	0.06179	0.00535	0.00564	0.00808	0.00334	0.00341
48	0.15222	0.01314	0.01382	0.01125	0.01456	0.03626	0.00920	0.36569	0.09065	0.06920	0.01415	0.01464	0.03483	0.00700	0.00674	0.00176	0.10937	0.00491	0.02270	0.00790
49	0.01016	0.00508	0.00508	0.00508	0.00635	0.00508	0.00381	0.01270	0.01143	0.02033	0.01778	0.02033	0.01397	0.00635	0.00381	0.00127	0.00254	0.00508	0.83867	0.00508
50	0.01365	0.01064	0.01235	0.03092	0.01430	0.00937	0.00754	0.15626	0.03539	0.05891	0.01190	0.03657	0.00965	0.00518	0.00455	0.00111	0.00451	0.00416	0.00393	0.56910
51	0.01030	0.00969	0.01635	0.79530	0.03755	0.01211	0.01514	0.01393	0.01090	0.01393	0.00969	0.01453	0.00727	0.00545	0.00545	0.00182	0.00727	0.00484	0.00242	0.00606
52	0.01030	0.00969	0.01635	0.79530	0.03755	0.01211	0.01514	0.01393	0.01090	0.01393	0.00969	0.01453	0.00727	0.00545	0.00545	0.00182	0.00727	0.00484	0.00242	0.00606
53	0.01907	0.01143	0.01321	0.01078	0.01453	0.01200	0.00869	0.18900	0.30034	0.30803	0.03983	0.01860	0.01475	0.00706	0.00553	0.00174	0.00476	0.00573	0.00599	0.00892
54	0.00769	0.00557	0.00725	0.00683	0.00813	0.00513	0.00512	0.01024	0.01537	0.02172	0.75736	0.04096	0.06568	0.01120	0.00643	0.00172	0.00258	0.00989	0.00598	0.00513
55	0.00664	0.00474	0.00633	0.00759	0.00791	0.00443	0.00506	0.00759	0.01044	0.01392	0.03005	0.80485	0.03606	0.01708	0.00696	0.00221	0.00316	0.01550	0.00506	0.00443
56	0.01490	0.76722	0.02783	0.00960	0.01415	0.06486	0.00940	0.01663	0.01132	0.01286	0.00763	0.00881	0.00700	0.00472	0.00358	0.00118	0.00606	0.00295	0.00236	0.00696
57	0.01134	0.11568	0.69623	0.01485	0.02252	0.01366	0.01894	0.01716	0.01146	0.01677	0.00954	0.01120	0.00692	0.00512	0.00499	0.00166	0.00781	0.00390	0.00231	0.00794
58	0.01030	0.00969	0.01635	0.79530	0.03755	0.01211	0.01514	0.01393	0.01090	0.01393	0.00969	0.01453	0.00727	0.00545	0.00545	0.00182	0.00727	0.00484	0.00242	0.00606
59	0.00675	0.00487	0.00642	0.00763	0.00807	0.00454	0.00522	0.00781	0.01066	0.01409	0.03123	0.72567	0.07229	0.01680	0.00697	0.00221	0.00325	0.05598	0.00506	0.00447
60	0.01283	0.01227	0.02092	0.19245	0.62062	0.01278	0.01640	0.01615	0.01210	0.01700	0.01014	0.01371	0.00835	0.00498	0.00541	0.00166	0.00664	0.00485	0.00264	0.00810
61	0.06234	0.01325	0.01366	0.01093	0.01453	0.04616	0.00889	0.47262	0.06284	0.07328	0.01425	0.01458	0.01037	0.00651	0.00528	0.00160	0.01900	0.00488	0.13682	0.00822
62	0.11405	0.02001	0.01391	0.01227	0.01526	0.46202	0.00938	0.13387	0.07501	0.03038	0.01083	0.01265	0.00882	0.05129	0.00617	0.00173	0.00782	0.00415	0.00359	0.00678
63	0.01139	0.12694	0.68544	0.01476	0.02239	0.01378	0.01878	0.01715	0.01146	0.01671	0.00951	0.01116	0.00692	0.00511	0.00497	0.00166	0.00778	0.00389	0.00231	0.00792
64	0.01084	0.00976	0.01520	0.02636	0.01461	0.01188	0.10731	0.05416	0.01005	0.01453	0.01096	0.01621	0.00997	0.02089	0.30301	0.05190	0.29841	0.00540	0.00281	0.00572
65	0.02081	0.01434	0.01567	0.01205	0.01628	0.01561	0.00991	0.65484	0.02405	0.11713	0.01414	0.01429	0.01002	0.02754	0.00604	0.00174	0.00583	0.00505	0.00554	0.00912
66	0.01425	0.02425	0.01148	0.00986	0.01281	0.01072	0.00785	0.06523	0.37066	0.15589	0.04324	0.02658	0.11862	0.01045	0.04975	0.00222	0.00487	0.04810	0.00547	0.00771
67	0.02126	0.01030	0.01290	0.00997	0.01399	0.00967	0.00817	0.18565	0.01753	0.49563	0.08669	0.01888	0.01564	0.00692	0.00547	0.00162	0.00471	0.00560	0.00616	0.06323
68	0.02446	0.00928	0.01265	0.00970	0.01392	0.00801	0.00801	0.02657	0.01560	0.77817	0.02151	0.01856	0.01350	0.00675	0.00548	0.00169	0.00464	0.00548	0.00675	0.00928
69	0.00664	0.00474	0.00633	0.00759	0.00791	0.00443	0.00506	0.00759	0.01044	0.01392	0.03005	0.80485	0.03606	0.01708	0.00696	0.00221	0.00316	0.01550	0.00506	0.00443
70	0.00817	0.00628	0.00681	0.00691	0.00853	0.02226	0.00517	0.01030	0.04695	0.04737	0.08626	0.20849	0.42761	0.01348	0.00644	0.00192	0.00327	0.05400	0.02474	0.00505
71	0.84691	0.01054	0.00801	0.00717	0.01054	0.01223	0.00590	0.01603	0.00928	0.02446	0.00759	0.00886	0.00590	0.00506	0.00337	0.00169	0.00422	0.00295	0.00337	0.00590
72	0.01330	0.01148	0.01208	0.01089	0.01393	0.01323	0.00846	0.02819	0.73683	0.02251	0.02341	0.02152	0.04449	0.00763	0.00558	0.00185	0.00426	0.00636	0.00553	0.00848
73	0.00718	0.00516	0.00692	0.00815	0.00875	0.00490	0.00598	0.00854	0.01104	0.01455	0.03059	0.59076	0.05937	0.01646	0.00709	0.00228	0.00362	0.19903	0.00505	0.00458
74	0.00692	0.00519	0.00749	0.00829	0.00884	0.00485	0.03893	0.00804	0.01055	0.01408	0.02919	0.76914	0.03480	0.01652	0.00693	0.00220	0.00344	0.01509	0.00496	0.00456
75	0.01193	0.01193	0.01670	0.01431	0.01431	0.01670	0.01193	0.01312	0.00835	0.01312	0.00716	0.01193	0.00716	0.00954	0.01789	0.00239	0.79843	0.00477	0.00239	0.00596
76	0.01265	0.01428	0.03084	0.08812	0.02926	0.01365	0.69223	0.01717	0.01270	0.01717	0.01092	0.01469	0.00819	0.00467	0.00635	0.00184	0.00903	0.00630	0.00273	0.00724
77	0.00702	0.00548	0.00640	0.00659	0.00800	0.00487	0.00496	0.00875	0.01293	0.01663	0.23893	0.16559	0.40280	0.01371	0.00661	0.00192	0.00297	0.07576	0.00531	0.00476
78	0.00793	0.00529	0.00595	0.00595	0.00595	0.00529	0.00330	0.00793	0.00793	0.01057	0.01718	0.03568	0.01982	0.80840	0.02775	0.00529	0.00529	0.00793	0.00330	0.00330
79	0.01280	0.01516	0.05707	0.02273	0.02833	0.01375	0.73015	0.01746	0.01282	0.01746	0.01099	0.01460	0.00823	0.00462	0.00639	0.00183	0.00915	0.00635	0.00274	0.00738
80	0.07017	0.00956	0.01293	0.01090	0.05677	0.00853	0.00839	0.02542	0.01507	0.69268	0.02009	0.01772	0.01279	0.00655	0.00536	0.00168	0.00472	0.00530	0.00633	0.00905
81	0.72666	0.01036	0.00869	0.00754	0.01104	0.01161	0.00621	0.01757	0.01020	0.13466	0.00963	0.01027	0.00701	0.00531	0.00368	0.00169	0.00428	0.00332	0.00387	0.00640
82	0.00664	0.00474	0.00633	0.00759	0.00791	0.00443	0.00506	0.00759	0.01044	0.01392	0.03005	0.80485	0.03606	0.01708	0.00696	0.00221	0.00316	0.01550	0.00506	0.00443
83	0.00885	0.00709	0.00851	0.05255	0.01130	0.00732	0.00664	0.02933	0.17178	0.01728	0.09338	0.29805	0.17873	0.01282	0.00644	0.00201	0.00373	0.07342	0.00510	0.00566
84	0.01397	0.02966	0.12979	0.10752	0.29255	0.04811	0.09792	0.07141	0.01321	0.06092	0.01125	0.01465	0.00893	0.00573	0.00620	0.00173	0.05129	0.02424	0.00309	0.00783
85	0.06102	0.25915	0.46829	0.05712	0.02076	0.01526	0.01581	0.01672	0.01122	0.01618	0.00899	0.01070	0.00689	0.00503	0.00459	0.00156	0.00713	0.00368	0.00238	0.00750
86	0.01576	0.01284	0.03260	0.01394	0.09684	0.05238	0.05168	0.26673	0.08718	0.08699	0.06249	0.03838	0.07355	0.04228	0.00714	0.00188	0.03868	0.00625	0.00468	0.00773
87	0.01130	0.00969	0.01130	0.00807	0.01292	0.00727	0.00646	0.01373	0.01130	0.01776	0.00969	0.01130	0.00807	0.00404	0.00404	0.00081	0.00404	0.00323	0.00323	0.84173
88	0.01581	0.01263	0.01347	0.01143	0.01483	0.01428	0.00907	0.29559	0.44995	0.02656	0.01928	0.06186	0.01502	0.00763	0.00559	0.00179	0.00487	0.00623	0.00549	0.00863
89	0.01082	0.00921	0.01417	0.19346	0.18349	0.00966	0.03110	0.01375	0.02592	0.04687	0.17961	0.02477	0.09947	0.00805	0.00672	0.01631	0.05001	0.01929	0.00386	0.05346
90	0.01420	0.21030	0.16053	0.01457	0.05967	0.07122	0.12880	0.03363	0.03770	0.08365	0.04166	0.03605	0.01148	0.00628	0.00579	0.00164	0.04488	0.02732	0.00331	0.00734
91	0.08286	0.09706	0.00907	0.00677	0.00775	0.00806	0.00459	0.02763	0.00893	0.01280	0.01537	0.04942	0.01704	0.57131	0.05675	0.00449	0.00564	0.00696	0.00328	0.00419
92	0.00673	0.00481	0.00643	0.00769	0.00805	0.00451	0.00522	0.00775	0.01053	0.01402	0.03000	0.77386	0.03586	0.01700	0.00698	0.00223	0.00324	0.04560	0.00506	0.00445
93	0.01140	0.04354	0.61693	0.01685	0.02433	0.01309	0.16323	0.01728	0.01177	0.01720	0.00998	0.01207	0.00717	0.00505	0.00539	0.00174	0.00823	0.00447	0.00239	0.00790
94	0.05059	0.13836	0.43087	0.01431	0.02057	0.01374	0.11248	0.05822	0.01254	0.01826	0.05301	0.01335	0.00987	0.00546	0.00507	0.00164	0.00715	0.00453	0.02245	0.00754
95	0.00908	0.00912	0.07088	0.01137	0.01348	0.00863	0.11899	0.01166	0.00982	0.01419	0.03782	0.02044	0.01350	0.06595	0.48427	0.00623	0.05349	0.00594	0.02967	0.00548
96	0.02385	0.00958	0.01276	0.00985	0.01402	0.00855	0.00812	0.05009	0.04969	0.72025	0.02127	0.01846	0.01350	0.00677	0.00548	0.00169	0.00467	0.00549	0.00665	0.00925
97	0.10551	0.01327	0.10911	0.29912	0.19997	0.01256	0.01399	0.09863	0.01299	0.04204	0.01180	0.01447	0.03227	0.00567	0.00521	0.00172	0.00647	0.00478	0.00313	0.00729
98	0.00911	0.00991	0.10997	0.05392	0.03315	0.00789	0.00854	0.03555	0.09584	0.01804	0.17622	0.10441	0.23544	0.01091	0.00620	0.00188	0.00426	0.06807	0.00473	0.00596
99	0.03606	0.00660	0.02879	0.00716	0.00886	0.00583	0.00563	0.01122	0.03862	0.03445	0.58936	0.05692	0.12792	0.01102	0.00626	0.00174	0.00291	0.00959	0.00568	0.00536
100	0.00679	0.00496	0.00639	0.00724	0.00788	0.00456	0.00497	0.00804	0.01144	0.01525	0.14889	0.60094	0.12099	0.01578	0.00682	0.00209	0.00303	0.01417	0.00521	0.00456
101	0.01167	0.01334	0.06046	0.02044	0.07433	0.01194	0.53127	0.01560	0.01241	0.01695	0.02737	0.14960	0.01372	0.00688	0.00640	0.00188	0.00782	0.00782	0.00318	0.00693
102	0.01346	0.05836	0.02180	0.11723	0.59967	0.04486	0.03320	0.01661	0.01230	0.01690	0.00998	0.01322	0.00831	0.00494	0.00530	0.00161	0.00673	0.00473	0.00265	0.00813
103	0.01995	0.02323	0.01569	0.01379	0.01672	0.60231	0.01058	0.15550	0.01691	0.01717	0.00921	0.01055	0.00744	0.00601	0.00575	0.00150	0.05376	0.00384	0.00327	0.00684
104	0.00690	0.00545	0.00625	0.00660	0.00796	0.00486	0.00493	0.00838	0.01207	0.01512	0.10056	0.19965	0.45412	0.03734	0.02543	0.00223	0.00341	0.08906	0.00503	0.00462
105	0.01150	0.14884	0.66442	0.01458	0.02212	0.01403	0.01848	0.01712	0.01144	0.01658	0.00944	0.01108	0.00692	0.00510	0.00492	0.00164	0.00771	0.00386	0.00231	0.00789
106	0.13555	0.01643	0.01488	0.01201	0.01591	0.15602	0.00971	0.49227	0.04921	0.02873	0.01182	0.01218	0.00867	0.00620	0.00507	0.00161	0.00638	0.00443	0.00469	0.00824
107	0.00667	0.00479	0.00634	0.00751	0.00790	0.00446	0.00504	0.00768	0.01065	0.01419	0.05449	0.76065	0.05581	0.01680	0.00693	0.00219	0.00313	0.01521	0.00509	0.00446
108	0.00779	0.00583	0.00870	0.00870	0.00965	0.00678	0.00673	0.00969	0.00874	0.01261	0.01466	0.02175	0.01377	0.05891	0.76897	0.00868	0.01438	0.00589	0.00293	0.00483
109	0.02446	0.00928	0.01265	0.00970	0.01392	0.00801	0.00801	0.02657	0.01560	0.77817	0.02151	0.01856	0.01350	0.00675	0.00548	0.00169	0.00464	0.00548	0.00675	0.00928
110	0.01067	0.00531	0.00559	0.00550	0.00689	0.00520	0.00413	0.01306	0.01164	0.06250	0.01973	0.06552	0.03623	0.00719	0.00416	0.00136	0.00270	0.00587	0.72150	0.00527
111	0.71027	0.03599	0.05642	0.02052	0.01207	0.01230	0.00715	0.01667	0.00985	0.06615	0.00855	0.00966	0.00645	0.00516	0.00364	0.00168	0.00457	0.00319	0.00345	0.00626
112	0.08251	0.00709	0.00895	0.00773	0.01007	0.00659	0.00606	0.01563	0.01497	0.24790	0.48403	0.03145	0.03632	0.00933	0.00589	0.00170	0.00333	0.00798	0.00601	0.00644
