[name]
unknown

[dist]
# distance from previous block
# <min> <max>
0	80

[block]
# block no. 0 follows, 42 sequences, length 17
# corresponding to MSA columns:
# 89-105
name=unknown_A
#
# <colnr> <probs for GDERKNQSTAVLIFYWHMCP>
#	G	D	E	R	K	N	Q	S	T	A	V	L	I	F	Y	W	H	M	C	P
0	0.06702	0.01133	0.01276	0.01193	0.03505	0.04553	0.00963	0.21297	0.08991	0.09229	0.02059	0.03326	0.01897	0.01009	0.00666	0.00207	0.02787	0.27953	0.00517	0.00738
1	0.02062	0.03904	0.01542	0.01146	0.01581	0.01391	0.00948	0.43644	0.03472	0.21865	0.01625	0.01576	0.02449	0.00765	0.02644	0.00182	0.00582	0.00518	0.00560	0.07542
2	0.01403	0.04620	0.02056	0.22323	0.08153	0.01391	0.17035	0.12917	0.01405	0.05453	0.01194	0.04272	0.00966	0.00719	0.02278	0.00199	0.09509	0.00567	0.00342	0.03197
3	0.01468	0.05658	0.01363	0.01079	0.03132	0.01136	0.02812	0.25587	0.05509	0.08229	0.27088	0.08324	0.02698	0.00899	0.00598	0.00174	0.00462	0.00763	0.00552	0.02468
4	0.01311	0.01407	0.05628	0.13987	0.15986	0.03446	0.31749	0.05960	0.04649	0.01837	0.01309	0.07692	0.01107	0.00625	0.00614	0.00186	0.00774	0.00654	0.00324	0.00756
5	0.00737	0.00564	0.00676	0.00668	0.00809	0.00503	0.00493	0.00940	0.01425	0.01903	0.43046	0.13181	0.30379	0.01317	0.00670	0.00187	0.00279	0.01144	0.00574	0.00503
6	0.72488	0.01070	0.00896	0.00778	0.01138	0.01200	0.00641	0.01810	0.01051	0.13217	0.00990	0.01058	0.00722	0.00547	0.00379	0.00174	0.00442	0.00342	0.00398	0.00659
7	0.00994	0.00775	0.00973	0.05629	0.01171	0.02404	0.00706	0.01325	0.10896	0.03598	0.03576	0.07398	0.03001	0.23417	0.26345	0.00521	0.05627	0.00728	0.00378	0.00538
8	0.00686	0.00490	0.00653	0.00784	0.00816	0.00457	0.00522	0.00784	0.01077	0.01437	0.03102	0.79855	0.03722	0.01763	0.00718	0.00229	0.00326	0.01600	0.00522	0.00457
9	0.00829	0.00664	0.00893	0.00806	0.00985	0.00620	0.05035	0.01149	0.05789	0.02031	0.48160	0.07554	0.20981	0.01177	0.00661	0.00184	0.00325	0.01039	0.00570	0.00550
10	0.01359	0.00994	0.01187	0.00857	0.01348	0.00761	0.00690	0.01605	0.01230	0.12491	0.01173	0.01273	0.00913	0.00456	0.00438	0.00096	0.00426	0.00366	0.00385	0.71952
11	0.00708	0.00508	0.00662	0.00756	0.00806	0.00473	0.00510	0.00825	0.01141	0.01534	0.13390	0.62441	0.06194	0.06202	0.00833	0.00238	0.00329	0.01460	0.00526	0.00461
12	0.04043	0.04831	0.06413	0.01702	0.13587	0.22831	0.08704	0.12050	0.05393	0.05853	0.03443	0.01515	0.01089	0.00615	0.00541	0.00165	0.00735	0.01801	0.03917	0.00772
13	0.01579	0.14496	0.12233	0.02923	0.13657	0.12233	0.06486	0.07238	0.05720	0.08511	0.01268	0.05022	0.01037	0.00630	0.00567	0.00165	0.02922	0.00512	0.00355	0.02446
14	0.13592	0.21440	0.03757	0.01288	0.04507	0.31498	0.01036	0.07371	0.04254	0.01754	0.00931	0.01068	0.00770	0.00575	0.00515	0.00153	0.04098	0.00373	0.00314	0.00708
15	0.10858	0.00864	0.00977	0.01047	0.05412	0.06609	0.03088	0.04247	0.01217	0.01732	0.07342	0.46730	0.02809	0.03548	0.00698	0.00214	0.00447	0.01149	0.00465	0.00548
16	0.01472	0.01931	0.33993	0.03503	0.10499	0.01262	0.04650	0.12715	0.04796	0.11404	0.04860	0.03860	0.01209	0.00645	0.00565	0.00178	0.00683	0.00543	0.00391	0.00842

[dist]
# distance from previous block
# <min> <max>
2	9

[block]
# block no. 1 follows, 42 sequences, length 20
# corresponding to MSA columns:
# 115-121,123-135
name=unknown_B
#
# <colnr> <probs for GDERKNQSTAVLIFYWHMCP>
#	G	D	E	R	K	N	Q	S	T	A	V	L	I	F	Y	W	H	M	C	P
0	0.19147	0.07963	0.02860	0.01176	0.04420	0.13989	0.00923	0.12153	0.11364	0.13948	0.01410	0.03954	0.01090	0.00738	0.02358	0.00186	0.00617	0.00486	0.00444	0.00773
1	0.04497	0.01465	0.01574	0.01234	0.01655	0.01609	0.01015	0.63158	0.04560	0.03293	0.01462	0.03800	0.01132	0.00730	0.00565	0.00172	0.00590	0.03314	0.00546	0.03631
2	0.03629	0.00805	0.00847	0.00800	0.00995	0.04515	0.00608	0.07735	0.03424	0.05563	0.20002	0.16451	0.25068	0.01209	0.00635	0.00189	0.00379	0.03380	0.03188	0.00578
3	0.01316	0.01036	0.01201	0.00902	0.01350	0.00870	0.00718	0.12001	0.01389	0.04939	0.01288	0.08341	0.01134	0.00587	0.00471	0.00112	0.00440	0.00482	0.00398	0.61025
4	0.01410	0.01418	0.04874	0.22611	0.34215	0.07670	0.01488	0.08695	0.02959	0.01867	0.01075	0.01376	0.00853	0.00541	0.00544	0.00166	0.00698	0.00477	0.00308	0.06755
5	0.00687	0.00543	0.00611	0.00651	0.00778	0.00476	0.00462	0.00818	0.01219	0.01528	0.09630	0.29380	0.45014	0.04627	0.00769	0.00216	0.00307	0.01295	0.00522	0.00468
6	0.01420	0.01207	0.06547	0.03397	0.01541	0.02474	0.00860	0.05241	0.07542	0.11583	0.01279	0.01359	0.00972	0.00510	0.00470	0.00119	0.00488	0.00408	0.00401	0.52182
7	0.00693	0.00537	0.00632	0.00680	0.00796	0.00476	0.00483	0.00835	0.01241	0.01592	0.14903	0.36644	0.35421	0.01528	0.00687	0.00204	0.00300	0.01337	0.00537	0.00476
8	0.01557	0.01159	0.01240	0.01030	0.01300	0.04368	0.00792	0.35054	0.03906	0.04772	0.03563	0.02183	0.01447	0.22804	0.09814	0.00351	0.00690	0.00612	0.00462	0.02897
9	0.01232	0.06645	0.36731	0.03940	0.12416	0.03439	0.11863	0.01788	0.06265	0.01752	0.01208	0.05086	0.00984	0.00670	0.01993	0.00192	0.02185	0.00533	0.00289	0.00789
10	0.78406	0.01049	0.00806	0.00725	0.01058	0.01211	0.00594	0.01630	0.00973	0.02495	0.00857	0.00997	0.00667	0.00532	0.00351	0.00171	0.00423	0.00320	0.06130	0.00604
11	0.03443	0.07282	0.04469	0.03057	0.01439	0.01022	0.00820	0.09225	0.04886	0.13878	0.03728	0.03506	0.08088	0.00661	0.00501	0.00139	0.00472	0.00531	0.00442	0.32411
12	0.02102	0.02682	0.01595	0.01450	0.01740	0.77963	0.01087	0.02247	0.01595	0.01377	0.00870	0.01015	0.00725	0.00580	0.00507	0.00145	0.01015	0.00362	0.00290	0.00652
13	0.00931	0.00664	0.00801	0.00757	0.00910	0.00653	0.00563	0.05378	0.05535	0.03539	0.33310	0.10119	0.14789	0.07566	0.06466	0.02071	0.00425	0.00955	0.04022	0.00546
14	0.00713	0.00561	0.00631	0.00633	0.00779	0.00493	0.00460	0.00874	0.01315	0.01683	0.24274	0.13119	0.44587	0.06374	0.00810	0.00213	0.00301	0.01163	0.00537	0.00480
15	0.84197	0.01088	0.00827	0.00740	0.01088	0.01262	0.00609	0.01654	0.00958	0.02525	0.00784	0.00914	0.00609	0.00522	0.00348	0.00174	0.00435	0.00305	0.00348	0.00609
16	0.01063	0.01000	0.01688	0.78870	0.03876	0.01250	0.01563	0.01438	0.01125	0.01438	0.01000	0.01500	0.00750	0.00563	0.00563	0.00188	0.00750	0.00500	0.00250	0.00625
17	0.10079	0.23086	0.01816	0.01170	0.01507	0.33406	0.00961	0.08143	0.02784	0.01718	0.00993	0.02696	0.00848	0.00604	0.00512	0.00149	0.03997	0.00396	0.04450	0.00685
18	0.01710	0.16859	0.01727	0.01210	0.01498	0.31930	0.00981	0.07813	0.04554	0.04108	0.06302	0.01413	0.01173	0.00675	0.00658	0.00159	0.10449	0.00452	0.05641	0.00689
19	0.00857	0.00595	0.00705	0.00711	0.00859	0.00543	0.00520	0.01083	0.04397	0.06190	0.20088	0.26424	0.28803	0.01361	0.00659	0.00195	0.00310	0.01183	0.03986	0.00530

[dist]
# distance from previous block
# <min> <max>
0	1

[block]
# block no. 2 follows, 42 sequences, length 20
# corresponding to MSA columns:
# 137-156
name=unknown_C
#
# <colnr> <probs for GDERKNQSTAVLIFYWHMCP>
#	G	D	E	R	K	N	Q	S	T	A	V	L	I	F	Y	W	H	M	C	P
0	0.04371	0.01120	0.01281	0.01023	0.01365	0.01155	0.00825	0.25652	0.04802	0.05223	0.15039	0.03441	0.01807	0.00745	0.00644	0.00157	0.07005	0.00579	0.02513	0.21252
1	0.00974	0.00697	0.00829	0.00768	0.00951	0.00676	0.00588	0.06863	0.06105	0.04371	0.42238	0.07812	0.16805	0.01144	0.00641	0.00182	0.00323	0.02911	0.04539	0.00584
2	0.01525	0.01037	0.01193	0.00976	0.01316	0.01035	0.00767	0.13783	0.19943	0.14861	0.12870	0.02214	0.01933	0.07337	0.00744	0.00191	0.00455	0.00617	0.00534	0.16668
3	0.08427	0.67958	0.02668	0.00982	0.01438	0.07975	0.00943	0.01726	0.01163	0.01428	0.00789	0.00912	0.00713	0.00492	0.00371	0.00127	0.00620	0.00306	0.00253	0.00707
4	0.01377	0.01321	0.02256	0.07054	0.73235	0.01333	0.01719	0.01713	0.01274	0.01819	0.01056	0.01398	0.00885	0.00504	0.00557	0.00168	0.00672	0.00501	0.00277	0.00879
5	0.01111	0.01068	0.01863	0.66711	0.09861	0.01271	0.07203	0.01490	0.01154	0.01499	0.01016	0.01493	0.00770	0.00551	0.00570	0.00186	0.00759	0.00513	0.00255	0.00658
6	0.00710	0.00527	0.00663	0.00724	0.00812	0.00479	0.00507	0.00860	0.01248	0.01663	0.22464	0.46508	0.17686	0.01542	0.00694	0.00208	0.00303	0.01373	0.00547	0.00479
7	0.02139	0.01576	0.01689	0.01295	0.01745	0.01745	0.01070	0.74835	0.02646	0.03547	0.01351	0.01351	0.00957	0.00676	0.00563	0.00169	0.00619	0.00507	0.00563	0.00957
8	0.01069	0.01009	0.01689	0.75927	0.03785	0.01268	0.01550	0.01435	0.01115	0.01435	0.00990	0.01490	0.00750	0.00579	0.00611	0.00190	0.03733	0.00500	0.00250	0.00625
9	0.01444	0.01434	0.02234	0.03309	0.71291	0.06878	0.01681	0.01765	0.01304	0.01805	0.01045	0.01366	0.00879	0.00507	0.00554	0.00166	0.00694	0.00491	0.00279	0.00874
10	0.01231	0.01231	0.01724	0.01477	0.01477	0.01724	0.01231	0.01354	0.00862	0.01354	0.00739	0.01231	0.00739	0.00985	0.01847	0.00246	0.79192	0.00492	0.00246	0.00616
11	0.00695	0.00527	0.00641	0.00705	0.00802	0.00473	0.00494	0.00831	0.01216	0.01581	0.14438	0.45459	0.26965	0.01568	0.00694	0.00209	0.00305	0.01386	0.00536	0.00473
12	0.01570	0.01221	0.01369	0.07591	0.01673	0.01366	0.00952	0.25535	0.34253	0.05420	0.07743	0.02119	0.05114	0.00777	0.00580	0.00182	0.00506	0.00636	0.00549	0.00845
13	0.00686	0.00510	0.00640	0.00737	0.00806	0.00464	0.00503	0.00800	0.01141	0.01488	0.06726	0.61375	0.18735	0.01668	0.00705	0.00218	0.00315	0.01491	0.00527	0.00464
14	0.01322	0.01220	0.01380	0.05033	0.08772	0.05852	0.01004	0.04093	0.38903	0.01996	0.02251	0.02313	0.10688	0.00841	0.00736	0.00193	0.10028	0.02137	0.00465	0.00773
15	0.06136	0.00993	0.01230	0.00994	0.01378	0.00953	0.00804	0.02584	0.18252	0.48985	0.07704	0.02060	0.01707	0.00730	0.00560	0.00176	0.00452	0.00597	0.00636	0.03071
16	0.01834	0.01321	0.01451	0.01172	0.01529	0.01451	0.00944	0.50505	0.10843	0.05291	0.01581	0.04058	0.01263	0.03799	0.00797	0.07131	0.00569	0.03095	0.00531	0.00837
17	0.04101	0.03892	0.01343	0.03339	0.01470	0.01188	0.00852	0.22701	0.12769	0.19153	0.08156	0.01934	0.03380	0.00714	0.00541	0.00164	0.00484	0.00572	0.05250	0.07997
18	0.01592	0.62261	0.02621	0.01032	0.01492	0.04258	0.00974	0.10859	0.07267	0.01683	0.00975	0.01057	0.00830	0.00531	0.00407	0.00133	0.00603	0.00355	0.00308	0.00763
19	0.58867	0.07468	0.07364	0.00830	0.01219	0.01256	0.00758	0.01714	0.01053	0.07347	0.00980	0.01094	0.00744	0.00542	0.00383	0.00167	0.00471	0.00348	0.06742	0.00654

[dist]
# distance from previous block
# <min> <max>
1	4

[block]
# block no. 3 follows, 42 sequences, length 16
# corresponding to MSA columns:
# 164-179
name=unknown_D
#
# <colnr> <probs for GDERKNQSTAVLIFYWHMCP>
#	G	D	E	R	K	N	Q	S	T	A	V	L	I	F	Y	W	H	M	C	P
0	0.01896	0.00837	0.01087	0.00888	0.01210	0.00746	0.00702	0.02142	0.04483	0.49272	0.09756	0.04499	0.10377	0.08496	0.00811	0.00214	0.00438	0.00731	0.00626	0.00789
1	0.01529	0.16489	0.24379	0.01307	0.03000	0.12431	0.01290	0.11054	0.05614	0.05814	0.03343	0.01504	0.02808	0.03667	0.00647	0.00179	0.03353	0.00473	0.00352	0.00770
2	0.00825	0.00555	0.00721	0.00748	0.00854	0.00508	0.00535	0.01000	0.01329	0.05746	0.32749	0.39585	0.09852	0.01435	0.00684	0.00202	0.00307	0.01280	0.00571	0.00515
3	0.01108	0.00817	0.00990	0.03160	0.01158	0.00853	0.00701	0.13307	0.08413	0.04237	0.28355	0.16760	0.08068	0.02746	0.05166	0.00237	0.01803	0.00949	0.00544	0.00628
4	0.00803	0.00591	0.00758	0.00705	0.00855	0.00536	0.00530	0.01061	0.01559	0.02199	0.69567	0.04156	0.09132	0.01138	0.00654	0.00174	0.00272	0.01001	0.00603	0.03703
5	0.01089	0.07142	0.61241	0.01429	0.02130	0.01237	0.01773	0.01641	0.01205	0.01752	0.05528	0.06043	0.04057	0.00671	0.00547	0.00178	0.00736	0.00541	0.00287	0.00773
6	0.79900	0.01114	0.00872	0.00769	0.01123	0.01288	0.00634	0.05486	0.01046	0.02578	0.00813	0.00937	0.00628	0.00530	0.00360	0.00174	0.00445	0.00315	0.00360	0.00628
7	0.01380	0.01172	0.01372	0.04354	0.01604	0.01209	0.03706	0.10472	0.36069	0.02248	0.01704	0.01801	0.01327	0.00649	0.00532	0.00157	0.00490	0.02632	0.00471	0.26651
8	0.02102	0.02682	0.01595	0.01450	0.01740	0.77963	0.01087	0.02247	0.01595	0.01377	0.00870	0.01015	0.00725	0.00580	0.00507	0.00145	0.01015	0.00362	0.00290	0.00652
9	0.01167	0.01000	0.01167	0.00834	0.01334	0.00750	0.00667	0.01417	0.01167	0.01834	0.01000	0.01167	0.00834	0.00417	0.00417	0.00083	0.00417	0.00333	0.00333	0.83663
10	0.00823	0.00588	0.00722	0.00680	0.00840	0.00526	0.00513	0.01053	0.01508	0.04787	0.54081	0.04457	0.24918	0.01210	0.00661	0.00181	0.00279	0.01048	0.00595	0.00531
11	0.00802	0.00712	0.05152	0.00753	0.00933	0.00572	0.00619	0.01074	0.01520	0.02116	0.60549	0.04256	0.14142	0.01164	0.00660	0.00181	0.00309	0.03363	0.00582	0.00541
12	0.00743	0.00570	0.00674	0.00653	0.00802	0.00507	0.00485	0.00947	0.01433	0.01910	0.44425	0.06837	0.32947	0.03689	0.00733	0.00195	0.00283	0.01095	0.00570	0.00501
13	0.01402	0.01414	0.01796	0.31819	0.24034	0.16187	0.03101	0.01725	0.03000	0.03697	0.01104	0.01527	0.00904	0.05152	0.00686	0.00194	0.00756	0.00501	0.00292	0.00709
14	0.02107	0.01515	0.01639	0.01266	0.01702	0.01664	0.01041	0.69387	0.02551	0.06548	0.01445	0.03960	0.01066	0.00712	0.00568	0.00171	0.00604	0.00545	0.00567	0.00941
15	0.50316	0.01471	0.11171	0.05280	0.07866	0.05422	0.02450	0.06763	0.01182	0.02308	0.00898	0.01068	0.00689	0.00537	0.00431	0.00173	0.00577	0.00370	0.00333	0.00692

[dist]
# distance from previous block
# <min> <max>
0	2

[block]
# block no. 4 follows, 42 sequences, length 39
# corresponding to MSA columns:
# 182-220
name=unknown_E
#
# <colnr> <probs for GDERKNQSTAVLIFYWHMCP>
#	G	D	E	R	K	N	Q	S	T	A	V	L	I	F	Y	W	H	M	C	P
0	0.28848	0.18453	0.04627	0.08099	0.04629	0.14740	0.02736	0.05766	0.01269	0.01946	0.03648	0.01170	0.00878	0.00557	0.00444	0.00159	0.00640	0.00389	0.00320	0.00682
1	0.14989	0.04594	0.21149	0.03670	0.08258	0.01335	0.29460	0.01735	0.01213	0.03562	0.01126	0.04359	0.00898	0.00557	0.00557	0.00181	0.00760	0.00547	0.00299	0.00751
2	0.01119	0.01057	0.01789	0.66060	0.16247	0.01265	0.01591	0.01487	0.01152	0.01506	0.01010	0.01482	0.00774	0.00552	0.00562	0.00184	0.00736	0.00500	0.00255	0.00670
3	0.01226	0.01181	0.01791	0.27983	0.35490	0.05697	0.01447	0.01546	0.01276	0.01698	0.08008	0.02001	0.04119	0.00660	0.00578	0.00178	0.00660	0.03417	0.00319	0.00726
4	0.01351	0.01293	0.02196	0.07881	0.70011	0.01305	0.01677	0.01681	0.01272	0.01805	0.01198	0.01523	0.03212	0.00534	0.00561	0.00169	0.00662	0.00522	0.00284	0.00863
5	0.00714	0.00516	0.00675	0.00753	0.00820	0.00478	0.00520	0.00858	0.01224	0.01657	0.22586	0.56015	0.07928	0.01584	0.00701	0.00213	0.00308	0.01425	0.00548	0.00478
6	0.09317	0.01078	0.01151	0.02528	0.12331	0.09620	0.00838	0.09246	0.01341	0.01979	0.03312	0.15197	0.01614	0.02754	0.03959	0.00210	0.02291	0.00686	0.19913	0.00635
7	0.01698	0.01223	0.01399	0.01069	0.01492	0.01213	0.00867	0.30409	0.04195	0.10873	0.01331	0.01450	0.01013	0.03543	0.00660	0.00156	0.04565	0.00463	0.00468	0.31912
8	0.16092	0.01326	0.01960	0.17551	0.22101	0.06768	0.15972	0.03446	0.02727	0.01887	0.01092	0.03130	0.00886	0.00558	0.00540	0.00177	0.00703	0.00517	0.01836	0.00729
9	0.04812	0.12847	0.54092	0.01478	0.02190	0.04213	0.04965	0.01835	0.01217	0.05890	0.01038	0.01187	0.00754	0.00535	0.00510	0.00170	0.00777	0.00413	0.00272	0.00805
10	0.01390	0.01482	0.10481	0.16682	0.30279	0.05634	0.02741	0.09918	0.03642	0.01953	0.01167	0.01447	0.00913	0.00570	0.00562	0.00170	0.01956	0.00493	0.07731	0.00789
11	0.04464	0.00726	0.00905	0.00805	0.01031	0.00685	0.00620	0.01676	0.05798	0.24602	0.22421	0.10967	0.05756	0.01031	0.00681	0.05151	0.00367	0.00809	0.10850	0.00656
12	0.04399	0.04170	0.01374	0.03355	0.14213	0.01138	0.00935	0.13750	0.14769	0.05136	0.15127	0.09316	0.06138	0.02889	0.00644	0.00189	0.00479	0.00748	0.00491	0.00742
13	0.00687	0.00566	0.00605	0.00617	0.00787	0.00485	0.00462	0.00840	0.01291	0.01581	0.11340	0.11825	0.61465	0.01436	0.00674	0.00195	0.00296	0.03838	0.00531	0.00480
14	0.15709	0.03190	0.02622	0.08866	0.06501	0.05324	0.00947	0.12088	0.06984	0.11984	0.06696	0.04713	0.02980	0.00735	0.00557	0.00176	0.02290	0.02035	0.04869	0.00734
15	0.01726	0.28674	0.02056	0.01226	0.01558	0.23599	0.01039	0.08574	0.01385	0.05745	0.00939	0.01104	0.00789	0.00631	0.00713	0.00157	0.15398	0.00389	0.00314	0.03984
16	0.58104	0.19067	0.01347	0.00827	0.01202	0.01493	0.00715	0.01781	0.07677	0.02238	0.00918	0.01018	0.00734	0.00535	0.00371	0.00163	0.00474	0.00333	0.00344	0.00660
17	0.01507	0.75788	0.02820	0.00946	0.01413	0.02131	0.00938	0.01692	0.01154	0.02897	0.00853	0.00970	0.00764	0.00493	0.00367	0.00122	0.00586	0.00315	0.03524	0.00719
18	0.00733	0.00564	0.00670	0.00661	0.00806	0.00501	0.00489	0.00933	0.01417	0.01881	0.40879	0.12515	0.33273	0.01322	0.00670	0.00187	0.00280	0.01145	0.00571	0.00501
19	0.00682	0.00553	0.00607	0.00642	0.00789	0.00478	0.00469	0.00822	0.01244	0.01532	0.07592	0.23846	0.53630	0.01503	0.00682	0.00201	0.00302	0.03427	0.00526	0.00474
20	0.01100	0.02705	0.70481	0.01541	0.02308	0.01253	0.01956	0.01713	0.01163	0.01740	0.01054	0.01280	0.00775	0.00864	0.07455	0.00243	0.00892	0.00433	0.00243	0.00802
21	0.00721	0.00509	0.00666	0.00778	0.00813	0.00484	0.00524	0.00817	0.01056	0.01405	0.02901	0.63457	0.03445	0.13080	0.01033	0.00277	0.00372	0.06723	0.00496	0.00445
22	0.00668	0.00558	0.00582	0.00601	0.00768	0.00472	0.00441	0.00804	0.01253	0.01508	0.05326	0.16168	0.65974	0.01474	0.00673	0.00196	0.00291	0.01247	0.00523	0.00472
23	0.01167	0.01000	0.01167	0.00834	0.01334	0.00750	0.00667	0.01417	0.01167	0.01834	0.01000	0.01167	0.00834	0.00417	0.00417	0.00083	0.00417	0.00333	0.00333	0.83663
24	0.76863	0.01231	0.00896	0.00803	0.01147	0.08115	0.00652	0.01707	0.01015	0.02422	0.00791	0.00923	0.00620	0.00528	0.00362	0.00172	0.00487	0.00310	0.00343	0.00613
25	0.01415	0.13239	0.05924	0.01628	0.11191	0.09761	0.01257	0.05687	0.01154	0.01559	0.00875	0.01219	0.00788	0.00876	0.03817	0.00222	0.37964	0.00452	0.00273	0.00697
26	0.01010	0.00905	0.01286	0.01183	0.01230	0.01181	0.00959	0.01166	0.00920	0.01362	0.01352	0.08892	0.01385	0.02259	0.29288	0.00484	0.39652	0.04622	0.00306	0.00555
27	0.00906	0.00656	0.00769	0.00731	0.00850	0.00620	0.00487	0.03200	0.02908	0.01446	0.01960	0.21386	0.02166	0.38493	0.04040	0.00368	0.00490	0.00895	0.03436	0.14191
28	0.00819	0.00557	0.00662	0.00664	0.00688	0.00563	0.00410	0.00867	0.00901	0.01219	0.07231	0.03689	0.02271	0.64456	0.09498	0.00540	0.00612	0.03612	0.00365	0.00376
29	0.01344	0.01296	0.02238	0.14061	0.63744	0.01328	0.04360	0.01689	0.01261	0.01781	0.01053	0.01413	0.00870	0.00509	0.00562	0.00171	0.00690	0.00507	0.00275	0.00849
30	0.00775	0.00573	0.00832	0.00864	0.00945	0.00637	0.00646	0.00944	0.00944	0.01331	0.01912	0.21515	0.02003	0.06245	0.56228	0.00724	0.01181	0.00858	0.00358	0.00486
31	0.01126	0.01049	0.05321	0.03954	0.04818	0.07671	0.05228	0.01464	0.05532	0.05756	0.35573	0.06781	0.04556	0.01014	0.00686	0.03074	0.00486	0.04796	0.00496	0.00618
32	0.04225	0.04174	0.01214	0.04957	0.01389	0.09530	0.00817	0.11953	0.15397	0.05238	0.19755	0.14590	0.02544	0.00950	0.00592	0.00181	0.00493	0.00798	0.00512	0.00692
33	0.01137	0.00888	0.05139	0.00921	0.01134	0.00812	0.00749	0.09562	0.07060	0.06714	0.15123	0.24400	0.02805	0.03508	0.00717	0.00204	0.02063	0.06648	0.07926	0.02488
34	0.15615	0.08991	0.01521	0.04127	0.05202	0.05557	0.00937	0.17380	0.03378	0.09314	0.01186	0.01307	0.00907	0.00614	0.00593	0.00161	0.07574	0.00433	0.05160	0.10042
35	0.19050	0.14936	0.03180	0.12597	0.01685	0.09805	0.00921	0.03993	0.09593	0.01907	0.04340	0.02823	0.01148	0.02281	0.00514	0.00168	0.00571	0.00465	0.06090	0.03933
36	0.04663	0.17984	0.24041	0.03555	0.14987	0.06145	0.03711	0.10568	0.01389	0.01906	0.02783	0.01255	0.00887	0.00566	0.00549	0.00164	0.03313	0.00437	0.00303	0.00794
37	0.02614	0.13671	0.16510	0.10006	0.11872	0.09875	0.02548	0.06784	0.01331	0.03553	0.04742	0.01370	0.01013	0.00610	0.00636	0.00167	0.07912	0.00459	0.00310	0.04016
38	0.01498	0.10019	0.10472	0.07675	0.17238	0.05744	0.03931	0.10785	0.03667	0.07593	0.03230	0.01566	0.02216	0.00614	0.00556	0.00165	0.02622	0.00503	0.09126	0.00779

[dist]
# distance from previous block
# <min> <max>
5	112

[block]
# block no. 5 follows, 42 sequences, length 76
# corresponding to MSA columns:
# 339-414
name=unknown_F
#
# <colnr> <probs for GDERKNQSTAVLIFYWHMCP>
#	G	D	E	R	K	N	Q	S	T	A	V	L	I	F	Y	W	H	M	C	P
0	0.10659	0.04760	0.05845	0.02436	0.01526	0.03870	0.00953	0.27727	0.08404	0.10333	0.06746	0.03335	0.03440	0.02887	0.00638	0.00183	0.02806	0.00564	0.00490	0.02398
1	0.11097	0.09420	0.17817	0.04941	0.10059	0.11108	0.10448	0.04891	0.03404	0.01860	0.02604	0.01407	0.02753	0.00586	0.00551	0.00169	0.02832	0.00475	0.02839	0.00738
2	0.10227	0.12684	0.03663	0.12707	0.07078	0.13936	0.01092	0.18517	0.01569	0.02063	0.01490	0.01711	0.07707	0.00676	0.00517	0.00166	0.00657	0.02444	0.00371	0.00726
3	0.04995	0.11413	0.02976	0.03163	0.05513	0.14276	0.02581	0.27310	0.01743	0.02290	0.01248	0.05429	0.01048	0.02332	0.00558	0.00163	0.00640	0.00503	0.05301	0.06517
4	0.01473	0.05523	0.13019	0.01124	0.03192	0.08291	0.00995	0.07777	0.03814	0.16124	0.23763	0.06367	0.02480	0.00857	0.00587	0.00175	0.00536	0.02669	0.00502	0.00729
5	0.01264	0.04810	0.65189	0.01527	0.02292	0.01328	0.01901	0.06875	0.01308	0.05108	0.01120	0.01330	0.00812	0.00571	0.00538	0.00178	0.00789	0.01937	0.00286	0.00836
6	0.02061	0.01095	0.04701	0.12692	0.09116	0.00989	0.01084	0.03772	0.03628	0.50047	0.01882	0.01879	0.01269	0.00674	0.00569	0.00178	0.00555	0.02366	0.00560	0.00884
7	0.00775	0.00624	0.00691	0.00719	0.02362	0.00568	0.00513	0.03157	0.03007	0.01586	0.06528	0.13252	0.50115	0.08907	0.00879	0.00230	0.00347	0.04738	0.00505	0.00497
8	0.06944	0.01118	0.01662	0.51772	0.03061	0.04577	0.05026	0.01488	0.01108	0.01545	0.00983	0.01425	0.00772	0.00622	0.00730	0.00191	0.12155	0.00489	0.03708	0.00626
9	0.03279	0.06425	0.01838	0.12102	0.06477	0.13451	0.07770	0.13977	0.01449	0.01891	0.04958	0.01445	0.01052	0.00781	0.03020	0.00201	0.16065	0.00502	0.00338	0.02979
10	0.00922	0.04802	0.00811	0.00691	0.00766	0.00694	0.00449	0.01079	0.06144	0.02930	0.09743	0.05562	0.03839	0.56784	0.02191	0.00436	0.00499	0.00823	0.00397	0.00438
11	0.11502	0.06538	0.01564	0.12901	0.08750	0.04602	0.01084	0.13729	0.01350	0.02005	0.03546	0.01453	0.01014	0.00868	0.04826	0.00219	0.16082	0.00481	0.06794	0.00692
12	0.00924	0.00820	0.04871	0.00786	0.01046	0.00652	0.00640	0.02699	0.01396	0.01996	0.40162	0.03253	0.08956	0.06511	0.02648	0.00199	0.00391	0.00798	0.00494	0.20759
13	0.01500	0.02890	0.01361	0.02909	0.01496	0.02377	0.02621	0.19252	0.03703	0.09023	0.01476	0.10565	0.01273	0.00682	0.00515	0.00139	0.00497	0.00566	0.00445	0.36709
14	0.05859	0.12981	0.08875	0.03888	0.27076	0.19974	0.01327	0.03393	0.01317	0.01677	0.01096	0.06629	0.00988	0.00623	0.00538	0.00163	0.02053	0.00497	0.00298	0.00749
15	0.01447	0.54026	0.13889	0.01104	0.01576	0.07219	0.01128	0.01698	0.01165	0.01440	0.00875	0.01038	0.00760	0.00538	0.00496	0.00140	0.05792	0.00347	0.04606	0.00717
16	0.01228	0.01167	0.03384	0.14253	0.33202	0.03197	0.06220	0.04617	0.01312	0.01797	0.10719	0.04000	0.01621	0.06224	0.00791	0.02484	0.00635	0.02090	0.00344	0.00716
17	0.00847	0.00634	0.00773	0.00800	0.00927	0.00590	0.00563	0.06573	0.01224	0.01639	0.03017	0.55672	0.11366	0.03565	0.00727	0.00214	0.00359	0.01324	0.00502	0.08684
18	0.01404	0.01125	0.01293	0.00950	0.01425	0.00984	0.00769	0.16691	0.01477	0.04044	0.01097	0.01225	0.00871	0.00492	0.00488	0.00108	0.02526	0.00379	0.00388	0.62263
19	0.01197	0.00921	0.01213	0.02642	0.01327	0.00975	0.05916	0.22070	0.01530	0.02066	0.02211	0.40453	0.02377	0.01346	0.02687	0.01963	0.03862	0.02613	0.02002	0.00630
20	0.01402	0.01180	0.01249	0.01108	0.01423	0.01342	0.00866	0.09649	0.61244	0.02416	0.05565	0.02310	0.06121	0.00810	0.00581	0.00188	0.00445	0.00672	0.00571	0.00858
21	0.00814	0.00546	0.00623	0.00626	0.00630	0.00547	0.00356	0.00822	0.00828	0.01107	0.01804	0.05798	0.02076	0.75953	0.04830	0.00546	0.00565	0.00835	0.00345	0.00349
22	0.01082	0.01030	0.01735	0.71424	0.03684	0.01288	0.03526	0.01442	0.01113	0.01442	0.00986	0.01482	0.00752	0.00590	0.00654	0.00192	0.06197	0.00504	0.00251	0.00628
23	0.00686	0.00490	0.00653	0.00784	0.00816	0.00457	0.00522	0.00784	0.01077	0.01437	0.03102	0.79855	0.03722	0.01763	0.00718	0.00229	0.00326	0.01600	0.00522	0.00457
24	0.00787	0.00562	0.00770	0.00900	0.00977	0.00545	0.00699	0.00959	0.01178	0.01550	0.03046	0.46054	0.03500	0.01667	0.00745	0.00243	0.00415	0.34397	0.00520	0.00485
25	0.01326	0.01274	0.01982	0.40029	0.14671	0.04892	0.10561	0.09707	0.01347	0.01771	0.01041	0.01428	0.00806	0.00585	0.00661	0.00185	0.06201	0.00515	0.00295	0.00721
26	0.00838	0.00619	0.00788	0.00738	0.00884	0.00591	0.00556	0.01196	0.06733	0.02263	0.71273	0.04058	0.05061	0.01124	0.00657	0.00178	0.00278	0.00991	0.00616	0.00556
27	0.01354	0.04744	0.05831	0.10945	0.18943	0.05142	0.35715	0.01844	0.06453	0.01767	0.01152	0.01465	0.00893	0.00518	0.00597	0.00179	0.00814	0.00568	0.00296	0.00779
28	0.73275	0.03387	0.07494	0.00826	0.01221	0.01284	0.00750	0.01686	0.00995	0.03819	0.00830	0.00956	0.00636	0.00526	0.00369	0.00173	0.00475	0.00319	0.00342	0.00638
29	0.00685	0.00492	0.00650	0.00777	0.00815	0.00458	0.00520	0.00784	0.01084	0.01439	0.03181	0.77586	0.05940	0.01753	0.00717	0.00227	0.00325	0.01587	0.00522	0.00458
30	0.01171	0.01013	0.01219	0.00870	0.01372	0.00766	0.02438	0.01426	0.01171	0.01833	0.01004	0.01175	0.00834	0.00418	0.00423	0.00086	0.00430	0.00341	0.00332	0.81678
31	0.03157	0.08496	0.10106	0.03186	0.01866	0.01251	0.12607	0.12717	0.03131	0.23201	0.01422	0.01462	0.01002	0.00574	0.00533	0.00158	0.00618	0.00492	0.00446	0.13574
32	0.01058	0.00564	0.00799	0.00772	0.00803	0.00576	0.00529	0.05873	0.00866	0.01156	0.01003	0.01686	0.00976	0.01866	0.02086	0.77838	0.00498	0.00490	0.00266	0.00294
33	0.02393	0.00987	0.01302	0.01018	0.01440	0.00894	0.00835	0.02772	0.10320	0.68314	0.02228	0.01937	0.01431	0.00704	0.00567	0.00176	0.00475	0.00574	0.00682	0.00950
34	0.02102	0.02682	0.01595	0.01450	0.01740	0.77963	0.01087	0.02247	0.01595	0.01377	0.00870	0.01015	0.00725	0.00580	0.00507	0.00145	0.01015	0.00362	0.00290	0.00652
35	0.01582	0.01368	0.04671	0.01317	0.05518	0.01460	0.01025	0.19440	0.50187	0.04160	0.01953	0.01847	0.01449	0.00718	0.00568	0.00184	0.00514	0.00588	0.00543	0.00905
36	0.11989	0.01606	0.06442	0.01202	0.01630	0.07007	0.01031	0.50574	0.02162	0.03046	0.01261	0.01318	0.00918	0.00639	0.00519	0.00166	0.00613	0.00467	0.06557	0.00853
37	0.01631	0.00980	0.01063	0.00879	0.01168	0.01032	0.00705	0.28735	0.03516	0.11280	0.01711	0.01801	0.01263	0.00670	0.00480	0.00151	0.00424	0.00525	0.41242	0.00743
38	0.00787	0.00575	0.00740	0.00698	0.00835	0.00527	0.00524	0.01044	0.01572	0.02206	0.71539	0.04287	0.10217	0.01169	0.00664	0.00178	0.00267	0.01029	0.00613	0.00527
39	0.01936	0.01474	0.01606	0.08354	0.03713	0.05570	0.01086	0.46249	0.13569	0.08401	0.01495	0.01504	0.01073	0.00671	0.00562	0.00173	0.00616	0.00523	0.00525	0.00899
40	0.00671	0.00562	0.00584	0.00597	0.00769	0.00475	0.00441	0.00812	0.01269	0.01533	0.07474	0.13456	0.66523	0.01454	0.00671	0.00194	0.00289	0.01227	0.00525	0.00475
41	0.13655	0.03531	0.03795	0.13247	0.04021	0.15493	0.17277	0.09344	0.05657	0.03774	0.01144	0.01408	0.00886	0.00576	0.00539	0.00173	0.00744	0.01722	0.00347	0.02669
42	0.05842	0.74422	0.02796	0.00956	0.01426	0.02156	0.00943	0.01716	0.02983	0.01413	0.00820	0.00933	0.00741	0.00491	0.00366	0.00125	0.00589	0.00309	0.00255	0.00720
43	0.00831	0.00583	0.00760	0.00711	0.00852	0.00536	0.00535	0.01093	0.01587	0.03849	0.73306	0.04181	0.06750	0.01147	0.00662	0.00177	0.00271	0.01012	0.00619	0.00539
44	0.00674	0.00570	0.00582	0.00579	0.00765	0.00479	0.00434	0.00824	0.01303	0.01568	0.10271	0.05338	0.71884	0.01407	0.00665	0.00189	0.00284	0.01177	0.00529	0.00479
45	0.01269	0.01837	0.21572	0.05426	0.04712	0.01385	0.51757	0.01780	0.01284	0.01783	0.01099	0.01432	0.00816	0.00494	0.00625	0.00186	0.00904	0.00592	0.00271	0.00775
46	0.84197	0.01088	0.00827	0.00740	0.01088	0.01262	0.00609	0.01654	0.00958	0.02525	0.00784	0.00914	0.00609	0.00522	0.00348	0.00174	0.00435	0.00305	0.00348	0.00609
47	0.01611	0.48120	0.13485	0.01189	0.01670	0.22569	0.01160	0.01851	0.01272	0.01406	0.00839	0.00975	0.00722	0.00516	0.00426	0.00136	0.00747	0.00334	0.00254	0.00719
48	0.00756	0.00574	0.00696	0.00665	0.00816	0.00514	0.00499	0.00983	0.01497	0.02029	0.54535	0.04579	0.27332	0.01236	0.00664	0.00181	0.00272	0.01070	0.00590	0.00514
49	0.00811	0.00677	0.01089	0.01014	0.01151	0.00640	0.11696	0.00996	0.01207	0.01633	0.15298	0.50584	0.06566	0.01436	0.00720	0.00213	0.01931	0.01322	0.00498	0.00519
50	0.00924	0.00589	0.00752	0.00726	0.00854	0.00541	0.00523	0.01109	0.01373	0.08600	0.40978	0.18335	0.09335	0.11670	0.00956	0.00236	0.00334	0.01073	0.00564	0.00526
51	0.02525	0.00958	0.01306	0.01001	0.01437	0.00827	0.00827	0.02743	0.01611	0.77102	0.02220	0.01915	0.01393	0.00697	0.00566	0.00174	0.00479	0.00566	0.00697	0.00958
52	0.00729	0.00568	0.00662	0.00647	0.00802	0.00501	0.00482	0.00928	0.01420	0.01868	0.39401	0.08743	0.38608	0.01312	0.00667	0.00186	0.00278	0.01128	0.00569	0.00501
53	0.00686	0.00490	0.00653	0.00784	0.00816	0.00457	0.00522	0.00784	0.01077	0.01437	0.03102	0.79855	0.03722	0.01763	0.00718	0.00229	0.00326	0.01600	0.00522	0.00457
54	0.02139	0.01576	0.01689	0.01295	0.01745	0.01745	0.01070	0.74835	0.02646	0.03547	0.01351	0.01351	0.00957	0.00676	0.00563	0.00169	0.00619	0.00507	0.00563	0.00957
55	0.02085	0.04945	0.01634	0.01436	0.01731	0.75763	0.01084	0.02231	0.01582	0.01376	0.00867	0.01012	0.00725	0.00577	0.00503	0.00144	0.01003	0.00361	0.00289	0.00654
56	0.00804	0.00603	0.00904	0.00904	0.01005	0.00703	0.00703	0.01005	0.00904	0.01306	0.01507	0.02211	0.01407	0.04221	0.77992	0.00904	0.01507	0.00603	0.00301	0.00502
57	0.00907	0.00648	0.00907	0.01036	0.01166	0.00648	0.00907	0.01166	0.01296	0.01684	0.02980	0.06348	0.03239	0.01555	0.00777	0.00259	0.00518	0.72924	0.00518	0.00518
58	0.00796	0.00575	0.00752	0.00708	0.00841	0.00531	0.00531	0.01062	0.01593	0.02257	0.76415	0.04204	0.05310	0.01150	0.00664	0.00177	0.00265	0.01018	0.00619	0.00531
59	0.01505	0.80561	0.02949	0.00963	0.01444	0.02227	0.00963	0.01685	0.01143	0.01324	0.00782	0.00903	0.00722	0.00481	0.00361	0.00120	0.00602	0.00301	0.00241	0.00722
60	0.00740	0.00591	0.00672	0.00693	0.00856	0.00529	0.00537	0.00946	0.02812	0.01668	0.15585	0.10608	0.47328	0.01416	0.00685	0.00202	0.00326	0.12775	0.00537	0.00497
61	0.01485	0.76456	0.06880	0.00997	0.01497	0.02178	0.01022	0.01690	0.01146	0.01348	0.00794	0.00918	0.00722	0.00484	0.00370	0.00123	0.00614	0.00307	0.00241	0.00728
62	0.00978	0.00489	0.00733	0.00733	0.00733	0.00489	0.00489	0.00733	0.00733	0.00978	0.00978	0.01711	0.00978	0.01955	0.02199	0.83627	0.00489	0.00489	0.00244	0.00244
63	0.00684	0.00495	0.00647	0.00769	0.00812	0.00458	0.00516	0.00785	0.01092	0.01442	0.03282	0.74692	0.08769	0.01740	0.00715	0.00226	0.00324	0.01571	0.00522	0.00458
64	0.00792	0.00613	0.00798	0.00922	0.04139	0.00597	0.00639	0.01008	0.04752	0.01585	0.07394	0.46056	0.15090	0.01531	0.00724	0.00219	0.02030	0.10082	0.00513	0.00514
65	0.01738	0.01453	0.05467	0.01184	0.01640	0.01444	0.01002	0.41661	0.16084	0.02861	0.01436	0.01445	0.01062	0.00629	0.00532	0.00155	0.00554	0.00489	0.00499	0.18665
66	0.04860	0.01103	0.06558	0.01035	0.01487	0.00890	0.00906	0.04542	0.01589	0.65587	0.04084	0.01881	0.01417	0.00692	0.00560	0.00174	0.00500	0.00558	0.00648	0.00927
67	0.01049	0.00525	0.00525	0.00525	0.00656	0.00525	0.00393	0.01311	0.01180	0.02098	0.01836	0.02098	0.01442	0.00656	0.00393	0.00131	0.00262	0.00525	0.83346	0.00525
68	0.01174	0.01006	0.01170	0.00842	0.01337	0.00769	0.00673	0.01462	0.03306	0.01849	0.01037	0.01194	0.00859	0.00427	0.00421	0.00086	0.00418	0.00342	0.00340	0.81287
69	0.01562	0.05772	0.01559	0.05611	0.16315	0.05129	0.01062	0.12626	0.12504	0.12879	0.05106	0.07503	0.04770	0.00806	0.00579	0.00179	0.00555	0.04215	0.00474	0.00793
70	0.00688	0.00494	0.00654	0.00777	0.00816	0.00459	0.00521	0.00791	0.01094	0.01458	0.04938	0.76411	0.05332	0.01741	0.00716	0.00226	0.00324	0.01577	0.00525	0.00459
71	0.03454	0.01144	0.01623	0.19219	0.19956	0.03342	0.01214	0.08767	0.02736	0.25233	0.03113	0.01643	0.01126	0.00676	0.00629	0.03741	0.00608	0.00527	0.00441	0.00809
72	0.01418	0.01437	0.02102	0.15079	0.49490	0.10029	0.04701	0.01810	0.05199	0.01748	0.01096	0.01410	0.00892	0.00533	0.00558	0.00170	0.00721	0.00499	0.00291	0.00816
73	0.00718	0.00572	0.00644	0.00626	0.00793	0.00498	0.00469	0.00911	0.01408	0.01819	0.34343	0.04925	0.47655	0.01314	0.00665	0.00185	0.00277	0.01119	0.00562	0.00498
74	0.01212	0.01030	0.01221	0.04983	0.01489	0.00828	0.00735	0.05215	0.01241	0.01901	0.01018	0.01194	0.00836	0.00438	0.00432	0.00093	0.00445	0.00351	0.00341	0.74995
75	0.01385	0.01425	0.01854	0.03631	0.01750	0.11149	0.11135	0.06842	0.01204	0.01642	0.06110	0.01465	0.01086	0.00842	0.01308	0.00214	0.45455	0.00537	0.00306	0.00659

[dist]
# distance from previous block
# <min> <max>
0	1

[block]
# block no. 6 follows, 42 sequences, length 81
# corresponding to MSA columns:
# 416-496
name=unknown_G
#
# <colnr> <probs for GDERKNQSTAVLIFYWHMCP>
#	G	D	E	R	K	N	Q	S	T	A	V	L	I	F	Y	W	H	M	C	P
0	0.00713	0.00516	0.00679	0.00790	0.00849	0.00482	0.00555	0.00840	0.01144	0.01517	0.07774	0.63121	0.08444	0.01683	0.00717	0.00226	0.00339	0.08614	0.00528	0.00469
1	0.00788	0.00579	0.00740	0.00713	0.00852	0.00532	0.00543	0.01038	0.01537	0.02132	0.63231	0.04487	0.13700	0.01209	0.00671	0.00184	0.00284	0.05655	0.00601	0.00523
2	0.00705	0.00558	0.00623	0.00632	0.00776	0.00489	0.00457	0.00859	0.01291	0.01638	0.20067	0.15481	0.46634	0.06270	0.00808	0.00215	0.00303	0.01187	0.00532	0.00476
3	0.01231	0.01231	0.01724	0.01477	0.01477	0.01724	0.01231	0.01354	0.00862	0.01354	0.00739	0.01231	0.00739	0.00985	0.01847	0.00246	0.79192	0.00492	0.00246	0.00616
4	0.84197	0.01088	0.00827	0.00740	0.01088	0.01262	0.00609	0.01654	0.00958	0.02525	0.00784	0.00914	0.00609	0.00522	0.00348	0.00174	0.00435	0.00305	0.00348	0.00609
5	0.01135	0.02868	0.75030	0.01628	0.02451	0.01311	0.04313	0.01783	0.01192	0.01783	0.01014	0.01198	0.00717	0.00533	0.00539	0.00179	0.00835	0.00423	0.00239	0.00829
6	0.42140	0.12289	0.01440	0.05962	0.01519	0.03300	0.00862	0.22482	0.01489	0.02553	0.00961	0.01077	0.00736	0.00564	0.00429	0.00165	0.00544	0.00376	0.00387	0.00726
7	0.31979	0.51273	0.02167	0.00881	0.01313	0.01871	0.00833	0.01674	0.01075	0.01767	0.00783	0.00907	0.00681	0.00497	0.00356	0.00140	0.00540	0.00302	0.00280	0.00681
8	0.57593	0.01192	0.04297	0.00880	0.01276	0.01234	0.00759	0.09231	0.01256	0.16069	0.01110	0.01151	0.00791	0.00570	0.00417	0.00174	0.00479	0.00377	0.00428	0.00717
9	0.03307	0.01215	0.01492	0.24091	0.02229	0.01389	0.01120	0.22847	0.24376	0.07471	0.03600	0.01729	0.01268	0.00680	0.00564	0.00182	0.00582	0.00558	0.00480	0.00820
10	0.00815	0.00660	0.01055	0.00997	0.01134	0.00619	0.10536	0.01016	0.01252	0.01702	0.20564	0.45685	0.03685	0.01426	0.00702	0.00213	0.00409	0.06495	0.00514	0.00520
11	0.01359	0.29548	0.43407	0.01315	0.01973	0.01570	0.01555	0.01802	0.01198	0.07525	0.01041	0.01176	0.00790	0.00636	0.02720	0.00179	0.00744	0.00393	0.00277	0.00794
12	0.01056	0.03784	0.01243	0.04328	0.01290	0.05368	0.02767	0.02583	0.01073	0.01503	0.03087	0.20191	0.01748	0.01769	0.17748	0.00358	0.21059	0.00783	0.07701	0.00560
13	0.00786	0.00579	0.00757	0.00863	0.00971	0.00550	0.00686	0.00968	0.01219	0.01569	0.03532	0.31213	0.17158	0.01601	0.00736	0.00236	0.00409	0.35156	0.00520	0.00489
14	0.01442	0.01474	0.02479	0.03004	0.51855	0.06289	0.19556	0.03683	0.01349	0.01845	0.01074	0.01398	0.00873	0.00504	0.00580	0.00171	0.00758	0.00533	0.00288	0.00845
15	0.01327	0.01215	0.01852	0.44567	0.27282	0.06178	0.01540	0.01664	0.01236	0.06227	0.01086	0.01460	0.00834	0.00552	0.00558	0.00177	0.00724	0.00496	0.00289	0.00734
16	0.01526	0.02804	0.01735	0.11575	0.21077	0.10921	0.02606	0.17723	0.08133	0.02114	0.04216	0.04134	0.02982	0.00706	0.00615	0.00177	0.03440	0.02340	0.00394	0.00782
17	0.01384	0.01334	0.02295	0.05118	0.73357	0.01337	0.03428	0.01722	0.01279	0.01829	0.01059	0.01398	0.00887	0.00502	0.00560	0.00168	0.00677	0.00505	0.00278	0.00882
18	0.01188	0.00989	0.01144	0.00848	0.01304	0.00786	0.00673	0.06079	0.01260	0.01919	0.01270	0.05828	0.02785	0.00539	0.00449	0.00101	0.00419	0.00441	0.01976	0.70004
19	0.02135	0.01189	0.04083	0.01251	0.07790	0.05686	0.00953	0.06865	0.02960	0.48986	0.05987	0.01842	0.01449	0.00676	0.00557	0.00167	0.00533	0.00552	0.00584	0.05756
20	0.02073	0.02524	0.01634	0.01527	0.05150	0.67796	0.01115	0.08587	0.01673	0.01588	0.00921	0.01062	0.00753	0.00585	0.00515	0.00148	0.00964	0.00381	0.00313	0.00690
21	0.00978	0.00489	0.00733	0.00733	0.00733	0.00489	0.00489	0.00733	0.00733	0.00978	0.00978	0.01711	0.00978	0.01955	0.02199	0.83627	0.00489	0.00489	0.00244	0.00244
22	0.00743	0.00607	0.00643	0.00630	0.00814	0.00533	0.00472	0.03886	0.01363	0.01687	0.13840	0.09690	0.60356	0.01382	0.00664	0.00190	0.00299	0.01165	0.00536	0.00501
23	0.00690	0.00492	0.00652	0.00778	0.00809	0.00460	0.00516	0.00785	0.01068	0.01424	0.03055	0.77156	0.03663	0.04544	0.00794	0.00240	0.00334	0.01572	0.00516	0.00453
24	0.01204	0.01191	0.01671	0.01441	0.01447	0.01658	0.01197	0.01332	0.00865	0.01351	0.00788	0.01294	0.00782	0.01193	0.06736	0.00289	0.74204	0.00500	0.00250	0.00608
25	0.01389	0.01349	0.02351	0.03385	0.71975	0.01343	0.06411	0.01732	0.01284	0.01836	0.01064	0.01401	0.00889	0.00500	0.00564	0.00169	0.00687	0.00512	0.00279	0.00883
26	0.01167	0.01000	0.01167	0.00834	0.01334	0.00750	0.00667	0.01417	0.01167	0.01834	0.01000	0.01167	0.00834	0.00417	0.00417	0.00083	0.00417	0.00333	0.00333	0.83663
27	0.01328	0.01103	0.01310	0.08661	0.01659	0.00984	0.00829	0.13972	0.03088	0.02098	0.01089	0.01252	0.00866	0.00483	0.00460	0.00111	0.00485	0.00386	0.00370	0.59465
28	0.00686	0.00490	0.00653	0.00784	0.00816	0.00457	0.00522	0.00784	0.01077	0.01437	0.03102	0.79855	0.03722	0.01763	0.00718	0.00229	0.00326	0.01600	0.00522	0.00457
29	0.01161	0.01000	0.01199	0.05642	0.01490	0.00781	0.00722	0.01418	0.01164	0.01809	0.01000	0.01188	0.00828	0.00426	0.00426	0.00090	0.00437	0.00344	0.00328	0.78546
30	0.00666	0.00565	0.00575	0.00583	0.00764	0.00474	0.00433	0.00806	0.01270	0.01515	0.05541	0.10003	0.72000	0.01446	0.00668	0.00192	0.00288	0.01213	0.00523	0.00474
31	0.02170	0.01489	0.01631	0.01254	0.01699	0.01621	0.01035	0.64008	0.04253	0.12822	0.01483	0.01440	0.01030	0.00680	0.00564	0.00170	0.00597	0.00517	0.00580	0.00956
32	0.00819	0.00563	0.00718	0.00718	0.00752	0.00598	0.00470	0.00879	0.00845	0.01161	0.01654	0.03109	0.01789	0.51410	0.28580	0.03613	0.00873	0.00733	0.00324	0.00393
33	0.84197	0.01088	0.00827	0.00740	0.01088	0.01262	0.00609	0.01654	0.00958	0.02525	0.00784	0.00914	0.00609	0.00522	0.00348	0.00174	0.00435	0.00305	0.00348	0.00609
34	0.01400	0.01209	0.01273	0.01145	0.01463	0.01400	0.00891	0.02990	0.75695	0.02354	0.02291	0.02100	0.01718	0.00764	0.00573	0.00191	0.00445	0.00636	0.00573	0.00891
35	0.01231	0.01231	0.01724	0.01477	0.01477	0.01724	0.01231	0.01354	0.00862	0.01354	0.00739	0.01231	0.00739	0.00985	0.01847	0.00246	0.79192	0.00492	0.00246	0.00616
36	0.01231	0.01231	0.01724	0.01477	0.01477	0.01724	0.01231	0.01354	0.00862	0.01354	0.00739	0.01231	0.00739	0.00985	0.01847	0.00246	0.79192	0.00492	0.00246	0.00616
37	0.02094	0.01554	0.01663	0.01286	0.01728	0.01724	0.01059	0.70408	0.07147	0.03473	0.01409	0.01397	0.01004	0.00681	0.00564	0.00170	0.00609	0.00515	0.00564	0.00953
38	0.01393	0.01337	0.02284	0.03454	0.76712	0.01337	0.01727	0.01727	0.01281	0.01839	0.01059	0.01393	0.00891	0.00501	0.00557	0.00167	0.00669	0.00501	0.00279	0.00891
39	0.02525	0.00958	0.01306	0.01001	0.01437	0.00827	0.00827	0.02743	0.01611	0.77102	0.02220	0.01915	0.01393	0.00697	0.00566	0.00174	0.00479	0.00566	0.00697	0.00958
40	0.00869	0.00636	0.00854	0.00964	0.01103	0.00621	0.00832	0.01110	0.01294	0.01659	0.03405	0.06202	0.14681	0.01534	0.00760	0.00248	0.00482	0.61717	0.00519	0.00511
41	0.00731	0.00515	0.00633	0.00708	0.00740	0.00490	0.00451	0.00798	0.01000	0.01319	0.02812	0.47445	0.08271	0.29700	0.01479	0.00339	0.00402	0.01292	0.00458	0.00417
42	0.00686	0.00490	0.00653	0.00784	0.00816	0.00457	0.00522	0.00784	0.01077	0.01437	0.03102	0.79855	0.03722	0.01763	0.00718	0.00229	0.00326	0.01600	0.00522	0.00457
43	0.00772	0.00563	0.00726	0.00710	0.00832	0.00517	0.00523	0.01005	0.01499	0.02091	0.61279	0.15162	0.09704	0.01256	0.00672	0.00185	0.00276	0.01112	0.00599	0.00517
44	0.00804	0.00603	0.00904	0.00904	0.01005	0.00703	0.00703	0.01005	0.00904	0.01306	0.01507	0.02211	0.01407	0.04221	0.77992	0.00904	0.01507	0.00603	0.00301	0.00502
45	0.01185	0.01205	0.08807	0.00921	0.01453	0.00829	0.00818	0.03129	0.01203	0.01868	0.01009	0.01173	0.00824	0.00434	0.00432	0.00095	0.00463	0.00346	0.00329	0.73477
