[name]
unknown

[dist]
# distance from previous block
# <min> <max>
0	95

[block]
# block no. 0 follows, 43 sequences, length 19
# corresponding to MSA columns:
# 115-133
name=unknown_A
#
# <colnr> <probs for GDERKNQSTAVLIFYWHMCP>
#	G	D	E	R	K	N	Q	S	T	A	V	L	I	F	Y	W	H	M	C	P
0	0.00842	0.00541	0.00716	0.00800	0.00879	0.00505	0.00570	0.00964	0.01122	0.07117	0.03021	0.58404	0.06542	0.05412	0.00802	0.00238	0.00364	0.10154	0.00518	0.00489
1	0.00875	0.00641	0.00707	0.00681	0.00877	0.00583	0.00513	0.01163	0.08333	0.07323	0.12339	0.12074	0.49273	0.01292	0.00644	0.00188	0.00312	0.01095	0.00542	0.00546
2	0.01151	0.00989	0.01664	0.67169	0.03485	0.01180	0.04677	0.01505	0.01157	0.07120	0.01245	0.01645	0.03507	0.00590	0.00562	0.00184	0.00711	0.00528	0.00290	0.00640
3	0.03555	0.01546	0.01477	0.08286	0.05221	0.19610	0.01041	0.16806	0.20809	0.11646	0.01547	0.01641	0.01162	0.00668	0.00544	0.00171	0.00648	0.02355	0.00463	0.00804
4	0.68428	0.07096	0.01039	0.00794	0.01146	0.03335	0.00663	0.06554	0.01089	0.02423	0.00838	0.00960	0.00655	0.00526	0.00363	0.00165	0.00463	0.00320	0.02512	0.00630
5	0.01113	0.06999	0.01874	0.50278	0.12187	0.01272	0.07195	0.01453	0.01121	0.01470	0.01036	0.01491	0.00826	0.00894	0.08326	0.00248	0.00807	0.00500	0.00257	0.00652
6	0.00743	0.06532	0.00790	0.00696	0.00824	0.00601	0.00507	0.00867	0.01149	0.01456	0.07513	0.36486	0.30679	0.05734	0.02634	0.00233	0.00363	0.01234	0.00484	0.00475
7	0.07314	0.04014	0.12414	0.07146	0.01756	0.11680	0.01112	0.07300	0.05703	0.23712	0.03097	0.01526	0.01094	0.02044	0.00676	0.00181	0.07536	0.00486	0.00433	0.00775
8	0.01441	0.19366	0.44003	0.01381	0.02042	0.01407	0.05672	0.01899	0.01240	0.14839	0.01160	0.01251	0.00828	0.00539	0.00502	0.00163	0.00715	0.00424	0.00316	0.00813
9	0.02485	0.00943	0.01285	0.00985	0.01414	0.00814	0.00814	0.02699	0.01585	0.77465	0.02185	0.01885	0.01371	0.00685	0.00557	0.00171	0.00471	0.00557	0.00685	0.00943
10	0.01070	0.01008	0.01732	0.70024	0.07122	0.01221	0.04748	0.01424	0.01112	0.01436	0.00992	0.01478	0.00756	0.00586	0.00604	0.02579	0.00736	0.00499	0.00249	0.00623
11	0.02923	0.03022	0.09933	0.25758	0.06914	0.01196	0.05564	0.10808	0.01449	0.20744	0.02913	0.01701	0.01095	0.00628	0.00558	0.00177	0.00646	0.02779	0.00412	0.00779
12	0.00735	0.03136	0.00727	0.00732	0.00818	0.00535	0.00518	0.00865	0.01160	0.01531	0.14666	0.45624	0.14334	0.07774	0.00849	0.00234	0.00340	0.04450	0.00506	0.00466
13	0.00805	0.00537	0.00604	0.00604	0.00604	0.00537	0.00336	0.00805	0.00805	0.01074	0.01745	0.03624	0.02013	0.80536	0.02819	0.00537	0.00537	0.00805	0.00336	0.00336
14	0.07367	0.65350	0.08701	0.01005	0.01488	0.05541	0.01017	0.01689	0.01136	0.01426	0.00792	0.00917	0.00702	0.00485	0.00375	0.00128	0.00617	0.00308	0.00246	0.00708
15	0.07167	0.01241	0.03211	0.05894	0.22531	0.02982	0.04773	0.12769	0.03477	0.24036	0.01522	0.01751	0.01135	0.00640	0.00554	0.00174	0.00597	0.04246	0.00457	0.00842
16	0.00952	0.00685	0.00852	0.00899	0.01030	0.00692	0.00683	0.06853	0.08517	0.03766	0.02904	0.43812	0.06311	0.01467	0.00689	0.00221	0.00401	0.18184	0.00526	0.00557
17	0.06485	0.02995	0.17723	0.01417	0.11785	0.01129	0.02454	0.04811	0.13610	0.01953	0.01402	0.06225	0.02300	0.00619	0.00506	0.00153	0.00550	0.00517	0.00362	0.23005
18	0.01565	0.05473	0.05104	0.03171	0.03536	0.05615	0.13426	0.01821	0.01249	0.20226	0.04973	0.01608	0.01175	0.00711	0.00885	0.00186	0.21572	0.00538	0.06441	0.00725

[dist]
# distance from previous block
# <min> <max>
0	1

[block]
# block no. 1 follows, 43 sequences, length 31
# corresponding to MSA columns:
# 135-165
name=unknown_B
#
# <colnr> <probs for GDERKNQSTAVLIFYWHMCP>
#	G	D	E	R	K	N	Q	S	T	A	V	L	I	F	Y	W	H	M	C	P
0	0.01057	0.00981	0.01653	0.73039	0.06930	0.01207	0.01507	0.01403	0.01100	0.01416	0.00986	0.01479	0.00752	0.00600	0.00611	0.03198	0.00725	0.00492	0.00247	0.00613
1	0.02006	0.08454	0.01684	0.01343	0.01681	0.51702	0.01049	0.19177	0.04528	0.01883	0.01011	0.01107	0.00802	0.00592	0.00503	0.00148	0.00856	0.00395	0.00354	0.00726
2	0.01176	0.00928	0.01012	0.00917	0.01158	0.02950	0.00707	0.02019	0.35730	0.06552	0.29562	0.03087	0.10016	0.00942	0.00603	0.00181	0.00376	0.00802	0.00575	0.00707
3	0.00789	0.00583	0.00758	0.00748	0.02647	0.00538	0.00536	0.01033	0.01509	0.02114	0.66741	0.04145	0.10604	0.03958	0.00728	0.00188	0.00282	0.00995	0.00584	0.00520
4	0.01387	0.01185	0.01248	0.01114	0.01429	0.01362	0.00869	0.06372	0.69861	0.02345	0.02329	0.02146	0.04323	0.00770	0.00566	0.00187	0.00441	0.00639	0.00561	0.00865
5	0.00962	0.00481	0.00722	0.00722	0.00722	0.00481	0.00481	0.00722	0.00722	0.00962	0.00962	0.01684	0.00962	0.01924	0.02165	0.83886	0.00481	0.00481	0.00241	0.00241
6	0.02069	0.02640	0.01569	0.01427	0.01712	0.78313	0.01070	0.02212	0.01569	0.01355	0.00856	0.00999	0.00713	0.00571	0.00499	0.00143	0.00999	0.00357	0.00285	0.00642
7	0.01960	0.01425	0.01559	0.04022	0.01706	0.01575	0.01015	0.60253	0.08146	0.05986	0.03249	0.01503	0.01126	0.00679	0.00552	0.00168	0.00577	0.00523	0.03074	0.00902
8	0.00854	0.00607	0.00833	0.00950	0.01053	0.00602	0.00792	0.01065	0.01205	0.01574	0.02851	0.16569	0.03157	0.08141	0.00928	0.00274	0.00485	0.57076	0.00496	0.00487
9	0.00673	0.00536	0.00605	0.00651	0.00781	0.00468	0.00470	0.00805	0.01203	0.01496	0.06988	0.30988	0.47248	0.01512	0.00676	0.00202	0.00301	0.03415	0.00517	0.00465
10	0.06721	0.01321	0.01465	0.01150	0.01567	0.01414	0.00943	0.43139	0.11611	0.22419	0.01637	0.01543	0.01129	0.00673	0.00544	0.00171	0.00542	0.00519	0.00577	0.00915
11	0.63852	0.01039	0.00932	0.00793	0.01157	0.01135	0.00654	0.01897	0.01104	0.21326	0.01126	0.01147	0.00794	0.00557	0.00397	0.00171	0.00439	0.00364	0.00429	0.00686
12	0.00789	0.00603	0.00880	0.00895	0.00973	0.00694	0.00681	0.00959	0.00926	0.01317	0.01795	0.19740	0.01862	0.03428	0.56501	0.00703	0.05610	0.00809	0.00343	0.00491
13	0.01252	0.00725	0.00923	0.00799	0.01021	0.00677	0.00623	0.07187	0.01639	0.18659	0.51620	0.03479	0.07118	0.01010	0.00625	0.00174	0.00335	0.00873	0.00618	0.00644
14	0.01199	0.01190	0.02127	0.37678	0.24661	0.01320	0.15009	0.01557	0.01170	0.01589	0.01007	0.01430	0.00796	0.00550	0.00661	0.00183	0.06376	0.00522	0.00260	0.00714
15	0.06842	0.03495	0.01849	0.49659	0.03103	0.05194	0.11698	0.01570	0.01151	0.04336	0.01006	0.01399	0.00764	0.00566	0.00616	0.00183	0.05155	0.00491	0.00275	0.00648
16	0.12444	0.01013	0.01486	0.57335	0.03090	0.01213	0.01304	0.06061	0.01179	0.01708	0.01053	0.04282	0.00844	0.00593	0.00524	0.00179	0.00658	0.00499	0.00292	0.04243
17	0.01259	0.23295	0.55193	0.01391	0.02104	0.01507	0.01712	0.01764	0.01173	0.04434	0.00979	0.01122	0.00729	0.00518	0.00482	0.00160	0.00746	0.00385	0.00251	0.00795
18	0.00825	0.00582	0.00731	0.00772	0.00910	0.00534	0.00602	0.01012	0.01292	0.04951	0.17183	0.21441	0.25027	0.01428	0.00691	0.00210	0.00355	0.20411	0.00538	0.00506
19	0.04570	0.00984	0.01187	0.07634	0.01486	0.03389	0.00836	0.11226	0.08552	0.26517	0.14139	0.07928	0.02100	0.00886	0.00629	0.02630	0.00480	0.03530	0.00551	0.00745
20	0.01581	0.01416	0.09508	0.07479	0.32893	0.05254	0.07340	0.01910	0.01326	0.18829	0.01337	0.03473	0.01019	0.00575	0.00553	0.00168	0.00660	0.00527	0.00370	0.03783
21	0.02485	0.00943	0.01285	0.00985	0.01414	0.00814	0.00814	0.02699	0.01585	0.77465	0.02185	0.01885	0.01371	0.00685	0.00557	0.00171	0.00471	0.00557	0.00685	0.00943
22	0.01113	0.01020	0.01661	0.74305	0.03683	0.01261	0.01508	0.06057	0.01202	0.01546	0.01006	0.01467	0.00751	0.00561	0.00554	0.00183	0.00730	0.00493	0.00265	0.00636
23	0.01481	0.01429	0.08079	0.09235	0.31013	0.05366	0.09544	0.07501	0.01362	0.09721	0.01192	0.01456	0.00923	0.00792	0.05698	0.00219	0.03343	0.00510	0.00335	0.00800
24	0.00704	0.00494	0.00634	0.00733	0.00758	0.00470	0.00474	0.00779	0.01003	0.01337	0.02757	0.62884	0.03290	0.19535	0.01184	0.00295	0.00370	0.01401	0.00474	0.00424
25	0.00805	0.00537	0.00604	0.00604	0.00604	0.00537	0.00336	0.00805	0.00805	0.01074	0.01745	0.03624	0.02013	0.80536	0.02819	0.00537	0.00537	0.00805	0.00336	0.00336
26	0.01606	0.69768	0.02686	0.00968	0.01431	0.04730	0.00938	0.01787	0.01189	0.09256	0.00921	0.00996	0.00780	0.00499	0.00381	0.00125	0.00594	0.00326	0.00285	0.00733
27	0.04444	0.02164	0.45975	0.04043	0.05220	0.01265	0.03364	0.12116	0.01425	0.08492	0.05359	0.01434	0.01052	0.00591	0.00538	0.00174	0.00708	0.00475	0.00345	0.00816
28	0.00875	0.00629	0.00871	0.00993	0.01120	0.00624	0.00861	0.01120	0.01267	0.01643	0.03041	0.08816	0.06089	0.01532	0.00759	0.00251	0.00494	0.67998	0.00510	0.00506
29	0.01148	0.00984	0.01148	0.00820	0.01312	0.00738	0.00656	0.01395	0.01148	0.01805	0.00984	0.01148	0.00820	0.00410	0.00410	0.00082	0.00410	0.00328	0.00328	0.83922
30	0.01202	0.06203	0.19093	0.01678	0.06998	0.05838	0.22631	0.01590	0.01290	0.01763	0.15027	0.02012	0.01693	0.00694	0.00685	0.00181	0.06748	0.03639	0.00335	0.00701

[dist]
# distance from previous block
# <min> <max>
0	2

[block]
# block no. 2 follows, 43 sequences, length 17
# corresponding to MSA columns:
# 168-184
name=unknown_C
#
# <colnr> <probs for GDERKNQSTAVLIFYWHMCP>
#	G	D	E	R	K	N	Q	S	T	A	V	L	I	F	Y	W	H	M	C	P
0	0.01063	0.01002	0.01692	0.75215	0.07671	0.01235	0.01547	0.01430	0.01116	0.01436	0.00987	0.01471	0.00746	0.00551	0.00553	0.00184	0.00734	0.00492	0.00248	0.00629
1	0.01481	0.80869	0.02902	0.00948	0.01421	0.02191	0.00948	0.01658	0.01125	0.01303	0.00770	0.00888	0.00711	0.00474	0.00355	0.00118	0.00592	0.00296	0.00237	0.00711
2	0.00930	0.00616	0.00757	0.00708	0.00882	0.00559	0.00535	0.01186	0.03756	0.09442	0.44030	0.08818	0.23310	0.01184	0.00645	0.00181	0.00296	0.01025	0.00585	0.00556
3	0.00794	0.00580	0.00740	0.00698	0.00830	0.00542	0.00520	0.01073	0.03389	0.02147	0.68939	0.04115	0.08017	0.04304	0.00737	0.00190	0.00278	0.00991	0.00594	0.00522
4	0.01990	0.01494	0.01597	0.01251	0.01674	0.01664	0.01025	0.63816	0.14209	0.03305	0.01476	0.01446	0.01060	0.00679	0.00556	0.00170	0.00582	0.00519	0.00556	0.00932
5	0.00950	0.00487	0.00724	0.00724	0.00727	0.00491	0.00484	0.00734	0.00731	0.00978	0.01009	0.01770	0.01014	0.04772	0.04971	0.77921	0.00520	0.00497	0.00246	0.00253
6	0.02069	0.02640	0.01569	0.01427	0.01712	0.78313	0.01070	0.02212	0.01569	0.01355	0.00856	0.00999	0.00713	0.00571	0.00499	0.00143	0.00999	0.00357	0.00285	0.00642
7	0.01162	0.00839	0.00968	0.00925	0.01117	0.00884	0.00689	0.11649	0.20393	0.06044	0.05107	0.38050	0.04530	0.01215	0.00627	0.00198	0.00393	0.01064	0.03489	0.00657
8	0.00816	0.00596	0.00794	0.00894	0.01013	0.00575	0.00739	0.01028	0.01255	0.01630	0.08140	0.18707	0.13427	0.01522	0.00733	0.00235	0.00430	0.46455	0.00518	0.00495
9	0.00667	0.00536	0.00596	0.00635	0.00770	0.00464	0.00456	0.00799	0.01211	0.01503	0.08078	0.29470	0.49880	0.01498	0.00671	0.00199	0.00293	0.01292	0.00519	0.00464
10	0.02103	0.01376	0.01535	0.01191	0.01610	0.01475	0.00978	0.57210	0.02324	0.17717	0.01587	0.05638	0.01170	0.00726	0.00563	0.00170	0.00567	0.00567	0.00577	0.00916
11	0.70343	0.01049	0.00895	0.00773	0.01130	0.01169	0.00637	0.01812	0.01053	0.15388	0.01014	0.01069	0.00732	0.00544	0.00380	0.00171	0.00436	0.00344	0.00402	0.00659
12	0.00792	0.00590	0.00873	0.00873	0.00966	0.00683	0.00671	0.00978	0.00885	0.01273	0.01499	0.02263	0.01422	0.08729	0.73817	0.00869	0.01427	0.00606	0.00299	0.00485
13	0.01383	0.00803	0.00978	0.00852	0.01088	0.00781	0.00652	0.08879	0.08131	0.21339	0.22854	0.10550	0.09029	0.09126	0.00837	0.00217	0.00401	0.00855	0.00574	0.00672
14	0.04299	0.01261	0.01516	0.11964	0.06369	0.01381	0.01072	0.42832	0.01991	0.08371	0.01542	0.08237	0.01279	0.00772	0.00571	0.00179	0.00585	0.04467	0.00493	0.00819
15	0.01403	0.00908	0.00981	0.02546	0.01125	0.00974	0.00670	0.28189	0.01703	0.02560	0.06099	0.01911	0.01458	0.00765	0.02356	0.00165	0.00426	0.00540	0.44548	0.00673
16	0.18153	0.00987	0.01361	0.30778	0.09239	0.01101	0.02394	0.05121	0.01156	0.01809	0.01270	0.12225	0.01169	0.00823	0.03278	0.00201	0.00606	0.00596	0.00330	0.07402

[dist]
# distance from previous block
# <min> <max>
2	7

[block]
# block no. 3 follows, 43 sequences, length 106
# corresponding to MSA columns:
# 192-202,205-299
name=unknown_D
#
# <colnr> <probs for GDERKNQSTAVLIFYWHMCP>
#	G	D	E	R	K	N	Q	S	T	A	V	L	I	F	Y	W	H	M	C	P
0	0.01372	0.03944	0.54149	0.05970	0.05665	0.03278	0.01756	0.01894	0.01246	0.13851	0.01178	0.01300	0.00819	0.00552	0.00530	0.00173	0.00751	0.00438	0.00310	0.00823
1	0.01292	0.02546	0.64962	0.04059	0.02312	0.01221	0.01865	0.01869	0.01223	0.11852	0.01153	0.01275	0.00792	0.00548	0.00531	0.00175	0.00769	0.00432	0.00295	0.00828
2	0.48983	0.01031	0.01028	0.00847	0.01227	0.01081	0.00699	0.04003	0.01247	0.32971	0.01360	0.01311	0.00922	0.00588	0.00435	0.00171	0.00451	0.00410	0.00488	0.00748
3	0.01073	0.00998	0.01666	0.69229	0.08780	0.01225	0.01503	0.01429	0.01113	0.01462	0.01009	0.01481	0.00770	0.00564	0.00582	0.00183	0.02823	0.00493	0.02989	0.00630
4	0.03542	0.01316	0.03470	0.19095	0.31517	0.08174	0.01372	0.08126	0.01321	0.01778	0.01257	0.05459	0.03005	0.00785	0.03724	0.00204	0.04255	0.00551	0.00313	0.00736
5	0.00693	0.00495	0.00661	0.00780	0.00823	0.00464	0.00535	0.00807	0.01101	0.01473	0.07246	0.71911	0.03727	0.01690	0.00707	0.00224	0.00328	0.05361	0.00519	0.00457
6	0.00805	0.00537	0.00604	0.00604	0.00604	0.00537	0.00336	0.00805	0.00805	0.01074	0.01745	0.03624	0.02013	0.80536	0.02819	0.00537	0.00537	0.00805	0.00336	0.00336
7	0.02966	0.63392	0.18175	0.01073	0.01615	0.01988	0.01166	0.01677	0.01131	0.01418	0.00816	0.00946	0.00707	0.00485	0.00390	0.00131	0.00636	0.00319	0.00238	0.00731
8	0.01217	0.01918	0.35045	0.12696	0.05815	0.02440	0.18080	0.01696	0.01234	0.06013	0.03248	0.04444	0.02418	0.00603	0.00573	0.00180	0.00766	0.00560	0.00300	0.00753
9	0.00962	0.00690	0.00936	0.01034	0.01180	0.00699	0.00902	0.05367	0.01351	0.01762	0.02841	0.05967	0.03059	0.01481	0.00753	0.00250	0.00516	0.69204	0.00512	0.00535
10	0.01140	0.00987	0.01193	0.00866	0.01336	0.00767	0.02274	0.01384	0.01143	0.01782	0.01038	0.03328	0.00897	0.00461	0.00456	0.00092	0.02236	0.00373	0.00330	0.77917
11	0.04730	0.01826	0.28806	0.04542	0.08600	0.01289	0.17746	0.10078	0.05325	0.02034	0.05031	0.02946	0.01127	0.00594	0.00561	0.00176	0.00715	0.00545	0.02551	0.00778
12	0.01105	0.01027	0.01704	0.71110	0.09086	0.01253	0.01534	0.03870	0.01168	0.01512	0.01000	0.01464	0.00755	0.00553	0.00553	0.00183	0.00728	0.00492	0.00258	0.00645
13	0.01471	0.79050	0.02848	0.00938	0.01404	0.02153	0.00935	0.01650	0.01126	0.01320	0.00793	0.00915	0.00727	0.00478	0.00356	0.00119	0.00585	0.00301	0.02124	0.00706
14	0.05344	0.00805	0.00922	0.00821	0.01038	0.00828	0.00630	0.12573	0.05520	0.12500	0.09208	0.10688	0.04449	0.07699	0.06723	0.00255	0.00484	0.00726	0.18149	0.00638
15	0.00772	0.00563	0.00707	0.00672	0.00795	0.00518	0.00492	0.00993	0.01455	0.02022	0.61203	0.04213	0.12685	0.09458	0.00880	0.00213	0.00292	0.00999	0.00571	0.00497
16	0.01966	0.01482	0.01583	0.01246	0.01664	0.01652	0.01019	0.61363	0.16703	0.03265	0.01507	0.01471	0.01086	0.00681	0.00556	0.00170	0.00577	0.00523	0.00556	0.00929
17	0.00952	0.00487	0.00731	0.00731	0.00737	0.00493	0.00493	0.00737	0.00731	0.00980	0.00992	0.01712	0.00986	0.02051	0.06503	0.79160	0.00538	0.00487	0.00244	0.00255
18	0.02070	0.02605	0.01572	0.01422	0.01712	0.75871	0.01070	0.04539	0.01602	0.01424	0.00871	0.01009	0.00721	0.00574	0.00501	0.00143	0.00986	0.00361	0.00294	0.00652
19	0.01378	0.01190	0.01252	0.01127	0.01440	0.01378	0.00877	0.02943	0.76081	0.02317	0.02254	0.02066	0.01691	0.00751	0.00564	0.00188	0.00438	0.00626	0.00564	0.00877
20	0.00832	0.00597	0.00818	0.00922	0.01033	0.00584	0.00764	0.01054	0.01269	0.01674	0.11806	0.20053	0.05482	0.01518	0.00738	0.00238	0.00438	0.49158	0.00523	0.00499
21	0.00662	0.00545	0.00582	0.00607	0.00761	0.00465	0.00442	0.00797	0.01230	0.01499	0.06994	0.20496	0.60079	0.01463	0.00665	0.00194	0.00288	0.01247	0.00517	0.00465
22	0.12877	0.01427	0.01506	0.04026	0.01671	0.01593	0.00987	0.58453	0.04707	0.03205	0.01287	0.01322	0.00927	0.00643	0.00522	0.00167	0.00575	0.00477	0.02756	0.00871
23	0.71313	0.01050	0.00890	0.00770	0.01126	0.01174	0.00634	0.01800	0.01046	0.14501	0.00998	0.01058	0.00723	0.00542	0.00377	0.00171	0.00435	0.00341	0.00398	0.00655
24	0.00791	0.00593	0.00890	0.00890	0.00989	0.00692	0.00692	0.00989	0.00890	0.01286	0.01483	0.02176	0.01385	0.04154	0.78341	0.00890	0.01483	0.00593	0.00297	0.00494
25	0.06944	0.00947	0.01224	0.00971	0.01363	0.00867	0.00799	0.04269	0.05279	0.61047	0.05912	0.02099	0.01595	0.00732	0.00558	0.00175	0.00461	0.03229	0.00646	0.00883
26	0.01277	0.01191	0.01969	0.34957	0.42172	0.01303	0.01595	0.05769	0.01273	0.01740	0.01034	0.01413	0.00823	0.00528	0.00551	0.00173	0.00689	0.00493	0.00278	0.00771
27	0.01801	0.01938	0.01464	0.11679	0.01868	0.45003	0.01046	0.07158	0.07184	0.06430	0.05404	0.01435	0.01126	0.00630	0.00524	0.00156	0.00795	0.00459	0.03216	0.00685
28	0.68507	0.01067	0.01014	0.13903	0.01574	0.01244	0.02531	0.01596	0.00979	0.02289	0.00815	0.01010	0.00629	0.00520	0.00385	0.00174	0.00492	0.00341	0.00325	0.00606
29	0.01027	0.00959	0.02916	0.46325	0.14672	0.01067	0.01331	0.01330	0.01119	0.01478	0.01425	0.12357	0.01363	0.05313	0.00714	0.00211	0.00647	0.04824	0.00306	0.00617
30	0.00830	0.00608	0.00811	0.00917	0.01044	0.00589	0.00774	0.01048	0.01249	0.01604	0.03384	0.14232	0.15294	0.01532	0.00741	0.00241	0.00452	0.53644	0.00511	0.00496
31	0.12598	0.43211	0.08497	0.01058	0.01508	0.07008	0.02662	0.08664	0.03086	0.01789	0.04658	0.01165	0.00967	0.00547	0.00423	0.00142	0.00606	0.00380	0.00311	0.00718
32	0.01196	0.15718	0.56917	0.01592	0.04736	0.01447	0.07536	0.01738	0.01176	0.01682	0.00968	0.01154	0.00720	0.00512	0.00508	0.00166	0.00784	0.00412	0.00239	0.00797
33	0.02485	0.00943	0.01285	0.00985	0.01414	0.00814	0.00814	0.02699	0.01585	0.77465	0.02185	0.01885	0.01371	0.00685	0.00557	0.00171	0.00471	0.00557	0.00685	0.00943
34	0.03171	0.00756	0.05190	0.07281	0.01296	0.00664	0.05072	0.01018	0.01134	0.01550	0.06902	0.45667	0.05668	0.03471	0.00728	0.00222	0.00442	0.08794	0.00459	0.00513
35	0.03061	0.01185	0.09895	0.19748	0.11923	0.01069	0.10325	0.03418	0.01209	0.05989	0.04155	0.09909	0.01384	0.00938	0.04306	0.03447	0.02121	0.02106	0.03145	0.00668
36	0.00682	0.00491	0.00644	0.00755	0.00798	0.00456	0.00507	0.00788	0.01091	0.01454	0.07141	0.71383	0.06755	0.03283	0.00745	0.00227	0.00321	0.01511	0.00516	0.00452
37	0.00805	0.00537	0.00604	0.00604	0.00604	0.00537	0.00336	0.00805	0.00805	0.01074	0.01745	0.03624	0.02013	0.80536	0.02819	0.00537	0.00537	0.00805	0.00336	0.00336
38	0.06483	0.26718	0.19973	0.01347	0.04288	0.20843	0.02929	0.01862	0.04423	0.01566	0.00923	0.01077	0.00754	0.00547	0.00518	0.00153	0.04230	0.00375	0.00271	0.00721
39	0.03631	0.04025	0.13700	0.14421	0.08327	0.02687	0.03171	0.15377	0.06145	0.04926	0.01453	0.01730	0.02760	0.00641	0.00525	0.00169	0.00603	0.02954	0.12008	0.00745
40	0.00930	0.00642	0.00897	0.01013	0.01146	0.00638	0.00881	0.01180	0.01278	0.03670	0.02915	0.07925	0.03151	0.01512	0.00758	0.00252	0.00504	0.69673	0.00515	0.00520
41	0.01191	0.02710	0.01241	0.00866	0.01357	0.00814	0.02017	0.03895	0.01200	0.01850	0.00994	0.01155	0.00822	0.00421	0.00418	0.00088	0.00430	0.00339	0.00333	0.77859
42	0.01356	0.08557	0.34052	0.01684	0.07694	0.05237	0.13976	0.05948	0.01326	0.05750	0.03714	0.01496	0.01012	0.00590	0.00589	0.00174	0.03268	0.02484	0.00310	0.00781
43	0.01179	0.01085	0.01801	0.58726	0.18082	0.02404	0.03291	0.01534	0.01165	0.04000	0.01036	0.01462	0.00788	0.00544	0.00554	0.00180	0.00722	0.00496	0.00267	0.00681
44	0.04330	0.05093	0.01571	0.01364	0.01663	0.65834	0.01037	0.03972	0.07282	0.01510	0.00969	0.01082	0.00791	0.00582	0.00496	0.00147	0.00917	0.00377	0.00313	0.00668
45	0.02784	0.00755	0.00937	0.00806	0.01041	0.00711	0.00628	0.07122	0.03585	0.14814	0.49086	0.03281	0.05432	0.00964	0.00607	0.00168	0.00340	0.00830	0.00593	0.05514
46	0.01070	0.00645	0.00834	0.00749	0.00936	0.00591	0.00575	0.01354	0.03665	0.14387	0.58879	0.03775	0.08226	0.01063	0.00635	0.00175	0.00301	0.00928	0.00616	0.00598
47	0.02064	0.01531	0.01639	0.01266	0.01702	0.01698	0.01043	0.71139	0.06767	0.03424	0.01382	0.01371	0.00984	0.00670	0.00555	0.00167	0.00600	0.00506	0.00555	0.00938
48	0.01010	0.00538	0.00771	0.02507	0.00827	0.00550	0.00522	0.03780	0.00825	0.01119	0.01023	0.01712	0.00992	0.03145	0.02006	0.73978	0.00484	0.00489	0.03432	0.00290
49	0.02072	0.02546	0.01577	0.01414	0.01713	0.71758	0.01069	0.08461	0.01658	0.01538	0.00897	0.01027	0.00733	0.00579	0.00504	0.00145	0.00965	0.00369	0.00308	0.00668
50	0.02155	0.01016	0.01275	0.01028	0.01422	0.00982	0.00833	0.02772	0.23757	0.55099	0.02206	0.01939	0.01466	0.00705	0.00559	0.00176	0.00461	0.00578	0.00649	0.00923
51	0.00860	0.00616	0.00851	0.00949	0.01071	0.00606	0.00805	0.01107	0.01312	0.01740	0.15716	0.10441	0.03569	0.01474	0.00742	0.00239	0.00455	0.56411	0.00527	0.00508
52	0.00704	0.00565	0.00630	0.00620	0.00787	0.00491	0.00469	0.00887	0.01362	0.01736	0.28539	0.04974	0.51272	0.01319	0.00658	0.00185	0.00282	0.03488	0.00545	0.00487
53	0.01560	0.01286	0.01341	0.01159	0.01500	0.02994	0.00914	0.17271	0.58375	0.04155	0.02041	0.01895	0.01515	0.00729	0.00560	0.00182	0.00484	0.00594	0.00559	0.00886
54	0.75317	0.01023	0.00808	0.00722	0.01049	0.01171	0.00591	0.01622	0.00989	0.04430	0.02885	0.01078	0.00790	0.00542	0.00359	0.00169	0.00415	0.00338	0.05101	0.00602
55	0.00795	0.00540	0.00642	0.00650	0.00664	0.00550	0.00391	0.00826	0.00832	0.01122	0.01798	0.08400	0.02043	0.66058	0.11957	0.00560	0.00639	0.00829	0.00342	0.00362
56	0.00728	0.00494	0.00625	0.00721	0.00756	0.00470	0.00473	0.00821	0.01025	0.01411	0.02723	0.60417	0.03189	0.15099	0.01040	0.00270	0.00353	0.01353	0.07595	0.00436
57	0.07843	0.04098	0.02035	0.17107	0.06602	0.03001	0.24481	0.03335	0.01254	0.10117	0.01358	0.07712	0.01149	0.00678	0.00638	0.00186	0.04342	0.03012	0.00352	0.00702
58	0.01932	0.02183	0.01422	0.01278	0.01558	0.59793	0.00966	0.02094	0.01561	0.09201	0.09094	0.01556	0.03680	0.00668	0.00526	0.00150	0.00845	0.00471	0.00367	0.00655
59	0.80687	0.01066	0.00843	0.02402	0.01138	0.01232	0.00625	0.01649	0.00962	0.04282	0.00810	0.00936	0.00621	0.00519	0.00352	0.00172	0.00436	0.00310	0.00349	0.00608
60	0.01368	0.50321	0.18252	0.01268	0.01809	0.03064	0.11064	0.01680	0.01158	0.01459	0.00888	0.01071	0.00748	0.00607	0.03004	0.00165	0.00720	0.00378	0.00245	0.00730
61	0.00923	0.00612	0.00791	0.00747	0.00899	0.00572	0.00566	0.01211	0.04218	0.07735	0.58073	0.10349	0.06547	0.01155	0.00651	0.00182	0.00297	0.03314	0.00600	0.00559
62	0.09559	0.10359	0.07282	0.15719	0.10993	0.08882	0.03588	0.10056	0.01395	0.03311	0.09019	0.04894	0.01366	0.00656	0.00523	0.00167	0.00632	0.00539	0.00355	0.00705
63	0.03204	0.01196	0.01636	0.28573	0.19438	0.04747	0.01294	0.12307	0.08634	0.01912	0.01349	0.08875	0.01163	0.00697	0.00591	0.00181	0.02514	0.00598	0.00357	0.00733
64	0.04737	0.00946	0.01272	0.00978	0.01404	0.00826	0.00808	0.02670	0.01568	0.75405	0.02146	0.01858	0.01350	0.00681	0.00551	0.00171	0.00470	0.00550	0.00676	0.00933
65	0.00789	0.00605	0.00717	0.00707	0.00850	0.00567	0.00520	0.02724	0.05467	0.01871	0.34990	0.18777	0.25245	0.02783	0.00697	0.00195	0.00301	0.01123	0.00555	0.00518
66	0.09613	0.15447	0.40852	0.01506	0.08241	0.05898	0.02896	0.01711	0.01185	0.01740	0.02623	0.01357	0.00898	0.00565	0.00493	0.00166	0.00717	0.03067	0.00271	0.00754
67	0.00818	0.00551	0.00711	0.00751	0.00812	0.00545	0.00523	0.00916	0.01016	0.03364	0.06543	0.25612	0.05388	0.27451	0.11786	0.03230	0.00570	0.08548	0.00428	0.00436
68	0.00805	0.00537	0.00604	0.00604	0.00604	0.00537	0.00336	0.00805	0.00805	0.01074	0.01745	0.03624	0.02013	0.80536	0.02819	0.00537	0.00537	0.00805	0.00336	0.00336
69	0.01234	0.09687	0.31465	0.12291	0.23974	0.03531	0.03071	0.01670	0.01202	0.01666	0.01071	0.01473	0.00874	0.00561	0.00532	0.00171	0.00733	0.03756	0.00262	0.00778
70	0.01323	0.05606	0.03353	0.33079	0.14983	0.01188	0.01272	0.01775	0.09786	0.11749	0.01610	0.04415	0.04594	0.00678	0.00557	0.00179	0.00609	0.02145	0.00372	0.00728
71	0.00882	0.00634	0.00877	0.00999	0.01129	0.00630	0.00871	0.01131	0.01274	0.01650	0.03054	0.06206	0.06535	0.01524	0.00760	0.00252	0.00500	0.70074	0.00510	0.00508
72	0.01148	0.00984	0.01148	0.00820	0.01312	0.00738	0.00656	0.01395	0.01148	0.01805	0.00984	0.01148	0.00820	0.00410	0.00410	0.00082	0.00410	0.00328	0.00328	0.83922
73	0.02604	0.01961	0.44376	0.03214	0.06923	0.01059	0.02968	0.01555	0.01285	0.03704	0.20135	0.02088	0.04366	0.00707	0.00564	0.00175	0.00636	0.00596	0.00354	0.00730
74	0.01175	0.01103	0.01839	0.49624	0.18954	0.01290	0.04816	0.04169	0.01177	0.01574	0.00997	0.01436	0.00784	0.00601	0.00682	0.02079	0.06258	0.00499	0.00264	0.00679
75	0.01481	0.80869	0.02902	0.00948	0.01421	0.02191	0.00948	0.01658	0.01125	0.01303	0.00770	0.00888	0.00711	0.00474	0.00355	0.00118	0.00592	0.00296	0.00237	0.00711
76	0.07677	0.01346	0.01508	0.03028	0.01632	0.01461	0.00979	0.49298	0.02160	0.18366	0.03144	0.01477	0.01091	0.00678	0.00589	0.00171	0.03449	0.00508	0.00549	0.00889
77	0.02197	0.00991	0.01272	0.01004	0.01389	0.00934	0.00816	0.10577	0.08167	0.55592	0.04754	0.01910	0.01469	0.00776	0.00652	0.04940	0.00477	0.00568	0.00632	0.00881
78	0.02014	0.01490	0.01596	0.01235	0.01664	0.01644	0.01016	0.67508	0.06718	0.03348	0.01388	0.01388	0.00995	0.00664	0.00547	0.00165	0.00586	0.00503	0.02832	0.02700
79	0.00697	0.00497	0.00659	0.00768	0.00811	0.00466	0.00523	0.00810	0.01104	0.01481	0.09417	0.68237	0.03725	0.04373	0.00777	0.00232	0.00330	0.04123	0.00516	0.00454
80	0.11251	0.01488	0.01378	0.03693	0.01552	0.13223	0.00920	0.41087	0.03478	0.02750	0.01270	0.01356	0.00945	0.00629	0.00498	0.00159	0.00599	0.00459	0.12484	0.00783
81	0.07417	0.00935	0.01204	0.00954	0.01341	0.00857	0.00779	0.02500	0.07138	0.60289	0.08847	0.02040	0.01695	0.00720	0.00553	0.00173	0.00447	0.00586	0.00648	0.00878
82	0.00710	0.00506	0.00676	0.00800	0.00844	0.00479	0.00560	0.00825	0.01081	0.01435	0.02988	0.67073	0.03537	0.04572	0.00792	0.00240	0.00355	0.11565	0.00507	0.00454
83	0.00764	0.00565	0.00713	0.00676	0.00815	0.00514	0.00507	0.01007	0.01521	0.02109	0.65840	0.04321	0.16245	0.01174	0.00653	0.00176	0.00264	0.01027	0.00595	0.00514
84	0.02135	0.01504	0.01633	0.01252	0.01694	0.01648	0.01034	0.69645	0.02525	0.09191	0.01396	0.01372	0.00975	0.00666	0.00554	0.00167	0.00599	0.00503	0.00564	0.00942
85	0.84448	0.01071	0.00814	0.00728	0.01071	0.01242	0.00600	0.01628	0.00943	0.02485	0.00771	0.00900	0.00600	0.00514	0.00343	0.00171	0.00428	0.00300	0.00343	0.00600
86	0.00689	0.00489	0.00645	0.00763	0.00794	0.00460	0.00508	0.00781	0.01045	0.01392	0.02947	0.72688	0.03524	0.07929	0.00874	0.00250	0.00342	0.02937	0.00500	0.00442
87	0.00783	0.00618	0.00666	0.00640	0.00832	0.00553	0.00484	0.01051	0.06716	0.03846	0.18866	0.04770	0.55627	0.01284	0.00645	0.00184	0.00294	0.01081	0.00541	0.00521
88	0.01212	0.01247	0.02373	0.27922	0.18345	0.01317	0.29732	0.01590	0.01201	0.01630	0.01090	0.03543	0.00883	0.00561	0.00662	0.00185	0.04937	0.00583	0.00272	0.00715
89	0.01958	0.02447	0.01487	0.01357	0.01623	0.71258	0.01015	0.02079	0.01511	0.01338	0.01022	0.01184	0.03293	0.00676	0.00599	0.04914	0.00945	0.00391	0.00291	0.00613
90	0.52032	0.11700	0.14993	0.00964	0.01408	0.05996	0.00943	0.03356	0.01082	0.02157	0.00829	0.00962	0.00647	0.00518	0.00392	0.00163	0.00558	0.00327	0.00311	0.00664
91	0.01177	0.05144	0.33648	0.19126	0.11836	0.05619	0.03277	0.01592	0.01164	0.01586	0.01084	0.03534	0.00891	0.00666	0.00636	0.05066	0.00743	0.02237	0.00260	0.00713
92	0.00723	0.00511	0.00673	0.00783	0.00825	0.00485	0.00527	0.02760	0.01090	0.01454	0.02936	0.75423	0.03499	0.01713	0.00752	0.03042	0.00334	0.01509	0.00506	0.00456
93	0.01374	0.46728	0.16649	0.01232	0.04368	0.03402	0.01208	0.03198	0.01157	0.01488	0.03337	0.01121	0.00871	0.00578	0.00607	0.00151	0.11174	0.00379	0.00258	0.00720
94	0.01124	0.05236	0.55623	0.01673	0.09410	0.01237	0.03470	0.01664	0.01194	0.01730	0.01254	0.01870	0.01057	0.00655	0.00557	0.00183	0.00756	0.10252	0.00276	0.00777
95	0.02485	0.00943	0.01285	0.00985	0.01414	0.00814	0.00814	0.02699	0.01585	0.77465	0.02185	0.01885	0.01371	0.00685	0.00557	0.00171	0.00471	0.00557	0.00685	0.00943
96	0.01756	0.06380	0.31333	0.01334	0.05692	0.01113	0.01339	0.02173	0.03368	0.35403	0.01567	0.01571	0.01070	0.02707	0.00592	0.00180	0.00625	0.00489	0.00449	0.00859
97	0.09080	0.01574	0.18170	0.22938	0.10329	0.08299	0.03174	0.01605	0.03858	0.01620	0.00994	0.01327	0.00788	0.00701	0.00752	0.08323	0.05082	0.00451	0.00271	0.00664
98	0.00703	0.00542	0.00627	0.00645	0.00767	0.00483	0.00459	0.00851	0.01251	0.01617	0.21923	0.21887	0.36466	0.08219	0.00852	0.00223	0.00307	0.01189	0.00522	0.00465
99	0.00682	0.00487	0.00646	0.00764	0.00800	0.00455	0.00510	0.00784	0.01076	0.01441	0.06178	0.75188	0.03693	0.03493	0.00752	0.00230	0.00324	0.01533	0.00514	0.00450
100	0.07370	0.00845	0.05222	0.00885	0.01068	0.00800	0.00703	0.01370	0.13156	0.04448	0.05361	0.29843	0.09466	0.05381	0.08304	0.00285	0.03463	0.00986	0.00463	0.00578
101	0.04003	0.09670	0.28872	0.08453	0.16485	0.01410	0.14530	0.03720	0.04400	0.01789	0.01057	0.01296	0.00808	0.00520	0.00535	0.00171	0.00745	0.00472	0.00277	0.00788
102	0.01045	0.00788	0.01052	0.14233	0.03941	0.00883	0.00804	0.07718	0.05188	0.01740	0.07515	0.04340	0.01686	0.13500	0.18294	0.00386	0.02505	0.00642	0.13169	0.00570
103	0.49537	0.01063	0.04525	0.06888	0.01346	0.01121	0.00772	0.05052	0.01092	0.04231	0.01254	0.11763	0.01154	0.00733	0.00483	0.00182	0.02576	0.02197	0.03418	0.00612
104	0.04299	0.06226	0.09037	0.11834	0.12695	0.19276	0.01238	0.14925	0.04997	0.01947	0.01156	0.03378	0.00936	0.00699	0.02591	0.00182	0.00735	0.00475	0.02629	0.00744
105	0.07847	0.04295	0.11025	0.08867	0.05341	0.07030	0.02370	0.05809	0.03058	0.10029	0.11262	0.06966	0.04469	0.02200	0.00631	0.00180	0.03450	0.00625	0.01975	0.02571

[dist]
# distance from previous block
# <min> <max>
1	8

[block]
# block no. 4 follows, 43 sequences, length 28
# corresponding to MSA columns:
# 308-335
name=unknown_E
#
# <colnr> <probs for GDERKNQSTAVLIFYWHMCP>
#	G	D	E	R	K	N	Q	S	T	A	V	L	I	F	Y	W	H	M	C	P
0	0.00750	0.00561	0.00697	0.00672	0.00809	0.00507	0.00500	0.00977	0.01475	0.02022	0.57599	0.08457	0.20488	0.01222	0.00656	0.00180	0.00269	0.01068	0.00584	0.00507
1	0.02920	0.27908	0.02005	0.02496	0.01458	0.01647	0.04288	0.03115	0.01023	0.01420	0.00905	0.01313	0.00853	0.04673	0.08224	0.00260	0.30654	0.00444	0.00264	0.04129
2	0.02469	0.00968	0.01301	0.00997	0.01427	0.00852	0.00824	0.05743	0.01628	0.74361	0.02149	0.01862	0.01353	0.00685	0.00557	0.00171	0.00477	0.00555	0.00680	0.00942
3	0.00814	0.00583	0.00838	0.00838	0.00933	0.00666	0.00641	0.01005	0.00909	0.01343	0.01530	0.02259	0.01428	0.08772	0.66377	0.00798	0.01311	0.00600	0.07870	0.00486
4	0.02069	0.02640	0.01569	0.01427	0.01712	0.78313	0.01070	0.02212	0.01569	0.01355	0.00856	0.00999	0.00713	0.00571	0.00499	0.00143	0.00999	0.00357	0.00285	0.00642
5	0.01332	0.01150	0.01209	0.01092	0.01397	0.01321	0.00848	0.02809	0.71411	0.02266	0.02464	0.02270	0.06383	0.00792	0.00569	0.00188	0.00428	0.00660	0.00560	0.00851
6	0.00681	0.00487	0.00650	0.00779	0.00813	0.00455	0.00525	0.00782	0.01067	0.01421	0.03049	0.77985	0.03649	0.01729	0.00709	0.00226	0.00327	0.03700	0.00514	0.00452
7	0.00660	0.00555	0.00573	0.00581	0.00755	0.00468	0.00431	0.00801	0.01257	0.01512	0.07561	0.10854	0.69266	0.01419	0.00658	0.00189	0.00283	0.01194	0.00517	0.00468
8	0.02199	0.00879	0.01194	0.00937	0.01315	0.00765	0.00765	0.02421	0.01582	0.64835	0.14708	0.02263	0.02018	0.00760	0.00573	0.00172	0.00436	0.00632	0.00673	0.00872
9	0.73502	0.01054	0.00877	0.00763	0.01117	0.01185	0.00628	0.01771	0.01028	0.12499	0.00960	0.01031	0.00703	0.00537	0.00371	0.00171	0.00434	0.00334	0.00389	0.00646
10	0.00804	0.00589	0.00870	0.00870	0.00971	0.00683	0.00676	0.01005	0.00905	0.01327	0.01501	0.02170	0.01386	0.03967	0.74194	0.00850	0.01418	0.00589	0.04729	0.00496
11	0.78986	0.01062	0.00845	0.00745	0.01094	0.01214	0.00614	0.01699	0.00985	0.07482	0.00865	0.00965	0.00651	0.00526	0.00357	0.00171	0.00431	0.00317	0.00366	0.00623
12	0.01280	0.01370	0.02900	0.10387	0.02838	0.01315	0.61124	0.01709	0.01281	0.03918	0.01240	0.05690	0.00995	0.00550	0.00643	0.00188	0.00867	0.00683	0.00301	0.00723
13	0.01323	0.01236	0.05727	0.23310	0.23780	0.03918	0.03391	0.06076	0.06054	0.06582	0.05385	0.04345	0.03567	0.00658	0.00563	0.00175	0.00629	0.00585	0.01953	0.00746
14	0.81597	0.01068	0.00843	0.03411	0.01165	0.01242	0.00632	0.01621	0.00948	0.02448	0.00778	0.00919	0.00605	0.00515	0.00350	0.00172	0.00439	0.00306	0.00339	0.00600
15	0.01096	0.01044	0.01811	0.56129	0.11521	0.01216	0.08233	0.01456	0.01151	0.01509	0.01156	0.01847	0.00960	0.00625	0.00602	0.00189	0.02144	0.06389	0.00274	0.00647
16	0.00862	0.00580	0.00747	0.00706	0.00846	0.00530	0.00526	0.01093	0.01490	0.06256	0.60357	0.09352	0.09864	0.03454	0.00714	0.00189	0.00286	0.01023	0.00593	0.00532
17	0.10869	0.20579	0.30930	0.01329	0.05714	0.02953	0.01357	0.05156	0.06338	0.06503	0.01101	0.01214	0.00836	0.00621	0.02151	0.00176	0.00673	0.00405	0.00316	0.00778
18	0.01415	0.34092	0.36230	0.01331	0.04557	0.03228	0.01457	0.01810	0.01201	0.08501	0.01011	0.01125	0.00773	0.00519	0.00460	0.00151	0.00694	0.00379	0.00279	0.00785
19	0.02472	0.00963	0.01298	0.00995	0.01424	0.00845	0.00822	0.05159	0.01620	0.74956	0.02156	0.01866	0.01356	0.00685	0.00557	0.00171	0.00476	0.00555	0.00681	0.00943
20	0.01059	0.00980	0.01679	0.63807	0.07638	0.01171	0.04945	0.01384	0.01100	0.01427	0.01061	0.04093	0.00862	0.00670	0.00663	0.05347	0.00713	0.00535	0.00258	0.00608
21	0.01251	0.03432	0.01723	0.51162	0.06757	0.05514	0.05678	0.03675	0.01216	0.05584	0.01103	0.01486	0.00836	0.00637	0.02110	0.00190	0.01986	0.00495	0.04507	0.00659
22	0.00691	0.00497	0.00645	0.00743	0.00790	0.00463	0.00499	0.00799	0.01101	0.01469	0.09705	0.64584	0.07681	0.06523	0.00830	0.00238	0.00327	0.01454	0.00512	0.00450
23	0.00805	0.00537	0.00604	0.00604	0.00604	0.00537	0.00336	0.00805	0.00805	0.01074	0.01745	0.03624	0.02013	0.80536	0.02819	0.00537	0.00537	0.00805	0.00336	0.00336
24	0.01546	0.72340	0.02761	0.00994	0.01453	0.07851	0.00960	0.04201	0.01209	0.01381	0.00795	0.00912	0.00719	0.00488	0.00373	0.00122	0.00623	0.00308	0.00251	0.00713
25	0.04991	0.01255	0.07162	0.05754	0.10966	0.02518	0.28161	0.01492	0.01213	0.01699	0.01613	0.13257	0.01574	0.00845	0.00679	0.00200	0.03659	0.11949	0.00345	0.00668
26	0.00701	0.00571	0.00626	0.00634	0.00806	0.00495	0.00490	0.00873	0.01310	0.01624	0.16050	0.05255	0.57605	0.01376	0.00667	0.00193	0.00304	0.09411	0.00528	0.00481
27	0.03854	0.00961	0.01114	0.00837	0.01282	0.00763	0.00669	0.03479	0.01185	0.01848	0.01187	0.05586	0.01077	0.00543	0.00444	0.00103	0.00416	0.03776	0.00353	0.70522

[dist]
# distance from previous block
# <min> <max>
2	24

[block]
# block no. 5 follows, 43 sequences, length 93
# corresponding to MSA columns:
# 360-406,409-454
name=unknown_F
#
# <colnr> <probs for GDERKNQSTAVLIFYWHMCP>
#	G	D	E	R	K	N	Q	S	T	A	V	L	I	F	Y	W	H	M	C	P
0	0.01083	0.01022	0.01728	0.70509	0.12219	0.01240	0.01557	0.01448	0.01125	0.01460	0.00991	0.01464	0.00754	0.00547	0.00553	0.00182	0.00729	0.00492	0.00249	0.00645
1	0.02069	0.02640	0.01569	0.01427	0.01712	0.78313	0.01070	0.02212	0.01569	0.01355	0.00856	0.00999	0.00713	0.00571	0.00499	0.00143	0.00999	0.00357	0.00285	0.00642
2	0.00775	0.00561	0.00731	0.00700	0.00823	0.00522	0.00520	0.01018	0.01500	0.02113	0.67692	0.08296	0.06658	0.02904	0.02558	0.00202	0.00300	0.01023	0.00589	0.00513
3	0.00778	0.00566	0.00732	0.00691	0.00824	0.00520	0.00518	0.01034	0.01554	0.02189	0.73658	0.04189	0.08377	0.01144	0.00653	0.00175	0.00262	0.01009	0.00605	0.00520
4	0.02064	0.01531	0.01639	0.01266	0.01702	0.01698	0.01043	0.71114	0.06793	0.03423	0.01382	0.01372	0.00985	0.00670	0.00555	0.00167	0.00600	0.00506	0.00555	0.00938
5	0.00957	0.00484	0.00727	0.00727	0.00730	0.00488	0.00488	0.00730	0.00727	0.00972	0.00978	0.01699	0.00975	0.01993	0.04524	0.81315	0.00512	0.00484	0.00242	0.00248
6	0.02069	0.02640	0.01569	0.01427	0.01712	0.78313	0.01070	0.02212	0.01569	0.01355	0.00856	0.00999	0.00713	0.00571	0.00499	0.00143	0.00999	0.00357	0.00285	0.00642
7	0.01997	0.01476	0.01585	0.01243	0.01664	0.01638	0.01018	0.61525	0.14542	0.05276	0.01503	0.01464	0.01075	0.00679	0.00556	0.00170	0.00578	0.00521	0.00559	0.00931
8	0.00892	0.00637	0.00892	0.01020	0.01147	0.00637	0.00892	0.01147	0.01275	0.01657	0.02932	0.06247	0.03187	0.01530	0.00765	0.00255	0.00510	0.73354	0.00510	0.00510
9	0.00717	0.00581	0.00648	0.00682	0.00853	0.00512	0.00545	0.00888	0.01266	0.01539	0.04906	0.05571	0.57466	0.01436	0.00684	0.00205	0.00341	0.20169	0.00513	0.00479
10	0.00935	0.00707	0.01013	0.01231	0.08466	0.00707	0.00944	0.01216	0.02849	0.01673	0.02811	0.08316	0.04907	0.01417	0.00735	0.00242	0.00510	0.60283	0.00489	0.00550
11	0.04879	0.00745	0.00812	0.00705	0.00937	0.00748	0.00557	0.10560	0.01407	0.16353	0.01777	0.01894	0.01319	0.00650	0.00437	0.00143	0.00348	0.00513	0.54567	0.00651
12	0.00820	0.00635	0.00944	0.00928	0.01020	0.00760	0.00727	0.01012	0.00887	0.01289	0.01432	0.02111	0.01340	0.03939	0.73178	0.00846	0.06749	0.00586	0.00293	0.00502
13	0.00905	0.00629	0.00775	0.00732	0.00893	0.00588	0.00549	0.03776	0.03770	0.06129	0.45597	0.14035	0.17097	0.01206	0.00649	0.00183	0.00302	0.01052	0.00581	0.00552
14	0.01319	0.01263	0.02154	0.15568	0.65320	0.01302	0.01674	0.01654	0.01236	0.01746	0.01033	0.01388	0.00855	0.00503	0.00549	0.00168	0.00671	0.00493	0.00270	0.00835
15	0.01942	0.00869	0.01138	0.00922	0.01264	0.00791	0.00743	0.02292	0.08577	0.51092	0.19687	0.02507	0.04033	0.00812	0.00582	0.00174	0.00415	0.00681	0.00652	0.00827
16	0.71576	0.02608	0.00995	0.04610	0.01289	0.03610	0.02054	0.04575	0.01046	0.02404	0.00813	0.00959	0.00630	0.00522	0.00372	0.00170	0.00480	0.00325	0.00342	0.00620
17	0.01475	0.71914	0.02751	0.01063	0.04538	0.05177	0.00970	0.01655	0.01147	0.01329	0.00856	0.03387	0.00810	0.00518	0.00380	0.00125	0.00603	0.00347	0.00249	0.00707
18	0.00750	0.00567	0.00699	0.00716	0.00844	0.00522	0.00536	0.00974	0.02961	0.01817	0.34791	0.20450	0.23075	0.01355	0.00673	0.00196	0.00305	0.07715	0.00555	0.00500
19	0.00962	0.00668	0.00856	0.02561	0.00994	0.00647	0.02809	0.06466	0.01474	0.03898	0.39752	0.10247	0.09505	0.02800	0.00652	0.00181	0.00335	0.00915	0.13721	0.00556
20	0.02058	0.01550	0.04762	0.01255	0.01714	0.01614	0.01067	0.65441	0.02437	0.07910	0.01358	0.01352	0.00954	0.00652	0.00549	0.00164	0.00603	0.00493	0.00542	0.03526
21	0.02485	0.00943	0.01285	0.00985	0.01414	0.00814	0.00814	0.02699	0.01585	0.77465	0.02185	0.01885	0.01371	0.00685	0.00557	0.00171	0.00471	0.00557	0.00685	0.00943
22	0.01069	0.01018	0.01750	0.73182	0.06529	0.01241	0.04581	0.01441	0.01121	0.01445	0.00992	0.01473	0.00748	0.00548	0.00558	0.00184	0.00743	0.00499	0.00249	0.00631
23	0.01322	0.04335	0.35341	0.03773	0.10894	0.03781	0.01461	0.03258	0.01294	0.11960	0.05185	0.07693	0.03640	0.00725	0.00559	0.00177	0.00655	0.02814	0.00365	0.00767
24	0.00676	0.00490	0.00639	0.00754	0.00800	0.00453	0.00507	0.00780	0.01088	0.01440	0.05097	0.72764	0.09077	0.01696	0.00702	0.00221	0.00317	0.01530	0.00517	0.00453
25	0.00805	0.00537	0.00604	0.00604	0.00604	0.00537	0.00336	0.00805	0.00805	0.01074	0.01745	0.03624	0.02013	0.80536	0.02819	0.00537	0.00537	0.00805	0.00336	0.00336
26	0.01529	0.68032	0.06480	0.01034	0.01503	0.10851	0.01016	0.01726	0.01178	0.01332	0.00791	0.00915	0.00711	0.00488	0.00380	0.00124	0.00650	0.00309	0.00242	0.00708
27	0.01200	0.05192	0.30473	0.10465	0.05540	0.01346	0.32333	0.01696	0.01219	0.01700	0.01087	0.03222	0.00841	0.00530	0.00580	0.00180	0.00830	0.00547	0.00263	0.00755
28	0.00892	0.00637	0.00892	0.01020	0.01147	0.00637	0.00892	0.01147	0.01275	0.01657	0.02932	0.06247	0.03187	0.01530	0.00765	0.00255	0.00510	0.73354	0.00510	0.00510
29	0.01135	0.01009	0.01207	0.04533	0.09903	0.05197	0.00855	0.01543	0.10413	0.01837	0.11771	0.06652	0.03829	0.00789	0.00548	0.00153	0.00471	0.08264	0.00417	0.29475
30	0.01286	0.21406	0.46001	0.01323	0.01955	0.01447	0.01557	0.01774	0.03426	0.06787	0.01088	0.01270	0.00834	0.02529	0.03260	0.00196	0.02391	0.00416	0.00280	0.00776
31	0.01124	0.01066	0.01796	0.59953	0.20478	0.01262	0.01567	0.01478	0.01136	0.01503	0.00991	0.01446	0.00770	0.00550	0.00584	0.00181	0.02696	0.00492	0.00252	0.00675
32	0.01499	0.78471	0.02861	0.00962	0.01430	0.04525	0.00951	0.01675	0.01139	0.01305	0.00773	0.00892	0.00711	0.00477	0.00360	0.00119	0.00605	0.00298	0.00238	0.00709
33	0.01155	0.03488	0.01177	0.01034	0.01275	0.03456	0.03812	0.03180	0.39624	0.01960	0.05745	0.22161	0.07534	0.01037	0.00605	0.00193	0.00435	0.00902	0.00519	0.00707
34	0.00791	0.00621	0.02982	0.00638	0.00763	0.00535	0.00467	0.00947	0.01184	0.01622	0.22851	0.03993	0.23469	0.26560	0.01315	0.00289	0.00372	0.00916	0.09230	0.00456
