[name]
unknown

[dist]
# distance from previous block
# <min> <max>
0	30

[block]
# block no. 0 follows, 45 sequences, length 11
# corresponding to MSA columns:
# 31-41
name=unknown_A
#
# <colnr> <probs for GDERKNQSTAVLIFYWHMCP>
#	G	D	E	R	K	N	Q	S	T	A	V	L	I	F	Y	W	H	M	C	P
0	0.01293	0.01109	0.01178	0.01062	0.01353	0.01275	0.00825	0.02719	0.71361	0.02239	0.07642	0.02148	0.01887	0.00755	0.00552	0.00181	0.00412	0.00633	0.00549	0.00825
1	0.00995	0.00768	0.00868	0.00787	0.00993	0.02659	0.00602	0.01507	0.18113	0.05552	0.42576	0.03399	0.13111	0.00982	0.00595	0.00168	0.00328	0.00844	0.00552	0.04600
2	0.01127	0.01123	0.01735	0.01444	0.01531	0.01462	0.11185	0.01300	0.00888	0.01343	0.00864	0.01349	0.00814	0.01329	0.13008	0.00320	0.57832	0.00507	0.00248	0.00590
3	0.05265	0.01447	0.01535	0.01199	0.01611	0.01611	0.00984	0.65101	0.10517	0.03221	0.01364	0.01350	0.00978	0.00648	0.00530	0.00164	0.00566	0.00489	0.00530	0.00893
4	0.01127	0.13858	0.67715	0.01444	0.02190	0.01370	0.01833	0.01687	0.01127	0.01638	0.00933	0.01095	0.00681	0.00503	0.00487	0.00162	0.00762	0.00381	0.00227	0.00779
5	0.00737	0.00567	0.00676	0.00653	0.00800	0.00519	0.00488	0.00994	0.04389	0.01889	0.47427	0.08361	0.28133	0.01198	0.00633	0.00176	0.00269	0.01038	0.00555	0.00499
6	0.02202	0.00922	0.01217	0.00953	0.01338	0.00832	0.00779	0.06732	0.04182	0.64502	0.06674	0.04071	0.01602	0.00719	0.00549	0.00168	0.00447	0.00592	0.00644	0.00874
7	0.01569	0.01051	0.01324	0.00990	0.01413	0.00950	0.03441	0.11620	0.01391	0.20945	0.01275	0.01331	0.00938	0.00538	0.00559	0.00127	0.06235	0.00417	0.00426	0.43461
8	0.01358	0.00886	0.01093	0.12357	0.01461	0.00987	0.00803	0.18646	0.01434	0.08829	0.01463	0.01692	0.01121	0.00943	0.07511	0.00218	0.05858	0.00501	0.32190	0.00650
9	0.00663	0.00474	0.00631	0.00741	0.00781	0.00442	0.00499	0.00770	0.01069	0.01437	0.09285	0.74269	0.03679	0.01632	0.00681	0.00214	0.00306	0.01479	0.00506	0.00442
10	0.01283	0.00988	0.01156	0.00843	0.01307	0.00796	0.00678	0.05716	0.03782	0.08343	0.01113	0.01214	0.00875	0.00445	0.00422	0.00095	0.00414	0.00356	0.00367	0.69805

[dist]
# distance from previous block
# <min> <max>
0	1

[block]
# block no. 1 follows, 45 sequences, length 13
# corresponding to MSA columns:
# 43-55
name=unknown_B
#
# <colnr> <probs for GDERKNQSTAVLIFYWHMCP>
#	G	D	E	R	K	N	Q	S	T	A	V	L	I	F	Y	W	H	M	C	P
0	0.00827	0.00597	0.00748	0.00798	0.00885	0.00587	0.00561	0.09647	0.01249	0.01679	0.09581	0.64385	0.03378	0.01506	0.00663	0.00207	0.00339	0.01352	0.00511	0.00499
1	0.01081	0.00917	0.01077	0.00784	0.01229	0.00696	0.00624	0.01321	0.01150	0.01786	0.07956	0.01378	0.01186	0.00462	0.00419	0.00088	0.00384	0.00378	0.00343	0.76741
2	0.01659	0.01347	0.01404	0.03687	0.01576	0.05817	0.00925	0.37281	0.23324	0.02603	0.01455	0.01469	0.01087	0.00670	0.00571	0.02918	0.00542	0.00490	0.00479	0.10695
3	0.00825	0.00593	0.00741	0.00797	0.00877	0.00586	0.00554	0.09631	0.01209	0.01617	0.04729	0.66635	0.03224	0.04321	0.00738	0.00221	0.00350	0.01362	0.00499	0.00490
4	0.01101	0.00954	0.01172	0.10119	0.01558	0.00772	0.00737	0.01354	0.01108	0.01705	0.00954	0.01151	0.00786	0.00414	0.00414	0.00091	0.00435	0.00337	0.00309	0.74530
5	0.00889	0.00646	0.00835	0.05243	0.01068	0.00596	0.00601	0.01146	0.03334	0.05378	0.40399	0.15190	0.08229	0.01059	0.00601	0.00168	0.00327	0.02396	0.00516	0.11381
6	0.01386	0.01000	0.05395	0.00885	0.01117	0.03609	0.00696	0.12691	0.08385	0.15632	0.01678	0.02394	0.01491	0.33404	0.03991	0.00331	0.00560	0.00620	0.04117	0.00619
7	0.00814	0.00491	0.00568	0.00618	0.00678	0.00479	0.00414	0.00947	0.01012	0.01540	0.02222	0.33902	0.02372	0.18483	0.01010	0.00248	0.00333	0.00972	0.32460	0.00437
8	0.84927	0.01038	0.00789	0.00706	0.01038	0.01204	0.00581	0.01578	0.00914	0.02408	0.00747	0.00872	0.00581	0.00498	0.00332	0.00166	0.00415	0.00291	0.00332	0.00581
9	0.01863	0.04183	0.01206	0.00915	0.01233	0.00932	0.00726	0.13074	0.04975	0.41462	0.05473	0.02155	0.01558	0.16649	0.00971	0.00234	0.00483	0.00593	0.00552	0.00765
10	0.07878	0.20687	0.01560	0.00954	0.01298	0.01323	0.00801	0.21183	0.03622	0.13406	0.01537	0.14296	0.01375	0.02880	0.01813	0.00178	0.00508	0.00606	0.00442	0.03651
11	0.05504	0.46963	0.06944	0.01019	0.01446	0.04741	0.02451	0.10844	0.01303	0.06017	0.01095	0.07474	0.00982	0.00601	0.00428	0.00140	0.00576	0.00442	0.00322	0.00708
12	0.05138	0.04282	0.02910	0.01351	0.08457	0.01002	0.14228	0.03764	0.01151	0.03223	0.01489	0.21423	0.01494	0.00804	0.00631	0.00163	0.06493	0.00716	0.00354	0.20926

[dist]
# distance from previous block
# <min> <max>
12	22

[block]
# block no. 2 follows, 45 sequences, length 27
# corresponding to MSA columns:
# 79-105
name=unknown_C
#
# <colnr> <probs for GDERKNQSTAVLIFYWHMCP>
#	G	D	E	R	K	N	Q	S	T	A	V	L	I	F	Y	W	H	M	C	P
0	0.01380	0.45810	0.24303	0.01127	0.01673	0.01702	0.02362	0.05287	0.01192	0.05075	0.00925	0.01049	0.00746	0.00569	0.02160	0.00152	0.00651	0.00352	0.00268	0.03216
1	0.00779	0.04765	0.00833	0.04556	0.00997	0.00622	0.00601	0.00989	0.01318	0.01725	0.31724	0.06519	0.28408	0.01202	0.00633	0.00185	0.00339	0.12800	0.00506	0.00499
2	0.00889	0.00609	0.00715	0.00725	0.00865	0.02357	0.00521	0.01023	0.01181	0.09185	0.09779	0.40561	0.21721	0.02924	0.00677	0.00198	0.00334	0.01187	0.00507	0.04042
3	0.03168	0.08308	0.01335	0.00985	0.01337	0.03428	0.00827	0.10809	0.04675	0.37559	0.02037	0.03641	0.03856	0.00802	0.00551	0.00173	0.00494	0.12420	0.00543	0.03052
4	0.01197	0.01294	0.02519	0.01886	0.02232	0.01374	0.47707	0.01529	0.01140	0.01603	0.04753	0.03842	0.01070	0.00665	0.00971	0.00198	0.24447	0.00628	0.00283	0.00664
5	0.02286	0.01110	0.01367	0.01048	0.01468	0.01081	0.00866	0.27063	0.01865	0.53247	0.01842	0.01648	0.01190	0.00658	0.00539	0.00164	0.00501	0.00521	0.00622	0.00913
6	0.17909	0.01352	0.07121	0.07032	0.03722	0.03680	0.00997	0.30163	0.01711	0.16301	0.02530	0.01355	0.00961	0.00601	0.00492	0.00164	0.00558	0.00453	0.02106	0.00791
7	0.01423	0.03762	0.01820	0.26007	0.32161	0.09468	0.01386	0.05848	0.04312	0.07060	0.01106	0.01367	0.00856	0.00536	0.00524	0.00163	0.00671	0.00468	0.00312	0.00752
8	0.00641	0.00544	0.00553	0.00551	0.00729	0.00456	0.00413	0.00784	0.01240	0.01489	0.09429	0.05102	0.73553	0.01345	0.00634	0.00181	0.00271	0.01124	0.00504	0.00456
9	0.02320	0.00922	0.01238	0.00955	0.01358	0.00814	0.00786	0.05644	0.01577	0.71660	0.05397	0.01900	0.01475	0.00683	0.00544	0.00166	0.00453	0.00556	0.00656	0.00896
10	0.01382	0.33012	0.19393	0.13999	0.06725	0.05202	0.01308	0.08685	0.01270	0.03094	0.00927	0.01107	0.00735	0.00510	0.00453	0.00147	0.00668	0.00380	0.00272	0.00730
11	0.00732	0.00508	0.00652	0.00736	0.00807	0.00470	0.00516	0.00846	0.01085	0.03764	0.05097	0.56136	0.13069	0.05978	0.00791	0.00229	0.00336	0.07298	0.00496	0.00453
12	0.00654	0.00467	0.00623	0.00747	0.00779	0.00436	0.00498	0.00747	0.01028	0.01370	0.02959	0.80785	0.03550	0.01682	0.00685	0.00218	0.00311	0.01526	0.00498	0.00436
13	0.04868	0.05548	0.04760	0.34188	0.05712	0.01205	0.10013	0.01625	0.01152	0.13872	0.01212	0.05035	0.00952	0.00622	0.00631	0.00178	0.06892	0.00531	0.00327	0.00677
14	0.04158	0.15206	0.17307	0.01340	0.01768	0.18911	0.07861	0.08480	0.01346	0.07259	0.02219	0.01186	0.00835	0.00585	0.00624	0.00160	0.09306	0.00420	0.00312	0.00717
15	0.01326	0.01021	0.01084	0.00977	0.01253	0.01155	0.00759	0.02545	0.59189	0.05901	0.02102	0.01994	0.01575	0.00706	0.00514	0.00171	0.00394	0.00584	0.15963	0.00788
16	0.01435	0.81458	0.02813	0.00918	0.01378	0.02124	0.00918	0.01607	0.01091	0.01263	0.00746	0.00861	0.00689	0.00459	0.00344	0.00115	0.00574	0.00287	0.00230	0.00689
17	0.00745	0.00548	0.00697	0.00660	0.00793	0.00500	0.00495	0.00984	0.01485	0.02070	0.69011	0.04146	0.13609	0.01128	0.00633	0.00170	0.00255	0.00990	0.00580	0.00500
18	0.02016	0.04691	0.01659	0.01222	0.01653	0.01683	0.01016	0.73031	0.02467	0.03298	0.01267	0.01272	0.00904	0.00637	0.00529	0.00159	0.00590	0.00475	0.00525	0.00904
19	0.00820	0.00653	0.00965	0.00934	0.01017	0.00798	0.00737	0.01002	0.00857	0.01252	0.01342	0.01987	0.01259	0.03622	0.68911	0.00781	0.11726	0.00561	0.00281	0.00493
20	0.00654	0.00467	0.00623	0.00747	0.00779	0.00436	0.00498	0.00747	0.01028	0.01370	0.02959	0.80785	0.03550	0.01682	0.00685	0.00218	0.00311	0.01526	0.00498	0.00436
21	0.15302	0.13276	0.01610	0.01236	0.03291	0.45277	0.00959	0.10100	0.01466	0.01721	0.00859	0.00981	0.00701	0.00539	0.00447	0.00142	0.00774	0.00347	0.00307	0.00662
22	0.00675	0.00479	0.00613	0.00711	0.00743	0.00451	0.00464	0.00754	0.00992	0.01316	0.02831	0.64337	0.06106	0.15601	0.01042	0.00270	0.00347	0.01380	0.00468	0.00417
23	0.01183	0.01132	0.01676	0.45690	0.20647	0.04655	0.01404	0.01709	0.13358	0.01600	0.01160	0.01479	0.00895	0.00555	0.00535	0.00173	0.00661	0.00493	0.00296	0.00698
24	0.04021	0.27130	0.28645	0.01320	0.06207	0.09565	0.01314	0.01821	0.04384	0.07438	0.01017	0.01123	0.00784	0.00515	0.00452	0.00147	0.00671	0.00376	0.00288	0.02784
25	0.05208	0.26825	0.23460	0.01314	0.08074	0.06521	0.01239	0.01853	0.01228	0.16304	0.02574	0.01231	0.00903	0.00535	0.00458	0.00149	0.00631	0.00400	0.00330	0.00762
26	0.05332	0.17176	0.06488	0.00977	0.01404	0.01183	0.00877	0.09393	0.04156	0.34021	0.03115	0.03394	0.02677	0.00633	0.00486	0.00151	0.00497	0.00493	0.00484	0.07065

[dist]
# distance from previous block
# <min> <max>
1	3

[block]
# block no. 3 follows, 45 sequences, length 30
# corresponding to MSA columns:
# 109-138
name=unknown_D
#
# <colnr> <probs for GDERKNQSTAVLIFYWHMCP>
#	G	D	E	R	K	N	Q	S	T	A	V	L	I	F	Y	W	H	M	C	P
0	0.01111	0.02820	0.01225	0.00985	0.01236	0.04428	0.10569	0.06609	0.02969	0.07398	0.32048	0.08804	0.11507	0.02391	0.00638	0.00176	0.00438	0.00843	0.00495	0.03310
1	0.04608	0.07898	0.04818	0.04697	0.01554	0.03381	0.04109	0.15691	0.02755	0.03625	0.01077	0.01269	0.00862	0.02744	0.00562	0.00139	0.03514	0.00405	0.02870	0.33420
2	0.06049	0.05352	0.05921	0.00998	0.01229	0.05022	0.04292	0.04304	0.02999	0.06028	0.08739	0.01882	0.01471	0.04150	0.18179	0.00332	0.09747	0.00541	0.12168	0.00598
3	0.24782	0.22732	0.03465	0.00920	0.01267	0.11868	0.00796	0.10471	0.01293	0.01927	0.03584	0.04462	0.05993	0.00638	0.00429	0.00150	0.00538	0.00455	0.03588	0.00641
4	0.01294	0.02926	0.01159	0.00934	0.01213	0.02581	0.00733	0.19908	0.06632	0.04098	0.01553	0.06922	0.03240	0.09879	0.11453	0.00284	0.03413	0.00580	0.02983	0.18215
5	0.15720	0.01046	0.08349	0.02732	0.01260	0.00937	0.00809	0.12138	0.04310	0.08218	0.29071	0.03980	0.03800	0.00846	0.00549	0.00173	0.00428	0.04493	0.00491	0.00649
6	0.13705	0.07306	0.46013	0.02854	0.05586	0.01324	0.07433	0.01686	0.03193	0.01776	0.00953	0.01141	0.00712	0.00522	0.00532	0.00169	0.03690	0.00406	0.00257	0.00742
7	0.01153	0.00980	0.01118	0.06604	0.01358	0.05146	0.00745	0.04236	0.01164	0.01754	0.03951	0.01440	0.01058	0.00672	0.03172	0.00147	0.09225	0.00419	0.15116	0.40541
8	0.10886	0.00895	0.00971	0.00884	0.01086	0.00958	0.00668	0.24399	0.03735	0.02105	0.02023	0.25816	0.04321	0.14143	0.00929	0.00243	0.00456	0.04418	0.00464	0.00599
9	0.01270	0.13493	0.19348	0.07803	0.05408	0.03454	0.07477	0.11199	0.04205	0.01720	0.02482	0.04557	0.01005	0.00789	0.00753	0.12928	0.00642	0.00495	0.00306	0.00667
10	0.00658	0.00469	0.00622	0.00742	0.00772	0.00439	0.00493	0.00749	0.01020	0.01359	0.02917	0.78229	0.03497	0.04309	0.00753	0.00228	0.00318	0.01501	0.00493	0.00432
11	0.00878	0.00676	0.00960	0.00924	0.00984	0.00812	0.00719	0.00980	0.00877	0.01258	0.01541	0.07480	0.04347	0.04115	0.35026	0.13413	0.17851	0.04052	0.02648	0.00459
12	0.01494	0.28691	0.10186	0.14389	0.01989	0.16950	0.04833	0.04623	0.01281	0.06408	0.02381	0.01269	0.00874	0.00547	0.00469	0.00148	0.00702	0.01782	0.00294	0.00689
13	0.01226	0.04476	0.50932	0.01629	0.02309	0.01247	0.19437	0.01755	0.01193	0.07562	0.01113	0.02749	0.00816	0.00529	0.00540	0.00172	0.00779	0.00482	0.00276	0.00776
14	0.00760	0.00549	0.00718	0.00675	0.00802	0.00506	0.00506	0.01013	0.01519	0.02153	0.77503	0.04010	0.05065	0.01097	0.00633	0.00169	0.00253	0.00971	0.00591	0.00506
15	0.00662	0.00478	0.00626	0.00730	0.00778	0.00443	0.00494	0.00771	0.01079	0.01439	0.09269	0.70272	0.07742	0.01616	0.00678	0.00212	0.00304	0.01458	0.00506	0.00443
16	0.01213	0.01236	0.02139	0.27459	0.23465	0.04184	0.21057	0.01599	0.03583	0.01587	0.01044	0.01419	0.00826	0.00628	0.03021	0.00196	0.03851	0.00521	0.00267	0.00705
17	0.01008	0.00768	0.01051	0.03878	0.01129	0.00924	0.03041	0.03425	0.01005	0.01578	0.01333	0.01825	0.01165	0.04855	0.23410	0.00385	0.20662	0.00528	0.27499	0.00532
18	0.01825	0.13163	0.04015	0.01350	0.03383	0.60235	0.01052	0.01988	0.01408	0.01326	0.00847	0.01013	0.00719	0.00673	0.03423	0.00165	0.02158	0.00353	0.00268	0.00636
19	0.03174	0.01043	0.01210	0.04346	0.01438	0.00900	0.00737	0.13276	0.01342	0.03846	0.01031	0.01167	0.00818	0.00452	0.00428	0.00101	0.00444	0.00356	0.00358	0.63533
20	0.06386	0.26471	0.35937	0.03126	0.04785	0.01505	0.01407	0.04436	0.01176	0.04410	0.02880	0.01154	0.00828	0.00531	0.00491	0.00154	0.02923	0.00387	0.00273	0.00742
21	0.02408	0.00914	0.01246	0.00955	0.01370	0.00789	0.00789	0.02616	0.01536	0.78158	0.02118	0.01827	0.01329	0.00664	0.00540	0.00166	0.00457	0.00540	0.00664	0.00914
22	0.00781	0.00520	0.00585	0.00585	0.00585	0.00520	0.00325	0.00781	0.00781	0.01041	0.01691	0.03513	0.01952	0.81135	0.02732	0.00520	0.00520	0.00781	0.00325	0.00325
23	0.02772	0.12887	0.34545	0.04459	0.09457	0.02880	0.03024	0.12047	0.03214	0.08161	0.01104	0.01225	0.00810	0.00537	0.00497	0.00160	0.00680	0.00424	0.00322	0.00797
24	0.00877	0.00600	0.00750	0.00734	0.00854	0.00639	0.00556	0.04991	0.01098	0.01618	0.05930	0.09279	0.09682	0.06153	0.31008	0.00450	0.02146	0.00720	0.21417	0.00497
25	0.02928	0.01135	0.01287	0.01309	0.12968	0.07552	0.00883	0.20187	0.04484	0.09924	0.14986	0.02333	0.08977	0.05440	0.03039	0.00205	0.00539	0.00644	0.00470	0.00710
26	0.05996	0.01055	0.01105	0.00950	0.01253	0.04712	0.00743	0.10029	0.26325	0.07922	0.07800	0.07730	0.02914	0.00837	0.02569	0.00178	0.00462	0.00616	0.03733	0.13073
27	0.01300	0.00991	0.01313	0.14568	0.01767	0.00915	0.03657	0.05037	0.04058	0.11417	0.01334	0.01471	0.03856	0.00534	0.00509	0.00127	0.02757	0.00440	0.00370	0.43580
28	0.61385	0.03122	0.04505	0.00779	0.01135	0.01132	0.00675	0.01664	0.02648	0.09742	0.03942	0.01248	0.03052	0.00564	0.00387	0.00164	0.00431	0.00377	0.00376	0.02673
29	0.01160	0.01004	0.01211	0.03241	0.06620	0.03116	0.00783	0.07322	0.01199	0.01745	0.03471	0.07516	0.01224	0.06861	0.00759	0.00158	0.07727	0.00509	0.00344	0.44032

[dist]
# distance from previous block
# <min> <max>
20	36

[block]
# block no. 4 follows, 45 sequences, length 8
# corresponding to MSA columns:
# 176-183
name=unknown_E
#
# <colnr> <probs for GDERKNQSTAVLIFYWHMCP>
#	G	D	E	R	K	N	Q	S	T	A	V	L	I	F	Y	W	H	M	C	P
0	0.05202	0.01114	0.01638	0.33493	0.16821	0.03176	0.05048	0.09831	0.05823	0.03594	0.01271	0.08313	0.01078	0.00646	0.00543	0.00175	0.00630	0.00574	0.00335	0.00695
1	0.08765	0.32240	0.20157	0.01075	0.01546	0.07986	0.01102	0.08889	0.01258	0.01684	0.01219	0.01384	0.06016	0.03958	0.00534	0.00161	0.00624	0.00416	0.00295	0.00689
2	0.05863	0.01159	0.01375	0.01203	0.03947	0.07293	0.05993	0.11436	0.10599	0.01851	0.01398	0.04556	0.03304	0.01301	0.14867	0.00293	0.11626	0.00540	0.00363	0.11033
3	0.26816	0.01031	0.02920	0.04307	0.04486	0.03021	0.00796	0.05792	0.03161	0.08506	0.09143	0.01755	0.05375	0.00838	0.04161	0.00199	0.07919	0.00506	0.04043	0.05227
4	0.17212	0.01284	0.13126	0.07138	0.01516	0.05274	0.00930	0.05763	0.06341	0.10606	0.03383	0.08227	0.01316	0.09405	0.00736	0.00204	0.00541	0.00561	0.00388	0.06048
5	0.03173	0.06608	0.03611	0.00969	0.01327	0.04216	0.00806	0.03449	0.19831	0.12347	0.01759	0.01767	0.07119	0.00779	0.03511	0.00174	0.04867	0.00506	0.00425	0.22758
6	0.01116	0.01128	0.04867	0.15616	0.02041	0.02479	0.20244	0.05430	0.01133	0.01556	0.01296	0.04225	0.03100	0.11250	0.05380	0.00264	0.12096	0.00601	0.02839	0.03337
7	0.01635	0.18840	0.01820	0.03965	0.06803	0.25892	0.01045	0.14433	0.05995	0.01777	0.04317	0.01254	0.00989	0.00614	0.00602	0.00153	0.08401	0.00425	0.00335	0.00706

[dist]
# distance from previous block
# <min> <max>
8	50

[block]
# block no. 5 follows, 45 sequences, length 13
# corresponding to MSA columns:
# 243-255
name=unknown_F
#
# <colnr> <probs for GDERKNQSTAVLIFYWHMCP>
#	G	D	E	R	K	N	Q	S	T	A	V	L	I	F	Y	W	H	M	C	P
0	0.05571	0.01098	0.01221	0.00991	0.01335	0.01142	0.00796	0.30818	0.10880	0.13902	0.09017	0.05943	0.07209	0.00779	0.00542	0.00164	0.00459	0.00631	0.00532	0.06969
1	0.04750	0.05260	0.01497	0.01093	0.01513	0.01335	0.00910	0.40408	0.03919	0.31394	0.01580	0.01475	0.01066	0.00640	0.00522	0.00161	0.00530	0.00492	0.00563	0.00890
2	0.01934	0.01432	0.01477	0.01172	0.01552	0.07019	0.00948	0.55624	0.04829	0.09455	0.01465	0.05969	0.01136	0.02716	0.00597	0.00173	0.00583	0.00550	0.00522	0.00848
3	0.01195	0.01114	0.01844	0.44392	0.34100	0.01250	0.01532	0.05221	0.01207	0.01630	0.00994	0.01382	0.00781	0.00518	0.00535	0.00170	0.00677	0.00478	0.00265	0.00717
4	0.01287	0.01199	0.01987	0.07206	0.63465	0.01217	0.01510	0.05073	0.01259	0.01777	0.01188	0.08169	0.01078	0.00593	0.00545	0.00166	0.00612	0.00569	0.00297	0.00804
5	0.01427	0.01150	0.01322	0.00997	0.01434	0.01087	0.02644	0.25770	0.08103	0.02336	0.03582	0.01346	0.01041	0.00530	0.00469	0.00120	0.00471	0.00425	0.00416	0.45330
6	0.08483	0.01211	0.01958	0.12670	0.59462	0.01261	0.01511	0.01644	0.03518	0.01777	0.01016	0.01323	0.00835	0.00495	0.00515	0.00163	0.00622	0.00466	0.00277	0.00795
7	0.13014	0.00807	0.00852	0.00791	0.01003	0.04423	0.00620	0.01442	0.08070	0.09427	0.32042	0.04705	0.12204	0.00988	0.00577	0.00177	0.00370	0.07382	0.00521	0.00584
8	0.01322	0.01319	0.02137	0.13210	0.58256	0.05744	0.06908	0.01645	0.01223	0.01675	0.00997	0.01330	0.00821	0.00488	0.00537	0.00162	0.00686	0.00482	0.00263	0.00795
9	0.01261	0.01206	0.02056	0.19820	0.61792	0.01258	0.01614	0.01588	0.01190	0.01671	0.00998	0.01351	0.00821	0.00491	0.00533	0.00164	0.00655	0.00478	0.00260	0.00795
10	0.01313	0.01260	0.02151	0.07026	0.74175	0.01271	0.01640	0.01634	0.01215	0.01735	0.01007	0.01334	0.00844	0.00481	0.00532	0.00160	0.00641	0.00478	0.00264	0.00838
11	0.22805	0.06332	0.20335	0.15673	0.06342	0.01252	0.01221	0.06968	0.02667	0.06409	0.04491	0.01315	0.00944	0.00557	0.00470	0.00166	0.00594	0.00427	0.00329	0.00703
12	0.11483	0.02905	0.01507	0.08677	0.17659	0.09033	0.01064	0.18144	0.06556	0.09833	0.01523	0.01603	0.06459	0.00629	0.00510	0.00163	0.00581	0.00502	0.00407	0.00761

[dist]
# distance from previous block
# <min> <max>
7	20

[block]
# block no. 6 follows, 45 sequences, length 6
# corresponding to MSA columns:
# 276-281
name=unknown_G
#
# <colnr> <probs for GDERKNQSTAVLIFYWHMCP>
#	G	D	E	R	K	N	Q	S	T	A	V	L	I	F	Y	W	H	M	C	P
0	0.03297	0.01001	0.01094	0.00908	0.01211	0.07934	0.03478	0.05889	0.01289	0.07583	0.06608	0.13559	0.13355	0.00847	0.00568	0.00149	0.02999	0.00704	0.00420	0.27108
1	0.01458	0.01140	0.01278	0.05754	0.04131	0.05686	0.00846	0.18224	0.07654	0.09154	0.04151	0.04556	0.03849	0.00717	0.02375	0.00157	0.00522	0.00518	0.00430	0.27400
2	0.01554	0.11181	0.26663	0.01286	0.01768	0.14861	0.03998	0.05944	0.01352	0.14725	0.05849	0.01392	0.01084	0.00605	0.00580	0.00161	0.05448	0.00453	0.00352	0.00746
3	0.01185	0.08549	0.06453	0.01001	0.01222	0.11364	0.00833	0.10596	0.01312	0.01693	0.05145	0.26201	0.07169	0.01026	0.00687	0.00180	0.08900	0.00829	0.05064	0.00592
4	0.01187	0.01453	0.09594	0.07345	0.02653	0.01273	0.57258	0.01624	0.01205	0.01651	0.01098	0.01479	0.00844	0.00791	0.07808	0.00242	0.00931	0.00596	0.00267	0.00699
5	0.16760	0.46122	0.15144	0.00987	0.01476	0.01687	0.01026	0.01708	0.01105	0.08444	0.00906	0.00996	0.00725	0.00493	0.00388	0.00138	0.00572	0.00329	0.00287	0.00707

[dist]
# distance from previous block
# <min> <max>
0	1

[block]
# block no. 7 follows, 45 sequences, length 21
# corresponding to MSA columns:
# 283-303
name=unknown_H
#
# <colnr> <probs for GDERKNQSTAVLIFYWHMCP>
#	G	D	E	R	K	N	Q	S	T	A	V	L	I	F	Y	W	H	M	C	P
0	0.00957	0.00697	0.00824	0.00762	0.00949	0.00692	0.00593	0.01331	0.11778	0.08075	0.27683	0.03900	0.30006	0.01113	0.00680	0.00182	0.04670	0.04002	0.00534	0.00572
1	0.00812	0.00570	0.00657	0.00628	0.00802	0.00495	0.00473	0.00987	0.01327	0.07641	0.27155	0.09008	0.45006	0.01244	0.00630	0.00178	0.00283	0.01060	0.00540	0.00504
2	0.35793	0.03288	0.03772	0.01226	0.08509	0.03018	0.05732	0.02992	0.04532	0.17644	0.01188	0.01322	0.00886	0.00588	0.00541	0.00171	0.06045	0.01651	0.00391	0.00710
3	0.21066	0.01523	0.06716	0.12397	0.06860	0.15839	0.01070	0.15245	0.04320	0.05629	0.01058	0.01206	0.00797	0.00567	0.00497	0.00163	0.02090	0.00413	0.01833	0.00708
4	0.00807	0.00548	0.00628	0.00633	0.00653	0.00549	0.00376	0.03475	0.00880	0.01175	0.01868	0.15092	0.02155	0.66259	0.02345	0.00462	0.00491	0.00882	0.00359	0.00363
5	0.01070	0.00653	0.00673	0.06794	0.00951	0.03650	0.00517	0.04141	0.01188	0.01959	0.01672	0.04295	0.01346	0.00649	0.00408	0.00134	0.00329	0.00523	0.68522	0.00526
6	0.03450	0.21970	0.52277	0.01334	0.02001	0.04470	0.01609	0.01721	0.01145	0.04085	0.00937	0.01076	0.00701	0.00504	0.00465	0.00155	0.00725	0.00370	0.00246	0.00759
7	0.03505	0.00563	0.00727	0.00815	0.00903	0.00551	0.00630	0.00946	0.01117	0.01511	0.06917	0.30406	0.06367	0.10840	0.00932	0.00260	0.00411	0.31666	0.00476	0.00457
8	0.00719	0.00496	0.00658	0.00737	0.00798	0.00460	0.00507	0.00850	0.01146	0.03401	0.19048	0.62279	0.03824	0.01531	0.00670	0.00206	0.00302	0.01382	0.00522	0.00463
9	0.01159	0.20884	0.60970	0.01389	0.02106	0.01449	0.01738	0.01679	0.01124	0.01599	0.00913	0.01071	0.00682	0.00498	0.00472	0.00157	0.00743	0.00371	0.00227	0.00769
10	0.01391	0.71874	0.12014	0.00993	0.01493	0.02017	0.01048	0.01619	0.01096	0.01316	0.00773	0.00894	0.00688	0.00465	0.00365	0.00122	0.00601	0.00300	0.00229	0.00702
11	0.00724	0.00514	0.00598	0.00635	0.00679	0.00489	0.00404	0.00781	0.00939	0.01219	0.02721	0.24578	0.15563	0.43301	0.01752	0.00371	0.00420	0.03521	0.00407	0.00383
12	0.00997	0.00532	0.00545	0.00534	0.00649	0.00537	0.00386	0.03330	0.01114	0.01896	0.01729	0.02209	0.01449	0.12773	0.00735	0.00186	0.00301	0.00542	0.69069	0.00486
13	0.53517	0.01312	0.07320	0.02998	0.01363	0.03772	0.00826	0.14188	0.06495	0.02441	0.00964	0.01060	0.00725	0.00543	0.00406	0.00166	0.00502	0.00360	0.00369	0.00675
14	0.01096	0.01038	0.01758	0.59938	0.22964	0.01214	0.01531	0.01443	0.01112	0.01471	0.00969	0.01404	0.00751	0.00521	0.00535	0.00174	0.00695	0.00477	0.00246	0.00662
15	0.02129	0.00974	0.01241	0.00976	0.01358	0.00917	0.00797	0.11591	0.07789	0.55938	0.08731	0.01969	0.01635	0.00706	0.00548	0.00167	0.00453	0.00577	0.00632	0.00872
16	0.06940	0.08972	0.61541	0.01474	0.02191	0.01323	0.06981	0.01685	0.01124	0.01715	0.00939	0.01115	0.00683	0.00501	0.00493	0.00166	0.00757	0.00397	0.00237	0.00765
17	0.01034	0.00706	0.00773	0.00724	0.00917	0.03961	0.00550	0.01244	0.04346	0.13151	0.17176	0.09858	0.34266	0.03065	0.00711	0.02759	0.00355	0.03338	0.00520	0.00546
18	0.01128	0.01020	0.01015	0.00837	0.01141	0.09897	0.00631	0.03198	0.03545	0.01618	0.05210	0.05683	0.04016	0.14823	0.00870	0.00189	0.00479	0.02657	0.00360	0.41683
19	0.28674	0.23387	0.01584	0.00932	0.01299	0.03346	0.00805	0.19867	0.03730	0.02215	0.03389	0.01190	0.00920	0.00786	0.05656	0.00197	0.00579	0.00388	0.00365	0.00693
20	0.01377	0.60203	0.19979	0.01077	0.01605	0.05157	0.01166	0.01651	0.01119	0.01365	0.00799	0.00928	0.00687	0.00475	0.00388	0.00128	0.00641	0.00314	0.00231	0.00710

[dist]
# distance from previous block
# <min> <max>
3	6

[block]
# block no. 8 follows, 45 sequences, length 58
# corresponding to MSA columns:
# 310-367
name=unknown_I
#
# <colnr> <probs for GDERKNQSTAVLIFYWHMCP>
#	G	D	E	R	K	N	Q	S	T	A	V	L	I	F	Y	W	H	M	C	P
0	0.05852	0.13235	0.12628	0.07908	0.01730	0.01281	0.01067	0.11014	0.10925	0.25938	0.01496	0.01506	0.01059	0.00607	0.00499	0.00162	0.00555	0.01281	0.00451	0.00806
1	0.04852	0.12900	0.52444	0.01337	0.02005	0.01340	0.01601	0.06263	0.01244	0.09667	0.01064	0.01167	0.00758	0.00527	0.00485	0.00162	0.00701	0.00398	0.00295	0.00790
2	0.20258	0.00649	0.00812	0.00755	0.00863	0.00680	0.03613	0.00972	0.00839	0.01401	0.05821	0.03636	0.01257	0.08308	0.01560	0.46941	0.00460	0.00517	0.00294	0.00364
3	0.00998	0.00754	0.00876	0.00827	0.01005	0.00750	0.00609	0.14800	0.05932	0.01875	0.08215	0.37678	0.10651	0.05016	0.00714	0.00201	0.00378	0.01065	0.00493	0.07163
4	0.01746	0.01232	0.01405	0.01098	0.01470	0.01295	0.02971	0.48201	0.02010	0.08804	0.01476	0.07096	0.01198	0.05549	0.00663	0.00179	0.00534	0.00568	0.03538	0.08968
5	0.00685	0.00509	0.00642	0.00719	0.00804	0.00467	0.00517	0.00823	0.01152	0.01509	0.12737	0.47278	0.19653	0.01519	0.00674	0.00207	0.00314	0.08826	0.00509	0.00454
6	0.01452	0.01110	0.01261	0.00937	0.01390	0.01004	0.00759	0.21837	0.04666	0.06775	0.01166	0.01241	0.00894	0.00494	0.00450	0.00111	0.00455	0.00388	0.00408	0.53201
7	0.00787	0.00544	0.00706	0.00752	0.00838	0.00518	0.00532	0.00966	0.03309	0.05085	0.20553	0.51434	0.07514	0.01440	0.00680	0.00201	0.01842	0.01284	0.00524	0.00490
8	0.07899	0.06924	0.01428	0.01064	0.01440	0.14115	0.00868	0.19128	0.04946	0.31096	0.04700	0.01526	0.01201	0.00636	0.00506	0.00158	0.00568	0.00481	0.00509	0.00806
9	0.01413	0.60311	0.16976	0.01071	0.01579	0.08083	0.01129	0.01668	0.01133	0.01350	0.00794	0.00921	0.00687	0.00476	0.00387	0.00127	0.00647	0.00312	0.00233	0.00703
10	0.00769	0.00566	0.00674	0.00689	0.00828	0.00516	0.00513	0.00983	0.04004	0.04155	0.22085	0.23138	0.31539	0.01336	0.00647	0.00191	0.00303	0.06039	0.00528	0.00494
11	0.01174	0.01113	0.01859	0.40743	0.38234	0.01237	0.01537	0.01563	0.04334	0.01587	0.01032	0.01407	0.00817	0.00517	0.00535	0.00170	0.00667	0.00483	0.00264	0.00726
12	0.01086	0.00826	0.00957	0.04160	0.01180	0.04065	0.00727	0.06425	0.12164	0.06067	0.26481	0.09075	0.07023	0.02660	0.00665	0.00195	0.00417	0.14707	0.00522	0.00599
13	0.00673	0.00491	0.00633	0.00712	0.00778	0.00452	0.00490	0.00803	0.01146	0.01534	0.18045	0.57605	0.11593	0.01532	0.00669	0.00204	0.00296	0.01374	0.00517	0.00452
14	0.00959	0.00762	0.05994	0.03260	0.01069	0.00629	0.00672	0.01263	0.04533	0.09619	0.46301	0.12571	0.08122	0.01066	0.00615	0.00176	0.00339	0.00933	0.00545	0.00572
15	0.01764	0.02359	0.11364	0.04476	0.09585	0.56218	0.01232	0.02027	0.03432	0.01435	0.00906	0.01070	0.00732	0.00544	0.00496	0.00147	0.00888	0.00378	0.00275	0.00672
16	0.01140	0.15549	0.64064	0.01450	0.02182	0.01392	0.03768	0.01685	0.01130	0.01629	0.00931	0.01097	0.00685	0.00500	0.00486	0.00161	0.00761	0.00385	0.00228	0.00774
17	0.00672	0.00541	0.00600	0.00602	0.00758	0.00469	0.00450	0.00837	0.01281	0.01619	0.22729	0.10500	0.52502	0.01323	0.00641	0.00183	0.00276	0.03029	0.00521	0.00466
18	0.01115	0.00821	0.00982	0.00966	0.01168	0.00873	0.00776	0.03710	0.27852	0.06512	0.08786	0.13722	0.03677	0.01138	0.00638	0.00206	0.00423	0.25456	0.00533	0.00648
19	0.01798	0.06134	0.01566	0.01270	0.06609	0.01448	0.00974	0.45995	0.08498	0.09693	0.01462	0.04215	0.01125	0.02158	0.04383	0.00202	0.00597	0.00533	0.00496	0.00842
20	0.00814	0.00579	0.00682	0.00674	0.00831	0.00520	0.00505	0.02906	0.01311	0.05914	0.22282	0.19095	0.36268	0.01305	0.00640	0.00187	0.00303	0.04151	0.00531	0.00502
21	0.01107	0.01008	0.01629	0.66930	0.03362	0.01234	0.03512	0.07229	0.01185	0.01551	0.00994	0.01425	0.00749	0.00559	0.00578	0.00178	0.03461	0.00482	0.02205	0.00622
22	0.02031	0.01338	0.07036	0.01136	0.01573	0.01271	0.00986	0.35175	0.10118	0.31113	0.01672	0.01556	0.01130	0.00651	0.00537	0.00166	0.00537	0.00512	0.00563	0.00898
23	0.01346	0.01375	0.04266	0.06318	0.68366	0.05576	0.01617	0.01665	0.01230	0.01712	0.00996	0.01307	0.00831	0.00486	0.00528	0.00159	0.00664	0.00469	0.00264	0.00825
24	0.03330	0.01464	0.03763	0.11208	0.42762	0.16067	0.01422	0.01658	0.01240	0.01613	0.01086	0.01600	0.00954	0.00591	0.00578	0.00167	0.03585	0.05896	0.00281	0.00735
25	0.00933	0.00573	0.00715	0.00722	0.00865	0.00515	0.00531	0.01076	0.01203	0.12755	0.10479	0.32996	0.24157	0.04175	0.01989	0.00218	0.00351	0.04708	0.00522	0.00517
26	0.00688	0.00521	0.00764	0.00831	0.00891	0.00487	0.04672	0.00801	0.01041	0.01390	0.02855	0.76390	0.03399	0.01614	0.00682	0.00216	0.00344	0.01477	0.00486	0.00452
27	0.01236	0.01303	0.01964	0.01590	0.01721	0.05506	0.17135	0.01426	0.00953	0.01384	0.00793	0.01222	0.00727	0.00816	0.01456	0.00218	0.59188	0.00498	0.00245	0.00618
28	0.00947	0.00942	0.09144	0.01023	0.03021	0.00803	0.02919	0.09481	0.01243	0.01685	0.05491	0.36120	0.07526	0.05672	0.00822	0.00220	0.05260	0.06686	0.00440	0.00557
29	0.00730	0.00548	0.00676	0.00644	0.00784	0.00494	0.00483	0.00956	0.01449	0.01986	0.60432	0.04284	0.22240	0.01159	0.00633	0.00172	0.00258	0.01009	0.00569	0.00494
30	0.01135	0.00967	0.01125	0.00805	0.01281	0.00738	0.00645	0.03119	0.01147	0.01788	0.00962	0.01117	0.00798	0.00403	0.00401	0.00081	0.00402	0.00322	0.00323	0.82439
31	0.00855	0.00610	0.00781	0.00769	0.00916	0.00577	0.00591	0.01150	0.05913	0.04301	0.41022	0.17181	0.06372	0.01198	0.00640	0.00186	0.00323	0.12009	0.00546	0.04059
32	0.06066	0.58443	0.13713	0.01029	0.01517	0.07146	0.01062	0.01676	0.01125	0.02919	0.00811	0.00928	0.00694	0.00479	0.00382	0.00128	0.00622	0.00312	0.00247	0.00698
33	0.01049	0.00937	0.00989	0.05678	0.02527	0.06111	0.00725	0.02859	0.27052	0.01769	0.09158	0.07272	0.20926	0.04409	0.05918	0.00238	0.00497	0.00796	0.00468	0.00623
34	0.00701	0.00521	0.00694	0.00780	0.00812	0.00525	0.00535	0.00799	0.01025	0.01386	0.06442	0.67560	0.03351	0.05804	0.00863	0.00233	0.05663	0.01388	0.00476	0.00444
35	0.01062	0.00906	0.05217	0.00875	0.01113	0.00842	0.00723	0.11458	0.14105	0.03442	0.38221	0.06515	0.09066	0.00992	0.00603	0.00175	0.00372	0.03136	0.00543	0.00633
36	0.01110	0.01043	0.01668	0.62659	0.14686	0.03002	0.01466	0.03312	0.01144	0.01493	0.00987	0.01415	0.00756	0.00533	0.00531	0.00173	0.00696	0.00475	0.02211	0.00641
37	0.00742	0.00538	0.00691	0.00779	0.00841	0.00523	0.00541	0.03213	0.03786	0.01498	0.05966	0.65281	0.03379	0.04503	0.00752	0.00226	0.00340	0.05435	0.00499	0.00468
38	0.00657	0.00479	0.00619	0.00723	0.00774	0.00441	0.00489	0.00763	0.01072	0.01417	0.06887	0.69184	0.11278	0.01620	0.00677	0.00212	0.00304	0.01458	0.00503	0.00441
39	0.01425	0.06302	0.01800	0.23989	0.14075	0.12266	0.03785	0.14126	0.01379	0.01758	0.01032	0.01317	0.02020	0.00610	0.00692	0.00171	0.11787	0.00463	0.00303	0.00699
40	0.00774	0.00582	0.00722	0.00700	0.00834	0.00553	0.00519	0.01087	0.06991	0.01978	0.54022	0.13770	0.13092	0.01175	0.00633	0.00178	0.00276	0.01033	0.00565	0.00517
41	0.00651	0.00478	0.00611	0.00717	0.00771	0.00439	0.00485	0.00751	0.01057	0.01382	0.03324	0.69643	0.14456	0.01634	0.00678	0.00213	0.00306	0.01468	0.00498	0.00439
42	0.01447	0.79837	0.02786	0.00928	0.01384	0.03703	0.00921	0.01618	0.01100	0.01264	0.00748	0.00863	0.00689	0.00461	0.00347	0.00115	0.00582	0.00288	0.00231	0.00687
43	0.01138	0.01143	0.01782	0.27486	0.02316	0.02746	0.09410	0.01373	0.00966	0.01364	0.00845	0.01303	0.00732	0.00804	0.02642	0.00220	0.42395	0.00490	0.00242	0.00604
44	0.01229	0.01364	0.02801	0.02054	0.02480	0.01378	0.59578	0.01608	0.01177	0.01629	0.01081	0.04155	0.00889	0.00584	0.00841	0.00192	0.15363	0.00635	0.00273	0.00689
45	0.00643	0.00544	0.00555	0.00553	0.00730	0.00457	0.00414	0.00787	0.01243	0.01497	0.10261	0.05089	0.72716	0.01342	0.00634	0.00180	0.00271	0.01122	0.00505	0.00457
46	0.01153	0.01183	0.01988	0.13158	0.02079	0.01454	0.20366	0.01391	0.00982	0.01417	0.00933	0.04588	0.00853	0.00786	0.01247	0.00212	0.44782	0.00557	0.00256	0.00617
47	0.03111	0.00858	0.01256	0.46753	0.02509	0.01026	0.01094	0.05471	0.01157	0.01695	0.01199	0.01573	0.00922	0.00583	0.00527	0.00163	0.03445	0.00480	0.25592	0.00584
48	0.12237	0.01041	0.01261	0.00979	0.01387	0.01006	0.00808	0.16537	0.01651	0.54759	0.01795	0.01609	0.01160	0.00641	0.00514	0.00165	0.00477	0.00499	0.00600	0.00874
49	0.01137	0.02104	0.43148	0.01759	0.02381	0.01284	0.28642	0.01645	0.01157	0.01668	0.01063	0.04142	0.00835	0.00560	0.00645	0.00180	0.06128	0.00528	0.00253	0.00741
50	0.79839	0.01004	0.00779	0.00708	0.01022	0.01158	0.00576	0.01528	0.00920	0.02346	0.00881	0.05697	0.00761	0.00570	0.00354	0.00169	0.00409	0.00365	0.00342	0.00573
51	0.00709	0.00534	0.00750	0.10807	0.01143	0.00538	0.00618	0.00838	0.01040	0.01384	0.05240	0.64760	0.03175	0.04863	0.00751	0.00224	0.00370	0.01342	0.00461	0.00454
52	0.01939	0.06416	0.06820	0.01236	0.01691	0.01664	0.01079	0.66533	0.02344	0.03142	0.01234	0.01253	0.00884	0.00624	0.00524	0.00159	0.00603	0.00466	0.00498	0.00891
53	0.00657	0.00545	0.00576	0.00568	0.00739	0.00463	0.00426	0.00815	0.01278	0.01579	0.18644	0.04954	0.64282	0.01311	0.00634	0.00179	0.00268	0.01103	0.00515	0.00463
54	0.01481	0.47579	0.10877	0.01091	0.01527	0.17110	0.01049	0.02952	0.05388	0.01410	0.00907	0.01040	0.00774	0.00664	0.03981	0.00164	0.00708	0.00345	0.00264	0.00690
55	0.10661	0.19543	0.36456	0.01271	0.01847	0.01421	0.06632	0.07112	0.01239	0.01842	0.06401	0.01284	0.01011	0.00545	0.00473	0.00157	0.00657	0.00425	0.00291	0.00730
56	0.01410	0.06926	0.11783	0.03244	0.11493	0.18527	0.02882	0.09266	0.01359	0.01811	0.01178	0.01394	0.00936	0.00715	0.04068	0.00178	0.00672	0.00439	0.21043	0.00675
57	0.03348	0.20316	0.46784	0.01340	0.01945	0.01510	0.01565	0.06526	0.01179	0.01690	0.00905	0.01079	0.00697	0.00549	0.00591	0.00163	0.08427	0.00382	0.00251	0.00752

[dist]
# distance from previous block
# <min> <max>
0	5

[block]
# block no. 9 follows, 45 sequences, length 33
# corresponding to MSA columns:
# 373-405
name=unknown_J
#
# <colnr> <probs for GDERKNQSTAVLIFYWHMCP>
#	G	D	E	R	K	N	Q	S	T	A	V	L	I	F	Y	W	H	M	C	P
0	0.01349	0.56077	0.17276	0.01061	0.01554	0.03319	0.01126	0.03682	0.01159	0.01435	0.00969	0.01334	0.00881	0.00556	0.00416	0.00138	0.00619	0.06091	0.00259	0.00699
1	0.01570	0.03234	0.01135	0.02447	0.01245	0.06963	0.00739	0.10391	0.06034	0.25831	0.20443	0.09001	0.05005	0.00864	0.00565	0.00168	0.00445	0.00722	0.02488	0.00709
2	0.00856	0.03973	0.12804	0.00806	0.01032	0.00681	0.00722	0.01101	0.01267	0.03473	0.37515	0.10289	0.09161	0.12901	0.00917	0.00224	0.00400	0.00880	0.00468	0.00530
3	0.01503	0.01343	0.09226	0.01107	0.01486	0.02959	0.02085	0.34676	0.03536	0.04242	0.07467	0.09701	0.01506	0.00749	0.00572	0.00160	0.02902	0.00604	0.03278	0.10899
4	0.01387	0.01018	0.01149	0.00995	0.01263	0.01074	0.00781	0.34040	0.07273	0.04112	0.05958	0.24648	0.04672	0.01027	0.00592	0.00181	0.00454	0.04477	0.00519	0.04379
5	0.00705	0.00542	0.00645	0.00628	0.00771	0.00482	0.00468	0.00904	0.01377	0.01835	0.45255	0.08768	0.33216	0.01232	0.00637	0.00176	0.00264	0.01065	0.00550	0.00482
6	0.00841	0.00641	0.00733	0.00761	0.00824	0.03151	0.00533	0.03201	0.01027	0.01334	0.02397	0.24617	0.07705	0.34176	0.01555	0.00340	0.03074	0.12250	0.00412	0.00426
7	0.08905	0.00779	0.00820	0.00735	0.00931	0.00834	0.00574	0.16304	0.01408	0.02241	0.08357	0.08156	0.04010	0.00775	0.00506	0.00153	0.03076	0.00617	0.40234	0.00588
8	0.08850	0.00937	0.01219	0.00942	0.01351	0.00843	0.00778	0.04302	0.01511	0.70436	0.01991	0.01739	0.01260	0.00651	0.00524	0.00166	0.00457	0.00519	0.00635	0.00888
9	0.00654	0.00467	0.00623	0.00747	0.00779	0.00436	0.00498	0.00747	0.01028	0.01370	0.02959	0.80785	0.03550	0.01682	0.00685	0.00218	0.00311	0.01526	0.00498	0.00436
10	0.01092	0.06230	0.75039	0.01503	0.02282	0.01285	0.01937	0.01696	0.01131	0.01681	0.00954	0.01121	0.00680	0.00508	0.00503	0.00168	0.00784	0.00392	0.00227	0.00789
11	0.02058	0.01391	0.01526	0.01173	0.01591	0.01508	0.00968	0.63560	0.02344	0.13615	0.01417	0.01385	0.00985	0.00647	0.00532	0.00161	0.00562	0.00492	0.03186	0.00900
12	0.00779	0.00648	0.00686	0.00655	0.00849	0.00608	0.00497	0.02551	0.11804	0.01713	0.16668	0.04463	0.53702	0.01215	0.00620	0.00179	0.00296	0.01021	0.00521	0.00526
13	0.01170	0.01184	0.01796	0.01490	0.01559	0.01573	0.10080	0.01330	0.00877	0.01341	0.00778	0.01243	0.00742	0.00999	0.04570	0.00252	0.67681	0.00493	0.00241	0.00599
14	0.02156	0.00860	0.01149	0.00899	0.01279	0.00742	0.00736	0.02356	0.01499	0.67126	0.04363	0.02280	0.10533	0.00758	0.00553	0.00168	0.00430	0.00621	0.00643	0.00849
15	0.02118	0.01044	0.01292	0.01008	0.01396	0.01014	0.00826	0.22164	0.04144	0.48427	0.09136	0.01898	0.01586	0.00703	0.00548	0.00166	0.00472	0.00568	0.00619	0.00872
16	0.00658	0.00470	0.00626	0.00745	0.00779	0.00438	0.00499	0.00756	0.01045	0.01397	0.05503	0.78164	0.03602	0.01662	0.00683	0.00216	0.00309	0.01507	0.00501	0.00438
17	0.05989	0.00893	0.01159	0.00930	0.01295	0.00816	0.00753	0.02396	0.07355	0.60547	0.04701	0.07570	0.01606	0.00750	0.00544	0.00171	0.00435	0.00619	0.00625	0.00845
18	0.00684	0.00546	0.00612	0.00596	0.00755	0.00474	0.00447	0.00866	0.01340	0.01727	0.33858	0.04710	0.48976	0.01256	0.00634	0.00176	0.00265	0.01069	0.00535	0.00474
19	0.00849	0.00606	0.00846	0.00970	0.01087	0.00604	0.00837	0.01084	0.01220	0.01588	0.02851	0.11788	0.03125	0.01498	0.00737	0.00245	0.00480	0.68600	0.00495	0.00490
20	0.04864	0.01046	0.01237	0.01017	0.01385	0.01070	0.00819	0.06685	0.31711	0.41008	0.02051	0.01834	0.01404	0.00683	0.00535	0.00172	0.00450	0.00555	0.00598	0.00876
21	0.07770	0.01264	0.01409	0.01234	0.01347	0.14543	0.03526	0.01392	0.00998	0.01418	0.04069	0.01465	0.01019	0.03595	0.14335	0.00322	0.38961	0.00487	0.00277	0.00569
22	0.01510	0.09056	0.01900	0.08357	0.04042	0.20393	0.12569	0.10534	0.04370	0.01708	0.00979	0.01205	0.00792	0.00583	0.00682	0.00160	0.11978	0.00441	0.00307	0.08435
23	0.15144	0.43153	0.04932	0.01109	0.01533	0.11927	0.07649	0.04757	0.01190	0.01601	0.00817	0.00963	0.00692	0.00496	0.00428	0.00138	0.02181	0.00342	0.00269	0.00677
24	0.00849	0.00610	0.00845	0.00964	0.01086	0.00606	0.00836	0.01087	0.01228	0.01593	0.02945	0.08475	0.05942	0.01485	0.00736	0.00244	0.00480	0.69006	0.00495	0.00491
25	0.01220	0.00968	0.01196	0.00859	0.01334	0.00744	0.03296	0.01463	0.01152	0.07721	0.01050	0.01181	0.00837	0.00420	0.00417	0.00090	0.00420	0.00346	0.00343	0.74942
26	0.01329	0.01275	0.02179	0.03295	0.77787	0.01275	0.01647	0.01647	0.01222	0.01754	0.01010	0.01329	0.00850	0.00478	0.00531	0.00159	0.00638	0.00478	0.00266	0.00850
27	0.01251	0.01411	0.03026	0.02230	0.05022	0.01343	0.69281	0.01680	0.01245	0.01698	0.01114	0.03284	0.00876	0.00498	0.00670	0.00183	0.03552	0.00644	0.00275	0.00717
28	0.00651	0.00478	0.00611	0.00718	0.00771	0.00438	0.00485	0.00751	0.01056	0.01382	0.03315	0.69912	0.14193	0.01635	0.00678	0.00213	0.00306	0.01469	0.00498	0.00438
29	0.00767	0.00575	0.00863	0.00863	0.00959	0.00671	0.00671	0.00959	0.00863	0.01246	0.01438	0.02109	0.01342	0.04026	0.79008	0.00863	0.01438	0.00575	0.00288	0.00479
30	0.01330	0.01290	0.02020	0.15514	0.57339	0.05026	0.01558	0.04120	0.01245	0.01712	0.00993	0.01322	0.00819	0.00510	0.00565	0.00164	0.02939	0.00472	0.00270	0.00793
31	0.01077	0.02777	0.78354	0.01530	0.02323	0.01247	0.01983	0.01700	0.01133	0.01700	0.00963	0.01133	0.00680	0.00510	0.00510	0.00170	0.00793	0.00397	0.00227	0.00793
32	0.01084	0.02731	0.76063	0.01583	0.04592	0.01248	0.01973	0.01698	0.01136	0.01702	0.00965	0.01139	0.00685	0.00509	0.00511	0.00170	0.00789	0.00399	0.00228	0.00795

[dist]
# distance from previous block
# <min> <max>
0	1

[block]
# block no. 10 follows, 45 sequences, length 15
# corresponding to MSA columns:
# 407-421
name=unknown_K
#
# <colnr> <probs for GDERKNQSTAVLIFYWHMCP>
#	G	D	E	R	K	N	Q	S	T	A	V	L	I	F	Y	W	H	M	C	P
0	0.00779	0.00720	0.00667	0.00669	0.00836	0.07511	0.00500	0.00925	0.01255	0.01495	0.10693	0.12495	0.54060	0.01303	0.00630	0.00183	0.00346	0.03974	0.00486	0.00473
1	0.00634	0.00544	0.00544	0.00544	0.00725	0.00453	0.00408	0.00770	0.01224	0.01450	0.05438	0.05166	0.77569	0.01359	0.00634	0.00181	0.00272	0.01133	0.00498	0.00453
2	0.01126	0.13600	0.67963	0.01446	0.02193	0.01367	0.01837	0.01687	0.01127	0.01640	0.00933	0.01096	0.00681	0.00503	0.00487	0.00162	0.00763	0.00382	0.00227	0.00779
3	0.01028	0.00974	0.01613	0.72690	0.03488	0.01234	0.01462	0.01364	0.01050	0.01364	0.00931	0.01408	0.00715	0.00573	0.00648	0.00184	0.07962	0.00476	0.00238	0.00595
4	0.00643	0.00538	0.00559	0.00566	0.00733	0.00455	0.00420	0.00782	0.01225	0.01483	0.09234	0.10766	0.68019	0.01369	0.00638	0.00183	0.00274	0.01153	0.00504	0.00455
5	0.00694	0.00524	0.00642	0.00709	0.00801	0.00484	0.00507	0.00856	0.02877	0.01492	0.10321	0.43851	0.23157	0.03825	0.00728	0.00214	0.00319	0.07039	0.00502	0.00458
6	0.01231	0.36731	0.45755	0.01266	0.01915	0.01625	0.01524	0.01660	0.01115	0.01511	0.00870	0.01016	0.00684	0.00488	0.00439	0.00146	0.00699	0.00349	0.00228	0.00748
7	0.00779	0.00523	0.00596	0.00593	0.00602	0.00519	0.00340	0.00799	0.00839	0.01128	0.07650	0.03552	0.02196	0.74844	0.02567	0.00493	0.00499	0.00796	0.00346	0.00340
