[name]
unknown

[dist]
# distance from previous block
# <min> <max>
28	142

[block]
# block no. 0 follows, 41 sequences, length 7
# corresponding to MSA columns:
# 160-166
name=unknown_A
#
# <colnr> <probs for GDERKNQSTAVLIFYWHMCP>
#	G	D	E	R	K	N	Q	S	T	A	V	L	I	F	Y	W	H	M	C	P
0	0.13521	0.05319	0.34168	0.14033	0.11621	0.01326	0.03660	0.01753	0.01192	0.04710	0.01037	0.01268	0.00772	0.00541	0.00517	0.00176	0.00720	0.00436	0.00287	0.02943
1	0.01342	0.10985	0.02142	0.19392	0.34748	0.03989	0.04587	0.01729	0.05550	0.01692	0.01252	0.01552	0.03594	0.00595	0.00614	0.00175	0.04462	0.00519	0.00297	0.00782
2	0.01191	0.01083	0.01747	0.08772	0.42475	0.01085	0.01327	0.01481	0.01220	0.01740	0.04107	0.09998	0.01427	0.01132	0.10039	0.00262	0.00712	0.00644	0.00329	0.09229
3	0.01491	0.03910	0.04584	0.01321	0.04112	0.01245	0.10180	0.25558	0.01768	0.04754	0.13684	0.05268	0.01811	0.00946	0.04911	0.00210	0.02208	0.00644	0.00465	0.10930
4	0.46974	0.00920	0.00866	0.00767	0.01064	0.00985	0.00615	0.01609	0.01248	0.11555	0.21685	0.02203	0.05976	0.00774	0.00485	0.00179	0.00393	0.00586	0.00482	0.00634
5	0.01404	0.01084	0.01341	0.17463	0.01823	0.01237	0.00956	0.28064	0.01588	0.02128	0.01400	0.02178	0.01281	0.25596	0.04852	0.00334	0.05592	0.00616	0.00402	0.00663
6	0.00797	0.00588	0.00764	0.00730	0.00866	0.00555	0.00550	0.01045	0.01500	0.02097	0.59565	0.04152	0.12272	0.01582	0.10127	0.00272	0.00427	0.01001	0.00580	0.00530

[dist]
# distance from previous block
# <min> <max>
0	2

[block]
# block no. 1 follows, 41 sequences, length 30
# corresponding to MSA columns:
# 169-198
name=unknown_B
#
# <colnr> <probs for GDERKNQSTAVLIFYWHMCP>
#	G	D	E	R	K	N	Q	S	T	A	V	L	I	F	Y	W	H	M	C	P
0	0.01550	0.54255	0.02459	0.01038	0.01492	0.11051	0.00950	0.01861	0.07556	0.01507	0.00965	0.01069	0.00835	0.00518	0.00410	0.00127	0.00625	0.00347	0.00291	0.11096
1	0.00821	0.00630	0.00948	0.07533	0.01241	0.00724	0.00761	0.01025	0.00965	0.01359	0.01736	0.14002	0.01733	0.03590	0.59286	0.00752	0.01283	0.00759	0.00336	0.00514
2	0.01446	0.59368	0.02490	0.00955	0.01411	0.05947	0.00901	0.01633	0.01202	0.01431	0.01255	0.01349	0.07190	0.00568	0.00408	0.00125	0.00583	0.00390	0.00284	0.11064
3	0.01295	0.01224	0.06607	0.19167	0.22590	0.03684	0.01352	0.01753	0.08685	0.06750	0.01589	0.04011	0.01384	0.01055	0.07185	0.00255	0.00731	0.09568	0.00371	0.00746
4	0.70901	0.01091	0.00900	0.00773	0.01149	0.01203	0.00634	0.01687	0.01022	0.04912	0.00872	0.00995	0.00674	0.00523	0.00370	0.00165	0.00442	0.00322	0.00364	0.11001
5	0.01341	0.01660	0.15052	0.10750	0.07944	0.10801	0.11056	0.05229	0.13450	0.01921	0.07889	0.05534	0.03399	0.00722	0.00594	0.00183	0.00700	0.00637	0.00384	0.00755
6	0.01167	0.01104	0.01610	0.23206	0.02122	0.01460	0.01256	0.03763	0.01033	0.01480	0.01087	0.08067	0.01051	0.01084	0.04760	0.00259	0.43977	0.00604	0.00289	0.00621
7	0.01381	0.03810	0.20731	0.19498	0.11918	0.11328	0.07865	0.04275	0.07028	0.01761	0.01118	0.01385	0.00859	0.00587	0.00617	0.00181	0.04100	0.00489	0.00298	0.00772
8	0.01174	0.00811	0.00977	0.00863	0.01075	0.00806	0.00666	0.16587	0.01776	0.06453	0.45528	0.11557	0.07185	0.01121	0.00654	0.00184	0.00365	0.00970	0.00607	0.00644
9	0.01645	0.01302	0.01534	0.18574	0.02119	0.01490	0.01112	0.32985	0.23762	0.02655	0.01579	0.01663	0.01168	0.00722	0.00615	0.02416	0.00594	0.00552	0.02667	0.00846
10	0.10015	0.00975	0.02518	0.00935	0.01222	0.00994	0.00747	0.02091	0.28541	0.12431	0.24800	0.02844	0.07736	0.00902	0.00591	0.00185	0.00397	0.00753	0.00580	0.00743
11	0.01215	0.01877	0.28790	0.19048	0.11178	0.02616	0.14241	0.01674	0.01201	0.01687	0.01068	0.03013	0.00846	0.00607	0.00710	0.00191	0.08486	0.00527	0.00265	0.00760
12	0.00821	0.00664	0.00830	0.00777	0.00910	0.00672	0.00597	0.01031	0.01417	0.01930	0.43392	0.06283	0.26167	0.01249	0.00827	0.00194	0.10122	0.01036	0.00550	0.00531
13	0.05921	0.09123	0.01542	0.01128	0.01506	0.11488	0.00912	0.27886	0.06219	0.06358	0.01506	0.11105	0.01307	0.00759	0.00536	0.00162	0.00591	0.00594	0.00467	0.10890
14	0.73744	0.01090	0.00902	0.00785	0.01151	0.01228	0.00647	0.01820	0.01057	0.11857	0.00979	0.01057	0.00719	0.00553	0.00382	0.00177	0.00448	0.00343	0.00398	0.00664
15	0.00930	0.00689	0.00818	0.00829	0.00948	0.00703	0.00583	0.01365	0.16796	0.03231	0.15691	0.33271	0.05188	0.15003	0.01063	0.00269	0.00387	0.01145	0.00531	0.00561
16	0.09897	0.07916	0.05040	0.48805	0.03001	0.01382	0.01357	0.01755	0.12113	0.01721	0.01169	0.01486	0.00889	0.00589	0.00532	0.00183	0.00674	0.00487	0.00312	0.00692
17	0.01297	0.01083	0.01764	0.08443	0.43959	0.01086	0.01376	0.01585	0.01289	0.07149	0.01798	0.12467	0.03589	0.00856	0.00620	0.00193	0.00597	0.09696	0.00381	0.00773
18	0.01787	0.18617	0.09891	0.03820	0.03729	0.01515	0.02817	0.13270	0.01497	0.21646	0.01341	0.01421	0.00981	0.00666	0.00714	0.00175	0.12063	0.00477	0.02746	0.00827
19	0.03156	0.40414	0.07251	0.01435	0.10970	0.05387	0.03571	0.03769	0.01256	0.04941	0.00959	0.01126	0.00805	0.00540	0.00529	0.00145	0.05233	0.00386	0.00293	0.07834
20	0.00797	0.00576	0.00676	0.00688	0.00837	0.00506	0.00502	0.00959	0.01329	0.05135	0.19713	0.25255	0.38057	0.01449	0.00686	0.00200	0.00306	0.01256	0.00560	0.00512
21	0.01292	0.01039	0.01302	0.00935	0.01442	0.00801	0.04250	0.01555	0.01226	0.07173	0.01111	0.01257	0.00889	0.00447	0.00447	0.00097	0.00454	0.00372	0.00363	0.73549
22	0.01649	0.01146	0.01816	0.19937	0.32981	0.01177	0.01397	0.02024	0.04875	0.22867	0.01507	0.01760	0.01120	0.00621	0.00577	0.00180	0.00630	0.02467	0.00417	0.00852
23	0.01140	0.01082	0.01761	0.52076	0.12447	0.01340	0.01510	0.01463	0.01106	0.01491	0.01002	0.01497	0.00810	0.00813	0.04406	0.00233	0.14391	0.00512	0.00260	0.00662
24	0.00979	0.00867	0.01393	0.01221	0.01355	0.01033	0.09564	0.01194	0.00959	0.01394	0.01317	0.01973	0.01225	0.04865	0.49574	0.00673	0.18960	0.00600	0.00293	0.00564
25	0.01133	0.01069	0.01820	0.60073	0.16723	0.01264	0.02990	0.01501	0.01166	0.01535	0.01054	0.01539	0.00821	0.00730	0.04115	0.00220	0.00787	0.00517	0.00262	0.00681
26	0.00885	0.07434	0.01063	0.01116	0.10324	0.00742	0.00703	0.01036	0.01157	0.01562	0.06223	0.48264	0.07149	0.04918	0.00755	0.00220	0.00401	0.01235	0.04266	0.00545
27	0.01133	0.01039	0.01749	0.71840	0.08805	0.01268	0.01585	0.01509	0.01165	0.03032	0.01046	0.01526	0.00786	0.00570	0.00572	0.00189	0.00751	0.00510	0.00265	0.00661
28	0.00947	0.00712	0.01097	0.00950	0.01144	0.00672	0.09795	0.01233	0.01488	0.04085	0.49283	0.06166	0.04061	0.01207	0.04103	0.00216	0.00433	0.04219	0.07613	0.00575
29	0.03644	0.05659	0.38264	0.01472	0.02066	0.01226	0.11117	0.05008	0.01306	0.09695	0.01454	0.11161	0.01231	0.00837	0.03137	0.00210	0.00750	0.00625	0.00353	0.00784

[dist]
# distance from previous block
# <min> <max>
1	4

[block]
# block no. 2 follows, 41 sequences, length 17
# corresponding to MSA columns:
# 203-219
name=unknown_C
#
# <colnr> <probs for GDERKNQSTAVLIFYWHMCP>
#	G	D	E	R	K	N	Q	S	T	A	V	L	I	F	Y	W	H	M	C	P
0	0.01338	0.01625	0.07643	0.02366	0.02960	0.01440	0.70067	0.01831	0.01342	0.01831	0.01150	0.01523	0.00860	0.00486	0.00667	0.00192	0.00957	0.00660	0.00287	0.00776
1	0.01345	0.01406	0.07629	0.20625	0.51572	0.01351	0.01720	0.04246	0.01308	0.01831	0.01069	0.01424	0.00862	0.00533	0.00566	0.00176	0.00709	0.00503	0.00284	0.00841
2	0.05298	0.70734	0.02734	0.00949	0.01406	0.02091	0.00930	0.01665	0.01187	0.01472	0.06310	0.01164	0.01071	0.00541	0.00389	0.00129	0.00579	0.00359	0.00278	0.00714
3	0.00997	0.00499	0.00735	0.00735	0.00741	0.00499	0.00492	0.00774	0.00768	0.01050	0.01037	0.01758	0.01017	0.01922	0.02145	0.79249	0.00485	0.00499	0.04338	0.00262
4	0.04891	0.01322	0.01619	0.01655	0.17164	0.01411	0.01111	0.23873	0.23375	0.12802	0.01680	0.01661	0.01229	0.00666	0.00562	0.00176	0.00556	0.00548	0.00519	0.03181
5	0.00792	0.00608	0.00738	0.00697	0.00867	0.00535	0.00521	0.01014	0.01462	0.01996	0.45991	0.10052	0.24116	0.01237	0.00661	0.00180	0.00291	0.01075	0.00574	0.06592
6	0.02000	0.01518	0.01711	0.07065	0.05367	0.01690	0.01141	0.60059	0.08254	0.03271	0.01409	0.01447	0.01015	0.00677	0.00573	0.00175	0.00628	0.00525	0.00536	0.00940
7	0.01212	0.12589	0.55338	0.01622	0.02364	0.01439	0.11478	0.01779	0.01234	0.01770	0.03364	0.01311	0.00891	0.00548	0.00542	0.00175	0.00813	0.00460	0.00260	0.00812
8	0.00865	0.00591	0.00776	0.00738	0.00875	0.00544	0.00550	0.01117	0.01572	0.04994	0.66611	0.11068	0.05101	0.01209	0.00676	0.00185	0.00284	0.01071	0.00624	0.00549
9	0.01193	0.00700	0.00907	0.00805	0.01012	0.00652	0.00621	0.01533	0.05999	0.17000	0.57081	0.03686	0.04394	0.01055	0.00649	0.00180	0.00324	0.00921	0.00642	0.00647
10	0.01590	0.24708	0.24537	0.01313	0.01863	0.01619	0.04420	0.13939	0.01492	0.10353	0.03868	0.01362	0.01023	0.00615	0.00583	0.00166	0.04901	0.00458	0.00366	0.00822
11	0.01292	0.01251	0.01937	0.35425	0.29557	0.05706	0.04821	0.04091	0.01295	0.01703	0.01197	0.04453	0.01023	0.00630	0.00585	0.00184	0.00729	0.03079	0.00299	0.00742
12	0.00752	0.00574	0.00691	0.00680	0.00824	0.00513	0.00503	0.00962	0.01458	0.01953	0.44596	0.12488	0.29271	0.01329	0.00681	0.00190	0.00283	0.01154	0.00586	0.00513
13	0.00779	0.00574	0.00808	0.00900	0.00982	0.00552	0.02396	0.00941	0.01170	0.01553	0.05070	0.51396	0.05140	0.01795	0.04271	0.00269	0.00450	0.19943	0.00517	0.00493
14	0.03676	0.01499	0.13424	0.07698	0.22115	0.01248	0.05060	0.11387	0.01549	0.24475	0.01453	0.01541	0.01020	0.00601	0.00567	0.00177	0.00656	0.00520	0.00441	0.00892
15	0.00719	0.00521	0.00682	0.00788	0.00847	0.00484	0.00546	0.00847	0.01173	0.01561	0.10474	0.63103	0.08893	0.01696	0.00724	0.00226	0.00333	0.05366	0.00540	0.00477
16	0.01733	0.09909	0.02987	0.06705	0.07757	0.39006	0.02878	0.03239	0.03949	0.01575	0.00973	0.01172	0.00806	0.00582	0.00584	0.00152	0.05321	0.00407	0.00302	0.09963

[dist]
# distance from previous block
# <min> <max>
3	5

[block]
# block no. 3 follows, 41 sequences, length 81
# corresponding to MSA columns:
# 226-306
name=unknown_D
#
# <colnr> <probs for GDERKNQSTAVLIFYWHMCP>
#	G	D	E	R	K	N	Q	S	T	A	V	L	I	F	Y	W	H	M	C	P
0	0.01584	0.59129	0.12138	0.01118	0.01643	0.05125	0.02857	0.01837	0.01229	0.07408	0.00953	0.01055	0.00790	0.00518	0.00419	0.00137	0.00657	0.00353	0.00284	0.00765
1	0.00781	0.00591	0.00684	0.00656	0.00827	0.00518	0.00494	0.00987	0.01461	0.03558	0.39169	0.04839	0.40778	0.01299	0.00673	0.00186	0.00285	0.01111	0.00582	0.00521
2	0.01382	0.48850	0.29405	0.01260	0.01869	0.01897	0.03305	0.01744	0.01177	0.01526	0.00886	0.01045	0.00735	0.00520	0.00471	0.00148	0.02403	0.00361	0.00245	0.00772
3	0.55460	0.03040	0.01013	0.00836	0.01189	0.04705	0.00682	0.03424	0.01195	0.11211	0.08067	0.01389	0.01188	0.00613	0.00426	0.00171	0.00466	0.00418	0.00421	0.04086
4	0.00762	0.00555	0.00717	0.00735	0.00840	0.00510	0.00529	0.00966	0.01420	0.01960	0.46472	0.29632	0.09973	0.01399	0.00693	0.00198	0.00292	0.01246	0.00589	0.00510
5	0.00697	0.00498	0.00664	0.00796	0.00830	0.00465	0.00531	0.00796	0.01095	0.01460	0.03153	0.79525	0.03783	0.01792	0.00730	0.00232	0.00332	0.01626	0.00531	0.00465
6	0.02137	0.02726	0.01621	0.01474	0.01768	0.77602	0.01105	0.02284	0.01621	0.01400	0.00884	0.01031	0.00737	0.00589	0.00516	0.00147	0.01031	0.00368	0.00295	0.00663
7	0.01258	0.06711	0.01517	0.29043	0.02218	0.01219	0.04505	0.09512	0.01318	0.01911	0.01290	0.01631	0.01009	0.00644	0.00629	0.00171	0.07839	0.00509	0.26411	0.00653
8	0.00994	0.00497	0.00745	0.00745	0.00745	0.00497	0.00497	0.00745	0.00745	0.00994	0.00994	0.01739	0.00994	0.01987	0.02235	0.83358	0.00497	0.00497	0.00248	0.00248
9	0.01226	0.00711	0.00909	0.00803	0.01023	0.00651	0.00620	0.03494	0.02941	0.18177	0.46592	0.07148	0.09781	0.01087	0.00647	0.00181	0.00337	0.00943	0.00627	0.02103
10	0.83938	0.01106	0.00841	0.00752	0.01106	0.01283	0.00619	0.01681	0.00973	0.02566	0.00796	0.00929	0.00619	0.00531	0.00354	0.00177	0.00442	0.00310	0.00354	0.00619
11	0.01080	0.01017	0.01716	0.78523	0.03940	0.01271	0.01589	0.01461	0.01144	0.01461	0.01017	0.01525	0.00762	0.00572	0.00572	0.00191	0.00762	0.00508	0.00254	0.00635
12	0.00831	0.00559	0.00645	0.00645	0.00653	0.00566	0.00373	0.00846	0.00838	0.01125	0.01783	0.03635	0.02032	0.74425	0.08320	0.00581	0.00625	0.00816	0.00344	0.00358
13	0.02387	0.01301	0.03002	0.01114	0.01541	0.10053	0.00922	0.12989	0.01766	0.53617	0.01930	0.01745	0.01258	0.00686	0.00562	0.00172	0.00573	0.00538	0.02920	0.00922
14	0.01080	0.01001	0.01678	0.76053	0.03836	0.01247	0.01551	0.01457	0.01145	0.01483	0.01044	0.01544	0.00785	0.00575	0.00566	0.00189	0.00747	0.00509	0.02878	0.00632
15	0.01381	0.01324	0.02259	0.11243	0.68868	0.01350	0.01738	0.01725	0.01286	0.01827	0.01070	0.01427	0.00891	0.00516	0.00567	0.00172	0.00688	0.00510	0.00280	0.00878
16	0.02137	0.02726	0.01621	0.01474	0.01768	0.77602	0.01105	0.02284	0.01621	0.01400	0.00884	0.01031	0.00737	0.00589	0.00516	0.00147	0.01031	0.00368	0.00295	0.00663
17	0.00830	0.00560	0.00652	0.00652	0.00662	0.00570	0.00382	0.00850	0.00840	0.01130	0.01776	0.03599	0.02017	0.72598	0.10126	0.00590	0.00649	0.00811	0.00343	0.00362
18	0.01195	0.01014	0.01182	0.00853	0.01346	0.00778	0.00682	0.03160	0.01238	0.01922	0.03914	0.01309	0.01025	0.00459	0.00437	0.00090	0.00423	0.00370	0.00356	0.78246
19	0.00956	0.00695	0.00831	0.03802	0.01049	0.02944	0.00601	0.01122	0.01261	0.06909	0.16716	0.28617	0.14369	0.07615	0.03699	0.00249	0.00432	0.01101	0.00507	0.06526
20	0.00697	0.00498	0.00664	0.00796	0.00830	0.00465	0.00531	0.00796	0.01095	0.01460	0.03153	0.79525	0.03783	0.01792	0.00730	0.00232	0.00332	0.01626	0.00531	0.00465
21	0.00682	0.00581	0.00588	0.00591	0.00783	0.00487	0.00446	0.00830	0.01304	0.01549	0.05727	0.05528	0.74325	0.01452	0.00679	0.00195	0.00295	0.02943	0.00531	0.00484
22	0.01304	0.01206	0.01974	0.40849	0.34584	0.01346	0.01622	0.07023	0.01326	0.01794	0.01068	0.01467	0.00839	0.00554	0.00570	0.00180	0.00717	0.00509	0.00290	0.00776
23	0.01250	0.02815	0.71461	0.01586	0.02402	0.01293	0.02021	0.01882	0.01239	0.07235	0.01116	0.01261	0.00775	0.00555	0.00546	0.00181	0.00819	0.00434	0.00275	0.00855
24	0.00732	0.00565	0.00676	0.00738	0.00864	0.00509	0.00552	0.00889	0.01258	0.01597	0.09545	0.30597	0.34925	0.01565	0.00712	0.00217	0.00340	0.12694	0.00538	0.00488
25	0.01609	0.01268	0.01359	0.01177	0.01528	0.01437	0.00928	0.13661	0.59669	0.07425	0.02181	0.02008	0.01609	0.00758	0.00580	0.00190	0.00481	0.00622	0.00589	0.00920
26	0.01466	0.01520	0.05040	0.15678	0.05419	0.11151	0.26686	0.09788	0.01473	0.04380	0.02646	0.01827	0.02880	0.04994	0.00738	0.00204	0.00807	0.02225	0.00347	0.00730
27	0.01349	0.01114	0.01450	0.30746	0.05251	0.04189	0.01177	0.06007	0.20106	0.07497	0.01893	0.05607	0.04512	0.00800	0.00599	0.00194	0.00608	0.05729	0.00435	0.00738
28	0.83938	0.01106	0.00841	0.00752	0.01106	0.01283	0.00619	0.01681	0.00973	0.02566	0.00796	0.00929	0.00619	0.00531	0.00354	0.00177	0.00442	0.00310	0.00354	0.00619
29	0.02083	0.01311	0.01465	0.01149	0.01554	0.01394	0.00940	0.46444	0.05110	0.19488	0.01691	0.02993	0.01205	0.00712	0.00557	0.00171	0.00546	0.00555	0.09719	0.00913
30	0.00692	0.00544	0.00626	0.00682	0.00802	0.00478	0.00483	0.00824	0.01229	0.01548	0.08433	0.37924	0.40537	0.01584	0.00700	0.00210	0.00307	0.01382	0.00536	0.00478
31	0.07927	0.11816	0.47590	0.03421	0.04034	0.08293	0.05732	0.01823	0.01229	0.01774	0.00976	0.01166	0.00732	0.00537	0.00513	0.00171	0.00803	0.00413	0.00260	0.00790
32	0.01183	0.01140	0.01585	0.01386	0.01395	0.01563	0.01139	0.01311	0.00913	0.01415	0.01059	0.09936	0.01113	0.01076	0.01693	0.00244	0.67147	0.00626	0.03471	0.00604
33	0.03743	0.01174	0.01286	0.01034	0.01391	0.01251	0.00839	0.35881	0.07722	0.15356	0.01713	0.01719	0.01230	0.00688	0.00523	0.00164	0.00492	0.00535	0.22415	0.00843
34	0.01021	0.00918	0.00869	0.00829	0.01001	0.12371	0.00624	0.01234	0.01511	0.03568	0.41166	0.08817	0.19147	0.01181	0.00656	0.00184	0.00408	0.03395	0.00550	0.00551
35	0.01311	0.01446	0.03833	0.18852	0.05615	0.09818	0.24673	0.01631	0.01205	0.01575	0.01099	0.04685	0.00943	0.00802	0.03322	0.00223	0.17407	0.00593	0.00283	0.00685
36	0.00807	0.00583	0.00762	0.00721	0.00854	0.00538	0.00539	0.01073	0.01606	0.02274	0.74262	0.06097	0.05358	0.01184	0.00676	0.00181	0.00271	0.01049	0.00627	0.00538
37	0.00832	0.00555	0.00624	0.00624	0.00624	0.00555	0.00347	0.00832	0.00832	0.01109	0.01802	0.03743	0.02080	0.79898	0.02911	0.00555	0.00555	0.00832	0.00347	0.00347
38	0.03316	0.03257	0.03498	0.23278	0.08347	0.30549	0.06115	0.07123	0.01466	0.01716	0.01044	0.01320	0.00821	0.00578	0.00538	0.00166	0.00828	0.00458	0.04880	0.00702
39	0.00994	0.00497	0.00745	0.00745	0.00745	0.00497	0.00497	0.00745	0.00745	0.00994	0.00994	0.01739	0.00994	0.01987	0.02235	0.83358	0.00497	0.00497	0.00248	0.00248
40	0.00922	0.00658	0.00922	0.01053	0.01185	0.00658	0.00922	0.01185	0.01317	0.01712	0.03029	0.06452	0.03292	0.01580	0.00790	0.00263	0.00527	0.72480	0.00527	0.00527
41	0.01416	0.01359	0.02322	0.03511	0.76330	0.01359	0.01755	0.01755	0.01302	0.01869	0.01076	0.01416	0.00906	0.00510	0.00566	0.00170	0.00680	0.00510	0.00283	0.00906
42	0.01928	0.02271	0.01596	0.01454	0.03405	0.57038	0.03937	0.03523	0.04039	0.04410	0.01301	0.04452	0.03882	0.00755	0.02046	0.00175	0.02271	0.00493	0.00343	0.00680
43	0.01328	0.01508	0.03284	0.02357	0.02917	0.01414	0.71777	0.01797	0.01341	0.01820	0.01224	0.04162	0.00966	0.00526	0.00677	0.00194	0.00943	0.00707	0.00297	0.00761
44	0.04571	0.01417	0.08088	0.16184	0.55035	0.01338	0.01711	0.01706	0.01255	0.01821	0.01051	0.01399	0.00856	0.00524	0.00557	0.00175	0.00698	0.00495	0.00278	0.00843
45	0.01956	0.02368	0.01488	0.01355	0.01620	0.63456	0.01022	0.02158	0.03591	0.01513	0.01035	0.01201	0.00852	0.00620	0.00556	0.00151	0.03915	0.00401	0.10089	0.00653
46	0.00817	0.00613	0.00919	0.00919	0.01021	0.00715	0.00715	0.01021	0.00919	0.01328	0.01532	0.02247	0.01430	0.04290	0.77631	0.00919	0.01532	0.00613	0.00306	0.00511
47	0.01133	0.00653	0.00743	0.09801	0.01119	0.00693	0.00581	0.05652	0.01281	0.02140	0.01736	0.02016	0.01354	0.00656	0.00430	0.00142	0.00347	0.00529	0.68423	0.00571
48	0.02460	0.00977	0.01317	0.01005	0.01452	0.00835	0.00828	0.02684	0.01602	0.70967	0.02161	0.01888	0.01372	0.00686	0.00564	0.00170	0.00482	0.00557	0.00680	0.07314
49	0.01091	0.01031	0.01718	0.73737	0.03788	0.01301	0.01568	0.01456	0.01127	0.01456	0.01000	0.01508	0.00762	0.00599	0.00653	0.00194	0.05615	0.00508	0.00254	0.00635
50	0.01944	0.02159	0.01595	0.01482	0.05397	0.45790	0.01090	0.12674	0.18457	0.01961	0.01290	0.01349	0.01007	0.00642	0.00541	0.00162	0.00826	0.00459	0.00399	0.00774
51	0.01529	0.80242	0.02997	0.00979	0.01468	0.02263	0.00979	0.01713	0.01162	0.01346	0.00795	0.00918	0.00734	0.00489	0.00367	0.00122	0.00612	0.00306	0.00245	0.00734
52	0.00687	0.00583	0.00595	0.00601	0.00791	0.00491	0.00457	0.00837	0.01304	0.01553	0.05669	0.05548	0.72805	0.01455	0.00681	0.00196	0.00300	0.04431	0.00531	0.00485
53	0.00817	0.00613	0.00919	0.00919	0.01021	0.00715	0.00715	0.01021	0.00919	0.01328	0.01532	0.02247	0.01430	0.04290	0.77631	0.00919	0.01532	0.00613	0.00306	0.00511
54	0.08637	0.02576	0.01561	0.01413	0.01716	0.70094	0.01066	0.03610	0.01590	0.01535	0.00886	0.01030	0.00732	0.00587	0.00504	0.00150	0.00977	0.00367	0.00305	0.00666
55	0.01033	0.00737	0.00972	0.01052	0.01213	0.00755	0.00909	0.06547	0.03531	0.01888	0.02835	0.05763	0.02996	0.01450	0.00750	0.00249	0.00520	0.61913	0.04316	0.00570
56	0.00900	0.00645	0.00896	0.01025	0.01151	0.00641	0.00883	0.01149	0.01301	0.01690	0.03096	0.11694	0.04874	0.01593	0.00783	0.00260	0.00508	0.65864	0.00527	0.00521
57	0.00677	0.00576	0.00583	0.00588	0.00775	0.00482	0.00438	0.00820	0.01296	0.01542	0.05691	0.08406	0.73263	0.01462	0.00678	0.00195	0.00291	0.01224	0.00531	0.00482
58	0.02992	0.00980	0.01581	0.64596	0.03414	0.01199	0.01418	0.04185	0.01152	0.01514	0.01023	0.01531	0.00795	0.00743	0.00764	0.10024	0.00719	0.00503	0.00268	0.00602
59	0.00711	0.00506	0.00672	0.00800	0.00835	0.00476	0.00539	0.00813	0.01093	0.01456	0.03095	0.73740	0.03697	0.04845	0.00818	0.00246	0.00348	0.04324	0.00524	0.00462
60	0.01222	0.01211	0.01724	0.01478	0.01497	0.01671	0.02682	0.01360	0.00889	0.01382	0.00816	0.01329	0.00802	0.01229	0.07337	0.00298	0.71686	0.00512	0.00255	0.00620
61	0.02566	0.00973	0.01327	0.01018	0.01460	0.00841	0.00841	0.02788	0.01637	0.76726	0.02257	0.01947	0.01416	0.00708	0.00575	0.00177	0.00487	0.00575	0.00708	0.00973
62	0.01093	0.01030	0.01739	0.75641	0.06721	0.01274	0.01595	0.01473	0.01150	0.01477	0.01019	0.01521	0.00768	0.00569	0.00572	0.00190	0.00759	0.00508	0.00255	0.00646
63	0.01246	0.01231	0.01717	0.01474	0.01478	0.01717	0.01227	0.01375	0.00885	0.01398	0.00783	0.01277	0.00771	0.00992	0.01835	0.00247	0.76599	0.00501	0.02624	0.00623
64	0.01987	0.04634	0.01874	0.01603	0.03600	0.60413	0.09759	0.03928	0.04068	0.01546	0.00978	0.01143	0.00796	0.00581	0.00535	0.00155	0.00975	0.00419	0.00309	0.00699
65	0.01082	0.01009	0.01805	0.44986	0.03000	0.01142	0.15060	0.01378	0.01131	0.01481	0.01324	0.09209	0.02389	0.00850	0.00819	0.09020	0.02763	0.00659	0.00292	0.00601
66	0.01076	0.00818	0.00940	0.00862	0.01083	0.00842	0.00661	0.01778	0.26361	0.05627	0.37302	0.03632	0.14604	0.01058	0.00639	0.00187	0.00344	0.00909	0.00602	0.00674
67	0.01529	0.80242	0.02997	0.00979	0.01468	0.02263	0.00979	0.01713	0.01162	0.01346	0.00795	0.00918	0.00734	0.00489	0.00367	0.00122	0.00612	0.00306	0.00245	0.00734
68	0.07328	0.01493	0.03091	0.02299	0.05579	0.01443	0.63457	0.01801	0.01303	0.01870	0.01113	0.01483	0.00847	0.00506	0.00692	0.00193	0.03814	0.00636	0.00292	0.00760
69	0.02566	0.00973	0.01327	0.01018	0.01460	0.00841	0.00841	0.02788	0.01637	0.76726	0.02257	0.01947	0.01416	0.00708	0.00575	0.00177	0.00487	0.00575	0.00708	0.00973
70	0.01080	0.01017	0.01716	0.78523	0.03940	0.01271	0.01589	0.01461	0.01144	0.01461	0.01017	0.01525	0.00762	0.00572	0.00572	0.00191	0.00762	0.00508	0.00254	0.00635
71	0.78019	0.01142	0.00904	0.00793	0.01155	0.01319	0.00653	0.06947	0.01098	0.02641	0.00838	0.00961	0.00645	0.00542	0.00370	0.00177	0.00456	0.00325	0.00370	0.00645
72	0.00697	0.00498	0.00664	0.00796	0.00830	0.00465	0.00531	0.00796	0.01095	0.01460	0.03153	0.79525	0.03783	0.01792	0.00730	0.00232	0.00332	0.01626	0.00531	0.00465
73	0.00862	0.00605	0.00706	0.00687	0.00687	0.00641	0.00412	0.00871	0.00835	0.01128	0.01726	0.03563	0.01983	0.74187	0.02836	0.00533	0.06223	0.00808	0.00340	0.00367
74	0.00957	0.00588	0.00688	0.00666	0.00703	0.00583	0.00399	0.00982	0.00894	0.06593	0.01823	0.03544	0.02002	0.70699	0.06168	0.00544	0.00594	0.00803	0.00371	0.00399
75	0.01147	0.02959	0.76934	0.01630	0.02476	0.01328	0.02113	0.01811	0.01208	0.01811	0.01026	0.01208	0.00725	0.00543	0.00543	0.00181	0.00845	0.00423	0.00242	0.00845
76	0.00922	0.00658	0.00922	0.01053	0.01185	0.00658	0.00922	0.01185	0.01317	0.01712	0.03029	0.06452	0.03292	0.01580	0.00790	0.00263	0.00527	0.72480	0.00527	0.00527
77	0.01353	0.01534	0.03327	0.02461	0.06352	0.01442	0.70929	0.01829	0.01348	0.01834	0.01153	0.01537	0.00870	0.00483	0.00670	0.00192	0.00951	0.00667	0.00289	0.00778
78	0.01264	0.02056	0.36114	0.02488	0.36572	0.01311	0.04647	0.01753	0.01276	0.01861	0.04493	0.01457	0.01028	0.00554	0.00565	0.00176	0.00747	0.00501	0.00280	0.00857
79	0.01040	0.00540	0.00783	0.00768	0.00785	0.00547	0.00520	0.03633	0.00821	0.01096	0.01008	0.01724	0.00993	0.01936	0.02170	0.80098	0.00502	0.00497	0.00261	0.00277
80	0.01210	0.01090	0.01732	0.68030	0.05592	0.01329	0.01537	0.09532	0.01319	0.01709	0.01058	0.01505	0.00789	0.00583	0.00572	0.00188	0.00746	0.00509	0.00290	0.00680

[dist]
# distance from previous block
# <min> <max>
0	34

[block]
# block no. 4 follows, 41 sequences, length 35
# corresponding to MSA columns:
# 341-375
name=unknown_E
#
# <colnr> <probs for GDERKNQSTAVLIFYWHMCP>
#	G	D	E	R	K	N	Q	S	T	A	V	L	I	F	Y	W	H	M	C	P
0	0.01066	0.00533	0.00533	0.00533	0.00666	0.00533	0.00400	0.01333	0.01200	0.02132	0.01866	0.02132	0.01466	0.00666	0.00400	0.00133	0.00267	0.00533	0.83073	0.00533
1	0.01406	0.01386	0.02475	0.03350	0.65623	0.01372	0.12339	0.01767	0.01309	0.01863	0.01088	0.01434	0.00900	0.00506	0.00582	0.00173	0.00721	0.00534	0.00284	0.00886
2	0.01186	0.01017	0.01186	0.00847	0.01356	0.00762	0.00678	0.01440	0.01186	0.01864	0.01017	0.01186	0.00847	0.00424	0.00424	0.00085	0.00424	0.00339	0.00339	0.83395
3	0.01618	0.68926	0.02796	0.01051	0.01512	0.13262	0.00997	0.01796	0.01229	0.01354	0.00808	0.00934	0.00734	0.00504	0.00389	0.00126	0.00673	0.00315	0.00252	0.00724
4	0.01850	0.00850	0.01122	0.00917	0.01239	0.00770	0.00735	0.03777	0.04388	0.44149	0.30148	0.02821	0.02924	0.00885	0.00613	0.00179	0.00407	0.00750	0.00671	0.00807
5	0.01208	0.13962	0.64303	0.01559	0.02346	0.01465	0.03978	0.01798	0.01205	0.01745	0.00997	0.01176	0.00730	0.00534	0.00522	0.00173	0.00815	0.00413	0.00243	0.00827
6	0.01417	0.01207	0.01270	0.01133	0.01456	0.01379	0.00884	0.07259	0.65752	0.02409	0.02508	0.02320	0.06821	0.00817	0.00588	0.00193	0.00452	0.00677	0.00578	0.00880
7	0.00818	0.00610	0.00903	0.00903	0.00999	0.00706	0.00694	0.01011	0.00914	0.01316	0.01547	0.02330	0.01466	0.08494	0.73477	0.00899	0.01478	0.00625	0.00309	0.00502
8	0.02098	0.07798	0.01714	0.01437	0.01749	0.70862	0.01096	0.03944	0.01616	0.01448	0.00890	0.01032	0.00742	0.00585	0.00507	0.00146	0.00994	0.00368	0.00298	0.00675
9	0.02497	0.01085	0.01397	0.01071	0.01516	0.01007	0.00885	0.15542	0.01824	0.63707	0.02099	0.01845	0.01337	0.00704	0.00575	0.00176	0.00512	0.00564	0.00684	0.00973
10	0.00697	0.00498	0.00664	0.00796	0.00830	0.00465	0.00531	0.00796	0.01095	0.01460	0.03153	0.79525	0.03783	0.01792	0.00730	0.00232	0.00332	0.01626	0.00531	0.00465
11	0.00689	0.00583	0.00597	0.00604	0.00794	0.00492	0.00460	0.00840	0.01304	0.01554	0.05653	0.05553	0.72368	0.01455	0.00682	0.00197	0.00302	0.04858	0.00531	0.00485
12	0.02014	0.02209	0.01666	0.01436	0.01730	0.46248	0.01122	0.21137	0.01790	0.01977	0.00993	0.01154	0.00801	0.00677	0.00735	0.00169	0.12615	0.00427	0.00361	0.00739
13	0.02206	0.00922	0.01231	0.00976	0.01359	0.00822	0.00794	0.02513	0.05737	0.60027	0.14708	0.02350	0.02106	0.00790	0.00592	0.00178	0.00448	0.00657	0.00688	0.00896
14	0.01251	0.01251	0.01752	0.01502	0.01502	0.01752	0.01251	0.01377	0.00876	0.01377	0.00751	0.01251	0.00751	0.01001	0.01877	0.00250	0.78851	0.00501	0.00250	0.00626
15	0.68665	0.01081	0.00932	0.00802	0.01173	0.01200	0.00661	0.01889	0.01098	0.16486	0.01071	0.01120	0.00769	0.00564	0.00395	0.00177	0.00451	0.00360	0.00420	0.00686
16	0.01100	0.01046	0.01794	0.73505	0.06076	0.01280	0.04236	0.01484	0.01156	0.01487	0.01024	0.01522	0.00771	0.00567	0.00575	0.00190	0.00767	0.00514	0.00256	0.00648
17	0.02437	0.00945	0.01286	0.00996	0.01416	0.00819	0.00819	0.02662	0.01636	0.71257	0.07677	0.02118	0.01708	0.00742	0.00583	0.00177	0.00471	0.00609	0.00702	0.00942
18	0.74700	0.01085	0.00873	0.00779	0.01123	0.01241	0.00636	0.03689	0.01050	0.05144	0.00980	0.04866	0.00814	0.00604	0.00386	0.00180	0.00444	0.00390	0.00381	0.00634
19	0.01323	0.01500	0.03265	0.02345	0.02902	0.01407	0.71256	0.01790	0.01340	0.01817	0.01238	0.04713	0.00986	0.00535	0.00677	0.00194	0.00939	0.00714	0.00299	0.00759
20	0.00994	0.00497	0.00745	0.00745	0.00745	0.00497	0.00497	0.00745	0.00745	0.00994	0.00994	0.01739	0.00994	0.01987	0.02235	0.83358	0.00497	0.00497	0.00248	0.00248
21	0.01080	0.01017	0.01716	0.78523	0.03940	0.01271	0.01589	0.01461	0.01144	0.01461	0.01017	0.01525	0.00762	0.00572	0.00572	0.00191	0.00762	0.00508	0.00254	0.00635
22	0.01001	0.00619	0.04515	0.00789	0.00831	0.00538	0.00577	0.00798	0.00768	0.01034	0.00995	0.01712	0.00980	0.01916	0.02152	0.79243	0.00514	0.00493	0.00248	0.00278
23	0.05223	0.00978	0.01312	0.01009	0.01449	0.00855	0.00833	0.02751	0.01615	0.74305	0.02209	0.01914	0.01390	0.00702	0.00568	0.00177	0.00485	0.00567	0.00696	0.00962
24	0.00978	0.00780	0.01080	0.01315	0.12071	0.00781	0.00912	0.01348	0.08377	0.01789	0.08080	0.14675	0.10763	0.01332	0.00709	0.00226	0.00473	0.33198	0.00505	0.00606
25	0.02047	0.02575	0.01707	0.01515	0.01814	0.69079	0.04852	0.02248	0.03475	0.01447	0.00931	0.01094	0.00770	0.00603	0.00573	0.00155	0.03746	0.00396	0.00300	0.00674
26	0.00680	0.00565	0.00594	0.00617	0.00782	0.00480	0.00451	0.00817	0.01268	0.01530	0.05338	0.18288	0.63609	0.01508	0.00685	0.00200	0.00297	0.01280	0.00531	0.00480
27	0.00907	0.00644	0.00881	0.00991	0.01107	0.00642	0.00840	0.01140	0.01270	0.01660	0.05395	0.06056	0.03221	0.10839	0.01037	0.00295	0.00521	0.61538	0.00509	0.00506
28	0.01322	0.38225	0.43195	0.01333	0.02016	0.01755	0.01596	0.01766	0.01187	0.01599	0.00921	0.01075	0.00729	0.00519	0.00463	0.00154	0.00739	0.00369	0.00243	0.00795
29	0.01529	0.80242	0.02997	0.00979	0.01468	0.02263	0.00979	0.01713	0.01162	0.01346	0.00795	0.00918	0.00734	0.00489	0.00367	0.00122	0.00612	0.00306	0.00245	0.00734
30	0.00922	0.00658	0.00922	0.01053	0.01185	0.00658	0.00922	0.01185	0.01317	0.01712	0.03029	0.06452	0.03292	0.01580	0.00790	0.00263	0.00527	0.72480	0.00527	0.00527
31	0.00721	0.00537	0.00766	0.00857	0.00911	0.00502	0.03306	0.00835	0.01105	0.01474	0.03077	0.76590	0.03673	0.01743	0.00728	0.00231	0.00356	0.01590	0.00522	0.00476
32	0.01193	0.01116	0.01864	0.63227	0.03605	0.01341	0.07957	0.07037	0.01270	0.01654	0.01047	0.01505	0.00787	0.00588	0.00627	0.00191	0.03512	0.00523	0.00281	0.00673
33	0.02338	0.01147	0.08012	0.01065	0.01527	0.00894	0.00945	0.04593	0.01627	0.64187	0.05965	0.01987	0.01550	0.00717	0.00577	0.00177	0.00511	0.00584	0.00659	0.00939
34	0.02370	0.01162	0.05116	0.01081	0.01549	0.00992	0.00930	0.12761	0.01741	0.58885	0.02008	0.01791	0.01290	0.00682	0.00565	0.00172	0.00521	0.00547	0.00647	0.05189

[dist]
# distance from previous block
# <min> <max>
0	2

[block]
# block no. 5 follows, 41 sequences, length 105
# corresponding to MSA columns:
# 378-482
name=unknown_F
#
# <colnr> <probs for GDERKNQSTAVLIFYWHMCP>
#	G	D	E	R	K	N	Q	S	T	A	V	L	I	F	Y	W	H	M	C	P
0	0.00695	0.00580	0.00606	0.00599	0.00784	0.00491	0.00450	0.00858	0.01349	0.01652	0.15843	0.05328	0.65983	0.01409	0.00676	0.00191	0.00287	0.01182	0.00545	0.00491
1	0.01470	0.01008	0.01215	0.00882	0.01377	0.00779	0.00711	0.01717	0.01279	0.17265	0.01272	0.01343	0.00964	0.00482	0.00455	0.00104	0.00437	0.00388	0.00415	0.66438
2	0.01186	0.01017	0.01186	0.00847	0.01356	0.00762	0.00678	0.01440	0.01186	0.01864	0.01017	0.01186	0.00847	0.00424	0.00424	0.00085	0.00424	0.00339	0.00339	0.83395
3	0.02078	0.01667	0.01655	0.01313	0.01738	0.09221	0.01067	0.58488	0.11543	0.03237	0.01443	0.01433	0.01045	0.00688	0.00568	0.00172	0.00647	0.00517	0.00546	0.00934
4	0.01113	0.01037	0.01675	0.71006	0.03701	0.01286	0.01522	0.01615	0.08349	0.01552	0.01144	0.01584	0.00858	0.00592	0.00573	0.00191	0.00732	0.00522	0.00286	0.00662
5	0.01957	0.01449	0.01659	0.01474	0.08929	0.01587	0.01096	0.49736	0.13371	0.07281	0.01544	0.01558	0.01125	0.00823	0.03549	0.00204	0.00634	0.00541	0.00543	0.00938
6	0.01555	0.01295	0.01368	0.01191	0.01538	0.01485	0.00937	0.15636	0.62484	0.02607	0.02160	0.02000	0.01610	0.00760	0.00580	0.00190	0.00484	0.00623	0.00580	0.00917
7	0.00817	0.00611	0.00912	0.00912	0.01012	0.00711	0.00706	0.01017	0.00917	0.01323	0.01538	0.02282	0.01445	0.06042	0.75900	0.00911	0.01509	0.00618	0.00307	0.00507
8	0.02137	0.02726	0.01621	0.01474	0.01768	0.77602	0.01105	0.02284	0.01621	0.01400	0.00884	0.01031	0.00737	0.00589	0.00516	0.00147	0.01031	0.00368	0.00295	0.00663
9	0.02137	0.02726	0.01621	0.01474	0.01768	0.77602	0.01105	0.02284	0.01621	0.01400	0.00884	0.01031	0.00737	0.00589	0.00516	0.00147	0.01031	0.00368	0.00295	0.00663
10	0.00707	0.00505	0.00672	0.00790	0.00832	0.00471	0.00532	0.00821	0.01141	0.01532	0.09468	0.73004	0.03923	0.01738	0.00725	0.00228	0.00326	0.01575	0.00540	0.00471
11	0.00676	0.00579	0.00579	0.00579	0.00773	0.00483	0.00435	0.00821	0.01304	0.01545	0.05794	0.05505	0.76098	0.01449	0.00676	0.00193	0.00290	0.01207	0.00531	0.00483
12	0.02087	0.02609	0.01631	0.01471	0.01753	0.71042	0.01113	0.04360	0.01610	0.01464	0.00891	0.01054	0.00745	0.00616	0.00595	0.00154	0.05455	0.00380	0.00300	0.00670
13	0.02566	0.00973	0.01327	0.01018	0.01460	0.00841	0.00841	0.02788	0.01637	0.76726	0.02257	0.01947	0.01416	0.00708	0.00575	0.00177	0.00487	0.00575	0.00708	0.00973
14	0.01066	0.00533	0.00533	0.00533	0.00666	0.00533	0.00400	0.01333	0.01200	0.02132	0.01866	0.02132	0.01466	0.00666	0.00400	0.00133	0.00267	0.00533	0.83073	0.00533
15	0.83938	0.01106	0.00841	0.00752	0.01106	0.01283	0.00619	0.01681	0.00973	0.02566	0.00796	0.00929	0.00619	0.00531	0.00354	0.00177	0.00442	0.00310	0.00354	0.00619
16	0.02187	0.01537	0.01671	0.01286	0.01738	0.01683	0.01061	0.66188	0.04661	0.09907	0.01477	0.01445	0.01033	0.00691	0.00573	0.00173	0.00612	0.00524	0.00584	0.00971
17	0.04527	0.01463	0.01579	0.01229	0.01660	0.01602	0.01010	0.58699	0.06569	0.09775	0.01509	0.01488	0.01067	0.00688	0.00559	0.00172	0.00585	0.00522	0.04360	0.00938
18	0.83938	0.01106	0.00841	0.00752	0.01106	0.01283	0.00619	0.01681	0.00973	0.02566	0.00796	0.00929	0.00619	0.00531	0.00354	0.00177	0.00442	0.00310	0.00354	0.00619
19	0.01905	0.02370	0.02047	0.01699	0.02048	0.55638	0.18625	0.02131	0.01519	0.01502	0.00943	0.01165	0.00769	0.00584	0.00621	0.00163	0.04843	0.00448	0.00291	0.00687
20	0.00994	0.00497	0.00745	0.00745	0.00745	0.00497	0.00497	0.00745	0.00745	0.00994	0.00994	0.01739	0.00994	0.01987	0.02235	0.83358	0.00497	0.00497	0.00248	0.00248
21	0.01200	0.01304	0.09179	0.35131	0.32239	0.01255	0.01607	0.01562	0.01188	0.01629	0.01103	0.01627	0.00920	0.06834	0.00752	0.00210	0.00721	0.00526	0.00272	0.00740
22	0.01205	0.02347	0.49921	0.09507	0.18142	0.01347	0.03232	0.01750	0.01212	0.01774	0.01028	0.01290	0.00770	0.00554	0.00601	0.00182	0.03600	0.00457	0.00253	0.00829
23	0.02566	0.00973	0.01327	0.01018	0.01460	0.00841	0.00841	0.02788	0.01637	0.76726	0.02257	0.01947	0.01416	0.00708	0.00575	0.00177	0.00487	0.00575	0.00708	0.00973
24	0.00697	0.00498	0.00664	0.00796	0.00830	0.00465	0.00531	0.00796	0.01095	0.01460	0.03153	0.79525	0.03783	0.01792	0.00730	0.00232	0.00332	0.01626	0.00531	0.00465
25	0.01391	0.02018	0.27755	0.04393	0.41731	0.07775	0.01807	0.03161	0.01319	0.01832	0.01047	0.01314	0.00828	0.00533	0.00554	0.00172	0.00767	0.00468	0.00275	0.00860
26	0.00793	0.00582	0.00715	0.00693	0.00840	0.00523	0.00515	0.01013	0.01487	0.03303	0.49120	0.11092	0.24634	0.01292	0.00678	0.00188	0.00284	0.01125	0.00595	0.00525
27	0.01121	0.00617	0.00655	0.00626	0.00780	0.00639	0.00479	0.06511	0.01278	0.02159	0.01798	0.02090	0.01427	0.01020	0.07917	0.00212	0.00415	0.00540	0.69152	0.00562
28	0.01387	0.01523	0.09620	0.03278	0.65814	0.01360	0.05091	0.01764	0.01295	0.01861	0.01075	0.01401	0.00887	0.00512	0.00569	0.00172	0.00709	0.00509	0.00279	0.00894
29	0.01337	0.01464	0.09613	0.18583	0.47895	0.01354	0.05963	0.03676	0.01301	0.01824	0.01072	0.01424	0.00858	0.00529	0.00572	0.00177	0.00728	0.00511	0.00281	0.00839
30	0.00922	0.00658	0.00922	0.01053	0.01185	0.00658	0.00922	0.01185	0.01317	0.01712	0.03029	0.06452	0.03292	0.01580	0.00790	0.00263	0.00527	0.72480	0.00527	0.00527
31	0.01396	0.01219	0.01368	0.01372	0.08735	0.01384	0.00971	0.02837	0.65516	0.02312	0.02328	0.02182	0.04268	0.00774	0.00584	0.00192	0.00469	0.00653	0.00551	0.00891
32	0.01326	0.34453	0.34699	0.06240	0.09327	0.01712	0.01580	0.01744	0.01194	0.01604	0.00936	0.01128	0.00748	0.00520	0.00475	0.00156	0.00728	0.00388	0.00248	0.00793
33	0.02060	0.10229	0.01757	0.01426	0.01734	0.68760	0.01096	0.02210	0.01561	0.01394	0.00873	0.01025	0.00737	0.00588	0.00529	0.00147	0.02551	0.00365	0.00289	0.00669
34	0.83938	0.01106	0.00841	0.00752	0.01106	0.01283	0.00619	0.01681	0.00973	0.02566	0.00796	0.00929	0.00619	0.00531	0.00354	0.00177	0.00442	0.00310	0.00354	0.00619
35	0.00806	0.00585	0.00759	0.00716	0.00852	0.00538	0.00537	0.01072	0.01610	0.02272	0.74033	0.04308	0.07405	0.01177	0.00675	0.00180	0.00270	0.01039	0.00627	0.00538
36	0.76031	0.01093	0.00888	0.00778	0.01141	0.01240	0.00641	0.01789	0.01038	0.09773	0.00938	0.01028	0.00697	0.00548	0.00375	0.00177	0.00447	0.00336	0.00388	0.00654
37	0.01320	0.01012	0.01200	0.00864	0.01366	0.00770	0.00694	0.01571	0.01230	0.09138	0.01137	0.01260	0.00902	0.00451	0.00438	0.00094	0.00430	0.00362	0.00375	0.75386
38	0.01529	0.80242	0.02997	0.00979	0.01468	0.02263	0.00979	0.01713	0.01162	0.01346	0.00795	0.00918	0.00734	0.00489	0.00367	0.00122	0.00612	0.00306	0.00245	0.00734
39	0.00697	0.00498	0.00664	0.00796	0.00830	0.00465	0.00531	0.00796	0.01095	0.01460	0.03153	0.79525	0.03783	0.01792	0.00730	0.00232	0.00332	0.01626	0.00531	0.00465
40	0.00820	0.00592	0.00780	0.00752	0.00887	0.00551	0.00577	0.01090	0.01590	0.02237	0.68933	0.04484	0.05192	0.01209	0.00686	0.00188	0.00295	0.07979	0.00620	0.00538
41	0.01423	0.01229	0.01293	0.01164	0.01487	0.01423	0.00905	0.03039	0.75297	0.02393	0.02328	0.02134	0.01746	0.00776	0.00582	0.00194	0.00453	0.00647	0.00582	0.00905
42	0.01217	0.01201	0.01686	0.01456	0.01464	0.01670	0.01209	0.01348	0.00879	0.01373	0.00813	0.01330	0.00805	0.01262	0.07884	0.00303	0.72720	0.00509	0.00255	0.00617
43	0.02137	0.02726	0.01621	0.01474	0.01768	0.77602	0.01105	0.02284	0.01621	0.01400	0.00884	0.01031	0.00737	0.00589	0.00516	0.00147	0.01031	0.00368	0.00295	0.00663
44	0.00710	0.00599	0.00618	0.00610	0.00801	0.00515	0.00458	0.00909	0.03450	0.01642	0.12520	0.05289	0.67102	0.01402	0.00673	0.00192	0.00292	0.01174	0.00542	0.00500
45	0.00758	0.00584	0.00693	0.00670	0.00829	0.00519	0.00505	0.00978	0.01486	0.01981	0.46277	0.04813	0.33765	0.01290	0.00678	0.00187	0.00283	0.02599	0.00588	0.00517
46	0.00697	0.00498	0.00664	0.00796	0.00830	0.00465	0.00531	0.00796	0.01095	0.01460	0.03153	0.79525	0.03783	0.01792	0.00730	0.00232	0.00332	0.01626	0.00531	0.00465
47	0.02101	0.01566	0.01675	0.01301	0.01746	0.01740	0.01070	0.67486	0.09745	0.03487	0.01466	0.01447	0.01048	0.00695	0.00573	0.00174	0.00612	0.00528	0.00573	0.00966
48	0.02552	0.00996	0.01341	0.01028	0.01471	0.00874	0.00850	0.05354	0.01675	0.74106	0.02225	0.01926	0.01400	0.00707	0.00575	0.00177	0.00492	0.00573	0.00703	0.00973
49	0.00803	0.00575	0.00778	0.00799	0.00855	0.00620	0.00560	0.00921	0.00918	0.01274	0.01884	0.15131	0.02028	0.29689	0.39822	0.00685	0.01006	0.00850	0.00356	0.00447
50	0.01416	0.01359	0.02322	0.03511	0.76330	0.01359	0.01755	0.01755	0.01302	0.01869	0.01076	0.01416	0.00906	0.00510	0.00566	0.00170	0.00680	0.00510	0.00283	0.00906
51	0.01859	0.01738	0.01554	0.08027	0.01843	0.23384	0.01065	0.32956	0.09490	0.02534	0.08552	0.01647	0.01395	0.00705	0.00567	0.00169	0.00704	0.00536	0.00471	0.00805
52	0.79468	0.01121	0.00881	0.00777	0.01137	0.01292	0.00640	0.04309	0.01047	0.04008	0.00845	0.00964	0.00647	0.00540	0.00366	0.00177	0.00450	0.00322	0.00368	0.00639
53	0.14694	0.01476	0.12547	0.07865	0.01839	0.02957	0.01134	0.15856	0.05548	0.24492	0.01474	0.01491	0.01020	0.00655	0.00597	0.00182	0.04359	0.00490	0.00481	0.00843
54	0.01334	0.01622	0.07994	0.02329	0.02903	0.01450	0.67051	0.01815	0.01324	0.01815	0.01134	0.01511	0.00855	0.00505	0.00710	0.00194	0.03748	0.00653	0.00285	0.00771
55	0.00856	0.00658	0.00953	0.00920	0.01050	0.00738	0.00716	0.01059	0.00938	0.01367	0.01480	0.02172	0.01382	0.05448	0.68338	0.00831	0.03111	0.00593	0.00309	0.07082
56	0.02061	0.01335	0.01552	0.07331	0.01805	0.01430	0.01030	0.47297	0.02222	0.19284	0.02884	0.06281	0.01296	0.00757	0.00584	0.00178	0.00585	0.00603	0.00575	0.00908
57	0.01345	0.01338	0.04753	0.03047	0.60509	0.01321	0.01647	0.01672	0.01267	0.01812	0.01238	0.01885	0.01119	0.00654	0.00691	0.00186	0.06869	0.07499	0.00303	0.00845
58	0.02528	0.00965	0.01315	0.01011	0.01447	0.00834	0.00834	0.02750	0.01637	0.75091	0.03877	0.01998	0.01503	0.00718	0.00577	0.00177	0.00482	0.00585	0.00706	0.00964
59	0.00702	0.00520	0.00656	0.00750	0.00821	0.00474	0.00514	0.00823	0.01175	0.01542	0.09417	0.59951	0.17204	0.01680	0.00716	0.00221	0.00319	0.01502	0.00539	0.00474
60	0.05010	0.01600	0.08923	0.01272	0.01761	0.01541	0.01125	0.51589	0.02291	0.16900	0.01483	0.01448	0.01018	0.00671	0.00562	0.00174	0.00617	0.00510	0.00557	0.00948
61	0.00859	0.00675	0.01000	0.00976	0.01068	0.00816	0.00767	0.01056	0.00915	0.01333	0.01456	0.02150	0.01364	0.03970	0.70270	0.00854	0.09045	0.00602	0.00301	0.00522
62	0.00830	0.00560	0.00654	0.00654	0.00664	0.00571	0.00384	0.00851	0.00841	0.01131	0.01775	0.03592	0.02014	0.72253	0.10466	0.00591	0.00653	0.00810	0.00343	0.00363
63	0.01195	0.11328	0.67122	0.01604	0.04117	0.01431	0.01981	0.01799	0.01205	0.01762	0.01002	0.01181	0.00730	0.00537	0.00525	0.00174	0.00816	0.00412	0.00243	0.00835
64	0.00898	0.00677	0.00866	0.00913	0.00995	0.00706	0.00664	0.08021	0.01252	0.01679	0.02849	0.59368	0.05091	0.01600	0.00808	0.00229	0.06598	0.05744	0.00512	0.00531
65	0.00904	0.00646	0.00901	0.01033	0.01157	0.00643	0.00891	0.01154	0.01299	0.01692	0.03038	0.12246	0.03331	0.01597	0.00785	0.00261	0.00511	0.66862	0.00527	0.00522
