[name]
unknown

[dist]
# distance from previous block
# <min> <max>
0	37

[block]
# block no. 0 follows, 45 sequences, length 15
# corresponding to MSA columns:
# 38-52
name=unknown_A
#
# <colnr> <probs for GDERKNQSTAVLIFYWHMCP>
#	G	D	E	R	K	N	Q	S	T	A	V	L	I	F	Y	W	H	M	C	P
0	0.01983	0.01275	0.01462	0.03683	0.01615	0.01360	0.00970	0.50525	0.02141	0.19751	0.01603	0.01845	0.01196	0.00721	0.00556	0.00171	0.00556	0.07171	0.00552	0.00865
1	0.01155	0.00751	0.00945	0.00945	0.02950	0.00751	0.00696	0.12731	0.04376	0.10947	0.06654	0.39000	0.02729	0.03109	0.00687	0.00208	0.00408	0.09836	0.00521	0.00601
2	0.00918	0.00556	0.00696	0.00714	0.00821	0.00511	0.00496	0.01021	0.01081	0.11811	0.02998	0.39417	0.16088	0.16213	0.03858	0.00283	0.00403	0.01149	0.00482	0.00485
3	0.00715	0.00545	0.00743	0.10357	0.01118	0.00543	0.00600	0.00853	0.01080	0.01429	0.09974	0.51471	0.09878	0.07122	0.00803	0.00227	0.00367	0.01257	0.00463	0.00456
4	0.01060	0.00968	0.01596	0.58106	0.13930	0.01123	0.01385	0.01365	0.01073	0.01424	0.00961	0.01407	0.00755	0.00606	0.00629	0.05740	0.00666	0.00465	0.00248	0.06493
5	0.01705	0.00996	0.01226	0.06518	0.01475	0.01022	0.00835	0.19380	0.11239	0.28212	0.13800	0.07604	0.01973	0.00799	0.00565	0.00172	0.00460	0.00668	0.00566	0.00785
6	0.06888	0.00688	0.00797	0.00779	0.00906	0.00700	0.00554	0.11241	0.01228	0.04756	0.07240	0.36633	0.04424	0.17781	0.02669	0.00276	0.00424	0.01037	0.00465	0.00514
7	0.01262	0.00901	0.01073	0.00796	0.01226	0.00700	0.00635	0.01489	0.01174	0.12488	0.01347	0.03961	0.03202	0.00514	0.00433	0.00101	0.00393	0.00420	0.03969	0.63916
8	0.00955	0.02328	0.00888	0.06309	0.01102	0.00699	0.00604	0.03822	0.06545	0.04229	0.03817	0.26055	0.06438	0.17531	0.01123	0.05818	0.00428	0.00893	0.00414	0.10001
9	0.00906	0.00690	0.00879	0.11939	0.01293	0.00714	0.00693	0.08393	0.03216	0.01787	0.15078	0.25922	0.14990	0.01162	0.00610	0.00187	0.00387	0.04264	0.06352	0.00538
10	0.04587	0.01061	0.01162	0.01014	0.02922	0.03562	0.00778	0.20360	0.13372	0.07832	0.01764	0.12716	0.03236	0.00914	0.03663	0.00188	0.01897	0.00639	0.06365	0.11966
11	0.01027	0.00761	0.00947	0.00873	0.01030	0.00783	0.02310	0.10577	0.02477	0.05841	0.02671	0.31876	0.15547	0.08877	0.00932	0.00225	0.07887	0.01016	0.00460	0.03882
12	0.01244	0.00995	0.01468	0.46006	0.05410	0.01150	0.01212	0.11563	0.02815	0.07074	0.01240	0.04979	0.01020	0.06274	0.00721	0.00199	0.02463	0.00546	0.00336	0.03284
13	0.01438	0.00983	0.01178	0.07689	0.01431	0.01016	0.00787	0.20151	0.06725	0.12690	0.01579	0.07843	0.01378	0.15375	0.00965	0.00224	0.03003	0.00608	0.01913	0.13026
14	0.01248	0.01019	0.01442	0.23560	0.19164	0.04556	0.01132	0.05170	0.01236	0.09682	0.01778	0.11708	0.08295	0.03443	0.00686	0.00189	0.03983	0.00679	0.00365	0.00662

[dist]
# distance from previous block
# <min> <max>
40	63

[block]
# block no. 1 follows, 45 sequences, length 61
# corresponding to MSA columns:
# 139-199
name=unknown_B
#
# <colnr> <probs for GDERKNQSTAVLIFYWHMCP>
#	G	D	E	R	K	N	Q	S	T	A	V	L	I	F	Y	W	H	M	C	P
0	0.01176	0.06957	0.03101	0.02477	0.01290	0.02421	0.04072	0.08340	0.01318	0.07160	0.09003	0.17917	0.07312	0.00851	0.00532	0.00150	0.00443	0.00732	0.00425	0.24322
1	0.02920	0.04201	0.10401	0.02373	0.01388	0.00941	0.00862	0.06836	0.06538	0.07401	0.01620	0.14568	0.04017	0.00741	0.00538	0.00146	0.02849	0.00610	0.00393	0.30657
2	0.01253	0.01098	0.06569	0.13522	0.05273	0.05068	0.00947	0.05901	0.09444	0.10278	0.04475	0.15876	0.03640	0.04622	0.00655	0.00185	0.00520	0.00705	0.00418	0.09551
3	0.01412	0.09561	0.05089	0.01409	0.14015	0.10869	0.01003	0.09675	0.07173	0.06204	0.03080	0.10541	0.01389	0.00718	0.00518	0.00155	0.00563	0.03846	0.00386	0.12396
4	0.03138	0.25487	0.16182	0.01228	0.01714	0.04605	0.10048	0.12173	0.03391	0.04123	0.01174	0.01359	0.02341	0.00554	0.00472	0.00147	0.00631	0.01992	0.03661	0.05579
5	0.03144	0.01144	0.03116	0.04673	0.03085	0.03164	0.00852	0.19911	0.12161	0.07075	0.13610	0.01803	0.01651	0.00651	0.00512	0.00146	0.00474	0.00531	0.00462	0.21834
6	0.00654	0.00467	0.00623	0.00747	0.00779	0.00436	0.00498	0.00747	0.01028	0.01370	0.02959	0.80785	0.03550	0.01682	0.00685	0.00218	0.00311	0.01526	0.00498	0.00436
7	0.01191	0.10547	0.21407	0.12084	0.03694	0.04025	0.28195	0.01599	0.01177	0.01585	0.02633	0.04827	0.00955	0.00565	0.00588	0.00172	0.03248	0.00544	0.00267	0.00698
8	0.00921	0.00470	0.00691	0.00691	0.00691	0.00470	0.00456	0.00705	0.00705	0.00941	0.00989	0.01772	0.01009	0.07795	0.02145	0.78108	0.00470	0.00490	0.00240	0.00240
9	0.00897	0.00684	0.00827	0.00721	0.00932	0.00620	0.00554	0.06649	0.01497	0.02102	0.51601	0.03479	0.12245	0.00983	0.00589	0.00156	0.00303	0.00850	0.00533	0.13778
10	0.01780	0.01390	0.01562	0.09007	0.05471	0.06839	0.02625	0.40539	0.07184	0.08551	0.01302	0.01361	0.00945	0.00600	0.00523	0.00156	0.00598	0.00474	0.00461	0.08633
11	0.01018	0.00954	0.01590	0.76696	0.03600	0.01174	0.01457	0.01371	0.01075	0.01387	0.00954	0.01418	0.00719	0.00531	0.00531	0.00175	0.00703	0.00471	0.00242	0.03936
12	0.01469	0.13941	0.01529	0.01096	0.01438	0.05238	0.00890	0.11474	0.52245	0.02183	0.01784	0.01686	0.01355	0.00667	0.00510	0.00167	0.00495	0.00529	0.00482	0.00821
13	0.21042	0.12162	0.04162	0.02387	0.01453	0.01247	0.05669	0.01944	0.04071	0.27490	0.02810	0.01389	0.01012	0.00621	0.00620	0.00169	0.10148	0.00450	0.00422	0.00734
14	0.00781	0.00705	0.06496	0.00802	0.00907	0.00590	0.00611	0.03847	0.01023	0.01389	0.02297	0.46002	0.02636	0.19281	0.09745	0.00350	0.00529	0.01131	0.00418	0.00462
15	0.01001	0.00500	0.00500	0.00500	0.00625	0.00500	0.00375	0.01251	0.01126	0.02001	0.01751	0.02001	0.01376	0.00625	0.00375	0.00125	0.00250	0.00500	0.84115	0.00500
16	0.84927	0.01038	0.00789	0.00706	0.01038	0.01204	0.00581	0.01578	0.00914	0.02408	0.00747	0.00872	0.00581	0.00498	0.00332	0.00166	0.00415	0.00291	0.00332	0.00581
17	0.01186	0.14252	0.52160	0.01598	0.07808	0.03409	0.07135	0.01685	0.01153	0.01637	0.00957	0.01145	0.00720	0.00500	0.00492	0.00160	0.00750	0.00405	0.02083	0.00766
18	0.00654	0.00467	0.00623	0.00747	0.00779	0.00436	0.00498	0.00747	0.01028	0.01370	0.02959	0.80785	0.03550	0.01682	0.00685	0.00218	0.00311	0.01526	0.00498	0.00436
19	0.23519	0.04493	0.01361	0.01045	0.01425	0.01486	0.00861	0.41946	0.11670	0.02856	0.01256	0.01276	0.00925	0.00609	0.00472	0.00162	0.00513	0.00442	0.02885	0.00797
20	0.03104	0.03107	0.21680	0.01063	0.01479	0.02879	0.02847	0.05386	0.02848	0.17305	0.21738	0.05868	0.03731	0.00775	0.00552	0.00166	0.00511	0.00651	0.00460	0.03850
21	0.16490	0.23186	0.10314	0.01258	0.07230	0.17636	0.02917	0.01834	0.01217	0.09966	0.00971	0.01077	0.00757	0.00514	0.00434	0.00145	0.00648	0.00363	0.00311	0.02734
22	0.01454	0.75494	0.02719	0.00954	0.01392	0.05662	0.00931	0.01623	0.01103	0.01266	0.00749	0.00875	0.00689	0.00477	0.00392	0.00119	0.02890	0.00295	0.00232	0.00683
23	0.01071	0.00717	0.04393	0.00762	0.00973	0.00589	0.00622	0.01323	0.01480	0.16121	0.54978	0.05220	0.07580	0.01016	0.00611	0.00170	0.00318	0.00885	0.00581	0.00591
24	0.84927	0.01038	0.00789	0.00706	0.01038	0.01204	0.00581	0.01578	0.00914	0.02408	0.00747	0.00872	0.00581	0.00498	0.00332	0.00166	0.00415	0.00291	0.00332	0.00581
25	0.01265	0.01261	0.05452	0.23215	0.45659	0.01274	0.01534	0.04909	0.06891	0.01758	0.01093	0.01395	0.00868	0.00521	0.00533	0.00167	0.00648	0.00484	0.00290	0.00783
26	0.01063	0.00980	0.01610	0.76095	0.03600	0.01215	0.01468	0.04931	0.01143	0.01467	0.00970	0.01424	0.00725	0.00542	0.00537	0.00178	0.00710	0.00477	0.00253	0.00611
27	0.00760	0.00549	0.00718	0.00675	0.00802	0.00506	0.00506	0.01013	0.01519	0.02153	0.77503	0.04010	0.05065	0.01097	0.00633	0.00169	0.00253	0.00971	0.00591	0.00506
28	0.01066	0.00995	0.01608	0.55395	0.03022	0.01218	0.05842	0.01490	0.07335	0.01485	0.01109	0.02876	0.00876	0.00614	0.00668	0.00183	0.09060	0.00516	0.04026	0.00617
29	0.00679	0.00495	0.00646	0.00736	0.00797	0.00453	0.00501	0.00791	0.01075	0.01446	0.08549	0.69263	0.06246	0.01577	0.00668	0.00208	0.00309	0.01424	0.00498	0.03639
30	0.03201	0.00532	0.00550	0.03526	0.00753	0.00545	0.00423	0.01264	0.01118	0.01988	0.01694	0.01950	0.01330	0.00619	0.00380	0.00128	0.00272	0.00494	0.78726	0.00506
31	0.84927	0.01038	0.00789	0.00706	0.01038	0.01204	0.00581	0.01578	0.00914	0.02408	0.00747	0.00872	0.00581	0.00498	0.00332	0.00166	0.00415	0.00291	0.00332	0.00581
32	0.00932	0.00466	0.00699	0.00699	0.00699	0.00466	0.00466	0.00699	0.00699	0.00932	0.00932	0.01632	0.00932	0.01865	0.02098	0.84382	0.00466	0.00466	0.00233	0.00233
33	0.00760	0.00549	0.00718	0.00675	0.00802	0.00506	0.00506	0.01013	0.01519	0.02153	0.77503	0.04010	0.05065	0.01097	0.00633	0.00169	0.00253	0.00971	0.00591	0.00506
34	0.02408	0.00914	0.01246	0.00955	0.01370	0.00789	0.00789	0.02616	0.01536	0.78158	0.02118	0.01827	0.01329	0.00664	0.00540	0.00166	0.00457	0.00540	0.00664	0.00914
35	0.00822	0.00593	0.00742	0.00806	0.00886	0.00585	0.00561	0.09855	0.01209	0.01614	0.02756	0.71164	0.03231	0.01556	0.00667	0.00211	0.00345	0.01400	0.00503	0.00494
36	0.01163	0.01177	0.01824	0.12483	0.01898	0.01546	0.10255	0.01355	0.00911	0.01355	0.00786	0.01243	0.00719	0.00824	0.01454	0.00221	0.59451	0.00491	0.00240	0.00605
37	0.01014	0.00954	0.01610	0.79845	0.03697	0.01193	0.01491	0.01371	0.01073	0.01371	0.00954	0.01431	0.00716	0.00537	0.00537	0.00179	0.00716	0.00477	0.00239	0.00596
38	0.03637	0.00754	0.00880	0.00769	0.00993	0.00732	0.00600	0.11873	0.03337	0.10777	0.38357	0.03487	0.19654	0.01015	0.00598	0.00170	0.00337	0.00859	0.00563	0.00609
39	0.01174	0.01174	0.01644	0.01409	0.01409	0.01644	0.01174	0.01292	0.00822	0.01292	0.00705	0.01174	0.00705	0.00940	0.01762	0.00235	0.80153	0.00470	0.00235	0.00587
40	0.68556	0.01015	0.00894	0.03898	0.01196	0.01138	0.00650	0.01734	0.01018	0.14326	0.00972	0.01045	0.00705	0.00526	0.00373	0.00167	0.00434	0.00337	0.00381	0.00634
41	0.70923	0.01109	0.00889	0.00775	0.01116	0.04771	0.00634	0.03702	0.01045	0.09678	0.00898	0.00980	0.00667	0.00521	0.00365	0.00165	0.00449	0.00322	0.00367	0.00624
42	0.00659	0.00478	0.00623	0.00728	0.00776	0.00442	0.00492	0.00766	0.01073	0.01426	0.07857	0.70273	0.09184	0.01621	0.00678	0.00212	0.00305	0.01461	0.00504	0.00442
43	0.01406	0.01120	0.01200	0.01065	0.01375	0.01269	0.00832	0.04534	0.66501	0.07922	0.02282	0.02093	0.04488	0.00745	0.00549	0.00180	0.00425	0.00619	0.00553	0.00841
44	0.00781	0.00520	0.00585	0.00585	0.00585	0.00520	0.00325	0.00781	0.00781	0.01041	0.01691	0.03513	0.01952	0.81135	0.02732	0.00520	0.00520	0.00781	0.00325	0.00325
45	0.00687	0.00493	0.00647	0.00719	0.00779	0.00458	0.00494	0.00824	0.01165	0.01585	0.24061	0.55550	0.05486	0.03505	0.00721	0.00211	0.00299	0.01342	0.00520	0.00454
46	0.01900	0.02311	0.01475	0.01333	0.01618	0.64848	0.01007	0.04046	0.13433	0.01511	0.01055	0.01139	0.00846	0.00583	0.00495	0.00146	0.00873	0.00390	0.00325	0.00665
47	0.00653	0.00469	0.00620	0.00741	0.00777	0.00437	0.00496	0.00748	0.01034	0.01373	0.03033	0.78519	0.05769	0.01672	0.00684	0.00217	0.00310	0.01514	0.00498	0.00437
48	0.01014	0.00954	0.01610	0.79845	0.03697	0.01193	0.01491	0.01371	0.01073	0.01371	0.00954	0.01431	0.00716	0.00537	0.00537	0.00179	0.00716	0.00477	0.00239	0.00596
49	0.01435	0.81458	0.02813	0.00918	0.01378	0.02124	0.00918	0.01607	0.01091	0.01263	0.00746	0.00861	0.00689	0.00459	0.00344	0.00115	0.00574	0.00287	0.00230	0.00689
50	0.01230	0.04389	0.01809	0.10361	0.03356	0.01568	0.07182	0.06031	0.01016	0.01482	0.00812	0.01222	0.00732	0.00799	0.01352	0.00211	0.53705	0.00475	0.00259	0.02010
51	0.01688	0.01328	0.01412	0.01164	0.01530	0.01500	0.00935	0.39427	0.39668	0.02814	0.01737	0.01646	0.01276	0.00686	0.00542	0.00172	0.00508	0.00545	0.00542	0.00881
52	0.84927	0.01038	0.00789	0.00706	0.01038	0.01204	0.00581	0.01578	0.00914	0.02408	0.00747	0.00872	0.00581	0.00498	0.00332	0.00166	0.00415	0.00291	0.00332	0.00581
53	0.00759	0.00625	0.00664	0.00653	0.00843	0.00571	0.00507	0.03875	0.05779	0.01615	0.07566	0.04872	0.59853	0.01296	0.00636	0.00187	0.00315	0.08376	0.00506	0.00501
54	0.00751	0.00548	0.00705	0.00666	0.00796	0.00503	0.00499	0.00995	0.01498	0.02102	0.72310	0.04093	0.10290	0.01116	0.00633	0.00170	0.00255	0.00982	0.00584	0.00503
55	0.01267	0.01448	0.03167	0.02262	0.02805	0.01357	0.75837	0.01719	0.01267	0.01719	0.01086	0.01448	0.00814	0.00452	0.00633	0.00181	0.00905	0.00633	0.00271	0.00724
56	0.00721	0.00547	0.00664	0.00635	0.00778	0.00490	0.00476	0.00938	0.01428	0.01935	0.55203	0.04368	0.27501	0.01178	0.00634	0.00173	0.00259	0.01021	0.00562	0.00490
57	0.01450	0.01119	0.01316	0.06414	0.07259	0.01252	0.00944	0.02635	0.56598	0.11818	0.02007	0.01892	0.01480	0.00689	0.00544	0.00178	0.00464	0.00580	0.00520	0.00841
58	0.01419	0.01195	0.01261	0.01109	0.01428	0.01374	0.00870	0.11514	0.68019	0.02380	0.02079	0.01918	0.01553	0.00718	0.00545	0.00180	0.00444	0.00592	0.00545	0.00857
59	0.00751	0.10271	0.00890	0.00767	0.00852	0.00642	0.00549	0.00857	0.01045	0.01373	0.04228	0.69529	0.03235	0.01522	0.00643	0.00204	0.00342	0.01365	0.00468	0.00468
60	0.01113	0.00954	0.01113	0.00795	0.01272	0.00716	0.00636	0.01352	0.01113	0.01749	0.00954	0.01113	0.00795	0.00398	0.00398	0.00080	0.00398	0.00318	0.00318	0.84417

[dist]
# distance from previous block
# <min> <max>
0	1

[block]
# block no. 2 follows, 45 sequences, length 110
# corresponding to MSA columns:
# 201-207,209-311
name=unknown_C
#
# <colnr> <probs for GDERKNQSTAVLIFYWHMCP>
#	G	D	E	R	K	N	Q	S	T	A	V	L	I	F	Y	W	H	M	C	P
0	0.01219	0.12646	0.54117	0.01555	0.05947	0.05507	0.05374	0.03293	0.02506	0.01672	0.00965	0.01133	0.00718	0.00508	0.00496	0.00161	0.00762	0.00401	0.00246	0.00774
1	0.00800	0.00569	0.00704	0.00691	0.00711	0.00616	0.00447	0.00847	0.00800	0.01099	0.01582	0.03082	0.01751	0.60168	0.18962	0.00577	0.05189	0.00719	0.00312	0.00373
2	0.01160	0.00982	0.01138	0.00817	0.01292	0.00763	0.00655	0.05097	0.01184	0.01831	0.00971	0.01122	0.00801	0.00410	0.00405	0.00084	0.00407	0.00326	0.00329	0.80227
3	0.01267	0.44645	0.35171	0.01226	0.03349	0.01702	0.01383	0.01638	0.01119	0.01476	0.02177	0.01042	0.00764	0.00492	0.00424	0.00140	0.00664	0.00350	0.00235	0.00734
4	0.02063	0.00855	0.01136	0.00898	0.01254	0.00761	0.00732	0.03844	0.03030	0.59882	0.13150	0.02149	0.01877	0.00727	0.00545	0.00165	0.00418	0.00601	0.05083	0.00831
5	0.01086	0.01045	0.01475	0.01291	0.01312	0.01434	0.01065	0.01220	0.00831	0.01282	0.00863	0.01377	0.00843	0.01608	0.18480	0.00371	0.63116	0.00493	0.00246	0.00564
6	0.09724	0.01425	0.07287	0.01124	0.01533	0.06234	0.00968	0.34740	0.06081	0.19133	0.01498	0.05363	0.01113	0.00676	0.00521	0.00166	0.00561	0.00521	0.00504	0.00827
7	0.01350	0.00755	0.00922	0.00824	0.01072	0.00714	0.00642	0.01744	0.13563	0.26607	0.11870	0.13747	0.19456	0.01048	0.00600	0.00182	0.00367	0.03293	0.00571	0.00672
8	0.01165	0.00647	0.00799	0.00704	0.00929	0.00564	0.00548	0.01363	0.01416	0.22684	0.30647	0.03834	0.30442	0.01074	0.00608	0.00173	0.00316	0.00912	0.00577	0.00598
9	0.01878	0.02363	0.05498	0.02780	0.04870	0.61439	0.05090	0.06942	0.01535	0.01510	0.00890	0.01045	0.00719	0.00548	0.00500	0.00145	0.00914	0.00380	0.00290	0.00664
10	0.05488	0.36849	0.03922	0.05759	0.27502	0.02889	0.03297	0.01604	0.01124	0.01516	0.00859	0.01089	0.00744	0.00499	0.00506	0.00145	0.04843	0.00384	0.00250	0.00730
11	0.00688	0.00492	0.00658	0.00761	0.00813	0.00462	0.00534	0.00817	0.01112	0.01495	0.12762	0.63654	0.03706	0.01586	0.00684	0.00214	0.00321	0.08280	0.00510	0.00451
12	0.07478	0.00961	0.01547	0.73748	0.03492	0.01193	0.01421	0.01387	0.01061	0.01451	0.00938	0.01388	0.00705	0.00534	0.00521	0.00178	0.00692	0.00463	0.00246	0.00595
13	0.00675	0.00491	0.00637	0.00716	0.00779	0.00453	0.00493	0.00807	0.01150	0.01547	0.19374	0.58142	0.09692	0.01529	0.00670	0.00204	0.00296	0.01374	0.00518	0.00453
14	0.01077	0.02777	0.78354	0.01530	0.02323	0.01247	0.01983	0.01700	0.01133	0.01700	0.00963	0.01133	0.00680	0.00510	0.00510	0.00170	0.00793	0.00397	0.00227	0.00793
15	0.00963	0.00705	0.00963	0.00908	0.01048	0.00805	0.00711	0.11961	0.01097	0.01542	0.01388	0.01962	0.01256	0.03408	0.63167	0.05451	0.01259	0.00556	0.00321	0.00529
16	0.00760	0.00549	0.00718	0.00675	0.00802	0.00506	0.00506	0.01013	0.01519	0.02153	0.77503	0.04010	0.05065	0.01097	0.00633	0.00169	0.00253	0.00971	0.00591	0.00506
17	0.00732	0.00548	0.00680	0.00647	0.00785	0.00495	0.00485	0.00960	0.01455	0.01999	0.61769	0.04262	0.20895	0.01155	0.00633	0.00172	0.00257	0.01006	0.00571	0.00495
18	0.02087	0.00944	0.01214	0.00963	0.01329	0.00879	0.00782	0.12858	0.03188	0.54834	0.07398	0.07764	0.01705	0.00769	0.00557	0.00170	0.00450	0.00637	0.00626	0.00848
19	0.00781	0.00559	0.00689	0.00650	0.00800	0.00502	0.00490	0.01002	0.01442	0.04469	0.56069	0.04242	0.24012	0.01152	0.00630	0.00172	0.00265	0.00999	0.00569	0.00506
20	0.01138	0.16255	0.65413	0.01425	0.02161	0.01397	0.01801	0.01684	0.01126	0.01625	0.00926	0.01087	0.00682	0.00501	0.00482	0.00161	0.00756	0.00378	0.00227	0.00775
21	0.84927	0.01038	0.00789	0.00706	0.01038	0.01204	0.00581	0.01578	0.00914	0.02408	0.00747	0.00872	0.00581	0.00498	0.00332	0.00166	0.00415	0.00291	0.00332	0.00581
22	0.00921	0.00750	0.00854	0.02448	0.01016	0.02597	0.00610	0.01462	0.20006	0.02014	0.43839	0.06354	0.10997	0.02940	0.00658	0.00183	0.00333	0.00888	0.00546	0.00584
23	0.00751	0.00548	0.00705	0.00666	0.00796	0.00503	0.00499	0.00995	0.01498	0.02101	0.72221	0.04094	0.10379	0.01117	0.00633	0.00170	0.00255	0.00983	0.00584	0.00503
24	0.01038	0.01002	0.01761	0.72332	0.03611	0.01209	0.08690	0.01405	0.01092	0.01405	0.00967	0.01433	0.00725	0.00529	0.00546	0.00179	0.00734	0.00492	0.00242	0.00609
25	0.01676	0.01143	0.01255	0.01002	0.01359	0.03569	0.00803	0.34351	0.01801	0.13868	0.01590	0.11527	0.01320	0.00733	0.00518	0.00151	0.00487	0.00593	0.07021	0.15233
26	0.01014	0.00954	0.01610	0.79845	0.03697	0.01193	0.01491	0.01371	0.01073	0.01371	0.00954	0.01431	0.00716	0.00537	0.00537	0.00179	0.00716	0.00477	0.00239	0.00596
27	0.01113	0.00954	0.01113	0.00795	0.01272	0.00716	0.00636	0.01352	0.01113	0.01749	0.00954	0.01113	0.00795	0.00398	0.00398	0.00080	0.00398	0.00318	0.00318	0.84417
28	0.03120	0.01293	0.01433	0.01361	0.10884	0.09326	0.02491	0.23594	0.11605	0.14957	0.04936	0.01856	0.04715	0.05195	0.00663	0.00184	0.00563	0.00561	0.00478	0.00786
29	0.01154	0.19664	0.62141	0.01399	0.02120	0.01435	0.01755	0.01680	0.01124	0.01606	0.00917	0.01075	0.00682	0.00499	0.00474	0.00158	0.00746	0.00373	0.00227	0.00771
30	0.01978	0.01293	0.01449	0.01124	0.01519	0.01378	0.00923	0.54277	0.02232	0.17495	0.09321	0.01672	0.01421	0.00695	0.00547	0.00163	0.00530	0.00544	0.00567	0.00871
31	0.00800	0.00565	0.00678	0.00650	0.00807	0.00503	0.00491	0.00996	0.01368	0.05859	0.39767	0.06568	0.32537	0.02874	0.00677	0.00185	0.00286	0.03339	0.00548	0.00501
32	0.02005	0.02558	0.01521	0.01383	0.01659	0.78980	0.01037	0.02143	0.01521	0.01314	0.00830	0.00968	0.00691	0.00553	0.00484	0.00138	0.00968	0.00346	0.00277	0.00622
33	0.01438	0.01374	0.09920	0.04686	0.46674	0.02772	0.03017	0.01818	0.04359	0.12326	0.02500	0.01440	0.00993	0.00528	0.00529	0.00160	0.00619	0.00486	0.00335	0.04027
34	0.01359	0.09753	0.05393	0.06835	0.54877	0.06751	0.01509	0.01705	0.03705	0.01666	0.01004	0.01274	0.00834	0.00494	0.00509	0.00156	0.00658	0.00450	0.00269	0.00802
35	0.00859	0.00616	0.00856	0.00976	0.01101	0.00613	0.00852	0.01103	0.01235	0.01602	0.02914	0.06030	0.05159	0.01479	0.00738	0.00245	0.00488	0.72144	0.00494	0.00493
36	0.01458	0.01230	0.02014	0.04480	0.63215	0.01229	0.01503	0.05465	0.01317	0.09716	0.01213	0.01446	0.02215	0.00522	0.00534	0.00161	0.00612	0.00496	0.00324	0.00848
37	0.01335	0.01153	0.01214	0.01092	0.01396	0.01335	0.00850	0.02852	0.76817	0.02245	0.02185	0.02003	0.01639	0.00728	0.00546	0.00182	0.00425	0.00607	0.00546	0.00850
38	0.84927	0.01038	0.00789	0.00706	0.01038	0.01204	0.00581	0.01578	0.00914	0.02408	0.00747	0.00872	0.00581	0.00498	0.00332	0.00166	0.00415	0.00291	0.00332	0.00581
39	0.03954	0.02623	0.02756	0.00966	0.01250	0.00965	0.00789	0.14949	0.09819	0.23423	0.02014	0.09009	0.01772	0.10914	0.00846	0.00227	0.00487	0.12005	0.00519	0.00712
40	0.00657	0.00541	0.00578	0.00577	0.00741	0.00461	0.00430	0.00811	0.01264	0.01568	0.17787	0.08942	0.61121	0.01331	0.00637	0.00181	0.00271	0.01125	0.00514	0.00461
41	0.01077	0.02777	0.78354	0.01530	0.02323	0.01247	0.01983	0.01700	0.01133	0.01700	0.00963	0.01133	0.00680	0.00510	0.00510	0.00170	0.00793	0.00397	0.00227	0.00793
42	0.00743	0.00548	0.00694	0.00658	0.00792	0.00499	0.00493	0.00980	0.01480	0.02058	0.67814	0.04165	0.14814	0.01133	0.00633	0.00171	0.00256	0.00993	0.00578	0.00499
43	0.01843	0.00799	0.01062	0.00866	0.01184	0.00706	0.00695	0.02084	0.03395	0.51883	0.18630	0.06443	0.06307	0.00848	0.00572	0.00171	0.00395	0.00716	0.00628	0.00776
44	0.02320	0.00894	0.01217	0.00940	0.01340	0.00774	0.00774	0.02530	0.01535	0.74091	0.06152	0.01944	0.01529	0.00688	0.00545	0.00166	0.00446	0.00563	0.00660	0.00892
45	0.01163	0.14241	0.61804	0.02627	0.02163	0.02740	0.01769	0.02954	0.01150	0.01644	0.00929	0.01099	0.00687	0.00515	0.00513	0.00163	0.02453	0.00384	0.00234	0.00770
46	0.01432	0.06439	0.01749	0.11101	0.04666	0.19315	0.05489	0.07654	0.01220	0.01535	0.00906	0.02426	0.00790	0.00707	0.00972	0.00184	0.30222	0.00459	0.02093	0.00643
47	0.00739	0.00544	0.00692	0.00664	0.00792	0.00496	0.00494	0.00970	0.01458	0.02028	0.64998	0.08226	0.13580	0.01160	0.00636	0.00173	0.00259	0.01019	0.00575	0.00496
48	0.01142	0.01353	0.09423	0.01800	0.07008	0.03354	0.39871	0.03103	0.01250	0.01692	0.05812	0.09782	0.05859	0.00829	0.03724	0.00208	0.02069	0.00723	0.00327	0.00671
49	0.00730	0.00543	0.00680	0.00664	0.00793	0.00493	0.00496	0.00947	0.01414	0.01937	0.55288	0.10346	0.19243	0.01206	0.00640	0.00177	0.00268	0.03080	0.00563	0.00490
50	0.00654	0.00467	0.00623	0.00747	0.00779	0.00436	0.00498	0.00747	0.01028	0.01370	0.02959	0.80785	0.03550	0.01682	0.00685	0.00218	0.00311	0.01526	0.00498	0.00436
51	0.02005	0.02558	0.01521	0.01383	0.01659	0.78980	0.01037	0.02143	0.01521	0.01314	0.00830	0.00968	0.00691	0.00553	0.00484	0.00138	0.00968	0.00346	0.00277	0.00622
52	0.01922	0.01187	0.01423	0.01186	0.05528	0.01204	0.00916	0.31943	0.06078	0.27042	0.03163	0.01539	0.01154	0.00634	0.00553	0.00156	0.02416	0.00498	0.00532	0.10927
53	0.00760	0.00549	0.00718	0.00675	0.00802	0.00506	0.00506	0.01013	0.01519	0.02153	0.77503	0.04010	0.05065	0.01097	0.00633	0.00169	0.00253	0.00971	0.00591	0.00506
54	0.07164	0.01307	0.01559	0.36455	0.14131	0.14055	0.01269	0.01803	0.13841	0.01640	0.01134	0.01396	0.00877	0.00560	0.00514	0.00169	0.00676	0.00464	0.00307	0.00681
55	0.03815	0.01030	0.01246	0.15816	0.01729	0.01134	0.00920	0.28642	0.05434	0.07313	0.04136	0.10907	0.01527	0.00800	0.00545	0.00173	0.00508	0.04322	0.09293	0.00708
56	0.01615	0.01239	0.01889	0.02390	0.45608	0.01244	0.03447	0.12795	0.05713	0.15255	0.01310	0.01447	0.00985	0.00547	0.00535	0.00161	0.00591	0.00498	0.00391	0.02341
57	0.00654	0.00467	0.00623	0.00747	0.00779	0.00436	0.00498	0.00747	0.01028	0.01370	0.02959	0.80785	0.03550	0.01682	0.00685	0.00218	0.00311	0.01526	0.00498	0.00436
58	0.01113	0.00954	0.01113	0.00795	0.01272	0.00716	0.00636	0.01352	0.01113	0.01749	0.00954	0.01113	0.00795	0.00398	0.00398	0.00080	0.00398	0.00318	0.00318	0.84417
59	0.00778	0.00519	0.00586	0.00589	0.00590	0.00518	0.00329	0.00780	0.00787	0.01049	0.01722	0.05358	0.01990	0.79238	0.02683	0.00513	0.00515	0.00798	0.00329	0.00328
60	0.00797	0.00619	0.00776	0.00762	0.00933	0.00523	0.00541	0.00936	0.01054	0.01489	0.02333	0.55921	0.02690	0.01281	0.00595	0.00175	0.00338	0.01149	0.00442	0.26645
61	0.00736	0.00548	0.00684	0.00650	0.00787	0.00496	0.00488	0.00966	0.01463	0.02018	0.63687	0.04231	0.18965	0.01148	0.00633	0.00171	0.00257	0.01002	0.00573	0.00496
62	0.01335	0.01153	0.01214	0.01092	0.01396	0.01335	0.00850	0.02852	0.76817	0.02245	0.02185	0.02003	0.01639	0.00728	0.00546	0.00182	0.00425	0.00607	0.00546	0.00850
63	0.01313	0.01108	0.01179	0.01059	0.01348	0.01265	0.00822	0.07452	0.63998	0.02253	0.04399	0.06273	0.03546	0.00799	0.00558	0.00182	0.00421	0.00670	0.00543	0.00813
64	0.08930	0.00967	0.01220	0.00950	0.01345	0.00901	0.00782	0.10303	0.01591	0.59987	0.05948	0.01809	0.01424	0.00672	0.00528	0.00166	0.00457	0.00537	0.00620	0.00865
65	0.01387	0.70913	0.12937	0.01000	0.01504	0.02006	0.01061	0.01620	0.01096	0.01321	0.00775	0.00898	0.00688	0.00466	0.00367	0.00122	0.00603	0.00302	0.00229	0.00703
66	0.01434	0.54482	0.11695	0.01052	0.01522	0.05756	0.01050	0.05013	0.10594	0.01532	0.00979	0.01060	0.00816	0.00512	0.00405	0.00133	0.00603	0.00352	0.00284	0.00728
67	0.03992	0.01051	0.04939	0.00921	0.01246	0.07659	0.00769	0.01975	0.05900	0.36347	0.20182	0.02503	0.08572	0.00808	0.00558	0.00167	0.00452	0.00665	0.00560	0.00733
68	0.01339	0.01300	0.02152	0.04718	0.74547	0.03129	0.01630	0.01654	0.01227	0.01736	0.01004	0.01322	0.00844	0.00481	0.00530	0.00159	0.00647	0.00475	0.00265	0.00840
69	0.01300	0.55174	0.24045	0.01079	0.01616	0.01795	0.01199	0.01604	0.01124	0.01431	0.04659	0.01096	0.00906	0.00506	0.00406	0.00133	0.00620	0.00352	0.00247	0.00709
70	0.01510	0.01223	0.01356	0.01367	0.12545	0.07739	0.00936	0.27328	0.08522	0.05604	0.03395	0.06589	0.06538	0.08104	0.00760	0.00203	0.00553	0.04539	0.00456	0.00732
71	0.01095	0.00692	0.00831	0.00749	0.00949	0.00650	0.00563	0.02577	0.07876	0.14302	0.19227	0.07252	0.18391	0.12885	0.03390	0.00245	0.00404	0.02386	0.00509	0.05027
72	0.01411	0.01250	0.01820	0.02344	0.45560	0.01262	0.01306	0.13601	0.10175	0.02070	0.01182	0.01369	0.00944	0.00522	0.00514	0.00151	0.00570	0.00470	0.00349	0.13129
73	0.01077	0.02777	0.78354	0.01530	0.02323	0.01247	0.01983	0.01700	0.01133	0.01700	0.00963	0.01133	0.00680	0.00510	0.00510	0.00170	0.00793	0.00397	0.00227	0.00793
74	0.01085	0.04661	0.76545	0.01515	0.02301	0.01268	0.01958	0.01698	0.01132	0.01689	0.00958	0.01127	0.00680	0.00509	0.00506	0.00169	0.00788	0.00394	0.00227	0.00791
75	0.00655	0.00545	0.00573	0.00566	0.00738	0.00462	0.00424	0.00811	0.01273	0.01567	0.17473	0.04973	0.65460	0.01316	0.00634	0.00179	0.00269	0.01106	0.00514	0.00462
76	0.03670	0.00957	0.01584	0.77340	0.03613	0.01193	0.01462	0.01378	0.01068	0.01404	0.00948	0.01413	0.00711	0.00535	0.00530	0.00178	0.00706	0.00471	0.00241	0.00596
77	0.00654	0.00467	0.00623	0.00747	0.00779	0.00436	0.00498	0.00747	0.01028	0.01370	0.02959	0.80785	0.03550	0.01682	0.00685	0.00218	0.00311	0.01526	0.00498	0.00436
78	0.01014	0.00954	0.01610	0.79845	0.03697	0.01193	0.01491	0.01371	0.01073	0.01371	0.00954	0.01431	0.00716	0.00537	0.00537	0.00179	0.00716	0.00477	0.00239	0.00596
79	0.00771	0.00558	0.00777	0.00777	0.00844	0.00625	0.00565	0.00904	0.00837	0.01183	0.01516	0.02540	0.01529	0.27728	0.55562	0.00757	0.01156	0.00638	0.00299	0.00432
80	0.01014	0.00954	0.01610	0.79845	0.03697	0.01193	0.01491	0.01371	0.01073	0.01371	0.00954	0.01431	0.00716	0.00537	0.00537	0.00179	0.00716	0.00477	0.00239	0.00596
81	0.01053	0.00639	0.00771	0.00713	0.00842	0.00688	0.00551	0.03360	0.01179	0.06147	0.14072	0.02290	0.01917	0.04434	0.09275	0.00244	0.08668	0.00596	0.42027	0.00536
82	0.00654	0.00467	0.00623	0.00747	0.00779	0.00436	0.00498	0.00747	0.01028	0.01370	0.02959	0.80785	0.03550	0.01682	0.00685	0.00218	0.00311	0.01526	0.00498	0.00436
83	0.01432	0.78916	0.02762	0.00924	0.01378	0.02099	0.00916	0.01647	0.03488	0.01294	0.00792	0.00897	0.00719	0.00468	0.00351	0.00117	0.00569	0.00297	0.00240	0.00694
84	0.00659	0.00471	0.00628	0.00753	0.00786	0.00440	0.00507	0.00756	0.01032	0.01376	0.02956	0.79104	0.03540	0.01677	0.00686	0.00219	0.00316	0.03160	0.00498	0.00437
85	0.01014	0.00954	0.01610	0.79845	0.03697	0.01193	0.01491	0.01371	0.01073	0.01371	0.00954	0.01431	0.00716	0.00537	0.00537	0.00179	0.00716	0.00477	0.00239	0.00596
86	0.01014	0.00954	0.01610	0.79845	0.03697	0.01193	0.01491	0.01371	0.01073	0.01371	0.00954	0.01431	0.00716	0.00537	0.00537	0.00179	0.00716	0.00477	0.00239	0.00596
87	0.01315	0.01181	0.02008	0.01482	0.03221	0.01055	0.31403	0.05336	0.01270	0.07443	0.01118	0.01337	0.00859	0.00540	0.02214	0.00152	0.01970	0.00482	0.00333	0.35280
88	0.01260	0.01476	0.05037	0.02226	0.02763	0.01361	0.72375	0.01710	0.01254	0.01710	0.01075	0.01434	0.00809	0.00464	0.00654	0.00182	0.02593	0.00624	0.00270	0.00723
89	0.00857	0.00615	0.00854	0.00974	0.01099	0.00612	0.00850	0.01101	0.01235	0.01601	0.02928	0.06026	0.05540	0.01479	0.00738	0.00245	0.00487	0.71770	0.00494	0.00493
90	0.01561	0.01744	0.02055	0.01778	0.09097	0.28660	0.24352	0.08554	0.02620	0.01682	0.01103	0.01350	0.02341	0.00737	0.04450	0.00199	0.06219	0.00500	0.00304	0.00693
91	0.01666	0.01343	0.01341	0.01103	0.01383	0.10275	0.00863	0.39204	0.05816	0.04782	0.01359	0.01784	0.01153	0.17806	0.02299	0.00252	0.05864	0.00539	0.00443	0.00723
92	0.02005	0.02558	0.01521	0.01383	0.01659	0.78980	0.01037	0.02143	0.01521	0.01314	0.00830	0.00968	0.00691	0.00553	0.00484	0.00138	0.00968	0.00346	0.00277	0.00622
93	0.00651	0.00511	0.00591	0.00652	0.00762	0.00451	0.00464	0.00771	0.01133	0.01418	0.04206	0.40202	0.40900	0.01513	0.00661	0.00200	0.00297	0.03671	0.00498	0.00447
94	0.00905	0.00752	0.01132	0.29778	0.04178	0.00832	0.01022	0.01214	0.03294	0.01580	0.10859	0.08725	0.06971	0.01049	0.00632	0.00203	0.00524	0.25396	0.00407	0.00547
95	0.00653	0.00471	0.00619	0.00737	0.00776	0.00437	0.00493	0.00749	0.01038	0.01375	0.03090	0.76767	0.07483	0.01665	0.00682	0.00216	0.00309	0.01505	0.00498	0.00437
96	0.01014	0.00954	0.01610	0.79845	0.03697	0.01193	0.01491	0.01371	0.01073	0.01371	0.00954	0.01431	0.00716	0.00537	0.00537	0.00179	0.00716	0.00477	0.00239	0.00596
97	0.01152	0.01141	0.01600	0.01379	0.01384	0.01589	0.01146	0.01273	0.00824	0.01289	0.00746	0.01227	0.00740	0.01113	0.06100	0.00270	0.75731	0.00476	0.00238	0.00581
98	0.01454	0.01588	0.01816	0.21612	0.25681	0.25065	0.05584	0.01829	0.07215	0.01560	0.01037	0.01303	0.00828	0.00534	0.00525	0.00161	0.00757	0.00456	0.00285	0.00710
99	0.00747	0.00548	0.00700	0.00662	0.00794	0.00501	0.00496	0.00988	0.01489	0.02080	0.70058	0.04129	0.12556	0.01124	0.00633	0.00170	0.00255	0.00988	0.00581	0.00501
100	0.00725	0.00545	0.00671	0.00645	0.00782	0.00491	0.00481	0.00943	0.01429	0.01950	0.56904	0.06827	0.23272	0.01183	0.00635	0.00174	0.00260	0.01030	0.00565	0.00491
101	0.01314	0.01360	0.06457	0.03196	0.73548	0.01274	0.01666	0.01650	0.01217	0.01751	0.01007	0.01318	0.00841	0.00480	0.00530	0.00160	0.00646	0.00474	0.00264	0.00847
102	0.00802	0.00608	0.00782	0.00832	0.00893	0.00636	0.00589	0.05088	0.03249	0.01514	0.04749	0.62816	0.03104	0.04033	0.00826	0.00223	0.06981	0.01314	0.00477	0.00486
103	0.00656	0.00541	0.00580	0.00601	0.00761	0.00465	0.00453	0.00799	0.01211	0.01469	0.06584	0.13041	0.62770	0.01396	0.00648	0.00190	0.00292	0.06588	0.00500	0.00456
104	0.01022	0.00959	0.01600	0.77853	0.03639	0.01196	0.01475	0.01409	0.02990	0.01394	0.00985	0.01446	0.00739	0.00542	0.00537	0.00179	0.00708	0.00480	0.00246	0.00603
105	0.01106	0.00980	0.01677	0.71037	0.03516	0.01179	0.05646	0.01461	0.01110	0.05704	0.01027	0.01454	0.00756	0.00539	0.00542	0.00178	0.00712	0.00489	0.00264	0.00621
106	0.00801	0.00613	0.00895	0.00879	0.00963	0.00728	0.00682	0.00978	0.00860	0.01252	0.01406	0.02120	0.01332	0.08076	0.67807	0.00785	0.06917	0.00578	0.01850	0.00479
107	0.00654	0.00467	0.00623	0.00747	0.00779	0.00436	0.00498	0.00747	0.01028	0.01370	0.02959	0.80785	0.03550	0.01682	0.00685	0.00218	0.00311	0.01526	0.00498	0.00436
108	0.01091	0.02692	0.74075	0.01629	0.06562	0.01248	0.01964	0.01697	0.01138	0.01703	0.00966	0.01144	0.00690	0.00508	0.00511	0.00169	0.00785	0.00401	0.00229	0.00797
109	0.01429	0.76954	0.02777	0.01052	0.05669	0.02076	0.00959	0.01610	0.01098	0.01290	0.00761	0.00887	0.00698	0.00460	0.00355	0.00117	0.00578	0.00298	0.00232	0.00698

[dist]
# distance from previous block
# <min> <max>
0	1

[block]
# block no. 3 follows, 45 sequences, length 425
# corresponding to MSA columns:
# 313-532,534-576,578-739
name=unknown_D
#
# <colnr> <probs for GDERKNQSTAVLIFYWHMCP>
#	G	D	E	R	K	N	Q	S	T	A	V	L	I	F	Y	W	H	M	C	P
0	0.01113	0.01075	0.01540	0.01327	0.01361	0.01446	0.04017	0.01250	0.00872	0.01346	0.00976	0.07638	0.00992	0.01084	0.04526	0.00250	0.63938	0.00566	0.04110	0.00572
1	0.45090	0.20545	0.07639	0.00907	0.01294	0.11609	0.00829	0.01660	0.01059	0.01923	0.00802	0.00934	0.00651	0.00501	0.00371	0.00149	0.00552	0.00311	0.02547	0.00627
2	0.00781	0.00520	0.00585	0.00585	0.00585	0.00520	0.00325	0.00781	0.00781	0.01041	0.01691	0.03513	0.01952	0.81135	0.02732	0.00520	0.00520	0.00781	0.00325	0.00325
3	0.00757	0.00564	0.00706	0.00668	0.00807	0.00521	0.00502	0.01028	0.03504	0.02055	0.65246	0.04120	0.15266	0.01125	0.00631	0.00171	0.00261	0.00984	0.00577	0.00508
4	0.01099	0.02771	0.76528	0.01526	0.02307	0.03094	0.01961	0.01710	0.01143	0.01691	0.00960	0.01129	0.00680	0.00511	0.00509	0.00169	0.00797	0.00395	0.00228	0.00789
5	0.00638	0.00541	0.00551	0.00555	0.00729	0.00454	0.00414	0.00776	0.01223	0.01465	0.07167	0.08127	0.72803	0.01366	0.00636	0.00182	0.00273	0.01144	0.00501	0.00454
6	0.01086	0.04894	0.76321	0.01514	0.02298	0.01270	0.01955	0.01697	0.01132	0.01688	0.00957	0.01126	0.00680	0.00509	0.00506	0.00169	0.00787	0.00394	0.00227	0.00791
7	0.01335	0.01153	0.01214	0.01092	0.01396	0.01335	0.00850	0.02852	0.76817	0.02245	0.02185	0.02003	0.01639	0.00728	0.00546	0.00182	0.00425	0.00607	0.00546	0.00850
8	0.01113	0.00954	0.01113	0.00795	0.01272	0.00716	0.00636	0.01352	0.01113	0.01749	0.00954	0.01113	0.00795	0.00398	0.00398	0.00080	0.00398	0.00318	0.00318	0.84417
9	0.00667	0.00545	0.00592	0.00601	0.00763	0.00470	0.00455	0.00824	0.01253	0.01550	0.14840	0.09180	0.59028	0.01350	0.00644	0.00186	0.00286	0.05793	0.00511	0.00462
10	0.00654	0.00467	0.00623	0.00747	0.00779	0.00436	0.00498	0.00747	0.01028	0.01370	0.02959	0.80785	0.03550	0.01682	0.00685	0.00218	0.00311	0.01526	0.00498	0.00436
11	0.01944	0.01444	0.01544	0.01203	0.01613	0.01604	0.00988	0.66822	0.09994	0.03235	0.01390	0.01378	0.00997	0.00652	0.00534	0.00162	0.00566	0.00496	0.02537	0.00897
12	0.01094	0.01036	0.01755	0.60273	0.22640	0.01214	0.01531	0.01442	0.01111	0.01469	0.00968	0.01405	0.00750	0.00522	0.00535	0.00174	0.00696	0.00477	0.00245	0.00661
13	0.02041	0.01504	0.01611	0.01235	0.01665	0.01665	0.01020	0.75997	0.02524	0.03383	0.01289	0.01289	0.00913	0.00644	0.00537	0.00161	0.00591	0.00483	0.00537	0.00913
14	0.01335	0.01153	0.01214	0.01092	0.01396	0.01335	0.00850	0.02852	0.76817	0.02245	0.02185	0.02003	0.01639	0.00728	0.00546	0.00182	0.00425	0.00607	0.00546	0.00850
15	0.01113	0.00954	0.01113	0.00795	0.01272	0.00716	0.00636	0.01352	0.01113	0.01749	0.00954	0.01113	0.00795	0.00398	0.00398	0.00080	0.00398	0.00318	0.00318	0.84417
16	0.01077	0.02777	0.78354	0.01530	0.02323	0.01247	0.01983	0.01700	0.01133	0.01700	0.00963	0.01133	0.00680	0.00510	0.00510	0.00170	0.00793	0.00397	0.00227	0.00793
17	0.84927	0.01038	0.00789	0.00706	0.01038	0.01204	0.00581	0.01578	0.00914	0.02408	0.00747	0.00872	0.00581	0.00498	0.00332	0.00166	0.00415	0.00291	0.00332	0.00581
18	0.02408	0.00914	0.01246	0.00955	0.01370	0.00789	0.00789	0.02616	0.01536	0.78158	0.02118	0.01827	0.01329	0.00664	0.00540	0.00166	0.00457	0.00540	0.00664	0.00914
19	0.01014	0.00954	0.01610	0.79845	0.03697	0.01193	0.01491	0.01371	0.01073	0.01371	0.00954	0.01431	0.00716	0.00537	0.00537	0.00179	0.00716	0.00477	0.00239	0.00596
20	0.01435	0.81458	0.02813	0.00918	0.01378	0.02124	0.00918	0.01607	0.01091	0.01263	0.00746	0.00861	0.00689	0.00459	0.00344	0.00115	0.00574	0.00287	0.00230	0.00689
21	0.00767	0.00575	0.00863	0.00863	0.00959	0.00671	0.00671	0.00959	0.00863	0.01246	0.01438	0.02109	0.01342	0.04026	0.79008	0.00863	0.01438	0.00575	0.00288	0.00479
22	0.00654	0.00469	0.00621	0.00742	0.00777	0.00436	0.00496	0.00748	0.01033	0.01372	0.03021	0.78868	0.05427	0.01674	0.00684	0.00217	0.00310	0.01516	0.00498	0.00436
23	0.00760	0.00549	0.00718	0.00675	0.00802	0.00506	0.00506	0.01013	0.01519	0.02153	0.77503	0.04010	0.05065	0.01097	0.00633	0.00169	0.00253	0.00971	0.00591	0.00506
24	0.01113	0.00954	0.01113	0.00795	0.01272	0.00716	0.00636	0.01352	0.01113	0.01749	0.00954	0.01113	0.00795	0.00398	0.00398	0.00080	0.00398	0.00318	0.00318	0.84417
25	0.02050	0.01488	0.01601	0.01228	0.01657	0.01641	0.01014	0.74022	0.02497	0.05395	0.01311	0.01303	0.00924	0.00645	0.00537	0.00161	0.00587	0.00485	0.00540	0.00913
26	0.01014	0.00954	0.01610	0.79845	0.03697	0.01193	0.01491	0.01371	0.01073	0.01371	0.00954	0.01431	0.00716	0.00537	0.00537	0.00179	0.00716	0.00477	0.00239	0.00596
27	0.00731	0.00548	0.00677	0.00645	0.00784	0.00494	0.00484	0.00957	0.01451	0.01991	0.60883	0.04276	0.21787	0.01158	0.00633	0.00172	0.00258	0.01008	0.00570	0.00494
28	0.01267	0.01448	0.03167	0.02262	0.02805	0.01357	0.75837	0.01719	0.01267	0.01719	0.01086	0.01448	0.00814	0.00452	0.00633	0.00181	0.00905	0.00633	0.00271	0.00724
29	0.05633	0.01024	0.01153	0.00846	0.01306	0.00860	0.00680	0.09659	0.02919	0.01976	0.01007	0.01139	0.00815	0.00437	0.00413	0.00095	0.00420	0.00341	0.00348	0.68927
30	0.84927	0.01038	0.00789	0.00706	0.01038	0.01204	0.00581	0.01578	0.00914	0.02408	0.00747	0.00872	0.00581	0.00498	0.00332	0.00166	0.00415	0.00291	0.00332	0.00581
31	0.01312	0.04983	0.01282	0.01088	0.01369	0.01312	0.00870	0.02545	0.60584	0.03729	0.02096	0.02272	0.01670	0.00794	0.00618	0.00187	0.04636	0.07342	0.00512	0.00797
32	0.00790	0.00521	0.00589	0.00589	0.00597	0.00523	0.00336	0.00807	0.00799	0.01090	0.01688	0.03407	0.01909	0.75462	0.04557	0.00511	0.00531	0.00762	0.04195	0.00337
33	0.00768	0.00572	0.00844	0.00844	0.00934	0.00661	0.00648	0.00947	0.00857	0.01233	0.01455	0.02202	0.01382	0.09125	0.73964	0.00840	0.01377	0.00589	0.00290	0.00469
34	0.02408	0.00914	0.01246	0.00955	0.01370	0.00789	0.00789	0.02616	0.01536	0.78158	0.02118	0.01827	0.01329	0.00664	0.00540	0.00166	0.00457	0.00540	0.00664	0.00914
35	0.00654	0.00467	0.00623	0.00747	0.00779	0.00436	0.00498	0.00747	0.01028	0.01370	0.02959	0.80785	0.03550	0.01682	0.00685	0.00218	0.00311	0.01526	0.00498	0.00436
36	0.01113	0.00954	0.01113	0.00795	0.01272	0.00716	0.00636	0.01352	0.01113	0.01749	0.00954	0.01113	0.00795	0.00398	0.00398	0.00080	0.00398	0.00318	0.00318	0.84417
37	0.01267	0.01448	0.03167	0.02262	0.02805	0.01357	0.75837	0.01719	0.01267	0.01719	0.01086	0.01448	0.00814	0.00452	0.00633	0.00181	0.00905	0.00633	0.00271	0.00724
38	0.02041	0.01504	0.01611	0.01235	0.01665	0.01665	0.01020	0.75997	0.02524	0.03383	0.01289	0.01289	0.00913	0.00644	0.00537	0.00161	0.00591	0.00483	0.00537	0.00913
39	0.01113	0.00954	0.01113	0.00795	0.01272	0.00716	0.00636	0.01352	0.01113	0.01749	0.00954	0.01113	0.00795	0.00398	0.00398	0.00080	0.00398	0.00318	0.00318	0.84417
40	0.01267	0.01448	0.03167	0.02262	0.02805	0.01357	0.75837	0.01719	0.01267	0.01719	0.01086	0.01448	0.00814	0.00452	0.00633	0.00181	0.00905	0.00633	0.00271	0.00724
41	0.00654	0.00467	0.00623	0.00747	0.00779	0.00436	0.00498	0.00747	0.01028	0.01370	0.02959	0.80785	0.03550	0.01682	0.00685	0.00218	0.00311	0.01526	0.00498	0.00436
42	0.00780	0.00522	0.00593	0.00593	0.00596	0.00524	0.00335	0.00785	0.00783	0.01046	0.01685	0.03475	0.01935	0.79060	0.04785	0.00530	0.00545	0.00775	0.00324	0.00329
43	0.01329	0.01275	0.02179	0.03295	0.77787	0.01275	0.01647	0.01647	0.01222	0.01754	0.01010	0.01329	0.00850	0.00478	0.00531	0.00159	0.00638	0.00478	0.00266	0.00850
44	0.01267	0.01448	0.03167	0.02262	0.02805	0.01357	0.75837	0.01719	0.01267	0.01719	0.01086	0.01448	0.00814	0.00452	0.00633	0.00181	0.00905	0.00633	0.00271	0.00724
45	0.00865	0.00618	0.00865	0.00989	0.01112	0.00618	0.00865	0.01112	0.01236	0.01606	0.02842	0.06055	0.03089	0.01483	0.00741	0.00247	0.00494	0.74174	0.00494	0.00494
46	0.00668	0.00468	0.00618	0.00738	0.00773	0.00439	0.00493	0.00767	0.01032	0.01395	0.02911	0.77669	0.03464	0.01640	0.00673	0.00214	0.00309	0.01485	0.03805	0.00439
47	0.00865	0.00618	0.00865	0.00989	0.01112	0.00618	0.00865	0.01112	0.01236	0.01606	0.02842	0.06055	0.03089	0.01483	0.00741	0.00247	0.00494	0.74174	0.00494	0.00494
48	0.00831	0.00565	0.00735	0.00683	0.00825	0.00517	0.00516	0.01077	0.01509	0.05636	0.71171	0.03955	0.07760	0.01088	0.00629	0.00169	0.00263	0.00957	0.00591	0.00523
49	0.05348	0.01438	0.01549	0.01192	0.01616	0.01577	0.00984	0.67193	0.02381	0.09317	0.01334	0.01315	0.00933	0.00640	0.00529	0.00162	0.00573	0.00480	0.00539	0.00900
50	0.84927	0.01038	0.00789	0.00706	0.01038	0.01204	0.00581	0.01578	0.00914	0.02408	0.00747	0.00872	0.00581	0.00498	0.00332	0.00166	0.00415	0.00291	0.00332	0.00581
51	0.00781	0.00520	0.00585	0.00585	0.00585	0.00520	0.00325	0.00781	0.00781	0.01041	0.01691	0.03513	0.01952	0.81135	0.02732	0.00520	0.00520	0.00781	0.00325	0.00325
52	0.01370	0.57765	0.18731	0.04192	0.01684	0.05617	0.01173	0.01644	0.01120	0.01362	0.00805	0.00947	0.00688	0.00478	0.00394	0.00130	0.00645	0.00321	0.00232	0.00704
