[name]
unknown

[dist]
# distance from previous block
# <min> <max>
0	26

[block]
# block no. 0 follows, 42 sequences, length 36
# corresponding to MSA columns:
# 26-61
name=unknown_A
#
# <colnr> <probs for GDERKNQSTAVLIFYWHMCP>
#	G	D	E	R	K	N	Q	S	T	A	V	L	I	F	Y	W	H	M	C	P
0	0.00981	0.00675	0.00955	0.07580	0.01346	0.00676	0.00876	0.01221	0.01273	0.06109	0.05545	0.17524	0.03027	0.01415	0.00725	0.00236	0.00492	0.46592	0.00507	0.02246
1	0.01497	0.07849	0.01398	0.00999	0.01375	0.03711	0.00815	0.13420	0.05644	0.10643	0.03170	0.05810	0.03599	0.00734	0.00628	0.02398	0.04859	0.01853	0.00434	0.29164
2	0.03524	0.00845	0.01005	0.02793	0.01151	0.00829	0.00658	0.13020	0.01338	0.12729	0.01892	0.15983	0.01874	0.25107	0.02540	0.00299	0.00511	0.02730	0.00461	0.10710
3	0.01135	0.00895	0.01088	0.09495	0.01424	0.05112	0.00805	0.01402	0.06402	0.08301	0.03702	0.34101	0.02247	0.03150	0.00800	0.00204	0.08470	0.00964	0.00447	0.09854
4	0.04367	0.21190	0.08262	0.01214	0.03629	0.03095	0.01061	0.20409	0.20542	0.06134	0.01418	0.01420	0.01073	0.00619	0.00500	0.00160	0.00578	0.00469	0.00437	0.03422
5	0.01499	0.00978	0.01243	0.00920	0.01381	0.00776	0.03000	0.01743	0.01296	0.21337	0.03394	0.03887	0.01188	0.00552	0.00479	0.00117	0.00443	0.00461	0.00439	0.54866
6	0.01657	0.12173	0.04400	0.01637	0.04534	0.37459	0.19599	0.01907	0.01403	0.01511	0.01126	0.07834	0.01017	0.00637	0.00548	0.00162	0.00869	0.00542	0.00300	0.00685
7	0.01843	0.01195	0.04237	0.01107	0.01468	0.01174	0.00916	0.32492	0.04184	0.23025	0.01933	0.15912	0.01620	0.01074	0.04890	0.00223	0.00579	0.00728	0.00565	0.00834
8	0.00687	0.00503	0.00640	0.00748	0.00802	0.00463	0.00503	0.00788	0.01098	0.01437	0.03423	0.66909	0.13880	0.04289	0.00781	0.00234	0.00328	0.01516	0.00516	0.00456
9	0.32821	0.01006	0.01128	0.00904	0.01307	0.00989	0.00746	0.02339	0.01369	0.49438	0.01687	0.01544	0.01102	0.00632	0.00485	0.00174	0.00463	0.00469	0.00567	0.00829
10	0.06297	0.01174	0.01364	0.07683	0.01647	0.01260	0.00927	0.31290	0.09319	0.16037	0.01654	0.07641	0.01306	0.02159	0.00694	0.04974	0.00541	0.00603	0.00519	0.02913
11	0.01279	0.00670	0.00925	0.00879	0.01059	0.00603	0.02680	0.01423	0.01252	0.24958	0.02858	0.47050	0.06534	0.04086	0.00741	0.00220	0.00397	0.01205	0.00564	0.00618
12	0.00718	0.00534	0.00662	0.00708	0.00803	0.00486	0.00497	0.00870	0.01260	0.01677	0.24675	0.38831	0.19984	0.04659	0.00777	0.00218	0.00309	0.01311	0.00543	0.00478
13	0.01230	0.02432	0.55142	0.01720	0.08058	0.01311	0.06646	0.03829	0.07581	0.03264	0.02784	0.01385	0.00939	0.00567	0.00552	0.00179	0.00770	0.00476	0.00298	0.00836
14	0.01903	0.01408	0.01477	0.01211	0.01550	0.08711	0.00973	0.36517	0.07913	0.14441	0.01655	0.09955	0.01345	0.00821	0.00685	0.00182	0.07255	0.00630	0.00527	0.00840
15	0.02500	0.00998	0.01331	0.01020	0.01456	0.00886	0.00843	0.07380	0.01677	0.72371	0.02164	0.01879	0.01365	0.00695	0.00566	0.00174	0.00488	0.00562	0.00688	0.00958
16	0.00728	0.00560	0.00665	0.00665	0.00805	0.00498	0.00489	0.00919	0.01392	0.01841	0.37284	0.16080	0.33342	0.01352	0.00673	0.00190	0.00282	0.01173	0.00566	0.00498
17	0.01980	0.01317	0.01517	0.01238	0.03108	0.01424	0.00986	0.47814	0.02154	0.16505	0.01666	0.10304	0.01335	0.00816	0.00652	0.00181	0.04924	0.00640	0.00559	0.00880
18	0.01722	0.01193	0.01319	0.01115	0.01474	0.01301	0.00887	0.15870	0.43874	0.17484	0.02277	0.02094	0.05274	0.00767	0.00574	0.00183	0.00476	0.00626	0.00593	0.00895
19	0.01267	0.01235	0.02036	0.46918	0.03226	0.03754	0.17044	0.08544	0.01308	0.01709	0.01039	0.01454	0.00790	0.00587	0.00680	0.00189	0.06714	0.00531	0.00288	0.00685
20	0.02046	0.01487	0.01590	0.01229	0.01652	0.01641	0.01012	0.68568	0.02521	0.03423	0.01392	0.01415	0.00998	0.00674	0.00549	0.00166	0.00589	0.00508	0.07619	0.00920
21	0.01558	0.01063	0.01300	0.01084	0.01409	0.01076	0.02901	0.21027	0.08391	0.14292	0.01952	0.16862	0.01768	0.00928	0.00639	0.00180	0.03430	0.06224	0.00520	0.13396
22	0.00968	0.00782	0.01148	0.31053	0.02081	0.00845	0.00954	0.02984	0.01175	0.03428	0.06084	0.27304	0.04418	0.04222	0.02866	0.00225	0.00546	0.00910	0.00398	0.07608
23	0.00765	0.00570	0.00748	0.02991	0.00941	0.00571	0.00580	0.02306	0.02290	0.01498	0.05174	0.63872	0.05182	0.05930	0.00862	0.00241	0.03076	0.01424	0.00500	0.00480
24	0.74219	0.01072	0.00886	0.00772	0.01131	0.01209	0.00636	0.01787	0.01038	0.11637	0.00959	0.01037	0.00705	0.00544	0.00375	0.00174	0.00441	0.00337	0.00391	0.00652
25	0.03923	0.00977	0.01589	0.66718	0.06223	0.01194	0.01432	0.01404	0.01099	0.01461	0.01061	0.01661	0.00861	0.07317	0.00750	0.00217	0.00719	0.00520	0.00262	0.00610
26	0.02221	0.00980	0.01271	0.01000	0.01393	0.00904	0.00816	0.08849	0.05812	0.57540	0.11059	0.02151	0.01843	0.00753	0.00578	0.00175	0.00464	0.00619	0.00669	0.00903
27	0.01429	0.00831	0.01017	0.00895	0.01156	0.00815	0.00695	0.01973	0.19237	0.24121	0.25429	0.09538	0.08482	0.00997	0.00618	0.00185	0.00378	0.00856	0.00615	0.00732
28	0.01231	0.01231	0.01724	0.01477	0.01477	0.01724	0.01231	0.01354	0.00862	0.01354	0.00739	0.01231	0.00739	0.00985	0.01847	0.00246	0.79192	0.00492	0.00246	0.00616
29	0.06566	0.00964	0.01282	0.00988	0.01419	0.00849	0.00816	0.02689	0.01578	0.73411	0.02149	0.01866	0.01354	0.00688	0.00555	0.00174	0.00477	0.00553	0.00679	0.00940
30	0.01207	0.01161	0.02032	0.28877	0.08827	0.01322	0.18777	0.01570	0.03367	0.03448	0.01203	0.04294	0.01023	0.00786	0.02741	0.00218	0.15344	0.02824	0.00299	0.00681
31	0.01116	0.00741	0.00827	0.00754	0.01002	0.00691	0.00586	0.01514	0.13329	0.14722	0.08680	0.04225	0.45917	0.01179	0.00635	0.00188	0.00348	0.02348	0.00566	0.00629
32	0.00716	0.00571	0.00645	0.00662	0.00809	0.00508	0.00483	0.00913	0.03375	0.01670	0.18984	0.22083	0.43717	0.01430	0.00674	0.00196	0.00295	0.01233	0.00543	0.00494
33	0.01320	0.01219	0.01989	0.34285	0.40398	0.01336	0.01604	0.07811	0.01333	0.01819	0.01059	0.01434	0.00839	0.00541	0.00560	0.00176	0.00698	0.00501	0.00291	0.00787
34	0.01304	0.01133	0.01170	0.01085	0.01330	0.05446	0.00827	0.06266	0.46863	0.02121	0.02289	0.19652	0.02042	0.00980	0.00636	0.00196	0.02799	0.00826	0.02266	0.00767
35	0.07807	0.00601	0.00725	0.00792	0.00869	0.00612	0.00558	0.00899	0.01075	0.01526	0.03072	0.55968	0.13143	0.03553	0.00807	0.00228	0.05457	0.01342	0.00485	0.00480

[dist]
# distance from previous block
# <min> <max>
1	3

[block]
# block no. 1 follows, 42 sequences, length 31
# corresponding to MSA columns:
# 65-95
name=unknown_B
#
# <colnr> <probs for GDERKNQSTAVLIFYWHMCP>
#	G	D	E	R	K	N	Q	S	T	A	V	L	I	F	Y	W	H	M	C	P
0	0.04856	0.00984	0.01177	0.00892	0.01321	0.00830	0.00716	0.03983	0.01291	0.16415	0.03847	0.05064	0.01217	0.00589	0.00518	0.00123	0.03069	0.00470	0.00427	0.52213
1	0.00924	0.00697	0.00827	0.00798	0.00950	0.00665	0.00572	0.08724	0.01286	0.01736	0.08862	0.35862	0.12676	0.11439	0.00950	0.00238	0.01635	0.01126	0.00487	0.09545
2	0.01380	0.01154	0.01270	0.00946	0.01413	0.03409	0.00758	0.16520	0.01482	0.02157	0.01143	0.04002	0.00958	0.00523	0.00460	0.00108	0.00474	0.00415	0.00386	0.61041
3	0.01636	0.01179	0.01394	0.09268	0.01730	0.01169	0.00917	0.28108	0.03350	0.10332	0.01374	0.03995	0.01058	0.00613	0.00513	0.00143	0.00525	0.00491	0.02585	0.29616
4	0.00830	0.00565	0.00638	0.00641	0.00654	0.00569	0.00370	0.00889	0.03344	0.01153	0.01866	0.07955	0.02130	0.73102	0.02666	0.00516	0.00530	0.00857	0.00359	0.00366
5	0.00689	0.00508	0.00645	0.00744	0.00808	0.00464	0.00507	0.00803	0.01141	0.01497	0.07699	0.63125	0.15966	0.01672	0.00706	0.00219	0.00316	0.01498	0.00528	0.00464
6	0.01706	0.01131	0.01269	0.02875	0.01416	0.01212	0.00846	0.38626	0.04410	0.10266	0.01795	0.12512	0.01501	0.00886	0.01873	0.00185	0.00512	0.00674	0.15513	0.00792
7	0.01995	0.09454	0.01626	0.01296	0.01623	0.51262	0.01007	0.02306	0.09385	0.11204	0.01291	0.01331	0.02577	0.00624	0.00512	0.00152	0.00832	0.00430	0.00373	0.00719
8	0.01170	0.01142	0.01607	0.01396	0.01410	0.01579	0.01156	0.01305	0.00868	0.01348	0.00848	0.01370	0.00834	0.01445	0.12673	0.00340	0.68147	0.00508	0.00254	0.00600
9	0.00700	0.00496	0.00649	0.00766	0.00795	0.00466	0.00503	0.00787	0.01050	0.01400	0.02961	0.71799	0.03545	0.10061	0.00945	0.00262	0.00350	0.01517	0.00503	0.00445
10	0.00760	0.00600	0.00689	0.00679	0.00837	0.00547	0.00504	0.01027	0.05607	0.01844	0.32593	0.12631	0.37004	0.01317	0.00665	0.00189	0.00291	0.01134	0.00563	0.00518
11	0.02054	0.02552	0.01606	0.01445	0.01725	0.70322	0.01095	0.05350	0.01599	0.01470	0.00883	0.01042	0.00736	0.00607	0.00586	0.00152	0.05437	0.00376	0.00299	0.00664
12	0.00833	0.00588	0.00789	0.00897	0.00979	0.00580	0.00708	0.01005	0.01156	0.01517	0.02806	0.25436	0.03163	0.15050	0.01118	0.00300	0.00472	0.41642	0.00489	0.00472
13	0.00804	0.00603	0.00904	0.00904	0.01005	0.00703	0.00703	0.01005	0.00904	0.01306	0.01507	0.02211	0.01407	0.04221	0.77992	0.00904	0.01507	0.00603	0.00301	0.00502
14	0.02156	0.01550	0.01673	0.01282	0.01732	0.01706	0.01059	0.71748	0.02602	0.06697	0.01388	0.01375	0.00976	0.00676	0.00563	0.00169	0.00613	0.00509	0.00569	0.00957
15	0.01393	0.01337	0.02284	0.03454	0.76712	0.01337	0.01727	0.01727	0.01281	0.01839	0.01059	0.01393	0.00891	0.00501	0.00557	0.00167	0.00669	0.00501	0.00279	0.00891
16	0.00849	0.00609	0.00760	0.00825	0.00900	0.00600	0.00567	0.08618	0.01225	0.01635	0.02821	0.66044	0.03308	0.07322	0.00857	0.00245	0.00373	0.01428	0.00514	0.00502
17	0.01593	0.68986	0.02748	0.01035	0.01488	0.13484	0.00981	0.01769	0.01211	0.01332	0.00795	0.00919	0.00723	0.00496	0.00383	0.00124	0.00663	0.00310	0.00248	0.00712
18	0.00946	0.00716	0.01031	0.08997	0.01336	0.00769	0.03193	0.03393	0.01144	0.05406	0.02462	0.54107	0.02788	0.01422	0.00811	0.00220	0.09003	0.01247	0.00467	0.00543
19	0.01066	0.00897	0.01057	0.00816	0.01224	0.00690	0.00634	0.01286	0.01155	0.01754	0.01524	0.15051	0.03861	0.00686	0.00478	0.00112	0.00397	0.00583	0.00373	0.66357
20	0.11990	0.08917	0.11011	0.01248	0.01661	0.23279	0.01104	0.16766	0.06456	0.06753	0.01204	0.01277	0.01905	0.00623	0.00547	0.00164	0.03507	0.00432	0.00387	0.00768
21	0.01861	0.01283	0.01438	0.01127	0.01536	0.01327	0.00913	0.44462	0.03947	0.12304	0.01614	0.09715	0.01304	0.00754	0.00557	0.00163	0.00534	0.00606	0.00539	0.14017
22	0.02525	0.00958	0.01306	0.01001	0.01437	0.00827	0.00827	0.02743	0.01611	0.77102	0.02220	0.01915	0.01393	0.00697	0.00566	0.00174	0.00479	0.00566	0.00697	0.00958
23	0.01471	0.01271	0.06068	0.12435	0.02220	0.03112	0.23171	0.03638	0.01294	0.16944	0.01505	0.09864	0.01259	0.02679	0.00819	0.00204	0.10251	0.00678	0.00390	0.00727
24	0.01170	0.00788	0.00943	0.00907	0.01083	0.00794	0.00670	0.15676	0.05184	0.08522	0.05132	0.46942	0.07175	0.01367	0.00662	0.00206	0.00399	0.01203	0.00551	0.00624
25	0.00988	0.00605	0.00795	0.00788	0.00922	0.00560	0.00574	0.01210	0.03198	0.11533	0.34858	0.35035	0.04065	0.01335	0.00671	0.00198	0.00322	0.01190	0.00588	0.00564
26	0.00700	0.00496	0.00649	0.00766	0.00795	0.00466	0.00503	0.00787	0.01050	0.01400	0.02961	0.71799	0.03545	0.10061	0.00945	0.00262	0.00350	0.01517	0.00503	0.00445
27	0.01595	0.01162	0.01621	0.11538	0.01920	0.01240	0.10211	0.24770	0.01695	0.13720	0.01956	0.07307	0.09161	0.00931	0.03269	0.00211	0.05773	0.00684	0.00471	0.00766
28	0.01090	0.00799	0.01021	0.00972	0.01134	0.00813	0.03831	0.16559	0.03918	0.03687	0.02565	0.53475	0.02850	0.03534	0.00733	0.00220	0.00428	0.01252	0.00522	0.00599
29	0.01406	0.16692	0.04088	0.01116	0.01444	0.08444	0.00928	0.04866	0.38014	0.01948	0.01913	0.09985	0.03175	0.00807	0.00574	0.00177	0.02549	0.00645	0.00456	0.00775
30	0.01221	0.01103	0.01219	0.00900	0.01363	0.04989	0.00719	0.01459	0.01174	0.01784	0.00980	0.01162	0.00823	0.00455	0.00496	0.00095	0.04545	0.00343	0.00327	0.74843

[dist]
# distance from previous block
# <min> <max>
0	2

[block]
# block no. 2 follows, 42 sequences, length 32
# corresponding to MSA columns:
# 98-129
name=unknown_C
#
# <colnr> <probs for GDERKNQSTAVLIFYWHMCP>
#	G	D	E	R	K	N	Q	S	T	A	V	L	I	F	Y	W	H	M	C	P
0	0.01608	0.06061	0.02588	0.07271	0.01629	0.04209	0.00961	0.27924	0.06825	0.07525	0.03170	0.03732	0.01260	0.04915	0.05876	0.00237	0.05007	0.00555	0.04472	0.04174
1	0.01107	0.01000	0.01466	0.45575	0.02791	0.01037	0.01181	0.01429	0.01143	0.01607	0.01000	0.01358	0.00786	0.00500	0.00500	0.00143	0.00608	0.00429	0.00286	0.36054
2	0.01912	0.07883	0.01681	0.01252	0.01655	0.10739	0.01022	0.43688	0.19426	0.02835	0.01468	0.01450	0.01088	0.00669	0.00543	0.00167	0.00624	0.00503	0.00507	0.00887
3	0.00796	0.00575	0.00752	0.00708	0.00841	0.00531	0.00531	0.01062	0.01593	0.02257	0.76415	0.04204	0.05310	0.01150	0.00664	0.00177	0.00265	0.01018	0.00619	0.00531
4	0.00796	0.00575	0.00752	0.00708	0.00841	0.00531	0.00531	0.01062	0.01593	0.02257	0.76415	0.04204	0.05310	0.01150	0.00664	0.00177	0.00265	0.01018	0.00619	0.00531
5	0.01716	0.01393	0.01616	0.01308	0.01703	0.01552	0.06817	0.34143	0.38030	0.02829	0.01791	0.01728	0.01318	0.00702	0.00576	0.00181	0.00561	0.00582	0.00546	0.00909
6	0.00939	0.00508	0.00734	0.00734	0.00744	0.00517	0.00490	0.00771	0.00761	0.01025	0.01137	0.02026	0.01164	0.12764	0.09683	0.64317	0.00596	0.00544	0.00263	0.00283
7	0.01400	0.01209	0.01273	0.01145	0.01463	0.01400	0.00891	0.02990	0.75695	0.02354	0.02291	0.02100	0.01718	0.00764	0.00573	0.00191	0.00445	0.00636	0.00573	0.00891
8	0.02375	0.01198	0.01455	0.01115	0.01556	0.01184	0.00921	0.30745	0.02013	0.48531	0.01883	0.01696	0.01224	0.00688	0.00565	0.00172	0.00533	0.00543	0.00645	0.00957
9	0.00705	0.00498	0.00647	0.00759	0.00787	0.00470	0.00496	0.00789	0.01040	0.01387	0.02911	0.68943	0.03482	0.13003	0.01026	0.00274	0.00358	0.01488	0.00496	0.00440
10	0.00678	0.00571	0.00588	0.00584	0.00768	0.00481	0.00438	0.00833	0.01314	0.01595	0.12832	0.05294	0.69307	0.01398	0.00665	0.00189	0.00283	0.01171	0.00532	0.00481
11	0.02205	0.01471	0.01624	0.01245	0.01693	0.01589	0.01028	0.62581	0.02470	0.16050	0.01499	0.01447	0.01031	0.00679	0.00563	0.00170	0.00595	0.00517	0.00586	0.00957
12	0.77693	0.01127	0.00895	0.00784	0.01140	0.01301	0.00646	0.07455	0.01092	0.02606	0.00829	0.00949	0.00637	0.00535	0.00365	0.00174	0.00450	0.00321	0.00365	0.00637
13	0.01806	0.01084	0.01292	0.01072	0.01358	0.02651	0.00857	0.22592	0.01676	0.26121	0.01870	0.14178	0.01573	0.03356	0.00801	0.00198	0.09904	0.00706	0.06123	0.00782
14	0.01507	0.00788	0.01020	0.00857	0.01121	0.00731	0.00677	0.07497	0.01683	0.28512	0.44539	0.03178	0.03596	0.00954	0.00622	0.00175	0.00368	0.00819	0.00642	0.00714
15	0.01347	0.01529	0.03131	0.02314	0.04910	0.03775	0.65400	0.01784	0.01304	0.01761	0.01101	0.01480	0.00843	0.00513	0.00736	0.00192	0.06211	0.00639	0.00282	0.00750
16	0.01815	0.02176	0.01541	0.01392	0.01613	0.53790	0.01065	0.04217	0.02824	0.01463	0.01063	0.07336	0.00991	0.00756	0.00778	0.00172	0.15557	0.00494	0.00314	0.00644
17	0.58880	0.01173	0.01057	0.07583	0.01436	0.04784	0.00781	0.05289	0.01133	0.08574	0.00951	0.01088	0.00714	0.00571	0.00468	0.00177	0.03947	0.00364	0.00372	0.00659
18	0.01158	0.04959	0.01745	0.36023	0.02534	0.01510	0.01352	0.01396	0.00998	0.01392	0.00907	0.02964	0.00805	0.00788	0.01178	0.00214	0.38694	0.00510	0.00253	0.00622
19	0.00992	0.00740	0.00874	0.00746	0.00923	0.00681	0.00513	0.01091	0.00956	0.03104	0.01471	0.02652	0.01550	0.46038	0.04193	0.00381	0.04344	0.00631	0.00341	0.27780
20	0.01470	0.01022	0.01202	0.01049	0.01303	0.01109	0.00822	0.19644	0.15356	0.12228	0.06493	0.19405	0.05679	0.01130	0.03017	0.00216	0.06722	0.00846	0.00542	0.00745
21	0.01597	0.03813	0.07490	0.01174	0.01579	0.01305	0.04237	0.31383	0.10227	0.06472	0.01728	0.08713	0.03634	0.05143	0.00690	0.00190	0.00563	0.00637	0.00483	0.08943
22	0.02510	0.00981	0.01321	0.01012	0.01448	0.00862	0.00836	0.05486	0.01650	0.74302	0.02187	0.01894	0.01376	0.00696	0.00566	0.00174	0.00484	0.00564	0.00691	0.00958
23	0.00693	0.00500	0.00644	0.00755	0.00798	0.00465	0.00502	0.00788	0.01075	0.01419	0.03207	0.68855	0.09150	0.07225	0.00864	0.00248	0.00339	0.01514	0.00510	0.00450
24	0.01159	0.00930	0.01122	0.04546	0.07200	0.04427	0.00810	0.14142	0.01405	0.03127	0.06848	0.32764	0.03885	0.08760	0.02235	0.00245	0.04319	0.01007	0.00462	0.00607
25	0.01330	0.01303	0.10441	0.01304	0.01518	0.05035	0.04211	0.01550	0.01119	0.12301	0.01521	0.14835	0.01459	0.01131	0.04194	0.00244	0.32026	0.03443	0.00373	0.00663
26	0.00813	0.00543	0.00616	0.00621	0.00623	0.00542	0.00349	0.00817	0.00830	0.01106	0.01831	0.07015	0.02119	0.76790	0.02770	0.00532	0.00536	0.00853	0.00349	0.00346
27	0.01588	0.01020	0.01206	0.03257	0.01370	0.01028	0.00792	0.22157	0.07066	0.17095	0.16481	0.06177	0.03567	0.06346	0.00740	0.00195	0.00470	0.00701	0.00553	0.08191
28	0.03835	0.07136	0.10547	0.09025	0.01874	0.22443	0.01146	0.07851	0.04241	0.18095	0.01373	0.04957	0.01061	0.00672	0.00576	0.00169	0.03324	0.00504	0.00407	0.00764
29	0.00897	0.00641	0.00895	0.01025	0.01150	0.00639	0.00889	0.01148	0.01286	0.01673	0.02985	0.09717	0.03261	0.01564	0.00775	0.00258	0.00509	0.69655	0.00518	0.00515
30	0.00893	0.00776	0.01201	0.38709	0.02329	0.00902	0.01056	0.01129	0.01101	0.01437	0.02098	0.34564	0.05669	0.01128	0.00693	0.00208	0.04189	0.00995	0.00377	0.00547
31	0.01078	0.00992	0.01645	0.66781	0.07783	0.01217	0.01484	0.01431	0.01128	0.01490	0.01083	0.03274	0.00858	0.00603	0.00595	0.00186	0.03012	0.00526	0.04203	0.00632

[dist]
# distance from previous block
# <min> <max>
0	1

[block]
# block no. 3 follows, 42 sequences, length 19
# corresponding to MSA columns:
# 131-149
name=unknown_D
#
# <colnr> <probs for GDERKNQSTAVLIFYWHMCP>
#	G	D	E	R	K	N	Q	S	T	A	V	L	I	F	Y	W	H	M	C	P
0	0.03112	0.17480	0.31202	0.06176	0.01987	0.01359	0.05094	0.05475	0.01297	0.09441	0.03514	0.08915	0.01228	0.00683	0.00531	0.00172	0.00666	0.00560	0.00346	0.00763
1	0.27578	0.01231	0.01192	0.03698	0.01410	0.04031	0.00809	0.30147	0.01692	0.02718	0.01235	0.03125	0.00960	0.00628	0.00464	0.00161	0.00510	0.00456	0.12531	0.05422
2	0.00758	0.00584	0.00703	0.00683	0.00839	0.00514	0.00505	0.00958	0.01390	0.01871	0.38270	0.16342	0.27279	0.01292	0.00659	0.00184	0.00290	0.01125	0.00557	0.05197
3	0.01265	0.01168	0.05464	0.25105	0.02460	0.01171	0.17988	0.07555	0.01315	0.07199	0.04422	0.09998	0.01413	0.05767	0.00820	0.00215	0.04936	0.00695	0.00365	0.00677
4	0.01232	0.00998	0.01174	0.00842	0.01339	0.00754	0.00675	0.01481	0.01188	0.05460	0.01059	0.01203	0.00860	0.00430	0.00424	0.00088	0.00420	0.00345	0.00351	0.79679
5	0.02102	0.02682	0.01595	0.01450	0.01740	0.77963	0.01087	0.02247	0.01595	0.01377	0.00870	0.01015	0.00725	0.00580	0.00507	0.00145	0.01015	0.00362	0.00290	0.00652
6	0.01487	0.75570	0.02872	0.00995	0.01446	0.02195	0.00980	0.01664	0.01126	0.01326	0.00780	0.00923	0.00723	0.00513	0.00455	0.00128	0.05546	0.00313	0.00241	0.00715
7	0.00818	0.00546	0.00614	0.00614	0.00614	0.00546	0.00341	0.00818	0.00818	0.01091	0.01773	0.03683	0.02046	0.80222	0.02864	0.00546	0.00546	0.00818	0.00341	0.00341
8	0.01400	0.01209	0.01273	0.01145	0.01463	0.01400	0.00891	0.02990	0.75695	0.02354	0.02291	0.02100	0.01718	0.00764	0.00573	0.00191	0.00445	0.00636	0.00573	0.00891
9	0.00793	0.00543	0.00631	0.00647	0.00667	0.00539	0.00387	0.00823	0.00881	0.01169	0.02144	0.13052	0.06422	0.62167	0.06407	0.00505	0.00554	0.00924	0.00371	0.00371
10	0.01167	0.01000	0.01167	0.00834	0.01334	0.00750	0.00667	0.01417	0.01167	0.01834	0.01000	0.01167	0.00834	0.00417	0.00417	0.00083	0.00417	0.00333	0.00333	0.83663
11	0.04144	0.00777	0.00793	0.00702	0.00912	0.00820	0.00551	0.17603	0.01497	0.02433	0.01692	0.01892	0.01306	0.00655	0.00429	0.00141	0.00347	0.00513	0.62168	0.00623
12	0.01776	0.00805	0.01071	0.00907	0.01201	0.00726	0.00713	0.02049	0.05038	0.44130	0.18521	0.15947	0.02665	0.00984	0.00614	0.00185	0.00404	0.00847	0.00644	0.00775
13	0.00798	0.00537	0.00620	0.00640	0.00644	0.00532	0.00368	0.00813	0.00858	0.01143	0.01974	0.15217	0.02300	0.68342	0.02539	0.00498	0.00512	0.00937	0.00368	0.00359
14	0.01393	0.01337	0.02284	0.03454	0.76712	0.01337	0.01727	0.01727	0.01281	0.01839	0.01059	0.01393	0.00891	0.00501	0.00557	0.00167	0.00669	0.00501	0.00279	0.00891
15	0.02507	0.00987	0.01324	0.01015	0.01451	0.00870	0.00838	0.06109	0.01659	0.73666	0.02180	0.01889	0.01373	0.00696	0.00566	0.00174	0.00485	0.00563	0.00690	0.00958
16	0.02090	0.01290	0.01462	0.01139	0.01547	0.01359	0.00934	0.45763	0.04068	0.22961	0.05922	0.01722	0.01367	0.00709	0.00561	0.00169	0.00539	0.00556	0.04933	0.00909
17	0.17416	0.01125	0.01266	0.01002	0.01415	0.05021	0.00822	0.08727	0.01580	0.53157	0.01812	0.01637	0.01177	0.00657	0.00523	0.00172	0.00511	0.00502	0.00600	0.00878
18	0.03760	0.01231	0.01366	0.01090	0.01445	0.01310	0.00873	0.45066	0.02072	0.14763	0.01760	0.07104	0.03187	0.08973	0.00804	0.00212	0.00547	0.00635	0.02973	0.00827

[dist]
# distance from previous block
# <min> <max>
3	6

[block]
# block no. 4 follows, 42 sequences, length 17
# corresponding to MSA columns:
# 156-172
name=unknown_E
#
# <colnr> <probs for GDERKNQSTAVLIFYWHMCP>
#	G	D	E	R	K	N	Q	S	T	A	V	L	I	F	Y	W	H	M	C	P
0	0.01377	0.01020	0.01187	0.00901	0.01322	0.00878	0.00711	0.12868	0.01405	0.08413	0.01355	0.06859	0.01181	0.05947	0.00638	0.00146	0.00456	0.00500	0.00414	0.52422
1	0.06945	0.00858	0.01052	0.06152	0.01287	0.00918	0.00753	0.09701	0.06204	0.09495	0.23397	0.13717	0.02772	0.07177	0.00862	0.00219	0.05306	0.02036	0.00514	0.00636
2	0.01103	0.00826	0.00942	0.00882	0.01095	0.00857	0.00679	0.03871	0.25069	0.06024	0.18904	0.07338	0.15914	0.06560	0.00791	0.00219	0.00393	0.07320	0.00557	0.00653
3	0.79708	0.01081	0.00853	0.00754	0.01107	0.01239	0.00621	0.01714	0.00994	0.06624	0.00863	0.00969	0.00653	0.00532	0.00360	0.00174	0.00438	0.00319	0.00367	0.00629
4	0.01188	0.01115	0.01850	0.24309	0.29568	0.01136	0.07308	0.01511	0.01206	0.01684	0.01252	0.07609	0.01124	0.00631	0.00563	0.00169	0.00643	0.02630	0.00305	0.14197
5	0.01244	0.01383	0.02971	0.02164	0.02663	0.01297	0.64959	0.01669	0.01295	0.01755	0.01396	0.11776	0.01229	0.00643	0.00671	0.00195	0.00867	0.00787	0.00316	0.00719
6	0.00728	0.00552	0.00666	0.00702	0.00818	0.00499	0.00510	0.00889	0.01278	0.01670	0.22247	0.27124	0.28506	0.05258	0.00794	0.00220	0.00321	0.06200	0.00538	0.00480
7	0.01231	0.01231	0.01724	0.01477	0.01477	0.01724	0.01231	0.01354	0.00862	0.01354	0.00739	0.01231	0.00739	0.00985	0.01847	0.00246	0.79192	0.00492	0.00246	0.00616
8	0.17947	0.01050	0.01257	0.00984	0.01404	0.01009	0.00812	0.10361	0.01599	0.54997	0.01854	0.01665	0.01197	0.00661	0.00524	0.00174	0.00486	0.00510	0.00616	0.00892
9	0.00755	0.00544	0.00687	0.00777	0.00833	0.00518	0.00523	0.03813	0.01132	0.01498	0.03077	0.65499	0.07977	0.08427	0.00893	0.00251	0.00355	0.01463	0.00509	0.00469
10	0.02304	0.01100	0.01373	0.01061	0.01481	0.01057	0.00873	0.22265	0.01891	0.52029	0.06979	0.01916	0.01538	0.00721	0.00572	0.00173	0.00503	0.00580	0.00655	0.00929
11	0.00809	0.00621	0.00743	0.00766	0.00888	0.00605	0.00548	0.01147	0.10865	0.01770	0.22598	0.33903	0.16512	0.04620	0.00764	0.00216	0.00328	0.01219	0.00547	0.00531
12	0.01317	0.01260	0.02147	0.20774	0.59984	0.01317	0.01689	0.01661	0.01246	0.01747	0.01045	0.01418	0.00859	0.00515	0.00558	0.00172	0.00687	0.00501	0.00272	0.00830
13	0.08572	0.02293	0.01009	0.00878	0.01100	0.00975	0.00664	0.14202	0.12908	0.06191	0.09172	0.13790	0.04250	0.14127	0.00947	0.00242	0.00443	0.00790	0.06798	0.00649
14	0.68761	0.01105	0.00925	0.00809	0.01156	0.01258	0.00661	0.09228	0.01162	0.05246	0.01005	0.04795	0.00823	0.00604	0.00396	0.00176	0.00451	0.00397	0.00391	0.00651
15	0.00935	0.00918	0.03585	0.07115	0.01618	0.03087	0.17504	0.01169	0.01135	0.01501	0.02264	0.33420	0.06799	0.04902	0.11040	0.00313	0.00698	0.01043	0.00396	0.00557
16	0.00804	0.00621	0.00696	0.00703	0.00865	0.00568	0.00530	0.05420	0.01305	0.01626	0.05985	0.17052	0.47124	0.01474	0.00780	0.05818	0.00346	0.07284	0.00508	0.00491

[dist]
# distance from previous block
# <min> <max>
0	1

[block]
# block no. 5 follows, 42 sequences, length 66
# corresponding to MSA columns:
# 174-239
name=unknown_F
#
# <colnr> <probs for GDERKNQSTAVLIFYWHMCP>
#	G	D	E	R	K	N	Q	S	T	A	V	L	I	F	Y	W	H	M	C	P
0	0.09353	0.10362	0.04615	0.04131	0.03002	0.07140	0.00905	0.15082	0.01442	0.06476	0.05137	0.09535	0.01498	0.04853	0.03628	0.02747	0.03834	0.01860	0.03728	0.00675
1	0.01483	0.74225	0.02851	0.01004	0.01447	0.02187	0.00984	0.01659	0.01121	0.01326	0.00779	0.00929	0.00724	0.00522	0.00480	0.00130	0.06879	0.00316	0.00241	0.00714
2	0.01208	0.00758	0.00958	0.00809	0.01067	0.00675	0.00629	0.05013	0.01558	0.14601	0.45222	0.05582	0.03632	0.00946	0.00602	0.00162	0.00346	0.00820	0.00577	0.14834
3	0.00818	0.00548	0.00627	0.00627	0.00631	0.00553	0.00357	0.00827	0.00822	0.01101	0.01761	0.03617	0.02017	0.76811	0.06236	0.00562	0.00589	0.00809	0.00339	0.00348
4	0.00792	0.00575	0.00746	0.00704	0.00838	0.00529	0.00528	0.01054	0.01583	0.02233	0.74157	0.04242	0.07583	0.01159	0.00664	0.00177	0.00266	0.01023	0.00616	0.00529
5	0.53233	0.01140	0.01047	0.00875	0.01248	0.01258	0.00720	0.15810	0.01388	0.13055	0.01319	0.01345	0.04281	0.00618	0.00434	0.00174	0.00470	0.00421	0.00446	0.00718
6	0.01208	0.00678	0.00694	0.00637	0.00814	0.00702	0.00492	0.12006	0.01393	0.02309	0.01765	0.01989	0.01372	0.00659	0.00418	0.00137	0.00314	0.00522	0.71305	0.00587
7	0.11638	0.01348	0.01483	0.01149	0.01584	0.01434	0.00949	0.46348	0.02164	0.23950	0.01529	0.01459	0.01039	0.00664	0.00539	0.00171	0.00559	0.00500	0.00576	0.00917
8	0.02168	0.00881	0.01174	0.00930	0.01301	0.00778	0.00757	0.02425	0.03132	0.60239	0.11447	0.02219	0.01892	0.00751	0.00565	0.00171	0.00434	0.00620	0.07245	0.00869
9	0.00821	0.00591	0.00727	0.00740	0.00757	0.00621	0.00480	0.00874	0.00933	0.01265	0.05482	0.21773	0.02526	0.49258	0.02109	0.00421	0.06761	0.03060	0.00395	0.00404
10	0.01524	0.74569	0.02849	0.01001	0.01459	0.05701	0.00977	0.01701	0.01156	0.01327	0.00785	0.00918	0.00723	0.00501	0.00413	0.00125	0.03002	0.00310	0.00243	0.00716
11	0.00907	0.00648	0.00907	0.01036	0.01166	0.00648	0.00907	0.01166	0.01296	0.01684	0.02980	0.06348	0.03239	0.01555	0.00777	0.00259	0.00518	0.72924	0.00518	0.00518
12	0.00804	0.00603	0.00904	0.00904	0.01005	0.00703	0.00703	0.01005	0.00904	0.01306	0.01507	0.02211	0.01407	0.04221	0.77992	0.00904	0.01507	0.00603	0.00301	0.00502
13	0.03857	0.00834	0.00955	0.00845	0.01038	0.00887	0.00648	0.15764	0.01405	0.09683	0.01776	0.07224	0.01581	0.14996	0.05944	0.00282	0.04137	0.02537	0.24985	0.00622
14	0.01393	0.01337	0.02284	0.03454	0.76712	0.01337	0.01727	0.01727	0.01281	0.01839	0.01059	0.01393	0.00891	0.00501	0.00557	0.00167	0.00669	0.00501	0.00279	0.00891
15	0.01399	0.01142	0.01195	0.01075	0.01375	0.02472	0.00840	0.05911	0.57729	0.04363	0.02359	0.02319	0.04984	0.00799	0.00567	0.00186	0.00444	0.02830	0.07178	0.00833
16	0.70551	0.01077	0.00951	0.05918	0.02845	0.01228	0.00712	0.01729	0.01027	0.08396	0.00918	0.01042	0.00687	0.00539	0.00384	0.00175	0.00464	0.00342	0.00368	0.00644
17	0.00812	0.00624	0.00906	0.20680	0.01579	0.00667	0.00773	0.00990	0.01090	0.01476	0.02434	0.51960	0.02748	0.03622	0.00716	0.00220	0.00436	0.01218	0.06546	0.00502
18	0.03348	0.00969	0.01467	0.31399	0.16014	0.01039	0.01191	0.01474	0.05011	0.03622	0.01536	0.17589	0.01461	0.00794	0.00571	0.00179	0.00576	0.00710	0.00352	0.10698
19	0.08967	0.24936	0.22717	0.01214	0.03280	0.01486	0.02755	0.07204	0.01315	0.09625	0.05008	0.03460	0.01149	0.02550	0.00566	0.00171	0.02010	0.00474	0.00352	0.00761
20	0.01166	0.34483	0.19533	0.01093	0.01503	0.01474	0.01118	0.01439	0.01105	0.01454	0.01390	0.17759	0.01417	0.01136	0.07781	0.00236	0.04303	0.00639	0.00305	0.00666
21	0.02513	0.00977	0.01318	0.01011	0.01446	0.00856	0.00835	0.05045	0.01644	0.74753	0.02192	0.01897	0.01379	0.00696	0.00566	0.00174	0.00483	0.00564	0.00692	0.00958
22	0.03488	0.04819	0.01758	0.53845	0.03168	0.03004	0.06392	0.01638	0.03132	0.07571	0.01142	0.01508	0.00849	0.00580	0.00575	0.00182	0.02359	0.00503	0.02817	0.00669
23	0.01488	0.01413	0.01952	0.14329	0.37324	0.12104	0.04668	0.01777	0.01302	0.07675	0.01293	0.01562	0.04055	0.00608	0.00648	0.00175	0.06008	0.00522	0.00318	0.00780
24	0.00766	0.00549	0.00738	0.00826	0.00906	0.00521	0.00617	0.00944	0.01257	0.01698	0.21146	0.43587	0.03998	0.01562	0.00719	0.00223	0.00357	0.18551	0.00545	0.00490
25	0.00818	0.00546	0.00614	0.00614	0.00614	0.00546	0.00341	0.00818	0.00818	0.01091	0.01773	0.03683	0.02046	0.80222	0.02864	0.00546	0.00546	0.00818	0.00341	0.00341
26	0.06615	0.61340	0.14820	0.01063	0.01589	0.03669	0.01124	0.01711	0.01149	0.01474	0.00821	0.00952	0.00714	0.00495	0.00392	0.00134	0.00638	0.00321	0.00248	0.00731
27	0.01129	0.02911	0.77306	0.01604	0.02436	0.01307	0.02079	0.01782	0.01188	0.01782	0.01010	0.01188	0.00713	0.00535	0.00535	0.00178	0.00832	0.00416	0.00238	0.00832
28	0.00980	0.00710	0.00936	0.01015	0.01171	0.00716	0.00872	0.07011	0.01394	0.01812	0.03041	0.08730	0.08088	0.01484	0.00750	0.00246	0.00503	0.59470	0.00522	0.00548
29	0.01186	0.01017	0.01175	0.00858	0.01344	0.00802	0.00685	0.01543	0.07119	0.01875	0.01103	0.01241	0.00904	0.00444	0.00429	0.00092	0.00419	0.00358	0.00353	0.77052
30	0.01316	0.01979	0.25571	0.08309	0.03445	0.16011	0.09891	0.01689	0.01241	0.01619	0.06071	0.01483	0.01085	0.00827	0.04455	0.00219	0.13297	0.00505	0.00285	0.00702
31	0.01116	0.01048	0.01739	0.63345	0.13976	0.01231	0.01530	0.01477	0.01150	0.01519	0.01008	0.01464	0.00775	0.00545	0.00553	0.00178	0.00718	0.00490	0.00259	0.05878
32	0.02017	0.02397	0.01563	0.01397	0.01705	0.61454	0.01061	0.08879	0.11022	0.01696	0.01092	0.01182	0.00871	0.00612	0.00521	0.00153	0.00908	0.00410	0.00350	0.00710
33	0.00910	0.00613	0.00754	0.02914	0.00959	0.00561	0.00558	0.02503	0.01350	0.08217	0.21808	0.25570	0.27026	0.01338	0.00662	0.00195	0.00328	0.01164	0.02032	0.00540
34	0.01689	0.00921	0.06026	0.00911	0.01244	0.00730	0.00779	0.01953	0.01567	0.40096	0.31896	0.02883	0.05072	0.00888	0.00606	0.00176	0.00411	0.00755	0.00631	0.00765
35	0.01803	0.01150	0.01315	0.01115	0.01475	0.01232	0.00894	0.11510	0.40941	0.24937	0.02190	0.02162	0.01603	0.00772	0.00579	0.00187	0.00480	0.04147	0.00606	0.00901
36	0.00971	0.00491	0.00728	0.00728	0.00728	0.00491	0.00483	0.00737	0.00737	0.00982	0.01010	0.01792	0.01021	0.05164	0.02227	0.80220	0.00491	0.00502	0.00248	0.00248
37	0.02102	0.02682	0.01595	0.01450	0.01740	0.77963	0.01087	0.02247	0.01595	0.01377	0.00870	0.01015	0.00725	0.00580	0.00507	0.00145	0.01015	0.00362	0.00290	0.00652
38	0.02493	0.00965	0.01305	0.01005	0.01437	0.00843	0.00829	0.02750	0.03691	0.75002	0.02222	0.01921	0.01402	0.00698	0.00566	0.00175	0.00478	0.00568	0.00693	0.00956
39	0.00901	0.00687	0.00826	0.02008	0.00956	0.04405	0.00609	0.01124	0.01243	0.01775	0.30995	0.02990	0.02938	0.06430	0.28587	0.00452	0.00772	0.00754	0.11032	0.00517
40	0.00760	0.00596	0.00705	0.00762	0.00921	0.00541	0.00618	0.00946	0.01278	0.01580	0.04519	0.09341	0.44532	0.01492	0.00711	0.00219	0.00378	0.29090	0.00521	0.00491
41	0.01907	0.01461	0.01558	0.01248	0.01657	0.01637	0.01014	0.52308	0.25551	0.03173	0.01646	0.01586	0.01196	0.00703	0.00566	0.00176	0.00565	0.00547	0.00566	0.00936
42	0.08659	0.02555	0.01533	0.01393	0.01688	0.71837	0.01049	0.02200	0.01544	0.01469	0.00863	0.01007	0.00716	0.00575	0.00495	0.00147	0.00969	0.00358	0.00295	0.00649
43	0.05948	0.01136	0.01403	0.01099	0.01491	0.01149	0.00906	0.21292	0.01779	0.46947	0.01830	0.03344	0.01242	0.00729	0.00661	0.00180	0.06797	0.00555	0.00606	0.00904
44	0.00794	0.00573	0.00750	0.00710	0.00840	0.00529	0.00531	0.01055	0.01580	0.02237	0.74609	0.06067	0.05271	0.01166	0.00665	0.00178	0.00267	0.01032	0.00617	0.00529
45	0.00775	0.00605	0.00829	0.00862	0.00961	0.00579	0.04333	0.01005	0.06237	0.01561	0.07066	0.57859	0.10100	0.03471	0.00750	0.00225	0.00365	0.01398	0.00514	0.00505
46	0.03048	0.61835	0.04662	0.01048	0.01480	0.10315	0.01000	0.01705	0.01168	0.01365	0.00827	0.00992	0.00750	0.00675	0.03768	0.00164	0.03911	0.00332	0.00251	0.00702
47	0.75350	0.01096	0.00886	0.02872	0.01193	0.01273	0.00658	0.01755	0.06931	0.02482	0.00910	0.01025	0.00702	0.00543	0.00372	0.00176	0.00445	0.00336	0.00364	0.00632
48	0.01192	0.01152	0.01621	0.49524	0.11259	0.09023	0.02673	0.01496	0.01176	0.01489	0.01124	0.01709	0.00933	0.04301	0.00712	0.02725	0.00726	0.02538	0.03999	0.00628
49	0.03032	0.00997	0.01181	0.00903	0.01305	0.00881	0.00726	0.05964	0.01239	0.05260	0.01289	0.02818	0.03368	0.00741	0.04315	0.00155	0.06766	0.00435	0.02995	0.55628
50	0.09908	0.08501	0.08366	0.12573	0.05525	0.03134	0.05608	0.03061	0.01169	0.01699	0.04984	0.13020	0.04239	0.01249	0.10337	0.00273	0.02953	0.00681	0.02090	0.00629
51	0.08037	0.23632	0.29317	0.01354	0.05762	0.08271	0.01367	0.03734	0.01255	0.05180	0.01209	0.01330	0.04475	0.00586	0.00507	0.00160	0.02343	0.00424	0.00298	0.00758
52	0.08687	0.00984	0.01239	0.00987	0.01386	0.00923	0.00805	0.02615	0.11268	0.58114	0.05447	0.01964	0.01550	0.00712	0.00554	0.00176	0.00461	0.00575	0.00650	0.00903
53	0.01000	0.00678	0.00806	0.00733	0.00926	0.00628	0.00558	0.06624	0.01541	0.08384	0.38466	0.06231	0.26584	0.03451	0.00713	0.00192	0.00326	0.01004	0.00581	0.00574
54	0.19309	0.13129	0.14906	0.06683	0.07025	0.05144	0.02499	0.06190	0.03297	0.04615	0.02813	0.08590	0.01163	0.00722	0.01515	0.00181	0.00620	0.00531	0.00350	0.00715
55	0.04617	0.01033	0.01441	0.01440	0.15200	0.00965	0.00976	0.02461	0.07447	0.51400	0.05611	0.01916	0.01496	0.00683	0.00563	0.00174	0.00499	0.00574	0.00596	0.00909
56	0.00816	0.00554	0.00658	0.00658	0.00674	0.00570	0.00396	0.00847	0.00832	0.01124	0.01733	0.03458	0.01948	0.68605	0.14348	0.00600	0.00693	0.00785	0.00335	0.00366
57	0.00800	0.00626	0.00745	0.00794	0.04675	0.00577	0.00528	0.02859	0.01296	0.01685	0.21307	0.10462	0.35059	0.14877	0.01039	0.00249	0.00357	0.01064	0.00503	0.00498
58	0.12133	0.02131	0.41876	0.08215	0.12773	0.02706	0.05702	0.01778	0.01198	0.04940	0.01040	0.01252	0.00763	0.00535	0.00524	0.00177	0.00745	0.00439	0.00281	0.00792
59	0.00782	0.00544	0.00672	0.00738	0.00772	0.00530	0.00479	0.02492	0.01019	0.01357	0.02524	0.44227	0.02966	0.33196	0.01578	0.00356	0.00430	0.04463	0.00450	0.00425
60	0.00979	0.00885	0.01452	0.60840	0.03170	0.01069	0.01323	0.01294	0.01128	0.01460	0.03456	0.17556	0.01479	0.00823	0.00597	0.00196	0.00651	0.00738	0.00316	0.00588
61	0.02677	0.01217	0.10079	0.50536	0.05878	0.01229	0.01458	0.04830	0.01193	0.01639	0.01152	0.05421	0.00943	0.00648	0.00618	0.00187	0.04558	0.00544	0.04536	0.00659
62	0.01422	0.01035	0.10404	0.00945	0.01271	0.00792	0.00845	0.03616	0.02842	0.25893	0.22862	0.06994	0.12503	0.01063	0.02858	0.00203	0.02374	0.00808	0.00558	0.00712
63	0.70039	0.03824	0.03166	0.00823	0.01191	0.01306	0.00706	0.04934	0.01073	0.05922	0.00880	0.00993	0.00670	0.00545	0.00403	0.00174	0.02002	0.00332	0.00365	0.00651
64	0.48414	0.01510	0.22219	0.00982	0.01419	0.01156	0.01004	0.01569	0.01033	0.02155	0.01110	0.09064	0.00983	0.00694	0.00490	0.02466	0.00533	0.00477	0.02078	0.00644
65	0.01182	0.02004	0.39842	0.04621	0.03351	0.04699	0.03906	0.03526	0.01255	0.03896	0.03618	0.07201	0.03196	0.00809	0.00682	0.00194	0.06451	0.08505	0.00332	0.00728

[dist]
# distance from previous block
# <min> <max>
0	1

[block]
# block no. 6 follows, 42 sequences, length 16
# corresponding to MSA columns:
# 241-256
name=unknown_G
#
# <colnr> <probs for GDERKNQSTAVLIFYWHMCP>
#	G	D	E	R	K	N	Q	S	T	A	V	L	I	F	Y	W	H	M	C	P
0	0.05957	0.01005	0.01147	0.00828	0.01320	0.00780	0.00664	0.01431	0.01155	0.01874	0.00988	0.01152	0.00821	0.00423	0.00413	0.00089	0.00418	0.00332	0.00334	0.78872
1	0.01949	0.18393	0.01855	0.01337	0.01667	0.59147	0.01053	0.02167	0.04864	0.01411	0.00917	0.01041	0.00769	0.00568	0.00481	0.00142	0.00905	0.00362	0.00293	0.00677
2	0.01729	0.01345	0.04541	0.01152	0.01538	0.01375	0.00964	0.44922	0.08426	0.05689	0.12153	0.05054	0.01764	0.00866	0.02473	0.00190	0.00560	0.00629	0.00546	0.04085
3	0.00726	0.00599	0.00641	0.00626	0.00809	0.00528	0.00471	0.00959	0.04566	0.01722	0.21477	0.05000	0.57228	0.01335	0.00661	0.00187	0.00288	0.01126	0.00547	0.00506
4	0.01659	0.01338	0.01418	0.01198	0.01562	0.01521	0.00953	0.28147	0.50117	0.02772	0.01962	0.01838	0.01451	0.00733	0.00569	0.00183	0.00506	0.00591	0.00569	0.00914
5	0.00835	0.00555	0.00653	0.00659	0.00710	0.00533	0.00414	0.00900	0.01012	0.03727	0.10570	0.15809	0.09506	0.49412	0.02010	0.00411	0.00454	0.00989	0.00428	0.00412
6	0.01097	0.00571	0.00576	0.00559	0.00704	0.00579	0.00423	0.04568	0.01245	0.02162	0.01814	0.02065	0.01421	0.00657	0.00401	0.00133	0.00278	0.00524	0.79680	0.00544
7	0.05851	0.00858	0.01130	0.00908	0.01255	0.00765	0.00735	0.02226	0.01575	0.52867	0.22733	0.02504	0.02443	0.00814	0.00583	0.00175	0.00418	0.00679	0.00659	0.00823
8	0.00870	0.00610	0.00689	0.00672	0.00715	0.00623	0.00411	0.01044	0.07797	0.01328	0.09512	0.03591	0.02352	0.64754	0.02426	0.00475	0.00507	0.00822	0.00391	0.00411
9	0.00729	0.00508	0.00640	0.00729	0.00751	0.00486	0.00464	0.00795	0.00993	0.01325	0.02671	0.55141	0.03178	0.27219	0.01415	0.00331	0.00398	0.01346	0.00464	0.00419
10	0.02102	0.02682	0.01595	0.01450	0.01740	0.77963	0.01087	0.02247	0.01595	0.01377	0.00870	0.01015	0.00725	0.00580	0.00507	0.00145	0.01015	0.00362	0.00290	0.00652
11	0.02525	0.00958	0.01306	0.01001	0.01437	0.00827	0.00827	0.02743	0.01611	0.77102	0.02220	0.01915	0.01393	0.00697	0.00566	0.00174	0.00479	0.00566	0.00697	0.00958
12	0.01185	0.00564	0.00597	0.00568	0.00728	0.00552	0.00433	0.01443	0.01220	0.09009	0.01871	0.02081	0.01438	0.00659	0.00409	0.00135	0.00282	0.00528	0.75731	0.00564
13	0.02303	0.01208	0.01450	0.01116	0.01548	0.01208	0.00920	0.33339	0.02050	0.43315	0.04341	0.01752	0.01339	0.00703	0.00568	0.00172	0.00531	0.00556	0.00637	0.00943
14	0.19790	0.52514	0.02280	0.00931	0.01378	0.01866	0.00877	0.04790	0.01208	0.08661	0.00939	0.01017	0.00769	0.00518	0.00385	0.00139	0.00555	0.00335	0.00320	0.00729
15	0.16125	0.00952	0.01210	0.01045	0.02726	0.00930	0.03973	0.02123	0.07704	0.35342	0.01992	0.06637	0.01583	0.00836	0.00589	0.01719	0.00482	0.09080	0.02505	0.02448

[dist]
# distance from previous block
# <min> <max>
0	7

[block]
# block no. 7 follows, 42 sequences, length 49
# corresponding to MSA columns:
# 264-312
name=unknown_H
#
# <colnr> <probs for GDERKNQSTAVLIFYWHMCP>
#	G	D	E	R	K	N	Q	S	T	A	V	L	I	F	Y	W	H	M	C	P
0	0.01265	0.04486	0.04229	0.02761	0.01277	0.04445	0.00806	0.16122	0.05821	0.05534	0.04068	0.33494	0.02353	0.02947	0.00669	0.00203	0.00481	0.03844	0.04543	0.00651
1	0.01105	0.07203	0.01148	0.02695	0.01142	0.04424	0.00736	0.07804	0.01134	0.03029	0.01552	0.10675	0.01532	0.10605	0.30855	0.06843	0.03991	0.00675	0.02310	0.00543
2	0.00875	0.00579	0.00747	0.00810	0.00891	0.00551	0.00560	0.04636	0.01209	0.05868	0.07589	0.63556	0.03484	0.04811	0.00786	0.00232	0.00355	0.01417	0.00533	0.00511
3	0.01400	0.10366	0.13904	0.04698	0.08316	0.06095	0.07562	0.14087	0.04791	0.01912	0.02967	0.05917	0.01188	0.04644	0.00826	0.05588	0.04097	0.00566	0.00351	0.00724
4	0.04401	0.00708	0.04545	0.00888	0.01026	0.00592	0.03965	0.00947	0.01101	0.01539	0.02809	0.62547	0.05905	0.01515	0.00675	0.00214	0.00387	0.01368	0.00481	0.04389
5	0.84197	0.01088	0.00827	0.00740	0.01088	0.01262	0.00609	0.01654	0.00958	0.02525	0.00784	0.00914	0.00609	0.00522	0.00348	0.00174	0.00435	0.00305	0.00348	0.00609
6	0.01278	0.01466	0.15835	0.30161	0.06883	0.01287	0.07002	0.10729	0.05011	0.03676	0.01450	0.01843	0.04510	0.00668	0.00612	0.00187	0.02680	0.03641	0.00341	0.00739
7	0.01319	0.01586	0.06933	0.02334	0.02916	0.01417	0.71124	0.01802	0.01321	0.01802	0.01132	0.01502	0.00847	0.00477	0.00658	0.00189	0.00943	0.00652	0.00282	0.00763
8	0.00716	0.00511	0.00660	0.00754	0.00800	0.00479	0.00507	0.00823	0.01106	0.01479	0.09746	0.59324	0.06385	0.11112	0.00970	0.00261	0.00350	0.03054	0.00509	0.00452
9	0.01231	0.01231	0.01724	0.01477	0.01477	0.01724	0.01231	0.01354	0.00862	0.01354	0.00739	0.01231	0.00739	0.00985	0.01847	0.00246	0.79192	0.00492	0.00246	0.00616
10	0.67743	0.01087	0.00939	0.00805	0.01171	0.01212	0.00663	0.04816	0.01131	0.14533	0.01037	0.01093	0.00749	0.00557	0.00392	0.00174	0.00450	0.00355	0.00413	0.00680
11	0.00797	0.00545	0.00671	0.00695	0.00721	0.00557	0.00440	0.00856	0.00889	0.01215	0.01970	0.17291	0.02224	0.50537	0.15821	0.00542	0.00671	0.00916	0.02246	0.00395
12	0.00774	0.00571	0.00725	0.00703	0.00837	0.00522	0.00527	0.01012	0.01508	0.02086	0.59893	0.09515	0.14772	0.01240	0.00671	0.00184	0.00279	0.03065	0.00597	0.00518
13	0.00827	0.00611	0.00708	0.00687	0.00843	0.00557	0.00511	0.03458	0.01387	0.03582	0.28229	0.09417	0.34612	0.08122	0.00857	0.00221	0.00329	0.03989	0.00544	0.00510
14	0.01155	0.01099	0.01897	0.54083	0.17642	0.01264	0.07637	0.01555	0.02828	0.01584	0.01075	0.01511	0.00827	0.00551	0.00565	0.00182	0.00731	0.00518	0.02605	0.00691
15	0.01434	0.01057	0.01209	0.01016	0.01274	0.02864	0.04085	0.31387	0.01726	0.02390	0.01810	0.11397	0.03587	0.10599	0.06361	0.00268	0.00589	0.00708	0.15558	0.00683
