[name]
unknown

[dist]
# distance from previous block
# <min> <max>
0	21

[block]
# block no. 0 follows, 45 sequences, length 50
# corresponding to MSA columns:
# 21-70
name=unknown_A
#
# <colnr> <probs for GDERKNQSTAVLIFYWHMCP>
#	G	D	E	R	K	N	Q	S	T	A	V	L	I	F	Y	W	H	M	C	P
0	0.01387	0.74155	0.04126	0.00935	0.01377	0.01999	0.00935	0.01574	0.01102	0.01296	0.00901	0.01238	0.00861	0.00534	0.00376	0.00125	0.00573	0.05581	0.00249	0.00677
1	0.00815	0.06368	0.01002	0.00867	0.00989	0.00775	0.00689	0.01005	0.00879	0.01247	0.01388	0.02019	0.01295	0.03770	0.73374	0.00809	0.01376	0.00554	0.00283	0.00494
2	0.00730	0.00537	0.00694	0.00770	0.00850	0.00509	0.00544	0.02975	0.01090	0.01455	0.02908	0.60784	0.08503	0.01707	0.05419	0.00249	0.00399	0.05522	0.00479	0.03875
3	0.01319	0.01265	0.02161	0.05727	0.75433	0.01273	0.01642	0.01639	0.01218	0.01742	0.01008	0.01332	0.00846	0.00480	0.00532	0.00160	0.00640	0.00478	0.00265	0.00842
4	0.01659	0.01349	0.01394	0.01163	0.01520	0.03974	0.00929	0.34188	0.42544	0.02703	0.01757	0.01663	0.01297	0.00687	0.00540	0.00172	0.00513	0.00545	0.00534	0.00869
5	0.00934	0.00584	0.00766	0.00708	0.00862	0.00532	0.00535	0.01168	0.01482	0.10558	0.62487	0.08940	0.06170	0.01094	0.00626	0.00172	0.00280	0.00964	0.00591	0.00546
6	0.00873	0.00572	0.00741	0.00692	0.00839	0.00521	0.00521	0.01106	0.01475	0.07917	0.62894	0.07880	0.09690	0.01112	0.00629	0.00172	0.00273	0.00977	0.00585	0.00531
7	0.01113	0.00954	0.01113	0.00795	0.01272	0.00716	0.00636	0.01352	0.01113	0.01749	0.00954	0.01113	0.00795	0.00398	0.00398	0.00080	0.00398	0.00318	0.00318	0.84417
8	0.01917	0.01442	0.01541	0.01210	0.01618	0.01607	0.00990	0.63198	0.15524	0.03184	0.01446	0.01414	0.01040	0.00659	0.00539	0.00165	0.00562	0.00505	0.00539	0.00902
9	0.01357	0.01543	0.02807	0.02054	0.02534	0.10442	0.60360	0.03857	0.01328	0.01721	0.03509	0.01462	0.00936	0.00505	0.00646	0.00177	0.03166	0.00602	0.00289	0.00707
10	0.00659	0.00484	0.00607	0.00702	0.00757	0.00445	0.00471	0.00754	0.01044	0.01362	0.03293	0.62801	0.15972	0.06957	0.00814	0.00232	0.00319	0.01409	0.00487	0.00431
11	0.00737	0.00551	0.00663	0.00706	0.00806	0.00519	0.00514	0.00914	0.03538	0.01497	0.12652	0.24806	0.22614	0.14700	0.01011	0.00256	0.00360	0.12221	0.00482	0.00453
12	0.02145	0.01166	0.01393	0.01140	0.03929	0.02642	0.00900	0.25716	0.09213	0.43225	0.01803	0.01642	0.01200	0.00656	0.00538	0.00165	0.00511	0.00523	0.00592	0.00899
13	0.01098	0.07528	0.73792	0.01493	0.02266	0.01300	0.01919	0.01694	0.01131	0.01674	0.00950	0.01117	0.00681	0.00507	0.00500	0.00167	0.00780	0.00390	0.00227	0.00787
14	0.01004	0.00942	0.01585	0.77814	0.03622	0.01173	0.01465	0.01355	0.01072	0.01371	0.01006	0.03469	0.00788	0.00566	0.00540	0.00180	0.00705	0.00504	0.00245	0.00592
15	0.84927	0.01038	0.00789	0.00706	0.01038	0.01204	0.00581	0.01578	0.00914	0.02408	0.00747	0.00872	0.00581	0.00498	0.00332	0.00166	0.00415	0.00291	0.00332	0.00581
16	0.01992	0.04308	0.04791	0.01257	0.03803	0.01536	0.01042	0.57534	0.03680	0.12576	0.01370	0.01350	0.00960	0.00632	0.00529	0.00161	0.00580	0.00482	0.00522	0.00897
17	0.01902	0.08173	0.04815	0.01424	0.04370	0.67501	0.01089	0.02069	0.01464	0.01342	0.00836	0.00980	0.00696	0.00542	0.00477	0.00139	0.00921	0.00348	0.00271	0.00642
18	0.00658	0.00485	0.00617	0.00710	0.00772	0.00444	0.00485	0.00770	0.01094	0.01439	0.08691	0.63298	0.15394	0.01589	0.00673	0.00209	0.00301	0.01424	0.00505	0.00444
19	0.00760	0.00549	0.00718	0.00675	0.00802	0.00506	0.00506	0.01013	0.01519	0.02153	0.77503	0.04010	0.05065	0.01097	0.00633	0.00169	0.00253	0.00971	0.00591	0.00506
20	0.00753	0.00548	0.00708	0.00668	0.00798	0.00504	0.00501	0.01000	0.01503	0.02114	0.73570	0.04073	0.09023	0.01112	0.00633	0.00170	0.00254	0.00980	0.00586	0.00504
21	0.00634	0.00544	0.00544	0.00544	0.00725	0.00453	0.00408	0.00770	0.01224	0.01450	0.05438	0.05166	0.77569	0.01359	0.00634	0.00181	0.00272	0.01133	0.00498	0.00453
22	0.01984	0.02517	0.01542	0.01444	0.04091	0.76498	0.01057	0.02128	0.01512	0.01328	0.00835	0.00980	0.00697	0.00551	0.00486	0.00139	0.00957	0.00350	0.00276	0.00630
23	0.01054	0.00886	0.01038	0.00776	0.01185	0.00680	0.00603	0.01264	0.01083	0.01669	0.01161	0.07420	0.01090	0.06279	0.00587	0.00122	0.00400	0.00444	0.00332	0.71927
24	0.84927	0.01038	0.00789	0.00706	0.01038	0.01204	0.00581	0.01578	0.00914	0.02408	0.00747	0.00872	0.00581	0.00498	0.00332	0.00166	0.00415	0.00291	0.00332	0.00581
25	0.02041	0.01504	0.01611	0.01235	0.01665	0.01665	0.01020	0.75997	0.02524	0.03383	0.01289	0.01289	0.00913	0.00644	0.00537	0.00161	0.00591	0.00483	0.00537	0.00913
26	0.06019	0.00931	0.01229	0.00953	0.01359	0.00831	0.00788	0.04793	0.01533	0.70976	0.02046	0.01853	0.01318	0.00673	0.00535	0.00168	0.00460	0.02002	0.00642	0.00890
27	0.02007	0.02517	0.01525	0.01377	0.01660	0.75951	0.01037	0.05037	0.01560	0.01395	0.00848	0.00981	0.00700	0.00557	0.00486	0.00139	0.00953	0.00351	0.00287	0.00634
28	0.00701	0.00541	0.00640	0.00627	0.00769	0.00480	0.00466	0.00895	0.01364	0.01811	0.42882	0.09978	0.34416	0.01246	0.00637	0.00177	0.00265	0.01076	0.00547	0.00480
29	0.01025	0.00965	0.01630	0.77127	0.06328	0.01196	0.01496	0.01381	0.01079	0.01385	0.00956	0.01427	0.00720	0.00535	0.00536	0.00178	0.00713	0.00477	0.00239	0.00605
30	0.00684	0.00554	0.00613	0.00624	0.00789	0.00483	0.00484	0.00853	0.01270	0.01578	0.16013	0.05110	0.56569	0.01336	0.00649	0.00188	0.00299	0.10925	0.00512	0.00467
31	0.84927	0.01038	0.00789	0.00706	0.01038	0.01204	0.00581	0.01578	0.00914	0.02408	0.00747	0.00872	0.00581	0.00498	0.00332	0.00166	0.00415	0.00291	0.00332	0.00581
32	0.00686	0.00487	0.00607	0.00690	0.00723	0.00460	0.00446	0.00758	0.00976	0.01288	0.02799	0.54819	0.08426	0.22789	0.01226	0.00296	0.00364	0.01300	0.00452	0.00408
33	0.02408	0.00914	0.01246	0.00955	0.01370	0.00789	0.00789	0.02616	0.01536	0.78158	0.02118	0.01827	0.01329	0.00664	0.00540	0.00166	0.00457	0.00540	0.00664	0.00914
34	0.01549	0.01361	0.01772	0.01524	0.07047	0.07313	0.13769	0.24439	0.09701	0.04598	0.01371	0.01760	0.01118	0.00786	0.02782	0.00197	0.09920	0.06185	0.00409	0.02397
35	0.01321	0.07568	0.02955	0.02046	0.02539	0.01413	0.61794	0.01718	0.01234	0.04817	0.01076	0.01400	0.00818	0.00495	0.00685	0.00179	0.06348	0.00592	0.00282	0.00720
36	0.01369	0.44187	0.12983	0.01413	0.04985	0.05332	0.17078	0.01710	0.03595	0.01474	0.00909	0.01084	0.00752	0.00478	0.00449	0.00141	0.00690	0.00397	0.00252	0.00719
37	0.01290	0.00991	0.01143	0.01120	0.07093	0.03072	0.00798	0.04405	0.34915	0.09574	0.22788	0.02562	0.04887	0.02190	0.00607	0.00179	0.00414	0.00699	0.00536	0.00736
38	0.01113	0.00954	0.01113	0.00795	0.01272	0.00716	0.00636	0.01352	0.01113	0.01749	0.00954	0.01113	0.00795	0.00398	0.00398	0.00080	0.00398	0.00318	0.00318	0.84417
39	0.00749	0.00519	0.00618	0.00632	0.00668	0.00507	0.00395	0.00814	0.00952	0.01282	0.12992	0.16113	0.06362	0.50153	0.04643	0.00416	0.00468	0.00939	0.00399	0.00381
40	0.01766	0.02090	0.03583	0.01242	0.01535	0.53173	0.00968	0.11355	0.03181	0.01679	0.06793	0.01601	0.07419	0.00673	0.00516	0.00149	0.00795	0.00480	0.00355	0.00647
41	0.00690	0.00545	0.00616	0.00599	0.00753	0.00477	0.00446	0.00870	0.01332	0.01726	0.34872	0.04645	0.45687	0.03532	0.00694	0.00186	0.00271	0.01056	0.00531	0.00471
42	0.01154	0.00953	0.01117	0.00800	0.01275	0.00718	0.00641	0.01392	0.01127	0.04190	0.00991	0.01136	0.00812	0.00406	0.00402	0.00082	0.00399	0.00325	0.00329	0.81749
43	0.01260	0.01321	0.01680	0.01434	0.01478	0.09347	0.03519	0.01390	0.00906	0.01308	0.00729	0.01162	0.00707	0.00886	0.01599	0.00224	0.69754	0.00463	0.00240	0.00595
44	0.00990	0.00504	0.00517	0.00517	0.00641	0.00508	0.00389	0.01237	0.01113	0.01966	0.01736	0.02006	0.01374	0.00785	0.04076	0.00160	0.00306	0.00504	0.80170	0.00499
45	0.00645	0.00544	0.00559	0.00555	0.00732	0.00458	0.00417	0.00792	0.01250	0.01512	0.11804	0.05064	0.71164	0.01336	0.00634	0.00180	0.00270	0.01119	0.00507	0.00458
46	0.02359	0.00993	0.01295	0.00993	0.01410	0.00907	0.00820	0.12508	0.01669	0.68079	0.02006	0.01754	0.01273	0.00662	0.00539	0.00165	0.00475	0.00532	0.00647	0.00913
47	0.01030	0.00954	0.01561	0.65037	0.03225	0.01209	0.01390	0.01322	0.01019	0.01336	0.00920	0.01409	0.00727	0.00666	0.00787	0.05090	0.11030	0.00475	0.00238	0.00574
48	0.01006	0.00937	0.01428	0.23445	0.01947	0.01212	0.02804	0.01217	0.00922	0.01316	0.01064	0.04784	0.00990	0.01630	0.20995	0.00377	0.32560	0.00546	0.00261	0.00559
49	0.01132	0.00976	0.01023	0.00985	0.02698	0.04949	0.00739	0.06577	0.33521	0.01964	0.08644	0.14185	0.14234	0.01019	0.00594	0.00186	0.00417	0.04973	0.00512	0.00672

[dist]
# distance from previous block
# <min> <max>
3	15

[block]
# block no. 1 follows, 45 sequences, length 12
# corresponding to MSA columns:
# 86-97
name=unknown_B
#
# <colnr> <probs for GDERKNQSTAVLIFYWHMCP>
#	G	D	E	R	K	N	Q	S	T	A	V	L	I	F	Y	W	H	M	C	P
0	0.26167	0.01602	0.01303	0.01113	0.01439	0.22647	0.00885	0.22516	0.09915	0.02310	0.01077	0.01153	0.00826	0.00599	0.00519	0.00162	0.04256	0.00402	0.00393	0.00714
1	0.01309	0.00779	0.01037	0.01002	0.07000	0.00741	0.00711	0.08693	0.01575	0.19970	0.43147	0.06534	0.03392	0.00931	0.00596	0.00169	0.00366	0.00810	0.00573	0.00665
2	0.01114	0.01140	0.01769	0.13405	0.03973	0.08521	0.24721	0.01427	0.01306	0.01720	0.20888	0.04022	0.05732	0.00710	0.00584	0.00166	0.00624	0.00685	0.00369	0.07126
3	0.19359	0.50199	0.02062	0.00877	0.01250	0.07743	0.00798	0.01563	0.01056	0.01492	0.00845	0.01129	0.00788	0.08295	0.00584	0.00167	0.00565	0.00340	0.00265	0.00625
4	0.01191	0.01643	0.19048	0.02039	0.06684	0.01257	0.48595	0.01652	0.01233	0.01706	0.01226	0.01820	0.01008	0.00566	0.00612	0.00184	0.00826	0.07703	0.00283	0.00724
5	0.11082	0.00750	0.01008	0.12336	0.04686	0.00806	0.00915	0.01257	0.03668	0.01700	0.04806	0.09500	0.02403	0.01161	0.00640	0.00217	0.00499	0.41591	0.00434	0.00543
6	0.00761	0.08327	0.00835	0.00735	0.00821	0.00605	0.00525	0.00828	0.01017	0.01316	0.02783	0.54782	0.11444	0.01548	0.00817	0.10395	0.00351	0.01233	0.00440	0.00438
7	0.01640	0.02066	0.08505	0.01199	0.01475	0.51233	0.00966	0.03294	0.01384	0.01447	0.04263	0.01507	0.01085	0.10336	0.00758	0.00188	0.00804	0.00444	0.06811	0.00594
8	0.11724	0.01112	0.01178	0.00979	0.01299	0.01220	0.00788	0.29303	0.16085	0.09704	0.01693	0.04372	0.03172	0.00702	0.00521	0.00165	0.01947	0.00544	0.12727	0.00766
9	0.01191	0.01474	0.13792	0.10406	0.02361	0.01251	0.32153	0.01737	0.10323	0.01718	0.01143	0.01402	0.00873	0.00528	0.00635	0.00169	0.05911	0.00523	0.00298	0.12111
10	0.01323	0.00786	0.00970	0.00810	0.01077	0.00727	0.00639	0.10474	0.01571	0.20063	0.35503	0.04614	0.09577	0.00910	0.00579	0.00161	0.00358	0.00775	0.00566	0.08518
11	0.05461	0.00995	0.01083	0.00964	0.01244	0.01094	0.00752	0.04563	0.46491	0.09334	0.13703	0.04209	0.06162	0.00820	0.00556	0.00178	0.00396	0.00686	0.00550	0.00761

[dist]
# distance from previous block
# <min> <max>
0	2

[block]
# block no. 2 follows, 45 sequences, length 25
# corresponding to MSA columns:
# 100-124
name=unknown_C
#
# <colnr> <probs for GDERKNQSTAVLIFYWHMCP>
#	G	D	E	R	K	N	Q	S	T	A	V	L	I	F	Y	W	H	M	C	P
0	0.01718	0.01091	0.01263	0.01007	0.01402	0.01083	0.00810	0.13926	0.25479	0.25110	0.01747	0.01637	0.01241	0.00621	0.00509	0.00151	0.00454	0.00502	0.00529	0.19719
1	0.02164	0.01231	0.03802	0.01120	0.01540	0.06393	0.04252	0.16242	0.05580	0.49197	0.01796	0.01638	0.01180	0.00642	0.00539	0.00165	0.00546	0.00519	0.00577	0.00878
2	0.01181	0.01281	0.02622	0.23586	0.02951	0.01306	0.50652	0.01586	0.01190	0.01598	0.01070	0.03004	0.00837	0.00521	0.00656	0.00183	0.04232	0.00601	0.00265	0.00677
3	0.01426	0.01331	0.01686	0.15064	0.01976	0.14226	0.09499	0.01676	0.02991	0.10700	0.01060	0.01367	0.00851	0.00883	0.05314	0.00228	0.28276	0.00486	0.00309	0.00650
4	0.01194	0.10526	0.01216	0.02884	0.03567	0.00846	0.00777	0.01424	0.01287	0.13254	0.16810	0.06674	0.02460	0.00946	0.00574	0.00172	0.00438	0.20930	0.00467	0.13555
5	0.01122	0.12641	0.68883	0.01453	0.02205	0.01357	0.01850	0.01688	0.01128	0.01645	0.00936	0.01099	0.00681	0.00504	0.00489	0.00163	0.00766	0.00383	0.00227	0.00780
6	0.01014	0.00954	0.01610	0.79845	0.03697	0.01193	0.01491	0.01371	0.01073	0.01371	0.00954	0.01431	0.00716	0.00537	0.00537	0.00179	0.00716	0.00477	0.00239	0.00596
7	0.01132	0.14928	0.66687	0.01436	0.02177	0.01382	0.01819	0.01686	0.01127	0.01632	0.00930	0.01091	0.00681	0.00502	0.00484	0.00161	0.00759	0.00380	0.00227	0.00777
8	0.01223	0.01629	0.22950	0.26672	0.26930	0.02797	0.01635	0.06744	0.01247	0.01723	0.00995	0.01297	0.00762	0.00518	0.00527	0.00168	0.00708	0.00453	0.00265	0.00755
9	0.04894	0.00861	0.01122	0.00883	0.01260	0.00751	0.00723	0.02296	0.01467	0.63779	0.02585	0.02311	0.13078	0.00766	0.00547	0.00168	0.00427	0.00623	0.00628	0.00831
10	0.00790	0.00548	0.00765	0.00780	0.00869	0.00609	0.00589	0.00970	0.00920	0.01369	0.01682	0.11696	0.01642	0.06671	0.53949	0.00655	0.01077	0.00688	0.13261	0.00470
11	0.01457	0.46917	0.11821	0.01275	0.01758	0.14215	0.12637	0.01722	0.01192	0.01395	0.00838	0.01002	0.00708	0.00479	0.00432	0.00135	0.00715	0.00363	0.00243	0.00696
12	0.00956	0.00786	0.01932	0.00862	0.01061	0.00786	0.00691	0.06128	0.19006	0.01837	0.08523	0.13410	0.23293	0.01203	0.00636	0.00198	0.00388	0.17200	0.00514	0.00591
13	0.00853	0.00604	0.00685	0.00643	0.00833	0.00537	0.00490	0.01093	0.04726	0.08180	0.26685	0.04394	0.45918	0.01194	0.00622	0.00176	0.00289	0.01010	0.00542	0.00526
14	0.02003	0.01157	0.13090	0.01010	0.01449	0.00825	0.00939	0.02280	0.01472	0.57133	0.11081	0.01985	0.01682	0.00693	0.00547	0.00167	0.00484	0.00570	0.00588	0.00846
15	0.01834	0.01268	0.01404	0.01125	0.01486	0.01371	0.00909	0.53686	0.05384	0.10713	0.01670	0.13652	0.01394	0.00810	0.00561	0.00171	0.00527	0.00655	0.00545	0.00837
16	0.00929	0.00843	0.03958	0.01197	0.01413	0.00746	0.21332	0.01143	0.01105	0.04759	0.02227	0.44386	0.02451	0.06794	0.01892	0.00235	0.00533	0.03097	0.00419	0.00542
17	0.00672	0.00480	0.00643	0.00768	0.00806	0.00451	0.00529	0.00778	0.01045	0.01390	0.02949	0.74530	0.03512	0.01665	0.00690	0.00220	0.00327	0.07606	0.00498	0.00441
18	0.04899	0.01242	0.02079	0.08636	0.69211	0.01266	0.01590	0.01625	0.01198	0.01755	0.00994	0.01316	0.00829	0.00483	0.00523	0.00161	0.00634	0.00470	0.00267	0.00821
19	0.00673	0.00555	0.00598	0.00616	0.00787	0.00480	0.00481	0.00829	0.01233	0.01491	0.06781	0.05275	0.64312	0.01372	0.00651	0.00191	0.00306	0.12409	0.00500	0.00461
20	0.01119	0.00989	0.01330	0.11808	0.13400	0.00858	0.00903	0.01382	0.01122	0.01688	0.01023	0.03574	0.00875	0.00467	0.00446	0.00109	0.00475	0.00400	0.00305	0.57727
21	0.01009	0.00731	0.00835	0.00732	0.00874	0.00725	0.00500	0.11517	0.01085	0.01498	0.01500	0.02713	0.01576	0.51000	0.08280	0.00429	0.00586	0.00650	0.00351	0.13408
22	0.00669	0.00474	0.00618	0.00728	0.00755	0.00446	0.00477	0.00751	0.00998	0.01330	0.02805	0.71414	0.03356	0.11317	0.00933	0.00255	0.00337	0.01436	0.00477	0.00423
23	0.08413	0.51174	0.02182	0.00975	0.01348	0.15286	0.00881	0.01620	0.01123	0.01365	0.00845	0.01032	0.00760	0.00911	0.09907	0.00214	0.00734	0.00333	0.00253	0.00643
24	0.01210	0.04673	0.54880	0.01363	0.02053	0.01241	0.01627	0.10653	0.01298	0.01899	0.00995	0.01141	0.00726	0.00507	0.00491	0.00153	0.00701	0.00392	0.00278	0.13719

[dist]
# distance from previous block
# <min> <max>
5	28

[block]
# block no. 3 follows, 45 sequences, length 9
# corresponding to MSA columns:
# 156-164
name=unknown_D
#
# <colnr> <probs for GDERKNQSTAVLIFYWHMCP>
#	G	D	E	R	K	N	Q	S	T	A	V	L	I	F	Y	W	H	M	C	P
0	0.66228	0.01040	0.00893	0.00770	0.01105	0.01171	0.00632	0.08147	0.01139	0.08449	0.05401	0.01168	0.00932	0.00559	0.00384	0.00166	0.00424	0.00367	0.00391	0.00632
1	0.08802	0.01041	0.01674	0.54889	0.09717	0.01221	0.06241	0.03221	0.01114	0.01580	0.00951	0.01354	0.00728	0.00531	0.00549	0.00174	0.02583	0.00466	0.00261	0.02903
2	0.08572	0.12965	0.01011	0.00705	0.00899	0.00803	0.00562	0.01095	0.01306	0.01862	0.41063	0.11417	0.13739	0.01042	0.00567	0.00167	0.00326	0.00884	0.00490	0.00527
3	0.01412	0.76325	0.07741	0.00958	0.01439	0.02067	0.00988	0.01613	0.01093	0.01291	0.00760	0.00879	0.00688	0.00463	0.00355	0.00118	0.00588	0.00294	0.00229	0.00696
4	0.56085	0.06315	0.01068	0.00813	0.01166	0.01241	0.00678	0.08583	0.04077	0.11823	0.03124	0.01158	0.00875	0.00555	0.00394	0.00163	0.00443	0.00370	0.00401	0.00668
5	0.01012	0.03981	0.01071	0.00958	0.01067	0.09204	0.00734	0.04087	0.01046	0.01378	0.04065	0.16130	0.01721	0.09666	0.29999	0.00471	0.11832	0.00725	0.00338	0.00513
6	0.04509	0.01626	0.01437	0.08129	0.04694	0.28232	0.00983	0.17574	0.01610	0.10722	0.03655	0.01306	0.00975	0.00576	0.00497	0.00145	0.00677	0.00429	0.00390	0.11834
7	0.01337	0.01092	0.01363	0.01059	0.01436	0.03518	0.08629	0.16696	0.03047	0.04002	0.01356	0.06958	0.01166	0.00630	0.00520	0.00136	0.02292	0.02927	0.08089	0.33746
8	0.01195	0.01339	0.09184	0.08577	0.04676	0.01250	0.30721	0.01532	0.01126	0.04160	0.01129	0.06529	0.00967	0.00647	0.00816	0.00183	0.16740	0.00586	0.00289	0.08357

[dist]
# distance from previous block
# <min> <max>
1	4

[block]
# block no. 4 follows, 45 sequences, length 20
# corresponding to MSA columns:
# 169-188
name=unknown_E
#
# <colnr> <probs for GDERKNQSTAVLIFYWHMCP>
#	G	D	E	R	K	N	Q	S	T	A	V	L	I	F	Y	W	H	M	C	P
0	0.01168	0.06588	0.05892	0.40641	0.22292	0.03972	0.01445	0.01553	0.04362	0.01527	0.01096	0.01585	0.00901	0.00570	0.00530	0.00171	0.00676	0.04075	0.00271	0.00685
1	0.01402	0.16066	0.02160	0.06618	0.46971	0.02957	0.01401	0.08264	0.03182	0.01776	0.00998	0.01249	0.00830	0.00516	0.00540	0.00155	0.03383	0.00444	0.00288	0.00799
2	0.01318	0.51037	0.24938	0.01117	0.01646	0.04263	0.01228	0.01624	0.01126	0.01425	0.03490	0.01062	0.00839	0.00511	0.00441	0.00137	0.02499	0.00349	0.00243	0.00709
3	0.04410	0.01096	0.01230	0.01142	0.06438	0.02455	0.00833	0.17132	0.25578	0.04484	0.05939	0.10537	0.03233	0.00774	0.00536	0.00163	0.00454	0.00647	0.00481	0.12435
4	0.05990	0.00991	0.04437	0.01110	0.08244	0.00888	0.00821	0.03970	0.10353	0.25789	0.13268	0.02159	0.03730	0.06096	0.00676	0.00183	0.00448	0.00594	0.00498	0.09754
5	0.00762	0.00520	0.00599	0.00609	0.00626	0.00517	0.00360	0.00786	0.00828	0.01099	0.01984	0.09743	0.06152	0.66735	0.06105	0.00494	0.00534	0.00850	0.00347	0.00348
6	0.01451	0.04685	0.05497	0.01131	0.01478	0.01381	0.00947	0.13216	0.46937	0.05343	0.01767	0.01698	0.01326	0.00689	0.00609	0.00174	0.05828	0.00538	0.00487	0.04818
7	0.00932	0.00466	0.00699	0.00699	0.00699	0.00466	0.00466	0.00699	0.00699	0.00932	0.00932	0.01632	0.00932	0.01865	0.02098	0.84382	0.00466	0.00466	0.00233	0.00233
8	0.01411	0.01136	0.01216	0.01083	0.01394	0.01296	0.00845	0.02836	0.71482	0.07625	0.02180	0.01990	0.01617	0.00724	0.00546	0.00181	0.00427	0.00602	0.00555	0.00854
9	0.01667	0.42407	0.02285	0.01207	0.01594	0.34880	0.05999	0.01844	0.01286	0.01315	0.00805	0.00946	0.00698	0.00499	0.00423	0.00129	0.00764	0.00335	0.00252	0.00663
10	0.00769	0.00567	0.00722	0.00687	0.00819	0.00531	0.00514	0.01055	0.04219	0.02083	0.67542	0.07688	0.08526	0.01125	0.00633	0.00172	0.00263	0.00992	0.00580	0.00513
11	0.00898	0.00793	0.05064	0.02898	0.01141	0.00784	0.00798	0.03514	0.04386	0.01498	0.04577	0.12360	0.02129	0.11629	0.20932	0.00418	0.06719	0.18554	0.00388	0.00518
12	0.09208	0.12403	0.54047	0.01343	0.02000	0.01311	0.03988	0.01634	0.01135	0.01742	0.05679	0.01263	0.00949	0.00537	0.00483	0.00163	0.00699	0.00416	0.00261	0.00740
13	0.01231	0.07979	0.14017	0.13081	0.38335	0.01266	0.05120	0.01583	0.01183	0.03184	0.01235	0.01490	0.04908	0.00538	0.00521	0.00161	0.00652	0.00490	0.00275	0.02751
14	0.01482	0.11311	0.20492	0.01465	0.10983	0.13716	0.01250	0.14828	0.04893	0.04369	0.04475	0.01549	0.05647	0.00621	0.00509	0.00157	0.00659	0.00483	0.00354	0.00756
15	0.01212	0.01010	0.01135	0.00974	0.02701	0.03169	0.01988	0.15239	0.12721	0.02065	0.09122	0.05227	0.15584	0.00824	0.00602	0.00157	0.04683	0.00669	0.03374	0.17544
16	0.02897	0.18566	0.03265	0.03195	0.13213	0.13212	0.01019	0.09105	0.09124	0.01775	0.03484	0.01569	0.05371	0.00617	0.00514	0.00147	0.02646	0.01553	0.00345	0.08384
17	0.01702	0.06628	0.01511	0.03310	0.01532	0.01393	0.00925	0.41454	0.03800	0.08771	0.01474	0.06714	0.03006	0.00715	0.00607	0.00161	0.06029	0.00546	0.00472	0.09251
18	0.01698	0.01429	0.06666	0.07615	0.01785	0.01447	0.01066	0.50188	0.03899	0.02764	0.01276	0.04475	0.00986	0.00656	0.00570	0.00161	0.03338	0.00505	0.00459	0.09016
19	0.01266	0.00874	0.01028	0.00912	0.01149	0.00899	0.00709	0.16176	0.14298	0.09722	0.23686	0.17008	0.02826	0.01005	0.00597	0.00179	0.00392	0.03582	0.00551	0.03143

[dist]
# distance from previous block
# <min> <max>
5	71

[block]
# block no. 5 follows, 45 sequences, length 17
# corresponding to MSA columns:
# 260-276
name=unknown_F
#
# <colnr> <probs for GDERKNQSTAVLIFYWHMCP>
#	G	D	E	R	K	N	Q	S	T	A	V	L	I	F	Y	W	H	M	C	P
0	0.10780	0.14476	0.43996	0.01277	0.03172	0.03189	0.01448	0.01722	0.03635	0.05224	0.01021	0.01203	0.00782	0.03279	0.00540	0.00170	0.00671	0.00393	0.00277	0.02745
1	0.01266	0.01250	0.10826	0.01172	0.06049	0.02894	0.00962	0.11798	0.08398	0.05905	0.01730	0.12346	0.06286	0.00819	0.01577	0.00169	0.06222	0.00631	0.00402	0.19300
2	0.13558	0.07343	0.03103	0.01084	0.01376	0.18288	0.02949	0.09084	0.10501	0.01852	0.01417	0.11200	0.02944	0.00744	0.00581	0.00164	0.06166	0.00563	0.01887	0.05195
3	0.01410	0.01501	0.20446	0.01127	0.01555	0.01157	0.01085	0.28260	0.04299	0.05425	0.06010	0.09600	0.01494	0.03906	0.00626	0.00179	0.00553	0.01851	0.03220	0.06296
4	0.04502	0.04623	0.24742	0.04826	0.04635	0.04687	0.01303	0.31985	0.04960	0.04061	0.01303	0.01378	0.03392	0.00605	0.00516	0.00164	0.00648	0.00465	0.00393	0.00811
5	0.02909	0.01948	0.35409	0.02003	0.24292	0.03151	0.06865	0.06742	0.03307	0.03703	0.03857	0.01359	0.00955	0.00538	0.00529	0.00166	0.00701	0.00470	0.00298	0.00799
6	0.01104	0.01016	0.01290	0.32168	0.04759	0.08232	0.01051	0.05084	0.01162	0.01522	0.01481	0.03561	0.06898	0.02740	0.11543	0.00271	0.04800	0.00553	0.06546	0.04221
7	0.01292	0.11196	0.02097	0.04805	0.54219	0.01328	0.02898	0.01658	0.05434	0.01710	0.02985	0.01648	0.01099	0.00563	0.00526	0.00161	0.00608	0.04685	0.00297	0.00792
8	0.00749	0.00550	0.00732	0.00738	0.00814	0.00590	0.00531	0.00874	0.00892	0.01218	0.02081	0.06606	0.11116	0.25702	0.43668	0.00649	0.00976	0.00748	0.00335	0.00430
9	0.01098	0.01022	0.01708	0.41829	0.30586	0.01138	0.01426	0.01428	0.01184	0.01609	0.10510	0.01715	0.01307	0.00585	0.00547	0.00170	0.00629	0.00539	0.00292	0.00679
10	0.04833	0.04239	0.53741	0.01753	0.11827	0.02641	0.08379	0.01716	0.01162	0.03419	0.00989	0.01181	0.00724	0.00503	0.00512	0.00167	0.00757	0.00423	0.00251	0.00782
11	0.00868	0.00677	0.01021	0.00926	0.01045	0.00682	0.09912	0.01025	0.01008	0.01375	0.06242	0.03575	0.03650	0.35399	0.10448	0.00414	0.02280	0.15688	0.03313	0.00451
12	0.00704	0.00595	0.00624	0.00583	0.00794	0.00490	0.00439	0.00855	0.01213	0.01512	0.08358	0.04563	0.62530	0.03212	0.00657	0.00176	0.00293	0.01015	0.00476	0.10911
13	0.00892	0.00519	0.00578	0.00577	0.00664	0.00517	0.00404	0.01065	0.01066	0.01692	0.11196	0.02850	0.02067	0.24968	0.03893	0.00279	0.00382	0.03226	0.42717	0.00448
14	0.74487	0.01028	0.00829	0.00717	0.01067	0.01143	0.00588	0.01550	0.00938	0.02326	0.00773	0.00902	0.00608	0.00486	0.00340	0.00155	0.00413	0.00294	0.00330	0.11024
15	0.01146	0.18351	0.61040	0.03763	0.02177	0.01419	0.01757	0.01672	0.01123	0.01603	0.00920	0.01088	0.00683	0.00501	0.00478	0.00159	0.00747	0.00377	0.00228	0.00767
16	0.04188	0.13223	0.65429	0.01418	0.02150	0.01362	0.01790	0.01683	0.01120	0.01667	0.00926	0.01087	0.00678	0.00503	0.00481	0.00162	0.00750	0.00378	0.00231	0.00772

[dist]
# distance from previous block
# <min> <max>
0	10

[block]
# block no. 6 follows, 45 sequences, length 12
# corresponding to MSA columns:
# 287-298
name=unknown_G
#
# <colnr> <probs for GDERKNQSTAVLIFYWHMCP>
#	G	D	E	R	K	N	Q	S	T	A	V	L	I	F	Y	W	H	M	C	P
0	0.02229	0.15783	0.01535	0.00948	0.01372	0.01035	0.00813	0.02430	0.01454	0.63963	0.01865	0.01649	0.01211	0.00627	0.00504	0.00157	0.00478	0.00493	0.00584	0.00872
1	0.00822	0.00676	0.01040	0.01296	0.15111	0.00648	0.04110	0.00988	0.01101	0.01480	0.02621	0.52902	0.06336	0.01373	0.00657	0.00206	0.00411	0.07246	0.00445	0.00531
2	0.02908	0.01515	0.16014	0.24984	0.33876	0.04864	0.03073	0.01630	0.03030	0.01637	0.01002	0.01315	0.00786	0.00511	0.00525	0.00167	0.00700	0.00459	0.00259	0.00747
3	0.00641	0.00544	0.00553	0.00551	0.00729	0.00456	0.00413	0.00783	0.01239	0.01487	0.09228	0.05105	0.73756	0.01346	0.00634	0.00181	0.00271	0.01124	0.00503	0.00456
4	0.01647	0.01229	0.01371	0.01025	0.01475	0.01197	0.00837	0.39004	0.01845	0.06516	0.01183	0.01238	0.00882	0.00536	0.00475	0.00125	0.00498	0.00413	0.00446	0.38059
5	0.01320	0.15880	0.01502	0.00890	0.01341	0.01109	0.00752	0.09366	0.01265	0.04598	0.00985	0.01113	0.00804	0.00463	0.00452	0.00103	0.03059	0.00343	0.00335	0.54319
6	0.01564	0.16083	0.01682	0.01280	0.08245	0.04424	0.00972	0.23198	0.22832	0.04580	0.05073	0.01759	0.01366	0.00675	0.00515	0.00162	0.00535	0.03801	0.00453	0.00799
7	0.01208	0.01967	0.45912	0.01507	0.10649	0.01058	0.01528	0.01678	0.01264	0.11017	0.15238	0.01771	0.01587	0.00633	0.00539	0.00168	0.00635	0.00529	0.00351	0.00761
8	0.01202	0.01007	0.01161	0.00837	0.01310	0.00806	0.00673	0.08486	0.01248	0.01905	0.00986	0.01130	0.00806	0.00421	0.00411	0.00087	0.00416	0.00334	0.00339	0.76436
9	0.01070	0.00638	0.00933	0.00880	0.01035	0.00693	0.00693	0.01265	0.00987	0.15445	0.01563	0.02057	0.01340	0.03405	0.64522	0.00734	0.01257	0.00569	0.00357	0.00559
10	0.01114	0.01069	0.15056	0.03393	0.01189	0.00825	0.00801	0.05863	0.09974	0.02034	0.01603	0.01781	0.01229	0.00614	0.00435	0.00144	0.00406	0.00492	0.51357	0.00622
11	0.00652	0.00496	0.00601	0.00678	0.00762	0.00445	0.00469	0.00766	0.01113	0.01430	0.06989	0.52808	0.27752	0.01551	0.00666	0.00204	0.00296	0.01374	0.00502	0.00445

[dist]
# distance from previous block
# <min> <max>
0	1

[block]
# block no. 7 follows, 45 sequences, length 188
# corresponding to MSA columns:
# 300-471,473-488
name=unknown_H
#
# <colnr> <probs for GDERKNQSTAVLIFYWHMCP>
#	G	D	E	R	K	N	Q	S	T	A	V	L	I	F	Y	W	H	M	C	P
0	0.01154	0.00993	0.01588	0.58711	0.03079	0.01247	0.01375	0.01454	0.01062	0.07388	0.00998	0.01413	0.00762	0.00623	0.00770	0.00189	0.15823	0.00481	0.00271	0.00619
1	0.01207	0.00942	0.01115	0.00807	0.01271	0.00716	0.00646	0.01440	0.01145	0.07745	0.01080	0.02559	0.00885	0.00441	0.00414	0.00089	0.00401	0.00357	0.00348	0.76392
2	0.00762	0.00623	0.00653	0.00635	0.00828	0.00560	0.00491	0.06704	0.01322	0.01612	0.04868	0.06579	0.64484	0.01319	0.00636	0.00185	0.00314	0.06431	0.00501	0.00492
3	0.01017	0.01053	0.07531	0.66022	0.03292	0.01130	0.01422	0.01386	0.01083	0.01458	0.01032	0.01463	0.00777	0.00543	0.00519	0.00173	0.00677	0.00473	0.08347	0.00602
4	0.01038	0.00979	0.01655	0.73832	0.09517	0.01199	0.01503	0.01393	0.01085	0.01402	0.00958	0.01423	0.00726	0.00532	0.00536	0.00177	0.00709	0.00477	0.00241	0.00616
5	0.84927	0.01038	0.00789	0.00706	0.01038	0.01204	0.00581	0.01578	0.00914	0.02408	0.00747	0.00872	0.00581	0.00498	0.00332	0.00166	0.00415	0.00291	0.00332	0.00581
6	0.01231	0.01184	0.01639	0.07131	0.01597	0.01613	0.01185	0.07166	0.00974	0.01462	0.00769	0.01202	0.00722	0.00887	0.01576	0.00225	0.68095	0.00471	0.00259	0.00613
7	0.00760	0.00569	0.00806	0.00792	0.00849	0.00547	0.06337	0.00839	0.00933	0.01247	0.02230	0.39111	0.02602	0.38028	0.01620	0.00354	0.00454	0.01114	0.00401	0.00408
8	0.01932	0.02575	0.07556	0.01394	0.01712	0.72874	0.01111	0.02109	0.01491	0.01344	0.00840	0.00981	0.00691	0.00550	0.00486	0.00141	0.00954	0.00350	0.00273	0.00636
9	0.07301	0.00584	0.00626	0.00604	0.00778	0.00532	0.00457	0.00922	0.01307	0.01781	0.31338	0.04407	0.45093	0.01196	0.00610	0.00176	0.00276	0.01008	0.00519	0.00483
10	0.02041	0.01504	0.01611	0.01235	0.01665	0.01665	0.01020	0.75997	0.02524	0.03383	0.01289	0.01289	0.00913	0.00644	0.00537	0.00161	0.00591	0.00483	0.00537	0.00913
11	0.01288	0.07642	0.03833	0.03621	0.02220	0.02699	0.41910	0.07023	0.01285	0.01754	0.01101	0.04585	0.00909	0.00543	0.00630	0.00164	0.05302	0.00565	0.00300	0.12625
12	0.01313	0.06362	0.01731	0.01483	0.07050	0.08802	0.04219	0.07272	0.01090	0.01503	0.00873	0.01256	0.00795	0.01091	0.08702	0.00265	0.44819	0.00465	0.00271	0.00637
13	0.07378	0.00611	0.00857	0.00850	0.00965	0.00713	0.00664	0.01007	0.00867	0.01337	0.01384	0.02012	0.01282	0.03749	0.72828	0.00808	0.01357	0.00553	0.00291	0.00487
14	0.01514	0.01182	0.01304	0.00983	0.01415	0.01144	0.00800	0.36619	0.01789	0.02499	0.01465	0.01515	0.06881	0.00590	0.00482	0.00126	0.00479	0.00460	0.00436	0.38318
15	0.01125	0.00755	0.00983	0.00978	0.01138	0.00795	0.00796	0.04707	0.08921	0.10874	0.04146	0.21178	0.02594	0.01264	0.00754	0.00218	0.06698	0.30979	0.00505	0.00594
16	0.01229	0.01360	0.02721	0.01996	0.02422	0.02900	0.57569	0.01610	0.01227	0.01683	0.07028	0.01600	0.01130	0.00576	0.00794	0.00187	0.12361	0.00630	0.00291	0.00685
17	0.01240	0.01529	0.09000	0.05859	0.02810	0.01341	0.66535	0.01702	0.01247	0.01702	0.01070	0.01422	0.00799	0.00461	0.00619	0.00180	0.00887	0.00608	0.00266	0.00723
18	0.00799	0.00557	0.00730	0.00682	0.00815	0.00513	0.00513	0.01051	0.01520	0.03943	0.75727	0.03958	0.04977	0.01087	0.00631	0.00169	0.00258	0.00961	0.00593	0.00516
19	0.00755	0.00497	0.00610	0.02314	0.00788	0.00476	0.00473	0.00894	0.01067	0.01533	0.05361	0.47677	0.07779	0.06426	0.00733	0.00210	0.00314	0.01166	0.20478	0.00451
20	0.01155	0.17779	0.59474	0.01398	0.02089	0.01430	0.01725	0.01697	0.02957	0.01616	0.00943	0.01104	0.00706	0.00520	0.00520	0.00162	0.03339	0.00383	0.00235	0.00768
21	0.01435	0.81458	0.02813	0.00918	0.01378	0.02124	0.00918	0.01607	0.01091	0.01263	0.00746	0.00861	0.00689	0.00459	0.00344	0.00115	0.00574	0.00287	0.00230	0.00689
22	0.00683	0.00499	0.00648	0.00750	0.00815	0.00464	0.00534	0.00808	0.01100	0.01445	0.06528	0.58512	0.12746	0.01591	0.00684	0.00215	0.00327	0.10700	0.00502	0.00449
23	0.01092	0.00956	0.02672	0.13168	0.01564	0.01151	0.00961	0.04625	0.06447	0.03432	0.04821	0.03734	0.01323	0.11311	0.11100	0.00325	0.27789	0.00583	0.02365	0.00578
24	0.01624	0.02784	0.01197	0.06717	0.01436	0.00996	0.00802	0.02294	0.28130	0.30818	0.08916	0.02171	0.01771	0.07034	0.00718	0.00200	0.00453	0.00612	0.00548	0.00779
25	0.00636	0.00539	0.00548	0.00556	0.00728	0.00452	0.00413	0.00769	0.01212	0.01445	0.05292	0.09617	0.73212	0.01378	0.00637	0.00183	0.00274	0.01156	0.00498	0.00452
26	0.00906	0.00466	0.00692	0.00704	0.00707	0.00463	0.00469	0.00704	0.00730	0.00974	0.01123	0.09066	0.01178	0.01848	0.01965	0.76477	0.00452	0.00566	0.00258	0.00252
27	0.01587	0.53739	0.06418	0.01087	0.01512	0.23615	0.01010	0.03108	0.01240	0.01339	0.00791	0.00913	0.00693	0.00492	0.00396	0.00125	0.00696	0.00313	0.00248	0.00680
28	0.00914	0.00477	0.00706	0.00706	0.00713	0.00484	0.00475	0.00722	0.00715	0.00960	0.01003	0.01749	0.01007	0.05507	0.07749	0.74590	0.00540	0.00488	0.00241	0.00255
29	0.00686	0.00548	0.00616	0.00613	0.00771	0.00478	0.00465	0.00863	0.01310	0.01669	0.26946	0.06236	0.50122	0.01293	0.00641	0.00182	0.00280	0.05284	0.00526	0.00471
30	0.00654	0.00467	0.00623	0.00747	0.00779	0.00436	0.00498	0.00747	0.01028	0.01370	0.02959	0.80785	0.03550	0.01682	0.00685	0.00218	0.00311	0.01526	0.00498	0.00436
31	0.01135	0.02184	0.01047	0.00987	0.02867	0.08458	0.00733	0.03171	0.32661	0.01906	0.14127	0.13361	0.11904	0.00980	0.00584	0.00180	0.00427	0.02124	0.00503	0.00661
32	0.01118	0.11768	0.69721	0.01460	0.02215	0.01347	0.01862	0.01689	0.01128	0.01650	0.00939	0.01102	0.00681	0.00504	0.00491	0.00164	0.00768	0.00384	0.00227	0.00781
33	0.01312	0.01258	0.02140	0.03230	0.75974	0.01256	0.01618	0.01627	0.01222	0.01747	0.01114	0.01419	0.02655	0.00499	0.00534	0.00160	0.00629	0.00494	0.00271	0.00841
34	0.00679	0.00471	0.00612	0.00724	0.00766	0.00441	0.00487	0.00785	0.01040	0.01418	0.02931	0.73169	0.05207	0.01597	0.00661	0.00210	0.00306	0.01441	0.06612	0.00441
35	0.01232	0.01230	0.03581	0.07795	0.03337	0.01585	0.02884	0.07194	0.01002	0.01492	0.00792	0.01213	0.00727	0.00852	0.01483	0.00220	0.62019	0.00473	0.00260	0.00627
36	0.00637	0.00534	0.00554	0.00571	0.00732	0.00451	0.00420	0.00767	0.01197	0.01439	0.05105	0.15314	0.67635	0.01403	0.00641	0.00186	0.00277	0.01186	0.00498	0.00451
37	0.07476	0.07528	0.01336	0.00952	0.01349	0.11347	0.02382	0.07327	0.04838	0.03723	0.02794	0.03194	0.01008	0.02323	0.00491	0.00127	0.00515	0.00410	0.00352	0.40529
38	0.01273	0.01065	0.01555	0.09186	0.01722	0.01169	0.09737	0.08575	0.01202	0.07689	0.01266	0.11014	0.01153	0.00775	0.00891	0.00178	0.23411	0.00596	0.00351	0.17192
39	0.03491	0.01439	0.07626	0.17345	0.12609	0.11113	0.03831	0.14999	0.03280	0.12499	0.03150	0.01502	0.02348	0.00596	0.00528	0.00164	0.00652	0.00492	0.01582	0.00754
40	0.01165	0.22006	0.40872	0.03154	0.01918	0.01402	0.03225	0.01692	0.07081	0.01615	0.01224	0.01716	0.01039	0.00626	0.00502	0.00167	0.00676	0.08904	0.00285	0.00731
41	0.01014	0.00954	0.01610	0.79845	0.03697	0.01193	0.01491	0.01371	0.01073	0.01371	0.00954	0.01431	0.00716	0.00537	0.00537	0.00179	0.00716	0.00477	0.00239	0.00596
42	0.06118	0.03514	0.01556	0.01296	0.01586	0.41736	0.06819	0.07325	0.03293	0.01594	0.00967	0.01227	0.00821	0.04643	0.02455	0.00184	0.07379	0.00416	0.00306	0.06763
43	0.00994	0.00792	0.01212	0.07025	0.09197	0.00800	0.06771	0.04727	0.03011	0.03519	0.02358	0.25778	0.03948	0.01207	0.00659	0.00211	0.00503	0.26267	0.00443	0.00577
44	0.00770	0.00562	0.00795	0.00795	0.00867	0.00634	0.00586	0.00915	0.00843	0.01196	0.01500	0.02454	0.01492	0.22966	0.60272	0.00779	0.01212	0.00626	0.00297	0.00441
45	0.01974	0.01439	0.01579	0.01223	0.01616	0.01608	0.01011	0.66451	0.02338	0.06090	0.01287	0.01314	0.00922	0.00666	0.00622	0.00166	0.06278	0.00485	0.02048	0.00882
46	0.02155	0.00857	0.01164	0.00912	0.01283	0.00746	0.00746	0.02369	0.01534	0.66468	0.13713	0.02163	0.01903	0.00731	0.00554	0.00167	0.00425	0.00606	0.00653	0.00851
47	0.00692	0.00541	0.00629	0.00624	0.00769	0.00477	0.00466	0.00875	0.01329	0.01735	0.34811	0.11213	0.39864	0.01282	0.00640	0.00181	0.00272	0.02589	0.00536	0.00474
48	0.00652	0.00474	0.00616	0.00730	0.00774	0.00437	0.00491	0.00749	0.01044	0.01377	0.03165	0.74480	0.09721	0.01655	0.00681	0.00215	0.00308	0.01493	0.00498	0.00437
49	0.00760	0.00549	0.00718	0.00675	0.00802	0.00506	0.00506	0.01013	0.01519	0.02153	0.77503	0.04010	0.05065	0.01097	0.00633	0.00169	0.00253	0.00971	0.00591	0.00506
50	0.00711	0.00524	0.00667	0.00699	0.00801	0.00481	0.00510	0.00890	0.01287	0.01742	0.36222	0.30730	0.15563	0.01362	0.00658	0.00192	0.00291	0.05656	0.00539	0.00473
51	0.12232	0.00965	0.01070	0.00783	0.01241	0.00780	0.00629	0.01382	0.01087	0.01837	0.00927	0.01081	0.00767	0.00411	0.00389	0.00091	0.00400	0.00314	0.00320	0.73295
52	0.05082	0.16386	0.61562	0.01385	0.02098	0.01397	0.01732	0.01678	0.01116	0.01657	0.00915	0.01074	0.00677	0.00501	0.00473	0.00160	0.00737	0.00373	0.00232	0.00765
53	0.01420	0.01178	0.01249	0.01102	0.01419	0.01352	0.00863	0.09192	0.68691	0.04040	0.02106	0.01937	0.01569	0.00720	0.00545	0.00180	0.00440	0.00595	0.00548	0.00857
54	0.00761	0.00512	0.00591	0.00610	0.00615	0.00508	0.00351	0.00776	0.00818	0.01091	0.01884	0.15233	0.02194	0.69084	0.02422	0.00475	0.00489	0.00894	0.00351	0.00342
55	0.01435	0.81458	0.02813	0.00918	0.01378	0.02124	0.00918	0.01607	0.01091	0.01263	0.00746	0.00861	0.00689	0.00459	0.00344	0.00115	0.00574	0.00287	0.00230	0.00689
56	0.01965	0.02211	0.01520	0.01328	0.01642	0.55389	0.01020	0.19367	0.07198	0.01862	0.01034	0.01117	0.00811	0.00587	0.00501	0.00147	0.00841	0.00397	0.00357	0.00706
57	0.01017	0.00958	0.01611	0.78454	0.03657	0.01201	0.01485	0.01370	0.01069	0.01370	0.00950	0.01427	0.00715	0.00544	0.00558	0.00180	0.02124	0.00477	0.00238	0.00596
58	0.01077	0.02777	0.78354	0.01530	0.02323	0.01247	0.01983	0.01700	0.01133	0.01700	0.00963	0.01133	0.00680	0.00510	0.00510	0.00170	0.00793	0.00397	0.00227	0.00793
59	0.00651	0.00546	0.00567	0.00565	0.00740	0.00461	0.00426	0.00800	0.01251	0.01519	0.12129	0.05076	0.69267	0.01337	0.00636	0.00181	0.00275	0.02605	0.00507	0.00459
60	0.01329	0.01275	0.02179	0.03295	0.77787	0.01275	0.01647	0.01647	0.01222	0.01754	0.01010	0.01329	0.00850	0.00478	0.00531	0.00159	0.00638	0.00478	0.00266	0.00850
61	0.01077	0.02777	0.78354	0.01530	0.02323	0.01247	0.01983	0.01700	0.01133	0.01700	0.00963	0.01133	0.00680	0.00510	0.00510	0.00170	0.00793	0.00397	0.00227	0.00793
62	0.00788	0.00583	0.00762	0.00860	0.00967	0.00570	0.00686	0.01030	0.04705	0.01538	0.03148	0.31364	0.11707	0.01501	0.00701	0.00227	0.00403	0.37476	0.00499	0.00486
63	0.00656	0.00476	0.00621	0.00737	0.00781	0.00441	0.00498	0.00756	0.01046	0.01381	0.03144	0.73670	0.09139	0.01654	0.00682	0.00216	0.00312	0.02854	0.00498	0.00438
64	0.01875	0.01421	0.01518	0.01202	0.01602	0.01587	0.00980	0.58847	0.19943	0.03116	0.01499	0.01456	0.01083	0.00664	0.00539	0.00166	0.00552	0.00512	0.00539	0.00898
65	0.00651	0.00538	0.00572	0.00577	0.00739	0.00458	0.00428	0.00798	0.01242	0.01528	0.13913	0.11550	0.62442	0.01356	0.00639	0.00183	0.00273	0.01147	0.00510	0.00458
66	0.00756	0.00546	0.00714	0.00678	0.00801	0.00504	0.00506	0.01004	0.01502	0.02125	0.74883	0.06709	0.05012	0.01118	0.00635	0.00171	0.00255	0.00990	0.00588	0.00504
67	0.00654	0.00467	0.00623	0.00747	0.00779	0.00436	0.00498	0.00747	0.01028	0.01370	0.02959	0.80785	0.03550	0.01682	0.00685	0.00218	0.00311	0.01526	0.00498	0.00436
68	0.10790	0.01013	0.01541	0.47717	0.08723	0.02547	0.05363	0.01435	0.01078	0.01595	0.01002	0.01392	0.00777	0.00551	0.00562	0.00173	0.04523	0.00464	0.08141	0.00613
69	0.03444	0.70976	0.10933	0.00979	0.01472	0.02007	0.01025	0.01617	0.01091	0.01338	0.00770	0.00891	0.00685	0.00466	0.00362	0.00122	0.00594	0.00299	0.00232	0.00698
70	0.00654	0.00467	0.00623	0.00747	0.00779	0.00436	0.00498	0.00747	0.01028	0.01370	0.02959	0.80785	0.03550	0.01682	0.00685	0.00218	0.00311	0.01526	0.00498	0.00436
71	0.15961	0.00967	0.01452	0.30435	0.09922	0.01100	0.08305	0.01434	0.01072	0.01737	0.01082	0.01433	0.00851	0.00638	0.02499	0.00185	0.04230	0.00466	0.15622	0.00611
72	0.00781	0.00520	0.00585	0.00585	0.00585	0.00520	0.00325	0.00781	0.00781	0.01041	0.01691	0.03513	0.01952	0.81135	0.02732	0.00520	0.00520	0.00781	0.00325	0.00325
73	0.15698	0.01455	0.01464	0.07394	0.03557	0.10298	0.01005	0.39107	0.03602	0.03844	0.01105	0.01212	0.00824	0.00621	0.00586	0.00167	0.06427	0.00438	0.00423	0.00773
74	0.01921	0.01384	0.01501	0.01209	0.01596	0.01504	0.00972	0.49497	0.18979	0.08981	0.03478	0.03491	0.01344	0.00753	0.00580	0.00183	0.00556	0.00577	0.00575	0.00918
75	0.02408	0.00914	0.01246	0.00955	0.01370	0.00789	0.00789	0.02616	0.01536	0.78158	0.02118	0.01827	0.01329	0.00664	0.00540	0.00166	0.00457	0.00540	0.00664	0.00914
76	0.00760	0.00549	0.00718	0.00675	0.00802	0.00506	0.00506	0.01013	0.01519	0.02153	0.77503	0.04010	0.05065	0.01097	0.00633	0.00169	0.00253	0.00971	0.00591	0.00506
77	0.00740	0.00548	0.00691	0.00655	0.00790	0.00498	0.00491	0.00976	0.01474	0.02045	0.66431	0.04187	0.16205	0.01138	0.00633	0.00171	0.00256	0.00996	0.00577	0.00498
78	0.01122	0.01110	0.01538	0.01329	0.01343	0.01527	0.01101	0.01240	0.00857	0.01305	0.01108	0.03473	0.06397	0.00989	0.01652	0.00231	0.72299	0.00545	0.00261	0.00574
79	0.01267	0.01448	0.03167	0.02262	0.02805	0.01357	0.75837	0.01719	0.01267	0.01719	0.01086	0.01448	0.00814	0.00452	0.00633	0.00181	0.00905	0.00633	0.00271	0.00724
80	0.01077	0.02777	0.78354	0.01530	0.02323	0.01247	0.01983	0.01700	0.01133	0.01700	0.00963	0.01133	0.00680	0.00510	0.00510	0.00170	0.00793	0.00397	0.00227	0.00793
81	0.57206	0.00949	0.00837	0.00727	0.01043	0.01044	0.00594	0.03566	0.01084	0.14216	0.01128	0.01203	0.00827	0.00547	0.00376	0.00160	0.00401	0.00366	0.13097	0.00629
82	0.00669	0.00483	0.00634	0.00728	0.00780	0.00447	0.00496	0.00789	0.01110	0.01492	0.14364	0.66102	0.06754	0.01580	0.00675	0.00209	0.00301	0.01426	0.00512	0.00447
83	0.02289	0.00988	0.01278	0.00992	0.01400	0.00914	0.00815	0.09541	0.07543	0.65158	0.02045	0.01790	0.01314	0.00668	0.00540	0.00167	0.00467	0.00540	0.00643	0.00908
84	0.02252	0.00948	0.01241	0.00975	0.01374	0.00869	0.00798	0.02650	0.12519	0.67084	0.02128	0.01853	0.01374	0.00674	0.00541	0.00168	0.00452	0.00550	0.00647	0.00904
85	0.01340	0.00761	0.00952	0.00824	0.01069	0.00732	0.00645	0.01795	0.14657	0.24519	0.38764	0.03071	0.06776	0.00918	0.00591	0.00171	0.00344	0.00788	0.00600	0.00684
86	0.00822	0.00553	0.00619	0.00607	0.00621	0.00558	0.00348	0.03242	0.00838	0.01117	0.01678	0.03440	0.01918	0.78501	0.02660	0.00509	0.00523	0.00771	0.00332	0.00344
87	0.84927	0.01038	0.00789	0.00706	0.01038	0.01204	0.00581	0.01578	0.00914	0.02408	0.00747	0.00872	0.00581	0.00498	0.00332	0.00166	0.00415	0.00291	0.00332	0.00581
