[name]
unknown

[dist]
# distance from previous block
# <min> <max>
0	198

[block]
# block no. 0 follows, 45 sequences, length 89
# corresponding to MSA columns:
# 206-294
name=unknown_A
#
# <colnr> <probs for GDERKNQSTAVLIFYWHMCP>
#	G	D	E	R	K	N	Q	S	T	A	V	L	I	F	Y	W	H	M	C	P
0	0.01210	0.01168	0.02033	0.18100	0.47426	0.01207	0.09483	0.01565	0.03116	0.01659	0.01181	0.07237	0.01039	0.00582	0.00555	0.00170	0.00652	0.00575	0.00285	0.00756
1	0.01107	0.09371	0.72022	0.01479	0.02244	0.01320	0.01894	0.01692	0.01130	0.01663	0.00945	0.01110	0.00681	0.00506	0.00496	0.00165	0.00775	0.00387	0.00227	0.00785
2	0.20746	0.01063	0.01200	0.01043	0.04446	0.01103	0.00806	0.11867	0.14963	0.31742	0.03258	0.01652	0.02496	0.00648	0.00497	0.00168	0.00459	0.00504	0.00531	0.00808
3	0.00686	0.00495	0.00652	0.00754	0.00803	0.00469	0.00516	0.00834	0.02891	0.01478	0.10710	0.69208	0.03652	0.01594	0.00678	0.00213	0.00312	0.03093	0.00509	0.00455
4	0.00730	0.00538	0.00685	0.00686	0.00805	0.00493	0.00511	0.00939	0.01378	0.01889	0.50382	0.17134	0.15141	0.01255	0.00648	0.00183	0.00279	0.05278	0.00557	0.00486
5	0.00664	0.00471	0.00620	0.00734	0.00763	0.00443	0.00484	0.00750	0.01008	0.01344	0.02857	0.74612	0.03423	0.08029	0.00849	0.00242	0.00328	0.01466	0.00484	0.00427
6	0.00683	0.00489	0.00649	0.00728	0.00785	0.00455	0.00501	0.00820	0.01162	0.01584	0.23313	0.59822	0.03964	0.01522	0.00671	0.00205	0.00296	0.01374	0.00524	0.00455
7	0.00661	0.00492	0.00616	0.00696	0.00770	0.00447	0.00480	0.00780	0.01121	0.01470	0.11353	0.56516	0.19537	0.01551	0.00669	0.00205	0.00297	0.01383	0.00508	0.00447
8	0.01435	0.81458	0.02813	0.00918	0.01378	0.02124	0.00918	0.01607	0.01091	0.01263	0.00746	0.00861	0.00689	0.00459	0.00344	0.00115	0.00574	0.00287	0.00230	0.00689
9	0.00747	0.00548	0.00699	0.00661	0.00794	0.00501	0.00496	0.00987	0.01488	0.02078	0.69901	0.04132	0.12714	0.01125	0.00633	0.00170	0.00255	0.00988	0.00581	0.00501
10	0.71655	0.01113	0.00921	0.00791	0.01138	0.01278	0.00652	0.13494	0.01171	0.02564	0.00834	0.00939	0.00634	0.00522	0.00365	0.00165	0.00443	0.00322	0.00365	0.00634
11	0.01104	0.00944	0.01103	0.00794	0.01262	0.00710	0.00633	0.01339	0.01111	0.01741	0.00995	0.02728	0.00851	0.00424	0.00403	0.00082	0.00396	0.00343	0.00322	0.82714
12	0.02056	0.01449	0.01593	0.01257	0.03328	0.01582	0.01015	0.68183	0.02412	0.09629	0.01352	0.01335	0.00946	0.00642	0.00537	0.00161	0.00580	0.00488	0.00542	0.00912
13	0.00859	0.00616	0.00856	0.00976	0.01101	0.00613	0.00852	0.01103	0.01235	0.01602	0.02915	0.06030	0.05177	0.01479	0.00738	0.00245	0.00488	0.72126	0.00494	0.00493
14	0.01177	0.02917	0.01669	0.02919	0.01453	0.01646	0.01175	0.01300	0.00833	0.01293	0.00710	0.01173	0.00705	0.00921	0.01707	0.00231	0.76882	0.00466	0.00235	0.00590
15	0.15793	0.01349	0.01361	0.02937	0.06469	0.09532	0.00904	0.26735	0.04291	0.03909	0.01093	0.01200	0.00837	0.00605	0.01708	0.00156	0.01907	0.00407	0.00398	0.18408
16	0.00925	0.00626	0.00832	0.00771	0.00903	0.00632	0.00589	0.01132	0.01312	0.08497	0.44540	0.06238	0.08053	0.04873	0.11547	0.00286	0.06339	0.00864	0.00509	0.00531
17	0.00654	0.00467	0.00623	0.00747	0.00779	0.00436	0.00498	0.00747	0.01028	0.01370	0.02959	0.80785	0.03550	0.01682	0.00685	0.00218	0.00311	0.01526	0.00498	0.00436
18	0.01270	0.07008	0.01658	0.01133	0.01574	0.01045	0.13740	0.03381	0.02704	0.06097	0.01041	0.01221	0.00834	0.00483	0.00558	0.00121	0.06878	0.00405	0.00327	0.48522
19	0.01138	0.17636	0.48905	0.01382	0.01986	0.01410	0.04573	0.01596	0.01086	0.01550	0.00941	0.01169	0.00738	0.00791	0.06370	0.00216	0.07143	0.00404	0.00234	0.00731
20	0.00848	0.00574	0.00711	0.00662	0.00824	0.00513	0.00501	0.01068	0.01443	0.07572	0.53076	0.04152	0.23773	0.01134	0.00627	0.00172	0.00273	0.00981	0.00572	0.00523
21	0.02702	0.02266	0.52120	0.01618	0.09476	0.01274	0.03049	0.11950	0.01361	0.07585	0.01096	0.01226	0.00777	0.00535	0.00517	0.00168	0.00721	0.00430	0.00308	0.00819
22	0.03716	0.01389	0.01979	0.13266	0.55961	0.11180	0.01519	0.01672	0.01232	0.01665	0.00972	0.01284	0.00804	0.00496	0.00520	0.00160	0.00684	0.00456	0.00265	0.00780
23	0.01162	0.00640	0.00815	0.00745	0.00937	0.00584	0.00567	0.01405	0.03779	0.20424	0.32441	0.16433	0.10990	0.01079	0.00602	0.00176	0.00320	0.00938	0.05364	0.00599
24	0.00984	0.00562	0.00585	0.00585	0.00726	0.00569	0.00447	0.01323	0.07183	0.01941	0.02151	0.04481	0.07168	0.00764	0.00437	0.00143	0.00281	0.04800	0.64349	0.00523
25	0.02022	0.01415	0.01542	0.01195	0.01613	0.01549	0.00983	0.62693	0.08328	0.10925	0.01445	0.01400	0.01013	0.00653	0.00538	0.00163	0.00564	0.00499	0.00551	0.00908
26	0.01154	0.00750	0.00979	0.05118	0.01274	0.00771	0.00810	0.01605	0.15206	0.13424	0.02533	0.19435	0.02518	0.01208	0.00652	0.00213	0.00451	0.30765	0.00517	0.00618
27	0.00666	0.00478	0.00633	0.00743	0.00786	0.00445	0.00504	0.00776	0.01074	0.01438	0.08953	0.72031	0.04906	0.01626	0.00681	0.00214	0.00309	0.02787	0.00506	0.00443
28	0.00745	0.00541	0.00668	0.00671	0.00799	0.00487	0.00496	0.00932	0.01329	0.03506	0.38514	0.20360	0.24069	0.01292	0.00646	0.00185	0.00283	0.03446	0.00545	0.00486
29	0.01187	0.01702	0.21319	0.05128	0.02511	0.01343	0.43908	0.01629	0.01166	0.01640	0.01036	0.02753	0.00812	0.00553	0.00742	0.00186	0.10848	0.00564	0.00259	0.00713
30	0.01249	0.01189	0.02021	0.19370	0.59950	0.01239	0.01592	0.01574	0.01191	0.01669	0.01051	0.01487	0.00887	0.00520	0.00539	0.00166	0.00650	0.02606	0.00267	0.00786
31	0.01329	0.01275	0.02179	0.03295	0.77787	0.01275	0.01647	0.01647	0.01222	0.01754	0.01010	0.01329	0.00850	0.00478	0.00531	0.00159	0.00638	0.00478	0.00266	0.00850
32	0.00661	0.00479	0.00627	0.00742	0.00788	0.00444	0.00506	0.00763	0.01050	0.01385	0.03137	0.72280	0.08990	0.01650	0.00684	0.00216	0.00316	0.04345	0.00498	0.00440
33	0.00706	0.00545	0.00632	0.00629	0.00766	0.00487	0.00467	0.00878	0.01288	0.01678	0.31067	0.07866	0.37789	0.07658	0.00810	0.00209	0.00299	0.05244	0.00518	0.00464
34	0.00893	0.00756	0.00879	0.00857	0.00929	0.06941	0.00627	0.01014	0.00898	0.01202	0.01496	0.06861	0.01546	0.25767	0.40417	0.00622	0.06873	0.00663	0.00306	0.00451
35	0.09264	0.01828	0.01506	0.03732	0.01640	0.32595	0.01021	0.28394	0.01727	0.02151	0.00975	0.01114	0.00763	0.00627	0.00646	0.00162	0.10359	0.00409	0.00368	0.00718
36	0.01258	0.01203	0.02051	0.20484	0.61150	0.01257	0.01612	0.01585	0.01189	0.01668	0.00997	0.01352	0.00820	0.00491	0.00533	0.00164	0.00655	0.00478	0.00260	0.00793
37	0.01498	0.01416	0.01283	0.01126	0.01350	0.23103	0.00878	0.20295	0.01471	0.03136	0.01204	0.01603	0.01045	0.07232	0.24668	0.00399	0.06814	0.00493	0.00353	0.00634
38	0.01429	0.79537	0.02785	0.00930	0.01378	0.02113	0.00925	0.01600	0.01084	0.01264	0.00745	0.00869	0.00689	0.00471	0.00378	0.00118	0.02478	0.00291	0.00230	0.00686
39	0.01088	0.04487	0.75266	0.01530	0.02312	0.01268	0.03356	0.01698	0.01135	0.01691	0.00961	0.01133	0.00683	0.00508	0.00509	0.00169	0.00791	0.00399	0.00228	0.00790
40	0.00751	0.00546	0.00706	0.00670	0.00797	0.00502	0.00501	0.00994	0.01492	0.02098	0.72002	0.05970	0.08704	0.01125	0.00634	0.00171	0.00256	0.00993	0.00584	0.00502
41	0.81618	0.01033	0.00807	0.00716	0.01051	0.01188	0.00590	0.01620	0.00938	0.05446	0.00802	0.00910	0.00611	0.00505	0.00341	0.00166	0.00417	0.00301	0.00346	0.00595
42	0.00701	0.00532	0.00631	0.00633	0.00753	0.00478	0.00455	0.00868	0.01278	0.01693	0.34412	0.16167	0.30009	0.07989	0.00818	0.00210	0.00291	0.01097	0.00522	0.00462
43	0.00752	0.00548	0.00707	0.00667	0.00797	0.00503	0.00500	0.00998	0.01501	0.02108	0.72960	0.04083	0.09636	0.01114	0.00633	0.00170	0.00254	0.00981	0.00585	0.00503
44	0.00690	0.00496	0.00650	0.00720	0.00777	0.00470	0.00494	0.00815	0.01104	0.01496	0.17590	0.52610	0.06359	0.07547	0.05308	0.00266	0.00378	0.01292	0.00492	0.00445
45	0.00781	0.00520	0.00585	0.00585	0.00585	0.00520	0.00325	0.00781	0.00781	0.01041	0.01691	0.03513	0.01952	0.81135	0.02732	0.00520	0.00520	0.00781	0.00325	0.00325
46	0.84927	0.01038	0.00789	0.00706	0.01038	0.01204	0.00581	0.01578	0.00914	0.02408	0.00747	0.00872	0.00581	0.00498	0.00332	0.00166	0.00415	0.00291	0.00332	0.00581
47	0.01428	0.01090	0.01197	0.01072	0.01375	0.01224	0.00847	0.04009	0.61198	0.10523	0.02214	0.02294	0.01707	0.00780	0.00561	0.00185	0.00437	0.06474	0.00555	0.00829
48	0.02862	0.03642	0.37889	0.01675	0.13045	0.06957	0.04941	0.01904	0.05557	0.12359	0.01181	0.01302	0.00856	0.00551	0.00553	0.00167	0.03001	0.00446	0.00320	0.00794
49	0.04928	0.34231	0.44652	0.01248	0.01888	0.01596	0.01495	0.01657	0.01107	0.01556	0.00867	0.01013	0.00679	0.00489	0.00436	0.00148	0.00689	0.00348	0.00233	0.00742
50	0.01353	0.01162	0.01224	0.01096	0.01403	0.01343	0.00854	0.04664	0.74977	0.02274	0.02163	0.01985	0.01621	0.00726	0.00546	0.00182	0.00429	0.00604	0.00546	0.00851
51	0.04363	0.32732	0.11154	0.01436	0.15013	0.10653	0.01127	0.02856	0.01198	0.02862	0.02225	0.01174	0.00862	0.00524	0.00459	0.00140	0.02385	0.00383	0.07752	0.00704
52	0.02005	0.02558	0.01521	0.01383	0.01659	0.78980	0.01037	0.02143	0.01521	0.01314	0.00830	0.00968	0.00691	0.00553	0.00484	0.00138	0.00968	0.00346	0.00277	0.00622
53	0.01158	0.22343	0.57666	0.01357	0.02051	0.01448	0.01683	0.01660	0.01132	0.01602	0.02734	0.01134	0.00787	0.00511	0.00472	0.00156	0.00726	0.00383	0.00236	0.00760
54	0.00654	0.00467	0.00623	0.00747	0.00779	0.00436	0.00498	0.00747	0.01028	0.01370	0.02959	0.80785	0.03550	0.01682	0.00685	0.00218	0.00311	0.01526	0.00498	0.00436
55	0.01668	0.01224	0.03516	0.07461	0.03586	0.05631	0.02267	0.07909	0.34222	0.22357	0.01854	0.01821	0.01340	0.00676	0.00543	0.00174	0.00525	0.01882	0.00515	0.00828
56	0.01303	0.01397	0.10383	0.18543	0.26631	0.06521	0.01372	0.07181	0.08340	0.03499	0.04128	0.01722	0.03068	0.00616	0.00542	0.00169	0.00639	0.02862	0.00336	0.00746
57	0.03232	0.05232	0.73971	0.01489	0.02260	0.01273	0.01914	0.01694	0.01126	0.01704	0.00951	0.01118	0.00678	0.00508	0.00500	0.00168	0.00777	0.00390	0.00229	0.00785
58	0.00727	0.00537	0.00681	0.00686	0.00803	0.00492	0.00510	0.00932	0.01367	0.01868	0.48306	0.18328	0.16054	0.01267	0.00649	0.00184	0.00281	0.05289	0.00554	0.00485
59	0.80126	0.01138	0.05230	0.00753	0.01112	0.01207	0.00662	0.01585	0.00926	0.02368	0.00760	0.00887	0.00587	0.00499	0.00342	0.00166	0.00437	0.00297	0.00326	0.00593
60	0.78228	0.01177	0.06985	0.00772	0.01141	0.01208	0.00693	0.01588	0.00931	0.02352	0.00765	0.00893	0.00589	0.00499	0.00346	0.00166	0.00445	0.00299	0.00324	0.00598
61	0.00898	0.00602	0.00893	0.00870	0.00991	0.00680	0.00680	0.01091	0.00917	0.07390	0.01492	0.02086	0.01341	0.03757	0.72739	0.00807	0.01359	0.00572	0.00318	0.00514
62	0.01127	0.05306	0.45875	0.01760	0.11815	0.01276	0.10734	0.01609	0.01120	0.01632	0.00999	0.01266	0.00773	0.00802	0.06864	0.00227	0.05373	0.00450	0.00243	0.00751
63	0.01390	0.07562	0.07828	0.01376	0.01542	0.20675	0.01186	0.01557	0.01039	0.01328	0.00759	0.01097	0.00698	0.00775	0.01243	0.00197	0.48463	0.00420	0.00244	0.00620
64	0.07443	0.00584	0.00669	0.00641	0.00797	0.00544	0.00483	0.00979	0.01369	0.01943	0.47923	0.06318	0.26089	0.01144	0.00611	0.00174	0.00273	0.00980	0.00540	0.00495
65	0.00982	0.00763	0.00951	0.00982	0.06560	0.00776	0.00689	0.01541	0.20398	0.04171	0.39411	0.06401	0.09450	0.01006	0.00607	0.00177	0.00343	0.03627	0.00543	0.00622
66	0.00760	0.00549	0.00718	0.00675	0.00802	0.00506	0.00506	0.01013	0.01519	0.02153	0.77503	0.04010	0.05065	0.01097	0.00633	0.00169	0.00253	0.00971	0.00591	0.00506
67	0.00969	0.00661	0.00853	0.00922	0.04084	0.00650	0.00629	0.09150	0.02805	0.06757	0.06893	0.57649	0.03053	0.01399	0.00647	0.00202	0.00364	0.01254	0.00510	0.00549
68	0.01142	0.01435	0.13828	0.35472	0.06831	0.02998	0.21629	0.01541	0.01134	0.01528	0.00973	0.01356	0.00742	0.00537	0.00647	0.00180	0.06600	0.00504	0.00248	0.00674
69	0.05066	0.22724	0.01808	0.03472	0.05146	0.27280	0.02453	0.01712	0.01232	0.01476	0.00846	0.01016	0.00721	0.00498	0.00473	0.00126	0.03496	0.00342	0.00273	0.19840
70	0.00677	0.00572	0.00591	0.00596	0.00773	0.00500	0.00449	0.00881	0.04874	0.01490	0.05067	0.08894	0.67636	0.01349	0.00636	0.00185	0.00289	0.03566	0.00501	0.00473
71	0.01439	0.01231	0.03881	0.08912	0.53798	0.01209	0.01467	0.01850	0.07288	0.11768	0.01243	0.01451	0.00961	0.00528	0.00534	0.00164	0.00607	0.00494	0.00337	0.00837
72	0.00751	0.00542	0.00710	0.00681	0.00800	0.00501	0.00506	0.00992	0.01480	0.02090	0.71548	0.10143	0.04944	0.01144	0.00637	0.00173	0.00258	0.01015	0.00584	0.00501
73	0.00760	0.00549	0.00718	0.00675	0.00802	0.00506	0.00506	0.01013	0.01519	0.02153	0.77503	0.04010	0.05065	0.01097	0.00633	0.00169	0.00253	0.00971	0.00591	0.00506
74	0.01540	0.65188	0.04004	0.00993	0.01449	0.04255	0.00958	0.13270	0.01328	0.01604	0.00838	0.00936	0.00724	0.00492	0.00382	0.00124	0.00592	0.00322	0.00279	0.00724
75	0.42048	0.04057	0.34051	0.01152	0.01697	0.01257	0.05497	0.01639	0.01032	0.02035	0.00859	0.01016	0.00640	0.00500	0.00426	0.00167	0.00609	0.00355	0.00281	0.00683
76	0.07244	0.47297	0.19636	0.01068	0.01552	0.01691	0.02806	0.01558	0.01096	0.01490	0.03437	0.05136	0.00973	0.00568	0.00449	0.00142	0.02501	0.00410	0.00263	0.00684
77	0.02427	0.00635	0.00783	0.00804	0.00937	0.00623	0.00579	0.01294	0.11934	0.10329	0.07658	0.50308	0.06865	0.01355	0.00637	0.00201	0.00340	0.01205	0.00527	0.00557
78	0.01186	0.00728	0.00942	0.00882	0.04137	0.00695	0.00650	0.03862	0.05370	0.17567	0.43827	0.03318	0.10959	0.00973	0.00627	0.00171	0.02070	0.00834	0.00572	0.00631
79	0.01270	0.22842	0.24496	0.01483	0.03626	0.04499	0.16462	0.01738	0.07200	0.01601	0.03151	0.01277	0.00915	0.00552	0.00591	0.00162	0.06678	0.00454	0.00276	0.00727
80	0.01830	0.00982	0.01318	0.05687	0.07566	0.00984	0.00907	0.07217	0.10385	0.40697	0.08277	0.04409	0.01619	0.00732	0.00616	0.00173	0.04633	0.00600	0.00552	0.00816
81	0.00693	0.00502	0.00659	0.00741	0.00802	0.00470	0.00508	0.00844	0.02495	0.01534	0.16448	0.64115	0.03746	0.01537	0.00668	0.00206	0.00304	0.01389	0.00513	0.01825
82	0.01230	0.07520	0.17030	0.08366	0.15341	0.01376	0.35057	0.01652	0.01189	0.01644	0.01000	0.01313	0.00774	0.00493	0.00605	0.00172	0.03722	0.00518	0.00255	0.00741
83	0.01591	0.01727	0.03860	0.04373	0.11156	0.25599	0.26812	0.03214	0.01344	0.07690	0.01048	0.01284	0.00809	0.00547	0.00642	0.00167	0.06626	0.00493	0.00304	0.00713
84	0.00662	0.00478	0.00613	0.00717	0.00759	0.00444	0.00477	0.00752	0.01027	0.01353	0.03090	0.68220	0.10155	0.07510	0.00831	0.00237	0.00323	0.01435	0.00486	0.00429
85	0.01181	0.00995	0.01150	0.00828	0.01301	0.00786	0.00664	0.06855	0.01217	0.01870	0.00979	0.01126	0.00804	0.00416	0.00408	0.00086	0.00412	0.00330	0.00334	0.78260
86	0.01098	0.00982	0.01675	0.54586	0.10765	0.01139	0.07127	0.01434	0.01116	0.03951	0.01128	0.04581	0.00906	0.00585	0.00560	0.00176	0.01958	0.00534	0.05070	0.00630
87	0.78745	0.01166	0.06508	0.00767	0.01133	0.01207	0.00685	0.01587	0.00930	0.02356	0.00763	0.00891	0.00589	0.00499	0.00345	0.00166	0.00443	0.00298	0.00324	0.00597
88	0.01307	0.01051	0.01147	0.02953	0.01337	0.01183	0.00795	0.12338	0.45407	0.02191	0.01917	0.01998	0.02458	0.05548	0.06438	0.00241	0.00518	0.00584	0.07174	0.03416

[dist]
# distance from previous block
# <min> <max>
0	5

[block]
# block no. 1 follows, 45 sequences, length 12
# corresponding to MSA columns:
# 323-334
name=unknown_B
#
# <colnr> <probs for GDERKNQSTAVLIFYWHMCP>
#	G	D	E	R	K	N	Q	S	T	A	V	L	I	F	Y	W	H	M	C	P
0	0.00697	0.00499	0.00669	0.00769	0.00826	0.00470	0.00548	0.00834	0.01127	0.01515	0.13788	0.59767	0.03710	0.01571	0.00685	0.00215	0.00327	0.11020	0.00511	0.00454
1	0.01435	0.81458	0.02813	0.00918	0.01378	0.02124	0.00918	0.01607	0.01091	0.01263	0.00746	0.00861	0.00689	0.00459	0.00344	0.00115	0.00574	0.00287	0.00230	0.00689
2	0.02289	0.00924	0.01234	0.00953	0.01352	0.00820	0.00785	0.06534	0.01589	0.69468	0.06634	0.01930	0.01532	0.00689	0.00545	0.00166	0.00452	0.00563	0.00653	0.00889
3	0.00698	0.00567	0.00625	0.00632	0.00795	0.00504	0.00481	0.00906	0.03885	0.01591	0.15852	0.09872	0.53102	0.01329	0.00643	0.00187	0.00295	0.07045	0.00514	0.00477
4	0.00723	0.00547	0.00666	0.00637	0.00779	0.00491	0.00478	0.00942	0.01433	0.01946	0.56330	0.04349	0.26367	0.01174	0.00633	0.00172	0.00259	0.01018	0.00564	0.00491
5	0.00753	0.00548	0.00708	0.00668	0.00798	0.00504	0.00501	0.01000	0.01504	0.02115	0.73662	0.04071	0.08930	0.01111	0.00633	0.00169	0.00254	0.00979	0.00586	0.00504
6	0.70315	0.01016	0.00870	0.00750	0.01097	0.01131	0.00618	0.01762	0.01024	0.15822	0.00990	0.01041	0.00714	0.00528	0.00369	0.00166	0.00423	0.00335	0.00391	0.00640
7	0.00870	0.00628	0.00820	0.00903	0.01031	0.00634	0.00749	0.01199	0.07569	0.01673	0.06618	0.16031	0.05416	0.01372	0.00686	0.00224	0.00428	0.47071	0.05564	0.00515
8	0.01480	0.75311	0.02712	0.00955	0.01400	0.08112	0.00928	0.01649	0.01124	0.01267	0.00753	0.00869	0.00689	0.00467	0.00355	0.00117	0.00605	0.00292	0.00233	0.00684
9	0.00810	0.00584	0.00799	0.00915	0.01024	0.00573	0.00766	0.01021	0.01195	0.01551	0.03021	0.20488	0.07657	0.01514	0.00724	0.00238	0.00445	0.55699	0.00495	0.00481
10	0.00668	0.00496	0.00625	0.00710	0.00783	0.00453	0.00496	0.00790	0.01118	0.01465	0.10063	0.56047	0.18303	0.01558	0.00673	0.00208	0.00306	0.04285	0.00506	0.00448
11	0.00681	0.00551	0.00598	0.00609	0.00766	0.00481	0.00463	0.00830	0.01219	0.01497	0.10736	0.05063	0.57992	0.06743	0.00788	0.00211	0.00313	0.09512	0.00494	0.00454

[dist]
# distance from previous block
# <min> <max>
6	7

[block]
# block no. 2 follows, 45 sequences, length 24
# corresponding to MSA columns:
# 342-365
name=unknown_C
#
# <colnr> <probs for GDERKNQSTAVLIFYWHMCP>
#	G	D	E	R	K	N	Q	S	T	A	V	L	I	F	Y	W	H	M	C	P
0	0.01318	0.01264	0.02159	0.05936	0.75231	0.01273	0.01642	0.01638	0.01217	0.01741	0.01008	0.01332	0.00846	0.00480	0.00532	0.00160	0.00640	0.00478	0.00265	0.00842
1	0.75361	0.01033	0.00875	0.03606	0.02868	0.01182	0.00649	0.01631	0.00962	0.06670	0.00839	0.00957	0.00635	0.00509	0.00356	0.00166	0.00433	0.00316	0.00346	0.00607
2	0.01412	0.01434	0.02098	0.03059	0.68386	0.10871	0.01572	0.01709	0.01259	0.01699	0.00987	0.01284	0.00831	0.00488	0.00526	0.00157	0.00678	0.00462	0.00267	0.00822
3	0.01283	0.01264	0.02244	0.10841	0.57068	0.01291	0.12147	0.01618	0.01200	0.01695	0.01005	0.01351	0.00827	0.00496	0.00588	0.00167	0.03357	0.00500	0.00263	0.00798
4	0.01024	0.00969	0.01612	0.74706	0.03547	0.01222	0.01470	0.01366	0.01057	0.01366	0.00938	0.01414	0.00715	0.00563	0.00617	0.00183	0.05921	0.00477	0.00238	0.00596
5	0.00665	0.00496	0.00622	0.00719	0.00791	0.00453	0.00504	0.00779	0.01087	0.01406	0.03515	0.58157	0.20373	0.01594	0.00678	0.00212	0.00316	0.06692	0.00498	0.00444
6	0.00983	0.00506	0.00528	0.00528	0.00651	0.00513	0.00398	0.01228	0.01106	0.01943	0.01727	0.02009	0.01373	0.00885	0.06389	0.00181	0.00341	0.00506	0.77704	0.00499
7	0.00654	0.00467	0.00623	0.00747	0.00779	0.00436	0.00498	0.00747	0.01028	0.01370	0.02959	0.80785	0.03550	0.01682	0.00685	0.00218	0.00311	0.01526	0.00498	0.00436
8	0.00662	0.00542	0.00579	0.00582	0.00742	0.00466	0.00433	0.00810	0.01239	0.01527	0.14411	0.08186	0.60702	0.03997	0.00709	0.00194	0.00285	0.02973	0.00504	0.00456
9	0.01335	0.01153	0.01214	0.01092	0.01396	0.01335	0.00850	0.02852	0.76817	0.02245	0.02185	0.02003	0.01639	0.00728	0.00546	0.00182	0.00425	0.00607	0.00546	0.00850
10	0.01781	0.34100	0.02051	0.01178	0.01547	0.38653	0.00987	0.10981	0.01471	0.01547	0.00852	0.00964	0.00718	0.00527	0.00434	0.00132	0.00764	0.00339	0.00290	0.00685
11	0.08082	0.00948	0.01226	0.00951	0.01358	0.00862	0.00784	0.05018	0.03559	0.68348	0.01997	0.01748	0.01271	0.00654	0.00526	0.00166	0.00458	0.00522	0.00634	0.00889
12	0.02396	0.01034	0.05068	0.06414	0.03022	0.00949	0.25204	0.01435	0.02261	0.08351	0.08996	0.16874	0.05803	0.00908	0.00661	0.00191	0.03235	0.06164	0.00405	0.00629
13	0.01423	0.03026	0.01257	0.01033	0.01247	0.06539	0.00825	0.26691	0.02846	0.02121	0.01297	0.01668	0.01094	0.08319	0.09445	0.00274	0.14227	0.00509	0.15504	0.00656
14	0.01110	0.00946	0.01137	0.05229	0.01392	0.00775	0.00699	0.03749	0.01146	0.01748	0.01086	0.06147	0.00966	0.00505	0.00456	0.00100	0.02059	0.00411	0.00330	0.70010
15	0.00754	0.00610	0.00680	0.00685	0.00840	0.00577	0.00504	0.01086	0.11457	0.01653	0.16060	0.21554	0.38961	0.01304	0.00634	0.00188	0.00298	0.01124	0.00520	0.00512
16	0.01257	0.01203	0.02050	0.20623	0.61015	0.01257	0.01612	0.01585	0.01189	0.01667	0.00997	0.01352	0.00820	0.00491	0.00533	0.00164	0.00655	0.00478	0.00260	0.00793
17	0.03936	0.47980	0.26256	0.01098	0.01641	0.01707	0.01222	0.01641	0.01117	0.04014	0.02560	0.01077	0.00815	0.00580	0.02232	0.00154	0.00647	0.00352	0.00256	0.00717
18	0.01165	0.00985	0.01141	0.00820	0.01294	0.00769	0.00658	0.05536	0.01192	0.01841	0.00973	0.01123	0.00802	0.00411	0.00405	0.00084	0.00408	0.00327	0.00330	0.79736
19	0.00925	0.03533	0.04323	0.00831	0.01025	0.00747	0.00661	0.04772	0.01017	0.01435	0.01540	0.08197	0.01564	0.21163	0.28025	0.00481	0.00815	0.03858	0.00334	0.14752
20	0.01104	0.07247	0.64821	0.01545	0.03608	0.01281	0.06799	0.01671	0.01155	0.01692	0.03581	0.01240	0.00843	0.00523	0.00513	0.00167	0.00766	0.00427	0.00243	0.00774
21	0.77016	0.01190	0.03604	0.00775	0.01121	0.05815	0.00658	0.01616	0.00957	0.02318	0.00760	0.00887	0.00591	0.00502	0.00348	0.00165	0.00462	0.00298	0.00325	0.00591
22	0.01449	0.01150	0.01240	0.01094	0.01409	0.01304	0.00864	0.10082	0.61605	0.06830	0.02120	0.02099	0.01611	0.00749	0.00553	0.00182	0.00446	0.03818	0.00550	0.00844
23	0.01336	0.01270	0.02160	0.03050	0.67250	0.01270	0.05976	0.04891	0.01293	0.01837	0.03763	0.01430	0.01002	0.00506	0.00541	0.00161	0.00638	0.00505	0.00290	0.00833

[dist]
# distance from previous block
# <min> <max>
0	1

[block]
# block no. 3 follows, 45 sequences, length 27
# corresponding to MSA columns:
# 367-393
name=unknown_D
#
# <colnr> <probs for GDERKNQSTAVLIFYWHMCP>
#	G	D	E	R	K	N	Q	S	T	A	V	L	I	F	Y	W	H	M	C	P
0	0.02448	0.07758	0.52545	0.01579	0.06729	0.01309	0.06589	0.06978	0.01247	0.01800	0.01086	0.01434	0.00852	0.00566	0.00520	0.00170	0.00739	0.04606	0.00271	0.00773
1	0.04436	0.58689	0.21740	0.01064	0.01603	0.01869	0.01174	0.01630	0.01095	0.01415	0.00801	0.00930	0.00683	0.00473	0.00386	0.00131	0.00623	0.00315	0.00233	0.00711
2	0.01267	0.01448	0.03167	0.02262	0.02805	0.01357	0.75837	0.01719	0.01267	0.01719	0.01086	0.01448	0.00814	0.00452	0.00633	0.00181	0.00905	0.00633	0.00271	0.00724
3	0.00752	0.00548	0.00707	0.00667	0.00797	0.00503	0.00501	0.00998	0.01502	0.02110	0.73128	0.04080	0.09466	0.01113	0.00633	0.00170	0.00254	0.00981	0.00585	0.00503
4	0.03898	0.23680	0.12475	0.04305	0.04204	0.10878	0.01086	0.15211	0.06241	0.01853	0.01415	0.01554	0.06960	0.00691	0.02011	0.00166	0.00640	0.01669	0.00342	0.00719
5	0.01329	0.01094	0.01187	0.01157	0.05649	0.04232	0.00845	0.02402	0.51633	0.07403	0.02342	0.07881	0.06526	0.00835	0.00564	0.00182	0.00445	0.02994	0.00520	0.00779
6	0.00640	0.00537	0.00557	0.00566	0.00732	0.00453	0.00419	0.00777	0.01216	0.01467	0.07659	0.11883	0.68499	0.01379	0.00639	0.00184	0.00275	0.01163	0.00502	0.00453
7	0.02222	0.00974	0.01293	0.06625	0.01550	0.00913	0.00854	0.11221	0.01608	0.61462	0.01925	0.01740	0.01237	0.00652	0.00534	0.00165	0.00485	0.00527	0.03134	0.00878
8	0.03161	0.09874	0.21891	0.04463	0.05115	0.06789	0.08978	0.01848	0.11121	0.08876	0.04671	0.04879	0.01304	0.00662	0.00533	0.00170	0.00641	0.03931	0.00361	0.00731
9	0.01268	0.01370	0.02797	0.05439	0.15594	0.01335	0.54305	0.02974	0.01257	0.01723	0.01100	0.01527	0.00870	0.00506	0.00654	0.00180	0.03703	0.02387	0.00278	0.00733
10	0.00830	0.00593	0.00825	0.00949	0.01057	0.00588	0.00805	0.01052	0.01201	0.01568	0.02861	0.18350	0.03165	0.01516	0.00732	0.00242	0.00464	0.62222	0.00495	0.00485
11	0.04832	0.01287	0.05914	0.01639	0.19248	0.07262	0.06417	0.04165	0.14163	0.16494	0.07408	0.01865	0.03985	0.02223	0.00584	0.00174	0.00567	0.00566	0.00433	0.00773
12	0.01722	0.05722	0.09676	0.08165	0.07671	0.01028	0.02382	0.03461	0.06668	0.36165	0.04878	0.02013	0.01418	0.00687	0.00545	0.00171	0.00539	0.05797	0.00491	0.00800
13	0.01201	0.01320	0.07070	0.02874	0.01709	0.03872	0.14357	0.04818	0.01038	0.01489	0.00997	0.06029	0.00949	0.03986	0.01332	0.00224	0.45271	0.00565	0.00275	0.00623
14	0.64726	0.04170	0.03357	0.04463	0.01287	0.06817	0.00731	0.04346	0.01049	0.03854	0.00818	0.00948	0.00630	0.00512	0.00370	0.00163	0.00493	0.00319	0.00331	0.00614
15	0.00756	0.00575	0.00715	0.00771	0.00913	0.00534	0.00632	0.00956	0.01259	0.01607	0.13292	0.08395	0.31534	0.01395	0.00685	0.00211	0.00372	0.34409	0.00508	0.00478
16	0.04301	0.01140	0.01879	0.20702	0.52294	0.01195	0.01483	0.01518	0.01176	0.01668	0.01304	0.01610	0.06304	0.00556	0.00533	0.00166	0.00621	0.00518	0.00279	0.00753
17	0.00774	0.00553	0.00743	0.00851	0.00933	0.00538	0.00671	0.00941	0.01121	0.01467	0.02877	0.32501	0.05835	0.08476	0.00891	0.00258	0.00423	0.39208	0.00481	0.00457
18	0.01282	0.35971	0.38636	0.01371	0.06418	0.04845	0.01473	0.01676	0.01137	0.01502	0.00869	0.01023	0.00694	0.00488	0.00440	0.00145	0.00698	0.00353	0.00232	0.00745
19	0.01532	0.00959	0.01002	0.00841	0.01107	0.03999	0.00669	0.23642	0.04636	0.12181	0.04649	0.01807	0.01363	0.00656	0.00466	0.00146	0.00413	0.00517	0.38721	0.00694
20	0.00773	0.00563	0.00638	0.00614	0.00787	0.00487	0.00462	0.00946	0.01321	0.06013	0.26415	0.07773	0.48767	0.01256	0.00631	0.00178	0.00279	0.01068	0.00535	0.00494
21	0.00706	0.00547	0.00643	0.00619	0.00769	0.00483	0.00464	0.00908	0.01392	0.01849	0.46386	0.04509	0.36371	0.01211	0.00634	0.00174	0.00261	0.01041	0.00551	0.00483
22	0.00786	0.00557	0.00693	0.00682	0.00804	0.00520	0.00505	0.00965	0.01266	0.03937	0.35160	0.08500	0.19655	0.11975	0.06344	0.00274	0.00400	0.05996	0.00505	0.00476
23	0.01036	0.00974	0.01627	0.74487	0.07062	0.01200	0.01483	0.01419	0.02837	0.01409	0.00985	0.01440	0.00743	0.00538	0.00537	0.00178	0.00705	0.00480	0.00247	0.00614
24	0.31605	0.01357	0.19642	0.01000	0.01393	0.01049	0.00994	0.05006	0.03730	0.06752	0.04459	0.07633	0.01448	0.00774	0.00500	0.00183	0.00515	0.10920	0.00389	0.00652
25	0.09701	0.04783	0.03359	0.11954	0.26505	0.11720	0.02688	0.12181	0.01381	0.01918	0.00977	0.01202	0.00778	0.00513	0.00488	0.00152	0.00648	0.00421	0.00311	0.08321
26	0.19138	0.00978	0.05671	0.01193	0.04894	0.00886	0.15523	0.01275	0.01092	0.03441	0.03315	0.30641	0.05053	0.02149	0.00599	0.00192	0.00499	0.00887	0.00391	0.02184

[dist]
# distance from previous block
# <min> <max>
1	5

[block]
# block no. 4 follows, 45 sequences, length 20
# corresponding to MSA columns:
# 399-418
name=unknown_E
#
# <colnr> <probs for GDERKNQSTAVLIFYWHMCP>
#	G	D	E	R	K	N	Q	S	T	A	V	L	I	F	Y	W	H	M	C	P
0	0.01482	0.13840	0.06244	0.04616	0.11133	0.27013	0.01152	0.03320	0.02434	0.01450	0.01154	0.01357	0.05655	0.00658	0.00733	0.00164	0.16210	0.00443	0.00280	0.00662
1	0.01338	0.01433	0.08396	0.21313	0.15770	0.10565	0.02588	0.11148	0.06061	0.01804	0.03243	0.03762	0.01100	0.00657	0.00622	0.00175	0.05761	0.03224	0.00331	0.00710
2	0.05543	0.03010	0.11932	0.23486	0.09814	0.03320	0.01254	0.14347	0.08580	0.06290	0.01470	0.01620	0.05792	0.00621	0.00524	0.00169	0.00615	0.00509	0.00366	0.00737
3	0.06915	0.00744	0.00848	0.00754	0.00976	0.00725	0.00591	0.09665	0.03536	0.09725	0.33296	0.03565	0.22670	0.01029	0.00593	0.00173	0.00339	0.02717	0.00546	0.00593
4	0.10394	0.00753	0.00982	0.00939	0.01145	0.00753	0.05934	0.05500	0.01307	0.01842	0.11455	0.04468	0.16874	0.01183	0.00643	0.00207	0.00450	0.34159	0.00475	0.00538
5	0.01372	0.33365	0.22661	0.01322	0.04209	0.03762	0.05626	0.10008	0.01268	0.01669	0.00977	0.01140	0.02110	0.00556	0.00570	0.00153	0.07826	0.00398	0.00274	0.00734
6	0.01106	0.02588	0.68243	0.01694	0.07187	0.01256	0.07103	0.01698	0.01148	0.01705	0.00975	0.01168	0.00700	0.00504	0.00520	0.00170	0.00791	0.00418	0.00232	0.00792
7	0.02009	0.02439	0.01531	0.01366	0.01660	0.70253	0.01035	0.10480	0.01634	0.01547	0.00882	0.01004	0.00716	0.00563	0.00490	0.00141	0.00925	0.00361	0.00306	0.00655
8	0.01380	0.62766	0.11875	0.01013	0.01495	0.01928	0.01041	0.01759	0.09643	0.01427	0.00935	0.01023	0.00795	0.00496	0.00387	0.00129	0.00584	0.00337	0.00265	0.00720
9	0.01007	0.01109	0.09962	0.14748	0.05826	0.03515	0.04039	0.02288	0.01093	0.01489	0.09228	0.09245	0.04511	0.13033	0.01112	0.01530	0.12813	0.02555	0.00333	0.00563
10	0.00651	0.00479	0.00610	0.00715	0.00770	0.00439	0.00484	0.00751	0.01059	0.01383	0.03356	0.68669	0.15410	0.01630	0.00677	0.00212	0.00305	0.01463	0.00498	0.00439
11	0.00666	0.00475	0.00636	0.00761	0.00797	0.00446	0.00519	0.00768	0.01039	0.01383	0.02952	0.76646	0.03525	0.01671	0.00688	0.00220	0.00322	0.05549	0.00498	0.00439
12	0.02705	0.15443	0.11803	0.05899	0.03234	0.17648	0.05920	0.14845	0.03904	0.01798	0.01038	0.01239	0.00832	0.00883	0.07930	0.00221	0.03206	0.00428	0.00315	0.00709
13	0.01020	0.00961	0.01135	0.03364	0.06108	0.09588	0.05927	0.05504	0.01292	0.01639	0.11832	0.24620	0.18409	0.01120	0.00676	0.00185	0.04663	0.00966	0.00435	0.00556
14	0.00761	0.00515	0.00588	0.00602	0.00612	0.00508	0.00348	0.00776	0.00825	0.01093	0.01973	0.12296	0.04928	0.69218	0.02424	0.00474	0.00488	0.00878	0.00351	0.00342
15	0.01900	0.01290	0.01548	0.08715	0.07075	0.01376	0.01042	0.44578	0.04020	0.16956	0.01401	0.01416	0.00981	0.00617	0.00531	0.00160	0.00567	0.00488	0.00504	0.04834
16	0.01458	0.08227	0.06213	0.04008	0.23510	0.13127	0.05240	0.14207	0.04194	0.01887	0.01303	0.07084	0.01168	0.00675	0.00539	0.00166	0.00661	0.05242	0.00348	0.00744
17	0.07576	0.01290	0.04379	0.25313	0.31750	0.07597	0.02756	0.01560	0.01150	0.01614	0.01005	0.01454	0.00843	0.00573	0.00609	0.00173	0.06211	0.03177	0.00269	0.00700
18	0.01620	0.01219	0.01316	0.01108	0.01455	0.01361	0.00883	0.24232	0.46428	0.09305	0.01998	0.01858	0.03315	0.00714	0.00545	0.00174	0.00472	0.00578	0.00553	0.00864
19	0.01318	0.01090	0.01328	0.01159	0.03285	0.04567	0.06059	0.20619	0.07798	0.02144	0.10808	0.03806	0.06397	0.00886	0.00759	0.02419	0.10374	0.06947	0.07571	0.00665

[dist]
# distance from previous block
# <min> <max>
0	2

[block]
# block no. 5 follows, 45 sequences, length 84
# corresponding to MSA columns:
# 421-504
name=unknown_F
#
# <colnr> <probs for GDERKNQSTAVLIFYWHMCP>
#	G	D	E	R	K	N	Q	S	T	A	V	L	I	F	Y	W	H	M	C	P
0	0.00982	0.00763	0.00915	0.00939	0.04764	0.00783	0.00665	0.01567	0.23935	0.04605	0.22078	0.18351	0.14038	0.01100	0.00611	0.00185	0.00349	0.02220	0.00531	0.00619
1	0.05698	0.00599	0.00730	0.00705	0.00842	0.00581	0.00525	0.01101	0.05450	0.02045	0.56647	0.13934	0.06873	0.01129	0.00618	0.00176	0.00280	0.00991	0.00558	0.00518
2	0.00963	0.00878	0.01236	0.01100	0.01230	0.03899	0.07382	0.01214	0.05018	0.01365	0.01597	0.06585	0.05762	0.05625	0.35839	0.00511	0.18299	0.00646	0.00314	0.00539
3	0.00849	0.00565	0.00742	0.00697	0.00834	0.00518	0.00522	0.01089	0.01487	0.06548	0.68095	0.09029	0.04745	0.01111	0.00631	0.00172	0.00269	0.00983	0.00589	0.00526
4	0.05237	0.21053	0.52358	0.05930	0.02119	0.01447	0.01636	0.01653	0.01109	0.01613	0.00901	0.01074	0.00679	0.00499	0.00464	0.00157	0.00719	0.00370	0.00233	0.00747
5	0.01862	0.03344	0.01520	0.01215	0.01585	0.16450	0.00976	0.44309	0.17004	0.02688	0.01375	0.01373	0.01018	0.00639	0.00521	0.00159	0.00624	0.00477	0.02028	0.00832
6	0.01297	0.00980	0.01155	0.00859	0.01299	0.00816	0.00690	0.07728	0.03307	0.08997	0.01152	0.01276	0.00909	0.00662	0.04972	0.00142	0.00480	0.00375	0.00373	0.62529
7	0.01173	0.00998	0.01067	0.00993	0.01246	0.01125	0.00759	0.02358	0.58969	0.02046	0.02587	0.13872	0.08649	0.00924	0.00574	0.00187	0.00395	0.00789	0.00535	0.00754
8	0.01958	0.01407	0.01515	0.01177	0.01582	0.01550	0.00967	0.65017	0.06708	0.06034	0.01396	0.01388	0.00995	0.00649	0.00529	0.00161	0.00558	0.00493	0.05028	0.00887
9	0.00665	0.00480	0.00633	0.00752	0.00795	0.00447	0.00515	0.00770	0.01049	0.01388	0.03072	0.72732	0.07125	0.01654	0.00686	0.00218	0.00320	0.05758	0.00498	0.00440
10	0.00682	0.00488	0.00644	0.02867	0.00830	0.00469	0.00501	0.00769	0.00994	0.01323	0.02724	0.67639	0.03246	0.12956	0.00972	0.00260	0.00352	0.01392	0.00467	0.00425
11	0.84927	0.01038	0.00789	0.00706	0.01038	0.01204	0.00581	0.01578	0.00914	0.02408	0.00747	0.00872	0.00581	0.00498	0.00332	0.00166	0.00415	0.00291	0.00332	0.00581
12	0.02276	0.00937	0.01233	0.00953	0.01355	0.00837	0.00784	0.08160	0.01594	0.67910	0.02248	0.01981	0.05758	0.00704	0.00545	0.00167	0.00456	0.00570	0.00645	0.00887
13	0.00667	0.00498	0.00642	0.02853	0.00850	0.00463	0.00511	0.00783	0.01089	0.01429	0.07618	0.61899	0.15597	0.01565	0.00670	0.00208	0.00313	0.01402	0.00497	0.00447
14	0.01162	0.01114	0.01916	0.43206	0.36545	0.01235	0.04117	0.01506	0.01146	0.01553	0.00983	0.01386	0.00779	0.00508	0.00538	0.00170	0.00688	0.00483	0.00252	0.00713
15	0.01351	0.01151	0.01225	0.01067	0.01398	0.01285	0.00836	0.06913	0.64027	0.02256	0.01995	0.01862	0.01502	0.00686	0.00529	0.00169	0.00431	0.00567	0.00520	0.10229
16	0.01014	0.00954	0.01610	0.79845	0.03697	0.01193	0.01491	0.01371	0.01073	0.01371	0.00954	0.01431	0.00716	0.00537	0.00537	0.00179	0.00716	0.00477	0.00239	0.00596
17	0.01745	0.04016	0.01571	0.15447	0.06194	0.40015	0.01113	0.10315	0.05563	0.06129	0.01131	0.01275	0.02004	0.00582	0.00507	0.00153	0.00782	0.00428	0.00338	0.00691
18	0.00688	0.00544	0.00619	0.00604	0.00759	0.00475	0.00452	0.00872	0.01344	0.01745	0.35829	0.06346	0.45305	0.01256	0.00635	0.00177	0.00265	0.01073	0.00538	0.00475
19	0.01770	0.01145	0.01302	0.01071	0.01413	0.01217	0.00860	0.33644	0.16612	0.19319	0.03288	0.11479	0.01584	0.00815	0.00563	0.00175	0.00487	0.01867	0.00562	0.00827
20	0.01082	0.00921	0.01080	0.00792	0.01239	0.00697	0.00627	0.01311	0.01107	0.01724	0.01088	0.06454	0.00980	0.00484	0.00417	0.00089	0.00392	0.00399	0.00330	0.78787
21	0.00855	0.00651	0.00798	0.00744	0.00901	0.00646	0.00563	0.01321	0.14315	0.02154	0.63218	0.03692	0.05971	0.01040	0.00618	0.00171	0.00283	0.00912	0.00581	0.00564
22	0.01335	0.01153	0.01214	0.01092	0.01396	0.01335	0.00850	0.02852	0.76817	0.02245	0.02185	0.02003	0.01639	0.00728	0.00546	0.00182	0.00425	0.00607	0.00546	0.00850
23	0.00706	0.00561	0.00639	0.00654	0.00794	0.00512	0.00477	0.00937	0.05654	0.01623	0.19658	0.23421	0.39732	0.01348	0.00642	0.00188	0.00287	0.01165	0.00520	0.00483
24	0.00776	0.00539	0.00682	0.00682	0.00715	0.00573	0.00445	0.00842	0.00809	0.01112	0.01603	0.03025	0.01740	0.54361	0.29217	0.00639	0.00839	0.00709	0.00312	0.00379
25	0.01014	0.00954	0.01610	0.79845	0.03697	0.01193	0.01491	0.01371	0.01073	0.01371	0.00954	0.01431	0.00716	0.00537	0.00537	0.00179	0.00716	0.00477	0.00239	0.00596
26	0.84927	0.01038	0.00789	0.00706	0.01038	0.01204	0.00581	0.01578	0.00914	0.02408	0.00747	0.00872	0.00581	0.00498	0.00332	0.00166	0.00415	0.00291	0.00332	0.00581
27	0.01416	0.76677	0.05256	0.00952	0.01410	0.02082	0.00960	0.01602	0.01085	0.01278	0.00752	0.00879	0.00689	0.00474	0.00389	0.00120	0.02764	0.00296	0.00230	0.00689
28	0.00688	0.00486	0.00634	0.00740	0.00773	0.00461	0.00498	0.00778	0.01006	0.01338	0.02763	0.64093	0.03281	0.13446	0.00993	0.00265	0.00355	0.06507	0.00472	0.00424
29	0.01077	0.02777	0.78354	0.01530	0.02323	0.01247	0.01983	0.01700	0.01133	0.01700	0.00963	0.01133	0.00680	0.00510	0.00510	0.00170	0.00793	0.00397	0.00227	0.00793
30	0.00686	0.00520	0.00633	0.00690	0.00794	0.00472	0.00503	0.00829	0.01175	0.01519	0.13717	0.35723	0.28618	0.03190	0.00711	0.00209	0.00314	0.08737	0.00507	0.00455
31	0.07049	0.01518	0.01472	0.01190	0.01572	0.09826	0.00961	0.49117	0.16912	0.02878	0.01382	0.01369	0.01011	0.00642	0.00520	0.00163	0.00587	0.00481	0.00498	0.00849
32	0.01501	0.01164	0.03423	0.01012	0.01471	0.01032	0.03532	0.19869	0.06222	0.10568	0.01245	0.01303	0.00933	0.00513	0.00468	0.00122	0.00482	0.00414	0.00420	0.44307
33	0.05853	0.09514	0.05542	0.06326	0.20122	0.12327	0.09628	0.04190	0.08781	0.01724	0.02516	0.05277	0.01099	0.00621	0.00555	0.00165	0.02842	0.01879	0.00322	0.00718
34	0.00858	0.00565	0.00752	0.00831	0.00929	0.00542	0.00647	0.01024	0.01146	0.05604	0.05256	0.31940	0.05587	0.08264	0.00865	0.00248	0.00409	0.31714	0.02338	0.00481
35	0.01377	0.01262	0.02035	0.12915	0.58722	0.01313	0.01549	0.10895	0.01366	0.01908	0.01037	0.01337	0.00841	0.00507	0.00533	0.00162	0.00642	0.00479	0.00296	0.00825
36	0.00639	0.00544	0.00549	0.00548	0.00728	0.00455	0.00411	0.00778	0.01233	0.01473	0.07799	0.05128	0.75193	0.01351	0.00634	0.00181	0.00271	0.01128	0.00501	0.00455
37	0.01301	0.01243	0.02118	0.04567	0.73951	0.01246	0.01607	0.01613	0.01213	0.01734	0.01073	0.03934	0.00936	0.00519	0.00537	0.00162	0.00628	0.00513	0.00273	0.00832
38	0.00754	0.00548	0.00709	0.00669	0.00798	0.00504	0.00502	0.01001	0.01505	0.02118	0.73997	0.04066	0.08593	0.01110	0.00633	0.00169	0.00254	0.00979	0.00586	0.00504
39	0.00926	0.00480	0.00714	0.00725	0.00736	0.00480	0.00502	0.00736	0.00747	0.00992	0.01102	0.02024	0.01124	0.01831	0.01978	0.76926	0.00469	0.06998	0.00256	0.00256
40	0.00794	0.00556	0.00728	0.00681	0.00814	0.00512	0.00512	0.01046	0.01520	0.03722	0.75947	0.03965	0.04988	0.01088	0.00631	0.00169	0.00257	0.00962	0.00592	0.00515
41	0.00767	0.00575	0.00863	0.00863	0.00959	0.00671	0.00671	0.00959	0.00863	0.01246	0.01438	0.02109	0.01342	0.04026	0.79008	0.00863	0.01438	0.00575	0.00288	0.00479
42	0.01329	0.01275	0.02179	0.03295	0.77787	0.01275	0.01647	0.01647	0.01222	0.01754	0.01010	0.01329	0.00850	0.00478	0.00531	0.00159	0.00638	0.00478	0.00266	0.00850
43	0.01320	0.01267	0.02164	0.05273	0.75872	0.01273	0.01643	0.01640	0.01218	0.01744	0.01008	0.01331	0.00847	0.00480	0.00532	0.00160	0.00640	0.00478	0.00265	0.00844
44	0.01315	0.01059	0.01149	0.01029	0.01314	0.01194	0.00800	0.02592	0.62623	0.06307	0.12338	0.02264	0.02084	0.00775	0.00558	0.00179	0.00403	0.00652	0.00559	0.00807
45	0.04322	0.01337	0.01612	0.01227	0.01658	0.01407	0.06551	0.49792	0.02135	0.22214	0.01469	0.01426	0.01002	0.00631	0.00539	0.00164	0.00575	0.00504	0.00544	0.00890
46	0.01154	0.02554	0.65481	0.01595	0.02339	0.01283	0.10214	0.05998	0.01229	0.01799	0.00996	0.01178	0.00709	0.00511	0.00525	0.00171	0.00794	0.00428	0.00250	0.00792
47	0.01086	0.04857	0.76356	0.01514	0.02298	0.01270	0.01955	0.01698	0.01132	0.01688	0.00958	0.01126	0.00680	0.00509	0.00506	0.00169	0.00788	0.00394	0.00227	0.00791
48	0.01234	0.01179	0.02007	0.26355	0.55468	0.01250	0.01600	0.01564	0.01177	0.01639	0.00993	0.01359	0.00810	0.00496	0.00533	0.00165	0.00661	0.00478	0.00258	0.00774
49	0.00761	0.00518	0.00616	0.00643	0.00663	0.00510	0.00398	0.00806	0.00892	0.01194	0.06060	0.17920	0.02479	0.57598	0.02127	0.00430	0.00466	0.05172	0.00381	0.00365
50	0.01113	0.00954	0.01113	0.00795	0.01272	0.00716	0.00636	0.01352	0.01113	0.01749	0.00954	0.01113	0.00795	0.00398	0.00398	0.00080	0.00398	0.00318	0.00318	0.84417
51	0.01381	0.01169	0.01245	0.02641	0.01452	0.01344	0.00869	0.09882	0.66401	0.02321	0.02147	0.01994	0.03269	0.00731	0.00547	0.00180	0.00443	0.00604	0.00538	0.00842
52	0.00654	0.00467	0.00623	0.00747	0.00779	0.00436	0.00498	0.00747	0.01028	0.01370	0.02959	0.80785	0.03550	0.01682	0.00685	0.00218	0.00311	0.01526	0.00498	0.00436
53	0.01310	0.01257	0.02146	0.07721	0.73503	0.01271	0.01638	0.01631	0.01214	0.01732	0.01006	0.01334	0.00842	0.00482	0.00532	0.00161	0.00642	0.00478	0.00264	0.00836
54	0.01181	0.01096	0.01826	0.03967	0.55753	0.01096	0.02640	0.01476	0.01220	0.01712	0.05564	0.02178	0.05743	0.00830	0.04383	0.00204	0.00627	0.07435	0.00319	0.00751
55	0.00771	0.00578	0.00860	0.02014	0.00981	0.00671	0.00666	0.00956	0.00862	0.01238	0.01443	0.02167	0.01362	0.07726	0.74139	0.00836	0.01383	0.00584	0.00289	0.00474
56	0.01985	0.01476	0.01579	0.01224	0.01643	0.01639	0.01007	0.70196	0.08416	0.03293	0.01360	0.01345	0.00970	0.00651	0.00538	0.00163	0.00578	0.00493	0.00538	0.00908
57	0.01436	0.65378	0.12555	0.01026	0.01517	0.06487	0.01062	0.01666	0.01128	0.02480	0.00800	0.00917	0.00697	0.00474	0.00377	0.00124	0.00624	0.00309	0.00239	0.00702
58	0.01291	0.01348	0.06632	0.08127	0.66142	0.01271	0.04051	0.01635	0.01209	0.01725	0.01006	0.01328	0.00830	0.00483	0.00534	0.00162	0.00660	0.00478	0.00262	0.00826
59	0.02367	0.00923	0.01244	0.00960	0.01371	0.00810	0.00791	0.02625	0.04432	0.75239	0.02120	0.01834	0.01341	0.00667	0.00540	0.00167	0.00456	0.00542	0.00660	0.00911
60	0.01149	0.00958	0.01129	0.00813	0.01278	0.00739	0.00652	0.01384	0.01118	0.03759	0.00979	0.01133	0.00807	0.00417	0.00432	0.00085	0.02205	0.00327	0.00325	0.80311
61	0.01376	0.01072	0.03873	0.01034	0.01467	0.00897	0.08335	0.08655	0.04230	0.13064	0.01384	0.07305	0.01134	0.00583	0.00486	0.00128	0.00480	0.00506	0.02125	0.41865
62	0.01585	0.01290	0.01340	0.01136	0.01470	0.03789	0.00900	0.30535	0.41864	0.02599	0.01847	0.06255	0.01444	0.00746	0.00549	0.00175	0.00498	0.00605	0.00532	0.00843
63	0.01501	0.74324	0.02687	0.00945	0.01392	0.06170	0.00920	0.01673	0.01130	0.04063	0.00801	0.00902	0.00712	0.00472	0.00359	0.00118	0.00591	0.00299	0.00248	0.00693
