[name]
unknown

[dist]
# distance from previous block
# <min> <max>
0	67

[block]
# block no. 0 follows, 46 sequences, length 135
# corresponding to MSA columns:
# 77-211
name=unknown_A
#
# <colnr> <probs for GDERKNQSTAVLIFYWHMCP>
#	G	D	E	R	K	N	Q	S	T	A	V	L	I	F	Y	W	H	M	C	P
0	0.01460	0.54317	0.12133	0.01021	0.01493	0.01784	0.01039	0.09709	0.01264	0.05991	0.01000	0.01236	0.00855	0.00540	0.00411	0.00134	0.00584	0.04014	0.00296	0.00719
1	0.01859	0.01343	0.09208	0.01121	0.01541	0.01242	0.00986	0.34585	0.10696	0.24594	0.02625	0.05098	0.01246	0.00688	0.00536	0.00166	0.00528	0.00550	0.00534	0.00854
2	0.00818	0.00562	0.00644	0.00644	0.00681	0.00564	0.00403	0.04532	0.00918	0.01216	0.01965	0.10512	0.04993	0.62588	0.02211	0.00440	0.00487	0.05085	0.00362	0.00373
3	0.02043	0.01106	0.04847	0.01153	0.04850	0.00977	0.03926	0.11208	0.06721	0.50625	0.01796	0.01646	0.01185	0.00620	0.00527	0.00160	0.00501	0.00513	0.00562	0.05032
4	0.01844	0.02743	0.01625	0.05991	0.11020	0.07107	0.01083	0.48008	0.05716	0.07676	0.01271	0.01321	0.00922	0.00604	0.00522	0.00158	0.00605	0.00472	0.00465	0.00846
5	0.01374	0.77713	0.02659	0.00886	0.01325	0.02010	0.00880	0.01542	0.01081	0.01253	0.00964	0.01058	0.04507	0.00496	0.00353	0.00116	0.00551	0.00324	0.00239	0.00667
6	0.01132	0.00989	0.01253	0.00972	0.04710	0.00780	0.04425	0.02958	0.01138	0.01756	0.00955	0.01126	0.00789	0.00403	0.00412	0.00088	0.00431	0.00339	0.00313	0.75031
7	0.00723	0.00592	0.00681	0.04556	0.00922	0.00550	0.00511	0.00984	0.05687	0.01692	0.28302	0.04358	0.46177	0.01180	0.00615	0.00175	0.00292	0.01002	0.00510	0.00493
8	0.00786	0.00542	0.00640	0.00665	0.00697	0.00539	0.00415	0.04505	0.00941	0.01255	0.02092	0.31061	0.02433	0.48938	0.01864	0.00389	0.00442	0.01016	0.00392	0.00388
9	0.01962	0.01405	0.01512	0.01166	0.01571	0.01546	0.00961	0.69686	0.02375	0.05643	0.01321	0.01327	0.00938	0.00634	0.00520	0.00157	0.00558	0.00479	0.05362	0.00876
10	0.01672	0.02437	0.01330	0.05726	0.09898	0.00920	0.00875	0.08318	0.02986	0.32065	0.06117	0.03731	0.01341	0.00615	0.00504	0.00145	0.00468	0.00515	0.00480	0.19858
11	0.00760	0.00509	0.00579	0.00588	0.00590	0.00507	0.00332	0.00766	0.00786	0.01048	0.01754	0.08935	0.02033	0.75794	0.02549	0.00492	0.00498	0.00821	0.00332	0.00328
12	0.00680	0.00513	0.00743	0.00806	0.00867	0.00478	0.04245	0.00799	0.01052	0.01411	0.07139	0.72684	0.03449	0.01563	0.00669	0.00210	0.00332	0.01428	0.00485	0.00447
13	0.01954	0.01439	0.01548	0.01192	0.01602	0.01589	0.00983	0.73052	0.02442	0.03279	0.04631	0.01387	0.01079	0.00654	0.00533	0.00159	0.00567	0.00497	0.00531	0.00881
14	0.01336	0.08306	0.05815	0.00929	0.01396	0.01041	0.00809	0.14574	0.01351	0.05126	0.01023	0.01136	0.00808	0.00466	0.00447	0.00107	0.01876	0.00355	0.00351	0.52748
15	0.01689	0.42727	0.02187	0.01053	0.01489	0.01866	0.00950	0.36470	0.03237	0.02236	0.01012	0.01067	0.00800	0.00543	0.00432	0.00136	0.00570	0.00379	0.00373	0.00784
16	0.00769	0.00513	0.00577	0.00577	0.00577	0.00513	0.00320	0.00769	0.00769	0.01025	0.01666	0.03460	0.01922	0.81421	0.02691	0.00513	0.00513	0.00769	0.00320	0.00320
17	0.01844	0.22843	0.01874	0.01174	0.01564	0.22644	0.00983	0.36749	0.01849	0.02235	0.01007	0.01074	0.00782	0.00563	0.00465	0.00141	0.00677	0.00389	0.00380	0.00764
18	0.01878	0.01288	0.01434	0.01093	0.01520	0.01333	0.00898	0.50048	0.03738	0.14005	0.01347	0.01330	0.00953	0.00594	0.00504	0.00145	0.00524	0.00457	0.00507	0.16404
19	0.01658	0.01156	0.01277	0.01076	0.01421	0.01272	0.00858	0.17000	0.47799	0.17465	0.01968	0.01802	0.01415	0.00689	0.00535	0.00172	0.00456	0.00561	0.00559	0.00861
20	0.01406	0.11112	0.03482	0.17722	0.05946	0.01442	0.13707	0.22360	0.08344	0.02045	0.01213	0.04544	0.00972	0.00604	0.00559	0.00166	0.02752	0.00526	0.00359	0.00738
21	0.00769	0.00513	0.00577	0.00577	0.00577	0.00513	0.00320	0.00769	0.00769	0.01025	0.01666	0.03460	0.01922	0.81421	0.02691	0.00513	0.00513	0.00769	0.00320	0.00320
22	0.02063	0.01396	0.01534	0.01176	0.01597	0.01513	0.00971	0.65566	0.02343	0.14328	0.01389	0.01347	0.00959	0.00638	0.00529	0.00159	0.00562	0.00484	0.00547	0.00899
23	0.02005	0.01458	0.01569	0.01206	0.01626	0.01610	0.00995	0.72878	0.04026	0.05284	0.01309	0.01298	0.00925	0.00637	0.00529	0.00159	0.00575	0.00480	0.00532	0.00898
24	0.01929	0.05850	0.10121	0.01197	0.01645	0.01034	0.11041	0.02258	0.04509	0.49017	0.01693	0.01601	0.01122	0.00611	0.00578	0.00166	0.03771	0.00514	0.00508	0.00833
25	0.02372	0.00900	0.01227	0.00941	0.01350	0.00777	0.00777	0.02576	0.01513	0.78489	0.02086	0.01799	0.01309	0.00654	0.00532	0.00164	0.00450	0.00532	0.00654	0.00900
26	0.00644	0.00460	0.00613	0.00736	0.00767	0.00429	0.00491	0.00736	0.01012	0.01350	0.02914	0.81076	0.03497	0.01656	0.00675	0.00215	0.00307	0.01503	0.00491	0.00429
27	0.05661	0.01375	0.01507	0.05716	0.01695	0.01523	0.00989	0.60280	0.06272	0.07667	0.01323	0.01329	0.00936	0.00628	0.00520	0.00161	0.00564	0.00477	0.00511	0.00863
28	0.01987	0.01456	0.01564	0.01206	0.01623	0.01611	0.00994	0.72019	0.05557	0.04610	0.01320	0.01308	0.00936	0.00638	0.00529	0.00160	0.00573	0.00482	0.00531	0.00896
29	0.78489	0.01151	0.04292	0.00755	0.01100	0.03910	0.00650	0.01579	0.00930	0.02303	0.00748	0.00874	0.00581	0.00493	0.00340	0.00163	0.00445	0.00293	0.00321	0.00583
30	0.01826	0.01347	0.01458	0.01154	0.01526	0.01483	0.00938	0.65428	0.03911	0.03063	0.01492	0.11151	0.01236	0.00763	0.00547	0.00166	0.00544	0.00606	0.00524	0.00840
31	0.01842	0.00959	0.01196	0.00914	0.01333	0.00841	0.00743	0.05247	0.08691	0.43202	0.01687	0.01566	0.01151	0.00574	0.00487	0.00137	0.00433	0.00465	0.00528	0.28003
32	0.02283	0.00911	0.01214	0.00936	0.01336	0.00802	0.00772	0.05806	0.01544	0.71936	0.02184	0.01912	0.04458	0.00682	0.00535	0.00164	0.00448	0.00553	0.00642	0.00881
33	0.02116	0.01310	0.01481	0.01135	0.01554	0.01386	0.00938	0.54708	0.02200	0.25388	0.01509	0.01425	0.01019	0.00640	0.00530	0.00160	0.00543	0.00492	0.00566	0.00899
34	0.01241	0.01009	0.01327	0.33950	0.02269	0.01171	0.01067	0.09452	0.26158	0.05319	0.01688	0.03799	0.04341	0.00673	0.00533	0.00174	0.00539	0.00569	0.04021	0.00701
35	0.02065	0.00894	0.01150	0.00901	0.01275	0.00802	0.00738	0.08835	0.01551	0.59724	0.02527	0.02269	0.13299	0.00760	0.00546	0.00165	0.00433	0.00618	0.00618	0.00828
36	0.01060	0.02735	0.78682	0.01507	0.02288	0.01228	0.01953	0.01674	0.01116	0.01674	0.00949	0.01116	0.00670	0.00502	0.00502	0.00167	0.00781	0.00391	0.00223	0.00781
37	0.01305	0.01248	0.02097	0.10434	0.47423	0.01315	0.10721	0.06612	0.03896	0.01773	0.01033	0.01341	0.00839	0.00530	0.00635	0.00168	0.07071	0.00494	0.00285	0.00780
38	0.00650	0.00466	0.00617	0.00728	0.00767	0.00434	0.00489	0.00752	0.01044	0.01396	0.07283	0.74997	0.05184	0.01616	0.00671	0.00211	0.00303	0.01463	0.00496	0.00434
39	0.01180	0.01507	0.13441	0.01908	0.05321	0.01355	0.41539	0.01551	0.01112	0.01577	0.01022	0.04105	0.00853	0.00615	0.00876	0.00190	0.20329	0.00576	0.00260	0.00685
40	0.01222	0.20441	0.31865	0.01452	0.03375	0.02931	0.12881	0.04441	0.01149	0.01577	0.00981	0.04419	0.00824	0.00582	0.00629	0.00165	0.09637	0.00459	0.00256	0.00712
41	0.34086	0.00960	0.01062	0.00853	0.01231	0.00953	0.00704	0.03817	0.01300	0.47659	0.01550	0.01427	0.01018	0.00591	0.00453	0.00163	0.00437	0.00436	0.00526	0.00774
42	0.00644	0.00528	0.00570	0.00596	0.00746	0.00454	0.00444	0.00781	0.01183	0.01442	0.06668	0.17040	0.60058	0.01389	0.00639	0.00188	0.00286	0.05404	0.00493	0.00447
43	0.03402	0.01080	0.01663	0.55383	0.03049	0.04458	0.07231	0.04499	0.01153	0.05921	0.01001	0.01376	0.00750	0.00561	0.00614	0.00177	0.06303	0.00475	0.00277	0.00628
44	0.00774	0.00604	0.00838	0.00944	0.04733	0.00592	0.03237	0.02335	0.06863	0.01483	0.02701	0.65764	0.04154	0.01460	0.00652	0.00206	0.00356	0.01328	0.00476	0.00499
45	0.00644	0.00460	0.00613	0.00736	0.00767	0.00429	0.00491	0.00736	0.01012	0.01350	0.02914	0.81076	0.03497	0.01656	0.00675	0.00215	0.00307	0.01503	0.00491	0.00429
46	0.01209	0.26802	0.38858	0.11073	0.02164	0.04734	0.05148	0.01625	0.01118	0.01487	0.00882	0.01078	0.00684	0.00489	0.00460	0.00151	0.00718	0.00376	0.00230	0.00715
47	0.03622	0.01386	0.01605	0.17625	0.19070	0.13176	0.01196	0.20814	0.06381	0.02013	0.01181	0.05247	0.00974	0.00623	0.00554	0.00165	0.02771	0.00507	0.00356	0.00735
48	0.01230	0.03231	0.02748	0.01994	0.02397	0.01423	0.56269	0.01589	0.01138	0.01581	0.00971	0.01347	0.00773	0.00562	0.00886	0.00190	0.20159	0.00577	0.00258	0.00680
49	0.00644	0.00462	0.00612	0.00732	0.00766	0.00430	0.00489	0.00737	0.01016	0.01351	0.02961	0.79599	0.04943	0.01650	0.00674	0.00214	0.00306	0.01495	0.00491	0.00430
50	0.00998	0.00940	0.01586	0.80150	0.03641	0.01175	0.01468	0.01351	0.01057	0.01351	0.00940	0.01409	0.00705	0.00529	0.00529	0.00176	0.00705	0.00470	0.00235	0.00587
51	0.01852	0.01495	0.01501	0.05759	0.01665	0.15161	0.01008	0.37828	0.03803	0.12055	0.02823	0.01350	0.00981	0.00659	0.00657	0.00165	0.09534	0.00470	0.00451	0.00785
52	0.01081	0.07284	0.63114	0.01484	0.02171	0.01269	0.06839	0.01618	0.01108	0.01622	0.01014	0.04340	0.00794	0.00557	0.00551	0.00169	0.03551	0.00447	0.00237	0.00749
53	0.00748	0.00540	0.00707	0.00665	0.00790	0.00499	0.00499	0.00998	0.01496	0.02120	0.77844	0.03949	0.04988	0.01081	0.00624	0.00166	0.00249	0.00956	0.00582	0.00499
54	0.00717	0.00515	0.00653	0.00727	0.00784	0.00491	0.00493	0.03803	0.01094	0.01460	0.08328	0.61916	0.06713	0.08633	0.00842	0.00234	0.00330	0.01339	0.00484	0.00444
55	0.01620	0.01235	0.01371	0.10873	0.01697	0.05164	0.00949	0.37805	0.10351	0.07541	0.01535	0.09583	0.01278	0.04355	0.00660	0.00185	0.01965	0.00603	0.00471	0.00760
56	0.01083	0.01073	0.01581	0.68874	0.03337	0.07089	0.01413	0.01403	0.01074	0.01341	0.00914	0.01358	0.00702	0.00557	0.00606	0.00177	0.06132	0.00460	0.00237	0.00589
57	0.01157	0.01157	0.01619	0.01388	0.01388	0.01619	0.01157	0.01272	0.00810	0.01272	0.00694	0.01157	0.00694	0.00925	0.01735	0.00231	0.80453	0.00463	0.00231	0.00578
58	0.01385	0.19261	0.05490	0.01045	0.01437	0.05482	0.00919	0.13819	0.07360	0.01837	0.01008	0.01140	0.00823	0.00550	0.00590	0.00134	0.10410	0.00379	0.00330	0.26600
59	0.01260	0.30771	0.19065	0.01141	0.01553	0.01463	0.04471	0.05855	0.01158	0.05264	0.01236	0.13768	0.01174	0.00723	0.00605	0.00161	0.08788	0.00558	0.00308	0.00677
60	0.00644	0.00460	0.00613	0.00736	0.00767	0.00429	0.00491	0.00736	0.01012	0.01350	0.02914	0.81076	0.03497	0.01656	0.00675	0.00215	0.00307	0.01503	0.00491	0.00429
61	0.00658	0.00470	0.00615	0.00718	0.00754	0.00439	0.00478	0.00754	0.01027	0.01374	0.07191	0.70084	0.04819	0.06939	0.00805	0.00231	0.00316	0.01415	0.00485	0.00426
62	0.01853	0.01622	0.01826	0.01414	0.01826	0.15749	0.15020	0.42936	0.04650	0.05999	0.01217	0.01289	0.00885	0.00587	0.00537	0.00159	0.00696	0.00486	0.00439	0.00810
63	0.01230	0.01372	0.02821	0.02061	0.02490	0.01393	0.61290	0.01610	0.01161	0.01610	0.00995	0.01372	0.00781	0.00541	0.00845	0.00189	0.16702	0.00592	0.00260	0.00686
64	0.00644	0.00460	0.00613	0.00736	0.00767	0.00429	0.00491	0.00736	0.01012	0.01350	0.02914	0.81076	0.03497	0.01656	0.00675	0.00215	0.00307	0.01503	0.00491	0.00429
65	0.01721	0.01280	0.01405	0.01138	0.01478	0.01423	0.00919	0.52129	0.12349	0.04763	0.01590	0.11240	0.01319	0.00784	0.00597	0.00171	0.03737	0.00620	0.00517	0.00820
66	0.01947	0.01531	0.01538	0.01208	0.01602	0.08219	0.00983	0.64976	0.05707	0.03054	0.01279	0.01325	0.00936	0.02512	0.00575	0.00166	0.00604	0.00477	0.00503	0.00858
67	0.00655	0.00468	0.00623	0.00729	0.00769	0.00436	0.00492	0.00762	0.01061	0.01427	0.10437	0.73332	0.03646	0.01598	0.00670	0.00210	0.00301	0.01448	0.00500	0.00436
68	0.01319	0.01268	0.01826	0.28552	0.24661	0.07122	0.05229	0.10804	0.01290	0.01710	0.00964	0.01299	0.00769	0.00570	0.00674	0.00172	0.10312	0.00468	0.00283	0.00706
69	0.01514	0.17709	0.10441	0.01224	0.01566	0.07367	0.04190	0.13995	0.01354	0.10008	0.04825	0.01312	0.01004	0.00665	0.00791	0.00168	0.20358	0.00450	0.00346	0.00713
70	0.02076	0.00878	0.01166	0.00935	0.01298	0.00795	0.00767	0.02400	0.08205	0.61905	0.07477	0.02206	0.01695	0.00736	0.00550	0.00170	0.00435	0.04833	0.00629	0.00842
71	0.01272	0.21401	0.47886	0.01310	0.01949	0.01489	0.01540	0.10931	0.04336	0.01798	0.00986	0.01105	0.00738	0.00515	0.00468	0.00154	0.00690	0.00384	0.00274	0.00773
72	0.06515	0.01215	0.01376	0.01111	0.01429	0.02786	0.02374	0.37336	0.06218	0.11976	0.04995	0.05897	0.03961	0.00760	0.00668	0.00173	0.09370	0.00577	0.00489	0.00773
73	0.02036	0.01146	0.01349	0.01049	0.01437	0.01169	0.00861	0.37184	0.03466	0.34818	0.08422	0.01744	0.01448	0.00684	0.00539	0.00162	0.00494	0.00544	0.00587	0.00863
74	0.00644	0.00460	0.00613	0.00736	0.00767	0.00429	0.00491	0.00736	0.01012	0.01350	0.02914	0.81076	0.03497	0.01656	0.00675	0.00215	0.00307	0.01503	0.00491	0.00429
75	0.06766	0.01384	0.01481	0.01155	0.01561	0.01525	0.00950	0.60599	0.08693	0.08459	0.01371	0.01343	0.00970	0.00635	0.00518	0.00161	0.00549	0.00479	0.00527	0.00875
76	0.01511	0.01110	0.01246	0.01033	0.01332	0.01217	0.00827	0.32448	0.19347	0.07405	0.17517	0.04205	0.03521	0.00801	0.00606	0.00170	0.03756	0.00647	0.00536	0.00767
77	0.00756	0.00512	0.00674	0.00711	0.00798	0.00472	0.00504	0.00917	0.01234	0.04770	0.33473	0.44814	0.05618	0.01375	0.00647	0.00192	0.00288	0.01233	0.00535	0.00477
78	0.01028	0.00958	0.01557	0.65908	0.07637	0.01121	0.01373	0.01364	0.01070	0.01418	0.00943	0.01365	0.00722	0.00508	0.00511	0.00163	0.00662	0.00451	0.00246	0.10994
79	0.05675	0.01413	0.01464	0.01143	0.01540	0.04709	0.00937	0.61044	0.02240	0.07718	0.01512	0.01490	0.05337	0.00666	0.00523	0.00159	0.00563	0.00502	0.00515	0.00847
80	0.22735	0.01291	0.01328	0.01063	0.01419	0.04569	0.00875	0.36937	0.01759	0.14567	0.01198	0.01227	0.00856	0.00622	0.00577	0.00166	0.07138	0.00431	0.00463	0.00779
81	0.00733	0.00546	0.00685	0.00682	0.00799	0.00510	0.00499	0.00984	0.04399	0.01869	0.49431	0.21332	0.13100	0.01226	0.00632	0.00179	0.00271	0.01083	0.00549	0.00491
82	0.10881	0.03479	0.08291	0.05957	0.01660	0.03064	0.01033	0.41923	0.04340	0.02587	0.02564	0.02817	0.00982	0.02779	0.00629	0.00175	0.05162	0.00478	0.00426	0.00770
83	0.01797	0.01374	0.01412	0.01144	0.01497	0.06904	0.00919	0.52482	0.08363	0.06123	0.01549	0.11194	0.01282	0.00762	0.00544	0.00166	0.00555	0.00606	0.00512	0.00816
84	0.00644	0.00460	0.00613	0.00736	0.00767	0.00429	0.00491	0.00736	0.01012	0.01350	0.02914	0.81076	0.03497	0.01656	0.00675	0.00215	0.00307	0.01503	0.00491	0.00429
85	0.04192	0.01429	0.07065	0.05099	0.02497	0.01316	0.55298	0.07801	0.01293	0.01801	0.01078	0.01452	0.00834	0.03795	0.00704	0.00190	0.02579	0.00583	0.00289	0.00703
86	0.09885	0.01448	0.01475	0.01152	0.01557	0.05998	0.00946	0.58815	0.02197	0.09448	0.01262	0.01257	0.00890	0.00618	0.00507	0.00158	0.00576	0.00455	0.00506	0.00852
87	0.01823	0.01384	0.01535	0.01211	0.01560	0.01571	0.00995	0.61941	0.03614	0.02958	0.01296	0.05225	0.01016	0.00723	0.00685	0.00171	0.10439	0.00528	0.00490	0.00835
88	0.00711	0.00524	0.00669	0.00713	0.00799	0.00495	0.00504	0.00925	0.04545	0.01676	0.30624	0.44596	0.08471	0.01384	0.00647	0.00193	0.00288	0.01238	0.00526	0.00474
89	0.01217	0.01062	0.01715	0.48083	0.09323	0.01220	0.07974	0.10699	0.01272	0.04760	0.01117	0.04687	0.00888	0.00593	0.00580	0.00175	0.03137	0.00529	0.00304	0.00664
90	0.00989	0.00928	0.01575	0.55875	0.08436	0.01097	0.05671	0.01298	0.01064	0.01395	0.01229	0.12958	0.01125	0.00697	0.00596	0.00182	0.03390	0.00629	0.00276	0.00589
91	0.01008	0.00604	0.00776	0.00727	0.00892	0.00554	0.00546	0.01249	0.03958	0.14767	0.40248	0.19317	0.10996	0.01138	0.00616	0.00177	0.00302	0.00999	0.00565	0.00559
92	0.01157	0.01062	0.01583	0.67646	0.03324	0.03955	0.01395	0.10650	0.01249	0.01594	0.00976	0.01376	0.00728	0.00542	0.00527	0.00173	0.00698	0.00466	0.00273	0.00627
93	0.01996	0.01391	0.01668	0.01265	0.01696	0.01486	0.07574	0.58976	0.02234	0.14218	0.01372	0.01361	0.00951	0.00621	0.00538	0.00161	0.00590	0.00497	0.00524	0.00883
94	0.01163	0.14183	0.53205	0.01412	0.02029	0.01422	0.03632	0.04214	0.01123	0.01619	0.00900	0.01095	0.00685	0.00550	0.00635	0.00167	0.10595	0.00393	0.00236	0.00743
95	0.00644	0.00490	0.00593	0.00666	0.00751	0.00439	0.00462	0.00759	0.01104	0.01420	0.08035	0.51586	0.28110	0.01518	0.00655	0.00200	0.00291	0.01344	0.00496	0.00439
96	0.02061	0.01299	0.01462	0.01132	0.01543	0.01383	0.00931	0.51299	0.07286	0.23702	0.01551	0.01461	0.01059	0.00646	0.00530	0.00161	0.00535	0.00499	0.00564	0.00895
97	0.01364	0.34122	0.38730	0.01196	0.01799	0.01518	0.01388	0.01749	0.01148	0.10998	0.01004	0.01093	0.00752	0.00501	0.00441	0.00145	0.00654	0.00365	0.00278	0.00755
98	0.01096	0.00940	0.01096	0.00783	0.01253	0.00705	0.00626	0.01331	0.01096	0.01723	0.00940	0.01096	0.00783	0.00392	0.00392	0.00078	0.00392	0.00313	0.00313	0.84653
99	0.01038	0.01007	0.01285	0.18560	0.01713	0.08084	0.01001	0.01221	0.00984	0.01317	0.03705	0.09079	0.03456	0.03217	0.15179	0.00323	0.27393	0.00610	0.00290	0.00538
100	0.01387	0.01312	0.01822	0.28746	0.24672	0.10486	0.06459	0.08940	0.02741	0.04943	0.01047	0.01335	0.00808	0.00536	0.00556	0.00165	0.02553	0.00471	0.00301	0.00720
101	0.01392	0.01225	0.05431	0.01300	0.01604	0.01258	0.13352	0.25562	0.04206	0.05323	0.06863	0.13371	0.01555	0.00833	0.00774	0.00184	0.13947	0.00687	0.00424	0.00708
102	0.00639	0.00527	0.00562	0.00573	0.00728	0.00449	0.00422	0.00779	0.01210	0.01486	0.12145	0.14370	0.61576	0.01353	0.00631	0.00182	0.00271	0.01148	0.00500	0.00449
103	0.01418	0.01196	0.07517	0.23910	0.22557	0.02382	0.03213	0.04818	0.02429	0.17102	0.01297	0.04262	0.01004	0.02116	0.00600	0.00176	0.02384	0.00522	0.00354	0.00741
104	0.01512	0.03891	0.01328	0.01120	0.04498	0.01202	0.00859	0.33127	0.06532	0.08989	0.10953	0.14988	0.01889	0.00872	0.00634	0.00174	0.05484	0.00711	0.00500	0.00738
105	0.01346	0.01254	0.02017	0.02571	0.49772	0.01333	0.06651	0.10787	0.01302	0.01845	0.01056	0.04016	0.00913	0.00595	0.00710	0.00171	0.12060	0.00516	0.00299	0.00785
106	0.01545	0.01250	0.01325	0.01122	0.01462	0.01422	0.00892	0.27118	0.52485	0.02582	0.01860	0.01740	0.01378	0.00690	0.00535	0.00172	0.00472	0.00557	0.00535	0.00857
107	0.01171	0.00846	0.01124	0.02723	0.04592	0.00858	0.05053	0.10675	0.12117	0.09568	0.18770	0.21831	0.06420	0.01012	0.00597	0.00180	0.00412	0.00896	0.00510	0.00645
108	0.01342	0.01433	0.02930	0.02103	0.02624	0.01374	0.66907	0.10924	0.01401	0.01896	0.01094	0.01407	0.00814	0.00469	0.00612	0.00176	0.00853	0.00606	0.00300	0.00736
109	0.00646	0.00464	0.00610	0.00726	0.00761	0.00432	0.00484	0.00738	0.01014	0.01346	0.02975	0.76964	0.06060	0.03150	0.00711	0.00219	0.00309	0.01476	0.00488	0.00428
110	0.03439	0.01487	0.01576	0.04425	0.02769	0.07182	0.02417	0.58996	0.04221	0.06304	0.01265	0.01290	0.00904	0.00618	0.00523	0.00159	0.00607	0.00471	0.00492	0.00854
111	0.01969	0.02232	0.01513	0.01320	0.01630	0.58329	0.01013	0.20534	0.03409	0.01819	0.00959	0.01054	0.00756	0.00571	0.00491	0.00143	0.00849	0.00380	0.00342	0.00689
112	0.00643	0.00464	0.00609	0.00725	0.00764	0.00430	0.00486	0.00737	0.01023	0.01354	0.03047	0.76941	0.07545	0.01639	0.00672	0.00213	0.00305	0.01482	0.00491	0.00430
113	0.01134	0.01138	0.01489	0.01306	0.01323	0.05323	0.01068	0.01248	0.00869	0.01283	0.00974	0.11027	0.01040	0.00997	0.01541	0.00225	0.66604	0.00585	0.00265	0.00562
114	0.01667	0.08399	0.04740	0.09777	0.05568	0.01357	0.03941	0.28178	0.08555	0.14812	0.01388	0.02422	0.01030	0.02354	0.00587	0.00170	0.02245	0.00499	0.01516	0.00795
115	0.01563	0.01083	0.01208	0.01038	0.01361	0.01186	0.00820	0.08278	0.51760	0.18386	0.05823	0.01980	0.01662	0.00716	0.00540	0.00174	0.00429	0.00592	0.00564	0.00838
116	0.01556	0.00956	0.01121	0.00936	0.01238	0.00980	0.00745	0.15387	0.20495	0.23346	0.20828	0.02441	0.06017	0.00806	0.00560	0.00168	0.00407	0.00672	0.00577	0.00762
117	0.01181	0.23301	0.43119	0.01310	0.01899	0.01449	0.05185	0.04663	0.01155	0.01594	0.01118	0.02929	0.03858	0.00570	0.00535	0.00158	0.04562	0.00434	0.00256	0.00725
118	0.00651	0.00466	0.00622	0.00738	0.00770	0.00441	0.00494	0.00745	0.01001	0.01338	0.02827	0.76275	0.03375	0.03328	0.03967	0.00247	0.00357	0.01450	0.00479	0.00429
119	0.00644	0.00460	0.00613	0.00736	0.00767	0.00429	0.00491	0.00736	0.01012	0.01350	0.02914	0.81076	0.03497	0.01656	0.00675	0.00215	0.00307	0.01503	0.00491	0.00429
120	0.01307	0.01249	0.02200	0.13202	0.02354	0.04745	0.38192	0.08725	0.01322	0.06354	0.01335	0.11247	0.01152	0.00659	0.00633	0.00180	0.03457	0.00672	0.00338	0.00679
121	0.05067	0.01207	0.01483	0.01216	0.01433	0.01462	0.01006	0.25407	0.04797	0.12274	0.01146	0.01316	0.00888	0.00764	0.01056	0.00192	0.36163	0.00475	0.01916	0.00733
122	0.01599	0.01169	0.01284	0.01061	0.01394	0.01283	0.00850	0.32223	0.29773	0.08871	0.12864	0.01964	0.01794	0.00732	0.00546	0.00168	0.00462	0.00596	0.00550	0.00818
123	0.03775	0.00662	0.00778	0.00726	0.00879	0.00670	0.00561	0.02743	0.01242	0.04997	0.21096	0.09871	0.37742	0.01176	0.00749	0.00183	0.10200	0.00959	0.00482	0.00508
124	0.01031	0.00973	0.01645	0.71989	0.11545	0.01183	0.01485	0.01380	0.01073	0.01391	0.00945	0.01399	0.00719	0.00522	0.00528	0.00174	0.00697	0.00470	0.00238	0.00614
125	0.01285	0.00704	0.00896	0.00822	0.01028	0.00672	0.00628	0.01634	0.11077	0.24647	0.19509	0.23018	0.04197	0.02365	0.00631	0.00187	0.00359	0.03481	0.02222	0.00639
126	0.00663	0.00489	0.00620	0.00689	0.00763	0.00447	0.00478	0.00794	0.01144	0.01522	0.18896	0.52802	0.15781	0.01485	0.00656	0.00199	0.00289	0.01327	0.00510	0.00447
127	0.01044	0.00986	0.01668	0.68899	0.14538	0.01186	0.01491	0.01390	0.01079	0.01406	0.00948	0.01395	0.00724	0.00520	0.00528	0.00173	0.00694	0.00470	0.00239	0.00624
128	0.00735	0.00596	0.00920	0.00921	0.01008	0.00581	0.08217	0.00870	0.01038	0.01391	0.02671	0.65291	0.04553	0.01488	0.00718	0.00212	0.03962	0.03906	0.00456	0.00467
129	0.01576	0.01131	0.01229	0.01008	0.01322	0.01216	0.00815	0.48673	0.01992	0.03932	0.02003	0.10136	0.09608	0.00850	0.00548	0.00167	0.00481	0.03905	0.08664	0.00745
130	0.01395	0.01275	0.01943	0.17158	0.46629	0.03378	0.03051	0.15231	0.01419	0.01938	0.01031	0.01313	0.00819	0.00513	0.00526	0.00161	0.00648	0.00472	0.00306	0.00793
131	0.01231	0.01177	0.02005	0.22515	0.59461	0.01236	0.01584	0.01554	0.01167	0.01633	0.00981	0.01334	0.00804	0.00485	0.00525	0.00162	0.00647	0.00471	0.00255	0.00775
132	0.00644	0.00460	0.00613	0.00736	0.00767	0.00429	0.00491	0.00736	0.01012	0.01350	0.02914	0.81076	0.03497	0.01656	0.00675	0.00215	0.00307	0.01503	0.00491	0.00429
133	0.00991	0.00930	0.01569	0.58974	0.07775	0.01112	0.04625	0.01303	0.01059	0.01386	0.01183	0.11243	0.01062	0.00677	0.00599	0.00182	0.03869	0.00604	0.00269	0.00588
134	0.07855	0.45716	0.14661	0.01036	0.01514	0.05090	0.01051	0.06656	0.04397	0.06291	0.00950	0.01030	0.00761	0.00503	0.00403	0.00136	0.00593	0.00344	0.00295	0.00719

[dist]
# distance from previous block
# <min> <max>
1	11

[block]
# block no. 1 follows, 46 sequences, length 108
# corresponding to MSA columns:
# 223-330
name=unknown_B
#
# <colnr> <probs for GDERKNQSTAVLIFYWHMCP>
#	G	D	E	R	K	N	Q	S	T	A	V	L	I	F	Y	W	H	M	C	P
0	0.05056	0.01177	0.03560	0.00966	0.01383	0.05327	0.01837	0.17151	0.03101	0.06785	0.03607	0.01525	0.01090	0.00560	0.00465	0.00125	0.00487	0.04264	0.00397	0.41139
1	0.01342	0.19745	0.34121	0.01289	0.04793	0.05446	0.01347	0.09114	0.01278	0.04437	0.00967	0.01092	0.00739	0.00496	0.00455	0.00141	0.00653	0.00370	0.00286	0.11889
2	0.01404	0.01190	0.01776	0.08939	0.45094	0.04526	0.01314	0.04010	0.01253	0.10217	0.01158	0.03733	0.00945	0.00540	0.00536	0.00153	0.02120	0.00485	0.00324	0.10283
3	0.00808	0.00585	0.00721	0.00724	0.00864	0.00525	0.00516	0.00989	0.04094	0.04215	0.10013	0.43058	0.13325	0.03143	0.00694	0.02168	0.00325	0.01128	0.00474	0.11632
4	0.01413	0.81739	0.02770	0.00905	0.01357	0.02092	0.00905	0.01583	0.01074	0.01244	0.00735	0.00848	0.00678	0.00452	0.00339	0.00113	0.00565	0.00283	0.00226	0.00678
5	0.00644	0.00462	0.00611	0.00730	0.00765	0.00430	0.00488	0.00737	0.01018	0.01352	0.02987	0.78785	0.05740	0.01647	0.00673	0.00214	0.00306	0.01491	0.00491	0.00430
6	0.03803	0.01102	0.01317	0.01032	0.01424	0.01106	0.00845	0.27160	0.07814	0.43458	0.01816	0.04007	0.01247	0.00680	0.00531	0.00165	0.00486	0.00543	0.00592	0.00874
7	0.01267	0.01214	0.02072	0.13443	0.68247	0.01245	0.01602	0.01586	0.01184	0.01677	0.00987	0.01322	0.00820	0.00479	0.00524	0.00160	0.00638	0.00471	0.00258	0.00804
8	0.04051	0.00990	0.01463	0.01106	0.01522	0.00897	0.10773	0.06240	0.01502	0.60244	0.01866	0.01706	0.01205	0.00621	0.00534	0.00164	0.00508	0.00534	0.03221	0.00855
9	0.02372	0.00900	0.01227	0.00941	0.01350	0.00777	0.00777	0.02576	0.01513	0.78489	0.02086	0.01799	0.01309	0.00654	0.00532	0.00164	0.00450	0.00532	0.00654	0.00900
10	0.01205	0.01728	0.20557	0.02062	0.02653	0.01312	0.59069	0.01689	0.01217	0.01689	0.01042	0.01355	0.00772	0.00459	0.00596	0.00176	0.00866	0.00570	0.00257	0.00729
11	0.00676	0.00480	0.00633	0.00744	0.00781	0.00455	0.00510	0.00774	0.01009	0.01341	0.02783	0.66284	0.03301	0.09261	0.00873	0.00246	0.00344	0.08605	0.00474	0.00425
12	0.01072	0.01016	0.01428	0.01250	0.01264	0.01388	0.01024	0.01181	0.00810	0.01243	0.00847	0.01396	0.00842	0.04259	0.13636	0.03653	0.62420	0.00489	0.00242	0.00539
13	0.01232	0.00998	0.01152	0.20858	0.03266	0.07145	0.00871	0.16430	0.02536	0.01824	0.01324	0.01850	0.01132	0.14305	0.06517	0.00263	0.00624	0.00524	0.16557	0.00590
14	0.01087	0.08753	0.72899	0.01461	0.02217	0.01294	0.01873	0.01667	0.01113	0.01641	0.00932	0.01096	0.00670	0.00498	0.00490	0.00163	0.00765	0.00382	0.00223	0.00773
15	0.00636	0.00536	0.00551	0.00547	0.00721	0.00451	0.00410	0.00780	0.01231	0.01490	0.11842	0.04986	0.71384	0.01316	0.00625	0.00177	0.00266	0.01101	0.00499	0.00451
16	0.00820	0.04155	0.14697	0.11428	0.01486	0.00765	0.02479	0.01063	0.01084	0.01456	0.06108	0.38993	0.07563	0.02430	0.00638	0.00197	0.00469	0.03240	0.00396	0.00533
17	0.04623	0.01023	0.01134	0.08124	0.01433	0.03703	0.00807	0.22080	0.14875	0.05566	0.04551	0.17604	0.07829	0.00941	0.00607	0.02723	0.00470	0.00757	0.00475	0.00675
18	0.00678	0.00490	0.00647	0.00751	0.00809	0.00459	0.00534	0.00803	0.01084	0.01438	0.08259	0.61498	0.07713	0.01572	0.00676	0.00213	0.00324	0.11112	0.00497	0.00443
19	0.00895	0.00609	0.00810	0.10073	0.01146	0.00677	0.00641	0.03351	0.01029	0.01568	0.01676	0.02137	0.05259	0.04594	0.33705	0.00451	0.00812	0.00562	0.29506	0.00500
20	0.01501	0.12672	0.23588	0.02930	0.12654	0.26632	0.02962	0.06364	0.01326	0.01590	0.00901	0.01077	0.00716	0.00522	0.00507	0.00150	0.02538	0.00385	0.00265	0.00719
21	0.01103	0.05802	0.73374	0.01474	0.02232	0.01274	0.01883	0.03922	0.01156	0.01707	0.00950	0.01110	0.00677	0.00504	0.00497	0.00165	0.00767	0.00389	0.00233	0.00781
22	0.01275	0.01036	0.01314	0.06491	0.11585	0.09646	0.03398	0.03878	0.04451	0.11214	0.01352	0.01730	0.01125	0.03797	0.32926	0.00452	0.02835	0.00520	0.00341	0.00634
23	0.14053	0.42779	0.04603	0.01029	0.01390	0.12085	0.00941	0.04691	0.01129	0.01524	0.00770	0.00930	0.00674	0.00541	0.00549	0.00143	0.10930	0.00326	0.00260	0.00653
24	0.00644	0.00460	0.00613	0.00736	0.00767	0.00429	0.00491	0.00736	0.01012	0.01350	0.02914	0.81076	0.03497	0.01656	0.00675	0.00215	0.00307	0.01503	0.00491	0.00429
25	0.08635	0.01107	0.01263	0.05125	0.01474	0.03659	0.00845	0.24375	0.04354	0.31810	0.03083	0.01805	0.01251	0.05532	0.00651	0.00186	0.00516	0.03015	0.00525	0.00789
26	0.85155	0.01022	0.00777	0.00695	0.01022	0.01186	0.00573	0.01554	0.00900	0.02372	0.00736	0.00859	0.00573	0.00491	0.00327	0.00164	0.00409	0.00286	0.00327	0.00573
27	0.00636	0.00532	0.00553	0.00556	0.00723	0.00450	0.00414	0.00776	0.01218	0.01479	0.10936	0.08959	0.68288	0.01335	0.00627	0.00179	0.00268	0.01123	0.00498	0.00450
28	0.04078	0.38474	0.13616	0.02965	0.03315	0.10352	0.06459	0.09013	0.02828	0.01634	0.02278	0.01083	0.00805	0.00507	0.00434	0.00139	0.00656	0.00375	0.00280	0.00709
29	0.01112	0.00641	0.00831	0.00729	0.00934	0.00572	0.00565	0.01344	0.01429	0.17593	0.48925	0.03323	0.05305	0.02578	0.00625	0.00168	0.00313	0.03134	0.03402	0.06475
30	0.00723	0.00539	0.00671	0.00638	0.00774	0.00488	0.00479	0.00948	0.01436	0.01977	0.62852	0.04184	0.20070	0.01134	0.00624	0.00169	0.00253	0.00989	0.00563	0.00488
31	0.01362	0.61803	0.18744	0.01051	0.01565	0.05083	0.01131	0.01624	0.01100	0.01337	0.00783	0.00909	0.00677	0.00467	0.00379	0.00125	0.00627	0.00308	0.00227	0.00697
32	0.01115	0.09294	0.57450	0.01340	0.01981	0.01229	0.01621	0.04546	0.02944	0.03138	0.01200	0.09597	0.01013	0.00633	0.00509	0.00168	0.00689	0.00510	0.00279	0.00743
33	0.01065	0.02652	0.74665	0.01501	0.02241	0.01248	0.01912	0.01653	0.01100	0.01653	0.00935	0.01118	0.00671	0.00524	0.00567	0.00171	0.04934	0.00394	0.00224	0.00771
34	0.00763	0.00563	0.00696	0.00753	0.00854	0.00537	0.00558	0.04766	0.01180	0.01539	0.07575	0.39299	0.18093	0.05708	0.00772	0.00223	0.00354	0.14813	0.00488	0.00466
35	0.01377	0.02647	0.03108	0.22715	0.24410	0.07768	0.01253	0.07050	0.03021	0.08384	0.01218	0.02929	0.02499	0.00570	0.00537	0.00158	0.02209	0.00484	0.00327	0.07337
36	0.01028	0.00606	0.00909	0.01038	0.10989	0.00605	0.00624	0.02547	0.00829	0.03538	0.01035	0.01719	0.01002	0.08150	0.01831	0.61958	0.00488	0.00489	0.00261	0.00354
37	0.00709	0.00515	0.00668	0.00680	0.00778	0.00474	0.00491	0.00904	0.01330	0.01843	0.50661	0.27884	0.08541	0.01273	0.00639	0.00182	0.00268	0.01134	0.00549	0.00474
38	0.01308	0.11773	0.01577	0.10470	0.16226	0.04108	0.01021	0.14833	0.06486	0.03465	0.05779	0.08373	0.03215	0.04302	0.02039	0.00191	0.00563	0.03202	0.00382	0.00689
39	0.04029	0.08072	0.57729	0.01422	0.04689	0.01230	0.01665	0.01782	0.01162	0.11854	0.01079	0.01186	0.00758	0.00517	0.00489	0.00163	0.00704	0.00401	0.00285	0.00785
40	0.01222	0.00763	0.00879	0.00773	0.01023	0.00738	0.00604	0.04282	0.15883	0.18736	0.16022	0.03343	0.29008	0.00978	0.00576	0.00171	0.00344	0.00819	0.03190	0.00647
41	0.74178	0.01006	0.00837	0.00728	0.01066	0.01132	0.00600	0.01690	0.00981	0.12465	0.00915	0.00984	0.00670	0.00512	0.00354	0.00164	0.00414	0.00319	0.00371	0.00616
42	0.03530	0.13056	0.16087	0.01251	0.01696	0.16237	0.05532	0.18391	0.05711	0.08262	0.01210	0.04574	0.00953	0.00602	0.00495	0.00155	0.00670	0.00466	0.00370	0.00750
43	0.01180	0.01267	0.08366	0.22403	0.41850	0.01199	0.06584	0.01547	0.03111	0.01604	0.01043	0.02755	0.00857	0.00559	0.00583	0.02938	0.00662	0.00495	0.00262	0.00734
44	0.00641	0.00472	0.00601	0.00704	0.00758	0.00432	0.00476	0.00740	0.01043	0.01362	0.03309	0.68776	0.15541	0.01605	0.00667	0.00209	0.00300	0.01440	0.00491	0.00432
45	0.01012	0.00953	0.01610	0.76802	0.06884	0.01178	0.01475	0.01363	0.01063	0.01367	0.00942	0.01405	0.00710	0.00526	0.00528	0.00175	0.00701	0.00470	0.00236	0.00598
46	0.05907	0.04669	0.01501	0.01229	0.05490	0.08641	0.00950	0.42376	0.07926	0.09542	0.03809	0.01479	0.02815	0.00642	0.00512	0.00158	0.00567	0.00490	0.00482	0.00817
47	0.01096	0.05686	0.67543	0.01593	0.04672	0.01271	0.07558	0.01670	0.01127	0.01660	0.00951	0.01135	0.00685	0.00495	0.00506	0.00166	0.00776	0.00407	0.00228	0.00774
48	0.19663	0.00925	0.01133	0.00889	0.01281	0.00862	0.00734	0.02363	0.01385	0.62590	0.01804	0.01603	0.01155	0.00620	0.00489	0.00164	0.00441	0.00480	0.00586	0.00831
49	0.01005	0.00724	0.00949	0.01006	0.01167	0.00745	0.00872	0.11075	0.01385	0.01814	0.02596	0.05341	0.02758	0.01351	0.00703	0.00232	0.00499	0.64741	0.00492	0.00541
50	0.03066	0.03861	0.04344	0.07125	0.53219	0.01199	0.01425	0.01787	0.02847	0.14260	0.01179	0.01379	0.00908	0.00510	0.00515	0.00159	0.00597	0.00471	0.00329	0.00821
51	0.04766	0.00702	0.00863	0.00758	0.00961	0.00679	0.00589	0.06918	0.04025	0.13161	0.54025	0.03264	0.05270	0.00954	0.00588	0.00166	0.00316	0.00822	0.00574	0.00599
52	0.00652	0.00478	0.00612	0.00703	0.00762	0.00438	0.00480	0.00765	0.01085	0.01436	0.10593	0.63428	0.13510	0.01558	0.00663	0.00205	0.00296	0.01398	0.00500	0.00438
53	0.02985	0.14909	0.61220	0.01433	0.02140	0.01367	0.05630	0.01658	0.01112	0.01624	0.00917	0.01085	0.00676	0.00491	0.00479	0.00159	0.00745	0.00384	0.00228	0.00757
54	0.02860	0.01140	0.01610	0.48194	0.16478	0.08519	0.01352	0.02748	0.01178	0.07211	0.01076	0.03429	0.00844	0.00559	0.00523	0.00169	0.00678	0.00486	0.00288	0.00658
55	0.85155	0.01022	0.00777	0.00695	0.01022	0.01186	0.00573	0.01554	0.00900	0.02372	0.00736	0.00859	0.00573	0.00491	0.00327	0.00164	0.00409	0.00286	0.00327	0.00573
56	0.00814	0.00567	0.00767	0.00858	0.00968	0.00547	0.00699	0.01010	0.01192	0.03527	0.08798	0.25248	0.08146	0.01453	0.00695	0.00224	0.00406	0.43100	0.00500	0.00481
57	0.01255	0.14952	0.49401	0.01455	0.05030	0.01357	0.05496	0.03682	0.04427	0.06609	0.01055	0.01182	0.00772	0.00512	0.00488	0.00159	0.00705	0.00409	0.00276	0.00777
58	0.48022	0.01472	0.18901	0.00973	0.01425	0.01228	0.00966	0.12058	0.01216	0.08015	0.00960	0.01045	0.00695	0.00526	0.00411	0.00164	0.00522	0.00355	0.00356	0.00690
59	0.00950	0.00692	0.00836	0.00837	0.00945	0.00716	0.00598	0.16374	0.01290	0.01728	0.02410	0.55769	0.02752	0.08506	0.00849	0.00230	0.02321	0.01200	0.00477	0.00520
60	0.01975	0.02520	0.01498	0.01362	0.01634	0.79299	0.01021	0.02111	0.01498	0.01294	0.00817	0.00953	0.00681	0.00545	0.00477	0.00136	0.00953	0.00340	0.00272	0.00613
61	0.01248	0.01426	0.03119	0.02228	0.02763	0.01337	0.76203	0.01693	0.01248	0.01693	0.01070	0.01426	0.00802	0.00446	0.00624	0.00178	0.00891	0.00624	0.00267	0.00713
62	0.04396	0.01278	0.01275	0.01028	0.01405	0.18906	0.00825	0.02413	0.01484	0.56904	0.01731	0.01563	0.01132	0.00619	0.00510	0.00155	0.00564	0.00476	0.00550	0.02787
63	0.01160	0.22501	0.55205	0.01398	0.02082	0.01451	0.06024	0.01652	0.01113	0.01567	0.00902	0.01067	0.00680	0.00486	0.00468	0.00154	0.00733	0.00377	0.00227	0.00751
64	0.00733	0.00540	0.00686	0.00649	0.00781	0.00492	0.00487	0.00969	0.01461	0.02037	0.69121	0.04086	0.13763	0.01112	0.00624	0.00168	0.00252	0.00975	0.00571	0.00492
65	0.63570	0.00889	0.00768	0.00700	0.00954	0.01008	0.00552	0.01381	0.00867	0.04009	0.00813	0.01056	0.00671	0.00806	0.00734	0.19653	0.00422	0.00333	0.00313	0.00502
66	0.05886	0.00956	0.01046	0.00894	0.01185	0.01019	0.00709	0.13271	0.25957	0.17136	0.01935	0.03708	0.03355	0.00696	0.00491	0.00160	0.00402	0.00561	0.19888	0.00746
67	0.69074	0.00961	0.00805	0.00711	0.01020	0.01080	0.00576	0.01581	0.00984	0.09258	0.05320	0.01235	0.00952	0.04063	0.00466	0.00179	0.00408	0.00368	0.00371	0.00587
68	0.00644	0.00460	0.00613	0.00736	0.00767	0.00429	0.00491	0.00736	0.01012	0.01350	0.02914	0.81076	0.03497	0.01656	0.00675	0.00215	0.00307	0.01503	0.00491	0.00429
69	0.01248	0.01426	0.03119	0.02228	0.02763	0.01337	0.76203	0.01693	0.01248	0.01693	0.01070	0.01426	0.00802	0.00446	0.00624	0.00178	0.00891	0.00624	0.00267	0.00713
70	0.00748	0.00540	0.00707	0.00665	0.00790	0.00499	0.00499	0.00998	0.01496	0.02120	0.77844	0.03949	0.04988	0.01081	0.00624	0.00166	0.00249	0.00956	0.00582	0.00499
71	0.00765	0.00526	0.00645	0.00645	0.00669	0.00550	0.00406	0.00813	0.00789	0.01076	0.01603	0.03113	0.01771	0.62007	0.21899	0.00597	0.00739	0.00718	0.00311	0.00358
72	0.00756	0.00563	0.00833	0.00833	0.00921	0.00652	0.00640	0.00933	0.00845	0.01215	0.01431	0.02162	0.01359	0.08723	0.74619	0.00829	0.01361	0.00579	0.00285	0.00463
73	0.01975	0.02520	0.01498	0.01362	0.01634	0.79299	0.01021	0.02111	0.01498	0.01294	0.00817	0.00953	0.00681	0.00545	0.00477	0.00136	0.00953	0.00340	0.00272	0.00613
74	0.00687	0.00491	0.00663	0.00786	0.00835	0.00467	0.00566	0.00811	0.01055	0.01398	0.02890	0.65450	0.03402	0.01615	0.00686	0.00221	0.00344	0.16702	0.00490	0.00441
75	0.85155	0.01022	0.00777	0.00695	0.01022	0.01186	0.00573	0.01554	0.00900	0.02372	0.00736	0.00859	0.00573	0.00491	0.00327	0.00164	0.00409	0.00286	0.00327	0.00573
76	0.01060	0.02735	0.78682	0.01507	0.02288	0.01228	0.01953	0.01674	0.01116	0.01674	0.00949	0.01116	0.00670	0.00502	0.00502	0.00167	0.00781	0.00391	0.00223	0.00781
77	0.00644	0.00460	0.00613	0.00736	0.00767	0.00429	0.00491	0.00736	0.01012	0.01350	0.02914	0.81076	0.03497	0.01656	0.00675	0.00215	0.00307	0.01503	0.00491	0.00429
78	0.01137	0.01081	0.01836	0.45816	0.36893	0.01211	0.01537	0.01472	0.01123	0.01519	0.00964	0.01364	0.00764	0.00503	0.00526	0.00168	0.00670	0.00470	0.00247	0.00699
79	0.20398	0.01049	0.01224	0.00965	0.01335	0.01052	0.05760	0.15863	0.05808	0.12437	0.08093	0.02867	0.01316	0.01951	0.00510	0.00154	0.00462	0.00489	0.00440	0.17828
80	0.01552	0.01102	0.01217	0.01055	0.01380	0.01221	0.00832	0.05665	0.59184	0.17418	0.02104	0.01910	0.01525	0.00701	0.00536	0.00175	0.00431	0.00580	0.00561	0.00852
81	0.00750	0.00543	0.00709	0.00676	0.00802	0.00503	0.00512	0.00997	0.01477	0.02080	0.72834	0.04065	0.06551	0.01104	0.00628	0.00170	0.00260	0.04265	0.00576	0.00497
82	0.01249	0.38990	0.42231	0.01219	0.01841	0.01615	0.01448	0.01651	0.01105	0.03043	0.00874	0.01007	0.00687	0.00482	0.00428	0.00142	0.00675	0.00344	0.00233	0.00736
83	0.28537	0.01188	0.01701	0.01312	0.01701	0.01253	0.24531	0.09462	0.09744	0.07932	0.01317	0.01435	0.03577	0.00574	0.00541	0.00172	0.03439	0.00501	0.00380	0.00700
84	0.00661	0.00473	0.00630	0.00738	0.00780	0.00442	0.00504	0.00773	0.01064	0.01429	0.09825	0.71314	0.03618	0.01596	0.00672	0.00211	0.00308	0.04024	0.00499	0.00438
85	0.00701	0.00540	0.00642	0.00621	0.00767	0.00480	0.00468	0.00905	0.01374	0.01833	0.47304	0.04448	0.33958	0.01192	0.00626	0.00173	0.00262	0.02685	0.00544	0.00478
86	0.17698	0.01643	0.01332	0.01143	0.01453	0.30288	0.03816	0.17490	0.06402	0.03723	0.04948	0.05429	0.01144	0.00647	0.00488	0.00157	0.00655	0.00481	0.00388	0.00674
87	0.05679	0.01244	0.02074	0.03112	0.74104	0.01252	0.01568	0.01619	0.01188	0.01761	0.00981	0.01285	0.00824	0.00472	0.00513	0.00157	0.00617	0.00461	0.00265	0.00824
88	0.00776	0.00578	0.00854	0.00848	0.00941	0.00678	0.00661	0.00965	0.00860	0.01261	0.01411	0.02049	0.01307	0.03741	0.73905	0.00802	0.03394	0.00561	0.03934	0.00476
89	0.01308	0.01256	0.02146	0.03245	0.78123	0.01256	0.01622	0.01622	0.01204	0.01727	0.00994	0.01308	0.00837	0.00471	0.00523	0.00157	0.00628	0.00471	0.00262	0.00837
90	0.36137	0.01280	0.01165	0.00972	0.01325	0.12389	0.02526	0.10623	0.06838	0.20143	0.01236	0.01234	0.00879	0.00569	0.00442	0.00161	0.00529	0.00404	0.00433	0.00715
91	0.01115	0.00814	0.01327	0.01151	0.01402	0.00768	0.16408	0.03164	0.01289	0.11837	0.06555	0.10690	0.10670	0.01106	0.00655	0.00204	0.00516	0.29271	0.00470	0.00590
92	0.66705	0.00986	0.00861	0.00740	0.01079	0.01089	0.00609	0.01752	0.01027	0.17621	0.01028	0.01072	0.00737	0.00526	0.00369	0.00163	0.00414	0.00340	0.02245	0.00636
93	0.01065	0.00629	0.00815	0.00740	0.00925	0.00580	0.00574	0.01338	0.04119	0.16207	0.50924	0.05364	0.08707	0.01038	0.00610	0.00172	0.00307	0.04724	0.00581	0.00580
94	0.01298	0.01246	0.02127	0.05769	0.75678	0.01253	0.01617	0.01614	0.01199	0.01715	0.00993	0.01312	0.00833	0.00473	0.00524	0.00158	0.00631	0.00471	0.00261	0.00829
95	0.02015	0.01464	0.01559	0.01202	0.01619	0.03097	0.00990	0.69675	0.03834	0.07189	0.01320	0.01304	0.00930	0.00635	0.00528	0.00159	0.00579	0.00479	0.00531	0.00892
96	0.00710	0.00539	0.00654	0.00625	0.00767	0.00483	0.00469	0.00924	0.01407	0.01908	0.55595	0.04298	0.27370	0.01160	0.00624	0.00170	0.00255	0.01005	0.00554	0.00483
97	0.08712	0.01328	0.01365	0.01096	0.01467	0.06064	0.00889	0.41191	0.12721	0.13388	0.05318	0.01526	0.01225	0.00654	0.00516	0.00162	0.00532	0.00502	0.00518	0.00826
98	0.05679	0.00951	0.01027	0.00892	0.01137	0.05190	0.00703	0.15139	0.10251	0.10203	0.35347	0.04046	0.02920	0.00877	0.00568	0.00168	0.00406	0.03296	0.00540	0.00660
99	0.02372	0.00900	0.01227	0.00941	0.01350	0.00777	0.00777	0.02576	0.01513	0.78489	0.02086	0.01799	0.01309	0.00654	0.00532	0.00164	0.00450	0.00532	0.00654	0.00900
100	0.00661	0.00472	0.00633	0.00755	0.00793	0.00444	0.00520	0.00765	0.01029	0.01368	0.02904	0.74979	0.03460	0.01640	0.00679	0.00217	0.00321	0.07434	0.00490	0.00434
101	0.01398	0.78299	0.06076	0.00931	0.01397	0.02054	0.00950	0.01587	0.01076	0.01263	0.00744	0.00860	0.00678	0.00454	0.00346	0.00115	0.00575	0.00287	0.00226	0.00683
102	0.00850	0.00599	0.00840	0.00956	0.01071	0.00598	0.00827	0.01070	0.01190	0.01548	0.02720	0.07342	0.02959	0.01481	0.00787	0.03917	0.00482	0.69812	0.00476	0.00474
103	0.01308	0.01256	0.02146	0.03245	0.78123	0.01256	0.01622	0.01622	0.01204	0.01727	0.00994	0.01308	0.00837	0.00471	0.00523	0.00157	0.00628	0.00471	0.00262	0.00837
104	0.02295	0.00928	0.01233	0.00956	0.01358	0.00831	0.00786	0.04261	0.06438	0.71845	0.02071	0.01799	0.01319	0.00658	0.00532	0.00164	0.00451	0.00535	0.00644	0.00896
105	0.00635	0.00536	0.00550	0.00546	0.00720	0.00451	0.00410	0.00778	0.01229	0.01485	0.11346	0.04994	0.71882	0.01318	0.00625	0.00178	0.00266	0.01103	0.00498	0.00451
106	0.01947	0.01450	0.01551	0.01204	0.01615	0.01610	0.00990	0.69701	0.09248	0.03230	0.01349	0.01333	0.00964	0.00642	0.00530	0.00161	0.00567	0.00487	0.00530	0.00893
