[name]
unknown

[dist]
# distance from previous block
# <min> <max>
0	393

[block]
# block no. 0 follows, 48 sequences, length 16
# corresponding to MSA columns:
# 737-752
name=unknown_A
#
# <colnr> <probs for GDERKNQSTAVLIFYWHMCP>
#	G	D	E	R	K	N	Q	S	T	A	V	L	I	F	Y	W	H	M	C	P
0	0.00712	0.00525	0.00662	0.00667	0.00783	0.00485	0.00506	0.00907	0.01285	0.01742	0.44010	0.10869	0.17496	0.05562	0.00733	0.00196	0.00297	0.11591	0.00515	0.00458
1	0.00863	0.00520	0.00665	0.00703	0.00803	0.00471	0.00491	0.00967	0.01061	0.12087	0.02979	0.54202	0.13891	0.06807	0.00760	0.00216	0.00325	0.01226	0.00487	0.00475
2	0.02215	0.00893	0.01188	0.00924	0.01312	0.00798	0.00759	0.02520	0.07933	0.72606	0.02030	0.01761	0.01295	0.00640	0.00517	0.00160	0.00434	0.00521	0.00626	0.00868
3	0.01447	0.71209	0.02518	0.00940	0.01354	0.12827	0.00894	0.01607	0.01100	0.01214	0.00724	0.00837	0.00659	0.00451	0.00348	0.00113	0.00601	0.00282	0.00226	0.00650
4	0.00625	0.00447	0.00595	0.00714	0.00744	0.00417	0.00476	0.00714	0.00982	0.01310	0.02828	0.81633	0.03394	0.01608	0.00655	0.00208	0.00298	0.01459	0.00476	0.00417
5	0.01917	0.02445	0.01454	0.01322	0.01586	0.79907	0.00991	0.02049	0.01454	0.01256	0.00793	0.00925	0.00661	0.00529	0.00463	0.00132	0.00925	0.00330	0.00264	0.00595
6	0.01023	0.00649	0.00777	0.00701	0.00854	0.03541	0.00521	0.01220	0.01355	0.14053	0.52568	0.03326	0.03697	0.12435	0.00870	0.00208	0.00335	0.00814	0.00529	0.00525
7	0.01441	0.55323	0.12333	0.01046	0.01490	0.18177	0.01033	0.01655	0.01134	0.01271	0.00757	0.00878	0.00658	0.00464	0.00378	0.00121	0.00654	0.00300	0.00228	0.00658
8	0.01064	0.00912	0.01064	0.00760	0.01216	0.00684	0.00608	0.01292	0.01064	0.01672	0.00912	0.01064	0.00760	0.00380	0.00380	0.00076	0.00380	0.00304	0.00304	0.85104
9	0.01156	0.00909	0.01070	0.00784	0.01216	0.00712	0.00626	0.04309	0.01138	0.06542	0.01079	0.04700	0.00913	0.00460	0.00406	0.00090	0.00387	0.00375	0.00340	0.72788
10	0.01135	0.13229	0.57520	0.01307	0.01954	0.01278	0.01589	0.01720	0.07479	0.04462	0.03021	0.01212	0.00858	0.00518	0.00473	0.00156	0.00676	0.00401	0.00267	0.00746
11	0.01542	0.05442	0.01307	0.01015	0.01348	0.03039	0.00825	0.31351	0.24757	0.08465	0.02062	0.02044	0.11102	0.00739	0.00522	0.00162	0.00473	0.02536	0.00499	0.00770
12	0.01353	0.74755	0.05723	0.00911	0.01355	0.01956	0.00916	0.01603	0.05098	0.01274	0.00794	0.00891	0.00706	0.00455	0.00346	0.00115	0.00550	0.00295	0.00235	0.00671
13	0.39049	0.21298	0.07801	0.00895	0.01302	0.01317	0.04174	0.01665	0.02818	0.10778	0.00937	0.01016	0.00713	0.00486	0.00377	0.00145	0.00489	0.00335	0.00323	0.04084
14	0.01473	0.23510	0.19738	0.01079	0.01517	0.09572	0.01072	0.04700	0.03019	0.16348	0.01246	0.07550	0.01024	0.00614	0.00493	0.00147	0.02840	0.00465	0.00345	0.03249
15	0.01223	0.47706	0.06280	0.00865	0.01223	0.03833	0.00819	0.03379	0.01155	0.04349	0.09027	0.08962	0.07944	0.00697	0.00435	0.00136	0.00490	0.00538	0.00324	0.00617

[dist]
# distance from previous block
# <min> <max>
35	70

[block]
# block no. 1 follows, 48 sequences, length 6
# corresponding to MSA columns:
# 845-850
name=unknown_B
#
# <colnr> <probs for GDERKNQSTAVLIFYWHMCP>
#	G	D	E	R	K	N	Q	S	T	A	V	L	I	F	Y	W	H	M	C	P
0	0.08779	0.01187	0.16363	0.00936	0.01353	0.00844	0.00896	0.01870	0.05301	0.33714	0.07175	0.01969	0.09391	0.00673	0.00498	0.00155	0.00458	0.00543	0.00472	0.07421
1	0.01310	0.68025	0.16403	0.00983	0.01479	0.01880	0.01060	0.01552	0.01050	0.01282	0.00750	0.00870	0.00657	0.00448	0.00358	0.00119	0.00586	0.00293	0.00219	0.00676
2	0.40574	0.00859	0.00870	0.00744	0.01048	0.00873	0.00595	0.01600	0.01096	0.20935	0.07427	0.10121	0.01399	0.00674	0.00432	0.00156	0.00382	0.00519	0.00431	0.09264
3	0.01299	0.66655	0.08188	0.00995	0.01442	0.01841	0.05557	0.01512	0.01043	0.01263	0.00788	0.00948	0.00703	0.00646	0.05129	0.00160	0.00633	0.00319	0.00225	0.00656
4	0.01140	0.01239	0.02260	0.05986	0.02153	0.05226	0.43850	0.01444	0.01098	0.01481	0.01176	0.11668	0.01084	0.00687	0.00817	0.00186	0.16945	0.00662	0.00279	0.00619
5	0.01345	0.01383	0.05236	0.01217	0.01476	0.15601	0.05814	0.04315	0.01120	0.06390	0.00963	0.03893	0.00834	0.00666	0.00898	0.00162	0.28995	0.00442	0.00296	0.18954

[dist]
# distance from previous block
# <min> <max>
5	7

[block]
# block no. 2 follows, 48 sequences, length 63
# corresponding to MSA columns:
# 859-907,972-985
name=unknown_C
#
# <colnr> <probs for GDERKNQSTAVLIFYWHMCP>
#	G	D	E	R	K	N	Q	S	T	A	V	L	I	F	Y	W	H	M	C	P
0	0.01654	0.01193	0.01263	0.01033	0.01356	0.05776	0.00829	0.35784	0.14939	0.12850	0.12998	0.01906	0.01678	0.02480	0.00575	0.00167	0.00490	0.01741	0.00519	0.00770
1	0.01717	0.01283	0.01392	0.01087	0.01471	0.01386	0.00887	0.55009	0.11226	0.04173	0.05811	0.01457	0.01182	0.00628	0.00507	0.00149	0.00507	0.00489	0.00499	0.09142
2	0.01022	0.00967	0.01636	0.66945	0.16905	0.01154	0.01452	0.01358	0.01051	0.01376	0.00921	0.01351	0.00707	0.00503	0.00512	0.00168	0.00671	0.00456	0.00233	0.00613
3	0.01081	0.14671	0.67745	0.01374	0.02084	0.01318	0.01742	0.01612	0.01077	0.01562	0.00889	0.01044	0.00651	0.00480	0.00464	0.00155	0.00727	0.00363	0.00217	0.00743
4	0.01070	0.12173	0.70148	0.01393	0.02113	0.01292	0.01774	0.01614	0.01078	0.01575	0.00896	0.01052	0.00651	0.00482	0.00469	0.00156	0.00733	0.00367	0.00217	0.00746
5	0.01270	0.01219	0.02083	0.03149	0.78767	0.01219	0.01575	0.01575	0.01168	0.01676	0.00965	0.01270	0.00813	0.00457	0.00508	0.00152	0.00610	0.00457	0.00254	0.00813
6	0.00694	0.00514	0.00647	0.00632	0.00751	0.00467	0.00467	0.00899	0.01348	0.01854	0.57020	0.13322	0.17169	0.01158	0.00611	0.00169	0.00252	0.01018	0.00539	0.00467
7	0.03550	0.01381	0.01611	0.01517	0.15289	0.01509	0.01069	0.60347	0.03911	0.02912	0.01194	0.01246	0.00871	0.00587	0.00508	0.00154	0.00565	0.00460	0.00463	0.00854
8	0.01913	0.01659	0.01497	0.01200	0.01570	0.20358	0.00966	0.57392	0.02155	0.02719	0.01213	0.01239	0.02517	0.00610	0.00503	0.00149	0.00645	0.00444	0.00453	0.00796
9	0.00638	0.00456	0.00608	0.00717	0.00755	0.00426	0.00487	0.00741	0.01018	0.01364	0.07628	0.74419	0.03472	0.01566	0.00653	0.00206	0.00299	0.03640	0.00482	0.00423
10	0.01258	0.01207	0.02060	0.06330	0.75683	0.01216	0.01569	0.01564	0.01163	0.01661	0.00963	0.01274	0.00807	0.00459	0.00508	0.00153	0.00613	0.00457	0.00253	0.00803
11	0.01584	0.10686	0.01323	0.00972	0.01300	0.01133	0.00802	0.02359	0.36609	0.27278	0.01960	0.02080	0.01486	0.00711	0.00514	0.00167	0.00439	0.07297	0.00519	0.00783
12	0.75768	0.00978	0.00806	0.00703	0.01030	0.01104	0.00579	0.01625	0.00943	0.11363	0.00869	0.00941	0.00640	0.00495	0.00341	0.00159	0.00402	0.00306	0.00355	0.00593
13	0.00625	0.00447	0.00595	0.00714	0.00744	0.00417	0.00476	0.00714	0.00982	0.01310	0.02828	0.81633	0.03394	0.01608	0.00655	0.00208	0.00298	0.01459	0.00476	0.00417
14	0.00751	0.00535	0.00664	0.00625	0.00768	0.00481	0.00471	0.00965	0.01386	0.04508	0.58503	0.04025	0.22224	0.01094	0.00602	0.00164	0.00253	0.00951	0.00546	0.00485
15	0.01099	0.01046	0.01398	0.01217	0.01238	0.03065	0.01002	0.01226	0.00843	0.01319	0.00884	0.04513	0.00861	0.00883	0.01457	0.00209	0.66351	0.00491	0.10349	0.00546
16	0.00729	0.00526	0.00690	0.00654	0.00775	0.00487	0.00494	0.00971	0.01445	0.02043	0.76304	0.03889	0.04787	0.01060	0.00608	0.00164	0.00249	0.03079	0.00562	0.00484
17	0.02128	0.00951	0.01214	0.00953	0.01336	0.00895	0.00780	0.08455	0.12448	0.62103	0.01971	0.01730	0.01281	0.00642	0.00517	0.00161	0.00442	0.00521	0.00609	0.00864
18	0.00986	0.00929	0.01569	0.76407	0.07730	0.01144	0.01433	0.01326	0.01034	0.01331	0.00915	0.01363	0.00691	0.00510	0.00513	0.00170	0.00680	0.00456	0.00229	0.00584
19	0.01263	0.01212	0.02071	0.04881	0.77088	0.01217	0.01571	0.01569	0.01165	0.01668	0.00964	0.01272	0.00810	0.00458	0.00508	0.00153	0.00611	0.00457	0.00253	0.00807
20	0.00888	0.00682	0.01083	0.01077	0.01243	0.00668	0.09901	0.01139	0.01179	0.02977	0.02510	0.09598	0.02687	0.01296	0.00690	0.00226	0.00509	0.60695	0.00450	0.00503
21	0.01049	0.00896	0.01048	0.00758	0.01200	0.00675	0.00604	0.01272	0.01061	0.01660	0.00977	0.03792	0.00849	0.00422	0.00389	0.00080	0.00377	0.00343	0.00310	0.82236
22	0.01263	0.01212	0.02069	0.05051	0.76922	0.01217	0.01571	0.01568	0.01165	0.01667	0.00964	0.01272	0.00810	0.00459	0.00508	0.00153	0.00611	0.00457	0.00253	0.00807
23	0.01917	0.02445	0.01454	0.01322	0.01586	0.79907	0.00991	0.02049	0.01454	0.01256	0.00793	0.00925	0.00661	0.00529	0.00463	0.00132	0.00925	0.00330	0.00264	0.00595
24	0.02302	0.00873	0.01191	0.00913	0.01310	0.00754	0.00754	0.02501	0.01469	0.79122	0.02024	0.01746	0.01270	0.00635	0.00516	0.00159	0.00437	0.00516	0.00635	0.00873
25	0.01218	0.01281	0.01558	0.01344	0.01376	0.10937	0.01107	0.01332	0.00866	0.01237	0.00688	0.01099	0.00672	0.00854	0.01538	0.00213	0.71451	0.00435	0.00229	0.00565
26	0.02223	0.00898	0.01195	0.00923	0.01312	0.00801	0.00760	0.05843	0.03720	0.71828	0.03617	0.01772	0.01337	0.00645	0.00518	0.00159	0.00437	0.00524	0.00625	0.00863
27	0.01126	0.01131	0.01621	0.01375	0.01392	0.01562	0.03689	0.01249	0.00800	0.01249	0.00686	0.01131	0.00677	0.00882	0.01647	0.00223	0.78314	0.00454	0.00226	0.00566
28	0.00746	0.00497	0.00560	0.00560	0.00560	0.00497	0.00311	0.00746	0.00746	0.00995	0.01617	0.03358	0.01865	0.81967	0.02612	0.00497	0.00497	0.00746	0.00311	0.00311
29	0.00738	0.00590	0.00674	0.00681	0.00834	0.00561	0.00521	0.01056	0.10370	0.01617	0.18616	0.13628	0.37003	0.01229	0.00614	0.00183	0.00303	0.09793	0.00499	0.00491
30	0.00633	0.00452	0.00605	0.00724	0.00757	0.00424	0.00491	0.00729	0.00991	0.01319	0.02823	0.78523	0.03376	0.01600	0.00657	0.00210	0.00305	0.04486	0.00476	0.00419
31	0.85592	0.00992	0.00754	0.00675	0.00992	0.01151	0.00556	0.01508	0.00873	0.02302	0.00714	0.00834	0.00556	0.00476	0.00318	0.00159	0.00397	0.00278	0.00318	0.00556
32	0.00625	0.00447	0.00595	0.00714	0.00744	0.00417	0.00476	0.00714	0.00982	0.01310	0.02828	0.81633	0.03394	0.01608	0.00655	0.00208	0.00298	0.01459	0.00476	0.00417
33	0.00803	0.00573	0.00799	0.00917	0.01025	0.00570	0.00785	0.01021	0.01157	0.01509	0.02730	0.14856	0.03006	0.01440	0.00702	0.00233	0.00452	0.66483	0.00473	0.00466
34	0.00734	0.00545	0.00801	0.00801	0.00884	0.00628	0.00611	0.00901	0.00818	0.01173	0.01396	0.02137	0.01336	0.10929	0.72925	0.00795	0.01295	0.00568	0.00278	0.00445
35	0.01211	0.01384	0.03028	0.02163	0.02682	0.01298	0.76903	0.01644	0.01211	0.01644	0.01038	0.01384	0.00779	0.00433	0.00606	0.00173	0.00865	0.00606	0.00260	0.00692
36	0.00969	0.00912	0.01539	0.80734	0.03534	0.01140	0.01425	0.01311	0.01026	0.01311	0.00912	0.01368	0.00684	0.00513	0.00513	0.00171	0.00684	0.00456	0.00228	0.00570
37	0.00892	0.00648	0.00798	0.00828	0.00944	0.00654	0.00618	0.14339	0.01274	0.01690	0.02601	0.52870	0.05233	0.01391	0.00637	0.00202	0.00372	0.13021	0.00482	0.00507
38	0.73622	0.05805	0.00929	0.00736	0.01062	0.04871	0.00611	0.04417	0.00969	0.02225	0.00738	0.00852	0.00579	0.00482	0.00332	0.00155	0.00437	0.00287	0.00317	0.00576
39	0.01200	0.01353	0.02854	0.02065	0.02522	0.01330	0.67843	0.01595	0.01160	0.01595	0.00994	0.01353	0.00766	0.00488	0.00734	0.00179	0.10449	0.00587	0.00255	0.00676
40	0.01152	0.00900	0.01045	0.00775	0.01170	0.00733	0.00607	0.06952	0.01147	0.05472	0.01074	0.01384	0.00925	0.10164	0.00663	0.00136	0.00411	0.00379	0.00337	0.64573
41	0.01318	0.01301	0.05655	0.01816	0.02274	0.01185	0.53822	0.04662	0.01255	0.10932	0.01276	0.07185	0.01021	0.00566	0.00624	0.00174	0.03271	0.00636	0.00327	0.00700
42	0.01270	0.01219	0.02083	0.03149	0.78767	0.01219	0.01575	0.01575	0.01168	0.01676	0.00965	0.01270	0.00813	0.00457	0.00508	0.00152	0.00610	0.00457	0.00254	0.00813
43	0.02288	0.00896	0.01205	0.00924	0.01321	0.00788	0.00763	0.05557	0.01507	0.76011	0.01992	0.01725	0.01254	0.00634	0.00516	0.00159	0.00442	0.00514	0.00630	0.00873
44	0.10835	0.00606	0.00629	0.00604	0.00772	0.01727	0.00458	0.00940	0.01248	0.01760	0.33755	0.05406	0.37267	0.01096	0.00570	0.00167	0.00280	0.00921	0.00490	0.00470
45	0.02433	0.00742	0.00879	0.00795	0.01006	0.00702	0.00595	0.13683	0.01298	0.08531	0.04934	0.36444	0.08013	0.03262	0.00617	0.00176	0.00370	0.00940	0.00465	0.14116
46	0.01945	0.01066	0.08230	0.00946	0.01340	0.00881	0.00839	0.13403	0.01528	0.50131	0.03124	0.01666	0.01223	0.00622	0.00496	0.00154	0.00458	0.00498	0.10642	0.00809
47	0.00735	0.00541	0.00778	0.00778	0.00853	0.00616	0.00583	0.00886	0.00811	0.01156	0.01417	0.02253	0.01386	0.17664	0.66259	0.00767	0.01219	0.00584	0.00281	0.00432
48	0.01072	0.05555	0.66996	0.01390	0.02080	0.01234	0.01727	0.01753	0.10259	0.01671	0.01052	0.01173	0.00760	0.00511	0.00485	0.00162	0.00708	0.00399	0.00253	0.00761
49	0.01245	0.01221	0.02164	0.07545	0.65294	0.01224	0.10572	0.01568	0.01165	0.01651	0.00971	0.01289	0.00801	0.00457	0.00520	0.00156	0.00644	0.00475	0.00253	0.00784
50	0.02197	0.01041	0.01295	0.00993	0.01394	0.01004	0.00820	0.24728	0.01750	0.56497	0.01788	0.01593	0.01152	0.00629	0.00515	0.00157	0.00475	0.00500	0.00599	0.00873
51	0.01312	0.01780	0.35944	0.01246	0.01777	0.01150	0.05695	0.16259	0.08232	0.09433	0.01710	0.01728	0.10156	0.00639	0.00519	0.00163	0.00605	0.00524	0.00375	0.00754
52	0.01034	0.02623	0.77417	0.01480	0.02232	0.01194	0.03756	0.01625	0.01086	0.01625	0.00924	0.01091	0.00653	0.00486	0.00490	0.00163	0.00761	0.00385	0.00218	0.00757
53	0.00809	0.00562	0.00600	0.00567	0.00767	0.00472	0.00433	0.00947	0.01205	0.10680	0.04819	0.04556	0.69318	0.01220	0.00596	0.00172	0.00281	0.01015	0.00495	0.00486
54	0.00625	0.00447	0.00595	0.00714	0.00744	0.00417	0.00476	0.00714	0.00982	0.01310	0.02828	0.81633	0.03394	0.01608	0.00655	0.00208	0.00298	0.01459	0.00476	0.00417
55	0.00809	0.00682	0.01090	0.05147	0.14888	0.00665	0.06183	0.00991	0.01085	0.01480	0.10515	0.49224	0.02773	0.01205	0.00613	0.00189	0.00406	0.01113	0.00419	0.00522
56	0.08741	0.01107	0.02045	0.38317	0.06857	0.01193	0.29953	0.01459	0.01089	0.01546	0.00976	0.02652	0.00760	0.00494	0.00532	0.00170	0.00716	0.00513	0.00254	0.00625
57	0.05243	0.18786	0.01475	0.00885	0.01257	0.01273	0.00755	0.26836	0.01529	0.06668	0.01158	0.01238	0.00888	0.00527	0.00415	0.00125	0.00460	0.00391	0.14357	0.15733
58	0.01069	0.11974	0.70341	0.01394	0.02115	0.01290	0.01777	0.01615	0.01079	0.01576	0.00897	0.01053	0.00651	0.00482	0.00469	0.00156	0.00734	0.00367	0.00217	0.00747
59	0.01181	0.06308	0.34574	0.01115	0.01612	0.00963	0.03933	0.01562	0.01210	0.13711	0.15439	0.04279	0.03002	0.00648	0.00506	0.00153	0.00548	0.00543	0.00368	0.08347
60	0.01178	0.24170	0.55073	0.01280	0.01935	0.01400	0.01569	0.01640	0.01089	0.04939	0.00913	0.01042	0.00680	0.00481	0.00446	0.00148	0.00687	0.00357	0.00236	0.00736
61	0.00811	0.00640	0.00699	0.00651	0.00835	0.00602	0.00496	0.09959	0.03153	0.01775	0.21433	0.08631	0.46094	0.01164	0.00596	0.00170	0.00298	0.00983	0.00502	0.00505
62	0.01476	0.30270	0.03268	0.16177	0.04217	0.10803	0.03191	0.03254	0.01190	0.13572	0.01053	0.01196	0.00811	0.00517	0.00457	0.00140	0.02130	0.00390	0.05221	0.00667

[dist]
# distance from previous block
# <min> <max>
0	3

[block]
# block no. 3 follows, 48 sequences, length 13
# corresponding to MSA columns:
# 1025-1030,1033-1039
name=unknown_D
#
# <colnr> <probs for GDERKNQSTAVLIFYWHMCP>
#	G	D	E	R	K	N	Q	S	T	A	V	L	I	F	Y	W	H	M	C	P
0	0.00969	0.00912	0.01539	0.80734	0.03534	0.01140	0.01425	0.01311	0.01026	0.01311	0.00912	0.01368	0.00684	0.00513	0.00513	0.00171	0.00684	0.00456	0.00228	0.00570
1	0.01183	0.00922	0.01081	0.00793	0.01232	0.00731	0.00635	0.01494	0.06479	0.08236	0.01088	0.01181	0.00860	0.00424	0.00401	0.00090	0.00387	0.00341	0.00347	0.72093
2	0.01152	0.23905	0.45817	0.01423	0.02055	0.01436	0.14244	0.01604	0.01094	0.01515	0.00885	0.01064	0.00674	0.00465	0.00465	0.00150	0.00720	0.00389	0.00225	0.00720
3	0.00637	0.00452	0.00592	0.00699	0.00725	0.00425	0.00459	0.00718	0.00958	0.01278	0.02705	0.73670	0.03238	0.09783	0.00854	0.00238	0.00318	0.01386	0.00459	0.00406
4	0.00653	0.00466	0.00626	0.00738	0.00782	0.00440	0.00517	0.00766	0.01026	0.01369	0.06215	0.69506	0.03409	0.01561	0.00659	0.00209	0.00315	0.09839	0.00480	0.00426
5	0.01851	0.01224	0.01368	0.01080	0.01442	0.01310	0.00878	0.55364	0.02082	0.15774	0.01556	0.10950	0.01242	0.00738	0.00531	0.00161	0.00511	0.00590	0.00529	0.00818
6	0.00880	0.00655	0.00786	0.00807	0.00919	0.00673	0.00576	0.10970	0.09927	0.01678	0.05379	0.57039	0.02871	0.03423	0.00670	0.00203	0.00348	0.01189	0.00485	0.00521
7	0.00713	0.00524	0.00667	0.00631	0.00758	0.00478	0.00473	0.00942	0.01420	0.01981	0.70155	0.03959	0.13230	0.01077	0.00605	0.00163	0.00244	0.00946	0.00555	0.00478
8	0.01119	0.01227	0.02586	0.11959	0.02588	0.01186	0.59393	0.01505	0.01164	0.01567	0.01208	0.09734	0.01039	0.00565	0.00599	0.00176	0.00783	0.00675	0.00278	0.00648
9	0.00777	0.00699	0.00677	0.00661	0.00828	0.06961	0.00505	0.00979	0.03328	0.01578	0.23378	0.04305	0.46022	0.01164	0.00599	0.00171	0.00328	0.06086	0.00483	0.00472
10	0.01123	0.01123	0.01572	0.01347	0.01347	0.01572	0.01123	0.01235	0.00786	0.01235	0.00674	0.01123	0.00674	0.00898	0.01684	0.00225	0.81028	0.00449	0.00225	0.00561
11	0.01112	0.01108	0.01569	0.07021	0.01503	0.01541	0.01144	0.01240	0.00803	0.01240	0.00691	0.01140	0.00674	0.00871	0.01600	0.00221	0.75286	0.00450	0.00225	0.00562
12	0.12280	0.00887	0.01138	0.00884	0.01272	0.00802	0.00730	0.02382	0.01397	0.69919	0.01867	0.01637	0.01185	0.00616	0.00492	0.00159	0.00432	0.00487	0.00597	0.00835

[dist]
# distance from previous block
# <min> <max>
0	4

[block]
# block no. 4 follows, 48 sequences, length 10
# corresponding to MSA columns:
# 1050-1059
name=unknown_E
#
# <colnr> <probs for GDERKNQSTAVLIFYWHMCP>
#	G	D	E	R	K	N	Q	S	T	A	V	L	I	F	Y	W	H	M	C	P
0	0.01211	0.01384	0.03028	0.02163	0.02682	0.01298	0.76903	0.01644	0.01211	0.01644	0.01038	0.01384	0.00779	0.00433	0.00606	0.00173	0.00865	0.00606	0.00260	0.00692
1	0.00956	0.00478	0.00478	0.00478	0.00598	0.00478	0.00359	0.01196	0.01076	0.01913	0.01674	0.01913	0.01315	0.00598	0.00359	0.00120	0.00239	0.00478	0.84816	0.00478
2	0.00622	0.00479	0.00569	0.00633	0.00725	0.00426	0.00442	0.00735	0.01079	0.01374	0.07204	0.47372	0.33584	0.01459	0.00633	0.00192	0.00280	0.01284	0.00480	0.00426
3	0.00639	0.00468	0.00603	0.00697	0.00755	0.00432	0.00484	0.00750	0.01045	0.01377	0.07741	0.63344	0.12955	0.01525	0.00648	0.00202	0.00298	0.05128	0.00482	0.00426
4	0.00833	0.00868	0.06081	0.03612	0.01457	0.00736	0.21399	0.01065	0.01081	0.01459	0.04905	0.43526	0.06586	0.01120	0.00616	0.00188	0.00490	0.01063	0.00393	0.02522
5	0.21256	0.08174	0.31142	0.01114	0.03440	0.01139	0.01167	0.01784	0.03860	0.17636	0.03904	0.01272	0.00942	0.00538	0.00446	0.00157	0.00556	0.00403	0.00351	0.00719
6	0.08505	0.01397	0.01366	0.01205	0.05448	0.12276	0.00916	0.39703	0.10481	0.04613	0.01366	0.06245	0.01106	0.00673	0.00504	0.00159	0.00564	0.02262	0.00451	0.00761
7	0.06343	0.00876	0.00965	0.00864	0.01077	0.00931	0.00668	0.23529	0.08819	0.03754	0.05341	0.14300	0.08637	0.13309	0.00874	0.00227	0.00438	0.07985	0.00464	0.00601
8	0.46841	0.01168	0.11368	0.00827	0.01182	0.01062	0.00765	0.09099	0.01146	0.06158	0.05963	0.03360	0.02905	0.00592	0.00406	0.00158	0.00439	0.00425	0.05522	0.00615
9	0.05646	0.59390	0.15647	0.00954	0.01422	0.01746	0.01012	0.01516	0.01066	0.01388	0.05477	0.01051	0.00906	0.00486	0.00373	0.00125	0.00558	0.00332	0.00245	0.00660

[dist]
# distance from previous block
# <min> <max>
0	2

[block]
# block no. 5 follows, 48 sequences, length 49
# corresponding to MSA columns:
# 1062-1067,1084-1126
name=unknown_F
#
# <colnr> <probs for GDERKNQSTAVLIFYWHMCP>
#	G	D	E	R	K	N	Q	S	T	A	V	L	I	F	Y	W	H	M	C	P
0	0.10219	0.08152	0.08434	0.01070	0.01454	0.11147	0.00940	0.34575	0.04913	0.04100	0.02672	0.01386	0.04424	0.00606	0.00470	0.00150	0.00567	0.00447	0.03540	0.00734
1	0.01492	0.01069	0.01187	0.00948	0.01269	0.01100	0.00747	0.37986	0.04830	0.06801	0.01450	0.08328	0.01256	0.11318	0.00773	0.00190	0.00479	0.00563	0.02306	0.15908
2	0.12075	0.51568	0.10746	0.00924	0.01347	0.06305	0.00925	0.01526	0.01084	0.01466	0.07136	0.01107	0.00988	0.00505	0.00376	0.00127	0.00550	0.00344	0.00263	0.00638
3	0.01231	0.01661	0.23118	0.02615	0.54736	0.04428	0.01638	0.01608	0.01157	0.01645	0.00946	0.01205	0.00762	0.00468	0.00501	0.00154	0.00663	0.00431	0.00244	0.00789
4	0.08681	0.08113	0.66826	0.01350	0.02046	0.01247	0.01703	0.01608	0.01061	0.01657	0.00888	0.01042	0.00642	0.00483	0.00461	0.00158	0.00711	0.00363	0.00226	0.00733
5	0.00633	0.00454	0.00589	0.00692	0.00728	0.00423	0.00460	0.00718	0.00976	0.01292	0.02878	0.71743	0.07575	0.07251	0.00790	0.00227	0.00310	0.01387	0.00465	0.00410
6	0.07365	0.14159	0.47870	0.01251	0.01852	0.01352	0.01459	0.07041	0.09769	0.01784	0.01028	0.01130	0.00763	0.00512	0.00457	0.00155	0.00647	0.00384	0.00280	0.00743
7	0.14889	0.08409	0.01365	0.01078	0.06742	0.05204	0.02826	0.03634	0.05964	0.08182	0.01058	0.01232	0.00850	0.00519	0.00504	0.00132	0.05979	0.01835	0.00337	0.29262
8	0.08089	0.18509	0.37285	0.03464	0.07700	0.01396	0.02539	0.07807	0.01171	0.01718	0.02402	0.01103	0.00761	0.00511	0.00493	0.00152	0.03542	0.00381	0.00261	0.00716
9	0.01206	0.02479	0.66778	0.01403	0.02094	0.06697	0.01729	0.01734	0.01144	0.08589	0.01011	0.01132	0.00707	0.00504	0.00488	0.00160	0.00741	0.00388	0.00258	0.00757
10	0.00644	0.00462	0.00614	0.00723	0.00767	0.00433	0.00499	0.00752	0.01024	0.01364	0.06547	0.70729	0.05183	0.01560	0.00655	0.00207	0.00306	0.06627	0.00480	0.00424
11	0.02996	0.22502	0.48359	0.06906	0.02067	0.01410	0.04627	0.02841	0.01092	0.01540	0.00873	0.01047	0.00661	0.00477	0.00451	0.00150	0.00693	0.00367	0.00227	0.00715
12	0.01193	0.06390	0.48579	0.01501	0.08855	0.11295	0.01550	0.04684	0.01179	0.01599	0.01041	0.06748	0.00869	0.00577	0.00508	0.00159	0.01848	0.00455	0.00257	0.00715
13	0.00617	0.00513	0.00540	0.00549	0.00704	0.00435	0.00406	0.00751	0.01171	0.01428	0.10343	0.12735	0.65418	0.01313	0.00611	0.00176	0.00262	0.01110	0.00483	0.00435
14	0.06648	0.00535	0.00616	0.00680	0.00766	0.01678	0.00476	0.00835	0.01063	0.01490	0.11476	0.53465	0.13404	0.01380	0.00608	0.00191	0.00301	0.01222	0.02726	0.00441
15	0.03258	0.01097	0.01199	0.00984	0.01284	0.03660	0.00782	0.38222	0.04049	0.13847	0.10879	0.11826	0.01773	0.03970	0.00619	0.00176	0.00474	0.00658	0.00513	0.00730
16	0.01275	0.01209	0.02035	0.07367	0.72119	0.01227	0.01547	0.04002	0.01201	0.01707	0.00971	0.01274	0.00808	0.00465	0.00508	0.00153	0.00612	0.00457	0.00261	0.00801
17	0.00643	0.00462	0.00613	0.00717	0.00763	0.00432	0.00494	0.00753	0.01032	0.01378	0.08221	0.69583	0.05661	0.01548	0.00653	0.00206	0.00303	0.05630	0.00482	0.00425
18	0.01278	0.01238	0.02023	0.05207	0.72356	0.03185	0.01533	0.01615	0.03528	0.01670	0.00994	0.01284	0.00829	0.00468	0.00507	0.00153	0.00613	0.00458	0.00262	0.00801
19	0.01169	0.12132	0.48412	0.01257	0.01834	0.02794	0.01464	0.10288	0.01265	0.01787	0.07935	0.01332	0.01070	0.00561	0.00510	0.00155	0.02801	0.00428	0.02085	0.00720
20	0.01993	0.01264	0.01421	0.01098	0.01495	0.01346	0.00904	0.53697	0.05238	0.22590	0.02730	0.01434	0.01067	0.00631	0.00516	0.00156	0.00520	0.00488	0.00546	0.00864
21	0.00798	0.00595	0.00763	0.00779	0.00912	0.00585	0.00623	0.01134	0.08213	0.01817	0.38415	0.08148	0.07909	0.01182	0.00635	0.00191	0.00338	0.25940	0.00521	0.00504
22	0.01127	0.01370	0.12652	0.07409	0.21389	0.03534	0.23960	0.01472	0.01129	0.01567	0.01170	0.10324	0.01050	0.00597	0.00575	0.00164	0.03013	0.00589	0.00277	0.06632
23	0.01499	0.01191	0.06723	0.01057	0.01383	0.01165	0.00904	0.41850	0.03540	0.06983	0.01757	0.14611	0.03209	0.00987	0.03800	0.00199	0.00543	0.07390	0.00480	0.00728
24	0.01372	0.82276	0.02689	0.00878	0.01317	0.02030	0.00878	0.01536	0.01043	0.01207	0.00713	0.00823	0.00658	0.00439	0.00329	0.00110	0.00549	0.00274	0.00219	0.00658
25	0.00995	0.00727	0.00852	0.00740	0.00957	0.00703	0.00579	0.08818	0.04679	0.07273	0.28771	0.03313	0.26388	0.00973	0.00619	0.00160	0.04233	0.00808	0.00496	0.07913
26	0.14611	0.00967	0.01447	0.55447	0.10702	0.01158	0.01266	0.01449	0.05339	0.01555	0.00952	0.01303	0.00726	0.00512	0.00482	0.00167	0.00615	0.00434	0.00262	0.00606
27	0.01207	0.01372	0.02959	0.02124	0.02619	0.01310	0.73351	0.01624	0.01191	0.01624	0.01021	0.01372	0.00774	0.00454	0.00656	0.00175	0.04623	0.00598	0.00258	0.00686
28	0.02060	0.00832	0.01121	0.00880	0.01237	0.00732	0.00719	0.02298	0.03529	0.66561	0.12428	0.02035	0.01764	0.00693	0.00528	0.00160	0.00409	0.00574	0.00622	0.00819
29	0.04488	0.01017	0.01239	0.00968	0.01348	0.00992	0.00793	0.21863	0.05043	0.48349	0.02931	0.04064	0.01266	0.00658	0.00512	0.00158	0.00459	0.00528	0.00576	0.02749
30	0.00698	0.00519	0.00645	0.00622	0.00746	0.00471	0.00461	0.00904	0.01357	0.01863	0.58416	0.07905	0.19478	0.02850	0.00651	0.00173	0.00254	0.00981	0.00537	0.00467
31	0.00891	0.00446	0.00668	0.00668	0.00668	0.00446	0.00446	0.00668	0.00668	0.00891	0.00891	0.01560	0.00891	0.01783	0.02005	0.85071	0.00446	0.00446	0.00223	0.00223
32	0.01920	0.02355	0.01462	0.01309	0.01587	0.72843	0.00990	0.08814	0.01541	0.01434	0.00833	0.00953	0.00680	0.00537	0.00467	0.00134	0.00893	0.00342	0.00287	0.00620
33	0.01287	0.01024	0.01095	0.00976	0.01263	0.01146	0.00762	0.03884	0.61861	0.07789	0.02428	0.02240	0.10457	0.00760	0.00531	0.00172	0.00394	0.00631	0.00525	0.00774
34	0.00625	0.00447	0.00595	0.00714	0.00744	0.00417	0.00476	0.00714	0.00982	0.01310	0.02828	0.81633	0.03394	0.01608	0.00655	0.00208	0.00298	0.01459	0.00476	0.00417
35	0.85592	0.00992	0.00754	0.00675	0.00992	0.01151	0.00556	0.01508	0.00873	0.02302	0.00714	0.00834	0.00556	0.00476	0.00318	0.00159	0.00397	0.00278	0.00318	0.00556
36	0.00666	0.00485	0.00615	0.00698	0.00757	0.00454	0.00480	0.02217	0.01048	0.01383	0.06648	0.61457	0.11663	0.05531	0.00744	0.00216	0.00312	0.03726	0.00473	0.00427
37	0.00657	0.00509	0.00604	0.00650	0.00768	0.00457	0.00487	0.00803	0.01150	0.01463	0.12667	0.26896	0.37839	0.01375	0.00635	0.00191	0.00299	0.11624	0.00486	0.00440
38	0.00625	0.00447	0.00595	0.00714	0.00744	0.00417	0.00476	0.00714	0.00982	0.01310	0.02828	0.81633	0.03394	0.01608	0.00655	0.00208	0.00298	0.01459	0.00476	0.00417
39	0.00624	0.00449	0.00592	0.00707	0.00742	0.00417	0.00473	0.00715	0.00990	0.01313	0.02924	0.78535	0.06429	0.01595	0.00653	0.00207	0.00296	0.01444	0.00476	0.00417
40	0.01107	0.01037	0.01716	0.38254	0.33734	0.01178	0.01408	0.01424	0.03106	0.01459	0.00947	0.01333	0.00768	0.00574	0.00655	0.03638	0.06297	0.00459	0.00246	0.00660
41	0.08906	0.01105	0.01202	0.01003	0.01342	0.01204	0.00804	0.19264	0.35954	0.18995	0.01836	0.01702	0.03051	0.00660	0.00503	0.00165	0.00444	0.00525	0.00526	0.00808
42	0.79861	0.01071	0.00804	0.00716	0.01033	0.04902	0.00585	0.03119	0.00933	0.02272	0.00729	0.00846	0.00567	0.00482	0.00329	0.00157	0.00426	0.00284	0.00319	0.00564
43	0.01027	0.00964	0.01674	0.56046	0.09925	0.01122	0.10094	0.01362	0.01058	0.01430	0.00988	0.01400	0.00758	0.00515	0.00540	0.00167	0.02669	0.00475	0.07188	0.00598
44	0.00720	0.07863	0.00804	0.00696	0.00807	0.00583	0.00507	0.00850	0.01090	0.01444	0.15369	0.50013	0.12252	0.01337	0.00604	0.00184	0.00309	0.01186	0.00463	0.02920
45	0.01184	0.01373	0.06925	0.02202	0.14952	0.01231	0.55283	0.01592	0.01195	0.01641	0.01135	0.01650	0.00926	0.00507	0.00590	0.00173	0.00791	0.05681	0.00271	0.00700
46	0.01826	0.01420	0.01450	0.01140	0.01512	0.06996	0.00929	0.63599	0.03595	0.02969	0.08185	0.01457	0.01228	0.00650	0.00518	0.00153	0.00558	0.00497	0.00501	0.00817
47	0.02136	0.00880	0.01169	0.00907	0.01280	0.00786	0.00745	0.07412	0.01531	0.67030	0.08868	0.01900	0.01565	0.00671	0.00524	0.00159	0.00428	0.00549	0.00620	0.00838
48	0.00624	0.00523	0.00555	0.00553	0.00717	0.00454	0.00417	0.00764	0.01152	0.01400	0.08334	0.04622	0.68087	0.01517	0.07762	0.00231	0.00360	0.01027	0.00462	0.00438

[dist]
# distance from previous block
# <min> <max>
0	16

[block]
# block no. 6 follows, 48 sequences, length 20
# corresponding to MSA columns:
# 1143-1162
name=unknown_G
#
# <colnr> <probs for GDERKNQSTAVLIFYWHMCP>
#	G	D	E	R	K	N	Q	S	T	A	V	L	I	F	Y	W	H	M	C	P
0	0.01834	0.16827	0.01725	0.01103	0.01514	0.01617	0.00938	0.55688	0.04950	0.07020	0.01209	0.01208	0.00880	0.00586	0.00479	0.00147	0.00548	0.00434	0.00464	0.00829
1	0.00716	0.00524	0.00672	0.00635	0.00761	0.00480	0.00476	0.00949	0.01429	0.02003	0.72533	0.03923	0.10839	0.01069	0.00605	0.00162	0.00244	0.00941	0.00558	0.00480
2	0.00666	0.00458	0.00590	0.00676	0.00698	0.00437	0.00436	0.00720	0.00913	0.01217	0.02456	0.59629	0.02921	0.20436	0.01175	0.04167	0.00351	0.01245	0.00426	0.00383
3	0.01886	0.01389	0.01486	0.01150	0.01545	0.01538	0.00946	0.71192	0.05585	0.03140	0.01284	0.01285	0.00918	0.00619	0.00508	0.00154	0.00546	0.00468	0.03503	0.00856
4	0.01590	0.01134	0.01203	0.00974	0.01290	0.01250	0.00788	0.46288	0.12811	0.02728	0.01472	0.01510	0.01089	0.00623	0.00473	0.00148	0.00455	0.00483	0.22930	0.00759
5	0.00748	0.00576	0.00699	0.00766	0.00854	0.00582	0.00535	0.01100	0.15666	0.01474	0.02822	0.62037	0.07334	0.01416	0.00627	0.00200	0.00316	0.01270	0.00485	0.00493
6	0.00828	0.00647	0.00858	0.02398	0.00966	0.00726	0.00645	0.02122	0.05062	0.03347	0.02258	0.54758	0.02585	0.03903	0.00898	0.00216	0.15738	0.01138	0.00425	0.00483
7	0.01571	0.09457	0.04470	0.00870	0.01172	0.00946	0.00724	0.08256	0.07966	0.31549	0.08646	0.02111	0.01618	0.17281	0.00932	0.00224	0.00465	0.00570	0.00481	0.00690
8	0.00761	0.00928	0.15640	0.00790	0.01041	0.00603	0.00744	0.01002	0.01180	0.02880	0.18366	0.15164	0.29970	0.02670	0.00634	0.00184	0.00379	0.06110	0.00444	0.00511
9	0.01583	0.07835	0.01177	0.00879	0.01163	0.00894	0.00705	0.12103	0.04464	0.33008	0.09687	0.20475	0.02030	0.00887	0.00541	0.00166	0.00411	0.00752	0.00534	0.00706
10	0.01137	0.00934	0.01085	0.00789	0.01235	0.00738	0.00632	0.03478	0.04634	0.04169	0.01010	0.01129	0.00816	0.00409	0.00394	0.00085	0.00388	0.00328	0.00330	0.76279
11	0.01524	0.47200	0.06423	0.01053	0.01451	0.22381	0.00965	0.07236	0.03398	0.01418	0.00834	0.00947	0.00711	0.00548	0.01856	0.00137	0.00672	0.00322	0.00262	0.00664
12	0.01361	0.05141	0.01188	0.01016	0.01210	0.36200	0.00773	0.04714	0.01302	0.01475	0.15808	0.01870	0.01669	0.07983	0.11351	0.00264	0.03286	0.00519	0.02328	0.00542
13	0.00747	0.00897	0.15673	0.00867	0.01053	0.00626	0.00774	0.00957	0.00954	0.01346	0.02002	0.39712	0.02197	0.06279	0.20002	0.00362	0.00656	0.00957	0.03450	0.00489
14	0.01306	0.67075	0.17317	0.00990	0.01490	0.01870	0.01072	0.01553	0.01050	0.01287	0.00753	0.00873	0.00657	0.00448	0.00359	0.00120	0.00589	0.00294	0.00219	0.00678
15	0.01457	0.01093	0.00949	0.00825	0.01056	0.15906	0.00644	0.18028	0.01469	0.07812	0.01435	0.01563	0.01090	0.00591	0.00424	0.00132	0.00456	0.00449	0.44002	0.00616
16	0.00643	0.00466	0.00608	0.00689	0.00745	0.00431	0.00472	0.00764	0.01084	0.01457	0.17420	0.62074	0.08281	0.01482	0.00642	0.00197	0.00285	0.01334	0.00493	0.00431
17	0.33476	0.00875	0.00903	0.00760	0.01079	0.00889	0.00617	0.03358	0.05390	0.29367	0.02121	0.02008	0.15763	0.00705	0.00458	0.00162	0.00389	0.00536	0.00476	0.00666
18	0.01689	0.02079	0.01307	0.01193	0.01430	0.64744	0.00895	0.01843	0.01454	0.01409	0.15628	0.01480	0.01459	0.00628	0.00490	0.00138	0.00795	0.00445	0.00322	0.00574
19	0.00644	0.00461	0.00613	0.00701	0.00748	0.00430	0.00478	0.00763	0.01072	0.01453	0.17274	0.66779	0.03670	0.01501	0.00645	0.00199	0.00287	0.01357	0.00493	0.00430

[dist]
# distance from previous block
# <min> <max>
0	1

[block]
# block no. 7 follows, 48 sequences, length 45
# corresponding to MSA columns:
# 1164,1166-1209
name=unknown_H
#
# <colnr> <probs for GDERKNQSTAVLIFYWHMCP>
#	G	D	E	R	K	N	Q	S	T	A	V	L	I	F	Y	W	H	M	C	P
0	0.00788	0.00620	0.00684	0.00639	0.00821	0.00574	0.00493	0.08826	0.01378	0.01770	0.24826	0.04276	0.47436	0.01163	0.00600	0.00170	0.00295	0.03642	0.00504	0.00495
1	0.02227	0.01031	0.01207	0.00950	0.01327	0.09060	0.00773	0.02420	0.01467	0.69264	0.03563	0.01706	0.01284	0.00633	0.00512	0.00156	0.00484	0.00506	0.00595	0.00836
2	0.09709	0.00652	0.00864	0.00831	0.00939	0.00780	0.00657	0.01042	0.00851	0.01386	0.01259	0.01783	0.01143	0.02841	0.54917	0.00617	0.09900	0.00503	0.08845	0.00482
3	0.00674	0.00509	0.00685	0.09081	0.01013	0.00504	0.00550	0.00787	0.00986	0.01295	0.03904	0.56380	0.10001	0.10108	0.00845	0.00232	0.00355	0.01233	0.00434	0.00424
4	0.01133	0.01259	0.02644	0.07130	0.04378	0.01195	0.62123	0.01525	0.01194	0.01596	0.01465	0.01753	0.08941	0.00529	0.00597	0.00172	0.00784	0.00642	0.00280	0.00660
5	0.01762	0.01349	0.01364	0.01081	0.01437	0.06508	0.00879	0.58684	0.03983	0.02850	0.01464	0.01481	0.04705	0.00644	0.00499	0.00150	0.00535	0.00488	0.09348	0.00790
6	0.85592	0.00992	0.00754	0.00675	0.00992	0.01151	0.00556	0.01508	0.00873	0.02302	0.00714	0.00834	0.00556	0.00476	0.00318	0.00159	0.00397	0.00278	0.00318	0.00556
7	0.01626	0.18897	0.15000	0.01328	0.04883	0.45529	0.01146	0.03362	0.01313	0.01366	0.00814	0.00952	0.00669	0.00502	0.00442	0.00134	0.00799	0.00335	0.00252	0.00651
8	0.00679	0.00497	0.00684	0.00832	0.03743	0.00472	0.00562	0.00802	0.01035	0.01386	0.06179	0.65682	0.03307	0.01515	0.00654	0.00208	0.00329	0.10522	0.00471	0.00442
9	0.01199	0.10254	0.62397	0.01358	0.02044	0.01230	0.02852	0.01709	0.01122	0.09722	0.01018	0.01132	0.00718	0.00497	0.00477	0.00157	0.00706	0.00387	0.00262	0.00760
10	0.00928	0.00786	0.00946	0.09273	0.01266	0.08785	0.03993	0.02187	0.01096	0.04889	0.02246	0.51223	0.02518	0.01303	0.02076	0.00205	0.00467	0.04896	0.00423	0.00494
11	0.02094	0.01208	0.01398	0.01072	0.01477	0.01251	0.00885	0.46717	0.02028	0.34115	0.01554	0.01441	0.01034	0.00624	0.00514	0.00156	0.00513	0.00484	0.00563	0.00873
12	0.04293	0.01273	0.17030	0.01037	0.01489	0.00925	0.00993	0.06844	0.05378	0.49595	0.03106	0.01682	0.01213	0.00626	0.00510	0.00162	0.00504	0.01995	0.00523	0.00823
13	0.01244	0.01171	0.01955	0.17799	0.60971	0.01221	0.01519	0.04951	0.01198	0.01678	0.00967	0.01287	0.00791	0.00475	0.00509	0.00156	0.00622	0.00457	0.00261	0.00769
14	0.00947	0.00481	0.00492	0.00492	0.00611	0.00485	0.00370	0.01184	0.01066	0.01883	0.01662	0.01917	0.01314	0.00731	0.03611	0.00148	0.00286	0.00481	0.81361	0.00477
15	0.00738	0.00494	0.00562	0.00570	0.00572	0.00492	0.00322	0.00744	0.00762	0.01015	0.01696	0.08472	0.01965	0.76717	0.02484	0.00479	0.00484	0.00793	0.00322	0.00318
16	0.01211	0.01384	0.03028	0.02163	0.02682	0.01298	0.76903	0.01644	0.01211	0.01644	0.01038	0.01384	0.00779	0.00433	0.00606	0.00173	0.00865	0.00606	0.00260	0.00692
17	0.03178	0.30982	0.24728	0.01183	0.01691	0.04684	0.05406	0.09531	0.09291	0.03286	0.01020	0.01111	0.00791	0.00507	0.00439	0.00143	0.00624	0.00382	0.00295	0.00727
18	0.00650	0.00466	0.00617	0.00698	0.00750	0.00433	0.00478	0.00776	0.01097	0.01493	0.21317	0.62622	0.03747	0.01471	0.00643	0.00197	0.00284	0.01329	0.00498	0.00433
19	0.00633	0.00492	0.00576	0.00616	0.00725	0.00435	0.00439	0.00766	0.01144	0.01467	0.16359	0.34466	0.37293	0.01378	0.00625	0.00185	0.00272	0.01203	0.00491	0.00435
20	0.00700	0.00830	0.14001	0.00825	0.00987	0.00554	0.00708	0.00877	0.01010	0.01372	0.04183	0.59682	0.06591	0.04277	0.00693	0.00208	0.00380	0.01219	0.00428	0.00473
21	0.01254	0.01201	0.02037	0.07122	0.73417	0.01216	0.01553	0.01583	0.02606	0.01666	0.00984	0.01287	0.00820	0.00465	0.00509	0.00154	0.00610	0.00459	0.00258	0.00800
22	0.01372	0.82276	0.02689	0.00878	0.01317	0.02030	0.00878	0.01536	0.01043	0.01207	0.00713	0.00823	0.00658	0.00439	0.00329	0.00110	0.00549	0.00274	0.00219	0.00658
23	0.01179	0.01292	0.02672	0.02109	0.10451	0.01256	0.58601	0.01563	0.01192	0.01645	0.06066	0.01513	0.01040	0.00509	0.00672	0.00174	0.06509	0.00600	0.00276	0.00682
24	0.05558	0.02070	0.01365	0.01265	0.03061	0.59763	0.00941	0.03477	0.09421	0.01440	0.00976	0.01109	0.00799	0.00761	0.05657	0.00184	0.00863	0.00374	0.00299	0.00617
25	0.01106	0.01100	0.01568	0.09683	0.01577	0.01526	0.01154	0.01243	0.00811	0.01243	0.00699	0.01148	0.00675	0.00858	0.01561	0.00219	0.72591	0.00450	0.00225	0.00562
26	0.01111	0.00911	0.01069	0.00766	0.01220	0.00687	0.00614	0.01338	0.01079	0.04609	0.00954	0.01090	0.00779	0.00390	0.00385	0.00079	0.00382	0.00312	0.00317	0.81910
27	0.16271	0.00939	0.01102	0.00889	0.01247	0.00929	0.00725	0.05703	0.12912	0.48209	0.01762	0.01599	0.01177	0.00615	0.00477	0.00159	0.00424	0.00481	0.03583	0.00796
28	0.02235	0.00877	0.01183	0.00911	0.01298	0.00768	0.00751	0.04578	0.01495	0.74183	0.04749	0.01807	0.01387	0.00649	0.00519	0.00159	0.00433	0.00529	0.00629	0.00859
29	0.00645	0.00455	0.00589	0.00689	0.00714	0.00430	0.00449	0.00720	0.00943	0.01258	0.02628	0.68684	0.03141	0.14901	0.00979	0.00256	0.00331	0.01341	0.00449	0.00399
30	0.00837	0.00665	0.00732	0.00694	0.00872	0.02220	0.00544	0.08886	0.01392	0.01797	0.26454	0.04235	0.37649	0.01151	0.00605	0.00174	0.00325	0.09762	0.00502	0.00503
31	0.01917	0.02445	0.01454	0.01322	0.01586	0.79907	0.00991	0.02049	0.01454	0.01256	0.00793	0.00925	0.00661	0.00529	0.00463	0.00132	0.00925	0.00330	0.00264	0.00595
32	0.00733	0.00550	0.00825	0.00825	0.00916	0.00641	0.00641	0.00916	0.00825	0.01191	0.01374	0.02016	0.01283	0.03848	0.79934	0.00825	0.01374	0.00550	0.00275	0.00458
33	0.13881	0.00890	0.01130	0.00880	0.01266	0.00809	0.00727	0.02363	0.01386	0.68443	0.01842	0.01620	0.01171	0.00613	0.00488	0.00159	0.00431	0.00483	0.00591	0.00829
34	0.02005	0.00861	0.01132	0.00894	0.01247	0.00782	0.00729	0.05145	0.06380	0.60641	0.12588	0.02026	0.01768	0.00696	0.00529	0.00160	0.00413	0.00575	0.00613	0.00815
35	0.00736	0.00724	0.06452	0.00871	0.01026	0.00582	0.08573	0.00905	0.01048	0.01402	0.09025	0.41772	0.12387	0.10999	0.00863	0.00228	0.00405	0.01114	0.00423	0.00465
36	0.00624	0.00453	0.00589	0.00697	0.00740	0.00418	0.00469	0.00716	0.00999	0.01317	0.03035	0.74932	0.09961	0.01581	0.00651	0.00205	0.00294	0.01426	0.00476	0.00418
37	0.00636	0.00455	0.00606	0.00715	0.00753	0.00425	0.00484	0.00739	0.01017	0.01364	0.07770	0.74921	0.03479	0.01567	0.00653	0.00206	0.00298	0.03010	0.00482	0.00422
38	0.02320	0.00613	0.00729	0.05870	0.00930	0.00691	0.00554	0.03019	0.01039	0.01749	0.01461	0.01800	0.01192	0.02609	0.08624	0.00215	0.08882	0.00483	0.56719	0.00498
39	0.01236	0.01242	0.02288	0.07795	0.54720	0.01234	0.20673	0.01576	0.01170	0.01645	0.00980	0.01305	0.00796	0.00454	0.00533	0.00159	0.00679	0.00495	0.00254	0.00767
40	0.00805	0.00653	0.00950	0.00909	0.00980	0.00806	0.00715	0.00967	0.00814	0.01191	0.01256	0.01910	0.01196	0.06715	0.62180	0.00700	0.15973	0.00540	0.00267	0.00471
41	0.72014	0.01013	0.00850	0.00733	0.01064	0.01146	0.00604	0.06981	0.01037	0.09395	0.00871	0.00945	0.00644	0.00501	0.00350	0.00158	0.00412	0.00313	0.00361	0.00607
42	0.01973	0.01401	0.01517	0.01163	0.01573	0.01537	0.00961	0.72235	0.02351	0.08141	0.01283	0.01265	0.00898	0.00617	0.00513	0.00154	0.00556	0.00465	0.00521	0.00873
43	0.00855	0.00616	0.01949	0.00685	0.00820	0.00569	0.00503	0.01120	0.08074	0.06710	0.27291	0.14973	0.15071	0.17286	0.00999	0.00238	0.00340	0.00927	0.00482	0.00491
44	0.00858	0.00577	0.00709	0.00664	0.00803	0.00538	0.00490	0.04322	0.01336	0.06868	0.44016	0.10486	0.15484	0.09588	0.00811	0.00202	0.00303	0.00932	0.00519	0.00495

[dist]
# distance from previous block
# <min> <max>
3	36

[block]
# block no. 8 follows, 48 sequences, length 7
# corresponding to MSA columns:
# 1247-1253
name=unknown_I
#
# <colnr> <probs for GDERKNQSTAVLIFYWHMCP>
#	G	D	E	R	K	N	Q	S	T	A	V	L	I	F	Y	W	H	M	C	P
0	0.08299	0.01969	0.01403	0.04699	0.01611	0.48923	0.00962	0.17816	0.06416	0.01812	0.00966	0.01065	0.00756	0.00553	0.00468	0.00143	0.00765	0.00375	0.00336	0.00663
1	0.14078	0.00896	0.01092	0.00965	0.05189	0.00881	0.00726	0.08726	0.05012	0.37202	0.14341	0.01964	0.01736	0.04191	0.00592	0.00174	0.00420	0.00554	0.00527	0.00732
2	0.31446	0.05540	0.05219	0.00948	0.01269	0.07377	0.00804	0.19217	0.03701	0.05400	0.01191	0.10334	0.01041	0.00672	0.00491	0.00162	0.03660	0.00492	0.00383	0.00654
3	0.03492	0.13532	0.33078	0.01135	0.01653	0.04262	0.01228	0.01799	0.06902	0.15531	0.01196	0.01274	0.00878	0.00737	0.05665	0.00192	0.00657	0.00406	0.00329	0.06055
4	0.55115	0.07060	0.05944	0.08915	0.01390	0.01199	0.00779	0.05014	0.01031	0.06125	0.02856	0.01046	0.00745	0.00508	0.00376	0.00156	0.00466	0.00340	0.00327	0.00607
5	0.07528	0.01020	0.01195	0.00954	0.01328	0.01017	0.00775	0.13380	0.18901	0.38862	0.01742	0.01591	0.01189	0.00614	0.00492	0.00155	0.00441	0.00489	0.00543	0.07786
6	0.01283	0.00887	0.01038	0.00904	0.01128	0.00964	0.00714	0.26766	0.06550	0.06123	0.04192	0.06138	0.01492	0.06333	0.21092	0.00351	0.00689	0.03327	0.09392	0.00635

[dist]
# distance from previous block
# <min> <max>
0	1

[block]
# block no. 9 follows, 48 sequences, length 57
# corresponding to MSA columns:
# 1255-1283,1296-1305,1318-1335
name=unknown_J
#
# <colnr> <probs for GDERKNQSTAVLIFYWHMCP>
#	G	D	E	R	K	N	Q	S	T	A	V	L	I	F	Y	W	H	M	C	P
