[name]
unknown

[dist]
# distance from previous block
# <min> <max>
0	49

[block]
# block no. 0 follows, 43 sequences, length 15
# corresponding to MSA columns:
# 77-91
name=unknown_A
#
# <colnr> <probs for GDERKNQSTAVLIFYWHMCP>
#	G	D	E	R	K	N	Q	S	T	A	V	L	I	F	Y	W	H	M	C	P
0	0.01257	0.01101	0.01328	0.02558	0.01463	0.09496	0.08830	0.05214	0.13891	0.05496	0.01917	0.14445	0.01819	0.02674	0.11393	0.00291	0.00704	0.09667	0.00432	0.06024
1	0.01155	0.01204	0.12270	0.21928	0.03793	0.01037	0.01124	0.07262	0.02719	0.04243	0.11665	0.03169	0.01597	0.08084	0.00806	0.00201	0.03805	0.00580	0.01821	0.11536
2	0.01193	0.01223	0.01648	0.68008	0.03512	0.12327	0.01471	0.01530	0.01174	0.01406	0.00966	0.01408	0.00735	0.00556	0.00546	0.00179	0.00776	0.00473	0.00252	0.00619
3	0.06131	0.12388	0.12654	0.14427	0.01962	0.01433	0.03230	0.09944	0.01252	0.04247	0.01041	0.01305	0.00827	0.00697	0.02132	0.00187	0.16005	0.00446	0.06072	0.03620
4	0.01189	0.00901	0.00930	0.00894	0.01030	0.11800	0.00649	0.01317	0.01100	0.11809	0.01866	0.18101	0.01886	0.19398	0.24095	0.00471	0.00831	0.00800	0.00401	0.00534
5	0.08920	0.01266	0.12256	0.01068	0.01541	0.00981	0.00986	0.05352	0.05227	0.53766	0.01868	0.01689	0.01211	0.00651	0.00535	0.00173	0.00522	0.00516	0.00581	0.00893
6	0.01690	0.01120	0.01262	0.01087	0.01433	0.01218	0.00859	0.02874	0.55056	0.23526	0.02235	0.02015	0.01600	0.00733	0.00562	0.00183	0.00448	0.00607	0.00598	0.00895
7	0.01410	0.01312	0.01892	0.02516	0.48439	0.03971	0.01375	0.06297	0.12188	0.01968	0.01221	0.01425	0.00985	0.00532	0.00530	0.00156	0.00601	0.00485	0.00341	0.12356
8	0.01106	0.00768	0.01276	0.01103	0.01314	0.00808	0.10994	0.01344	0.01048	0.12320	0.01534	0.02040	0.01307	0.03145	0.56401	0.00689	0.01262	0.00596	0.00350	0.00594
9	0.01506	0.01218	0.01406	0.11966	0.04759	0.03732	0.00984	0.24638	0.16282	0.04524	0.06694	0.01843	0.04727	0.00685	0.00544	0.00162	0.00538	0.00559	0.00467	0.12768
10	0.49788	0.01017	0.01013	0.00837	0.01216	0.01061	0.00690	0.02081	0.01214	0.34192	0.01369	0.01316	0.00926	0.00587	0.00433	0.00171	0.00447	0.00409	0.00488	0.00745
11	0.01284	0.01144	0.01715	0.37441	0.18790	0.01266	0.01364	0.11677	0.01342	0.01839	0.01033	0.01375	0.00808	0.00554	0.00588	0.00166	0.04131	0.00469	0.00306	0.12709
12	0.12300	0.00630	0.00681	0.00655	0.00831	0.00599	0.00496	0.01022	0.01347	0.01957	0.36975	0.07480	0.30733	0.01172	0.00613	0.00181	0.00294	0.00991	0.00534	0.00510
13	0.01129	0.00790	0.00923	0.00833	0.01060	0.00797	0.00643	0.01746	0.23305	0.10620	0.35190	0.03469	0.15223	0.01014	0.00616	0.00180	0.00340	0.00868	0.00589	0.00665
14	0.03418	0.01127	0.01643	0.09821	0.09116	0.01168	0.11653	0.19897	0.04361	0.10719	0.07386	0.12636	0.02954	0.00806	0.00594	0.00182	0.00577	0.00725	0.00463	0.00754

[dist]
# distance from previous block
# <min> <max>
25	34

[block]
# block no. 1 follows, 43 sequences, length 14
# corresponding to MSA columns:
# 144-157
name=unknown_B
#
# <colnr> <probs for GDERKNQSTAVLIFYWHMCP>
#	G	D	E	R	K	N	Q	S	T	A	V	L	I	F	Y	W	H	M	C	P
0	0.01056	0.01272	0.13272	0.67346	0.03598	0.01239	0.01616	0.01467	0.01117	0.01467	0.00986	0.01430	0.00733	0.00550	0.00550	0.00183	0.00751	0.00480	0.00244	0.00646
1	0.01274	0.00982	0.01597	0.58030	0.06532	0.01161	0.01387	0.01603	0.01170	0.13043	0.01185	0.01557	0.00869	0.00743	0.04038	0.00215	0.03120	0.00506	0.00317	0.00671
2	0.01343	0.33604	0.07262	0.01593	0.13119	0.01799	0.04505	0.01568	0.01065	0.01440	0.00827	0.01115	0.00747	0.00645	0.00896	0.00173	0.26931	0.00412	0.00246	0.00710
3	0.00694	0.00521	0.00650	0.00727	0.00812	0.00468	0.00501	0.00814	0.01132	0.01490	0.07689	0.58193	0.18108	0.01587	0.00683	0.00209	0.00313	0.01417	0.00513	0.03477
4	0.00674	0.00562	0.00588	0.00581	0.00760	0.00476	0.00436	0.00832	0.01307	0.01603	0.16123	0.05154	0.66277	0.01363	0.00654	0.00185	0.00278	0.01144	0.00528	0.00476
5	0.01243	0.00582	0.00638	0.00592	0.00761	0.00563	0.00450	0.01482	0.01209	0.13535	0.01861	0.02113	0.01441	0.04530	0.00531	0.00155	0.00304	0.00536	0.66900	0.00573
6	0.01544	0.01222	0.01922	0.22748	0.32552	0.01291	0.04879	0.12996	0.01471	0.12122	0.01228	0.01467	0.00915	0.00560	0.00557	0.00172	0.00660	0.00510	0.00365	0.00820
7	0.01470	0.00743	0.00957	0.00809	0.01073	0.00667	0.00639	0.04024	0.01566	0.31440	0.35595	0.03335	0.13406	0.00981	0.00613	0.00175	0.00357	0.00835	0.00624	0.00692
8	0.01430	0.00964	0.01075	0.00951	0.01225	0.01033	0.00741	0.08323	0.34395	0.13243	0.07478	0.08215	0.04216	0.00840	0.00555	0.00177	0.00404	0.00704	0.13265	0.00767
9	0.03805	0.04155	0.01974	0.16188	0.07511	0.29192	0.15314	0.01869	0.04811	0.01550	0.00993	0.01271	0.00797	0.00581	0.00652	0.00171	0.07729	0.00469	0.00286	0.00682
10	0.00678	0.00548	0.00603	0.00619	0.00770	0.00473	0.00453	0.00829	0.01273	0.01592	0.16033	0.18351	0.53002	0.01420	0.00664	0.00192	0.00285	0.01215	0.00529	0.00473
11	0.00672	0.00493	0.00631	0.00742	0.00796	0.00452	0.00501	0.00774	0.01089	0.01425	0.03413	0.69628	0.13977	0.01688	0.00700	0.00220	0.00316	0.01517	0.00514	0.00452
12	0.01202	0.01114	0.01838	0.12040	0.11413	0.01160	0.20015	0.08603	0.10143	0.01861	0.01800	0.19341	0.03723	0.00856	0.00642	0.00192	0.02151	0.00813	0.00393	0.00702
13	0.07505	0.01374	0.03724	0.18912	0.07748	0.04882	0.03341	0.31431	0.01716	0.02366	0.01177	0.03702	0.00943	0.02831	0.00687	0.00187	0.05800	0.00518	0.00393	0.00764

[dist]
# distance from previous block
# <min> <max>
2	21

[block]
# block no. 2 follows, 43 sequences, length 14
# corresponding to MSA columns:
# 179-192
name=unknown_C
#
# <colnr> <probs for GDERKNQSTAVLIFYWHMCP>
#	G	D	E	R	K	N	Q	S	T	A	V	L	I	F	Y	W	H	M	C	P
0	0.01306	0.00934	0.01141	0.03514	0.01331	0.00791	0.00699	0.07127	0.01222	0.08568	0.01115	0.01337	0.00902	0.00733	0.00756	0.15244	0.00455	0.00395	0.00359	0.52070
1	0.07359	0.00670	0.00748	0.00734	0.00841	0.00682	0.00491	0.01141	0.09079	0.01457	0.01968	0.20957	0.02150	0.39098	0.04004	0.00375	0.00487	0.00886	0.00401	0.06472
2	0.01176	0.00825	0.00966	0.00896	0.01076	0.00842	0.00661	0.21949	0.01529	0.04812	0.07017	0.39019	0.04469	0.09208	0.00858	0.00230	0.00427	0.01083	0.00516	0.02441
3	0.01501	0.51267	0.16090	0.04894	0.01744	0.01875	0.01179	0.09485	0.01308	0.04777	0.00938	0.01055	0.00762	0.00516	0.00425	0.00139	0.00637	0.00358	0.00289	0.00760
4	0.00750	0.00565	0.00703	0.00793	0.00868	0.00552	0.00546	0.01009	0.09224	0.01518	0.03165	0.65877	0.09135	0.01602	0.00687	0.00218	0.00331	0.01440	0.00519	0.00498
5	0.01929	0.04314	0.12145	0.01339	0.01829	0.01504	0.06486	0.43629	0.02052	0.15056	0.01373	0.01392	0.00958	0.00637	0.00584	0.00170	0.02716	0.00500	0.00493	0.00894
6	0.01444	0.47179	0.14578	0.09643	0.01925	0.05026	0.03779	0.07742	0.01277	0.01586	0.00891	0.01059	0.00736	0.00510	0.00437	0.00142	0.00674	0.00367	0.00267	0.00735
7	0.00987	0.00640	0.00929	0.04110	0.01104	0.00708	0.00696	0.01169	0.00964	0.09538	0.01572	0.02298	0.01436	0.13267	0.57138	0.00738	0.01223	0.00612	0.00342	0.00528
8	0.00714	0.00498	0.00631	0.00721	0.00744	0.00476	0.00461	0.00781	0.00984	0.01313	0.02663	0.57382	0.03172	0.25198	0.01336	0.00318	0.00386	0.01345	0.00461	0.00416
9	0.04794	0.05998	0.06162	0.11287	0.03784	0.01469	0.17514	0.25909	0.01625	0.02238	0.01239	0.07009	0.01032	0.00679	0.00662	0.00181	0.06696	0.00584	0.00378	0.00762
10	0.01762	0.06542	0.09884	0.01247	0.01698	0.01609	0.01107	0.43195	0.22146	0.02849	0.01507	0.01483	0.01103	0.00661	0.00541	0.00170	0.00585	0.00511	0.00502	0.00896
11	0.00730	0.00557	0.00769	0.05702	0.01030	0.00573	0.00619	0.00845	0.01051	0.01409	0.02785	0.70568	0.03306	0.01616	0.00763	0.00223	0.05062	0.01442	0.00481	0.00469
12	0.09043	0.01522	0.01475	0.14090	0.01940	0.15187	0.01050	0.27089	0.16555	0.02397	0.01312	0.01398	0.00982	0.00626	0.00523	0.00167	0.00645	0.00475	0.00432	0.03090
13	0.00842	0.00658	0.00799	0.00772	0.00948	0.00591	0.00559	0.01106	0.06590	0.01704	0.16046	0.37069	0.09360	0.02784	0.00663	0.00187	0.00338	0.01102	0.00494	0.17390

[dist]
# distance from previous block
# <min> <max>
0	2

[block]
# block no. 3 follows, 43 sequences, length 14
# corresponding to MSA columns:
# 195-208
name=unknown_D
#
# <colnr> <probs for GDERKNQSTAVLIFYWHMCP>
#	G	D	E	R	K	N	Q	S	T	A	V	L	I	F	Y	W	H	M	C	P
0	0.01511	0.01295	0.01613	0.01513	0.10690	0.01422	0.06419	0.17943	0.40465	0.02415	0.01728	0.01718	0.01305	0.00671	0.00592	0.00177	0.02639	0.00567	0.00486	0.04830
1	0.00699	0.00512	0.00666	0.00764	0.00828	0.00466	0.00517	0.00805	0.01075	0.01438	0.03063	0.72468	0.06953	0.01649	0.00689	0.00216	0.00324	0.01489	0.00504	0.04874
2	0.01429	0.01215	0.01281	0.01138	0.01460	0.01402	0.00889	0.08087	0.70853	0.02400	0.02188	0.02014	0.01637	0.00745	0.00563	0.00186	0.00450	0.00617	0.00563	0.00881
3	0.01413	0.01065	0.01225	0.00932	0.01380	0.00945	0.00747	0.07900	0.15201	0.10153	0.01377	0.01412	0.01051	0.00524	0.00466	0.00118	0.00438	0.00422	0.00429	0.52802
4	0.01669	0.12709	0.01482	0.01017	0.01340	0.01292	0.00823	0.29936	0.04333	0.14192	0.01735	0.14005	0.01557	0.10410	0.00822	0.00215	0.00525	0.00688	0.00496	0.00756
5	0.01058	0.02578	0.68410	0.01482	0.02205	0.01186	0.01862	0.01636	0.01156	0.01713	0.01241	0.10664	0.01057	0.00671	0.00548	0.00181	0.00759	0.00549	0.00268	0.00774
6	0.02022	0.00876	0.01160	0.00931	0.01284	0.00790	0.00753	0.02345	0.07011	0.55085	0.18949	0.02404	0.02260	0.00791	0.00579	0.00173	0.00422	0.00662	0.00660	0.00843
7	0.01887	0.01378	0.01505	0.01185	0.01570	0.01527	0.00972	0.62149	0.02317	0.03145	0.01375	0.01473	0.01022	0.01083	0.09893	0.00251	0.00695	0.00511	0.05199	0.00864
8	0.01068	0.02592	0.68758	0.01476	0.02202	0.01194	0.01859	0.01642	0.01142	0.01695	0.01158	0.05996	0.00951	0.05102	0.00666	0.00199	0.00773	0.00501	0.00256	0.00769
9	0.00696	0.00563	0.00619	0.00605	0.00774	0.00485	0.00454	0.00875	0.01361	0.01729	0.28489	0.04947	0.53833	0.01316	0.00654	0.00183	0.00274	0.01115	0.00545	0.00485
10	0.00689	0.00499	0.00653	0.00762	0.00814	0.00463	0.00523	0.00805	0.01115	0.01482	0.08135	0.67444	0.08559	0.01665	0.00702	0.00220	0.00322	0.04171	0.00520	0.00458
11	0.01371	0.01316	0.02248	0.03399	0.77081	0.01316	0.01700	0.01700	0.01261	0.01809	0.01042	0.01371	0.00877	0.00493	0.00548	0.00164	0.00658	0.00493	0.00274	0.00877
12	0.07967	0.01347	0.01454	0.10515	0.01804	0.06583	0.00997	0.36368	0.04872	0.16463	0.01431	0.01460	0.01008	0.00640	0.00528	0.00167	0.00589	0.00490	0.04482	0.00835
13	0.00785	0.00787	0.06570	0.00998	0.01167	0.00629	0.09579	0.00976	0.01135	0.01521	0.05865	0.55874	0.09042	0.01443	0.00681	0.00212	0.00425	0.01323	0.00469	0.00517

[dist]
# distance from previous block
# <min> <max>
1	2

[block]
# block no. 4 follows, 43 sequences, length 13
# corresponding to MSA columns:
# 211-223
name=unknown_E
#
# <colnr> <probs for GDERKNQSTAVLIFYWHMCP>
#	G	D	E	R	K	N	Q	S	T	A	V	L	I	F	Y	W	H	M	C	P
0	0.01637	0.19427	0.01677	0.03272	0.01462	0.08227	0.00902	0.28283	0.05601	0.02315	0.01278	0.01392	0.00995	0.00621	0.00513	0.00150	0.03275	0.00450	0.17774	0.00750
1	0.01326	0.01009	0.01183	0.00868	0.01342	0.00812	0.00697	0.03736	0.05702	0.09603	0.01192	0.01283	0.00932	0.00466	0.00438	0.00100	0.00424	0.00374	0.00385	0.68128
2	0.04211	0.10254	0.07934	0.15335	0.06341	0.03254	0.01174	0.20199	0.05421	0.07200	0.01308	0.06462	0.01070	0.00683	0.00601	0.00172	0.05096	0.00534	0.00392	0.02358
3	0.00767	0.00603	0.00900	0.07547	0.05098	0.00594	0.03075	0.00916	0.01101	0.01475	0.05389	0.64149	0.03238	0.01508	0.00682	0.00215	0.00392	0.01377	0.00475	0.00498
4	0.05926	0.00943	0.01214	0.00946	0.01344	0.00856	0.00778	0.06640	0.01575	0.62885	0.02039	0.01827	0.01317	0.00673	0.00531	0.00167	0.00457	0.00539	0.08455	0.00887
5	0.00703	0.00510	0.00650	0.00726	0.00786	0.00478	0.00492	0.00818	0.01113	0.01482	0.12105	0.52216	0.11778	0.09720	0.03485	0.00268	0.00370	0.01349	0.00500	0.00451
6	0.13243	0.06027	0.21062	0.09532	0.12009	0.03906	0.08742	0.09833	0.01356	0.07647	0.01089	0.01271	0.00805	0.00543	0.00514	0.00170	0.00690	0.00451	0.00331	0.00779
7	0.00793	0.00532	0.00608	0.00620	0.00623	0.00529	0.00352	0.00802	0.00829	0.01106	0.01868	0.10818	0.02168	0.73131	0.02620	0.00508	0.00517	0.00878	0.00352	0.00346
8	0.00805	0.00537	0.00604	0.00604	0.00604	0.00537	0.00336	0.00805	0.00805	0.01074	0.01745	0.03624	0.02013	0.80536	0.02819	0.00537	0.00537	0.00805	0.00336	0.00336
9	0.01135	0.01258	0.08117	0.44484	0.09491	0.01346	0.08301	0.01485	0.01095	0.01494	0.00954	0.01394	0.00755	0.00617	0.00799	0.00193	0.15669	0.00499	0.00250	0.00665
10	0.00876	0.00586	0.00690	0.02755	0.00758	0.00599	0.00420	0.04082	0.00898	0.01196	0.01705	0.06995	0.01925	0.64626	0.02503	0.07351	0.00531	0.00794	0.00344	0.00367
11	0.01397	0.00671	0.00803	0.00716	0.00927	0.00634	0.00554	0.04290	0.01368	0.22285	0.11111	0.09581	0.02062	0.00818	0.00501	0.00156	0.00334	0.00685	0.40465	0.00641
12	0.01628	0.01120	0.01372	0.01158	0.07647	0.01002	0.00855	0.16873	0.01544	0.17123	0.01298	0.01350	0.00959	0.00524	0.00480	0.00124	0.00484	0.00422	0.00441	0.43597

[dist]
# distance from previous block
# <min> <max>
1	3

[block]
# block no. 5 follows, 43 sequences, length 22
# corresponding to MSA columns:
# 227-248
name=unknown_F
#
# <colnr> <probs for GDERKNQSTAVLIFYWHMCP>
#	G	D	E	R	K	N	Q	S	T	A	V	L	I	F	Y	W	H	M	C	P
0	0.01150	0.00875	0.01154	0.00976	0.01214	0.00877	0.09174	0.18211	0.01537	0.02126	0.10055	0.16764	0.14614	0.04095	0.00680	0.00192	0.00443	0.00888	0.14361	0.00615
1	0.01331	0.01025	0.01199	0.00869	0.01352	0.00820	0.00700	0.07198	0.01296	0.08065	0.01108	0.01222	0.00874	0.00452	0.00433	0.00096	0.00430	0.00360	0.00375	0.70796
2	0.34331	0.05819	0.01446	0.01442	0.14819	0.21039	0.00973	0.06901	0.01298	0.03723	0.00931	0.01095	0.00746	0.00636	0.02556	0.00179	0.00666	0.00376	0.00331	0.00694
3	0.00974	0.00681	0.00792	0.00737	0.00819	0.00712	0.00492	0.10692	0.01116	0.01514	0.07736	0.03175	0.02051	0.53652	0.12120	0.00504	0.00647	0.00753	0.00382	0.00451
4	0.01142	0.01127	0.01965	0.48896	0.11254	0.01330	0.12289	0.01487	0.01117	0.01499	0.00975	0.01431	0.00767	0.00593	0.00744	0.00191	0.11765	0.00515	0.00254	0.00661
5	0.01311	0.01338	0.01685	0.01446	0.01484	0.07890	0.01195	0.03856	0.00965	0.01406	0.00757	0.01198	0.00733	0.00927	0.01669	0.00232	0.70557	0.00475	0.00256	0.00620
6	0.01451	0.64807	0.14582	0.01070	0.01589	0.05755	0.01126	0.01700	0.01154	0.01376	0.00809	0.00938	0.00709	0.00487	0.00389	0.00129	0.00648	0.00317	0.00239	0.00724
7	0.01605	0.01008	0.01155	0.00928	0.01284	0.00988	0.00744	0.16020	0.13070	0.18173	0.06298	0.01824	0.01469	0.00655	0.00503	0.00147	0.00430	0.00529	0.15162	0.18007
8	0.00999	0.00584	0.00682	0.00648	0.00697	0.00569	0.00391	0.01023	0.00895	0.09863	0.01796	0.03424	0.01940	0.71349	0.02559	0.00495	0.00529	0.00777	0.00376	0.00405
9	0.01332	0.01082	0.01178	0.01054	0.01329	0.01210	0.00816	0.13899	0.45936	0.02372	0.10789	0.12518	0.02239	0.00912	0.00591	0.00188	0.00430	0.00775	0.00561	0.00790
10	0.00814	0.00608	0.00887	0.00879	0.00970	0.00710	0.00678	0.01000	0.00893	0.01302	0.01485	0.02226	0.01401	0.08421	0.68725	0.00822	0.03923	0.00600	0.03169	0.00490
11	0.01990	0.02329	0.01527	0.01366	0.01669	0.60830	0.01037	0.07476	0.11481	0.03515	0.01107	0.01185	0.00875	0.00604	0.00513	0.00151	0.00884	0.00407	0.00351	0.00702
12	0.01046	0.00984	0.01661	0.79205	0.03814	0.01230	0.01538	0.01415	0.01107	0.01415	0.00984	0.01477	0.00738	0.00554	0.00554	0.00185	0.00738	0.00492	0.00246	0.00615
13	0.00698	0.00552	0.00635	0.00690	0.00826	0.00489	0.00520	0.00844	0.01209	0.01499	0.04492	0.25852	0.45332	0.01513	0.00686	0.00208	0.00328	0.12642	0.00514	0.00469
14	0.00715	0.00525	0.00654	0.00725	0.00802	0.00486	0.00509	0.00841	0.01148	0.01507	0.11879	0.43085	0.17639	0.09849	0.00917	0.00247	0.00344	0.07166	0.00506	0.00454
15	0.01050	0.00700	0.00870	0.00884	0.01029	0.00702	0.00660	0.07154	0.08866	0.08138	0.06542	0.45224	0.03030	0.01383	0.00664	0.00211	0.00386	0.09513	0.02406	0.00586
16	0.00714	0.00592	0.00631	0.00641	0.00813	0.00528	0.00480	0.00943	0.05717	0.01571	0.07945	0.14086	0.58100	0.01397	0.00659	0.00193	0.00302	0.03673	0.00521	0.00494
17	0.00901	0.00548	0.00737	0.00816	0.00901	0.00507	0.00579	0.01023	0.01138	0.10184	0.02943	0.65177	0.03361	0.01598	0.00694	0.00221	0.00354	0.07273	0.00533	0.00511
18	0.11487	0.01308	0.01415	0.01114	0.01490	0.01427	0.00905	0.47792	0.02057	0.13361	0.01407	0.01568	0.01056	0.08089	0.00775	0.00204	0.02678	0.00512	0.00519	0.00837
19	0.02907	0.01210	0.01881	0.24924	0.35474	0.04216	0.03426	0.02744	0.01261	0.10391	0.01182	0.03088	0.00935	0.00581	0.00595	0.00175	0.03394	0.00518	0.00323	0.00773
20	0.02069	0.01580	0.01588	0.01246	0.01668	0.09426	0.01015	0.56415	0.05778	0.09024	0.01381	0.01368	0.00983	0.00653	0.00545	0.00163	0.00624	0.00489	0.00530	0.03454
21	0.04558	0.01515	0.07671	0.19456	0.03620	0.11512	0.01184	0.21489	0.09986	0.08087	0.01376	0.04720	0.01063	0.00663	0.00545	0.00174	0.00660	0.00528	0.00417	0.00775

[dist]
# distance from previous block
# <min> <max>
1	7

[block]
# block no. 6 follows, 43 sequences, length 30
# corresponding to MSA columns:
# 256-285
name=unknown_G
#
# <colnr> <probs for GDERKNQSTAVLIFYWHMCP>
#	G	D	E	R	K	N	Q	S	T	A	V	L	I	F	Y	W	H	M	C	P
0	0.02905	0.01785	0.00805	0.03789	0.00954	0.00633	0.00532	0.00974	0.01000	0.01402	0.06233	0.14734	0.07810	0.31066	0.11162	0.00395	0.00576	0.00836	0.00381	0.12029
1	0.05022	0.47042	0.17653	0.01097	0.01608	0.05624	0.01144	0.03246	0.01205	0.07329	0.00966	0.01085	0.00785	0.00648	0.03322	0.00167	0.00676	0.00357	0.00286	0.00739
2	0.01285	0.03987	0.11377	0.06956	0.04734	0.03869	0.09225	0.03060	0.06447	0.11239	0.03591	0.15793	0.03108	0.00863	0.00580	0.00183	0.00567	0.04409	0.08040	0.00688
3	0.01170	0.00656	0.00856	0.00764	0.00969	0.00590	0.00596	0.01409	0.01531	0.19573	0.49860	0.03812	0.10950	0.01070	0.00636	0.00178	0.00322	0.03831	0.00614	0.00614
4	0.04002	0.01150	0.04700	0.49940	0.03078	0.04286	0.10607	0.02985	0.01188	0.01572	0.02669	0.07606	0.01109	0.00665	0.00574	0.00186	0.00717	0.02043	0.00294	0.00630
5	0.03448	0.04996	0.16336	0.15076	0.02065	0.01262	0.02934	0.17905	0.05831	0.14385	0.04363	0.04287	0.01214	0.00696	0.00587	0.02243	0.00617	0.00544	0.00427	0.00783
6	0.00741	0.00547	0.00634	0.00666	0.00800	0.00479	0.00478	0.00879	0.01227	0.04359	0.10729	0.32527	0.40997	0.01474	0.00670	0.00199	0.00301	0.01280	0.00529	0.00484
7	0.00758	0.00559	0.00739	0.03445	0.00931	0.00527	0.00562	0.00969	0.01379	0.01899	0.46208	0.25498	0.09222	0.01313	0.00669	0.00193	0.00305	0.03762	0.00560	0.00501
8	0.01776	0.36516	0.06328	0.02659	0.01617	0.04532	0.01044	0.22719	0.01616	0.12094	0.01136	0.01188	0.00865	0.00580	0.00503	0.00148	0.03079	0.00407	0.00389	0.00806
9	0.01220	0.14982	0.45110	0.01511	0.02145	0.01438	0.11111	0.04881	0.01222	0.01722	0.01090	0.05524	0.00896	0.00602	0.00584	0.00173	0.04257	0.00494	0.00270	0.00768
10	0.00892	0.00637	0.00892	0.01020	0.01147	0.00637	0.00892	0.01147	0.01275	0.01657	0.02932	0.06247	0.03187	0.01530	0.00765	0.00255	0.00510	0.73354	0.00510	0.00510
11	0.01130	0.10403	0.59947	0.01443	0.02127	0.01346	0.01774	0.01667	0.01174	0.01717	0.06487	0.01360	0.01034	0.00592	0.00597	0.00174	0.05544	0.00446	0.00262	0.00773
12	0.01307	0.01058	0.01750	0.45728	0.24109	0.01180	0.01463	0.01638	0.01209	0.11063	0.01211	0.03775	0.00941	0.00587	0.00557	0.00178	0.00670	0.00532	0.00317	0.00725
13	0.01558	0.16356	0.16044	0.02910	0.04327	0.02870	0.01198	0.28437	0.04043	0.02286	0.01225	0.04452	0.00990	0.00658	0.00588	0.00165	0.05603	0.00489	0.05006	0.00795
14	0.60575	0.04159	0.01106	0.02390	0.01296	0.11891	0.02953	0.01747	0.01085	0.05559	0.00906	0.01099	0.00719	0.00549	0.00397	0.00168	0.00538	0.01889	0.00346	0.00628
15	0.00922	0.00639	0.00758	0.00714	0.00880	0.00612	0.00542	0.04157	0.05389	0.04253	0.40351	0.07774	0.16982	0.01106	0.00613	0.00175	0.00301	0.02284	0.10992	0.00556
16	0.01281	0.01354	0.11236	0.37753	0.11168	0.03168	0.02758	0.05362	0.01232	0.06155	0.01058	0.01389	0.00802	0.00585	0.00654	0.00178	0.07678	0.00476	0.00295	0.05420
17	0.73989	0.01060	0.00920	0.10570	0.01415	0.01241	0.00717	0.01601	0.00963	0.02351	0.00798	0.00972	0.00617	0.00519	0.00369	0.00173	0.00467	0.00324	0.00331	0.00602
18	0.01981	0.02170	0.01533	0.01342	0.01665	0.50050	0.01032	0.16505	0.13002	0.03683	0.01190	0.01244	0.00920	0.00619	0.00521	0.00155	0.00826	0.00430	0.00389	0.00743
19	0.00667	0.00552	0.00585	0.00598	0.00761	0.00470	0.00440	0.00811	0.01260	0.01541	0.10734	0.14625	0.62199	0.01424	0.00661	0.00191	0.00284	0.01207	0.00522	0.00470
20	0.02153	0.01475	0.01615	0.01238	0.01679	0.01604	0.01023	0.66138	0.02476	0.12767	0.01437	0.01399	0.00996	0.00667	0.00554	0.00167	0.00592	0.00506	0.00571	0.00942
21	0.01283	0.01088	0.01149	0.01044	0.01314	0.01244	0.00795	0.02608	0.64302	0.02135	0.02295	0.02364	0.04081	0.10777	0.00849	0.00232	0.00446	0.00666	0.00533	0.00796
22	0.00773	0.00569	0.00742	0.00708	0.00840	0.00539	0.00534	0.01014	0.01454	0.02035	0.60630	0.04004	0.11502	0.01537	0.10396	0.00265	0.00416	0.00966	0.00561	0.00514
23	0.02069	0.02640	0.01569	0.01427	0.01712	0.78313	0.01070	0.02212	0.01569	0.01355	0.00856	0.00999	0.00713	0.00571	0.00499	0.00143	0.00999	0.00357	0.00285	0.00642
24	0.00889	0.00589	0.00673	0.00668	0.00846	0.00506	0.00494	0.01028	0.01252	0.11002	0.04531	0.23907	0.48801	0.01397	0.00656	0.00195	0.00315	0.01195	0.00536	0.00523
25	0.00675	0.00482	0.00643	0.00771	0.00803	0.00450	0.00514	0.00771	0.01060	0.01414	0.03053	0.80175	0.03663	0.01735	0.00707	0.00225	0.00321	0.01574	0.00514	0.00450
26	0.00699	0.00563	0.00622	0.00607	0.00775	0.00486	0.00456	0.00880	0.01367	0.01744	0.29962	0.04922	0.52351	0.01310	0.00654	0.00183	0.00274	0.01112	0.00547	0.00486
27	0.71496	0.01303	0.10495	0.00915	0.03525	0.01250	0.00814	0.01646	0.00981	0.02373	0.00807	0.00948	0.00621	0.00515	0.00372	0.00172	0.00484	0.00319	0.00327	0.00636
28	0.00852	0.00594	0.00691	0.00690	0.00801	0.00562	0.00490	0.01013	0.03505	0.04523	0.11505	0.07127	0.23685	0.31174	0.01478	0.00326	0.00417	0.09638	0.00466	0.00461
29	0.10499	0.00595	0.00646	0.00650	0.00700	0.00614	0.00404	0.00909	0.00871	0.01311	0.03488	0.12128	0.02092	0.57663	0.04859	0.00462	0.00526	0.00833	0.00362	0.00389

[dist]
# distance from previous block
# <min> <max>
1	12

[block]
# block no. 7 follows, 43 sequences, length 323
# corresponding to MSA columns:
# 298-510,513-521,530-558,560-631
name=unknown_H
#
# <colnr> <probs for GDERKNQSTAVLIFYWHMCP>
#	G	D	E	R	K	N	Q	S	T	A	V	L	I	F	Y	W	H	M	C	P
0	0.09096	0.35443	0.39059	0.01234	0.01863	0.01662	0.01449	0.01702	0.01130	0.01633	0.00879	0.01026	0.00696	0.00503	0.00437	0.00151	0.00687	0.00351	0.00245	0.00753
1	0.00956	0.00566	0.00755	0.00785	0.00895	0.00517	0.00559	0.01105	0.01245	0.12392	0.18966	0.52517	0.03677	0.01455	0.00674	0.00206	0.00330	0.01305	0.00559	0.00536
2	0.12335	0.13013	0.28730	0.01291	0.03023	0.01288	0.07287	0.01699	0.07891	0.03220	0.01407	0.12532	0.01271	0.00725	0.00522	0.00177	0.00624	0.01911	0.00336	0.00719
3	0.01088	0.00990	0.01529	0.42040	0.08662	0.01202	0.01306	0.01482	0.07616	0.01523	0.01350	0.06314	0.01216	0.00812	0.00801	0.02292	0.11847	0.06986	0.00314	0.00630
4	0.01115	0.00655	0.00668	0.00638	0.00806	0.00691	0.00486	0.03157	0.14149	0.02139	0.01874	0.02049	0.01456	0.00664	0.00421	0.00140	0.00297	0.00535	0.67473	0.00588
5	0.00755	0.00557	0.00725	0.00825	0.02129	0.00534	0.00574	0.00950	0.04140	0.01579	0.13002	0.50928	0.07503	0.05007	0.00787	0.00230	0.00349	0.08423	0.00517	0.00486
6	0.27294	0.16394	0.23228	0.11251	0.01902	0.01406	0.01223	0.03043	0.01132	0.05813	0.00982	0.01198	0.00757	0.00544	0.00447	0.00166	0.00617	0.01593	0.00304	0.00707
7	0.00780	0.00586	0.00735	0.00827	0.00902	0.00586	0.00574	0.01088	0.11721	0.01548	0.02936	0.67406	0.03372	0.01591	0.00688	0.00220	0.00342	0.03065	0.00521	0.00512
8	0.06906	0.00662	0.00799	0.00722	0.00927	0.00609	0.00556	0.01309	0.01453	0.14823	0.42593	0.05587	0.18769	0.01083	0.00617	0.00177	0.00314	0.00925	0.00582	0.00586
9	0.01342	0.01395	0.06697	0.06658	0.60829	0.01311	0.06757	0.03348	0.01282	0.01820	0.01088	0.01474	0.00908	0.00522	0.00559	0.00170	0.00686	0.02026	0.00282	0.00846
10	0.01544	0.01292	0.02096	0.03013	0.64668	0.02946	0.01560	0.01853	0.01314	0.12546	0.01200	0.01436	0.00944	0.00522	0.00548	0.00165	0.00639	0.00499	0.00333	0.00881
11	0.00972	0.00486	0.00692	0.00692	0.00711	0.00486	0.00468	0.00802	0.00784	0.01119	0.01082	0.01738	0.01027	0.01742	0.01912	0.71989	0.00449	0.00486	0.12083	0.00280
12	0.39528	0.23091	0.13515	0.04484	0.01522	0.02927	0.00983	0.03926	0.01102	0.02003	0.00852	0.01000	0.00679	0.00515	0.00395	0.00157	0.00561	0.00336	0.01749	0.00675
13	0.00720	0.00486	0.00658	0.00761	0.00793	0.00458	0.00510	0.00776	0.01035	0.01386	0.06079	0.65598	0.03350	0.01735	0.00912	0.12106	0.00341	0.01393	0.00480	0.00423
14	0.13044	0.01226	0.03646	0.36902	0.22395	0.04313	0.04637	0.01632	0.03932	0.01726	0.01017	0.01363	0.00793	0.00536	0.00524	0.00176	0.00683	0.00470	0.00282	0.00703
15	0.00833	0.00613	0.00791	0.00829	0.00956	0.00565	0.00627	0.00994	0.01127	0.01534	0.05860	0.31656	0.02948	0.12587	0.00979	0.00256	0.00421	0.23647	0.00465	0.12312
16	0.01955	0.02374	0.01519	0.01374	0.01667	0.63813	0.01038	0.03986	0.13956	0.01563	0.01099	0.01183	0.00881	0.00603	0.00511	0.00151	0.00897	0.00405	0.00338	0.00688
17	0.27907	0.00957	0.00996	0.02524	0.01191	0.01045	0.00699	0.15037	0.01370	0.11970	0.01375	0.01540	0.01046	0.01109	0.11502	0.00264	0.00588	0.00460	0.17746	0.00674
18	0.00794	0.00581	0.00826	0.00826	0.00903	0.00658	0.00613	0.00948	0.00871	0.01238	0.01542	0.02499	0.01525	0.21198	0.61489	0.00811	0.01272	0.00641	0.00305	0.00459
19	0.01441	0.01221	0.01288	0.01140	0.01464	0.01407	0.00892	0.09256	0.69665	0.02419	0.02173	0.02002	0.01625	0.00744	0.00563	0.00186	0.00453	0.00615	0.00563	0.00882
20	0.00792	0.00585	0.00860	0.00866	0.00959	0.00672	0.00664	0.00979	0.00900	0.01300	0.01571	0.05743	0.01512	0.06842	0.70353	0.00831	0.01370	0.00644	0.02071	0.00487
21	0.01364	0.01309	0.02235	0.05024	0.75511	0.01314	0.01696	0.01694	0.01258	0.01801	0.01041	0.01373	0.00874	0.00495	0.00548	0.00165	0.00660	0.00493	0.00274	0.00872
22	0.01027	0.00517	0.00521	0.00520	0.00649	0.00516	0.00390	0.01285	0.01170	0.02068	0.03441	0.02110	0.01503	0.00656	0.00393	0.00130	0.00258	0.00527	0.81801	0.00516
23	0.00748	0.00560	0.00683	0.00748	0.00846	0.00522	0.00531	0.04161	0.01212	0.01574	0.06867	0.51487	0.21937	0.01569	0.00687	0.00212	0.00329	0.04327	0.00520	0.00482
24	0.00715	0.00526	0.00673	0.00730	0.00819	0.00483	0.00521	0.00876	0.01255	0.01685	0.26144	0.42731	0.14520	0.01493	0.00686	0.00205	0.00306	0.04613	0.00543	0.00478
25	0.01294	0.01454	0.03045	0.02209	0.02690	0.01443	0.64579	0.01711	0.01242	0.01711	0.01065	0.01454	0.00824	0.00538	0.00819	0.00195	0.12097	0.00630	0.00275	0.00727
26	0.02431	0.01029	0.01339	0.01026	0.01457	0.00942	0.00848	0.13002	0.01730	0.66957	0.02063	0.01806	0.01310	0.00683	0.00557	0.00171	0.00491	0.00549	0.00667	0.00942
27	0.01139	0.00797	0.01137	0.01033	0.01149	0.00957	0.00824	0.01310	0.00974	0.12108	0.01404	0.01959	0.01246	0.06543	0.44196	0.00606	0.21126	0.00571	0.00340	0.00579
28	0.00675	0.00491	0.00638	0.00751	0.00799	0.00453	0.00506	0.00779	0.01089	0.01438	0.04856	0.72010	0.10088	0.01693	0.00701	0.00221	0.00316	0.01527	0.00516	0.00453
29	0.01092	0.01031	0.01744	0.68437	0.14222	0.01243	0.01561	0.01455	0.01129	0.01471	0.00993	0.01462	0.00758	0.00545	0.00553	0.00182	0.00727	0.00492	0.00250	0.00652
30	0.01874	0.01353	0.01480	0.01177	0.01553	0.01483	0.00956	0.60314	0.02301	0.04898	0.01557	0.10045	0.01281	0.00937	0.04010	0.00204	0.00605	0.00623	0.02490	0.00858
31	0.16145	0.01123	0.01387	0.36083	0.04161	0.07444	0.01148	0.04469	0.01136	0.01691	0.01044	0.02866	0.00871	0.02640	0.06371	0.00241	0.07431	0.00481	0.02656	0.00612
32	0.01548	0.35979	0.20301	0.01259	0.01758	0.22903	0.02759	0.03159	0.01298	0.01493	0.02430	0.01073	0.00809	0.00530	0.00452	0.00142	0.00759	0.00365	0.00264	0.00719
33	0.01343	0.00974	0.01117	0.00951	0.01213	0.01012	0.00743	0.27918	0.05980	0.04290	0.25108	0.13517	0.02742	0.02478	0.01862	0.00191	0.00442	0.00815	0.02256	0.05048
34	0.13122	0.13755	0.09986	0.12263	0.03607	0.06462	0.01121	0.15852	0.02712	0.05885	0.01054	0.01244	0.00815	0.00670	0.00641	0.05611	0.03711	0.00423	0.00347	0.00718
35	0.03303	0.01337	0.04895	0.12579	0.48139	0.03100	0.01510	0.01890	0.14149	0.01849	0.01231	0.01477	0.00983	0.00549	0.00545	0.00171	0.00639	0.00505	0.00321	0.00829
36	0.30029	0.00986	0.01127	0.00899	0.01299	0.00958	0.00742	0.02339	0.01369	0.52268	0.01710	0.01554	0.01112	0.00628	0.00485	0.00171	0.00457	0.00471	0.00570	0.00827
37	0.01030	0.00585	0.00717	0.00693	0.00764	0.00560	0.00445	0.01074	0.00981	0.12016	0.04798	0.15261	0.02253	0.50362	0.02057	0.04179	0.00481	0.00883	0.00419	0.00442
38	0.04420	0.26336	0.25592	0.09269	0.03118	0.01596	0.09352	0.04500	0.01193	0.01659	0.00944	0.01170	0.00748	0.00541	0.00561	0.00162	0.05576	0.00417	0.02111	0.00734
39	0.00793	0.00568	0.00738	0.00730	0.00850	0.00534	0.00547	0.01054	0.02763	0.02066	0.57895	0.14975	0.04692	0.01222	0.00658	0.00185	0.00289	0.05768	0.03153	0.00517
40	0.00793	0.00584	0.00844	0.00844	0.00926	0.00667	0.00634	0.00959	0.00876	0.01251	0.01526	0.02411	0.01487	0.16576	0.66059	0.00833	0.01330	0.00628	0.00303	0.00469
41	0.06237	0.01363	0.19905	0.06985	0.03073	0.04276	0.06912	0.01396	0.01191	0.01719	0.04780	0.13450	0.01858	0.00955	0.00630	0.02137	0.00597	0.14803	0.07119	0.00616
42	0.01167	0.09665	0.56559	0.03548	0.09956	0.01362	0.02938	0.01705	0.01178	0.01713	0.02869	0.01252	0.00837	0.00543	0.00547	0.00171	0.02516	0.00430	0.00249	0.00797
43	0.00856	0.00621	0.00845	0.00959	0.01088	0.00610	0.00823	0.01091	0.01263	0.01628	0.03223	0.09905	0.11028	0.01527	0.00750	0.00246	0.00476	0.62048	0.00511	0.00502
44	0.01060	0.00954	0.01564	0.46190	0.15619	0.01102	0.01377	0.01375	0.01157	0.01525	0.02579	0.03824	0.02461	0.00788	0.00652	0.01988	0.02146	0.12701	0.00309	0.00627
45	0.03104	0.01099	0.01851	0.58506	0.05162	0.02642	0.11909	0.03082	0.01187	0.02824	0.01128	0.01544	0.02459	0.00563	0.00564	0.00183	0.00744	0.00524	0.00275	0.00649
46	0.11045	0.01076	0.01667	0.25796	0.32509	0.01180	0.01337	0.01500	0.01207	0.01813	0.11742	0.01735	0.01415	0.00620	0.00580	0.00175	0.03036	0.00542	0.00320	0.00706
47	0.82616	0.01068	0.00825	0.00734	0.01079	0.01233	0.00605	0.01652	0.00957	0.04161	0.00803	0.00922	0.00617	0.00518	0.00348	0.00171	0.00429	0.00306	0.00350	0.00607
48	0.00828	0.00633	0.00902	0.00882	0.00955	0.00745	0.00668	0.00983	0.00871	0.01250	0.01471	0.02369	0.01449	0.18188	0.58004	0.00771	0.07636	0.00624	0.00300	0.00474
49	0.01238	0.01117	0.01853	0.09459	0.44806	0.01141	0.04562	0.01581	0.03059	0.03467	0.06642	0.02374	0.03078	0.00727	0.00618	0.00183	0.02084	0.10903	0.00349	0.00760
50	0.00752	0.00564	0.00725	0.00779	0.00887	0.00497	0.00537	0.00873	0.01075	0.01478	0.02714	0.67254	0.03198	0.01518	0.00658	0.00202	0.00336	0.01371	0.00484	0.14098
51	0.01481	0.80869	0.02902	0.00948	0.01421	0.02191	0.00948	0.01658	0.01125	0.01303	0.00770	0.00888	0.00711	0.00474	0.00355	0.00118	0.00592	0.00296	0.00237	0.00711
52	0.00915	0.00896	0.00758	0.00723	0.00930	0.11581	0.00545	0.02842	0.03225	0.01585	0.08710	0.04471	0.58363	0.01236	0.00628	0.00180	0.00393	0.01015	0.00489	0.00517
53	0.00886	0.00631	0.00705	0.00687	0.00735	0.00661	0.00423	0.01115	0.11500	0.01257	0.01809	0.03358	0.01948	0.66843	0.04832	0.00498	0.00552	0.00773	0.00367	0.00417
54	0.19773	0.00992	0.01156	0.00936	0.01321	0.00976	0.00764	0.02462	0.12017	0.48461	0.01881	0.01706	0.01253	0.00657	0.00507	0.00172	0.00451	0.00511	0.03157	0.00847
55	0.00772	0.00589	0.00843	0.00843	0.00955	0.00660	0.00654	0.00961	0.00943	0.01316	0.02070	0.02624	0.12105	0.03763	0.67307	0.00790	0.01313	0.00675	0.00328	0.00491
56	0.02069	0.02640	0.01569	0.01427	0.01712	0.78313	0.01070	0.02212	0.01569	0.01355	0.00856	0.00999	0.00713	0.00571	0.00499	0.00143	0.00999	0.00357	0.00285	0.00642
57	0.00891	0.00636	0.00890	0.01015	0.01143	0.00636	0.00887	0.01146	0.01279	0.01666	0.04001	0.06217	0.03217	0.01524	0.00763	0.00254	0.00506	0.72307	0.00511	0.00510
58	0.00675	0.00482	0.00643	0.00771	0.00803	0.00450	0.00514	0.00771	0.01060	0.01414	0.03053	0.80175	0.03663	0.01735	0.00707	0.00225	0.00321	0.01574	0.00514	0.00450
59	0.00674	0.00495	0.00633	0.00740	0.00796	0.00454	0.00501	0.00780	0.01099	0.01442	0.04934	0.67978	0.14092	0.01675	0.00698	0.00218	0.00314	0.01505	0.00516	0.00454
60	0.01479	0.74779	0.02807	0.00986	0.01430	0.03844	0.00965	0.01653	0.01120	0.01306	0.00770	0.00909	0.00712	0.00503	0.00439	0.00126	0.04925	0.00308	0.00238	0.00703
61	0.02388	0.01035	0.01334	0.01025	0.01447	0.00958	0.00844	0.14665	0.01738	0.63652	0.02034	0.01829	0.01313	0.02323	0.00603	0.00178	0.00495	0.00552	0.00657	0.00930
62	0.00700	0.00495	0.00645	0.00755	0.00786	0.00468	0.00500	0.00788	0.01031	0.01373	0.02863	0.67017	0.03414	0.12922	0.01009	0.00270	0.00358	0.03683	0.00489	0.00435
63	0.02468	0.00970	0.01302	0.00998	0.01427	0.00855	0.00825	0.05968	0.01631	0.74131	0.02146	0.01860	0.01352	0.00685	0.00557	0.00171	0.00477	0.00554	0.00680	0.00942
64	0.01348	0.01293	0.02207	0.08643	0.72013	0.01310	0.01689	0.01680	0.01250	0.01782	0.01038	0.01378	0.00868	0.00498	0.00549	0.00166	0.00664	0.00493	0.00272	0.00859
65	0.01670	0.43898	0.03848	0.01012	0.01439	0.02976	0.00930	0.03588	0.11908	0.17856	0.01423	0.01405	0.02900	0.00600	0.00479	0.00147	0.02313	0.00433	0.00394	0.00782
66	0.23755	0.11782	0.32929	0.01333	0.01909	0.06290	0.09560	0.01760	0.01153	0.03523	0.00937	0.01103	0.00706	0.00516	0.00469	0.00166	0.00702	0.00393	0.00282	0.00730
67	0.01265	0.01215	0.02165	0.02741	0.48852	0.01198	0.14722	0.01605	0.01272	0.01773	0.01427	0.02350	0.01324	0.00692	0.00610	0.00186	0.00678	0.14821	0.00321	0.00782
68	0.00762	0.00595	0.02146	0.00714	0.00846	0.00520	0.00541	0.00993	0.01453	0.02021	0.57547	0.16609	0.10695	0.01241	0.00660	0.00184	0.00283	0.01098	0.00579	0.00512
69	0.01368	0.52643	0.17232	0.12187	0.01951	0.01849	0.01242	0.01665	0.01141	0.03034	0.00874	0.01048	0.00727	0.00500	0.00421	0.00140	0.00654	0.00352	0.00247	0.00723
70	0.01275	0.01525	0.10612	0.09454	0.09762	0.01368	0.41025	0.01886	0.11879	0.01808	0.01238	0.01521	0.00937	0.00536	0.00636	0.00185	0.02683	0.00589	0.00311	0.00770
71	0.03474	0.00936	0.01248	0.00971	0.01375	0.00831	0.00797	0.04127	0.03241	0.67872	0.07409	0.02022	0.01630	0.00716	0.00561	0.00172	0.00458	0.00585	0.00670	0.00907
72	0.00909	0.00697	0.00930	0.02723	0.01070	0.02418	0.00708	0.04296	0.01018	0.01454	0.01617	0.02212	0.04172	0.05091	0.58317	0.00711	0.03466	0.00599	0.07071	0.00520
73	0.01412	0.01477	0.02227	0.02710	0.45796	0.12208	0.15594	0.01731	0.01310	0.01719	0.01192	0.03598	0.01052	0.00591	0.00578	0.00172	0.00742	0.04808	0.00297	0.00787
74	0.00763	0.00565	0.00712	0.00675	0.00815	0.00514	0.00506	0.01005	0.01519	0.02105	0.65387	0.04328	0.16700	0.01176	0.00653	0.00176	0.00264	0.01028	0.00594	0.00514
75	0.00805	0.00538	0.00611	0.00611	0.00613	0.00541	0.00344	0.00810	0.00807	0.01079	0.01739	0.03590	0.01999	0.78744	0.04591	0.00545	0.00559	0.00800	0.00335	0.00339
76	0.01256	0.05379	0.46547	0.12590	0.05498	0.01288	0.03272	0.05072	0.02934	0.06310	0.01176	0.01478	0.00884	0.00584	0.00540	0.00177	0.00743	0.03185	0.00298	0.00789
77	0.01421	0.68355	0.14897	0.01049	0.01578	0.02046	0.01124	0.01674	0.01132	0.01375	0.00806	0.00933	0.00709	0.00482	0.00383	0.00128	0.00629	0.00314	0.00236	0.00728
78	0.00892	0.00637	0.00892	0.01020	0.01147	0.00637	0.00892	0.01147	0.01275	0.01657	0.02932	0.06247	0.03187	0.01530	0.00765	0.00255	0.00510	0.73354	0.00510	0.00510
79	0.01264	0.01203	0.01999	0.04263	0.65014	0.01194	0.01515	0.01566	0.01259	0.01758	0.01690	0.01935	0.11667	0.00624	0.00563	0.00168	0.00606	0.00589	0.00308	0.00815
80	0.01165	0.01372	0.12720	0.31271	0.20061	0.01240	0.10929	0.03290	0.01207	0.01651	0.01184	0.06702	0.01011	0.00627	0.00598	0.00183	0.02198	0.01588	0.00284	0.00716
81	0.01306	0.01265	0.01879	0.22588	0.43354	0.08143	0.01481	0.01577	0.01202	0.01590	0.01035	0.01475	0.00873	0.00659	0.00690	0.07480	0.00691	0.01717	0.00269	0.00726
82	0.13053	0.01225	0.01443	0.01266	0.01350	0.08044	0.01035	0.01396	0.00925	0.01484	0.00838	0.01273	0.00790	0.01264	0.10434	0.02241	0.50624	0.00460	0.00267	0.00587
83	0.01043	0.00537	0.00545	0.00537	0.00672	0.00538	0.00404	0.02623	0.01203	0.02097	0.04617	0.02129	0.01554	0.00664	0.00400	0.00131	0.00265	0.00534	0.78983	0.00524
84	0.01123	0.05751	0.47291	0.07702	0.02166	0.02829	0.04918	0.01624	0.01259	0.03498	0.14882	0.01752	0.01554	0.00639	0.00550	0.00173	0.00701	0.00532	0.00317	0.00739
85	0.03895	0.00987	0.01162	0.04586	0.01425	0.00779	0.00697	0.01403	0.01140	0.01808	0.00977	0.01156	0.00809	0.00420	0.00415	0.00090	0.00427	0.00335	0.00325	0.77165
86	0.01481	0.80869	0.02902	0.00948	0.01421	0.02191	0.00948	0.01658	0.01125	0.01303	0.00770	0.00888	0.00711	0.00474	0.00355	0.00118	0.00592	0.00296	0.00237	0.00711
87	0.01315	0.05049	0.38561	0.01262	0.01810	0.01067	0.03032	0.03255	0.01350	0.14983	0.14441	0.02224	0.01812	0.00741	0.00570	0.00179	0.00626	0.06556	0.00408	0.00760
88	0.00793	0.00586	0.00850	0.00850	0.00935	0.00671	0.00643	0.00963	0.00878	0.01256	0.01520	0.02377	0.01472	0.14780	0.67835	0.00841	0.01352	0.00623	0.00302	0.00472
89	0.01487	0.01244	0.01314	0.01149	0.01482	0.01428	0.00903	0.13776	0.65070	0.02493	0.02116	0.01956	0.01578	0.00738	0.00562	0.00185	0.00464	0.00607	0.00562	0.00886
90	0.00792	0.00590	0.00874	0.00874	0.00967	0.00684	0.00672	0.00979	0.00885	0.01274	0.01498	0.02257	0.01420	0.08431	0.74113	0.00870	0.01430	0.00605	0.00299	0.00486
91	0.01378	0.01190	0.01252	0.01127	0.01440	0.01378	0.00877	0.02943	0.76081	0.02317	0.02254	0.02066	0.01691	0.00751	0.00564	0.00188	0.00438	0.00626	0.00564	0.00877
92	0.00657	0.00561	0.00564	0.00564	0.00750	0.00469	0.00423	0.00799	0.01268	0.01509	0.06902	0.05308	0.75557	0.01398	0.00655	0.00187	0.00280	0.01166	0.00516	0.00469
93	0.00788	0.00563	0.00768	0.00872	0.00961	0.00544	0.00684	0.00978	0.01228	0.01637	0.13473	0.36325	0.03672	0.01558	0.00725	0.00231	0.00397	0.33582	0.00526	0.00487
94	0.00663	0.00563	0.00573	0.00575	0.00759	0.00473	0.00434	0.00809	0.01270	0.01518	0.07331	0.05320	0.73440	0.01399	0.00657	0.00188	0.00285	0.02758	0.00517	0.00470
95	0.01060	0.00999	0.01687	0.75848	0.07059	0.01234	0.01545	0.01428	0.01114	0.01433	0.00987	0.01472	0.00744	0.00551	0.00553	0.00184	0.00735	0.00492	0.00247	0.00627
96	0.01114	0.00827	0.01035	0.01059	0.01249	0.00871	0.00898	0.11869	0.10335	0.01986	0.02629	0.08004	0.02710	0.01323	0.00709	0.00233	0.00508	0.51506	0.00523	0.00612
97	0.01446	0.01156	0.01201	0.01076	0.01352	0.06063	0.00843	0.19516	0.27427	0.05669	0.02295	0.16336	0.05386	0.00986	0.00603	0.00191	0.00494	0.06670	0.00534	0.00755
98	0.84448	0.01071	0.00814	0.00728	0.01071	0.01242	0.00600	0.01628	0.00943	0.02485	0.00771	0.00900	0.00600	0.00514	0.00343	0.00171	0.00428	0.00300	0.00343	0.00600
99	0.01292	0.01270	0.02266	0.19610	0.50730	0.01309	0.12087	0.01649	0.01234	0.01719	0.01041	0.01411	0.00842	0.00503	0.00564	0.00172	0.00714	0.00516	0.00269	0.00802
100	0.01249	0.00863	0.01159	0.01316	0.14728	0.00847	0.00852	0.06100	0.06202	0.13980	0.02913	0.19818	0.18970	0.01106	0.00651	0.00193	0.02134	0.05745	0.00498	0.00676
101	0.84448	0.01071	0.00814	0.00728	0.01071	0.01242	0.00600	0.01628	0.00943	0.02485	0.00771	0.00900	0.00600	0.00514	0.00343	0.00171	0.00428	0.00300	0.00343	0.00600
102	0.01335	0.01305	0.02126	0.09342	0.57274	0.02994	0.02989	0.01636	0.01197	0.01699	0.00990	0.01351	0.00840	0.00567	0.00730	0.00177	0.11879	0.00492	0.00268	0.00810
103	0.05290	0.00900	0.01071	0.00974	0.03006	0.00892	0.00759	0.01792	0.17331	0.10985	0.02012	0.04174	0.04969	0.01031	0.05652	0.00214	0.02253	0.10895	0.06776	0.19023
104	0.07579	0.48484	0.08585	0.01055	0.01520	0.04478	0.01022	0.11738	0.06203	0.01791	0.00977	0.01077	0.00810	0.00598	0.01886	0.00153	0.00622	0.00362	0.00311	0.00747
105	0.01335	0.12038	0.46796	0.01721	0.12963	0.01463	0.01720	0.12172	0.01381	0.01953	0.01021	0.01187	0.00762	0.00535	0.00512	0.00166	0.00738	0.00420	0.00286	0.00831
106	0.01840	0.01063	0.01230	0.00984	0.01299	0.01086	0.00770	0.30756	0.01775	0.25747	0.01811	0.02186	0.03150	0.20617	0.01119	0.00260	0.00533	0.00610	0.02396	0.00770
107	0.00722	0.00518	0.00692	0.00800	0.00861	0.00489	0.00576	0.00862	0.01152	0.01539	0.10697	0.58505	0.05316	0.01632	0.00710	0.00224	0.00345	0.13368	0.00523	0.00468
108	0.07179	0.04481	0.01570	0.01484	0.15116	0.01337	0.01023	0.32695	0.03370	0.12146	0.11159	0.01805	0.02797	0.00693	0.00546	0.00167	0.00534	0.00563	0.00500	0.00835
109	0.00727	0.00518	0.00623	0.00684	0.00728	0.00490	0.00442	0.00797	0.00997	0.01302	0.02914	0.38488	0.13418	0.31749	0.01507	0.00339	0.00403	0.03018	0.00446	0.00410
