[name]
unknown

[dist]
# distance from previous block
# <min> <max>
11	52

[block]
# block no. 0 follows, 40 sequences, length 9
# corresponding to MSA columns:
# 57-65
name=unknown_A
#
# <colnr> <probs for GDERKNQSTAVLIFYWHMCP>
#	G	D	E	R	K	N	Q	S	T	A	V	L	I	F	Y	W	H	M	C	P
0	0.12393	0.03647	0.09088	0.01316	0.05519	0.03167	0.04828	0.20230	0.03669	0.15615	0.01623	0.01645	0.05061	0.00656	0.00539	0.00169	0.00596	0.00520	0.00471	0.09245
1	0.07046	0.05619	0.15274	0.01752	0.15443	0.01329	0.08008	0.11059	0.01439	0.06638	0.02974	0.09221	0.01276	0.00727	0.00645	0.00182	0.05073	0.00613	0.00382	0.05298
2	0.03862	0.04442	0.01433	0.01084	0.02784	0.03964	0.02537	0.06296	0.03707	0.34557	0.01749	0.05828	0.01299	0.00674	0.00537	0.00154	0.00517	0.00551	0.00533	0.23492
3	0.04557	0.00922	0.01351	0.01262	0.06436	0.00893	0.08565	0.05664	0.03745	0.14407	0.15739	0.17370	0.02634	0.01197	0.04149	0.00231	0.00544	0.06264	0.00525	0.03548
4	0.01765	0.01199	0.01414	0.01104	0.01521	0.06066	0.04803	0.13756	0.02979	0.22426	0.05631	0.06751	0.03457	0.00731	0.00561	0.00156	0.00536	0.00610	0.00517	0.24018
5	0.00906	0.00573	0.00732	0.00794	0.00890	0.00525	0.00552	0.01022	0.01179	0.08645	0.03364	0.53194	0.13265	0.08299	0.00911	0.00254	0.00372	0.03467	0.00541	0.00516
6	0.01479	0.06418	0.02232	0.01594	0.01999	0.01191	0.32243	0.01777	0.01299	0.15564	0.01601	0.09581	0.01393	0.08797	0.00933	0.00226	0.04740	0.00726	0.00402	0.05805
7	0.01342	0.00892	0.01089	0.01100	0.06235	0.03092	0.00770	0.06818	0.05965	0.15665	0.09258	0.28426	0.09686	0.01195	0.00652	0.00198	0.00440	0.02457	0.00556	0.04166
8	0.01595	0.11701	0.35878	0.06703	0.02271	0.06419	0.07386	0.02047	0.01349	0.17348	0.01277	0.01387	0.00900	0.00581	0.00548	0.00175	0.00771	0.00471	0.00354	0.00840

[dist]
# distance from previous block
# <min> <max>
0	1

[block]
# block no. 1 follows, 40 sequences, length 17
# corresponding to MSA columns:
# 67-83
name=unknown_B
#
# <colnr> <probs for GDERKNQSTAVLIFYWHMCP>
#	G	D	E	R	K	N	Q	S	T	A	V	L	I	F	Y	W	H	M	C	P
0	0.01452	0.59521	0.22537	0.01171	0.01764	0.02049	0.01301	0.01768	0.01194	0.01494	0.00871	0.01011	0.00744	0.00512	0.00421	0.00140	0.00685	0.00342	0.00248	0.00776
1	0.01036	0.12168	0.10827	0.00892	0.01189	0.00909	0.00824	0.01341	0.01510	0.05112	0.48744	0.03431	0.07785	0.01005	0.00620	0.00175	0.00409	0.00857	0.00532	0.00631
2	0.08664	0.01098	0.04015	0.00897	0.01394	0.00843	0.00750	0.01607	0.01226	0.08682	0.01187	0.03369	0.00969	0.00509	0.00451	0.00111	0.00452	0.00402	0.00381	0.62994
3	0.01544	0.70946	0.05899	0.01013	0.01509	0.02143	0.01019	0.01755	0.01218	0.03901	0.03908	0.01118	0.00961	0.00535	0.00400	0.00131	0.00613	0.00355	0.00280	0.00751
4	0.00846	0.00564	0.00634	0.00634	0.00634	0.00564	0.00352	0.00846	0.00846	0.01128	0.01832	0.03805	0.02114	0.79563	0.02960	0.00564	0.00564	0.00846	0.00352	0.00352
5	0.01206	0.01034	0.01206	0.00861	0.01378	0.00775	0.00689	0.01464	0.01206	0.01895	0.01034	0.01206	0.00861	0.00431	0.00431	0.00086	0.00431	0.00345	0.00345	0.83118
6	0.01098	0.01034	0.01744	0.78165	0.04005	0.01292	0.01615	0.01486	0.01163	0.01486	0.01034	0.01550	0.00775	0.00581	0.00581	0.00194	0.00775	0.00517	0.00258	0.00646
7	0.83671	0.01125	0.00855	0.00765	0.01125	0.01305	0.00630	0.01709	0.00990	0.02609	0.00810	0.00945	0.00630	0.00540	0.00360	0.00180	0.00450	0.00315	0.00360	0.00630
8	0.83671	0.01125	0.00855	0.00765	0.01125	0.01305	0.00630	0.01709	0.00990	0.02609	0.00810	0.00945	0.00630	0.00540	0.00360	0.00180	0.00450	0.00315	0.00360	0.00630
9	0.41460	0.01387	0.12962	0.16819	0.01989	0.01264	0.01114	0.01819	0.01145	0.11566	0.01079	0.01253	0.00782	0.00585	0.00504	0.00185	0.02594	0.00413	0.00364	0.00715
10	0.06971	0.01376	0.01498	0.03001	0.01620	0.01536	0.00983	0.47818	0.07987	0.03089	0.09255	0.01861	0.01546	0.04772	0.00755	0.00201	0.03739	0.00592	0.00542	0.00860
11	0.01599	0.01095	0.01269	0.01103	0.02961	0.01160	0.00833	0.33996	0.01886	0.08838	0.07727	0.13979	0.02016	0.12798	0.05768	0.00290	0.00600	0.00797	0.00534	0.00750
12	0.00833	0.00550	0.00719	0.00814	0.00885	0.00510	0.00563	0.00948	0.01157	0.05710	0.03248	0.62648	0.08098	0.05541	0.00842	0.00248	0.00365	0.05279	0.00541	0.00500
13	0.02056	0.01723	0.01701	0.01452	0.05534	0.12371	0.01116	0.50005	0.12893	0.03081	0.01450	0.01461	0.01065	0.00688	0.00575	0.00174	0.00674	0.00522	0.00528	0.00931
14	0.01272	0.01199	0.01992	0.37533	0.15613	0.01271	0.11507	0.05453	0.01311	0.01795	0.01083	0.01467	0.00841	0.00538	0.00569	0.00171	0.00723	0.00511	0.00300	0.14849
15	0.05941	0.13395	0.07600	0.19403	0.14171	0.06240	0.07815	0.06883	0.01386	0.08643	0.01138	0.01376	0.00867	0.00576	0.00566	0.00174	0.02217	0.00481	0.00337	0.00789
16	0.01345	0.02755	0.60200	0.01736	0.07002	0.05679	0.01964	0.09079	0.01408	0.02004	0.01074	0.01248	0.00774	0.00568	0.00555	0.00181	0.00838	0.00442	0.00285	0.00866

[dist]
# distance from previous block
# <min> <max>
2	9

[block]
# block no. 2 follows, 40 sequences, length 11
# corresponding to MSA columns:
# 93-103
name=unknown_C
#
# <colnr> <probs for GDERKNQSTAVLIFYWHMCP>
#	G	D	E	R	K	N	Q	S	T	A	V	L	I	F	Y	W	H	M	C	P
0	0.02124	0.06955	0.11469	0.01425	0.09117	0.03340	0.03011	0.06026	0.01585	0.44461	0.03443	0.01740	0.01281	0.00662	0.00568	0.00175	0.00602	0.00542	0.00550	0.00924
1	0.01262	0.13937	0.53738	0.01780	0.08231	0.01501	0.08075	0.01824	0.01241	0.01779	0.01025	0.01231	0.00765	0.00536	0.00540	0.00176	0.00822	0.00441	0.00254	0.00841
2	0.00844	0.00569	0.00662	0.00662	0.00671	0.00579	0.00387	0.00863	0.00854	0.01148	0.01807	0.03666	0.02054	0.72668	0.09772	0.00598	0.00655	0.00825	0.00349	0.00368
3	0.13491	0.18172	0.38937	0.01351	0.01980	0.01472	0.05813	0.01734	0.01230	0.01905	0.07807	0.01431	0.01167	0.00594	0.00507	0.00172	0.00703	0.00461	0.00302	0.00769
4	0.08460	0.04341	0.08477	0.16295	0.04966	0.05741	0.03851	0.06511	0.04451	0.25607	0.04542	0.01681	0.01224	0.00652	0.00559	0.00180	0.00641	0.00532	0.00465	0.00822
5	0.06164	0.15543	0.54288	0.01548	0.05120	0.01489	0.01807	0.01850	0.01225	0.04440	0.01037	0.01197	0.00764	0.00547	0.00513	0.00173	0.00776	0.00412	0.00271	0.00834
6	0.06956	0.14110	0.33870	0.04485	0.04451	0.06816	0.04177	0.03170	0.04261	0.03640	0.03745	0.01464	0.02932	0.00620	0.00567	0.00175	0.02986	0.00475	0.00314	0.00786
7	0.06356	0.01404	0.04823	0.36003	0.08731	0.01493	0.01493	0.04270	0.01406	0.02006	0.01676	0.06125	0.04333	0.01033	0.00996	0.02434	0.13423	0.00706	0.00434	0.00853
8	0.08708	0.07557	0.05447	0.16321	0.13590	0.01277	0.01179	0.07793	0.07248	0.07610	0.11760	0.03135	0.01662	0.00835	0.03283	0.00206	0.00618	0.00592	0.00418	0.00762
9	0.11390	0.05733	0.01392	0.06689	0.08506	0.01179	0.02805	0.15266	0.05762	0.02142	0.04729	0.19627	0.01928	0.08164	0.00807	0.00227	0.00536	0.01981	0.00448	0.00689
10	0.03508	0.06009	0.02021	0.06530	0.43757	0.04171	0.01445	0.01941	0.09984	0.06023	0.01458	0.01731	0.03472	0.00636	0.00614	0.00179	0.03391	0.01919	0.00358	0.00852

[dist]
# distance from previous block
# <min> <max>
5	15

[block]
# block no. 3 follows, 40 sequences, length 15
# corresponding to MSA columns:
# 119-133
name=unknown_D
#
# <colnr> <probs for GDERKNQSTAVLIFYWHMCP>
#	G	D	E	R	K	N	Q	S	T	A	V	L	I	F	Y	W	H	M	C	P
0	0.05265	0.05021	0.01972	0.17085	0.36129	0.07674	0.01453	0.09958	0.01452	0.01968	0.01272	0.04055	0.02952	0.00626	0.00562	0.00176	0.00694	0.00544	0.00333	0.00808
1	0.01490	0.01377	0.04120	0.14277	0.38149	0.01404	0.05255	0.15342	0.04296	0.02148	0.01297	0.01581	0.02627	0.00642	0.00642	0.02910	0.00690	0.00546	0.00354	0.00851
2	0.25675	0.02602	0.04155	0.02964	0.03960	0.05236	0.00958	0.20533	0.05927	0.03662	0.01482	0.04274	0.04965	0.02342	0.00675	0.00192	0.06929	0.00535	0.00430	0.02505
3	0.04713	0.06317	0.01623	0.01500	0.13180	0.08668	0.07013	0.01695	0.05710	0.06204	0.01619	0.08103	0.04166	0.07338	0.03902	0.00227	0.01970	0.00629	0.00380	0.15042
4	0.09144	0.09958	0.10346	0.01241	0.01655	0.04032	0.01126	0.21046	0.06078	0.14131	0.02858	0.01473	0.01082	0.00765	0.01993	0.00196	0.11092	0.00495	0.00453	0.00837
5	0.17692	0.11219	0.08462	0.01098	0.01481	0.10405	0.00969	0.05314	0.08357	0.13015	0.01457	0.03515	0.01208	0.06128	0.00715	0.00203	0.02759	0.03358	0.00421	0.02226
6	0.08072	0.21359	0.20850	0.01450	0.11608	0.01408	0.01269	0.03039	0.01318	0.06022	0.12057	0.04656	0.01617	0.00685	0.00522	0.00167	0.00605	0.00549	0.00365	0.02382
7	0.12609	0.56531	0.08431	0.01053	0.01551	0.05103	0.01047	0.05103	0.01250	0.01680	0.00858	0.00984	0.00741	0.00521	0.00401	0.00140	0.00636	0.00333	0.00281	0.00748
8	0.01433	0.55845	0.26051	0.01202	0.01813	0.02004	0.01356	0.01773	0.01196	0.01516	0.00882	0.01025	0.00743	0.00515	0.00429	0.00143	0.00696	0.00348	0.00248	0.00782
9	0.00890	0.11278	0.03848	0.00861	0.00987	0.00771	0.00663	0.00991	0.01084	0.01423	0.02485	0.48982	0.02890	0.07746	0.01005	0.07889	0.00439	0.04823	0.00448	0.00497
10	0.65902	0.11861	0.07332	0.00869	0.01288	0.01442	0.00803	0.01724	0.01035	0.02380	0.00829	0.00966	0.00654	0.00535	0.00377	0.00173	0.00506	0.00324	0.00336	0.00664
11	0.01877	0.01689	0.11662	0.01315	0.01791	0.01599	0.01178	0.52147	0.08350	0.03133	0.01673	0.05720	0.03633	0.00771	0.00591	0.00182	0.00627	0.00605	0.00534	0.00922
12	0.00727	0.00514	0.00669	0.00786	0.00815	0.00485	0.00515	0.00815	0.01077	0.01437	0.03021	0.69059	0.03614	0.12264	0.01040	0.00280	0.00368	0.01545	0.00515	0.00456
13	0.01018	0.00752	0.00894	0.00833	0.00879	0.00834	0.00561	0.07666	0.01048	0.01427	0.01761	0.09400	0.01970	0.55388	0.02418	0.00460	0.11020	0.00837	0.00376	0.00459
14	0.72569	0.05524	0.01038	0.00837	0.01200	0.07560	0.00690	0.01761	0.01054	0.02445	0.00817	0.00953	0.00646	0.00542	0.00374	0.00174	0.00508	0.00320	0.00349	0.00640

[dist]
# distance from previous block
# <min> <max>
0	1

[block]
# block no. 4 follows, 40 sequences, length 59
# corresponding to MSA columns:
# 135-193
name=unknown_E
#
# <colnr> <probs for GDERKNQSTAVLIFYWHMCP>
#	G	D	E	R	K	N	Q	S	T	A	V	L	I	F	Y	W	H	M	C	P
0	0.60963	0.01075	0.00946	0.00815	0.01181	0.01179	0.00668	0.03942	0.01183	0.15294	0.01471	0.01492	0.06512	0.00647	0.00430	0.00181	0.00451	0.00437	0.00442	0.00692
1	0.00928	0.00751	0.00840	0.00817	0.00999	0.00753	0.00613	0.05290	0.12636	0.01852	0.09871	0.20413	0.34240	0.02884	0.00760	0.00213	0.02633	0.02373	0.00546	0.00587
2	0.03979	0.01352	0.01400	0.01245	0.02862	0.04400	0.00963	0.15433	0.51894	0.02583	0.04490	0.01996	0.01652	0.00772	0.00610	0.00191	0.02100	0.00621	0.00561	0.00896
3	0.79138	0.01153	0.00904	0.00797	0.01162	0.01332	0.00656	0.05731	0.01087	0.02668	0.00842	0.00970	0.00650	0.00549	0.00372	0.00180	0.00460	0.00326	0.00372	0.00650
4	0.01465	0.01411	0.02200	0.03189	0.63741	0.03928	0.01650	0.01973	0.10935	0.01953	0.01253	0.01522	0.01027	0.00556	0.00576	0.00175	0.00673	0.00532	0.00328	0.00913
5	0.00768	0.00577	0.00798	0.08056	0.01157	0.00564	0.00646	0.00914	0.01161	0.01560	0.08361	0.64032	0.03594	0.01618	0.00714	0.00224	0.00376	0.01464	0.00515	0.02901
6	0.01181	0.01035	0.01336	0.00979	0.01465	0.00806	0.06262	0.01446	0.01212	0.01862	0.01207	0.07072	0.01086	0.00539	0.00474	0.00106	0.00466	0.00469	0.00355	0.70644
7	0.01183	0.01121	0.01898	0.59538	0.21967	0.01314	0.01657	0.01560	0.01203	0.01589	0.01049	0.01523	0.00812	0.00566	0.00580	0.00189	0.00754	0.00517	0.00266	0.00715
8	0.01066	0.00773	0.00956	0.06203	0.01149	0.00844	0.00650	0.12002	0.01176	0.01593	0.01640	0.02895	0.01682	0.42879	0.21475	0.00574	0.00845	0.00717	0.00370	0.00512
9	0.02445	0.00953	0.01297	0.01007	0.01428	0.00827	0.00827	0.02674	0.01663	0.69531	0.09040	0.02197	0.01812	0.00763	0.00594	0.00180	0.00475	0.00628	0.00712	0.00949
10	0.02027	0.08642	0.07366	0.01472	0.01821	0.63924	0.01194	0.02219	0.01562	0.01450	0.00899	0.01059	0.00748	0.00599	0.00550	0.00153	0.02955	0.00377	0.00291	0.00693
11	0.01218	0.01168	0.01847	0.30670	0.36086	0.03124	0.01502	0.01544	0.01273	0.01685	0.01792	0.02099	0.12171	0.00688	0.00593	0.00184	0.00671	0.00621	0.00315	0.00748
12	0.00700	0.00577	0.00616	0.00633	0.00800	0.00492	0.00464	0.00850	0.01317	0.01613	0.10574	0.16633	0.59709	0.01505	0.00695	0.00201	0.00300	0.01279	0.00547	0.00492
13	0.01394	0.01217	0.01380	0.12825	0.01889	0.01423	0.01025	0.02847	0.63736	0.02289	0.02165	0.02076	0.01624	0.00758	0.00590	0.00197	0.00508	0.00636	0.00541	0.00879
14	0.00852	0.00660	0.00849	0.00879	0.00970	0.00679	0.00632	0.01065	0.05222	0.01563	0.05906	0.44089	0.05788	0.08258	0.06829	0.00305	0.06316	0.03549	0.00482	0.05108
15	0.01439	0.01382	0.02360	0.03569	0.75936	0.01382	0.01785	0.01785	0.01324	0.01900	0.01094	0.01439	0.00921	0.00518	0.00576	0.00173	0.00691	0.00518	0.00288	0.00921
16	0.02064	0.02521	0.01576	0.01418	0.01722	0.65724	0.01071	0.07683	0.01707	0.01605	0.01311	0.01416	0.06379	0.00672	0.00541	0.00155	0.00961	0.00450	0.00339	0.00684
17	0.00722	0.00576	0.00648	0.00661	0.00815	0.00501	0.00484	0.00891	0.01363	0.01732	0.21592	0.18141	0.46887	0.01468	0.00697	0.00200	0.00297	0.01261	0.00563	0.00501
18	0.01956	0.01417	0.01500	0.01194	0.01586	0.04025	0.00970	0.49438	0.07679	0.07657	0.08908	0.01827	0.01549	0.00750	0.00578	0.00174	0.00568	0.00586	0.06742	0.00896
19	0.01214	0.00946	0.01129	0.00854	0.01283	0.00752	0.00676	0.01514	0.03469	0.06273	0.16576	0.01927	0.01878	0.00615	0.00497	0.00115	0.00403	0.00514	0.00434	0.58930
20	0.62677	0.01380	0.01068	0.07114	0.01475	0.12887	0.00796	0.03500	0.01145	0.02363	0.00855	0.01020	0.00668	0.00556	0.00408	0.00176	0.00572	0.00345	0.00348	0.00646
21	0.00930	0.00667	0.00927	0.01058	0.01193	0.00664	0.00923	0.01195	0.01338	0.01736	0.03157	0.06533	0.05351	0.01603	0.00800	0.00266	0.00529	0.70061	0.00536	0.00534
22	0.01439	0.01382	0.02360	0.03569	0.75936	0.01382	0.01785	0.01785	0.01324	0.01900	0.01094	0.01439	0.00921	0.00518	0.00576	0.00173	0.00691	0.00518	0.00288	0.00921
23	0.00718	0.00532	0.00661	0.00750	0.00821	0.00486	0.00510	0.00834	0.01173	0.01531	0.07874	0.55411	0.18708	0.06065	0.00852	0.00243	0.00338	0.01485	0.00535	0.00474
24	0.00968	0.00505	0.00746	0.00765	0.00770	0.00500	0.00510	0.00765	0.00807	0.01076	0.01315	0.12538	0.01405	0.01993	0.02060	0.71555	0.00482	0.00665	0.00292	0.00283
25	0.83671	0.01125	0.00855	0.00765	0.01125	0.01305	0.00630	0.01709	0.00990	0.02609	0.00810	0.00945	0.00630	0.00540	0.00360	0.00180	0.00450	0.00315	0.00360	0.00630
26	0.01086	0.00654	0.00853	0.00769	0.00957	0.00592	0.00589	0.01345	0.01631	0.13481	0.60658	0.04056	0.08781	0.01134	0.00671	0.00183	0.00309	0.00991	0.00647	0.00612
27	0.00785	0.00593	0.00724	0.00691	0.00845	0.00532	0.00519	0.01023	0.01556	0.02117	0.55948	0.04697	0.25301	0.01269	0.00686	0.00187	0.00280	0.01101	0.00612	0.00532
28	0.04066	0.01000	0.01208	0.00978	0.01353	0.00954	0.00791	0.11099	0.08681	0.40521	0.06193	0.02713	0.16085	0.00888	0.00604	0.00184	0.00459	0.00724	0.00643	0.00856
29	0.01166	0.03008	0.76550	0.01657	0.02517	0.01351	0.02149	0.01842	0.01228	0.01842	0.01044	0.01228	0.00737	0.00552	0.00552	0.00184	0.00859	0.00430	0.00246	0.00859
30	0.00813	0.00594	0.00763	0.00721	0.00862	0.00544	0.00541	0.01077	0.01622	0.02274	0.70304	0.04439	0.10848	0.01211	0.00686	0.00184	0.00276	0.01065	0.00633	0.00544
31	0.02172	0.02772	0.01648	0.01498	0.01798	0.77228	0.01124	0.02322	0.01648	0.01423	0.00899	0.01049	0.00749	0.00599	0.00524	0.00150	0.01049	0.00375	0.00300	0.00674
32	0.01496	0.02271	0.31309	0.03579	0.04916	0.14760	0.21497	0.01999	0.03158	0.05928	0.01157	0.01368	0.00853	0.00555	0.00586	0.00179	0.00879	0.00508	0.00307	0.02694
33	0.01414	0.01356	0.02314	0.09155	0.70550	0.01375	0.01772	0.01762	0.01312	0.01869	0.01089	0.01448	0.00910	0.00523	0.00576	0.00174	0.00697	0.00518	0.00286	0.00901
34	0.01555	0.79913	0.03047	0.00995	0.01493	0.02301	0.00995	0.01741	0.01182	0.01368	0.00808	0.00933	0.00746	0.00498	0.00373	0.00124	0.00622	0.00311	0.00249	0.00746
35	0.00723	0.00544	0.00674	0.00766	0.00856	0.00495	0.00543	0.00854	0.01204	0.01550	0.05834	0.51183	0.23870	0.01692	0.00730	0.00226	0.00339	0.06892	0.00542	0.00484
36	0.02240	0.00678	0.02983	0.00763	0.00930	0.00585	0.00598	0.01140	0.01578	0.03954	0.63006	0.08368	0.08581	0.01198	0.00677	0.00186	0.00304	0.01053	0.00615	0.00562
37	0.00735	0.00586	0.00659	0.00652	0.00818	0.00509	0.00484	0.00923	0.01421	0.01825	0.29506	0.09799	0.47233	0.01398	0.00690	0.00194	0.00290	0.01194	0.00574	0.00509
38	0.07368	0.01491	0.01572	0.01224	0.01651	0.01649	0.01007	0.62314	0.02475	0.03452	0.01407	0.01441	0.01014	0.00686	0.00550	0.00171	0.00592	0.00512	0.08500	0.00923
39	0.00709	0.00506	0.00675	0.00810	0.00843	0.00472	0.00540	0.00810	0.01113	0.01484	0.03205	0.79184	0.03846	0.01822	0.00742	0.00236	0.00337	0.01653	0.00540	0.00472
40	0.01206	0.01034	0.01206	0.00861	0.01378	0.00775	0.00689	0.01464	0.01206	0.01895	0.01034	0.01206	0.00861	0.00431	0.00431	0.00086	0.00431	0.00345	0.00345	0.83118
41	0.79617	0.01095	0.00844	0.00758	0.01104	0.01266	0.00621	0.01680	0.00992	0.02564	0.00845	0.00997	0.00662	0.00573	0.00399	0.01832	0.00446	0.00325	0.02758	0.00620
42	0.83671	0.01125	0.00855	0.00765	0.01125	0.01305	0.00630	0.01709	0.00990	0.02609	0.00810	0.00945	0.00630	0.00540	0.00360	0.00180	0.00450	0.00315	0.00360	0.00630
43	0.00738	0.00529	0.00707	0.00838	0.00889	0.00498	0.00589	0.00861	0.01148	0.01520	0.03254	0.68030	0.05513	0.01786	0.00749	0.00239	0.00362	0.10732	0.00539	0.00481
44	0.01117	0.01053	0.01778	0.74015	0.08007	0.01297	0.01624	0.01502	0.01172	0.01509	0.01037	0.01544	0.00783	0.00578	0.00581	0.00193	0.00771	0.00517	0.00260	0.00661
45	0.83671	0.01125	0.00855	0.00765	0.01125	0.01305	0.00630	0.01709	0.00990	0.02609	0.00810	0.00945	0.00630	0.00540	0.00360	0.00180	0.00450	0.00315	0.00360	0.00630
46	0.00767	0.00534	0.00662	0.00736	0.00762	0.00516	0.00466	0.00830	0.01006	0.01339	0.02677	0.44856	0.04923	0.33409	0.03501	0.00385	0.00458	0.01290	0.00458	0.00425
47	0.00907	0.00613	0.00804	0.00746	0.00898	0.00563	0.00563	0.01179	0.01647	0.05796	0.72196	0.04233	0.05298	0.01167	0.00681	0.00183	0.00285	0.01030	0.00644	0.00569
48	0.01205	0.01166	0.01821	0.51337	0.07356	0.04697	0.06887	0.03937	0.01240	0.01601	0.01202	0.07427	0.01031	0.00700	0.00687	0.00197	0.05931	0.00610	0.00297	0.00670
49	0.02292	0.01086	0.01392	0.01136	0.03430	0.01030	0.00903	0.15901	0.03584	0.51348	0.08225	0.02155	0.01728	0.00770	0.00597	0.00181	0.00509	0.02122	0.00669	0.00940
50	0.02972	0.04106	0.31849	0.01371	0.01964	0.03523	0.01444	0.25528	0.03929	0.10588	0.03230	0.01488	0.01072	0.00645	0.00556	0.00177	0.00693	0.00497	0.03480	0.00887
51	0.01301	0.29580	0.51154	0.01429	0.02163	0.01679	0.01750	0.01807	0.01212	0.01678	0.00962	0.01126	0.00740	0.00533	0.00491	0.00164	0.00777	0.00389	0.00247	0.00820
52	0.02174	0.00893	0.01210	0.00961	0.01335	0.00780	0.00780	0.02411	0.01660	0.58323	0.20146	0.02555	0.02425	0.00834	0.00609	0.00181	0.00441	0.00698	0.00700	0.00882
53	0.01406	0.01029	0.01160	0.02575	0.01294	0.01104	0.00782	0.30946	0.03471	0.02464	0.07151	0.19187	0.07037	0.09893	0.00914	0.00234	0.02056	0.00892	0.05707	0.00698
54	0.01509	0.70619	0.10326	0.01058	0.01592	0.02175	0.01104	0.01746	0.01187	0.01426	0.00837	0.00968	0.00748	0.00502	0.00392	0.00130	0.00642	0.00323	0.00250	0.02468
55	0.01008	0.00804	0.00928	0.00793	0.01070	0.00697	0.00596	0.05272	0.02844	0.01882	0.13687	0.13010	0.16991	0.08374	0.00810	0.00194	0.00393	0.00862	0.00473	0.29312
56	0.01184	0.02445	0.00987	0.00835	0.01068	0.00757	0.02719	0.01514	0.09680	0.13381	0.11765	0.06422	0.23318	0.16347	0.01086	0.00259	0.00429	0.00907	0.00527	0.04371
57	0.07249	0.08329	0.06824	0.00911	0.01139	0.00937	0.00749	0.07561	0.02967	0.03489	0.06539	0.32266	0.05970	0.11337	0.00924	0.00247	0.00469	0.01029	0.00467	0.00596
58	0.11156	0.19699	0.11791	0.02972	0.04841	0.07373	0.08290	0.06732	0.02959	0.03572	0.01128	0.04079	0.00972	0.03641	0.00735	0.00191	0.08302	0.00497	0.00328	0.00742

[dist]
# distance from previous block
# <min> <max>
9	46

[block]
# block no. 5 follows, 40 sequences, length 23
# corresponding to MSA columns:
# 240-262
name=unknown_F
#
# <colnr> <probs for GDERKNQSTAVLIFYWHMCP>
#	G	D	E	R	K	N	Q	S	T	A	V	L	I	F	Y	W	H	M	C	P
0	0.00764	0.00514	0.00661	0.00770	0.00822	0.00485	0.00522	0.00895	0.01149	0.01611	0.05893	0.65774	0.03592	0.01642	0.00694	0.00220	0.00326	0.01479	0.11703	0.00485
1	0.06680	0.01374	0.06360	0.02671	0.08919	0.01295	0.02477	0.26636	0.04839	0.13673	0.01521	0.04576	0.01158	0.00673	0.00549	0.00167	0.00573	0.00545	0.04092	0.11223
2	0.12892	0.16032	0.09146	0.04490	0.03161	0.07323	0.01091	0.23736	0.03935	0.04011	0.02920	0.01368	0.01012	0.00623	0.00497	0.00164	0.00629	0.00454	0.05712	0.00802
3	0.00953	0.00764	0.00810	0.03428	0.01041	0.05497	0.00601	0.01148	0.01431	0.06051	0.24553	0.11443	0.35888	0.01298	0.00675	0.00194	0.00375	0.02746	0.00553	0.00552
4	0.00837	0.00576	0.00691	0.00685	0.00723	0.00580	0.00430	0.00907	0.00990	0.01349	0.13114	0.03746	0.04342	0.56586	0.11609	0.00542	0.00634	0.00859	0.00396	0.00406
5	0.01541	0.01275	0.01541	0.02812	0.01543	0.03215	0.01065	0.27629	0.01629	0.02288	0.03517	0.01609	0.01133	0.01347	0.11990	0.00310	0.29134	0.00546	0.05136	0.00740
6	0.00921	0.00717	0.02686	0.00787	0.00975	0.00637	0.00617	0.01286	0.06411	0.04274	0.61114	0.04063	0.09107	0.01134	0.00668	0.00182	0.00312	0.00992	0.00617	0.02498
7	0.83671	0.01125	0.00855	0.00765	0.01125	0.01305	0.00630	0.01709	0.00990	0.02609	0.00810	0.00945	0.00630	0.00540	0.00360	0.00180	0.00450	0.00315	0.00360	0.00630
8	0.01368	0.01556	0.03363	0.02413	0.02976	0.01484	0.70806	0.01843	0.01353	0.01843	0.01159	0.01556	0.00877	0.00512	0.00737	0.00199	0.04204	0.00679	0.00292	0.00778
9	0.00709	0.00506	0.00675	0.00810	0.00843	0.00472	0.00540	0.00810	0.01113	0.01484	0.03205	0.79184	0.03846	0.01822	0.00742	0.00236	0.00337	0.01653	0.00540	0.00472
10	0.00823	0.00594	0.00777	0.00732	0.00869	0.00549	0.00549	0.01097	0.01646	0.02332	0.75629	0.04344	0.05487	0.01189	0.00686	0.00183	0.00274	0.01052	0.00640	0.00549
11	0.01906	0.01321	0.01493	0.01122	0.01603	0.01294	0.00918	0.37432	0.02026	0.13630	0.01396	0.01413	0.01009	0.00605	0.00528	0.00143	0.00543	0.00468	0.00516	0.30633
12	0.01084	0.00542	0.00542	0.00542	0.00678	0.00542	0.00407	0.01355	0.01220	0.02168	0.01897	0.02168	0.01491	0.00678	0.00407	0.00136	0.00271	0.00542	0.82791	0.00542
13	0.00856	0.00703	0.00768	0.00738	0.00939	0.00670	0.00563	0.01289	0.13683	0.01917	0.23322	0.04725	0.43222	0.01289	0.00674	0.00195	0.00323	0.02970	0.00574	0.00579
14	0.00823	0.00594	0.00777	0.00732	0.00869	0.00549	0.00549	0.01097	0.01646	0.02332	0.75629	0.04344	0.05487	0.01189	0.00686	0.00183	0.00274	0.01052	0.00640	0.00549
15	0.00809	0.00629	0.00892	0.06525	0.06696	0.00616	0.00728	0.00971	0.01186	0.01578	0.06615	0.54974	0.08083	0.01569	0.00716	0.00225	0.00401	0.05753	0.00506	0.00527
16	0.06678	0.01435	0.04079	0.17641	0.11718	0.01444	0.37066	0.07141	0.01385	0.01961	0.01117	0.01482	0.00851	0.00546	0.00653	0.00192	0.02941	0.00586	0.00310	0.00776
17	0.00757	0.00543	0.00718	0.00777	0.00854	0.00505	0.00544	0.00932	0.01339	0.01843	0.33878	0.47487	0.04541	0.01554	0.00718	0.00214	0.00311	0.01398	0.00582	0.00505
18	0.01588	0.60965	0.13619	0.01106	0.01652	0.02052	0.01158	0.04269	0.01272	0.06340	0.00958	0.01059	0.00798	0.00527	0.00420	0.00138	0.00649	0.00353	0.00290	0.00787
19	0.01540	0.54169	0.07755	0.01100	0.01550	0.03716	0.01069	0.07097	0.01300	0.03522	0.01077	0.06614	0.01004	0.00652	0.00535	0.00151	0.05638	0.00452	0.00308	0.00750
20	0.01469	0.63704	0.07228	0.01029	0.01510	0.02051	0.01027	0.01795	0.06470	0.01545	0.06521	0.01294	0.01173	0.00573	0.00423	0.00138	0.00599	0.00398	0.00302	0.00751
21	0.01507	0.06590	0.02249	0.10050	0.43650	0.11491	0.06698	0.01927	0.06839	0.01800	0.01145	0.01429	0.00934	0.00552	0.00565	0.00172	0.00745	0.00508	0.00307	0.00841
22	0.01457	0.01485	0.07514	0.03096	0.60307	0.01385	0.01691	0.07199	0.03731	0.02059	0.03673	0.01542	0.01094	0.00565	0.00579	0.00175	0.00678	0.00535	0.00328	0.00909

[dist]
# distance from previous block
# <min> <max>
1	14

[block]
# block no. 6 follows, 40 sequences, length 59
# corresponding to MSA columns:
# 277-335
name=unknown_G
#
# <colnr> <probs for GDERKNQSTAVLIFYWHMCP>
#	G	D	E	R	K	N	Q	S	T	A	V	L	I	F	Y	W	H	M	C	P
0	0.01578	0.01318	0.01923	0.04243	0.45595	0.04939	0.01415	0.06797	0.04504	0.10571	0.06330	0.01902	0.04964	0.00660	0.00588	0.00176	0.00628	0.00594	0.00405	0.00870
1	0.54834	0.01182	0.01018	0.06747	0.01401	0.07037	0.00756	0.01780	0.03458	0.06648	0.09138	0.01468	0.01263	0.00637	0.00445	0.00180	0.00504	0.00442	0.00406	0.00655
2	0.07918	0.01729	0.01953	0.05656	0.39916	0.22109	0.01442	0.04540	0.03919	0.01875	0.01062	0.01318	0.00873	0.00573	0.00581	0.00171	0.02766	0.00468	0.00315	0.00815
3	0.01186	0.01133	0.01932	0.57379	0.19638	0.01331	0.03857	0.01560	0.01197	0.01585	0.01044	0.01519	0.00810	0.00577	0.00621	0.00191	0.02942	0.00522	0.00266	0.00710
4	0.01295	0.01234	0.02099	0.35216	0.45420	0.01344	0.01713	0.01658	0.01256	0.01724	0.01068	0.01486	0.00859	0.00545	0.00578	0.00182	0.00727	0.00518	0.00275	0.00804
5	0.00709	0.00585	0.00623	0.00624	0.00802	0.00499	0.00464	0.00873	0.01362	0.01683	0.16445	0.09856	0.60564	0.01450	0.00690	0.00197	0.00294	0.01226	0.00555	0.00499
6	0.07379	0.00753	0.06561	0.02207	0.00978	0.00645	0.00660	0.00926	0.00818	0.01205	0.00998	0.01659	0.00956	0.01769	0.01964	0.68908	0.00533	0.00485	0.00260	0.00335
7	0.00709	0.00506	0.00675	0.00810	0.00843	0.00472	0.00540	0.00810	0.01113	0.01484	0.03205	0.79184	0.03846	0.01822	0.00742	0.00236	0.00337	0.01653	0.00540	0.00472
8	0.02211	0.01629	0.01745	0.01338	0.01803	0.01803	0.01105	0.73997	0.02734	0.03665	0.01396	0.01396	0.00989	0.00698	0.00582	0.00175	0.00640	0.00524	0.00582	0.00989
9	0.00711	0.00508	0.00677	0.00808	0.00844	0.00474	0.00540	0.00817	0.01127	0.01507	0.05092	0.77234	0.03889	0.01805	0.00741	0.00235	0.00336	0.01638	0.00542	0.00474
10	0.01124	0.01060	0.01791	0.72478	0.09489	0.01299	0.01628	0.01509	0.01175	0.01517	0.01038	0.01542	0.00786	0.00577	0.00581	0.00192	0.00769	0.00517	0.00261	0.00667
11	0.00709	0.00506	0.00675	0.00810	0.00843	0.00472	0.00540	0.00810	0.01113	0.01484	0.03205	0.79184	0.03846	0.01822	0.00742	0.00236	0.00337	0.01653	0.00540	0.00472
12	0.08378	0.01613	0.03407	0.01298	0.01761	0.01746	0.01089	0.65053	0.04351	0.03512	0.01367	0.01377	0.00975	0.00685	0.00564	0.00176	0.00626	0.00509	0.00557	0.00957
13	0.00852	0.00678	0.00965	0.05571	0.01200	0.00716	0.03092	0.03220	0.01151	0.01551	0.02723	0.55408	0.05315	0.01790	0.06647	0.00284	0.06496	0.01338	0.00477	0.00526
14	0.00719	0.00520	0.00682	0.00799	0.00851	0.00482	0.00545	0.00836	0.01159	0.01540	0.07067	0.69150	0.08149	0.01763	0.00738	0.00232	0.00337	0.03408	0.00545	0.00479
15	0.01154	0.01108	0.01558	0.01365	0.01424	0.03187	0.03410	0.01320	0.00938	0.01399	0.01035	0.01602	0.00989	0.02067	0.26082	0.00469	0.49465	0.00548	0.00275	0.00604
16	0.01432	0.07484	0.08070	0.06786	0.59043	0.01457	0.01725	0.03796	0.01338	0.01884	0.01074	0.01389	0.00888	0.00527	0.00559	0.00171	0.00701	0.00496	0.00288	0.00892
17	0.61634	0.03893	0.01122	0.00933	0.01297	0.12824	0.00758	0.08166	0.01248	0.02484	0.00875	0.01000	0.00683	0.00561	0.00405	0.00173	0.00562	0.00342	0.00367	0.00672
18	0.00774	0.00541	0.00665	0.00730	0.00772	0.00523	0.00473	0.00854	0.01027	0.01377	0.02788	0.39965	0.08545	0.29398	0.06104	0.00388	0.00485	0.01240	0.02913	0.00436
19	0.01873	0.01481	0.01522	0.01261	0.01648	0.05909	0.01013	0.37496	0.29276	0.05590	0.01844	0.03276	0.01407	0.00775	0.00592	0.00186	0.00583	0.02773	0.00572	0.00922
20	0.00728	0.00524	0.00673	0.00771	0.00822	0.00488	0.00516	0.00837	0.01147	0.01524	0.08856	0.61100	0.09296	0.08677	0.00931	0.00258	0.00349	0.01502	0.00531	0.00469
21	0.01494	0.67923	0.14507	0.01098	0.01652	0.02153	0.01175	0.01757	0.01189	0.01442	0.00845	0.00979	0.00745	0.00506	0.00401	0.00134	0.00659	0.00329	0.00248	0.00764
22	0.06953	0.01220	0.01321	0.01070	0.01449	0.06933	0.00862	0.19558	0.03152	0.34130	0.08259	0.04559	0.06301	0.00817	0.00586	0.00180	0.00533	0.00652	0.00607	0.00858
23	0.00776	0.00583	0.00700	0.00713	0.00838	0.00531	0.00521	0.00954	0.01356	0.01792	0.29658	0.15325	0.26627	0.10401	0.00964	0.00245	0.00343	0.06624	0.00554	0.00496
24	0.01307	0.01445	0.03052	0.08124	0.02907	0.01411	0.60094	0.01754	0.01306	0.01778	0.01180	0.01611	0.00913	0.00811	0.06560	0.00254	0.03791	0.00662	0.00291	0.00748
25	0.01224	0.19689	0.51667	0.01417	0.02125	0.01474	0.01717	0.01733	0.01209	0.01716	0.01134	0.06298	0.00950	0.00618	0.00520	0.00170	0.00752	0.00480	0.00270	0.04838
26	0.83671	0.01125	0.00855	0.00765	0.01125	0.01305	0.00630	0.01709	0.00990	0.02609	0.00810	0.00945	0.00630	0.00540	0.00360	0.00180	0.00450	0.00315	0.00360	0.00630
27	0.00962	0.00734	0.01127	0.01166	0.01332	0.00735	0.06478	0.01242	0.01310	0.01720	0.02817	0.05850	0.03013	0.01733	0.06673	0.00314	0.00648	0.61093	0.00500	0.00553
28	0.01092	0.00655	0.00858	0.00773	0.00960	0.00594	0.00592	0.01354	0.01638	0.13638	0.61986	0.04025	0.07297	0.01127	0.00670	0.00183	0.00309	0.00986	0.00649	0.00614
29	0.00721	0.00523	0.00668	0.00771	0.00825	0.00484	0.00518	0.00829	0.01144	0.01512	0.06944	0.62831	0.11352	0.06876	0.00880	0.00251	0.00345	0.01526	0.00532	0.00470
30	0.01744	0.01314	0.01408	0.01203	0.01568	0.02954	0.00959	0.18732	0.46486	0.10995	0.02139	0.02111	0.01598	0.00786	0.00595	0.00192	0.00519	0.03176	0.00596	0.00925
31	0.04699	0.01013	0.01349	0.01037	0.01485	0.00896	0.00857	0.05041	0.01681	0.72142	0.02227	0.01934	0.01404	0.00714	0.00579	0.00180	0.00498	0.00576	0.00706	0.00980
32	0.01148	0.01092	0.01483	0.01260	0.01494	0.11064	0.15645	0.01418	0.01206	0.01632	0.07077	0.02117	0.01555	0.02412	0.36878	0.00532	0.01129	0.00626	0.09634	0.00599
33	0.00817	0.00593	0.00770	0.00729	0.00866	0.00546	0.00545	0.01084	0.01627	0.02294	0.72206	0.05717	0.07604	0.01209	0.00687	0.00184	0.00276	0.01068	0.00635	0.00546
34	0.01473	0.01377	0.02130	0.08153	0.56100	0.03061	0.01606	0.07403	0.07037	0.02029	0.01330	0.01598	0.02917	0.00583	0.00580	0.00176	0.00673	0.00544	0.00338	0.00891
35	0.02211	0.01629	0.01745	0.01338	0.01803	0.01803	0.01105	0.73997	0.02734	0.03665	0.01396	0.01396	0.00989	0.00698	0.00582	0.00175	0.00640	0.00524	0.00582	0.00989
36	0.00794	0.00605	0.00671	0.00647	0.00834	0.00521	0.00488	0.00982	0.01432	0.04384	0.26435	0.05100	0.52321	0.01363	0.00683	0.00192	0.00295	0.01153	0.00576	0.00525
37	0.01173	0.02965	0.74370	0.01681	0.02532	0.01354	0.04286	0.01842	0.01232	0.01842	0.01048	0.01238	0.00741	0.00551	0.00556	0.00185	0.00863	0.00437	0.00247	0.00857
38	0.01555	0.79913	0.03047	0.00995	0.01493	0.02301	0.00995	0.01741	0.01182	0.01368	0.00808	0.00933	0.00746	0.00498	0.00373	0.00124	0.00622	0.00311	0.00249	0.00746
39	0.01267	0.01265	0.01780	0.03869	0.01602	0.01766	0.01283	0.01402	0.00899	0.01402	0.00772	0.01281	0.00764	0.01004	0.01868	0.00253	0.76123	0.00509	0.00255	0.00636
40	0.83671	0.01125	0.00855	0.00765	0.01125	0.01305	0.00630	0.01709	0.00990	0.02609	0.00810	0.00945	0.00630	0.00540	0.00360	0.00180	0.00450	0.00315	0.00360	0.00630
41	0.00867	0.00645	0.00938	0.00928	0.01035	0.00745	0.00715	0.02878	0.00975	0.01396	0.01569	0.02349	0.01480	0.08562	0.71071	0.00894	0.01478	0.00633	0.00321	0.00522
42	0.00712	0.00583	0.00632	0.00664	0.00830	0.00503	0.00499	0.00862	0.01294	0.01572	0.05242	0.16946	0.58572	0.01538	0.00706	0.00209	0.00322	0.07285	0.00540	0.00492
43	0.00708	0.00509	0.00672	0.00802	0.00841	0.00473	0.00536	0.00811	0.01121	0.01487	0.03298	0.76637	0.06333	0.01810	0.00740	0.00235	0.00336	0.01638	0.00540	0.00473
44	0.01383	0.01284	0.01712	0.01446	0.01550	0.03059	0.03186	0.12499	0.01204	0.01749	0.00975	0.01447	0.00897	0.02857	0.09162	0.00313	0.53754	0.00532	0.00314	0.00678
45	0.00835	0.00561	0.00647	0.00657	0.00663	0.00562	0.00379	0.00849	0.00869	0.01162	0.01929	0.09553	0.02226	0.71184	0.05162	0.00550	0.00578	0.00901	0.00365	0.00367
46	0.83671	0.01125	0.00855	0.00765	0.01125	0.01305	0.00630	0.01709	0.00990	0.02609	0.00810	0.00945	0.00630	0.00540	0.00360	0.00180	0.00450	0.00315	0.00360	0.00630
47	0.00813	0.00589	0.00759	0.00791	0.00893	0.00555	0.00569	0.03287	0.01416	0.01942	0.35485	0.38721	0.07051	0.01486	0.00712	0.00210	0.00323	0.03288	0.00586	0.00525
48	0.01602	0.01274	0.01411	0.01081	0.01544	0.01242	0.00872	0.28560	0.11817	0.02617	0.01389	0.02805	0.01087	0.00604	0.00514	0.00137	0.00511	0.00477	0.00470	0.39987
49	0.08438	0.01463	0.01569	0.01225	0.01662	0.01600	0.01007	0.54618	0.06072	0.11265	0.01514	0.01491	0.01067	0.00692	0.00559	0.00175	0.00587	0.00522	0.03531	0.00942
50	0.00815	0.00565	0.00643	0.00650	0.00686	0.00547	0.00392	0.00861	0.00982	0.01298	0.08030	0.09848	0.10957	0.58641	0.02355	0.00467	0.00493	0.00967	0.00410	0.00392
51	0.01694	0.01407	0.03788	0.01249	0.01633	0.01523	0.01031	0.30189	0.39384	0.02837	0.02005	0.02169	0.01557	0.00807	0.00602	0.00193	0.00547	0.05895	0.00573	0.00916
52	0.83671	0.01125	0.00855	0.00765	0.01125	0.01305	0.00630	0.01709	0.00990	0.02609	0.00810	0.00945	0.00630	0.00540	0.00360	0.00180	0.00450	0.00315	0.00360	0.00630
53	0.00846	0.00564	0.00634	0.00634	0.00634	0.00564	0.00352	0.00846	0.00846	0.01128	0.01832	0.03805	0.02114	0.79563	0.02960	0.00564	0.00564	0.00846	0.00352	0.00352
54	0.00778	0.00567	0.00747	0.00866	0.00950	0.00536	0.00653	0.00936	0.01208	0.01575	0.03474	0.47953	0.11943	0.01714	0.00755	0.00241	0.00395	0.23675	0.00538	0.00494
55	0.01165	0.01144	0.06334	0.03181	0.05219	0.00887	0.06578	0.03642	0.01255	0.01858	0.01457	0.15528	0.01405	0.00714	0.00531	0.00138	0.00513	0.00635	0.00372	0.47444
56	0.01283	0.01289	0.04272	0.09929	0.44830	0.01344	0.01535	0.01581	0.01227	0.01731	0.01569	0.01884	0.09334	0.00724	0.00830	0.00193	0.14755	0.00594	0.00306	0.00793
57	0.01800	0.09479	0.07901	0.13213	0.07125	0.12576	0.01257	0.19272	0.04001	0.11416	0.01295	0.01424	0.00958	0.00637	0.00587	0.00172	0.03124	0.00483	0.02451	0.00827
58	0.07411	0.15883	0.07055	0.03343	0.04098	0.15859	0.01148	0.29330	0.01851	0.02397	0.01235	0.01337	0.03137	0.00647	0.00556	0.00165	0.02872	0.00458	0.00403	0.00817

[dist]
# distance from previous block
# <min> <max>
3	10

[block]
# block no. 7 follows, 40 sequences, length 30
# corresponding to MSA columns:
# 346-375
name=unknown_H
#
# <colnr> <probs for GDERKNQSTAVLIFYWHMCP>
#	G	D	E	R	K	N	Q	S	T	A	V	L	I	F	Y	W	H	M	C	P
0	0.04210	0.05585	0.21085	0.02339	0.33516	0.01300	0.07724	0.01686	0.01304	0.01882	0.05834	0.01928	0.05596	0.00654	0.00582	0.00180	0.00693	0.02765	0.00322	0.00815
1	0.00829	0.00661	0.00778	0.00792	0.00915	0.02508	0.00593	0.01016	0.01364	0.01799	0.28138	0.19948	0.21899	0.04810	0.00849	0.00224	0.03158	0.08654	0.00549	0.00515
2	0.03066	0.01706	0.13962	0.17331	0.23951	0.11184	0.01526	0.07290	0.01390	0.01850	0.02774	0.01569	0.02135	0.03485	0.00714	0.00195	0.04269	0.00515	0.00313	0.00775
3	0.01550	0.01175	0.01391	0.07385	0.05918	0.01267	0.00976	0.18802	0.25639	0.08365	0.09806	0.02355	0.07907	0.00814	0.00598	0.00183	0.00509	0.00677	0.00546	0.04136
4	0.78070	0.01127	0.00930	0.04191	0.03087	0.01306	0.00701	0.01702	0.01005	0.02543	0.00826	0.00983	0.00643	0.00541	0.00375	0.00180	0.00470	0.00329	0.00354	0.00638
5	0.01365	0.01509	0.03163	0.02554	0.13767	0.01446	0.59343	0.01815	0.01345	0.01846	0.01195	0.03188	0.00947	0.00539	0.00709	0.00195	0.03308	0.00676	0.00297	0.00793
6	0.00759	0.00571	0.00746	0.00833	0.00872	0.00575	0.00571	0.00857	0.01090	0.01455	0.03094	0.62631	0.08201	0.08036	0.01002	0.00261	0.05988	0.01477	0.00504	0.00476
7	0.00745	0.00553	0.00698	0.00764	0.00860	0.00506	0.00547	0.00906	0.01293	0.01714	0.20583	0.42873	0.18325	0.01593	0.00722	0.00218	0.00326	0.05715	0.00563	0.00498
8	0.01341	0.01553	0.05872	0.02248	0.02786	0.01443	0.61098	0.01874	0.05558	0.01860	0.01294	0.04362	0.01029	0.00581	0.00732	0.00200	0.04373	0.00702	0.00316	0.00777
9	0.57711	0.00956	0.00783	0.00711	0.01011	0.01075	0.00575	0.01648	0.01077	0.04974	0.01166	0.01324	0.00899	0.00585	0.00381	0.00167	0.00401	0.00388	0.23552	0.00617
10	0.00953	0.00642	0.00818	0.00764	0.00929	0.00596	0.00576	0.01259	0.04444	0.07293	0.58824	0.08258	0.10014	0.01196	0.00678	0.00187	0.00302	0.01050	0.00631	0.00585
11	0.00816	0.00594	0.00768	0.00724	0.00865	0.00546	0.00543	0.01084	0.01630	0.02293	0.72072	0.04408	0.09068	0.01203	0.00686	0.00184	0.00275	0.01061	0.00635	0.00546
12	0.03732	0.01209	0.01879	0.24118	0.36017	0.01299	0.01481	0.04057	0.08369	0.06167	0.01502	0.01759	0.04628	0.00626	0.00579	0.00183	0.00654	0.00564	0.00357	0.00820
13	0.03835	0.04370	0.01768	0.10567	0.07939	0.06652	0.01176	0.41967	0.02138	0.11826	0.01370	0.01439	0.00980	0.00655	0.00565	0.00174	0.00665	0.00507	0.00501	0.00905
14	0.00750	0.00615	0.00664	0.00647	0.00834	0.00541	0.00487	0.00985	0.04157	0.01796	0.23388	0.05152	0.55186	0.01375	0.00683	0.00193	0.00296	0.01162	0.00567	0.00522
15	0.01540	0.76921	0.05907	0.01021	0.01532	0.02264	0.01040	0.01745	0.01183	0.01387	0.00818	0.00944	0.00746	0.00500	0.00380	0.00127	0.00631	0.00316	0.00249	0.00751
16	0.03510	0.01294	0.02179	0.20752	0.57341	0.01359	0.01715	0.01714	0.01278	0.01823	0.01072	0.01452	0.00880	0.00533	0.00571	0.00178	0.00704	0.00513	0.00283	0.00850
17	0.03393	0.03745	0.06160	0.01332	0.09354	0.01148	0.01006	0.05238	0.22287	0.22765	0.12654	0.02311	0.04466	0.00788	0.00590	0.00183	0.00500	0.00660	0.00562	0.00859
18	0.01108	0.01047	0.01746	0.73988	0.03870	0.01319	0.01596	0.01481	0.01148	0.01481	0.01019	0.01535	0.00775	0.00605	0.00654	0.00197	0.05012	0.00516	0.00258	0.00645
19	0.12894	0.01271	0.03068	0.05305	0.41668	0.01256	0.03454	0.03532	0.01367	0.15814	0.01355	0.01659	0.01056	0.00604	0.00559	0.00180	0.00629	0.03072	0.00392	0.00866
20	0.00909	0.00648	0.00785	0.00737	0.00914	0.00599	0.00557	0.01223	0.05760	0.05730	0.48432	0.05836	0.23223	0.01228	0.00677	0.00188	0.00302	0.01063	0.00613	0.00575
21	0.00885	0.00611	0.00781	0.00729	0.00886	0.00555	0.00550	0.01143	0.01611	0.05455	0.64556	0.04383	0.13258	0.01201	0.00682	0.00184	0.00286	0.01051	0.00632	0.00561
22	0.05188	0.01128	0.01338	0.04700	0.01429	0.08878	0.00989	0.02637	0.01053	0.01493	0.01336	0.01832	0.04280	0.02253	0.31009	0.00499	0.28495	0.00562	0.00305	0.00594
23	0.00744	0.00531	0.00708	0.00826	0.00877	0.00500	0.00576	0.00873	0.01172	0.01570	0.08934	0.64288	0.03888	0.03480	0.00793	0.00242	0.00357	0.08616	0.00543	0.00482
24	0.02029	0.04567	0.01712	0.01400	0.05318	0.14278	0.01083	0.50030	0.02312	0.02967	0.01547	0.01582	0.05239	0.00710	0.00566	0.00169	0.00682	0.00532	0.02391	0.00885
25	0.02041	0.01454	0.01584	0.01224	0.01658	0.01568	0.01005	0.58860	0.02463	0.06959	0.05706	0.01619	0.01285	0.00711	0.00571	0.00168	0.00583	0.00548	0.04380	0.05612
26	0.03918	0.74303	0.04649	0.01014	0.01512	0.03779	0.01014	0.01755	0.01187	0.01416	0.00816	0.00942	0.00743	0.00502	0.00380	0.00128	0.00631	0.00315	0.00253	0.00744
27	0.01402	0.01399	0.12255	0.05154	0.01832	0.01074	0.06834	0.11727	0.02749	0.06933	0.01386	0.07927	0.01164	0.00640	0.00536	0.00148	0.00580	0.00549	0.00400	0.35309
28	0.05504	0.58446	0.13894	0.01238	0.05910	0.02047	0.01198	0.03224	0.01219	0.01577	0.00872	0.01016	0.00754	0.00513	0.00415	0.00140	0.00653	0.00345	0.00263	0.00773
29	0.01224	0.00894	0.02640	0.00968	0.01192	0.00878	0.00754	0.08553	0.16797	0.09503	0.06100	0.30614	0.10697	0.01282	0.00671	0.00211	0.00424	0.05344	0.00570	0.00685

[dist]
# distance from previous block
# <min> <max>
0	4

[block]
# block no. 8 follows, 40 sequences, length 115
# corresponding to MSA columns:
# 380-494
name=unknown_I
#
# <colnr> <probs for GDERKNQSTAVLIFYWHMCP>
#	G	D	E	R	K	N	Q	S	T	A	V	L	I	F	Y	W	H	M	C	P
0	0.00825	0.00590	0.00747	0.00749	0.00879	0.00540	0.00556	0.01038	0.01451	0.03500	0.42437	0.18413	0.16067	0.03803	0.00773	0.00212	0.00320	0.05979	0.00591	0.00527
1	0.01217	0.00938	0.01041	0.00959	0.01219	0.00996	0.00744	0.02121	0.37119	0.07058	0.15355	0.05799	0.17768	0.01060	0.00641	0.00198	0.00397	0.04031	0.00593	0.00743
2	0.01372	0.01302	0.02209	0.05187	0.68088	0.01306	0.01680	0.01698	0.01303	0.01856	0.01263	0.07730	0.01154	0.00625	0.00589	0.00178	0.00664	0.00610	0.00308	0.00878
3	0.01489	0.66904	0.15481	0.01107	0.01666	0.02140	0.01190	0.01758	0.01189	0.01448	0.00848	0.00983	0.00745	0.00507	0.00403	0.00134	0.00662	0.00331	0.00248	0.00765
4	0.00804	0.00631	0.00926	0.00925	0.01037	0.00583	0.06467	0.00954	0.01171	0.01575	0.07813	0.54449	0.06674	0.06858	0.00871	0.00245	0.00408	0.03309	0.00506	0.03795
5	0.01558	0.01564	0.08166	0.08795	0.50674	0.06366	0.01660	0.05568	0.01420	0.06961	0.01169	0.01439	0.00922	0.00554	0.00572	0.00174	0.00719	0.00506	0.00327	0.00887
6	0.83671	0.01125	0.00855	0.00765	0.01125	0.01305	0.00630	0.01709	0.00990	0.02609	0.00810	0.00945	0.00630	0.00540	0.00360	0.00180	0.00450	0.00315	0.00360	0.00630
7	0.00742	0.00568	0.00672	0.00739	0.00852	0.00514	0.00538	0.00877	0.01211	0.01527	0.04195	0.32495	0.33561	0.07934	0.00907	0.00250	0.00365	0.11049	0.00524	0.00479
