[name]
unknown

[dist]
# distance from previous block
# <min> <max>
21	116

[block]
# block no. 0 follows, 46 sequences, length 91
# corresponding to MSA columns:
# 125-215
name=unknown_A
#
# <colnr> <probs for GDERKNQSTAVLIFYWHMCP>
#	G	D	E	R	K	N	Q	S	T	A	V	L	I	F	Y	W	H	M	C	P
0	0.15637	0.02980	0.02566	0.01052	0.03886	0.02549	0.00825	0.20046	0.19187	0.10245	0.04441	0.01582	0.01231	0.03851	0.00570	0.00171	0.00480	0.00487	0.00461	0.07754
1	0.16745	0.01174	0.02410	0.06230	0.01529	0.01227	0.00863	0.29354	0.08159	0.14432	0.01502	0.01499	0.04331	0.00620	0.00486	0.00157	0.00497	0.00474	0.00469	0.07840
2	0.16517	0.04065	0.01254	0.00982	0.01339	0.03071	0.00795	0.22741	0.16119	0.13351	0.01506	0.06357	0.01176	0.00662	0.00484	0.00159	0.00475	0.00514	0.00475	0.07957
3	0.00853	0.00579	0.00667	0.00643	0.00735	0.00561	0.00432	0.01020	0.05412	0.05105	0.14981	0.03729	0.15239	0.43529	0.01710	0.00354	0.00418	0.03174	0.00426	0.00434
4	0.03535	0.04545	0.01295	0.00934	0.01339	0.01008	0.00769	0.18255	0.01546	0.25689	0.06437	0.01525	0.01238	0.00587	0.00503	0.00134	0.02006	0.00460	0.00478	0.27717
5	0.00760	0.00559	0.00704	0.00735	0.00846	0.00529	0.00549	0.04094	0.01285	0.01723	0.27236	0.32236	0.14591	0.01357	0.00652	0.00195	0.00318	0.10629	0.00521	0.00482
6	0.01445	0.01210	0.02028	0.02948	0.68244	0.01194	0.01514	0.01745	0.01244	0.11605	0.01135	0.01372	0.00898	0.00495	0.00524	0.00158	0.00605	0.00479	0.00312	0.00845
7	0.01534	0.01748	0.01870	0.01938	0.21132	0.31945	0.10349	0.01807	0.04489	0.01488	0.00926	0.01183	0.00778	0.00593	0.00747	0.00166	0.15904	0.00442	0.00273	0.00685
8	0.00748	0.00540	0.00707	0.00665	0.00790	0.00499	0.00499	0.00998	0.01496	0.02120	0.77844	0.03949	0.04988	0.01081	0.00624	0.00166	0.00249	0.00956	0.00582	0.00499
9	0.01301	0.01124	0.01209	0.01124	0.03437	0.01293	0.00850	0.02732	0.73240	0.02196	0.03994	0.02003	0.01676	0.00720	0.00540	0.00178	0.00420	0.00603	0.00532	0.00828
10	0.01154	0.01105	0.01778	0.37630	0.36842	0.03242	0.01461	0.01499	0.02855	0.01553	0.02599	0.03939	0.00959	0.00554	0.00532	0.00168	0.00649	0.00512	0.00270	0.00699
11	0.12020	0.01323	0.01397	0.06036	0.01615	0.04520	0.00930	0.45696	0.05757	0.09518	0.01266	0.01304	0.00909	0.00644	0.00546	0.02648	0.00556	0.00455	0.00474	0.02387
12	0.01975	0.02520	0.01498	0.01362	0.01634	0.79299	0.01021	0.02111	0.01498	0.01294	0.00817	0.00953	0.00681	0.00545	0.00477	0.00136	0.00953	0.00340	0.00272	0.00613
13	0.00758	0.00509	0.00586	0.00601	0.00607	0.00506	0.00349	0.00772	0.00803	0.01069	0.01815	0.11330	0.02104	0.71701	0.02446	0.00477	0.00491	0.02399	0.00341	0.00335
14	0.01305	0.09431	0.38117	0.01161	0.01682	0.03023	0.01293	0.01724	0.04233	0.14737	0.06142	0.01606	0.03696	0.00689	0.00604	0.05750	0.00605	0.00479	0.03007	0.00715
15	0.01516	0.01679	0.24866	0.01216	0.01735	0.01245	0.02482	0.27725	0.06896	0.08674	0.01275	0.01378	0.00934	0.00642	0.02089	0.00167	0.00613	0.01519	0.00406	0.12940
16	0.01939	0.01054	0.01262	0.01010	0.01376	0.01065	0.00820	0.19738	0.17109	0.39152	0.08135	0.01887	0.01577	0.00698	0.00540	0.00166	0.00458	0.00567	0.00595	0.00854
17	0.00656	0.00469	0.00628	0.00737	0.00771	0.00448	0.00495	0.00751	0.00992	0.01328	0.02765	0.72738	0.03289	0.05003	0.05962	0.00269	0.00388	0.01411	0.00470	0.00428
18	0.01434	0.01931	0.35083	0.01567	0.11733	0.08458	0.03926	0.07859	0.01351	0.13550	0.03516	0.03192	0.02828	0.00596	0.00524	0.00163	0.00676	0.00491	0.00348	0.00774
19	0.03778	0.30183	0.28694	0.01458	0.06870	0.04040	0.11000	0.05331	0.01197	0.01619	0.00897	0.01069	0.00710	0.00483	0.00457	0.00147	0.00694	0.00387	0.00252	0.00734
20	0.00644	0.00460	0.00613	0.00736	0.00767	0.00429	0.00491	0.00736	0.01012	0.01350	0.02914	0.81076	0.03497	0.01656	0.00675	0.00215	0.00307	0.01503	0.00491	0.00429
21	0.01018	0.00947	0.01570	0.65885	0.10306	0.01141	0.01403	0.01387	0.02901	0.01457	0.06064	0.01581	0.01022	0.00564	0.00535	0.00174	0.00661	0.00505	0.00268	0.00611
22	0.19638	0.01021	0.02923	0.14219	0.02765	0.01091	0.02547	0.09557	0.04176	0.11198	0.03650	0.05238	0.08601	0.00724	0.00606	0.00173	0.07464	0.00560	0.00398	0.03449
23	0.01045	0.04547	0.01569	0.17788	0.01829	0.01308	0.05776	0.01229	0.00938	0.01328	0.01184	0.16097	0.01224	0.00928	0.01154	0.00208	0.40341	0.00660	0.00282	0.00565
24	0.00715	0.00526	0.00669	0.00661	0.00776	0.00480	0.00485	0.00922	0.01376	0.01899	0.55690	0.17378	0.14035	0.01213	0.00633	0.00176	0.00262	0.01071	0.00555	0.00480
25	0.02873	0.01018	0.01755	0.51928	0.10105	0.01146	0.10827	0.01527	0.01139	0.08902	0.01177	0.01520	0.02696	0.00544	0.00539	0.00173	0.00680	0.00508	0.00290	0.00653
26	0.08694	0.15139	0.22301	0.01113	0.01612	0.03877	0.01129	0.08407	0.06372	0.24383	0.01331	0.01314	0.00933	0.00565	0.00473	0.00156	0.00581	0.00424	0.00408	0.00789
27	0.02334	0.00960	0.01264	0.00969	0.01380	0.00866	0.00801	0.10232	0.01614	0.70691	0.02001	0.01744	0.01266	0.00652	0.00531	0.00163	0.00464	0.00526	0.00641	0.00900
28	0.01488	0.71902	0.02581	0.00914	0.01357	0.01953	0.00891	0.01713	0.04141	0.07614	0.00902	0.00971	0.00767	0.00479	0.00363	0.00120	0.00550	0.00316	0.00274	0.00703
29	0.00768	0.00514	0.00583	0.00583	0.00585	0.00516	0.00328	0.00773	0.00771	0.01030	0.01660	0.03429	0.01909	0.79700	0.04393	0.00520	0.00533	0.00764	0.00320	0.00324
30	0.00736	0.00540	0.00689	0.00652	0.00782	0.00493	0.00489	0.00973	0.01467	0.02049	0.70445	0.04065	0.12431	0.01107	0.00624	0.00168	0.00251	0.00972	0.00573	0.00493
31	0.12424	0.00965	0.01203	0.00934	0.01335	0.00901	0.00772	0.08818	0.01522	0.62733	0.01851	0.01639	0.01184	0.00633	0.00506	0.00163	0.00456	0.00497	0.00604	0.00860
32	0.00667	0.00524	0.00601	0.00608	0.00743	0.00460	0.00444	0.00827	0.01253	0.01616	0.26623	0.17360	0.42368	0.02680	0.00668	0.00187	0.00273	0.01126	0.00515	0.00457
33	0.01413	0.81739	0.02770	0.00905	0.01357	0.02092	0.00905	0.01583	0.01074	0.01244	0.00735	0.00848	0.00678	0.00452	0.00339	0.00113	0.00565	0.00283	0.00226	0.00678
34	0.00660	0.00468	0.00614	0.00724	0.00753	0.00441	0.00480	0.00745	0.00991	0.01321	0.02788	0.72140	0.03333	0.09587	0.00876	0.00245	0.00330	0.02612	0.00474	0.00419
35	0.01060	0.02735	0.78682	0.01507	0.02288	0.01228	0.01953	0.01674	0.01116	0.01674	0.00949	0.01116	0.00670	0.00502	0.00502	0.00167	0.00781	0.00391	0.00223	0.00781
36	0.00852	0.00608	0.00852	0.00974	0.01095	0.00608	0.00852	0.01095	0.01217	0.01582	0.02799	0.05963	0.03042	0.01460	0.00730	0.00243	0.00487	0.74565	0.00487	0.00487
37	0.01455	0.01205	0.01274	0.01104	0.01428	0.01380	0.00871	0.17625	0.62125	0.02437	0.01974	0.01831	0.01470	0.00701	0.00536	0.00175	0.00451	0.00573	0.00536	0.00849
38	0.85155	0.01022	0.00777	0.00695	0.01022	0.01186	0.00573	0.01554	0.00900	0.02372	0.00736	0.00859	0.00573	0.00491	0.00327	0.00164	0.00409	0.00286	0.00327	0.00573
39	0.00717	0.00539	0.00663	0.00632	0.00771	0.00485	0.00474	0.00937	0.01422	0.01944	0.59439	0.04238	0.23503	0.01146	0.00624	0.00169	0.00254	0.00997	0.00559	0.00485
40	0.01270	0.01327	0.11157	0.01129	0.01485	0.01285	0.00981	0.02618	0.65374	0.02126	0.02014	0.01968	0.01530	0.00709	0.00538	0.00179	0.00467	0.02526	0.00496	0.00820
41	0.01926	0.01439	0.01539	0.01199	0.01608	0.01600	0.00985	0.67504	0.11478	0.03197	0.01375	0.01354	0.00985	0.00645	0.00530	0.00161	0.00562	0.00491	0.00530	0.00892
42	0.02215	0.00963	0.01243	0.00974	0.01369	0.00895	0.00798	0.06808	0.11304	0.64394	0.02048	0.01791	0.01325	0.00661	0.00532	0.00165	0.00453	0.00537	0.00632	0.00892
43	0.01109	0.00959	0.01162	0.00937	0.06056	0.00739	0.00689	0.01349	0.01103	0.01723	0.00943	0.01109	0.00786	0.00396	0.00400	0.00083	0.00406	0.00323	0.00310	0.79415
44	0.00918	0.00459	0.00689	0.00689	0.00689	0.00459	0.00459	0.00689	0.00689	0.00918	0.00918	0.01607	0.00918	0.01837	0.02066	0.84619	0.00459	0.00459	0.00230	0.00230
45	0.00998	0.00940	0.01586	0.80150	0.03641	0.01175	0.01468	0.01351	0.01057	0.01351	0.00940	0.01409	0.00705	0.00529	0.00529	0.00176	0.00705	0.00470	0.00235	0.00587
46	0.01206	0.36965	0.35649	0.11364	0.02056	0.01598	0.01433	0.01593	0.01090	0.01445	0.00854	0.01037	0.00678	0.00484	0.00435	0.00145	0.00677	0.00354	0.00226	0.00711
47	0.01871	0.01419	0.01491	0.01190	0.01553	0.06363	0.00969	0.50748	0.11309	0.08755	0.01402	0.02734	0.01035	0.00677	0.00609	0.00166	0.05857	0.00503	0.00503	0.00844
48	0.00823	0.00565	0.00652	0.00655	0.00690	0.00568	0.00404	0.05765	0.00938	0.01251	0.01923	0.20927	0.02212	0.57974	0.02090	0.00422	0.00470	0.00916	0.00373	0.00383
49	0.02966	0.12122	0.64465	0.01392	0.02108	0.01311	0.01746	0.01700	0.01124	0.05020	0.00968	0.01108	0.00697	0.00503	0.00480	0.00161	0.00733	0.00382	0.00245	0.00770
50	0.00737	0.00502	0.00601	0.00632	0.00645	0.00500	0.00382	0.00770	0.00834	0.01118	0.01966	0.22900	0.02285	0.57110	0.06393	0.00456	0.00510	0.00942	0.00361	0.00356
51	0.01413	0.81739	0.02770	0.00905	0.01357	0.02092	0.00905	0.01583	0.01074	0.01244	0.00735	0.00848	0.00678	0.00452	0.00339	0.00113	0.00565	0.00283	0.00226	0.00678
52	0.01107	0.04553	0.01613	0.63340	0.03175	0.01271	0.01360	0.06141	0.06175	0.01524	0.01022	0.01403	0.00775	0.00560	0.00569	0.00175	0.03866	0.00470	0.00273	0.00627
53	0.01215	0.04015	0.01037	0.00843	0.01042	0.00881	0.00649	0.14526	0.01227	0.09282	0.01463	0.02107	0.01321	0.21566	0.23184	0.00433	0.02641	0.00562	0.05936	0.06071
54	0.01372	0.70095	0.10794	0.00976	0.01457	0.01969	0.01014	0.01642	0.04126	0.01328	0.00814	0.00922	0.00715	0.00468	0.00365	0.00122	0.00582	0.00307	0.00238	0.00696
55	0.00792	0.00616	0.00729	0.00687	0.00847	0.00591	0.00519	0.01174	0.11165	0.01967	0.50839	0.03966	0.21922	0.01095	0.00613	0.00171	0.00276	0.00948	0.00555	0.00530
56	0.01065	0.00995	0.01684	0.69117	0.03428	0.01197	0.07132	0.04919	0.01140	0.01481	0.00978	0.01414	0.00732	0.00529	0.00533	0.00175	0.00705	0.00482	0.01683	0.00610
57	0.00755	0.00566	0.00850	0.00850	0.00944	0.00661	0.00661	0.00944	0.00850	0.01227	0.01416	0.02077	0.01322	0.03965	0.79326	0.00850	0.01416	0.00566	0.00283	0.00472
58	0.00682	0.00520	0.00770	0.00829	0.00892	0.00486	0.05222	0.00796	0.01027	0.01371	0.02799	0.76099	0.03328	0.01581	0.00672	0.00212	0.00343	0.01448	0.00477	0.00447
59	0.01351	0.01350	0.02059	0.02972	0.66956	0.07491	0.01544	0.01638	0.01201	0.01663	0.00960	0.01270	0.00815	0.00507	0.00600	0.00160	0.05938	0.00460	0.00261	0.00802
60	0.00737	0.00525	0.00671	0.00683	0.00792	0.00480	0.00498	0.00924	0.01310	0.03326	0.43215	0.27011	0.13549	0.01284	0.00640	0.00184	0.00278	0.02872	0.00543	0.00479
61	0.01248	0.01195	0.02037	0.18157	0.63680	0.01240	0.01593	0.01570	0.01175	0.01654	0.00984	0.01328	0.00812	0.00482	0.00524	0.00161	0.00643	0.00471	0.00256	0.00789
62	0.01380	0.71370	0.02622	0.00967	0.01361	0.02031	0.00937	0.01543	0.01040	0.01247	0.00730	0.00888	0.00680	0.00513	0.00519	0.00128	0.10845	0.00306	0.00227	0.00666
63	0.02010	0.01481	0.01587	0.01216	0.01639	0.01639	0.01005	0.76360	0.02486	0.03332	0.01269	0.01269	0.00899	0.00635	0.00529	0.00159	0.00582	0.00476	0.00529	0.00899
64	0.02275	0.00878	0.01196	0.00924	0.01316	0.00760	0.00760	0.02482	0.01512	0.73929	0.06609	0.01928	0.01528	0.00680	0.00537	0.00164	0.00438	0.00557	0.00650	0.00876
65	0.01112	0.02561	0.68417	0.03853	0.03740	0.02960	0.03374	0.03203	0.02866	0.01703	0.00982	0.01154	0.00703	0.00510	0.00507	0.00167	0.00770	0.00405	0.00240	0.00775
66	0.01327	0.01228	0.02005	0.15091	0.59146	0.01280	0.01539	0.08729	0.01303	0.01822	0.01012	0.01320	0.00823	0.00496	0.00525	0.00160	0.00636	0.00471	0.00283	0.00804
67	0.00769	0.00513	0.00577	0.00577	0.00577	0.00513	0.00320	0.00769	0.00769	0.01025	0.01666	0.03460	0.01922	0.81421	0.02691	0.00513	0.00513	0.00769	0.00320	0.00320
68	0.06017	0.00905	0.01207	0.00930	0.01335	0.00795	0.00768	0.02531	0.01486	0.75137	0.02026	0.01758	0.01276	0.00647	0.00523	0.00164	0.00448	0.00521	0.00640	0.00885
69	0.00907	0.00577	0.00749	0.00685	0.00842	0.00524	0.00521	0.01144	0.01479	0.09917	0.65417	0.03801	0.09286	0.01054	0.00614	0.00167	0.00271	0.00923	0.00584	0.00537
70	0.00740	0.00518	0.00671	0.00676	0.00776	0.00479	0.00495	0.00885	0.01257	0.01715	0.41850	0.17163	0.14078	0.01329	0.00823	0.11047	0.00299	0.04250	0.00504	0.00445
71	0.01248	0.01426	0.03119	0.02228	0.02763	0.01337	0.76203	0.01693	0.01248	0.01693	0.01070	0.01426	0.00802	0.00446	0.00624	0.00178	0.00891	0.00624	0.00267	0.00713
72	0.00775	0.00502	0.00576	0.00596	0.00620	0.00495	0.00361	0.00829	0.00874	0.01232	0.03903	0.16733	0.02203	0.55075	0.01988	0.00402	0.00436	0.00865	0.11171	0.00366
73	0.85155	0.01022	0.00777	0.00695	0.01022	0.01186	0.00573	0.01554	0.00900	0.02372	0.00736	0.00859	0.00573	0.00491	0.00327	0.00164	0.00409	0.00286	0.00327	0.00573
74	0.00739	0.00538	0.00696	0.00661	0.00786	0.00494	0.00494	0.00978	0.01467	0.02063	0.72080	0.06445	0.08352	0.01111	0.00625	0.00168	0.00252	0.00981	0.00575	0.00494
75	0.01013	0.00519	0.00522	0.00512	0.00644	0.00524	0.00387	0.03264	0.01146	0.02008	0.01712	0.01952	0.01343	0.00616	0.00374	0.00124	0.00255	0.00492	0.82088	0.00504
76	0.01107	0.00949	0.01101	0.00797	0.01259	0.00734	0.00637	0.01403	0.04805	0.01746	0.00999	0.01139	0.00824	0.00407	0.00399	0.00083	0.00393	0.00327	0.00324	0.80567
77	0.00769	0.00513	0.00577	0.00577	0.00577	0.00513	0.00320	0.00769	0.00769	0.01025	0.01666	0.03460	0.01922	0.81421	0.02691	0.00513	0.00513	0.00769	0.00320	0.00320
78	0.01068	0.01001	0.01676	0.66161	0.15665	0.01197	0.01484	0.02852	0.01109	0.01450	0.00955	0.01390	0.00730	0.00521	0.00528	0.00173	0.00690	0.00470	0.00245	0.00634
79	0.00912	0.00463	0.00695	0.00695	0.00699	0.00467	0.00467	0.00699	0.00695	0.00931	0.00938	0.01626	0.00934	0.01922	0.05160	0.81264	0.00497	0.00463	0.00232	0.00239
80	0.01400	0.78000	0.04048	0.00929	0.01374	0.02063	0.00930	0.01575	0.01067	0.01252	0.00737	0.00862	0.00679	0.00467	0.00383	0.00117	0.02923	0.00290	0.00226	0.00677
81	0.03744	0.05614	0.11374	0.01088	0.01545	0.04372	0.00988	0.27508	0.01597	0.05800	0.01077	0.01169	0.00814	0.00538	0.00518	0.00135	0.04068	0.00395	0.00383	0.27274
82	0.01620	0.05749	0.01406	0.05355	0.01488	0.02877	0.02545	0.17288	0.06108	0.21696	0.01568	0.09752	0.01272	0.00746	0.00660	0.00167	0.09701	0.00582	0.03119	0.06300
83	0.06865	0.01304	0.03497	0.06235	0.39925	0.06124	0.03691	0.03169	0.11731	0.01788	0.02798	0.01398	0.00986	0.00570	0.00620	0.00168	0.07575	0.00481	0.00312	0.00759
84	0.07758	0.02685	0.05921	0.01758	0.10947	0.09864	0.23587	0.14578	0.01383	0.01916	0.01021	0.02999	0.00829	0.00592	0.00702	0.00173	0.11753	0.00504	0.00314	0.00716
85	0.01811	0.01242	0.01474	0.01358	0.11314	0.01324	0.00974	0.44434	0.04992	0.13679	0.01432	0.01528	0.01056	0.04233	0.01957	0.00185	0.00555	0.00504	0.05115	0.00834
86	0.00773	0.00507	0.00585	0.00590	0.00591	0.00506	0.00336	0.00762	0.00774	0.01031	0.01669	0.06452	0.01922	0.73254	0.02571	0.05756	0.00501	0.00779	0.00321	0.00319
87	0.00692	0.00541	0.00650	0.02960	0.00839	0.00489	0.00486	0.00878	0.01306	0.01719	0.36560	0.13082	0.35414	0.01238	0.00627	0.00177	0.00277	0.01071	0.00523	0.00471
88	0.02311	0.00958	0.01258	0.00969	0.01376	0.00868	0.00799	0.09127	0.03646	0.69760	0.02015	0.01757	0.01281	0.00654	0.00532	0.00164	0.00461	0.00528	0.00640	0.00898
89	0.01090	0.01071	0.01460	0.01272	0.01326	0.04780	0.03398	0.01237	0.00864	0.01275	0.00900	0.01397	0.00861	0.01689	0.21961	0.00387	0.53737	0.00490	0.00248	0.00556
90	0.01096	0.00940	0.01096	0.00783	0.01253	0.00705	0.00626	0.01331	0.01096	0.01723	0.00940	0.01096	0.00783	0.00392	0.00392	0.00078	0.00392	0.00313	0.00313	0.84653

[dist]
# distance from previous block
# <min> <max>
0	1

[block]
# block no. 1 follows, 46 sequences, length 8
# corresponding to MSA columns:
# 217-224
name=unknown_B
#
# <colnr> <probs for GDERKNQSTAVLIFYWHMCP>
#	G	D	E	R	K	N	Q	S	T	A	V	L	I	F	Y	W	H	M	C	P
0	0.01037	0.00983	0.01388	0.01229	0.01253	0.01335	0.01007	0.01168	0.00830	0.01266	0.00978	0.05570	0.00987	0.01667	0.19633	0.00374	0.57952	0.00541	0.00257	0.00546
1	0.01942	0.02379	0.01488	0.01337	0.01621	0.70147	0.01011	0.06973	0.05545	0.01475	0.00917	0.01028	0.00744	0.00560	0.00483	0.00140	0.00901	0.00363	0.00303	0.00643
2	0.00758	0.00514	0.00573	0.00573	0.00587	0.00508	0.00326	0.00768	0.00802	0.01055	0.01944	0.03582	0.07652	0.75382	0.02535	0.00487	0.00494	0.00795	0.00333	0.00330
3	0.00762	0.00540	0.00717	0.00717	0.00766	0.00589	0.00496	0.00859	0.00810	0.01129	0.01537	0.02747	0.01613	0.41515	0.42174	0.00686	0.00978	0.00665	0.00301	0.00398
4	0.00702	0.00573	0.00625	0.00606	0.00776	0.00514	0.00456	0.00951	0.05811	0.01679	0.26617	0.04565	0.51788	0.01225	0.00619	0.00175	0.00271	0.01038	0.00521	0.00485
5	0.00769	0.00513	0.00577	0.00577	0.00577	0.00513	0.00320	0.00769	0.00769	0.01025	0.01666	0.03460	0.01922	0.81421	0.02691	0.00513	0.00513	0.00769	0.00320	0.00320
6	0.01132	0.00984	0.01260	0.09741	0.01602	0.00825	0.04020	0.04608	0.01159	0.01750	0.00960	0.01153	0.00780	0.00420	0.00423	0.00097	0.00457	0.00351	0.00312	0.67967
7	0.01005	0.01140	0.10208	0.71355	0.03490	0.01180	0.01522	0.01387	0.01064	0.01387	0.00941	0.01377	0.00701	0.00526	0.00526	0.00175	0.00713	0.00461	0.00234	0.00609

[dist]
# distance from previous block
# <min> <max>
0	21

[block]
# block no. 2 follows, 46 sequences, length 47
# corresponding to MSA columns:
# 246-292
name=unknown_C
#
# <colnr> <probs for GDERKNQSTAVLIFYWHMCP>
#	G	D	E	R	K	N	Q	S	T	A	V	L	I	F	Y	W	H	M	C	P
0	0.01921	0.04171	0.01426	0.01075	0.01453	0.01325	0.00886	0.42470	0.07497	0.21574	0.01561	0.02803	0.01113	0.00660	0.00539	0.00160	0.02046	0.00509	0.05963	0.00846
1	0.01083	0.03023	0.01197	0.13141	0.01499	0.08757	0.00891	0.03954	0.01039	0.01441	0.01169	0.01615	0.01019	0.01851	0.28983	0.00414	0.15848	0.00489	0.12040	0.00547
2	0.01186	0.04516	0.67303	0.01456	0.02185	0.01300	0.01810	0.10893	0.01284	0.01868	0.00983	0.01128	0.00698	0.00517	0.00502	0.00165	0.00751	0.00399	0.00261	0.00793
3	0.00768	0.00516	0.00593	0.00593	0.00598	0.00521	0.00341	0.00779	0.00774	0.01037	0.01651	0.03377	0.01886	0.76820	0.07243	0.00533	0.00566	0.00757	0.00318	0.00329
4	0.00667	0.00472	0.00618	0.00725	0.00755	0.00446	0.00483	0.00753	0.00990	0.01318	0.02756	0.68769	0.03286	0.11497	0.00926	0.00253	0.00339	0.04062	0.00470	0.00418
5	0.01073	0.00518	0.00545	0.00526	0.00665	0.00510	0.00398	0.01304	0.01124	0.06847	0.01727	0.01951	0.01341	0.00650	0.00423	0.02283	0.00265	0.00494	0.76845	0.00512
6	0.01239	0.01409	0.03064	0.05032	0.02795	0.01331	0.73514	0.01681	0.01241	0.01681	0.01065	0.01425	0.00799	0.00449	0.00620	0.00178	0.00885	0.00618	0.00266	0.00708
7	0.01354	0.01127	0.01197	0.01071	0.01374	0.01295	0.00835	0.02801	0.74391	0.05012	0.02149	0.01966	0.01603	0.00715	0.00538	0.00179	0.00420	0.00595	0.00542	0.00839
8	0.01566	0.01129	0.01239	0.01066	0.01396	0.01254	0.00843	0.10020	0.56752	0.15483	0.02053	0.01873	0.01491	0.00698	0.00536	0.00175	0.00440	0.00574	0.00557	0.00854
9	0.02010	0.01481	0.01587	0.01216	0.01639	0.01639	0.01005	0.76360	0.02486	0.03332	0.01269	0.01269	0.00899	0.00635	0.00529	0.00159	0.00582	0.00476	0.00529	0.00899
10	0.00695	0.00524	0.00654	0.00734	0.00837	0.00483	0.00558	0.00844	0.01139	0.01457	0.05903	0.35850	0.26298	0.01490	0.00672	0.00210	0.00340	0.20366	0.00493	0.00452
11	0.01322	0.55652	0.25760	0.01095	0.01647	0.01818	0.01225	0.03594	0.01124	0.01430	0.00814	0.00941	0.00682	0.00472	0.00394	0.00131	0.00631	0.00321	0.00233	0.00715
12	0.00769	0.00513	0.00577	0.00577	0.00577	0.00513	0.00320	0.00769	0.00769	0.01025	0.01666	0.03460	0.01922	0.81421	0.02691	0.00513	0.00513	0.00769	0.00320	0.00320
13	0.00644	0.00460	0.00613	0.00736	0.00767	0.00429	0.00491	0.00736	0.01012	0.01350	0.02914	0.81076	0.03497	0.01656	0.00675	0.00215	0.00307	0.01503	0.00491	0.00429
14	0.02294	0.00931	0.01235	0.00957	0.01359	0.00836	0.00787	0.04706	0.06388	0.71448	0.02066	0.01795	0.01316	0.00658	0.00532	0.00164	0.00452	0.00534	0.00643	0.00896
15	0.01287	0.01235	0.02108	0.08442	0.73090	0.01251	0.01612	0.01604	0.01194	0.01702	0.00991	0.01315	0.00828	0.00475	0.00524	0.00158	0.00633	0.00471	0.00260	0.00820
16	0.00841	0.00690	0.01005	0.00956	0.01027	0.00859	0.00756	0.01008	0.00839	0.01231	0.01270	0.01922	0.01206	0.05542	0.60714	0.00709	0.18111	0.00550	0.00273	0.00490
17	0.01217	0.01366	0.02930	0.11849	0.02871	0.01317	0.66976	0.01651	0.01224	0.01651	0.01053	0.01424	0.00790	0.00456	0.00612	0.00178	0.00868	0.00605	0.00263	0.00697
18	0.00769	0.00513	0.00577	0.00577	0.00577	0.00513	0.00320	0.00769	0.00769	0.01025	0.01666	0.03460	0.01922	0.81421	0.02691	0.00513	0.00513	0.00769	0.00320	0.00320
19	0.01413	0.81739	0.02770	0.00905	0.01357	0.02092	0.00905	0.01583	0.01074	0.01244	0.00735	0.00848	0.00678	0.00452	0.00339	0.00113	0.00565	0.00283	0.00226	0.00678
20	0.00769	0.00513	0.00577	0.00577	0.00577	0.00513	0.00320	0.00769	0.00769	0.01025	0.01666	0.03460	0.01922	0.81421	0.02691	0.00513	0.00513	0.00769	0.00320	0.00320
21	0.01975	0.02520	0.01498	0.01362	0.01634	0.79299	0.01021	0.02111	0.01498	0.01294	0.00817	0.00953	0.00681	0.00545	0.00477	0.00136	0.00953	0.00340	0.00272	0.00613
22	0.01672	0.00894	0.01115	0.00974	0.02657	0.00883	0.00757	0.02262	0.24069	0.37336	0.10602	0.07125	0.03410	0.00815	0.00560	0.00174	0.00411	0.02909	0.00586	0.00786
23	0.00998	0.00533	0.00546	0.00539	0.00672	0.00547	0.00407	0.01316	0.05618	0.01961	0.01740	0.01974	0.01369	0.00731	0.02956	0.00150	0.00295	0.00501	0.76634	0.00512
24	0.00661	0.00534	0.00570	0.00563	0.00714	0.00462	0.00411	0.00802	0.01213	0.01511	0.17905	0.04720	0.57223	0.09394	0.00834	0.00210	0.00289	0.01052	0.00490	0.00443
25	0.01106	0.01079	0.01403	0.17805	0.03807	0.08011	0.01083	0.02806	0.00983	0.01337	0.01021	0.04341	0.00948	0.01508	0.18886	0.00348	0.32182	0.00516	0.00264	0.00567
26	0.01137	0.07784	0.69234	0.01460	0.02190	0.05920	0.01831	0.01694	0.01136	0.01624	0.00927	0.01089	0.00671	0.00502	0.00490	0.00162	0.00778	0.00381	0.00226	0.00765
27	0.85155	0.01022	0.00777	0.00695	0.01022	0.01186	0.00573	0.01554	0.00900	0.02372	0.00736	0.00859	0.00573	0.00491	0.00327	0.00164	0.00409	0.00286	0.00327	0.00573
28	0.00653	0.00539	0.00575	0.00573	0.00741	0.00461	0.00434	0.00810	0.01253	0.01548	0.17201	0.04932	0.63150	0.01301	0.00628	0.00179	0.00273	0.03786	0.00506	0.00456
29	0.01973	0.01454	0.01565	0.01206	0.01619	0.01611	0.00995	0.74146	0.02438	0.03270	0.01274	0.01293	0.00911	0.00732	0.02842	0.00179	0.00606	0.00479	0.00522	0.00887
30	0.00755	0.00566	0.00850	0.00850	0.00944	0.00661	0.00661	0.00944	0.00850	0.01227	0.01416	0.02077	0.01322	0.03965	0.79326	0.00850	0.01416	0.00566	0.00283	0.00472
31	0.00652	0.00465	0.00622	0.00745	0.00779	0.00436	0.00504	0.00749	0.01020	0.01358	0.02910	0.78352	0.03480	0.01649	0.00677	0.00216	0.00313	0.04152	0.00491	0.00431
32	0.02010	0.01481	0.01587	0.01216	0.01639	0.01639	0.01005	0.76360	0.02486	0.03332	0.01269	0.01269	0.00899	0.00635	0.00529	0.00159	0.00582	0.00476	0.00529	0.00899
33	0.01033	0.00978	0.01631	0.69125	0.09287	0.01209	0.01460	0.01367	0.01053	0.01375	0.00928	0.01385	0.00714	0.00549	0.00605	0.00178	0.05808	0.00469	0.00237	0.00606
34	0.12775	0.04139	0.22116	0.11953	0.03471	0.01184	0.01212	0.11307	0.03586	0.21349	0.01276	0.01334	0.00883	0.00564	0.00489	0.00164	0.00591	0.00438	0.00396	0.00771
35	0.01225	0.01416	0.04444	0.02144	0.02651	0.01321	0.70066	0.01652	0.01223	0.01669	0.01103	0.03531	0.00867	0.00496	0.00663	0.00181	0.03737	0.00637	0.00271	0.00702
36	0.01060	0.02735	0.78682	0.01507	0.02288	0.01228	0.01953	0.01674	0.01116	0.01674	0.00949	0.01116	0.00670	0.00502	0.00502	0.00167	0.00781	0.00391	0.00223	0.00781
37	0.01403	0.17033	0.33864	0.05252	0.05301	0.05252	0.01368	0.03086	0.03701	0.14062	0.01294	0.01368	0.03652	0.00560	0.00483	0.00156	0.00651	0.00433	0.00324	0.00757
38	0.01089	0.05140	0.58928	0.01458	0.06597	0.01151	0.01668	0.01603	0.01164	0.04440	0.06173	0.01560	0.05568	0.00591	0.00514	0.00165	0.00688	0.00476	0.00280	0.00747
39	0.02281	0.00893	0.01208	0.00941	0.01333	0.00781	0.00775	0.04030	0.01512	0.73019	0.02108	0.04274	0.01402	0.00701	0.00540	0.00167	0.00449	0.02068	0.00643	0.00877
40	0.00855	0.00672	0.00946	0.20763	0.01566	0.00724	0.00781	0.07415	0.01171	0.01553	0.05429	0.50906	0.02633	0.01260	0.00623	0.00198	0.00428	0.01131	0.00433	0.00512
41	0.01173	0.06105	0.10245	0.30561	0.14437	0.03497	0.13263	0.04513	0.01211	0.01618	0.05890	0.01470	0.01017	0.00547	0.00557	0.00167	0.02270	0.00502	0.00278	0.00680
42	0.01118	0.01019	0.01630	0.32239	0.18004	0.01159	0.06109	0.05172	0.04797	0.01607	0.01251	0.09415	0.01107	0.00731	0.01885	0.00189	0.07558	0.00592	0.03767	0.00652
43	0.00672	0.00488	0.00629	0.00724	0.00779	0.00458	0.00503	0.00780	0.01039	0.01366	0.04370	0.58250	0.11361	0.07262	0.02266	0.00245	0.00352	0.07551	0.00476	0.00430
44	0.13577	0.08303	0.07567	0.04025	0.05640	0.24781	0.01025	0.14641	0.04179	0.01902	0.01059	0.01200	0.01988	0.00668	0.02809	0.00172	0.02821	0.00402	0.02557	0.00683
45	0.01367	0.01106	0.04933	0.02246	0.01332	0.01105	0.00843	0.35885	0.05088	0.02338	0.03995	0.20225	0.01862	0.07690	0.00756	0.00207	0.00498	0.05843	0.00478	0.02203
46	0.03484	0.00896	0.04053	0.05112	0.02507	0.00850	0.02128	0.03978	0.16926	0.17110	0.09365	0.21328	0.05568	0.02170	0.00606	0.00185	0.00422	0.00831	0.00502	0.01980

[dist]
# distance from previous block
# <min> <max>
4	11

[block]
# block no. 3 follows, 46 sequences, length 37
# corresponding to MSA columns:
# 304-340
name=unknown_D
#
# <colnr> <probs for GDERKNQSTAVLIFYWHMCP>
#	G	D	E	R	K	N	Q	S	T	A	V	L	I	F	Y	W	H	M	C	P
0	0.01250	0.00869	0.01025	0.00921	0.01128	0.00905	0.00709	0.24982	0.03070	0.07027	0.10159	0.29392	0.02442	0.05048	0.00729	0.00202	0.02011	0.05422	0.00507	0.02201
1	0.06465	0.01633	0.21715	0.10585	0.23303	0.07152	0.01413	0.04740	0.03421	0.01737	0.04252	0.01467	0.03727	0.00591	0.00586	0.00167	0.05558	0.00475	0.00292	0.00720
2	0.05004	0.09520	0.48095	0.01343	0.01936	0.10158	0.03566	0.01667	0.01178	0.03097	0.03834	0.01496	0.00992	0.00586	0.00499	0.00164	0.00723	0.05155	0.00273	0.00715
3	0.01157	0.15258	0.11163	0.00948	0.01285	0.01142	0.00872	0.08350	0.10684	0.03724	0.16374	0.03745	0.09504	0.03759	0.00652	0.00170	0.04215	0.00623	0.00412	0.05964
4	0.09817	0.01254	0.14148	0.19537	0.09742	0.01046	0.01170	0.06167	0.01265	0.11227	0.09606	0.01708	0.01324	0.00611	0.00508	0.00162	0.00560	0.02439	0.00366	0.07343
5	0.01301	0.56016	0.25367	0.01097	0.01635	0.01822	0.01224	0.01602	0.01080	0.01373	0.00798	0.00936	0.00676	0.00480	0.00425	0.00132	0.02785	0.00320	0.00225	0.00706
6	0.00863	0.00639	0.00801	0.00885	0.06720	0.00600	0.00602	0.01097	0.05277	0.05645	0.13571	0.13893	0.29565	0.08677	0.00817	0.00217	0.00361	0.08770	0.00481	0.00519
7	0.01237	0.01024	0.01377	0.01224	0.11507	0.00869	0.04649	0.03167	0.01166	0.06663	0.01026	0.01192	0.00824	0.00447	0.00482	0.00107	0.03363	0.00373	0.00328	0.58978
8	0.00790	0.00574	0.00716	0.03073	0.00918	0.02040	0.00555	0.03792	0.01128	0.03792	0.06554	0.64594	0.06485	0.01490	0.00652	0.00204	0.00341	0.01337	0.00490	0.00474
9	0.02638	0.00854	0.02599	0.02603	0.08027	0.02575	0.00743	0.05937	0.10944	0.04912	0.37848	0.06161	0.05658	0.03847	0.00661	0.00183	0.00389	0.02307	0.00503	0.00611
10	0.05397	0.01253	0.01598	0.39352	0.10373	0.07147	0.01271	0.23593	0.01519	0.02018	0.01024	0.01298	0.00768	0.00553	0.00515	0.00165	0.00665	0.00453	0.00332	0.00706
11	0.01046	0.00766	0.00905	0.00864	0.01075	0.00774	0.00682	0.01609	0.22888	0.07453	0.11012	0.11572	0.12621	0.02582	0.00645	0.00194	0.00385	0.16636	0.00511	0.05778
12	0.14223	0.00941	0.01164	0.00911	0.01306	0.00873	0.00749	0.04064	0.04290	0.60134	0.01833	0.01633	0.01186	0.00623	0.00497	0.00161	0.00444	0.00490	0.00587	0.03891
13	0.01413	0.81739	0.02770	0.00905	0.01357	0.02092	0.00905	0.01583	0.01074	0.01244	0.00735	0.00848	0.00678	0.00452	0.00339	0.00113	0.00565	0.00283	0.00226	0.00678
14	0.00738	0.00569	0.00684	0.00672	0.00810	0.00536	0.00499	0.01016	0.06395	0.01800	0.39928	0.14007	0.24985	0.01308	0.03476	0.00202	0.00316	0.01033	0.00531	0.00497
15	0.00757	0.00490	0.00649	0.00739	0.00792	0.00456	0.00499	0.00851	0.01029	0.06073	0.02791	0.71731	0.03271	0.06190	0.00782	0.00229	0.00327	0.01401	0.00491	0.00452
16	0.00769	0.00513	0.00577	0.00577	0.00577	0.00513	0.00320	0.00769	0.00769	0.01025	0.01666	0.03460	0.01922	0.81421	0.02691	0.00513	0.00513	0.00769	0.00320	0.00320
17	0.01610	0.01088	0.01236	0.03332	0.01424	0.01180	0.00839	0.17243	0.36550	0.18177	0.08011	0.01939	0.01647	0.00709	0.00538	0.00170	0.00448	0.00582	0.02457	0.00820
18	0.01129	0.02543	0.70482	0.01471	0.02208	0.01186	0.03679	0.01707	0.01151	0.05928	0.03047	0.01236	0.00822	0.00525	0.00510	0.00167	0.00752	0.00419	0.00258	0.00779
19	0.01037	0.00979	0.01656	0.70493	0.12995	0.01185	0.01488	0.01385	0.01076	0.01398	0.00947	0.01397	0.00721	0.00521	0.00528	0.00174	0.00695	0.00470	0.00238	0.00619
20	0.00822	0.00597	0.00810	0.00908	0.01036	0.00585	0.00782	0.01054	0.01234	0.01601	0.07876	0.05743	0.10951	0.01423	0.00712	0.00232	0.00449	0.62210	0.00493	0.00483
21	0.01258	0.01286	0.05707	0.12820	0.65172	0.01244	0.01619	0.01591	0.01181	0.01677	0.00985	0.01312	0.00813	0.00480	0.00523	0.00160	0.00645	0.00467	0.00256	0.00803
22	0.01416	0.04452	0.01298	0.01249	0.08194	0.32360	0.00885	0.05886	0.07938	0.01615	0.06852	0.03912	0.14736	0.00875	0.02408	0.00175	0.00654	0.04095	0.00380	0.00621
23	0.01154	0.01142	0.01730	0.28830	0.19693	0.06432	0.10670	0.01576	0.08432	0.01572	0.01503	0.04706	0.05909	0.00655	0.00556	0.00174	0.00649	0.03638	0.00312	0.00667
24	0.00696	0.00499	0.00585	0.00628	0.00676	0.00470	0.00401	0.00761	0.00956	0.01243	0.04619	0.31560	0.16932	0.35815	0.01529	0.00335	0.00386	0.01102	0.00420	0.00387
25	0.13329	0.01416	0.01469	0.08350	0.10658	0.15548	0.02632	0.18822	0.05985	0.04857	0.01106	0.01261	0.00851	0.00593	0.00579	0.00162	0.06796	0.00436	0.04439	0.00714
26	0.01158	0.07018	0.60705	0.06268	0.02232	0.01231	0.03648	0.01691	0.01148	0.06565	0.02907	0.01240	0.00823	0.00524	0.00502	0.00165	0.00732	0.00418	0.00262	0.00762
27	0.00918	0.00459	0.00689	0.00689	0.00689	0.00459	0.00459	0.00689	0.00689	0.00918	0.00918	0.01607	0.00918	0.01837	0.02066	0.84619	0.00459	0.00459	0.00230	0.00230
28	0.01008	0.00930	0.01515	0.63786	0.04982	0.01160	0.01353	0.01322	0.01037	0.01382	0.01026	0.04301	0.00840	0.00611	0.00645	0.00180	0.08532	0.00508	0.04301	0.00582
29	0.04593	0.52373	0.07650	0.01049	0.02795	0.07747	0.00989	0.09397	0.01279	0.06532	0.00903	0.00988	0.00740	0.00496	0.00396	0.00129	0.00600	0.00334	0.00293	0.00717
30	0.37815	0.05988	0.11650	0.03231	0.01376	0.03538	0.00880	0.10401	0.01242	0.07110	0.07726	0.01406	0.01127	0.00621	0.00472	0.02079	0.00505	0.01813	0.00371	0.00653
31	0.00650	0.00483	0.00606	0.00688	0.00758	0.00439	0.00473	0.00765	0.01098	0.01438	0.10482	0.58064	0.19054	0.01536	0.00660	0.00203	0.00293	0.01371	0.00499	0.00439
32	0.00702	0.00509	0.00657	0.00745	0.00810	0.00481	0.00522	0.02842	0.01117	0.01485	0.08992	0.62633	0.08724	0.01548	0.00667	0.00209	0.00318	0.06088	0.00499	0.00453
33	0.01337	0.01158	0.01765	0.22316	0.11995	0.01314	0.10602	0.17619	0.01364	0.03949	0.01084	0.01474	0.00877	0.05575	0.00865	0.00199	0.13539	0.00510	0.01766	0.00692
34	0.15032	0.06647	0.08252	0.01445	0.11241	0.32945	0.02918	0.06370	0.01341	0.01721	0.04227	0.01186	0.00905	0.00647	0.02843	0.00170	0.00745	0.00398	0.00302	0.00664
35	0.20691	0.01077	0.01477	0.23941	0.02124	0.01148	0.10938	0.09027	0.03910	0.01949	0.02566	0.01283	0.00842	0.00512	0.00471	0.00153	0.00570	0.00433	0.00323	0.16568
36	0.03122	0.09936	0.04129	0.06399	0.06597	0.25473	0.10490	0.13194	0.04246	0.03739	0.02259	0.04223	0.01007	0.00607	0.00512	0.00156	0.00721	0.02154	0.00339	0.00697

[dist]
# distance from previous block
# <min> <max>
4	53

[block]
# block no. 4 follows, 46 sequences, length 30
# corresponding to MSA columns:
# 399-428
name=unknown_E
#
# <colnr> <probs for GDERKNQSTAVLIFYWHMCP>
#	G	D	E	R	K	N	Q	S	T	A	V	L	I	F	Y	W	H	M	C	P
0	0.04903	0.04539	0.03693	0.03064	0.01904	0.01096	0.33311	0.04276	0.02747	0.01733	0.02818	0.03590	0.09658	0.00646	0.00571	0.00161	0.01738	0.04297	0.00335	0.14917
1	0.01268	0.12027	0.02371	0.08163	0.05171	0.01358	0.36338	0.08986	0.03841	0.01826	0.10207	0.01639	0.01311	0.00569	0.00588	0.00166	0.02563	0.00580	0.00330	0.00697
2	0.00959	0.00660	0.00768	0.00725	0.00820	0.00676	0.00497	0.09926	0.03517	0.03252	0.11461	0.10081	0.02343	0.45098	0.03312	0.00377	0.00482	0.04169	0.00414	0.00461
3	0.10595	0.11251	0.22038	0.07068	0.03748	0.01369	0.33244	0.01635	0.01141	0.01688	0.00951	0.01211	0.00722	0.00472	0.00517	0.00166	0.00753	0.00472	0.00256	0.00704
4	0.11215	0.01093	0.03134	0.00987	0.01295	0.03010	0.00804	0.02178	0.44134	0.02049	0.03162	0.02253	0.03022	0.00749	0.00520	0.00172	0.00439	0.09192	0.00467	0.10126
5	0.10979	0.02362	0.00836	0.00725	0.00940	0.00760	0.00570	0.09535	0.03921	0.03522	0.31859	0.03492	0.24559	0.01012	0.00571	0.00170	0.00333	0.02785	0.00510	0.00559
6	0.00740	0.00500	0.00585	0.00613	0.00621	0.00493	0.00360	0.00761	0.00825	0.01100	0.01954	0.21397	0.02286	0.62987	0.02225	0.00444	0.00465	0.00938	0.00360	0.00346
7	0.10385	0.00731	0.00813	0.00745	0.00842	0.00807	0.00518	0.09915	0.00999	0.01487	0.01428	0.02621	0.01510	0.49724	0.09960	0.00448	0.05642	0.00640	0.00337	0.00449
8	0.01443	0.01341	0.03948	0.04956	0.41475	0.02929	0.03838	0.19812	0.01473	0.02041	0.01074	0.03216	0.00890	0.00588	0.00650	0.00167	0.08536	0.00497	0.00328	0.00798
9	0.00938	0.00750	0.01001	0.05019	0.01259	0.00840	0.00871	0.01338	0.12380	0.01597	0.02373	0.14095	0.02490	0.01264	0.00804	0.00225	0.09995	0.41762	0.00452	0.00547
10	0.01010	0.00946	0.01563	0.72231	0.03397	0.01193	0.01418	0.01342	0.01039	0.01359	0.00939	0.01403	0.00719	0.00561	0.00618	0.00179	0.06823	0.00470	0.02206	0.00584
11	0.01096	0.00940	0.01096	0.00783	0.01253	0.00705	0.00626	0.01331	0.01096	0.01723	0.00940	0.01096	0.00783	0.00392	0.00392	0.00078	0.00392	0.00313	0.00313	0.84653
12	0.06305	0.01052	0.01295	0.00998	0.01406	0.01014	0.00824	0.21061	0.01728	0.55910	0.01815	0.01620	0.01170	0.00641	0.00521	0.00162	0.00481	0.00506	0.00607	0.00884
13	0.00663	0.00487	0.00600	0.00673	0.00735	0.00448	0.00454	0.00763	0.01055	0.01381	0.08586	0.51486	0.17947	0.11059	0.00902	0.00240	0.00320	0.01301	0.00477	0.00425
14	0.01386	0.01121	0.02698	0.04215	0.05747	0.11141	0.00832	0.15020	0.03699	0.10362	0.05818	0.10095	0.04175	0.11658	0.00847	0.00218	0.00542	0.07164	0.02627	0.00636
15	0.00654	0.00478	0.00616	0.00705	0.00764	0.00440	0.00482	0.00770	0.01091	0.01450	0.12117	0.63379	0.12003	0.01552	0.00663	0.00205	0.00296	0.01394	0.00502	0.00440
16	0.01679	0.28857	0.02039	0.01378	0.08955	0.26497	0.02704	0.15375	0.02899	0.01715	0.00916	0.01044	0.00755	0.00533	0.00479	0.00139	0.02642	0.00372	0.00306	0.00714
17	0.59401	0.05341	0.02397	0.00700	0.01003	0.01071	0.00589	0.01401	0.01017	0.02156	0.09921	0.01713	0.10291	0.00656	0.00400	0.00163	0.00390	0.00462	0.00368	0.00559
18	0.00826	0.00581	0.00647	0.00638	0.00672	0.00600	0.00384	0.00996	0.09328	0.01168	0.01761	0.05841	0.01939	0.69769	0.02384	0.00465	0.00495	0.00774	0.00350	0.00382
19	0.11516	0.01280	0.01260	0.01081	0.01413	0.05332	0.00857	0.21228	0.45356	0.02467	0.01692	0.01610	0.01262	0.00661	0.00507	0.00170	0.00486	0.00517	0.00497	0.00810
20	0.01920	0.01552	0.01569	0.01245	0.01602	0.10868	0.01017	0.56987	0.02152	0.05018	0.01174	0.01234	0.00862	0.00657	0.00658	0.00164	0.09562	0.00460	0.00469	0.00829
21	0.01180	0.01213	0.01512	0.15956	0.01786	0.10687	0.01143	0.01350	0.00942	0.01284	0.00835	0.01282	0.00765	0.01146	0.10045	0.00279	0.47317	0.00461	0.00243	0.00572
22	0.01238	0.01402	0.03010	0.03907	0.02713	0.01348	0.70751	0.01665	0.01221	0.01665	0.01048	0.01412	0.00795	0.00472	0.00678	0.00181	0.04917	0.00612	0.00265	0.00703
23	0.01008	0.00634	0.00806	0.00816	0.00942	0.00618	0.00589	0.09431	0.01232	0.10760	0.02605	0.57133	0.04363	0.01533	0.04625	0.00234	0.00410	0.01217	0.00504	0.00541
24	0.01164	0.01140	0.01745	0.54473	0.18291	0.06329	0.04048	0.03798	0.01166	0.01496	0.00957	0.01356	0.00739	0.00519	0.00527	0.00169	0.00708	0.00467	0.00253	0.00653
25	0.00664	0.00476	0.00632	0.00722	0.00771	0.00443	0.00492	0.00787	0.01106	0.01499	0.17452	0.66112	0.03786	0.01545	0.00665	0.00205	0.00296	0.01397	0.00508	0.00443
26	0.00654	0.00533	0.00579	0.00575	0.00734	0.00458	0.00428	0.00813	0.01264	0.01584	0.21997	0.08286	0.57666	0.01294	0.00627	0.00177	0.00265	0.01096	0.00512	0.00458
27	0.01294	0.01451	0.04761	0.06041	0.26728	0.06221	0.40701	0.01673	0.01229	0.01655	0.01013	0.01344	0.00795	0.00475	0.00596	0.00169	0.02312	0.00540	0.00262	0.00740
28	0.01170	0.00968	0.01714	0.01452	0.05521	0.00925	0.27193	0.07376	0.01277	0.08983	0.01955	0.32815	0.01986	0.00988	0.00626	0.00191	0.00569	0.03238	0.00419	0.00634
29	0.00729	0.00540	0.00679	0.00644	0.00778	0.00490	0.00483	0.00960	0.01450	0.02010	0.66290	0.04130	0.16612	0.01122	0.00624	0.00168	0.00252	0.00982	0.00567	0.00490

[dist]
# distance from previous block
# <min> <max>
0	18

[block]
# block no. 5 follows, 46 sequences, length 16
# corresponding to MSA columns:
# 447-462
name=unknown_F
#
# <colnr> <probs for GDERKNQSTAVLIFYWHMCP>
#	G	D	E	R	K	N	Q	S	T	A	V	L	I	F	Y	W	H	M	C	P
0	0.00902	0.00720	0.00800	0.00786	0.00964	0.00738	0.00584	0.01481	0.26172	0.03329	0.08283	0.24907	0.25889	0.01191	0.00608	0.00188	0.00331	0.01030	0.00516	0.00583
1	0.05632	0.01188	0.06234	0.45611	0.26243	0.03236	0.01484	0.01484	0.01109	0.01539	0.00943	0.01320	0.00736	0.00508	0.00513	0.00168	0.00676	0.00452	0.00248	0.00675
2	0.01328	0.01306	0.01918	0.06129	0.57857	0.07854	0.01458	0.01725	0.07673	0.01707	0.01169	0.01581	0.00999	0.00552	0.00532	0.00162	0.00634	0.04328	0.00297	0.00789
3	0.01225	0.05092	0.01626	0.01330	0.01386	0.06319	0.01106	0.03705	0.00920	0.01335	0.00759	0.01181	0.00732	0.01028	0.05592	0.00250	0.65126	0.00452	0.00246	0.00590
4	0.00769	0.00513	0.00577	0.00577	0.00577	0.00513	0.00320	0.00769	0.00769	0.01025	0.01666	0.03460	0.01922	0.81421	0.02691	0.00513	0.00513	0.00769	0.00320	0.00320
5	0.06446	0.04469	0.13499	0.14335	0.33686	0.03669	0.08128	0.01586	0.01151	0.01666	0.00951	0.01236	0.00758	0.00480	0.00501	0.00157	0.00666	0.00440	0.00259	0.05917
6	0.01463	0.74751	0.02658	0.00945	0.01381	0.08902	0.00915	0.01630	0.01112	0.01248	0.00742	0.00857	0.00679	0.00460	0.00351	0.00115	0.00600	0.00288	0.00230	0.00673
7	0.00643	0.00465	0.00608	0.00723	0.00763	0.00431	0.00485	0.00738	0.01025	0.01355	0.03074	0.76090	0.08379	0.01635	0.00671	0.00212	0.00304	0.01477	0.00491	0.00431
8	0.01344	0.00749	0.00943	0.00815	0.01052	0.00714	0.00643	0.07681	0.05556	0.23769	0.36374	0.05668	0.05508	0.00933	0.00584	0.00169	0.00354	0.03590	0.02895	0.00658
9	0.00930	0.00596	0.00861	0.00830	0.00948	0.00657	0.00637	0.01100	0.00912	0.09497	0.01515	0.02195	0.01385	0.11922	0.62645	0.00740	0.01215	0.00584	0.00327	0.00502
10	0.00804	0.00558	0.00679	0.00643	0.00799	0.00496	0.00484	0.01006	0.01383	0.06571	0.46472	0.07271	0.28551	0.01162	0.00620	0.00172	0.00270	0.01004	0.00553	0.00504
11	0.05903	0.00914	0.01241	0.26276	0.01919	0.02649	0.04205	0.07932	0.01236	0.01834	0.11486	0.01800	0.01443	0.00670	0.00627	0.00166	0.09112	0.00534	0.19470	0.00586
12	0.01113	0.00866	0.00965	0.00951	0.05035	0.05605	0.00691	0.06875	0.11451	0.05822	0.30371	0.03192	0.09375	0.03886	0.00656	0.00182	0.00399	0.06665	0.05297	0.00605
13	0.07617	0.05207	0.01290	0.01060	0.01324	0.31009	0.00820	0.08274	0.03451	0.12686	0.08094	0.01676	0.01336	0.09194	0.02058	0.00201	0.03182	0.00488	0.00390	0.00640
14	0.39018	0.15767	0.01472	0.07544	0.04943	0.01341	0.05113	0.04557	0.01081	0.01955	0.05913	0.03056	0.01005	0.00578	0.00481	0.00161	0.04660	0.00418	0.00319	0.00619
15	0.11342	0.11101	0.41610	0.01479	0.08102	0.01329	0.06398	0.05894	0.01178	0.01812	0.00928	0.01098	0.00699	0.00491	0.00469	0.00156	0.00678	0.00389	0.00264	0.04582

[dist]
# distance from previous block
# <min> <max>
4	8

[block]
# block no. 6 follows, 46 sequences, length 16
# corresponding to MSA columns:
# 471-486
name=unknown_G
#
# <colnr> <probs for GDERKNQSTAVLIFYWHMCP>
#	G	D	E	R	K	N	Q	S	T	A	V	L	I	F	Y	W	H	M	C	P
0	0.02490	0.04532	0.06724	0.07695	0.17714	0.10551	0.18514	0.01519	0.01236	0.01622	0.08686	0.01858	0.08384	0.00630	0.00580	0.00163	0.02975	0.00577	0.00312	0.03237
1	0.00804	0.00662	0.00976	0.20765	0.07765	0.00697	0.00802	0.00983	0.01060	0.01400	0.06770	0.35184	0.09376	0.09351	0.00824	0.00225	0.00446	0.01018	0.00396	0.00497
2	0.00763	0.00546	0.00678	0.00647	0.00788	0.00492	0.00484	0.00976	0.01406	0.04192	0.55165	0.07999	0.21589	0.01156	0.00624	0.00171	0.00262	0.01008	0.00559	0.00495
3	0.00729	0.00540	0.00681	0.00645	0.00778	0.00491	0.00484	0.00961	0.01452	0.02015	0.66843	0.04122	0.16055	0.01120	0.00624	0.00168	0.00252	0.00980	0.00568	0.00491
4	0.00775	0.00585	0.00853	0.02816	0.00974	0.00681	0.00649	0.00940	0.00843	0.01204	0.01418	0.02224	0.01371	0.14451	0.64553	0.00768	0.03566	0.00589	0.00286	0.00457
