[name]
unknown

[dist]
# distance from previous block
# <min> <max>
42	162

[block]
# block no. 0 follows, 40 sequences, length 23
# corresponding to MSA columns:
# 382-404
name=unknown_A
#
# <colnr> <probs for GDERKNQSTAVLIFYWHMCP>
#	G	D	E	R	K	N	Q	S	T	A	V	L	I	F	Y	W	H	M	C	P
0	0.09622	0.14080	0.06667	0.09983	0.04800	0.07114	0.02496	0.09069	0.03201	0.09141	0.07129	0.01850	0.06523	0.00723	0.00614	0.00176	0.05109	0.00551	0.00405	0.00746
1	0.06896	0.18575	0.14798	0.06038	0.03513	0.05726	0.01181	0.08995	0.04237	0.01947	0.06921	0.06314	0.01394	0.00737	0.00632	0.00176	0.06946	0.00553	0.03684	0.00734
2	0.01352	0.24534	0.26872	0.01218	0.01761	0.07733	0.01292	0.03696	0.01258	0.01680	0.01114	0.03639	0.00957	0.02910	0.04841	0.00204	0.00745	0.00445	0.02798	0.10951
3	0.01340	0.39819	0.26211	0.01237	0.01790	0.01735	0.03889	0.01701	0.01223	0.01645	0.05658	0.01349	0.01089	0.00590	0.00525	0.00156	0.03822	0.00430	0.05037	0.00755
4	0.01423	0.15791	0.01420	0.01000	0.01264	0.01054	0.00847	0.01681	0.04197	0.18844	0.04659	0.15898	0.05056	0.01154	0.00690	0.00207	0.03634	0.19975	0.00518	0.00688
5	0.01789	0.30063	0.09372	0.01194	0.01631	0.21644	0.01089	0.03999	0.03928	0.11747	0.01200	0.01294	0.00940	0.00744	0.03682	0.00183	0.00761	0.00416	0.03559	0.00766
6	0.17671	0.40192	0.23042	0.01152	0.01716	0.04511	0.01249	0.01784	0.01173	0.01747	0.00877	0.01021	0.00721	0.00525	0.00426	0.00153	0.00669	0.00347	0.00272	0.00752
7	0.01277	0.00916	0.01071	0.00978	0.01204	0.00936	0.00770	0.22095	0.01682	0.04016	0.09440	0.15021	0.08900	0.10116	0.00936	0.00247	0.00489	0.15804	0.00537	0.03565
8	0.01426	0.62392	0.11462	0.01036	0.01536	0.02000	0.01072	0.01665	0.01196	0.01455	0.03459	0.01363	0.03978	0.03269	0.00505	0.00151	0.00624	0.00404	0.00276	0.00730
9	0.01010	0.00505	0.00758	0.00758	0.00758	0.00505	0.00505	0.00758	0.00758	0.01010	0.01010	0.01768	0.01010	0.02020	0.02273	0.83081	0.00505	0.00505	0.00253	0.00253
10	0.01166	0.03008	0.76550	0.01657	0.02517	0.01351	0.02149	0.01842	0.01228	0.01842	0.01044	0.01228	0.00737	0.00552	0.00552	0.00184	0.00859	0.00430	0.00246	0.00859
11	0.01446	0.55947	0.21791	0.01245	0.01840	0.02013	0.05358	0.01774	0.01204	0.01516	0.00889	0.01043	0.00751	0.00511	0.00436	0.00144	0.00702	0.00362	0.00250	0.00777
12	0.76045	0.01071	0.00826	0.00744	0.01083	0.01234	0.00609	0.01677	0.01011	0.02568	0.00910	0.01058	0.00709	0.00553	0.00364	0.00176	0.00433	0.00336	0.07972	0.00622
13	0.01479	0.05858	0.05612	0.01087	0.01468	0.04315	0.00928	0.21668	0.03847	0.02264	0.01721	0.01971	0.08012	0.03799	0.00735	0.00174	0.06892	0.02263	0.05518	0.20389
14	0.00990	0.05419	0.05135	0.00794	0.01039	0.03998	0.00664	0.01219	0.01457	0.06206	0.30217	0.05891	0.32438	0.01188	0.00649	0.00185	0.00383	0.01001	0.00543	0.00584
15	0.06278	0.03366	0.01470	0.01113	0.01520	0.03891	0.04058	0.18104	0.05663	0.05157	0.01342	0.05359	0.01130	0.03174	0.00669	0.00162	0.04932	0.00517	0.00426	0.31668
16	0.01345	0.01021	0.01171	0.02826	0.03838	0.02737	0.00820	0.11408	0.19246	0.06853	0.15955	0.04633	0.06845	0.08513	0.00850	0.00225	0.00481	0.06071	0.00540	0.04623
17	0.01377	0.01002	0.03438	0.05449	0.01439	0.00952	0.00843	0.19049	0.01634	0.10239	0.07562	0.27975	0.04982	0.01124	0.00637	0.00192	0.00477	0.02574	0.00533	0.08521
18	0.07867	0.24072	0.18604	0.01412	0.07905	0.13509	0.01270	0.07304	0.01401	0.03631	0.01295	0.01414	0.05125	0.00611	0.00492	0.00159	0.00707	0.00445	0.02005	0.00771
19	0.05838	0.02819	0.05769	0.03364	0.03388	0.05372	0.01017	0.28227	0.08836	0.02503	0.01649	0.06118	0.04239	0.03584	0.00726	0.00192	0.05445	0.00602	0.04587	0.05726
20	0.10685	0.04105	0.17458	0.10779	0.07462	0.03891	0.01285	0.10579	0.08144	0.08043	0.06878	0.04203	0.01418	0.00709	0.00559	0.00184	0.00633	0.01776	0.00418	0.00793
21	0.09367	0.13325	0.19594	0.01315	0.04367	0.08979	0.03234	0.10711	0.02908	0.06383	0.09672	0.01776	0.04608	0.00688	0.00536	0.00171	0.00656	0.00535	0.00397	0.00776
22	0.16585	0.26960	0.01878	0.02662	0.01537	0.23827	0.00941	0.07226	0.01399	0.01832	0.01032	0.01176	0.02123	0.00647	0.01932	0.00163	0.00714	0.00381	0.02959	0.04026

[dist]
# distance from previous block
# <min> <max>
1	13

[block]
# block no. 1 follows, 40 sequences, length 7
# corresponding to MSA columns:
# 418-424
name=unknown_B
#
# <colnr> <probs for GDERKNQSTAVLIFYWHMCP>
#	G	D	E	R	K	N	Q	S	T	A	V	L	I	F	Y	W	H	M	C	P
0	0.16521	0.14162	0.14725	0.01402	0.10979	0.08361	0.01152	0.01809	0.07903	0.01899	0.01667	0.01756	0.09995	0.00669	0.00503	0.00167	0.00616	0.00509	0.00350	0.04854
1	0.00809	0.00876	0.09950	0.00804	0.01031	0.00620	0.00701	0.01061	0.01398	0.01881	0.32799	0.13025	0.27096	0.04419	0.00768	0.00209	0.00371	0.01094	0.00537	0.00551
2	0.01330	0.01123	0.01188	0.01067	0.01370	0.01255	0.00830	0.07082	0.53604	0.02361	0.07321	0.02824	0.14298	0.00922	0.00613	0.00195	0.00433	0.00768	0.00585	0.00831
3	0.00933	0.00714	0.00791	0.00728	0.00915	0.00677	0.00543	0.09846	0.01531	0.01995	0.25379	0.04487	0.36559	0.11194	0.00962	0.00236	0.00365	0.01041	0.00551	0.00551
4	0.01233	0.12633	0.60907	0.01642	0.02432	0.01481	0.08202	0.01831	0.01234	0.01783	0.01025	0.01220	0.00750	0.00540	0.00541	0.00178	0.00840	0.00437	0.00250	0.00839
5	0.00790	0.00573	0.00656	0.00656	0.00739	0.00535	0.00431	0.00894	0.01161	0.01526	0.18726	0.09845	0.22093	0.36913	0.01723	0.00363	0.00416	0.01047	0.00476	0.00439
6	0.05630	0.30260	0.10896	0.01321	0.01805	0.05711	0.09994	0.09671	0.10807	0.01929	0.01193	0.01341	0.00957	0.00803	0.05136	0.00208	0.00745	0.00460	0.00345	0.00789

[dist]
# distance from previous block
# <min> <max>
5	11

[block]
# block no. 2 follows, 40 sequences, length 11
# corresponding to MSA columns:
# 437-447
name=unknown_C
#
# <colnr> <probs for GDERKNQSTAVLIFYWHMCP>
#	G	D	E	R	K	N	Q	S	T	A	V	L	I	F	Y	W	H	M	C	P
0	0.04190	0.01509	0.11223	0.20314	0.36543	0.01368	0.10956	0.01763	0.03174	0.01831	0.01107	0.01458	0.00872	0.00541	0.00581	0.00183	0.00753	0.00525	0.00287	0.00822
1	0.01283	0.01289	0.02388	0.33652	0.27674	0.01368	0.20465	0.01683	0.01271	0.01722	0.01091	0.01518	0.00852	0.00537	0.00607	0.00187	0.00801	0.00561	0.00277	0.00773
2	0.01353	0.01286	0.02176	0.09733	0.56879	0.01289	0.05016	0.01682	0.01274	0.01810	0.01138	0.01598	0.00982	0.05732	0.00730	0.00196	0.00689	0.00538	0.00293	0.05607
3	0.01501	0.01470	0.01340	0.05373	0.01617	0.18504	0.00900	0.08789	0.15386	0.01989	0.01700	0.06801	0.05317	0.00720	0.00540	0.00152	0.00603	0.00572	0.00422	0.26303
4	0.01306	0.00873	0.00994	0.00867	0.01119	0.03298	0.00665	0.07793	0.05153	0.14183	0.26562	0.08388	0.14648	0.05176	0.00757	0.00200	0.00410	0.00898	0.00577	0.06132
5	0.01075	0.00978	0.01656	0.59332	0.03365	0.01183	0.05212	0.01437	0.01146	0.01524	0.01160	0.01686	0.00913	0.01101	0.11116	0.00293	0.00866	0.00542	0.04786	0.00630
6	0.01098	0.01034	0.01744	0.78165	0.04005	0.01292	0.01615	0.01486	0.01163	0.01486	0.01034	0.01550	0.00775	0.00581	0.00581	0.00194	0.00775	0.00517	0.00258	0.00646
7	0.02093	0.00929	0.01227	0.00983	0.01341	0.00846	0.00793	0.04023	0.01560	0.52689	0.06908	0.05492	0.07754	0.03684	0.00749	0.00198	0.04168	0.00705	0.00644	0.03213
8	0.01933	0.01635	0.01579	0.01303	0.01699	0.11014	0.01042	0.39788	0.28380	0.02947	0.01681	0.01630	0.01240	0.00718	0.00578	0.00180	0.00626	0.00553	0.00550	0.00925
9	0.06361	0.00984	0.01287	0.01001	0.01424	0.00877	0.00822	0.04622	0.01647	0.62559	0.07998	0.02077	0.01692	0.00739	0.00577	0.00177	0.00477	0.00600	0.00681	0.03397
10	0.01286	0.02426	0.48080	0.06275	0.10367	0.06313	0.07646	0.01824	0.01289	0.03563	0.01308	0.01509	0.04330	0.00596	0.00573	0.00183	0.00823	0.00503	0.00284	0.00821

[dist]
# distance from previous block
# <min> <max>
0	75

[block]
# block no. 3 follows, 40 sequences, length 46
# corresponding to MSA columns:
# 523-568
name=unknown_D
#
# <colnr> <probs for GDERKNQSTAVLIFYWHMCP>
#	G	D	E	R	K	N	Q	S	T	A	V	L	I	F	Y	W	H	M	C	P
0	0.01416	0.50855	0.25791	0.01236	0.01813	0.01972	0.01372	0.01750	0.01177	0.01517	0.00879	0.01047	0.00744	0.00549	0.00530	0.00152	0.05820	0.00361	0.00248	0.00774
1	0.01391	0.01324	0.02249	0.03388	0.70995	0.01322	0.01703	0.01721	0.01310	0.01872	0.01233	0.06554	0.01114	0.00604	0.00587	0.00177	0.00668	0.00593	0.00304	0.00892
2	0.01139	0.02815	0.70502	0.01584	0.02385	0.01287	0.02021	0.01782	0.01261	0.01881	0.06997	0.01476	0.01116	0.00603	0.00563	0.00184	0.00813	0.00479	0.00277	0.00835
3	0.00837	0.00628	0.00835	0.10179	0.01222	0.00639	0.00652	0.03441	0.01167	0.01546	0.06590	0.46002	0.06924	0.15263	0.01102	0.00282	0.00435	0.01280	0.00479	0.00495
4	0.02535	0.00989	0.01336	0.01032	0.01472	0.00866	0.00850	0.02803	0.03839	0.72510	0.03915	0.02037	0.01539	0.00732	0.00587	0.00181	0.00489	0.00597	0.00714	0.00978
5	0.01285	0.02842	0.70357	0.01606	0.02432	0.01310	0.02042	0.01923	0.01264	0.07977	0.01147	0.01290	0.00795	0.00566	0.00555	0.00184	0.00829	0.00442	0.00285	0.00870
6	0.00771	0.00606	0.00899	0.00918	0.01015	0.00563	0.06562	0.00914	0.01170	0.01554	0.06846	0.60991	0.09300	0.03962	0.00796	0.00237	0.00391	0.01486	0.00519	0.00500
7	0.00848	0.00632	0.00877	0.00809	0.00961	0.00587	0.03098	0.01129	0.01621	0.02285	0.69280	0.04363	0.05217	0.01186	0.00692	0.00188	0.00312	0.04735	0.00623	0.00556
8	0.01272	0.01272	0.01781	0.01527	0.01527	0.01781	0.01272	0.01399	0.00891	0.01399	0.00763	0.01272	0.00763	0.01018	0.01908	0.00254	0.78499	0.00509	0.00254	0.00636
9	0.01361	0.01285	0.02176	0.11526	0.61910	0.01313	0.01696	0.01704	0.01308	0.01841	0.01251	0.01873	0.01105	0.00615	0.00595	0.00183	0.00687	0.06406	0.00305	0.00859
10	0.01248	0.00703	0.00923	0.00814	0.01028	0.00644	0.00629	0.01551	0.03762	0.19202	0.56803	0.03742	0.04457	0.01070	0.00660	0.00183	0.00330	0.00934	0.00657	0.00660
11	0.01364	0.01426	0.01768	0.01524	0.01554	0.09502	0.01257	0.01494	0.00968	0.01402	0.00777	0.01249	0.00762	0.00975	0.01767	0.00244	0.70573	0.00495	0.00259	0.00640
12	0.00707	0.00512	0.00669	0.00795	0.00840	0.00474	0.00533	0.00811	0.01127	0.01490	0.03382	0.74342	0.08574	0.01799	0.00739	0.00234	0.00335	0.01625	0.00540	0.00474
13	0.00709	0.00506	0.00675	0.00810	0.00843	0.00472	0.00540	0.00810	0.01113	0.01484	0.03205	0.79184	0.03846	0.01822	0.00742	0.00236	0.00337	0.01653	0.00540	0.00472
14	0.01084	0.00542	0.00542	0.00542	0.00678	0.00542	0.00407	0.01355	0.01220	0.02168	0.01897	0.02168	0.01491	0.00678	0.00407	0.00136	0.00271	0.00542	0.82791	0.00542
15	0.00709	0.00506	0.00675	0.00810	0.00843	0.00472	0.00540	0.00810	0.01113	0.01484	0.03205	0.79184	0.03846	0.01822	0.00742	0.00236	0.00337	0.01653	0.00540	0.00472
16	0.00711	0.00518	0.00670	0.00783	0.00838	0.00477	0.00530	0.00824	0.01158	0.01528	0.06459	0.68349	0.11495	0.01759	0.00734	0.00230	0.00330	0.01584	0.00544	0.00477
17	0.12613	0.01030	0.01303	0.01013	0.01452	0.00946	0.00836	0.05365	0.01621	0.64499	0.02077	0.01830	0.01323	0.00697	0.00557	0.00180	0.00495	0.00549	0.00670	0.00945
18	0.01098	0.01034	0.01744	0.78165	0.04005	0.01292	0.01615	0.01486	0.01163	0.01486	0.01034	0.01550	0.00775	0.00581	0.00581	0.00194	0.00775	0.00517	0.00258	0.00646
19	0.80739	0.01104	0.00844	0.00757	0.01109	0.01277	0.00622	0.01697	0.00998	0.02593	0.00848	0.00988	0.00660	0.00545	0.00362	0.00178	0.00443	0.00323	0.03286	0.00627
20	0.01098	0.01034	0.01744	0.78165	0.04005	0.01292	0.01615	0.01486	0.01163	0.01486	0.01034	0.01550	0.00775	0.00581	0.00581	0.00194	0.00775	0.00517	0.00258	0.00646
21	0.00738	0.00548	0.00688	0.00766	0.00855	0.00502	0.00543	0.00883	0.01244	0.01634	0.14121	0.46841	0.19008	0.03162	0.00770	0.00229	0.00337	0.06092	0.00550	0.00489
22	0.00766	0.00592	0.00699	0.00672	0.00834	0.00525	0.00504	0.00988	0.01513	0.02015	0.46572	0.04866	0.34742	0.01307	0.00686	0.00189	0.00283	0.01125	0.00598	0.00525
23	0.01609	0.73466	0.02940	0.01023	0.01518	0.02260	0.01004	0.07692	0.01309	0.01557	0.00857	0.00971	0.00766	0.00514	0.00390	0.00129	0.00623	0.00328	0.00276	0.00766
24	0.05320	0.03013	0.01894	0.18666	0.12179	0.11122	0.07248	0.20535	0.01720	0.10835	0.01262	0.01445	0.00925	0.00610	0.00569	0.00177	0.00732	0.00510	0.00411	0.00827
25	0.02499	0.01025	0.01357	0.01047	0.01484	0.00920	0.00862	0.08619	0.01752	0.67159	0.05386	0.02033	0.01577	0.00738	0.00589	0.00180	0.00497	0.00600	0.00705	0.00971
26	0.01177	0.00632	0.00641	0.00608	0.00770	0.00646	0.00464	0.07337	0.01344	0.02291	0.01856	0.02104	0.01449	0.00679	0.00421	0.00139	0.00301	0.00540	0.76021	0.00579
27	0.01953	0.30148	0.02145	0.01320	0.01689	0.50637	0.01078	0.02116	0.01482	0.01404	0.00867	0.01008	0.00748	0.00563	0.00471	0.00141	0.00897	0.00352	0.00282	0.00700
28	0.01580	0.76749	0.02990	0.01016	0.01505	0.05374	0.01000	0.01765	0.01201	0.01370	0.00812	0.00938	0.00746	0.00502	0.00379	0.00125	0.00639	0.00314	0.00251	0.00743
29	0.01424	0.01121	0.01314	0.03686	0.01541	0.00953	0.00793	0.12479	0.01458	0.05887	0.01152	0.01286	0.00907	0.00491	0.00467	0.00108	0.00478	0.00390	0.00396	0.63672
30	0.00709	0.00506	0.00675	0.00810	0.00843	0.00472	0.00540	0.00810	0.01113	0.01484	0.03205	0.79184	0.03846	0.01822	0.00742	0.00236	0.00337	0.01653	0.00540	0.00472
31	0.00694	0.00577	0.00606	0.00625	0.00796	0.00489	0.00459	0.00837	0.01301	0.01576	0.07092	0.16469	0.63445	0.01518	0.00695	0.00202	0.00300	0.01286	0.00542	0.00489
32	0.01373	0.01569	0.03431	0.02451	0.03039	0.01471	0.73824	0.01863	0.01373	0.01863	0.01176	0.01569	0.00882	0.00490	0.00686	0.00196	0.00980	0.00686	0.00294	0.00784
33	0.05867	0.00980	0.01308	0.01012	0.01447	0.00862	0.00834	0.02723	0.01636	0.70537	0.04985	0.02026	0.01558	0.00730	0.00579	0.00180	0.00485	0.00591	0.00702	0.00958
34	0.02303	0.01438	0.01622	0.01248	0.01706	0.01526	0.01030	0.52029	0.04339	0.24153	0.01675	0.01581	0.01137	0.00707	0.00583	0.00177	0.00594	0.00544	0.00621	0.00987
35	0.00709	0.00521	0.00665	0.00774	0.00835	0.00477	0.00525	0.00822	0.01161	0.01522	0.05662	0.65871	0.14825	0.01751	0.00732	0.00229	0.00329	0.01571	0.00543	0.00477
36	0.00725	0.00517	0.00685	0.00796	0.00840	0.00483	0.00536	0.00842	0.01163	0.01566	0.10961	0.69030	0.03974	0.03919	0.00798	0.00240	0.00337	0.01566	0.00545	0.00477
37	0.02211	0.01629	0.01745	0.01338	0.01803	0.01803	0.01105	0.73997	0.02734	0.03665	0.01396	0.01396	0.00989	0.00698	0.00582	0.00175	0.00640	0.00524	0.00582	0.00989
38	0.00728	0.00521	0.00695	0.00812	0.00859	0.00487	0.00556	0.00853	0.01174	0.01577	0.10308	0.69113	0.03988	0.01752	0.00739	0.00232	0.00339	0.04235	0.00549	0.00482
39	0.00714	0.00511	0.00680	0.00806	0.00845	0.00476	0.00540	0.00824	0.01140	0.01528	0.06887	0.75379	0.03930	0.01790	0.00739	0.00233	0.00334	0.01623	0.00545	0.00476
40	0.01206	0.01034	0.01206	0.00861	0.01378	0.00775	0.00689	0.01464	0.01206	0.01895	0.01034	0.01206	0.00861	0.00431	0.00431	0.00086	0.00431	0.00345	0.00345	0.83118
41	0.01662	0.01255	0.03342	0.06095	0.04399	0.02971	0.06386	0.17055	0.07929	0.14923	0.07653	0.04538	0.01543	0.00702	0.00573	0.00165	0.00568	0.00599	0.00496	0.17147
42	0.01435	0.03339	0.04551	0.07827	0.03958	0.14500	0.03277	0.06346	0.01212	0.01594	0.00976	0.01409	0.00872	0.02560	0.08360	0.00286	0.36029	0.00502	0.00293	0.00674
43	0.00726	0.00521	0.00670	0.00774	0.00820	0.00486	0.00515	0.00828	0.01126	0.01494	0.06584	0.63511	0.08480	0.09385	0.00953	0.00263	0.00354	0.01518	0.00526	0.00465
44	0.00962	0.00688	0.00856	0.00909	0.01021	0.00690	0.00655	0.08722	0.05537	0.03225	0.02940	0.59996	0.03345	0.01608	0.00718	0.00229	0.00393	0.06391	0.00550	0.00567
45	0.01291	0.01326	0.07114	0.07494	0.43475	0.02487	0.01476	0.01615	0.02584	0.01771	0.01313	0.08487	0.01212	0.00750	0.00703	0.04446	0.02701	0.01862	0.00318	0.07575

[dist]
# distance from previous block
# <min> <max>
0	1

[block]
# block no. 4 follows, 40 sequences, length 19
# corresponding to MSA columns:
# 570-588
name=unknown_E
#
# <colnr> <probs for GDERKNQSTAVLIFYWHMCP>
#	G	D	E	R	K	N	Q	S	T	A	V	L	I	F	Y	W	H	M	C	P
0	0.05255	0.00747	0.00848	0.00853	0.03551	0.00712	0.00612	0.08287	0.01462	0.04651	0.13601	0.18570	0.36060	0.01316	0.00663	0.00198	0.00363	0.01120	0.00546	0.00585
1	0.04304	0.01170	0.01306	0.01064	0.01414	0.01233	0.00855	0.32928	0.08402	0.12620	0.13040	0.05834	0.01973	0.00824	0.00580	0.00176	0.00490	0.00669	0.07832	0.03288
2	0.06931	0.25113	0.22795	0.01475	0.07985	0.12843	0.01371	0.08205	0.01400	0.01859	0.00973	0.01127	0.00777	0.00547	0.00482	0.00155	0.00738	0.00391	0.00300	0.04534
3	0.01289	0.00800	0.00977	0.00872	0.01104	0.00774	0.00671	0.07931	0.07844	0.15549	0.33089	0.12932	0.11522	0.01137	0.00658	0.00191	0.00372	0.00982	0.00622	0.00682
4	0.11229	0.05544	0.08713	0.01381	0.08641	0.01272	0.04933	0.12851	0.07060	0.07602	0.01314	0.03407	0.01032	0.00595	0.00513	0.00155	0.00574	0.00485	0.00411	0.22289
5	0.01541	0.01436	0.02123	0.12011	0.42960	0.09633	0.07440	0.01862	0.01374	0.08332	0.01401	0.01662	0.04414	0.00595	0.00586	0.00176	0.00728	0.00555	0.00336	0.00835
6	0.00886	0.00645	0.00803	0.00822	0.00937	0.00620	0.00585	0.07344	0.01394	0.01894	0.21614	0.45770	0.06781	0.04203	0.00781	0.00223	0.00356	0.01324	0.00558	0.02459
7	0.08690	0.05311	0.01404	0.01235	0.04935	0.01458	0.00930	0.04792	0.56935	0.02378	0.02165	0.02041	0.03710	0.00757	0.00562	0.00190	0.00479	0.00616	0.00538	0.00875
8	0.01967	0.00952	0.01251	0.01097	0.04968	0.00885	0.00830	0.04135	0.09122	0.44716	0.16971	0.02618	0.06158	0.00849	0.00610	0.00183	0.00450	0.00714	0.00657	0.00865
9	0.06013	0.04833	0.01678	0.06729	0.16950	0.31703	0.01182	0.06612	0.04192	0.01797	0.01571	0.01884	0.07558	0.00714	0.00558	0.00171	0.00770	0.03998	0.00357	0.00730
10	0.01656	0.13782	0.07715	0.07646	0.04827	0.03170	0.01064	0.05246	0.05864	0.22956	0.04888	0.12136	0.01689	0.00842	0.00607	0.00183	0.02369	0.02085	0.00483	0.00792
11	0.00724	0.00526	0.00677	0.00774	0.00834	0.00486	0.00525	0.00846	0.01184	0.01576	0.11576	0.61141	0.10776	0.04436	0.00808	0.00238	0.00334	0.01517	0.00545	0.00479
12	0.03021	0.01280	0.05475	0.17494	0.08012	0.03617	0.01177	0.13993	0.08956	0.19363	0.03286	0.03538	0.01294	0.00830	0.03369	0.00210	0.00649	0.00578	0.03029	0.00830
13	0.01453	0.01159	0.01368	0.04777	0.01593	0.01074	0.00857	0.17591	0.01538	0.04532	0.01215	0.04019	0.01003	0.00586	0.00565	0.00128	0.04611	0.00455	0.00407	0.51069
14	0.00720	0.00514	0.00668	0.00785	0.00823	0.00481	0.00519	0.00814	0.01098	0.01457	0.03191	0.69610	0.06561	0.08652	0.00935	0.00263	0.00356	0.01565	0.00523	0.00463
15	0.00847	0.00593	0.00772	0.00744	0.00878	0.00545	0.00552	0.01094	0.01571	0.03938	0.62787	0.13646	0.07306	0.01265	0.00691	0.00190	0.00288	0.01121	0.00626	0.00548
16	0.01684	0.04272	0.03301	0.15907	0.03782	0.15523	0.01158	0.19211	0.11083	0.05501	0.01370	0.01618	0.01076	0.04506	0.04464	0.00233	0.03594	0.00524	0.00414	0.00778
17	0.01010	0.00505	0.00758	0.00758	0.00758	0.00505	0.00505	0.00758	0.00758	0.01010	0.01010	0.01768	0.01010	0.02020	0.02273	0.83081	0.00505	0.00505	0.00253	0.00253
18	0.00848	0.00573	0.00666	0.00665	0.00698	0.00564	0.00410	0.00909	0.01001	0.01360	0.12619	0.04011	0.04181	0.61440	0.02433	0.00479	0.00509	0.04108	0.02128	0.00396

[dist]
# distance from previous block
# <min> <max>
0	5

[block]
# block no. 5 follows, 40 sequences, length 9
# corresponding to MSA columns:
# 594-602
name=unknown_F
#
# <colnr> <probs for GDERKNQSTAVLIFYWHMCP>
#	G	D	E	R	K	N	Q	S	T	A	V	L	I	F	Y	W	H	M	C	P
0	0.01327	0.01277	0.01901	0.16635	0.07478	0.01642	0.05239	0.06971	0.01140	0.01649	0.00910	0.01364	0.00800	0.00844	0.01388	0.00228	0.47709	0.00522	0.00285	0.00693
1	0.05851	0.08463	0.07394	0.08204	0.06032	0.18616	0.02734	0.16342	0.05500	0.04026	0.01194	0.01392	0.00939	0.00950	0.07286	0.00238	0.03216	0.00474	0.00373	0.00775
2	0.01739	0.01931	0.01705	0.01526	0.04319	0.35451	0.06332	0.07089	0.11848	0.01751	0.01217	0.01480	0.01015	0.03676	0.05096	0.00236	0.12008	0.00502	0.00356	0.00722
3	0.00846	0.00564	0.00634	0.00634	0.00634	0.00564	0.00352	0.00846	0.00846	0.01128	0.01832	0.03805	0.02114	0.79563	0.02960	0.00564	0.00564	0.00846	0.00352	0.00352
4	0.01351	0.01257	0.05680	0.27633	0.02449	0.01418	0.05121	0.10449	0.01313	0.04228	0.01138	0.01513	0.00898	0.00732	0.00955	0.00202	0.23440	0.00524	0.08996	0.00704
5	0.00790	0.00582	0.00739	0.00724	0.00855	0.00531	0.00534	0.01024	0.01532	0.02119	0.56798	0.14768	0.14220	0.01312	0.00694	0.00192	0.00286	0.01157	0.00614	0.00531
6	0.04099	0.02979	0.01667	0.40318	0.07595	0.01258	0.05096	0.09016	0.04827	0.01847	0.01745	0.07500	0.08115	0.00764	0.00596	0.00192	0.00660	0.00670	0.00361	0.00694
7	0.10961	0.01350	0.03952	0.01107	0.01456	0.06760	0.00913	0.22272	0.10748	0.09484	0.01599	0.05866	0.01266	0.00745	0.00602	0.00176	0.04636	0.00564	0.10864	0.04680
8	0.01560	0.01362	0.06267	0.10480	0.02025	0.01340	0.08200	0.18923	0.13120	0.07458	0.01518	0.04737	0.01187	0.00700	0.00660	0.00178	0.05617	0.00579	0.02079	0.12011

[dist]
# distance from previous block
# <min> <max>
0	9

[block]
# block no. 6 follows, 40 sequences, length 29
# corresponding to MSA columns:
# 612-634,644-649
name=unknown_G
#
# <colnr> <probs for GDERKNQSTAVLIFYWHMCP>
#	G	D	E	R	K	N	Q	S	T	A	V	L	I	F	Y	W	H	M	C	P
0	0.07804	0.15679	0.06716	0.10779	0.01853	0.01530	0.01077	0.26519	0.03770	0.04358	0.05049	0.03487	0.07521	0.00741	0.00543	0.00173	0.00593	0.00576	0.00443	0.00790
1	0.01606	0.19251	0.16001	0.01335	0.06366	0.01495	0.01206	0.17070	0.05768	0.09936	0.11417	0.01854	0.01623	0.00703	0.00548	0.00170	0.00604	0.01766	0.00447	0.00834
2	0.01387	0.07852	0.30608	0.13370	0.19761	0.01408	0.06728	0.03728	0.01316	0.06785	0.01138	0.01381	0.00850	0.00555	0.00561	0.00179	0.00768	0.00485	0.00301	0.00841
3	0.16737	0.04485	0.06796	0.26954	0.27575	0.01344	0.01471	0.01652	0.01197	0.01867	0.01086	0.01555	0.00898	0.00588	0.00536	0.00184	0.00675	0.03354	0.00297	0.00750
4	0.01876	0.06773	0.01602	0.01135	0.01576	0.01458	0.00933	0.43218	0.02091	0.07798	0.01379	0.01532	0.01058	0.05618	0.00683	0.00177	0.00573	0.00497	0.02214	0.17809
5	0.00875	0.00599	0.00684	0.00689	0.00719	0.00598	0.00415	0.03806	0.00978	0.01299	0.02147	0.15439	0.04499	0.62026	0.02453	0.00486	0.00524	0.00969	0.00396	0.00401
6	0.01312	0.02983	0.17504	0.15248	0.12756	0.07099	0.10302	0.01686	0.01212	0.01666	0.01015	0.01371	0.00820	0.00719	0.02807	0.00207	0.14092	0.00495	0.00274	0.06432
7	0.01968	0.01536	0.04702	0.01486	0.08120	0.01599	0.01147	0.49321	0.11301	0.07114	0.01598	0.04700	0.01211	0.00735	0.00588	0.00180	0.00611	0.00585	0.00550	0.00948
8	0.05169	0.01450	0.01521	0.13289	0.01984	0.15307	0.01062	0.15509	0.01754	0.34666	0.01618	0.01595	0.01095	0.00665	0.00564	0.00176	0.00667	0.00514	0.00531	0.00864
9	0.00721	0.00515	0.00689	0.00824	0.00863	0.00483	0.00561	0.00831	0.01125	0.01498	0.03198	0.75286	0.03819	0.01810	0.00746	0.00238	0.00348	0.05429	0.00540	0.00476
10	0.02302	0.01044	0.01442	0.01127	0.01543	0.02510	0.05705	0.04197	0.03551	0.59188	0.04071	0.07308	0.01654	0.00791	0.00604	0.00185	0.00525	0.00673	0.00662	0.00921
11	0.01194	0.01139	0.11242	0.00991	0.01201	0.00986	0.00829	0.10733	0.03701	0.04675	0.01634	0.04456	0.01644	0.42190	0.03625	0.00406	0.07675	0.00713	0.00385	0.00581
12	0.02390	0.00986	0.01308	0.01027	0.01446	0.00885	0.00840	0.02740	0.07937	0.65070	0.07191	0.02153	0.01738	0.00757	0.00592	0.00182	0.00477	0.00622	0.00703	0.00954
13	0.00839	0.00543	0.00718	0.00816	0.00885	0.00499	0.00558	0.00950	0.01160	0.06651	0.03251	0.70886	0.06583	0.01732	0.00729	0.00231	0.00347	0.01562	0.00552	0.00509
14	0.06157	0.02495	0.51694	0.01825	0.02579	0.01381	0.21986	0.01840	0.01254	0.01893	0.01067	0.01306	0.00771	0.00534	0.00578	0.00187	0.00869	0.00494	0.00266	0.00825
15	0.01635	0.01348	0.01470	0.03014	0.06559	0.04502	0.01016	0.22286	0.37275	0.04032	0.03739	0.07209	0.01664	0.00813	0.00597	0.00189	0.00543	0.00673	0.00550	0.00885
16	0.01237	0.01275	0.02285	0.26942	0.02819	0.01494	0.24958	0.01570	0.01138	0.01577	0.01005	0.01484	0.00823	0.00784	0.02888	0.00232	0.25962	0.00572	0.00270	0.00685
17	0.04518	0.02180	0.47754	0.05778	0.05704	0.01166	0.01661	0.01710	0.01290	0.04330	0.11442	0.01762	0.01473	0.00654	0.00557	0.00180	0.00698	0.00533	0.05828	0.00781
18	0.83671	0.01125	0.00855	0.00765	0.01125	0.01305	0.00630	0.01709	0.00990	0.02609	0.00810	0.00945	0.00630	0.00540	0.00360	0.00180	0.00450	0.00315	0.00360	0.00630
19	0.01606	0.01301	0.01385	0.01203	0.01558	0.01484	0.00948	0.14401	0.61023	0.04995	0.02210	0.02040	0.01639	0.00772	0.00590	0.00193	0.00490	0.00634	0.00594	0.00934
20	0.03774	0.01150	0.01478	0.01106	0.01586	0.01037	0.05408	0.13295	0.03467	0.30297	0.01603	0.01568	0.01118	0.00596	0.00531	0.00147	0.00523	0.00492	0.00526	0.30298
21	0.01184	0.06508	0.73205	0.01627	0.02470	0.01394	0.02096	0.01837	0.01226	0.01820	0.01033	0.01214	0.00737	0.00550	0.00544	0.00181	0.00849	0.00424	0.00246	0.00854
22	0.01166	0.03008	0.76550	0.01657	0.02517	0.01351	0.02149	0.01842	0.01228	0.01842	0.01044	0.01228	0.00737	0.00552	0.00552	0.00184	0.00859	0.00430	0.00246	0.00859
23	0.00762	0.00573	0.00706	0.00712	0.00842	0.00517	0.00519	0.00965	0.01443	0.01945	0.41317	0.21513	0.23250	0.01405	0.00699	0.00198	0.00294	0.01232	0.00592	0.00517
24	0.06284	0.00963	0.01244	0.01000	0.01357	0.00926	0.00817	0.02435	0.04861	0.52050	0.06494	0.02043	0.01612	0.00761	0.00663	0.00182	0.06353	0.00593	0.08491	0.00872
25	0.02465	0.00953	0.01299	0.01018	0.01436	0.00826	0.00831	0.02681	0.01623	0.70680	0.02363	0.07816	0.01621	0.00803	0.00597	0.00184	0.00483	0.00666	0.00706	0.00951
26	0.00716	0.00518	0.00677	0.00789	0.00841	0.00479	0.00534	0.00833	0.01168	0.01555	0.08865	0.68450	0.08926	0.01750	0.00734	0.00229	0.00330	0.01578	0.00547	0.00479
27	0.02075	0.01510	0.01665	0.01300	0.01705	0.01687	0.01066	0.59485	0.04575	0.07030	0.01442	0.01549	0.01069	0.04315	0.00791	0.00199	0.06510	0.00544	0.00554	0.00931
28	0.07086	0.00635	0.00783	0.00734	0.00888	0.00606	0.00555	0.01144	0.01596	0.02353	0.69973	0.04087	0.05120	0.01140	0.00661	0.00183	0.00288	0.00996	0.00619	0.00555

[dist]
# distance from previous block
# <min> <max>
0	59

[block]
# block no. 7 follows, 40 sequences, length 10
# corresponding to MSA columns:
# 709-718
name=unknown_H
#
# <colnr> <probs for GDERKNQSTAVLIFYWHMCP>
#	G	D	E	R	K	N	Q	S	T	A	V	L	I	F	Y	W	H	M	C	P
0	0.24120	0.01040	0.01211	0.00964	0.01375	0.01009	0.00793	0.06106	0.01539	0.49409	0.05355	0.01786	0.01394	0.00693	0.00529	0.00180	0.00480	0.00532	0.00613	0.00873
1	0.00888	0.00677	0.00857	0.00855	0.01031	0.00592	0.00632	0.01052	0.01157	0.01612	0.02513	0.41390	0.02852	0.06654	0.00819	0.00223	0.00410	0.12799	0.00474	0.22513
2	0.00789	0.00564	0.00627	0.00641	0.00697	0.00535	0.00396	0.00839	0.01002	0.01284	0.03061	0.12303	0.21921	0.50467	0.02118	0.00431	0.00468	0.01033	0.00422	0.00402
3	0.01031	0.00908	0.01448	0.57490	0.03106	0.01098	0.01278	0.01315	0.01078	0.01390	0.01247	0.02152	0.01132	0.21643	0.01216	0.00292	0.00719	0.00604	0.00283	0.00568
4	0.15603	0.01122	0.01284	0.01049	0.01453	0.01147	0.00851	0.07277	0.21147	0.39850	0.02012	0.01823	0.01367	0.00707	0.00549	0.00184	0.00487	0.00556	0.00618	0.00912
5	0.00703	0.00528	0.00652	0.00751	0.00828	0.00477	0.00514	0.00816	0.01170	0.01508	0.03921	0.59560	0.23007	0.01729	0.00728	0.00226	0.00326	0.01540	0.00540	0.00477
6	0.14024	0.07947	0.01759	0.01586	0.11575	0.30084	0.01124	0.21229	0.01762	0.02255	0.01037	0.01169	0.00818	0.00598	0.00511	0.00162	0.00771	0.00420	0.00378	0.00790
7	0.00728	0.00554	0.00665	0.00723	0.00820	0.00514	0.00503	0.00846	0.01145	0.01465	0.03877	0.36573	0.29707	0.10198	0.08613	0.00326	0.00468	0.01309	0.00497	0.00471
8	0.01268	0.01078	0.01179	0.01002	0.01362	0.01085	0.00780	0.04187	0.37346	0.02149	0.02322	0.07119	0.08992	0.00807	0.00559	0.00164	0.00431	0.00675	0.00504	0.26992
9	0.01607	0.01147	0.01508	0.01715	0.21252	0.01204	0.01077	0.02465	0.32255	0.15992	0.04008	0.02000	0.01560	0.00704	0.00570	0.00181	0.00504	0.00606	0.08760	0.00885

[dist]
# distance from previous block
# <min> <max>
0	47

[block]
# block no. 8 follows, 40 sequences, length 24
# corresponding to MSA columns:
# 766-789
name=unknown_I
#
# <colnr> <probs for GDERKNQSTAVLIFYWHMCP>
#	G	D	E	R	K	N	Q	S	T	A	V	L	I	F	Y	W	H	M	C	P
0	0.01110	0.01046	0.01765	0.75607	0.06472	0.01295	0.01621	0.01496	0.01168	0.01500	0.01036	0.01547	0.00780	0.00579	0.00581	0.00193	0.00772	0.00517	0.00259	0.00655
1	0.00837	0.00567	0.00666	0.00673	0.00685	0.00575	0.00399	0.00863	0.00869	0.01168	0.01877	0.07622	0.02140	0.68044	0.10181	0.00583	0.00650	0.00866	0.00358	0.00375
2	0.00814	0.00587	0.00769	0.00738	0.00867	0.00543	0.00548	0.01074	0.01603	0.02263	0.69759	0.10409	0.05354	0.01240	0.00690	0.00187	0.00279	0.01100	0.00632	0.00543
3	0.02174	0.01488	0.01633	0.01274	0.01720	0.01619	0.01045	0.54687	0.11584	0.14192	0.01649	0.01578	0.01153	0.00713	0.00583	0.00178	0.00596	0.00549	0.00603	0.00980
4	0.01010	0.00944	0.00848	0.00802	0.01015	0.10705	0.00614	0.05501	0.01509	0.01818	0.16902	0.04574	0.45643	0.01268	0.00665	0.00190	0.00423	0.04483	0.00528	0.00557
5	0.00732	0.00523	0.00702	0.00837	0.00881	0.00493	0.00581	0.00851	0.01137	0.01511	0.03192	0.71621	0.03794	0.01799	0.00749	0.00239	0.00358	0.08980	0.00539	0.00479
6	0.01587	0.75853	0.02974	0.01022	0.01509	0.06244	0.01002	0.01772	0.01206	0.01371	0.00813	0.00939	0.00746	0.00503	0.00381	0.00126	0.00644	0.00314	0.00251	0.00742
7	0.00920	0.00637	0.00822	0.00762	0.00920	0.00597	0.00576	0.01248	0.04624	0.05303	0.69710	0.04161	0.05174	0.01154	0.00678	0.00183	0.00291	0.01017	0.00641	0.00581
8	0.02272	0.00999	0.01293	0.01021	0.01426	0.00916	0.00833	0.06915	0.07231	0.57239	0.08434	0.02301	0.04807	0.00793	0.00598	0.00182	0.00475	0.00651	0.00688	0.00928
9	0.10888	0.01464	0.01547	0.01191	0.01651	0.01566	0.00979	0.52194	0.03936	0.03221	0.01293	0.01332	0.00946	0.00638	0.00532	0.00161	0.00580	0.00474	0.00518	0.14890
10	0.00707	0.00514	0.00667	0.00790	0.00838	0.00474	0.00531	0.00812	0.01133	0.01492	0.03449	0.72505	0.10368	0.01790	0.00737	0.00233	0.00333	0.01615	0.00540	0.00474
11	0.01439	0.01382	0.02360	0.03569	0.75936	0.01382	0.01785	0.01785	0.01324	0.01900	0.01094	0.01439	0.00921	0.00518	0.00576	0.00173	0.00691	0.00518	0.00288	0.00921
12	0.01206	0.01034	0.01206	0.00861	0.01378	0.00775	0.00689	0.01464	0.01206	0.01895	0.01034	0.01206	0.00861	0.00431	0.00431	0.00086	0.00431	0.00345	0.00345	0.83118
13	0.08069	0.39891	0.27719	0.01265	0.03785	0.01782	0.01361	0.03098	0.01226	0.03389	0.00971	0.01114	0.00779	0.00534	0.00448	0.00153	0.00678	0.00374	0.02581	0.00784
14	0.04435	0.00921	0.01176	0.04090	0.01410	0.00851	0.00790	0.04254	0.05213	0.45768	0.09056	0.02768	0.14934	0.00885	0.00605	0.00184	0.00453	0.00730	0.00641	0.00835
15	0.04134	0.39105	0.18127	0.01461	0.09831	0.01807	0.03492	0.06161	0.04314	0.01795	0.01044	0.01198	0.00851	0.00544	0.00465	0.00153	0.00665	0.00406	0.03647	0.00800
16	0.05452	0.01362	0.07308	0.07703	0.30351	0.01281	0.04892	0.12399	0.03481	0.04415	0.03371	0.04215	0.07002	0.00733	0.00596	0.00185	0.00636	0.03405	0.00396	0.00819
17	0.01499	0.06718	0.01350	0.01059	0.01377	0.05309	0.00857	0.18087	0.11066	0.05853	0.01865	0.09811	0.01674	0.01084	0.05111	0.00220	0.00588	0.08399	0.07356	0.10716
18	0.21790	0.12220	0.27794	0.01225	0.03849	0.01316	0.01265	0.01715	0.01184	0.06432	0.05740	0.01485	0.01137	0.01027	0.09286	0.00260	0.00742	0.00458	0.00336	0.00738
19	0.01659	0.04284	0.01332	0.01028	0.01386	0.02893	0.00823	0.19362	0.11196	0.14143	0.01873	0.01971	0.05737	0.03391	0.05522	0.04584	0.00581	0.00570	0.04229	0.13436
20	0.01898	0.01380	0.01518	0.01186	0.01603	0.01459	0.00965	0.50159	0.03808	0.06038	0.03571	0.01848	0.01296	0.05581	0.00720	0.00191	0.00582	0.03405	0.00540	0.12252
21	0.15527	0.03888	0.04628	0.01295	0.03217	0.17272	0.03971	0.23888	0.03471	0.06924	0.04286	0.01599	0.04610	0.00693	0.00566	0.00174	0.02239	0.00515	0.00447	0.00792
22	0.06247	0.04459	0.07438	0.01992	0.10901	0.01314	0.35388	0.01676	0.01247	0.01818	0.01195	0.03728	0.01011	0.04114	0.03856	0.00226	0.03165	0.00603	0.00307	0.09316
23	0.06940	0.34918	0.08144	0.04272	0.04812	0.08360	0.01066	0.08093	0.01347	0.01756	0.05990	0.01369	0.01115	0.00733	0.00645	0.08342	0.00643	0.00432	0.00319	0.00704

[dist]
# distance from previous block
# <min> <max>
59	143

[block]
# block no. 9 follows, 40 sequences, length 26
# corresponding to MSA columns:
# 952-977
name=unknown_J
#
# <colnr> <probs for GDERKNQSTAVLIFYWHMCP>
#	G	D	E	R	K	N	Q	S	T	A	V	L	I	F	Y	W	H	M	C	P
0	0.10337	0.03955	0.01855	0.04963	0.28798	0.08780	0.07881	0.01832	0.08036	0.01938	0.05002	0.01731	0.02627	0.02262	0.01894	0.00196	0.01986	0.00552	0.04607	0.00767
1	0.01734	0.09441	0.01561	0.07010	0.04301	0.03996	0.00950	0.25667	0.01812	0.14069	0.05306	0.02182	0.09397	0.05125	0.00698	0.00192	0.00568	0.00620	0.02913	0.02458
2	0.03204	0.06318	0.27685	0.04428	0.18113	0.01359	0.12752	0.01917	0.05221	0.07109	0.01254	0.02827	0.00964	0.00576	0.00568	0.00178	0.00744	0.00524	0.00326	0.03935
3	0.39226	0.01121	0.02491	0.06164	0.06896	0.03496	0.03290	0.01602	0.01178	0.03639	0.07171	0.04610	0.02545	0.00677	0.00479	0.00173	0.00507	0.02018	0.03112	0.09606
4	0.01536	0.01238	0.01486	0.02641	0.03184	0.01231	0.04676	0.27677	0.09080	0.02525	0.01710	0.08633	0.04482	0.00741	0.00559	0.00157	0.00535	0.00621	0.00475	0.26813
5	0.10316	0.01301	0.02104	0.14474	0.57005	0.01360	0.01634	0.01732	0.01264	0.01915	0.01054	0.01402	0.00868	0.00530	0.00553	0.00177	0.00677	0.00496	0.00291	0.00848
6	0.01186	0.01085	0.01761	0.70731	0.05803	0.01330	0.01584	0.06599	0.01278	0.01650	0.01061	0.01537	0.00794	0.00588	0.00581	0.00192	0.00763	0.00517	0.00282	0.00678
7	0.01375	0.01315	0.02228	0.11228	0.65556	0.01338	0.01715	0.01717	0.01307	0.01844	0.01272	0.01610	0.03776	0.00561	0.00581	0.00176	0.00684	0.00545	0.00294	0.00876
8	0.77963	0.01115	0.00890	0.00784	0.01150	0.01273	0.00646	0.01789	0.01037	0.07800	0.00914	0.01018	0.00687	0.00552	0.00376	0.00180	0.00453	0.00334	0.00385	0.00655
9	0.01527	0.74498	0.08222	0.01042	0.01565	0.02234	0.01076	0.01748	0.01185	0.01401	0.00825	0.00954	0.00746	0.00501	0.00386	0.00129	0.00639	0.00319	0.00249	0.00754
10	0.00974	0.00667	0.03174	0.00852	0.00987	0.00570	0.00645	0.01146	0.01302	0.09814	0.19092	0.44620	0.05108	0.01509	0.00746	0.02215	0.00371	0.05086	0.00565	0.00556
11	0.01166	0.03008	0.76550	0.01657	0.02517	0.01351	0.02149	0.01842	0.01228	0.01842	0.01044	0.01228	0.00737	0.00552	0.00552	0.00184	0.00859	0.00430	0.00246	0.00859
12	0.00866	0.00559	0.00626	0.00631	0.00647	0.00558	0.00365	0.00900	0.00896	0.01254	0.01891	0.06456	0.02111	0.68082	0.02599	0.00505	0.00523	0.00843	0.09310	0.00377
13	0.01186	0.06511	0.64723	0.01662	0.03898	0.01365	0.04710	0.01802	0.01239	0.01815	0.01147	0.01515	0.00886	0.00603	0.00563	0.00186	0.00832	0.04257	0.00264	0.00835
14	0.00995	0.00721	0.00968	0.05741	0.01316	0.00746	0.00862	0.01370	0.09256	0.04071	0.02859	0.24043	0.03061	0.03038	0.00787	0.00251	0.00491	0.38320	0.00528	0.00579
15	0.01362	0.01645	0.07335	0.02409	0.03011	0.01464	0.69997	0.01862	0.01365	0.01862	0.01169	0.01550	0.00875	0.00494	0.00679	0.00195	0.00974	0.00673	0.00292	0.00788
16	0.00795	0.00595	0.00764	0.00834	0.00950	0.00536	0.00607	0.00942	0.01177	0.01575	0.03197	0.53077	0.10049	0.01606	0.00712	0.00221	0.00373	0.12013	0.00518	0.09456
17	0.10417	0.02201	0.42784	0.01603	0.03714	0.01275	0.12185	0.02006	0.01303	0.15230	0.01262	0.01385	0.00875	0.00571	0.00557	0.00184	0.00764	0.00484	0.00351	0.00848
18	0.00911	0.00657	0.00901	0.01008	0.01146	0.00647	0.00868	0.01173	0.01371	0.01795	0.11107	0.06267	0.07483	0.01554	0.00784	0.00255	0.00494	0.60497	0.00547	0.00535
19	0.02609	0.00990	0.01350	0.01035	0.01484	0.00855	0.00855	0.02834	0.01664	0.76338	0.02294	0.01979	0.01439	0.00720	0.00585	0.00180	0.00495	0.00585	0.00720	0.00990
20	0.00776	0.00580	0.00776	0.00931	0.03781	0.00545	0.00644	0.00925	0.01199	0.01575	0.05160	0.52842	0.12631	0.01676	0.00738	0.00233	0.00378	0.13573	0.00532	0.00504
21	0.01882	0.01257	0.01392	0.01126	0.01481	0.01347	0.00903	0.46411	0.02178	0.10698	0.01808	0.12391	0.01519	0.03165	0.00655	0.00191	0.00541	0.00698	0.09509	0.00850
22	0.02549	0.01028	0.01366	0.01054	0.01500	0.00918	0.00868	0.06022	0.04351	0.70429	0.02257	0.01960	0.01431	0.00721	0.00585	0.00180	0.00500	0.00585	0.00709	0.00987
23	0.01480	0.01280	0.01448	0.01449	0.09605	0.01455	0.01022	0.06094	0.63698	0.02429	0.02186	0.02056	0.01648	0.00756	0.00590	0.00194	0.00493	0.00636	0.00558	0.00924
24	0.14958	0.01130	0.03126	0.01036	0.01469	0.02483	0.00868	0.04011	0.08148	0.53662	0.01997	0.01789	0.01306	0.00691	0.00549	0.00181	0.00507	0.00541	0.00630	0.00919
25	0.01700	0.04185	0.01200	0.00943	0.01246	0.02534	0.00747	0.07952	0.06693	0.29916	0.21813	0.05346	0.05676	0.06455	0.00779	0.00208	0.00454	0.00774	0.00611	0.00768

[dist]
# distance from previous block
# <min> <max>
27	52

[block]
# block no. 10 follows, 40 sequences, length 11
# corresponding to MSA columns:
# 1037-1047
name=unknown_K
#
# <colnr> <probs for GDERKNQSTAVLIFYWHMCP>
#	G	D	E	R	K	N	Q	S	T	A	V	L	I	F	Y	W	H	M	C	P
0	0.05852	0.01678	0.16709	0.01603	0.02059	0.01454	0.18066	0.14759	0.01454	0.04391	0.01165	0.02726	0.00924	0.00817	0.03723	0.00222	0.15883	0.00543	0.00353	0.05615
1	0.29468	0.01140	0.01173	0.04106	0.01391	0.01278	0.00816	0.23898	0.01681	0.02753	0.16544	0.01899	0.01808	0.00754	0.00577	0.00180	0.03945	0.00562	0.05308	0.00720
2	0.01534	0.06825	0.01349	0.01060	0.01360	0.16886	0.00838	0.23278	0.01789	0.02168	0.05529	0.05650	0.21527	0.04796	0.00716	0.00196	0.00598	0.02732	0.00477	0.00693
3	0.02052	0.01575	0.01805	0.01394	0.01850	0.01733	0.06098	0.59658	0.12166	0.03378	0.01509	0.01510	0.01085	0.00696	0.00590	0.00179	0.00640	0.00552	0.00563	0.00966
4	0.16672	0.01536	0.11209	0.01172	0.01581	0.04258	0.01035	0.15442	0.30254	0.02518	0.04002	0.01773	0.01378	0.03907	0.00639	0.00201	0.00564	0.00550	0.00482	0.00827
5	0.05896	0.00996	0.01264	0.01001	0.01406	0.00919	0.00817	0.06367	0.05958	0.55776	0.06314	0.02288	0.06737	0.00791	0.00587	0.00182	0.00473	0.00643	0.00672	0.00912
6	0.00806	0.00585	0.00744	0.00719	0.00842	0.00540	0.00525	0.01037	0.01522	0.02120	0.59415	0.09688	0.10574	0.07278	0.00865	0.00217	0.00303	0.01092	0.00603	0.00524
7	0.35988	0.00837	0.00858	0.00774	0.00995	0.00879	0.00582	0.01253	0.00915	0.01803	0.00928	0.01346	0.00830	0.01184	0.01221	0.37070	0.00472	0.00403	0.00310	0.11352
8	0.02046	0.01463	0.01599	0.01244	0.01665	0.01595	0.01020	0.61139	0.02542	0.06791	0.11237	0.01812	0.01603	0.00764	0.00596	0.00176	0.00585	0.00596	0.00596	0.00931
9	0.01350	0.01325	0.01792	0.48443	0.12214	0.11321	0.03093	0.05966	0.01324	0.01643	0.01047	0.01473	0.00817	0.00658	0.00666	0.04607	0.00783	0.00502	0.00287	0.00686
10	0.01488	0.01404	0.02114	0.20102	0.47335	0.05423	0.01634	0.09914	0.01464	0.01981	0.01104	0.01439	0.00887	0.00557	0.00575	0.00176	0.00723	0.00511	0.00315	0.00853

[dist]
# distance from previous block
# <min> <max>
0	1

[block]
# block no. 11 follows, 40 sequences, length 12
# corresponding to MSA columns:
# 1049-1060
name=unknown_L
#
# <colnr> <probs for GDERKNQSTAVLIFYWHMCP>
#	G	D	E	R	K	N	Q	S	T	A	V	L	I	F	Y	W	H	M	C	P
0	0.66086	0.12356	0.01231	0.06301	0.01382	0.01446	0.00752	0.01698	0.01029	0.02352	0.00825	0.00986	0.00657	0.00537	0.00378	0.00173	0.00498	0.00329	0.00337	0.00648
1	0.02061	0.01181	0.01404	0.01064	0.01526	0.01112	0.00872	0.24132	0.01853	0.31756	0.01670	0.01601	0.01149	0.00634	0.00537	0.00152	0.00514	0.00500	0.03368	0.22911
2	0.01221	0.01023	0.01193	0.00873	0.01352	0.00806	0.00697	0.05113	0.01325	0.02026	0.08063	0.01510	0.01303	0.00516	0.00462	0.00100	0.00427	0.00420	0.00384	0.71187
3	0.00709	0.00506	0.00675	0.00810	0.00843	0.00472	0.00540	0.00810	0.01113	0.01484	0.03205	0.79184	0.03846	0.01822	0.00742	0.00236	0.00337	0.01653	0.00540	0.00472
4	0.00921	0.00682	0.00943	0.00913	0.00996	0.00807	0.00701	0.01103	0.00959	0.01446	0.01544	0.02331	0.01456	0.12544	0.48291	0.00694	0.10452	0.00625	0.12074	0.00516
5	0.01010	0.00505	0.00758	0.00758	0.00758	0.00505	0.00505	0.00758	0.00758	0.01010	0.01010	0.01768	0.01010	0.02020	0.02273	0.83081	0.00505	0.00505	0.00253	0.00253
6	0.02497	0.00993	0.01333	0.01036	0.01466	0.00876	0.00850	0.05785	0.01683	0.69460	0.02301	0.05833	0.01541	0.00774	0.00593	0.00183	0.00493	0.00636	0.00705	0.00964
7	0.01166	0.03008	0.76550	0.01657	0.02517	0.01351	0.02149	0.01842	0.01228	0.01842	0.01044	0.01228	0.00737	0.00552	0.00552	0.00184	0.00859	0.00430	0.00246	0.00859
8	0.00810	0.00594	0.00760	0.00718	0.00861	0.00543	0.00539	0.01073	0.01616	0.02260	0.69074	0.04462	0.12086	0.01216	0.00686	0.00184	0.00276	0.01068	0.00631	0.00543
9	0.00833	0.00614	0.00888	0.00888	0.00975	0.00701	0.00668	0.01008	0.00921	0.01315	0.01601	0.02522	0.01557	0.16105	0.65656	0.00877	0.01402	0.00658	0.00318	0.00493
10	0.01054	0.00539	0.00552	0.00563	0.00691	0.00537	0.00417	0.01312	0.01211	0.02114	0.02000	0.08224	0.01676	0.00767	0.00433	0.00143	0.00276	0.00629	0.76324	0.00537
