[name]
unknown

[dist]
# distance from previous block
# <min> <max>
0	105

[block]
# block no. 0 follows, 44 sequences, length 6
# corresponding to MSA columns:
# 145-150
name=unknown_A
#
# <colnr> <probs for GDERKNQSTAVLIFYWHMCP>
#	G	D	E	R	K	N	Q	S	T	A	V	L	I	F	Y	W	H	M	C	P
0	0.01079	0.00901	0.01005	0.00914	0.01120	0.03962	0.00690	0.07183	0.11971	0.01750	0.04467	0.23080	0.04314	0.09402	0.00889	0.00214	0.05580	0.04597	0.00439	0.16444
1	0.07755	0.06374	0.01665	0.15892	0.12914	0.01369	0.04086	0.26102	0.01579	0.02197	0.01307	0.01715	0.03209	0.06925	0.00730	0.00198	0.02289	0.02586	0.00377	0.00731
2	0.08482	0.31339	0.07178	0.01512	0.14392	0.25691	0.01139	0.01813	0.01254	0.01509	0.00844	0.01008	0.00719	0.00506	0.00436	0.00140	0.00720	0.00351	0.00263	0.00704
3	0.05848	0.00713	0.01096	0.09524	0.01400	0.00708	0.10942	0.01020	0.01095	0.01505	0.02701	0.43009	0.13116	0.03856	0.00711	0.00213	0.00452	0.01152	0.00430	0.00509
4	0.01294	0.17042	0.22750	0.01721	0.08036	0.01480	0.22804	0.07049	0.01271	0.01739	0.01092	0.05310	0.00914	0.00581	0.00597	0.00169	0.04590	0.00527	0.00285	0.00750
5	0.01111	0.13287	0.07569	0.00905	0.01088	0.00978	0.00773	0.05881	0.00972	0.01328	0.01021	0.01512	0.00937	0.01612	0.10039	0.40788	0.05584	0.00455	0.03700	0.00462

[dist]
# distance from previous block
# <min> <max>
0	1

[block]
# block no. 1 follows, 44 sequences, length 8
# corresponding to MSA columns:
# 152-159
name=unknown_B
#
# <colnr> <probs for GDERKNQSTAVLIFYWHMCP>
#	G	D	E	R	K	N	Q	S	T	A	V	L	I	F	Y	W	H	M	C	P
0	0.00795	0.00640	0.00952	0.12985	0.04269	0.00659	0.02884	0.00973	0.01086	0.01440	0.05026	0.40518	0.08336	0.04872	0.07199	0.00276	0.00519	0.05646	0.00428	0.00499
1	0.01314	0.19063	0.05154	0.01840	0.02322	0.01570	0.46715	0.01745	0.05149	0.01635	0.01049	0.01336	0.00830	0.00519	0.00665	0.00173	0.07376	0.00543	0.00277	0.00725
2	0.01650	0.00897	0.03652	0.00884	0.01210	0.00782	0.00733	0.05452	0.06975	0.37534	0.18486	0.02851	0.14756	0.00884	0.00584	0.00173	0.00405	0.00738	0.00601	0.00754
3	0.07534	0.00636	0.00688	0.00694	0.00865	0.00603	0.00516	0.01094	0.06236	0.05487	0.03919	0.23198	0.39011	0.03486	0.00684	0.00203	0.00333	0.03798	0.00500	0.00515
4	0.04920	0.11903	0.16396	0.07540	0.23784	0.07640	0.08818	0.01759	0.03769	0.04203	0.01099	0.01420	0.00890	0.00547	0.00517	0.00164	0.00701	0.02877	0.00291	0.00760
5	0.01583	0.07505	0.01421	0.01049	0.01406	0.04868	0.00861	0.39049	0.07747	0.02556	0.05272	0.02268	0.14839	0.00805	0.00550	0.00163	0.00520	0.02712	0.00494	0.04331
6	0.10407	0.22709	0.24339	0.05282	0.01830	0.01456	0.03740	0.07417	0.02824	0.06549	0.01024	0.01149	0.00778	0.00517	0.00455	0.00150	0.00625	0.00388	0.00312	0.08050
7	0.08273	0.03425	0.04870	0.01148	0.01464	0.09956	0.04456	0.23724	0.09175	0.05019	0.01603	0.15849	0.01466	0.03891	0.00672	0.00191	0.02979	0.00677	0.00444	0.00718

[dist]
# distance from previous block
# <min> <max>
0	3

[block]
# block no. 2 follows, 44 sequences, length 13
# corresponding to MSA columns:
# 171-183
name=unknown_C
#
# <colnr> <probs for GDERKNQSTAVLIFYWHMCP>
#	G	D	E	R	K	N	Q	S	T	A	V	L	I	F	Y	W	H	M	C	P
0	0.01030	0.00860	0.01139	0.01310	0.13995	0.02871	0.02722	0.08549	0.04385	0.01696	0.03549	0.35537	0.07289	0.08332	0.00851	0.00226	0.02389	0.02240	0.00439	0.00589
1	0.08299	0.15467	0.05016	0.01308	0.01673	0.37211	0.09139	0.06060	0.01435	0.01663	0.06973	0.01282	0.01073	0.00578	0.00488	0.00149	0.00776	0.00429	0.00315	0.00666
2	0.00782	0.00595	0.00737	0.00780	0.00889	0.00570	0.00550	0.01070	0.09390	0.01634	0.14119	0.52485	0.06776	0.01424	0.00654	0.00200	0.00323	0.01275	0.00515	0.05232
3	0.01180	0.05443	0.16572	0.01689	0.03531	0.02852	0.26507	0.01517	0.01106	0.01555	0.01158	0.09944	0.01067	0.00746	0.00920	0.00196	0.22433	0.00626	0.00280	0.00677
4	0.01887	0.01764	0.01478	0.01238	0.01586	0.26775	0.00977	0.35767	0.13935	0.02484	0.01328	0.01359	0.00998	0.00637	0.00520	0.00157	0.00679	0.00466	0.05169	0.00797
5	0.00672	0.00535	0.00582	0.00604	0.00736	0.00467	0.00428	0.00793	0.01172	0.01451	0.08609	0.19513	0.50766	0.10129	0.00887	0.00228	0.00310	0.01179	0.00492	0.00446
6	0.01979	0.01356	0.01514	0.01183	0.01575	0.01482	0.00972	0.53983	0.06406	0.13855	0.05471	0.01569	0.01243	0.00699	0.00605	0.00169	0.03965	0.00532	0.00554	0.00888
7	0.00933	0.00638	0.00709	0.00667	0.00715	0.00656	0.00408	0.08986	0.00987	0.01318	0.01673	0.03320	0.01867	0.72061	0.02531	0.00489	0.00536	0.00760	0.00354	0.00396
8	0.01170	0.02817	0.01151	0.00985	0.01152	0.01054	0.00783	0.18461	0.01283	0.01819	0.01359	0.01908	0.01218	0.09112	0.36137	0.00522	0.11165	0.00554	0.06753	0.00597
9	0.01186	0.01025	0.01629	0.01331	0.01601	0.01040	0.21696	0.18526	0.01459	0.01965	0.01994	0.37002	0.02098	0.01085	0.00685	0.00198	0.03385	0.01010	0.00441	0.00643
10	0.01609	0.01168	0.01283	0.01037	0.01356	0.01270	0.00835	0.46438	0.05201	0.02871	0.16273	0.02037	0.01871	0.02945	0.03551	0.00199	0.00525	0.00606	0.08149	0.00773
11	0.17913	0.01273	0.02276	0.04350	0.02212	0.01242	0.42654	0.01684	0.01186	0.05282	0.01047	0.01318	0.00794	0.00491	0.00582	0.00169	0.03315	0.00518	0.00310	0.11384
12	0.01509	0.01213	0.01486	0.01444	0.14550	0.05805	0.03396	0.10329	0.10769	0.11420	0.01507	0.01572	0.04287	0.00589	0.00537	0.00143	0.02456	0.00486	0.00414	0.26088

[dist]
# distance from previous block
# <min> <max>
0	2

[block]
# block no. 3 follows, 44 sequences, length 18
# corresponding to MSA columns:
# 186-203
name=unknown_D
#
# <colnr> <probs for GDERKNQSTAVLIFYWHMCP>
#	G	D	E	R	K	N	Q	S	T	A	V	L	I	F	Y	W	H	M	C	P
0	0.14677	0.04770	0.01251	0.01049	0.02889	0.03969	0.00818	0.10940	0.35482	0.06617	0.05991	0.01951	0.05881	0.00723	0.00517	0.00173	0.00464	0.00571	0.00496	0.00773
1	0.01903	0.01443	0.01541	0.01220	0.01626	0.01611	0.00995	0.58393	0.20069	0.03162	0.01524	0.01481	0.01102	0.00675	0.00548	0.00169	0.00560	0.00521	0.00548	0.00912
2	0.38596	0.01208	0.01060	0.00935	0.01174	0.11021	0.00752	0.06528	0.01157	0.02103	0.04384	0.01283	0.00967	0.00647	0.00646	0.00171	0.14411	0.00408	0.11943	0.00605
3	0.01060	0.00616	0.00670	0.00658	0.00800	0.00628	0.00504	0.08465	0.01270	0.02029	0.01969	0.11083	0.01777	0.03521	0.00547	0.00166	0.00327	0.07441	0.55933	0.00535
4	0.01246	0.01041	0.01520	0.03604	0.01544	0.01184	0.11716	0.18864	0.01345	0.01890	0.01262	0.01720	0.01082	0.04813	0.27473	0.00434	0.13756	0.00554	0.04308	0.00644
5	0.01064	0.01056	0.02085	0.01680	0.03893	0.01001	0.39695	0.01403	0.01259	0.01697	0.06950	0.14489	0.02081	0.00938	0.00675	0.00204	0.00679	0.18140	0.00385	0.00625
6	0.00995	0.02307	0.60753	0.01350	0.02003	0.01085	0.01666	0.01514	0.01153	0.01662	0.01754	0.09155	0.10815	0.00741	0.00551	0.00179	0.00691	0.00607	0.00292	0.00727
7	0.01578	0.01244	0.01330	0.01137	0.01481	0.01409	0.00901	0.20133	0.55376	0.06140	0.02000	0.01854	0.01474	0.00716	0.00552	0.00179	0.00473	0.00583	0.00558	0.00881
8	0.01161	0.11196	0.65558	0.01509	0.02258	0.03169	0.04420	0.01728	0.01160	0.01670	0.00956	0.01128	0.00697	0.00511	0.00504	0.00166	0.00790	0.00398	0.00233	0.00788
9	0.01654	0.09165	0.01724	0.19960	0.06413	0.31598	0.01176	0.12661	0.05826	0.01730	0.01020	0.01218	0.00805	0.00576	0.00531	0.00157	0.02342	0.00423	0.00320	0.00701
10	0.01953	0.01448	0.01557	0.01218	0.01625	0.01602	0.00997	0.67234	0.06779	0.03255	0.01456	0.05747	0.01119	0.00718	0.00554	0.00168	0.00574	0.00557	0.00544	0.00897
11	0.00765	0.00566	0.00732	0.00803	0.00920	0.00533	0.00639	0.00959	0.01255	0.01639	0.15996	0.21975	0.18923	0.01458	0.00699	0.00217	0.00373	0.30545	0.00520	0.00482
12	0.05454	0.01805	0.01528	0.16394	0.05086	0.36050	0.01118	0.12660	0.05241	0.03108	0.01146	0.01316	0.02779	0.00612	0.00558	0.00161	0.03516	0.00442	0.00339	0.00688
13	0.00684	0.00554	0.00607	0.00594	0.00761	0.00477	0.00445	0.00859	0.01336	0.01694	0.27754	0.04882	0.54849	0.01298	0.00644	0.00180	0.00270	0.01099	0.00535	0.00477
14	0.01814	0.05425	0.01631	0.01386	0.01614	0.54605	0.01081	0.04505	0.01394	0.01400	0.00825	0.01040	0.00713	0.00654	0.00795	0.00164	0.19656	0.00383	0.00278	0.00637
15	0.00807	0.00593	0.00671	0.00645	0.00823	0.00527	0.00485	0.01033	0.04149	0.05935	0.24967	0.08736	0.46126	0.01262	0.00638	0.00182	0.00289	0.01073	0.00543	0.00515
16	0.03658	0.01208	0.01284	0.01037	0.01380	0.01327	0.00840	0.44297	0.12045	0.05208	0.01555	0.01584	0.01142	0.00658	0.00503	0.00158	0.00487	0.00509	0.20306	0.00811
17	0.01348	0.02926	0.03627	0.17932	0.23808	0.02396	0.01277	0.07659	0.20369	0.04571	0.01514	0.01915	0.01228	0.00664	0.00557	0.00178	0.00595	0.06268	0.00388	0.00781

[dist]
# distance from previous block
# <min> <max>
0	2

[block]
# block no. 4 follows, 44 sequences, length 13
# corresponding to MSA columns:
# 206,218-229
name=unknown_E
#
# <colnr> <probs for GDERKNQSTAVLIFYWHMCP>
#	G	D	E	R	K	N	Q	S	T	A	V	L	I	F	Y	W	H	M	C	P
0	0.09932	0.31602	0.22776	0.01245	0.03952	0.10450	0.03336	0.04938	0.01229	0.01658	0.01043	0.01173	0.03489	0.00537	0.00444	0.00148	0.00674	0.00385	0.00274	0.00717
1	0.19673	0.07936	0.06342	0.01109	0.01497	0.17994	0.00949	0.23409	0.04110	0.06509	0.01125	0.01192	0.00843	0.00582	0.00465	0.00156	0.00626	0.00406	0.04334	0.00744
2	0.00948	0.00718	0.00821	0.00825	0.00939	0.04767	0.00597	0.02480	0.03969	0.06369	0.17387	0.40065	0.08645	0.04203	0.00780	0.00211	0.04091	0.01153	0.00507	0.00526
3	0.01598	0.01537	0.04252	0.06173	0.01789	0.17659	0.08889	0.18454	0.09315	0.06074	0.01374	0.06610	0.01138	0.03062	0.00642	0.00175	0.02748	0.00554	0.00403	0.07554
4	0.01088	0.02475	0.01122	0.00960	0.01080	0.02740	0.02925	0.10692	0.01137	0.01578	0.05406	0.02371	0.01559	0.28037	0.17435	0.00441	0.14443	0.00632	0.03354	0.00528
5	0.00741	0.00507	0.00610	0.00661	0.00673	0.00494	0.00401	0.00779	0.00894	0.01192	0.02235	0.34491	0.02635	0.49026	0.01939	0.00405	0.00443	0.01097	0.00401	0.00376
6	0.01758	0.04843	0.01494	0.01133	0.01480	0.03821	0.00930	0.49966	0.02055	0.02804	0.01351	0.05158	0.01074	0.00706	0.00611	0.00162	0.06435	0.00524	0.10128	0.03567
7	0.01206	0.09663	0.05854	0.08687	0.08264	0.02573	0.27074	0.04424	0.01220	0.01638	0.01379	0.07676	0.04392	0.00840	0.04806	0.00212	0.05427	0.00625	0.00305	0.03735
8	0.00694	0.00507	0.00603	0.00666	0.00726	0.00470	0.00437	0.00774	0.01024	0.01322	0.03257	0.42149	0.20596	0.22749	0.01238	0.00295	0.00363	0.01253	0.00459	0.00417
9	0.00679	0.00481	0.00628	0.00740	0.00768	0.00453	0.00486	0.00763	0.01015	0.01353	0.02857	0.71642	0.03419	0.10806	0.00935	0.00257	0.00341	0.01463	0.00486	0.00430
10	0.06425	0.01138	0.03987	0.05311	0.04676	0.03990	0.00923	0.05824	0.24832	0.03326	0.09533	0.03588	0.11024	0.00848	0.00735	0.00186	0.11855	0.00657	0.00445	0.00696
11	0.01193	0.06300	0.17192	0.05245	0.03141	0.01091	0.05058	0.01529	0.03933	0.10386	0.11161	0.13917	0.01871	0.03149	0.00813	0.00197	0.12057	0.00712	0.00391	0.00665
12	0.00677	0.00488	0.00644	0.00764	0.00809	0.00455	0.00525	0.00783	0.01067	0.01411	0.03128	0.71957	0.07386	0.01678	0.00697	0.00221	0.00326	0.06031	0.00506	0.00447

[dist]
# distance from previous block
# <min> <max>
1	7

[block]
# block no. 5 follows, 44 sequences, length 18
# corresponding to MSA columns:
# 255-265,273-279
name=unknown_F
#
# <colnr> <probs for GDERKNQSTAVLIFYWHMCP>
#	G	D	E	R	K	N	Q	S	T	A	V	L	I	F	Y	W	H	M	C	P
0	0.01497	0.01330	0.01422	0.01330	0.07416	0.11682	0.04312	0.12954	0.27470	0.05613	0.03923	0.02095	0.07773	0.00757	0.00608	0.00175	0.03798	0.02497	0.02580	0.00766
1	0.01219	0.03829	0.01955	0.04270	0.09020	0.07838	0.25054	0.03486	0.01164	0.01557	0.01198	0.03686	0.01060	0.05846	0.13841	0.02578	0.07556	0.00581	0.03629	0.00632
2	0.01610	0.01336	0.03138	0.08521	0.08211	0.04690	0.04040	0.30328	0.16487	0.05826	0.01656	0.05422	0.03110	0.00721	0.00562	0.00175	0.00586	0.02299	0.00470	0.00813
3	0.04016	0.01527	0.01427	0.04304	0.01604	0.16668	0.00952	0.40130	0.04967	0.05978	0.01424	0.07879	0.01172	0.02699	0.00593	0.00174	0.00630	0.00560	0.02516	0.00780
4	0.00676	0.00483	0.00643	0.00751	0.00793	0.00451	0.00507	0.00788	0.01098	0.01477	0.10990	0.72256	0.03771	0.01644	0.00690	0.00216	0.00310	0.01489	0.00516	0.00451
5	0.01195	0.01072	0.01573	0.30833	0.11322	0.01229	0.04420	0.06359	0.18116	0.01833	0.05424	0.02027	0.02741	0.00705	0.00630	0.00185	0.04464	0.04793	0.00374	0.00706
6	0.01832	0.08273	0.01564	0.01281	0.01570	0.56462	0.00989	0.06306	0.04935	0.01530	0.03705	0.01358	0.04639	0.00636	0.00532	0.00148	0.02833	0.00430	0.00326	0.00652
7	0.00694	0.00501	0.00662	0.00774	0.00830	0.00469	0.00546	0.00817	0.01102	0.01460	0.06332	0.63822	0.07863	0.01639	0.00698	0.00221	0.00334	0.10272	0.00510	0.00454
8	0.03242	0.04732	0.51224	0.01316	0.01922	0.01123	0.01548	0.03644	0.01204	0.09156	0.01426	0.14410	0.01244	0.00733	0.00541	0.00178	0.00669	0.00604	0.00331	0.00752
9	0.00793	0.00529	0.00595	0.00595	0.00595	0.00529	0.00330	0.00793	0.00793	0.01057	0.01718	0.03568	0.01982	0.80840	0.02775	0.00529	0.00529	0.00793	0.00330	0.00330
10	0.01210	0.01358	0.07056	0.03073	0.01581	0.06012	0.03706	0.01388	0.00921	0.01356	0.00803	0.01247	0.00754	0.01056	0.05988	0.00262	0.60894	0.00476	0.00245	0.00612
11	0.31095	0.02712	0.01444	0.14834	0.06249	0.04943	0.11046	0.03369	0.01105	0.01901	0.01070	0.05835	0.00917	0.00660	0.00575	0.03980	0.02222	0.00491	0.04939	0.00612
12	0.00844	0.00604	0.00739	0.00698	0.00860	0.00554	0.00536	0.03400	0.01482	0.04602	0.49394	0.04331	0.23363	0.01176	0.00643	0.00179	0.00294	0.05202	0.00571	0.00527
13	0.01220	0.07456	0.47946	0.01470	0.02099	0.01307	0.09243	0.08486	0.01302	0.03087	0.04802	0.03542	0.01056	0.01903	0.00603	0.00178	0.02736	0.00499	0.00299	0.00767
14	0.00947	0.00473	0.00710	0.00710	0.00710	0.00473	0.00473	0.00710	0.00710	0.00947	0.00947	0.01657	0.00947	0.01894	0.02131	0.84138	0.00473	0.00473	0.00237	0.00237
15	0.10040	0.06486	0.42610	0.05381	0.02296	0.03019	0.16947	0.01694	0.01149	0.01746	0.00958	0.01186	0.00712	0.00517	0.00554	0.00173	0.03097	0.00440	0.00253	0.00743
16	0.01049	0.00832	0.01167	0.01020	0.01263	0.00798	0.09965	0.05984	0.09581	0.05419	0.05058	0.27991	0.12948	0.01134	0.00626	0.00189	0.00442	0.05931	0.00480	0.08124
17	0.01200	0.01967	0.35510	0.06228	0.04284	0.01285	0.22890	0.04608	0.01225	0.01764	0.01012	0.01272	0.00758	0.00522	0.00620	0.00171	0.05324	0.00479	0.00267	0.08614

[dist]
# distance from previous block
# <min> <max>
0	1

[block]
# block no. 6 follows, 44 sequences, length 8
# corresponding to MSA columns:
# 281-288
name=unknown_G
#
# <colnr> <probs for GDERKNQSTAVLIFYWHMCP>
#	G	D	E	R	K	N	Q	S	T	A	V	L	I	F	Y	W	H	M	C	P
0	0.06707	0.03801	0.08753	0.01729	0.02181	0.01183	0.43767	0.01599	0.01207	0.05677	0.01415	0.13307	0.01263	0.00818	0.03869	0.00214	0.00775	0.00718	0.00331	0.00686
1	0.00740	0.00540	0.00704	0.00753	0.00853	0.00504	0.00565	0.00928	0.01290	0.01744	0.31546	0.31325	0.11147	0.01415	0.00681	0.00204	0.00322	0.13716	0.00541	0.00482
2	0.01175	0.01260	0.03907	0.24177	0.08323	0.06020	0.28159	0.01576	0.04289	0.01617	0.03800	0.10573	0.01284	0.00670	0.00597	0.00183	0.00734	0.00676	0.00313	0.00668
3	0.03972	0.06029	0.05485	0.01122	0.01406	0.25254	0.00915	0.14811	0.01494	0.04748	0.01684	0.16662	0.05624	0.01045	0.04896	0.00208	0.02923	0.00673	0.00395	0.00653
4	0.00672	0.00481	0.00640	0.00754	0.00792	0.00448	0.00507	0.00779	0.01080	0.01450	0.08447	0.74876	0.03719	0.01664	0.00692	0.00218	0.00312	0.01508	0.00513	0.00448
5	0.36006	0.01027	0.05243	0.03752	0.04387	0.01038	0.02360	0.05654	0.01143	0.04785	0.01187	0.01371	0.00914	0.00574	0.00448	0.00159	0.02932	0.00414	0.25983	0.00623
6	0.04606	0.01113	0.03295	0.01058	0.03293	0.03946	0.00831	0.22631	0.13465	0.04753	0.17618	0.09707	0.06457	0.00920	0.00584	0.00178	0.00464	0.03846	0.00521	0.00714
7	0.00705	0.00495	0.00659	0.00747	0.00784	0.00480	0.00502	0.00793	0.01008	0.01358	0.05782	0.58015	0.03170	0.10849	0.08436	0.03571	0.00453	0.01306	0.00459	0.00429

[dist]
# distance from previous block
# <min> <max>
3	5

[block]
# block no. 7 follows, 44 sequences, length 18
# corresponding to MSA columns:
# 295-309,314-316
name=unknown_H
#
# <colnr> <probs for GDERKNQSTAVLIFYWHMCP>
#	G	D	E	R	K	N	Q	S	T	A	V	L	I	F	Y	W	H	M	C	P
0	0.09518	0.04926	0.01475	0.01170	0.01521	0.23920	0.00936	0.28484	0.06798	0.04131	0.01163	0.01235	0.00887	0.00607	0.00526	0.00153	0.03052	0.00425	0.03755	0.05320
1	0.01675	0.01363	0.04333	0.03583	0.01713	0.01390	0.07391	0.48170	0.02027	0.02740	0.01435	0.08100	0.01208	0.04351	0.00660	0.00183	0.00596	0.01952	0.00472	0.06658
2	0.09921	0.01798	0.01487	0.03461	0.05205	0.32079	0.02472	0.22622	0.07601	0.02160	0.01224	0.01314	0.02577	0.00611	0.00503	0.00157	0.00716	0.00444	0.02913	0.00733
3	0.00693	0.00544	0.00627	0.00628	0.00772	0.00478	0.00463	0.00869	0.01327	0.01723	0.31389	0.14632	0.41258	0.01326	0.00651	0.00184	0.00274	0.01142	0.00541	0.00478
4	0.01315	0.01304	0.02092	0.10802	0.57893	0.05375	0.05686	0.01631	0.01245	0.01700	0.01239	0.01542	0.04655	0.00539	0.00549	0.00165	0.00670	0.00520	0.00280	0.00798
5	0.01217	0.01383	0.04531	0.02064	0.02530	0.01313	0.60595	0.01623	0.01217	0.01671	0.01190	0.05666	0.00990	0.00745	0.04629	0.00224	0.06758	0.00671	0.00285	0.00699
6	0.00726	0.00530	0.00685	0.00734	0.00817	0.00499	0.00517	0.00930	0.03554	0.01729	0.31745	0.45964	0.06648	0.01438	0.00669	0.00200	0.00296	0.01290	0.00544	0.00484
7	0.03319	0.03646	0.17408	0.00947	0.01281	0.00813	0.00915	0.01495	0.03642	0.12728	0.38810	0.04944	0.03175	0.00908	0.00589	0.00174	0.00434	0.03615	0.00506	0.00651
8	0.00793	0.00529	0.00595	0.00595	0.00595	0.00529	0.00330	0.00793	0.00793	0.01057	0.01718	0.03568	0.01982	0.80840	0.02775	0.00529	0.00529	0.00793	0.00330	0.00330
9	0.01173	0.01176	0.02160	0.36066	0.19753	0.01284	0.20857	0.01537	0.01166	0.01574	0.01052	0.01541	0.00845	0.00556	0.00643	0.00183	0.05078	0.02400	0.00264	0.00694
10	0.01167	0.01108	0.01896	0.51839	0.22306	0.01262	0.06860	0.04153	0.01195	0.01590	0.01005	0.01423	0.00776	0.00528	0.00551	0.00176	0.00716	0.00496	0.00263	0.00692
11	0.02037	0.02598	0.01545	0.01404	0.01685	0.78652	0.01053	0.02177	0.01545	0.01334	0.00843	0.00983	0.00702	0.00562	0.00492	0.00140	0.00983	0.00351	0.00281	0.00632
12	0.01153	0.03744	0.01530	0.44906	0.08024	0.02706	0.01240	0.09412	0.03545	0.01751	0.09462	0.03952	0.04954	0.00687	0.00556	0.00175	0.00617	0.00593	0.00344	0.00649
13	0.00772	0.00522	0.00611	0.00639	0.00649	0.00516	0.00382	0.00798	0.00855	0.01139	0.01996	0.17851	0.02322	0.63498	0.02321	0.00462	0.00488	0.03452	0.00369	0.00357
14	0.08999	0.09466	0.01612	0.08400	0.01766	0.24964	0.01018	0.25201	0.09661	0.02193	0.01131	0.01221	0.00867	0.00594	0.00493	0.00156	0.00693	0.00425	0.00390	0.00750
15	0.06073	0.03791	0.11713	0.05472	0.09616	0.06358	0.01079	0.08430	0.13769	0.09955	0.16234	0.01958	0.01828	0.00698	0.00541	0.00168	0.00546	0.00575	0.00444	0.00750
16	0.01231	0.14949	0.40424	0.01935	0.18738	0.01429	0.10454	0.01702	0.01180	0.01669	0.00968	0.01188	0.00746	0.00496	0.00510	0.00163	0.00749	0.00432	0.00245	0.00793
17	0.07735	0.03179	0.00909	0.02890	0.01030	0.00909	0.00605	0.18885	0.01437	0.02298	0.01491	0.01702	0.01160	0.00691	0.00516	0.04732	0.00384	0.00479	0.48363	0.00607

[dist]
# distance from previous block
# <min> <max>
0	3

[block]
# block no. 8 follows, 44 sequences, length 105
# corresponding to MSA columns:
# 320-358,364-370,372-402,409-427,433-441
name=unknown_I
#
# <colnr> <probs for GDERKNQSTAVLIFYWHMCP>
#	G	D	E	R	K	N	Q	S	T	A	V	L	I	F	Y	W	H	M	C	P
0	0.00688	0.00498	0.00655	0.00758	0.00810	0.00470	0.00524	0.00804	0.01077	0.01432	0.06487	0.62923	0.07920	0.03861	0.04079	0.00255	0.00376	0.05438	0.00496	0.00449
1	0.03325	0.01134	0.01228	0.04717	0.04231	0.07502	0.00838	0.26199	0.01739	0.05922	0.19731	0.10414	0.02232	0.02937	0.00647	0.01241	0.00505	0.00709	0.00490	0.04258
2	0.01172	0.07045	0.44406	0.01590	0.10438	0.03217	0.04614	0.01640	0.01168	0.01696	0.01024	0.03276	0.00814	0.00522	0.00499	0.00153	0.00700	0.00430	0.00262	0.15334
3	0.00682	0.00486	0.00624	0.00727	0.00761	0.00456	0.00477	0.00765	0.01017	0.01348	0.02933	0.66259	0.06616	0.12921	0.00989	0.00263	0.00345	0.01425	0.00481	0.00428
4	0.01969	0.01427	0.01525	0.01181	0.01587	0.01574	0.00972	0.68307	0.02424	0.03298	0.01355	0.01380	0.00973	0.00653	0.00529	0.00160	0.00566	0.00493	0.08742	0.00886
5	0.02797	0.19421	0.55633	0.01418	0.03767	0.01433	0.01694	0.01673	0.01128	0.01628	0.00947	0.01131	0.00721	0.00649	0.03606	0.00188	0.00773	0.00386	0.00236	0.00767
6	0.00819	0.00612	0.00758	0.00793	0.00937	0.00582	0.00643	0.03185	0.01312	0.01702	0.17155	0.05189	0.25229	0.06612	0.00828	0.00232	0.00395	0.32012	0.00511	0.00493
7	0.00674	0.00487	0.00633	0.00741	0.00788	0.00452	0.00501	0.00776	0.01066	0.01410	0.04888	0.68973	0.09091	0.04296	0.00761	0.00228	0.00323	0.02966	0.00502	0.00443
8	0.03869	0.01369	0.07689	0.15089	0.41441	0.01312	0.13686	0.01622	0.01186	0.01704	0.01000	0.01348	0.00807	0.00520	0.00618	0.00174	0.05030	0.00499	0.00264	0.00774
9	0.04318	0.03044	0.04158	0.45640	0.19862	0.01257	0.03424	0.01625	0.06106	0.03810	0.01089	0.01436	0.00833	0.00542	0.00534	0.00175	0.00675	0.00485	0.00285	0.00701
10	0.02038	0.02565	0.01548	0.01400	0.01686	0.76243	0.01053	0.04475	0.01577	0.01400	0.00857	0.00993	0.00709	0.00565	0.00493	0.00141	0.00971	0.00355	0.00289	0.00641
11	0.13332	0.01631	0.07364	0.08160	0.16110	0.18850	0.02626	0.11252	0.06867	0.03707	0.04240	0.01365	0.01017	0.00583	0.00507	0.00163	0.00674	0.00457	0.00355	0.00739
12	0.17043	0.00978	0.00993	0.00873	0.01133	0.03893	0.00682	0.08886	0.17600	0.08228	0.23469	0.02343	0.02335	0.03816	0.00610	0.00183	0.00412	0.00636	0.05211	0.00673
13	0.00667	0.00546	0.00591	0.00613	0.00770	0.00470	0.00458	0.00811	0.01231	0.01508	0.08774	0.15676	0.59128	0.01419	0.00657	0.00192	0.00293	0.05223	0.00511	0.00463
14	0.01325	0.01270	0.02168	0.09204	0.71774	0.01289	0.01661	0.01652	0.01230	0.01751	0.01021	0.01357	0.00853	0.00490	0.00540	0.00163	0.00654	0.00486	0.00268	0.00844
15	0.01532	0.04534	0.51537	0.01351	0.02025	0.01145	0.01599	0.02018	0.01279	0.25766	0.01342	0.01366	0.00899	0.00566	0.00523	0.00170	0.00691	0.00446	0.00371	0.00841
16	0.00698	0.00541	0.00636	0.00646	0.00782	0.00480	0.00476	0.00873	0.01314	0.01715	0.30517	0.18411	0.36842	0.01347	0.00655	0.00188	0.00281	0.02582	0.00540	0.00477
17	0.00848	0.00669	0.00817	0.02926	0.01058	0.02468	0.00706	0.01122	0.04153	0.01731	0.20478	0.06226	0.19892	0.01314	0.00683	0.00210	0.00407	0.33261	0.00515	0.00514
18	0.00766	0.00520	0.00600	0.00621	0.00632	0.00512	0.00363	0.00787	0.00850	0.01127	0.02059	0.16564	0.04725	0.64918	0.02355	0.00466	0.00485	0.00932	0.00366	0.00354
19	0.01851	0.01400	0.01435	0.01145	0.01512	0.05568	0.00928	0.56571	0.05103	0.03016	0.01456	0.05191	0.01127	0.00701	0.00531	0.00162	0.00559	0.00541	0.10367	0.00836
20	0.01134	0.09629	0.67955	0.01534	0.02298	0.01349	0.05325	0.01719	0.01154	0.01689	0.00965	0.01142	0.00698	0.00511	0.00509	0.00168	0.00791	0.00404	0.00233	0.00793
21	0.01739	0.01205	0.01280	0.01018	0.01357	0.01317	0.00829	0.52119	0.02114	0.02992	0.01457	0.01538	0.01076	0.00648	0.00493	0.00152	0.00491	0.00496	0.26884	0.00795
22	0.18702	0.01297	0.01460	0.34493	0.04654	0.13409	0.03070	0.07490	0.01264	0.03795	0.00991	0.01273	0.00755	0.00557	0.00511	0.00169	0.01980	0.00431	0.03050	0.00648
23	0.00657	0.00546	0.00575	0.00582	0.00748	0.00464	0.00431	0.00802	0.01252	0.01529	0.11649	0.11488	0.64632	0.01385	0.00649	0.00186	0.00278	0.01170	0.00515	0.00464
24	0.73299	0.01158	0.04538	0.02767	0.03048	0.01233	0.03901	0.01611	0.00965	0.02342	0.00795	0.00947	0.00615	0.00505	0.00369	0.00170	0.00473	0.00324	0.00326	0.00613
25	0.01880	0.01201	0.01353	0.01079	0.01446	0.03041	0.00875	0.35656	0.07109	0.21581	0.01599	0.01647	0.01160	0.03124	0.08375	0.00242	0.00628	0.00521	0.03139	0.04343
26	0.01284	0.00960	0.03382	0.12489	0.01562	0.02315	0.00850	0.04800	0.19154	0.13637	0.23577	0.02646	0.05917	0.04197	0.00673	0.00191	0.00454	0.00709	0.00514	0.00691
27	0.84691	0.01054	0.00801	0.00717	0.01054	0.01223	0.00590	0.01603	0.00928	0.02446	0.00759	0.00886	0.00590	0.00506	0.00337	0.00169	0.00422	0.00295	0.00337	0.00590
28	0.02312	0.00898	0.01222	0.00947	0.01345	0.00778	0.00778	0.02526	0.01559	0.71742	0.08175	0.02034	0.01654	0.00710	0.00556	0.00169	0.00447	0.00583	0.00669	0.00895
29	0.26852	0.01165	0.02456	0.06538	0.07184	0.01277	0.00913	0.13317	0.22225	0.05720	0.01503	0.01628	0.02354	0.00647	0.00489	0.00175	0.00495	0.02523	0.01789	0.00752
30	0.00715	0.00526	0.00686	0.00777	0.00818	0.00518	0.00538	0.00814	0.01034	0.01374	0.02899	0.59537	0.07292	0.10036	0.00964	0.00255	0.03746	0.06552	0.00476	0.00443
31	0.00660	0.00491	0.00615	0.00714	0.00779	0.00447	0.00486	0.00764	0.01087	0.01409	0.03555	0.64059	0.19676	0.01637	0.00685	0.00213	0.00308	0.01463	0.00506	0.00447
32	0.12026	0.00980	0.01227	0.00959	0.01367	0.00914	0.00790	0.05927	0.04529	0.62510	0.01951	0.01724	0.01254	0.00657	0.00524	0.00169	0.00464	0.00519	0.00624	0.00886
33	0.02023	0.04456	0.01637	0.01216	0.01641	0.01635	0.01007	0.67677	0.02423	0.06316	0.01372	0.03651	0.01015	0.00679	0.00543	0.00164	0.00585	0.00517	0.00538	0.00904
34	0.05661	0.00998	0.01280	0.00992	0.01407	0.00922	0.00817	0.09455	0.04435	0.65007	0.02019	0.01772	0.01291	0.00669	0.00540	0.00169	0.00474	0.00535	0.00645	0.00912
35	0.00664	0.00474	0.00633	0.00759	0.00791	0.00443	0.00506	0.00759	0.01044	0.01392	0.03005	0.80485	0.03606	0.01708	0.00696	0.00221	0.00316	0.01550	0.00506	0.00443
36	0.01569	0.01206	0.03919	0.05714	0.38350	0.01150	0.07506	0.01971	0.06750	0.20329	0.01477	0.01759	0.01134	0.00600	0.00561	0.00172	0.00611	0.03986	0.00398	0.00839
37	0.01075	0.03471	0.05597	0.03634	0.08628	0.11410	0.02399	0.01386	0.04379	0.01826	0.34709	0.06678	0.04429	0.01110	0.05604	0.00215	0.00555	0.01850	0.00445	0.00601
38	0.02037	0.02598	0.01545	0.01404	0.01685	0.78652	0.01053	0.02177	0.01545	0.01334	0.00843	0.00983	0.00702	0.00562	0.00492	0.00140	0.00983	0.00351	0.00281	0.00632
39	0.04841	0.29733	0.14519	0.21775	0.02191	0.09854	0.01265	0.03291	0.01180	0.01503	0.02105	0.01156	0.00778	0.00538	0.00500	0.00154	0.03290	0.00389	0.00258	0.00679
40	0.06121	0.01362	0.01435	0.01147	0.01531	0.01519	0.00934	0.51897	0.17562	0.03054	0.01499	0.01484	0.01093	0.00663	0.00526	0.00166	0.00533	0.00508	0.06098	0.00869
41	0.00693	0.00497	0.00660	0.00750	0.00805	0.00463	0.00518	0.00828	0.01158	0.01570	0.19012	0.61911	0.03925	0.01574	0.00686	0.00211	0.00309	0.03444	0.00526	0.00460
42	0.01093	0.02820	0.78016	0.01554	0.02360	0.01266	0.02014	0.01727	0.01151	0.01727	0.00978	0.01151	0.00691	0.00518	0.00518	0.00173	0.00806	0.00403	0.00230	0.00806
43	0.03129	0.02769	0.73004	0.01528	0.02300	0.04471	0.01940	0.01742	0.01162	0.01727	0.00968	0.01138	0.00689	0.00519	0.00513	0.00171	0.00804	0.00398	0.00235	0.00793
44	0.00694	0.00489	0.00629	0.00723	0.00752	0.00463	0.00471	0.00777	0.01014	0.01357	0.05736	0.61957	0.03342	0.17576	0.01111	0.00281	0.00357	0.01375	0.00475	0.00423
45	0.01287	0.01471	0.03217	0.02298	0.02849	0.01379	0.75460	0.01746	0.01287	0.01746	0.01103	0.01471	0.00827	0.00460	0.00643	0.00184	0.00919	0.00643	0.00276	0.00735
46	0.00658	0.00547	0.00576	0.00581	0.00748	0.00464	0.00431	0.00805	0.01257	0.01537	0.12378	0.10765	0.64619	0.01379	0.00648	0.00186	0.00277	0.01164	0.00515	0.00464
47	0.00926	0.00474	0.00704	0.00714	0.00716	0.00471	0.00476	0.00714	0.00735	0.00980	0.01101	0.07560	0.01146	0.01880	0.02023	0.77854	0.00462	0.00554	0.00257	0.00252
48	0.01142	0.13242	0.68018	0.01471	0.02232	0.01385	0.01870	0.01714	0.01145	0.01667	0.00949	0.01114	0.00692	0.00511	0.00496	0.00165	0.00776	0.00388	0.00231	0.00792
49	0.01458	0.81168	0.02857	0.00933	0.01399	0.02157	0.00933	0.01632	0.01108	0.01283	0.00758	0.00875	0.00700	0.00466	0.00350	0.00117	0.00583	0.00292	0.00233	0.00700
50	0.02072	0.01527	0.01636	0.01254	0.01691	0.01691	0.01036	0.75622	0.02563	0.03436	0.01309	0.01309	0.00927	0.00654	0.00545	0.00164	0.00600	0.00491	0.00545	0.00927
51	0.00660	0.00555	0.00574	0.00573	0.00752	0.00468	0.00433	0.00810	0.01266	0.01531	0.10868	0.05180	0.69956	0.01364	0.00647	0.00185	0.00280	0.02921	0.00513	0.00465
52	0.78916	0.01100	0.00857	0.02837	0.01153	0.03236	0.00635	0.02877	0.00976	0.02406	0.00776	0.00910	0.00603	0.00511	0.00350	0.00168	0.00447	0.00305	0.00337	0.00598
53	0.02048	0.01443	0.01571	0.01215	0.01635	0.01577	0.00999	0.67353	0.02431	0.08929	0.01435	0.04317	0.01059	0.00695	0.00551	0.00166	0.00579	0.00535	0.00554	0.00909
54	0.01317	0.01370	0.05311	0.16873	0.56982	0.05358	0.01626	0.01652	0.01226	0.01685	0.01004	0.01340	0.00823	0.00502	0.00537	0.00165	0.00686	0.00475	0.00264	0.00802
55	0.84691	0.01054	0.00801	0.00717	0.01054	0.01223	0.00590	0.01603	0.00928	0.02446	0.00759	0.00886	0.00590	0.00506	0.00337	0.00169	0.00422	0.00295	0.00337	0.00590
56	0.02373	0.00933	0.01260	0.00979	0.01390	0.00820	0.00811	0.04682	0.01577	0.72642	0.02156	0.02012	0.01409	0.00707	0.00556	0.00172	0.00469	0.03476	0.00664	0.00911
57	0.01093	0.02820	0.78016	0.01554	0.02360	0.01266	0.02014	0.01727	0.01151	0.01727	0.00978	0.01151	0.00691	0.00518	0.00518	0.00173	0.00806	0.00403	0.00230	0.00806
58	0.01148	0.06401	0.72388	0.01509	0.02288	0.01294	0.01930	0.01748	0.01160	0.03830	0.01001	0.01158	0.00709	0.00520	0.00511	0.00170	0.00786	0.00402	0.00243	0.00804
59	0.00672	0.00482	0.00626	0.00737	0.00775	0.00450	0.00489	0.00763	0.01038	0.01374	0.03058	0.71175	0.07566	0.06989	0.00832	0.00240	0.00328	0.01477	0.00494	0.00436
60	0.02090	0.01499	0.01619	0.01241	0.01677	0.01649	0.01025	0.72238	0.02517	0.06885	0.01348	0.01334	0.00947	0.00655	0.00546	0.00164	0.00594	0.00494	0.00551	0.00927
61	0.01296	0.01291	0.03799	0.17134	0.61143	0.02511	0.01642	0.01631	0.01217	0.01702	0.01011	0.01358	0.00832	0.00498	0.00539	0.00165	0.00671	0.00482	0.00264	0.00812
62	0.00951	0.00641	0.00896	0.01002	0.01142	0.00636	0.00875	0.01200	0.01269	0.05165	0.02852	0.05950	0.03055	0.01467	0.00744	0.00247	0.00500	0.70374	0.00510	0.00522
63	0.00649	0.00552	0.00559	0.00558	0.00740	0.00462	0.00418	0.00792	0.01255	0.01501	0.08389	0.05200	0.74335	0.01370	0.00644	0.00184	0.00275	0.01144	0.00510	0.00462
64	0.01093	0.02820	0.78016	0.01554	0.02360	0.01266	0.02014	0.01727	0.01151	0.01727	0.00978	0.01151	0.00691	0.00518	0.00518	0.00173	0.00806	0.00403	0.00230	0.00806
65	0.01074	0.00767	0.03979	0.00881	0.03054	0.00674	0.00693	0.01437	0.07106	0.12227	0.51714	0.03568	0.03957	0.01012	0.00623	0.00177	0.00346	0.05519	0.00577	0.00616
66	0.02037	0.02598	0.01545	0.01404	0.01685	0.78652	0.01053	0.02177	0.01545	0.01334	0.00843	0.00983	0.00702	0.00562	0.00492	0.00140	0.00983	0.00351	0.00281	0.00632
67	0.01651	0.01198	0.01343	0.01082	0.01428	0.01297	0.00875	0.43116	0.07734	0.05561	0.01441	0.01609	0.01115	0.03386	0.14407	0.00293	0.00702	0.00515	0.03842	0.07404
68	0.01408	0.01128	0.01206	0.01085	0.01375	0.03740	0.00869	0.13145	0.42390	0.05512	0.05257	0.02737	0.03910	0.00878	0.00590	0.00190	0.00476	0.12779	0.00541	0.00783
69	0.00664	0.00474	0.00633	0.00759	0.00791	0.00443	0.00506	0.00759	0.01044	0.01392	0.03005	0.80485	0.03606	0.01708	0.00696	0.00221	0.00316	0.01550	0.00506	0.00443
70	0.01335	0.01281	0.02187	0.06775	0.74123	0.01292	0.01666	0.01661	0.01235	0.01764	0.01023	0.01354	0.00857	0.00488	0.00540	0.00163	0.00651	0.00486	0.00269	0.00852
71	0.00747	0.00559	0.00772	0.00960	0.06415	0.00534	0.00604	0.02582	0.01094	0.01468	0.02820	0.72842	0.03342	0.01594	0.00681	0.00216	0.00347	0.01447	0.00490	0.00485
72	0.00683	0.00485	0.00639	0.00755	0.00787	0.00457	0.00505	0.00776	0.01031	0.01373	0.02893	0.71300	0.03453	0.08284	0.00871	0.00248	0.00341	0.04193	0.00491	0.00436
73	0.01215	0.00997	0.01063	0.00948	0.01219	0.01084	0.00737	0.13038	0.38076	0.02210	0.08539	0.06218	0.20463	0.00954	0.00588	0.00182	0.00401	0.00796	0.00543	0.00730
74	0.00658	0.00553	0.00571	0.00566	0.00745	0.00466	0.00425	0.00808	0.01274	0.01547	0.13001	0.05124	0.69693	0.01353	0.00644	0.00183	0.00274	0.01133	0.00516	0.00466
75	0.00753	0.00512	0.00606	0.00646	0.00656	0.00502	0.00385	0.00782	0.00871	0.01161	0.02117	0.27457	0.02486	0.56263	0.02129	0.00433	0.00463	0.01028	0.00385	0.00365
76	0.01458	0.81168	0.02857	0.00933	0.01399	0.02157	0.00933	0.01632	0.01108	0.01283	0.00758	0.00875	0.00700	0.00466	0.00350	0.00117	0.00583	0.00292	0.00233	0.00700
77	0.01896	0.01653	0.01629	0.01498	0.10348	0.17053	0.01086	0.47562	0.02103	0.02687	0.01233	0.03382	0.00962	0.00773	0.03466	0.00187	0.00707	0.00494	0.00450	0.00831
78	0.01792	0.07263	0.05364	0.01625	0.12793	0.21354	0.03502	0.31148	0.01811	0.02260	0.01066	0.01206	0.00828	0.00639	0.01614	0.00168	0.03953	0.00442	0.00377	0.00796
79	0.01786	0.03941	0.01493	0.01100	0.01525	0.01402	0.00905	0.50427	0.02078	0.05044	0.01266	0.01348	0.00946	0.02081	0.01963	0.00163	0.00558	0.00458	0.02865	0.18652
80	0.00747	0.00597	0.00639	0.00628	0.00793	0.00536	0.00462	0.04997	0.01290	0.01606	0.10686	0.13146	0.53960	0.06500	0.00782	0.00208	0.00314	0.01121	0.00505	0.00481
81	0.01440	0.01121	0.01211	0.01069	0.01390	0.01254	0.00836	0.02765	0.64387	0.10058	0.02290	0.02099	0.04091	0.00746	0.00553	0.00181	0.00429	0.00620	0.00560	0.02902
82	0.02257	0.00886	0.01205	0.00938	0.01326	0.00769	0.00769	0.02473	0.01558	0.69262	0.10635	0.02106	0.01779	0.00725	0.00559	0.00169	0.00441	0.00598	0.00666	0.00881
83	0.01594	0.01132	0.01250	0.01085	0.01420	0.01253	0.00855	0.04801	0.59408	0.17504	0.02181	0.01979	0.01581	0.00724	0.00553	0.00181	0.00443	0.00599	0.00579	0.00878
84	0.01130	0.00969	0.01130	0.00807	0.01292	0.00727	0.00646	0.01373	0.01130	0.01776	0.00969	0.01130	0.00807	0.00404	0.00404	0.00081	0.00404	0.00323	0.00323	0.84173
85	0.00665	0.00482	0.00629	0.00742	0.00787	0.00446	0.00499	0.00767	0.01070	0.01416	0.04858	0.73135	0.09153	0.01670	0.00691	0.00217	0.00312	0.01507	0.00508	0.00446
86	0.00655	0.00551	0.00555	0.00555	0.00726	0.00465	0.00408	0.00783	0.01209	0.01442	0.05238	0.05121	0.71584	0.07331	0.00804	0.00210	0.00295	0.01124	0.00493	0.00451
87	0.02072	0.01527	0.01636	0.01254	0.01691	0.01691	0.01036	0.75622	0.02563	0.03436	0.01309	0.01309	0.00927	0.00654	0.00545	0.00164	0.00600	0.00491	0.00545	0.00927
88	0.02416	0.00976	0.01295	0.00993	0.01416	0.00873	0.00820	0.08550	0.01641	0.71809	0.02083	0.01811	0.01315	0.00673	0.00548	0.00168	0.00475	0.00544	0.00664	0.00928
89	0.00791	0.00583	0.00742	0.00698	0.00837	0.00548	0.00525	0.01097	0.04728	0.02157	0.70630	0.04040	0.08338	0.01111	0.00639	0.00173	0.00266	0.00978	0.00594	0.00527
90	0.00663	0.00478	0.00629	0.00750	0.00788	0.00444	0.00502	0.00760	0.01052	0.01395	0.03112	0.77272	0.06749	0.01694	0.00694	0.00220	0.00315	0.01533	0.00506	0.00444
91	0.12189	0.00959	0.01220	0.00948	0.01360	0.00875	0.00783	0.04490	0.01512	0.66883	0.01963	0.01726	0.01248	0.00654	0.00523	0.00169	0.00463	0.00517	0.00631	0.00888
92	0.01010	0.00924	0.01536	0.69217	0.03410	0.01135	0.01431	0.01358	0.01112	0.01424	0.01221	0.02070	0.01043	0.00671	0.00572	0.00191	0.00697	0.10110	0.00276	0.00592
93	0.02041	0.02478	0.01555	0.01388	0.01686	0.69987	0.01051	0.10446	0.01660	0.01571	0.00895	0.01020	0.00728	0.00572	0.00498	0.00143	0.00940	0.00367	0.00311	0.00665
94	0.01030	0.00969	0.01635	0.79530	0.03755	0.01211	0.01514	0.01393	0.01090	0.01393	0.00969	0.01453	0.00727	0.00545	0.00545	0.00182	0.00727	0.00484	0.00242	0.00606
95	0.02940	0.07609	0.09954	0.19200	0.02097	0.06427	0.01166	0.15843	0.12503	0.12212	0.01411	0.03920	0.01066	0.00639	0.00527	0.00169	0.00621	0.00511	0.00413	0.00773
96	0.00882	0.00656	0.00856	0.00921	0.01065	0.00659	0.00772	0.01242	0.08361	0.01766	0.15379	0.07924	0.08443	0.01367	0.00707	0.00226	0.00433	0.47283	0.00524	0.00533
97	0.01093	0.02820	0.78016	0.01554	0.02360	0.01266	0.02014	0.01727	0.01151	0.01727	0.00978	0.01151	0.00691	0.00518	0.00518	0.00173	0.00806	0.00403	0.00230	0.00806
98	0.00764	0.00551	0.00722	0.00691	0.00813	0.00509	0.00514	0.01009	0.01506	0.02127	0.71665	0.09727	0.05030	0.01158	0.00647	0.00175	0.00262	0.01028	0.00593	0.00509
99	0.01193	0.01193	0.01670	0.01431	0.01431	0.01670	0.01193	0.01312	0.00835	0.01312	0.00716	0.01193	0.00716	0.00954	0.01789	0.00239	0.79843	0.00477	0.00239	0.00596
100	0.00702	0.00554	0.00634	0.00622	0.00778	0.00486	0.00468	0.00891	0.01363	0.01769	0.35029	0.06478	0.44180	0.01281	0.00647	0.00181	0.00274	0.02635	0.00545	0.00483
101	0.00947	0.00473	0.00710	0.00710	0.00710	0.00473	0.00473	0.00710	0.00710	0.00947	0.00947	0.01657	0.00947	0.01894	0.02131	0.84138	0.00473	0.00473	0.00237	0.00237
102	0.24256	0.01442	0.01351	0.01101	0.01463	0.08884	0.00896	0.40391	0.04770	0.02792	0.01143	0.01211	0.00850	0.00620	0.00529	0.00165	0.03741	0.00430	0.03187	0.00779
103	0.54219	0.01065	0.01118	0.10978	0.01512	0.01273	0.02945	0.03175	0.00986	0.02106	0.00886	0.04013	0.00754	0.00624	0.00606	0.00183	0.12229	0.00408	0.00320	0.00599
104	0.05353	0.16520	0.37572	0.01345	0.03443	0.03594	0.05756	0.07101	0.01274	0.04072	0.02282	0.01251	0.00861	0.00538	0.00480	0.00158	0.00680	0.00420	0.06546	0.00754

[dist]
# distance from previous block
# <min> <max>
0	7

[block]
# block no. 9 follows, 44 sequences, length 19
# corresponding to MSA columns:
# 449-467
name=unknown_J
#
# <colnr> <probs for GDERKNQSTAVLIFYWHMCP>
#	G	D	E	R	K	N	Q	S	T	A	V	L	I	F	Y	W	H	M	C	P
0	0.01425	0.10096	0.02046	0.17996	0.40423	0.13716	0.01446	0.03575	0.01279	0.01620	0.00963	0.01259	0.00794	0.00512	0.00513	0.00158	0.00709	0.00443	0.00269	0.00759
1	0.01823	0.01445	0.01469	0.03802	0.01626	0.07289	0.00969	0.50782	0.12150	0.02899	0.01576	0.01582	0.04029	0.00683	0.00537	0.00164	0.00578	0.00524	0.05230	0.00844
2	0.01668	0.01181	0.01259	0.01021	0.01343	0.01294	0.00820	0.46734	0.07806	0.02854	0.01564	0.04236	0.01224	0.03381	0.00585	0.00170	0.00490	0.00550	0.21036	0.00783
3	0.01349	0.01295	0.02213	0.03346	0.77440	0.01295	0.01673	0.01673	0.01241	0.01781	0.01025	0.01349	0.00864	0.00486	0.00540	0.00162	0.00648	0.00486	0.00270	0.00864
4	0.04527	0.00576	0.00678	0.00661	0.00810	0.00529	0.00498	0.00968	0.01387	0.01920	0.45533	0.08712	0.26605	0.01213	0.00636	0.00180	0.00281	0.03238	0.00551	0.00497
5	0.00901	0.00583	0.00767	0.00712	0.00860	0.00534	0.00537	0.01147	0.01522	0.08198	0.67801	0.07352	0.04771	0.01106	0.00638	0.00174	0.00276	0.00976	0.00602	0.00544
6	0.01093	0.02820	0.78016	0.01554	0.02360	0.01266	0.02014	0.01727	0.01151	0.01727	0.00978	0.01151	0.00691	0.00518	0.00518	0.00173	0.00806	0.00403	0.00230	0.00806
7	0.00793	0.00529	0.00595	0.00595	0.00595	0.00529	0.00330	0.00793	0.00793	0.01057	0.01718	0.03568	0.01982	0.80840	0.02775	0.00529	0.00529	0.00793	0.00330	0.00330
8	0.00970	0.00756	0.03380	0.00944	0.01131	0.00679	0.06624	0.02496	0.05896	0.07537	0.21620	0.32046	0.06066	0.01238	0.00652	0.00198	0.00399	0.06276	0.00519	0.00571
9	0.01198	0.00981	0.01171	0.00855	0.01306	0.00790	0.00688	0.01431	0.01133	0.05438	0.01010	0.01170	0.00828	0.00452	0.00498	0.00095	0.05426	0.00344	0.00335	0.74852
10	0.15347	0.02322	0.56783	0.01381	0.02059	0.01217	0.03983	0.01714	0.01147	0.04671	0.03871	0.01252	0.00871	0.00542	0.00497	0.00172	0.00711	0.00420	0.00280	0.00760
11	0.01830	0.04214	0.01518	0.01262	0.01600	0.32133	0.00989	0.22959	0.23791	0.02199	0.01375	0.01379	0.01047	0.00637	0.00521	0.00159	0.00702	0.00466	0.00434	0.00784
12	0.26220	0.01451	0.01405	0.01274	0.07405	0.11489	0.02551	0.30071	0.04051	0.02566	0.01092	0.01195	0.00827	0.00590	0.00503	0.00164	0.02483	0.00422	0.03486	0.00755
13	0.01592	0.01289	0.01299	0.01124	0.01453	0.06720	0.00884	0.14714	0.51001	0.08079	0.01954	0.01828	0.01444	0.00705	0.00543	0.00175	0.00494	0.00569	0.03282	0.00851
14	0.00691	0.00497	0.00661	0.00783	0.00832	0.00467	0.00550	0.00808	0.01078	0.01426	0.03084	0.68107	0.06315	0.01670	0.00701	0.00224	0.00339	0.10811	0.00506	0.00451
15	0.01030	0.00969	0.01635	0.79530	0.03755	0.01211	0.01514	0.01393	0.01090	0.01393	0.00969	0.01453	0.00727	0.00545	0.00545	0.00182	0.00727	0.00484	0.00242	0.00606
16	0.00656	0.00550	0.00571	0.00572	0.00745	0.00464	0.00426	0.00803	0.01261	0.01532	0.11633	0.07932	0.68250	0.01370	0.00646	0.00184	0.00276	0.01151	0.00514	0.00464
17	0.00779	0.00584	0.00876	0.00876	0.00974	0.00681	0.00681	0.00974	0.00876	0.01266	0.01460	0.02142	0.01363	0.04089	0.78680	0.00876	0.01460	0.00584	0.00292	0.00487
18	0.01391	0.01470	0.01926	0.33308	0.14193	0.17456	0.11711	0.05930	0.01311	0.01604	0.00980	0.01323	0.00768	0.00550	0.00595	0.00172	0.03871	0.00479	0.00277	0.00687

[dist]
# distance from previous block
# <min> <max>
0	1

[block]
# block no. 10 follows, 44 sequences, length 232
# corresponding to MSA columns:
# 469-527,529-544,546-548,553,558-579,605-625,641-654,656-666,668-717,758-792
name=unknown_K
#
# <colnr> <probs for GDERKNQSTAVLIFYWHMCP>
#	G	D	E	R	K	N	Q	S	T	A	V	L	I	F	Y	W	H	M	C	P
0	0.00662	0.00504	0.00611	0.00696	0.00780	0.00453	0.00484	0.00775	0.01114	0.01424	0.03838	0.53852	0.28037	0.01595	0.00680	0.00210	0.00307	0.03022	0.00506	0.00450
