[name]
unknown

[dist]
# distance from previous block
# <min> <max>
0	0

[block]
# block no. 0 follows, 48 sequences, length 15
# corresponding to MSA columns:
# 0-14
name=unknown_A
#
# <colnr> <probs for GDERKNQSTAVLIFYWHMCP>
#	G	D	E	R	K	N	Q	S	T	A	V	L	I	F	Y	W	H	M	C	P
0	0.00827	0.00591	0.00827	0.00945	0.01063	0.00591	0.00827	0.01063	0.01181	0.01536	0.02717	0.05788	0.02953	0.01417	0.00709	0.00236	0.00472	0.75313	0.00472	0.00472
1	0.01324	0.01367	0.01884	0.16394	0.52945	0.14141	0.01453	0.01607	0.01190	0.01543	0.00928	0.01230	0.00765	0.00479	0.00501	0.00152	0.00674	0.00436	0.00251	0.00735
2	0.01917	0.02445	0.01454	0.01322	0.01586	0.79907	0.00991	0.02049	0.01454	0.01256	0.00793	0.00925	0.00661	0.00529	0.00463	0.00132	0.00925	0.00330	0.00264	0.00595
3	0.00624	0.00451	0.00590	0.00702	0.00741	0.00418	0.00471	0.00716	0.00995	0.01315	0.02982	0.76654	0.08273	0.01588	0.00652	0.00206	0.00295	0.01434	0.00476	0.00418
4	0.01206	0.01155	0.01987	0.08025	0.64315	0.01162	0.05076	0.01515	0.01182	0.01679	0.06797	0.01475	0.01106	0.00504	0.00520	0.00155	0.00599	0.00500	0.00276	0.00766
5	0.00647	0.00475	0.00607	0.00672	0.00743	0.00435	0.00467	0.00778	0.01120	0.01500	0.21348	0.52669	0.13785	0.01432	0.00636	0.00192	0.00279	0.01281	0.00498	0.00435
6	0.00895	0.00636	0.00786	0.00746	0.00863	0.00663	0.00547	0.11455	0.01170	0.01601	0.13497	0.13238	0.07933	0.15697	0.20144	0.05896	0.00626	0.00782	0.02353	0.00472
7	0.01575	0.01297	0.01522	0.08256	0.16979	0.07226	0.01074	0.30933	0.13844	0.05431	0.01279	0.01386	0.00965	0.00692	0.02284	0.03007	0.00594	0.00473	0.00410	0.00774
8	0.01032	0.04191	0.58909	0.12352	0.02354	0.01189	0.06851	0.01551	0.01072	0.01552	0.00946	0.01214	0.00705	0.03250	0.00567	0.00174	0.00741	0.00415	0.00224	0.00710
9	0.00845	0.00826	0.06826	0.00946	0.02423	0.00686	0.08802	0.02350	0.01215	0.02947	0.26475	0.18558	0.14553	0.03510	0.00696	0.00183	0.03411	0.00914	0.00441	0.03392
10	0.01375	0.01030	0.01180	0.00964	0.01245	0.01091	0.00760	0.28020	0.10772	0.04841	0.04187	0.06408	0.01306	0.06733	0.00846	0.05974	0.06519	0.00546	0.00424	0.15778
11	0.07519	0.00946	0.01359	0.03544	0.01443	0.00973	0.15501	0.16095	0.06337	0.04843	0.08577	0.22897	0.01954	0.04808	0.00664	0.00192	0.00496	0.00805	0.00431	0.00618
12	0.04843	0.07894	0.04450	0.03343	0.15133	0.19061	0.19822	0.03989	0.01270	0.03218	0.06856	0.01440	0.02739	0.00554	0.00546	0.00154	0.03232	0.00491	0.00299	0.00666
13	0.00635	0.00469	0.00594	0.00672	0.00738	0.00428	0.00462	0.00751	0.01075	0.01419	0.12993	0.58380	0.16538	0.01482	0.00640	0.00196	0.00284	0.01325	0.00488	0.00428
14	0.09350	0.09865	0.23926	0.07798	0.07260	0.01306	0.23786	0.03573	0.01126	0.01668	0.00919	0.01161	0.00703	0.00475	0.00518	0.00158	0.02494	0.00439	0.00253	0.03221

[dist]
# distance from previous block
# <min> <max>
4	6

[block]
# block no. 1 follows, 48 sequences, length 33
# corresponding to MSA columns:
# 22-54
name=unknown_B
#
# <colnr> <probs for GDERKNQSTAVLIFYWHMCP>
#	G	D	E	R	K	N	Q	S	T	A	V	L	I	F	Y	W	H	M	C	P
0	0.30751	0.23263	0.15913	0.01233	0.10250	0.05948	0.03094	0.01580	0.01033	0.01734	0.00794	0.00946	0.00642	0.00468	0.00390	0.00144	0.00571	0.00328	0.00261	0.00656
1	0.00983	0.02402	0.70336	0.01377	0.02052	0.01103	0.01734	0.01521	0.01072	0.01589	0.01138	0.10265	0.00963	0.00615	0.00507	0.00168	0.00706	0.00502	0.00246	0.00719
2	0.01130	0.01031	0.03667	0.06009	0.01460	0.05545	0.09444	0.02860	0.25050	0.05614	0.22434	0.05580	0.06374	0.00797	0.00558	0.00168	0.00465	0.00705	0.00462	0.00649
3	0.00651	0.00500	0.00599	0.00638	0.00749	0.00448	0.00466	0.00797	0.01165	0.01508	0.19329	0.30725	0.33235	0.01360	0.00629	0.00187	0.00282	0.05799	0.00494	0.00441
4	0.01125	0.00804	0.01146	0.11942	0.01484	0.00827	0.06681	0.10363	0.05806	0.10625	0.16227	0.26412	0.02436	0.00978	0.00582	0.00178	0.00439	0.00877	0.00467	0.00602
5	0.01075	0.00573	0.00718	0.00677	0.00786	0.00537	0.00461	0.01165	0.01028	0.18761	0.08769	0.19166	0.02297	0.37894	0.01503	0.00322	0.00414	0.00851	0.02524	0.00479
6	0.02063	0.01159	0.01352	0.01043	0.01438	0.01191	0.00860	0.40840	0.03828	0.36282	0.01610	0.01490	0.01074	0.00626	0.00511	0.00156	0.00497	0.00489	0.02630	0.00862
7	0.02194	0.00911	0.01197	0.00933	0.01320	0.00827	0.00766	0.04576	0.08830	0.69638	0.02009	0.01748	0.01288	0.00640	0.00517	0.00160	0.00437	0.00521	0.00621	0.00867
8	0.00711	0.00518	0.00636	0.00642	0.00722	0.00507	0.00452	0.00831	0.01015	0.01355	0.17120	0.08043	0.17366	0.29073	0.14069	0.00392	0.00531	0.05207	0.00404	0.00407
9	0.01372	0.82276	0.02689	0.00878	0.01317	0.02030	0.00878	0.01536	0.01043	0.01207	0.00713	0.00823	0.00658	0.00439	0.00329	0.00110	0.00549	0.00274	0.00219	0.00658
10	0.00929	0.00625	0.00717	0.00648	0.00847	0.00562	0.00496	0.05760	0.01334	0.10574	0.22652	0.05569	0.40985	0.03301	0.00640	0.00175	0.00305	0.00922	0.00511	0.02447
11	0.01098	0.18561	0.64001	0.01346	0.02040	0.01359	0.01692	0.01607	0.01075	0.01541	0.00879	0.01031	0.00652	0.00478	0.00456	0.00152	0.00716	0.00358	0.00217	0.00738
12	0.01142	0.01204	0.01858	0.49439	0.04445	0.10176	0.17419	0.01467	0.01105	0.01378	0.00914	0.01307	0.00703	0.00516	0.00587	0.00169	0.04855	0.00473	0.00239	0.00603
13	0.11252	0.03446	0.01375	0.08236	0.01624	0.43889	0.00951	0.11117	0.01428	0.01673	0.05679	0.01181	0.00938	0.00581	0.00522	0.00147	0.04638	0.00394	0.00314	0.00615
14	0.00930	0.00859	0.01431	0.71612	0.03216	0.01058	0.01317	0.01243	0.01021	0.01311	0.01130	0.10518	0.00993	0.00638	0.00529	0.00175	0.00640	0.00570	0.00256	0.00553
15	0.00907	0.00541	0.00698	0.00724	0.00822	0.00504	0.00520	0.01022	0.01060	0.12007	0.06257	0.37894	0.07211	0.17193	0.01021	0.00257	0.00372	0.10050	0.00469	0.00470
16	0.00743	0.00497	0.00563	0.00565	0.00568	0.00495	0.00319	0.00750	0.00767	0.01025	0.03244	0.05296	0.01965	0.78307	0.02522	0.00483	0.00487	0.00768	0.00320	0.00317
17	0.00731	0.00499	0.00593	0.00600	0.00622	0.00496	0.00366	0.00778	0.00855	0.01159	0.10486	0.11064	0.02322	0.60247	0.06703	0.00450	0.00500	0.00826	0.00354	0.00350
18	0.01884	0.00805	0.01073	0.00863	0.01184	0.00718	0.00696	0.05356	0.01470	0.56428	0.15434	0.08136	0.02039	0.00780	0.00542	0.00163	0.00398	0.00657	0.00605	0.00771
19	0.01951	0.01437	0.01540	0.01181	0.01591	0.01591	0.00975	0.77056	0.02412	0.03234	0.01232	0.01232	0.00873	0.00616	0.00513	0.00154	0.00565	0.00462	0.00513	0.00873
20	0.01791	0.06444	0.01759	0.01266	0.01683	0.01567	0.09615	0.59420	0.06593	0.02863	0.01228	0.01264	0.00889	0.00589	0.00513	0.00155	0.00589	0.00474	0.00467	0.00835
21	0.03549	0.03851	0.06597	0.01057	0.01439	0.01178	0.00919	0.25771	0.07571	0.32463	0.03288	0.01519	0.01138	0.00687	0.01753	0.00171	0.05239	0.00488	0.00509	0.00814
22	0.03874	0.04309	0.01439	0.01282	0.03903	0.59539	0.00955	0.10504	0.01505	0.01560	0.00899	0.01027	0.00728	0.00537	0.00456	0.00135	0.00808	0.00356	0.05556	0.00627
23	0.01050	0.00691	0.00768	0.03473	0.00891	0.04019	0.00501	0.05520	0.01077	0.10236	0.08246	0.08656	0.04476	0.41185	0.01566	0.00328	0.00459	0.00738	0.05654	0.00466
24	0.00636	0.00504	0.00572	0.00591	0.00720	0.00440	0.00429	0.00780	0.01186	0.01509	0.20016	0.22331	0.45835	0.01318	0.00617	0.00179	0.00265	0.01137	0.00495	0.00440
25	0.00721	0.00538	0.00798	0.00812	0.00897	0.00616	0.00623	0.00893	0.00843	0.01205	0.01540	0.11092	0.01523	0.03593	0.70897	0.00754	0.01252	0.00653	0.00298	0.00453
26	0.06764	0.01070	0.01123	0.00948	0.01257	0.02812	0.00756	0.20504	0.29606	0.12544	0.01891	0.01813	0.05740	0.00675	0.00491	0.00159	0.00432	0.00536	0.10123	0.00754
27	0.01015	0.00682	0.00832	0.00792	0.00959	0.00690	0.00595	0.05758	0.12603	0.10350	0.14006	0.25950	0.10654	0.02741	0.09668	0.00259	0.00459	0.00929	0.00491	0.00568
28	0.01337	0.04620	0.04556	0.01499	0.01801	0.07935	0.23917	0.14791	0.01293	0.01735	0.01039	0.06170	0.00907	0.00681	0.00873	0.00179	0.23898	0.00540	0.00306	0.01923
29	0.00628	0.00452	0.00590	0.00699	0.00736	0.00420	0.00467	0.00717	0.00985	0.01304	0.02915	0.75166	0.07299	0.04090	0.00713	0.00216	0.00302	0.01417	0.00471	0.00414
30	0.01403	0.01104	0.01254	0.00982	0.01336	0.01116	0.00791	0.33680	0.02917	0.02277	0.01264	0.10082	0.01108	0.00660	0.00563	0.00136	0.06233	0.00515	0.00411	0.32169
31	0.06788	0.01255	0.01371	0.01073	0.01451	0.01353	0.00879	0.55765	0.02078	0.14536	0.01482	0.05754	0.02488	0.00678	0.00512	0.00158	0.00515	0.00525	0.00518	0.00821
32	0.01338	0.01119	0.06043	0.01068	0.05767	0.01061	0.00822	0.29983	0.01510	0.03831	0.01413	0.04072	0.03627	0.20032	0.01036	0.00229	0.03018	0.00549	0.00392	0.13090

[dist]
# distance from previous block
# <min> <max>
9	25

[block]
# block no. 2 follows, 48 sequences, length 12
# corresponding to MSA columns:
# 81-92
name=unknown_C
#
# <colnr> <probs for GDERKNQSTAVLIFYWHMCP>
#	G	D	E	R	K	N	Q	S	T	A	V	L	I	F	Y	W	H	M	C	P
0	0.01115	0.16248	0.57418	0.01551	0.10643	0.01340	0.01684	0.01604	0.01086	0.01559	0.00890	0.01059	0.00670	0.00476	0.00462	0.00152	0.00705	0.00370	0.00221	0.00747
1	0.01155	0.08468	0.18899	0.00964	0.01452	0.00963	0.00952	0.01484	0.02936	0.06330	0.03357	0.01196	0.00898	0.00473	0.00468	0.00114	0.03557	0.00362	0.00307	0.45662
2	0.48595	0.08976	0.23122	0.00953	0.01407	0.03902	0.00991	0.03937	0.01016	0.02005	0.00791	0.00919	0.00605	0.00482	0.00378	0.00154	0.00536	0.00314	0.00284	0.00634
3	0.10958	0.73024	0.02469	0.00855	0.01280	0.01930	0.00841	0.01533	0.01023	0.01332	0.00713	0.00824	0.00647	0.00443	0.00328	0.00115	0.00531	0.00275	0.00231	0.00647
4	0.01069	0.00876	0.03429	0.10671	0.01306	0.02559	0.00715	0.13183	0.01192	0.01681	0.03406	0.02081	0.03640	0.21076	0.07424	0.00284	0.02728	0.00548	0.11978	0.10154
5	0.00674	0.00545	0.00602	0.00584	0.00744	0.00484	0.00439	0.00895	0.04334	0.01646	0.30107	0.04440	0.50301	0.01190	0.00603	0.00169	0.00260	0.01010	0.00508	0.00466
6	0.01076	0.00906	0.00981	0.00895	0.01134	0.01002	0.00690	0.02105	0.51921	0.02041	0.19768	0.02688	0.10937	0.00844	0.00550	0.00171	0.00352	0.00715	0.00527	0.00695
7	0.01916	0.01007	0.01199	0.00941	0.01280	0.01007	0.00758	0.28849	0.01699	0.38289	0.01673	0.01754	0.01198	0.09740	0.00740	0.00192	0.00476	0.00520	0.05977	0.00785
8	0.00765	0.00535	0.00699	0.00779	0.00843	0.00529	0.00597	0.00898	0.01005	0.01320	0.02380	0.18486	0.02678	0.27586	0.01317	0.00316	0.00450	0.37987	0.00421	0.00410
9	0.03777	0.56904	0.22010	0.01012	0.01518	0.01739	0.01113	0.01539	0.01062	0.01374	0.03371	0.00990	0.00793	0.00473	0.00378	0.00126	0.00587	0.00323	0.00233	0.00675
10	0.00753	0.00530	0.00767	0.00767	0.00834	0.00597	0.00569	0.00863	0.00795	0.01128	0.01356	0.02165	0.01326	0.15348	0.59449	0.10365	0.01137	0.00567	0.00274	0.00409
11	0.00666	0.00507	0.00701	0.09808	0.01059	0.00502	0.00579	0.00792	0.01014	0.01339	0.05164	0.65088	0.07972	0.01445	0.00634	0.00200	0.00337	0.01304	0.00451	0.00437

[dist]
# distance from previous block
# <min> <max>
0	1

[block]
# block no. 3 follows, 48 sequences, length 21
# corresponding to MSA columns:
# 94-114
name=unknown_D
#
# <colnr> <probs for GDERKNQSTAVLIFYWHMCP>
#	G	D	E	R	K	N	Q	S	T	A	V	L	I	F	Y	W	H	M	C	P
0	0.01029	0.02654	0.79309	0.01462	0.02221	0.01192	0.01896	0.01625	0.01083	0.01625	0.00921	0.01083	0.00650	0.00487	0.00487	0.00162	0.00758	0.00379	0.00217	0.00758
1	0.01220	0.03312	0.01902	0.06484	0.62260	0.03672	0.01413	0.01511	0.01198	0.01674	0.09284	0.01527	0.01231	0.00525	0.00512	0.00152	0.00582	0.00499	0.00286	0.00755
2	0.01029	0.02654	0.79309	0.01462	0.02221	0.01192	0.01896	0.01625	0.01083	0.01625	0.00921	0.01083	0.00650	0.00487	0.00487	0.00162	0.00758	0.00379	0.00217	0.00758
3	0.04316	0.01054	0.01290	0.00991	0.01390	0.01028	0.00819	0.25983	0.01751	0.53234	0.01741	0.01561	0.01127	0.00625	0.00510	0.00157	0.00476	0.00493	0.00589	0.00865
4	0.00635	0.00457	0.00603	0.00701	0.00745	0.00425	0.00474	0.00742	0.01039	0.01393	0.11038	0.70804	0.05966	0.01538	0.00648	0.00202	0.00290	0.01390	0.00486	0.00425
5	0.00814	0.00534	0.00654	0.00662	0.00797	0.00474	0.00486	0.00961	0.01189	0.09399	0.17618	0.30699	0.29105	0.01294	0.00617	0.00183	0.00294	0.03229	0.00509	0.00483
6	0.00687	0.00507	0.00606	0.00634	0.00752	0.00451	0.00461	0.00832	0.01174	0.03490	0.19552	0.30486	0.33675	0.01337	0.00623	0.00184	0.00280	0.03319	0.00499	0.00451
7	0.77117	0.00980	0.00799	0.00699	0.01025	0.01111	0.00576	0.01609	0.00934	0.10119	0.00848	0.00926	0.00628	0.00492	0.00338	0.00159	0.00401	0.00302	0.00350	0.00588
8	0.01271	0.01062	0.01196	0.09596	0.01546	0.01218	0.00867	0.12690	0.51290	0.02122	0.01918	0.09873	0.01561	0.00758	0.00533	0.00174	0.00447	0.00640	0.00485	0.00754
9	0.01836	0.01264	0.01410	0.03414	0.01533	0.01376	0.00914	0.57595	0.04016	0.11909	0.01421	0.04993	0.01076	0.02750	0.01913	0.00178	0.00549	0.00524	0.00509	0.00821
10	0.03220	0.10126	0.01480	0.02739	0.02533	0.23287	0.00913	0.17885	0.11397	0.05557	0.01172	0.01290	0.00924	0.00888	0.07788	0.00211	0.05411	0.00427	0.02064	0.00687
11	0.85592	0.00992	0.00754	0.00675	0.00992	0.01151	0.00556	0.01508	0.00873	0.02302	0.00714	0.00834	0.00556	0.00476	0.00318	0.00159	0.00397	0.00278	0.00318	0.00556
12	0.00887	0.08940	0.01130	0.00882	0.01043	0.00775	0.08760	0.03158	0.01085	0.01535	0.07913	0.33492	0.02259	0.01317	0.08130	0.00234	0.02542	0.00901	0.14510	0.00507
13	0.00639	0.00462	0.00606	0.00701	0.00751	0.00429	0.00480	0.00751	0.01048	0.01399	0.11090	0.67364	0.07690	0.01526	0.00648	0.00202	0.00293	0.03008	0.00486	0.00426
14	0.00647	0.00468	0.00613	0.00698	0.00755	0.00434	0.00483	0.00768	0.01077	0.01443	0.15253	0.61744	0.08358	0.01491	0.00646	0.00199	0.00292	0.03708	0.00491	0.00431
15	0.00738	0.00787	0.09313	0.00935	0.01102	0.00596	0.08407	0.00932	0.01063	0.01452	0.09990	0.57047	0.02977	0.01312	0.00627	0.00195	0.00399	0.01203	0.00435	0.00488
16	0.00852	0.00716	0.00997	0.00933	0.00983	0.00886	0.00728	0.00991	0.00896	0.01307	0.09638	0.11671	0.01774	0.09252	0.27983	0.00442	0.27071	0.00684	0.01720	0.00477
17	0.03715	0.05466	0.04519	0.01145	0.01471	0.29386	0.00929	0.18110	0.21846	0.01960	0.01462	0.01464	0.05057	0.00625	0.00488	0.00151	0.00638	0.00462	0.00394	0.00712
18	0.03137	0.09419	0.01033	0.00781	0.02851	0.00737	0.00606	0.01256	0.01342	0.10079	0.48179	0.02923	0.03339	0.00853	0.00536	0.00149	0.00329	0.02795	0.00492	0.09164
19	0.01472	0.52144	0.15076	0.01011	0.01495	0.01715	0.01044	0.09767	0.01240	0.09422	0.00937	0.01004	0.00742	0.00486	0.00394	0.00128	0.00574	0.00336	0.00293	0.00720
20	0.19637	0.25250	0.12429	0.00965	0.01376	0.01436	0.00932	0.11280	0.09020	0.05522	0.01085	0.01211	0.00853	0.00544	0.00429	0.00147	0.01730	0.01820	0.03642	0.00691

[dist]
# distance from previous block
# <min> <max>
0	2

[block]
# block no. 4 follows, 48 sequences, length 50
# corresponding to MSA columns:
# 117-154,156-167
name=unknown_E
#
# <colnr> <probs for GDERKNQSTAVLIFYWHMCP>
#	G	D	E	R	K	N	Q	S	T	A	V	L	I	F	Y	W	H	M	C	P
0	0.01540	0.09766	0.04421	0.10790	0.16720	0.35435	0.07849	0.04805	0.01315	0.01464	0.00875	0.01090	0.00711	0.00498	0.00479	0.00144	0.00775	0.00395	0.00262	0.00665
1	0.05474	0.02430	0.14111	0.00979	0.01323	0.00965	0.00901	0.01951	0.25122	0.16623	0.13856	0.02316	0.02938	0.02976	0.00586	0.00179	0.00452	0.05637	0.00475	0.00706
2	0.01227	0.01035	0.01109	0.01000	0.01272	0.01178	0.00782	0.05675	0.63524	0.02148	0.08862	0.02255	0.03518	0.00762	0.00537	0.00174	0.00398	0.03255	0.00523	0.00766
3	0.01073	0.02358	0.62149	0.01574	0.02270	0.01215	0.15639	0.01673	0.04190	0.01649	0.00989	0.01172	0.00710	0.00486	0.00511	0.00165	0.00764	0.00429	0.00237	0.00748
4	0.00698	0.00603	0.03981	0.00675	0.00820	0.00495	0.00535	0.00903	0.01280	0.01735	0.42252	0.17444	0.21307	0.01194	0.00613	0.00175	0.00287	0.04020	0.00511	0.00472
5	0.00723	0.00524	0.00681	0.00642	0.00764	0.00483	0.00481	0.00962	0.01444	0.02038	0.76371	0.03865	0.06978	0.01056	0.00605	0.00162	0.00243	0.00932	0.00562	0.00483
6	0.85592	0.00992	0.00754	0.00675	0.00992	0.01151	0.00556	0.01508	0.00873	0.02302	0.00714	0.00834	0.00556	0.00476	0.00318	0.00159	0.00397	0.00278	0.00318	0.00556
7	0.04725	0.01298	0.04552	0.40581	0.05843	0.13341	0.07088	0.06827	0.01226	0.05071	0.01012	0.01376	0.00782	0.00545	0.00525	0.00164	0.01855	0.02273	0.00285	0.00632
8	0.00688	0.00505	0.00645	0.00647	0.00752	0.00462	0.00471	0.00880	0.01307	0.01800	0.51790	0.22402	0.13323	0.01211	0.00617	0.00174	0.00257	0.01072	0.00533	0.00462
9	0.01175	0.18290	0.54306	0.01457	0.08161	0.01341	0.01616	0.01643	0.01100	0.05068	0.00933	0.01077	0.00693	0.00482	0.00459	0.00151	0.00690	0.00371	0.00239	0.00748
10	0.85592	0.00992	0.00754	0.00675	0.00992	0.01151	0.00556	0.01508	0.00873	0.02302	0.00714	0.00834	0.00556	0.00476	0.00318	0.00159	0.00397	0.00278	0.00318	0.00556
11	0.85592	0.00992	0.00754	0.00675	0.00992	0.01151	0.00556	0.01508	0.00873	0.02302	0.00714	0.00834	0.00556	0.00476	0.00318	0.00159	0.00397	0.00278	0.00318	0.00556
12	0.00713	0.00521	0.00670	0.00639	0.00760	0.00478	0.00477	0.00941	0.01412	0.01977	0.69937	0.07222	0.10152	0.01091	0.00607	0.00164	0.00246	0.00962	0.00555	0.00478
13	0.01283	0.01291	0.01777	0.11424	0.46238	0.12039	0.02954	0.02876	0.04610	0.01624	0.04594	0.04798	0.01103	0.00562	0.00516	0.00156	0.00628	0.00512	0.00292	0.00721
14	0.01370	0.00857	0.00947	0.02750	0.01092	0.00922	0.00649	0.20225	0.11083	0.09571	0.01607	0.01725	0.01213	0.02186	0.00511	0.00150	0.02273	0.00495	0.39719	0.00656
15	0.00644	0.00520	0.00576	0.00591	0.00740	0.00453	0.00448	0.00795	0.01193	0.01484	0.14788	0.11361	0.55472	0.01302	0.00619	0.00180	0.00279	0.07624	0.00488	0.00442
16	0.01961	0.01195	0.01337	0.01045	0.01422	0.03366	0.00856	0.41542	0.05017	0.28572	0.04469	0.01545	0.01194	0.00639	0.00512	0.00155	0.00502	0.00500	0.03336	0.00835
17	0.01220	0.00877	0.01011	0.00796	0.01140	0.00775	0.00628	0.13690	0.01303	0.07151	0.01394	0.11966	0.01236	0.00628	0.00445	0.00118	0.00385	0.00521	0.11449	0.43267
18	0.01949	0.01469	0.01537	0.01185	0.01591	0.04028	0.00976	0.74722	0.02383	0.03172	0.01218	0.01222	0.00866	0.00613	0.00512	0.00153	0.00576	0.00458	0.00506	0.00864
19	0.01064	0.00912	0.01064	0.00760	0.01216	0.00684	0.00608	0.01292	0.01064	0.01672	0.00912	0.01064	0.00760	0.00380	0.00380	0.00076	0.00380	0.00304	0.00304	0.85104
20	0.01360	0.72559	0.02506	0.00898	0.01319	0.01940	0.00870	0.01679	0.10236	0.01320	0.00878	0.00954	0.00767	0.00470	0.00352	0.00117	0.00532	0.00311	0.00256	0.00677
21	0.85592	0.00992	0.00754	0.00675	0.00992	0.01151	0.00556	0.01508	0.00873	0.02302	0.00714	0.00834	0.00556	0.00476	0.00318	0.00159	0.00397	0.00278	0.00318	0.00556
22	0.01619	0.41433	0.15645	0.00992	0.01473	0.01462	0.01016	0.01870	0.01190	0.26995	0.01182	0.01174	0.00859	0.00512	0.00419	0.00135	0.00549	0.00373	0.00356	0.00747
23	0.00634	0.00455	0.00602	0.00705	0.00745	0.00423	0.00475	0.00737	0.01026	0.01376	0.09411	0.73480	0.04921	0.01554	0.00650	0.00204	0.00292	0.01406	0.00484	0.00423
24	0.00629	0.00458	0.00588	0.00686	0.00734	0.00423	0.00462	0.00724	0.01008	0.01328	0.04962	0.68748	0.11873	0.03888	0.00705	0.00212	0.00298	0.01382	0.00474	0.00417
25	0.29773	0.00974	0.01025	0.00848	0.01174	0.01025	0.00688	0.15160	0.05706	0.25443	0.04945	0.04860	0.01233	0.00641	0.00453	0.00159	0.00421	0.00488	0.04278	0.00709
26	0.00682	0.00508	0.00634	0.00634	0.00747	0.00460	0.00464	0.00871	0.01302	0.01774	0.48678	0.19570	0.19365	0.01211	0.00615	0.00173	0.00257	0.01065	0.00529	0.00460
27	0.01061	0.00769	0.00844	0.00766	0.01002	0.00775	0.00593	0.01677	0.28301	0.11132	0.11350	0.03369	0.34348	0.00980	0.00566	0.00171	0.00331	0.00821	0.00521	0.00626
28	0.01443	0.01161	0.01236	0.01067	0.01384	0.01321	0.00842	0.17389	0.60429	0.04905	0.01917	0.01774	0.01420	0.00678	0.00520	0.00170	0.00438	0.00555	0.00524	0.00826
29	0.82192	0.00989	0.00786	0.03891	0.01094	0.01151	0.00591	0.01500	0.00879	0.02262	0.00722	0.00855	0.00561	0.00478	0.00325	0.00159	0.00408	0.00285	0.00314	0.00556
30	0.00942	0.00666	0.00732	0.00713	0.00801	0.03224	0.00479	0.09078	0.01075	0.04911	0.02116	0.26756	0.06059	0.38379	0.01525	0.00329	0.00443	0.00924	0.00404	0.00445
31	0.79122	0.01001	0.00807	0.02654	0.01080	0.01155	0.00594	0.03763	0.00936	0.04079	0.00765	0.00879	0.00585	0.00485	0.00333	0.00159	0.00410	0.00293	0.00328	0.00573
32	0.01206	0.01374	0.02995	0.03904	0.02701	0.01294	0.75230	0.01636	0.01207	0.01636	0.01035	0.01384	0.00776	0.00434	0.00603	0.00173	0.00861	0.00602	0.00259	0.00689
33	0.00626	0.00474	0.00579	0.00657	0.00735	0.00427	0.00457	0.00734	0.01055	0.01354	0.05189	0.54491	0.26854	0.01496	0.00640	0.00197	0.00288	0.02845	0.00478	0.00424
34	0.00635	0.00454	0.00607	0.00722	0.00758	0.00425	0.00491	0.00734	0.01000	0.01335	0.04440	0.76924	0.03407	0.01588	0.00656	0.00208	0.00304	0.04414	0.00478	0.00420
35	0.00722	0.00522	0.00684	0.00665	0.00780	0.00484	0.00501	0.00951	0.01397	0.01961	0.67279	0.09634	0.06079	0.01115	0.00615	0.00169	0.00259	0.05154	0.00551	0.00478
36	0.00816	0.00587	0.00811	0.00923	0.01044	0.00583	0.00805	0.01046	0.01181	0.01528	0.02843	0.05745	0.06791	0.01411	0.00704	0.00233	0.00462	0.71545	0.00473	0.00470
37	0.01320	0.01162	0.01182	0.01059	0.01351	0.04222	0.00824	0.04902	0.72755	0.02145	0.02015	0.01857	0.01512	0.00688	0.00520	0.00172	0.00430	0.00567	0.00512	0.00806
38	0.01088	0.01099	0.01693	0.01369	0.01556	0.04539	0.18310	0.01295	0.00952	0.01366	0.00990	0.04879	0.00922	0.01225	0.13559	0.00289	0.35810	0.00527	0.00261	0.08274
39	0.01359	0.79253	0.05598	0.00900	0.01351	0.01998	0.00917	0.01540	0.01044	0.01223	0.00721	0.00833	0.00658	0.00441	0.00335	0.00112	0.00557	0.00278	0.00219	0.00662
40	0.00891	0.00446	0.00668	0.00668	0.00668	0.00446	0.00446	0.00668	0.00668	0.00891	0.00891	0.01560	0.00891	0.01783	0.02005	0.85071	0.00446	0.00446	0.00223	0.00223
41	0.03037	0.51010	0.25274	0.01039	0.01556	0.01659	0.01153	0.01569	0.01081	0.03814	0.04035	0.01054	0.00846	0.00486	0.00393	0.00130	0.00592	0.00340	0.00248	0.00685
42	0.00682	0.00490	0.00647	0.00684	0.00763	0.00455	0.00488	0.00853	0.01228	0.01699	0.41709	0.39941	0.04128	0.01316	0.00631	0.00185	0.00273	0.02854	0.00522	0.00453
43	0.00682	0.00505	0.00719	0.00796	0.00855	0.00479	0.03421	0.00801	0.01009	0.01341	0.02689	0.64093	0.03161	0.05188	0.00750	0.00224	0.00354	0.12042	0.00460	0.00430
44	0.00773	0.00584	0.00840	0.00824	0.00908	0.00681	0.00632	0.02317	0.00844	0.01210	0.01369	0.02109	0.01313	0.12052	0.67008	0.00753	0.04485	0.00565	0.00281	0.00454
45	0.01029	0.02654	0.79309	0.01462	0.02221	0.01192	0.01896	0.01625	0.01083	0.01625	0.00921	0.01083	0.00650	0.00487	0.00487	0.00162	0.00758	0.00379	0.00217	0.00758
46	0.01254	0.01058	0.01150	0.06375	0.05534	0.08319	0.00865	0.03740	0.32725	0.07205	0.07430	0.02639	0.06295	0.00822	0.00554	0.00176	0.00480	0.12230	0.00465	0.00684
47	0.01793	0.01029	0.01252	0.00987	0.01366	0.01006	0.02064	0.18162	0.13920	0.34474	0.03091	0.01734	0.01274	0.00635	0.00507	0.00151	0.00456	0.02966	0.00532	0.12603
48	0.00629	0.00453	0.00594	0.00701	0.00739	0.00421	0.00469	0.00723	0.00999	0.01327	0.04904	0.74567	0.06949	0.03022	0.00686	0.00211	0.00298	0.01414	0.00476	0.00417
49	0.07283	0.31853	0.26069	0.01105	0.01578	0.08687	0.01173	0.03563	0.01129	0.03255	0.03620	0.01140	0.02216	0.00535	0.00485	0.00143	0.04860	0.00369	0.00264	0.00672

[dist]
# distance from previous block
# <min> <max>
7	34

[block]
# block no. 5 follows, 48 sequences, length 20
# corresponding to MSA columns:
# 203-222
name=unknown_F
#
# <colnr> <probs for GDERKNQSTAVLIFYWHMCP>
#	G	D	E	R	K	N	Q	S	T	A	V	L	I	F	Y	W	H	M	C	P
0	0.18781	0.06094	0.30700	0.05549	0.06360	0.01251	0.10650	0.07017	0.01133	0.01818	0.00927	0.01177	0.00720	0.03549	0.00565	0.00173	0.02171	0.00410	0.00271	0.00684
1	0.03141	0.01120	0.01190	0.00968	0.01281	0.03319	0.00780	0.42198	0.04788	0.06591	0.06084	0.04835	0.07933	0.00846	0.03381	0.00178	0.00501	0.00581	0.07897	0.02390
2	0.01531	0.01215	0.01451	0.01103	0.01511	0.02817	0.07612	0.35994	0.06262	0.04236	0.01195	0.01279	0.00898	0.00605	0.02271	0.00147	0.00540	0.00435	0.02809	0.26090
3	0.00700	0.00529	0.00582	0.00574	0.00736	0.00453	0.00428	0.00846	0.01209	0.04847	0.16141	0.11796	0.56823	0.01261	0.00607	0.00174	0.00268	0.01070	0.00497	0.00459
4	0.01914	0.01396	0.01502	0.01163	0.01564	0.01543	0.00957	0.69473	0.07697	0.05546	0.01317	0.01296	0.00934	0.00622	0.00514	0.00156	0.00549	0.00472	0.00518	0.00868
5	0.00891	0.00446	0.00668	0.00668	0.00668	0.00446	0.00446	0.00668	0.00668	0.00891	0.00891	0.01560	0.00891	0.01783	0.02005	0.85071	0.00446	0.00446	0.00223	0.00223
6	0.00969	0.00912	0.01539	0.80734	0.03534	0.01140	0.01425	0.01311	0.01026	0.01311	0.00912	0.01368	0.00684	0.00513	0.00513	0.00171	0.00684	0.00456	0.00228	0.00570
7	0.85592	0.00992	0.00754	0.00675	0.00992	0.01151	0.00556	0.01508	0.00873	0.02302	0.00714	0.00834	0.00556	0.00476	0.00318	0.00159	0.00397	0.00278	0.00318	0.00556
8	0.01372	0.82276	0.02689	0.00878	0.01317	0.02030	0.00878	0.01536	0.01043	0.01207	0.00713	0.00823	0.00658	0.00439	0.00329	0.00110	0.00549	0.00274	0.00219	0.00658
9	0.85592	0.00992	0.00754	0.00675	0.00992	0.01151	0.00556	0.01508	0.00873	0.02302	0.00714	0.00834	0.00556	0.00476	0.00318	0.00159	0.00397	0.00278	0.00318	0.00556
10	0.01254	0.01203	0.02053	0.07335	0.74708	0.01215	0.01567	0.01560	0.01161	0.01657	0.00962	0.01275	0.00806	0.00460	0.00508	0.00153	0.00614	0.00457	0.00253	0.00800
11	0.00757	0.00572	0.00820	0.00807	0.00878	0.00668	0.00610	0.00904	0.00809	0.01159	0.01378	0.02201	0.01351	0.17379	0.62037	0.00734	0.05641	0.00579	0.00278	0.00438
12	0.00735	0.00498	0.00575	0.00583	0.00593	0.00499	0.00341	0.00753	0.00775	0.01034	0.01762	0.08190	0.03704	0.70888	0.06615	0.00490	0.00527	0.00788	0.00323	0.00328
13	0.02107	0.00855	0.01146	0.00892	0.01258	0.00755	0.00731	0.05186	0.01503	0.67320	0.10815	0.01967	0.01667	0.00682	0.00526	0.00159	0.00419	0.00561	0.00622	0.00828
14	0.01321	0.01124	0.01185	0.01053	0.01351	0.01297	0.00823	0.07670	0.72824	0.02219	0.02031	0.01869	0.01520	0.00691	0.00522	0.00173	0.00417	0.00572	0.00522	0.00816
15	0.00706	0.00518	0.00657	0.00741	0.00818	0.00492	0.00536	0.03854	0.01095	0.01431	0.03069	0.56902	0.13421	0.01498	0.00650	0.00205	0.00329	0.12157	0.00477	0.00446
16	0.21064	0.01251	0.01248	0.01007	0.01360	0.03508	0.00821	0.43579	0.08648	0.04705	0.05442	0.01360	0.01091	0.00612	0.00470	0.00156	0.00495	0.00454	0.01968	0.00758
17	0.20888	0.06038	0.21869	0.09085	0.09943	0.01191	0.02848	0.06772	0.03553	0.05935	0.03846	0.01393	0.00957	0.00555	0.00462	0.00161	0.00572	0.02926	0.00319	0.00687
18	0.03644	0.00771	0.04001	0.00775	0.00981	0.00701	0.00624	0.08149	0.03446	0.07335	0.32171	0.12384	0.04567	0.04393	0.00660	0.00176	0.01876	0.02119	0.05676	0.05552
19	0.06473	0.10067	0.07338	0.02280	0.03882	0.14081	0.00926	0.10723	0.01211	0.01642	0.01137	0.08091	0.01045	0.02581	0.08101	0.00227	0.11866	0.00497	0.05718	0.02115

[dist]
# distance from previous block
# <min> <max>
2	11

[block]
# block no. 6 follows, 48 sequences, length 21
# corresponding to MSA columns:
# 234-254
name=unknown_G
#
# <colnr> <probs for GDERKNQSTAVLIFYWHMCP>
#	G	D	E	R	K	N	Q	S	T	A	V	L	I	F	Y	W	H	M	C	P
0	0.01257	0.01216	0.02104	0.12160	0.46737	0.01247	0.15356	0.05461	0.06126	0.01735	0.01058	0.01342	0.00842	0.00483	0.00528	0.00160	0.00650	0.00492	0.00282	0.00764
1	0.01228	0.01160	0.01940	0.18192	0.53347	0.01196	0.04693	0.04836	0.01192	0.01671	0.00967	0.01282	0.00786	0.00470	0.00507	0.00153	0.00622	0.00456	0.00263	0.05041
2	0.00626	0.00465	0.00584	0.00671	0.00735	0.00423	0.00459	0.00730	0.01041	0.01358	0.06555	0.62479	0.18964	0.01520	0.00643	0.00199	0.00288	0.01358	0.00480	0.00423
3	0.01252	0.01198	0.01878	0.09794	0.58803	0.03334	0.01437	0.01695	0.10606	0.01687	0.01129	0.01439	0.00933	0.00513	0.00513	0.00158	0.00597	0.01968	0.00289	0.00778
4	0.00652	0.00522	0.00583	0.00568	0.00721	0.00453	0.00426	0.00825	0.01278	0.01643	0.33217	0.04516	0.50379	0.01204	0.00606	0.00169	0.00253	0.01024	0.00510	0.00453
5	0.00891	0.00446	0.00668	0.00668	0.00668	0.00446	0.00446	0.00668	0.00668	0.00891	0.00891	0.01560	0.00891	0.01783	0.02005	0.85071	0.00446	0.00446	0.00223	0.00223
6	0.01070	0.12254	0.70071	0.01392	0.02112	0.01293	0.01773	0.01614	0.01078	0.01575	0.00896	0.01052	0.00651	0.00482	0.00468	0.00156	0.00733	0.00367	0.00217	0.00746
7	0.01060	0.00961	0.01539	0.73337	0.03353	0.01182	0.01383	0.08354	0.01155	0.01490	0.00942	0.01355	0.00702	0.00523	0.00513	0.00169	0.00673	0.00457	0.00255	0.00598
8	0.01251	0.43931	0.34064	0.01150	0.01702	0.05366	0.01307	0.01590	0.01073	0.01382	0.00801	0.00942	0.00655	0.00474	0.00432	0.00135	0.02506	0.00324	0.00221	0.00694
9	0.05485	0.01336	0.01413	0.01125	0.01503	0.01495	0.00917	0.55718	0.20608	0.02929	0.01416	0.01380	0.01027	0.00629	0.00507	0.00159	0.00519	0.00482	0.00507	0.00844
10	0.85592	0.00992	0.00754	0.00675	0.00992	0.01151	0.00556	0.01508	0.00873	0.02302	0.00714	0.00834	0.00556	0.00476	0.00318	0.00159	0.00397	0.00278	0.00318	0.00556
11	0.01837	0.07757	0.03423	0.01187	0.08895	0.06285	0.00897	0.08712	0.06991	0.39726	0.02997	0.03191	0.02935	0.00649	0.00506	0.00156	0.00504	0.02063	0.00499	0.00791
12	0.00695	0.00477	0.00631	0.00711	0.00772	0.00442	0.00493	0.00816	0.01080	0.03679	0.14666	0.63174	0.05367	0.01479	0.00644	0.00200	0.00297	0.03439	0.00495	0.00442
13	0.01057	0.01045	0.01583	0.01338	0.01404	0.01364	0.09285	0.01208	0.00853	0.01282	0.00960	0.08275	0.00973	0.01152	0.07921	0.00267	0.58663	0.00563	0.00255	0.00554
14	0.02083	0.01184	0.01378	0.01061	0.01462	0.01220	0.00875	0.42687	0.04177	0.36007	0.01599	0.01474	0.01064	0.00627	0.00515	0.00157	0.00505	0.00489	0.00566	0.00871
15	0.01572	0.01145	0.02944	0.01003	0.01324	0.01201	0.00821	0.42710	0.09211	0.07900	0.13378	0.01885	0.01654	0.04838	0.02197	0.00187	0.00493	0.00564	0.04222	0.00750
16	0.09893	0.01374	0.01452	0.01123	0.01524	0.01518	0.00927	0.67081	0.02231	0.06008	0.01213	0.01214	0.00858	0.00603	0.00495	0.00155	0.00544	0.00447	0.00499	0.00843
17	0.01114	0.22351	0.60354	0.01318	0.01997	0.01399	0.01644	0.01603	0.01073	0.01522	0.00869	0.01019	0.00652	0.00475	0.00448	0.00149	0.00706	0.00353	0.00217	0.00734
18	0.01436	0.01114	0.04109	0.00984	0.01338	0.01084	0.00814	0.26137	0.15284	0.08696	0.03304	0.04668	0.01295	0.03357	0.03964	0.00186	0.00506	0.02671	0.00452	0.18604
19	0.01240	0.01185	0.01847	0.10446	0.57793	0.04453	0.01420	0.04351	0.01214	0.01660	0.01255	0.01649	0.04837	0.00557	0.00521	0.00158	0.00605	0.03780	0.00283	0.00748
20	0.01648	0.08944	0.08136	0.01103	0.03902	0.07685	0.02875	0.07284	0.10942	0.26030	0.01407	0.01378	0.01004	0.00547	0.00471	0.00140	0.00528	0.00435	0.00428	0.15112

[dist]
# distance from previous block
# <min> <max>
0	1

[block]
# block no. 7 follows, 48 sequences, length 23
# corresponding to MSA columns:
# 256,258-279
name=unknown_H
#
# <colnr> <probs for GDERKNQSTAVLIFYWHMCP>
#	G	D	E	R	K	N	Q	S	T	A	V	L	I	F	Y	W	H	M	C	P
0	0.00939	0.00645	0.00832	0.00868	0.01015	0.00640	0.00712	0.06713	0.03392	0.05757	0.08110	0.19347	0.08286	0.01298	0.00654	0.00209	0.00411	0.39158	0.00493	0.00520
1	0.58078	0.01173	0.04825	0.01137	0.03808	0.01198	0.18118	0.03257	0.01004	0.02124	0.00817	0.00993	0.00626	0.00469	0.00401	0.00162	0.00530	0.00367	0.00302	0.00611
2	0.08404	0.01272	0.10483	0.01054	0.01470	0.03448	0.03572	0.13547	0.12652	0.24898	0.02424	0.01461	0.01076	0.00646	0.02152	0.00166	0.00528	0.00462	0.00457	0.09829
3	0.01479	0.00812	0.00976	0.00815	0.01090	0.00786	0.00649	0.12109	0.07813	0.28493	0.18519	0.03906	0.12495	0.00828	0.00538	0.00160	0.00370	0.00691	0.06782	0.00689
4	0.00656	0.00471	0.00626	0.00720	0.00773	0.00441	0.00505	0.00780	0.01070	0.01438	0.13746	0.62691	0.05006	0.01506	0.00651	0.00203	0.00303	0.07493	0.00489	0.00431
5	0.01430	0.43531	0.21948	0.01086	0.01599	0.01685	0.01151	0.15950	0.01329	0.04646	0.00914	0.01002	0.00720	0.00492	0.00412	0.00133	0.00601	0.00346	0.00290	0.00733
6	0.00891	0.00446	0.00668	0.00668	0.00668	0.00446	0.00446	0.00668	0.00668	0.00891	0.00891	0.01560	0.00891	0.01783	0.02005	0.85071	0.00446	0.00446	0.00223	0.00223
7	0.00977	0.00693	0.00888	0.00936	0.01092	0.00717	0.00803	0.09291	0.04448	0.01774	0.02445	0.04819	0.02537	0.01234	0.00651	0.00215	0.00460	0.58022	0.07466	0.00530
8	0.01080	0.00919	0.01143	0.00846	0.01263	0.00751	0.03759	0.05157	0.01114	0.01699	0.00983	0.01188	0.00823	0.00766	0.08927	0.00164	0.00516	0.00351	0.00310	0.68239
9	0.04458	0.01520	0.01493	0.01175	0.01563	0.09965	0.00958	0.64049	0.04976	0.02954	0.01200	0.01211	0.00865	0.00605	0.00502	0.00153	0.00593	0.00447	0.00481	0.00831
10	0.81873	0.01012	0.00789	0.00697	0.01019	0.01171	0.00574	0.04868	0.00942	0.02344	0.00737	0.00851	0.00570	0.00483	0.00326	0.00159	0.00404	0.00286	0.00326	0.00570
11	0.02208	0.00921	0.01210	0.00932	0.01320	0.00834	0.00768	0.10440	0.01569	0.68213	0.04690	0.01766	0.01356	0.00648	0.00519	0.00158	0.00443	0.00525	0.00619	0.00859
12	0.01227	0.01188	0.01966	0.17857	0.62782	0.02922	0.01534	0.01535	0.01148	0.01598	0.00951	0.01281	0.00785	0.00469	0.00508	0.00155	0.00631	0.00454	0.00249	0.00762
13	0.00638	0.00515	0.00568	0.00567	0.00716	0.00445	0.00421	0.00793	0.01226	0.01550	0.23545	0.10922	0.53774	0.01261	0.00610	0.00173	0.00258	0.01074	0.00499	0.00445
14	0.09121	0.00885	0.01142	0.00893	0.01272	0.00804	0.00734	0.02393	0.04776	0.67614	0.03666	0.01726	0.01306	0.00634	0.00502	0.00159	0.00428	0.00508	0.00602	0.00835
15	0.01671	0.00936	0.01119	0.00951	0.01268	0.00955	0.00761	0.03900	0.33146	0.36091	0.02218	0.05380	0.04470	0.00759	0.00536	0.00171	0.00416	0.03889	0.00566	0.00795
16	0.01488	0.00727	0.00949	0.00788	0.01049	0.00660	0.00627	0.05552	0.01500	0.36453	0.38059	0.02805	0.05435	0.00850	0.00561	0.00160	0.00346	0.00725	0.00591	0.00676
17	0.00841	0.00608	0.00857	0.00806	0.00902	0.00691	0.03461	0.01020	0.00892	0.01372	0.01424	0.03435	0.01316	0.10983	0.40400	0.00525	0.08199	0.00562	0.21239	0.00465
18	0.01430	0.51894	0.02190	0.01068	0.06651	0.05183	0.00900	0.09637	0.01244	0.05476	0.01228	0.01297	0.07177	0.00554	0.00427	0.00128	0.02146	0.00392	0.00298	0.00680
19	0.03919	0.01022	0.01654	0.56001	0.07358	0.02809	0.09361	0.05268	0.01131	0.01524	0.00969	0.01354	0.00734	0.00509	0.00508	0.00166	0.00669	0.00465	0.03969	0.00608
20	0.01326	0.01118	0.01835	0.12354	0.54686	0.01115	0.01388	0.01618	0.01174	0.09935	0.01068	0.01316	0.00841	0.00477	0.00499	0.00149	0.00581	0.00451	0.00296	0.07772
21	0.01673	0.14511	0.09692	0.01090	0.03051	0.10765	0.00955	0.13257	0.09136	0.22325	0.03086	0.01532	0.04456	0.00609	0.00480	0.00148	0.00555	0.00468	0.00429	0.01781
22	0.01272	0.21766	0.34678	0.01263	0.04232	0.01396	0.03082	0.07980	0.09452	0.05137	0.04255	0.01276	0.00976	0.00536	0.00464	0.00150	0.00615	0.00418	0.00310	0.00743

[dist]
# distance from previous block
# <min> <max>
0	1

[block]
# block no. 8 follows, 48 sequences, length 20
# corresponding to MSA columns:
# 281-300
name=unknown_I
#
# <colnr> <probs for GDERKNQSTAVLIFYWHMCP>
#	G	D	E	R	K	N	Q	S	T	A	V	L	I	F	Y	W	H	M	C	P
0	0.04155	0.02929	0.19574	0.06574	0.32498	0.02398	0.03493	0.10603	0.06091	0.03207	0.01103	0.03146	0.00877	0.00532	0.00501	0.00159	0.00623	0.00465	0.00305	0.00767
1	0.09240	0.00832	0.00952	0.00900	0.05846	0.03137	0.05329	0.12722	0.01283	0.02098	0.01406	0.01605	0.01092	0.00568	0.00406	0.00134	0.00385	0.00459	0.51023	0.00583
2	0.01111	0.00901	0.01055	0.00781	0.01201	0.00709	0.00620	0.04886	0.01134	0.04106	0.01106	0.07167	0.00980	0.00492	0.00411	0.00092	0.00384	0.00405	0.00337	0.72120
3	0.01306	0.03389	0.03357	0.00956	0.01208	0.01040	0.00767	0.34699	0.03062	0.04064	0.06413	0.31495	0.02070	0.01082	0.02437	0.00190	0.00464	0.00860	0.00483	0.00659
4	0.00725	0.00539	0.00586	0.00567	0.00742	0.00459	0.00428	0.00875	0.01224	0.06082	0.15813	0.06734	0.60949	0.01232	0.00602	0.00172	0.00269	0.01037	0.00499	0.00466
5	0.00922	0.00593	0.00769	0.00719	0.00873	0.00560	0.00552	0.01219	0.05746	0.10032	0.56982	0.08230	0.04079	0.01042	0.00601	0.00169	0.00289	0.05526	0.00559	0.00539
6	0.00811	0.00552	0.00624	0.00611	0.00639	0.00559	0.00366	0.05493	0.00869	0.01160	0.01690	0.09508	0.01926	0.70455	0.02324	0.00453	0.00486	0.00786	0.00337	0.00354
7	0.00742	0.00513	0.00639	0.00639	0.00667	0.00541	0.00410	0.00797	0.00770	0.01054	0.01544	0.02954	0.01690	0.58473	0.25867	0.00596	0.00761	0.00687	0.00300	0.00355
8	0.01029	0.02654	0.79309	0.01462	0.02221	0.01192	0.01896	0.01625	0.01083	0.01625	0.00921	0.01083	0.00650	0.00487	0.00487	0.00162	0.00758	0.00379	0.00217	0.00758
9	0.01061	0.01006	0.01705	0.57073	0.26478	0.01164	0.01471	0.01391	0.01069	0.01422	0.00928	0.01338	0.00723	0.00496	0.00511	0.00165	0.00661	0.00456	0.00236	0.00644
10	0.01917	0.02445	0.01454	0.01322	0.01586	0.79907	0.00991	0.02049	0.01454	0.01256	0.00793	0.00925	0.00661	0.00529	0.00463	0.00132	0.00925	0.00330	0.00264	0.00595
11	0.85592	0.00992	0.00754	0.00675	0.00992	0.01151	0.00556	0.01508	0.00873	0.02302	0.00714	0.00834	0.00556	0.00476	0.00318	0.00159	0.00397	0.00278	0.00318	0.00556
12	0.00625	0.00447	0.00595	0.00714	0.00744	0.00417	0.00476	0.00714	0.00982	0.01310	0.02828	0.81633	0.03394	0.01608	0.00655	0.00208	0.00298	0.01459	0.00476	0.00417
13	0.01050	0.02301	0.62273	0.01660	0.12706	0.01158	0.03533	0.01567	0.01079	0.01596	0.00970	0.01248	0.00746	0.05208	0.00616	0.00181	0.00725	0.00417	0.00228	0.00738
14	0.00969	0.00912	0.01539	0.80734	0.03534	0.01140	0.01425	0.01311	0.01026	0.01311	0.00912	0.01368	0.00684	0.00513	0.00513	0.00171	0.00684	0.00456	0.00228	0.00570
15	0.04399	0.11284	0.01602	0.01115	0.01500	0.08440	0.00928	0.53728	0.05281	0.02703	0.01163	0.01191	0.00860	0.00585	0.00477	0.00147	0.00573	0.00427	0.02795	0.00799
16	0.01631	0.01271	0.01510	0.07239	0.08681	0.01432	0.01038	0.48669	0.06432	0.02608	0.01260	0.02734	0.00980	0.00658	0.00616	0.00164	0.07418	0.02252	0.02621	0.00787
17	0.00739	0.00494	0.00562	0.00569	0.00571	0.00492	0.00321	0.00744	0.00761	0.01015	0.01693	0.08267	0.01961	0.76928	0.02489	0.00479	0.00485	0.00791	0.00321	0.00318
18	0.01486	0.02562	0.05981	0.06412	0.01576	0.03530	0.05625	0.38274	0.01745	0.02417	0.01374	0.02805	0.03232	0.00608	0.00483	0.00147	0.00530	0.00490	0.16631	0.04091
19	0.00656	0.00528	0.00590	0.00609	0.00751	0.00469	0.00455	0.00835	0.03220	0.01485	0.13526	0.18003	0.49770	0.01313	0.00619	0.00182	0.00281	0.05771	0.00488	0.00449

[dist]
# distance from previous block
# <min> <max>
4	10

[block]
# block no. 9 follows, 48 sequences, length 79
# corresponding to MSA columns:
# 311-389
name=unknown_J
#
# <colnr> <probs for GDERKNQSTAVLIFYWHMCP>
#	G	D	E	R	K	N	Q	S	T	A	V	L	I	F	Y	W	H	M	C	P
0	0.01161	0.04710	0.46486	0.01746	0.15132	0.05150	0.07755	0.03712	0.01162	0.01646	0.03052	0.01204	0.00811	0.00512	0.00542	0.00160	0.03647	0.00425	0.00247	0.00739
1	0.01091	0.00771	0.00847	0.00804	0.00960	0.05950	0.00598	0.02788	0.08453	0.12736	0.07977	0.20046	0.10841	0.13271	0.04853	0.00260	0.02071	0.04686	0.00457	0.00540
2	0.00638	0.00459	0.00606	0.00701	0.00746	0.00426	0.00476	0.00749	0.01050	0.01412	0.13100	0.69488	0.05192	0.01526	0.00647	0.00201	0.00289	0.01379	0.00488	0.00426
3	0.01241	0.01204	0.02095	0.09586	0.67783	0.01217	0.06199	0.01557	0.01159	0.01644	0.00965	0.01285	0.00800	0.00460	0.00514	0.00155	0.00632	0.00466	0.00252	0.00785
4	0.00887	0.00447	0.00665	0.00665	0.00665	0.00447	0.00442	0.00671	0.00671	0.00894	0.00913	0.01614	0.00921	0.04204	0.02024	0.82517	0.00447	0.00455	0.00225	0.00225
5	0.01917	0.02445	0.01454	0.01322	0.01586	0.79907	0.00991	0.02049	0.01454	0.01256	0.00793	0.00925	0.00661	0.00529	0.00463	0.00132	0.00925	0.00330	0.00264	0.00595
6	0.01181	0.00695	0.00718	0.00637	0.00822	0.00730	0.00498	0.18327	0.01378	0.02211	0.01574	0.01759	0.01215	0.00602	0.00394	0.00127	0.00313	0.00475	0.65778	0.00567
7	0.01879	0.06319	0.01497	0.01202	0.01526	0.41681	0.00949	0.23405	0.04291	0.08626	0.01116	0.01241	0.00865	0.00587	0.00483	0.00144	0.00730	0.02374	0.00379	0.00706
8	0.01951	0.01437	0.01540	0.01181	0.01591	0.01591	0.00975	0.77056	0.02412	0.03234	0.01232	0.01232	0.00873	0.00616	0.00513	0.00154	0.00565	0.00462	0.00513	0.00873
9	0.01285	0.56402	0.25434	0.01064	0.01593	0.03930	0.01184	0.01577	0.01066	0.01333	0.00777	0.00903	0.00656	0.00456	0.00380	0.00126	0.00621	0.00307	0.00220	0.00686
10	0.00624	0.00451	0.00591	0.00704	0.00741	0.00418	0.00472	0.00716	0.00993	0.01314	0.02959	0.77398	0.07544	0.01591	0.00652	0.00206	0.00296	0.01438	0.00476	0.00418
11	0.00625	0.00447	0.00595	0.00714	0.00744	0.00417	0.00476	0.00714	0.00982	0.01310	0.02828	0.81633	0.03394	0.01608	0.00655	0.00208	0.00298	0.01459	0.00476	0.00417
12	0.02213	0.00873	0.01171	0.00904	0.01287	0.00769	0.00745	0.05002	0.01491	0.72460	0.04085	0.01790	0.01355	0.00645	0.00514	0.00158	0.00431	0.00524	0.02729	0.00853
13	0.16300	0.00863	0.01045	0.00852	0.01188	0.00822	0.00699	0.04364	0.03506	0.48813	0.08514	0.02048	0.03656	0.00702	0.00502	0.00164	0.00413	0.04244	0.00555	0.00751
14	0.00844	0.00626	0.00750	0.00711	0.00858	0.00606	0.00531	0.10854	0.01425	0.01932	0.39173	0.21410	0.15994	0.01160	0.00605	0.00173	0.00300	0.01013	0.00524	0.00511
