[name]
unknown

[dist]
# distance from previous block
# <min> <max>
0	36

[block]
# block no. 0 follows, 39 sequences, length 15
# corresponding to MSA columns:
# 57-71
name=unknown_A
#
# <colnr> <probs for GDERKNQSTAVLIFYWHMCP>
#	G	D	E	R	K	N	Q	S	T	A	V	L	I	F	Y	W	H	M	C	P
0	0.26347	0.05480	0.03356	0.06707	0.03417	0.01334	0.03863	0.11163	0.02627	0.21956	0.01448	0.01622	0.01064	0.00680	0.00583	0.00188	0.03894	0.02985	0.00476	0.00812
1	0.29569	0.01288	0.01450	0.05131	0.13984	0.04016	0.01034	0.10855	0.07780	0.17349	0.01400	0.01454	0.01013	0.00628	0.00514	0.00182	0.00570	0.00478	0.00468	0.00836
2	0.01179	0.00838	0.01182	0.12218	0.08792	0.00839	0.00885	0.01538	0.05560	0.10265	0.37757	0.03290	0.06584	0.03724	0.00730	0.00199	0.00445	0.00846	0.00544	0.02584
3	0.00828	0.00603	0.00752	0.00726	0.00853	0.00558	0.00532	0.01050	0.01502	0.02071	0.52767	0.04596	0.13785	0.12539	0.01037	0.00247	0.00336	0.04105	0.00591	0.00521
4	0.51269	0.01166	0.01117	0.00923	0.01327	0.01259	0.00761	0.10528	0.01407	0.23252	0.01315	0.01309	0.00914	0.00619	0.00456	0.00182	0.00493	0.00422	0.00495	0.00786
5	0.00857	0.00578	0.00666	0.00659	0.00679	0.00571	0.00387	0.00897	0.00978	0.01324	0.12466	0.03949	0.02646	0.67941	0.02676	0.00517	0.00531	0.00890	0.00401	0.00387
6	0.00896	0.00691	0.00817	0.00784	0.00945	0.00674	0.00579	0.01321	0.12041	0.02100	0.41814	0.10048	0.17424	0.06216	0.00835	0.00219	0.00334	0.01078	0.00599	0.00583
7	0.83394	0.01144	0.00869	0.00778	0.01144	0.01327	0.00640	0.01738	0.01006	0.02653	0.00823	0.00961	0.00640	0.00549	0.00366	0.00183	0.00457	0.00320	0.00366	0.00640
8	0.01256	0.00931	0.00929	0.00934	0.01078	0.11588	0.00667	0.01395	0.01308	0.12762	0.05775	0.45191	0.02956	0.05842	0.00810	0.00231	0.00479	0.01207	0.04073	0.00589
9	0.09548	0.60431	0.02543	0.00954	0.01373	0.01976	0.00903	0.01623	0.01120	0.01463	0.00852	0.01073	0.00786	0.00734	0.00657	0.12081	0.00598	0.00345	0.00265	0.00675
10	0.07618	0.16140	0.28482	0.01307	0.01856	0.01395	0.04789	0.07231	0.01370	0.09212	0.01511	0.13738	0.01348	0.00783	0.00557	0.00184	0.00666	0.00641	0.00383	0.00791
11	0.00828	0.00596	0.00752	0.00830	0.00905	0.00576	0.00586	0.03498	0.01205	0.01592	0.04936	0.46693	0.09330	0.13333	0.02750	0.00302	0.00435	0.09839	0.00519	0.00493
12	0.15411	0.01523	0.01665	0.01565	0.12327	0.03633	0.01117	0.46641	0.02192	0.03170	0.01284	0.01372	0.00949	0.00654	0.00545	0.00176	0.00623	0.00494	0.03749	0.00909
13	0.00863	0.00579	0.00757	0.00828	0.00901	0.00550	0.00587	0.01002	0.01214	0.04267	0.12940	0.42476	0.03679	0.14969	0.01137	0.00292	0.00409	0.11515	0.00536	0.00498
14	0.09586	0.10339	0.40001	0.01395	0.02054	0.01501	0.01576	0.15690	0.01555	0.06369	0.03810	0.01378	0.01002	0.00616	0.00536	0.00178	0.00723	0.00463	0.00368	0.00860

[dist]
# distance from previous block
# <min> <max>
0	19

[block]
# block no. 1 follows, 39 sequences, length 17
# corresponding to MSA columns:
# 91-107
name=unknown_B
#
# <colnr> <probs for GDERKNQSTAVLIFYWHMCP>
#	G	D	E	R	K	N	Q	S	T	A	V	L	I	F	Y	W	H	M	C	P
0	0.01097	0.00637	0.00856	0.00911	0.01045	0.00590	0.00686	0.01259	0.01284	0.14167	0.03174	0.47707	0.05960	0.01603	0.00739	0.00236	0.00412	0.16476	0.00579	0.00584
1	0.02472	0.14305	0.01665	0.01045	0.01511	0.01118	0.00893	0.02694	0.01610	0.63319	0.02077	0.01833	0.01345	0.00694	0.00558	0.00173	0.00525	0.00548	0.00651	0.00965
2	0.04270	0.01109	0.01302	0.01094	0.01408	0.01164	0.00860	0.20983	0.11029	0.23387	0.02108	0.14975	0.01804	0.07415	0.00871	0.00229	0.03796	0.00782	0.00586	0.00829
3	0.01768	0.01300	0.01482	0.01317	0.05336	0.01404	0.00989	0.45813	0.04652	0.04571	0.01966	0.22869	0.01843	0.01020	0.00637	0.00196	0.00559	0.00856	0.00568	0.00855
4	0.00912	0.00568	0.00738	0.00810	0.00875	0.00531	0.00541	0.01007	0.01130	0.07840	0.02922	0.58407	0.03376	0.16020	0.01157	0.00297	0.00399	0.01436	0.00530	0.00503
5	0.00868	0.00715	0.00906	0.00894	0.00995	0.00766	0.00670	0.01087	0.04196	0.01741	0.19046	0.29957	0.19784	0.01452	0.00924	0.00221	0.13492	0.01213	0.00524	0.00548
6	0.01509	0.01206	0.01809	0.48428	0.07982	0.05166	0.04261	0.04240	0.01359	0.14220	0.01275	0.01604	0.00922	0.00625	0.00631	0.00192	0.02923	0.00537	0.00359	0.00753
7	0.01960	0.01411	0.01604	0.04464	0.01768	0.01505	0.01036	0.45524	0.02192	0.09032	0.01398	0.01465	0.01018	0.00679	0.00638	0.00167	0.05142	0.00506	0.03687	0.14803
8	0.66487	0.01227	0.01057	0.03846	0.01373	0.01412	0.00761	0.13886	0.01314	0.02791	0.00933	0.01062	0.00708	0.00578	0.00413	0.00183	0.00503	0.00364	0.00400	0.00703
9	0.01165	0.00669	0.00915	0.00879	0.01017	0.00683	0.00649	0.01321	0.01106	0.15116	0.02068	0.15519	0.02021	0.18005	0.33774	0.00598	0.00948	0.00847	0.02124	0.00575
10	0.04828	0.04495	0.01579	0.11961	0.16391	0.01164	0.03531	0.11485	0.02992	0.06423	0.04282	0.16514	0.08186	0.00936	0.00615	0.00192	0.00562	0.00819	0.02299	0.00743
11	0.00906	0.00620	0.00784	0.00742	0.00902	0.00560	0.00556	0.01150	0.01585	0.06243	0.54901	0.09235	0.17046	0.01273	0.00696	0.00192	0.00299	0.01112	0.00632	0.00568
12	0.01285	0.01317	0.02439	0.19410	0.11953	0.03316	0.31932	0.01683	0.01329	0.01766	0.01461	0.02411	0.01295	0.00734	0.00711	0.00209	0.03071	0.12616	0.00331	0.00733
13	0.18007	0.01327	0.13818	0.01040	0.01491	0.01021	0.00977	0.04037	0.01413	0.35364	0.01729	0.01806	0.01221	0.06069	0.00694	0.00206	0.00545	0.00527	0.07881	0.00827
14	0.01115	0.00803	0.00942	0.00859	0.00955	0.00875	0.00593	0.13223	0.01201	0.01632	0.01690	0.03090	0.01785	0.50649	0.13666	0.00547	0.04727	0.00753	0.00386	0.00508
15	0.01153	0.08666	0.53223	0.01483	0.02185	0.01302	0.04894	0.01708	0.01307	0.01874	0.09952	0.01912	0.06449	0.00694	0.00578	0.00184	0.00752	0.00568	0.00319	0.00799
16	0.01201	0.06333	0.04946	0.03841	0.01283	0.00869	0.00757	0.02922	0.06137	0.11901	0.13720	0.03693	0.32514	0.01071	0.00626	0.00182	0.00423	0.00889	0.00532	0.06161

[dist]
# distance from previous block
# <min> <max>
8	14

[block]
# block no. 2 follows, 39 sequences, length 17
# corresponding to MSA columns:
# 123-139
name=unknown_C
#
# <colnr> <probs for GDERKNQSTAVLIFYWHMCP>
#	G	D	E	R	K	N	Q	S	T	A	V	L	I	F	Y	W	H	M	C	P
0	0.01266	0.01219	0.10643	0.02969	0.01540	0.01034	0.05536	0.14606	0.07960	0.04538	0.10618	0.24646	0.04956	0.01101	0.00651	0.00201	0.00522	0.00967	0.04309	0.00719
1	0.01339	0.04202	0.22304	0.02357	0.32884	0.03699	0.04642	0.01745	0.01331	0.04092	0.03574	0.08263	0.01416	0.00739	0.00607	0.00189	0.00714	0.04736	0.00340	0.00830
2	0.04482	0.00756	0.00858	0.00887	0.01024	0.03248	0.00635	0.07350	0.01342	0.06472	0.03092	0.55152	0.09319	0.01556	0.00702	0.00222	0.00406	0.01375	0.00548	0.00574
3	0.83394	0.01144	0.00869	0.00778	0.01144	0.01327	0.00640	0.01738	0.01006	0.02653	0.00823	0.00961	0.00640	0.00549	0.00366	0.00183	0.00457	0.00320	0.00366	0.00640
4	0.76473	0.01091	0.00854	0.00782	0.01120	0.01256	0.00633	0.01662	0.01017	0.02558	0.01027	0.07479	0.00914	0.00658	0.00399	0.00188	0.00448	0.00434	0.00381	0.00627
5	0.01164	0.00975	0.02994	0.01358	0.12043	0.00982	0.00919	0.08683	0.06525	0.03362	0.22265	0.16977	0.07499	0.01198	0.02559	0.00218	0.06563	0.00947	0.02082	0.00688
6	0.06074	0.01310	0.05695	0.28303	0.20280	0.04065	0.01412	0.05073	0.07541	0.01986	0.09621	0.01840	0.01455	0.00663	0.00583	0.00185	0.00665	0.00575	0.00366	0.02306
7	0.01230	0.00702	0.00729	0.00672	0.00847	0.00724	0.00511	0.10953	0.01441	0.02353	0.04858	0.02287	0.01651	0.05272	0.00600	0.00170	0.00343	0.00588	0.63468	0.00601
8	0.07274	0.10761	0.03952	0.03438	0.01638	0.03044	0.00977	0.14845	0.06727	0.36175	0.01776	0.01725	0.01232	0.03040	0.00624	0.00188	0.00574	0.00534	0.00567	0.00907
9	0.02089	0.01759	0.01619	0.01311	0.01713	0.16218	0.01053	0.48875	0.07033	0.03071	0.01430	0.01471	0.01055	0.00695	0.00565	0.00171	0.00686	0.00513	0.07774	0.00899
10	0.01371	0.01032	0.01216	0.00908	0.01381	0.00828	0.00723	0.05823	0.01361	0.09008	0.01515	0.06335	0.03872	0.00610	0.00491	0.00116	0.00446	0.00501	0.00421	0.62044
11	0.01679	0.01018	0.01291	0.03525	0.06584	0.03418	0.00932	0.07259	0.05586	0.26083	0.12432	0.06831	0.06668	0.01010	0.00694	0.00201	0.03009	0.10410	0.00584	0.00785
12	0.06523	0.14377	0.49377	0.01459	0.02146	0.03851	0.01733	0.01843	0.01253	0.03986	0.03892	0.01325	0.00953	0.00606	0.00591	0.00180	0.04357	0.00442	0.00289	0.00817
13	0.02174	0.00979	0.01268	0.01011	0.01398	0.00898	0.00821	0.06998	0.05978	0.51664	0.15307	0.02531	0.04562	0.00844	0.00616	0.00185	0.00464	0.00700	0.00695	0.00907
14	0.43895	0.01054	0.01066	0.03654	0.01352	0.01127	0.00752	0.02080	0.05917	0.23392	0.08948	0.01713	0.01457	0.00686	0.00488	0.00185	0.00465	0.00504	0.00510	0.00755
15	0.01269	0.01416	0.09572	0.31248	0.32454	0.01337	0.07375	0.01672	0.01270	0.01747	0.01179	0.04663	0.00981	0.00607	0.00601	0.00189	0.00761	0.00578	0.00288	0.00795
16	0.38029	0.37381	0.01913	0.00893	0.01314	0.01735	0.00815	0.01756	0.01159	0.04534	0.05193	0.01191	0.01010	0.00574	0.00399	0.00157	0.00530	0.00371	0.00343	0.00703

[dist]
# distance from previous block
# <min> <max>
0	3

[block]
# block no. 3 follows, 39 sequences, length 19
# corresponding to MSA columns:
# 143-161
name=unknown_D
#
# <colnr> <probs for GDERKNQSTAVLIFYWHMCP>
#	G	D	E	R	K	N	Q	S	T	A	V	L	I	F	Y	W	H	M	C	P
0	0.02481	0.01278	0.01483	0.01159	0.01606	0.05660	0.00948	0.19408	0.05082	0.51416	0.02038	0.01826	0.01329	0.00723	0.00591	0.00181	0.00570	0.00571	0.00668	0.00984
1	0.02149	0.01138	0.04958	0.01065	0.01493	0.00994	0.00907	0.10926	0.06782	0.46985	0.05678	0.02445	0.10091	0.00834	0.00610	0.00186	0.00503	0.00680	0.00658	0.00917
2	0.00921	0.00589	0.00752	0.00792	0.00902	0.00536	0.00556	0.01064	0.01284	0.08479	0.14806	0.46028	0.13682	0.05684	0.00842	0.00238	0.00354	0.01382	0.00572	0.00537
3	0.00804	0.00604	0.00734	0.00712	0.00860	0.00548	0.00532	0.01029	0.01515	0.02045	0.47527	0.04848	0.25105	0.06289	0.00851	0.00219	0.00316	0.04335	0.00598	0.00528
4	0.00764	0.00585	0.00686	0.00692	0.00828	0.00523	0.00498	0.00941	0.01393	0.01828	0.30070	0.17275	0.33073	0.07115	0.00876	0.00229	0.00319	0.01228	0.00572	0.00507
5	0.00913	0.00669	0.00828	0.00850	0.00976	0.00648	0.00621	0.08196	0.01468	0.01972	0.21477	0.41082	0.11073	0.01529	0.00722	0.00218	0.00365	0.05257	0.00579	0.00558
6	0.00984	0.00824	0.00864	0.00863	0.01026	0.05524	0.00638	0.06398	0.04761	0.01890	0.15760	0.29748	0.22637	0.01431	0.00700	0.00210	0.00404	0.04211	0.00556	0.00573
7	0.01889	0.01327	0.01461	0.01166	0.01555	0.01419	0.00936	0.41603	0.11452	0.10244	0.06272	0.02125	0.04929	0.06497	0.00774	0.00208	0.00560	0.00637	0.00581	0.04366
8	0.01684	0.11147	0.01998	0.03362	0.01808	0.15608	0.06355	0.17085	0.01542	0.01971	0.01025	0.01303	0.00861	0.00882	0.03943	0.00220	0.24318	0.00482	0.00347	0.04060
9	0.01691	0.01323	0.11887	0.01111	0.01553	0.01048	0.01005	0.10367	0.10914	0.23691	0.09332	0.07066	0.05028	0.00831	0.00597	0.00179	0.00519	0.00690	0.00558	0.10610
10	0.04003	0.48301	0.12771	0.01182	0.01699	0.13745	0.01172	0.01968	0.01317	0.07629	0.00994	0.01096	0.00813	0.00550	0.00446	0.00145	0.00718	0.00366	0.00303	0.00780
11	0.09062	0.05343	0.15363	0.01995	0.05445	0.03299	0.39669	0.01857	0.01356	0.04032	0.05867	0.01620	0.01154	0.00570	0.00617	0.00189	0.00839	0.00606	0.00329	0.00788
12	0.00904	0.00652	0.00768	0.00767	0.00946	0.00594	0.00589	0.01161	0.04566	0.05952	0.20196	0.13716	0.35819	0.01419	0.00709	0.00209	0.00348	0.09539	0.00583	0.00562
13	0.01843	0.27886	0.02223	0.01358	0.01738	0.30161	0.05230	0.04071	0.07648	0.05036	0.01095	0.01225	0.00897	0.00626	0.00609	0.00161	0.06674	0.00426	0.00336	0.00758
14	0.01599	0.45415	0.23294	0.01258	0.01843	0.10114	0.01347	0.01926	0.01294	0.05680	0.00983	0.01105	0.00796	0.00545	0.00459	0.00149	0.00740	0.00373	0.00284	0.00797
15	0.01069	0.00690	0.00861	0.00816	0.00992	0.00644	0.00609	0.05812	0.01562	0.09851	0.34759	0.23315	0.14058	0.01333	0.00695	0.00201	0.00346	0.01168	0.00615	0.00606
16	0.00913	0.00685	0.00764	0.00763	0.00882	0.00674	0.00522	0.05652	0.06493	0.01624	0.03380	0.22905	0.22973	0.27387	0.01469	0.00333	0.00436	0.01140	0.00492	0.00511
17	0.00843	0.00578	0.00681	0.00689	0.00712	0.00584	0.00418	0.00880	0.00909	0.01215	0.02102	0.08286	0.05485	0.62363	0.11344	0.00580	0.00664	0.00901	0.00374	0.00392
18	0.72317	0.01195	0.01038	0.01022	0.06606	0.01364	0.00756	0.06266	0.01143	0.02668	0.00882	0.01026	0.00685	0.00557	0.00396	0.00182	0.00487	0.00349	0.00375	0.00685

[dist]
# distance from previous block
# <min> <max>
0	7

[block]
# block no. 4 follows, 39 sequences, length 8
# corresponding to MSA columns:
# 169-176
name=unknown_E
#
# <colnr> <probs for GDERKNQSTAVLIFYWHMCP>
#	G	D	E	R	K	N	Q	S	T	A	V	L	I	F	Y	W	H	M	C	P
0	0.00901	0.00601	0.00782	0.00862	0.00947	0.00576	0.00607	0.01107	0.04830	0.05989	0.07155	0.57520	0.03636	0.05397	0.00847	0.00250	0.00381	0.06516	0.00559	0.00537
1	0.01584	0.01207	0.01895	0.05898	0.08474	0.01199	0.18193	0.12594	0.01551	0.11532	0.01466	0.01687	0.01100	0.00737	0.03058	0.00195	0.03130	0.00565	0.14354	0.09582
2	0.01579	0.01511	0.06256	0.10630	0.38631	0.05002	0.03464	0.09241	0.05454	0.06237	0.01262	0.01502	0.00981	0.00579	0.00579	0.00175	0.00703	0.00522	0.00363	0.05327
3	0.30435	0.32649	0.08160	0.01072	0.01525	0.14482	0.01001	0.01868	0.01217	0.01885	0.00858	0.00998	0.00717	0.00543	0.00416	0.00156	0.00664	0.00339	0.00301	0.00714
4	0.01964	0.01098	0.01317	0.01085	0.01457	0.01114	0.00870	0.10723	0.23988	0.33867	0.13617	0.02379	0.02158	0.00825	0.00613	0.00188	0.00474	0.00684	0.00664	0.00915
5	0.05195	0.00684	0.00849	0.00776	0.00973	0.00628	0.00591	0.01313	0.01568	0.10370	0.50858	0.08372	0.10732	0.01163	0.00665	0.00187	0.00323	0.01009	0.00621	0.03122
6	0.00786	0.00616	0.00714	0.00711	0.00869	0.00558	0.00525	0.01039	0.04368	0.01916	0.31915	0.15468	0.35555	0.01410	0.00702	0.00200	0.00305	0.01218	0.00590	0.00536
7	0.00733	0.00580	0.00662	0.00700	0.00843	0.00509	0.00512	0.00892	0.01331	0.01680	0.14084	0.25900	0.43492	0.01565	0.00719	0.00212	0.00319	0.04201	0.00562	0.00503

[dist]
# distance from previous block
# <min> <max>
0	1

[block]
# block no. 5 follows, 39 sequences, length 19
# corresponding to MSA columns:
# 178-196
name=unknown_F
#
# <colnr> <probs for GDERKNQSTAVLIFYWHMCP>
#	G	D	E	R	K	N	Q	S	T	A	V	L	I	F	Y	W	H	M	C	P
0	0.00763	0.00560	0.00672	0.00721	0.00801	0.00517	0.00485	0.00880	0.01201	0.01575	0.14052	0.34555	0.20250	0.18765	0.01232	0.00297	0.00375	0.01311	0.00522	0.00469
1	0.01333	0.01180	0.01609	0.38559	0.02730	0.05124	0.02636	0.11641	0.01399	0.01885	0.01265	0.04926	0.01048	0.00830	0.02763	0.00216	0.10651	0.00577	0.08942	0.00687
2	0.02198	0.01632	0.01747	0.01351	0.01815	0.01811	0.01112	0.69063	0.07354	0.03647	0.01483	0.01470	0.01057	0.00716	0.00592	0.00179	0.00639	0.00541	0.00592	0.01001
3	0.01488	0.01363	0.01324	0.01202	0.01515	0.08822	0.00933	0.02878	0.60419	0.02345	0.06927	0.02371	0.01992	0.00834	0.00608	0.00197	0.00517	0.02817	0.00574	0.00875
4	0.00785	0.00607	0.00728	0.00735	0.00889	0.00534	0.00539	0.00971	0.01379	0.01828	0.25412	0.25179	0.28323	0.01450	0.00702	0.00202	0.00321	0.03381	0.00567	0.05466
5	0.01196	0.00845	0.01009	0.00946	0.01142	0.00835	0.00696	0.17309	0.01551	0.04994	0.06508	0.44399	0.02915	0.04670	0.00777	0.00222	0.00433	0.01196	0.00546	0.07813
6	0.01353	0.01079	0.01293	0.05563	0.01592	0.00908	0.00811	0.06201	0.03733	0.05744	0.01273	0.01567	0.01048	0.00543	0.00487	0.00116	0.00481	0.03480	0.00396	0.62331
7	0.05148	0.01453	0.01500	0.01227	0.01606	0.06021	0.00983	0.44224	0.08651	0.07793	0.03699	0.11709	0.01578	0.00870	0.00605	0.00187	0.00592	0.00696	0.00571	0.00885
8	0.01202	0.09921	0.06658	0.01436	0.01680	0.02908	0.12454	0.01454	0.01088	0.01530	0.02974	0.03606	0.01195	0.03157	0.21140	0.00414	0.25636	0.00595	0.00299	0.00656
9	0.00792	0.00620	0.00723	0.00750	0.00890	0.00575	0.00542	0.01063	0.06604	0.01799	0.19807	0.29934	0.30726	0.01505	0.00711	0.00210	0.00322	0.01314	0.00575	0.00537
10	0.01329	0.03420	0.12184	0.05201	0.06419	0.01484	0.45707	0.01777	0.01298	0.01801	0.01193	0.04432	0.00975	0.00622	0.00803	0.00203	0.09419	0.00659	0.00295	0.00779
11	0.01596	0.01767	0.05895	0.04636	0.51923	0.16989	0.01654	0.01980	0.04503	0.01843	0.01122	0.01405	0.00925	0.00559	0.00574	0.00173	0.00778	0.00498	0.00305	0.00875
12	0.00720	0.00519	0.00682	0.00813	0.00855	0.00481	0.00544	0.00825	0.01142	0.01514	0.03384	0.75487	0.07175	0.01837	0.00752	0.00238	0.00341	0.01661	0.00549	0.00481
13	0.03285	0.07070	0.59498	0.01789	0.07268	0.03711	0.05609	0.01876	0.01267	0.01857	0.01048	0.01251	0.00767	0.00554	0.00554	0.00183	0.00851	0.00445	0.00260	0.00856
14	0.01368	0.01419	0.05378	0.04619	0.43993	0.04164	0.09981	0.01814	0.06925	0.01883	0.01487	0.11493	0.01364	0.00722	0.00619	0.00189	0.00696	0.00697	0.00348	0.00842
15	0.01430	0.06479	0.01938	0.15080	0.16827	0.04233	0.09790	0.09242	0.06379	0.04266	0.01532	0.06340	0.02518	0.00967	0.06077	0.00238	0.00748	0.00631	0.04511	0.00775
16	0.00745	0.00529	0.00674	0.00780	0.00816	0.00498	0.00510	0.00831	0.01094	0.01449	0.03145	0.61664	0.07178	0.15762	0.01158	0.00298	0.00382	0.01512	0.00515	0.00459
17	0.01719	0.01213	0.03212	0.09642	0.01816	0.01277	0.01019	0.08845	0.36358	0.19461	0.05229	0.04206	0.01736	0.00795	0.00605	0.00194	0.00526	0.00663	0.00586	0.00897
18	0.03446	0.29825	0.36929	0.01309	0.01957	0.01619	0.01511	0.01881	0.01293	0.08616	0.05550	0.01397	0.01107	0.00596	0.00504	0.00165	0.00708	0.00444	0.00323	0.00821

[dist]
# distance from previous block
# <min> <max>
2	9

[block]
# block no. 6 follows, 39 sequences, length 49
# corresponding to MSA columns:
# 206-254
name=unknown_G
#
# <colnr> <probs for GDERKNQSTAVLIFYWHMCP>
#	G	D	E	R	K	N	Q	S	T	A	V	L	I	F	Y	W	H	M	C	P
0	0.01464	0.01221	0.03550	0.01033	0.01281	0.15388	0.00820	0.01688	0.02949	0.16420	0.10227	0.16737	0.16084	0.01150	0.00709	0.00198	0.03926	0.03958	0.00527	0.00668
1	0.01117	0.00750	0.00885	0.00848	0.00969	0.03983	0.00602	0.02708	0.01199	0.09686	0.12178	0.14372	0.02583	0.27208	0.17794	0.00482	0.00731	0.00906	0.00462	0.00539
2	0.00775	0.00568	0.00723	0.00774	0.00867	0.00518	0.00538	0.00931	0.01293	0.01756	0.23627	0.45180	0.10497	0.05445	0.00836	0.00233	0.00336	0.01387	0.00562	0.03155
3	0.00800	0.00576	0.00758	0.00769	0.00875	0.00533	0.00555	0.01024	0.01503	0.02099	0.52492	0.27917	0.05053	0.01412	0.00716	0.00203	0.00299	0.01263	0.00619	0.00533
4	0.01564	0.76230	0.06290	0.01041	0.01563	0.02298	0.01063	0.01775	0.01204	0.01412	0.00833	0.00962	0.00758	0.00508	0.00387	0.00129	0.00643	0.00321	0.00253	0.00764
5	0.17743	0.00967	0.01137	0.00933	0.01307	0.00919	0.00762	0.04926	0.01546	0.41934	0.07648	0.02581	0.11093	0.00857	0.00578	0.00188	0.00460	0.02978	0.00621	0.00824
6	0.00974	0.00811	0.01192	0.01078	0.01227	0.00926	0.03580	0.01181	0.00987	0.01450	0.01404	0.02091	0.01316	0.06559	0.51420	0.00710	0.12776	0.00598	0.00313	0.09408
7	0.00963	0.00640	0.00788	0.00730	0.00916	0.00569	0.00555	0.01200	0.01581	0.08889	0.48438	0.04567	0.25442	0.01249	0.00688	0.00190	0.00306	0.01078	0.00629	0.00582
8	0.01422	0.01023	0.01126	0.00976	0.01185	0.01096	0.00715	0.30003	0.04365	0.02303	0.01913	0.13824	0.01925	0.31846	0.01566	0.00343	0.00560	0.00836	0.02314	0.00660
9	0.10262	0.01294	0.01995	0.15413	0.24073	0.01368	0.11416	0.12714	0.01480	0.02161	0.01315	0.01624	0.03311	0.00840	0.05389	0.00231	0.00758	0.00553	0.00354	0.03449
10	0.60530	0.01128	0.01033	0.02348	0.01308	0.01239	0.00729	0.04443	0.01228	0.19469	0.01194	0.01229	0.00845	0.00597	0.00430	0.00183	0.00481	0.00394	0.00456	0.00737
11	0.03691	0.00708	0.00941	0.07118	0.02288	0.00710	0.00741	0.01317	0.04551	0.06057	0.32595	0.20268	0.03857	0.01262	0.00686	0.00208	0.00398	0.09420	0.02590	0.00596
12	0.02212	0.01698	0.05809	0.01362	0.01856	0.01758	0.01168	0.65893	0.02639	0.07462	0.01449	0.01442	0.01016	0.00703	0.00590	0.00178	0.00655	0.00531	0.00580	0.00999
13	0.01344	0.31197	0.41127	0.05585	0.06233	0.01730	0.01702	0.01813	0.01233	0.01679	0.00975	0.01167	0.00765	0.00541	0.00497	0.00165	0.00771	0.00402	0.00254	0.00823
14	0.03098	0.13035	0.21538	0.01166	0.01657	0.02540	0.01177	0.04117	0.02745	0.19816	0.09407	0.10647	0.01824	0.00816	0.00572	0.00179	0.00590	0.00667	0.00467	0.03943
15	0.01053	0.00658	0.00850	0.00896	0.01011	0.00631	0.00643	0.05933	0.01308	0.09673	0.02968	0.56941	0.03341	0.04961	0.00828	0.00246	0.00405	0.06519	0.00563	0.00571
16	0.01848	0.15162	0.03380	0.02047	0.23858	0.30493	0.02615	0.03891	0.03993	0.05751	0.01106	0.01277	0.00896	0.00580	0.00533	0.00160	0.00818	0.00446	0.00332	0.00812
17	0.50768	0.11910	0.03294	0.01244	0.01695	0.01506	0.18397	0.01783	0.01132	0.02283	0.00919	0.01119	0.00721	0.00531	0.00452	0.00179	0.00620	0.00414	0.00332	0.00699
18	0.01462	0.01438	0.02363	0.05001	0.53372	0.03385	0.10065	0.01963	0.09215	0.01949	0.01246	0.01547	0.01013	0.00571	0.00636	0.00183	0.02809	0.00558	0.00325	0.00899
19	0.00903	0.00749	0.00778	0.00779	0.00952	0.03541	0.00569	0.01226	0.09768	0.03049	0.10770	0.21819	0.37450	0.03969	0.00768	0.00218	0.00369	0.01208	0.00552	0.00562
20	0.00920	0.00709	0.00866	0.00880	0.01052	0.00698	0.00702	0.01344	0.10955	0.02009	0.26930	0.08312	0.18706	0.01370	0.00723	0.00219	0.00390	0.22040	0.00588	0.00588
21	0.00783	0.00630	0.00701	0.00678	0.00862	0.00563	0.00510	0.01046	0.04659	0.01916	0.30905	0.05078	0.46833	0.01363	0.00694	0.00195	0.00299	0.01158	0.00588	0.00540
22	0.01029	0.00721	0.00857	0.00808	0.01016	0.00680	0.00632	0.03167	0.07299	0.07770	0.31108	0.04650	0.27891	0.01270	0.00693	0.00201	0.00356	0.08634	0.00606	0.00613
23	0.02507	0.01241	0.01517	0.01163	0.01626	0.01217	0.00961	0.28345	0.02085	0.49920	0.02004	0.01799	0.01299	0.00724	0.00594	0.00181	0.00556	0.00572	0.00681	0.01006
24	0.02292	0.01586	0.01731	0.01327	0.01799	0.01730	0.01097	0.65948	0.02663	0.11500	0.01518	0.01484	0.01055	0.00712	0.00592	0.00178	0.00635	0.00539	0.00607	0.01006
25	0.83394	0.01144	0.00869	0.00778	0.01144	0.01327	0.00640	0.01738	0.01006	0.02653	0.00823	0.00961	0.00640	0.00549	0.00366	0.00183	0.00457	0.00320	0.00366	0.00640
26	0.01528	0.04654	0.01911	0.42029	0.07189	0.01536	0.03792	0.24116	0.03552	0.02259	0.01199	0.01511	0.00893	0.00623	0.00586	0.00187	0.00733	0.00528	0.00377	0.00798
27	0.05785	0.05738	0.06092	0.06664	0.07775	0.01537	0.06692	0.28510	0.05076	0.05773	0.01409	0.05921	0.01137	0.00724	0.00660	0.00185	0.05291	0.00584	0.00449	0.03997
28	0.01472	0.32043	0.17843	0.01234	0.01708	0.10230	0.01233	0.05368	0.04546	0.01724	0.05166	0.01556	0.03958	0.00850	0.04340	0.00202	0.04968	0.00477	0.00326	0.00757
29	0.02108	0.01065	0.01317	0.01049	0.01437	0.01027	0.00852	0.17024	0.05518	0.41336	0.14651	0.02488	0.05721	0.00849	0.00617	0.00184	0.00484	0.00698	0.00674	0.00902
30	0.01212	0.00861	0.00903	0.00844	0.01080	0.04502	0.00642	0.01579	0.11569	0.13467	0.04064	0.11460	0.36041	0.05403	0.00793	0.00221	0.00422	0.03731	0.00563	0.00642
31	0.01676	0.05834	0.21760	0.04427	0.08297	0.01311	0.01368	0.09060	0.08690	0.19505	0.02891	0.06357	0.01341	0.00745	0.00643	0.00189	0.03968	0.00601	0.00461	0.00876
32	0.05260	0.01145	0.01866	0.46006	0.26665	0.01299	0.01583	0.01584	0.01235	0.01707	0.01329	0.01734	0.04891	0.00618	0.00584	0.00190	0.00718	0.00555	0.00293	0.00737
33	0.02445	0.00993	0.01319	0.01032	0.01462	0.00880	0.00845	0.02757	0.06032	0.66191	0.04151	0.02261	0.05251	0.00785	0.00603	0.00185	0.00486	0.00642	0.00713	0.00967
34	0.05625	0.01314	0.04700	0.31509	0.03087	0.01378	0.28129	0.01645	0.01237	0.01730	0.01192	0.01803	0.00972	0.00723	0.02301	0.00221	0.07080	0.04350	0.00297	0.00706
35	0.01268	0.01166	0.01679	0.01299	0.05343	0.00960	0.13056	0.01572	0.01254	0.01911	0.01073	0.01302	0.00880	0.00465	0.00521	0.00114	0.02171	0.00421	0.00337	0.63207
36	0.00814	0.00592	0.00695	0.00682	0.00775	0.00562	0.00461	0.00942	0.01210	0.01611	0.23310	0.04356	0.20555	0.33924	0.06680	0.00401	0.00492	0.00996	0.00483	0.00459
37	0.00764	0.00533	0.00673	0.00768	0.00792	0.00509	0.00490	0.00835	0.01048	0.01397	0.02825	0.55515	0.03363	0.25916	0.01456	0.00344	0.00415	0.01426	0.00490	0.00442
38	0.02095	0.01678	0.01690	0.01345	0.01756	0.08747	0.01095	0.55138	0.08408	0.03247	0.01439	0.01472	0.01055	0.00723	0.00647	0.00180	0.04480	0.00529	0.03340	0.00937
39	0.13585	0.04901	0.01393	0.01020	0.01460	0.01044	0.00850	0.06109	0.01628	0.56832	0.03851	0.01848	0.01398	0.00707	0.00555	0.00180	0.00505	0.00552	0.00649	0.00933
40	0.00869	0.00630	0.00850	0.00967	0.01084	0.00611	0.00794	0.01090	0.01318	0.01717	0.06508	0.24023	0.09948	0.01657	0.00786	0.00254	0.00463	0.45357	0.00551	0.00526
41	0.01658	0.14428	0.01487	0.00974	0.01306	0.05084	0.00811	0.27993	0.01821	0.02589	0.01505	0.01648	0.01163	0.00662	0.00479	0.00151	0.00513	0.00496	0.34471	0.00760
42	0.01495	0.05990	0.36925	0.01904	0.11612	0.07564	0.10583	0.03294	0.05755	0.07462	0.01243	0.01407	0.00914	0.00581	0.00576	0.00182	0.00816	0.00498	0.00329	0.00868
43	0.01512	0.01344	0.02110	0.07266	0.54076	0.02606	0.01599	0.02019	0.10595	0.06394	0.01407	0.01758	0.01146	0.00615	0.00595	0.00183	0.00667	0.02834	0.00365	0.00908
44	0.00741	0.00549	0.00692	0.00766	0.00852	0.00500	0.00533	0.00890	0.01286	0.01707	0.18881	0.49800	0.17333	0.01652	0.00733	0.00221	0.00322	0.01473	0.00570	0.00500
45	0.00846	0.00637	0.00899	0.00893	0.00988	0.00721	0.00675	0.01020	0.00967	0.01359	0.01943	0.02780	0.07198	0.14919	0.58696	0.00823	0.03082	0.00711	0.00339	0.00504
46	0.01151	0.00873	0.00939	0.00863	0.01060	0.02178	0.00630	0.05962	0.19052	0.05101	0.12118	0.05506	0.18423	0.22044	0.01282	0.00296	0.00456	0.00906	0.00530	0.00630
47	0.01090	0.00632	0.00757	0.00716	0.00815	0.00600	0.00472	0.01187	0.01145	0.11331	0.12518	0.07934	0.06493	0.45476	0.01986	0.00407	0.00480	0.00906	0.04558	0.00496
48	0.01224	0.09278	0.66431	0.01623	0.02424	0.01475	0.02044	0.01842	0.01228	0.01811	0.01027	0.01226	0.00751	0.00581	0.00615	0.00186	0.04699	0.00431	0.00250	0.00853

[dist]
# distance from previous block
# <min> <max>
0	1

[block]
# block no. 7 follows, 39 sequences, length 6
# corresponding to MSA columns:
# 256-261
name=unknown_H
#
# <colnr> <probs for GDERKNQSTAVLIFYWHMCP>
#	G	D	E	R	K	N	Q	S	T	A	V	L	I	F	Y	W	H	M	C	P
0	0.05449	0.11027	0.57815	0.05053	0.02400	0.01451	0.01899	0.01882	0.01247	0.05035	0.01078	0.01250	0.00777	0.00564	0.00535	0.00181	0.00807	0.00429	0.00277	0.00845
1	0.00822	0.00617	0.00724	0.00710	0.00836	0.00577	0.00502	0.01052	0.04345	0.01848	0.32966	0.10361	0.23110	0.17551	0.01180	0.00275	0.00358	0.01105	0.00553	0.00510
2	0.59765	0.07184	0.01112	0.00840	0.01206	0.01386	0.00702	0.09857	0.01246	0.02634	0.01000	0.01135	0.00777	0.00578	0.00397	0.00174	0.00475	0.00367	0.08484	0.00682
3	0.06095	0.00991	0.01207	0.00987	0.01355	0.00954	0.00796	0.06325	0.11848	0.41244	0.10686	0.02457	0.06304	0.00829	0.00592	0.00184	0.00454	0.00678	0.05142	0.00872
4	0.49494	0.01270	0.01193	0.00980	0.01388	0.01407	0.00808	0.22145	0.01600	0.12957	0.01198	0.01234	0.00856	0.00619	0.00461	0.00181	0.00518	0.00418	0.00480	0.00793
5	0.02051	0.01551	0.01775	0.14643	0.02223	0.01744	0.01214	0.61036	0.02503	0.03342	0.01356	0.01447	0.00968	0.00689	0.00592	0.00181	0.00675	0.00531	0.00534	0.00945

[dist]
# distance from previous block
# <min> <max>
0	26

[block]
# block no. 8 follows, 39 sequences, length 60
# corresponding to MSA columns:
# 288-347
name=unknown_I
#
# <colnr> <probs for GDERKNQSTAVLIFYWHMCP>
#	G	D	E	R	K	N	Q	S	T	A	V	L	I	F	Y	W	H	M	C	P
0	0.01603	0.01520	0.02281	0.03230	0.62217	0.05972	0.01691	0.10511	0.01539	0.02120	0.01138	0.01435	0.00935	0.00554	0.00583	0.00174	0.00718	0.00519	0.00330	0.00930
1	0.01016	0.00696	0.00834	0.00797	0.00999	0.00643	0.00625	0.02857	0.04503	0.08504	0.27811	0.06530	0.30180	0.01315	0.00700	0.00204	0.00358	0.10229	0.00601	0.00598
2	0.01432	0.01389	0.02219	0.14831	0.58771	0.04892	0.01716	0.01761	0.01319	0.01816	0.01091	0.01473	0.00909	0.00588	0.00638	0.02761	0.00727	0.00519	0.00288	0.00861
3	0.00983	0.00649	0.00894	0.00999	0.01124	0.00629	0.00817	0.01202	0.01320	0.06194	0.04789	0.28046	0.03489	0.01635	0.00782	0.00255	0.00475	0.44603	0.00560	0.00553
4	0.00837	0.00604	0.00790	0.00744	0.00883	0.00558	0.00558	0.01116	0.01674	0.02371	0.75216	0.04417	0.05580	0.01209	0.00697	0.00186	0.00279	0.01069	0.00651	0.00558
5	0.01845	0.02213	0.01487	0.01424	0.05118	0.52733	0.01030	0.03833	0.05435	0.01609	0.01994	0.02046	0.15214	0.00789	0.00573	0.00166	0.00860	0.00574	0.00374	0.00683
6	0.03484	0.17895	0.29206	0.01543	0.02136	0.06791	0.14464	0.04065	0.01360	0.03420	0.04982	0.01626	0.01156	0.02911	0.00629	0.00188	0.00787	0.02251	0.00318	0.00785
7	0.00752	0.00537	0.00723	0.00860	0.00908	0.00508	0.00604	0.00878	0.01163	0.01545	0.03242	0.68994	0.03842	0.01823	0.00763	0.00245	0.00371	0.11205	0.00548	0.00489
8	0.00737	0.00526	0.00705	0.00842	0.00883	0.00494	0.00577	0.00852	0.01148	0.01528	0.03250	0.73782	0.03876	0.01837	0.00759	0.00242	0.00357	0.06570	0.00549	0.00485
9	0.01347	0.02599	0.60138	0.01581	0.03982	0.01257	0.01890	0.01922	0.01277	0.10767	0.01272	0.01529	0.00938	0.06085	0.00738	0.00214	0.00804	0.00488	0.00317	0.00855
10	0.70961	0.01200	0.00994	0.00856	0.01238	0.01371	0.00706	0.10313	0.01241	0.05312	0.00946	0.01052	0.00712	0.00574	0.00401	0.00182	0.00482	0.00355	0.00405	0.00697
11	0.00716	0.00600	0.00622	0.00617	0.00809	0.00506	0.00462	0.00881	0.01387	0.01691	0.14350	0.05537	0.66870	0.01463	0.00699	0.00198	0.00297	0.01227	0.00561	0.00506
12	0.01294	0.01294	0.01811	0.01553	0.01553	0.01811	0.01294	0.01423	0.00906	0.01423	0.00776	0.01294	0.00776	0.01035	0.01941	0.00259	0.78134	0.00518	0.00259	0.00647
13	0.00891	0.00642	0.00760	0.00794	0.00878	0.00628	0.00535	0.07243	0.01228	0.01615	0.03041	0.42427	0.11787	0.23127	0.01358	0.00322	0.00429	0.01300	0.00500	0.00495
14	0.01160	0.00680	0.00869	0.00778	0.00989	0.00608	0.00599	0.01408	0.01623	0.16272	0.49714	0.04172	0.16477	0.01166	0.00678	0.00188	0.00325	0.01009	0.00649	0.00634
15	0.02523	0.01158	0.01410	0.01106	0.01548	0.04912	0.00903	0.07104	0.06848	0.62609	0.02210	0.01942	0.01424	0.00729	0.00592	0.00182	0.00539	0.00585	0.00692	0.00985
16	0.02363	0.01472	0.01660	0.01273	0.01742	0.01560	0.01052	0.53474	0.02471	0.24245	0.01679	0.01588	0.01136	0.00716	0.00592	0.00179	0.00609	0.00550	0.00631	0.01006
17	0.01235	0.00712	0.00916	0.00837	0.01046	0.00655	0.00641	0.01534	0.04892	0.18083	0.40088	0.13145	0.09935	0.01200	0.00681	0.00196	0.00351	0.02553	0.00643	0.00657
18	0.01186	0.03059	0.76153	0.01686	0.02560	0.01373	0.02185	0.01873	0.01249	0.01873	0.01061	0.01249	0.00749	0.00562	0.00562	0.00187	0.00874	0.00437	0.00250	0.00874
19	0.02653	0.01006	0.01372	0.01052	0.01510	0.00869	0.00869	0.02882	0.01693	0.75937	0.02333	0.02013	0.01464	0.00732	0.00595	0.00183	0.00503	0.00595	0.00732	0.01006
20	0.00793	0.00622	0.00735	0.00795	0.00959	0.00564	0.00641	0.00984	0.01336	0.01654	0.04737	0.11642	0.43550	0.01575	0.00746	0.00229	0.00392	0.26982	0.00547	0.00514
21	0.04243	0.01028	0.01180	0.00980	0.01274	0.01070	0.00769	0.24507	0.01735	0.18380	0.01808	0.03780	0.01458	0.12695	0.07895	0.00303	0.00615	0.00625	0.14893	0.00764
22	0.00737	0.00524	0.00679	0.00796	0.00830	0.00492	0.00523	0.00829	0.01105	0.01468	0.03165	0.67782	0.05647	0.11185	0.01026	0.00279	0.00370	0.01570	0.00526	0.00466
23	0.73644	0.01127	0.00930	0.00811	0.01188	0.01271	0.00668	0.01876	0.01089	0.11503	0.01006	0.01088	0.00740	0.00571	0.00394	0.00183	0.00463	0.00353	0.00410	0.00685
24	0.01665	0.00872	0.01107	0.00925	0.01220	0.00824	0.00734	0.08000	0.05221	0.29603	0.36303	0.03102	0.03366	0.00955	0.00637	0.00183	0.00402	0.00813	0.03289	0.00779
25	0.01272	0.01293	0.02443	0.39616	0.17233	0.01389	0.24722	0.01691	0.01282	0.01714	0.01109	0.01561	0.00851	0.00549	0.00624	0.00194	0.00839	0.00581	0.00280	0.00755
26	0.02293	0.00928	0.01249	0.00985	0.01383	0.00806	0.00803	0.02524	0.01672	0.61578	0.12926	0.02547	0.05883	0.00840	0.00615	0.00184	0.00461	0.00696	0.00711	0.00916
27	0.77972	0.01136	0.00917	0.03447	0.01257	0.01312	0.00682	0.01767	0.01034	0.04956	0.00880	0.01016	0.00672	0.00556	0.00381	0.00183	0.00470	0.00336	0.00374	0.00653
28	0.00756	0.00601	0.00662	0.00683	0.00842	0.00534	0.00498	0.00962	0.03670	0.01710	0.12865	0.21572	0.47169	0.01498	0.00700	0.00205	0.00312	0.01285	0.02960	0.00517
29	0.01498	0.01633	0.01781	0.01546	0.01614	0.18519	0.01260	0.01632	0.01077	0.01429	0.00807	0.01243	0.00773	0.00940	0.01627	0.00235	0.60973	0.00487	0.00269	0.00656
30	0.01290	0.01083	0.01242	0.00935	0.01408	0.00917	0.00745	0.05976	0.10194	0.02132	0.06426	0.01580	0.01325	0.00552	0.00485	0.00114	0.00443	0.00450	0.00416	0.62288
31	0.01248	0.00857	0.01196	0.20184	0.01803	0.00956	0.00918	0.12556	0.03384	0.01677	0.01268	0.03474	0.01132	0.01391	0.01437	0.40493	0.00595	0.02770	0.02145	0.00515
32	0.00767	0.00648	0.00753	0.00858	0.06051	0.00568	0.00576	0.00934	0.01332	0.01640	0.07392	0.14219	0.56990	0.01468	0.00701	0.00205	0.00340	0.03491	0.00534	0.00531
33	0.00733	0.00560	0.00674	0.00730	0.00841	0.00501	0.00515	0.00884	0.01304	0.01693	0.16921	0.39803	0.29482	0.01613	0.00725	0.00216	0.00316	0.01420	0.00567	0.00501
34	0.00846	0.00629	0.00929	0.00929	0.01027	0.00728	0.00713	0.01042	0.00944	0.01357	0.01604	0.02431	0.01525	0.09668	0.71705	0.00924	0.01513	0.00649	0.00320	0.00516
35	0.01533	0.70333	0.11920	0.01093	0.01644	0.02223	0.01154	0.01783	0.01207	0.01449	0.00851	0.00985	0.00758	0.00513	0.00401	0.00134	0.00662	0.00331	0.00253	0.00773
36	0.00716	0.00600	0.00622	0.00617	0.00809	0.00506	0.00462	0.00881	0.01387	0.01691	0.14350	0.05537	0.66870	0.01463	0.00699	0.00198	0.00297	0.01227	0.00561	0.00506
37	0.00717	0.00595	0.00627	0.00630	0.00813	0.00505	0.00468	0.00879	0.01374	0.01686	0.14187	0.09916	0.62598	0.01484	0.00702	0.00200	0.00300	0.01252	0.00561	0.00505
38	0.02258	0.01640	0.01765	0.01353	0.01826	0.01810	0.01118	0.71770	0.02753	0.05552	0.01443	0.01435	0.01017	0.00710	0.00592	0.00178	0.00647	0.00534	0.00595	0.01006
39	0.02047	0.02526	0.01669	0.01505	0.01775	0.62509	0.01146	0.02303	0.06675	0.01516	0.01002	0.01174	0.00837	0.00674	0.00708	0.00169	0.10331	0.00418	0.00320	0.00698
40	0.02604	0.01085	0.01421	0.01089	0.01549	0.00986	0.00900	0.11416	0.01824	0.67218	0.02223	0.01941	0.01409	0.00729	0.00594	0.00182	0.00521	0.00587	0.00715	0.01006
41	0.02604	0.01085	0.01421	0.01089	0.01549	0.00986	0.00900	0.11416	0.01824	0.67218	0.02223	0.01941	0.01409	0.00729	0.00594	0.00182	0.00521	0.00587	0.00715	0.01006
42	0.83394	0.01144	0.00869	0.00778	0.01144	0.01327	0.00640	0.01738	0.01006	0.02653	0.00823	0.00961	0.00640	0.00549	0.00366	0.00183	0.00457	0.00320	0.00366	0.00640
43	0.02158	0.02239	0.01646	0.01403	0.01762	0.43638	0.01092	0.29484	0.02072	0.02363	0.01168	0.01270	0.00900	0.00653	0.00548	0.00161	0.00860	0.00449	0.05334	0.00800
44	0.02248	0.01656	0.01775	0.01361	0.01834	0.01834	0.01124	0.73556	0.02780	0.03727	0.01420	0.01420	0.01006	0.00710	0.00592	0.00177	0.00651	0.00532	0.00592	0.01006
45	0.01042	0.00601	0.00934	0.13324	0.01309	0.00644	0.00698	0.00891	0.00838	0.01106	0.01031	0.01762	0.00988	0.01816	0.02031	0.69332	0.00558	0.00516	0.00258	0.00322
46	0.01028	0.00665	0.00820	0.00791	0.00990	0.00596	0.00627	0.01253	0.01500	0.10943	0.27844	0.05000	0.30333	0.01334	0.00707	0.00206	0.00362	0.13807	0.00604	0.00589
47	0.00859	0.00578	0.00671	0.00671	0.00680	0.00587	0.00391	0.00877	0.00868	0.01166	0.01840	0.03739	0.02093	0.72890	0.09259	0.00605	0.00659	0.00841	0.00355	0.00373
48	0.01351	0.01112	0.01697	0.02270	0.39046	0.01094	0.01256	0.06617	0.01537	0.06535	0.17439	0.02778	0.11000	0.00845	0.00630	0.00184	0.00545	0.02810	0.00454	0.00802
49	0.01956	0.07454	0.15101	0.01523	0.01931	0.56230	0.01327	0.02206	0.01544	0.01519	0.00930	0.01100	0.00760	0.00609	0.00578	0.00161	0.03668	0.00392	0.00290	0.00722
50	0.01279	0.01082	0.01458	0.20387	0.02022	0.03123	0.01128	0.07788	0.02458	0.05262	0.03692	0.08216	0.06343	0.01273	0.07986	0.00282	0.22589	0.00694	0.02275	0.00665
51	0.00792	0.00593	0.00736	0.00731	0.00870	0.00537	0.00542	0.01017	0.01515	0.02058	0.47359	0.15186	0.21248	0.01377	0.00709	0.00199	0.00300	0.03087	0.00611	0.00533
52	0.01226	0.01051	0.01226	0.00876	0.01401	0.00788	0.00701	0.01489	0.01226	0.01927	0.01051	0.01226	0.00876	0.00438	0.00438	0.00088	0.00438	0.00350	0.00350	0.82832
53	0.01278	0.01285	0.02290	0.02276	0.22205	0.01365	0.23294	0.01579	0.01220	0.01732	0.01403	0.13919	0.01365	0.00849	0.00963	0.00211	0.18985	0.00759	0.00329	0.02694
54	0.00788	0.00560	0.00752	0.00877	0.00944	0.00533	0.00644	0.00924	0.01188	0.01562	0.03283	0.54520	0.07166	0.01787	0.00821	0.03098	0.00397	0.19127	0.00538	0.00490
55	0.00719	0.00520	0.00681	0.00810	0.00854	0.00481	0.00543	0.00825	0.01145	0.01515	0.03423	0.74453	0.08184	0.01831	0.00751	0.00238	0.00340	0.01655	0.00549	0.00481
56	0.01494	0.16344	0.06608	0.22810	0.21159	0.01626	0.01471	0.12729	0.06537	0.02020	0.01173	0.01428	0.00921	0.00589	0.00548	0.00175	0.00699	0.00492	0.00341	0.00833
57	0.46204	0.14866	0.07622	0.00970	0.01420	0.03057	0.00893	0.05582	0.01241	0.09800	0.01035	0.01122	0.00781	0.00568	0.00425	0.00170	0.00549	0.00370	0.00384	0.02942
58	0.03216	0.49276	0.08190	0.01183	0.01644	0.19020	0.01116	0.01901	0.01310	0.03012	0.00957	0.03118	0.00856	0.00588	0.00479	0.00145	0.02573	0.00387	0.00285	0.00744
59	0.01116	0.00967	0.01478	0.01267	0.03450	0.00994	0.12017	0.04215	0.03013	0.03325	0.09001	0.04523	0.11981	0.01864	0.21220	0.00393	0.08686	0.00748	0.00407	0.09334

[dist]
# distance from previous block
# <min> <max>
0	4

[block]
# block no. 9 follows, 39 sequences, length 7
# corresponding to MSA columns:
# 352-358
name=unknown_J
#
# <colnr> <probs for GDERKNQSTAVLIFYWHMCP>
#	G	D	E	R	K	N	Q	S	T	A	V	L	I	F	Y	W	H	M	C	P
0	0.07397	0.07930	0.01552	0.03729	0.08107	0.02626	0.03006	0.01628	0.08496	0.03904	0.04489	0.04037	0.13371	0.01047	0.04225	0.00226	0.16623	0.00664	0.00396	0.06546
1	0.03813	0.20328	0.04640	0.06063	0.06084	0.04930	0.07528	0.05206	0.01237	0.01689	0.01180	0.06563	0.01090	0.01052	0.06928	0.00249	0.17106	0.00560	0.03046	0.00708
2	0.01198	0.05593	0.01071	0.00864	0.01043	0.00915	0.00632	0.11412	0.03552	0.05481	0.04375	0.09239	0.06220	0.32511	0.10263	0.00425	0.00648	0.00815	0.00442	0.03303
3	0.00769	0.00556	0.00727	0.00830	0.00894	0.00513	0.00567	0.00883	0.01133	0.01524	0.03049	0.66244	0.03614	0.06468	0.00878	0.00254	0.00373	0.05287	0.00526	0.04912
4	0.01932	0.13573	0.04897	0.07894	0.07835	0.44956	0.01258	0.07780	0.01611	0.01680	0.00974	0.01158	0.00796	0.00593	0.00526	0.00158	0.00911	0.00409	0.00313	0.00747
5	0.01604	0.01242	0.01293	0.01111	0.01445	0.05555	0.00871	0.16440	0.29186	0.09481	0.07885	0.07314	0.08560	0.00911	0.00614	0.00188	0.00503	0.00751	0.00580	0.04467
6	0.01085	0.00714	0.00845	0.00826	0.00934	0.00716	0.00566	0.10511	0.01304	0.05298	0.05067	0.32018	0.02735	0.28988	0.01507	0.00340	0.00467	0.01111	0.04432	0.00537

[dist]
# distance from previous block
# <min> <max>
0	1

[block]
# block no. 10 follows, 39 sequences, length 29
# corresponding to MSA columns:
# 360-388
name=unknown_K
#
# <colnr> <probs for GDERKNQSTAVLIFYWHMCP>
#	G	D	E	R	K	N	Q	S	T	A	V	L	I	F	Y	W	H	M	C	P
0	0.01219	0.00926	0.01157	0.02704	0.11026	0.03438	0.00848	0.06408	0.03936	0.08283	0.27095	0.04874	0.18427	0.01100	0.00666	0.00193	0.00447	0.06017	0.00555	0.00680
1	0.01416	0.01495	0.04757	0.05376	0.40170	0.01449	0.26356	0.01885	0.04878	0.01913	0.01189	0.01537	0.00950	0.00551	0.00671	0.00189	0.03454	0.00590	0.00307	0.00868
2	0.01886	0.17800	0.09698	0.01629	0.08581	0.43768	0.01290	0.03588	0.01509	0.01571	0.00936	0.01112	0.00781	0.00591	0.00552	0.00157	0.03117	0.00394	0.00292	0.00748
3	0.01159	0.00698	0.00891	0.00902	0.01051	0.00675	0.00653	0.01471	0.09511	0.14447	0.06735	0.46574	0.03234	0.05422	0.00824	0.00241	0.00400	0.03908	0.00582	0.00622
4	0.53158	0.01527	0.14224	0.04868	0.01625	0.01380	0.01022	0.09228	0.02731	0.04083	0.01001	0.01136	0.00745	0.00579	0.00444	0.00184	0.00568	0.00386	0.00376	0.00733
5	0.01098	0.01025	0.00976	0.00921	0.01102	0.11022	0.00691	0.03741	0.08001	0.01665	0.06257	0.06590	0.27620	0.10226	0.12613	0.00352	0.04169	0.00895	0.00457	0.00578
6	0.00796	0.00603	0.00733	0.00701	0.00858	0.00540	0.00526	0.01036	0.01577	0.02141	0.54576	0.04797	0.26363	0.01295	0.00698	0.00190	0.00285	0.01123	0.00621	0.00540
7	0.00851	0.00794	0.07156	0.01000	0.01145	0.00634	0.00845	0.01070	0.01232	0.01642	0.03024	0.43980	0.03445	0.01658	0.00763	0.00248	0.00467	0.28983	0.00522	0.00539
8	0.08899	0.58918	0.05421	0.01078	0.01567	0.08162	0.01040	0.06159	0.01320	0.01667	0.00875	0.00999	0.00763	0.00532	0.00410	0.00139	0.00662	0.00339	0.00287	0.00762
9	0.01030	0.01037	0.09443	0.01374	0.09073	0.00859	0.01097	0.01440	0.07208	0.01825	0.04503	0.17764	0.02867	0.01360	0.00733	0.00239	0.00549	0.36461	0.00494	0.00643
10	0.07503	0.01067	0.01374	0.01060	0.01514	0.00974	0.00876	0.08484	0.01738	0.65712	0.02169	0.01902	0.01377	0.00719	0.00581	0.00183	0.00512	0.00573	0.00699	0.00984
