[name]
unknown

[dist]
# distance from previous block
# <min> <max>
0	40

[block]
# block no. 0 follows, 46 sequences, length 11
# corresponding to MSA columns:
# 40-50
name=unknown_A
#
# <colnr> <probs for GDERKNQSTAVLIFYWHMCP>
#	G	D	E	R	K	N	Q	S	T	A	V	L	I	F	Y	W	H	M	C	P
0	0.00795	0.00579	0.00778	0.00879	0.00997	0.00562	0.00739	0.01006	0.01201	0.01555	0.05986	0.14933	0.12401	0.01455	0.00706	0.00229	0.00429	0.53803	0.00491	0.00475
1	0.00657	0.00516	0.00594	0.00618	0.00745	0.00453	0.00447	0.00805	0.01217	0.01558	0.20529	0.25187	0.42061	0.01367	0.00638	0.00186	0.00274	0.01185	0.00511	0.00453
2	0.01601	0.01329	0.01769	0.01330	0.01771	0.01364	0.16567	0.38371	0.10486	0.02561	0.01267	0.01350	0.00939	0.00559	0.00524	0.00150	0.00592	0.00490	0.00435	0.16546
3	0.01018	0.00906	0.10423	0.00833	0.01100	0.00676	0.00742	0.01368	0.05473	0.10688	0.46241	0.03216	0.06594	0.00929	0.00585	0.00165	0.00363	0.03221	0.00523	0.04935
4	0.01258	0.12646	0.47631	0.01409	0.02040	0.04280	0.07855	0.01841	0.08345	0.06187	0.01107	0.01222	0.00809	0.00522	0.00495	0.00161	0.00715	0.00422	0.00284	0.00768
5	0.01175	0.23712	0.48519	0.01401	0.02038	0.01486	0.07885	0.01633	0.01102	0.01542	0.00890	0.01072	0.00684	0.00503	0.00524	0.00157	0.04324	0.00385	0.00228	0.00739
6	0.02210	0.01126	0.10775	0.01010	0.01465	0.00833	0.00922	0.02465	0.01464	0.69020	0.01945	0.01715	0.01230	0.00636	0.00528	0.00164	0.00491	0.00514	0.00601	0.00885
7	0.00950	0.00612	0.00765	0.00784	0.00914	0.00591	0.00564	0.01249	0.10693	0.11044	0.09772	0.49169	0.08129	0.01341	0.00632	0.00197	0.00330	0.01193	0.00525	0.00546
8	0.03029	0.04739	0.13219	0.09501	0.04516	0.07781	0.16361	0.07549	0.01360	0.21513	0.01257	0.01375	0.00888	0.00561	0.00579	0.00166	0.03988	0.00484	0.00375	0.00759
9	0.01183	0.00760	0.00886	0.00837	0.02817	0.00732	0.00631	0.01634	0.17821	0.18426	0.03555	0.09559	0.34131	0.01063	0.00591	0.00180	0.00360	0.03665	0.00531	0.00640
10	0.01013	0.00602	0.00760	0.00689	0.00874	0.00535	0.00528	0.01222	0.01417	0.15857	0.45092	0.06674	0.20521	0.01082	0.00609	0.00170	0.00292	0.00935	0.00571	0.00558

[dist]
# distance from previous block
# <min> <max>
6	27

[block]
# block no. 1 follows, 46 sequences, length 46
# corresponding to MSA columns:
# 78-123
name=unknown_B
#
# <colnr> <probs for GDERKNQSTAVLIFYWHMCP>
#	G	D	E	R	K	N	Q	S	T	A	V	L	I	F	Y	W	H	M	C	P
0	0.00867	0.00563	0.00755	0.05882	0.01025	0.00542	0.00586	0.02605	0.01095	0.07799	0.02576	0.61912	0.02910	0.01398	0.00629	0.00199	0.00350	0.01256	0.04409	0.02643
1	0.01371	0.01223	0.12511	0.00982	0.01466	0.00870	0.03431	0.05561	0.03194	0.15447	0.01234	0.01307	0.00914	0.00488	0.00450	0.00119	0.00480	0.00398	0.04310	0.44244
2	0.01262	0.01039	0.03212	0.04596	0.01437	0.00870	0.00770	0.07517	0.01223	0.07435	0.01037	0.01180	0.00820	0.00468	0.00494	0.00106	0.04705	0.00360	0.00345	0.61124
3	0.00844	0.00664	0.02378	0.05818	0.01062	0.00637	0.00643	0.02437	0.01332	0.03488	0.44157	0.06865	0.13433	0.01121	0.00746	0.04130	0.04600	0.04641	0.00497	0.00507
4	0.03933	0.02628	0.08779	0.04747	0.01504	0.01136	0.00941	0.09229	0.32129	0.13423	0.05646	0.02215	0.05051	0.00753	0.00543	0.00176	0.00479	0.05427	0.00494	0.00767
5	0.00741	0.00549	0.00728	0.04389	0.00917	0.00519	0.00539	0.00970	0.01401	0.01955	0.61514	0.13657	0.07850	0.01139	0.00626	0.00173	0.00279	0.01010	0.00550	0.00492
6	0.01389	0.01186	0.04739	0.04681	0.01553	0.00984	0.00841	0.15703	0.01428	0.04053	0.01125	0.01291	0.00898	0.00519	0.00474	0.00123	0.00494	0.00392	0.00387	0.57738
7	0.00752	0.00548	0.00671	0.00755	0.00825	0.00493	0.00512	0.00812	0.01099	0.01435	0.03418	0.59715	0.19679	0.01640	0.00766	0.04173	0.00339	0.01384	0.00507	0.00474
8	0.01138	0.05155	0.01534	0.04941	0.01461	0.01329	0.04260	0.01266	0.00983	0.01427	0.02691	0.08448	0.05290	0.02712	0.07312	0.00276	0.44026	0.00629	0.00317	0.04804
9	0.01347	0.44279	0.29979	0.01281	0.01853	0.01723	0.07192	0.01672	0.01171	0.01543	0.02615	0.01189	0.00869	0.00546	0.00468	0.00156	0.00691	0.00395	0.00269	0.00761
10	0.02240	0.00940	0.01231	0.00951	0.01347	0.00850	0.00783	0.10173	0.01608	0.66315	0.04823	0.01889	0.02952	0.00682	0.00537	0.00163	0.00453	0.00553	0.00635	0.00876
11	0.00749	0.00551	0.00732	0.00780	0.00850	0.00530	0.02470	0.04878	0.01107	0.01481	0.06711	0.62598	0.04671	0.08217	0.00831	0.00232	0.00350	0.01326	0.00478	0.00457
12	0.79291	0.06675	0.00917	0.00710	0.01046	0.01249	0.00596	0.01556	0.00912	0.02293	0.00736	0.00858	0.00580	0.00488	0.00328	0.00160	0.00420	0.00286	0.00320	0.00580
13	0.01096	0.00936	0.01514	0.02173	0.44969	0.00922	0.01147	0.01317	0.01131	0.04253	0.01719	0.26851	0.01807	0.05189	0.00692	0.00196	0.00510	0.02546	0.00356	0.00674
14	0.00748	0.00574	0.00689	0.00658	0.00805	0.00533	0.00494	0.01039	0.06022	0.01924	0.52296	0.05930	0.24045	0.01140	0.00620	0.00171	0.00266	0.00989	0.00553	0.00504
15	0.00650	0.00464	0.00618	0.00732	0.00768	0.00433	0.00491	0.00750	0.01038	0.01391	0.06906	0.76967	0.03576	0.01626	0.00672	0.00212	0.00304	0.01474	0.00496	0.00433
16	0.02372	0.00900	0.01227	0.00941	0.01350	0.00777	0.00777	0.02576	0.01513	0.78489	0.02086	0.01799	0.01309	0.00654	0.00532	0.00164	0.00450	0.00532	0.00654	0.00900
17	0.01100	0.02454	0.62495	0.01661	0.02390	0.01251	0.17859	0.01678	0.01144	0.01678	0.00975	0.01183	0.00698	0.00490	0.00528	0.00170	0.00805	0.00441	0.00233	0.00767
18	0.01417	0.77414	0.05023	0.00934	0.01392	0.03964	0.00939	0.01599	0.01086	0.01258	0.00743	0.00859	0.00678	0.00456	0.00347	0.00115	0.00581	0.00287	0.00227	0.00680
19	0.00667	0.00534	0.00597	0.00588	0.00742	0.00463	0.00438	0.00838	0.01295	0.01658	0.29667	0.08093	0.50024	0.01266	0.00627	0.00176	0.00263	0.01079	0.00522	0.00463
20	0.01090	0.00984	0.01531	0.46769	0.04565	0.01184	0.04583	0.01565	0.11543	0.03231	0.06529	0.01654	0.01161	0.00636	0.00670	0.00180	0.09311	0.00529	0.01655	0.00631
21	0.02372	0.00900	0.01227	0.00941	0.01350	0.00777	0.00777	0.02576	0.01513	0.78489	0.02086	0.01799	0.01309	0.00654	0.00532	0.00164	0.00450	0.00532	0.00654	0.00900
22	0.04290	0.00990	0.01139	0.02166	0.01321	0.00814	0.00675	0.08003	0.01219	0.03280	0.00982	0.01121	0.00794	0.00424	0.00406	0.00092	0.00415	0.00333	0.00338	0.71198
23	0.01388	0.76068	0.08219	0.00948	0.01424	0.02030	0.00980	0.01590	0.01077	0.01275	0.00750	0.00867	0.00678	0.00456	0.00351	0.00117	0.00581	0.00290	0.00226	0.00686
24	0.01143	0.00967	0.01121	0.00805	0.01273	0.00752	0.00646	0.05155	0.01167	0.01805	0.00956	0.01105	0.00789	0.00404	0.00399	0.00082	0.00401	0.00322	0.00324	0.80385
25	0.00687	0.00517	0.00686	0.00773	0.00805	0.00523	0.00532	0.00779	0.00995	0.01334	0.02785	0.69504	0.05831	0.04524	0.00828	0.00226	0.06387	0.01383	0.00465	0.00437
26	0.01096	0.00940	0.01096	0.00783	0.01253	0.00705	0.00626	0.01331	0.01096	0.01723	0.00940	0.01096	0.00783	0.00392	0.00392	0.00078	0.00392	0.00313	0.00313	0.84653
27	0.01192	0.00967	0.01127	0.00812	0.01277	0.00757	0.00652	0.05374	0.01186	0.04632	0.00999	0.01131	0.00809	0.00414	0.00404	0.00086	0.00404	0.00330	0.00337	0.77110
28	0.00759	0.00551	0.00772	0.00772	0.00840	0.00619	0.00564	0.00894	0.00827	0.01170	0.01487	0.02470	0.01492	0.25990	0.57534	0.00754	0.01159	0.00624	0.00294	0.00429
29	0.01114	0.00938	0.01280	0.29648	0.02125	0.00879	0.00939	0.01391	0.01100	0.04811	0.00988	0.01240	0.00777	0.00452	0.00447	0.00117	0.00508	0.00379	0.00299	0.50569
30	0.02372	0.00900	0.01227	0.00941	0.01350	0.00777	0.00777	0.02576	0.01513	0.78489	0.02086	0.01799	0.01309	0.00654	0.00532	0.00164	0.00450	0.00532	0.00654	0.00900
31	0.02010	0.01481	0.01587	0.01216	0.01639	0.01639	0.01005	0.76360	0.02486	0.03332	0.01269	0.01269	0.00899	0.00635	0.00529	0.00159	0.00582	0.00476	0.00529	0.00899
32	0.00707	0.00568	0.00634	0.00613	0.00777	0.00511	0.00461	0.00954	0.05187	0.01732	0.32860	0.04494	0.46188	0.01209	0.00620	0.00174	0.00268	0.01028	0.00528	0.00486
33	0.01308	0.01256	0.02146	0.03245	0.78123	0.01256	0.01622	0.01622	0.01204	0.01727	0.00994	0.01308	0.00837	0.00471	0.00523	0.00157	0.00628	0.00471	0.00262	0.00837
34	0.01413	0.81739	0.02770	0.00905	0.01357	0.02092	0.00905	0.01583	0.01074	0.01244	0.00735	0.00848	0.00678	0.00452	0.00339	0.00113	0.00565	0.00283	0.00226	0.00678
35	0.85155	0.01022	0.00777	0.00695	0.01022	0.01186	0.00573	0.01554	0.00900	0.02372	0.00736	0.00859	0.00573	0.00491	0.00327	0.00164	0.00409	0.00286	0.00327	0.00573
36	0.00756	0.00562	0.00829	0.00829	0.00916	0.00650	0.00635	0.00931	0.00844	0.01212	0.01435	0.02181	0.01367	0.09803	0.73550	0.00824	0.01348	0.00582	0.00286	0.00461
37	0.02372	0.00900	0.01227	0.00941	0.01350	0.00777	0.00777	0.02576	0.01513	0.78489	0.02086	0.01799	0.01309	0.00654	0.00532	0.00164	0.00450	0.00532	0.00654	0.00900
38	0.00748	0.00540	0.00707	0.00665	0.00790	0.00499	0.00499	0.00998	0.01496	0.02120	0.77844	0.03949	0.04988	0.01081	0.00624	0.00166	0.00249	0.00956	0.00582	0.00499
39	0.00727	0.00540	0.00677	0.00643	0.00777	0.00490	0.00482	0.00956	0.01446	0.02000	0.65232	0.04147	0.17676	0.01126	0.00624	0.00168	0.00253	0.00984	0.00566	0.00490
40	0.02345	0.00943	0.01254	0.00961	0.01371	0.00841	0.00794	0.08087	0.01586	0.72876	0.02025	0.01760	0.01278	0.00653	0.00531	0.00163	0.00460	0.00527	0.00645	0.00900
41	0.02109	0.01322	0.01488	0.01141	0.01560	0.01403	0.00942	0.56174	0.02220	0.23894	0.01493	0.01414	0.01011	0.00640	0.00530	0.00160	0.00546	0.00491	0.00563	0.00899
42	0.01413	0.81739	0.02770	0.00905	0.01357	0.02092	0.00905	0.01583	0.01074	0.01244	0.00735	0.00848	0.00678	0.00452	0.00339	0.00113	0.00565	0.00283	0.00226	0.00678
43	0.85155	0.01022	0.00777	0.00695	0.01022	0.01186	0.00573	0.01554	0.00900	0.02372	0.00736	0.00859	0.00573	0.00491	0.00327	0.00164	0.00409	0.00286	0.00327	0.00573
44	0.01096	0.00940	0.01096	0.00783	0.01253	0.00705	0.00626	0.01331	0.01096	0.01723	0.00940	0.01096	0.00783	0.00392	0.00392	0.00078	0.00392	0.00313	0.00313	0.84653
45	0.85155	0.01022	0.00777	0.00695	0.01022	0.01186	0.00573	0.01554	0.00900	0.02372	0.00736	0.00859	0.00573	0.00491	0.00327	0.00164	0.00409	0.00286	0.00327	0.00573

[dist]
# distance from previous block
# <min> <max>
0	12

[block]
# block no. 2 follows, 46 sequences, length 37
# corresponding to MSA columns:
# 136-172
name=unknown_C
#
# <colnr> <probs for GDERKNQSTAVLIFYWHMCP>
#	G	D	E	R	K	N	Q	S	T	A	V	L	I	F	Y	W	H	M	C	P
0	0.01359	0.75038	0.02612	0.00900	0.01323	0.01974	0.00884	0.01530	0.01056	0.01242	0.00791	0.00949	0.00732	0.00742	0.06859	0.00174	0.00636	0.00306	0.00231	0.00661
1	0.47015	0.01014	0.01014	0.00831	0.01197	0.01069	0.00685	0.08115	0.01262	0.31210	0.01290	0.01248	0.00878	0.00564	0.00421	0.00163	0.00439	0.00395	0.00467	0.00723
2	0.00854	0.05260	0.06546	0.00801	0.00983	0.00699	0.00655	0.07162	0.01288	0.01731	0.21398	0.36162	0.11967	0.01241	0.00613	0.00185	0.00360	0.01088	0.00482	0.00527
3	0.73403	0.05707	0.01085	0.00834	0.01185	0.01251	0.06835	0.01567	0.00938	0.02251	0.00764	0.00905	0.00598	0.00485	0.00352	0.00162	0.00458	0.00314	0.00316	0.00590
4	0.00725	0.00535	0.00679	0.00662	0.00787	0.00489	0.00495	0.00946	0.01407	0.01943	0.59220	0.10536	0.15019	0.01176	0.00631	0.00174	0.00264	0.03266	0.00559	0.00485
5	0.01119	0.01052	0.05499	0.02751	0.01393	0.01033	0.07014	0.03358	0.37637	0.03329	0.17801	0.02635	0.11453	0.00826	0.00571	0.00175	0.00434	0.00719	0.00497	0.00704
6	0.00718	0.00523	0.00676	0.00672	0.00780	0.00481	0.00491	0.00927	0.01375	0.01912	0.57287	0.20346	0.09400	0.01219	0.00634	0.00177	0.00263	0.01082	0.00557	0.00481
7	0.01382	0.01286	0.09008	0.01184	0.01559	0.01235	0.07152	0.06727	0.48516	0.08772	0.03322	0.01931	0.04122	0.00691	0.00545	0.00175	0.00497	0.00591	0.00493	0.00811
8	0.01248	0.01030	0.01178	0.00855	0.01317	0.00860	0.00689	0.13800	0.01327	0.01990	0.00994	0.01125	0.00802	0.00432	0.00414	0.00092	0.00423	0.00340	0.00349	0.70733
9	0.80435	0.00993	0.00761	0.00684	0.01000	0.01147	0.00561	0.01536	0.00911	0.02349	0.00792	0.00921	0.00616	0.00498	0.00330	0.00161	0.00400	0.00298	0.05039	0.00568
10	0.01402	0.01157	0.01229	0.01084	0.01396	0.01327	0.00849	0.08874	0.68881	0.04444	0.02077	0.01909	0.01546	0.00709	0.00537	0.00177	0.00433	0.00586	0.00540	0.00844
11	0.00743	0.00540	0.00700	0.00660	0.00787	0.00497	0.00495	0.00988	0.01485	0.02093	0.74974	0.03994	0.07875	0.01091	0.00624	0.00167	0.00250	0.00962	0.00578	0.00497
12	0.02147	0.00850	0.01155	0.00902	0.01272	0.00738	0.00738	0.02358	0.01511	0.67903	0.12588	0.02097	0.01819	0.00713	0.00544	0.00164	0.00422	0.00590	0.00644	0.00844
13	0.00755	0.00566	0.00850	0.00850	0.00944	0.00661	0.00661	0.00944	0.00850	0.01227	0.01416	0.02077	0.01322	0.03965	0.79326	0.00850	0.01416	0.00566	0.00283	0.00472
14	0.00729	0.00540	0.00680	0.00645	0.00778	0.00491	0.00484	0.00960	0.01451	0.02012	0.66551	0.04126	0.16349	0.01121	0.00624	0.00168	0.00252	0.00981	0.00568	0.00491
15	0.01344	0.01150	0.01212	0.01082	0.01386	0.01328	0.00844	0.05874	0.74056	0.02258	0.02115	0.01943	0.01584	0.00714	0.00538	0.00178	0.00425	0.00593	0.00538	0.00839
16	0.01315	0.01136	0.01195	0.01076	0.01375	0.01315	0.00837	0.02809	0.77168	0.02211	0.02152	0.01972	0.01614	0.00717	0.00538	0.00179	0.00418	0.00598	0.00538	0.00837
17	0.85155	0.01022	0.00777	0.00695	0.01022	0.01186	0.00573	0.01554	0.00900	0.02372	0.00736	0.00859	0.00573	0.00491	0.00327	0.00164	0.00409	0.00286	0.00327	0.00573
18	0.85155	0.01022	0.00777	0.00695	0.01022	0.01186	0.00573	0.01554	0.00900	0.02372	0.00736	0.00859	0.00573	0.00491	0.00327	0.00164	0.00409	0.00286	0.00327	0.00573
19	0.01103	0.00960	0.01181	0.00843	0.01316	0.00731	0.03775	0.01346	0.01103	0.01721	0.00945	0.01110	0.00784	0.00394	0.00401	0.00082	0.00412	0.00326	0.00311	0.81155
20	0.00652	0.00537	0.00574	0.00564	0.00731	0.00458	0.00423	0.00812	0.01270	0.01582	0.21505	0.04834	0.61663	0.01281	0.00625	0.00176	0.00264	0.01080	0.00511	0.00458
21	0.01096	0.00940	0.01096	0.00783	0.01253	0.00705	0.00626	0.01331	0.01096	0.01723	0.00940	0.01096	0.00783	0.00392	0.00392	0.00078	0.00392	0.00313	0.00313	0.84653
22	0.01356	0.61652	0.09961	0.04376	0.01538	0.06171	0.01024	0.01576	0.01089	0.01292	0.00807	0.00972	0.00715	0.00661	0.04763	0.00163	0.00661	0.00320	0.00232	0.00669
23	0.85155	0.01022	0.00777	0.00695	0.01022	0.01186	0.00573	0.01554	0.00900	0.02372	0.00736	0.00859	0.00573	0.00491	0.00327	0.00164	0.00409	0.00286	0.00327	0.00573
24	0.02372	0.00900	0.01227	0.00941	0.01350	0.00777	0.00777	0.02576	0.01513	0.78489	0.02086	0.01799	0.01309	0.00654	0.00532	0.00164	0.00450	0.00532	0.00654	0.00900
25	0.01413	0.81739	0.02770	0.00905	0.01357	0.02092	0.00905	0.01583	0.01074	0.01244	0.00735	0.00848	0.00678	0.00452	0.00339	0.00113	0.00565	0.00283	0.00226	0.00678
26	0.02337	0.00955	0.01261	0.00967	0.01377	0.00859	0.00799	0.09608	0.01606	0.71327	0.02008	0.01749	0.01270	0.00652	0.00531	0.00163	0.00462	0.00526	0.00642	0.00900
27	0.00748	0.00540	0.00707	0.00665	0.00790	0.00499	0.00499	0.00998	0.01496	0.02120	0.77844	0.03949	0.04988	0.01081	0.00624	0.00166	0.00249	0.00956	0.00582	0.00499
28	0.00739	0.00538	0.00695	0.00660	0.00785	0.00494	0.00493	0.00977	0.01467	0.02061	0.71810	0.06040	0.09038	0.01110	0.00625	0.00168	0.00252	0.00979	0.00574	0.00494
29	0.01248	0.01426	0.03119	0.02228	0.02763	0.01337	0.76203	0.01693	0.01248	0.01693	0.01070	0.01426	0.00802	0.00446	0.00624	0.00178	0.00891	0.00624	0.00267	0.00713
30	0.00741	0.00540	0.00697	0.00658	0.00786	0.00496	0.00493	0.00984	0.01480	0.02081	0.73813	0.04012	0.09043	0.01095	0.00624	0.00167	0.00250	0.00965	0.00577	0.00496
31	0.01060	0.02735	0.78682	0.01507	0.02288	0.01228	0.01953	0.01674	0.01116	0.01674	0.00949	0.01116	0.00670	0.00502	0.00502	0.00167	0.00781	0.00391	0.00223	0.00781
32	0.01492	0.70644	0.02592	0.00969	0.01396	0.12905	0.00921	0.01657	0.01134	0.01251	0.00746	0.00863	0.00679	0.00465	0.00358	0.00116	0.00620	0.00291	0.00233	0.00669
33	0.01379	0.01167	0.01231	0.01089	0.01399	0.01345	0.00852	0.09564	0.70309	0.02314	0.02071	0.01908	0.01548	0.00710	0.00537	0.00177	0.00433	0.00587	0.00537	0.00842
34	0.01091	0.04060	0.57535	0.01715	0.15033	0.01189	0.01748	0.01607	0.01126	0.01673	0.01063	0.04345	0.00840	0.00546	0.00503	0.00164	0.00709	0.00450	0.03840	0.00762
35	0.03454	0.01112	0.07471	0.02636	0.08149	0.00952	0.18522	0.07282	0.01319	0.03102	0.14929	0.11490	0.06391	0.00775	0.00567	0.00164	0.00538	0.00725	0.00391	0.10029
36	0.00700	0.00537	0.00649	0.00632	0.00770	0.00486	0.00472	0.00897	0.01334	0.01787	0.44126	0.07557	0.31100	0.01361	0.05040	0.00211	0.00324	0.01015	0.00528	0.00475

[dist]
# distance from previous block
# <min> <max>
0	6

[block]
# block no. 3 follows, 46 sequences, length 77
# corresponding to MSA columns:
# 180-256
name=unknown_D
#
# <colnr> <probs for GDERKNQSTAVLIFYWHMCP>
#	G	D	E	R	K	N	Q	S	T	A	V	L	I	F	Y	W	H	M	C	P
0	0.34043	0.08705	0.39141	0.01134	0.01683	0.01298	0.01297	0.01606	0.01017	0.01898	0.00839	0.00994	0.00633	0.00508	0.00461	0.00163	0.03289	0.00343	0.00264	0.00684
1	0.01476	0.01135	0.01358	0.04431	0.05235	0.01196	0.02985	0.35501	0.08569	0.03891	0.05811	0.11229	0.03185	0.02178	0.00581	0.00167	0.00501	0.00644	0.00471	0.09454
2	0.01334	0.02679	0.02049	0.09074	0.63752	0.03273	0.01534	0.05345	0.01260	0.01758	0.00994	0.01293	0.00822	0.00484	0.00517	0.00156	0.00635	0.00462	0.00274	0.02305
3	0.01037	0.00976	0.01652	0.62857	0.12523	0.01166	0.03286	0.01377	0.01084	0.01416	0.01048	0.01645	0.00853	0.00579	0.00566	0.00179	0.02310	0.04579	0.00253	0.00615
4	0.00737	0.00540	0.00692	0.00654	0.00783	0.00494	0.00490	0.00977	0.01471	0.02059	0.71498	0.04049	0.11372	0.01103	0.00624	0.00167	0.00251	0.00970	0.00574	0.00494
5	0.01099	0.01101	0.04350	0.52998	0.27338	0.01202	0.01534	0.01448	0.01106	0.01482	0.00957	0.01367	0.00746	0.00509	0.00526	0.00170	0.00683	0.00468	0.00243	0.00674
6	0.00636	0.00536	0.00551	0.00547	0.00721	0.00451	0.00410	0.00780	0.01231	0.01490	0.11829	0.04986	0.71396	0.01316	0.00625	0.00177	0.00266	0.01101	0.00499	0.00451
7	0.00726	0.00528	0.00695	0.00814	0.02498	0.00507	0.00541	0.04472	0.01089	0.01455	0.02791	0.75413	0.03311	0.01580	0.00664	0.00211	0.00327	0.01430	0.00488	0.00461
8	0.01035	0.00776	0.01069	0.01216	0.15766	0.00755	0.00766	0.04975	0.05375	0.06676	0.44948	0.03170	0.09497	0.00918	0.00590	0.00166	0.00361	0.00808	0.00512	0.00621
9	0.09187	0.01252	0.02329	0.13160	0.16448	0.01270	0.37610	0.01684	0.04112	0.04431	0.01075	0.01377	0.00820	0.00494	0.00581	0.00173	0.02455	0.00534	0.00291	0.00713
10	0.01391	0.00917	0.01065	0.00922	0.01207	0.00952	0.00723	0.02212	0.37050	0.19314	0.20302	0.02452	0.04275	0.00793	0.00553	0.00169	0.00380	0.00671	0.00565	0.04089
11	0.01613	0.01280	0.01450	0.10187	0.09338	0.07583	0.01015	0.26056	0.14306	0.09398	0.01427	0.03924	0.01092	0.00628	0.00517	0.00158	0.00562	0.00510	0.01963	0.06995
12	0.01211	0.01382	0.12382	0.05301	0.35875	0.01128	0.09937	0.03363	0.01194	0.01730	0.01036	0.03189	0.00860	0.00490	0.00508	0.00146	0.00622	0.00469	0.00279	0.18900
13	0.85155	0.01022	0.00777	0.00695	0.01022	0.01186	0.00573	0.01554	0.00900	0.02372	0.00736	0.00859	0.00573	0.00491	0.00327	0.00164	0.00409	0.00286	0.00327	0.00573
14	0.01094	0.01029	0.01385	0.02830	0.01416	0.08093	0.14017	0.01476	0.09971	0.03435	0.27788	0.07220	0.04263	0.03204	0.00792	0.00188	0.10018	0.00753	0.00431	0.00595
15	0.01413	0.81739	0.02770	0.00905	0.01357	0.02092	0.00905	0.01583	0.01074	0.01244	0.00735	0.00848	0.00678	0.00452	0.00339	0.00113	0.00565	0.00283	0.00226	0.00678
16	0.00628	0.00536	0.00540	0.00539	0.00716	0.00448	0.00404	0.00765	0.01212	0.01445	0.07140	0.05060	0.76114	0.01333	0.00625	0.00178	0.00267	0.01112	0.00493	0.00448
17	0.00998	0.00940	0.01586	0.80150	0.03641	0.01175	0.01468	0.01351	0.01057	0.01351	0.00940	0.01409	0.00705	0.00529	0.00529	0.00176	0.00705	0.00470	0.00235	0.00587
18	0.01439	0.01299	0.02979	0.07397	0.01595	0.15742	0.02365	0.03735	0.01263	0.11068	0.01069	0.01193	0.00823	0.00474	0.00447	0.00114	0.00555	0.00370	0.00344	0.45729
19	0.00748	0.00540	0.00707	0.00665	0.00790	0.00499	0.00499	0.00998	0.01496	0.02120	0.77844	0.03949	0.04988	0.01081	0.00624	0.00166	0.00249	0.00956	0.00582	0.00499
20	0.85155	0.01022	0.00777	0.00695	0.01022	0.01186	0.00573	0.01554	0.00900	0.02372	0.00736	0.00859	0.00573	0.00491	0.00327	0.00164	0.00409	0.00286	0.00327	0.00573
21	0.01089	0.00660	0.00708	0.00648	0.00801	0.00686	0.00486	0.13206	0.01283	0.02006	0.04326	0.03384	0.02880	0.12257	0.04548	0.00223	0.00396	0.00575	0.49308	0.00531
22	0.01413	0.81739	0.02770	0.00905	0.01357	0.02092	0.00905	0.01583	0.01074	0.01244	0.00735	0.00848	0.00678	0.00452	0.00339	0.00113	0.00565	0.00283	0.00226	0.00678
23	0.00638	0.00538	0.00554	0.00556	0.00730	0.00454	0.00420	0.00781	0.01220	0.01467	0.08822	0.05059	0.72001	0.01330	0.00628	0.00180	0.00274	0.03404	0.00495	0.00450
24	0.01391	0.02131	0.50246	0.01531	0.06371	0.01152	0.07272	0.03778	0.01250	0.18033	0.01210	0.01299	0.00831	0.00532	0.00520	0.00167	0.00705	0.00445	0.00328	0.00807
25	0.01284	0.01322	0.05189	0.05223	0.65181	0.01261	0.09477	0.01624	0.01201	0.01711	0.00999	0.01316	0.00823	0.00471	0.00533	0.00160	0.00664	0.00484	0.00260	0.00815
26	0.26381	0.55214	0.02137	0.00856	0.01266	0.04235	0.00809	0.01591	0.01035	0.01581	0.00738	0.00855	0.00647	0.00467	0.00340	0.00129	0.00531	0.00286	0.00258	0.00645
27	0.03320	0.09857	0.01404	0.00979	0.01360	0.01099	0.00814	0.11253	0.12612	0.44816	0.01826	0.03341	0.01270	0.00750	0.02702	0.00180	0.00497	0.00525	0.00556	0.00839
28	0.00891	0.00725	0.00863	0.02309	0.04757	0.00726	0.00643	0.04185	0.15064	0.01839	0.22463	0.08363	0.27981	0.01103	0.00608	0.00180	0.00345	0.05876	0.00508	0.00571
29	0.00736	0.00540	0.00689	0.00652	0.00782	0.00493	0.00489	0.00973	0.01467	0.02050	0.70487	0.04065	0.12389	0.01107	0.00624	0.00168	0.00251	0.00972	0.00573	0.00493
30	0.00649	0.00464	0.00619	0.00742	0.00774	0.00434	0.00499	0.00745	0.01017	0.01355	0.02911	0.79320	0.03486	0.01652	0.00676	0.00215	0.00311	0.03211	0.00491	0.00431
31	0.01308	0.01222	0.01877	0.09463	0.53412	0.02723	0.01426	0.05396	0.11352	0.01820	0.01271	0.01548	0.02537	0.00552	0.00531	0.00163	0.00601	0.01679	0.00318	0.00801
32	0.01986	0.01295	0.01464	0.03915	0.01613	0.01391	0.00950	0.51437	0.06957	0.19752	0.01565	0.01502	0.02357	0.00653	0.00532	0.00162	0.00541	0.00507	0.00546	0.00876
33	0.78799	0.03153	0.03279	0.00736	0.01082	0.01219	0.00632	0.02982	0.00941	0.02339	0.00753	0.00874	0.00584	0.00493	0.00337	0.00162	0.00428	0.00293	0.00325	0.00588
34	0.01102	0.09789	0.67273	0.01480	0.02207	0.01318	0.04903	0.01659	0.01112	0.01629	0.00930	0.01105	0.00676	0.00503	0.00516	0.00164	0.02253	0.00392	0.00225	0.00765
35	0.01046	0.01003	0.01570	0.38111	0.12146	0.03305	0.05402	0.01315	0.01062	0.01417	0.01325	0.11281	0.03806	0.00746	0.00732	0.00185	0.12659	0.00624	0.01667	0.00599
36	0.00649	0.00506	0.00589	0.00633	0.00745	0.00446	0.00450	0.00781	0.01166	0.01488	0.13936	0.35330	0.38532	0.01432	0.00645	0.00191	0.00281	0.01250	0.00503	0.00446
37	0.82749	0.01036	0.00800	0.00710	0.01040	0.01199	0.00585	0.03719	0.00946	0.02400	0.00752	0.00871	0.00582	0.00495	0.00333	0.00163	0.00414	0.00292	0.00333	0.00582
38	0.01948	0.00992	0.01229	0.00942	0.01353	0.00904	0.00770	0.12086	0.06397	0.45254	0.01724	0.01590	0.01160	0.00598	0.00498	0.00144	0.00448	0.00480	0.02334	0.19149
39	0.02085	0.01164	0.01376	0.01049	0.01470	0.01157	0.00865	0.35582	0.01909	0.37264	0.01607	0.01493	0.01074	0.00620	0.00517	0.00153	0.00503	0.00485	0.00565	0.09061
40	0.01069	0.02682	0.75986	0.01568	0.04959	0.01229	0.01942	0.01672	0.01119	0.01676	0.00950	0.01123	0.00676	0.00501	0.00503	0.00167	0.00776	0.00393	0.00225	0.00783
41	0.00638	0.00536	0.00554	0.00550	0.00722	0.00452	0.00412	0.00785	0.01237	0.01503	0.13217	0.04964	0.70000	0.01311	0.00625	0.00177	0.00266	0.01098	0.00501	0.00452
42	0.85155	0.01022	0.00777	0.00695	0.01022	0.01186	0.00573	0.01554	0.00900	0.02372	0.00736	0.00859	0.00573	0.00491	0.00327	0.00164	0.00409	0.00286	0.00327	0.00573
43	0.00644	0.00460	0.00613	0.00736	0.00767	0.00429	0.00491	0.00736	0.01012	0.01350	0.02914	0.81076	0.03497	0.01656	0.00675	0.00215	0.00307	0.01503	0.00491	0.00429
44	0.00644	0.00460	0.00613	0.00736	0.00767	0.00429	0.00491	0.00736	0.01012	0.01350	0.02914	0.81076	0.03497	0.01656	0.00675	0.00215	0.00307	0.01503	0.00491	0.00429
45	0.02372	0.00900	0.01227	0.00941	0.01350	0.00777	0.00777	0.02576	0.01513	0.78489	0.02086	0.01799	0.01309	0.00654	0.00532	0.00164	0.00450	0.00532	0.00654	0.00900
46	0.01373	0.01165	0.01228	0.01088	0.01397	0.01342	0.00851	0.08998	0.70884	0.02306	0.02077	0.01913	0.01554	0.00710	0.00537	0.00178	0.00432	0.00587	0.00537	0.00842
47	0.00924	0.00584	0.00775	0.00726	0.00879	0.00539	0.00565	0.01168	0.01468	0.09791	0.62190	0.03946	0.04409	0.01078	0.00626	0.00174	0.00295	0.08748	0.00579	0.00538
48	0.85155	0.01022	0.00777	0.00695	0.01022	0.01186	0.00573	0.01554	0.00900	0.02372	0.00736	0.00859	0.00573	0.00491	0.00327	0.00164	0.00409	0.00286	0.00327	0.00573
49	0.00813	0.00587	0.00758	0.02349	0.00897	0.00560	0.00550	0.01120	0.05168	0.03621	0.65466	0.03872	0.07494	0.01066	0.00619	0.00170	0.00280	0.03519	0.00567	0.00523
50	0.01182	0.00944	0.01058	0.00980	0.01222	0.01045	0.00772	0.05022	0.46274	0.03972	0.15256	0.05955	0.02425	0.00911	0.00583	0.00186	0.00401	0.10554	0.00539	0.00720
51	0.01189	0.00917	0.01130	0.01171	0.06608	0.03135	0.00887	0.03027	0.21481	0.08101	0.05506	0.05949	0.04007	0.01035	0.00701	0.00203	0.06240	0.27582	0.00479	0.00654
52	0.00785	0.00547	0.00717	0.00673	0.00803	0.00504	0.00505	0.01030	0.01486	0.03963	0.74300	0.05645	0.04865	0.01083	0.00622	0.00167	0.00256	0.00958	0.00582	0.00507
53	0.01295	0.01338	0.06391	0.03148	0.73917	0.01255	0.01641	0.01625	0.01199	0.01724	0.00992	0.01298	0.00828	0.00473	0.00522	0.00158	0.00637	0.00467	0.00260	0.00834
54	0.00862	0.00565	0.00743	0.00684	0.00829	0.00518	0.00518	0.01108	0.01498	0.07453	0.72554	0.03799	0.04731	0.01051	0.00617	0.00166	0.00263	0.00926	0.00587	0.00527
55	0.00776	0.00591	0.00894	0.00860	0.00956	0.00664	0.03511	0.00945	0.00852	0.01213	0.01442	0.02269	0.01396	0.15991	0.64269	0.00771	0.01254	0.00600	0.00288	0.00457
56	0.01072	0.00922	0.01147	0.12375	0.01580	0.00764	0.00742	0.01322	0.01089	0.01667	0.00990	0.02556	0.00831	0.00438	0.00416	0.00096	0.00433	0.00360	0.02004	0.69195
57	0.01255	0.01003	0.01348	0.29792	0.04734	0.01151	0.01090	0.10570	0.21729	0.05887	0.01619	0.03761	0.01328	0.00811	0.02757	0.00199	0.00579	0.07874	0.01814	0.00697
58	0.01096	0.00940	0.01096	0.00783	0.01253	0.00705	0.00626	0.01331	0.01096	0.01723	0.00940	0.01096	0.00783	0.00392	0.00392	0.00078	0.00392	0.00313	0.00313	0.84653
59	0.01303	0.01107	0.01294	0.03042	0.10902	0.01241	0.00925	0.04948	0.56313	0.03531	0.06620	0.02024	0.02965	0.00711	0.00542	0.00175	0.00444	0.00605	0.00501	0.00807
60	0.00681	0.00538	0.00614	0.00595	0.00749	0.00470	0.00446	0.00868	0.01338	0.01744	0.38423	0.04568	0.44644	0.01221	0.00624	0.00173	0.00259	0.01043	0.00532	0.00470
61	0.18684	0.00924	0.01138	0.00892	0.01285	0.00858	0.00737	0.02375	0.01392	0.63490	0.01820	0.01614	0.01164	0.00622	0.00491	0.00164	0.00442	0.00483	0.00590	0.00835
62	0.00779	0.00550	0.00701	0.00658	0.00797	0.00500	0.00495	0.01014	0.01463	0.04163	0.67319	0.04021	0.13355	0.01099	0.00621	0.00168	0.00257	0.00963	0.00573	0.00504
63	0.00728	0.00487	0.00630	0.00716	0.00761	0.00455	0.00475	0.00812	0.01003	0.04286	0.02776	0.64860	0.05343	0.12866	0.00952	0.00254	0.00340	0.01351	0.00473	0.00433
64	0.02010	0.01481	0.01587	0.01216	0.01639	0.01639	0.01005	0.76360	0.02486	0.03332	0.01269	0.01269	0.00899	0.00635	0.00529	0.00159	0.00582	0.00476	0.00529	0.00899
65	0.01315	0.01136	0.01195	0.01076	0.01375	0.01315	0.00837	0.02809	0.77168	0.02211	0.02152	0.01972	0.01614	0.00717	0.00538	0.00179	0.00418	0.00598	0.00538	0.00837
66	0.85155	0.01022	0.00777	0.00695	0.01022	0.01186	0.00573	0.01554	0.00900	0.02372	0.00736	0.00859	0.00573	0.00491	0.00327	0.00164	0.00409	0.00286	0.00327	0.00573
67	0.01413	0.81739	0.02770	0.00905	0.01357	0.02092	0.00905	0.01583	0.01074	0.01244	0.00735	0.00848	0.00678	0.00452	0.00339	0.00113	0.00565	0.00283	0.00226	0.00678
68	0.01060	0.02735	0.78682	0.01507	0.02288	0.01228	0.01953	0.01674	0.01116	0.01674	0.00949	0.01116	0.00670	0.00502	0.00502	0.00167	0.00781	0.00391	0.00223	0.00781
69	0.00644	0.00460	0.00613	0.00736	0.00767	0.00429	0.00491	0.00736	0.01012	0.01350	0.02914	0.81076	0.03497	0.01656	0.00675	0.00215	0.00307	0.01503	0.00491	0.00429
70	0.00811	0.00569	0.00733	0.00680	0.00819	0.00529	0.00513	0.02656	0.01509	0.03985	0.72079	0.03874	0.07090	0.01069	0.00619	0.00166	0.00262	0.00940	0.00580	0.00516
71	0.01160	0.12998	0.56845	0.01511	0.02201	0.03973	0.10850	0.01679	0.01139	0.01607	0.00931	0.01113	0.00687	0.00490	0.00495	0.00161	0.00772	0.00403	0.00231	0.00754
72	0.01105	0.00937	0.01098	0.00798	0.01249	0.00729	0.00639	0.03412	0.01123	0.01743	0.00972	0.01149	0.00813	0.00573	0.04257	0.00118	0.00447	0.00330	0.00318	0.78190
73	0.01546	0.05579	0.03295	0.01105	0.01456	0.01250	0.05401	0.14070	0.35766	0.14850	0.03419	0.01878	0.02568	0.04623	0.00637	0.00185	0.00494	0.00570	0.00504	0.00801
74	0.01330	0.04283	0.04980	0.01023	0.01338	0.04701	0.00842	0.02374	0.49833	0.08224	0.08302	0.02192	0.06769	0.00754	0.00538	0.00172	0.00445	0.00622	0.00508	0.00770
75	0.36914	0.01240	0.09199	0.05700	0.17568	0.01149	0.04153	0.01753	0.02260	0.13896	0.01068	0.01195	0.00785	0.00517	0.00444	0.00164	0.00535	0.00402	0.00349	0.00711
76	0.03039	0.04981	0.01233	0.07969	0.01418	0.03445	0.00829	0.15451	0.20513	0.02045	0.04192	0.03473	0.01356	0.04943	0.02624	0.00200	0.07315	0.00547	0.13753	0.00674

[dist]
# distance from previous block
# <min> <max>
0	1

[block]
# block no. 4 follows, 46 sequences, length 48
# corresponding to MSA columns:
# 258-262,264-306
name=unknown_E
#
# <colnr> <probs for GDERKNQSTAVLIFYWHMCP>
#	G	D	E	R	K	N	Q	S	T	A	V	L	I	F	Y	W	H	M	C	P
0	0.00644	0.00460	0.00613	0.00736	0.00767	0.00429	0.00491	0.00736	0.01012	0.01350	0.02914	0.81076	0.03497	0.01656	0.00675	0.00215	0.00307	0.01503	0.00491	0.00429
1	0.26435	0.05871	0.01487	0.01129	0.01507	0.14323	0.05272	0.33637	0.01706	0.02503	0.00997	0.01082	0.00749	0.00556	0.00456	0.00155	0.00609	0.00396	0.00395	0.00733
2	0.01015	0.00944	0.01584	0.73565	0.07630	0.01159	0.01444	0.01362	0.01067	0.01390	0.00966	0.01421	0.00731	0.00528	0.00524	0.00174	0.00687	0.00471	0.02743	0.00598
3	0.85155	0.01022	0.00777	0.00695	0.01022	0.01186	0.00573	0.01554	0.00900	0.02372	0.00736	0.00859	0.00573	0.00491	0.00327	0.00164	0.00409	0.00286	0.00327	0.00573
4	0.01247	0.01402	0.02982	0.02247	0.07337	0.01347	0.67720	0.01667	0.01222	0.01674	0.01045	0.01405	0.00799	0.00472	0.00675	0.00180	0.04995	0.00606	0.00265	0.00714
5	0.00625	0.00536	0.00536	0.00536	0.00714	0.00446	0.00402	0.00759	0.01205	0.01428	0.05355	0.05088	0.77909	0.01339	0.00625	0.00179	0.00268	0.01116	0.00491	0.00446
6	0.00998	0.00940	0.01586	0.80150	0.03641	0.01175	0.01468	0.01351	0.01057	0.01351	0.00940	0.01409	0.00705	0.00529	0.00529	0.00176	0.00705	0.00470	0.00235	0.00587
7	0.01413	0.81739	0.02770	0.00905	0.01357	0.02092	0.00905	0.01583	0.01074	0.01244	0.00735	0.00848	0.00678	0.00452	0.00339	0.00113	0.00565	0.00283	0.00226	0.00678
8	0.02010	0.01481	0.01587	0.01216	0.01639	0.01639	0.01005	0.76360	0.02486	0.03332	0.01269	0.01269	0.00899	0.00635	0.00529	0.00159	0.00582	0.00476	0.00529	0.00899
9	0.01975	0.02520	0.01498	0.01362	0.01634	0.79299	0.01021	0.02111	0.01498	0.01294	0.00817	0.00953	0.00681	0.00545	0.00477	0.00136	0.00953	0.00340	0.00272	0.00613
10	0.00998	0.00940	0.01586	0.80150	0.03641	0.01175	0.01468	0.01351	0.01057	0.01351	0.00940	0.01409	0.00705	0.00529	0.00529	0.00176	0.00705	0.00470	0.00235	0.00587
11	0.04672	0.00936	0.01225	0.00939	0.01349	0.00829	0.00774	0.06294	0.01521	0.67907	0.01937	0.01704	0.01235	0.00633	0.00517	0.00158	0.00452	0.00509	0.00618	0.05788
12	0.00852	0.00608	0.00852	0.00974	0.01095	0.00608	0.00852	0.01095	0.01217	0.01582	0.02799	0.05963	0.03042	0.01460	0.00730	0.00243	0.00487	0.74565	0.00487	0.00487
13	0.00645	0.00479	0.00603	0.00701	0.00764	0.00437	0.00481	0.00750	0.01057	0.01371	0.03412	0.63605	0.18766	0.01586	0.00666	0.00208	0.00303	0.03239	0.00491	0.00434
14	0.00699	0.00505	0.00648	0.00734	0.00795	0.00477	0.00510	0.02414	0.01091	0.01447	0.07912	0.59838	0.08905	0.05690	0.00773	0.00225	0.00328	0.06077	0.00488	0.00443
15	0.02209	0.00950	0.01233	0.00964	0.01357	0.00876	0.00790	0.06881	0.09186	0.64765	0.03681	0.01832	0.01395	0.00669	0.00534	0.00165	0.00450	0.00544	0.00634	0.00885
16	0.02372	0.00900	0.01227	0.00941	0.01350	0.00777	0.00777	0.02576	0.01513	0.78489	0.02086	0.01799	0.01309	0.00654	0.00532	0.00164	0.00450	0.00532	0.00654	0.00900
17	0.01976	0.00842	0.01099	0.00872	0.01211	0.00761	0.00709	0.06783	0.01528	0.55053	0.12541	0.02084	0.01800	0.00708	0.00527	0.00159	0.00408	0.00583	0.09554	0.00800
18	0.01019	0.00786	0.01054	0.01039	0.05338	0.00784	0.05124	0.03150	0.14909	0.06054	0.18039	0.08545	0.15947	0.01065	0.00619	0.00188	0.00408	0.14824	0.00501	0.00606
19	0.01274	0.01601	0.09414	0.02117	0.02657	0.05887	0.65528	0.01716	0.01251	0.01668	0.01045	0.01372	0.00784	0.00456	0.00605	0.00175	0.00886	0.00588	0.00264	0.00713
20	0.01178	0.01412	0.09161	0.01815	0.02165	0.01396	0.40430	0.01509	0.01073	0.01530	0.00989	0.04052	0.00845	0.00663	0.01009	0.00197	0.29079	0.00576	0.00258	0.00661
21	0.01298	0.01453	0.03911	0.02150	0.16815	0.08069	0.37520	0.01623	0.01162	0.01573	0.00949	0.01298	0.00772	0.00566	0.00834	0.00182	0.18338	0.00530	0.00258	0.00700
22	0.00985	0.00493	0.00493	0.00493	0.00616	0.00493	0.00370	0.01232	0.01109	0.01971	0.01725	0.01971	0.01355	0.00616	0.00370	0.00123	0.00246	0.00493	0.84356	0.00493
23	0.01330	0.01474	0.10473	0.04376	0.54568	0.05309	0.01532	0.03987	0.08449	0.01784	0.01097	0.01333	0.00883	0.00508	0.00520	0.00160	0.00642	0.00467	0.00292	0.00816
24	0.00790	0.00553	0.00683	0.00654	0.00793	0.00509	0.00489	0.01033	0.02970	0.03988	0.52522	0.09189	0.16730	0.01117	0.00608	0.00169	0.00265	0.00974	0.05461	0.00503
25	0.00770	0.00590	0.00723	0.00715	0.00836	0.00573	0.00528	0.03761	0.03220	0.01778	0.34288	0.25205	0.19580	0.01262	0.00673	0.00185	0.03202	0.01096	0.00522	0.00495
26	0.01444	0.77401	0.02701	0.00930	0.01372	0.06320	0.00911	0.01612	0.01097	0.01247	0.00739	0.00854	0.00679	0.00457	0.00347	0.00114	0.00587	0.00286	0.00229	0.00675
27	0.00655	0.00465	0.00610	0.00722	0.00750	0.00437	0.00476	0.00739	0.00990	0.01321	0.02802	0.74142	0.03356	0.08782	0.00855	0.00241	0.00325	0.01437	0.00476	0.00420
28	0.85155	0.01022	0.00777	0.00695	0.01022	0.01186	0.00573	0.01554	0.00900	0.02372	0.00736	0.00859	0.00573	0.00491	0.00327	0.00164	0.00409	0.00286	0.00327	0.00573
29	0.00626	0.00533	0.00538	0.00543	0.00716	0.00446	0.00405	0.00758	0.01198	0.01425	0.05267	0.07851	0.75203	0.01350	0.00627	0.00180	0.00269	0.01130	0.00491	0.00446
30	0.01884	0.00811	0.01075	0.00864	0.01194	0.00719	0.00698	0.02143	0.04334	0.54830	0.18709	0.02452	0.06314	0.00787	0.00557	0.00166	0.00395	0.00658	0.00625	0.00785
31	0.10974	0.01070	0.03787	0.42131	0.14724	0.01168	0.02469	0.03432	0.01101	0.01640	0.00947	0.01298	0.00738	0.00521	0.00532	0.00164	0.03404	0.00437	0.02383	0.07081
32	0.01413	0.81739	0.02770	0.00905	0.01357	0.02092	0.00905	0.01583	0.01074	0.01244	0.00735	0.00848	0.00678	0.00452	0.00339	0.00113	0.00565	0.00283	0.00226	0.00678
33	0.01421	0.48944	0.04404	0.01060	0.03446	0.11932	0.00936	0.01830	0.13942	0.01486	0.05220	0.01241	0.01076	0.00545	0.00416	0.00133	0.00582	0.00388	0.00305	0.00694
34	0.01120	0.02412	0.63154	0.05481	0.12330	0.01219	0.01860	0.01672	0.01134	0.03404	0.00980	0.01171	0.00708	0.00503	0.00507	0.00166	0.00750	0.00408	0.00239	0.00782
35	0.02786	0.08482	0.41986	0.03026	0.10773	0.01231	0.07994	0.01771	0.01193	0.12650	0.02539	0.01294	0.00872	0.00523	0.00506	0.00162	0.00691	0.00441	0.00302	0.00778
36	0.02667	0.03245	0.42576	0.03621	0.01958	0.03238	0.02888	0.14535	0.01368	0.06429	0.02944	0.01286	0.00880	0.00583	0.00596	0.00168	0.06619	0.00438	0.03200	0.00761
37	0.00680	0.00531	0.00690	0.00734	0.00831	0.00488	0.02816	0.00838	0.02990	0.01445	0.07588	0.52297	0.23158	0.01480	0.00654	0.00200	0.00314	0.01321	0.00490	0.00457
38	0.06768	0.08785	0.39732	0.03564	0.11009	0.11876	0.02748	0.03231	0.03225	0.01677	0.00975	0.01194	0.00756	0.00523	0.00484	0.00159	0.00726	0.01572	0.00261	0.00736
39	0.01305	0.05801	0.14449	0.29674	0.18364	0.03154	0.01421	0.05561	0.05507	0.08088	0.01120	0.01355	0.00836	0.00535	0.00512	0.00165	0.00656	0.00456	0.00306	0.00733
40	0.00807	0.00686	0.00850	0.02463	0.05437	0.00693	0.00631	0.01082	0.06526	0.01673	0.23823	0.05347	0.36813	0.01130	0.00715	0.00181	0.07597	0.02545	0.00476	0.00526
41	0.00702	0.00497	0.00661	0.00767	0.00818	0.00474	0.00549	0.00815	0.01043	0.01381	0.04217	0.55966	0.04740	0.07221	0.00853	0.01870	0.00359	0.16164	0.00475	0.00431
42	0.01425	0.61662	0.06086	0.01003	0.01431	0.11696	0.02430	0.01622	0.01158	0.01331	0.05272	0.01067	0.00933	0.00503	0.00387	0.00123	0.00613	0.00341	0.00253	0.00665
43	0.04545	0.01606	0.17999	0.05045	0.17933	0.10103	0.01271	0.08341	0.06074	0.13113	0.06169	0.01492	0.01156	0.00594	0.00540	0.00163	0.02235	0.00480	0.00374	0.00767
44	0.02187	0.00859	0.01168	0.00909	0.01286	0.00745	0.00745	0.02397	0.01511	0.69805	0.10700	0.02044	0.01727	0.00703	0.00542	0.00164	0.00427	0.00580	0.00646	0.00854
45	0.00699	0.00507	0.00584	0.00612	0.00674	0.00474	0.00396	0.00773	0.00988	0.01280	0.07802	0.23593	0.21891	0.35626	0.01520	0.00330	0.00381	0.01055	0.00424	0.00392
46	0.01976	0.02987	0.03427	0.07406	0.01706	0.03578	0.00987	0.42272	0.01975	0.24493	0.01453	0.01424	0.00993	0.00622	0.00520	0.00159	0.00563	0.00482	0.02126	0.00851
47	0.01991	0.01348	0.01519	0.05785	0.01704	0.01466	0.00991	0.58338	0.04135	0.15184	0.01403	0.01380	0.00971	0.00634	0.00530	0.00161	0.00564	0.00488	0.00532	0.00879

[dist]
# distance from previous block
# <min> <max>
0	4

[block]
# block no. 5 follows, 46 sequences, length 51
# corresponding to MSA columns:
# 311-361
name=unknown_F
#
# <colnr> <probs for GDERKNQSTAVLIFYWHMCP>
#	G	D	E	R	K	N	Q	S	T	A	V	L	I	F	Y	W	H	M	C	P
0	0.61950	0.14730	0.01180	0.00780	0.01132	0.05594	0.00664	0.03071	0.01000	0.02120	0.00758	0.00878	0.00610	0.00487	0.00344	0.00151	0.00468	0.00293	0.00311	0.03481
1	0.01058	0.00623	0.00727	0.00652	0.00877	0.00533	0.00506	0.01227	0.01324	0.19790	0.16138	0.04127	0.48141	0.01136	0.00603	0.00173	0.00308	0.00952	0.00544	0.00562
2	0.01498	0.61706	0.02458	0.01021	0.01410	0.16172	0.00943	0.01658	0.01133	0.01255	0.00747	0.00889	0.00680	0.00502	0.00461	0.00125	0.06141	0.00306	0.00235	0.00660
3	0.00641	0.00538	0.00559	0.00560	0.00733	0.00456	0.00424	0.00787	0.01226	0.01482	0.10401	0.05037	0.70167	0.01325	0.00628	0.00180	0.00274	0.03634	0.00497	0.00451
4	0.00640	0.00476	0.00597	0.00693	0.00756	0.00433	0.00472	0.00741	0.01053	0.01366	0.03433	0.64910	0.19328	0.01589	0.00664	0.00207	0.00298	0.01421	0.00491	0.00433
5	0.00653	0.00485	0.00605	0.00689	0.00757	0.00443	0.00474	0.00762	0.01072	0.01395	0.06701	0.56659	0.19812	0.04304	0.00732	0.00216	0.00307	0.03013	0.00489	0.00434
6	0.01339	0.01119	0.01178	0.01046	0.01345	0.01281	0.00818	0.08949	0.65229	0.02273	0.02152	0.02004	0.03777	0.00724	0.00532	0.00175	0.00420	0.00598	0.04225	0.00815
7	0.01984	0.01468	0.01572	0.01211	0.01630	0.01628	0.00999	0.73673	0.05215	0.03291	0.01301	0.01295	0.00925	0.00638	0.00529	0.00159	0.00576	0.00480	0.00529	0.00897
8	0.85155	0.01022	0.00777	0.00695	0.01022	0.01186	0.00573	0.01554	0.00900	0.02372	0.00736	0.00859	0.00573	0.00491	0.00327	0.00164	0.00409	0.00286	0.00327	0.00573
9	0.85155	0.01022	0.00777	0.00695	0.01022	0.01186	0.00573	0.01554	0.00900	0.02372	0.00736	0.00859	0.00573	0.00491	0.00327	0.00164	0.00409	0.00286	0.00327	0.00573
10	0.00748	0.00540	0.00707	0.00665	0.00790	0.00499	0.00499	0.00998	0.01496	0.02120	0.77844	0.03949	0.04988	0.01081	0.00624	0.00166	0.00249	0.00956	0.00582	0.00499
11	0.02010	0.01481	0.01587	0.01216	0.01639	0.01639	0.01005	0.76360	0.02486	0.03332	0.01269	0.01269	0.00899	0.00635	0.00529	0.00159	0.00582	0.00476	0.00529	0.00899
12	0.00852	0.00608	0.00852	0.00974	0.01095	0.00608	0.00852	0.01095	0.01217	0.01582	0.02799	0.05963	0.03042	0.01460	0.00730	0.00243	0.00487	0.74565	0.00487	0.00487
13	0.85155	0.01022	0.00777	0.00695	0.01022	0.01186	0.00573	0.01554	0.00900	0.02372	0.00736	0.00859	0.00573	0.00491	0.00327	0.00164	0.00409	0.00286	0.00327	0.00573
14	0.01413	0.81739	0.02770	0.00905	0.01357	0.02092	0.00905	0.01583	0.01074	0.01244	0.00735	0.00848	0.00678	0.00452	0.00339	0.00113	0.00565	0.00283	0.00226	0.00678
15	0.01108	0.01052	0.01784	0.52916	0.30017	0.01203	0.01523	0.01447	0.01109	0.01484	0.00959	0.01374	0.00752	0.00508	0.00527	0.00169	0.00678	0.00470	0.00244	0.00676
16	0.01413	0.81739	0.02770	0.00905	0.01357	0.02092	0.00905	0.01583	0.01074	0.01244	0.00735	0.00848	0.00678	0.00452	0.00339	0.00113	0.00565	0.00283	0.00226	0.00678
