[name]
unknown

[dist]
# distance from previous block
# <min> <max>
11	57

[block]
# block no. 0 follows, 44 sequences, length 7
# corresponding to MSA columns:
# 77-83
name=unknown_A
#
# <colnr> <probs for GDERKNQSTAVLIFYWHMCP>
#	G	D	E	R	K	N	Q	S	T	A	V	L	I	F	Y	W	H	M	C	P
0	0.03718	0.30483	0.16479	0.01238	0.05559	0.13197	0.01141	0.06473	0.01346	0.05144	0.09278	0.01391	0.01234	0.00585	0.00466	0.00146	0.00645	0.00432	0.00325	0.00720
1	0.15007	0.50532	0.11690	0.00986	0.01467	0.04897	0.00999	0.01646	0.01103	0.01558	0.00801	0.00930	0.00687	0.00479	0.00377	0.00131	0.00590	0.00310	0.00257	0.05550
2	0.04111	0.45831	0.09096	0.01269	0.04602	0.11729	0.01118	0.04075	0.07209	0.01702	0.01111	0.01285	0.00952	0.00625	0.00490	0.00166	0.00690	0.00408	0.00340	0.03191
3	0.01515	0.17341	0.01543	0.00935	0.01361	0.01180	0.00786	0.09197	0.09287	0.14654	0.01384	0.04946	0.01107	0.00582	0.00461	0.00129	0.00469	0.00458	0.00419	0.32247
4	0.00864	0.09247	0.00861	0.00653	0.00711	0.00716	0.00423	0.00898	0.00833	0.01098	0.01594	0.03165	0.01795	0.66153	0.08449	0.00511	0.00607	0.00722	0.00317	0.00382
5	0.06610	0.09834	0.01480	0.01046	0.01400	0.01370	0.00856	0.39694	0.01876	0.12579	0.01550	0.10416	0.01319	0.06662	0.00694	0.00193	0.00532	0.00607	0.00496	0.00784
6	0.02733	0.09422	0.01009	0.00787	0.00945	0.03851	0.00582	0.03149	0.07811	0.03652	0.14220	0.20471	0.07537	0.20143	0.01107	0.00263	0.00433	0.00907	0.00447	0.00529

[dist]
# distance from previous block
# <min> <max>
7	10

[block]
# block no. 1 follows, 44 sequences, length 16
# corresponding to MSA columns:
# 95-107,115-117
name=unknown_B
#
# <colnr> <probs for GDERKNQSTAVLIFYWHMCP>
#	G	D	E	R	K	N	Q	S	T	A	V	L	I	F	Y	W	H	M	C	P
0	0.84691	0.01054	0.00801	0.00717	0.01054	0.01223	0.00590	0.01603	0.00928	0.02446	0.00759	0.00886	0.00590	0.00506	0.00337	0.00169	0.00422	0.00295	0.00337	0.00590
1	0.00792	0.00530	0.00600	0.00599	0.00604	0.00528	0.00338	0.00803	0.00826	0.01106	0.05017	0.03590	0.02120	0.77353	0.02682	0.00513	0.00517	0.00801	0.00342	0.00338
2	0.00671	0.00480	0.00639	0.00755	0.00792	0.00447	0.00507	0.00776	0.01075	0.01441	0.07615	0.75734	0.03701	0.01671	0.00693	0.00218	0.00313	0.01515	0.00512	0.00447
3	0.01798	0.03906	0.13306	0.01247	0.01713	0.01541	0.01146	0.54462	0.04023	0.02957	0.01345	0.01505	0.01006	0.00662	0.00537	0.00166	0.00609	0.03273	0.03932	0.00867
4	0.00664	0.00474	0.00633	0.00759	0.00791	0.00443	0.00506	0.00759	0.01044	0.01392	0.03005	0.80485	0.03606	0.01708	0.00696	0.00221	0.00316	0.01550	0.00506	0.00443
5	0.01093	0.02820	0.78016	0.01554	0.02360	0.01266	0.02014	0.01727	0.01151	0.01727	0.00978	0.01151	0.00691	0.00518	0.00518	0.00173	0.00806	0.00403	0.00230	0.00806
6	0.01093	0.02820	0.78016	0.01554	0.02360	0.01266	0.02014	0.01727	0.01151	0.01727	0.00978	0.01151	0.00691	0.00518	0.00518	0.00173	0.00806	0.00403	0.00230	0.00806
7	0.00646	0.00547	0.00558	0.00566	0.00740	0.00459	0.00420	0.00781	0.01230	0.01467	0.05357	0.10199	0.72373	0.01402	0.00648	0.00187	0.00279	0.01177	0.00506	0.00459
8	0.05080	0.77681	0.02767	0.00923	0.01384	0.02117	0.00918	0.01631	0.01100	0.01333	0.00758	0.00875	0.00695	0.00468	0.00349	0.00119	0.00576	0.00292	0.00238	0.00695
9	0.06887	0.02698	0.72665	0.01496	0.02269	0.01263	0.01916	0.01718	0.01136	0.01776	0.00963	0.01133	0.00684	0.00517	0.00505	0.00172	0.00779	0.00395	0.00238	0.00791
10	0.04662	0.01214	0.01413	0.01094	0.01509	0.01244	0.00901	0.37395	0.03882	0.36160	0.03728	0.01630	0.01235	0.00673	0.00543	0.00167	0.00521	0.00527	0.00598	0.00905
11	0.01368	0.30148	0.38218	0.01333	0.01957	0.03343	0.06074	0.03669	0.01216	0.06539	0.00990	0.01119	0.00751	0.00511	0.00469	0.00152	0.00711	0.00389	0.00272	0.00771
12	0.00781	0.00574	0.00825	0.00825	0.00905	0.00654	0.00618	0.00941	0.00861	0.01228	0.01507	0.02401	0.01476	0.18050	0.64872	0.00813	0.01291	0.00622	0.00299	0.00458
13	0.49403	0.01436	0.06133	0.04317	0.01417	0.15009	0.00852	0.01794	0.01117	0.09419	0.00931	0.01052	0.00702	0.00554	0.00467	0.00167	0.03889	0.00353	0.00345	0.00646
14	0.00776	0.00580	0.00686	0.00735	0.00821	0.00564	0.00502	0.03517	0.06055	0.01481	0.03139	0.46153	0.16506	0.14639	0.01016	0.00261	0.00362	0.01254	0.00482	0.00472
15	0.04602	0.17263	0.13633	0.00969	0.01303	0.03455	0.04276	0.01420	0.02885	0.06256	0.10492	0.03923	0.07672	0.18444	0.01012	0.00241	0.00549	0.00636	0.00367	0.00602

[dist]
# distance from previous block
# <min> <max>
0	2

[block]
# block no. 2 follows, 44 sequences, length 12
# corresponding to MSA columns:
# 120-131
name=unknown_C
#
# <colnr> <probs for GDERKNQSTAVLIFYWHMCP>
#	G	D	E	R	K	N	Q	S	T	A	V	L	I	F	Y	W	H	M	C	P
0	0.07894	0.02465	0.00741	0.00682	0.00858	0.00630	0.00509	0.01096	0.03796	0.06487	0.12959	0.16098	0.33639	0.06774	0.02765	0.00226	0.00365	0.01006	0.00492	0.00516
1	0.04300	0.04706	0.01162	0.00835	0.01218	0.00833	0.00671	0.03379	0.01239	0.09618	0.11326	0.03989	0.01540	0.02537	0.00558	0.00129	0.02865	0.00489	0.00401	0.48206
2	0.06349	0.13964	0.22651	0.01816	0.22008	0.03535	0.04362	0.01855	0.09587	0.05007	0.03106	0.01358	0.00990	0.00546	0.00500	0.00162	0.00645	0.00455	0.00316	0.00788
3	0.04721	0.12430	0.04839	0.00868	0.01237	0.01009	0.00743	0.09197	0.01323	0.05638	0.08676	0.08742	0.08147	0.03064	0.00558	0.00150	0.00444	0.00604	0.00405	0.27205
4	0.05621	0.09076	0.23596	0.01314	0.08078	0.04207	0.03058	0.04383	0.06610	0.01854	0.15819	0.07320	0.01891	0.04098	0.00631	0.00184	0.00576	0.00623	0.00372	0.00688
5	0.27620	0.02535	0.06839	0.01506	0.17245	0.02760	0.04148	0.07563	0.03484	0.03363	0.05598	0.03557	0.01201	0.00695	0.01780	0.00182	0.03111	0.03165	0.00361	0.03288
6	0.27013	0.07514	0.18450	0.01350	0.11365	0.01212	0.02898	0.01681	0.01143	0.10174	0.05049	0.05066	0.01126	0.00623	0.00515	0.00170	0.03110	0.00480	0.00350	0.00711
7	0.11496	0.10337	0.08973	0.06018	0.16345	0.06632	0.01127	0.14111	0.04616	0.02030	0.04123	0.01725	0.08948	0.00652	0.00505	0.00162	0.00586	0.00517	0.00364	0.00732
8	0.09495	0.07446	0.15434	0.09815	0.14446	0.04966	0.01250	0.11082	0.05995	0.05654	0.03386	0.01413	0.01003	0.02462	0.00553	0.00170	0.00622	0.00459	0.00349	0.03999
9	0.09068	0.04348	0.15947	0.10149	0.35184	0.07126	0.01481	0.04795	0.01241	0.01791	0.00995	0.01299	0.00810	0.02847	0.00573	0.00174	0.00682	0.00445	0.00279	0.00765
10	0.05737	0.01372	0.09240	0.08579	0.42918	0.04043	0.01433	0.01656	0.03628	0.03492	0.04785	0.01568	0.03322	0.00579	0.00571	0.00167	0.03174	0.00507	0.00309	0.02920
11	0.11157	0.01502	0.07415	0.01871	0.27623	0.13576	0.01206	0.05870	0.01380	0.15197	0.03800	0.01394	0.01027	0.00563	0.00507	0.00158	0.00629	0.00458	0.00376	0.04290

[dist]
# distance from previous block
# <min> <max>
60	143

[block]
# block no. 3 follows, 44 sequences, length 52
# corresponding to MSA columns:
# 413-464
name=unknown_D
#
# <colnr> <probs for GDERKNQSTAVLIFYWHMCP>
#	G	D	E	R	K	N	Q	S	T	A	V	L	I	F	Y	W	H	M	C	P
0	0.14158	0.18826	0.33766	0.01127	0.01652	0.01325	0.01262	0.03700	0.01208	0.01860	0.13112	0.03182	0.01456	0.00629	0.00478	0.00161	0.00595	0.00482	0.00322	0.00699
1	0.12671	0.09748	0.42914	0.01465	0.03553	0.02833	0.10810	0.03660	0.01195	0.01842	0.03821	0.01243	0.00873	0.00530	0.00498	0.00167	0.00720	0.00433	0.00275	0.00747
2	0.03725	0.19388	0.36552	0.01187	0.01711	0.01304	0.01325	0.05851	0.01210	0.03222	0.03235	0.14543	0.01345	0.02419	0.00558	0.00175	0.00624	0.00598	0.00319	0.00707
3	0.03029	0.03689	0.10525	0.01207	0.04805	0.02266	0.06203	0.16086	0.02978	0.08695	0.04078	0.09042	0.13545	0.00824	0.00605	0.00170	0.03519	0.00685	0.00432	0.07618
4	0.00853	0.01125	0.18653	0.00919	0.01184	0.03036	0.00869	0.01129	0.01252	0.01716	0.26269	0.21524	0.09746	0.05996	0.00756	0.00208	0.00447	0.03314	0.00454	0.00552
5	0.17729	0.42477	0.01902	0.02504	0.03705	0.01547	0.00798	0.01507	0.01121	0.04897	0.01730	0.01771	0.15144	0.00658	0.00422	0.00145	0.00493	0.00476	0.00326	0.00646
6	0.04184	0.13888	0.44020	0.03536	0.01959	0.01294	0.01482	0.03584	0.01157	0.01711	0.00966	0.01153	0.00744	0.00651	0.03872	0.00180	0.00714	0.00382	0.00261	0.14261
7	0.03253	0.24133	0.03354	0.01005	0.01421	0.04567	0.00873	0.07486	0.16320	0.14860	0.01388	0.01389	0.01052	0.00656	0.02401	0.00159	0.00544	0.00432	0.00416	0.14292
8	0.04805	0.15110	0.62777	0.01419	0.02151	0.01405	0.01781	0.01706	0.01134	0.01688	0.00934	0.01096	0.00688	0.00509	0.00484	0.00164	0.00754	0.00381	0.00235	0.00780
9	0.00776	0.00549	0.00696	0.00692	0.00750	0.00564	0.00469	0.00883	0.00970	0.01335	0.14691	0.05258	0.05676	0.40203	0.23627	0.00543	0.00728	0.00802	0.00378	0.00414
10	0.01171	0.03095	0.01165	0.01010	0.01189	0.05762	0.00800	0.16684	0.01269	0.01717	0.01338	0.01872	0.01203	0.06559	0.47030	0.00605	0.06051	0.00546	0.00341	0.00593
11	0.02324	0.01027	0.05681	0.00996	0.01432	0.00821	0.00864	0.02560	0.01536	0.71432	0.04060	0.01873	0.01412	0.00677	0.00549	0.00169	0.00478	0.00551	0.00647	0.00910
12	0.00947	0.00473	0.00710	0.00710	0.00710	0.00473	0.00473	0.00710	0.00710	0.00947	0.00947	0.01657	0.00947	0.01894	0.02131	0.84138	0.00473	0.00473	0.00237	0.00237
13	0.04270	0.01935	0.01515	0.06233	0.06302	0.43440	0.01071	0.09433	0.05959	0.01668	0.01086	0.04636	0.00932	0.00728	0.02225	0.00176	0.06924	0.00463	0.00330	0.00673
14	0.01141	0.08023	0.61662	0.01426	0.02120	0.01284	0.01753	0.06064	0.01224	0.01770	0.01154	0.07829	0.00951	0.00623	0.00523	0.00172	0.00737	0.00497	0.00273	0.00775
15	0.00695	0.00497	0.00668	0.00794	0.00840	0.00469	0.00560	0.00813	0.01074	0.01426	0.02988	0.69766	0.03538	0.01679	0.00704	0.00226	0.00343	0.11964	0.00505	0.00451
16	0.01030	0.00969	0.01635	0.79530	0.03755	0.01211	0.01514	0.01393	0.01090	0.01393	0.00969	0.01453	0.00727	0.00545	0.00545	0.00182	0.00727	0.00484	0.00242	0.00606
17	0.00664	0.00474	0.00633	0.00759	0.00791	0.00443	0.00506	0.00759	0.01044	0.01392	0.03005	0.80485	0.03606	0.01708	0.00696	0.00221	0.00316	0.01550	0.00506	0.00443
18	0.01193	0.01193	0.01670	0.01431	0.01431	0.01670	0.01193	0.01312	0.00835	0.01312	0.00716	0.01193	0.00716	0.00954	0.01789	0.00239	0.79843	0.00477	0.00239	0.00596
19	0.01151	0.00985	0.01152	0.00830	0.01303	0.00766	0.00665	0.02881	0.01153	0.01800	0.00971	0.01135	0.00808	0.00420	0.00436	0.00086	0.02074	0.00330	0.00326	0.80728
20	0.00729	0.00526	0.00681	0.00784	0.00836	0.00506	0.00532	0.03436	0.02710	0.01483	0.02928	0.76024	0.03470	0.01650	0.00688	0.00219	0.00329	0.01493	0.00508	0.00469
21	0.00661	0.00486	0.00620	0.00728	0.00783	0.00445	0.00492	0.00763	0.01074	0.01404	0.03385	0.69116	0.14729	0.01659	0.00688	0.00216	0.00310	0.01490	0.00506	0.00445
22	0.00823	0.00602	0.00803	0.00896	0.01025	0.00583	0.00757	0.01049	0.01267	0.01642	0.09671	0.09805	0.14489	0.01464	0.00724	0.00233	0.00437	0.52726	0.00511	0.00494
23	0.02851	0.01283	0.02163	0.05069	0.68997	0.01297	0.03758	0.01716	0.04264	0.01803	0.01070	0.01375	0.00886	0.00497	0.00540	0.00164	0.00645	0.00492	0.00282	0.00848
24	0.02130	0.01377	0.01536	0.01184	0.01612	0.01476	0.00976	0.56269	0.05120	0.20326	0.01535	0.01461	0.01051	0.00662	0.00546	0.00166	0.00563	0.00509	0.00575	0.00925
25	0.00688	0.00565	0.00613	0.00634	0.00807	0.00491	0.00497	0.00848	0.01252	0.01517	0.06715	0.05377	0.62674	0.01396	0.00663	0.00195	0.00315	0.13776	0.00508	0.00469
26	0.00988	0.00801	0.01205	0.17797	0.01691	0.00948	0.03714	0.05936	0.01066	0.01523	0.01302	0.01832	0.01131	0.02418	0.40950	0.00539	0.07252	0.00544	0.07804	0.00560
27	0.01254	0.01040	0.01684	0.52282	0.10151	0.01238	0.02832	0.02888	0.01157	0.09666	0.01082	0.01455	0.00811	0.00599	0.00686	0.00184	0.09528	0.00494	0.00297	0.00672
28	0.00664	0.00474	0.00633	0.00759	0.00791	0.00443	0.00506	0.00759	0.01044	0.01392	0.03005	0.80485	0.03606	0.01708	0.00696	0.00221	0.00316	0.01550	0.00506	0.00443
29	0.66394	0.03727	0.01121	0.01182	0.14049	0.02611	0.00793	0.01626	0.00998	0.02276	0.00806	0.00966	0.00642	0.00502	0.00375	0.00165	0.00475	0.00328	0.00322	0.00641
30	0.00793	0.00529	0.00595	0.00595	0.00595	0.00529	0.00330	0.00793	0.00793	0.01057	0.01718	0.03568	0.01982	0.80840	0.02775	0.00529	0.00529	0.00793	0.00330	0.00330
31	0.01352	0.01319	0.02050	0.02988	0.65635	0.05317	0.01538	0.03147	0.01277	0.01763	0.01306	0.01577	0.05768	0.00559	0.00566	0.00164	0.02040	0.00521	0.00291	0.00822
32	0.01119	0.02651	0.69016	0.01689	0.05679	0.01276	0.07583	0.01726	0.01165	0.01730	0.00990	0.01184	0.00709	0.00512	0.00528	0.00173	0.00807	0.00425	0.00235	0.00803
33	0.01130	0.00969	0.01130	0.00807	0.01292	0.00727	0.00646	0.01373	0.01130	0.01776	0.00969	0.01130	0.00807	0.00404	0.00404	0.00081	0.00404	0.00323	0.00323	0.84173
34	0.01356	0.01171	0.01233	0.01109	0.01418	0.01356	0.00863	0.02897	0.76455	0.02281	0.02219	0.02034	0.01664	0.00740	0.00555	0.00185	0.00431	0.00616	0.00555	0.00863
35	0.01173	0.01142	0.07578	0.01029	0.06046	0.00808	0.00826	0.01452	0.01150	0.03660	0.01003	0.01164	0.00815	0.00425	0.00425	0.00096	0.00454	0.00345	0.00321	0.70090
36	0.00651	0.00553	0.00562	0.00559	0.00741	0.00463	0.00420	0.00796	0.01259	0.01511	0.09336	0.05184	0.73381	0.01367	0.00644	0.00183	0.00275	0.01142	0.00511	0.00463
37	0.01287	0.01471	0.03217	0.02298	0.02849	0.01379	0.75460	0.01746	0.01287	0.01746	0.01103	0.01471	0.00827	0.00460	0.00643	0.00184	0.00919	0.00643	0.00276	0.00735
38	0.01321	0.01283	0.02240	0.09045	0.66604	0.01295	0.06857	0.01657	0.01233	0.01749	0.01027	0.01366	0.00851	0.00488	0.00547	0.00165	0.00673	0.00497	0.00268	0.00835
39	0.02312	0.00971	0.01278	0.01000	0.01406	0.00883	0.00827	0.08957	0.03326	0.65887	0.02115	0.02022	0.01407	0.00715	0.00558	0.00173	0.00477	0.04130	0.00652	0.00905
40	0.01047	0.00538	0.00541	0.00530	0.00666	0.00542	0.00400	0.03428	0.01184	0.02073	0.01765	0.02012	0.01384	0.00636	0.00386	0.00128	0.00264	0.00508	0.81449	0.00520
41	0.00693	0.00546	0.00576	0.00573	0.00703	0.00482	0.00398	0.00802	0.01140	0.01407	0.09265	0.04711	0.51922	0.23002	0.01224	0.00277	0.00344	0.01042	0.00465	0.00428
42	0.01245	0.01074	0.01189	0.00873	0.01341	0.03358	0.00698	0.07602	0.03427	0.01914	0.01029	0.01166	0.00839	0.00439	0.00423	0.00093	0.00440	0.00346	0.00347	0.72158
43	0.02053	0.00847	0.01132	0.00898	0.01260	0.00733	0.00730	0.02261	0.01514	0.60272	0.10928	0.04420	0.07465	0.00800	0.00568	0.00170	0.00422	0.00665	0.00643	0.02220
44	0.11104	0.00941	0.01216	0.00943	0.01356	0.00846	0.00779	0.02546	0.01494	0.69883	0.02004	0.01753	0.01270	0.00657	0.00526	0.00169	0.00459	0.00522	0.00639	0.00892
45	0.02436	0.00944	0.01275	0.00978	0.01400	0.00825	0.00808	0.04606	0.01587	0.75831	0.02128	0.01841	0.01338	0.00674	0.00548	0.00169	0.00468	0.00547	0.00671	0.00928
46	0.01134	0.01102	0.01540	0.01336	0.01345	0.01519	0.01100	0.01253	0.00836	0.01294	0.00837	0.01406	0.00842	0.05532	0.08796	0.00312	0.68490	0.00504	0.00248	0.00572
47	0.01273	0.01440	0.03090	0.05171	0.02821	0.01385	0.69426	0.01714	0.01260	0.01714	0.01081	0.01458	0.00819	0.00484	0.00690	0.00186	0.04362	0.00630	0.00273	0.00724
48	0.84691	0.01054	0.00801	0.00717	0.01054	0.01223	0.00590	0.01603	0.00928	0.02446	0.00759	0.00886	0.00590	0.00506	0.00337	0.00169	0.00422	0.00295	0.00337	0.00590
49	0.01349	0.01295	0.02213	0.03346	0.77440	0.01295	0.01673	0.01673	0.01241	0.01781	0.01025	0.01349	0.00864	0.00486	0.00540	0.00162	0.00648	0.00486	0.00270	0.00864
50	0.01433	0.78335	0.02782	0.00924	0.01379	0.02099	0.00918	0.01611	0.01123	0.01314	0.03443	0.00987	0.00856	0.00489	0.00360	0.00119	0.00572	0.00316	0.00246	0.00693
51	0.00814	0.00591	0.00756	0.00702	0.00843	0.00554	0.00530	0.03644	0.01571	0.02211	0.72570	0.04007	0.06923	0.01105	0.00640	0.00172	0.00270	0.00973	0.00596	0.00527

[dist]
# distance from previous block
# <min> <max>
0	7

[block]
# block no. 4 follows, 44 sequences, length 34
# corresponding to MSA columns:
# 472-505
name=unknown_E
#
# <colnr> <probs for GDERKNQSTAVLIFYWHMCP>
#	G	D	E	R	K	N	Q	S	T	A	V	L	I	F	Y	W	H	M	C	P
0	0.00689	0.00554	0.00614	0.00599	0.00764	0.00479	0.00449	0.00868	0.01347	0.01721	0.30452	0.04838	0.52134	0.01288	0.00644	0.00180	0.00270	0.01093	0.00539	0.00479
1	0.78842	0.01019	0.00784	0.00705	0.01032	0.01170	0.00578	0.01545	0.00950	0.02378	0.01091	0.01189	0.05923	0.00567	0.00359	0.00170	0.00412	0.00355	0.00349	0.00581
2	0.02331	0.00900	0.01219	0.00944	0.01336	0.00782	0.00769	0.02527	0.01507	0.72475	0.02121	0.01975	0.01394	0.06254	0.00703	0.00194	0.00468	0.00565	0.00651	0.00886
3	0.02322	0.00938	0.01237	0.00957	0.01359	0.00840	0.00788	0.07397	0.01598	0.67612	0.02069	0.01832	0.01325	0.00671	0.00536	0.00165	0.00458	0.00542	0.06456	0.00899
4	0.01099	0.02779	0.75747	0.01576	0.02374	0.01270	0.04242	0.01727	0.01155	0.01727	0.00982	0.01161	0.00695	0.00516	0.00522	0.00173	0.00809	0.00410	0.00232	0.00804
5	0.01356	0.01171	0.01233	0.01109	0.01418	0.01356	0.00863	0.02897	0.76455	0.02281	0.02219	0.02034	0.01664	0.00740	0.00555	0.00185	0.00431	0.00616	0.00555	0.00863
6	0.84691	0.01054	0.00801	0.00717	0.01054	0.01223	0.00590	0.01603	0.00928	0.02446	0.00759	0.00886	0.00590	0.00506	0.00337	0.00169	0.00422	0.00295	0.00337	0.00590
7	0.02072	0.01527	0.01636	0.01254	0.01691	0.01691	0.01036	0.75622	0.02563	0.03436	0.01309	0.01309	0.00927	0.00654	0.00545	0.00164	0.00600	0.00491	0.00545	0.00927
8	0.84691	0.01054	0.00801	0.00717	0.01054	0.01223	0.00590	0.01603	0.00928	0.02446	0.00759	0.00886	0.00590	0.00506	0.00337	0.00169	0.00422	0.00295	0.00337	0.00590
9	0.01349	0.01295	0.02213	0.03346	0.77440	0.01295	0.01673	0.01673	0.01241	0.01781	0.01025	0.01349	0.00864	0.00486	0.00540	0.00162	0.00648	0.00486	0.00270	0.00864
10	0.01356	0.01171	0.01233	0.01109	0.01418	0.01356	0.00863	0.02897	0.76455	0.02281	0.02219	0.02034	0.01664	0.00740	0.00555	0.00185	0.00431	0.00616	0.00555	0.00863
11	0.00664	0.00474	0.00633	0.00759	0.00791	0.00443	0.00506	0.00759	0.01044	0.01392	0.03005	0.80485	0.03606	0.01708	0.00696	0.00221	0.00316	0.01550	0.00506	0.00443
12	0.02446	0.00928	0.01265	0.00970	0.01392	0.00801	0.00801	0.02657	0.01560	0.77817	0.02151	0.01856	0.01350	0.00675	0.00548	0.00169	0.00464	0.00548	0.00675	0.00928
13	0.00787	0.00526	0.00596	0.00602	0.00603	0.00525	0.00338	0.00791	0.00803	0.01071	0.01772	0.06818	0.02051	0.77497	0.02687	0.00516	0.00520	0.00825	0.00338	0.00335
14	0.81587	0.01050	0.00819	0.00726	0.01067	0.01207	0.00598	0.01642	0.00952	0.05291	0.00812	0.00922	0.00619	0.00512	0.00345	0.00169	0.00423	0.00305	0.00350	0.00603
15	0.00664	0.00474	0.00633	0.00759	0.00791	0.00443	0.00506	0.00759	0.01044	0.01392	0.03005	0.80485	0.03606	0.01708	0.00696	0.00221	0.00316	0.01550	0.00506	0.00443
16	0.01130	0.00969	0.01130	0.00807	0.01292	0.00727	0.00646	0.01373	0.01130	0.01776	0.00969	0.01130	0.00807	0.00404	0.00404	0.00081	0.00404	0.00323	0.00323	0.84173
17	0.00644	0.00552	0.00552	0.00552	0.00736	0.00460	0.00414	0.00782	0.01243	0.01473	0.05523	0.05247	0.77218	0.01381	0.00644	0.00184	0.00276	0.01151	0.00506	0.00460
18	0.00681	0.00483	0.00635	0.00751	0.00782	0.00455	0.00500	0.00772	0.01026	0.01368	0.02885	0.71621	0.03447	0.08862	0.00885	0.00250	0.00340	0.03332	0.00490	0.00434
19	0.01287	0.01471	0.03217	0.02298	0.02849	0.01379	0.75460	0.01746	0.01287	0.01746	0.01103	0.01471	0.00827	0.00460	0.00643	0.00184	0.00919	0.00643	0.00276	0.00735
20	0.01030	0.00969	0.01635	0.79530	0.03755	0.01211	0.01514	0.01393	0.01090	0.01393	0.00969	0.01453	0.00727	0.00545	0.00545	0.00182	0.00727	0.00484	0.00242	0.00606
21	0.00670	0.00479	0.00629	0.00746	0.00780	0.00447	0.00495	0.00761	0.01038	0.01379	0.03016	0.74859	0.05583	0.05329	0.00790	0.00234	0.00325	0.01504	0.00498	0.00438
22	0.00664	0.00474	0.00633	0.00759	0.00791	0.00443	0.00506	0.00759	0.01044	0.01392	0.03005	0.80485	0.03606	0.01708	0.00696	0.00221	0.00316	0.01550	0.00506	0.00443
23	0.01165	0.16907	0.62345	0.01463	0.02200	0.01430	0.03901	0.01710	0.01147	0.01647	0.00942	0.01110	0.00696	0.00507	0.00491	0.00163	0.00769	0.00390	0.00232	0.00785
24	0.01093	0.02820	0.78016	0.01554	0.02360	0.01266	0.02014	0.01727	0.01151	0.01727	0.00978	0.01151	0.00691	0.00518	0.00518	0.00173	0.00806	0.00403	0.00230	0.00806
25	0.01062	0.01032	0.01834	0.69841	0.03641	0.01232	0.10791	0.01437	0.01115	0.01437	0.00986	0.01456	0.00739	0.00534	0.00557	0.00182	0.00751	0.00504	0.00246	0.00622
26	0.01256	0.09683	0.64228	0.01538	0.02260	0.01381	0.01859	0.01762	0.01222	0.01792	0.01144	0.01406	0.00885	0.00863	0.06007	0.00244	0.00875	0.00456	0.00288	0.00848
27	0.01349	0.01295	0.02213	0.03346	0.77440	0.01295	0.01673	0.01673	0.01241	0.01781	0.01025	0.01349	0.00864	0.00486	0.00540	0.00162	0.00648	0.00486	0.00270	0.00864
28	0.01847	0.06255	0.04145	0.00943	0.01302	0.00900	0.00799	0.03940	0.06907	0.44977	0.16525	0.05335	0.02117	0.00786	0.00559	0.00169	0.00440	0.00654	0.00596	0.00804
29	0.19040	0.02928	0.12370	0.01057	0.02900	0.01078	0.00947	0.03515	0.14376	0.25047	0.05737	0.04145	0.01435	0.00695	0.00511	0.00174	0.00493	0.02292	0.00485	0.00775
30	0.03814	0.01385	0.04970	0.36157	0.25080	0.12660	0.01457	0.01643	0.03020	0.01572	0.01031	0.01435	0.00831	0.00552	0.00533	0.00170	0.00723	0.01994	0.00271	0.00698
31	0.00940	0.00769	0.01161	0.01106	0.03072	0.00746	0.10093	0.04981	0.03546	0.01722	0.08477	0.27764	0.06149	0.01320	0.02391	0.00222	0.00490	0.20493	0.00469	0.04088
32	0.00881	0.00684	0.00829	0.00820	0.00916	0.02179	0.00594	0.05888	0.01172	0.01584	0.12279	0.32021	0.06944	0.14160	0.06823	0.00303	0.06056	0.02815	0.00450	0.02603
33	0.01375	0.04854	0.25619	0.03306	0.04219	0.01197	0.11716	0.04997	0.07901	0.12295	0.05984	0.01572	0.01192	0.00630	0.00622	0.01981	0.03634	0.00515	0.00371	0.06017

[dist]
# distance from previous block
# <min> <max>
3	9

[block]
# block no. 5 follows, 44 sequences, length 121
# corresponding to MSA columns:
# 517-637
name=unknown_F
#
# <colnr> <probs for GDERKNQSTAVLIFYWHMCP>
#	G	D	E	R	K	N	Q	S	T	A	V	L	I	F	Y	W	H	M	C	P
0	0.03350	0.05772	0.15389	0.11652	0.49844	0.01325	0.01648	0.01646	0.01193	0.01717	0.00990	0.01290	0.00802	0.00498	0.00521	0.00164	0.00675	0.00456	0.00259	0.00808
1	0.07466	0.02810	0.00986	0.04994	0.01157	0.04510	0.00684	0.08261	0.01280	0.03978	0.18687	0.02668	0.08209	0.10098	0.21436	0.00393	0.00724	0.00686	0.00417	0.00556
2	0.03659	0.01046	0.01268	0.01003	0.01369	0.01032	0.00810	0.22664	0.04229	0.41972	0.05959	0.03868	0.01533	0.06167	0.00704	0.00194	0.00489	0.00595	0.00597	0.00844
3	0.05638	0.01160	0.05032	0.08680	0.03857	0.01032	0.05098	0.10478	0.05149	0.15281	0.01317	0.01473	0.00986	0.00550	0.00493	0.00141	0.00528	0.01959	0.00410	0.30738
4	0.21493	0.10380	0.12724	0.07250	0.20873	0.01332	0.01213	0.01789	0.09764	0.04474	0.01147	0.03338	0.00924	0.00565	0.00473	0.00166	0.00575	0.00451	0.00327	0.00743
5	0.66492	0.01134	0.00926	0.00801	0.01141	0.03166	0.00656	0.12328	0.01191	0.02541	0.00892	0.01007	0.00682	0.00535	0.00374	0.00165	0.00453	0.00336	0.04544	0.00636
6	0.00867	0.00686	0.00866	0.00789	0.00974	0.00632	0.00584	0.01036	0.01102	0.01585	0.13850	0.24109	0.04166	0.08335	0.09616	0.00273	0.04377	0.00866	0.00415	0.24873
7	0.00675	0.00484	0.00643	0.00766	0.00807	0.00453	0.00523	0.00778	0.01059	0.01406	0.03062	0.74830	0.05427	0.01690	0.00697	0.00222	0.00325	0.05201	0.00506	0.00446
8	0.01030	0.00969	0.01635	0.79530	0.03755	0.01211	0.01514	0.01393	0.01090	0.01393	0.00969	0.01453	0.00727	0.00545	0.00545	0.00182	0.00727	0.00484	0.00242	0.00606
9	0.02435	0.00945	0.01276	0.00978	0.01400	0.00827	0.00808	0.04757	0.01589	0.75676	0.02127	0.01840	0.01337	0.00674	0.00548	0.00169	0.00468	0.00547	0.00671	0.00928
10	0.00664	0.00474	0.00633	0.00759	0.00791	0.00443	0.00506	0.00759	0.01044	0.01392	0.03005	0.80485	0.03606	0.01708	0.00696	0.00221	0.00316	0.01550	0.00506	0.00443
11	0.00649	0.00552	0.00558	0.00557	0.00739	0.00462	0.00418	0.00791	0.01253	0.01496	0.07884	0.05208	0.74843	0.01372	0.00644	0.00184	0.00276	0.01145	0.00509	0.00462
12	0.00664	0.00538	0.00590	0.00610	0.00757	0.00464	0.00445	0.00809	0.01242	0.01548	0.14133	0.19860	0.53613	0.01411	0.00654	0.00190	0.00282	0.01208	0.00518	0.00464
13	0.01435	0.01153	0.01235	0.01099	0.01416	0.01316	0.00858	0.02880	0.71019	0.07763	0.02214	0.02021	0.01641	0.00735	0.00554	0.00184	0.00434	0.00611	0.00563	0.00868
14	0.01130	0.00969	0.01130	0.00807	0.01292	0.00727	0.00646	0.01373	0.01130	0.01776	0.00969	0.01130	0.00807	0.00404	0.00404	0.00081	0.00404	0.00323	0.00323	0.84173
15	0.01356	0.01171	0.01233	0.01109	0.01418	0.01356	0.00863	0.02897	0.76455	0.02281	0.02219	0.02034	0.01664	0.00740	0.00555	0.00185	0.00431	0.00616	0.00555	0.00863
16	0.01030	0.00969	0.01635	0.79530	0.03755	0.01211	0.01514	0.01393	0.01090	0.01393	0.00969	0.01453	0.00727	0.00545	0.00545	0.00182	0.00727	0.00484	0.00242	0.00606
17	0.01093	0.02820	0.78016	0.01554	0.02360	0.01266	0.02014	0.01727	0.01151	0.01727	0.00978	0.01151	0.00691	0.00518	0.00518	0.00173	0.00806	0.00403	0.00230	0.00806
18	0.00664	0.00474	0.00633	0.00759	0.00791	0.00443	0.00506	0.00759	0.01044	0.01392	0.03005	0.80485	0.03606	0.01708	0.00696	0.00221	0.00316	0.01550	0.00506	0.00443
19	0.02410	0.00953	0.01277	0.00982	0.01402	0.00843	0.00810	0.05067	0.03251	0.73693	0.02125	0.01842	0.01343	0.00676	0.00548	0.00169	0.00468	0.00548	0.00668	0.00926
20	0.00777	0.00618	0.00921	0.01163	0.11785	0.00588	0.02532	0.00915	0.01082	0.01458	0.02726	0.65706	0.04629	0.01496	0.00671	0.00211	0.00378	0.01367	0.00467	0.00511
21	0.01287	0.01471	0.03217	0.02298	0.02849	0.01379	0.75460	0.01746	0.01287	0.01746	0.01103	0.01471	0.00827	0.00460	0.00643	0.00184	0.00919	0.00643	0.00276	0.00735
22	0.00772	0.00557	0.00729	0.00686	0.00814	0.00514	0.00514	0.01029	0.01543	0.02186	0.77152	0.04072	0.05144	0.01115	0.00643	0.00171	0.00257	0.00986	0.00600	0.00514
23	0.01430	0.01072	0.01155	0.01011	0.01297	0.01210	0.00796	0.11367	0.46527	0.06368	0.01974	0.01911	0.01478	0.00712	0.00555	0.00172	0.02744	0.00572	0.16851	0.00797
24	0.01427	0.74676	0.09085	0.00984	0.01479	0.02083	0.01022	0.01640	0.01111	0.01319	0.00776	0.00897	0.00699	0.00471	0.00364	0.00121	0.00601	0.00301	0.00233	0.00708
25	0.01193	0.01193	0.01670	0.01431	0.01431	0.01670	0.01193	0.01312	0.00835	0.01312	0.00716	0.01193	0.00716	0.00954	0.01789	0.00239	0.79843	0.00477	0.00239	0.00596
26	0.00664	0.00476	0.00630	0.00754	0.00789	0.00443	0.00504	0.00760	0.01049	0.01394	0.03071	0.78507	0.05540	0.01699	0.00694	0.00220	0.00315	0.01539	0.00506	0.00443
27	0.01320	0.01327	0.04593	0.03185	0.71062	0.01273	0.03478	0.01652	0.01240	0.01770	0.01152	0.01455	0.02997	0.00511	0.00545	0.00163	0.00649	0.00506	0.00275	0.00847
28	0.03132	0.07311	0.41031	0.01474	0.06035	0.09943	0.03428	0.01961	0.01282	0.17574	0.01195	0.01275	0.00841	0.00549	0.00511	0.00164	0.00727	0.00429	0.00334	0.00802
29	0.03387	0.00788	0.01041	0.00849	0.01153	0.00699	0.00677	0.01998	0.01499	0.47468	0.25228	0.02693	0.04712	0.04464	0.00677	0.00186	0.00397	0.00706	0.00625	0.00754
30	0.02428	0.00957	0.01283	0.00984	0.01406	0.00845	0.00813	0.06256	0.01610	0.74148	0.02109	0.01829	0.01329	0.00674	0.00548	0.00168	0.00471	0.00545	0.00668	0.00928
31	0.01288	0.01253	0.03513	0.10810	0.61609	0.01256	0.01577	0.01667	0.04582	0.01741	0.01127	0.01538	0.00956	0.02635	0.00603	0.00177	0.00643	0.01924	0.00285	0.00815
32	0.17792	0.12749	0.01219	0.00882	0.01069	0.10618	0.00689	0.01333	0.01006	0.01510	0.03261	0.04130	0.01296	0.21839	0.08220	0.00323	0.08599	0.00535	0.02405	0.00527
33	0.01050	0.00817	0.00910	0.00872	0.01071	0.00854	0.00652	0.08968	0.23885	0.03658	0.03153	0.30006	0.19489	0.01213	0.00623	0.00195	0.00374	0.01049	0.00529	0.00633
34	0.17439	0.16986	0.01660	0.04743	0.01602	0.37874	0.00958	0.08207	0.01412	0.03300	0.00884	0.01012	0.00714	0.00543	0.00444	0.00146	0.00747	0.00351	0.00311	0.00667
35	0.00710	0.00551	0.00620	0.00605	0.00743	0.00489	0.00437	0.00870	0.01283	0.01662	0.29939	0.04597	0.41340	0.12654	0.00949	0.00229	0.00306	0.01042	0.00514	0.00461
36	0.03193	0.01091	0.01873	0.51658	0.12602	0.01285	0.10010	0.01466	0.01103	0.01501	0.00962	0.01403	0.00751	0.00566	0.00669	0.00185	0.08280	0.00498	0.00252	0.00652
37	0.00764	0.00557	0.00719	0.00678	0.00810	0.00511	0.00509	0.01015	0.01526	0.02146	0.73141	0.04138	0.09180	0.01129	0.00643	0.00172	0.00258	0.00995	0.00595	0.00511
38	0.00802	0.00601	0.00748	0.00704	0.00851	0.00570	0.00530	0.01140	0.06951	0.02123	0.64711	0.04039	0.11937	0.01113	0.00637	0.00174	0.00272	0.00975	0.00588	0.00534
39	0.01228	0.01000	0.01164	0.00838	0.01318	0.00784	0.00673	0.05660	0.01227	0.04377	0.01027	0.01165	0.00832	0.00427	0.00417	0.00088	0.00417	0.00340	0.00347	0.76670
40	0.00648	0.00552	0.00557	0.00556	0.00739	0.00462	0.00417	0.00789	0.01251	0.01492	0.07486	0.05215	0.75243	0.01373	0.00644	0.00184	0.00276	0.01146	0.00509	0.00462
41	0.00772	0.00557	0.00729	0.00686	0.00814	0.00514	0.00514	0.01029	0.01543	0.02186	0.77152	0.04072	0.05144	0.01115	0.00643	0.00171	0.00257	0.00986	0.00600	0.00514
42	0.84691	0.01054	0.00801	0.00717	0.01054	0.01223	0.00590	0.01603	0.00928	0.02446	0.00759	0.00886	0.00590	0.00506	0.00337	0.00169	0.00422	0.00295	0.00337	0.00590
43	0.84691	0.01054	0.00801	0.00717	0.01054	0.01223	0.00590	0.01603	0.00928	0.02446	0.00759	0.00886	0.00590	0.00506	0.00337	0.00169	0.00422	0.00295	0.00337	0.00590
44	0.00825	0.00598	0.00812	0.00925	0.01043	0.00585	0.00780	0.01043	0.01224	0.01582	0.03160	0.16676	0.10421	0.01523	0.00734	0.00240	0.00453	0.56384	0.00503	0.00489
45	0.01893	0.01392	0.01509	0.01187	0.01570	0.01534	0.00965	0.65683	0.02349	0.03150	0.01449	0.07151	0.01167	0.03370	0.02861	0.00200	0.00602	0.00580	0.00528	0.00860
46	0.01602	0.01134	0.01284	0.01114	0.01436	0.01235	0.00912	0.24752	0.28701	0.11473	0.02076	0.02679	0.01719	0.00871	0.00594	0.00191	0.00502	0.16357	0.00555	0.00812
47	0.01221	0.05210	0.67139	0.01508	0.02264	0.01261	0.04031	0.01799	0.01187	0.07869	0.01070	0.01208	0.00748	0.00527	0.00519	0.00171	0.00774	0.00418	0.00268	0.00810
48	0.01349	0.01295	0.02213	0.03346	0.77440	0.01295	0.01673	0.01673	0.01241	0.01781	0.01025	0.01349	0.00864	0.00486	0.00540	0.00162	0.00648	0.00486	0.00270	0.00864
49	0.01287	0.01471	0.03217	0.02298	0.02849	0.01379	0.75460	0.01746	0.01287	0.01746	0.01103	0.01471	0.00827	0.00460	0.00643	0.00184	0.00919	0.00643	0.00276	0.00735
50	0.01093	0.02820	0.78016	0.01554	0.02360	0.01266	0.02014	0.01727	0.01151	0.01727	0.00978	0.01151	0.00691	0.00518	0.00518	0.00173	0.00806	0.00403	0.00230	0.00806
51	0.01030	0.00969	0.01635	0.79530	0.03755	0.01211	0.01514	0.01393	0.01090	0.01393	0.00969	0.01453	0.00727	0.00545	0.00545	0.00182	0.00727	0.00484	0.00242	0.00606
52	0.00676	0.00490	0.00664	0.03255	0.00885	0.00467	0.00538	0.00779	0.01045	0.01392	0.02940	0.77981	0.03515	0.01671	0.00691	0.00220	0.00329	0.01516	0.00498	0.00448
53	0.00664	0.00474	0.00633	0.00759	0.00791	0.00443	0.00506	0.00759	0.01044	0.01392	0.03005	0.80485	0.03606	0.01708	0.00696	0.00221	0.00316	0.01550	0.00506	0.00443
54	0.01308	0.01294	0.03909	0.11800	0.67479	0.01285	0.01663	0.01643	0.01222	0.01737	0.01018	0.01356	0.00844	0.00493	0.00540	0.00164	0.00660	0.00484	0.00266	0.00833
55	0.10598	0.01178	0.03854	0.14760	0.10579	0.03094	0.01081	0.06672	0.14322	0.24085	0.01524	0.01561	0.01081	0.00622	0.00553	0.00174	0.02511	0.00500	0.00455	0.00798
56	0.01142	0.01084	0.01838	0.52757	0.29649	0.01241	0.01570	0.01491	0.01143	0.01529	0.00989	0.01417	0.00775	0.00524	0.00543	0.00175	0.00699	0.00485	0.00252	0.00696
57	0.01130	0.00969	0.01130	0.00807	0.01292	0.00727	0.00646	0.01373	0.01130	0.01776	0.00969	0.01130	0.00807	0.00404	0.00404	0.00081	0.00404	0.00323	0.00323	0.84173
58	0.01093	0.02820	0.78016	0.01554	0.02360	0.01266	0.02014	0.01727	0.01151	0.01727	0.00978	0.01151	0.00691	0.00518	0.00518	0.00173	0.00806	0.00403	0.00230	0.00806
59	0.00650	0.00551	0.00562	0.00562	0.00741	0.00462	0.00420	0.00793	0.01252	0.01502	0.08592	0.06733	0.72575	0.01376	0.00645	0.00184	0.00276	0.01152	0.00510	0.00462
60	0.00742	0.00556	0.00688	0.00655	0.00797	0.00502	0.00491	0.00972	0.01474	0.02023	0.60748	0.04341	0.21650	0.01175	0.00643	0.00174	0.00262	0.01024	0.00579	0.00502
61	0.00772	0.00557	0.00729	0.00686	0.00814	0.00514	0.00514	0.01029	0.01543	0.02186	0.77152	0.04072	0.05144	0.01115	0.00643	0.00171	0.00257	0.00986	0.00600	0.00514
62	0.79735	0.01047	0.00829	0.00732	0.01075	0.01198	0.00603	0.01666	0.00966	0.06988	0.00843	0.00944	0.00636	0.00516	0.00350	0.00169	0.00424	0.00310	0.00358	0.00611
63	0.01356	0.01171	0.01233	0.01109	0.01418	0.01356	0.00863	0.02897	0.76455	0.02281	0.02219	0.02034	0.01664	0.00740	0.00555	0.00185	0.00431	0.00616	0.00555	0.00863
64	0.01130	0.00969	0.01130	0.00807	0.01292	0.00727	0.00646	0.01373	0.01130	0.01776	0.00969	0.01130	0.00807	0.00404	0.00404	0.00081	0.00404	0.00323	0.00323	0.84173
65	0.84691	0.01054	0.00801	0.00717	0.01054	0.01223	0.00590	0.01603	0.00928	0.02446	0.00759	0.00886	0.00590	0.00506	0.00337	0.00169	0.00422	0.00295	0.00337	0.00590
66	0.01030	0.00969	0.01635	0.79530	0.03755	0.01211	0.01514	0.01393	0.01090	0.01393	0.00969	0.01453	0.00727	0.00545	0.00545	0.00182	0.00727	0.00484	0.00242	0.00606
67	0.00664	0.00474	0.00633	0.00759	0.00791	0.00443	0.00506	0.00759	0.01044	0.01392	0.03005	0.80485	0.03606	0.01708	0.00696	0.00221	0.00316	0.01550	0.00506	0.00443
68	0.00947	0.00473	0.00710	0.00710	0.00710	0.00473	0.00473	0.00710	0.00710	0.00947	0.00947	0.01657	0.00947	0.01894	0.02131	0.84138	0.00473	0.00473	0.00237	0.00237
69	0.01093	0.02820	0.78016	0.01554	0.02360	0.01266	0.02014	0.01727	0.01151	0.01727	0.00978	0.01151	0.00691	0.00518	0.00518	0.00173	0.00806	0.00403	0.00230	0.00806
70	0.00677	0.00492	0.00658	0.00776	0.00807	0.00473	0.00523	0.00773	0.01039	0.01390	0.02948	0.78509	0.03534	0.01689	0.00723	0.00222	0.02297	0.01523	0.00499	0.00447
71	0.00868	0.00624	0.00864	0.00984	0.01112	0.00620	0.00858	0.01114	0.01254	0.01625	0.03002	0.06110	0.06389	0.01501	0.00748	0.00248	0.00492	0.70583	0.00502	0.00500
72	0.02072	0.01527	0.01636	0.01254	0.01691	0.01691	0.01036	0.75622	0.02563	0.03436	0.01309	0.01309	0.00927	0.00654	0.00545	0.00164	0.00600	0.00491	0.00545	0.00927
73	0.44324	0.01074	0.02886	0.04179	0.01341	0.01134	0.00776	0.05874	0.08348	0.17589	0.01372	0.01613	0.01051	0.00642	0.00454	0.00176	0.00468	0.05553	0.00442	0.00702
74	0.78893	0.01163	0.00853	0.00765	0.01099	0.06655	0.00623	0.01643	0.00971	0.02368	0.00765	0.00892	0.00598	0.00510	0.00348	0.00167	0.00461	0.00299	0.00333	0.00593
75	0.01338	0.14383	0.49649	0.01454	0.02099	0.16586	0.03815	0.01802	0.01226	0.01584	0.00923	0.01086	0.00698	0.00517	0.00491	0.00158	0.00811	0.00383	0.00242	0.00754
76	0.01203	0.03173	0.09724	0.02201	0.30000	0.01201	0.20914	0.03044	0.05062	0.01760	0.01875	0.02055	0.14012	0.00652	0.00579	0.00173	0.00658	0.00636	0.00327	0.00752
77	0.01193	0.01193	0.01670	0.01431	0.01431	0.01670	0.01193	0.01312	0.00835	0.01312	0.00716	0.01193	0.00716	0.00954	0.01789	0.00239	0.79843	0.00477	0.00239	0.00596
78	0.00664	0.00474	0.00633	0.00759	0.00791	0.00443	0.00506	0.00759	0.01044	0.01392	0.03005	0.80485	0.03606	0.01708	0.00696	0.00221	0.00316	0.01550	0.00506	0.00443
79	0.00854	0.00607	0.00773	0.00718	0.00865	0.00573	0.00542	0.03148	0.03652	0.03808	0.67911	0.05813	0.06439	0.01103	0.00637	0.00173	0.00278	0.00970	0.00595	0.00541
80	0.01106	0.02748	0.74425	0.01639	0.05916	0.01267	0.01998	0.01724	0.01155	0.01729	0.00981	0.01160	0.00699	0.00516	0.00519	0.00172	0.00798	0.00407	0.00232	0.00808
81	0.00670	0.00479	0.00640	0.00766	0.00801	0.00448	0.00517	0.00770	0.01050	0.01399	0.03001	0.78308	0.03592	0.01702	0.00698	0.00222	0.00322	0.03664	0.00506	0.00445
82	0.01195	0.01200	0.01709	0.01453	0.01467	0.01662	0.03082	0.01323	0.00846	0.01323	0.00725	0.01200	0.00718	0.00942	0.01760	0.00237	0.77835	0.00481	0.00239	0.00600
83	0.01991	0.01464	0.01571	0.01218	0.01633	0.01618	0.01001	0.70105	0.03993	0.03318	0.01388	0.03605	0.01031	0.00686	0.00546	0.00165	0.00580	0.00524	0.02663	0.00901
84	0.00664	0.00474	0.00633	0.00759	0.00791	0.00443	0.00506	0.00759	0.01044	0.01392	0.03005	0.80485	0.03606	0.01708	0.00696	0.00221	0.00316	0.01550	0.00506	0.00443
85	0.02072	0.01527	0.01636	0.01254	0.01691	0.01691	0.01036	0.75622	0.02563	0.03436	0.01309	0.01309	0.00927	0.00654	0.00545	0.00164	0.00600	0.00491	0.00545	0.00927
86	0.00793	0.00529	0.00595	0.00595	0.00595	0.00529	0.00330	0.00793	0.00793	0.01057	0.01718	0.03568	0.01982	0.80840	0.02775	0.00529	0.00529	0.00793	0.00330	0.00330
87	0.00789	0.00527	0.00596	0.00599	0.00600	0.00526	0.00335	0.00792	0.00800	0.01066	0.01754	0.05723	0.02028	0.78623	0.02717	0.00520	0.00523	0.00814	0.00335	0.00333
88	0.00772	0.00557	0.00729	0.00686	0.00814	0.00514	0.00514	0.01029	0.01543	0.02186	0.77152	0.04072	0.05144	0.01115	0.00643	0.00171	0.00257	0.00986	0.00600	0.00514
89	0.00664	0.00474	0.00633	0.00759	0.00791	0.00443	0.00506	0.00759	0.01044	0.01392	0.03005	0.80485	0.03606	0.01708	0.00696	0.00221	0.00316	0.01550	0.00506	0.00443
90	0.01458	0.81168	0.02857	0.00933	0.01399	0.02157	0.00933	0.01632	0.01108	0.01283	0.00758	0.00875	0.00700	0.00466	0.00350	0.00117	0.00583	0.00292	0.00233	0.00700
91	0.01093	0.02820	0.78016	0.01554	0.02360	0.01266	0.02014	0.01727	0.01151	0.01727	0.00978	0.01151	0.00691	0.00518	0.00518	0.00173	0.00806	0.00403	0.00230	0.00806
92	0.02446	0.00928	0.01265	0.00970	0.01392	0.00801	0.00801	0.02657	0.01560	0.77817	0.02151	0.01856	0.01350	0.00675	0.00548	0.00169	0.00464	0.00548	0.00675	0.00928
93	0.01458	0.81168	0.02857	0.00933	0.01399	0.02157	0.00933	0.01632	0.01108	0.01283	0.00758	0.00875	0.00700	0.00466	0.00350	0.00117	0.00583	0.00292	0.00233	0.00700
94	0.01030	0.00969	0.01635	0.79530	0.03755	0.01211	0.01514	0.01393	0.01090	0.01393	0.00969	0.01453	0.00727	0.00545	0.00545	0.00182	0.00727	0.00484	0.00242	0.00606
95	0.00879	0.00628	0.00879	0.01004	0.01130	0.00628	0.00879	0.01130	0.01255	0.01632	0.02887	0.06150	0.03138	0.01506	0.00753	0.00251	0.00502	0.73770	0.00502	0.00502
96	0.00683	0.00554	0.00606	0.00593	0.00760	0.00477	0.00444	0.00857	0.01333	0.01688	0.27153	0.04892	0.55454	0.01300	0.00644	0.00180	0.00270	0.01101	0.00535	0.00477
97	0.01117	0.04740	0.70652	0.01592	0.02370	0.01297	0.07317	0.01726	0.01160	0.01717	0.00982	0.01167	0.00701	0.00512	0.00523	0.00172	0.00808	0.00417	0.00234	0.00798
98	0.03878	0.03660	0.01542	0.16870	0.02028	0.35977	0.01095	0.14958	0.05611	0.05332	0.01098	0.01259	0.00844	0.00685	0.02702	0.00177	0.00801	0.00429	0.00353	0.00701
99	0.84691	0.01054	0.00801	0.00717	0.01054	0.01223	0.00590	0.01603	0.00928	0.02446	0.00759	0.00886	0.00590	0.00506	0.00337	0.00169	0.00422	0.00295	0.00337	0.00590
100	0.01193	0.01193	0.01670	0.01431	0.01431	0.01670	0.01193	0.01312	0.00835	0.01312	0.00716	0.01193	0.00716	0.00954	0.01789	0.00239	0.79843	0.00477	0.00239	0.00596
101	0.00793	0.00529	0.00595	0.00595	0.00595	0.00529	0.00330	0.00793	0.00793	0.01057	0.01718	0.03568	0.01982	0.80840	0.02775	0.00529	0.00529	0.00793	0.00330	0.00330
102	0.01182	0.01171	0.01721	0.27623	0.11535	0.03672	0.01354	0.01408	0.00990	0.01397	0.00841	0.01293	0.00737	0.00750	0.01185	0.00207	0.41577	0.00477	0.00245	0.00633
103	0.01093	0.02820	0.78016	0.01554	0.02360	0.01266	0.02014	0.01727	0.01151	0.01727	0.00978	0.01151	0.00691	0.00518	0.00518	0.00173	0.00806	0.00403	0.00230	0.00806
104	0.00667	0.00477	0.00635	0.00757	0.00791	0.00445	0.00506	0.00766	0.01056	0.01411	0.04852	0.78580	0.03644	0.01693	0.00695	0.00220	0.00315	0.01536	0.00508	0.00445
105	0.01284	0.01464	0.03178	0.02276	0.02814	0.01386	0.73590	0.01735	0.01275	0.01735	0.01093	0.01464	0.00824	0.00472	0.00672	0.00185	0.02906	0.00639	0.00275	0.00732
106	0.02072	0.01527	0.01636	0.01254	0.01691	0.01691	0.01036	0.75622	0.02563	0.03436	0.01309	0.01309	0.00927	0.00654	0.00545	0.00164	0.00600	0.00491	0.00545	0.00927
107	0.00644	0.00552	0.00552	0.00552	0.00736	0.00460	0.00414	0.00782	0.01243	0.01473	0.05523	0.05247	0.77218	0.01381	0.00644	0.00184	0.00276	0.01151	0.00506	0.00460
108	0.00688	0.00575	0.00602	0.00596	0.00774	0.00501	0.00446	0.00893	0.04207	0.01586	0.13765	0.07367	0.63435	0.01335	0.00642	0.00184	0.00281	0.01123	0.00519	0.00482
109	0.01380	0.64409	0.18934	0.01066	0.01605	0.01967	0.01164	0.01653	0.01117	0.01378	0.00805	0.00934	0.00698	0.00477	0.00386	0.00129	0.00631	0.00315	0.00233	0.00722
110	0.00844	0.00605	0.00838	0.00961	0.01075	0.00599	0.00818	0.01072	0.01226	0.01596	0.02962	0.16167	0.04878	0.01530	0.00743	0.00245	0.00472	0.62374	0.00503	0.00493
111	0.00664	0.00474	0.00633	0.00759	0.00791	0.00443	0.00506	0.00759	0.01044	0.01392	0.03005	0.80485	0.03606	0.01708	0.00696	0.00221	0.00316	0.01550	0.00506	0.00443
112	0.01130	0.00969	0.01130	0.00807	0.01292	0.00727	0.00646	0.01373	0.01130	0.01776	0.00969	0.01130	0.00807	0.00404	0.00404	0.00081	0.00404	0.00323	0.00323	0.84173
113	0.04891	0.00658	0.00851	0.00919	0.02736	0.00656	0.00719	0.01213	0.05587	0.03722	0.21743	0.16284	0.05141	0.01299	0.00672	0.00213	0.00400	0.31235	0.00522	0.00539
114	0.01591	0.01144	0.01253	0.02700	0.03913	0.05383	0.00862	0.11341	0.32385	0.17471	0.06503	0.05670	0.05765	0.00794	0.00564	0.00177	0.00478	0.00658	0.00545	0.00805
