[name]
unknown

[dist]
# distance from previous block
# <min> <max>
0	75

[block]
# block no. 0 follows, 46 sequences, length 48
# corresponding to MSA columns:
# 94-108,110-142
name=unknown_A
#
# <colnr> <probs for GDERKNQSTAVLIFYWHMCP>
#	G	D	E	R	K	N	Q	S	T	A	V	L	I	F	Y	W	H	M	C	P
0	0.00975	0.00894	0.01486	0.69951	0.03306	0.01098	0.01380	0.01310	0.01073	0.01375	0.01182	0.03732	0.01016	0.00653	0.00553	0.00184	0.00673	0.08321	0.00267	0.00573
1	0.01302	0.01601	0.12985	0.02010	0.02557	0.01359	0.57053	0.09571	0.01353	0.01856	0.01068	0.01363	0.00793	0.00482	0.00617	0.00176	0.02250	0.00574	0.00288	0.00739
2	0.01539	0.01217	0.02880	0.13084	0.01807	0.01317	0.00989	0.27722	0.27780	0.07042	0.01576	0.03023	0.01177	0.00649	0.00526	0.00165	0.00523	0.00528	0.00475	0.05981
3	0.01370	0.73203	0.02645	0.09276	0.01598	0.01995	0.00964	0.01558	0.01072	0.01255	0.00757	0.00907	0.00681	0.00460	0.00359	0.00120	0.00580	0.00302	0.00227	0.00669
4	0.00790	0.00787	0.09027	0.00875	0.01026	0.00697	0.00742	0.00993	0.00865	0.01242	0.01407	0.02200	0.01350	0.16207	0.58525	0.00723	0.01202	0.00581	0.00283	0.00480
5	0.05885	0.05923	0.01530	0.06775	0.03426	0.17240	0.01000	0.20934	0.06118	0.14359	0.01206	0.01286	0.00895	0.00632	0.00646	0.00164	0.10386	0.00442	0.00407	0.00746
6	0.02711	0.00907	0.01151	0.19072	0.01705	0.02330	0.00874	0.15714	0.05010	0.09944	0.02912	0.23972	0.01769	0.04418	0.01831	0.00205	0.01829	0.00790	0.02224	0.00631
7	0.00784	0.00564	0.00646	0.00611	0.00692	0.00531	0.00387	0.00846	0.00894	0.01208	0.05523	0.03364	0.11147	0.55726	0.05778	0.00426	0.00501	0.00762	0.00351	0.09260
8	0.01356	0.03139	0.01269	0.00913	0.01363	0.04769	0.00739	0.18566	0.01434	0.02059	0.01004	0.01123	0.00802	0.00456	0.00426	0.00100	0.00467	0.00351	0.00358	0.59306
9	0.03360	0.01220	0.01418	0.14911	0.01846	0.02855	0.00981	0.39317	0.01805	0.06172	0.01272	0.06195	0.01012	0.00645	0.00536	0.00155	0.02143	0.00510	0.00434	0.13213
10	0.01719	0.05379	0.03834	0.04791	0.01650	0.04639	0.05583	0.34121	0.08166	0.13837	0.09470	0.01666	0.01409	0.00658	0.00533	0.00161	0.00559	0.00536	0.00489	0.00799
11	0.01272	0.00870	0.00969	0.00863	0.01101	0.00944	0.00676	0.03265	0.32936	0.11625	0.05566	0.02334	0.10248	0.00781	0.00573	0.00166	0.04510	0.00630	0.19976	0.00694
12	0.01096	0.00940	0.01096	0.00783	0.01253	0.00705	0.00626	0.01331	0.01096	0.01723	0.00940	0.01096	0.00783	0.00392	0.00392	0.00078	0.00392	0.00313	0.00313	0.84653
13	0.00627	0.00527	0.00544	0.00557	0.00720	0.00444	0.00411	0.00756	0.01184	0.01420	0.05093	0.13260	0.69906	0.01373	0.00630	0.00182	0.00272	0.01157	0.00491	0.00444
14	0.00743	0.00540	0.00700	0.00660	0.00787	0.00497	0.00495	0.00988	0.01485	0.02092	0.74899	0.03995	0.07951	0.01091	0.00624	0.00167	0.00250	0.00963	0.00578	0.00497
15	0.00628	0.00536	0.00541	0.00539	0.00716	0.00448	0.00405	0.00766	0.01214	0.01449	0.07495	0.05054	0.75756	0.01331	0.00625	0.00178	0.00267	0.01111	0.00494	0.00448
16	0.01413	0.81739	0.02770	0.00905	0.01357	0.02092	0.00905	0.01583	0.01074	0.01244	0.00735	0.00848	0.00678	0.00452	0.00339	0.00113	0.00565	0.00283	0.00226	0.00678
17	0.01975	0.02520	0.01498	0.01362	0.01634	0.79299	0.01021	0.02111	0.01498	0.01294	0.00817	0.00953	0.00681	0.00545	0.00477	0.00136	0.00953	0.00340	0.00272	0.00613
18	0.85155	0.01022	0.00777	0.00695	0.01022	0.01186	0.00573	0.01554	0.00900	0.02372	0.00736	0.00859	0.00573	0.00491	0.00327	0.00164	0.00409	0.00286	0.00327	0.00573
19	0.16261	0.00993	0.01196	0.00934	0.01331	0.00954	0.00771	0.11634	0.01532	0.56275	0.01756	0.01575	0.01133	0.00624	0.00497	0.00163	0.00459	0.00483	0.00584	0.00845
20	0.01653	0.01207	0.01314	0.01050	0.01357	0.01326	0.00830	0.54705	0.01999	0.02683	0.01367	0.01812	0.01155	0.19016	0.05871	0.00281	0.00618	0.00547	0.00467	0.00743
21	0.01286	0.01111	0.01203	0.01073	0.01272	0.10011	0.00850	0.12102	0.15363	0.04638	0.01398	0.01689	0.01163	0.01993	0.31807	0.00442	0.11062	0.00519	0.00371	0.00645
22	0.00822	0.00508	0.00556	0.00556	0.00586	0.00508	0.00332	0.00883	0.00852	0.01258	0.01680	0.03093	0.01783	0.61544	0.02120	0.00417	0.00447	0.00701	0.20992	0.00363
23	0.00998	0.00940	0.01586	0.80150	0.03641	0.01175	0.01468	0.01351	0.01057	0.01351	0.00940	0.01409	0.00705	0.00529	0.00529	0.00176	0.00705	0.00470	0.00235	0.00587
24	0.00825	0.00575	0.00630	0.00595	0.00791	0.00488	0.00453	0.00981	0.01274	0.09655	0.14057	0.04598	0.60716	0.01234	0.00615	0.00175	0.00285	0.01034	0.00520	0.00501
25	0.85155	0.01022	0.00777	0.00695	0.01022	0.01186	0.00573	0.01554	0.00900	0.02372	0.00736	0.00859	0.00573	0.00491	0.00327	0.00164	0.00409	0.00286	0.00327	0.00573
26	0.00918	0.00459	0.00689	0.00689	0.00689	0.00459	0.00459	0.00689	0.00689	0.00918	0.00918	0.01607	0.00918	0.01837	0.02066	0.84619	0.00459	0.00459	0.00230	0.00230
27	0.02372	0.00900	0.01227	0.00941	0.01350	0.00777	0.00777	0.02576	0.01513	0.78489	0.02086	0.01799	0.01309	0.00654	0.00532	0.00164	0.00450	0.00532	0.00654	0.00900
28	0.85155	0.01022	0.00777	0.00695	0.01022	0.01186	0.00573	0.01554	0.00900	0.02372	0.00736	0.00859	0.00573	0.00491	0.00327	0.00164	0.00409	0.00286	0.00327	0.00573
29	0.01098	0.11081	0.70663	0.01443	0.02190	0.01319	0.01842	0.01665	0.01112	0.01629	0.00926	0.01088	0.00671	0.00497	0.00485	0.00162	0.00758	0.00379	0.00224	0.00770
30	0.01750	0.06367	0.02988	0.01170	0.03094	0.15478	0.00931	0.19456	0.23248	0.14593	0.01556	0.03167	0.01164	0.00646	0.00511	0.00158	0.00576	0.00501	0.00471	0.02175
31	0.01256	0.35202	0.41056	0.01272	0.01892	0.01607	0.04217	0.05067	0.01167	0.01574	0.00880	0.01024	0.00689	0.00486	0.00441	0.00145	0.00687	0.00359	0.00240	0.00742
32	0.01096	0.00940	0.01096	0.00783	0.01253	0.00705	0.00626	0.01331	0.01096	0.01723	0.00940	0.01096	0.00783	0.00392	0.00392	0.00078	0.00392	0.00313	0.00313	0.84653
33	0.00998	0.00940	0.01586	0.80150	0.03641	0.01175	0.01468	0.01351	0.01057	0.01351	0.00940	0.01409	0.00705	0.00529	0.00529	0.00176	0.00705	0.00470	0.00235	0.00587
34	0.00742	0.00538	0.00655	0.00636	0.00763	0.00486	0.00464	0.00928	0.01325	0.03318	0.45425	0.10417	0.23498	0.07510	0.00789	0.00201	0.00284	0.01019	0.00532	0.00474
35	0.01125	0.06065	0.12781	0.00897	0.01233	0.00923	0.00828	0.04558	0.16074	0.09716	0.13164	0.02974	0.25730	0.00903	0.00558	0.00169	0.00422	0.00747	0.00474	0.00659
36	0.00769	0.00513	0.00577	0.00577	0.00577	0.00513	0.00320	0.00769	0.00769	0.01025	0.01666	0.03460	0.01922	0.81421	0.02691	0.00513	0.00513	0.00769	0.00320	0.00320
37	0.01031	0.00973	0.01645	0.72026	0.11509	0.01183	0.01484	0.01379	0.01073	0.01390	0.00945	0.01399	0.00719	0.00522	0.00528	0.00174	0.00697	0.00470	0.00238	0.00614
38	0.01979	0.02388	0.01509	0.01344	0.01635	0.69469	0.01019	0.11509	0.01623	0.01552	0.00874	0.00993	0.00709	0.00556	0.00483	0.00139	0.00906	0.00358	0.00305	0.00649
39	0.00669	0.00534	0.00599	0.00589	0.00743	0.00464	0.00439	0.00841	0.01299	0.01667	0.30640	0.07777	0.49350	0.01261	0.00626	0.00176	0.00263	0.01076	0.00523	0.00464
40	0.00720	0.00527	0.00675	0.00665	0.00779	0.00482	0.00489	0.00932	0.01389	0.01928	0.58699	0.16954	0.11390	0.01201	0.00632	0.00175	0.00261	0.01062	0.00558	0.00482
41	0.01367	0.01597	0.02595	0.01937	0.02376	0.17914	0.53934	0.01722	0.01271	0.01573	0.01066	0.03207	0.00858	0.00647	0.03813	0.00198	0.02400	0.00579	0.00274	0.00673
42	0.01042	0.00984	0.01664	0.69357	0.14094	0.01186	0.01490	0.01389	0.01078	0.01404	0.00947	0.01395	0.00723	0.00520	0.00528	0.00173	0.00694	0.00470	0.00239	0.00622
43	0.01096	0.00940	0.01096	0.00783	0.01253	0.00705	0.00626	0.01331	0.01096	0.01723	0.00940	0.01096	0.00783	0.00392	0.00392	0.00078	0.00392	0.00313	0.00313	0.84653
44	0.01041	0.00983	0.01663	0.69504	0.13952	0.01186	0.01490	0.01388	0.01077	0.01403	0.00947	0.01395	0.00723	0.00521	0.00528	0.00174	0.00694	0.00470	0.00239	0.00622
45	0.01150	0.01156	0.01687	0.01424	0.01457	0.01572	0.05765	0.01285	0.00842	0.01300	0.00772	0.03150	0.00770	0.00914	0.01640	0.00228	0.73568	0.00498	0.00240	0.00583
46	0.01186	0.01131	0.01924	0.33639	0.48687	0.01224	0.01561	0.01515	0.01146	0.01578	0.00973	0.01348	0.00785	0.00494	0.00525	0.00165	0.00658	0.00471	0.00251	0.00739
47	0.07042	0.01079	0.01240	0.00992	0.01359	0.01107	0.00808	0.24677	0.12385	0.32484	0.05427	0.01890	0.05691	0.00705	0.00529	0.00165	0.00463	0.00562	0.00567	0.00826

[dist]
# distance from previous block
# <min> <max>
0	6

[block]
# block no. 1 follows, 46 sequences, length 11
# corresponding to MSA columns:
# 149-159
name=unknown_B
#
# <colnr> <probs for GDERKNQSTAVLIFYWHMCP>
#	G	D	E	R	K	N	Q	S	T	A	V	L	I	F	Y	W	H	M	C	P
0	0.01558	0.01223	0.01308	0.01110	0.01449	0.01383	0.00882	0.23652	0.52663	0.05888	0.01899	0.01765	0.01398	0.00691	0.00535	0.00173	0.00466	0.00560	0.00540	0.00857
1	0.85155	0.01022	0.00777	0.00695	0.01022	0.01186	0.00573	0.01554	0.00900	0.02372	0.00736	0.00859	0.00573	0.00491	0.00327	0.00164	0.00409	0.00286	0.00327	0.00573
2	0.01060	0.02735	0.78682	0.01507	0.02288	0.01228	0.01953	0.01674	0.01116	0.01674	0.00949	0.01116	0.00670	0.00502	0.00502	0.00167	0.00781	0.00391	0.00223	0.00781
3	0.01241	0.01045	0.01113	0.01011	0.01281	0.01182	0.00780	0.07247	0.58920	0.02139	0.02406	0.10289	0.07325	0.00854	0.00558	0.00182	0.00407	0.00721	0.00529	0.00770
4	0.00741	0.00540	0.00697	0.00658	0.00785	0.00496	0.00493	0.00984	0.01480	0.02080	0.73673	0.04014	0.09184	0.01096	0.00624	0.00167	0.00250	0.00965	0.00577	0.00496
5	0.01572	0.01359	0.01334	0.01142	0.01473	0.08498	0.00901	0.23580	0.49133	0.02445	0.01780	0.01681	0.01326	0.00678	0.00530	0.00170	0.00513	0.00540	0.00511	0.00834
6	0.00676	0.00525	0.00617	0.00632	0.00763	0.00466	0.00467	0.00843	0.01261	0.01639	0.27922	0.19482	0.37438	0.01323	0.00638	0.00184	0.00278	0.03865	0.00520	0.00461
7	0.00729	0.00540	0.00680	0.00645	0.00778	0.00491	0.00484	0.00960	0.01451	0.02012	0.66521	0.04127	0.16379	0.01121	0.00624	0.00168	0.00252	0.00981	0.00568	0.00491
8	0.85155	0.01022	0.00777	0.00695	0.01022	0.01186	0.00573	0.01554	0.00900	0.02372	0.00736	0.00859	0.00573	0.00491	0.00327	0.00164	0.00409	0.00286	0.00327	0.00573
9	0.01377	0.73613	0.10578	0.00967	0.01453	0.02003	0.01012	0.01592	0.01078	0.01288	0.00757	0.00876	0.00678	0.00457	0.00356	0.00119	0.00588	0.00294	0.00226	0.00689
10	0.01048	0.00962	0.01364	0.01186	0.01289	0.01187	0.07091	0.01391	0.12375	0.01425	0.01381	0.08509	0.01359	0.12173	0.08535	0.00313	0.35035	0.02482	0.00325	0.00569

[dist]
# distance from previous block
# <min> <max>
0	1

[block]
# block no. 2 follows, 46 sequences, length 45
# corresponding to MSA columns:
# 161-205
name=unknown_C
#
# <colnr> <probs for GDERKNQSTAVLIFYWHMCP>
#	G	D	E	R	K	N	Q	S	T	A	V	L	I	F	Y	W	H	M	C	P
0	0.01493	0.70464	0.02589	0.00970	0.01396	0.13080	0.00921	0.01658	0.01135	0.01251	0.00747	0.00863	0.00679	0.00465	0.00359	0.00116	0.00621	0.00291	0.00233	0.00669
1	0.01158	0.00975	0.01125	0.00821	0.01274	0.00787	0.00657	0.06293	0.04388	0.01856	0.02548	0.01201	0.00909	0.00435	0.00411	0.00090	0.00402	0.00349	0.00342	0.73978
2	0.12588	0.01019	0.01277	0.00998	0.01387	0.00995	0.03836	0.13059	0.05685	0.47726	0.04739	0.01683	0.01297	0.00643	0.00513	0.00164	0.00472	0.00517	0.00570	0.00832
3	0.00661	0.00479	0.00634	0.00743	0.00792	0.00452	0.00516	0.00770	0.01032	0.01365	0.03005	0.67945	0.08244	0.01716	0.03865	0.00240	0.00361	0.06262	0.00482	0.00436
4	0.00867	0.00568	0.00777	0.00855	0.00964	0.00545	0.00682	0.01055	0.01194	0.06587	0.10830	0.31928	0.03297	0.01436	0.00686	0.00220	0.00396	0.36111	0.00509	0.00495
5	0.01295	0.01242	0.02121	0.06691	0.74785	0.01252	0.01616	0.01610	0.01197	0.01710	0.00992	0.01313	0.00831	0.00474	0.00524	0.00158	0.00631	0.00471	0.00260	0.00826
6	0.00789	0.00593	0.00827	0.00821	0.00920	0.00670	0.00622	0.01046	0.05969	0.01336	0.06548	0.05531	0.01727	0.10987	0.58307	0.00702	0.01141	0.00652	0.00332	0.00482
7	0.00768	0.00516	0.00594	0.00594	0.00601	0.00522	0.00343	0.00780	0.00774	0.01038	0.01649	0.03369	0.01883	0.76356	0.07702	0.00535	0.00572	0.00756	0.00318	0.00330
8	0.01413	0.81739	0.02770	0.00905	0.01357	0.02092	0.00905	0.01583	0.01074	0.01244	0.00735	0.00848	0.00678	0.00452	0.00339	0.00113	0.00565	0.00283	0.00226	0.00678
9	0.00933	0.00501	0.00531	0.00531	0.00631	0.00507	0.00380	0.01133	0.01033	0.01759	0.01694	0.02235	0.01451	0.14773	0.05941	0.00238	0.00369	0.00545	0.64355	0.00462
10	0.01345	0.01151	0.01212	0.01082	0.01386	0.01329	0.00844	0.06003	0.73926	0.02260	0.02113	0.01942	0.01583	0.00714	0.00538	0.00178	0.00425	0.00592	0.00538	0.00839
11	0.00998	0.00940	0.01586	0.80150	0.03641	0.01175	0.01468	0.01351	0.01057	0.01351	0.00940	0.01409	0.00705	0.00529	0.00529	0.00176	0.00705	0.00470	0.00235	0.00587
12	0.01984	0.01388	0.01513	0.01174	0.01584	0.01518	0.00965	0.61793	0.09240	0.11188	0.01437	0.01390	0.01008	0.00644	0.00530	0.00161	0.00553	0.00493	0.00543	0.00893
13	0.41779	0.01119	0.01105	0.00893	0.01269	0.01206	0.00736	0.22260	0.01470	0.18499	0.01172	0.01177	0.00824	0.00560	0.00428	0.00159	0.00464	0.00391	0.00450	0.04040
14	0.01045	0.00783	0.00958	0.00790	0.01088	0.00672	0.00622	0.01238	0.01118	0.06638	0.06217	0.08466	0.07336	0.02952	0.03702	0.01948	0.03984	0.05498	0.02900	0.42044
15	0.00998	0.00940	0.01586	0.80150	0.03641	0.01175	0.01468	0.01351	0.01057	0.01351	0.00940	0.01409	0.00705	0.00529	0.00529	0.00176	0.00705	0.00470	0.00235	0.00587
16	0.01963	0.01458	0.01561	0.01207	0.01622	0.01618	0.00994	0.71467	0.07455	0.03257	0.01328	0.01316	0.00947	0.00640	0.00529	0.00160	0.00571	0.00484	0.00529	0.00895
17	0.01904	0.00914	0.01179	0.00883	0.01314	0.00750	0.00722	0.02120	0.01360	0.50335	0.01665	0.01541	0.01116	0.00558	0.00480	0.00132	0.00428	0.00452	0.00529	0.31616
18	0.00769	0.00513	0.00577	0.00577	0.00577	0.00513	0.00320	0.00769	0.00769	0.01025	0.01666	0.03460	0.01922	0.81421	0.02691	0.00513	0.00513	0.00769	0.00320	0.00320
19	0.01377	0.73680	0.10514	0.00966	0.01452	0.02004	0.01012	0.01592	0.01078	0.01288	0.00757	0.00875	0.00678	0.00457	0.00356	0.00119	0.00587	0.00294	0.00226	0.00689
20	0.20290	0.12291	0.01550	0.01070	0.01459	0.10075	0.00893	0.40153	0.01818	0.04144	0.01047	0.01098	0.00782	0.00569	0.00453	0.00151	0.00579	0.00394	0.00418	0.00766
21	0.01877	0.16266	0.01719	0.01283	0.01586	0.65901	0.01001	0.02019	0.01425	0.01285	0.00803	0.00935	0.00681	0.00529	0.00453	0.00132	0.00886	0.00330	0.00264	0.00624
22	0.00748	0.00540	0.00707	0.00665	0.00790	0.00499	0.00499	0.00998	0.01496	0.02120	0.77844	0.03949	0.04988	0.01081	0.00624	0.00166	0.00249	0.00956	0.00582	0.00499
23	0.00748	0.00540	0.00707	0.00665	0.00790	0.00499	0.00499	0.00998	0.01496	0.02120	0.77844	0.03949	0.04988	0.01081	0.00624	0.00166	0.00249	0.00956	0.00582	0.00499
24	0.00758	0.00557	0.00802	0.00802	0.00880	0.00635	0.00602	0.00914	0.00836	0.01192	0.01459	0.02316	0.01426	0.17383	0.66050	0.00791	0.01260	0.00601	0.00290	0.00446
25	0.01248	0.01426	0.03119	0.02228	0.02763	0.01337	0.76203	0.01693	0.01248	0.01693	0.01070	0.01426	0.00802	0.00446	0.00624	0.00178	0.00891	0.00624	0.00267	0.00713
26	0.00768	0.00516	0.00595	0.00595	0.00601	0.00522	0.00343	0.00780	0.00774	0.01039	0.01649	0.03368	0.01882	0.76267	0.07790	0.00535	0.00573	0.00755	0.00318	0.00330
27	0.01071	0.05099	0.76409	0.01489	0.02260	0.01254	0.01922	0.01671	0.01115	0.01661	0.00942	0.01108	0.00670	0.00501	0.00497	0.00166	0.00775	0.00387	0.00223	0.00778
28	0.00831	0.00698	0.00763	0.00737	0.00933	0.00707	0.00569	0.01330	0.20853	0.01611	0.03883	0.03912	0.44561	0.01537	0.11207	0.00272	0.00471	0.04096	0.00475	0.00553
29	0.00852	0.00608	0.00852	0.00974	0.01095	0.00608	0.00852	0.01095	0.01217	0.01582	0.02799	0.05963	0.03042	0.01460	0.00730	0.00243	0.00487	0.74565	0.00487	0.00487
30	0.01060	0.02735	0.78682	0.01507	0.02288	0.01228	0.01953	0.01674	0.01116	0.01674	0.00949	0.01116	0.00670	0.00502	0.00502	0.00167	0.00781	0.00391	0.00223	0.00781
31	0.00863	0.00619	0.00861	0.00836	0.00956	0.00708	0.00653	0.05992	0.00986	0.01446	0.01439	0.02012	0.01297	0.03388	0.65718	0.00727	0.01237	0.00553	0.09207	0.00503
32	0.00641	0.00536	0.00558	0.00552	0.00724	0.00453	0.00414	0.00789	0.01243	0.01517	0.14697	0.04941	0.68512	0.01306	0.00625	0.00177	0.00265	0.01095	0.00503	0.00453
33	0.00647	0.00461	0.00613	0.00732	0.00762	0.00431	0.00487	0.00737	0.01006	0.01342	0.02883	0.79179	0.03458	0.03606	0.00724	0.00222	0.00312	0.01485	0.00487	0.00427
34	0.01413	0.81739	0.02770	0.00905	0.01357	0.02092	0.00905	0.01583	0.01074	0.01244	0.00735	0.00848	0.00678	0.00452	0.00339	0.00113	0.00565	0.00283	0.00226	0.00678
35	0.00762	0.00540	0.00714	0.00714	0.00761	0.00587	0.00491	0.00857	0.00809	0.01127	0.01540	0.02765	0.01620	0.42492	0.41207	0.00682	0.00967	0.00667	0.00302	0.00397
36	0.45947	0.00964	0.00990	0.00811	0.01177	0.00992	0.00669	0.02038	0.01190	0.38423	0.01375	0.01304	0.00921	0.00568	0.00424	0.00164	0.00428	0.00402	0.00482	0.00727
37	0.00769	0.00513	0.00577	0.00577	0.00577	0.00513	0.00320	0.00769	0.00769	0.01025	0.01666	0.03460	0.01922	0.81421	0.02691	0.00513	0.00513	0.00769	0.00320	0.00320
38	0.01314	0.59497	0.24141	0.01074	0.01619	0.01849	0.01200	0.01609	0.01086	0.01365	0.00795	0.00924	0.00676	0.00466	0.00385	0.00128	0.00626	0.00313	0.00225	0.00707
39	0.00998	0.00940	0.01586	0.80150	0.03641	0.01175	0.01468	0.01351	0.01057	0.01351	0.00940	0.01409	0.00705	0.00529	0.00529	0.00176	0.00705	0.00470	0.00235	0.00587
40	0.00693	0.00499	0.00668	0.00785	0.00843	0.00473	0.00574	0.00823	0.01069	0.01408	0.02982	0.60076	0.06317	0.01597	0.00686	0.00220	0.00348	0.19005	0.00490	0.00444
41	0.85155	0.01022	0.00777	0.00695	0.01022	0.01186	0.00573	0.01554	0.00900	0.02372	0.00736	0.00859	0.00573	0.00491	0.00327	0.00164	0.00409	0.00286	0.00327	0.00573
42	0.01860	0.00789	0.01045	0.00839	0.01169	0.00685	0.00679	0.02063	0.01470	0.55067	0.15667	0.02606	0.12053	0.00819	0.00560	0.00166	0.00391	0.00682	0.00620	0.00770
43	0.01521	0.24437	0.13026	0.06354	0.01743	0.24865	0.01124	0.06041	0.13016	0.01592	0.01052	0.01152	0.00836	0.00543	0.00457	0.00145	0.00700	0.00387	0.00305	0.00704
44	0.56402	0.03294	0.04291	0.00985	0.01363	0.01271	0.09609	0.11631	0.01170	0.02338	0.00911	0.03029	0.00724	0.00534	0.00405	0.00165	0.00505	0.00387	0.00345	0.00640

[dist]
# distance from previous block
# <min> <max>
1	8

[block]
# block no. 3 follows, 46 sequences, length 71
# corresponding to MSA columns:
# 214-284
name=unknown_D
#
# <colnr> <probs for GDERKNQSTAVLIFYWHMCP>
#	G	D	E	R	K	N	Q	S	T	A	V	L	I	F	Y	W	H	M	C	P
0	0.00674	0.00535	0.00605	0.00593	0.00746	0.00466	0.00443	0.00852	0.01314	0.01698	0.33801	0.07052	0.46854	0.01247	0.00626	0.00175	0.00262	0.01065	0.00527	0.00466
1	0.13063	0.60672	0.09167	0.00945	0.01403	0.04651	0.00955	0.01606	0.01069	0.01441	0.00757	0.00877	0.00663	0.00465	0.00357	0.00126	0.00577	0.00295	0.00242	0.00670
2	0.01157	0.01157	0.01619	0.01388	0.01388	0.01619	0.01157	0.01272	0.00810	0.01272	0.00694	0.01157	0.00694	0.00925	0.01735	0.00231	0.80453	0.00463	0.00231	0.00578
3	0.01118	0.00953	0.01108	0.00793	0.01262	0.00727	0.00635	0.03125	0.01129	0.01761	0.00948	0.01100	0.00786	0.00397	0.00395	0.00080	0.00396	0.00317	0.00318	0.82650
4	0.00673	0.00537	0.00602	0.00586	0.00743	0.00467	0.00439	0.00851	0.01318	0.01696	0.33421	0.04647	0.49676	0.01239	0.00624	0.00174	0.00261	0.01054	0.00526	0.00467
5	0.00651	0.00465	0.00621	0.00744	0.00777	0.00435	0.00502	0.00748	0.01019	0.01357	0.02910	0.78692	0.03482	0.01650	0.00677	0.00216	0.00312	0.03822	0.00491	0.00431
6	0.00704	0.00554	0.00650	0.00702	0.00848	0.00500	0.00563	0.00871	0.01192	0.01473	0.04271	0.12111	0.45888	0.01408	0.00665	0.00204	0.00346	0.26103	0.00490	0.00459
7	0.01315	0.01136	0.01195	0.01076	0.01375	0.01315	0.00837	0.02809	0.77168	0.02211	0.02152	0.01972	0.01614	0.00717	0.00538	0.00179	0.00418	0.00598	0.00538	0.00837
8	0.01060	0.02735	0.78682	0.01507	0.02288	0.01228	0.01953	0.01674	0.01116	0.01674	0.00949	0.01116	0.00670	0.00502	0.00502	0.00167	0.00781	0.00391	0.00223	0.00781
9	0.07577	0.00559	0.00542	0.00527	0.00673	0.00576	0.00401	0.03148	0.01127	0.02036	0.01636	0.01867	0.01282	0.00607	0.00370	0.00127	0.00267	0.00476	0.75691	0.00509
10	0.01237	0.00993	0.11736	0.00857	0.01198	0.00695	0.00781	0.01514	0.01365	0.21061	0.30872	0.02706	0.09168	0.00817	0.00550	0.00154	0.00396	0.00693	0.00504	0.12703
11	0.00961	0.00494	0.00511	0.00517	0.00635	0.00496	0.00386	0.01198	0.01095	0.01915	0.01769	0.05656	0.01453	0.00785	0.03222	0.00154	0.00291	0.00542	0.77430	0.00489
12	0.01975	0.02520	0.01498	0.01362	0.01634	0.79299	0.01021	0.02111	0.01498	0.01294	0.00817	0.00953	0.00681	0.00545	0.00477	0.00136	0.00953	0.00340	0.00272	0.00613
13	0.01096	0.00940	0.01096	0.00783	0.01253	0.00705	0.00626	0.01331	0.01096	0.01723	0.00940	0.01096	0.00783	0.00392	0.00392	0.00078	0.00392	0.00313	0.00313	0.84653
14	0.00952	0.00715	0.00853	0.00763	0.00944	0.00703	0.00583	0.13142	0.01524	0.02095	0.42369	0.10609	0.13034	0.02980	0.00675	0.00177	0.01986	0.00905	0.00527	0.04464
15	0.01265	0.01193	0.02119	0.01588	0.01957	0.01201	0.38405	0.15768	0.01354	0.01847	0.01213	0.01735	0.01030	0.12167	0.09715	0.00296	0.03754	0.00597	0.00326	0.02468
16	0.01953	0.01426	0.01526	0.01176	0.01583	0.01576	0.00970	0.72201	0.02409	0.03256	0.01294	0.01308	0.00924	0.00634	0.00520	0.00157	0.00563	0.00477	0.05170	0.00877
17	0.00998	0.00940	0.01586	0.80150	0.03641	0.01175	0.01468	0.01351	0.01057	0.01351	0.00940	0.01409	0.00705	0.00529	0.00529	0.00176	0.00705	0.00470	0.00235	0.00587
18	0.14109	0.01239	0.01319	0.01040	0.01418	0.01344	0.00854	0.46910	0.03556	0.13517	0.03780	0.01423	0.01079	0.00631	0.00494	0.00159	0.00505	0.00475	0.05336	0.00814
19	0.01233	0.01179	0.02010	0.21952	0.60005	0.01236	0.01585	0.01556	0.01168	0.01636	0.00981	0.01333	0.00805	0.00485	0.00525	0.00162	0.00647	0.00471	0.00255	0.00777
20	0.00852	0.00608	0.00852	0.00974	0.01095	0.00608	0.00852	0.01095	0.01217	0.01582	0.02799	0.05963	0.03042	0.01460	0.00730	0.00243	0.00487	0.74565	0.00487	0.00487
21	0.04497	0.00982	0.01264	0.00972	0.01380	0.00905	0.00803	0.12550	0.01629	0.66304	0.01940	0.01703	0.01234	0.00647	0.00526	0.00163	0.00467	0.00518	0.00629	0.00891
22	0.01060	0.02735	0.78682	0.01507	0.02288	0.01228	0.01953	0.01674	0.01116	0.01674	0.00949	0.01116	0.00670	0.00502	0.00502	0.00167	0.00781	0.00391	0.00223	0.00781
23	0.00644	0.00460	0.00613	0.00736	0.00767	0.00429	0.00491	0.00736	0.01012	0.01350	0.02914	0.81076	0.03497	0.01656	0.00675	0.00215	0.00307	0.01503	0.00491	0.00429
24	0.00644	0.00460	0.00613	0.00736	0.00767	0.00429	0.00491	0.00736	0.01012	0.01350	0.02914	0.81076	0.03497	0.01656	0.00675	0.00215	0.00307	0.01503	0.00491	0.00429
25	0.00769	0.00513	0.00577	0.00577	0.00577	0.00513	0.00320	0.00769	0.00769	0.01025	0.01666	0.03460	0.01922	0.81421	0.02691	0.00513	0.00513	0.00769	0.00320	0.00320
26	0.01073	0.04470	0.74997	0.01512	0.02280	0.01250	0.03880	0.01673	0.01119	0.01665	0.00947	0.01118	0.00673	0.00500	0.00502	0.00166	0.00779	0.00394	0.00224	0.00777
27	0.01478	0.01193	0.01255	0.01092	0.01413	0.02720	0.00859	0.12577	0.61685	0.06567	0.02007	0.01851	0.01485	0.00700	0.00535	0.00175	0.00451	0.00573	0.00538	0.00845
28	0.00755	0.00566	0.00850	0.00850	0.00944	0.00661	0.00661	0.00944	0.00850	0.01227	0.01416	0.02077	0.01322	0.03965	0.79326	0.00850	0.01416	0.00566	0.00283	0.00472
29	0.78088	0.05504	0.00911	0.00722	0.01059	0.01249	0.00604	0.03743	0.00956	0.02338	0.00752	0.00870	0.00588	0.00493	0.00334	0.00161	0.00423	0.00292	0.00327	0.00588
30	0.00735	0.00540	0.00688	0.00651	0.00782	0.00493	0.00488	0.00972	0.01465	0.02046	0.70051	0.04071	0.12828	0.01109	0.00624	0.00168	0.00251	0.00973	0.00572	0.00493
31	0.01094	0.00940	0.01107	0.02474	0.01304	0.00715	0.00644	0.01332	0.01095	0.01715	0.00940	0.01103	0.00781	0.00394	0.00394	0.00080	0.00398	0.00317	0.00312	0.82861
32	0.02037	0.01437	0.01560	0.01196	0.01618	0.01575	0.00988	0.70848	0.02413	0.08947	0.01330	0.01309	0.00930	0.00636	0.00529	0.00159	0.00572	0.00480	0.00538	0.00899
33	0.00692	0.00530	0.00634	0.00627	0.00760	0.00472	0.00463	0.00882	0.01336	0.01783	0.43239	0.13127	0.31061	0.01239	0.00630	0.00176	0.00263	0.01076	0.00539	0.00472
34	0.02334	0.00891	0.01215	0.00934	0.01336	0.00770	0.00770	0.02539	0.01513	0.76687	0.03873	0.01850	0.01395	0.00664	0.00534	0.00164	0.00445	0.00542	0.00653	0.00890
35	0.00768	0.00516	0.00595	0.00595	0.00601	0.00522	0.00343	0.00781	0.00774	0.01039	0.01649	0.03367	0.01882	0.76232	0.07825	0.00535	0.00573	0.00755	0.00318	0.00330
36	0.85155	0.01022	0.00777	0.00695	0.01022	0.01186	0.00573	0.01554	0.00900	0.02372	0.00736	0.00859	0.00573	0.00491	0.00327	0.00164	0.00409	0.00286	0.00327	0.00573
37	0.00720	0.00542	0.00668	0.00644	0.00783	0.00490	0.00488	0.00939	0.01408	0.01915	0.55568	0.04334	0.24146	0.01165	0.00628	0.00173	0.00264	0.04088	0.00554	0.00484
38	0.01437	0.79753	0.02732	0.00905	0.01357	0.02060	0.00901	0.01607	0.01085	0.03142	0.00768	0.00871	0.00694	0.00457	0.00344	0.00114	0.00563	0.00289	0.00237	0.00684
39	0.09578	0.07484	0.01347	0.00957	0.01355	0.05645	0.00797	0.06706	0.01480	0.56591	0.01735	0.01559	0.01132	0.00616	0.00495	0.00158	0.00493	0.00475	0.00561	0.00836
40	0.01954	0.00807	0.01093	0.00870	0.01205	0.00705	0.00705	0.02170	0.01509	0.58834	0.21584	0.02353	0.02256	0.00764	0.00555	0.00164	0.00398	0.00641	0.00636	0.00797
41	0.00769	0.00513	0.00577	0.00577	0.00577	0.00513	0.00320	0.00769	0.00769	0.01025	0.01666	0.03460	0.01922	0.81421	0.02691	0.00513	0.00513	0.00769	0.00320	0.00320
42	0.12601	0.01422	0.01483	0.01150	0.01561	0.01582	0.00950	0.66831	0.02284	0.03209	0.01201	0.01217	0.00857	0.00616	0.00503	0.00159	0.00560	0.00452	0.00503	0.00857
43	0.00755	0.00566	0.00850	0.00850	0.00944	0.00661	0.00661	0.00944	0.00850	0.01227	0.01416	0.02077	0.01322	0.03965	0.79326	0.00850	0.01416	0.00566	0.00283	0.00472
44	0.01340	0.01190	0.01950	0.02827	0.64185	0.01192	0.01460	0.04767	0.02892	0.05350	0.01218	0.07019	0.01068	0.00576	0.00535	0.00162	0.00590	0.00550	0.00313	0.00814
45	0.00819	0.00657	0.00951	0.00916	0.00987	0.00802	0.00714	0.00980	0.00842	0.01224	0.01358	0.04330	0.01323	0.08712	0.59000	0.00706	0.14328	0.00591	0.00283	0.00478
46	0.01975	0.02520	0.01498	0.01362	0.01634	0.79299	0.01021	0.02111	0.01498	0.01294	0.00817	0.00953	0.00681	0.00545	0.00477	0.00136	0.00953	0.00340	0.00272	0.00613
47	0.01241	0.01396	0.03001	0.05555	0.06972	0.01326	0.68937	0.01675	0.01237	0.01681	0.01060	0.01419	0.00800	0.00451	0.00614	0.00177	0.00869	0.00609	0.00266	0.00715
48	0.03329	0.01266	0.02187	0.10412	0.25303	0.05537	0.28076	0.01539	0.01171	0.01605	0.01166	0.08981	0.01043	0.00613	0.00638	0.00176	0.05370	0.00612	0.00283	0.00693
49	0.00881	0.00796	0.01220	0.06170	0.01329	0.00919	0.08454	0.01033	0.00979	0.01354	0.02002	0.38105	0.05278	0.03606	0.02289	0.00231	0.23481	0.00995	0.00369	0.00510
50	0.85155	0.01022	0.00777	0.00695	0.01022	0.01186	0.00573	0.01554	0.00900	0.02372	0.00736	0.00859	0.00573	0.00491	0.00327	0.00164	0.00409	0.00286	0.00327	0.00573
51	0.00922	0.00917	0.00809	0.03104	0.02534	0.14785	0.00589	0.01080	0.01280	0.01513	0.17025	0.08099	0.40201	0.04004	0.00670	0.00182	0.00420	0.00924	0.00449	0.00492
52	0.00985	0.00493	0.00493	0.00493	0.00616	0.00493	0.00370	0.01232	0.01109	0.01971	0.01725	0.01971	0.01355	0.00616	0.00370	0.00123	0.00246	0.00493	0.84356	0.00493
53	0.09867	0.25306	0.11395	0.03884	0.10727	0.17316	0.02631	0.05150	0.02955	0.02748	0.00904	0.01066	0.00736	0.00538	0.00480	0.02296	0.00666	0.00368	0.00278	0.00689
54	0.01256	0.09000	0.23792	0.11380	0.30093	0.04531	0.01527	0.04743	0.01210	0.01673	0.00952	0.01196	0.00753	0.00491	0.00492	0.00153	0.00673	0.00417	0.00259	0.05411
55	0.01388	0.72439	0.02567	0.00907	0.01336	0.03880	0.00882	0.01617	0.04637	0.01298	0.01008	0.01091	0.04143	0.00506	0.00365	0.00120	0.00555	0.00336	0.00254	0.00674
56	0.82539	0.01037	0.00802	0.00712	0.01042	0.01200	0.00586	0.03908	0.00950	0.02402	0.00753	0.00872	0.00583	0.00495	0.00334	0.00163	0.00414	0.00292	0.00334	0.00583
57	0.00652	0.00477	0.00607	0.00699	0.00754	0.00439	0.00473	0.00755	0.01057	0.01391	0.07351	0.63622	0.13701	0.04448	0.00738	0.00218	0.00306	0.01393	0.00490	0.00432
58	0.01881	0.00803	0.01075	0.00877	0.01196	0.00714	0.00702	0.02131	0.04185	0.54827	0.16141	0.09219	0.02192	0.00824	0.00561	0.00169	0.00399	0.00698	0.00622	0.00782
59	0.00657	0.00532	0.00585	0.00591	0.00744	0.00460	0.00441	0.00814	0.01247	0.01564	0.19639	0.11549	0.54762	0.01318	0.00632	0.00181	0.00273	0.03047	0.00509	0.00456
60	0.01255	0.00820	0.00804	0.00715	0.00914	0.04435	0.00558	0.17337	0.03830	0.02218	0.01591	0.01777	0.01234	0.00705	0.02426	0.00152	0.00386	0.00487	0.57760	0.00595
61	0.01458	0.01072	0.01191	0.00934	0.01304	0.01058	0.00758	0.31023	0.04407	0.04156	0.03271	0.01632	0.01161	0.00604	0.00473	0.00132	0.00450	0.03889	0.12132	0.28894
62	0.73445	0.01261	0.11625	0.00808	0.01199	0.01192	0.00765	0.01571	0.00930	0.02275	0.00766	0.00895	0.00586	0.00492	0.00352	0.00164	0.00461	0.00301	0.00313	0.00602
63	0.00834	0.00641	0.00810	0.00774	0.00785	0.00737	0.00529	0.00883	0.00821	0.01142	0.03299	0.10131	0.01854	0.51285	0.06882	0.00441	0.16667	0.00767	0.00322	0.00396
64	0.13176	0.01282	0.01287	0.01112	0.01431	0.10240	0.04348	0.11756	0.34514	0.06564	0.01684	0.01885	0.01326	0.00697	0.00519	0.00174	0.00529	0.06259	0.00467	0.00753
65	0.01459	0.01103	0.01200	0.01057	0.01371	0.01242	0.00829	0.02777	0.66853	0.12611	0.02143	0.01949	0.01572	0.00709	0.00537	0.00177	0.00423	0.00589	0.00554	0.00845
66	0.01567	0.01194	0.01265	0.01055	0.01383	0.01340	0.00844	0.34147	0.34534	0.02659	0.01714	0.01670	0.01271	0.00668	0.00511	0.00163	0.00465	0.00531	0.12206	0.00816
67	0.01182	0.01199	0.01615	0.01387	0.01396	0.04064	0.01152	0.01299	0.00831	0.01273	0.00698	0.01150	0.00694	0.00913	0.01695	0.00228	0.77952	0.00459	0.00233	0.00579
68	0.00959	0.00625	0.00797	0.00719	0.00887	0.00588	0.00550	0.04382	0.03053	0.09141	0.64285	0.03628	0.06268	0.01022	0.00609	0.00166	0.00286	0.00894	0.00583	0.00558
69	0.00642	0.00536	0.00559	0.00554	0.00725	0.00454	0.00415	0.00792	0.01246	0.01524	0.15449	0.04929	0.67755	0.01303	0.00625	0.00177	0.00265	0.01093	0.00504	0.00454
70	0.01096	0.00940	0.01096	0.00783	0.01253	0.00705	0.00626	0.01331	0.01096	0.01723	0.00940	0.01096	0.00783	0.00392	0.00392	0.00078	0.00392	0.00313	0.00313	0.84653

[dist]
# distance from previous block
# <min> <max>
0	8

[block]
# block no. 4 follows, 46 sequences, length 89
# corresponding to MSA columns:
# 293-381
name=unknown_E
#
# <colnr> <probs for GDERKNQSTAVLIFYWHMCP>
#	G	D	E	R	K	N	Q	S	T	A	V	L	I	F	Y	W	H	M	C	P
0	0.00745	0.00521	0.00580	0.00585	0.00624	0.00504	0.00358	0.00780	0.00869	0.01124	0.02404	0.03868	0.16195	0.63111	0.02223	0.00439	0.00466	0.03895	0.00359	0.00351
1	0.00769	0.00576	0.00698	0.00678	0.00814	0.00536	0.00502	0.04997	0.01395	0.01886	0.43260	0.18087	0.21390	0.01221	0.00628	0.00177	0.00282	0.01066	0.00541	0.00496
2	0.06229	0.25877	0.05663	0.01519	0.15874	0.21673	0.01111	0.06661	0.01304	0.05222	0.00913	0.01059	0.00747	0.00523	0.00489	0.00142	0.03623	0.00369	0.00290	0.00712
3	0.85155	0.01022	0.00777	0.00695	0.01022	0.01186	0.00573	0.01554	0.00900	0.02372	0.00736	0.00859	0.00573	0.00491	0.00327	0.00164	0.00409	0.00286	0.00327	0.00573
4	0.01082	0.02585	0.70022	0.01589	0.02342	0.01240	0.10463	0.01676	0.01131	0.01676	0.00963	0.01152	0.00685	0.00496	0.00516	0.00169	0.00794	0.00417	0.00228	0.00773
5	0.01132	0.00939	0.01100	0.00787	0.01256	0.00707	0.00631	0.01366	0.01108	0.03880	0.00972	0.01116	0.00798	0.00399	0.00395	0.00081	0.00393	0.00319	0.00323	0.82299
6	0.00746	0.00596	0.02631	0.00679	0.00826	0.00514	0.00532	0.00992	0.01451	0.02027	0.66969	0.04037	0.12279	0.01101	0.00623	0.00169	0.00269	0.02496	0.00562	0.00500
7	0.00786	0.00572	0.00780	0.00805	0.00885	0.00619	0.00593	0.02980	0.02990	0.01330	0.01919	0.22945	0.02047	0.13049	0.39050	0.02071	0.00894	0.04860	0.00366	0.00459
8	0.15769	0.05520	0.37079	0.03476	0.23322	0.01269	0.03114	0.01628	0.01103	0.01785	0.00917	0.01126	0.00704	0.00489	0.00473	0.00162	0.00665	0.00397	0.00253	0.00751
9	0.27545	0.00937	0.01090	0.00866	0.01250	0.00901	0.00715	0.02265	0.01327	0.55344	0.01675	0.01513	0.01085	0.00605	0.00469	0.00164	0.00437	0.00457	0.00555	0.00800
10	0.01344	0.00730	0.00789	0.00684	0.00898	0.00746	0.00539	0.15830	0.01421	0.11175	0.01679	0.01816	0.01262	0.00624	0.00419	0.00135	0.00335	0.00494	0.58460	0.00618
11	0.01017	0.00535	0.00546	0.00529	0.00664	0.00539	0.00401	0.04255	0.01180	0.02032	0.04863	0.02025	0.01487	0.00636	0.00387	0.00126	0.00260	0.00511	0.77497	0.00509
12	0.00998	0.00940	0.01586	0.80150	0.03641	0.01175	0.01468	0.01351	0.01057	0.01351	0.00940	0.01409	0.00705	0.00529	0.00529	0.00176	0.00705	0.00470	0.00235	0.00587
13	0.01388	0.01142	0.01214	0.01077	0.01386	0.01309	0.00842	0.06144	0.70808	0.05251	0.02109	0.01934	0.01569	0.00711	0.00537	0.00178	0.00427	0.00590	0.00542	0.00842
14	0.01918	0.02291	0.01448	0.01288	0.01585	0.68047	0.00973	0.02067	0.01463	0.05534	0.00897	0.01012	0.00724	0.00537	0.00472	0.00133	0.00876	0.00348	0.00297	0.08089
15	0.00686	0.00538	0.00620	0.00600	0.00752	0.00472	0.00450	0.00877	0.01350	0.01771	0.41322	0.04523	0.41728	0.01211	0.00624	0.00172	0.00259	0.01037	0.00536	0.00472
16	0.85155	0.01022	0.00777	0.00695	0.01022	0.01186	0.00573	0.01554	0.00900	0.02372	0.00736	0.00859	0.00573	0.00491	0.00327	0.00164	0.00409	0.00286	0.00327	0.00573
17	0.85155	0.01022	0.00777	0.00695	0.01022	0.01186	0.00573	0.01554	0.00900	0.02372	0.00736	0.00859	0.00573	0.00491	0.00327	0.00164	0.00409	0.00286	0.00327	0.00573
18	0.00808	0.00588	0.00806	0.00792	0.00874	0.00660	0.00584	0.03868	0.00893	0.01257	0.01476	0.02411	0.01464	0.24324	0.55950	0.00733	0.01144	0.00616	0.00303	0.00449
19	0.01197	0.01229	0.01685	0.01427	0.01464	0.05001	0.04700	0.01329	0.00860	0.01293	0.00717	0.01160	0.00699	0.00886	0.01627	0.00225	0.73216	0.00465	0.00235	0.00586
20	0.00714	0.00539	0.00659	0.00629	0.00769	0.00484	0.00472	0.00931	0.01415	0.01927	0.57610	0.04267	0.25343	0.01153	0.00624	0.00170	0.00255	0.01001	0.00557	0.00484
21	0.01327	0.01142	0.01202	0.01078	0.01379	0.01321	0.00840	0.04127	0.75830	0.02232	0.02136	0.01960	0.01601	0.00716	0.00538	0.00179	0.00421	0.00596	0.00538	0.00838
22	0.01441	0.72365	0.05998	0.00958	0.01418	0.04103	0.00958	0.05138	0.01154	0.01363	0.00772	0.00882	0.00689	0.00466	0.00359	0.00118	0.00586	0.00298	0.00242	0.00692
23	0.00780	0.00582	0.00839	0.00832	0.00918	0.00671	0.00634	0.02041	0.00867	0.01239	0.01456	0.03647	0.01411	0.12484	0.66772	0.00779	0.02687	0.00603	0.00294	0.00462
24	0.00665	0.00474	0.00633	0.00752	0.00789	0.00447	0.00517	0.00768	0.01023	0.01360	0.02869	0.72512	0.03414	0.03881	0.00736	0.00226	0.00328	0.07691	0.00486	0.00431
25	0.01255	0.01201	0.02048	0.16615	0.65174	0.01242	0.01596	0.01575	0.01178	0.01662	0.00985	0.01326	0.00814	0.00481	0.00524	0.00160	0.00641	0.00471	0.00257	0.00794
26	0.01212	0.01356	0.02900	0.13387	0.02889	0.01314	0.65501	0.01644	0.01220	0.01644	0.01051	0.01424	0.00788	0.00458	0.00610	0.00178	0.00865	0.00602	0.00263	0.00695
27	0.00644	0.00462	0.00611	0.00731	0.00765	0.00430	0.00488	0.00737	0.01017	0.01352	0.02980	0.79001	0.05528	0.01648	0.00673	0.00214	0.00306	0.01492	0.00491	0.00430
28	0.00644	0.00462	0.00611	0.00731	0.00765	0.00430	0.00489	0.00737	0.01017	0.01351	0.02974	0.79187	0.05347	0.01648	0.00674	0.00214	0.00306	0.01493	0.00491	0.00430
29	0.01954	0.01427	0.01527	0.01177	0.01584	0.01577	0.00970	0.72271	0.02411	0.03258	0.01294	0.01307	0.00924	0.00634	0.00520	0.00157	0.00563	0.00477	0.05092	0.00877
30	0.00644	0.00460	0.00613	0.00736	0.00767	0.00429	0.00491	0.00736	0.01012	0.01350	0.02914	0.81076	0.03497	0.01656	0.00675	0.00215	0.00307	0.01503	0.00491	0.00429
31	0.01306	0.01364	0.06419	0.02967	0.62436	0.01275	0.10997	0.03675	0.01240	0.01764	0.01009	0.01312	0.00826	0.00474	0.00535	0.00160	0.00668	0.00486	0.00268	0.00820
32	0.00797	0.00627	0.00929	0.00905	0.00990	0.00760	0.00712	0.00978	0.00845	0.01232	0.01342	0.01982	0.01257	0.03652	0.71330	0.00786	0.09561	0.00556	0.00278	0.00483
33	0.01122	0.00955	0.01110	0.00795	0.01264	0.00731	0.00637	0.03433	0.01135	0.01768	0.00949	0.01101	0.00786	0.00398	0.00395	0.00081	0.00397	0.00318	0.00319	0.82307
34	0.00955	0.00866	0.01174	0.01060	0.01144	0.04861	0.04400	0.01106	0.00883	0.01244	0.01229	0.03859	0.01212	0.12279	0.37742	0.00546	0.24087	0.00576	0.00277	0.00501
35	0.01157	0.01157	0.01619	0.01388	0.01388	0.01619	0.01157	0.01272	0.00810	0.01272	0.00694	0.01157	0.00694	0.00925	0.01735	0.00231	0.80453	0.00463	0.00231	0.00578
36	0.01017	0.00742	0.00918	0.00914	0.01096	0.00759	0.00758	0.09968	0.08354	0.03503	0.15200	0.06597	0.09671	0.01211	0.00657	0.00207	0.00427	0.36915	0.00516	0.00572
37	0.02078	0.01350	0.01423	0.01118	0.01517	0.08751	0.00911	0.38336	0.05674	0.29198	0.01546	0.01454	0.01053	0.00632	0.00522	0.00157	0.00559	0.00485	0.00544	0.02692
38	0.01485	0.01427	0.01643	0.26956	0.14389	0.15915	0.01256	0.20067	0.01501	0.01885	0.01062	0.01316	0.02037	0.00589	0.00603	0.00165	0.06217	0.00457	0.00323	0.00706
39	0.00684	0.00509	0.00570	0.00599	0.00675	0.00467	0.00392	0.00757	0.00995	0.01258	0.03387	0.22586	0.31612	0.31516	0.01413	0.00313	0.00369	0.01078	0.00427	0.00395
40	0.04848	0.01113	0.01179	0.01042	0.01345	0.01267	0.00817	0.07652	0.62015	0.05104	0.06151	0.01980	0.01694	0.00720	0.00533	0.00176	0.00421	0.00594	0.00535	0.00814
41	0.00912	0.00461	0.00684	0.00684	0.00684	0.00461	0.00453	0.00692	0.00692	0.00923	0.00951	0.01688	0.00962	0.05315	0.02093	0.80943	0.00461	0.00473	0.00234	0.00234
42	0.01080	0.07035	0.74550	0.01474	0.02237	0.01275	0.01896	0.01669	0.01114	0.01651	0.00937	0.01102	0.00670	0.00500	0.00493	0.00164	0.00770	0.00385	0.00223	0.00776
43	0.01291	0.01238	0.02114	0.07596	0.73909	0.01251	0.01614	0.01607	0.01195	0.01706	0.00991	0.01314	0.00830	0.00474	0.00524	0.00158	0.00632	0.00471	0.00260	0.00823
44	0.01384	0.00710	0.00931	0.00788	0.01027	0.00648	0.00620	0.04856	0.01546	0.29477	0.47412	0.03063	0.03494	0.00909	0.00587	0.00165	0.00336	0.00783	0.00606	0.00660
45	0.01073	0.05566	0.75961	0.01485	0.02255	0.01259	0.01916	0.01671	0.01115	0.01659	0.00941	0.01107	0.00670	0.00500	0.00496	0.00165	0.00774	0.00387	0.00223	0.00778
46	0.03649	0.38067	0.35292	0.01178	0.01749	0.01605	0.01349	0.01664	0.01101	0.05667	0.00899	0.01027	0.00707	0.00503	0.00471	0.00145	0.03596	0.00349	0.00251	0.00728
47	0.00644	0.00460	0.00613	0.00736	0.00767	0.00429	0.00491	0.00736	0.01012	0.01350	0.02914	0.81076	0.03497	0.01656	0.00675	0.00215	0.00307	0.01503	0.00491	0.00429
48	0.01308	0.01256	0.02146	0.03245	0.78123	0.01256	0.01622	0.01622	0.01204	0.01727	0.00994	0.01308	0.00837	0.00471	0.00523	0.00157	0.00628	0.00471	0.00262	0.00837
49	0.00969	0.00807	0.01281	0.01483	0.15437	0.00804	0.07643	0.01281	0.04515	0.01621	0.02297	0.12761	0.02424	0.01177	0.00668	0.00216	0.00526	0.43082	0.00428	0.00581
50	0.01060	0.02735	0.78682	0.01507	0.02288	0.01228	0.01953	0.01674	0.01116	0.01674	0.00949	0.01116	0.00670	0.00502	0.00502	0.00167	0.00781	0.00391	0.00223	0.00781
51	0.01135	0.01125	0.01578	0.01359	0.01364	0.01567	0.01130	0.01254	0.00812	0.01270	0.00733	0.01206	0.00728	0.01090	0.05937	0.00265	0.76173	0.00468	0.00234	0.00573
52	0.09757	0.00548	0.00522	0.00514	0.00658	0.00565	0.00391	0.01265	0.01087	0.02013	0.01622	0.01855	0.01273	0.00603	0.00365	0.00127	0.00263	0.00471	0.75599	0.00501
53	0.00755	0.00566	0.00850	0.00850	0.00944	0.00661	0.00661	0.00944	0.00850	0.01227	0.01416	0.02077	0.01322	0.03965	0.79326	0.00850	0.01416	0.00566	0.00283	0.00472
54	0.00656	0.00537	0.00578	0.00568	0.00733	0.00459	0.00426	0.00819	0.01278	0.01601	0.23505	0.04803	0.59651	0.01274	0.00624	0.00175	0.00263	0.01076	0.00514	0.00459
55	0.02347	0.00914	0.01233	0.00948	0.01355	0.00802	0.00782	0.03909	0.02875	0.75780	0.02072	0.01793	0.01307	0.00655	0.00532	0.00164	0.00452	0.00532	0.00650	0.00899
56	0.01201	0.00944	0.04815	0.00970	0.01292	0.00797	0.06315	0.06977	0.04657	0.11697	0.05883	0.21457	0.01836	0.02517	0.02733	0.00180	0.00471	0.00741	0.00434	0.24081
57	0.01438	0.78276	0.02715	0.00925	0.01369	0.05466	0.00910	0.01606	0.01093	0.01246	0.00739	0.00853	0.00679	0.00456	0.00345	0.00114	0.00582	0.00285	0.00228	0.00676
58	0.00756	0.00565	0.00842	0.00842	0.00934	0.00657	0.00652	0.00939	0.00847	0.01222	0.01423	0.02114	0.01338	0.06042	0.77271	0.00841	0.01392	0.00572	0.00284	0.00468
59	0.01849	0.00845	0.01148	0.00963	0.01256	0.00809	0.00794	0.02073	0.03017	0.50801	0.04922	0.05327	0.01758	0.02536	0.00723	0.00192	0.07546	0.12106	0.00573	0.00762
60	0.01784	0.01558	0.12708	0.01209	0.01653	0.01446	0.01093	0.56241	0.02128	0.06491	0.01387	0.07362	0.01083	0.00694	0.00536	0.00164	0.00584	0.00545	0.00487	0.00846
61	0.01060	0.02735	0.78682	0.01507	0.02288	0.01228	0.01953	0.01674	0.01116	0.01674	0.00949	0.01116	0.00670	0.00502	0.00502	0.00167	0.00781	0.00391	0.00223	0.00781
