[name]
unknown

[dist]
# distance from previous block
# <min> <max>
0	33

[block]
# block no. 0 follows, 45 sequences, length 44
# corresponding to MSA columns:
# 33-76
name=unknown_A
#
# <colnr> <probs for GDERKNQSTAVLIFYWHMCP>
#	G	D	E	R	K	N	Q	S	T	A	V	L	I	F	Y	W	H	M	C	P
0	0.12346	0.04835	0.06820	0.03753	0.04477	0.02755	0.00871	0.05405	0.11663	0.09591	0.04726	0.09650	0.01459	0.00712	0.00498	0.00157	0.00478	0.02861	0.00416	0.16527
1	0.01578	0.06921	0.12159	0.01802	0.22497	0.06469	0.03725	0.14686	0.10992	0.10559	0.02564	0.01429	0.01038	0.00576	0.00522	0.00161	0.00624	0.00483	0.00391	0.00825
2	0.03148	0.05671	0.16406	0.01308	0.09179	0.07947	0.01101	0.05275	0.04972	0.13860	0.10039	0.03635	0.03081	0.00957	0.05801	0.00215	0.00636	0.05644	0.00411	0.00714
3	0.10870	0.06864	0.14608	0.01333	0.11823	0.01090	0.02902	0.05703	0.01238	0.08773	0.05315	0.08195	0.01270	0.00639	0.00508	0.00152	0.01704	0.00526	0.00362	0.16126
4	0.01515	0.55757	0.09834	0.01106	0.01586	0.07290	0.06196	0.01750	0.01176	0.08099	0.00917	0.01020	0.00753	0.00488	0.00407	0.00131	0.00635	0.00348	0.00274	0.00716
5	0.00813	0.00583	0.00758	0.00749	0.00838	0.00617	0.00535	0.00988	0.03499	0.01304	0.01684	0.10209	0.01728	0.26746	0.36294	0.00584	0.00883	0.00714	0.05545	0.04931
6	0.05029	0.07840	0.25488	0.03042	0.12238	0.01331	0.02730	0.18497	0.01517	0.15386	0.01220	0.01296	0.00868	0.00558	0.00507	0.00162	0.00636	0.00445	0.00383	0.00827
7	0.01810	0.04313	0.13159	0.01165	0.01616	0.01108	0.05030	0.09569	0.04070	0.35857	0.01529	0.01496	0.01046	0.00619	0.00619	0.00163	0.07016	0.00483	0.00476	0.08854
8	0.00661	0.00471	0.00624	0.00740	0.00772	0.00441	0.00493	0.00755	0.01031	0.01377	0.04633	0.76355	0.03530	0.04404	0.00754	0.00227	0.00317	0.01488	0.00494	0.00434
9	0.01079	0.01155	0.06777	0.38056	0.11868	0.03443	0.05266	0.01382	0.01063	0.01427	0.01093	0.05716	0.00965	0.04255	0.04167	0.00228	0.10627	0.00549	0.00263	0.00622
10	0.01229	0.15894	0.58091	0.01413	0.02099	0.09131	0.01711	0.01729	0.01165	0.01589	0.00914	0.01071	0.00683	0.00506	0.00480	0.00158	0.00774	0.00373	0.00232	0.00759
11	0.00660	0.00474	0.00627	0.00748	0.00787	0.00442	0.00506	0.00759	0.01040	0.01380	0.03033	0.76238	0.05859	0.01666	0.00685	0.00218	0.00316	0.03628	0.00498	0.00438
12	0.00899	0.00593	0.00722	0.00699	0.00784	0.00589	0.00479	0.01088	0.05450	0.05787	0.20595	0.06092	0.02751	0.41243	0.05724	0.00387	0.00484	0.04743	0.00436	0.00454
13	0.05765	0.01165	0.01764	0.29926	0.29739	0.01293	0.02946	0.09872	0.08822	0.01881	0.01125	0.01406	0.00873	0.00543	0.00527	0.00170	0.00633	0.00484	0.00318	0.00750
14	0.01148	0.01078	0.01413	0.01141	0.01349	0.01239	0.00940	0.01318	0.00949	0.01491	0.00813	0.01148	0.00744	0.00703	0.01167	0.00167	0.45372	0.00404	0.00271	0.37145
15	0.01174	0.01174	0.01644	0.01409	0.01409	0.01644	0.01174	0.01292	0.00822	0.01292	0.00705	0.01174	0.00705	0.00940	0.01762	0.00235	0.80153	0.00470	0.00235	0.00587
16	0.00668	0.00570	0.00578	0.00571	0.00756	0.00493	0.00430	0.00867	0.04483	0.01506	0.07551	0.04994	0.72037	0.01324	0.00631	0.00181	0.00278	0.01105	0.00503	0.00472
17	0.01197	0.26814	0.50342	0.01371	0.02035	0.01529	0.04819	0.01664	0.01119	0.01558	0.00897	0.01064	0.00689	0.00501	0.00491	0.00155	0.02396	0.00375	0.00230	0.00754
18	0.02041	0.01504	0.01611	0.01235	0.01665	0.01665	0.01020	0.75997	0.02524	0.03383	0.01289	0.01289	0.00913	0.00644	0.00537	0.00161	0.00591	0.00483	0.00537	0.00913
19	0.00780	0.00522	0.00594	0.00594	0.00597	0.00525	0.00336	0.00786	0.00783	0.01047	0.01684	0.03471	0.01933	0.78836	0.05007	0.00531	0.00548	0.00774	0.00324	0.00330
20	0.01449	0.79506	0.02781	0.00930	0.01385	0.04025	0.00921	0.01621	0.01101	0.01264	0.00748	0.00864	0.00689	0.00462	0.00348	0.00115	0.00584	0.00288	0.00231	0.00687
21	0.00904	0.00777	0.01126	0.01047	0.01111	0.00999	0.00841	0.01071	0.00849	0.01262	0.01190	0.01794	0.01127	0.02985	0.52945	0.00651	0.27996	0.00540	0.00270	0.00516
22	0.00809	0.00561	0.00716	0.00782	0.00841	0.00558	0.00585	0.00929	0.01008	0.01325	0.02317	0.10759	0.02597	0.38508	0.01662	0.00372	0.00492	0.34351	0.00416	0.00411
23	0.00870	0.00678	0.00806	0.00766	0.00919	0.00682	0.00577	0.05994	0.08900	0.01917	0.33194	0.18064	0.19209	0.01189	0.00670	0.00184	0.03279	0.01022	0.00533	0.00546
24	0.01363	0.43997	0.21033	0.01310	0.06362	0.05872	0.04731	0.03631	0.02922	0.01504	0.00923	0.02464	0.00782	0.00511	0.00433	0.00140	0.00660	0.00380	0.00256	0.00727
25	0.01374	0.01604	0.22172	0.13099	0.14881	0.08067	0.01368	0.01714	0.01209	0.13527	0.04016	0.01553	0.01059	0.04700	0.02360	0.00202	0.05555	0.00489	0.00328	0.00724
26	0.84927	0.01038	0.00789	0.00706	0.01038	0.01204	0.00581	0.01578	0.00914	0.02408	0.00747	0.00872	0.00581	0.00498	0.00332	0.00166	0.00415	0.00291	0.00332	0.00581
27	0.00657	0.00474	0.00617	0.00730	0.00769	0.00440	0.00487	0.00750	0.01032	0.01365	0.03072	0.73692	0.08070	0.04154	0.00746	0.00225	0.00316	0.01478	0.00493	0.00434
28	0.03408	0.16852	0.49237	0.04847	0.04682	0.01412	0.05622	0.03523	0.01170	0.03160	0.00956	0.01130	0.00712	0.00504	0.00485	0.00160	0.00729	0.00398	0.00250	0.00764
29	0.01279	0.01261	0.10290	0.01603	0.20507	0.01133	0.01112	0.08622	0.22954	0.05346	0.11385	0.03552	0.07132	0.00739	0.00557	0.00171	0.00503	0.00636	0.00445	0.00773
30	0.01165	0.00669	0.00907	0.00927	0.01110	0.00637	0.00778	0.01406	0.02655	0.17887	0.04707	0.12594	0.06790	0.01299	0.00681	0.00220	0.00448	0.44004	0.00534	0.00582
31	0.00711	0.00504	0.00642	0.00704	0.00756	0.00477	0.00477	0.00824	0.01086	0.01465	0.17205	0.43429	0.05793	0.18618	0.01116	0.00274	0.00352	0.04661	0.00479	0.00429
32	0.01223	0.07228	0.01608	0.10081	0.06466	0.15009	0.12033	0.04659	0.03231	0.01561	0.01771	0.20202	0.04198	0.00906	0.00583	0.00181	0.00632	0.07453	0.00364	0.00612
33	0.07111	0.03692	0.01578	0.15110	0.04902	0.21557	0.01105	0.25385	0.01642	0.04713	0.01031	0.01203	0.00788	0.00606	0.00606	0.00164	0.07286	0.00430	0.00365	0.00725
34	0.00659	0.00539	0.00584	0.00602	0.00758	0.00464	0.00451	0.00805	0.01224	0.01504	0.10682	0.14001	0.59186	0.01383	0.00646	0.00188	0.00287	0.05072	0.00506	0.00458
35	0.01280	0.01324	0.04786	0.15705	0.53764	0.03286	0.08775	0.01624	0.01207	0.01674	0.01002	0.01341	0.00815	0.00488	0.00540	0.00165	0.00690	0.00487	0.00261	0.00788
36	0.03081	0.01003	0.01151	0.00839	0.01304	0.00819	0.00675	0.07355	0.03106	0.03829	0.01036	0.01162	0.00834	0.00434	0.00414	0.00093	0.00415	0.00343	0.00350	0.71756
37	0.00766	0.00554	0.00698	0.00680	0.00816	0.00505	0.00516	0.00987	0.01418	0.03282	0.53371	0.08508	0.18675	0.01197	0.00642	0.00179	0.00280	0.05865	0.00563	0.00499
38	0.01200	0.03702	0.44882	0.01607	0.07481	0.03304	0.08425	0.05761	0.05925	0.01787	0.03460	0.01380	0.00947	0.02563	0.00652	0.00181	0.05225	0.00470	0.00286	0.00762
39	0.00816	0.00568	0.00679	0.00645	0.00809	0.00501	0.00486	0.01013	0.01381	0.06974	0.40309	0.07627	0.33817	0.01198	0.00630	0.00176	0.00277	0.01031	0.00555	0.00510
40	0.01095	0.02962	0.01145	0.05824	0.04528	0.00964	0.00787	0.11845	0.03706	0.03143	0.15056	0.06386	0.04813	0.10977	0.13357	0.00325	0.08612	0.00690	0.00405	0.03381
41	0.03502	0.56597	0.05667	0.01005	0.01407	0.06193	0.00965	0.01642	0.01127	0.05461	0.03736	0.01080	0.00887	0.00549	0.00516	0.00136	0.08221	0.00352	0.00272	0.00682
42	0.01461	0.04638	0.01367	0.00976	0.01408	0.01152	0.00797	0.28316	0.03810	0.02305	0.01114	0.01252	0.00884	0.02492	0.00536	0.00128	0.02163	0.00399	0.00398	0.44405
43	0.06795	0.02680	0.01067	0.00914	0.01118	0.13597	0.00677	0.17041	0.03887	0.04010	0.01764	0.06372	0.07510	0.27343	0.01275	0.00282	0.02038	0.00654	0.00399	0.00576

[dist]
# distance from previous block
# <min> <max>
0	51

[block]
# block no. 1 follows, 45 sequences, length 8
# corresponding to MSA columns:
# 128-135
name=unknown_B
#
# <colnr> <probs for GDERKNQSTAVLIFYWHMCP>
#	G	D	E	R	K	N	Q	S	T	A	V	L	I	F	Y	W	H	M	C	P
0	0.00836	0.00684	0.00668	0.00659	0.00832	0.05421	0.00491	0.00973	0.01230	0.05598	0.06673	0.12153	0.53368	0.04817	0.00721	0.00198	0.00347	0.03358	0.00489	0.00484
1	0.01172	0.00780	0.01008	0.00991	0.05795	0.00825	0.00678	0.18357	0.01202	0.01620	0.01300	0.01884	0.03591	0.09275	0.10693	0.38868	0.00619	0.00536	0.00330	0.00475
2	0.05276	0.00530	0.00630	0.00684	0.00737	0.00518	0.00452	0.00834	0.00981	0.01371	0.06935	0.39048	0.06199	0.29137	0.01373	0.00317	0.00391	0.03741	0.00435	0.00412
3	0.19957	0.13039	0.28884	0.04485	0.01781	0.06250	0.01253	0.08726	0.01265	0.08296	0.01003	0.01112	0.00738	0.00530	0.00452	0.00159	0.00639	0.00378	0.00320	0.00734
4	0.01555	0.07182	0.05329	0.02179	0.33616	0.26024	0.03251	0.04917	0.01327	0.01608	0.00921	0.01162	0.00771	0.00547	0.00609	0.00157	0.07407	0.00423	0.00274	0.00742
5	0.10142	0.06442	0.01237	0.00840	0.01274	0.00942	0.00690	0.03840	0.01122	0.01817	0.00916	0.01079	0.00764	0.00448	0.00462	0.00102	0.04519	0.00326	0.00316	0.62722
6	0.01119	0.05511	0.19584	0.05174	0.06520	0.03061	0.04672	0.01443	0.01208	0.05091	0.19346	0.03300	0.01875	0.02211	0.02540	0.00191	0.09885	0.00587	0.00355	0.06326
7	0.00693	0.00523	0.00640	0.00659	0.00773	0.00470	0.00476	0.00865	0.01290	0.01721	0.34911	0.27032	0.25301	0.01345	0.00649	0.00187	0.00276	0.01181	0.00537	0.00470

[dist]
# distance from previous block
# <min> <max>
0	1

[block]
# block no. 2 follows, 45 sequences, length 6
# corresponding to MSA columns:
# 137-142
name=unknown_C
#
# <colnr> <probs for GDERKNQSTAVLIFYWHMCP>
#	G	D	E	R	K	N	Q	S	T	A	V	L	I	F	Y	W	H	M	C	P
0	0.04353	0.00705	0.00795	0.00773	0.00838	0.03915	0.00534	0.03567	0.00924	0.01285	0.01621	0.10835	0.01765	0.41416	0.19358	0.00507	0.05298	0.00746	0.00335	0.00430
1	0.01219	0.01113	0.05259	0.12146	0.06491	0.00944	0.03118	0.05031	0.01196	0.05133	0.01021	0.01224	0.00808	0.00472	0.00499	0.00119	0.03322	0.00386	0.00321	0.50178
2	0.01113	0.00954	0.01113	0.00795	0.01272	0.00716	0.00636	0.01352	0.01113	0.01749	0.00954	0.01113	0.00795	0.00398	0.00398	0.00080	0.00398	0.00318	0.00318	0.84417
3	0.01127	0.01157	0.09093	0.01610	0.10007	0.00981	0.22971	0.01515	0.05715	0.06040	0.01855	0.17689	0.01816	0.03288	0.00690	0.00205	0.00618	0.12579	0.00387	0.00658
4	0.01238	0.01138	0.01821	0.23443	0.43980	0.01208	0.01433	0.07836	0.01293	0.01761	0.01443	0.01720	0.08168	0.00593	0.00543	0.00167	0.00620	0.00541	0.00304	0.00749
5	0.06445	0.25561	0.32720	0.01401	0.09036	0.06104	0.01381	0.01623	0.01116	0.01558	0.00923	0.01129	0.00750	0.00794	0.07152	0.00210	0.00756	0.00378	0.00246	0.00718

[dist]
# distance from previous block
# <min> <max>
3	11

[block]
# block no. 3 follows, 45 sequences, length 29
# corresponding to MSA columns:
# 154-182
name=unknown_D
#
# <colnr> <probs for GDERKNQSTAVLIFYWHMCP>
#	G	D	E	R	K	N	Q	S	T	A	V	L	I	F	Y	W	H	M	C	P
0	0.08717	0.16185	0.25366	0.01648	0.14064	0.03110	0.10767	0.01748	0.01184	0.09191	0.01078	0.02759	0.00837	0.00527	0.00489	0.00159	0.00671	0.00446	0.00298	0.00757
1	0.01519	0.03337	0.01336	0.12177	0.05669	0.00936	0.00881	0.04193	0.05821	0.23403	0.01466	0.01514	0.02718	0.00548	0.00482	0.00134	0.00482	0.00452	0.00424	0.32507
2	0.00653	0.00471	0.00619	0.00737	0.00776	0.00437	0.00494	0.00749	0.01038	0.01374	0.03083	0.76979	0.07275	0.01666	0.00683	0.00216	0.00309	0.01506	0.00498	0.00437
3	0.00769	0.00598	0.00779	0.03561	0.00957	0.02904	0.00599	0.00902	0.00945	0.01276	0.02037	0.33412	0.02252	0.12454	0.33403	0.00519	0.00838	0.00967	0.00374	0.00451
4	0.01113	0.00954	0.01113	0.00795	0.01272	0.00716	0.00636	0.01352	0.01113	0.01749	0.00954	0.01113	0.00795	0.00398	0.00398	0.00080	0.00398	0.00318	0.00318	0.84417
5	0.01035	0.00784	0.01135	0.00961	0.01102	0.00815	0.10859	0.04711	0.04799	0.05221	0.01560	0.02698	0.01573	0.45975	0.10232	0.00445	0.04568	0.00688	0.00348	0.00493
6	0.01100	0.02592	0.68614	0.01628	0.04538	0.01267	0.07010	0.01687	0.01136	0.01690	0.00965	0.01162	0.00695	0.00518	0.00558	0.00172	0.03235	0.00418	0.00231	0.00784
7	0.01001	0.00500	0.00500	0.00500	0.00625	0.00500	0.00375	0.01251	0.01126	0.02001	0.01751	0.02001	0.01376	0.00625	0.00375	0.00125	0.00250	0.00500	0.84115	0.00500
8	0.01014	0.00954	0.01610	0.79845	0.03697	0.01193	0.01491	0.01371	0.01073	0.01371	0.00954	0.01431	0.00716	0.00537	0.00537	0.00179	0.00716	0.00477	0.00239	0.00596
9	0.01218	0.01360	0.02931	0.02127	0.02624	0.01277	0.68504	0.01643	0.01254	0.01697	0.01263	0.05435	0.01058	0.00562	0.00641	0.00186	0.00856	0.04371	0.00293	0.00699
10	0.08851	0.00938	0.01208	0.00944	0.01346	0.00855	0.00776	0.02549	0.06097	0.67536	0.02014	0.01762	0.01289	0.00655	0.00524	0.00167	0.00452	0.00524	0.00631	0.00883
11	0.15182	0.01202	0.01790	0.20995	0.44865	0.03842	0.01412	0.01587	0.01146	0.01757	0.00947	0.01265	0.00768	0.00498	0.00498	0.00164	0.00630	0.00442	0.00271	0.00738
12	0.00831	0.00681	0.00731	0.00715	0.00899	0.00662	0.00534	0.04911	0.14107	0.01682	0.05751	0.19420	0.44533	0.01274	0.00625	0.00187	0.00321	0.01085	0.00510	0.00541
13	0.01856	0.01412	0.01507	0.01198	0.01594	0.01579	0.00976	0.56907	0.21913	0.03086	0.01523	0.01475	0.01102	0.00666	0.00539	0.00167	0.00547	0.00516	0.00539	0.00896
14	0.00767	0.00575	0.00863	0.00863	0.00959	0.00671	0.00671	0.00959	0.00863	0.01246	0.01438	0.02109	0.01342	0.04026	0.79008	0.00863	0.01438	0.00575	0.00288	0.00479
15	0.01468	0.03563	0.01549	0.12966	0.07230	0.01366	0.03357	0.13337	0.31619	0.08354	0.01572	0.01624	0.01176	0.00666	0.00646	0.00178	0.07557	0.00534	0.00444	0.00795
16	0.79946	0.01039	0.00815	0.00726	0.01059	0.01198	0.00596	0.01648	0.03585	0.04290	0.00832	0.00935	0.00637	0.00510	0.00345	0.00167	0.00417	0.00308	0.00348	0.00599
17	0.01324	0.01632	0.21635	0.04606	0.37384	0.01267	0.01533	0.10356	0.06058	0.03322	0.01331	0.01509	0.04499	0.00568	0.00533	0.00166	0.00641	0.00498	0.00322	0.00817
18	0.00744	0.00507	0.00594	0.00627	0.00640	0.00496	0.00373	0.00772	0.00857	0.01138	0.02120	0.23953	0.04269	0.58161	0.02139	0.00432	0.00459	0.00986	0.00375	0.00358
19	0.01105	0.03472	0.04800	0.05251	0.22575	0.01075	0.01127	0.01595	0.14847	0.01710	0.03613	0.11855	0.01859	0.00929	0.00676	0.00194	0.05903	0.16339	0.00394	0.00681
20	0.01420	0.00699	0.00922	0.00792	0.01040	0.00621	0.00629	0.01644	0.01485	0.32816	0.36642	0.03334	0.10181	0.00965	0.00601	0.00173	0.00349	0.04413	0.00607	0.00666
21	0.01365	0.60053	0.15302	0.01047	0.01532	0.04232	0.01095	0.01643	0.03020	0.01366	0.00873	0.02839	0.00780	0.00518	0.00423	0.00132	0.02489	0.00349	0.00245	0.00700
22	0.00857	0.00593	0.00729	0.00697	0.00851	0.00548	0.00521	0.01128	0.05382	0.06831	0.43726	0.14087	0.19649	0.01181	0.00630	0.00178	0.00287	0.01031	0.00562	0.00531
23	0.05207	0.00616	0.02187	0.00693	0.03319	0.00598	0.00505	0.01228	0.01084	0.03506	0.03856	0.05658	0.01544	0.06530	0.08406	0.00236	0.00427	0.00575	0.53312	0.00514
24	0.00760	0.00522	0.00609	0.00629	0.00655	0.00516	0.00388	0.00798	0.00864	0.01140	0.02139	0.12541	0.07350	0.60228	0.04810	0.00461	0.00509	0.04358	0.00364	0.00360
25	0.01265	0.01488	0.06356	0.02339	0.10693	0.01344	0.64777	0.01711	0.01256	0.01722	0.01073	0.01422	0.00812	0.00458	0.00617	0.00178	0.00872	0.00607	0.00269	0.00740
26	0.00809	0.00563	0.00816	0.02778	0.00945	0.00637	0.00621	0.00945	0.00861	0.01249	0.01410	0.02142	0.01331	0.09589	0.56862	0.10245	0.01155	0.00572	0.06028	0.00443
27	0.11615	0.29651	0.01857	0.01108	0.01445	0.34119	0.00925	0.01848	0.01260	0.05287	0.00892	0.02556	0.00767	0.00559	0.00480	0.00141	0.04194	0.00357	0.00289	0.00650
28	0.16725	0.40395	0.10864	0.01039	0.01487	0.12092	0.01004	0.08025	0.01243	0.01709	0.00829	0.00945	0.00688	0.00501	0.00396	0.00138	0.00624	0.00325	0.00280	0.00691

[dist]
# distance from previous block
# <min> <max>
1	7

[block]
# block no. 4 follows, 45 sequences, length 27
# corresponding to MSA columns:
# 190-216
name=unknown_E
#
# <colnr> <probs for GDERKNQSTAVLIFYWHMCP>
#	G	D	E	R	K	N	Q	S	T	A	V	L	I	F	Y	W	H	M	C	P
0	0.01433	0.00907	0.01138	0.00914	0.01222	0.04417	0.03480	0.01665	0.01391	0.24890	0.27615	0.02333	0.02416	0.00754	0.00600	0.00150	0.04261	0.00630	0.00509	0.19273
1	0.00971	0.00692	0.00880	0.00745	0.00985	0.00601	0.01933	0.02529	0.01417	0.07522	0.45494	0.03280	0.11663	0.00929	0.00576	0.00152	0.00318	0.00807	0.00523	0.17984
2	0.00716	0.00568	0.00690	0.05216	0.00940	0.00522	0.00526	0.00917	0.01337	0.01751	0.36336	0.07189	0.37488	0.01212	0.00632	0.00178	0.00295	0.02478	0.00523	0.00485
3	0.01110	0.05681	0.01825	0.61858	0.06038	0.01266	0.07792	0.01454	0.01101	0.03309	0.00978	0.01399	0.00742	0.00537	0.00566	0.00176	0.02807	0.00481	0.00252	0.00629
4	0.01217	0.09345	0.45881	0.01453	0.02033	0.05034	0.06958	0.05938	0.01203	0.01683	0.01100	0.01288	0.03568	0.00595	0.00662	0.00172	0.10425	0.00443	0.00262	0.00740
5	0.01422	0.01410	0.03756	0.08952	0.39575	0.08945	0.03431	0.08983	0.11554	0.01899	0.01171	0.01379	0.00928	0.00537	0.00527	0.00160	0.00646	0.00479	0.00330	0.03916
6	0.00759	0.00537	0.00634	0.00645	0.00700	0.00526	0.00427	0.00836	0.00952	0.01254	0.07692	0.06076	0.13829	0.48580	0.07781	0.00438	0.00525	0.07038	0.00387	0.00386
7	0.03320	0.08811	0.03393	0.01302	0.01621	0.49854	0.01039	0.14812	0.04040	0.01724	0.00941	0.01060	0.00759	0.00583	0.00543	0.00148	0.04661	0.00379	0.00324	0.00687
8	0.00774	0.00521	0.00603	0.00608	0.00615	0.00525	0.00353	0.00789	0.00797	0.01068	0.01738	0.07107	0.01994	0.73104	0.06845	0.00525	0.00561	0.00805	0.00331	0.00339
9	0.84927	0.01038	0.00789	0.00706	0.01038	0.01204	0.00581	0.01578	0.00914	0.02408	0.00747	0.00872	0.00581	0.00498	0.00332	0.00166	0.00415	0.00291	0.00332	0.00581
10	0.01165	0.01378	0.09129	0.05584	0.06472	0.01303	0.39365	0.01529	0.01116	0.01570	0.01040	0.01444	0.00844	0.00983	0.10320	0.00271	0.14988	0.00561	0.00261	0.00677
11	0.00732	0.00511	0.00627	0.00688	0.00722	0.00494	0.00453	0.00801	0.00946	0.01248	0.02489	0.34264	0.06347	0.37870	0.01622	0.00357	0.00423	0.08596	0.00419	0.00392
12	0.01113	0.00954	0.01113	0.00795	0.01272	0.00716	0.00636	0.01352	0.01113	0.01749	0.00954	0.01113	0.00795	0.00398	0.00398	0.00080	0.00398	0.00318	0.00318	0.84417
13	0.00659	0.00545	0.00578	0.00570	0.00740	0.00464	0.00427	0.00818	0.01282	0.01589	0.19733	0.04937	0.63186	0.01307	0.00634	0.00179	0.00268	0.01101	0.00517	0.00464
14	0.00865	0.00618	0.00865	0.00989	0.01112	0.00618	0.00865	0.01112	0.01236	0.01606	0.02842	0.06055	0.03089	0.01483	0.00741	0.00247	0.00494	0.74174	0.00494	0.00494
15	0.00664	0.00479	0.00629	0.00730	0.00778	0.00444	0.00495	0.00776	0.01087	0.01454	0.10701	0.69284	0.07278	0.01606	0.00677	0.00211	0.00304	0.01450	0.00508	0.00444
16	0.01183	0.01096	0.01862	0.11632	0.47800	0.01119	0.05216	0.01496	0.01210	0.01674	0.01427	0.02428	0.01345	0.00714	0.00585	0.00183	0.00628	0.17354	0.00315	0.00733
17	0.02013	0.01490	0.01595	0.01229	0.01654	0.01652	0.01014	0.73141	0.05424	0.03339	0.01324	0.01317	0.00941	0.00648	0.00537	0.00162	0.00584	0.00488	0.00537	0.00910
18	0.01407	0.01441	0.06464	0.07678	0.56481	0.05893	0.01557	0.09265	0.01358	0.01867	0.01021	0.01298	0.00829	0.00505	0.00528	0.00160	0.00666	0.00466	0.00290	0.00824
19	0.00738	0.00565	0.00797	0.09723	0.03881	0.00566	0.00649	0.00891	0.01084	0.01459	0.08125	0.54730	0.07112	0.01493	0.03062	0.00223	0.00395	0.01251	0.02776	0.00478
20	0.01001	0.00500	0.00500	0.00500	0.00625	0.00500	0.00375	0.01251	0.01126	0.02001	0.01751	0.02001	0.01376	0.00625	0.00375	0.00125	0.00250	0.00500	0.84115	0.00500
21	0.01290	0.01284	0.01570	0.01351	0.01418	0.08781	0.01111	0.07301	0.01026	0.01457	0.00819	0.01236	0.00769	0.01117	0.07485	0.00268	0.60375	0.00467	0.00267	0.00608
22	0.00659	0.00469	0.00621	0.00741	0.00771	0.00439	0.00492	0.00749	0.01018	0.01358	0.02911	0.77878	0.03490	0.04671	0.00762	0.00229	0.00319	0.01498	0.00492	0.00432
23	0.01112	0.01078	0.01789	0.58779	0.12230	0.03262	0.07753	0.02874	0.01142	0.01480	0.00986	0.01422	0.00758	0.00608	0.02409	0.00192	0.00744	0.00489	0.00252	0.00641
24	0.56901	0.08698	0.03280	0.00848	0.01208	0.09487	0.00723	0.01759	0.01069	0.10554	0.00914	0.00994	0.00689	0.00519	0.00377	0.00158	0.00504	0.00327	0.00351	0.00638
25	0.01972	0.00841	0.01124	0.00911	0.01241	0.00756	0.00734	0.03760	0.01461	0.56979	0.06579	0.11077	0.06186	0.00852	0.00601	0.00175	0.02628	0.00707	0.00617	0.00801
26	0.01553	0.60009	0.02511	0.01142	0.05869	0.11489	0.00984	0.08275	0.01278	0.01486	0.00820	0.00939	0.00718	0.00488	0.00390	0.00124	0.00628	0.00323	0.00265	0.00710

[dist]
# distance from previous block
# <min> <max>
0	1

[block]
# block no. 5 follows, 45 sequences, length 66
# corresponding to MSA columns:
# 218-283
name=unknown_F
#
# <colnr> <probs for GDERKNQSTAVLIFYWHMCP>
#	G	D	E	R	K	N	Q	S	T	A	V	L	I	F	Y	W	H	M	C	P
0	0.05753	0.01054	0.01241	0.00937	0.01348	0.00977	0.04800	0.18768	0.02594	0.02205	0.01157	0.01296	0.00905	0.00500	0.00439	0.00116	0.00451	0.00402	0.11931	0.43128
1	0.01163	0.01420	0.13515	0.26897	0.19300	0.01255	0.21400	0.01568	0.01162	0.01611	0.01018	0.01378	0.00783	0.00509	0.00581	0.00174	0.02573	0.00508	0.02472	0.00712
2	0.01363	0.01369	0.02233	0.03082	0.66112	0.05930	0.08658	0.01684	0.01244	0.01724	0.01006	0.01318	0.00837	0.00480	0.00538	0.00160	0.00683	0.00485	0.00267	0.00825
3	0.00678	0.00484	0.00650	0.00775	0.00816	0.00456	0.00540	0.00789	0.01051	0.01397	0.02945	0.72368	0.03498	0.01659	0.00691	0.00221	0.00332	0.09708	0.00498	0.00443
4	0.00847	0.00582	0.00728	0.00698	0.00844	0.00538	0.00520	0.01106	0.04349	0.06483	0.48476	0.14574	0.15859	0.01179	0.00632	0.00178	0.00283	0.01033	0.00566	0.00526
5	0.01760	0.01121	0.01418	0.01348	0.11899	0.01174	0.00944	0.29392	0.01693	0.21975	0.01502	0.01757	0.01160	0.10597	0.06532	0.00259	0.03663	0.00539	0.00477	0.00790
6	0.01077	0.00813	0.00996	0.02014	0.02633	0.04968	0.00731	0.01252	0.01018	0.05679	0.01507	0.09847	0.01393	0.03247	0.19993	0.01441	0.17777	0.00615	0.22460	0.00538
7	0.12153	0.01273	0.01880	0.07341	0.56335	0.05665	0.01430	0.01626	0.01178	0.01772	0.00977	0.01283	0.00816	0.00615	0.03309	0.00185	0.00661	0.00450	0.00274	0.00774
8	0.01077	0.02777	0.78354	0.01530	0.02323	0.01247	0.01983	0.01700	0.01133	0.01700	0.00963	0.01133	0.00680	0.00510	0.00510	0.00170	0.00793	0.00397	0.00227	0.00793
9	0.01224	0.02578	0.67752	0.01479	0.02221	0.01271	0.01842	0.09155	0.01288	0.04780	0.01040	0.01175	0.00728	0.00529	0.00514	0.00169	0.00760	0.00411	0.00274	0.00810
10	0.01968	0.01032	0.01265	0.00981	0.01394	0.00966	0.00799	0.12112	0.11973	0.43453	0.01799	0.01646	0.01216	0.00620	0.00514	0.00151	0.00459	0.00500	0.00566	0.16584
11	0.01694	0.01259	0.01388	0.03602	0.01572	0.01402	0.00943	0.35566	0.31723	0.08090	0.01774	0.01866	0.01338	0.00720	0.00552	0.00175	0.00514	0.04429	0.00538	0.00856
12	0.01077	0.02777	0.78354	0.01530	0.02323	0.01247	0.01983	0.01700	0.01133	0.01700	0.00963	0.01133	0.00680	0.00510	0.00510	0.00170	0.00793	0.00397	0.00227	0.00793
13	0.00890	0.00620	0.00864	0.00970	0.01099	0.00615	0.00843	0.01136	0.01258	0.03153	0.07106	0.05854	0.03168	0.01445	0.00731	0.00241	0.00480	0.68522	0.00503	0.00503
14	0.84927	0.01038	0.00789	0.00706	0.01038	0.01204	0.00581	0.01578	0.00914	0.02408	0.00747	0.00872	0.00581	0.00498	0.00332	0.00166	0.00415	0.00291	0.00332	0.00581
15	0.84927	0.01038	0.00789	0.00706	0.01038	0.01204	0.00581	0.01578	0.00914	0.02408	0.00747	0.00872	0.00581	0.00498	0.00332	0.00166	0.00415	0.00291	0.00332	0.00581
16	0.00767	0.00575	0.00863	0.00863	0.00959	0.00671	0.00671	0.00959	0.00863	0.01246	0.01438	0.02109	0.01342	0.04026	0.79008	0.00863	0.01438	0.00575	0.00288	0.00479
17	0.00781	0.00520	0.00585	0.00585	0.00585	0.00520	0.00325	0.00781	0.00781	0.01041	0.01691	0.03513	0.01952	0.81135	0.02732	0.00520	0.00520	0.00781	0.00325	0.00325
18	0.00644	0.00544	0.00557	0.00554	0.00731	0.00457	0.00415	0.00789	0.01246	0.01503	0.10841	0.05079	0.72133	0.01340	0.00634	0.00180	0.00270	0.01121	0.00505	0.00457
19	0.00897	0.00606	0.00683	0.00724	0.00823	0.02551	0.00520	0.05835	0.01192	0.01731	0.05083	0.43904	0.02671	0.01231	0.00574	0.00183	0.00331	0.03542	0.26421	0.00496
20	0.12809	0.02129	0.01505	0.01539	0.11912	0.55556	0.01052	0.02018	0.01401	0.04131	0.00887	0.01034	0.00720	0.00540	0.00472	0.00146	0.00833	0.00363	0.00296	0.00658
21	0.84927	0.01038	0.00789	0.00706	0.01038	0.01204	0.00581	0.01578	0.00914	0.02408	0.00747	0.00872	0.00581	0.00498	0.00332	0.00166	0.00415	0.00291	0.00332	0.00581
22	0.00745	0.00613	0.00680	0.00765	0.00850	0.04751	0.00547	0.00866	0.01117	0.01408	0.03348	0.52946	0.18791	0.01532	0.00669	0.00209	0.00358	0.08863	0.00486	0.00456
23	0.01077	0.02777	0.78354	0.01530	0.02323	0.01247	0.01983	0.01700	0.01133	0.01700	0.00963	0.01133	0.00680	0.00510	0.00510	0.00170	0.00793	0.00397	0.00227	0.00793
24	0.01026	0.00966	0.01632	0.76929	0.06519	0.01196	0.01497	0.01382	0.01079	0.01386	0.00956	0.01427	0.00721	0.00534	0.00536	0.00178	0.00713	0.00477	0.00240	0.00606
25	0.00714	0.00525	0.00669	0.00679	0.00786	0.00480	0.00492	0.00908	0.01344	0.01845	0.47519	0.25732	0.13727	0.01294	0.00648	0.00184	0.00272	0.01147	0.00553	0.00480
26	0.07582	0.00584	0.00643	0.00622	0.00766	0.00548	0.00456	0.00937	0.01243	0.01737	0.32103	0.04131	0.30242	0.13624	0.00938	0.00229	0.00319	0.02335	0.00493	0.00465
27	0.01014	0.00954	0.01610	0.79845	0.03697	0.01193	0.01491	0.01371	0.01073	0.01371	0.00954	0.01431	0.00716	0.00537	0.00537	0.00179	0.00716	0.00477	0.00239	0.00596
28	0.00762	0.00522	0.00629	0.00688	0.00783	0.00482	0.00481	0.02212	0.01116	0.02830	0.03176	0.51204	0.17120	0.01413	0.00622	0.00193	0.00305	0.01250	0.12034	0.02177
29	0.00674	0.00486	0.00638	0.00724	0.00781	0.00450	0.00496	0.00800	0.01132	0.01525	0.17482	0.62524	0.07189	0.01554	0.00673	0.00207	0.00298	0.01401	0.00516	0.00450
30	0.00731	0.00667	0.00623	0.00617	0.00799	0.05158	0.00468	0.00877	0.01256	0.01481	0.08428	0.04895	0.66733	0.01304	0.00629	0.00181	0.00321	0.03876	0.00489	0.00467
31	0.00971	0.00583	0.00763	0.00790	0.00927	0.00534	0.00600	0.01133	0.01221	0.13317	0.10666	0.36562	0.13376	0.01385	0.00661	0.00206	0.00357	0.14886	0.00532	0.00530
32	0.01144	0.01056	0.01548	0.01129	0.01595	0.00882	0.16947	0.01501	0.05671	0.01760	0.01124	0.03949	0.00943	0.00473	0.00467	0.00112	0.00506	0.00445	0.00328	0.58420
33	0.01329	0.01275	0.02179	0.03295	0.77787	0.01275	0.01647	0.01647	0.01222	0.01754	0.01010	0.01329	0.00850	0.00478	0.00531	0.00159	0.00638	0.00478	0.00266	0.00850
34	0.01051	0.00993	0.01693	0.73862	0.03602	0.01212	0.05460	0.03127	0.01117	0.01437	0.00969	0.01429	0.00725	0.00535	0.00542	0.00179	0.00723	0.00486	0.00247	0.00611
35	0.02005	0.02558	0.01521	0.01383	0.01659	0.78980	0.01037	0.02143	0.01521	0.01314	0.00830	0.00968	0.00691	0.00553	0.00484	0.00138	0.00968	0.00346	0.00277	0.00622
36	0.00833	0.00675	0.00988	0.00953	0.01028	0.00830	0.00751	0.01006	0.00864	0.01261	0.01389	0.06100	0.01346	0.03358	0.61254	0.00718	0.15253	0.00607	0.00289	0.00496
37	0.01121	0.00909	0.01075	0.00788	0.01225	0.00696	0.00628	0.01360	0.01172	0.04525	0.09223	0.01450	0.01273	0.00482	0.00428	0.00092	0.00384	0.00396	0.00360	0.72412
38	0.00936	0.00706	0.00908	0.00962	0.01119	0.00733	0.00810	0.01417	0.15154	0.01803	0.13606	0.05013	0.03111	0.01288	0.00690	0.00224	0.00446	0.49995	0.00518	0.00561
39	0.30583	0.01283	0.01261	0.01009	0.01386	0.01436	0.00830	0.45844	0.01884	0.02964	0.01130	0.01188	0.00826	0.00593	0.00457	0.00161	0.00510	0.00418	0.05464	0.00774
40	0.00831	0.00606	0.00806	0.00880	0.00995	0.00603	0.00715	0.01121	0.05729	0.01697	0.17492	0.19290	0.03455	0.02976	0.00737	0.00228	0.00409	0.40412	0.00514	0.00504
41	0.00909	0.00893	0.09615	0.01043	0.09260	0.00676	0.00791	0.01189	0.01393	0.05372	0.44690	0.03500	0.16587	0.00991	0.00604	0.00170	0.00368	0.00862	0.00502	0.00585
42	0.01014	0.00954	0.01610	0.79845	0.03697	0.01193	0.01491	0.01371	0.01073	0.01371	0.00954	0.01431	0.00716	0.00537	0.00537	0.00179	0.00716	0.00477	0.00239	0.00596
43	0.13668	0.04657	0.01484	0.04293	0.05062	0.33937	0.00986	0.17710	0.05717	0.06038	0.01067	0.01155	0.00816	0.00573	0.00479	0.00153	0.00714	0.00401	0.00371	0.00718
44	0.01942	0.01350	0.01475	0.01154	0.01545	0.01473	0.00939	0.57155	0.08895	0.11156	0.01481	0.01543	0.01084	0.05467	0.00669	0.00185	0.00557	0.00518	0.00539	0.00872
45	0.00780	0.00523	0.00601	0.00601	0.00606	0.00529	0.00344	0.00790	0.00785	0.01052	0.01677	0.03436	0.01918	0.76921	0.06901	0.00539	0.00571	0.00769	0.00323	0.00334
46	0.01088	0.01019	0.03479	0.48184	0.12532	0.01129	0.01313	0.06484	0.03259	0.01646	0.05535	0.03628	0.06043	0.00652	0.00548	0.00175	0.00622	0.00573	0.01449	0.00643
47	0.06997	0.32461	0.07886	0.01359	0.09962	0.22180	0.01091	0.03244	0.01247	0.03288	0.02227	0.01062	0.00798	0.00531	0.00481	0.00141	0.03715	0.00361	0.00275	0.00693
48	0.01046	0.01010	0.01774	0.70378	0.05599	0.01211	0.08599	0.01412	0.01096	0.01415	0.00968	0.01430	0.00729	0.00527	0.00546	0.00179	0.00732	0.00492	0.00242	0.00615
49	0.34656	0.01053	0.01447	0.35572	0.09206	0.01217	0.06631	0.01505	0.01037	0.01847	0.00886	0.01199	0.00681	0.00510	0.00461	0.00172	0.00602	0.00414	0.00281	0.00622
50	0.01296	0.07931	0.44800	0.01257	0.01867	0.01158	0.01446	0.05628	0.01254	0.11477	0.02757	0.06028	0.01046	0.00603	0.00504	0.00159	0.00643	0.00482	0.00332	0.09332
51	0.76038	0.01057	0.00858	0.00748	0.01090	0.01207	0.00616	0.05700	0.01034	0.06463	0.00849	0.00945	0.00639	0.00515	0.00354	0.00166	0.00427	0.00314	0.00361	0.00617
52	0.00768	0.00570	0.00836	0.00836	0.00922	0.00656	0.00637	0.00941	0.00855	0.01226	0.01463	0.02246	0.01401	0.11547	0.71569	0.00829	0.01348	0.00595	0.00291	0.00464
53	0.03486	0.01303	0.01377	0.01146	0.01505	0.01475	0.00918	0.34605	0.42863	0.02743	0.01764	0.01668	0.01300	0.00687	0.00537	0.00173	0.00497	0.00546	0.00537	0.00871
54	0.01442	0.77322	0.04747	0.00943	0.01410	0.02089	0.00949	0.03553	0.01129	0.01330	0.00766	0.00879	0.00694	0.00465	0.00354	0.00117	0.00580	0.00295	0.00238	0.00697
55	0.01326	0.01281	0.02212	0.03260	0.75237	0.01278	0.04171	0.01650	0.01224	0.01753	0.01012	0.01333	0.00849	0.00477	0.00535	0.00160	0.00647	0.00484	0.00266	0.00846
56	0.06918	0.00920	0.01221	0.00941	0.01352	0.00812	0.00778	0.02559	0.01502	0.74019	0.02043	0.01775	0.01288	0.00655	0.00528	0.00166	0.00454	0.00526	0.00646	0.00895
57	0.00752	0.00548	0.00707	0.00667	0.00797	0.00503	0.00501	0.00998	0.01502	0.02111	0.73194	0.04079	0.09401	0.01113	0.00633	0.00170	0.00254	0.00980	0.00585	0.00503
58	0.04115	0.00628	0.00786	0.00737	0.00900	0.00600	0.00575	0.03964	0.01488	0.05738	0.55985	0.03967	0.08422	0.01093	0.00625	0.00177	0.00309	0.08782	0.00567	0.00540
59	0.00706	0.00587	0.00627	0.00640	0.00819	0.00524	0.00500	0.00931	0.05167	0.01515	0.04875	0.05136	0.62321	0.01345	0.00646	0.00191	0.00314	0.12176	0.00500	0.00480
60	0.01014	0.00954	0.01610	0.79845	0.03697	0.01193	0.01491	0.01371	0.01073	0.01371	0.00954	0.01431	0.00716	0.00537	0.00537	0.00179	0.00716	0.00477	0.00239	0.00596
61	0.01001	0.00500	0.00500	0.00500	0.00625	0.00500	0.00375	0.01251	0.01126	0.02001	0.01751	0.02001	0.01376	0.00625	0.00375	0.00125	0.00250	0.00500	0.84115	0.00500
62	0.00842	0.00742	0.06988	0.00750	0.00943	0.00575	0.00632	0.01119	0.01478	0.04937	0.65749	0.03740	0.07349	0.01044	0.00620	0.00169	0.00305	0.00915	0.00561	0.00543
63	0.01061	0.01028	0.01801	0.65732	0.07459	0.01226	0.09150	0.01420	0.01095	0.01425	0.00964	0.01421	0.00733	0.00536	0.00579	0.00180	0.02834	0.00493	0.00243	0.00623
64	0.03573	0.20329	0.35718	0.03203	0.04879	0.01436	0.06012	0.01657	0.01120	0.05046	0.00948	0.01131	0.00733	0.00529	0.00570	0.00158	0.06988	0.00396	0.00260	0.05316
65	0.01423	0.76962	0.02717	0.00926	0.01369	0.03672	0.00912	0.01596	0.01092	0.01263	0.00772	0.00907	0.00712	0.00587	0.03124	0.00142	0.00613	0.00298	0.00233	0.00680

[dist]
# distance from previous block
# <min> <max>
0	6

[block]
# block no. 6 follows, 45 sequences, length 56
# corresponding to MSA columns:
# 290-345
name=unknown_G
#
# <colnr> <probs for GDERKNQSTAVLIFYWHMCP>
#	G	D	E	R	K	N	Q	S	T	A	V	L	I	F	Y	W	H	M	C	P
0	0.01215	0.01403	0.04771	0.02126	0.02635	0.01283	0.68179	0.01643	0.01245	0.01692	0.01229	0.07640	0.01025	0.00550	0.00635	0.00184	0.00856	0.00698	0.00288	0.00703
1	0.02011	0.01489	0.01594	0.01229	0.01653	0.01651	0.01013	0.72943	0.05625	0.03336	0.01326	0.01319	0.00943	0.00648	0.00537	0.00162	0.00584	0.00488	0.00537	0.00910
2	0.02179	0.01281	0.01473	0.01129	0.01554	0.01334	0.00933	0.48316	0.02151	0.31590	0.01601	0.01492	0.01070	0.00652	0.00538	0.00163	0.00540	0.00505	0.00585	0.00913
3	0.00810	0.00559	0.00724	0.00681	0.00818	0.00512	0.00511	0.01049	0.01487	0.04866	0.68299	0.06683	0.08734	0.01116	0.00632	0.00171	0.00264	0.00983	0.00585	0.00516
4	0.01498	0.01291	0.01302	0.01134	0.01458	0.05527	0.00890	0.16010	0.59407	0.02401	0.01951	0.01819	0.01457	0.00704	0.00541	0.00176	0.00484	0.00571	0.00530	0.00849
5	0.00772	0.00607	0.00713	0.00726	0.00842	0.03360	0.00539	0.00967	0.01341	0.01801	0.41660	0.22835	0.13562	0.01283	0.00649	0.00187	0.00315	0.06817	0.00538	0.00486
6	0.01276	0.01236	0.01969	0.21484	0.53345	0.03908	0.01547	0.01662	0.05220	0.01673	0.01053	0.01377	0.00854	0.00508	0.00532	0.00165	0.00656	0.00480	0.00274	0.00782
7	0.00685	0.00489	0.00657	0.00775	0.00821	0.00462	0.00545	0.00804	0.01074	0.01432	0.05980	0.68299	0.03554	0.01633	0.00690	0.00220	0.00332	0.10602	0.00502	0.00446
8	0.00767	0.00575	0.00863	0.00863	0.00959	0.00671	0.00671	0.00959	0.00863	0.01246	0.01438	0.02109	0.01342	0.04026	0.79008	0.00863	0.01438	0.00575	0.00288	0.00479
9	0.00779	0.00594	0.00887	0.00880	0.00973	0.00701	0.00687	0.00969	0.00861	0.01248	0.01415	0.02080	0.01322	0.03930	0.76611	0.00843	0.03881	0.00572	0.00286	0.00483
10	0.00697	0.00525	0.00655	0.00767	0.00815	0.02137	0.00528	0.00804	0.01066	0.01400	0.04382	0.70740	0.06014	0.01624	0.00681	0.00216	0.00334	0.05675	0.00495	0.00445
11	0.01377	0.01598	0.06249	0.25318	0.02551	0.20909	0.20200	0.06075	0.01318	0.01582	0.01083	0.05701	0.00902	0.00596	0.00578	0.00171	0.02311	0.00538	0.00288	0.00656
12	0.01820	0.02116	0.01421	0.01271	0.01552	0.55851	0.00968	0.10826	0.06665	0.01626	0.01256	0.01365	0.04911	0.00819	0.05040	0.00188	0.00877	0.00435	0.00338	0.00655
13	0.82972	0.02921	0.00836	0.00711	0.01046	0.01226	0.00589	0.01579	0.00918	0.02382	0.00747	0.00872	0.00584	0.00497	0.00332	0.00165	0.00419	0.00291	0.00330	0.00584
14	0.07619	0.01466	0.01549	0.01197	0.01618	0.01628	0.00988	0.69712	0.03700	0.03298	0.01268	0.01273	0.00903	0.00636	0.00523	0.00162	0.00576	0.00472	0.00523	0.00889
15	0.02342	0.00944	0.01257	0.00967	0.01376	0.00841	0.00797	0.07526	0.01603	0.71212	0.03949	0.01845	0.01394	0.00674	0.00542	0.00166	0.00461	0.00547	0.00654	0.00903
16	0.01140	0.01094	0.01604	0.70010	0.03442	0.06467	0.01433	0.05736	0.01187	0.01484	0.00965	0.01392	0.00725	0.00544	0.00533	0.00175	0.00725	0.00469	0.00258	0.00616
17	0.00674	0.00483	0.00641	0.00734	0.00783	0.00449	0.00500	0.00798	0.01121	0.01519	0.17174	0.66144	0.03839	0.01570	0.00675	0.00209	0.00300	0.01420	0.00516	0.00449
18	0.84927	0.01038	0.00789	0.00706	0.01038	0.01204	0.00581	0.01578	0.00914	0.02408	0.00747	0.00872	0.00581	0.00498	0.00332	0.00166	0.00415	0.00291	0.00332	0.00581
19	0.00778	0.00520	0.00590	0.00591	0.00595	0.00518	0.00334	0.00787	0.00807	0.01079	0.03929	0.04934	0.02072	0.77351	0.02634	0.00505	0.00509	0.00800	0.00336	0.00333
20	0.01126	0.00683	0.00932	0.07700	0.01124	0.00731	0.00649	0.13437	0.01039	0.01383	0.00994	0.01556	0.00910	0.01543	0.01699	0.62849	0.00509	0.00470	0.00285	0.00379
21	0.00710	0.00537	0.00611	0.00623	0.00764	0.00469	0.00454	0.00857	0.01234	0.03499	0.17899	0.21321	0.44711	0.02995	0.00686	0.00194	0.00287	0.01167	0.00516	0.00468
22	0.14614	0.01160	0.02000	0.25767	0.05328	0.01231	0.28158	0.05510	0.01226	0.03385	0.04046	0.03096	0.00987	0.00552	0.00546	0.00176	0.00695	0.00547	0.00310	0.00666
23	0.66356	0.01039	0.00990	0.08881	0.06501	0.01185	0.00756	0.01618	0.00984	0.06356	0.00860	0.01011	0.00653	0.00510	0.00377	0.00167	0.00463	0.00336	0.00336	0.00619
24	0.01157	0.01109	0.01927	0.50307	0.19399	0.01251	0.10815	0.04694	0.01192	0.01584	0.00997	0.01405	0.00765	0.00518	0.00548	0.00174	0.00717	0.00497	0.00261	0.00680
25	0.01084	0.02728	0.75605	0.01557	0.02341	0.01251	0.04683	0.01701	0.01138	0.01701	0.00968	0.01145	0.00685	0.00508	0.00515	0.00170	0.00797	0.00405	0.00228	0.00791
26	0.00821	0.00640	0.00817	0.04187	0.00971	0.03306	0.00597	0.00956	0.00889	0.01210	0.03154	0.02602	0.03128	0.28832	0.44783	0.00668	0.01042	0.00650	0.00308	0.00439
27	0.00671	0.00479	0.00643	0.00767	0.00806	0.00451	0.00528	0.00777	0.01045	0.01389	0.02949	0.74718	0.03513	0.01666	0.00690	0.00220	0.00326	0.07424	0.00498	0.00441
28	0.00651	0.00480	0.00610	0.00713	0.00770	0.00439	0.00483	0.00751	0.01061	0.01384	0.03376	0.68052	0.16014	0.01627	0.00677	0.00212	0.00305	0.01460	0.00498	0.00439
29	0.01113	0.00954	0.01113	0.00795	0.01272	0.00716	0.00636	0.01352	0.01113	0.01749	0.00954	0.01113	0.00795	0.00398	0.00398	0.00080	0.00398	0.00318	0.00318	0.84417
30	0.00813	0.00562	0.00726	0.00677	0.00818	0.00514	0.00511	0.01057	0.01501	0.04944	0.70084	0.04002	0.09560	0.01098	0.00630	0.00170	0.00262	0.00965	0.00588	0.00518
31	0.84927	0.01038	0.00789	0.00706	0.01038	0.01204	0.00581	0.01578	0.00914	0.02408	0.00747	0.00872	0.00581	0.00498	0.00332	0.00166	0.00415	0.00291	0.00332	0.00581
32	0.00653	0.00520	0.00586	0.00622	0.00750	0.00453	0.00446	0.00787	0.01191	0.01495	0.11875	0.29057	0.46801	0.01436	0.00650	0.00192	0.00283	0.01241	0.00508	0.00453
33	0.00720	0.00547	0.00662	0.00633	0.00777	0.00489	0.00475	0.00935	0.01425	0.01928	0.54419	0.04380	0.28290	0.01181	0.00634	0.00173	0.00259	0.01023	0.00561	0.00489
34	0.00653	0.00472	0.00618	0.00734	0.00775	0.00437	0.00492	0.00749	0.01041	0.01376	0.03126	0.75684	0.08543	0.01660	0.00682	0.00216	0.00309	0.01499	0.00498	0.00437
35	0.01329	0.01275	0.02179	0.03295	0.77787	0.01275	0.01647	0.01647	0.01222	0.01754	0.01010	0.01329	0.00850	0.00478	0.00531	0.00159	0.00638	0.00478	0.00266	0.00850
36	0.02408	0.00914	0.01246	0.00955	0.01370	0.00789	0.00789	0.02616	0.01536	0.78158	0.02118	0.01827	0.01329	0.00664	0.00540	0.00166	0.00457	0.00540	0.00664	0.00914
37	0.00654	0.00467	0.00623	0.00747	0.00779	0.00436	0.00498	0.00747	0.01028	0.01370	0.02959	0.80785	0.03550	0.01682	0.00685	0.00218	0.00311	0.01526	0.00498	0.00436
38	0.00827	0.00632	0.00700	0.00668	0.00855	0.00587	0.00505	0.01160	0.10489	0.05042	0.21769	0.07626	0.44749	0.01205	0.00621	0.00179	0.00296	0.01022	0.00533	0.00533
39	0.01363	0.56577	0.20285	0.02676	0.03498	0.04885	0.01199	0.01646	0.01120	0.01380	0.00810	0.00951	0.00691	0.00477	0.00397	0.00131	0.00645	0.00323	0.00232	0.00713
40	0.01435	0.01171	0.01246	0.01098	0.01416	0.01339	0.00861	0.08602	0.67856	0.05472	0.02111	0.01939	0.01569	0.00719	0.00545	0.00180	0.00439	0.00594	0.00550	0.00857
41	0.01710	0.01658	0.01383	0.01189	0.01515	0.26002	0.00928	0.21356	0.28629	0.02219	0.01471	0.01465	0.01116	0.00637	0.00513	0.00158	0.00632	0.00480	0.03718	0.03221
42	0.01407	0.75255	0.08768	0.00967	0.01452	0.02055	0.01002	0.01615	0.01094	0.01297	0.00763	0.00883	0.00688	0.00463	0.00357	0.00119	0.00591	0.00296	0.00229	0.00697
43	0.01090	0.01246	0.09565	0.32515	0.02451	0.03559	0.05945	0.01374	0.01007	0.01386	0.00960	0.03337	0.00825	0.00907	0.05482	0.01668	0.25325	0.00504	0.00249	0.00606
44	0.01077	0.02777	0.78354	0.01530	0.02323	0.01247	0.01983	0.01700	0.01133	0.01700	0.00963	0.01133	0.00680	0.00510	0.00510	0.00170	0.00793	0.00397	0.00227	0.00793
45	0.00639	0.00540	0.00552	0.00558	0.00730	0.00454	0.00415	0.00775	0.01220	0.01463	0.07042	0.09266	0.71778	0.01371	0.00637	0.00183	0.00274	0.01150	0.00501	0.00454
46	0.00782	0.00560	0.00785	0.00785	0.00862	0.00630	0.00582	0.00936	0.00859	0.01243	0.01508	0.02400	0.01473	0.20175	0.58670	0.00751	0.01180	0.00615	0.04757	0.00448
47	0.01179	0.04845	0.22373	0.01148	0.05062	0.02904	0.01077	0.02823	0.07853	0.09861	0.29501	0.02506	0.02543	0.00794	0.00563	0.00169	0.00501	0.03156	0.00451	0.00690
48	0.01819	0.01668	0.01833	0.01594	0.08911	0.18408	0.10458	0.36793	0.01886	0.04222	0.01117	0.01248	0.00842	0.00606	0.00621	0.00164	0.06137	0.00472	0.00404	0.00798
49	0.00654	0.00467	0.00623	0.00747	0.00779	0.00436	0.00498	0.00747	0.01028	0.01370	0.02959	0.80785	0.03550	0.01682	0.00685	0.00218	0.00311	0.01526	0.00498	0.00436
50	0.01387	0.01214	0.01182	0.01072	0.01360	0.09232	0.00837	0.02526	0.55560	0.06099	0.02299	0.02334	0.06730	0.00793	0.00557	0.00180	0.00476	0.04863	0.00518	0.00782
51	0.01303	0.00792	0.00823	0.00714	0.00927	0.00839	0.00563	0.22967	0.01532	0.02403	0.01617	0.01794	0.01241	0.00631	0.00422	0.00136	0.00349	0.00495	0.59832	0.00620
52	0.00970	0.00555	0.00589	0.00568	0.00703	0.00560	0.00432	0.02972	0.01200	0.01972	0.09772	0.02482	0.09409	0.00758	0.00474	0.00139	0.02740	0.00611	0.62587	0.00509
53	0.00950	0.00813	0.01181	0.01049	0.01221	0.04942	0.10090	0.03460	0.01015	0.01418	0.01381	0.01962	0.01242	0.04640	0.56127	0.00664	0.01227	0.00567	0.05522	0.00529
