[name]
unknown

[dist]
# distance from previous block
# <min> <max>
0	67

[block]
# block no. 0 follows, 45 sequences, length 14
# corresponding to MSA columns:
# 246-259
name=unknown_A
#
# <colnr> <probs for GDERKNQSTAVLIFYWHMCP>
#	G	D	E	R	K	N	Q	S	T	A	V	L	I	F	Y	W	H	M	C	P
0	0.00656	0.00539	0.00566	0.00567	0.00725	0.00462	0.00415	0.00791	0.01211	0.01481	0.11445	0.08384	0.62722	0.06709	0.00777	0.00205	0.00289	0.01113	0.00495	0.00449
1	0.01891	0.01345	0.01459	0.01143	0.01521	0.01473	0.00925	0.58874	0.07384	0.07856	0.01443	0.01591	0.01092	0.08586	0.00754	0.00198	0.00564	0.00525	0.00525	0.00851
2	0.01619	0.01294	0.01374	0.01150	0.01504	0.01468	0.00918	0.32287	0.46920	0.02703	0.01824	0.01715	0.01347	0.00695	0.00542	0.00174	0.00492	0.00557	0.00542	0.00875
3	0.01421	0.01008	0.01134	0.00980	0.01223	0.01084	0.00759	0.34477	0.06926	0.04719	0.01842	0.17490	0.01760	0.11355	0.02624	0.02457	0.00511	0.04435	0.03117	0.00678
4	0.01467	0.01083	0.01268	0.04509	0.01487	0.00983	0.00786	0.18894	0.03593	0.10164	0.01189	0.01268	0.00899	0.00499	0.00455	0.00115	0.00464	0.00395	0.00408	0.50074
5	0.01293	0.00981	0.01303	0.03353	0.03143	0.02965	0.03251	0.04686	0.01110	0.11151	0.01267	0.03481	0.01075	0.03601	0.08767	0.00257	0.27297	0.00518	0.12393	0.08110
6	0.00665	0.00472	0.00620	0.00734	0.00762	0.00443	0.00484	0.00750	0.01007	0.01343	0.02852	0.74285	0.03416	0.08365	0.00857	0.00243	0.00329	0.01463	0.00484	0.00427
7	0.01619	0.01029	0.01196	0.08138	0.01462	0.01105	0.00817	0.33076	0.01742	0.13177	0.01519	0.01711	0.01143	0.05214	0.03670	0.00202	0.00527	0.00515	0.21407	0.00732
8	0.01273	0.04577	0.18286	0.11981	0.02370	0.01314	0.27015	0.06768	0.10710	0.03659	0.01193	0.01428	0.00893	0.00594	0.00643	0.03573	0.02150	0.00524	0.00316	0.00731
9	0.01029	0.00954	0.01534	0.67801	0.03328	0.01120	0.01361	0.01368	0.01079	0.01429	0.00954	0.01383	0.00728	0.00515	0.00515	0.00164	0.00667	0.00453	0.00251	0.13367
10	0.00661	0.00516	0.00586	0.00625	0.00738	0.00456	0.00439	0.00780	0.01143	0.01440	0.09255	0.30565	0.41660	0.07640	0.00814	0.00219	0.00303	0.01228	0.00491	0.00441
11	0.01400	0.01311	0.01911	0.02654	0.55195	0.06410	0.01422	0.10894	0.01392	0.01897	0.01231	0.06811	0.01112	0.00622	0.00547	0.00165	0.00627	0.03274	0.00324	0.00802
12	0.01235	0.01386	0.02973	0.11960	0.02917	0.01337	0.66544	0.01676	0.01243	0.01676	0.01069	0.01446	0.00802	0.00463	0.00621	0.00181	0.00881	0.00614	0.00267	0.00708
13	0.01423	0.01197	0.01263	0.01110	0.01429	0.01376	0.00871	0.11995	0.67530	0.02388	0.02073	0.01913	0.01548	0.00718	0.00545	0.00179	0.00446	0.00591	0.00545	0.00858

[dist]
# distance from previous block
# <min> <max>
0	1

[block]
# block no. 1 follows, 45 sequences, length 15
# corresponding to MSA columns:
# 261-275
name=unknown_B
#
# <colnr> <probs for GDERKNQSTAVLIFYWHMCP>
#	G	D	E	R	K	N	Q	S	T	A	V	L	I	F	Y	W	H	M	C	P
0	0.01126	0.16928	0.60819	0.01377	0.02077	0.01369	0.01717	0.01649	0.01145	0.01643	0.04712	0.01226	0.00899	0.00530	0.00486	0.00160	0.00727	0.00405	0.00245	0.00760
1	0.01903	0.05359	0.01599	0.03501	0.04317	0.51191	0.01051	0.18792	0.01689	0.01796	0.00958	0.01096	0.00767	0.00672	0.02866	0.00166	0.00863	0.00390	0.00333	0.00694
2	0.01110	0.08294	0.69691	0.01519	0.02277	0.01314	0.05159	0.01694	0.01136	0.01670	0.00953	0.01128	0.00687	0.00504	0.00504	0.00167	0.00783	0.00399	0.00229	0.00783
3	0.00634	0.00544	0.00544	0.00544	0.00725	0.00453	0.00408	0.00770	0.01224	0.01450	0.05438	0.05166	0.77569	0.01359	0.00634	0.00181	0.00272	0.01133	0.00498	0.00453
4	0.00760	0.00549	0.00718	0.00675	0.00802	0.00506	0.00506	0.01013	0.01519	0.02153	0.77503	0.04010	0.05065	0.01097	0.00633	0.00169	0.00253	0.00971	0.00591	0.00506
5	0.01279	0.05410	0.05726	0.14003	0.17153	0.05657	0.37385	0.01658	0.01217	0.01616	0.01005	0.01346	0.00785	0.00492	0.00602	0.00172	0.02980	0.00533	0.00261	0.00721
6	0.00865	0.00618	0.00865	0.00989	0.01112	0.00618	0.00865	0.01112	0.01236	0.01606	0.02842	0.06055	0.03089	0.01483	0.00741	0.00247	0.00494	0.74174	0.00494	0.00494
7	0.00781	0.00520	0.00585	0.00585	0.00585	0.00520	0.00325	0.00781	0.00781	0.01041	0.01691	0.03513	0.01952	0.81135	0.02732	0.00520	0.00520	0.00781	0.00325	0.00325
8	0.01153	0.01284	0.11124	0.32282	0.08922	0.01236	0.10761	0.07364	0.01207	0.01661	0.01137	0.06532	0.00957	0.00644	0.00669	0.00181	0.08475	0.00556	0.03186	0.00668
9	0.00876	0.00649	0.00795	0.00770	0.00938	0.00595	0.00570	0.04066	0.03922	0.03417	0.15646	0.34045	0.10036	0.03314	0.00670	0.00190	0.00346	0.05502	0.00489	0.13164
10	0.01352	0.01093	0.01322	0.03714	0.01482	0.01030	0.02797	0.19494	0.01445	0.03796	0.01137	0.04703	0.00949	0.00562	0.00547	0.00124	0.05657	0.00440	0.00378	0.47980
11	0.07199	0.07852	0.01462	0.13810	0.01774	0.23684	0.00972	0.16426	0.04746	0.01979	0.13466	0.01630	0.01483	0.00653	0.00509	0.00156	0.00645	0.00499	0.00385	0.00669
12	0.01167	0.00899	0.01123	0.07180	0.01418	0.00785	0.00739	0.04086	0.01176	0.07527	0.01394	0.12567	0.01299	0.00677	0.00527	0.00128	0.03330	0.03144	0.00375	0.50460
13	0.03779	0.01349	0.09236	0.15713	0.23659	0.03960	0.12386	0.06836	0.01286	0.01772	0.03994	0.01785	0.06219	0.00625	0.00593	0.00173	0.03187	0.02422	0.00312	0.00713
14	0.04891	0.15683	0.14655	0.03161	0.02936	0.08710	0.01083	0.15788	0.05195	0.11273	0.01224	0.01316	0.00920	0.00759	0.04868	0.00191	0.00660	0.00428	0.03664	0.02596

[dist]
# distance from previous block
# <min> <max>
4	18

[block]
# block no. 2 follows, 45 sequences, length 50
# corresponding to MSA columns:
# 313-362
name=unknown_C
#
# <colnr> <probs for GDERKNQSTAVLIFYWHMCP>
#	G	D	E	R	K	N	Q	S	T	A	V	L	I	F	Y	W	H	M	C	P
0	0.03504	0.01218	0.01631	0.16977	0.19391	0.10149	0.08253	0.01687	0.08805	0.05442	0.01625	0.03552	0.08179	0.00774	0.03560	0.00193	0.00662	0.00572	0.00342	0.03486
1	0.09570	0.00859	0.02682	0.02356	0.01132	0.00833	0.00682	0.10588	0.05503	0.10612	0.12657	0.12750	0.09221	0.07921	0.02367	0.00220	0.00440	0.04442	0.00482	0.04683
2	0.01470	0.01112	0.01301	0.05196	0.03300	0.01096	0.00843	0.27743	0.05603	0.05862	0.02981	0.06446	0.01175	0.00658	0.00538	0.02260	0.00485	0.00509	0.00433	0.30988
3	0.04076	0.03560	0.07429	0.50122	0.08554	0.02964	0.01357	0.04031	0.01135	0.01521	0.01132	0.07724	0.00979	0.02535	0.00584	0.00184	0.00665	0.00547	0.00277	0.00625
4	0.01099	0.01023	0.01647	0.24291	0.30748	0.02360	0.03015	0.01419	0.03271	0.01524	0.01239	0.07583	0.01117	0.01202	0.13749	0.00290	0.02884	0.00579	0.00287	0.00670
5	0.04576	0.34762	0.05084	0.08816	0.06773	0.08488	0.05276	0.04325	0.10686	0.04893	0.01076	0.01199	0.00859	0.00528	0.00450	0.00146	0.00625	0.00404	0.00312	0.00724
6	0.09303	0.01121	0.01283	0.11623	0.03399	0.05824	0.00904	0.06376	0.06902	0.03855	0.01150	0.03039	0.00967	0.00609	0.00614	0.00148	0.09521	0.02887	0.00346	0.30128
7	0.01856	0.01373	0.01492	0.01167	0.01558	0.01507	0.00956	0.64957	0.02300	0.03091	0.01445	0.03836	0.02949	0.00908	0.05655	0.00207	0.00624	0.00533	0.00513	0.03074
8	0.03797	0.00771	0.01002	0.00976	0.06890	0.00734	0.00692	0.06118	0.03033	0.19239	0.39696	0.04868	0.08119	0.00930	0.00589	0.00169	0.00360	0.00801	0.00562	0.00654
9	0.01014	0.00954	0.01610	0.79845	0.03697	0.01193	0.01491	0.01371	0.01073	0.01371	0.00954	0.01431	0.00716	0.00537	0.00537	0.00179	0.00716	0.00477	0.00239	0.00596
10	0.01054	0.00960	0.06918	0.01083	0.07023	0.00850	0.00838	0.01622	0.20027	0.05875	0.14950	0.07371	0.15549	0.00994	0.00599	0.00183	0.00418	0.10015	0.00490	0.03181
11	0.00664	0.00474	0.00634	0.00759	0.00795	0.00445	0.00516	0.00765	0.01038	0.01382	0.02953	0.77198	0.03528	0.01672	0.00688	0.00219	0.00320	0.05013	0.00498	0.00439
12	0.01435	0.81458	0.02813	0.00918	0.01378	0.02124	0.00918	0.01607	0.01091	0.01263	0.00746	0.00861	0.00689	0.00459	0.00344	0.00115	0.00574	0.00287	0.00230	0.00689
13	0.01112	0.04757	0.66711	0.01634	0.04362	0.01283	0.09352	0.01698	0.01148	0.01691	0.00971	0.01163	0.00698	0.00502	0.00518	0.00169	0.00794	0.00420	0.00232	0.00785
14	0.01014	0.00954	0.01610	0.79845	0.03697	0.01193	0.01491	0.01371	0.01073	0.01371	0.00954	0.01431	0.00716	0.00537	0.00537	0.00179	0.00716	0.00477	0.00239	0.00596
15	0.00781	0.00520	0.00585	0.00585	0.00585	0.00520	0.00325	0.00781	0.00781	0.01041	0.01691	0.03513	0.01952	0.81135	0.02732	0.00520	0.00520	0.00781	0.00325	0.00325
16	0.00680	0.00572	0.00595	0.00598	0.00775	0.00502	0.00451	0.00889	0.05001	0.01508	0.06956	0.09082	0.65739	0.01342	0.00636	0.00185	0.00288	0.03222	0.00503	0.00475
17	0.01042	0.00983	0.01661	0.72985	0.10337	0.01200	0.01505	0.01396	0.01087	0.01406	0.00959	0.01422	0.00728	0.00531	0.00536	0.00177	0.00709	0.00477	0.00241	0.00619
18	0.00634	0.00544	0.00544	0.00544	0.00725	0.00453	0.00408	0.00770	0.01224	0.01450	0.05438	0.05166	0.77569	0.01359	0.00634	0.00181	0.00272	0.01133	0.00498	0.00453
19	0.00660	0.00472	0.00628	0.00744	0.00780	0.00440	0.00499	0.00762	0.01054	0.01413	0.07003	0.76619	0.03632	0.01650	0.00682	0.00215	0.00308	0.01496	0.00503	0.00440
20	0.01329	0.01275	0.02179	0.03295	0.77787	0.01275	0.01647	0.01647	0.01222	0.01754	0.01010	0.01329	0.00850	0.00478	0.00531	0.00159	0.00638	0.00478	0.00266	0.00850
21	0.00634	0.00544	0.00544	0.00544	0.00725	0.00453	0.00408	0.00770	0.01224	0.01450	0.05438	0.05166	0.77569	0.01359	0.00634	0.00181	0.00272	0.01133	0.00498	0.00453
22	0.00781	0.00520	0.00585	0.00585	0.00585	0.00520	0.00325	0.00781	0.00781	0.01041	0.01691	0.03513	0.01952	0.81135	0.02732	0.00520	0.00520	0.00781	0.00325	0.00325
23	0.01329	0.01275	0.02179	0.03295	0.77787	0.01275	0.01647	0.01647	0.01222	0.01754	0.01010	0.01329	0.00850	0.00478	0.00531	0.00159	0.00638	0.00478	0.00266	0.00850
24	0.00932	0.00466	0.00699	0.00699	0.00699	0.00466	0.00466	0.00699	0.00699	0.00932	0.00932	0.01632	0.00932	0.01865	0.02098	0.84382	0.00466	0.00466	0.00233	0.00233
25	0.81643	0.01057	0.00822	0.00727	0.01063	0.01222	0.00599	0.04526	0.00977	0.02447	0.00769	0.00889	0.00594	0.00504	0.00340	0.00166	0.00422	0.00298	0.00340	0.00594
26	0.01231	0.01030	0.01193	0.00870	0.01326	0.00865	0.00702	0.10642	0.01279	0.01937	0.00987	0.01137	0.00807	0.00446	0.00460	0.00095	0.03083	0.00344	0.00343	0.71225
27	0.01435	0.81458	0.02813	0.00918	0.01378	0.02124	0.00918	0.01607	0.01091	0.01263	0.00746	0.00861	0.00689	0.00459	0.00344	0.00115	0.00574	0.00287	0.00230	0.00689
28	0.02408	0.00914	0.01246	0.00955	0.01370	0.00789	0.00789	0.02616	0.01536	0.78158	0.02118	0.01827	0.01329	0.00664	0.00540	0.00166	0.00457	0.00540	0.00664	0.00914
29	0.01077	0.02777	0.78354	0.01530	0.02323	0.01247	0.01983	0.01700	0.01133	0.01700	0.00963	0.01133	0.00680	0.00510	0.00510	0.00170	0.00793	0.00397	0.00227	0.00793
30	0.01314	0.01261	0.02153	0.06780	0.74414	0.01272	0.01640	0.01635	0.01215	0.01736	0.01007	0.01333	0.00844	0.00481	0.00532	0.00160	0.00641	0.00478	0.00264	0.00839
31	0.02408	0.00914	0.01246	0.00955	0.01370	0.00789	0.00789	0.02616	0.01536	0.78158	0.02118	0.01827	0.01329	0.00664	0.00540	0.00166	0.00457	0.00540	0.00664	0.00914
32	0.00663	0.00473	0.00618	0.00730	0.00762	0.00443	0.00483	0.00751	0.01014	0.01347	0.02922	0.73031	0.05228	0.07756	0.00841	0.00240	0.00326	0.01459	0.00485	0.00428
33	0.01104	0.08799	0.72571	0.01483	0.02251	0.01314	0.01902	0.01693	0.01130	0.01667	0.00947	0.01112	0.00681	0.00506	0.00497	0.00166	0.00777	0.00388	0.00227	0.00785
34	0.00760	0.00549	0.00718	0.00675	0.00802	0.00506	0.00506	0.01013	0.01519	0.02153	0.77503	0.04010	0.05065	0.01097	0.00633	0.00169	0.00253	0.00971	0.00591	0.00506
35	0.00670	0.00479	0.00641	0.00766	0.00804	0.00450	0.00526	0.00775	0.01044	0.01388	0.02950	0.75064	0.03515	0.01666	0.00689	0.00220	0.00325	0.07087	0.00498	0.00440
36	0.01192	0.01105	0.01890	0.04608	0.49684	0.01104	0.07114	0.01503	0.01225	0.01702	0.01502	0.02599	0.01440	0.00745	0.00595	0.00185	0.00622	0.20118	0.00326	0.00739
37	0.00669	0.00478	0.00640	0.00764	0.00802	0.00449	0.00524	0.00773	0.01042	0.01387	0.02950	0.75549	0.03518	0.01668	0.00689	0.00220	0.00324	0.06616	0.00498	0.00440
38	0.01209	0.01154	0.01964	0.32261	0.49751	0.01244	0.01588	0.01543	0.01166	0.01609	0.00989	0.01367	0.00799	0.00500	0.00533	0.00167	0.00667	0.00478	0.00255	0.00754
39	0.00744	0.00539	0.00701	0.00680	0.00797	0.00497	0.00503	0.00975	0.01453	0.02041	0.66679	0.13059	0.06970	0.01174	0.00639	0.00175	0.00261	0.01041	0.00577	0.00497
40	0.01435	0.81458	0.02813	0.00918	0.01378	0.02124	0.00918	0.01607	0.01091	0.01263	0.00746	0.00861	0.00689	0.00459	0.00344	0.00115	0.00574	0.00287	0.00230	0.00689
41	0.01302	0.01296	0.01641	0.04019	0.01541	0.09003	0.02912	0.01477	0.02850	0.04287	0.00826	0.01216	0.00754	0.00862	0.01494	0.00218	0.62958	0.00468	0.00264	0.00613
42	0.01020	0.01083	0.08919	0.57452	0.03099	0.01103	0.04911	0.01324	0.01035	0.01357	0.00958	0.01432	0.00748	0.00718	0.00760	0.12101	0.00697	0.00475	0.00238	0.00570
43	0.00654	0.00467	0.00623	0.00747	0.00779	0.00436	0.00498	0.00747	0.01028	0.01370	0.02959	0.80785	0.03550	0.01682	0.00685	0.00218	0.00311	0.01526	0.00498	0.00436
44	0.00752	0.00542	0.00710	0.00681	0.00800	0.00501	0.00506	0.00993	0.01482	0.02093	0.71797	0.09887	0.04949	0.01142	0.00637	0.00173	0.00258	0.01013	0.00584	0.00501
45	0.00991	0.00896	0.01463	0.65148	0.03172	0.01108	0.01328	0.01310	0.01062	0.01407	0.01154	0.07820	0.00984	0.00651	0.00591	0.00181	0.04079	0.00562	0.05514	0.00577
46	0.01266	0.06785	0.52390	0.01487	0.02133	0.01347	0.07171	0.07941	0.01254	0.05610	0.01025	0.01192	0.00744	0.00555	0.00609	0.00172	0.06830	0.00428	0.00279	0.00783
47	0.00737	0.00545	0.00689	0.00659	0.00790	0.00496	0.00492	0.00967	0.01457	0.02020	0.64109	0.07219	0.15510	0.01159	0.00635	0.00173	0.00258	0.01016	0.00574	0.00496
48	0.00711	0.00508	0.00688	0.00813	0.00869	0.00485	0.00598	0.00846	0.01084	0.01434	0.02927	0.60543	0.03425	0.01628	0.00700	0.00226	0.00361	0.21204	0.00497	0.00452
49	0.01412	0.01537	0.12277	0.02557	0.48615	0.08140	0.04009	0.01748	0.01263	0.07547	0.01167	0.01550	0.00961	0.00553	0.00539	0.00165	0.00676	0.04175	0.00304	0.00805

[dist]
# distance from previous block
# <min> <max>
0	1

[block]
# block no. 3 follows, 45 sequences, length 54
# corresponding to MSA columns:
# 364-417
name=unknown_D
#
# <colnr> <probs for GDERKNQSTAVLIFYWHMCP>
#	G	D	E	R	K	N	Q	S	T	A	V	L	I	F	Y	W	H	M	C	P
0	0.00973	0.00725	0.00786	0.00727	0.00952	0.00702	0.00559	0.01463	0.19658	0.08417	0.11779	0.03986	0.44982	0.01118	0.00605	0.00179	0.00323	0.00937	0.00534	0.00595
1	0.01461	0.77840	0.02754	0.00940	0.01391	0.05648	0.00924	0.01632	0.01110	0.01265	0.00750	0.00866	0.00689	0.00464	0.00351	0.00116	0.00592	0.00290	0.00232	0.00686
2	0.00759	0.00567	0.00709	0.00682	0.00822	0.00524	0.00519	0.01022	0.03288	0.02002	0.58843	0.04282	0.17282	0.01156	0.00638	0.00176	0.00275	0.05382	0.00568	0.00505
3	0.11769	0.19433	0.52332	0.01294	0.01958	0.01429	0.01577	0.01665	0.01096	0.01696	0.00889	0.01042	0.00669	0.00498	0.00452	0.00158	0.00698	0.00360	0.00241	0.00744
4	0.00727	0.00556	0.00621	0.00598	0.00769	0.00480	0.00451	0.00903	0.01329	0.03943	0.28653	0.04693	0.51862	0.01254	0.00631	0.00177	0.00271	0.01063	0.00533	0.00484
5	0.19076	0.01831	0.01334	0.02845	0.01514	0.38745	0.00913	0.16216	0.01561	0.03785	0.03321	0.01246	0.02915	0.00606	0.00494	0.00154	0.02006	0.00410	0.00361	0.00668
6	0.00810	0.00601	0.00761	0.00712	0.00854	0.00579	0.00536	0.01174	0.08097	0.02161	0.70924	0.03834	0.04766	0.01065	0.00626	0.00170	0.00268	0.00939	0.00587	0.00536
7	0.01329	0.01275	0.02179	0.03295	0.77787	0.01275	0.01647	0.01647	0.01222	0.01754	0.01010	0.01329	0.00850	0.00478	0.00531	0.00159	0.00638	0.00478	0.00266	0.00850
8	0.00859	0.00680	0.00761	0.00754	0.00941	0.00655	0.00597	0.07564	0.06582	0.01722	0.06262	0.10023	0.42698	0.01294	0.00646	0.00196	0.00359	0.16371	0.00507	0.00530
9	0.01263	0.01414	0.02979	0.02250	0.07075	0.01377	0.65107	0.01679	0.01226	0.01685	0.01049	0.01418	0.00807	0.00496	0.00724	0.00184	0.07668	0.00610	0.00268	0.00720
10	0.00781	0.00520	0.00585	0.00585	0.00585	0.00520	0.00325	0.00781	0.00781	0.01041	0.01691	0.03513	0.01952	0.81135	0.02732	0.00520	0.00520	0.00781	0.00325	0.00325
11	0.00781	0.00520	0.00585	0.00585	0.00585	0.00520	0.00325	0.00781	0.00781	0.01041	0.01691	0.03513	0.01952	0.81135	0.02732	0.00520	0.00520	0.00781	0.00325	0.00325
12	0.01250	0.01197	0.02030	0.21238	0.58145	0.01267	0.01597	0.01572	0.01176	0.01650	0.00988	0.01348	0.00814	0.00505	0.00568	0.00166	0.02970	0.00478	0.00258	0.00783
13	0.00932	0.00466	0.00699	0.00699	0.00699	0.00466	0.00466	0.00699	0.00699	0.00932	0.00932	0.01632	0.00932	0.01865	0.02098	0.84382	0.00466	0.00466	0.00233	0.00233
14	0.02332	0.00897	0.01221	0.00942	0.01344	0.00776	0.00776	0.02542	0.01536	0.74646	0.05601	0.01928	0.01501	0.00684	0.00544	0.00166	0.00447	0.00560	0.00661	0.00895
15	0.58695	0.01033	0.00955	0.00801	0.01161	0.01124	0.00661	0.06210	0.01169	0.22084	0.01134	0.01144	0.00794	0.00550	0.00398	0.00166	0.00436	0.00366	0.00430	0.00687
16	0.01315	0.01261	0.02154	0.06617	0.74572	0.01272	0.01641	0.01635	0.01216	0.01737	0.01007	0.01333	0.00844	0.00481	0.00532	0.00160	0.00641	0.00478	0.00265	0.00839
17	0.01074	0.01016	0.01719	0.65130	0.17939	0.01209	0.01521	0.01425	0.01102	0.01445	0.00965	0.01411	0.00741	0.00525	0.00536	0.00175	0.00701	0.00477	0.00244	0.00645
18	0.01095	0.01028	0.01697	0.55376	0.20484	0.01170	0.01452	0.01433	0.01111	0.01492	0.00967	0.01380	0.00753	0.00511	0.00523	0.00166	0.00670	0.00463	0.00252	0.07977
19	0.04096	0.02270	0.01506	0.01414	0.04502	0.62911	0.01039	0.02125	0.08033	0.01440	0.00946	0.01081	0.00778	0.00585	0.00557	0.00149	0.05242	0.00379	0.00299	0.00648
20	0.00779	0.00527	0.00621	0.00621	0.00633	0.00539	0.00369	0.00803	0.00791	0.01067	0.01659	0.03335	0.01874	0.71373	0.12389	0.00564	0.00637	0.00755	0.00320	0.00345
21	0.01116	0.04374	0.54819	0.01553	0.02189	0.01306	0.10682	0.01662	0.02914	0.01673	0.03302	0.01277	0.00855	0.00572	0.00661	0.00177	0.09411	0.00453	0.00252	0.00752
22	0.01174	0.01174	0.01644	0.01409	0.01409	0.01644	0.01174	0.01292	0.00822	0.01292	0.00705	0.01174	0.00705	0.00940	0.01762	0.00235	0.80153	0.00470	0.00235	0.00587
23	0.01560	0.64169	0.02530	0.01020	0.01439	0.18965	0.00944	0.01725	0.01185	0.01274	0.00765	0.00885	0.00689	0.00480	0.00375	0.00120	0.00660	0.00300	0.00240	0.00674
24	0.01830	0.01316	0.01427	0.01129	0.01512	0.01443	0.00921	0.52426	0.13437	0.06969	0.01493	0.01487	0.01082	0.00730	0.02366	0.00176	0.00551	0.00504	0.06174	0.03028
25	0.01556	0.01208	0.01308	0.01117	0.01449	0.01352	0.00899	0.28257	0.40304	0.04779	0.02000	0.02173	0.03217	0.00777	0.00562	0.00180	0.00486	0.07000	0.00541	0.00834
26	0.01359	0.01165	0.01227	0.01097	0.01405	0.01346	0.00855	0.05328	0.74303	0.02284	0.02154	0.01979	0.01614	0.00725	0.00546	0.00181	0.00430	0.00603	0.00546	0.00852
27	0.00768	0.00571	0.00843	0.00843	0.00932	0.00660	0.00646	0.00946	0.00857	0.01231	0.01456	0.02210	0.01386	0.09569	0.73525	0.00838	0.01372	0.00590	0.00290	0.00468
28	0.00833	0.00595	0.00828	0.00952	0.01062	0.00590	0.00810	0.01057	0.01204	0.01571	0.02860	0.17360	0.03159	0.01513	0.00733	0.00243	0.00467	0.63184	0.00495	0.00485
29	0.04089	0.01069	0.03068	0.01016	0.01420	0.01002	0.00848	0.13252	0.11378	0.52403	0.03441	0.01776	0.01350	0.00671	0.00537	0.00168	0.00475	0.00540	0.00611	0.00887
30	0.00675	0.00484	0.00652	0.00762	0.00802	0.00466	0.00523	0.00781	0.01015	0.01360	0.02788	0.69068	0.03298	0.03937	0.07583	0.00283	0.00422	0.04187	0.00475	0.00439
31	0.00638	0.00541	0.00551	0.00554	0.00729	0.00454	0.00413	0.00775	0.01222	0.01462	0.06898	0.08018	0.73189	0.01366	0.00636	0.00182	0.00273	0.01144	0.00500	0.00454
32	0.01133	0.03415	0.01655	0.46867	0.02748	0.03065	0.01343	0.03639	0.01042	0.01401	0.00871	0.01313	0.00717	0.00675	0.00945	0.00195	0.27658	0.00466	0.00247	0.00606
33	0.01159	0.00570	0.00603	0.00565	0.00726	0.00565	0.00433	0.03900	0.01209	0.08701	0.01767	0.01962	0.01356	0.00629	0.00395	0.00130	0.00280	0.00503	0.73996	0.00550
34	0.00654	0.00467	0.00623	0.00747	0.00779	0.00436	0.00498	0.00747	0.01028	0.01370	0.02959	0.80785	0.03550	0.01682	0.00685	0.00218	0.00311	0.01526	0.00498	0.00436
35	0.01341	0.38532	0.32454	0.01192	0.01767	0.01673	0.01339	0.10380	0.01274	0.01689	0.00962	0.03407	0.00797	0.00538	0.00443	0.00145	0.00655	0.00390	0.00273	0.00749
36	0.01175	0.06333	0.55033	0.01371	0.02016	0.01160	0.04446	0.01679	0.01202	0.08386	0.08009	0.04377	0.01242	0.00615	0.00526	0.00169	0.00691	0.00506	0.00309	0.00757
37	0.01947	0.01047	0.06370	0.00986	0.01354	0.02162	0.00853	0.06008	0.01504	0.50639	0.11730	0.02050	0.03074	0.00734	0.00614	0.00169	0.04834	0.00586	0.02528	0.00812
38	0.40920	0.01469	0.15006	0.15426	0.05906	0.07992	0.01093	0.01602	0.01066	0.01956	0.02658	0.01127	0.00753	0.00525	0.00432	0.00166	0.00594	0.00374	0.00294	0.00638
39	0.00827	0.00660	0.01030	0.01001	0.01131	0.00635	0.10129	0.03207	0.01151	0.01532	0.04080	0.47341	0.02997	0.04128	0.00755	0.00227	0.00442	0.17763	0.00466	0.00498
40	0.00865	0.00662	0.00817	0.00781	0.00914	0.00701	0.00579	0.01292	0.15271	0.01728	0.28327	0.04379	0.06189	0.14226	0.20463	0.00400	0.00624	0.00791	0.00460	0.00532
41	0.84927	0.01038	0.00789	0.00706	0.01038	0.01204	0.00581	0.01578	0.00914	0.02408	0.00747	0.00872	0.00581	0.00498	0.00332	0.00166	0.00415	0.00291	0.00332	0.00581
42	0.01088	0.04943	0.74340	0.01495	0.02271	0.01258	0.01920	0.01689	0.01132	0.01689	0.00957	0.01125	0.00683	0.00506	0.00503	0.00166	0.00777	0.00392	0.00229	0.02838
43	0.00809	0.00586	0.00795	0.00903	0.01018	0.00572	0.00758	0.01023	0.01210	0.01571	0.05185	0.17562	0.09723	0.01492	0.00720	0.00235	0.00440	0.54418	0.00498	0.00482
44	0.02790	0.00577	0.00793	0.00758	0.00810	0.00601	0.00532	0.07315	0.00875	0.01200	0.00996	0.01620	0.00953	0.01886	0.07482	0.69212	0.00546	0.00472	0.00266	0.00318
45	0.05489	0.01205	0.02005	0.17090	0.60436	0.01257	0.01565	0.01594	0.01180	0.01717	0.00986	0.01324	0.00812	0.00490	0.00522	0.00163	0.00641	0.00469	0.00264	0.00791
46	0.01286	0.01065	0.01148	0.01066	0.01334	0.02986	0.00849	0.04012	0.54471	0.04153	0.04445	0.02809	0.01975	0.00879	0.00585	0.00192	0.00451	0.14990	0.00534	0.00768
47	0.00650	0.00544	0.00565	0.00560	0.00734	0.00460	0.00420	0.00800	0.01260	0.01536	0.14293	0.05024	0.68660	0.01327	0.00634	0.00180	0.00270	0.01113	0.00510	0.00460
48	0.01320	0.01429	0.02969	0.02136	0.02656	0.01362	0.67464	0.08185	0.01371	0.01856	0.01149	0.03369	0.00890	0.00499	0.00626	0.00180	0.00863	0.00642	0.00300	0.00733
49	0.01189	0.27482	0.54635	0.01338	0.02026	0.01522	0.01649	0.01671	0.01120	0.01563	0.00895	0.01048	0.00683	0.00494	0.00458	0.00153	0.00724	0.00362	0.00228	0.00761
50	0.00844	0.00600	0.00823	0.00924	0.01034	0.00596	0.00781	0.01065	0.01210	0.01589	0.08140	0.07918	0.03146	0.08419	0.00906	0.00264	0.00474	0.60302	0.00487	0.00479
51	0.00982	0.00598	0.00782	0.00710	0.00878	0.00543	0.00542	0.01222	0.01502	0.12692	0.62863	0.04960	0.07514	0.01057	0.00621	0.00170	0.00283	0.00926	0.00596	0.00560
52	0.01091	0.01033	0.01749	0.61101	0.21838	0.01213	0.01529	0.01439	0.01110	0.01465	0.00968	0.01406	0.00749	0.00522	0.00535	0.00174	0.00696	0.00477	0.00245	0.00658
53	0.08305	0.01749	0.01572	0.01266	0.01650	0.22318	0.03268	0.48312	0.02095	0.02704	0.01119	0.01176	0.00825	0.00603	0.00510	0.00156	0.00688	0.00436	0.00444	0.00804

[dist]
# distance from previous block
# <min> <max>
1	2

[block]
# block no. 4 follows, 45 sequences, length 34
# corresponding to MSA columns:
# 420-453
name=unknown_E
#
# <colnr> <probs for GDERKNQSTAVLIFYWHMCP>
#	G	D	E	R	K	N	Q	S	T	A	V	L	I	F	Y	W	H	M	C	P
0	0.01001	0.00550	0.00596	0.03184	0.00780	0.00557	0.00447	0.03367	0.01213	0.02039	0.11227	0.02214	0.01804	0.00682	0.00418	0.00133	0.00276	0.00558	0.68436	0.00516
1	0.01093	0.00725	0.00886	0.00792	0.00999	0.00694	0.00616	0.10319	0.02937	0.09962	0.39489	0.09306	0.11314	0.01057	0.00612	0.00174	0.00342	0.04620	0.00560	0.03504
2	0.00722	0.00563	0.00649	0.00639	0.00788	0.00508	0.00482	0.00933	0.02992	0.01725	0.32667	0.04618	0.38759	0.05741	0.00757	0.00200	0.00297	0.05956	0.00525	0.00478
3	0.21869	0.07691	0.02666	0.02808	0.01432	0.06322	0.00865	0.14939	0.30089	0.02302	0.01444	0.01503	0.01112	0.00633	0.00476	0.00167	0.00512	0.01980	0.00437	0.00754
4	0.01170	0.00988	0.01144	0.00822	0.01296	0.00774	0.00660	0.05941	0.01200	0.01850	0.00975	0.01124	0.00802	0.00413	0.00406	0.00085	0.00409	0.00328	0.00331	0.79283
5	0.03401	0.00989	0.01212	0.01053	0.03747	0.00989	0.00823	0.15203	0.12313	0.30251	0.10384	0.02392	0.01856	0.02594	0.00611	0.00181	0.00461	0.07709	0.00563	0.03269
6	0.01102	0.19866	0.46989	0.01253	0.01842	0.01325	0.01485	0.01548	0.01156	0.01632	0.10326	0.03151	0.01298	0.00697	0.02617	0.00178	0.02069	0.00473	0.00279	0.00715
7	0.00668	0.00470	0.00623	0.00738	0.00767	0.00441	0.00489	0.00748	0.01007	0.01342	0.02842	0.74895	0.03401	0.05456	0.00822	0.02597	0.00326	0.01461	0.00483	0.00425
8	0.02017	0.01492	0.01598	0.01230	0.01656	0.01654	0.01015	0.73601	0.04957	0.03346	0.01318	0.01312	0.00937	0.00647	0.00537	0.00162	0.00585	0.00487	0.00537	0.00911
9	0.01158	0.08662	0.67435	0.01486	0.02233	0.01301	0.04228	0.01726	0.01149	0.04397	0.00992	0.01147	0.00708	0.00510	0.00502	0.00166	0.00768	0.00401	0.00244	0.00787
10	0.00736	0.00597	0.00660	0.00656	0.00818	0.00553	0.00487	0.01033	0.09077	0.01669	0.19860	0.15032	0.44308	0.01284	0.00632	0.00184	0.00289	0.01099	0.00523	0.00503
11	0.00705	0.00542	0.00646	0.00641	0.00780	0.00483	0.00479	0.00897	0.01350	0.01789	0.40124	0.11441	0.33218	0.01265	0.00642	0.00181	0.00274	0.03521	0.00543	0.00479
12	0.01133	0.01089	0.01804	0.48621	0.27320	0.02777	0.03627	0.01473	0.01152	0.01531	0.03706	0.01481	0.00916	0.00536	0.00540	0.00172	0.00685	0.00497	0.00262	0.00679
13	0.00850	0.00586	0.00682	0.00676	0.00855	0.00514	0.00529	0.01020	0.01275	0.08735	0.12450	0.09298	0.46949	0.01303	0.00645	0.00191	0.00323	0.12088	0.00523	0.00507
14	0.00657	0.00469	0.00622	0.00743	0.00773	0.00438	0.00494	0.00748	0.01021	0.01362	0.02925	0.78728	0.03508	0.03797	0.00740	0.00226	0.00317	0.01506	0.00494	0.00433
15	0.79445	0.01003	0.00770	0.00692	0.01011	0.01158	0.00568	0.01557	0.00927	0.02382	0.00813	0.00946	0.00633	0.00507	0.00335	0.00163	0.00404	0.00304	0.05804	0.00576
16	0.01292	0.03975	0.01855	0.40267	0.22339	0.14701	0.04961	0.01600	0.01199	0.01473	0.00946	0.01307	0.00750	0.00518	0.00525	0.00165	0.00743	0.00456	0.00253	0.00675
17	0.02278	0.00897	0.01210	0.00943	0.01339	0.00785	0.00777	0.02516	0.03294	0.71524	0.03836	0.02034	0.03242	0.00707	0.00548	0.00168	0.00448	0.01917	0.00653	0.00885
18	0.01329	0.01275	0.02179	0.03295	0.77787	0.01275	0.01647	0.01647	0.01222	0.01754	0.01010	0.01329	0.00850	0.00478	0.00531	0.00159	0.00638	0.00478	0.00266	0.00850
19	0.00865	0.00618	0.00865	0.00989	0.01112	0.00618	0.00865	0.01112	0.01236	0.01606	0.02842	0.06055	0.03089	0.01483	0.00741	0.00247	0.00494	0.74174	0.00494	0.00494
20	0.00738	0.00544	0.00690	0.00661	0.00791	0.00496	0.00493	0.00968	0.01457	0.02022	0.64349	0.07806	0.14670	0.01160	0.00636	0.00173	0.00258	0.01019	0.00574	0.00496
21	0.04605	0.07101	0.04261	0.01307	0.01647	0.52689	0.01045	0.17759	0.01675	0.01799	0.00924	0.01032	0.00734	0.00564	0.00483	0.00144	0.00840	0.00371	0.00329	0.00693
22	0.01303	0.01249	0.02133	0.09507	0.71774	0.01269	0.01635	0.01625	0.01210	0.01723	0.01005	0.01337	0.00839	0.00483	0.00532	0.00161	0.00644	0.00478	0.00264	0.00830
23	0.02408	0.00914	0.01246	0.00955	0.01370	0.00789	0.00789	0.02616	0.01536	0.78158	0.02118	0.01827	0.01329	0.00664	0.00540	0.00166	0.00457	0.00540	0.00664	0.00914
24	0.00716	0.00493	0.00606	0.00673	0.00751	0.00457	0.00468	0.00858	0.01131	0.01573	0.12444	0.48980	0.13715	0.01407	0.00626	0.00193	0.00290	0.01250	0.12913	0.00457
25	0.02019	0.01417	0.01542	0.01196	0.01614	0.01552	0.00984	0.62787	0.08529	0.10629	0.01444	0.01400	0.01013	0.00653	0.00538	0.00163	0.00564	0.00499	0.00550	0.00908
26	0.00686	0.00543	0.00617	0.00604	0.00758	0.00474	0.00451	0.00869	0.01338	0.01735	0.34802	0.07105	0.45586	0.01263	0.00636	0.00177	0.00266	0.01079	0.00536	0.00474
27	0.00781	0.00520	0.00585	0.00585	0.00585	0.00520	0.00325	0.00781	0.00781	0.01041	0.01691	0.03513	0.01952	0.81135	0.02732	0.00520	0.00520	0.00781	0.00325	0.00325
28	0.00767	0.00575	0.00863	0.00863	0.00959	0.00671	0.00671	0.00959	0.00863	0.01246	0.01438	0.02109	0.01342	0.04026	0.79008	0.00863	0.01438	0.00575	0.00288	0.00479
29	0.01251	0.01413	0.03035	0.06127	0.02800	0.01359	0.69425	0.01687	0.01241	0.01687	0.01066	0.01437	0.00806	0.00474	0.00669	0.00183	0.03740	0.00620	0.00269	0.00713
30	0.00843	0.00596	0.00660	0.00622	0.00818	0.00519	0.00474	0.01046	0.03398	0.08792	0.18390	0.04551	0.54888	0.01228	0.00623	0.00178	0.00290	0.01033	0.00532	0.00517
31	0.01329	0.01275	0.02179	0.03295	0.77787	0.01275	0.01647	0.01647	0.01222	0.01754	0.01010	0.01329	0.00850	0.00478	0.00531	0.00159	0.00638	0.00478	0.00266	0.00850
32	0.40279	0.01024	0.01058	0.06812	0.01385	0.01111	0.00751	0.09293	0.05435	0.21103	0.03174	0.01435	0.02578	0.00603	0.00445	0.00167	0.00457	0.00440	0.01744	0.00707
33	0.01038	0.00987	0.01615	0.68207	0.03358	0.01260	0.01444	0.01360	0.01036	0.01360	0.00917	0.01393	0.00714	0.00596	0.00718	0.00187	0.12503	0.00476	0.00238	0.00595

[dist]
# distance from previous block
# <min> <max>
0	1

[block]
# block no. 5 follows, 45 sequences, length 36
# corresponding to MSA columns:
# 455-490
name=unknown_F
#
# <colnr> <probs for GDERKNQSTAVLIFYWHMCP>
#	G	D	E	R	K	N	Q	S	T	A	V	L	I	F	Y	W	H	M	C	P
0	0.01280	0.01225	0.02069	0.04725	0.71621	0.01224	0.01570	0.01589	0.01219	0.01728	0.01274	0.01561	0.05449	0.00532	0.00538	0.00161	0.00617	0.00518	0.00279	0.00821
1	0.01001	0.00500	0.00500	0.00500	0.00625	0.00500	0.00375	0.01251	0.01126	0.02001	0.01751	0.02001	0.01376	0.00625	0.00375	0.00125	0.00250	0.00500	0.84115	0.00500
2	0.01291	0.01348	0.04323	0.08143	0.41760	0.06652	0.17296	0.01626	0.01227	0.01690	0.01116	0.03897	0.00935	0.00530	0.00545	0.00164	0.00693	0.00534	0.05475	0.00753
3	0.01113	0.00954	0.01113	0.00795	0.01272	0.00716	0.00636	0.01352	0.01113	0.01749	0.00954	0.01113	0.00795	0.00398	0.00398	0.00080	0.00398	0.00318	0.00318	0.84417
4	0.01441	0.01273	0.01244	0.01114	0.01419	0.08503	0.00865	0.02777	0.66745	0.05285	0.02057	0.01900	0.01538	0.00709	0.00540	0.00177	0.00476	0.00580	0.00526	0.00831
5	0.02037	0.01057	0.01281	0.01012	0.01393	0.01046	0.00825	0.21159	0.10307	0.43486	0.06543	0.01949	0.03951	0.00715	0.00548	0.00167	0.00469	0.00578	0.00609	0.00867
6	0.01587	0.01407	0.01812	0.01424	0.01790	0.06479	0.16919	0.30341	0.17072	0.02376	0.01364	0.01490	0.01036	0.00846	0.05516	0.00217	0.06570	0.00536	0.00428	0.00790
7	0.01558	0.01077	0.01205	0.01043	0.01365	0.01179	0.00822	0.05019	0.53723	0.18806	0.06484	0.02058	0.01746	0.00733	0.00550	0.00177	0.00427	0.00609	0.00574	0.00846
8	0.00767	0.00575	0.00863	0.00863	0.00959	0.00671	0.00671	0.00959	0.00863	0.01246	0.01438	0.02109	0.01342	0.04026	0.79008	0.00863	0.01438	0.00575	0.00288	0.00479
9	0.02005	0.02558	0.01521	0.01383	0.01659	0.78980	0.01037	0.02143	0.01521	0.01314	0.00830	0.00968	0.00691	0.00553	0.00484	0.00138	0.00968	0.00346	0.00277	0.00622
10	0.01846	0.01378	0.01449	0.01150	0.01527	0.03242	0.00933	0.56127	0.12771	0.04187	0.01457	0.01498	0.01075	0.02969	0.00590	0.00172	0.00551	0.00508	0.05715	0.00855
11	0.00771	0.00570	0.00742	0.00819	0.00940	0.00541	0.00667	0.00972	0.01237	0.01609	0.13260	0.17580	0.18414	0.01439	0.00697	0.00219	0.00388	0.38148	0.00509	0.00478
12	0.00636	0.00539	0.00549	0.00556	0.00728	0.00452	0.00413	0.00769	0.01211	0.01445	0.05284	0.09859	0.72975	0.01379	0.00638	0.00184	0.00274	0.01157	0.00498	0.00452
13	0.00746	0.00571	0.00684	0.00744	0.00852	0.00544	0.00538	0.03074	0.05687	0.01522	0.03549	0.46761	0.24034	0.01489	0.00663	0.00206	0.00330	0.07020	0.00502	0.00484
14	0.00852	0.00609	0.00850	0.00974	0.01091	0.00607	0.00842	0.01090	0.01223	0.01592	0.02849	0.10692	0.03118	0.01495	0.00738	0.00245	0.00483	0.69665	0.00495	0.00491
15	0.00654	0.00467	0.00623	0.00747	0.00779	0.00436	0.00498	0.00747	0.01028	0.01370	0.02959	0.80785	0.03550	0.01682	0.00685	0.00218	0.00311	0.01526	0.00498	0.00436
16	0.00863	0.00638	0.00889	0.01042	0.04233	0.00630	0.00854	0.01102	0.01234	0.01598	0.03009	0.05777	0.09957	0.01430	0.00723	0.00237	0.00479	0.64314	0.00485	0.00505
17	0.01236	0.01380	0.02886	0.04001	0.02611	0.01368	0.63210	0.01637	0.01202	0.01651	0.01078	0.03202	0.00860	0.00542	0.00770	0.00188	0.10579	0.00630	0.00271	0.00698
18	0.03086	0.02553	0.69380	0.01487	0.02215	0.01201	0.04252	0.01641	0.01126	0.01698	0.01082	0.05914	0.00854	0.00578	0.00520	0.00173	0.00759	0.00469	0.00247	0.00765
19	0.74413	0.01195	0.00884	0.02543	0.01162	0.09309	0.00649	0.01632	0.00980	0.02271	0.00761	0.00894	0.00596	0.00505	0.00353	0.00163	0.00480	0.00301	0.00324	0.00586
20	0.01195	0.01288	0.03719	0.01694	0.01899	0.01516	0.26886	0.01440	0.00982	0.01446	0.00857	0.01288	0.00756	0.00830	0.03012	0.00229	0.49550	0.00527	0.00248	0.00636
21	0.01008	0.00924	0.01327	0.03750	0.01307	0.01177	0.03301	0.01156	0.00888	0.01321	0.01190	0.09747	0.01218	0.06390	0.17076	0.00365	0.41690	0.00618	0.01476	0.04071
22	0.03341	0.07130	0.72053	0.01474	0.02236	0.01295	0.01886	0.01692	0.01125	0.01694	0.00945	0.01111	0.00678	0.00507	0.00496	0.00167	0.00771	0.00388	0.00230	0.00782
23	0.01319	0.01265	0.02161	0.05719	0.75440	0.01273	0.01642	0.01639	0.01218	0.01742	0.01008	0.01332	0.00846	0.00480	0.00532	0.00160	0.00640	0.00478	0.00265	0.00842
24	0.00747	0.00548	0.00700	0.00662	0.00794	0.00501	0.00497	0.00989	0.01490	0.02083	0.70406	0.04124	0.12206	0.01123	0.00633	0.00170	0.00255	0.00987	0.00582	0.00501
25	0.01160	0.01158	0.01661	0.01414	0.01436	0.01594	0.03609	0.01292	0.00838	0.01304	0.00748	0.01223	0.00735	0.01054	0.04981	0.00260	0.74228	0.00480	0.00238	0.00587
26	0.01092	0.06093	0.75170	0.01504	0.02283	0.01284	0.01938	0.01696	0.01132	0.01682	0.00954	0.01122	0.00680	0.00508	0.00503	0.00168	0.00784	0.00392	0.00227	0.00789
27	0.00667	0.00481	0.00632	0.00730	0.00779	0.00446	0.00496	0.00783	0.01100	0.01476	0.12860	0.67579	0.06797	0.01592	0.00676	0.00210	0.00302	0.01437	0.00510	0.00446
28	0.00767	0.00573	0.00854	0.00854	0.00947	0.00666	0.00660	0.00953	0.00860	0.01240	0.01446	0.02152	0.01361	0.06402	0.76658	0.00852	0.01410	0.00581	0.00289	0.00475
29	0.03383	0.04525	0.01500	0.01276	0.01588	0.48219	0.00985	0.13223	0.16662	0.01825	0.01164	0.01217	0.00911	0.00598	0.00497	0.00150	0.00781	0.00415	0.00369	0.00712
30	0.01077	0.02777	0.78354	0.01530	0.02323	0.01247	0.01983	0.01700	0.01133	0.01700	0.00963	0.01133	0.00680	0.00510	0.00510	0.00170	0.00793	0.00397	0.00227	0.00793
31	0.00856	0.00615	0.00853	0.00972	0.01098	0.00612	0.00848	0.01099	0.01235	0.01601	0.02940	0.06022	0.05892	0.01478	0.00737	0.00245	0.00486	0.71425	0.00494	0.00493
32	0.01163	0.00677	0.00695	0.00637	0.00814	0.00710	0.00492	0.11598	0.05857	0.02205	0.01714	0.01904	0.01328	0.00634	0.00408	0.00133	0.00307	0.00504	0.67641	0.00578
33	0.03168	0.06146	0.01557	0.03084	0.01659	0.60622	0.01014	0.06866	0.03562	0.06095	0.00970	0.01072	0.00768	0.00565	0.00485	0.00143	0.00866	0.00372	0.00321	0.00667
34	0.01148	0.17125	0.62396	0.01439	0.02164	0.01410	0.03896	0.01684	0.01129	0.01621	0.00927	0.01093	0.00685	0.00499	0.00483	0.00160	0.00756	0.00383	0.00228	0.00772
35	0.66622	0.08397	0.01048	0.00786	0.01114	0.03853	0.00658	0.03937	0.01017	0.02255	0.03181	0.00996	0.00750	0.00534	0.00401	0.00163	0.03031	0.00325	0.00333	0.00601

[dist]
# distance from previous block
# <min> <max>
0	1

[block]
# block no. 6 follows, 45 sequences, length 68
# corresponding to MSA columns:
# 492-505,541-594
name=unknown_G
#
# <colnr> <probs for GDERKNQSTAVLIFYWHMCP>
#	G	D	E	R	K	N	Q	S	T	A	V	L	I	F	Y	W	H	M	C	P
0	0.01748	0.13174	0.01749	0.02825	0.01634	0.46050	0.02666	0.07867	0.01414	0.01479	0.00858	0.01053	0.00728	0.00675	0.02354	0.00168	0.12244	0.00380	0.00284	0.00649
1	0.01001	0.00500	0.00500	0.00500	0.00625	0.00500	0.00375	0.01251	0.01126	0.02001	0.01751	0.02001	0.01376	0.00625	0.00375	0.00125	0.00250	0.00500	0.84115	0.00500
2	0.00814	0.00590	0.00717	0.00708	0.00726	0.00632	0.00457	0.01896	0.00877	0.01195	0.04505	0.15605	0.02172	0.55062	0.03995	0.00436	0.08005	0.00868	0.00356	0.00386
3	0.01113	0.00954	0.01113	0.00795	0.01272	0.00716	0.00636	0.01352	0.01113	0.01749	0.00954	0.01113	0.00795	0.00398	0.00398	0.00080	0.00398	0.00318	0.00318	0.84417
4	0.01435	0.81458	0.02813	0.00918	0.01378	0.02124	0.00918	0.01607	0.01091	0.01263	0.00746	0.00861	0.00689	0.00459	0.00344	0.00115	0.00574	0.00287	0.00230	0.00689
5	0.01360	0.01165	0.01228	0.01097	0.01405	0.01347	0.00856	0.05396	0.74233	0.02285	0.02154	0.01978	0.01613	0.00725	0.00546	0.00181	0.00431	0.00603	0.00546	0.00852
6	0.00868	0.00579	0.00729	0.00687	0.00843	0.00525	0.00525	0.01088	0.01427	0.07768	0.51382	0.04174	0.18702	0.03224	0.00687	0.00185	0.00293	0.05225	0.00566	0.00522
7	0.01335	0.01153	0.01214	0.01092	0.01396	0.01335	0.00850	0.02852	0.76817	0.02245	0.02185	0.02003	0.01639	0.00728	0.00546	0.00182	0.00425	0.00607	0.00546	0.00850
8	0.00767	0.00575	0.00863	0.00863	0.00959	0.00671	0.00671	0.00959	0.00863	0.01246	0.01438	0.02109	0.01342	0.04026	0.79008	0.00863	0.01438	0.00575	0.00288	0.00479
9	0.04527	0.01731	0.07414	0.01255	0.01677	0.13876	0.01071	0.51390	0.07132	0.02819	0.01233	0.01260	0.00898	0.00621	0.00521	0.00160	0.00650	0.00457	0.00466	0.00843
10	0.02315	0.00908	0.01226	0.00949	0.01351	0.00796	0.00781	0.02566	0.03938	0.73014	0.04820	0.01911	0.01472	0.00682	0.00543	0.00167	0.00448	0.00557	0.00658	0.00897
11	0.00659	0.00478	0.00622	0.00728	0.00776	0.00441	0.00492	0.00765	0.01071	0.01422	0.07453	0.70567	0.09299	0.01623	0.00678	0.00212	0.00305	0.01464	0.00504	0.00441
12	0.00650	0.00548	0.00565	0.00571	0.00748	0.00463	0.00435	0.00795	0.01231	0.01474	0.06851	0.05191	0.71848	0.01361	0.00640	0.00185	0.00284	0.05202	0.00500	0.00457
13	0.01863	0.01374	0.01538	0.01208	0.01600	0.01507	0.03320	0.57554	0.10393	0.05751	0.01480	0.01644	0.01120	0.03756	0.00632	0.00181	0.00572	0.03119	0.00525	0.00863
14	0.02018	0.01104	0.01311	0.01052	0.01438	0.01128	0.00854	0.17639	0.23869	0.40603	0.01969	0.01769	0.01335	0.00679	0.00541	0.00170	0.00475	0.00548	0.00604	0.00895
15	0.00777	0.00534	0.00656	0.00656	0.00680	0.00559	0.00413	0.00826	0.00801	0.01093	0.01627	0.03156	0.01797	0.61535	0.22121	0.00607	0.00754	0.00728	0.00316	0.00364
16	0.23996	0.03117	0.04476	0.00852	0.01195	0.01043	0.00730	0.15195	0.01418	0.20372	0.01425	0.01461	0.01020	0.00595	0.00437	0.00154	0.00437	0.00440	0.20925	0.00712
17	0.01329	0.01275	0.02179	0.03295	0.77787	0.01275	0.01647	0.01647	0.01222	0.01754	0.01010	0.01329	0.00850	0.00478	0.00531	0.00159	0.00638	0.00478	0.00266	0.00850
18	0.00654	0.00467	0.00623	0.00747	0.00779	0.00436	0.00498	0.00747	0.01028	0.01370	0.02959	0.80785	0.03550	0.01682	0.00685	0.00218	0.00311	0.01526	0.00498	0.00436
19	0.72350	0.02703	0.02821	0.00800	0.01143	0.08022	0.00671	0.03187	0.01009	0.02295	0.00771	0.00895	0.00602	0.00506	0.00354	0.00163	0.00479	0.00302	0.00327	0.00599
20	0.01031	0.00978	0.01614	0.71244	0.03446	0.01242	0.01456	0.01363	0.01046	0.01363	0.00927	0.01403	0.00714	0.00581	0.00671	0.00185	0.09427	0.00476	0.00238	0.00595
21	0.07225	0.25400	0.12598	0.05945	0.01701	0.10008	0.06651	0.01629	0.03547	0.03945	0.01113	0.07247	0.00993	0.00788	0.04237	0.00191	0.05342	0.00484	0.00293	0.00663
22	0.01382	0.65497	0.13878	0.01015	0.01512	0.04413	0.01068	0.01619	0.01114	0.01333	0.00886	0.01001	0.02416	0.00490	0.00380	0.00125	0.00612	0.00324	0.00237	0.00697
23	0.01874	0.01362	0.01473	0.01143	0.01540	0.01479	0.00936	0.63038	0.02288	0.05462	0.01598	0.01632	0.06151	0.02730	0.01959	0.00181	0.00572	0.00533	0.00522	0.03528
24	0.02399	0.00928	0.01255	0.00962	0.01378	0.00811	0.00795	0.04456	0.01561	0.76284	0.02097	0.01814	0.01318	0.00664	0.00540	0.00166	0.00460	0.00538	0.00661	0.00914
25	0.00727	0.00605	0.00684	0.06669	0.00990	0.00570	0.00525	0.00949	0.05489	0.01471	0.06628	0.08906	0.52096	0.08918	0.00828	0.00217	0.00344	0.02440	0.00468	0.00476
26	0.01080	0.01022	0.01772	0.66134	0.03452	0.01214	0.10145	0.04167	0.01142	0.01477	0.00981	0.01432	0.00739	0.00560	0.00582	0.02009	0.00728	0.00495	0.00253	0.00615
27	0.00662	0.00473	0.00630	0.00742	0.00780	0.00441	0.00499	0.00768	0.01065	0.01430	0.08660	0.74913	0.03666	0.01637	0.00681	0.00214	0.00307	0.01484	0.00505	0.00441
28	0.00759	0.00511	0.00592	0.00613	0.00618	0.00506	0.00355	0.00775	0.00823	0.01097	0.01908	0.16700	0.02224	0.67576	0.02383	0.00469	0.00485	0.00908	0.00355	0.00344
29	0.01434	0.55242	0.15483	0.01084	0.01566	0.12336	0.01110	0.01679	0.01150	0.01344	0.00813	0.00955	0.00705	0.00574	0.02442	0.00147	0.00687	0.00321	0.00237	0.00692
30	0.01077	0.02777	0.78354	0.01530	0.02323	0.01247	0.01983	0.01700	0.01133	0.01700	0.00963	0.01133	0.00680	0.00510	0.00510	0.00170	0.00793	0.00397	0.00227	0.00793
