[name]
unknown

[dist]
# distance from previous block
# <min> <max>
4	57

[block]
# block no. 0 follows, 46 sequences, length 14
# corresponding to MSA columns:
# 70-83
name=unknown_A
#
# <colnr> <probs for GDERKNQSTAVLIFYWHMCP>
#	G	D	E	R	K	N	Q	S	T	A	V	L	I	F	Y	W	H	M	C	P
0	0.13241	0.01181	0.01208	0.06222	0.02867	0.09076	0.00849	0.13441	0.15293	0.03720	0.01322	0.05893	0.01100	0.00746	0.00677	0.05233	0.06904	0.00504	0.03693	0.06830
1	0.07363	0.01541	0.01432	0.03241	0.06675	0.24319	0.02270	0.10763	0.11729	0.08649	0.01216	0.01365	0.00949	0.00613	0.00593	0.00157	0.07121	0.01841	0.00379	0.07786
2	0.01157	0.00981	0.01494	0.58749	0.03018	0.01152	0.01284	0.10539	0.01275	0.04128	0.05605	0.01539	0.01008	0.00571	0.00527	0.00168	0.00637	0.00493	0.00309	0.05369
3	0.06247	0.01100	0.01387	0.08198	0.01639	0.03249	0.07842	0.09998	0.04684	0.01873	0.01044	0.01285	0.00850	0.03410	0.00590	0.00140	0.04120	0.00410	0.00333	0.41603
4	0.01423	0.13691	0.41172	0.01294	0.01883	0.06008	0.01450	0.13152	0.01382	0.08896	0.01136	0.01344	0.00858	0.00569	0.00493	0.00159	0.00688	0.03305	0.00323	0.00774
5	0.04484	0.41197	0.15095	0.01009	0.01442	0.09243	0.01008	0.01531	0.01140	0.01456	0.05835	0.07477	0.01175	0.00603	0.00428	0.00136	0.00584	0.00448	0.00282	0.05427
6	0.00650	0.00481	0.00608	0.00693	0.00759	0.00439	0.00475	0.00765	0.01093	0.01436	0.10363	0.60041	0.17173	0.01545	0.00661	0.00204	0.00294	0.01381	0.00499	0.00439
7	0.00866	0.00583	0.00694	0.00697	0.00832	0.00543	0.00500	0.01087	0.06414	0.08540	0.11959	0.30325	0.24675	0.08800	0.00820	0.00219	0.00329	0.01108	0.00504	0.00503
8	0.12049	0.07684	0.12058	0.01048	0.01433	0.01221	0.00962	0.15937	0.07033	0.19590	0.01446	0.06144	0.01125	0.02034	0.00606	0.00173	0.05744	0.00513	0.02449	0.00752
9	0.06549	0.00964	0.01528	0.63320	0.08461	0.01163	0.01360	0.03897	0.01103	0.01511	0.01031	0.04968	0.00838	0.00577	0.00522	0.00175	0.00658	0.00505	0.00264	0.00607
10	0.00644	0.00460	0.00613	0.00736	0.00767	0.00429	0.00491	0.00736	0.01012	0.01350	0.02914	0.81076	0.03497	0.01656	0.00675	0.00215	0.00307	0.01503	0.00491	0.00429
11	0.08253	0.01203	0.01363	0.08221	0.04075	0.04777	0.00936	0.23314	0.14685	0.25347	0.01567	0.01517	0.01091	0.00625	0.00513	0.00165	0.00530	0.00492	0.00506	0.00821
12	0.01884	0.01375	0.04222	0.01142	0.01543	0.01428	0.00961	0.59081	0.02221	0.10276	0.06599	0.01568	0.01243	0.03235	0.00604	0.00171	0.00551	0.00520	0.00527	0.00849
13	0.12715	0.01192	0.04766	0.01079	0.04406	0.01143	0.00869	0.28967	0.01662	0.15293	0.04102	0.06158	0.01197	0.00646	0.00492	0.00152	0.00490	0.00510	0.00465	0.13695

[dist]
# distance from previous block
# <min> <max>
0	24

[block]
# block no. 1 follows, 46 sequences, length 35
# corresponding to MSA columns:
# 108-142
name=unknown_B
#
# <colnr> <probs for GDERKNQSTAVLIFYWHMCP>
#	G	D	E	R	K	N	Q	S	T	A	V	L	I	F	Y	W	H	M	C	P
0	0.22287	0.01341	0.11171	0.03515	0.03090	0.08868	0.00906	0.03994	0.09586	0.05150	0.01178	0.03059	0.00960	0.03090	0.07419	0.00222	0.00620	0.00434	0.00345	0.12764
1	0.04681	0.13882	0.32375	0.01348	0.01847	0.01343	0.09899	0.01677	0.03909	0.08044	0.01130	0.05272	0.00918	0.00621	0.00653	0.00171	0.10738	0.00482	0.00295	0.00718
2	0.03071	0.02670	0.09456	0.00896	0.01206	0.00820	0.00796	0.01744	0.12900	0.20880	0.25134	0.02889	0.09832	0.00875	0.00568	0.00172	0.00407	0.04475	0.00528	0.00680
3	0.01258	0.01153	0.01897	0.20444	0.44905	0.03372	0.05816	0.01562	0.01183	0.05513	0.01177	0.07187	0.01019	0.00581	0.00541	0.00167	0.00638	0.00555	0.00293	0.00740
4	0.00674	0.00478	0.00623	0.00707	0.00748	0.00449	0.00472	0.00778	0.01053	0.01423	0.13623	0.60679	0.03526	0.11049	0.00907	0.00243	0.00323	0.01336	0.00484	0.00426
5	0.01203	0.01140	0.01923	0.13648	0.60608	0.01168	0.01493	0.01503	0.01172	0.01642	0.01241	0.06404	0.03368	0.00580	0.00537	0.00164	0.00608	0.00555	0.00279	0.00765
6	0.02267	0.00907	0.01215	0.00941	0.01336	0.00804	0.00774	0.04481	0.03696	0.71261	0.05096	0.01876	0.01454	0.00673	0.00535	0.00164	0.00444	0.00549	0.00645	0.00882
7	0.00647	0.00473	0.00609	0.00709	0.00762	0.00435	0.00481	0.00752	0.01059	0.01398	0.07019	0.68279	0.12253	0.01590	0.00666	0.00208	0.00299	0.01430	0.00495	0.00435
8	0.00998	0.00940	0.01586	0.80150	0.03641	0.01175	0.01468	0.01351	0.01057	0.01351	0.00940	0.01409	0.00705	0.00529	0.00529	0.00176	0.00705	0.00470	0.00235	0.00587
9	0.01150	0.20578	0.57620	0.01407	0.02101	0.01429	0.05501	0.01655	0.01113	0.01578	0.00906	0.01071	0.00678	0.00488	0.00472	0.00156	0.00738	0.00378	0.00226	0.00754
10	0.00687	0.00509	0.00641	0.00670	0.00768	0.00463	0.00479	0.00856	0.01260	0.01703	0.36425	0.33771	0.17130	0.01347	0.00643	0.00187	0.00275	0.01194	0.00531	0.00463
11	0.01308	0.01256	0.02146	0.03245	0.78123	0.01256	0.01622	0.01622	0.01204	0.01727	0.00994	0.01308	0.00837	0.00471	0.00523	0.00157	0.00628	0.00471	0.00262	0.00837
12	0.01975	0.02520	0.01498	0.01362	0.01634	0.79299	0.01021	0.02111	0.01498	0.01294	0.00817	0.00953	0.00681	0.00545	0.00477	0.00136	0.00953	0.00340	0.00272	0.00613
13	0.01228	0.01383	0.02946	0.06749	0.02738	0.01343	0.67649	0.01650	0.01212	0.01650	0.01041	0.01410	0.00790	0.00477	0.00680	0.00181	0.05305	0.00606	0.00263	0.00698
14	0.00625	0.00536	0.00536	0.00536	0.00714	0.00446	0.00402	0.00759	0.01205	0.01428	0.05355	0.05088	0.77909	0.01339	0.00625	0.00179	0.00268	0.01116	0.00491	0.00446
15	0.00625	0.00536	0.00536	0.00536	0.00714	0.00446	0.00402	0.00759	0.01205	0.01428	0.05355	0.05088	0.77909	0.01339	0.00625	0.00179	0.00268	0.01116	0.00491	0.00446
16	0.85155	0.01022	0.00777	0.00695	0.01022	0.01186	0.00573	0.01554	0.00900	0.02372	0.00736	0.00859	0.00573	0.00491	0.00327	0.00164	0.00409	0.00286	0.00327	0.00573
17	0.01975	0.02520	0.01498	0.01362	0.01634	0.79299	0.01021	0.02111	0.01498	0.01294	0.00817	0.00953	0.00681	0.00545	0.00477	0.00136	0.00953	0.00340	0.00272	0.00613
18	0.01052	0.00991	0.01656	0.64605	0.15536	0.01169	0.01459	0.01394	0.01082	0.01426	0.00948	0.01381	0.00729	0.00514	0.00522	0.00169	0.00680	0.00464	0.00242	0.03980
19	0.01315	0.01136	0.01195	0.01076	0.01375	0.01315	0.00837	0.02809	0.77168	0.02211	0.02152	0.01972	0.01614	0.00717	0.00538	0.00179	0.00418	0.00598	0.00538	0.00837
20	0.01308	0.01256	0.02146	0.03245	0.78123	0.01256	0.01622	0.01622	0.01204	0.01727	0.00994	0.01308	0.00837	0.00471	0.00523	0.00157	0.00628	0.00471	0.00262	0.00837
21	0.01308	0.01256	0.02146	0.03245	0.78123	0.01256	0.01622	0.01622	0.01204	0.01727	0.00994	0.01308	0.00837	0.00471	0.00523	0.00157	0.00628	0.00471	0.00262	0.00837
22	0.00655	0.00480	0.00642	0.03380	0.00860	0.00455	0.00519	0.00758	0.01023	0.01353	0.02964	0.74785	0.06957	0.01603	0.00667	0.00212	0.00318	0.01450	0.00482	0.00435
23	0.01616	0.01087	0.01284	0.05536	0.01475	0.01161	0.02982	0.38308	0.03436	0.11350	0.01656	0.12733	0.01381	0.00769	0.00530	0.00164	0.00491	0.00636	0.12656	0.00750
24	0.00761	0.00545	0.00739	0.00739	0.00795	0.00601	0.00523	0.00873	0.00817	0.01145	0.01517	0.02636	0.01564	0.35291	0.48332	0.00713	0.01051	0.00648	0.00298	0.00411
25	0.00651	0.00492	0.00601	0.00668	0.00754	0.00443	0.00465	0.00774	0.01127	0.01464	0.12467	0.49184	0.26012	0.01493	0.00654	0.00198	0.00288	0.01322	0.00502	0.00443
26	0.01278	0.01252	0.01976	0.12997	0.58909	0.05219	0.01521	0.01575	0.01172	0.01621	0.00980	0.01323	0.00823	0.00617	0.03203	0.00185	0.03852	0.00467	0.00258	0.00771
27	0.00643	0.00465	0.00609	0.00723	0.00763	0.00430	0.00485	0.00738	0.01024	0.01354	0.03068	0.76274	0.08199	0.01636	0.00672	0.00212	0.00304	0.01478	0.00491	0.00430
28	0.81799	0.01019	0.00809	0.03864	0.01127	0.01185	0.00608	0.01546	0.00906	0.02331	0.00744	0.00881	0.00578	0.00492	0.00335	0.00164	0.00421	0.00294	0.00323	0.00573
29	0.02122	0.00841	0.01143	0.00903	0.01264	0.00731	0.00735	0.02324	0.01482	0.66975	0.09071	0.06643	0.01774	0.00752	0.00548	0.00167	0.00423	0.00627	0.00638	0.00835
30	0.00739	0.00540	0.00694	0.00656	0.00784	0.00495	0.00492	0.00980	0.01475	0.02069	0.72499	0.04033	0.10366	0.01100	0.00624	0.00167	0.00251	0.00968	0.00575	0.00495
31	0.01074	0.00914	0.01072	0.00776	0.01224	0.00692	0.00618	0.01310	0.01122	0.01748	0.05799	0.01277	0.01049	0.00435	0.00406	0.00084	0.00383	0.00354	0.00330	0.79335
32	0.01733	0.00989	0.01341	0.05744	0.11114	0.00961	0.00918	0.10395	0.04086	0.34757	0.02912	0.07269	0.01322	0.00740	0.01935	0.00172	0.02768	0.00568	0.00495	0.09781
33	0.00816	0.00562	0.00691	0.00646	0.00804	0.00502	0.00489	0.01030	0.01415	0.06750	0.52532	0.04136	0.25403	0.01127	0.00618	0.00170	0.00267	0.00974	0.00561	0.00509
34	0.01496	0.00787	0.01001	0.00844	0.01110	0.00748	0.00667	0.05218	0.09959	0.31791	0.34936	0.04453	0.02968	0.00867	0.00575	0.00167	0.00362	0.00742	0.00601	0.00709

[dist]
# distance from previous block
# <min> <max>
6	29

[block]
# block no. 2 follows, 46 sequences, length 45
# corresponding to MSA columns:
# 173-217
name=unknown_C
#
# <colnr> <probs for GDERKNQSTAVLIFYWHMCP>
#	G	D	E	R	K	N	Q	S	T	A	V	L	I	F	Y	W	H	M	C	P
0	0.02976	0.18550	0.10258	0.04713	0.01507	0.15361	0.00975	0.13329	0.02862	0.01855	0.10553	0.01569	0.02469	0.00628	0.00495	0.00147	0.02244	0.00469	0.08376	0.00664
1	0.01540	0.13345	0.04290	0.01107	0.03061	0.14572	0.00915	0.18968	0.01515	0.05691	0.05100	0.01402	0.03653	0.00601	0.00544	0.00138	0.05336	0.00437	0.00371	0.17414
2	0.01816	0.05569	0.01475	0.01137	0.01489	0.23706	0.03538	0.22160	0.01692	0.15896	0.05918	0.03130	0.01203	0.00629	0.00504	0.00147	0.00628	0.00483	0.02678	0.06200
3	0.00873	0.00550	0.00686	0.00692	0.00825	0.00491	0.00501	0.01019	0.01214	0.10915	0.18336	0.35118	0.22568	0.02845	0.00672	0.00195	0.00307	0.01163	0.00526	0.00503
4	0.00640	0.00492	0.00587	0.00656	0.00747	0.00438	0.00456	0.00754	0.01104	0.01407	0.06510	0.48867	0.32420	0.01513	0.00654	0.00199	0.00290	0.01333	0.00494	0.00438
5	0.00717	0.00539	0.00664	0.00632	0.00771	0.00486	0.00474	0.00937	0.01423	0.01946	0.59595	0.04236	0.23346	0.01146	0.00624	0.00169	0.00254	0.00996	0.00559	0.00486
6	0.01248	0.01426	0.03119	0.02228	0.02763	0.01337	0.76203	0.01693	0.01248	0.01693	0.01070	0.01426	0.00802	0.00446	0.00624	0.00178	0.00891	0.00624	0.00267	0.00713
7	0.02095	0.01274	0.01446	0.01112	0.01522	0.01342	0.00917	0.51492	0.02147	0.26585	0.01534	0.01452	0.01038	0.00640	0.00525	0.00159	0.00532	0.00494	0.02805	0.00888
8	0.02173	0.00876	0.01162	0.00905	0.01285	0.00770	0.00743	0.04849	0.01514	0.67164	0.04047	0.02037	0.06025	0.00704	0.00534	0.00163	0.00432	0.00574	0.03190	0.00850
9	0.02372	0.00900	0.01227	0.00941	0.01350	0.00777	0.00777	0.02576	0.01513	0.78489	0.02086	0.01799	0.01309	0.00654	0.00532	0.00164	0.00450	0.00532	0.00654	0.00900
10	0.01956	0.00883	0.01138	0.00911	0.01262	0.00815	0.00739	0.04924	0.09748	0.54227	0.12002	0.02225	0.05233	0.00746	0.00548	0.00166	0.00417	0.00618	0.00621	0.00821
11	0.00829	0.00537	0.00665	0.00691	0.00815	0.00478	0.00496	0.00964	0.01177	0.09427	0.12446	0.41848	0.24863	0.01393	0.00640	0.00193	0.00303	0.01226	0.00519	0.00491
12	0.81432	0.01043	0.00813	0.00719	0.01050	0.01206	0.00592	0.04904	0.00971	0.02415	0.00760	0.00877	0.00587	0.00497	0.00336	0.00163	0.00417	0.00295	0.00336	0.00587
13	0.02010	0.01481	0.01587	0.01216	0.01639	0.01639	0.01005	0.76360	0.02486	0.03332	0.01269	0.01269	0.00899	0.00635	0.00529	0.00159	0.00582	0.00476	0.00529	0.00899
14	0.00769	0.00513	0.00577	0.00577	0.00577	0.00513	0.00320	0.00769	0.00769	0.01025	0.01666	0.03460	0.01922	0.81421	0.02691	0.00513	0.00513	0.00769	0.00320	0.00320
15	0.07379	0.00922	0.01208	0.00933	0.01337	0.00823	0.00770	0.04341	0.01500	0.72017	0.01984	0.01729	0.01254	0.00644	0.00519	0.00163	0.00451	0.00515	0.00631	0.00880
16	0.00985	0.00493	0.00493	0.00493	0.00616	0.00493	0.00370	0.01232	0.01109	0.01971	0.01725	0.01971	0.01355	0.00616	0.00370	0.00123	0.00246	0.00493	0.84356	0.00493
17	0.85155	0.01022	0.00777	0.00695	0.01022	0.01186	0.00573	0.01554	0.00900	0.02372	0.00736	0.00859	0.00573	0.00491	0.00327	0.00164	0.00409	0.00286	0.00327	0.00573
18	0.00759	0.00541	0.00660	0.00651	0.00727	0.00522	0.00441	0.00938	0.03758	0.01611	0.36394	0.12734	0.05819	0.30553	0.01383	0.00299	0.00359	0.00944	0.00471	0.00435
19	0.01333	0.63825	0.19983	0.01041	0.01568	0.01896	0.01142	0.01604	0.01084	0.01341	0.00783	0.00909	0.00676	0.00464	0.00376	0.00125	0.00614	0.00307	0.00225	0.00702
20	0.01874	0.25857	0.04087	0.01023	0.01450	0.01243	0.05634	0.04383	0.01379	0.41420	0.05366	0.01555	0.01237	0.00595	0.00482	0.00149	0.00517	0.00476	0.00478	0.00796
21	0.85155	0.01022	0.00777	0.00695	0.01022	0.01186	0.00573	0.01554	0.00900	0.02372	0.00736	0.00859	0.00573	0.00491	0.00327	0.00164	0.00409	0.00286	0.00327	0.00573
22	0.00970	0.00589	0.00778	0.00703	0.00866	0.00537	0.00537	0.01213	0.01499	0.12551	0.67496	0.03655	0.04486	0.01023	0.00611	0.00166	0.00277	0.00898	0.00592	0.00554
23	0.01165	0.01248	0.06687	0.34022	0.22957	0.01268	0.15145	0.03411	0.01156	0.01578	0.00972	0.01349	0.00760	0.00523	0.00616	0.00174	0.05526	0.00493	0.00254	0.00696
24	0.02361	0.00917	0.01237	0.00949	0.01358	0.00802	0.00784	0.04748	0.01542	0.76277	0.02062	0.01784	0.01297	0.00654	0.00532	0.00163	0.00454	0.00530	0.00651	0.00900
25	0.00741	0.00540	0.00696	0.00657	0.00785	0.00496	0.00493	0.00983	0.01479	0.02078	0.73452	0.04018	0.09406	0.01096	0.00624	0.00167	0.00251	0.00966	0.00576	0.00496
26	0.00655	0.00472	0.00622	0.00722	0.00768	0.00438	0.00489	0.00766	0.01073	0.01439	0.11490	0.69983	0.05959	0.01581	0.00667	0.00208	0.00299	0.01429	0.00501	0.00438
27	0.01476	0.62683	0.06670	0.02767	0.06106	0.01842	0.01004	0.01686	0.01128	0.09111	0.00903	0.00999	0.00752	0.00478	0.00383	0.00125	0.00572	0.00329	0.00272	0.00714
28	0.02271	0.00996	0.01278	0.00987	0.01393	0.00928	0.00813	0.13429	0.05044	0.64029	0.01969	0.01729	0.01262	0.00654	0.00532	0.00164	0.00468	0.00526	0.00631	0.00897
29	0.85155	0.01022	0.00777	0.00695	0.01022	0.01186	0.00573	0.01554	0.00900	0.02372	0.00736	0.00859	0.00573	0.00491	0.00327	0.00164	0.00409	0.00286	0.00327	0.00573
30	0.02071	0.00865	0.01153	0.00906	0.01266	0.00770	0.00739	0.05851	0.01557	0.61554	0.15259	0.02149	0.01931	0.00728	0.00548	0.00164	0.00421	0.00603	0.00636	0.00830
31	0.00775	0.00514	0.00622	0.00635	0.00676	0.00497	0.00402	0.00852	0.00985	0.02929	0.16818	0.20330	0.02839	0.45338	0.01764	0.00366	0.00411	0.00955	0.01898	0.00394
32	0.08170	0.01051	0.02701	0.00850	0.01284	0.02455	0.00695	0.09518	0.01243	0.03352	0.01071	0.04893	0.00912	0.00496	0.00421	0.00105	0.00430	0.00391	0.00350	0.59612
33	0.01056	0.01029	0.01275	0.04644	0.03248	0.07951	0.00939	0.01182	0.00949	0.01297	0.01455	0.16752	0.05154	0.01334	0.08540	0.02725	0.38941	0.00694	0.00303	0.00533
34	0.00644	0.00460	0.00613	0.00736	0.00767	0.00429	0.00491	0.00736	0.01012	0.01350	0.02914	0.81076	0.03497	0.01656	0.00675	0.00215	0.00307	0.01503	0.00491	0.00429
35	0.00830	0.00653	0.00759	0.03063	0.00961	0.00666	0.00567	0.02776	0.15697	0.01542	0.03069	0.32947	0.19557	0.11118	0.00879	0.00235	0.00368	0.03327	0.00472	0.00514
36	0.07518	0.01054	0.01534	0.50140	0.07777	0.03273	0.03579	0.08872	0.02794	0.01679	0.01185	0.04028	0.03187	0.00595	0.00522	0.00173	0.00645	0.00514	0.00297	0.00634
37	0.00696	0.00519	0.00656	0.00750	0.00819	0.00497	0.00526	0.00888	0.05661	0.01425	0.03124	0.63186	0.11395	0.01552	0.00665	0.00211	0.00321	0.06157	0.00493	0.00460
38	0.00640	0.00476	0.00597	0.00695	0.00756	0.00433	0.00472	0.00741	0.01052	0.01366	0.03416	0.65444	0.18804	0.01591	0.00664	0.00207	0.00299	0.01423	0.00491	0.00433
39	0.01916	0.01248	0.01459	0.01141	0.01529	0.01322	0.03480	0.46026	0.07676	0.20113	0.03814	0.05099	0.01277	0.00697	0.00543	0.00165	0.00528	0.00563	0.00549	0.00856
40	0.01534	0.03543	0.01444	0.01223	0.01408	0.25869	0.00978	0.07648	0.01239	0.08487	0.01027	0.01305	0.00866	0.01250	0.13988	0.00289	0.26511	0.00444	0.00315	0.00629
41	0.06783	0.02547	0.01199	0.03304	0.01368	0.03705	0.00737	0.10953	0.04040	0.06801	0.01155	0.04542	0.00952	0.00531	0.00463	0.00117	0.02024	0.00414	0.00372	0.47990
42	0.01558	0.57098	0.04949	0.01052	0.01465	0.23509	0.00972	0.01733	0.01193	0.01272	0.00765	0.00886	0.00679	0.00480	0.00383	0.00121	0.00680	0.00302	0.00239	0.00664
43	0.03019	0.22724	0.48034	0.01279	0.01914	0.03823	0.01516	0.01722	0.03732	0.04150	0.00964	0.01089	0.00727	0.00500	0.00455	0.00150	0.00690	0.00369	0.00255	0.02887
44	0.01308	0.01256	0.02146	0.03245	0.78123	0.01256	0.01622	0.01622	0.01204	0.01727	0.00994	0.01308	0.00837	0.00471	0.00523	0.00157	0.00628	0.00471	0.00262	0.00837

[dist]
# distance from previous block
# <min> <max>
0	45

[block]
# block no. 3 follows, 46 sequences, length 25
# corresponding to MSA columns:
# 263-287
name=unknown_D
#
# <colnr> <probs for GDERKNQSTAVLIFYWHMCP>
#	G	D	E	R	K	N	Q	S	T	A	V	L	I	F	Y	W	H	M	C	P
0	0.00744	0.00540	0.00701	0.00661	0.00787	0.00497	0.00495	0.00989	0.01486	0.02096	0.75344	0.03988	0.07503	0.01090	0.00624	0.00167	0.00250	0.00962	0.00579	0.00497
1	0.00904	0.00573	0.00751	0.00692	0.00843	0.00523	0.00524	0.01139	0.01471	0.09728	0.65374	0.06937	0.06358	0.01068	0.00616	0.00168	0.00272	0.00940	0.00583	0.00535
2	0.05804	0.63181	0.12535	0.00992	0.01475	0.04004	0.01030	0.03319	0.01114	0.01409	0.00777	0.00896	0.00677	0.00468	0.00368	0.00125	0.00596	0.00303	0.00239	0.00690
3	0.02269	0.00962	0.01253	0.00972	0.01374	0.00883	0.00799	0.08413	0.06913	0.67194	0.02026	0.01770	0.01298	0.00657	0.00532	0.00164	0.00458	0.00532	0.00636	0.00895
4	0.39152	0.00943	0.00940	0.00785	0.01110	0.00996	0.00641	0.09052	0.01272	0.24097	0.02876	0.01396	0.01021	0.00582	0.00417	0.00157	0.00410	0.00419	0.13052	0.00684
5	0.02372	0.00900	0.01227	0.00941	0.01350	0.00777	0.00777	0.02576	0.01513	0.78489	0.02086	0.01799	0.01309	0.00654	0.00532	0.00164	0.00450	0.00532	0.00654	0.00900
6	0.00998	0.00940	0.01586	0.80150	0.03641	0.01175	0.01468	0.01351	0.01057	0.01351	0.00940	0.01409	0.00705	0.00529	0.00529	0.00176	0.00705	0.00470	0.00235	0.00587
7	0.02046	0.01308	0.01466	0.01136	0.01546	0.01397	0.00934	0.52057	0.08108	0.22115	0.01544	0.01458	0.01058	0.00646	0.00530	0.00162	0.00536	0.00500	0.00561	0.00894
8	0.00644	0.00460	0.00613	0.00736	0.00767	0.00429	0.00491	0.00736	0.01012	0.01350	0.02914	0.81076	0.03497	0.01656	0.00675	0.00215	0.00307	0.01503	0.00491	0.00429
9	0.01117	0.01060	0.01799	0.50799	0.32067	0.01206	0.01527	0.01454	0.01113	0.01494	0.00961	0.01371	0.00755	0.00507	0.00527	0.00169	0.00675	0.00470	0.00245	0.00683
10	0.00836	0.00592	0.00812	0.00919	0.01023	0.00592	0.00777	0.01045	0.01157	0.01508	0.02666	0.07907	0.02921	0.11125	0.00965	0.00275	0.00485	0.63466	0.00467	0.00465
11	0.00625	0.00536	0.00536	0.00536	0.00714	0.00446	0.00402	0.00759	0.01205	0.01428	0.05355	0.05088	0.77909	0.01339	0.00625	0.00179	0.00268	0.01116	0.00491	0.00446
12	0.00760	0.00549	0.00761	0.00761	0.00825	0.00613	0.00550	0.00887	0.00823	0.01162	0.01497	0.02526	0.01517	0.29135	0.54422	0.00740	0.01122	0.00632	0.00295	0.00423
13	0.01241	0.01407	0.03014	0.02169	0.02666	0.01357	0.70923	0.01664	0.01217	0.01664	0.01043	0.01407	0.00795	0.00479	0.00702	0.00182	0.06489	0.00613	0.00265	0.00704
14	0.02010	0.01481	0.01587	0.01216	0.01639	0.01639	0.01005	0.76360	0.02486	0.03332	0.01269	0.01269	0.00899	0.00635	0.00529	0.00159	0.00582	0.00476	0.00529	0.00899
15	0.01340	0.01365	0.03526	0.04746	0.60009	0.08171	0.01476	0.01678	0.03654	0.01693	0.01010	0.01282	0.00838	0.00482	0.00510	0.00151	0.00639	0.00451	0.00274	0.06707
16	0.00754	0.00577	0.00901	0.00906	0.01001	0.00539	0.08605	0.00890	0.01054	0.03223	0.02694	0.69027	0.03146	0.01499	0.00667	0.00210	0.00377	0.02986	0.00471	0.00472
17	0.02273	0.00922	0.01224	0.00953	0.01352	0.00827	0.00783	0.02598	0.08594	0.71350	0.02092	0.01816	0.01337	0.00660	0.00532	0.00165	0.00447	0.00538	0.00643	0.00894
18	0.01096	0.00940	0.01096	0.00783	0.01253	0.00705	0.00626	0.01331	0.01096	0.01723	0.00940	0.01096	0.00783	0.00392	0.00392	0.00078	0.00392	0.00313	0.00313	0.84653
19	0.01258	0.01295	0.06247	0.12377	0.62769	0.01246	0.01599	0.01626	0.03358	0.01693	0.01018	0.01329	0.00834	0.00487	0.00523	0.00161	0.00640	0.00470	0.00264	0.00804
20	0.00901	0.00661	0.00885	0.00843	0.00955	0.00751	0.00642	0.08657	0.01012	0.01435	0.01437	0.02194	0.01363	0.15866	0.54981	0.00690	0.02678	0.00585	0.02971	0.00494
21	0.01429	0.67617	0.08014	0.00997	0.01447	0.08444	0.00995	0.01626	0.01106	0.01279	0.00756	0.00883	0.00678	0.00475	0.00396	0.00122	0.02529	0.00299	0.00230	0.00678
22	0.00755	0.00526	0.00624	0.00637	0.00687	0.00510	0.00420	0.00837	0.00984	0.01313	0.14546	0.08194	0.09275	0.48795	0.01863	0.00383	0.00434	0.08429	0.00404	0.00383
23	0.00921	0.00800	0.00798	0.00829	0.00906	0.10346	0.00573	0.05076	0.01101	0.01388	0.02252	0.49066	0.02606	0.16051	0.02665	0.00270	0.02340	0.01124	0.00424	0.00462
24	0.01329	0.03584	0.10892	0.02029	0.06960	0.09055	0.50223	0.04727	0.01295	0.01701	0.01033	0.01330	0.00788	0.00532	0.01943	0.00181	0.00859	0.00547	0.00273	0.00720

[dist]
# distance from previous block
# <min> <max>
0	1

[block]
# block no. 4 follows, 46 sequences, length 53
# corresponding to MSA columns:
# 289-341
name=unknown_E
#
# <colnr> <probs for GDERKNQSTAVLIFYWHMCP>
#	G	D	E	R	K	N	Q	S	T	A	V	L	I	F	Y	W	H	M	C	P
0	0.25338	0.07249	0.31346	0.01317	0.03924	0.04331	0.08560	0.01664	0.01080	0.04845	0.00912	0.01083	0.00687	0.00520	0.00522	0.00166	0.05095	0.00386	0.00278	0.00696
1	0.01334	0.01708	0.16591	0.02389	0.41014	0.12233	0.04142	0.01661	0.01182	0.01600	0.00927	0.01208	0.00765	0.00542	0.00664	0.00166	0.10422	0.00442	0.00252	0.00759
2	0.01801	0.02284	0.03742	0.12266	0.03396	0.64785	0.01121	0.01984	0.01421	0.01321	0.00841	0.01028	0.00687	0.00540	0.00485	0.00143	0.00908	0.00362	0.00266	0.00618
3	0.00820	0.00602	0.00803	0.00903	0.01029	0.00594	0.00766	0.01074	0.03401	0.01562	0.03105	0.11995	0.12272	0.01440	0.00707	0.00231	0.00443	0.57277	0.00489	0.00487
4	0.01181	0.15144	0.45050	0.01446	0.06065	0.03597	0.06309	0.01668	0.03356	0.03075	0.04058	0.01328	0.02050	0.00537	0.00488	0.00157	0.00690	0.00435	0.02627	0.00738
5	0.00754	0.00506	0.00581	0.00596	0.00600	0.00502	0.00341	0.00765	0.00798	0.01065	0.01818	0.12901	0.02113	0.71718	0.02446	0.00476	0.00487	0.00858	0.00341	0.00334
6	0.00645	0.00483	0.00599	0.00682	0.00755	0.00437	0.00469	0.00756	0.01086	0.01410	0.07473	0.57861	0.22334	0.01546	0.00659	0.00203	0.00294	0.01377	0.00496	0.00437
7	0.00728	0.00563	0.00794	0.00802	0.00894	0.00530	0.05705	0.00872	0.03169	0.01380	0.04874	0.49876	0.13518	0.08973	0.00909	0.03913	0.00369	0.01233	0.00452	0.00446
8	0.01887	0.01546	0.06442	0.01291	0.01740	0.01587	0.05549	0.65340	0.04293	0.03102	0.01261	0.01288	0.00898	0.00617	0.00533	0.00161	0.00608	0.00483	0.00495	0.00879
9	0.00644	0.00460	0.00613	0.00736	0.00767	0.00429	0.00491	0.00736	0.01012	0.01350	0.02914	0.81076	0.03497	0.01656	0.00675	0.00215	0.00307	0.01503	0.00491	0.00429
10	0.00644	0.00460	0.00613	0.00736	0.00767	0.00429	0.00491	0.00736	0.01012	0.01350	0.02914	0.81076	0.03497	0.01656	0.00675	0.00215	0.00307	0.01503	0.00491	0.00429
11	0.01818	0.10843	0.01646	0.04769	0.04471	0.62842	0.01041	0.01975	0.01407	0.01305	0.00835	0.01003	0.00703	0.00617	0.02431	0.00154	0.00901	0.00350	0.00266	0.00623
12	0.01903	0.01475	0.01609	0.03284	0.04855	0.04323	0.01052	0.64305	0.02262	0.03021	0.01199	0.01257	0.00872	0.00639	0.00599	0.00163	0.05369	0.00470	0.00484	0.00860
13	0.02911	0.16901	0.54105	0.01520	0.07417	0.03016	0.03845	0.01661	0.01122	0.01607	0.00909	0.01081	0.00685	0.00490	0.00473	0.00156	0.00730	0.00380	0.00231	0.00757
14	0.01962	0.02412	0.01520	0.01396	0.03453	0.71632	0.01034	0.07655	0.01565	0.01457	0.00855	0.00985	0.00701	0.00550	0.00482	0.00138	0.00918	0.00354	0.00291	0.00640
15	0.01094	0.10379	0.71337	0.01449	0.02198	0.01311	0.01852	0.01665	0.01112	0.01633	0.00928	0.01090	0.00671	0.00497	0.00486	0.00162	0.00760	0.00380	0.00224	0.00771
16	0.01944	0.02321	0.01493	0.01329	0.01621	0.65755	0.01010	0.11180	0.05594	0.01590	0.00942	0.01045	0.00756	0.00565	0.00486	0.00141	0.00880	0.00370	0.00318	0.00659
17	0.00800	0.00546	0.00717	0.00683	0.00809	0.00502	0.00509	0.01031	0.01445	0.05012	0.66816	0.12179	0.04684	0.01126	0.00625	0.00171	0.00263	0.00998	0.00575	0.00507
18	0.01541	0.01226	0.01286	0.01104	0.01435	0.03232	0.00873	0.18120	0.55078	0.07147	0.01931	0.01790	0.01423	0.00692	0.00534	0.00173	0.00467	0.00562	0.00537	0.00848
19	0.47794	0.01760	0.33966	0.01051	0.01573	0.01212	0.01169	0.03001	0.01021	0.02093	0.00837	0.00976	0.00620	0.00498	0.00405	0.00165	0.00571	0.00334	0.00287	0.00668
20	0.00657	0.00470	0.00625	0.00727	0.00770	0.00438	0.00492	0.00768	0.01071	0.01443	0.12028	0.71694	0.03678	0.01586	0.00669	0.00209	0.00300	0.01436	0.00502	0.00438
21	0.53043	0.00975	0.00951	0.00790	0.01149	0.01027	0.00652	0.01951	0.01138	0.31899	0.01260	0.01224	0.00858	0.00554	0.00406	0.00164	0.00425	0.00381	0.00454	0.00699
22	0.02309	0.00886	0.01207	0.00930	0.01328	0.00766	0.00766	0.02515	0.01512	0.75515	0.05037	0.01883	0.01452	0.00671	0.00535	0.00164	0.00442	0.00548	0.00651	0.00884
23	0.08462	0.01394	0.01450	0.08937	0.01734	0.06480	0.00983	0.49111	0.07921	0.04234	0.01261	0.01313	0.00915	0.00613	0.00506	0.00160	0.00580	0.00463	0.02673	0.00808
24	0.00640	0.00536	0.00556	0.00551	0.00723	0.00453	0.00413	0.00788	0.01240	0.01512	0.14173	0.04949	0.69038	0.01307	0.00625	0.00177	0.00266	0.01096	0.00502	0.00453
25	0.00637	0.00527	0.00559	0.00570	0.00727	0.00448	0.00420	0.00775	0.01205	0.01474	0.10838	0.14240	0.63044	0.01357	0.00631	0.00182	0.00271	0.01150	0.00498	0.00448
26	0.01591	0.01012	0.01154	0.00978	0.01299	0.01060	0.00781	0.12160	0.32683	0.23590	0.04611	0.02373	0.10637	0.00794	0.00553	0.00174	0.00428	0.02762	0.00564	0.00796
27	0.01136	0.01131	0.01595	0.14899	0.01770	0.02925	0.01197	0.01294	0.00865	0.01285	0.00754	0.01216	0.00709	0.00915	0.03156	0.00233	0.63644	0.00464	0.00234	0.00578
28	0.01909	0.01323	0.01430	0.01110	0.01496	0.01444	0.00913	0.62425	0.02255	0.08052	0.01378	0.01389	0.00981	0.00634	0.00510	0.00155	0.00532	0.00482	0.10734	0.00850
29	0.00985	0.00493	0.00493	0.00493	0.00616	0.00493	0.00370	0.01232	0.01109	0.01971	0.01725	0.01971	0.01355	0.00616	0.00370	0.00123	0.00246	0.00493	0.84356	0.00493
30	0.06598	0.08620	0.43207	0.03559	0.06071	0.02916	0.12188	0.01595	0.01119	0.01650	0.03039	0.01236	0.00823	0.00568	0.00573	0.04127	0.00719	0.00432	0.00250	0.00710
31	0.01431	0.01262	0.01262	0.03072	0.01468	0.06992	0.00877	0.12791	0.57364	0.02256	0.01993	0.01875	0.03567	0.00706	0.00534	0.00173	0.00483	0.00574	0.00509	0.00812
32	0.01557	0.01441	0.01347	0.01264	0.07568	0.18672	0.00921	0.26479	0.13031	0.02225	0.07567	0.02067	0.10288	0.00749	0.00541	0.00162	0.00580	0.02362	0.00450	0.00728
33	0.08443	0.12663	0.14519	0.01002	0.01375	0.02739	0.00949	0.06268	0.08121	0.14668	0.07684	0.10197	0.01681	0.02004	0.00549	0.00174	0.00507	0.05337	0.00428	0.00692
34	0.01081	0.02482	0.65795	0.01526	0.02201	0.01280	0.05308	0.01626	0.01085	0.01626	0.00923	0.01135	0.00679	0.00551	0.00658	0.00176	0.10478	0.00410	0.00226	0.00753
35	0.01251	0.01417	0.03070	0.02279	0.06562	0.01333	0.72443	0.01690	0.01246	0.01695	0.01066	0.01420	0.00804	0.00447	0.00619	0.00177	0.00878	0.00616	0.00267	0.00719
36	0.01234	0.01242	0.01773	0.12778	0.38278	0.11188	0.06765	0.01488	0.01181	0.01534	0.01298	0.12174	0.02412	0.00709	0.00601	0.03108	0.00644	0.00615	0.00294	0.00683
37	0.01949	0.00868	0.01120	0.00894	0.01240	0.00787	0.00725	0.09171	0.01549	0.53804	0.08459	0.06036	0.09373	0.00803	0.00555	0.00167	0.00421	0.00666	0.00612	0.00799
38	0.00644	0.00462	0.00611	0.00731	0.00765	0.00430	0.00488	0.00737	0.01017	0.01352	0.02977	0.79119	0.05413	0.01648	0.00673	0.00214	0.00306	0.01493	0.00491	0.00430
39	0.01355	0.00781	0.00883	0.03838	0.01054	0.02786	0.00616	0.10941	0.01316	0.14981	0.01623	0.01873	0.01258	0.05483	0.05317	0.00206	0.02771	0.00512	0.41796	0.00611
40	0.06987	0.50509	0.11968	0.01061	0.01503	0.01801	0.02857	0.05528	0.01133	0.03530	0.00830	0.00973	0.00703	0.00521	0.00513	0.00140	0.08151	0.00338	0.00261	0.00693
41	0.04679	0.00960	0.01238	0.00962	0.01363	0.00886	0.00791	0.07900	0.06388	0.65982	0.01992	0.01745	0.01277	0.00652	0.00526	0.00164	0.00456	0.00525	0.00628	0.00886
42	0.82878	0.01035	0.00799	0.00709	0.01039	0.01198	0.00584	0.03603	0.00943	0.02398	0.00751	0.00870	0.00581	0.00495	0.00333	0.00163	0.00414	0.00291	0.00333	0.00581
43	0.11063	0.00638	0.00723	0.00671	0.00846	0.00620	0.00513	0.02716	0.03025	0.03484	0.50520	0.03640	0.17539	0.01031	0.00582	0.00168	0.00287	0.00878	0.00534	0.00522
44	0.00694	0.00518	0.00655	0.00717	0.00805	0.00462	0.00491	0.00803	0.01036	0.01394	0.04006	0.62514	0.09725	0.04271	0.00711	0.00207	0.00318	0.01316	0.00468	0.08889
45	0.01249	0.03876	0.15702	0.07003	0.23878	0.02443	0.28779	0.04986	0.01248	0.01724	0.01069	0.03640	0.00861	0.00513	0.00555	0.00168	0.00747	0.00536	0.00273	0.00750
46	0.01300	0.01187	0.01908	0.26345	0.46208	0.01278	0.01500	0.10631	0.01315	0.01808	0.01011	0.01334	0.00805	0.00508	0.00526	0.00163	0.00646	0.00471	0.00286	0.00769
47	0.00648	0.00462	0.00612	0.00731	0.00761	0.00432	0.00486	0.00737	0.01005	0.01340	0.02877	0.78803	0.03450	0.03992	0.00734	0.00223	0.00313	0.01481	0.00486	0.00426
48	0.00962	0.00728	0.00808	0.00755	0.00933	0.03919	0.00570	0.01353	0.12595	0.07079	0.38738	0.09603	0.17757	0.01069	0.00603	0.00173	0.00325	0.00921	0.00543	0.00565
49	0.08992	0.08668	0.01433	0.01096	0.03279	0.09628	0.03765	0.29116	0.03630	0.02243	0.01564	0.03906	0.07426	0.00910	0.06087	0.00204	0.00615	0.00526	0.06213	0.00699
50	0.04328	0.00519	0.00674	0.00778	0.00831	0.00514	0.00553	0.00826	0.01025	0.01418	0.02748	0.67042	0.03245	0.01565	0.00694	0.00216	0.02442	0.09660	0.00476	0.00446
51	0.00658	0.00469	0.00606	0.00710	0.00743	0.00440	0.00468	0.00741	0.00990	0.01314	0.02853	0.69352	0.05904	0.10974	0.00909	0.00248	0.00329	0.01404	0.00471	0.00417
52	0.28853	0.20962	0.14682	0.02759	0.04108	0.08297	0.03387	0.01686	0.01090	0.06336	0.00882	0.01017	0.00690	0.00509	0.00445	0.00152	0.02836	0.00348	0.00291	0.00670

[dist]
# distance from previous block
# <min> <max>
0	1

[block]
# block no. 5 follows, 46 sequences, length 31
# corresponding to MSA columns:
# 343-373
name=unknown_F
#
# <colnr> <probs for GDERKNQSTAVLIFYWHMCP>
#	G	D	E	R	K	N	Q	S	T	A	V	L	I	F	Y	W	H	M	C	P
0	0.82542	0.01007	0.00775	0.00694	0.01015	0.01165	0.00570	0.01537	0.00918	0.02364	0.03123	0.00954	0.00709	0.00509	0.00336	0.00164	0.00404	0.00307	0.00335	0.00570
1	0.01901	0.01424	0.01526	0.01185	0.01597	0.01570	0.00973	0.65688	0.10421	0.03152	0.01351	0.01338	0.00971	0.00634	0.00525	0.00158	0.00557	0.00483	0.00522	0.04026
2	0.00790	0.00588	0.00728	0.00764	0.00878	0.00565	0.00561	0.04928	0.03842	0.01634	0.13591	0.42764	0.12031	0.02625	0.00678	0.00203	0.00338	0.09097	0.00499	0.02897
3	0.01796	0.01712	0.01563	0.01493	0.11487	0.25508	0.01057	0.33311	0.11064	0.02321	0.01283	0.01338	0.02448	0.00610	0.00515	0.00154	0.00676	0.00461	0.00415	0.00786
4	0.01142	0.01241	0.02554	0.01880	0.02321	0.01174	0.58284	0.01587	0.05559	0.01667	0.01639	0.10277	0.06712	0.00656	0.00625	0.00182	0.00756	0.00752	0.00323	0.00670
5	0.01054	0.00988	0.01624	0.66226	0.11968	0.01193	0.01444	0.01477	0.06053	0.01450	0.01025	0.01435	0.00779	0.00534	0.00529	0.00174	0.00677	0.00478	0.00258	0.00632
6	0.01296	0.57521	0.23574	0.01063	0.01595	0.01805	0.01180	0.01590	0.01099	0.01389	0.03167	0.01017	0.00809	0.00485	0.00393	0.00130	0.00615	0.00333	0.00236	0.00701
7	0.04930	0.01015	0.01246	0.00969	0.01369	0.04697	0.00795	0.06572	0.01547	0.68181	0.01936	0.01699	0.01232	0.00643	0.00522	0.00162	0.00481	0.00511	0.00618	0.00875
8	0.01811	0.01168	0.01277	0.01007	0.01356	0.01253	0.00823	0.48778	0.02029	0.12734	0.01484	0.01506	0.01061	0.00633	0.00491	0.00151	0.00484	0.00487	0.20664	0.00802
9	0.00644	0.00460	0.00613	0.00736	0.00767	0.00429	0.00491	0.00736	0.01012	0.01350	0.02914	0.81076	0.03497	0.01656	0.00675	0.00215	0.00307	0.01503	0.00491	0.00429
10	0.05411	0.23816	0.51809	0.01300	0.01953	0.04100	0.01571	0.01659	0.01107	0.01581	0.00876	0.01026	0.00668	0.00490	0.00449	0.00152	0.00711	0.00355	0.00231	0.00738
11	0.02065	0.01392	0.01532	0.01174	0.01595	0.01508	0.00970	0.65129	0.02338	0.14772	0.01394	0.01350	0.00961	0.00638	0.00529	0.00159	0.00562	0.00484	0.00548	0.00899
12	0.00668	0.00493	0.00621	0.00697	0.00770	0.00453	0.00488	0.00791	0.01107	0.01455	0.12086	0.51273	0.17458	0.04284	0.00732	0.00214	0.00309	0.05165	0.00495	0.00440
13	0.02162	0.01021	0.04132	0.00990	0.01398	0.00899	0.00837	0.05073	0.12152	0.62363	0.02025	0.01780	0.01314	0.00657	0.00531	0.00166	0.00462	0.00534	0.00618	0.00886
14	0.01895	0.01031	0.01231	0.01013	0.01375	0.01054	0.00814	0.06403	0.34373	0.41614	0.02073	0.01848	0.01420	0.00681	0.00534	0.00170	0.00443	0.00557	0.00598	0.00872
15	0.00673	0.00527	0.00610	0.00620	0.00757	0.00465	0.00459	0.00838	0.01264	0.01632	0.27089	0.16792	0.41532	0.01314	0.00636	0.00182	0.00275	0.03356	0.00519	0.00461
16	0.00776	0.00615	0.00690	0.00703	0.00838	0.00600	0.00510	0.01113	0.13261	0.01534	0.07989	0.22093	0.31011	0.11155	0.00882	0.00231	0.00341	0.04681	0.00483	0.00494
17	0.01206	0.01220	0.04280	0.29763	0.46972	0.02808	0.03063	0.01541	0.01157	0.01586	0.00972	0.01333	0.00782	0.00493	0.00526	0.00164	0.00671	0.00469	0.00252	0.00742
18	0.17771	0.08085	0.02930	0.01167	0.01474	0.47446	0.03503	0.02904	0.01320	0.01595	0.00878	0.01025	0.00716	0.00529	0.00436	0.00141	0.00758	0.00349	0.06360	0.00612
19	0.01975	0.02520	0.01498	0.01362	0.01634	0.79299	0.01021	0.02111	0.01498	0.01294	0.00817	0.00953	0.00681	0.00545	0.00477	0.00136	0.00953	0.00340	0.00272	0.00613
20	0.01164	0.03411	0.06877	0.09295	0.05955	0.00956	0.00910	0.08457	0.01222	0.01792	0.04056	0.02567	0.01001	0.00564	0.00549	0.03095	0.03121	0.00417	0.02056	0.42534
21	0.01211	0.23672	0.45361	0.01418	0.02062	0.01466	0.11236	0.01694	0.02697	0.03155	0.00955	0.01116	0.00722	0.00489	0.00476	0.00154	0.00723	0.00399	0.00245	0.00748
22	0.01156	0.00623	0.00830	0.00746	0.00932	0.00562	0.00570	0.01374	0.01438	0.21843	0.48481	0.13374	0.03840	0.01045	0.00606	0.00172	0.00309	0.00917	0.00589	0.00594
23	0.01214	0.00766	0.00876	0.00762	0.00993	0.02478	0.00596	0.09147	0.04005	0.16395	0.29664	0.03295	0.20977	0.00966	0.00576	0.00165	0.00347	0.00813	0.05348	0.00616
24	0.01780	0.01452	0.07142	0.01293	0.04244	0.01442	0.03861	0.51914	0.06226	0.06613	0.01382	0.02798	0.01042	0.00652	0.00535	0.00162	0.00580	0.02777	0.00486	0.03619
25	0.01261	0.04495	0.09430	0.15607	0.41665	0.04500	0.02979	0.01717	0.08863	0.01664	0.01078	0.01342	0.00862	0.00517	0.00534	0.00162	0.01812	0.00466	0.00280	0.00768
26	0.00780	0.00531	0.00606	0.00612	0.00633	0.00528	0.00363	0.02700	0.00859	0.01139	0.01939	0.13504	0.04605	0.66386	0.02306	0.00454	0.00480	0.00868	0.00353	0.00353
27	0.01259	0.00740	0.00922	0.00830	0.01056	0.00715	0.00654	0.03969	0.11726	0.20947	0.27595	0.08976	0.09422	0.01012	0.00600	0.00179	0.00361	0.07822	0.00569	0.00646
28	0.27306	0.03779	0.19051	0.03201	0.07042	0.03820	0.02490	0.10567	0.01236	0.03306	0.01067	0.02615	0.00830	0.00549	0.00437	0.00157	0.00549	0.00411	0.10905	0.00679
29	0.00952	0.00775	0.02858	0.00819	0.01063	0.00670	0.00654	0.02770	0.07445	0.03386	0.02348	0.21395	0.09806	0.03685	0.00635	0.00178	0.00392	0.13162	0.02838	0.24169
30	0.05511	0.25732	0.37191	0.04535	0.01934	0.09501	0.03830	0.01665	0.01127	0.01522	0.00860	0.01030	0.00675	0.00500	0.00475	0.00150	0.02457	0.00361	0.00236	0.00709

[dist]
# distance from previous block
# <min> <max>
0	2

[block]
# block no. 6 follows, 46 sequences, length 30
# corresponding to MSA columns:
# 376-405
name=unknown_G
#
# <colnr> <probs for GDERKNQSTAVLIFYWHMCP>
#	G	D	E	R	K	N	Q	S	T	A	V	L	I	F	Y	W	H	M	C	P
0	0.09931	0.05331	0.01740	0.35592	0.28882	0.03957	0.01361	0.01556	0.03816	0.01610	0.00966	0.01292	0.00767	0.00508	0.00494	0.00164	0.00639	0.00441	0.00265	0.00687
1	0.06412	0.00917	0.01141	0.00921	0.01266	0.00886	0.00748	0.08876	0.07793	0.44541	0.05061	0.01815	0.01398	0.00993	0.08533	0.00230	0.00537	0.00531	0.03455	0.03947
2	0.00673	0.00472	0.00605	0.00699	0.00723	0.00448	0.00452	0.00744	0.00956	0.01275	0.02627	0.63259	0.03135	0.19966	0.01138	0.00283	0.00354	0.01334	0.00452	0.00404
3	0.11118	0.01522	0.04635	0.13414	0.01867	0.15978	0.01050	0.28663	0.03514	0.09165	0.01138	0.01241	0.00830	0.00592	0.00531	0.00161	0.03001	0.00432	0.00403	0.00745
4	0.01605	0.01112	0.01240	0.01021	0.01337	0.01196	0.00825	0.39908	0.09788	0.09342	0.07345	0.06061	0.04327	0.00901	0.03269	0.00190	0.00508	0.03437	0.05823	0.00767
5	0.00681	0.00528	0.00621	0.00619	0.00754	0.00467	0.00456	0.00860	0.01307	0.01720	0.36734	0.14643	0.36174	0.01268	0.00631	0.00178	0.00265	0.01097	0.00531	0.00467
6	0.01004	0.00840	0.00843	0.00794	0.01007	0.05283	0.00609	0.01565	0.23893	0.04388	0.11391	0.06310	0.32040	0.01046	0.00583	0.00176	0.00366	0.03675	0.03590	0.00596
7	0.14801	0.07985	0.45607	0.05533	0.07580	0.03941	0.01531	0.01673	0.01108	0.04330	0.00935	0.01102	0.00691	0.00502	0.00465	0.00161	0.00685	0.00379	0.00260	0.00732
8	0.00652	0.00466	0.00608	0.00718	0.00752	0.00436	0.00476	0.00739	0.01001	0.01329	0.02906	0.73060	0.05851	0.07296	0.00816	0.00235	0.00320	0.01438	0.00479	0.00422
9	0.01058	0.00867	0.00948	0.00891	0.01122	0.00935	0.00694	0.01939	0.41826	0.03355	0.09505	0.06166	0.19810	0.00995	0.00588	0.00185	0.00372	0.07548	0.00527	0.00671
10	0.01278	0.01257	0.02055	0.02810	0.59669	0.03168	0.05355	0.01562	0.01162	0.01645	0.01107	0.01418	0.03509	0.00561	0.00689	0.00168	0.11044	0.00497	0.00266	0.00778
11	0.01366	0.74676	0.05392	0.00923	0.01369	0.01986	0.00929	0.01553	0.01064	0.01258	0.00778	0.00922	0.00712	0.00637	0.04462	0.00153	0.00617	0.00301	0.00229	0.00671
12	0.01099	0.01042	0.01767	0.55218	0.27788	0.01201	0.01518	0.01439	0.01105	0.01473	0.00957	0.01377	0.00748	0.00510	0.00527	0.00170	0.00680	0.00470	0.00244	0.00668
13	0.01364	0.01154	0.01211	0.01057	0.01278	0.10757	0.00835	0.27590	0.01506	0.01975	0.01316	0.04556	0.01161	0.04694	0.32398	0.00452	0.05142	0.00542	0.00374	0.00638
14	0.01326	0.00968	0.01143	0.00835	0.01290	0.00779	0.00672	0.05589	0.02946	0.12354	0.01142	0.01222	0.00880	0.00448	0.00421	0.00097	0.00410	0.00358	0.00377	0.66743
15	0.00999	0.00937	0.01556	0.69083	0.05943	0.01163	0.01406	0.01324	0.01046	0.01359	0.01031	0.05544	0.00854	0.00607	0.00601	0.00181	0.05005	0.00523	0.00249	0.00587
16	0.01315	0.01136	0.01195	0.01076	0.01375	0.01315	0.00837	0.02809	0.77168	0.02211	0.02152	0.01972	0.01614	0.00717	0.00538	0.00179	0.00418	0.00598	0.00538	0.00837
17	0.01016	0.00958	0.01618	0.75762	0.07891	0.01179	0.01477	0.01366	0.01065	0.01372	0.00943	0.01404	0.00712	0.00525	0.00528	0.00175	0.00700	0.00470	0.00236	0.00602
18	0.00654	0.00468	0.00627	0.00739	0.00773	0.00446	0.00497	0.00750	0.00996	0.01334	0.02790	0.74240	0.03323	0.03900	0.05496	0.00261	0.00379	0.01427	0.00474	0.00429
19	0.00644	0.00460	0.00613	0.00736	0.00767	0.00429	0.00491	0.00736	0.01012	0.01350	0.02914	0.81076	0.03497	0.01656	0.00675	0.00215	0.00307	0.01503	0.00491	0.00429
20	0.02335	0.00959	0.01263	0.00969	0.01379	0.00865	0.00800	0.10086	0.01612	0.70840	0.02003	0.01745	0.01267	0.00652	0.00531	0.00163	0.00463	0.00526	0.00642	0.00900
21	0.01155	0.00656	0.00674	0.00613	0.00786	0.00683	0.00475	0.13682	0.01337	0.02196	0.01649	0.01855	0.01279	0.00619	0.00396	0.00129	0.00302	0.00490	0.70464	0.00560
22	0.00899	0.00656	0.00834	0.00903	0.03600	0.00647	0.00670	0.04350	0.07273	0.04356	0.09832	0.28638	0.13659	0.01314	0.00650	0.00204	0.00379	0.20098	0.00501	0.00536
23	0.00971	0.00491	0.00498	0.00503	0.00622	0.00490	0.00375	0.01211	0.01105	0.01944	0.01775	0.05354	0.01447	0.00660	0.00383	0.00127	0.00249	0.00536	0.80769	0.00490
24	0.00644	0.00460	0.00613	0.00736	0.00767	0.00429	0.00491	0.00736	0.01012	0.01350	0.02914	0.81076	0.03497	0.01656	0.00675	0.00215	0.00307	0.01503	0.00491	0.00429
25	0.00817	0.00590	0.00636	0.00602	0.00801	0.00511	0.00459	0.01016	0.03960	0.08473	0.11028	0.04584	0.62159	0.01233	0.00613	0.00176	0.00288	0.01031	0.00515	0.00506
26	0.01394	0.00883	0.00965	0.00838	0.01071	0.07776	0.00648	0.05046	0.04794	0.23325	0.32758	0.05581	0.05585	0.03804	0.00646	0.00177	0.00404	0.00750	0.02914	0.00643
27	0.00657	0.00527	0.00588	0.00606	0.00749	0.00458	0.00449	0.00807	0.01222	0.01535	0.16825	0.17385	0.50927	0.01353	0.00637	0.00185	0.00279	0.03853	0.00506	0.00454
28	0.30761	0.02667	0.01323	0.22115	0.13192	0.01154	0.02341	0.05315	0.01074	0.01853	0.00975	0.01355	0.00805	0.00868	0.07127	0.03329	0.00628	0.02205	0.00297	0.00614
29	0.01687	0.01986	0.01647	0.04988	0.11287	0.47586	0.02973	0.04574	0.01350	0.01431	0.00845	0.01077	0.00715	0.00604	0.00715	0.00159	0.15062	0.00396	0.00271	0.00647

[dist]
# distance from previous block
# <min> <max>
1	6

[block]
# block no. 7 follows, 46 sequences, length 23
# corresponding to MSA columns:
# 412-434
name=unknown_H
#
# <colnr> <probs for GDERKNQSTAVLIFYWHMCP>
#	G	D	E	R	K	N	Q	S	T	A	V	L	I	F	Y	W	H	M	C	P
