[name]
unknown

[dist]
# distance from previous block
# <min> <max>
1	60

[block]
# block no. 0 follows, 44 sequences, length 9
# corresponding to MSA columns:
# 69-77
name=unknown_A
#
# <colnr> <probs for GDERKNQSTAVLIFYWHMCP>
#	G	D	E	R	K	N	Q	S	T	A	V	L	I	F	Y	W	H	M	C	P
0	0.05211	0.18033	0.08657	0.03907	0.06324	0.01505	0.12591	0.18321	0.04600	0.02037	0.01240	0.02612	0.03187	0.00667	0.02216	0.00175	0.03281	0.00491	0.00349	0.04595
1	0.03072	0.03171	0.09434	0.01661	0.20705	0.01223	0.01163	0.21302	0.04322	0.10781	0.10322	0.03287	0.01506	0.00727	0.01992	0.00177	0.00571	0.00559	0.00441	0.03582
2	0.01124	0.00845	0.01032	0.07853	0.03573	0.03242	0.00765	0.06218	0.02719	0.09491	0.11809	0.08357	0.22123	0.06513	0.00866	0.00212	0.07470	0.04736	0.00465	0.00588
3	0.13361	0.01409	0.08731	0.09501	0.06326	0.04541	0.08446	0.14532	0.01406	0.12050	0.01134	0.01305	0.00839	0.00609	0.00673	0.00175	0.10615	0.00463	0.00373	0.03513
4	0.01416	0.09303	0.01747	0.46312	0.07324	0.01322	0.01307	0.11317	0.01356	0.11738	0.01151	0.01422	0.00840	0.00565	0.00525	0.00170	0.00656	0.00474	0.00340	0.00715
5	0.01357	0.01346	0.02089	0.13241	0.62285	0.06850	0.01608	0.01672	0.01243	0.01698	0.01005	0.01337	0.00834	0.00499	0.00537	0.00163	0.00682	0.00476	0.00267	0.00813
6	0.01665	0.01570	0.03919	0.04778	0.36741	0.15695	0.05856	0.11605	0.01500	0.09719	0.01146	0.01333	0.00881	0.00543	0.00538	0.00161	0.00708	0.00475	0.00348	0.00818
7	0.00898	0.00664	0.00816	0.00829	0.00961	0.00636	0.00590	0.10682	0.01253	0.01701	0.02572	0.61896	0.02965	0.01435	0.00646	0.00199	0.00363	0.01284	0.00492	0.09117
8	0.48837	0.01270	0.07227	0.01007	0.01423	0.01241	0.06181	0.11983	0.01288	0.13371	0.01078	0.01147	0.00771	0.00549	0.00433	0.00169	0.00518	0.00392	0.00402	0.00713

[dist]
# distance from previous block
# <min> <max>
0	3

[block]
# block no. 1 follows, 44 sequences, length 6
# corresponding to MSA columns:
# 81-86
name=unknown_B
#
# <colnr> <probs for GDERKNQSTAVLIFYWHMCP>
#	G	D	E	R	K	N	Q	S	T	A	V	L	I	F	Y	W	H	M	C	P
0	0.01165	0.01007	0.12810	0.00988	0.03321	0.00718	0.00860	0.01443	0.03397	0.17693	0.05527	0.23290	0.16733	0.01142	0.00622	0.00194	0.00443	0.07513	0.00497	0.00636
1	0.01371	0.27419	0.38342	0.01350	0.01977	0.01621	0.05445	0.13130	0.01363	0.01851	0.00966	0.01105	0.00737	0.00520	0.00476	0.00154	0.00709	0.00394	0.00282	0.00787
2	0.01946	0.01518	0.01891	0.01423	0.01878	0.01640	0.13052	0.63694	0.02357	0.03163	0.01276	0.01335	0.00911	0.00623	0.00561	0.00167	0.00651	0.00515	0.00502	0.00896
3	0.01449	0.42353	0.17710	0.01129	0.01636	0.01791	0.01155	0.11625	0.12966	0.01812	0.01102	0.01167	0.00877	0.00544	0.00442	0.00145	0.00607	0.00391	0.00324	0.00777
4	0.01467	0.18103	0.17324	0.01393	0.01869	0.09719	0.12706	0.16541	0.01503	0.01928	0.01257	0.01818	0.01086	0.00661	0.00537	0.00168	0.00715	0.10125	0.00343	0.00739
5	0.16624	0.01011	0.01615	0.41957	0.02717	0.01148	0.13149	0.01441	0.01151	0.01751	0.11019	0.01697	0.01301	0.00599	0.00535	0.00178	0.00639	0.00541	0.00313	0.00612

[dist]
# distance from previous block
# <min> <max>
7	34

[block]
# block no. 2 follows, 44 sequences, length 14
# corresponding to MSA columns:
# 124-137
name=unknown_C
#
# <colnr> <probs for GDERKNQSTAVLIFYWHMCP>
#	G	D	E	R	K	N	Q	S	T	A	V	L	I	F	Y	W	H	M	C	P
0	0.44681	0.00997	0.00859	0.00782	0.01063	0.05092	0.00625	0.03572	0.05094	0.05256	0.09197	0.03521	0.11431	0.00770	0.00465	0.00174	0.00421	0.03399	0.02003	0.00598
1	0.78781	0.01088	0.00861	0.00755	0.01100	0.01256	0.00622	0.06898	0.01045	0.02517	0.00798	0.00916	0.00615	0.00517	0.00352	0.00168	0.00434	0.00309	0.00352	0.00615
2	0.01521	0.01134	0.01205	0.01047	0.01342	0.03510	0.00808	0.10280	0.46533	0.12156	0.02006	0.02105	0.01558	0.11299	0.00844	0.00225	0.00483	0.00610	0.00532	0.00801
3	0.01446	0.01098	0.01199	0.01071	0.01375	0.01231	0.00833	0.02734	0.62575	0.11479	0.02260	0.06906	0.01747	0.00792	0.00563	0.00185	0.00428	0.00666	0.00566	0.00845
4	0.01130	0.00969	0.01130	0.00807	0.01292	0.00727	0.00646	0.01373	0.01130	0.01776	0.00969	0.01130	0.00807	0.00404	0.00404	0.00081	0.00404	0.00323	0.00323	0.84173
5	0.00760	0.00548	0.00718	0.00694	0.00812	0.00506	0.00513	0.00999	0.01487	0.02097	0.68826	0.12653	0.04971	0.01181	0.00649	0.00177	0.00264	0.01049	0.00590	0.00506
6	0.01808	0.29202	0.01975	0.01230	0.01576	0.49004	0.01003	0.02026	0.04964	0.01362	0.00879	0.00996	0.00747	0.00538	0.00446	0.00134	0.00821	0.00344	0.00278	0.00666
7	0.00653	0.00536	0.00575	0.00600	0.00750	0.00458	0.00437	0.00785	0.01211	0.01479	0.07289	0.20940	0.59521	0.01441	0.00655	0.00191	0.00284	0.01229	0.00509	0.00458
8	0.01109	0.01059	0.01682	0.40050	0.05554	0.01355	0.04133	0.01351	0.00987	0.01367	0.00880	0.01363	0.00743	0.00765	0.01101	0.04634	0.30541	0.00487	0.00243	0.00598
9	0.75626	0.01029	0.00862	0.06729	0.01249	0.01198	0.00657	0.01558	0.00933	0.02318	0.00781	0.00954	0.00612	0.00554	0.00411	0.02860	0.00447	0.00315	0.00327	0.00580
10	0.01376	0.01547	0.10961	0.08631	0.45919	0.08154	0.01543	0.06948	0.01324	0.01797	0.01094	0.04520	0.00931	0.00573	0.00566	0.00167	0.02352	0.00507	0.00293	0.00798
11	0.01209	0.00962	0.01169	0.06929	0.01474	0.00800	0.00732	0.05357	0.01220	0.05777	0.01191	0.06736	0.01031	0.00533	0.00450	0.00107	0.00436	0.00442	0.00360	0.63084
12	0.00668	0.00549	0.00593	0.00621	0.00779	0.00473	0.00468	0.00811	0.01217	0.01476	0.04951	0.15268	0.60769	0.01435	0.00661	0.00195	0.00302	0.07795	0.00506	0.00462
13	0.05788	0.05295	0.07187	0.06025	0.01476	0.00975	0.00868	0.08721	0.04349	0.18625	0.09134	0.12434	0.01752	0.00775	0.00530	0.00160	0.00473	0.00646	0.00467	0.14320

[dist]
# distance from previous block
# <min> <max>
1	3

[block]
# block no. 3 follows, 44 sequences, length 101
# corresponding to MSA columns:
# 141-241
name=unknown_D
#
# <colnr> <probs for GDERKNQSTAVLIFYWHMCP>
#	G	D	E	R	K	N	Q	S	T	A	V	L	I	F	Y	W	H	M	C	P
0	0.00769	0.00596	0.00847	0.01094	0.10716	0.00568	0.00671	0.00903	0.01086	0.01452	0.02835	0.59712	0.06923	0.03619	0.00732	0.00222	0.00374	0.05911	0.00471	0.00499
1	0.12598	0.01437	0.01568	0.01467	0.12777	0.05404	0.01044	0.44948	0.01990	0.04707	0.01172	0.01246	0.00866	0.00591	0.00506	0.00158	0.00588	0.00449	0.00454	0.06031
2	0.04839	0.01561	0.01939	0.10533	0.48918	0.19608	0.01467	0.01761	0.01285	0.01663	0.00966	0.01254	0.00800	0.00511	0.00521	0.00159	0.00726	0.00446	0.00272	0.00771
3	0.01356	0.01171	0.01233	0.01109	0.01418	0.01356	0.00863	0.02897	0.76455	0.02281	0.02219	0.02034	0.01664	0.00740	0.00555	0.00185	0.00431	0.00616	0.00555	0.00863
4	0.84691	0.01054	0.00801	0.00717	0.01054	0.01223	0.00590	0.01603	0.00928	0.02446	0.00759	0.00886	0.00590	0.00506	0.00337	0.00169	0.00422	0.00295	0.00337	0.00590
5	0.73915	0.01069	0.00857	0.00768	0.01101	0.01240	0.00626	0.01770	0.10694	0.02425	0.00948	0.01034	0.00729	0.00536	0.00365	0.00171	0.00423	0.00337	0.00365	0.00626
6	0.00947	0.00473	0.00710	0.00710	0.00710	0.00473	0.00473	0.00710	0.00710	0.00947	0.00947	0.01657	0.00947	0.01894	0.02131	0.84138	0.00473	0.00473	0.00237	0.00237
7	0.02465	0.00730	0.00954	0.09467	0.11033	0.00711	0.00738	0.01124	0.04100	0.02977	0.13552	0.06595	0.40083	0.02307	0.00643	0.00185	0.00387	0.00933	0.00459	0.00559
8	0.02446	0.00928	0.01265	0.00970	0.01392	0.00801	0.00801	0.02657	0.01560	0.77817	0.02151	0.01856	0.01350	0.00675	0.00548	0.00169	0.00464	0.00548	0.00675	0.00928
9	0.02400	0.00938	0.01264	0.00976	0.01393	0.00824	0.00804	0.02667	0.04690	0.74661	0.02154	0.01863	0.01363	0.00677	0.00549	0.00169	0.00463	0.00551	0.00670	0.00925
10	0.00929	0.00645	0.00738	0.00718	0.00781	0.00659	0.00462	0.10461	0.01079	0.01442	0.01961	0.20967	0.02219	0.52270	0.02008	0.00411	0.00489	0.00928	0.00399	0.00433
11	0.00793	0.00529	0.00595	0.00595	0.00595	0.00529	0.00330	0.00793	0.00793	0.01057	0.01718	0.03568	0.01982	0.80840	0.02775	0.00529	0.00529	0.00793	0.00330	0.00330
12	0.00644	0.00552	0.00552	0.00552	0.00736	0.00460	0.00414	0.00782	0.01243	0.01473	0.05523	0.05247	0.77218	0.01381	0.00644	0.00184	0.00276	0.01151	0.00506	0.00460
13	0.00776	0.00522	0.00600	0.00616	0.00620	0.00517	0.00353	0.00788	0.00825	0.01100	0.01884	0.13514	0.02192	0.70607	0.02506	0.00489	0.00501	0.00891	0.00353	0.00345
14	0.74056	0.01038	0.00861	0.00750	0.01098	0.01168	0.00618	0.01739	0.01010	0.12193	0.00939	0.01011	0.00689	0.00528	0.00365	0.00169	0.00427	0.00328	0.00381	0.00634
15	0.01949	0.02414	0.01505	0.01366	0.01651	0.68656	0.01029	0.02270	0.11232	0.01457	0.01021	0.01119	0.00827	0.00585	0.00500	0.00146	0.00912	0.00385	0.00316	0.00662
16	0.01093	0.02820	0.78016	0.01554	0.02360	0.01266	0.02014	0.01727	0.01151	0.01727	0.00978	0.01151	0.00691	0.00518	0.00518	0.00173	0.00806	0.00403	0.00230	0.00806
17	0.01001	0.00711	0.00940	0.01017	0.01177	0.00730	0.00874	0.01420	0.11180	0.04602	0.02771	0.05444	0.02876	0.01374	0.00719	0.00239	0.00491	0.61353	0.00516	0.00566
18	0.02379	0.00943	0.01263	0.00979	0.01393	0.00836	0.00805	0.02672	0.06185	0.73153	0.02155	0.01867	0.01369	0.00679	0.00549	0.00170	0.00462	0.00552	0.00667	0.00924
19	0.01093	0.02820	0.78016	0.01554	0.02360	0.01266	0.02014	0.01727	0.01151	0.01727	0.00978	0.01151	0.00691	0.00518	0.00518	0.00173	0.00806	0.00403	0.00230	0.00806
20	0.01030	0.00969	0.01635	0.79530	0.03755	0.01211	0.01514	0.01393	0.01090	0.01393	0.00969	0.01453	0.00727	0.00545	0.00545	0.00182	0.00727	0.00484	0.00242	0.00606
21	0.00870	0.00621	0.00869	0.00994	0.01116	0.00620	0.00864	0.01115	0.01247	0.01622	0.02891	0.09146	0.03156	0.01514	0.00751	0.00250	0.00495	0.70859	0.00502	0.00500
22	0.02305	0.00959	0.01261	0.00988	0.01395	0.00873	0.00809	0.02688	0.11245	0.68049	0.02160	0.01879	0.01390	0.00683	0.00549	0.00171	0.00460	0.00557	0.00659	0.00919
23	0.00780	0.00578	0.00846	0.00846	0.00933	0.00665	0.00644	0.00954	0.00867	0.01243	0.01488	0.02295	0.01430	0.12345	0.70515	0.00839	0.01360	0.00607	0.00296	0.00470
24	0.00772	0.00536	0.00614	0.00614	0.00646	0.00533	0.00372	0.00807	0.00858	0.01129	0.02187	0.03661	0.11657	0.63884	0.09107	0.00514	0.00577	0.00821	0.00350	0.00361
25	0.84691	0.01054	0.00801	0.00717	0.01054	0.01223	0.00590	0.01603	0.00928	0.02446	0.00759	0.00886	0.00590	0.00506	0.00337	0.00169	0.00422	0.00295	0.00337	0.00590
26	0.00662	0.00483	0.00624	0.00737	0.00785	0.00445	0.00496	0.00762	0.01065	0.01400	0.03276	0.72391	0.11524	0.01673	0.00690	0.00217	0.00312	0.01507	0.00506	0.00445
27	0.01754	0.01254	0.01383	0.01126	0.01465	0.01359	0.00901	0.54947	0.02163	0.05950	0.01745	0.20086	0.01579	0.00905	0.00581	0.00178	0.00527	0.00744	0.00541	0.00812
28	0.00934	0.00681	0.00840	0.00758	0.00926	0.00664	0.00580	0.10663	0.01656	0.02313	0.63961	0.05644	0.06106	0.01076	0.00632	0.00172	0.00303	0.00939	0.00589	0.00565
29	0.02037	0.02598	0.01545	0.01404	0.01685	0.78652	0.01053	0.02177	0.01545	0.01334	0.00843	0.00983	0.00702	0.00562	0.00492	0.00140	0.00983	0.00351	0.00281	0.00632
30	0.01058	0.00650	0.00902	0.00973	0.01127	0.00630	0.00828	0.01287	0.01272	0.11458	0.02804	0.13590	0.02957	0.01420	0.00720	0.00237	0.00477	0.56533	0.00525	0.00551
31	0.00760	0.00548	0.00718	0.00694	0.00812	0.00507	0.00514	0.01000	0.01489	0.02101	0.69176	0.12292	0.04979	0.01178	0.00649	0.00177	0.00264	0.01047	0.00590	0.00507
32	0.01788	0.00903	0.01117	0.00913	0.01224	0.00865	0.00721	0.11558	0.07183	0.38882	0.10939	0.04529	0.06447	0.09421	0.00809	0.00211	0.00447	0.00686	0.00589	0.00770
33	0.00789	0.00542	0.00661	0.00661	0.00684	0.00565	0.00414	0.00836	0.00813	0.01106	0.01657	0.03230	0.01835	0.62659	0.20755	0.00611	0.00749	0.00743	0.00321	0.00367
34	0.00814	0.00581	0.00804	0.00930	0.01027	0.00572	0.00766	0.01018	0.01191	0.01559	0.02922	0.28545	0.03279	0.01567	0.00736	0.00242	0.00446	0.52012	0.00503	0.00484
35	0.00785	0.00539	0.00641	0.00636	0.00667	0.00542	0.00394	0.00843	0.00908	0.01234	0.11526	0.03515	0.03934	0.60574	0.10619	0.00512	0.00588	0.00803	0.00365	0.00374
36	0.00923	0.00786	0.01002	0.01136	0.09711	0.06172	0.00743	0.01085	0.00969	0.01308	0.01577	0.10639	0.01606	0.16190	0.42966	0.00613	0.01052	0.00696	0.00318	0.00509
37	0.00837	0.00855	0.09156	0.10976	0.01364	0.00685	0.00808	0.01144	0.01426	0.01999	0.55209	0.03499	0.06664	0.00993	0.00619	0.00175	0.00382	0.02147	0.00509	0.00555
38	0.00879	0.00628	0.00879	0.01004	0.01130	0.00628	0.00879	0.01130	0.01255	0.01632	0.02887	0.06150	0.03138	0.01506	0.00753	0.00251	0.00502	0.73770	0.00502	0.00502
39	0.01193	0.01193	0.01670	0.01431	0.01431	0.01670	0.01193	0.01312	0.00835	0.01312	0.00716	0.01193	0.00716	0.00954	0.01789	0.00239	0.79843	0.00477	0.00239	0.00596
40	0.00936	0.00848	0.01369	0.49347	0.06471	0.00980	0.02487	0.01221	0.01112	0.01431	0.01890	0.17074	0.09560	0.00871	0.00590	0.00190	0.00595	0.02131	0.00328	0.00572
41	0.01238	0.01049	0.01184	0.00905	0.01345	0.00931	0.00720	0.05987	0.19056	0.01991	0.01285	0.01355	0.01017	0.00498	0.00448	0.00110	0.00422	0.00402	0.00391	0.59669
42	0.00793	0.00529	0.00595	0.00595	0.00595	0.00529	0.00330	0.00793	0.00793	0.01057	0.01718	0.03568	0.01982	0.80840	0.02775	0.00529	0.00529	0.00793	0.00330	0.00330
43	0.01703	0.01365	0.08507	0.01109	0.01568	0.01230	0.00970	0.28150	0.13698	0.14347	0.01474	0.01453	0.01060	0.00599	0.00511	0.00149	0.00524	0.00472	0.00485	0.20625
44	0.01866	0.04293	0.09910	0.01508	0.11503	0.01495	0.01187	0.44347	0.05055	0.11365	0.01350	0.01374	0.00963	0.00617	0.00536	0.00164	0.00605	0.00485	0.00480	0.00896
45	0.02161	0.01385	0.01548	0.01187	0.01620	0.01480	0.00981	0.58338	0.02326	0.21055	0.01508	0.01438	0.01027	0.00659	0.00546	0.00165	0.00568	0.00504	0.00576	0.00927
46	0.02262	0.01222	0.01448	0.01110	0.01539	0.01239	0.00917	0.38532	0.02053	0.41246	0.01737	0.01587	0.01142	0.00665	0.00547	0.00166	0.00531	0.00520	0.00611	0.00927
47	0.01855	0.15531	0.01727	0.01286	0.01604	0.54782	0.01009	0.03500	0.10890	0.01482	0.01010	0.01103	0.00827	0.00570	0.00477	0.00142	0.00840	0.00377	0.00312	0.00678
48	0.01995	0.00827	0.01114	0.00924	0.01250	0.00731	0.00733	0.02214	0.03424	0.57710	0.02355	0.20486	0.01892	0.00921	0.00583	0.00182	0.00428	0.00787	0.00632	0.00811
49	0.00772	0.00557	0.00729	0.00686	0.00814	0.00514	0.00514	0.01029	0.01543	0.02186	0.77152	0.04072	0.05144	0.01115	0.00643	0.00171	0.00257	0.00986	0.00600	0.00514
50	0.01875	0.02260	0.01471	0.01335	0.01622	0.60342	0.01008	0.02348	0.19290	0.01558	0.01169	0.01232	0.00930	0.00604	0.00507	0.00151	0.00852	0.00414	0.00346	0.00687
51	0.01927	0.02340	0.01452	0.01317	0.01595	0.67803	0.00992	0.02097	0.02918	0.04256	0.01238	0.01337	0.05830	0.00681	0.01776	0.00157	0.00914	0.00420	0.00316	0.00634
52	0.00788	0.00535	0.00626	0.00616	0.00647	0.00525	0.00374	0.00849	0.00971	0.01325	0.19587	0.03687	0.02731	0.61955	0.02270	0.00444	0.00464	0.00839	0.00394	0.00374
53	0.00906	0.00542	0.00725	0.00778	0.00871	0.00497	0.00545	0.01034	0.01164	0.11360	0.10870	0.62097	0.03479	0.01511	0.00671	0.00209	0.00329	0.01360	0.00538	0.00513
54	0.84691	0.01054	0.00801	0.00717	0.01054	0.01223	0.00590	0.01603	0.00928	0.02446	0.00759	0.00886	0.00590	0.00506	0.00337	0.00169	0.00422	0.00295	0.00337	0.00590
55	0.00954	0.00667	0.00718	0.00666	0.00894	0.00601	0.00513	0.01252	0.09374	0.11432	0.04731	0.04463	0.59280	0.01220	0.00622	0.00182	0.00317	0.01015	0.00533	0.00564
56	0.02072	0.01527	0.01636	0.01254	0.01691	0.01691	0.01036	0.75622	0.02563	0.03436	0.01309	0.01309	0.00927	0.00654	0.00545	0.00164	0.00600	0.00491	0.00545	0.00927
57	0.01468	0.01622	0.02831	0.02070	0.02574	0.11405	0.57832	0.09749	0.01457	0.01875	0.01091	0.01390	0.00822	0.00494	0.00613	0.00176	0.00893	0.00589	0.00305	0.00743
58	0.01789	0.00769	0.01034	0.00875	0.01167	0.00675	0.00688	0.01973	0.01422	0.49327	0.09379	0.20838	0.05665	0.00992	0.00596	0.00182	0.00401	0.00853	0.00620	0.00754
59	0.01903	0.01443	0.01541	0.01220	0.01626	0.01611	0.00995	0.58395	0.20067	0.03162	0.01524	0.01481	0.01102	0.00675	0.00548	0.00169	0.00560	0.00521	0.00548	0.00912
60	0.01849	0.01395	0.01516	0.01149	0.01596	0.01462	0.00944	0.58033	0.02224	0.03043	0.01228	0.01267	0.00899	0.00595	0.00512	0.00144	0.00553	0.00451	0.00493	0.20647
61	0.00740	0.00537	0.00699	0.00705	0.00811	0.00495	0.00515	0.00950	0.01395	0.01938	0.53408	0.24164	0.07701	0.01288	0.00659	0.00187	0.00278	0.02468	0.00570	0.00493
62	0.00668	0.00480	0.00628	0.00745	0.00781	0.00447	0.00496	0.00761	0.01042	0.01382	0.03058	0.74546	0.06511	0.04684	0.00772	0.00232	0.00323	0.01505	0.00499	0.00439
63	0.84691	0.01054	0.00801	0.00717	0.01054	0.01223	0.00590	0.01603	0.00928	0.02446	0.00759	0.00886	0.00590	0.00506	0.00337	0.00169	0.00422	0.00295	0.00337	0.00590
64	0.65209	0.01024	0.00911	0.00777	0.01134	0.01123	0.00640	0.01852	0.01078	0.20300	0.01089	0.01115	0.00770	0.00546	0.00387	0.00169	0.00432	0.00355	0.00417	0.00670
65	0.00793	0.00529	0.00595	0.00595	0.00595	0.00529	0.00330	0.00793	0.00793	0.01057	0.01718	0.03568	0.01982	0.80840	0.02775	0.00529	0.00529	0.00793	0.00330	0.00330
66	0.00674	0.00508	0.00624	0.00691	0.00779	0.00458	0.00482	0.00805	0.01172	0.01530	0.14522	0.48278	0.24440	0.01530	0.00674	0.00204	0.00296	0.01356	0.00520	0.00458
67	0.02446	0.00928	0.01265	0.00970	0.01392	0.00801	0.00801	0.02657	0.01560	0.77817	0.02151	0.01856	0.01350	0.00675	0.00548	0.00169	0.00464	0.00548	0.00675	0.00928
68	0.01458	0.81168	0.02857	0.00933	0.01399	0.02157	0.00933	0.01632	0.01108	0.01283	0.00758	0.00875	0.00700	0.00466	0.00350	0.00117	0.00583	0.00292	0.00233	0.00700
69	0.02446	0.00928	0.01265	0.00970	0.01392	0.00801	0.00801	0.02657	0.01560	0.77817	0.02151	0.01856	0.01350	0.00675	0.00548	0.00169	0.00464	0.00548	0.00675	0.00928
70	0.00779	0.00584	0.00876	0.00876	0.00974	0.00681	0.00681	0.00974	0.00876	0.01266	0.01460	0.02142	0.01363	0.04089	0.78680	0.00876	0.01460	0.00584	0.00292	0.00487
71	0.00662	0.00483	0.00624	0.00737	0.00785	0.00445	0.00496	0.00762	0.01065	0.01400	0.03276	0.72391	0.11524	0.01673	0.00690	0.00217	0.00312	0.01507	0.00506	0.00445
72	0.84691	0.01054	0.00801	0.00717	0.01054	0.01223	0.00590	0.01603	0.00928	0.02446	0.00759	0.00886	0.00590	0.00506	0.00337	0.00169	0.00422	0.00295	0.00337	0.00590
73	0.01030	0.00969	0.01635	0.79530	0.03755	0.01211	0.01514	0.01393	0.01090	0.01393	0.00969	0.01453	0.00727	0.00545	0.00545	0.00182	0.00727	0.00484	0.00242	0.00606
74	0.00781	0.00577	0.00840	0.00840	0.00925	0.00662	0.00636	0.00950	0.00865	0.01239	0.01494	0.02326	0.01443	0.14014	0.68864	0.00831	0.01340	0.00611	0.00297	0.00467
75	0.00949	0.00484	0.00730	0.02397	0.00775	0.00489	0.00496	0.00725	0.00718	0.00957	0.00947	0.01653	0.00942	0.01865	0.02097	0.82342	0.00479	0.00474	0.00237	0.00245
76	0.01397	0.01162	0.01234	0.01104	0.01417	0.01335	0.00861	0.02888	0.73619	0.05141	0.02216	0.02027	0.01652	0.00737	0.00554	0.00184	0.00433	0.00614	0.00559	0.00865
77	0.00644	0.00552	0.00552	0.00552	0.00736	0.00460	0.00414	0.00782	0.01243	0.01473	0.05523	0.05247	0.77218	0.01381	0.00644	0.00184	0.00276	0.01151	0.00506	0.00460
78	0.11043	0.00887	0.01133	0.00918	0.01278	0.00810	0.00742	0.02302	0.02792	0.58449	0.02113	0.11922	0.01565	0.00791	0.00545	0.00176	0.00440	0.00652	0.00614	0.00828
79	0.00750	0.00568	0.00613	0.00598	0.00781	0.00483	0.00450	0.00906	0.01290	0.05317	0.14524	0.07777	0.61379	0.01324	0.00641	0.00183	0.00284	0.01115	0.00527	0.00490
80	0.00793	0.00529	0.00595	0.00595	0.00595	0.00529	0.00330	0.00793	0.00793	0.01057	0.01718	0.03568	0.01982	0.80840	0.02775	0.00529	0.00529	0.00793	0.00330	0.00330
81	0.12279	0.01199	0.01237	0.01075	0.01410	0.01367	0.00851	0.13408	0.52993	0.05332	0.01894	0.01772	0.01405	0.00694	0.00525	0.00179	0.00456	0.00554	0.00530	0.00840
82	0.01264	0.01091	0.01145	0.01037	0.01330	0.01240	0.00805	0.02624	0.66729	0.02176	0.02646	0.02449	0.11434	0.00823	0.00566	0.00185	0.00411	0.00685	0.00548	0.00811
83	0.00690	0.00554	0.00622	0.00648	0.00801	0.00485	0.00495	0.00851	0.01254	0.01561	0.12605	0.13780	0.51641	0.01405	0.00664	0.00196	0.00308	0.10456	0.00516	0.00469
84	0.00779	0.00584	0.00876	0.00876	0.00974	0.00681	0.00681	0.00974	0.00876	0.01266	0.01460	0.02142	0.01363	0.04089	0.78680	0.00876	0.01460	0.00584	0.00292	0.00487
85	0.00678	0.00480	0.00629	0.00741	0.00770	0.00452	0.00487	0.00763	0.01017	0.01356	0.02866	0.72211	0.03431	0.10220	0.00919	0.00254	0.00339	0.01468	0.00487	0.00431
86	0.04433	0.00688	0.00903	0.00823	0.01037	0.00626	0.00629	0.01572	0.01358	0.30195	0.20650	0.28160	0.03018	0.01130	0.00616	0.00188	0.00364	0.02375	0.00586	0.00648
87	0.84691	0.01054	0.00801	0.00717	0.01054	0.01223	0.00590	0.01603	0.00928	0.02446	0.00759	0.00886	0.00590	0.00506	0.00337	0.00169	0.00422	0.00295	0.00337	0.00590
88	0.00664	0.00474	0.00633	0.00759	0.00791	0.00443	0.00506	0.00759	0.01044	0.01392	0.03005	0.80485	0.03606	0.01708	0.00696	0.00221	0.00316	0.01550	0.00506	0.00443
89	0.01088	0.00875	0.00948	0.00868	0.01113	0.00927	0.00669	0.01946	0.38660	0.04888	0.16138	0.03320	0.24361	0.00990	0.00596	0.00182	0.00357	0.00834	0.00553	0.00687
90	0.46520	0.00874	0.00842	0.00771	0.01043	0.00933	0.00606	0.01570	0.01095	0.15826	0.04622	0.20045	0.01626	0.00846	0.00473	0.00181	0.00398	0.00666	0.00449	0.00613
91	0.00652	0.00522	0.00584	0.00634	0.00758	0.00453	0.00450	0.00773	0.01164	0.01441	0.04530	0.34900	0.48206	0.01510	0.00665	0.00199	0.00292	0.01308	0.00506	0.00453
92	0.01280	0.01092	0.01168	0.01055	0.01340	0.01247	0.00818	0.02655	0.66768	0.02268	0.11909	0.02298	0.02114	0.00788	0.00566	0.00183	0.00409	0.00664	0.00561	0.00818
93	0.00681	0.00489	0.00647	0.00744	0.00794	0.00455	0.00506	0.00803	0.01127	0.01520	0.14922	0.66974	0.05098	0.01607	0.00687	0.00213	0.00306	0.01453	0.00521	0.00455
94	0.07461	0.00795	0.00839	0.00750	0.00961	0.00834	0.00583	0.17372	0.03489	0.02317	0.13019	0.08367	0.06145	0.00828	0.00496	0.00157	0.00353	0.00678	0.33950	0.00608
95	0.07197	0.01000	0.01278	0.00986	0.01404	0.00922	0.00814	0.10444	0.01631	0.65426	0.01979	0.01740	0.01260	0.00663	0.00536	0.00168	0.00476	0.00527	0.00641	0.00908
96	0.01361	0.01094	0.01160	0.01007	0.01290	0.01216	0.00779	0.19252	0.40192	0.02291	0.02352	0.02462	0.10896	0.11157	0.00851	0.00224	0.00464	0.00676	0.00518	0.00759
97	0.00908	0.00665	0.00838	0.00883	0.01021	0.00659	0.00705	0.08984	0.01351	0.01773	0.08068	0.27615	0.11883	0.01434	0.00693	0.00220	0.00414	0.30845	0.00515	0.00526
98	0.04067	0.04319	0.01648	0.03027	0.20730	0.09585	0.01082	0.21526	0.02932	0.02180	0.01069	0.01223	0.00846	0.00523	0.00487	0.00138	0.00594	0.00418	0.00365	0.23242
99	0.01309	0.00870	0.01032	0.02375	0.02337	0.00867	0.00728	0.18907	0.02748	0.12750	0.16465	0.04916	0.22472	0.01089	0.02011	0.00193	0.00434	0.07286	0.00544	0.00665
100	0.00733	0.00503	0.00612	0.00671	0.00686	0.00489	0.00412	0.00777	0.00910	0.01213	0.02319	0.39490	0.02740	0.43883	0.01804	0.00385	0.00429	0.01146	0.00412	0.00383

[dist]
# distance from previous block
# <min> <max>
0	1

[block]
# block no. 4 follows, 44 sequences, length 128
# corresponding to MSA columns:
# 243-370
name=unknown_E
#
# <colnr> <probs for GDERKNQSTAVLIFYWHMCP>
#	G	D	E	R	K	N	Q	S	T	A	V	L	I	F	Y	W	H	M	C	P
0	0.01164	0.00723	0.00982	0.07637	0.03345	0.00704	0.00727	0.02597	0.04322	0.16110	0.41835	0.04658	0.06297	0.00990	0.00617	0.00178	0.00376	0.05553	0.00560	0.00624
1	0.01130	0.00969	0.01130	0.00807	0.01292	0.00727	0.00646	0.01373	0.01130	0.01776	0.00969	0.01130	0.00807	0.00404	0.00404	0.00081	0.00404	0.00323	0.00323	0.84173
2	0.04646	0.08305	0.03169	0.01333	0.04553	0.34708	0.01035	0.19864	0.09603	0.05943	0.01168	0.01223	0.00893	0.00595	0.00500	0.00153	0.00739	0.00422	0.00390	0.00759
3	0.04674	0.01467	0.02773	0.02005	0.02523	0.01442	0.56038	0.18157	0.01557	0.02149	0.01135	0.01412	0.00840	0.00505	0.00610	0.00179	0.00829	0.00596	0.00338	0.00772
4	0.01589	0.31706	0.15904	0.01089	0.01558	0.01512	0.01090	0.10395	0.01401	0.16827	0.07708	0.01457	0.01236	0.00613	0.00523	0.00152	0.03627	0.00453	0.00388	0.00771
5	0.21184	0.06426	0.17794	0.03182	0.08524	0.12321	0.17137	0.01735	0.01177	0.01805	0.00916	0.01141	0.00715	0.00518	0.00532	0.00168	0.03321	0.00426	0.00277	0.00703
6	0.01016	0.00508	0.00508	0.00508	0.00635	0.00508	0.00381	0.01270	0.01143	0.02033	0.01778	0.02033	0.01397	0.00635	0.00381	0.00127	0.00254	0.00508	0.83867	0.00508
7	0.05672	0.59986	0.02473	0.00990	0.01431	0.04966	0.00932	0.13367	0.01342	0.01683	0.00862	0.00973	0.00743	0.00572	0.01909	0.00142	0.00610	0.00331	0.00291	0.00724
8	0.04195	0.01511	0.11954	0.03337	0.13272	0.01266	0.40446	0.01869	0.02714	0.12136	0.01227	0.01457	0.00893	0.00508	0.00586	0.00177	0.00775	0.00563	0.00330	0.00784
9	0.00688	0.00506	0.00650	0.00728	0.00790	0.00486	0.00500	0.00795	0.01030	0.01358	0.03074	0.51348	0.14634	0.08914	0.11490	0.00332	0.00484	0.01290	0.00462	0.00442
10	0.01940	0.01234	0.01680	0.01295	0.01684	0.01282	0.11086	0.30470	0.01824	0.27826	0.01605	0.03967	0.01177	0.00715	0.00677	0.00179	0.07404	0.02585	0.00523	0.00847
11	0.00996	0.00639	0.00882	0.00971	0.04989	0.00602	0.01846	0.01195	0.04061	0.11883	0.02850	0.51343	0.06961	0.01412	0.00663	0.00209	0.00381	0.07048	0.00514	0.00558
12	0.00920	0.00542	0.00717	0.00773	0.00856	0.00500	0.00531	0.01025	0.01101	0.11783	0.03960	0.61941	0.03183	0.08366	0.00854	0.00240	0.00354	0.01339	0.00515	0.00500
13	0.00674	0.00482	0.00644	0.00767	0.00804	0.00451	0.00521	0.00778	0.01061	0.01415	0.04345	0.76236	0.03616	0.01689	0.00697	0.00222	0.00322	0.04321	0.00508	0.00446
14	0.84691	0.01054	0.00801	0.00717	0.01054	0.01223	0.00590	0.01603	0.00928	0.02446	0.00759	0.00886	0.00590	0.00506	0.00337	0.00169	0.00422	0.00295	0.00337	0.00590
15	0.08452	0.01872	0.02749	0.05228	0.05630	0.36113	0.01046	0.15247	0.09080	0.07718	0.01173	0.01249	0.00887	0.00595	0.00505	0.00157	0.00743	0.00427	0.00386	0.00740
16	0.01016	0.00508	0.00508	0.00508	0.00635	0.00508	0.00381	0.01270	0.01143	0.02033	0.01778	0.02033	0.01397	0.00635	0.00381	0.00127	0.00254	0.00508	0.83867	0.00508
17	0.01282	0.03807	0.55513	0.01627	0.03825	0.01249	0.12875	0.01828	0.01217	0.10033	0.01122	0.01275	0.00787	0.00525	0.00537	0.00173	0.00778	0.00454	0.00286	0.00808
18	0.01190	0.01047	0.02666	0.01157	0.05811	0.00847	0.09813	0.03092	0.01196	0.04511	0.01214	0.08042	0.01074	0.00545	0.00476	0.00116	0.00486	0.00490	0.00346	0.55881
19	0.02246	0.00945	0.01252	0.00951	0.01382	0.00806	0.00783	0.03784	0.01515	0.65310	0.01962	0.01739	0.01262	0.00635	0.00527	0.00156	0.00458	0.00514	0.00621	0.13152
20	0.01524	0.01392	0.05165	0.06930	0.49704	0.01379	0.01501	0.20287	0.01568	0.03639	0.01113	0.01346	0.00874	0.00536	0.00541	0.00164	0.00643	0.00485	0.00344	0.00864
21	0.01355	0.01376	0.11840	0.10822	0.01874	0.01135	0.02394	0.20218	0.01488	0.02132	0.01054	0.01226	0.00810	0.00512	0.00505	0.00132	0.02160	0.00405	0.00354	0.38208
22	0.12448	0.00643	0.00802	0.00758	0.00841	0.00680	0.00538	0.07276	0.00899	0.01365	0.00953	0.01522	0.00897	0.01598	0.01750	0.65479	0.00477	0.00451	0.00277	0.00344
23	0.01287	0.01471	0.03217	0.02298	0.02849	0.01379	0.75460	0.01746	0.01287	0.01746	0.01103	0.01471	0.00827	0.00460	0.00643	0.00184	0.00919	0.00643	0.00276	0.00735
24	0.00909	0.00657	0.00885	0.00983	0.01113	0.00665	0.00833	0.04000	0.03489	0.01687	0.02822	0.15965	0.03073	0.01478	0.00731	0.00242	0.00478	0.58960	0.00506	0.00521
25	0.03736	0.00853	0.00954	0.00896	0.01106	0.03793	0.00675	0.01775	0.19842	0.16871	0.05353	0.24498	0.06210	0.06889	0.00762	0.00217	0.00422	0.03967	0.00529	0.00653
26	0.00782	0.00569	0.00812	0.00811	0.00902	0.00631	0.00613	0.00966	0.00974	0.01400	0.11859	0.05542	0.02019	0.10093	0.56215	0.00703	0.01137	0.00692	0.02804	0.00476
27	0.00664	0.00477	0.00630	0.00753	0.00789	0.00443	0.00504	0.00760	0.01049	0.01394	0.03074	0.78406	0.05639	0.01699	0.00694	0.00220	0.00315	0.01539	0.00506	0.00443
28	0.00904	0.03851	0.01125	0.00990	0.01138	0.05129	0.05022	0.01111	0.00946	0.01298	0.01378	0.01990	0.01270	0.03543	0.66803	0.00766	0.01369	0.00563	0.00288	0.00517
29	0.02815	0.00942	0.01060	0.00959	0.01220	0.01012	0.00739	0.03512	0.40371	0.12519	0.11413	0.13069	0.06161	0.00935	0.00584	0.00185	0.00394	0.00798	0.00563	0.00748
30	0.01399	0.00709	0.00936	0.00800	0.01038	0.00643	0.00625	0.01670	0.03605	0.29745	0.46388	0.03199	0.03608	0.02367	0.00644	0.00177	0.00342	0.00813	0.00621	0.00671
31	0.00664	0.00474	0.00633	0.00759	0.00791	0.00443	0.00506	0.00759	0.01044	0.01392	0.03005	0.80485	0.03606	0.01708	0.00696	0.00221	0.00316	0.01550	0.00506	0.00443
32	0.00779	0.00584	0.00876	0.00876	0.00974	0.00681	0.00681	0.00974	0.00876	0.01266	0.01460	0.02142	0.01363	0.04089	0.78680	0.00876	0.01460	0.00584	0.00292	0.00487
33	0.00766	0.00622	0.00688	0.00670	0.00843	0.00581	0.00502	0.01101	0.10280	0.01762	0.24881	0.09621	0.43190	0.01252	0.00637	0.00183	0.00292	0.01068	0.00538	0.00522
34	0.01198	0.01034	0.01082	0.00986	0.01266	0.01157	0.00763	0.02427	0.59742	0.02101	0.02953	0.02748	0.18453	0.00882	0.00575	0.00185	0.00397	0.00735	0.00544	0.00773
35	0.40843	0.00997	0.01055	0.00857	0.01239	0.01014	0.00707	0.03454	0.01283	0.41309	0.01486	0.01393	0.00988	0.00596	0.00450	0.00169	0.00447	0.00429	0.00515	0.00770
36	0.00755	0.00513	0.00606	0.00643	0.00652	0.00503	0.00382	0.00783	0.00867	0.01156	0.02097	0.26226	0.02460	0.57529	0.02162	0.00438	0.00466	0.01016	0.00382	0.00363
37	0.84691	0.01054	0.00801	0.00717	0.01054	0.01223	0.00590	0.01603	0.00928	0.02446	0.00759	0.00886	0.00590	0.00506	0.00337	0.00169	0.00422	0.00295	0.00337	0.00590
38	0.02265	0.01012	0.01293	0.01013	0.01421	0.00953	0.00830	0.08967	0.11846	0.61131	0.02088	0.01833	0.01356	0.00682	0.00549	0.00170	0.00471	0.00553	0.00647	0.00919
39	0.20722	0.00956	0.01162	0.00914	0.01317	0.00895	0.00754	0.02423	0.01420	0.61069	0.01842	0.01640	0.01181	0.00637	0.00501	0.00169	0.00455	0.00492	0.00600	0.00853
40	0.84691	0.01054	0.00801	0.00717	0.01054	0.01223	0.00590	0.01603	0.00928	0.02446	0.00759	0.00886	0.00590	0.00506	0.00337	0.00169	0.00422	0.00295	0.00337	0.00590
41	0.00644	0.00552	0.00552	0.00552	0.00736	0.00460	0.00414	0.00782	0.01243	0.01473	0.05523	0.05247	0.77218	0.01381	0.00644	0.00184	0.00276	0.01151	0.00506	0.00460
42	0.01074	0.00997	0.01580	0.68851	0.03437	0.01231	0.01425	0.01598	0.11353	0.01514	0.01139	0.01533	0.00854	0.00572	0.00546	0.00182	0.00687	0.00502	0.00285	0.00641
43	0.01130	0.00969	0.01130	0.00807	0.01292	0.00727	0.00646	0.01373	0.01130	0.01776	0.00969	0.01130	0.00807	0.00404	0.00404	0.00081	0.00404	0.00323	0.00323	0.84173
44	0.01016	0.00508	0.00508	0.00508	0.00635	0.00508	0.00381	0.01270	0.01143	0.02033	0.01778	0.02033	0.01397	0.00635	0.00381	0.00127	0.00254	0.00508	0.83867	0.00508
45	0.00772	0.00557	0.00729	0.00686	0.00814	0.00514	0.00514	0.01029	0.01543	0.02186	0.77152	0.04072	0.05144	0.01115	0.00643	0.00171	0.00257	0.00986	0.00600	0.00514
46	0.02072	0.01527	0.01636	0.01254	0.01691	0.01691	0.01036	0.75622	0.02563	0.03436	0.01309	0.01309	0.00927	0.00654	0.00545	0.00164	0.00600	0.00491	0.00545	0.00927
47	0.02123	0.01445	0.01586	0.01216	0.01650	0.01570	0.01004	0.65685	0.02427	0.13565	0.01424	0.01383	0.00985	0.00657	0.00546	0.00164	0.00581	0.00499	0.00563	0.00927
48	0.00793	0.00529	0.00595	0.00595	0.00595	0.00529	0.00330	0.00793	0.00793	0.01057	0.01718	0.03568	0.01982	0.80840	0.02775	0.00529	0.00529	0.00793	0.00330	0.00330
49	0.84691	0.01054	0.00801	0.00717	0.01054	0.01223	0.00590	0.01603	0.00928	0.02446	0.00759	0.00886	0.00590	0.00506	0.00337	0.00169	0.00422	0.00295	0.00337	0.00590
50	0.02446	0.00928	0.01265	0.00970	0.01392	0.00801	0.00801	0.02657	0.01560	0.77817	0.02151	0.01856	0.01350	0.00675	0.00548	0.00169	0.00464	0.00548	0.00675	0.00928
51	0.01458	0.81168	0.02857	0.00933	0.01399	0.02157	0.00933	0.01632	0.01108	0.01283	0.00758	0.00875	0.00700	0.00466	0.00350	0.00117	0.00583	0.00292	0.00233	0.00700
52	0.01287	0.01471	0.03217	0.02298	0.02849	0.01379	0.75460	0.01746	0.01287	0.01746	0.01103	0.01471	0.00827	0.00460	0.00643	0.00184	0.00919	0.00643	0.00276	0.00735
53	0.00793	0.00529	0.00595	0.00595	0.00595	0.00529	0.00330	0.00793	0.00793	0.01057	0.01718	0.03568	0.01982	0.80840	0.02775	0.00529	0.00529	0.00793	0.00330	0.00330
54	0.01458	0.81168	0.02857	0.00933	0.01399	0.02157	0.00933	0.01632	0.01108	0.01283	0.00758	0.00875	0.00700	0.00466	0.00350	0.00117	0.00583	0.00292	0.00233	0.00700
55	0.01085	0.06666	0.67490	0.01447	0.02177	0.01247	0.01829	0.01662	0.01183	0.01743	0.07520	0.01388	0.01074	0.00567	0.00520	0.00170	0.00747	0.00447	0.00262	0.00775
56	0.01111	0.01435	0.18667	0.50218	0.11795	0.01247	0.01620	0.03290	0.02498	0.01576	0.01008	0.01381	0.00756	0.00538	0.00539	0.00177	0.00727	0.00469	0.00256	0.00692
57	0.01968	0.14808	0.01830	0.01214	0.01642	0.08389	0.01021	0.57051	0.02235	0.02898	0.01178	0.01209	0.00870	0.00615	0.00508	0.00154	0.00630	0.00446	0.00471	0.00864
58	0.03783	0.01144	0.01707	0.18694	0.28748	0.01147	0.02904	0.07939	0.01300	0.05007	0.01064	0.01323	0.00837	0.00500	0.00504	0.00147	0.00591	0.00445	0.00320	0.21898
59	0.08295	0.35472	0.03317	0.01289	0.08034	0.19123	0.01025	0.11876	0.03903	0.01763	0.00927	0.01043	0.00768	0.00528	0.00433	0.00140	0.00667	0.00362	0.00309	0.00728
60	0.00849	0.01081	0.18018	0.01027	0.01282	0.00811	0.00978	0.01141	0.00937	0.01368	0.01353	0.01922	0.01214	0.03295	0.61311	0.00720	0.01315	0.00544	0.00278	0.00558
61	0.01245	0.01176	0.01919	0.15969	0.52924	0.02791	0.01525	0.01562	0.01224	0.01685	0.01266	0.02013	0.01147	0.00636	0.00569	0.00177	0.00648	0.10463	0.00297	0.00766
62	0.01634	0.02694	0.09564	0.12703	0.14368	0.01332	0.01245	0.21214	0.13826	0.13707	0.01446	0.01513	0.01044	0.00611	0.00540	0.00170	0.00599	0.00506	0.00440	0.00844
63	0.01107	0.01089	0.01626	0.12512	0.01789	0.02965	0.07515	0.01300	0.00943	0.01360	0.01024	0.06064	0.00985	0.01317	0.11893	0.00310	0.44781	0.00568	0.00266	0.00586
64	0.00693	0.00495	0.00666	0.00792	0.00837	0.00468	0.00557	0.00810	0.01073	0.01424	0.02989	0.70362	0.03542	0.01680	0.00704	0.00225	0.00342	0.11385	0.00506	0.00451
65	0.01385	0.63347	0.02473	0.00905	0.01375	0.01839	0.00869	0.01575	0.01113	0.01392	0.00805	0.00931	0.00724	0.00452	0.00362	0.00109	0.00543	0.00299	0.00253	0.19248
66	0.01191	0.01065	0.01671	0.64125	0.08063	0.01282	0.01459	0.11519	0.01300	0.01695	0.01019	0.01427	0.00763	0.00556	0.00545	0.00178	0.00705	0.00485	0.00285	0.00665
67	0.00791	0.00537	0.00639	0.00639	0.00655	0.00553	0.00386	0.00821	0.00806	0.01090	0.01677	0.03342	0.01884	0.68674	0.14807	0.00584	0.00676	0.00760	0.00324	0.00355
68	0.00793	0.00529	0.00595	0.00595	0.00595	0.00529	0.00330	0.00793	0.00793	0.01057	0.01718	0.03568	0.01982	0.80840	0.02775	0.00529	0.00529	0.00793	0.00330	0.00330
69	0.02037	0.02598	0.01545	0.01404	0.01685	0.78652	0.01053	0.02177	0.01545	0.01334	0.00843	0.00983	0.00702	0.00562	0.00492	0.00140	0.00983	0.00351	0.00281	0.00632
70	0.08205	0.00617	0.00720	0.00699	0.00800	0.00605	0.00467	0.01121	0.01007	0.11767	0.06003	0.20881	0.02319	0.40510	0.01669	0.00359	0.00447	0.00902	0.00433	0.00470
71	0.00793	0.00529	0.00595	0.00595	0.00595	0.00529	0.00330	0.00793	0.00793	0.01057	0.01718	0.03568	0.01982	0.80840	0.02775	0.00529	0.00529	0.00793	0.00330	0.00330
72	0.00779	0.00584	0.00876	0.00876	0.00974	0.00681	0.00681	0.00974	0.00876	0.01266	0.01460	0.02142	0.01363	0.04089	0.78680	0.00876	0.01460	0.00584	0.00292	0.00487
73	0.00693	0.00486	0.00624	0.00723	0.00747	0.00462	0.00467	0.00767	0.00988	0.01317	0.02719	0.63393	0.03245	0.19292	0.01158	0.00290	0.00363	0.01382	0.00467	0.00418
74	0.01809	0.01190	0.01334	0.01074	0.01411	0.01270	0.00868	0.45818	0.02013	0.13496	0.01638	0.02138	0.01339	0.11650	0.00861	0.00220	0.00549	0.06845	0.03685	0.00794
75	0.00737	0.00556	0.00680	0.00649	0.00793	0.00500	0.00487	0.00961	0.01461	0.01990	0.57445	0.04395	0.24973	0.01188	0.00643	0.00175	0.00262	0.01031	0.00574	0.00500
76	0.01454	0.01220	0.01288	0.01129	0.01455	0.01402	0.00887	0.12801	0.66392	0.02438	0.02095	0.01935	0.01564	0.00728	0.00553	0.00182	0.00454	0.00599	0.00553	0.00872
77	0.00766	0.00578	0.00698	0.00696	0.00818	0.00545	0.00505	0.01025	0.05821	0.01797	0.36923	0.17606	0.19127	0.08118	0.00833	0.00216	0.00310	0.02586	0.00536	0.00496
78	0.84691	0.01054	0.00801	0.00717	0.01054	0.01223	0.00590	0.01603	0.00928	0.02446	0.00759	0.00886	0.00590	0.00506	0.00337	0.00169	0.00422	0.00295	0.00337	0.00590
79	0.02176	0.00963	0.01234	0.00962	0.01354	0.00882	0.00789	0.12369	0.01669	0.58207	0.05215	0.02158	0.07965	0.00750	0.00560	0.00169	0.00458	0.00609	0.00640	0.00872
80	0.00665	0.00540	0.00574	0.00589	0.00735	0.00466	0.00423	0.00790	0.01188	0.01453	0.07611	0.15303	0.57945	0.08251	0.00835	0.00218	0.00303	0.01168	0.00495	0.00449
81	0.01091	0.00616	0.00798	0.00748	0.00923	0.00552	0.00561	0.01282	0.01383	0.18286	0.33027	0.22836	0.13341	0.01202	0.00636	0.00185	0.00319	0.01053	0.00581	0.00579
82	0.02363	0.01061	0.01348	0.01033	0.01458	0.00999	0.00853	0.18871	0.01783	0.61289	0.01964	0.01734	0.01256	0.00670	0.00548	0.00168	0.00494	0.00535	0.00646	0.00928
83	0.00764	0.00517	0.00603	0.00631	0.00638	0.00509	0.00369	0.00785	0.00849	0.01131	0.02004	0.20660	0.02343	0.63256	0.02313	0.00460	0.00481	0.00961	0.00369	0.00355
84	0.01356	0.01171	0.01233	0.01109	0.01418	0.01356	0.00863	0.02897	0.76455	0.02281	0.02219	0.02034	0.01664	0.00740	0.00555	0.00185	0.00431	0.00616	0.00555	0.00863
85	0.02812	0.00663	0.00885	0.00843	0.01033	0.00606	0.00648	0.01474	0.01316	0.26174	0.15020	0.32164	0.03025	0.01231	0.00640	0.00199	0.00378	0.09696	0.00572	0.00621
86	0.00762	0.00554	0.00717	0.00682	0.00810	0.00510	0.00510	0.01008	0.01513	0.02127	0.71388	0.06663	0.08416	0.01147	0.00645	0.00174	0.00260	0.01012	0.00593	0.00510
87	0.00772	0.00557	0.00729	0.00686	0.00814	0.00514	0.00514	0.01029	0.01543	0.02186	0.77152	0.04072	0.05144	0.01115	0.00643	0.00171	0.00257	0.00986	0.00600	0.00514
88	0.00950	0.00858	0.00967	0.00948	0.01070	0.11300	0.00732	0.01137	0.00967	0.01275	0.01376	0.01984	0.01273	0.03608	0.68032	0.00776	0.01395	0.00552	0.00291	0.00507
89	0.00683	0.00554	0.00605	0.00593	0.00760	0.00477	0.00444	0.00857	0.01333	0.01688	0.27087	0.04893	0.55520	0.01301	0.00644	0.00180	0.00270	0.01101	0.00535	0.00477
90	0.01461	0.01483	0.02866	0.02066	0.02592	0.01448	0.58922	0.18162	0.01570	0.02122	0.01149	0.01435	0.00849	0.00503	0.00622	0.00179	0.00848	0.00609	0.00336	0.00778
91	0.00969	0.11829	0.07846	0.05867	0.05670	0.00933	0.00982	0.01232	0.01213	0.01557	0.02694	0.04279	0.15898	0.01140	0.00633	0.00204	0.00520	0.35545	0.00414	0.00574
92	0.01406	0.01759	0.19311	0.01997	0.23006	0.09149	0.08368	0.12874	0.01400	0.01898	0.01065	0.01331	0.00848	0.00862	0.07339	0.00231	0.05599	0.00477	0.00304	0.00776
93	0.00983	0.00927	0.01279	0.10706	0.01474	0.01182	0.00966	0.01135	0.00976	0.01358	0.02058	0.09063	0.18013	0.02632	0.04065	0.00246	0.41336	0.00730	0.00325	0.00545
94	0.66249	0.12005	0.01153	0.00793	0.01156	0.01390	0.00675	0.07975	0.01093	0.02373	0.00806	0.00921	0.00634	0.00513	0.00357	0.00161	0.00459	0.00312	0.00341	0.00634
95	0.00924	0.00489	0.00733	0.00733	0.00746	0.00502	0.00502	0.00746	0.00733	0.00990	0.01017	0.01723	0.01004	0.02193	0.12555	0.72800	0.00608	0.00489	0.00244	0.00271
96	0.53100	0.01056	0.01108	0.01137	0.11540	0.01129	0.00790	0.01872	0.01126	0.20905	0.01138	0.01187	0.00814	0.00545	0.00417	0.00168	0.00463	0.00383	0.00411	0.00711
97	0.01652	0.00918	0.01132	0.00955	0.01220	0.00920	0.00751	0.19643	0.04398	0.24053	0.01714	0.05098	0.01421	0.05812	0.01050	0.18855	0.00498	0.06436	0.00491	0.02983
98	0.20722	0.00956	0.01162	0.00914	0.01317	0.00895	0.00754	0.02423	0.01420	0.61069	0.01842	0.01640	0.01181	0.00637	0.00501	0.00169	0.00455	0.00492	0.00600	0.00853
99	0.00793	0.00529	0.00595	0.00595	0.00595	0.00529	0.00330	0.00793	0.00793	0.01057	0.01718	0.03568	0.01982	0.80840	0.02775	0.00529	0.00529	0.00793	0.00330	0.00330
100	0.71666	0.00980	0.00782	0.00705	0.00998	0.01120	0.00559	0.01513	0.00922	0.03723	0.00917	0.01270	0.00795	0.11449	0.00673	0.00218	0.00437	0.00368	0.00343	0.00562
101	0.01777	0.01288	0.01389	0.01144	0.01510	0.01381	0.00912	0.36598	0.23830	0.09733	0.02307	0.02223	0.11650	0.00836	0.00598	0.00189	0.00522	0.00650	0.00581	0.00885
102	0.00693	0.00495	0.00666	0.00792	0.00837	0.00468	0.00557	0.00810	0.01073	0.01424	0.02989	0.70362	0.03542	0.01680	0.00704	0.00225	0.00342	0.11385	0.00506	0.00451
103	0.02171	0.00918	0.01211	0.00966	0.01336	0.00829	0.00781	0.08676	0.01576	0.61010	0.02195	0.12516	0.01620	0.00814	0.00568	0.00175	0.00456	0.00680	0.00641	0.00862
104	0.00682	0.00543	0.00612	0.00623	0.00770	0.00474	0.00460	0.00844	0.01285	0.01634	0.22258	0.16227	0.47617	0.01368	0.00654	0.00188	0.00282	0.02478	0.00529	0.00471
105	0.04350	0.01012	0.01305	0.01003	0.01424	0.00932	0.00828	0.12568	0.01682	0.65896	0.02003	0.01758	0.01274	0.00668	0.00543	0.00168	0.00481	0.00534	0.00649	0.00920
106	0.00879	0.00628	0.00879	0.01004	0.01130	0.00628	0.00879	0.01130	0.01255	0.01632	0.02887	0.06150	0.03138	0.01506	0.00753	0.00251	0.00502	0.73770	0.00502	0.00502
