[name]
unknown

[dist]
# distance from previous block
# <min> <max>
4	90

[block]
# block no. 0 follows, 44 sequences, length 8
# corresponding to MSA columns:
# 100-107
name=unknown_A
#
# <colnr> <probs for GDERKNQSTAVLIFYWHMCP>
#	G	D	E	R	K	N	Q	S	T	A	V	L	I	F	Y	W	H	M	C	P
0	0.01332	0.20509	0.14914	0.01115	0.01526	0.04113	0.03325	0.03127	0.03560	0.08385	0.01306	0.10666	0.01173	0.00698	0.00608	0.00156	0.08137	0.00538	0.01932	0.12879
1	0.05259	0.09523	0.01252	0.00955	0.01228	0.09185	0.00757	0.03898	0.24563	0.07939	0.10939	0.05655	0.10759	0.03486	0.00639	0.00183	0.01939	0.00679	0.00476	0.00688
2	0.04440	0.14409	0.08852	0.01026	0.01430	0.02950	0.00923	0.11660	0.11215	0.23760	0.04519	0.01870	0.05350	0.04468	0.00619	0.00179	0.00525	0.00540	0.00479	0.00784
3	0.01411	0.30738	0.37315	0.01289	0.01910	0.01532	0.04971	0.01815	0.01196	0.11531	0.01058	0.01159	0.00787	0.00517	0.00467	0.00152	0.00686	0.00393	0.00292	0.00780
4	0.01903	0.02218	0.01552	0.01437	0.04761	0.55760	0.01061	0.09938	0.09993	0.01679	0.01048	0.01158	0.00841	0.00603	0.00556	0.00153	0.03898	0.00406	0.00337	0.00697
5	0.01763	0.22798	0.01821	0.01203	0.01513	0.39463	0.00976	0.05363	0.01398	0.06371	0.01067	0.06511	0.00955	0.00653	0.00561	0.00149	0.06003	0.00446	0.00319	0.00667
6	0.00721	0.00691	0.05985	0.00787	0.00905	0.00566	0.00611	0.00859	0.01076	0.01413	0.03296	0.49008	0.20944	0.05743	0.00834	0.00226	0.04112	0.01283	0.00465	0.00473
7	0.01236	0.01500	0.09146	0.13714	0.06560	0.01341	0.54841	0.01689	0.01244	0.01694	0.01069	0.01436	0.00803	0.00478	0.00613	0.00182	0.00868	0.00592	0.00267	0.00728

[dist]
# distance from previous block
# <min> <max>
27	65

[block]
# block no. 1 follows, 44 sequences, length 44
# corresponding to MSA columns:
# 175-218
name=unknown_B
#
# <colnr> <probs for GDERKNQSTAVLIFYWHMCP>
#	G	D	E	R	K	N	Q	S	T	A	V	L	I	F	Y	W	H	M	C	P
0	0.01009	0.03221	0.03779	0.04016	0.03869	0.06907	0.00766	0.03541	0.01068	0.01455	0.01707	0.09051	0.05343	0.12157	0.26980	0.00452	0.04742	0.00668	0.08739	0.00530
1	0.09229	0.08630	0.39370	0.04210	0.03178	0.01318	0.07939	0.08803	0.01291	0.01923	0.03988	0.02995	0.01033	0.00602	0.00518	0.00172	0.00694	0.03056	0.00305	0.00747
2	0.01411	0.04068	0.01876	0.07557	0.13824	0.19865	0.13702	0.03124	0.06511	0.01639	0.07270	0.01604	0.01232	0.03511	0.00781	0.00185	0.10302	0.00534	0.00321	0.00683
3	0.00730	0.00527	0.00749	0.03016	0.02526	0.00507	0.01825	0.00820	0.01032	0.01379	0.03701	0.64926	0.03185	0.03162	0.00845	0.07072	0.00364	0.02723	0.00466	0.00444
4	0.01077	0.01034	0.01799	0.67105	0.10460	0.01231	0.06724	0.01443	0.01118	0.01453	0.00984	0.01445	0.00746	0.00534	0.00551	0.00180	0.00733	0.00496	0.00247	0.00638
5	0.00930	0.00734	0.00932	0.01073	0.07229	0.02505	0.00757	0.03950	0.05349	0.01651	0.06880	0.24222	0.08076	0.07860	0.00848	0.00240	0.00449	0.25301	0.00475	0.00539
6	0.01146	0.05920	0.55022	0.03348	0.11622	0.01319	0.01797	0.01661	0.01133	0.01682	0.00976	0.01199	0.00736	0.00551	0.00613	0.00173	0.07208	0.00419	0.02694	0.00778
7	0.02068	0.00977	0.01182	0.00952	0.01313	0.04640	0.00769	0.02414	0.09115	0.54973	0.08660	0.02123	0.03779	0.00732	0.00551	0.00168	0.00455	0.00598	0.03688	0.00843
8	0.00788	0.00527	0.00596	0.00601	0.00602	0.00525	0.00337	0.00792	0.00802	0.01069	0.01765	0.06393	0.02042	0.77934	0.02698	0.00517	0.00521	0.00821	0.00337	0.00334
9	0.01312	0.17555	0.26997	0.03867	0.05874	0.10041	0.10163	0.01673	0.01157	0.01529	0.00909	0.01157	0.00736	0.00621	0.01960	0.00178	0.11456	0.00422	0.00248	0.02145
10	0.00993	0.00863	0.03221	0.10788	0.01357	0.04602	0.01832	0.01325	0.08469	0.03238	0.09512	0.14179	0.11588	0.08740	0.02174	0.00228	0.03545	0.03148	0.09645	0.00553
11	0.01015	0.00697	0.00856	0.00787	0.00971	0.00687	0.00599	0.01488	0.15086	0.08785	0.50769	0.07460	0.06530	0.01047	0.00621	0.00177	0.00311	0.00915	0.00590	0.00608
12	0.01005	0.00527	0.00758	0.00738	0.00760	0.00536	0.00502	0.04546	0.00805	0.01074	0.00966	0.01639	0.00946	0.01830	0.02050	0.79839	0.00480	0.00474	0.00253	0.00272
13	0.08720	0.01452	0.03247	0.01196	0.01613	0.01564	0.01005	0.60778	0.04446	0.04585	0.01376	0.01540	0.01032	0.00684	0.00538	0.00169	0.00578	0.04081	0.00522	0.00874
14	0.01334	0.04430	0.03673	0.14825	0.53855	0.05279	0.01555	0.01715	0.04925	0.01702	0.01055	0.01358	0.00863	0.00511	0.00531	0.00163	0.00667	0.00476	0.00278	0.00804
15	0.00683	0.00575	0.00597	0.00605	0.00778	0.00504	0.00448	0.00888	0.05070	0.01505	0.05056	0.13986	0.64639	0.01387	0.00646	0.00189	0.00289	0.01170	0.00509	0.00479
16	0.01178	0.07612	0.61040	0.01625	0.04071	0.04294	0.09282	0.01739	0.01179	0.01687	0.00973	0.01164	0.00709	0.00510	0.00519	0.00169	0.00806	0.00420	0.00238	0.00787
17	0.01743	0.01376	0.01507	0.01338	0.07322	0.03112	0.01002	0.45387	0.20661	0.02846	0.01734	0.03343	0.04682	0.00717	0.00554	0.00170	0.00549	0.00572	0.00519	0.00868
18	0.01361	0.01106	0.01238	0.01228	0.07447	0.03690	0.00875	0.02443	0.50503	0.07903	0.07719	0.08485	0.01962	0.00815	0.00569	0.00182	0.00447	0.00696	0.00531	0.00800
19	0.00644	0.00552	0.00552	0.00552	0.00736	0.00460	0.00414	0.00782	0.01243	0.01473	0.05523	0.05247	0.77218	0.01381	0.00644	0.00184	0.00276	0.01151	0.00506	0.00460
20	0.01372	0.07217	0.06769	0.02742	0.50812	0.03535	0.12006	0.01759	0.03942	0.03075	0.01072	0.01344	0.00869	0.00497	0.00539	0.00163	0.00689	0.00491	0.00283	0.00825
21	0.06578	0.47625	0.18863	0.01089	0.01595	0.03895	0.01149	0.01738	0.01145	0.07699	0.00920	0.01030	0.00745	0.00517	0.00457	0.00141	0.03463	0.00345	0.00276	0.00729
22	0.00868	0.00613	0.00768	0.00716	0.00867	0.00588	0.00541	0.01226	0.07631	0.03934	0.64229	0.03776	0.05951	0.01055	0.00621	0.00171	0.00276	0.00925	0.04691	0.00551
23	0.00675	0.00482	0.00645	0.00771	0.00807	0.00452	0.00524	0.00777	0.01054	0.01403	0.02999	0.76829	0.03583	0.01698	0.00699	0.00223	0.00325	0.05101	0.00506	0.00446
24	0.01135	0.07634	0.04017	0.51072	0.10788	0.01348	0.01428	0.01540	0.05902	0.01483	0.01015	0.01401	0.00797	0.00580	0.00638	0.00179	0.07643	0.00474	0.00264	0.00661
25	0.10499	0.22312	0.12663	0.03773	0.03954	0.15471	0.03489	0.14056	0.01422	0.03257	0.00945	0.01087	0.00747	0.00551	0.00509	0.00153	0.03676	0.00386	0.00315	0.00732
26	0.00893	0.00700	0.00784	0.00753	0.00940	0.00684	0.00577	0.10985	0.04132	0.01768	0.06253	0.16353	0.40287	0.01530	0.07009	0.00247	0.00439	0.04625	0.00499	0.00541
27	0.01963	0.05508	0.01591	0.01371	0.01656	0.67904	0.01045	0.04463	0.04363	0.01433	0.00902	0.01035	0.00746	0.00580	0.00532	0.00145	0.03447	0.00367	0.00296	0.00651
28	0.01498	0.09789	0.01286	0.03430	0.01302	0.02543	0.00773	0.14483	0.05625	0.19641	0.08904	0.15243	0.10112	0.00945	0.00571	0.00175	0.00455	0.01997	0.00520	0.00709
29	0.02915	0.13560	0.01873	0.04495	0.19409	0.17982	0.01159	0.14789	0.02984	0.11035	0.01137	0.01258	0.00875	0.00576	0.00548	0.00156	0.03662	0.00436	0.00368	0.00785
30	0.02682	0.00658	0.00806	0.00770	0.00919	0.00645	0.00573	0.07161	0.04380	0.03683	0.44307	0.22819	0.06098	0.01196	0.00636	0.00184	0.00315	0.01053	0.00564	0.00553
31	0.00793	0.00529	0.00595	0.00595	0.00595	0.00529	0.00330	0.00793	0.00793	0.01057	0.01718	0.03568	0.01982	0.80840	0.02775	0.00529	0.00529	0.00793	0.00330	0.00330
32	0.01652	0.32526	0.08852	0.01451	0.10687	0.18902	0.02606	0.11689	0.01437	0.04128	0.00953	0.01080	0.00773	0.00526	0.00457	0.00141	0.00704	0.00379	0.00305	0.00752
33	0.09365	0.08991	0.46980	0.01457	0.02095	0.03587	0.09039	0.03421	0.01187	0.04719	0.00990	0.01161	0.00727	0.00533	0.00545	0.00170	0.03580	0.00416	0.00272	0.00764
34	0.00675	0.00551	0.00597	0.00592	0.00757	0.00472	0.00441	0.00840	0.01306	0.01638	0.22301	0.07808	0.57464	0.01330	0.00646	0.00183	0.00273	0.01127	0.00528	0.00472
35	0.08884	0.10967	0.01634	0.01197	0.01415	0.02835	0.09681	0.07415	0.01148	0.01706	0.01282	0.10911	0.01239	0.01040	0.05726	0.00232	0.22935	0.02747	0.06389	0.00618
36	0.01407	0.09135	0.02401	0.16612	0.08589	0.04390	0.29857	0.13126	0.02672	0.01876	0.01064	0.01355	0.00819	0.00536	0.00610	0.00172	0.03805	0.00525	0.00310	0.00740
37	0.00947	0.00473	0.00710	0.00710	0.00710	0.00473	0.00473	0.00710	0.00710	0.00947	0.00947	0.01657	0.00947	0.01894	0.02131	0.84138	0.00473	0.00473	0.00237	0.00237
38	0.00864	0.00585	0.00716	0.00667	0.00835	0.00520	0.00506	0.01080	0.01451	0.07907	0.48939	0.04264	0.27304	0.01163	0.00636	0.00175	0.00279	0.01003	0.00577	0.00530
39	0.01102	0.00951	0.01431	0.22693	0.04425	0.01135	0.05513	0.06318	0.01133	0.01607	0.03466	0.09861	0.01300	0.02521	0.03820	0.03232	0.19519	0.00630	0.08753	0.00589
40	0.01180	0.03602	0.56350	0.01622	0.07146	0.07573	0.04384	0.01696	0.01187	0.01665	0.01195	0.01369	0.04627	0.00576	0.00571	0.00172	0.03615	0.00452	0.00253	0.00766
41	0.01864	0.01368	0.01514	0.07564	0.01745	0.01520	0.01005	0.61335	0.02284	0.03102	0.01356	0.02898	0.01005	0.00664	0.00533	0.00163	0.00573	0.00512	0.08141	0.00853
42	0.00833	0.00605	0.00809	0.00734	0.00779	0.00598	0.06461	0.00871	0.00833	0.01113	0.01668	0.03397	0.01888	0.74281	0.02601	0.00500	0.00560	0.00781	0.00326	0.00363
43	0.01565	0.17586	0.09146	0.03563	0.07661	0.13983	0.01068	0.17032	0.02854	0.05930	0.01271	0.06897	0.01119	0.07191	0.00687	0.00186	0.00650	0.00523	0.00365	0.00724

[dist]
# distance from previous block
# <min> <max>
5	14

[block]
# block no. 2 follows, 44 sequences, length 12
# corresponding to MSA columns:
# 234-245
name=unknown_C
#
# <colnr> <probs for GDERKNQSTAVLIFYWHMCP>
#	G	D	E	R	K	N	Q	S	T	A	V	L	I	F	Y	W	H	M	C	P
0	0.01198	0.00840	0.01003	0.02365	0.01146	0.00785	0.00642	0.08104	0.04143	0.09928	0.04218	0.12943	0.06205	0.16187	0.00999	0.00223	0.02782	0.00710	0.00432	0.25148
1	0.01642	0.01061	0.01227	0.06551	0.01485	0.02906	0.00826	0.22047	0.06810	0.21250	0.05589	0.04525	0.11698	0.03430	0.00631	0.00178	0.00489	0.00651	0.00524	0.06479
2	0.01248	0.12819	0.37680	0.01705	0.12721	0.01413	0.07179	0.05721	0.04103	0.01790	0.04209	0.01332	0.00964	0.00563	0.00573	0.00167	0.04290	0.00458	0.00285	0.00781
3	0.01626	0.11773	0.01322	0.00898	0.01228	0.01029	0.00742	0.14946	0.01587	0.27314	0.10895	0.07790	0.14798	0.00884	0.00558	0.00167	0.00439	0.00724	0.00543	0.00737
4	0.01351	0.01179	0.01577	0.03878	0.01668	0.02968	0.11745	0.09970	0.26647	0.04366	0.07057	0.02134	0.01599	0.00778	0.00747	0.00188	0.11297	0.06162	0.00447	0.04242
5	0.01163	0.01081	0.02017	0.20441	0.05827	0.01110	0.30213	0.01542	0.03668	0.04828	0.01473	0.13212	0.01307	0.00708	0.00620	0.00184	0.02396	0.00713	0.06838	0.00658
6	0.01493	0.01151	0.01302	0.00961	0.01427	0.01046	0.00780	0.25824	0.01619	0.05374	0.01128	0.01218	0.00869	0.00497	0.00456	0.00112	0.00471	0.00387	0.00410	0.53476
7	0.00846	0.00648	0.00891	0.00859	0.00916	0.00766	0.00640	0.00976	0.00855	0.01235	0.01443	0.02420	0.01455	0.25662	0.43990	0.00667	0.11777	0.00627	0.02868	0.00457
8	0.01161	0.00996	0.01144	0.00848	0.01309	0.00812	0.00675	0.01579	0.11339	0.01845	0.01138	0.01253	0.00924	0.00449	0.00424	0.00095	0.00408	0.00363	0.00354	0.72883
9	0.01040	0.00697	0.00806	0.00755	0.00931	0.00667	0.00557	0.11116	0.01373	0.08878	0.09466	0.23275	0.26269	0.10565	0.00884	0.00229	0.00376	0.01051	0.00514	0.00552
10	0.01007	0.00673	0.00828	0.00805	0.00960	0.00664	0.00592	0.01413	0.14257	0.09794	0.26055	0.29265	0.06296	0.03934	0.00708	0.00203	0.00339	0.01066	0.00556	0.00585
11	0.01341	0.05472	0.01384	0.01205	0.04778	0.08747	0.02456	0.07443	0.35887	0.01979	0.05139	0.01969	0.04281	0.01186	0.11178	0.00269	0.03513	0.00586	0.00445	0.00743

[dist]
# distance from previous block
# <min> <max>
2	8

[block]
# block no. 3 follows, 44 sequences, length 69
# corresponding to MSA columns:
# 254-286,288-323
name=unknown_D
#
# <colnr> <probs for GDERKNQSTAVLIFYWHMCP>
#	G	D	E	R	K	N	Q	S	T	A	V	L	I	F	Y	W	H	M	C	P
0	0.01156	0.02819	0.02738	0.00900	0.01137	0.05550	0.00700	0.08467	0.22891	0.03649	0.05493	0.11480	0.20442	0.09136	0.00811	0.00216	0.00445	0.00840	0.00487	0.00640
1	0.01449	0.01065	0.01043	0.00883	0.01135	0.08837	0.00692	0.21830	0.01610	0.05597	0.09063	0.01925	0.01550	0.04260	0.00611	0.00163	0.02234	0.00539	0.30341	0.05175
2	0.07655	0.01194	0.01931	0.23986	0.49359	0.01277	0.01530	0.03570	0.01211	0.01770	0.00997	0.01341	0.00807	0.00508	0.00526	0.00168	0.00651	0.00471	0.00275	0.00774
3	0.01234	0.01284	0.02510	0.17057	0.25488	0.01284	0.36122	0.01623	0.01237	0.01693	0.02803	0.03016	0.00970	0.00522	0.00595	0.00177	0.00774	0.00591	0.00279	0.00739
4	0.00662	0.00503	0.00611	0.00688	0.00774	0.00452	0.00476	0.00778	0.01130	0.01453	0.07042	0.52591	0.27722	0.01575	0.00677	0.00207	0.00301	0.01395	0.00510	0.00452
5	0.00973	0.00807	0.00928	0.00809	0.00959	0.03437	0.00577	0.01073	0.00934	0.01324	0.01406	0.06337	0.01506	0.38263	0.05123	0.00354	0.10733	0.00637	0.00322	0.23498
6	0.01482	0.01173	0.01259	0.01107	0.01431	0.01333	0.00868	0.07092	0.66390	0.08181	0.02161	0.01978	0.01597	0.00730	0.00554	0.00182	0.00444	0.00604	0.00563	0.00872
7	0.32856	0.00987	0.01101	0.00882	0.01273	0.00976	0.00728	0.03805	0.01348	0.48374	0.01618	0.01485	0.01060	0.00612	0.00470	0.00169	0.00451	0.00453	0.00547	0.00803
8	0.00718	0.00503	0.00645	0.00737	0.00769	0.00482	0.00493	0.00802	0.00996	0.01324	0.02651	0.53208	0.03130	0.22810	0.01256	0.00306	0.00390	0.07904	0.00459	0.00418
9	0.00738	0.00544	0.00690	0.00679	0.00800	0.00496	0.00499	0.00954	0.01426	0.01967	0.55964	0.15853	0.14886	0.01242	0.00651	0.00181	0.00269	0.01094	0.00573	0.00496
10	0.00717	0.00503	0.00625	0.00689	0.00724	0.00479	0.00443	0.00795	0.01007	0.01348	0.08990	0.44930	0.05728	0.28823	0.01404	0.00321	0.00383	0.01228	0.00454	0.00411
11	0.01290	0.01089	0.01170	0.01074	0.01351	0.01243	0.00833	0.05120	0.62941	0.02202	0.02297	0.10171	0.01901	0.00869	0.00577	0.00191	0.00429	0.03900	0.00547	0.00807
12	0.09797	0.01264	0.01927	0.17942	0.51903	0.04648	0.01505	0.01633	0.01193	0.01753	0.00979	0.01307	0.00802	0.00503	0.00518	0.00166	0.00655	0.00460	0.00272	0.00775
13	0.10447	0.02441	0.01469	0.01335	0.01621	0.70773	0.01006	0.02119	0.01482	0.01447	0.00834	0.00973	0.00691	0.00556	0.00476	0.00143	0.00926	0.00345	0.00287	0.00628
14	0.01193	0.00665	0.00861	0.00833	0.01040	0.00604	0.00677	0.01392	0.01337	0.21124	0.10236	0.11529	0.20984	0.01245	0.00659	0.00203	0.00397	0.23866	0.00557	0.00596
15	0.01131	0.10792	0.70368	0.01491	0.02262	0.01357	0.01904	0.01717	0.01147	0.01681	0.00956	0.01123	0.00692	0.00513	0.00501	0.00167	0.00783	0.00392	0.00231	0.00795
16	0.00977	0.00702	0.00793	0.00754	0.00851	0.00732	0.00515	0.08653	0.08655	0.01541	0.05417	0.06175	0.04083	0.50014	0.01943	0.00399	0.00498	0.06415	0.00411	0.00474
17	0.00931	0.00661	0.00825	0.00745	0.00905	0.00639	0.00565	0.08636	0.01621	0.03455	0.65590	0.03739	0.04544	0.03886	0.00707	0.00183	0.00305	0.00922	0.00586	0.00556
18	0.01458	0.81168	0.02857	0.00933	0.01399	0.02157	0.00933	0.01632	0.01108	0.01283	0.00758	0.00875	0.00700	0.00466	0.00350	0.00117	0.00583	0.00292	0.00233	0.00700
19	0.01431	0.73031	0.02736	0.00984	0.01403	0.02108	0.00959	0.01600	0.01080	0.01286	0.00754	0.00907	0.00701	0.00516	0.00496	0.00129	0.08648	0.00310	0.00234	0.00689
20	0.00739	0.00611	0.00889	0.00861	0.01001	0.00556	0.08123	0.00901	0.01171	0.01518	0.08741	0.41866	0.24949	0.01435	0.00674	0.00204	0.00370	0.04418	0.00489	0.00485
21	0.01051	0.00729	0.00979	0.03713	0.01180	0.00734	0.03923	0.04928	0.11256	0.09416	0.03556	0.49600	0.02776	0.01316	0.00647	0.00205	0.00404	0.02480	0.00513	0.00592
22	0.01383	0.01165	0.01234	0.01106	0.01417	0.01342	0.00861	0.02891	0.74618	0.04133	0.02217	0.02030	0.01656	0.00738	0.00555	0.00185	0.00432	0.00615	0.00558	0.00865
23	0.00793	0.00529	0.00595	0.00595	0.00595	0.00529	0.00330	0.00793	0.00793	0.01057	0.01718	0.03568	0.01982	0.80840	0.02775	0.00529	0.00529	0.00793	0.00330	0.00330
24	0.01437	0.09889	0.26383	0.10153	0.05416	0.03087	0.15594	0.04909	0.01291	0.13044	0.01160	0.01334	0.00838	0.00544	0.00564	0.00169	0.02614	0.00476	0.00323	0.00776
25	0.09741	0.33018	0.41018	0.01228	0.01854	0.01607	0.01450	0.01677	0.01112	0.01628	0.00871	0.01017	0.00684	0.00497	0.00434	0.00151	0.00680	0.00349	0.00242	0.00743
26	0.00668	0.00477	0.00636	0.00757	0.00792	0.00445	0.00506	0.00769	0.01061	0.01420	0.05632	0.77777	0.03660	0.01687	0.00694	0.00220	0.00314	0.01530	0.00509	0.00445
27	0.52438	0.01227	0.04966	0.01005	0.04788	0.02267	0.00814	0.12542	0.02637	0.09875	0.01064	0.01191	0.00797	0.00566	0.00420	0.00169	0.00491	0.01645	0.00398	0.00700
28	0.10006	0.03800	0.08960	0.04996	0.03497	0.00870	0.02604	0.02414	0.01165	0.03352	0.11359	0.27591	0.02469	0.01176	0.02408	0.00213	0.03806	0.08319	0.00424	0.00573
29	0.01171	0.01157	0.01450	0.01264	0.01312	0.07878	0.02632	0.01295	0.00911	0.01305	0.00962	0.01601	0.00960	0.11667	0.08657	0.00321	0.51883	0.00522	0.02498	0.00555
30	0.00679	0.00485	0.00650	0.00776	0.00814	0.00456	0.00532	0.00785	0.01059	0.01408	0.02997	0.75286	0.03573	0.01694	0.00700	0.00223	0.00329	0.06601	0.00506	0.00447
31	0.02861	0.01449	0.07525	0.07188	0.58409	0.04669	0.06602	0.01687	0.01237	0.01746	0.01011	0.01325	0.00829	0.00493	0.00540	0.00164	0.00692	0.00481	0.00268	0.00822
32	0.02013	0.01474	0.01589	0.01231	0.01651	0.01629	0.01012	0.70292	0.04115	0.04377	0.01379	0.03049	0.01013	0.00730	0.01697	0.00176	0.00601	0.00519	0.00543	0.00909
33	0.01459	0.01650	0.02151	0.08907	0.04622	0.22138	0.25239	0.03387	0.01247	0.01529	0.00922	0.01258	0.00759	0.00630	0.00889	0.00185	0.21592	0.00498	0.00270	0.00668
34	0.70049	0.04705	0.00993	0.03245	0.01217	0.09142	0.00681	0.01656	0.01003	0.02249	0.00774	0.00913	0.00611	0.00511	0.00360	0.00164	0.00495	0.00307	0.00324	0.00600
35	0.00986	0.00513	0.00528	0.00528	0.00642	0.00516	0.00385	0.01212	0.01099	0.01909	0.01762	0.02192	0.01456	0.08904	0.03076	0.00191	0.00320	0.00539	0.72751	0.00489
36	0.01148	0.01127	0.01584	0.01371	0.01382	0.01563	0.01137	0.01275	0.00839	0.01307	0.00796	0.01295	0.00786	0.01293	0.10108	0.00308	0.71363	0.00489	0.00244	0.00585
37	0.00831	0.00565	0.00735	0.00701	0.00835	0.00517	0.00522	0.01063	0.01475	0.05557	0.62216	0.12405	0.08164	0.01172	0.00644	0.00177	0.00274	0.01035	0.00589	0.00523
38	0.02294	0.00894	0.01217	0.00944	0.01339	0.00775	0.00775	0.02509	0.01559	0.70964	0.08947	0.02056	0.01693	0.00715	0.00557	0.00169	0.00445	0.00588	0.00668	0.00890
39	0.01603	0.01759	0.01626	0.09750	0.20908	0.35302	0.01193	0.07328	0.01439	0.01630	0.03104	0.01555	0.01040	0.04381	0.02404	0.00191	0.00797	0.02994	0.00313	0.00685
40	0.00664	0.00487	0.00620	0.00725	0.00778	0.00447	0.00488	0.00763	0.01067	0.01396	0.03343	0.67653	0.14351	0.03522	0.00737	0.00223	0.00315	0.01474	0.00502	0.00443
41	0.01924	0.01420	0.01535	0.01193	0.01595	0.01563	0.00979	0.66384	0.04134	0.03283	0.09047	0.01607	0.01373	0.00703	0.00556	0.00165	0.00561	0.00544	0.00551	0.00884
42	0.04752	0.01331	0.01498	0.01152	0.01581	0.01407	0.00951	0.51277	0.02209	0.25878	0.01546	0.01461	0.01044	0.00656	0.00540	0.00165	0.00553	0.00502	0.00578	0.00917
43	0.01061	0.00769	0.00973	0.00939	0.01103	0.00793	0.02381	0.10523	0.08009	0.05248	0.07659	0.30871	0.05710	0.04697	0.00779	0.00222	0.02480	0.14689	0.00509	0.00585
44	0.01355	0.59007	0.24116	0.01108	0.01671	0.01905	0.01239	0.01659	0.01120	0.01408	0.00820	0.00953	0.00697	0.00481	0.00397	0.00132	0.00646	0.00323	0.00232	0.00730
45	0.00779	0.00526	0.00613	0.00636	0.00646	0.00521	0.00380	0.00804	0.00849	0.01130	0.01949	0.14289	0.02259	0.66271	0.02395	0.00473	0.00498	0.04266	0.00362	0.00354
46	0.01817	0.01340	0.01459	0.01142	0.01542	0.01439	0.00933	0.55448	0.05979	0.04393	0.04109	0.03983	0.01236	0.00695	0.00539	0.00159	0.00539	0.01642	0.02257	0.09350
47	0.01770	0.01059	0.04079	0.01002	0.01367	0.00981	0.00830	0.12917	0.14205	0.33110	0.09298	0.07961	0.01823	0.00781	0.00559	0.00169	0.00456	0.00650	0.00575	0.06409
48	0.01360	0.01323	0.02226	0.03286	0.74254	0.02682	0.03471	0.01684	0.01248	0.01772	0.01024	0.01346	0.00860	0.00486	0.00541	0.00162	0.00660	0.00487	0.00270	0.00856
49	0.01677	0.03467	0.01498	0.01316	0.03130	0.36892	0.01012	0.09877	0.06356	0.01699	0.01053	0.01246	0.00867	0.00675	0.00777	0.00166	0.18375	0.00429	0.08822	0.00665
50	0.72529	0.01118	0.01084	0.00902	0.01265	0.01260	0.08228	0.04910	0.01037	0.02419	0.00819	0.00964	0.00629	0.00508	0.00378	0.00170	0.00480	0.00339	0.00340	0.00620
51	0.00684	0.00554	0.00608	0.00594	0.00761	0.00477	0.00446	0.00860	0.01337	0.01697	0.28010	0.04878	0.54591	0.01297	0.00644	0.00180	0.00270	0.01099	0.00536	0.00477
52	0.54777	0.01088	0.01019	0.00847	0.01217	0.01188	0.00698	0.11702	0.01291	0.19909	0.01152	0.01165	0.00810	0.00565	0.00414	0.00168	0.00455	0.00379	0.00443	0.00713
53	0.68866	0.01012	0.00837	0.00740	0.01059	0.01149	0.00604	0.04978	0.01084	0.04167	0.08609	0.01273	0.01102	0.00581	0.00384	0.00168	0.00411	0.00384	0.01985	0.00604
54	0.01072	0.00598	0.00619	0.00570	0.00746	0.00580	0.00435	0.04382	0.01201	0.02065	0.01677	0.01911	0.01318	0.00612	0.00390	0.00124	0.00284	0.00489	0.71890	0.09039
55	0.00681	0.00492	0.00623	0.00715	0.00762	0.00457	0.00475	0.00774	0.01049	0.01383	0.05411	0.60764	0.11104	0.11456	0.00946	0.00254	0.00337	0.01397	0.00487	0.00433
56	0.01118	0.00998	0.01570	0.52468	0.10501	0.01187	0.01352	0.05983	0.05852	0.01588	0.01123	0.01545	0.00881	0.00949	0.08532	0.02154	0.00762	0.00503	0.00288	0.00647
57	0.12634	0.01365	0.01457	0.01136	0.01550	0.01489	0.00936	0.53813	0.03947	0.12875	0.02603	0.01388	0.01025	0.00648	0.00521	0.00166	0.00550	0.00484	0.00537	0.00876
58	0.00671	0.00477	0.00631	0.00750	0.00780	0.00447	0.00497	0.00761	0.01031	0.01374	0.02937	0.76427	0.03520	0.05883	0.00806	0.00238	0.00327	0.01510	0.00497	0.00437
59	0.00731	0.00525	0.00688	0.00786	0.00838	0.00508	0.00537	0.04036	0.01102	0.01475	0.02860	0.73413	0.03385	0.01772	0.04289	0.00249	0.00381	0.01459	0.00498	0.00466
60	0.01030	0.00969	0.01635	0.79530	0.03755	0.01211	0.01514	0.01393	0.01090	0.01393	0.00969	0.01453	0.00727	0.00545	0.00545	0.00182	0.00727	0.00484	0.00242	0.00606
61	0.04168	0.01509	0.06241	0.02236	0.04506	0.01367	0.68073	0.01739	0.01268	0.01771	0.01084	0.01434	0.00814	0.00464	0.00625	0.00182	0.00891	0.00618	0.00276	0.00736
62	0.00727	0.00504	0.00610	0.00669	0.00692	0.00486	0.00415	0.00777	0.00929	0.01230	0.02481	0.39307	0.06019	0.40679	0.01718	0.00371	0.00419	0.01159	0.00420	0.00388
63	0.00775	0.00517	0.00687	0.00750	0.00825	0.00478	0.00522	0.00917	0.01198	0.05127	0.22382	0.56845	0.03904	0.01505	0.00675	0.00206	0.00308	0.01356	0.00538	0.00484
64	0.07713	0.01035	0.01419	0.01362	0.07958	0.01076	0.08534	0.18753	0.03506	0.04876	0.04696	0.03396	0.01970	0.00973	0.00627	0.00202	0.00561	0.30188	0.00468	0.00687
65	0.04866	0.15754	0.03089	0.03045	0.04723	0.01060	0.00768	0.06148	0.04022	0.08012	0.20616	0.02447	0.09770	0.02849	0.00574	0.00162	0.00432	0.00638	0.03936	0.07087
66	0.01608	0.12816	0.01651	0.01121	0.01493	0.01251	0.08414	0.11440	0.18554	0.19382	0.13418	0.01978	0.01802	0.00699	0.00543	0.00165	0.00504	0.00593	0.00509	0.02057
67	0.00997	0.00786	0.00899	0.00769	0.01033	0.00702	0.00584	0.10317	0.01353	0.01862	0.12139	0.15067	0.19318	0.05890	0.00698	0.00176	0.00374	0.00839	0.00457	0.25740
68	0.01370	0.59826	0.17923	0.01064	0.01579	0.03890	0.01140	0.01638	0.01134	0.01395	0.02635	0.01034	0.00816	0.00565	0.01908	0.00145	0.00648	0.00338	0.00244	0.00711

[dist]
# distance from previous block
# <min> <max>
0	1

[block]
# block no. 4 follows, 44 sequences, length 14
# corresponding to MSA columns:
# 325-338
name=unknown_E
#
# <colnr> <probs for GDERKNQSTAVLIFYWHMCP>
#	G	D	E	R	K	N	Q	S	T	A	V	L	I	F	Y	W	H	M	C	P
0	0.01442	0.00832	0.02386	0.00858	0.01143	0.00750	0.00698	0.05913	0.06495	0.27020	0.26493	0.03157	0.12297	0.00939	0.00596	0.00174	0.00386	0.04432	0.00586	0.03402
1	0.02006	0.00888	0.01174	0.00906	0.01301	0.00752	0.00738	0.02229	0.01484	0.55108	0.11514	0.02014	0.01740	0.00684	0.00536	0.00154	0.00427	0.00565	0.00605	0.15175
2	0.04444	0.70321	0.10396	0.00988	0.01484	0.02033	0.01030	0.01641	0.01106	0.01370	0.00780	0.00903	0.00695	0.00473	0.00366	0.00124	0.00600	0.00303	0.00237	0.00706
3	0.00760	0.00574	0.00707	0.00726	0.00867	0.00528	0.00575	0.00968	0.01342	0.01764	0.30990	0.05005	0.28114	0.03940	0.00744	0.00209	0.00339	0.20828	0.00534	0.00487
4	0.01663	0.01303	0.04998	0.01102	0.01489	0.01297	0.00920	0.41377	0.08219	0.06588	0.01495	0.05869	0.01214	0.06066	0.03124	0.00205	0.00570	0.00559	0.00485	0.11455
5	0.00992	0.00666	0.00775	0.00739	0.00929	0.00622	0.00554	0.03563	0.07903	0.10971	0.13945	0.21234	0.32512	0.01253	0.00633	0.00188	0.00329	0.01077	0.00545	0.00570
6	0.00662	0.00484	0.00622	0.00733	0.00784	0.00445	0.00494	0.00762	0.01069	0.01402	0.03326	0.70888	0.12995	0.01666	0.00689	0.00217	0.00311	0.01499	0.00506	0.00445
7	0.02413	0.00982	0.01298	0.00995	0.01419	0.00881	0.00822	0.09203	0.01650	0.71144	0.02075	0.01807	0.01312	0.00673	0.00548	0.00168	0.00476	0.00543	0.00663	0.00928
8	0.02055	0.01481	0.01599	0.01234	0.01663	0.01632	0.01017	0.68614	0.06116	0.06912	0.01393	0.01370	0.00983	0.00660	0.00546	0.00165	0.00585	0.00500	0.00552	0.00924
9	0.00947	0.00473	0.00710	0.00710	0.00710	0.00473	0.00473	0.00710	0.00710	0.00947	0.00947	0.01657	0.00947	0.01894	0.02131	0.84138	0.00473	0.00473	0.00237	0.00237
10	0.00781	0.00577	0.00840	0.00840	0.00925	0.00662	0.00637	0.00950	0.00866	0.01239	0.01493	0.02324	0.01442	0.13879	0.68998	0.00832	0.01341	0.00611	0.00297	0.00467
11	0.02918	0.01120	0.01182	0.17855	0.01732	0.09803	0.00895	0.18535	0.03812	0.03701	0.01430	0.01736	0.01117	0.00642	0.00487	0.00156	0.00539	0.02914	0.28766	0.00660
12	0.06721	0.07618	0.56803	0.01497	0.04236	0.05535	0.03660	0.01773	0.01177	0.04733	0.00993	0.01148	0.00720	0.00520	0.00499	0.00167	0.00761	0.00400	0.00260	0.00780
13	0.03807	0.11576	0.06336	0.01565	0.05566	0.05451	0.23177	0.03058	0.01258	0.12824	0.02720	0.01375	0.00946	0.00576	0.00681	0.00166	0.10298	0.00496	0.00339	0.07787

[dist]
# distance from previous block
# <min> <max>
0	1

[block]
# block no. 5 follows, 44 sequences, length 46
# corresponding to MSA columns:
# 340-367,380-397
name=unknown_F
#
# <colnr> <probs for GDERKNQSTAVLIFYWHMCP>
#	G	D	E	R	K	N	Q	S	T	A	V	L	I	F	Y	W	H	M	C	P
0	0.01921	0.04814	0.01645	0.01591	0.09870	0.66513	0.01110	0.02084	0.01486	0.01380	0.00871	0.01041	0.00732	0.00615	0.01924	0.00156	0.00943	0.00368	0.00278	0.00657
1	0.00970	0.00828	0.01107	0.09465	0.01362	0.04890	0.02720	0.01169	0.00962	0.01371	0.01311	0.01939	0.01199	0.07826	0.39462	0.00549	0.12411	0.00553	0.09383	0.00521
2	0.09987	0.28076	0.16647	0.01341	0.07162	0.22869	0.01191	0.01839	0.03524	0.01567	0.00888	0.01029	0.00729	0.00516	0.00440	0.00145	0.00720	0.00354	0.00269	0.00707
3	0.01580	0.01784	0.01926	0.07312	0.22183	0.31752	0.11009	0.03044	0.05062	0.01589	0.01017	0.01272	0.00831	0.00640	0.02434	0.00180	0.04916	0.00462	0.00290	0.00716
4	0.01130	0.00969	0.01130	0.00807	0.01292	0.00727	0.00646	0.01373	0.01130	0.01776	0.00969	0.01130	0.00807	0.00404	0.00404	0.00081	0.00404	0.00323	0.00323	0.84173
5	0.00762	0.00574	0.00699	0.00682	0.00823	0.00526	0.00511	0.02871	0.01424	0.01922	0.45465	0.13020	0.24081	0.01252	0.00650	0.00183	0.00285	0.03208	0.00560	0.00502
6	0.00775	0.00579	0.00723	0.00686	0.00828	0.00539	0.00515	0.01064	0.04510	0.02075	0.62692	0.05879	0.14793	0.01149	0.00641	0.00175	0.00268	0.01006	0.00583	0.00519
7	0.00721	0.00546	0.00665	0.00655	0.00789	0.00490	0.00484	0.00924	0.01396	0.01882	0.47317	0.13371	0.26244	0.01263	0.00650	0.00181	0.00270	0.01101	0.00561	0.00490
8	0.00672	0.00558	0.00590	0.00595	0.00770	0.00476	0.00455	0.00828	0.01270	0.01547	0.11714	0.05204	0.65784	0.01366	0.00652	0.00188	0.00290	0.06062	0.00514	0.00468
9	0.00673	0.00553	0.00593	0.00583	0.00754	0.00473	0.00437	0.00839	0.01311	0.01636	0.21891	0.04978	0.60749	0.01320	0.00644	0.00181	0.00272	0.01113	0.00528	0.00473
10	0.03547	0.50516	0.25184	0.01144	0.01696	0.06883	0.01255	0.01696	0.01145	0.01449	0.00829	0.00965	0.00694	0.00489	0.00409	0.00136	0.00672	0.00329	0.00238	0.00724
11	0.01440	0.75743	0.02776	0.00967	0.01401	0.02124	0.00950	0.01611	0.01089	0.01285	0.00755	0.00896	0.00701	0.00500	0.00447	0.00125	0.05959	0.00304	0.00234	0.00693
12	0.00861	0.00650	0.00812	0.00867	0.00997	0.00653	0.00676	0.02868	0.10562	0.01712	0.10344	0.30147	0.10188	0.01409	0.00684	0.00217	0.00388	0.24912	0.00521	0.00534
13	0.08430	0.04859	0.66790	0.01486	0.02233	0.01291	0.04136	0.01714	0.01134	0.01777	0.00957	0.01130	0.00686	0.00514	0.00501	0.00171	0.00769	0.00398	0.00241	0.00782
14	0.01082	0.01071	0.01957	0.63819	0.03571	0.01245	0.16557	0.01465	0.01130	0.01465	0.00996	0.01457	0.00747	0.00528	0.00565	0.00182	0.00766	0.00517	0.00249	0.00632
15	0.01016	0.00508	0.00508	0.00508	0.00635	0.00508	0.00381	0.01270	0.01143	0.02033	0.01778	0.02033	0.01397	0.00635	0.00381	0.00127	0.00254	0.00508	0.83867	0.00508
16	0.01637	0.04403	0.01262	0.00976	0.01287	0.05033	0.00792	0.40727	0.01906	0.02689	0.01433	0.01554	0.01085	0.00737	0.02789	0.00169	0.00522	0.00485	0.29769	0.00743
17	0.66873	0.01098	0.03076	0.02623	0.01186	0.01194	0.00677	0.06648	0.01088	0.04330	0.01167	0.01256	0.05837	0.00581	0.00388	0.00170	0.00443	0.00381	0.00366	0.00620
18	0.04317	0.13155	0.01565	0.01032	0.01453	0.01341	0.00868	0.24905	0.10523	0.15832	0.01448	0.01517	0.01085	0.00613	0.00491	0.00147	0.00509	0.02520	0.00474	0.16202
19	0.00867	0.00575	0.00745	0.00703	0.00846	0.00524	0.00527	0.01098	0.01479	0.07197	0.60596	0.10954	0.09496	0.01156	0.00641	0.00177	0.00278	0.01018	0.00590	0.00532
20	0.00664	0.00474	0.00633	0.00759	0.00791	0.00443	0.00506	0.00759	0.01044	0.01392	0.03005	0.80485	0.03606	0.01708	0.00696	0.00221	0.00316	0.01550	0.00506	0.00443
21	0.22618	0.01319	0.01338	0.01069	0.01465	0.03683	0.00876	0.38192	0.06806	0.15379	0.01358	0.01332	0.00955	0.00624	0.00493	0.00166	0.00533	0.00456	0.00508	0.00831
22	0.01322	0.52042	0.30798	0.01164	0.01756	0.01826	0.01335	0.01667	0.01124	0.01448	0.00840	0.00977	0.00696	0.00486	0.00412	0.00137	0.00666	0.00333	0.00232	0.00739
23	0.00752	0.00511	0.00607	0.00647	0.00657	0.00501	0.00386	0.00782	0.00872	0.01163	0.02124	0.27870	0.02495	0.55838	0.02118	0.00432	0.00461	0.01032	0.00386	0.00366
24	0.00672	0.00553	0.00591	0.00581	0.00753	0.00472	0.00436	0.00836	0.01308	0.01628	0.21102	0.04991	0.61542	0.01323	0.00644	0.00181	0.00272	0.01115	0.00527	0.00472
25	0.00967	0.00798	0.00920	0.02813	0.05440	0.05801	0.00711	0.03099	0.07394	0.03570	0.07861	0.37576	0.10883	0.01307	0.00648	0.00202	0.00420	0.08548	0.00487	0.00555
26	0.00826	0.00611	0.00802	0.00899	0.01025	0.00600	0.00745	0.01084	0.04155	0.01592	0.03269	0.18654	0.14070	0.01492	0.00719	0.00233	0.00434	0.47784	0.00505	0.00500
27	0.00673	0.00480	0.00638	0.00762	0.00795	0.00450	0.00512	0.00770	0.01043	0.01390	0.02969	0.76489	0.03552	0.03717	0.00750	0.00230	0.00327	0.03510	0.00501	0.00442
28	0.01982	0.01465	0.01602	0.05580	0.01773	0.01628	0.01043	0.69233	0.02438	0.03280	0.01304	0.01339	0.00930	0.00648	0.00540	0.00164	0.00596	0.00491	0.03067	0.00897
29	0.01093	0.02820	0.78016	0.01554	0.02360	0.01266	0.02014	0.01727	0.01151	0.01727	0.00978	0.01151	0.00691	0.00518	0.00518	0.00173	0.00806	0.00403	0.00230	0.00806
30	0.00947	0.00473	0.00710	0.00710	0.00710	0.00473	0.00473	0.00710	0.00710	0.00947	0.00947	0.01657	0.00947	0.01894	0.02131	0.84138	0.00473	0.00473	0.00237	0.00237
31	0.01259	0.00748	0.00933	0.00802	0.01031	0.00709	0.00628	0.10210	0.01646	0.17714	0.47621	0.03377	0.09113	0.00989	0.00612	0.00171	0.00341	0.00850	0.00602	0.00644
32	0.00847	0.00579	0.00709	0.00684	0.00839	0.00521	0.00518	0.01045	0.01377	0.06974	0.38276	0.08667	0.26774	0.04324	0.00730	0.00197	0.00306	0.05564	0.00554	0.00514
33	0.01332	0.01396	0.07330	0.03168	0.70420	0.01295	0.01676	0.01708	0.03141	0.01790	0.01053	0.01353	0.00872	0.00494	0.00539	0.00163	0.00653	0.00483	0.00274	0.00860
34	0.00669	0.00546	0.00591	0.00594	0.00755	0.00468	0.00440	0.00824	0.01278	0.01592	0.17974	0.11685	0.57964	0.01363	0.00649	0.00185	0.00276	0.01157	0.00523	0.00468
35	0.01130	0.00969	0.01130	0.00807	0.01292	0.00727	0.00646	0.01373	0.01130	0.01776	0.00969	0.01130	0.00807	0.00404	0.00404	0.00081	0.00404	0.00323	0.00323	0.84173
36	0.00698	0.00555	0.00620	0.00610	0.00767	0.00485	0.00456	0.00871	0.01321	0.01688	0.28106	0.04831	0.49067	0.04502	0.00733	0.00196	0.00287	0.03206	0.00529	0.00473
37	0.00696	0.00540	0.00582	0.00588	0.00706	0.00482	0.00404	0.00800	0.01123	0.01399	0.09139	0.10102	0.46041	0.23566	0.01243	0.00282	0.00348	0.01068	0.00464	0.00426
38	0.00706	0.00496	0.00626	0.00713	0.00743	0.00473	0.00464	0.00780	0.00985	0.01306	0.02715	0.54287	0.05416	0.24083	0.01284	0.00308	0.00380	0.03364	0.00456	0.00413
39	0.00677	0.00551	0.00600	0.00592	0.00758	0.00474	0.00442	0.00845	0.01314	0.01653	0.23754	0.07009	0.56787	0.01322	0.00645	0.00182	0.00272	0.01119	0.00530	0.00474
40	0.00999	0.00624	0.00846	0.00907	0.01040	0.00602	0.00743	0.01197	0.01220	0.09805	0.04520	0.16961	0.04587	0.08661	0.00901	0.00259	0.00461	0.44636	0.00508	0.00523
41	0.84691	0.01054	0.00801	0.00717	0.01054	0.01223	0.00590	0.01603	0.00928	0.02446	0.00759	0.00886	0.00590	0.00506	0.00337	0.00169	0.00422	0.00295	0.00337	0.00590
42	0.00753	0.00557	0.00702	0.00666	0.00803	0.00506	0.00499	0.00992	0.01498	0.02079	0.66431	0.04248	0.15931	0.01154	0.00643	0.00173	0.00260	0.01011	0.00586	0.00506
43	0.02338	0.01003	0.01300	0.01007	0.01423	0.00925	0.00828	0.09856	0.06584	0.65527	0.02072	0.01814	0.01329	0.00677	0.00548	0.00169	0.00475	0.00547	0.00654	0.00923
44	0.01356	0.01171	0.01233	0.01109	0.01418	0.01356	0.00863	0.02897	0.76455	0.02281	0.02219	0.02034	0.01664	0.00740	0.00555	0.00185	0.00431	0.00616	0.00555	0.00863
45	0.01527	0.01163	0.01262	0.01098	0.01426	0.01302	0.00869	0.12501	0.55118	0.09833	0.02194	0.02119	0.03514	0.00760	0.00561	0.00182	0.00455	0.02694	0.00563	0.00857

[dist]
# distance from previous block
# <min> <max>
0	1

[block]
# block no. 6 follows, 44 sequences, length 94
# corresponding to MSA columns:
# 399-492
name=unknown_G
#
# <colnr> <probs for GDERKNQSTAVLIFYWHMCP>
#	G	D	E	R	K	N	Q	S	T	A	V	L	I	F	Y	W	H	M	C	P
0	0.01481	0.74981	0.02744	0.00960	0.01413	0.05690	0.00936	0.01698	0.03513	0.01317	0.00808	0.00916	0.00730	0.00480	0.00363	0.00120	0.00597	0.00305	0.00246	0.00702
1	0.02179	0.00990	0.01282	0.03320	0.01459	0.00933	0.00834	0.11485	0.05793	0.56888	0.07335	0.01944	0.01566	0.00703	0.00555	0.00170	0.00472	0.00574	0.00634	0.00885
2	0.01067	0.00852	0.01014	0.00816	0.01168	0.00691	0.00627	0.04607	0.01190	0.03309	0.03127	0.22557	0.01666	0.00786	0.00497	0.00126	0.00387	0.00679	0.00395	0.54439
3	0.01145	0.01041	0.01799	0.61848	0.12188	0.01216	0.06747	0.01504	0.01142	0.04689	0.01035	0.01460	0.00776	0.00538	0.00552	0.00179	0.00720	0.00499	0.00266	0.00659
4	0.01680	0.01875	0.04098	0.09267	0.23321	0.34231	0.01280	0.11845	0.01532	0.01767	0.01118	0.01312	0.03137	0.00575	0.00523	0.00156	0.00785	0.00447	0.00315	0.00735
5	0.00736	0.00573	0.00662	0.00693	0.00811	0.00538	0.00491	0.00977	0.07179	0.01575	0.13768	0.31898	0.29509	0.07047	0.00807	0.00220	0.00318	0.01205	0.00510	0.00484
6	0.00668	0.00476	0.00632	0.00755	0.00785	0.00445	0.00501	0.00760	0.01037	0.01383	0.02970	0.78424	0.03562	0.03828	0.00752	0.00230	0.00322	0.01530	0.00501	0.00440
7	0.01477	0.01200	0.01399	0.02922	0.01545	0.01193	0.03059	0.26684	0.11747	0.02376	0.01277	0.02440	0.00998	0.00574	0.00529	0.00135	0.02961	0.00454	0.00426	0.36603
8	0.02020	0.01407	0.01542	0.01190	0.01605	0.01530	0.00980	0.63931	0.02403	0.10205	0.06438	0.01543	0.01247	0.00687	0.00552	0.00165	0.00565	0.00529	0.00561	0.00900
9	0.01645	0.08135	0.12201	0.11163	0.05443	0.40337	0.01272	0.04728	0.01373	0.01491	0.00887	0.01101	0.00721	0.00576	0.00594	0.00157	0.06835	0.00391	0.00272	0.00677
10	0.07100	0.02068	0.01187	0.00927	0.01298	0.00834	0.00760	0.02362	0.04917	0.58058	0.11083	0.02146	0.01802	0.00735	0.00549	0.00171	0.00438	0.02095	0.00630	0.00843
11	0.00701	0.00516	0.00703	0.00780	0.00839	0.00483	0.02247	0.00819	0.01087	0.01449	0.08252	0.62300	0.06886	0.06378	0.00816	0.00235	0.00344	0.04217	0.00497	0.00451
12	0.01271	0.01438	0.07276	0.05846	0.04139	0.01359	0.47724	0.06858	0.01294	0.01779	0.01174	0.06163	0.00977	0.00611	0.00750	0.00189	0.09491	0.00643	0.00300	0.00717
13	0.01078	0.00983	0.01397	0.24239	0.03116	0.04157	0.02840	0.01313	0.01001	0.01436	0.01090	0.01563	0.00937	0.01377	0.16302	0.00327	0.24959	0.00503	0.10806	0.00575
14	0.00668	0.00478	0.00636	0.00756	0.00792	0.00445	0.00506	0.00769	0.01062	0.01421	0.05766	0.77639	0.03663	0.01686	0.00694	0.00220	0.00314	0.01529	0.00510	0.00445
15	0.01304	0.04301	0.09037	0.02658	0.01502	0.01113	0.10498	0.19508	0.01511	0.02201	0.06780	0.04674	0.01417	0.00786	0.02878	0.00182	0.03778	0.00576	0.24615	0.00680
16	0.01298	0.00952	0.01115	0.00867	0.01256	0.00829	0.00683	0.06497	0.09379	0.10182	0.07293	0.05254	0.01476	0.03710	0.00569	0.00138	0.00416	0.00516	0.00431	0.47141
17	0.01274	0.00840	0.00925	0.05578	0.01140	0.00906	0.00642	0.20689	0.05417	0.02219	0.01673	0.02058	0.02627	0.11105	0.00787	0.01519	0.00422	0.00555	0.39011	0.00614
18	0.07170	0.02463	0.07829	0.08936	0.41286	0.02384	0.03744	0.04157	0.03265	0.01814	0.01496	0.01821	0.07695	0.00620	0.00541	0.00170	0.00618	0.02914	0.00315	0.00762
19	0.00777	0.00522	0.00599	0.00615	0.00619	0.00518	0.00352	0.00789	0.00823	0.01098	0.01875	0.12972	0.02181	0.71166	0.02521	0.00491	0.00503	0.00885	0.00352	0.00344
20	0.01328	0.01105	0.01198	0.01153	0.05537	0.03459	0.00850	0.09204	0.43201	0.04473	0.02526	0.03976	0.12142	0.02350	0.00619	0.00191	0.00459	0.04941	0.00519	0.00770
21	0.00711	0.00509	0.00664	0.00771	0.00815	0.00484	0.00519	0.03130	0.01087	0.01450	0.02925	0.76392	0.03487	0.03307	0.00734	0.00226	0.00330	0.01501	0.00504	0.00456
22	0.48969	0.01242	0.06608	0.06671	0.15002	0.01259	0.00983	0.07882	0.01166	0.02282	0.02930	0.01147	0.00806	0.00535	0.00426	0.00168	0.00521	0.00385	0.00336	0.00682
23	0.01796	0.01337	0.01431	0.01148	0.01521	0.01483	0.00927	0.50007	0.19889	0.04348	0.01636	0.01665	0.02268	0.03785	0.00628	0.00182	0.00536	0.00543	0.04006	0.00865
24	0.01130	0.00943	0.01108	0.00808	0.01269	0.00714	0.00642	0.01364	0.01134	0.03070	0.01092	0.05130	0.00957	0.00474	0.00421	0.00089	0.00400	0.00389	0.00338	0.78529
25	0.01954	0.00967	0.01263	0.01008	0.01359	0.00924	0.03142	0.15366	0.02937	0.44086	0.06702	0.09112	0.01720	0.02429	0.02324	0.00195	0.00494	0.00666	0.02533	0.00819
26	0.01190	0.14696	0.61115	0.04455	0.02236	0.01386	0.01791	0.01729	0.01155	0.04054	0.00981	0.01143	0.00714	0.00516	0.00494	0.00164	0.00758	0.00394	0.00245	0.00786
27	0.01044	0.00984	0.01662	0.76057	0.07114	0.01215	0.01521	0.01406	0.01097	0.01411	0.00972	0.01449	0.00733	0.00542	0.00545	0.00181	0.00723	0.00485	0.00244	0.00617
28	0.00820	0.00586	0.00812	0.00938	0.01038	0.00577	0.00778	0.01029	0.01198	0.01567	0.02919	0.26295	0.03264	0.01561	0.00738	0.00243	0.00452	0.54197	0.00503	0.00486
29	0.01538	0.58240	0.09703	0.01085	0.01547	0.17184	0.01059	0.01749	0.01198	0.01335	0.00796	0.00922	0.00699	0.00490	0.00394	0.00127	0.00683	0.00314	0.00242	0.00696
30	0.02343	0.01059	0.01342	0.01033	0.01455	0.01000	0.00852	0.17950	0.03446	0.60543	0.01976	0.01745	0.01268	0.00672	0.00548	0.00168	0.00492	0.00538	0.00645	0.00926
31	0.00695	0.00538	0.00634	0.00644	0.00776	0.00477	0.00470	0.00868	0.01312	0.01718	0.31334	0.20205	0.35671	0.01350	0.00654	0.00187	0.00277	0.01172	0.00541	0.00477
32	0.00708	0.00543	0.00649	0.00648	0.00782	0.00483	0.00476	0.00896	0.01355	0.01800	0.39268	0.16414	0.31395	0.01305	0.00652	0.00184	0.00273	0.01134	0.00551	0.00483
33	0.01098	0.02637	0.70005	0.07145	0.05027	0.01263	0.01967	0.01701	0.01150	0.01705	0.00979	0.01179	0.00699	0.00519	0.00521	0.00173	0.00795	0.00411	0.00232	0.00793
34	0.04955	0.00973	0.01273	0.00982	0.01400	0.00880	0.00810	0.07144	0.03042	0.69423	0.02057	0.01795	0.01306	0.00670	0.00542	0.00169	0.00470	0.00538	0.00654	0.00916
35	0.00820	0.00571	0.00727	0.00679	0.00827	0.00518	0.00512	0.01060	0.01504	0.05040	0.64837	0.04140	0.14447	0.01132	0.00639	0.00173	0.00268	0.00990	0.00591	0.00523
36	0.00678	0.00483	0.00626	0.00735	0.00768	0.00453	0.00484	0.00763	0.01023	0.01358	0.02942	0.69798	0.05697	0.10308	0.00920	0.00254	0.00338	0.01455	0.00487	0.00431
37	0.00748	0.00539	0.00707	0.00702	0.00809	0.00499	0.00513	0.00969	0.01433	0.02010	0.60727	0.20999	0.04803	0.01246	0.00655	0.00183	0.00270	0.01111	0.00579	0.00499
38	0.03892	0.06920	0.02157	0.10793	0.62248	0.01346	0.01571	0.01640	0.01207	0.01727	0.00993	0.01312	0.00830	0.00491	0.00521	0.00161	0.00644	0.00466	0.00267	0.00817
39	0.01372	0.06894	0.01726	0.05944	0.01766	0.06985	0.11733	0.11431	0.05317	0.01882	0.01089	0.02633	0.00892	0.00557	0.00600	0.00141	0.07338	0.00451	0.00340	0.30907
40	0.01113	0.00658	0.00640	0.00605	0.00750	0.03014	0.00451	0.07327	0.01238	0.02033	0.01706	0.02087	0.01393	0.08236	0.00625	0.00168	0.00331	0.00529	0.66568	0.00529
