[name]
unknown

[dist]
# distance from previous block
# <min> <max>
1	253

[block]
# block no. 0 follows, 49 sequences, length 60
# corresponding to MSA columns:
# 396-455
name=unknown_A
#
# <colnr> <probs for GDERKNQSTAVLIFYWHMCP>
#	G	D	E	R	K	N	Q	S	T	A	V	L	I	F	Y	W	H	M	C	P
0	0.01077	0.16890	0.30511	0.01168	0.05784	0.03682	0.01168	0.01509	0.06843	0.03135	0.16342	0.04224	0.04303	0.00658	0.00486	0.00151	0.00544	0.00536	0.00331	0.00659
1	0.29259	0.03232	0.23145	0.03995	0.08192	0.01154	0.04475	0.06323	0.04564	0.04608	0.04359	0.02673	0.00933	0.00538	0.00441	0.00158	0.00546	0.00419	0.00317	0.00670
2	0.08698	0.03880	0.24336	0.05291	0.20670	0.04435	0.04451	0.04850	0.01163	0.01691	0.03936	0.01711	0.05248	0.00665	0.02166	0.00174	0.00624	0.05043	0.00291	0.00677
3	0.04903	0.05111	0.51540	0.01329	0.04358	0.03111	0.02848	0.05664	0.02777	0.01734	0.05597	0.01240	0.00930	0.00514	0.00471	0.00151	0.00652	0.00407	0.00270	0.06393
4	0.01241	0.01503	0.16119	0.02232	0.36961	0.03618	0.14413	0.07109	0.04846	0.01761	0.03030	0.01387	0.02420	0.00507	0.00517	0.00157	0.00652	0.00487	0.00288	0.00753
5	0.05809	0.03008	0.01236	0.05371	0.05106	0.04182	0.03432	0.05866	0.15676	0.21687	0.04977	0.07127	0.04284	0.00678	0.00498	0.00153	0.00458	0.00569	0.00452	0.09434
6	0.01164	0.01263	0.08001	0.10882	0.22646	0.01131	0.25022	0.05903	0.01192	0.01668	0.01067	0.05385	0.00891	0.00509	0.00522	0.00153	0.00653	0.00522	0.00279	0.11145
7	0.01536	0.00942	0.01097	0.00927	0.01239	0.00974	0.00735	0.03705	0.38966	0.28171	0.08456	0.02044	0.04290	0.00701	0.00517	0.00161	0.00394	0.00583	0.00546	0.04016
8	0.04654	0.01292	0.10308	0.28645	0.37379	0.03717	0.01460	0.03799	0.01130	0.01586	0.00921	0.01234	0.00728	0.00480	0.00491	0.00157	0.00641	0.00431	0.00248	0.00700
9	0.00786	0.00721	0.04782	0.00805	0.03583	0.02997	0.00608	0.01067	0.05305	0.01785	0.45810	0.17427	0.10237	0.01071	0.00587	0.00168	0.00317	0.00942	0.00494	0.00506
10	0.01200	0.01023	0.01212	0.03114	0.06376	0.01126	0.03268	0.08486	0.47324	0.02061	0.09220	0.04344	0.04989	0.00726	0.00526	0.00165	0.00422	0.00622	0.00475	0.03319
11	0.00948	0.00901	0.01194	0.14278	0.01517	0.08174	0.06459	0.01124	0.00941	0.01232	0.01385	0.09803	0.03631	0.11643	0.22038	0.00387	0.12944	0.00625	0.00284	0.00492
12	0.01881	0.02195	0.01442	0.01271	0.01559	0.63794	0.00970	0.16065	0.03326	0.01620	0.00891	0.00990	0.00710	0.00541	0.00467	0.00135	0.00834	0.00355	0.00312	0.00642
13	0.00611	0.00509	0.00534	0.00536	0.00693	0.00431	0.00399	0.00748	0.01171	0.01431	0.12713	0.09066	0.66875	0.01272	0.00600	0.00171	0.00256	0.01072	0.00479	0.00431
14	0.00695	0.00516	0.00648	0.00615	0.00743	0.00468	0.00461	0.00915	0.01383	0.01913	0.66056	0.03966	0.17594	0.01076	0.00597	0.00161	0.00242	0.00941	0.00542	0.00468
15	0.00735	0.00490	0.00552	0.00552	0.00552	0.00490	0.00306	0.00735	0.00735	0.00980	0.01593	0.03309	0.01838	0.82229	0.02574	0.00490	0.00490	0.00735	0.00306	0.00306
16	0.00716	0.00517	0.00676	0.00636	0.00755	0.00477	0.00477	0.00954	0.01431	0.02028	0.78808	0.03777	0.04771	0.01034	0.00596	0.00159	0.00239	0.00914	0.00557	0.00477
17	0.01440	0.01102	0.01191	0.01032	0.01342	0.01241	0.00813	0.11478	0.61335	0.10188	0.01952	0.01790	0.01433	0.00671	0.00513	0.00168	0.00422	0.00551	0.00525	0.00814
18	0.13012	0.01103	0.01258	0.00977	0.01363	0.01131	0.00807	0.32927	0.01751	0.38244	0.01508	0.01397	0.01000	0.00598	0.00482	0.00155	0.00477	0.00456	0.00536	0.00820
19	0.01014	0.02616	0.79609	0.01441	0.02189	0.01174	0.01868	0.01601	0.01068	0.01601	0.00907	0.01068	0.00641	0.00480	0.00480	0.00160	0.00747	0.00374	0.00214	0.00747
20	0.02076	0.00833	0.01123	0.00875	0.01234	0.00731	0.00717	0.04052	0.01467	0.68437	0.11097	0.01953	0.01660	0.00674	0.00519	0.00157	0.00410	0.00555	0.00615	0.00815
21	0.02221	0.00973	0.01216	0.00940	0.01328	0.03863	0.00773	0.09645	0.01536	0.69109	0.01874	0.01641	0.01191	0.00620	0.00506	0.00155	0.00461	0.00496	0.00600	0.00850
22	0.01049	0.00899	0.01049	0.00749	0.01198	0.00674	0.00599	0.01273	0.01049	0.01648	0.00899	0.01049	0.00749	0.00374	0.00374	0.00075	0.00374	0.00300	0.00300	0.85320
23	0.00722	0.00542	0.00813	0.00813	0.00903	0.00632	0.00632	0.00903	0.00813	0.01174	0.01354	0.01987	0.01264	0.03792	0.80225	0.00813	0.01354	0.00542	0.00271	0.00451
24	0.01981	0.01323	0.01460	0.01119	0.01521	0.01429	0.00924	0.64758	0.02221	0.16039	0.01346	0.01300	0.00926	0.00610	0.00506	0.00153	0.00535	0.00464	0.00526	0.00860
25	0.01252	0.01201	0.02053	0.03104	0.79074	0.01201	0.01552	0.01552	0.01151	0.01652	0.00951	0.01252	0.00801	0.00451	0.00501	0.00150	0.00601	0.00451	0.00250	0.00801
26	0.01336	0.01115	0.01182	0.01035	0.01332	0.01276	0.00813	0.13498	0.64477	0.02268	0.04591	0.01854	0.01556	0.00687	0.00516	0.00168	0.00417	0.00567	0.00515	0.00798
27	0.85801	0.00978	0.00743	0.00665	0.00978	0.01134	0.00548	0.01486	0.00861	0.02269	0.00704	0.00821	0.00548	0.00469	0.00313	0.00156	0.00391	0.00274	0.00313	0.00548
28	0.85801	0.00978	0.00743	0.00665	0.00978	0.01134	0.00548	0.01486	0.00861	0.02269	0.00704	0.00821	0.00548	0.00469	0.00313	0.00156	0.00391	0.00274	0.00313	0.00548
29	0.00616	0.00440	0.00587	0.00704	0.00733	0.00411	0.00469	0.00704	0.00968	0.01291	0.02787	0.81899	0.03344	0.01584	0.00645	0.00205	0.00293	0.01438	0.00469	0.00411
30	0.73991	0.00981	0.00816	0.00707	0.01032	0.01108	0.00583	0.04218	0.00976	0.10528	0.00859	0.00931	0.00634	0.00491	0.00340	0.00156	0.00401	0.00305	0.00353	0.00592
31	0.01352	0.82533	0.02650	0.00865	0.01298	0.02001	0.00865	0.01514	0.01027	0.01190	0.00703	0.00811	0.00649	0.00433	0.00324	0.00108	0.00541	0.00270	0.00216	0.00649
32	0.00716	0.00517	0.00676	0.00636	0.00755	0.00477	0.00477	0.00954	0.01431	0.02028	0.78808	0.03777	0.04771	0.01034	0.00596	0.00159	0.00239	0.00914	0.00557	0.00477
33	0.00976	0.00514	0.00524	0.00507	0.00638	0.00519	0.00384	0.04453	0.01131	0.01947	0.04583	0.01929	0.01410	0.00607	0.00369	0.00121	0.00250	0.00488	0.78162	0.00488
34	0.82956	0.00974	0.00758	0.00673	0.00989	0.01121	0.00554	0.01520	0.00881	0.04896	0.00748	0.00852	0.00572	0.00475	0.00320	0.00156	0.00392	0.00282	0.00324	0.00558
35	0.01922	0.01416	0.01518	0.01163	0.01568	0.01568	0.00961	0.77388	0.02378	0.03187	0.01214	0.01214	0.00860	0.00607	0.00506	0.00152	0.00556	0.00455	0.00506	0.00860
36	0.00616	0.00440	0.00587	0.00704	0.00733	0.00411	0.00469	0.00704	0.00968	0.01291	0.02787	0.81899	0.03344	0.01584	0.00645	0.00205	0.00293	0.01438	0.00469	0.00411
37	0.01049	0.00899	0.01049	0.00749	0.01198	0.00674	0.00599	0.01273	0.01049	0.01648	0.00899	0.01049	0.00749	0.00374	0.00374	0.00075	0.00374	0.00300	0.00300	0.85320
38	0.00654	0.00528	0.00586	0.00580	0.00736	0.00465	0.00443	0.00842	0.02637	0.01565	0.24569	0.04573	0.53063	0.01211	0.00602	0.00171	0.00267	0.05564	0.00493	0.00449
39	0.02019	0.00870	0.02619	0.00885	0.01246	0.00749	0.00737	0.05296	0.01476	0.64259	0.12432	0.01969	0.01705	0.00678	0.00520	0.00157	0.00415	0.00559	0.00604	0.00806
40	0.00616	0.00440	0.00587	0.00704	0.00733	0.00411	0.00469	0.00704	0.00968	0.01291	0.02787	0.81899	0.03344	0.01584	0.00645	0.00205	0.00293	0.01438	0.00469	0.00411
41	0.02257	0.00879	0.01185	0.00909	0.01300	0.00771	0.00751	0.05016	0.01479	0.76829	0.01968	0.01704	0.01238	0.00625	0.00508	0.00156	0.00435	0.00507	0.00622	0.00861
42	0.13860	0.03756	0.05477	0.04009	0.01417	0.00958	0.03018	0.08239	0.02775	0.45360	0.03230	0.03272	0.01156	0.00608	0.00480	0.00157	0.00470	0.00486	0.00503	0.00767
43	0.00967	0.00915	0.01519	0.74726	0.03313	0.01157	0.01381	0.01286	0.00992	0.01286	0.00880	0.01329	0.00673	0.00536	0.00597	0.00173	0.07036	0.00449	0.00224	0.00561
44	0.83070	0.00962	0.00737	0.00661	0.00964	0.01114	0.00540	0.01462	0.00857	0.02227	0.00733	0.00901	0.00589	0.03094	0.00386	0.00167	0.00394	0.00289	0.00313	0.00540
45	0.01106	0.01106	0.01549	0.01328	0.01328	0.01549	0.01106	0.01217	0.00774	0.01217	0.00664	0.01106	0.00664	0.00885	0.01659	0.00221	0.81303	0.00443	0.00221	0.00553
46	0.00955	0.00899	0.01517	0.81013	0.03483	0.01123	0.01404	0.01292	0.01011	0.01292	0.00899	0.01348	0.00674	0.00506	0.00506	0.00169	0.00674	0.00449	0.00225	0.00562
47	0.00716	0.00517	0.00676	0.00636	0.00755	0.00477	0.00477	0.00954	0.01431	0.02028	0.78808	0.03777	0.04771	0.01034	0.00596	0.00159	0.00239	0.00914	0.00557	0.00477
48	0.00815	0.00582	0.00815	0.00931	0.01048	0.00582	0.00815	0.01048	0.01164	0.01513	0.02677	0.05704	0.02910	0.01397	0.00698	0.00233	0.00466	0.75671	0.00466	0.00466
49	0.00716	0.00517	0.00676	0.00636	0.00755	0.00477	0.00477	0.00954	0.01431	0.02028	0.78808	0.03777	0.04771	0.01034	0.00596	0.00159	0.00239	0.00914	0.00557	0.00477
50	0.00700	0.00516	0.00654	0.00620	0.00746	0.00470	0.00465	0.00924	0.01394	0.01939	0.68952	0.03923	0.14682	0.01067	0.00597	0.00161	0.00241	0.00935	0.00545	0.00470
51	0.01700	0.01238	0.01357	0.01093	0.01444	0.01355	0.00905	0.58139	0.06414	0.05037	0.01624	0.01991	0.04162	0.00741	0.00535	0.00164	0.00521	0.10288	0.00503	0.00789
52	0.01049	0.00899	0.01049	0.00749	0.01198	0.00674	0.00599	0.01273	0.01049	0.01648	0.00899	0.01049	0.00749	0.00374	0.00374	0.00075	0.00374	0.00300	0.00300	0.85320
53	0.00951	0.00890	0.01498	0.78846	0.03417	0.01109	0.01388	0.01285	0.01015	0.01298	0.00947	0.01466	0.00735	0.00530	0.00511	0.00170	0.00668	0.02485	0.00231	0.00559
54	0.00722	0.00542	0.00813	0.00813	0.00903	0.00632	0.00632	0.00903	0.00813	0.01174	0.01354	0.01987	0.01264	0.03792	0.80225	0.00813	0.01354	0.00542	0.00271	0.00451
55	0.00728	0.00595	0.00930	0.00906	0.01032	0.00558	0.10329	0.00894	0.01065	0.01399	0.04303	0.46533	0.11753	0.01354	0.00643	0.00201	0.00392	0.15484	0.00443	0.00459
56	0.01716	0.02097	0.01449	0.03164	0.01561	0.61316	0.01004	0.03212	0.03403	0.01293	0.00806	0.00987	0.00682	0.00589	0.00666	0.00148	0.14693	0.00358	0.00264	0.00591
57	0.83256	0.00963	0.00737	0.00662	0.00965	0.01115	0.00540	0.01464	0.00857	0.02230	0.00731	0.00896	0.00586	0.02915	0.00381	0.00166	0.00394	0.00288	0.00313	0.00540
58	0.16182	0.02527	0.01062	0.00902	0.01188	0.02974	0.00716	0.11316	0.35206	0.05524	0.10086	0.01972	0.06852	0.00705	0.00487	0.00162	0.00407	0.00561	0.00473	0.00698
59	0.01498	0.01015	0.01174	0.00930	0.01282	0.01004	0.00748	0.21469	0.12319	0.16417	0.02672	0.06379	0.01215	0.00630	0.00511	0.00138	0.02846	0.00505	0.02454	0.24794

[dist]
# distance from previous block
# <min> <max>
0	2

[block]
# block no. 1 follows, 49 sequences, length 12
# corresponding to MSA columns:
# 458-469
name=unknown_B
#
# <colnr> <probs for GDERKNQSTAVLIFYWHMCP>
#	G	D	E	R	K	N	Q	S	T	A	V	L	I	F	Y	W	H	M	C	P
0	0.01416	0.73012	0.02505	0.00917	0.01329	0.11293	0.00879	0.01574	0.01076	0.01195	0.00712	0.00823	0.00649	0.00443	0.00340	0.00111	0.00585	0.00277	0.00222	0.00641
1	0.01284	0.01535	0.21260	0.02191	0.40354	0.03601	0.03416	0.04032	0.01185	0.08260	0.01114	0.05095	0.00913	0.00547	0.00538	0.00158	0.02985	0.00483	0.00291	0.00759
2	0.01390	0.01567	0.01571	0.10153	0.20156	0.33175	0.05367	0.01609	0.01250	0.01423	0.05217	0.01636	0.04471	0.00619	0.00563	0.00154	0.04573	0.04199	0.00287	0.00620
3	0.00722	0.00517	0.00680	0.00680	0.00733	0.00558	0.00473	0.00819	0.00795	0.01096	0.01648	0.02726	0.05350	0.39109	0.41213	0.00635	0.00910	0.00655	0.00297	0.00385
4	0.05243	0.01103	0.05177	0.01088	0.05114	0.01007	0.00882	0.19575	0.03992	0.48943	0.01664	0.01520	0.01092	0.00602	0.00499	0.00156	0.00481	0.00480	0.00544	0.00838
5	0.27683	0.03447	0.01273	0.06106	0.05770	0.27260	0.00886	0.09941	0.01254	0.03252	0.00898	0.03507	0.00747	0.00564	0.00498	0.00152	0.05453	0.00382	0.00311	0.00614
6	0.02146	0.00856	0.01149	0.00894	0.01267	0.00756	0.00734	0.02405	0.05264	0.71984	0.05565	0.01825	0.01430	0.00648	0.00513	0.00157	0.00420	0.00531	0.00617	0.00840
7	0.00837	0.00670	0.02374	0.00990	0.10420	0.00641	0.00632	0.03690	0.02697	0.01538	0.22432	0.14876	0.02682	0.24710	0.04889	0.00295	0.00452	0.04286	0.00406	0.00481
8	0.01233	0.65785	0.06662	0.00876	0.01278	0.01740	0.00875	0.01419	0.01013	0.01219	0.00986	0.01135	0.04325	0.00822	0.08622	0.00187	0.00623	0.00341	0.00234	0.00624
9	0.01009	0.00640	0.00780	0.00769	0.00921	0.00634	0.00565	0.01396	0.16112	0.13077	0.09278	0.39851	0.06433	0.01155	0.00579	0.00181	0.00325	0.01020	0.04713	0.00563
10	0.21169	0.21877	0.16027	0.01267	0.05969	0.07423	0.12041	0.01633	0.01081	0.05982	0.00879	0.01023	0.00683	0.00468	0.00420	0.00145	0.00614	0.00365	0.00272	0.00663
11	0.01286	0.01072	0.05655	0.12504	0.10681	0.01004	0.02313	0.04729	0.03328	0.01996	0.11417	0.05428	0.04094	0.00980	0.03041	0.00227	0.04107	0.01699	0.23715	0.00724

[dist]
# distance from previous block
# <min> <max>
0	1

[block]
# block no. 2 follows, 49 sequences, length 49
# corresponding to MSA columns:
# 471-519
name=unknown_C
#
# <colnr> <probs for GDERKNQSTAVLIFYWHMCP>
#	G	D	E	R	K	N	Q	S	T	A	V	L	I	F	Y	W	H	M	C	P
0	0.00971	0.00632	0.00716	0.00648	0.00861	0.00570	0.00505	0.04629	0.04071	0.14095	0.14332	0.03955	0.48420	0.01092	0.00578	0.00167	0.00305	0.02407	0.00510	0.00537
1	0.01236	0.01137	0.01706	0.10043	0.45869	0.01202	0.01286	0.03993	0.21905	0.01785	0.01250	0.01424	0.00988	0.00521	0.00501	0.00155	0.00545	0.00478	0.00328	0.03647
2	0.00666	0.00513	0.00608	0.00588	0.00726	0.00455	0.00439	0.00856	0.01307	0.01743	0.47206	0.06142	0.34630	0.01147	0.00598	0.00165	0.00247	0.00989	0.00519	0.00455
3	0.05621	0.01020	0.01184	0.00984	0.01214	0.06207	0.02645	0.10467	0.01126	0.04256	0.01137	0.02902	0.02334	0.06738	0.13325	0.00276	0.17740	0.00465	0.00318	0.20040
4	0.00943	0.00471	0.00471	0.00471	0.00589	0.00471	0.00353	0.01178	0.01060	0.01885	0.01650	0.01885	0.01296	0.00589	0.00353	0.00118	0.00236	0.00471	0.85036	0.00471
5	0.00785	0.00529	0.00592	0.00577	0.00594	0.00536	0.00334	0.03967	0.00805	0.01074	0.01577	0.03221	0.01797	0.78787	0.02487	0.00476	0.00493	0.00724	0.00315	0.00330
6	0.79029	0.01068	0.04386	0.00718	0.01054	0.01151	0.00622	0.04101	0.00922	0.02270	0.00731	0.00846	0.00563	0.00475	0.00327	0.00156	0.00413	0.00285	0.00315	0.00568
7	0.74010	0.05650	0.00888	0.00696	0.01022	0.01152	0.00582	0.01569	0.00919	0.08620	0.00811	0.00896	0.00612	0.00480	0.00330	0.00154	0.00403	0.00293	0.00333	0.00579
8	0.01312	0.06574	0.23579	0.01131	0.01586	0.01069	0.06623	0.11384	0.06001	0.13150	0.09860	0.05710	0.01426	0.00632	0.00501	0.00152	0.00539	0.00534	0.00391	0.07847
9	0.01158	0.01257	0.02413	0.01800	0.02132	0.01349	0.47942	0.01467	0.01043	0.01481	0.00894	0.01263	0.00731	0.00583	0.00956	0.00184	0.28672	0.00532	0.00246	0.03899
10	0.01029	0.04183	0.74531	0.01461	0.02191	0.01196	0.05304	0.01600	0.01073	0.01594	0.00909	0.01076	0.00647	0.00477	0.00483	0.00160	0.00748	0.00382	0.00216	0.00742
11	0.00708	0.00517	0.00665	0.00628	0.00751	0.00474	0.00471	0.00939	0.01413	0.01985	0.73997	0.03848	0.09609	0.01050	0.00596	0.00160	0.00240	0.00924	0.00551	0.00474
12	0.17967	0.02571	0.01179	0.00921	0.01286	0.01066	0.00757	0.16154	0.12240	0.38299	0.01589	0.01462	0.01074	0.00597	0.00468	0.00157	0.00444	0.00458	0.00521	0.00788
13	0.00734	0.00496	0.00579	0.00579	0.00589	0.00505	0.00341	0.00753	0.00744	0.01001	0.01568	0.03170	0.01778	0.73967	0.10753	0.00524	0.00581	0.00715	0.00303	0.00322
14	0.00732	0.00505	0.00627	0.00627	0.00653	0.00531	0.00400	0.00784	0.00758	0.01036	0.01524	0.02927	0.01673	0.59578	0.24998	0.00583	0.00740	0.00679	0.00296	0.00348
15	0.01106	0.01106	0.01549	0.01328	0.01328	0.01549	0.01106	0.01217	0.00774	0.01217	0.00664	0.01106	0.00664	0.00885	0.01659	0.00221	0.81303	0.00443	0.00221	0.00553
16	0.01014	0.02616	0.79609	0.01441	0.02189	0.01174	0.01868	0.01601	0.01068	0.01601	0.00907	0.01068	0.00641	0.00480	0.00480	0.00160	0.00747	0.00374	0.00214	0.00747
17	0.00723	0.00539	0.00796	0.00796	0.00881	0.00623	0.00612	0.00892	0.00808	0.01162	0.01369	0.02069	0.01300	0.08701	0.75366	0.00793	0.01300	0.00554	0.00273	0.00442
18	0.00979	0.00923	0.01560	0.74667	0.09640	0.01130	0.01416	0.01313	0.01023	0.01321	0.00903	0.01340	0.00684	0.00501	0.00505	0.00167	0.00668	0.00449	0.00227	0.00581
19	0.01668	0.23988	0.20200	0.01083	0.02901	0.02828	0.01077	0.07114	0.01299	0.31163	0.01283	0.01255	0.00893	0.00531	0.00449	0.00143	0.00557	0.00402	0.00393	0.00769
20	0.74055	0.01084	0.00848	0.00741	0.01060	0.04716	0.00606	0.08739	0.01031	0.02310	0.00756	0.00863	0.00582	0.00485	0.00338	0.00155	0.00430	0.00293	0.00329	0.00579
21	0.00716	0.00517	0.00676	0.00636	0.00755	0.00477	0.00477	0.00954	0.01431	0.02028	0.78808	0.03777	0.04771	0.01034	0.00596	0.00159	0.00239	0.00914	0.00557	0.00477
22	0.01352	0.82533	0.02650	0.00865	0.01298	0.02001	0.00865	0.01514	0.01027	0.01190	0.00703	0.00811	0.00649	0.00433	0.00324	0.00108	0.00541	0.00270	0.00216	0.00649
23	0.00878	0.00439	0.00659	0.00659	0.00659	0.00439	0.00439	0.00659	0.00659	0.00878	0.00878	0.01537	0.00878	0.01757	0.01976	0.85288	0.00439	0.00439	0.00220	0.00220
24	0.00716	0.00517	0.00676	0.00636	0.00755	0.00477	0.00477	0.00954	0.01431	0.02028	0.78808	0.03777	0.04771	0.01034	0.00596	0.00159	0.00239	0.00914	0.00557	0.00477
25	0.00735	0.00490	0.00552	0.00552	0.00552	0.00490	0.00306	0.00735	0.00735	0.00980	0.01593	0.03309	0.01838	0.82229	0.02574	0.00490	0.00490	0.00735	0.00306	0.00306
26	0.00708	0.00517	0.00665	0.00628	0.00751	0.00474	0.00471	0.00939	0.01413	0.01984	0.73913	0.03850	0.09693	0.01050	0.00596	0.00160	0.00240	0.00925	0.00551	0.00474
27	0.01367	0.80344	0.02617	0.00877	0.01305	0.04138	0.00868	0.01528	0.01039	0.01191	0.00705	0.00814	0.00649	0.00435	0.00328	0.00109	0.00551	0.00272	0.00218	0.00647
28	0.01106	0.01106	0.01549	0.01328	0.01328	0.01549	0.01106	0.01217	0.00774	0.01217	0.00664	0.01106	0.00664	0.00885	0.01659	0.00221	0.81303	0.00443	0.00221	0.00553
29	0.01055	0.00895	0.01119	0.00903	0.04775	0.00727	0.03527	0.04370	0.01105	0.01678	0.01169	0.04977	0.03158	0.02469	0.00466	0.00105	0.00401	0.00415	0.03230	0.63454
30	0.01865	0.01361	0.01456	0.01123	0.01511	0.01504	0.00925	0.72915	0.02300	0.03110	0.01240	0.01253	0.00886	0.00606	0.00497	0.00150	0.00538	0.00456	0.05468	0.00837
31	0.00724	0.00536	0.00782	0.00782	0.00861	0.00615	0.00594	0.00883	0.00804	0.01151	0.01383	0.02143	0.01332	0.13053	0.71057	0.00775	0.01252	0.00565	0.00275	0.00434
32	0.01102	0.01108	0.01689	0.06791	0.01609	0.01465	0.09920	0.01268	0.00845	0.01284	0.00743	0.01170	0.00691	0.00800	0.01429	0.00209	0.64718	0.00461	0.02131	0.00567
33	0.00955	0.00899	0.01517	0.81013	0.03483	0.01123	0.01404	0.01292	0.01011	0.01292	0.00899	0.01348	0.00674	0.00506	0.00506	0.00169	0.00674	0.00449	0.00225	0.00562
34	0.01161	0.00911	0.01125	0.00809	0.01256	0.00701	0.03213	0.01390	0.01089	0.08492	0.00999	0.01118	0.00794	0.00398	0.00394	0.00085	0.00396	0.00328	0.00327	0.75014
35	0.85801	0.00978	0.00743	0.00665	0.00978	0.01134	0.00548	0.01486	0.00861	0.02269	0.00704	0.00821	0.00548	0.00469	0.00313	0.00156	0.00391	0.00274	0.00313	0.00548
36	0.01744	0.02059	0.01370	0.01233	0.01506	0.58407	0.00935	0.05549	0.19234	0.01528	0.01096	0.01151	0.00867	0.00563	0.00472	0.00141	0.00778	0.00388	0.00330	0.00648
37	0.00979	0.00828	0.00973	0.00737	0.01123	0.00633	0.00576	0.01183	0.01041	0.01593	0.01261	0.11855	0.03173	0.00559	0.00416	0.00095	0.00361	0.00471	0.00327	0.71817
38	0.00722	0.00542	0.00813	0.00813	0.00903	0.00632	0.00632	0.00903	0.00813	0.01174	0.01354	0.01987	0.01264	0.03792	0.80225	0.00813	0.01354	0.00542	0.00271	0.00451
39	0.82569	0.00995	0.00773	0.00684	0.01001	0.01151	0.00564	0.04411	0.00919	0.02304	0.00724	0.00837	0.00560	0.00475	0.00320	0.00156	0.00398	0.00281	0.00320	0.00560
40	0.01352	0.82533	0.02650	0.00865	0.01298	0.02001	0.00865	0.01514	0.01027	0.01190	0.00703	0.00811	0.00649	0.00433	0.00324	0.00108	0.00541	0.00270	0.00216	0.00649
41	0.05506	0.01351	0.07911	0.03269	0.12953	0.10602	0.00991	0.21120	0.08181	0.05753	0.03566	0.01879	0.13390	0.00679	0.00505	0.00155	0.00542	0.00544	0.00400	0.00704
42	0.01008	0.00953	0.01103	0.11138	0.07811	0.11650	0.00813	0.01147	0.00922	0.01183	0.01171	0.01995	0.01169	0.26593	0.18519	0.00407	0.11131	0.00540	0.00267	0.00481
43	0.85801	0.00978	0.00743	0.00665	0.00978	0.01134	0.00548	0.01486	0.00861	0.02269	0.00704	0.00821	0.00548	0.00469	0.00313	0.00156	0.00391	0.00274	0.00313	0.00548
44	0.02170	0.00901	0.01184	0.00921	0.01304	0.00819	0.00756	0.05370	0.07996	0.69923	0.01970	0.01716	0.01261	0.00630	0.00509	0.00158	0.00433	0.00512	0.00612	0.00855
45	0.00735	0.00494	0.00568	0.00568	0.00574	0.00499	0.00327	0.00746	0.00740	0.00993	0.01578	0.03224	0.01801	0.77176	0.07576	0.00511	0.00546	0.00723	0.00304	0.00316
46	0.80951	0.00982	0.00803	0.03036	0.03285	0.01136	0.00601	0.01483	0.00873	0.02223	0.00717	0.00849	0.00559	0.00470	0.00324	0.00157	0.00405	0.00284	0.00309	0.00555
47	0.01352	0.82533	0.02650	0.00865	0.01298	0.02001	0.00865	0.01514	0.01027	0.01190	0.00703	0.00811	0.00649	0.00433	0.00324	0.00108	0.00541	0.00270	0.00216	0.00649
48	0.01889	0.02410	0.01433	0.01303	0.01563	0.80199	0.00977	0.02019	0.01433	0.01238	0.00782	0.00912	0.00651	0.00521	0.00456	0.00130	0.00912	0.00326	0.00261	0.00586

[dist]
# distance from previous block
# <min> <max>
0	1

[block]
# block no. 3 follows, 49 sequences, length 8
# corresponding to MSA columns:
# 521-528
name=unknown_D
#
# <colnr> <probs for GDERKNQSTAVLIFYWHMCP>
#	G	D	E	R	K	N	Q	S	T	A	V	L	I	F	Y	W	H	M	C	P
0	0.01194	0.01364	0.02984	0.02131	0.02643	0.01279	0.77238	0.01620	0.01194	0.01620	0.01023	0.01364	0.00767	0.00426	0.00597	0.00171	0.00853	0.00597	0.00256	0.00682
1	0.00784	0.00486	0.00533	0.00533	0.00560	0.00486	0.00317	0.00840	0.00812	0.01194	0.01607	0.02974	0.01711	0.62997	0.02051	0.00403	0.00430	0.00673	0.20266	0.00345
2	0.00903	0.00803	0.01289	0.62059	0.02792	0.00974	0.01146	0.01161	0.00946	0.01219	0.01062	0.01810	0.00948	0.19757	0.00993	0.00244	0.00631	0.00517	0.00244	0.00502
3	0.00821	0.00643	0.00828	0.00775	0.00790	0.00762	0.00546	0.00875	0.00757	0.01067	0.01337	0.02582	0.01471	0.50739	0.14562	0.00478	0.19663	0.00636	0.00281	0.00387
4	0.01258	0.01086	0.01143	0.01029	0.01315	0.01258	0.00800	0.02687	0.78161	0.02115	0.02058	0.01887	0.01544	0.00686	0.00515	0.00172	0.00400	0.00572	0.00515	0.00800
5	0.01010	0.00547	0.00726	0.00736	0.00863	0.00493	0.00530	0.01133	0.01115	0.19740	0.06760	0.54775	0.06936	0.01313	0.00608	0.00190	0.00321	0.01171	0.00511	0.00521
6	0.00625	0.00444	0.00584	0.00693	0.00720	0.00417	0.00458	0.00706	0.00951	0.01268	0.02700	0.76176	0.03235	0.07457	0.00786	0.00226	0.00308	0.01386	0.00458	0.00403
7	0.01055	0.00593	0.00632	0.00582	0.00715	0.00605	0.00424	0.09295	0.01141	0.05076	0.01604	0.02142	0.01375	0.19825	0.00899	0.00211	0.00338	0.00533	0.52464	0.00490

[dist]
# distance from previous block
# <min> <max>
0	13

[block]
# block no. 4 follows, 49 sequences, length 188
# corresponding to MSA columns:
# 542-729
name=unknown_E
#
# <colnr> <probs for GDERKNQSTAVLIFYWHMCP>
#	G	D	E	R	K	N	Q	S	T	A	V	L	I	F	Y	W	H	M	C	P
0	0.00991	0.00937	0.01324	0.01168	0.01196	0.01270	0.00959	0.01125	0.00806	0.01232	0.03448	0.01429	0.00960	0.01662	0.22482	0.00376	0.57380	0.00485	0.00246	0.00524
1	0.02230	0.00869	0.01186	0.00914	0.01292	0.00770	0.00755	0.02423	0.01425	0.76822	0.01951	0.01701	0.01232	0.00634	0.00547	0.00159	0.03122	0.00506	0.00612	0.00850
2	0.02269	0.00861	0.01174	0.00900	0.01291	0.00743	0.00743	0.02464	0.01447	0.79425	0.01995	0.01721	0.01252	0.00626	0.00509	0.00156	0.00430	0.00509	0.00626	0.00861
3	0.00943	0.00471	0.00471	0.00471	0.00589	0.00471	0.00353	0.01178	0.01060	0.01885	0.01650	0.01885	0.01296	0.00589	0.00353	0.00118	0.00236	0.00471	0.85036	0.00471
4	0.01014	0.02616	0.79609	0.01441	0.02189	0.01174	0.01868	0.01601	0.01068	0.01601	0.00907	0.01068	0.00641	0.00480	0.00480	0.00160	0.00747	0.00374	0.00214	0.00747
5	0.02269	0.00861	0.01174	0.00900	0.01291	0.00743	0.00743	0.02464	0.01447	0.79425	0.01995	0.01721	0.01252	0.00626	0.00509	0.00156	0.00430	0.00509	0.00626	0.00861
6	0.01049	0.00899	0.01049	0.00749	0.01198	0.00674	0.00599	0.01273	0.01049	0.01648	0.00899	0.01049	0.00749	0.00374	0.00374	0.00075	0.00374	0.00300	0.00300	0.85320
7	0.00616	0.00440	0.00587	0.00704	0.00733	0.00411	0.00469	0.00704	0.00968	0.01291	0.02787	0.81899	0.03344	0.01584	0.00645	0.00205	0.00293	0.01438	0.00469	0.00411
8	0.00699	0.00516	0.00653	0.00619	0.00745	0.00470	0.00464	0.00922	0.01392	0.01934	0.68379	0.03931	0.15259	0.01069	0.00597	0.00161	0.00241	0.00936	0.00544	0.00470
9	0.00616	0.00442	0.00585	0.00699	0.00732	0.00411	0.00467	0.00705	0.00973	0.01293	0.02845	0.79986	0.05220	0.01577	0.00644	0.00205	0.00292	0.01428	0.00469	0.00411
10	0.01094	0.01140	0.11977	0.00857	0.01342	0.00758	0.00785	0.01392	0.02646	0.04549	0.00965	0.01093	0.00769	0.00405	0.00397	0.00092	0.00429	0.00323	0.00304	0.68683
11	0.00616	0.00440	0.00587	0.00704	0.00733	0.00411	0.00469	0.00704	0.00968	0.01291	0.02787	0.81899	0.03344	0.01584	0.00645	0.00205	0.00293	0.01438	0.00469	0.00411
12	0.85801	0.00978	0.00743	0.00665	0.00978	0.01134	0.00548	0.01486	0.00861	0.02269	0.00704	0.00821	0.00548	0.00469	0.00313	0.00156	0.00391	0.00274	0.00313	0.00548
13	0.85801	0.00978	0.00743	0.00665	0.00978	0.01134	0.00548	0.01486	0.00861	0.02269	0.00704	0.00821	0.00548	0.00469	0.00313	0.00156	0.00391	0.00274	0.00313	0.00548
14	0.00729	0.00517	0.00689	0.00689	0.00736	0.00565	0.00478	0.00823	0.00776	0.01082	0.01468	0.02614	0.01536	0.40991	0.43399	0.00660	0.00945	0.00634	0.00288	0.00383
15	0.01142	0.01002	0.01026	0.00938	0.01198	0.03063	0.00728	0.02271	0.60324	0.01941	0.02610	0.02495	0.15949	0.00807	0.00532	0.00172	0.00388	0.02196	0.00499	0.00719
16	0.00722	0.00542	0.00813	0.00813	0.00903	0.00632	0.00632	0.00903	0.00813	0.01174	0.01354	0.01987	0.01264	0.03792	0.80225	0.00813	0.01354	0.00542	0.00271	0.00451
17	0.85801	0.00978	0.00743	0.00665	0.00978	0.01134	0.00548	0.01486	0.00861	0.02269	0.00704	0.00821	0.00548	0.00469	0.00313	0.00156	0.00391	0.00274	0.00313	0.00548
18	0.01076	0.08286	0.58384	0.01538	0.02215	0.01257	0.17060	0.01599	0.01090	0.01575	0.00916	0.01109	0.00667	0.00466	0.00492	0.00158	0.00753	0.00411	0.00222	0.00727
19	0.01404	0.01498	0.01883	0.04631	0.57652	0.21074	0.01404	0.01663	0.01219	0.01539	0.00907	0.01169	0.00760	0.00470	0.00490	0.00146	0.00681	0.00419	0.00252	0.00741
20	0.01066	0.00590	0.00603	0.00558	0.00712	0.00609	0.00430	0.10738	0.01226	0.02049	0.01595	0.01801	0.01241	0.00591	0.00373	0.00122	0.00276	0.00469	0.74432	0.00520
21	0.00644	0.00466	0.00614	0.00715	0.00769	0.00436	0.00506	0.00761	0.01030	0.01365	0.07289	0.63173	0.08379	0.01510	0.00646	0.00204	0.00308	0.10288	0.00474	0.00422
22	0.00735	0.00490	0.00552	0.00552	0.00552	0.00490	0.00306	0.00735	0.00735	0.00980	0.01593	0.03309	0.01838	0.82229	0.02574	0.00490	0.00490	0.00735	0.00306	0.00306
23	0.00639	0.00462	0.00606	0.00692	0.00747	0.00429	0.00480	0.00759	0.01059	0.01420	0.14863	0.62212	0.07704	0.01473	0.00637	0.00197	0.00290	0.04422	0.00483	0.00424
24	0.01340	0.00655	0.00876	0.00742	0.00971	0.00584	0.00584	0.01561	0.01438	0.33116	0.47954	0.02951	0.03358	0.00870	0.00561	0.00158	0.00316	0.00751	0.00584	0.00631
25	0.01889	0.02410	0.01433	0.01303	0.01563	0.80199	0.00977	0.02019	0.01433	0.01238	0.00782	0.00912	0.00651	0.00521	0.00456	0.00130	0.00912	0.00326	0.00261	0.00586
26	0.01352	0.82533	0.02650	0.00865	0.01298	0.02001	0.00865	0.01514	0.01027	0.01190	0.00703	0.00811	0.00649	0.00433	0.00324	0.00108	0.00541	0.00270	0.00216	0.00649
27	0.00878	0.00439	0.00659	0.00659	0.00659	0.00439	0.00439	0.00659	0.00659	0.00878	0.00878	0.01537	0.00878	0.01757	0.01976	0.85288	0.00439	0.00439	0.00220	0.00220
28	0.01106	0.01106	0.01549	0.01328	0.01328	0.01549	0.01106	0.01217	0.00774	0.01217	0.00664	0.01106	0.00664	0.00885	0.01659	0.00221	0.81303	0.00443	0.00221	0.00553
29	0.02269	0.00861	0.01174	0.00900	0.01291	0.00743	0.00743	0.02464	0.01447	0.79425	0.01995	0.01721	0.01252	0.00626	0.00509	0.00156	0.00430	0.00509	0.00626	0.00861
30	0.34556	0.01196	0.01186	0.00946	0.01314	0.01326	0.00781	0.41183	0.01705	0.09650	0.01086	0.01107	0.00774	0.00555	0.00431	0.00154	0.00481	0.00390	0.00442	0.00739
31	0.00616	0.00440	0.00587	0.00704	0.00733	0.00411	0.00469	0.00704	0.00968	0.01291	0.02787	0.81899	0.03344	0.01584	0.00645	0.00205	0.00293	0.01438	0.00469	0.00411
32	0.00716	0.00517	0.00676	0.00636	0.00755	0.00477	0.00477	0.00954	0.01431	0.02028	0.78808	0.03777	0.04771	0.01034	0.00596	0.00159	0.00239	0.00914	0.00557	0.00477
33	0.01128	0.00929	0.01080	0.00777	0.01223	0.00730	0.00624	0.05898	0.01138	0.03429	0.00942	0.01073	0.00767	0.00394	0.00385	0.00081	0.00387	0.00314	0.00319	0.78384
34	0.00678	0.00503	0.00632	0.00626	0.00739	0.00457	0.00460	0.00873	0.01305	0.01789	0.53232	0.17012	0.17488	0.01169	0.00605	0.00169	0.00251	0.01029	0.00527	0.00457
35	0.00616	0.00440	0.00587	0.00704	0.00733	0.00411	0.00469	0.00704	0.00968	0.01291	0.02787	0.81899	0.03344	0.01584	0.00645	0.00205	0.00293	0.01438	0.00469	0.00411
36	0.00622	0.00444	0.00593	0.00710	0.00742	0.00415	0.00479	0.00714	0.00974	0.01297	0.02784	0.79776	0.03332	0.01579	0.00647	0.00206	0.00298	0.03506	0.00469	0.00412
37	0.09566	0.00871	0.01136	0.00879	0.01264	0.00777	0.00726	0.02379	0.01396	0.72684	0.01882	0.01643	0.01190	0.00612	0.00491	0.00156	0.00427	0.00488	0.00599	0.00833
38	0.03920	0.00940	0.01213	0.00932	0.01323	0.00866	0.00770	0.12891	0.01565	0.67225	0.01860	0.01632	0.01183	0.00620	0.00504	0.00156	0.00447	0.00496	0.00603	0.00854
39	0.01268	0.01207	0.02039	0.03056	0.77150	0.01211	0.01537	0.03435	0.01182	0.01690	0.00958	0.01251	0.00802	0.00454	0.00501	0.00150	0.00600	0.00451	0.00257	0.00802
40	0.00722	0.00542	0.00813	0.00813	0.00903	0.00632	0.00632	0.00903	0.00813	0.01174	0.01354	0.01987	0.01264	0.03792	0.80225	0.00813	0.01354	0.00542	0.00271	0.00451
41	0.00961	0.00907	0.01518	0.77913	0.03399	0.01140	0.01393	0.01289	0.01002	0.01289	0.00890	0.01339	0.00674	0.00520	0.00550	0.00171	0.03811	0.00449	0.00225	0.00561
42	0.01055	0.00909	0.01110	0.09698	0.01460	0.00741	0.00696	0.02714	0.01070	0.01637	0.00905	0.01085	0.00743	0.00393	0.00392	0.00087	0.00411	0.00319	0.00295	0.74282
43	0.00885	0.00775	0.01102	0.01009	0.01054	0.01007	0.00806	0.01022	0.00790	0.01177	0.01083	0.01722	0.01057	0.08853	0.40924	0.00538	0.34947	0.00516	0.00253	0.00483
44	0.83008	0.01026	0.00766	0.00686	0.00997	0.03766	0.00562	0.01504	0.00880	0.02234	0.00707	0.00824	0.00551	0.00471	0.00318	0.00156	0.00408	0.00276	0.00311	0.00549
45	0.00716	0.00517	0.00676	0.00636	0.00755	0.00477	0.00477	0.00954	0.01431	0.02028	0.78808	0.03777	0.04771	0.01034	0.00596	0.00159	0.00239	0.00914	0.00557	0.00477
46	0.00722	0.00542	0.00813	0.00813	0.00903	0.00632	0.00632	0.00903	0.00813	0.01174	0.01354	0.01987	0.01264	0.03792	0.80225	0.00813	0.01354	0.00542	0.00271	0.00451
47	0.01161	0.01123	0.03230	0.13355	0.56982	0.01134	0.01412	0.01523	0.05395	0.01627	0.03981	0.04685	0.01074	0.00540	0.00511	0.00157	0.00576	0.00513	0.00281	0.00739
48	0.04799	0.69717	0.02435	0.00953	0.03868	0.04810	0.00874	0.01509	0.01027	0.01247	0.00732	0.00890	0.00675	0.02166	0.00416	0.00123	0.02602	0.00293	0.00225	0.00638
49	0.02209	0.00957	0.01233	0.00946	0.01339	0.00887	0.00781	0.15481	0.01609	0.66180	0.01859	0.01633	0.01184	0.00623	0.00508	0.00156	0.00452	0.00499	0.00605	0.00860
50	0.00955	0.00899	0.01517	0.81013	0.03483	0.01123	0.01404	0.01292	0.01011	0.01292	0.00899	0.01348	0.00674	0.00506	0.00506	0.00169	0.00674	0.00449	0.00225	0.00562
51	0.01836	0.01360	0.01431	0.01112	0.01490	0.03109	0.00913	0.68701	0.03737	0.03029	0.01254	0.01271	0.00901	0.00605	0.00494	0.00149	0.00537	0.00456	0.06791	0.00824
52	0.00644	0.00531	0.00568	0.00562	0.00722	0.00466	0.00420	0.00838	0.04021	0.01511	0.18300	0.07878	0.59312	0.01227	0.00596	0.00170	0.00260	0.01037	0.00487	0.00449
53	0.00639	0.00458	0.00607	0.00688	0.00739	0.00426	0.00471	0.00762	0.01075	0.01461	0.20304	0.63898	0.03673	0.01457	0.00634	0.00195	0.00281	0.01317	0.00490	0.00426
54	0.00891	0.00557	0.00715	0.00654	0.00812	0.00502	0.00498	0.01107	0.01388	0.11516	0.58273	0.05115	0.13970	0.01026	0.00587	0.00161	0.00266	0.00894	0.00552	0.00517
55	0.00598	0.00512	0.00512	0.00512	0.00683	0.00427	0.00384	0.00726	0.01153	0.01366	0.05123	0.04866	0.78869	0.01281	0.00598	0.00171	0.00256	0.01067	0.00470	0.00427
56	0.01106	0.01106	0.01549	0.01328	0.01328	0.01549	0.01106	0.01217	0.00774	0.01217	0.00664	0.01106	0.00664	0.00885	0.01659	0.00221	0.81303	0.00443	0.00221	0.00553
57	0.01889	0.02410	0.01433	0.01303	0.01563	0.80199	0.00977	0.02019	0.01433	0.01238	0.00782	0.00912	0.00651	0.00521	0.00456	0.00130	0.00912	0.00326	0.00261	0.00586
58	0.00612	0.00458	0.00568	0.00657	0.00721	0.00415	0.00449	0.00709	0.01013	0.01309	0.03360	0.63010	0.21864	0.01510	0.00634	0.00197	0.00284	0.01347	0.00469	0.00415
59	0.02198	0.00917	0.01201	0.00927	0.01315	0.00834	0.00764	0.08836	0.04660	0.69792	0.01931	0.01685	0.01230	0.00627	0.00509	0.00157	0.00440	0.00507	0.00611	0.00858
60	0.01106	0.01106	0.01549	0.01328	0.01328	0.01549	0.01106	0.01217	0.00774	0.01217	0.00664	0.01106	0.00664	0.00885	0.01659	0.00221	0.81303	0.00443	0.00221	0.00553
61	0.01194	0.01364	0.02984	0.02131	0.02643	0.01279	0.77238	0.01620	0.01194	0.01620	0.01023	0.01364	0.00767	0.00426	0.00597	0.00171	0.00853	0.00597	0.00256	0.00682
62	0.85801	0.00978	0.00743	0.00665	0.00978	0.01134	0.00548	0.01486	0.00861	0.02269	0.00704	0.00821	0.00548	0.00469	0.00313	0.00156	0.00391	0.00274	0.00313	0.00548
63	0.00725	0.00515	0.00668	0.00629	0.00749	0.00477	0.00472	0.00963	0.01416	0.02022	0.75656	0.03700	0.04629	0.01016	0.00586	0.00157	0.00238	0.00896	0.04007	0.00477
64	0.01014	0.02616	0.79609	0.01441	0.02189	0.01174	0.01868	0.01601	0.01068	0.01601	0.00907	0.01068	0.00641	0.00480	0.00480	0.00160	0.00747	0.00374	0.00214	0.00747
65	0.01191	0.00927	0.01086	0.00785	0.01227	0.00733	0.00632	0.05954	0.01158	0.07474	0.00999	0.01108	0.00793	0.00407	0.00392	0.00086	0.00390	0.00324	0.00336	0.73997
66	0.08461	0.00869	0.01142	0.00882	0.01268	0.00772	0.00729	0.02392	0.01404	0.73705	0.01899	0.01654	0.01200	0.00614	0.00494	0.00156	0.00427	0.00491	0.00603	0.00837
67	0.01602	0.00913	0.01085	0.00897	0.01205	0.00918	0.00718	0.12609	0.20333	0.31795	0.13953	0.02255	0.07939	0.00752	0.00530	0.00161	0.00397	0.00623	0.00559	0.00753
68	0.01258	0.01086	0.01143	0.01029	0.01315	0.01258	0.00800	0.02687	0.78161	0.02115	0.02058	0.01887	0.01544	0.00686	0.00515	0.00172	0.00400	0.00572	0.00515	0.00800
69	0.00724	0.00534	0.00773	0.00773	0.00849	0.00610	0.00582	0.00877	0.00801	0.01144	0.01391	0.02190	0.01352	0.15857	0.68281	0.00763	0.01222	0.00572	0.00276	0.00429
70	0.03590	0.04432	0.04894	0.01588	0.16910	0.04090	0.10254	0.21181	0.05296	0.05202	0.01080	0.01223	0.00829	0.00522	0.00543	0.00146	0.04753	0.00437	0.00350	0.12681
71	0.01773	0.11877	0.01634	0.01265	0.01561	0.61011	0.04070	0.06574	0.01419	0.01366	0.00821	0.00960	0.00682	0.00583	0.02180	0.00145	0.00853	0.00343	0.00270	0.00612
72	0.00630	0.00447	0.00589	0.00697	0.00726	0.00421	0.00464	0.00714	0.00954	0.01271	0.02688	0.73885	0.03213	0.08107	0.00803	0.00229	0.00313	0.02992	0.00456	0.00403
73	0.85801	0.00978	0.00743	0.00665	0.00978	0.01134	0.00548	0.01486	0.00861	0.02269	0.00704	0.00821	0.00548	0.00469	0.00313	0.00156	0.00391	0.00274	0.00313	0.00548
74	0.00615	0.00444	0.00583	0.00693	0.00731	0.00412	0.00465	0.00705	0.00979	0.01295	0.02920	0.77523	0.07635	0.01567	0.00643	0.00203	0.00291	0.01417	0.00469	0.00412
75	0.01049	0.00899	0.01049	0.00749	0.01198	0.00674	0.00599	0.01273	0.01049	0.01648	0.00899	0.01049	0.00749	0.00374	0.00374	0.00075	0.00374	0.00300	0.00300	0.85320
76	0.01304	0.01027	0.01233	0.00920	0.01338	0.00922	0.04013	0.18942	0.04237	0.05585	0.01141	0.04176	0.00925	0.00499	0.00436	0.00109	0.00438	0.00411	0.00375	0.51973
77	0.03226	0.09709	0.59739	0.01425	0.02087	0.05278	0.08516	0.01614	0.01089	0.01564	0.00888	0.01057	0.00651	0.00473	0.00471	0.00155	0.00738	0.00380	0.00222	0.00719
78	0.00878	0.00439	0.00659	0.00659	0.00659	0.00439	0.00439	0.00659	0.00659	0.00878	0.00878	0.01537	0.00878	0.01757	0.01976	0.85288	0.00439	0.00439	0.00220	0.00220
79	0.00722	0.00542	0.00813	0.00813	0.00903	0.00632	0.00632	0.00903	0.00813	0.01174	0.01354	0.01987	0.01264	0.03792	0.80225	0.00813	0.01354	0.00542	0.00271	0.00451
80	0.81999	0.00988	0.00802	0.00775	0.04489	0.01137	0.00593	0.01489	0.00874	0.02241	0.00715	0.00841	0.00559	0.00469	0.00321	0.00156	0.00401	0.00282	0.00310	0.00559
81	0.02259	0.00876	0.01183	0.00907	0.01299	0.00766	0.00749	0.04552	0.01473	0.77301	0.01973	0.01707	0.01241	0.00625	0.00508	0.00156	0.00434	0.00507	0.00623	0.00861
82	0.00637	0.00456	0.00607	0.00699	0.00745	0.00426	0.00479	0.00753	0.01049	0.01417	0.15181	0.67267	0.03566	0.01490	0.00639	0.00198	0.00289	0.03195	0.00484	0.00423
83	0.16944	0.02308	0.64792	0.01295	0.01961	0.01167	0.01620	0.01580	0.01029	0.01727	0.00869	0.01021	0.00623	0.00478	0.00449	0.00159	0.00680	0.00355	0.00232	0.00710
84	0.00878	0.00439	0.00659	0.00659	0.00659	0.00439	0.00439	0.00659	0.00659	0.00878	0.00878	0.01537	0.00878	0.01757	0.01976	0.85288	0.00439	0.00439	0.00220	0.00220
85	0.00698	0.00516	0.00651	0.00617	0.00744	0.00470	0.00463	0.00920	0.01389	0.01927	0.67639	0.03942	0.16003	0.01071	0.00597	0.00161	0.00241	0.00938	0.00543	0.00470
86	0.00735	0.00490	0.00552	0.00552	0.00552	0.00490	0.00306	0.00735	0.00735	0.00980	0.01593	0.03309	0.01838	0.82229	0.02574	0.00490	0.00490	0.00735	0.00306	0.00306
87	0.01049	0.00899	0.01049	0.00749	0.01198	0.00674	0.00599	0.01273	0.01049	0.01648	0.00899	0.01049	0.00749	0.00374	0.00374	0.00075	0.00374	0.00300	0.00300	0.85320
88	0.01274	0.01543	0.16790	0.01172	0.01558	0.10091	0.03572	0.02332	0.50124	0.01889	0.01629	0.01580	0.01222	0.00612	0.00501	0.00163	0.00541	0.00500	0.00413	0.02493
89	0.00878	0.00439	0.00659	0.00659	0.00659	0.00439	0.00439	0.00659	0.00659	0.00878	0.00878	0.01537	0.00878	0.01757	0.01976	0.85288	0.00439	0.00439	0.00220	0.00220
90	0.02269	0.00861	0.01174	0.00900	0.01291	0.00743	0.00743	0.02464	0.01447	0.79425	0.01995	0.01721	0.01252	0.00626	0.00509	0.00156	0.00430	0.00509	0.00626	0.00861
91	0.00955	0.00899	0.01517	0.81013	0.03483	0.01123	0.01404	0.01292	0.01011	0.01292	0.00899	0.01348	0.00674	0.00506	0.00506	0.00169	0.00674	0.00449	0.00225	0.00562
92	0.01314	0.00988	0.01250	0.10815	0.10527	0.01086	0.00922	0.02185	0.41949	0.13238	0.03178	0.07402	0.01494	0.00698	0.00522	0.00169	0.00450	0.00601	0.00463	0.00747
93	0.01106	0.01106	0.01549	0.01328	0.01328	0.01549	0.01106	0.01217	0.00774	0.01217	0.00664	0.01106	0.00664	0.00885	0.01659	0.00221	0.81303	0.00443	0.00221	0.00553
94	0.02269	0.00861	0.01174	0.00900	0.01291	0.00743	0.00743	0.02464	0.01447	0.79425	0.01995	0.01721	0.01252	0.00626	0.00509	0.00156	0.00430	0.00509	0.00626	0.00861
95	0.00621	0.00442	0.00585	0.00698	0.00726	0.00414	0.00463	0.00705	0.00959	0.01278	0.02738	0.78689	0.03283	0.04878	0.00724	0.00217	0.00301	0.01409	0.00463	0.00406
96	0.01352	0.82533	0.02650	0.00865	0.01298	0.02001	0.00865	0.01514	0.01027	0.01190	0.00703	0.00811	0.00649	0.00433	0.00324	0.00108	0.00541	0.00270	0.00216	0.00649
97	0.01231	0.01115	0.01518	0.05638	0.32313	0.01203	0.01119	0.02106	0.40418	0.01871	0.01511	0.01571	0.01171	0.00570	0.00502	0.00159	0.00492	0.00505	0.00386	0.04601
98	0.85801	0.00978	0.00743	0.00665	0.00978	0.01134	0.00548	0.01486	0.00861	0.02269	0.00704	0.00821	0.00548	0.00469	0.00313	0.00156	0.00391	0.00274	0.00313	0.00548
99	0.01010	0.02548	0.76528	0.01440	0.02168	0.01161	0.03309	0.01584	0.01068	0.01596	0.00947	0.02697	0.00697	0.00502	0.00486	0.00161	0.00740	0.00399	0.00219	0.00739
100	0.02121	0.00894	0.01169	0.00919	0.01294	0.00819	0.00752	0.02497	0.12676	0.68109	0.02004	0.01745	0.01294	0.00635	0.00509	0.00159	0.00426	0.00518	0.00610	0.00852
101	0.00716	0.00517	0.00676	0.00636	0.00755	0.00477	0.00477	0.00954	0.01431	0.02028	0.78808	0.03777	0.04771	0.01034	0.00596	0.00159	0.00239	0.00914	0.00557	0.00477
102	0.01889	0.02410	0.01433	0.01303	0.01563	0.80199	0.00977	0.02019	0.01433	0.01238	0.00782	0.00912	0.00651	0.00521	0.00456	0.00130	0.00912	0.00326	0.00261	0.00586
103	0.00737	0.00577	0.00712	0.00679	0.00768	0.00587	0.00492	0.00869	0.01085	0.01478	0.27537	0.12080	0.18467	0.19279	0.01157	0.00245	0.09338	0.00895	0.00429	0.02587
104	0.00616	0.00440	0.00587	0.00704	0.00733	0.00411	0.00469	0.00704	0.00968	0.01291	0.02787	0.81899	0.03344	0.01584	0.00645	0.00205	0.00293	0.01438	0.00469	0.00411
105	0.01252	0.01201	0.02053	0.03104	0.79074	0.01201	0.01552	0.01552	0.01151	0.01652	0.00951	0.01252	0.00801	0.00451	0.00501	0.00150	0.00601	0.00451	0.00250	0.00801
106	0.83703	0.00989	0.00763	0.00677	0.00993	0.01145	0.00558	0.03385	0.00899	0.02292	0.00717	0.00831	0.00555	0.00473	0.00318	0.00156	0.00395	0.00278	0.00318	0.00555
107	0.07804	0.00868	0.01145	0.00884	0.01270	0.00769	0.00730	0.02400	0.01408	0.74312	0.01909	0.01662	0.01205	0.00615	0.00496	0.00156	0.00428	0.00493	0.00605	0.00840
