[name]
unknown

[dist]
# distance from previous block
# <min> <max>
0	46

[block]
# block no. 0 follows, 46 sequences, length 83
# corresponding to MSA columns:
# 46-128
name=unknown_A
#
# <colnr> <probs for GDERKNQSTAVLIFYWHMCP>
#	G	D	E	R	K	N	Q	S	T	A	V	L	I	F	Y	W	H	M	C	P
0	0.01697	0.01077	0.01252	0.01043	0.01373	0.01124	0.00851	0.31176	0.11040	0.19858	0.03514	0.08488	0.01647	0.00840	0.00567	0.00176	0.00485	0.10172	0.00545	0.03074
1	0.06910	0.01050	0.01534	0.52851	0.06257	0.01235	0.01292	0.14426	0.01328	0.06587	0.01057	0.01368	0.00773	0.00550	0.00515	0.00171	0.00644	0.00462	0.00319	0.00671
2	0.00758	0.00519	0.00600	0.00597	0.00623	0.00517	0.00359	0.00795	0.00850	0.01136	0.06983	0.03507	0.06827	0.66173	0.07246	0.00490	0.00537	0.00790	0.00346	0.00350
3	0.01201	0.07348	0.12736	0.07656	0.01888	0.06644	0.12581	0.01477	0.01046	0.01458	0.00891	0.02651	0.00769	0.00645	0.00915	0.00175	0.27702	0.00456	0.00254	0.11508
4	0.00853	0.00564	0.00736	0.00680	0.00825	0.00516	0.00515	0.01096	0.01489	0.07215	0.70603	0.03839	0.06921	0.01060	0.00617	0.00166	0.00263	0.00932	0.00584	0.00524
5	0.50421	0.07259	0.09295	0.02788	0.01373	0.18132	0.00859	0.01684	0.01068	0.01962	0.00781	0.00918	0.00617	0.00502	0.00383	0.00155	0.00584	0.00313	0.00295	0.00611
6	0.79972	0.01051	0.00827	0.00728	0.01061	0.01214	0.00599	0.06217	0.00999	0.02432	0.00769	0.00884	0.00593	0.00500	0.00340	0.00163	0.00420	0.00298	0.00340	0.00593
7	0.01308	0.01256	0.02146	0.03245	0.78123	0.01256	0.01622	0.01622	0.01204	0.01727	0.00994	0.01308	0.00837	0.00471	0.00523	0.00157	0.00628	0.00471	0.00262	0.00837
8	0.03442	0.00688	0.00822	0.00735	0.00912	0.00677	0.00566	0.11660	0.01599	0.02253	0.59851	0.03554	0.09162	0.01017	0.00601	0.00166	0.00302	0.00879	0.00561	0.00554
9	0.00748	0.00540	0.00707	0.00665	0.00790	0.00499	0.00499	0.00998	0.01496	0.02120	0.77844	0.03949	0.04988	0.01081	0.00624	0.00166	0.00249	0.00956	0.00582	0.00499
10	0.01232	0.26365	0.32714	0.01672	0.11893	0.01513	0.14331	0.01643	0.01137	0.01553	0.00910	0.01113	0.00717	0.00473	0.00476	0.00151	0.00715	0.00408	0.00237	0.00746
11	0.22438	0.02966	0.01579	0.11574	0.15803	0.01312	0.07203	0.14016	0.07996	0.03550	0.02716	0.01319	0.00917	0.00564	0.00533	0.00167	0.03817	0.00456	0.00356	0.00719
12	0.00748	0.00540	0.00707	0.00665	0.00790	0.00499	0.00499	0.00998	0.01496	0.02120	0.77844	0.03949	0.04988	0.01081	0.00624	0.00166	0.00249	0.00956	0.00582	0.00499
13	0.01368	0.71522	0.12587	0.00982	0.01477	0.01980	0.01040	0.01595	0.01080	0.01299	0.00763	0.00883	0.00677	0.00459	0.00360	0.00120	0.00593	0.00297	0.00226	0.00692
14	0.00644	0.00460	0.00613	0.00736	0.00767	0.00429	0.00491	0.00736	0.01012	0.01350	0.02914	0.81076	0.03497	0.01656	0.00675	0.00215	0.00307	0.01503	0.00491	0.00429
15	0.00691	0.00487	0.00657	0.01970	0.00832	0.00479	0.00528	0.00812	0.01003	0.01379	0.02611	0.62846	0.03025	0.01866	0.10826	0.00291	0.00457	0.02981	0.05817	0.00443
16	0.01097	0.01034	0.01744	0.53342	0.23231	0.01192	0.03444	0.01471	0.03822	0.01482	0.01001	0.01407	0.00779	0.00543	0.00559	0.01787	0.00674	0.00479	0.00254	0.00659
17	0.01191	0.01111	0.01887	0.26202	0.50908	0.01182	0.01504	0.01483	0.01128	0.01564	0.00973	0.01357	0.00803	0.00573	0.00621	0.05428	0.00641	0.00470	0.00252	0.00724
18	0.01116	0.01060	0.01798	0.50994	0.31879	0.01205	0.01527	0.01454	0.01113	0.01493	0.00960	0.01371	0.00755	0.00507	0.00527	0.00169	0.00676	0.00470	0.00245	0.00682
19	0.01342	0.01238	0.01690	0.02918	0.04467	0.06059	0.07586	0.07858	0.01097	0.06316	0.00927	0.01280	0.00800	0.00968	0.05722	0.00242	0.48074	0.00481	0.00293	0.00643
20	0.01050	0.00650	0.00892	0.02754	0.04741	0.00675	0.00622	0.07604	0.05707	0.02702	0.01318	0.12201	0.01302	0.01517	0.01510	0.52961	0.00461	0.00611	0.00319	0.00404
21	0.08121	0.00944	0.01164	0.00945	0.01292	0.00901	0.02792	0.10316	0.07415	0.29057	0.07037	0.06675	0.01634	0.00741	0.00525	0.00160	0.00442	0.05526	0.00516	0.13796
22	0.01132	0.00591	0.00816	0.00759	0.00830	0.00597	0.00536	0.08169	0.00924	0.06921	0.01039	0.01589	0.00945	0.01632	0.01803	0.70146	0.00470	0.00466	0.00290	0.00344
23	0.00998	0.00940	0.01586	0.80150	0.03641	0.01175	0.01468	0.01351	0.01057	0.01351	0.00940	0.01409	0.00705	0.00529	0.00529	0.00176	0.00705	0.00470	0.00235	0.00587
24	0.00665	0.00469	0.00607	0.00709	0.00735	0.00443	0.00462	0.00742	0.00971	0.01295	0.02702	0.67937	0.03230	0.15158	0.01016	0.00265	0.00342	0.01379	0.00462	0.00411
25	0.01413	0.81739	0.02770	0.00905	0.01357	0.02092	0.00905	0.01583	0.01074	0.01244	0.00735	0.00848	0.00678	0.00452	0.00339	0.00113	0.00565	0.00283	0.00226	0.00678
26	0.00778	0.00559	0.00713	0.00692	0.00806	0.00529	0.00516	0.02520	0.01377	0.01915	0.55323	0.07101	0.06484	0.10776	0.00881	0.00217	0.00312	0.07486	0.00535	0.00480
27	0.00918	0.00459	0.00689	0.00689	0.00689	0.00459	0.00459	0.00689	0.00689	0.00918	0.00918	0.01607	0.00918	0.01837	0.02066	0.84619	0.00459	0.00459	0.00230	0.00230
28	0.01096	0.00940	0.01096	0.00783	0.01253	0.00705	0.00626	0.01331	0.01096	0.01723	0.00940	0.01096	0.00783	0.00392	0.00392	0.00078	0.00392	0.00313	0.00313	0.84653
29	0.00769	0.00513	0.00577	0.00577	0.00577	0.00513	0.00320	0.00769	0.00769	0.01025	0.01666	0.03460	0.01922	0.81421	0.02691	0.00513	0.00513	0.00769	0.00320	0.00320
30	0.01691	0.00756	0.00993	0.00850	0.01121	0.00682	0.00660	0.01923	0.05079	0.46028	0.04751	0.20971	0.04737	0.04822	0.00673	0.00193	0.00401	0.00811	0.02137	0.00720
31	0.11821	0.00653	0.00689	0.00639	0.00863	0.00599	0.00501	0.01149	0.01231	0.12509	0.09644	0.04022	0.48869	0.01117	0.00577	0.00176	0.00318	0.03589	0.00500	0.00532
32	0.00700	0.00508	0.00655	0.00748	0.00810	0.00480	0.00522	0.03030	0.01101	0.01457	0.05724	0.65630	0.08941	0.01569	0.00668	0.00210	0.00321	0.05979	0.00495	0.00451
33	0.00755	0.00566	0.00850	0.00850	0.00944	0.00661	0.00661	0.00944	0.00850	0.01227	0.01416	0.02077	0.01322	0.03965	0.79326	0.00850	0.01416	0.00566	0.00283	0.00472
34	0.25965	0.00942	0.01040	0.00859	0.01192	0.00958	0.00696	0.08868	0.05515	0.33438	0.09147	0.04740	0.01523	0.00688	0.00484	0.00165	0.00419	0.00538	0.02086	0.00736
35	0.02578	0.00629	0.00772	0.00749	0.00902	0.00601	0.00548	0.01284	0.08223	0.13288	0.19395	0.29486	0.11560	0.06576	0.00752	0.00208	0.00337	0.01036	0.00526	0.00551
36	0.02795	0.00472	0.00691	0.00689	0.00696	0.00475	0.00462	0.00708	0.00693	0.00951	0.00914	0.01590	0.00911	0.01807	0.02027	0.82738	0.00458	0.00455	0.00232	0.00237
37	0.00780	0.00511	0.00670	0.00737	0.00819	0.00470	0.00520	0.00907	0.01125	0.06621	0.11604	0.57930	0.09042	0.01491	0.00658	0.00204	0.00315	0.04611	0.00512	0.00473
38	0.01087	0.00779	0.00901	0.00835	0.01020	0.00809	0.00622	0.08597	0.19937	0.07038	0.18503	0.19933	0.07110	0.09393	0.00813	0.00216	0.00377	0.00904	0.00519	0.00610
39	0.06759	0.00811	0.00928	0.00869	0.01086	0.00855	0.00674	0.01792	0.27663	0.10046	0.18758	0.14060	0.05665	0.00993	0.00580	0.00184	0.00368	0.06727	0.00533	0.00651
40	0.03233	0.00660	0.00760	0.00681	0.00894	0.00604	0.00528	0.05826	0.01414	0.12679	0.27720	0.03909	0.36900	0.01093	0.00597	0.00171	0.00311	0.00920	0.00541	0.00559
41	0.01036	0.00598	0.00791	0.00719	0.00885	0.00544	0.00545	0.01258	0.01441	0.15956	0.55816	0.10234	0.04119	0.02861	0.00658	0.00178	0.00297	0.00922	0.00581	0.00562
42	0.01111	0.00953	0.01103	0.00803	0.01261	0.00746	0.00641	0.01430	0.06192	0.01755	0.01021	0.01155	0.00839	0.00413	0.00401	0.00085	0.00393	0.00332	0.00328	0.79038
43	0.01883	0.01319	0.01595	0.06512	0.01772	0.01427	0.05675	0.51352	0.04803	0.13626	0.01386	0.01413	0.00976	0.00721	0.02891	0.00183	0.00610	0.00500	0.00504	0.00852
44	0.00637	0.00488	0.00584	0.00661	0.00747	0.00436	0.00457	0.00745	0.01085	0.01379	0.03833	0.52453	0.31526	0.01537	0.00656	0.00201	0.00292	0.01357	0.00491	0.00436
45	0.01398	0.77881	0.04814	0.00931	0.01383	0.02058	0.00938	0.01579	0.01070	0.01256	0.00740	0.00862	0.00679	0.00464	0.00373	0.00117	0.02263	0.00289	0.00226	0.00679
46	0.00840	0.00606	0.00671	0.00631	0.00724	0.00584	0.00408	0.05864	0.00996	0.01312	0.02335	0.06715	0.16032	0.52674	0.01933	0.00387	0.00455	0.00816	0.00373	0.05644
47	0.12190	0.00961	0.01025	0.00917	0.01187	0.01055	0.00715	0.05042	0.38910	0.08784	0.13608	0.06682	0.05098	0.00812	0.00534	0.00175	0.00388	0.00673	0.00522	0.00720
48	0.01413	0.81739	0.02770	0.00905	0.01357	0.02092	0.00905	0.01583	0.01074	0.01244	0.00735	0.00848	0.00678	0.00452	0.00339	0.00113	0.00565	0.00283	0.00226	0.00678
49	0.05091	0.00967	0.01251	0.00962	0.01370	0.00884	0.00795	0.10520	0.01598	0.67827	0.01952	0.01711	0.01240	0.00647	0.00525	0.00163	0.00463	0.00517	0.00630	0.00889
50	0.14020	0.00742	0.00837	0.00781	0.00971	0.00753	0.00579	0.06059	0.05746	0.15764	0.03822	0.27735	0.03779	0.12319	0.00849	0.00229	0.00397	0.00865	0.03174	0.00580
51	0.00635	0.00536	0.00550	0.00546	0.00720	0.00451	0.00410	0.00778	0.01229	0.01485	0.11357	0.04993	0.71872	0.01317	0.00625	0.00178	0.00266	0.01103	0.00498	0.00451
52	0.00858	0.00568	0.00722	0.00667	0.00823	0.00513	0.00506	0.01087	0.01454	0.08077	0.60903	0.03950	0.15690	0.01086	0.00616	0.00168	0.00268	0.00946	0.00574	0.00523
53	0.00673	0.00473	0.00607	0.00700	0.00726	0.00449	0.00454	0.00749	0.00970	0.01296	0.04253	0.62630	0.03188	0.18898	0.01110	0.00278	0.00350	0.01332	0.00456	0.00407
54	0.73222	0.01005	0.00842	0.00731	0.01070	0.01127	0.00602	0.01701	0.00988	0.13344	0.00931	0.00994	0.00679	0.00514	0.00357	0.00164	0.00415	0.00322	0.00374	0.00620
55	0.43328	0.00898	0.00899	0.00758	0.01080	0.00935	0.00618	0.01831	0.01171	0.28134	0.07016	0.01506	0.01220	0.00601	0.00422	0.00160	0.00397	0.00438	0.07918	0.00671
56	0.00689	0.00518	0.00644	0.00730	0.00801	0.00493	0.00502	0.00884	0.06151	0.01436	0.04921	0.63581	0.13611	0.01537	0.00658	0.00206	0.00308	0.01377	0.00496	0.00461
57	0.01273	0.00787	0.00963	0.00825	0.01051	0.00773	0.00644	0.16578	0.01652	0.15266	0.42112	0.07813	0.04662	0.02408	0.00629	0.00174	0.00360	0.00819	0.00571	0.00640
58	0.01730	0.00799	0.01048	0.00866	0.01163	0.00730	0.00690	0.04780	0.04956	0.45250	0.22760	0.08679	0.02483	0.00852	0.00568	0.00169	0.00387	0.00725	0.00612	0.00750
59	0.04124	0.00756	0.00874	0.00821	0.00976	0.00780	0.00593	0.14444	0.06603	0.07580	0.05282	0.32206	0.02350	0.18881	0.01059	0.00260	0.00421	0.00956	0.00473	0.00560
60	0.01157	0.01157	0.01619	0.01388	0.01388	0.01619	0.01157	0.01272	0.00810	0.01272	0.00694	0.01157	0.00694	0.00925	0.01735	0.00231	0.80453	0.00463	0.00231	0.00578
61	0.00685	0.00566	0.00591	0.00574	0.00753	0.00491	0.00434	0.03160	0.01284	0.01580	0.14887	0.04816	0.65778	0.01282	0.00622	0.00176	0.00275	0.01074	0.00504	0.00467
62	0.00644	0.00460	0.00613	0.00736	0.00767	0.00429	0.00491	0.00736	0.01012	0.01350	0.02914	0.81076	0.03497	0.01656	0.00675	0.00215	0.00307	0.01503	0.00491	0.00429
63	0.01207	0.00693	0.00888	0.00775	0.00988	0.00654	0.00603	0.03064	0.07637	0.20354	0.52102	0.03222	0.03755	0.00941	0.00593	0.00167	0.00318	0.00816	0.00595	0.00630
64	0.02684	0.00496	0.00618	0.00652	0.00676	0.00489	0.00415	0.00772	0.00852	0.01172	0.03179	0.25567	0.03718	0.32349	0.01770	0.20676	0.00422	0.00901	0.02247	0.00345
65	0.00644	0.00460	0.00613	0.00736	0.00767	0.00429	0.00491	0.00736	0.01012	0.01350	0.02914	0.81076	0.03497	0.01656	0.00675	0.00215	0.00307	0.01503	0.00491	0.00429
66	0.00769	0.00513	0.00577	0.00577	0.00577	0.00513	0.00320	0.00769	0.00769	0.01025	0.01666	0.03460	0.01922	0.81421	0.02691	0.00513	0.00513	0.00769	0.00320	0.00320
67	0.01361	0.01159	0.01222	0.01085	0.01392	0.01337	0.00848	0.07736	0.72166	0.02287	0.02093	0.01925	0.01566	0.00712	0.00537	0.00178	0.00429	0.00590	0.00537	0.00841
68	0.06788	0.00818	0.01052	0.00851	0.01177	0.00743	0.00688	0.02087	0.04097	0.50589	0.19960	0.02374	0.04888	0.00772	0.00545	0.00165	0.00393	0.00640	0.00608	0.00768
69	0.00918	0.00459	0.00689	0.00689	0.00689	0.00459	0.00459	0.00689	0.00689	0.00918	0.00918	0.01607	0.00918	0.01837	0.02066	0.84619	0.00459	0.00459	0.00230	0.00230
70	0.01990	0.01443	0.01553	0.01194	0.01607	0.01590	0.00983	0.72643	0.02420	0.05265	0.01300	0.01334	0.00934	0.02523	0.00579	0.00167	0.00577	0.00484	0.00527	0.00886
71	0.00744	0.00540	0.00701	0.00660	0.00787	0.00497	0.00495	0.00989	0.01486	0.02095	0.75246	0.03990	0.07602	0.01090	0.00624	0.00167	0.00250	0.00962	0.00579	0.00497
72	0.01406	0.79977	0.04463	0.00918	0.01378	0.02073	0.00928	0.01585	0.01075	0.01253	0.00740	0.00854	0.00678	0.00453	0.00343	0.00114	0.00570	0.00285	0.00226	0.00681
73	0.00769	0.00513	0.00577	0.00577	0.00577	0.00513	0.00320	0.00769	0.00769	0.01025	0.01666	0.03460	0.01922	0.81421	0.02691	0.00513	0.00513	0.00769	0.00320	0.00320
74	0.03108	0.01160	0.01888	0.32217	0.46459	0.03018	0.01526	0.01529	0.01148	0.01589	0.00964	0.01328	0.00778	0.00495	0.00520	0.00164	0.00660	0.00463	0.00253	0.00732
75	0.01183	0.00586	0.00683	0.06888	0.00960	0.00587	0.00515	0.01431	0.01162	0.12747	0.01713	0.01902	0.01297	0.00614	0.00405	0.00133	0.00312	0.00496	0.65828	0.00558
76	0.00760	0.00509	0.00579	0.00588	0.00590	0.00507	0.00332	0.00767	0.00786	0.01048	0.01753	0.08865	0.02032	0.75866	0.02550	0.00492	0.00498	0.00820	0.00332	0.00328
77	0.00963	0.00635	0.00811	0.00740	0.00908	0.00602	0.00574	0.06169	0.01540	0.08098	0.60451	0.03754	0.06003	0.01047	0.00617	0.00171	0.00303	0.05483	0.00576	0.00555
78	0.13081	0.01271	0.02322	0.03463	0.03926	0.01363	0.42460	0.01547	0.01079	0.01671	0.00936	0.01293	0.00754	0.00649	0.02615	0.00203	0.19916	0.00529	0.00267	0.00656
79	0.00984	0.00627	0.00887	0.00839	0.00954	0.00693	0.00640	0.01140	0.00920	0.11187	0.01513	0.02234	0.01393	0.16483	0.52742	0.00676	0.04654	0.00591	0.00335	0.00506
80	0.03198	0.01550	0.06356	0.02905	0.01698	0.03695	0.01058	0.62907	0.06380	0.03055	0.01270	0.01286	0.00908	0.00624	0.00523	0.00160	0.00595	0.00470	0.00494	0.00869
81	0.01300	0.01252	0.02151	0.04970	0.75069	0.01256	0.02970	0.01618	0.01201	0.01718	0.00995	0.01313	0.00834	0.00472	0.00525	0.00158	0.00635	0.00474	0.00261	0.00829
82	0.02721	0.00605	0.00784	0.00705	0.00878	0.00554	0.00541	0.01244	0.01481	0.13682	0.63432	0.03581	0.05705	0.01009	0.00604	0.00166	0.00283	0.00881	0.00586	0.00560

[dist]
# distance from previous block
# <min> <max>
0	34

[block]
# block no. 1 follows, 46 sequences, length 32
# corresponding to MSA columns:
# 163-194
name=unknown_B
#
# <colnr> <probs for GDERKNQSTAVLIFYWHMCP>
#	G	D	E	R	K	N	Q	S	T	A	V	L	I	F	Y	W	H	M	C	P
0	0.01585	0.10490	0.01844	0.08059	0.25748	0.29375	0.01226	0.07550	0.04478	0.01622	0.00960	0.01159	0.00787	0.00533	0.00515	0.00149	0.02501	0.00409	0.00291	0.00719
1	0.05842	0.61811	0.02418	0.00963	0.01389	0.09127	0.00904	0.07888	0.01232	0.03153	0.00816	0.00914	0.00705	0.00482	0.00371	0.00123	0.00592	0.00310	0.00270	0.00690
2	0.00659	0.00562	0.00570	0.00564	0.00745	0.00486	0.00424	0.00856	0.04497	0.01488	0.07907	0.04911	0.71907	0.01302	0.00621	0.00178	0.00274	0.01087	0.00496	0.00465
3	0.01180	0.09699	0.01765	0.13418	0.01781	0.04271	0.04897	0.01359	0.00929	0.01316	0.00798	0.01208	0.00728	0.00843	0.03123	0.00217	0.49453	0.00452	0.01970	0.00594
4	0.01272	0.01132	0.06893	0.05741	0.01797	0.01037	0.22241	0.11506	0.01345	0.10128	0.03146	0.21164	0.01621	0.00841	0.00637	0.00182	0.03997	0.00781	0.03873	0.00667
5	0.02372	0.00900	0.01227	0.00941	0.01350	0.00777	0.00777	0.02576	0.01513	0.78489	0.02086	0.01799	0.01309	0.00654	0.00532	0.00164	0.00450	0.00532	0.00654	0.00900
6	0.01551	0.58297	0.02382	0.01027	0.01428	0.21512	0.00931	0.01769	0.04468	0.01298	0.00817	0.00923	0.00719	0.00487	0.00382	0.00122	0.00657	0.00311	0.00251	0.00669
7	0.04719	0.00898	0.01117	0.00899	0.01228	0.00857	0.00720	0.09554	0.06978	0.46498	0.10039	0.02091	0.01708	0.06912	0.00696	0.00190	0.00437	0.00585	0.03090	0.00784
8	0.00985	0.00493	0.00493	0.00493	0.00616	0.00493	0.00370	0.01232	0.01109	0.01971	0.01725	0.01971	0.01355	0.00616	0.00370	0.00123	0.00246	0.00493	0.84356	0.00493
9	0.01308	0.01256	0.02146	0.03245	0.78123	0.01256	0.01622	0.01622	0.01204	0.01727	0.00994	0.01308	0.00837	0.00471	0.00523	0.00157	0.00628	0.00471	0.00262	0.00837
10	0.00685	0.00538	0.00619	0.00598	0.00751	0.00472	0.00449	0.00875	0.01347	0.01764	0.40571	0.04534	0.42484	0.01213	0.00624	0.00173	0.00259	0.01038	0.00535	0.00472
11	0.01149	0.00983	0.01041	0.00949	0.01213	0.01098	0.00734	0.02306	0.57809	0.02070	0.09096	0.02671	0.14918	0.00854	0.00560	0.00178	0.00378	0.00716	0.00534	0.00742
12	0.01096	0.00940	0.01096	0.00783	0.01253	0.00705	0.00626	0.01331	0.01096	0.01723	0.00940	0.01096	0.00783	0.00392	0.00392	0.00078	0.00392	0.00313	0.00313	0.84653
13	0.02254	0.00919	0.01222	0.00944	0.01338	0.00821	0.00777	0.07577	0.01579	0.68957	0.06342	0.01885	0.01490	0.00677	0.00537	0.00163	0.00448	0.00552	0.00642	0.00877
14	0.01296	0.01243	0.02123	0.06422	0.75046	0.01253	0.01616	0.01611	0.01198	0.01712	0.00992	0.01313	0.00832	0.00473	0.00524	0.00158	0.00631	0.00471	0.00261	0.00827
15	0.00769	0.00513	0.00577	0.00577	0.00577	0.00513	0.00320	0.00769	0.00769	0.01025	0.01666	0.03460	0.01922	0.81421	0.02691	0.00513	0.00513	0.00769	0.00320	0.00320
16	0.01836	0.01325	0.01421	0.01114	0.01486	0.01458	0.00911	0.64625	0.02267	0.03094	0.01390	0.04676	0.01059	0.00675	0.00517	0.00157	0.00532	0.00521	0.10104	0.00833
17	0.85155	0.01022	0.00777	0.00695	0.01022	0.01186	0.00573	0.01554	0.00900	0.02372	0.00736	0.00859	0.00573	0.00491	0.00327	0.00164	0.00409	0.00286	0.00327	0.00573
18	0.01998	0.01409	0.01535	0.01175	0.01599	0.01527	0.00969	0.67002	0.02344	0.09386	0.01321	0.01305	0.00927	0.00625	0.00523	0.00155	0.00563	0.00473	0.00529	0.04632
19	0.01308	0.01256	0.02146	0.03245	0.78123	0.01256	0.01622	0.01622	0.01204	0.01727	0.00994	0.01308	0.00837	0.00471	0.00523	0.00157	0.00628	0.00471	0.00262	0.00837
20	0.01060	0.02735	0.78682	0.01507	0.02288	0.01228	0.01953	0.01674	0.01116	0.01674	0.00949	0.01116	0.00670	0.00502	0.00502	0.00167	0.00781	0.00391	0.00223	0.00781
21	0.00701	0.00539	0.00641	0.00615	0.00761	0.00479	0.00462	0.00906	0.01385	0.01854	0.50011	0.04386	0.32987	0.01180	0.00624	0.00171	0.00256	0.01017	0.00547	0.00479
22	0.00773	0.00567	0.00728	0.00683	0.00816	0.00535	0.00514	0.01078	0.04869	0.02124	0.74471	0.03861	0.04838	0.01065	0.00620	0.00167	0.00257	0.00940	0.00580	0.00514
23	0.01188	0.01022	0.03233	0.00841	0.01304	0.00792	0.00694	0.07596	0.01219	0.03462	0.01036	0.02939	0.00862	0.00449	0.00415	0.00092	0.00417	0.00360	0.00340	0.71737
24	0.00649	0.00464	0.00618	0.00732	0.00768	0.00433	0.00491	0.00750	0.01037	0.01389	0.06767	0.77110	0.03573	0.01627	0.00672	0.00212	0.00304	0.01475	0.00495	0.00433
25	0.01191	0.01267	0.03767	0.01562	0.04188	0.03435	0.10879	0.01369	0.00904	0.01353	0.00762	0.01191	0.00712	0.00828	0.01489	0.00218	0.63559	0.00479	0.00238	0.00610
26	0.00868	0.00652	0.00798	0.04783	0.00944	0.00659	0.03280	0.05219	0.04301	0.01369	0.02345	0.06387	0.15983	0.45373	0.01744	0.00361	0.00474	0.00808	0.03214	0.00437
27	0.01034	0.01000	0.01794	0.65741	0.03415	0.01177	0.12913	0.01383	0.01075	0.01390	0.00959	0.01418	0.00726	0.00556	0.00590	0.02773	0.00726	0.00493	0.00240	0.00596
28	0.04773	0.01251	0.03952	0.15724	0.54096	0.01271	0.01510	0.07888	0.01273	0.01825	0.00997	0.01298	0.00805	0.00496	0.00516	0.00161	0.00632	0.00462	0.00281	0.00789
29	0.01132	0.01014	0.01436	0.01222	0.03380	0.03552	0.16224	0.10755	0.12552	0.01883	0.07294	0.23157	0.06891	0.00935	0.00591	0.00177	0.00506	0.00858	0.00438	0.06003
30	0.01222	0.00779	0.00947	0.00840	0.01064	0.00753	0.00653	0.15092	0.01505	0.13388	0.21208	0.18864	0.07536	0.02832	0.00642	0.00183	0.00384	0.05790	0.00530	0.05788
31	0.15443	0.01064	0.06004	0.03127	0.01415	0.00966	0.04682	0.06601	0.08158	0.28601	0.12366	0.01890	0.02968	0.00671	0.00511	0.00163	0.00465	0.00550	0.00498	0.03858

[dist]
# distance from previous block
# <min> <max>
2	29

[block]
# block no. 2 follows, 46 sequences, length 162
# corresponding to MSA columns:
# 224-385
name=unknown_C
#
# <colnr> <probs for GDERKNQSTAVLIFYWHMCP>
#	G	D	E	R	K	N	Q	S	T	A	V	L	I	F	Y	W	H	M	C	P
0	0.04797	0.02942	0.03063	0.00993	0.02724	0.04000	0.02615	0.06167	0.17515	0.06839	0.13081	0.20627	0.03775	0.01014	0.00584	0.00184	0.00434	0.07524	0.00487	0.00635
1	0.01107	0.13168	0.68657	0.01427	0.02165	0.01342	0.01815	0.01662	0.01111	0.01617	0.00920	0.01081	0.00671	0.00496	0.00481	0.00160	0.00753	0.00376	0.00224	0.00768
2	0.01060	0.02735	0.78682	0.01507	0.02288	0.01228	0.01953	0.01674	0.01116	0.01674	0.00949	0.01116	0.00670	0.00502	0.00502	0.00167	0.00781	0.00391	0.00223	0.00781
3	0.00676	0.00607	0.00574	0.00568	0.00749	0.03267	0.00426	0.00813	0.01223	0.01440	0.06986	0.04912	0.73343	0.01304	0.00619	0.00177	0.00292	0.01084	0.00485	0.00454
4	0.07917	0.00594	0.00790	0.00783	0.00882	0.00677	0.00590	0.00975	0.00847	0.01310	0.01407	0.02196	0.01357	0.16208	0.58114	0.00718	0.01153	0.00574	0.02451	0.00456
5	0.00769	0.00513	0.00577	0.00577	0.00577	0.00513	0.00320	0.00769	0.00769	0.01025	0.01666	0.03460	0.01922	0.81421	0.02691	0.00513	0.00513	0.00769	0.00320	0.00320
6	0.01377	0.73690	0.10504	0.00966	0.01452	0.02004	0.01011	0.01592	0.01078	0.01288	0.00757	0.00875	0.00678	0.00457	0.00356	0.00119	0.00587	0.00294	0.00226	0.00689
7	0.00769	0.00513	0.00577	0.00577	0.00577	0.00513	0.00320	0.00769	0.00769	0.01025	0.01666	0.03460	0.01922	0.81421	0.02691	0.00513	0.00513	0.00769	0.00320	0.00320
8	0.00998	0.00940	0.01586	0.80150	0.03641	0.01175	0.01468	0.01351	0.01057	0.01351	0.00940	0.01409	0.00705	0.00529	0.00529	0.00176	0.00705	0.00470	0.00235	0.00587
9	0.01308	0.01256	0.02146	0.03245	0.78123	0.01256	0.01622	0.01622	0.01204	0.01727	0.00994	0.01308	0.00837	0.00471	0.00523	0.00157	0.00628	0.00471	0.00262	0.00837
10	0.01248	0.01426	0.03119	0.02228	0.02763	0.01337	0.76203	0.01693	0.01248	0.01693	0.01070	0.01426	0.00802	0.00446	0.00624	0.00178	0.00891	0.00624	0.00267	0.00713
11	0.01045	0.00898	0.01454	0.48207	0.02665	0.01065	0.07252	0.02770	0.01095	0.01558	0.01126	0.01524	0.00869	0.00571	0.00580	0.00167	0.05953	0.00487	0.20132	0.00580
12	0.00767	0.00519	0.00612	0.00612	0.00624	0.00532	0.00364	0.00791	0.00779	0.01051	0.01634	0.03282	0.01845	0.71495	0.12512	0.00556	0.00628	0.00743	0.00316	0.00340
13	0.00673	0.00580	0.00575	0.00573	0.00738	0.02347	0.00423	0.00809	0.01210	0.01458	0.10429	0.07116	0.65257	0.04603	0.00708	0.00191	0.00294	0.01083	0.00485	0.00449
14	0.00760	0.00549	0.00762	0.00762	0.00826	0.00613	0.00552	0.00888	0.00824	0.01162	0.01496	0.02520	0.01514	0.28775	0.54779	0.00742	0.01127	0.00631	0.00295	0.00423
15	0.01989	0.01470	0.01587	0.02843	0.01681	0.01630	0.01014	0.74814	0.02456	0.03291	0.01262	0.01272	0.00895	0.00632	0.00529	0.00159	0.00584	0.00476	0.00523	0.00893
16	0.01442	0.04900	0.09027	0.05902	0.42281	0.04887	0.01382	0.03435	0.04500	0.11661	0.03010	0.01408	0.00995	0.00530	0.00513	0.00156	0.00611	0.00471	0.00333	0.02555
17	0.01091	0.06965	0.70000	0.01517	0.02266	0.01281	0.06358	0.01670	0.01122	0.01652	0.00944	0.01120	0.00678	0.00496	0.00501	0.00165	0.00776	0.00399	0.00226	0.00772
18	0.02765	0.01404	0.11328	0.03907	0.43722	0.08167	0.01370	0.01532	0.02545	0.01630	0.01400	0.13064	0.03510	0.00687	0.00538	0.00166	0.00612	0.00619	0.00304	0.00728
19	0.24131	0.23671	0.15857	0.01257	0.06602	0.11247	0.05490	0.01660	0.01100	0.01694	0.00820	0.00984	0.00666	0.00495	0.00443	0.00149	0.02450	0.00347	0.00264	0.00670
20	0.01518	0.01382	0.01326	0.01295	0.07915	0.16386	0.00927	0.02513	0.48076	0.08325	0.03469	0.01748	0.01416	0.00666	0.00526	0.00167	0.00539	0.00539	0.00474	0.00791
21	0.00769	0.00513	0.00577	0.00577	0.00577	0.00513	0.00320	0.00769	0.00769	0.01025	0.01666	0.03460	0.01922	0.81421	0.02691	0.00513	0.00513	0.00769	0.00320	0.00320
22	0.01224	0.00798	0.00836	0.00743	0.00920	0.02733	0.00557	0.19536	0.01388	0.03887	0.01662	0.07443	0.01477	0.15920	0.02829	0.00230	0.00434	0.00608	0.36206	0.00568
23	0.01308	0.01256	0.02146	0.03245	0.78123	0.01256	0.01622	0.01622	0.01204	0.01727	0.00994	0.01308	0.00837	0.00471	0.00523	0.00157	0.00628	0.00471	0.00262	0.00837
24	0.00644	0.00460	0.00613	0.00736	0.00767	0.00429	0.00491	0.00736	0.01012	0.01350	0.02914	0.81076	0.03497	0.01656	0.00675	0.00215	0.00307	0.01503	0.00491	0.00429
25	0.01249	0.07873	0.01388	0.12943	0.01685	0.01046	0.00839	0.12593	0.02864	0.01876	0.00996	0.01167	0.00797	0.00461	0.00431	0.00110	0.00483	0.00365	0.00331	0.50504
26	0.00756	0.00565	0.00843	0.00843	0.00935	0.00657	0.00652	0.00940	0.00848	0.01222	0.01422	0.02111	0.01337	0.05886	0.77425	0.00841	0.01394	0.00571	0.00284	0.00468
27	0.01096	0.00940	0.01096	0.00783	0.01253	0.00705	0.00626	0.01331	0.01096	0.01723	0.00940	0.01096	0.00783	0.00392	0.00392	0.00078	0.00392	0.00313	0.00313	0.84653
28	0.01500	0.01273	0.01296	0.01120	0.01445	0.04774	0.00883	0.19296	0.57111	0.02423	0.01896	0.01770	0.01413	0.00691	0.00533	0.00173	0.00478	0.00559	0.00524	0.00841
29	0.01308	0.01256	0.02146	0.03245	0.78123	0.01256	0.01622	0.01622	0.01204	0.01727	0.00994	0.01308	0.00837	0.00471	0.00523	0.00157	0.00628	0.00471	0.00262	0.00837
30	0.01089	0.09249	0.72422	0.01457	0.02211	0.01299	0.01867	0.01667	0.01113	0.01639	0.00931	0.01094	0.00670	0.00498	0.00489	0.00163	0.00763	0.00382	0.00223	0.00773
31	0.01332	0.01108	0.01237	0.01055	0.01377	0.01200	0.02666	0.14355	0.45424	0.02232	0.01888	0.09289	0.01544	0.00742	0.00532	0.00165	0.00442	0.00626	0.00494	0.12292
32	0.00753	0.00516	0.00579	0.00584	0.00608	0.00506	0.00345	0.00775	0.00832	0.01089	0.02126	0.05064	0.10449	0.69201	0.02379	0.00464	0.00481	0.02564	0.00346	0.00340
33	0.73166	0.01118	0.04239	0.04070	0.01249	0.01206	0.02559	0.04092	0.00978	0.02315	0.00780	0.00921	0.00599	0.00497	0.00357	0.00164	0.00455	0.00313	0.00324	0.00597
34	0.00993	0.00855	0.01083	0.02629	0.01165	0.04677	0.00804	0.03798	0.07411	0.01423	0.01310	0.01795	0.01171	0.02646	0.47043	0.00578	0.16184	0.00531	0.03356	0.00547
35	0.00755	0.00566	0.00850	0.00850	0.00944	0.00661	0.00661	0.00944	0.00850	0.01227	0.01416	0.02077	0.01322	0.03965	0.79326	0.00850	0.01416	0.00566	0.00283	0.00472
36	0.00816	0.00569	0.00715	0.00766	0.00862	0.00548	0.00548	0.04182	0.02708	0.05159	0.04642	0.56070	0.13084	0.01470	0.00671	0.00205	0.01663	0.04333	0.00499	0.00489
37	0.01287	0.01234	0.02107	0.08547	0.72988	0.01250	0.01612	0.01604	0.01194	0.01701	0.00991	0.01315	0.00828	0.00475	0.00524	0.00158	0.00633	0.00471	0.00260	0.00820
38	0.14323	0.01431	0.01137	0.00992	0.01258	0.24183	0.00775	0.20027	0.01521	0.02113	0.01287	0.04801	0.02418	0.00647	0.00486	0.00150	0.02555	0.00467	0.18792	0.00639
39	0.01458	0.01207	0.01276	0.01105	0.01429	0.01382	0.00871	0.17986	0.61758	0.02443	0.01970	0.01827	0.01466	0.00700	0.00536	0.00175	0.00452	0.00573	0.00536	0.00850
40	0.85155	0.01022	0.00777	0.00695	0.01022	0.01186	0.00573	0.01554	0.00900	0.02372	0.00736	0.00859	0.00573	0.00491	0.00327	0.00164	0.00409	0.00286	0.00327	0.00573
41	0.01015	0.00945	0.01334	0.01184	0.01213	0.01273	0.00965	0.01148	0.00820	0.01247	0.00962	0.01548	0.00945	0.05688	0.25577	0.00434	0.52410	0.00509	0.00251	0.00533
42	0.83021	0.01034	0.00798	0.00709	0.01038	0.01198	0.00584	0.03474	0.00940	0.02397	0.00750	0.00869	0.00581	0.00494	0.00332	0.00163	0.00413	0.00291	0.00332	0.00581
43	0.01653	0.01304	0.01386	0.01144	0.01504	0.01473	0.00919	0.38651	0.40775	0.02757	0.01722	0.01630	0.01265	0.00677	0.00534	0.00169	0.00498	0.00538	0.00534	0.00867
44	0.01103	0.12229	0.69559	0.01434	0.02176	0.01332	0.01827	0.01663	0.01111	0.01622	0.00923	0.01084	0.00671	0.00496	0.00483	0.00161	0.00755	0.00378	0.00224	0.00769
45	0.03709	0.00950	0.01222	0.00949	0.01351	0.00863	0.00778	0.05505	0.08323	0.62063	0.01957	0.01729	0.01271	0.00639	0.00519	0.00159	0.00448	0.00516	0.00610	0.06438
46	0.01295	0.01242	0.02121	0.06584	0.74889	0.01253	0.01616	0.01611	0.01197	0.01711	0.00992	0.01313	0.00832	0.00474	0.00524	0.00158	0.00631	0.00471	0.00261	0.00827
47	0.00847	0.00568	0.00698	0.00652	0.00814	0.00505	0.00494	0.01056	0.01402	0.08373	0.48522	0.05654	0.26168	0.01132	0.00617	0.00171	0.00273	0.00978	0.00559	0.00516
48	0.01370	0.00979	0.01115	0.00962	0.01204	0.11038	0.05664	0.03153	0.04474	0.20642	0.25154	0.14610	0.05518	0.00938	0.00584	0.00171	0.00457	0.00814	0.00518	0.00636
49	0.01818	0.00926	0.01150	0.00940	0.01280	0.00899	0.00755	0.04588	0.21127	0.43405	0.13235	0.02129	0.01906	0.00727	0.00543	0.00166	0.00415	0.00605	0.00602	0.02786
50	0.02372	0.00900	0.01227	0.00941	0.01350	0.00777	0.00777	0.02576	0.01513	0.78489	0.02086	0.01799	0.01309	0.00654	0.00532	0.00164	0.00450	0.00532	0.00654	0.00900
51	0.01272	0.00994	0.01122	0.03680	0.01344	0.01107	0.00805	0.05116	0.49516	0.06942	0.14799	0.02501	0.02193	0.00812	0.00563	0.00179	0.00412	0.05346	0.00539	0.00756
52	0.01166	0.19772	0.56975	0.01434	0.03938	0.02963	0.03536	0.01662	0.01120	0.01575	0.00904	0.01067	0.00679	0.00490	0.00470	0.00155	0.00737	0.00374	0.00227	0.00755
53	0.01336	0.01309	0.02119	0.03166	0.74931	0.04513	0.01597	0.01643	0.01216	0.01709	0.00987	0.01294	0.00831	0.00474	0.00521	0.00156	0.00642	0.00466	0.00262	0.00828
54	0.00918	0.00459	0.00689	0.00689	0.00689	0.00459	0.00459	0.00689	0.00689	0.00918	0.00918	0.01607	0.00918	0.01837	0.02066	0.84619	0.00459	0.00459	0.00230	0.00230
55	0.85155	0.01022	0.00777	0.00695	0.01022	0.01186	0.00573	0.01554	0.00900	0.02372	0.00736	0.00859	0.00573	0.00491	0.00327	0.00164	0.00409	0.00286	0.00327	0.00573
56	0.01011	0.00953	0.01609	0.76971	0.06720	0.01178	0.01475	0.01362	0.01063	0.01366	0.00942	0.01405	0.00710	0.00526	0.00528	0.00175	0.00702	0.00470	0.00236	0.00598
57	0.01975	0.02520	0.01498	0.01362	0.01634	0.79299	0.01021	0.02111	0.01498	0.01294	0.00817	0.00953	0.00681	0.00545	0.00477	0.00136	0.00953	0.00340	0.00272	0.00613
58	0.00944	0.00589	0.00747	0.00691	0.00862	0.00529	0.00532	0.01161	0.01419	0.12190	0.48820	0.05786	0.18453	0.01103	0.00617	0.00173	0.00291	0.03985	0.00568	0.00540
59	0.00769	0.00513	0.00577	0.00577	0.00577	0.00513	0.00320	0.00769	0.00769	0.01025	0.01666	0.03460	0.01922	0.81421	0.02691	0.00513	0.00513	0.00769	0.00320	0.00320
60	0.01139	0.20372	0.61735	0.01372	0.02080	0.01421	0.01719	0.01654	0.01107	0.01578	0.00901	0.01056	0.00672	0.00491	0.00466	0.00155	0.00733	0.00367	0.00224	0.00758
61	0.00756	0.00562	0.00826	0.00826	0.00913	0.00648	0.00632	0.00929	0.00843	0.01210	0.01437	0.02194	0.01373	0.10530	0.72830	0.00821	0.01339	0.00584	0.00286	0.00459
62	0.01096	0.00940	0.01096	0.00783	0.01253	0.00705	0.00626	0.01331	0.01096	0.01723	0.00940	0.01096	0.00783	0.00392	0.00392	0.00078	0.00392	0.00313	0.00313	0.84653
63	0.01238	0.01405	0.03039	0.04546	0.02758	0.01338	0.72256	0.01674	0.01232	0.01674	0.01057	0.01419	0.00797	0.00459	0.00646	0.00179	0.02694	0.00616	0.00266	0.00706
64	0.01096	0.00940	0.01096	0.00783	0.01253	0.00705	0.00626	0.01331	0.01096	0.01723	0.00940	0.01096	0.00783	0.00392	0.00392	0.00078	0.00392	0.00313	0.00313	0.84653
65	0.01335	0.01177	0.01204	0.01084	0.01382	0.03654	0.00842	0.02788	0.74898	0.02184	0.02112	0.01942	0.01586	0.00712	0.00536	0.00178	0.00434	0.00590	0.00530	0.00830
66	0.00769	0.00513	0.00577	0.00577	0.00577	0.00513	0.00320	0.00769	0.00769	0.01025	0.01666	0.03460	0.01922	0.81421	0.02691	0.00513	0.00513	0.00769	0.00320	0.00320
67	0.04877	0.01366	0.02895	0.02081	0.02587	0.01288	0.68854	0.01646	0.01211	0.01697	0.01047	0.01401	0.00796	0.00494	0.00655	0.03041	0.00846	0.00597	0.00270	0.02351
68	0.01360	0.01354	0.02096	0.03099	0.72206	0.07293	0.01576	0.01660	0.01227	0.01694	0.00981	0.01281	0.00825	0.00477	0.00520	0.00155	0.00653	0.00461	0.00263	0.00820
69	0.00644	0.00460	0.00613	0.00736	0.00767	0.00429	0.00491	0.00736	0.01012	0.01350	0.02914	0.81076	0.03497	0.01656	0.00675	0.00215	0.00307	0.01503	0.00491	0.00429
70	0.00841	0.00603	0.00838	0.00957	0.01078	0.00600	0.00832	0.01078	0.01212	0.01573	0.02863	0.07805	0.04853	0.01462	0.00726	0.00241	0.00477	0.70988	0.00487	0.00484
71	0.01308	0.01256	0.02146	0.03245	0.78123	0.01256	0.01622	0.01622	0.01204	0.01727	0.00994	0.01308	0.00837	0.00471	0.00523	0.00157	0.00628	0.00471	0.00262	0.00837
72	0.01060	0.02735	0.78682	0.01507	0.02288	0.01228	0.01953	0.01674	0.01116	0.01674	0.00949	0.01116	0.00670	0.00502	0.00502	0.00167	0.00781	0.00391	0.00223	0.00781
73	0.01376	0.01563	0.02122	0.01679	0.01930	0.19253	0.27645	0.01613	0.01122	0.01426	0.00855	0.01205	0.00729	0.00669	0.01055	0.00191	0.34190	0.00492	0.00253	0.00634
74	0.00924	0.00502	0.00521	0.00516	0.00645	0.00489	0.00387	0.01160	0.01161	0.01934	0.10472	0.02495	0.09269	0.00738	0.00423	0.00133	0.00249	0.00605	0.66889	0.00489
75	0.00859	0.00618	0.00855	0.00965	0.01091	0.00620	0.00840	0.01130	0.02912	0.01614	0.05331	0.05806	0.03077	0.01431	0.00722	0.00239	0.00477	0.70426	0.00491	0.00495
76	0.01065	0.02704	0.76896	0.01524	0.02299	0.01230	0.03708	0.01675	0.01119	0.01675	0.00952	0.01123	0.00673	0.00501	0.00505	0.00168	0.00784	0.00396	0.00224	0.00780
77	0.01096	0.00940	0.01096	0.00783	0.01253	0.00705	0.00626	0.01331	0.01096	0.01723	0.00940	0.01096	0.00783	0.00392	0.00392	0.00078	0.00392	0.00313	0.00313	0.84653
78	0.00769	0.00513	0.00577	0.00577	0.00577	0.00513	0.00320	0.00769	0.00769	0.01025	0.01666	0.03460	0.01922	0.81421	0.02691	0.00513	0.00513	0.00769	0.00320	0.00320
79	0.00769	0.00513	0.00577	0.00577	0.00577	0.00513	0.00320	0.00769	0.00769	0.01025	0.01666	0.03460	0.01922	0.81421	0.02691	0.00513	0.00513	0.00769	0.00320	0.00320
80	0.00748	0.00540	0.00707	0.00665	0.00790	0.00499	0.00499	0.00998	0.01496	0.02120	0.77844	0.03949	0.04988	0.01081	0.00624	0.00166	0.00249	0.00956	0.00582	0.00499
81	0.00769	0.00513	0.00577	0.00577	0.00577	0.00513	0.00320	0.00769	0.00769	0.01025	0.01666	0.03460	0.01922	0.81421	0.02691	0.00513	0.00513	0.00769	0.00320	0.00320
82	0.01248	0.01426	0.03119	0.02228	0.02763	0.01337	0.76203	0.01693	0.01248	0.01693	0.01070	0.01426	0.00802	0.00446	0.00624	0.00178	0.00891	0.00624	0.00267	0.00713
83	0.00748	0.00540	0.00707	0.00665	0.00790	0.00499	0.00499	0.00998	0.01496	0.02120	0.77844	0.03949	0.04988	0.01081	0.00624	0.00166	0.00249	0.00956	0.00582	0.00499
84	0.00769	0.00513	0.00577	0.00577	0.00577	0.00513	0.00320	0.00769	0.00769	0.01025	0.01666	0.03460	0.01922	0.81421	0.02691	0.00513	0.00513	0.00769	0.00320	0.00320
85	0.01020	0.00526	0.00530	0.00517	0.00651	0.00532	0.00391	0.03781	0.01155	0.02017	0.01709	0.01947	0.01340	0.00617	0.00375	0.00124	0.00258	0.00492	0.81511	0.00507
86	0.00745	0.00540	0.00702	0.00662	0.00788	0.00497	0.00496	0.00991	0.01489	0.02102	0.75926	0.03979	0.06918	0.01088	0.00624	0.00167	0.00250	0.00960	0.00580	0.00497
87	0.76649	0.00998	0.00805	0.00711	0.01037	0.01135	0.00584	0.01605	0.00962	0.07551	0.03444	0.01028	0.00773	0.00522	0.00351	0.00164	0.00406	0.00326	0.00358	0.00592
88	0.00644	0.00460	0.00613	0.00736	0.00767	0.00429	0.00491	0.00736	0.01012	0.01350	0.02914	0.81076	0.03497	0.01656	0.00675	0.00215	0.00307	0.01503	0.00491	0.00429
89	0.00918	0.00459	0.00689	0.00689	0.00689	0.00459	0.00459	0.00689	0.00689	0.00918	0.00918	0.01607	0.00918	0.01837	0.02066	0.84619	0.00459	0.00459	0.00230	0.00230
90	0.00985	0.00493	0.00493	0.00493	0.00616	0.00493	0.00370	0.01232	0.01109	0.01971	0.01725	0.01971	0.01355	0.00616	0.00370	0.00123	0.00246	0.00493	0.84356	0.00493
91	0.00644	0.00460	0.00613	0.00736	0.00767	0.00429	0.00491	0.00736	0.01012	0.01350	0.02914	0.81076	0.03497	0.01656	0.00675	0.00215	0.00307	0.01503	0.00491	0.00429
92	0.01413	0.81739	0.02770	0.00905	0.01357	0.02092	0.00905	0.01583	0.01074	0.01244	0.00735	0.00848	0.00678	0.00452	0.00339	0.00113	0.00565	0.00283	0.00226	0.00678
93	0.01125	0.09382	0.70198	0.01441	0.02184	0.01289	0.01833	0.01690	0.01123	0.03670	0.00961	0.01111	0.00687	0.00502	0.00489	0.00163	0.00754	0.00385	0.00235	0.00776
94	0.00757	0.00561	0.00821	0.00821	0.00905	0.00645	0.00625	0.00926	0.00841	0.01206	0.01442	0.02222	0.01385	0.12117	0.71260	0.00814	0.01321	0.00588	0.00287	0.00456
95	0.00918	0.00459	0.00689	0.00689	0.00689	0.00459	0.00459	0.00689	0.00689	0.00918	0.00918	0.01607	0.00918	0.01837	0.02066	0.84619	0.00459	0.00459	0.00230	0.00230
96	0.00755	0.00566	0.00850	0.00850	0.00944	0.00661	0.00661	0.00944	0.00850	0.01227	0.01416	0.02077	0.01322	0.03965	0.79326	0.00850	0.01416	0.00566	0.00283	0.00472
97	0.00755	0.00566	0.00850	0.00850	0.00944	0.00661	0.00661	0.00944	0.00850	0.01227	0.01416	0.02077	0.01322	0.03965	0.79326	0.00850	0.01416	0.00566	0.00283	0.00472
98	0.02010	0.01481	0.01587	0.01216	0.01639	0.01639	0.01005	0.76360	0.02486	0.03332	0.01269	0.01269	0.00899	0.00635	0.00529	0.00159	0.00582	0.00476	0.00529	0.00899
99	0.00660	0.00472	0.00627	0.00726	0.00770	0.00440	0.00492	0.00775	0.01084	0.01464	0.14054	0.69609	0.03718	0.01571	0.00667	0.00207	0.00298	0.01422	0.00504	0.00440
100	0.00769	0.00513	0.00577	0.00577	0.00577	0.00513	0.00320	0.00769	0.00769	0.01025	0.01666	0.03460	0.01922	0.81421	0.02691	0.00513	0.00513	0.00769	0.00320	0.00320
101	0.01315	0.01136	0.01195	0.01076	0.01375	0.01315	0.00837	0.02809	0.77168	0.02211	0.02152	0.01972	0.01614	0.00717	0.00538	0.00179	0.00418	0.00598	0.00538	0.00837
102	0.00644	0.00460	0.00613	0.00736	0.00767	0.00429	0.00491	0.00736	0.01012	0.01350	0.02914	0.81076	0.03497	0.01656	0.00675	0.00215	0.00307	0.01503	0.00491	0.00429
103	0.00763	0.00511	0.00581	0.00586	0.00590	0.00509	0.00332	0.00773	0.00797	0.01066	0.03581	0.06842	0.02065	0.75995	0.02553	0.00491	0.00497	0.00805	0.00334	0.00329
104	0.00852	0.00608	0.00852	0.00974	0.01095	0.00608	0.00852	0.01095	0.01217	0.01582	0.02799	0.05963	0.03042	0.01460	0.00730	0.00243	0.00487	0.74565	0.00487	0.00487
105	0.00644	0.00460	0.00613	0.00736	0.00767	0.00429	0.00491	0.00736	0.01012	0.01350	0.02914	0.81076	0.03497	0.01656	0.00675	0.00215	0.00307	0.01503	0.00491	0.00429
106	0.00759	0.00514	0.00581	0.00582	0.00596	0.00507	0.00335	0.00777	0.00823	0.01095	0.05002	0.05273	0.05383	0.72852	0.02471	0.00477	0.00486	0.00808	0.00342	0.00336
107	0.00780	0.00562	0.00764	0.00870	0.00963	0.00553	0.00698	0.00997	0.02937	0.01542	0.07206	0.33445	0.03290	0.01493	0.00699	0.00227	0.00405	0.41600	0.00495	0.00475
108	0.00769	0.00513	0.00577	0.00577	0.00577	0.00513	0.00320	0.00769	0.00769	0.01025	0.01666	0.03460	0.01922	0.81421	0.02691	0.00513	0.00513	0.00769	0.00320	0.00320
109	0.01060	0.02735	0.78682	0.01507	0.02288	0.01228	0.01953	0.01674	0.01116	0.01674	0.00949	0.01116	0.00670	0.00502	0.00502	0.00167	0.00781	0.00391	0.00223	0.00781
110	0.02010	0.01481	0.01587	0.01216	0.01639	0.01639	0.01005	0.76360	0.02486	0.03332	0.01269	0.01269	0.00899	0.00635	0.00529	0.00159	0.00582	0.00476	0.00529	0.00899
111	0.01315	0.01136	0.01195	0.01076	0.01375	0.01315	0.00837	0.02809	0.77168	0.02211	0.02152	0.01972	0.01614	0.00717	0.00538	0.00179	0.00418	0.00598	0.00538	0.00837
112	0.00843	0.00603	0.00840	0.00947	0.01069	0.00599	0.00822	0.01087	0.01241	0.01628	0.09160	0.05793	0.03207	0.01428	0.00721	0.00237	0.00467	0.68326	0.00495	0.00488
113	0.02146	0.00850	0.01155	0.00902	0.01272	0.00738	0.00738	0.02357	0.01511	0.67879	0.12611	0.02098	0.01820	0.00714	0.00544	0.00164	0.00422	0.00591	0.00644	0.00844
114	0.01308	0.01256	0.02146	0.03245	0.78123	0.01256	0.01622	0.01622	0.01204	0.01727	0.00994	0.01308	0.00837	0.00471	0.00523	0.00157	0.00628	0.00471	0.00262	0.00837
115	0.02022	0.01611	0.01556	0.01225	0.01625	0.13417	0.00996	0.61507	0.02288	0.06641	0.01240	0.01247	0.00886	0.00622	0.00521	0.00155	0.00632	0.00458	0.00496	0.00856
116	0.01009	0.00960	0.01650	0.76882	0.03604	0.01181	0.04603	0.01365	0.01065	0.01365	0.00945	0.01410	0.00709	0.00525	0.00533	0.00176	0.00713	0.00476	0.00236	0.00593
117	0.00643	0.00463	0.00610	0.00728	0.00765	0.00430	0.00487	0.00737	0.01020	0.01353	0.03015	0.77935	0.06572	0.01643	0.00673	0.00213	0.00305	0.01487	0.00491	0.00430
118	0.01290	0.01237	0.02112	0.07854	0.73660	0.01251	0.01613	0.01606	0.01195	0.01705	0.00991	0.01314	0.00829	0.00474	0.00524	0.00158	0.00633	0.00471	0.00260	0.00822
119	0.01315	0.01136	0.01195	0.01076	0.01375	0.01315	0.00837	0.02809	0.77168	0.02211	0.02152	0.01972	0.01614	0.00717	0.00538	0.00179	0.00418	0.00598	0.00538	0.00837
120	0.00644	0.00460	0.00613	0.00736	0.00767	0.00429	0.00491	0.00736	0.01012	0.01350	0.02914	0.81076	0.03497	0.01656	0.00675	0.00215	0.00307	0.01503	0.00491	0.00429
121	0.01510	0.01247	0.01391	0.01166	0.01511	0.01408	0.04157	0.23752	0.52557	0.02509	0.01853	0.01748	0.01375	0.00682	0.00539	0.00173	0.00486	0.00564	0.00524	0.00849
122	0.01090	0.09296	0.72377	0.01457	0.02211	0.01300	0.01866	0.01667	0.01113	0.01638	0.00931	0.01094	0.00670	0.00498	0.00489	0.00163	0.00763	0.00382	0.00223	0.00773
123	0.00644	0.00462	0.00611	0.00731	0.00765	0.00430	0.00488	0.00737	0.01017	0.01352	0.02976	0.79126	0.05406	0.01648	0.00673	0.00214	0.00306	0.01493	0.00491	0.00430
124	0.00998	0.00940	0.01586	0.80150	0.03641	0.01175	0.01468	0.01351	0.01057	0.01351	0.00940	0.01409	0.00705	0.00529	0.00529	0.00176	0.00705	0.00470	0.00235	0.00587
