[name]
unknown

[dist]
# distance from previous block
# <min> <max>
0	59

[block]
# block no. 0 follows, 44 sequences, length 59
# corresponding to MSA columns:
# 59-117
name=unknown_A
#
# <colnr> <probs for GDERKNQSTAVLIFYWHMCP>
#	G	D	E	R	K	N	Q	S	T	A	V	L	I	F	Y	W	H	M	C	P
0	0.01030	0.00655	0.00885	0.00918	0.01079	0.00633	0.00770	0.02905	0.01363	0.09697	0.17801	0.08989	0.05151	0.01329	0.00699	0.00221	0.00436	0.44344	0.00541	0.00554
1	0.01416	0.72331	0.11335	0.01003	0.01508	0.02057	0.01055	0.01643	0.01113	0.01333	0.00783	0.00906	0.00699	0.00472	0.00369	0.00123	0.00608	0.00304	0.00233	0.00712
2	0.05441	0.00973	0.01114	0.00803	0.01280	0.00752	0.00643	0.01385	0.01120	0.01811	0.00958	0.01118	0.00796	0.00409	0.00400	0.00085	0.00405	0.00322	0.00324	0.79861
3	0.01591	0.00765	0.01005	0.00881	0.01140	0.00704	0.00686	0.01890	0.07400	0.37904	0.16001	0.20963	0.02646	0.01027	0.00606	0.00185	0.00390	0.02887	0.00607	0.00721
4	0.01571	0.01860	0.07289	0.18296	0.06278	0.34681	0.01235	0.07665	0.04025	0.01611	0.01084	0.01459	0.00899	0.00732	0.03056	0.00188	0.03314	0.03778	0.00308	0.00672
5	0.01763	0.01373	0.01462	0.01192	0.01573	0.01546	0.00961	0.44191	0.34498	0.02937	0.01702	0.01622	0.01246	0.00691	0.00549	0.00173	0.00527	0.00545	0.00549	0.00899
6	0.01343	0.00968	0.01146	0.00994	0.03380	0.03070	0.00752	0.09929	0.07718	0.11831	0.01553	0.07898	0.01340	0.04630	0.15491	0.00296	0.00659	0.00568	0.00420	0.26015
7	0.00668	0.00476	0.00631	0.00754	0.00785	0.00445	0.00501	0.00760	0.01036	0.01382	0.02967	0.78248	0.03559	0.04009	0.00756	0.00230	0.00322	0.01528	0.00501	0.00440
8	0.70021	0.05173	0.00977	0.03261	0.01190	0.01231	0.00657	0.01696	0.01002	0.09421	0.00896	0.00994	0.00672	0.00521	0.00364	0.00166	0.00444	0.00325	0.00361	0.00628
9	0.01175	0.01147	0.02043	0.38988	0.30899	0.01248	0.11625	0.01531	0.01172	0.01585	0.01054	0.03183	0.00856	0.00537	0.00560	0.00176	0.00714	0.00530	0.00263	0.00715
10	0.00800	0.00576	0.00785	0.00900	0.01001	0.00561	0.00735	0.01000	0.01199	0.01568	0.05096	0.28195	0.06922	0.01549	0.00728	0.00237	0.00429	0.46729	0.00506	0.00483
11	0.00667	0.00480	0.00633	0.00750	0.00790	0.00446	0.00503	0.00769	0.01067	0.01420	0.05490	0.75446	0.06166	0.01678	0.00692	0.00219	0.00313	0.01518	0.00509	0.00446
12	0.00722	0.00550	0.00796	0.06724	0.01086	0.00539	0.02872	0.00853	0.01058	0.01405	0.02760	0.67294	0.03249	0.03346	0.00732	0.00225	0.00378	0.04470	0.00475	0.00464
13	0.01218	0.26495	0.49593	0.01421	0.02105	0.01545	0.07198	0.01699	0.01148	0.01593	0.00921	0.01091	0.00704	0.00498	0.00476	0.00156	0.00747	0.00387	0.00235	0.00768
14	0.01106	0.05851	0.67331	0.07377	0.02402	0.01308	0.01912	0.01687	0.01137	0.01673	0.00962	0.01163	0.00694	0.00529	0.00544	0.00173	0.02730	0.00406	0.00231	0.00781
15	0.00676	0.00554	0.00600	0.00611	0.00777	0.00478	0.00464	0.00833	0.01265	0.01556	0.12804	0.09033	0.60243	0.01379	0.00655	0.00190	0.00293	0.06604	0.00516	0.00468
16	0.01558	0.01231	0.01316	0.01132	0.01472	0.01395	0.00895	0.17643	0.57596	0.06412	0.02031	0.01878	0.01498	0.00719	0.00552	0.00180	0.00467	0.00587	0.00559	0.00879
17	0.01130	0.00969	0.01130	0.00807	0.01292	0.00727	0.00646	0.01373	0.01130	0.01776	0.00969	0.01130	0.00807	0.00404	0.00404	0.00081	0.00404	0.00323	0.00323	0.84173
18	0.00872	0.00579	0.00761	0.00703	0.00849	0.00532	0.00532	0.01126	0.01544	0.06717	0.72659	0.03940	0.04917	0.01088	0.00637	0.00171	0.00270	0.00960	0.00605	0.00539
19	0.00762	0.00554	0.00717	0.00682	0.00810	0.00510	0.00509	0.01009	0.01513	0.02127	0.71406	0.06526	0.08537	0.01146	0.00645	0.00174	0.00260	0.01011	0.00593	0.00510
20	0.00879	0.00628	0.00879	0.01004	0.01130	0.00628	0.00879	0.01130	0.01255	0.01632	0.02887	0.06150	0.03138	0.01506	0.00753	0.00251	0.00502	0.73770	0.00502	0.00502
21	0.00759	0.00553	0.00714	0.00681	0.00809	0.00508	0.00508	0.01002	0.01502	0.02107	0.69499	0.07634	0.09365	0.01158	0.00645	0.00175	0.00261	0.01022	0.00590	0.00508
22	0.00678	0.00493	0.00644	0.00759	0.00811	0.00458	0.00526	0.00789	0.01078	0.01417	0.03226	0.68037	0.10291	0.01663	0.00695	0.00220	0.00327	0.06933	0.00506	0.00449
23	0.01438	0.01086	0.01368	0.27491	0.02151	0.02544	0.01050	0.18220	0.12389	0.07815	0.01425	0.01596	0.01054	0.00626	0.00548	0.00167	0.02513	0.00506	0.12630	0.03386
24	0.01356	0.01171	0.01233	0.01109	0.01418	0.01356	0.00863	0.02897	0.76455	0.02281	0.02219	0.02034	0.01664	0.00740	0.00555	0.00185	0.00431	0.00616	0.00555	0.00863
25	0.01241	0.01004	0.01300	0.00933	0.01418	0.00782	0.06363	0.01498	0.01175	0.07481	0.01068	0.01211	0.00850	0.00428	0.00433	0.00095	0.00448	0.00364	0.00346	0.71563
26	0.00795	0.00597	0.00799	0.06717	0.01084	0.00613	0.00631	0.05406	0.01127	0.01506	0.02638	0.64784	0.03080	0.03067	0.02272	0.00234	0.02342	0.01346	0.00475	0.00487
27	0.01241	0.00661	0.00879	0.00766	0.00976	0.00595	0.00595	0.01485	0.01548	0.23397	0.56118	0.03451	0.04080	0.00991	0.00616	0.00171	0.00315	0.00863	0.00621	0.00630
28	0.01093	0.02820	0.78016	0.01554	0.02360	0.01266	0.02014	0.01727	0.01151	0.01727	0.00978	0.01151	0.00691	0.00518	0.00518	0.00173	0.00806	0.00403	0.00230	0.00806
29	0.01314	0.12919	0.58291	0.01397	0.02109	0.01324	0.01717	0.01833	0.01198	0.11388	0.01099	0.01205	0.00776	0.00531	0.00500	0.00165	0.00733	0.00407	0.00287	0.00807
30	0.02042	0.01152	0.01372	0.03583	0.01556	0.01190	0.00903	0.22818	0.19375	0.37144	0.01897	0.01734	0.01287	0.00680	0.00549	0.00172	0.00502	0.00546	0.00597	0.00902
31	0.01260	0.00740	0.00781	0.00691	0.00878	0.00770	0.00527	0.17020	0.01418	0.04598	0.01684	0.02047	0.01362	0.09688	0.00691	0.00181	0.00365	0.00538	0.54173	0.00590
32	0.02614	0.00956	0.01749	0.29116	0.02453	0.01008	0.22706	0.01297	0.01137	0.01523	0.01727	0.24760	0.03004	0.00898	0.00621	0.00195	0.00643	0.02659	0.00342	0.00590
33	0.01335	0.01281	0.02187	0.06781	0.74118	0.01292	0.01666	0.01661	0.01235	0.01764	0.01023	0.01354	0.00857	0.00488	0.00540	0.00163	0.00651	0.00486	0.00269	0.00852
34	0.02041	0.02478	0.01555	0.01388	0.01686	0.69986	0.01051	0.10447	0.01660	0.01571	0.00895	0.01020	0.00728	0.00572	0.00498	0.00143	0.00940	0.00367	0.00311	0.00665
35	0.67055	0.01201	0.01227	0.01006	0.01375	0.05242	0.12618	0.01655	0.01017	0.02276	0.00819	0.00984	0.00634	0.00501	0.00394	0.00170	0.00530	0.00354	0.00325	0.00616
36	0.00666	0.00480	0.00627	0.00744	0.00783	0.00446	0.00497	0.00761	0.01049	0.01389	0.03114	0.74612	0.07616	0.03476	0.00740	0.00226	0.00319	0.01511	0.00502	0.00441
37	0.10872	0.01572	0.01496	0.01201	0.01595	0.10965	0.00973	0.51610	0.09509	0.02961	0.01282	0.01295	0.00936	0.00636	0.00517	0.00163	0.00611	0.00465	0.00492	0.00849
38	0.00756	0.00520	0.00602	0.00625	0.00648	0.00506	0.00375	0.00790	0.00891	0.01176	0.03777	0.18652	0.08008	0.57888	0.02168	0.00436	0.00463	0.00971	0.00383	0.00366
39	0.00721	0.00546	0.00664	0.00653	0.00788	0.00490	0.00483	0.00924	0.01396	0.01880	0.47017	0.12990	0.26937	0.01262	0.00649	0.00181	0.00270	0.01099	0.00561	0.00490
40	0.01259	0.22671	0.31048	0.01666	0.02290	0.01539	0.28687	0.01709	0.01190	0.01619	0.00967	0.01196	0.00743	0.00483	0.00520	0.00162	0.00789	0.00462	0.00248	0.00752
41	0.00896	0.00668	0.00872	0.00964	0.01094	0.00686	0.00793	0.01290	0.11539	0.01667	0.02821	0.22137	0.03039	0.01446	0.00713	0.00235	0.00451	0.47639	0.00510	0.00538
42	0.00664	0.00477	0.00630	0.00753	0.00789	0.00443	0.00503	0.00760	0.01049	0.01394	0.03076	0.78365	0.05679	0.01699	0.00694	0.00220	0.00315	0.01539	0.00506	0.00443
43	0.01551	0.01257	0.01663	0.08778	0.11513	0.01370	0.07014	0.31806	0.12532	0.03811	0.01542	0.10085	0.01293	0.00741	0.00598	0.00178	0.02374	0.00636	0.00453	0.00804
44	0.01130	0.00969	0.01130	0.00807	0.01292	0.00727	0.00646	0.01373	0.01130	0.01776	0.00969	0.01130	0.00807	0.00404	0.00404	0.00081	0.00404	0.00323	0.00323	0.84173
45	0.00792	0.00530	0.00603	0.00603	0.00605	0.00533	0.00340	0.00798	0.00795	0.01063	0.01711	0.03528	0.01965	0.78686	0.04905	0.00538	0.00555	0.00787	0.00329	0.00335
46	0.01416	0.00879	0.00926	0.00787	0.01030	0.00936	0.00625	0.26321	0.03706	0.04380	0.01642	0.01785	0.01246	0.00645	0.00445	0.00142	0.00380	0.00506	0.51534	0.00669
47	0.01385	0.04921	0.01207	0.01033	0.01255	0.26537	0.00787	0.10718	0.04384	0.01890	0.23831	0.15408	0.02568	0.00933	0.00574	0.00167	0.00570	0.00766	0.00454	0.00614
48	0.00783	0.00524	0.00597	0.00607	0.00609	0.00522	0.00344	0.00790	0.00812	0.01082	0.01814	0.09340	0.02104	0.74902	0.02619	0.00505	0.00513	0.00850	0.00344	0.00339
49	0.06030	0.15378	0.01857	0.03883	0.15494	0.31114	0.01127	0.13002	0.04037	0.01814	0.00977	0.01124	0.00792	0.00548	0.00480	0.00148	0.00741	0.00396	0.00322	0.00735
50	0.01818	0.02205	0.01829	0.01931	0.19710	0.54535	0.06784	0.02025	0.01454	0.01471	0.00906	0.01106	0.00750	0.00536	0.00514	0.00149	0.00899	0.00405	0.00278	0.00695
51	0.00652	0.00551	0.00554	0.00554	0.00729	0.00464	0.00410	0.00783	0.01220	0.01452	0.05333	0.05163	0.73463	0.05347	0.00751	0.00201	0.00289	0.01133	0.00497	0.00454
52	0.01475	0.78780	0.02817	0.00947	0.01408	0.04483	0.00937	0.01649	0.01121	0.01284	0.00761	0.00878	0.00700	0.00469	0.00354	0.00117	0.00595	0.00293	0.00235	0.00698
53	0.00772	0.00557	0.00729	0.00686	0.00814	0.00514	0.00514	0.01029	0.01543	0.02186	0.77152	0.04072	0.05144	0.01115	0.00643	0.00171	0.00257	0.00986	0.00600	0.00514
54	0.01130	0.00969	0.01130	0.00807	0.01292	0.00727	0.00646	0.01373	0.01130	0.01776	0.00969	0.01130	0.00807	0.00404	0.00404	0.00081	0.00404	0.00323	0.00323	0.84173
55	0.00772	0.00557	0.00729	0.00686	0.00814	0.00514	0.00514	0.01029	0.01543	0.02186	0.77152	0.04072	0.05144	0.01115	0.00643	0.00171	0.00257	0.00986	0.00600	0.00514
56	0.01030	0.00969	0.01635	0.79530	0.03755	0.01211	0.01514	0.01393	0.01090	0.01393	0.00969	0.01453	0.00727	0.00545	0.00545	0.00182	0.00727	0.00484	0.00242	0.00606
57	0.01356	0.01171	0.01233	0.01109	0.01418	0.01356	0.00863	0.02897	0.76455	0.02281	0.02219	0.02034	0.01664	0.00740	0.00555	0.00185	0.00431	0.00616	0.00555	0.00863
58	0.02251	0.00984	0.01274	0.00988	0.01387	0.00907	0.00811	0.13150	0.01705	0.60632	0.08324	0.01962	0.01607	0.00709	0.00556	0.00168	0.00466	0.00577	0.00650	0.00893

[dist]
# distance from previous block
# <min> <max>
0	1

[block]
# block no. 1 follows, 44 sequences, length 42
# corresponding to MSA columns:
# 120-161
name=unknown_B
#
# <colnr> <probs for GDERKNQSTAVLIFYWHMCP>
#	G	D	E	R	K	N	Q	S	T	A	V	L	I	F	Y	W	H	M	C	P
0	0.01403	0.69488	0.14061	0.01025	0.01542	0.02024	0.01094	0.01646	0.01114	0.01349	0.00791	0.00916	0.00698	0.00474	0.00375	0.00125	0.00616	0.00308	0.00233	0.00715
1	0.01202	0.01328	0.02839	0.02063	0.02544	0.01245	0.64286	0.01620	0.01289	0.01755	0.07090	0.07372	0.01360	0.00600	0.00647	0.00186	0.00825	0.00735	0.00317	0.00697
2	0.01091	0.00927	0.01089	0.00803	0.01250	0.00703	0.00634	0.01321	0.01123	0.01744	0.01140	0.07800	0.01043	0.00513	0.00428	0.00093	0.00396	0.00426	0.00338	0.77136
3	0.00779	0.00584	0.00876	0.00876	0.00974	0.00681	0.00681	0.00974	0.00876	0.01266	0.01460	0.02142	0.01363	0.04089	0.78680	0.00876	0.01460	0.00584	0.00292	0.00487
4	0.01030	0.00969	0.01635	0.79530	0.03755	0.01211	0.01514	0.01393	0.01090	0.01393	0.00969	0.01453	0.00727	0.00545	0.00545	0.00182	0.00727	0.00484	0.00242	0.00606
5	0.00661	0.00486	0.00621	0.00729	0.00783	0.00445	0.00493	0.00763	0.01073	0.01404	0.03374	0.69446	0.14406	0.01660	0.00688	0.00216	0.00310	0.01491	0.00506	0.00445
6	0.01257	0.01334	0.02589	0.11075	0.18651	0.01386	0.40078	0.01625	0.01186	0.01648	0.01012	0.01400	0.00807	0.00550	0.00785	0.00187	0.12871	0.00567	0.00265	0.00727
7	0.01229	0.06895	0.01898	0.04369	0.42459	0.02336	0.05106	0.01562	0.03328	0.01700	0.01541	0.02631	0.01479	0.00768	0.00589	0.00185	0.00619	0.20232	0.00337	0.00738
8	0.00793	0.00529	0.00595	0.00595	0.00595	0.00529	0.00330	0.00793	0.00793	0.01057	0.01718	0.03568	0.01982	0.80840	0.02775	0.00529	0.00529	0.00793	0.00330	0.00330
9	0.02696	0.01392	0.07548	0.04364	0.60695	0.01308	0.01590	0.04027	0.07589	0.01873	0.01126	0.01386	0.00913	0.00516	0.00536	0.00165	0.00637	0.00488	0.00300	0.00852
10	0.00704	0.00520	0.00649	0.00738	0.00809	0.00484	0.00506	0.03044	0.01125	0.01468	0.03390	0.65020	0.16295	0.01619	0.00682	0.00213	0.00318	0.01448	0.00507	0.00461
11	0.01038	0.00985	0.01687	0.77019	0.03725	0.01217	0.03918	0.01404	0.01097	0.01404	0.00973	0.01454	0.00730	0.00542	0.00548	0.00182	0.00733	0.00490	0.00243	0.00610
12	0.00726	0.00521	0.00701	0.00823	0.00887	0.00497	0.00611	0.00867	0.01112	0.01464	0.03056	0.56414	0.05958	0.01638	0.00711	0.00229	0.00369	0.22451	0.00505	0.00461
13	0.00857	0.00570	0.00690	0.00659	0.00716	0.00564	0.00429	0.00950	0.01061	0.04231	0.25781	0.03604	0.02935	0.50386	0.01987	0.00394	0.02504	0.00837	0.00427	0.00418
14	0.00891	0.00739	0.00937	0.00920	0.01037	0.05892	0.00714	0.02700	0.00958	0.01318	0.01416	0.02046	0.01309	0.03778	0.71753	0.00811	0.01410	0.00567	0.00297	0.00506
15	0.07279	0.02602	0.06215	0.01005	0.01442	0.00930	0.00878	0.04347	0.04905	0.61612	0.01946	0.01727	0.01252	0.00653	0.00530	0.00169	0.00488	0.00520	0.00609	0.00892
16	0.02041	0.01439	0.01562	0.01204	0.01619	0.01574	0.00987	0.66968	0.02411	0.08695	0.01388	0.01451	0.01005	0.04288	0.00647	0.00181	0.00587	0.00509	0.00545	0.00900
17	0.03970	0.76713	0.04741	0.00942	0.01414	0.02106	0.00950	0.01634	0.01103	0.01329	0.00764	0.00882	0.00696	0.00469	0.00354	0.00120	0.00584	0.00295	0.00236	0.00699
18	0.00690	0.00554	0.00616	0.00601	0.00765	0.00480	0.00450	0.00872	0.01351	0.01731	0.31435	0.04822	0.51145	0.01284	0.00644	0.00180	0.00269	0.01091	0.00540	0.00480
19	0.01178	0.00995	0.01663	0.52257	0.07345	0.01166	0.06790	0.01511	0.01136	0.07005	0.01122	0.01512	0.00844	0.00577	0.00613	0.00178	0.05465	0.00502	0.07496	0.00644
20	0.01266	0.01361	0.02754	0.05473	0.21336	0.01328	0.48748	0.01662	0.01242	0.01712	0.01134	0.04319	0.00930	0.00533	0.00658	0.00182	0.03711	0.00625	0.00280	0.00746
21	0.01162	0.01223	0.07508	0.01195	0.01719	0.00913	0.17337	0.01483	0.01167	0.01766	0.00999	0.01207	0.00803	0.00425	0.00466	0.00111	0.00549	0.00400	0.00305	0.59262
22	0.01803	0.28770	0.05454	0.01243	0.01621	0.44048	0.01055	0.07274	0.01455	0.01486	0.00854	0.00978	0.00717	0.00535	0.00449	0.00136	0.00814	0.00344	0.00282	0.00684
23	0.00862	0.00574	0.00754	0.00763	0.00878	0.00567	0.00565	0.01027	0.01150	0.07042	0.14335	0.29286	0.13390	0.01949	0.17867	0.00345	0.02466	0.01043	0.04629	0.00508
24	0.01124	0.02631	0.68439	0.01754	0.09954	0.01272	0.03867	0.01722	0.01164	0.01733	0.00986	0.01179	0.00712	0.00513	0.00523	0.00172	0.00793	0.00417	0.00235	0.00810
25	0.01193	0.02954	0.02572	0.00793	0.01018	0.00677	0.00637	0.01504	0.04920	0.18842	0.53469	0.03340	0.03931	0.00970	0.00607	0.00170	0.00331	0.00841	0.00596	0.00633
26	0.02356	0.00992	0.01296	0.01002	0.01419	0.00908	0.00825	0.08977	0.05614	0.67386	0.02082	0.01818	0.01330	0.00676	0.00548	0.00169	0.00474	0.00547	0.00657	0.00924
27	0.01304	0.15598	0.23349	0.04955	0.38950	0.03421	0.01618	0.01684	0.01196	0.01655	0.00959	0.01206	0.00778	0.00495	0.00500	0.00157	0.00692	0.00426	0.00252	0.00804
28	0.01223	0.12999	0.50150	0.01623	0.06838	0.01392	0.09353	0.01789	0.04586	0.03570	0.01050	0.01216	0.00777	0.00517	0.00512	0.00166	0.00752	0.00431	0.00263	0.00793
29	0.01072	0.01042	0.01782	0.50685	0.03037	0.01274	0.10538	0.01392	0.01054	0.01413	0.00977	0.01460	0.00783	0.00862	0.06412	0.00242	0.14605	0.00510	0.00249	0.00611
30	0.00660	0.00489	0.00617	0.00719	0.00780	0.00446	0.00488	0.00764	0.01082	0.01407	0.03489	0.66008	0.17769	0.01645	0.00686	0.00214	0.00309	0.01473	0.00506	0.00446
31	0.01353	0.01503	0.08433	0.02789	0.56467	0.08886	0.03184	0.01683	0.01287	0.01761	0.06498	0.01496	0.01141	0.00541	0.00543	0.00162	0.00672	0.00505	0.00292	0.00808
32	0.01223	0.01385	0.07284	0.03535	0.14894	0.01251	0.38108	0.01597	0.01199	0.01696	0.01124	0.05202	0.00946	0.00563	0.00681	0.00173	0.07110	0.00589	0.00285	0.11156
33	0.00782	0.00551	0.00705	0.00672	0.00799	0.00510	0.00502	0.01031	0.01490	0.02129	0.67296	0.06391	0.06896	0.01106	0.00626	0.00170	0.00259	0.00974	0.06602	0.00510
34	0.00706	0.00555	0.00638	0.00617	0.00774	0.00487	0.00463	0.00902	0.01389	0.01820	0.40339	0.04676	0.42185	0.01251	0.00644	0.00178	0.00267	0.01071	0.00552	0.00487
35	0.01538	0.01228	0.01317	0.01122	0.01446	0.01393	0.00890	0.26440	0.44082	0.02596	0.03457	0.04692	0.01539	0.00756	0.00577	0.00178	0.02040	0.00611	0.03253	0.00845
36	0.01291	0.27989	0.23738	0.06370	0.02135	0.01627	0.17061	0.04142	0.01183	0.01587	0.00921	0.01156	0.00735	0.00531	0.00598	0.00162	0.07359	0.00431	0.00253	0.00730
37	0.02362	0.00954	0.01270	0.00980	0.01393	0.00851	0.00807	0.06272	0.03231	0.70572	0.03984	0.01887	0.01430	0.00686	0.00551	0.00169	0.00465	0.00558	0.00664	0.00916
38	0.46070	0.01450	0.01148	0.00979	0.01330	0.16870	0.00786	0.16426	0.01419	0.07595	0.00980	0.01056	0.00732	0.00558	0.00424	0.00162	0.00573	0.00363	0.00390	0.00689
39	0.01204	0.13355	0.60799	0.01484	0.02210	0.03280	0.04499	0.04077	0.01205	0.01712	0.00960	0.01126	0.00705	0.00514	0.00500	0.00164	0.00777	0.00398	0.00244	0.00788
40	0.01427	0.01475	0.07497	0.06350	0.53685	0.07673	0.01554	0.05267	0.01327	0.04216	0.01117	0.01486	0.00927	0.00546	0.00542	0.00165	0.00677	0.02948	0.00301	0.00821
41	0.01840	0.34227	0.09256	0.01171	0.03412	0.03464	0.01047	0.02116	0.05942	0.25313	0.05399	0.01666	0.01335	0.00689	0.00530	0.00175	0.00601	0.00495	0.00463	0.00858

[dist]
# distance from previous block
# <min> <max>
11	26

[block]
# block no. 2 follows, 44 sequences, length 60
# corresponding to MSA columns:
# 189-248
name=unknown_C
#
# <colnr> <probs for GDERKNQSTAVLIFYWHMCP>
#	G	D	E	R	K	N	Q	S	T	A	V	L	I	F	Y	W	H	M	C	P
0	0.01620	0.01178	0.01319	0.01023	0.01421	0.01181	0.00825	0.34113	0.07878	0.08313	0.07882	0.01667	0.01380	0.03180	0.00585	0.00154	0.00488	0.00509	0.00490	0.24794
1	0.03341	0.05369	0.58978	0.01657	0.05102	0.01299	0.11636	0.01707	0.01173	0.01743	0.02479	0.01241	0.00800	0.00519	0.00527	0.00172	0.00786	0.00442	0.00248	0.00783
2	0.01878	0.02961	0.01524	0.01174	0.01572	0.09364	0.03080	0.40682	0.01975	0.12909	0.01382	0.03760	0.01044	0.00816	0.04446	0.00190	0.00644	0.00504	0.00484	0.09611
3	0.01194	0.07604	0.63454	0.03021	0.02270	0.03655	0.03893	0.01750	0.01170	0.04092	0.00996	0.01166	0.00717	0.00528	0.00536	0.00170	0.02340	0.00409	0.00248	0.00788
4	0.01074	0.00845	0.00862	0.00816	0.00987	0.06133	0.00599	0.08784	0.07754	0.04941	0.04364	0.18363	0.20240	0.14515	0.03835	0.00268	0.00475	0.01997	0.02595	0.00553
5	0.01045	0.00763	0.02326	0.00979	0.01185	0.00710	0.11018	0.01363	0.06417	0.07574	0.04474	0.29201	0.04060	0.01069	0.00590	0.00185	0.00424	0.05475	0.19312	0.01829
6	0.01283	0.01059	0.01212	0.00880	0.01356	0.00883	0.00709	0.13376	0.01362	0.02045	0.01024	0.01159	0.00827	0.00444	0.00427	0.00094	0.00435	0.00350	0.00359	0.70715
7	0.01766	0.01330	0.01474	0.01177	0.01551	0.01449	0.02353	0.54650	0.09031	0.02959	0.01607	0.12151	0.01353	0.00793	0.00563	0.00171	0.00545	0.00643	0.00528	0.03907
8	0.00950	0.00493	0.00746	0.03784	0.00829	0.00502	0.00514	0.00737	0.00725	0.00964	0.00948	0.01649	0.00938	0.01841	0.02069	0.80864	0.00483	0.00474	0.00237	0.00251
9	0.00775	0.00547	0.00600	0.00597	0.00641	0.00533	0.00359	0.00836	0.02522	0.01168	0.02506	0.03877	0.17338	0.62881	0.02292	0.00451	0.00475	0.00862	0.00371	0.00368
10	0.01256	0.03639	0.06577	0.11731	0.13053	0.01372	0.48279	0.01675	0.01231	0.01681	0.01048	0.01411	0.00806	0.00492	0.00639	0.00180	0.03353	0.00575	0.00266	0.00735
11	0.00928	0.03065	0.01081	0.09532	0.09947	0.00834	0.00779	0.01218	0.07771	0.01435	0.04692	0.06719	0.08431	0.22115	0.18684	0.00425	0.00722	0.00726	0.00357	0.00539
12	0.00783	0.00536	0.00649	0.00655	0.00676	0.00551	0.00405	0.00828	0.00833	0.01131	0.03033	0.07177	0.02007	0.61766	0.16219	0.00569	0.00680	0.00797	0.00337	0.00367
13	0.01936	0.04179	0.01485	0.01317	0.01589	0.70219	0.00993	0.02087	0.01501	0.01393	0.00921	0.01071	0.00762	0.00566	0.00479	0.00139	0.00911	0.00363	0.07466	0.00623
14	0.01288	0.01363	0.06327	0.20062	0.51707	0.04224	0.03892	0.01635	0.01216	0.01674	0.01006	0.01351	0.00816	0.00503	0.00541	0.00167	0.00695	0.00481	0.00262	0.00790
15	0.01231	0.09378	0.63770	0.01477	0.02218	0.01311	0.03853	0.01788	0.01182	0.07364	0.01050	0.01189	0.00744	0.00524	0.00509	0.00168	0.00764	0.00411	0.00265	0.00804
16	0.00674	0.00484	0.00654	0.00769	0.00806	0.00463	0.00521	0.00778	0.01029	0.01381	0.02872	0.73749	0.03413	0.01913	0.07400	0.00278	0.00415	0.01467	0.00488	0.00447
17	0.00734	0.00573	0.00695	0.03050	0.00906	0.00523	0.00544	0.00937	0.01349	0.01764	0.32895	0.07542	0.35412	0.01278	0.00655	0.00188	0.00310	0.09618	0.00534	0.00490
18	0.01083	0.03347	0.01766	0.58657	0.05496	0.01301	0.05590	0.01409	0.01068	0.01408	0.00948	0.01414	0.00747	0.00662	0.02289	0.00201	0.11261	0.00489	0.00245	0.00620
19	0.01475	0.01165	0.01228	0.01082	0.01393	0.03715	0.00846	0.05780	0.58379	0.09734	0.07339	0.02094	0.01813	0.00750	0.00558	0.00180	0.00447	0.00622	0.00561	0.00840
20	0.00929	0.00615	0.00786	0.00788	0.00915	0.00586	0.00579	0.06206	0.01363	0.07117	0.27037	0.39243	0.05967	0.01351	0.00659	0.00198	0.00334	0.04238	0.00551	0.00537
21	0.02112	0.01464	0.01597	0.01224	0.01659	0.01597	0.01011	0.67914	0.02457	0.11293	0.01398	0.01367	0.00972	0.00657	0.00546	0.00164	0.00586	0.00497	0.00559	0.00927
22	0.00792	0.00530	0.00602	0.00602	0.00604	0.00532	0.00339	0.00797	0.00795	0.01062	0.01711	0.03531	0.01966	0.78885	0.04708	0.00537	0.00552	0.00787	0.00329	0.00334
23	0.02072	0.01527	0.01636	0.01254	0.01691	0.01691	0.01036	0.75622	0.02563	0.03436	0.01309	0.01309	0.00927	0.00654	0.00545	0.00164	0.00600	0.00491	0.00545	0.00927
24	0.01281	0.42252	0.38540	0.01257	0.01887	0.01717	0.03062	0.01680	0.01132	0.01503	0.00870	0.01019	0.00698	0.00491	0.00436	0.00145	0.00696	0.00352	0.00233	0.00751
25	0.01193	0.01193	0.01670	0.01431	0.01431	0.01670	0.01193	0.01312	0.00835	0.01312	0.00716	0.01193	0.00716	0.00954	0.01789	0.00239	0.79843	0.00477	0.00239	0.00596
26	0.01093	0.02820	0.78016	0.01554	0.02360	0.01266	0.02014	0.01727	0.01151	0.01727	0.00978	0.01151	0.00691	0.00518	0.00518	0.00173	0.00806	0.00403	0.00230	0.00806
27	0.02233	0.00975	0.01259	0.00997	0.01397	0.00910	0.00813	0.02704	0.16213	0.63039	0.02164	0.01891	0.01411	0.00687	0.00550	0.00172	0.00458	0.00562	0.00651	0.00915
28	0.00780	0.00531	0.00591	0.00591	0.00607	0.00523	0.00338	0.00792	0.00831	0.01093	0.02045	0.03712	0.08450	0.74009	0.02592	0.00499	0.00507	0.00824	0.00345	0.00342
29	0.01458	0.81168	0.02857	0.00933	0.01399	0.02157	0.00933	0.01632	0.01108	0.01283	0.00758	0.00875	0.00700	0.00466	0.00350	0.00117	0.00583	0.00292	0.00233	0.00700
30	0.01193	0.01193	0.01670	0.01431	0.01431	0.01670	0.01193	0.01312	0.00835	0.01312	0.00716	0.01193	0.00716	0.00954	0.01789	0.00239	0.79843	0.00477	0.00239	0.00596
31	0.01130	0.00969	0.01130	0.00807	0.01292	0.00727	0.00646	0.01373	0.01130	0.01776	0.00969	0.01130	0.00807	0.00404	0.00404	0.00081	0.00404	0.00323	0.00323	0.84173
32	0.00761	0.00557	0.00714	0.00674	0.00808	0.00510	0.00506	0.01008	0.01517	0.02125	0.70994	0.04173	0.11340	0.01137	0.00643	0.00173	0.00259	0.01000	0.00592	0.00510
33	0.02264	0.00929	0.01227	0.00961	0.01361	0.00831	0.00787	0.02583	0.07817	0.67664	0.02326	0.02041	0.05179	0.00716	0.00554	0.00171	0.00452	0.00584	0.00656	0.00899
34	0.01016	0.00508	0.00508	0.00508	0.00635	0.00508	0.00381	0.01270	0.01143	0.02033	0.01778	0.02033	0.01397	0.00635	0.00381	0.00127	0.00254	0.00508	0.83867	0.00508
35	0.00664	0.00474	0.00633	0.00759	0.00791	0.00443	0.00506	0.00759	0.01044	0.01392	0.03005	0.80485	0.03606	0.01708	0.00696	0.00221	0.00316	0.01550	0.00506	0.00443
36	0.00668	0.00483	0.00632	0.00743	0.00789	0.00447	0.00501	0.00774	0.01080	0.01435	0.06781	0.72244	0.08088	0.01659	0.00690	0.00217	0.00311	0.01498	0.00511	0.00447
37	0.01114	0.00633	0.00838	0.00744	0.00933	0.00573	0.00573	0.01362	0.01547	0.17658	0.61809	0.03619	0.04368	0.01025	0.00624	0.00171	0.00299	0.00896	0.00615	0.00599
38	0.00916	0.00589	0.00775	0.00710	0.00864	0.00539	0.00539	0.01169	0.01545	0.08688	0.70704	0.03882	0.04818	0.01077	0.00635	0.00171	0.00275	0.00948	0.00607	0.00550
39	0.02072	0.01527	0.01636	0.01254	0.01691	0.01691	0.01036	0.75622	0.02563	0.03436	0.01309	0.01309	0.00927	0.00654	0.00545	0.00164	0.00600	0.00491	0.00545	0.00927
40	0.01971	0.01477	0.01579	0.01234	0.01652	0.01643	0.01012	0.65343	0.13007	0.03273	0.01438	0.01411	0.01031	0.00666	0.00547	0.00167	0.00576	0.00509	0.00547	0.00918
41	0.01327	0.01353	0.03569	0.12795	0.53621	0.07364	0.03822	0.01648	0.01246	0.01685	0.01116	0.01619	0.00964	0.00560	0.00552	0.00169	0.00687	0.04837	0.00280	0.00785
42	0.01458	0.81168	0.02857	0.00933	0.01399	0.02157	0.00933	0.01632	0.01108	0.01283	0.00758	0.00875	0.00700	0.00466	0.00350	0.00117	0.00583	0.00292	0.00233	0.00700
43	0.01254	0.14971	0.49416	0.01696	0.13451	0.02860	0.01714	0.01762	0.02610	0.03965	0.01007	0.01172	0.00757	0.00515	0.00496	0.00162	0.00732	0.00405	0.00257	0.00799
44	0.01296	0.12614	0.22744	0.06211	0.02376	0.01458	0.30450	0.08024	0.01309	0.01786	0.01075	0.01424	0.00843	0.00545	0.00596	0.00174	0.03301	0.02743	0.00285	0.00747
45	0.01130	0.00969	0.01130	0.00807	0.01292	0.00727	0.00646	0.01373	0.01130	0.01776	0.00969	0.01130	0.00807	0.00404	0.00404	0.00081	0.00404	0.00323	0.00323	0.84173
46	0.00660	0.00543	0.00581	0.00593	0.00752	0.00464	0.00437	0.00806	0.01249	0.01538	0.12792	0.14912	0.59995	0.01395	0.00651	0.00188	0.00279	0.01185	0.00516	0.00464
47	0.01942	0.04515	0.01596	0.01411	0.04440	0.53766	0.01053	0.14788	0.08136	0.01791	0.01045	0.01140	0.00829	0.00587	0.00504	0.00148	0.00846	0.00401	0.00348	0.00713
48	0.01239	0.01216	0.02070	0.31555	0.42026	0.02896	0.07945	0.01586	0.01195	0.01624	0.01007	0.01391	0.00806	0.00507	0.00550	0.00171	0.00707	0.00496	0.00260	0.00752
49	0.00793	0.00529	0.00595	0.00595	0.00595	0.00529	0.00330	0.00793	0.00793	0.01057	0.01718	0.03568	0.01982	0.80840	0.02775	0.00529	0.00529	0.00793	0.00330	0.00330
50	0.00924	0.00593	0.00769	0.00705	0.00865	0.00538	0.00536	0.01169	0.01526	0.09406	0.65335	0.03935	0.09419	0.01089	0.00634	0.00172	0.00278	0.00954	0.00601	0.00551
51	0.01465	0.75042	0.06661	0.00966	0.01448	0.02076	0.00985	0.01664	0.01122	0.03324	0.00806	0.00915	0.00716	0.00475	0.00364	0.00121	0.00591	0.00304	0.00245	0.00711
52	0.00680	0.00486	0.00632	0.00742	0.00780	0.00456	0.00496	0.00772	0.01035	0.01371	0.02987	0.68736	0.06383	0.08743	0.00881	0.00248	0.00338	0.03307	0.00490	0.00435
53	0.00795	0.00536	0.00638	0.00641	0.00661	0.00551	0.00392	0.00836	0.00822	0.01128	0.01705	0.04888	0.01897	0.64294	0.14967	0.00566	0.00667	0.00766	0.02885	0.00363
54	0.02001	0.04295	0.01580	0.01391	0.01672	0.73034	0.01054	0.03843	0.01539	0.01381	0.00848	0.00994	0.00708	0.00573	0.00525	0.00143	0.03137	0.00356	0.00285	0.00639
55	0.03694	0.01127	0.01211	0.01048	0.01384	0.01233	0.00826	0.07923	0.52596	0.05749	0.02081	0.02032	0.03857	0.00723	0.00538	0.00172	0.00439	0.02289	0.00524	0.10555
56	0.04073	0.22185	0.01857	0.01264	0.01597	0.55020	0.01010	0.04361	0.01452	0.01418	0.00834	0.00964	0.00706	0.00539	0.00454	0.00136	0.00856	0.00339	0.00279	0.00657
57	0.01239	0.01289	0.02531	0.09595	0.23007	0.01267	0.40555	0.01635	0.02717	0.01674	0.01145	0.01628	0.00944	0.07391	0.00788	0.00207	0.00784	0.00598	0.00281	0.00726
58	0.00669	0.00477	0.00631	0.00753	0.00783	0.00446	0.00499	0.00760	0.01034	0.01379	0.02955	0.77485	0.03542	0.04794	0.00777	0.00233	0.00325	0.01520	0.00499	0.00438
59	0.01130	0.00969	0.01130	0.00807	0.01292	0.00727	0.00646	0.01373	0.01130	0.01776	0.00969	0.01130	0.00807	0.00404	0.00404	0.00081	0.00404	0.00323	0.00323	0.84173

[dist]
# distance from previous block
# <min> <max>
0	3

[block]
# block no. 3 follows, 44 sequences, length 25
# corresponding to MSA columns:
# 252-276
name=unknown_D
#
# <colnr> <probs for GDERKNQSTAVLIFYWHMCP>
#	G	D	E	R	K	N	Q	S	T	A	V	L	I	F	Y	W	H	M	C	P
0	0.01969	0.02430	0.01549	0.01446	0.04226	0.68783	0.01061	0.04231	0.06540	0.01470	0.00953	0.01074	0.00778	0.00574	0.00499	0.00145	0.00925	0.00377	0.00306	0.00663
1	0.01464	0.60644	0.15184	0.01065	0.01578	0.05345	0.01116	0.03396	0.01180	0.03542	0.00850	0.00962	0.00722	0.00489	0.00394	0.00129	0.00635	0.00324	0.00254	0.00726
2	0.84691	0.01054	0.00801	0.00717	0.01054	0.01223	0.00590	0.01603	0.00928	0.02446	0.00759	0.00886	0.00590	0.00506	0.00337	0.00169	0.00422	0.00295	0.00337	0.00590
3	0.01821	0.00908	0.01126	0.00916	0.01252	0.00856	0.00737	0.10640	0.07422	0.41664	0.11555	0.04389	0.12571	0.00854	0.00577	0.00173	0.00422	0.00708	0.00614	0.00796
4	0.00879	0.00628	0.00879	0.01004	0.01130	0.00628	0.00879	0.01130	0.01255	0.01632	0.02887	0.06150	0.03138	0.01506	0.00753	0.00251	0.00502	0.73770	0.00502	0.00502
5	0.01458	0.81168	0.02857	0.00933	0.01399	0.02157	0.00933	0.01632	0.01108	0.01283	0.00758	0.00875	0.00700	0.00466	0.00350	0.00117	0.00583	0.00292	0.00233	0.00700
6	0.01130	0.00969	0.01130	0.00807	0.01292	0.00727	0.00646	0.01373	0.01130	0.01776	0.00969	0.01130	0.00807	0.00404	0.00404	0.00081	0.00404	0.00323	0.00323	0.84173
7	0.01381	0.01404	0.02339	0.03054	0.60469	0.06014	0.13865	0.01716	0.01267	0.01748	0.01027	0.01347	0.00848	0.00486	0.00554	0.00164	0.00713	0.00504	0.00272	0.00828
8	0.00673	0.00558	0.00592	0.00596	0.00770	0.00477	0.00455	0.00830	0.01274	0.01556	0.12665	0.05186	0.64968	0.01362	0.00651	0.00187	0.00289	0.05926	0.00516	0.00469
9	0.00764	0.00554	0.00713	0.00798	0.00870	0.00527	0.00556	0.04788	0.01137	0.01524	0.02842	0.70352	0.03350	0.01600	0.00681	0.00215	0.00343	0.04667	0.00502	0.03218
10	0.01349	0.01295	0.02213	0.03346	0.77440	0.01295	0.01673	0.01673	0.01241	0.01781	0.01025	0.01349	0.00864	0.00486	0.00540	0.00162	0.00648	0.00486	0.00270	0.00864
11	0.01120	0.01093	0.01581	0.01360	0.01398	0.01472	0.04123	0.01265	0.00888	0.01356	0.03400	0.04248	0.01038	0.01297	0.09774	0.00301	0.62887	0.00550	0.00267	0.00582
12	0.00797	0.00593	0.00837	0.00829	0.00899	0.00680	0.00616	0.00942	0.00855	0.01217	0.01495	0.02449	0.01488	0.22328	0.57767	0.00770	0.04055	0.00630	0.00299	0.00453
13	0.00691	0.00495	0.00657	0.00741	0.00797	0.00461	0.00508	0.00827	0.01170	0.01593	0.21806	0.61109	0.03996	0.01558	0.00682	0.00209	0.00301	0.01407	0.00530	0.00461
14	0.00678	0.00489	0.00642	0.00739	0.00791	0.00453	0.00503	0.00797	0.01121	0.01504	0.13227	0.66556	0.07255	0.01612	0.00686	0.00213	0.00306	0.01454	0.00519	0.00453
15	0.00719	0.00524	0.00677	0.00705	0.00799	0.00482	0.00503	0.00902	0.01321	0.01815	0.42120	0.34500	0.10163	0.01371	0.00664	0.00192	0.00282	0.01223	0.00555	0.00482
16	0.01193	0.01193	0.01670	0.01431	0.01431	0.01670	0.01193	0.01312	0.00835	0.01312	0.00716	0.01193	0.00716	0.00954	0.01789	0.00239	0.79843	0.00477	0.00239	0.00596
17	0.01444	0.78223	0.05683	0.00956	0.01435	0.02124	0.00973	0.01636	0.01109	0.01299	0.00766	0.00885	0.00699	0.00468	0.00356	0.00119	0.00591	0.00296	0.00233	0.00704
18	0.09537	0.04336	0.01721	0.01497	0.05901	0.45352	0.11528	0.03978	0.01423	0.01622	0.03507	0.01227	0.00907	0.00647	0.02480	0.00170	0.00851	0.00428	0.02232	0.00655
19	0.01233	0.01507	0.09003	0.02096	0.02618	0.01324	0.61578	0.01680	0.01274	0.01756	0.06095	0.01605	0.01097	0.00528	0.00680	0.00184	0.04088	0.00640	0.00292	0.00721
20	0.01409	0.64493	0.16469	0.01060	0.01583	0.04374	0.01133	0.01666	0.01129	0.01365	0.00801	0.00928	0.00698	0.00479	0.00385	0.00128	0.00636	0.00314	0.00234	0.00717
21	0.57825	0.02835	0.00936	0.00773	0.01108	0.01127	0.00635	0.05285	0.01153	0.12915	0.06179	0.01400	0.03285	0.00604	0.00407	0.00167	0.00422	0.00414	0.01883	0.00646
22	0.01541	0.03201	0.01350	0.01017	0.01438	0.01186	0.00823	0.26016	0.14963	0.06253	0.01415	0.03666	0.01104	0.00598	0.00491	0.00136	0.00478	0.00476	0.00458	0.33389
23	0.01303	0.01033	0.01490	0.01200	0.01528	0.01011	0.15007	0.14346	0.09341	0.07159	0.04007	0.19207	0.01827	0.03060	0.00650	0.00184	0.00527	0.03759	0.00456	0.12904
24	0.01209	0.16484	0.60675	0.01437	0.02155	0.05694	0.01772	0.01735	0.01165	0.01627	0.00932	0.01093	0.00693	0.00511	0.00487	0.00161	0.00777	0.00381	0.00234	0.00778

[dist]
# distance from previous block
# <min> <max>
0	1

[block]
# block no. 4 follows, 44 sequences, length 15
# corresponding to MSA columns:
# 278-292
name=unknown_E
#
# <colnr> <probs for GDERKNQSTAVLIFYWHMCP>
#	G	D	E	R	K	N	Q	S	T	A	V	L	I	F	Y	W	H	M	C	P
0	0.01186	0.01217	0.04235	0.22370	0.37641	0.06109	0.01397	0.01489	0.01219	0.01601	0.01705	0.02056	0.11936	0.00667	0.00559	0.00172	0.00637	0.02790	0.00303	0.00711
1	0.02205	0.00964	0.01240	0.00976	0.01373	0.00889	0.00798	0.06518	0.09579	0.61310	0.02308	0.02042	0.05768	0.00722	0.00554	0.00171	0.00457	0.00587	0.00645	0.00894
2	0.01558	0.01297	0.02752	0.01113	0.01443	0.06748	0.00897	0.21550	0.35661	0.06384	0.08849	0.02125	0.03725	0.00769	0.00563	0.00176	0.00505	0.02539	0.00535	0.00813
3	0.04255	0.01666	0.03730	0.04162	0.43691	0.21859	0.01411	0.06111	0.01382	0.03509	0.01002	0.01241	0.00817	0.00533	0.00547	0.00159	0.02397	0.00443	0.00298	0.00786
4	0.00734	0.00586	0.00657	0.00656	0.00809	0.00536	0.00485	0.00985	0.06200	0.01675	0.21959	0.13375	0.42081	0.04304	0.00727	0.00200	0.00301	0.02710	0.00525	0.00494
5	0.00671	0.00480	0.00639	0.00754	0.00792	0.00447	0.00507	0.00776	0.01076	0.01443	0.07776	0.75568	0.03705	0.01670	0.00692	0.00218	0.00312	0.01514	0.00512	0.00447
6	0.02019	0.01213	0.01360	0.01099	0.01486	0.04115	0.00888	0.21141	0.23576	0.34200	0.01909	0.01737	0.01310	0.00684	0.00547	0.00171	0.00508	0.00546	0.00592	0.00898
7	0.03950	0.08210	0.70173	0.01482	0.02249	0.01327	0.01891	0.01716	0.01140	0.01720	0.00956	0.01123	0.00688	0.00514	0.00500	0.00169	0.00777	0.00391	0.00234	0.00791
8	0.00879	0.00628	0.00879	0.01004	0.01130	0.00628	0.00879	0.01130	0.01255	0.01632	0.02887	0.06150	0.03138	0.01506	0.00753	0.00251	0.00502	0.73770	0.00502	0.00502
9	0.01084	0.01025	0.01734	0.66477	0.16380	0.01226	0.01541	0.01441	0.01116	0.01459	0.00979	0.01436	0.00750	0.00535	0.00544	0.00178	0.00713	0.00485	0.00247	0.00650
10	0.09845	0.01723	0.01515	0.01232	0.01615	0.20191	0.00989	0.47227	0.05899	0.02777	0.01190	0.01227	0.00878	0.00622	0.00513	0.00160	0.00667	0.00445	0.00462	0.00821
11	0.01434	0.01174	0.01377	0.01184	0.01518	0.01316	0.06193	0.02796	0.65394	0.07975	0.02134	0.01980	0.01580	0.00715	0.00561	0.00184	0.00469	0.00613	0.00544	0.00859
12	0.00773	0.00524	0.00616	0.00635	0.00645	0.00525	0.00376	0.00798	0.00834	0.01118	0.01889	0.14621	0.02181	0.64925	0.06884	0.00504	0.00552	0.00890	0.00354	0.00356
13	0.84691	0.01054	0.00801	0.00717	0.01054	0.01223	0.00590	0.01603	0.00928	0.02446	0.00759	0.00886	0.00590	0.00506	0.00337	0.00169	0.00422	0.00295	0.00337	0.00590
14	0.01674	0.01190	0.01334	0.01092	0.01433	0.07555	0.04087	0.23068	0.05729	0.17941	0.01791	0.17602	0.01565	0.00833	0.00560	0.00167	0.00528	0.00701	0.00504	0.10648

[dist]
# distance from previous block
# <min> <max>
0	1

[block]
# block no. 5 follows, 44 sequences, length 12
# corresponding to MSA columns:
# 294-305
name=unknown_F
#
# <colnr> <probs for GDERKNQSTAVLIFYWHMCP>
#	G	D	E	R	K	N	Q	S	T	A	V	L	I	F	Y	W	H	M	C	P
0	0.01486	0.51413	0.11783	0.01053	0.01514	0.10270	0.01047	0.06808	0.01265	0.01548	0.00908	0.01036	0.00766	0.00509	0.00402	0.00130	0.00632	0.00342	0.06385	0.00707
1	0.01089	0.00579	0.00586	0.00560	0.00708	0.00590	0.00427	0.06426	0.01242	0.02130	0.01746	0.01982	0.01365	0.00637	0.00392	0.00130	0.00278	0.00507	0.78089	0.00537
2	0.08069	0.01374	0.02103	0.14726	0.15465	0.08867	0.23371	0.04845	0.01241	0.01725	0.01040	0.03802	0.00865	0.00594	0.00694	0.00181	0.09512	0.00537	0.00290	0.00698
3	0.00697	0.00509	0.00661	0.00755	0.00825	0.00473	0.00538	0.00830	0.01141	0.01509	0.10848	0.55924	0.12047	0.01588	0.00691	0.00215	0.00326	0.09450	0.00515	0.00459
4	0.00662	0.00481	0.00625	0.00741	0.00786	0.00444	0.00498	0.00761	0.01061	0.01399	0.03228	0.73822	0.10124	0.01679	0.00691	0.00218	0.00313	0.01514	0.00506	0.00444
5	0.01140	0.00627	0.00640	0.00595	0.00758	0.00646	0.00458	0.09956	0.01309	0.02196	0.01724	0.01948	0.01342	0.00637	0.00400	0.00131	0.00294	0.00506	0.74134	0.00557
6	0.00727	0.00610	0.00622	0.00610	0.00790	0.00554	0.00450	0.00989	0.08528	0.01515	0.04864	0.04785	0.63197	0.08355	0.00824	0.00215	0.00314	0.01067	0.00495	0.00488
7	0.02037	0.02598	0.01545	0.01404	0.01685	0.78652	0.01053	0.02177	0.01545	0.01334	0.00843	0.00983	0.00702	0.00562	0.00492	0.00140	0.00983	0.00351	0.00281	0.00632
8	0.02072	0.01527	0.01636	0.01254	0.01691	0.01691	0.01036	0.75622	0.02563	0.03436	0.01309	0.01309	0.00927	0.00654	0.00545	0.00164	0.00600	0.00491	0.00545	0.00927
9	0.10171	0.01375	0.01469	0.01154	0.01555	0.01513	0.00947	0.57309	0.04217	0.08107	0.01384	0.03452	0.01026	0.00774	0.02871	0.00188	0.00587	0.00510	0.00525	0.00866
10	0.01396	0.03540	0.05825	0.03418	0.18620	0.01309	0.27146	0.07808	0.09720	0.06148	0.02944	0.03256	0.01105	0.00577	0.00595	0.00173	0.02065	0.00579	0.00358	0.03417
11	0.14097	0.33441	0.19126	0.01120	0.01605	0.04150	0.05089	0.03722	0.01159	0.01665	0.01228	0.01348	0.06875	0.00579	0.00475	0.00152	0.02777	0.00418	0.00284	0.00691

[dist]
# distance from previous block
# <min> <max>
5	6

[block]
# block no. 6 follows, 44 sequences, length 10
# corresponding to MSA columns:
# 316-325
name=unknown_G
#
# <colnr> <probs for GDERKNQSTAVLIFYWHMCP>
#	G	D	E	R	K	N	Q	S	T	A	V	L	I	F	Y	W	H	M	C	P
0	0.08876	0.36336	0.16158	0.01084	0.01563	0.09500	0.02518	0.01707	0.01198	0.05478	0.05304	0.01199	0.00987	0.00533	0.00430	0.00139	0.00622	0.00380	0.00297	0.05690
1	0.01704	0.12743	0.01545	0.01179	0.01455	0.49128	0.00911	0.05498	0.01426	0.01416	0.01316	0.01583	0.06826	0.07895	0.02970	0.00198	0.00828	0.00459	0.00310	0.00611
2	0.01256	0.01028	0.01267	0.00979	0.01370	0.00933	0.05029	0.16345	0.04349	0.02124	0.08168	0.10071	0.01559	0.00676	0.00505	0.00131	0.00452	0.00579	0.00419	0.42761
3	0.01048	0.00568	0.00793	0.00759	0.00798	0.00582	0.00524	0.07405	0.00876	0.01169	0.00979	0.01626	0.00945	0.01783	0.01989	0.76634	0.00485	0.00475	0.00264	0.00298
4	0.01652	0.01072	0.05759	0.01012	0.01343	0.00976	0.00858	0.22732	0.01733	0.24923	0.14735	0.12525	0.02232	0.00917	0.00593	0.00180	0.00471	0.04959	0.00567	0.00762
5	0.08910	0.01048	0.01172	0.05886	0.01426	0.02627	0.00765	0.16888	0.03030	0.08798	0.01384	0.08035	0.01207	0.07697	0.00687	0.00175	0.00488	0.00535	0.00416	0.28825
6	0.00849	0.00640	0.00942	0.07916	0.01189	0.00720	0.02870	0.01046	0.00962	0.01394	0.06251	0.02365	0.01612	0.14548	0.43909	0.00611	0.02644	0.00624	0.08420	0.00487
7	0.06145	0.01136	0.01690	0.02327	0.45677	0.02837	0.01271	0.03918	0.04162	0.06633	0.01663	0.08988	0.05397	0.00735	0.00561	0.00175	0.00562	0.04989	0.00367	0.00767
8	0.01719	0.06306	0.01436	0.01086	0.01455	0.04276	0.00879	0.28802	0.18643	0.12960	0.01702	0.08617	0.01360	0.00735	0.00535	0.00164	0.00515	0.00590	0.00514	0.07706
9	0.04885	0.21642	0.04252	0.01215	0.01506	0.07202	0.07666	0.05382	0.05945	0.03133	0.03261	0.06526	0.03282	0.00824	0.02534	0.00191	0.19018	0.00541	0.00328	0.00666

[dist]
# distance from previous block
# <min> <max>
1	22

[block]
# block no. 7 follows, 44 sequences, length 10
# corresponding to MSA columns:
# 348-357
name=unknown_H
#
# <colnr> <probs for GDERKNQSTAVLIFYWHMCP>
#	G	D	E	R	K	N	Q	S	T	A	V	L	I	F	Y	W	H	M	C	P
0	0.50200	0.03149	0.04491	0.09670	0.01512	0.01208	0.00825	0.03711	0.06060	0.13009	0.01101	0.01185	0.00800	0.00553	0.00419	0.00170	0.00488	0.00383	0.00387	0.00679
1	0.04627	0.00696	0.00798	0.08903	0.01118	0.00762	0.00611	0.07764	0.01232	0.02028	0.01651	0.07468	0.01381	0.00713	0.00496	0.00149	0.03880	0.00569	0.54597	0.00558
2	0.00984	0.00560	0.00664	0.00646	0.00707	0.00543	0.00409	0.01033	0.00934	0.09173	0.01866	0.10949	0.01969	0.51926	0.02034	0.04128	0.00467	0.00798	0.09790	0.00420
3	0.00664	0.00474	0.00633	0.00759	0.00791	0.00443	0.00506	0.00759	0.01044	0.01392	0.03005	0.80485	0.03606	0.01708	0.00696	0.00221	0.00316	0.01550	0.00506	0.00443
4	0.01945	0.06320	0.01609	0.01305	0.01644	0.44311	0.01022	0.23446	0.09601	0.02037	0.01116	0.01181	0.00867	0.00602	0.00506	0.00150	0.00794	0.00416	0.00383	0.00745
5	0.09809	0.00965	0.01076	0.01148	0.09248	0.05100	0.00802	0.08523	0.10056	0.02016	0.15598	0.08016	0.11197	0.02680	0.00637	0.00193	0.00455	0.11380	0.00473	0.00629
6	0.04086	0.61816	0.10590	0.01032	0.01521	0.04773	0.01048	0.06985	0.01227	0.01523	0.00824	0.00939	0.00712	0.00490	0.00386	0.00128	0.00617	0.00320	0.00260	0.00721
7	0.01458	0.81168	0.02857	0.00933	0.01399	0.02157	0.00933	0.01632	0.01108	0.01283	0.00758	0.00875	0.00700	0.00466	0.00350	0.00117	0.00583	0.00292	0.00233	0.00700
8	0.00700	0.00518	0.00635	0.00681	0.00763	0.00478	0.00469	0.00825	0.01143	0.01510	0.17106	0.37135	0.20021	0.11959	0.03266	0.00264	0.00358	0.01228	0.00494	0.00447
9	0.01614	0.21017	0.03259	0.01229	0.05646	0.29207	0.00962	0.04727	0.03120	0.07065	0.09162	0.03512	0.03693	0.00687	0.00501	0.00150	0.00672	0.02736	0.00365	0.00677

[dist]
