[name]
unknown

[dist]
# distance from previous block
# <min> <max>
15	210

[block]
# block no. 0 follows, 44 sequences, length 74
# corresponding to MSA columns:
# 230-303
name=unknown_A
#
# <colnr> <probs for GDERKNQSTAVLIFYWHMCP>
#	G	D	E	R	K	N	Q	S	T	A	V	L	I	F	Y	W	H	M	C	P
0	0.12351	0.03383	0.03085	0.02920	0.03333	0.01349	0.07099	0.31585	0.06721	0.10595	0.02524	0.01389	0.01008	0.00594	0.00508	0.00158	0.00559	0.00475	0.00460	0.09903
1	0.05617	0.01365	0.03322	0.04789	0.07935	0.05981	0.01029	0.33892	0.01885	0.22113	0.01423	0.01424	0.00992	0.00616	0.00525	0.00161	0.00581	0.00480	0.01930	0.03941
2	0.18046	0.03497	0.01453	0.13662	0.04998	0.07359	0.03651	0.17540	0.02949	0.12538	0.06969	0.01515	0.01188	0.00625	0.00523	0.00168	0.01676	0.00488	0.00423	0.00733
3	0.36234	0.04302	0.01241	0.00953	0.01341	0.04394	0.00788	0.21284	0.01535	0.19451	0.01222	0.01222	0.00862	0.00581	0.00447	0.00162	0.00506	0.00406	0.00461	0.02608
4	0.02861	0.09269	0.01335	0.07334	0.01471	0.03812	0.00830	0.07758	0.19745	0.13959	0.13642	0.04059	0.06412	0.00774	0.00541	0.00166	0.00468	0.00636	0.00494	0.04434
5	0.01202	0.01155	0.01574	0.05343	0.01538	0.04226	0.04062	0.05617	0.01002	0.01458	0.00922	0.01408	0.00858	0.02944	0.11928	0.00316	0.51642	0.00502	0.01703	0.00601
6	0.00779	0.00582	0.00865	0.00865	0.00959	0.00675	0.00668	0.00966	0.00873	0.01257	0.01470	0.02198	0.01387	0.07090	0.75711	0.00863	0.01424	0.00592	0.00294	0.00481
7	0.00664	0.00477	0.00630	0.00753	0.00789	0.00443	0.00503	0.00760	0.01049	0.01394	0.03076	0.78362	0.05682	0.01699	0.00694	0.00220	0.00315	0.01539	0.00506	0.00443
8	0.02365	0.00992	0.01298	0.00998	0.01415	0.00902	0.00823	0.11402	0.01681	0.67222	0.03679	0.01838	0.01381	0.00682	0.00550	0.00168	0.00476	0.00551	0.00658	0.00919
9	0.01349	0.01295	0.02213	0.03346	0.77440	0.01295	0.01673	0.01673	0.01241	0.01781	0.01025	0.01349	0.00864	0.00486	0.00540	0.00162	0.00648	0.00486	0.00270	0.00864
10	0.01081	0.00719	0.00890	0.16713	0.01422	0.00802	0.00713	0.04908	0.08386	0.01928	0.01608	0.01890	0.01262	0.00914	0.06926	0.00207	0.00483	0.00519	0.48047	0.00580
11	0.00758	0.00557	0.00710	0.00672	0.00806	0.00509	0.00504	0.01003	0.01512	0.02112	0.69742	0.04194	0.12600	0.01142	0.00643	0.00173	0.00259	0.01003	0.00590	0.00509
12	0.00676	0.00482	0.00637	0.00748	0.00784	0.00451	0.00500	0.00778	0.01067	0.01431	0.07850	0.72364	0.03642	0.04831	0.00775	0.00230	0.00321	0.01482	0.00505	0.00443
13	0.01089	0.01032	0.01706	0.60940	0.13885	0.01246	0.01490	0.01426	0.01093	0.01451	0.00958	0.01411	0.00747	0.00564	0.00635	0.00181	0.06694	0.00480	0.00248	0.02724
14	0.68252	0.01076	0.00902	0.00766	0.01129	0.01192	0.00629	0.06744	0.01068	0.02430	0.00824	0.00946	0.00642	0.00503	0.00360	0.00157	0.00432	0.00312	0.00350	0.11285
15	0.05327	0.01485	0.01577	0.01223	0.01647	0.01650	0.01007	0.67937	0.07301	0.03321	0.01346	0.01339	0.00962	0.00654	0.00538	0.00165	0.00582	0.00491	0.00538	0.00910
16	0.01512	0.00721	0.00966	0.00811	0.01070	0.00641	0.00641	0.01749	0.01551	0.35624	0.43993	0.03092	0.03466	0.00920	0.00601	0.00170	0.00349	0.00792	0.00633	0.00697
17	0.00761	0.00554	0.00716	0.00682	0.00809	0.00509	0.00509	0.01005	0.01508	0.02118	0.70540	0.07122	0.08819	0.01152	0.00645	0.00174	0.00260	0.01017	0.00592	0.00509
18	0.00711	0.00553	0.00825	0.00867	0.00944	0.00514	0.06173	0.00835	0.01070	0.01422	0.02962	0.71500	0.06337	0.01600	0.00690	0.00217	0.00360	0.01465	0.00489	0.00466
19	0.01251	0.01365	0.02628	0.01968	0.02310	0.01489	0.47212	0.01581	0.01115	0.01581	0.00956	0.01365	0.00785	0.00648	0.01079	0.00205	0.30938	0.00580	0.00262	0.00682
20	0.01177	0.00647	0.00859	0.00755	0.00954	0.00584	0.00584	0.01423	0.01547	0.20490	0.59000	0.03536	0.04226	0.01008	0.00620	0.00171	0.00307	0.00880	0.00618	0.00614
21	0.01428	0.00691	0.00927	0.00815	0.01043	0.00617	0.00629	0.01635	0.01453	0.32635	0.32400	0.18019	0.03310	0.01052	0.00615	0.00180	0.00352	0.00918	0.00612	0.00668
22	0.01031	0.01045	0.07331	0.10852	0.01761	0.01042	0.11686	0.04182	0.01066	0.01536	0.01224	0.01707	0.01050	0.02039	0.32694	0.00466	0.10718	0.00539	0.05588	0.02444
23	0.74793	0.01039	0.00857	0.00747	0.01095	0.01172	0.00616	0.01729	0.01004	0.11517	0.00927	0.01002	0.00682	0.00526	0.00363	0.00169	0.00427	0.00326	0.00378	0.00631
24	0.01098	0.01002	0.01433	0.15386	0.01703	0.01337	0.01094	0.01286	0.00925	0.01414	0.00974	0.01445	0.00871	0.01162	0.09300	0.00280	0.47284	0.00493	0.10937	0.00575
25	0.00722	0.00525	0.00598	0.00632	0.00695	0.00491	0.00410	0.00790	0.00993	0.01270	0.03141	0.22594	0.23883	0.37249	0.01619	0.00350	0.00405	0.02810	0.00427	0.00399
26	0.01030	0.00969	0.01635	0.79530	0.03755	0.01211	0.01514	0.01393	0.01090	0.01393	0.00969	0.01453	0.00727	0.00545	0.00545	0.00182	0.00727	0.00484	0.00242	0.00606
27	0.02045	0.01505	0.01613	0.01240	0.01667	0.01665	0.01021	0.73994	0.02525	0.03384	0.01318	0.01358	0.00950	0.02398	0.00594	0.00172	0.00598	0.00497	0.00541	0.00914
28	0.01220	0.01162	0.07014	0.03993	0.01504	0.00889	0.00825	0.09747	0.01290	0.01937	0.01050	0.02812	0.00867	0.00473	0.00440	0.00104	0.00467	0.00380	0.00342	0.63485
29	0.01720	0.11586	0.01669	0.01176	0.01536	0.03212	0.00976	0.41069	0.16290	0.02614	0.01371	0.01449	0.01054	0.02311	0.03383	0.00199	0.06598	0.00494	0.00466	0.00828
30	0.01869	0.01363	0.01472	0.01161	0.01538	0.01499	0.00944	0.63657	0.02318	0.03133	0.01471	0.07390	0.01180	0.02229	0.01791	0.00184	0.00573	0.00579	0.04798	0.00852
31	0.01388	0.06536	0.01323	0.10947	0.03240	0.15120	0.00885	0.10834	0.01393	0.07541	0.10160	0.05639	0.02841	0.06196	0.09926	0.03708	0.00708	0.00602	0.00390	0.00621
32	0.01430	0.75240	0.08543	0.00980	0.01472	0.02090	0.01015	0.01640	0.01111	0.01316	0.00775	0.00895	0.00699	0.00470	0.00363	0.00121	0.00600	0.00300	0.00233	0.00708
33	0.00721	0.00554	0.00652	0.00628	0.00774	0.00493	0.00467	0.00920	0.01392	0.01853	0.45288	0.04523	0.33969	0.04486	0.00731	0.00191	0.00276	0.01044	0.00551	0.00485
34	0.00763	0.00557	0.00716	0.00676	0.00809	0.00511	0.00507	0.01011	0.01522	0.02136	0.72101	0.04155	0.10226	0.01133	0.00643	0.00172	0.00259	0.00998	0.00594	0.00511
35	0.00755	0.00513	0.00606	0.00643	0.00652	0.00503	0.00382	0.00783	0.00867	0.01155	0.02096	0.26177	0.02459	0.57579	0.02164	0.00438	0.00466	0.01015	0.00382	0.00363
36	0.64555	0.00970	0.00818	0.00720	0.01040	0.01084	0.00588	0.01683	0.01028	0.11122	0.01050	0.01143	0.00781	0.00542	0.00367	0.00163	0.00405	0.00352	0.10970	0.00619
37	0.01349	0.01295	0.02213	0.03346	0.77440	0.01295	0.01673	0.01673	0.01241	0.01781	0.01025	0.01349	0.00864	0.00486	0.00540	0.00162	0.00648	0.00486	0.00270	0.00864
38	0.04521	0.02713	0.72951	0.01539	0.02319	0.01267	0.03825	0.01722	0.01145	0.01756	0.00973	0.01148	0.00690	0.00516	0.00514	0.00173	0.00793	0.00405	0.00236	0.00795
39	0.01373	0.01213	0.01279	0.01205	0.04398	0.03342	0.00900	0.02831	0.71587	0.02237	0.02137	0.01980	0.01608	0.00725	0.00553	0.00183	0.00454	0.00604	0.00537	0.00857
40	0.01974	0.01406	0.01510	0.01170	0.01574	0.01545	0.00962	0.66000	0.02390	0.05297	0.01380	0.01398	0.00987	0.00653	0.00529	0.00160	0.00561	0.00494	0.09127	0.00884
41	0.00656	0.00521	0.00590	0.00639	0.00761	0.00455	0.00454	0.00781	0.01172	0.01463	0.06762	0.35398	0.45420	0.01504	0.00665	0.00199	0.00292	0.01306	0.00509	0.00455
42	0.01093	0.02820	0.78016	0.01554	0.02360	0.01266	0.02014	0.01727	0.01151	0.01727	0.00978	0.01151	0.00691	0.00518	0.00518	0.00173	0.00806	0.00403	0.00230	0.00806
43	0.00673	0.00481	0.00642	0.00769	0.00804	0.00450	0.00521	0.00774	0.01052	0.01401	0.03000	0.77514	0.03587	0.01700	0.00698	0.00223	0.00324	0.04436	0.00506	0.00445
44	0.00869	0.00579	0.00760	0.00702	0.00848	0.00531	0.00531	0.01123	0.01544	0.06576	0.72799	0.03944	0.04924	0.01089	0.00638	0.00171	0.00269	0.00961	0.00604	0.00538
45	0.00913	0.02790	0.00784	0.00678	0.00868	0.00600	0.00521	0.03666	0.01428	0.07689	0.35756	0.04187	0.33886	0.03002	0.00674	0.00183	0.00308	0.00979	0.00550	0.00539
46	0.00695	0.00556	0.00623	0.00610	0.00772	0.00483	0.00460	0.00879	0.01353	0.01736	0.31624	0.04835	0.49497	0.01286	0.00646	0.00181	0.00274	0.02470	0.00540	0.00481
47	0.56692	0.20453	0.04239	0.00837	0.01223	0.04161	0.00753	0.03392	0.01040	0.02124	0.00783	0.00906	0.00632	0.00502	0.00357	0.00155	0.00499	0.00305	0.00311	0.00634
48	0.01247	0.21637	0.53516	0.01457	0.05309	0.01464	0.01690	0.01739	0.01161	0.04658	0.00974	0.01121	0.00727	0.00510	0.00479	0.00158	0.00731	0.00385	0.00250	0.00787
49	0.01442	0.79376	0.02813	0.00932	0.01390	0.02124	0.00927	0.01618	0.01103	0.01282	0.00774	0.00903	0.00714	0.00547	0.02092	0.00133	0.00603	0.00298	0.00235	0.00695
50	0.81106	0.01130	0.04113	0.00753	0.01110	0.01225	0.00651	0.01608	0.00937	0.02415	0.00769	0.00897	0.00595	0.00507	0.00345	0.00169	0.00438	0.00300	0.00333	0.00600
51	0.00831	0.00721	0.00731	0.00696	0.00853	0.06844	0.00519	0.01032	0.01422	0.01844	0.44519	0.04211	0.29411	0.03148	0.00684	0.00182	0.00329	0.00986	0.00535	0.00501
52	0.00745	0.00537	0.00706	0.00713	0.00815	0.00498	0.00520	0.00959	0.01403	0.01960	0.55581	0.24646	0.04686	0.01283	0.00660	0.00187	0.00279	0.02756	0.00573	0.00495
53	0.01269	0.01590	0.10794	0.02191	0.04668	0.01369	0.62051	0.01776	0.03965	0.01757	0.01122	0.01450	0.00842	0.00485	0.00644	0.00183	0.02205	0.00611	0.00280	0.00748
54	0.02055	0.01518	0.01626	0.01251	0.01684	0.01682	0.01032	0.73824	0.04390	0.03407	0.01331	0.01327	0.00945	0.00657	0.00546	0.00164	0.00596	0.00494	0.00546	0.00926
55	0.00703	0.00552	0.00635	0.00620	0.00774	0.00484	0.00463	0.00894	0.01373	0.01795	0.38045	0.07324	0.41850	0.01271	0.00646	0.00180	0.00269	0.01089	0.00549	0.00484
56	0.01051	0.00550	0.00557	0.00541	0.00676	0.00557	0.00406	0.04260	0.01188	0.02055	0.01757	0.02057	0.01399	0.03433	0.00471	0.00143	0.00278	0.00517	0.77585	0.00519
57	0.01131	0.10887	0.70277	0.01490	0.02261	0.01358	0.01903	0.01717	0.01147	0.01681	0.00956	0.01123	0.00692	0.00513	0.00501	0.00167	0.00783	0.00391	0.00231	0.00795
58	0.01287	0.01471	0.03217	0.02298	0.02849	0.01379	0.75460	0.01746	0.01287	0.01746	0.01103	0.01471	0.00827	0.00460	0.00643	0.00184	0.00919	0.00643	0.00276	0.00735
59	0.01487	0.07392	0.01394	0.01017	0.01411	0.09290	0.00821	0.13517	0.16168	0.05826	0.02989	0.01440	0.01119	0.00703	0.03518	0.00161	0.00556	0.00443	0.00415	0.30332
60	0.00848	0.00636	0.00799	0.00768	0.00914	0.00626	0.00586	0.01258	0.10993	0.02110	0.57727	0.08328	0.04461	0.01131	0.00643	0.00182	0.00301	0.06553	0.00581	0.00554
61	0.00792	0.00531	0.00606	0.00606	0.00609	0.00535	0.00344	0.00800	0.00796	0.01065	0.01708	0.03512	0.01958	0.77839	0.05743	0.00542	0.00565	0.00785	0.00329	0.00336
62	0.84691	0.01054	0.00801	0.00717	0.01054	0.01223	0.00590	0.01603	0.00928	0.02446	0.00759	0.00886	0.00590	0.00506	0.00337	0.00169	0.00422	0.00295	0.00337	0.00590
63	0.01059	0.00866	0.00916	0.00844	0.01094	0.00910	0.00651	0.01887	0.37811	0.04563	0.07324	0.03510	0.34318	0.01032	0.00597	0.00183	0.00357	0.00862	0.00540	0.00675
64	0.00656	0.00553	0.00568	0.00564	0.00743	0.00465	0.00423	0.00804	0.01270	0.01537	0.11928	0.05142	0.70773	0.01357	0.00644	0.00183	0.00274	0.01136	0.00515	0.00465
65	0.01342	0.01288	0.02200	0.05020	0.75821	0.01293	0.01670	0.01667	0.01238	0.01773	0.01024	0.01352	0.00861	0.00487	0.00540	0.00162	0.00649	0.00486	0.00269	0.00858
66	0.01458	0.81168	0.02857	0.00933	0.01399	0.02157	0.00933	0.01632	0.01108	0.01283	0.00758	0.00875	0.00700	0.00466	0.00350	0.00117	0.00583	0.00292	0.00233	0.00700
67	0.00680	0.00517	0.00627	0.00690	0.00789	0.00465	0.00491	0.00816	0.01182	0.01527	0.13020	0.42430	0.28740	0.01515	0.00674	0.00204	0.00303	0.04351	0.00518	0.00460
68	0.19081	0.00929	0.01131	0.00896	0.01282	0.00868	0.00737	0.02342	0.01422	0.57593	0.05076	0.01757	0.01359	0.00658	0.00506	0.00168	0.00442	0.00515	0.02404	0.00832
69	0.00735	0.00556	0.00678	0.00647	0.00792	0.00499	0.00486	0.00958	0.01457	0.01981	0.56499	0.04411	0.25925	0.01191	0.00643	0.00175	0.00263	0.01033	0.00573	0.00499
70	0.00665	0.00489	0.00625	0.00727	0.00784	0.00448	0.00493	0.00772	0.01090	0.01433	0.06101	0.67003	0.14091	0.01640	0.00687	0.00214	0.00308	0.01472	0.00510	0.00448
71	0.04539	0.07153	0.01509	0.10588	0.01737	0.04956	0.08144	0.01478	0.01153	0.01704	0.00986	0.01205	0.00803	0.00453	0.00441	0.00114	0.00531	0.00380	0.03883	0.48241
72	0.01008	0.00608	0.00967	0.02815	0.00999	0.00600	0.06370	0.02466	0.00823	0.01110	0.00969	0.01607	0.00926	0.01658	0.01867	0.70064	0.00514	0.00481	0.00250	0.03900
73	0.01847	0.02197	0.01573	0.11303	0.01929	0.56670	0.01121	0.07982	0.01516	0.01511	0.00887	0.01085	0.00725	0.00597	0.00602	0.00155	0.06967	0.00389	0.00294	0.00650

[dist]
# distance from previous block
# <min> <max>
0	19

[block]
# block no. 1 follows, 44 sequences, length 37
# corresponding to MSA columns:
# 323-349,354-363
name=unknown_B
#
# <colnr> <probs for GDERKNQSTAVLIFYWHMCP>
#	G	D	E	R	K	N	Q	S	T	A	V	L	I	F	Y	W	H	M	C	P
0	0.00985	0.00854	0.04331	0.01051	0.02718	0.00779	0.06337	0.05444	0.07568	0.03548	0.08047	0.18158	0.14900	0.01225	0.00662	0.00207	0.00460	0.21653	0.00488	0.00586
1	0.00978	0.01183	0.14088	0.04344	0.04321	0.00900	0.19051	0.01277	0.01150	0.01571	0.03342	0.20765	0.05363	0.01118	0.02612	0.05204	0.00627	0.09532	0.00364	0.02212
2	0.69570	0.01057	0.00923	0.05199	0.01241	0.01240	0.00689	0.04118	0.01009	0.02348	0.03393	0.01058	0.00772	0.00559	0.00448	0.00173	0.04912	0.00346	0.00343	0.00601
3	0.01318	0.01264	0.02157	0.10761	0.70268	0.01287	0.01658	0.01646	0.01227	0.01743	0.01020	0.01359	0.00850	0.00492	0.00540	0.00164	0.00655	0.00486	0.00267	0.00838
4	0.01418	0.72733	0.10949	0.01000	0.01503	0.02061	0.01049	0.01643	0.01112	0.01330	0.00782	0.00904	0.00699	0.00472	0.00368	0.00123	0.00607	0.00303	0.00233	0.00711
5	0.00742	0.00506	0.00657	0.00752	0.00819	0.00464	0.00518	0.00851	0.01092	0.04621	0.03237	0.67184	0.11424	0.01624	0.00686	0.00216	0.00323	0.03304	0.00513	0.00467
6	0.00664	0.00474	0.00633	0.00759	0.00791	0.00443	0.00506	0.00759	0.01044	0.01392	0.03005	0.80485	0.03606	0.01708	0.00696	0.00221	0.00316	0.01550	0.00506	0.00443
7	0.01011	0.00609	0.00793	0.00724	0.00895	0.00551	0.00551	0.01245	0.01501	0.13526	0.57385	0.07667	0.09219	0.01095	0.00631	0.00174	0.00293	0.00959	0.00601	0.00570
8	0.00916	0.00586	0.00758	0.00709	0.00862	0.00532	0.00533	0.01145	0.01477	0.09456	0.57554	0.10425	0.10663	0.01144	0.00638	0.00176	0.00284	0.01005	0.00592	0.00544
9	0.00722	0.00562	0.00663	0.00721	0.00828	0.00529	0.00508	0.00961	0.07496	0.01533	0.07526	0.46668	0.26287	0.01495	0.00665	0.00204	0.00311	0.01319	0.00515	0.00487
10	0.02072	0.01527	0.01636	0.01254	0.01691	0.01691	0.01036	0.75622	0.02563	0.03436	0.01309	0.01309	0.00927	0.00654	0.00545	0.00164	0.00600	0.00491	0.00545	0.00927
11	0.01458	0.81168	0.02857	0.00933	0.01399	0.02157	0.00933	0.01632	0.01108	0.01283	0.00758	0.00875	0.00700	0.00466	0.00350	0.00117	0.00583	0.00292	0.00233	0.00700
12	0.02072	0.01527	0.01636	0.01254	0.01691	0.01691	0.01036	0.75622	0.02563	0.03436	0.01309	0.01309	0.00927	0.00654	0.00545	0.00164	0.00600	0.00491	0.00545	0.00927
13	0.84691	0.01054	0.00801	0.00717	0.01054	0.01223	0.00590	0.01603	0.00928	0.02446	0.00759	0.00886	0.00590	0.00506	0.00337	0.00169	0.00422	0.00295	0.00337	0.00590
14	0.01351	0.01311	0.02111	0.03136	0.70062	0.04417	0.01603	0.01663	0.01255	0.01754	0.01122	0.01604	0.00985	0.00546	0.00550	0.00166	0.00653	0.04594	0.00283	0.00834
15	0.00664	0.00474	0.00633	0.00759	0.00791	0.00443	0.00506	0.00759	0.01044	0.01392	0.03005	0.80485	0.03606	0.01708	0.00696	0.00221	0.00316	0.01550	0.00506	0.00443
16	0.02032	0.01507	0.01613	0.01246	0.01675	0.01672	0.01026	0.71539	0.06711	0.03371	0.01360	0.01350	0.00969	0.00659	0.00546	0.00165	0.00590	0.00498	0.00546	0.00924
17	0.00750	0.00519	0.00622	0.00649	0.00683	0.00501	0.00406	0.00817	0.00983	0.01322	0.12869	0.23845	0.06018	0.45522	0.01840	0.00383	0.00424	0.01033	0.00422	0.00391
18	0.00664	0.00474	0.00633	0.00759	0.00791	0.00443	0.00506	0.00759	0.01044	0.01392	0.03005	0.80485	0.03606	0.01708	0.00696	0.00221	0.00316	0.01550	0.00506	0.00443
19	0.01468	0.01142	0.01309	0.09306	0.01650	0.02966	0.00937	0.17486	0.33877	0.07592	0.01740	0.01805	0.01320	0.01242	0.13361	0.00291	0.00681	0.00561	0.00479	0.00787
20	0.00793	0.00529	0.00595	0.00595	0.00595	0.00529	0.00330	0.00793	0.00793	0.01057	0.01718	0.03568	0.01982	0.80840	0.02775	0.00529	0.00529	0.00793	0.00330	0.00330
21	0.01201	0.00686	0.00705	0.00638	0.00819	0.00714	0.00495	0.14242	0.01391	0.02277	0.01697	0.01906	0.01315	0.00639	0.00410	0.00133	0.00314	0.00505	0.69330	0.00581
22	0.04601	0.01874	0.01349	0.01183	0.01477	0.41761	0.00906	0.16055	0.05837	0.01887	0.01339	0.03059	0.04177	0.03150	0.00572	0.00161	0.00735	0.00472	0.05536	0.03871
23	0.01113	0.02697	0.71743	0.01614	0.04262	0.01273	0.04488	0.01753	0.02915	0.01742	0.01013	0.01188	0.00722	0.00520	0.00524	0.00173	0.00797	0.00418	0.00240	0.00806
24	0.00879	0.00628	0.00879	0.01004	0.01130	0.00628	0.00879	0.01130	0.01255	0.01632	0.02887	0.06150	0.03138	0.01506	0.00753	0.00251	0.00502	0.73770	0.00502	0.00502
25	0.01301	0.01373	0.01654	0.01428	0.01464	0.11569	0.01175	0.01423	0.00926	0.01315	0.00732	0.01166	0.00714	0.00904	0.01622	0.00226	0.69702	0.00461	0.00244	0.00601
26	0.01040	0.00979	0.01653	0.77131	0.06076	0.01214	0.01519	0.01402	0.01095	0.01405	0.00971	0.01450	0.00731	0.00543	0.00545	0.00181	0.00724	0.00485	0.00243	0.00614
27	0.00793	0.00529	0.00595	0.00595	0.00595	0.00529	0.00330	0.00793	0.00793	0.01057	0.01718	0.03568	0.01982	0.80840	0.02775	0.00529	0.00529	0.00793	0.00330	0.00330
28	0.00913	0.00645	0.00749	0.00720	0.00802	0.00660	0.00481	0.09541	0.01113	0.01490	0.06544	0.13766	0.06871	0.44868	0.08129	0.00430	0.00552	0.00877	0.00403	0.00447
29	0.01615	0.00976	0.01193	0.00885	0.01334	0.00802	0.00717	0.06205	0.01372	0.27301	0.03762	0.01475	0.01131	0.00531	0.00468	0.00118	0.00431	0.00429	0.00462	0.48792
30	0.00755	0.00581	0.00697	0.00696	0.00836	0.00540	0.00520	0.01024	0.05570	0.01833	0.36968	0.16141	0.25931	0.01281	0.00652	0.00187	0.00293	0.04439	0.00551	0.00506
31	0.06781	0.02760	0.01466	0.01185	0.01550	0.03692	0.07874	0.07177	0.41934	0.16730	0.01882	0.01775	0.01364	0.00670	0.00542	0.00177	0.00514	0.00564	0.00523	0.00840
32	0.01375	0.01474	0.01869	0.01544	0.01684	0.14252	0.11751	0.04050	0.01075	0.01450	0.00812	0.01202	0.00737	0.00809	0.01371	0.00212	0.52958	0.00481	0.00261	0.00633
33	0.00767	0.00603	0.00688	0.00657	0.00824	0.00552	0.00495	0.02791	0.04570	0.01874	0.37520	0.06041	0.38184	0.01223	0.00639	0.00179	0.00283	0.01046	0.00552	0.00513
34	0.01240	0.01774	0.20369	0.02105	0.02701	0.01360	0.56720	0.01731	0.01244	0.01731	0.01065	0.01390	0.00793	0.00485	0.00643	0.00183	0.02869	0.00584	0.00264	0.00748
35	0.00677	0.00484	0.00647	0.00774	0.00811	0.00454	0.00528	0.00781	0.01056	0.01406	0.02998	0.76065	0.03578	0.01696	0.00699	0.00223	0.00327	0.05843	0.00506	0.00446
36	0.02072	0.01527	0.01636	0.01254	0.01691	0.01691	0.01036	0.75622	0.02563	0.03436	0.01309	0.01309	0.00927	0.00654	0.00545	0.00164	0.00600	0.00491	0.00545	0.00927

[dist]
# distance from previous block
# <min> <max>
0	1

[block]
# block no. 2 follows, 44 sequences, length 17
# corresponding to MSA columns:
# 365-381
name=unknown_C
#
# <colnr> <probs for GDERKNQSTAVLIFYWHMCP>
#	G	D	E	R	K	N	Q	S	T	A	V	L	I	F	Y	W	H	M	C	P
0	0.01710	0.06240	0.03542	0.01783	0.21199	0.17628	0.01192	0.27378	0.04585	0.02225	0.01300	0.01417	0.04155	0.00619	0.00556	0.00159	0.02645	0.00480	0.00385	0.00802
1	0.01122	0.00944	0.01103	0.00819	0.01261	0.00736	0.00647	0.03990	0.01174	0.01801	0.01166	0.08341	0.01066	0.00531	0.00435	0.00097	0.00403	0.00440	0.00348	0.73576
2	0.84691	0.01054	0.00801	0.00717	0.01054	0.01223	0.00590	0.01603	0.00928	0.02446	0.00759	0.00886	0.00590	0.00506	0.00337	0.00169	0.00422	0.00295	0.00337	0.00590
3	0.02039	0.02532	0.01551	0.01395	0.01686	0.73903	0.01052	0.06709	0.01608	0.01464	0.00871	0.01003	0.00716	0.00568	0.00495	0.00142	0.00959	0.00360	0.00297	0.00650
4	0.01460	0.01069	0.01204	0.00995	0.01322	0.01086	0.00796	0.33754	0.03573	0.05547	0.04234	0.14443	0.08348	0.00910	0.00570	0.00167	0.00469	0.05113	0.00504	0.14435
5	0.00986	0.00898	0.01444	0.61865	0.03130	0.01084	0.01318	0.01355	0.03663	0.01465	0.03677	0.05461	0.05452	0.00725	0.00573	0.00188	0.00646	0.05174	0.00306	0.00590
6	0.05111	0.27459	0.01919	0.01160	0.01386	0.09089	0.02208	0.01508	0.02541	0.01415	0.03275	0.01397	0.04936	0.00824	0.02767	0.00194	0.31451	0.00454	0.00278	0.00629
7	0.01204	0.01305	0.02688	0.05096	0.07147	0.01275	0.54488	0.01584	0.01213	0.01657	0.01263	0.08877	0.01109	0.02744	0.00765	0.00198	0.05695	0.00706	0.00295	0.00692
8	0.00721	0.00550	0.00683	0.00727	0.00843	0.00483	0.00508	0.00848	0.01109	0.01485	0.06321	0.55062	0.15739	0.01471	0.00650	0.00196	0.00318	0.01312	0.00488	0.10486
9	0.80952	0.01049	0.00822	0.00728	0.01070	0.01204	0.00600	0.01650	0.00957	0.05873	0.00822	0.00930	0.00625	0.00514	0.00347	0.00169	0.00424	0.00307	0.00353	0.00606
10	0.01040	0.00990	0.01700	0.76342	0.03717	0.01218	0.04566	0.01408	0.01098	0.01408	0.00975	0.01454	0.00731	0.00542	0.00549	0.00182	0.00735	0.00491	0.00244	0.00611
11	0.00874	0.00662	0.00931	0.04439	0.05104	0.00660	0.00872	0.01117	0.01251	0.01625	0.05630	0.07148	0.11612	0.01388	0.00715	0.00232	0.00480	0.54257	0.00483	0.00519
12	0.00664	0.00474	0.00633	0.00759	0.00791	0.00443	0.00506	0.00759	0.01044	0.01392	0.03005	0.80485	0.03606	0.01708	0.00696	0.00221	0.00316	0.01550	0.00506	0.00443
13	0.02292	0.00962	0.01261	0.00990	0.01395	0.00880	0.00810	0.02691	0.12129	0.67158	0.02160	0.01881	0.01394	0.00684	0.00549	0.00171	0.00459	0.00558	0.00658	0.00919
14	0.00762	0.00586	0.00687	0.00650	0.00811	0.00530	0.00491	0.03281	0.01455	0.01939	0.46024	0.04456	0.33927	0.01207	0.00640	0.00176	0.00276	0.01036	0.00561	0.00506
15	0.01485	0.73269	0.02730	0.00981	0.01419	0.07017	0.00950	0.01656	0.01126	0.01287	0.00762	0.00893	0.00700	0.00490	0.00411	0.00123	0.03471	0.00302	0.00236	0.00692
16	0.01806	0.01396	0.01626	0.08393	0.01862	0.01523	0.03622	0.54342	0.04333	0.02926	0.01246	0.01327	0.00909	0.00621	0.00565	0.00160	0.02610	0.00481	0.00477	0.09777

[dist]
# distance from previous block
# <min> <max>
0	13

[block]
# block no. 3 follows, 44 sequences, length 20
# corresponding to MSA columns:
# 395-414
name=unknown_D
#
# <colnr> <probs for GDERKNQSTAVLIFYWHMCP>
#	G	D	E	R	K	N	Q	S	T	A	V	L	I	F	Y	W	H	M	C	P
0	0.01598	0.12076	0.16878	0.03138	0.01733	0.14085	0.01171	0.27394	0.04069	0.02190	0.02890	0.07909	0.01148	0.00686	0.00521	0.00162	0.00668	0.00528	0.00390	0.00766
1	0.61863	0.01185	0.01032	0.00865	0.01230	0.01352	0.00714	0.22055	0.01380	0.02720	0.00911	0.01003	0.00683	0.00547	0.00395	0.00167	0.00471	0.00349	0.00395	0.00683
2	0.03066	0.00955	0.04801	0.08459	0.01307	0.04943	0.00752	0.11317	0.01351	0.06872	0.01644	0.08690	0.01371	0.00862	0.03827	0.00184	0.00487	0.00583	0.37913	0.00617
3	0.00805	0.00524	0.00629	0.00633	0.00641	0.00530	0.00378	0.00795	0.00799	0.01072	0.01661	0.06188	0.01883	0.63515	0.07849	0.10091	0.00578	0.00771	0.00324	0.00335
4	0.02600	0.00559	0.00636	0.00628	0.00780	0.00498	0.00467	0.00898	0.01339	0.01775	0.34003	0.11333	0.39980	0.01283	0.00641	0.00182	0.00275	0.01100	0.00540	0.00483
5	0.02446	0.00928	0.01265	0.00970	0.01392	0.00801	0.00801	0.02657	0.01560	0.77817	0.02151	0.01856	0.01350	0.00675	0.00548	0.00169	0.00464	0.00548	0.00675	0.00928
6	0.01234	0.00732	0.00916	0.00799	0.01023	0.00695	0.00622	0.05149	0.07324	0.18576	0.46890	0.03377	0.08460	0.00985	0.00611	0.00172	0.00333	0.00849	0.00604	0.00647
7	0.02052	0.01476	0.01594	0.01231	0.01660	0.01625	0.01014	0.67754	0.06614	0.07275	0.01404	0.01378	0.00990	0.00660	0.00546	0.00165	0.00583	0.00501	0.00553	0.00924
8	0.02426	0.00960	0.01285	0.00985	0.01408	0.00848	0.00814	0.06518	0.01613	0.73881	0.02106	0.01827	0.01327	0.00674	0.00548	0.00168	0.00471	0.00545	0.00668	0.00928
9	0.00779	0.00584	0.00876	0.00876	0.00974	0.00681	0.00681	0.00974	0.00876	0.01266	0.01460	0.02142	0.01363	0.04089	0.78680	0.00876	0.01460	0.00584	0.00292	0.00487
10	0.01090	0.02588	0.68255	0.01509	0.02217	0.01273	0.01883	0.01663	0.01138	0.01708	0.03917	0.01268	0.00866	0.00580	0.00635	0.00178	0.07778	0.00432	0.00245	0.00776
11	0.05823	0.65935	0.04940	0.00957	0.01396	0.06974	0.00931	0.01633	0.01115	0.01351	0.00812	0.01006	0.00749	0.03923	0.00468	0.00140	0.00605	0.00321	0.00246	0.00677
12	0.01256	0.01303	0.09895	0.34560	0.10914	0.01261	0.13603	0.04489	0.01215	0.06507	0.01090	0.01430	0.00819	0.00567	0.00645	0.00180	0.06543	0.00507	0.02510	0.00706
13	0.00731	0.00510	0.00618	0.00667	0.00699	0.00489	0.00421	0.00796	0.00975	0.01300	0.08063	0.35298	0.06833	0.38220	0.01650	0.00358	0.00408	0.01137	0.00432	0.00397
14	0.05530	0.00920	0.01229	0.00951	0.01359	0.00808	0.00784	0.02562	0.01536	0.72396	0.04620	0.01893	0.01448	0.00683	0.00543	0.00169	0.00455	0.00553	0.00659	0.00901
15	0.00702	0.00504	0.00652	0.00744	0.00798	0.00473	0.00515	0.00816	0.01089	0.01447	0.08862	0.55760	0.08404	0.09348	0.00896	0.00247	0.00345	0.07457	0.00496	0.00444
16	0.00773	0.00537	0.00616	0.00607	0.00652	0.00518	0.00375	0.00837	0.00985	0.01318	0.16549	0.03845	0.10694	0.57037	0.02138	0.00423	0.00449	0.00868	0.00401	0.00380
17	0.01767	0.03339	0.01741	0.10649	0.05177	0.01616	0.03341	0.50145	0.02037	0.02748	0.01161	0.01307	0.00865	0.00662	0.00703	0.00175	0.10802	0.00488	0.00443	0.00833
18	0.00776	0.00588	0.00772	0.05689	0.01030	0.00569	0.00606	0.01026	0.03340	0.01841	0.40027	0.20058	0.12657	0.01258	0.00655	0.00191	0.00328	0.07544	0.00537	0.00507
19	0.07274	0.01537	0.05399	0.01221	0.01661	0.01609	0.01044	0.65275	0.02362	0.03255	0.03186	0.01344	0.01001	0.00650	0.00533	0.00165	0.00590	0.00486	0.00518	0.00889

[dist]
# distance from previous block
# <min> <max>
24	52

[block]
# block no. 4 follows, 44 sequences, length 16
# corresponding to MSA columns:
# 474-489
name=unknown_E
#
# <colnr> <probs for GDERKNQSTAVLIFYWHMCP>
#	G	D	E	R	K	N	Q	S	T	A	V	L	I	F	Y	W	H	M	C	P
0	0.02900	0.00947	0.01352	0.26762	0.13889	0.01049	0.01081	0.05892	0.10258	0.01806	0.12826	0.02409	0.07058	0.06968	0.00740	0.00205	0.00543	0.02278	0.00388	0.00648
1	0.01392	0.05692	0.01448	0.01142	0.01469	0.08575	0.06577	0.11378	0.29793	0.03287	0.01953	0.06137	0.06761	0.00949	0.05199	0.00210	0.00594	0.00625	0.00453	0.06365
2	0.03573	0.07505	0.03300	0.01136	0.01509	0.11313	0.00946	0.40652	0.01973	0.06639	0.05993	0.01681	0.05412	0.00881	0.04855	0.00199	0.00651	0.00526	0.00470	0.00787
3	0.00806	0.00599	0.00668	0.00639	0.00838	0.00510	0.00490	0.00973	0.01282	0.06123	0.13021	0.07713	0.53357	0.01273	0.00633	0.00181	0.00306	0.04916	0.00517	0.05154
4	0.03096	0.01030	0.01310	0.26549	0.02038	0.01197	0.01009	0.23158	0.03292	0.02151	0.01293	0.01635	0.01017	0.04958	0.00707	0.00187	0.05742	0.00507	0.18455	0.00669
5	0.84691	0.01054	0.00801	0.00717	0.01054	0.01223	0.00590	0.01603	0.00928	0.02446	0.00759	0.00886	0.00590	0.00506	0.00337	0.00169	0.00422	0.00295	0.00337	0.00590
6	0.01397	0.01139	0.01219	0.01089	0.01398	0.01300	0.00849	0.02827	0.70117	0.06351	0.04515	0.02087	0.01754	0.00748	0.00557	0.00184	0.00428	0.00624	0.00563	0.00856
7	0.00660	0.00553	0.00573	0.00568	0.00746	0.00467	0.00426	0.00812	0.01279	0.01558	0.14078	0.05106	0.68610	0.01349	0.00644	0.00183	0.00274	0.01131	0.00517	0.00467
8	0.00947	0.00473	0.00710	0.00710	0.00710	0.00473	0.00473	0.00710	0.00710	0.00947	0.00947	0.01657	0.00947	0.01894	0.02131	0.84138	0.00473	0.00473	0.00237	0.00237
9	0.02029	0.01550	0.01609	0.01252	0.01675	0.04783	0.01027	0.68411	0.06831	0.03284	0.01343	0.01338	0.00961	0.00656	0.00544	0.00164	0.00606	0.00493	0.00535	0.00911
10	0.00883	0.00648	0.00869	0.00973	0.01109	0.00651	0.00836	0.01194	0.05432	0.01650	0.03023	0.08243	0.07844	0.01462	0.00733	0.00242	0.00478	0.62707	0.00505	0.00518
11	0.01135	0.00667	0.00745	0.08394	0.01060	0.00709	0.00566	0.09540	0.01296	0.02125	0.01646	0.01895	0.01279	0.00628	0.00416	0.00136	0.00339	0.00504	0.66355	0.00564
12	0.00793	0.00529	0.00595	0.00595	0.00595	0.00529	0.00330	0.00793	0.00793	0.01057	0.01718	0.03568	0.01982	0.80840	0.02775	0.00529	0.00529	0.00793	0.00330	0.00330
13	0.00670	0.00556	0.00590	0.00601	0.00773	0.00476	0.00458	0.00823	0.01256	0.01526	0.09636	0.07617	0.64880	0.01384	0.00654	0.00190	0.00293	0.06640	0.00512	0.00466
14	0.01947	0.01436	0.01596	0.07135	0.01815	0.01574	0.01043	0.63662	0.02340	0.05149	0.01285	0.01324	0.00916	0.00632	0.00537	0.00160	0.00594	0.00482	0.00513	0.05861
15	0.01350	0.03052	0.03211	0.07373	0.25403	0.08016	0.06228	0.06285	0.18308	0.01853	0.01498	0.03637	0.03511	0.00828	0.04796	0.00210	0.02751	0.00562	0.00362	0.00765

[dist]
# distance from previous block
# <min> <max>
3	9

[block]
# block no. 5 follows, 44 sequences, length 12
# corresponding to MSA columns:
# 501-512
name=unknown_F
#
# <colnr> <probs for GDERKNQSTAVLIFYWHMCP>
#	G	D	E	R	K	N	Q	S	T	A	V	L	I	F	Y	W	H	M	C	P
0	0.18372	0.09695	0.45809	0.01248	0.01859	0.04332	0.01463	0.01717	0.01129	0.04263	0.00984	0.01129	0.00727	0.00523	0.00458	0.00163	0.00675	0.00378	0.04341	0.00734
1	0.01019	0.02693	0.01183	0.03341	0.01201	0.05950	0.00847	0.01178	0.00929	0.01316	0.01236	0.03803	0.01192	0.07981	0.34574	0.00516	0.25321	0.00562	0.04629	0.00527
2	0.03388	0.08925	0.01523	0.01253	0.03677	0.36196	0.00958	0.08646	0.01399	0.05662	0.01079	0.01350	0.00914	0.03566	0.14296	0.00289	0.05470	0.00433	0.00324	0.00651
3	0.01237	0.00999	0.01165	0.00840	0.01319	0.00785	0.00675	0.05696	0.01230	0.04889	0.01035	0.01170	0.00836	0.00429	0.00418	0.00089	0.00417	0.00342	0.00350	0.76080
4	0.00729	0.00553	0.00672	0.00648	0.00790	0.00495	0.00484	0.00945	0.01435	0.01943	0.52911	0.07253	0.26716	0.01216	0.00645	0.00177	0.00265	0.01056	0.00568	0.00495
5	0.00694	0.00495	0.00658	0.00764	0.00810	0.00466	0.00527	0.00812	0.01096	0.01470	0.09782	0.65324	0.03655	0.04508	0.00770	0.00230	0.00332	0.06648	0.00508	0.00450
6	0.02446	0.00928	0.01265	0.00970	0.01392	0.00801	0.00801	0.02657	0.01560	0.77817	0.02151	0.01856	0.01350	0.00675	0.00548	0.00169	0.00464	0.00548	0.00675	0.00928
7	0.00753	0.00609	0.00682	0.00685	0.00859	0.00560	0.00535	0.01030	0.06688	0.01677	0.17099	0.04956	0.48036	0.01309	0.00655	0.00192	0.00319	0.12326	0.00525	0.00505
8	0.00682	0.00529	0.00621	0.00650	0.00773	0.00468	0.00468	0.00837	0.01257	0.01627	0.22713	0.28185	0.36408	0.01415	0.00660	0.00192	0.00284	0.01233	0.00530	0.00468
9	0.00726	0.00550	0.00717	0.04591	0.00989	0.00524	0.00606	0.00884	0.01164	0.01510	0.08612	0.40814	0.19541	0.01500	0.00684	0.00213	0.00359	0.15044	0.00499	0.00471
10	0.01810	0.02179	0.01582	0.01406	0.01617	0.54971	0.01090	0.04709	0.01392	0.01407	0.00826	0.01052	0.00714	0.00671	0.00844	0.00168	0.22258	0.00390	0.00279	0.00634
11	0.01046	0.00986	0.01665	0.75660	0.07498	0.01216	0.01522	0.01407	0.01098	0.01413	0.00972	0.01448	0.00734	0.00542	0.00545	0.00181	0.00723	0.00485	0.00244	0.00619

[dist]
# distance from previous block
# <min> <max>
2	6

[block]
# block no. 6 follows, 44 sequences, length 24
# corresponding to MSA columns:
# 520-543
name=unknown_G
#
# <colnr> <probs for GDERKNQSTAVLIFYWHMCP>
#	G	D	E	R	K	N	Q	S	T	A	V	L	I	F	Y	W	H	M	C	P
0	0.06422	0.14743	0.04643	0.00830	0.01047	0.00947	0.00694	0.02338	0.02651	0.04420	0.11496	0.19206	0.04999	0.06401	0.11179	0.00289	0.01682	0.00794	0.04656	0.00561
1	0.00918	0.00682	0.00992	0.13419	0.01409	0.00712	0.02956	0.01116	0.01191	0.05977	0.17918	0.26921	0.06100	0.06354	0.00843	0.00222	0.04472	0.06808	0.00461	0.00526
2	0.01979	0.02382	0.01525	0.01366	0.01662	0.65370	0.01035	0.08309	0.08339	0.01593	0.01004	0.01104	0.00807	0.00585	0.00502	0.00146	0.00902	0.00386	0.00327	0.00677
3	0.01190	0.23495	0.58182	0.01390	0.02106	0.01501	0.01729	0.01702	0.01140	0.01609	0.00920	0.01078	0.00693	0.00504	0.00474	0.00158	0.00747	0.00373	0.00231	0.00778
4	0.00666	0.00482	0.00631	0.00744	0.00788	0.00446	0.00501	0.00769	0.01072	0.01422	0.05531	0.73553	0.08041	0.01669	0.00691	0.00218	0.00312	0.01508	0.00509	0.00446
5	0.01100	0.00699	0.00881	0.00855	0.01019	0.00686	0.00648	0.10529	0.01381	0.11196	0.12043	0.35288	0.07386	0.01490	0.05700	0.00244	0.00450	0.07294	0.00529	0.00582
6	0.00693	0.00493	0.00656	0.00776	0.00816	0.00466	0.00536	0.00799	0.01053	0.01399	0.02927	0.68900	0.03475	0.05717	0.00808	0.00240	0.00346	0.08961	0.00497	0.00443
7	0.00723	0.00519	0.00650	0.00698	0.00750	0.00510	0.00466	0.00812	0.00975	0.01296	0.04528	0.33372	0.11482	0.27208	0.13109	0.00412	0.00550	0.01102	0.00420	0.00417
8	0.41029	0.01647	0.26110	0.06994	0.01744	0.01242	0.01165	0.06478	0.01155	0.06548	0.00962	0.01098	0.00699	0.00532	0.00438	0.00171	0.00584	0.00372	0.00328	0.00703
9	0.00909	0.00519	0.00716	0.00725	0.00751	0.00540	0.00501	0.00837	0.00837	0.01198	0.01423	0.13693	0.01471	0.05780	0.05393	0.48120	0.04028	0.00662	0.11559	0.00337
10	0.01753	0.17352	0.01649	0.01169	0.01469	0.45376	0.00921	0.03047	0.03333	0.05821	0.04601	0.01475	0.03254	0.05800	0.00629	0.00167	0.00773	0.00440	0.00330	0.00643
11	0.01163	0.00886	0.01060	0.02951	0.06116	0.00897	0.00761	0.10107	0.15791	0.06423	0.15558	0.04826	0.21028	0.00980	0.00598	0.00178	0.00406	0.05297	0.00515	0.04461
12	0.01390	0.01463	0.06914	0.18131	0.33108	0.09304	0.01455	0.10185	0.01360	0.01801	0.01132	0.01416	0.03002	0.00587	0.00628	0.00171	0.06410	0.00485	0.00299	0.00760
13	0.06781	0.15059	0.36516	0.01476	0.09328	0.01411	0.01467	0.06919	0.06547	0.07890	0.01135	0.01237	0.00839	0.00543	0.00488	0.00162	0.00661	0.00418	0.00321	0.00802
14	0.13565	0.03327	0.07321	0.10985	0.04215	0.05933	0.06622	0.01572	0.05919	0.01672	0.01087	0.05315	0.00951	0.00726	0.00880	0.00191	0.24102	0.00511	0.04465	0.00641
15	0.10286	0.03327	0.06245	0.01125	0.03690	0.03202	0.00927	0.23084	0.13753	0.16344	0.06801	0.01800	0.03016	0.03252	0.00598	0.00180	0.00521	0.00545	0.00502	0.00802
16	0.00815	0.00568	0.00663	0.00665	0.00824	0.00497	0.00496	0.00972	0.01273	0.07396	0.16152	0.20769	0.41655	0.01358	0.00652	0.00191	0.00304	0.03714	0.00534	0.00502
17	0.01244	0.06855	0.01739	0.03574	0.01603	0.04194	0.13554	0.06833	0.06008	0.01637	0.01160	0.01587	0.01008	0.05574	0.10210	0.00289	0.25146	0.00530	0.06619	0.00636
18	0.00840	0.00636	0.00843	0.02874	0.00961	0.00667	0.00613	0.01029	0.01266	0.03505	0.38504	0.14761	0.10001	0.06423	0.05418	0.00251	0.09441	0.00966	0.00494	0.00507
19	0.00672	0.00535	0.00592	0.00614	0.00747	0.00467	0.00439	0.00805	0.01204	0.01507	0.12599	0.21113	0.48684	0.06564	0.00793	0.00213	0.00299	0.01195	0.00505	0.00454
20	0.01859	0.01362	0.01492	0.01176	0.01555	0.01511	0.00964	0.62829	0.02284	0.03092	0.01347	0.01448	0.01003	0.01115	0.11024	0.00258	0.00702	0.00504	0.03622	0.00852
21	0.06105	0.01330	0.07770	0.06330	0.02089	0.01263	0.29712	0.10217	0.09180	0.01972	0.01281	0.02620	0.01001	0.00774	0.04197	0.02272	0.03916	0.00564	0.06698	0.00709
22	0.00796	0.00569	0.00800	0.00800	0.00880	0.00641	0.00595	0.00956	0.00876	0.01270	0.01529	0.02413	0.01486	0.18849	0.59263	0.00764	0.01207	0.00620	0.05229	0.00458
23	0.01580	0.01062	0.01233	0.03064	0.01379	0.01113	0.00822	0.33451	0.05178	0.12369	0.15007	0.12025	0.02148	0.02900	0.00638	0.00183	0.00474	0.01941	0.00547	0.02887

[dist]
# distance from previous block
# <min> <max>
0	2

[block]
# block no. 7 follows, 44 sequences, length 48
# corresponding to MSA columns:
# 552-599
name=unknown_H
#
# <colnr> <probs for GDERKNQSTAVLIFYWHMCP>
#	G	D	E	R	K	N	Q	S	T	A	V	L	I	F	Y	W	H	M	C	P
0	0.01131	0.08761	0.68654	0.01542	0.02310	0.01340	0.05467	0.01720	0.01154	0.01693	0.00967	0.01145	0.00698	0.00511	0.00511	0.00169	0.00794	0.00406	0.00233	0.00794
1	0.01658	0.07492	0.01311	0.00945	0.01299	0.01021	0.00774	0.11461	0.05412	0.28103	0.02134	0.07657	0.10132	0.00787	0.00591	0.00160	0.04269	0.00628	0.00509	0.13658
2	0.76365	0.01073	0.00868	0.00758	0.01104	0.01227	0.00624	0.05566	0.01045	0.06126	0.00855	0.00955	0.00645	0.00522	0.00359	0.00168	0.00433	0.00318	0.00365	0.00624
3	0.01395	0.01098	0.01216	0.00902	0.01357	0.04945	0.00724	0.07245	0.01304	0.10140	0.01112	0.01216	0.00868	0.00471	0.00460	0.00103	0.01907	0.00365	0.00375	0.62798
4	0.00692	0.00499	0.00647	0.00755	0.00797	0.00474	0.00505	0.00825	0.03102	0.01413	0.04307	0.71512	0.04670	0.06017	0.00805	0.00236	0.00329	0.01466	0.00499	0.00450
5	0.02400	0.00918	0.01251	0.00962	0.01376	0.00793	0.00793	0.02613	0.01560	0.75760	0.04191	0.01916	0.01453	0.00687	0.00551	0.00169	0.00458	0.00560	0.00673	0.00917
6	0.00911	0.00809	0.01108	0.01050	0.01082	0.01012	0.00816	0.01025	0.00943	0.01342	0.01980	0.31949	0.06677	0.03710	0.07670	0.00289	0.35801	0.00947	0.00365	0.00513
7	0.01622	0.15740	0.11122	0.02802	0.05972	0.11800	0.01182	0.24599	0.05740	0.02109	0.01076	0.01213	0.00845	0.00620	0.00643	0.00163	0.09880	0.00432	0.01665	0.00775
8	0.00663	0.00546	0.00582	0.00587	0.00751	0.00466	0.00435	0.00813	0.01266	0.01560	0.14739	0.11333	0.61629	0.01373	0.00648	0.00186	0.00277	0.01162	0.00519	0.00466
9	0.01418	0.00894	0.01066	0.00895	0.01164	0.00898	0.00709	0.18567	0.07350	0.16466	0.37228	0.02926	0.06278	0.00911	0.00597	0.00171	0.00388	0.00771	0.00594	0.00709
10	0.01332	0.16514	0.54321	0.01371	0.02065	0.01382	0.01664	0.03459	0.01221	0.10238	0.01078	0.01185	0.00772	0.00529	0.00492	0.00162	0.00723	0.00401	0.00288	0.00803
11	0.00738	0.00556	0.00683	0.00651	0.00794	0.00500	0.00488	0.00965	0.01465	0.02000	0.58497	0.04378	0.23915	0.01184	0.00643	0.00175	0.00262	0.01029	0.00576	0.00500
12	0.01134	0.00981	0.01160	0.00842	0.01300	0.00779	0.00676	0.01369	0.01114	0.01751	0.00955	0.01134	0.00802	0.00434	0.00480	0.00089	0.04772	0.00331	0.00318	0.79577
13	0.07648	0.02807	0.06349	0.02684	0.01670	0.06962	0.10201	0.01469	0.00976	0.01477	0.00818	0.01213	0.00737	0.00886	0.03651	0.00232	0.48869	0.00470	0.00255	0.00627
14	0.03081	0.01038	0.01160	0.01008	0.01271	0.01107	0.00790	0.36888	0.03752	0.04510	0.02175	0.25127	0.05944	0.04312	0.00694	0.00202	0.00479	0.05236	0.00520	0.00703
15	0.10039	0.03712	0.01128	0.02534	0.01207	0.04380	0.00743	0.13274	0.02331	0.01825	0.01294	0.03461	0.01177	0.10728	0.23596	0.00406	0.04954	0.00525	0.03179	0.09507
16	0.84691	0.01054	0.00801	0.00717	0.01054	0.01223	0.00590	0.01603	0.00928	0.02446	0.00759	0.00886	0.00590	0.00506	0.00337	0.00169	0.00422	0.00295	0.00337	0.00590
17	0.00766	0.00533	0.00626	0.00647	0.00665	0.00532	0.00393	0.00799	0.00870	0.01155	0.02153	0.19331	0.06155	0.57731	0.03447	0.00448	0.02051	0.00957	0.00373	0.00368
18	0.05076	0.00888	0.01186	0.00934	0.01316	0.00781	0.00762	0.02430	0.01511	0.66977	0.06433	0.05999	0.01657	0.00747	0.00554	0.00172	0.00443	0.00616	0.00650	0.00868
19	0.00731	0.00510	0.00621	0.00669	0.00702	0.00489	0.00423	0.00800	0.00983	0.01315	0.09207	0.35645	0.06001	0.37539	0.01632	0.00355	0.00406	0.01139	0.00435	0.00399
20	0.00692	0.00495	0.00660	0.00756	0.00808	0.00463	0.00522	0.00823	0.01142	0.01545	0.16403	0.63731	0.03865	0.01593	0.00689	0.00214	0.00313	0.04306	0.00523	0.00458
21	0.00783	0.00526	0.00606	0.00621	0.00627	0.00523	0.00362	0.00799	0.00829	0.01104	0.01871	0.10943	0.02167	0.71220	0.02524	0.00492	0.00508	0.02799	0.00352	0.00346
22	0.01030	0.00969	0.01635	0.79530	0.03755	0.01211	0.01514	0.01393	0.01090	0.01393	0.00969	0.01453	0.00727	0.00545	0.00545	0.00182	0.00727	0.00484	0.00242	0.00606
23	0.01266	0.03110	0.08699	0.00855	0.01159	0.00734	0.00759	0.01559	0.04221	0.22295	0.20016	0.05448	0.22157	0.01008	0.00601	0.00178	0.00402	0.04338	0.00539	0.00657
24	0.69840	0.05659	0.00995	0.00788	0.01135	0.05353	0.00653	0.02821	0.01030	0.06482	0.00848	0.00950	0.00649	0.00518	0.00361	0.00164	0.00466	0.00315	0.00350	0.00622
25	0.01443	0.77983	0.05912	0.00958	0.01438	0.02121	0.00977	0.01636	0.01110	0.01301	0.00767	0.00886	0.00699	0.00469	0.00357	0.00119	0.00592	0.00296	0.00233	0.00704
26	0.01724	0.00775	0.01009	0.00835	0.01147	0.00674	0.00674	0.01928	0.01476	0.46084	0.14718	0.03122	0.18653	0.00933	0.00593	0.00176	0.00392	0.03726	0.00619	0.00743
27	0.00744	0.00546	0.00721	0.00869	0.05011	0.00502	0.00561	0.00863	0.01105	0.03408	0.03337	0.60252	0.16941	0.01554	0.00674	0.00210	0.00331	0.01392	0.00497	0.00482
28	0.00675	0.00489	0.00638	0.00737	0.00790	0.00452	0.00501	0.00790	0.01112	0.01484	0.11233	0.67071	0.08774	0.01621	0.00687	0.00213	0.00307	0.01461	0.00516	0.00452
29	0.00838	0.00599	0.00830	0.00942	0.01054	0.00591	0.00794	0.01067	0.01248	0.01642	0.09022	0.16862	0.03371	0.01503	0.00736	0.00240	0.00455	0.57200	0.00511	0.00494
30	0.01490	0.76733	0.02783	0.00959	0.01415	0.06476	0.00940	0.01663	0.01132	0.01286	0.00763	0.00881	0.00700	0.00472	0.00358	0.00118	0.00606	0.00295	0.00236	0.00696
31	0.00783	0.00515	0.00649	0.00715	0.00765	0.00484	0.00469	0.00861	0.01012	0.04986	0.02754	0.52253	0.06956	0.22700	0.01239	0.00299	0.00378	0.01279	0.00467	0.00437
32	0.01179	0.01058	0.01668	0.65347	0.07706	0.01276	0.01463	0.10730	0.01284	0.01672	0.01015	0.01429	0.00760	0.00555	0.00545	0.00178	0.00706	0.00485	0.00282	0.00661
