[name]
unknown

[dist]
# distance from previous block
# <min> <max>
0	0

[block]
# block no. 0 follows, 38 sequences, length 11
# corresponding to MSA columns:
# 0-10
name=unknown_A
#
# <colnr> <probs for GDERKNQSTAVLIFYWHMCP>
#	G	D	E	R	K	N	Q	S	T	A	V	L	I	F	Y	W	H	M	C	P
0	0.00969	0.00692	0.00969	0.01108	0.01246	0.00692	0.00969	0.01246	0.01385	0.01800	0.03185	0.06786	0.03462	0.01662	0.00831	0.00277	0.00554	0.71057	0.00554	0.00554
1	0.02699	0.01024	0.01396	0.01070	0.01536	0.00884	0.00884	0.02932	0.01722	0.75522	0.02373	0.02048	0.01489	0.00745	0.00605	0.00186	0.00512	0.00605	0.00745	0.01024
2	0.01489	0.01429	0.02442	0.03692	0.75106	0.01429	0.01846	0.01846	0.01370	0.01965	0.01132	0.01489	0.00953	0.00536	0.00596	0.00179	0.00715	0.00536	0.00298	0.00953
3	0.02018	0.01045	0.01326	0.00986	0.01484	0.00846	0.00804	0.02267	0.01499	0.40992	0.01761	0.01672	0.01208	0.00604	0.00530	0.00141	0.00481	0.00488	0.00562	0.39286
4	0.01166	0.01100	0.01858	0.71175	0.10147	0.01344	0.01686	0.01563	0.01217	0.01573	0.01075	0.01594	0.00815	0.00596	0.00601	0.00199	0.00795	0.00535	0.00270	0.00692
5	0.01554	0.01566	0.02334	0.06841	0.64044	0.09425	0.01765	0.01891	0.01398	0.01893	0.01107	0.01451	0.00927	0.00548	0.00590	0.00177	0.00758	0.00520	0.00298	0.00913
6	0.01468	0.01302	0.02186	0.01784	0.09891	0.01148	0.25766	0.01874	0.03874	0.08404	0.01289	0.01507	0.00990	0.00515	0.00572	0.00150	0.00677	0.00530	0.00375	0.35696
7	0.10180	0.01394	0.02273	0.03216	0.61058	0.01398	0.04700	0.01827	0.01330	0.02042	0.01101	0.01430	0.00916	0.00533	0.00570	0.00177	0.00690	0.00513	0.00308	0.04342
8	0.10215	0.02091	0.01677	0.01774	0.15716	0.40263	0.01169	0.04178	0.03693	0.01844	0.01186	0.01352	0.03044	0.00616	0.00534	0.00160	0.00834	0.00446	0.00343	0.08865
9	0.04343	0.24912	0.27500	0.01409	0.01981	0.21843	0.01457	0.02088	0.06098	0.01713	0.01050	0.01186	0.00835	0.00584	0.00506	0.00164	0.00830	0.00405	0.00297	0.00800
10	0.10314	0.20654	0.43023	0.01419	0.02111	0.06545	0.01654	0.01936	0.01277	0.04519	0.01033	0.01183	0.00780	0.00566	0.00506	0.00173	0.00785	0.00405	0.00289	0.00828

[dist]
# distance from previous block
# <min> <max>
3	18

[block]
# block no. 1 follows, 38 sequences, length 30
# corresponding to MSA columns:
# 29-58
name=unknown_B
#
# <colnr> <probs for GDERKNQSTAVLIFYWHMCP>
#	G	D	E	R	K	N	Q	S	T	A	V	L	I	F	Y	W	H	M	C	P
0	0.14127	0.01506	0.01576	0.01244	0.01694	0.01658	0.01020	0.48158	0.10916	0.07079	0.01508	0.01494	0.01084	0.00701	0.00564	0.00181	0.00596	0.00523	0.00568	0.03804
1	0.67483	0.01421	0.11453	0.02613	0.01423	0.01333	0.00890	0.01758	0.01072	0.02532	0.01021	0.01164	0.02706	0.00588	0.00415	0.00188	0.00528	0.00373	0.00358	0.00681
2	0.08400	0.01037	0.01348	0.01037	0.01501	0.00912	0.00855	0.02744	0.01637	0.64872	0.02167	0.01912	0.01385	0.00709	0.00576	0.00179	0.00504	0.00567	0.00689	0.06969
3	0.01030	0.00832	0.01124	0.01284	0.12434	0.00830	0.00819	0.01516	0.12449	0.02245	0.43144	0.11610	0.06006	0.01138	0.00684	0.00196	0.00387	0.01013	0.00585	0.00675
4	0.00841	0.00615	0.00790	0.00746	0.00892	0.00563	0.00559	0.01115	0.01678	0.02354	0.69732	0.04589	0.10769	0.01251	0.00710	0.00190	0.00285	0.01101	0.00655	0.00563
5	0.00980	0.00854	0.01357	0.31416	0.05898	0.00964	0.03083	0.01232	0.01198	0.01593	0.04511	0.36093	0.02396	0.01212	0.00746	0.00222	0.04147	0.01084	0.00413	0.00602
6	0.01316	0.01316	0.01843	0.01579	0.01579	0.01843	0.01316	0.01448	0.00921	0.01448	0.00790	0.01316	0.00790	0.01053	0.01974	0.00263	0.77757	0.00526	0.00263	0.00658
7	0.01420	0.01623	0.03550	0.02535	0.03144	0.01521	0.72921	0.01927	0.01420	0.01927	0.01217	0.01623	0.00913	0.00507	0.00710	0.00203	0.01014	0.00710	0.00304	0.00811
8	0.01477	0.01417	0.02420	0.06259	0.72635	0.01426	0.01840	0.01835	0.01364	0.01950	0.01129	0.01493	0.00948	0.00538	0.00596	0.00179	0.00718	0.00536	0.00297	0.00943
9	0.00733	0.00524	0.00698	0.00838	0.00873	0.00489	0.00558	0.00838	0.01152	0.01536	0.03316	0.78466	0.03979	0.01885	0.00768	0.00244	0.00349	0.01710	0.00558	0.00489
10	0.01167	0.00579	0.00596	0.00584	0.00729	0.00574	0.00435	0.01432	0.01260	0.04862	0.01974	0.02316	0.01571	0.04428	0.00553	0.00163	0.00303	0.00577	0.75329	0.00568
11	0.00745	0.00538	0.00706	0.00818	0.00873	0.00498	0.00555	0.00872	0.01224	0.01639	0.11522	0.66694	0.07500	0.01794	0.00759	0.00236	0.00340	0.01619	0.00570	0.00498
12	0.02259	0.01671	0.01790	0.01378	0.01855	0.01853	0.01137	0.70636	0.05338	0.03746	0.01480	0.01473	0.01052	0.00725	0.00602	0.00181	0.00655	0.00546	0.00602	0.01021
13	0.00722	0.00610	0.00625	0.00621	0.00820	0.00513	0.00466	0.00886	0.01398	0.01690	0.11718	0.05683	0.69198	0.01499	0.00711	0.00202	0.00303	0.01255	0.00567	0.00513
14	0.01594	0.76426	0.05818	0.01054	0.01583	0.02344	0.01073	0.01805	0.01224	0.01433	0.00845	0.00976	0.00772	0.00517	0.00393	0.00131	0.00652	0.00326	0.00257	0.00776
15	0.00918	0.00677	0.00859	0.00939	0.01070	0.00666	0.00760	0.01184	0.04556	0.01687	0.03467	0.10624	0.15626	0.13515	0.01140	0.00306	0.00498	0.40448	0.00528	0.00530
16	0.01499	0.28871	0.26566	0.01649	0.10608	0.07325	0.04115	0.01892	0.01331	0.03941	0.03475	0.01319	0.00984	0.00572	0.00514	0.00162	0.00756	0.00441	0.00298	0.03682
17	0.01742	0.01949	0.02010	0.02603	0.39604	0.32015	0.01470	0.01998	0.01490	0.01732	0.01213	0.07098	0.01107	0.00671	0.00587	0.00174	0.00839	0.00563	0.00322	0.00814
18	0.01183	0.01147	0.02041	0.62730	0.03859	0.01359	0.12381	0.01591	0.01231	0.01609	0.01105	0.01614	0.00835	0.00599	0.00644	0.00201	0.02536	0.00561	0.02086	0.00687
19	0.01116	0.01056	0.01877	0.43026	0.03110	0.01189	0.15118	0.01467	0.01229	0.01636	0.01566	0.16732	0.01476	0.00851	0.00684	0.00209	0.02754	0.00800	0.03447	0.00656
20	0.00728	0.00607	0.00635	0.00635	0.00824	0.00514	0.00473	0.00893	0.01400	0.01710	0.13679	0.08408	0.64420	0.01504	0.00713	0.00203	0.00304	0.01266	0.00570	0.00514
21	0.00911	0.00718	0.01055	0.01026	0.01118	0.00869	0.00803	0.01110	0.00959	0.01395	0.01528	0.02295	0.01445	0.06438	0.65863	0.00876	0.10091	0.00639	0.00317	0.00545
22	0.83108	0.01163	0.00884	0.00791	0.01163	0.01350	0.00651	0.01768	0.01024	0.02699	0.00838	0.00977	0.00651	0.00558	0.00372	0.00186	0.00465	0.00326	0.00372	0.00651
23	0.00909	0.00696	0.01016	0.00994	0.01091	0.00831	0.00776	0.01114	0.00973	0.01430	0.01564	0.02310	0.01463	0.05911	0.65333	0.00865	0.07882	0.00637	0.03663	0.00544
24	0.01496	0.01292	0.01360	0.01224	0.01564	0.01496	0.00952	0.03197	0.74019	0.02516	0.02448	0.02244	0.01836	0.00816	0.00612	0.00204	0.00476	0.00680	0.00612	0.00952
25	0.01223	0.06221	0.72776	0.01687	0.02560	0.01437	0.02174	0.01901	0.01268	0.01885	0.01070	0.01258	0.00762	0.00569	0.00564	0.00188	0.00879	0.00440	0.00254	0.00884
26	0.00747	0.00546	0.00707	0.00829	0.00892	0.00506	0.00576	0.00870	0.01196	0.01566	0.03653	0.64205	0.12780	0.01823	0.00765	0.00242	0.00358	0.06684	0.00558	0.00496
27	0.01360	0.07905	0.35155	0.04367	0.32115	0.01487	0.05473	0.01866	0.01313	0.01886	0.01089	0.01362	0.00849	0.00550	0.00575	0.00182	0.00804	0.00488	0.00275	0.00897
28	0.00783	0.00611	0.00707	0.00697	0.00861	0.00540	0.00522	0.00989	0.01490	0.01946	0.34540	0.07902	0.39102	0.03372	0.00776	0.00211	0.00313	0.03511	0.00597	0.00530
29	0.01661	0.01106	0.04636	0.01106	0.01446	0.01018	0.03564	0.15696	0.06364	0.21363	0.17415	0.14505	0.05416	0.01037	0.00658	0.00197	0.00494	0.00893	0.00617	0.00807

[dist]
# distance from previous block
# <min> <max>
0	1

[block]
# block no. 2 follows, 38 sequences, length 35
# corresponding to MSA columns:
# 60-65,70-98
name=unknown_C
#
# <colnr> <probs for GDERKNQSTAVLIFYWHMCP>
#	G	D	E	R	K	N	Q	S	T	A	V	L	I	F	Y	W	H	M	C	P
0	0.01554	0.01060	0.01279	0.00929	0.01449	0.00819	0.00749	0.01814	0.01348	0.17489	0.01345	0.01416	0.01017	0.00509	0.00479	0.00110	0.00460	0.00409	0.00438	0.65329
1	0.01392	0.34697	0.40804	0.01556	0.06821	0.01809	0.01702	0.01858	0.01257	0.01705	0.00982	0.01157	0.00778	0.00546	0.00496	0.00164	0.00776	0.00399	0.00258	0.00844
2	0.09345	0.01642	0.01278	0.01188	0.03998	0.26608	0.00882	0.13974	0.01703	0.02061	0.02867	0.02836	0.27351	0.00952	0.00599	0.00180	0.00661	0.00729	0.00455	0.00690
3	0.60641	0.17766	0.06173	0.00901	0.01336	0.01570	0.00832	0.01784	0.01082	0.02377	0.00853	0.00993	0.00684	0.00550	0.00388	0.00174	0.00530	0.00333	0.00340	0.00692
4	0.01007	0.03995	0.01030	0.05753	0.01258	0.00916	0.00711	0.03762	0.14337	0.01857	0.08733	0.04103	0.38530	0.04821	0.03989	0.00249	0.02826	0.00977	0.00518	0.00628
5	0.00832	0.00603	0.00742	0.00720	0.00835	0.00559	0.00510	0.01029	0.01456	0.02001	0.46692	0.08251	0.14052	0.17689	0.01209	0.00277	0.00353	0.01098	0.00580	0.00513
6	0.51888	0.01109	0.01083	0.00900	0.01308	0.01169	0.00742	0.02220	0.01295	0.30974	0.01434	0.01393	0.00977	0.00631	0.00463	0.00186	0.00483	0.00434	0.00517	0.00796
7	0.00733	0.00524	0.00698	0.00838	0.00873	0.00489	0.00558	0.00838	0.01152	0.01536	0.03316	0.78466	0.03979	0.01885	0.00768	0.00244	0.00349	0.01710	0.00558	0.00489
8	0.01297	0.01288	0.01806	0.01554	0.01558	0.01797	0.01292	0.01432	0.00923	0.01446	0.00824	0.01360	0.00820	0.01198	0.05097	0.00293	0.74565	0.00531	0.00266	0.00653
9	0.02699	0.01024	0.01396	0.01070	0.01536	0.00884	0.00884	0.02932	0.01722	0.75522	0.02373	0.02048	0.01489	0.00745	0.00605	0.00186	0.00512	0.00605	0.00745	0.01024
10	0.01437	0.46731	0.34140	0.01322	0.01996	0.01961	0.01539	0.01846	0.01243	0.01624	0.00940	0.01095	0.00768	0.00539	0.00465	0.00155	0.00748	0.00374	0.00256	0.00822
11	0.02191	0.04844	0.01708	0.01495	0.01810	0.69306	0.01132	0.04656	0.01713	0.01573	0.00980	0.01134	0.00810	0.00623	0.00536	0.00155	0.01031	0.00397	0.03201	0.00705
12	0.00840	0.00600	0.00821	0.00960	0.01042	0.00581	0.00745	0.01023	0.01258	0.01656	0.03256	0.45924	0.03744	0.01784	0.00796	0.00259	0.00442	0.33192	0.00556	0.00518
13	0.26352	0.01297	0.03210	0.01027	0.01340	0.09001	0.00830	0.02108	0.23585	0.02374	0.15707	0.02404	0.04399	0.00840	0.00560	0.00193	0.00508	0.03031	0.00503	0.00731
14	0.00711	0.00609	0.00609	0.00609	0.00813	0.00508	0.00457	0.00863	0.01371	0.01625	0.06094	0.05789	0.74862	0.01524	0.00711	0.00203	0.00305	0.01270	0.00559	0.00508
15	0.01287	0.08671	0.36557	0.25610	0.02868	0.01469	0.01784	0.06672	0.03572	0.01884	0.01189	0.03695	0.00922	0.00633	0.00575	0.00190	0.00796	0.00514	0.00302	0.00808
16	0.02128	0.01911	0.01773	0.06067	0.08718	0.24367	0.01209	0.34354	0.02143	0.07352	0.01311	0.01409	0.00972	0.00668	0.00578	0.00173	0.00784	0.00498	0.02701	0.00884
17	0.00803	0.00613	0.00737	0.00706	0.00869	0.00547	0.00530	0.01042	0.01589	0.02141	0.51152	0.04940	0.29482	0.01331	0.00710	0.00194	0.00291	0.01150	0.00627	0.00547
18	0.01194	0.00900	0.01047	0.01013	0.01192	0.00962	0.00744	0.14397	0.16624	0.02112	0.02603	0.40434	0.02740	0.04564	0.03465	0.03125	0.00491	0.01173	0.00551	0.00671
19	0.00851	0.00615	0.00804	0.00757	0.00899	0.00568	0.00568	0.01135	0.01703	0.02412	0.74788	0.04494	0.05676	0.01230	0.00710	0.00189	0.00284	0.01088	0.00662	0.00568
20	0.01617	0.74951	0.04965	0.01063	0.01581	0.04608	0.01064	0.01822	0.01238	0.01430	0.00845	0.00976	0.00772	0.00519	0.00396	0.00131	0.00663	0.00327	0.00259	0.00773
21	0.83108	0.01163	0.00884	0.00791	0.01163	0.01350	0.00651	0.01768	0.01024	0.02699	0.00838	0.00977	0.00651	0.00558	0.00372	0.00186	0.00465	0.00326	0.00372	0.00651
22	0.04035	0.05162	0.63853	0.01790	0.05485	0.01433	0.06238	0.01896	0.01273	0.01921	0.01074	0.01280	0.00775	0.00564	0.00568	0.00189	0.00868	0.00456	0.00263	0.00876
23	0.01483	0.04258	0.01420	0.01080	0.03760	0.01011	0.02331	0.06403	0.07628	0.10653	0.05965	0.01826	0.04433	0.00628	0.00523	0.00134	0.00483	0.00518	0.00459	0.45006
24	0.02143	0.01116	0.01360	0.01117	0.01518	0.01115	0.00898	0.04900	0.27948	0.42750	0.06631	0.02246	0.01848	0.00798	0.00614	0.00193	0.00490	0.00659	0.00688	0.00971
25	0.01215	0.09129	0.54571	0.04190	0.02422	0.01399	0.06472	0.01804	0.01319	0.01906	0.08802	0.01617	0.01290	0.00633	0.00580	0.00186	0.00810	0.00522	0.00301	0.00833
26	0.00873	0.00589	0.00685	0.00685	0.00695	0.00599	0.00401	0.00894	0.00883	0.01188	0.01869	0.03789	0.02123	0.71876	0.09956	0.00619	0.00680	0.00853	0.00361	0.00381
27	0.01252	0.11732	0.67520	0.01637	0.02484	0.01508	0.02087	0.01893	0.01265	0.01850	0.01052	0.01236	0.00763	0.00565	0.00551	0.00184	0.00861	0.00431	0.00254	0.00876
28	0.00887	0.00690	0.00992	0.04034	0.01166	0.00790	0.00761	0.01093	0.01086	0.01538	0.11043	0.07195	0.04638	0.07312	0.48230	0.00704	0.06132	0.00784	0.00383	0.00541
29	0.01185	0.00852	0.01025	0.00930	0.01077	0.00931	0.00678	0.17110	0.01345	0.01836	0.01693	0.02815	0.01682	0.34740	0.28808	0.00631	0.00969	0.00718	0.00402	0.00574
30	0.01247	0.01069	0.01247	0.00891	0.01426	0.00802	0.00713	0.01515	0.01247	0.01960	0.01069	0.01247	0.00891	0.00446	0.00446	0.00089	0.00446	0.00356	0.00356	0.82536
31	0.01311	0.01312	0.01927	0.08343	0.01897	0.01770	0.05511	0.01527	0.02784	0.01510	0.00880	0.01382	0.00824	0.00975	0.01745	0.00253	0.64557	0.00542	0.00275	0.00675
32	0.01210	0.00995	0.01313	0.01157	0.01318	0.05895	0.06141	0.06067	0.01156	0.01604	0.01313	0.01882	0.01180	0.02408	0.28929	0.17850	0.10423	0.00572	0.05581	0.03005
33	0.03026	0.01526	0.02928	0.02551	0.18031	0.04328	0.46442	0.01828	0.01381	0.01892	0.01341	0.07738	0.01155	0.00640	0.00703	0.00200	0.02431	0.00730	0.00324	0.00805
34	0.01686	0.01760	0.01636	0.01379	0.01660	0.29492	0.07377	0.05013	0.01503	0.05651	0.08334	0.01972	0.04519	0.06370	0.00975	0.00209	0.12385	0.00591	0.00390	0.07098

[dist]
# distance from previous block
# <min> <max>
1	4

[block]
# block no. 3 follows, 38 sequences, length 7
# corresponding to MSA columns:
# 105-111
name=unknown_D
#
# <colnr> <probs for GDERKNQSTAVLIFYWHMCP>
#	G	D	E	R	K	N	Q	S	T	A	V	L	I	F	Y	W	H	M	C	P
0	0.01772	0.29110	0.05741	0.01204	0.01678	0.11799	0.01074	0.21116	0.05409	0.02206	0.01390	0.01457	0.04596	0.00646	0.00507	0.00153	0.00675	0.00464	0.00399	0.08603
1	0.05715	0.10606	0.48532	0.01856	0.07911	0.01517	0.11903	0.01886	0.01280	0.01904	0.01064	0.01288	0.00793	0.00553	0.00563	0.00185	0.00845	0.00469	0.00271	0.00858
2	0.01624	0.12834	0.04233	0.16079	0.20577	0.05078	0.06687	0.12481	0.01560	0.05641	0.01175	0.01422	0.00914	0.00579	0.00562	0.00171	0.00727	0.00499	0.00358	0.06799
3	0.01557	0.04424	0.01815	0.44434	0.03123	0.13479	0.01422	0.15377	0.01597	0.01972	0.01110	0.01450	0.00843	0.00617	0.00577	0.00182	0.00799	0.00496	0.00342	0.04385
4	0.00994	0.00537	0.00767	0.00775	0.00781	0.00540	0.00510	0.00814	0.00826	0.01105	0.01323	0.06229	0.01399	0.14245	0.05643	0.61697	0.00571	0.00646	0.00296	0.00302
5	0.01877	0.01386	0.01511	0.03437	0.07372	0.06555	0.01023	0.35610	0.02060	0.07929	0.01619	0.05356	0.01271	0.00759	0.00604	0.00176	0.02625	0.00595	0.17379	0.00855
6	0.02103	0.01474	0.01615	0.01262	0.01683	0.01605	0.01031	0.57890	0.02532	0.07492	0.06980	0.01753	0.01417	0.00823	0.00683	0.03914	0.00605	0.00586	0.03615	0.00937

[dist]
# distance from previous block
# <min> <max>
0	1

[block]
# block no. 4 follows, 38 sequences, length 30
# corresponding to MSA columns:
# 113-142
name=unknown_E
#
# <colnr> <probs for GDERKNQSTAVLIFYWHMCP>
#	G	D	E	R	K	N	Q	S	T	A	V	L	I	F	Y	W	H	M	C	P
0	0.00929	0.00636	0.00806	0.00751	0.00920	0.00575	0.00568	0.01190	0.01653	0.06204	0.60396	0.04561	0.16044	0.01249	0.00704	0.00191	0.00299	0.01090	0.00651	0.00583
1	0.02073	0.01575	0.01665	0.01383	0.03924	0.05060	0.01091	0.52177	0.09974	0.05324	0.01652	0.03719	0.01263	0.00774	0.00603	0.00184	0.00634	0.02252	0.03717	0.00956
2	0.01755	0.10339	0.01504	0.01056	0.01410	0.03622	0.00871	0.33523	0.06927	0.02832	0.01604	0.01705	0.01219	0.00694	0.00514	0.00162	0.00529	0.00527	0.28384	0.00822
3	0.01440	0.01049	0.01222	0.01006	0.01380	0.00976	0.00783	0.12074	0.10748	0.09101	0.03702	0.18911	0.01895	0.00903	0.00583	0.00163	0.00461	0.00770	0.00514	0.32318
4	0.02064	0.01516	0.01862	0.01919	0.20560	0.03568	0.01267	0.35839	0.09231	0.13630	0.01585	0.01613	0.01146	0.00684	0.00600	0.00182	0.00647	0.00559	0.00538	0.00990
5	0.02119	0.01560	0.01675	0.01321	0.01766	0.01731	0.01079	0.56133	0.15774	0.05596	0.01670	0.01632	0.01201	0.00739	0.00598	0.00184	0.00612	0.00569	0.03042	0.00996
6	0.02699	0.01024	0.01396	0.01070	0.01536	0.00884	0.00884	0.02932	0.01722	0.75522	0.02373	0.02048	0.01489	0.00745	0.00605	0.00186	0.00512	0.00605	0.00745	0.01024
7	0.02670	0.01071	0.01425	0.01093	0.01559	0.00954	0.00903	0.07911	0.01800	0.70432	0.02307	0.02005	0.01456	0.00743	0.00605	0.00186	0.00523	0.00600	0.00734	0.01024
8	0.01633	0.76217	0.03095	0.01050	0.01556	0.05294	0.01035	0.01825	0.01241	0.01418	0.00840	0.00970	0.00772	0.00519	0.00392	0.00130	0.00661	0.00324	0.00259	0.00769
9	0.02198	0.00924	0.01233	0.00986	0.01361	0.00816	0.00793	0.02461	0.03305	0.55143	0.15809	0.02683	0.04139	0.04414	0.00739	0.00206	0.00467	0.00725	0.00704	0.00895
10	0.02682	0.01050	0.01413	0.01083	0.01549	0.00924	0.00895	0.05766	0.01767	0.72625	0.02336	0.02023	0.01470	0.00744	0.00605	0.00186	0.00518	0.00602	0.00739	0.01024
11	0.23702	0.00915	0.00944	0.00810	0.01114	0.00944	0.00650	0.07008	0.01435	0.19730	0.04516	0.01884	0.01411	0.00695	0.00475	0.00168	0.00412	0.00527	0.31934	0.00728
12	0.02057	0.01359	0.01550	0.01253	0.01654	0.01452	0.01034	0.46533	0.02326	0.14797	0.03622	0.04410	0.01597	0.01052	0.04082	0.00230	0.00651	0.08815	0.00607	0.00921
13	0.01570	0.03106	0.08020	0.01069	0.01426	0.01026	0.00934	0.06634	0.15244	0.20184	0.18059	0.05269	0.06423	0.00974	0.00641	0.00196	0.00485	0.05395	0.02537	0.00808
14	0.00859	0.00645	0.00967	0.00967	0.01074	0.00752	0.00752	0.01074	0.00967	0.01396	0.01611	0.02363	0.01504	0.04512	0.76474	0.00967	0.01611	0.00645	0.00322	0.00537
15	0.00895	0.00707	0.00822	0.00817	0.00992	0.00686	0.00617	0.01324	0.12438	0.02009	0.26805	0.16004	0.26226	0.01387	0.00712	0.00210	0.00347	0.05808	0.00599	0.00594
16	0.11579	0.01550	0.01621	0.01282	0.01723	0.01725	0.01049	0.56499	0.08286	0.03478	0.01524	0.04297	0.01154	0.00754	0.00582	0.00185	0.00613	0.00571	0.00574	0.00954
17	0.02233	0.01251	0.01473	0.01152	0.01568	0.01272	0.00938	0.33911	0.02168	0.31999	0.08620	0.02082	0.01696	0.03772	0.00702	0.00198	0.00554	0.00631	0.02836	0.00944
18	0.00732	0.00528	0.00694	0.00826	0.00870	0.00490	0.00553	0.00839	0.01163	0.01540	0.03456	0.74787	0.07566	0.01866	0.00765	0.00242	0.00347	0.01688	0.00558	0.00490
19	0.01468	0.18488	0.34928	0.03487	0.08895	0.11081	0.01646	0.03913	0.04188	0.01810	0.01270	0.01427	0.03673	0.00613	0.00540	0.00173	0.00800	0.00466	0.00301	0.00833
20	0.01299	0.01176	0.01861	0.43554	0.21571	0.01338	0.01568	0.07222	0.03353	0.01866	0.01468	0.02026	0.04020	0.00694	0.00617	0.00198	0.00727	0.04343	0.00338	0.00763
21	0.01207	0.03112	0.75741	0.01715	0.02604	0.01397	0.02223	0.01905	0.01270	0.01905	0.01080	0.01270	0.00762	0.00572	0.00572	0.00191	0.00889	0.00445	0.00254	0.00889
22	0.01203	0.09851	0.01170	0.00949	0.01144	0.00876	0.00740	0.04029	0.04127	0.11177	0.02908	0.41569	0.06109	0.01451	0.00696	0.00222	0.00445	0.10146	0.00550	0.00637
23	0.05008	0.02963	0.02837	0.00937	0.01196	0.00894	0.00758	0.04467	0.11888	0.11740	0.36808	0.06561	0.05621	0.01082	0.00660	0.00196	0.00405	0.04652	0.00617	0.00709
24	0.01464	0.01092	0.01290	0.00934	0.01458	0.00860	0.00752	0.04931	0.01374	0.10611	0.01238	0.01350	0.00967	0.00493	0.00471	0.00105	0.00463	0.00394	0.00413	0.69340
25	0.02249	0.02813	0.01709	0.01542	0.01860	0.73046	0.01161	0.05623	0.01756	0.01578	0.00953	0.01101	0.00786	0.00625	0.00545	0.00156	0.01066	0.00394	0.00323	0.00712
26	0.00741	0.00527	0.00696	0.00828	0.00861	0.00494	0.00548	0.00840	0.01137	0.01516	0.03240	0.74477	0.03883	0.06004	0.00891	0.00262	0.00362	0.01665	0.00548	0.00482
27	0.00728	0.00543	0.00678	0.00785	0.00859	0.00493	0.00535	0.00844	0.01202	0.01556	0.03958	0.61658	0.20372	0.01801	0.00755	0.00235	0.00339	0.01608	0.00558	0.00493
28	0.00723	0.00610	0.00626	0.00622	0.00820	0.00513	0.00467	0.00887	0.01400	0.01694	0.12067	0.05677	0.68846	0.01498	0.00711	0.00202	0.00303	0.01254	0.00568	0.00513
29	0.01822	0.01848	0.01437	0.01317	0.01600	0.34496	0.01022	0.13766	0.06349	0.04892	0.01837	0.12968	0.01760	0.00986	0.00634	0.00194	0.00772	0.11106	0.00466	0.00730

[dist]
# distance from previous block
# <min> <max>
22	172

[block]
# block no. 5 follows, 38 sequences, length 140
# corresponding to MSA columns:
# 324-373,375-464
name=unknown_F
#
# <colnr> <probs for GDERKNQSTAVLIFYWHMCP>
#	G	D	E	R	K	N	Q	S	T	A	V	L	I	F	Y	W	H	M	C	P
0	0.01416	0.05637	0.04236	0.02645	0.45628	0.06982	0.01471	0.01799	0.04657	0.01981	0.13305	0.04397	0.01834	0.00711	0.00604	0.00179	0.00651	0.00645	0.00377	0.00844
1	0.01401	0.01566	0.05101	0.02725	0.20874	0.01449	0.50171	0.01858	0.01391	0.01919	0.01285	0.04992	0.01055	0.00577	0.00680	0.00198	0.00907	0.00704	0.00313	0.00834
2	0.02219	0.06257	0.01769	0.01527	0.01846	0.73155	0.01156	0.02375	0.01683	0.01470	0.00926	0.01080	0.00775	0.00615	0.00535	0.00154	0.01065	0.00385	0.00308	0.00701
3	0.00966	0.00794	0.03183	0.00848	0.01045	0.00724	0.00669	0.04349	0.08254	0.02368	0.54702	0.07396	0.09970	0.01201	0.00695	0.00194	0.00340	0.01049	0.00630	0.00624
4	0.01448	0.01388	0.02368	0.12235	0.66883	0.01419	0.01826	0.01810	0.01350	0.01916	0.01124	0.01502	0.00935	0.00544	0.00596	0.00181	0.00725	0.00536	0.00294	0.00920
5	0.00837	0.00627	0.00826	0.00975	0.04512	0.00596	0.00637	0.03855	0.01278	0.01701	0.07000	0.61546	0.09927	0.01707	0.00745	0.00232	0.00372	0.01536	0.00553	0.00539
6	0.00798	0.00612	0.00725	0.00697	0.00859	0.00545	0.00519	0.01023	0.01551	0.02074	0.46258	0.04976	0.32204	0.03570	0.00778	0.00206	0.00300	0.01152	0.00614	0.00539
7	0.01175	0.01102	0.01758	0.57122	0.03420	0.01415	0.01536	0.01511	0.01143	0.01548	0.01047	0.01568	0.00832	0.00706	0.00899	0.00212	0.17907	0.00534	0.03904	0.00661
8	0.00726	0.00610	0.00630	0.00625	0.00822	0.00514	0.00469	0.00892	0.01407	0.01709	0.13432	0.05651	0.67472	0.01492	0.00711	0.00202	0.00302	0.01250	0.00570	0.00514
9	0.01700	0.53161	0.08872	0.01199	0.01688	0.19215	0.01148	0.01929	0.01350	0.01497	0.02906	0.01115	0.00906	0.00563	0.00446	0.00142	0.00755	0.00368	0.00280	0.00759
10	0.00859	0.00645	0.00967	0.00967	0.01074	0.00752	0.00752	0.01074	0.00967	0.01396	0.01611	0.02363	0.01504	0.04512	0.76474	0.00967	0.01611	0.00645	0.00322	0.00537
11	0.00990	0.00537	0.00755	0.00755	0.00788	0.00520	0.00512	0.00797	0.00880	0.01140	0.01873	0.02478	0.13149	0.01997	0.02082	0.69003	0.00487	0.00645	0.00310	0.00302
12	0.00805	0.00592	0.00754	0.00757	0.00881	0.00541	0.00551	0.01029	0.01529	0.02102	0.48885	0.22279	0.14217	0.01424	0.00724	0.00204	0.00302	0.01260	0.00624	0.00541
13	0.01275	0.16034	0.63417	0.01598	0.02424	0.01564	0.02020	0.01888	0.01262	0.01822	0.01038	0.01218	0.00764	0.00562	0.00540	0.00180	0.00847	0.00424	0.00255	0.00869
14	0.01470	0.01440	0.02404	0.11294	0.62443	0.03517	0.04964	0.01833	0.01364	0.01905	0.01123	0.01496	0.00930	0.00544	0.00600	0.00181	0.00747	0.00539	0.00295	0.00910
15	0.02297	0.01039	0.01354	0.01133	0.03472	0.00959	0.00896	0.05152	0.09207	0.54498	0.02647	0.02526	0.07471	0.00846	0.00623	0.00193	0.00504	0.03540	0.00691	0.00954
16	0.01218	0.05257	0.73695	0.01695	0.02574	0.01425	0.02189	0.01902	0.01269	0.01891	0.01073	0.01261	0.00762	0.00570	0.00566	0.00189	0.00882	0.00441	0.00254	0.00886
17	0.01657	0.01291	0.01393	0.01213	0.01572	0.01456	0.00954	0.10838	0.57824	0.08496	0.04864	0.02219	0.01853	0.00815	0.00614	0.00199	0.00493	0.00673	0.00623	0.00952
18	0.83108	0.01163	0.00884	0.00791	0.01163	0.01350	0.00651	0.01768	0.01024	0.02699	0.00838	0.00977	0.00651	0.00558	0.00372	0.00186	0.00465	0.00326	0.00372	0.00651
19	0.00727	0.00605	0.00629	0.00632	0.00817	0.00514	0.00467	0.00882	0.01370	0.01664	0.10877	0.08937	0.64252	0.03977	0.00788	0.00216	0.00314	0.01264	0.00560	0.00507
20	0.01296	0.01286	0.01804	0.01552	0.01557	0.01794	0.01291	0.01431	0.00923	0.01445	0.00826	0.01363	0.00821	0.01207	0.05284	0.00294	0.74374	0.00532	0.00266	0.00653
21	0.00869	0.00585	0.00662	0.00662	0.00670	0.00585	0.00376	0.00879	0.00893	0.01186	0.02023	0.03961	0.04495	0.74738	0.04614	0.00580	0.00597	0.00882	0.00370	0.00373
22	0.07415	0.20484	0.12684	0.07830	0.05786	0.08888	0.01192	0.01713	0.03136	0.01858	0.15411	0.02015	0.01843	0.00869	0.03231	0.00202	0.02141	0.02209	0.00370	0.00723
23	0.23791	0.26681	0.11703	0.01418	0.09142	0.14918	0.01190	0.01916	0.01275	0.01894	0.00915	0.01083	0.00757	0.00555	0.00455	0.00162	0.00712	0.00372	0.00302	0.00760
24	0.02016	0.14098	0.01935	0.04156	0.03537	0.51605	0.01171	0.04373	0.05269	0.01598	0.01011	0.01174	0.00841	0.00634	0.00591	0.00161	0.04360	0.00412	0.00322	0.00734
25	0.00853	0.00617	0.00758	0.00741	0.00898	0.00554	0.00554	0.01079	0.01543	0.04117	0.44053	0.12752	0.24835	0.01379	0.00716	0.00201	0.00309	0.02863	0.00622	0.00555
26	0.00838	0.00570	0.00757	0.00843	0.00922	0.00530	0.00595	0.00991	0.01292	0.04306	0.16571	0.56389	0.05487	0.01703	0.00754	0.00233	0.00354	0.05754	0.00584	0.00526
27	0.01285	0.01272	0.01781	0.01538	0.01543	0.01768	0.01276	0.01418	0.00930	0.01449	0.00892	0.03720	0.00909	0.01182	0.04156	0.00284	0.73108	0.00566	0.00274	0.00649
28	0.01626	0.01357	0.01433	0.01250	0.01614	0.01557	0.00984	0.14659	0.62345	0.02726	0.02284	0.02113	0.01703	0.00801	0.00610	0.00200	0.00507	0.00657	0.00610	0.00964
29	0.01770	0.60208	0.02801	0.01146	0.01623	0.15280	0.01061	0.07125	0.01424	0.01599	0.00897	0.01021	0.00791	0.00548	0.00429	0.00137	0.00722	0.00349	0.00292	0.00777
30	0.02253	0.02694	0.01720	0.01526	0.01861	0.65510	0.01160	0.12766	0.01869	0.01812	0.01005	0.01138	0.00811	0.00635	0.00551	0.00159	0.01023	0.00410	0.00353	0.00745
31	0.01420	0.01623	0.03550	0.02535	0.03144	0.01521	0.72921	0.01927	0.01420	0.01927	0.01217	0.01623	0.00913	0.00507	0.00710	0.00203	0.01014	0.00710	0.00304	0.00811
32	0.00786	0.00644	0.00704	0.00730	0.00916	0.00577	0.00565	0.01019	0.04421	0.01683	0.05272	0.11500	0.55170	0.01543	0.00730	0.00218	0.00354	0.12076	0.00560	0.00532
33	0.01136	0.01069	0.01804	0.77412	0.04143	0.01337	0.01671	0.01537	0.01203	0.01537	0.01069	0.01604	0.00802	0.00601	0.00601	0.00200	0.00802	0.00535	0.00267	0.00668
34	0.01136	0.01069	0.01804	0.77412	0.04143	0.01337	0.01671	0.01537	0.01203	0.01537	0.01069	0.01604	0.00802	0.00601	0.00601	0.00200	0.00802	0.00535	0.00267	0.00668
35	0.02617	0.01006	0.01370	0.01056	0.01507	0.00870	0.00870	0.02852	0.01721	0.72277	0.05588	0.02156	0.01675	0.00766	0.00610	0.00186	0.00502	0.00626	0.00741	0.01004
36	0.01207	0.01146	0.01767	0.43893	0.02974	0.01506	0.01476	0.01496	0.01093	0.01531	0.00995	0.01516	0.00828	0.00786	0.01142	0.00223	0.31505	0.00532	0.03722	0.00660
37	0.01121	0.00561	0.00561	0.00561	0.00701	0.00561	0.00421	0.01402	0.01262	0.02243	0.01962	0.02243	0.01542	0.00701	0.00421	0.00140	0.00280	0.00561	0.82198	0.00561
38	0.01045	0.00522	0.00784	0.00784	0.00784	0.00522	0.00522	0.00784	0.00784	0.01045	0.01045	0.01829	0.01045	0.02090	0.02351	0.82497	0.00522	0.00522	0.00261	0.00261
39	0.00875	0.00583	0.00656	0.00656	0.00656	0.00583	0.00365	0.00875	0.00875	0.01166	0.01895	0.03937	0.02187	0.78858	0.03062	0.00583	0.00583	0.00875	0.00365	0.00365
40	0.01247	0.01069	0.01247	0.00891	0.01426	0.00802	0.00713	0.01515	0.01247	0.01960	0.01069	0.01247	0.00891	0.00446	0.00446	0.00089	0.00446	0.00356	0.00356	0.82536
41	0.01121	0.00561	0.00561	0.00561	0.00701	0.00561	0.00421	0.01402	0.01262	0.02243	0.01962	0.02243	0.01542	0.00701	0.00421	0.00140	0.00280	0.00561	0.82198	0.00561
42	0.00861	0.00678	0.00857	0.00981	0.04925	0.00629	0.00730	0.01071	0.01368	0.01734	0.08376	0.10349	0.34251	0.03649	0.00817	0.00241	0.00428	0.26963	0.00544	0.00547
43	0.01575	0.75732	0.03055	0.01027	0.01523	0.02308	0.01017	0.01769	0.01211	0.01415	0.00871	0.01027	0.00804	0.00692	0.03764	0.00166	0.00686	0.00336	0.00260	0.00762
44	0.01822	0.47078	0.07877	0.01201	0.01722	0.05685	0.01149	0.21221	0.01698	0.03971	0.01062	0.01150	0.00858	0.00586	0.00471	0.00150	0.00684	0.00400	0.00365	0.00851
45	0.06934	0.09422	0.09409	0.01255	0.01675	0.21520	0.01092	0.15109	0.06422	0.08803	0.01732	0.01837	0.07231	0.04193	0.00667	0.00192	0.00726	0.00546	0.00439	0.00797
46	0.01499	0.01254	0.03513	0.01170	0.01461	0.04313	0.00932	0.25897	0.15698	0.02478	0.02122	0.22036	0.02006	0.01549	0.10871	0.00307	0.00696	0.00881	0.00532	0.00786
47	0.01434	0.01627	0.03316	0.02406	0.02941	0.03779	0.63265	0.01891	0.01376	0.01863	0.01164	0.01575	0.00896	0.00568	0.00838	0.00208	0.09082	0.00681	0.00300	0.00792
48	0.01230	0.01067	0.01677	0.56054	0.03363	0.01293	0.03253	0.06575	0.01319	0.01801	0.01212	0.01669	0.00923	0.00641	0.00640	0.00194	0.04141	0.00543	0.11724	0.00681
49	0.01121	0.00561	0.00561	0.00561	0.00701	0.00561	0.00421	0.01402	0.01262	0.02243	0.01962	0.02243	0.01542	0.00701	0.00421	0.00140	0.00280	0.00561	0.82198	0.00561
50	0.01361	0.00900	0.01000	0.00902	0.03674	0.00880	0.00669	0.14896	0.01552	0.02438	0.01722	0.05256	0.01405	0.00702	0.00481	0.00144	0.00403	0.00567	0.44425	0.16621
51	0.00868	0.00612	0.00800	0.00800	0.00850	0.00661	0.00544	0.00967	0.00917	0.01273	0.01764	0.03208	0.01871	0.44420	0.37068	0.00761	0.01059	0.00768	0.00345	0.00444
52	0.01662	0.72793	0.03030	0.01073	0.01571	0.08615	0.01041	0.01852	0.01263	0.01420	0.00844	0.00975	0.00772	0.00524	0.00399	0.00131	0.00681	0.00327	0.00262	0.00766
53	0.00759	0.00542	0.00728	0.00868	0.00914	0.00511	0.00604	0.00883	0.01178	0.01565	0.03301	0.70495	0.03921	0.01860	0.00775	0.00248	0.00372	0.09421	0.00558	0.00496
54	0.01207	0.03112	0.75741	0.01715	0.02604	0.01397	0.02223	0.01905	0.01270	0.01905	0.01080	0.01270	0.00762	0.00572	0.00572	0.00191	0.00889	0.00445	0.00254	0.00889
55	0.00875	0.00583	0.00656	0.00656	0.00656	0.00583	0.00365	0.00875	0.00875	0.01166	0.01895	0.03937	0.02187	0.78858	0.03062	0.00583	0.00583	0.00875	0.00365	0.00365
56	0.01496	0.01292	0.01360	0.01224	0.01564	0.01496	0.00952	0.03197	0.74019	0.02516	0.02448	0.02244	0.01836	0.00816	0.00612	0.00204	0.00476	0.00680	0.00612	0.00952
57	0.00851	0.00615	0.00804	0.00757	0.00899	0.00568	0.00568	0.01135	0.01703	0.02412	0.74788	0.04494	0.05676	0.01230	0.00710	0.00189	0.00284	0.01088	0.00662	0.00568
58	0.02255	0.05867	0.01607	0.01159	0.01631	0.06827	0.00955	0.21557	0.01913	0.34384	0.01714	0.01620	0.01171	0.00667	0.00561	0.00163	0.00592	0.00515	0.00582	0.14259
59	0.01608	0.01556	0.01912	0.05002	0.01961	0.11054	0.11160	0.14439	0.12433	0.02138	0.03624	0.01842	0.01271	0.00841	0.01022	0.00213	0.23052	0.03677	0.00412	0.00786
60	0.02049	0.15858	0.01984	0.01520	0.03767	0.56249	0.01169	0.02214	0.01556	0.01474	0.00909	0.01092	0.00780	0.00631	0.00621	0.00159	0.06566	0.00390	0.00297	0.00714
61	0.00776	0.00549	0.00717	0.00812	0.00847	0.00536	0.00537	0.00870	0.01073	0.01442	0.02835	0.54649	0.03339	0.18591	0.09122	0.00392	0.00530	0.01421	0.00492	0.00467
62	0.00837	0.00614	0.00784	0.00742	0.00890	0.00562	0.00556	0.01108	0.01669	0.02333	0.67848	0.04625	0.12666	0.01260	0.00710	0.00191	0.00286	0.01106	0.00652	0.00562
63	0.02699	0.01024	0.01396	0.01070	0.01536	0.00884	0.00884	0.02932	0.01722	0.75522	0.02373	0.02048	0.01489	0.00745	0.00605	0.00186	0.00512	0.00605	0.00745	0.01024
64	0.00929	0.00632	0.00829	0.00770	0.00926	0.00581	0.00581	0.01211	0.01704	0.05497	0.71733	0.04390	0.05500	0.01209	0.00705	0.00189	0.00293	0.01068	0.00666	0.00587
65	0.02287	0.01685	0.01805	0.01384	0.01866	0.01866	0.01143	0.73100	0.02828	0.03791	0.01444	0.01444	0.01023	0.00722	0.00602	0.00181	0.00662	0.00542	0.00602	0.01023
66	0.01825	0.01954	0.01464	0.01317	0.01624	0.36974	0.01004	0.04757	0.25638	0.04079	0.11444	0.01966	0.01814	0.00774	0.00592	0.00177	0.00746	0.00590	0.00479	0.00784
67	0.83108	0.01163	0.00884	0.00791	0.01163	0.01350	0.00651	0.01768	0.01024	0.02699	0.00838	0.00977	0.00651	0.00558	0.00372	0.00186	0.00465	0.00326	0.00372	0.00651
68	0.01644	0.20059	0.02028	0.05975	0.13488	0.07106	0.01155	0.16649	0.13261	0.02183	0.01658	0.01823	0.05683	0.03981	0.00657	0.00189	0.00650	0.00558	0.00419	0.00837
69	0.00733	0.00524	0.00698	0.00838	0.00873	0.00489	0.00558	0.00838	0.01152	0.01536	0.03316	0.78466	0.03979	0.01885	0.00768	0.00244	0.00349	0.01710	0.00558	0.00489
70	0.00762	0.00556	0.00745	0.00867	0.00907	0.00539	0.00595	0.00878	0.01168	0.01567	0.05351	0.71610	0.03914	0.01833	0.00805	0.00244	0.02734	0.03872	0.00552	0.00498
71	0.00895	0.00697	0.01035	0.01015	0.01114	0.00837	0.00796	0.01103	0.00963	0.01401	0.01547	0.02281	0.01448	0.04241	0.70643	0.00912	0.07572	0.00635	0.00318	0.00547
72	0.01420	0.01623	0.03550	0.02535	0.03144	0.01521	0.72921	0.01927	0.01420	0.01927	0.01217	0.01623	0.00913	0.00507	0.00710	0.00203	0.01014	0.00710	0.00304	0.00811
73	0.00845	0.00615	0.00795	0.00750	0.00895	0.00565	0.00562	0.01122	0.01687	0.02374	0.71454	0.04557	0.09034	0.01244	0.00710	0.00190	0.00285	0.01097	0.00657	0.00565
74	0.00780	0.00546	0.00739	0.00871	0.00919	0.00518	0.00612	0.00890	0.01165	0.01548	0.03188	0.65084	0.03767	0.01865	0.00853	0.04241	0.00385	0.11000	0.00543	0.00486
75	0.02052	0.01560	0.01624	0.03209	0.01769	0.04823	0.01062	0.53518	0.09964	0.03341	0.01572	0.01600	0.01146	0.00722	0.00581	0.00178	0.00624	0.00551	0.09158	0.00944
76	0.01479	0.01621	0.09106	0.03430	0.64802	0.03189	0.03847	0.01867	0.01370	0.01947	0.01124	0.01463	0.00930	0.00540	0.00595	0.00180	0.00748	0.00529	0.00294	0.00937
77	0.01489	0.52633	0.24751	0.01247	0.01859	0.04081	0.01383	0.01833	0.01244	0.01563	0.00929	0.01091	0.00785	0.00624	0.02145	0.00167	0.00750	0.00367	0.00259	0.00800
78	0.01612	0.67819	0.04548	0.01072	0.01561	0.07980	0.01044	0.01818	0.01284	0.01479	0.04439	0.01152	0.01010	0.00559	0.00418	0.00135	0.00665	0.00367	0.00281	0.00759
79	0.01283	0.01106	0.01278	0.00953	0.01448	0.00922	0.00760	0.01740	0.11048	0.02022	0.01248	0.01384	0.01016	0.00511	0.00507	0.00109	0.02403	0.00404	0.00389	0.69470
80	0.01477	0.01176	0.01336	0.01018	0.01505	0.01057	0.00814	0.09453	0.15991	0.05835	0.01448	0.01506	0.01123	0.00563	0.00503	0.00126	0.00478	0.00453	0.00452	0.53685
81	0.01194	0.01126	0.01942	0.55882	0.11049	0.01326	0.07708	0.01582	0.01228	0.01641	0.01135	0.01634	0.00878	0.00702	0.02557	0.00217	0.02918	0.00554	0.04026	0.00701
82	0.01479	0.01419	0.02424	0.05771	0.73105	0.01427	0.01841	0.01838	0.01365	0.01953	0.01130	0.01492	0.00949	0.00538	0.00596	0.00179	0.00717	0.00536	0.00297	0.00945
83	0.01496	0.01292	0.01360	0.01224	0.01564	0.01496	0.00952	0.03197	0.74019	0.02516	0.02448	0.02244	0.01836	0.00816	0.00612	0.00204	0.00476	0.00680	0.00612	0.00952
84	0.00862	0.00635	0.00917	0.00917	0.01008	0.00725	0.00690	0.01042	0.00952	0.01360	0.01657	0.02614	0.01613	0.16355	0.64780	0.00906	0.01448	0.00681	0.00329	0.00510
85	0.00893	0.00624	0.00806	0.00755	0.00904	0.00573	0.00565	0.01161	0.01665	0.04199	0.67844	0.04473	0.08543	0.03419	0.00773	0.00201	0.00299	0.01078	0.00651	0.00571
86	0.00859	0.00645	0.00967	0.00967	0.01074	0.00752	0.00752	0.01074	0.00967	0.01396	0.01611	0.02363	0.01504	0.04512	0.76474	0.00967	0.01611	0.00645	0.00322	0.00537
87	0.01321	0.01531	0.12121	0.30181	0.37540	0.01394	0.03816	0.01744	0.01297	0.01801	0.01104	0.01505	0.00871	0.00564	0.00598	0.00189	0.00778	0.00528	0.00281	0.00837
88	0.00741	0.00533	0.00703	0.00824	0.00873	0.00495	0.00556	0.00861	0.01201	0.01606	0.08922	0.70432	0.06376	0.01823	0.00762	0.00239	0.00343	0.01648	0.00566	0.00495
89	0.02043	0.32306	0.02244	0.01234	0.01684	0.18336	0.01062	0.17922	0.03990	0.11977	0.01248	0.01283	0.00958	0.00624	0.00505	0.00156	0.00722	0.00434	0.00422	0.00851
90	0.01007	0.00814	0.00919	0.00858	0.01074	0.00828	0.00653	0.01677	0.23061	0.02242	0.35805	0.04157	0.22196	0.01182	0.00681	0.00197	0.00346	0.01013	0.00621	0.00666
91	0.01247	0.01069	0.01247	0.00891	0.01426	0.00802	0.00713	0.01515	0.01247	0.01960	0.01069	0.01247	0.00891	0.00446	0.00446	0.00089	0.00446	0.00356	0.00356	0.82536
92	0.00832	0.00614	0.00778	0.00737	0.00887	0.00560	0.00553	0.01099	0.01658	0.02306	0.65529	0.04668	0.15002	0.01269	0.00710	0.00191	0.00287	0.01112	0.00648	0.00560
93	0.02324	0.01542	0.01601	0.01276	0.01716	0.09632	0.01034	0.33008	0.11126	0.27645	0.01826	0.01708	0.01254	0.00730	0.00598	0.00183	0.00634	0.00563	0.00619	0.00979
94	0.02503	0.01030	0.01376	0.01046	0.01521	0.00873	0.00861	0.02741	0.01658	0.65607	0.02198	0.01940	0.01409	0.00704	0.00583	0.00173	0.00503	0.00571	0.00692	0.12011
95	0.10456	0.01378	0.06056	0.34024	0.05261	0.01389	0.27214	0.01711	0.01258	0.01826	0.01098	0.01526	0.00833	0.00597	0.00658	0.02289	0.00835	0.00569	0.00292	0.00727
96	0.01049	0.00525	0.00772	0.00772	0.00779	0.00525	0.00517	0.00817	0.00810	0.01110	0.01095	0.01851	0.01072	0.02014	0.02246	0.78011	0.00509	0.00525	0.04725	0.00278
97	0.00730	0.00610	0.00636	0.00629	0.00824	0.00516	0.00472	0.00900	0.01416	0.01731	0.15353	0.05615	0.65536	0.01484	0.00711	0.00201	0.00302	0.01245	0.00573	0.00516
98	0.02202	0.01638	0.01792	0.01380	0.01845	0.01807	0.02594	0.67390	0.04719	0.03634	0.01482	0.01550	0.01080	0.03205	0.00683	0.00194	0.00662	0.00560	0.00588	0.00996
99	0.00733	0.00524	0.00698	0.00838	0.00873	0.00489	0.00558	0.00838	0.01152	0.01536	0.03316	0.78466	0.03979	0.01885	0.00768	0.00244	0.00349	0.01710	0.00558	0.00489
100	0.01697	0.00803	0.01070	0.00897	0.01189	0.00711	0.00710	0.01953	0.01701	0.36023	0.39361	0.03408	0.05878	0.01016	0.00661	0.00188	0.00389	0.00871	0.00697	0.00776
101	0.01093	0.00670	0.00873	0.00791	0.00980	0.00607	0.00604	0.01362	0.01687	0.12223	0.61184	0.04236	0.08983	0.01181	0.00696	0.00190	0.00316	0.01033	0.00668	0.00626
102	0.35217	0.01080	0.01189	0.00957	0.01385	0.01072	0.00790	0.02461	0.01440	0.46072	0.01752	0.01615	0.01150	0.00669	0.00511	0.00186	0.00493	0.00492	0.00594	0.00873
103	0.01330	0.01082	0.01320	0.00947	0.01479	0.00826	0.02737	0.01602	0.01278	0.05900	0.01143	0.01301	0.00924	0.00463	0.00461	0.00097	0.00465	0.00380	0.00376	0.75889
104	0.00842	0.00569	0.00666	0.00698	0.00707	0.00561	0.00410	0.00866	0.00939	0.01253	0.02227	0.21330	0.02605	0.60894	0.02527	0.00504	0.00529	0.01070	0.00410	0.00393
105	0.01231	0.04837	0.69799	0.01780	0.04753	0.01425	0.04166	0.01902	0.01276	0.01896	0.01079	0.01279	0.00772	0.00567	0.00572	0.00189	0.00882	0.00452	0.00257	0.00886
106	0.00763	0.00611	0.00681	0.00664	0.00844	0.00530	0.00498	0.00963	0.01493	0.01914	0.31329	0.05313	0.49446	0.01416	0.00710	0.00198	0.00297	0.01203	0.00597	0.00530
107	0.00759	0.00556	0.00719	0.00826	0.00869	0.00535	0.00555	0.00859	0.01138	0.01508	0.03323	0.64980	0.08720	0.08335	0.00990	0.00271	0.02462	0.01577	0.00534	0.00484
108	0.01374	0.01113	0.01293	0.00933	0.01462	0.00882	0.00750	0.06786	0.01379	0.04670	0.01142	0.01290	0.00922	0.00476	0.00462	0.00099	0.00464	0.00379	0.00388	0.73736
109	0.01608	0.79220	0.03152	0.01029	0.01544	0.02380	0.01029	0.01801	0.01222	0.01415	0.00836	0.00965	0.00772	0.00515	0.00386	0.00129	0.00643	0.00322	0.00257	0.00772
110	0.01416	0.01415	0.02038	0.22844	0.04235	0.07952	0.14219	0.07484	0.01361	0.01807	0.01187	0.01575	0.02602	0.00813	0.03037	0.00222	0.17799	0.00559	0.00320	0.07115
111	0.01600	0.01775	0.01969	0.01651	0.01864	0.22751	0.11334	0.01963	0.09087	0.01636	0.01091	0.01423	0.00935	0.00923	0.03289	0.00237	0.34898	0.00533	0.00321	0.00719
112	0.07926	0.10928	0.01524	0.01148	0.01454	0.29510	0.02874	0.06931	0.01545	0.01850	0.05783	0.03650	0.12465	0.04097	0.00657	0.00185	0.00706	0.00622	0.05478	0.00667
113	0.28465	0.01141	0.01015	0.00900	0.01184	0.05844	0.00695	0.12079	0.07313	0.02369	0.04612	0.02441	0.11713	0.11330	0.00861	0.00238	0.00508	0.00640	0.05987	0.00665
114	0.01126	0.00903	0.01051	0.00996	0.01173	0.05187	0.04169	0.10829	0.01473	0.03876	0.05154	0.40781	0.13789	0.05539	0.00836	0.00237	0.00475	0.01268	0.00535	0.00602
115	0.00760	0.00596	0.00689	0.00707	0.00859	0.00525	0.00521	0.00941	0.01417	0.01822	0.23748	0.19650	0.40639	0.01520	0.00725	0.00210	0.00315	0.03250	0.00586	0.00521
116	0.02262	0.01672	0.01791	0.01379	0.01856	0.01854	0.01137	0.70865	0.05104	0.03751	0.01476	0.01470	0.01049	0.00725	0.00602	0.00181	0.00656	0.00546	0.00602	0.01021
117	0.01413	0.01483	0.01769	0.01537	0.01585	0.11830	0.01260	0.01553	0.01030	0.01448	0.00860	0.01351	0.00833	0.01212	0.06461	0.00293	0.62640	0.00515	0.00273	0.00656
118	0.00868	0.00640	0.00833	0.00938	0.01067	0.00612	0.00766	0.01078	0.01323	0.01694	0.03786	0.19623	0.18674	0.04128	0.00865	0.00265	0.00464	0.41298	0.00550	0.00526
119	0.01158	0.00596	0.00600	0.00587	0.00738	0.00602	0.00444	0.03681	0.01311	0.02292	0.01946	0.02217	0.01525	0.00702	0.00426	0.00141	0.00292	0.00560	0.79604	0.00575
120	0.00807	0.00577	0.00753	0.00869	0.00926	0.00553	0.00600	0.03396	0.01218	0.01621	0.03199	0.68813	0.03788	0.04122	0.00835	0.00254	0.00380	0.06226	0.00554	0.00508
121	0.01563	0.01247	0.01411	0.01055	0.01556	0.01132	0.00859	0.24009	0.01750	0.02529	0.01276	0.01542	0.01041	0.00584	0.00511	0.00126	0.00518	0.03389	0.00442	0.53460
