[name]
unknown

[dist]
# distance from previous block
# <min> <max>
16	102

[block]
# block no. 0 follows, 38 sequences, length 16
# corresponding to MSA columns:
# 123-135,137-139
name=unknown_A
#
# <colnr> <probs for GDERKNQSTAVLIFYWHMCP>
#	G	D	E	R	K	N	Q	S	T	A	V	L	I	F	Y	W	H	M	C	P
0	0.06616	0.11280	0.35758	0.01419	0.04440	0.04561	0.01504	0.01919	0.06766	0.03590	0.03743	0.01497	0.01090	0.03015	0.00607	0.00182	0.00713	0.00470	0.00334	0.10496
1	0.01319	0.00891	0.01110	0.01003	0.01226	0.00903	0.04015	0.11704	0.08098	0.08769	0.02644	0.18621	0.07894	0.11759	0.00988	0.00259	0.00492	0.07955	0.09682	0.00670
2	0.06557	0.06543	0.03650	0.01340	0.05180	0.13989	0.01055	0.19321	0.06783	0.20438	0.04903	0.01660	0.01312	0.00694	0.00565	0.00173	0.00654	0.00530	0.00523	0.04129
3	0.01147	0.04396	0.00974	0.00811	0.01058	0.00779	0.00632	0.01530	0.10377	0.11723	0.20812	0.07839	0.33153	0.01235	0.00672	0.00196	0.00366	0.01044	0.00600	0.00656
4	0.06181	0.01485	0.04949	0.01240	0.01692	0.01502	0.01053	0.43884	0.05777	0.15137	0.07241	0.01907	0.03646	0.00777	0.00601	0.00185	0.00590	0.00606	0.00601	0.00945
5	0.06726	0.17423	0.10842	0.01571	0.05663	0.28088	0.07969	0.05884	0.04586	0.01828	0.01211	0.01360	0.03118	0.00616	0.00534	0.00167	0.00839	0.00463	0.00332	0.00778
6	0.01555	0.07574	0.46173	0.03450	0.05868	0.03596	0.05744	0.02087	0.01372	0.15056	0.01301	0.01422	0.00912	0.00596	0.00574	0.00185	0.00807	0.00485	0.00349	0.00893
7	0.00810	0.00598	0.00757	0.00749	0.00881	0.00545	0.00549	0.01043	0.01558	0.02143	0.52182	0.17447	0.15734	0.01387	0.00720	0.00201	0.00298	0.01222	0.00629	0.00545
8	0.01040	0.00880	0.01258	0.04672	0.01395	0.00973	0.06576	0.05831	0.01270	0.01743	0.02671	0.36408	0.10683	0.01374	0.00957	0.00229	0.15645	0.01158	0.04642	0.00597
9	0.01971	0.01535	0.01496	0.01253	0.01628	0.14217	0.00996	0.21787	0.17830	0.15618	0.01751	0.01771	0.01296	0.01177	0.09744	0.00274	0.00773	0.00563	0.00537	0.03783
10	0.00727	0.00593	0.00643	0.00668	0.00832	0.00509	0.00487	0.00881	0.01354	0.01672	0.11191	0.20368	0.54840	0.01572	0.00722	0.00210	0.00312	0.01344	0.00567	0.00509
11	0.00746	0.00555	0.00698	0.00794	0.00877	0.00506	0.00554	0.00880	0.01246	0.01627	0.08912	0.54977	0.19129	0.01753	0.00754	0.00233	0.00343	0.04348	0.00566	0.00501
12	0.01662	0.11666	0.23242	0.03042	0.05678	0.04696	0.01429	0.13138	0.01537	0.11645	0.01362	0.05024	0.01097	0.02574	0.00785	0.00199	0.09436	0.00548	0.00396	0.00847
13	0.01518	0.05389	0.04204	0.07101	0.15859	0.04054	0.01208	0.08911	0.34820	0.02264	0.01880	0.01998	0.03003	0.04300	0.00706	0.00208	0.00606	0.00615	0.00473	0.00882
14	0.01076	0.00820	0.02827	0.01054	0.05581	0.00753	0.00756	0.04191	0.04912	0.06158	0.37584	0.18862	0.03966	0.01371	0.04327	0.00234	0.00444	0.01053	0.00582	0.03452
15	0.01786	0.14081	0.05713	0.01552	0.10186	0.22721	0.01173	0.13394	0.03799	0.02045	0.01102	0.01247	0.00889	0.00578	0.00517	0.00147	0.00746	0.00424	0.00363	0.17536

[dist]
# distance from previous block
# <min> <max>
1	17

[block]
# block no. 1 follows, 38 sequences, length 12
# corresponding to MSA columns:
# 157-168
name=unknown_B
#
# <colnr> <probs for GDERKNQSTAVLIFYWHMCP>
#	G	D	E	R	K	N	Q	S	T	A	V	L	I	F	Y	W	H	M	C	P
0	0.01844	0.01526	0.01529	0.01276	0.01623	0.08647	0.01022	0.32305	0.23072	0.02840	0.01694	0.01723	0.01276	0.00764	0.00688	0.00187	0.06761	0.00568	0.09764	0.00890
1	0.01541	0.01409	0.01623	0.08145	0.06764	0.08881	0.02867	0.14963	0.01562	0.02149	0.01188	0.04144	0.01003	0.00648	0.00675	0.00154	0.08130	0.00497	0.00383	0.33273
2	0.03617	0.08459	0.10732	0.05613	0.07071	0.16857	0.07078	0.07551	0.05053	0.01851	0.01084	0.01359	0.00888	0.00794	0.02707	0.00213	0.17478	0.00494	0.00325	0.00776
3	0.01101	0.00838	0.00937	0.00870	0.01097	0.00836	0.00662	0.08870	0.13783	0.04447	0.18881	0.14305	0.28462	0.01285	0.00687	0.00203	0.00379	0.01097	0.00600	0.00662
4	0.00798	0.00613	0.00730	0.00701	0.00866	0.00545	0.00526	0.01032	0.01577	0.02114	0.48714	0.04985	0.31937	0.01341	0.00710	0.00194	0.00292	0.01157	0.00623	0.00545
5	0.01983	0.01577	0.04647	0.01297	0.01732	0.05217	0.01080	0.35813	0.24139	0.10286	0.01975	0.01884	0.04043	0.00772	0.00605	0.00188	0.00607	0.00606	0.00589	0.00961
6	0.01742	0.16543	0.06645	0.01197	0.01600	0.04405	0.01042	0.32077	0.01901	0.05156	0.01568	0.10265	0.01404	0.06108	0.05453	0.00253	0.00702	0.00649	0.00469	0.00820
7	0.01184	0.00696	0.00867	0.00777	0.01002	0.00614	0.00599	0.01419	0.01610	0.16958	0.40053	0.04378	0.25073	0.01218	0.00689	0.00193	0.00336	0.01043	0.00649	0.00642
8	0.00794	0.00641	0.00917	0.00929	0.01057	0.00586	0.06331	0.00951	0.01240	0.01602	0.03841	0.50543	0.21554	0.01673	0.00752	0.00232	0.00401	0.04896	0.00538	0.00522
9	0.01317	0.04363	0.15234	0.11649	0.13941	0.01277	0.14702	0.04095	0.04109	0.04930	0.01749	0.12453	0.03718	0.00822	0.00641	0.00200	0.00723	0.02911	0.00378	0.00787
10	0.01506	0.15606	0.19865	0.01555	0.07596	0.07613	0.05993	0.09472	0.01436	0.01970	0.01169	0.01413	0.00934	0.00686	0.00707	0.03173	0.06875	0.00478	0.11170	0.00782
11	0.01731	0.01506	0.07673	0.01788	0.06860	0.03869	0.21595	0.02226	0.09034	0.19844	0.01539	0.01674	0.01120	0.00671	0.00788	0.00194	0.10212	0.00592	0.00438	0.06645

[dist]
# distance from previous block
# <min> <max>
0	4

[block]
# block no. 2 follows, 38 sequences, length 32
# corresponding to MSA columns:
# 173-186,188-205
name=unknown_C
#
# <colnr> <probs for GDERKNQSTAVLIFYWHMCP>
#	G	D	E	R	K	N	Q	S	T	A	V	L	I	F	Y	W	H	M	C	P
0	0.01226	0.01077	0.04078	0.08533	0.11228	0.00955	0.05044	0.01596	0.05806	0.05926	0.05999	0.18142	0.03938	0.00898	0.00609	0.00175	0.00534	0.00807	0.00437	0.22995
1	0.01878	0.12099	0.01768	0.03181	0.01748	0.36589	0.01035	0.07488	0.04352	0.03662	0.01097	0.01236	0.00891	0.00653	0.01823	0.00157	0.00819	0.00409	0.00357	0.18758
2	0.01435	0.00990	0.01236	0.06892	0.01564	0.00854	0.00799	0.03106	0.03885	0.14538	0.05061	0.09007	0.01588	0.03656	0.00635	0.00158	0.00478	0.00610	0.00463	0.43044
3	0.01527	0.03115	0.09585	0.12289	0.04682	0.01218	0.24378	0.01918	0.01377	0.15255	0.01487	0.05783	0.01163	0.00731	0.02373	0.00201	0.00769	0.00634	0.00394	0.11122
4	0.01170	0.00866	0.01063	0.01012	0.01190	0.00885	0.02431	0.19545	0.01623	0.02166	0.05906	0.44773	0.05865	0.04427	0.00809	0.00237	0.00459	0.04375	0.00560	0.00636
5	0.36482	0.01075	0.01178	0.14840	0.01777	0.01187	0.00892	0.04498	0.04023	0.17505	0.03194	0.01573	0.01110	0.00649	0.00492	0.00185	0.00523	0.00482	0.07590	0.00746
6	0.00847	0.00578	0.00658	0.00674	0.00692	0.00567	0.00393	0.00870	0.00940	0.01240	0.02342	0.12627	0.07296	0.64794	0.02640	0.00519	0.00538	0.00997	0.00400	0.00388
7	0.01116	0.01042	0.01749	0.73556	0.03979	0.01294	0.01615	0.01502	0.01200	0.01537	0.01182	0.05475	0.00962	0.00666	0.00610	0.00203	0.00779	0.00594	0.00282	0.00659
8	0.00836	0.00569	0.00675	0.00710	0.00727	0.00557	0.00428	0.00879	0.00994	0.01334	0.06287	0.23906	0.02858	0.53993	0.02319	0.00471	0.00504	0.01110	0.00433	0.00409
9	0.00874	0.00586	0.00668	0.00668	0.00672	0.00590	0.00379	0.00883	0.00878	0.01175	0.01884	0.03876	0.02161	0.75985	0.05899	0.00598	0.00623	0.00866	0.00363	0.00371
10	0.00973	0.00790	0.00785	0.00767	0.00966	0.05091	0.00570	0.03815	0.01440	0.05442	0.08243	0.18349	0.47675	0.01452	0.00702	0.00205	0.00382	0.01228	0.00560	0.00564
11	0.01013	0.00536	0.00773	0.00773	0.00778	0.00541	0.00510	0.00809	0.00804	0.01077	0.01188	0.02148	0.01225	0.13014	0.05520	0.67573	0.00576	0.00577	0.00278	0.00287
12	0.02437	0.01220	0.01493	0.01161	0.01611	0.01199	0.00953	0.23766	0.06200	0.47200	0.04855	0.01972	0.01530	0.00760	0.00608	0.00186	0.00546	0.00609	0.00691	0.01002
13	0.02123	0.01242	0.01448	0.01178	0.01582	0.01288	0.00959	0.26172	0.15341	0.29030	0.02137	0.04793	0.01588	0.00836	0.00616	0.00193	0.00543	0.04287	0.03693	0.00950
14	0.01194	0.01277	0.07382	0.23563	0.25279	0.01205	0.09592	0.01552	0.01282	0.01745	0.01716	0.15454	0.04492	0.00836	0.00644	0.00201	0.00704	0.00789	0.00344	0.00751
15	0.01374	0.01228	0.01859	0.42740	0.07827	0.01469	0.04193	0.12992	0.03836	0.01950	0.01181	0.01624	0.00929	0.02297	0.02747	0.00230	0.09883	0.00556	0.00338	0.00748
16	0.04552	0.01475	0.08758	0.20445	0.21774	0.03970	0.01461	0.08214	0.03636	0.04884	0.01251	0.01599	0.00987	0.00607	0.00570	0.00176	0.00694	0.02229	0.00358	0.12359
17	0.03367	0.01174	0.01878	0.43583	0.07129	0.01390	0.05792	0.03526	0.01282	0.10880	0.01204	0.01590	0.00903	0.00684	0.00820	0.00207	0.12961	0.00548	0.00341	0.00744
18	0.00787	0.00549	0.00690	0.00772	0.00801	0.00525	0.00494	0.00867	0.01089	0.01460	0.06771	0.49328	0.03470	0.27738	0.01536	0.00355	0.00424	0.01395	0.00499	0.00451
19	0.01154	0.01051	0.01782	0.57209	0.05678	0.01235	0.07462	0.01539	0.01239	0.01668	0.01366	0.01825	0.03524	0.00636	0.00593	0.00193	0.00739	0.00578	0.09858	0.00671
20	0.02103	0.01513	0.01689	0.05849	0.01892	0.01673	0.01108	0.56645	0.06452	0.06558	0.01489	0.01552	0.01077	0.00820	0.00729	0.06149	0.00643	0.00550	0.00564	0.00943
21	0.05406	0.00817	0.01138	0.18705	0.03172	0.00857	0.00861	0.03641	0.01077	0.01532	0.01329	0.08857	0.01298	0.06853	0.01402	0.30375	0.00571	0.00629	0.00328	0.11152
22	0.03209	0.04499	0.05882	0.04957	0.04695	0.03762	0.00920	0.04335	0.05513	0.10493	0.24056	0.12676	0.04556	0.01021	0.00638	0.00190	0.00491	0.02587	0.00533	0.04987
23	0.03832	0.01246	0.01382	0.01154	0.01499	0.01329	0.00922	0.40364	0.03924	0.06609	0.01998	0.18482	0.01830	0.01003	0.00626	0.00194	0.00542	0.03907	0.05073	0.04083
24	0.01329	0.04559	0.05840	0.03596	0.07185	0.06479	0.06091	0.01540	0.01078	0.01520	0.01026	0.01607	0.00970	0.07070	0.07494	0.00315	0.40787	0.00554	0.00283	0.00678
25	0.05311	0.02197	0.05047	0.02820	0.04453	0.36336	0.03907	0.20048	0.03724	0.06052	0.01191	0.01310	0.00908	0.00660	0.00616	0.00174	0.03546	0.00470	0.00411	0.00821
26	0.01099	0.00790	0.01098	0.15735	0.01655	0.00848	0.00879	0.05151	0.01306	0.07323	0.04419	0.37168	0.05441	0.05316	0.00894	0.00245	0.04531	0.05003	0.00496	0.00602
27	0.01148	0.00694	0.00857	0.00802	0.01022	0.00616	0.00630	0.01370	0.01538	0.15371	0.26812	0.06244	0.30008	0.01311	0.00706	0.00205	0.00365	0.09049	0.00625	0.00626
28	0.00870	0.00714	0.03389	0.00739	0.00945	0.00580	0.00589	0.01101	0.01520	0.04909	0.35898	0.07331	0.36530	0.01342	0.00703	0.00197	0.00326	0.01149	0.00601	0.00567
29	0.04835	0.41259	0.02386	0.02776	0.01663	0.09283	0.01044	0.21141	0.01727	0.02178	0.05651	0.01342	0.01144	0.00629	0.00484	0.00153	0.00666	0.00440	0.00386	0.00813
30	0.01017	0.00825	0.01027	0.01162	0.05948	0.04044	0.00873	0.01251	0.01360	0.01773	0.07867	0.12669	0.09745	0.05335	0.00865	0.00253	0.00521	0.37247	0.00513	0.05705
31	0.00731	0.00533	0.00689	0.00813	0.00866	0.00491	0.00548	0.00840	0.01175	0.01545	0.03613	0.70698	0.11555	0.01846	0.00762	0.00240	0.00344	0.01663	0.00558	0.00491

[dist]
# distance from previous block
# <min> <max>
3	9

[block]
# block no. 3 follows, 38 sequences, length 48
# corresponding to MSA columns:
# 215-262
name=unknown_D
#
# <colnr> <probs for GDERKNQSTAVLIFYWHMCP>
#	G	D	E	R	K	N	Q	S	T	A	V	L	I	F	Y	W	H	M	C	P
0	0.12295	0.20126	0.03804	0.01433	0.05162	0.27604	0.03722	0.04749	0.03498	0.01802	0.00977	0.01157	0.00817	0.00615	0.00607	0.00165	0.06898	0.00408	0.00321	0.03838
1	0.42717	0.06928	0.01293	0.04531	0.01473	0.01304	0.00819	0.06985	0.01356	0.20536	0.01346	0.03457	0.01000	0.00648	0.00471	0.00181	0.00516	0.00459	0.00471	0.03509
2	0.01084	0.13790	0.01096	0.00728	0.00841	0.00894	0.00500	0.01145	0.00992	0.04093	0.01741	0.03248	0.01878	0.57259	0.02334	0.00461	0.00569	0.00750	0.06126	0.00472
3	0.02956	0.38834	0.22883	0.01295	0.01895	0.01802	0.04776	0.04666	0.01375	0.09658	0.03904	0.01349	0.01046	0.00590	0.00497	0.00161	0.00699	0.00442	0.00341	0.00833
4	0.01489	0.00872	0.01079	0.01000	0.01233	0.00855	0.00763	0.13752	0.03513	0.19221	0.02877	0.37979	0.06145	0.01362	0.00698	0.00219	0.00453	0.05156	0.00610	0.00722
5	0.01232	0.00718	0.01013	0.00981	0.01154	0.00747	0.00784	0.01449	0.01195	0.15238	0.02107	0.03325	0.01954	0.08522	0.39343	0.00629	0.01077	0.15123	0.02791	0.00619
6	0.01013	0.00541	0.00770	0.00770	0.00784	0.00549	0.00514	0.00847	0.00832	0.01144	0.01243	0.02166	0.01253	0.12325	0.07812	0.61736	0.00599	0.00580	0.04213	0.00310
7	0.04168	0.19873	0.06155	0.07973	0.15974	0.07709	0.17895	0.09733	0.01506	0.01976	0.01084	0.01342	0.00864	0.00559	0.00562	0.00173	0.00798	0.00504	0.00322	0.00830
8	0.01686	0.01045	0.01233	0.01053	0.01373	0.01074	0.00829	0.11727	0.21973	0.21354	0.19652	0.07799	0.04617	0.00973	0.00645	0.00195	0.00451	0.00824	0.00652	0.00846
9	0.00745	0.00546	0.00697	0.00811	0.00875	0.00504	0.00557	0.00862	0.01186	0.01550	0.03673	0.62201	0.14268	0.04155	0.00832	0.00250	0.00359	0.04885	0.00552	0.00491
10	0.01741	0.20777	0.22206	0.01532	0.05683	0.03253	0.08003	0.04825	0.01451	0.18752	0.03104	0.01499	0.01084	0.00626	0.00592	0.00176	0.02924	0.00501	0.00399	0.00874
11	0.01339	0.23832	0.49612	0.01665	0.06587	0.01672	0.03763	0.01874	0.01267	0.01775	0.01020	0.01209	0.00780	0.00552	0.00526	0.00173	0.00815	0.00423	0.00259	0.00859
12	0.01137	0.00644	0.00830	0.00843	0.00999	0.00576	0.00608	0.01283	0.01326	0.16788	0.06056	0.47672	0.15763	0.01566	0.00723	0.00223	0.00373	0.01386	0.00600	0.00605
13	0.03351	0.01358	0.02261	0.27232	0.43266	0.03350	0.06978	0.01765	0.01320	0.01829	0.01105	0.01513	0.00889	0.00558	0.00599	0.00187	0.00768	0.00539	0.00291	0.00837
14	0.01846	0.11466	0.03643	0.05120	0.05902	0.08951	0.03102	0.17217	0.01769	0.17322	0.08583	0.03925	0.04273	0.03418	0.00672	0.00191	0.00638	0.00631	0.00501	0.00830
15	0.11203	0.01222	0.01250	0.01040	0.01372	0.08180	0.02532	0.17694	0.01695	0.17545	0.01666	0.01803	0.01239	0.02688	0.04983	0.00225	0.00611	0.00538	0.21732	0.00782
16	0.57857	0.01384	0.03417	0.06709	0.04221	0.07481	0.00901	0.04567	0.01197	0.04321	0.00941	0.01113	0.00726	0.00589	0.00471	0.00186	0.02473	0.00378	0.00369	0.00698
17	0.00844	0.00676	0.02566	0.00805	0.00942	0.00600	0.00606	0.01031	0.01374	0.03496	0.25637	0.29650	0.21667	0.03487	0.00830	0.00224	0.03157	0.01292	0.00571	0.00542
18	0.05248	0.03211	0.05527	0.08681	0.01862	0.01181	0.05320	0.15567	0.03669	0.02278	0.03956	0.10031	0.01422	0.00730	0.00559	0.00160	0.00572	0.00619	0.00426	0.28981
19	0.01040	0.00699	0.00798	0.00719	0.00970	0.00591	0.00554	0.01237	0.01472	0.11547	0.18509	0.04711	0.46366	0.01285	0.00677	0.00190	0.00338	0.01080	0.00588	0.06630
20	0.07644	0.09157	0.01549	0.01077	0.01483	0.01356	0.00892	0.20758	0.04969	0.06746	0.09941	0.01828	0.03210	0.00724	0.00627	0.00161	0.05478	0.00546	0.00481	0.21373
21	0.02003	0.01356	0.01526	0.01158	0.01636	0.01352	0.00948	0.38664	0.02138	0.14345	0.01507	0.01520	0.01083	0.00647	0.00550	0.00154	0.00560	0.00500	0.04397	0.23958
22	0.05635	0.17123	0.06675	0.03131	0.01699	0.08099	0.02726	0.08156	0.01451	0.18021	0.01350	0.01504	0.01034	0.01092	0.08945	0.00263	0.09233	0.00490	0.00416	0.02957
23	0.02320	0.00993	0.01289	0.01018	0.01424	0.00901	0.00830	0.06949	0.03647	0.55841	0.07999	0.02346	0.04316	0.00806	0.00604	0.00184	0.00479	0.00660	0.06458	0.00936
24	0.00875	0.00583	0.00656	0.00656	0.00656	0.00583	0.00365	0.00875	0.00875	0.01166	0.01895	0.03937	0.02187	0.78858	0.03062	0.00583	0.00583	0.00875	0.00365	0.00365
25	0.07616	0.01266	0.06856	0.04149	0.05801	0.01187	0.01043	0.10850	0.10296	0.25210	0.01988	0.05377	0.03630	0.03065	0.00723	0.00204	0.04257	0.00639	0.04981	0.00860
26	0.01591	0.00791	0.01043	0.00890	0.01164	0.00712	0.00698	0.01880	0.03480	0.31306	0.39921	0.05628	0.06251	0.01056	0.00667	0.00190	0.00381	0.00911	0.00687	0.00753
27	0.00740	0.00534	0.00704	0.00837	0.00883	0.00497	0.00569	0.00854	0.01171	0.01550	0.03444	0.72370	0.07363	0.01859	0.00767	0.00244	0.00354	0.04211	0.00558	0.00492
28	0.00735	0.00610	0.00643	0.00635	0.00827	0.00518	0.00476	0.00910	0.01428	0.01760	0.17876	0.05567	0.62996	0.01473	0.00711	0.00201	0.00301	0.01238	0.00576	0.00518
29	0.01862	0.03366	0.03541	0.04868	0.01784	0.03353	0.06789	0.29437	0.04308	0.14045	0.01611	0.04695	0.01284	0.06637	0.00974	0.08844	0.00651	0.00624	0.00505	0.00820
30	0.38574	0.01086	0.01168	0.00946	0.01370	0.01092	0.00780	0.02413	0.01410	0.43032	0.01688	0.01570	0.01115	0.00662	0.00501	0.00186	0.00491	0.00480	0.00578	0.00858
31	0.00953	0.00783	0.01147	0.01093	0.01178	0.00976	0.00868	0.01151	0.00957	0.01407	0.01442	0.02148	0.01357	0.03801	0.61162	0.00822	0.17262	0.00620	0.00310	0.00562
32	0.05920	0.01195	0.04834	0.01111	0.01480	0.01132	0.00925	0.21063	0.04366	0.28317	0.01681	0.01767	0.01206	0.01127	0.03179	0.18185	0.00600	0.00553	0.00543	0.00816
33	0.01666	0.01610	0.09597	0.06268	0.43030	0.01488	0.01651	0.16586	0.04455	0.05868	0.01298	0.01519	0.01001	0.00602	0.00596	0.00183	0.00707	0.00537	0.00388	0.00951
34	0.01619	0.00879	0.01134	0.01027	0.01296	0.00846	0.00828	0.09276	0.03668	0.25720	0.14189	0.15983	0.02968	0.01214	0.00699	0.00216	0.00473	0.16571	0.00640	0.00756
35	0.65527	0.05439	0.01161	0.03366	0.03397	0.09277	0.00790	0.01831	0.01121	0.02446	0.00863	0.01022	0.00684	0.00563	0.00404	0.00180	0.00557	0.00344	0.00354	0.00671
36	0.01214	0.05574	0.01535	0.17198	0.13829	0.06700	0.01212	0.02626	0.01340	0.01707	0.02049	0.11158	0.02117	0.04085	0.00774	0.00235	0.00658	0.24920	0.00412	0.00659
37	0.02025	0.02965	0.05884	0.01172	0.01548	0.01151	0.01011	0.02429	0.09398	0.40444	0.03819	0.02008	0.03318	0.00811	0.00829	0.00196	0.13811	0.00603	0.02955	0.03623
38	0.05263	0.04628	0.55171	0.01662	0.02405	0.01431	0.07000	0.01926	0.01269	0.06367	0.01129	0.01324	0.00814	0.00611	0.00672	0.00195	0.06510	0.00470	0.00294	0.00860
39	0.01414	0.04145	0.15122	0.03116	0.55939	0.01412	0.01836	0.01821	0.01349	0.01928	0.01231	0.01738	0.01058	0.00606	0.00598	0.00185	0.00734	0.04554	0.00304	0.00913
40	0.02699	0.01024	0.01396	0.01070	0.01536	0.00884	0.00884	0.02932	0.01722	0.75522	0.02373	0.02048	0.01489	0.00745	0.00605	0.00186	0.00512	0.00605	0.00745	0.01024
41	0.00836	0.00612	0.00784	0.00746	0.00890	0.00560	0.00558	0.01103	0.01658	0.02318	0.66660	0.06759	0.11720	0.01275	0.00711	0.00192	0.00288	0.01122	0.00650	0.00560
42	0.01335	0.08077	0.61200	0.01692	0.02502	0.04429	0.06350	0.01951	0.01307	0.04165	0.01106	0.01288	0.00795	0.00571	0.00567	0.00186	0.00876	0.00455	0.00275	0.00873
43	0.02303	0.01173	0.01416	0.01109	0.01530	0.01160	0.00908	0.24483	0.03953	0.40963	0.05525	0.02001	0.01560	0.00759	0.00592	0.00181	0.00525	0.00606	0.08297	0.00957
44	0.00875	0.00583	0.00656	0.00656	0.00656	0.00583	0.00365	0.00875	0.00875	0.01166	0.01895	0.03937	0.02187	0.78858	0.03062	0.00583	0.00583	0.00875	0.00365	0.00365
45	0.45649	0.01454	0.04963	0.01048	0.01464	0.04343	0.00897	0.23890	0.01665	0.02933	0.05683	0.01362	0.01092	0.00654	0.00481	0.00184	0.00560	0.00449	0.00453	0.00775
46	0.01230	0.01148	0.01915	0.48133	0.25022	0.01313	0.01645	0.01630	0.02709	0.01697	0.01279	0.03793	0.01082	0.00672	0.00616	0.00199	0.00745	0.04116	0.00305	0.00748
47	0.00969	0.00692	0.00969	0.01108	0.01246	0.00692	0.00969	0.01246	0.01385	0.01800	0.03185	0.06786	0.03462	0.01662	0.00831	0.00277	0.00554	0.71057	0.00554	0.00554

[dist]
# distance from previous block
# <min> <max>
0	1

[block]
# block no. 4 follows, 38 sequences, length 22
# corresponding to MSA columns:
# 264-285
name=unknown_E
#
# <colnr> <probs for GDERKNQSTAVLIFYWHMCP>
#	G	D	E	R	K	N	Q	S	T	A	V	L	I	F	Y	W	H	M	C	P
0	0.10171	0.09372	0.03667	0.06991	0.41376	0.04820	0.01466	0.04095	0.01378	0.02018	0.04501	0.01492	0.01101	0.00579	0.00546	0.00171	0.00672	0.00500	0.00329	0.04754
1	0.01430	0.45405	0.35404	0.01334	0.02015	0.01943	0.01560	0.01847	0.01244	0.01633	0.00944	0.01101	0.00768	0.00540	0.00468	0.00156	0.00753	0.00376	0.00256	0.00824
2	0.00872	0.00593	0.00704	0.00702	0.00722	0.00605	0.00425	0.00913	0.00924	0.01252	0.05106	0.03753	0.02252	0.65532	0.12700	0.00617	0.00706	0.00854	0.00372	0.00396
3	0.16343	0.41678	0.10614	0.01176	0.01684	0.10301	0.03599	0.01933	0.01277	0.05265	0.00961	0.01089	0.00789	0.00551	0.00444	0.00154	0.00695	0.00371	0.00308	0.00768
4	0.01254	0.00729	0.00759	0.00701	0.00890	0.00756	0.00539	0.09700	0.04958	0.02445	0.06978	0.02307	0.01783	0.00746	0.00471	0.00151	0.00334	0.00601	0.63265	0.00633
5	0.01358	0.01380	0.05471	0.32502	0.32542	0.01435	0.06309	0.04730	0.01343	0.01843	0.01107	0.01523	0.00877	0.00594	0.00670	0.00194	0.04466	0.00542	0.00295	0.00817
6	0.01247	0.01069	0.01247	0.00891	0.01426	0.00802	0.00713	0.01515	0.01247	0.01960	0.01069	0.01247	0.00891	0.00446	0.00446	0.00089	0.00446	0.00356	0.00356	0.82536
7	0.01815	0.35973	0.04334	0.01273	0.01693	0.29558	0.01099	0.02258	0.13489	0.01633	0.01145	0.01230	0.00950	0.00605	0.00486	0.00153	0.00785	0.00409	0.00336	0.00778
8	0.01266	0.00828	0.01030	0.04304	0.01278	0.00834	0.00742	0.01809	0.17330	0.13837	0.24595	0.19685	0.07612	0.01194	0.00680	0.00205	0.00401	0.01044	0.00618	0.00708
9	0.00953	0.00613	0.00740	0.00725	0.00763	0.00624	0.00451	0.00998	0.00927	0.04488	0.01870	0.03596	0.02044	0.63240	0.14969	0.00628	0.00748	0.00825	0.00374	0.00422
10	0.01450	0.01091	0.01221	0.01090	0.01392	0.01190	0.00855	0.05911	0.42903	0.08933	0.18360	0.02992	0.05156	0.00955	0.00645	0.00201	0.00444	0.03735	0.00630	0.00846
11	0.00861	0.00639	0.00941	0.00941	0.01039	0.00738	0.00720	0.01058	0.00959	0.01377	0.01635	0.02495	0.01561	0.10714	0.70350	0.00935	0.01526	0.00664	0.00326	0.00523
12	0.02247	0.02867	0.01705	0.01550	0.01860	0.76443	0.01162	0.02402	0.01705	0.01472	0.00930	0.01085	0.00775	0.00620	0.00542	0.00155	0.01085	0.00387	0.00310	0.00697
13	0.05075	0.00989	0.01174	0.01064	0.01361	0.01023	0.00849	0.03654	0.25228	0.21723	0.07437	0.10943	0.02405	0.01051	0.00652	0.00211	0.00470	0.11526	0.02348	0.00816
14	0.00748	0.00602	0.00667	0.00670	0.00840	0.00520	0.00495	0.00927	0.01429	0.01809	0.22690	0.13254	0.50256	0.01490	0.00717	0.00204	0.00304	0.01272	0.00584	0.00520
15	0.00741	0.00531	0.00691	0.00816	0.00856	0.00495	0.00542	0.00841	0.01144	0.01517	0.03353	0.70524	0.07075	0.06673	0.00908	0.00264	0.00362	0.01638	0.00546	0.00482
16	0.01383	0.01427	0.01841	0.16847	0.09038	0.13066	0.06275	0.01612	0.01175	0.01528	0.01036	0.01519	0.00908	0.01259	0.10003	0.03787	0.25804	0.00534	0.00284	0.00673
17	0.00899	0.00628	0.00751	0.00724	0.00893	0.00557	0.00536	0.01103	0.01498	0.06354	0.35361	0.11569	0.31117	0.04334	0.00799	0.00214	0.00323	0.01176	0.00607	0.00557
18	0.00935	0.00646	0.00839	0.00922	0.01031	0.00629	0.00695	0.01189	0.05451	0.04680	0.06241	0.40377	0.06740	0.05917	0.00892	0.00263	0.00429	0.21010	0.00561	0.00553
19	0.00940	0.00641	0.00826	0.00791	0.00948	0.00591	0.00607	0.01197	0.01604	0.05713	0.54192	0.04720	0.11539	0.04544	0.00817	0.00216	0.00338	0.08570	0.00632	0.00574
20	0.05385	0.16848	0.08597	0.25969	0.11396	0.03286	0.08240	0.08186	0.01414	0.03667	0.01096	0.01392	0.00850	0.00578	0.00554	0.00179	0.00759	0.00491	0.00319	0.00795
21	0.01570	0.01591	0.08970	0.11047	0.47495	0.01496	0.01734	0.14770	0.01608	0.02245	0.01177	0.01473	0.00932	0.00580	0.00595	0.00182	0.00730	0.00528	0.00346	0.00929

[dist]
# distance from previous block
# <min> <max>
3	4

[block]
# block no. 5 follows, 38 sequences, length 82
# corresponding to MSA columns:
# 291-372
name=unknown_F
#
# <colnr> <probs for GDERKNQSTAVLIFYWHMCP>
#	G	D	E	R	K	N	Q	S	T	A	V	L	I	F	Y	W	H	M	C	P
0	0.00804	0.00601	0.00769	0.00845	0.00955	0.00541	0.00604	0.00950	0.01218	0.01630	0.05064	0.55429	0.10584	0.01681	0.00738	0.00228	0.00372	0.08473	0.00542	0.07971
1	0.00737	0.00527	0.00702	0.00835	0.00873	0.00491	0.00559	0.00847	0.01170	0.01564	0.05657	0.76042	0.04034	0.01863	0.00766	0.00243	0.00347	0.01690	0.00562	0.00491
2	0.05537	0.01029	0.01378	0.01060	0.01523	0.00901	0.00876	0.02891	0.01697	0.72952	0.02319	0.02010	0.01460	0.00738	0.00597	0.00186	0.00510	0.00595	0.00731	0.01011
3	0.00783	0.00554	0.00728	0.00849	0.00893	0.00528	0.00587	0.00896	0.01146	0.01521	0.03110	0.59159	0.03673	0.12085	0.01081	0.00294	0.00407	0.10696	0.00532	0.00481
4	0.07446	0.01058	0.01382	0.01066	0.01527	0.00951	0.00881	0.05667	0.01725	0.68342	0.02245	0.01960	0.01421	0.00733	0.00591	0.00186	0.00515	0.00586	0.00717	0.01002
5	0.00816	0.00601	0.00764	0.00750	0.00884	0.00548	0.00552	0.01057	0.01580	0.02183	0.55537	0.15405	0.14363	0.01363	0.00718	0.00199	0.00296	0.01202	0.00634	0.00548
6	0.00859	0.00645	0.00967	0.00967	0.01074	0.00752	0.00752	0.01074	0.00967	0.01396	0.01611	0.02363	0.01504	0.04512	0.76474	0.00967	0.01611	0.00645	0.00322	0.00537
7	0.02196	0.02785	0.01677	0.01528	0.01831	0.73644	0.01147	0.02353	0.01677	0.01469	0.00955	0.01132	0.00802	0.00764	0.03350	0.00185	0.01104	0.00397	0.00310	0.00691
8	0.01223	0.01491	0.12268	0.17254	0.02636	0.03861	0.24718	0.01644	0.01358	0.01821	0.07646	0.04886	0.01730	0.00832	0.00727	0.00212	0.03489	0.11127	0.00363	0.00715
9	0.00950	0.00683	0.00942	0.01062	0.01203	0.00676	0.00919	0.01222	0.01406	0.01835	0.08296	0.06583	0.06728	0.01626	0.00817	0.00268	0.00524	0.63145	0.00562	0.00553
10	0.00757	0.00548	0.00710	0.00801	0.00867	0.00507	0.00547	0.00895	0.01261	0.01692	0.16508	0.57478	0.09548	0.03870	0.00816	0.00241	0.00340	0.01541	0.00572	0.00501
11	0.01609	0.01396	0.02277	0.08467	0.59506	0.01419	0.01714	0.07333	0.01494	0.07150	0.01237	0.01532	0.00985	0.00569	0.00597	0.00181	0.00703	0.00541	0.00350	0.00943
12	0.01665	0.01126	0.01241	0.01065	0.01357	0.02879	0.00834	0.30261	0.04098	0.09481	0.04474	0.19741	0.02023	0.01128	0.02991	0.00215	0.00537	0.00845	0.13251	0.00787
13	0.13896	0.14219	0.01814	0.01348	0.01711	0.49014	0.01066	0.07140	0.01610	0.01803	0.00938	0.01076	0.00774	0.00602	0.00498	0.00157	0.00898	0.00379	0.00331	0.00725
14	0.01161	0.00680	0.00741	0.00710	0.00866	0.00711	0.00541	0.07306	0.01358	0.02214	0.02120	0.08587	0.04263	0.01088	0.05484	0.00212	0.02630	0.00684	0.58050	0.00593
15	0.05168	0.04056	0.01605	0.13065	0.05048	0.06470	0.03119	0.20247	0.04226	0.06819	0.01686	0.15867	0.01537	0.00885	0.00648	0.00192	0.02976	0.00734	0.00464	0.05188
16	0.01291	0.01061	0.01246	0.00934	0.01429	0.00843	0.00753	0.03133	0.03845	0.03701	0.01312	0.01715	0.01131	0.00561	0.00487	0.00111	0.00461	0.05610	0.00394	0.69980
17	0.05712	0.07786	0.01760	0.01470	0.01802	0.64346	0.01126	0.04383	0.03383	0.01613	0.00970	0.01110	0.00802	0.00618	0.00528	0.00156	0.01002	0.00392	0.00325	0.00716
18	0.01341	0.01073	0.01566	0.33730	0.02595	0.01206	0.05233	0.13433	0.01551	0.05277	0.06455	0.05254	0.08490	0.00822	0.00655	0.00195	0.02770	0.00702	0.06937	0.00713
19	0.02039	0.07131	0.01590	0.01171	0.01568	0.03535	0.00960	0.27350	0.08624	0.23327	0.04482	0.01924	0.01460	0.03543	0.08263	0.00271	0.00692	0.00592	0.00576	0.00903
20	0.01496	0.01292	0.01360	0.01224	0.01564	0.01496	0.00952	0.03197	0.74019	0.02516	0.02448	0.02244	0.01836	0.00816	0.00612	0.00204	0.00476	0.00680	0.00612	0.00952
21	0.00868	0.00609	0.00786	0.00786	0.00831	0.00654	0.00527	0.00958	0.00913	0.01263	0.01777	0.03279	0.01901	0.47762	0.33767	0.00744	0.01013	0.00779	0.00347	0.00437
22	0.13858	0.03896	0.01546	0.01373	0.06689	0.18022	0.01019	0.24216	0.06981	0.04311	0.05301	0.01776	0.05451	0.00735	0.00557	0.00177	0.00666	0.00550	0.02059	0.00818
23	0.00749	0.00610	0.00665	0.00664	0.00846	0.00525	0.00500	0.00931	0.01433	0.01793	0.20329	0.08236	0.55493	0.01480	0.00717	0.00204	0.00310	0.03414	0.00580	0.00521
24	0.00733	0.00524	0.00698	0.00838	0.00873	0.00489	0.00558	0.00838	0.01152	0.01536	0.03316	0.78466	0.03979	0.01885	0.00768	0.00244	0.00349	0.01710	0.00558	0.00489
25	0.00836	0.00645	0.00786	0.00855	0.01020	0.00595	0.00703	0.01047	0.01376	0.01722	0.06249	0.09295	0.36917	0.01596	0.00769	0.00239	0.00422	0.33840	0.00559	0.00530
26	0.07158	0.48852	0.04863	0.06471	0.01783	0.13519	0.01127	0.01851	0.01261	0.01537	0.00871	0.01063	0.00767	0.00580	0.00543	0.00153	0.06220	0.00365	0.00274	0.00741
27	0.77987	0.01127	0.00872	0.00783	0.01141	0.01301	0.00642	0.01737	0.01052	0.02676	0.03169	0.01126	0.00835	0.00584	0.00384	0.00185	0.00454	0.00357	0.02944	0.00646
28	0.00782	0.00537	0.00692	0.00806	0.00848	0.00510	0.00540	0.00892	0.01136	0.01553	0.03065	0.63131	0.03602	0.10066	0.00992	0.00274	0.00375	0.03496	0.06220	0.00482
29	0.01200	0.00691	0.00742	0.00697	0.00859	0.00721	0.00526	0.08970	0.01369	0.02239	0.01867	0.02303	0.01533	0.07222	0.08263	0.00262	0.00478	0.00592	0.58877	0.00592
30	0.01513	0.01486	0.02451	0.03581	0.70287	0.04054	0.04053	0.01868	0.01383	0.01947	0.01127	0.01479	0.00945	0.00538	0.00597	0.00179	0.00737	0.00536	0.00298	0.00940
31	0.01969	0.01499	0.01928	0.09635	0.09483	0.06376	0.09109	0.25044	0.10532	0.15825	0.01602	0.01666	0.01145	0.00676	0.00611	0.00187	0.00699	0.00577	0.00512	0.00926
32	0.70195	0.03600	0.04253	0.04841	0.01379	0.01358	0.00778	0.01752	0.01057	0.02550	0.00896	0.01062	0.00696	0.00564	0.00395	0.00184	0.00501	0.00349	0.02927	0.00664
33	0.01386	0.03778	0.07238	0.12354	0.40121	0.01370	0.03674	0.04327	0.05628	0.01963	0.01469	0.02210	0.01295	0.00715	0.00623	0.00196	0.00708	0.09740	0.00352	0.00853
34	0.01498	0.01085	0.01212	0.01090	0.01405	0.01172	0.00860	0.02607	0.44929	0.12959	0.07945	0.03105	0.10557	0.00976	0.00645	0.00206	0.00454	0.05815	0.00625	0.00856
35	0.06714	0.06743	0.18935	0.04410	0.06818	0.05424	0.16539	0.08193	0.03632	0.02087	0.06405	0.01730	0.01271	0.00682	0.00695	0.00193	0.06136	0.02233	0.00357	0.00803
36	0.01588	0.66063	0.08442	0.01102	0.01619	0.06627	0.01110	0.01820	0.01272	0.01492	0.03595	0.01126	0.00953	0.00552	0.00421	0.00137	0.00675	0.00363	0.00275	0.00769
37	0.02699	0.01024	0.01396	0.01070	0.01536	0.00884	0.00884	0.02932	0.01722	0.75522	0.02373	0.02048	0.01489	0.00745	0.00605	0.00186	0.00512	0.00605	0.00745	0.01024
38	0.00801	0.00637	0.00980	0.00999	0.01098	0.00593	0.07800	0.00948	0.01187	0.01578	0.03208	0.68084	0.06293	0.01733	0.00760	0.00239	0.00414	0.01594	0.00533	0.00522
39	0.01615	0.01518	0.02385	0.05680	0.35119	0.08636	0.18119	0.04175	0.01486	0.08198	0.03628	0.04148	0.01215	0.00630	0.00627	0.00186	0.00779	0.00624	0.00367	0.00865
40	0.00833	0.00595	0.00813	0.00952	0.01031	0.00575	0.00733	0.01011	0.01251	0.01648	0.03260	0.48030	0.03759	0.01790	0.00795	0.00258	0.00436	0.31156	0.00557	0.00516
41	0.00870	0.00584	0.00671	0.00675	0.00681	0.00588	0.00387	0.00882	0.00887	0.01188	0.01927	0.06182	0.02213	0.73229	0.06190	0.00589	0.00621	0.00891	0.00369	0.00376
42	0.01628	0.76897	0.03108	0.01045	0.01554	0.04634	0.01033	0.01820	0.01237	0.01417	0.00839	0.00969	0.00772	0.00518	0.00391	0.00129	0.00657	0.00324	0.00259	0.00770
43	0.01247	0.10732	0.68473	0.01646	0.02498	0.01496	0.02103	0.01895	0.01265	0.01856	0.01055	0.01240	0.00763	0.00566	0.00553	0.00184	0.00864	0.00432	0.00254	0.00877
44	0.00969	0.00692	0.00969	0.01108	0.01246	0.00692	0.00969	0.01246	0.01385	0.01800	0.03185	0.06786	0.03462	0.01662	0.00831	0.00277	0.00554	0.71057	0.00554	0.00554
45	0.01475	0.01128	0.01245	0.01125	0.01416	0.01241	0.00866	0.13378	0.38741	0.06562	0.02625	0.20660	0.04760	0.01081	0.00651	0.00209	0.00470	0.00924	0.00603	0.00840
46	0.10547	0.04978	0.14795	0.02032	0.06606	0.06666	0.36428	0.01898	0.01354	0.03422	0.01233	0.05026	0.01001	0.00603	0.00619	0.00193	0.00864	0.00620	0.00322	0.00794
47	0.01164	0.01107	0.01898	0.71047	0.07717	0.01348	0.04170	0.01566	0.01219	0.01572	0.01078	0.01599	0.00813	0.00595	0.00605	0.00199	0.00805	0.00541	0.00270	0.00688
48	0.71690	0.03881	0.01060	0.08809	0.01488	0.01384	0.00771	0.01745	0.01049	0.02533	0.00862	0.01042	0.00671	0.00561	0.00397	0.00186	0.00507	0.00347	0.00357	0.00657
49	0.00734	0.00608	0.00629	0.00625	0.00809	0.00518	0.00460	0.00887	0.01364	0.01659	0.11541	0.05552	0.64022	0.06882	0.00875	0.00228	0.00322	0.01227	0.00554	0.00503
50	0.01347	0.01018	0.04245	0.01033	0.01299	0.00959	0.00826	0.13621	0.10737	0.09026	0.12702	0.26257	0.02866	0.03635	0.00748	0.00218	0.00466	0.03864	0.00576	0.04558
51	0.01247	0.01069	0.01247	0.00891	0.01426	0.00802	0.00713	0.01515	0.01247	0.01960	0.01069	0.01247	0.00891	0.00446	0.00446	0.00089	0.00446	0.00356	0.00356	0.82536
52	0.02045	0.19836	0.02060	0.01481	0.04703	0.43376	0.01148	0.11822	0.04885	0.01838	0.01052	0.01173	0.00861	0.00615	0.00520	0.00156	0.00887	0.00412	0.00350	0.00780
53	0.01399	0.01328	0.04340	0.12811	0.25424	0.03661	0.01339	0.06967	0.18110	0.02217	0.14175	0.02174	0.01943	0.00746	0.00618	0.00189	0.00612	0.00657	0.00448	0.00840
54	0.00965	0.00781	0.01048	0.03886	0.11832	0.00757	0.00828	0.01261	0.04301	0.01887	0.16665	0.06976	0.25542	0.04127	0.00783	0.00223	0.00439	0.13126	0.03964	0.00611
55	0.01215	0.01018	0.01097	0.01011	0.01280	0.01108	0.00776	0.03889	0.42690	0.02290	0.13681	0.07758	0.17534	0.01082	0.00655	0.00204	0.00410	0.00918	0.00605	0.00780
56	0.00902	0.00707	0.01049	0.01024	0.01122	0.00854	0.00805	0.01109	0.00963	0.01401	0.01534	0.02265	0.01437	0.04188	0.69501	0.00901	0.08739	0.00633	0.00317	0.00548
57	0.01549	0.01402	0.01384	0.01247	0.01585	0.06713	0.00967	0.03141	0.68985	0.02444	0.02343	0.02164	0.01762	0.00802	0.00607	0.00201	0.00518	0.00660	0.00591	0.00934
58	0.00792	0.00606	0.00702	0.00683	0.00846	0.00534	0.00507	0.00970	0.01468	0.01910	0.34168	0.04978	0.41095	0.01441	0.00825	0.05926	0.00311	0.01142	0.00581	0.00515
59	0.00824	0.00623	0.00737	0.00747	0.00883	0.00572	0.00537	0.03463	0.01433	0.01887	0.25614	0.25251	0.27723	0.05880	0.00855	0.00231	0.00339	0.01289	0.00580	0.00530
60	0.00731	0.00574	0.00661	0.00717	0.00844	0.00504	0.00508	0.00873	0.01304	0.01647	0.10100	0.36307	0.39788	0.01654	0.00735	0.00219	0.00322	0.01442	0.00566	0.00504
61	0.02187	0.01611	0.01736	0.01340	0.01798	0.01775	0.01103	0.68090	0.02750	0.03695	0.06550	0.01657	0.01347	0.00757	0.00609	0.00181	0.00636	0.00580	0.00606	0.00991
62	0.57878	0.01362	0.01120	0.00965	0.01342	0.06647	0.00783	0.16169	0.01440	0.02788	0.01065	0.04175	0.00868	0.00649	0.00446	0.00185	0.00544	0.00429	0.00422	0.00723
63	0.00757	0.00541	0.00726	0.00865	0.00911	0.00509	0.00600	0.00879	0.01176	0.01563	0.03302	0.71162	0.03926	0.01862	0.00774	0.00248	0.00370	0.08776	0.00558	0.00495
64	0.01121	0.00561	0.00561	0.00561	0.00701	0.00561	0.00421	0.01402	0.01262	0.02243	0.01962	0.02243	0.01542	0.00701	0.00421	0.00140	0.00280	0.00561	0.82198	0.00561
65	0.01469	0.01593	0.02528	0.19994	0.07044	0.12947	0.33823	0.03550	0.01428	0.01810	0.01242	0.04260	0.01004	0.00610	0.00640	0.00192	0.00897	0.00634	0.03584	0.00752
66	0.05245	0.01065	0.03055	0.08702	0.01781	0.00943	0.00969	0.02652	0.01622	0.61188	0.02298	0.02087	0.04088	0.00749	0.00600	0.00188	0.00540	0.00609	0.00666	0.00953
67	0.24513	0.12437	0.04587	0.04432	0.22903	0.13963	0.05502	0.01907	0.01302	0.01995	0.00976	0.01210	0.00800	0.00555	0.00501	0.00172	0.00723	0.00430	0.00313	0.00781
68	0.01332	0.01229	0.02023	0.51984	0.16804	0.01417	0.05804	0.08782	0.01409	0.01864	0.01127	0.01568	0.00858	0.00596	0.00607	0.00195	0.00784	0.00546	0.00309	0.00764
69	0.01569	0.00974	0.01149	0.01016	0.01330	0.00968	0.00801	0.04174	0.23135	0.21610	0.04552	0.11761	0.12955	0.01070	0.00651	0.00202	0.00450	0.05752	0.00616	0.05265
70	0.01487	0.36792	0.18392	0.01493	0.08454	0.05547	0.01364	0.04256	0.01284	0.01656	0.01048	0.03661	0.00942	0.03089	0.00709	0.00180	0.08110	0.00459	0.00288	0.00786
71	0.01475	0.55882	0.23232	0.01212	0.01820	0.02056	0.01347	0.01811	0.01249	0.01579	0.02989	0.01149	0.00908	0.00551	0.00447	0.00148	0.00701	0.00377	0.00268	0.00799
72	0.05494	0.01019	0.01364	0.01053	0.01508	0.00893	0.00869	0.02849	0.01697	0.71260	0.03995	0.02066	0.01556	0.00749	0.00599	0.00186	0.00505	0.00606	0.00730	0.01000
73	0.02992	0.01087	0.05773	0.11350	0.01820	0.01110	0.07240	0.05440	0.01295	0.03604	0.09715	0.07058	0.04719	0.01734	0.17883	0.00379	0.11572	0.00731	0.03840	0.00657
74	0.01282	0.03568	0.02063	0.46678	0.19532	0.03517	0.06680	0.01701	0.03377	0.01710	0.03431	0.01655	0.01024	0.00604	0.00603	0.00192	0.00775	0.00558	0.00300	0.00751
75	0.00771	0.00575	0.00824	0.00917	0.00980	0.00539	0.03468	0.00899	0.01173	0.01563	0.03226	0.72271	0.03834	0.01820	0.00768	0.00244	0.00385	0.04692	0.00548	0.00504
76	0.00787	0.00551	0.00687	0.00766	0.00799	0.00525	0.00490	0.00867	0.01091	0.01458	0.06638	0.47443	0.05156	0.28085	0.01546	0.00356	0.00424	0.01382	0.00498	0.00451
77	0.06461	0.13564	0.11220	0.01384	0.01765	0.23293	0.06378	0.04076	0.01380	0.01733	0.01274	0.04280	0.03070	0.00937	0.05141	0.00224	0.08467	0.00520	0.04116	0.00716
78	0.01583	0.01469	0.08944	0.02980	0.10121	0.03618	0.01189	0.21995	0.14409	0.04599	0.07938	0.05774	0.01916	0.03215	0.00710	0.00210	0.00612	0.07361	0.00514	0.00847
79	0.00969	0.00692	0.00969	0.01108	0.01246	0.00692	0.00969	0.01246	0.01385	0.01800	0.03185	0.06786	0.03462	0.01662	0.00831	0.00277	0.00554	0.71057	0.00554	0.00554
80	0.04005	0.01449	0.04483	0.10097	0.55503	0.01428	0.08133	0.01867	0.03620	0.01961	0.01164	0.01513	0.00948	0.00550	0.00599	0.00184	0.00739	0.00547	0.00307	0.00903
81	0.01612	0.19256	0.17388	0.01264	0.01770	0.01475	0.05242	0.08233	0.10383	0.12596	0.05847	0.03860	0.01461	0.00706	0.00553	0.00175	0.00624	0.00573	0.06138	0.00844

[dist]
# distance from previous block
# <min> <max>
2	4

[block]
# block no. 6 follows, 38 sequences, length 30
# corresponding to MSA columns:
# 377-406
name=unknown_G
#
# <colnr> <probs for GDERKNQSTAVLIFYWHMCP>
#	G	D	E	R	K	N	Q	S	T	A	V	L	I	F	Y	W	H	M	C	P
0	0.01216	0.01042	0.01245	0.04383	0.01522	0.00811	0.00749	0.01482	0.01241	0.01920	0.01183	0.05160	0.01043	0.00525	0.00469	0.00102	0.00457	0.00433	0.00363	0.74658
1	0.07037	0.61932	0.02749	0.01050	0.01531	0.04720	0.01000	0.07728	0.01378	0.01739	0.03790	0.01148	0.00977	0.00566	0.00421	0.00140	0.00634	0.00373	0.00311	0.00774
2	0.01397	0.04560	0.15618	0.01273	0.01678	0.01262	0.07055	0.20250	0.05761	0.02276	0.06642	0.09390	0.04301	0.14605	0.01057	0.00262	0.00643	0.00764	0.00455	0.00753
3	0.01034	0.05860	0.00991	0.04253	0.01118	0.00731	0.00639	0.01267	0.01536	0.08680	0.36282	0.04353	0.28596	0.01211	0.00674	0.00190	0.00359	0.01031	0.00589	0.00607
4	0.01753	0.01235	0.01368	0.01191	0.01558	0.01366	0.00938	0.03140	0.58584	0.18102	0.02432	0.02202	0.01762	0.00801	0.00611	0.00200	0.00484	0.00664	0.00640	0.00967
5	0.00908	0.00663	0.00954	0.00946	0.01050	0.00775	0.00735	0.01124	0.01003	0.01500	0.01655	0.04153	0.01535	0.03847	0.62381	0.00821	0.04989	0.00655	0.09762	0.00544
6	0.02106	0.02751	0.06587	0.01551	0.01885	0.65162	0.01233	0.02347	0.04041	0.01534	0.00983	0.01148	0.00810	0.00646	0.00620	0.00165	0.04993	0.00408	0.00314	0.00717
7	0.02251	0.00946	0.01267	0.01025	0.01412	0.00845	0.00839	0.02552	0.04521	0.56205	0.12238	0.02704	0.02202	0.00873	0.00630	0.00192	0.00477	0.05323	0.02580	0.00918
8	0.00783	0.00554	0.00723	0.00816	0.00867	0.00525	0.00556	0.00908	0.01204	0.01622	0.13107	0.53618	0.03937	0.12526	0.01084	0.00286	0.00384	0.05471	0.00546	0.00486
9	0.00731	0.00531	0.00691	0.00819	0.00868	0.00490	0.00550	0.00840	0.01170	0.01543	0.03547	0.72417	0.09879	0.01855	0.00763	0.00241	0.00345	0.01674	0.00558	0.00490
10	0.02005	0.18057	0.01960	0.01336	0.01713	0.31676	0.01090	0.20150	0.01813	0.04582	0.01145	0.01296	0.00923	0.00962	0.06878	0.00227	0.02560	0.00445	0.00388	0.00793
11	0.83108	0.01163	0.00884	0.00791	0.01163	0.01350	0.00651	0.01768	0.01024	0.02699	0.00838	0.00977	0.00651	0.00558	0.00372	0.00186	0.00465	0.00326	0.00372	0.00651
12	0.00832	0.00578	0.00707	0.00741	0.00773	0.00578	0.00469	0.00896	0.00991	0.01331	0.04008	0.22200	0.05113	0.46069	0.11633	0.00526	0.00639	0.01070	0.00420	0.00426
13	0.01187	0.00624	0.00631	0.00607	0.00767	0.00635	0.00461	0.05463	0.01350	0.02330	0.01933	0.02198	0.01513	0.00702	0.00431	0.00142	0.00302	0.00560	0.77576	0.00587
14	0.01477	0.01484	0.04332	0.03565	0.68451	0.01435	0.06655	0.01853	0.01371	0.01961	0.01136	0.01493	0.00945	0.00535	0.00603	0.00181	0.00739	0.00545	0.00297	0.00942
15	0.01122	0.00685	0.00870	0.00876	0.01023	0.00647	0.00633	0.06075	0.01424	0.11575	0.12123	0.48143	0.07172	0.01523	0.00715	0.00220	0.00379	0.01354	0.02831	0.00608
16	0.79350	0.01159	0.00926	0.04303	0.01300	0.01349	0.00698	0.01758	0.01032	0.02646	0.00848	0.01006	0.00658	0.00560	0.00383	0.00187	0.00481	0.00335	0.00367	0.00652
17	0.03283	0.01187	0.02035	0.49953	0.15297	0.01359	0.09309	0.03491	0.01281	0.01730	0.01124	0.01602	0.00873	0.00761	0.04071	0.00231	0.00836	0.00554	0.00290	0.00733
18	0.00797	0.00616	0.00734	0.00760	0.00917	0.00554	0.00586	0.01002	0.01442	0.01864	0.24299	0.13196	0.36033	0.01504	0.00737	0.00216	0.00346	0.13278	0.00586	0.00530
19	0.03702	0.55175	0.06848	0.01256	0.06421	0.07898	0.01113	0.01801	0.01308	0.01601	0.07048	0.01321	0.01190	0.00588	0.00449	0.00144	0.00662	0.00412	0.00301	0.00765
20	0.03201	0.04778	0.68588	0.01718	0.02571	0.01425	0.05724	0.01900	0.01271	0.01914	0.01075	0.01274	0.00767	0.00567	0.00569	0.00190	0.00879	0.00452	0.00259	0.00877
21	0.02506	0.00995	0.01330	0.01035	0.01476	0.00867	0.00850	0.02766	0.03343	0.67705	0.02685	0.02363	0.07604	0.00811	0.00614	0.00188	0.00494	0.00662	0.00726	0.00979
