[name]
unknown

[dist]
# distance from previous block
# <min> <max>
0	19

[block]
# block no. 0 follows, 43 sequences, length 13
# corresponding to MSA columns:
# 368-380
name=unknown_A
#
# <colnr> <probs for GDERKNQSTAVLIFYWHMCP>
#	G	D	E	R	K	N	Q	S	T	A	V	L	I	F	Y	W	H	M	C	P
0	0.04237	0.11238	0.04416	0.03185	0.01561	0.02910	0.04393	0.08573	0.11213	0.22880	0.01725	0.03391	0.02540	0.00693	0.00529	0.00164	0.00536	0.05175	0.00476	0.10165
1	0.03661	0.01129	0.01599	0.18764	0.25773	0.04378	0.01218	0.01813	0.06690	0.13847	0.06126	0.01799	0.04023	0.00627	0.00546	0.00167	0.00583	0.00547	0.00390	0.06322
2	0.01353	0.01154	0.01525	0.17062	0.02037	0.03246	0.07662	0.08814	0.10238	0.05640	0.01236	0.01405	0.00945	0.00528	0.00503	0.00139	0.00567	0.00455	0.00373	0.35119
3	0.01363	0.01314	0.01495	0.24492	0.04925	0.15567	0.03071	0.07898	0.03168	0.03786	0.02534	0.09865	0.01227	0.02187	0.02170	0.00195	0.06993	0.00596	0.00345	0.06808
4	0.01406	0.01417	0.02107	0.12163	0.60445	0.09443	0.01614	0.01720	0.01275	0.01715	0.01015	0.01344	0.00843	0.00509	0.00544	0.00165	0.00703	0.00479	0.00272	0.00821
5	0.01056	0.00916	0.01133	0.00939	0.01193	0.03171	0.04360	0.01298	0.05099	0.01536	0.01424	0.08739	0.01419	0.19201	0.06923	0.00286	0.07572	0.00613	0.00345	0.32778
6	0.01127	0.01006	0.01084	0.01023	0.01210	0.09516	0.00794	0.04058	0.20435	0.01632	0.01608	0.01989	0.01375	0.02764	0.47078	0.00602	0.01131	0.00572	0.00373	0.00624
7	0.00770	0.00540	0.00605	0.00609	0.00653	0.00519	0.00370	0.00815	0.00944	0.01231	0.06598	0.07668	0.16232	0.57659	0.02196	0.00437	0.00464	0.00921	0.00392	0.00376
8	0.00800	0.00557	0.00704	0.00704	0.00739	0.00591	0.00460	0.00870	0.00835	0.01148	0.01654	0.03118	0.01793	0.53817	0.29237	0.00660	0.00868	0.00731	0.00322	0.00391
9	0.00969	0.00807	0.01145	0.01061	0.01150	0.01013	0.00850	0.04719	0.00963	0.01406	0.01272	0.01875	0.01186	0.03126	0.53949	0.00680	0.22430	0.00560	0.00295	0.00546
10	0.84448	0.01071	0.00814	0.00728	0.01071	0.01242	0.00600	0.01628	0.00943	0.02485	0.00771	0.00900	0.00600	0.00514	0.00343	0.00171	0.00428	0.00300	0.00343	0.00600
11	0.01193	0.01180	0.01677	0.04317	0.03794	0.01625	0.01216	0.01332	0.00872	0.01348	0.00778	0.01267	0.00760	0.01075	0.04990	0.00265	0.70964	0.00490	0.00246	0.00610
12	0.01046	0.00984	0.01661	0.79205	0.03814	0.01230	0.01538	0.01415	0.01107	0.01415	0.00984	0.01477	0.00738	0.00554	0.00554	0.00185	0.00738	0.00492	0.00246	0.00615

[dist]
# distance from previous block
# <min> <max>
5	7

[block]
# block no. 1 follows, 43 sequences, length 19
# corresponding to MSA columns:
# 389-407
name=unknown_B
#
# <colnr> <probs for GDERKNQSTAVLIFYWHMCP>
#	G	D	E	R	K	N	Q	S	T	A	V	L	I	F	Y	W	H	M	C	P
0	0.01102	0.01014	0.01661	0.75085	0.03704	0.01256	0.01512	0.05318	0.01187	0.01525	0.01003	0.01469	0.00749	0.00560	0.00554	0.00184	0.00731	0.00493	0.00262	0.00633
1	0.01153	0.01000	0.01187	0.00864	0.01322	0.00805	0.00695	0.01390	0.01128	0.01772	0.00966	0.01153	0.00814	0.00449	0.00508	0.00093	0.05910	0.00339	0.00322	0.78130
2	0.01161	0.00978	0.01083	0.03575	0.01312	0.01088	0.00774	0.02249	0.49137	0.02195	0.20690	0.02825	0.08806	0.00892	0.00593	0.00184	0.00392	0.00759	0.00560	0.00747
3	0.00784	0.00566	0.00740	0.00697	0.00827	0.00523	0.00523	0.01045	0.01568	0.02221	0.76789	0.04137	0.05226	0.01132	0.00653	0.00174	0.00261	0.01002	0.00610	0.00523
4	0.01064	0.01070	0.04849	0.37484	0.02600	0.01216	0.07396	0.02671	0.01058	0.01447	0.01074	0.01614	0.00907	0.03885	0.15189	0.00336	0.14737	0.00530	0.00265	0.00608
5	0.84448	0.01071	0.00814	0.00728	0.01071	0.01242	0.00600	0.01628	0.00943	0.02485	0.00771	0.00900	0.00600	0.00514	0.00343	0.00171	0.00428	0.00300	0.00343	0.00600
6	0.75844	0.01235	0.00893	0.00801	0.01138	0.09292	0.00649	0.01689	0.01008	0.02367	0.00780	0.00910	0.00612	0.00520	0.00359	0.00168	0.00488	0.00306	0.00337	0.00604
7	0.00763	0.00569	0.00776	0.08962	0.01128	0.00572	0.00623	0.02753	0.01105	0.01473	0.05369	0.61917	0.03231	0.06991	0.00831	0.00239	0.00385	0.01360	0.00478	0.00474
8	0.00777	0.00531	0.00606	0.00623	0.00641	0.00520	0.00365	0.00800	0.00871	0.01149	0.02189	0.14003	0.07438	0.64473	0.02385	0.00471	0.00490	0.00934	0.00372	0.00360
9	0.01898	0.01448	0.01545	0.01232	0.01638	0.01621	0.01002	0.54612	0.23565	0.03156	0.01593	0.01540	0.01155	0.00690	0.00557	0.00172	0.00561	0.00535	0.00557	0.00923
10	0.01760	0.10692	0.01629	0.01290	0.01554	0.46838	0.01007	0.07208	0.03322	0.01532	0.01132	0.09328	0.01063	0.00733	0.00642	0.00161	0.08624	0.00507	0.00326	0.00653
11	0.01072	0.00929	0.01429	0.53216	0.02910	0.01104	0.01254	0.08979	0.01253	0.01632	0.01491	0.19371	0.01425	0.00834	0.00589	0.00192	0.00630	0.00739	0.00339	0.00612
12	0.01236	0.01351	0.04994	0.19355	0.15738	0.01323	0.38027	0.01668	0.02662	0.01714	0.03604	0.01550	0.00979	0.00533	0.00638	0.00183	0.02838	0.00589	0.00285	0.00734
13	0.01629	0.01167	0.01278	0.01061	0.01417	0.02647	0.00842	0.17548	0.32152	0.14319	0.03347	0.01973	0.04246	0.02978	0.02055	0.00191	0.00500	0.00584	0.00539	0.09527
14	0.00984	0.00909	0.00967	0.04222	0.01201	0.08796	0.02841	0.01332	0.11335	0.01615	0.05700	0.32614	0.16858	0.01210	0.00624	0.00189	0.00440	0.01055	0.00469	0.06637
15	0.05163	0.01423	0.01419	0.02979	0.06797	0.14079	0.00939	0.20852	0.07189	0.06201	0.01279	0.03631	0.01018	0.00691	0.02491	0.00163	0.00616	0.00469	0.00416	0.22185
16	0.01430	0.01204	0.01415	0.11154	0.09621	0.07540	0.00965	0.06408	0.05907	0.08593	0.01186	0.01334	0.00917	0.00512	0.00482	0.00129	0.00547	0.00418	0.00369	0.39870
17	0.07142	0.07498	0.02803	0.15244	0.05585	0.09425	0.02364	0.06890	0.02474	0.04552	0.05417	0.01547	0.03173	0.01781	0.00554	0.00153	0.02229	0.00468	0.00349	0.20353
18	0.01364	0.01188	0.01538	0.11583	0.07631	0.06475	0.08419	0.12532	0.01444	0.05663	0.01703	0.06140	0.08954	0.00682	0.00541	0.00153	0.00581	0.00591	0.00387	0.22431

[dist]
# distance from previous block
# <min> <max>
3	19

[block]
# block no. 2 follows, 43 sequences, length 18
# corresponding to MSA columns:
# 427-444
name=unknown_C
#
# <colnr> <probs for GDERKNQSTAVLIFYWHMCP>
#	G	D	E	R	K	N	Q	S	T	A	V	L	I	F	Y	W	H	M	C	P
0	0.01532	0.04779	0.01697	0.05520	0.08229	0.06490	0.08201	0.14931	0.12248	0.07323	0.05538	0.01581	0.01238	0.00621	0.00587	0.00159	0.03888	0.00516	0.00418	0.14504
1	0.01532	0.01231	0.01498	0.07550	0.01741	0.03126	0.05901	0.23363	0.15485	0.06125	0.01511	0.05928	0.01218	0.02370	0.00633	0.00171	0.03223	0.00566	0.00453	0.16375
2	0.04843	0.01259	0.04133	0.02859	0.07286	0.04363	0.09985	0.07010	0.20250	0.13086	0.05937	0.01801	0.02846	0.00645	0.00546	0.00165	0.00556	0.00561	0.00459	0.11412
3	0.01486	0.05855	0.01377	0.01003	0.01426	0.11297	0.00806	0.07058	0.09631	0.07619	0.01205	0.01286	0.00944	0.00526	0.00492	0.00121	0.02458	0.00396	0.00384	0.44630
4	0.00799	0.00539	0.00610	0.00608	0.00622	0.00534	0.00349	0.00818	0.00864	0.01153	0.06077	0.03713	0.04838	0.73301	0.02621	0.00504	0.00512	0.00829	0.00357	0.00351
5	0.01470	0.34570	0.08737	0.07769	0.01932	0.15048	0.10460	0.03526	0.01243	0.01477	0.00933	0.03051	0.00809	0.00572	0.00565	0.00154	0.06294	0.00427	0.00266	0.00696
6	0.00727	0.00528	0.00660	0.00725	0.00790	0.00485	0.00481	0.00821	0.01045	0.01398	0.04756	0.53875	0.08589	0.16569	0.01086	0.00272	0.00363	0.01315	0.00472	0.05044
7	0.01311	0.08254	0.06602	0.22699	0.07450	0.01393	0.26180	0.05361	0.01268	0.04171	0.01058	0.01383	0.00811	0.00538	0.00632	0.00175	0.05183	0.00519	0.00291	0.04718
8	0.01493	0.19719	0.04542	0.02228	0.37853	0.14129	0.01344	0.04657	0.01320	0.01663	0.01070	0.05546	0.00963	0.00578	0.00504	0.00154	0.00683	0.00483	0.00291	0.00778
9	0.00962	0.00481	0.00722	0.00722	0.00722	0.00481	0.00481	0.00722	0.00722	0.00962	0.00962	0.01684	0.00962	0.01924	0.02165	0.83886	0.00481	0.00481	0.00241	0.00241
10	0.01525	0.71063	0.02740	0.01008	0.01449	0.09058	0.00968	0.01697	0.01156	0.01309	0.00776	0.00909	0.00712	0.00500	0.00419	0.00125	0.03336	0.00308	0.00241	0.00701
11	0.01148	0.00984	0.01148	0.00820	0.01312	0.00738	0.00656	0.01395	0.01148	0.01805	0.00984	0.01148	0.00820	0.00410	0.00410	0.00082	0.00410	0.00328	0.00328	0.83922
12	0.01355	0.29961	0.16410	0.01295	0.01690	0.05327	0.05776	0.05255	0.01156	0.01526	0.00909	0.01218	0.00799	0.03884	0.02503	0.00199	0.19351	0.00424	0.00264	0.00697
13	0.08963	0.05207	0.02952	0.01031	0.01313	0.04365	0.03411	0.19962	0.06166	0.02145	0.01461	0.07641	0.01295	0.06918	0.08702	0.00267	0.04318	0.00584	0.09307	0.03993
14	0.01225	0.06958	0.03865	0.04097	0.01389	0.06118	0.00835	0.11860	0.01378	0.01859	0.06580	0.14064	0.07804	0.00912	0.01968	0.00171	0.06292	0.00685	0.00400	0.21542
15	0.04107	0.01200	0.01518	0.01242	0.03399	0.03092	0.10424	0.27601	0.05848	0.04933	0.04391	0.09366	0.05649	0.02246	0.02155	0.00188	0.00573	0.00667	0.02143	0.09261
16	0.12435	0.01341	0.01555	0.02903	0.05850	0.08616	0.08144	0.17876	0.03033	0.08284	0.01214	0.03764	0.00959	0.00601	0.00555	0.00155	0.03679	0.00479	0.00402	0.18155
17	0.06476	0.01181	0.01519	0.05849	0.07702	0.03915	0.08453	0.15213	0.06108	0.04483	0.01425	0.11237	0.01256	0.00686	0.00531	0.00156	0.00554	0.00597	0.00405	0.22253

[dist]
# distance from previous block
# <min> <max>
6	16

[block]
# block no. 3 follows, 43 sequences, length 21
# corresponding to MSA columns:
# 461-481
name=unknown_D
#
# <colnr> <probs for GDERKNQSTAVLIFYWHMCP>
#	G	D	E	R	K	N	Q	S	T	A	V	L	I	F	Y	W	H	M	C	P
0	0.01296	0.00972	0.01073	0.00897	0.01142	0.00999	0.00664	0.23043	0.09145	0.02075	0.03950	0.04739	0.01628	0.31319	0.01409	0.00299	0.00513	0.00651	0.00436	0.13749
1	0.01917	0.04762	0.01542	0.05447	0.01654	0.01293	0.03244	0.28624	0.06898	0.26245	0.03973	0.01712	0.01269	0.02504	0.03480	0.00206	0.03299	0.00546	0.00533	0.00849
2	0.01527	0.00914	0.01234	0.03044	0.01380	0.00878	0.05994	0.12787	0.03298	0.24598	0.09329	0.19095	0.08722	0.00986	0.00608	0.00183	0.00460	0.00861	0.00552	0.03549
3	0.03858	0.08489	0.01592	0.01138	0.01530	0.04120	0.03211	0.25951	0.05115	0.29406	0.01668	0.05994	0.01237	0.00717	0.00586	0.00171	0.03263	0.00563	0.00537	0.00854
4	0.01183	0.01257	0.07701	0.32557	0.05832	0.01213	0.18971	0.08203	0.01304	0.01748	0.01363	0.08812	0.03035	0.00665	0.00587	0.00182	0.00714	0.00637	0.00317	0.03720
5	0.01195	0.01119	0.01650	0.49748	0.11694	0.04404	0.01395	0.05912	0.04460	0.01608	0.01133	0.04075	0.00935	0.02676	0.00693	0.00194	0.05616	0.00536	0.00294	0.00664
6	0.00674	0.00485	0.00639	0.00762	0.00801	0.00451	0.00510	0.00772	0.01069	0.01417	0.03162	0.76966	0.06801	0.01721	0.00705	0.00223	0.00320	0.01557	0.00514	0.00451
7	0.02105	0.01551	0.01662	0.01274	0.01717	0.01717	0.01053	0.75235	0.02604	0.03490	0.01330	0.01330	0.00942	0.00665	0.00554	0.00166	0.00609	0.00499	0.00554	0.00942
8	0.01148	0.00984	0.01148	0.00820	0.01312	0.00738	0.00656	0.01395	0.01148	0.01805	0.00984	0.01148	0.00820	0.00410	0.00410	0.00082	0.00410	0.00328	0.00328	0.83922
9	0.00660	0.00539	0.00583	0.00619	0.00763	0.00463	0.00446	0.00788	0.01207	0.01474	0.04908	0.25873	0.56767	0.01494	0.00669	0.00197	0.00292	0.01280	0.00514	0.00463
10	0.08318	0.00989	0.01274	0.00985	0.01408	0.00899	0.00813	0.07020	0.01601	0.67623	0.02032	0.01781	0.01290	0.00672	0.00541	0.00171	0.00477	0.00535	0.00653	0.00918
11	0.01046	0.00984	0.01661	0.79205	0.03814	0.01230	0.01538	0.01415	0.01107	0.01415	0.00984	0.01477	0.00738	0.00554	0.00554	0.00185	0.00738	0.00492	0.00246	0.00615
12	0.00801	0.00556	0.00702	0.00702	0.00736	0.00590	0.00458	0.00869	0.00835	0.01147	0.01655	0.03126	0.01797	0.54259	0.28801	0.00658	0.00863	0.00732	0.00322	0.00390
13	0.00679	0.00551	0.00603	0.00614	0.00769	0.00474	0.00451	0.00834	0.01286	0.01608	0.17369	0.15650	0.54370	0.01403	0.00662	0.00190	0.00283	0.01197	0.00531	0.00474
14	0.00834	0.00579	0.00711	0.02894	0.00900	0.00562	0.00537	0.02537	0.03614	0.01863	0.26104	0.29684	0.09554	0.01235	0.00616	0.00185	0.00309	0.01087	0.15682	0.00514
15	0.05527	0.76978	0.02800	0.00937	0.01404	0.02145	0.00931	0.01657	0.01116	0.01361	0.00770	0.00889	0.00705	0.00476	0.00355	0.00121	0.00584	0.00296	0.00242	0.00705
16	0.02189	0.01123	0.01366	0.01064	0.01471	0.01110	0.00873	0.26000	0.05305	0.44734	0.07302	0.01877	0.01526	0.00714	0.00563	0.00171	0.00499	0.00573	0.00632	0.00909
17	0.00768	0.00525	0.00611	0.00641	0.00657	0.00514	0.00381	0.00797	0.00885	0.01172	0.02224	0.21431	0.05803	0.58683	0.02231	0.00449	0.00475	0.01000	0.00385	0.00368
18	0.01053	0.00994	0.01663	0.75763	0.03710	0.01251	0.01524	0.01411	0.01096	0.01411	0.00973	0.01465	0.00738	0.00572	0.00610	0.00187	0.04226	0.00492	0.00246	0.00615
19	0.01271	0.01214	0.02068	0.26710	0.54552	0.01290	0.01650	0.01612	0.01214	0.01688	0.01024	0.01403	0.00835	0.00512	0.00550	0.00171	0.00683	0.00493	0.00266	0.00797
20	0.01560	0.01721	0.01592	0.01389	0.01533	0.29639	0.01111	0.06859	0.01250	0.01498	0.00985	0.01293	0.03067	0.00900	0.03243	0.00216	0.40757	0.00463	0.00290	0.00636

[dist]
# distance from previous block
# <min> <max>
1	2

[block]
# block no. 4 follows, 43 sequences, length 27
# corresponding to MSA columns:
# 484-510
name=unknown_E
#
# <colnr> <probs for GDERKNQSTAVLIFYWHMCP>
#	G	D	E	R	K	N	Q	S	T	A	V	L	I	F	Y	W	H	M	C	P
0	0.01363	0.03475	0.01858	0.24212	0.14338	0.06848	0.07107	0.08056	0.11400	0.01785	0.01151	0.01437	0.00910	0.00637	0.00749	0.00185	0.12922	0.00508	0.00324	0.00734
1	0.00962	0.00481	0.00722	0.00722	0.00722	0.00481	0.00481	0.00722	0.00722	0.00962	0.00962	0.01684	0.00962	0.01924	0.02165	0.83886	0.00481	0.00481	0.00241	0.00241
2	0.70259	0.01023	0.00815	0.00727	0.01047	0.01173	0.00594	0.04926	0.01045	0.02478	0.00926	0.01065	0.00718	0.00537	0.00358	0.00166	0.00415	0.00336	0.10786	0.00605
3	0.01228	0.01048	0.03606	0.00910	0.01401	0.00780	0.03619	0.01494	0.01195	0.06611	0.03170	0.01292	0.00975	0.00453	0.00439	0.00097	0.00443	0.00377	0.00354	0.70508
4	0.01495	0.01228	0.01653	0.02831	0.01741	0.04354	0.14413	0.11632	0.04370	0.10061	0.01228	0.01351	0.00927	0.00507	0.00503	0.00131	0.00572	0.00451	0.00393	0.40158
5	0.00757	0.00551	0.00712	0.00702	0.00818	0.00506	0.00515	0.00981	0.01459	0.02034	0.59419	0.17893	0.09067	0.01256	0.00663	0.00184	0.00273	0.01114	0.00587	0.00506
6	0.00750	0.00548	0.00704	0.00700	0.00815	0.00503	0.00511	0.00966	0.01435	0.01989	0.55108	0.19851	0.11496	0.01281	0.00664	0.00186	0.00275	0.01135	0.00581	0.00503
7	0.02084	0.01164	0.01450	0.01130	0.01529	0.01174	0.04236	0.26220	0.09406	0.37194	0.01835	0.01820	0.01282	0.05989	0.00712	0.00196	0.00538	0.00566	0.00589	0.00886
8	0.01295	0.41647	0.40496	0.01265	0.01912	0.01736	0.01500	0.01706	0.01147	0.01530	0.00883	0.01030	0.00706	0.00500	0.00441	0.00147	0.00706	0.00353	0.00235	0.00765
9	0.00675	0.00482	0.00643	0.00771	0.00803	0.00450	0.00514	0.00771	0.01060	0.01414	0.03053	0.80175	0.03663	0.01735	0.00707	0.00225	0.00321	0.01574	0.00514	0.00450
10	0.04117	0.02099	0.01629	0.07417	0.05093	0.47191	0.03320	0.12444	0.06795	0.01790	0.01041	0.01188	0.00823	0.00595	0.00542	0.00157	0.02289	0.00421	0.00340	0.00710
11	0.01347	0.01271	0.02111	0.14455	0.61475	0.01318	0.01629	0.04060	0.03621	0.01821	0.01080	0.01407	0.00884	0.00516	0.00550	0.00168	0.00661	0.00498	0.00288	0.00841
12	0.00675	0.00482	0.00643	0.00771	0.00803	0.00450	0.00514	0.00771	0.01060	0.01414	0.03053	0.80175	0.03663	0.01735	0.00707	0.00225	0.00321	0.01574	0.00514	0.00450
13	0.01057	0.01000	0.01664	0.73872	0.03653	0.01262	0.01516	0.01409	0.01090	0.01409	0.00967	0.01458	0.00738	0.00582	0.00640	0.00189	0.06142	0.00492	0.00246	0.00615
14	0.01046	0.00984	0.01661	0.79205	0.03814	0.01230	0.01538	0.01415	0.01107	0.01415	0.00984	0.01477	0.00738	0.00554	0.00554	0.00185	0.00738	0.00492	0.00246	0.00615
15	0.00784	0.00566	0.00740	0.00697	0.00827	0.00523	0.00523	0.01045	0.01568	0.02221	0.76789	0.04137	0.05226	0.01132	0.00653	0.00174	0.00261	0.01002	0.00610	0.00523
16	0.01370	0.01166	0.01234	0.01049	0.01413	0.03260	0.00821	0.02502	0.51700	0.04516	0.01875	0.01786	0.01422	0.00653	0.00521	0.00158	0.00447	0.00537	0.00497	0.23074
17	0.01237	0.00982	0.01158	0.00831	0.01319	0.00743	0.00667	0.01481	0.01177	0.06839	0.01064	0.01197	0.00857	0.00428	0.00420	0.00088	0.00414	0.00343	0.00352	0.78400
18	0.03932	0.16595	0.04328	0.01669	0.18356	0.09061	0.01171	0.25446	0.08655	0.02281	0.02616	0.01329	0.00996	0.00590	0.00506	0.00157	0.00634	0.00459	0.00392	0.00827
19	0.00721	0.00537	0.00677	0.00777	0.00842	0.00515	0.00531	0.00922	0.06224	0.01483	0.03222	0.68251	0.09949	0.01638	0.00692	0.00219	0.00326	0.01474	0.00518	0.00481
20	0.00784	0.00566	0.00740	0.00697	0.00827	0.00523	0.00523	0.01045	0.01568	0.02221	0.76789	0.04137	0.05226	0.01132	0.00653	0.00174	0.00261	0.01002	0.00610	0.00523
21	0.02137	0.01024	0.01280	0.01027	0.01419	0.00993	0.00833	0.06284	0.20514	0.52647	0.04275	0.01967	0.01540	0.00714	0.00561	0.00175	0.00464	0.00584	0.00646	0.00914
22	0.01111	0.02865	0.77667	0.01579	0.02397	0.01286	0.02046	0.01754	0.01169	0.01754	0.00994	0.01169	0.00702	0.00526	0.00526	0.00175	0.00818	0.00409	0.00234	0.00818
23	0.00775	0.00566	0.00728	0.00687	0.00822	0.00519	0.00516	0.01028	0.01547	0.02171	0.71907	0.04219	0.10139	0.01151	0.00653	0.00175	0.00263	0.01013	0.00603	0.00519
24	0.00675	0.00482	0.00643	0.00771	0.00803	0.00450	0.00514	0.00771	0.01060	0.01414	0.03053	0.80175	0.03663	0.01735	0.00707	0.00225	0.00321	0.01574	0.00514	0.00450
25	0.01412	0.01310	0.02114	0.07188	0.62929	0.01347	0.01594	0.07573	0.05554	0.01950	0.01129	0.01412	0.00920	0.00525	0.00550	0.00167	0.00646	0.00501	0.00311	0.00868
26	0.01357	0.00885	0.01125	0.00962	0.01161	0.00948	0.00761	0.12669	0.01547	0.15681	0.31845	0.06965	0.02904	0.04590	0.00915	0.00203	0.13501	0.00782	0.00536	0.00663

[dist]
# distance from previous block
# <min> <max>
1	5

[block]
# block no. 5 follows, 43 sequences, length 85
# corresponding to MSA columns:
# 516-519,523-603
name=unknown_F
#
# <colnr> <probs for GDERKNQSTAVLIFYWHMCP>
#	G	D	E	R	K	N	Q	S	T	A	V	L	I	F	Y	W	H	M	C	P
0	0.01316	0.06128	0.01235	0.01011	0.01292	0.18721	0.00775	0.04780	0.13738	0.01731	0.03712	0.20087	0.05141	0.00892	0.00546	0.00160	0.00539	0.00737	0.00420	0.17038
1	0.01526	0.38631	0.02068	0.01026	0.01460	0.20190	0.00892	0.01715	0.01240	0.01462	0.00853	0.00991	0.00743	0.00479	0.00406	0.00114	0.00638	0.00320	0.00275	0.24970
2	0.01261	0.00992	0.01186	0.00864	0.01328	0.00790	0.00696	0.01498	0.01170	0.07962	0.01070	0.01212	0.00861	0.00459	0.00489	0.00097	0.04177	0.00354	0.00353	0.73182
3	0.01455	0.01087	0.01384	0.04616	0.12072	0.01095	0.00947	0.14594	0.10874	0.10655	0.11136	0.01992	0.05015	0.00703	0.00590	0.00158	0.03417	0.00580	0.00467	0.17161
4	0.00786	0.00569	0.00694	0.00743	0.00842	0.00532	0.00521	0.04500	0.01224	0.02892	0.10012	0.49790	0.19018	0.04224	0.00753	0.00219	0.00331	0.01341	0.00521	0.00489
5	0.02300	0.01186	0.01426	0.01096	0.01525	0.01181	0.00904	0.32632	0.01998	0.45466	0.01824	0.01659	0.01195	0.00676	0.00552	0.00168	0.00524	0.00532	0.02220	0.00934
6	0.01704	0.01199	0.01331	0.01103	0.01427	0.01298	0.00872	0.42157	0.11409	0.08866	0.01874	0.17095	0.01656	0.04504	0.00688	0.00198	0.00517	0.00745	0.00548	0.00809
7	0.01289	0.01222	0.01905	0.11123	0.46264	0.02627	0.02895	0.01600	0.01221	0.01755	0.01019	0.01320	0.00843	0.00479	0.00514	0.00145	0.00615	0.00451	0.00285	0.22427
8	0.00801	0.00535	0.00605	0.00609	0.00610	0.00534	0.00341	0.00804	0.00813	0.01084	0.01785	0.05963	0.02064	0.78129	0.02754	0.00527	0.00530	0.00829	0.00341	0.00339
9	0.00805	0.00537	0.00604	0.00604	0.00604	0.00537	0.00336	0.00805	0.00805	0.01074	0.01745	0.03624	0.02013	0.80536	0.02819	0.00537	0.00537	0.00805	0.00336	0.00336
10	0.01153	0.01090	0.01420	0.01269	0.01307	0.05067	0.01023	0.01279	0.00946	0.03336	0.01274	0.16571	0.01357	0.01311	0.06800	0.00277	0.52929	0.00699	0.00312	0.00578
11	0.00962	0.00481	0.00722	0.00722	0.00722	0.00481	0.00481	0.00722	0.00722	0.00962	0.00962	0.01684	0.00962	0.01924	0.02165	0.83886	0.00481	0.00481	0.00241	0.00241
12	0.02408	0.00925	0.01261	0.00972	0.01387	0.00801	0.00801	0.02624	0.01584	0.74059	0.05562	0.01987	0.01545	0.00706	0.00561	0.00171	0.00462	0.00577	0.00682	0.00924
13	0.64943	0.01259	0.04418	0.00862	0.01231	0.04932	0.00736	0.06400	0.04741	0.04838	0.00937	0.01031	0.00709	0.00544	0.00389	0.00171	0.00486	0.00344	0.00370	0.00658
14	0.01347	0.01334	0.01973	0.28421	0.43600	0.08391	0.01570	0.03722	0.01276	0.01683	0.01014	0.01371	0.00818	0.00525	0.00546	0.00169	0.00715	0.00481	0.00274	0.00770
15	0.01307	0.01494	0.03268	0.02334	0.02894	0.01401	0.75070	0.01774	0.01307	0.01774	0.01120	0.01494	0.00840	0.00467	0.00654	0.00187	0.00934	0.00654	0.00280	0.00747
16	0.01368	0.01330	0.02193	0.08127	0.70492	0.03323	0.01673	0.01695	0.01259	0.01773	0.01033	0.01368	0.00864	0.00499	0.00547	0.00165	0.00672	0.00490	0.00273	0.00855
17	0.79166	0.01034	0.00803	0.00731	0.01054	0.01192	0.00594	0.01574	0.00950	0.02417	0.00915	0.05898	0.00793	0.00591	0.00366	0.00175	0.00422	0.00380	0.00354	0.00590
18	0.00799	0.00564	0.00741	0.00741	0.00789	0.00611	0.00507	0.00893	0.00846	0.01175	0.01620	0.02930	0.01712	0.43932	0.39011	0.00706	0.00991	0.00704	0.00317	0.00412
19	0.01192	0.01115	0.01822	0.43031	0.23254	0.01304	0.03037	0.03834	0.01173	0.01607	0.01010	0.01431	0.00805	0.00590	0.00696	0.00184	0.09847	0.00496	0.02878	0.00695
20	0.01208	0.01197	0.01662	0.01414	0.01445	0.01636	0.01177	0.01337	0.00867	0.01363	0.00743	0.01208	0.00733	0.00934	0.01729	0.00232	0.74534	0.00475	0.00248	0.05859
21	0.01640	0.22734	0.01692	0.01075	0.01397	0.27535	0.00881	0.08853	0.09240	0.01783	0.01211	0.01322	0.00975	0.00587	0.00451	0.00140	0.00650	0.00414	0.16732	0.00688
22	0.00805	0.00539	0.00617	0.00617	0.00621	0.00544	0.00352	0.00814	0.00809	0.01083	0.01733	0.03559	0.01985	0.77114	0.06202	0.00553	0.00579	0.00796	0.00334	0.00343
23	0.02121	0.01047	0.01311	0.00996	0.01434	0.00948	0.00818	0.14837	0.01673	0.48313	0.03369	0.01692	0.01270	0.00637	0.00530	0.00153	0.00479	0.00511	0.00591	0.17271
24	0.01931	0.01118	0.01263	0.00999	0.01357	0.01161	0.00815	0.36372	0.01954	0.23224	0.01686	0.01671	0.01182	0.00665	0.00512	0.00158	0.00481	0.00519	0.22100	0.00832
25	0.00796	0.00576	0.00803	0.00803	0.00871	0.00645	0.00583	0.00933	0.00864	0.01221	0.01563	0.02618	0.01577	0.27466	0.55292	0.00782	0.01195	0.00658	0.00309	0.00446
26	0.01900	0.02358	0.01594	0.01432	0.01661	0.63228	0.01098	0.02039	0.01427	0.01351	0.00831	0.01041	0.00716	0.00649	0.00759	0.00162	0.16459	0.00382	0.00277	0.00635
27	0.02485	0.00943	0.01285	0.00985	0.01414	0.00814	0.00814	0.02699	0.01585	0.77465	0.02185	0.01885	0.01371	0.00685	0.00557	0.00171	0.00471	0.00557	0.00685	0.00943
28	0.00739	0.00512	0.00636	0.00702	0.00722	0.00500	0.00442	0.00796	0.00938	0.01256	0.02396	0.42344	0.02821	0.37188	0.05133	0.00395	0.00470	0.01186	0.00424	0.00401
29	0.02444	0.00962	0.01291	0.00995	0.01420	0.00848	0.00820	0.04070	0.03880	0.73778	0.02171	0.01880	0.01373	0.00687	0.00557	0.00172	0.00473	0.00558	0.00679	0.00941
30	0.01088	0.00817	0.01075	0.00983	0.01145	0.00949	0.00781	0.15643	0.01238	0.01760	0.01421	0.01943	0.01258	0.03096	0.54432	0.00670	0.06173	0.00564	0.04373	0.00591
31	0.08710	0.00687	0.00720	0.00685	0.00855	0.00710	0.00516	0.09336	0.01284	0.04471	0.01916	0.17289	0.01747	0.02801	0.00529	0.00167	0.00338	0.00711	0.45961	0.00566
32	0.00675	0.00482	0.00643	0.00771	0.00803	0.00450	0.00514	0.00771	0.01060	0.01414	0.03053	0.80175	0.03663	0.01735	0.00707	0.00225	0.00321	0.01574	0.00514	0.00450
33	0.01982	0.02213	0.01606	0.01392	0.01685	0.50930	0.01082	0.20082	0.01744	0.01878	0.00958	0.01104	0.00771	0.00638	0.00660	0.00160	0.09651	0.00406	0.00347	0.00712
34	0.01479	0.03477	0.01590	0.53932	0.03039	0.01139	0.01308	0.01797	0.01247	0.23598	0.01328	0.01577	0.00922	0.00590	0.00548	0.00179	0.00656	0.00505	0.00374	0.00714
35	0.04425	0.01372	0.01363	0.01117	0.01479	0.15572	0.00894	0.15635	0.06818	0.35720	0.05092	0.03332	0.01377	0.00709	0.00577	0.00169	0.02419	0.00546	0.00551	0.00835
36	0.30830	0.03825	0.01350	0.06056	0.01583	0.33173	0.00934	0.04600	0.01291	0.04218	0.00881	0.01048	0.00705	0.00585	0.00551	0.00164	0.06874	0.00365	0.00321	0.00645
37	0.01030	0.00995	0.01689	0.17950	0.05611	0.02393	0.17756	0.01283	0.01108	0.01493	0.01679	0.27131	0.01756	0.02667	0.02193	0.00224	0.11215	0.00886	0.00345	0.00595
38	0.00925	0.00700	0.00815	0.00708	0.00852	0.00652	0.00471	0.01003	0.00907	0.01299	0.01474	0.02786	0.01604	0.53349	0.02069	0.00390	0.04319	0.00651	0.00329	0.24696
39	0.04112	0.00982	0.01537	0.54519	0.03047	0.01134	0.01312	0.01753	0.01220	0.21148	0.01282	0.01557	0.00897	0.00597	0.00579	0.00182	0.02578	0.00503	0.00363	0.00699
40	0.02344	0.01022	0.03154	0.01014	0.01441	0.00889	0.00852	0.06221	0.05046	0.66867	0.03761	0.01898	0.01433	0.00693	0.00558	0.00172	0.00480	0.00563	0.00661	0.00927
41	0.02485	0.00943	0.01285	0.00985	0.01414	0.00814	0.00814	0.02699	0.01585	0.77465	0.02185	0.01885	0.01371	0.00685	0.00557	0.00171	0.00471	0.00557	0.00685	0.00943
42	0.01481	0.80869	0.02902	0.00948	0.01421	0.02191	0.00948	0.01658	0.01125	0.01303	0.00770	0.00888	0.00711	0.00474	0.00355	0.00118	0.00592	0.00296	0.00237	0.00711
43	0.01305	0.01486	0.03224	0.02309	0.02854	0.01409	0.72991	0.01762	0.01294	0.01762	0.01109	0.01486	0.00837	0.00481	0.00686	0.00188	0.03146	0.00649	0.00279	0.00743
44	0.00724	0.00522	0.00685	0.00733	0.00813	0.00483	0.00516	0.00896	0.01295	0.01781	0.36515	0.43988	0.06074	0.01454	0.00681	0.00201	0.00293	0.01306	0.00557	0.00483
45	0.01148	0.00984	0.01148	0.00820	0.01312	0.00738	0.00656	0.01395	0.01148	0.01805	0.00984	0.01148	0.00820	0.00410	0.00410	0.00082	0.00410	0.00328	0.00328	0.83922
46	0.01248	0.31742	0.49989	0.01345	0.02036	0.01621	0.01640	0.01719	0.01153	0.01587	0.00911	0.01065	0.00705	0.00507	0.00463	0.00154	0.00735	0.00367	0.00235	0.00779
47	0.00675	0.00482	0.00643	0.00771	0.00803	0.00450	0.00514	0.00771	0.01060	0.01414	0.03053	0.80175	0.03663	0.01735	0.00707	0.00225	0.00321	0.01574	0.00514	0.00450
48	0.00877	0.00632	0.00870	0.00989	0.01121	0.00626	0.00861	0.01124	0.01274	0.01647	0.03110	0.06186	0.08076	0.01521	0.00758	0.00250	0.00495	0.68563	0.00510	0.00507
49	0.01290	0.30560	0.03435	0.20248	0.01984	0.09649	0.01108	0.01502	0.01122	0.01363	0.01118	0.11100	0.01092	0.00731	0.00666	0.00169	0.11407	0.00540	0.00280	0.00635
50	0.01958	0.01098	0.01332	0.01102	0.01464	0.01111	0.00923	0.29588	0.01893	0.31355	0.02044	0.02730	0.01648	0.00882	0.00606	0.00190	0.00533	0.18113	0.00594	0.00838
51	0.01242	0.01355	0.02687	0.02003	0.02381	0.01419	0.50823	0.01594	0.01170	0.01635	0.01138	0.06380	0.00988	0.00680	0.00965	0.00204	0.21693	0.00667	0.00285	0.00691
52	0.80465	0.01147	0.00851	0.00762	0.01102	0.04969	0.00623	0.01656	0.00973	0.02430	0.00775	0.00904	0.00605	0.00517	0.00350	0.00170	0.00456	0.00303	0.00340	0.00602
53	0.01296	0.01239	0.02112	0.20926	0.60142	0.01296	0.01662	0.01634	0.01226	0.01718	0.01028	0.01395	0.00845	0.00507	0.00550	0.00169	0.00677	0.00493	0.00268	0.00817
54	0.01176	0.01093	0.04927	0.00914	0.01423	0.00790	0.03395	0.01449	0.01163	0.03141	0.01011	0.01175	0.00825	0.00423	0.00427	0.00092	0.00450	0.00348	0.00328	0.75451
55	0.01077	0.00902	0.01068	0.00796	0.01217	0.00696	0.00630	0.01326	0.01231	0.01887	0.15909	0.01737	0.01688	0.00552	0.00458	0.00100	0.00381	0.00461	0.00384	0.67502
56	0.01872	0.01435	0.01531	0.01227	0.01629	0.01609	0.00996	0.52063	0.26155	0.03114	0.01626	0.01566	0.01182	0.00693	0.00557	0.00173	0.00555	0.00540	0.00557	0.00921
57	0.01179	0.02476	0.59034	0.01539	0.02179	0.01388	0.01834	0.05224	0.01175	0.01755	0.00958	0.01185	0.00718	0.00620	0.00782	0.00188	0.16304	0.00428	0.00251	0.00783
58	0.01389	0.01287	0.02065	0.02921	0.62190	0.01266	0.01520	0.06435	0.01333	0.01918	0.01053	0.01339	0.00874	0.00494	0.00530	0.00154	0.00622	0.00472	0.00299	0.11839
59	0.01307	0.01494	0.03268	0.02334	0.02894	0.01401	0.75070	0.01774	0.01307	0.01774	0.01120	0.01494	0.00840	0.00467	0.00654	0.00187	0.00934	0.00654	0.00280	0.00747
60	0.00763	0.00519	0.00617	0.00658	0.00668	0.00509	0.00393	0.00794	0.00888	0.01184	0.02167	0.28357	0.02546	0.55076	0.02137	0.00436	0.00467	0.01054	0.00393	0.00372
61	0.01211	0.07503	0.57919	0.01460	0.02157	0.04022	0.01753	0.01957	0.13338	0.01803	0.01180	0.01291	0.00863	0.00561	0.00521	0.00173	0.00749	0.00436	0.00289	0.00815
62	0.00668	0.00542	0.00592	0.00621	0.00767	0.00467	0.00450	0.00805	0.01232	0.01522	0.09471	0.23609	0.54391	0.01467	0.00667	0.00196	0.00289	0.01258	0.00520	0.00467
63	0.00675	0.00482	0.00643	0.00771	0.00803	0.00450	0.00514	0.00771	0.01060	0.01414	0.03053	0.80175	0.03663	0.01735	0.00707	0.00225	0.00321	0.01574	0.00514	0.00450
64	0.00696	0.00563	0.00619	0.00605	0.00774	0.00485	0.00454	0.00876	0.01361	0.01730	0.28608	0.04945	0.53713	0.01315	0.00654	0.00183	0.00274	0.01115	0.00545	0.00485
65	0.01046	0.00984	0.01661	0.79205	0.03814	0.01230	0.01538	0.01415	0.01107	0.01415	0.00984	0.01477	0.00738	0.00554	0.00554	0.00185	0.00738	0.00492	0.00246	0.00615
66	0.00823	0.00586	0.00806	0.00930	0.01024	0.00576	0.00758	0.01021	0.01194	0.01564	0.02932	0.28955	0.03297	0.04106	0.00812	0.00255	0.00453	0.48918	0.00506	0.00486
67	0.01212	0.01212	0.01696	0.01454	0.01454	0.01696	0.01212	0.01333	0.00848	0.01333	0.00727	0.01212	0.00727	0.00969	0.01818	0.00242	0.79523	0.00485	0.00242	0.00606
68	0.09450	0.01166	0.01305	0.01051	0.01436	0.01224	0.00855	0.25059	0.16485	0.28160	0.01854	0.01733	0.02679	0.00689	0.00532	0.00171	0.00491	0.00539	0.04250	0.00870
69	0.04468	0.56329	0.06104	0.05911	0.01606	0.01831	0.01004	0.01816	0.01195	0.13734	0.01024	0.01101	0.00815	0.00517	0.00408	0.00136	0.00587	0.00356	0.00314	0.00744
70	0.02357	0.01193	0.01355	0.01105	0.03127	0.10263	0.00874	0.07871	0.01643	0.59895	0.01930	0.01729	0.01250	0.00665	0.00547	0.00167	0.00546	0.00526	0.02060	0.00897
71	0.14898	0.01751	0.01498	0.21710	0.05839	0.34152	0.01141	0.06446	0.01371	0.01707	0.00927	0.01178	0.00740	0.00649	0.02327	0.00180	0.02123	0.00406	0.00300	0.00655
72	0.01046	0.00984	0.01661	0.79205	0.03814	0.01230	0.01538	0.01415	0.01107	0.01415	0.00984	0.01477	0.00738	0.00554	0.00554	0.00185	0.00738	0.00492	0.00246	0.00615
73	0.60146	0.01046	0.00912	0.00755	0.01141	0.01095	0.00616	0.01560	0.01003	0.02286	0.00833	0.00972	0.00664	0.00484	0.00362	0.00145	0.00423	0.00308	0.00338	0.24908
74	0.00700	0.00523	0.00749	0.00834	0.00888	0.00488	0.03524	0.00812	0.01070	0.01428	0.02975	0.76998	0.03549	0.01684	0.00705	0.00223	0.00346	0.01537	0.00505	0.00462
75	0.01046	0.00984	0.01661	0.79205	0.03814	0.01230	0.01538	0.01415	0.01107	0.01415	0.00984	0.01477	0.00738	0.00554	0.00554	0.00185	0.00738	0.00492	0.00246	0.00615
76	0.01258	0.00666	0.00887	0.00785	0.00992	0.00599	0.00605	0.01491	0.01527	0.23539	0.48996	0.10287	0.03990	0.01059	0.00631	0.00178	0.00326	0.00926	0.00623	0.00635
77	0.00793	0.00604	0.00856	0.00872	0.00936	0.00687	0.00648	0.00939	0.00923	0.01301	0.01862	0.22524	0.01991	0.10881	0.45091	0.00635	0.06765	0.00862	0.00353	0.00475
78	0.00958	0.00836	0.01199	0.01103	0.01159	0.01084	0.00885	0.01118	0.00871	0.01297	0.01194	0.01845	0.01147	0.05563	0.45455	0.00622	0.32298	0.00558	0.00277	0.00533
79	0.01143	0.00677	0.00868	0.00777	0.00977	0.00631	0.00597	0.01470	0.06484	0.16730	0.51467	0.06042	0.07808	0.01053	0.00630	0.00177	0.00317	0.00917	0.00613	0.00622
80	0.00761	0.00563	0.00817	0.00850	0.00929	0.00625	0.00635	0.00927	0.00932	0.01312	0.01899	0.22495	0.01996	0.05859	0.55854	0.00706	0.01152	0.00855	0.00354	0.00478
81	0.01154	0.09218	0.31771	0.29095	0.02888	0.01369	0.13618	0.01628	0.01166	0.01595	0.00990	0.01305	0.00738	0.00521	0.00541	0.00175	0.00788	0.00468	0.00246	0.00725
82	0.01286	0.01230	0.02095	0.23104	0.58037	0.01294	0.01658	0.01626	0.01221	0.01707	0.01027	0.01398	0.00841	0.00509	0.00550	0.00170	0.00679	0.00493	0.00267	0.00809
83	0.00870	0.00611	0.00817	0.00912	0.01006	0.00611	0.00748	0.01059	0.01153	0.01506	0.02624	0.05565	0.02882	0.22066	0.01299	0.00328	0.00517	0.54496	0.00465	0.00465
84	0.01225	0.01170	0.01977	0.36001	0.42987	0.01292	0.01614	0.01565	0.01181	0.01624	0.01007	0.01411	0.00812	0.00535	0.00593	0.00176	0.03322	0.00493	0.00261	0.00755

[dist]
# distance from previous block
# <min> <max>
0	1

[block]
# block no. 6 follows, 43 sequences, length 7
# corresponding to MSA columns:
# 605-611
name=unknown_G
#
# <colnr> <probs for GDERKNQSTAVLIFYWHMCP>
#	G	D	E	R	K	N	Q	S	T	A	V	L	I	F	Y	W	H	M	C	P
0	0.01297	0.01847	0.25946	0.06854	0.37008	0.05531	0.01702	0.01744	0.03782	0.01727	0.01032	0.01305	0.00822	0.00555	0.00632	0.00174	0.06500	0.00463	0.00268	0.00811
1	0.00805	0.00537	0.00604	0.00604	0.00604	0.00537	0.00336	0.00805	0.00805	0.01074	0.01745	0.03624	0.02013	0.80536	0.02819	0.00537	0.00537	0.00805	0.00336	0.00336
2	0.63153	0.10998	0.01186	0.00829	0.01201	0.01423	0.00704	0.11502	0.01188	0.02474	0.00846	0.00956	0.00659	0.00529	0.00373	0.00164	0.00473	0.00326	0.00358	0.00659
3	0.00776	0.00554	0.00684	0.00666	0.00783	0.00511	0.00483	0.00984	0.01394	0.01949	0.50715	0.09685	0.13605	0.08925	0.00853	0.00212	0.00295	0.01017	0.05416	0.00492
4	0.01323	0.01271	0.02226	0.10152	0.46846	0.01285	0.14678	0.05854	0.01334	0.01861	0.03755	0.04588	0.01120	0.00575	0.00578	0.00173	0.00685	0.00582	0.00310	0.00804
5	0.01148	0.00984	0.01148	0.00820	0.01312	0.00738	0.00656	0.01395	0.01148	0.01805	0.00984	0.01148	0.00820	0.00410	0.00410	0.00082	0.00410	0.00328	0.00328	0.83922
6	0.01186	0.01337	0.11270	0.52178	0.03324	0.01305	0.11417	0.08255	0.01279	0.01695	0.01035	0.01427	0.00766	0.00549	0.00564	0.00182	0.00763	0.00504	0.00277	0.00688

[dist]
# distance from previous block
# <min> <max>
0	1

[block]
# block no. 7 follows, 43 sequences, length 29
# corresponding to MSA columns:
# 613-641
name=unknown_H
#
# <colnr> <probs for GDERKNQSTAVLIFYWHMCP>
#	G	D	E	R	K	N	Q	S	T	A	V	L	I	F	Y	W	H	M	C	P
0	0.00888	0.00611	0.00784	0.00730	0.00882	0.00574	0.00551	0.01201	0.05064	0.05847	0.65636	0.06383	0.06480	0.01118	0.00646	0.00177	0.00282	0.00984	0.00606	0.00556
1	0.00899	0.00693	0.00856	0.00800	0.00800	0.00805	0.00538	0.00927	0.00815	0.01134	0.01510	0.03067	0.01716	0.62155	0.02588	0.00469	0.18783	0.00731	0.00314	0.00398
2	0.01019	0.00576	0.00771	0.00802	0.00918	0.00525	0.00570	0.01155	0.01212	0.15476	0.10973	0.57457	0.03413	0.01476	0.00673	0.00210	0.00342	0.01325	0.00556	0.00548
3	0.00838	0.00574	0.00783	0.00783	0.00895	0.00638	0.00605	0.01047	0.00976	0.01479	0.01815	0.02347	0.06096	0.03172	0.55492	0.00670	0.01125	0.00611	0.19557	0.00498
4	0.02069	0.02640	0.01569	0.01427	0.01712	0.78313	0.01070	0.02212	0.01569	0.01355	0.00856	0.00999	0.00713	0.00571	0.00499	0.00143	0.00999	0.00357	0.00285	0.00642
5	0.01076	0.01015	0.01715	0.72231	0.10555	0.01238	0.01553	0.01441	0.01122	0.01451	0.00990	0.01467	0.00751	0.00548	0.00553	0.00183	0.00731	0.00492	0.00249	0.00639
6	0.00705	0.00563	0.00632	0.00614	0.00779	0.00489	0.00461	0.00893	0.01382	0.01781	0.33608	0.04861	0.48681	0.01296	0.00654	0.00182	0.00273	0.01103	0.00552	0.00489
7	0.00788	0.00575	0.00766	0.00878	0.00980	0.00552	0.00704	0.00975	0.01200	0.01554	0.03306	0.31505	0.12489	0.01585	0.00731	0.00236	0.00417	0.39765	0.00512	0.00484
8	0.20635	0.58728	0.02364	0.00921	0.01342	0.01949	0.00880	0.01636	0.01070	0.01577	0.00768	0.00906	0.00686	0.00506	0.00420	0.00136	0.04228	0.00306	0.00262	0.00680
9	0.06252	0.00957	0.01262	0.00978	0.01399	0.00853	0.00806	0.02658	0.04124	0.71393	0.02122	0.01846	0.01346	0.00680	0.00547	0.00172	0.00468	0.00547	0.00665	0.00924
10	0.00675	0.00482	0.00643	0.00771	0.00803	0.00450	0.00514	0.00771	0.01060	0.01414	0.03053	0.80175	0.03663	0.01735	0.00707	0.00225	0.00321	0.01574	0.00514	0.00450
11	0.01115	0.00666	0.00845	0.00763	0.00958	0.00615	0.00588	0.01406	0.05023	0.15912	0.46578	0.03811	0.12123	0.03818	0.00710	0.00191	0.00328	0.03350	0.00598	0.00603
12	0.01647	0.01201	0.01881	0.14197	0.41368	0.01225	0.01410	0.08782	0.01438	0.19384	0.01324	0.01502	0.00976	0.00563	0.00552	0.00169	0.00623	0.00508	0.00391	0.00858
13	0.01706	0.01147	0.01235	0.01064	0.01398	0.04557	0.00839	0.04084	0.45839	0.23137	0.02127	0.01955	0.01527	0.00717	0.00547	0.00177	0.00463	0.00585	0.06033	0.00862
14	0.50190	0.07717	0.05968	0.02327	0.01385	0.17804	0.00847	0.02956	0.01152	0.04155	0.00854	0.00981	0.00668	0.00532	0.00402	0.00162	0.00597	0.00332	0.00327	0.00646
15	0.01149	0.01109	0.01568	0.05034	0.01489	0.01524	0.01144	0.01294	0.00873	0.01350	0.00858	0.01362	0.00824	0.01325	0.10929	0.00315	0.64399	0.00499	0.02367	0.00591
16	0.00725	0.00520	0.00665	0.00725	0.00791	0.00487	0.00499	0.00858	0.01175	0.01586	0.21673	0.43898	0.08388	0.11886	0.00969	0.00252	0.00338	0.03594	0.00515	0.00456
17	0.01447	0.65911	0.14297	0.01063	0.01582	0.04988	0.01121	0.01694	0.01149	0.01374	0.00808	0.00936	0.00709	0.00486	0.00387	0.00128	0.00643	0.00316	0.00238	0.00725
18	0.00866	0.19056	0.01170	0.00818	0.00954	0.00856	0.00623	0.00985	0.01080	0.01394	0.02523	0.60191	0.02970	0.01439	0.00627	0.00201	0.00388	0.02898	0.00450	0.00511
19	0.09123	0.00985	0.01258	0.00981	0.01397	0.00906	0.00808	0.05124	0.04934	0.65388	0.02043	0.01794	0.01308	0.00674	0.00540	0.00172	0.00471	0.00537	0.00647	0.00912
20	0.00739	0.00528	0.00717	0.00845	0.00905	0.00505	0.00626	0.00882	0.01124	0.01486	0.03017	0.58315	0.03522	0.01674	0.00724	0.00234	0.00377	0.22799	0.00513	0.00468
21	0.01875	0.01431	0.05291	0.01717	0.19081	0.01431	0.01194	0.39522	0.05177	0.13291	0.03471	0.01517	0.01125	0.00638	0.00555	0.00168	0.00594	0.00521	0.00495	0.00907
22	0.00754	0.00543	0.00713	0.00717	0.00821	0.00502	0.00520	0.00969	0.01427	0.01997	0.56324	0.25241	0.04792	0.01300	0.00668	0.00188	0.00278	0.01161	0.00583	0.00502
23	0.00815	0.00606	0.00844	0.00832	0.00898	0.00693	0.00612	0.00951	0.00863	0.01226	0.01525	0.02556	0.01538	0.26410	0.52627	0.00756	0.04838	0.00651	0.00306	0.00453
24	0.04030	0.44548	0.22424	0.07390	0.01880	0.05776	0.01287	0.02781	0.01169	0.01505	0.00858	0.01028	0.00711	0.00513	0.00454	0.00145	0.02175	0.00352	0.00248	0.00726
25	0.01386	0.60868	0.22072	0.01109	0.01672	0.01959	0.01229	0.01683	0.01137	0.01419	0.00827	0.00960	0.00708	0.00487	0.00399	0.00133	0.00650	0.00325	0.00236	0.00738
26	0.00801	0.00555	0.00673	0.00717	0.00762	0.00546	0.00490	0.00880	0.00972	0.01275	0.02413	0.13286	0.07141	0.48141	0.01963	0.00414	0.00490	0.17677	0.00408	0.00397
27	0.01469	0.06193	0.01962	0.21883	0.32512	0.01376	0.02937	0.15156	0.01460	0.05536	0.01116	0.01396	0.00869	0.00590	0.00590	0.02681	0.00657	0.00488	0.00335	0.00794
28	0.08703	0.01994	0.32204	0.06485	0.12290	0.09058	0.01513	0.05430	0.01303	0.10681	0.01110	0.01269	0.00811	0.00572	0.00576	0.00173	0.04282	0.00436	0.00324	0.00788

[dist]
# distance from previous block
# <min> <max>
0	1

[block]
# block no. 8 follows, 43 sequences, length 34
# corresponding to MSA columns:
# 643-676
name=unknown_I
#
# <colnr> <probs for GDERKNQSTAVLIFYWHMCP>
#	G	D	E	R	K	N	Q	S	T	A	V	L	I	F	Y	W	H	M	C	P
0	0.08633	0.52681	0.06358	0.00991	0.01435	0.03065	0.00959	0.06274	0.04186	0.04288	0.00969	0.01071	0.00807	0.00530	0.00426	0.00137	0.02293	0.00351	0.03821	0.00724
1	0.71540	0.01244	0.07519	0.02912	0.01286	0.01266	0.00769	0.04746	0.01037	0.02436	0.00820	0.00957	0.00627	0.00523	0.00373	0.00172	0.00478	0.00323	0.00340	0.00634
2	0.00740	0.00550	0.00695	0.00775	0.00850	0.00529	0.00536	0.00969	0.06716	0.01589	0.12596	0.60009	0.08233	0.01564	0.00686	0.00213	0.00320	0.01406	0.00530	0.00492
3	0.01008	0.00835	0.01319	0.18557	0.07423	0.00860	0.07308	0.03522	0.01444	0.03481	0.42067	0.03033	0.03264	0.00885	0.00621	0.00179	0.00476	0.02635	0.00472	0.00610
4	0.01122	0.02296	0.54536	0.01349	0.02069	0.01121	0.01626	0.01645	0.01163	0.01769	0.00991	0.01163	0.00737	0.00491	0.00491	0.00147	0.00695	0.00385	0.00262	0.25939
5	0.01107	0.16078	0.44140	0.01298	0.01876	0.01267	0.01525	0.01560	0.01189	0.01641	0.01592	0.02418	0.04811	0.00776	0.00554	0.00183	0.00686	0.16276	0.00308	0.00716
6	0.07082	0.01306	0.01414	0.03226	0.01583	0.03618	0.00900	0.36247	0.03828	0.11690	0.01306	0.01334	0.00946	0.00587	0.00502	0.00145	0.00540	0.00447	0.00480	0.22820
7	0.00805	0.00612	0.00750	0.00737	0.00885	0.00581	0.00562	0.01127	0.07014	0.01975	0.45091	0.09894	0.18795	0.01237	0.00661	0.00189	0.00305	0.07676	0.00571	0.00532
8	0.01405	0.01203	0.01268	0.01133	0.01451	0.01391	0.00883	0.05700	0.73279	0.02362	0.02219	0.02038	0.01662	0.00748	0.00563	0.00187	0.00445	0.00621	0.00563	0.00879
9	0.00803	0.00548	0.00661	0.00661	0.00681	0.00568	0.00407	0.00842	0.00822	0.01116	0.01693	0.03335	0.01888	0.65299	0.17884	0.00607	0.00726	0.00763	0.00328	0.00367
10	0.01365	0.00782	0.01030	0.01011	0.01242	0.00768	0.00857	0.01763	0.10317	0.21757	0.02727	0.04569	0.04552	0.01210	0.00683	0.00223	0.00485	0.43430	0.00563	0.00667
11	0.00670	0.00562	0.00584	0.00586	0.00765	0.00476	0.00442	0.00821	0.01280	0.01549	0.10375	0.06579	0.68666	0.01393	0.00658	0.00189	0.00286	0.03124	0.00521	0.00472
