[name]
unknown

[dist]
# distance from previous block
# <min> <max>
2	117

[block]
# block no. 0 follows, 42 sequences, length 6
# corresponding to MSA columns:
# 139-144
name=unknown_A
#
# <colnr> <probs for GDERKNQSTAVLIFYWHMCP>
#	G	D	E	R	K	N	Q	S	T	A	V	L	I	F	Y	W	H	M	C	P
0	0.05194	0.00869	0.01022	0.00952	0.03745	0.00856	0.00687	0.15523	0.01476	0.07930	0.10104	0.21493	0.06120	0.09380	0.00829	0.00216	0.00434	0.00876	0.03079	0.09212
1	0.07577	0.00775	0.00937	0.00864	0.01051	0.00788	0.02352	0.05944	0.06623	0.08929	0.12322	0.21192	0.12787	0.07617	0.03201	0.02433	0.02560	0.00957	0.00503	0.00589
2	0.01072	0.00732	0.00962	0.00886	0.01059	0.00706	0.04744	0.08116	0.01287	0.09041	0.02934	0.26938	0.16731	0.15036	0.04659	0.00295	0.00495	0.03261	0.00488	0.00558
3	0.00872	0.00629	0.00775	0.00795	0.00916	0.00595	0.00571	0.05639	0.01242	0.01706	0.10046	0.42151	0.06146	0.08527	0.00860	0.00233	0.00375	0.06498	0.04442	0.06982
4	0.00937	0.00699	0.00830	0.00815	0.00962	0.00687	0.00593	0.06084	0.08483	0.01736	0.10265	0.27955	0.11838	0.10350	0.00994	0.04959	0.00397	0.05101	0.00491	0.05825
5	0.01198	0.00716	0.00984	0.00890	0.01095	0.00661	0.05315	0.01420	0.03430	0.17824	0.08369	0.20670	0.14544	0.08940	0.00862	0.00231	0.00424	0.06605	0.05222	0.00602

[dist]
# distance from previous block
# <min> <max>
0	1

[block]
# block no. 1 follows, 42 sequences, length 12
# corresponding to MSA columns:
# 146-157
name=unknown_B
#
# <colnr> <probs for GDERKNQSTAVLIFYWHMCP>
#	G	D	E	R	K	N	Q	S	T	A	V	L	I	F	Y	W	H	M	C	P
0	0.10340	0.01043	0.01156	0.00996	0.01259	0.02510	0.00781	0.23945	0.01636	0.13217	0.04702	0.20724	0.01869	0.03677	0.00723	0.00200	0.04867	0.00788	0.04853	0.00714
1	0.05861	0.09260	0.01424	0.01044	0.01370	0.08452	0.00838	0.18605	0.02925	0.20107	0.01716	0.13482	0.01496	0.06022	0.00726	0.00197	0.02299	0.00660	0.00492	0.03023
2	0.03873	0.00684	0.00793	0.00762	0.00928	0.00659	0.00555	0.03018	0.07709	0.04183	0.19875	0.22822	0.13723	0.08902	0.00843	0.00221	0.00357	0.01026	0.03437	0.05631
3	0.01119	0.00732	0.00845	0.03080	0.00988	0.03360	0.00561	0.04076	0.01143	0.10815	0.04990	0.22483	0.02329	0.34053	0.01553	0.00337	0.00485	0.00930	0.02105	0.04016
4	0.04118	0.04624	0.02802	0.00776	0.01007	0.00746	0.00621	0.01188	0.02701	0.05718	0.13360	0.09647	0.27685	0.06998	0.00820	0.00205	0.03615	0.03145	0.00473	0.09750
5	0.17625	0.02809	0.01454	0.06699	0.04197	0.01305	0.05474	0.09955	0.01196	0.01929	0.01177	0.07030	0.01082	0.03798	0.05789	0.00250	0.20619	0.00557	0.03269	0.03786
6	0.19361	0.01153	0.04378	0.14029	0.12387	0.03209	0.02855	0.03518	0.06034	0.08004	0.06039	0.06421	0.01376	0.03392	0.00602	0.00187	0.00558	0.00570	0.00389	0.05538
7	0.04872	0.01045	0.01255	0.01010	0.01375	0.01040	0.00819	0.18940	0.07541	0.36091	0.10642	0.02232	0.05901	0.00917	0.03513	0.00203	0.00511	0.00636	0.00610	0.00847
8	0.00908	0.03810	0.00994	0.05047	0.01150	0.00745	0.03168	0.04697	0.05813	0.01735	0.16913	0.40051	0.03258	0.08016	0.00849	0.00232	0.00409	0.01166	0.00497	0.00542
9	0.10277	0.00984	0.01258	0.00984	0.01405	0.00899	0.00810	0.02652	0.05518	0.65963	0.02087	0.01830	0.01336	0.00683	0.00545	0.00175	0.00473	0.00545	0.00657	0.00921
10	0.01409	0.34486	0.39101	0.01299	0.01940	0.04887	0.01505	0.01821	0.01213	0.06188	0.00985	0.01109	0.00759	0.00525	0.00465	0.00153	0.00724	0.00376	0.00269	0.00787
11	0.66597	0.01193	0.01012	0.00859	0.01229	0.01366	0.00708	0.17351	0.01320	0.02744	0.00905	0.01008	0.00684	0.00555	0.00394	0.00173	0.00475	0.00348	0.00394	0.00684

[dist]
# distance from previous block
# <min> <max>
0	1

[block]
# block no. 2 follows, 42 sequences, length 82
# corresponding to MSA columns:
# 159-240
name=unknown_C
#
# <colnr> <probs for GDERKNQSTAVLIFYWHMCP>
#	G	D	E	R	K	N	Q	S	T	A	V	L	I	F	Y	W	H	M	C	P
0	0.00792	0.00575	0.00746	0.00703	0.00838	0.00529	0.00527	0.01053	0.01582	0.02231	0.73949	0.04246	0.07792	0.01160	0.00664	0.00177	0.00266	0.01024	0.00616	0.00529
1	0.04001	0.01281	0.01386	0.01313	0.06954	0.03409	0.00958	0.13228	0.51077	0.04944	0.01967	0.01910	0.01486	0.02768	0.00621	0.00193	0.00505	0.00593	0.00534	0.00874
2	0.01283	0.01015	0.01252	0.05263	0.03264	0.00851	0.00776	0.02995	0.01211	0.07513	0.01109	0.01314	0.00900	0.02386	0.00557	0.00117	0.03533	0.00386	0.00356	0.63919
3	0.01413	0.14347	0.28909	0.05777	0.02095	0.01472	0.08874	0.15545	0.01470	0.04624	0.01304	0.05747	0.02585	0.00654	0.00576	0.00174	0.02766	0.00535	0.00344	0.00789
4	0.01133	0.02878	0.75541	0.01622	0.02448	0.01310	0.03811	0.01783	0.01191	0.01783	0.01013	0.01196	0.00716	0.00533	0.00538	0.00178	0.00834	0.00422	0.00239	0.00830
5	0.02494	0.00976	0.01314	0.01011	0.01444	0.00859	0.00834	0.04300	0.03141	0.73997	0.02203	0.01907	0.01390	0.00697	0.00566	0.00174	0.00481	0.00566	0.00691	0.00956
6	0.01384	0.01250	0.02043	0.19983	0.52520	0.02898	0.01603	0.01715	0.01272	0.05969	0.01162	0.01580	0.00952	0.00558	0.00564	0.00174	0.00679	0.02572	0.00303	0.00820
7	0.01210	0.07929	0.16041	0.13262	0.02655	0.01364	0.37018	0.01638	0.01227	0.01666	0.01227	0.08141	0.01047	0.00621	0.00632	0.00186	0.02485	0.00643	0.00287	0.00720
8	0.00686	0.00490	0.00653	0.00784	0.00816	0.00457	0.00522	0.00784	0.01077	0.01437	0.03102	0.79855	0.03722	0.01763	0.00718	0.00229	0.00326	0.01600	0.00522	0.00457
9	0.01063	0.01000	0.01688	0.78870	0.03876	0.01250	0.01563	0.01438	0.01125	0.01438	0.01000	0.01500	0.00750	0.00563	0.00563	0.00188	0.00750	0.00500	0.00250	0.00625
10	0.01491	0.77853	0.05542	0.00985	0.01479	0.02195	0.01002	0.01689	0.01145	0.01340	0.00790	0.00913	0.00722	0.00483	0.00367	0.00122	0.00610	0.00305	0.00241	0.00726
11	0.01129	0.02911	0.77306	0.01604	0.02436	0.01307	0.02079	0.01782	0.01188	0.01782	0.01010	0.01188	0.00713	0.00535	0.00535	0.00178	0.00832	0.00416	0.00238	0.00832
12	0.00901	0.00598	0.00786	0.00726	0.00877	0.00549	0.00549	0.01164	0.01594	0.06798	0.71913	0.04065	0.05072	0.01123	0.00658	0.00177	0.00278	0.00990	0.00624	0.00557
13	0.01164	0.01154	0.04094	0.57388	0.17858	0.01287	0.04213	0.03274	0.01201	0.01589	0.01025	0.01467	0.00785	0.00550	0.00564	0.00183	0.00741	0.00504	0.00264	0.00696
14	0.18142	0.25151	0.37404	0.01269	0.01890	0.01570	0.04050	0.01729	0.01133	0.01800	0.00902	0.01061	0.00700	0.00514	0.00451	0.00161	0.00688	0.00369	0.00263	0.00752
15	0.00907	0.00648	0.00907	0.01036	0.01166	0.00648	0.00907	0.01166	0.01296	0.01684	0.02980	0.06348	0.03239	0.01555	0.00777	0.00259	0.00518	0.72924	0.00518	0.00518
16	0.00818	0.00546	0.00614	0.00614	0.00614	0.00546	0.00341	0.00818	0.00818	0.01091	0.01773	0.03683	0.02046	0.80222	0.02864	0.00546	0.00546	0.00818	0.00341	0.00341
17	0.00804	0.00601	0.00896	0.00896	0.00993	0.00699	0.00693	0.00999	0.00902	0.01300	0.01515	0.02254	0.01426	0.06464	0.75775	0.00894	0.01479	0.00609	0.00303	0.00498
18	0.01231	0.01231	0.01724	0.01477	0.01477	0.01724	0.01231	0.01354	0.00862	0.01354	0.00739	0.01231	0.00739	0.00985	0.01847	0.00246	0.79192	0.00492	0.00246	0.00616
19	0.07120	0.00965	0.01279	0.00987	0.01417	0.00852	0.00815	0.02681	0.01574	0.72906	0.02139	0.01859	0.01349	0.00687	0.00554	0.00174	0.00476	0.00551	0.00677	0.00938
20	0.00818	0.00546	0.00614	0.00614	0.00614	0.00546	0.00341	0.00818	0.00818	0.01091	0.01773	0.03683	0.02046	0.80222	0.02864	0.00546	0.00546	0.00818	0.00341	0.00341
21	0.04120	0.56634	0.02511	0.01091	0.01516	0.23178	0.00987	0.01840	0.01263	0.01374	0.00807	0.00934	0.00720	0.00510	0.00401	0.00129	0.00711	0.00318	0.00258	0.00700
22	0.79579	0.01178	0.00870	0.00780	0.01125	0.05577	0.00636	0.01688	0.00994	0.02460	0.00788	0.00920	0.00616	0.00526	0.00357	0.00172	0.00468	0.00308	0.00345	0.00612
23	0.00804	0.00603	0.00904	0.00904	0.01005	0.00703	0.00703	0.01005	0.00904	0.01306	0.01507	0.02211	0.01407	0.04221	0.77992	0.00904	0.01507	0.00603	0.00301	0.00502
24	0.00898	0.00645	0.00895	0.01020	0.01152	0.00642	0.00890	0.01153	0.01295	0.01678	0.03075	0.06315	0.05800	0.01550	0.00773	0.00257	0.00510	0.70416	0.00518	0.00517
25	0.01413	0.19870	0.25015	0.03433	0.13129	0.12140	0.09671	0.01788	0.01244	0.01603	0.00946	0.01176	0.00761	0.00542	0.00582	0.00164	0.05070	0.00429	0.00258	0.00767
26	0.01336	0.01416	0.01606	0.01406	0.01469	0.15146	0.01145	0.01472	0.00997	0.01353	0.00851	0.01306	0.00814	0.01288	0.10427	0.00304	0.56311	0.00482	0.00260	0.00609
27	0.02525	0.00958	0.01306	0.01001	0.01437	0.00827	0.00827	0.02743	0.01611	0.77102	0.02220	0.01915	0.01393	0.00697	0.00566	0.00174	0.00479	0.00566	0.00697	0.00958
28	0.00818	0.00546	0.00614	0.00614	0.00614	0.00546	0.00341	0.00818	0.00818	0.01091	0.01773	0.03683	0.02046	0.80222	0.02864	0.00546	0.00546	0.00818	0.00341	0.00341
29	0.01167	0.01000	0.01167	0.00834	0.01334	0.00750	0.00667	0.01417	0.01167	0.01834	0.01000	0.01167	0.00834	0.00417	0.00417	0.00083	0.00417	0.00333	0.00333	0.83663
30	0.00788	0.00621	0.00911	0.16702	0.03728	0.00648	0.00763	0.00946	0.01084	0.01437	0.02566	0.58839	0.02973	0.04305	0.00759	0.00230	0.00431	0.01315	0.00453	0.00500
31	0.01505	0.80561	0.02949	0.00963	0.01444	0.02227	0.00963	0.01685	0.01143	0.01324	0.00782	0.00903	0.00722	0.00481	0.00361	0.00120	0.00602	0.00301	0.00241	0.00722
32	0.01129	0.02911	0.77306	0.01604	0.02436	0.01307	0.02079	0.01782	0.01188	0.01782	0.01010	0.01188	0.00713	0.00535	0.00535	0.00178	0.00832	0.00416	0.00238	0.00832
33	0.00686	0.00490	0.00653	0.00784	0.00816	0.00457	0.00522	0.00784	0.01077	0.01437	0.03102	0.79855	0.03722	0.01763	0.00718	0.00229	0.00326	0.01600	0.00522	0.00457
34	0.01123	0.01061	0.01796	0.65158	0.17119	0.01266	0.01593	0.01490	0.01154	0.01511	0.01011	0.01481	0.00776	0.00552	0.00562	0.00184	0.00735	0.00500	0.00255	0.00674
35	0.01167	0.01000	0.01167	0.00834	0.01334	0.00750	0.00667	0.01417	0.01167	0.01834	0.01000	0.01167	0.00834	0.00417	0.00417	0.00083	0.00417	0.00333	0.00333	0.83663
36	0.00736	0.00553	0.00801	0.00881	0.00948	0.00520	0.04034	0.00867	0.01109	0.01477	0.02998	0.69402	0.03543	0.01683	0.00721	0.00230	0.00373	0.08135	0.00511	0.00477
37	0.01935	0.01475	0.01574	0.01254	0.01668	0.01650	0.01020	0.55034	0.22780	0.03218	0.01610	0.01557	0.01167	0.00700	0.00566	0.00175	0.00571	0.00542	0.00566	0.00939
38	0.01049	0.00525	0.00525	0.00525	0.00656	0.00525	0.00393	0.01311	0.01180	0.02098	0.01836	0.02098	0.01442	0.00656	0.00393	0.00131	0.00262	0.00525	0.83346	0.00525
39	0.17158	0.03893	0.14107	0.01684	0.10004	0.01353	0.19314	0.06677	0.09662	0.08899	0.01272	0.01409	0.00937	0.00562	0.00537	0.00178	0.00672	0.00506	0.00375	0.00801
40	0.84197	0.01088	0.00827	0.00740	0.01088	0.01262	0.00609	0.01654	0.00958	0.02525	0.00784	0.00914	0.00609	0.00522	0.00348	0.00174	0.00435	0.00305	0.00348	0.00609
41	0.01129	0.02911	0.77306	0.01604	0.02436	0.01307	0.02079	0.01782	0.01188	0.01782	0.01010	0.01188	0.00713	0.00535	0.00535	0.00178	0.00832	0.00416	0.00238	0.00832
42	0.01505	0.80561	0.02949	0.00963	0.01444	0.02227	0.00963	0.01685	0.01143	0.01324	0.00782	0.00903	0.00722	0.00481	0.00361	0.00120	0.00602	0.00301	0.00241	0.00722
43	0.01709	0.01362	0.01446	0.01208	0.01581	0.01544	0.00965	0.33000	0.45183	0.02852	0.01898	0.01787	0.01400	0.00727	0.00569	0.00182	0.00518	0.00582	0.00569	0.00918
44	0.00685	0.00492	0.00650	0.00777	0.00815	0.00458	0.00520	0.00784	0.01084	0.01439	0.03180	0.77601	0.05926	0.01753	0.00717	0.00227	0.00325	0.01587	0.00522	0.00458
45	0.84197	0.01088	0.00827	0.00740	0.01088	0.01262	0.00609	0.01654	0.00958	0.02525	0.00784	0.00914	0.00609	0.00522	0.00348	0.00174	0.00435	0.00305	0.00348	0.00609
46	0.78777	0.01154	0.00881	0.00781	0.01132	0.03602	0.00640	0.04289	0.01037	0.02527	0.00807	0.00933	0.00625	0.00530	0.00361	0.00173	0.00459	0.00314	0.00354	0.00623
47	0.00804	0.00603	0.00904	0.00904	0.01005	0.00703	0.00703	0.01005	0.00904	0.01306	0.01507	0.02211	0.01407	0.04221	0.77992	0.00904	0.01507	0.00603	0.00301	0.00502
48	0.02503	0.00993	0.01328	0.01018	0.01454	0.00879	0.00841	0.06798	0.01669	0.72964	0.02171	0.01884	0.01369	0.00695	0.00566	0.00174	0.00487	0.00563	0.00689	0.00958
49	0.00686	0.00490	0.00653	0.00784	0.00816	0.00457	0.00522	0.00784	0.01077	0.01437	0.03102	0.79855	0.03722	0.01763	0.00718	0.00229	0.00326	0.01600	0.00522	0.00457
50	0.01400	0.01209	0.01273	0.01145	0.01463	0.01400	0.00891	0.02990	0.75695	0.02354	0.02291	0.02100	0.01718	0.00764	0.00573	0.00191	0.00445	0.00636	0.00573	0.00891
51	0.00686	0.00490	0.00653	0.00784	0.00816	0.00457	0.00522	0.00784	0.01077	0.01437	0.03102	0.79855	0.03722	0.01763	0.00718	0.00229	0.00326	0.01600	0.00522	0.00457
52	0.00679	0.00571	0.00589	0.00585	0.00769	0.00481	0.00438	0.00834	0.01315	0.01598	0.13146	0.05288	0.68990	0.01396	0.00665	0.00189	0.00283	0.01170	0.00533	0.00481
53	0.01505	0.80561	0.02949	0.00963	0.01444	0.02227	0.00963	0.01685	0.01143	0.01324	0.00782	0.00903	0.00722	0.00481	0.00361	0.00120	0.00602	0.00301	0.00241	0.00722
54	0.02150	0.01559	0.01678	0.01287	0.01737	0.01720	0.01063	0.72825	0.02617	0.05598	0.01375	0.01367	0.00969	0.00676	0.00563	0.00169	0.00615	0.00508	0.00567	0.00957
55	0.00686	0.00490	0.00653	0.00784	0.00816	0.00457	0.00522	0.00784	0.01077	0.01437	0.03102	0.79855	0.03722	0.01763	0.00718	0.00229	0.00326	0.01600	0.00522	0.00457
56	0.01505	0.80561	0.02949	0.00963	0.01444	0.02227	0.00963	0.01685	0.01143	0.01324	0.00782	0.00903	0.00722	0.00481	0.00361	0.00120	0.00602	0.00301	0.00241	0.00722
57	0.01336	0.01136	0.01225	0.01131	0.01425	0.01302	0.00893	0.02754	0.66072	0.02267	0.02380	0.02649	0.01915	0.00866	0.00599	0.00200	0.00455	0.09986	0.00566	0.00843
58	0.00686	0.00490	0.00653	0.00784	0.00816	0.00457	0.00522	0.00784	0.01077	0.01437	0.03102	0.79855	0.03722	0.01763	0.00718	0.00229	0.00326	0.01600	0.00522	0.00457
59	0.02463	0.00944	0.01286	0.00991	0.01415	0.00816	0.00816	0.02682	0.01610	0.74408	0.04891	0.01998	0.01534	0.00713	0.00569	0.00174	0.00471	0.00582	0.00694	0.00942
60	0.00686	0.00490	0.00653	0.00784	0.00816	0.00457	0.00522	0.00784	0.01077	0.01437	0.03102	0.79855	0.03722	0.01763	0.00718	0.00229	0.00326	0.01600	0.00522	0.00457
61	0.00699	0.00497	0.00658	0.00782	0.00816	0.00467	0.00524	0.00796	0.01071	0.01427	0.03033	0.73996	0.03626	0.05628	0.00826	0.00245	0.00343	0.03600	0.00513	0.00453
62	0.84197	0.01088	0.00827	0.00740	0.01088	0.01262	0.00609	0.01654	0.00958	0.02525	0.00784	0.00914	0.00609	0.00522	0.00348	0.00174	0.00435	0.00305	0.00348	0.00609
63	0.01505	0.80561	0.02949	0.00963	0.01444	0.02227	0.00963	0.01685	0.01143	0.01324	0.00782	0.00903	0.00722	0.00481	0.00361	0.00120	0.00602	0.00301	0.00241	0.00722
64	0.01167	0.01086	0.01786	0.55060	0.19096	0.01281	0.01538	0.04102	0.01202	0.01595	0.01076	0.03702	0.00872	0.00603	0.00612	0.00186	0.03539	0.00532	0.00275	0.00688
65	0.01299	0.09619	0.56428	0.01614	0.04969	0.01387	0.06264	0.04439	0.01272	0.06045	0.01079	0.01237	0.00776	0.00539	0.00530	0.00173	0.00785	0.00435	0.00280	0.00831
66	0.01127	0.01096	0.01918	0.60619	0.09466	0.01299	0.09641	0.01497	0.01147	0.01506	0.01007	0.01481	0.00772	0.00569	0.00636	0.00189	0.04595	0.00518	0.00256	0.00661
67	0.00818	0.00546	0.00614	0.00614	0.00614	0.00546	0.00341	0.00818	0.00818	0.01091	0.01773	0.03683	0.02046	0.80222	0.02864	0.00546	0.00546	0.00818	0.00341	0.00341
68	0.11205	0.04278	0.01364	0.01086	0.01462	0.03992	0.00877	0.12666	0.32393	0.21885	0.01864	0.01730	0.01329	0.00689	0.00534	0.00177	0.00503	0.00540	0.00555	0.00871
69	0.02100	0.01179	0.01474	0.01316	0.08447	0.01189	0.00974	0.21275	0.12987	0.37686	0.04097	0.01817	0.01399	0.00697	0.00568	0.00175	0.00521	0.00569	0.00603	0.00929
70	0.10096	0.01375	0.01510	0.01168	0.01605	0.01469	0.00965	0.49773	0.02225	0.21867	0.01514	0.01451	0.01033	0.00666	0.00543	0.00171	0.00566	0.00502	0.00576	0.00924
71	0.00796	0.00575	0.00752	0.00708	0.00841	0.00531	0.00531	0.01062	0.01593	0.02257	0.76415	0.04204	0.05310	0.01150	0.00664	0.00177	0.00265	0.01018	0.00619	0.00531
72	0.01202	0.05576	0.68506	0.01593	0.02375	0.05655	0.03889	0.01806	0.01213	0.01744	0.00997	0.01177	0.00718	0.00534	0.00530	0.00175	0.00837	0.00415	0.00242	0.00816
73	0.00978	0.00489	0.00733	0.00733	0.00733	0.00489	0.00489	0.00733	0.00733	0.00978	0.00978	0.01711	0.00978	0.01955	0.02199	0.83627	0.00489	0.00489	0.00244	0.00244
74	0.00697	0.00562	0.00621	0.00626	0.00785	0.00486	0.00462	0.00862	0.01328	0.01676	0.21276	0.13848	0.51993	0.01403	0.00671	0.00192	0.00286	0.01198	0.00544	0.00486
75	0.77076	0.01131	0.00902	0.00788	0.01145	0.01304	0.00649	0.08005	0.01104	0.02614	0.00833	0.00952	0.00640	0.00536	0.00367	0.00174	0.00451	0.00322	0.00367	0.00640
76	0.01370	0.01387	0.04924	0.05880	0.69034	0.01336	0.04342	0.01722	0.01275	0.01822	0.01058	0.01394	0.00879	0.00504	0.00560	0.00169	0.00687	0.00504	0.00276	0.00876
77	0.02104	0.02629	0.01599	0.01442	0.01740	0.74326	0.01087	0.05711	0.01645	0.01481	0.00893	0.01031	0.00736	0.00584	0.00510	0.00146	0.00996	0.00369	0.00303	0.00667
78	0.00710	0.00511	0.00673	0.00762	0.00820	0.00474	0.00522	0.00847	0.01198	0.01623	0.19626	0.61105	0.05801	0.01618	0.00705	0.00216	0.00312	0.01459	0.00544	0.00474
79	0.01264	0.01194	0.02016	0.47612	0.03227	0.01385	0.16009	0.10719	0.01335	0.01768	0.01050	0.01463	0.00796	0.00594	0.00688	0.00190	0.07167	0.00533	0.00296	0.00693
80	0.00827	0.00561	0.00650	0.03238	0.00723	0.00569	0.00382	0.00839	0.00829	0.01103	0.01747	0.03610	0.02003	0.77551	0.02787	0.00534	0.00552	0.00808	0.00338	0.00351
81	0.01555	0.70189	0.02774	0.01028	0.01475	0.09709	0.00984	0.01730	0.01179	0.01330	0.00790	0.00925	0.00723	0.00508	0.00425	0.00127	0.03279	0.00313	0.00246	0.00712

[dist]
# distance from previous block
# <min> <max>
0	1

[block]
# block no. 3 follows, 42 sequences, length 18
# corresponding to MSA columns:
# 242-259
name=unknown_D
#
# <colnr> <probs for GDERKNQSTAVLIFYWHMCP>
#	G	D	E	R	K	N	Q	S	T	A	V	L	I	F	Y	W	H	M	C	P
0	0.00735	0.00655	0.00790	0.00811	0.05026	0.00566	0.03890	0.00904	0.01285	0.01551	0.05238	0.05017	0.68882	0.01331	0.00659	0.00189	0.00336	0.01126	0.00498	0.00511
1	0.02042	0.10561	0.01732	0.01401	0.01710	0.70301	0.01075	0.02190	0.01549	0.01372	0.00861	0.01004	0.00725	0.00570	0.00493	0.00142	0.00973	0.00356	0.00285	0.00659
2	0.01393	0.01337	0.02284	0.03454	0.76712	0.01337	0.01727	0.01727	0.01281	0.01839	0.01059	0.01393	0.00891	0.00501	0.00557	0.00167	0.00669	0.00501	0.00279	0.00891
3	0.01400	0.01209	0.01273	0.01145	0.01463	0.01400	0.00891	0.02990	0.75695	0.02354	0.02291	0.02100	0.01718	0.00764	0.00573	0.00191	0.00445	0.00636	0.00573	0.00891
4	0.00796	0.00575	0.00752	0.00708	0.00841	0.00531	0.00531	0.01062	0.01593	0.02257	0.76415	0.04204	0.05310	0.01150	0.00664	0.00177	0.00265	0.01018	0.00619	0.00531
5	0.02139	0.01576	0.01689	0.01295	0.01745	0.01745	0.01070	0.74835	0.02646	0.03547	0.01351	0.01351	0.00957	0.00676	0.00563	0.00169	0.00619	0.00507	0.00563	0.00957
6	0.00756	0.00565	0.00702	0.00685	0.00820	0.00511	0.00507	0.00977	0.01471	0.02009	0.53196	0.12262	0.20918	0.01274	0.00670	0.00185	0.00276	0.01115	0.00588	0.00511
7	0.00818	0.00546	0.00614	0.00614	0.00614	0.00546	0.00341	0.00818	0.00818	0.01091	0.01773	0.03683	0.02046	0.80222	0.02864	0.00546	0.00546	0.00818	0.00341	0.00341
8	0.01129	0.02911	0.77306	0.01604	0.02436	0.01307	0.02079	0.01782	0.01188	0.01782	0.01010	0.01188	0.00713	0.00535	0.00535	0.00178	0.00832	0.00416	0.00238	0.00832
9	0.01400	0.01209	0.01273	0.01145	0.01463	0.01400	0.00891	0.02990	0.75695	0.02354	0.02291	0.02100	0.01718	0.00764	0.00573	0.00191	0.00445	0.00636	0.00573	0.00891
10	0.01564	0.01486	0.01352	0.01207	0.01527	0.14716	0.00935	0.06954	0.58665	0.02252	0.01990	0.01869	0.01502	0.00727	0.00561	0.00182	0.00554	0.00581	0.00523	0.00853
11	0.00665	0.00570	0.00570	0.00570	0.00760	0.00475	0.00428	0.00808	0.01283	0.01520	0.05701	0.05416	0.76483	0.01425	0.00665	0.00190	0.00285	0.01188	0.00523	0.00475
12	0.01063	0.01000	0.01688	0.78870	0.03876	0.01250	0.01563	0.01438	0.01125	0.01438	0.01000	0.01500	0.00750	0.00563	0.00563	0.00188	0.00750	0.00500	0.00250	0.00625
13	0.00749	0.00577	0.00686	0.00670	0.00826	0.00515	0.00509	0.00964	0.01450	0.01925	0.43532	0.04816	0.34239	0.01285	0.00671	0.00187	0.00287	0.05031	0.00574	0.00507
14	0.00691	0.00494	0.00658	0.00780	0.00818	0.00461	0.00523	0.00798	0.01104	0.01479	0.06911	0.75924	0.03805	0.01731	0.00715	0.00226	0.00323	0.01570	0.00527	0.00461
15	0.84197	0.01088	0.00827	0.00740	0.01088	0.01262	0.00609	0.01654	0.00958	0.02525	0.00784	0.00914	0.00609	0.00522	0.00348	0.00174	0.00435	0.00305	0.00348	0.00609
16	0.84197	0.01088	0.00827	0.00740	0.01088	0.01262	0.00609	0.01654	0.00958	0.02525	0.00784	0.00914	0.00609	0.00522	0.00348	0.00174	0.00435	0.00305	0.00348	0.00609
17	0.00691	0.00494	0.00658	0.00780	0.00817	0.00461	0.00523	0.00797	0.01102	0.01476	0.06593	0.76252	0.03798	0.01734	0.00716	0.00226	0.00324	0.01572	0.00527	0.00461

[dist]
# distance from previous block
# <min> <max>
0	11

[block]
# block no. 4 follows, 42 sequences, length 50
# corresponding to MSA columns:
# 271-320
name=unknown_E
#
# <colnr> <probs for GDERKNQSTAVLIFYWHMCP>
#	G	D	E	R	K	N	Q	S	T	A	V	L	I	F	Y	W	H	M	C	P
0	0.01398	0.01217	0.01328	0.01179	0.01504	0.01400	0.02897	0.02958	0.73673	0.02339	0.02259	0.02084	0.01694	0.00756	0.00575	0.00191	0.00459	0.00637	0.00565	0.00887
1	0.84197	0.01088	0.00827	0.00740	0.01088	0.01262	0.00609	0.01654	0.00958	0.02525	0.00784	0.00914	0.00609	0.00522	0.00348	0.00174	0.00435	0.00305	0.00348	0.00609
2	0.00892	0.00637	0.00890	0.01020	0.01143	0.00635	0.00882	0.01141	0.01281	0.01668	0.02988	0.11149	0.03270	0.01568	0.00773	0.00257	0.00506	0.68265	0.00518	0.00514
3	0.04784	0.01141	0.01939	0.47415	0.26042	0.01289	0.06284	0.01559	0.01179	0.01631	0.01018	0.01443	0.00794	0.00536	0.00558	0.00181	0.00724	0.00503	0.00265	0.00715
4	0.00687	0.00571	0.00601	0.00593	0.00774	0.00485	0.00445	0.00851	0.01335	0.01645	0.17662	0.05211	0.64444	0.01379	0.00665	0.00188	0.00282	0.01159	0.00539	0.00485
5	0.01276	0.09326	0.03735	0.01232	0.01749	0.01089	0.17806	0.01614	0.03106	0.03559	0.01072	0.01263	0.00859	0.00455	0.00478	0.00119	0.00571	0.00422	0.00325	0.49946
6	0.01991	0.01479	0.01591	0.01251	0.01665	0.01637	0.01021	0.64774	0.07921	0.03323	0.01533	0.06466	0.01191	0.00752	0.00574	0.00174	0.00588	0.00587	0.00561	0.00920
7	0.00804	0.00603	0.00904	0.00904	0.01005	0.00703	0.00703	0.01005	0.00904	0.01306	0.01507	0.02211	0.01407	0.04221	0.77992	0.00904	0.01507	0.00603	0.00301	0.00502
8	0.01559	0.67335	0.06403	0.01053	0.01528	0.11370	0.01032	0.01758	0.01200	0.01353	0.00804	0.00930	0.00722	0.00496	0.00387	0.00126	0.00663	0.00314	0.00247	0.00719
9	0.01830	0.38092	0.02211	0.01228	0.01605	0.43527	0.01031	0.01992	0.01390	0.01353	0.00830	0.00964	0.00724	0.00535	0.00441	0.00134	0.00827	0.00334	0.00268	0.00684
10	0.01242	0.02123	0.35479	0.02038	0.02721	0.01373	0.43117	0.01794	0.01267	0.01794	0.01083	0.01375	0.00793	0.00501	0.00608	0.00185	0.00898	0.00556	0.00264	0.00791
11	0.00686	0.00490	0.00653	0.00784	0.00816	0.00457	0.00522	0.00784	0.01077	0.01437	0.03102	0.79855	0.03722	0.01763	0.00718	0.00229	0.00326	0.01600	0.00522	0.00457
12	0.00686	0.00490	0.00653	0.00784	0.00816	0.00457	0.00522	0.00784	0.01077	0.01437	0.03102	0.79855	0.03722	0.01763	0.00718	0.00229	0.00326	0.01600	0.00522	0.00457
13	0.01356	0.06615	0.01649	0.06318	0.01594	0.12900	0.01114	0.01559	0.03011	0.03481	0.09559	0.01576	0.01304	0.00870	0.01264	0.00208	0.44144	0.00527	0.00316	0.00635
14	0.00690	0.00493	0.00657	0.00781	0.00817	0.00460	0.00523	0.00794	0.01097	0.01468	0.05891	0.76977	0.03782	0.01740	0.00716	0.00227	0.00324	0.01578	0.00526	0.00460
15	0.02444	0.01021	0.01333	0.01025	0.01455	0.00929	0.00846	0.11277	0.01724	0.66585	0.02108	0.01853	0.01342	0.00693	0.00561	0.00172	0.00490	0.00558	0.02637	0.00947
16	0.01212	0.02416	0.59975	0.01427	0.02128	0.01158	0.01755	0.01773	0.01282	0.08756	0.11325	0.01663	0.01397	0.00633	0.00555	0.00178	0.00723	0.00511	0.00331	0.00803
17	0.01510	0.76404	0.04909	0.00993	0.01479	0.04218	0.00996	0.01703	0.01157	0.01338	0.00791	0.00913	0.00722	0.00486	0.00370	0.00123	0.00619	0.00306	0.00242	0.00723
18	0.00686	0.00490	0.00653	0.00784	0.00816	0.00457	0.00522	0.00784	0.01077	0.01437	0.03102	0.79855	0.03722	0.01763	0.00718	0.00229	0.00326	0.01600	0.00522	0.00457
19	0.17526	0.00999	0.01215	0.00963	0.01374	0.00946	0.00791	0.02558	0.06470	0.58310	0.01960	0.01743	0.01270	0.00669	0.00526	0.00175	0.00469	0.00522	0.00624	0.00889
20	0.01152	0.01154	0.02150	0.46881	0.03310	0.01290	0.24532	0.01573	0.03502	0.01567	0.01091	0.01542	0.00835	0.00678	0.02736	0.01931	0.02582	0.00558	0.00272	0.00664
21	0.01063	0.01000	0.01688	0.78870	0.03876	0.01250	0.01563	0.01438	0.01125	0.01438	0.01000	0.01500	0.00750	0.00563	0.00563	0.00188	0.00750	0.00500	0.00250	0.00625
22	0.00756	0.00542	0.00732	0.00859	0.00927	0.00519	0.00643	0.00907	0.01153	0.01518	0.03131	0.54356	0.05480	0.01687	0.00736	0.00237	0.00387	0.24432	0.00521	0.00477
23	0.00686	0.00490	0.00653	0.00784	0.00816	0.00457	0.00522	0.00784	0.01077	0.01437	0.03102	0.79855	0.03722	0.01763	0.00718	0.00229	0.00326	0.01600	0.00522	0.00457
24	0.01167	0.01000	0.01167	0.00834	0.01334	0.00750	0.00667	0.01417	0.01167	0.01834	0.01000	0.01167	0.00834	0.00417	0.00417	0.00083	0.00417	0.00333	0.00333	0.83663
25	0.02525	0.00958	0.01306	0.01001	0.01437	0.00827	0.00827	0.02743	0.01611	0.77102	0.02220	0.01915	0.01393	0.00697	0.00566	0.00174	0.00479	0.00566	0.00697	0.00958
26	0.00818	0.00546	0.00614	0.00614	0.00614	0.00546	0.00341	0.00818	0.00818	0.01091	0.01773	0.03683	0.02046	0.80222	0.02864	0.00546	0.00546	0.00818	0.00341	0.00341
27	0.01507	0.75406	0.05739	0.01001	0.01490	0.04333	0.01009	0.01705	0.01158	0.01343	0.00794	0.00917	0.00722	0.00486	0.00372	0.00123	0.00622	0.00307	0.00242	0.00724
28	0.01400	0.01209	0.01273	0.01145	0.01463	0.01400	0.00891	0.02990	0.75695	0.02354	0.02291	0.02100	0.01718	0.00764	0.00573	0.00191	0.00445	0.00636	0.00573	0.00891
29	0.01167	0.01000	0.01167	0.00834	0.01334	0.00750	0.00667	0.01417	0.01167	0.01834	0.01000	0.01167	0.00834	0.00417	0.00417	0.00083	0.00417	0.00333	0.00333	0.83663
30	0.01440	0.01229	0.01295	0.01153	0.01479	0.01418	0.00900	0.06882	0.71738	0.02419	0.02240	0.02059	0.01677	0.00759	0.00572	0.00190	0.00455	0.00629	0.00572	0.00894
31	0.84197	0.01088	0.00827	0.00740	0.01088	0.01262	0.00609	0.01654	0.00958	0.02525	0.00784	0.00914	0.00609	0.00522	0.00348	0.00174	0.00435	0.00305	0.00348	0.00609
32	0.00665	0.00570	0.00570	0.00570	0.00760	0.00475	0.00428	0.00808	0.01283	0.01520	0.05701	0.05416	0.76483	0.01425	0.00665	0.00190	0.00285	0.01188	0.00523	0.00475
33	0.01167	0.01000	0.01167	0.00834	0.01334	0.00750	0.00667	0.01417	0.01167	0.01834	0.01000	0.01167	0.00834	0.00417	0.00417	0.00083	0.00417	0.00333	0.00333	0.83663
34	0.00817	0.00549	0.00633	0.00633	0.00640	0.00556	0.00365	0.00831	0.00824	0.01106	0.01755	0.03585	0.02003	0.75158	0.07871	0.00570	0.00610	0.00804	0.00338	0.00352
35	0.84197	0.01088	0.00827	0.00740	0.01088	0.01262	0.00609	0.01654	0.00958	0.02525	0.00784	0.00914	0.00609	0.00522	0.00348	0.00174	0.00435	0.00305	0.00348	0.00609
36	0.02139	0.01576	0.01689	0.01295	0.01745	0.01745	0.01070	0.74835	0.02646	0.03547	0.01351	0.01351	0.00957	0.00676	0.00563	0.00169	0.00619	0.00507	0.00563	0.00957
37	0.00792	0.00575	0.00746	0.00703	0.00838	0.00529	0.00527	0.01053	0.01582	0.02232	0.74008	0.04245	0.07733	0.01160	0.00664	0.00177	0.00266	0.01024	0.00616	0.00529
38	0.02102	0.02682	0.01595	0.01450	0.01740	0.77963	0.01087	0.02247	0.01595	0.01377	0.00870	0.01015	0.00725	0.00580	0.00507	0.00145	0.01015	0.00362	0.00290	0.00652
39	0.00686	0.00490	0.00653	0.00784	0.00816	0.00457	0.00522	0.00784	0.01077	0.01437	0.03102	0.79855	0.03722	0.01763	0.00718	0.00229	0.00326	0.01600	0.00522	0.00457
40	0.00935	0.00653	0.00939	0.03322	0.08114	0.00632	0.00773	0.01114	0.01199	0.06434	0.05059	0.45945	0.03161	0.01475	0.00701	0.00224	0.00423	0.17842	0.00505	0.00551
41	0.01018	0.03041	0.01349	0.05792	0.01383	0.01209	0.00982	0.01188	0.00916	0.01344	0.01223	0.06708	0.01205	0.02324	0.32904	0.00508	0.35450	0.00605	0.00287	0.00562
42	0.84197	0.01088	0.00827	0.00740	0.01088	0.01262	0.00609	0.01654	0.00958	0.02525	0.00784	0.00914	0.00609	0.00522	0.00348	0.00174	0.00435	0.00305	0.00348	0.00609
43	0.00796	0.00575	0.00752	0.00708	0.00841	0.00531	0.00531	0.01062	0.01593	0.02257	0.76415	0.04204	0.05310	0.01150	0.00664	0.00177	0.00265	0.01018	0.00619	0.00531
44	0.01545	0.75470	0.02868	0.00984	0.01464	0.02196	0.00970	0.06400	0.01240	0.01467	0.00819	0.00932	0.00737	0.00494	0.00374	0.00123	0.00603	0.00314	0.00262	0.00737
45	0.01226	0.15488	0.55035	0.01746	0.12200	0.01462	0.01848	0.01759	0.01193	0.01714	0.00979	0.01169	0.00738	0.00521	0.00509	0.00167	0.00772	0.00408	0.00244	0.00822
46	0.01637	0.12198	0.01869	0.01421	0.01621	0.34001	0.02979	0.01786	0.01220	0.01371	0.00810	0.01104	0.00734	0.00735	0.01057	0.00186	0.33940	0.00417	0.00265	0.00649
47	0.01129	0.02911	0.77306	0.01604	0.02436	0.01307	0.02079	0.01782	0.01188	0.01782	0.01010	0.01188	0.00713	0.00535	0.00535	0.00178	0.00832	0.00416	0.00238	0.00832
48	0.02139	0.01576	0.01689	0.01295	0.01745	0.01745	0.01070	0.74835	0.02646	0.03547	0.01351	0.01351	0.00957	0.00676	0.00563	0.00169	0.00619	0.00507	0.00563	0.00957
49	0.01389	0.01349	0.02351	0.03384	0.71957	0.01343	0.06428	0.01732	0.01284	0.01836	0.01064	0.01401	0.00889	0.00500	0.00564	0.00169	0.00687	0.00512	0.00279	0.00883

[dist]
# distance from previous block
# <min> <max>
0	5

[block]
# block no. 5 follows, 42 sequences, length 110
# corresponding to MSA columns:
# 326-435
name=unknown_F
#
# <colnr> <probs for GDERKNQSTAVLIFYWHMCP>
#	G	D	E	R	K	N	Q	S	T	A	V	L	I	F	Y	W	H	M	C	P
0	0.00674	0.00570	0.00582	0.00579	0.00765	0.00479	0.00434	0.00824	0.01303	0.01568	0.10293	0.05337	0.71861	0.01407	0.00665	0.00189	0.00284	0.01177	0.00529	0.00479
1	0.01448	0.01233	0.01300	0.01155	0.01482	0.01422	0.00902	0.07656	0.70951	0.02432	0.02230	0.02051	0.01668	0.00758	0.00572	0.00189	0.00457	0.00628	0.00572	0.00895
2	0.02139	0.01576	0.01689	0.01295	0.01745	0.01745	0.01070	0.74835	0.02646	0.03547	0.01351	0.01351	0.00957	0.00676	0.00563	0.00169	0.00619	0.00507	0.00563	0.00957
3	0.01400	0.01209	0.01273	0.01145	0.01463	0.01400	0.00891	0.02990	0.75695	0.02354	0.02291	0.02100	0.01718	0.00764	0.00573	0.00191	0.00445	0.00636	0.00573	0.00891
4	0.02525	0.00958	0.01306	0.01001	0.01437	0.00827	0.00827	0.02743	0.01611	0.77102	0.02220	0.01915	0.01393	0.00697	0.00566	0.00174	0.00479	0.00566	0.00697	0.00958
5	0.84197	0.01088	0.00827	0.00740	0.01088	0.01262	0.00609	0.01654	0.00958	0.02525	0.00784	0.00914	0.00609	0.00522	0.00348	0.00174	0.00435	0.00305	0.00348	0.00609
6	0.84197	0.01088	0.00827	0.00740	0.01088	0.01262	0.00609	0.01654	0.00958	0.02525	0.00784	0.00914	0.00609	0.00522	0.00348	0.00174	0.00435	0.00305	0.00348	0.00609
7	0.84197	0.01088	0.00827	0.00740	0.01088	0.01262	0.00609	0.01654	0.00958	0.02525	0.00784	0.00914	0.00609	0.00522	0.00348	0.00174	0.00435	0.00305	0.00348	0.00609
8	0.01400	0.01209	0.01273	0.01145	0.01463	0.01400	0.00891	0.02990	0.75695	0.02354	0.02291	0.02100	0.01718	0.00764	0.00573	0.00191	0.00445	0.00636	0.00573	0.00891
9	0.00686	0.00490	0.00653	0.00784	0.00816	0.00457	0.00522	0.00784	0.01077	0.01437	0.03102	0.79855	0.03722	0.01763	0.00718	0.00229	0.00326	0.01600	0.00522	0.00457
10	0.01490	0.01234	0.01309	0.01154	0.01487	0.01415	0.00904	0.09071	0.67698	0.04280	0.02209	0.02032	0.01646	0.00754	0.00572	0.00189	0.00461	0.00624	0.00575	0.00898
11	0.00685	0.00492	0.00650	0.00777	0.00815	0.00458	0.00519	0.00784	0.01084	0.01439	0.03181	0.77579	0.05946	0.01753	0.00717	0.00227	0.00325	0.01587	0.00522	0.00458
12	0.01129	0.02911	0.77306	0.01604	0.02436	0.01307	0.02079	0.01782	0.01188	0.01782	0.01010	0.01188	0.00713	0.00535	0.00535	0.00178	0.00832	0.00416	0.00238	0.00832
13	0.00818	0.00546	0.00614	0.00614	0.00614	0.00546	0.00341	0.00818	0.00818	0.01091	0.01773	0.03683	0.02046	0.80222	0.02864	0.00546	0.00546	0.00818	0.00341	0.00341
14	0.84197	0.01088	0.00827	0.00740	0.01088	0.01262	0.00609	0.01654	0.00958	0.02525	0.00784	0.00914	0.00609	0.00522	0.00348	0.00174	0.00435	0.00305	0.00348	0.00609
15	0.00767	0.00572	0.00712	0.00681	0.00824	0.00518	0.00509	0.01003	0.01517	0.02085	0.60061	0.06256	0.19974	0.01222	0.00665	0.00181	0.00271	0.01067	0.00597	0.00518
16	0.00686	0.00490	0.00653	0.00784	0.00816	0.00457	0.00522	0.00784	0.01077	0.01437	0.03102	0.79855	0.03722	0.01763	0.00718	0.00229	0.00326	0.01600	0.00522	0.00457
17	0.02139	0.01576	0.01689	0.01295	0.01745	0.01745	0.01070	0.74835	0.02646	0.03547	0.01351	0.01351	0.00957	0.00676	0.00563	0.00169	0.00619	0.00507	0.00563	0.00957
18	0.01064	0.01008	0.01703	0.73616	0.03733	0.01247	0.03324	0.01431	0.01128	0.01447	0.01104	0.01584	0.02465	0.00589	0.00594	0.00189	0.02373	0.00520	0.00257	0.00625
19	0.00686	0.00490	0.00653	0.00784	0.00816	0.00457	0.00522	0.00784	0.01077	0.01437	0.03102	0.79855	0.03722	0.01763	0.00718	0.00229	0.00326	0.01600	0.00522	0.00457
20	0.01412	0.01185	0.01255	0.01126	0.01444	0.01359	0.00877	0.02925	0.71571	0.04482	0.02380	0.02183	0.03710	0.00779	0.00575	0.00190	0.00442	0.00649	0.00575	0.00882
21	0.11481	0.06075	0.01587	0.01395	0.03510	0.63748	0.01043	0.02140	0.01493	0.01518	0.00861	0.01007	0.00716	0.00567	0.00484	0.00148	0.00921	0.00356	0.00294	0.00657
22	0.01720	0.52446	0.02460	0.01139	0.01551	0.29568	0.01008	0.01888	0.01306	0.01343	0.00814	0.00943	0.00723	0.00517	0.00414	0.00129	0.00751	0.00323	0.00259	0.00697
23	0.01290	0.01059	0.01216	0.00903	0.01377	0.00889	0.00722	0.06261	0.09800	0.03927	0.01201	0.01304	0.00957	0.00480	0.00448	0.00103	0.00434	0.00385	0.00385	0.66858
24	0.00770	0.00740	0.05649	0.00711	0.00921	0.00575	0.00591	0.01033	0.03184	0.01877	0.36002	0.04536	0.38895	0.01232	0.00654	0.00184	0.00316	0.01051	0.00547	0.00532
25	0.00817	0.00553	0.00650	0.00650	0.00662	0.00565	0.00386	0.00841	0.00829	0.01118	0.01740	0.03501	0.01967	0.70832	0.12147	0.00590	0.00664	0.00792	0.00336	0.00361
26	0.01138	0.02845	0.73812	0.01640	0.02460	0.01312	0.05508	0.01783	0.01195	0.01783	0.01016	0.01204	0.00720	0.00532	0.00541	0.00179	0.00837	0.00428	0.00240	0.00828
27	0.01286	0.01585	0.10429	0.10482	0.10035	0.01385	0.52736	0.01755	0.01288	0.01765	0.01103	0.01471	0.00832	0.00492	0.00630	0.00186	0.00889	0.00606	0.00276	0.00765
28	0.00877	0.00593	0.00778	0.00722	0.00868	0.00545	0.00545	0.01140	0.01594	0.05734	0.72968	0.04097	0.05128	0.01129	0.00659	0.00177	0.00275	0.00997	0.00623	0.00551
29	0.01672	0.01162	0.01291	0.01117	0.01465	0.01281	0.00881	0.04858	0.57133	0.19141	0.02250	0.02038	0.01625	0.00746	0.00571	0.00187	0.00458	0.00617	0.00600	0.00908
30	0.01381	0.01320	0.02250	0.03394	0.74839	0.01320	0.01707	0.01713	0.01282	0.01835	0.01106	0.01516	0.00950	0.00528	0.00563	0.00169	0.00665	0.02297	0.00285	0.00882
31	0.01984	0.02481	0.01636	0.06572	0.05381	0.67855	0.01151	0.02152	0.01535	0.01402	0.00885	0.01068	0.00735	0.00583	0.00540	0.00151	0.02562	0.00381	0.00286	0.00661
32	0.02457	0.01067	0.01374	0.01053	0.01491	0.00990	0.00870	0.15502	0.01794	0.64084	0.02066	0.01816	0.01316	0.00693	0.00565	0.00173	0.00504	0.00555	0.00673	0.00958
33	0.00796	0.00575	0.00752	0.00708	0.00841	0.00531	0.00531	0.01062	0.01593	0.02257	0.76415	0.04204	0.05310	0.01150	0.00664	0.00177	0.00265	0.01018	0.00619	0.00531
34	0.01031	0.00958	0.01569	0.63966	0.03339	0.01192	0.01416	0.01355	0.01100	0.01432	0.01227	0.10665	0.01098	0.00735	0.00676	0.00197	0.06528	0.00628	0.00282	0.00605
35	0.82018	0.01085	0.00840	0.00747	0.01098	0.01251	0.00615	0.01683	0.00975	0.04515	0.00822	0.00941	0.00630	0.00527	0.00354	0.00174	0.00436	0.00312	0.00358	0.00619
36	0.00678	0.00521	0.00620	0.00699	0.00794	0.00464	0.00485	0.00793	0.01158	0.01470	0.04127	0.50505	0.32411	0.01630	0.00697	0.00213	0.00310	0.01437	0.00522	0.00464
37	0.00978	0.00489	0.00733	0.00733	0.00733	0.00489	0.00489	0.00733	0.00733	0.00978	0.00978	0.01711	0.00978	0.01955	0.02199	0.83627	0.00489	0.00489	0.00244	0.00244
38	0.02439	0.00999	0.01322	0.01017	0.01445	0.00897	0.00839	0.08879	0.01699	0.68501	0.04414	0.01937	0.01475	0.00709	0.00569	0.00174	0.00484	0.00575	0.00683	0.00945
39	0.01085	0.01024	0.01778	0.68658	0.03649	0.01233	0.07899	0.01464	0.01145	0.01499	0.01050	0.01529	0.00790	0.00559	0.00564	0.00185	0.00746	0.00516	0.03994	0.00632
40	0.01063	0.01000	0.01688	0.78870	0.03876	0.01250	0.01563	0.01438	0.01125	0.01438	0.01000	0.01500	0.00750	0.00563	0.00563	0.00188	0.00750	0.00500	0.00250	0.00625
41	0.02139	0.01576	0.01689	0.01295	0.01745	0.01745	0.01070	0.74835	0.02646	0.03547	0.01351	0.01351	0.00957	0.00676	0.00563	0.00169	0.00619	0.00507	0.00563	0.00957
42	0.01385	0.01410	0.04389	0.16989	0.53057	0.06144	0.01634	0.03338	0.02970	0.01783	0.01069	0.01397	0.00870	0.00528	0.00555	0.00170	0.00704	0.00493	0.00286	0.00827
43	0.00680	0.00513	0.00629	0.00723	0.00800	0.00462	0.00495	0.00790	0.01136	0.01460	0.03843	0.58637	0.24462	0.01667	0.00703	0.00218	0.00315	0.01482	0.00522	0.00462
44	0.07327	0.16468	0.01786	0.01317	0.01645	0.59475	0.01034	0.02108	0.01473	0.01442	0.00849	0.00988	0.00717	0.00559	0.00471	0.00142	0.00904	0.00348	0.00285	0.00662
45	0.00686	0.00490	0.00653	0.00784	0.00816	0.00457	0.00522	0.00784	0.01077	0.01437	0.03102	0.79855	0.03722	0.01763	0.00718	0.00229	0.00326	0.01600	0.00522	0.00457
46	0.00796	0.00575	0.00752	0.00708	0.00841	0.00531	0.00531	0.01062	0.01593	0.02257	0.76415	0.04204	0.05310	0.01150	0.00664	0.00177	0.00265	0.01018	0.00619	0.00531
47	0.84197	0.01088	0.00827	0.00740	0.01088	0.01262	0.00609	0.01654	0.00958	0.02525	0.00784	0.00914	0.00609	0.00522	0.00348	0.00174	0.00435	0.00305	0.00348	0.00609
48	0.07829	0.00966	0.01275	0.00984	0.01414	0.00855	0.00813	0.02672	0.01568	0.72259	0.02127	0.01850	0.01342	0.00685	0.00552	0.00174	0.00476	0.00549	0.00674	0.00935
49	0.01231	0.01231	0.01724	0.01477	0.01477	0.01724	0.01231	0.01354	0.00862	0.01354	0.00739	0.01231	0.00739	0.00985	0.01847	0.00246	0.79192	0.00492	0.00246	0.00616
50	0.00665	0.00570	0.00570	0.00570	0.00760	0.00475	0.00428	0.00808	0.01283	0.01520	0.05701	0.05416	0.76483	0.01425	0.00665	0.00190	0.00285	0.01188	0.00523	0.00475
51	0.02008	0.14941	0.01808	0.01373	0.01693	0.66041	0.01068	0.02159	0.01524	0.01369	0.00856	0.00997	0.00724	0.00564	0.00484	0.00141	0.00950	0.00353	0.00282	0.00663
52	0.00793	0.00575	0.00748	0.00704	0.00839	0.00530	0.00528	0.01055	0.01585	0.02238	0.74605	0.04235	0.07131	0.01158	0.00664	0.00177	0.00266	0.01022	0.00617	0.00530
53	0.00818	0.00546	0.00614	0.00614	0.00614	0.00546	0.00341	0.00818	0.00818	0.01091	0.01773	0.03683	0.02046	0.80222	0.02864	0.00546	0.00546	0.00818	0.00341	0.00341
54	0.01500	0.01259	0.01329	0.01166	0.01502	0.01447	0.00915	0.12754	0.65768	0.02516	0.02163	0.01998	0.01614	0.00752	0.00571	0.00188	0.00469	0.00619	0.00571	0.00900
55	0.78869	0.01120	0.00883	0.00776	0.01131	0.01294	0.00639	0.06407	0.01067	0.02591	0.00820	0.00943	0.00632	0.00532	0.00362	0.00174	0.00447	0.00318	0.00362	0.00632
56	0.01154	0.08058	0.72378	0.01562	0.02370	0.01368	0.02005	0.01776	0.01185	0.01752	0.00995	0.01169	0.00714	0.00531	0.00523	0.00174	0.00816	0.00408	0.00238	0.00824
57	0.00978	0.00489	0.00733	0.00733	0.00733	0.00489	0.00489	0.00733	0.00733	0.00978	0.00978	0.01711	0.00978	0.01955	0.02199	0.83627	0.00489	0.00489	0.00244	0.00244
58	0.01400	0.01209	0.01273	0.01145	0.01463	0.01400	0.00891	0.02990	0.75695	0.02354	0.02291	0.02100	0.01718	0.00764	0.00573	0.00191	0.00445	0.00636	0.00573	0.00891
59	0.01322	0.01499	0.03217	0.02314	0.02846	0.01443	0.69899	0.01774	0.01298	0.01774	0.01113	0.01499	0.00846	0.00508	0.00741	0.00193	0.06030	0.00653	0.00282	0.00750
60	0.01378	0.01317	0.02243	0.03383	0.74473	0.01317	0.01703	0.01710	0.01282	0.01834	0.01115	0.01540	0.00961	0.00533	0.00564	0.00170	0.00664	0.02647	0.00286	0.00880
61	0.01505	0.80561	0.02949	0.00963	0.01444	0.02227	0.00963	0.01685	0.01143	0.01324	0.00782	0.00903	0.00722	0.00481	0.00361	0.00120	0.00602	0.00301	0.00241	0.00722
62	0.02525	0.00958	0.01306	0.01001	0.01437	0.00827	0.00827	0.02743	0.01611	0.77102	0.02220	0.01915	0.01393	0.00697	0.00566	0.00174	0.00479	0.00566	0.00697	0.00958
63	0.84197	0.01088	0.00827	0.00740	0.01088	0.01262	0.00609	0.01654	0.00958	0.02525	0.00784	0.00914	0.00609	0.00522	0.00348	0.00174	0.00435	0.00305	0.00348	0.00609
64	0.00665	0.00570	0.00570	0.00570	0.00760	0.00475	0.00428	0.00808	0.01283	0.01520	0.05701	0.05416	0.76483	0.01425	0.00665	0.00190	0.00285	0.01188	0.00523	0.00475
65	0.84197	0.01088	0.00827	0.00740	0.01088	0.01262	0.00609	0.01654	0.00958	0.02525	0.00784	0.00914	0.00609	0.00522	0.00348	0.00174	0.00435	0.00305	0.00348	0.00609
66	0.01400	0.01209	0.01273	0.01145	0.01463	0.01400	0.00891	0.02990	0.75695	0.02354	0.02291	0.02100	0.01718	0.00764	0.00573	0.00191	0.00445	0.00636	0.00573	0.00891
67	0.02139	0.01576	0.01689	0.01295	0.01745	0.01745	0.01070	0.74835	0.02646	0.03547	0.01351	0.01351	0.00957	0.00676	0.00563	0.00169	0.00619	0.00507	0.00563	0.00957
