[name]
unknown

[dist]
# distance from previous block
# <min> <max>
0	29

[block]
# block no. 0 follows, 49 sequences, length 12
# corresponding to MSA columns:
# 29-40
name=unknown_A
#
# <colnr> <probs for GDERKNQSTAVLIFYWHMCP>
#	G	D	E	R	K	N	Q	S	T	A	V	L	I	F	Y	W	H	M	C	P
0	0.03859	0.19075	0.04850	0.12028	0.03248	0.15459	0.00973	0.08141	0.01301	0.16973	0.01137	0.01322	0.00875	0.00545	0.00450	0.00140	0.00599	0.03007	0.00348	0.05671
1	0.05930	0.00977	0.02463	0.05842	0.10738	0.00928	0.00830	0.10020	0.09157	0.07224	0.11861	0.03851	0.01490	0.00598	0.00472	0.00135	0.00432	0.00502	0.00396	0.26155
2	0.22155	0.16980	0.10192	0.01084	0.04550	0.02968	0.00956	0.27889	0.01492	0.05909	0.00976	0.01045	0.00731	0.00519	0.00420	0.00145	0.00537	0.00366	0.00362	0.00723
3	0.00708	0.00479	0.00560	0.00587	0.00593	0.00472	0.00344	0.00728	0.00789	0.01052	0.01868	0.21402	0.02185	0.63662	0.02130	0.00425	0.00445	0.00897	0.00344	0.00330
4	0.01202	0.00798	0.00990	0.06764	0.01211	0.00839	0.00698	0.12148	0.08853	0.13365	0.22112	0.06502	0.05570	0.08539	0.00789	0.00197	0.03908	0.02622	0.02287	0.00607
5	0.00787	0.08117	0.00769	0.00619	0.00667	0.00621	0.00403	0.00803	0.00791	0.01041	0.01609	0.13668	0.01837	0.54366	0.04812	0.07173	0.00495	0.00758	0.00312	0.00351
6	0.01191	0.35411	0.29598	0.01081	0.01607	0.01482	0.01187	0.01684	0.11623	0.01505	0.00980	0.01072	0.00778	0.00479	0.00411	0.00132	0.00579	0.00351	0.00264	0.08585
7	0.24249	0.16636	0.01428	0.00884	0.01264	0.01101	0.06853	0.01595	0.01082	0.16040	0.02518	0.04483	0.00950	0.00524	0.00406	0.00133	0.00454	0.00408	0.00355	0.18635
8	0.05347	0.06925	0.04288	0.00790	0.01118	0.00840	0.00659	0.01531	0.11667	0.10969	0.03300	0.08160	0.08510	0.02608	0.00505	0.00141	0.00388	0.00556	0.05391	0.26309
9	0.10563	0.07887	0.06332	0.01236	0.01668	0.01494	0.11425	0.48492	0.01871	0.02623	0.01075	0.01153	0.00785	0.00546	0.00482	0.00152	0.00590	0.00436	0.00411	0.00779
10	0.11792	0.36402	0.01818	0.00907	0.01294	0.01526	0.00811	0.20533	0.01425	0.12598	0.05614	0.01213	0.01015	0.00543	0.00410	0.00134	0.00494	0.00388	0.00376	0.00708
11	0.07978	0.20307	0.35625	0.01162	0.01695	0.03635	0.01279	0.08786	0.11748	0.01769	0.01028	0.01111	0.00780	0.00510	0.00438	0.00148	0.00611	0.00376	0.00292	0.00722

[dist]
# distance from previous block
# <min> <max>
0	56

[block]
# block no. 1 follows, 49 sequences, length 42
# corresponding to MSA columns:
# 97-138
name=unknown_B
#
# <colnr> <probs for GDERKNQSTAVLIFYWHMCP>
#	G	D	E	R	K	N	Q	S	T	A	V	L	I	F	Y	W	H	M	C	P
0	0.09706	0.06900	0.01329	0.13281	0.16541	0.02524	0.00919	0.03758	0.01222	0.09850	0.19838	0.04801	0.01839	0.00662	0.00492	0.00151	0.00464	0.00564	0.00382	0.04778
1	0.05138	0.04358	0.06901	0.15950	0.14680	0.01202	0.01119	0.16600	0.04662	0.09632	0.01102	0.01257	0.00826	0.00534	0.00531	0.00150	0.04548	0.00425	0.00348	0.10037
2	0.08968	0.03650	0.09360	0.12003	0.15545	0.21300	0.02286	0.02931	0.06183	0.03159	0.05595	0.01302	0.00994	0.00532	0.00469	0.00147	0.00640	0.00423	0.00300	0.04212
3	0.04725	0.01086	0.05282	0.19776	0.24642	0.02318	0.05400	0.02593	0.03645	0.12854	0.10170	0.01626	0.01300	0.00566	0.00509	0.00157	0.00558	0.00509	0.00348	0.01935
4	0.01443	0.08666	0.01633	0.03272	0.25879	0.03352	0.03971	0.01702	0.02341	0.20035	0.05803	0.01440	0.01120	0.00530	0.00505	0.00139	0.02689	0.00454	0.00366	0.14660
5	0.01441	0.00971	0.01226	0.06165	0.05393	0.01008	0.02705	0.14226	0.20178	0.18417	0.15180	0.01993	0.01798	0.02672	0.00571	0.00165	0.00444	0.00579	0.00491	0.04376
6	0.01178	0.01359	0.04456	0.02111	0.05546	0.01250	0.70511	0.01597	0.01196	0.01633	0.03285	0.01424	0.00883	0.00446	0.00591	0.00169	0.00823	0.00596	0.00263	0.00682
7	0.01922	0.01416	0.01518	0.01163	0.01568	0.01568	0.00961	0.77388	0.02378	0.03187	0.01214	0.01214	0.00860	0.00607	0.00506	0.00152	0.00556	0.00455	0.00506	0.00860
8	0.01120	0.00897	0.01056	0.00758	0.01204	0.00678	0.00608	0.01343	0.01072	0.06201	0.00963	0.01088	0.00778	0.00389	0.00382	0.00080	0.00378	0.00312	0.00319	0.80376
9	0.00878	0.00439	0.00659	0.00659	0.00659	0.00439	0.00439	0.00659	0.00659	0.00878	0.00878	0.01537	0.00878	0.01757	0.01976	0.85288	0.00439	0.00439	0.00220	0.00220
10	0.01191	0.44379	0.39391	0.01140	0.01723	0.01606	0.01344	0.01556	0.01047	0.01386	0.00801	0.00934	0.00645	0.00455	0.00399	0.00133	0.00639	0.00320	0.00215	0.00696
11	0.00735	0.00490	0.00552	0.00552	0.00552	0.00490	0.00306	0.00735	0.00735	0.00980	0.01593	0.03309	0.01838	0.82229	0.02574	0.00490	0.00490	0.00735	0.00306	0.00306
12	0.05407	0.01196	0.01349	0.01049	0.01437	0.01262	0.00863	0.44984	0.07051	0.27853	0.01503	0.01408	0.01020	0.00613	0.00499	0.00155	0.00498	0.00473	0.00538	0.00843
13	0.10953	0.01214	0.01381	0.01180	0.06862	0.01291	0.00902	0.44351	0.03534	0.21240	0.01346	0.01311	0.00931	0.00587	0.00486	0.00154	0.00508	0.00451	0.00496	0.00821
14	0.00724	0.00537	0.00789	0.00789	0.00872	0.00619	0.00603	0.00888	0.00806	0.01157	0.01376	0.02105	0.01316	0.10816	0.73272	0.00784	0.01277	0.00559	0.00274	0.00438
15	0.01833	0.01262	0.01386	0.01095	0.01472	0.01377	0.00894	0.50114	0.18391	0.14508	0.01512	0.01434	0.01065	0.00627	0.00508	0.00157	0.00504	0.00488	0.00526	0.00847
16	0.01283	0.02229	0.56377	0.01450	0.06582	0.04942	0.01609	0.07300	0.01231	0.10753	0.01053	0.01158	0.00738	0.00507	0.00486	0.00157	0.00696	0.00398	0.00287	0.00764
17	0.01861	0.10779	0.01599	0.01097	0.01498	0.01524	0.00921	0.57904	0.05472	0.10403	0.01269	0.01247	0.00904	0.00592	0.00485	0.00148	0.00535	0.00444	0.00484	0.00833
18	0.00878	0.00827	0.09922	0.00771	0.00990	0.00633	0.00677	0.05631	0.01446	0.04827	0.62374	0.03236	0.03932	0.00929	0.00574	0.00159	0.00324	0.00810	0.00516	0.00545
19	0.09822	0.01166	0.05855	0.01058	0.05054	0.10072	0.00852	0.03616	0.01356	0.49094	0.03827	0.01538	0.01153	0.00671	0.02434	0.00169	0.00529	0.00466	0.00499	0.00769
20	0.11098	0.19089	0.37580	0.01193	0.01750	0.01311	0.05817	0.01713	0.04776	0.09729	0.01016	0.01109	0.00746	0.00491	0.00439	0.00149	0.00619	0.00377	0.00286	0.00714
21	0.01025	0.02440	0.70532	0.01428	0.02088	0.01218	0.01780	0.01557	0.01034	0.01557	0.00879	0.01072	0.00643	0.00527	0.00618	0.00167	0.10114	0.00382	0.00214	0.00725
22	0.10955	0.01091	0.01455	0.01251	0.01287	0.01501	0.01041	0.01248	0.00784	0.01339	0.00668	0.01073	0.00650	0.00837	0.01503	0.00214	0.71895	0.00423	0.00232	0.00553
23	0.03525	0.01028	0.05038	0.05713	0.01451	0.02177	0.00841	0.07930	0.11635	0.47890	0.02904	0.01713	0.01248	0.03844	0.00586	0.00172	0.00472	0.00510	0.00532	0.00791
24	0.01042	0.01278	0.15232	0.59322	0.03058	0.04925	0.01443	0.01404	0.01044	0.03020	0.00912	0.01279	0.00679	0.00515	0.00530	0.00166	0.02882	0.00431	0.00233	0.00602
25	0.00950	0.00851	0.01418	0.69451	0.03094	0.01056	0.01284	0.01216	0.00964	0.01242	0.00890	0.01363	0.00698	0.00662	0.00709	0.10068	0.02892	0.00448	0.00224	0.00522
26	0.05489	0.01364	0.01535	0.18575	0.10937	0.12436	0.01124	0.29494	0.01557	0.02063	0.00969	0.01174	0.00747	0.00580	0.00619	0.00160	0.09711	0.00425	0.00340	0.00701
27	0.01195	0.01020	0.01089	0.00983	0.01250	0.01167	0.00763	0.02486	0.69239	0.02105	0.10983	0.02106	0.01919	0.00726	0.00524	0.00170	0.00381	0.00612	0.00519	0.00763
28	0.01331	0.01240	0.01177	0.01061	0.01344	0.10437	0.00821	0.02609	0.69239	0.02013	0.01910	0.01773	0.01440	0.00667	0.00508	0.00167	0.00460	0.00543	0.00485	0.00775
29	0.01845	0.01378	0.01474	0.01148	0.01539	0.01532	0.00942	0.68702	0.11190	0.03062	0.01312	0.01292	0.00939	0.00616	0.00507	0.00154	0.00538	0.00469	0.00507	0.00853
30	0.00645	0.00511	0.00580	0.00570	0.00714	0.00446	0.00425	0.00814	0.01252	0.01620	0.33735	0.08133	0.46364	0.01199	0.00599	0.00168	0.00251	0.01025	0.00504	0.00446
31	0.01340	0.79662	0.05414	0.00886	0.01330	0.01971	0.00901	0.01517	0.01029	0.01204	0.00710	0.00820	0.00649	0.00434	0.00330	0.00110	0.00548	0.00274	0.00216	0.00652
32	0.01166	0.09607	0.18481	0.01203	0.01546	0.01106	0.14075	0.01427	0.01007	0.10431	0.01168	0.01700	0.01024	0.18503	0.04315	0.00263	0.11571	0.00512	0.00293	0.00605
33	0.01252	0.01201	0.02053	0.03104	0.79074	0.01201	0.01552	0.01552	0.01151	0.01652	0.00951	0.01252	0.00801	0.00451	0.00501	0.00150	0.00601	0.00451	0.00250	0.00801
34	0.00598	0.00512	0.00512	0.00512	0.00683	0.00427	0.00384	0.00726	0.01153	0.01366	0.05123	0.04866	0.78869	0.01281	0.00598	0.00171	0.00256	0.01067	0.00470	0.00427
35	0.01727	0.01275	0.01498	0.01261	0.06129	0.01387	0.03903	0.54865	0.06966	0.06813	0.01349	0.04226	0.01026	0.00780	0.04231	0.00187	0.00582	0.00510	0.00476	0.00811
36	0.01249	0.01282	0.05898	0.10902	0.41015	0.02499	0.21447	0.01589	0.01156	0.05214	0.01004	0.01297	0.00787	0.00468	0.00544	0.00159	0.02003	0.00486	0.00264	0.00737
37	0.01565	0.00729	0.00988	0.05574	0.01210	0.00668	0.00677	0.03234	0.01343	0.43186	0.16761	0.14160	0.04329	0.02456	0.00588	0.00172	0.00387	0.00740	0.00553	0.00680
38	0.00788	0.00681	0.01050	0.39145	0.03459	0.00768	0.00927	0.01003	0.01011	0.01306	0.02096	0.33806	0.09964	0.01016	0.00571	0.00183	0.00477	0.00908	0.00348	0.00492
39	0.01327	0.01450	0.10423	0.07467	0.06703	0.05939	0.32308	0.15032	0.01376	0.03993	0.01145	0.04509	0.00923	0.00563	0.00576	0.00166	0.02689	0.02396	0.00316	0.00699
40	0.10165	0.01349	0.07675	0.11375	0.03024	0.05080	0.25285	0.13479	0.01299	0.06462	0.01038	0.02518	0.00794	0.00548	0.00612	0.00167	0.07651	0.00486	0.00317	0.00678
41	0.02302	0.00958	0.05942	0.31979	0.08837	0.00960	0.02595	0.07864	0.01161	0.01589	0.01463	0.14511	0.01405	0.00778	0.00537	0.00173	0.00550	0.09344	0.03424	0.03628

[dist]
# distance from previous block
# <min> <max>
30	119

[block]
# block no. 2 follows, 49 sequences, length 88
# corresponding to MSA columns:
# 274-361
name=unknown_C
#
# <colnr> <probs for GDERKNQSTAVLIFYWHMCP>
#	G	D	E	R	K	N	Q	S	T	A	V	L	I	F	Y	W	H	M	C	P
0	0.17430	0.07216	0.04350	0.01041	0.06311	0.02457	0.02250	0.07194	0.04984	0.20832	0.14939	0.01705	0.01576	0.00638	0.00513	0.00154	0.03447	0.00500	0.00435	0.02027
1	0.25524	0.04020	0.01154	0.05374	0.11251	0.05229	0.00789	0.05464	0.01219	0.12382	0.16537	0.01694	0.01580	0.02107	0.00492	0.00157	0.00452	0.00487	0.00394	0.03696
2	0.06645	0.29146	0.27781	0.03015	0.06972	0.05042	0.01228	0.01679	0.05588	0.05774	0.00949	0.01060	0.00738	0.00482	0.00420	0.00140	0.00607	0.00355	0.00267	0.02114
3	0.01494	0.01139	0.01412	0.03173	0.20675	0.06296	0.00965	0.12308	0.07753	0.15685	0.04727	0.01430	0.01104	0.00538	0.00478	0.00136	0.00504	0.00451	0.00399	0.19332
4	0.03828	0.04962	0.01830	0.04198	0.49291	0.01248	0.01289	0.12669	0.02725	0.04661	0.01018	0.01228	0.00816	0.00490	0.00506	0.00147	0.02364	0.00433	0.00308	0.05989
5	0.01492	0.03294	0.01493	0.01226	0.07560	0.07055	0.06512	0.26805	0.01558	0.06186	0.01101	0.02857	0.00862	0.00513	0.00462	0.00126	0.00534	0.00421	0.00377	0.29566
6	0.00735	0.00490	0.00552	0.00552	0.00552	0.00490	0.00306	0.00735	0.00735	0.00980	0.01593	0.03309	0.01838	0.82229	0.02574	0.00490	0.00490	0.00735	0.00306	0.00306
7	0.00735	0.00490	0.00552	0.00552	0.00552	0.00490	0.00306	0.00735	0.00735	0.00980	0.01593	0.03309	0.01838	0.82229	0.02574	0.00490	0.00490	0.00735	0.00306	0.00306
8	0.04117	0.02732	0.02933	0.00978	0.01379	0.01016	0.00825	0.23164	0.01675	0.53223	0.01698	0.01527	0.01101	0.00610	0.00499	0.00154	0.00473	0.00480	0.00568	0.00846
9	0.01599	0.01215	0.01361	0.01103	0.04484	0.01249	0.00861	0.43755	0.09040	0.04923	0.01218	0.01248	0.00903	0.00544	0.00470	0.00132	0.00489	0.00424	0.00442	0.24541
10	0.01856	0.01214	0.01342	0.01049	0.01411	0.04098	0.00858	0.45790	0.01962	0.21649	0.08653	0.01562	0.01309	0.00650	0.00536	0.00153	0.02306	0.00503	0.00521	0.02578
11	0.01181	0.31228	0.46466	0.01212	0.01807	0.01470	0.01442	0.01585	0.01055	0.04066	0.00862	0.00999	0.00665	0.00483	0.00468	0.00144	0.03586	0.00344	0.00229	0.00709
12	0.85801	0.00978	0.00743	0.00665	0.00978	0.01134	0.00548	0.01486	0.00861	0.02269	0.00704	0.00821	0.00548	0.00469	0.00313	0.00156	0.00391	0.00274	0.00313	0.00548
13	0.01643	0.00786	0.01015	0.00834	0.01125	0.00732	0.00668	0.03448	0.10272	0.43984	0.26885	0.02397	0.02419	0.00765	0.00538	0.00159	0.00367	0.00646	0.00588	0.00729
14	0.01875	0.01397	0.01524	0.01229	0.04348	0.01544	0.00977	0.72022	0.05009	0.03094	0.01234	0.01239	0.00882	0.00604	0.00506	0.00152	0.00553	0.00459	0.00497	0.00856
15	0.00735	0.00492	0.00559	0.00559	0.00562	0.00495	0.00316	0.00740	0.00738	0.00986	0.01586	0.03269	0.01821	0.79832	0.04946	0.00500	0.00517	0.00729	0.00305	0.00311
16	0.01275	0.01264	0.01664	0.04552	0.02923	0.08271	0.08500	0.11111	0.01095	0.01520	0.00810	0.01162	0.00715	0.00820	0.03109	0.00210	0.49670	0.00452	0.00266	0.00610
17	0.02269	0.00861	0.01174	0.00900	0.01291	0.00743	0.00743	0.02464	0.01447	0.79425	0.01995	0.01721	0.01252	0.00626	0.00509	0.00156	0.00430	0.00509	0.00626	0.00861
18	0.01720	0.13115	0.01614	0.02838	0.06408	0.57802	0.00987	0.04604	0.01378	0.01333	0.00932	0.01060	0.03058	0.00531	0.00448	0.00131	0.00804	0.00356	0.00268	0.00613
19	0.01896	0.01403	0.01503	0.01158	0.01558	0.01556	0.00955	0.74392	0.05417	0.03144	0.01248	0.01241	0.00887	0.00610	0.00506	0.00153	0.00550	0.00460	0.00506	0.00858
20	0.00735	0.00490	0.00552	0.00552	0.00552	0.00490	0.00306	0.00735	0.00735	0.00980	0.01593	0.03309	0.01838	0.82229	0.02574	0.00490	0.00490	0.00735	0.00306	0.00306
21	0.08082	0.00558	0.00690	0.00774	0.00884	0.00550	0.00615	0.00924	0.01068	0.01482	0.02865	0.31736	0.12801	0.01367	0.00633	0.00209	0.00372	0.33490	0.00454	0.00449
22	0.01062	0.10510	0.65963	0.01437	0.02135	0.01265	0.07620	0.01594	0.01073	0.01562	0.00896	0.01065	0.00651	0.00471	0.00474	0.00156	0.00735	0.00381	0.00217	0.00732
23	0.00616	0.00442	0.00585	0.00700	0.00732	0.00411	0.00467	0.00705	0.00972	0.01293	0.02839	0.80173	0.05036	0.01577	0.00644	0.00205	0.00293	0.01429	0.00469	0.00411
24	0.01741	0.02158	0.01474	0.01371	0.04314	0.64756	0.01018	0.01874	0.01317	0.01249	0.00769	0.00955	0.00659	0.00577	0.00650	0.00146	0.13780	0.00349	0.00254	0.00589
25	0.00617	0.00453	0.00580	0.00676	0.00727	0.00415	0.00458	0.00716	0.01010	0.01328	0.05863	0.68624	0.13631	0.01523	0.00637	0.00199	0.00286	0.01368	0.00473	0.00415
26	0.01922	0.01416	0.01518	0.01163	0.01568	0.01568	0.00961	0.77388	0.02378	0.03187	0.01214	0.01214	0.00860	0.00607	0.00506	0.00152	0.00556	0.00455	0.00506	0.00860
27	0.00955	0.00899	0.01517	0.81013	0.03483	0.01123	0.01404	0.01292	0.01011	0.01292	0.00899	0.01348	0.00674	0.00506	0.00506	0.00169	0.00674	0.00449	0.00225	0.00562
28	0.01100	0.00929	0.01076	0.00774	0.01220	0.00727	0.00621	0.05787	0.01127	0.01739	0.00917	0.01058	0.00756	0.00388	0.00382	0.00079	0.00385	0.00309	0.00312	0.80311
29	0.00616	0.00440	0.00587	0.00704	0.00733	0.00411	0.00469	0.00704	0.00968	0.01291	0.02787	0.81899	0.03344	0.01584	0.00645	0.00205	0.00293	0.01438	0.00469	0.00411
30	0.00627	0.00456	0.00592	0.00679	0.00732	0.00421	0.00463	0.00738	0.01044	0.01393	0.12831	0.65110	0.10074	0.01487	0.00635	0.00196	0.00283	0.01338	0.00481	0.00421
31	0.00962	0.00906	0.01530	0.79045	0.05393	0.01125	0.01408	0.01299	0.01015	0.01301	0.00900	0.01346	0.00677	0.00504	0.00505	0.00168	0.00672	0.00449	0.00225	0.00568
32	0.02269	0.00861	0.01174	0.00900	0.01291	0.00743	0.00743	0.02464	0.01447	0.79425	0.01995	0.01721	0.01252	0.00626	0.00509	0.00156	0.00430	0.00509	0.00626	0.00861
33	0.00943	0.00471	0.00471	0.00471	0.00589	0.00471	0.00353	0.01178	0.01060	0.01885	0.01650	0.01885	0.01296	0.00589	0.00353	0.00118	0.00236	0.00471	0.85036	0.00471
34	0.01031	0.05487	0.75028	0.01436	0.02167	0.01207	0.03590	0.01599	0.01069	0.01587	0.00903	0.01065	0.00644	0.00477	0.00477	0.00158	0.00742	0.00375	0.00215	0.00742
35	0.01974	0.00886	0.01160	0.00971	0.03802	0.00821	0.00759	0.02367	0.13607	0.59786	0.03815	0.01902	0.04431	0.00665	0.00515	0.00159	0.00420	0.00548	0.00588	0.00823
36	0.00616	0.00440	0.00587	0.00704	0.00733	0.00411	0.00469	0.00704	0.00968	0.01291	0.02787	0.81899	0.03344	0.01584	0.00645	0.00205	0.00293	0.01438	0.00469	0.00411
37	0.83490	0.00981	0.00754	0.00675	0.00987	0.01138	0.00555	0.01519	0.02973	0.02265	0.00741	0.00851	0.00575	0.00475	0.00318	0.00157	0.00391	0.00282	0.00318	0.00555
38	0.00723	0.00540	0.00806	0.00806	0.00893	0.00628	0.00623	0.00898	0.00811	0.01169	0.01361	0.02023	0.01280	0.05936	0.78102	0.00804	0.01331	0.00547	0.00272	0.00448
39	0.01416	0.01234	0.01690	0.07147	0.13115	0.05869	0.12788	0.15935	0.14710	0.07258	0.01334	0.01496	0.02603	0.02312	0.00678	0.00173	0.08634	0.00510	0.00372	0.00725
40	0.01263	0.01303	0.04708	0.02919	0.68693	0.04048	0.06491	0.01575	0.01161	0.01633	0.00948	0.01240	0.00788	0.00453	0.00505	0.00151	0.00633	0.00453	0.00250	0.00784
41	0.01049	0.00899	0.01049	0.00749	0.01198	0.00674	0.00599	0.01273	0.01049	0.01648	0.00899	0.01049	0.00749	0.00374	0.00374	0.00075	0.00374	0.00300	0.00300	0.85320
42	0.01258	0.01086	0.01143	0.01029	0.01315	0.01258	0.00800	0.02687	0.78161	0.02115	0.02058	0.01887	0.01544	0.00686	0.00515	0.00172	0.00400	0.00572	0.00515	0.00800
43	0.01049	0.00899	0.01049	0.00749	0.01198	0.00674	0.00599	0.01273	0.01049	0.01648	0.00899	0.01049	0.00749	0.00374	0.00374	0.00075	0.00374	0.00300	0.00300	0.85320
44	0.00598	0.00512	0.00512	0.00512	0.00683	0.00427	0.00384	0.00726	0.01153	0.01366	0.05123	0.04866	0.78869	0.01281	0.00598	0.00171	0.00256	0.01067	0.00470	0.00427
45	0.01194	0.01364	0.02984	0.02131	0.02643	0.01279	0.77238	0.01620	0.01194	0.01620	0.01023	0.01364	0.00767	0.00426	0.00597	0.00171	0.00853	0.00597	0.00256	0.00682
46	0.02269	0.00861	0.01174	0.00900	0.01291	0.00743	0.00743	0.02464	0.01447	0.79425	0.01995	0.01721	0.01252	0.00626	0.00509	0.00156	0.00430	0.00509	0.00626	0.00861
47	0.02261	0.00873	0.01181	0.00906	0.01297	0.00762	0.00748	0.04197	0.01469	0.77662	0.01977	0.01709	0.01243	0.00625	0.00508	0.00156	0.00433	0.00507	0.00623	0.00861
48	0.00938	0.00472	0.00476	0.00475	0.00593	0.00471	0.00356	0.01174	0.01068	0.01888	0.03276	0.01925	0.01369	0.00599	0.00359	0.00119	0.00236	0.00481	0.83255	0.00471
49	0.00606	0.00513	0.00524	0.00521	0.00688	0.00431	0.00391	0.00743	0.01173	0.01415	0.10574	0.04786	0.73388	0.01262	0.00598	0.00170	0.00255	0.01056	0.00476	0.00431
50	0.01049	0.00899	0.01049	0.00749	0.01198	0.00674	0.00599	0.01273	0.01049	0.01648	0.00899	0.01049	0.00749	0.00374	0.00374	0.00075	0.00374	0.00300	0.00300	0.85320
51	0.00616	0.00442	0.00585	0.00700	0.00732	0.00411	0.00468	0.00705	0.00972	0.01292	0.02837	0.80268	0.04944	0.01578	0.00644	0.00205	0.00293	0.01430	0.00469	0.00411
52	0.02269	0.00861	0.01174	0.00900	0.01291	0.00743	0.00743	0.02464	0.01447	0.79425	0.01995	0.01721	0.01252	0.00626	0.00509	0.00156	0.00430	0.00509	0.00626	0.00861
53	0.00621	0.00447	0.00591	0.00703	0.00741	0.00417	0.00477	0.00715	0.00981	0.01301	0.02876	0.76525	0.06318	0.01567	0.00645	0.00205	0.00297	0.03691	0.00469	0.00413
54	0.01432	0.01174	0.01185	0.01043	0.01343	0.06757	0.00815	0.06390	0.61639	0.09483	0.01920	0.01769	0.01419	0.00665	0.00509	0.00166	0.00447	0.00543	0.00507	0.00794
55	0.85801	0.00978	0.00743	0.00665	0.00978	0.01134	0.00548	0.01486	0.00861	0.02269	0.00704	0.00821	0.00548	0.00469	0.00313	0.00156	0.00391	0.00274	0.00313	0.00548
56	0.00955	0.00899	0.01517	0.81013	0.03483	0.01123	0.01404	0.01292	0.01011	0.01292	0.00899	0.01348	0.00674	0.00506	0.00506	0.00169	0.00674	0.00449	0.00225	0.00562
57	0.01352	0.82533	0.02650	0.00865	0.01298	0.02001	0.00865	0.01514	0.01027	0.01190	0.00703	0.00811	0.00649	0.00433	0.00324	0.00108	0.00541	0.00270	0.00216	0.00649
58	0.00599	0.00505	0.00519	0.00530	0.00688	0.00425	0.00392	0.00724	0.01135	0.01359	0.04903	0.12095	0.71782	0.01309	0.00602	0.00174	0.00260	0.01102	0.00470	0.00425
59	0.01006	0.00533	0.00539	0.00516	0.00653	0.00543	0.00393	0.06137	0.01146	0.01970	0.01621	0.01842	0.01268	0.00590	0.00363	0.00120	0.00257	0.00470	0.79536	0.00497
60	0.70391	0.00956	0.00823	0.00708	0.01036	0.01062	0.00584	0.01667	0.00969	0.16502	0.00942	0.00987	0.00678	0.00498	0.00349	0.00156	0.00398	0.00317	0.00371	0.00605
61	0.01922	0.01416	0.01518	0.01163	0.01568	0.01568	0.00961	0.77388	0.02378	0.03187	0.01214	0.01214	0.00860	0.00607	0.00506	0.00152	0.00556	0.00455	0.00506	0.00860
62	0.02269	0.00861	0.01174	0.00900	0.01291	0.00743	0.00743	0.02464	0.01447	0.79425	0.01995	0.01721	0.01252	0.00626	0.00509	0.00156	0.00430	0.00509	0.00626	0.00861
63	0.00621	0.00510	0.00547	0.00551	0.00705	0.00437	0.00412	0.00764	0.01181	0.01459	0.15468	0.09447	0.61947	0.01267	0.00603	0.00173	0.00261	0.02732	0.00482	0.00434
64	0.01258	0.01086	0.01143	0.01029	0.01315	0.01258	0.00800	0.02687	0.78161	0.02115	0.02058	0.01887	0.01544	0.00686	0.00515	0.00172	0.00400	0.00572	0.00515	0.00800
65	0.85801	0.00978	0.00743	0.00665	0.00978	0.01134	0.00548	0.01486	0.00861	0.02269	0.00704	0.00821	0.00548	0.00469	0.00313	0.00156	0.00391	0.00274	0.00313	0.00548
66	0.01922	0.01416	0.01518	0.01163	0.01568	0.01568	0.00961	0.77388	0.02378	0.03187	0.01214	0.01214	0.00860	0.00607	0.00506	0.00152	0.00556	0.00455	0.00506	0.00860
67	0.85801	0.00978	0.00743	0.00665	0.00978	0.01134	0.00548	0.01486	0.00861	0.02269	0.00704	0.00821	0.00548	0.00469	0.00313	0.00156	0.00391	0.00274	0.00313	0.00548
68	0.01252	0.01201	0.02053	0.03104	0.79074	0.01201	0.01552	0.01552	0.01151	0.01652	0.00951	0.01252	0.00801	0.00451	0.00501	0.00150	0.00601	0.00451	0.00250	0.00801
69	0.01258	0.01086	0.01143	0.01029	0.01315	0.01258	0.00800	0.02687	0.78161	0.02115	0.02058	0.01887	0.01544	0.00686	0.00515	0.00172	0.00400	0.00572	0.00515	0.00800
70	0.05088	0.00865	0.01159	0.00892	0.01280	0.00756	0.00737	0.02431	0.01428	0.76821	0.01951	0.01691	0.01228	0.00621	0.00502	0.00156	0.00429	0.00501	0.00615	0.00850
71	0.02269	0.00861	0.01174	0.00900	0.01291	0.00743	0.00743	0.02464	0.01447	0.79425	0.01995	0.01721	0.01252	0.00626	0.00509	0.00156	0.00430	0.00509	0.00626	0.00861
72	0.00735	0.00491	0.00557	0.00557	0.00559	0.00493	0.00313	0.00739	0.00737	0.00984	0.01588	0.03282	0.01827	0.80650	0.04137	0.00497	0.00508	0.00731	0.00306	0.00309
73	0.06141	0.00977	0.01201	0.00944	0.01321	0.00948	0.00774	0.13843	0.10590	0.54991	0.01821	0.01620	0.01192	0.00623	0.00499	0.00158	0.00444	0.00496	0.00579	0.00838
74	0.00616	0.00440	0.00587	0.00704	0.00733	0.00411	0.00469	0.00704	0.00968	0.01291	0.02787	0.81899	0.03344	0.01584	0.00645	0.00205	0.00293	0.01438	0.00469	0.00411
75	0.01049	0.00899	0.01049	0.00749	0.01198	0.00674	0.00599	0.01273	0.01049	0.01648	0.00899	0.01049	0.00749	0.00374	0.00374	0.00075	0.00374	0.00300	0.00300	0.85320
76	0.01070	0.00869	0.00962	0.00880	0.01109	0.00953	0.00683	0.02018	0.47650	0.03610	0.23584	0.02732	0.07536	0.00844	0.00549	0.00170	0.00349	0.03232	0.00524	0.00676
77	0.00616	0.00440	0.00587	0.00704	0.00733	0.00411	0.00469	0.00704	0.00968	0.01291	0.02787	0.81899	0.03344	0.01584	0.00645	0.00205	0.00293	0.01438	0.00469	0.00411
78	0.01014	0.02616	0.79609	0.01441	0.02189	0.01174	0.01868	0.01601	0.01068	0.01601	0.00907	0.01068	0.00641	0.00480	0.00480	0.00160	0.00747	0.00374	0.00214	0.00747
79	0.00955	0.00899	0.01517	0.81013	0.03483	0.01123	0.01404	0.01292	0.01011	0.01292	0.00899	0.01348	0.00674	0.00506	0.00506	0.00169	0.00674	0.00449	0.00225	0.00562
80	0.00616	0.00440	0.00587	0.00704	0.00733	0.00411	0.00469	0.00704	0.00968	0.01291	0.02787	0.81899	0.03344	0.01584	0.00645	0.00205	0.00293	0.01438	0.00469	0.00411
81	0.00616	0.00440	0.00587	0.00704	0.00733	0.00411	0.00469	0.00704	0.00968	0.01291	0.02787	0.81899	0.03344	0.01584	0.00645	0.00205	0.00293	0.01438	0.00469	0.00411
82	0.00740	0.00505	0.00627	0.00627	0.00659	0.00532	0.00406	0.00803	0.00771	0.01074	0.01524	0.02855	0.01644	0.55433	0.25818	0.00572	0.00740	0.00667	0.03646	0.00357
83	0.00955	0.00899	0.01517	0.81013	0.03483	0.01123	0.01404	0.01292	0.01011	0.01292	0.00899	0.01348	0.00674	0.00506	0.00506	0.00169	0.00674	0.00449	0.00225	0.00562
84	0.01097	0.00897	0.01054	0.00755	0.01202	0.00677	0.00605	0.01320	0.01064	0.04723	0.00942	0.01075	0.00769	0.00384	0.00380	0.00078	0.00377	0.00308	0.00312	0.81980
85	0.01222	0.01171	0.01999	0.10828	0.71580	0.01194	0.01537	0.01526	0.01138	0.01616	0.00946	0.01261	0.00788	0.00456	0.00501	0.00152	0.00608	0.00450	0.00248	0.00777
86	0.04449	0.01125	0.01476	0.63053	0.03017	0.12323	0.01297	0.01399	0.01054	0.01320	0.00864	0.01255	0.00665	0.00523	0.00542	0.00165	0.04252	0.00425	0.00233	0.00564
87	0.00771	0.02113	0.00843	0.13531	0.01233	0.00638	0.00653	0.01049	0.04314	0.01725	0.41140	0.03627	0.18654	0.01002	0.00582	0.00168	0.00341	0.06650	0.00471	0.00496

[dist]
# distance from previous block
# <min> <max>
0	1

[block]
# block no. 3 follows, 49 sequences, length 28
# corresponding to MSA columns:
# 363-390
name=unknown_D
#
# <colnr> <probs for GDERKNQSTAVLIFYWHMCP>
#	G	D	E	R	K	N	Q	S	T	A	V	L	I	F	Y	W	H	M	C	P
0	0.01137	0.01048	0.01331	0.06881	0.04805	0.06016	0.07851	0.06190	0.01122	0.01587	0.01017	0.02809	0.00905	0.09106	0.00743	0.00158	0.05714	0.00432	0.00297	0.40850
1	0.02269	0.00861	0.01174	0.00900	0.01291	0.00743	0.00743	0.02464	0.01447	0.79425	0.01995	0.01721	0.01252	0.00626	0.00509	0.00156	0.00430	0.00509	0.00626	0.00861
2	0.00673	0.00573	0.00587	0.00573	0.00753	0.00517	0.00433	0.00944	0.09290	0.01477	0.08351	0.04500	0.67140	0.01206	0.00589	0.00170	0.00270	0.01008	0.00479	0.00469
3	0.00955	0.00899	0.01517	0.81013	0.03483	0.01123	0.01404	0.01292	0.01011	0.01292	0.00899	0.01348	0.00674	0.00506	0.00506	0.00169	0.00674	0.00449	0.00225	0.00562
4	0.00724	0.00515	0.00669	0.00630	0.00750	0.00477	0.00473	0.00962	0.01419	0.02023	0.76142	0.03712	0.04651	0.01018	0.00588	0.00158	0.00238	0.00899	0.03475	0.00477
5	0.00624	0.00445	0.00595	0.00713	0.00745	0.00417	0.00483	0.00717	0.00976	0.01299	0.02783	0.78997	0.03328	0.01577	0.00647	0.00206	0.00300	0.04265	0.00469	0.00413
6	0.00607	0.00513	0.00526	0.00522	0.00689	0.00431	0.00392	0.00745	0.01176	0.01421	0.11189	0.04777	0.72768	0.01260	0.00598	0.00170	0.00255	0.01055	0.00477	0.00431
7	0.00615	0.00443	0.00584	0.00697	0.00732	0.00411	0.00466	0.00705	0.00975	0.01294	0.02873	0.79067	0.06121	0.01573	0.00644	0.00204	0.00292	0.01424	0.00469	0.00411
8	0.01258	0.01086	0.01143	0.01029	0.01315	0.01258	0.00800	0.02687	0.78161	0.02115	0.02058	0.01887	0.01544	0.00686	0.00515	0.00172	0.00400	0.00572	0.00515	0.00800
9	0.01049	0.00899	0.01049	0.00749	0.01198	0.00674	0.00599	0.01273	0.01049	0.01648	0.00899	0.01049	0.00749	0.00374	0.00374	0.00075	0.00374	0.00300	0.00300	0.85320
10	0.01398	0.01055	0.01148	0.01011	0.01312	0.01187	0.00792	0.02656	0.67544	0.12815	0.02049	0.01864	0.01503	0.00678	0.00514	0.00169	0.00404	0.00563	0.00530	0.00809
11	0.00955	0.00899	0.01517	0.81013	0.03483	0.01123	0.01404	0.01292	0.01011	0.01292	0.00899	0.01348	0.00674	0.00506	0.00506	0.00169	0.00674	0.00449	0.00225	0.00562
12	0.01014	0.02616	0.79609	0.01441	0.02189	0.01174	0.01868	0.01601	0.01068	0.01601	0.00907	0.01068	0.00641	0.00480	0.00480	0.00160	0.00747	0.00374	0.00214	0.00747
13	0.00616	0.00440	0.00587	0.00704	0.00733	0.00411	0.00469	0.00704	0.00968	0.01291	0.02787	0.81899	0.03344	0.01584	0.00645	0.00205	0.00293	0.01438	0.00469	0.00411
14	0.02269	0.00861	0.01174	0.00900	0.01291	0.00743	0.00743	0.02464	0.01447	0.79425	0.01995	0.01721	0.01252	0.00626	0.00509	0.00156	0.00430	0.00509	0.00626	0.00861
15	0.01102	0.00603	0.00796	0.00699	0.00888	0.00542	0.00541	0.01326	0.01427	0.21418	0.57438	0.03293	0.06008	0.00939	0.00574	0.00159	0.00287	0.00817	0.00572	0.00572
16	0.01194	0.01364	0.02984	0.02131	0.02643	0.01279	0.77238	0.01620	0.01194	0.01620	0.01023	0.01364	0.00767	0.00426	0.00597	0.00171	0.00853	0.00597	0.00256	0.00682
17	0.00692	0.00512	0.00645	0.00621	0.00743	0.00465	0.00462	0.00904	0.01361	0.01882	0.62918	0.08461	0.16250	0.01104	0.00599	0.00164	0.00244	0.00969	0.00538	0.00465
18	0.01075	0.01063	0.01487	0.01287	0.01289	0.01475	0.01065	0.01184	0.00787	0.01222	0.00801	0.06329	0.00837	0.00930	0.01594	0.00220	0.76067	0.00507	0.00237	0.00544
19	0.01922	0.01416	0.01518	0.01163	0.01568	0.01568	0.00961	0.77388	0.02378	0.03187	0.01214	0.01214	0.00860	0.00607	0.00506	0.00152	0.00556	0.00455	0.00506	0.00860
20	0.00815	0.00582	0.00815	0.00931	0.01048	0.00582	0.00815	0.01048	0.01164	0.01513	0.02677	0.05704	0.02910	0.01397	0.00698	0.00233	0.00466	0.75671	0.00466	0.00466
21	0.00639	0.00535	0.00560	0.00560	0.00725	0.00468	0.00422	0.00829	0.04282	0.01445	0.10207	0.07622	0.65536	0.01253	0.00599	0.00173	0.00267	0.02953	0.00478	0.00446
22	0.12872	0.02148	0.55489	0.01405	0.02040	0.01162	0.12197	0.01568	0.01067	0.01710	0.03239	0.01156	0.00770	0.00488	0.00477	0.00161	0.00697	0.00407	0.00244	0.00702
23	0.01267	0.01249	0.02094	0.02986	0.71776	0.03610	0.06427	0.01571	0.01163	0.01637	0.00951	0.01248	0.00794	0.00451	0.00505	0.00151	0.00626	0.00456	0.00251	0.00787
24	0.00615	0.00445	0.00582	0.00691	0.00730	0.00412	0.00463	0.00706	0.00981	0.01296	0.02949	0.76559	0.08580	0.01563	0.00642	0.00203	0.00291	0.01412	0.00469	0.00412
25	0.02236	0.00913	0.01206	0.00925	0.01317	0.00822	0.00764	0.09597	0.01536	0.72167	0.01921	0.01673	0.01214	0.00624	0.00508	0.00156	0.00442	0.00503	0.00614	0.00861
26	0.01178	0.01334	0.02889	0.07230	0.02697	0.01269	0.72336	0.01599	0.01182	0.01599	0.01015	0.01363	0.00761	0.00431	0.00591	0.00170	0.00841	0.00587	0.00254	0.00674
27	0.00735	0.00493	0.00565	0.00565	0.00570	0.00498	0.00324	0.00744	0.00739	0.00991	0.01581	0.03239	0.01808	0.78072	0.06689	0.00507	0.00536	0.00725	0.00305	0.00314

[dist]
# distance from previous block
# <min> <max>
0	1

[block]
# block no. 4 follows, 49 sequences, length 155
# corresponding to MSA columns:
# 392-546
name=unknown_E
#
# <colnr> <probs for GDERKNQSTAVLIFYWHMCP>
#	G	D	E	R	K	N	Q	S	T	A	V	L	I	F	Y	W	H	M	C	P
0	0.01268	0.01089	0.01176	0.01074	0.03494	0.01229	0.00814	0.05295	0.68175	0.02111	0.01920	0.01789	0.01446	0.00656	0.00505	0.00164	0.00410	0.00546	0.00493	0.06345
1	0.01352	0.82533	0.02650	0.00865	0.01298	0.02001	0.00865	0.01514	0.01027	0.01190	0.00703	0.00811	0.00649	0.00433	0.00324	0.00108	0.00541	0.00270	0.00216	0.00649
2	0.00605	0.00513	0.00523	0.00520	0.00688	0.00430	0.00390	0.00741	0.01171	0.01409	0.09957	0.04795	0.74007	0.01264	0.00598	0.00170	0.00255	0.01057	0.00475	0.00430
3	0.00996	0.00935	0.01549	0.70190	0.10376	0.01137	0.01391	0.01379	0.04513	0.01363	0.00956	0.01364	0.00725	0.00509	0.00506	0.00167	0.00655	0.00455	0.00240	0.00595
4	0.03624	0.00597	0.00602	0.00558	0.00715	0.00620	0.00430	0.10092	0.01208	0.02049	0.01570	0.01775	0.01222	0.00588	0.00370	0.00123	0.00278	0.00463	0.72596	0.00519
5	0.08930	0.00612	0.00613	0.00565	0.00736	0.00634	0.00438	0.07428	0.01166	0.05533	0.01543	0.01725	0.01190	0.00581	0.00369	0.00126	0.00285	0.00453	0.66547	0.00527
6	0.00615	0.00443	0.00583	0.00695	0.00731	0.00411	0.00466	0.00705	0.00976	0.01294	0.02893	0.78415	0.06760	0.01570	0.00643	0.00204	0.00292	0.01421	0.00469	0.00411
7	0.00712	0.00525	0.00621	0.00591	0.00741	0.00464	0.00445	0.00902	0.01312	0.04085	0.44862	0.04182	0.36463	0.01127	0.00594	0.00164	0.00252	0.00968	0.00521	0.00467
8	0.00707	0.00510	0.00668	0.00642	0.00754	0.00471	0.00476	0.00932	0.01391	0.01963	0.72100	0.10671	0.04645	0.01082	0.00601	0.00163	0.00243	0.00961	0.00549	0.00471
9	0.85801	0.00978	0.00743	0.00665	0.00978	0.01134	0.00548	0.01486	0.00861	0.02269	0.00704	0.00821	0.00548	0.00469	0.00313	0.00156	0.00391	0.00274	0.00313	0.00548
10	0.85801	0.00978	0.00743	0.00665	0.00978	0.01134	0.00548	0.01486	0.00861	0.02269	0.00704	0.00821	0.00548	0.00469	0.00313	0.00156	0.00391	0.00274	0.00313	0.00548
11	0.00628	0.00447	0.00592	0.00704	0.00734	0.00420	0.00472	0.00716	0.00963	0.01283	0.02726	0.75794	0.03259	0.05478	0.00740	0.00220	0.00308	0.03649	0.00461	0.00407
12	0.01845	0.01370	0.01476	0.01127	0.01535	0.01489	0.00929	0.70624	0.02259	0.03050	0.01186	0.01199	0.00850	0.00586	0.00494	0.00145	0.00540	0.00441	0.00488	0.08366
13	0.01247	0.01015	0.01110	0.02438	0.01283	0.01130	0.00771	0.16010	0.44780	0.02188	0.09107	0.07587	0.04171	0.00786	0.00532	0.00168	0.00408	0.02067	0.00501	0.02699
14	0.01224	0.01173	0.02003	0.10309	0.72083	0.01194	0.01538	0.01528	0.01138	0.01619	0.00946	0.01260	0.00789	0.00456	0.00501	0.00152	0.00608	0.00450	0.00248	0.00779
15	0.00918	0.00950	0.15681	0.00839	0.01101	0.00640	0.00794	0.01212	0.01321	0.08921	0.46543	0.05462	0.04844	0.00945	0.00577	0.00167	0.00375	0.07665	0.00486	0.00559
16	0.01194	0.01364	0.02984	0.02131	0.02643	0.01279	0.77238	0.01620	0.01194	0.01620	0.01023	0.01364	0.00767	0.00426	0.00597	0.00171	0.00853	0.00597	0.00256	0.00682
17	0.01014	0.02616	0.79609	0.01441	0.02189	0.01174	0.01868	0.01601	0.01068	0.01601	0.00907	0.01068	0.00641	0.00480	0.00480	0.00160	0.00747	0.00374	0.00214	0.00747
18	0.01495	0.00840	0.01101	0.00897	0.01181	0.00813	0.03963	0.10905	0.08817	0.30141	0.31061	0.02442	0.02549	0.00776	0.00546	0.00159	0.00388	0.00666	0.00559	0.00701
19	0.02125	0.00829	0.01127	0.00875	0.01241	0.00719	0.00719	0.02325	0.01446	0.72266	0.09099	0.01911	0.01577	0.00664	0.00517	0.00157	0.00413	0.00546	0.00619	0.00825
20	0.00616	0.00440	0.00587	0.00704	0.00733	0.00411	0.00469	0.00704	0.00968	0.01291	0.02787	0.81899	0.03344	0.01584	0.00645	0.00205	0.00293	0.01438	0.00469	0.00411
21	0.00969	0.00913	0.01543	0.77246	0.07138	0.01127	0.01411	0.01305	0.01018	0.01309	0.00901	0.01343	0.00680	0.00503	0.00505	0.00168	0.00671	0.00449	0.00226	0.00573
22	0.01733	0.01278	0.01380	0.01103	0.01466	0.01416	0.00896	0.53414	0.20478	0.06312	0.01506	0.04191	0.01128	0.00661	0.00513	0.00159	0.00504	0.00520	0.00512	0.00830
23	0.00869	0.00705	0.00946	0.09014	0.03468	0.03717	0.00869	0.01086	0.01117	0.01443	0.02306	0.14604	0.02500	0.01250	0.00699	0.00216	0.03981	0.50307	0.00418	0.00486
24	0.01049	0.00899	0.01049	0.00749	0.01198	0.00674	0.00599	0.01273	0.01049	0.01648	0.00899	0.01049	0.00749	0.00374	0.00374	0.00075	0.00374	0.00300	0.00300	0.85320
25	0.01352	0.82533	0.02650	0.00865	0.01298	0.02001	0.00865	0.01514	0.01027	0.01190	0.00703	0.00811	0.00649	0.00433	0.00324	0.00108	0.00541	0.00270	0.00216	0.00649
26	0.00607	0.00513	0.00525	0.00522	0.00689	0.00431	0.00392	0.00744	0.01175	0.01419	0.11000	0.04780	0.72959	0.01261	0.00598	0.00170	0.00255	0.01055	0.00477	0.00431
27	0.00716	0.00517	0.00676	0.00636	0.00755	0.00477	0.00477	0.00954	0.01431	0.02028	0.78808	0.03777	0.04771	0.01034	0.00596	0.00159	0.00239	0.00914	0.00557	0.00477
28	0.00716	0.00517	0.00676	0.00636	0.00755	0.00477	0.00477	0.00954	0.01431	0.02028	0.78808	0.03777	0.04771	0.01034	0.00596	0.00159	0.00239	0.00914	0.00557	0.00477
29	0.02269	0.00861	0.01174	0.00900	0.01291	0.00743	0.00743	0.02464	0.01447	0.79425	0.01995	0.01721	0.01252	0.00626	0.00509	0.00156	0.00430	0.00509	0.00626	0.00861
30	0.01258	0.01086	0.01143	0.01029	0.01315	0.01258	0.00800	0.02687	0.78161	0.02115	0.02058	0.01887	0.01544	0.00686	0.00515	0.00172	0.00400	0.00572	0.00515	0.00800
31	0.01049	0.00899	0.01049	0.00749	0.01198	0.00674	0.00599	0.01273	0.01049	0.01648	0.00899	0.01049	0.00749	0.00374	0.00374	0.00075	0.00374	0.00300	0.00300	0.85320
32	0.85801	0.00978	0.00743	0.00665	0.00978	0.01134	0.00548	0.01486	0.00861	0.02269	0.00704	0.00821	0.00548	0.00469	0.00313	0.00156	0.00391	0.00274	0.00313	0.00548
33	0.00955	0.00899	0.01517	0.81013	0.03483	0.01123	0.01404	0.01292	0.01011	0.01292	0.00899	0.01348	0.00674	0.00506	0.00506	0.00169	0.00674	0.00449	0.00225	0.00562
34	0.00753	0.00562	0.00728	0.00811	0.00943	0.00538	0.00692	0.00956	0.01161	0.01471	0.03377	0.05465	0.24630	0.01364	0.00670	0.00215	0.00406	0.54339	0.00467	0.00455
35	0.00609	0.00509	0.00530	0.00532	0.00692	0.00431	0.00396	0.00745	0.01169	0.01421	0.11503	0.08254	0.68931	0.01273	0.00600	0.00171	0.00256	0.01071	0.00477	0.00431
36	0.01352	0.82533	0.02650	0.00865	0.01298	0.02001	0.00865	0.01514	0.01027	0.01190	0.00703	0.00811	0.00649	0.00433	0.00324	0.00108	0.00541	0.00270	0.00216	0.00649
37	0.01082	0.01078	0.01499	0.01288	0.01296	0.01495	0.01071	0.01193	0.00793	0.01224	0.00879	0.01288	0.04445	0.00904	0.01608	0.00219	0.77384	0.00473	0.00233	0.00547
38	0.00619	0.00445	0.00588	0.00696	0.00733	0.00414	0.00467	0.00714	0.00990	0.01320	0.05672	0.76843	0.05513	0.01555	0.00642	0.00203	0.00290	0.01408	0.00473	0.00414
39	0.00971	0.00927	0.01584	0.74575	0.03367	0.01146	0.04823	0.01304	0.01011	0.01304	0.00896	0.01340	0.00678	0.00516	0.00551	0.00171	0.03587	0.00456	0.00226	0.00567
40	0.01889	0.02410	0.01433	0.01303	0.01563	0.80199	0.00977	0.02019	0.01433	0.01238	0.00782	0.00912	0.00651	0.00521	0.00456	0.00130	0.00912	0.00326	0.00261	0.00586
41	0.01894	0.01353	0.01466	0.01135	0.01530	0.01489	0.00934	0.66579	0.08153	0.08247	0.01332	0.01300	0.00939	0.00614	0.00507	0.00154	0.00536	0.00468	0.00515	0.00855
42	0.00830	0.00676	0.01100	0.01121	0.04530	0.00655	0.11173	0.01053	0.01120	0.01484	0.03959	0.25406	0.02682	0.01267	0.00660	0.00212	0.00473	0.40674	0.00431	0.00495
43	0.01922	0.01416	0.01518	0.01163	0.01568	0.01568	0.00961	0.77388	0.02378	0.03187	0.01214	0.01214	0.00860	0.00607	0.00506	0.00152	0.00556	0.00455	0.00506	0.00860
44	0.00710	0.00517	0.00668	0.00630	0.00752	0.00475	0.00473	0.00943	0.01418	0.01996	0.75245	0.03830	0.08354	0.01046	0.00596	0.00160	0.00239	0.00922	0.00552	0.00475
45	0.33315	0.42495	0.01803	0.00834	0.01192	0.01623	0.00765	0.05153	0.01013	0.01696	0.00726	0.00854	0.00622	0.00484	0.00415	0.00136	0.05701	0.00292	0.00267	0.00615
46	0.00618	0.00444	0.00583	0.00694	0.00728	0.00413	0.00463	0.00706	0.00970	0.01287	0.02847	0.77538	0.06035	0.03201	0.00683	0.00210	0.00296	0.01410	0.00466	0.00409
47	0.01211	0.49159	0.34788	0.01106	0.01670	0.01656	0.01284	0.01551	0.01044	0.01362	0.00788	0.00918	0.00645	0.00453	0.00390	0.00130	0.00627	0.00314	0.00215	0.00690
48	0.01303	0.71036	0.13721	0.00948	0.01426	0.01882	0.01010	0.01527	0.01033	0.01249	0.00732	0.00848	0.00648	0.00439	0.00347	0.00116	0.00570	0.00285	0.00216	0.00663
49	0.00616	0.00440	0.00587	0.00704	0.00733	0.00411	0.00469	0.00704	0.00968	0.01291	0.02787	0.81899	0.03344	0.01584	0.00645	0.00205	0.00293	0.01438	0.00469	0.00411
50	0.06276	0.00917	0.01184	0.00912	0.01301	0.00837	0.00754	0.09261	0.01504	0.68730	0.01861	0.01631	0.01182	0.00617	0.00499	0.00156	0.00440	0.00492	0.00600	0.00845
51	0.00685	0.00516	0.00633	0.00604	0.00737	0.00464	0.00453	0.00895	0.01359	0.01856	0.59630	0.04061	0.24056	0.01098	0.00597	0.00162	0.00243	0.00954	0.00534	0.00464
52	0.00623	0.00446	0.00593	0.00699	0.00735	0.00415	0.00470	0.00722	0.01001	0.01344	0.08252	0.76283	0.03447	0.01545	0.00642	0.00202	0.00289	0.01400	0.00476	0.00415
53	0.00612	0.00513	0.00533	0.00528	0.00692	0.00433	0.00396	0.00754	0.01187	0.01448	0.14296	0.04731	0.69644	0.01250	0.00597	0.00169	0.00254	0.01048	0.00480	0.00433
54	0.00616	0.00440	0.00587	0.00704	0.00733	0.00411	0.00469	0.00704	0.00968	0.01291	0.02787	0.81899	0.03344	0.01584	0.00645	0.00205	0.00293	0.01438	0.00469	0.00411
55	0.01352	0.82533	0.02650	0.00865	0.01298	0.02001	0.00865	0.01514	0.01027	0.01190	0.00703	0.00811	0.00649	0.00433	0.00324	0.00108	0.00541	0.00270	0.00216	0.00649
56	0.01014	0.02616	0.79609	0.01441	0.02189	0.01174	0.01868	0.01601	0.01068	0.01601	0.00907	0.01068	0.00641	0.00480	0.00480	0.00160	0.00747	0.00374	0.00214	0.00747
57	0.02269	0.00861	0.01174	0.00900	0.01291	0.00743	0.00743	0.02464	0.01447	0.79425	0.01995	0.01721	0.01252	0.00626	0.00509	0.00156	0.00430	0.00509	0.00626	0.00861
58	0.01352	0.82533	0.02650	0.00865	0.01298	0.02001	0.00865	0.01514	0.01027	0.01190	0.00703	0.00811	0.00649	0.00433	0.00324	0.00108	0.00541	0.00270	0.00216	0.00649
59	0.00955	0.00899	0.01517	0.81013	0.03483	0.01123	0.01404	0.01292	0.01011	0.01292	0.00899	0.01348	0.00674	0.00506	0.00506	0.00169	0.00674	0.00449	0.00225	0.00562
60	0.00616	0.00440	0.00587	0.00704	0.00733	0.00411	0.00469	0.00704	0.00968	0.01291	0.02787	0.81899	0.03344	0.01584	0.00645	0.00205	0.00293	0.01438	0.00469	0.00411
61	0.00616	0.00440	0.00587	0.00704	0.00733	0.00411	0.00469	0.00704	0.00968	0.01291	0.02787	0.81899	0.03344	0.01584	0.00645	0.00205	0.00293	0.01438	0.00469	0.00411
62	0.01031	0.02500	0.72522	0.01505	0.02231	0.01184	0.08839	0.01603	0.01079	0.01603	0.00918	0.01095	0.00652	0.00475	0.00491	0.00161	0.00757	0.00394	0.00217	0.00741
63	0.00684	0.00506	0.00646	0.00729	0.00789	0.00495	0.00501	0.00908	0.08146	0.01428	0.09006	0.68039	0.03296	0.01456	0.00629	0.00198	0.00299	0.01314	0.00481	0.00452
64	0.81762	0.00972	0.00764	0.00676	0.00993	0.01115	0.00557	0.01534	0.00889	0.05999	0.00767	0.00865	0.00582	0.00477	0.00322	0.00156	0.00393	0.00285	0.00328	0.00563
65	0.00735	0.00490	0.00552	0.00552	0.00552	0.00490	0.00306	0.00735	0.00735	0.00980	0.01593	0.03309	0.01838	0.82229	0.02574	0.00490	0.00490	0.00735	0.00306	0.00306
66	0.01843	0.03120	0.01470	0.04589	0.01599	0.09532	0.00947	0.51765	0.08264	0.09827	0.01286	0.01282	0.00918	0.00598	0.00498	0.00151	0.00573	0.00452	0.00474	0.00810
