[name]
unknown

[dist]
# distance from previous block
# <min> <max>
22	113

[block]
# block no. 0 follows, 44 sequences, length 79
# corresponding to MSA columns:
# 137-215
name=unknown_A
#
# <colnr> <probs for GDERKNQSTAVLIFYWHMCP>
#	G	D	E	R	K	N	Q	S	T	A	V	L	I	F	Y	W	H	M	C	P
0	0.04523	0.03097	0.05911	0.06397	0.04906	0.02323	0.05074	0.17974	0.05547	0.04803	0.01212	0.03165	0.00958	0.00567	0.00520	0.00142	0.02431	0.00460	0.02567	0.27423
1	0.01455	0.01350	0.01757	0.18666	0.30524	0.13988	0.03107	0.01763	0.02884	0.08861	0.01228	0.03594	0.01014	0.00596	0.00541	0.00165	0.00680	0.02908	0.00327	0.04593
2	0.01301	0.01267	0.01546	0.27795	0.13647	0.11395	0.01171	0.05275	0.02750	0.01682	0.01002	0.01279	0.00798	0.00504	0.00494	0.00141	0.00637	0.00420	0.00298	0.26600
3	0.04508	0.01280	0.08602	0.01017	0.01501	0.01040	0.02172	0.16908	0.01425	0.03629	0.01050	0.01183	0.00821	0.00494	0.00492	0.00119	0.02996	0.00379	0.00364	0.50018
4	0.84691	0.01054	0.00801	0.00717	0.01054	0.01223	0.00590	0.01603	0.00928	0.02446	0.00759	0.00886	0.00590	0.00506	0.00337	0.00169	0.00422	0.00295	0.00337	0.00590
5	0.01056	0.00890	0.01051	0.00800	0.01212	0.00681	0.00624	0.01275	0.01117	0.01715	0.01294	0.13805	0.01254	0.00612	0.00450	0.00103	0.00390	0.00519	0.00352	0.70800
6	0.00666	0.00478	0.00633	0.00754	0.00790	0.00445	0.00505	0.00766	0.01059	0.01411	0.04719	0.77384	0.04993	0.01689	0.00694	0.00220	0.00314	0.01530	0.00508	0.00445
7	0.01544	0.03096	0.10652	0.01126	0.03276	0.01104	0.00972	0.07965	0.26123	0.20649	0.11851	0.03520	0.01908	0.00767	0.00563	0.00177	0.00484	0.02881	0.00533	0.00809
8	0.01132	0.01070	0.01701	0.05234	0.03490	0.02974	0.20513	0.07655	0.04514	0.01711	0.03574	0.24138	0.03507	0.01048	0.02570	0.00215	0.13078	0.00862	0.00382	0.00629
9	0.00779	0.00583	0.00871	0.00871	0.00966	0.00678	0.00674	0.00970	0.00874	0.01261	0.01465	0.02170	0.01375	0.05632	0.77153	0.00869	0.01442	0.00588	0.00293	0.00484
10	0.01236	0.01163	0.01960	0.42706	0.21745	0.01296	0.10437	0.07789	0.03147	0.01726	0.01059	0.01432	0.00813	0.00534	0.00556	0.00176	0.00712	0.00508	0.00286	0.00719
11	0.11285	0.08342	0.01660	0.05452	0.13550	0.25007	0.01078	0.16691	0.01573	0.06958	0.02816	0.01238	0.00906	0.00573	0.00490	0.00154	0.00692	0.00423	0.00366	0.00744
12	0.00732	0.00536	0.00754	0.00856	0.00922	0.00510	0.02357	0.00873	0.01101	0.01459	0.02931	0.60331	0.03425	0.01629	0.00709	0.00228	0.00376	0.19307	0.00500	0.00464
13	0.00761	0.00557	0.00714	0.00674	0.00808	0.00510	0.00506	0.01008	0.01517	0.02125	0.71016	0.04173	0.11318	0.01137	0.00643	0.00173	0.00259	0.01000	0.00592	0.00510
14	0.01542	0.15212	0.29232	0.03470	0.06085	0.07562	0.03133	0.14936	0.01479	0.09176	0.02520	0.01267	0.00894	0.00561	0.00503	0.00159	0.00695	0.00433	0.00343	0.00798
15	0.01209	0.03684	0.10436	0.03870	0.05040	0.01293	0.54716	0.01637	0.01239	0.01691	0.01256	0.08943	0.01073	0.00587	0.00622	0.00184	0.00828	0.00687	0.00291	0.00715
16	0.84691	0.01054	0.00801	0.00717	0.01054	0.01223	0.00590	0.01603	0.00928	0.02446	0.00759	0.00886	0.00590	0.00506	0.00337	0.00169	0.00422	0.00295	0.00337	0.00590
17	0.01388	0.01241	0.03809	0.16905	0.52977	0.01235	0.03617	0.01719	0.01243	0.08950	0.01123	0.01415	0.00880	0.00515	0.00544	0.00167	0.00656	0.00494	0.00303	0.00818
18	0.00664	0.00474	0.00633	0.00759	0.00791	0.00443	0.00506	0.00759	0.01044	0.01392	0.03005	0.80485	0.03606	0.01708	0.00696	0.00221	0.00316	0.01550	0.00506	0.00443
19	0.01220	0.01316	0.02696	0.06942	0.07755	0.01272	0.54627	0.01688	0.05325	0.01722	0.01331	0.09018	0.01134	0.00601	0.00630	0.00186	0.00805	0.00708	0.00310	0.00715
20	0.01098	0.01060	0.01565	0.01342	0.01397	0.01407	0.05667	0.01252	0.00871	0.01322	0.00928	0.01480	0.00897	0.03816	0.18313	0.00381	0.55855	0.00519	0.00255	0.00574
21	0.01458	0.81168	0.02857	0.00933	0.01399	0.02157	0.00933	0.01632	0.01108	0.01283	0.00758	0.00875	0.00700	0.00466	0.00350	0.00117	0.00583	0.00292	0.00233	0.00700
22	0.01269	0.00956	0.01137	0.03448	0.01355	0.00819	0.00714	0.05575	0.06749	0.09127	0.04776	0.03655	0.04127	0.00598	0.00476	0.00120	0.00422	0.02154	0.00410	0.52115
23	0.00875	0.02018	0.01038	0.08409	0.01283	0.03219	0.00796	0.01076	0.00917	0.01278	0.01348	0.02001	0.01250	0.05199	0.61592	0.00732	0.05616	0.00562	0.00284	0.00508
24	0.01287	0.01471	0.03217	0.02298	0.02849	0.01379	0.75460	0.01746	0.01287	0.01746	0.01103	0.01471	0.00827	0.00460	0.00643	0.00184	0.00919	0.00643	0.00276	0.00735
25	0.01093	0.02820	0.78016	0.01554	0.02360	0.01266	0.02014	0.01727	0.01151	0.01727	0.00978	0.01151	0.00691	0.00518	0.00518	0.00173	0.00806	0.00403	0.00230	0.00806
26	0.01512	0.01440	0.01786	0.15946	0.31776	0.12809	0.01342	0.14690	0.07470	0.01981	0.01153	0.01379	0.00905	0.00561	0.00531	0.00163	0.00675	0.00477	0.02616	0.00785
27	0.00764	0.00557	0.00719	0.00678	0.00810	0.00511	0.00509	0.01015	0.01526	0.02145	0.73055	0.04140	0.09267	0.01130	0.00643	0.00172	0.00258	0.00995	0.00595	0.00511
28	0.02332	0.00903	0.01229	0.00951	0.01353	0.00782	0.00782	0.02546	0.01559	0.72682	0.07243	0.02006	0.01607	0.00705	0.00555	0.00169	0.00450	0.00578	0.00670	0.00900
29	0.01480	0.01301	0.08563	0.01109	0.01449	0.01248	0.00950	0.36321	0.12096	0.02494	0.01876	0.13754	0.03669	0.06769	0.00743	0.00208	0.00535	0.04185	0.00492	0.00757
30	0.01505	0.02153	0.49577	0.01490	0.05360	0.01136	0.04424	0.01995	0.01279	0.23853	0.01326	0.01377	0.00895	0.00560	0.00532	0.00171	0.00704	0.00458	0.00363	0.00841
31	0.00682	0.00482	0.00627	0.00737	0.00764	0.00455	0.00482	0.00764	0.01010	0.01346	0.02829	0.69989	0.03384	0.12505	0.00980	0.00263	0.00345	0.01447	0.00482	0.00427
32	0.01298	0.19523	0.49766	0.01414	0.02093	0.01496	0.04978	0.08762	0.01290	0.03152	0.00989	0.01133	0.00733	0.00520	0.00490	0.00160	0.00737	0.00401	0.00271	0.00793
33	0.04519	0.12123	0.03904	0.03368	0.07166	0.42362	0.08188	0.09061	0.01501	0.01649	0.00918	0.01085	0.00743	0.00540	0.00494	0.00148	0.00837	0.00397	0.00299	0.00698
34	0.00668	0.00477	0.00636	0.00757	0.00791	0.00445	0.00506	0.00767	0.01059	0.01416	0.05299	0.78120	0.03653	0.01690	0.00694	0.00220	0.00314	0.01532	0.00509	0.00445
35	0.00682	0.00483	0.00632	0.00739	0.00770	0.00454	0.00487	0.00771	0.01033	0.01381	0.05259	0.69635	0.03478	0.10313	0.00921	0.00253	0.00338	0.01449	0.00490	0.00433
36	0.58836	0.01033	0.01030	0.08075	0.03839	0.01158	0.02805	0.03085	0.01059	0.08222	0.01136	0.03384	0.03289	0.00586	0.00412	0.00172	0.00470	0.00415	0.00366	0.00630
37	0.01155	0.01154	0.01679	0.65129	0.10289	0.08595	0.01485	0.01493	0.01147	0.01423	0.00962	0.01399	0.00737	0.00541	0.00539	0.00176	0.00744	0.00472	0.00248	0.00632
38	0.00685	0.00489	0.00656	0.00782	0.00823	0.00460	0.00542	0.00794	0.01064	0.01415	0.02994	0.73404	0.03561	0.01689	0.00701	0.00224	0.00334	0.08429	0.00506	0.00448
39	0.03901	0.05987	0.53350	0.01737	0.09442	0.01302	0.11003	0.01696	0.01178	0.01750	0.03073	0.01269	0.00844	0.00521	0.00525	0.00170	0.00767	0.00448	0.00253	0.00782
40	0.01296	0.01484	0.05172	0.05086	0.07129	0.05715	0.49015	0.01678	0.01219	0.01657	0.01037	0.01400	0.00813	0.00547	0.00776	0.00186	0.12052	0.00576	0.02454	0.00709
41	0.00780	0.00578	0.00845	0.00845	0.00932	0.00665	0.00643	0.00954	0.00867	0.01243	0.01488	0.02297	0.01430	0.12453	0.70408	0.00838	0.01359	0.00607	0.00296	0.00470
42	0.01200	0.05293	0.66349	0.01539	0.02277	0.08669	0.03809	0.01767	0.01191	0.01675	0.00962	0.01134	0.00696	0.00519	0.00513	0.00168	0.00818	0.00401	0.00236	0.00784
43	0.01244	0.01163	0.01959	0.13624	0.57301	0.01197	0.01548	0.01564	0.01222	0.01708	0.01259	0.01987	0.01140	0.00626	0.00568	0.00176	0.00640	0.09997	0.00296	0.00781
44	0.01277	0.36127	0.35177	0.01395	0.02019	0.01663	0.12060	0.01689	0.01152	0.01540	0.00902	0.01079	0.00714	0.00488	0.00464	0.00150	0.00727	0.00390	0.00238	0.00750
45	0.00879	0.00628	0.00879	0.01004	0.01130	0.00628	0.00879	0.01130	0.01255	0.01632	0.02887	0.06150	0.03138	0.01506	0.00753	0.00251	0.00502	0.73770	0.00502	0.00502
46	0.02575	0.02527	0.63149	0.01797	0.11280	0.01276	0.06405	0.01719	0.01166	0.01747	0.00988	0.01189	0.00718	0.00510	0.00525	0.00172	0.00787	0.00425	0.00240	0.00805
47	0.03110	0.29701	0.41023	0.01255	0.01861	0.01505	0.03230	0.01625	0.01172	0.01633	0.08155	0.01335	0.01119	0.00555	0.00470	0.00153	0.00670	0.00423	0.00270	0.00735
48	0.00779	0.00583	0.00869	0.00869	0.00964	0.00678	0.00673	0.00969	0.00874	0.01261	0.01466	0.02176	0.01378	0.05934	0.76855	0.00868	0.01438	0.00589	0.00293	0.00483
49	0.01202	0.01219	0.01817	0.01514	0.01566	0.01642	0.08266	0.01353	0.00878	0.01353	0.00753	0.01219	0.00726	0.00907	0.01680	0.00233	0.72325	0.00493	0.00242	0.00610
50	0.01150	0.01126	0.15028	0.00996	0.03344	0.02309	0.00896	0.01534	0.05942	0.13391	0.35032	0.03112	0.10074	0.00924	0.00598	0.00175	0.00433	0.02764	0.00514	0.00657
51	0.01437	0.01667	0.09175	0.15783	0.36693	0.17564	0.02780	0.04145	0.02530	0.01676	0.01003	0.01283	0.00804	0.00524	0.00531	0.00163	0.00747	0.00454	0.00277	0.00765
52	0.00664	0.00474	0.00633	0.00759	0.00791	0.00443	0.00506	0.00759	0.01044	0.01392	0.03005	0.80485	0.03606	0.01708	0.00696	0.00221	0.00316	0.01550	0.00506	0.00443
53	0.02033	0.01046	0.02908	0.01038	0.01416	0.00984	0.00873	0.17849	0.03563	0.45392	0.03700	0.02204	0.01512	0.00943	0.04806	0.00214	0.00552	0.07521	0.00596	0.00849
54	0.01364	0.06127	0.14869	0.01694	0.10468	0.17685	0.17623	0.03634	0.04732	0.01667	0.01606	0.01937	0.08742	0.00665	0.00562	0.00170	0.00745	0.04679	0.00322	0.00707
55	0.00947	0.00473	0.00710	0.00710	0.00710	0.00473	0.00473	0.00710	0.00710	0.00947	0.00947	0.01657	0.00947	0.01894	0.02131	0.84138	0.00473	0.00473	0.00237	0.00237
56	0.01147	0.13210	0.66507	0.01507	0.03730	0.01385	0.01864	0.01713	0.01147	0.01669	0.00950	0.01118	0.00695	0.00510	0.00496	0.00165	0.00773	0.00390	0.00231	0.00793
57	0.01425	0.07876	0.08226	0.02173	0.34970	0.14209	0.04296	0.06385	0.02861	0.01741	0.01439	0.01620	0.08099	0.00606	0.00547	0.00160	0.01778	0.00514	0.00311	0.00764
58	0.03632	0.01717	0.01754	0.06387	0.21854	0.28119	0.05031	0.10829	0.05668	0.04297	0.01108	0.01289	0.00871	0.00569	0.00546	0.00159	0.02335	0.00453	0.02632	0.00750
59	0.01030	0.00969	0.01635	0.79530	0.03755	0.01211	0.01514	0.01393	0.01090	0.01393	0.00969	0.01453	0.00727	0.00545	0.00545	0.00182	0.00727	0.00484	0.00242	0.00606
60	0.01118	0.02675	0.70796	0.01725	0.09511	0.01269	0.01982	0.01721	0.01160	0.01732	0.00983	0.01170	0.00707	0.00515	0.00520	0.00172	0.00791	0.00411	0.00234	0.00811
61	0.01623	0.08185	0.21821	0.01641	0.12011	0.31128	0.01369	0.08907	0.05163	0.01738	0.01008	0.01151	0.00789	0.00550	0.00503	0.00154	0.00798	0.00405	0.00301	0.00753
62	0.01088	0.02390	0.60257	0.04041	0.04339	0.01200	0.06558	0.01644	0.01164	0.01698	0.01169	0.01670	0.00942	0.00629	0.00574	0.01433	0.00772	0.07412	0.00261	0.00759
63	0.01034	0.00975	0.01636	0.77527	0.03695	0.01223	0.01506	0.01391	0.01084	0.01391	0.00962	0.01447	0.00726	0.00556	0.00577	0.00183	0.02756	0.00484	0.00242	0.00605
64	0.01158	0.00958	0.01567	0.66912	0.03356	0.01163	0.01401	0.01490	0.01128	0.08671	0.01181	0.02807	0.02099	0.00603	0.00590	0.00183	0.03291	0.00518	0.00292	0.00631
65	0.01219	0.01147	0.01920	0.39567	0.40001	0.01268	0.01578	0.03828	0.01210	0.01647	0.01007	0.01398	0.00800	0.00519	0.00542	0.00171	0.00684	0.00485	0.00265	0.00743
66	0.00661	0.00486	0.00621	0.00729	0.00783	0.00445	0.00493	0.00763	0.01073	0.01404	0.03376	0.69395	0.14456	0.01660	0.00688	0.00216	0.00310	0.01491	0.00506	0.00445
67	0.00714	0.00510	0.00690	0.00816	0.00869	0.00486	0.00592	0.00845	0.01093	0.01447	0.02977	0.63262	0.03497	0.01661	0.00709	0.00228	0.00359	0.18283	0.00505	0.00457
68	0.00892	0.00712	0.01047	0.01008	0.01177	0.00702	0.07819	0.01251	0.08047	0.01785	0.20085	0.17232	0.05623	0.01276	0.00686	0.00213	0.00440	0.28945	0.00509	0.00548
69	0.02693	0.02467	0.61427	0.04099	0.07359	0.01254	0.07079	0.01718	0.01174	0.03099	0.02111	0.01246	0.00787	0.00524	0.00528	0.00173	0.00780	0.00437	0.00252	0.00792
70	0.01093	0.02820	0.78016	0.01554	0.02360	0.01266	0.02014	0.01727	0.01151	0.01727	0.00978	0.01151	0.00691	0.00518	0.00518	0.00173	0.00806	0.00403	0.00230	0.00806
71	0.02314	0.00899	0.01223	0.00948	0.01346	0.00779	0.00779	0.02528	0.01559	0.71842	0.08076	0.02031	0.01649	0.00710	0.00556	0.00169	0.00448	0.00583	0.00669	0.00895
72	0.03227	0.02537	0.63043	0.01556	0.04319	0.03018	0.03722	0.01844	0.08333	0.01790	0.01093	0.01238	0.00789	0.00537	0.00520	0.00173	0.00763	0.00428	0.00267	0.00802
73	0.01272	0.11292	0.01453	0.03303	0.12861	0.01030	0.03282	0.08834	0.01320	0.10476	0.06391	0.20824	0.03728	0.08554	0.00785	0.00211	0.00498	0.02799	0.00432	0.00654
74	0.01308	0.01446	0.09410	0.07797	0.58439	0.02627	0.04888	0.01660	0.01216	0.01726	0.01007	0.01330	0.00829	0.00509	0.00586	0.00167	0.03485	0.00482	0.00264	0.00823
75	0.01376	0.01566	0.11182	0.02090	0.02657	0.01311	0.60345	0.01831	0.01298	0.08990	0.01189	0.01472	0.00862	0.00486	0.00621	0.00181	0.00863	0.00608	0.00309	0.00761
76	0.01233	0.03410	0.11293	0.19570	0.13849	0.03191	0.29460	0.01656	0.02685	0.01631	0.01029	0.01379	0.00797	0.00530	0.00653	0.00180	0.05937	0.00529	0.00264	0.00724
77	0.38005	0.32677	0.03653	0.11924	0.01603	0.01591	0.00891	0.01588	0.01027	0.01821	0.00794	0.00968	0.00655	0.00496	0.00376	0.00150	0.00538	0.00323	0.00280	0.00641
78	0.36453	0.21895	0.07587	0.08399	0.01562	0.03541	0.00919	0.01749	0.03179	0.08935	0.00968	0.01082	0.00743	0.00524	0.00404	0.00156	0.00542	0.00355	0.00329	0.00677

[dist]
# distance from previous block
# <min> <max>
6	10

[block]
# block no. 1 follows, 44 sequences, length 9
# corresponding to MSA columns:
# 227-235
name=unknown_B
#
# <colnr> <probs for GDERKNQSTAVLIFYWHMCP>
#	G	D	E	R	K	N	Q	S	T	A	V	L	I	F	Y	W	H	M	C	P
0	0.01720	0.01683	0.01780	0.18268	0.08449	0.22964	0.06926	0.27544	0.01758	0.02148	0.01067	0.01265	0.00809	0.00576	0.00537	0.00162	0.00762	0.00462	0.00364	0.00756
1	0.18962	0.01513	0.04338	0.13524	0.25286	0.16925	0.01239	0.04041	0.05975	0.01852	0.01006	0.01228	0.00799	0.00536	0.00489	0.00164	0.00671	0.00424	0.00307	0.00721
2	0.00732	0.00544	0.00691	0.07153	0.00964	0.00536	0.00519	0.00826	0.00999	0.01298	0.02820	0.37910	0.14273	0.26669	0.01335	0.00310	0.00411	0.01160	0.00429	0.00423
3	0.00815	0.00577	0.00707	0.00729	0.00826	0.00555	0.00508	0.01051	0.06834	0.03921	0.21316	0.34292	0.10421	0.13712	0.00986	0.00249	0.00344	0.01155	0.00511	0.00491
4	0.11117	0.14848	0.34748	0.01395	0.01987	0.06228	0.10311	0.07831	0.01287	0.04042	0.00985	0.01137	0.00736	0.00520	0.00486	0.00162	0.00723	0.00409	0.00290	0.00758
5	0.01253	0.01181	0.01802	0.42964	0.27591	0.04144	0.01488	0.06228	0.04904	0.01689	0.01065	0.01421	0.00829	0.00543	0.00542	0.00173	0.00688	0.00487	0.00287	0.00724
6	0.00876	0.00490	0.00708	0.00740	0.00758	0.00488	0.00508	0.00760	0.00817	0.01091	0.01508	0.16818	0.01643	0.05229	0.04995	0.56189	0.00489	0.05276	0.00310	0.00306
7	0.00985	0.00790	0.02664	0.00866	0.01051	0.02505	0.00704	0.03973	0.09906	0.04429	0.14438	0.07371	0.17359	0.07762	0.00830	0.00229	0.00428	0.22644	0.00506	0.00561
8	0.01397	0.04234	0.01271	0.07326	0.01451	0.01189	0.00829	0.32736	0.06882	0.02252	0.01696	0.15555	0.01621	0.15169	0.03693	0.00264	0.00566	0.00732	0.00455	0.00682

[dist]
# distance from previous block
# <min> <max>
1	5

[block]
# block no. 2 follows, 44 sequences, length 48
# corresponding to MSA columns:
# 241-288
name=unknown_C
#
# <colnr> <probs for GDERKNQSTAVLIFYWHMCP>
#	G	D	E	R	K	N	Q	S	T	A	V	L	I	F	Y	W	H	M	C	P
0	0.01221	0.01194	0.01855	0.39301	0.35950	0.05689	0.01524	0.01544	0.01174	0.01551	0.01008	0.01440	0.00821	0.02786	0.00603	0.00180	0.00701	0.00486	0.00259	0.00713
1	0.03796	0.03988	0.01568	0.19918	0.03912	0.09479	0.06321	0.07100	0.05305	0.09563	0.02890	0.01407	0.00977	0.00545	0.00502	0.00147	0.00611	0.00455	0.00362	0.21152
2	0.18130	0.09811	0.26019	0.01217	0.03073	0.01179	0.07495	0.01588	0.01166	0.06336	0.03196	0.02064	0.08210	0.00702	0.00514	0.00175	0.00601	0.07495	0.00343	0.00686
3	0.06103	0.15096	0.01744	0.01334	0.04272	0.48200	0.01024	0.10339	0.04124	0.01667	0.00931	0.01046	0.00760	0.00557	0.00471	0.00143	0.00815	0.00368	0.00315	0.00690
4	0.00853	0.00598	0.00747	0.00702	0.00871	0.00534	0.00539	0.01079	0.01434	0.05814	0.48533	0.05701	0.19393	0.01152	0.00636	0.00176	0.00296	0.05940	0.00563	0.04441
5	0.01103	0.04830	0.76087	0.01538	0.02335	0.01289	0.01987	0.01724	0.01150	0.01715	0.00973	0.01144	0.00691	0.00517	0.00514	0.00171	0.00800	0.00400	0.00230	0.00803
6	0.01154	0.01165	0.08167	0.00950	0.01456	0.00828	0.03905	0.03759	0.01183	0.01816	0.01027	0.02729	0.00857	0.00450	0.00434	0.00099	0.00466	0.00373	0.00323	0.68858
7	0.76964	0.01099	0.00879	0.00767	0.01114	0.01267	0.00632	0.08525	0.01081	0.02539	0.00811	0.00925	0.00622	0.00520	0.00357	0.00168	0.00438	0.00314	0.00357	0.00622
8	0.00893	0.00648	0.00814	0.00739	0.00896	0.00624	0.00563	0.08005	0.01639	0.02303	0.70059	0.03814	0.04750	0.01072	0.00634	0.00171	0.00289	0.00940	0.00595	0.00553
9	0.84691	0.01054	0.00801	0.00717	0.01054	0.01223	0.00590	0.01603	0.00928	0.02446	0.00759	0.00886	0.00590	0.00506	0.00337	0.00169	0.00422	0.00295	0.00337	0.00590
10	0.01243	0.01169	0.01964	0.15908	0.57854	0.01209	0.01521	0.01544	0.01174	0.01648	0.01081	0.01574	0.00945	0.08011	0.00750	0.00200	0.00650	0.00514	0.00271	0.00770
11	0.00930	0.00512	0.00752	0.00784	0.00815	0.00512	0.00575	0.00815	0.00846	0.01118	0.01432	0.02781	0.01495	0.01797	0.01786	0.63156	0.00481	0.18807	0.00303	0.00303
12	0.00772	0.00557	0.00729	0.00686	0.00814	0.00514	0.00514	0.01029	0.01543	0.02186	0.77152	0.04072	0.05144	0.01115	0.00643	0.00171	0.00257	0.00986	0.00600	0.00514
13	0.02107	0.01471	0.01601	0.01228	0.01663	0.01607	0.01014	0.68798	0.02469	0.10392	0.01388	0.01360	0.00967	0.00656	0.00546	0.00164	0.00587	0.00496	0.00557	0.00927
14	0.00802	0.00620	0.00947	0.08232	0.01234	0.00731	0.00759	0.01013	0.00896	0.01277	0.01414	0.02077	0.01303	0.03757	0.71372	0.00811	0.01392	0.00575	0.00287	0.00498
15	0.00666	0.00483	0.00624	0.00735	0.00780	0.00447	0.00492	0.00762	0.01055	0.01389	0.03201	0.71104	0.10441	0.04089	0.00754	0.00227	0.00319	0.01489	0.00501	0.00441
16	0.01895	0.02518	0.08749	0.01569	0.07632	0.65406	0.01191	0.02096	0.01485	0.01406	0.00870	0.01027	0.00714	0.00552	0.00498	0.00145	0.00940	0.00366	0.00275	0.00666
17	0.01030	0.00969	0.01635	0.79530	0.03755	0.01211	0.01514	0.01393	0.01090	0.01393	0.00969	0.01453	0.00727	0.00545	0.00545	0.00182	0.00727	0.00484	0.00242	0.00606
18	0.01093	0.02820	0.78016	0.01554	0.02360	0.01266	0.02014	0.01727	0.01151	0.01727	0.00978	0.01151	0.00691	0.00518	0.00518	0.00173	0.00806	0.00403	0.00230	0.00806
19	0.01253	0.01197	0.02039	0.26242	0.55295	0.01270	0.01625	0.01589	0.01196	0.01664	0.01009	0.01381	0.00822	0.00504	0.00541	0.00168	0.00671	0.00485	0.00262	0.00786
20	0.01332	0.01278	0.02182	0.07476	0.73446	0.01291	0.01665	0.01658	0.01233	0.01760	0.01022	0.01355	0.00856	0.00489	0.00540	0.00163	0.00652	0.00486	0.00268	0.00850
21	0.00663	0.00478	0.00629	0.00749	0.00788	0.00444	0.00502	0.00760	0.01053	0.01395	0.03123	0.76960	0.07054	0.01693	0.00693	0.00220	0.00314	0.01531	0.00506	0.00444
22	0.01477	0.78465	0.02812	0.00949	0.01409	0.04790	0.00937	0.01651	0.01123	0.01284	0.00761	0.00878	0.00700	0.00470	0.00355	0.00117	0.00597	0.00294	0.00235	0.00697
23	0.01963	0.01501	0.01611	0.01323	0.04620	0.03311	0.01042	0.62966	0.10790	0.03196	0.01390	0.01385	0.01003	0.00655	0.00545	0.00165	0.00591	0.00502	0.00530	0.00911
24	0.00769	0.00567	0.00775	0.00796	0.00912	0.00517	0.03942	0.00917	0.01171	0.04139	0.10145	0.47264	0.19645	0.01480	0.00675	0.00207	0.00344	0.04739	0.00510	0.00486
25	0.00888	0.00607	0.00769	0.00707	0.00858	0.00566	0.00532	0.03712	0.01530	0.05680	0.63104	0.03929	0.09528	0.04318	0.00721	0.00186	0.00291	0.00951	0.00584	0.00537
26	0.84691	0.01054	0.00801	0.00717	0.01054	0.01223	0.00590	0.01603	0.00928	0.02446	0.00759	0.00886	0.00590	0.00506	0.00337	0.00169	0.00422	0.00295	0.00337	0.00590
27	0.01182	0.01167	0.05368	0.41455	0.04441	0.01220	0.13162	0.08546	0.01279	0.01743	0.03379	0.01509	0.00935	0.00566	0.00585	0.00173	0.03163	0.00514	0.04459	0.05153
28	0.01074	0.01000	0.01697	0.61192	0.09085	0.01183	0.05903	0.01427	0.01113	0.01489	0.01026	0.01470	0.00785	0.00545	0.00560	0.00176	0.02090	0.00492	0.05302	0.02391
29	0.01130	0.00969	0.01130	0.00807	0.01292	0.00727	0.00646	0.01373	0.01130	0.01776	0.00969	0.01130	0.00807	0.00404	0.00404	0.00081	0.00404	0.00323	0.00323	0.84173
30	0.01433	0.00960	0.01076	0.00927	0.01202	0.03662	0.00728	0.08864	0.21501	0.17998	0.27144	0.02780	0.07630	0.00878	0.00585	0.00173	0.00405	0.00739	0.00581	0.00732
31	0.02028	0.00861	0.01148	0.00914	0.01274	0.00751	0.00738	0.03697	0.01508	0.57361	0.09407	0.08549	0.03428	0.00802	0.00564	0.00169	0.00428	0.00672	0.00630	0.05069
32	0.01130	0.00969	0.01130	0.00807	0.01292	0.00727	0.00646	0.01373	0.01130	0.01776	0.00969	0.01130	0.00807	0.00404	0.00404	0.00081	0.00404	0.00323	0.00323	0.84173
33	0.01295	0.00997	0.01331	0.01183	0.08445	0.00915	0.04179	0.05612	0.03598	0.10089	0.10146	0.03447	0.04177	0.00650	0.00593	0.00138	0.05938	0.00538	0.00410	0.36320
34	0.02375	0.00944	0.01268	0.00969	0.01394	0.00820	0.00800	0.04383	0.01565	0.72434	0.02075	0.01808	0.01314	0.00662	0.00541	0.00164	0.00464	0.00536	0.00655	0.04827
35	0.01130	0.00969	0.01130	0.00807	0.01292	0.00727	0.00646	0.01373	0.01130	0.01776	0.00969	0.01130	0.00807	0.00404	0.00404	0.00081	0.00404	0.00323	0.00323	0.84173
36	0.01357	0.01343	0.02274	0.04889	0.66550	0.03619	0.08552	0.01689	0.01251	0.01756	0.01026	0.01352	0.00852	0.00487	0.00548	0.00164	0.00685	0.00496	0.00270	0.00839
37	0.84691	0.01054	0.00801	0.00717	0.01054	0.01223	0.00590	0.01603	0.00928	0.02446	0.00759	0.00886	0.00590	0.00506	0.00337	0.00169	0.00422	0.00295	0.00337	0.00590
38	0.00660	0.00492	0.00614	0.00712	0.00778	0.00447	0.00485	0.00764	0.01089	0.01410	0.03576	0.63405	0.20317	0.01634	0.00684	0.00213	0.00307	0.01459	0.00506	0.00447
39	0.00779	0.00584	0.00876	0.00876	0.00974	0.00681	0.00681	0.00974	0.00876	0.01266	0.01460	0.02142	0.01363	0.04089	0.78680	0.00876	0.01460	0.00584	0.00292	0.00487
40	0.00660	0.00506	0.00606	0.00681	0.00772	0.00451	0.00473	0.00776	0.01132	0.01447	0.06275	0.50520	0.30605	0.01569	0.00675	0.00206	0.00300	0.01386	0.00509	0.00451
41	0.00779	0.00584	0.00876	0.00876	0.00974	0.00681	0.00681	0.00974	0.00876	0.01266	0.01460	0.02142	0.01363	0.04089	0.78680	0.00876	0.01460	0.00584	0.00292	0.00487
42	0.84691	0.01054	0.00801	0.00717	0.01054	0.01223	0.00590	0.01603	0.00928	0.02446	0.00759	0.00886	0.00590	0.00506	0.00337	0.00169	0.00422	0.00295	0.00337	0.00590
43	0.02019	0.05300	0.01597	0.01378	0.01676	0.70741	0.01048	0.07130	0.01598	0.01475	0.00871	0.01001	0.00717	0.00565	0.00490	0.00141	0.00943	0.00358	0.00297	0.00654
44	0.00772	0.00557	0.00729	0.00686	0.00814	0.00514	0.00514	0.01029	0.01543	0.02186	0.77152	0.04072	0.05144	0.01115	0.00643	0.00171	0.00257	0.00986	0.00600	0.00514
45	0.84691	0.01054	0.00801	0.00717	0.01054	0.01223	0.00590	0.01603	0.00928	0.02446	0.00759	0.00886	0.00590	0.00506	0.00337	0.00169	0.00422	0.00295	0.00337	0.00590
46	0.01850	0.01323	0.01410	0.01109	0.01482	0.01456	0.00907	0.59258	0.04635	0.03134	0.01427	0.01469	0.01039	0.00654	0.00515	0.00157	0.00529	0.00498	0.16303	0.00846
47	0.84691	0.01054	0.00801	0.00717	0.01054	0.01223	0.00590	0.01603	0.00928	0.02446	0.00759	0.00886	0.00590	0.00506	0.00337	0.00169	0.00422	0.00295	0.00337	0.00590

[dist]
# distance from previous block
# <min> <max>
0	11

[block]
# block no. 3 follows, 44 sequences, length 26
# corresponding to MSA columns:
# 300-325
name=unknown_D
#
# <colnr> <probs for GDERKNQSTAVLIFYWHMCP>
#	G	D	E	R	K	N	Q	S	T	A	V	L	I	F	Y	W	H	M	C	P
0	0.01349	0.01295	0.02213	0.03346	0.77440	0.01295	0.01673	0.01673	0.01241	0.01781	0.01025	0.01349	0.00864	0.00486	0.00540	0.00162	0.00648	0.00486	0.00270	0.00864
1	0.01356	0.01171	0.01233	0.01109	0.01418	0.01356	0.00863	0.02897	0.76455	0.02281	0.02219	0.02034	0.01664	0.00740	0.00555	0.00185	0.00431	0.00616	0.00555	0.00863
2	0.00851	0.00608	0.00847	0.00973	0.01086	0.00604	0.00831	0.01082	0.01228	0.01601	0.02902	0.15604	0.03197	0.01532	0.00746	0.00247	0.00478	0.64585	0.00503	0.00494
3	0.00664	0.00477	0.00630	0.00752	0.00789	0.00443	0.00503	0.00760	0.01051	0.01395	0.03096	0.77769	0.06263	0.01696	0.00694	0.00220	0.00315	0.01535	0.00506	0.00443
4	0.00879	0.00628	0.00879	0.01004	0.01130	0.00628	0.00879	0.01130	0.01255	0.01632	0.02887	0.06150	0.03138	0.01506	0.00753	0.00251	0.00502	0.73770	0.00502	0.00502
5	0.01411	0.71204	0.12416	0.01012	0.01521	0.02044	0.01070	0.01644	0.01113	0.01339	0.00786	0.00910	0.00698	0.00473	0.00371	0.00124	0.00611	0.00306	0.00233	0.00713
6	0.00851	0.00608	0.00847	0.00973	0.01086	0.00604	0.00831	0.01082	0.01228	0.01601	0.02902	0.15604	0.03197	0.01532	0.00746	0.00247	0.00478	0.64585	0.00503	0.00494
7	0.00793	0.00529	0.00595	0.00595	0.00595	0.00529	0.00330	0.00793	0.00793	0.01057	0.01718	0.03568	0.01982	0.80840	0.02775	0.00529	0.00529	0.00793	0.00330	0.00330
8	0.00781	0.00574	0.00826	0.00826	0.00905	0.00654	0.00618	0.00941	0.00861	0.01228	0.01507	0.02398	0.01474	0.17894	0.65027	0.00814	0.01293	0.00622	0.00299	0.00459
9	0.24106	0.01415	0.01559	0.03487	0.22003	0.07989	0.01100	0.27782	0.01646	0.02497	0.01037	0.01181	0.00796	0.00559	0.00483	0.00163	0.00600	0.00425	0.00386	0.00787
10	0.02377	0.01038	0.01333	0.01022	0.01447	0.00965	0.00845	0.16087	0.01745	0.64126	0.01996	0.01755	0.01272	0.00671	0.00548	0.00168	0.00489	0.00538	0.00651	0.00928
11	0.01597	0.01191	0.01294	0.01112	0.01453	0.01333	0.00880	0.13238	0.56392	0.12053	0.02080	0.01908	0.01519	0.00719	0.00553	0.00180	0.00460	0.00590	0.00569	0.00880
12	0.01212	0.17660	0.49664	0.01615	0.08939	0.03190	0.05159	0.01701	0.01169	0.01636	0.00987	0.01242	0.00771	0.00526	0.00498	0.00162	0.00751	0.02097	0.00244	0.00776
13	0.81723	0.01050	0.00818	0.00726	0.01066	0.01208	0.00598	0.01641	0.00951	0.05166	0.00809	0.00921	0.00618	0.00512	0.00345	0.00169	0.00423	0.00304	0.00350	0.00603
14	0.00693	0.00553	0.00623	0.00630	0.00785	0.00483	0.00476	0.00864	0.01304	0.01655	0.23046	0.10533	0.49078	0.01346	0.00655	0.00188	0.00289	0.05795	0.00529	0.00475
15	0.00721	0.00555	0.00659	0.00633	0.00784	0.00493	0.00475	0.00932	0.01425	0.01905	0.48889	0.04536	0.33583	0.01220	0.00644	0.00176	0.00265	0.01051	0.00563	0.00493
16	0.01273	0.01221	0.02078	0.21085	0.55118	0.01280	0.04083	0.01651	0.03737	0.01706	0.01055	0.01401	0.00857	0.00507	0.00545	0.00168	0.00668	0.00495	0.00273	0.00799
17	0.01193	0.01193	0.01670	0.01431	0.01431	0.01670	0.01193	0.01312	0.00835	0.01312	0.00716	0.01193	0.00716	0.00954	0.01789	0.00239	0.79843	0.00477	0.00239	0.00596
18	0.01030	0.00969	0.01635	0.79530	0.03755	0.01211	0.01514	0.01393	0.01090	0.01393	0.00969	0.01453	0.00727	0.00545	0.00545	0.00182	0.00727	0.00484	0.00242	0.00606
19	0.01081	0.01062	0.01916	0.64508	0.05615	0.01242	0.13910	0.01460	0.01127	0.01463	0.00993	0.01454	0.00747	0.00529	0.00561	0.00182	0.00757	0.00511	0.00249	0.00634
20	0.01030	0.00969	0.01635	0.79530	0.03755	0.01211	0.01514	0.01393	0.01090	0.01393	0.00969	0.01453	0.00727	0.00545	0.00545	0.00182	0.00727	0.00484	0.00242	0.00606
21	0.00784	0.00538	0.00653	0.00651	0.00682	0.00545	0.00409	0.00847	0.00908	0.01241	0.11319	0.06011	0.02352	0.57254	0.13107	0.00522	0.00618	0.00813	0.00365	0.00380
22	0.01193	0.01193	0.01670	0.01431	0.01431	0.01670	0.01193	0.01312	0.00835	0.01312	0.00716	0.01193	0.00716	0.00954	0.01789	0.00239	0.79843	0.00477	0.00239	0.00596
23	0.00793	0.00529	0.00595	0.00595	0.00595	0.00529	0.00330	0.00793	0.00793	0.01057	0.01718	0.03568	0.01982	0.80840	0.02775	0.00529	0.00529	0.00793	0.00330	0.00330
24	0.01224	0.01244	0.01665	0.01430	0.01441	0.04481	0.01188	0.01344	0.00861	0.01313	0.00720	0.01185	0.00715	0.00940	0.01742	0.00235	0.76963	0.00472	0.00240	0.00598
25	0.01265	0.02579	0.68254	0.01480	0.02236	0.01207	0.01860	0.01845	0.01203	0.11404	0.01127	0.01241	0.00774	0.00538	0.00522	0.00172	0.00762	0.00421	0.00287	0.00821

[dist]
# distance from previous block
# <min> <max>
0	9

[block]
# block no. 4 follows, 44 sequences, length 20
# corresponding to MSA columns:
# 335-354
name=unknown_E
#
# <colnr> <probs for GDERKNQSTAVLIFYWHMCP>
#	G	D	E	R	K	N	Q	S	T	A	V	L	I	F	Y	W	H	M	C	P
0	0.02446	0.00928	0.01265	0.00970	0.01392	0.00801	0.00801	0.02657	0.01560	0.77817	0.02151	0.01856	0.01350	0.00675	0.00548	0.00169	0.00464	0.00548	0.00675	0.00928
1	0.00879	0.00628	0.00879	0.01004	0.01130	0.00628	0.00879	0.01130	0.01255	0.01632	0.02887	0.06150	0.03138	0.01506	0.00753	0.00251	0.00502	0.73770	0.00502	0.00502
2	0.00664	0.00474	0.00633	0.00759	0.00791	0.00443	0.00506	0.00759	0.01044	0.01392	0.03005	0.80485	0.03606	0.01708	0.00696	0.00221	0.00316	0.01550	0.00506	0.00443
3	0.01212	0.02241	0.46362	0.07061	0.20712	0.05331	0.06040	0.01717	0.01197	0.01699	0.00989	0.01228	0.00743	0.00511	0.00531	0.00170	0.00778	0.00439	0.00246	0.00794
4	0.00644	0.00552	0.00552	0.00552	0.00736	0.00460	0.00414	0.00782	0.01243	0.01473	0.05523	0.05247	0.77218	0.01381	0.00644	0.00184	0.00276	0.01151	0.00506	0.00460
5	0.01614	0.01894	0.01608	0.01418	0.01558	0.40093	0.01123	0.01744	0.01189	0.01323	0.00779	0.01088	0.00709	0.00758	0.01141	0.00190	0.40482	0.00414	0.00260	0.00614
6	0.01152	0.16012	0.51271	0.01322	0.01954	0.01315	0.01588	0.01630	0.01137	0.03959	0.03475	0.01332	0.00933	0.00944	0.09481	0.00244	0.00814	0.00428	0.00263	0.00745
7	0.01189	0.05727	0.01855	0.14259	0.01948	0.01498	0.10346	0.01394	0.00976	0.03015	0.00969	0.05791	0.00909	0.00835	0.01273	0.00213	0.46365	0.00551	0.00268	0.00619
8	0.00879	0.00628	0.00879	0.01004	0.01130	0.00628	0.00879	0.01130	0.01255	0.01632	0.02887	0.06150	0.03138	0.01506	0.00753	0.00251	0.00502	0.73770	0.00502	0.00502
9	0.01193	0.01193	0.01670	0.01431	0.01431	0.01670	0.01193	0.01312	0.00835	0.01312	0.00716	0.01193	0.00716	0.00954	0.01789	0.00239	0.79843	0.00477	0.00239	0.00596
10	0.01357	0.14317	0.03914	0.03804	0.42961	0.05016	0.03663	0.01645	0.01235	0.04232	0.01235	0.01841	0.01110	0.00687	0.02188	0.00180	0.00661	0.08882	0.00304	0.00768
11	0.00791	0.00575	0.00705	0.00704	0.00839	0.00540	0.00523	0.00953	0.01231	0.05223	0.19815	0.21631	0.31739	0.01609	0.08099	0.00256	0.02659	0.01105	0.00507	0.00497
12	0.00956	0.00530	0.00817	0.09774	0.01060	0.00558	0.00593	0.00789	0.00754	0.00998	0.00950	0.01634	0.00922	0.01739	0.01948	0.74484	0.00503	0.00475	0.00237	0.00279
13	0.01413	0.01430	0.02109	0.06753	0.65218	0.10186	0.01594	0.01718	0.01269	0.01711	0.01002	0.01312	0.00838	0.00497	0.00534	0.00160	0.00690	0.00470	0.00270	0.00825
14	0.01606	0.03282	0.09118	0.10803	0.11386	0.28555	0.09820	0.10504	0.05004	0.01769	0.01038	0.01244	0.00810	0.00559	0.00555	0.00162	0.02291	0.00452	0.00312	0.00731
15	0.10917	0.01438	0.02442	0.13522	0.10477	0.08671	0.41156	0.01711	0.01236	0.01739	0.01011	0.01342	0.00777	0.00490	0.00568	0.00175	0.00811	0.00536	0.00278	0.00703
16	0.09023	0.12742	0.05697	0.01154	0.09904	0.01020	0.00880	0.01365	0.01293	0.04888	0.27954	0.02939	0.05239	0.00891	0.00601	0.00175	0.03149	0.10028	0.00437	0.00621
17	0.01213	0.13644	0.38986	0.02958	0.05649	0.01254	0.01451	0.03748	0.03772	0.06169	0.01411	0.10610	0.01255	0.00723	0.00533	0.00174	0.00651	0.04729	0.00326	0.00742
18	0.03397	0.20619	0.41168	0.01653	0.10758	0.03891	0.07913	0.01711	0.01169	0.01638	0.00934	0.01125	0.00722	0.00498	0.00487	0.00158	0.00741	0.00403	0.00244	0.00771
19	0.01338	0.01324	0.02089	0.07829	0.53857	0.05645	0.07149	0.01655	0.01240	0.01727	0.01011	0.01319	0.00836	0.00483	0.00530	0.00154	0.00665	0.00471	0.00275	0.10403

[dist]
# distance from previous block
# <min> <max>
0	4

[block]
# block no. 5 follows, 44 sequences, length 35
# corresponding to MSA columns:
# 359-393
name=unknown_F
#
# <colnr> <probs for GDERKNQSTAVLIFYWHMCP>
#	G	D	E	R	K	N	Q	S	T	A	V	L	I	F	Y	W	H	M	C	P
0	0.01918	0.01580	0.01503	0.01192	0.01581	0.14202	0.00957	0.51118	0.02150	0.04293	0.01249	0.01367	0.00945	0.04166	0.00620	0.00168	0.00634	0.00469	0.02227	0.07661
1	0.01029	0.00869	0.01324	0.02317	0.01403	0.00848	0.14909	0.10872	0.03133	0.01833	0.06748	0.33346	0.08122	0.01161	0.00645	0.00195	0.00487	0.06008	0.00462	0.04288
2	0.01129	0.01402	0.10408	0.04238	0.02353	0.01193	0.47602	0.01525	0.01232	0.01659	0.01857	0.04522	0.13482	0.00680	0.00678	0.00186	0.04143	0.00718	0.00314	0.00678
3	0.01929	0.01635	0.01542	0.01236	0.01622	0.15788	0.00997	0.52571	0.03930	0.02816	0.01238	0.01308	0.00924	0.00836	0.05253	0.00199	0.00710	0.00466	0.00472	0.04527
4	0.09584	0.01368	0.01518	0.14091	0.01944	0.02725	0.01056	0.48297	0.07693	0.04460	0.01280	0.01354	0.00924	0.00628	0.00526	0.00168	0.00595	0.00480	0.00475	0.00833
5	0.01045	0.00650	0.00768	0.00701	0.00909	0.00581	0.00536	0.02851	0.02999	0.15187	0.23379	0.08465	0.36418	0.02226	0.00654	0.00184	0.00320	0.00993	0.00560	0.00573
6	0.01511	0.00977	0.01099	0.00910	0.01139	0.01027	0.00678	0.30704	0.01595	0.11813	0.01606	0.02423	0.01470	0.37176	0.03216	0.00345	0.00568	0.00637	0.00459	0.00647
7	0.16580	0.01792	0.14065	0.01227	0.01687	0.11280	0.01120	0.41000	0.01911	0.02712	0.01098	0.01166	0.00800	0.00594	0.00497	0.00163	0.00651	0.00424	0.00423	0.00810
8	0.00977	0.00555	0.00779	0.00726	0.00806	0.00515	0.00502	0.00819	0.00779	0.01084	0.00951	0.01570	0.00924	0.01648	0.01846	0.70284	0.00462	0.00449	0.00251	0.14071
9	0.00658	0.00553	0.00572	0.00567	0.00745	0.00466	0.00425	0.00810	0.01276	0.01552	0.13452	0.05117	0.69240	0.01351	0.00644	0.00183	0.00274	0.01132	0.00517	0.00466
10	0.01237	0.05523	0.01297	0.03383	0.05129	0.01032	0.00934	0.11941	0.06633	0.03866	0.01918	0.03350	0.01865	0.00968	0.00653	0.00189	0.04022	0.31194	0.00441	0.14425
11	0.07640	0.03060	0.01490	0.01263	0.01583	0.35798	0.00990	0.21426	0.14076	0.02116	0.01179	0.01243	0.00912	0.00628	0.00562	0.00160	0.04302	0.00432	0.00397	0.00744
12	0.00741	0.00556	0.00715	0.00767	0.00873	0.00490	0.00529	0.00860	0.01058	0.01455	0.02669	0.67406	0.03145	0.01493	0.00648	0.00198	0.00331	0.01348	0.00476	0.14243
13	0.01310	0.01075	0.01227	0.00893	0.01368	0.00910	0.00720	0.15504	0.01403	0.02092	0.01034	0.01164	0.00830	0.00451	0.00431	0.00097	0.00441	0.00355	0.00365	0.68329
14	0.00769	0.00523	0.00615	0.00632	0.00651	0.00513	0.00379	0.00813	0.00916	0.01235	0.10136	0.16300	0.02594	0.59125	0.02200	0.00439	0.00464	0.00939	0.00389	0.00369
15	0.01406	0.64778	0.16604	0.01059	0.01583	0.03965	0.01134	0.01664	0.01127	0.01365	0.00801	0.00928	0.00698	0.00478	0.00384	0.00127	0.00634	0.00313	0.00234	0.00717
16	0.03212	0.14461	0.07662	0.01077	0.01453	0.03519	0.00957	0.16783	0.17794	0.10187	0.04761	0.03668	0.03076	0.00777	0.00568	0.01998	0.00533	0.06284	0.00463	0.00766
17	0.01520	0.01242	0.01984	0.09967	0.55910	0.03412	0.01497	0.01824	0.01289	0.14264	0.01200	0.01432	0.00926	0.00525	0.00540	0.00164	0.00634	0.00492	0.00334	0.00844
18	0.00996	0.00691	0.00827	0.00756	0.00952	0.00669	0.00579	0.01438	0.13834	0.08955	0.44265	0.03759	0.18015	0.01064	0.00620	0.00176	0.00308	0.00917	0.00581	0.00599
19	0.01335	0.01275	0.02172	0.03274	0.75078	0.01275	0.01649	0.01656	0.01242	0.01776	0.01083	0.01498	0.00934	0.00517	0.00546	0.00165	0.00643	0.02754	0.00277	0.00852
20	0.01159	0.15695	0.63518	0.01473	0.02215	0.01416	0.03908	0.01712	0.01148	0.01654	0.00946	0.01114	0.00696	0.00508	0.00494	0.00164	0.00772	0.00391	0.00232	0.00786
21	0.00947	0.00473	0.00710	0.00710	0.00710	0.00473	0.00473	0.00710	0.00710	0.00947	0.00947	0.01657	0.00947	0.01894	0.02131	0.84138	0.00473	0.00473	0.00237	0.00237
22	0.00674	0.00490	0.00636	0.00734	0.00789	0.00452	0.00499	0.00790	0.01113	0.01483	0.11086	0.66087	0.09920	0.01618	0.00686	0.00213	0.00307	0.01457	0.00516	0.00452
23	0.01625	0.01110	0.13697	0.00946	0.01339	0.00768	0.00885	0.01896	0.01420	0.39285	0.12690	0.04517	0.15725	0.00862	0.00577	0.00174	0.00454	0.00717	0.00557	0.00755
24	0.33871	0.01108	0.05650	0.00917	0.01330	0.01019	0.00800	0.04573	0.01326	0.42003	0.01521	0.01424	0.01006	0.00600	0.00466	0.00169	0.00472	0.00441	0.00515	0.00791
25	0.01316	0.02508	0.65366	0.01458	0.02200	0.01190	0.01814	0.01880	0.01218	0.14267	0.01172	0.01267	0.00799	0.00544	0.00523	0.00172	0.00749	0.00427	0.00303	0.00826
26	0.01093	0.02820	0.78016	0.01554	0.02360	0.01266	0.02014	0.01727	0.01151	0.01727	0.00978	0.01151	0.00691	0.00518	0.00518	0.00173	0.00806	0.00403	0.00230	0.00806
27	0.01144	0.01051	0.01702	0.46600	0.21485	0.01203	0.02689	0.03911	0.04913	0.01579	0.01119	0.01622	0.00916	0.06988	0.00725	0.00204	0.00676	0.00519	0.00282	0.00673
28	0.00781	0.00575	0.00830	0.00830	0.00911	0.00656	0.00624	0.00944	0.00862	0.01231	0.01503	0.02377	0.01465	0.16739	0.66170	0.00819	0.01307	0.00619	0.00298	0.00461
29	0.01292	0.01533	0.14700	0.02952	0.60575	0.01274	0.04018	0.01669	0.01228	0.01767	0.01073	0.01456	0.00898	0.00519	0.00545	0.00167	0.00678	0.02545	0.00270	0.00840
30	0.01443	0.01363	0.05112	0.02004	0.05935	0.01245	0.51285	0.01833	0.01298	0.14253	0.01338	0.05003	0.01029	0.00571	0.00663	0.00184	0.03688	0.00647	0.00349	0.00757
31	0.03083	0.06799	0.59743	0.01533	0.02244	0.02853	0.09130	0.01699	0.01182	0.01734	0.04341	0.01287	0.00900	0.00536	0.00522	0.00170	0.00775	0.00443	0.00255	0.00772
32	0.01031	0.00794	0.01020	0.00977	0.02633	0.00875	0.00746	0.01451	0.13701	0.05837	0.29094	0.11399	0.05559	0.02247	0.00856	0.00202	0.13453	0.07018	0.00505	0.00601
33	0.01261	0.01399	0.02896	0.07295	0.05033	0.01400	0.59408	0.01669	0.01218	0.01672	0.01045	0.01432	0.00808	0.00525	0.00771	0.00190	0.10386	0.00608	0.00269	0.00714
34	0.01202	0.01082	0.06191	0.01202	0.01501	0.01009	0.10053	0.17813	0.05063	0.02066	0.03921	0.05391	0.08131	0.02448	0.00692	0.00212	0.00564	0.30335	0.00469	0.00654

[dist]
# distance from previous block
# <min> <max>
0	1

[block]
# block no. 6 follows, 44 sequences, length 108
# corresponding to MSA columns:
# 395-408,411-501,504-506
name=unknown_G
#
# <colnr> <probs for GDERKNQSTAVLIFYWHMCP>
#	G	D	E	R	K	N	Q	S	T	A	V	L	I	F	Y	W	H	M	C	P
0	0.01483	0.01447	0.02118	0.02934	0.61112	0.08762	0.03324	0.08815	0.01398	0.01896	0.01037	0.01313	0.00853	0.00509	0.00538	0.00161	0.00682	0.00477	0.00297	0.00844
1	0.01671	0.01885	0.01566	0.01374	0.01558	0.39462	0.01084	0.08847	0.01352	0.01524	0.00872	0.01148	0.00762	0.00888	0.04853	0.00215	0.29586	0.00422	0.00291	0.00640
2	0.00644	0.00552	0.00552	0.00552	0.00736	0.00460	0.00414	0.00782	0.01243	0.01473	0.05523	0.05247	0.77218	0.01381	0.00644	0.00184	0.00276	0.01151	0.00506	0.00460
3	0.00664	0.00474	0.00633	0.00759	0.00791	0.00443	0.00506	0.00759	0.01044	0.01392	0.03005	0.80485	0.03606	0.01708	0.00696	0.00221	0.00316	0.01550	0.00506	0.00443
4	0.01179	0.01015	0.01063	0.00877	0.01216	0.08168	0.00670	0.04610	0.01225	0.04348	0.01562	0.22540	0.01576	0.00791	0.00502	0.00131	0.00446	0.00672	0.00390	0.47017
5	0.02293	0.08764	0.01432	0.00982	0.01404	0.00986	0.00825	0.05105	0.04560	0.64751	0.01989	0.01748	0.01284	0.00656	0.00529	0.00164	0.00479	0.00524	0.00622	0.00903
6	0.00772	0.00557	0.00729	0.00686	0.00814	0.00514	0.00514	0.01029	0.01543	0.02186	0.77152	0.04072	0.05144	0.01115	0.00643	0.00171	0.00257	0.00986	0.00600	0.00514
7	0.02446	0.00928	0.01265	0.00970	0.01392	0.00801	0.00801	0.02657	0.01560	0.77817	0.02151	0.01856	0.01350	0.00675	0.00548	0.00169	0.00464	0.00548	0.00675	0.00928
8	0.01458	0.81168	0.02857	0.00933	0.01399	0.02157	0.00933	0.01632	0.01108	0.01283	0.00758	0.00875	0.00700	0.00466	0.00350	0.00117	0.00583	0.00292	0.00233	0.00700
9	0.01344	0.01492	0.09395	0.05023	0.61983	0.05757	0.01646	0.01686	0.01247	0.01736	0.01056	0.01432	0.00891	0.00520	0.00540	0.00164	0.00681	0.02306	0.00272	0.00829
10	0.00777	0.00522	0.00599	0.00614	0.00618	0.00518	0.00351	0.00789	0.00823	0.01097	0.01871	0.12727	0.02175	0.71417	0.02527	0.00492	0.00503	0.00883	0.00351	0.00344
11	0.00675	0.00487	0.00621	0.00723	0.00766	0.00453	0.00479	0.00765	0.01037	0.01366	0.03116	0.65466	0.10500	0.09704	0.00902	0.00249	0.00334	0.01435	0.00488	0.00433
12	0.08793	0.00596	0.00704	0.00680	0.00825	0.00568	0.00509	0.01026	0.01397	0.02043	0.53527	0.11662	0.13382	0.01149	0.00619	0.00178	0.00281	0.00997	0.00554	0.00508
13	0.03507	0.60250	0.04351	0.01031	0.01477	0.11346	0.00976	0.08796	0.01297	0.01533	0.00826	0.00936	0.00719	0.00498	0.00390	0.00127	0.00635	0.00321	0.00271	0.00713
14	0.08556	0.01140	0.02082	0.43956	0.03129	0.01254	0.27002	0.01531	0.01145	0.01624	0.01015	0.01422	0.00765	0.00514	0.00557	0.00180	0.00755	0.00523	0.02201	0.00647
15	0.01372	0.09163	0.11582	0.08561	0.07124	0.03388	0.35626	0.01759	0.01258	0.09044	0.01272	0.01510	0.03344	0.00538	0.00591	0.00173	0.02090	0.00554	0.00309	0.00742
16	0.14143	0.12888	0.08544	0.01002	0.01431	0.01203	0.00919	0.12069	0.01477	0.31451	0.03025	0.01747	0.03651	0.00666	0.00498	0.00165	0.00517	0.03323	0.00488	0.00794
