[name]
unknown

[dist]
# distance from previous block
# <min> <max>
5	100

[block]
# block no. 0 follows, 45 sequences, length 30
# corresponding to MSA columns:
# 124-153
name=unknown_A
#
# <colnr> <probs for GDERKNQSTAVLIFYWHMCP>
#	G	D	E	R	K	N	Q	S	T	A	V	L	I	F	Y	W	H	M	C	P
0	0.03277	0.01642	0.01265	0.02798	0.01430	0.36401	0.00869	0.08782	0.04491	0.01679	0.06737	0.11172	0.01459	0.00917	0.04564	0.00189	0.02598	0.00573	0.00366	0.08791
1	0.44273	0.02871	0.01187	0.06651	0.04656	0.03855	0.00818	0.17476	0.01339	0.04585	0.00947	0.01070	0.00717	0.00529	0.00415	0.00157	0.00505	0.00364	0.00371	0.07213
2	0.00972	0.00857	0.01288	0.09381	0.01470	0.01067	0.04377	0.03288	0.00940	0.01352	0.01193	0.03658	0.01123	0.05070	0.37237	0.00524	0.24819	0.00563	0.00279	0.00541
3	0.01201	0.01230	0.05209	0.29328	0.43439	0.01264	0.04142	0.01543	0.01152	0.01600	0.00979	0.01353	0.00790	0.00518	0.00587	0.00170	0.04015	0.00479	0.00254	0.00745
4	0.01230	0.12081	0.01154	0.00782	0.01045	0.00826	0.00634	0.01479	0.03255	0.17631	0.36898	0.05043	0.05985	0.02367	0.00593	0.00162	0.00363	0.00744	0.00521	0.07205
5	0.00925	0.00471	0.00707	0.00707	0.00711	0.00476	0.00476	0.00711	0.00707	0.00947	0.00956	0.01654	0.00952	0.01966	0.05692	0.80479	0.00512	0.00471	0.00236	0.00245
6	0.01087	0.02713	0.75140	0.01604	0.05507	0.01248	0.01969	0.01698	0.01137	0.01702	0.00965	0.01142	0.00687	0.00509	0.00511	0.00170	0.00787	0.00400	0.00228	0.00796
7	0.01435	0.81458	0.02813	0.00918	0.01378	0.02124	0.00918	0.01607	0.01091	0.01263	0.00746	0.00861	0.00689	0.00459	0.00344	0.00115	0.00574	0.00287	0.00230	0.00689
8	0.01154	0.01087	0.01665	0.01189	0.01684	0.00888	0.20839	0.01450	0.01154	0.01741	0.00990	0.01203	0.00800	0.00412	0.00461	0.00107	0.00534	0.00403	0.00306	0.61932
9	0.01854	0.01346	0.01442	0.01164	0.01534	0.04644	0.00953	0.49796	0.09222	0.09892	0.01551	0.01779	0.01190	0.00892	0.04763	0.00206	0.00617	0.05790	0.00522	0.00842
10	0.00799	0.00561	0.00644	0.00650	0.00688	0.00565	0.00401	0.00941	0.06333	0.01257	0.07221	0.14071	0.03753	0.57452	0.02110	0.00424	0.00462	0.00890	0.00386	0.00393
11	0.00720	0.00532	0.00578	0.00575	0.00657	0.00492	0.00372	0.00793	0.01013	0.01286	0.08648	0.04217	0.32732	0.43152	0.01734	0.00358	0.00401	0.00937	0.00414	0.00390
12	0.07062	0.01369	0.09369	0.11119	0.57281	0.01259	0.01589	0.01618	0.01176	0.01753	0.00981	0.01289	0.00801	0.00489	0.00516	0.00163	0.00646	0.00457	0.00264	0.00799
13	0.00950	0.00522	0.00799	0.00881	0.06042	0.00521	0.00549	0.00767	0.00747	0.01004	0.01007	0.04335	0.01017	0.01762	0.01941	0.75651	0.00473	0.00504	0.00244	0.00283
14	0.01213	0.01271	0.01611	0.62460	0.05623	0.16059	0.01409	0.01528	0.01164	0.01372	0.00932	0.01339	0.00715	0.00538	0.00526	0.00171	0.00761	0.00452	0.00247	0.00609
15	0.01329	0.01275	0.02179	0.03295	0.77787	0.01275	0.01647	0.01647	0.01222	0.01754	0.01010	0.01329	0.00850	0.00478	0.00531	0.00159	0.00638	0.00478	0.00266	0.00850
16	0.01024	0.00954	0.01602	0.75347	0.06080	0.01178	0.01468	0.01378	0.01080	0.01400	0.00976	0.01442	0.00736	0.00537	0.00533	0.00177	0.00701	0.00478	0.02309	0.00602
17	0.01486	0.59096	0.11596	0.01068	0.01537	0.14675	0.01065	0.01707	0.01167	0.01323	0.00786	0.00911	0.00688	0.00481	0.00387	0.00125	0.00665	0.00310	0.00237	0.00690
18	0.01964	0.01023	0.01267	0.00954	0.01390	0.00911	0.00782	0.14330	0.01574	0.43195	0.01636	0.01527	0.01102	0.00582	0.00497	0.00140	0.00461	0.00465	0.00541	0.25661
19	0.01174	0.01174	0.01644	0.01409	0.01409	0.01644	0.01174	0.01292	0.00822	0.01292	0.00705	0.01174	0.00705	0.00940	0.01762	0.00235	0.80153	0.00470	0.00235	0.00587
20	0.00760	0.00549	0.00718	0.00675	0.00802	0.00506	0.00506	0.01013	0.01519	0.02153	0.77503	0.04010	0.05065	0.01097	0.00633	0.00169	0.00253	0.00971	0.00591	0.00506
21	0.01254	0.01060	0.01199	0.00928	0.01343	0.00985	0.00740	0.08437	0.20431	0.02009	0.01289	0.01356	0.01017	0.00519	0.00487	0.00117	0.02714	0.00410	0.00393	0.53311
22	0.00654	0.00467	0.00623	0.00747	0.00779	0.00436	0.00498	0.00747	0.01028	0.01370	0.02959	0.80785	0.03550	0.01682	0.00685	0.00218	0.00311	0.01526	0.00498	0.00436
23	0.01074	0.01039	0.01618	0.37746	0.02478	0.01359	0.03432	0.01318	0.00954	0.01338	0.00882	0.01366	0.00757	0.00953	0.06512	0.00251	0.35608	0.00485	0.00241	0.00588
24	0.01301	0.00790	0.00821	0.00713	0.00926	0.00837	0.00562	0.22844	0.01530	0.02400	0.01618	0.01795	0.01242	0.00631	0.00422	0.00135	0.00349	0.00495	0.59970	0.00619
25	0.01185	0.01206	0.01821	0.01508	0.01572	0.01611	0.09857	0.01342	0.00874	0.01342	0.00749	0.01206	0.00717	0.00883	0.01630	0.00229	0.70937	0.00489	0.00239	0.00603
26	0.01364	0.46871	0.24968	0.01134	0.01679	0.01776	0.01236	0.06877	0.06639	0.01610	0.00951	0.01053	0.00770	0.00506	0.00421	0.00139	0.00629	0.00356	0.00273	0.00747
27	0.01778	0.01373	0.01463	0.01182	0.01564	0.01542	0.00957	0.48732	0.30217	0.02959	0.01623	0.01555	0.01183	0.00676	0.00540	0.00169	0.00529	0.00529	0.00540	0.00889
28	0.00734	0.00556	0.00685	0.00663	0.00805	0.00495	0.00490	0.00938	0.01362	0.01864	0.46988	0.15455	0.20428	0.01206	0.00629	0.00174	0.00273	0.01056	0.00544	0.04654
29	0.03115	0.04897	0.60843	0.01505	0.02203	0.01231	0.09371	0.01647	0.01168	0.01738	0.06459	0.01357	0.01006	0.00544	0.00522	0.00169	0.00750	0.00456	0.00260	0.00757

[dist]
# distance from previous block
# <min> <max>
0	13

[block]
# block no. 1 follows, 45 sequences, length 173
# corresponding to MSA columns:
# 167-339
name=unknown_B
#
# <colnr> <probs for GDERKNQSTAVLIFYWHMCP>
#	G	D	E	R	K	N	Q	S	T	A	V	L	I	F	Y	W	H	M	C	P
0	0.80362	0.01133	0.05012	0.00751	0.01108	0.01207	0.00658	0.01585	0.00925	0.02370	0.00759	0.00886	0.00587	0.00499	0.00342	0.00166	0.00436	0.00296	0.00326	0.00593
1	0.02127	0.01304	0.01476	0.01134	0.01553	0.01375	0.00936	0.52264	0.02196	0.25808	0.01548	0.01467	0.01048	0.00650	0.00534	0.00162	0.00543	0.00501	0.02470	0.00904
2	0.00660	0.00472	0.00628	0.00744	0.00780	0.00440	0.00499	0.00762	0.01054	0.01413	0.07017	0.76605	0.03633	0.01650	0.00682	0.00215	0.00308	0.01496	0.00503	0.00440
3	0.01161	0.05464	0.01901	0.45252	0.32893	0.01276	0.01522	0.01494	0.01133	0.01517	0.00965	0.01359	0.00767	0.00509	0.00524	0.00168	0.00677	0.00467	0.00249	0.00702
4	0.00769	0.00568	0.00825	0.00825	0.00907	0.00650	0.00624	0.00934	0.00851	0.01218	0.01473	0.02301	0.01425	0.14578	0.68570	0.00816	0.01312	0.00603	0.00293	0.00458
5	0.00932	0.00466	0.00699	0.00699	0.00699	0.00466	0.00466	0.00699	0.00699	0.00932	0.00932	0.01632	0.00932	0.01865	0.02098	0.84382	0.00466	0.00466	0.00233	0.00233
6	0.00989	0.00938	0.01223	0.03051	0.02672	0.08864	0.07007	0.01182	0.00995	0.01321	0.01527	0.05340	0.05391	0.04745	0.42026	0.00552	0.10733	0.00616	0.00299	0.00529
7	0.01230	0.07346	0.48052	0.05612	0.02365	0.03120	0.17065	0.01742	0.01186	0.05813	0.01034	0.01230	0.00746	0.00506	0.00527	0.00168	0.00784	0.00449	0.00262	0.00765
8	0.01017	0.00958	0.01611	0.78284	0.03652	0.01202	0.01484	0.01370	0.01068	0.01370	0.00949	0.01426	0.00715	0.00545	0.00561	0.00180	0.02297	0.00477	0.00238	0.00596
9	0.04171	0.01924	0.01528	0.10908	0.01883	0.39327	0.01067	0.25841	0.04757	0.02054	0.01044	0.01166	0.00800	0.00586	0.00506	0.00153	0.00779	0.00415	0.00368	0.00721
10	0.01500	0.01627	0.02022	0.02606	0.48432	0.22404	0.05492	0.01765	0.01282	0.01605	0.00947	0.01228	0.00796	0.00525	0.00598	0.00159	0.05530	0.00450	0.00267	0.00766
11	0.00884	0.00605	0.00776	0.00716	0.00869	0.00572	0.00543	0.01211	0.06055	0.06296	0.68864	0.03770	0.04655	0.01052	0.00623	0.00169	0.00275	0.00925	0.00592	0.00549
12	0.01582	0.61372	0.02491	0.01027	0.01450	0.16828	0.00948	0.06326	0.01262	0.01404	0.00796	0.00908	0.00703	0.00489	0.00383	0.00122	0.00651	0.00310	0.00258	0.00690
13	0.00776	0.00586	0.00806	0.05119	0.03167	0.00603	0.01877	0.00886	0.00971	0.01313	0.06784	0.31172	0.03974	0.28217	0.09040	0.00374	0.02488	0.01014	0.00394	0.00437
14	0.00975	0.00814	0.05098	0.05643	0.01215	0.00753	0.00742	0.08354	0.08732	0.04723	0.04151	0.48482	0.03939	0.01292	0.00632	0.00201	0.00408	0.02786	0.00485	0.00574
15	0.01273	0.04375	0.01016	0.00848	0.01058	0.12390	0.00654	0.01481	0.01459	0.16117	0.41190	0.09344	0.04718	0.00960	0.00585	0.00166	0.00417	0.00816	0.00533	0.00601
16	0.02118	0.01379	0.01534	0.01176	0.01603	0.01480	0.00971	0.60522	0.02316	0.19152	0.01464	0.01402	0.01001	0.00649	0.00538	0.00162	0.00562	0.00495	0.00564	0.00913
17	0.01509	0.12291	0.13037	0.03346	0.27300	0.24410	0.06052	0.03025	0.01303	0.01570	0.00924	0.01142	0.00754	0.00505	0.00497	0.00151	0.00767	0.00412	0.00263	0.00742
18	0.01743	0.03161	0.07965	0.01180	0.01586	0.01453	0.01021	0.52077	0.08026	0.04714	0.01529	0.10317	0.01254	0.00753	0.00548	0.00169	0.00560	0.00601	0.00504	0.00839
19	0.02408	0.00914	0.01246	0.00955	0.01370	0.00789	0.00789	0.02616	0.01536	0.78158	0.02118	0.01827	0.01329	0.00664	0.00540	0.00166	0.00457	0.00540	0.00664	0.00914
20	0.00890	0.00632	0.00798	0.00726	0.00888	0.00601	0.00552	0.04322	0.04500	0.04310	0.67504	0.03690	0.04555	0.01036	0.00618	0.00167	0.00283	0.00909	0.00583	0.02436
21	0.00932	0.00466	0.00699	0.00699	0.00699	0.00466	0.00466	0.00699	0.00699	0.00932	0.00932	0.01632	0.00932	0.01865	0.02098	0.84382	0.00466	0.00466	0.00233	0.00233
22	0.01683	0.37324	0.06732	0.01230	0.03268	0.38692	0.01055	0.01869	0.01301	0.01324	0.00805	0.00939	0.00693	0.00507	0.00425	0.00130	0.00776	0.00326	0.00253	0.00667
23	0.01400	0.75129	0.07320	0.00951	0.01423	0.02039	0.00974	0.01601	0.01102	0.01307	0.02269	0.00939	0.00774	0.00475	0.00360	0.00119	0.00581	0.00307	0.00237	0.00692
24	0.03522	0.64374	0.08487	0.01011	0.01475	0.09372	0.01006	0.03019	0.01157	0.01368	0.00781	0.00901	0.00690	0.00476	0.00374	0.00123	0.00625	0.00305	0.00242	0.00692
25	0.04243	0.00916	0.01236	0.00950	0.01363	0.00798	0.00784	0.02593	0.01523	0.76474	0.02087	0.01806	0.01312	0.00661	0.00535	0.00166	0.00456	0.00534	0.00657	0.00906
26	0.00760	0.00549	0.00718	0.00675	0.00802	0.00506	0.00506	0.01013	0.01519	0.02153	0.77503	0.04010	0.05065	0.01097	0.00633	0.00169	0.00253	0.00971	0.00591	0.00506
27	0.01410	0.06974	0.06519	0.09327	0.03516	0.03049	0.17564	0.18747	0.03670	0.03879	0.04036	0.01489	0.01044	0.02996	0.00650	0.00171	0.04134	0.00511	0.01971	0.08343
28	0.35412	0.01167	0.06262	0.08181	0.07282	0.01130	0.02693	0.06703	0.01251	0.23298	0.01223	0.01279	0.00854	0.00556	0.00455	0.00167	0.00518	0.00418	0.00416	0.00734
29	0.02360	0.00991	0.01294	0.00992	0.01409	0.00904	0.00819	0.12282	0.01666	0.68309	0.02009	0.01756	0.01274	0.00662	0.00539	0.00165	0.00474	0.00532	0.00648	0.00913
30	0.00654	0.00469	0.00621	0.00743	0.00777	0.00436	0.00496	0.00748	0.01032	0.01372	0.03012	0.79157	0.05144	0.01675	0.00684	0.00217	0.00311	0.01518	0.00498	0.00436
31	0.01352	0.45682	0.24296	0.01219	0.01753	0.06794	0.05746	0.01692	0.02597	0.01438	0.00861	0.01010	0.00713	0.00495	0.00454	0.00140	0.02445	0.00353	0.00241	0.00717
32	0.01621	0.01099	0.01163	0.00939	0.01246	0.01195	0.00760	0.45872	0.01960	0.02826	0.01475	0.01576	0.01099	0.00637	0.00472	0.00147	0.00453	0.00490	0.34222	0.00747
33	0.02408	0.00914	0.01246	0.00955	0.01370	0.00789	0.00789	0.02616	0.01536	0.78158	0.02118	0.01827	0.01329	0.00664	0.00540	0.00166	0.00457	0.00540	0.00664	0.00914
34	0.02128	0.05866	0.03267	0.05333	0.03179	0.00992	0.00897	0.08526	0.03243	0.56296	0.03459	0.01725	0.01283	0.00646	0.00529	0.00164	0.00496	0.00522	0.00581	0.00868
35	0.02437	0.01997	0.00810	0.02496	0.00866	0.00730	0.00502	0.10657	0.01050	0.01439	0.01631	0.07645	0.01754	0.50931	0.08989	0.02150	0.00596	0.00733	0.02145	0.00441
36	0.00932	0.00466	0.00699	0.00699	0.00699	0.00466	0.00466	0.00699	0.00699	0.00932	0.00932	0.01632	0.00932	0.01865	0.02098	0.84382	0.00466	0.00466	0.00233	0.00233
37	0.00967	0.00683	0.00826	0.00741	0.00918	0.00669	0.00569	0.10261	0.03297	0.03722	0.56562	0.03550	0.08573	0.01015	0.00604	0.00166	0.00303	0.00879	0.05127	0.00568
38	0.01365	0.07163	0.07716	0.04570	0.48470	0.08551	0.11123	0.01697	0.01236	0.01661	0.00980	0.01266	0.00804	0.00484	0.00526	0.00158	0.00711	0.00467	0.00261	0.00791
39	0.56362	0.26948	0.01457	0.00785	0.01160	0.01510	0.00699	0.03092	0.01003	0.02059	0.00758	0.00877	0.00623	0.00489	0.00340	0.00149	0.00470	0.00293	0.00303	0.00623
40	0.00750	0.00491	0.00657	0.00759	0.00811	0.00455	0.00514	0.00849	0.01055	0.05551	0.02913	0.76486	0.03429	0.01626	0.00677	0.00215	0.00319	0.01472	0.00507	0.00462
41	0.01161	0.01094	0.05791	0.00863	0.01357	0.00799	0.00738	0.05437	0.01191	0.01835	0.00973	0.01124	0.00795	0.00418	0.00412	0.00089	0.00432	0.00332	0.00324	0.74835
42	0.00847	0.00584	0.00692	0.00671	0.00712	0.00610	0.00426	0.04908	0.00891	0.01206	0.01623	0.03135	0.01784	0.62672	0.16541	0.00563	0.00692	0.00727	0.00330	0.00385
43	0.00913	0.00589	0.00766	0.00713	0.00864	0.00544	0.00537	0.01175	0.03113	0.09062	0.61656	0.09612	0.06176	0.01100	0.00627	0.00173	0.00281	0.00969	0.00588	0.00545
44	0.01244	0.01222	0.03753	0.06020	0.56236	0.01194	0.07864	0.01565	0.01204	0.01723	0.01293	0.01585	0.05043	0.00545	0.00560	0.00163	0.02154	0.00527	0.05325	0.00780
45	0.01998	0.01483	0.01587	0.01227	0.01649	0.01645	0.01010	0.71609	0.06981	0.03315	0.01343	0.01332	0.00956	0.00649	0.00538	0.00162	0.00581	0.00491	0.00538	0.00909
46	0.00658	0.00470	0.00628	0.00752	0.00785	0.00440	0.00506	0.00755	0.01032	0.01375	0.02956	0.79291	0.03541	0.01678	0.00686	0.00219	0.00315	0.02979	0.00498	0.00437
47	0.02063	0.01468	0.01589	0.01218	0.01647	0.01612	0.01006	0.71578	0.02464	0.07886	0.01339	0.01321	0.00938	0.00646	0.00537	0.00161	0.00583	0.00487	0.00545	0.00913
48	0.83241	0.02662	0.00830	0.00710	0.01045	0.01223	0.00588	0.01579	0.00917	0.02385	0.00747	0.00872	0.00584	0.00497	0.00332	0.00165	0.00418	0.00291	0.00330	0.00584
49	0.00857	0.00694	0.00907	0.00880	0.00959	0.02649	0.00665	0.02573	0.00932	0.01291	0.01723	0.10393	0.05314	0.14742	0.42716	0.00603	0.10592	0.00711	0.00324	0.00476
50	0.00932	0.00466	0.00699	0.00699	0.00699	0.00466	0.00466	0.00699	0.00699	0.00932	0.00932	0.01632	0.00932	0.01865	0.02098	0.84382	0.00466	0.00466	0.00233	0.00233
51	0.01352	0.01326	0.02135	0.05062	0.72509	0.04828	0.01616	0.01663	0.01232	0.01724	0.01000	0.01315	0.00840	0.00483	0.00529	0.00159	0.00655	0.00472	0.00266	0.00834
52	0.00781	0.00520	0.00585	0.00585	0.00585	0.00520	0.00325	0.00781	0.00781	0.01041	0.01691	0.03513	0.01952	0.81135	0.02732	0.00520	0.00520	0.00781	0.00325	0.00325
53	0.00873	0.00645	0.00882	0.02751	0.00925	0.00697	0.03723	0.02643	0.00884	0.01204	0.01621	0.14026	0.01801	0.40280	0.06776	0.10554	0.08195	0.00788	0.00329	0.00402
54	0.00659	0.00476	0.00625	0.00742	0.00785	0.00442	0.00503	0.00759	0.01045	0.01382	0.03107	0.74076	0.08073	0.01656	0.00684	0.00217	0.00314	0.03519	0.00498	0.00439
55	0.02379	0.00960	0.01275	0.00977	0.01393	0.00858	0.00807	0.08400	0.01614	0.72264	0.02052	0.01785	0.01296	0.00663	0.00540	0.00166	0.00467	0.00535	0.00654	0.00913
56	0.01523	0.04301	0.01461	0.01048	0.01483	0.01156	0.05618	0.28116	0.03480	0.05766	0.01204	0.01295	0.00914	0.00525	0.00469	0.00126	0.00500	0.00424	0.05457	0.35134
57	0.15249	0.01380	0.01446	0.05772	0.09670	0.07514	0.00997	0.38224	0.05235	0.02641	0.01185	0.01283	0.00885	0.00592	0.00490	0.00160	0.00576	0.00447	0.05471	0.00784
58	0.01132	0.00937	0.01097	0.00791	0.01253	0.00709	0.00632	0.01370	0.01131	0.03422	0.02624	0.01206	0.00908	0.00422	0.00405	0.00084	0.00393	0.00340	0.01802	0.79342
59	0.03414	0.01729	0.22710	0.02562	0.03849	0.07596	0.01214	0.13980	0.21601	0.10584	0.01468	0.01473	0.01064	0.00609	0.00518	0.00166	0.00608	0.00480	0.01946	0.02429
60	0.01837	0.15498	0.06392	0.01291	0.04680	0.21573	0.01065	0.27718	0.05230	0.07998	0.01151	0.01199	0.00866	0.00580	0.00489	0.00149	0.00681	0.00419	0.00398	0.00787
61	0.00838	0.00576	0.00740	0.00687	0.00834	0.00531	0.00519	0.01104	0.02818	0.05590	0.68391	0.03944	0.09207	0.01087	0.00627	0.00170	0.00267	0.00954	0.00588	0.00528
62	0.01113	0.00954	0.01113	0.00795	0.01272	0.00716	0.00636	0.01352	0.01113	0.01749	0.00954	0.01113	0.00795	0.00398	0.00398	0.00080	0.00398	0.00318	0.00318	0.84417
63	0.03499	0.07456	0.16186	0.01280	0.08874	0.01096	0.01072	0.08246	0.04214	0.05709	0.06074	0.20245	0.03330	0.00922	0.00655	0.00183	0.06656	0.03234	0.00397	0.00671
64	0.03988	0.04269	0.03610	0.03483	0.19375	0.42616	0.05668	0.03264	0.01362	0.01498	0.00902	0.01131	0.00750	0.00597	0.00586	0.04734	0.00817	0.00404	0.00274	0.00670
65	0.00781	0.00520	0.00585	0.00585	0.00585	0.00520	0.00325	0.00781	0.00781	0.01041	0.01691	0.03513	0.01952	0.81135	0.02732	0.00520	0.00520	0.00781	0.00325	0.00325
66	0.00878	0.00660	0.00912	0.00875	0.00974	0.00769	0.00672	0.05485	0.00958	0.01375	0.01423	0.02170	0.01352	0.13023	0.57615	0.00716	0.06237	0.00586	0.02825	0.00494
67	0.01432	0.54037	0.09605	0.01271	0.09328	0.01866	0.01112	0.06102	0.01187	0.03227	0.00855	0.01002	0.00734	0.00513	0.00487	0.00136	0.05770	0.00346	0.00262	0.00727
68	0.03557	0.01333	0.01306	0.01075	0.01428	0.12371	0.00857	0.23044	0.16590	0.17520	0.06285	0.01786	0.04320	0.00690	0.00529	0.00160	0.00538	0.00540	0.00512	0.05561
69	0.06748	0.04822	0.09563	0.01237	0.01648	0.05186	0.08286	0.20397	0.05058	0.19534	0.04721	0.01511	0.01145	0.00696	0.01961	0.00180	0.05566	0.00503	0.00449	0.00790
70	0.00780	0.00522	0.00594	0.00594	0.00597	0.00525	0.00336	0.00786	0.00783	0.01047	0.01684	0.03471	0.01933	0.78816	0.05026	0.00531	0.00548	0.00774	0.00324	0.00330
71	0.01384	0.19717	0.09127	0.01585	0.02047	0.10481	0.29811	0.04435	0.01245	0.01597	0.00936	0.01181	0.00754	0.00514	0.00612	0.00157	0.07242	0.00461	0.00269	0.06446
72	0.01425	0.79184	0.04996	0.00936	0.01405	0.02099	0.00949	0.01610	0.01092	0.01276	0.00753	0.00869	0.00689	0.00461	0.00349	0.00116	0.00580	0.00290	0.00230	0.00692
73	0.01981	0.01504	0.01563	0.01217	0.01622	0.04897	0.00995	0.69592	0.02411	0.03201	0.01316	0.03183	0.00986	0.02274	0.00582	0.00169	0.00599	0.00508	0.00521	0.00878
74	0.01613	0.21157	0.15651	0.01241	0.03138	0.08608	0.02832	0.21130	0.07741	0.07580	0.01230	0.03620	0.00962	0.00599	0.00488	0.00154	0.00634	0.00456	0.00380	0.00785
75	0.00932	0.00466	0.00699	0.00699	0.00699	0.00466	0.00466	0.00699	0.00699	0.00932	0.00932	0.01632	0.00932	0.01865	0.02098	0.84382	0.00466	0.00466	0.00233	0.00233
76	0.19171	0.08469	0.30125	0.01566	0.12975	0.05798	0.05930	0.03412	0.01176	0.05321	0.00966	0.01129	0.00728	0.00508	0.00470	0.00162	0.00669	0.00397	0.00288	0.00742
77	0.01749	0.01249	0.01333	0.01156	0.03253	0.06058	0.00896	0.15620	0.39899	0.19917	0.01900	0.01757	0.01362	0.00682	0.00539	0.00171	0.00500	0.00550	0.00549	0.00862
78	0.00654	0.00487	0.00610	0.00702	0.00768	0.00443	0.00480	0.00764	0.01090	0.01420	0.06644	0.61702	0.19102	0.01589	0.00672	0.00208	0.00301	0.01420	0.00502	0.00443
79	0.01116	0.00963	0.01152	0.00823	0.01301	0.00728	0.02051	0.01359	0.01116	0.01749	0.00957	0.01119	0.00795	0.00399	0.00402	0.00081	0.00407	0.00324	0.00317	0.82842
80	0.00760	0.00549	0.00718	0.00675	0.00802	0.00506	0.00506	0.01013	0.01519	0.02153	0.77503	0.04010	0.05065	0.01097	0.00633	0.00169	0.00253	0.00971	0.00591	0.00506
81	0.01113	0.00954	0.01113	0.00795	0.01272	0.00716	0.00636	0.01352	0.01113	0.01749	0.00954	0.01113	0.00795	0.00398	0.00398	0.00080	0.00398	0.00318	0.00318	0.84417
82	0.02041	0.01504	0.01611	0.01235	0.01665	0.01665	0.01020	0.75997	0.02524	0.03383	0.01289	0.01289	0.00913	0.00644	0.00537	0.00161	0.00591	0.00483	0.00537	0.00913
83	0.02005	0.02558	0.01521	0.01383	0.01659	0.78980	0.01037	0.02143	0.01521	0.01314	0.00830	0.00968	0.00691	0.00553	0.00484	0.00138	0.00968	0.00346	0.00277	0.00622
84	0.00932	0.00466	0.00699	0.00699	0.00699	0.00466	0.00466	0.00699	0.00699	0.00932	0.00932	0.01632	0.00932	0.01865	0.02098	0.84382	0.00466	0.00466	0.00233	0.00233
85	0.01254	0.01536	0.08132	0.02214	0.02774	0.01350	0.70960	0.01718	0.01258	0.01718	0.01078	0.01427	0.00806	0.00456	0.00625	0.00180	0.00898	0.00618	0.00269	0.00729
86	0.00879	0.00620	0.00824	0.00912	0.01039	0.00624	0.00771	0.01182	0.05037	0.01702	0.08630	0.09915	0.03051	0.01352	0.00688	0.00225	0.00439	0.53789	0.07813	0.00510
87	0.01190	0.01201	0.01642	0.01409	0.01414	0.03105	0.01172	0.01308	0.00835	0.01292	0.00707	0.01171	0.00704	0.00932	0.01737	0.00233	0.78657	0.00467	0.00236	0.00588
88	0.84927	0.01038	0.00789	0.00706	0.01038	0.01204	0.00581	0.01578	0.00914	0.02408	0.00747	0.00872	0.00581	0.00498	0.00332	0.00166	0.00415	0.00291	0.00332	0.00581
89	0.00807	0.00584	0.00737	0.00719	0.00743	0.00645	0.00478	0.00865	0.00805	0.01112	0.01551	0.02977	0.01701	0.55391	0.22058	0.00586	0.06842	0.00705	0.00309	0.00384
90	0.06948	0.76148	0.02679	0.00904	0.01355	0.02063	0.00896	0.01605	0.01079	0.01339	0.00746	0.00862	0.00682	0.00462	0.00344	0.00118	0.00564	0.00287	0.00236	0.00682
91	0.01041	0.00972	0.01622	0.63653	0.05107	0.01163	0.05765	0.01457	0.05225	0.01485	0.02647	0.01601	0.02369	0.00570	0.00542	0.00177	0.00677	0.00516	0.02793	0.00616
92	0.01113	0.00954	0.01113	0.00795	0.01272	0.00716	0.00636	0.01352	0.01113	0.01749	0.00954	0.01113	0.00795	0.00398	0.00398	0.00080	0.00398	0.00318	0.00318	0.84417
93	0.00634	0.00544	0.00544	0.00544	0.00725	0.00453	0.00408	0.00770	0.01224	0.01450	0.05438	0.05166	0.77569	0.01359	0.00634	0.00181	0.00272	0.01133	0.00498	0.00453
94	0.00767	0.00575	0.00863	0.00863	0.00959	0.00671	0.00671	0.00959	0.00863	0.01246	0.01438	0.02109	0.01342	0.04026	0.79008	0.00863	0.01438	0.00575	0.00288	0.00479
95	0.01335	0.01153	0.01214	0.01092	0.01396	0.01335	0.00850	0.02852	0.76817	0.02245	0.02185	0.02003	0.01639	0.00728	0.00546	0.00182	0.00425	0.00607	0.00546	0.00850
96	0.02005	0.02558	0.01521	0.01383	0.01659	0.78980	0.01037	0.02143	0.01521	0.01314	0.00830	0.00968	0.00691	0.00553	0.00484	0.00138	0.00968	0.00346	0.00277	0.00622
97	0.00911	0.00719	0.00831	0.00772	0.00959	0.00728	0.00591	0.03570	0.19258	0.02066	0.42354	0.03719	0.17756	0.01055	0.00612	0.00176	0.00312	0.02461	0.00559	0.00589
98	0.00881	0.00798	0.04154	0.00816	0.01039	0.00720	0.02795	0.01376	0.16391	0.01944	0.36150	0.05724	0.20532	0.01036	0.00605	0.00173	0.00339	0.00897	0.00525	0.03103
99	0.00767	0.00575	0.00863	0.00863	0.00959	0.00671	0.00671	0.00959	0.00863	0.01246	0.01438	0.02109	0.01342	0.04026	0.79008	0.00863	0.01438	0.00575	0.00288	0.00479
100	0.01113	0.00954	0.01113	0.00795	0.01272	0.00716	0.00636	0.01352	0.01113	0.01749	0.00954	0.01113	0.00795	0.00398	0.00398	0.00080	0.00398	0.00318	0.00318	0.84417
101	0.00778	0.00521	0.00585	0.00585	0.00588	0.00519	0.00327	0.00780	0.00789	0.01049	0.01765	0.03545	0.03433	0.79572	0.02691	0.00514	0.00516	0.00788	0.00329	0.00328
102	0.01231	0.00931	0.01105	0.00824	0.01263	0.00732	0.00658	0.01507	0.03923	0.09629	0.01237	0.04689	0.01038	0.00511	0.00436	0.00101	0.00403	0.01685	0.00373	0.67725
103	0.00824	0.00690	0.00721	0.00775	0.00855	0.07342	0.00547	0.00939	0.01109	0.01404	0.08693	0.38394	0.10557	0.15392	0.01023	0.00260	0.00417	0.09159	0.00456	0.00447
104	0.01689	0.44049	0.02194	0.01132	0.01505	0.36713	0.00970	0.01878	0.03059	0.01309	0.00818	0.00936	0.00712	0.00508	0.00412	0.00127	0.00748	0.00321	0.00258	0.00663
105	0.01113	0.00954	0.01113	0.00795	0.01272	0.00716	0.00636	0.01352	0.01113	0.01749	0.00954	0.01113	0.00795	0.00398	0.00398	0.00080	0.00398	0.00318	0.00318	0.84417
106	0.01113	0.00954	0.01113	0.00795	0.01272	0.00716	0.00636	0.01352	0.01113	0.01749	0.00954	0.01113	0.00795	0.00398	0.00398	0.00080	0.00398	0.00318	0.00318	0.84417
107	0.01080	0.00994	0.01243	0.04698	0.14053	0.07949	0.00899	0.02861	0.01012	0.01355	0.01337	0.08057	0.01377	0.22233	0.13758	0.00382	0.15226	0.00639	0.00303	0.00545
108	0.00751	0.00548	0.00705	0.00666	0.00797	0.00503	0.00500	0.00996	0.01499	0.02104	0.72507	0.04090	0.10091	0.01116	0.00633	0.00170	0.00255	0.00982	0.00584	0.00503
109	0.01123	0.00955	0.01113	0.00804	0.01270	0.00730	0.00641	0.02960	0.01142	0.01776	0.01006	0.02884	0.00859	0.00431	0.00407	0.00084	0.00400	0.00348	0.00327	0.80739
110	0.04948	0.17139	0.16651	0.05377	0.01650	0.04178	0.01088	0.13808	0.07180	0.06599	0.07296	0.03824	0.02810	0.00661	0.00498	0.00158	0.00571	0.01930	0.00385	0.03248
111	0.01301	0.51946	0.31147	0.01148	0.01732	0.01795	0.01318	0.01642	0.01107	0.01427	0.00828	0.00963	0.00686	0.00478	0.00407	0.00136	0.00656	0.00328	0.00229	0.00728
112	0.02005	0.02558	0.01521	0.01383	0.01659	0.78980	0.01037	0.02143	0.01521	0.01314	0.00830	0.00968	0.00691	0.00553	0.00484	0.00138	0.00968	0.00346	0.00277	0.00622
113	0.01168	0.00952	0.01119	0.00802	0.01276	0.00719	0.00643	0.01405	0.01131	0.04995	0.01004	0.01143	0.00818	0.00409	0.00404	0.00083	0.00400	0.00327	0.00333	0.80870
114	0.01335	0.01153	0.01214	0.01092	0.01396	0.01335	0.00850	0.02852	0.76817	0.02245	0.02185	0.02003	0.01639	0.00728	0.00546	0.00182	0.00425	0.00607	0.00546	0.00850
115	0.84927	0.01038	0.00789	0.00706	0.01038	0.01204	0.00581	0.01578	0.00914	0.02408	0.00747	0.00872	0.00581	0.00498	0.00332	0.00166	0.00415	0.00291	0.00332	0.00581
116	0.01001	0.00500	0.00500	0.00500	0.00625	0.00500	0.00375	0.01251	0.01126	0.02001	0.01751	0.02001	0.01376	0.00625	0.00375	0.00125	0.00250	0.00500	0.84115	0.00500
117	0.00767	0.00574	0.00855	0.00855	0.00948	0.00667	0.00661	0.00953	0.00860	0.01240	0.01445	0.02149	0.01360	0.06254	0.76804	0.00853	0.01411	0.00581	0.00289	0.00475
118	0.01014	0.00954	0.01610	0.79845	0.03697	0.01193	0.01491	0.01371	0.01073	0.01371	0.00954	0.01431	0.00716	0.00537	0.00537	0.00179	0.00716	0.00477	0.00239	0.00596
119	0.01299	0.01182	0.03075	0.05691	0.12058	0.01300	0.01020	0.02537	0.58742	0.02102	0.01945	0.01959	0.01494	0.00697	0.00548	0.00180	0.00480	0.02383	0.00482	0.00826
120	0.01000	0.02561	0.00979	0.00874	0.01023	0.02300	0.00681	0.11220	0.01213	0.01703	0.12022	0.05066	0.01869	0.06793	0.40511	0.00538	0.03246	0.00644	0.05213	0.00544
121	0.00781	0.00520	0.00585	0.00585	0.00585	0.00520	0.00325	0.00781	0.00781	0.01041	0.01691	0.03513	0.01952	0.81135	0.02732	0.00520	0.00520	0.00781	0.00325	0.00325
122	0.01183	0.04587	0.01796	0.12912	0.01913	0.06666	0.16392	0.03459	0.01120	0.01506	0.08253	0.01753	0.01276	0.08954	0.01159	0.00225	0.25384	0.00568	0.00297	0.00598
123	0.00653	0.00526	0.00582	0.00607	0.00746	0.00455	0.00440	0.00793	0.01211	0.01512	0.13119	0.22791	0.51873	0.01405	0.00646	0.00188	0.00279	0.01207	0.00509	0.00455
124	0.01113	0.00954	0.01113	0.00795	0.01272	0.00716	0.00636	0.01352	0.01113	0.01749	0.00954	0.01113	0.00795	0.00398	0.00398	0.00080	0.00398	0.00318	0.00318	0.84417
125	0.01361	0.01657	0.16086	0.06383	0.40981	0.08970	0.01525	0.06170	0.02725	0.01780	0.01011	0.01258	0.00809	0.00513	0.00537	0.00158	0.01997	0.00444	0.00282	0.05353
126	0.01110	0.07415	0.69056	0.01554	0.05451	0.01290	0.01878	0.01685	0.01134	0.01677	0.00952	0.01125	0.00690	0.00503	0.00499	0.00164	0.00766	0.00392	0.00230	0.02428
127	0.00932	0.00466	0.00699	0.00699	0.00699	0.00466	0.00466	0.00699	0.00699	0.00932	0.00932	0.01632	0.00932	0.01865	0.02098	0.84382	0.00466	0.00466	0.00233	0.00233
128	0.01325	0.01697	0.22786	0.04721	0.38185	0.03494	0.07490	0.01799	0.05775	0.05902	0.01127	0.01345	0.00866	0.00514	0.00534	0.00166	0.00690	0.00476	0.00294	0.00814
129	0.77630	0.08066	0.00966	0.00724	0.01068	0.01285	0.00611	0.01580	0.00929	0.02308	0.00747	0.00871	0.00591	0.00495	0.00333	0.00162	0.00429	0.00290	0.00323	0.00591
130	0.01006	0.00944	0.01590	0.78246	0.03638	0.01177	0.01471	0.01359	0.01072	0.01371	0.00995	0.03035	0.00773	0.00560	0.00540	0.00180	0.00707	0.00498	0.00244	0.00593
131	0.01021	0.00969	0.01657	0.77511	0.03670	0.01198	0.03727	0.01382	0.01079	0.01382	0.00958	0.01432	0.00719	0.00534	0.00540	0.00179	0.00721	0.00482	0.00240	0.00600
132	0.00648	0.00540	0.00566	0.00569	0.00736	0.00457	0.00423	0.00793	0.01241	0.01516	0.12522	0.09603	0.65834	0.01353	0.00637	0.00182	0.00272	0.01140	0.00508	0.00457
133	0.00693	0.00483	0.00611	0.00698	0.00719	0.00462	0.00445	0.00758	0.00952	0.01269	0.02570	0.57101	0.03060	0.26034	0.01313	0.00311	0.00375	0.01298	0.00445	0.00402
134	0.00654	0.00467	0.00623	0.00747	0.00779	0.00436	0.00498	0.00747	0.01028	0.01370	0.02959	0.80785	0.03550	0.01682	0.00685	0.00218	0.00311	0.01526	0.00498	0.00436
135	0.01216	0.01246	0.01635	0.05678	0.01549	0.06276	0.01183	0.01347	0.00878	0.01297	0.00726	0.01176	0.00704	0.00894	0.01618	0.00226	0.71060	0.00463	0.00238	0.00590
136	0.00781	0.00520	0.00585	0.00585	0.00585	0.00520	0.00325	0.00781	0.00781	0.01041	0.01691	0.03513	0.01952	0.81135	0.02732	0.00520	0.00520	0.00781	0.00325	0.00325
137	0.01077	0.02777	0.78354	0.01530	0.02323	0.01247	0.01983	0.01700	0.01133	0.01700	0.00963	0.01133	0.00680	0.00510	0.00510	0.00170	0.00793	0.00397	0.00227	0.00793
138	0.02408	0.00914	0.01246	0.00955	0.01370	0.00789	0.00789	0.02616	0.01536	0.78158	0.02118	0.01827	0.01329	0.00664	0.00540	0.00166	0.00457	0.00540	0.00664	0.00914
139	0.00890	0.00578	0.00759	0.00697	0.00847	0.00529	0.00529	0.01140	0.01521	0.08164	0.71542	0.03837	0.04769	0.01063	0.00626	0.00169	0.00269	0.00937	0.00597	0.00539
140	0.01435	0.81458	0.02813	0.00918	0.01378	0.02124	0.00918	0.01607	0.01091	0.01263	0.00746	0.00861	0.00689	0.00459	0.00344	0.00115	0.00574	0.00287	0.00230	0.00689
141	0.02041	0.01504	0.01611	0.01235	0.01665	0.01665	0.01020	0.75997	0.02524	0.03383	0.01289	0.01289	0.00913	0.00644	0.00537	0.00161	0.00591	0.00483	0.00537	0.00913
142	0.02397	0.00931	0.01257	0.00963	0.01379	0.00815	0.00796	0.04823	0.01566	0.75909	0.02093	0.01811	0.01316	0.00664	0.00540	0.00166	0.00461	0.00538	0.00661	0.00914
143	0.00780	0.00523	0.00597	0.00597	0.00601	0.00527	0.00340	0.00788	0.00784	0.01050	0.01681	0.03453	0.01926	0.77860	0.05972	0.00535	0.00559	0.00772	0.00324	0.00332
144	0.00883	0.00640	0.00859	0.00810	0.00881	0.00724	0.02736	0.01026	0.00915	0.01384	0.01569	0.07384	0.01563	0.24160	0.22853	0.00460	0.11158	0.00665	0.18872	0.00459
145	0.02100	0.00845	0.01147	0.00903	0.01264	0.00736	0.00736	0.02317	0.01533	0.63961	0.16199	0.02235	0.02027	0.00745	0.00557	0.00167	0.00419	0.00620	0.00651	0.00837
146	0.00932	0.00466	0.00699	0.00699	0.00699	0.00466	0.00466	0.00699	0.00699	0.00932	0.00932	0.01632	0.00932	0.01865	0.02098	0.84382	0.00466	0.00466	0.00233	0.00233
147	0.00712	0.00546	0.00652	0.00628	0.00773	0.00486	0.00470	0.00919	0.01402	0.01881	0.49744	0.05685	0.31748	0.01203	0.00634	0.00174	0.00261	0.01040	0.00555	0.00486
148	0.02005	0.02558	0.01521	0.01383	0.01659	0.78980	0.01037	0.02143	0.01521	0.01314	0.00830	0.00968	0.00691	0.00553	0.00484	0.00138	0.00968	0.00346	0.00277	0.00622
149	0.84927	0.01038	0.00789	0.00706	0.01038	0.01204	0.00581	0.01578	0.00914	0.02408	0.00747	0.00872	0.00581	0.00498	0.00332	0.00166	0.00415	0.00291	0.00332	0.00581
150	0.01198	0.00888	0.01000	0.00898	0.02359	0.06332	0.00685	0.09200	0.01550	0.10810	0.42437	0.03129	0.10131	0.00964	0.00674	0.00171	0.05632	0.00799	0.00534	0.00611
151	0.01072	0.00883	0.01095	0.00949	0.05783	0.00719	0.00680	0.01281	0.01100	0.03456	0.01336	0.14584	0.01304	0.02878	0.00551	0.00125	0.02107	0.00552	0.00352	0.59195
152	0.00722	0.00561	0.00658	0.00631	0.00784	0.00504	0.00474	0.00957	0.03221	0.01864	0.45798	0.04441	0.35044	0.01197	0.00632	0.00174	0.00265	0.01029	0.00551	0.00493
153	0.84927	0.01038	0.00789	0.00706	0.01038	0.01204	0.00581	0.01578	0.00914	0.02408	0.00747	0.00872	0.00581	0.00498	0.00332	0.00166	0.00415	0.00291	0.00332	0.00581
154	0.00767	0.00575	0.00863	0.00863	0.00959	0.00671	0.00671	0.00959	0.00863	0.01246	0.01438	0.02109	0.01342	0.04026	0.79008	0.00863	0.01438	0.00575	0.00288	0.00479
155	0.02041	0.01504	0.01611	0.01235	0.01665	0.01665	0.01020	0.75997	0.02524	0.03383	0.01289	0.01289	0.00913	0.00644	0.00537	0.00161	0.00591	0.00483	0.00537	0.00913
156	0.01267	0.01448	0.03167	0.02262	0.02805	0.01357	0.75837	0.01719	0.01267	0.01719	0.01086	0.01448	0.00814	0.00452	0.00633	0.00181	0.00905	0.00633	0.00271	0.00724
157	0.01435	0.81458	0.02813	0.00918	0.01378	0.02124	0.00918	0.01607	0.01091	0.01263	0.00746	0.00861	0.00689	0.00459	0.00344	0.00115	0.00574	0.00287	0.00230	0.00689
158	0.02041	0.01504	0.01611	0.01235	0.01665	0.01665	0.01020	0.75997	0.02524	0.03383	0.01289	0.01289	0.00913	0.00644	0.00537	0.00161	0.00591	0.00483	0.00537	0.00913
159	0.01014	0.00954	0.01610	0.79845	0.03697	0.01193	0.01491	0.01371	0.01073	0.01371	0.00954	0.01431	0.00716	0.00537	0.00537	0.00179	0.00716	0.00477	0.00239	0.00596
160	0.00654	0.00467	0.00623	0.00747	0.00779	0.00436	0.00498	0.00747	0.01028	0.01370	0.02959	0.80785	0.03550	0.01682	0.00685	0.00218	0.00311	0.01526	0.00498	0.00436
161	0.01113	0.00954	0.01113	0.00795	0.01272	0.00716	0.00636	0.01352	0.01113	0.01749	0.00954	0.01113	0.00795	0.00398	0.00398	0.00080	0.00398	0.00318	0.00318	0.84417
162	0.02366	0.00981	0.01288	0.00987	0.01404	0.00889	0.00815	0.11030	0.01650	0.69585	0.02023	0.01765	0.01281	0.00662	0.00539	0.00166	0.00472	0.00533	0.00650	0.00913
163	0.01098	0.07515	0.73805	0.01493	0.02266	0.01299	0.01919	0.01694	0.01131	0.01674	0.00950	0.01117	0.00681	0.00507	0.00500	0.00167	0.00780	0.00390	0.00227	0.00787
164	0.00790	0.00517	0.00592	0.00592	0.00592	0.00517	0.00334	0.00776	0.00776	0.01034	0.01646	0.03399	0.01890	0.76362	0.02694	0.05570	0.00517	0.00762	0.00320	0.00320
165	0.01129	0.14165	0.67420	0.01441	0.02186	0.01374	0.01829	0.01687	0.01127	0.01637	0.00932	0.01094	0.00681	0.00503	0.00486	0.00162	0.00762	0.00381	0.00227	0.00778
166	0.00642	0.00544	0.00555	0.00552	0.00730	0.00457	0.00414	0.00786	0.01242	0.01495	0.09994	0.05093	0.72985	0.01343	0.00634	0.00180	0.00271	0.01123	0.00504	0.00457
167	0.01423	0.01197	0.01263	0.01110	0.01429	0.01376	0.00871	0.11927	0.67600	0.02387	0.02074	0.01914	0.01549	0.00718	0.00545	0.00179	0.00445	0.00592	0.00545	0.00857
168	0.05900	0.53117	0.19672	0.01070	0.01595	0.01840	0.01149	0.07429	0.01203	0.01589	0.00838	0.00957	0.00699	0.00487	0.00396	0.00134	0.00616	0.00327	0.00258	0.00724
169	0.00813	0.00535	0.00687	0.00696	0.00766	0.00573	0.00495	0.00955	0.00909	0.01361	0.01696	0.08622	0.01695	0.25038	0.34187	0.00555	0.00832	0.00692	0.18457	0.00437
170	0.00985	0.00502	0.00502	0.00502	0.00630	0.00498	0.00377	0.01230	0.01130	0.01978	0.01908	0.02136	0.04612	0.00657	0.00386	0.00127	0.00251	0.00527	0.80563	0.00498
171	0.01107	0.01062	0.01400	0.01279	0.03401	0.04620	0.01011	0.01323	0.05010	0.01339	0.01015	0.01522	0.00958	0.04007	0.21421	0.00395	0.47778	0.00508	0.00271	0.00575
172	0.01195	0.01118	0.07014	0.00903	0.01349	0.00859	0.00776	0.07173	0.01202	0.03601	0.01042	0.01292	0.00874	0.05316	0.00619	0.00128	0.03865	0.00376	0.00333	0.60964

[dist]
# distance from previous block
# <min> <max>
0	4

[block]
# block no. 2 follows, 45 sequences, length 70
# corresponding to MSA columns:
# 344-413
name=unknown_C
#
# <colnr> <probs for GDERKNQSTAVLIFYWHMCP>
#	G	D	E	R	K	N	Q	S	T	A	V	L	I	F	Y	W	H	M	C	P
0	0.01265	0.01625	0.21371	0.02606	0.50748	0.01243	0.01639	0.05198	0.01266	0.01820	0.03290	0.03428	0.01003	0.00544	0.00533	0.00164	0.00655	0.00500	0.00284	0.00818
1	0.07423	0.03744	0.23046	0.08297	0.29517	0.04453	0.09297	0.04846	0.01233	0.01793	0.00979	0.01234	0.00762	0.00500	0.00516	0.00165	0.00708	0.00448	0.00269	0.00771
2	0.02005	0.02558	0.01521	0.01383	0.01659	0.78980	0.01037	0.02143	0.01521	0.01314	0.00830	0.00968	0.00691	0.00553	0.00484	0.00138	0.00968	0.00346	0.00277	0.00622
3	0.00779	0.00538	0.00662	0.00636	0.00766	0.00497	0.00475	0.01014	0.01411	0.02027	0.55644	0.06213	0.12516	0.01073	0.00596	0.00165	0.00257	0.00934	0.13298	0.00497
4	0.00658	0.00470	0.00627	0.00745	0.00779	0.00439	0.00499	0.00758	0.01047	0.01401	0.05907	0.77748	0.03610	0.01659	0.00683	0.00216	0.00309	0.01504	0.00502	0.00439
5	0.02398	0.00930	0.01256	0.00963	0.01379	0.00814	0.00796	0.04694	0.01564	0.76041	0.02094	0.01812	0.01317	0.00664	0.00540	0.00166	0.00461	0.00538	0.00661	0.00914
6	0.00760	0.00549	0.00718	0.00675	0.00802	0.00506	0.00506	0.01013	0.01519	0.02153	0.77503	0.04010	0.05065	0.01097	0.00633	0.00169	0.00253	0.00971	0.00591	0.00506
7	0.01269	0.01441	0.03128	0.02303	0.05771	0.01354	0.72903	0.01717	0.01265	0.01721	0.01083	0.01443	0.00816	0.00454	0.00629	0.00180	0.00894	0.00627	0.00271	0.00729
8	0.00760	0.00549	0.00718	0.00675	0.00802	0.00506	0.00506	0.01013	0.01519	0.02153	0.77503	0.04010	0.05065	0.01097	0.00633	0.00169	0.00253	0.00971	0.00591	0.00506
9	0.00804	0.00570	0.00757	0.00823	0.00902	0.00578	0.00640	0.00960	0.01045	0.01385	0.03721	0.10509	0.04321	0.24431	0.11868	0.00403	0.00606	0.34820	0.00421	0.00439
10	0.01023	0.00964	0.01627	0.77518	0.05949	0.01195	0.01496	0.01380	0.01078	0.01383	0.00956	0.01428	0.00720	0.00535	0.00537	0.00178	0.00713	0.00477	0.00239	0.00604
11	0.00932	0.00466	0.00699	0.00699	0.00699	0.00466	0.00466	0.00699	0.00699	0.00932	0.00932	0.01632	0.00932	0.01865	0.02098	0.84382	0.00466	0.00466	0.00233	0.00233
12	0.01997	0.01462	0.01565	0.01204	0.01621	0.01616	0.00993	0.72887	0.02466	0.03326	0.01308	0.01318	0.00932	0.00644	0.00530	0.00160	0.00577	0.00484	0.04015	0.00896
13	0.01435	0.81458	0.02813	0.00918	0.01378	0.02124	0.00918	0.01607	0.01091	0.01263	0.00746	0.00861	0.00689	0.00459	0.00344	0.00115	0.00574	0.00287	0.00230	0.00689
14	0.84927	0.01038	0.00789	0.00706	0.01038	0.01204	0.00581	0.01578	0.00914	0.02408	0.00747	0.00872	0.00581	0.00498	0.00332	0.00166	0.00415	0.00291	0.00332	0.00581
15	0.02041	0.01504	0.01611	0.01235	0.01665	0.01665	0.01020	0.75997	0.02524	0.03383	0.01289	0.01289	0.00913	0.00644	0.00537	0.00161	0.00591	0.00483	0.00537	0.00913
16	0.00767	0.00575	0.00863	0.00863	0.00959	0.00671	0.00671	0.00959	0.00863	0.01246	0.01438	0.02109	0.01342	0.04026	0.79008	0.00863	0.01438	0.00575	0.00288	0.00479
17	0.00654	0.00467	0.00623	0.00747	0.00779	0.00436	0.00498	0.00747	0.01028	0.01370	0.02959	0.80785	0.03550	0.01682	0.00685	0.00218	0.00311	0.01526	0.00498	0.00436
18	0.01077	0.02777	0.78354	0.01530	0.02323	0.01247	0.01983	0.01700	0.01133	0.01700	0.00963	0.01133	0.00680	0.00510	0.00510	0.00170	0.00793	0.00397	0.00227	0.00793
19	0.01435	0.81458	0.02813	0.00918	0.01378	0.02124	0.00918	0.01607	0.01091	0.01263	0.00746	0.00861	0.00689	0.00459	0.00344	0.00115	0.00574	0.00287	0.00230	0.00689
20	0.01267	0.01448	0.03167	0.02262	0.02805	0.01357	0.75837	0.01719	0.01267	0.01719	0.01086	0.01448	0.00814	0.00452	0.00633	0.00181	0.00905	0.00633	0.00271	0.00724
21	0.01435	0.81458	0.02813	0.00918	0.01378	0.02124	0.00918	0.01607	0.01091	0.01263	0.00746	0.00861	0.00689	0.00459	0.00344	0.00115	0.00574	0.00287	0.00230	0.00689
22	0.01184	0.01204	0.01807	0.01501	0.01559	0.01613	0.09171	0.01338	0.00870	0.01338	0.00745	0.01204	0.00716	0.00887	0.01641	0.00229	0.71665	0.00487	0.00239	0.00602
23	0.00932	0.00466	0.00699	0.00699	0.00699	0.00466	0.00466	0.00699	0.00699	0.00932	0.00932	0.01632	0.00932	0.01865	0.02098	0.84382	0.00466	0.00466	0.00233	0.00233
24	0.00941	0.00515	0.00790	0.08600	0.00999	0.00539	0.00568	0.00766	0.00737	0.00976	0.00935	0.01612	0.00911	0.01732	0.01942	0.75976	0.00491	0.00467	0.00234	0.00269
25	0.00654	0.00467	0.00623	0.00747	0.00779	0.00436	0.00498	0.00747	0.01028	0.01370	0.02959	0.80785	0.03550	0.01682	0.00685	0.00218	0.00311	0.01526	0.00498	0.00436
26	0.02041	0.01504	0.01611	0.01235	0.01665	0.01665	0.01020	0.75997	0.02524	0.03383	0.01289	0.01289	0.00913	0.00644	0.00537	0.00161	0.00591	0.00483	0.00537	0.00913
27	0.84927	0.01038	0.00789	0.00706	0.01038	0.01204	0.00581	0.01578	0.00914	0.02408	0.00747	0.00872	0.00581	0.00498	0.00332	0.00166	0.00415	0.00291	0.00332	0.00581
28	0.00635	0.00541	0.00547	0.00552	0.00727	0.00452	0.00411	0.00769	0.01216	0.01447	0.05342	0.08098	0.74698	0.01372	0.00636	0.00183	0.00273	0.01148	0.00498	0.00452
29	0.01174	0.01174	0.01644	0.01409	0.01409	0.01644	0.01174	0.01292	0.00822	0.01292	0.00705	0.01174	0.00705	0.00940	0.01762	0.00235	0.80153	0.00470	0.00235	0.00587
30	0.01014	0.00954	0.01610	0.79845	0.03697	0.01193	0.01491	0.01371	0.01073	0.01371	0.00954	0.01431	0.00716	0.00537	0.00537	0.00179	0.00716	0.00477	0.00239	0.00596
31	0.01469	0.76737	0.02736	0.00946	0.01395	0.06723	0.00926	0.01639	0.01116	0.01266	0.00751	0.00867	0.00689	0.00465	0.00353	0.00116	0.00598	0.00291	0.00232	0.00685
32	0.00760	0.00549	0.00718	0.00675	0.00802	0.00506	0.00506	0.01013	0.01519	0.02153	0.77503	0.04010	0.05065	0.01097	0.00633	0.00169	0.00253	0.00971	0.00591	0.00506
33	0.00652	0.00475	0.00615	0.00728	0.00773	0.00438	0.00490	0.00750	0.01047	0.01378	0.03197	0.73499	0.10682	0.01651	0.00680	0.00214	0.00308	0.01488	0.00498	0.00438
34	0.00653	0.00472	0.00618	0.00735	0.00775	0.00437	0.00493	0.00749	0.01039	0.01375	0.03107	0.76260	0.07980	0.01662	0.00682	0.00216	0.00309	0.01502	0.00498	0.00437
35	0.00682	0.00488	0.00653	0.00757	0.00800	0.00467	0.00521	0.00792	0.01037	0.01391	0.05742	0.65324	0.03378	0.05489	0.05469	0.00270	0.00396	0.05423	0.00481	0.00439
36	0.02202	0.01214	0.01428	0.01098	0.01518	0.01238	0.00906	0.39322	0.03611	0.39166	0.01705	0.01562	0.01127	0.00656	0.00539	0.00164	0.00523	0.00513	0.00598	0.00912
