[name]
unknown

[dist]
# distance from previous block
# <min> <max>
0	224

[block]
# block no. 0 follows, 43 sequences, length 13
# corresponding to MSA columns:
# 224-235,240
name=unknown_A
#
# <colnr> <probs for GDERKNQSTAVLIFYWHMCP>
#	G	D	E	R	K	N	Q	S	T	A	V	L	I	F	Y	W	H	M	C	P
0	0.00892	0.00637	0.00892	0.01020	0.01147	0.00637	0.00892	0.01147	0.01275	0.01657	0.02932	0.06247	0.03187	0.01530	0.00765	0.00255	0.00510	0.73354	0.00510	0.00510
1	0.01100	0.01060	0.01478	0.01312	0.01319	0.01438	0.01067	0.01216	0.00892	0.01350	0.01210	0.17603	0.01336	0.01128	0.01587	0.00239	0.63082	0.00711	0.00299	0.00573
2	0.84448	0.01071	0.00814	0.00728	0.01071	0.01242	0.00600	0.01628	0.00943	0.02485	0.00771	0.00900	0.00600	0.00514	0.00343	0.00171	0.00428	0.00300	0.00343	0.00600
3	0.00982	0.00896	0.01508	0.51308	0.02896	0.01036	0.06563	0.01315	0.01214	0.01608	0.16889	0.08095	0.01903	0.00759	0.00593	0.00186	0.00621	0.00693	0.00345	0.00593
4	0.01385	0.01125	0.01276	0.00933	0.01413	0.00981	0.00754	0.19674	0.01509	0.02222	0.01070	0.01193	0.00850	0.00473	0.00446	0.00103	0.00459	0.00370	0.00384	0.63380
5	0.01059	0.01375	0.17438	0.63092	0.03520	0.01242	0.01644	0.01485	0.01120	0.01485	0.00986	0.01413	0.00731	0.00548	0.00548	0.00183	0.00755	0.00475	0.00244	0.00657
6	0.01567	0.01216	0.01906	0.15479	0.45138	0.03300	0.01451	0.01905	0.03203	0.17448	0.01295	0.01503	0.00973	0.00552	0.00550	0.00169	0.00636	0.00506	0.00362	0.00841
7	0.01673	0.04831	0.01207	0.00883	0.01230	0.00883	0.00696	0.08901	0.01396	0.30151	0.04426	0.02054	0.01444	0.17200	0.00985	0.00223	0.00482	0.00553	0.00491	0.20289
8	0.01642	0.03565	0.01323	0.01043	0.04055	0.00913	0.02249	0.08284	0.02793	0.26762	0.01640	0.08905	0.01312	0.00772	0.02839	0.00165	0.00497	0.00560	0.00481	0.30200
9	0.04389	0.01136	0.01641	0.04633	0.34129	0.02803	0.03815	0.03420	0.16968	0.01873	0.01707	0.17856	0.01608	0.00813	0.00580	0.00183	0.00552	0.00741	0.00393	0.00761
10	0.18512	0.02680	0.03947	0.00941	0.01384	0.00950	0.05352	0.01594	0.04369	0.05965	0.03972	0.02886	0.01059	0.00524	0.00444	0.00127	0.00462	0.00420	0.00366	0.44045
11	0.04117	0.02340	0.51912	0.01808	0.07681	0.01288	0.17084	0.01729	0.01208	0.01802	0.03241	0.01328	0.00872	0.00529	0.00551	0.00177	0.00801	0.00479	0.00261	0.00791
12	0.01496	0.42038	0.24280	0.01230	0.01764	0.17730	0.01291	0.01801	0.01230	0.01444	0.00853	0.00993	0.00709	0.00509	0.00435	0.00140	0.00742	0.00341	0.00246	0.00728

[dist]
# distance from previous block
# <min> <max>
2	5

[block]
# block no. 1 follows, 43 sequences, length 11
# corresponding to MSA columns:
# 246-256
name=unknown_B
#
# <colnr> <probs for GDERKNQSTAVLIFYWHMCP>
#	G	D	E	R	K	N	Q	S	T	A	V	L	I	F	Y	W	H	M	C	P
0	0.01841	0.00864	0.01071	0.00880	0.01208	0.02642	0.00704	0.03970	0.01515	0.47279	0.09347	0.07176	0.17219	0.00927	0.00592	0.00177	0.00422	0.00771	0.00621	0.00774
1	0.01356	0.01392	0.05561	0.03264	0.69897	0.01319	0.05629	0.01706	0.01260	0.01805	0.01044	0.01369	0.00868	0.00493	0.00553	0.00166	0.00680	0.00498	0.00273	0.00868
2	0.04943	0.00938	0.01233	0.00962	0.01371	0.00834	0.00791	0.02582	0.04718	0.68150	0.02312	0.02031	0.05079	0.00718	0.00555	0.00173	0.00459	0.00582	0.00661	0.00905
3	0.01764	0.03263	0.14543	0.04249	0.01851	0.01235	0.08682	0.23494	0.01755	0.22656	0.09394	0.01760	0.01444	0.00667	0.00566	0.00172	0.00609	0.00563	0.00494	0.00839
4	0.01373	0.04433	0.06142	0.02755	0.53762	0.03105	0.03169	0.01891	0.12420	0.01840	0.01200	0.01436	0.00975	0.00546	0.00574	0.00169	0.02544	0.00502	0.00313	0.00853
5	0.00692	0.00506	0.00658	0.00761	0.00820	0.00462	0.00514	0.00797	0.01075	0.01434	0.03116	0.72849	0.07693	0.01664	0.00692	0.00217	0.00322	0.01503	0.00507	0.03716
6	0.01102	0.01024	0.01602	0.64416	0.03365	0.01271	0.01426	0.01640	0.12291	0.01546	0.01164	0.01554	0.00880	0.00600	0.00606	0.00187	0.03867	0.00512	0.00293	0.00654
7	0.03141	0.21385	0.08007	0.01122	0.01558	0.06469	0.01014	0.23206	0.07347	0.14246	0.03294	0.02757	0.01135	0.00637	0.00498	0.00156	0.00588	0.00479	0.02145	0.00816
8	0.00672	0.00494	0.00630	0.00740	0.00795	0.00452	0.00500	0.00775	0.01091	0.01426	0.03434	0.69000	0.14591	0.01685	0.00699	0.00219	0.00315	0.01514	0.00514	0.00452
9	0.01232	0.01351	0.02870	0.02076	0.02553	0.01272	0.63912	0.01629	0.01232	0.01670	0.01214	0.01812	0.01015	0.12421	0.00977	0.00239	0.00874	0.00676	0.00288	0.00686
10	0.01993	0.01561	0.01547	0.01328	0.05327	0.14098	0.01017	0.39018	0.10287	0.13268	0.03933	0.01528	0.01184	0.00669	0.00549	0.00166	0.00626	0.00514	0.00517	0.00869

[dist]
# distance from previous block
# <min> <max>
0	1

[block]
# block no. 2 follows, 43 sequences, length 44
# corresponding to MSA columns:
# 258-301
name=unknown_C
#
# <colnr> <probs for GDERKNQSTAVLIFYWHMCP>
#	G	D	E	R	K	N	Q	S	T	A	V	L	I	F	Y	W	H	M	C	P
0	0.00776	0.00523	0.00630	0.00663	0.00699	0.00507	0.00419	0.00858	0.01013	0.01400	0.12863	0.26720	0.02935	0.40625	0.01726	0.00367	0.00416	0.01048	0.05405	0.00408
1	0.00782	0.00568	0.00717	0.00800	0.00877	0.00546	0.00566	0.05257	0.01180	0.01556	0.03113	0.60376	0.09531	0.04039	0.00763	0.00230	0.00358	0.07745	0.00511	0.00482
2	0.01652	0.01413	0.01954	0.03013	0.01884	0.06101	0.16762	0.21155	0.04257	0.09858	0.01187	0.01395	0.00908	0.00714	0.00960	0.00194	0.24899	0.00529	0.00392	0.00771
3	0.01684	0.01871	0.01342	0.01210	0.01437	0.47758	0.03159	0.01819	0.01343	0.05858	0.01207	0.02903	0.01113	0.15949	0.08721	0.00296	0.00917	0.00504	0.00323	0.00588
4	0.01202	0.01198	0.01694	0.06101	0.01595	0.01669	0.01231	0.01338	0.00864	0.01338	0.00742	0.01228	0.00728	0.00945	0.01742	0.00239	0.74814	0.00485	0.00243	0.00606
5	0.01224	0.01222	0.01693	0.13559	0.01860	0.05468	0.04948	0.01411	0.00968	0.01413	0.00858	0.01307	0.00775	0.00839	0.01408	0.00219	0.54498	0.00490	0.05229	0.00611
6	0.01802	0.06365	0.03356	0.01445	0.05025	0.40193	0.03753	0.09488	0.03027	0.04898	0.00999	0.01190	0.00813	0.00701	0.00755	0.05165	0.09593	0.00422	0.00324	0.00685
7	0.01323	0.01267	0.02043	0.26049	0.39247	0.03781	0.07069	0.06014	0.01298	0.01769	0.01051	0.01409	0.00839	0.00535	0.00579	0.00172	0.02280	0.00501	0.02002	0.00771
8	0.00835	0.00743	0.00771	0.05384	0.01066	0.03453	0.00582	0.01186	0.11260	0.01644	0.09595	0.06848	0.52160	0.01227	0.00632	0.00186	0.00355	0.01028	0.00503	0.00541
9	0.00792	0.00590	0.00873	0.00873	0.00966	0.00683	0.00671	0.00978	0.00885	0.01273	0.01499	0.02262	0.01422	0.08713	0.73834	0.00869	0.01427	0.00606	0.00299	0.00485
10	0.01500	0.03829	0.01373	0.01145	0.01485	0.01460	0.00908	0.14783	0.61577	0.02477	0.02054	0.01907	0.01536	0.00728	0.00555	0.00182	0.00471	0.00595	0.00551	0.00882
11	0.01420	0.04949	0.06417	0.07507	0.57814	0.04783	0.01609	0.04002	0.01303	0.03455	0.01049	0.01338	0.00857	0.00511	0.00537	0.00164	0.00678	0.00475	0.00287	0.00844
12	0.01103	0.05245	0.70656	0.01505	0.02272	0.01270	0.01920	0.01708	0.01192	0.01767	0.05516	0.01338	0.00972	0.00561	0.00528	0.00173	0.00778	0.00441	0.00256	0.00797
13	0.02485	0.00943	0.01285	0.00985	0.01414	0.00814	0.00814	0.02699	0.01585	0.77465	0.02185	0.01885	0.01371	0.00685	0.00557	0.00171	0.00471	0.00557	0.00685	0.00943
14	0.00722	0.00561	0.00763	0.00787	0.00895	0.00512	0.03791	0.00875	0.01206	0.01590	0.16039	0.45928	0.19683	0.01500	0.00685	0.00207	0.00333	0.02921	0.00520	0.00480
15	0.15136	0.16388	0.36124	0.01289	0.01881	0.02909	0.04650	0.07762	0.01264	0.03985	0.01039	0.03384	0.00816	0.00563	0.00478	0.00165	0.00680	0.00425	0.00302	0.00759
16	0.01007	0.00612	0.00787	0.00773	0.00919	0.00562	0.00566	0.03170	0.01360	0.12674	0.26899	0.35421	0.10430	0.01330	0.00659	0.00196	0.00328	0.01177	0.00571	0.00559
17	0.02040	0.01524	0.01591	0.01234	0.01653	0.04102	0.01014	0.68481	0.02485	0.03337	0.01343	0.01363	0.00963	0.00661	0.00542	0.00163	0.00601	0.00495	0.05501	0.00907
18	0.01987	0.01025	0.01240	0.00996	0.01341	0.01016	0.00789	0.16322	0.11535	0.40641	0.01957	0.02091	0.01438	0.13937	0.00932	0.00233	0.00504	0.00596	0.00586	0.00833
19	0.01403	0.01496	0.06683	0.03109	0.65924	0.06585	0.01661	0.01763	0.02801	0.01785	0.01051	0.01347	0.00872	0.00506	0.00544	0.00164	0.00686	0.00482	0.00278	0.00858
20	0.00675	0.00482	0.00643	0.00771	0.00803	0.00450	0.00514	0.00771	0.01060	0.01414	0.03053	0.80175	0.03663	0.01735	0.00707	0.00225	0.00321	0.01574	0.00514	0.00450
21	0.00686	0.00493	0.00650	0.00757	0.00804	0.00458	0.00512	0.00800	0.01119	0.01500	0.10779	0.70137	0.05925	0.01663	0.00700	0.00219	0.00314	0.01503	0.00524	0.00458
22	0.01175	0.05084	0.65999	0.01689	0.06826	0.01311	0.05186	0.01768	0.01188	0.03304	0.01020	0.01202	0.00732	0.00523	0.00528	0.00173	0.00800	0.00425	0.00248	0.00818
23	0.00988	0.00774	0.00933	0.00862	0.02612	0.00733	0.03885	0.09830	0.04044	0.04683	0.09328	0.05935	0.46023	0.01203	0.00642	0.00188	0.00383	0.05851	0.00518	0.00583
24	0.02069	0.02640	0.01569	0.01427	0.01712	0.78313	0.01070	0.02212	0.01569	0.01355	0.00856	0.00999	0.00713	0.00571	0.00499	0.00143	0.00999	0.00357	0.00285	0.00642
25	0.01148	0.00984	0.01148	0.00820	0.01312	0.00738	0.00656	0.01395	0.01148	0.01805	0.00984	0.01148	0.00820	0.00410	0.00410	0.00082	0.00410	0.00328	0.00328	0.83922
26	0.01124	0.05686	0.74962	0.01556	0.02362	0.01319	0.02007	0.01750	0.01168	0.01738	0.00986	0.01159	0.00702	0.00524	0.00520	0.00173	0.00810	0.00405	0.00234	0.00815
27	0.01362	0.00778	0.00962	0.00843	0.01073	0.00769	0.00659	0.09607	0.01393	0.21000	0.07032	0.07160	0.16189	0.05826	0.14180	0.00319	0.02336	0.00766	0.07097	0.00647
28	0.00788	0.00589	0.00877	0.00888	0.00985	0.00678	0.00690	0.00983	0.00911	0.01304	0.01610	0.06305	0.01559	0.03946	0.71873	0.00836	0.01393	0.02977	0.00315	0.00493
29	0.01378	0.01190	0.01252	0.01127	0.01440	0.01378	0.00877	0.02943	0.76081	0.02317	0.02254	0.02066	0.01691	0.00751	0.00564	0.00188	0.00438	0.00626	0.00564	0.00877
30	0.05951	0.00929	0.01237	0.00959	0.01369	0.00818	0.00790	0.02568	0.01556	0.70357	0.05949	0.01958	0.01535	0.00701	0.00553	0.00172	0.00459	0.00569	0.00667	0.00906
31	0.00962	0.00481	0.00722	0.00722	0.00722	0.00481	0.00481	0.00722	0.00722	0.00962	0.00962	0.01684	0.00962	0.01924	0.02165	0.83886	0.00481	0.00481	0.00241	0.00241
32	0.02069	0.02640	0.01569	0.01427	0.01712	0.78313	0.01070	0.02212	0.01569	0.01355	0.00856	0.00999	0.00713	0.00571	0.00499	0.00143	0.00999	0.00357	0.00285	0.00642
33	0.00792	0.00592	0.00883	0.00883	0.00979	0.00688	0.00683	0.00984	0.00888	0.01280	0.01490	0.02214	0.01401	0.06165	0.76353	0.00881	0.01459	0.00599	0.00298	0.00490
34	0.01046	0.00984	0.01661	0.79205	0.03814	0.01230	0.01538	0.01415	0.01107	0.01415	0.00984	0.01477	0.00738	0.00554	0.00554	0.00185	0.00738	0.00492	0.00246	0.00615
35	0.01371	0.01316	0.02248	0.03399	0.77081	0.01316	0.01700	0.01700	0.01261	0.01809	0.01042	0.01371	0.00877	0.00493	0.00548	0.00164	0.00658	0.00493	0.00274	0.00877
36	0.00701	0.00526	0.00690	0.00790	0.00832	0.00515	0.00543	0.00802	0.01065	0.01416	0.03133	0.70277	0.09233	0.01670	0.00760	0.00223	0.04379	0.01487	0.00500	0.00459
37	0.02410	0.00926	0.01261	0.00973	0.01388	0.00801	0.00801	0.02626	0.01584	0.74147	0.05475	0.01984	0.01541	0.00705	0.00561	0.00171	0.00462	0.00577	0.00682	0.00924
38	0.00775	0.00549	0.00699	0.00686	0.00777	0.00517	0.00482	0.00960	0.01343	0.01878	0.51729	0.13524	0.04352	0.17981	0.01117	0.00257	0.00327	0.01032	0.00540	0.00474
39	0.01219	0.09234	0.29642	0.01840	0.02447	0.01389	0.36940	0.01696	0.01220	0.01697	0.01135	0.05351	0.00921	0.00563	0.00605	0.00179	0.02322	0.00577	0.00271	0.00751
40	0.01298	0.08234	0.01914	0.01561	0.06053	0.01703	0.04996	0.05416	0.01016	0.01498	0.00802	0.01214	0.00752	0.00855	0.01485	0.00220	0.59585	0.00478	0.00263	0.00657
41	0.01640	0.01869	0.01426	0.07346	0.04323	0.44001	0.01018	0.05515	0.02744	0.01483	0.01176	0.04448	0.01092	0.08215	0.04820	0.00235	0.04864	0.02844	0.00319	0.00619
42	0.00681	0.00497	0.00635	0.00735	0.00794	0.00456	0.00499	0.00784	0.01104	0.01448	0.06072	0.64420	0.15049	0.01665	0.00722	0.01689	0.00316	0.01472	0.00513	0.00452
43	0.06110	0.05524	0.06248	0.03015	0.16854	0.14531	0.02742	0.19550	0.05355	0.08547	0.03692	0.03032	0.01108	0.00626	0.00530	0.00164	0.00660	0.00500	0.00407	0.00804

[dist]
# distance from previous block
# <min> <max>
7	14

[block]
# block no. 3 follows, 43 sequences, length 39
# corresponding to MSA columns:
# 316-354
name=unknown_D
#
# <colnr> <probs for GDERKNQSTAVLIFYWHMCP>
#	G	D	E	R	K	N	Q	S	T	A	V	L	I	F	Y	W	H	M	C	P
0	0.02080	0.01524	0.01611	0.01252	0.01681	0.03901	0.01028	0.64124	0.07215	0.07768	0.01426	0.01400	0.01009	0.00669	0.00553	0.00167	0.00602	0.00506	0.00555	0.00929
1	0.01069	0.00670	0.00761	0.00701	0.00926	0.00591	0.00537	0.04721	0.01369	0.15734	0.05760	0.13245	0.49290	0.01268	0.00638	0.00187	0.00336	0.01067	0.00550	0.00578
2	0.00718	0.00523	0.00654	0.00701	0.00779	0.00483	0.00482	0.00856	0.01201	0.01612	0.24035	0.39164	0.14063	0.10980	0.00938	0.00243	0.00325	0.01264	0.00520	0.00459
3	0.01524	0.51377	0.10060	0.01201	0.03425	0.10601	0.03929	0.05111	0.05357	0.01538	0.00928	0.01048	0.00783	0.00514	0.00425	0.00137	0.00668	0.00360	0.00277	0.00739
4	0.07491	0.25853	0.44157	0.01347	0.02005	0.01546	0.05021	0.01742	0.01157	0.03648	0.00948	0.01099	0.00721	0.00511	0.00468	0.00159	0.00718	0.00383	0.00257	0.00770
5	0.01111	0.02865	0.77667	0.01579	0.02397	0.01286	0.02046	0.01754	0.01169	0.01754	0.00994	0.01169	0.00702	0.00526	0.00526	0.00175	0.00818	0.00409	0.00234	0.00818
6	0.00675	0.00482	0.00643	0.00771	0.00803	0.00450	0.00514	0.00771	0.01060	0.01414	0.03053	0.80175	0.03663	0.01735	0.00707	0.00225	0.00321	0.01574	0.00514	0.00450
7	0.03306	0.01016	0.01678	0.62766	0.14114	0.01210	0.01489	0.01439	0.01138	0.01519	0.02689	0.01591	0.02610	0.00576	0.00552	0.00181	0.00698	0.00514	0.00267	0.00647
8	0.00825	0.00566	0.00737	0.00725	0.00851	0.00520	0.00538	0.01045	0.01444	0.04919	0.53444	0.18951	0.08629	0.01259	0.00663	0.00187	0.00290	0.03299	0.00586	0.00521
9	0.00904	0.00593	0.00779	0.00717	0.00869	0.00543	0.00543	0.01162	0.01569	0.07549	0.71506	0.03978	0.04953	0.01101	0.00646	0.00174	0.00276	0.00970	0.00615	0.00552
10	0.04300	0.02796	0.74726	0.01546	0.02346	0.01285	0.01991	0.01749	0.01161	0.01782	0.00985	0.01159	0.00698	0.00526	0.00519	0.00175	0.00804	0.00405	0.00238	0.00810
11	0.01528	0.04497	0.01275	0.01072	0.01345	0.24025	0.00841	0.19042	0.01689	0.03973	0.09140	0.08820	0.14091	0.00935	0.00581	0.00172	0.00605	0.05249	0.00458	0.00660
12	0.02474	0.00960	0.01296	0.00994	0.01422	0.00840	0.00821	0.04750	0.01614	0.75373	0.02161	0.01869	0.01359	0.00685	0.00557	0.00171	0.00475	0.00555	0.00682	0.00943
13	0.00675	0.00482	0.00643	0.00771	0.00803	0.00450	0.00514	0.00771	0.01060	0.01414	0.03053	0.80175	0.03663	0.01735	0.00707	0.00225	0.00321	0.01574	0.00514	0.00450
14	0.01169	0.01094	0.01825	0.55684	0.24209	0.01269	0.01569	0.03725	0.01196	0.01588	0.01011	0.01443	0.00783	0.00540	0.00552	0.00178	0.00712	0.00493	0.00263	0.00698
15	0.01308	0.01315	0.02557	0.19197	0.11415	0.01329	0.41584	0.01818	0.07370	0.04673	0.01215	0.01538	0.00912	0.00521	0.00609	0.00183	0.00801	0.00594	0.00311	0.00751
16	0.02069	0.02640	0.01569	0.01427	0.01712	0.78313	0.01070	0.02212	0.01569	0.01355	0.00856	0.00999	0.00713	0.00571	0.00499	0.00143	0.00999	0.00357	0.00285	0.00642
17	0.00912	0.00691	0.00815	0.00705	0.00886	0.00616	0.00485	0.01026	0.00969	0.01392	0.04730	0.02736	0.03477	0.41704	0.09165	0.00398	0.00569	0.00646	0.00345	0.27734
18	0.01371	0.01316	0.02248	0.03399	0.77081	0.01316	0.01700	0.01700	0.01261	0.01809	0.01042	0.01371	0.00877	0.00493	0.00548	0.00164	0.00658	0.00493	0.00274	0.00877
19	0.02105	0.01551	0.01662	0.01274	0.01717	0.01717	0.01053	0.75235	0.02604	0.03490	0.01330	0.01330	0.00942	0.00665	0.00554	0.00166	0.00609	0.00499	0.00554	0.00942
20	0.00791	0.00593	0.00890	0.00890	0.00989	0.00692	0.00692	0.00989	0.00890	0.01286	0.01483	0.02176	0.01385	0.04154	0.78341	0.00890	0.01483	0.00593	0.00297	0.00494
21	0.78400	0.01080	0.00860	0.00756	0.01106	0.01238	0.00623	0.03907	0.01021	0.05764	0.00849	0.00955	0.00644	0.00526	0.00358	0.00171	0.00436	0.00317	0.00364	0.00625
22	0.02485	0.00943	0.01285	0.00985	0.01414	0.00814	0.00814	0.02699	0.01585	0.77465	0.02185	0.01885	0.01371	0.00685	0.00557	0.00171	0.00471	0.00557	0.00685	0.00943
23	0.00962	0.00481	0.00722	0.00722	0.00722	0.00481	0.00481	0.00722	0.00722	0.00962	0.00962	0.01684	0.00962	0.01924	0.02165	0.83886	0.00481	0.00481	0.00241	0.00241
24	0.01080	0.03668	0.01454	0.01236	0.01282	0.01369	0.01014	0.01221	0.00868	0.01308	0.00993	0.01581	0.00972	0.04981	0.24601	0.00443	0.50579	0.00523	0.00262	0.00566
25	0.01212	0.01212	0.01696	0.01454	0.01454	0.01696	0.01212	0.01333	0.00848	0.01333	0.00727	0.01212	0.00727	0.00969	0.01818	0.00242	0.79523	0.00485	0.00242	0.00606
26	0.01046	0.00984	0.01661	0.79205	0.03814	0.01230	0.01538	0.01415	0.01107	0.01415	0.00984	0.01477	0.00738	0.00554	0.00554	0.00185	0.00738	0.00492	0.00246	0.00615
27	0.01371	0.01310	0.02198	0.03285	0.73285	0.01319	0.01658	0.01762	0.05017	0.01835	0.01103	0.01406	0.00918	0.00506	0.00549	0.00166	0.00647	0.00500	0.00289	0.00877
28	0.00955	0.00486	0.00729	0.00729	0.00733	0.00490	0.00490	0.00733	0.00729	0.00976	0.00984	0.01704	0.00980	0.02018	0.05380	0.80383	0.00523	0.00486	0.00243	0.00251
29	0.00753	0.00554	0.00706	0.00691	0.00815	0.00506	0.00509	0.00977	0.01461	0.02022	0.58071	0.14986	0.13392	0.01249	0.00661	0.00183	0.00272	0.01102	0.00585	0.00506
30	0.00678	0.00487	0.00644	0.00764	0.00803	0.00453	0.00512	0.00781	0.01082	0.01443	0.05582	0.75827	0.05478	0.01707	0.00704	0.00222	0.00318	0.01546	0.00517	0.00453
31	0.04463	0.01675	0.01688	0.01323	0.01740	0.13079	0.05077	0.56650	0.02300	0.03020	0.01241	0.01292	0.00902	0.00635	0.00542	0.00163	0.00673	0.00480	0.02189	0.00868
32	0.01315	0.01319	0.02428	0.12374	0.49825	0.01326	0.19807	0.01683	0.01254	0.01753	0.01054	0.01414	0.00851	0.00494	0.00575	0.00172	0.00736	0.00533	0.00272	0.00813
33	0.62462	0.01194	0.01131	0.04613	0.13912	0.05470	0.00850	0.01663	0.01037	0.02264	0.00830	0.01009	0.00658	0.00515	0.00395	0.00169	0.00511	0.00344	0.00324	0.00649
34	0.01078	0.01049	0.01272	0.01166	0.01207	0.07218	0.00915	0.01187	0.00983	0.01350	0.01699	0.23103	0.05768	0.05922	0.01408	0.00244	0.42720	0.00828	0.00340	0.00542
35	0.01979	0.01271	0.01432	0.01140	0.01526	0.01352	0.00933	0.46766	0.05552	0.18541	0.01731	0.06033	0.01330	0.00768	0.00566	0.00174	0.00539	0.03733	0.03756	0.00877
36	0.01807	0.01387	0.03470	0.01136	0.01593	0.01382	0.00951	0.49132	0.02117	0.05831	0.03279	0.01374	0.01035	0.00608	0.00518	0.00145	0.00548	0.00467	0.00493	0.22726
37	0.00972	0.00716	0.00832	0.00787	0.00972	0.00712	0.00590	0.01473	0.18296	0.06076	0.29831	0.12609	0.19205	0.03549	0.00700	0.00197	0.00332	0.00988	0.00564	0.00600
38	0.09215	0.65036	0.10716	0.00995	0.01493	0.02006	0.01033	0.01666	0.01113	0.01462	0.00794	0.00920	0.00699	0.00483	0.00372	0.00130	0.00601	0.00309	0.00246	0.00712

[dist]
# distance from previous block
# <min> <max>
0	2

[block]
# block no. 4 follows, 43 sequences, length 74
# corresponding to MSA columns:
# 357-381,387-431,433-435,439
name=unknown_E
#
# <colnr> <probs for GDERKNQSTAVLIFYWHMCP>
#	G	D	E	R	K	N	Q	S	T	A	V	L	I	F	Y	W	H	M	C	P
0	0.01311	0.01368	0.01729	0.32510	0.13896	0.15098	0.03199	0.01573	0.01159	0.01459	0.00959	0.01395	0.00805	0.02919	0.00861	0.00195	0.16591	0.00480	0.01841	0.00651
1	0.01111	0.02865	0.77667	0.01579	0.02397	0.01286	0.02046	0.01754	0.01169	0.01754	0.00994	0.01169	0.00702	0.00526	0.00526	0.00175	0.00818	0.00409	0.00234	0.00818
2	0.00728	0.00510	0.00654	0.00744	0.00776	0.00492	0.00494	0.00811	0.01000	0.01333	0.02647	0.52191	0.03123	0.23636	0.03015	0.00328	0.00420	0.06214	0.00459	0.00423
3	0.14435	0.00961	0.01463	0.36541	0.12734	0.01090	0.04197	0.01371	0.01092	0.01648	0.02995	0.11583	0.01234	0.00782	0.00640	0.05094	0.00606	0.00619	0.00310	0.00609
4	0.00675	0.00482	0.00643	0.00771	0.00803	0.00450	0.00514	0.00771	0.01060	0.01414	0.03053	0.80175	0.03663	0.01735	0.00707	0.00225	0.00321	0.01574	0.00514	0.00450
5	0.00675	0.00482	0.00643	0.00771	0.00803	0.00450	0.00514	0.00771	0.01060	0.01414	0.03053	0.80175	0.03663	0.01735	0.00707	0.00225	0.00321	0.01574	0.00514	0.00450
6	0.09339	0.51604	0.06109	0.01175	0.05864	0.11720	0.01032	0.04845	0.01238	0.01564	0.00831	0.00964	0.00720	0.00502	0.00401	0.00134	0.00644	0.00330	0.00268	0.00716
7	0.07549	0.01208	0.02007	0.11494	0.49967	0.01257	0.06385	0.01588	0.01194	0.01768	0.01153	0.06997	0.01032	0.00606	0.00596	0.00176	0.03387	0.00567	0.00293	0.00778
8	0.00762	0.00520	0.00625	0.00668	0.00682	0.00513	0.00405	0.00799	0.00893	0.01193	0.02172	0.29007	0.02543	0.52105	0.04349	0.00444	0.00493	0.01055	0.00394	0.00378
9	0.01079	0.01124	0.02302	0.01754	0.02119	0.01054	0.47665	0.01407	0.01208	0.01630	0.01785	0.27767	0.01821	0.03653	0.00746	0.00212	0.00716	0.00965	0.00360	0.00634
10	0.01363	0.01416	0.06575	0.10420	0.56582	0.03248	0.03786	0.04024	0.03874	0.01825	0.01082	0.01386	0.00878	0.00517	0.00550	0.00168	0.00683	0.00494	0.00288	0.00841
11	0.01678	0.00875	0.03334	0.00977	0.01285	0.00750	0.04207	0.04028	0.01458	0.39510	0.11986	0.19178	0.04943	0.00994	0.00612	0.00186	0.00442	0.02219	0.00594	0.00745
12	0.01481	0.80869	0.02902	0.00948	0.01421	0.02191	0.00948	0.01658	0.01125	0.01303	0.00770	0.00888	0.00711	0.00474	0.00355	0.00118	0.00592	0.00296	0.00237	0.00711
13	0.01986	0.01250	0.01478	0.01125	0.01570	0.01248	0.02751	0.35174	0.05340	0.24725	0.01553	0.01496	0.01076	0.00623	0.00531	0.00154	0.00532	0.00494	0.00544	0.16350
14	0.01046	0.00984	0.01661	0.79205	0.03814	0.01230	0.01538	0.01415	0.01107	0.01415	0.00984	0.01477	0.00738	0.00554	0.00554	0.00185	0.00738	0.00492	0.00246	0.00615
15	0.02069	0.02640	0.01569	0.01427	0.01712	0.78313	0.01070	0.02212	0.01569	0.01355	0.00856	0.00999	0.00713	0.00571	0.00499	0.00143	0.00999	0.00357	0.00285	0.00642
16	0.00805	0.00537	0.00604	0.00604	0.00604	0.00537	0.00336	0.00805	0.00805	0.01074	0.01745	0.03624	0.02013	0.80536	0.02819	0.00537	0.00537	0.00805	0.00336	0.00336
17	0.01212	0.01212	0.01696	0.01454	0.01454	0.01696	0.01212	0.01333	0.00848	0.01333	0.00727	0.01212	0.00727	0.00969	0.01818	0.00242	0.79523	0.00485	0.00242	0.00606
18	0.29777	0.00985	0.01128	0.00900	0.01300	0.00957	0.00743	0.02342	0.01371	0.52498	0.01714	0.01557	0.01114	0.00628	0.00486	0.00171	0.00457	0.00471	0.00571	0.00828
19	0.00962	0.00481	0.00722	0.00722	0.00722	0.00481	0.00481	0.00722	0.00722	0.00962	0.00962	0.01684	0.00962	0.01924	0.02165	0.83886	0.00481	0.00481	0.00241	0.00241
20	0.02056	0.04831	0.01619	0.01396	0.01704	0.67553	0.01065	0.10308	0.01671	0.01591	0.00906	0.01032	0.00739	0.00578	0.00501	0.00145	0.00943	0.00371	0.00314	0.00677
21	0.00816	0.00630	0.00937	0.00923	0.01016	0.00751	0.00723	0.01009	0.00888	0.01288	0.01439	0.02119	0.01346	0.03967	0.73853	0.00852	0.06061	0.00587	0.00294	0.00501
22	0.01046	0.00984	0.01661	0.79205	0.03814	0.01230	0.01538	0.01415	0.01107	0.01415	0.00984	0.01477	0.00738	0.00554	0.00554	0.00185	0.00738	0.00492	0.00246	0.00615
23	0.01046	0.00984	0.01661	0.79205	0.03814	0.01230	0.01538	0.01415	0.01107	0.01415	0.00984	0.01477	0.00738	0.00554	0.00554	0.00185	0.00738	0.00492	0.00246	0.00615
24	0.00805	0.00537	0.00604	0.00604	0.00604	0.00537	0.00336	0.00805	0.00805	0.01074	0.01745	0.03624	0.02013	0.80536	0.02819	0.00537	0.00537	0.00805	0.00336	0.00336
25	0.00759	0.00553	0.00713	0.00698	0.00818	0.00508	0.00514	0.00987	0.01471	0.02051	0.60908	0.15423	0.10046	0.01240	0.00661	0.00183	0.00271	0.01098	0.00589	0.00508
26	0.02095	0.00967	0.01234	0.00991	0.01368	0.00915	0.00803	0.04430	0.15746	0.53802	0.09629	0.02130	0.01806	0.00742	0.00568	0.00175	0.00448	0.00613	0.00651	0.00888
27	0.05736	0.01376	0.14976	0.09133	0.12390	0.01078	0.03782	0.02197	0.05235	0.36068	0.01598	0.01596	0.01084	0.00605	0.00544	0.00174	0.00597	0.00510	0.00469	0.00853
28	0.00756	0.00537	0.00685	0.00776	0.00823	0.00518	0.00522	0.03812	0.01095	0.01459	0.02807	0.65003	0.03323	0.12086	0.00981	0.00264	0.00366	0.03240	0.00492	0.00456
29	0.01128	0.00975	0.01499	0.03775	0.33507	0.00996	0.01214	0.01533	0.08718	0.01760	0.02028	0.10451	0.02044	0.01008	0.00643	0.00205	0.00554	0.26853	0.00409	0.00700
30	0.20245	0.02098	0.01490	0.01516	0.11037	0.49636	0.01044	0.03847	0.01418	0.01716	0.00872	0.01032	0.00715	0.00551	0.00472	0.00152	0.00820	0.00365	0.00303	0.00670
31	0.00842	0.00728	0.01044	0.31820	0.01986	0.00783	0.00892	0.01100	0.01267	0.01635	0.20736	0.06118	0.26935	0.01012	0.00616	0.00184	0.00459	0.00874	0.00431	0.00539
32	0.01662	0.01274	0.01461	0.01202	0.05949	0.01257	0.00916	0.38415	0.01893	0.04535	0.01243	0.03274	0.00970	0.00583	0.00502	0.00135	0.00524	0.00461	0.00452	0.33294
33	0.01265	0.29263	0.45268	0.01369	0.03664	0.04262	0.01579	0.01712	0.01184	0.01604	0.03503	0.01174	0.00864	0.00530	0.00472	0.00155	0.00725	0.00391	0.00250	0.00767
34	0.01145	0.04219	0.54808	0.01738	0.07065	0.01278	0.13104	0.01706	0.01221	0.01780	0.05887	0.01416	0.01025	0.00553	0.00551	0.00175	0.00785	0.00488	0.00268	0.00790
35	0.01304	0.33902	0.34602	0.01641	0.14938	0.01655	0.01545	0.01706	0.01168	0.01583	0.00912	0.01091	0.00736	0.00500	0.00461	0.00151	0.00700	0.00378	0.00242	0.00785
36	0.01111	0.02865	0.77667	0.01579	0.02397	0.01286	0.02046	0.01754	0.01169	0.01754	0.00994	0.01169	0.00702	0.00526	0.00526	0.00175	0.00818	0.00409	0.00234	0.00818
37	0.00674	0.00487	0.00638	0.00759	0.00800	0.00451	0.00509	0.00773	0.01072	0.01419	0.03203	0.75785	0.07956	0.01716	0.00704	0.00223	0.00319	0.01551	0.00514	0.00451
38	0.03422	0.08932	0.14255	0.04814	0.37113	0.01407	0.18701	0.01711	0.01232	0.01751	0.01019	0.01315	0.00815	0.00493	0.00546	0.00168	0.00738	0.00494	0.00267	0.00808
39	0.00795	0.00579	0.00819	0.00819	0.00894	0.00654	0.00604	0.00944	0.00869	0.01233	0.01548	0.02535	0.01540	0.23072	0.59636	0.00803	0.01249	0.00646	0.00306	0.00455
40	0.01402	0.01190	0.01263	0.01132	0.01446	0.01370	0.00888	0.07116	0.68991	0.02361	0.02225	0.02178	0.01702	0.00775	0.00570	0.00189	0.00451	0.03322	0.00561	0.00867
41	0.01230	0.07892	0.21037	0.03581	0.03627	0.01243	0.03536	0.02035	0.26698	0.03778	0.01851	0.02572	0.01593	0.00814	0.00582	0.00192	0.00594	0.15967	0.00419	0.00761
42	0.01430	0.52319	0.18147	0.01207	0.05083	0.05334	0.01199	0.03985	0.01208	0.01516	0.00886	0.01028	0.00748	0.00502	0.00413	0.00135	0.00649	0.00345	0.03128	0.00738
43	0.00990	0.00804	0.01237	0.05629	0.20297	0.00812	0.01069	0.01251	0.01248	0.01675	0.05205	0.13612	0.02616	0.01229	0.00688	0.00222	0.00527	0.39848	0.00441	0.00601
44	0.00655	0.00561	0.00561	0.00561	0.00748	0.00468	0.00421	0.00795	0.01262	0.01496	0.05610	0.05330	0.76857	0.01403	0.00655	0.00187	0.00281	0.01169	0.00514	0.00468
45	0.12253	0.07997	0.08103	0.01166	0.01520	0.23716	0.03094	0.13141	0.01453	0.03823	0.01117	0.01313	0.00893	0.01044	0.10725	0.00250	0.00812	0.00428	0.06467	0.00686
46	0.01655	0.24265	0.03635	0.07230	0.08431	0.16970	0.01097	0.05776	0.12543	0.09122	0.01220	0.01310	0.00951	0.00589	0.00524	0.00155	0.02970	0.00434	0.00360	0.00763
47	0.01997	0.12251	0.01733	0.01368	0.01676	0.68960	0.01055	0.02144	0.01515	0.01349	0.00845	0.00985	0.00713	0.00559	0.00482	0.00140	0.00949	0.00349	0.00279	0.00650
48	0.00797	0.00536	0.00604	0.00607	0.00614	0.00532	0.00343	0.00804	0.00827	0.01097	0.01903	0.05868	0.04393	0.75816	0.02691	0.00517	0.00523	0.00839	0.00346	0.00343
49	0.02105	0.01551	0.01662	0.01274	0.01717	0.01717	0.01053	0.75235	0.02604	0.03490	0.01330	0.01330	0.00942	0.00665	0.00554	0.00166	0.00609	0.00499	0.00554	0.00942
50	0.02069	0.02640	0.01569	0.01427	0.01712	0.78313	0.01070	0.02212	0.01569	0.01355	0.00856	0.00999	0.00713	0.00571	0.00499	0.00143	0.00999	0.00357	0.00285	0.00642
51	0.00791	0.00593	0.00890	0.00890	0.00989	0.00692	0.00692	0.00989	0.00890	0.01286	0.01483	0.02176	0.01385	0.04154	0.78341	0.00890	0.01483	0.00593	0.00297	0.00494
52	0.02105	0.01551	0.01662	0.01274	0.01717	0.01717	0.01053	0.75235	0.02604	0.03490	0.01330	0.01330	0.00942	0.00665	0.00554	0.00166	0.00609	0.00499	0.00554	0.00942
53	0.02485	0.00943	0.01285	0.00985	0.01414	0.00814	0.00814	0.02699	0.01585	0.77465	0.02185	0.01885	0.01371	0.00685	0.00557	0.00171	0.00471	0.00557	0.00685	0.00943
54	0.00962	0.00481	0.00722	0.00722	0.00722	0.00481	0.00481	0.00722	0.00722	0.00962	0.00962	0.01684	0.00962	0.01924	0.02165	0.83886	0.00481	0.00481	0.00241	0.00241
55	0.01212	0.01212	0.01696	0.01454	0.01454	0.01696	0.01212	0.01333	0.00848	0.01333	0.00727	0.01212	0.00727	0.00969	0.01818	0.00242	0.79523	0.00485	0.00242	0.00606
56	0.02070	0.02602	0.01573	0.01421	0.01712	0.75649	0.01069	0.04751	0.01605	0.01430	0.00873	0.01010	0.00721	0.00574	0.00501	0.00143	0.00985	0.00362	0.00295	0.00652
57	0.01056	0.00998	0.01663	0.74645	0.03676	0.01258	0.01519	0.01410	0.01092	0.01410	0.00969	0.01461	0.00738	0.00578	0.00628	0.00188	0.05359	0.00492	0.00246	0.00615
58	0.02105	0.01551	0.01662	0.01274	0.01717	0.01717	0.01053	0.75235	0.02604	0.03490	0.01330	0.01330	0.00942	0.00665	0.00554	0.00166	0.00609	0.00499	0.00554	0.00942
59	0.00872	0.00687	0.03457	0.05327	0.01066	0.00598	0.00630	0.01107	0.01401	0.05540	0.44035	0.05395	0.17696	0.06346	0.00786	0.00205	0.00350	0.03430	0.00538	0.00534
60	0.00674	0.00484	0.00641	0.00766	0.00802	0.00450	0.00512	0.00772	0.01065	0.01416	0.03117	0.78287	0.05509	0.01727	0.00706	0.00224	0.00320	0.01564	0.00514	0.00450
61	0.00675	0.00482	0.00643	0.00771	0.00803	0.00450	0.00514	0.00771	0.01060	0.01414	0.03053	0.80175	0.03663	0.01735	0.00707	0.00225	0.00321	0.01574	0.00514	0.00450
62	0.02087	0.01462	0.01588	0.01225	0.01655	0.01600	0.01009	0.65384	0.04258	0.09476	0.01436	0.01414	0.01009	0.00668	0.00550	0.00166	0.00584	0.00507	0.02994	0.00928
63	0.01716	0.01897	0.04404	0.04249	0.03620	0.32230	0.09894	0.12705	0.01494	0.03462	0.00977	0.01214	0.00789	0.00678	0.00827	0.01857	0.16511	0.00455	0.00321	0.00701
64	0.00682	0.00490	0.00649	0.00773	0.00814	0.00457	0.00525	0.00786	0.01075	0.01426	0.03135	0.74871	0.06145	0.01716	0.00707	0.00225	0.00327	0.04228	0.00514	0.00453
65	0.00701	0.00500	0.00666	0.00775	0.00822	0.00470	0.00534	0.00820	0.01115	0.01496	0.09885	0.66887	0.03742	0.03455	0.00753	0.00229	0.00332	0.05840	0.00519	0.00458
66	0.03491	0.03169	0.06837	0.02378	0.42832	0.05651	0.05080	0.01719	0.02792	0.07563	0.03407	0.01880	0.09506	0.00635	0.00555	0.00168	0.00625	0.00574	0.00345	0.00793
67	0.01314	0.01584	0.11780	0.18766	0.31284	0.07567	0.16320	0.01703	0.01251	0.01675	0.01024	0.01362	0.00805	0.00511	0.00564	0.00173	0.00778	0.00503	0.00265	0.00770
68	0.03574	0.08405	0.02214	0.08954	0.44146	0.10485	0.08293	0.04276	0.01315	0.01751	0.01002	0.01291	0.00824	0.00510	0.00531	0.00162	0.00717	0.00470	0.00282	0.00797
69	0.04014	0.04049	0.03924	0.02572	0.01438	0.01056	0.00866	0.18558	0.03140	0.35474	0.16821	0.02121	0.01975	0.00751	0.00562	0.00170	0.00480	0.00612	0.00589	0.00829
70	0.01281	0.09758	0.24671	0.04979	0.21734	0.03361	0.15514	0.01696	0.01203	0.01681	0.00988	0.01264	0.00782	0.00525	0.00611	0.00169	0.05379	0.00469	0.00259	0.03675
71	0.78518	0.04098	0.03517	0.00766	0.01129	0.01279	0.00662	0.01633	0.00957	0.02416	0.00779	0.00908	0.00607	0.00513	0.00349	0.00170	0.00448	0.00303	0.00335	0.00611
72	0.00969	0.00746	0.00804	0.00768	0.00840	0.05220	0.00514	0.06240	0.00999	0.01313	0.01601	0.02963	0.01712	0.52021	0.20446	0.00571	0.00794	0.00707	0.00339	0.00435
73	0.01216	0.06844	0.13211	0.01026	0.01324	0.01099	0.00929	0.16200	0.05625	0.01969	0.07496	0.08300	0.01871	0.16789	0.01064	0.00253	0.03477	0.06392	0.04270	0.00646

[dist]
# distance from previous block
# <min> <max>
4	13

[block]
# block no. 5 follows, 43 sequences, length 35
# corresponding to MSA columns:
# 453-487
name=unknown_F
#
# <colnr> <probs for GDERKNQSTAVLIFYWHMCP>
#	G	D	E	R	K	N	Q	S	T	A	V	L	I	F	Y	W	H	M	C	P
0	0.00707	0.00506	0.00619	0.00699	0.00750	0.00472	0.00460	0.00794	0.01040	0.01370	0.03136	0.51182	0.14267	0.18112	0.01133	0.00282	0.00359	0.01329	0.02354	0.00430
1	0.03421	0.01455	0.06507	0.01426	0.11385	0.08185	0.01054	0.17944	0.19199	0.04424	0.02687	0.01595	0.03168	0.00627	0.00524	0.00156	0.00569	0.00504	0.00435	0.14733
2	0.01292	0.13902	0.49760	0.04063	0.08573	0.01465	0.01733	0.09649	0.01323	0.01869	0.01001	0.01172	0.00745	0.00532	0.00507	0.00165	0.00747	0.00412	0.00273	0.00815
3	0.01111	0.02865	0.77667	0.01579	0.02397	0.01286	0.02046	0.01754	0.01169	0.01754	0.00994	0.01169	0.00702	0.00526	0.00526	0.00175	0.00818	0.00409	0.00234	0.00818
4	0.00791	0.00578	0.00822	0.00826	0.00902	0.00652	0.00612	0.00944	0.00877	0.01245	0.01585	0.04785	0.01585	0.20197	0.60115	0.00796	0.01249	0.00667	0.00311	0.00460
5	0.01139	0.12516	0.54931	0.01520	0.05431	0.01342	0.03261	0.01657	0.01140	0.01649	0.01023	0.01257	0.00787	0.00908	0.08900	0.00245	0.00857	0.00423	0.00244	0.00771
6	0.00760	0.00551	0.00696	0.00751	0.00769	0.00565	0.00491	0.00821	0.00948	0.01277	0.02397	0.45523	0.02836	0.32066	0.01593	0.00346	0.05558	0.01207	0.00428	0.00416
7	0.00962	0.00607	0.00792	0.00723	0.00888	0.00552	0.00550	0.01214	0.01558	0.10309	0.66095	0.03939	0.07475	0.01094	0.00643	0.00174	0.00285	0.00960	0.00614	0.00566
8	0.01174	0.01128	0.01668	0.22234	0.02135	0.01442	0.05745	0.03015	0.08748	0.01534	0.01204	0.04477	0.02933	0.00839	0.01181	0.00214	0.38814	0.00571	0.00302	0.00642
9	0.01607	0.09507	0.04520	0.01786	0.02223	0.26869	0.34359	0.05758	0.01420	0.01661	0.00990	0.01242	0.00783	0.00536	0.00618	0.00167	0.04449	0.00499	0.00289	0.00715
10	0.02485	0.00943	0.01285	0.00985	0.01414	0.00814	0.00814	0.02699	0.01585	0.77465	0.02185	0.01885	0.01371	0.00685	0.00557	0.00171	0.00471	0.00557	0.00685	0.00943
11	0.00681	0.00519	0.00623	0.00688	0.00783	0.00465	0.00479	0.00807	0.01174	0.01514	0.11072	0.45438	0.28989	0.03179	0.00727	0.00213	0.00306	0.01363	0.00520	0.00461
12	0.00805	0.00539	0.00615	0.00615	0.00619	0.00543	0.00349	0.00812	0.00809	0.01082	0.01735	0.03570	0.01990	0.77655	0.05668	0.00550	0.00573	0.00797	0.00334	0.00342
13	0.01323	0.01099	0.01158	0.01049	0.01337	0.01260	0.00814	0.02710	0.65872	0.02287	0.04336	0.02125	0.01762	0.00751	0.00547	0.00181	0.00414	0.00625	0.09521	0.00828
14	0.01469	0.78300	0.05365	0.00968	0.01454	0.02162	0.00984	0.01662	0.01127	0.01318	0.00777	0.00898	0.00710	0.00476	0.00361	0.00120	0.00600	0.00300	0.00237	0.00714
15	0.01154	0.01146	0.06704	0.00956	0.01475	0.00813	0.04774	0.01441	0.01158	0.01799	0.00992	0.01169	0.00813	0.00421	0.00432	0.00094	0.00467	0.00351	0.00319	0.73520
16	0.03721	0.55080	0.10672	0.01073	0.01575	0.01978	0.01077	0.15861	0.01411	0.01804	0.00902	0.01004	0.00751	0.00517	0.00412	0.00135	0.00616	0.00347	0.00301	0.00764
17	0.01481	0.80869	0.02902	0.00948	0.01421	0.02191	0.00948	0.01658	0.01125	0.01303	0.00770	0.00888	0.00711	0.00474	0.00355	0.00118	0.00592	0.00296	0.00237	0.00711
18	0.01307	0.01494	0.03268	0.02334	0.02894	0.01401	0.75070	0.01774	0.01307	0.01774	0.01120	0.01494	0.00840	0.00467	0.00654	0.00187	0.00934	0.00654	0.00280	0.00747
19	0.02146	0.01486	0.01621	0.01243	0.01685	0.01620	0.01027	0.67412	0.02494	0.11468	0.01422	0.01390	0.00988	0.00667	0.00554	0.00167	0.00595	0.00505	0.00568	0.00942
20	0.84448	0.01071	0.00814	0.00728	0.01071	0.01242	0.00600	0.01628	0.00943	0.02485	0.00771	0.00900	0.00600	0.00514	0.00343	0.00171	0.00428	0.00300	0.00343	0.00600
21	0.00962	0.00481	0.00722	0.00722	0.00722	0.00481	0.00481	0.00722	0.00722	0.00962	0.00962	0.01684	0.00962	0.01924	0.02165	0.83886	0.00481	0.00481	0.00241	0.00241
22	0.00805	0.00537	0.00604	0.00604	0.00604	0.00537	0.00336	0.00805	0.00805	0.01074	0.01745	0.03624	0.02013	0.80536	0.02819	0.00537	0.00537	0.00805	0.00336	0.00336
23	0.00945	0.00838	0.00994	0.00970	0.01085	0.09102	0.00753	0.01134	0.00962	0.01295	0.01387	0.02012	0.01287	0.03645	0.67014	0.00785	0.04422	0.00564	0.00293	0.00515
24	0.01125	0.01084	0.01530	0.01338	0.01358	0.01489	0.01105	0.01262	0.00857	0.01323	0.00883	0.01410	0.00863	0.01626	0.17590	0.00376	0.63438	0.00507	0.00254	0.00583
25	0.00698	0.00513	0.00689	0.00800	0.00833	0.00503	0.00545	0.00798	0.01048	0.01408	0.02927	0.75355	0.03498	0.01761	0.02535	0.00241	0.03384	0.01510	0.00499	0.00457
26	0.09966	0.00545	0.00731	0.00722	0.00759	0.00563	0.00494	0.00819	0.00745	0.01126	0.00941	0.01599	0.00923	0.01772	0.01968	0.74858	0.00475	0.00461	0.00252	0.00279
27	0.00675	0.00482	0.00643	0.00771	0.00803	0.00450	0.00514	0.00771	0.01060	0.01414	0.03053	0.80175	0.03663	0.01735	0.00707	0.00225	0.00321	0.01574	0.00514	0.00450
28	0.00680	0.00490	0.00646	0.00768	0.00810	0.00456	0.00520	0.00782	0.01075	0.01424	0.03163	0.74892	0.06901	0.01715	0.00706	0.00224	0.00325	0.03459	0.00514	0.00452
29	0.01574	0.56510	0.12018	0.01116	0.03942	0.01862	0.01094	0.03433	0.01227	0.11249	0.01002	0.01077	0.00805	0.00513	0.00413	0.00135	0.00607	0.00355	0.00303	0.00765
30	0.01239	0.01385	0.02985	0.02166	0.02669	0.01298	0.67030	0.01666	0.01281	0.01735	0.01329	0.09979	0.01145	0.00604	0.00659	0.00191	0.00868	0.00753	0.00305	0.00715
31	0.01378	0.01190	0.01252	0.01127	0.01440	0.01378	0.00877	0.02943	0.76081	0.02317	0.02254	0.02066	0.01691	0.00751	0.00564	0.00188	0.00438	0.00626	0.00564	0.00877
32	0.00997	0.00705	0.00861	0.00783	0.00951	0.00696	0.00592	0.10665	0.03272	0.03607	0.53489	0.09334	0.04175	0.04082	0.00715	0.00190	0.00329	0.00942	0.03037	0.00579
33	0.01692	0.01466	0.01794	0.03451	0.31337	0.12415	0.02926	0.13518	0.11719	0.10232	0.01366	0.01481	0.01036	0.00591	0.00544	0.00166	0.00648	0.00504	0.02269	0.00845
34	0.03575	0.04038	0.01132	0.04730	0.01306	0.00886	0.00742	0.01518	0.10857	0.05178	0.14195	0.11934	0.02156	0.00850	0.00598	0.00158	0.03911	0.04599	0.00443	0.27195

[dist]
# distance from previous block
# <min> <max>
1	2

[block]
# block no. 6 follows, 43 sequences, length 17
# corresponding to MSA columns:
# 490-506
name=unknown_G
#
# <colnr> <probs for GDERKNQSTAVLIFYWHMCP>
#	G	D	E	R	K	N	Q	S	T	A	V	L	I	F	Y	W	H	M	C	P
0	0.01126	0.00957	0.01112	0.00839	0.01276	0.00766	0.00661	0.01473	0.07379	0.01837	0.03705	0.06229	0.01214	0.00544	0.00449	0.00103	0.00402	0.00452	0.00368	0.69108
1	0.00902	0.00761	0.01259	0.01174	0.03888	0.00729	0.14953	0.03458	0.01170	0.01565	0.04363	0.40876	0.07144	0.03626	0.03557	0.04474	0.00520	0.04613	0.00438	0.00532
2	0.00690	0.00491	0.00651	0.00774	0.00808	0.00462	0.00521	0.00789	0.01057	0.01408	0.02984	0.73312	0.03563	0.05564	0.00812	0.00241	0.00340	0.04581	0.00505	0.00447
3	0.00875	0.00638	0.00747	0.00707	0.00885	0.00595	0.00534	0.01205	0.08451	0.05777	0.36612	0.07961	0.30534	0.01201	0.00643	0.00182	0.00299	0.01032	0.00570	0.00554
4	0.02175	0.01440	0.01593	0.01221	0.01662	0.01552	0.01009	0.61915	0.02417	0.17075	0.01487	0.01432	0.01021	0.00669	0.00555	0.00167	0.00584	0.00509	0.00578	0.00942
5	0.02023	0.01476	0.01592	0.01240	0.01661	0.01629	0.01017	0.66100	0.07230	0.05465	0.01470	0.03964	0.01091	0.00706	0.00560	0.00170	0.00585	0.00544	0.00557	0.00922
6	0.00962	0.00481	0.00722	0.00722	0.00722	0.00481	0.00481	0.00722	0.00722	0.00962	0.00962	0.01684	0.00962	0.01924	0.02165	0.83886	0.00481	0.00481	0.00241	0.00241
7	0.01148	0.00984	0.01148	0.00820	0.01312	0.00738	0.00656	0.01395	0.01148	0.01805	0.00984	0.01148	0.00820	0.00410	0.00410	0.00082	0.00410	0.00328	0.00328	0.83922
8	0.04339	0.01055	0.01199	0.00946	0.01325	0.01026	0.00764	0.21446	0.06652	0.17230	0.07473	0.01940	0.06069	0.00690	0.00517	0.00149	0.00449	0.00553	0.06081	0.20096
9	0.01429	0.03844	0.01617	0.03335	0.01538	0.17698	0.01103	0.05268	0.01137	0.01510	0.00855	0.01202	0.00770	0.00794	0.01248	0.00197	0.46102	0.00444	0.03808	0.06102
10	0.61694	0.09368	0.02776	0.02548	0.02733	0.01347	0.03309	0.04278	0.01073	0.05425	0.00875	0.01002	0.00674	0.00521	0.00383	0.00166	0.00490	0.00339	0.00346	0.00653
11	0.02008	0.01329	0.01463	0.01139	0.01531	0.01431	0.00928	0.55054	0.02248	0.13988	0.01512	0.01597	0.01101	0.05333	0.00675	0.00186	0.00560	0.00526	0.06513	0.00876
12	0.03090	0.28805	0.05953	0.04086	0.15228	0.20139	0.01175	0.04288	0.07111	0.03774	0.01031	0.01169	0.00842	0.00540	0.00468	0.00147	0.00700	0.00398	0.00306	0.00751
13	0.04197	0.00580	0.00711	0.00749	0.00846	0.00568	0.00543	0.00897	0.01173	0.01606	0.16302	0.38353	0.19808	0.01467	0.00776	0.02951	0.04321	0.03176	0.00501	0.00475
14	0.01329	0.01064	0.01065	0.00928	0.01180	0.07539	0.00723	0.21817	0.05406	0.04856	0.11558	0.09376	0.21737	0.02288	0.00658	0.00183	0.02246	0.00826	0.04563	0.00660
15	0.00852	0.00600	0.00801	0.00827	0.00934	0.00567	0.02674	0.04784	0.01238	0.04769	0.10860	0.56854	0.09088	0.01511	0.00682	0.00210	0.00351	0.01359	0.00527	0.00513
16	0.01529	0.01152	0.01290	0.01040	0.01386	0.01192	0.00830	0.40128	0.01896	0.02593	0.04125	0.11991	0.04092	0.02721	0.05939	0.00217	0.00570	0.00661	0.00485	0.16160

[dist]
# distance from previous block
# <min> <max>
2	22

[block]
# block no. 7 follows, 43 sequences, length 30
# corresponding to MSA columns:
# 529-558
name=unknown_H
#
# <colnr> <probs for GDERKNQSTAVLIFYWHMCP>
