[name]
unknown

[dist]
# distance from previous block
# <min> <max>
0	15

[block]
# block no. 0 follows, 47 sequences, length 12
# corresponding to MSA columns:
# 15-26
name=unknown_A
#
# <colnr> <probs for GDERKNQSTAVLIFYWHMCP>
#	G	D	E	R	K	N	Q	S	T	A	V	L	I	F	Y	W	H	M	C	P
0	0.13833	0.15355	0.06090	0.00974	0.02751	0.06645	0.00845	0.01846	0.01264	0.28535	0.09005	0.01828	0.01443	0.00663	0.00497	0.00157	0.01858	0.05269	0.00439	0.00702
1	0.01674	0.01483	0.09308	0.03381	0.01606	0.10086	0.00987	0.28757	0.07387	0.12258	0.01265	0.01290	0.00916	0.00561	0.00487	0.00142	0.00573	0.00430	0.00429	0.16977
2	0.00860	0.10222	0.00909	0.00679	0.00864	0.00751	0.00522	0.08357	0.01216	0.01515	0.03506	0.18660	0.39236	0.09431	0.00791	0.00207	0.00361	0.00978	0.00439	0.00495
3	0.01381	0.37637	0.01841	0.00993	0.01298	0.21845	0.00836	0.01654	0.08720	0.01352	0.01296	0.16453	0.01294	0.00723	0.00452	0.00143	0.00593	0.00555	0.00315	0.00620
4	0.00750	0.00505	0.00623	0.00629	0.00735	0.00471	0.00458	0.00953	0.01273	0.01841	0.41380	0.20901	0.09199	0.01122	0.00577	0.00167	0.00259	0.00986	0.16699	0.00471
5	0.17246	0.00987	0.01510	0.55056	0.10472	0.01172	0.03607	0.01406	0.01032	0.01571	0.00896	0.01275	0.00685	0.00505	0.00485	0.00169	0.00636	0.00433	0.00252	0.00604
6	0.01101	0.33893	0.33512	0.01064	0.01590	0.01401	0.01218	0.01440	0.01100	0.01434	0.01685	0.01746	0.15578	0.00634	0.00454	0.00146	0.00588	0.00480	0.00272	0.00666
7	0.00793	0.16138	0.01009	0.00741	0.00848	0.00746	0.00545	0.00889	0.00984	0.01277	0.02332	0.57902	0.02752	0.09596	0.00804	0.00222	0.00372	0.01175	0.00416	0.00459
8	0.00666	0.00481	0.00658	0.00739	0.00791	0.00474	0.00516	0.00791	0.01015	0.01384	0.10292	0.58184	0.03183	0.02011	0.15842	0.00327	0.00506	0.01248	0.00453	0.00438
9	0.01768	0.01031	0.01228	0.00961	0.01336	0.00989	0.00776	0.26383	0.01664	0.29558	0.01662	0.10859	0.01308	0.00703	0.00512	0.00149	0.00458	0.00576	0.00518	0.17562
10	0.09005	0.01131	0.01266	0.01070	0.01325	0.03371	0.00861	0.21892	0.15024	0.11357	0.03595	0.09369	0.01349	0.00794	0.00749	0.00180	0.15901	0.00587	0.00454	0.00721
11	0.20648	0.01250	0.03697	0.02595	0.01541	0.01369	0.08257	0.22505	0.10404	0.02253	0.01082	0.01224	0.00834	0.00614	0.00682	0.00170	0.14392	0.00440	0.00375	0.05668

[dist]
# distance from previous block
# <min> <max>
2	6

[block]
# block no. 1 follows, 47 sequences, length 57
# corresponding to MSA columns:
# 34-90
name=unknown_B
#
# <colnr> <probs for GDERKNQSTAVLIFYWHMCP>
#	G	D	E	R	K	N	Q	S	T	A	V	L	I	F	Y	W	H	M	C	P
0	0.01119	0.08907	0.17242	0.01238	0.08196	0.01020	0.06460	0.03059	0.01167	0.01711	0.07907	0.01360	0.01122	0.00491	0.00454	0.00121	0.00527	0.00417	0.00303	0.37178
1	0.01688	0.01468	0.04219	0.01170	0.01541	0.08415	0.00964	0.39858	0.30228	0.02634	0.01523	0.01475	0.01120	0.00643	0.00519	0.00162	0.00553	0.00499	0.00491	0.00834
2	0.01711	0.01152	0.01293	0.01070	0.01413	0.01245	0.00871	0.32992	0.23821	0.16468	0.01811	0.03286	0.01394	0.00739	0.00541	0.00171	0.00486	0.06965	0.01753	0.00819
3	0.01076	0.00909	0.01062	0.00781	0.01213	0.00703	0.00619	0.03526	0.01115	0.01719	0.01068	0.06549	0.00957	0.00478	0.00409	0.00089	0.00386	0.00393	0.00327	0.76621
4	0.00634	0.00453	0.00604	0.00725	0.00755	0.00423	0.00483	0.00725	0.00997	0.01329	0.02870	0.81358	0.03444	0.01632	0.00665	0.00211	0.00302	0.01480	0.00483	0.00423
5	0.01909	0.01424	0.01523	0.01184	0.01588	0.01582	0.00973	0.69093	0.10183	0.03168	0.01340	0.01322	0.00958	0.00634	0.00522	0.00158	0.00556	0.00481	0.00522	0.00879
6	0.02174	0.00901	0.01190	0.00933	0.01316	0.00816	0.00764	0.02517	0.09854	0.68085	0.04338	0.01855	0.01431	0.00664	0.00527	0.00163	0.00434	0.00543	0.00630	0.00868
7	0.01193	0.00993	0.01141	0.00825	0.01282	0.00810	0.00664	0.10798	0.01252	0.01896	0.00966	0.01101	0.00786	0.00416	0.00403	0.00087	0.00409	0.00329	0.00335	0.74314
8	0.01392	0.82012	0.02729	0.00891	0.01337	0.02061	0.00891	0.01559	0.01058	0.01225	0.00724	0.00835	0.00668	0.00446	0.00334	0.00111	0.00557	0.00278	0.00223	0.00668
9	0.00634	0.00453	0.00604	0.00725	0.00755	0.00423	0.00483	0.00725	0.00997	0.01329	0.02870	0.81358	0.03444	0.01632	0.00665	0.00211	0.00302	0.01480	0.00483	0.00423
10	0.00985	0.00947	0.01623	0.65463	0.03238	0.01137	0.07854	0.01317	0.01059	0.01362	0.01224	0.01628	0.05980	0.00582	0.00577	0.00176	0.03498	0.00519	0.00251	0.00579
11	0.00679	0.00498	0.00643	0.00748	0.00796	0.00482	0.00507	0.00864	0.06205	0.01387	0.02819	0.75953	0.03318	0.01569	0.00656	0.00209	0.00310	0.01420	0.00487	0.00450
12	0.00634	0.00455	0.00602	0.00720	0.00754	0.00423	0.00481	0.00726	0.01002	0.01331	0.02927	0.79555	0.05211	0.01624	0.00664	0.00211	0.00301	0.01471	0.00483	0.00423
13	0.00761	0.00614	0.00655	0.00635	0.00813	0.00564	0.00479	0.07371	0.03042	0.01613	0.08103	0.14180	0.55625	0.01273	0.00613	0.00179	0.00301	0.02199	0.00492	0.00488
14	0.01466	0.43152	0.12058	0.01191	0.01656	0.11658	0.08562	0.10070	0.02947	0.01579	0.00883	0.01009	0.00724	0.00488	0.00425	0.00134	0.00663	0.00360	0.00272	0.00704
15	0.01046	0.01003	0.01580	0.66360	0.07646	0.03209	0.01403	0.01413	0.03818	0.01377	0.00954	0.01376	0.00733	0.00548	0.00590	0.00175	0.05458	0.00464	0.00244	0.00602
16	0.00653	0.00472	0.00621	0.00731	0.00780	0.00441	0.00508	0.00762	0.01037	0.01369	0.04466	0.68157	0.08524	0.01583	0.00665	0.00211	0.00314	0.07792	0.00485	0.00430
17	0.01172	0.09956	0.19488	0.18084	0.02495	0.04199	0.27103	0.01561	0.01115	0.01497	0.00925	0.01234	0.00715	0.00514	0.00630	0.00169	0.07758	0.00473	0.00240	0.00673
18	0.06050	0.00910	0.00982	0.00869	0.01091	0.02942	0.00671	0.20054	0.09469	0.04429	0.18052	0.15221	0.10865	0.03586	0.00656	0.00184	0.02042	0.00809	0.00496	0.00622
19	0.01032	0.00999	0.01632	0.53841	0.02899	0.01270	0.05173	0.01319	0.00982	0.01325	0.00878	0.01338	0.00709	0.00693	0.02555	0.00202	0.21869	0.00471	0.00233	0.00580
20	0.02010	0.01409	0.01532	0.01175	0.01590	0.01542	0.00970	0.70304	0.02366	0.09808	0.01320	0.01295	0.00920	0.00627	0.00521	0.00157	0.00562	0.00474	0.00532	0.00886
21	0.00879	0.16969	0.13183	0.02166	0.01161	0.00919	0.00815	0.01084	0.01069	0.01431	0.09953	0.38922	0.03614	0.02648	0.00629	0.00184	0.02496	0.00955	0.00387	0.00537
22	0.08243	0.10211	0.10471	0.17376	0.03461	0.01408	0.19130	0.01473	0.01025	0.01506	0.00860	0.01192	0.00699	0.00581	0.00790	0.00178	0.20060	0.00453	0.00244	0.00639
23	0.00639	0.00519	0.00570	0.00604	0.00746	0.00450	0.00451	0.00772	0.01150	0.01405	0.04582	0.20189	0.56942	0.01391	0.00634	0.00188	0.00290	0.07555	0.00483	0.00440
24	0.01250	0.01212	0.02039	0.07109	0.61346	0.01285	0.03742	0.01537	0.01125	0.01617	0.00937	0.01277	0.00797	0.00529	0.00686	0.00167	0.11853	0.00467	0.00252	0.00772
25	0.01683	0.10782	0.10647	0.03446	0.01593	0.01377	0.01020	0.37733	0.03519	0.13164	0.01512	0.01523	0.05383	0.00749	0.03370	0.00180	0.00588	0.00487	0.00449	0.00795
26	0.01379	0.01221	0.01962	0.17243	0.40402	0.01283	0.08382	0.14842	0.02440	0.04193	0.01071	0.01335	0.00832	0.00509	0.00527	0.00161	0.00641	0.00482	0.00315	0.00780
27	0.00998	0.00588	0.00771	0.00700	0.00867	0.00532	0.00534	0.01222	0.01438	0.15031	0.58011	0.08050	0.07134	0.01036	0.00602	0.00167	0.00283	0.00908	0.00577	0.00552
28	0.00996	0.00976	0.01761	0.27288	0.02317	0.01077	0.23161	0.01268	0.01034	0.01392	0.01325	0.15102	0.01291	0.07748	0.00904	0.00216	0.10585	0.00704	0.00290	0.00565
29	0.01711	0.10270	0.03205	0.04420	0.12680	0.02994	0.10134	0.35734	0.01779	0.10214	0.01187	0.01278	0.00868	0.00554	0.00510	0.00154	0.00616	0.00466	0.00412	0.00813
30	0.00833	0.00649	0.00851	0.00828	0.00942	0.00740	0.00627	0.01186	0.12688	0.01343	0.01749	0.02371	0.05858	0.14089	0.50277	0.00636	0.02878	0.00620	0.00333	0.00500
31	0.00951	0.00566	0.00720	0.00698	0.00849	0.00506	0.00516	0.01117	0.01268	0.14724	0.26693	0.28263	0.18669	0.01224	0.00615	0.00181	0.00301	0.01073	0.00539	0.00526
32	0.01123	0.00711	0.00940	0.01007	0.07659	0.00688	0.00678	0.05563	0.06448	0.15353	0.10257	0.38705	0.06408	0.01162	0.00602	0.00186	0.00370	0.01031	0.00507	0.00601
33	0.01894	0.04368	0.06015	0.01166	0.01595	0.01499	0.01006	0.57025	0.07331	0.10773	0.01355	0.01327	0.00954	0.00619	0.00514	0.00157	0.00560	0.00471	0.00506	0.00867
34	0.01211	0.01268	0.01524	0.08160	0.01563	0.12332	0.01114	0.01353	0.00916	0.01260	0.00770	0.01195	0.00725	0.01029	0.06738	0.00252	0.57340	0.00447	0.00237	0.00568
35	0.01090	0.01088	0.01474	0.27682	0.02082	0.08109	0.03280	0.01302	0.00956	0.01280	0.00918	0.01404	0.00812	0.03002	0.13344	0.00301	0.30599	0.00475	0.00244	0.00557
36	0.08841	0.08888	0.11016	0.05134	0.10796	0.04744	0.07995	0.23716	0.01540	0.09476	0.01103	0.01219	0.00812	0.00543	0.00509	0.00157	0.01936	0.00437	0.00369	0.00769
37	0.02729	0.38116	0.15245	0.01304	0.08242	0.01562	0.06568	0.01609	0.01099	0.06343	0.00903	0.01057	0.00736	0.00492	0.00498	0.00137	0.05566	0.00366	0.00264	0.07165
38	0.00722	0.00497	0.00571	0.00594	0.00615	0.00484	0.00354	0.00750	0.00840	0.01104	0.02187	0.18286	0.08783	0.59614	0.02099	0.00421	0.00446	0.00924	0.00362	0.00347
39	0.01913	0.01222	0.01387	0.01209	0.06674	0.05710	0.00912	0.31358	0.08392	0.28318	0.03236	0.04634	0.01250	0.00671	0.00527	0.00161	0.00522	0.00539	0.00531	0.00834
40	0.01605	0.09615	0.16819	0.07843	0.01789	0.07151	0.01147	0.21304	0.08432	0.14145	0.02766	0.01362	0.00989	0.00591	0.00519	0.00157	0.02136	0.00451	0.00404	0.00775
41	0.00903	0.00570	0.00703	0.00722	0.00852	0.00522	0.00519	0.04250	0.01170	0.11221	0.03298	0.48767	0.21742	0.01385	0.00628	0.00194	0.00322	0.01221	0.00505	0.00506
42	0.00859	0.00531	0.00635	0.00632	0.00692	0.00506	0.00403	0.00917	0.00938	0.07884	0.06584	0.18630	0.07515	0.48928	0.01823	0.00376	0.00429	0.00912	0.00403	0.00404
43	0.01628	0.01172	0.01390	0.08055	0.06046	0.01274	0.00955	0.43902	0.05526	0.08656	0.01579	0.14543	0.01353	0.00778	0.00545	0.00168	0.00523	0.00645	0.00485	0.00776
44	0.01001	0.05606	0.01703	0.26385	0.02219	0.01052	0.19723	0.02754	0.02814	0.01489	0.02836	0.22788	0.01561	0.00822	0.00606	0.00181	0.02995	0.00773	0.02110	0.00581
45	0.01557	0.00695	0.00826	0.00696	0.00943	0.00657	0.00555	0.05901	0.01322	0.31881	0.01812	0.01838	0.01292	0.00622	0.00435	0.00139	0.00339	0.00499	0.47328	0.00663
46	0.01908	0.02929	0.01562	0.01226	0.01581	0.18656	0.04943	0.36095	0.01847	0.15609	0.01248	0.01315	0.00910	0.02420	0.00628	0.00164	0.05276	0.00459	0.00446	0.00779
47	0.06337	0.38864	0.05871	0.03359	0.01473	0.12125	0.00938	0.08070	0.09810	0.04494	0.01109	0.02316	0.02143	0.00548	0.00419	0.00137	0.00586	0.00388	0.00318	0.00693
48	0.01942	0.00953	0.01187	0.00949	0.01298	0.00923	0.00767	0.14050	0.10486	0.47620	0.08173	0.04300	0.01635	0.02519	0.00583	0.00172	0.00441	0.00591	0.00594	0.00820
49	0.01516	0.00770	0.00986	0.00816	0.01079	0.00717	0.00645	0.09281	0.01546	0.33534	0.35043	0.02752	0.03901	0.04229	0.00653	0.00176	0.00371	0.00717	0.00585	0.00685
50	0.01749	0.04349	0.01254	0.00966	0.01286	0.01067	0.00778	0.30835	0.01714	0.26895	0.01840	0.14555	0.02973	0.02742	0.00620	0.02061	0.00469	0.00662	0.02431	0.00756
51	0.10253	0.13673	0.01867	0.19924	0.11865	0.02936	0.09643	0.15345	0.01344	0.01890	0.03746	0.01285	0.00891	0.00538	0.00514	0.00158	0.02677	0.00448	0.00313	0.00690
52	0.01541	0.01085	0.01216	0.01002	0.01313	0.01173	0.00803	0.32179	0.20424	0.10324	0.17879	0.02061	0.01970	0.00814	0.02330	0.00178	0.00465	0.00606	0.01864	0.00771
53	0.03044	0.19802	0.26235	0.08180	0.01882	0.06233	0.04190	0.07066	0.01254	0.11993	0.01139	0.04764	0.00894	0.00567	0.00474	0.00153	0.00644	0.00446	0.00319	0.00721
54	0.02819	0.09778	0.12043	0.03565	0.03130	0.03267	0.06405	0.21483	0.09313	0.07664	0.01324	0.06699	0.01077	0.00737	0.02362	0.00181	0.06494	0.00527	0.00389	0.00742
55	0.00740	0.00527	0.00652	0.00675	0.00785	0.00485	0.00487	0.00883	0.01178	0.05000	0.20430	0.36214	0.25531	0.01352	0.00656	0.00188	0.02065	0.01182	0.00505	0.00467
56	0.01772	0.08461	0.10531	0.01230	0.03179	0.03124	0.04185	0.40403	0.05140	0.12930	0.01302	0.01314	0.00926	0.00587	0.00502	0.00154	0.00584	0.00459	0.02390	0.00827

[dist]
# distance from previous block
# <min> <max>
0	4

[block]
# block no. 2 follows, 47 sequences, length 7
# corresponding to MSA columns:
# 95-101
name=unknown_C
#
# <colnr> <probs for GDERKNQSTAVLIFYWHMCP>
#	G	D	E	R	K	N	Q	S	T	A	V	L	I	F	Y	W	H	M	C	P
0	0.06146	0.23280	0.01913	0.01288	0.07229	0.09673	0.06309	0.18565	0.06169	0.10506	0.01125	0.01195	0.00858	0.00550	0.00497	0.00147	0.03014	0.00416	0.00371	0.00749
1	0.01008	0.00571	0.00736	0.00716	0.00855	0.00516	0.00519	0.01154	0.01208	0.17069	0.20358	0.33048	0.11087	0.07721	0.00779	0.00210	0.00330	0.01065	0.00523	0.00525
2	0.00652	0.00483	0.00612	0.00692	0.00763	0.00442	0.00484	0.00776	0.01097	0.01445	0.12341	0.55002	0.17041	0.01499	0.00652	0.00201	0.00296	0.04592	0.00494	0.00437
3	0.11810	0.12096	0.16543	0.11537	0.02026	0.03262	0.13343	0.11079	0.01304	0.10669	0.01064	0.01212	0.00775	0.00516	0.00481	0.00158	0.00646	0.00431	0.00329	0.00719
4	0.01047	0.05327	0.00948	0.00810	0.01001	0.00720	0.00613	0.09610	0.01237	0.09013	0.02390	0.45090	0.06186	0.01198	0.00585	0.00179	0.00374	0.03450	0.00469	0.09754
5	0.00765	0.00562	0.00653	0.00676	0.00785	0.00536	0.00479	0.05184	0.03251	0.01568	0.10316	0.36479	0.22381	0.07805	0.00777	0.00212	0.00318	0.01130	0.05658	0.00466
6	0.08563	0.10412	0.07337	0.01122	0.01556	0.01535	0.00994	0.49564	0.04731	0.07394	0.01206	0.01217	0.00869	0.00588	0.00483	0.00153	0.00558	0.00434	0.00457	0.00825

[dist]
# distance from previous block
# <min> <max>
0	56

[block]
# block no. 3 follows, 47 sequences, length 49
# corresponding to MSA columns:
# 158-205,207
name=unknown_D
#
# <colnr> <probs for GDERKNQSTAVLIFYWHMCP>
#	G	D	E	R	K	N	Q	S	T	A	V	L	I	F	Y	W	H	M	C	P
0	0.02754	0.07751	0.01591	0.21004	0.01978	0.01261	0.05739	0.11903	0.05086	0.04573	0.05491	0.01417	0.01043	0.00610	0.00681	0.00160	0.13176	0.00467	0.00335	0.12979
1	0.01129	0.05351	0.01180	0.00798	0.01245	0.00807	0.00647	0.05086	0.01145	0.01740	0.00986	0.03342	0.00847	0.00436	0.00398	0.00087	0.00402	0.00348	0.00319	0.73707
2	0.02559	0.11429	0.00899	0.00656	0.00822	0.02321	0.00500	0.00961	0.01135	0.02530	0.15616	0.14507	0.30467	0.12333	0.00857	0.00215	0.00358	0.00929	0.00435	0.00471
3	0.01184	0.48577	0.17984	0.05313	0.01557	0.01583	0.01070	0.01444	0.01073	0.01362	0.03849	0.10697	0.01155	0.00625	0.00427	0.00140	0.00566	0.00479	0.00267	0.00648
4	0.01285	0.00825	0.01048	0.09058	0.02526	0.00836	0.00753	0.14231	0.04294	0.16361	0.25599	0.06817	0.10566	0.00899	0.00573	0.00169	0.00407	0.02584	0.00520	0.00649
5	0.05573	0.14214	0.48159	0.01611	0.10878	0.01347	0.07982	0.01625	0.01103	0.01629	0.00907	0.01094	0.00686	0.00479	0.00474	0.00156	0.00710	0.00392	0.00234	0.00744
6	0.00707	0.00577	0.00632	0.00643	0.00795	0.00536	0.00472	0.00989	0.09728	0.01535	0.10666	0.21978	0.46259	0.01300	0.00617	0.00183	0.00288	0.01115	0.00496	0.00483
7	0.04280	0.01034	0.06601	0.39731	0.18242	0.01052	0.02665	0.01372	0.01061	0.01536	0.01038	0.01415	0.00815	0.00581	0.00566	0.04404	0.00601	0.00456	0.11937	0.00613
8	0.01493	0.14726	0.19367	0.07901	0.08260	0.05877	0.04121	0.12847	0.05083	0.12132	0.02596	0.01304	0.00925	0.00547	0.00487	0.00153	0.00630	0.00438	0.00352	0.00760
9	0.00824	0.00556	0.00691	0.00705	0.00828	0.00516	0.00510	0.01043	0.05253	0.07564	0.22498	0.37493	0.16929	0.01305	0.00625	0.00187	0.00298	0.01153	0.00521	0.00501
10	0.01338	0.00756	0.00932	0.00803	0.01048	0.00715	0.00635	0.10645	0.03063	0.24066	0.26973	0.07389	0.14700	0.00969	0.00582	0.00170	0.00360	0.03644	0.00564	0.00647
11	0.01503	0.40142	0.10450	0.06943	0.04565	0.01591	0.01050	0.12172	0.01315	0.11154	0.01044	0.01136	0.00806	0.00513	0.00423	0.00136	0.00569	0.00375	0.03383	0.00729
12	0.01113	0.09267	0.47938	0.11075	0.08818	0.01292	0.05931	0.01658	0.05120	0.01607	0.00988	0.01188	0.00735	0.00499	0.00494	0.00162	0.00716	0.00415	0.00244	0.00741
13	0.00848	0.00565	0.00675	0.00672	0.00836	0.00500	0.00518	0.01011	0.01234	0.09780	0.14606	0.15684	0.39156	0.01271	0.00626	0.00186	0.00313	0.10507	0.00513	0.00497
14	0.07207	0.01173	0.08224	0.13547	0.13985	0.03921	0.01083	0.09755	0.07065	0.01838	0.08899	0.13308	0.01609	0.00772	0.00601	0.00174	0.05172	0.00645	0.00368	0.00655
15	0.05780	0.03725	0.14183	0.07142	0.03053	0.03297	0.01022	0.14487	0.05877	0.22487	0.06931	0.01731	0.04409	0.00646	0.00507	0.00160	0.00529	0.00516	0.02768	0.00751
16	0.01301	0.01004	0.01576	0.05341	0.42488	0.00995	0.01177	0.01625	0.05553	0.13501	0.05831	0.10574	0.05324	0.00712	0.00545	0.00166	0.00510	0.00650	0.00385	0.00742
17	0.01119	0.01033	0.01324	0.29131	0.07848	0.07317	0.01076	0.01613	0.16652	0.01596	0.08297	0.01997	0.01447	0.00759	0.00685	0.04626	0.05205	0.05578	0.02082	0.00613
18	0.01198	0.01221	0.10110	0.34640	0.21455	0.01162	0.02693	0.05343	0.05622	0.05851	0.03684	0.01515	0.02125	0.00555	0.00523	0.00166	0.00630	0.00493	0.00306	0.00704
19	0.03781	0.02537	0.71978	0.06027	0.02291	0.01205	0.01852	0.01627	0.01089	0.01653	0.00927	0.01108	0.00659	0.00496	0.00491	0.00165	0.00753	0.00386	0.00224	0.00752
20	0.01007	0.00625	0.00876	0.00828	0.00983	0.00578	0.04542	0.03606	0.01227	0.14372	0.14944	0.44363	0.07430	0.01262	0.00623	0.00190	0.00353	0.01134	0.00514	0.00542
21	0.01196	0.01335	0.15193	0.29246	0.31981	0.01149	0.01512	0.01545	0.01124	0.06473	0.01020	0.01331	0.00783	0.00544	0.00564	0.02915	0.00654	0.00453	0.00266	0.00715
22	0.01069	0.02039	0.54088	0.01256	0.01836	0.01015	0.01495	0.01574	0.03076	0.07338	0.12049	0.08002	0.01550	0.00682	0.00528	0.00169	0.00626	0.00566	0.00329	0.00713
23	0.01202	0.01137	0.01912	0.29463	0.51032	0.01219	0.01531	0.03379	0.01168	0.01614	0.00968	0.01322	0.00782	0.00487	0.00517	0.00161	0.00643	0.00464	0.00255	0.00742
24	0.01133	0.01198	0.06387	0.37017	0.27997	0.01213	0.10510	0.01550	0.04946	0.01554	0.01019	0.01369	0.00792	0.00500	0.00529	0.00167	0.00682	0.00483	0.00258	0.00698
25	0.02886	0.02474	0.64283	0.01467	0.03542	0.05477	0.03091	0.05411	0.01198	0.01739	0.03123	0.01181	0.00795	0.00518	0.00497	0.00163	0.00746	0.00406	0.00251	0.00754
26	0.01285	0.00794	0.01105	0.00972	0.01164	0.00819	0.04824	0.06142	0.03315	0.21612	0.03535	0.28396	0.04296	0.03207	0.04937	0.00233	0.10110	0.02163	0.00473	0.00618
27	0.00726	0.00481	0.00633	0.00726	0.00784	0.00442	0.00494	0.00825	0.01034	0.05549	0.02952	0.73015	0.07259	0.01561	0.00654	0.00207	0.00308	0.01408	0.00492	0.00449
28	0.21058	0.17247	0.17496	0.00972	0.01420	0.01231	0.00974	0.05841	0.01235	0.19669	0.07161	0.01370	0.01129	0.00569	0.00440	0.00152	0.00515	0.00420	0.00386	0.00713
29	0.00957	0.00556	0.00726	0.00729	0.00856	0.00504	0.00529	0.01104	0.01198	0.14870	0.19317	0.40824	0.09253	0.03695	0.00686	0.00199	0.00321	0.02632	0.00526	0.00517
30	0.00944	0.00567	0.00747	0.00706	0.00851	0.00515	0.00527	0.01147	0.01367	0.13031	0.49197	0.20220	0.05882	0.01132	0.00612	0.00174	0.00287	0.01001	0.00562	0.00533
31	0.12562	0.02416	0.05715	0.20387	0.20253	0.03155	0.04620	0.15801	0.02339	0.06345	0.01053	0.01262	0.00791	0.00526	0.00492	0.00161	0.00613	0.00442	0.00333	0.00731
32	0.01371	0.00893	0.01090	0.00914	0.01177	0.00913	0.02776	0.15207	0.15503	0.16500	0.27668	0.03823	0.03886	0.05077	0.00673	0.00184	0.00404	0.00707	0.00544	0.00691
33	0.00681	0.00556	0.00606	0.00594	0.00757	0.00495	0.00445	0.00908	0.05077	0.01618	0.23733	0.07344	0.52869	0.01234	0.00613	0.00174	0.00268	0.01047	0.00509	0.00472
34	0.01284	0.00764	0.00948	0.00825	0.01045	0.00745	0.00640	0.15329	0.01572	0.18203	0.34389	0.16940	0.03143	0.00998	0.00587	0.00170	0.00358	0.00864	0.00562	0.00635
35	0.16544	0.04942	0.23314	0.05567	0.07000	0.04768	0.01184	0.16724	0.01367	0.05760	0.01085	0.02800	0.00828	0.00555	0.00461	0.00157	0.00593	0.00421	0.05212	0.00720
36	0.00672	0.00498	0.00623	0.00694	0.00767	0.00465	0.00483	0.00824	0.02988	0.01449	0.12313	0.51791	0.15603	0.04960	0.00735	0.00213	0.00306	0.03686	0.00488	0.00441
37	0.02754	0.06105	0.01301	0.10718	0.01522	0.04381	0.00849	0.26341	0.03001	0.09029	0.07699	0.03992	0.03558	0.05381	0.00668	0.00178	0.03250	0.00557	0.08036	0.00679
38	0.01302	0.16428	0.39219	0.08320	0.07270	0.01305	0.04983	0.01723	0.01152	0.12024	0.01056	0.01195	0.00767	0.00504	0.00479	0.00155	0.00675	0.00407	0.00284	0.00751
39	0.05591	0.01085	0.04248	0.46367	0.20467	0.01163	0.05754	0.01508	0.01107	0.06344	0.01006	0.01352	0.00759	0.00508	0.00514	0.00168	0.00659	0.00464	0.00270	0.00667
40	0.00645	0.00459	0.00607	0.00715	0.00747	0.00430	0.00476	0.00738	0.01006	0.01347	0.06083	0.74290	0.03434	0.05411	0.00757	0.00223	0.00309	0.01423	0.00479	0.00421
41	0.09721	0.01261	0.11470	0.26023	0.17761	0.03336	0.04792	0.03944	0.03020	0.03082	0.01191	0.09914	0.01043	0.00629	0.00515	0.00170	0.00616	0.00552	0.00299	0.00663
42	0.14529	0.02703	0.09747	0.00964	0.01302	0.05345	0.00840	0.21189	0.01465	0.14041	0.06133	0.03374	0.01326	0.13829	0.00837	0.00215	0.00531	0.00526	0.00426	0.00677
43	0.05571	0.00755	0.00934	0.00804	0.01049	0.00729	0.00631	0.03240	0.10608	0.26315	0.37122	0.05298	0.03023	0.00869	0.00561	0.00166	0.00344	0.00742	0.00574	0.00665
44	0.01123	0.01293	0.11302	0.36126	0.31198	0.01205	0.07309	0.01495	0.01116	0.01533	0.00957	0.01318	0.00746	0.00490	0.00523	0.00166	0.00689	0.00465	0.00242	0.00703
45	0.01262	0.07379	0.48732	0.10052	0.02141	0.01207	0.01559	0.06234	0.01232	0.10962	0.03687	0.01298	0.00897	0.00540	0.00496	0.00161	0.00678	0.00427	0.00303	0.00753
46	0.05988	0.23940	0.08157	0.01101	0.06892	0.01241	0.00923	0.07163	0.01288	0.25251	0.01456	0.09653	0.01187	0.00655	0.00467	0.00151	0.00502	0.00521	0.02730	0.00734
47	0.00888	0.00570	0.00709	0.00725	0.00839	0.00536	0.00525	0.01050	0.03557	0.09078	0.06224	0.29955	0.12656	0.17834	0.01047	0.00260	0.00378	0.10490	0.00467	0.02212
48	0.01205	0.08519	0.01722	0.31866	0.21599	0.06222	0.01278	0.04006	0.05560	0.01516	0.01066	0.01519	0.00900	0.03514	0.00646	0.00177	0.04852	0.02895	0.00277	0.00661

[dist]
# distance from previous block
# <min> <max>
0	3

[block]
# block no. 4 follows, 47 sequences, length 18
# corresponding to MSA columns:
# 211-228
name=unknown_E
#
# <colnr> <probs for GDERKNQSTAVLIFYWHMCP>
#	G	D	E	R	K	N	Q	S	T	A	V	L	I	F	Y	W	H	M	C	P
0	0.00723	0.00544	0.00676	0.00692	0.00810	0.00483	0.00491	0.00859	0.01095	0.01491	0.15166	0.40582	0.11843	0.07907	0.00780	0.00208	0.00322	0.03802	0.00462	0.11063
1	0.01024	0.00950	0.10493	0.14459	0.03575	0.00780	0.02282	0.03788	0.01265	0.09656	0.21911	0.17523	0.06104	0.00949	0.00582	0.00177	0.00456	0.02997	0.00440	0.00591
2	0.01181	0.10717	0.30541	0.01217	0.04373	0.01130	0.05756	0.07837	0.01150	0.06070	0.01204	0.01774	0.01066	0.22564	0.01074	0.00251	0.00639	0.00506	0.00301	0.00649
3	0.07469	0.00953	0.01208	0.03076	0.01382	0.00905	0.00788	0.10055	0.05089	0.57896	0.04406	0.01728	0.01320	0.00646	0.00514	0.00162	0.00453	0.00518	0.00592	0.00841
4	0.10896	0.00917	0.01174	0.00910	0.01305	0.00834	0.00752	0.04832	0.01459	0.68476	0.01891	0.01660	0.01201	0.00627	0.00503	0.00161	0.00443	0.00497	0.00607	0.00853
5	0.03728	0.01855	0.38866	0.06372	0.03687	0.04701	0.03810	0.01810	0.09083	0.11444	0.08385	0.01549	0.01239	0.00589	0.00513	0.00165	0.00635	0.00484	0.00347	0.00737
6	0.10108	0.05002	0.14302	0.05294	0.14465	0.01059	0.02226	0.03890	0.01282	0.33249	0.01423	0.03230	0.01008	0.00577	0.00493	0.00160	0.00547	0.00474	0.00425	0.00786
7	0.00870	0.00548	0.00707	0.00714	0.00843	0.00498	0.00531	0.01039	0.01247	0.10270	0.27343	0.31270	0.14259	0.01280	0.00630	0.00187	0.00307	0.06423	0.00530	0.00503
8	0.01239	0.00869	0.01336	0.42441	0.08885	0.00962	0.01119	0.01547	0.02518	0.16154	0.01612	0.01825	0.07426	0.00619	0.00513	0.00164	0.00552	0.00533	0.09045	0.00641
9	0.05151	0.16710	0.42919	0.09494	0.05010	0.01328	0.01487	0.01611	0.04612	0.01619	0.04706	0.01251	0.00917	0.00524	0.00468	0.00156	0.00657	0.00408	0.00259	0.00713
10	0.00644	0.00469	0.00608	0.00706	0.00759	0.00433	0.00483	0.00752	0.01052	0.01391	0.07929	0.66808	0.11248	0.01559	0.00658	0.00205	0.00299	0.03080	0.00489	0.00430
11	0.01268	0.01301	0.04256	0.10977	0.59803	0.03857	0.07735	0.01594	0.01182	0.01645	0.00973	0.01292	0.00799	0.00471	0.00522	0.00158	0.00663	0.00470	0.00255	0.00780
12	0.10524	0.06416	0.12132	0.01565	0.22783	0.01084	0.01101	0.04500	0.03276	0.08055	0.08809	0.01661	0.01318	0.00587	0.00481	0.00150	0.00514	0.03119	0.02872	0.09052
13	0.05491	0.01814	0.01232	0.04707	0.05036	0.00780	0.08536	0.01648	0.01280	0.29703	0.11446	0.15013	0.06860	0.00852	0.00556	0.00171	0.00443	0.00755	0.03011	0.00668
14	0.00711	0.00482	0.00634	0.00716	0.00778	0.00444	0.00491	0.00824	0.01076	0.04424	0.10999	0.66331	0.07103	0.01518	0.00651	0.00203	0.00300	0.01367	0.00499	0.00449
15	0.09679	0.06187	0.09224	0.26734	0.01939	0.01002	0.00994	0.04702	0.01153	0.01660	0.12525	0.07787	0.06483	0.04612	0.00614	0.00181	0.00519	0.00618	0.00342	0.03045
16	0.00906	0.14464	0.01062	0.00736	0.00938	0.02420	0.00585	0.03406	0.07516	0.01657	0.22599	0.16615	0.23037	0.01071	0.00563	0.00167	0.00350	0.00908	0.00463	0.00537
17	0.17038	0.14902	0.01399	0.09464	0.03130	0.01193	0.00809	0.10177	0.01220	0.04612	0.04920	0.01283	0.00987	0.00586	0.01728	0.00146	0.02840	0.00395	0.04843	0.18326

[dist]
# distance from previous block
# <min> <max>
1	16

[block]
# block no. 5 follows, 47 sequences, length 38
# corresponding to MSA columns:
# 245-282
name=unknown_F
#
# <colnr> <probs for GDERKNQSTAVLIFYWHMCP>
#	G	D	E	R	K	N	Q	S	T	A	V	L	I	F	Y	W	H	M	C	P
0	0.07235	0.12240	0.43276	0.01398	0.05874	0.02788	0.07058	0.01589	0.01145	0.03186	0.08474	0.01363	0.01101	0.00541	0.00484	0.00157	0.00662	0.00441	0.00277	0.00712
1	0.22662	0.24371	0.05521	0.14836	0.04880	0.06359	0.00994	0.08595	0.02777	0.01790	0.00868	0.01039	0.00694	0.00498	0.00410	0.00146	0.00574	0.00353	0.00290	0.02344
2	0.02940	0.14783	0.47144	0.01375	0.01997	0.01379	0.07799	0.05273	0.09296	0.01731	0.01048	0.01175	0.00780	0.00511	0.00481	0.00158	0.00690	0.00411	0.00273	0.00755
3	0.01040	0.00814	0.00978	0.00756	0.01119	0.00638	0.00591	0.01257	0.01149	0.05332	0.12774	0.10079	0.01702	0.00632	0.00456	0.00108	0.00358	0.00538	0.00383	0.59293
4	0.00963	0.00654	0.00967	0.00968	0.06233	0.00606	0.05330	0.01167	0.01282	0.10894	0.33659	0.24625	0.06399	0.03009	0.00659	0.00185	0.00356	0.00989	0.00507	0.00549
5	0.01050	0.00607	0.00802	0.00734	0.00913	0.00553	0.00577	0.01281	0.01435	0.16775	0.52069	0.03746	0.07450	0.01035	0.00608	0.00172	0.00309	0.08746	0.00573	0.00564
6	0.00792	0.00595	0.00792	0.00768	0.00807	0.00683	0.00546	0.00884	0.00796	0.01121	0.01434	0.02586	0.01512	0.39942	0.35362	0.00617	0.09426	0.00640	0.00291	0.00406
7	0.58894	0.01184	0.09213	0.00961	0.06416	0.02351	0.00791	0.01566	0.01013	0.05994	0.06622	0.01178	0.00955	0.00536	0.00388	0.00161	0.00455	0.00368	0.00341	0.00615
8	0.00646	0.00460	0.00599	0.00706	0.00736	0.00431	0.00465	0.00729	0.00978	0.01300	0.02805	0.72129	0.04969	0.09349	0.00855	0.00239	0.00321	0.01402	0.00467	0.00413
9	0.00634	0.00453	0.00604	0.00725	0.00755	0.00423	0.00483	0.00725	0.00997	0.01329	0.02870	0.81358	0.03444	0.01632	0.00665	0.00211	0.00302	0.01480	0.00483	0.00423
10	0.01096	0.01055	0.01832	0.51013	0.27331	0.01193	0.06176	0.01437	0.01099	0.01469	0.00951	0.01358	0.00742	0.00498	0.00525	0.00168	0.00682	0.00473	0.00242	0.00665
11	0.02726	0.19796	0.05810	0.03485	0.32783	0.09133	0.09298	0.05574	0.02130	0.03159	0.00954	0.01165	0.00777	0.00482	0.00477	0.00146	0.00661	0.00422	0.00275	0.00748
12	0.01120	0.08072	0.48386	0.01490	0.05428	0.01229	0.09384	0.06649	0.01195	0.01699	0.01161	0.09674	0.00993	0.00614	0.00516	0.00166	0.00695	0.00527	0.00275	0.00729
13	0.00876	0.00452	0.00671	0.00683	0.00687	0.00449	0.00456	0.00683	0.00712	0.00950	0.01114	0.10075	0.01175	0.01790	0.01889	0.75839	0.00436	0.00562	0.00254	0.00247
14	0.01441	0.01232	0.10324	0.01140	0.03510	0.01133	0.00976	0.20423	0.18508	0.12057	0.05358	0.08804	0.01650	0.00814	0.00599	0.00177	0.03528	0.07093	0.00481	0.00752
15	0.10213	0.19134	0.21536	0.05030	0.01902	0.04510	0.15585	0.04145	0.05921	0.02592	0.02522	0.02779	0.00889	0.00528	0.00474	0.00155	0.00656	0.00446	0.00288	0.00694
16	0.00886	0.00515	0.00580	0.05963	0.00841	0.00517	0.00458	0.01102	0.01085	0.01755	0.02195	0.13621	0.09780	0.00824	0.00445	0.00144	0.00284	0.00692	0.57836	0.00478
17	0.00806	0.00560	0.00676	0.00658	0.00708	0.00578	0.00429	0.04374	0.00941	0.01286	0.10573	0.05432	0.02145	0.52971	0.15247	0.00496	0.00622	0.00753	0.00354	0.00391
18	0.01357	0.35210	0.30522	0.01260	0.04286	0.01633	0.02645	0.14280	0.01315	0.01752	0.00904	0.01027	0.00709	0.00494	0.00436	0.00141	0.00645	0.00362	0.00274	0.00748
19	0.01080	0.02478	0.67473	0.01722	0.12195	0.01215	0.03362	0.01643	0.01113	0.01656	0.00943	0.01130	0.00684	0.00490	0.00500	0.00164	0.00752	0.00400	0.00226	0.00776
20	0.00668	0.00504	0.00618	0.00677	0.00773	0.00459	0.00492	0.00806	0.01134	0.01469	0.13460	0.37262	0.26581	0.03611	0.00703	0.00205	0.00308	0.09342	0.00490	0.00440
21	0.01187	0.09906	0.04262	0.08754	0.02488	0.01328	0.54159	0.01574	0.01202	0.01614	0.06245	0.01502	0.01045	0.00497	0.00590	0.00168	0.01949	0.00581	0.00276	0.00673
22	0.03686	0.13910	0.30356	0.01174	0.04063	0.06974	0.01189	0.01465	0.01111	0.02873	0.10027	0.01658	0.01326	0.09234	0.00787	0.00193	0.06063	0.00480	0.02798	0.00637
23	0.08262	0.00567	0.00678	0.00677	0.00799	0.00545	0.00495	0.00986	0.01214	0.04288	0.35321	0.22035	0.10011	0.08000	0.00774	0.00208	0.00312	0.03855	0.00499	0.00475
24	0.00641	0.00457	0.00605	0.00718	0.00749	0.00428	0.00478	0.00732	0.01000	0.01336	0.04609	0.76757	0.03424	0.04462	0.00734	0.00221	0.00308	0.01442	0.00480	0.00421
25	0.05972	0.01039	0.11160	0.00929	0.01263	0.00809	0.00835	0.07778	0.01408	0.30755	0.17090	0.12548	0.02193	0.00852	0.00551	0.00171	0.00437	0.02986	0.00522	0.00702
26	0.12228	0.01324	0.11855	0.16903	0.38189	0.01189	0.05051	0.01529	0.01120	0.01720	0.03477	0.01316	0.00878	0.00500	0.00496	0.00162	0.00624	0.00453	0.00267	0.00721
27	0.00966	0.00823	0.00767	0.00777	0.00878	0.12116	0.00557	0.03303	0.01102	0.01416	0.04192	0.20836	0.06387	0.22253	0.02759	0.00278	0.00489	0.09363	0.10285	0.00453
28	0.00818	0.00582	0.00727	0.00762	0.00884	0.00574	0.00603	0.01106	0.06396	0.01700	0.20684	0.11348	0.09365	0.06221	0.00750	0.00213	0.00362	0.26968	0.09449	0.00488
29	0.04364	0.16277	0.42023	0.01244	0.01834	0.01378	0.01415	0.14753	0.01341	0.06683	0.01072	0.03478	0.00819	0.00551	0.00472	0.00155	0.00650	0.00418	0.00311	0.00762
30	0.01530	0.05417	0.12837	0.07070	0.18143	0.24566	0.01272	0.13841	0.04385	0.01781	0.01059	0.01222	0.02041	0.00550	0.00516	0.00152	0.02162	0.00422	0.00308	0.00726
31	0.01865	0.00794	0.01033	0.00834	0.01152	0.00714	0.00679	0.04853	0.01450	0.52340	0.10177	0.02206	0.03637	0.00723	0.00518	0.00158	0.00394	0.02789	0.12922	0.00762
32	0.00725	0.00533	0.00674	0.00647	0.00773	0.00489	0.00487	0.00947	0.01402	0.01941	0.62826	0.04110	0.14945	0.03492	0.00679	0.00179	0.00265	0.03858	0.00550	0.00479
33	0.01182	0.01214	0.10623	0.20112	0.05474	0.01134	0.10358	0.15013	0.01360	0.01872	0.12597	0.01712	0.01402	0.00719	0.00715	0.05997	0.05349	0.00545	0.01979	0.00643
34	0.00739	0.00502	0.00592	0.00603	0.00622	0.00496	0.00363	0.00781	0.00867	0.01170	0.09943	0.13591	0.02405	0.61049	0.03788	0.00437	0.00470	0.00867	0.00364	0.00351
35	0.01493	0.21620	0.33089	0.01242	0.01771	0.19927	0.01321	0.01833	0.01224	0.10487	0.00984	0.01076	0.00738	0.00510	0.00453	0.00144	0.00720	0.00364	0.00282	0.00719
36	0.03674	0.01043	0.08396	0.06444	0.03084	0.00862	0.15078	0.01270	0.01069	0.03754	0.02533	0.14904	0.05011	0.09354	0.00789	0.00194	0.02711	0.00682	0.00335	0.18811
37	0.03549	0.12114	0.36584	0.01425	0.05476	0.02653	0.06467	0.06867	0.09326	0.04050	0.01076	0.01208	0.00809	0.00546	0.00560	0.00162	0.05659	0.00423	0.00295	0.00751

[dist]
# distance from previous block
# <min> <max>
0	1

[block]
# block no. 6 follows, 47 sequences, length 12
# corresponding to MSA columns:
# 284-295
name=unknown_G
#
# <colnr> <probs for GDERKNQSTAVLIFYWHMCP>
#	G	D	E	R	K	N	Q	S	T	A	V	L	I	F	Y	W	H	M	C	P
0	0.19630	0.01475	0.05237	0.01114	0.03309	0.15928	0.00896	0.24443	0.09157	0.03929	0.01256	0.07464	0.01041	0.00650	0.00477	0.00158	0.00572	0.00489	0.00405	0.02369
1	0.30158	0.03294	0.03811	0.06650	0.01484	0.25285	0.00859	0.11619	0.01318	0.01961	0.01007	0.01138	0.02677	0.00546	0.00425	0.00149	0.00615	0.00370	0.04301	0.02333
2	0.04952	0.01163	0.07824	0.16888	0.19124	0.01099	0.04797	0.06491	0.10143	0.08227	0.05076	0.01880	0.08802	0.00643	0.00528	0.00166	0.00555	0.00561	0.00370	0.00711
3	0.00686	0.00506	0.00644	0.00679	0.00776	0.00464	0.00494	0.00856	0.01236	0.01669	0.34417	0.33138	0.15541	0.01337	0.00639	0.00188	0.00283	0.05469	0.00520	0.00457
4	0.01098	0.01001	0.06978	0.26475	0.04574	0.01015	0.01073	0.04666	0.05602	0.07073	0.07592	0.05164	0.06537	0.00903	0.04197	0.00207	0.08849	0.02796	0.03584	0.00616
5	0.00711	0.00525	0.00664	0.00644	0.00766	0.00478	0.00477	0.00927	0.01391	0.01925	0.61237	0.10964	0.15056	0.01151	0.00619	0.00170	0.00253	0.01012	0.00553	0.00478
6	0.01335	0.01268	0.01746	0.15049	0.36099	0.09039	0.03675	0.12590	0.01360	0.01787	0.01255	0.03882	0.04243	0.00708	0.03555	0.00185	0.00669	0.00518	0.00311	0.00725
7	0.01307	0.00949	0.01110	0.00970	0.01170	0.04498	0.00766	0.19417	0.03594	0.09362	0.01450	0.05146	0.01257	0.06988	0.28435	0.00424	0.07821	0.00564	0.04151	0.00623
8	0.02819	0.01098	0.05051	0.15060	0.08880	0.01060	0.20679	0.01617	0.08910	0.06692	0.08329	0.02943	0.01330	0.00627	0.00601	0.02326	0.02280	0.00566	0.04825	0.04309
9	0.00964	0.00726	0.00862	0.00810	0.00987	0.00710	0.00602	0.12880	0.05222	0.01808	0.11002	0.35432	0.04829	0.05838	0.00710	0.00196	0.00373	0.04295	0.00470	0.11284
10	0.06004	0.01271	0.05075	0.12040	0.03288	0.05192	0.00987	0.29416	0.11739	0.07688	0.07623	0.01657	0.02862	0.00651	0.00514	0.00162	0.00540	0.00518	0.02026	0.00749
11	0.12490	0.00683	0.00761	0.00715	0.00905	0.00683	0.00565	0.05570	0.03054	0.05933	0.27963	0.05829	0.14302	0.00985	0.00552	0.00171	0.00331	0.09306	0.08662	0.00540

[dist]
# distance from previous block
# <min> <max>
1	9

[block]
# block no. 7 follows, 47 sequences, length 39
# corresponding to MSA columns:
# 306-344
name=unknown_H
#
# <colnr> <probs for GDERKNQSTAVLIFYWHMCP>
#	G	D	E	R	K	N	Q	S	T	A	V	L	I	F	Y	W	H	M	C	P
0	0.06413	0.20505	0.05785	0.03151	0.01533	0.08591	0.04953	0.11806	0.03326	0.11516	0.01142	0.01242	0.02143	0.00579	0.00580	0.00150	0.08964	0.00414	0.01725	0.05481
1	0.42913	0.03009	0.12547	0.11344	0.01611	0.04023	0.00944	0.05393	0.01087	0.07980	0.00942	0.01099	0.00704	0.00652	0.03669	0.00189	0.00570	0.00362	0.00324	0.00637
2	0.00757	0.00607	0.00725	0.00689	0.00823	0.00606	0.00525	0.00994	0.04678	0.01715	0.33566	0.08011	0.31595	0.01143	0.00705	0.00176	0.07677	0.00952	0.03566	0.00490
3	0.01258	0.11708	0.48636	0.01430	0.05126	0.08480	0.04395	0.01708	0.01172	0.06350	0.03080	0.01190	0.00830	0.00512	0.00482	0.00154	0.00717	0.00402	0.00265	0.02103
4	0.00654	0.00461	0.00599	0.00700	0.00726	0.00436	0.00457	0.00730	0.00959	0.01279	0.02677	0.69107	0.03201	0.14215	0.00977	0.00258	0.00334	0.01367	0.00457	0.00406
5	0.01184	0.02387	0.01573	0.21154	0.03140	0.01139	0.11616	0.08832	0.02286	0.04989	0.08189	0.01672	0.01244	0.03334	0.02824	0.00197	0.13357	0.00533	0.04589	0.05760
6	0.01321	0.01017	0.02913	0.03194	0.01394	0.01049	0.05385	0.04586	0.39463	0.13053	0.13649	0.02320	0.06823	0.00762	0.00551	0.00171	0.00431	0.00655	0.00518	0.00745
7	0.00985	0.00594	0.00749	0.00683	0.00867	0.00530	0.00530	0.01196	0.01397	0.14996	0.44660	0.03878	0.21740	0.01069	0.00603	0.00169	0.00293	0.03953	0.00560	0.00546
8	0.00656	0.00468	0.00616	0.00721	0.00759	0.00440	0.00489	0.00754	0.01012	0.01349	0.05652	0.68632	0.04457	0.06812	0.00794	0.00230	0.00321	0.04943	0.00476	0.00422
9	0.01168	0.01995	0.41758	0.05618	0.10877	0.01255	0.13620	0.04967	0.10311	0.01775	0.01113	0.01291	0.00822	0.00514	0.00523	0.00167	0.00715	0.00462	0.00282	0.00767
10	0.02150	0.00939	0.01212	0.00953	0.01337	0.00873	0.00779	0.06143	0.11782	0.63444	0.03384	0.01808	0.01375	0.00659	0.00526	0.00163	0.00442	0.00537	0.00622	0.00871
11	0.00790	0.00564	0.00783	0.00903	0.01002	0.00557	0.00754	0.00994	0.01151	0.01504	0.02784	0.23934	0.03104	0.01485	0.00706	0.00233	0.00437	0.57368	0.00480	0.00466
12	0.01212	0.30376	0.44673	0.01300	0.03366	0.04757	0.01489	0.01620	0.01091	0.01471	0.00847	0.01006	0.00667	0.00494	0.00484	0.00147	0.03707	0.00350	0.00224	0.00721
13	0.00860	0.00602	0.00759	0.00758	0.04126	0.00549	0.00540	0.01103	0.03232	0.07672	0.46624	0.03890	0.25166	0.01071	0.00601	0.00167	0.00286	0.00926	0.00539	0.00529
14	0.00832	0.00553	0.00695	0.00673	0.00818	0.00498	0.00509	0.01027	0.01333	0.08082	0.41420	0.14301	0.21162	0.01183	0.00619	0.00177	0.00285	0.04790	0.00542	0.00502
15	0.62270	0.21300	0.01277	0.00749	0.01105	0.01403	0.00656	0.03412	0.00968	0.02082	0.00738	0.00853	0.00598	0.00477	0.00330	0.00149	0.00446	0.00286	0.00302	0.00598
16	0.00948	0.00606	0.00728	0.00691	0.00868	0.00548	0.00530	0.03647	0.01304	0.12186	0.20757	0.12915	0.31955	0.03382	0.00669	0.00188	0.00322	0.06707	0.00522	0.00525
17	0.00655	0.00472	0.00625	0.00733	0.00781	0.00441	0.00509	0.00767	0.01044	0.01389	0.06725	0.68591	0.06210	0.01576	0.00665	0.00210	0.00312	0.07374	0.00488	0.00432
18	0.06177	0.59581	0.09831	0.00994	0.01442	0.11858	0.00987	0.01633	0.01106	0.01335	0.00755	0.00875	0.00662	0.00464	0.00366	0.00122	0.00618	0.00296	0.00234	0.00664
19	0.08617	0.00793	0.04846	0.00875	0.01035	0.03293	0.00718	0.01133	0.04145	0.01373	0.01328	0.01883	0.01209	0.05207	0.60354	0.00681	0.01192	0.00523	0.00291	0.00506
20	0.67280	0.00966	0.00845	0.08161	0.01226	0.01119	0.00636	0.03601	0.00934	0.02147	0.00843	0.01144	0.00708	0.07971	0.00561	0.00194	0.00444	0.00348	0.00319	0.00552
21	0.00677	0.00480	0.00636	0.00745	0.00786	0.00457	0.00521	0.00782	0.01005	0.01334	0.02736	0.62527	0.03229	0.09233	0.00862	0.00244	0.00348	0.12508	0.00467	0.00421
22	0.14277	0.00909	0.01144	0.00895	0.01284	0.00836	0.00738	0.02398	0.03207	0.65973	0.01864	0.01643	0.01192	0.00623	0.00495	0.00162	0.00437	0.00490	0.00595	0.00838
23	0.01220	0.01167	0.01988	0.20746	0.61442	0.01219	0.01564	0.01537	0.01153	0.01617	0.00967	0.01312	0.00795	0.00477	0.00517	0.00159	0.00636	0.00464	0.00252	0.00769
24	0.00884	0.00599	0.00733	0.00698	0.00843	0.00569	0.00517	0.01173	0.07754	0.07767	0.38176	0.12091	0.14791	0.08535	0.00795	0.00205	0.00313	0.02511	0.00526	0.00519
25	0.09506	0.00918	0.01167	0.00918	0.01303	0.00849	0.00753	0.02471	0.08439	0.65061	0.01944	0.01707	0.01253	0.00636	0.00507	0.00163	0.00437	0.00509	0.00606	0.00852
26	0.01392	0.82012	0.02729	0.00891	0.01337	0.02061	0.00891	0.01559	0.01058	0.01225	0.00724	0.00835	0.00668	0.00446	0.00334	0.00111	0.00557	0.00278	0.00223	0.00668
27	0.00932	0.00738	0.00822	0.00857	0.00962	0.07820	0.01978	0.04714	0.01155	0.05394	0.02519	0.59714	0.02877	0.01397	0.00635	0.00200	0.00403	0.05921	0.00469	0.00495
28	0.00742	0.00553	0.00706	0.00784	0.00898	0.00526	0.00629	0.00935	0.02102	0.01495	0.07188	0.21166	0.20958	0.03490	0.00725	0.00221	0.00379	0.35562	0.00482	0.00459
29	0.00763	0.00608	0.00743	0.00703	0.00872	0.00565	0.04352	0.01015	0.06013	0.01564	0.10453	0.07485	0.41285	0.06139	0.00724	0.00197	0.00337	0.07481	0.08219	0.00481
30	0.01277	0.01226	0.02093	0.06102	0.75634	0.01234	0.01593	0.01588	0.01180	0.01687	0.00978	0.01293	0.00820	0.00466	0.00516	0.00155	0.00622	0.00464	0.00257	0.00816
31	0.00991	0.00924	0.01306	0.04421	0.01279	0.01234	0.00958	0.01121	0.00832	0.01243	0.01079	0.08822	0.01116	0.05323	0.16843	0.00356	0.50778	0.00584	0.00266	0.00524
32	0.00855	0.00569	0.00717	0.00675	0.00825	0.00521	0.00507	0.01098	0.03412	0.08231	0.51676	0.10973	0.15729	0.01112	0.00609	0.00170	0.00274	0.00972	0.00556	0.00518
33	0.00812	0.00554	0.00650	0.00657	0.00813	0.00488	0.00498	0.00960	0.01193	0.08581	0.09673	0.19441	0.42159	0.02725	0.00663	0.00193	0.00313	0.08644	0.00502	0.00483
34	0.03557	0.04291	0.01058	0.00925	0.03914	0.00890	0.00696	0.05492	0.19505	0.16022	0.15548	0.09923	0.13064	0.00910	0.00556	0.00171	0.00380	0.01908	0.00518	0.00671
35	0.01052	0.00903	0.01092	0.00816	0.01234	0.00710	0.02600	0.01327	0.04221	0.01682	0.01157	0.08518	0.01052	0.00515	0.00423	0.00096	0.00392	0.00436	0.00333	0.71441
36	0.01504	0.00750	0.00948	0.00792	0.01059	0.00687	0.00624	0.04818	0.04702	0.35986	0.23225	0.02897	0.13551	0.05237	0.00677	0.00183	0.00370	0.00735	0.00574	0.00680
37	0.00762	0.00589	0.00723	0.00687	0.00817	0.00575	0.00523	0.00939	0.01265	0.03672	0.35830	0.10863	0.31022	0.01183	0.00718	0.00178	0.07677	0.00991	0.00503	0.00484
38	0.01726	0.01559	0.01478	0.11611	0.01829	0.18834	0.01025	0.37734	0.14731	0.02393	0.01256	0.01316	0.00932	0.00606	0.00511	0.00157	0.00643	0.00459	0.00428	0.00772

[dist]
# distance from previous block
# <min> <max>
18	35

[block]
# block no. 8 follows, 47 sequences, length 85
# corresponding to MSA columns:
# 380-464
name=unknown_I
#
