[name]
unknown

[dist]
# distance from previous block
# <min> <max>
25	112

[block]
# block no. 0 follows, 41 sequences, length 27
# corresponding to MSA columns:
# 147-173
name=unknown_A
#
# <colnr> <probs for GDERKNQSTAVLIFYWHMCP>
#	G	D	E	R	K	N	Q	S	T	A	V	L	I	F	Y	W	H	M	C	P
0	0.10861	0.04029	0.03245	0.04986	0.03851	0.03948	0.00949	0.09921	0.09458	0.24512	0.08612	0.03783	0.01650	0.00774	0.00626	0.00184	0.04490	0.02797	0.00522	0.00802
1	0.09419	0.05608	0.03665	0.11674	0.08265	0.05029	0.01023	0.05795	0.09864	0.16866	0.09563	0.02020	0.05335	0.00718	0.00550	0.00174	0.00551	0.00585	0.00467	0.02829
2	0.07739	0.11365	0.06757	0.07786	0.08385	0.18470	0.01155	0.08302	0.05514	0.08831	0.03926	0.01491	0.02605	0.00650	0.00588	0.00169	0.04650	0.00479	0.00378	0.00759
3	0.06210	0.06876	0.08531	0.15860	0.19409	0.05617	0.01333	0.10226	0.05177	0.08022	0.01252	0.03152	0.00979	0.00603	0.00536	0.00170	0.00659	0.00499	0.00367	0.04520
4	0.21287	0.12746	0.03637	0.03117	0.04242	0.12802	0.00979	0.16670	0.09266	0.06493	0.01213	0.01282	0.00923	0.00604	0.00479	0.00165	0.00618	0.00430	0.02268	0.00778
5	0.38348	0.12428	0.01439	0.03714	0.01454	0.01436	0.00837	0.16053	0.01463	0.16218	0.01185	0.01223	0.00856	0.00589	0.00447	0.00169	0.00523	0.00405	0.00443	0.00770
6	0.01832	0.01093	0.01281	0.01056	0.01411	0.01126	0.00846	0.16330	0.22550	0.27611	0.13910	0.02367	0.04353	0.00819	0.00595	0.00182	0.00464	0.00676	0.00629	0.00870
7	0.02566	0.00973	0.01327	0.01018	0.01460	0.00841	0.00841	0.02788	0.01637	0.76726	0.02257	0.01947	0.01416	0.00708	0.00575	0.00177	0.00487	0.00575	0.00708	0.00973
8	0.00750	0.00574	0.00687	0.00677	0.00822	0.00511	0.00501	0.00956	0.01450	0.01936	0.43020	0.12710	0.30661	0.01336	0.00681	0.00190	0.00284	0.01159	0.00584	0.00511
9	0.00750	0.00542	0.00708	0.00752	0.00839	0.00501	0.00532	0.00931	0.01351	0.01858	0.37797	0.41153	0.07183	0.01484	0.00702	0.00206	0.00301	0.01330	0.00578	0.00501
10	0.00994	0.00497	0.00745	0.00745	0.00745	0.00497	0.00497	0.00745	0.00745	0.00994	0.00994	0.01739	0.00994	0.01987	0.02235	0.83358	0.00497	0.00497	0.00248	0.00248
11	0.00824	0.00565	0.00690	0.00695	0.00719	0.00587	0.00434	0.00872	0.00861	0.01170	0.01791	0.06149	0.01998	0.60413	0.19302	0.00623	0.00762	0.00812	0.00344	0.00387
12	0.01416	0.01359	0.02322	0.03511	0.76330	0.01359	0.01755	0.01755	0.01302	0.01869	0.01076	0.01416	0.00906	0.00510	0.00566	0.00170	0.00680	0.00510	0.00283	0.00906
13	0.01324	0.01397	0.02049	0.03934	0.01872	0.06710	0.15042	0.01525	0.01023	0.01467	0.00844	0.01300	0.00772	0.00863	0.01521	0.00231	0.56683	0.00525	0.00261	0.00656
14	0.01529	0.80242	0.02997	0.00979	0.01468	0.02263	0.00979	0.01713	0.01162	0.01346	0.00795	0.00918	0.00734	0.00489	0.00367	0.00122	0.00612	0.00306	0.00245	0.00734
15	0.00697	0.00498	0.00664	0.00796	0.00830	0.00465	0.00531	0.00796	0.01095	0.01460	0.03153	0.79525	0.03783	0.01792	0.00730	0.00232	0.00332	0.01626	0.00531	0.00465
16	0.01080	0.01017	0.01716	0.78523	0.03940	0.01271	0.01589	0.01461	0.01144	0.01461	0.01017	0.01525	0.00762	0.00572	0.00572	0.00191	0.00762	0.00508	0.00254	0.00635
17	0.00851	0.00650	0.00762	0.00740	0.00893	0.00628	0.00545	0.01225	0.10510	0.01977	0.36709	0.12422	0.20826	0.05223	0.00774	0.00208	0.00318	0.01066	0.03121	0.00553
18	0.01504	0.75150	0.07869	0.01022	0.01534	0.02202	0.01053	0.01719	0.01165	0.01376	0.00810	0.00937	0.00733	0.00493	0.00379	0.00126	0.00627	0.00314	0.00244	0.00741
19	0.01529	0.80242	0.02997	0.00979	0.01468	0.02263	0.00979	0.01713	0.01162	0.01346	0.00795	0.00918	0.00734	0.00489	0.00367	0.00122	0.00612	0.00306	0.00245	0.00734
20	0.01251	0.01251	0.01752	0.01502	0.01502	0.01752	0.01251	0.01377	0.00876	0.01377	0.00751	0.01251	0.00751	0.01001	0.01877	0.00250	0.78851	0.00501	0.00250	0.00626
21	0.01137	0.00962	0.01127	0.00835	0.01290	0.00733	0.00655	0.01371	0.01167	0.01807	0.01202	0.07037	0.01108	0.03413	0.00537	0.00113	0.00422	0.00451	0.00353	0.74280
22	0.68629	0.01081	0.00932	0.00802	0.01173	0.01200	0.00661	0.01889	0.01098	0.16519	0.01071	0.01121	0.00769	0.00564	0.00396	0.00177	0.00451	0.00360	0.00421	0.00686
23	0.00698	0.00511	0.00657	0.00768	0.00824	0.00469	0.00520	0.00809	0.01139	0.01500	0.06079	0.67978	0.12489	0.01729	0.00722	0.00226	0.00325	0.01555	0.00535	0.00469
24	0.01095	0.00741	0.00878	0.00823	0.00996	0.03476	0.00617	0.03909	0.03138	0.10720	0.42489	0.19261	0.07184	0.01209	0.00663	0.00190	0.00354	0.01059	0.00599	0.00600
25	0.02379	0.01062	0.01523	0.01155	0.01602	0.00958	0.07336	0.08215	0.01693	0.62336	0.04172	0.01932	0.01445	0.00699	0.00587	0.00178	0.00534	0.00592	0.00658	0.00943
26	0.02528	0.01034	0.01365	0.01047	0.01490	0.00931	0.00865	0.09718	0.01739	0.69652	0.02171	0.01891	0.01373	0.00706	0.00575	0.00176	0.00501	0.00569	0.00695	0.00973

[dist]
# distance from previous block
# <min> <max>
3	6

[block]
# block no. 1 follows, 41 sequences, length 60
# corresponding to MSA columns:
# 181-240
name=unknown_B
#
# <colnr> <probs for GDERKNQSTAVLIFYWHMCP>
#	G	D	E	R	K	N	Q	S	T	A	V	L	I	F	Y	W	H	M	C	P
0	0.03052	0.01278	0.04555	0.40258	0.11263	0.03701	0.06857	0.05315	0.06672	0.01756	0.01123	0.01481	0.00866	0.00597	0.00645	0.00185	0.05459	0.00512	0.00306	0.04119
1	0.01650	0.01214	0.01359	0.10204	0.01743	0.04925	0.00943	0.17414	0.19670	0.13855	0.03480	0.02013	0.06181	0.02082	0.00603	0.00177	0.00541	0.00592	0.02093	0.09261
2	0.00782	0.00563	0.00740	0.00738	0.00848	0.00521	0.00538	0.01010	0.01491	0.02090	0.58239	0.22642	0.05003	0.01321	0.00688	0.00193	0.00285	0.01179	0.00606	0.00521
3	0.00758	0.00561	0.00708	0.00717	0.00835	0.00511	0.00521	0.00963	0.01430	0.01954	0.45533	0.24329	0.16310	0.01378	0.00689	0.00196	0.00289	0.01218	0.00588	0.00511
4	0.01186	0.01017	0.01186	0.00847	0.01356	0.00762	0.00678	0.01440	0.01186	0.01864	0.01017	0.01186	0.00847	0.00424	0.00424	0.00085	0.00424	0.00339	0.00339	0.83395
5	0.00709	0.00514	0.00670	0.00772	0.00829	0.00475	0.00525	0.00832	0.01172	0.01566	0.12083	0.65407	0.08943	0.01694	0.00720	0.00223	0.00322	0.01526	0.00543	0.00475
6	0.00817	0.00613	0.00919	0.00919	0.01021	0.00715	0.00715	0.01021	0.00919	0.01328	0.01532	0.02247	0.01430	0.04290	0.77631	0.00919	0.01532	0.00613	0.00306	0.00511
7	0.00774	0.00583	0.00715	0.00682	0.00832	0.00524	0.00511	0.01010	0.01534	0.02092	0.57076	0.04605	0.24475	0.01245	0.00675	0.00183	0.00275	0.01081	0.00603	0.00524
8	0.00817	0.00548	0.00628	0.00643	0.00646	0.00545	0.00367	0.00828	0.00860	0.01147	0.01949	0.11987	0.02265	0.71401	0.02674	0.00519	0.00530	0.00918	0.00367	0.00359
9	0.01529	0.80242	0.02997	0.00979	0.01468	0.02263	0.00979	0.01713	0.01162	0.01346	0.00795	0.00918	0.00734	0.00489	0.00367	0.00122	0.00612	0.00306	0.00245	0.00734
10	0.01204	0.01122	0.01594	0.27446	0.02299	0.01337	0.01215	0.03595	0.01100	0.01596	0.00927	0.01331	0.00786	0.00699	0.01025	0.00185	0.30044	0.00462	0.00284	0.21748
11	0.01046	0.00970	0.01616	0.69647	0.03600	0.01201	0.01481	0.01406	0.01128	0.01452	0.01187	0.01693	0.02793	0.00922	0.07363	0.00255	0.00818	0.00536	0.00266	0.00620
12	0.00696	0.00575	0.00610	0.00612	0.00787	0.00490	0.00455	0.00855	0.01334	0.01642	0.15215	0.09869	0.62024	0.01432	0.00679	0.00194	0.00290	0.01209	0.00545	0.00490
13	0.00727	0.00509	0.00644	0.00752	0.00810	0.00472	0.00510	0.00846	0.01124	0.01528	0.03293	0.65595	0.10527	0.01660	0.00696	0.00220	0.00322	0.01490	0.07803	0.00472
14	0.02192	0.02938	0.01643	0.03341	0.01745	0.01561	0.01038	0.55431	0.02382	0.18173	0.01538	0.01497	0.01060	0.00684	0.00566	0.00172	0.00598	0.00523	0.01966	0.00952
15	0.24562	0.06544	0.01511	0.45702	0.02773	0.03198	0.01214	0.01547	0.01104	0.01773	0.00966	0.01333	0.00751	0.00658	0.02592	0.00200	0.00680	0.00438	0.01821	0.00633
16	0.00827	0.00570	0.00769	0.00781	0.00829	0.00612	0.00540	0.00905	0.00887	0.01228	0.01738	0.09974	0.01856	0.32328	0.35677	0.07980	0.00961	0.00780	0.00337	0.00421
17	0.01969	0.01522	0.01602	0.01255	0.01692	0.03620	0.01023	0.55030	0.13624	0.03205	0.01474	0.01464	0.01073	0.00674	0.00559	0.00167	0.00594	0.00515	0.00545	0.08394
18	0.01515	0.53506	0.08770	0.01302	0.08167	0.04816	0.01140	0.03667	0.09297	0.01601	0.01023	0.01133	0.00864	0.00535	0.00433	0.00141	0.00636	0.00378	0.00294	0.00780
19	0.01247	0.16173	0.49210	0.01597	0.08046	0.01477	0.01733	0.01868	0.07382	0.01799	0.03573	0.01351	0.00980	0.00571	0.00522	0.00171	0.00739	0.00448	0.00287	0.00826
20	0.01019	0.00788	0.01032	0.03415	0.03336	0.00831	0.00916	0.01549	0.16374	0.01842	0.04844	0.11664	0.02939	0.01364	0.00727	0.00239	0.00498	0.45483	0.00527	0.00612
21	0.00728	0.00546	0.00754	0.03623	0.00979	0.00519	0.02076	0.00849	0.01117	0.01480	0.04562	0.67698	0.07607	0.03590	0.00772	0.00235	0.00362	0.01512	0.00513	0.00477
22	0.06081	0.05054	0.61862	0.04105	0.04261	0.01360	0.05923	0.01789	0.01200	0.01833	0.01014	0.01216	0.00732	0.00538	0.00535	0.00180	0.00814	0.00431	0.00252	0.00819
23	0.00836	0.00604	0.00765	0.00842	0.00923	0.00588	0.00590	0.07303	0.01262	0.01681	0.04975	0.66467	0.05455	0.01663	0.00715	0.00226	0.00361	0.03693	0.00537	0.00514
24	0.00929	0.00571	0.00761	0.00801	0.00905	0.00524	0.00567	0.01085	0.01286	0.09858	0.21459	0.52081	0.03933	0.01517	0.00699	0.00213	0.00333	0.01362	0.00575	0.00539
25	0.00732	0.00519	0.00644	0.00734	0.00808	0.00478	0.00505	0.00863	0.01167	0.01579	0.07487	0.56742	0.15204	0.01604	0.00689	0.00214	0.00316	0.01430	0.07808	0.00478
26	0.00947	0.07656	0.00941	0.00754	0.00861	0.00792	0.00527	0.05704	0.01114	0.01453	0.04445	0.17495	0.11831	0.38823	0.01753	0.00367	0.02692	0.00956	0.00415	0.00474
27	0.04567	0.00999	0.01329	0.01022	0.01463	0.00885	0.00844	0.05351	0.01659	0.72245	0.02188	0.01901	0.01380	0.00703	0.00570	0.00177	0.00491	0.00566	0.00694	0.00965
28	0.00728	0.00521	0.00693	0.00786	0.00845	0.00486	0.00544	0.00870	0.01217	0.01651	0.19243	0.60914	0.04126	0.01649	0.00719	0.00222	0.00323	0.03427	0.00553	0.00483
29	0.01362	0.02068	0.34161	0.02226	0.24517	0.01379	0.10909	0.10220	0.01439	0.02055	0.03495	0.01429	0.00975	0.00562	0.00574	0.00178	0.00767	0.00511	0.00311	0.00859
30	0.01490	0.72359	0.10539	0.01045	0.01571	0.02168	0.01094	0.01723	0.01167	0.01393	0.00819	0.00947	0.00733	0.00495	0.00385	0.00128	0.00636	0.00318	0.00244	0.00745
31	0.00697	0.00498	0.00664	0.00796	0.00830	0.00465	0.00531	0.00796	0.01095	0.01460	0.03153	0.79525	0.03783	0.01792	0.00730	0.00232	0.00332	0.01626	0.00531	0.00465
32	0.01245	0.01185	0.02013	0.41735	0.39442	0.01314	0.01670	0.01606	0.01222	0.01661	0.01046	0.01471	0.00833	0.00541	0.00569	0.00180	0.00722	0.00509	0.00268	0.00768
33	0.01408	0.01498	0.09141	0.08093	0.35883	0.06484	0.03281	0.09288	0.03968	0.01954	0.01370	0.05361	0.01210	0.00788	0.02763	0.00203	0.00717	0.05432	0.00347	0.00810
34	0.01796	0.01413	0.08063	0.01184	0.01587	0.01354	0.01023	0.42119	0.05264	0.10392	0.05700	0.11376	0.01633	0.00843	0.00590	0.00181	0.00558	0.00686	0.03386	0.00857
35	0.00697	0.00498	0.00664	0.00796	0.00830	0.00465	0.00531	0.00796	0.01095	0.01460	0.03153	0.79525	0.03783	0.01792	0.00730	0.00232	0.00332	0.01626	0.00531	0.00465
36	0.01345	0.01319	0.02179	0.23440	0.48782	0.03779	0.05956	0.01723	0.02688	0.01752	0.01083	0.01454	0.00876	0.00532	0.00573	0.00177	0.00725	0.00517	0.00282	0.00818
37	0.04452	0.25960	0.21694	0.01473	0.09866	0.04231	0.01329	0.13671	0.01444	0.01953	0.01192	0.08052	0.01054	0.00658	0.00505	0.00164	0.00667	0.00512	0.00333	0.00791
38	0.01238	0.01325	0.02691	0.08936	0.08542	0.01307	0.48214	0.01629	0.01268	0.01728	0.01388	0.12115	0.01252	0.00698	0.00728	0.00199	0.04940	0.00767	0.00317	0.00721
39	0.70719	0.02644	0.06029	0.03174	0.01341	0.01320	0.02100	0.03740	0.01053	0.02478	0.00841	0.00989	0.00647	0.00536	0.00385	0.00177	0.00496	0.00335	0.00347	0.00650
40	0.02174	0.01602	0.01717	0.01316	0.01774	0.01774	0.01087	0.74423	0.02689	0.03605	0.01373	0.01373	0.00973	0.00687	0.00572	0.00172	0.00629	0.00515	0.00572	0.00973
41	0.01786	0.47529	0.02416	0.01188	0.01595	0.34057	0.01032	0.01954	0.01356	0.01369	0.00833	0.00966	0.00735	0.00532	0.00430	0.00133	0.00789	0.00332	0.00266	0.00704
42	0.00697	0.00498	0.00664	0.00796	0.00830	0.00465	0.00531	0.00796	0.01095	0.01460	0.03153	0.79525	0.03783	0.01792	0.00730	0.00232	0.00332	0.01626	0.00531	0.00465
43	0.00824	0.00599	0.00797	0.00909	0.01015	0.00578	0.00732	0.01018	0.01236	0.01600	0.03361	0.27358	0.12213	0.04041	0.00824	0.00255	0.00443	0.41176	0.00523	0.00498
44	0.00701	0.00568	0.00622	0.00634	0.00794	0.00489	0.00466	0.00859	0.01325	0.01655	0.16842	0.16034	0.54109	0.01453	0.00684	0.00197	0.00293	0.01240	0.00547	0.00489
45	0.22973	0.01007	0.01383	0.47409	0.02805	0.01204	0.01209	0.03225	0.01143	0.03661	0.01186	0.08246	0.01012	0.00675	0.00528	0.00190	0.00630	0.00556	0.00324	0.00632
46	0.00935	0.00680	0.00814	0.00803	0.00891	0.00718	0.00550	0.05653	0.07587	0.01499	0.02132	0.18054	0.03992	0.36526	0.16160	0.00496	0.00684	0.00919	0.00414	0.00492
47	0.76770	0.01094	0.00884	0.00776	0.01137	0.01244	0.00639	0.01779	0.01032	0.09099	0.00925	0.01019	0.00690	0.00547	0.00373	0.00177	0.00446	0.00333	0.00385	0.00651
48	0.01878	0.04582	0.03453	0.11678	0.02002	0.28941	0.01139	0.26141	0.05682	0.03680	0.01312	0.01423	0.02875	0.00651	0.00544	0.00165	0.00770	0.00478	0.01826	0.00781
49	0.02249	0.01002	0.01292	0.01027	0.01428	0.00935	0.00835	0.04907	0.12829	0.57612	0.07786	0.02132	0.01752	0.00752	0.00584	0.00180	0.00470	0.00619	0.00679	0.00930
50	0.01177	0.08903	0.71248	0.01580	0.02398	0.01400	0.02026	0.01804	0.01204	0.01776	0.01009	0.01185	0.00725	0.00539	0.00530	0.00177	0.00827	0.00414	0.00242	0.00837
51	0.03945	0.21998	0.01987	0.01374	0.05751	0.23418	0.01080	0.18045	0.04168	0.01994	0.03418	0.01258	0.00980	0.00641	0.00616	0.00160	0.07611	0.00434	0.00361	0.00764
52	0.00917	0.00625	0.00791	0.00733	0.00899	0.00575	0.00555	0.01206	0.03592	0.06723	0.61183	0.04220	0.13471	0.01164	0.00666	0.00182	0.00290	0.01017	0.00621	0.00569
53	0.00702	0.00569	0.00624	0.00635	0.00795	0.00490	0.00467	0.00862	0.01328	0.01662	0.17564	0.15910	0.53495	0.01450	0.00684	0.00196	0.00292	0.01237	0.00548	0.00490
54	0.05048	0.01435	0.15314	0.11628	0.03406	0.01162	0.14275	0.10490	0.02495	0.06211	0.01766	0.14941	0.05053	0.00819	0.00603	0.00189	0.00654	0.00740	0.00396	0.03375
55	0.07218	0.15811	0.23388	0.08772	0.21090	0.04022	0.08484	0.01757	0.01228	0.01755	0.00988	0.01243	0.00782	0.00523	0.00519	0.00168	0.00743	0.00446	0.00268	0.00793
56	0.00694	0.00510	0.00651	0.00763	0.00821	0.00467	0.00516	0.00800	0.01127	0.01473	0.03563	0.68039	0.15004	0.01739	0.00722	0.00226	0.00325	0.01561	0.00531	0.00467
57	0.01170	0.00664	0.00880	0.00781	0.00979	0.00601	0.00601	0.01429	0.01623	0.17547	0.60910	0.03796	0.04581	0.01075	0.00654	0.00179	0.00314	0.00940	0.00646	0.00629
58	0.01670	0.01871	0.03536	0.02410	0.32519	0.26938	0.11092	0.04525	0.06543	0.01801	0.01118	0.01348	0.00901	0.00558	0.00565	0.00167	0.00821	0.00492	0.00317	0.00808
59	0.01181	0.02760	0.67663	0.01864	0.11653	0.01332	0.02069	0.01804	0.01219	0.01819	0.01033	0.01233	0.00747	0.00539	0.00546	0.00180	0.00825	0.00433	0.00247	0.00853

[dist]
# distance from previous block
# <min> <max>
1	4

[block]
# block no. 2 follows, 41 sequences, length 26
# corresponding to MSA columns:
# 246-271
name=unknown_C
#
# <colnr> <probs for GDERKNQSTAVLIFYWHMCP>
#	G	D	E	R	K	N	Q	S	T	A	V	L	I	F	Y	W	H	M	C	P
0	0.12087	0.01207	0.01265	0.01088	0.01440	0.01345	0.00863	0.10214	0.45161	0.06213	0.01980	0.01883	0.03300	0.00726	0.00569	0.00181	0.02123	0.00573	0.00531	0.07252
1	0.01346	0.06548	0.01337	0.01079	0.01273	0.13511	0.02443	0.07983	0.06262	0.01842	0.09120	0.08391	0.01789	0.07080	0.03049	0.00229	0.12879	0.00662	0.12546	0.00631
2	0.00737	0.00577	0.00667	0.00655	0.00813	0.00507	0.00487	0.00935	0.01433	0.01876	0.37152	0.09179	0.40250	0.01343	0.00678	0.00189	0.00283	0.01154	0.00575	0.00507
3	0.00810	0.00567	0.00695	0.00703	0.00743	0.00584	0.00453	0.00875	0.00901	0.01213	0.02091	0.07828	0.07170	0.51507	0.20884	0.00600	0.00762	0.00850	0.00360	0.00403
4	0.01687	0.01003	0.01188	0.01015	0.01342	0.01032	0.00803	0.02529	0.34048	0.28194	0.16157	0.02554	0.04202	0.00843	0.00599	0.00185	0.00426	0.00708	0.00633	0.00850
5	0.01157	0.02887	0.73220	0.01670	0.02502	0.01334	0.05756	0.01812	0.01215	0.01812	0.01033	0.01225	0.00732	0.00540	0.00550	0.00182	0.00851	0.00435	0.00244	0.00842
6	0.01176	0.04865	0.68384	0.01683	0.02495	0.01364	0.08560	0.01811	0.01219	0.01801	0.01032	0.01230	0.00738	0.00537	0.00551	0.00181	0.00850	0.00442	0.00246	0.00836
7	0.01171	0.07703	0.72396	0.01590	0.02414	0.01386	0.02044	0.01805	0.01205	0.01783	0.01012	0.01190	0.00725	0.00540	0.00533	0.00178	0.00831	0.00415	0.00242	0.00839
8	0.00810	0.00585	0.00765	0.00720	0.00855	0.00540	0.00540	0.01079	0.01619	0.02294	0.76028	0.04273	0.05397	0.01169	0.00675	0.00180	0.00270	0.01034	0.00630	0.00540
9	0.01171	0.07703	0.72396	0.01590	0.02414	0.01386	0.02044	0.01805	0.01205	0.01783	0.01012	0.01190	0.00725	0.00540	0.00533	0.00178	0.00831	0.00415	0.00242	0.00839
10	0.00919	0.00715	0.01042	0.00984	0.01099	0.00830	0.02604	0.04328	0.00999	0.01426	0.01492	0.02263	0.01412	0.10596	0.60893	0.00794	0.06134	0.00623	0.00318	0.00530
11	0.09200	0.11748	0.19590	0.07700	0.01925	0.12235	0.01322	0.06236	0.04572	0.01799	0.01004	0.01230	0.00805	0.00653	0.00754	0.00181	0.15480	0.00430	0.02408	0.00728
12	0.00801	0.00565	0.00734	0.00802	0.00879	0.00538	0.00573	0.02899	0.01227	0.01643	0.14951	0.45786	0.08120	0.03962	0.00886	0.05865	0.00364	0.08402	0.00523	0.00480
13	0.01132	0.00937	0.01548	0.42318	0.02724	0.01085	0.08151	0.01438	0.01156	0.03333	0.01310	0.01926	0.01072	0.00753	0.00735	0.05519	0.04543	0.04640	0.15073	0.00606
14	0.01296	0.04194	0.08953	0.12043	0.11577	0.06754	0.09937	0.10758	0.01440	0.01896	0.06157	0.14843	0.03162	0.03603	0.00686	0.00198	0.00662	0.00749	0.00382	0.00707
15	0.00876	0.00670	0.00824	0.00832	0.00987	0.00657	0.00648	0.01274	0.10567	0.01979	0.32910	0.12905	0.15089	0.01318	0.00694	0.00207	0.00356	0.16067	0.00576	0.00565
16	0.00818	0.00605	0.00730	0.00761	0.00909	0.00556	0.00581	0.01041	0.03534	0.03685	0.17321	0.21483	0.30994	0.01456	0.00701	0.00211	0.00345	0.13192	0.00554	0.00522
17	0.11557	0.18259	0.15497	0.01161	0.01628	0.07284	0.01123	0.08428	0.03366	0.16828	0.05132	0.01447	0.01145	0.00639	0.00558	0.00167	0.04118	0.00460	0.00411	0.00794
18	0.09996	0.01307	0.01266	0.01176	0.05142	0.13946	0.00872	0.12114	0.09169	0.14956	0.11928	0.07480	0.05222	0.00850	0.00575	0.00179	0.00552	0.02002	0.00515	0.00751
19	0.00802	0.00579	0.00758	0.00725	0.00853	0.00535	0.00539	0.01061	0.01585	0.02240	0.71304	0.09151	0.05292	0.01210	0.00678	0.00183	0.00274	0.01073	0.00623	0.00535
20	0.01299	0.03629	0.25646	0.08232	0.36756	0.04000	0.05041	0.01729	0.01262	0.01772	0.01139	0.04831	0.00955	0.00583	0.00566	0.00177	0.00746	0.00530	0.00279	0.00829
21	0.04019	0.07669	0.29464	0.01727	0.09530	0.04442	0.09672	0.19510	0.03027	0.03896	0.01154	0.01304	0.00852	0.00574	0.00550	0.00174	0.00753	0.00476	0.00354	0.00856
22	0.01633	0.01444	0.01558	0.10401	0.08046	0.09922	0.01115	0.22606	0.24810	0.02398	0.01604	0.04345	0.01261	0.00725	0.00615	0.00182	0.03361	0.00577	0.02565	0.00831
23	0.00724	0.00515	0.00681	0.00792	0.00836	0.00485	0.00539	0.00839	0.01133	0.01520	0.09037	0.65760	0.03796	0.06192	0.00853	0.00248	0.00348	0.04708	0.00528	0.00467
24	0.05988	0.08547	0.17206	0.01443	0.08457	0.01433	0.01257	0.25054	0.03378	0.17337	0.01441	0.03543	0.01059	0.00653	0.00542	0.00173	0.00627	0.00512	0.00465	0.00887
25	0.09847	0.05456	0.05925	0.03714	0.16019	0.09497	0.01149	0.09531	0.14094	0.14048	0.01514	0.04233	0.01169	0.00663	0.00539	0.00175	0.00615	0.00533	0.00443	0.00834

[dist]
# distance from previous block
# <min> <max>
3	10

[block]
# block no. 3 follows, 41 sequences, length 39
# corresponding to MSA columns:
# 284-322
name=unknown_D
#
# <colnr> <probs for GDERKNQSTAVLIFYWHMCP>
#	G	D	E	R	K	N	Q	S	T	A	V	L	I	F	Y	W	H	M	C	P
0	0.01231	0.01002	0.01195	0.04249	0.01449	0.00823	0.00734	0.04133	0.03803	0.04324	0.01286	0.07534	0.01132	0.00570	0.00470	0.00111	0.00441	0.00474	0.00379	0.64658
1	0.03163	0.09345	0.21519	0.15272	0.26551	0.04585	0.05875	0.01714	0.01240	0.01717	0.01074	0.03471	0.00882	0.00565	0.00546	0.00174	0.00746	0.00497	0.00273	0.00791
2	0.00718	0.00559	0.00633	0.00669	0.00793	0.00497	0.00477	0.00850	0.01223	0.01539	0.09918	0.24053	0.41287	0.10185	0.00941	0.00245	0.00338	0.04088	0.00518	0.00469
3	0.01070	0.06051	0.13894	0.01028	0.03969	0.00860	0.00917	0.03259	0.01474	0.06436	0.36588	0.05313	0.09358	0.01006	0.00622	0.00181	0.00442	0.04499	0.02388	0.00646
4	0.00952	0.00693	0.00969	0.00968	0.03114	0.00662	0.05211	0.02716	0.03130	0.05485	0.11132	0.31854	0.10373	0.13326	0.01032	0.00265	0.00436	0.06637	0.00503	0.00541
5	0.00994	0.00497	0.00745	0.00745	0.00745	0.00497	0.00497	0.00745	0.00745	0.00994	0.00994	0.01739	0.00994	0.01987	0.02235	0.83358	0.00497	0.00497	0.00248	0.00248
6	0.01569	0.01452	0.02048	0.26703	0.07700	0.07279	0.14375	0.23484	0.01676	0.02189	0.01128	0.01423	0.00851	0.00611	0.00656	0.00184	0.05001	0.00529	0.00361	0.00781
7	0.01779	0.03052	0.01385	0.03122	0.01564	0.01309	0.00921	0.08209	0.46483	0.22368	0.02168	0.01983	0.01551	0.00739	0.00574	0.00186	0.00487	0.00606	0.00599	0.00918
8	0.01307	0.01088	0.01251	0.00905	0.01407	0.00886	0.00728	0.10377	0.01370	0.02077	0.01060	0.01209	0.00863	0.00456	0.00442	0.00095	0.00449	0.00360	0.00367	0.73302
9	0.00786	0.00535	0.00637	0.00682	0.00693	0.00524	0.00409	0.00820	0.00920	0.01227	0.02256	0.29216	0.02652	0.53644	0.02178	0.00446	0.00480	0.01099	0.00409	0.00386
10	0.00829	0.00627	0.00931	0.00925	0.01021	0.00737	0.00717	0.01024	0.00915	0.01322	0.01521	0.02270	0.01433	0.06658	0.73247	0.00890	0.03501	0.00617	0.00306	0.00508
11	0.03215	0.61928	0.12369	0.01081	0.01593	0.06575	0.01114	0.01743	0.01203	0.01459	0.02766	0.01048	0.00851	0.00521	0.00406	0.00134	0.00655	0.00344	0.00259	0.00737
12	0.00931	0.00728	0.00865	0.00833	0.01012	0.00742	0.00643	0.04840	0.11581	0.01909	0.21124	0.07247	0.22308	0.03437	0.13441	0.00324	0.00555	0.06376	0.00523	0.00583
13	0.01316	0.01644	0.17342	0.05262	0.47592	0.01300	0.06823	0.01722	0.01270	0.01832	0.01111	0.03051	0.00920	0.00539	0.00564	0.00170	0.00712	0.00517	0.00283	0.06031
14	0.02002	0.07508	0.06422	0.01391	0.01766	0.47859	0.01138	0.18938	0.01813	0.01962	0.03340	0.01215	0.00936	0.00621	0.00526	0.00154	0.00875	0.00422	0.00363	0.00747
15	0.00855	0.00625	0.00787	0.00842	0.00944	0.00598	0.00596	0.06963	0.01270	0.01708	0.06473	0.61325	0.05359	0.01592	0.00701	0.00218	0.00364	0.04004	0.00530	0.04247
16	0.03546	0.05486	0.10968	0.11842	0.27082	0.03046	0.06456	0.03782	0.06172	0.08170	0.01377	0.01833	0.01121	0.00640	0.00574	0.00182	0.00684	0.05870	0.00356	0.00813
17	0.03554	0.33868	0.21168	0.01381	0.05499	0.09533	0.03953	0.06347	0.01337	0.03337	0.02262	0.01196	0.00871	0.00651	0.02653	0.00174	0.00744	0.00405	0.00294	0.00772
18	0.00710	0.00515	0.00658	0.00758	0.00812	0.00477	0.00510	0.00818	0.01132	0.01497	0.07667	0.62594	0.11355	0.06572	0.00857	0.00245	0.00338	0.01498	0.00525	0.00464
19	0.01414	0.01125	0.01290	0.00940	0.01437	0.00954	0.00759	0.15124	0.01481	0.04520	0.01122	0.01245	0.00888	0.00482	0.00456	0.00104	0.00464	0.00379	0.00394	0.65423
20	0.01649	0.07479	0.08834	0.01353	0.07260	0.01165	0.05821	0.03620	0.13623	0.24520	0.03631	0.09074	0.03451	0.00786	0.00612	0.00181	0.02613	0.00667	0.00498	0.03162
21	0.02015	0.01552	0.01587	0.01252	0.01648	0.06380	0.01009	0.61529	0.02418	0.03193	0.01430	0.03763	0.01132	0.07490	0.00773	0.00205	0.00640	0.00564	0.00534	0.00885
22	0.01000	0.00846	0.01174	0.05789	0.01294	0.02819	0.00877	0.01136	0.00916	0.01305	0.01243	0.01964	0.01195	0.08272	0.38256	0.08214	0.22325	0.00575	0.00285	0.00517
23	0.04260	0.21637	0.16473	0.05092	0.03588	0.21006	0.07728	0.04376	0.01354	0.02927	0.02076	0.01197	0.00836	0.00576	0.00570	0.00162	0.04689	0.00423	0.00291	0.00740
24	0.01448	0.30944	0.27479	0.01403	0.01988	0.05091	0.10137	0.01878	0.03931	0.06322	0.01116	0.02849	0.00890	0.00569	0.00518	0.00162	0.01741	0.00451	0.00299	0.00787
25	0.00831	0.00557	0.00641	0.00653	0.00661	0.00556	0.00384	0.00848	0.00868	0.01155	0.01923	0.07172	0.02215	0.72507	0.02708	0.00526	0.00543	0.04525	0.00364	0.00361
26	0.01215	0.01325	0.08384	0.05979	0.35056	0.01183	0.14369	0.01608	0.04048	0.01773	0.01566	0.17832	0.01512	0.00789	0.00619	0.00190	0.00666	0.00771	0.00343	0.00772
27	0.01418	0.01396	0.02310	0.08079	0.65465	0.04123	0.05309	0.01760	0.01306	0.01824	0.01069	0.01415	0.00889	0.00515	0.00570	0.00171	0.00712	0.00513	0.00282	0.00874
28	0.00892	0.02831	0.07148	0.02762	0.02839	0.00765	0.02090	0.01142	0.03930	0.01578	0.02674	0.42072	0.07360	0.02984	0.00774	0.00222	0.03850	0.08843	0.00460	0.04785
29	0.06544	0.01460	0.05572	0.10204	0.38911	0.04005	0.17351	0.01783	0.03223	0.01847	0.01086	0.01416	0.00870	0.00535	0.00609	0.00180	0.02771	0.00528	0.00292	0.00814
30	0.00836	0.00580	0.00768	0.02584	0.00944	0.00576	0.00586	0.00942	0.01096	0.05079	0.02929	0.59866	0.06429	0.08780	0.00974	0.00257	0.04378	0.01402	0.00502	0.00491
31	0.01368	0.05180	0.01417	0.05842	0.01589	0.03681	0.03099	0.13467	0.01446	0.02081	0.01214	0.04825	0.01026	0.00564	0.00478	0.00123	0.00512	0.00459	0.05656	0.45972
32	0.00991	0.04821	0.01036	0.00872	0.01106	0.00806	0.02379	0.01424	0.13232	0.03196	0.18026	0.14766	0.18517	0.01159	0.00636	0.00188	0.00388	0.07153	0.00523	0.08783
33	0.01436	0.01103	0.01216	0.01091	0.01370	0.02813	0.00856	0.09062	0.39489	0.08572	0.10741	0.09322	0.02289	0.00946	0.00649	0.00197	0.02497	0.04977	0.00575	0.00802
34	0.01709	0.01239	0.01338	0.01128	0.01464	0.04031	0.00895	0.30497	0.17348	0.10890	0.03625	0.13926	0.03522	0.00919	0.00603	0.00186	0.00522	0.02635	0.00566	0.02957
35	0.01211	0.00989	0.01165	0.00851	0.01332	0.00750	0.00676	0.01456	0.01198	0.04558	0.01171	0.05214	0.01018	0.00504	0.00445	0.00096	0.00421	0.00413	0.00362	0.76171
36	0.00780	0.00556	0.00710	0.00785	0.00862	0.00526	0.00545	0.00964	0.03877	0.02865	0.13942	0.54411	0.08794	0.05009	0.00806	0.00234	0.00341	0.02951	0.00542	0.00498
37	0.03861	0.01151	0.07270	0.01077	0.01508	0.00914	0.05879	0.07284	0.01409	0.20229	0.03439	0.12480	0.01521	0.02123	0.00589	0.00163	0.00511	0.00644	0.00470	0.27478
38	0.01815	0.01076	0.01328	0.01032	0.01441	0.01002	0.02826	0.16867	0.04192	0.27244	0.01757	0.07004	0.01355	0.02748	0.00602	0.00165	0.00493	0.00583	0.04123	0.22347

[dist]
# distance from previous block
# <min> <max>
0	2

[block]
# block no. 4 follows, 41 sequences, length 12
# corresponding to MSA columns:
# 325-336
name=unknown_E
#
# <colnr> <probs for GDERKNQSTAVLIFYWHMCP>
#	G	D	E	R	K	N	Q	S	T	A	V	L	I	F	Y	W	H	M	C	P
0	0.01470	0.01068	0.01416	0.01053	0.01520	0.00907	0.07596	0.04623	0.06027	0.14921	0.06002	0.01610	0.01292	0.00557	0.00505	0.00127	0.00485	0.00481	0.00440	0.47903
1	0.01439	0.01060	0.01420	0.09194	0.15572	0.01116	0.01050	0.06603	0.20945	0.12753	0.11204	0.05371	0.06012	0.00838	0.00605	0.00187	0.00508	0.02815	0.00510	0.00797
2	0.00722	0.00514	0.00658	0.00757	0.00795	0.00483	0.00497	0.00814	0.01081	0.01438	0.05820	0.61296	0.06565	0.14424	0.01080	0.00281	0.00364	0.01457	0.00505	0.00449
3	0.01340	0.01064	0.01224	0.00901	0.01381	0.00884	0.00723	0.08919	0.04218	0.04756	0.01180	0.01305	0.00938	0.00483	0.00449	0.00103	0.00442	0.00384	0.03519	0.65785
4	0.18769	0.01272	0.03781	0.01186	0.05656	0.06222	0.00920	0.17395	0.02983	0.15409	0.11937	0.04850	0.01737	0.00778	0.00587	0.00181	0.02860	0.02207	0.00501	0.00770
5	0.07324	0.00849	0.03654	0.00857	0.01093	0.02738	0.00672	0.01407	0.02627	0.13320	0.12816	0.30642	0.06762	0.01159	0.00612	0.00188	0.00400	0.01004	0.02905	0.08972
6	0.06835	0.14585	0.16778	0.01564	0.09794	0.15841	0.06162	0.06988	0.02593	0.04371	0.03052	0.01286	0.00941	0.00563	0.00508	0.00157	0.00729	0.00438	0.00328	0.06484
7	0.01078	0.00938	0.04878	0.01077	0.03397	0.00883	0.00875	0.08804	0.12733	0.01999	0.08144	0.16100	0.11358	0.01272	0.00686	0.00218	0.00470	0.23919	0.00527	0.00643
8	0.10689	0.08056	0.45701	0.01493	0.04292	0.09128	0.01649	0.09178	0.01372	0.02005	0.01006	0.01161	0.00745	0.00556	0.00510	0.00172	0.00775	0.00408	0.00294	0.00808
9	0.00898	0.00613	0.00765	0.00823	0.00919	0.00594	0.00580	0.05389	0.03025	0.04357	0.04813	0.56707	0.07028	0.04427	0.00776	0.00231	0.00366	0.03497	0.03663	0.00527
10	0.03618	0.35748	0.09958	0.01339	0.04825	0.04123	0.08501	0.10556	0.05170	0.04367	0.01123	0.01264	0.00898	0.00660	0.02707	0.00174	0.00688	0.00433	0.03064	0.00783
11	0.01121	0.04772	0.01151	0.05113	0.01206	0.00844	0.04613	0.01299	0.14049	0.01330	0.01230	0.01745	0.01095	0.01539	0.01673	0.55413	0.00534	0.00524	0.00310	0.00439

[dist]
# distance from previous block
# <min> <max>
1	10

[block]
# block no. 5 follows, 41 sequences, length 13
# corresponding to MSA columns:
# 347-359
name=unknown_F
#
# <colnr> <probs for GDERKNQSTAVLIFYWHMCP>
#	G	D	E	R	K	N	Q	S	T	A	V	L	I	F	Y	W	H	M	C	P
0	0.01774	0.07305	0.01518	0.01108	0.01470	0.01339	0.00911	0.24475	0.10732	0.17025	0.09172	0.01879	0.01589	0.02957	0.00728	0.00182	0.06884	0.00572	0.00528	0.07851
1	0.00713	0.00521	0.00672	0.00772	0.00836	0.00480	0.00533	0.00840	0.01179	0.01563	0.11006	0.61314	0.12013	0.01683	0.00720	0.00223	0.00326	0.03587	0.00541	0.00476
2	0.01252	0.01055	0.01221	0.00878	0.01383	0.00830	0.00705	0.06281	0.01286	0.01979	0.01040	0.01199	0.00856	0.00441	0.00433	0.00090	0.00437	0.00351	0.00354	0.77928
3	0.01528	0.08532	0.01496	0.01152	0.01504	0.01518	0.00925	0.14590	0.53150	0.02492	0.05391	0.01994	0.01692	0.00753	0.00565	0.00183	0.00488	0.00611	0.00552	0.00884
4	0.00774	0.00549	0.00710	0.00770	0.00815	0.00553	0.00522	0.00871	0.00992	0.01334	0.02473	0.33877	0.05038	0.27720	0.16515	0.00472	0.00648	0.04501	0.00427	0.00439
5	0.01549	0.39773	0.15214	0.01402	0.08558	0.09188	0.01253	0.06344	0.01343	0.03815	0.03503	0.01207	0.00942	0.00568	0.00508	0.00150	0.03209	0.00403	0.00300	0.00774
6	0.01425	0.42214	0.31569	0.01233	0.01844	0.01753	0.01402	0.01799	0.01203	0.06526	0.01007	0.01144	0.00799	0.00655	0.03085	0.00176	0.00726	0.00380	0.00276	0.00786
7	0.00723	0.00528	0.00663	0.00738	0.00806	0.00487	0.00501	0.00845	0.01179	0.01564	0.14265	0.50644	0.14319	0.08837	0.00915	0.00248	0.00337	0.01404	0.00529	0.00468
8	0.01456	0.01457	0.04908	0.06659	0.56626	0.04512	0.01624	0.05315	0.08179	0.01958	0.01193	0.01462	0.00966	0.00550	0.00565	0.00173	0.00681	0.00513	0.00322	0.00884
9	0.14052	0.06682	0.24198	0.01793	0.18616	0.03934	0.04407	0.06763	0.01346	0.04460	0.04172	0.01529	0.01072	0.00602	0.00526	0.00174	0.00675	0.02570	0.01635	0.00795
10	0.00967	0.00690	0.00838	0.00792	0.00860	0.00749	0.00539	0.07670	0.01026	0.01403	0.01658	0.03063	0.01768	0.50934	0.21313	0.00600	0.03584	0.00736	0.00354	0.00455
11	0.00896	0.00667	0.00880	0.00977	0.03803	0.00648	0.00736	0.04584	0.01383	0.01839	0.17127	0.23739	0.11697	0.01457	0.00722	0.00224	0.00413	0.27123	0.00541	0.00544
12	0.01595	0.13400	0.09961	0.01930	0.23310	0.19058	0.01341	0.03989	0.04421	0.05127	0.01243	0.03804	0.01076	0.00659	0.00582	0.00169	0.03265	0.03953	0.00334	0.00783

[dist]
# distance from previous block
# <min> <max>
0	7

[block]
# block no. 6 follows, 41 sequences, length 9
# corresponding to MSA columns:
# 367-375
name=unknown_G
#
# <colnr> <probs for GDERKNQSTAVLIFYWHMCP>
#	G	D	E	R	K	N	Q	S	T	A	V	L	I	F	Y	W	H	M	C	P
0	0.10788	0.10263	0.28440	0.04254	0.18596	0.10432	0.05936	0.01820	0.01253	0.01804	0.00978	0.01201	0.00765	0.00532	0.00514	0.00169	0.00765	0.00428	0.00273	0.00789
1	0.03547	0.18159	0.28108	0.03153	0.05832	0.19984	0.01409	0.01829	0.01299	0.01625	0.01124	0.01281	0.03647	0.00569	0.00495	0.00155	0.00773	0.00414	0.00278	0.06320
2	0.01704	0.04228	0.07528	0.07614	0.01861	0.12753	0.03832	0.31887	0.04303	0.02462	0.07468	0.01621	0.01296	0.00768	0.00676	0.05775	0.00676	0.00531	0.02238	0.00777
3	0.00969	0.00500	0.00734	0.00741	0.00742	0.00499	0.00490	0.00753	0.00768	0.01023	0.01148	0.05712	0.01196	0.06572	0.02201	0.74356	0.00492	0.00572	0.00268	0.00265
4	0.01397	0.01228	0.06481	0.12136	0.01867	0.03776	0.04743	0.09212	0.19568	0.09066	0.13124	0.02478	0.03536	0.00947	0.03482	0.00216	0.00603	0.04889	0.00491	0.00760
5	0.01534	0.01462	0.11141	0.01182	0.01578	0.03587	0.01038	0.32955	0.06817	0.02526	0.01742	0.18681	0.01607	0.00987	0.02637	0.00199	0.00597	0.00739	0.00484	0.08507
6	0.00847	0.00613	0.00726	0.00757	0.00916	0.00556	0.00581	0.01053	0.03266	0.05424	0.08341	0.21671	0.37607	0.01477	0.00700	0.00213	0.00354	0.13826	0.00546	0.00526
7	0.01540	0.01489	0.08285	0.05287	0.56271	0.03444	0.01651	0.04282	0.01377	0.09120	0.01189	0.01441	0.00933	0.00542	0.00564	0.00172	0.00685	0.00505	0.00330	0.00895
8	0.06954	0.04551	0.17219	0.07371	0.19132	0.07953	0.05362	0.07381	0.01391	0.09419	0.01230	0.04355	0.00978	0.00628	0.00599	0.00178	0.03628	0.00518	0.00350	0.00805

[dist]
# distance from previous block
# <min> <max>
0	3

[block]
# block no. 7 follows, 41 sequences, length 11
# corresponding to MSA columns:
# 379-389
name=unknown_H
#
# <colnr> <probs for GDERKNQSTAVLIFYWHMCP>
#	G	D	E	R	K	N	Q	S	T	A	V	L	I	F	Y	W	H	M	C	P
0	0.01378	0.05560	0.01305	0.01065	0.01354	0.05111	0.05220	0.01930	0.18770	0.13749	0.07640	0.03451	0.13973	0.03008	0.00689	0.00205	0.00507	0.13845	0.00528	0.00710
1	0.01854	0.01401	0.01551	0.05487	0.01754	0.01500	0.01008	0.54392	0.02278	0.03075	0.01601	0.04357	0.04961	0.00725	0.00564	0.00165	0.00582	0.00567	0.00520	0.11660
2	0.07237	0.01015	0.01280	0.01004	0.01422	0.00937	0.00822	0.06539	0.06370	0.57082	0.04213	0.01982	0.03092	0.00720	0.00562	0.00175	0.00477	0.00579	0.00652	0.03841
3	0.01223	0.02351	0.52354	0.06159	0.09684	0.01265	0.03630	0.01823	0.04080	0.04974	0.01350	0.01636	0.03178	0.00620	0.00566	0.00184	0.00769	0.03030	0.00299	0.00823
4	0.01732	0.04870	0.01600	0.06989	0.08008	0.04475	0.01067	0.24510	0.21397	0.10274	0.03633	0.01740	0.01327	0.00884	0.04715	0.00217	0.00636	0.00559	0.00503	0.00865
5	0.00879	0.00809	0.06861	0.00783	0.01001	0.00624	0.00657	0.03133	0.01367	0.04536	0.19636	0.12921	0.33901	0.05623	0.00793	0.00216	0.00379	0.04805	0.00526	0.00549
6	0.00721	0.00515	0.00692	0.00825	0.00869	0.00486	0.00574	0.00839	0.01119	0.01488	0.03139	0.71531	0.03729	0.01769	0.00737	0.00236	0.00353	0.09377	0.00530	0.00471
7	0.04228	0.01167	0.01998	0.15471	0.18551	0.01201	0.18578	0.03451	0.03165	0.01833	0.03812	0.06154	0.01428	0.00739	0.00651	0.00191	0.02927	0.08399	0.00350	0.05706
8	0.01440	0.03659	0.12945	0.16789	0.27180	0.11563	0.05933	0.01801	0.01320	0.05805	0.01253	0.01639	0.02316	0.00603	0.00569	0.00177	0.00759	0.03155	0.00309	0.00783
9	0.05899	0.13144	0.12732	0.07561	0.16402	0.09318	0.01290	0.02029	0.05860	0.15514	0.04002	0.01501	0.01119	0.00602	0.00524	0.00167	0.00660	0.00481	0.00383	0.00810
10	0.02569	0.01081	0.02950	0.10193	0.03756	0.04206	0.14079	0.05872	0.05738	0.03808	0.02150	0.22318	0.06762	0.01010	0.00679	0.00200	0.03473	0.03489	0.05016	0.00653

[dist]
# distance from previous block
# <min> <max>
0	31

[block]
# block no. 8 follows, 41 sequences, length 18
# corresponding to MSA columns:
# 424-441
name=unknown_I
#
# <colnr> <probs for GDERKNQSTAVLIFYWHMCP>
#	G	D	E	R	K	N	Q	S	T	A	V	L	I	F	Y	W	H	M	C	P
0	0.03764	0.15821	0.01772	0.08182	0.04937	0.09666	0.06238	0.10535	0.03109	0.01873	0.02853	0.05512	0.09244	0.00754	0.00542	0.00163	0.00615	0.03830	0.00380	0.10211
1	0.04006	0.11737	0.06618	0.01302	0.01725	0.07995	0.11938	0.22312	0.03842	0.04723	0.01948	0.04407	0.11943	0.02233	0.00612	0.00180	0.00650	0.00634	0.00429	0.00766
2	0.01566	0.04526	0.02965	0.02983	0.01461	0.03789	0.00880	0.18807	0.11627	0.12465	0.04020	0.14522	0.01792	0.03036	0.02463	0.00205	0.00544	0.02955	0.00512	0.08882
3	0.01729	0.02785	0.01508	0.03258	0.01643	0.17746	0.03071	0.24193	0.11701	0.05660	0.03702	0.02113	0.07845	0.00792	0.00620	0.00176	0.03084	0.04252	0.00476	0.03648
4	0.01154	0.06508	0.01146	0.00956	0.01133	0.05599	0.00725	0.10636	0.07949	0.01806	0.07044	0.23817	0.05718	0.10892	0.08756	0.00312	0.03866	0.00925	0.00456	0.00603
5	0.07206	0.08636	0.05309	0.05087	0.10630	0.10673	0.04036	0.07064	0.07114	0.05929	0.03449	0.10581	0.01463	0.04367	0.05774	0.00242	0.00693	0.00639	0.00392	0.00717
6	0.17297	0.01468	0.05195	0.01935	0.20655	0.06541	0.12754	0.09264	0.03574	0.04312	0.04596	0.01460	0.01070	0.00617	0.00647	0.00182	0.06777	0.00514	0.00361	0.00781
7	0.04965	0.02912	0.01319	0.01281	0.09915	0.03027	0.00900	0.14480	0.15991	0.08291	0.11001	0.02600	0.11406	0.01019	0.03239	0.03092	0.00527	0.02771	0.00508	0.00756
8	0.04159	0.01373	0.04549	0.11181	0.03923	0.05415	0.21456	0.13211	0.04039	0.02036	0.03057	0.10833	0.01325	0.00739	0.00661	0.00185	0.04351	0.00677	0.00379	0.06451
9	0.27416	0.01193	0.01571	0.29313	0.10032	0.01366	0.04867	0.11546	0.03899	0.02194	0.01054	0.01327	0.00800	0.00571	0.00508	0.00182	0.00634	0.00460	0.00345	0.00720
10	0.01191	0.01112	0.01701	0.26938	0.29793	0.03901	0.01389	0.01560	0.04629	0.01705	0.04675	0.10920	0.01578	0.00794	0.00606	0.00191	0.00641	0.05611	0.00348	0.00717
11	0.01338	0.10511	0.06921	0.31383	0.28092	0.07244	0.03298	0.01685	0.01245	0.01614	0.01005	0.01360	0.00806	0.00539	0.00543	0.00172	0.00747	0.00473	0.00266	0.00758
12	0.00982	0.00758	0.00979	0.05865	0.04690	0.00753	0.00730	0.03355	0.03928	0.05024	0.20466	0.16482	0.21420	0.01196	0.00715	0.00194	0.04371	0.03054	0.00512	0.04526
13	0.01360	0.15174	0.21634	0.03267	0.08273	0.04865	0.05728	0.06243	0.01353	0.05014	0.06618	0.02008	0.02682	0.04401	0.00720	0.00195	0.03929	0.05442	0.00349	0.00745
14	0.06745	0.04985	0.10465	0.01962	0.21250	0.41729	0.01357	0.02036	0.01435	0.01638	0.00942	0.01142	0.00772	0.00556	0.00517	0.00158	0.00868	0.00406	0.00287	0.00747
15	0.02056	0.01758	0.10366	0.01352	0.01855	0.01723	0.01205	0.66073	0.02519	0.03399	0.01333	0.01354	0.00944	0.00670	0.00569	0.00173	0.00654	0.00504	0.00534	0.00958
16	0.01214	0.00944	0.09658	0.00950	0.01218	0.00710	0.00849	0.01504	0.01472	0.16827	0.33218	0.07383	0.03498	0.03142	0.00722	0.00208	0.00439	0.14824	0.00569	0.00650
17	0.00829	0.00558	0.00640	0.00635	0.00650	0.00553	0.00369	0.00860	0.00922	0.01245	0.10338	0.03804	0.02461	0.70845	0.02654	0.00511	0.00522	0.00855	0.00379	0.00369

[dist]
# distance from previous block
# <min> <max>
2	4

[block]
# block no. 9 follows, 41 sequences, length 32
# corresponding to MSA columns:
# 446,448-478
name=unknown_J
#
# <colnr> <probs for GDERKNQSTAVLIFYWHMCP>
#	G	D	E	R	K	N	Q	S	T	A	V	L	I	F	Y	W	H	M	C	P
0	0.46966	0.01393	0.08861	0.07904	0.03650	0.01376	0.02977	0.15311	0.01365	0.04053	0.00994	0.01143	0.00739	0.00567	0.00452	0.00178	0.00567	0.00397	0.00378	0.00729
1	0.01582	0.11841	0.01593	0.05843	0.03406	0.28335	0.00990	0.09638	0.07237	0.01727	0.01520	0.10791	0.03335	0.01138	0.08307	0.00243	0.00811	0.00607	0.00374	0.00685
2	0.01101	0.01202	0.13585	0.01049	0.01376	0.00932	0.05546	0.09335	0.07998	0.03197	0.15700	0.06797	0.17459	0.11080	0.00921	0.00234	0.00511	0.00850	0.00474	0.00652
3	0.00857	0.00599	0.00759	0.00711	0.00866	0.00543	0.00536	0.01107	0.01575	0.05010	0.63198	0.04360	0.15346	0.01192	0.00671	0.00182	0.00281	0.01042	0.00619	0.00548
4	0.48999	0.01119	0.01271	0.14415	0.13593	0.01251	0.00986	0.01761	0.01118	0.09325	0.01017	0.01205	0.00765	0.00551	0.00446	0.00178	0.00539	0.00401	0.00359	0.00701
5	0.83938	0.01106	0.00841	0.00752	0.01106	0.01283	0.00619	0.01681	0.00973	0.02566	0.00796	0.00929	0.00619	0.00531	0.00354	0.00177	0.00442	0.00310	0.00354	0.00619
6	0.83938	0.01106	0.00841	0.00752	0.01106	0.01283	0.00619	0.01681	0.00973	0.02566	0.00796	0.00929	0.00619	0.00531	0.00354	0.00177	0.00442	0.00310	0.00354	0.00619
7	0.01587	0.01273	0.01321	0.01166	0.01504	0.04387	0.00912	0.04956	0.62959	0.09872	0.02237	0.02051	0.01652	0.00759	0.00578	0.00190	0.00484	0.00625	0.00583	0.00904
8	0.01744	0.13826	0.12190	0.01376	0.04244	0.24463	0.01186	0.16006	0.09085	0.03643	0.02877	0.03216	0.01088	0.00706	0.01766	0.00174	0.00758	0.00481	0.00384	0.00788
9	0.09692	0.04750	0.01147	0.00995	0.03226	0.09246	0.00749	0.08574	0.04792	0.10367	0.14371	0.14806	0.13003	0.01016	0.00592	0.00183	0.00477	0.00841	0.00509	0.00666
10	0.01127	0.00734	0.00905	0.00837	0.01035	0.00716	0.00634	0.01588	0.14035	0.12210	0.39219	0.13806	0.08573	0.01142	0.00653	0.00190	0.00340	0.00997	0.00613	0.00647
11	0.00697	0.00498	0.00664	0.00796	0.00830	0.00465	0.00531	0.00796	0.01095	0.01460	0.03153	0.79525	0.03783	0.01792	0.00730	0.00232	0.00332	0.01626	0.00531	0.00465
12	0.01978	0.17372	0.01924	0.01501	0.06150	0.58750	0.01120	0.02144	0.01515	0.01418	0.00879	0.01033	0.00746	0.00566	0.00490	0.00144	0.00931	0.00365	0.00285	0.00691
13	0.02389	0.00934	0.01271	0.00988	0.01399	0.00810	0.00810	0.02616	0.01635	0.69231	0.09685	0.02181	0.01817	0.00754	0.00585	0.00177	0.00465	0.00621	0.00700	0.00930
14	0.00735	0.00530	0.00689	0.00803	0.00853	0.00500	0.00542	0.02741	0.01144	0.01520	0.03195	0.74968	0.06144	0.01751	0.00724	0.00229	0.00338	0.01583	0.00532	0.00479
