[name]
unknown

[dist]
# distance from previous block
# <min> <max>
3	50

[block]
# block no. 0 follows, 48 sequences, length 36
# corresponding to MSA columns:
# 54-89
name=unknown_A
#
# <colnr> <probs for GDERKNQSTAVLIFYWHMCP>
#	G	D	E	R	K	N	Q	S	T	A	V	L	I	F	Y	W	H	M	C	P
0	0.02754	0.02747	0.01303	0.03473	0.01385	0.10634	0.00861	0.23663	0.04585	0.11658	0.07880	0.03001	0.04927	0.02210	0.00721	0.00169	0.12441	0.00534	0.01601	0.03454
1	0.05630	0.01228	0.01340	0.01075	0.01396	0.07534	0.03282	0.29223	0.03928	0.07018	0.02486	0.04511	0.01040	0.01904	0.03672	0.00181	0.08861	0.00481	0.00406	0.14802
2	0.01300	0.01042	0.01403	0.02642	0.01331	0.01329	0.00983	0.08267	0.02532	0.11398	0.04710	0.03120	0.01089	0.03555	0.02691	0.00224	0.50915	0.00517	0.00334	0.00618
3	0.05925	0.03730	0.04230	0.01029	0.01422	0.01022	0.04910	0.17545	0.03140	0.43737	0.01696	0.05319	0.01193	0.00648	0.00508	0.00159	0.00489	0.00531	0.01960	0.00807
4	0.01015	0.04860	0.05476	0.01079	0.01271	0.07148	0.09965	0.03559	0.04106	0.01431	0.04157	0.22543	0.07008	0.10299	0.00982	0.00220	0.13186	0.00805	0.00354	0.00537
5	0.01296	0.62684	0.14755	0.01006	0.01499	0.01801	0.03469	0.01541	0.01056	0.01312	0.00767	0.00895	0.00666	0.00443	0.00366	0.00118	0.00583	0.00303	0.00225	0.05213
6	0.02151	0.01017	0.01247	0.00972	0.01353	0.03101	0.00796	0.17943	0.01645	0.58030	0.01858	0.04837	0.01256	0.00667	0.00520	0.00159	0.00471	0.00538	0.00593	0.00847
7	0.04062	0.02464	0.01245	0.04735	0.01367	0.00900	0.07265	0.10042	0.04658	0.25604	0.07873	0.12346	0.01753	0.06999	0.03143	0.00215	0.02373	0.01814	0.00474	0.00668
8	0.00805	0.00658	0.00902	0.00872	0.00914	0.00790	0.00657	0.00916	0.00842	0.01195	0.01654	0.18107	0.03978	0.17186	0.28111	0.00474	0.20415	0.00760	0.00316	0.00447
9	0.00639	0.00506	0.00577	0.00605	0.00734	0.00444	0.00445	0.00781	0.01168	0.01475	0.15416	0.22987	0.46199	0.01341	0.00623	0.00183	0.00276	0.04673	0.00489	0.00439
10	0.01016	0.00943	0.01567	0.40893	0.22211	0.01056	0.04117	0.02764	0.01090	0.01455	0.01335	0.13334	0.03276	0.00688	0.00559	0.00173	0.01996	0.00628	0.00285	0.00616
11	0.00985	0.00928	0.01568	0.76565	0.07577	0.01144	0.01433	0.01325	0.01034	0.01331	0.00915	0.01363	0.00691	0.00510	0.00513	0.00170	0.00680	0.00456	0.00229	0.00583
12	0.02302	0.00873	0.01191	0.00913	0.01310	0.00754	0.00754	0.02501	0.01469	0.79122	0.02024	0.01746	0.01270	0.00635	0.00516	0.00159	0.00437	0.00516	0.00635	0.00873
13	0.02062	0.00820	0.01114	0.00872	0.01227	0.00713	0.00713	0.02267	0.01466	0.67360	0.13696	0.02065	0.01815	0.00698	0.00530	0.00159	0.00407	0.00579	0.00624	0.00814
14	0.03923	0.23452	0.46359	0.01335	0.05963	0.01395	0.01479	0.01548	0.01065	0.01527	0.02355	0.02970	0.00802	0.00523	0.00487	0.00151	0.03331	0.00390	0.00236	0.00708
15	0.00672	0.00489	0.00605	0.00653	0.00746	0.00441	0.00460	0.00805	0.01135	0.02948	0.18642	0.44349	0.23384	0.01396	0.00630	0.00189	0.00279	0.01236	0.00497	0.00443
16	0.02268	0.00928	0.01225	0.00939	0.01337	0.00836	0.00776	0.09759	0.01560	0.71734	0.01947	0.01696	0.01231	0.00633	0.00516	0.00158	0.00449	0.00511	0.00623	0.00873
17	0.05302	0.71494	0.09295	0.00919	0.01381	0.01916	0.00952	0.01543	0.01038	0.01295	0.00732	0.00846	0.00653	0.00445	0.00343	0.00117	0.00560	0.00284	0.00224	0.00662
18	0.05241	0.01057	0.01629	0.15105	0.39660	0.01115	0.01270	0.09059	0.01249	0.04295	0.01262	0.05631	0.01127	0.00723	0.02719	0.00185	0.00595	0.07046	0.00322	0.00710
19	0.01888	0.01391	0.01495	0.01159	0.01551	0.01536	0.00952	0.73466	0.02345	0.03143	0.01307	0.05013	0.00991	0.00663	0.00520	0.00157	0.00552	0.00509	0.00512	0.00851
20	0.02284	0.00903	0.01209	0.00927	0.01325	0.00798	0.00766	0.06445	0.01519	0.75107	0.01982	0.01719	0.01249	0.00634	0.00516	0.00159	0.00443	0.00513	0.00629	0.00873
21	0.85592	0.00992	0.00754	0.00675	0.00992	0.01151	0.00556	0.01508	0.00873	0.02302	0.00714	0.00834	0.00556	0.00476	0.00318	0.00159	0.00397	0.00278	0.00318	0.00556
22	0.00763	0.00561	0.00705	0.00720	0.00740	0.00606	0.00488	0.00827	0.00868	0.01198	0.03338	0.28946	0.02292	0.38371	0.01671	0.00340	0.10411	0.03379	0.03384	0.00391
23	0.01405	0.01149	0.01220	0.01062	0.01374	0.01313	0.00836	0.14310	0.64303	0.04106	0.01953	0.01804	0.01451	0.00682	0.00521	0.00171	0.00432	0.00560	0.00523	0.00823
24	0.02058	0.01211	0.01390	0.01068	0.01467	0.01262	0.00881	0.48220	0.02039	0.30921	0.01531	0.01434	0.01027	0.00623	0.00511	0.00155	0.00511	0.00482	0.02345	0.00864
25	0.01064	0.00912	0.01064	0.00760	0.01216	0.00684	0.00608	0.01292	0.01064	0.01672	0.00912	0.01064	0.00760	0.00380	0.00380	0.00076	0.00380	0.00304	0.00304	0.85104
26	0.01123	0.01123	0.01572	0.01347	0.01347	0.01572	0.01123	0.01235	0.00786	0.01235	0.00674	0.01123	0.00674	0.00898	0.01684	0.00225	0.81028	0.00449	0.00225	0.00561
27	0.01064	0.00912	0.01064	0.00760	0.01216	0.00684	0.00608	0.01292	0.01064	0.01672	0.00912	0.01064	0.00760	0.00380	0.00380	0.00076	0.00380	0.00304	0.00304	0.85104
28	0.01917	0.02445	0.01454	0.01322	0.01586	0.79907	0.00991	0.02049	0.01454	0.01256	0.00793	0.00925	0.00661	0.00529	0.00463	0.00132	0.00925	0.00330	0.00264	0.00595
29	0.00922	0.00594	0.00689	0.00645	0.00707	0.00604	0.00411	0.06764	0.00944	0.05416	0.04390	0.03048	0.01832	0.63941	0.06638	0.00459	0.00540	0.00707	0.00351	0.00399
30	0.81637	0.00987	0.00775	0.00686	0.01007	0.01132	0.00565	0.01555	0.00901	0.05949	0.00777	0.00877	0.00590	0.00484	0.00327	0.00159	0.00399	0.00289	0.00333	0.00571
31	0.00956	0.00478	0.00478	0.00478	0.00598	0.00478	0.00359	0.01196	0.01076	0.01913	0.01674	0.01913	0.01315	0.00598	0.00359	0.00120	0.00239	0.00478	0.84816	0.00478
32	0.00711	0.00517	0.00670	0.00647	0.00761	0.00475	0.00480	0.00934	0.01394	0.01956	0.68008	0.11598	0.07694	0.01115	0.00610	0.00167	0.00248	0.00987	0.00552	0.00475
33	0.00611	0.00520	0.00526	0.00524	0.00696	0.00435	0.00393	0.00745	0.01180	0.01411	0.07862	0.04898	0.75879	0.01290	0.00606	0.00173	0.00259	0.01077	0.00480	0.00435
34	0.01988	0.00897	0.03499	0.00906	0.01269	0.00768	0.00758	0.02288	0.06790	0.61482	0.10322	0.03526	0.01702	0.00699	0.00528	0.00161	0.00420	0.00580	0.00604	0.00814
35	0.01216	0.01028	0.01343	0.26476	0.02020	0.01231	0.01042	0.09599	0.26643	0.04199	0.07188	0.01698	0.01326	0.00683	0.00688	0.00177	0.11834	0.00534	0.00392	0.00683

[dist]
# distance from previous block
# <min> <max>
1	10

[block]
# block no. 1 follows, 48 sequences, length 25
# corresponding to MSA columns:
# 100-124
name=unknown_B
#
# <colnr> <probs for GDERKNQSTAVLIFYWHMCP>
#	G	D	E	R	K	N	Q	S	T	A	V	L	I	F	Y	W	H	M	C	P
0	0.01224	0.12714	0.07170	0.11509	0.22642	0.07007	0.01151	0.01583	0.09682	0.02932	0.02519	0.03075	0.00998	0.02393	0.00706	0.07459	0.03826	0.00466	0.00289	0.00656
1	0.00721	0.00524	0.00678	0.00640	0.00763	0.00482	0.00480	0.00958	0.01439	0.02027	0.75120	0.03884	0.08237	0.01061	0.00605	0.00162	0.00243	0.00935	0.00561	0.00482
2	0.01334	0.00671	0.00889	0.00757	0.00986	0.00607	0.00595	0.01593	0.03536	0.31060	0.47641	0.02996	0.03408	0.00884	0.00569	0.00161	0.00320	0.00763	0.00590	0.00639
3	0.85592	0.00992	0.00754	0.00675	0.00992	0.01151	0.00556	0.01508	0.00873	0.02302	0.00714	0.00834	0.00556	0.00476	0.00318	0.00159	0.00397	0.00278	0.00318	0.00556
4	0.01035	0.02610	0.76667	0.01487	0.02237	0.01195	0.04493	0.01626	0.01088	0.01626	0.00925	0.01094	0.00654	0.00486	0.00492	0.00163	0.00762	0.00387	0.00218	0.00756
5	0.81387	0.00986	0.00776	0.00687	0.01008	0.01131	0.00566	0.01558	0.00903	0.06181	0.00781	0.00880	0.00592	0.00484	0.00328	0.00159	0.00399	0.00290	0.00334	0.00572
6	0.00738	0.00530	0.00723	0.00723	0.00779	0.00586	0.00514	0.00851	0.00794	0.01116	0.01468	0.02531	0.01507	0.33868	0.50220	0.00699	0.01037	0.00625	0.00289	0.00402
7	0.00625	0.00447	0.00595	0.00714	0.00744	0.00417	0.00476	0.00714	0.00982	0.01310	0.02828	0.81633	0.03394	0.01608	0.00655	0.00208	0.00298	0.01459	0.00476	0.00417
8	0.00746	0.00568	0.00849	0.00842	0.00930	0.00672	0.00657	0.00927	0.00823	0.01193	0.01352	0.01987	0.01263	0.03752	0.77384	0.00805	0.03971	0.00546	0.00273	0.00461
9	0.08840	0.00899	0.01167	0.00902	0.01293	0.00810	0.00745	0.04649	0.01450	0.70816	0.01898	0.01659	0.01202	0.00622	0.00500	0.00159	0.00437	0.00496	0.00606	0.00848
10	0.01187	0.01554	0.13222	0.02069	0.02620	0.01283	0.66879	0.01641	0.01194	0.01641	0.01022	0.01344	0.00761	0.00440	0.00590	0.00172	0.00851	0.00575	0.00254	0.00701
11	0.85592	0.00992	0.00754	0.00675	0.00992	0.01151	0.00556	0.01508	0.00873	0.02302	0.00714	0.00834	0.00556	0.00476	0.00318	0.00159	0.00397	0.00278	0.00318	0.00556
12	0.01276	0.01102	0.01160	0.01044	0.01334	0.01276	0.00812	0.02727	0.77840	0.02146	0.02088	0.01914	0.01566	0.00696	0.00522	0.00174	0.00406	0.00580	0.00522	0.00812
13	0.01157	0.01070	0.03777	0.07584	0.43254	0.01005	0.01205	0.01475	0.03880	0.04761	0.04227	0.01829	0.10597	0.00592	0.00508	0.00148	0.00519	0.00536	0.00321	0.11554
14	0.01165	0.00809	0.00909	0.00708	0.01038	0.00705	0.00562	0.08914	0.01220	0.05033	0.01260	0.01410	0.00989	0.00491	0.00391	0.00103	0.00351	0.00390	0.30380	0.43173
15	0.02302	0.00873	0.01191	0.00913	0.01310	0.00754	0.00754	0.02501	0.01469	0.79122	0.02024	0.01746	0.01270	0.00635	0.00516	0.00159	0.00437	0.00516	0.00635	0.00873
16	0.01029	0.02654	0.79309	0.01462	0.02221	0.01192	0.01896	0.01625	0.01083	0.01625	0.00921	0.01083	0.00650	0.00487	0.00487	0.00162	0.00758	0.00379	0.00217	0.00758
17	0.02649	0.00533	0.00686	0.00690	0.00805	0.00492	0.00501	0.00998	0.01238	0.08338	0.36203	0.34852	0.07584	0.01238	0.00611	0.00181	0.00285	0.01099	0.00526	0.00489
18	0.01026	0.01083	0.02243	0.01698	0.02060	0.01016	0.52079	0.01351	0.01142	0.01541	0.01617	0.25494	0.01617	0.00809	0.00623	0.00185	0.00685	0.02796	0.00330	0.00604
19	0.02302	0.00873	0.01191	0.00913	0.01310	0.00754	0.00754	0.02501	0.01469	0.79122	0.02024	0.01746	0.01270	0.00635	0.00516	0.00159	0.00437	0.00516	0.00635	0.00873
20	0.01012	0.00588	0.00777	0.00694	0.00865	0.00533	0.00533	0.01246	0.01455	0.16025	0.64636	0.03455	0.04194	0.00974	0.00589	0.00161	0.00277	0.00853	0.00578	0.00555
21	0.01077	0.05628	0.62968	0.01508	0.02202	0.01243	0.11300	0.01674	0.04633	0.01635	0.00981	0.01149	0.00709	0.00488	0.00498	0.00162	0.00747	0.00413	0.00236	0.00748
22	0.01796	0.01187	0.14177	0.04272	0.03061	0.00893	0.02439	0.06731	0.01400	0.46078	0.01793	0.02065	0.01306	0.00692	0.00536	0.00169	0.00523	0.09584	0.00508	0.00789
23	0.05015	0.00877	0.01177	0.00905	0.01299	0.00767	0.00748	0.02468	0.01449	0.76619	0.01982	0.01717	0.01247	0.00630	0.00510	0.00159	0.00435	0.00508	0.00625	0.00863
24	0.77938	0.00987	0.00801	0.04205	0.01109	0.01145	0.00599	0.03256	0.00921	0.02271	0.00758	0.00892	0.00586	0.00484	0.00332	0.00158	0.00410	0.00295	0.02291	0.00562

[dist]
# distance from previous block
# <min> <max>
0	1

[block]
# block no. 2 follows, 48 sequences, length 29
# corresponding to MSA columns:
# 126-154
name=unknown_C
#
# <colnr> <probs for GDERKNQSTAVLIFYWHMCP>
#	G	D	E	R	K	N	Q	S	T	A	V	L	I	F	Y	W	H	M	C	P
0	0.04203	0.08984	0.59829	0.01355	0.02013	0.03714	0.03767	0.02673	0.01128	0.03517	0.03609	0.01169	0.00814	0.00508	0.00476	0.00157	0.00708	0.00395	0.00250	0.00731
1	0.02942	0.00768	0.01180	0.20282	0.06009	0.00871	0.05099	0.02096	0.00969	0.01347	0.01556	0.25268	0.01649	0.08381	0.04520	0.04361	0.09739	0.00786	0.01676	0.00501
2	0.01555	0.00781	0.00897	0.00744	0.01004	0.00775	0.00597	0.16083	0.01451	0.25607	0.01696	0.01732	0.01217	0.00613	0.00436	0.00138	0.00361	0.00487	0.43154	0.00673
3	0.01007	0.00937	0.01573	0.68337	0.12947	0.01129	0.01409	0.01341	0.01046	0.01377	0.00943	0.01373	0.00721	0.00509	0.00507	0.00167	0.00660	0.00457	0.02963	0.00598
4	0.76638	0.01030	0.00820	0.03260	0.02425	0.03750	0.00609	0.01503	0.00899	0.02194	0.00749	0.00922	0.00599	0.02451	0.00387	0.00166	0.00430	0.00300	0.00312	0.00556
5	0.08745	0.00956	0.01202	0.00929	0.01322	0.00894	0.00767	0.12116	0.01545	0.63271	0.01819	0.01608	0.01163	0.00620	0.00500	0.00158	0.00450	0.00490	0.00595	0.00848
6	0.01224	0.01054	0.01112	0.01004	0.01283	0.01208	0.00780	0.02569	0.71539	0.02101	0.04230	0.02135	0.06005	0.00739	0.00529	0.00174	0.00394	0.00617	0.00521	0.00782
7	0.02302	0.00873	0.01191	0.00913	0.01310	0.00754	0.00754	0.02501	0.01469	0.79122	0.02024	0.01746	0.01270	0.00635	0.00516	0.00159	0.00437	0.00516	0.00635	0.00873
8	0.00735	0.00543	0.00791	0.00791	0.00871	0.00623	0.00599	0.00895	0.00815	0.01166	0.01405	0.02187	0.01357	0.13803	0.70081	0.00783	0.01263	0.00575	0.00279	0.00439
9	0.00635	0.00454	0.00604	0.00708	0.00746	0.00423	0.00477	0.00739	0.01027	0.01381	0.10064	0.74192	0.03532	0.01554	0.00650	0.00204	0.00292	0.01408	0.00485	0.00423
10	0.01917	0.02445	0.01454	0.01322	0.01586	0.79907	0.00991	0.02049	0.01454	0.01256	0.00793	0.00925	0.00661	0.00529	0.00463	0.00132	0.00925	0.00330	0.00264	0.00595
11	0.00738	0.00527	0.00725	0.00843	0.00923	0.00514	0.00672	0.00910	0.01094	0.01436	0.02766	0.39191	0.03147	0.01501	0.00685	0.00224	0.00395	0.42786	0.00474	0.00448
12	0.01029	0.02654	0.79309	0.01462	0.02221	0.01192	0.01896	0.01625	0.01083	0.01625	0.00921	0.01083	0.00650	0.00487	0.00487	0.00162	0.00758	0.00379	0.00217	0.00758
13	0.01129	0.00950	0.01099	0.00791	0.01243	0.00750	0.00635	0.06831	0.01163	0.01786	0.00935	0.01076	0.00768	0.00397	0.00390	0.00082	0.00393	0.00316	0.00319	0.78946
14	0.73515	0.04353	0.00909	0.00743	0.01067	0.05442	0.00613	0.05333	0.00989	0.02249	0.00745	0.00858	0.00581	0.00485	0.00336	0.00155	0.00440	0.00290	0.00321	0.00578
15	0.01358	0.77914	0.02629	0.00903	0.01319	0.02006	0.00891	0.01520	0.01029	0.01209	0.00711	0.00839	0.00659	0.00464	0.00402	0.00116	0.04874	0.00284	0.00220	0.00653
16	0.01051	0.00584	0.00610	0.00572	0.00721	0.00606	0.00440	0.09281	0.01205	0.02015	0.01611	0.01846	0.01266	0.00774	0.04652	0.00161	0.00335	0.00480	0.71270	0.00519
17	0.00988	0.04626	0.01313	0.01097	0.01167	0.01203	0.00896	0.01123	0.00831	0.01240	0.01020	0.05743	0.01024	0.04293	0.22378	0.00380	0.45125	0.00524	0.00258	0.04769
18	0.67986	0.01017	0.00851	0.00735	0.01055	0.01159	0.00604	0.11174	0.01097	0.04425	0.00869	0.00969	0.00657	0.00505	0.00350	0.00156	0.00411	0.00319	0.05061	0.00600
19	0.01423	0.70232	0.05194	0.00950	0.01380	0.11065	0.00926	0.01599	0.01092	0.01227	0.00730	0.00844	0.00658	0.00451	0.00350	0.00114	0.00600	0.00285	0.00225	0.00655
20	0.01477	0.10455	0.03971	0.03924	0.01644	0.17276	0.07138	0.16670	0.02728	0.01699	0.00883	0.01114	0.00734	0.00652	0.00876	0.00171	0.27208	0.00422	0.00298	0.00662
21	0.01530	0.01234	0.01337	0.01207	0.05797	0.03042	0.00908	0.25520	0.46238	0.04862	0.01731	0.01641	0.01281	0.00652	0.00517	0.00165	0.00479	0.00529	0.00502	0.00828
22	0.02207	0.00931	0.01219	0.00932	0.01333	0.00833	0.00769	0.09780	0.01542	0.67860	0.01892	0.01662	0.01206	0.00621	0.00509	0.00154	0.00446	0.00500	0.00607	0.04997
23	0.00709	0.00517	0.00667	0.00643	0.00760	0.00475	0.00477	0.00930	0.01392	0.01946	0.66873	0.10669	0.09793	0.01115	0.00610	0.00166	0.00248	0.00985	0.00551	0.00475
24	0.05998	0.01300	0.01461	0.04971	0.05362	0.01425	0.00966	0.57964	0.02108	0.06765	0.05587	0.01393	0.01089	0.00622	0.00509	0.00156	0.00539	0.00481	0.00486	0.00818
25	0.02158	0.01058	0.01300	0.01001	0.01399	0.01035	0.00826	0.25973	0.04257	0.52727	0.01777	0.01590	0.01155	0.00631	0.00515	0.00158	0.00476	0.00501	0.00593	0.00871
26	0.00634	0.00454	0.00595	0.00705	0.00740	0.00424	0.00472	0.00723	0.00982	0.01302	0.02853	0.74068	0.05916	0.05209	0.00742	0.00221	0.00309	0.02767	0.00469	0.00414
27	0.00721	0.00565	0.00704	0.03333	0.02638	0.00526	0.00519	0.00961	0.03313	0.01799	0.47507	0.05703	0.27615	0.01099	0.00599	0.00167	0.00276	0.00953	0.00516	0.00486
28	0.01213	0.01418	0.06696	0.02306	0.16437	0.01278	0.59487	0.01630	0.01197	0.01649	0.01019	0.01348	0.00778	0.00440	0.00582	0.00169	0.00813	0.00567	0.00256	0.00717

[dist]
# distance from previous block
# <min> <max>
0	34

[block]
# block no. 3 follows, 48 sequences, length 40
# corresponding to MSA columns:
# 189-228
name=unknown_D
#
# <colnr> <probs for GDERKNQSTAVLIFYWHMCP>
#	G	D	E	R	K	N	Q	S	T	A	V	L	I	F	Y	W	H	M	C	P
0	0.08760	0.00926	0.01184	0.00915	0.01307	0.00850	0.00756	0.08229	0.01496	0.67230	0.01861	0.01635	0.01184	0.00621	0.00500	0.00158	0.00443	0.00493	0.00601	0.00848
1	0.78237	0.01124	0.02299	0.00734	0.01056	0.06558	0.00611	0.01548	0.00917	0.02217	0.00724	0.00845	0.00565	0.00480	0.00331	0.00157	0.00440	0.00283	0.00312	0.00562
2	0.00643	0.00516	0.00574	0.00570	0.00718	0.00447	0.00424	0.00803	0.01240	0.01579	0.26711	0.09876	0.51600	0.01247	0.00609	0.00172	0.00257	0.01063	0.00503	0.00447
3	0.05342	0.02733	0.10334	0.01304	0.08372	0.01352	0.01055	0.33100	0.19654	0.09372	0.01413	0.01400	0.01023	0.00599	0.00501	0.00159	0.00534	0.00473	0.00456	0.00823
4	0.00990	0.00933	0.01576	0.75409	0.08698	0.01145	0.01435	0.01329	0.01036	0.01336	0.00916	0.01361	0.00693	0.00509	0.00513	0.00170	0.00679	0.00456	0.00230	0.00587
5	0.00835	0.00549	0.00721	0.00664	0.00804	0.00503	0.00503	0.01074	0.01454	0.07385	0.73210	0.03689	0.04595	0.01020	0.00599	0.00161	0.00256	0.00899	0.00570	0.00511
6	0.00718	0.00524	0.00674	0.00637	0.00762	0.00481	0.00478	0.00952	0.01433	0.02012	0.73465	0.03909	0.09901	0.01066	0.00605	0.00162	0.00243	0.00939	0.00559	0.00481
7	0.00686	0.00523	0.00630	0.00603	0.00742	0.00467	0.00452	0.00890	0.01357	0.01832	0.53883	0.04204	0.29595	0.01133	0.00606	0.00165	0.00248	0.00980	0.00535	0.00467
8	0.85592	0.00992	0.00754	0.00675	0.00992	0.01151	0.00556	0.01508	0.00873	0.02302	0.00714	0.00834	0.00556	0.00476	0.00318	0.00159	0.00397	0.00278	0.00318	0.00556
9	0.00648	0.00499	0.00597	0.00656	0.00762	0.00448	0.00482	0.00781	0.01115	0.01419	0.08953	0.35675	0.34623	0.01420	0.00638	0.00194	0.00299	0.09875	0.00482	0.00435
10	0.01004	0.00958	0.01639	0.66789	0.05617	0.01124	0.07252	0.01344	0.01047	0.01373	0.00923	0.01346	0.00700	0.00496	0.00511	0.00164	0.00675	0.00457	0.00236	0.06345
11	0.01168	0.01200	0.01600	0.01365	0.01392	0.05802	0.02929	0.01289	0.00832	0.01246	0.00689	0.01118	0.00675	0.00867	0.01592	0.00218	0.74778	0.00446	0.00228	0.00566
12	0.01064	0.00912	0.01064	0.00760	0.01216	0.00684	0.00608	0.01292	0.01064	0.01672	0.00912	0.01064	0.00760	0.00380	0.00380	0.00076	0.00380	0.00304	0.00304	0.85104
13	0.00660	0.00473	0.00620	0.00727	0.00766	0.00448	0.00489	0.02717	0.01020	0.01360	0.02786	0.79524	0.03328	0.01582	0.00651	0.00207	0.00305	0.01433	0.00477	0.00429
14	0.03345	0.01286	0.02510	0.05101	0.21201	0.01253	0.46725	0.01677	0.06442	0.01691	0.01077	0.01370	0.00832	0.00459	0.00560	0.00165	0.00741	0.00547	0.00278	0.02742
15	0.01123	0.01123	0.01572	0.01347	0.01347	0.01572	0.01123	0.01235	0.00786	0.01235	0.00674	0.01123	0.00674	0.00898	0.01684	0.00225	0.81028	0.00449	0.00225	0.00561
16	0.00673	0.00503	0.00669	0.00751	0.00777	0.00513	0.00514	0.00757	0.00948	0.01279	0.02564	0.69148	0.03061	0.07932	0.00890	0.00233	0.06600	0.01323	0.00444	0.00420
17	0.01063	0.00982	0.01588	0.66670	0.03207	0.01209	0.03734	0.07215	0.01123	0.01466	0.00925	0.01341	0.00701	0.00545	0.00596	0.00173	0.06153	0.00461	0.00251	0.00597
18	0.82287	0.01010	0.00785	0.00695	0.01016	0.01168	0.00572	0.04493	0.00934	0.02339	0.00735	0.00849	0.00568	0.00482	0.00325	0.00159	0.00404	0.00285	0.00325	0.00568
19	0.01538	0.01582	0.01793	0.04622	0.38540	0.24381	0.02615	0.09473	0.01364	0.03626	0.00953	0.01174	0.00774	0.00523	0.00558	0.00151	0.04882	0.00424	0.00291	0.00734
20	0.02283	0.00904	0.01210	0.00928	0.01325	0.00800	0.00766	0.06570	0.01520	0.74979	0.01981	0.01718	0.01248	0.00634	0.00516	0.00159	0.00444	0.00513	0.00628	0.00873
21	0.00628	0.00518	0.00552	0.00550	0.00708	0.00442	0.00410	0.00777	0.01212	0.01502	0.18071	0.07773	0.62548	0.01267	0.00608	0.00173	0.00258	0.01070	0.00492	0.00442
22	0.01228	0.01263	0.07145	0.32736	0.10031	0.06275	0.13658	0.01542	0.01103	0.07468	0.00985	0.01309	0.00752	0.00556	0.00683	0.00173	0.11705	0.00471	0.00268	0.00650
23	0.01935	0.01133	0.10479	0.00988	0.01401	0.00904	0.00889	0.11642	0.04072	0.51309	0.01924	0.03247	0.04235	0.02711	0.00571	0.00169	0.00482	0.00540	0.00549	0.00818
24	0.00648	0.00460	0.00607	0.00716	0.00749	0.00435	0.00485	0.00740	0.00975	0.01298	0.02718	0.70080	0.03235	0.08421	0.00825	0.00235	0.00326	0.06174	0.00462	0.00411
25	0.00995	0.00951	0.01610	0.70770	0.04788	0.01177	0.04361	0.01324	0.01020	0.01326	0.00902	0.01350	0.00689	0.00535	0.00596	0.00174	0.06163	0.00461	0.00229	0.00579
26	0.10107	0.01432	0.01533	0.01195	0.01583	0.08190	0.06095	0.51560	0.02003	0.08037	0.01174	0.01210	0.00841	0.00589	0.00518	0.00156	0.02074	0.00446	0.00458	0.00800
27	0.06813	0.01920	0.41956	0.01524	0.02075	0.01185	0.21212	0.01521	0.01072	0.01621	0.01067	0.07421	0.00893	0.00591	0.00612	0.00173	0.06882	0.00521	0.00256	0.00686
28	0.81442	0.00998	0.00793	0.03139	0.01081	0.01159	0.00590	0.02907	0.00907	0.02289	0.00730	0.00857	0.00566	0.00480	0.00327	0.00159	0.00409	0.00287	0.00318	0.00562
29	0.00758	0.00519	0.00634	0.00659	0.00781	0.00463	0.00481	0.00900	0.01166	0.06771	0.16263	0.33927	0.29206	0.01335	0.00623	0.00186	0.00292	0.04068	0.00502	0.00467
30	0.01148	0.01350	0.09176	0.04813	0.07501	0.01178	0.44640	0.01610	0.06416	0.01643	0.01167	0.05614	0.00955	0.00527	0.00582	0.00165	0.02266	0.00583	0.00287	0.08378
31	0.00726	0.00524	0.00686	0.00646	0.00767	0.00484	0.00484	0.00968	0.01452	0.02058	0.78496	0.03833	0.04841	0.01049	0.00605	0.00161	0.00242	0.00928	0.00565	0.00484
32	0.01380	0.56950	0.14370	0.01039	0.01492	0.10318	0.01058	0.03031	0.01111	0.01317	0.00763	0.00893	0.00662	0.00475	0.00418	0.00125	0.03394	0.00306	0.00230	0.00668
33	0.00723	0.00522	0.00683	0.00648	0.00766	0.00482	0.00484	0.00960	0.01438	0.02035	0.76168	0.06226	0.04797	0.01066	0.00607	0.00163	0.00244	0.00944	0.00562	0.00482
34	0.00647	0.00466	0.00610	0.00690	0.00743	0.00433	0.00471	0.00767	0.01079	0.01457	0.18097	0.61424	0.06596	0.03104	0.00682	0.00203	0.00289	0.01323	0.00491	0.00429
35	0.77110	0.01119	0.06882	0.00742	0.01095	0.01145	0.00665	0.01540	0.00903	0.03998	0.00760	0.00874	0.00579	0.00481	0.00335	0.00159	0.00426	0.00291	0.00317	0.00579
36	0.01074	0.05572	0.65100	0.01619	0.08178	0.01234	0.06940	0.01619	0.01097	0.01614	0.00924	0.01108	0.00672	0.00479	0.00491	0.00160	0.00746	0.00397	0.00223	0.00754
37	0.01372	0.66383	0.06497	0.00975	0.01385	0.07256	0.00958	0.01552	0.01053	0.01234	0.00726	0.00867	0.00659	0.00483	0.00452	0.00123	0.06853	0.00297	0.00223	0.00652
38	0.07360	0.00560	0.00677	0.00740	0.00826	0.00559	0.00521	0.00997	0.06309	0.03909	0.04408	0.56803	0.02898	0.06474	0.00740	0.00219	0.00337	0.04732	0.00464	0.00467
39	0.01157	0.07597	0.05620	0.03965	0.07442	0.04716	0.36140	0.01533	0.04977	0.01545	0.01423	0.07011	0.06308	0.00623	0.00621	0.00167	0.05461	0.00615	0.00295	0.02783

[dist]
# distance from previous block
# <min> <max>
1	5

[block]
# block no. 4 follows, 48 sequences, length 78
# corresponding to MSA columns:
# 234-311
name=unknown_E
#
# <colnr> <probs for GDERKNQSTAVLIFYWHMCP>
#	G	D	E	R	K	N	Q	S	T	A	V	L	I	F	Y	W	H	M	C	P
0	0.04594	0.00770	0.00953	0.00893	0.03342	0.00768	0.04245	0.06926	0.13004	0.05354	0.14734	0.18401	0.20037	0.01025	0.00571	0.00173	0.00365	0.00890	0.00480	0.02472
1	0.00703	0.00531	0.00611	0.00618	0.00726	0.00494	0.00440	0.02479	0.01105	0.01424	0.14167	0.14214	0.32721	0.19690	0.03957	0.00276	0.00374	0.04604	0.00445	0.00423
2	0.01073	0.02370	0.63159	0.01710	0.10019	0.01206	0.10058	0.01622	0.01106	0.01632	0.00938	0.01135	0.00681	0.00478	0.00502	0.00163	0.00755	0.00412	0.00225	0.00757
3	0.03003	0.19870	0.58618	0.01368	0.04267	0.01374	0.01635	0.01602	0.01072	0.01551	0.00872	0.01027	0.00655	0.00476	0.00450	0.00151	0.00700	0.00356	0.00221	0.00734
4	0.02202	0.00849	0.01154	0.00892	0.01271	0.00736	0.00734	0.02404	0.01461	0.74039	0.05667	0.01849	0.01441	0.00654	0.00517	0.00158	0.00424	0.00535	0.02164	0.00847
5	0.00806	0.00685	0.01064	0.21770	0.01644	0.00727	0.06849	0.01057	0.04693	0.01395	0.06039	0.38552	0.04594	0.06830	0.00742	0.00211	0.00460	0.00997	0.00389	0.00494
6	0.02977	0.01180	0.01980	0.11238	0.67734	0.01210	0.01523	0.01568	0.02629	0.01660	0.00976	0.01284	0.00808	0.00468	0.00505	0.00155	0.00609	0.00456	0.00258	0.00782
7	0.01920	0.01317	0.04289	0.01104	0.01516	0.01341	0.00934	0.51955	0.05158	0.19130	0.01422	0.01371	0.00982	0.00612	0.00507	0.00153	0.00527	0.00471	0.02083	0.03209
8	0.00956	0.00478	0.00478	0.00478	0.00598	0.00478	0.00359	0.01196	0.01076	0.01913	0.01674	0.01913	0.01315	0.00598	0.00359	0.00120	0.00239	0.00478	0.84816	0.00478
9	0.00704	0.00568	0.00903	0.02569	0.01029	0.00538	0.09547	0.00838	0.01006	0.01343	0.02553	0.68959	0.02998	0.02960	0.00683	0.00209	0.00377	0.01323	0.00442	0.00451
10	0.00713	0.00581	0.02853	0.00728	0.00822	0.00521	0.00530	0.02086	0.05248	0.01458	0.10128	0.51361	0.11264	0.06775	0.00762	0.00216	0.00328	0.02700	0.00469	0.00457
11	0.00721	0.00524	0.00678	0.00640	0.00763	0.00482	0.00480	0.00957	0.01439	0.02026	0.74998	0.03886	0.08359	0.01061	0.00605	0.00162	0.00243	0.00935	0.00561	0.00482
12	0.01917	0.02445	0.01454	0.01322	0.01586	0.79907	0.00991	0.02049	0.01454	0.01256	0.00793	0.00925	0.00661	0.00529	0.00463	0.00132	0.00925	0.00330	0.00264	0.00595
13	0.02221	0.00853	0.01162	0.00903	0.01282	0.00738	0.00741	0.02414	0.01445	0.75344	0.02063	0.05625	0.01373	0.00682	0.00523	0.00161	0.00430	0.00562	0.00627	0.00851
14	0.01064	0.00912	0.01064	0.00760	0.01216	0.00684	0.00608	0.01292	0.01064	0.01672	0.00912	0.01064	0.00760	0.00380	0.00380	0.00076	0.00380	0.00304	0.00304	0.85104
15	0.00627	0.00449	0.00593	0.00707	0.00739	0.00419	0.00471	0.00716	0.00981	0.01304	0.02853	0.78185	0.05022	0.03398	0.00698	0.00214	0.00301	0.01434	0.00473	0.00415
16	0.00627	0.00477	0.00577	0.00644	0.00729	0.00428	0.00448	0.00742	0.01083	0.01396	0.09748	0.49716	0.28615	0.01459	0.00635	0.00193	0.00281	0.01290	0.00484	0.00428
17	0.00839	0.00640	0.00898	0.00856	0.00937	0.00777	0.00676	0.01021	0.00882	0.01349	0.04193	0.01906	0.01312	0.02685	0.49953	0.00577	0.15509	0.00534	0.13974	0.00481
18	0.04062	0.00929	0.01535	0.74352	0.06805	0.01144	0.01400	0.01330	0.01027	0.01363	0.00907	0.01344	0.00685	0.00509	0.00506	0.00170	0.00670	0.00450	0.00232	0.00580
19	0.02240	0.00896	0.01196	0.00925	0.01316	0.00798	0.00761	0.03922	0.05642	0.73499	0.02013	0.01746	0.01279	0.00638	0.00516	0.00160	0.00437	0.00518	0.00627	0.00870
20	0.02025	0.00891	0.01126	0.00892	0.01244	0.02163	0.00726	0.05464	0.06696	0.59318	0.05595	0.01835	0.01437	0.00653	0.00507	0.00156	0.00423	0.00531	0.07504	0.00813
21	0.01391	0.01045	0.01159	0.00950	0.01189	0.04428	0.04323	0.33968	0.01587	0.02196	0.01366	0.01863	0.01178	0.19346	0.02968	0.00245	0.02794	0.00533	0.16845	0.00628
22	0.09842	0.01116	0.03930	0.45233	0.02805	0.02979	0.15923	0.01414	0.01033	0.01478	0.00890	0.01273	0.00686	0.00532	0.00626	0.00174	0.08764	0.00461	0.00244	0.00597
23	0.00716	0.00522	0.00674	0.00649	0.00769	0.00480	0.00487	0.00943	0.01403	0.01962	0.67826	0.07675	0.09693	0.01103	0.00611	0.00167	0.00252	0.03039	0.00552	0.00477
24	0.01064	0.00912	0.01064	0.00760	0.01216	0.00684	0.00608	0.01292	0.01064	0.01672	0.00912	0.01064	0.00760	0.00380	0.00380	0.00076	0.00380	0.00304	0.00304	0.85104
25	0.00743	0.00509	0.00617	0.00617	0.00637	0.00529	0.00383	0.00783	0.00763	0.01037	0.01564	0.03067	0.01739	0.65013	0.19393	0.00568	0.00688	0.00704	0.00303	0.00343
26	0.01951	0.01437	0.01540	0.01181	0.01591	0.01591	0.00975	0.77056	0.02412	0.03234	0.01232	0.01232	0.00873	0.00616	0.00513	0.00154	0.00565	0.00462	0.00513	0.00873
27	0.00712	0.00519	0.00670	0.00642	0.00761	0.00477	0.00478	0.00938	0.01406	0.01969	0.69215	0.08663	0.09431	0.01099	0.00608	0.00165	0.00247	0.00970	0.00554	0.00477
28	0.00651	0.00471	0.00615	0.00723	0.00762	0.00450	0.00485	0.00788	0.03774	0.01334	0.02776	0.77076	0.03295	0.03274	0.00691	0.00213	0.00306	0.01412	0.00474	0.00429
29	0.01270	0.01219	0.02083	0.03149	0.78767	0.01219	0.01575	0.01575	0.01168	0.01676	0.00965	0.01270	0.00813	0.00457	0.00508	0.00152	0.00610	0.00457	0.00254	0.00813
30	0.00733	0.00550	0.00825	0.00825	0.00916	0.00641	0.00641	0.00916	0.00825	0.01191	0.01374	0.02016	0.01283	0.03848	0.79934	0.00825	0.01374	0.00550	0.00275	0.00458
31	0.02302	0.00873	0.01191	0.00913	0.01310	0.00754	0.00754	0.02501	0.01469	0.79122	0.02024	0.01746	0.01270	0.00635	0.00516	0.00159	0.00437	0.00516	0.00635	0.00873
32	0.00827	0.00591	0.00827	0.00945	0.01063	0.00591	0.00827	0.01063	0.01181	0.01536	0.02717	0.05788	0.02953	0.01417	0.00709	0.00236	0.00472	0.75313	0.00472	0.00472
33	0.01276	0.01102	0.01160	0.01044	0.01334	0.01276	0.00812	0.02727	0.77840	0.02146	0.02088	0.01914	0.01566	0.00696	0.00522	0.00174	0.00406	0.00580	0.00522	0.00812
34	0.00843	0.00504	0.00675	0.00737	0.00817	0.00463	0.00512	0.00953	0.01064	0.11273	0.05955	0.68117	0.03184	0.01460	0.00635	0.00200	0.00313	0.01316	0.00500	0.00478
35	0.01372	0.82276	0.02689	0.00878	0.01317	0.02030	0.00878	0.01536	0.01043	0.01207	0.00713	0.00823	0.00658	0.00439	0.00329	0.00110	0.00549	0.00274	0.00219	0.00658
36	0.85592	0.00992	0.00754	0.00675	0.00992	0.01151	0.00556	0.01508	0.00873	0.02302	0.00714	0.00834	0.00556	0.00476	0.00318	0.00159	0.00397	0.00278	0.00318	0.00556
37	0.01270	0.01219	0.02083	0.03149	0.78767	0.01219	0.01575	0.01575	0.01168	0.01676	0.00965	0.01270	0.00813	0.00457	0.00508	0.00152	0.00610	0.00457	0.00254	0.00813
38	0.00624	0.00535	0.00537	0.00534	0.00710	0.00455	0.00401	0.00788	0.03177	0.01406	0.05117	0.04859	0.76543	0.01284	0.00604	0.00173	0.00264	0.01070	0.00478	0.00443
39	0.02284	0.00902	0.01209	0.00927	0.01324	0.00797	0.00766	0.06349	0.01517	0.75205	0.01983	0.01720	0.01250	0.00634	0.00516	0.00159	0.00443	0.00513	0.00629	0.00873
40	0.02124	0.00887	0.01158	0.00908	0.01280	0.00808	0.00743	0.04298	0.08584	0.65840	0.01991	0.01758	0.01290	0.00638	0.00508	0.00158	0.00426	0.00519	0.05234	0.00846
41	0.01849	0.01461	0.01468	0.01161	0.01540	0.08199	0.00947	0.62859	0.06350	0.02918	0.01388	0.01443	0.03237	0.00649	0.00516	0.00155	0.00576	0.01970	0.00491	0.00825
42	0.01807	0.01364	0.01480	0.04147	0.01623	0.01524	0.00966	0.62399	0.14347	0.02989	0.01356	0.01345	0.00976	0.00625	0.00515	0.00158	0.00544	0.00481	0.00504	0.00852
43	0.85592	0.00992	0.00754	0.00675	0.00992	0.01151	0.00556	0.01508	0.00873	0.02302	0.00714	0.00834	0.00556	0.00476	0.00318	0.00159	0.00397	0.00278	0.00318	0.00556
44	0.01130	0.03529	0.01605	0.01333	0.01346	0.01585	0.01115	0.01244	0.00793	0.01234	0.00675	0.01114	0.00673	0.00884	0.01644	0.00221	0.78642	0.00444	0.00224	0.00564
45	0.02261	0.00939	0.01231	0.00944	0.01343	0.00852	0.00780	0.11195	0.01579	0.70272	0.01932	0.01686	0.01224	0.00633	0.00516	0.00158	0.00452	0.00510	0.00621	0.00873
46	0.01961	0.01198	0.01369	0.01064	0.01446	0.01260	0.00872	0.46950	0.05275	0.26062	0.04403	0.01521	0.01172	0.00665	0.00548	0.01840	0.00505	0.00501	0.00547	0.00843
47	0.00891	0.00446	0.00668	0.00668	0.00668	0.00446	0.00446	0.00668	0.00668	0.00891	0.00891	0.01560	0.00891	0.01783	0.02005	0.85071	0.00446	0.00446	0.00223	0.00223
48	0.00642	0.00521	0.00569	0.00557	0.00715	0.00448	0.00418	0.00805	0.01253	0.01585	0.26933	0.04610	0.56699	0.01225	0.00606	0.00170	0.00255	0.01037	0.00503	0.00448
49	0.01951	0.01437	0.01540	0.01181	0.01591	0.01591	0.00975	0.77056	0.02412	0.03234	0.01232	0.01232	0.00873	0.00616	0.00513	0.00154	0.00565	0.00462	0.00513	0.00873
50	0.12625	0.01380	0.01440	0.01116	0.01515	0.01535	0.00922	0.67414	0.02216	0.03115	0.01166	0.01181	0.00832	0.00598	0.00488	0.00155	0.00543	0.00438	0.00488	0.00832
51	0.01276	0.01215	0.01891	0.12731	0.57443	0.04167	0.01447	0.05196	0.04499	0.01717	0.02846	0.01356	0.00921	0.00499	0.00510	0.00155	0.00611	0.00469	0.00282	0.00769
52	0.01132	0.01088	0.11135	0.01487	0.17554	0.00895	0.05860	0.05711	0.05254	0.08978	0.03381	0.26776	0.01901	0.00931	0.00574	0.00180	0.00501	0.05604	0.00404	0.00655
53	0.01951	0.01437	0.01540	0.01181	0.01591	0.01591	0.00975	0.77056	0.02412	0.03234	0.01232	0.01232	0.00873	0.00616	0.00513	0.00154	0.00565	0.00462	0.00513	0.00873
54	0.00969	0.00912	0.01539	0.80734	0.03534	0.01140	0.01425	0.01311	0.01026	0.01311	0.00912	0.01368	0.00684	0.00513	0.00513	0.00171	0.00684	0.00456	0.00228	0.00570
55	0.20247	0.03129	0.01397	0.05009	0.04830	0.19426	0.06694	0.07582	0.17384	0.01876	0.01197	0.01303	0.02305	0.00625	0.01742	0.00169	0.03636	0.00434	0.00348	0.00663
56	0.00974	0.00919	0.01565	0.72765	0.06145	0.01121	0.03501	0.01308	0.01035	0.01334	0.00988	0.04328	0.00791	0.00549	0.00521	0.00172	0.00672	0.00497	0.00239	0.00577
57	0.00726	0.00524	0.00686	0.00646	0.00767	0.00484	0.00484	0.00968	0.01452	0.02058	0.78496	0.03833	0.04841	0.01049	0.00605	0.00161	0.00242	0.00928	0.00565	0.00484
58	0.00738	0.00494	0.00562	0.00570	0.00572	0.00492	0.00322	0.00744	0.00762	0.01016	0.01696	0.08482	0.01965	0.76707	0.02484	0.00479	0.00484	0.00793	0.00322	0.00318
59	0.01155	0.08266	0.66039	0.01395	0.02097	0.01222	0.03509	0.01685	0.01113	0.07456	0.00992	0.01122	0.00701	0.00494	0.00481	0.00159	0.00721	0.00387	0.00250	0.00758
60	0.00705	0.00518	0.00674	0.00775	0.00838	0.00509	0.00555	0.00920	0.06838	0.01408	0.02755	0.63971	0.03188	0.01509	0.00653	0.00210	0.00333	0.12707	0.00479	0.00455
61	0.00969	0.00912	0.01539	0.80734	0.03534	0.01140	0.01425	0.01311	0.01026	0.01311	0.00912	0.01368	0.00684	0.00513	0.00513	0.00171	0.00684	0.00456	0.00228	0.00570
62	0.80436	0.00996	0.00788	0.00695	0.01017	0.01143	0.00572	0.02997	0.00928	0.05598	0.00780	0.00880	0.00592	0.00486	0.00330	0.00159	0.00402	0.00292	0.00335	0.00575
63	0.03909	0.00915	0.01512	0.77952	0.03446	0.01140	0.01395	0.01318	0.01021	0.01345	0.00905	0.01349	0.00680	0.00512	0.00506	0.00171	0.00674	0.00450	0.00231	0.00569
64	0.01951	0.01437	0.01540	0.01181	0.01591	0.01591	0.00975	0.77056	0.02412	0.03234	0.01232	0.01232	0.00873	0.00616	0.00513	0.00154	0.00565	0.00462	0.00513	0.00873
65	0.01383	0.80676	0.02664	0.00887	0.01322	0.03592	0.00880	0.01547	0.01051	0.01208	0.00715	0.00825	0.00659	0.00441	0.00332	0.00110	0.00556	0.00275	0.00220	0.00657
66	0.02302	0.00873	0.01191	0.00913	0.01310	0.00754	0.00754	0.02501	0.01469	0.79122	0.02024	0.01746	0.01270	0.00635	0.00516	0.00159	0.00437	0.00516	0.00635	0.00873
67	0.00667	0.00522	0.00604	0.00584	0.00731	0.00459	0.00438	0.00855	0.01314	0.01728	0.42537	0.04375	0.41006	0.01172	0.00606	0.00167	0.00251	0.01004	0.00521	0.00459
68	0.00633	0.00521	0.00557	0.00548	0.00709	0.00444	0.00411	0.00788	0.01232	0.01535	0.21400	0.04694	0.62263	0.01244	0.00606	0.00171	0.00256	0.01049	0.00496	0.00444
69	0.00726	0.00524	0.00686	0.00646	0.00767	0.00484	0.00484	0.00968	0.01452	0.02058	0.78496	0.03833	0.04841	0.01049	0.00605	0.00161	0.00242	0.00928	0.00565	0.00484
70	0.85592	0.00992	0.00754	0.00675	0.00992	0.01151	0.00556	0.01508	0.00873	0.02302	0.00714	0.00834	0.00556	0.00476	0.00318	0.00159	0.00397	0.00278	0.00318	0.00556
71	0.85592	0.00992	0.00754	0.00675	0.00992	0.01151	0.00556	0.01508	0.00873	0.02302	0.00714	0.00834	0.00556	0.00476	0.00318	0.00159	0.00397	0.00278	0.00318	0.00556
72	0.01917	0.02445	0.01454	0.01322	0.01586	0.79907	0.00991	0.02049	0.01454	0.01256	0.00793	0.00925	0.00661	0.00529	0.00463	0.00132	0.00925	0.00330	0.00264	0.00595
73	0.01276	0.01102	0.01160	0.01044	0.01334	0.01276	0.00812	0.02727	0.77840	0.02146	0.02088	0.01914	0.01566	0.00696	0.00522	0.00174	0.00406	0.00580	0.00522	0.00812
74	0.00754	0.00530	0.00696	0.00660	0.00783	0.00490	0.00498	0.00991	0.01434	0.03372	0.73300	0.05776	0.04694	0.01065	0.00608	0.00164	0.00253	0.02882	0.00561	0.00489
75	0.00969	0.00912	0.01539	0.80734	0.03534	0.01140	0.01425	0.01311	0.01026	0.01311	0.00912	0.01368	0.00684	0.00513	0.00513	0.00171	0.00684	0.00456	0.00228	0.00570
76	0.01038	0.01018	0.01697	0.43898	0.12823	0.04033	0.12858	0.01340	0.01070	0.01391	0.01145	0.08690	0.01023	0.05031	0.00652	0.00189	0.00666	0.00581	0.00265	0.00594
77	0.01372	0.82276	0.02689	0.00878	0.01317	0.02030	0.00878	0.01536	0.01043	0.01207	0.00713	0.00823	0.00658	0.00439	0.00329	0.00110	0.00549	0.00274	0.00219	0.00658

[dist]
# distance from previous block
# <min> <max>
0	11

[block]
# block no. 5 follows, 48 sequences, length 9
# corresponding to MSA columns:
# 323-331
name=unknown_F
#
# <colnr> <probs for GDERKNQSTAVLIFYWHMCP>
#	G	D	E	R	K	N	Q	S	T	A	V	L	I	F	Y	W	H	M	C	P
0	0.01707	0.33202	0.01930	0.01151	0.01482	0.49903	0.00948	0.01851	0.01296	0.01237	0.00762	0.00886	0.00660	0.00494	0.00411	0.00124	0.00780	0.00309	0.00247	0.00619
1	0.01064	0.00912	0.01064	0.00760	0.01216	0.00684	0.00608	0.01292	0.01064	0.01672	0.00912	0.01064	0.00760	0.00380	0.00380	0.00076	0.00380	0.00304	0.00304	0.85104
2	0.00996	0.00960	0.01657	0.70562	0.03356	0.01174	0.07296	0.01333	0.01028	0.01333	0.00910	0.01357	0.00691	0.00526	0.00580	0.00174	0.04792	0.00467	0.00230	0.00579
3	0.00625	0.00447	0.00595	0.00714	0.00744	0.00417	0.00476	0.00714	0.00982	0.01310	0.02828	0.81633	0.03394	0.01608	0.00655	0.00208	0.00298	0.01459	0.00476	0.00417
4	0.01276	0.01102	0.01160	0.01044	0.01334	0.01276	0.00812	0.02727	0.77840	0.02146	0.02088	0.01914	0.01566	0.00696	0.00522	0.00174	0.00406	0.00580	0.00522	0.00812
5	0.01931	0.00871	0.01127	0.00897	0.01251	0.00799	0.00728	0.02320	0.12705	0.56343	0.10183	0.01967	0.01676	0.00678	0.00521	0.00158	0.00409	0.00561	0.00597	0.04277
6	0.00969	0.00912	0.01539	0.80734	0.03534	0.01140	0.01425	0.01311	0.01026	0.01311	0.00912	0.01368	0.00684	0.00513	0.00513	0.00171	0.00684	0.00456	0.00228	0.00570
7	0.01158	0.01199	0.01754	0.06086	0.01658	0.04730	0.10954	0.01326	0.00882	0.01293	0.00740	0.01163	0.00687	0.00800	0.01426	0.00211	0.62658	0.00465	0.00231	0.00580
8	0.58173	0.05101	0.08644	0.00814	0.01164	0.01112	0.03790	0.01446	0.00985	0.02100	0.08926	0.01324	0.03578	0.00560	0.00386	0.00158	0.00438	0.00394	0.00331	0.00575

[dist]
# distance from previous block
# <min> <max>
0	1

[block]
# block no. 6 follows, 48 sequences, length 94
# corresponding to MSA columns:
# 333-426
name=unknown_G
#
# <colnr> <probs for GDERKNQSTAVLIFYWHMCP>
#	G	D	E	R	K	N	Q	S	T	A	V	L	I	F	Y	W	H	M	C	P
0	0.68468	0.01040	0.01056	0.01035	0.08938	0.01165	0.05535	0.01542	0.00936	0.03919	0.00789	0.00938	0.00614	0.00482	0.00382	0.00160	0.01765	0.00325	0.00313	0.00598
1	0.72106	0.03662	0.02592	0.00750	0.01078	0.01214	0.00636	0.05054	0.04094	0.02268	0.00798	0.00907	0.00619	0.00499	0.00365	0.00159	0.01978	0.00304	0.00328	0.00589
2	0.01114	0.01110	0.01555	0.01336	0.01338	0.01551	0.01112	0.01228	0.00787	0.01234	0.00689	0.01142	0.00687	0.00962	0.03385	0.00238	0.79297	0.00451	0.00226	0.00559
3	0.00801	0.00598	0.00753	0.00785	0.00903	0.00595	0.00601	0.03161	0.09006	0.01715	0.24458	0.29047	0.06445	0.01273	0.00633	0.00195	0.00338	0.17686	0.00506	0.00502
4	0.01064	0.00912	0.01064	0.00760	0.01216	0.00684	0.00608	0.01292	0.01064	0.01672	0.00912	0.01064	0.00760	0.00380	0.00380	0.00076	0.00380	0.00304	0.00304	0.85104
5	0.00836	0.00648	0.00890	0.09390	0.01211	0.00653	0.02886	0.01167	0.07410	0.03263	0.36047	0.08788	0.11759	0.01056	0.00606	0.00179	0.00364	0.11838	0.00488	0.00521
6	0.00969	0.00912	0.01539	0.80734	0.03534	0.01140	0.01425	0.01311	0.01026	0.01311	0.00912	0.01368	0.00684	0.00513	0.00513	0.00171	0.00684	0.00456	0.00228	0.00570
7	0.00628	0.00521	0.00551	0.00555	0.00717	0.00444	0.00420	0.00773	0.01194	0.01460	0.12593	0.06812	0.65959	0.01286	0.00612	0.00176	0.00268	0.04106	0.00485	0.00440
8	0.00726	0.00524	0.00686	0.00646	0.00767	0.00484	0.00484	0.00968	0.01452	0.02058	0.78496	0.03833	0.04841	0.01049	0.00605	0.00161	0.00242	0.00928	0.00565	0.00484
9	0.00793	0.00566	0.00786	0.00898	0.01003	0.00560	0.00760	0.01007	0.01164	0.01525	0.06048	0.16948	0.03101	0.01430	0.00696	0.00229	0.00436	0.61109	0.00477	0.00465
10	0.01840	0.01382	0.01478	0.01158	0.01549	0.01540	0.00949	0.64909	0.14739	0.03056	0.01372	0.01343	0.00986	0.00629	0.00515	0.00157	0.00539	0.00481	0.00515	0.00863
11	0.01155	0.01258	0.02604	0.21546	0.07558	0.01254	0.53721	0.01558	0.01163	0.01564	0.01003	0.01373	0.00757	0.00454	0.00577	0.00171	0.00805	0.00560	0.00251	0.00669
12	0.01521	0.01170	0.01246	0.01046	0.01369	0.01316	0.00834	0.29789	0.42421	0.04269	0.01741	0.01661	0.01286	0.00658	0.00506	0.00162	0.00451	0.00527	0.07219	0.00809
13	0.00643	0.00454	0.00602	0.00716	0.00751	0.00427	0.00485	0.00739	0.00988	0.01325	0.02776	0.75310	0.03303	0.03194	0.00691	0.00214	0.00308	0.04508	0.02147	0.00418
14	0.01641	0.39028	0.02013	0.01101	0.01452	0.37647	0.00931	0.04903	0.04493	0.01351	0.00828	0.00932	0.00706	0.00498	0.00406	0.00125	0.00716	0.00320	0.00265	0.00644
15	0.00625	0.00447	0.00595	0.00714	0.00744	0.00417	0.00476	0.00714	0.00982	0.01310	0.02828	0.81633	0.03394	0.01608	0.00655	0.00208	0.00298	0.01459	0.00476	0.00417
16	0.01064	0.00912	0.01064	0.00760	0.01216	0.00684	0.00608	0.01292	0.01064	0.01672	0.00912	0.01064	0.00760	0.00380	0.00380	0.00076	0.00380	0.00304	0.00304	0.85104
