[name]
unknown

[dist]
# distance from previous block
# <min> <max>
23	59

[block]
# block no. 0 follows, 45 sequences, length 9
# corresponding to MSA columns:
# 70-78
name=unknown_A
#
# <colnr> <probs for GDERKNQSTAVLIFYWHMCP>
#	G	D	E	R	K	N	Q	S	T	A	V	L	I	F	Y	W	H	M	C	P
0	0.01219	0.01182	0.05302	0.25156	0.32848	0.01197	0.01379	0.09016	0.04173	0.01775	0.01428	0.03831	0.06054	0.02444	0.00594	0.00178	0.00619	0.00558	0.00317	0.00729
1	0.14650	0.01325	0.01463	0.06288	0.15937	0.09496	0.01021	0.22174	0.01549	0.07967	0.01132	0.01320	0.00877	0.03292	0.01922	0.00178	0.00606	0.00439	0.00387	0.07978
2	0.01451	0.01187	0.01547	0.07333	0.13789	0.01298	0.01079	0.21550	0.05829	0.05268	0.01196	0.04099	0.00980	0.00664	0.00746	0.00165	0.15431	0.00496	0.00381	0.15512
3	0.04942	0.01222	0.01545	0.35109	0.09911	0.08721	0.01216	0.12133	0.03368	0.10937	0.01157	0.01380	0.00850	0.00560	0.00516	0.00164	0.00648	0.00461	0.00353	0.04807
4	0.01416	0.01271	0.01268	0.03823	0.06507	0.14865	0.00884	0.17029	0.09658	0.03127	0.01554	0.07530	0.01458	0.14378	0.00965	0.00231	0.03551	0.06148	0.00404	0.03934
5	0.06741	0.06795	0.01003	0.00949	0.07023	0.00822	0.00621	0.07675	0.01123	0.01579	0.05100	0.27927	0.03647	0.25208	0.01223	0.00285	0.00449	0.00916	0.00403	0.00511
6	0.01579	0.01130	0.01286	0.01059	0.01346	0.01246	0.00847	0.36266	0.10172	0.08425	0.11343	0.07349	0.01783	0.04583	0.00758	0.00191	0.06853	0.00649	0.02376	0.00758
7	0.00919	0.00624	0.00757	0.00706	0.00881	0.00581	0.00535	0.01231	0.07442	0.08883	0.42376	0.08650	0.22100	0.01128	0.00621	0.00176	0.00294	0.00976	0.00566	0.00554
8	0.01183	0.00940	0.01386	0.46952	0.02638	0.01110	0.01173	0.07138	0.06463	0.06420	0.07325	0.01734	0.01241	0.00634	0.00576	0.00173	0.03538	0.00532	0.08204	0.00641

[dist]
# distance from previous block
# <min> <max>
3	8

[block]
# block no. 1 follows, 45 sequences, length 58
# corresponding to MSA columns:
# 87-144
name=unknown_B
#
# <colnr> <probs for GDERKNQSTAVLIFYWHMCP>
#	G	D	E	R	K	N	Q	S	T	A	V	L	I	F	Y	W	H	M	C	P
0	0.03484	0.63634	0.02487	0.00946	0.01395	0.01915	0.00906	0.08365	0.01264	0.09938	0.00946	0.01006	0.00777	0.00499	0.00383	0.00126	0.00559	0.00332	0.00307	0.00731
1	0.02002	0.01768	0.01570	0.02814	0.01691	0.23236	0.01026	0.50822	0.03861	0.04197	0.01190	0.01228	0.00871	0.00619	0.00522	0.00156	0.00692	0.00449	0.00461	0.00824
2	0.01074	0.00942	0.09319	0.00876	0.01138	0.00771	0.00761	0.01599	0.15538	0.10087	0.47205	0.03093	0.03556	0.00919	0.00594	0.00171	0.00365	0.00795	0.00551	0.00644
3	0.00760	0.00549	0.00718	0.00675	0.00802	0.00506	0.00506	0.01013	0.01519	0.02153	0.77503	0.04010	0.05065	0.01097	0.00633	0.00169	0.00253	0.00971	0.00591	0.00506
4	0.01362	0.01170	0.01257	0.01161	0.03598	0.01346	0.00879	0.05615	0.71806	0.02275	0.02117	0.01956	0.01588	0.00718	0.00545	0.00181	0.00437	0.00598	0.00538	0.00852
5	0.00660	0.00472	0.00629	0.00743	0.00780	0.00440	0.00499	0.00764	0.01058	0.01418	0.07536	0.76070	0.03643	0.01646	0.00682	0.00215	0.00308	0.01492	0.00504	0.00440
6	0.00654	0.00467	0.00623	0.00747	0.00779	0.00436	0.00498	0.00747	0.01028	0.01370	0.02959	0.80785	0.03550	0.01682	0.00685	0.00218	0.00311	0.01526	0.00498	0.00436
7	0.01435	0.81458	0.02813	0.00918	0.01378	0.02124	0.00918	0.01607	0.01091	0.01263	0.00746	0.00861	0.00689	0.00459	0.00344	0.00115	0.00574	0.00287	0.00230	0.00689
8	0.00767	0.00575	0.00863	0.00863	0.00959	0.00671	0.00671	0.00959	0.00863	0.01246	0.01438	0.02109	0.01342	0.04026	0.79008	0.00863	0.01438	0.00575	0.00288	0.00479
9	0.84927	0.01038	0.00789	0.00706	0.01038	0.01204	0.00581	0.01578	0.00914	0.02408	0.00747	0.00872	0.00581	0.00498	0.00332	0.00166	0.00415	0.00291	0.00332	0.00581
10	0.07078	0.00921	0.01220	0.00941	0.01351	0.00812	0.00777	0.02557	0.01501	0.73871	0.02040	0.01773	0.01286	0.00655	0.00528	0.00166	0.00454	0.00526	0.00646	0.00895
11	0.84927	0.01038	0.00789	0.00706	0.01038	0.01204	0.00581	0.01578	0.00914	0.02408	0.00747	0.00872	0.00581	0.00498	0.00332	0.00166	0.00415	0.00291	0.00332	0.00581
12	0.02005	0.02558	0.01521	0.01383	0.01659	0.78980	0.01037	0.02143	0.01521	0.01314	0.00830	0.00968	0.00691	0.00553	0.00484	0.00138	0.00968	0.00346	0.00277	0.00622
13	0.00760	0.00549	0.00718	0.00675	0.00802	0.00506	0.00506	0.01013	0.01519	0.02153	0.77503	0.04010	0.05065	0.01097	0.00633	0.00169	0.00253	0.00971	0.00591	0.00506
14	0.01039	0.01003	0.01765	0.72123	0.03608	0.01209	0.08891	0.01406	0.01093	0.01406	0.00967	0.01433	0.00725	0.00528	0.00546	0.00179	0.00734	0.00493	0.00242	0.00609
15	0.02041	0.01504	0.01611	0.01235	0.01665	0.01665	0.01020	0.75997	0.02524	0.03383	0.01289	0.01289	0.00913	0.00644	0.00537	0.00161	0.00591	0.00483	0.00537	0.00913
16	0.00710	0.00532	0.00658	0.00656	0.00779	0.00480	0.00481	0.00905	0.01357	0.01837	0.46192	0.18417	0.22490	0.01269	0.00643	0.00181	0.00269	0.01113	0.00551	0.00480
17	0.01027	0.00967	0.01633	0.76696	0.06745	0.01196	0.01497	0.01383	0.01079	0.01387	0.00956	0.01427	0.00721	0.00534	0.00536	0.00178	0.00712	0.00477	0.00240	0.00607
18	0.02005	0.02558	0.01521	0.01383	0.01659	0.78980	0.01037	0.02143	0.01521	0.01314	0.00830	0.00968	0.00691	0.00553	0.00484	0.00138	0.00968	0.00346	0.00277	0.00622
19	0.02408	0.00914	0.01246	0.00955	0.01370	0.00789	0.00789	0.02616	0.01536	0.78158	0.02118	0.01827	0.01329	0.00664	0.00540	0.00166	0.00457	0.00540	0.00664	0.00914
20	0.00636	0.00537	0.00551	0.00563	0.00730	0.00452	0.00416	0.00768	0.01205	0.01443	0.05209	0.12150	0.70733	0.01389	0.00639	0.00185	0.00276	0.01169	0.00498	0.00452
21	0.01085	0.01034	0.01709	0.57741	0.15766	0.01260	0.01479	0.01408	0.01068	0.01426	0.00934	0.01383	0.00737	0.00575	0.00682	0.00182	0.10174	0.00476	0.00243	0.00638
22	0.01015	0.00868	0.01194	0.05912	0.01287	0.01090	0.00877	0.06748	0.00997	0.01425	0.01322	0.10374	0.01342	0.09874	0.24146	0.00436	0.29596	0.00648	0.00311	0.00538
23	0.00666	0.00476	0.00637	0.00761	0.00797	0.00446	0.00519	0.00768	0.01039	0.01384	0.02952	0.76556	0.03524	0.01670	0.00688	0.00220	0.00322	0.05637	0.00498	0.00439
24	0.84927	0.01038	0.00789	0.00706	0.01038	0.01204	0.00581	0.01578	0.00914	0.02408	0.00747	0.00872	0.00581	0.00498	0.00332	0.00166	0.00415	0.00291	0.00332	0.00581
25	0.00779	0.00521	0.00601	0.00606	0.00616	0.00525	0.00353	0.00799	0.00803	0.01087	0.01733	0.06720	0.01974	0.71679	0.06894	0.00518	0.00557	0.00795	0.02097	0.00342
26	0.10619	0.30459	0.16371	0.01316	0.07186	0.10343	0.03389	0.11403	0.01330	0.01802	0.00896	0.01032	0.00720	0.00509	0.00437	0.00145	0.00659	0.00364	0.00290	0.00731
27	0.00642	0.00544	0.00554	0.00552	0.00730	0.00456	0.00414	0.00785	0.01241	0.01493	0.09802	0.05096	0.73179	0.01344	0.00634	0.00181	0.00271	0.01123	0.00504	0.00456
28	0.01218	0.01325	0.09055	0.20279	0.52371	0.01235	0.01615	0.01570	0.01181	0.01656	0.01095	0.01422	0.02578	0.00515	0.00533	0.00165	0.00661	0.00486	0.00261	0.00779
29	0.01449	0.72878	0.06690	0.00977	0.01443	0.06428	0.00981	0.01643	0.01117	0.01289	0.00762	0.00881	0.00689	0.00467	0.00361	0.00119	0.00608	0.00296	0.00232	0.00691
30	0.00760	0.00549	0.00718	0.00675	0.00802	0.00506	0.00506	0.01013	0.01519	0.02153	0.77503	0.04010	0.05065	0.01097	0.00633	0.00169	0.00253	0.00971	0.00591	0.00506
31	0.01250	0.01531	0.08886	0.12715	0.02749	0.05401	0.51540	0.01668	0.01218	0.01625	0.01023	0.01380	0.00777	0.00501	0.00666	0.00181	0.05358	0.00569	0.00262	0.00699
32	0.05906	0.01274	0.01424	0.01337	0.08670	0.02743	0.02448	0.22950	0.40807	0.02493	0.01696	0.01652	0.01269	0.00659	0.00528	0.00171	0.00506	0.00538	0.02090	0.00840
33	0.01113	0.00954	0.01113	0.00795	0.01272	0.00716	0.00636	0.01352	0.01113	0.01749	0.00954	0.01113	0.00795	0.00398	0.00398	0.00080	0.00398	0.00318	0.00318	0.84417
34	0.08948	0.05468	0.48939	0.01699	0.13128	0.01267	0.05887	0.01723	0.01152	0.05521	0.01005	0.01178	0.00736	0.00507	0.00498	0.00166	0.00716	0.00415	0.00266	0.00780
35	0.01435	0.81458	0.02813	0.00918	0.01378	0.02124	0.00918	0.01607	0.01091	0.01263	0.00746	0.00861	0.00689	0.00459	0.00344	0.00115	0.00574	0.00287	0.00230	0.00689
36	0.00634	0.00544	0.00544	0.00544	0.00725	0.00453	0.00408	0.00770	0.01224	0.01450	0.05438	0.05166	0.77569	0.01359	0.00634	0.00181	0.00272	0.01133	0.00498	0.00453
37	0.00710	0.00649	0.05155	0.00871	0.00972	0.00530	0.04522	0.00852	0.01046	0.01407	0.02748	0.72128	0.03245	0.01551	0.00673	0.00213	0.00370	0.01415	0.00471	0.00471
38	0.03304	0.04302	0.03146	0.01577	0.12910	0.45003	0.01102	0.08827	0.03041	0.10255	0.01069	0.01167	0.00824	0.00562	0.00497	0.00148	0.00792	0.00403	0.00346	0.00724
39	0.02408	0.00914	0.01246	0.00955	0.01370	0.00789	0.00789	0.02616	0.01536	0.78158	0.02118	0.01827	0.01329	0.00664	0.00540	0.00166	0.00457	0.00540	0.00664	0.00914
40	0.01522	0.25858	0.08672	0.03585	0.25453	0.20467	0.01282	0.04402	0.01291	0.01544	0.00891	0.01084	0.00748	0.00501	0.00462	0.00142	0.00712	0.00382	0.00263	0.00738
41	0.01025	0.00967	0.01657	0.74675	0.03593	0.01186	0.04833	0.01385	0.01083	0.01400	0.00977	0.01444	0.00734	0.00535	0.00538	0.00178	0.00714	0.00485	0.01993	0.00600
42	0.00654	0.00467	0.00623	0.00747	0.00779	0.00436	0.00498	0.00747	0.01028	0.01370	0.02959	0.80785	0.03550	0.01682	0.00685	0.00218	0.00311	0.01526	0.00498	0.00436
43	0.00679	0.00546	0.00606	0.00591	0.00753	0.00472	0.00443	0.00857	0.01329	0.01701	0.31188	0.04753	0.51662	0.01266	0.00634	0.00177	0.00265	0.01075	0.00531	0.00472
44	0.00780	0.00522	0.00591	0.00589	0.00595	0.00520	0.00333	0.00791	0.00812	0.01089	0.04947	0.03534	0.02085	0.77698	0.02642	0.00505	0.00509	0.00789	0.00337	0.00333
45	0.01113	0.00954	0.01113	0.00795	0.01272	0.00716	0.00636	0.01352	0.01113	0.01749	0.00954	0.01113	0.00795	0.00398	0.00398	0.00080	0.00398	0.00318	0.00318	0.84417
46	0.84927	0.01038	0.00789	0.00706	0.01038	0.01204	0.00581	0.01578	0.00914	0.02408	0.00747	0.00872	0.00581	0.00498	0.00332	0.00166	0.00415	0.00291	0.00332	0.00581
47	0.00760	0.00549	0.00718	0.00675	0.00802	0.00506	0.00506	0.01013	0.01519	0.02153	0.77503	0.04010	0.05065	0.01097	0.00633	0.00169	0.00253	0.00971	0.00591	0.00506
48	0.84927	0.01038	0.00789	0.00706	0.01038	0.01204	0.00581	0.01578	0.00914	0.02408	0.00747	0.00872	0.00581	0.00498	0.00332	0.00166	0.00415	0.00291	0.00332	0.00581
49	0.02389	0.00944	0.01265	0.00970	0.01386	0.00835	0.00801	0.06453	0.01588	0.74248	0.02074	0.01799	0.01307	0.00663	0.00540	0.00166	0.00464	0.00537	0.00658	0.00913
50	0.00781	0.00520	0.00585	0.00585	0.00585	0.00520	0.00325	0.00781	0.00781	0.01041	0.01691	0.03513	0.01952	0.81135	0.02732	0.00520	0.00520	0.00781	0.00325	0.00325
51	0.13272	0.00962	0.01242	0.01050	0.05329	0.00888	0.00811	0.04016	0.01459	0.62513	0.01860	0.01663	0.01196	0.00632	0.00512	0.00166	0.00464	0.00502	0.00597	0.00866
52	0.01957	0.01087	0.01310	0.00989	0.01425	0.01010	0.00811	0.22489	0.01694	0.36891	0.01575	0.01486	0.01070	0.00587	0.00501	0.00141	0.00478	0.00464	0.00536	0.23500
53	0.02342	0.00901	0.01229	0.00956	0.01359	0.00782	0.00792	0.02551	0.01523	0.74871	0.02149	0.02009	0.01404	0.00700	0.00548	0.00170	0.00458	0.03701	0.00657	0.00896
54	0.00858	0.00616	0.00855	0.00975	0.01101	0.00613	0.00851	0.01102	0.01235	0.01602	0.02919	0.06029	0.05305	0.01479	0.00738	0.00245	0.00488	0.72000	0.00494	0.00493
55	0.01405	0.61978	0.15109	0.01058	0.01551	0.06597	0.01106	0.01648	0.01118	0.01338	0.00786	0.00919	0.00688	0.00484	0.00412	0.00128	0.02431	0.00313	0.00232	0.00700
56	0.00756	0.00547	0.00701	0.00664	0.00784	0.00505	0.00490	0.00987	0.01457	0.02048	0.69383	0.04023	0.07836	0.06551	0.00776	0.00193	0.00272	0.00965	0.00569	0.00492
57	0.00653	0.00470	0.00620	0.00740	0.00777	0.00437	0.00495	0.00748	0.01035	0.01373	0.03053	0.77892	0.06381	0.01669	0.00683	0.00217	0.00310	0.01511	0.00498	0.00437

[dist]
# distance from previous block
# <min> <max>
3	72

[block]
# block no. 2 follows, 45 sequences, length 31
# corresponding to MSA columns:
# 217-247
name=unknown_C
#
# <colnr> <probs for GDERKNQSTAVLIFYWHMCP>
#	G	D	E	R	K	N	Q	S	T	A	V	L	I	F	Y	W	H	M	C	P
0	0.80448	0.01034	0.00833	0.04930	0.01180	0.01204	0.00630	0.01567	0.00922	0.02353	0.00758	0.00902	0.00588	0.00500	0.00343	0.00167	0.00431	0.00301	0.00327	0.00582
1	0.00852	0.00607	0.00843	0.00961	0.01075	0.00606	0.00826	0.01083	0.01207	0.01572	0.02798	0.09097	0.03060	0.04916	0.00825	0.00258	0.00488	0.67955	0.00487	0.00485
2	0.05541	0.04105	0.01287	0.00953	0.01359	0.00895	0.00790	0.02552	0.06618	0.66987	0.02014	0.01763	0.01295	0.00654	0.00524	0.00165	0.00458	0.00525	0.00626	0.00887
3	0.01152	0.19375	0.62418	0.01401	0.02124	0.01432	0.01759	0.01680	0.01124	0.01608	0.00918	0.01076	0.00682	0.00499	0.00475	0.00158	0.00747	0.00374	0.00227	0.00771
4	0.02266	0.00946	0.01251	0.00953	0.01375	0.00824	0.00786	0.06054	0.01544	0.67209	0.01966	0.01733	0.01257	0.00638	0.00526	0.00158	0.00458	0.00516	0.00625	0.08915
5	0.00654	0.00467	0.00623	0.00747	0.00779	0.00436	0.00498	0.00747	0.01028	0.01370	0.02959	0.80785	0.03550	0.01682	0.00685	0.00218	0.00311	0.01526	0.00498	0.00436
6	0.01036	0.00645	0.00810	0.14601	0.04480	0.00689	0.00651	0.03475	0.01181	0.01928	0.05240	0.01949	0.01403	0.00627	0.00428	0.00139	0.00359	0.00518	0.59297	0.00544
7	0.01511	0.06402	0.14614	0.01328	0.07439	0.01325	0.01130	0.14193	0.29694	0.10740	0.01674	0.01773	0.01267	0.00667	0.00533	0.00172	0.00547	0.03700	0.00460	0.00832
8	0.00780	0.00594	0.00887	0.00880	0.00973	0.00702	0.00687	0.00969	0.00861	0.01248	0.01415	0.02079	0.01322	0.03928	0.76569	0.00843	0.03923	0.00572	0.00286	0.00483
9	0.00642	0.00544	0.00554	0.00551	0.00729	0.00456	0.00413	0.00784	0.01240	0.01490	0.09568	0.05100	0.73414	0.01344	0.00634	0.00181	0.00271	0.01124	0.00504	0.00456
10	0.01116	0.02171	0.49643	0.11308	0.13037	0.01238	0.08508	0.01639	0.01153	0.01667	0.01028	0.01352	0.00783	0.00529	0.00533	0.00173	0.00765	0.02349	0.00245	0.00763
11	0.01508	0.01722	0.03993	0.11344	0.22256	0.27053	0.15614	0.04461	0.01357	0.01609	0.01025	0.01386	0.00843	0.00544	0.00542	0.00162	0.00806	0.02783	0.00283	0.00710
12	0.01466	0.77247	0.02744	0.00943	0.01393	0.06226	0.00925	0.01636	0.01114	0.01266	0.00751	0.00867	0.00689	0.00464	0.00352	0.00116	0.00595	0.00290	0.00232	0.00685
13	0.01021	0.00963	0.01611	0.76528	0.03600	0.01212	0.01477	0.01368	0.01063	0.01368	0.00944	0.01420	0.00715	0.00554	0.00588	0.00181	0.04075	0.00477	0.00238	0.00596
14	0.01113	0.00954	0.01113	0.00795	0.01272	0.00716	0.00636	0.01352	0.01113	0.01749	0.00954	0.01113	0.00795	0.00398	0.00398	0.00080	0.00398	0.00318	0.00318	0.84417
15	0.00781	0.00520	0.00585	0.00585	0.00585	0.00520	0.00325	0.00781	0.00781	0.01041	0.01691	0.03513	0.01952	0.81135	0.02732	0.00520	0.00520	0.00781	0.00325	0.00325
16	0.00654	0.00467	0.00623	0.00747	0.00779	0.00436	0.00498	0.00747	0.01028	0.01370	0.02959	0.80785	0.03550	0.01682	0.00685	0.00218	0.00311	0.01526	0.00498	0.00436
17	0.84927	0.01038	0.00789	0.00706	0.01038	0.01204	0.00581	0.01578	0.00914	0.02408	0.00747	0.00872	0.00581	0.00498	0.00332	0.00166	0.00415	0.00291	0.00332	0.00581
18	0.00640	0.00544	0.00551	0.00549	0.00728	0.00455	0.00412	0.00781	0.01236	0.01480	0.08536	0.05116	0.74452	0.01348	0.00634	0.00181	0.00271	0.01126	0.00502	0.00455
19	0.01001	0.00500	0.00500	0.00500	0.00625	0.00500	0.00375	0.01251	0.01126	0.02001	0.01751	0.02001	0.01376	0.00625	0.00375	0.00125	0.00250	0.00500	0.84115	0.00500
20	0.00654	0.00467	0.00623	0.00747	0.00779	0.00436	0.00498	0.00747	0.01028	0.01370	0.02959	0.80785	0.03550	0.01682	0.00685	0.00218	0.00311	0.01526	0.00498	0.00436
21	0.84927	0.01038	0.00789	0.00706	0.01038	0.01204	0.00581	0.01578	0.00914	0.02408	0.00747	0.00872	0.00581	0.00498	0.00332	0.00166	0.00415	0.00291	0.00332	0.00581
22	0.00654	0.00467	0.00623	0.00747	0.00779	0.00436	0.00498	0.00747	0.01028	0.01370	0.02959	0.80785	0.03550	0.01682	0.00685	0.00218	0.00311	0.01526	0.00498	0.00436
23	0.01267	0.01448	0.03167	0.02262	0.02805	0.01357	0.75837	0.01719	0.01267	0.01719	0.01086	0.01448	0.00814	0.00452	0.00633	0.00181	0.00905	0.00633	0.00271	0.00724
24	0.00654	0.00467	0.00623	0.00747	0.00779	0.00436	0.00498	0.00747	0.01028	0.01370	0.02959	0.80785	0.03550	0.01682	0.00685	0.00218	0.00311	0.01526	0.00498	0.00436
25	0.00654	0.00467	0.00623	0.00747	0.00779	0.00436	0.00498	0.00747	0.01028	0.01370	0.02959	0.80785	0.03550	0.01682	0.00685	0.00218	0.00311	0.01526	0.00498	0.00436
26	0.00781	0.00520	0.00585	0.00585	0.00585	0.00520	0.00325	0.00781	0.00781	0.01041	0.01691	0.03513	0.01952	0.81135	0.02732	0.00520	0.00520	0.00781	0.00325	0.00325
27	0.01193	0.26602	0.52246	0.01375	0.02057	0.01518	0.04783	0.01673	0.01126	0.01568	0.00903	0.01064	0.00688	0.00492	0.00465	0.00154	0.00731	0.00373	0.00229	0.00759
28	0.01937	0.01435	0.01567	0.05021	0.01717	0.01593	0.01014	0.69184	0.02379	0.03186	0.01290	0.01390	0.00947	0.04056	0.00630	0.00177	0.00594	0.00496	0.00514	0.00873
29	0.02041	0.01504	0.01611	0.01235	0.01665	0.01665	0.01020	0.75997	0.02524	0.03383	0.01289	0.01289	0.00913	0.00644	0.00537	0.00161	0.00591	0.00483	0.00537	0.00913
30	0.01096	0.06939	0.74358	0.01498	0.02273	0.01293	0.01927	0.01695	0.01131	0.01677	0.00952	0.01119	0.00680	0.00507	0.00501	0.00167	0.00782	0.00391	0.00227	0.00788

[dist]
# distance from previous block
# <min> <max>
0	1

[block]
# block no. 3 follows, 45 sequences, length 21
# corresponding to MSA columns:
# 249-269
name=unknown_D
#
# <colnr> <probs for GDERKNQSTAVLIFYWHMCP>
#	G	D	E	R	K	N	Q	S	T	A	V	L	I	F	Y	W	H	M	C	P
0	0.01796	0.02326	0.07373	0.01598	0.09731	0.58622	0.01184	0.01988	0.01403	0.01387	0.00849	0.01035	0.00708	0.00574	0.00595	0.00151	0.07381	0.00374	0.00268	0.00656
1	0.84927	0.01038	0.00789	0.00706	0.01038	0.01204	0.00581	0.01578	0.00914	0.02408	0.00747	0.00872	0.00581	0.00498	0.00332	0.00166	0.00415	0.00291	0.00332	0.00581
2	0.01159	0.07037	0.01353	0.00925	0.01339	0.00950	0.03436	0.03515	0.02943	0.01716	0.01052	0.04703	0.00927	0.00521	0.00534	0.00109	0.06939	0.00405	0.00323	0.60115
3	0.00850	0.00620	0.00776	0.00711	0.00863	0.00591	0.00540	0.06634	0.01580	0.02210	0.68179	0.03863	0.08373	0.01076	0.00626	0.00169	0.00280	0.00942	0.00582	0.00534
4	0.01455	0.07614	0.10989	0.09221	0.37301	0.09400	0.01461	0.12824	0.01415	0.01875	0.01003	0.01236	0.00799	0.00518	0.00511	0.00157	0.00685	0.00441	0.00298	0.00795
5	0.84927	0.01038	0.00789	0.00706	0.01038	0.01204	0.00581	0.01578	0.00914	0.02408	0.00747	0.00872	0.00581	0.00498	0.00332	0.00166	0.00415	0.00291	0.00332	0.00581
6	0.00654	0.00467	0.00623	0.00747	0.00779	0.00436	0.00498	0.00747	0.01028	0.01370	0.02959	0.80785	0.03550	0.01682	0.00685	0.00218	0.00311	0.01526	0.00498	0.00436
7	0.84927	0.01038	0.00789	0.00706	0.01038	0.01204	0.00581	0.01578	0.00914	0.02408	0.00747	0.00872	0.00581	0.00498	0.00332	0.00166	0.00415	0.00291	0.00332	0.00581
8	0.00681	0.00499	0.00640	0.00703	0.00779	0.00458	0.00490	0.00825	0.01189	0.01599	0.24182	0.50128	0.12888	0.01479	0.00664	0.00200	0.00290	0.01323	0.00524	0.00458
9	0.00641	0.00544	0.00553	0.00551	0.00729	0.00456	0.00413	0.00783	0.01239	0.01486	0.09132	0.05107	0.73852	0.01346	0.00634	0.00181	0.00271	0.01125	0.00503	0.00456
10	0.01113	0.00954	0.01113	0.00795	0.01272	0.00716	0.00636	0.01352	0.01113	0.01749	0.00954	0.01113	0.00795	0.00398	0.00398	0.00080	0.00398	0.00318	0.00318	0.84417
11	0.84927	0.01038	0.00789	0.00706	0.01038	0.01204	0.00581	0.01578	0.00914	0.02408	0.00747	0.00872	0.00581	0.00498	0.00332	0.00166	0.00415	0.00291	0.00332	0.00581
12	0.00950	0.00652	0.00828	0.03588	0.01005	0.00631	0.00591	0.01318	0.08816	0.08283	0.55956	0.03628	0.09598	0.01025	0.00614	0.00171	0.00305	0.00894	0.00573	0.00572
13	0.00755	0.00548	0.00711	0.00670	0.00799	0.00504	0.00503	0.01003	0.01508	0.02124	0.74591	0.04056	0.07995	0.01108	0.00633	0.00169	0.00254	0.00977	0.00587	0.00504
14	0.57980	0.01060	0.01013	0.11123	0.01475	0.01214	0.00761	0.07747	0.03854	0.08038	0.00973	0.01092	0.00720	0.00536	0.00399	0.00168	0.00472	0.00361	0.00369	0.00645
15	0.01014	0.00954	0.01610	0.79845	0.03697	0.01193	0.01491	0.01371	0.01073	0.01371	0.00954	0.01431	0.00716	0.00537	0.00537	0.00179	0.00716	0.00477	0.00239	0.00596
16	0.00781	0.00520	0.00585	0.00585	0.00585	0.00520	0.00325	0.00781	0.00781	0.01041	0.01691	0.03513	0.01952	0.81135	0.02732	0.00520	0.00520	0.00781	0.00325	0.00325
17	0.01444	0.69785	0.08890	0.00999	0.01474	0.07169	0.01013	0.01651	0.01123	0.01302	0.00770	0.00890	0.00688	0.00470	0.00367	0.00121	0.00618	0.00300	0.00233	0.00693
18	0.02053	0.01405	0.01544	0.01181	0.01611	0.01513	0.00975	0.63506	0.02340	0.13108	0.01384	0.01352	0.00963	0.00637	0.00532	0.00159	0.00566	0.00484	0.00545	0.04141
19	0.01876	0.01399	0.01505	0.01188	0.01579	0.01550	0.00968	0.63413	0.10209	0.03132	0.01492	0.06563	0.01161	0.00721	0.00548	0.00167	0.00555	0.00564	0.00535	0.00875
20	0.01855	0.04255	0.04501	0.01569	0.12615	0.41883	0.01114	0.07895	0.07188	0.10375	0.01143	0.01224	0.00875	0.00571	0.00503	0.00150	0.00774	0.00418	0.00356	0.00736

[dist]
# distance from previous block
# <min> <max>
0	1

[block]
# block no. 4 follows, 45 sequences, length 18
# corresponding to MSA columns:
# 271-288
name=unknown_E
#
# <colnr> <probs for GDERKNQSTAVLIFYWHMCP>
#	G	D	E	R	K	N	Q	S	T	A	V	L	I	F	Y	W	H	M	C	P
0	0.81405	0.04430	0.00874	0.00715	0.01052	0.01243	0.00596	0.01579	0.00921	0.02360	0.00747	0.00872	0.00586	0.00497	0.00333	0.00164	0.00422	0.00291	0.00328	0.00586
1	0.00717	0.00505	0.00599	0.00647	0.00712	0.00476	0.00431	0.00814	0.01019	0.01368	0.05506	0.34663	0.17334	0.22762	0.03544	0.00302	0.00387	0.01127	0.06670	0.00418
2	0.01017	0.00889	0.01395	0.60331	0.03008	0.01063	0.01253	0.01394	0.04703	0.03432	0.01636	0.01958	0.10298	0.00655	0.00541	0.00176	0.00617	0.00567	0.04472	0.00594
3	0.00760	0.00549	0.00718	0.00675	0.00802	0.00506	0.00506	0.01013	0.01519	0.02153	0.77503	0.04010	0.05065	0.01097	0.00633	0.00169	0.00253	0.00971	0.00591	0.00506
4	0.01113	0.00954	0.01113	0.00795	0.01272	0.00716	0.00636	0.01352	0.01113	0.01749	0.00954	0.01113	0.00795	0.00398	0.00398	0.00080	0.00398	0.00318	0.00318	0.84417
5	0.01178	0.01185	0.01705	0.01443	0.01465	0.01633	0.04135	0.01309	0.00840	0.01309	0.00720	0.01185	0.00709	0.00920	0.01717	0.00233	0.77010	0.00476	0.00236	0.00593
6	0.00634	0.00544	0.00544	0.00544	0.00725	0.00453	0.00408	0.00770	0.01224	0.01450	0.05438	0.05166	0.77569	0.01359	0.00634	0.00181	0.00272	0.01133	0.00498	0.00453
7	0.84927	0.01038	0.00789	0.00706	0.01038	0.01204	0.00581	0.01578	0.00914	0.02408	0.00747	0.00872	0.00581	0.00498	0.00332	0.00166	0.00415	0.00291	0.00332	0.00581
8	0.00932	0.00466	0.00699	0.00699	0.00699	0.00466	0.00466	0.00699	0.00699	0.00932	0.00932	0.01632	0.00932	0.01865	0.02098	0.84382	0.00466	0.00466	0.00233	0.00233
9	0.02005	0.02558	0.01521	0.01383	0.01659	0.78980	0.01037	0.02143	0.01521	0.01314	0.00830	0.00968	0.00691	0.00553	0.00484	0.00138	0.00968	0.00346	0.00277	0.00622
10	0.10000	0.00997	0.03390	0.00955	0.01367	0.00876	0.00808	0.05940	0.01513	0.63616	0.03678	0.01744	0.01308	0.00654	0.00522	0.00166	0.00464	0.00520	0.00613	0.00870
11	0.00670	0.00483	0.00634	0.00728	0.00780	0.00448	0.00496	0.00790	0.01112	0.01496	0.14697	0.65765	0.06756	0.01578	0.00675	0.00209	0.00301	0.01424	0.00513	0.00448
12	0.01259	0.05664	0.12217	0.02240	0.14773	0.01380	0.48211	0.01684	0.01218	0.01684	0.01028	0.01350	0.00793	0.00481	0.00627	0.00175	0.03652	0.00556	0.00262	0.00746
13	0.00706	0.00575	0.00629	0.00625	0.00787	0.00517	0.00464	0.00947	0.05868	0.01643	0.20602	0.11766	0.50369	0.01294	0.00633	0.00182	0.00281	0.01102	0.00521	0.00487
14	0.06776	0.01228	0.07891	0.12511	0.09757	0.01183	0.04816	0.03884	0.26571	0.14451	0.04289	0.01705	0.01292	0.00629	0.00533	0.00174	0.00545	0.00538	0.00440	0.00785
15	0.01333	0.01407	0.07128	0.02788	0.56140	0.04014	0.07125	0.04371	0.03528	0.01784	0.01070	0.01365	0.00878	0.00648	0.03938	0.00192	0.00706	0.00488	0.00283	0.00815
16	0.04928	0.59425	0.10462	0.00979	0.01463	0.04643	0.00994	0.01611	0.01105	0.01405	0.00792	0.00917	0.00693	0.00464	0.00371	0.00120	0.00588	0.00304	0.00244	0.08490
17	0.01852	0.01363	0.01472	0.01159	0.01560	0.01491	0.00946	0.53830	0.16239	0.06604	0.01585	0.01537	0.02976	0.00668	0.00535	0.00162	0.00537	0.00518	0.00535	0.04430

[dist]
# distance from previous block
# <min> <max>
0	1

[block]
# block no. 5 follows, 45 sequences, length 76
# corresponding to MSA columns:
# 290-302,343-388,402-418
name=unknown_F
#
# <colnr> <probs for GDERKNQSTAVLIFYWHMCP>
#	G	D	E	R	K	N	Q	S	T	A	V	L	I	F	Y	W	H	M	C	P
0	0.17770	0.08620	0.22752	0.01480	0.04376	0.02815	0.20318	0.06623	0.01230	0.01919	0.02709	0.02906	0.00879	0.00532	0.00498	0.00164	0.00680	0.00469	0.00299	0.02961
1	0.00640	0.00523	0.00566	0.00600	0.00740	0.00448	0.00433	0.00764	0.01169	0.01428	0.04752	0.26080	0.57098	0.01449	0.00648	0.00191	0.00283	0.01242	0.00498	0.00448
2	0.00654	0.00467	0.00623	0.00747	0.00779	0.00436	0.00498	0.00747	0.01028	0.01370	0.02959	0.80785	0.03550	0.01682	0.00685	0.00218	0.00311	0.01526	0.00498	0.00436
3	0.01358	0.50731	0.13708	0.01301	0.03594	0.03712	0.12556	0.01639	0.01127	0.01410	0.00836	0.01017	0.00711	0.00488	0.00478	0.00139	0.03879	0.00369	0.00238	0.00708
4	0.26544	0.53769	0.05553	0.00882	0.01317	0.01808	0.00864	0.01603	0.01039	0.01627	0.00756	0.00876	0.00656	0.00473	0.00348	0.00133	0.00536	0.00293	0.00260	0.00661
5	0.01002	0.00610	0.00736	0.00668	0.00863	0.00536	0.00510	0.01190	0.01374	0.15287	0.32090	0.04068	0.33455	0.04356	0.00702	0.00188	0.00308	0.00952	0.00556	0.00550
6	0.47373	0.11433	0.10426	0.00944	0.01347	0.11277	0.00871	0.03589	0.01114	0.06187	0.00872	0.00976	0.00670	0.00515	0.00391	0.00157	0.00558	0.00328	0.00323	0.00652
7	0.40620	0.06854	0.01293	0.03015	0.06509	0.22867	0.00851	0.06219	0.01233	0.03333	0.00940	0.01067	0.02159	0.00539	0.00415	0.00155	0.00610	0.00355	0.00325	0.00642
8	0.01197	0.01159	0.01820	0.35234	0.02607	0.03023	0.11990	0.07663	0.01153	0.01562	0.00939	0.01356	0.00761	0.00752	0.03158	0.00213	0.24009	0.00498	0.00269	0.00636
9	0.01174	0.01174	0.01644	0.01409	0.01409	0.01644	0.01174	0.01292	0.00822	0.01292	0.00705	0.01174	0.00705	0.00940	0.01762	0.00235	0.80153	0.00470	0.00235	0.00587
10	0.00755	0.00548	0.00711	0.00670	0.00799	0.00504	0.00503	0.01003	0.01508	0.02124	0.74595	0.04056	0.07991	0.01108	0.00633	0.00169	0.00254	0.00977	0.00587	0.00504
11	0.00767	0.00575	0.00863	0.00863	0.00959	0.00671	0.00671	0.00959	0.00863	0.01246	0.01438	0.02109	0.01342	0.04026	0.79008	0.00863	0.01438	0.00575	0.00288	0.00479
12	0.00781	0.00520	0.00585	0.00585	0.00585	0.00520	0.00325	0.00781	0.00781	0.01041	0.01691	0.03513	0.01952	0.81135	0.02732	0.00520	0.00520	0.00781	0.00325	0.00325
13	0.00760	0.00549	0.00718	0.00675	0.00802	0.00506	0.00506	0.01013	0.01519	0.02153	0.77503	0.04010	0.05065	0.01097	0.00633	0.00169	0.00253	0.00971	0.00591	0.00506
14	0.01174	0.01174	0.01644	0.01409	0.01409	0.01644	0.01174	0.01292	0.00822	0.01292	0.00705	0.01174	0.00705	0.00940	0.01762	0.00235	0.80153	0.00470	0.00235	0.00587
15	0.02041	0.01504	0.01611	0.01235	0.01665	0.01665	0.01020	0.75997	0.02524	0.03383	0.01289	0.01289	0.00913	0.00644	0.00537	0.00161	0.00591	0.00483	0.00537	0.00913
16	0.00767	0.00575	0.00863	0.00863	0.00959	0.00671	0.00671	0.00959	0.00863	0.01246	0.01438	0.02109	0.01342	0.04026	0.79008	0.00863	0.01438	0.00575	0.00288	0.00479
17	0.01046	0.00998	0.01617	0.64042	0.03236	0.01284	0.01427	0.01355	0.01023	0.01355	0.00904	0.01379	0.00713	0.00618	0.00783	0.00190	0.16721	0.00476	0.00238	0.00594
18	0.02271	0.00884	0.01198	0.00929	0.01322	0.00765	0.00763	0.02480	0.01527	0.71978	0.06295	0.02035	0.03577	0.00707	0.00547	0.00167	0.00441	0.00579	0.00656	0.00879
19	0.00804	0.00605	0.00768	0.00841	0.00963	0.00595	0.00668	0.01099	0.07513	0.01611	0.08619	0.25619	0.14776	0.01427	0.00685	0.00218	0.00387	0.31791	0.00507	0.00503
20	0.01141	0.00971	0.01128	0.00808	0.01284	0.00744	0.00648	0.03609	0.01156	0.01799	0.00964	0.01118	0.00799	0.00405	0.00402	0.00082	0.00403	0.00323	0.00325	0.81892
21	0.02006	0.01486	0.01591	0.01228	0.01651	0.01648	0.01012	0.72374	0.06203	0.03327	0.01333	0.01324	0.00949	0.00649	0.00537	0.00162	0.00582	0.00489	0.00537	0.00910
22	0.01456	0.51015	0.11037	0.01080	0.01510	0.16028	0.01051	0.01675	0.01186	0.01367	0.04586	0.01079	0.00906	0.00532	0.00456	0.00133	0.03620	0.00351	0.00256	0.00676
23	0.01648	0.20891	0.26949	0.01220	0.03623	0.01304	0.02575	0.04353	0.01316	0.27530	0.02766	0.01373	0.00999	0.00564	0.00486	0.00155	0.00608	0.00439	0.00394	0.00807
24	0.02005	0.02558	0.01521	0.01383	0.01659	0.78980	0.01037	0.02143	0.01521	0.01314	0.00830	0.00968	0.00691	0.00553	0.00484	0.00138	0.00968	0.00346	0.00277	0.00622
25	0.01284	0.01309	0.04390	0.20813	0.46158	0.06461	0.03327	0.02940	0.01217	0.01639	0.01029	0.01437	0.00855	0.00556	0.00574	0.02186	0.00681	0.02124	0.00268	0.00749
26	0.01274	0.46032	0.36825	0.01194	0.01803	0.01729	0.01398	0.01649	0.01110	0.01460	0.00844	0.00984	0.00685	0.00482	0.00419	0.00140	0.00673	0.00336	0.00228	0.00736
27	0.00932	0.00466	0.00699	0.00699	0.00699	0.00466	0.00466	0.00699	0.00699	0.00932	0.00932	0.01632	0.00932	0.01865	0.02098	0.84382	0.00466	0.00466	0.00233	0.00233
28	0.00687	0.00546	0.00617	0.00599	0.00757	0.00475	0.00449	0.00872	0.01347	0.01744	0.35614	0.04682	0.47210	0.01250	0.00634	0.00176	0.00264	0.01065	0.00537	0.00475
29	0.01880	0.01389	0.01500	0.01182	0.01568	0.01532	0.00963	0.66171	0.04754	0.03146	0.01484	0.09217	0.01198	0.00750	0.00552	0.00167	0.00558	0.00591	0.00533	0.00863
30	0.02089	0.01426	0.01563	0.01198	0.01626	0.01550	0.00990	0.66350	0.02394	0.13213	0.01398	0.01360	0.00968	0.00647	0.00537	0.00162	0.00573	0.00491	0.00554	0.00913
31	0.01201	0.01027	0.01090	0.00990	0.01263	0.01156	0.00767	0.02441	0.61097	0.02145	0.09523	0.02555	0.10754	0.00836	0.00564	0.00181	0.00391	0.00701	0.00545	0.00772
32	0.01053	0.00550	0.00556	0.00537	0.00677	0.00558	0.00407	0.04982	0.01195	0.02070	0.01728	0.01966	0.01353	0.00626	0.00383	0.00127	0.00267	0.00499	0.79943	0.00521
33	0.01886	0.05158	0.01622	0.01515	0.07897	0.63457	0.01084	0.03917	0.03061	0.01419	0.00877	0.01031	0.00730	0.00564	0.00532	0.00144	0.03800	0.00368	0.00285	0.00654
34	0.00767	0.00575	0.00863	0.00863	0.00959	0.00671	0.00671	0.00959	0.00863	0.01246	0.01438	0.02109	0.01342	0.04026	0.79008	0.00863	0.01438	0.00575	0.00288	0.00479
35	0.84927	0.01038	0.00789	0.00706	0.01038	0.01204	0.00581	0.01578	0.00914	0.02408	0.00747	0.00872	0.00581	0.00498	0.00332	0.00166	0.00415	0.00291	0.00332	0.00581
36	0.05484	0.52518	0.15527	0.01037	0.01517	0.03424	0.03196	0.01577	0.01136	0.01475	0.06157	0.01240	0.02706	0.00536	0.00410	0.00134	0.00593	0.00383	0.00267	0.00683
37	0.01737	0.17174	0.08596	0.01422	0.08712	0.20739	0.01141	0.27143	0.04757	0.02121	0.01053	0.01146	0.00818	0.00563	0.00484	0.00148	0.00696	0.00409	0.00362	0.00779
38	0.00781	0.00520	0.00585	0.00585	0.00585	0.00520	0.00325	0.00781	0.00781	0.01041	0.01691	0.03513	0.01952	0.81135	0.02732	0.00520	0.00520	0.00781	0.00325	0.00325
39	0.00644	0.00544	0.00557	0.00554	0.00731	0.00457	0.00415	0.00789	0.01246	0.01503	0.10851	0.05079	0.72123	0.01340	0.00634	0.00180	0.00270	0.01121	0.00505	0.00457
40	0.02257	0.01157	0.01396	0.01071	0.01492	0.01150	0.00884	0.32890	0.01944	0.47309	0.01776	0.01605	0.01157	0.00656	0.00539	0.00164	0.00512	0.00516	0.00612	0.00913
41	0.02077	0.01445	0.01575	0.01207	0.01635	0.01578	0.00997	0.68699	0.02426	0.10819	0.01371	0.01342	0.00954	0.00646	0.00537	0.00162	0.00577	0.00489	0.00550	0.00913
42	0.00685	0.00546	0.00614	0.00597	0.00756	0.00475	0.00448	0.00869	0.01344	0.01735	0.34660	0.04697	0.48169	0.01253	0.00634	0.00176	0.00264	0.01067	0.00536	0.00475
43	0.03225	0.01180	0.01767	0.41053	0.06584	0.01346	0.09366	0.20995	0.05585	0.02024	0.01121	0.01409	0.00832	0.00562	0.00543	0.00173	0.00677	0.00499	0.00340	0.00719
44	0.01048	0.00957	0.01588	0.51039	0.17601	0.01107	0.01410	0.01379	0.01131	0.01487	0.01299	0.02230	0.01162	0.00693	0.00572	0.00187	0.00661	0.13531	0.00289	0.00627
45	0.84927	0.01038	0.00789	0.00706	0.01038	0.01204	0.00581	0.01578	0.00914	0.02408	0.00747	0.00872	0.00581	0.00498	0.00332	0.00166	0.00415	0.00291	0.00332	0.00581
46	0.02005	0.02558	0.01521	0.01383	0.01659	0.78980	0.01037	0.02143	0.01521	0.01314	0.00830	0.00968	0.00691	0.00553	0.00484	0.00138	0.00968	0.00346	0.00277	0.00622
47	0.00729	0.00547	0.00675	0.00643	0.00783	0.00493	0.00482	0.00953	0.01447	0.01980	0.59830	0.04293	0.22846	0.01162	0.00633	0.00172	0.00258	0.01011	0.00568	0.00493
48	0.01165	0.01229	0.03925	0.01513	0.01621	0.01542	0.12360	0.01351	0.00899	0.01365	0.00805	0.01261	0.00752	0.01008	0.05384	0.00256	0.62215	0.00498	0.00243	0.00608
49	0.02408	0.00914	0.01246	0.00955	0.01370	0.00789	0.00789	0.02616	0.01536	0.78158	0.02118	0.01827	0.01329	0.00664	0.00540	0.00166	0.00457	0.00540	0.00664	0.00914
50	0.00760	0.00549	0.00718	0.00675	0.00802	0.00506	0.00506	0.01013	0.01519	0.02153	0.77503	0.04010	0.05065	0.01097	0.00633	0.00169	0.00253	0.00971	0.00591	0.00506
51	0.01267	0.01448	0.03167	0.02262	0.02805	0.01357	0.75837	0.01719	0.01267	0.01719	0.01086	0.01448	0.00814	0.00452	0.00633	0.00181	0.00905	0.00633	0.00271	0.00724
52	0.00781	0.00520	0.00585	0.00585	0.00585	0.00520	0.00325	0.00781	0.00781	0.01041	0.01691	0.03513	0.01952	0.81135	0.02732	0.00520	0.00520	0.00781	0.00325	0.00325
53	0.01174	0.01174	0.01644	0.01409	0.01409	0.01644	0.01174	0.01292	0.00822	0.01292	0.00705	0.01174	0.00705	0.00940	0.01762	0.00235	0.80153	0.00470	0.00235	0.00587
54	0.01113	0.00954	0.01113	0.00795	0.01272	0.00716	0.00636	0.01352	0.01113	0.01749	0.00954	0.01113	0.00795	0.00398	0.00398	0.00080	0.00398	0.00318	0.00318	0.84417
55	0.01077	0.02777	0.78354	0.01530	0.02323	0.01247	0.01983	0.01700	0.01133	0.01700	0.00963	0.01133	0.00680	0.00510	0.00510	0.00170	0.00793	0.00397	0.00227	0.00793
56	0.01329	0.01275	0.02179	0.03295	0.77787	0.01275	0.01647	0.01647	0.01222	0.01754	0.01010	0.01329	0.00850	0.00478	0.00531	0.00159	0.00638	0.00478	0.00266	0.00850
57	0.02041	0.01504	0.01611	0.01235	0.01665	0.01665	0.01020	0.75997	0.02524	0.03383	0.01289	0.01289	0.00913	0.00644	0.00537	0.00161	0.00591	0.00483	0.00537	0.00913
58	0.84927	0.01038	0.00789	0.00706	0.01038	0.01204	0.00581	0.01578	0.00914	0.02408	0.00747	0.00872	0.00581	0.00498	0.00332	0.00166	0.00415	0.00291	0.00332	0.00581
59	0.01474	0.46164	0.13394	0.00986	0.01448	0.01569	0.01004	0.01729	0.01226	0.14987	0.10061	0.01442	0.01316	0.00578	0.00437	0.00138	0.00548	0.00428	0.00348	0.00722
60	0.00855	0.00655	0.00796	0.00742	0.00903	0.00650	0.00562	0.01326	0.14840	0.02131	0.60228	0.03717	0.08417	0.01046	0.00618	0.00172	0.00285	0.00915	0.00578	0.00564
61	0.84927	0.01038	0.00789	0.00706	0.01038	0.01204	0.00581	0.01578	0.00914	0.02408	0.00747	0.00872	0.00581	0.00498	0.00332	0.00166	0.00415	0.00291	0.00332	0.00581
62	0.00654	0.00467	0.00623	0.00747	0.00779	0.00436	0.00498	0.00747	0.01028	0.01370	0.02959	0.80785	0.03550	0.01682	0.00685	0.00218	0.00311	0.01526	0.00498	0.00436
63	0.01965	0.09416	0.01699	0.01186	0.01613	0.01661	0.00994	0.62520	0.05508	0.06141	0.01306	0.01298	0.00938	0.00630	0.00518	0.00158	0.00577	0.00471	0.00512	0.00888
64	0.00681	0.00542	0.00611	0.00600	0.00755	0.00472	0.00448	0.00858	0.01324	0.01704	0.31758	0.07794	0.48000	0.01276	0.00636	0.00178	0.00267	0.01089	0.00532	0.00472
65	0.00666	0.00474	0.00625	0.00735	0.00769	0.00444	0.00489	0.00762	0.01038	0.01391	0.06580	0.72660	0.03536	0.06097	0.00797	0.00232	0.00320	0.01457	0.00493	0.00433
66	0.01136	0.01126	0.05988	0.58418	0.15703	0.01215	0.01512	0.03855	0.01159	0.03385	0.01003	0.01403	0.00757	0.00532	0.00534	0.00174	0.00697	0.00474	0.00262	0.00667
67	0.01230	0.01285	0.01652	0.57427	0.10899	0.15662	0.01422	0.01543	0.01172	0.01400	0.00937	0.01335	0.00725	0.00534	0.00526	0.00169	0.00755	0.00453	0.00248	0.00627
68	0.00781	0.00520	0.00585	0.00585	0.00585	0.00520	0.00325	0.00781	0.00781	0.01041	0.01691	0.03513	0.01952	0.81135	0.02732	0.00520	0.00520	0.00781	0.00325	0.00325
69	0.00654	0.00467	0.00623	0.00747	0.00779	0.00436	0.00498	0.00747	0.01028	0.01370	0.02959	0.80785	0.03550	0.01682	0.00685	0.00218	0.00311	0.01526	0.00498	0.00436
70	0.07332	0.11255	0.01476	0.01088	0.01355	0.16000	0.04034	0.16341	0.01392	0.01850	0.01214	0.06116	0.01083	0.03188	0.12376	0.00272	0.06073	0.00509	0.06408	0.00639
71	0.09567	0.00983	0.01107	0.00823	0.01271	0.00824	0.00661	0.03350	0.05033	0.06919	0.01081	0.01186	0.00855	0.00448	0.00411	0.00101	0.00409	0.00349	0.00359	0.64261
72	0.05759	0.01723	0.05727	0.02234	0.37593	0.23653	0.01345	0.10622	0.01443	0.01848	0.01013	0.01283	0.00835	0.00542	0.00512	0.00156	0.00721	0.01915	0.00307	0.00769
73	0.01775	0.01345	0.01516	0.05130	0.01664	0.01525	0.01009	0.52560	0.09797	0.04459	0.01411	0.05368	0.01100	0.00727	0.00658	0.00174	0.07901	0.00548	0.00496	0.00837
74	0.08710	0.01431	0.03260	0.01344	0.05937	0.05496	0.06183	0.41758	0.05210	0.02650	0.01192	0.01299	0.00896	0.00740	0.03889	0.00189	0.02426	0.00466	0.00434	0.06492
75	0.20225	0.04985	0.01189	0.06219	0.05018	0.02794	0.00817	0.13112	0.05832	0.05941	0.09674	0.06753	0.06769	0.00869	0.02184	0.00188	0.01867	0.04479	0.00432	0.00654

[dist]
# distance from previous block
# <min> <max>
2	11

[block]
# block no. 6 follows, 45 sequences, length 211
# corresponding to MSA columns:
# 430-474,476-546,549-643
name=unknown_G
#
# <colnr> <probs for GDERKNQSTAVLIFYWHMCP>
#	G	D	E	R	K	N	Q	S	T	A	V	L	I	F	Y	W	H	M	C	P
0	0.01054	0.00914	0.02772	0.04160	0.01342	0.00755	0.02963	0.02738	0.01123	0.03237	0.01442	0.19521	0.01435	0.00733	0.00533	0.00129	0.03217	0.00627	0.00361	0.50941
1	0.08122	0.01057	0.05303	0.02544	0.01313	0.03678	0.00815	0.03408	0.21421	0.16117	0.11091	0.04719	0.06937	0.00836	0.00553	0.00176	0.00449	0.06807	0.00505	0.04149
2	0.02983	0.03502	0.34223	0.09175	0.07133	0.03888	0.11473	0.04205	0.01185	0.01709	0.02967	0.01321	0.00865	0.00572	0.00651	0.00174	0.08968	0.00465	0.03821	0.00719
3	0.51115	0.01038	0.01175	0.19407	0.06558	0.01201	0.03147	0.01511	0.00995	0.02047	0.02508	0.01133	0.00743	0.00531	0.00460	0.00170	0.03307	0.00378	0.00306	0.02270
4	0.01377	0.01428	0.03876	0.04365	0.59880	0.10133	0.01505	0.01677	0.01243	0.01694	0.00983	0.01268	0.00821	0.00483	0.00515	0.00152	0.00663	0.00449	0.00269	0.07218
5	0.04392	0.00908	0.01222	0.00942	0.01349	0.00792	0.00777	0.02552	0.01521	0.74483	0.03887	0.01856	0.01400	0.00671	0.00537	0.00166	0.00451	0.00544	0.00654	0.00896
6	0.01895	0.01400	0.01510	0.01187	0.01577	0.01544	0.00968	0.67116	0.04462	0.03168	0.01466	0.08533	0.01173	0.00741	0.00551	0.00167	0.00561	0.00581	0.00534	0.00868
7	0.01427	0.01350	0.02100	0.04467	0.63214	0.04473	0.03179	0.09853	0.01376	0.01907	0.01034	0.01314	0.00847	0.00500	0.00532	0.00160	0.00653	0.00477	0.00296	0.00840
8	0.00654	0.00467	0.00623	0.00747	0.00779	0.00436	0.00498	0.00747	0.01028	0.01370	0.02959	0.80785	0.03550	0.01682	0.00685	0.00218	0.00311	0.01526	0.00498	0.00436
9	0.02408	0.00914	0.01246	0.00955	0.01370	0.00789	0.00789	0.02616	0.01536	0.78158	0.02118	0.01827	0.01329	0.00664	0.00540	0.00166	0.00457	0.00540	0.00664	0.00914
10	0.01329	0.01275	0.02179	0.03295	0.77787	0.01275	0.01647	0.01647	0.01222	0.01754	0.01010	0.01329	0.00850	0.00478	0.00531	0.00159	0.00638	0.00478	0.00266	0.00850
11	0.01014	0.00954	0.01610	0.79845	0.03697	0.01193	0.01491	0.01371	0.01073	0.01371	0.00954	0.01431	0.00716	0.00537	0.00537	0.00179	0.00716	0.00477	0.00239	0.00596
12	0.00760	0.00549	0.00718	0.00675	0.00802	0.00506	0.00506	0.01013	0.01519	0.02153	0.77503	0.04010	0.05065	0.01097	0.00633	0.00169	0.00253	0.00971	0.00591	0.00506
13	0.00634	0.00544	0.00544	0.00544	0.00725	0.00453	0.00408	0.00770	0.01224	0.01450	0.05438	0.05166	0.77569	0.01359	0.00634	0.00181	0.00272	0.01133	0.00498	0.00453
14	0.02408	0.00914	0.01246	0.00955	0.01370	0.00789	0.00789	0.02616	0.01536	0.78158	0.02118	0.01827	0.01329	0.00664	0.00540	0.00166	0.00457	0.00540	0.00664	0.00914
15	0.01001	0.00500	0.00500	0.00500	0.00625	0.00500	0.00375	0.01251	0.01126	0.02001	0.01751	0.02001	0.01376	0.00625	0.00375	0.00125	0.00250	0.00500	0.84115	0.00500
16	0.00654	0.00467	0.00623	0.00747	0.00779	0.00436	0.00498	0.00747	0.01028	0.01370	0.02959	0.80785	0.03550	0.01682	0.00685	0.00218	0.00311	0.01526	0.00498	0.00436
17	0.01435	0.81458	0.02813	0.00918	0.01378	0.02124	0.00918	0.01607	0.01091	0.01263	0.00746	0.00861	0.00689	0.00459	0.00344	0.00115	0.00574	0.00287	0.00230	0.00689
18	0.00760	0.00549	0.00718	0.00675	0.00802	0.00506	0.00506	0.01013	0.01519	0.02153	0.77503	0.04010	0.05065	0.01097	0.00633	0.00169	0.00253	0.00971	0.00591	0.00506
19	0.01014	0.00954	0.01610	0.79845	0.03697	0.01193	0.01491	0.01371	0.01073	0.01371	0.00954	0.01431	0.00716	0.00537	0.00537	0.00179	0.00716	0.00477	0.00239	0.00596
20	0.01839	0.01161	0.01318	0.01083	0.01451	0.01241	0.00871	0.20045	0.35640	0.26351	0.01952	0.01779	0.01370	0.00688	0.00542	0.00172	0.00474	0.00557	0.00581	0.00885
