[name]
unknown

[dist]
# distance from previous block
# <min> <max>
6	98

[block]
# block no. 0 follows, 42 sequences, length 50
# corresponding to MSA columns:
# 199-248
name=unknown_A
#
# <colnr> <probs for GDERKNQSTAVLIFYWHMCP>
#	G	D	E	R	K	N	Q	S	T	A	V	L	I	F	Y	W	H	M	C	P
0	0.01005	0.00811	0.01101	0.11319	0.03757	0.00843	0.00808	0.05184	0.01109	0.01557	0.01630	0.07245	0.05212	0.10396	0.24359	0.02529	0.03198	0.00640	0.00342	0.16956
1	0.01370	0.01080	0.01267	0.01142	0.03971	0.02356	0.03048	0.26691	0.08806	0.02306	0.02092	0.27965	0.03848	0.03036	0.00665	0.00193	0.00494	0.00898	0.00500	0.08270
2	0.01809	0.07531	0.06930	0.03565	0.03439	0.01076	0.06151	0.05825	0.04905	0.34132	0.06575	0.03844	0.01472	0.00673	0.00549	0.00164	0.00541	0.00570	0.00514	0.09735
3	0.05404	0.01043	0.01644	0.69735	0.03592	0.01284	0.01481	0.06295	0.01217	0.01633	0.01012	0.01460	0.00757	0.00568	0.00552	0.00186	0.00725	0.00491	0.00276	0.00646
4	0.01264	0.01495	0.10232	0.26267	0.20665	0.03686	0.24819	0.01683	0.01248	0.01683	0.01055	0.01433	0.00812	0.00518	0.00589	0.00181	0.00810	0.00539	0.00268	0.00753
5	0.01959	0.06204	0.01539	0.01138	0.01522	0.04768	0.00927	0.43940	0.02089	0.15564	0.01692	0.05713	0.03485	0.05994	0.00712	0.00194	0.00582	0.00595	0.00536	0.00849
6	0.02256	0.00915	0.01228	0.00983	0.01365	0.00811	0.00794	0.02524	0.05058	0.64678	0.02327	0.11073	0.01682	0.00825	0.00584	0.00181	0.00459	0.00691	0.00670	0.00896
7	0.00882	0.00717	0.00823	0.00853	0.05174	0.00679	0.00591	0.05930	0.06134	0.01827	0.16890	0.07618	0.43150	0.05295	0.00761	0.00205	0.00351	0.01038	0.00522	0.00559
8	0.03865	0.00798	0.00975	0.00895	0.01122	0.00765	0.00674	0.09129	0.04937	0.18444	0.05466	0.37948	0.04805	0.01206	0.00627	0.00194	0.00402	0.01054	0.00553	0.06142
9	0.01270	0.12314	0.40731	0.01563	0.02212	0.01417	0.14611	0.01820	0.05031	0.03739	0.01090	0.01276	0.00818	0.00543	0.00581	0.00170	0.03801	0.00458	0.00282	0.06272
10	0.00836	0.00644	0.00759	0.00711	0.00892	0.00582	0.00534	0.04764	0.01466	0.01974	0.37336	0.12333	0.27169	0.01230	0.00649	0.00180	0.00306	0.01062	0.00557	0.06016
11	0.01298	0.01534	0.09202	0.02351	0.17793	0.01353	0.43283	0.01719	0.01266	0.01779	0.01110	0.02640	0.00886	0.00530	0.00682	0.00181	0.05262	0.00592	0.00284	0.06254
12	0.05013	0.10136	0.08840	0.19519	0.02404	0.03044	0.16860	0.01782	0.01232	0.12523	0.01150	0.01391	0.00857	0.00574	0.00640	0.00174	0.06829	0.00492	0.00330	0.06213
13	0.02131	0.01361	0.01520	0.01182	0.01606	0.01454	0.00971	0.50016	0.07163	0.20496	0.01637	0.01565	0.01131	0.00685	0.00557	0.00170	0.00559	0.00530	0.04335	0.00933
14	0.01860	0.01344	0.01488	0.01137	0.01589	0.01379	0.00929	0.43990	0.07610	0.09205	0.01402	0.01406	0.01018	0.00615	0.00525	0.00148	0.00541	0.00476	0.00514	0.22824
15	0.01600	0.65919	0.06113	0.01031	0.01511	0.07793	0.01014	0.01802	0.01210	0.06352	0.00894	0.00991	0.00766	0.00505	0.00394	0.00128	0.00635	0.00328	0.00274	0.00737
16	0.00758	0.00558	0.00717	0.00770	0.00862	0.00502	0.00528	0.00885	0.01129	0.01550	0.11060	0.58179	0.03488	0.06393	0.00812	0.00227	0.00343	0.01350	0.00502	0.09387
17	0.10404	0.16734	0.06582	0.01018	0.01380	0.09387	0.00891	0.05312	0.02855	0.13128	0.08186	0.09776	0.02930	0.00769	0.00550	0.00164	0.02924	0.00596	0.00423	0.05991
18	0.02162	0.01347	0.01526	0.01172	0.01606	0.01409	0.00962	0.49261	0.02236	0.23777	0.01589	0.01570	0.01106	0.03102	0.00628	0.00178	0.00569	0.00525	0.00583	0.04693
19	0.02265	0.01056	0.01332	0.01044	0.01454	0.01006	0.00854	0.13969	0.08501	0.54551	0.06287	0.01973	0.01576	0.00725	0.00572	0.00175	0.00486	0.00589	0.00660	0.00927
20	0.00693	0.00497	0.00658	0.00774	0.00817	0.00462	0.00521	0.00803	0.01116	0.01493	0.08001	0.73194	0.05456	0.01715	0.00714	0.00224	0.00322	0.01552	0.00529	0.00462
21	0.01963	0.02548	0.08437	0.02994	0.01835	0.06227	0.08804	0.20529	0.08387	0.27448	0.01612	0.01581	0.01110	0.00646	0.00584	0.00174	0.01833	0.00531	0.00513	0.02244
22	0.01255	0.01124	0.03502	0.62146	0.07649	0.02727	0.01501	0.05334	0.01255	0.06572	0.01100	0.01497	0.00810	0.00573	0.00561	0.00184	0.00728	0.00500	0.00298	0.00685
23	0.00964	0.00732	0.00976	0.00912	0.01027	0.00760	0.04398	0.08753	0.01264	0.01739	0.13041	0.31699	0.02859	0.17553	0.02972	0.00291	0.05470	0.01065	0.03001	0.00526
24	0.52484	0.01609	0.22748	0.01097	0.04122	0.01250	0.01082	0.01761	0.01076	0.06959	0.00948	0.01072	0.00698	0.00536	0.00422	0.00175	0.00559	0.00360	0.00336	0.00705
25	0.31407	0.18017	0.20502	0.04917	0.05935	0.03492	0.01179	0.01738	0.02270	0.03569	0.01932	0.01122	0.00781	0.00535	0.00436	0.00164	0.00611	0.00374	0.00303	0.00717
26	0.00950	0.00750	0.00881	0.00868	0.02904	0.00743	0.00649	0.06050	0.11968	0.02041	0.28778	0.07268	0.25221	0.01191	0.00654	0.00191	0.00355	0.07380	0.00559	0.00598
27	0.00686	0.00490	0.00653	0.00784	0.00816	0.00457	0.00522	0.00784	0.01077	0.01437	0.03102	0.79855	0.03722	0.01763	0.00718	0.00229	0.00326	0.01600	0.00522	0.00457
28	0.01345	0.01451	0.06150	0.09476	0.33639	0.04520	0.19856	0.01871	0.10230	0.01823	0.01265	0.03572	0.01028	0.00570	0.00587	0.00179	0.00733	0.00577	0.00318	0.00810
29	0.00995	0.00728	0.00887	0.00803	0.01005	0.00706	0.00613	0.01480	0.14390	0.05491	0.51708	0.05475	0.05959	0.01037	0.00629	0.00175	0.00318	0.00905	0.00591	0.06105
30	0.01318	0.01503	0.05302	0.02369	0.11664	0.01385	0.57358	0.01758	0.01294	0.01792	0.01104	0.01465	0.00849	0.00494	0.00676	0.00183	0.03602	0.00614	0.00284	0.04984
31	0.01483	0.76169	0.07154	0.00999	0.01500	0.02175	0.01026	0.01691	0.01146	0.01350	0.00795	0.00919	0.00722	0.00484	0.00371	0.00124	0.00615	0.00307	0.00241	0.00728
32	0.00772	0.00516	0.00662	0.00760	0.00825	0.00498	0.00537	0.00917	0.01108	0.01565	0.02850	0.54552	0.04975	0.01682	0.04913	0.00250	0.00394	0.06880	0.14867	0.00476
33	0.02102	0.02682	0.01595	0.01450	0.01740	0.77963	0.01087	0.02247	0.01595	0.01377	0.00870	0.01015	0.00725	0.00580	0.00507	0.00145	0.01015	0.00362	0.00290	0.00652
34	0.01238	0.00789	0.00896	0.00793	0.01032	0.02987	0.00615	0.05580	0.03810	0.17420	0.26276	0.06110	0.28000	0.01113	0.00633	0.00181	0.00366	0.00940	0.00585	0.00636
35	0.00776	0.00618	0.00652	0.00631	0.00829	0.00544	0.00477	0.01016	0.05535	0.03867	0.13247	0.04991	0.62159	0.01336	0.00657	0.00188	0.00298	0.01119	0.00541	0.00519
36	0.00691	0.00499	0.00657	0.00781	0.00824	0.00464	0.00529	0.00796	0.01094	0.01448	0.03227	0.73939	0.07315	0.01740	0.00717	0.00228	0.00330	0.03738	0.00522	0.00460
37	0.01055	0.00974	0.01605	0.67179	0.03461	0.01221	0.01454	0.01402	0.01098	0.01445	0.01043	0.01548	0.00812	0.00822	0.05562	0.00235	0.05220	0.00507	0.02744	0.00614
38	0.01226	0.07385	0.01610	0.03957	0.01469	0.08580	0.01082	0.01382	0.00971	0.01346	0.00947	0.01429	0.00896	0.01666	0.19738	0.00382	0.44579	0.00492	0.00263	0.00601
39	0.00825	0.00551	0.00647	0.00649	0.00669	0.00562	0.00393	0.00865	0.00852	0.01174	0.01772	0.05061	0.01973	0.65187	0.12090	0.00564	0.00647	0.00794	0.04352	0.00373
40	0.78923	0.01104	0.00920	0.00913	0.05905	0.01267	0.00681	0.01659	0.00978	0.02481	0.00801	0.00945	0.00627	0.00521	0.00362	0.00174	0.00450	0.00317	0.00344	0.00627
41	0.01375	0.09002	0.17381	0.04445	0.29613	0.11762	0.01463	0.04202	0.01335	0.01728	0.01507	0.01821	0.07831	0.00651	0.00547	0.00169	0.00703	0.03384	0.00309	0.00772
42	0.01321	0.01030	0.01266	0.01104	0.01361	0.01089	0.05744	0.26638	0.11314	0.02310	0.02375	0.34218	0.05500	0.01158	0.00640	0.00199	0.00483	0.01018	0.00527	0.00707
43	0.15490	0.04750	0.01603	0.21719	0.04467	0.23252	0.03385	0.12590	0.01464	0.01939	0.00998	0.01238	0.00780	0.00653	0.02236	0.00182	0.00762	0.00429	0.01372	0.00691
44	0.01157	0.01081	0.01830	0.54008	0.25157	0.01249	0.01574	0.01498	0.01158	0.01540	0.01017	0.01476	0.00800	0.00593	0.00618	0.03080	0.00717	0.00500	0.00258	0.00690
45	0.02626	0.00552	0.00789	0.06981	0.00990	0.00573	0.00567	0.00843	0.00826	0.01132	0.01289	0.08029	0.01342	0.11176	0.01931	0.55505	0.00498	0.01882	0.02145	0.00321
46	0.01484	0.15255	0.02358	0.09391	0.16248	0.11944	0.18058	0.05549	0.03563	0.01708	0.01025	0.01298	0.00833	0.00559	0.00634	0.00168	0.06532	0.00485	0.00295	0.02616
47	0.01320	0.34021	0.27379	0.01271	0.01759	0.01721	0.01369	0.01650	0.01119	0.03249	0.02463	0.01182	0.00848	0.00699	0.02439	0.00184	0.15930	0.00404	0.00260	0.00735
48	0.00708	0.00523	0.00664	0.00741	0.00820	0.00478	0.00518	0.00849	0.01212	0.01608	0.17082	0.51892	0.15863	0.01590	0.00701	0.00214	0.00313	0.03208	0.00540	0.00475
49	0.01831	0.01401	0.01464	0.01170	0.01550	0.04141	0.00950	0.54406	0.06077	0.03023	0.01907	0.03459	0.09264	0.00926	0.03761	0.00202	0.00610	0.00609	0.02397	0.00852

[dist]
# distance from previous block
# <min> <max>
0	3

[block]
# block no. 1 follows, 42 sequences, length 27
# corresponding to MSA columns:
# 252-278
name=unknown_B
#
# <colnr> <probs for GDERKNQSTAVLIFYWHMCP>
#	G	D	E	R	K	N	Q	S	T	A	V	L	I	F	Y	W	H	M	C	P
0	0.01334	0.01530	0.05617	0.02558	0.17368	0.01402	0.57935	0.01787	0.01314	0.01809	0.01119	0.01482	0.00856	0.00482	0.00639	0.00185	0.00890	0.00624	0.00282	0.00787
1	0.00755	0.00519	0.00690	0.00773	0.00837	0.00482	0.00532	0.00890	0.01197	0.03509	0.18210	0.62282	0.03991	0.01610	0.00703	0.00217	0.00318	0.01454	0.00547	0.00485
2	0.00818	0.00546	0.00614	0.00614	0.00614	0.00546	0.00341	0.00818	0.00818	0.01091	0.01773	0.03683	0.02046	0.80222	0.02864	0.00546	0.00546	0.00818	0.00341	0.00341
3	0.05890	0.29241	0.22245	0.02966	0.08207	0.06178	0.04373	0.01769	0.01212	0.06384	0.01077	0.04415	0.00902	0.00585	0.00509	0.00159	0.02392	0.00446	0.00295	0.00757
4	0.00970	0.00494	0.00740	0.00740	0.00744	0.00498	0.00498	0.00744	0.00740	0.00991	0.01000	0.01731	0.00995	0.02049	0.05355	0.80182	0.00531	0.00494	0.00247	0.00255
5	0.00907	0.00648	0.00907	0.01036	0.01166	0.00648	0.00907	0.01166	0.01296	0.01684	0.02980	0.06348	0.03239	0.01555	0.00777	0.00259	0.00518	0.72924	0.00518	0.00518
6	0.01295	0.01450	0.03110	0.05869	0.04816	0.01375	0.66256	0.01753	0.01329	0.01806	0.04309	0.01627	0.01038	0.00508	0.00657	0.00189	0.00903	0.00667	0.00297	0.00747
7	0.01274	0.01834	0.23184	0.06222	0.18313	0.01365	0.35935	0.01763	0.01270	0.01786	0.01080	0.01401	0.00818	0.00501	0.00601	0.00182	0.00848	0.00554	0.00269	0.00800
8	0.01472	0.01609	0.01648	0.05643	0.01690	0.23447	0.02805	0.03059	0.04684	0.01464	0.00962	0.03002	0.00877	0.00943	0.03797	0.00230	0.41241	0.00495	0.00289	0.00642
9	0.34122	0.11386	0.18491	0.03584	0.04871	0.07955	0.06853	0.03665	0.01177	0.02025	0.00901	0.01078	0.00700	0.00526	0.00450	0.00167	0.00657	0.00381	0.00300	0.00709
10	0.01309	0.01271	0.04138	0.03020	0.62697	0.01227	0.01607	0.01640	0.01281	0.01813	0.01361	0.02172	0.01258	0.00669	0.00591	0.00182	0.00649	0.11968	0.00315	0.00831
11	0.00828	0.00670	0.00750	0.00755	0.00919	0.00653	0.00555	0.01249	0.15321	0.01759	0.14260	0.24381	0.33094	0.01352	0.00662	0.00199	0.00324	0.01169	0.00546	0.00557
12	0.02001	0.14768	0.01830	0.01321	0.01688	0.42605	0.01058	0.22645	0.03537	0.02003	0.01025	0.01117	0.00813	0.00595	0.00501	0.00149	0.00824	0.00400	0.00366	0.00755
13	0.06582	0.02646	0.00838	0.00719	0.00905	0.00660	0.00538	0.01281	0.01340	0.13295	0.31566	0.03670	0.16214	0.16114	0.01039	0.00247	0.00374	0.00876	0.00534	0.00560
14	0.02173	0.01199	0.01430	0.01107	0.01528	0.01205	0.00910	0.33656	0.02009	0.36588	0.04203	0.01728	0.01311	0.00837	0.03777	0.00198	0.00572	0.00547	0.00605	0.04418
15	0.02064	0.01539	0.01647	0.01280	0.01717	0.01710	0.01052	0.67551	0.10052	0.03426	0.01446	0.01427	0.01034	0.00684	0.00564	0.00171	0.00602	0.00520	0.00564	0.00950
16	0.00804	0.00601	0.00895	0.00895	0.00992	0.00698	0.00691	0.00999	0.00902	0.01299	0.01516	0.02260	0.01428	0.06756	0.75486	0.00892	0.01475	0.00610	0.00303	0.00497
17	0.02096	0.01555	0.01664	0.01286	0.01729	0.01725	0.01059	0.70619	0.06933	0.03477	0.01406	0.01395	0.01002	0.00681	0.00564	0.00170	0.00609	0.00514	0.00564	0.00953
18	0.05471	0.01545	0.01621	0.01282	0.01673	0.04862	0.01051	0.57120	0.07816	0.03138	0.01325	0.01364	0.00971	0.00698	0.00662	0.00176	0.07312	0.00501	0.00516	0.00896
19	0.00830	0.00588	0.00832	0.00832	0.00924	0.00667	0.00630	0.01014	0.00922	0.01362	0.01571	0.02369	0.01484	0.12622	0.61463	0.00785	0.01270	0.00620	0.08725	0.00486
20	0.00769	0.00607	0.00672	0.00682	0.00834	0.00558	0.00512	0.00982	0.04680	0.01571	0.10006	0.05024	0.44982	0.14061	0.01030	0.00256	0.00366	0.11421	0.00503	0.00483
21	0.01365	0.01308	0.02233	0.09882	0.70504	0.01330	0.01713	0.01702	0.01268	0.01804	0.01054	0.01402	0.00879	0.00507	0.00558	0.00169	0.00676	0.00501	0.00276	0.00869
22	0.00815	0.00581	0.00732	0.00729	0.00769	0.00617	0.00485	0.00892	0.00896	0.01226	0.04283	0.06660	0.04525	0.48188	0.23335	0.00598	0.03108	0.00803	0.00351	0.00410
23	0.00988	0.00639	0.00872	0.00937	0.01081	0.00614	0.00778	0.01218	0.01332	0.08049	0.13258	0.15960	0.05848	0.01451	0.00732	0.00234	0.00445	0.44469	0.00548	0.00547
24	0.71314	0.01069	0.00914	0.03152	0.01217	0.01207	0.00666	0.01786	0.01046	0.11945	0.00972	0.01059	0.00713	0.00546	0.00382	0.00175	0.00450	0.00344	0.00389	0.00654
25	0.01426	0.01252	0.03259	0.07089	0.34108	0.07282	0.01256	0.05104	0.04474	0.09452	0.04196	0.11780	0.05315	0.00781	0.00584	0.00178	0.00598	0.00693	0.00399	0.00775
26	0.05542	0.03523	0.01798	0.03365	0.17431	0.08136	0.01196	0.46806	0.02128	0.02861	0.01203	0.01304	0.00898	0.00617	0.00543	0.00166	0.00658	0.00479	0.00456	0.00889

[dist]
# distance from previous block
# <min> <max>
0	1

[block]
# block no. 2 follows, 42 sequences, length 183
# corresponding to MSA columns:
# 280-292,294-463
name=unknown_C
#
# <colnr> <probs for GDERKNQSTAVLIFYWHMCP>
#	G	D	E	R	K	N	Q	S	T	A	V	L	I	F	Y	W	H	M	C	P
0	0.01960	0.18577	0.01895	0.01324	0.01672	0.47315	0.01063	0.14284	0.01657	0.01730	0.00929	0.01054	0.00764	0.00587	0.00525	0.00147	0.03101	0.00378	0.00324	0.00717
1	0.01384	0.00944	0.01132	0.00873	0.01264	0.00815	0.00699	0.04612	0.03650	0.14749	0.08518	0.01857	0.04667	0.00634	0.00540	0.00128	0.03440	0.00508	0.05716	0.43871
2	0.01479	0.00906	0.01063	0.00924	0.01186	0.03039	0.00727	0.13715	0.03939	0.20581	0.24057	0.12442	0.08448	0.01045	0.00627	0.00185	0.00423	0.03913	0.00595	0.00707
3	0.01356	0.04669	0.09999	0.10520	0.52828	0.03556	0.03236	0.01756	0.03445	0.01773	0.01069	0.01375	0.00871	0.00520	0.00549	0.00169	0.00700	0.00488	0.00279	0.00842
4	0.02401	0.00932	0.01272	0.00994	0.01407	0.00810	0.00822	0.02622	0.01596	0.71492	0.04433	0.02183	0.01592	0.00749	0.00578	0.00178	0.00474	0.03853	0.00686	0.00925
5	0.00692	0.00501	0.00655	0.00765	0.00814	0.00463	0.00517	0.00805	0.01127	0.01500	0.08434	0.69883	0.08367	0.01699	0.00711	0.00223	0.00320	0.01533	0.00529	0.00463
6	0.01276	0.02314	0.44361	0.03542	0.04757	0.04631	0.25558	0.01823	0.01263	0.03589	0.01076	0.01318	0.00782	0.00521	0.00578	0.00180	0.00863	0.00502	0.00268	0.00801
7	0.00769	0.00578	0.00683	0.00677	0.00833	0.00513	0.00512	0.00966	0.01399	0.03283	0.33599	0.10470	0.36856	0.01334	0.00673	0.00191	0.00298	0.05294	0.00564	0.00508
8	0.00804	0.00603	0.00904	0.00904	0.01005	0.00703	0.00703	0.01005	0.00904	0.01306	0.01507	0.02211	0.01407	0.04221	0.77992	0.00904	0.01507	0.00603	0.00301	0.00502
9	0.16649	0.08806	0.07414	0.05929	0.04030	0.30406	0.08980	0.03603	0.01324	0.01723	0.00902	0.01114	0.00729	0.00571	0.00574	0.00165	0.05697	0.00406	0.00293	0.00686
10	0.07821	0.04776	0.01619	0.01234	0.01651	0.11553	0.01009	0.48662	0.05394	0.08798	0.01335	0.01335	0.00960	0.00650	0.00533	0.00166	0.00639	0.00476	0.00511	0.00881
11	0.00666	0.00567	0.00573	0.00578	0.00762	0.00474	0.00431	0.00807	0.01275	0.01517	0.05601	0.08282	0.73682	0.01438	0.00667	0.00192	0.00287	0.01204	0.00523	0.00474
12	0.01402	0.01370	0.04287	0.03290	0.14304	0.04479	0.25399	0.01869	0.08058	0.06608	0.01245	0.01452	0.00956	0.00512	0.00555	0.00155	0.00684	0.00519	0.00347	0.22510
13	0.01484	0.68608	0.11472	0.01056	0.01570	0.05037	0.01096	0.01718	0.01166	0.01379	0.00812	0.00940	0.00721	0.00491	0.00387	0.00128	0.00644	0.00317	0.00242	0.00732
14	0.01286	0.04401	0.35018	0.08207	0.15745	0.02707	0.09484	0.01752	0.01243	0.05688	0.03532	0.01429	0.00963	0.00573	0.00606	0.00177	0.03970	0.00493	0.01932	0.00793
15	0.01900	0.01427	0.01544	0.01209	0.01628	0.01547	0.00984	0.57587	0.08489	0.03162	0.01501	0.06094	0.01174	0.00724	0.00559	0.00166	0.00568	0.00567	0.00540	0.08629
16	0.01237	0.02726	0.01079	0.00972	0.01231	0.01002	0.00773	0.02078	0.35715	0.08861	0.06070	0.07319	0.15507	0.01057	0.00626	0.00199	0.00421	0.11842	0.00559	0.00725
17	0.01253	0.01191	0.02021	0.30240	0.48406	0.01279	0.01631	0.01595	0.01219	0.01683	0.01101	0.03867	0.00929	0.00562	0.00564	0.00176	0.00687	0.00535	0.00276	0.00783
18	0.01181	0.03484	0.01144	0.01129	0.07787	0.16358	0.00778	0.03139	0.06915	0.01793	0.22683	0.03134	0.18610	0.04583	0.04641	0.00225	0.00563	0.00786	0.00458	0.00607
19	0.01940	0.04819	0.01684	0.01445	0.01714	0.59981	0.02539	0.04470	0.03137	0.01473	0.00902	0.01084	0.00758	0.00635	0.00685	0.00160	0.11216	0.00394	0.00298	0.00667
20	0.00915	0.00641	0.00805	0.00738	0.00908	0.00593	0.00559	0.04276	0.01578	0.05081	0.58712	0.06891	0.11504	0.01141	0.00651	0.00177	0.00297	0.00997	0.00599	0.02937
21	0.01578	0.01135	0.01283	0.01064	0.01330	0.01251	0.00829	0.38325	0.04117	0.05345	0.01581	0.05576	0.01414	0.19627	0.09304	0.00341	0.04055	0.00644	0.00474	0.00727
22	0.00734	0.00573	0.00666	0.00643	0.00803	0.00505	0.00482	0.00941	0.01446	0.01908	0.42908	0.04778	0.39035	0.01281	0.00664	0.00183	0.00275	0.01098	0.00574	0.00505
23	0.01080	0.00555	0.00558	0.00547	0.00687	0.00559	0.00413	0.03414	0.01222	0.02140	0.01822	0.02077	0.01429	0.00656	0.00398	0.00132	0.00272	0.00524	0.80979	0.00537
24	0.02102	0.02682	0.01595	0.01450	0.01740	0.77963	0.01087	0.02247	0.01595	0.01377	0.00870	0.01015	0.00725	0.00580	0.00507	0.00145	0.01015	0.00362	0.00290	0.00652
25	0.02182	0.01508	0.01647	0.01263	0.01711	0.01644	0.01043	0.66897	0.02532	0.11646	0.01447	0.01413	0.01005	0.00678	0.00563	0.00169	0.00604	0.00513	0.00578	0.00957
26	0.00763	0.00581	0.00686	0.00676	0.00810	0.00533	0.00490	0.00987	0.03633	0.01827	0.36738	0.12390	0.27544	0.08781	0.00876	0.00222	0.00310	0.01103	0.00550	0.00498
27	0.00686	0.00490	0.00653	0.00784	0.00816	0.00457	0.00522	0.00784	0.01077	0.01437	0.03102	0.79855	0.03722	0.01763	0.00718	0.00229	0.00326	0.01600	0.00522	0.00457
28	0.39956	0.01357	0.01264	0.01032	0.01419	0.03958	0.00847	0.36464	0.01780	0.02937	0.01078	0.01165	0.00803	0.00710	0.02830	0.00193	0.00574	0.00412	0.00447	0.00773
29	0.01235	0.00704	0.00723	0.00656	0.00842	0.00733	0.00509	0.13861	0.01430	0.02345	0.01753	0.01971	0.01360	0.00659	0.00422	0.00138	0.00323	0.00521	0.69216	0.00598
30	0.00701	0.00501	0.00671	0.00801	0.00840	0.00470	0.00549	0.00810	0.01093	0.01454	0.03093	0.74771	0.03689	0.01749	0.00722	0.00231	0.00340	0.06532	0.00522	0.00461
31	0.00856	0.00621	0.00745	0.00698	0.00868	0.00566	0.00528	0.03825	0.01520	0.04372	0.46807	0.06766	0.27286	0.01224	0.00659	0.00182	0.00294	0.01056	0.00586	0.00541
32	0.01262	0.01213	0.02092	0.32683	0.45644	0.01307	0.04431	0.01618	0.01223	0.01682	0.01039	0.01439	0.00835	0.00524	0.00563	0.00176	0.00711	0.00507	0.00268	0.00783
33	0.02056	0.02383	0.01663	0.01571	0.07334	0.58516	0.01132	0.15285	0.01761	0.01803	0.00971	0.01104	0.00779	0.00591	0.00521	0.00151	0.00918	0.00399	0.00338	0.00725
34	0.77482	0.04217	0.00942	0.00779	0.01130	0.04599	0.00644	0.01681	0.00992	0.02429	0.00787	0.00918	0.00619	0.00523	0.00356	0.00171	0.00467	0.00307	0.00342	0.00616
35	0.01316	0.01259	0.02146	0.20903	0.59859	0.01317	0.01689	0.01660	0.01245	0.01746	0.01045	0.01418	0.00859	0.00516	0.00558	0.00172	0.00687	0.00501	0.00272	0.00830
36	0.00942	0.00648	0.00748	0.00724	0.00790	0.00664	0.00470	0.08502	0.01090	0.01481	0.04780	0.14150	0.02245	0.51448	0.05997	0.00453	0.00552	0.00885	0.02989	0.00442
37	0.03696	0.40484	0.36186	0.01338	0.04734	0.01753	0.01482	0.01729	0.01163	0.01583	0.00895	0.01050	0.00721	0.00507	0.00446	0.00150	0.00703	0.00360	0.00244	0.00774
38	0.07231	0.01474	0.01543	0.02597	0.04870	0.04969	0.01017	0.52368	0.06810	0.03046	0.01667	0.01671	0.06767	0.00715	0.00555	0.00171	0.00593	0.00547	0.00517	0.00871
39	0.16853	0.01315	0.01363	0.01089	0.01480	0.01450	0.00891	0.43662	0.08107	0.08453	0.01433	0.01444	0.01033	0.00655	0.00509	0.00169	0.00528	0.00487	0.08230	0.00849
40	0.00756	0.00569	0.00667	0.00708	0.00811	0.00531	0.00505	0.00912	0.02855	0.01492	0.08211	0.23263	0.27987	0.18389	0.01161	0.00283	0.00381	0.09570	0.00490	0.00460
41	0.01423	0.01353	0.02288	0.03330	0.71375	0.01357	0.03787	0.04874	0.01341	0.01911	0.01073	0.01395	0.00893	0.00508	0.00560	0.00168	0.00674	0.00506	0.00291	0.00890
42	0.00706	0.00498	0.00660	0.00787	0.00827	0.00467	0.00535	0.00815	0.01090	0.01466	0.03060	0.74469	0.03636	0.01722	0.00712	0.00227	0.00333	0.04638	0.02890	0.00462
43	0.00816	0.00556	0.00666	0.00666	0.00685	0.00574	0.00407	0.00852	0.00834	0.01130	0.01725	0.03416	0.01930	0.66440	0.16488	0.00611	0.00720	0.00779	0.00334	0.00370
44	0.01431	0.30426	0.10159	0.03134	0.01724	0.07268	0.04880	0.04530	0.07248	0.01579	0.00969	0.01188	0.00823	0.00660	0.00829	0.00174	0.21541	0.00426	0.00287	0.00723
45	0.01311	0.01685	0.13707	0.02452	0.15834	0.01391	0.51480	0.01786	0.01300	0.01806	0.01106	0.01449	0.00840	0.00488	0.00627	0.00184	0.00883	0.00600	0.00277	0.00793
46	0.00907	0.00648	0.00907	0.01036	0.01166	0.00648	0.00907	0.01166	0.01296	0.01684	0.02980	0.06348	0.03239	0.01555	0.00777	0.00259	0.00518	0.72924	0.00518	0.00518
47	0.01275	0.01219	0.02041	0.05921	0.61322	0.01213	0.03252	0.01586	0.01277	0.01777	0.01721	0.01975	0.11683	0.00635	0.00575	0.00172	0.00624	0.00603	0.00312	0.00819
48	0.01241	0.08292	0.02402	0.32080	0.08169	0.03855	0.28798	0.01613	0.01227	0.01590	0.01128	0.04976	0.00930	0.00573	0.00588	0.00181	0.00795	0.00589	0.00278	0.00696
49	0.12927	0.42348	0.14419	0.01107	0.01602	0.10426	0.01109	0.05057	0.01257	0.03986	0.00899	0.01014	0.00737	0.00522	0.00419	0.00144	0.00660	0.00344	0.00289	0.00734
50	0.84197	0.01088	0.00827	0.00740	0.01088	0.01262	0.00609	0.01654	0.00958	0.02525	0.00784	0.00914	0.00609	0.00522	0.00348	0.00174	0.00435	0.00305	0.00348	0.00609
51	0.00688	0.00492	0.00655	0.00782	0.00817	0.00459	0.00523	0.00790	0.01088	0.01454	0.04672	0.78235	0.03756	0.01750	0.00717	0.00227	0.00325	0.01587	0.00524	0.00459
52	0.01336	0.01149	0.03748	0.02637	0.10609	0.01162	0.05406	0.18052	0.17042	0.02371	0.17219	0.08575	0.03859	0.00856	0.00600	0.00181	0.00502	0.00749	0.03186	0.00761
53	0.01167	0.01000	0.01167	0.00834	0.01334	0.00750	0.00667	0.01417	0.01167	0.01834	0.01000	0.01167	0.00834	0.00417	0.00417	0.00083	0.00417	0.00333	0.00333	0.83663
54	0.01505	0.80561	0.02949	0.00963	0.01444	0.02227	0.00963	0.01685	0.01143	0.01324	0.00782	0.00903	0.00722	0.00481	0.00361	0.00120	0.00602	0.00301	0.00241	0.00722
55	0.01149	0.00726	0.00899	0.00827	0.01039	0.00674	0.00622	0.02992	0.07987	0.14204	0.22625	0.25028	0.09755	0.01170	0.00633	0.00186	0.00356	0.01023	0.00567	0.07539
56	0.00783	0.00568	0.00695	0.00667	0.00778	0.00526	0.00473	0.00971	0.01374	0.01888	0.49473	0.04259	0.14715	0.19055	0.01161	0.00262	0.00332	0.00997	0.00543	0.00480
57	0.01400	0.01209	0.01273	0.01145	0.01463	0.01400	0.00891	0.02990	0.75695	0.02354	0.02291	0.02100	0.01718	0.00764	0.00573	0.00191	0.00445	0.00636	0.00573	0.00891
58	0.00804	0.00603	0.00904	0.00904	0.01005	0.00703	0.00703	0.01005	0.00904	0.01306	0.01507	0.02211	0.01407	0.04221	0.77992	0.00904	0.01507	0.00603	0.00301	0.00502
59	0.02133	0.01778	0.01672	0.01323	0.01744	0.15658	0.01073	0.61585	0.02454	0.03151	0.01263	0.01290	0.00915	0.00658	0.00553	0.00165	0.00691	0.00480	0.00513	0.00901
60	0.01414	0.01200	0.01276	0.01148	0.01463	0.01380	0.00901	0.06702	0.68039	0.02383	0.02276	0.02276	0.01755	0.00799	0.00583	0.00193	0.00458	0.04310	0.00569	0.00875
61	0.00693	0.00495	0.00661	0.00792	0.00828	0.00463	0.00535	0.00796	0.01085	0.01445	0.03098	0.77475	0.03706	0.01756	0.00720	0.00230	0.00333	0.03909	0.00522	0.00459
62	0.00684	0.00495	0.00648	0.00771	0.00813	0.00458	0.00517	0.00785	0.01090	0.01442	0.03259	0.75346	0.08129	0.01743	0.00715	0.00226	0.00324	0.01575	0.00522	0.00458
63	0.02273	0.01121	0.01380	0.01076	0.01495	0.01095	0.00883	0.21194	0.07555	0.49618	0.04859	0.01873	0.01457	0.00714	0.00569	0.00174	0.00504	0.00574	0.00650	0.00936
64	0.84197	0.01088	0.00827	0.00740	0.01088	0.01262	0.00609	0.01654	0.00958	0.02525	0.00784	0.00914	0.00609	0.00522	0.00348	0.00174	0.00435	0.00305	0.00348	0.00609
65	0.01044	0.00525	0.00526	0.00526	0.00655	0.00525	0.00392	0.01301	0.01172	0.02076	0.01834	0.02132	0.01456	0.02381	0.00447	0.00140	0.00268	0.00531	0.81546	0.00521
66	0.04320	0.00874	0.00928	0.02369	0.01147	0.04975	0.00699	0.06396	0.06021	0.10123	0.07171	0.07361	0.30941	0.01179	0.00640	0.00196	0.00434	0.13085	0.00527	0.00614
67	0.01374	0.01318	0.02251	0.07721	0.72591	0.01332	0.01718	0.01711	0.01273	0.01816	0.01055	0.01399	0.00883	0.00505	0.00557	0.00168	0.00673	0.00501	0.00277	0.00876
68	0.00884	0.04263	0.03747	0.00783	0.00951	0.03023	0.00616	0.01097	0.01386	0.03767	0.39027	0.21468	0.12813	0.02774	0.00694	0.00194	0.00352	0.01083	0.00540	0.00538
69	0.01446	0.04943	0.05667	0.02932	0.56215	0.08273	0.05871	0.01827	0.04126	0.01790	0.01079	0.01363	0.00890	0.00517	0.00550	0.00166	0.00712	0.00491	0.00288	0.00852
70	0.07456	0.21284	0.02081	0.01373	0.01677	0.25296	0.08380	0.04071	0.01266	0.01550	0.00852	0.01093	0.00740	0.00643	0.00804	0.00171	0.19899	0.00409	0.00279	0.00678
71	0.81038	0.01107	0.00860	0.00761	0.01114	0.01281	0.00627	0.04472	0.01023	0.02564	0.00805	0.00931	0.00623	0.00528	0.00357	0.00174	0.00442	0.00313	0.00357	0.00623
72	0.00824	0.00629	0.00929	0.00918	0.01009	0.00743	0.00712	0.01013	0.00899	0.01299	0.01484	0.02231	0.01404	0.07388	0.71268	0.00859	0.04984	0.00607	0.00301	0.00501
73	0.01749	0.01236	0.01391	0.01170	0.03636	0.02912	0.00919	0.31588	0.11380	0.12720	0.01753	0.01907	0.03541	0.00939	0.05520	0.00212	0.00598	0.03650	0.02474	0.10703
74	0.01378	0.01330	0.02293	0.06324	0.71618	0.01336	0.03985	0.01718	0.01277	0.01822	0.01059	0.01401	0.00885	0.00503	0.00561	0.00169	0.00680	0.00506	0.00278	0.00877
75	0.02496	0.00964	0.01305	0.01005	0.01437	0.00842	0.00829	0.02749	0.03490	0.75205	0.02222	0.01920	0.01401	0.00698	0.00566	0.00175	0.00478	0.00568	0.00693	0.00956
76	0.00778	0.00560	0.00756	0.00877	0.00959	0.00538	0.00677	0.00948	0.01186	0.01557	0.04473	0.44760	0.06876	0.01651	0.00739	0.00238	0.00403	0.31018	0.00522	0.00484
77	0.04522	0.10770	0.49226	0.01636	0.02347	0.01411	0.16362	0.01801	0.01215	0.04118	0.01040	0.01236	0.00759	0.00522	0.00536	0.00174	0.00804	0.00454	0.00266	0.00801
78	0.00689	0.00491	0.00652	0.00779	0.00811	0.00459	0.00518	0.00784	0.01071	0.01428	0.03068	0.77923	0.03680	0.03753	0.00773	0.00237	0.00332	0.01580	0.00518	0.00454
79	0.00761	0.00576	0.00705	0.00691	0.00837	0.00520	0.00524	0.00985	0.01467	0.01978	0.48700	0.07143	0.26000	0.01276	0.00673	0.00188	0.00289	0.05595	0.00582	0.00511
80	0.09167	0.01719	0.05786	0.02104	0.10493	0.15285	0.40601	0.01843	0.01313	0.01779	0.01027	0.01332	0.00801	0.00523	0.00634	0.00179	0.03846	0.00541	0.00287	0.00738
81	0.01136	0.04493	0.75792	0.01591	0.02415	0.01326	0.02057	0.01780	0.01187	0.01773	0.01005	0.01182	0.00713	0.00534	0.00531	0.00177	0.00827	0.00414	0.00238	0.00829
82	0.00713	0.00514	0.00681	0.00804	0.00858	0.00482	0.00566	0.00833	0.01116	0.01472	0.03223	0.66616	0.07480	0.01719	0.00723	0.00230	0.00349	0.10632	0.00522	0.00466
83	0.01327	0.01600	0.13001	0.02298	0.31330	0.07588	0.13682	0.01723	0.03039	0.01773	0.01263	0.04656	0.01105	0.00616	0.00574	0.00171	0.00717	0.04730	0.00310	0.08497
84	0.01459	0.07879	0.01507	0.05540	0.01541	0.10009	0.00974	0.21904	0.01516	0.01987	0.01337	0.01647	0.03349	0.01658	0.21467	0.00371	0.11746	0.00518	0.02905	0.00687
85	0.01852	0.03832	0.01671	0.14934	0.05693	0.48127	0.01188	0.09974	0.04456	0.01682	0.01007	0.01193	0.00801	0.00588	0.00525	0.00157	0.00879	0.00418	0.00322	0.00703
86	0.64971	0.02766	0.04348	0.02327	0.09163	0.01290	0.00821	0.03750	0.01061	0.02400	0.00863	0.01021	0.00674	0.00528	0.00389	0.00172	0.00487	0.00343	0.01965	0.00659
87	0.00696	0.00508	0.00645	0.00741	0.00799	0.00469	0.00500	0.00804	0.01119	0.01473	0.07334	0.61364	0.13608	0.06101	0.00829	0.00238	0.00330	0.01468	0.00517	0.00457
88	0.01280	0.01386	0.05833	0.06683	0.07751	0.01338	0.40927	0.04415	0.01293	0.01822	0.03389	0.02974	0.01055	0.00606	0.00760	0.00188	0.10063	0.00619	0.05568	0.02051
89	0.00936	0.00686	0.00967	0.01131	0.04039	0.00690	0.00938	0.01227	0.02925	0.01705	0.02892	0.06067	0.03116	0.01497	0.00764	0.00254	0.00522	0.68592	0.00510	0.00541
90	0.01505	0.80561	0.02949	0.00963	0.01444	0.02227	0.00963	0.01685	0.01143	0.01324	0.00782	0.00903	0.00722	0.00481	0.00361	0.00120	0.00602	0.00301	0.00241	0.00722
91	0.13783	0.04892	0.01473	0.01129	0.01515	0.07789	0.00923	0.41324	0.06179	0.05705	0.04624	0.01534	0.02678	0.00678	0.00520	0.00167	0.00576	0.00503	0.03183	0.00826
92	0.00784	0.00575	0.00735	0.00695	0.00833	0.00526	0.00521	0.01038	0.01563	0.02186	0.69659	0.04320	0.12109	0.01177	0.00664	0.00178	0.00267	0.01034	0.00610	0.00526
93	0.00843	0.00687	0.00770	0.00789	0.00978	0.00663	0.00629	0.01238	0.12752	0.01690	0.04369	0.07562	0.43175	0.01368	0.00682	0.00210	0.00373	0.20141	0.00529	0.00550
94	0.00804	0.00603	0.00904	0.00904	0.01005	0.00703	0.00703	0.01005	0.00904	0.01306	0.01507	0.02211	0.01407	0.04221	0.77992	0.00904	0.01507	0.00603	0.00301	0.00502
95	0.84197	0.01088	0.00827	0.00740	0.01088	0.01262	0.00609	0.01654	0.00958	0.02525	0.00784	0.00914	0.00609	0.00522	0.00348	0.00174	0.00435	0.00305	0.00348	0.00609
96	0.01527	0.01242	0.01320	0.01150	0.01489	0.01414	0.00905	0.13746	0.60836	0.04709	0.02225	0.02057	0.03292	0.00763	0.00573	0.00187	0.00469	0.00627	0.00574	0.00893
97	0.00699	0.00507	0.00661	0.00765	0.00822	0.00470	0.00524	0.00820	0.01146	0.01525	0.10118	0.65401	0.09554	0.01675	0.00710	0.00221	0.00322	0.03062	0.00531	0.00467
98	0.00681	0.00508	0.00635	0.00736	0.00804	0.00461	0.00501	0.00789	0.01123	0.01455	0.03682	0.63251	0.19952	0.01688	0.00706	0.00220	0.00317	0.01508	0.00522	0.00461
99	0.02399	0.03471	0.01450	0.01073	0.01513	0.01097	0.00891	0.20618	0.01854	0.56585	0.01962	0.01745	0.01265	0.00685	0.00559	0.00171	0.00517	0.00543	0.00650	0.00951
100	0.00774	0.00609	0.00703	0.00673	0.00842	0.00557	0.00507	0.01062	0.05706	0.01943	0.41553	0.04608	0.35916	0.01247	0.00659	0.00183	0.00284	0.01069	0.00575	0.00527
101	0.01049	0.00525	0.00525	0.00525	0.00656	0.00525	0.00393	0.01311	0.01180	0.02098	0.01836	0.02098	0.01442	0.00656	0.00393	0.00131	0.00262	0.00525	0.83346	0.00525
102	0.04286	0.00961	0.01296	0.00996	0.01429	0.00837	0.00822	0.02719	0.01597	0.75493	0.02189	0.01894	0.01376	0.00693	0.00561	0.00174	0.00478	0.00560	0.00689	0.00950
103	0.02103	0.01533	0.01650	0.01276	0.01717	0.01694	0.01050	0.67920	0.07357	0.05765	0.01439	0.01417	0.01020	0.00682	0.00564	0.00170	0.00604	0.00517	0.00568	0.00953
104	0.01828	0.02161	0.01605	0.01424	0.01635	0.50787	0.01107	0.05256	0.01424	0.01490	0.00882	0.01122	0.00760	0.00701	0.00885	0.00174	0.23029	0.00410	0.02668	0.00652
105	0.17680	0.03952	0.01541	0.04794	0.07812	0.50369	0.01065	0.03619	0.01440	0.01683	0.00883	0.01052	0.00722	0.00562	0.00481	0.00154	0.00846	0.00370	0.00303	0.00671
106	0.01048	0.01106	0.07785	0.21262	0.14375	0.01045	0.09606	0.01361	0.01141	0.01583	0.01560	0.18521	0.01521	0.01193	0.08615	0.00266	0.02976	0.00762	0.03627	0.00647
107	0.01061	0.00615	0.00702	0.03044	0.00868	0.00644	0.00515	0.04268	0.03482	0.01893	0.01815	0.06451	0.03118	0.02854	0.02097	0.11326	0.02025	0.00604	0.52106	0.00512
108	0.01257	0.02743	0.64419	0.01701	0.07296	0.07546	0.01947	0.01838	0.01237	0.03464	0.01029	0.01204	0.00741	0.00540	0.00535	0.00175	0.00828	0.00421	0.00255	0.00824
109	0.01210	0.07442	0.63500	0.01737	0.09812	0.01355	0.01947	0.01793	0.01204	0.03482	0.01029	0.01208	0.00747	0.00532	0.00527	0.00173	0.00793	0.00421	0.00252	0.00834
110	0.02525	0.00958	0.01306	0.01001	0.01437	0.00827	0.00827	0.02743	0.01611	0.77102	0.02220	0.01915	0.01393	0.00697	0.00566	0.00174	0.00479	0.00566	0.00697	0.00958
111	0.01231	0.02692	0.67447	0.01618	0.02407	0.01284	0.06937	0.01845	0.01225	0.06568	0.01096	0.01257	0.00766	0.00541	0.00545	0.00179	0.00817	0.00442	0.00270	0.00835
112	0.03612	0.01579	0.07524	0.03945	0.18074	0.11679	0.01235	0.22879	0.04036	0.05596	0.07384	0.01787	0.01366	0.00696	0.00602	0.00174	0.02961	0.03637	0.00424	0.00809
113	0.00807	0.00590	0.00839	0.00839	0.00918	0.00668	0.00622	0.00963	0.00885	0.01258	0.01567	0.02540	0.01550	0.21205	0.61203	0.00824	0.01292	0.00651	0.00310	0.00466
114	0.00807	0.00548	0.00614	0.00613	0.00629	0.00540	0.00351	0.00823	0.00868	0.01147	0.03672	0.03818	0.07422	0.72891	0.02660	0.00512	0.00521	0.00849	0.00360	0.00355
115	0.01549	0.01946	0.09094	0.05489	0.08804	0.26453	0.29296	0.03733	0.01421	0.01680	0.01227	0.01475	0.04054	0.00567	0.00585	0.00171	0.00890	0.00540	0.00297	0.00729
116	0.03739	0.01455	0.05129	0.05787	0.19399	0.01360	0.48566	0.01735	0.01286	0.01805	0.01158	0.03784	0.00931	0.00526	0.00624	0.00185	0.00840	0.00630	0.00289	0.00772
117	0.00897	0.00641	0.00896	0.01025	0.01151	0.00639	0.00890	0.01149	0.01286	0.01673	0.02985	0.09533	0.03260	0.01564	0.00775	0.00258	0.00510	0.69834	0.00518	0.00516
118	0.01304	0.01252	0.02145	0.12712	0.59320	0.01274	0.04761	0.01640	0.01273	0.01786	0.03386	0.01645	0.03867	0.00562	0.00570	0.00172	0.00665	0.00549	0.00294	0.00826
119	0.01674	0.40621	0.03683	0.01009	0.01417	0.09773	0.00913	0.04094	0.01373	0.16496	0.08592	0.01613	0.03491	0.00715	0.02166	0.00161	0.00605	0.00470	0.00392	0.00740
120	0.01134	0.02881	0.75860	0.01640	0.03868	0.01308	0.02072	0.01781	0.01190	0.01783	0.01011	0.01192	0.00716	0.00534	0.00535	0.00178	0.00829	0.00417	0.00238	0.00833
121	0.81043	0.01067	0.00816	0.00732	0.01072	0.01234	0.00601	0.01641	0.00966	0.02509	0.00824	0.00959	0.00641	0.00527	0.00350	0.00173	0.00429	0.00313	0.03497	0.00606
122	0.01135	0.01047	0.01452	0.01266	0.01292	0.01397	0.02333	0.01264	0.00904	0.01401	0.01086	0.05212	0.01103	0.10017	0.03565	0.00284	0.56454	0.00589	0.07629	0.00569
123	0.01774	0.01391	0.01499	0.01283	0.04550	0.04745	0.00989	0.46681	0.09303	0.02878	0.03728	0.09819	0.01436	0.00806	0.00614	0.00176	0.03022	0.00640	0.02210	0.02453
124	0.01223	0.00998	0.01185	0.02678	0.01398	0.00765	0.00695	0.01475	0.01185	0.05063	0.01053	0.01207	0.00856	0.00432	0.00427	0.00090	0.00427	0.00347	0.00347	0.78150
125	0.02102	0.02682	0.01595	0.01450	0.01740	0.77963	0.01087	0.02247	0.01595	0.01377	0.00870	0.01015	0.00725	0.00580	0.00507	0.00145	0.01015	0.00362	0.00290	0.00652
126	0.00775	0.00682	0.04398	0.00814	0.02194	0.00560	0.00631	0.00992	0.01349	0.01822	0.32644	0.24206	0.18710	0.01356	0.00679	0.00199	0.00338	0.06588	0.00543	0.00520
127	0.00813	0.00567	0.00725	0.00725	0.00763	0.00606	0.00479	0.00890	0.00851	0.01173	0.01672	0.03121	0.01802	0.51214	0.31539	0.00683	0.00913	0.00736	0.00326	0.00403
128	0.01231	0.01231	0.01724	0.01477	0.01477	0.01724	0.01231	0.01354	0.00862	0.01354	0.00739	0.01231	0.00739	0.00985	0.01847	0.00246	0.79192	0.00492	0.00246	0.00616
129	0.00804	0.00603	0.00904	0.00904	0.01005	0.00703	0.00703	0.01005	0.00904	0.01306	0.01507	0.02211	0.01407	0.04221	0.77992	0.00904	0.01507	0.00603	0.00301	0.00502
130	0.07229	0.01546	0.01635	0.01260	0.01704	0.01715	0.01041	0.70296	0.02541	0.03483	0.01316	0.01324	0.00935	0.00666	0.00550	0.00169	0.00608	0.00494	0.00550	0.00935
131	0.02126	0.01548	0.01668	0.01277	0.01728	0.01701	0.01055	0.71448	0.02588	0.05251	0.01364	0.01360	0.00965	0.00670	0.00560	0.00167	0.00611	0.00504	0.00561	0.02848
132	0.00691	0.00493	0.00659	0.00790	0.00825	0.00462	0.00532	0.00793	0.01083	0.01442	0.03099	0.78113	0.03711	0.01758	0.00720	0.00229	0.00331	0.03290	0.00522	0.00459
133	0.00685	0.00492	0.00651	0.00777	0.00815	0.00458	0.00520	0.00784	0.01084	0.01439	0.03179	0.77648	0.05879	0.01753	0.00717	0.00227	0.00325	0.01588	0.00522	0.00458
134	0.02102	0.02682	0.01595	0.01450	0.01740	0.77963	0.01087	0.02247	0.01595	0.01377	0.00870	0.01015	0.00725	0.00580	0.00507	0.00145	0.01015	0.00362	0.00290	0.00652
135	0.02411	0.01018	0.01331	0.01026	0.01451	0.00927	0.00845	0.11441	0.01736	0.65279	0.04971	0.01935	0.01491	0.00711	0.00569	0.00174	0.00488	0.00576	0.00677	0.00941
136	0.00804	0.00602	0.00898	0.00898	0.00996	0.00700	0.00696	0.01001	0.00903	0.01302	0.01513	0.02243	0.01421	0.05863	0.76369	0.00897	0.01487	0.00608	0.00302	0.00499
137	0.02219	0.01449	0.01610	0.01234	0.01682	0.01556	0.01020	0.60009	0.02433	0.18674	0.01530	0.01467	0.01047	0.00680	0.00564	0.00170	0.00590	0.00519	0.00590	0.00957
138	0.01363	0.01086	0.10248	0.00972	0.01289	0.00883	0.00863	0.11478	0.04885	0.15653	0.19149	0.02831	0.11395	0.01171	0.04261	0.07971	0.00515	0.02788	0.00513	0.00683
139	0.05429	0.35519	0.04538	0.01397	0.10749	0.16445	0.01088	0.11711	0.01446	0.01803	0.00965	0.01109	0.00802	0.00541	0.00447	0.00142	0.00676	0.00379	0.04064	0.00751
140	0.61665	0.01097	0.01024	0.09325	0.01469	0.01248	0.00765	0.06402	0.01149	0.09992	0.00988	0.01107	0.00726	0.00554	0.00407	0.00175	0.00486	0.00365	0.00386	0.00668
141	0.01832	0.31707	0.02095	0.01248	0.01607	0.42183	0.01035	0.05785	0.01449	0.01469	0.00873	0.01022	0.00751	0.00637	0.02183	0.00156	0.02638	0.00355	0.00285	0.00690
142	0.00855	0.00666	0.00973	0.00947	0.01035	0.00802	0.00741	0.01043	0.00904	0.01324	0.01442	0.02148	0.01356	0.06027	0.65940	0.00806	0.09628	0.00596	0.02256	0.00510
143	0.04499	0.01589	0.21194	0.05769	0.35504	0.01191	0.02782	0.01659	0.02937	0.03457	0.05098	0.07604	0.01348	0.00676	0.00568	0.00179	0.00651	0.02176	0.00326	0.00793
144	0.01387	0.01374	0.04062	0.03410	0.74951	0.01336	0.01735	0.01728	0.01279	0.01837	0.01057	0.01388	0.00887	0.00502	0.00557	0.00167	0.00672	0.00499	0.00278	0.00890
145	0.02516	0.00973	0.01315	0.01008	0.01444	0.00849	0.00833	0.04487	0.01636	0.75321	0.02199	0.01902	0.01383	0.00696	0.00566	0.00174	0.00482	0.00564	0.00693	0.00958
146	0.01332	0.44835	0.37160	0.01258	0.01900	0.01804	0.01477	0.01730	0.01164	0.01535	0.00887	0.01034	0.00718	0.00506	0.00441	0.00147	0.00708	0.00354	0.00239	0.00773
147	0.01331	0.05099	0.28831	0.01551	0.11129	0.01136	0.04163	0.06633	0.01350	0.10932	0.03174	0.11485	0.03246	0.00878	0.02256	0.00200	0.00659	0.04788	0.00389	0.00770
148	0.00687	0.00494	0.00653	0.00776	0.00815	0.00459	0.00520	0.00790	0.01093	0.01455	0.04595	0.76260	0.05836	0.01742	0.00716	0.00226	0.00324	0.01577	0.00524	0.00459
149	0.00786	0.00586	0.00737	0.00762	0.00898	0.00543	0.00598	0.01002	0.01386	0.01843	0.33112	0.10128	0.22232	0.03226	0.00749	0.00214	0.00347	0.19790	0.00556	0.00504
150	0.01345	0.01757	0.18980	0.05166	0.21304	0.05200	0.24596	0.01871	0.06606	0.03458	0.03408	0.01517	0.01027	0.00549	0.00588	0.00178	0.00781	0.00553	0.00311	0.00805
151	0.01430	0.50615	0.24904	0.01216	0.01790	0.07056	0.02857	0.01754	0.01191	0.01474	0.00863	0.01008	0.00722	0.00504	0.00429	0.00141	0.00705	0.00347	0.00244	0.00751
152	0.00858	0.00616	0.00848	0.00967	0.01082	0.00606	0.00813	0.01087	0.01270	0.01660	0.05912	0.18515	0.05673	0.01570	0.00760	0.00249	0.00469	0.56015	0.00523	0.00507
153	0.01292	0.01298	0.04922	0.24163	0.50492	0.01315	0.01659	0.01703	0.04436	0.01748	0.01094	0.01445	0.00881	0.00531	0.00558	0.00174	0.00688	0.00504	0.00282	0.00815
154	0.02073	0.03883	0.01693	0.01268	0.01706	0.01718	0.01049	0.70269	0.02551	0.03412	0.01391	0.03879	0.01040	0.00705	0.00562	0.00169	0.00609	0.00536	0.00552	0.00934
155	0.01923	0.01283	0.08654	0.01105	0.01526	0.01130	0.00971	0.25482	0.04257	0.30940	0.07290	0.05773	0.05491	0.00798	0.00582	0.00177	0.00524	0.00649	0.00582	0.00864
156	0.82423	0.01094	0.00858	0.00798	0.02708	0.01264	0.00633	0.01656	0.00965	0.02510	0.00789	0.00924	0.00616	0.00522	0.00353	0.00174	0.00440	0.00309	0.00347	0.00616
157	0.00692	0.00507	0.00656	0.00759	0.00818	0.00472	0.00518	0.00805	0.01112	0.01467	0.05650	0.64751	0.12863	0.01807	0.04034	0.00251	0.00370	0.01487	0.00516	0.00464
158	0.01012	0.00862	0.06154	0.00855	0.01085	0.00743	0.00711	0.01517	0.13745	0.06372	0.53390	0.03549	0.05709	0.01025	0.00634	0.00179	0.00346	0.00892	0.00588	0.00633
159	0.01084	0.00911	0.01078	0.00822	0.01242	0.00700	0.00641	0.01311	0.01166	0.01786	0.03473	0.13104	0.01397	0.00641	0.00469	0.00108	0.00399	0.00544	0.00370	0.68755
160	0.02102	0.02682	0.01595	0.01450	0.01740	0.77963	0.01087	0.02247	0.01595	0.01377	0.00870	0.01015	0.00725	0.00580	0.00507	0.00145	0.01015	0.00362	0.00290	0.00652
161	0.01393	0.01337	0.02284	0.03454	0.76712	0.01337	0.01727	0.01727	0.01281	0.01839	0.01059	0.01393	0.00891	0.00501	0.00557	0.00167	0.00669	0.00501	0.00279	0.00891
162	0.00792	0.00575	0.00747	0.00704	0.00838	0.00529	0.00528	0.01054	0.01584	0.02234	0.74252	0.04241	0.07487	0.01159	0.00664	0.00177	0.00266	0.01023	0.00617	0.00529
