[name]
unknown

[dist]
# distance from previous block
# <min> <max>
0	19

[block]
# block no. 0 follows, 46 sequences, length 15
# corresponding to MSA columns:
# 19-33
name=unknown_A
#
# <colnr> <probs for GDERKNQSTAVLIFYWHMCP>
#	G	D	E	R	K	N	Q	S	T	A	V	L	I	F	Y	W	H	M	C	P
0	0.00852	0.00608	0.00852	0.00974	0.01095	0.00608	0.00852	0.01095	0.01217	0.01582	0.02799	0.05963	0.03042	0.01460	0.00730	0.00243	0.00487	0.74565	0.00487	0.00487
1	0.00755	0.00566	0.00850	0.00850	0.00944	0.00661	0.00661	0.00944	0.00850	0.01227	0.01416	0.02077	0.01322	0.03965	0.79326	0.00850	0.01416	0.00566	0.00283	0.00472
2	0.00822	0.00588	0.00814	0.00910	0.01027	0.00580	0.00774	0.01057	0.01247	0.01650	0.14388	0.10562	0.03372	0.01415	0.00710	0.00230	0.00438	0.58429	0.00502	0.00485
3	0.02219	0.00936	0.01230	0.00947	0.01355	0.00832	0.00778	0.05186	0.05513	0.66666	0.01984	0.01743	0.01275	0.00640	0.00523	0.00159	0.00449	0.00519	0.00621	0.06427
4	0.00755	0.00566	0.00850	0.00850	0.00944	0.00661	0.00661	0.00944	0.00850	0.01227	0.01416	0.02077	0.01322	0.03965	0.79326	0.00850	0.01416	0.00566	0.00283	0.00472
5	0.85155	0.01022	0.00777	0.00695	0.01022	0.01186	0.00573	0.01554	0.00900	0.02372	0.00736	0.00859	0.00573	0.00491	0.00327	0.00164	0.00409	0.00286	0.00327	0.00573
6	0.00909	0.00465	0.00698	0.00698	0.00703	0.00471	0.00471	0.00703	0.00698	0.00936	0.00947	0.01634	0.00941	0.01957	0.06452	0.79863	0.00513	0.00465	0.00233	0.00243
7	0.01096	0.00940	0.01096	0.00783	0.01253	0.00705	0.00626	0.01331	0.01096	0.01723	0.00940	0.01096	0.00783	0.00392	0.00392	0.00078	0.00392	0.00313	0.00313	0.84653
8	0.01223	0.01349	0.02851	0.02261	0.11844	0.01282	0.62108	0.01635	0.01216	0.01667	0.01083	0.01455	0.00841	0.00681	0.05809	0.00220	0.00894	0.00601	0.00268	0.00712
9	0.00890	0.00648	0.00800	0.00739	0.00891	0.00631	0.00558	0.10384	0.01552	0.02157	0.56995	0.13064	0.06431	0.01103	0.00618	0.00172	0.00299	0.00967	0.00562	0.00539
10	0.00649	0.00533	0.00575	0.00601	0.00756	0.00459	0.00455	0.00788	0.01183	0.01433	0.04817	0.14448	0.61778	0.01389	0.00641	0.00189	0.00293	0.08074	0.00491	0.00448
11	0.01192	0.00989	0.01140	0.00834	0.01283	0.00809	0.00668	0.10472	0.01263	0.01906	0.01047	0.03852	0.00890	0.00464	0.00418	0.00093	0.00412	0.00374	0.00346	0.71546
12	0.00660	0.00491	0.00619	0.00708	0.00781	0.00450	0.00499	0.00779	0.01089	0.01416	0.06527	0.55738	0.19611	0.01549	0.00666	0.00207	0.00310	0.06966	0.00494	0.00440
13	0.11411	0.15491	0.42928	0.01328	0.04306	0.04540	0.03939	0.01597	0.01099	0.01652	0.01022	0.06539	0.00864	0.00571	0.00469	0.00160	0.00673	0.00445	0.00260	0.00707
14	0.01439	0.01252	0.03417	0.04168	0.01812	0.01219	0.17515	0.21692	0.13941	0.04799	0.01333	0.02998	0.01021	0.00563	0.00521	0.00149	0.00577	0.00510	0.00408	0.20667

[dist]
# distance from previous block
# <min> <max>
4	17

[block]
# block no. 1 follows, 46 sequences, length 41
# corresponding to MSA columns:
# 52-92
name=unknown_B
#
# <colnr> <probs for GDERKNQSTAVLIFYWHMCP>
#	G	D	E	R	K	N	Q	S	T	A	V	L	I	F	Y	W	H	M	C	P
0	0.09381	0.01155	0.01825	0.33333	0.12612	0.04504	0.16333	0.01505	0.01123	0.01613	0.00948	0.01287	0.00738	0.00484	0.00508	0.00159	0.00675	0.00458	0.00265	0.11094
1	0.00763	0.00557	0.00636	0.00605	0.00776	0.00483	0.00458	0.00943	0.01329	0.05749	0.32103	0.04491	0.46789	0.01207	0.00619	0.00173	0.00271	0.01026	0.00533	0.00490
2	0.00719	0.00539	0.00666	0.00635	0.00772	0.00486	0.00476	0.00941	0.01428	0.01957	0.60787	0.04217	0.22147	0.01141	0.00624	0.00169	0.00254	0.00994	0.00561	0.00486
3	0.00794	0.00614	0.00887	0.00880	0.00944	0.00724	0.00672	0.00930	0.00864	0.01234	0.01579	0.16212	0.01633	0.05336	0.49439	0.04797	0.10967	0.00723	0.00313	0.00461
4	0.00655	0.00469	0.00606	0.00711	0.00747	0.00438	0.00471	0.00740	0.00999	0.01323	0.02919	0.70145	0.07036	0.09006	0.00858	0.00240	0.00324	0.01416	0.00475	0.00420
5	0.01340	0.01227	0.01975	0.16848	0.55198	0.01289	0.01518	0.10863	0.01337	0.01859	0.01019	0.01322	0.00821	0.00502	0.00525	0.00161	0.00636	0.00471	0.00290	0.00800
6	0.00767	0.00535	0.00692	0.00679	0.00797	0.00490	0.00499	0.00977	0.01382	0.04161	0.56076	0.19157	0.09400	0.01199	0.00631	0.00177	0.00268	0.01062	0.00560	0.00493
7	0.01072	0.00883	0.01094	0.00948	0.01181	0.06757	0.09974	0.04965	0.03529	0.08895	0.07597	0.19699	0.29072	0.01100	0.00608	0.00180	0.00443	0.00965	0.00470	0.00569
8	0.30842	0.03255	0.01238	0.01070	0.01382	0.41047	0.00833	0.01966	0.01285	0.11262	0.00945	0.01024	0.00721	0.00538	0.00429	0.00149	0.00695	0.00344	0.00338	0.00636
9	0.19677	0.00969	0.01419	0.59373	0.04630	0.01187	0.01267	0.01400	0.01021	0.01584	0.00891	0.01280	0.00678	0.00526	0.00507	0.00174	0.02143	0.00429	0.00256	0.00589
10	0.00716	0.00497	0.00661	0.00746	0.00781	0.00489	0.00504	0.00810	0.03324	0.01302	0.02504	0.61445	0.02935	0.05626	0.03206	0.10738	0.01591	0.01266	0.00441	0.00415
11	0.00648	0.00462	0.00612	0.00731	0.00761	0.00432	0.00486	0.00737	0.01005	0.01340	0.02877	0.78764	0.03450	0.04033	0.00735	0.00224	0.00313	0.01481	0.00486	0.00426
12	0.00644	0.00460	0.00613	0.00736	0.00767	0.00429	0.00491	0.00736	0.01012	0.01350	0.02914	0.81076	0.03497	0.01656	0.00675	0.00215	0.00307	0.01503	0.00491	0.00429
13	0.01055	0.00603	0.00788	0.00720	0.00895	0.00543	0.00547	0.01267	0.01419	0.17423	0.48059	0.13182	0.09237	0.01084	0.00611	0.00173	0.00298	0.00950	0.00579	0.00568
14	0.00802	0.00552	0.00724	0.00674	0.00808	0.00508	0.00508	0.01050	0.01497	0.04672	0.75312	0.03877	0.04865	0.01067	0.00620	0.00166	0.00256	0.00942	0.00584	0.00512
15	0.01671	0.01092	0.01191	0.00970	0.01292	0.01178	0.00783	0.35025	0.14778	0.12228	0.01641	0.01638	0.01191	0.00646	0.00489	0.00154	0.00450	0.00508	0.22292	0.00783
16	0.01233	0.01020	0.01169	0.00848	0.01311	0.00844	0.00683	0.12531	0.01304	0.01963	0.00989	0.01122	0.00800	0.00428	0.00412	0.00090	0.00420	0.00338	0.00345	0.72151
17	0.01684	0.01153	0.01274	0.01058	0.01401	0.01256	0.00847	0.25671	0.34435	0.16262	0.01932	0.03433	0.02951	0.00709	0.00533	0.00169	0.00464	0.00574	0.03355	0.00840
18	0.01313	0.01237	0.01798	0.05512	0.01720	0.01565	0.10474	0.14856	0.01179	0.01700	0.00857	0.01223	0.00745	0.00793	0.01317	0.00209	0.52073	0.00485	0.00290	0.00653
19	0.00671	0.00485	0.00612	0.00685	0.00739	0.00451	0.00460	0.00775	0.01062	0.01412	0.12335	0.53081	0.11668	0.11872	0.00924	0.00243	0.00322	0.01297	0.00480	0.00426
20	0.01107	0.02244	0.52900	0.01599	0.02201	0.01315	0.13502	0.01605	0.01082	0.01605	0.00922	0.01172	0.00695	0.00570	0.00743	0.00181	0.15152	0.00440	0.00232	0.00734
21	0.00657	0.00470	0.00625	0.00727	0.00770	0.00438	0.00492	0.00769	0.01072	0.01445	0.12228	0.71489	0.03682	0.01585	0.00668	0.00209	0.00300	0.01435	0.00502	0.00438
22	0.00918	0.00459	0.00689	0.00689	0.00689	0.00459	0.00459	0.00689	0.00689	0.00918	0.00918	0.01607	0.00918	0.01837	0.02066	0.84619	0.00459	0.00459	0.00230	0.00230
23	0.09876	0.01483	0.01499	0.01172	0.01576	0.05437	0.00962	0.64293	0.03607	0.03120	0.01212	0.01227	0.00870	0.00618	0.00507	0.00158	0.00581	0.00453	0.00497	0.00853
24	0.02054	0.01203	0.01379	0.01069	0.01465	0.01252	0.00879	0.43195	0.04381	0.29961	0.01615	0.01523	0.01095	0.00643	0.00520	0.00159	0.00509	0.00501	0.05724	0.00872
25	0.01958	0.11378	0.01680	0.01141	0.01562	0.01585	0.00961	0.56230	0.04382	0.11884	0.01325	0.01300	0.00941	0.00617	0.00506	0.00154	0.00559	0.00462	0.00506	0.00870
26	0.01240	0.01402	0.02986	0.02154	0.02641	0.01362	0.69544	0.01656	0.01209	0.01656	0.01036	0.01402	0.00793	0.00488	0.00722	0.00183	0.07951	0.00610	0.00264	0.00701
27	0.01185	0.01215	0.01759	0.01467	0.01524	0.03452	0.08266	0.01332	0.00868	0.01313	0.00733	0.01177	0.00704	0.00871	0.01599	0.00224	0.71010	0.00475	0.00236	0.00592
28	0.01173	0.01102	0.01782	0.36672	0.35948	0.01228	0.01457	0.01651	0.10582	0.01622	0.01114	0.01435	0.00876	0.00527	0.00527	0.00168	0.00636	0.00486	0.00284	0.00728
29	0.00863	0.00626	0.00773	0.00717	0.00876	0.00606	0.00544	0.01259	0.10884	0.04561	0.61292	0.03707	0.09166	0.01038	0.00610	0.00169	0.00278	0.00908	0.00573	0.00550
30	0.01042	0.00984	0.01665	0.69269	0.14180	0.01186	0.01490	0.01389	0.01078	0.01404	0.00947	0.01395	0.00723	0.00520	0.00528	0.00173	0.00694	0.00470	0.00239	0.00623
31	0.00643	0.00463	0.00611	0.00729	0.00765	0.00430	0.00488	0.00737	0.01019	0.01352	0.02995	0.78556	0.05964	0.01646	0.00673	0.00213	0.00305	0.01490	0.00491	0.00430
32	0.70241	0.01000	0.00858	0.00739	0.01081	0.01112	0.00609	0.01738	0.01010	0.16085	0.00979	0.01028	0.00705	0.00520	0.00364	0.00164	0.00416	0.00330	0.00386	0.00631
33	0.01231	0.01187	0.02078	0.18418	0.48280	0.01226	0.10810	0.03203	0.01209	0.01676	0.01088	0.01573	0.00917	0.00532	0.00547	0.00168	0.00668	0.04160	0.00274	0.00756
34	0.00802	0.00602	0.00838	0.00829	0.00906	0.00687	0.00620	0.03117	0.00900	0.01271	0.01581	0.10874	0.01616	0.16310	0.51867	0.00673	0.05035	0.00695	0.00317	0.00460
35	0.01300	0.15600	0.01862	0.02035	0.38578	0.01250	0.01191	0.05254	0.03089	0.05662	0.05189	0.03655	0.05323	0.00677	0.00523	0.00160	0.00544	0.07021	0.00347	0.00739
36	0.00998	0.00940	0.01586	0.80150	0.03641	0.01175	0.01468	0.01351	0.01057	0.01351	0.00940	0.01409	0.00705	0.00529	0.00529	0.00176	0.00705	0.00470	0.00235	0.00587
37	0.03048	0.51667	0.11893	0.01048	0.01533	0.01862	0.01052	0.19080	0.01406	0.01806	0.00886	0.00980	0.00727	0.00502	0.00404	0.00131	0.00593	0.00341	0.00298	0.00741
38	0.03301	0.05433	0.06114	0.00990	0.01371	0.01089	0.00847	0.25913	0.01618	0.15582	0.04193	0.13446	0.01451	0.00744	0.00514	0.00152	0.00480	0.00609	0.00469	0.15682
39	0.01309	0.43302	0.15995	0.04182	0.07769	0.04575	0.10517	0.01610	0.01141	0.01445	0.03142	0.01119	0.00834	0.00487	0.00438	0.00139	0.00659	0.00388	0.00246	0.00702
40	0.02010	0.01481	0.01587	0.01216	0.01639	0.01639	0.01005	0.76360	0.02486	0.03332	0.01269	0.01269	0.00899	0.00635	0.00529	0.00159	0.00582	0.00476	0.00529	0.00899

[dist]
# distance from previous block
# <min> <max>
0	2

[block]
# block no. 2 follows, 46 sequences, length 41
# corresponding to MSA columns:
# 95-135
name=unknown_C
#
# <colnr> <probs for GDERKNQSTAVLIFYWHMCP>
#	G	D	E	R	K	N	Q	S	T	A	V	L	I	F	Y	W	H	M	C	P
0	0.01428	0.01174	0.07981	0.36033	0.13295	0.01138	0.03344	0.06084	0.03674	0.18751	0.01264	0.01468	0.00897	0.00556	0.00529	0.00169	0.00632	0.00486	0.00359	0.00737
1	0.01081	0.02438	0.63870	0.01507	0.02152	0.01295	0.03860	0.01608	0.01069	0.01608	0.00910	0.01131	0.00677	0.00571	0.00709	0.00178	0.13953	0.00409	0.00226	0.00746
2	0.85155	0.01022	0.00777	0.00695	0.01022	0.01186	0.00573	0.01554	0.00900	0.02372	0.00736	0.00859	0.00573	0.00491	0.00327	0.00164	0.00409	0.00286	0.00327	0.00573
3	0.01197	0.05150	0.54414	0.01377	0.02011	0.01174	0.04657	0.01690	0.01173	0.09456	0.06520	0.01391	0.01051	0.00572	0.00566	0.00167	0.04285	0.00452	0.00296	0.02402
4	0.01975	0.02520	0.01498	0.01362	0.01634	0.79299	0.01021	0.02111	0.01498	0.01294	0.00817	0.00953	0.00681	0.00545	0.00477	0.00136	0.00953	0.00340	0.00272	0.00613
5	0.01084	0.00659	0.00823	0.00796	0.00960	0.00625	0.00594	0.08741	0.01325	0.14397	0.10596	0.40114	0.11875	0.01283	0.00627	0.00192	0.00354	0.03858	0.00531	0.00566
6	0.01248	0.01316	0.02506	0.08798	0.03803	0.01409	0.45298	0.05835	0.01192	0.01653	0.00975	0.01346	0.00773	0.00584	0.00885	0.00190	0.20680	0.00559	0.00270	0.00681
7	0.02359	0.00921	0.01240	0.00951	0.01360	0.00809	0.00785	0.05301	0.01549	0.75714	0.02055	0.01780	0.01294	0.00654	0.00532	0.00163	0.00455	0.00530	0.00650	0.00900
8	0.00754	0.00566	0.00703	0.00679	0.00811	0.00532	0.00505	0.01044	0.05746	0.01959	0.56668	0.11795	0.13947	0.01151	0.00624	0.00173	0.00267	0.01011	0.00559	0.00504
9	0.00918	0.00459	0.00689	0.00689	0.00689	0.00459	0.00459	0.00689	0.00689	0.00918	0.00918	0.01607	0.00918	0.01837	0.02066	0.84619	0.00459	0.00459	0.00230	0.00230
10	0.02010	0.01481	0.01587	0.01216	0.01639	0.01639	0.01005	0.76360	0.02486	0.03332	0.01269	0.01269	0.00899	0.00635	0.00529	0.00159	0.00582	0.00476	0.00529	0.00899
11	0.01133	0.01132	0.08965	0.00877	0.01367	0.00794	0.00776	0.01478	0.05466	0.03426	0.01035	0.01164	0.00831	0.00427	0.00414	0.00095	0.00434	0.00342	0.00324	0.69521
12	0.01403	0.73585	0.02707	0.01142	0.09134	0.02007	0.00977	0.01587	0.01087	0.01293	0.00761	0.00895	0.00695	0.00454	0.00358	0.00118	0.00572	0.00302	0.00230	0.00695
13	0.12530	0.01074	0.01214	0.00992	0.01359	0.01121	0.00803	0.13645	0.24417	0.34447	0.01811	0.01652	0.01245	0.00650	0.00507	0.00168	0.00455	0.00512	0.00559	0.00839
14	0.01376	0.01384	0.02080	0.03054	0.70374	0.09162	0.01562	0.01672	0.01234	0.01683	0.00976	0.01272	0.00822	0.00479	0.00519	0.00155	0.00661	0.00458	0.00263	0.00815
15	0.00924	0.00728	0.00853	0.00867	0.01006	0.00781	0.00635	0.03247	0.26562	0.01673	0.02498	0.39381	0.03665	0.05693	0.05241	0.00255	0.00433	0.04496	0.00486	0.00577
16	0.00672	0.00537	0.00601	0.00585	0.00743	0.00466	0.00439	0.00850	0.01316	0.01692	0.33039	0.04653	0.50060	0.01240	0.00624	0.00174	0.00261	0.01055	0.00526	0.00466
17	0.07075	0.00898	0.01188	0.00920	0.01317	0.00794	0.00758	0.02479	0.01478	0.72242	0.03880	0.01799	0.01357	0.00655	0.00522	0.00164	0.00443	0.00528	0.00634	0.00871
18	0.00724	0.00534	0.00677	0.00652	0.00778	0.00487	0.00485	0.00948	0.01425	0.01975	0.63001	0.09125	0.14917	0.01154	0.00627	0.00171	0.00256	0.01014	0.00563	0.00487
19	0.00662	0.00477	0.00631	0.00745	0.00791	0.00446	0.00516	0.00771	0.01047	0.01388	0.04580	0.70167	0.06730	0.01615	0.00676	0.00214	0.00318	0.07298	0.00492	0.00436
20	0.01315	0.01136	0.01195	0.01076	0.01375	0.01315	0.00837	0.02809	0.77168	0.02211	0.02152	0.01972	0.01614	0.00717	0.00538	0.00179	0.00418	0.00598	0.00538	0.00837
21	0.01982	0.01447	0.01557	0.01202	0.01618	0.01600	0.00990	0.70563	0.06405	0.05220	0.01337	0.01320	0.00947	0.00639	0.00529	0.00160	0.00570	0.00484	0.00533	0.00896
22	0.01831	0.01529	0.09325	0.01209	0.01643	0.01502	0.01063	0.61317	0.03664	0.04803	0.01367	0.05852	0.01048	0.00682	0.00535	0.00163	0.00580	0.00530	0.00499	0.00859
23	0.05865	0.00725	0.00791	0.00718	0.00826	0.00758	0.00481	0.14564	0.01121	0.03627	0.01621	0.07194	0.01730	0.55517	0.01993	0.00402	0.00506	0.00723	0.00377	0.00461
24	0.00790	0.00584	0.00791	0.00780	0.00845	0.00660	0.00565	0.00951	0.03141	0.01189	0.01501	0.02517	0.01516	0.30255	0.48277	0.00694	0.03571	0.00633	0.00302	0.00435
25	0.00650	0.00463	0.00612	0.00729	0.00758	0.00433	0.00483	0.00738	0.01001	0.01334	0.02855	0.77451	0.03423	0.05381	0.00769	0.00229	0.00316	0.01469	0.00483	0.00424
26	0.01118	0.01099	0.01545	0.01336	0.01345	0.01526	0.01109	0.01240	0.00813	0.01268	0.00764	0.01246	0.00755	0.01220	0.09249	0.00291	0.72800	0.00473	0.00236	0.00568
27	0.00647	0.00529	0.00553	0.00559	0.00707	0.00455	0.00404	0.00770	0.01163	0.01417	0.08493	0.09728	0.61760	0.09459	0.00837	0.00214	0.00294	0.01097	0.00478	0.00435
28	0.00748	0.00533	0.00712	0.00726	0.00776	0.00575	0.00504	0.00850	0.00836	0.01160	0.01688	0.11664	0.01812	0.34950	0.39419	0.00641	0.00925	0.00755	0.00322	0.00406
29	0.01271	0.01223	0.02053	0.08531	0.65048	0.01287	0.01564	0.01568	0.01153	0.01654	0.00960	0.01300	0.00813	0.00521	0.00646	0.00166	0.08720	0.00470	0.00257	0.00793
30	0.00721	0.00535	0.00672	0.00647	0.00776	0.00486	0.00482	0.00941	0.01418	0.01956	0.61034	0.08762	0.17295	0.01159	0.00627	0.00171	0.00256	0.01016	0.00561	0.00486
31	0.01252	0.01374	0.02825	0.02351	0.16516	0.01344	0.56724	0.01648	0.01206	0.01667	0.01027	0.01384	0.00800	0.00487	0.00691	0.00178	0.06954	0.00583	0.00264	0.00726
32	0.00912	0.00565	0.00673	0.00654	0.00715	0.00553	0.00420	0.00961	0.00917	0.08960	0.02181	0.13856	0.08848	0.53065	0.01988	0.00399	0.02665	0.00867	0.00390	0.00412
33	0.01653	0.01270	0.01372	0.01132	0.01480	0.01416	0.00918	0.44665	0.26117	0.02786	0.03134	0.04127	0.01412	0.00750	0.00550	0.00172	0.00510	0.05174	0.00529	0.00832
34	0.27612	0.20542	0.36532	0.01111	0.01673	0.01415	0.01275	0.01615	0.01038	0.01794	0.00832	0.00973	0.00641	0.00487	0.00409	0.00154	0.00614	0.00333	0.00257	0.00692
35	0.01267	0.01214	0.02071	0.13484	0.68207	0.01245	0.01602	0.01586	0.01184	0.01677	0.00987	0.01322	0.00820	0.00479	0.00524	0.00160	0.00638	0.00471	0.00258	0.00804
36	0.01245	0.01153	0.01975	0.25712	0.27903	0.01184	0.14532	0.04831	0.01221	0.04101	0.01031	0.01349	0.00803	0.00488	0.00528	0.00158	0.00663	0.00482	0.00285	0.10358
37	0.00645	0.00504	0.00585	0.00633	0.00744	0.00444	0.00449	0.00773	0.01153	0.01464	0.11497	0.36860	0.39477	0.01447	0.00646	0.00192	0.00282	0.01262	0.00500	0.00444
38	0.01043	0.01050	0.01770	0.09534	0.08190	0.03505	0.24161	0.01318	0.01156	0.01517	0.02103	0.07311	0.15620	0.00868	0.00747	0.00191	0.10035	0.08942	0.00339	0.00599
39	0.00859	0.00685	0.00751	0.00701	0.00901	0.00645	0.00534	0.08612	0.06033	0.01757	0.12784	0.11602	0.41646	0.02613	0.00642	0.00181	0.00328	0.03307	0.00496	0.04924
40	0.76732	0.01069	0.00859	0.00748	0.01085	0.01232	0.00616	0.09133	0.01060	0.02469	0.00790	0.00900	0.00606	0.00505	0.00348	0.00163	0.00426	0.00305	0.00348	0.00606

[dist]
# distance from previous block
# <min> <max>
2	5

[block]
# block no. 3 follows, 46 sequences, length 22
# corresponding to MSA columns:
# 141-162
name=unknown_D
#
# <colnr> <probs for GDERKNQSTAVLIFYWHMCP>
#	G	D	E	R	K	N	Q	S	T	A	V	L	I	F	Y	W	H	M	C	P
0	0.03371	0.10920	0.01570	0.04492	0.01572	0.01434	0.00907	0.39634	0.09010	0.02527	0.01193	0.01246	0.00900	0.00561	0.00474	0.00139	0.00526	0.00425	0.00431	0.18667
1	0.48033	0.01432	0.06600	0.00945	0.01314	0.14277	0.00813	0.09750	0.01246	0.09872	0.00957	0.01031	0.00706	0.00532	0.00407	0.00159	0.00549	0.00348	0.00365	0.00662
2	0.00651	0.00468	0.00612	0.00719	0.00758	0.00435	0.00481	0.00747	0.01027	0.01366	0.05389	0.72475	0.06721	0.04516	0.00744	0.00222	0.00311	0.01442	0.00488	0.00428
3	0.01043	0.00927	0.10105	0.00798	0.00999	0.00781	0.00675	0.12452	0.01179	0.01733	0.03151	0.02330	0.01474	0.28833	0.10353	0.00353	0.00588	0.00592	0.21107	0.00527
4	0.00662	0.00467	0.00608	0.00714	0.00740	0.00441	0.00467	0.00741	0.00978	0.01304	0.02739	0.70202	0.03276	0.12831	0.00957	0.00256	0.00336	0.01400	0.00467	0.00414
5	0.02099	0.00907	0.01178	0.00935	0.01310	0.00831	0.00761	0.02485	0.12247	0.62106	0.04564	0.02027	0.04642	0.00705	0.00539	0.00167	0.00432	0.00578	0.00629	0.00860
6	0.04179	0.01371	0.01296	0.01186	0.04574	0.14395	0.00886	0.23290	0.26272	0.02236	0.01764	0.11107	0.03573	0.00777	0.00537	0.00169	0.00546	0.00628	0.00466	0.00749
7	0.00648	0.00532	0.00571	0.00571	0.00731	0.00455	0.00425	0.00801	0.01246	0.01549	0.18399	0.09425	0.60191	0.01311	0.00628	0.00178	0.00267	0.01110	0.00507	0.00455
8	0.01902	0.01609	0.01501	0.01216	0.01591	0.16094	0.00977	0.49423	0.13998	0.04317	0.01340	0.01331	0.00979	0.00631	0.00521	0.00158	0.00623	0.00471	0.00485	0.00836
9	0.00733	0.00563	0.00829	0.02685	0.00983	0.00528	0.05669	0.00884	0.01093	0.01500	0.11617	0.59095	0.03261	0.01400	0.00642	0.00198	0.00350	0.01278	0.03516	0.03177
10	0.00675	0.00505	0.00620	0.00657	0.00752	0.00458	0.00463	0.00821	0.01195	0.01584	0.25711	0.35379	0.22913	0.04870	0.00734	0.00204	0.00289	0.01210	0.00510	0.00450
11	0.00667	0.00494	0.00594	0.00663	0.00730	0.00454	0.00449	0.00759	0.01027	0.01322	0.03340	0.45389	0.22859	0.15280	0.01010	0.00257	0.00337	0.03492	0.00461	0.00417
12	0.03379	0.01473	0.01329	0.01116	0.01438	0.17473	0.00883	0.33284	0.16868	0.02441	0.08864	0.01813	0.05879	0.00713	0.00530	0.00160	0.00573	0.00551	0.00476	0.00756
13	0.05553	0.02495	0.65385	0.01430	0.02144	0.01275	0.01768	0.10620	0.01269	0.01909	0.00976	0.01121	0.00692	0.00518	0.00496	0.00166	0.00738	0.00395	0.00265	0.00785
14	0.01318	0.01372	0.04815	0.06365	0.22495	0.01312	0.39022	0.10577	0.01363	0.01870	0.01120	0.03819	0.00897	0.00518	0.00579	0.00171	0.00754	0.00578	0.00301	0.00755
15	0.00983	0.00591	0.00776	0.00706	0.00871	0.00536	0.00538	0.01217	0.01472	0.13464	0.61738	0.06853	0.06085	0.01047	0.00612	0.00168	0.00282	0.00919	0.00587	0.00555
16	0.01134	0.10624	0.01297	0.00798	0.01265	0.00871	0.00660	0.01361	0.01094	0.01665	0.00915	0.01066	0.00770	0.00399	0.00385	0.00082	0.00412	0.00310	0.00303	0.74587
17	0.00790	0.00541	0.00631	0.00630	0.00663	0.00537	0.00388	0.03295	0.00946	0.01277	0.10953	0.14005	0.02470	0.58265	0.02097	0.00419	0.00455	0.00881	0.00382	0.00376
18	0.04353	0.02846	0.01237	0.02486	0.01352	0.00925	0.00776	0.12976	0.02723	0.49536	0.01851	0.06007	0.01335	0.04889	0.00635	0.00180	0.00468	0.00566	0.00566	0.04292
19	0.13723	0.04797	0.17796	0.01213	0.04717	0.19121	0.02242	0.01684	0.02147	0.08762	0.04335	0.10875	0.02424	0.00711	0.00537	0.00165	0.03199	0.00551	0.00347	0.00656
20	0.06928	0.09726	0.07806	0.07149	0.33535	0.06405	0.01278	0.03191	0.03673	0.01650	0.01073	0.01434	0.00914	0.00938	0.09938	0.00240	0.00728	0.02397	0.00282	0.00716
21	0.07790	0.26280	0.01733	0.01152	0.05351	0.32476	0.00895	0.01708	0.01280	0.03083	0.06196	0.03151	0.05656	0.00618	0.00450	0.00139	0.00665	0.00442	0.00308	0.00626

[dist]
# distance from previous block
# <min> <max>
0	28

[block]
# block no. 4 follows, 46 sequences, length 38
# corresponding to MSA columns:
# 191-228
name=unknown_E
#
# <colnr> <probs for GDERKNQSTAVLIFYWHMCP>
#	G	D	E	R	K	N	Q	S	T	A	V	L	I	F	Y	W	H	M	C	P
0	0.00878	0.00587	0.00741	0.00749	0.00862	0.00549	0.00527	0.04949	0.01140	0.05839	0.09613	0.47483	0.04618	0.08316	0.00867	0.03845	0.00354	0.01140	0.00472	0.06471
1	0.01371	0.01077	0.01144	0.00976	0.01278	0.03300	0.00773	0.19447	0.29906	0.05929	0.11491	0.02434	0.11304	0.00810	0.00551	0.00167	0.00434	0.02104	0.00521	0.04983
2	0.00923	0.00730	0.00897	0.04832	0.01133	0.00767	0.00687	0.01508	0.21949	0.01991	0.38840	0.05350	0.05699	0.01029	0.00612	0.00183	0.00354	0.11391	0.00534	0.00590
3	0.02010	0.01481	0.01587	0.01216	0.01639	0.01639	0.01005	0.76360	0.02486	0.03332	0.01269	0.01269	0.00899	0.00635	0.00529	0.00159	0.00582	0.00476	0.00529	0.00899
4	0.01881	0.02327	0.01403	0.01279	0.01538	0.71818	0.00960	0.02028	0.01461	0.01358	0.00903	0.01050	0.00745	0.00552	0.00467	0.00135	0.00886	0.00355	0.08254	0.00601
5	0.00693	0.00521	0.00573	0.00586	0.00676	0.00476	0.00391	0.00778	0.01028	0.01298	0.07095	0.11953	0.35775	0.32872	0.01445	0.00314	0.00371	0.02329	0.00428	0.00398
6	0.00955	0.00588	0.00762	0.00692	0.00858	0.00532	0.00528	0.01189	0.01475	0.12251	0.61969	0.03753	0.10302	0.01044	0.00611	0.00167	0.00278	0.00912	0.00584	0.00548
7	0.09205	0.00796	0.00835	0.05422	0.01071	0.00863	0.00601	0.17684	0.02681	0.02273	0.01492	0.01679	0.01147	0.00605	0.00413	0.00139	0.00365	0.00470	0.51659	0.00600
8	0.01413	0.81739	0.02770	0.00905	0.01357	0.02092	0.00905	0.01583	0.01074	0.01244	0.00735	0.00848	0.00678	0.00452	0.00339	0.00113	0.00565	0.00283	0.00226	0.00678
9	0.03581	0.01785	0.01430	0.01199	0.01525	0.32994	0.00943	0.36141	0.01933	0.02345	0.08352	0.01400	0.01201	0.00637	0.00510	0.00150	0.00691	0.00463	0.01991	0.00731
10	0.01235	0.01163	0.01958	0.08383	0.65541	0.01180	0.01488	0.01522	0.01152	0.01634	0.01054	0.01520	0.00931	0.08159	0.00729	0.00192	0.00622	0.00499	0.00265	0.00771
11	0.01494	0.01481	0.01441	0.01240	0.01415	0.20423	0.00984	0.16405	0.07152	0.01734	0.01052	0.01415	0.00924	0.07867	0.03043	0.00229	0.30248	0.00475	0.00333	0.00645
12	0.00772	0.00568	0.00746	0.00825	0.00947	0.00543	0.00681	0.00977	0.01223	0.01590	0.12423	0.14834	0.17213	0.01416	0.00691	0.00218	0.00395	0.42963	0.00500	0.00474
13	0.00654	0.00475	0.00595	0.00690	0.00749	0.00436	0.00468	0.00756	0.01043	0.01375	0.03275	0.63778	0.16332	0.03296	0.00700	0.00212	0.00303	0.01389	0.03042	0.00432
14	0.00667	0.00489	0.00633	0.00706	0.00771	0.00460	0.00489	0.00790	0.01083	0.01446	0.13237	0.53725	0.12386	0.03941	0.06323	0.00257	0.00379	0.01295	0.00484	0.00441
15	0.85155	0.01022	0.00777	0.00695	0.01022	0.01186	0.00573	0.01554	0.00900	0.02372	0.00736	0.00859	0.00573	0.00491	0.00327	0.00164	0.00409	0.00286	0.00327	0.00573
16	0.00681	0.00510	0.00685	0.00783	0.00811	0.00514	0.00538	0.00774	0.00998	0.01344	0.02756	0.75381	0.03297	0.01604	0.00750	0.00216	0.06017	0.01429	0.00472	0.00440
17	0.01865	0.01386	0.01487	0.01146	0.01554	0.01507	0.00943	0.67186	0.02324	0.03115	0.01544	0.01533	0.06380	0.00673	0.00529	0.00156	0.00550	0.00513	0.00515	0.05095
18	0.01660	0.47097	0.02218	0.01099	0.01478	0.32881	0.00955	0.04619	0.01297	0.01343	0.00788	0.00906	0.00688	0.00496	0.00401	0.00124	0.00721	0.00313	0.00256	0.00661
19	0.77259	0.01164	0.00845	0.00759	0.01080	0.08601	0.00615	0.01607	0.00956	0.02270	0.00744	0.00868	0.00583	0.00496	0.00341	0.00161	0.00461	0.00291	0.00322	0.00576
20	0.01495	0.01213	0.01328	0.05119	0.03079	0.06843	0.00918	0.31371	0.05957	0.02299	0.03611	0.02681	0.01135	0.00838	0.04075	0.00195	0.12881	0.00507	0.13749	0.00707
21	0.00653	0.00466	0.00618	0.00728	0.00764	0.00435	0.00487	0.00752	0.01033	0.01385	0.07088	0.74886	0.03542	0.03537	0.00720	0.00219	0.00308	0.01455	0.00492	0.00431
22	0.01045	0.00888	0.01619	0.08794	0.01763	0.00937	0.22481	0.01323	0.01030	0.06879	0.01300	0.01783	0.01097	0.02312	0.41596	0.00528	0.03171	0.00569	0.00299	0.00585
23	0.03123	0.01110	0.01056	0.00947	0.01171	0.12222	0.00724	0.23463	0.03699	0.02102	0.13900	0.22771	0.09500	0.01023	0.00579	0.00174	0.00474	0.00858	0.00482	0.00622
24	0.00824	0.00583	0.00673	0.00648	0.00817	0.00523	0.00493	0.01034	0.03592	0.07112	0.23619	0.06046	0.40949	0.05261	0.00727	0.00196	0.00307	0.05576	0.00519	0.00500
25	0.01967	0.01459	0.01562	0.01208	0.01623	0.01619	0.00994	0.71818	0.07098	0.03263	0.01324	0.01313	0.00943	0.00640	0.00529	0.00160	0.00572	0.00483	0.00529	0.00895
26	0.00918	0.00459	0.00689	0.00689	0.00689	0.00459	0.00459	0.00689	0.00689	0.00918	0.00918	0.01607	0.00918	0.01837	0.02066	0.84619	0.00459	0.00459	0.00230	0.00230
27	0.01515	0.01550	0.01822	0.02367	0.44812	0.19940	0.01328	0.08893	0.06809	0.01801	0.01189	0.01379	0.03139	0.00547	0.00517	0.00154	0.00676	0.00468	0.00316	0.00778
28	0.71291	0.01002	0.00852	0.00736	0.01077	0.01117	0.00607	0.01725	0.01002	0.15119	0.00962	0.01016	0.00696	0.00518	0.00361	0.00164	0.00416	0.00327	0.00382	0.00627
29	0.01060	0.02735	0.78682	0.01507	0.02288	0.01228	0.01953	0.01674	0.01116	0.01674	0.00949	0.01116	0.00670	0.00502	0.00502	0.00167	0.00781	0.00391	0.00223	0.00781
30	0.00754	0.00514	0.00589	0.00591	0.00612	0.00504	0.00349	0.00788	0.00869	0.01163	0.09118	0.07495	0.05556	0.66328	0.02304	0.00450	0.00467	0.00839	0.00361	0.00348
31	0.07754	0.00994	0.01103	0.01058	0.06617	0.04329	0.00763	0.23109	0.01468	0.04279	0.01500	0.10659	0.01334	0.03410	0.12659	0.00272	0.00617	0.00594	0.14352	0.03130
32	0.58009	0.19361	0.03300	0.00801	0.01175	0.01425	0.00715	0.06987	0.01060	0.02168	0.00780	0.00893	0.00623	0.00493	0.00349	0.00152	0.00466	0.00302	0.00316	0.00626
33	0.01777	0.00998	0.01266	0.00987	0.01360	0.00950	0.03997	0.17973	0.05062	0.34566	0.09209	0.02075	0.07641	0.00713	0.00538	0.00157	0.00456	0.00592	0.00552	0.09131
34	0.00956	0.00666	0.00748	0.00697	0.00774	0.00690	0.00454	0.12960	0.01076	0.01436	0.01774	0.09174	0.03529	0.58658	0.03872	0.00433	0.00523	0.00782	0.00370	0.00428
35	0.06960	0.20639	0.21669	0.05747	0.23105	0.01468	0.02721	0.07131	0.02793	0.01751	0.00947	0.01138	0.00752	0.00495	0.00464	0.00152	0.00638	0.00399	0.00272	0.00757
36	0.00825	0.00543	0.00676	0.00691	0.00801	0.00490	0.00483	0.00948	0.01122	0.07527	0.13342	0.38887	0.15312	0.11610	0.00896	0.00231	0.00333	0.01149	0.00488	0.03647
37	0.14813	0.25450	0.01449	0.04376	0.01167	0.02709	0.00723	0.01354	0.01015	0.02929	0.02166	0.08969	0.01205	0.07052	0.00720	0.00181	0.08592	0.00512	0.14052	0.00565

[dist]
# distance from previous block
# <min> <max>
18	48

[block]
# block no. 5 follows, 46 sequences, length 17
# corresponding to MSA columns:
# 283-299
name=unknown_F
#
# <colnr> <probs for GDERKNQSTAVLIFYWHMCP>
#	G	D	E	R	K	N	Q	S	T	A	V	L	I	F	Y	W	H	M	C	P
0	0.04849	0.09075	0.01546	0.01171	0.01515	0.27554	0.03328	0.15661	0.13024	0.12066	0.04190	0.01392	0.01107	0.00608	0.00495	0.00152	0.00654	0.00454	0.00419	0.00740
1	0.01191	0.08558	0.03663	0.01431	0.09435	0.04721	0.06259	0.01390	0.01003	0.01439	0.00912	0.03199	0.00846	0.02587	0.03345	0.00198	0.32339	0.00458	0.00264	0.16762
2	0.03181	0.05804	0.03299	0.04108	0.08432	0.15174	0.00833	0.03961	0.04013	0.01659	0.07413	0.02169	0.12869	0.02564	0.03292	0.00186	0.05134	0.00580	0.14740	0.00591
3	0.01077	0.00841	0.03489	0.00775	0.00999	0.02715	0.00611	0.11511	0.03098	0.04345	0.13001	0.12532	0.11288	0.08467	0.00734	0.00189	0.00390	0.00763	0.13855	0.09320
4	0.03203	0.01119	0.01341	0.05797	0.09469	0.01195	0.00933	0.28398	0.13450	0.03397	0.03409	0.05485	0.03784	0.02663	0.03457	0.00195	0.00540	0.03084	0.00446	0.08634
5	0.11531	0.01313	0.06094	0.22804	0.18922	0.06687	0.10625	0.03300	0.05540	0.01708	0.01108	0.01381	0.02626	0.00548	0.00557	0.00169	0.03636	0.00476	0.00288	0.00686
6	0.01488	0.06439	0.01732	0.08867	0.24386	0.16952	0.02900	0.13431	0.09340	0.01842	0.01267	0.01483	0.03377	0.03523	0.00590	0.00169	0.00657	0.00482	0.00339	0.00735
7	0.01776	0.01332	0.01483	0.04637	0.01619	0.01475	0.00965	0.59829	0.02142	0.02892	0.01244	0.01400	0.00944	0.04418	0.04401	0.00207	0.03330	0.00485	0.00474	0.04947
8	0.10733	0.01112	0.06253	0.00984	0.01392	0.00986	0.00855	0.14408	0.03300	0.47126	0.06096	0.01698	0.01342	0.00650	0.00513	0.00164	0.00477	0.00514	0.00565	0.00833
9	0.00723	0.00545	0.00601	0.00595	0.00759	0.00467	0.00443	0.00874	0.01244	0.04928	0.16262	0.12680	0.55406	0.01301	0.00626	0.00180	0.00277	0.01105	0.00512	0.00473
10	0.00931	0.00684	0.00791	0.00796	0.03645	0.02884	0.00567	0.01183	0.05963	0.07427	0.25239	0.06336	0.24782	0.11069	0.00868	0.00218	0.00363	0.05233	0.00497	0.00525
11	0.01191	0.01262	0.02450	0.06157	0.06673	0.01337	0.44547	0.01518	0.01104	0.01554	0.00987	0.01384	0.00800	0.00677	0.02532	0.02218	0.20106	0.00560	0.02285	0.00659
12	0.00656	0.00470	0.00624	0.00728	0.00769	0.00438	0.00492	0.00767	0.01069	0.01440	0.11740	0.71991	0.03672	0.01588	0.00669	0.00209	0.00300	0.01438	0.00501	0.00438
13	0.01037	0.07042	0.66184	0.01392	0.02076	0.01194	0.01741	0.01571	0.01103	0.01616	0.01141	0.09430	0.00965	0.00620	0.00511	0.00169	0.00719	0.00500	0.00251	0.00739
14	0.00686	0.00482	0.00614	0.00688	0.00721	0.00458	0.00449	0.00772	0.01001	0.01348	0.10404	0.53460	0.03255	0.21720	0.01178	0.00285	0.00353	0.01261	0.00457	0.00409
15	0.01621	0.01135	0.01171	0.00947	0.01252	0.03283	0.00765	0.45966	0.01939	0.02763	0.01429	0.01526	0.01066	0.00625	0.00467	0.00145	0.00465	0.00479	0.32219	0.00738
16	0.00905	0.00580	0.00740	0.00766	0.00879	0.00554	0.00553	0.01134	0.06371	0.09555	0.13835	0.43152	0.06515	0.06357	0.00770	0.00219	0.00343	0.05743	0.00514	0.00514

[dist]
# distance from previous block
# <min> <max>
0	2

[block]
# block no. 6 follows, 46 sequences, length 35
# corresponding to MSA columns:
# 302-336
name=unknown_G
#
# <colnr> <probs for GDERKNQSTAVLIFYWHMCP>
#	G	D	E	R	K	N	Q	S	T	A	V	L	I	F	Y	W	H	M	C	P
0	0.01023	0.00958	0.01601	0.66082	0.12229	0.01143	0.01428	0.01358	0.01073	0.01404	0.01025	0.04564	0.00833	0.00563	0.00531	0.00173	0.00673	0.00507	0.00250	0.02582
1	0.00651	0.00468	0.00620	0.00738	0.00778	0.00437	0.00502	0.00751	0.01027	0.01361	0.02994	0.75556	0.06057	0.01638	0.00675	0.00215	0.00312	0.04297	0.00491	0.00432
2	0.00644	0.00460	0.00613	0.00736	0.00767	0.00429	0.00491	0.00736	0.01012	0.01350	0.02914	0.81076	0.03497	0.01656	0.00675	0.00215	0.00307	0.01503	0.00491	0.00429
3	0.00805	0.00535	0.00664	0.00648	0.00728	0.00505	0.00440	0.00939	0.01162	0.04647	0.35834	0.12794	0.05431	0.30960	0.01393	0.00301	0.00362	0.00938	0.00475	0.00439
4	0.01158	0.00631	0.00838	0.00735	0.00931	0.00569	0.00569	0.01396	0.01501	0.21374	0.58744	0.03407	0.04060	0.00973	0.00600	0.00166	0.00300	0.00849	0.00600	0.00600
5	0.00645	0.00474	0.00606	0.00705	0.00760	0.00434	0.00478	0.00748	0.01057	0.01388	0.05875	0.67491	0.14220	0.01591	0.00666	0.00208	0.00299	0.01428	0.00494	0.00434
6	0.00898	0.02508	0.00882	0.00822	0.00910	0.07498	0.00605	0.01024	0.00892	0.01193	0.01408	0.02333	0.01412	0.26470	0.43571	0.00634	0.03554	0.00596	0.02344	0.00447
7	0.01916	0.01418	0.01516	0.01180	0.01582	0.01573	0.00969	0.67589	0.08737	0.03191	0.01359	0.01353	0.00975	0.00641	0.00524	0.00159	0.00556	0.00487	0.03396	0.00880
8	0.16136	0.51035	0.10190	0.00979	0.01414	0.06768	0.00973	0.01609	0.01064	0.01491	0.00761	0.00897	0.00660	0.00489	0.00418	0.00134	0.03768	0.00305	0.00247	0.00662
9	0.65924	0.00901	0.00712	0.00649	0.00930	0.01028	0.00526	0.01480	0.00947	0.02280	0.00962	0.01113	0.00751	0.00519	0.00337	0.00154	0.00372	0.00333	0.19526	0.00554
10	0.01241	0.01378	0.05190	0.04480	0.12351	0.01341	0.46757	0.01753	0.09250	0.01703	0.01132	0.01433	0.00875	0.00526	0.00697	0.00180	0.08121	0.00574	0.00290	0.00729
11	0.00662	0.00496	0.00615	0.00673	0.00759	0.00449	0.00471	0.00798	0.01164	0.01536	0.19804	0.46144	0.21591	0.01455	0.00652	0.00196	0.00285	0.01291	0.00511	0.00449
12	0.05185	0.00725	0.00928	0.00802	0.01051	0.00672	0.00638	0.01690	0.04457	0.31202	0.34530	0.04334	0.05613	0.00917	0.00579	0.00171	0.00355	0.04900	0.00586	0.00665
13	0.00929	0.00710	0.00969	0.00916	0.01060	0.00706	0.06078	0.13439	0.01336	0.01802	0.11937	0.52283	0.03056	0.01326	0.00640	0.00197	0.00388	0.01199	0.00492	0.00537
14	0.00985	0.00493	0.00493	0.00493	0.00616	0.00493	0.00370	0.01232	0.01109	0.01971	0.01725	0.01971	0.01355	0.00616	0.00370	0.00123	0.00246	0.00493	0.84356	0.00493
15	0.01916	0.01505	0.01514	0.01202	0.01594	0.08121	0.00977	0.57752	0.13066	0.04855	0.01378	0.01356	0.00993	0.00639	0.00526	0.00160	0.00586	0.00483	0.00512	0.00866
16	0.00714	0.00536	0.00663	0.00644	0.00776	0.00484	0.00482	0.00927	0.01392	0.01898	0.54533	0.08784	0.22406	0.01184	0.00629	0.00174	0.00262	0.02477	0.00553	0.00482
17	0.18580	0.01523	0.01414	0.01131	0.01516	0.11557	0.00921	0.51880	0.02042	0.02878	0.01105	0.01147	0.00806	0.00594	0.00482	0.00157	0.00595	0.00421	0.00456	0.00797
18	0.08379	0.01236	0.02030	0.03030	0.71621	0.01250	0.01534	0.01617	0.01178	0.01781	0.00973	0.01271	0.00815	0.00473	0.00507	0.00158	0.00610	0.00455	0.00267	0.00815
19	0.01275	0.01222	0.02085	0.11571	0.70059	0.01247	0.01606	0.01593	0.01188	0.01686	0.00988	0.01319	0.00823	0.00477	0.00524	0.00159	0.00636	0.00471	0.00259	0.00810
20	0.85155	0.01022	0.00777	0.00695	0.01022	0.01186	0.00573	0.01554	0.00900	0.02372	0.00736	0.00859	0.00573	0.00491	0.00327	0.00164	0.00409	0.00286	0.00327	0.00573
21	0.00759	0.00548	0.00694	0.00772	0.00839	0.00532	0.00532	0.07114	0.01141	0.01518	0.02827	0.72725	0.04865	0.01563	0.00661	0.00209	0.00329	0.01408	0.00494	0.00469
22	0.01279	0.01226	0.02092	0.10649	0.70952	0.01248	0.01608	0.01596	0.01190	0.01691	0.00989	0.01318	0.00825	0.00477	0.00524	0.00159	0.00635	0.00471	0.00259	0.00813
23	0.01128	0.01212	0.02480	0.01844	0.02239	0.01192	0.53354	0.01483	0.01141	0.01574	0.01228	0.07853	0.01073	0.01019	0.10510	0.00267	0.07358	0.00669	0.00285	0.02090
24	0.08540	0.00934	0.01070	0.00913	0.01230	0.00947	0.00729	0.02142	0.28177	0.22482	0.10096	0.02251	0.03787	0.00743	0.00525	0.00165	0.00405	0.04650	0.00528	0.09687
25	0.07228	0.21819	0.35742	0.01225	0.01789	0.04925	0.01354	0.10290	0.07677	0.01835	0.01013	0.01114	0.00771	0.00524	0.00455	0.00152	0.00656	0.00382	0.00295	0.00752
26	0.07252	0.01356	0.07836	0.01083	0.01462	0.01334	0.00935	0.48692	0.01951	0.05674	0.01372	0.05203	0.01098	0.06532	0.00668	0.00186	0.00544	0.00529	0.05516	0.00779
27	0.00632	0.00536	0.00546	0.00543	0.00719	0.00449	0.00407	0.00773	0.01222	0.01470	0.09702	0.05019	0.73536	0.01323	0.00625	0.00178	0.00267	0.01106	0.00496	0.00449
28	0.01208	0.01139	0.01873	0.22259	0.50328	0.01212	0.01479	0.01624	0.07567	0.01661	0.01144	0.04120	0.00961	0.00547	0.00531	0.00166	0.00619	0.00517	0.00286	0.00761
29	0.01635	0.00805	0.01043	0.00829	0.01160	0.00695	0.00666	0.03612	0.01454	0.39901	0.23719	0.02397	0.04757	0.00756	0.00538	0.00151	0.00380	0.00636	0.00570	0.14295
30	0.01084	0.08054	0.73571	0.01466	0.02225	0.01286	0.01883	0.01668	0.01113	0.01645	0.00934	0.01098	0.00670	0.00499	0.00491	0.00164	0.00767	0.00383	0.00223	0.00774
31	0.01184	0.01099	0.01775	0.34087	0.37504	0.02529	0.01443	0.04258	0.01168	0.01580	0.01015	0.01445	0.00833	0.00661	0.02620	0.03548	0.00674	0.01616	0.00264	0.00695
32	0.01067	0.00846	0.03699	0.15176	0.13043	0.00851	0.01868	0.05976	0.03935	0.01387	0.01221	0.03539	0.03631	0.02619	0.01263	0.38044	0.00541	0.00522	0.00284	0.00489
33	0.00651	0.00474	0.00607	0.00704	0.00754	0.00437	0.00474	0.00751	0.01045	0.01378	0.06289	0.66055	0.12122	0.04661	0.00744	0.00220	0.00308	0.01407	0.00488	0.00430
34	0.47180	0.05787	0.01168	0.00943	0.01273	0.22957	0.00758	0.07423	0.01226	0.05839	0.00865	0.00962	0.00669	0.00523	0.00395	0.00153	0.00584	0.00328	0.00338	0.00630

[dist]
# distance from previous block
# <min> <max>
0	1

[block]
# block no. 7 follows, 46 sequences, length 102
# corresponding to MSA columns:
# 338-439
name=unknown_H
#
# <colnr> <probs for GDERKNQSTAVLIFYWHMCP>
#	G	D	E	R	K	N	Q	S	T	A	V	L	I	F	Y	W	H	M	C	P
0	0.56001	0.15419	0.01163	0.00752	0.01079	0.01303	0.00638	0.06160	0.01043	0.02139	0.02707	0.01131	0.00814	0.04981	0.00481	0.00172	0.00445	0.00346	0.02631	0.00594
1	0.01396	0.77894	0.06465	0.00934	0.01402	0.02050	0.00956	0.01587	0.01076	0.01265	0.00745	0.00861	0.00678	0.00455	0.00347	0.00116	0.00576	0.00288	0.00226	0.00683
2	0.02290	0.00894	0.01209	0.00933	0.01329	0.00780	0.00768	0.03864	0.01530	0.73564	0.05582	0.01889	0.01472	0.00674	0.00536	0.00164	0.00443	0.00550	0.00649	0.00881
3	0.00791	0.00576	0.00755	0.00747	0.00877	0.00551	0.00588	0.01082	0.04073	0.02005	0.58773	0.04321	0.04445	0.01151	0.00644	0.00184	0.00307	0.17062	0.00560	0.00508
4	0.00985	0.00493	0.00493	0.00493	0.00616	0.00493	0.00370	0.01232	0.01109	0.01971	0.01725	0.01971	0.01355	0.00616	0.00370	0.00123	0.00246	0.00493	0.84356	0.00493
5	0.01906	0.00952	0.01171	0.00960	0.01312	0.00938	0.00773	0.02549	0.27035	0.47220	0.04966	0.01945	0.01553	0.00690	0.00532	0.00168	0.00425	0.00569	0.03489	0.00849
6	0.02052	0.01413	0.01544	0.01184	0.01605	0.01538	0.00978	0.67701	0.02371	0.12152	0.01365	0.01331	0.00947	0.00637	0.00529	0.00159	0.00566	0.00482	0.00544	0.00899
7	0.00716	0.00541	0.00662	0.00636	0.00775	0.00487	0.00480	0.00932	0.01408	0.01913	0.55686	0.04316	0.25504	0.01162	0.00626	0.00171	0.00260	0.02688	0.00554	0.00484
8	0.02360	0.00919	0.01239	0.00950	0.01359	0.00806	0.00785	0.05077	0.01546	0.75942	0.02058	0.01781	0.01295	0.00654	0.00532	0.00163	0.00454	0.00530	0.00650	0.00900
9	0.04901	0.01274	0.01395	0.01098	0.01460	0.01386	0.00896	0.52566	0.02023	0.04020	0.01330	0.06997	0.01072	0.00694	0.00579	0.00158	0.04935	0.00527	0.03363	0.09327
10	0.04113	0.34139	0.43906	0.01236	0.01858	0.03454	0.01466	0.01644	0.01101	0.01518	0.00853	0.00997	0.00670	0.00483	0.00431	0.00145	0.00687	0.00343	0.00229	0.00729
11	0.01248	0.01426	0.03119	0.02228	0.02763	0.01337	0.76203	0.01693	0.01248	0.01693	0.01070	0.01426	0.00802	0.00446	0.00624	0.00178	0.00891	0.00624	0.00267	0.00713
12	0.01229	0.01445	0.05741	0.02204	0.05327	0.01310	0.69218	0.01668	0.01236	0.01686	0.01104	0.03221	0.00860	0.00476	0.00617	0.00178	0.00865	0.00630	0.00271	0.00713
13	0.00639	0.00530	0.00561	0.00571	0.00726	0.00459	0.00421	0.00767	0.01154	0.01397	0.04808	0.11172	0.64891	0.04262	0.05047	0.00230	0.00343	0.01106	0.00474	0.00442
14	0.00644	0.00462	0.00611	0.00730	0.00765	0.00430	0.00488	0.00737	0.01018	0.01352	0.02982	0.78947	0.05581	0.01647	0.00673	0.00214	0.00306	0.01492	0.00491	0.00430
15	0.02364	0.00913	0.01235	0.00947	0.01356	0.00797	0.00782	0.04247	0.01535	0.76788	0.02067	0.01787	0.01299	0.00654	0.00532	0.00163	0.00453	0.00530	0.00651	0.00900
16	0.00741	0.00540	0.00697	0.00658	0.00786	0.00496	0.00493	0.00984	0.01480	0.02082	0.73826	0.04012	0.09030	0.01095	0.00624	0.00167	0.00250	0.00965	0.00577	0.00496
17	0.85155	0.01022	0.00777	0.00695	0.01022	0.01186	0.00573	0.01554	0.00900	0.02372	0.00736	0.00859	0.00573	0.00491	0.00327	0.00164	0.00409	0.00286	0.00327	0.00573
18	0.01222	0.00955	0.00998	0.00912	0.01162	0.01084	0.00706	0.02366	0.55814	0.02144	0.02032	0.01972	0.01541	0.00689	0.00491	0.00164	0.00370	0.00568	0.24070	0.00740
19	0.01278	0.01114	0.01664	0.48450	0.14956	0.01293	0.01373	0.17860	0.03525	0.01868	0.01054	0.01378	0.00794	0.00548	0.00528	0.00169	0.00658	0.00475	0.00312	0.00702
20	0.01068	0.01002	0.01677	0.66128	0.15700	0.01197	0.01484	0.02849	0.01109	0.01450	0.00955	0.01390	0.00730	0.00521	0.00528	0.00173	0.00690	0.00470	0.00245	0.00634
21	0.83387	0.01020	0.00787	0.00700	0.01029	0.01177	0.00577	0.01576	0.00913	0.03997	0.00765	0.00879	0.00588	0.00494	0.00332	0.00164	0.00410	0.00292	0.00334	0.00580
22	0.00933	0.00655	0.00808	0.00748	0.00921	0.00633	0.00582	0.05342	0.06459	0.05920	0.51136	0.03847	0.11751	0.01069	0.00617	0.00174	0.00310	0.06976	0.00562	0.00557
23	0.00742	0.00540	0.00697	0.00658	0.00786	0.00496	0.00494	0.00985	0.01481	0.02083	0.73928	0.04010	0.08927	0.01095	0.00624	0.00167	0.00250	0.00965	0.00577	0.00496
