[name]
unknown

[dist]
# distance from previous block
# <min> <max>
0	366

[block]
# block no. 0 follows, 42 sequences, length 20
# corresponding to MSA columns:
# 413-432
name=unknown_A
#
# <colnr> <probs for GDERKNQSTAVLIFYWHMCP>
#	G	D	E	R	K	N	Q	S	T	A	V	L	I	F	Y	W	H	M	C	P
0	0.05688	0.10035	0.34887	0.01269	0.01856	0.03158	0.03387	0.01908	0.01302	0.18419	0.05045	0.01646	0.02603	0.00627	0.00526	0.00168	0.00655	0.02000	0.00382	0.04440
1	0.01195	0.24244	0.33526	0.03816	0.01981	0.01464	0.08393	0.01611	0.01221	0.01660	0.07918	0.01684	0.05932	0.00636	0.00548	0.00165	0.02463	0.00514	0.00295	0.00733
2	0.11797	0.17367	0.39605	0.01324	0.01925	0.04155	0.03619	0.01777	0.03851	0.02924	0.02618	0.02743	0.00908	0.00581	0.00521	0.00169	0.02635	0.00433	0.00288	0.00759
3	0.09493	0.70494	0.02706	0.00952	0.01419	0.02119	0.00932	0.03913	0.01171	0.01508	0.00800	0.00918	0.00718	0.00491	0.00366	0.00127	0.00586	0.00308	0.00261	0.00718
4	0.01524	0.01050	0.01339	0.00983	0.01464	0.00867	0.04689	0.05002	0.03630	0.18476	0.01331	0.01387	0.00990	0.00503	0.00474	0.00116	0.00469	0.00419	0.00428	0.54859
5	0.00803	0.00545	0.00613	0.00618	0.00632	0.00537	0.00354	0.00816	0.00859	0.01134	0.02080	0.07138	0.06830	0.71790	0.02631	0.00509	0.00519	0.00876	0.00360	0.00355
6	0.00684	0.00495	0.00648	0.00770	0.00813	0.00458	0.00517	0.00785	0.01090	0.01442	0.03262	0.75265	0.08209	0.01742	0.00715	0.00226	0.00324	0.01574	0.00522	0.00458
7	0.15131	0.01454	0.10702	0.05723	0.24064	0.04126	0.09904	0.01959	0.01300	0.18447	0.01263	0.01411	0.00917	0.00554	0.00533	0.00174	0.00658	0.00487	0.00377	0.00815
8	0.00803	0.00539	0.00618	0.00634	0.00637	0.00535	0.00362	0.00814	0.00849	0.01131	0.01928	0.12563	0.02241	0.71075	0.02614	0.00509	0.00520	0.00909	0.00362	0.00355
9	0.00735	0.00570	0.00669	0.00649	0.00805	0.00504	0.00485	0.00942	0.01441	0.01909	0.43143	0.06945	0.36599	0.01289	0.00666	0.00184	0.00276	0.01110	0.00574	0.00504
10	0.01389	0.56672	0.25825	0.01160	0.01749	0.01944	0.01306	0.01715	0.01157	0.01465	0.00852	0.00991	0.00719	0.00498	0.00414	0.00138	0.00673	0.00336	0.00240	0.00756
11	0.00851	0.00672	0.01045	0.03475	0.01194	0.00775	0.03569	0.01069	0.00951	0.01355	0.01548	0.02395	0.01461	0.03698	0.65470	0.00794	0.03670	0.05176	0.00311	0.00520
12	0.02506	0.00988	0.01325	0.01016	0.01452	0.00872	0.00839	0.06252	0.01661	0.73521	0.02178	0.01888	0.01372	0.00696	0.00566	0.00174	0.00486	0.00563	0.00690	0.00958
13	0.01042	0.00960	0.01561	0.53165	0.13245	0.01112	0.01368	0.01362	0.01179	0.01528	0.04709	0.02128	0.11174	0.00724	0.00614	0.01928	0.00651	0.00614	0.00306	0.00630
14	0.01955	0.01427	0.01547	0.01227	0.01627	0.01571	0.01001	0.58927	0.09310	0.05493	0.01593	0.04634	0.01245	0.02780	0.00635	0.00186	0.00583	0.02797	0.00559	0.00903
15	0.01107	0.00932	0.09629	0.00925	0.01188	0.00708	0.00834	0.03178	0.01474	0.11917	0.32651	0.05438	0.09831	0.01131	0.00659	0.00197	0.00425	0.16601	0.00552	0.00623
16	0.00685	0.00509	0.00634	0.00733	0.00798	0.00463	0.00497	0.00790	0.01115	0.01445	0.03627	0.61640	0.19411	0.03870	0.00766	0.00229	0.00324	0.01489	0.00517	0.00458
17	0.01778	0.01292	0.01436	0.01168	0.01502	0.01425	0.00935	0.50119	0.06052	0.04973	0.01628	0.11715	0.01400	0.03068	0.02118	0.04039	0.03342	0.00666	0.00526	0.00819
18	0.01459	0.01303	0.06206	0.01072	0.01566	0.01108	0.03476	0.23948	0.01618	0.02334	0.01135	0.01308	0.00899	0.02745	0.00546	0.00132	0.00527	0.00417	0.00396	0.47804
19	0.03777	0.13287	0.26469	0.01234	0.01752	0.05401	0.01273	0.15492	0.01533	0.12049	0.04420	0.08200	0.01295	0.00708	0.00534	0.00170	0.00644	0.00557	0.00406	0.00796

[dist]
# distance from previous block
# <min> <max>
0	21

[block]
# block no. 1 follows, 42 sequences, length 47
# corresponding to MSA columns:
# 455-501
name=unknown_B
#
# <colnr> <probs for GDERKNQSTAVLIFYWHMCP>
#	G	D	E	R	K	N	Q	S	T	A	V	L	I	F	Y	W	H	M	C	P
0	0.13290	0.13287	0.30833	0.01262	0.01823	0.05081	0.03505	0.04362	0.03173	0.12618	0.01183	0.01291	0.00869	0.00736	0.04210	0.00202	0.00720	0.00427	0.00346	0.00781
1	0.03418	0.05510	0.01470	0.04467	0.01593	0.04305	0.00908	0.25952	0.08890	0.13611	0.03110	0.01529	0.01149	0.00710	0.02425	0.00169	0.00564	0.00486	0.02040	0.17693
2	0.04553	0.07317	0.03217	0.07366	0.10509	0.05442	0.01051	0.12393	0.14280	0.18000	0.01634	0.05764	0.01263	0.00690	0.00540	0.00171	0.00567	0.00563	0.02035	0.02645
3	0.46830	0.01095	0.01135	0.17720	0.01775	0.01259	0.00877	0.09545	0.03736	0.03975	0.04882	0.01324	0.00979	0.00590	0.00448	0.00175	0.00515	0.00423	0.00379	0.02339
4	0.01170	0.00967	0.01142	0.00838	0.01305	0.00739	0.00666	0.01412	0.01166	0.03658	0.01130	0.04399	0.00981	0.00592	0.02746	0.00116	0.00447	0.00398	0.00349	0.75778
5	0.37353	0.01189	0.01165	0.00923	0.01342	0.01239	0.00756	0.21017	0.01490	0.06258	0.01059	0.01143	0.00797	0.00545	0.00433	0.00150	0.00481	0.00378	0.00418	0.21865
6	0.00978	0.00489	0.00733	0.00733	0.00733	0.00489	0.00489	0.00733	0.00733	0.00978	0.00978	0.01711	0.00978	0.01955	0.02199	0.83627	0.00489	0.00489	0.00244	0.00244
7	0.20654	0.01501	0.01489	0.03938	0.01672	0.05443	0.00984	0.52034	0.02157	0.03132	0.01186	0.01241	0.00859	0.00632	0.00512	0.00170	0.00602	0.00454	0.00490	0.00851
8	0.00978	0.00489	0.00733	0.00733	0.00733	0.00489	0.00489	0.00733	0.00733	0.00978	0.00978	0.01711	0.00978	0.01955	0.02199	0.83627	0.00489	0.00489	0.00244	0.00244
9	0.00917	0.00638	0.00730	0.00688	0.00889	0.00569	0.00528	0.01166	0.04596	0.08948	0.24611	0.04635	0.44356	0.01256	0.00655	0.00187	0.00312	0.03198	0.00568	0.00555
10	0.01546	0.00757	0.00992	0.00839	0.01100	0.00685	0.00656	0.01818	0.04045	0.33818	0.36962	0.03165	0.04964	0.05192	0.00737	0.00196	0.00377	0.00807	0.00633	0.00712
11	0.06151	0.01463	0.01552	0.01209	0.01634	0.04112	0.00993	0.55749	0.02320	0.13867	0.01444	0.01429	0.01012	0.00733	0.01989	0.00182	0.00613	0.00503	0.02131	0.00913
12	0.01108	0.01075	0.01915	0.57557	0.09559	0.01240	0.11968	0.01479	0.01165	0.01523	0.01137	0.05696	0.00936	0.00609	0.00585	0.00188	0.00749	0.00583	0.00272	0.00657
13	0.00698	0.00569	0.00616	0.00609	0.00781	0.00488	0.00455	0.00869	0.01353	0.01697	0.22795	0.07039	0.57337	0.01367	0.00666	0.00188	0.00281	0.01157	0.00546	0.00488
14	0.00685	0.00494	0.00649	0.00773	0.00814	0.00458	0.00518	0.00785	0.01087	0.01441	0.03229	0.76224	0.07272	0.01747	0.00716	0.00227	0.00324	0.01580	0.00522	0.00458
15	0.01355	0.01299	0.02216	0.12029	0.68431	0.01327	0.01708	0.01694	0.01264	0.01793	0.01052	0.01405	0.00875	0.00508	0.00558	0.00169	0.00678	0.00501	0.00275	0.00861
16	0.01471	0.01220	0.01295	0.01132	0.01459	0.01388	0.00889	0.14679	0.57887	0.02521	0.05794	0.02176	0.03983	0.00787	0.00578	0.00187	0.00461	0.00650	0.00572	0.00872
17	0.01049	0.00525	0.00525	0.00525	0.00656	0.00525	0.00393	0.01311	0.01180	0.02098	0.01836	0.02098	0.01442	0.00656	0.00393	0.00131	0.00262	0.00525	0.83346	0.00525
18	0.00974	0.00778	0.00967	0.06891	0.08464	0.00777	0.00733	0.04950	0.07568	0.01908	0.15304	0.03674	0.31237	0.01043	0.00604	0.00179	0.00387	0.02457	0.10505	0.00601
19	0.02360	0.01127	0.04990	0.01067	0.01517	0.00973	0.00915	0.09976	0.05575	0.62158	0.02078	0.01833	0.01333	0.00690	0.00564	0.00175	0.00508	0.00556	0.00655	0.00948
20	0.00804	0.00603	0.00904	0.00904	0.01005	0.00703	0.00703	0.01005	0.00904	0.01306	0.01507	0.02211	0.01407	0.04221	0.77992	0.00904	0.01507	0.00603	0.00301	0.00502
21	0.01999	0.01497	0.01613	0.01239	0.01688	0.01624	0.01018	0.63406	0.06410	0.03306	0.01365	0.01372	0.00985	0.00654	0.00548	0.00161	0.00589	0.00496	0.00540	0.09489
22	0.02100	0.01557	0.01667	0.01287	0.01730	0.01727	0.01060	0.70983	0.06563	0.03483	0.01401	0.01391	0.00998	0.00680	0.00563	0.00170	0.00610	0.00514	0.00563	0.00953
23	0.81443	0.01105	0.00856	0.00759	0.01110	0.01279	0.00625	0.04110	0.01014	0.02559	0.00803	0.00929	0.00621	0.00528	0.00355	0.00174	0.00442	0.00312	0.00355	0.00621
24	0.00796	0.00575	0.00752	0.00708	0.00841	0.00531	0.00531	0.01062	0.01593	0.02257	0.76415	0.04204	0.05310	0.01150	0.00664	0.00177	0.00265	0.01018	0.00619	0.00531
25	0.01400	0.01209	0.01273	0.01145	0.01463	0.01400	0.00891	0.02990	0.75695	0.02354	0.02291	0.02100	0.01718	0.00764	0.00573	0.00191	0.00445	0.00636	0.00573	0.00891
26	0.01942	0.01148	0.01420	0.01195	0.06508	0.01083	0.00903	0.20387	0.03935	0.30992	0.03252	0.01608	0.01206	0.00620	0.00530	0.00150	0.00506	0.00501	0.00539	0.21575
27	0.06445	0.00964	0.01283	0.00989	0.01420	0.00848	0.00817	0.02690	0.01579	0.73522	0.02151	0.01867	0.01355	0.00688	0.00555	0.00174	0.00477	0.00553	0.00680	0.00941
28	0.00665	0.00570	0.00570	0.00570	0.00760	0.00475	0.00428	0.00808	0.01283	0.01520	0.05701	0.05416	0.76483	0.01425	0.00665	0.00190	0.00285	0.01188	0.00523	0.00475
29	0.00688	0.00494	0.00653	0.00776	0.00815	0.00460	0.00520	0.00792	0.01096	0.01460	0.05101	0.75945	0.05637	0.01738	0.00715	0.00226	0.00324	0.01574	0.00525	0.00460
30	0.00686	0.00490	0.00653	0.00784	0.00816	0.00457	0.00522	0.00784	0.01077	0.01437	0.03102	0.79855	0.03722	0.01763	0.00718	0.00229	0.00326	0.01600	0.00522	0.00457
31	0.02139	0.01576	0.01689	0.01295	0.01745	0.01745	0.01070	0.74835	0.02646	0.03547	0.01351	0.01351	0.00957	0.00676	0.00563	0.00169	0.00619	0.00507	0.00563	0.00957
32	0.01419	0.62940	0.19823	0.01108	0.01669	0.02018	0.01216	0.01707	0.01154	0.01428	0.00834	0.00968	0.00720	0.00494	0.00400	0.00133	0.00654	0.00327	0.00240	0.00747
33	0.00693	0.00500	0.00657	0.00769	0.00816	0.00463	0.00519	0.00805	0.01125	0.01501	0.08671	0.71045	0.06946	0.01703	0.00712	0.00223	0.00320	0.01539	0.00530	0.00463
34	0.01616	0.01149	0.01251	0.01019	0.01290	0.01243	0.00776	0.43608	0.01897	0.04186	0.01568	0.03970	0.01440	0.30811	0.01438	0.00313	0.00582	0.00650	0.00481	0.00713
35	0.01328	0.01518	0.03321	0.02372	0.02941	0.01423	0.74668	0.01803	0.01328	0.01803	0.01139	0.01518	0.00854	0.00474	0.00664	0.00190	0.00949	0.00664	0.00285	0.00759
36	0.04253	0.01042	0.01341	0.01038	0.01467	0.00964	0.00859	0.12985	0.01737	0.63163	0.02082	0.01916	0.01356	0.00710	0.00566	0.00175	0.00499	0.02244	0.00666	0.00940
37	0.00978	0.00489	0.00733	0.00733	0.00733	0.00489	0.00489	0.00733	0.00733	0.00978	0.00978	0.01711	0.00978	0.01955	0.02199	0.83627	0.00489	0.00489	0.00244	0.00244
38	0.01769	0.01609	0.01445	0.01233	0.01518	0.22159	0.00977	0.21881	0.12311	0.05869	0.01372	0.01484	0.01060	0.00820	0.03298	0.00197	0.10885	0.00492	0.08859	0.00761
39	0.01139	0.04959	0.75345	0.01587	0.02410	0.01331	0.02050	0.01780	0.01187	0.01770	0.01004	0.01181	0.00713	0.00533	0.00530	0.00177	0.00826	0.00413	0.00238	0.00829
40	0.01273	0.01419	0.02789	0.02063	0.02516	0.05041	0.57109	0.01662	0.01283	0.01708	0.01373	0.12175	0.01233	0.00682	0.00726	0.00196	0.04963	0.00768	0.00315	0.00705
41	0.01445	0.01590	0.01565	0.20894	0.02121	0.27289	0.02684	0.03294	0.01262	0.01468	0.01227	0.07000	0.03518	0.00788	0.00868	0.00189	0.19757	0.00557	0.01859	0.00623
42	0.01181	0.01121	0.01901	0.51934	0.29890	0.01281	0.01622	0.01541	0.01181	0.01581	0.01021	0.01462	0.00801	0.00541	0.00561	0.00180	0.00721	0.00501	0.00260	0.00720
43	0.05654	0.05085	0.01343	0.01021	0.01369	0.01198	0.00833	0.26771	0.06454	0.12212	0.14297	0.01996	0.01817	0.01122	0.09197	0.00245	0.00602	0.00586	0.00516	0.07682
44	0.46839	0.01037	0.04991	0.06221	0.01314	0.01053	0.00750	0.03081	0.01102	0.06021	0.04976	0.15853	0.01504	0.02442	0.00524	0.00193	0.00459	0.00626	0.00403	0.00610
45	0.03913	0.01009	0.01238	0.01025	0.01384	0.00996	0.00835	0.09716	0.15296	0.36254	0.06024	0.02335	0.01724	0.00956	0.04354	0.00215	0.00525	0.06601	0.00595	0.05005
46	0.01710	0.01259	0.01467	0.01103	0.01568	0.01215	0.03060	0.34058	0.01867	0.08893	0.01311	0.01449	0.00995	0.00585	0.00510	0.00136	0.00530	0.02226	0.00469	0.35590

[dist]
# distance from previous block
# <min> <max>
0	1

[block]
# block no. 2 follows, 42 sequences, length 9
# corresponding to MSA columns:
# 503,506-513
name=unknown_C
#
# <colnr> <probs for GDERKNQSTAVLIFYWHMCP>
#	G	D	E	R	K	N	Q	S	T	A	V	L	I	F	Y	W	H	M	C	P
0	0.01353	0.01459	0.07796	0.13957	0.57900	0.04279	0.01705	0.01710	0.01264	0.01760	0.01039	0.01378	0.00852	0.00516	0.00554	0.00170	0.00706	0.00489	0.00272	0.00840
1	0.01312	0.01247	0.02082	0.21862	0.54647	0.01319	0.01640	0.01726	0.05360	0.01769	0.01112	0.01458	0.00902	0.00531	0.00559	0.00173	0.00676	0.00509	0.00288	0.00826
2	0.01233	0.01155	0.01959	0.39751	0.19735	0.01275	0.10914	0.07020	0.01314	0.01749	0.01290	0.01848	0.02844	0.00625	0.00590	0.00186	0.00722	0.04766	0.00307	0.00717
3	0.01134	0.00859	0.01066	0.06878	0.01356	0.00802	0.00729	0.10692	0.01438	0.04514	0.17700	0.20949	0.02517	0.00953	0.00578	0.00161	0.00416	0.00829	0.00475	0.25955
4	0.05761	0.08851	0.53018	0.01645	0.10235	0.01340	0.01760	0.01733	0.01180	0.01796	0.00983	0.01170	0.00737	0.00517	0.00504	0.00165	0.00741	0.00403	0.00256	0.07205
5	0.00878	0.00714	0.06521	0.00701	0.00870	0.00560	0.00576	0.01072	0.01188	0.01754	0.10574	0.16824	0.17668	0.01170	0.00706	0.07531	0.00343	0.00895	0.28954	0.00502
6	0.05830	0.00788	0.00912	0.00996	0.08854	0.00766	0.00667	0.01367	0.12299	0.04304	0.11974	0.03995	0.42896	0.01124	0.00618	0.00185	0.00362	0.00944	0.00510	0.00610
7	0.01513	0.06133	0.01615	0.04364	0.08265	0.20301	0.06504	0.09882	0.12615	0.03154	0.02043	0.03692	0.12629	0.02317	0.00614	0.00179	0.00662	0.02390	0.00410	0.00719
8	0.01096	0.05060	0.04843	0.01557	0.04514	0.01088	0.27786	0.01402	0.01195	0.01634	0.01842	0.15043	0.05976	0.01135	0.06499	0.00245	0.05030	0.06349	0.00355	0.07351

[dist]
# distance from previous block
# <min> <max>
0	1

[block]
# block no. 3 follows, 42 sequences, length 6
# corresponding to MSA columns:
# 515-520
name=unknown_D
#
# <colnr> <probs for GDERKNQSTAVLIFYWHMCP>
#	G	D	E	R	K	N	Q	S	T	A	V	L	I	F	Y	W	H	M	C	P
0	0.01021	0.00840	0.00947	0.01026	0.04086	0.05633	0.00729	0.08890	0.04928	0.01756	0.02805	0.44624	0.07669	0.01423	0.00680	0.00214	0.00445	0.11209	0.00504	0.00570
1	0.01550	0.01633	0.05604	0.08820	0.44807	0.16134	0.05505	0.01867	0.01346	0.05826	0.01083	0.01354	0.00865	0.00532	0.00553	0.00167	0.00755	0.00483	0.00300	0.00818
2	0.01358	0.01270	0.01984	0.11220	0.51270	0.01342	0.01515	0.01988	0.18496	0.01914	0.01337	0.01568	0.01067	0.00569	0.00561	0.00175	0.00626	0.00533	0.00344	0.00862
3	0.03627	0.01308	0.01905	0.28059	0.25740	0.07356	0.06111	0.06922	0.01324	0.01772	0.01130	0.01653	0.00945	0.00625	0.00642	0.00184	0.05205	0.04453	0.00304	0.00736
4	0.01383	0.01428	0.01760	0.11627	0.01923	0.13228	0.06339	0.06291	0.01159	0.01540	0.00906	0.01319	0.00800	0.01003	0.05793	0.00253	0.41827	0.00493	0.00280	0.00648
5	0.06288	0.01153	0.01876	0.35380	0.35962	0.01261	0.01529	0.01667	0.01217	0.06777	0.01095	0.01445	0.00848	0.00542	0.00548	0.00177	0.00677	0.00493	0.00299	0.00765

[dist]
# distance from previous block
# <min> <max>
0	1

[block]
# block no. 4 follows, 42 sequences, length 37
# corresponding to MSA columns:
# 522-548,551-560
name=unknown_E
#
# <colnr> <probs for GDERKNQSTAVLIFYWHMCP>
#	G	D	E	R	K	N	Q	S	T	A	V	L	I	F	Y	W	H	M	C	P
0	0.01063	0.01000	0.01688	0.78870	0.03876	0.01250	0.01563	0.01438	0.01125	0.01438	0.01000	0.01500	0.00750	0.00563	0.00563	0.00188	0.00750	0.00500	0.00250	0.00625
1	0.03889	0.01140	0.01429	0.22309	0.05848	0.03928	0.01097	0.07204	0.22692	0.15574	0.03501	0.02012	0.03019	0.00715	0.00570	0.00184	0.00572	0.03054	0.00474	0.00789
2	0.01250	0.01191	0.02026	0.36056	0.45225	0.01300	0.01656	0.01602	0.01214	0.01665	0.01033	0.01439	0.00830	0.00528	0.00560	0.00176	0.00704	0.00501	0.00266	0.00776
3	0.00783	0.00641	0.00718	0.00830	0.00880	0.05810	0.00561	0.00885	0.01113	0.01432	0.02948	0.74410	0.03515	0.01681	0.00704	0.00223	0.00374	0.01514	0.00506	0.00471
4	0.01347	0.01023	0.01203	0.00880	0.01358	0.00818	0.00706	0.06594	0.01308	0.08914	0.01192	0.03280	0.00968	0.00495	0.00448	0.00101	0.00434	0.00400	0.00388	0.68142
5	0.02006	0.02434	0.01631	0.03075	0.05755	0.63732	0.01126	0.06664	0.04000	0.01567	0.00955	0.01104	0.00781	0.00595	0.00543	0.00152	0.02484	0.00393	0.00314	0.00690
6	0.01385	0.01192	0.01261	0.01142	0.01454	0.01377	0.00891	0.02935	0.73454	0.02334	0.02311	0.02228	0.01764	0.00787	0.00579	0.00193	0.00448	0.02813	0.00571	0.00880
7	0.00785	0.00575	0.00737	0.00696	0.00834	0.00526	0.00522	0.01041	0.01567	0.02195	0.70458	0.04306	0.11306	0.01174	0.00664	0.00178	0.00267	0.01032	0.00611	0.00526
8	0.01457	0.01237	0.01305	0.01157	0.01485	0.01426	0.00905	0.08515	0.70078	0.02446	0.02218	0.02042	0.01659	0.00757	0.00572	0.00189	0.00459	0.00626	0.00572	0.00896
9	0.00669	0.00570	0.00576	0.00574	0.00763	0.00477	0.00431	0.00815	0.01292	0.01542	0.07834	0.05379	0.74337	0.01417	0.00665	0.00190	0.00284	0.01183	0.00526	0.00477
10	0.01505	0.80561	0.02949	0.00963	0.01444	0.02227	0.00963	0.01685	0.01143	0.01324	0.00782	0.00903	0.00722	0.00481	0.00361	0.00120	0.00602	0.00301	0.00241	0.00722
11	0.02056	0.01500	0.01610	0.01252	0.01681	0.01658	0.01028	0.65246	0.08247	0.05089	0.01460	0.01446	0.01042	0.00682	0.00558	0.00170	0.00591	0.00519	0.03227	0.00938
12	0.00672	0.00568	0.00581	0.00582	0.00765	0.00477	0.00435	0.00819	0.01291	0.01552	0.08855	0.07469	0.71175	0.01422	0.00667	0.00191	0.00285	0.01192	0.00527	0.00477
13	0.00878	0.00707	0.01029	0.00987	0.01065	0.00869	0.00774	0.01055	0.00893	0.01303	0.01390	0.02122	0.01327	0.07724	0.60966	0.00773	0.14736	0.00596	0.00294	0.00513
14	0.01148	0.06936	0.73452	0.01571	0.02384	0.01355	0.02021	0.01777	0.01186	0.01758	0.00998	0.01173	0.00713	0.00532	0.00526	0.00175	0.00820	0.00410	0.00238	0.00826
15	0.01376	0.01320	0.02253	0.07363	0.72936	0.01333	0.01719	0.01712	0.01273	0.01818	0.01056	0.01398	0.00884	0.00505	0.00557	0.00168	0.00673	0.00501	0.00277	0.00878
16	0.01864	0.02209	0.01767	0.03297	0.20322	0.51401	0.01254	0.03910	0.03172	0.01568	0.00958	0.01157	0.00795	0.00581	0.00570	0.00156	0.03585	0.00413	0.00298	0.00723
17	0.00818	0.00546	0.00614	0.00614	0.00614	0.00546	0.00341	0.00818	0.00818	0.01091	0.01773	0.03683	0.02046	0.80222	0.02864	0.00546	0.00546	0.00818	0.00341	0.00341
18	0.00685	0.00493	0.00650	0.00776	0.00814	0.00458	0.00519	0.00784	0.01085	0.01440	0.03194	0.77207	0.06310	0.01751	0.00716	0.00227	0.00325	0.01585	0.00522	0.00458
19	0.05057	0.01598	0.01655	0.01281	0.01722	0.04437	0.01054	0.69652	0.02549	0.03433	0.01314	0.01324	0.00936	0.00667	0.00553	0.00168	0.00627	0.00494	0.00546	0.00934
20	0.00824	0.00633	0.00795	0.00820	0.00974	0.00564	0.00602	0.01013	0.03052	0.01574	0.02839	0.48092	0.08076	0.01427	0.00660	0.00201	0.00369	0.10444	0.00487	0.16555
21	0.04401	0.02010	0.06898	0.01599	0.10472	0.29490	0.01199	0.28658	0.05916	0.02338	0.01152	0.01249	0.00879	0.00611	0.00534	0.00162	0.00769	0.00448	0.00402	0.00815
22	0.10130	0.01560	0.01602	0.01245	0.01681	0.03861	0.01025	0.65649	0.02452	0.03386	0.01282	0.01299	0.00917	0.00658	0.00540	0.00169	0.00613	0.00483	0.00534	0.00915
23	0.00831	0.00618	0.00779	0.00731	0.00879	0.00587	0.00550	0.01180	0.06593	0.02228	0.68024	0.04119	0.08463	0.01137	0.00658	0.00179	0.00279	0.01000	0.00612	0.00553
24	0.00682	0.00503	0.00640	0.00749	0.00807	0.00460	0.00507	0.00787	0.01110	0.01450	0.03517	0.67963	0.15346	0.01709	0.00710	0.00222	0.00320	0.01534	0.00522	0.00460
25	0.01129	0.02911	0.77306	0.01604	0.02436	0.01307	0.02079	0.01782	0.01188	0.01782	0.01010	0.01188	0.00713	0.00535	0.00535	0.00178	0.00832	0.00416	0.00238	0.00832
26	0.02222	0.00904	0.01217	0.00958	0.01343	0.00795	0.00782	0.02482	0.03526	0.63292	0.13993	0.02283	0.02023	0.00770	0.00582	0.00175	0.00444	0.00639	0.00681	0.00888
27	0.00916	0.00602	0.00790	0.00728	0.00882	0.00551	0.00551	0.01178	0.01594	0.07426	0.71291	0.04046	0.05039	0.01119	0.00657	0.00177	0.00280	0.00987	0.00625	0.00560
28	0.00703	0.00572	0.00623	0.00610	0.00783	0.00491	0.00458	0.00881	0.01373	0.01734	0.26195	0.05065	0.55856	0.01346	0.00665	0.00186	0.00279	0.01138	0.00551	0.00491
29	0.00728	0.00560	0.00665	0.00665	0.00805	0.00498	0.00489	0.00919	0.01392	0.01842	0.37404	0.16145	0.33153	0.01352	0.00673	0.00190	0.00282	0.01173	0.00567	0.00498
30	0.01525	0.71806	0.04276	0.01098	0.04387	0.06264	0.01021	0.01719	0.01174	0.01356	0.00802	0.00933	0.00729	0.00489	0.00380	0.00125	0.00631	0.00314	0.00245	0.00727
31	0.02027	0.00981	0.03096	0.00989	0.01366	0.00878	0.00818	0.02475	0.13020	0.51139	0.14658	0.02310	0.02084	0.00779	0.00583	0.00177	0.00447	0.00649	0.00653	0.00873
32	0.00888	0.07979	0.00893	0.00704	0.00762	0.00747	0.00467	0.00935	0.00861	0.01148	0.01624	0.03171	0.01808	0.60655	0.13106	0.00550	0.02239	0.00734	0.00324	0.00404
33	0.00917	0.00676	0.00820	0.00779	0.00934	0.00654	0.00581	0.09885	0.01563	0.02131	0.41554	0.21347	0.13465	0.01268	0.00664	0.00189	0.00325	0.01111	0.00578	0.00558
34	0.00685	0.00494	0.00649	0.00772	0.00813	0.00458	0.00517	0.00785	0.01088	0.01441	0.03237	0.75976	0.07513	0.01745	0.00716	0.00227	0.00324	0.01578	0.00522	0.00458
35	0.01214	0.00999	0.01172	0.00839	0.01337	0.00753	0.00672	0.01463	0.01182	0.04418	0.01042	0.01193	0.00853	0.00426	0.00422	0.00086	0.00419	0.00341	0.00346	0.80824
36	0.84197	0.01088	0.00827	0.00740	0.01088	0.01262	0.00609	0.01654	0.00958	0.02525	0.00784	0.00914	0.00609	0.00522	0.00348	0.00174	0.00435	0.00305	0.00348	0.00609

[dist]
# distance from previous block
# <min> <max>
0	30

[block]
# block no. 5 follows, 42 sequences, length 23
# corresponding to MSA columns:
# 591-613
name=unknown_F
#
# <colnr> <probs for GDERKNQSTAVLIFYWHMCP>
#	G	D	E	R	K	N	Q	S	T	A	V	L	I	F	Y	W	H	M	C	P
0	0.01400	0.01209	0.01273	0.01145	0.01463	0.01400	0.00891	0.02990	0.75695	0.02354	0.02291	0.02100	0.01718	0.00764	0.00573	0.00191	0.00445	0.00636	0.00573	0.00891
1	0.02042	0.07170	0.01706	0.01488	0.04537	0.66627	0.01103	0.05994	0.01611	0.01505	0.00897	0.01040	0.00743	0.00576	0.00504	0.00146	0.00957	0.00372	0.00301	0.00681
2	0.00679	0.00570	0.00584	0.00581	0.00762	0.00481	0.00433	0.00826	0.01293	0.01562	0.10713	0.05282	0.69331	0.03524	0.00724	0.00199	0.00291	0.01165	0.00525	0.00476
3	0.00928	0.00726	0.01022	0.00971	0.01069	0.00870	0.00757	0.04897	0.00983	0.01411	0.01427	0.02170	0.01355	0.10093	0.58168	0.00754	0.10957	0.00603	0.00312	0.00526
4	0.00880	0.00634	0.00873	0.00995	0.01123	0.00627	0.00857	0.01123	0.01282	0.01661	0.03145	0.10449	0.07530	0.01559	0.00767	0.00253	0.00494	0.64716	0.00519	0.00512
5	0.00685	0.00492	0.00650	0.00776	0.00814	0.00458	0.00519	0.00784	0.01084	0.01439	0.03190	0.77326	0.06194	0.01752	0.00716	0.00227	0.00325	0.01586	0.00522	0.00458
6	0.01569	0.01336	0.01413	0.02665	0.01571	0.04819	0.00976	0.20817	0.42961	0.02477	0.01928	0.01960	0.02980	0.00782	0.00680	0.00190	0.07038	0.02466	0.00522	0.00851
7	0.00686	0.00490	0.00653	0.00784	0.00816	0.00457	0.00522	0.00784	0.01077	0.01437	0.03102	0.79855	0.03722	0.01763	0.00718	0.00229	0.00326	0.01600	0.00522	0.00457
8	0.84197	0.01088	0.00827	0.00740	0.01088	0.01262	0.00609	0.01654	0.00958	0.02525	0.00784	0.00914	0.00609	0.00522	0.00348	0.00174	0.00435	0.00305	0.00348	0.00609
9	0.01538	0.76159	0.02872	0.00990	0.01461	0.06508	0.00970	0.01717	0.01169	0.01327	0.00787	0.00909	0.00722	0.00487	0.00369	0.00122	0.00625	0.00304	0.00244	0.00718
10	0.00825	0.00589	0.00728	0.00735	0.00820	0.00578	0.00514	0.00938	0.01004	0.01370	0.04820	0.11563	0.08238	0.35448	0.14234	0.00462	0.00632	0.08765	0.02607	0.05130
11	0.00980	0.00506	0.00766	0.03388	0.00840	0.00515	0.00525	0.00757	0.00746	0.00993	0.00978	0.01704	0.00970	0.01908	0.02144	0.80791	0.00498	0.00489	0.00245	0.00257
12	0.02139	0.01576	0.01689	0.01295	0.01745	0.01745	0.01070	0.74835	0.02646	0.03547	0.01351	0.01351	0.00957	0.00676	0.00563	0.00169	0.00619	0.00507	0.00563	0.00957
13	0.02089	0.01517	0.01635	0.01269	0.01707	0.01675	0.01043	0.65289	0.09199	0.06560	0.01473	0.01443	0.01044	0.00684	0.00564	0.00171	0.00598	0.00521	0.00570	0.00951
14	0.01900	0.02142	0.01442	0.01319	0.03188	0.53240	0.00977	0.11332	0.01635	0.01745	0.01099	0.01322	0.00908	0.04082	0.00604	0.00164	0.00840	0.00425	0.10970	0.00667
15	0.01422	0.01181	0.01253	0.01123	0.01442	0.01351	0.00875	0.02918	0.70680	0.05213	0.02387	0.02189	0.03873	0.00780	0.00575	0.00190	0.00442	0.00650	0.00576	0.00881
16	0.00666	0.00567	0.00573	0.00578	0.00762	0.00474	0.00431	0.00807	0.01275	0.01517	0.05606	0.08128	0.73832	0.01438	0.00667	0.00191	0.00287	0.01203	0.00523	0.00474
17	0.04314	0.77861	0.02877	0.00955	0.01432	0.02194	0.00951	0.01684	0.01137	0.01365	0.00782	0.00903	0.00718	0.00483	0.00361	0.00122	0.00596	0.00301	0.00244	0.00718
18	0.00689	0.00500	0.00651	0.00763	0.00813	0.00462	0.00515	0.00798	0.01116	0.01479	0.06512	0.70669	0.09538	0.01710	0.00712	0.00223	0.00321	0.01542	0.00527	0.00462
19	0.00805	0.00601	0.00893	0.00893	0.00989	0.00697	0.00689	0.00997	0.00901	0.01298	0.01518	0.02271	0.01433	0.07326	0.74923	0.00890	0.01468	0.00612	0.00303	0.00496
20	0.00693	0.00495	0.00659	0.00779	0.00818	0.00462	0.00523	0.00802	0.01111	0.01490	0.07835	0.74970	0.03825	0.01724	0.00715	0.00225	0.00323	0.01562	0.00529	0.00462
21	0.01231	0.01231	0.01724	0.01477	0.01477	0.01724	0.01231	0.01354	0.00862	0.01354	0.00739	0.01231	0.00739	0.00985	0.01847	0.00246	0.79192	0.00492	0.00246	0.00616
22	0.01087	0.01047	0.01835	0.71994	0.03792	0.01266	0.08134	0.01471	0.01144	0.01471	0.01013	0.01502	0.00760	0.00555	0.00572	0.00188	0.00768	0.00515	0.00253	0.00637

[dist]
# distance from previous block
# <min> <max>
0	1

[block]
# block no. 6 follows, 42 sequences, length 6
# corresponding to MSA columns:
# 615-620
name=unknown_G
#
# <colnr> <probs for GDERKNQSTAVLIFYWHMCP>
#	G	D	E	R	K	N	Q	S	T	A	V	L	I	F	Y	W	H	M	C	P
0	0.01096	0.01034	0.01748	0.71217	0.11267	0.01259	0.01580	0.01467	0.01141	0.01479	0.01006	0.01489	0.00765	0.00556	0.00562	0.00185	0.00742	0.00500	0.00253	0.00652
1	0.00828	0.00579	0.00785	0.00785	0.00857	0.00641	0.00567	0.00972	0.00900	0.01303	0.01615	0.02656	0.01607	0.27369	0.48652	0.00732	0.01112	0.00663	0.06925	0.00454
2	0.00835	0.00593	0.00856	0.00856	0.00960	0.00681	0.00664	0.01044	0.00940	0.01408	0.01549	0.02196	0.01411	0.03764	0.68050	0.00805	0.01348	0.00593	0.10941	0.00505
3	0.01596	0.47030	0.09605	0.01132	0.01585	0.11980	0.01087	0.10661	0.01381	0.01678	0.00925	0.01059	0.00779	0.00549	0.00480	0.00140	0.03681	0.00361	0.03550	0.00740
4	0.00731	0.00518	0.00682	0.00770	0.00828	0.00508	0.00533	0.00854	0.01054	0.01442	0.02851	0.54862	0.07246	0.05407	0.13930	0.00349	0.00531	0.01314	0.05126	0.00465
5	0.01243	0.00718	0.00886	0.00794	0.01028	0.00659	0.00619	0.01559	0.07107	0.20853	0.28558	0.06602	0.22288	0.01115	0.00639	0.00186	0.00349	0.03547	0.00603	0.00648

[dist]
# distance from previous block
# <min> <max>
0	5

[block]
# block no. 7 follows, 42 sequences, length 15
# corresponding to MSA columns:
# 627-641
name=unknown_H
#
# <colnr> <probs for GDERKNQSTAVLIFYWHMCP>
#	G	D	E	R	K	N	Q	S	T	A	V	L	I	F	Y	W	H	M	C	P
0	0.01704	0.04972	0.04096	0.01309	0.01554	0.47361	0.01034	0.03401	0.01372	0.01426	0.01011	0.01349	0.00895	0.04903	0.10426	0.00271	0.09756	0.00435	0.02099	0.00627
1	0.73788	0.03926	0.01010	0.00817	0.01172	0.01274	0.04170	0.01648	0.00991	0.02429	0.00845	0.00992	0.00660	0.00524	0.00366	0.00171	0.00459	0.00331	0.03809	0.00617
2	0.00691	0.00571	0.00608	0.00610	0.00786	0.00488	0.00460	0.00853	0.01319	0.01622	0.15004	0.07511	0.62401	0.01403	0.00670	0.00192	0.00291	0.03503	0.00535	0.00483
3	0.00686	0.00490	0.00653	0.00784	0.00816	0.00457	0.00522	0.00784	0.01077	0.01437	0.03102	0.79855	0.03722	0.01763	0.00718	0.00229	0.00326	0.01600	0.00522	0.00457
4	0.03835	0.01320	0.02101	0.17433	0.57786	0.04394	0.01637	0.01692	0.01255	0.01765	0.01032	0.01384	0.00850	0.00517	0.00550	0.00170	0.00691	0.00490	0.00276	0.00823
5	0.01365	0.01309	0.02234	0.09802	0.70582	0.01330	0.01713	0.01703	0.01268	0.01805	0.01054	0.01402	0.00880	0.00507	0.00558	0.00169	0.00675	0.00501	0.00276	0.00869
6	0.78010	0.01156	0.03879	0.00784	0.01154	0.01249	0.00676	0.01698	0.00990	0.05135	0.00843	0.00961	0.00641	0.00529	0.00363	0.00174	0.00453	0.00318	0.00356	0.00631
7	0.04909	0.01004	0.01648	0.75255	0.03747	0.01251	0.01519	0.01448	0.01118	0.01488	0.00990	0.01473	0.00744	0.00561	0.00553	0.00187	0.00736	0.00491	0.00255	0.00624
8	0.01151	0.02756	0.69072	0.01689	0.02492	0.01320	0.10159	0.01784	0.01204	0.01784	0.01024	0.01225	0.00729	0.00528	0.00549	0.00180	0.00845	0.00443	0.00243	0.00824
9	0.00743	0.00570	0.00681	0.00660	0.00810	0.00507	0.00492	0.00956	0.01456	0.01948	0.47049	0.07952	0.31579	0.01279	0.00667	0.00184	0.00275	0.01106	0.00579	0.00507
10	0.00844	0.00586	0.00717	0.00748	0.00798	0.00587	0.00505	0.03551	0.01041	0.01394	0.05327	0.22061	0.02657	0.42090	0.05531	0.00423	0.00527	0.09761	0.00424	0.00428
11	0.00700	0.00507	0.00661	0.00759	0.00816	0.00469	0.00517	0.00824	0.01163	0.01557	0.13573	0.64296	0.08766	0.01655	0.00707	0.00219	0.00315	0.01491	0.00536	0.00469
12	0.01400	0.01209	0.01273	0.01145	0.01463	0.01400	0.00891	0.02990	0.75695	0.02354	0.02291	0.02100	0.01718	0.00764	0.00573	0.00191	0.00445	0.00636	0.00573	0.00891
13	0.84197	0.01088	0.00827	0.00740	0.01088	0.01262	0.00609	0.01654	0.00958	0.02525	0.00784	0.00914	0.00609	0.00522	0.00348	0.00174	0.00435	0.00305	0.00348	0.00609
14	0.01049	0.00525	0.00525	0.00525	0.00656	0.00525	0.00393	0.01311	0.01180	0.02098	0.01836	0.02098	0.01442	0.00656	0.00393	0.00131	0.00262	0.00525	0.83346	0.00525

[dist]
# distance from previous block
# <min> <max>
5	6

[block]
# block no. 8 follows, 42 sequences, length 30
# corresponding to MSA columns:
# 649-678
name=unknown_I
#
# <colnr> <probs for GDERKNQSTAVLIFYWHMCP>
#	G	D	E	R	K	N	Q	S	T	A	V	L	I	F	Y	W	H	M	C	P
0	0.04262	0.01135	0.01415	0.20883	0.07300	0.03861	0.01116	0.08580	0.23820	0.05738	0.04798	0.02371	0.01599	0.00785	0.00588	0.00192	0.00576	0.09775	0.00453	0.00753
1	0.23988	0.02192	0.47292	0.05368	0.02107	0.01273	0.03247	0.01773	0.01144	0.05355	0.01005	0.01169	0.00720	0.00539	0.00489	0.00178	0.00706	0.00402	0.00290	0.00764
2	0.76716	0.01126	0.00861	0.00767	0.01109	0.03404	0.00628	0.03634	0.01029	0.02505	0.00839	0.00971	0.00652	0.00533	0.00360	0.00172	0.00450	0.00320	0.03306	0.00617
3	0.01917	0.01402	0.01520	0.01193	0.01565	0.01561	0.00973	0.60053	0.02316	0.03163	0.01390	0.01545	0.01053	0.05077	0.00738	0.00190	0.04503	0.00525	0.08453	0.00865
4	0.63406	0.02686	0.00949	0.03501	0.01208	0.01199	0.00670	0.04316	0.01131	0.06318	0.09016	0.01356	0.01175	0.00605	0.00409	0.00174	0.00440	0.00409	0.00398	0.00635
5	0.01258	0.01073	0.01454	0.08196	0.04317	0.01324	0.02825	0.09987	0.06483	0.01842	0.03804	0.01690	0.01177	0.02290	0.07948	0.00268	0.30954	0.00547	0.11904	0.00659
6	0.01502	0.00940	0.01154	0.00908	0.01310	0.00789	0.00726	0.05015	0.02922	0.21696	0.03364	0.09739	0.01523	0.00721	0.00521	0.00139	0.00435	0.04298	0.00480	0.41818
7	0.04103	0.01003	0.01656	0.76013	0.03774	0.01251	0.01528	0.01446	0.01119	0.01478	0.00992	0.01479	0.00745	0.00561	0.00555	0.00187	0.00739	0.00493	0.00254	0.00625
8	0.00683	0.00499	0.00643	0.00758	0.00809	0.00459	0.00511	0.00787	0.01102	0.01447	0.03416	0.70854	0.12521	0.01722	0.00712	0.00224	0.00321	0.01550	0.00522	0.00459
9	0.00686	0.00490	0.00653	0.00784	0.00816	0.00457	0.00522	0.00784	0.01077	0.01437	0.03102	0.79855	0.03722	0.01763	0.00718	0.00229	0.00326	0.01600	0.00522	0.00457
10	0.01167	0.01000	0.01167	0.00834	0.01334	0.00750	0.00667	0.01417	0.01167	0.01834	0.01000	0.01167	0.00834	0.00417	0.00417	0.00083	0.00417	0.00333	0.00333	0.83663
11	0.01400	0.01209	0.01273	0.01145	0.01463	0.01400	0.00891	0.02990	0.75695	0.02354	0.02291	0.02100	0.01718	0.00764	0.00573	0.00191	0.00445	0.00636	0.00573	0.00891
12	0.01142	0.05584	0.74746	0.01582	0.02402	0.01339	0.02041	0.01779	0.01187	0.01766	0.01002	0.01178	0.00713	0.00533	0.00529	0.00176	0.00824	0.00412	0.00238	0.00828
13	0.00825	0.00634	0.00945	0.00933	0.01029	0.00754	0.00730	0.01022	0.00902	0.01309	0.01469	0.02162	0.01374	0.04059	0.74192	0.00872	0.05385	0.00597	0.00299	0.00508
14	0.00718	0.00517	0.00676	0.00792	0.00845	0.00486	0.00554	0.00833	0.01104	0.01455	0.03190	0.62410	0.08290	0.05568	0.00827	0.00245	0.00358	0.10159	0.00513	0.00460
15	0.00871	0.00617	0.00793	0.00756	0.00902	0.00585	0.00574	0.01192	0.05369	0.04195	0.61615	0.08093	0.06345	0.01176	0.00665	0.00185	0.00297	0.04609	0.00607	0.00555
16	0.00727	0.00601	0.00644	0.00643	0.00824	0.00532	0.00488	0.00955	0.04661	0.01653	0.13912	0.07166	0.58729	0.01378	0.00668	0.00193	0.00303	0.04883	0.00536	0.00502
17	0.00685	0.00494	0.00649	0.00773	0.00813	0.00458	0.00517	0.00785	0.01088	0.01441	0.03237	0.75991	0.07499	0.01746	0.00716	0.00227	0.00324	0.01578	0.00522	0.00458
18	0.00686	0.00490	0.00653	0.00784	0.00816	0.00457	0.00522	0.00784	0.01077	0.01437	0.03102	0.79855	0.03722	0.01763	0.00718	0.00229	0.00326	0.01600	0.00522	0.00457
19	0.01562	0.73017	0.02818	0.01010	0.01473	0.09563	0.00975	0.01740	0.01187	0.01329	0.00791	0.00914	0.00722	0.00491	0.00375	0.00123	0.00642	0.00307	0.00246	0.00715
20	0.01146	0.06578	0.73795	0.01574	0.02389	0.01350	0.02027	0.01778	0.01186	0.01761	0.00999	0.01175	0.00713	0.00532	0.00526	0.00175	0.00821	0.00410	0.00238	0.00827
21	0.03808	0.60816	0.10837	0.01060	0.01561	0.06886	0.01076	0.01785	0.01196	0.05320	0.00887	0.00994	0.00753	0.00506	0.00400	0.00132	0.00643	0.00331	0.00270	0.00739
22	0.01226	0.04614	0.25710	0.02012	0.05895	0.01336	0.40753	0.01709	0.01257	0.01753	0.01237	0.07541	0.01033	0.00595	0.00613	0.00186	0.00839	0.00642	0.00287	0.00762
23	0.01522	0.73894	0.05437	0.01010	0.01494	0.06081	0.01008	0.01717	0.01168	0.01343	0.00795	0.00918	0.00722	0.00488	0.00375	0.00124	0.00631	0.00308	0.00243	0.00722
24	0.05677	0.46317	0.26884	0.01175	0.01748	0.01816	0.01310	0.01743	0.01157	0.04180	0.00905	0.01040	0.00737	0.00522	0.00464	0.00147	0.02805	0.00353	0.00261	0.00757
25	0.01505	0.80561	0.02949	0.00963	0.01444	0.02227	0.00963	0.01685	0.01143	0.01324	0.00782	0.00903	0.00722	0.00481	0.00361	0.00120	0.00602	0.00301	0.00241	0.00722
26	0.02356	0.00918	0.01251	0.00984	0.01385	0.00797	0.00806	0.02570	0.01576	0.69887	0.04009	0.06082	0.01643	0.00780	0.00580	0.00179	0.00467	0.02134	0.00682	0.00913
27	0.00848	0.00625	0.00827	0.00926	0.01064	0.00604	0.00788	0.01078	0.01293	0.01657	0.05320	0.08645	0.18012	0.01526	0.00750	0.00242	0.00459	0.54308	0.00522	0.00508
28	0.00696	0.00497	0.00647	0.00762	0.00797	0.00465	0.00504	0.00787	0.01063	0.01410	0.03079	0.70865	0.06091	0.08366	0.00897	0.00254	0.00344	0.01520	0.00507	0.00448
29	0.00678	0.00520	0.00622	0.00704	0.00795	0.00464	0.00487	0.00793	0.01154	0.01468	0.04071	0.52093	0.30858	0.01637	0.00698	0.00214	0.00311	0.01446	0.00522	0.00464

[dist]
# distance from previous block
# <min> <max>
0	2

[block]
# block no. 9 follows, 42 sequences, length 13
# corresponding to MSA columns:
# 681-693
name=unknown_J
#
# <colnr> <probs for GDERKNQSTAVLIFYWHMCP>
#	G	D	E	R	K	N	Q	S	T	A	V	L	I	F	Y	W	H	M	C	P
0	0.01331	0.05666	0.03176	0.05304	0.07325	0.01454	0.63583	0.01778	0.01308	0.01765	0.01110	0.01477	0.00845	0.00480	0.00638	0.00185	0.00906	0.00629	0.00281	0.00760
1	0.00812	0.00543	0.00616	0.00622	0.00624	0.00541	0.00350	0.00817	0.00831	0.01108	0.01839	0.07465	0.02129	0.76326	0.02758	0.00530	0.00535	0.00857	0.00350	0.00347
2	0.01028	0.00529	0.00548	0.00548	0.00673	0.00535	0.00408	0.01277	0.01152	0.02019	0.01816	0.02163	0.01463	0.03799	0.04588	0.00187	0.00339	0.00540	0.75874	0.00517
3	0.01877	0.01554	0.09410	0.01263	0.01713	0.01510	0.01113	0.44364	0.16225	0.09441	0.01635	0.01727	0.01206	0.00715	0.00571	0.00178	0.00592	0.03451	0.00541	0.00914
4	0.01352	0.63136	0.02503	0.00950	0.01349	0.01895	0.00906	0.01537	0.01091	0.01320	0.00940	0.01188	0.00871	0.01296	0.17279	0.00291	0.00799	0.00367	0.00254	0.00674
5	0.01856	0.01511	0.01510	0.01204	0.01614	0.08409	0.00971	0.44583	0.15050	0.02890	0.01442	0.01450	0.01067	0.00650	0.00537	0.00159	0.00589	0.00495	0.02876	0.11139
6	0.00810	0.00542	0.00616	0.00625	0.00627	0.00540	0.00353	0.00816	0.00835	0.01113	0.01858	0.08536	0.02153	0.75223	0.02728	0.00525	0.00532	0.00868	0.00353	0.00348
7	0.02091	0.01485	0.01602	0.01235	0.01666	0.01630	0.01018	0.67136	0.02511	0.06813	0.01420	0.01422	0.01006	0.00675	0.00553	0.00167	0.00591	0.00510	0.05537	0.00931
8	0.02174	0.01520	0.01654	0.01268	0.01717	0.01662	0.01048	0.68325	0.02552	0.10189	0.01430	0.01402	0.00996	0.00677	0.00563	0.00169	0.00607	0.00512	0.00575	0.00957
9	0.00740	0.00584	0.00674	0.00683	0.00848	0.00518	0.00533	0.00934	0.01368	0.01744	0.24152	0.05244	0.45526	0.01373	0.00683	0.00198	0.00318	0.12837	0.00548	0.00497
10	0.01878	0.01389	0.01507	0.01203	0.01597	0.01516	0.00996	0.60478	0.02382	0.03170	0.01909	0.02240	0.07892	0.00835	0.00595	0.00180	0.00579	0.08232	0.00555	0.00868
11	0.00837	0.00679	0.03693	0.00846	0.00961	0.00595	0.00628	0.03142	0.01170	0.03351	0.07471	0.59052	0.04583	0.03115	0.00762	0.00220	0.02715	0.01346	0.00502	0.04331
12	0.06350	0.54750	0.11544	0.01073	0.01570	0.01960	0.01090	0.08322	0.01279	0.03911	0.00903	0.01018	0.00756	0.00529	0.00450	0.00140	0.02963	0.00347	0.00289	0.00754

[dist]
# distance from previous block
# <min> <max>
0	3

[block]
# block no. 10 follows, 42 sequences, length 19
# corresponding to MSA columns:
# 697-715
name=unknown_K
#
# <colnr> <probs for GDERKNQSTAVLIFYWHMCP>
#	G	D	E	R	K	N	Q	S	T	A	V	L	I	F	Y	W	H	M	C	P
0	0.05144	0.05146	0.08861	0.10971	0.14433	0.23609	0.06757	0.04191	0.01390	0.08826	0.01159	0.01354	0.02058	0.00587	0.00575	0.00168	0.03231	0.00465	0.00328	0.00749
1	0.60792	0.09039	0.02743	0.00859	0.01221	0.09569	0.00728	0.01749	0.01076	0.04597	0.00870	0.00992	0.00682	0.00534	0.00379	0.00165	0.00519	0.00327	0.02523	0.00638
2	0.01237	0.04454	0.01042	0.00840	0.01082	0.00828	0.00663	0.06871	0.09478	0.13487	0.41759	0.03394	0.10591	0.01002	0.00618	0.00176	0.00360	0.00856	0.00595	0.00668
3	0.01889	0.03493	0.01566	0.01185	0.01599	0.01551	0.00972	0.56658	0.05790	0.03122	0.03340	0.01522	0.01137	0.02304	0.02631	0.00188	0.00599	0.00516	0.02673	0.07266
4	0.00798	0.00592	0.00868	0.00875	0.00964	0.00677	0.00665	0.00978	0.00908	0.01297	0.01619	0.06761	0.01589	0.09955	0.67770	0.00838	0.01366	0.00677	0.00317	0.00487
5	0.02167	0.01531	0.01661	0.01274	0.01723	0.01679	0.01052	0.69610	0.02571	0.08878	0.01414	0.01392	0.00989	0.00677	0.00563	0.00169	0.00609	0.00511	0.00573	0.00957
6	0.00726	0.00507	0.00641	0.00732	0.00754	0.00484	0.00467	0.00794	0.00998	0.01331	0.02695	0.56562	0.03210	0.25755	0.01375	0.00325	0.00393	0.01361	0.00467	0.00422
7	0.00874	0.00716	0.01026	0.12194	0.01433	0.03027	0.00831	0.01094	0.00965	0.01333	0.01489	0.05648	0.01399	0.03472	0.60971	0.00747	0.01329	0.00627	0.00304	0.00523
8	0.09995	0.00970	0.01262	0.00977	0.01405	0.00867	0.00807	0.02643	0.01551	0.70280	0.02089	0.01824	0.01321	0.00681	0.00546	0.00174	0.00475	0.00542	0.00665	0.00926
9	0.08667	0.01008	0.01609	0.71723	0.03621	0.01251	0.01476	0.01458	0.01110	0.01537	0.00980	0.01447	0.00737	0.00559	0.00543	0.00186	0.00721	0.00482	0.00259	0.00624
10	0.00665	0.00570	0.00570	0.00570	0.00760	0.00475	0.00428	0.00808	0.01283	0.01520	0.05701	0.05416	0.76483	0.01425	0.00665	0.00190	0.00285	0.01188	0.00523	0.00475
11	0.01186	0.08358	0.63269	0.01771	0.10926	0.01377	0.01958	0.01769	0.01196	0.01755	0.00999	0.01191	0.00734	0.00527	0.00525	0.00173	0.00796	0.00417	0.00243	0.00831
12	0.01854	0.01427	0.01680	0.01622	0.15369	0.03039	0.01119	0.48777	0.02131	0.04932	0.01439	0.01639	0.02983	0.06436	0.00764	0.00198	0.02689	0.00544	0.00484	0.00873
13	0.00673	0.00570	0.00581	0.00578	0.00765	0.00478	0.00433	0.00822	0.01300	0.01562	0.09741	0.05347	0.72417	0.01410	0.00665	0.00189	0.00284	0.01178	0.00528	0.00478
14	0.44709	0.01653	0.23711	0.01070	0.01557	0.01300	0.01098	0.01930	0.14312	0.02273	0.01119	0.01207	0.00837	0.00569	0.00444	0.00178	0.00555	0.00397	0.00355	0.00726
15	0.01633	0.01254	0.01384	0.01074	0.01495	0.01264	0.00867	0.38648	0.06187	0.02707	0.01432	0.07383	0.01183	0.00677	0.00522	0.00145	0.00511	0.00540	0.02333	0.28762
16	0.00813	0.00572	0.00741	0.00817	0.00900	0.00538	0.00570	0.03994	0.01179	0.03123	0.04949	0.67525	0.03476	0.01620	0.00697	0.00219	0.00350	0.03727	0.00523	0.03667
17	0.01145	0.06254	0.74105	0.01576	0.02393	0.01347	0.02031	0.01778	0.01186	0.01762	0.01000	0.01176	0.00713	0.00532	0.00527	0.00176	0.00822	0.00411	0.00238	0.00827
18	0.01051	0.00832	0.00909	0.00793	0.01037	0.03518	0.00606	0.06088	0.06238	0.04372	0.30131	0.03493	0.20406	0.04653	0.00707	0.00182	0.00375	0.00848	0.00524	0.13238

[dist]
# distance from previous block
# <min> <max>
2	5

[block]
# block no. 11 follows, 42 sequences, length 32
# corresponding to MSA columns:
# 721-752
name=unknown_L
#
# <colnr> <probs for GDERKNQSTAVLIFYWHMCP>
#	G	D	E	R	K	N	Q	S	T	A	V	L	I	F	Y	W	H	M	C	P
0	0.12493	0.01221	0.01225	0.02761	0.02978	0.04920	0.00839	0.27426	0.14911	0.02599	0.01811	0.03833	0.06081	0.00734	0.00517	0.00170	0.00501	0.00571	0.13647	0.00763
