[name]
unknown

[dist]
# distance from previous block
# <min> <max>
27	119

[block]
# block no. 0 follows, 44 sequences, length 6
# corresponding to MSA columns:
# 161-166
name=unknown_A
#
# <colnr> <probs for GDERKNQSTAVLIFYWHMCP>
#	G	D	E	R	K	N	Q	S	T	A	V	L	I	F	Y	W	H	M	C	P
0	0.01209	0.00686	0.00821	0.00731	0.00883	0.00660	0.00512	0.06269	0.01141	0.15781	0.03804	0.05832	0.05676	0.38346	0.03737	0.03614	0.00495	0.00726	0.05340	0.03738
1	0.08109	0.06720	0.01374	0.01028	0.01355	0.06293	0.03313	0.23062	0.10659	0.06741	0.04576	0.01796	0.01314	0.11896	0.00819	0.00208	0.00543	0.00529	0.03291	0.06374
2	0.04683	0.01068	0.01536	0.14076	0.11076	0.01150	0.05880	0.10188	0.04127	0.14679	0.04772	0.01863	0.06985	0.00748	0.00744	0.03044	0.09373	0.00571	0.00408	0.03029
3	0.01006	0.00838	0.00822	0.00766	0.00953	0.08055	0.00573	0.04202	0.06136	0.05153	0.24735	0.07426	0.29872	0.06126	0.00752	0.00198	0.00387	0.00937	0.00513	0.00548
4	0.01372	0.01252	0.04148	0.14834	0.16575	0.05310	0.03769	0.17261	0.04897	0.02040	0.01478	0.01741	0.05537	0.00656	0.00565	0.01935	0.00597	0.02106	0.06181	0.07747
5	0.05055	0.00758	0.00806	0.00718	0.00925	0.00797	0.00559	0.12571	0.05862	0.07191	0.01694	0.01927	0.01325	0.04000	0.04559	0.00195	0.00411	0.00520	0.49509	0.00615

[dist]
# distance from previous block
# <min> <max>
0	6

[block]
# block no. 1 follows, 44 sequences, length 9
# corresponding to MSA columns:
# 173-181
name=unknown_B
#
# <colnr> <probs for GDERKNQSTAVLIFYWHMCP>
#	G	D	E	R	K	N	Q	S	T	A	V	L	I	F	Y	W	H	M	C	P
0	0.03372	0.01091	0.10888	0.01036	0.01299	0.03792	0.04135	0.09506	0.01339	0.04536	0.10734	0.25852	0.02454	0.02852	0.05219	0.00240	0.00556	0.08532	0.00449	0.02118
1	0.08405	0.07193	0.39278	0.01388	0.04456	0.01352	0.01477	0.06071	0.03301	0.04519	0.05073	0.01338	0.00994	0.00627	0.00687	0.00177	0.12160	0.00447	0.00305	0.00749
2	0.10712	0.01489	0.11303	0.15605	0.06913	0.04688	0.31591	0.01634	0.01195	0.01744	0.03892	0.01422	0.00923	0.00538	0.00611	0.00179	0.04055	0.00531	0.00282	0.00693
3	0.44235	0.02604	0.03588	0.03715	0.01278	0.03749	0.04531	0.01592	0.02886	0.06767	0.01099	0.01454	0.00920	0.11144	0.00718	0.00210	0.00502	0.00426	0.04019	0.04562
4	0.00662	0.00485	0.00622	0.00732	0.00784	0.00445	0.00494	0.00762	0.01070	0.01402	0.03338	0.70538	0.13337	0.01665	0.00689	0.00216	0.00311	0.01497	0.00506	0.00445
5	0.01253	0.01237	0.02158	0.16342	0.39708	0.01300	0.13783	0.01581	0.01174	0.01658	0.00993	0.01359	0.00815	0.00535	0.00679	0.00172	0.08854	0.00501	0.00266	0.05632
6	0.01158	0.00994	0.01143	0.00845	0.01307	0.00804	0.00673	0.01560	0.10367	0.01838	0.01122	0.01241	0.00913	0.00445	0.00422	0.00094	0.00407	0.00359	0.00351	0.73957
7	0.01119	0.01054	0.01780	0.50626	0.28037	0.01203	0.01520	0.01456	0.01138	0.01522	0.01082	0.05087	0.00906	0.00579	0.00550	0.00177	0.00681	0.00534	0.00264	0.00684
8	0.01085	0.00928	0.01125	0.06299	0.01423	0.00737	0.00695	0.01324	0.01121	0.01718	0.01137	0.07703	0.01033	0.00521	0.00438	0.00099	0.00419	0.00436	0.00332	0.71429

[dist]
# distance from previous block
# <min> <max>
0	1

[block]
# block no. 2 follows, 44 sequences, length 7
# corresponding to MSA columns:
# 183-189
name=unknown_C
#
# <colnr> <probs for GDERKNQSTAVLIFYWHMCP>
#	G	D	E	R	K	N	Q	S	T	A	V	L	I	F	Y	W	H	M	C	P
0	0.01116	0.01122	0.06555	0.09348	0.34720	0.01046	0.03403	0.01487	0.05203	0.01698	0.03415	0.13223	0.01733	0.00857	0.00601	0.00189	0.00583	0.12637	0.00358	0.00707
1	0.06347	0.00884	0.01099	0.03481	0.06699	0.00764	0.00747	0.01301	0.01152	0.01770	0.06187	0.07270	0.01580	0.02808	0.00555	0.00144	0.00433	0.09745	0.00370	0.46663
2	0.06585	0.01398	0.06550	0.10536	0.37650	0.10545	0.01339	0.01604	0.01251	0.01740	0.06598	0.01610	0.04133	0.00580	0.00524	0.00159	0.00635	0.00504	0.00306	0.05752
3	0.07068	0.00955	0.01268	0.01077	0.05629	0.00866	0.06599	0.01351	0.01099	0.01748	0.01272	0.05613	0.03178	0.00801	0.05498	0.00174	0.05546	0.00482	0.05716	0.44060
4	0.01357	0.01161	0.06470	0.06297	0.06057	0.01091	0.06224	0.23716	0.01636	0.05864	0.11325	0.06516	0.06110	0.06544	0.00743	0.00201	0.00548	0.04566	0.00454	0.03119
5	0.01221	0.01542	0.19465	0.09400	0.11688	0.03972	0.05508	0.05124	0.06941	0.01802	0.01139	0.01365	0.00892	0.00716	0.04945	0.00189	0.00681	0.00448	0.02248	0.20714
6	0.01030	0.01075	0.08555	0.16293	0.07603	0.03738	0.03903	0.01418	0.07576	0.03663	0.15763	0.06669	0.14916	0.04597	0.00691	0.00195	0.00522	0.00763	0.00411	0.00618

[dist]
# distance from previous block
# <min> <max>
1	31

[block]
# block no. 3 follows, 44 sequences, length 38
# corresponding to MSA columns:
# 221-258
name=unknown_D
#
# <colnr> <probs for GDERKNQSTAVLIFYWHMCP>
#	G	D	E	R	K	N	Q	S	T	A	V	L	I	F	Y	W	H	M	C	P
0	0.01220	0.05569	0.05314	0.15648	0.04286	0.03167	0.04024	0.01915	0.25578	0.03032	0.03005	0.03462	0.02838	0.00794	0.03174	0.00196	0.06457	0.00557	0.03789	0.05975
1	0.02937	0.02955	0.05071	0.10916	0.03350	0.02246	0.19164	0.08449	0.01301	0.04557	0.01664	0.05767	0.09322	0.02162	0.00679	0.00175	0.05794	0.00621	0.00352	0.12517
2	0.12279	0.01005	0.04052	0.05436	0.01277	0.05601	0.00750	0.06189	0.02841	0.07622	0.10455	0.05787	0.21801	0.00949	0.00626	0.01936	0.02919	0.02832	0.00446	0.05197
3	0.09698	0.04311	0.01484	0.12228	0.15370	0.03091	0.01035	0.08796	0.01294	0.06936	0.02942	0.04061	0.05203	0.00647	0.00592	0.00158	0.06241	0.00512	0.00360	0.15041
4	0.04505	0.04578	0.01507	0.02708	0.25160	0.02752	0.01027	0.04593	0.03163	0.12747	0.07220	0.06093	0.06852	0.00775	0.01995	0.00173	0.02991	0.00604	0.00406	0.10151
5	0.08171	0.03852	0.02854	0.08610	0.01674	0.02896	0.00975	0.25504	0.01558	0.06036	0.01159	0.04471	0.00942	0.00660	0.00678	0.00161	0.11944	0.00475	0.00396	0.16985
6	0.07033	0.01253	0.05451	0.02776	0.01438	0.04359	0.00882	0.30690	0.06033	0.05226	0.03065	0.15800	0.02905	0.03796	0.00631	0.00184	0.00523	0.00687	0.00471	0.06796
7	0.01611	0.01159	0.02670	0.01012	0.01401	0.01124	0.00829	0.32214	0.04216	0.11238	0.11433	0.03743	0.01614	0.02424	0.00576	0.00155	0.00481	0.00558	0.00502	0.21039
8	0.35324	0.05551	0.02723	0.07827	0.01524	0.01274	0.00847	0.17149	0.02617	0.15950	0.01317	0.01356	0.03219	0.00600	0.00454	0.00167	0.00505	0.00431	0.00434	0.00733
9	0.00666	0.00507	0.00607	0.00678	0.00766	0.00454	0.00468	0.00779	0.01125	0.01440	0.06714	0.48624	0.29436	0.04154	0.00744	0.00216	0.00307	0.01363	0.00504	0.00448
10	0.05737	0.00645	0.00650	0.00605	0.00775	0.00669	0.00463	0.07527	0.02678	0.03688	0.01697	0.01956	0.01337	0.03251	0.00477	0.00147	0.00309	0.00507	0.66323	0.00557
11	0.08414	0.05731	0.01411	0.04104	0.01504	0.01266	0.00885	0.25502	0.07775	0.25797	0.01772	0.01711	0.05270	0.00693	0.00572	0.00169	0.03742	0.00528	0.02333	0.00822
12	0.05569	0.01282	0.02485	0.06075	0.02403	0.01246	0.48647	0.01814	0.04213	0.11503	0.01487	0.01710	0.05110	0.00572	0.00644	0.00183	0.03348	0.00627	0.00351	0.00731
13	0.00645	0.00549	0.00555	0.00560	0.00738	0.00460	0.00418	0.00781	0.01235	0.01470	0.05425	0.08157	0.74371	0.01393	0.00646	0.00186	0.00278	0.01166	0.00506	0.00460
14	0.05694	0.02723	0.73766	0.01508	0.02288	0.01264	0.01936	0.01720	0.01139	0.01766	0.00966	0.01136	0.00685	0.00517	0.00508	0.00172	0.00785	0.00397	0.00236	0.00794
15	0.01338	0.01209	0.02045	0.19076	0.58297	0.01253	0.01596	0.01664	0.01226	0.05514	0.01070	0.01396	0.00859	0.00508	0.00541	0.00166	0.00655	0.00489	0.00284	0.00813
16	0.00752	0.00565	0.00752	0.00828	0.00864	0.00586	0.00577	0.02369	0.01043	0.01410	0.02681	0.68048	0.03184	0.03075	0.00869	0.02298	0.07781	0.01387	0.00472	0.00460
17	0.01095	0.00629	0.00832	0.00741	0.00926	0.00570	0.00570	0.01343	0.01547	0.16798	0.62661	0.03644	0.04411	0.01030	0.00625	0.00171	0.00297	0.00901	0.00615	0.00594
18	0.01098	0.00595	0.00765	0.00750	0.00862	0.00552	0.00517	0.01199	0.01110	0.17953	0.07121	0.34868	0.02713	0.25811	0.01301	0.00301	0.00410	0.01063	0.00495	0.00518
19	0.03260	0.01045	0.10477	0.00947	0.01162	0.02829	0.00834	0.03735	0.01104	0.08751	0.01515	0.02211	0.01348	0.14528	0.11052	0.00324	0.11485	0.04574	0.18235	0.00582
20	0.34704	0.01371	0.01519	0.06344	0.31705	0.12546	0.01141	0.01703	0.01152	0.01959	0.00889	0.01117	0.00723	0.00508	0.00452	0.00163	0.00611	0.00390	0.00297	0.00706
21	0.01098	0.01046	0.01792	0.62697	0.17833	0.01232	0.03698	0.01457	0.01125	0.01478	0.00984	0.01434	0.00756	0.00531	0.00547	0.00178	0.00717	0.00489	0.00249	0.00659
22	0.00868	0.00708	0.01012	0.00962	0.01026	0.00874	0.00749	0.01022	0.00861	0.01254	0.01357	0.03595	0.01336	0.12171	0.51764	0.00685	0.18371	0.00603	0.00289	0.00492
23	0.01272	0.05255	0.08550	0.35180	0.11368	0.02971	0.03243	0.01593	0.01148	0.08635	0.01107	0.01524	0.00875	0.00620	0.00689	0.00180	0.10301	0.02804	0.00296	0.02388
24	0.01177	0.08860	0.69017	0.01482	0.02245	0.01317	0.01880	0.01757	0.01164	0.04796	0.01009	0.01158	0.00718	0.00520	0.00506	0.00168	0.00774	0.00400	0.00249	0.00802
25	0.02446	0.00928	0.01265	0.00970	0.01392	0.00801	0.00801	0.02657	0.01560	0.77817	0.02151	0.01856	0.01350	0.00675	0.00548	0.00169	0.00464	0.00548	0.00675	0.00928
26	0.00736	0.00522	0.00685	0.04685	0.00931	0.00509	0.00554	0.00860	0.01052	0.01427	0.02778	0.54477	0.06105	0.09428	0.00874	0.00244	0.00366	0.06710	0.06606	0.00450
27	0.01200	0.24744	0.53940	0.01375	0.02054	0.01532	0.01679	0.01684	0.01127	0.01586	0.00906	0.01075	0.00694	0.00521	0.00520	0.00159	0.03832	0.00375	0.00231	0.00768
28	0.01017	0.00574	0.00754	0.00784	0.00886	0.00533	0.00552	0.01126	0.01106	0.14977	0.02626	0.48680	0.02897	0.15011	0.01028	0.00266	0.00390	0.05771	0.00506	0.00514
29	0.00783	0.00525	0.00597	0.00607	0.00609	0.00522	0.00343	0.00790	0.00811	0.01082	0.01812	0.09225	0.02101	0.75020	0.02622	0.00506	0.00513	0.00848	0.00343	0.00339
30	0.01091	0.04857	0.59071	0.18486	0.02633	0.01282	0.01872	0.01651	0.01136	0.01640	0.00969	0.01208	0.00699	0.00522	0.00519	0.00173	0.00782	0.00417	0.00233	0.00759
31	0.04935	0.03626	0.03521	0.00670	0.00846	0.00598	0.00524	0.00914	0.01181	0.01560	0.12386	0.19208	0.39615	0.07049	0.00777	0.00211	0.00338	0.01082	0.00476	0.00482
32	0.01060	0.00577	0.00768	0.00794	0.00908	0.00527	0.00558	0.01174	0.01139	0.17983	0.02732	0.58176	0.03005	0.06849	0.00805	0.00231	0.00363	0.01281	0.00531	0.00541
33	0.01073	0.02220	0.53255	0.26832	0.02812	0.01248	0.01852	0.01618	0.01131	0.01618	0.00975	0.01249	0.00702	0.00527	0.00527	0.00176	0.00780	0.00429	0.00234	0.00741
34	0.01379	0.00839	0.00931	0.00822	0.01051	0.03758	0.00630	0.12500	0.01451	0.18427	0.05753	0.15059	0.13922	0.06134	0.02295	0.00209	0.00435	0.00817	0.12950	0.00637
35	0.22648	0.02816	0.27284	0.15636	0.05216	0.02713	0.02325	0.04675	0.01164	0.06046	0.01014	0.01227	0.00752	0.00670	0.03503	0.00198	0.00686	0.00413	0.00303	0.00710
36	0.43313	0.03445	0.05261	0.00869	0.01211	0.01160	0.00751	0.09942	0.01218	0.11642	0.02517	0.01357	0.00949	0.03900	0.04725	0.00218	0.02189	0.00415	0.04252	0.00664
37	0.20702	0.17179	0.08102	0.05792	0.01577	0.09806	0.00938	0.07474	0.01245	0.03346	0.00915	0.01057	0.00729	0.00500	0.00420	0.00137	0.00577	0.00348	0.00315	0.18839

[dist]
# distance from previous block
# <min> <max>
1	7

[block]
# block no. 4 follows, 44 sequences, length 99
# corresponding to MSA columns:
# 266-364
name=unknown_E
#
# <colnr> <probs for GDERKNQSTAVLIFYWHMCP>
#	G	D	E	R	K	N	Q	S	T	A	V	L	I	F	Y	W	H	M	C	P
0	0.00726	0.00530	0.00679	0.00721	0.00815	0.00491	0.00523	0.00897	0.01263	0.01707	0.31132	0.33256	0.12835	0.04635	0.00759	0.00213	0.00314	0.07496	0.00534	0.00472
1	0.42644	0.10019	0.02683	0.06119	0.01388	0.02827	0.00756	0.01632	0.03720	0.04238	0.00918	0.01053	0.00724	0.00496	0.00388	0.00144	0.00477	0.00336	0.00330	0.19109
2	0.06734	0.01112	0.01256	0.01034	0.02608	0.02570	0.00822	0.27537	0.01755	0.19630	0.06969	0.04172	0.04312	0.02469	0.00588	0.00170	0.00492	0.04286	0.00520	0.10963
3	0.04725	0.03101	0.02948	0.04629	0.01710	0.01566	0.01022	0.58935	0.04903	0.05672	0.04392	0.01445	0.01109	0.00661	0.00538	0.00165	0.00578	0.00505	0.00520	0.00876
4	0.01327	0.01146	0.01205	0.01087	0.01390	0.01320	0.00845	0.02811	0.73406	0.02248	0.02353	0.02164	0.04726	0.00766	0.00558	0.00185	0.00425	0.00638	0.00553	0.00847
5	0.00791	0.00579	0.00851	0.00851	0.00948	0.00669	0.00658	0.00985	0.00888	0.01300	0.01482	0.02168	0.01378	0.05601	0.73033	0.00830	0.01379	0.00585	0.04539	0.00484
6	0.01428	0.72142	0.02723	0.00989	0.01403	0.02102	0.00962	0.01596	0.01077	0.01286	0.00753	0.00910	0.00701	0.00521	0.00512	0.00130	0.09528	0.00312	0.00234	0.00688
7	0.02333	0.01053	0.01372	0.01118	0.04529	0.00984	0.00880	0.16005	0.01731	0.61088	0.01951	0.01735	0.01252	0.00663	0.00547	0.00167	0.00496	0.00535	0.00635	0.00925
8	0.00664	0.00474	0.00633	0.00759	0.00791	0.00443	0.00506	0.00759	0.01044	0.01392	0.03005	0.80485	0.03606	0.01708	0.00696	0.00221	0.00316	0.01550	0.00506	0.00443
9	0.00739	0.00550	0.00688	0.00667	0.00798	0.00499	0.00495	0.00962	0.01448	0.01991	0.57955	0.10238	0.18536	0.01211	0.00647	0.00178	0.00265	0.01061	0.00575	0.00499
10	0.01778	0.05719	0.08050	0.01205	0.01601	0.14864	0.01031	0.25778	0.17786	0.10753	0.01533	0.04903	0.01178	0.00684	0.00533	0.00166	0.00620	0.00528	0.00471	0.00819
11	0.02430	0.00953	0.01281	0.00982	0.01404	0.00839	0.00811	0.05740	0.01603	0.74674	0.02115	0.01832	0.01332	0.00674	0.00548	0.00168	0.00470	0.00546	0.00669	0.00928
12	0.01376	0.00643	0.00723	0.00641	0.00846	0.00622	0.00501	0.04675	0.01295	0.18848	0.01841	0.01963	0.01367	0.00645	0.00425	0.00138	0.00315	0.00516	0.62001	0.00618
13	0.01029	0.00675	0.00749	0.00675	0.00908	0.00599	0.00524	0.06033	0.01404	0.13505	0.10772	0.04362	0.54327	0.01201	0.00623	0.00179	0.00325	0.01000	0.00543	0.00568
14	0.37971	0.01056	0.01099	0.07601	0.01442	0.02606	0.00778	0.09568	0.01338	0.24356	0.04362	0.01419	0.01064	0.00603	0.00455	0.00168	0.00479	0.00440	0.02475	0.00721
15	0.00730	0.00530	0.00701	0.00824	0.02292	0.00505	0.00547	0.03441	0.01115	0.01493	0.04894	0.74110	0.03499	0.01631	0.00686	0.00217	0.00331	0.01477	0.00505	0.00470
16	0.09389	0.01078	0.01730	0.48376	0.26093	0.01238	0.01472	0.01500	0.01120	0.01616	0.00966	0.01365	0.00755	0.00523	0.00523	0.00174	0.00672	0.00466	0.00260	0.00683
17	0.01856	0.01813	0.18524	0.01321	0.01839	0.01597	0.01252	0.59283	0.02251	0.03058	0.01236	0.01274	0.00875	0.00624	0.00539	0.00166	0.00645	0.00471	0.00476	0.00900
18	0.01005	0.00708	0.00800	0.00692	0.00953	0.00609	0.00538	0.04915	0.01371	0.09944	0.14805	0.03870	0.42690	0.01077	0.00591	0.00164	0.00330	0.00900	0.00512	0.13528
19	0.19574	0.01028	0.01435	0.46979	0.02737	0.01232	0.02990	0.01583	0.08020	0.01727	0.01031	0.01360	0.00788	0.00564	0.00548	0.00178	0.03831	0.00453	0.00296	0.03647
20	0.37776	0.05873	0.04579	0.00826	0.01171	0.01092	0.00712	0.06615	0.01228	0.17558	0.04419	0.01490	0.01112	0.03982	0.00523	0.00176	0.00449	0.00437	0.09306	0.00675
21	0.01282	0.00670	0.00892	0.00772	0.00990	0.00602	0.00602	0.01525	0.01548	0.25243	0.54287	0.03397	0.03987	0.00980	0.00614	0.00171	0.00320	0.00853	0.00623	0.00640
22	0.01578	0.01200	0.01979	0.05995	0.57554	0.01183	0.01474	0.01879	0.01306	0.18577	0.01272	0.01466	0.00965	0.00530	0.00542	0.00164	0.00610	0.00500	0.00358	0.00867
23	0.04097	0.01023	0.01522	0.47276	0.05619	0.01169	0.01270	0.07813	0.04789	0.16096	0.01322	0.01641	0.00966	0.00608	0.00545	0.00178	0.00635	0.02346	0.00374	0.00711
24	0.00758	0.00551	0.00714	0.00686	0.00809	0.00507	0.00510	0.00998	0.01493	0.02096	0.68523	0.09938	0.08030	0.01171	0.00647	0.00176	0.00262	0.01036	0.00589	0.00507
25	0.01029	0.00671	0.00847	0.00799	0.00878	0.00719	0.00559	0.01179	0.04680	0.09894	0.03403	0.12680	0.01975	0.40045	0.10011	0.00432	0.08515	0.00803	0.00395	0.00485
26	0.11711	0.01510	0.01329	0.06397	0.01546	0.29643	0.05872	0.05082	0.03900	0.01547	0.01026	0.02841	0.00887	0.01054	0.04830	0.18764	0.00754	0.00451	0.00302	0.00556
27	0.00979	0.00869	0.01221	0.01106	0.01144	0.01136	0.00881	0.01113	0.00846	0.01261	0.01136	0.01870	0.01132	0.12456	0.32050	0.00526	0.38924	0.00560	0.00271	0.00519
28	0.00846	0.00609	0.00837	0.00943	0.01065	0.00599	0.00805	0.01083	0.01266	0.01657	0.09391	0.10811	0.06211	0.01481	0.00736	0.00240	0.00460	0.59953	0.00511	0.00498
29	0.00893	0.01120	0.17837	0.00921	0.01225	0.00756	0.00892	0.02803	0.04195	0.03083	0.17785	0.09800	0.25860	0.01114	0.00647	0.00189	0.02092	0.07739	0.00463	0.00586
30	0.01804	0.07057	0.13069	0.01424	0.04512	0.12979	0.04977	0.41399	0.03289	0.02568	0.01151	0.01232	0.00850	0.00594	0.00526	0.00160	0.00701	0.00454	0.00416	0.00838
31	0.01846	0.01663	0.01494	0.05208	0.01696	0.21200	0.01004	0.38984	0.11710	0.02561	0.02939	0.01416	0.01065	0.00645	0.00528	0.00160	0.00661	0.00482	0.03937	0.00801
32	0.72403	0.03230	0.07285	0.00808	0.01191	0.01253	0.00731	0.03259	0.00998	0.03696	0.00814	0.00934	0.00622	0.00512	0.00361	0.00168	0.00462	0.00313	0.00336	0.00624
33	0.00895	0.00553	0.00654	0.00648	0.00686	0.00541	0.00397	0.00930	0.00897	0.06425	0.03480	0.11353	0.02195	0.63837	0.02320	0.00459	0.00496	0.02461	0.00381	0.00391
34	0.01166	0.12029	0.45459	0.01450	0.04042	0.01303	0.07863	0.05371	0.01287	0.01826	0.11744	0.01570	0.01349	0.00597	0.00527	0.00166	0.00695	0.00499	0.00304	0.00753
35	0.01056	0.00805	0.00950	0.00801	0.01080	0.00695	0.00593	0.04991	0.03784	0.04248	0.01724	0.22565	0.01783	0.13143	0.00863	0.00198	0.00413	0.00746	0.00404	0.39160
36	0.04937	0.69688	0.10536	0.00988	0.01484	0.02026	0.01030	0.01641	0.01105	0.01378	0.00781	0.00904	0.00694	0.00473	0.00367	0.00125	0.00599	0.00303	0.00237	0.00706
37	0.01174	0.01208	0.03757	0.01816	0.03499	0.01110	0.48591	0.02830	0.01277	0.04307	0.05804	0.18721	0.01688	0.00779	0.00646	0.00190	0.00724	0.00846	0.00361	0.00673
38	0.00790	0.00597	0.00891	0.04183	0.01068	0.00695	0.00696	0.00980	0.00880	0.01258	0.01455	0.02198	0.01373	0.08554	0.70814	0.00826	0.01373	0.00592	0.00292	0.00482
39	0.00940	0.00665	0.00864	0.00930	0.01073	0.00668	0.00761	0.01299	0.09726	0.04894	0.06200	0.19874	0.06839	0.01400	0.00700	0.00227	0.00434	0.41438	0.00521	0.00548
40	0.01181	0.00959	0.01239	0.19467	0.03015	0.06402	0.00996	0.07195	0.01161	0.02911	0.01384	0.02437	0.01323	0.01151	0.01130	0.21573	0.09545	0.16075	0.00331	0.00526
41	0.02037	0.02598	0.01545	0.01404	0.01685	0.78652	0.01053	0.02177	0.01545	0.01334	0.00843	0.00983	0.00702	0.00562	0.00492	0.00140	0.00983	0.00351	0.00281	0.00632
42	0.01036	0.00963	0.01597	0.73335	0.03544	0.01207	0.01460	0.01385	0.01081	0.01412	0.00986	0.01462	0.00750	0.00566	0.00594	0.00182	0.04179	0.00485	0.03174	0.00602
43	0.00754	0.00557	0.00705	0.00678	0.00813	0.00508	0.00511	0.00990	0.01479	0.02046	0.62564	0.05954	0.15724	0.01179	0.00648	0.00177	0.00269	0.03359	0.00581	0.00504
44	0.00669	0.00478	0.00638	0.00764	0.00798	0.00447	0.00514	0.00767	0.01048	0.01397	0.03002	0.78888	0.03596	0.01704	0.00697	0.00222	0.00320	0.03101	0.00506	0.00444
45	0.14429	0.00724	0.00892	0.07607	0.01206	0.00764	0.02537	0.06666	0.01140	0.01712	0.02203	0.45691	0.02478	0.06418	0.00748	0.00225	0.00424	0.03173	0.00442	0.00519
46	0.00951	0.00660	0.00904	0.01002	0.01145	0.00663	0.00868	0.01257	0.04568	0.04257	0.04215	0.05785	0.03050	0.01437	0.00735	0.00244	0.00493	0.66721	0.00512	0.00533
47	0.01098	0.01064	0.01569	0.01351	0.01403	0.01413	0.05588	0.01250	0.00880	0.01334	0.00989	0.05408	0.00985	0.01523	0.15416	0.00348	0.56978	0.00561	0.00264	0.00577
48	0.00739	0.00532	0.00702	0.00724	0.00819	0.00495	0.00527	0.00940	0.01360	0.01890	0.48596	0.30398	0.04532	0.01335	0.00666	0.00192	0.00288	0.04212	0.00564	0.00489
49	0.01434	0.01307	0.05342	0.07408	0.56268	0.01254	0.01531	0.06816	0.01354	0.07667	0.03574	0.01470	0.01027	0.00537	0.00543	0.00165	0.00629	0.00503	0.00327	0.00844
50	0.01016	0.00508	0.00508	0.00508	0.00635	0.00508	0.00381	0.01270	0.01143	0.02033	0.01778	0.02033	0.01397	0.00635	0.00381	0.00127	0.00254	0.00508	0.83867	0.00508
51	0.72810	0.01060	0.00946	0.04040	0.07417	0.01214	0.00710	0.01583	0.00957	0.02321	0.00809	0.01002	0.00647	0.02176	0.00413	0.00176	0.00455	0.00329	0.00328	0.00608
52	0.00854	0.00610	0.00850	0.00976	0.01090	0.00606	0.00835	0.01087	0.01231	0.01604	0.02900	0.14738	0.03192	0.01529	0.00746	0.00248	0.00481	0.65426	0.00502	0.00495
53	0.00776	0.00571	0.00750	0.00847	0.00958	0.00545	0.00684	0.00966	0.01207	0.01559	0.06023	0.25671	0.16526	0.01523	0.00715	0.00228	0.00404	0.39060	0.00507	0.00479
54	0.06846	0.00690	0.00783	0.00720	0.00938	0.00639	0.00552	0.04993	0.01353	0.14818	0.13640	0.15274	0.34342	0.01176	0.00609	0.00183	0.00338	0.00992	0.00538	0.00578
55	0.01347	0.55685	0.19353	0.01157	0.03441	0.01884	0.01201	0.01623	0.01100	0.01394	0.00823	0.00988	0.00714	0.00571	0.01849	0.00151	0.05428	0.00337	0.00235	0.00717
56	0.02446	0.00928	0.01265	0.00970	0.01392	0.00801	0.00801	0.02657	0.01560	0.77817	0.02151	0.01856	0.01350	0.00675	0.00548	0.00169	0.00464	0.00548	0.00675	0.00928
57	0.01066	0.08273	0.01703	0.68935	0.03406	0.01266	0.01414	0.01396	0.01084	0.01384	0.00965	0.01417	0.00742	0.00572	0.00562	0.02201	0.00698	0.00467	0.01843	0.00603
58	0.01131	0.01154	0.06714	0.38177	0.14391	0.01183	0.05713	0.05496	0.02859	0.01626	0.01336	0.01919	0.03698	0.03945	0.01912	0.00208	0.02813	0.04761	0.00300	0.00665
59	0.00783	0.00520	0.00679	0.00734	0.00816	0.00478	0.00515	0.00896	0.01157	0.04865	0.16232	0.48741	0.11376	0.01532	0.00775	0.06033	0.00322	0.02568	0.00511	0.00465
60	0.00793	0.00529	0.00595	0.00595	0.00595	0.00529	0.00330	0.00793	0.00793	0.01057	0.01718	0.03568	0.01982	0.80840	0.02775	0.00529	0.00529	0.00793	0.00330	0.00330
61	0.02752	0.65860	0.14575	0.01031	0.01545	0.01985	0.01095	0.01674	0.02730	0.01393	0.00824	0.00943	0.00717	0.00481	0.00380	0.00128	0.00612	0.00316	0.00241	0.00718
62	0.19638	0.13945	0.47196	0.01304	0.01947	0.01392	0.04147	0.01686	0.01100	0.01821	0.00902	0.01063	0.00675	0.00506	0.00458	0.00164	0.00692	0.00371	0.00256	0.00740
63	0.00873	0.00626	0.00871	0.00994	0.01121	0.00624	0.00868	0.01122	0.01255	0.01628	0.02945	0.06130	0.04786	0.01503	0.00751	0.00250	0.00497	0.72154	0.00502	0.00501
64	0.01170	0.00993	0.01152	0.00826	0.01309	0.00767	0.00662	0.04511	0.01191	0.01847	0.00983	0.01138	0.00813	0.00414	0.00410	0.00084	0.00412	0.00330	0.00332	0.80654
65	0.01247	0.09652	0.53860	0.04625	0.02211	0.01333	0.04796	0.01799	0.03593	0.07465	0.01083	0.01235	0.00781	0.00546	0.00557	0.00171	0.03554	0.00426	0.00277	0.00789
66	0.01047	0.00981	0.01650	0.70508	0.09670	0.01193	0.01492	0.01403	0.01119	0.01453	0.03678	0.01538	0.00895	0.00560	0.00548	0.00180	0.00704	0.00502	0.00257	0.00623
67	0.02008	0.07036	0.01634	0.01357	0.01669	0.63919	0.01044	0.11949	0.01655	0.01612	0.00900	0.01020	0.00732	0.00569	0.00490	0.00142	0.00909	0.00366	0.00313	0.00675
68	0.10594	0.01005	0.07354	0.06108	0.01352	0.00917	0.00819	0.13908	0.03390	0.07186	0.05968	0.29259	0.06391	0.02474	0.00622	0.00195	0.00456	0.00905	0.00468	0.00630
69	0.00939	0.00637	0.00791	0.00723	0.00887	0.00601	0.00546	0.05655	0.01509	0.06778	0.52279	0.05223	0.13340	0.05022	0.02472	0.00206	0.00334	0.00941	0.00568	0.00548
70	0.01939	0.01461	0.01561	0.01227	0.01640	0.01628	0.01004	0.62091	0.16311	0.03221	0.01478	0.01444	0.01064	0.00670	0.00547	0.00168	0.00569	0.00514	0.00547	0.00915
71	0.00931	0.00485	0.00718	0.00718	0.00729	0.00493	0.00486	0.00745	0.00734	0.00997	0.01023	0.01747	0.01013	0.03754	0.08664	0.73606	0.00555	0.00490	0.01844	0.00265
72	0.20183	0.01920	0.01318	0.01188	0.01483	0.43979	0.00922	0.09093	0.04690	0.01842	0.01074	0.01398	0.00913	0.00706	0.02223	0.00174	0.00778	0.05121	0.00345	0.00650
73	0.01195	0.00996	0.01062	0.00961	0.01232	0.01093	0.00752	0.08439	0.44756	0.02160	0.07876	0.03016	0.19344	0.00936	0.00589	0.00185	0.00401	0.03725	0.00544	0.00738
74	0.00801	0.00603	0.00771	0.00855	0.01000	0.00572	0.00726	0.01015	0.01251	0.01579	0.03754	0.05852	0.27524	0.01465	0.00717	0.00229	0.00428	0.49865	0.00503	0.00488
75	0.00725	0.00579	0.00660	0.00680	0.00845	0.00519	0.00538	0.00927	0.02431	0.01623	0.15176	0.05229	0.49341	0.01360	0.00667	0.00197	0.00326	0.17176	0.00520	0.00483
76	0.44984	0.01223	0.01115	0.00929	0.01293	0.05203	0.00758	0.19027	0.04809	0.12974	0.02308	0.01222	0.00896	0.00586	0.00437	0.00167	0.00495	0.00403	0.00443	0.00728
77	0.84691	0.01054	0.00801	0.00717	0.01054	0.01223	0.00590	0.01603	0.00928	0.02446	0.00759	0.00886	0.00590	0.00506	0.00337	0.00169	0.00422	0.00295	0.00337	0.00590
78	0.00783	0.00522	0.00693	0.00774	0.00830	0.00499	0.00532	0.00888	0.01068	0.05281	0.05432	0.64127	0.03331	0.07157	0.02345	0.00252	0.01753	0.02772	0.00497	0.00467
79	0.00827	0.00606	0.00760	0.00703	0.00852	0.00569	0.00532	0.04797	0.01569	0.02188	0.67093	0.04034	0.11174	0.01114	0.00638	0.00172	0.00276	0.00975	0.00589	0.00531
80	0.01527	0.68350	0.04693	0.01014	0.01464	0.12569	0.00978	0.01709	0.01169	0.01302	0.00775	0.00897	0.00700	0.00481	0.00374	0.00121	0.00644	0.00303	0.00240	0.00693
81	0.04344	0.00966	0.01188	0.09851	0.02830	0.01015	0.00837	0.22668	0.01585	0.16938	0.04716	0.14274	0.01724	0.08919	0.00788	0.00213	0.00502	0.02076	0.03864	0.00702
82	0.77806	0.01058	0.00889	0.04762	0.03647	0.01225	0.00672	0.01594	0.00946	0.02372	0.00778	0.00929	0.00606	0.00507	0.00354	0.00169	0.00444	0.00311	0.00330	0.00600
83	0.01506	0.30888	0.03380	0.15617	0.02007	0.16332	0.06850	0.10031	0.01351	0.01588	0.00954	0.01238	0.00806	0.04604	0.00584	0.00165	0.00714	0.00416	0.00287	0.00681
84	0.00858	0.00664	0.00906	0.00835	0.01009	0.00677	0.00641	0.01045	0.00925	0.01359	0.01376	0.02051	0.01298	0.10436	0.54290	0.00668	0.01140	0.00546	0.00302	0.18976
85	0.02322	0.04336	0.08037	0.18453	0.07028	0.00950	0.01016	0.06086	0.01291	0.04819	0.13873	0.12810	0.07413	0.04515	0.00685	0.00198	0.00518	0.04628	0.00409	0.00615
86	0.10308	0.05144	0.58378	0.01376	0.02076	0.01240	0.01686	0.01815	0.01172	0.10377	0.01079	0.01192	0.00754	0.00533	0.00496	0.00170	0.00718	0.00404	0.00292	0.00792
87	0.02446	0.00928	0.01265	0.00970	0.01392	0.00801	0.00801	0.02657	0.01560	0.77817	0.02151	0.01856	0.01350	0.00675	0.00548	0.00169	0.00464	0.00548	0.00675	0.00928
88	0.00748	0.00512	0.00618	0.00662	0.00676	0.00504	0.00404	0.00788	0.00883	0.01180	0.02154	0.30144	0.02522	0.50722	0.04749	0.00435	0.00488	0.01047	0.00390	0.00375
89	0.06982	0.02894	0.12511	0.28212	0.02455	0.04387	0.09051	0.01736	0.01220	0.15787	0.03880	0.03012	0.01047	0.00612	0.00589	0.00177	0.03879	0.00517	0.00350	0.00703
90	0.00701	0.00509	0.00667	0.00784	0.00830	0.00488	0.00536	0.00861	0.04109	0.01438	0.02968	0.74208	0.03508	0.01660	0.00693	0.00221	0.00329	0.04521	0.00508	0.00462
91	0.00793	0.00529	0.00595	0.00595	0.00595	0.00529	0.00330	0.00793	0.00793	0.01057	0.01718	0.03568	0.01982	0.80840	0.02775	0.00529	0.00529	0.00793	0.00330	0.00330
92	0.03658	0.00671	0.00959	0.15699	0.07887	0.00703	0.00769	0.01004	0.01056	0.01451	0.05995	0.39040	0.03968	0.13503	0.00959	0.00251	0.00454	0.01064	0.00408	0.00501
93	0.00973	0.05115	0.18012	0.01097	0.05157	0.00862	0.00993	0.01352	0.06278	0.03020	0.05583	0.17066	0.12354	0.01065	0.00600	0.00191	0.00485	0.13360	0.05825	0.00614
94	0.00862	0.00618	0.00826	0.00925	0.01055	0.00607	0.00778	0.01113	0.03129	0.02794	0.03163	0.15349	0.11278	0.01486	0.00726	0.00237	0.00451	0.53592	0.00507	0.00506
95	0.00923	0.00474	0.00704	0.00714	0.00717	0.00471	0.00476	0.00714	0.00739	0.00985	0.01122	0.08370	0.01173	0.01878	0.02008	0.76992	0.00460	0.00565	0.00260	0.00254
96	0.03991	0.02387	0.59364	0.02980	0.02212	0.01217	0.05986	0.04310	0.01201	0.04444	0.01119	0.04685	0.00860	0.00604	0.00561	0.01806	0.00750	0.00474	0.00276	0.00772
97	0.01236	0.12092	0.62530	0.01442	0.02175	0.01370	0.01792	0.04751	0.01221	0.05079	0.01017	0.01155	0.00730	0.00524	0.00500	0.00165	0.00756	0.00399	0.00263	0.00803
98	0.01012	0.01124	0.13340	0.01051	0.01311	0.04107	0.07050	0.02710	0.04185	0.04235	0.08681	0.15732	0.04811	0.15655	0.09769	0.00326	0.00654	0.03281	0.00395	0.00570

[dist]
# distance from previous block
# <min> <max>
2	8

[block]
# block no. 5 follows, 44 sequences, length 37
# corresponding to MSA columns:
# 373-409
name=unknown_F
#
# <colnr> <probs for GDERKNQSTAVLIFYWHMCP>
#	G	D	E	R	K	N	Q	S	T	A	V	L	I	F	Y	W	H	M	C	P
0	0.18248	0.00867	0.01003	0.00821	0.01149	0.00834	0.00665	0.04529	0.01393	0.37428	0.10780	0.01961	0.02705	0.00690	0.00492	0.00161	0.00402	0.00545	0.12070	0.03257
1	0.35973	0.15409	0.15387	0.04780	0.04055	0.01377	0.01023	0.05620	0.01138	0.04397	0.00904	0.01042	0.00699	0.00509	0.00411	0.00155	0.00552	0.00350	0.00314	0.05906
2	0.01630	0.01262	0.01377	0.01066	0.01488	0.01295	0.00865	0.38588	0.13318	0.02688	0.01356	0.01387	0.01017	0.00588	0.00497	0.00139	0.00501	0.00457	0.03264	0.27217
3	0.01045	0.00990	0.01638	0.72251	0.03538	0.01254	0.01484	0.01385	0.01066	0.01385	0.00945	0.01429	0.00726	0.00583	0.00661	0.00187	0.08100	0.00484	0.00242	0.00605
4	0.05277	0.00897	0.00979	0.00902	0.01149	0.00957	0.00712	0.06528	0.30316	0.04538	0.13448	0.04572	0.17977	0.01002	0.00597	0.00188	0.00391	0.08356	0.00537	0.00678
5	0.00770	0.00528	0.00623	0.00633	0.00661	0.00519	0.00387	0.00824	0.00931	0.01256	0.11416	0.12857	0.04502	0.56973	0.04505	0.00449	0.00491	0.00911	0.00389	0.00375
6	0.01992	0.00856	0.01139	0.00912	0.01259	0.00767	0.00738	0.02292	0.05984	0.55763	0.19596	0.02382	0.02251	0.00781	0.00571	0.00170	0.00414	0.00654	0.00650	0.00828
7	0.01228	0.00975	0.01111	0.01002	0.01243	0.01092	0.00784	0.02224	0.45199	0.06112	0.22637	0.02664	0.02590	0.00876	0.00658	0.00186	0.05082	0.03040	0.00553	0.00744
8	0.01300	0.00736	0.00972	0.00946	0.01168	0.00701	0.00802	0.05164	0.01407	0.20791	0.05978	0.04652	0.10601	0.01226	0.00675	0.00216	0.00463	0.41024	0.00552	0.00626
9	0.00678	0.00546	0.00606	0.00616	0.00768	0.00473	0.00457	0.00837	0.01279	0.01610	0.19495	0.14314	0.51871	0.01371	0.00653	0.00188	0.00283	0.02960	0.00525	0.00470
10	0.01039	0.00962	0.01632	0.71779	0.03534	0.01176	0.04395	0.01400	0.01101	0.01445	0.01022	0.01488	0.00770	0.00547	0.00539	0.00179	0.00706	0.00492	0.05187	0.00605
11	0.02349	0.00949	0.01262	0.00982	0.01394	0.00851	0.00807	0.02678	0.08212	0.71109	0.02157	0.01871	0.01377	0.00681	0.00549	0.00170	0.00461	0.00554	0.00664	0.00922
12	0.01980	0.01229	0.01389	0.01095	0.01483	0.01301	0.00894	0.40662	0.10580	0.23001	0.04028	0.01671	0.01286	0.00683	0.00539	0.00165	0.00511	0.00537	0.06086	0.00879
13	0.02195	0.01059	0.01313	0.01036	0.01440	0.01030	0.00847	0.13294	0.15205	0.53403	0.02041	0.01808	0.01345	0.00684	0.00549	0.00171	0.00478	0.00552	0.00634	0.00916
14	0.64916	0.01020	0.00894	0.00773	0.01117	0.01131	0.00634	0.01810	0.03497	0.15611	0.03511	0.01195	0.00905	0.00563	0.00391	0.00169	0.00424	0.00372	0.00412	0.00656
15	0.00801	0.00577	0.00733	0.00808	0.00882	0.00564	0.00563	0.07671	0.01201	0.01605	0.04720	0.69644	0.03388	0.01592	0.00682	0.00215	0.00345	0.03008	0.00512	0.00491
16	0.48138	0.01582	0.25088	0.01005	0.01490	0.01176	0.01056	0.01728	0.01057	0.09849	0.00974	0.01085	0.00707	0.00559	0.00457	0.02120	0.00548	0.00359	0.00336	0.00684
17	0.01267	0.02833	0.01155	0.04968	0.01309	0.01041	0.00784	0.28374	0.01675	0.02246	0.13285	0.20654	0.07036	0.03398	0.00748	0.02354	0.03069	0.02666	0.00494	0.00645
18	0.00925	0.00649	0.02683	0.00701	0.00895	0.00536	0.00548	0.01102	0.01305	0.11705	0.17960	0.17328	0.37930	0.01273	0.00639	0.00187	0.00321	0.02234	0.00539	0.00539
19	0.01435	0.01179	0.05343	0.12719	0.01782	0.01195	0.03608	0.28302	0.01591	0.05917	0.01355	0.04023	0.01149	0.11563	0.08702	0.00286	0.03244	0.00563	0.00403	0.05640
20	0.03341	0.00802	0.01024	0.00855	0.01145	0.00731	0.00676	0.06078	0.01465	0.31291	0.21588	0.10052	0.04412	0.01054	0.04642	0.00203	0.00444	0.00746	0.00565	0.08885
21	0.84691	0.01054	0.00801	0.00717	0.01054	0.01223	0.00590	0.01603	0.00928	0.02446	0.00759	0.00886	0.00590	0.00506	0.00337	0.00169	0.00422	0.00295	0.00337	0.00590
22	0.02703	0.01103	0.02014	0.40307	0.12940	0.01200	0.20247	0.01492	0.01188	0.01606	0.04884	0.01808	0.01112	0.00593	0.00581	0.00182	0.00724	0.04365	0.00288	0.00663
23	0.01271	0.01579	0.09241	0.02238	0.02810	0.01370	0.69544	0.01745	0.01276	0.01745	0.01093	0.01445	0.00816	0.00464	0.00633	0.00183	0.00910	0.00624	0.00272	0.00741
24	0.00671	0.00483	0.00625	0.00735	0.00775	0.00449	0.00489	0.00763	0.01042	0.01376	0.03095	0.70511	0.08522	0.06670	0.00823	0.00238	0.00327	0.01475	0.00495	0.00437
25	0.01193	0.01193	0.01670	0.01431	0.01431	0.01670	0.01193	0.01312	0.00835	0.01312	0.00716	0.01193	0.00716	0.00954	0.01789	0.00239	0.79843	0.00477	0.00239	0.00596
26	0.01688	0.01087	0.01199	0.00971	0.01291	0.01157	0.00784	0.36953	0.06290	0.11813	0.08650	0.01857	0.01532	0.00700	0.00514	0.00157	0.00455	0.00556	0.21568	0.00779
27	0.01030	0.00521	0.00533	0.00526	0.00656	0.00515	0.00391	0.01266	0.01140	0.03927	0.01910	0.02212	0.03962	0.04638	0.00513	0.00150	0.00274	0.00545	0.74782	0.00509
28	0.01642	0.00797	0.01029	0.00862	0.01146	0.00740	0.00683	0.03232	0.07946	0.37957	0.28528	0.05236	0.02780	0.00867	0.00580	0.00171	0.00378	0.00738	0.03944	0.00744
29	0.00895	0.00556	0.00716	0.00737	0.00849	0.00506	0.00523	0.01041	0.01226	0.10232	0.20236	0.42461	0.11095	0.05344	0.00765	0.00215	0.00326	0.01228	0.00538	0.00511
30	0.01349	0.01295	0.02213	0.03346	0.77440	0.01295	0.01673	0.01673	0.01241	0.01781	0.01025	0.01349	0.00864	0.00486	0.00540	0.00162	0.00648	0.00486	0.00270	0.00864
31	0.01031	0.00687	0.00952	0.03798	0.03699	0.00686	0.00839	0.01313	0.04851	0.08853	0.02646	0.18310	0.02789	0.03412	0.00752	0.00237	0.00476	0.43608	0.00500	0.00561
32	0.76105	0.03177	0.02883	0.00772	0.01130	0.01272	0.00659	0.05463	0.01023	0.02449	0.00793	0.00914	0.00613	0.00513	0.00353	0.00167	0.00445	0.00308	0.00343	0.00616
33	0.00890	0.00804	0.08265	0.00823	0.01027	0.00602	0.00693	0.01121	0.01284	0.05943	0.29984	0.24054	0.06942	0.04426	0.00719	0.00199	0.00374	0.05625	0.00504	0.05720
34	0.20499	0.07233	0.05109	0.00877	0.01172	0.03644	0.00747	0.12931	0.03104	0.04675	0.08332	0.01759	0.01405	0.04973	0.08733	0.00249	0.00575	0.00500	0.12845	0.00638
35	0.17101	0.28587	0.17437	0.01231	0.03862	0.01529	0.08484	0.01732	0.05036	0.04752	0.01011	0.01168	0.00804	0.00686	0.04318	0.00189	0.00664	0.00397	0.00295	0.00716
36	0.01619	0.45784	0.06259	0.01154	0.01548	0.27955	0.01045	0.01803	0.01242	0.01325	0.00796	0.00944	0.00701	0.00530	0.00492	0.00135	0.05416	0.00328	0.00249	0.00676

[dist]
# distance from previous block
# <min> <max>
0	4

[block]
# block no. 6 follows, 44 sequences, length 28
# corresponding to MSA columns:
# 414-441
name=unknown_G
#
# <colnr> <probs for GDERKNQSTAVLIFYWHMCP>
#	G	D	E	R	K	N	Q	S	T	A	V	L	I	F	Y	W	H	M	C	P
0	0.01069	0.00896	0.01198	0.11687	0.01564	0.03441	0.08171	0.01521	0.13029	0.06120	0.17386	0.05587	0.19914	0.00920	0.00594	0.00176	0.00461	0.00807	0.02468	0.02990
1	0.00812	0.00579	0.00721	0.00707	0.00729	0.00629	0.00460	0.00864	0.00814	0.01120	0.01601	0.03104	0.01767	0.58623	0.20189	0.00592	0.05262	0.00727	0.00316	0.00381
2	0.00730	0.00538	0.00684	0.00695	0.00807	0.00492	0.00510	0.00929	0.01366	0.01866	0.45821	0.23240	0.15284	0.01314	0.00660	0.00188	0.00283	0.03545	0.00560	0.00488
3	0.02028	0.03711	0.01614	0.01198	0.01637	0.01583	0.00993	0.63846	0.02365	0.08780	0.01336	0.01327	0.00945	0.00636	0.00532	0.00158	0.00578	0.00480	0.00533	0.05718
4	0.01103	0.00655	0.00598	0.00580	0.00724	0.04993	0.00437	0.03359	0.01205	0.02031	0.01712	0.01953	0.01345	0.00632	0.00392	0.00129	0.00305	0.00499	0.76821	0.00527
5	0.12129	0.00983	0.01221	0.00961	0.01365	0.00925	0.00789	0.05253	0.07017	0.60560	0.01959	0.01733	0.01267	0.00659	0.00524	0.00170	0.00462	0.00521	0.00621	0.00883
6	0.00673	0.00481	0.00643	0.00769	0.00805	0.00450	0.00521	0.00774	0.01052	0.01401	0.03000	0.77463	0.03587	0.01700	0.00698	0.00223	0.00324	0.04485	0.00506	0.00445
7	0.00654	0.00544	0.00571	0.00582	0.00747	0.00462	0.00430	0.00794	0.01239	0.01506	0.09468	0.13240	0.65089	0.01400	0.00650	0.00187	0.00279	0.01184	0.00512	0.00462
8	0.01458	0.81168	0.02857	0.00933	0.01399	0.02157	0.00933	0.01632	0.01108	0.01283	0.00758	0.00875	0.00700	0.00466	0.00350	0.00117	0.00583	0.00292	0.00233	0.00700
9	0.00879	0.00628	0.00879	0.01004	0.01130	0.00628	0.00879	0.01130	0.01255	0.01632	0.02887	0.06150	0.03138	0.01506	0.00753	0.00251	0.00502	0.73770	0.00502	0.00502
10	0.00779	0.00584	0.00876	0.00876	0.00974	0.00681	0.00681	0.00974	0.00876	0.01266	0.01460	0.02142	0.01363	0.04089	0.78680	0.00876	0.01460	0.00584	0.00292	0.00487
11	0.10476	0.01436	0.01450	0.01142	0.01535	0.04762	0.00935	0.58591	0.02231	0.03126	0.01273	0.01314	0.00923	0.00634	0.00508	0.00160	0.00568	0.00466	0.07626	0.00844
12	0.01349	0.01295	0.02213	0.03346	0.77440	0.01295	0.01673	0.01673	0.01241	0.01781	0.01025	0.01349	0.00864	0.00486	0.00540	0.00162	0.00648	0.00486	0.00270	0.00864
13	0.01016	0.00508	0.00508	0.00508	0.00635	0.00508	0.00381	0.01270	0.01143	0.02033	0.01778	0.02033	0.01397	0.00635	0.00381	0.00127	0.00254	0.00508	0.83867	0.00508
14	0.84691	0.01054	0.00801	0.00717	0.01054	0.01223	0.00590	0.01603	0.00928	0.02446	0.00759	0.00886	0.00590	0.00506	0.00337	0.00169	0.00422	0.00295	0.00337	0.00590
15	0.01561	0.10128	0.03159	0.11299	0.04885	0.08308	0.00997	0.30281	0.01724	0.02294	0.01393	0.04275	0.03114	0.00656	0.00501	0.00156	0.00582	0.00512	0.13442	0.00733
16	0.00659	0.00546	0.00578	0.00585	0.00749	0.00464	0.00433	0.00806	0.01256	0.01540	0.12758	0.11883	0.63098	0.01382	0.00649	0.00186	0.00278	0.01169	0.00516	0.00464
17	0.03957	0.28733	0.48055	0.01316	0.01976	0.04127	0.01578	0.01706	0.01142	0.01590	0.00894	0.01045	0.00691	0.00502	0.00455	0.00153	0.00725	0.00361	0.00236	0.00758
18	0.03329	0.51479	0.24514	0.01112	0.01653	0.03609	0.01225	0.01638	0.01124	0.01445	0.00912	0.04085	0.00809	0.00533	0.00415	0.00139	0.00643	0.00375	0.00247	0.00716
19	0.02446	0.00928	0.01265	0.00970	0.01392	0.00801	0.00801	0.02657	0.01560	0.77817	0.02151	0.01856	0.01350	0.00675	0.00548	0.00169	0.00464	0.00548	0.00675	0.00928
20	0.01146	0.01168	0.02238	0.36058	0.02996	0.01280	0.31943	0.01493	0.01126	0.01506	0.01000	0.01448	0.00780	0.00624	0.00789	0.04972	0.07991	0.00549	0.00255	0.00637
21	0.02757	0.00650	0.00906	0.16974	0.01388	0.00702	0.03135	0.01112	0.00988	0.01489	0.01471	0.03699	0.01362	0.17670	0.02592	0.13421	0.00498	0.02592	0.26137	0.00456
22	0.00868	0.00580	0.00755	0.00698	0.00847	0.00530	0.00528	0.01118	0.01533	0.06742	0.69953	0.03982	0.07585	0.01098	0.00637	0.00172	0.00270	0.00966	0.00601	0.00537
23	0.00793	0.00529	0.00595	0.00595	0.00595	0.00529	0.00330	0.00793	0.00793	0.01057	0.01718	0.03568	0.01982	0.80840	0.02775	0.00529	0.00529	0.00793	0.00330	0.00330
24	0.03312	0.65725	0.10072	0.00992	0.01485	0.01948	0.01022	0.01718	0.01142	0.07078	0.00884	0.00975	0.00745	0.00488	0.00381	0.00127	0.00592	0.00322	0.00268	0.00725
25	0.16925	0.05652	0.25991	0.01261	0.01734	0.03436	0.10259	0.04748	0.01206	0.04856	0.02685	0.05993	0.01184	0.00721	0.00573	0.02961	0.00635	0.06237	0.02259	0.00681
26	0.00853	0.00615	0.00844	0.00956	0.01081	0.00606	0.00823	0.01092	0.01259	0.01637	0.06153	0.08643	0.07588	0.01489	0.00740	0.00243	0.00472	0.63903	0.00507	0.00498
27	0.01125	0.01019	0.03635	0.04044	0.01417	0.00775	0.00738	0.02961	0.01168	0.01783	0.01146	0.01431	0.02477	0.00482	0.00435	0.00098	0.00435	0.03238	0.00332	0.71260

[dist]
# distance from previous block
# <min> <max>
0	2

[block]
# block no. 7 follows, 44 sequences, length 34
# corresponding to MSA columns:
# 444-477
name=unknown_H
#
# <colnr> <probs for GDERKNQSTAVLIFYWHMCP>
#	G	D	E	R	K	N	Q	S	T	A	V	L	I	F	Y	W	H	M	C	P
0	0.01122	0.06052	0.44183	0.06598	0.04788	0.01221	0.11567	0.01609	0.03141	0.01650	0.04312	0.01403	0.00960	0.00666	0.00683	0.07855	0.00735	0.00475	0.00264	0.00717
1	0.01338	0.01208	0.02044	0.19209	0.58139	0.01253	0.01596	0.01664	0.01226	0.05541	0.01070	0.01397	0.00859	0.00508	0.00541	0.00166	0.00655	0.00489	0.00285	0.00813
2	0.01585	0.01352	0.01375	0.01177	0.01508	0.05998	0.00932	0.22491	0.49585	0.02506	0.01843	0.01749	0.01377	0.00713	0.00589	0.00178	0.03098	0.00562	0.00526	0.00858
3	0.01048	0.00866	0.00958	0.00880	0.01107	0.00931	0.00676	0.01935	0.39255	0.02132	0.29173	0.03213	0.13667	0.00964	0.00599	0.00180	0.00348	0.00823	0.00564	0.00682
4	0.00772	0.00557	0.00729	0.00686	0.00814	0.00514	0.00514	0.01029	0.01543	0.02186	0.77152	0.04072	0.05144	0.01115	0.00643	0.00171	0.00257	0.00986	0.00600	0.00514
5	0.47341	0.00997	0.01012	0.00832	0.01208	0.01031	0.00686	0.02081	0.01215	0.36674	0.01391	0.01326	0.00935	0.00583	0.00433	0.00169	0.00441	0.00410	0.00491	0.00744
6	0.00947	0.00473	0.00710	0.00710	0.00710	0.00473	0.00473	0.00710	0.00710	0.00947	0.00947	0.01657	0.00947	0.01894	0.02131	0.84138	0.00473	0.00473	0.00237	0.00237
7	0.02037	0.02598	0.01545	0.01404	0.01685	0.78652	0.01053	0.02177	0.01545	0.01334	0.00843	0.00983	0.00702	0.00562	0.00492	0.00140	0.00983	0.00351	0.00281	0.00632
8	0.01781	0.01500	0.01465	0.01213	0.01581	0.09875	0.00969	0.38544	0.32061	0.02746	0.01623	0.01564	0.01198	0.00679	0.00543	0.00170	0.00574	0.00526	0.00521	0.00870
