[name]
unknown

[dist]
# distance from previous block
# <min> <max>
0	25

[block]
# block no. 0 follows, 41 sequences, length 12
# corresponding to MSA columns:
# 25-36
name=unknown_A
#
# <colnr> <probs for GDERKNQSTAVLIFYWHMCP>
#	G	D	E	R	K	N	Q	S	T	A	V	L	I	F	Y	W	H	M	C	P
0	0.01134	0.00819	0.01057	0.01098	0.01285	0.00848	0.00950	0.13612	0.01550	0.02033	0.02748	0.05590	0.02898	0.01428	0.00753	0.00248	0.00544	0.60269	0.00534	0.00602
1	0.07339	0.00825	0.00973	0.00845	0.01074	0.00826	0.00661	0.13695	0.01754	0.08033	0.52331	0.03361	0.03998	0.01006	0.00626	0.00178	0.00360	0.00859	0.00605	0.00651
2	0.04052	0.02615	0.01339	0.01029	0.01424	0.01048	0.00836	0.14730	0.06826	0.48404	0.02006	0.01958	0.01383	0.06576	0.00735	0.00203	0.00509	0.00577	0.02852	0.00898
3	0.01165	0.01097	0.01731	0.55800	0.03294	0.01341	0.05153	0.01742	0.13717	0.01632	0.01227	0.01609	0.00934	0.00634	0.00676	0.00196	0.06514	0.00540	0.00311	0.00687
4	0.01533	0.01447	0.03658	0.19301	0.36777	0.06008	0.01525	0.16433	0.04009	0.02118	0.01152	0.01427	0.00901	0.00573	0.00566	0.00174	0.00705	0.00505	0.00345	0.00844
5	0.01044	0.00726	0.00814	0.00761	0.00843	0.00751	0.00494	0.13315	0.01178	0.01574	0.01887	0.12193	0.02091	0.57333	0.02260	0.00452	0.00541	0.00871	0.00406	0.00467
6	0.01236	0.00928	0.01292	0.01104	0.01336	0.00946	0.08780	0.16535	0.01609	0.06410	0.20085	0.26793	0.04573	0.01161	0.00720	0.00199	0.04074	0.01026	0.00534	0.00659
7	0.00873	0.00695	0.00918	0.00846	0.00959	0.00740	0.00654	0.01106	0.01459	0.02069	0.56947	0.06124	0.08675	0.01176	0.00880	0.00194	0.13607	0.00972	0.00557	0.00549
8	0.01330	0.01129	0.01600	0.35278	0.02572	0.01337	0.02995	0.19490	0.01551	0.02088	0.09827	0.05497	0.01494	0.00779	0.00756	0.00194	0.10364	0.00627	0.00390	0.00702
9	0.01235	0.01220	0.01816	0.01520	0.01585	0.01625	0.08112	0.01403	0.00938	0.01453	0.00872	0.01360	0.00822	0.01069	0.04752	0.00266	0.64726	0.00523	0.04072	0.00631
10	0.10535	0.16471	0.06740	0.07107	0.05480	0.18161	0.03754	0.04622	0.01283	0.03153	0.02639	0.01645	0.01084	0.14027	0.00898	0.00226	0.00711	0.00485	0.00319	0.00661
11	0.13717	0.41276	0.02162	0.01057	0.01483	0.19060	0.00931	0.04133	0.01290	0.01656	0.00854	0.00984	0.00736	0.00518	0.00411	0.00134	0.00665	0.00330	0.00291	0.08311

[dist]
# distance from previous block
# <min> <max>
0	13

[block]
# block no. 1 follows, 41 sequences, length 7
# corresponding to MSA columns:
# 50-56
name=unknown_B
#
# <colnr> <probs for GDERKNQSTAVLIFYWHMCP>
#	G	D	E	R	K	N	Q	S	T	A	V	L	I	F	Y	W	H	M	C	P
0	0.01899	0.09016	0.11857	0.01325	0.01822	0.01626	0.03959	0.45063	0.04851	0.08210	0.01421	0.03896	0.01064	0.00682	0.00559	0.00172	0.00643	0.00534	0.00496	0.00907
1	0.01411	0.17246	0.16450	0.01353	0.01846	0.04986	0.12504	0.08001	0.12937	0.04313	0.01916	0.01962	0.11229	0.00702	0.00555	0.00172	0.00660	0.00591	0.00387	0.00778
2	0.00903	0.00679	0.00842	0.00799	0.00808	0.00773	0.00533	0.00941	0.00847	0.01173	0.01599	0.03191	0.01797	0.60042	0.08985	0.00533	0.14065	0.00757	0.00327	0.00408
3	0.04485	0.23142	0.14978	0.09333	0.01893	0.01509	0.01182	0.08614	0.06600	0.08478	0.03204	0.01379	0.01024	0.00590	0.00520	0.00157	0.02351	0.00443	0.00365	0.09756
4	0.00780	0.00572	0.00711	0.00695	0.00815	0.00525	0.00502	0.00986	0.01436	0.01971	0.50159	0.11525	0.16088	0.09609	0.00917	0.00227	0.00309	0.01096	0.00575	0.00503
5	0.01313	0.38923	0.25285	0.01168	0.01697	0.05033	0.01270	0.01639	0.01217	0.01547	0.04074	0.01629	0.08878	0.00655	0.00526	0.00156	0.03500	0.00473	0.00290	0.00728
6	0.00857	0.00595	0.00832	0.00832	0.00929	0.00672	0.00632	0.01052	0.00955	0.01433	0.01609	0.02369	0.01496	0.10773	0.58653	0.00763	0.01244	0.00621	0.13185	0.00499

[dist]
# distance from previous block
# <min> <max>
0	4

[block]
# block no. 2 follows, 41 sequences, length 26
# corresponding to MSA columns:
# 61-86
name=unknown_C
#
# <colnr> <probs for GDERKNQSTAVLIFYWHMCP>
#	G	D	E	R	K	N	Q	S	T	A	V	L	I	F	Y	W	H	M	C	P
0	0.01521	0.58885	0.09036	0.01086	0.01553	0.11553	0.01064	0.01736	0.01220	0.01400	0.00973	0.05843	0.00923	0.00588	0.00423	0.00137	0.00667	0.00406	0.00268	0.00718
1	0.01509	0.01205	0.01287	0.01132	0.01466	0.01360	0.00888	0.09024	0.60099	0.06840	0.02457	0.02267	0.06281	0.00806	0.00587	0.00191	0.00460	0.00666	0.00585	0.00889
2	0.05124	0.41056	0.28005	0.01205	0.01778	0.04193	0.01336	0.01744	0.01179	0.03183	0.00955	0.01126	0.00784	0.00754	0.05239	0.00196	0.00752	0.00373	0.00264	0.00756
3	0.01431	0.45728	0.08811	0.01133	0.01534	0.01896	0.01089	0.06208	0.05581	0.01586	0.01002	0.01238	0.00883	0.02807	0.05034	0.00209	0.12401	0.00409	0.00292	0.00730
4	0.76110	0.01053	0.00817	0.00737	0.01062	0.01214	0.00595	0.01617	0.00972	0.02462	0.00893	0.01143	0.00737	0.05468	0.00514	0.00199	0.00444	0.00349	0.03012	0.00600
5	0.00786	0.00739	0.07207	0.00790	0.00899	0.00575	0.00599	0.00913	0.01061	0.01425	0.06795	0.37771	0.08226	0.27894	0.01441	0.00331	0.00444	0.01192	0.00450	0.00463
6	0.01250	0.19626	0.53705	0.01564	0.02306	0.01543	0.08881	0.01792	0.01212	0.01712	0.00989	0.01177	0.00741	0.00526	0.00518	0.00169	0.00806	0.00422	0.00247	0.00814
7	0.00788	0.00584	0.00735	0.00697	0.00842	0.00531	0.00523	0.01038	0.01569	0.02175	0.64910	0.04468	0.16589	0.01214	0.00675	0.00182	0.00273	0.01062	0.00614	0.00531
8	0.00730	0.00512	0.00654	0.00754	0.00779	0.00487	0.00485	0.00805	0.01030	0.01373	0.02817	0.60709	0.03360	0.21185	0.01272	0.00312	0.00387	0.01429	0.00485	0.00435
9	0.01301	0.01294	0.02356	0.25874	0.39416	0.01350	0.16645	0.01683	0.01264	0.01739	0.01075	0.01475	0.00855	0.00523	0.00590	0.00181	0.00763	0.00543	0.00276	0.00797
10	0.00884	0.00624	0.00751	0.00742	0.00823	0.00648	0.00507	0.02618	0.05203	0.01492	0.08473	0.09524	0.06164	0.36769	0.16988	0.00497	0.00672	0.00855	0.05298	0.00468
11	0.01326	0.01504	0.03274	0.02351	0.02909	0.01410	0.71502	0.01794	0.01341	0.01818	0.01232	0.04452	0.00977	0.00531	0.00677	0.00194	0.00941	0.00711	0.00298	0.00760
12	0.00688	0.00532	0.00628	0.00705	0.00806	0.00472	0.00490	0.00807	0.01183	0.01496	0.04267	0.48303	0.34286	0.01647	0.00707	0.00216	0.00314	0.01449	0.00531	0.00472
13	0.00830	0.00562	0.00660	0.00660	0.00672	0.00574	0.00391	0.00855	0.00842	0.01136	0.01769	0.03562	0.02001	0.70723	0.11978	0.00599	0.00673	0.00805	0.00342	0.00366
14	0.02174	0.01602	0.01717	0.01316	0.01774	0.01774	0.01087	0.74423	0.02689	0.03605	0.01373	0.01373	0.00973	0.00687	0.00572	0.00172	0.00629	0.00515	0.00572	0.00973
15	0.00712	0.00510	0.00678	0.00786	0.00833	0.00475	0.00532	0.00836	0.01168	0.01575	0.13237	0.69112	0.04006	0.01706	0.00722	0.00225	0.00323	0.01544	0.00545	0.00475
16	0.01423	0.01229	0.01293	0.01164	0.01487	0.01423	0.00905	0.03039	0.75297	0.02393	0.02328	0.02134	0.01746	0.00776	0.00582	0.00194	0.00453	0.00647	0.00582	0.00905
17	0.01888	0.01456	0.01474	0.01207	0.01560	0.09285	0.00962	0.47384	0.02164	0.06893	0.01620	0.11468	0.01390	0.03351	0.04980	0.00230	0.00674	0.00660	0.00524	0.00832
18	0.00777	0.00583	0.00720	0.00686	0.00835	0.00526	0.00514	0.01017	0.01542	0.02112	0.58963	0.04572	0.22576	0.01237	0.00675	0.00183	0.00275	0.01076	0.00606	0.00526
19	0.01127	0.00954	0.01123	0.00841	0.01292	0.00726	0.00660	0.01362	0.01175	0.01815	0.01275	0.10669	0.01203	0.00589	0.00461	0.00103	0.00412	0.00495	0.00362	0.73356
20	0.01242	0.01050	0.01216	0.00874	0.01379	0.00819	0.00701	0.05536	0.01270	0.01962	0.01037	0.01197	0.00854	0.00438	0.00432	0.00090	0.00435	0.00349	0.00352	0.78769
21	0.01412	0.51752	0.20997	0.01320	0.06144	0.01949	0.01320	0.01719	0.01164	0.01493	0.00866	0.01039	0.00743	0.00535	0.00515	0.00147	0.05514	0.00359	0.00247	0.00765
22	0.01316	0.09795	0.35460	0.01564	0.02139	0.07938	0.13515	0.06009	0.01326	0.01785	0.01268	0.10194	0.01116	0.00699	0.00614	0.00182	0.03417	0.00594	0.00307	0.00763
23	0.01350	0.01543	0.03375	0.02411	0.02989	0.01446	0.74253	0.01832	0.01350	0.01832	0.01157	0.01543	0.00868	0.00482	0.00675	0.00193	0.00964	0.00675	0.00289	0.00771
24	0.01497	0.01583	0.03877	0.06560	0.58487	0.12421	0.03724	0.01822	0.01341	0.01780	0.01047	0.01364	0.00870	0.00524	0.00562	0.00168	0.00746	0.00492	0.00283	0.00853
25	0.00680	0.00566	0.00594	0.00616	0.00782	0.00480	0.00451	0.00817	0.01269	0.01531	0.05351	0.17930	0.63959	0.01506	0.00685	0.00200	0.00297	0.01277	0.00531	0.00480

[dist]
# distance from previous block
# <min> <max>
7	11

[block]
# block no. 3 follows, 41 sequences, length 9
# corresponding to MSA columns:
# 98-106
name=unknown_D
#
# <colnr> <probs for GDERKNQSTAVLIFYWHMCP>
#	G	D	E	R	K	N	Q	S	T	A	V	L	I	F	Y	W	H	M	C	P
0	0.03927	0.13393	0.01718	0.01248	0.05171	0.03238	0.00984	0.35767	0.10433	0.05790	0.05263	0.03599	0.05507	0.00745	0.00549	0.00169	0.00564	0.00582	0.00503	0.00849
1	0.15553	0.42041	0.15083	0.01073	0.01569	0.06252	0.01094	0.01779	0.04448	0.01692	0.01117	0.01222	0.03908	0.00564	0.00426	0.00149	0.00627	0.00383	0.00293	0.00726
2	0.12748	0.32737	0.19577	0.01111	0.01594	0.03882	0.01143	0.06258	0.01249	0.01785	0.01219	0.12005	0.01157	0.00705	0.00475	0.00163	0.00618	0.00533	0.00321	0.00720
3	0.01930	0.01530	0.01876	0.01443	0.01895	0.01668	0.11281	0.52039	0.14952	0.03149	0.01507	0.01527	0.01091	0.00673	0.00588	0.00178	0.00646	0.00560	0.00534	0.00933
4	0.01619	0.69253	0.02818	0.01026	0.01511	0.02195	0.00994	0.11874	0.01376	0.01661	0.00876	0.00981	0.00767	0.00517	0.00396	0.00129	0.00614	0.00335	0.00290	0.00767
5	0.00697	0.00498	0.00664	0.00796	0.00830	0.00465	0.00531	0.00796	0.01095	0.01460	0.03153	0.79525	0.03783	0.01792	0.00730	0.00232	0.00332	0.01626	0.00531	0.00465
6	0.01399	0.03780	0.18241	0.01103	0.01507	0.05281	0.01049	0.01948	0.14686	0.16164	0.08818	0.10710	0.11062	0.00918	0.00597	0.00186	0.00536	0.00765	0.00496	0.00755
7	0.01837	0.01199	0.03937	0.01113	0.01478	0.01186	0.00915	0.26531	0.12981	0.23034	0.05082	0.14464	0.01840	0.00900	0.00603	0.00187	0.00508	0.00750	0.00595	0.00858
8	0.00855	0.04514	0.00836	0.00708	0.00899	0.00664	0.00544	0.05281	0.01475	0.01917	0.30128	0.10035	0.37505	0.01283	0.00658	0.00187	0.00321	0.01092	0.00555	0.00543

[dist]
# distance from previous block
# <min> <max>
0	4

[block]
# block no. 4 follows, 41 sequences, length 13
# corresponding to MSA columns:
# 111-123
name=unknown_E
#
# <colnr> <probs for GDERKNQSTAVLIFYWHMCP>
#	G	D	E	R	K	N	Q	S	T	A	V	L	I	F	Y	W	H	M	C	P
0	0.01869	0.11283	0.01737	0.01244	0.04355	0.01589	0.00999	0.45416	0.05075	0.05687	0.05081	0.01530	0.01218	0.00664	0.00535	0.00159	0.00570	0.00510	0.03678	0.06799
1	0.13548	0.26229	0.37492	0.01290	0.01913	0.07358	0.01471	0.01798	0.01190	0.01750	0.00911	0.01065	0.00713	0.00529	0.00460	0.00160	0.00729	0.00366	0.00263	0.00764
2	0.07955	0.01333	0.08341	0.09928	0.41803	0.01226	0.01447	0.04809	0.01298	0.01892	0.01646	0.01889	0.10288	0.00688	0.00609	0.02542	0.00627	0.00573	0.00325	0.00782
3	0.00714	0.00505	0.00659	0.00775	0.00804	0.00476	0.00508	0.00801	0.01062	0.01416	0.02983	0.70021	0.03569	0.11587	0.01004	0.00273	0.00360	0.01526	0.00508	0.00450
4	0.01149	0.01022	0.01590	0.50310	0.11722	0.01206	0.01378	0.01661	0.10466	0.01689	0.01334	0.04092	0.01063	0.00637	0.00561	0.00185	0.00654	0.00563	0.08030	0.00686
5	0.00709	0.00511	0.00672	0.00779	0.00830	0.00474	0.00528	0.00830	0.01164	0.01559	0.11611	0.67803	0.06999	0.01706	0.00721	0.00225	0.00323	0.01541	0.00542	0.00474
6	0.00873	0.00679	0.00945	0.01075	0.10324	0.00638	0.00697	0.01132	0.01514	0.02114	0.54449	0.08411	0.10155	0.01158	0.00668	0.00186	0.00335	0.03501	0.00569	0.00576
7	0.02133	0.01504	0.01640	0.01262	0.01715	0.01630	0.01039	0.61643	0.05756	0.10024	0.01479	0.01450	0.01041	0.00681	0.00566	0.00169	0.00600	0.00519	0.00575	0.04575
8	0.00727	0.00595	0.00647	0.00667	0.00833	0.00527	0.00498	0.00932	0.04014	0.01616	0.09348	0.16959	0.54128	0.01467	0.00687	0.00202	0.00313	0.04800	0.00539	0.00501
9	0.24557	0.14162	0.07101	0.01280	0.04929	0.09143	0.04458	0.13467	0.06891	0.04374	0.01096	0.01209	0.00849	0.00594	0.00527	0.00169	0.03632	0.00422	0.00374	0.00766
10	0.16642	0.13777	0.46415	0.01340	0.02013	0.01462	0.01587	0.05033	0.01236	0.04213	0.01002	0.01143	0.00738	0.00545	0.00485	0.00171	0.00716	0.00393	0.00292	0.00797
11	0.12085	0.11797	0.34118	0.04762	0.11345	0.04230	0.01529	0.04507	0.03090	0.01928	0.03470	0.01297	0.00926	0.00563	0.00504	0.00169	0.00702	0.00433	0.00300	0.02243
12	0.09834	0.13954	0.23350	0.10994	0.04186	0.02915	0.04286	0.08665	0.01365	0.01957	0.06754	0.01729	0.06395	0.00658	0.00527	0.00172	0.00659	0.00524	0.00340	0.00738

[dist]
# distance from previous block
# <min> <max>
1	67

[block]
# block no. 5 follows, 41 sequences, length 17
# corresponding to MSA columns:
# 201-217
name=unknown_F
#
# <colnr> <probs for GDERKNQSTAVLIFYWHMCP>
#	G	D	E	R	K	N	Q	S	T	A	V	L	I	F	Y	W	H	M	C	P
0	0.03249	0.05446	0.09904	0.03280	0.07431	0.06387	0.03219	0.23975	0.05466	0.10988	0.05448	0.05540	0.01375	0.00726	0.00596	0.00176	0.02611	0.00583	0.02774	0.00828
1	0.06585	0.06029	0.03467	0.01143	0.04233	0.11077	0.00900	0.13057	0.03359	0.20058	0.07858	0.05941	0.07801	0.01002	0.04750	0.00214	0.00616	0.00646	0.00501	0.00764
2	0.05598	0.05905	0.13707	0.11677	0.01966	0.03415	0.03576	0.13141	0.03014	0.16831	0.01415	0.04064	0.01085	0.02965	0.00697	0.04436	0.00634	0.00529	0.00420	0.04926
3	0.03879	0.14326	0.20507	0.01282	0.01764	0.12718	0.03644	0.09064	0.06786	0.08816	0.03205	0.05514	0.03222	0.00708	0.00540	0.00171	0.00686	0.01999	0.00392	0.00778
4	0.01066	0.00851	0.01319	0.01152	0.01360	0.00829	0.14380	0.08352	0.01333	0.03837	0.04292	0.28719	0.06842	0.12067	0.01003	0.00262	0.00536	0.10748	0.00471	0.00581
5	0.01125	0.01332	0.22840	0.03650	0.01529	0.00842	0.01096	0.01502	0.03451	0.10886	0.18517	0.21687	0.02785	0.01080	0.00639	0.00199	0.00514	0.05168	0.00483	0.00675
6	0.01269	0.01305	0.05890	0.04524	0.40294	0.01221	0.11579	0.01718	0.06835	0.01860	0.03407	0.02337	0.06684	0.00718	0.00614	0.00187	0.00660	0.07743	0.00353	0.00801
7	0.02174	0.01602	0.01717	0.01316	0.01774	0.01774	0.01087	0.74423	0.02689	0.03605	0.01373	0.01373	0.00973	0.00687	0.00572	0.00172	0.00629	0.00515	0.00572	0.00973
8	0.01529	0.80242	0.02997	0.00979	0.01468	0.02263	0.00979	0.01713	0.01162	0.01346	0.00795	0.00918	0.00734	0.00489	0.00367	0.00122	0.00612	0.00306	0.00245	0.00734
9	0.01160	0.02880	0.73259	0.01723	0.06114	0.01330	0.02096	0.01809	0.01212	0.01814	0.01029	0.01218	0.00734	0.00542	0.00545	0.00181	0.00837	0.00427	0.00244	0.00848
10	0.01193	0.09270	0.67004	0.01673	0.06168	0.01407	0.02001	0.01800	0.01209	0.01776	0.01010	0.01194	0.00735	0.00537	0.00530	0.00176	0.00818	0.00417	0.00244	0.00839
11	0.00716	0.00506	0.00658	0.00772	0.00800	0.00478	0.00504	0.00802	0.01057	0.01410	0.02958	0.68605	0.03538	0.13047	0.01044	0.00279	0.00364	0.01512	0.00504	0.00448
12	0.02566	0.00973	0.01327	0.01018	0.01460	0.00841	0.00841	0.02788	0.01637	0.76726	0.02257	0.01947	0.01416	0.00708	0.00575	0.00177	0.00487	0.00575	0.00708	0.00973
13	0.01080	0.01017	0.01716	0.78523	0.03940	0.01271	0.01589	0.01461	0.01144	0.01461	0.01017	0.01525	0.00762	0.00572	0.00572	0.00191	0.00762	0.00508	0.00254	0.00635
14	0.00987	0.00697	0.01007	0.07144	0.04695	0.00702	0.00912	0.01227	0.01281	0.05429	0.04979	0.21139	0.03062	0.01442	0.00736	0.00240	0.00501	0.42752	0.00508	0.00562
15	0.00700	0.00508	0.00654	0.00770	0.00817	0.00470	0.00515	0.00800	0.01105	0.01455	0.03347	0.69780	0.10434	0.04719	0.00808	0.00241	0.00336	0.01557	0.00524	0.00462
16	0.01350	0.01543	0.03375	0.02411	0.02989	0.01446	0.74253	0.01832	0.01350	0.01832	0.01157	0.01543	0.00868	0.00482	0.00675	0.00193	0.00964	0.00675	0.00289	0.00771

[dist]
# distance from previous block
# <min> <max>
5	18

[block]
# block no. 6 follows, 41 sequences, length 47
# corresponding to MSA columns:
# 236-282
name=unknown_G
#
# <colnr> <probs for GDERKNQSTAVLIFYWHMCP>
#	G	D	E	R	K	N	Q	S	T	A	V	L	I	F	Y	W	H	M	C	P
0	0.05356	0.23836	0.32662	0.09965	0.02248	0.05002	0.06565	0.01746	0.01204	0.01666	0.00952	0.01163	0.00742	0.00524	0.00491	0.00161	0.00750	0.00406	0.00259	0.04300
1	0.26559	0.23841	0.04739	0.01138	0.01553	0.20100	0.03376	0.09434	0.01384	0.01996	0.00898	0.01028	0.00729	0.00549	0.00437	0.00155	0.00685	0.00361	0.00325	0.00713
2	0.27599	0.01460	0.01474	0.10381	0.13415	0.12614	0.01077	0.13781	0.06069	0.02290	0.01077	0.01247	0.00835	0.00578	0.00489	0.00170	0.00634	0.00428	0.00372	0.04010
3	0.22326	0.03543	0.20869	0.08263	0.11488	0.01282	0.02921	0.03000	0.01229	0.12516	0.01188	0.01435	0.00896	0.00609	0.00572	0.00183	0.04259	0.02289	0.00356	0.00775
4	0.03855	0.01852	0.31584	0.01570	0.03739	0.01199	0.16960	0.01752	0.06027	0.03615	0.14346	0.01890	0.01664	0.00668	0.00631	0.00182	0.03276	0.00599	0.00361	0.04228
5	0.00839	0.00584	0.00681	0.00691	0.00733	0.00580	0.00437	0.00953	0.03743	0.01352	0.09281	0.10726	0.05454	0.55087	0.02212	0.00446	0.00492	0.04881	0.00416	0.00412
6	0.01175	0.06940	0.55917	0.14106	0.07295	0.01374	0.01942	0.01746	0.01201	0.01732	0.01015	0.01255	0.00743	0.00543	0.00539	0.00179	0.00808	0.00435	0.00246	0.00809
7	0.11445	0.01705	0.16380	0.06028	0.09678	0.03190	0.30433	0.05874	0.01361	0.06765	0.01149	0.01397	0.00847	0.00535	0.00580	0.00183	0.00793	0.00536	0.00328	0.00794
8	0.01182	0.01118	0.01865	0.55354	0.19200	0.01304	0.03649	0.01637	0.05974	0.01619	0.01118	0.01542	0.00860	0.00569	0.00574	0.00186	0.00731	0.00522	0.00283	0.00714
9	0.00740	0.00568	0.00677	0.00680	0.00819	0.00505	0.00499	0.00933	0.01409	0.01866	0.36829	0.17867	0.31776	0.01383	0.00685	0.00194	0.00288	0.01203	0.00575	0.00505
10	0.02992	0.01451	0.15346	0.45097	0.03282	0.01310	0.14304	0.01572	0.01168	0.01598	0.01028	0.01454	0.00776	0.00601	0.00669	0.02295	0.03594	0.00517	0.00260	0.00686
11	0.04412	0.01109	0.01254	0.00915	0.01410	0.00936	0.00738	0.12545	0.01407	0.02155	0.01063	0.01205	0.00858	0.00468	0.00444	0.00101	0.00456	0.00365	0.00375	0.67788
12	0.00854	0.00655	0.00967	0.00950	0.01046	0.00782	0.00744	0.01054	0.00923	0.01352	0.01486	0.02175	0.01384	0.03969	0.70394	0.00853	0.06866	0.00603	0.02424	0.00519
13	0.00786	0.00595	0.00743	0.00747	0.00894	0.00551	0.00582	0.01010	0.01420	0.01898	0.37136	0.06855	0.25333	0.01532	0.05603	0.00246	0.00399	0.12590	0.00561	0.00517
14	0.01754	0.11763	0.08356	0.08338	0.01985	0.13105	0.04773	0.21693	0.06834	0.07303	0.01227	0.01353	0.00927	0.00649	0.00653	0.00174	0.07427	0.00478	0.00400	0.00810
15	0.04874	0.01467	0.03031	0.07731	0.11400	0.01417	0.57746	0.01791	0.01314	0.01842	0.01123	0.01501	0.00854	0.00494	0.00642	0.00189	0.00895	0.00629	0.00289	0.00771
16	0.00802	0.00584	0.00754	0.00712	0.00850	0.00537	0.00534	0.01065	0.01602	0.02253	0.72204	0.04340	0.09247	0.01185	0.00675	0.00181	0.00271	0.01044	0.00624	0.00537
17	0.00816	0.00645	0.00979	0.06571	0.01257	0.00634	0.06157	0.02349	0.01162	0.01545	0.02807	0.61897	0.03262	0.01571	0.00715	0.00227	0.00428	0.05971	0.00493	0.00514
18	0.03696	0.00753	0.01128	0.01237	0.05154	0.00750	0.05601	0.01242	0.01289	0.01736	0.02744	0.11433	0.02964	0.01437	0.00752	0.00249	0.00544	0.56237	0.00494	0.00560
19	0.00817	0.00613	0.00919	0.00919	0.01021	0.00715	0.00715	0.01021	0.00919	0.01328	0.01532	0.02247	0.01430	0.04290	0.77631	0.00919	0.01532	0.00613	0.00306	0.00511
20	0.01147	0.02959	0.76934	0.01630	0.02476	0.01328	0.02113	0.01811	0.01208	0.01811	0.01026	0.01208	0.00725	0.00543	0.00543	0.00181	0.00845	0.00423	0.00242	0.00845
21	0.01529	0.80242	0.02997	0.00979	0.01468	0.02263	0.00979	0.01713	0.01162	0.01346	0.00795	0.00918	0.00734	0.00489	0.00367	0.00122	0.00612	0.00306	0.00245	0.00734
22	0.01207	0.01031	0.03331	0.00880	0.01350	0.00772	0.00719	0.01490	0.02909	0.05044	0.01284	0.07985	0.01142	0.00565	0.00464	0.00107	0.00431	0.00469	0.00374	0.68446
23	0.01130	0.00868	0.01196	0.05458	0.05139	0.00941	0.02485	0.01496	0.08271	0.08086	0.29946	0.05694	0.09238	0.01047	0.00845	0.00199	0.12906	0.03902	0.00509	0.00645
24	0.03147	0.00995	0.01636	0.70729	0.03655	0.01222	0.01495	0.01482	0.01154	0.03972	0.01144	0.04863	0.00910	0.00628	0.00573	0.00192	0.00727	0.00553	0.00283	0.00639
25	0.01350	0.01543	0.03375	0.02411	0.02989	0.01446	0.74253	0.01832	0.01350	0.01832	0.01157	0.01543	0.00868	0.00482	0.00675	0.00193	0.00964	0.00675	0.00289	0.00771
26	0.01249	0.10704	0.64707	0.01555	0.02329	0.06286	0.01935	0.01832	0.01229	0.01738	0.00994	0.01167	0.00726	0.00541	0.00524	0.00173	0.00834	0.00407	0.00245	0.00823
27	0.02277	0.01011	0.04499	0.01029	0.01447	0.00830	0.00883	0.02523	0.01594	0.63421	0.06711	0.02392	0.01767	0.00794	0.00596	0.00184	0.00492	0.05974	0.00670	0.00908
28	0.02566	0.00973	0.01327	0.01018	0.01460	0.00841	0.00841	0.02788	0.01637	0.76726	0.02257	0.01947	0.01416	0.00708	0.00575	0.00177	0.00487	0.00575	0.00708	0.00973
29	0.01080	0.01012	0.01703	0.73301	0.06429	0.01248	0.01560	0.01450	0.01148	0.01476	0.01088	0.04067	0.00866	0.00609	0.00577	0.00191	0.00745	0.00545	0.00264	0.00640
30	0.01464	0.01375	0.02283	0.03371	0.71575	0.01385	0.01713	0.06390	0.01391	0.01979	0.01095	0.01413	0.00910	0.00521	0.00567	0.00170	0.00676	0.00510	0.00302	0.00910
31	0.01605	0.01319	0.01396	0.01201	0.01557	0.01508	0.00949	0.20355	0.57685	0.02687	0.02096	0.01950	0.01558	0.00754	0.00580	0.00189	0.00496	0.00615	0.00580	0.00922
32	0.00810	0.00585	0.00765	0.00720	0.00855	0.00540	0.00540	0.01079	0.01619	0.02294	0.76028	0.04273	0.05397	0.01169	0.00675	0.00180	0.00270	0.01034	0.00630	0.00540
33	0.01289	0.01077	0.01241	0.00896	0.01399	0.00867	0.00720	0.09004	0.01342	0.02044	0.01054	0.01205	0.00860	0.00451	0.00439	0.00094	0.00445	0.00357	0.00363	0.74853
34	0.00809	0.00640	0.00823	0.00902	0.06673	0.00583	0.00607	0.01035	0.01457	0.01961	0.41968	0.08666	0.27756	0.01252	0.00672	0.00188	0.00317	0.02583	0.00563	0.00545
35	0.01420	0.49709	0.22647	0.01163	0.01706	0.01860	0.01267	0.01731	0.01178	0.04028	0.00983	0.02815	0.00841	0.00566	0.00495	0.00148	0.03998	0.00389	0.02300	0.00756
36	0.01230	0.02592	0.57952	0.04600	0.11261	0.04240	0.03570	0.01858	0.04088	0.01813	0.01080	0.01280	0.00790	0.00550	0.00551	0.00180	0.00817	0.00448	0.00263	0.00839
37	0.00698	0.00505	0.00661	0.00782	0.00827	0.00468	0.00526	0.00805	0.01120	0.01486	0.05124	0.73385	0.07986	0.01757	0.00726	0.00229	0.00328	0.01587	0.00533	0.00468
38	0.01171	0.02798	0.68879	0.01751	0.04926	0.01338	0.07613	0.01811	0.01222	0.01815	0.01038	0.01240	0.00741	0.00538	0.00554	0.00182	0.00849	0.00445	0.00247	0.00842
39	0.01147	0.02959	0.76934	0.01630	0.02476	0.01328	0.02113	0.01811	0.01208	0.01811	0.01026	0.01208	0.00725	0.00543	0.00543	0.00181	0.00845	0.00423	0.00242	0.00845
40	0.01416	0.01359	0.02322	0.03511	0.76330	0.01359	0.01755	0.01755	0.01302	0.01869	0.01076	0.01416	0.00906	0.00510	0.00566	0.00170	0.00680	0.00510	0.00283	0.00906
41	0.02539	0.01017	0.01354	0.01038	0.01482	0.00905	0.00858	0.07760	0.01710	0.71651	0.02195	0.01907	0.01385	0.00706	0.00575	0.00177	0.00497	0.00571	0.00699	0.00973
42	0.00774	0.00519	0.00695	0.00810	0.00861	0.00483	0.00551	0.00881	0.01121	0.04363	0.03115	0.74996	0.03682	0.01746	0.00725	0.00231	0.00342	0.03081	0.00538	0.00485
43	0.00823	0.00588	0.00738	0.00706	0.00853	0.00532	0.00527	0.01058	0.01529	0.04013	0.56619	0.08929	0.18460	0.01247	0.00676	0.00185	0.00283	0.01090	0.00607	0.00536
44	0.02238	0.01500	0.01653	0.01268	0.01723	0.01622	0.01047	0.62781	0.02518	0.15488	0.01517	0.01466	0.01045	0.00690	0.00573	0.00173	0.00606	0.00525	0.00594	0.00973
45	0.00696	0.00501	0.00661	0.00788	0.00828	0.00465	0.00527	0.00797	0.01103	0.01463	0.03251	0.76774	0.06471	0.01779	0.00728	0.00231	0.00330	0.01611	0.00531	0.00465
46	0.08652	0.00983	0.01291	0.00998	0.01434	0.00874	0.00824	0.02705	0.01587	0.71180	0.02147	0.01871	0.01356	0.00695	0.00559	0.00177	0.00483	0.00555	0.00681	0.00947

[dist]
# distance from previous block
# <min> <max>
0	1

[block]
# block no. 7 follows, 41 sequences, length 209
# corresponding to MSA columns:
# 284-382,394-503
name=unknown_H
#
# <colnr> <probs for GDERKNQSTAVLIFYWHMCP>
#	G	D	E	R	K	N	Q	S	T	A	V	L	I	F	Y	W	H	M	C	P
0	0.01377	0.01320	0.02252	0.12133	0.68009	0.01349	0.01736	0.01722	0.01284	0.01822	0.01069	0.01428	0.00890	0.00517	0.00567	0.00172	0.00689	0.00509	0.00280	0.00875
1	0.01136	0.05117	0.69689	0.01551	0.02338	0.01304	0.01975	0.01760	0.01233	0.01829	0.05973	0.01401	0.01033	0.00583	0.00547	0.00179	0.00800	0.00460	0.00267	0.00822
2	0.82088	0.01148	0.02541	0.00772	0.01137	0.01284	0.00653	0.01684	0.00979	0.02549	0.00802	0.00935	0.00622	0.00531	0.00358	0.00177	0.00451	0.00312	0.00351	0.00625
3	0.01977	0.02473	0.01580	0.01525	0.06164	0.66872	0.01091	0.02136	0.01576	0.01440	0.01287	0.01411	0.06760	0.00653	0.00532	0.00152	0.00951	0.00444	0.00313	0.00663
4	0.00934	0.00643	0.00740	0.00716	0.00764	0.00662	0.00449	0.07114	0.01017	0.01364	0.01857	0.09543	0.02080	0.61915	0.07423	0.00520	0.00607	0.00854	0.00378	0.00420
5	0.01410	0.01538	0.10675	0.04655	0.36906	0.04670	0.02940	0.09339	0.07563	0.02003	0.01615	0.01803	0.07818	0.00665	0.00629	0.00179	0.03833	0.00572	0.00354	0.00834
6	0.01163	0.00991	0.01161	0.00840	0.01325	0.00749	0.00669	0.01419	0.01212	0.01890	0.05519	0.01371	0.01120	0.00468	0.00439	0.00090	0.00414	0.00381	0.00356	0.78422
7	0.02115	0.01549	0.01665	0.01293	0.01738	0.01714	0.01063	0.65630	0.09512	0.05588	0.01489	0.01462	0.01058	0.00696	0.00573	0.00174	0.00609	0.00529	0.00577	0.00966
8	0.01439	0.06125	0.02346	0.03313	0.70147	0.03141	0.01694	0.01765	0.01301	0.01827	0.01055	0.01377	0.00892	0.00510	0.00553	0.00167	0.00683	0.00494	0.00281	0.00890
9	0.01491	0.17198	0.05100	0.01171	0.04890	0.08561	0.00957	0.14386	0.06781	0.05985	0.12597	0.02382	0.11298	0.00824	0.00586	0.00169	0.02231	0.02199	0.00454	0.00740
10	0.01165	0.05382	0.72679	0.01630	0.02457	0.01361	0.03943	0.01809	0.01210	0.01797	0.01022	0.01207	0.00729	0.00540	0.00541	0.00180	0.00841	0.00425	0.00243	0.00840
11	0.01244	0.01657	0.17061	0.06787	0.10054	0.01310	0.38849	0.01738	0.03497	0.01785	0.01380	0.03867	0.02934	0.02873	0.00698	0.00201	0.00830	0.02168	0.00305	0.00762
12	0.01568	0.73285	0.02893	0.01066	0.03184	0.05722	0.01004	0.03202	0.01217	0.01405	0.00817	0.00943	0.00743	0.00498	0.00383	0.00126	0.00633	0.00318	0.00254	0.00739
13	0.01223	0.02902	0.01613	0.01366	0.01432	0.06494	0.02658	0.01366	0.00971	0.01386	0.01185	0.01658	0.05381	0.02881	0.10747	0.00322	0.54974	0.00554	0.00279	0.00606
14	0.04401	0.00992	0.01326	0.01019	0.01460	0.00873	0.00842	0.04489	0.01647	0.73284	0.02202	0.01910	0.01387	0.00703	0.00570	0.00177	0.00489	0.00568	0.00697	0.00965
15	0.00822	0.00556	0.00621	0.00621	0.00633	0.00550	0.00352	0.00831	0.00860	0.01135	0.02042	0.03849	0.06522	0.75189	0.02777	0.00533	0.00539	0.00854	0.00358	0.00355
16	0.00702	0.00501	0.00669	0.00802	0.00837	0.00469	0.00540	0.00805	0.01100	0.01466	0.03150	0.77914	0.03772	0.01787	0.00731	0.00233	0.00336	0.03188	0.00531	0.00466
17	0.00725	0.00538	0.00747	0.00829	0.00889	0.00501	0.02732	0.00846	0.01136	0.01517	0.07528	0.68484	0.06230	0.03410	0.00771	0.00234	0.00350	0.01530	0.00526	0.00476
18	0.01344	0.01584	0.05508	0.02388	0.02974	0.01443	0.72161	0.01832	0.01346	0.01832	0.01153	0.01533	0.00864	0.00484	0.00671	0.00193	0.00961	0.00668	0.00288	0.00774
19	0.00697	0.00498	0.00664	0.00796	0.00830	0.00465	0.00531	0.00796	0.01095	0.01460	0.03153	0.79525	0.03783	0.01792	0.00730	0.00232	0.00332	0.01626	0.00531	0.00465
20	0.00697	0.00498	0.00664	0.00796	0.00830	0.00465	0.00531	0.00796	0.01095	0.01460	0.03153	0.79525	0.03783	0.01792	0.00730	0.00232	0.00332	0.01626	0.00531	0.00465
21	0.00840	0.00576	0.00659	0.00661	0.00688	0.00575	0.00396	0.02439	0.00925	0.01226	0.02126	0.10116	0.06421	0.64515	0.05106	0.00511	0.00556	0.00906	0.00376	0.00384
22	0.00994	0.00497	0.00745	0.00745	0.00745	0.00497	0.00497	0.00745	0.00745	0.00994	0.00994	0.01739	0.00994	0.01987	0.02235	0.83358	0.00497	0.00497	0.00248	0.00248
23	0.00832	0.00555	0.00624	0.00624	0.00624	0.00555	0.00347	0.00832	0.00832	0.01109	0.01802	0.03743	0.02080	0.79898	0.02911	0.00555	0.00555	0.00832	0.00347	0.00347
24	0.01416	0.01359	0.02322	0.03511	0.76330	0.01359	0.01755	0.01755	0.01302	0.01869	0.01076	0.01416	0.00906	0.00510	0.00566	0.00170	0.00680	0.00510	0.00283	0.00906
25	0.01311	0.01471	0.05917	0.15122	0.16484	0.01396	0.43638	0.01794	0.03655	0.01795	0.01151	0.01521	0.00879	0.00514	0.00630	0.00188	0.00858	0.00606	0.00290	0.00781
26	0.02084	0.01547	0.01656	0.01286	0.01721	0.01715	0.01054	0.67393	0.07665	0.03450	0.01452	0.01493	0.01058	0.02939	0.00639	0.00184	0.00615	0.00533	0.00566	0.00950
27	0.00832	0.00555	0.00624	0.00624	0.00624	0.00555	0.00347	0.00832	0.00832	0.01109	0.01802	0.03743	0.02080	0.79898	0.02911	0.00555	0.00555	0.00832	0.00347	0.00347
28	0.01308	0.01153	0.01769	0.58004	0.09858	0.01370	0.01512	0.14699	0.01437	0.01885	0.01086	0.01488	0.00813	0.00587	0.00571	0.00185	0.00731	0.00510	0.00314	0.00720
29	0.00994	0.00497	0.00745	0.00745	0.00745	0.00497	0.00497	0.00745	0.00745	0.00994	0.00994	0.01739	0.00994	0.01987	0.02235	0.83358	0.00497	0.00497	0.00248	0.00248
30	0.00810	0.00585	0.00765	0.00720	0.00855	0.00540	0.00540	0.01079	0.01619	0.02294	0.76028	0.04273	0.05397	0.01169	0.00675	0.00180	0.00270	0.01034	0.00630	0.00540
31	0.02081	0.06498	0.01692	0.01450	0.01746	0.71695	0.01103	0.02230	0.01577	0.01397	0.00876	0.01032	0.00737	0.00596	0.00548	0.00149	0.03267	0.00369	0.00291	0.00666
32	0.02167	0.01394	0.09843	0.01275	0.01770	0.01181	0.07342	0.21148	0.01838	0.41523	0.03407	0.01733	0.01265	0.00675	0.00582	0.00177	0.00599	0.00562	0.00584	0.00932
33	0.01331	0.01012	0.01201	0.00865	0.01367	0.00771	0.00695	0.01582	0.01234	0.09738	0.01147	0.01266	0.00907	0.00454	0.00440	0.00094	0.00430	0.00364	0.00378	0.74725
34	0.01408	0.08384	0.01439	0.00937	0.01434	0.01061	0.00774	0.12950	0.01431	0.04016	0.01084	0.01210	0.00871	0.00478	0.00446	0.00104	0.00475	0.00370	0.00376	0.60750
35	0.01066	0.00533	0.00533	0.00533	0.00666	0.00533	0.00400	0.01333	0.01200	0.02132	0.01866	0.02132	0.01466	0.00666	0.00400	0.00133	0.00267	0.00533	0.83073	0.00533
36	0.01498	0.65776	0.07350	0.02683	0.01590	0.03785	0.01065	0.01799	0.05619	0.01441	0.00907	0.01030	0.00795	0.00524	0.00429	0.00135	0.02220	0.00343	0.00266	0.00745
37	0.21854	0.11041	0.01469	0.01093	0.03613	0.06782	0.00864	0.22903	0.03176	0.04735	0.03692	0.01624	0.03042	0.05835	0.05746	0.00240	0.00638	0.00494	0.00424	0.00735
38	0.01066	0.00533	0.00533	0.00533	0.00666	0.00533	0.00400	0.01333	0.01200	0.02132	0.01866	0.02132	0.01466	0.00666	0.00400	0.00133	0.00267	0.00533	0.83073	0.00533
39	0.75458	0.03196	0.00951	0.00798	0.01158	0.03496	0.00659	0.03248	0.01051	0.04626	0.00852	0.00970	0.00656	0.00540	0.00370	0.00175	0.00469	0.00323	0.00364	0.00641
40	0.08627	0.01884	0.01681	0.17287	0.09578	0.34571	0.03103	0.11530	0.01564	0.01874	0.01014	0.01242	0.00798	0.00585	0.00528	0.00165	0.00822	0.00437	0.01991	0.00719
41	0.05391	0.10117	0.41115	0.01922	0.16693	0.04611	0.06863	0.01829	0.01248	0.03603	0.01035	0.01240	0.00783	0.00532	0.00530	0.00172	0.00777	0.00442	0.00272	0.00825
42	0.01468	0.01251	0.01319	0.01173	0.01505	0.01444	0.00916	0.07324	0.70939	0.02465	0.02271	0.02088	0.01700	0.00771	0.00581	0.00193	0.00463	0.00639	0.00581	0.00909
43	0.01218	0.00966	0.01051	0.05970	0.01304	0.04670	0.00738	0.14996	0.07993	0.04240	0.18946	0.07857	0.17798	0.08680	0.00850	0.00221	0.00464	0.00875	0.00522	0.00642
44	0.20623	0.01604	0.01268	0.01120	0.01428	0.24985	0.00879	0.15053	0.04832	0.05242	0.03374	0.01966	0.03352	0.05219	0.00661	0.00197	0.00667	0.06409	0.00426	0.00695
45	0.01115	0.01145	0.02101	0.03351	0.02011	0.02741	0.36744	0.01451	0.01336	0.01792	0.13185	0.04698	0.15489	0.00916	0.02354	0.00208	0.05153	0.00825	0.02735	0.00650
46	0.81368	0.01157	0.00865	0.00775	0.01127	0.03681	0.00635	0.01700	0.00994	0.02530	0.00799	0.00932	0.00623	0.00533	0.00359	0.00176	0.00461	0.00312	0.00352	0.00621
47	0.00963	0.00736	0.01010	0.08147	0.01450	0.02392	0.00987	0.01234	0.01308	0.01682	0.02798	0.05883	0.03005	0.01466	0.00764	0.00254	0.00559	0.64326	0.00497	0.00540
48	0.74523	0.03157	0.00937	0.00791	0.01149	0.01306	0.00652	0.01796	0.05708	0.04394	0.00930	0.01031	0.00714	0.00550	0.00374	0.00177	0.00449	0.00338	0.00375	0.00649
49	0.01718	0.10269	0.01517	0.03773	0.01535	0.21354	0.00921	0.08233	0.13149	0.12980	0.16640	0.02031	0.01963	0.00750	0.00557	0.00166	0.00616	0.00588	0.00485	0.00754
50	0.01743	0.01054	0.01281	0.00947	0.01428	0.00878	0.00769	0.08333	0.01472	0.27483	0.01470	0.01461	0.01052	0.00544	0.00488	0.00124	0.00463	0.00435	0.00485	0.48092
51	0.01019	0.05778	0.01001	0.00928	0.01053	0.10035	0.00670	0.03489	0.05656	0.01558	0.02553	0.54304	0.02913	0.03145	0.02893	0.00237	0.00489	0.01253	0.00479	0.00547
52	0.01417	0.01096	0.01284	0.00976	0.01421	0.00986	0.00785	0.06919	0.11082	0.08873	0.01312	0.01398	0.01021	0.00548	0.00554	0.00123	0.05047	0.00423	0.00416	0.54319
53	0.02009	0.01588	0.06143	0.01281	0.01738	0.01624	0.01095	0.60384	0.04761	0.05425	0.01450	0.03230	0.01083	0.02609	0.00627	0.00181	0.00619	0.00544	0.00544	0.03068
54	0.01147	0.02959	0.76934	0.01630	0.02476	0.01328	0.02113	0.01811	0.01208	0.01811	0.01026	0.01208	0.00725	0.00543	0.00543	0.00181	0.00845	0.00423	0.00242	0.00845
55	0.00955	0.00749	0.00855	0.00877	0.02605	0.00745	0.00628	0.04919	0.15403	0.03369	0.03791	0.31128	0.29036	0.01371	0.00668	0.00206	0.00365	0.01189	0.00541	0.00600
56	0.01300	0.01372	0.14623	0.10002	0.09762	0.01091	0.16773	0.01649	0.01262	0.11896	0.01725	0.20128	0.01603	0.00865	0.00668	0.00197	0.03156	0.00805	0.00390	0.00733
57	0.00849	0.00630	0.00861	0.00846	0.00904	0.00718	0.00612	0.00973	0.00885	0.01250	0.01584	0.02737	0.01628	0.31851	0.45647	0.00745	0.05819	0.00686	0.00318	0.00457
58	0.81943	0.01151	0.02675	0.00773	0.01139	0.01284	0.00655	0.01685	0.00979	0.02548	0.00802	0.00936	0.00622	0.00531	0.00359	0.00177	0.00452	0.00312	0.00351	0.00625
59	0.19421	0.01001	0.01227	0.00963	0.01387	0.00932	0.00795	0.02558	0.01500	0.61365	0.01954	0.01736	0.01251	0.00671	0.00529	0.00177	0.00478	0.00520	0.00635	0.00900
60	0.02015	0.01710	0.01630	0.01320	0.01712	0.14327	0.01064	0.49372	0.12005	0.02967	0.01402	0.01430	0.01038	0.00762	0.02110	0.00188	0.03034	0.00509	0.00512	0.00893
61	0.01113	0.01070	0.01713	0.76102	0.03871	0.03669	0.01573	0.01487	0.01159	0.01459	0.01012	0.01509	0.00762	0.00572	0.00570	0.00189	0.00771	0.00504	0.00255	0.00636
62	0.00810	0.00585	0.00765	0.00720	0.00855	0.00540	0.00540	0.01079	0.01619	0.02294	0.76028	0.04273	0.05397	0.01169	0.00675	0.00180	0.00270	0.01034	0.00630	0.00540
63	0.01147	0.02959	0.76934	0.01630	0.02476	0.01328	0.02113	0.01811	0.01208	0.01811	0.01026	0.01208	0.00725	0.00543	0.00543	0.00181	0.00845	0.00423	0.00242	0.00845
64	0.00691	0.00520	0.00640	0.00736	0.00814	0.00470	0.00504	0.00803	0.01153	0.01484	0.03887	0.58950	0.23884	0.01697	0.00715	0.00221	0.00320	0.01510	0.00531	0.00470
65	0.00829	0.00619	0.00898	0.00892	0.00979	0.00716	0.00677	0.01004	0.00907	0.01300	0.01551	0.02426	0.01502	0.14356	0.65941	0.00856	0.03106	0.00640	0.00311	0.00491
66	0.05598	0.01002	0.01573	0.63722	0.03392	0.01233	0.01415	0.03633	0.01170	0.01616	0.01063	0.01525	0.00810	0.00619	0.00614	0.02018	0.02365	0.00499	0.05504	0.00629
67	0.01066	0.00533	0.00533	0.00533	0.00666	0.00533	0.00400	0.01333	0.01200	0.02132	0.01866	0.02132	0.01466	0.00666	0.00400	0.00133	0.00267	0.00533	0.83073	0.00533
68	0.01770	0.01911	0.01566	0.03636	0.09144	0.35628	0.01106	0.08781	0.22539	0.01939	0.01524	0.01686	0.02617	0.00691	0.00558	0.00171	0.00759	0.02790	0.00411	0.00775
69	0.06396	0.01139	0.01277	0.03731	0.01404	0.02991	0.00882	0.25381	0.06083	0.02286	0.04743	0.02371	0.03746	0.13543	0.04337	0.00281	0.10846	0.05096	0.02773	0.00692
70	0.01066	0.00533	0.00533	0.00533	0.00666	0.00533	0.00400	0.01333	0.01200	0.02132	0.01866	0.02132	0.01466	0.00666	0.00400	0.00133	0.00267	0.00533	0.83073	0.00533
71	0.01925	0.01480	0.01709	0.01287	0.01762	0.01550	0.05396	0.55322	0.02305	0.03147	0.01288	0.01346	0.00941	0.00621	0.00548	0.00155	0.00608	0.00489	0.00508	0.17612
72	0.01444	0.01313	0.01607	0.35337	0.07327	0.08620	0.01280	0.16069	0.11500	0.02048	0.01498	0.01723	0.04470	0.00663	0.00568	0.00181	0.00681	0.00548	0.02375	0.00748
73	0.02889	0.00782	0.05265	0.00733	0.00958	0.00637	0.00603	0.01124	0.07157	0.01789	0.18135	0.09328	0.45955	0.01288	0.00656	0.00192	0.00339	0.01087	0.00532	0.00551
74	0.01397	0.01199	0.01261	0.01133	0.01452	0.01375	0.00882	0.04706	0.69025	0.02372	0.02512	0.02317	0.06189	0.00814	0.00587	0.00193	0.00447	0.00677	0.00579	0.00882
75	0.01080	0.01017	0.01716	0.78523	0.03940	0.01271	0.01589	0.01461	0.01144	0.01461	0.01017	0.01525	0.00762	0.00572	0.00572	0.00191	0.00762	0.00508	0.00254	0.00635
76	0.00832	0.00555	0.00624	0.00624	0.00624	0.00555	0.00347	0.00832	0.00832	0.01109	0.01802	0.03743	0.02080	0.79898	0.02911	0.00555	0.00555	0.00832	0.00347	0.00347
77	0.01186	0.01017	0.01186	0.00847	0.01356	0.00762	0.00678	0.01440	0.01186	0.01864	0.01017	0.01186	0.00847	0.00424	0.00424	0.00085	0.00424	0.00339	0.00339	0.83395
78	0.01080	0.01017	0.01716	0.78523	0.03940	0.01271	0.01589	0.01461	0.01144	0.01461	0.01017	0.01525	0.00762	0.00572	0.00572	0.00191	0.00762	0.00508	0.00254	0.00635
79	0.00817	0.00613	0.00919	0.00919	0.01021	0.00715	0.00715	0.01021	0.00919	0.01328	0.01532	0.02247	0.01430	0.04290	0.77631	0.00919	0.01532	0.00613	0.00306	0.00511
80	0.02126	0.04368	0.01657	0.01453	0.01762	0.71389	0.01101	0.06601	0.01675	0.01531	0.00912	0.01049	0.00751	0.00593	0.00516	0.00148	0.00998	0.00376	0.00310	0.00683
81	0.01529	0.80242	0.02997	0.00979	0.01468	0.02263	0.00979	0.01713	0.01162	0.01346	0.00795	0.00918	0.00734	0.00489	0.00367	0.00122	0.00612	0.00306	0.00245	0.00734
82	0.01327	0.01032	0.01214	0.00876	0.01377	0.00801	0.00704	0.03870	0.01270	0.07877	0.01127	0.01253	0.00896	0.00455	0.00440	0.00095	0.00435	0.00363	0.00376	0.74213
83	0.00838	0.00651	0.00892	0.05137	0.02701	0.00679	0.00724	0.02604	0.01174	0.01571	0.05360	0.48077	0.07262	0.01647	0.03621	0.00254	0.05680	0.10123	0.00488	0.00518
84	0.01416	0.01359	0.02322	0.03511	0.76330	0.01359	0.01755	0.01755	0.01302	0.01869	0.01076	0.01416	0.00906	0.00510	0.00566	0.00170	0.00680	0.00510	0.00283	0.00906
85	0.00697	0.00498	0.00664	0.00796	0.00830	0.00465	0.00531	0.00796	0.01095	0.01460	0.03153	0.79525	0.03783	0.01792	0.00730	0.00232	0.00332	0.01626	0.00531	0.00465
86	0.00746	0.00545	0.00701	0.00741	0.00835	0.00500	0.00526	0.00927	0.01352	0.01845	0.36310	0.38408	0.11488	0.01478	0.00700	0.00205	0.00300	0.01319	0.00576	0.00500
87	0.01176	0.02758	0.66504	0.01741	0.02548	0.01345	0.12342	0.01814	0.01228	0.01814	0.01045	0.01255	0.00745	0.00535	0.00562	0.00183	0.00862	0.00458	0.00248	0.00835
88	0.01423	0.01229	0.01293	0.01164	0.01487	0.01423	0.00905	0.03039	0.75297	0.02393	0.02328	0.02134	0.01746	0.00776	0.00582	0.00194	0.00453	0.00647	0.00582	0.00905
89	0.01133	0.01070	0.01811	0.66736	0.15315	0.01285	0.01615	0.01508	0.01169	0.01525	0.01026	0.01508	0.00785	0.00562	0.00571	0.00187	0.00749	0.00509	0.00259	0.00678
90	0.01284	0.01312	0.06728	0.38999	0.32683	0.01340	0.01658	0.05980	0.01304	0.01775	0.01062	0.01452	0.00830	0.00552	0.00568	0.00181	0.00727	0.00504	0.00284	0.00777
91	0.83938	0.01106	0.00841	0.00752	0.01106	0.01283	0.00619	0.01681	0.00973	0.02566	0.00796	0.00929	0.00619	0.00531	0.00354	0.00177	0.00442	0.00310	0.00354	0.00619
92	0.01080	0.01017	0.01716	0.78523	0.03940	0.01271	0.01589	0.01461	0.01144	0.01461	0.01017	0.01525	0.00762	0.00572	0.00572	0.00191	0.00762	0.00508	0.00254	0.00635
93	0.01066	0.00533	0.00533	0.00533	0.00666	0.00533	0.00400	0.01333	0.01200	0.02132	0.01866	0.02132	0.01466	0.00666	0.00400	0.00133	0.00267	0.00533	0.83073	0.00533
94	0.83938	0.01106	0.00841	0.00752	0.01106	0.01283	0.00619	0.01681	0.00973	0.02566	0.00796	0.00929	0.00619	0.00531	0.00354	0.00177	0.00442	0.00310	0.00354	0.00619
95	0.01147	0.02959	0.76934	0.01630	0.02476	0.01328	0.02113	0.01811	0.01208	0.01811	0.01026	0.01208	0.00725	0.00543	0.00543	0.00181	0.00845	0.00423	0.00242	0.00845
96	0.00994	0.00497	0.00745	0.00745	0.00745	0.00497	0.00497	0.00745	0.00745	0.00994	0.00994	0.01739	0.00994	0.01987	0.02235	0.83358	0.00497	0.00497	0.00248	0.00248
97	0.02566	0.00973	0.01327	0.01018	0.01460	0.00841	0.00841	0.02788	0.01637	0.76726	0.02257	0.01947	0.01416	0.00708	0.00575	0.00177	0.00487	0.00575	0.00708	0.00973
98	0.02137	0.02726	0.01621	0.01474	0.01768	0.77602	0.01105	0.02284	0.01621	0.01400	0.00884	0.01031	0.00737	0.00589	0.00516	0.00147	0.01031	0.00368	0.00295	0.00663
99	0.01066	0.00533	0.00533	0.00533	0.00666	0.00533	0.00400	0.01333	0.01200	0.02132	0.01866	0.02132	0.01466	0.00666	0.00400	0.00133	0.00267	0.00533	0.83073	0.00533
100	0.00832	0.00555	0.00624	0.00624	0.00624	0.00555	0.00347	0.00832	0.00832	0.01109	0.01802	0.03743	0.02080	0.79898	0.02911	0.00555	0.00555	0.00832	0.00347	0.00347
101	0.01443	0.01239	0.01305	0.01168	0.01495	0.01432	0.00910	0.04978	0.73325	0.02426	0.02302	0.02113	0.01725	0.00774	0.00582	0.00193	0.00457	0.00643	0.00582	0.00907
