[name]
unknown

[dist]
# distance from previous block
# <min> <max>
119	408

[block]
# block no. 0 follows, 46 sequences, length 6
# corresponding to MSA columns:
# 492-497
name=unknown_A
#
# <colnr> <probs for GDERKNQSTAVLIFYWHMCP>
#	G	D	E	R	K	N	Q	S	T	A	V	L	I	F	Y	W	H	M	C	P
0	0.01341	0.01033	0.01220	0.00907	0.01329	0.00920	0.00736	0.12516	0.01314	0.08270	0.01064	0.01185	0.00837	0.00491	0.00529	0.00109	0.06694	0.00367	0.00367	0.58772
1	0.05193	0.01307	0.02629	0.01920	0.02382	0.01260	0.57700	0.01599	0.01189	0.01694	0.01111	0.01599	0.00903	0.00530	0.00671	0.00177	0.06073	0.04535	0.00283	0.07247
2	0.48783	0.00978	0.00942	0.00765	0.01142	0.00991	0.00626	0.01707	0.01069	0.17487	0.01055	0.01103	0.00770	0.00500	0.00383	0.00144	0.00413	0.00342	0.00390	0.20410
3	0.00986	0.00774	0.00946	0.00838	0.01073	0.00717	0.00648	0.08124	0.01215	0.01726	0.07613	0.22449	0.02133	0.04885	0.03641	0.00201	0.03218	0.09038	0.00415	0.29362
4	0.00894	0.00459	0.00682	0.00693	0.00696	0.00456	0.00462	0.00693	0.00718	0.00957	0.01098	0.08759	0.01150	0.01820	0.01941	0.77023	0.00445	0.00553	0.00253	0.00248
5	0.07726	0.00612	0.00731	0.00766	0.00882	0.00601	0.00563	0.04266	0.01111	0.01587	0.06615	0.39681	0.05339	0.10132	0.00851	0.00234	0.00378	0.12735	0.00456	0.04734

[dist]
# distance from previous block
# <min> <max>
5	10

[block]
# block no. 1 follows, 46 sequences, length 9
# corresponding to MSA columns:
# 510-518
name=unknown_B
#
# <colnr> <probs for GDERKNQSTAVLIFYWHMCP>
#	G	D	E	R	K	N	Q	S	T	A	V	L	I	F	Y	W	H	M	C	P
0	0.04176	0.01137	0.01882	0.01408	0.01803	0.01090	0.29388	0.09262	0.01271	0.05119	0.01254	0.08534	0.01098	0.03650	0.00698	0.00170	0.05842	0.00590	0.00344	0.21283
1	0.01079	0.01059	0.01683	0.59584	0.03158	0.05210	0.08241	0.01385	0.01062	0.01354	0.00926	0.01378	0.00721	0.00610	0.00693	0.04046	0.06508	0.00476	0.00239	0.00583
2	0.01238	0.00913	0.01085	0.00816	0.01228	0.00742	0.00650	0.04804	0.03071	0.10365	0.06780	0.05074	0.01296	0.00547	0.00447	0.00106	0.00393	0.00453	0.00394	0.59598
3	0.01342	0.01000	0.01242	0.00912	0.01352	0.00844	0.03307	0.06951	0.01246	0.12144	0.01111	0.01217	0.00859	0.00470	0.00487	0.00106	0.03939	0.00372	0.00370	0.60730
4	0.00748	0.00522	0.00634	0.00642	0.00676	0.00534	0.00409	0.00803	0.00831	0.01116	0.01942	0.08558	0.06925	0.54343	0.18598	0.00541	0.00673	0.00799	0.00335	0.00368
5	0.09266	0.00837	0.01094	0.00976	0.01181	0.02321	0.08506	0.09152	0.01243	0.01788	0.07278	0.34857	0.04971	0.01113	0.00628	0.00186	0.03048	0.04769	0.00437	0.06350
6	0.09613	0.01173	0.01566	0.01172	0.01601	0.01139	0.14512	0.17801	0.05310	0.02138	0.01067	0.01218	0.00830	0.00502	0.00519	0.00134	0.03771	0.00423	0.00361	0.35147
7	0.00815	0.00620	0.00881	0.00856	0.00933	0.00738	0.00661	0.00982	0.00855	0.01263	0.01384	0.02107	0.01316	0.11037	0.58064	0.00701	0.09744	0.00570	0.06004	0.00470
8	0.01264	0.01034	0.01363	0.00994	0.01442	0.00880	0.08129	0.06984	0.01228	0.06795	0.01040	0.01190	0.00824	0.00455	0.00491	0.00106	0.03908	0.00376	0.00343	0.61154

[dist]
# distance from previous block
# <min> <max>
0	6

[block]
# block no. 2 follows, 46 sequences, length 12
# corresponding to MSA columns:
# 525-536
name=unknown_C
#
# <colnr> <probs for GDERKNQSTAVLIFYWHMCP>
#	G	D	E	R	K	N	Q	S	T	A	V	L	I	F	Y	W	H	M	C	P
0	0.55145	0.01094	0.00963	0.00821	0.01154	0.03740	0.00669	0.12130	0.02798	0.10146	0.06056	0.01241	0.01008	0.00573	0.00405	0.00162	0.00445	0.00390	0.00408	0.00653
1	0.01288	0.01130	0.01169	0.00895	0.01301	0.07900	0.00705	0.13419	0.01340	0.01899	0.01105	0.05155	0.00968	0.03414	0.00518	0.00119	0.00473	0.00417	0.00353	0.56433
2	0.00746	0.00515	0.00637	0.00657	0.00680	0.00529	0.00416	0.00798	0.00824	0.01118	0.01817	0.15712	0.02057	0.53118	0.17630	0.00532	0.00659	0.00847	0.00340	0.00368
3	0.13976	0.01069	0.01320	0.00989	0.01420	0.02915	0.09949	0.06379	0.01184	0.01899	0.01021	0.04272	0.00866	0.00483	0.00433	0.00116	0.00479	0.00406	0.00330	0.50493
4	0.05113	0.00730	0.00949	0.08284	0.04159	0.00764	0.00730	0.09125	0.01187	0.06275	0.02046	0.28713	0.02177	0.12674	0.05565	0.00281	0.00515	0.09746	0.00427	0.00539
5	0.06221	0.00999	0.01208	0.00904	0.01334	0.00861	0.04343	0.08544	0.03511	0.05988	0.01160	0.05137	0.00970	0.00509	0.00438	0.00110	0.00435	0.00421	0.00366	0.56541
6	0.01405	0.00757	0.00978	0.00880	0.01125	0.00723	0.00717	0.05930	0.04829	0.27831	0.13269	0.06108	0.09574	0.01202	0.05462	0.00228	0.00473	0.17299	0.00550	0.00661
7	0.01176	0.00992	0.01474	0.28637	0.02167	0.01152	0.05621	0.05781	0.06211	0.06423	0.12776	0.01782	0.01473	0.00703	0.00777	0.00178	0.16152	0.00555	0.00356	0.05613
8	0.56373	0.01116	0.00973	0.02901	0.01219	0.04264	0.00680	0.11778	0.01196	0.04215	0.03507	0.01082	0.00811	0.00529	0.00386	0.00155	0.00456	0.00350	0.00366	0.07643
9	0.01154	0.00800	0.01071	0.00974	0.01175	0.00830	0.03256	0.04371	0.06017	0.12493	0.14075	0.03671	0.10938	0.01068	0.00763	0.00197	0.10099	0.23587	0.00487	0.02975
10	0.05565	0.01156	0.01356	0.01045	0.01443	0.01161	0.03779	0.23533	0.10754	0.06862	0.01232	0.01301	0.00934	0.00558	0.00547	0.00137	0.05412	0.00429	0.00418	0.32380
11	0.01179	0.00886	0.01146	0.03997	0.01313	0.02288	0.04436	0.06530	0.01228	0.10204	0.04384	0.23522	0.03141	0.00872	0.00607	0.00155	0.05276	0.00746	0.00417	0.27673

[dist]
# distance from previous block
# <min> <max>
19	96

[block]
# block no. 3 follows, 46 sequences, length 79
# corresponding to MSA columns:
# 638-716
name=unknown_D
#
# <colnr> <probs for GDERKNQSTAVLIFYWHMCP>
#	G	D	E	R	K	N	Q	S	T	A	V	L	I	F	Y	W	H	M	C	P
0	0.01570	0.02869	0.03318	0.00944	0.01271	0.00971	0.00776	0.13750	0.15223	0.25283	0.13505	0.07578	0.05031	0.00802	0.00548	0.00165	0.00427	0.00669	0.00546	0.04753
1	0.10223	0.01036	0.01153	0.01043	0.04926	0.06261	0.02794	0.10002	0.11268	0.15053	0.16486	0.04883	0.03316	0.05350	0.00652	0.00183	0.00465	0.00627	0.00481	0.03799
2	0.10154	0.01749	0.01303	0.01172	0.03089	0.39084	0.00886	0.11270	0.06167	0.08147	0.06508	0.01556	0.05403	0.00649	0.00496	0.00151	0.00685	0.00471	0.00391	0.00670
3	0.01360	0.13194	0.33993	0.01667	0.10268	0.12795	0.12295	0.01766	0.01214	0.05245	0.00977	0.01153	0.00740	0.00497	0.00497	0.00156	0.00760	0.00417	0.00262	0.00744
4	0.02725	0.13497	0.08885	0.06888	0.03671	0.01332	0.32772	0.03095	0.01192	0.03773	0.04144	0.03880	0.01024	0.00555	0.00602	0.00163	0.05165	0.00541	0.00293	0.05804
5	0.01184	0.00847	0.03387	0.00887	0.01101	0.00799	0.00692	0.18232	0.03082	0.10064	0.07706	0.39593	0.05569	0.01173	0.00605	0.00186	0.00398	0.01025	0.00511	0.02959
6	0.01371	0.57450	0.20557	0.01079	0.01596	0.07426	0.01160	0.01642	0.01114	0.01349	0.00791	0.00919	0.00677	0.00471	0.00387	0.00128	0.00644	0.00312	0.00229	0.00698
7	0.01997	0.03756	0.01283	0.00969	0.01342	0.00923	0.02391	0.07005	0.10500	0.52550	0.08372	0.01988	0.03061	0.00698	0.00537	0.00164	0.00448	0.00576	0.00600	0.00838
8	0.00918	0.00459	0.00689	0.00689	0.00689	0.00459	0.00459	0.00689	0.00689	0.00918	0.00918	0.01607	0.00918	0.01837	0.02066	0.84619	0.00459	0.00459	0.00230	0.00230
9	0.01415	0.01174	0.01249	0.01096	0.01409	0.01342	0.00866	0.15347	0.61311	0.02378	0.02026	0.02012	0.01549	0.00733	0.00544	0.00178	0.00449	0.03553	0.00534	0.00833
10	0.02372	0.00900	0.01227	0.00941	0.01350	0.00777	0.00777	0.02576	0.01513	0.78489	0.02086	0.01799	0.01309	0.00654	0.00532	0.00164	0.00450	0.00532	0.00654	0.00900
11	0.01143	0.01133	0.01582	0.01359	0.01359	0.01579	0.01127	0.01254	0.00808	0.01263	0.00729	0.01239	0.00738	0.03820	0.01769	0.00241	0.77579	0.00474	0.00235	0.00569
12	0.01238	0.01184	0.02019	0.20685	0.61232	0.01238	0.01587	0.01561	0.01170	0.01642	0.00982	0.01331	0.00807	0.00484	0.00525	0.00161	0.00645	0.00471	0.00256	0.00781
13	0.01467	0.01155	0.01239	0.01081	0.01401	0.01310	0.00850	0.10620	0.63653	0.07943	0.02053	0.01885	0.01515	0.00704	0.00536	0.00176	0.00438	0.00580	0.00546	0.00848
14	0.01171	0.21195	0.56541	0.01326	0.02002	0.01398	0.01634	0.01659	0.01128	0.03727	0.03038	0.01150	0.00808	0.00511	0.00468	0.00155	0.00707	0.00385	0.00246	0.00753
15	0.01696	0.03454	0.04410	0.01071	0.01435	0.03818	0.00887	0.08874	0.41118	0.24409	0.01925	0.01762	0.01369	0.00670	0.00526	0.00169	0.00478	0.00542	0.00541	0.00846
16	0.85155	0.01022	0.00777	0.00695	0.01022	0.01186	0.00573	0.01554	0.00900	0.02372	0.00736	0.00859	0.00573	0.00491	0.00327	0.00164	0.00409	0.00286	0.00327	0.00573
17	0.01219	0.00728	0.00858	0.00754	0.00975	0.03426	0.00585	0.01477	0.04251	0.22153	0.38441	0.03416	0.17615	0.00984	0.00591	0.00167	0.00337	0.00839	0.00571	0.00611
18	0.00709	0.00531	0.00657	0.00642	0.00770	0.00479	0.00475	0.00915	0.01379	0.01879	0.53206	0.12111	0.21904	0.01200	0.00629	0.00174	0.00260	0.01049	0.00551	0.00479
19	0.00755	0.00566	0.00850	0.00850	0.00944	0.00661	0.00661	0.00944	0.00850	0.01227	0.01416	0.02077	0.01322	0.03965	0.79326	0.00850	0.01416	0.00566	0.00283	0.00472
20	0.00755	0.00566	0.00850	0.00850	0.00944	0.00661	0.00661	0.00944	0.00850	0.01227	0.01416	0.02077	0.01322	0.03965	0.79326	0.00850	0.01416	0.00566	0.00283	0.00472
21	0.00755	0.00566	0.00850	0.00850	0.00944	0.00661	0.00661	0.00944	0.00850	0.01227	0.01416	0.02077	0.01322	0.03965	0.79326	0.00850	0.01416	0.00566	0.00283	0.00472
22	0.01975	0.02520	0.01498	0.01362	0.01634	0.79299	0.01021	0.02111	0.01498	0.01294	0.00817	0.00953	0.00681	0.00545	0.00477	0.00136	0.00953	0.00340	0.00272	0.00613
23	0.02239	0.01113	0.01359	0.01042	0.01456	0.01094	0.00861	0.29658	0.01870	0.50904	0.01786	0.01605	0.01158	0.00647	0.00531	0.00162	0.00498	0.00511	0.00608	0.00899
24	0.00719	0.00525	0.00669	0.00711	0.00800	0.00491	0.00506	0.02906	0.01237	0.01674	0.28175	0.44347	0.10957	0.01402	0.00650	0.00194	0.00295	0.02751	0.00522	0.00468
25	0.01315	0.01136	0.01195	0.01076	0.01375	0.01315	0.00837	0.02809	0.77168	0.02211	0.02152	0.01972	0.01614	0.00717	0.00538	0.00179	0.00418	0.00598	0.00538	0.00837
26	0.76975	0.01021	0.00858	0.03962	0.02995	0.01173	0.00641	0.01582	0.00934	0.04867	0.00796	0.00923	0.00609	0.00497	0.00347	0.00164	0.00427	0.00306	0.00333	0.00590
27	0.01078	0.02286	0.57182	0.03829	0.06430	0.01203	0.10852	0.01617	0.01153	0.01691	0.05628	0.01345	0.00958	0.00536	0.00546	0.00169	0.02030	0.00461	0.00253	0.00750
28	0.02010	0.01481	0.01587	0.01216	0.01639	0.01639	0.01005	0.76360	0.02486	0.03332	0.01269	0.01269	0.00899	0.00635	0.00529	0.00159	0.00582	0.00476	0.00529	0.00899
29	0.01315	0.01136	0.01195	0.01076	0.01375	0.01315	0.00837	0.02809	0.77168	0.02211	0.02152	0.01972	0.01614	0.00717	0.00538	0.00179	0.00418	0.00598	0.00538	0.00837
30	0.00755	0.00566	0.00850	0.00850	0.00944	0.00661	0.00661	0.00944	0.00850	0.01227	0.01416	0.02077	0.01322	0.03965	0.79326	0.00850	0.01416	0.00566	0.00283	0.00472
31	0.01202	0.19236	0.44559	0.01487	0.02125	0.03573	0.14713	0.01708	0.03690	0.01594	0.00961	0.01138	0.00727	0.00490	0.00489	0.00157	0.00747	0.00414	0.00244	0.00745
32	0.01258	0.01210	0.02080	0.15450	0.64463	0.01245	0.03395	0.01581	0.01181	0.01666	0.00987	0.01327	0.00815	0.00480	0.00527	0.00161	0.00647	0.00475	0.00258	0.00795
33	0.01096	0.00940	0.01096	0.00783	0.01253	0.00705	0.00626	0.01331	0.01096	0.01723	0.00940	0.01096	0.00783	0.00392	0.00392	0.00078	0.00392	0.00313	0.00313	0.84653
34	0.01622	0.01049	0.03798	0.00941	0.01353	0.00904	0.00785	0.13246	0.02636	0.26607	0.01494	0.06322	0.01145	0.00613	0.00514	0.00135	0.02376	0.00493	0.00465	0.33503
35	0.65160	0.03643	0.02453	0.00757	0.01087	0.03634	0.00637	0.05473	0.01044	0.04377	0.00883	0.00999	0.00678	0.00513	0.00355	0.00158	0.00436	0.00322	0.06789	0.00601
36	0.00767	0.00520	0.00612	0.00612	0.00625	0.00532	0.00365	0.00792	0.00779	0.01052	0.01633	0.03278	0.01843	0.71237	0.12766	0.00557	0.00631	0.00742	0.00315	0.00340
37	0.05106	0.01238	0.04687	0.10444	0.52850	0.03076	0.01438	0.02715	0.01192	0.01700	0.01303	0.01630	0.06109	0.00571	0.00548	0.00164	0.02207	0.01982	0.00285	0.00755
38	0.70001	0.01060	0.04101	0.02200	0.01125	0.01132	0.00655	0.03055	0.00984	0.04064	0.03651	0.04249	0.00879	0.00567	0.00372	0.00166	0.00425	0.00377	0.00349	0.00587
39	0.01060	0.02735	0.78682	0.01507	0.02288	0.01228	0.01953	0.01674	0.01116	0.01674	0.00949	0.01116	0.00670	0.00502	0.00502	0.00167	0.00781	0.00391	0.00223	0.00781
40	0.01332	0.00961	0.01142	0.00860	0.01274	0.00814	0.00689	0.09527	0.01289	0.12115	0.01271	0.07208	0.01067	0.00559	0.00475	0.00112	0.02154	0.00452	0.00394	0.56305
41	0.06859	0.33537	0.28611	0.01158	0.01669	0.04457	0.01260	0.01683	0.01105	0.07386	0.00912	0.01043	0.00718	0.00529	0.00527	0.00149	0.07061	0.00356	0.00267	0.00713
42	0.01342	0.01368	0.02132	0.09008	0.57837	0.08715	0.08607	0.01654	0.01225	0.01653	0.00980	0.01294	0.00809	0.00480	0.00529	0.00159	0.00690	0.00473	0.00261	0.00785
43	0.00848	0.00573	0.00741	0.00683	0.00836	0.00518	0.00516	0.01084	0.01454	0.06532	0.65019	0.06451	0.07499	0.01061	0.00611	0.00165	0.00269	0.00933	0.00569	0.03637
44	0.01610	0.01021	0.01195	0.00968	0.01319	0.01026	0.00778	0.14093	0.20727	0.23633	0.05915	0.01911	0.05145	0.00756	0.02201	0.00170	0.02194	0.00554	0.00521	0.14264
45	0.01452	0.00837	0.01038	0.00913	0.01174	0.00833	0.00734	0.07595	0.15332	0.25340	0.21267	0.06298	0.02600	0.00929	0.00590	0.00180	0.00403	0.11202	0.00574	0.00708
46	0.01246	0.01408	0.03035	0.02230	0.05478	0.01319	0.71661	0.01682	0.01243	0.01695	0.01064	0.01414	0.00803	0.00445	0.00615	0.00175	0.00870	0.00611	0.00268	0.02739
47	0.01280	0.00993	0.01167	0.02543	0.01351	0.00817	0.00695	0.09212	0.01269	0.07360	0.01056	0.01171	0.00831	0.00438	0.00419	0.00095	0.00422	0.00349	0.00358	0.68174
48	0.01246	0.01033	0.01083	0.00971	0.01238	0.03553	0.00753	0.04948	0.50279	0.04927	0.15088	0.02501	0.08460	0.00819	0.00557	0.00174	0.00401	0.00686	0.00537	0.00745
49	0.01168	0.00957	0.01117	0.00803	0.01269	0.00740	0.00644	0.03985	0.01158	0.04196	0.00987	0.01124	0.00804	0.00408	0.00401	0.00084	0.00400	0.00326	0.00331	0.79096
50	0.00811	0.00574	0.00713	0.00667	0.00814	0.00531	0.00501	0.01078	0.04150	0.04919	0.58196	0.03969	0.16635	0.03296	0.00674	0.00178	0.00273	0.00948	0.00561	0.00513
51	0.01984	0.01407	0.01529	0.01182	0.01590	0.01541	0.00972	0.68941	0.02371	0.08048	0.01380	0.04173	0.01019	0.00673	0.00534	0.00161	0.00563	0.00516	0.00535	0.00882
52	0.00932	0.00574	0.00783	0.00803	0.00876	0.00590	0.00608	0.01043	0.08572	0.01316	0.05437	0.02995	0.01799	0.01556	0.01430	0.46449	0.00448	0.21375	0.02033	0.00382
53	0.01126	0.14038	0.53576	0.01310	0.01943	0.01301	0.01577	0.04245	0.04401	0.01726	0.07340	0.01448	0.01121	0.00575	0.00495	0.00161	0.00678	0.01914	0.00282	0.00743
54	0.01392	0.09184	0.01964	0.13971	0.36689	0.15091	0.03843	0.04433	0.01252	0.01581	0.00953	0.01244	0.00791	0.00629	0.03355	0.00179	0.02019	0.00438	0.00267	0.00726
55	0.00657	0.00474	0.00606	0.00703	0.00755	0.00438	0.00475	0.00761	0.01051	0.01398	0.06486	0.66092	0.11365	0.03431	0.00708	0.00214	0.00304	0.01399	0.02252	0.00433
56	0.05151	0.03706	0.01223	0.02369	0.01327	0.03127	0.00761	0.12008	0.03735	0.30097	0.07965	0.03510	0.04263	0.00673	0.00525	0.00148	0.01947	0.00537	0.00500	0.16427
57	0.78899	0.01042	0.00821	0.00728	0.01058	0.01206	0.00598	0.04114	0.04109	0.02397	0.00813	0.00919	0.00627	0.00505	0.00343	0.00164	0.00415	0.00306	0.00343	0.00594
58	0.01315	0.01136	0.01195	0.01076	0.01375	0.01315	0.00837	0.02809	0.77168	0.02211	0.02152	0.01972	0.01614	0.00717	0.00538	0.00179	0.00418	0.00598	0.00538	0.00837
59	0.01420	0.78310	0.04193	0.00927	0.01381	0.03943	0.00927	0.01598	0.01085	0.01253	0.00741	0.00856	0.00678	0.00455	0.00346	0.00115	0.00579	0.00286	0.00227	0.00679
60	0.00918	0.00459	0.00689	0.00689	0.00689	0.00459	0.00459	0.00689	0.00689	0.00918	0.00918	0.01607	0.00918	0.01837	0.02066	0.84619	0.00459	0.00459	0.00230	0.00230
61	0.01754	0.01046	0.04082	0.01031	0.01388	0.00982	0.03831	0.12902	0.14796	0.35063	0.12143	0.05208	0.01844	0.00747	0.00553	0.00169	0.00460	0.00630	0.00568	0.00804
62	0.00730	0.00548	0.00666	0.00733	0.00820	0.00523	0.00511	0.04383	0.03942	0.01490	0.03275	0.59851	0.17532	0.01513	0.00653	0.00204	0.00316	0.01347	0.00494	0.00470
63	0.00742	0.00540	0.00698	0.00659	0.00786	0.00496	0.00494	0.00986	0.01482	0.02087	0.74376	0.04003	0.08477	0.01093	0.00624	0.00167	0.00250	0.00964	0.00578	0.00496
64	0.01544	0.01181	0.01298	0.04276	0.01521	0.01332	0.00893	0.18542	0.51463	0.09060	0.01907	0.01784	0.01397	0.00686	0.00535	0.00173	0.00468	0.00561	0.00534	0.00846
65	0.01282	0.01098	0.01171	0.01069	0.01355	0.01265	0.00838	0.02687	0.71748	0.02167	0.02198	0.02257	0.01716	0.00770	0.00552	0.00184	0.00423	0.05876	0.00534	0.00812
66	0.04853	0.06701	0.01574	0.01266	0.01599	0.47413	0.00994	0.25691	0.01767	0.01977	0.00953	0.01045	0.00746	0.00566	0.00480	0.00143	0.00794	0.00378	0.00353	0.00706
67	0.01413	0.81739	0.02770	0.00905	0.01357	0.02092	0.00905	0.01583	0.01074	0.01244	0.00735	0.00848	0.00678	0.00452	0.00339	0.00113	0.00565	0.00283	0.00226	0.00678
68	0.85155	0.01022	0.00777	0.00695	0.01022	0.01186	0.00573	0.01554	0.00900	0.02372	0.00736	0.00859	0.00573	0.00491	0.00327	0.00164	0.00409	0.00286	0.00327	0.00573
69	0.01275	0.01241	0.02173	0.10252	0.65117	0.01255	0.07685	0.01603	0.01194	0.01690	0.00995	0.01327	0.00822	0.00474	0.00532	0.00161	0.00657	0.00483	0.00260	0.00804
70	0.01288	0.01249	0.02013	0.07191	0.66841	0.04221	0.01535	0.01594	0.01218	0.01702	0.03867	0.01485	0.01019	0.00518	0.00529	0.00159	0.00628	0.01870	0.00277	0.00796
71	0.00756	0.00563	0.00834	0.00834	0.00922	0.00652	0.00641	0.00934	0.00845	0.01215	0.01431	0.02158	0.01357	0.08535	0.74805	0.00830	0.01363	0.00578	0.00285	0.00463
72	0.00755	0.00566	0.00850	0.00850	0.00944	0.00661	0.00661	0.00944	0.00850	0.01227	0.01416	0.02077	0.01322	0.03965	0.79326	0.00850	0.01416	0.00566	0.00283	0.00472
73	0.00772	0.00591	0.00882	0.00872	0.00963	0.00701	0.00682	0.00958	0.00848	0.01229	0.01386	0.02038	0.01295	0.03836	0.76048	0.00823	0.04755	0.00562	0.00281	0.00476
74	0.01838	0.21786	0.01808	0.01251	0.01567	0.60522	0.00993	0.01983	0.01395	0.01282	0.00797	0.00928	0.00680	0.00522	0.00443	0.00131	0.00859	0.00326	0.00261	0.00629
75	0.03551	0.01675	0.01396	0.01199	0.01515	0.28672	0.00939	0.18549	0.23707	0.08371	0.01403	0.01394	0.01050	0.00636	0.00553	0.00160	0.03566	0.00464	0.00437	0.00762
76	0.01323	0.01217	0.02067	0.09345	0.69287	0.01232	0.01579	0.01636	0.01203	0.04542	0.01030	0.01335	0.00844	0.00482	0.00524	0.00159	0.00628	0.00473	0.00274	0.00820
77	0.01406	0.01331	0.01442	0.01233	0.01553	0.10666	0.08858	0.06588	0.53394	0.02083	0.01852	0.03172	0.01432	0.00691	0.00545	0.00175	0.00541	0.01776	0.00475	0.00788
78	0.01308	0.01337	0.04311	0.03062	0.67218	0.02715	0.08964	0.01640	0.01211	0.01714	0.00997	0.01308	0.00826	0.00471	0.00532	0.00159	0.00664	0.00481	0.00261	0.00819

[dist]
# distance from previous block
# <min> <max>
0	48

[block]
# block no. 4 follows, 46 sequences, length 14
# corresponding to MSA columns:
# 765-778
name=unknown_E
#
# <colnr> <probs for GDERKNQSTAVLIFYWHMCP>
#	G	D	E	R	K	N	Q	S	T	A	V	L	I	F	Y	W	H	M	C	P
0	0.00947	0.00616	0.00773	0.00742	0.00895	0.00584	0.00552	0.01258	0.08430	0.10476	0.37074	0.23212	0.10035	0.01167	0.00618	0.00181	0.00304	0.01027	0.00555	0.00554
1	0.01968	0.01460	0.01563	0.01208	0.01624	0.01620	0.00995	0.71977	0.06936	0.03265	0.01322	0.01311	0.00942	0.00640	0.00529	0.00160	0.00572	0.00483	0.00529	0.00895
2	0.01836	0.01313	0.01401	0.01094	0.01466	0.01445	0.00897	0.63613	0.02252	0.03101	0.01346	0.01388	0.00976	0.00631	0.00502	0.00153	0.00525	0.00479	0.14752	0.00830
3	0.00918	0.00459	0.00689	0.00689	0.00689	0.00459	0.00459	0.00689	0.00689	0.00918	0.00918	0.01607	0.00918	0.01837	0.02066	0.84619	0.00459	0.00459	0.00230	0.00230
4	0.01235	0.01486	0.07073	0.02160	0.02688	0.01341	0.69552	0.01677	0.01225	0.01677	0.01050	0.01400	0.00791	0.00466	0.00658	0.00180	0.03761	0.00606	0.00264	0.00712
5	0.00663	0.00524	0.00597	0.00606	0.00744	0.00458	0.00444	0.00822	0.01254	0.01609	0.25305	0.17547	0.44913	0.01320	0.00633	0.00181	0.00269	0.01136	0.00516	0.00458
6	0.01096	0.00940	0.01096	0.00783	0.01253	0.00705	0.00626	0.01331	0.01096	0.01723	0.00940	0.01096	0.00783	0.00392	0.00392	0.00078	0.00392	0.00313	0.00313	0.84653
7	0.02984	0.01252	0.01247	0.01031	0.01371	0.15061	0.03017	0.12495	0.06553	0.13960	0.04408	0.06041	0.03967	0.00708	0.00516	0.00149	0.00538	0.04920	0.00440	0.19342
8	0.01085	0.08338	0.73298	0.01464	0.02222	0.01289	0.01879	0.01668	0.01113	0.01644	0.00934	0.01097	0.00670	0.00499	0.00491	0.00164	0.00766	0.00383	0.00223	0.00774
9	0.00739	0.00537	0.00696	0.00663	0.00786	0.00494	0.00494	0.00977	0.01465	0.02061	0.71869	0.07065	0.07941	0.01114	0.00626	0.00169	0.00252	0.00984	0.00575	0.00494
10	0.03392	0.01037	0.03545	0.03593	0.08545	0.01002	0.00903	0.04992	0.21830	0.34208	0.01995	0.03416	0.03744	0.00695	0.00531	0.00169	0.00465	0.01855	0.03269	0.00814
11	0.01104	0.12492	0.69306	0.01432	0.02173	0.01334	0.01824	0.01663	0.01111	0.01621	0.00922	0.01083	0.00671	0.00496	0.00482	0.00161	0.00755	0.00377	0.00224	0.00769
12	0.00706	0.00519	0.00735	0.00795	0.00855	0.00490	0.03719	0.00806	0.01011	0.01340	0.02724	0.59862	0.05543	0.08543	0.00902	0.03332	0.00367	0.06863	0.00457	0.00430
13	0.05287	0.01065	0.03812	0.33029	0.24179	0.03584	0.01287	0.01428	0.01148	0.03908	0.04654	0.06712	0.03686	0.00668	0.00538	0.00173	0.00604	0.03277	0.00309	0.00652

[dist]
# distance from previous block
# <min> <max>
15	21

[block]
# block no. 5 follows, 46 sequences, length 6
# corresponding to MSA columns:
# 802-807
name=unknown_F
#
# <colnr> <probs for GDERKNQSTAVLIFYWHMCP>
#	G	D	E	R	K	N	Q	S	T	A	V	L	I	F	Y	W	H	M	C	P
0	0.00879	0.00823	0.06210	0.00890	0.01089	0.00705	0.04503	0.05515	0.07416	0.01691	0.12447	0.30717	0.12317	0.05427	0.00728	0.00206	0.00404	0.04580	0.00465	0.02989
1	0.11751	0.04337	0.05827	0.00988	0.01349	0.08045	0.00836	0.09922	0.20185	0.13135	0.04425	0.01812	0.07556	0.00673	0.00494	0.00158	0.00494	0.00524	0.00455	0.07035
2	0.01368	0.32977	0.35034	0.01249	0.01808	0.16276	0.01376	0.01722	0.01172	0.01438	0.00842	0.00983	0.00675	0.00491	0.00435	0.00141	0.00731	0.00340	0.00234	0.00710
3	0.01280	0.01271	0.02000	0.09805	0.57563	0.06536	0.05123	0.01578	0.01201	0.01638	0.01105	0.06436	0.00984	0.00556	0.00535	0.00162	0.00649	0.00536	0.00275	0.00767
4	0.55068	0.03598	0.10608	0.00853	0.01229	0.01177	0.00789	0.07646	0.01116	0.04821	0.04859	0.04252	0.00978	0.00584	0.00401	0.00164	0.00463	0.00405	0.00358	0.00630
5	0.01482	0.01301	0.08280	0.01046	0.01441	0.01208	0.00908	0.38138	0.06707	0.02530	0.08962	0.01825	0.05129	0.04444	0.00620	0.00166	0.00507	0.00542	0.00461	0.14304

[dist]
# distance from previous block
# <min> <max>
0	3

[block]
# block no. 6 follows, 46 sequences, length 16
# corresponding to MSA columns:
# 811-826
name=unknown_G
#
# <colnr> <probs for GDERKNQSTAVLIFYWHMCP>
#	G	D	E	R	K	N	Q	S	T	A	V	L	I	F	Y	W	H	M	C	P
0	0.01817	0.09206	0.04626	0.01203	0.01586	0.21644	0.01003	0.36708	0.09701	0.03953	0.01278	0.01300	0.02397	0.00612	0.00500	0.00152	0.00658	0.00446	0.00425	0.00785
1	0.00792	0.00518	0.00655	0.00713	0.00806	0.00471	0.00500	0.00906	0.01098	0.07523	0.05275	0.52989	0.17336	0.04754	0.00737	0.00215	0.00323	0.03422	0.00499	0.00469
2	0.01872	0.12804	0.01642	0.01143	0.01516	0.17169	0.00937	0.37612	0.05226	0.09648	0.01237	0.01318	0.00937	0.03897	0.00581	0.00164	0.00632	0.00444	0.00439	0.00784
3	0.01800	0.00937	0.01238	0.01185	0.10302	0.00896	0.00834	0.03624	0.14493	0.43058	0.04842	0.02159	0.07391	0.04010	0.00630	0.00181	0.00449	0.00605	0.00557	0.00809
4	0.01137	0.00964	0.01118	0.00803	0.01270	0.00747	0.00644	0.04719	0.01159	0.01795	0.00955	0.01104	0.00788	0.00402	0.00398	0.00082	0.00400	0.00321	0.00323	0.80871
5	0.02372	0.00900	0.01227	0.00941	0.01350	0.00777	0.00777	0.02576	0.01513	0.78489	0.02086	0.01799	0.01309	0.00654	0.00532	0.00164	0.00450	0.00532	0.00654	0.00900
6	0.01023	0.00604	0.00729	0.00663	0.00847	0.00534	0.00497	0.01188	0.01296	0.16767	0.25644	0.05705	0.30557	0.10568	0.00851	0.00212	0.00328	0.00922	0.00530	0.00536
7	0.01602	0.11228	0.04183	0.01422	0.01798	0.29074	0.18093	0.10308	0.05270	0.03830	0.01235	0.03421	0.03576	0.00596	0.00538	0.00155	0.02161	0.00493	0.00330	0.00689
8	0.01274	0.01381	0.10285	0.01099	0.01441	0.07673	0.00942	0.02422	0.54712	0.01998	0.02205	0.02084	0.08695	0.00737	0.00537	0.00174	0.00491	0.00601	0.00474	0.00775
9	0.85155	0.01022	0.00777	0.00695	0.01022	0.01186	0.00573	0.01554	0.00900	0.02372	0.00736	0.00859	0.00573	0.00491	0.00327	0.00164	0.00409	0.00286	0.00327	0.00573
10	0.77267	0.01011	0.00820	0.00719	0.01054	0.01147	0.00592	0.01651	0.00958	0.09625	0.00865	0.00948	0.00643	0.00506	0.00347	0.00164	0.00413	0.00310	0.00358	0.00604
11	0.01133	0.01024	0.01589	0.63348	0.03191	0.01272	0.01384	0.10179	0.01202	0.01577	0.00955	0.01369	0.00727	0.00579	0.00644	0.00179	0.08289	0.00470	0.00269	0.00623
12	0.01427	0.59553	0.14864	0.01038	0.01540	0.01899	0.01085	0.10406	0.01247	0.01559	0.00832	0.00941	0.00703	0.00482	0.00388	0.00127	0.00602	0.00323	0.00261	0.00721
13	0.02269	0.01064	0.01329	0.01019	0.01432	0.01021	0.00841	0.23446	0.01788	0.57232	0.01855	0.01649	0.01193	0.00649	0.00531	0.00162	0.00487	0.00516	0.00619	0.00900
14	0.01125	0.00835	0.01171	0.01048	0.01288	0.00838	0.09601	0.01660	0.19740	0.10385	0.05844	0.13740	0.10932	0.01065	0.00625	0.00197	0.00455	0.18321	0.00497	0.00633
15	0.06933	0.01035	0.01175	0.00924	0.01307	0.01006	0.00749	0.20147	0.07974	0.23710	0.01952	0.01865	0.10100	0.00670	0.00500	0.00148	0.00443	0.00531	0.00503	0.18327

[dist]
# distance from previous block
# <min> <max>
6	12

[block]
# block no. 7 follows, 46 sequences, length 17
# corresponding to MSA columns:
# 839-855
name=unknown_H
#
# <colnr> <probs for GDERKNQSTAVLIFYWHMCP>
#	G	D	E	R	K	N	Q	S	T	A	V	L	I	F	Y	W	H	M	C	P
0	0.02010	0.01481	0.01587	0.01216	0.01639	0.01639	0.01005	0.76360	0.02486	0.03332	0.01269	0.01269	0.00899	0.00635	0.00529	0.00159	0.00582	0.00476	0.00529	0.00899
1	0.02277	0.00921	0.01224	0.00953	0.01352	0.00825	0.00782	0.02597	0.08302	0.71644	0.02092	0.01815	0.01336	0.00660	0.00532	0.00165	0.00447	0.00538	0.00644	0.00894
2	0.00644	0.00460	0.00613	0.00736	0.00767	0.00429	0.00491	0.00736	0.01012	0.01350	0.02914	0.81076	0.03497	0.01656	0.00675	0.00215	0.00307	0.01503	0.00491	0.00429
3	0.01413	0.81739	0.02770	0.00905	0.01357	0.02092	0.00905	0.01583	0.01074	0.01244	0.00735	0.00848	0.00678	0.00452	0.00339	0.00113	0.00565	0.00283	0.00226	0.00678
4	0.00676	0.00483	0.00650	0.00772	0.00817	0.00457	0.00546	0.00791	0.01043	0.01385	0.02896	0.69682	0.03428	0.01627	0.00683	0.00219	0.00334	0.12586	0.00490	0.00438
5	0.00672	0.00537	0.00601	0.00585	0.00743	0.00466	0.00439	0.00850	0.01317	0.01693	0.33136	0.04651	0.49962	0.01240	0.00624	0.00174	0.00261	0.01055	0.00526	0.00466
6	0.01308	0.01256	0.02146	0.03245	0.78123	0.01256	0.01622	0.01622	0.01204	0.01727	0.00994	0.01308	0.00837	0.00471	0.00523	0.00157	0.00628	0.00471	0.00262	0.00837
7	0.01293	0.01240	0.02118	0.07104	0.74386	0.01252	0.01615	0.01609	0.01196	0.01708	0.00992	0.01313	0.00831	0.00474	0.00524	0.00158	0.00632	0.00471	0.00260	0.00825
8	0.01308	0.01256	0.02146	0.03245	0.78123	0.01256	0.01622	0.01622	0.01204	0.01727	0.00994	0.01308	0.00837	0.00471	0.00523	0.00157	0.00628	0.00471	0.00262	0.00837
9	0.00644	0.00460	0.00613	0.00736	0.00767	0.00429	0.00491	0.00736	0.01012	0.01350	0.02914	0.81076	0.03497	0.01656	0.00675	0.00215	0.00307	0.01503	0.00491	0.00429
10	0.01229	0.01356	0.02589	0.01935	0.02346	0.05524	0.54615	0.01597	0.01209	0.01611	0.01224	0.01921	0.01055	0.00628	0.00752	0.00190	0.09705	0.09557	0.00290	0.00665
11	0.01376	0.73337	0.10844	0.00969	0.01456	0.02000	0.01016	0.01593	0.01079	0.01290	0.00758	0.00877	0.00677	0.00458	0.00357	0.00119	0.00588	0.00294	0.00226	0.00689
12	0.01900	0.01194	0.01366	0.01054	0.01447	0.01228	0.00859	0.43028	0.01945	0.22228	0.01467	0.01524	0.01057	0.04851	0.03126	0.00191	0.00550	0.00490	0.00519	0.09974
13	0.79271	0.01010	0.00784	0.00703	0.01025	0.01165	0.00576	0.01572	0.03649	0.02334	0.00944	0.01043	0.03239	0.00528	0.00345	0.00165	0.00404	0.00326	0.00340	0.00578
14	0.06247	0.00911	0.01099	0.00937	0.01248	0.00913	0.00751	0.04277	0.21902	0.35789	0.08819	0.06845	0.01898	0.00806	0.00551	0.00176	0.00419	0.05058	0.00576	0.00777
15	0.01189	0.01007	0.01217	0.00888	0.01339	0.00835	0.03773	0.08659	0.03594	0.01875	0.01034	0.01215	0.00851	0.02541	0.00479	0.00105	0.00435	0.00363	0.00339	0.68263
16	0.04644	0.02695	0.01011	0.00836	0.01102	0.00845	0.00667	0.13092	0.06486	0.12824	0.23434	0.06876	0.11451	0.00918	0.00563	0.00166	0.00382	0.04585	0.00522	0.06901

[dist]
# distance from previous block
# <min> <max>
3	12

[block]
# block no. 8 follows, 46 sequences, length 9
# corresponding to MSA columns:
# 868-876
name=unknown_I
#
# <colnr> <probs for GDERKNQSTAVLIFYWHMCP>
#	G	D	E	R	K	N	Q	S	T	A	V	L	I	F	Y	W	H	M	C	P
0	0.04257	0.00930	0.01103	0.01001	0.04194	0.00941	0.00752	0.07684	0.22850	0.24242	0.04432	0.11035	0.10132	0.00850	0.00551	0.00172	0.00413	0.00714	0.00538	0.03209
1	0.12026	0.01093	0.01290	0.01052	0.01389	0.01159	0.05863	0.21212	0.18657	0.12202	0.10138	0.05802	0.01651	0.00719	0.00526	0.00167	0.00470	0.00597	0.00501	0.03486
2	0.01583	0.01246	0.01327	0.01087	0.01395	0.07231	0.02411	0.42255	0.01936	0.04352	0.12141	0.13071	0.01825	0.00832	0.00582	0.00166	0.02170	0.00679	0.00496	0.03216
3	0.01267	0.16539	0.39465	0.01203	0.01755	0.09980	0.01353	0.01648	0.01194	0.07433	0.01597	0.01656	0.11491	0.00626	0.00489	0.00155	0.00664	0.00477	0.00300	0.00706
4	0.01276	0.00855	0.01004	0.00896	0.01121	0.00881	0.00688	0.18228	0.12123	0.11560	0.17065	0.24935	0.05040	0.01051	0.00594	0.00180	0.00389	0.00908	0.00544	0.00663
5	0.01820	0.11195	0.01598	0.01271	0.01567	0.59782	0.00983	0.02149	0.12002	0.01416	0.00994	0.01084	0.00811	0.00558	0.00470	0.00140	0.00835	0.00370	0.00304	0.00651
6	0.56706	0.01110	0.00987	0.00841	0.01174	0.01259	0.00685	0.21964	0.01341	0.02566	0.01029	0.06384	0.00859	0.00609	0.00406	0.00166	0.00449	0.00420	0.00393	0.00652
7	0.10024	0.01333	0.01299	0.01046	0.01395	0.12070	0.02666	0.31598	0.01710	0.02365	0.07059	0.04340	0.01262	0.03847	0.00578	0.00159	0.00551	0.00498	0.00422	0.15778
8	0.01203	0.04210	0.04772	0.24537	0.34141	0.01112	0.01341	0.01495	0.01150	0.07456	0.01318	0.12472	0.01194	0.00667	0.00539	0.00170	0.00595	0.00609	0.00313	0.00705

[dist]
# distance from previous block
# <min> <max>
16	23

[block]
# block no. 9 follows, 46 sequences, length 23
# corresponding to MSA columns:
# 901-923
name=unknown_J
#
# <colnr> <probs for GDERKNQSTAVLIFYWHMCP>
#	G	D	E	R	K	N	Q	S	T	A	V	L	I	F	Y	W	H	M	C	P
0	0.05380	0.54007	0.06720	0.00988	0.01418	0.12066	0.00945	0.01730	0.01173	0.08103	0.02682	0.01034	0.00829	0.00502	0.00390	0.00127	0.00605	0.00334	0.00283	0.00686
1	0.54158	0.03917	0.02545	0.00823	0.01163	0.07629	0.00687	0.04865	0.01131	0.12887	0.02470	0.01117	0.00815	0.00539	0.00388	0.00158	0.00471	0.00355	0.03244	0.00639
2	0.01822	0.07251	0.02734	0.01220	0.01523	0.50640	0.00958	0.05433	0.03344	0.08948	0.04263	0.02657	0.01010	0.00603	0.00514	0.00143	0.02647	0.00417	0.00341	0.03532
3	0.00973	0.00710	0.02278	0.00879	0.01034	0.00679	0.00708	0.10430	0.01343	0.04800	0.10761	0.28082	0.06254	0.02915	0.00699	0.00214	0.00412	0.25789	0.00502	0.00538
4	0.01985	0.01469	0.01573	0.01211	0.01630	0.01628	0.00999	0.73762	0.05124	0.03292	0.01300	0.01294	0.00924	0.00638	0.00529	0.00159	0.00576	0.00480	0.00529	0.00897
5	0.03937	0.67361	0.12209	0.00985	0.01471	0.03902	0.01029	0.01607	0.01085	0.01333	0.00764	0.00885	0.00674	0.00462	0.00363	0.00122	0.00597	0.00298	0.00230	0.00686
6	0.01861	0.01550	0.07949	0.01226	0.01667	0.01573	0.01067	0.62811	0.09833	0.03082	0.01331	0.01327	0.00951	0.00632	0.00528	0.00161	0.00582	0.00481	0.00504	0.00883
7	0.01964	0.01458	0.01561	0.01207	0.01622	0.01618	0.00994	0.71491	0.07430	0.03258	0.01328	0.01316	0.00946	0.00640	0.00529	0.00160	0.00571	0.00484	0.00529	0.00895
8	0.02010	0.01481	0.01587	0.01216	0.01639	0.01639	0.01005	0.76360	0.02486	0.03332	0.01269	0.01269	0.00899	0.00635	0.00529	0.00159	0.00582	0.00476	0.00529	0.00899
9	0.01405	0.72165	0.09025	0.00972	0.01445	0.04957	0.00996	0.01611	0.01094	0.01281	0.00756	0.00874	0.00678	0.00460	0.00358	0.00118	0.00598	0.00294	0.00228	0.00684
10	0.02010	0.01481	0.01587	0.01216	0.01639	0.01639	0.01005	0.76360	0.02486	0.03332	0.01269	0.01269	0.00899	0.00635	0.00529	0.00159	0.00582	0.00476	0.00529	0.00899
11	0.01141	0.20719	0.61401	0.01370	0.02076	0.01424	0.01715	0.01653	0.01107	0.01576	0.00900	0.01055	0.00672	0.00491	0.00465	0.00155	0.00732	0.00366	0.00224	0.00758
12	0.01361	0.70047	0.14005	0.00994	0.01495	0.01964	0.01060	0.01596	0.01080	0.01307	0.00767	0.00888	0.00677	0.00460	0.00363	0.00121	0.00597	0.00299	0.00226	0.00694
13	0.03241	0.10954	0.45823	0.01220	0.01794	0.01179	0.01421	0.01684	0.05448	0.07439	0.13269	0.01628	0.01453	0.00611	0.00503	0.00161	0.00619	0.00488	0.00333	0.00732
14	0.01268	0.51447	0.29143	0.01106	0.01662	0.01736	0.01256	0.01595	0.01103	0.01424	0.03441	0.01047	0.00822	0.00491	0.00406	0.00134	0.00630	0.00343	0.00237	0.00708
15	0.06325	0.01321	0.01417	0.02651	0.01508	0.04654	0.00940	0.44903	0.06348	0.02611	0.01320	0.07883	0.01096	0.00735	0.00667	0.00170	0.10154	0.00544	0.00454	0.04297
16	0.67045	0.01115	0.07267	0.03478	0.01194	0.01122	0.00711	0.01503	0.00981	0.02254	0.08296	0.01201	0.01017	0.00551	0.00378	0.00165	0.00434	0.00367	0.00340	0.00583
17	0.01096	0.00940	0.01096	0.00783	0.01253	0.00705	0.00626	0.01331	0.01096	0.01723	0.00940	0.01096	0.00783	0.00392	0.00392	0.00078	0.00392	0.00313	0.00313	0.84653
18	0.01592	0.01273	0.01351	0.01132	0.01480	0.01444	0.00904	0.32095	0.47432	0.02658	0.01800	0.01692	0.01329	0.00684	0.00534	0.00171	0.00483	0.00549	0.00534	0.00862
19	0.01292	0.01322	0.04973	0.03013	0.69813	0.03581	0.01568	0.01604	0.01209	0.01700	0.01163	0.01442	0.03926	0.00509	0.00525	0.00158	0.00629	0.00490	0.00270	0.00813
20	0.01060	0.02735	0.78682	0.01507	0.02288	0.01228	0.01953	0.01674	0.01116	0.01674	0.00949	0.01116	0.00670	0.00502	0.00502	0.00167	0.00781	0.00391	0.00223	0.00781
21	0.01152	0.18204	0.50208	0.01479	0.02142	0.01400	0.13107	0.01644	0.01137	0.01602	0.02672	0.01175	0.00790	0.00497	0.00491	0.00158	0.00743	0.00418	0.00239	0.00744
22	0.02701	0.00597	0.00724	0.06572	0.07291	0.00616	0.00566	0.01248	0.01102	0.01873	0.01663	0.06943	0.01386	0.00662	0.00413	0.00137	0.00319	0.00550	0.64111	0.00526

[dist]
# distance from previous block
# <min> <max>
0	3

[block]
# block no. 10 follows, 46 sequences, length 29
# corresponding to MSA columns:
# 927-955
name=unknown_K
#
# <colnr> <probs for GDERKNQSTAVLIFYWHMCP>
#	G	D	E	R	K	N	Q	S	T	A	V	L	I	F	Y	W	H	M	C	P
0	0.00769	0.00513	0.00577	0.00577	0.00577	0.00513	0.00320	0.00769	0.00769	0.01025	0.01666	0.03460	0.01922	0.81421	0.02691	0.00513	0.00513	0.00769	0.00320	0.00320
1	0.01296	0.01243	0.02123	0.06419	0.75049	0.01253	0.01616	0.01611	0.01198	0.01712	0.00992	0.01313	0.00832	0.00473	0.00524	0.00158	0.00631	0.00471	0.00261	0.00827
2	0.01128	0.08975	0.68528	0.01493	0.04321	0.01287	0.01831	0.01688	0.01125	0.03548	0.00961	0.01117	0.00691	0.00501	0.00491	0.00163	0.00751	0.00388	0.00235	0.00778
3	0.00852	0.00608	0.00852	0.00974	0.01095	0.00608	0.00852	0.01095	0.01217	0.01582	0.02799	0.05963	0.03042	0.01460	0.00730	0.00243	0.00487	0.74565	0.00487	0.00487
4	0.00644	0.00460	0.00613	0.00736	0.00767	0.00429	0.00491	0.00736	0.01012	0.01350	0.02914	0.81076	0.03497	0.01656	0.00675	0.00215	0.00307	0.01503	0.00491	0.00429
5	0.01308	0.01256	0.02146	0.03245	0.78123	0.01256	0.01622	0.01622	0.01204	0.01727	0.00994	0.01308	0.00837	0.00471	0.00523	0.00157	0.00628	0.00471	0.00262	0.00837
6	0.01060	0.02735	0.78682	0.01507	0.02288	0.01228	0.01953	0.01674	0.01116	0.01674	0.00949	0.01116	0.00670	0.00502	0.00502	0.00167	0.00781	0.00391	0.00223	0.00781
7	0.01033	0.00975	0.01648	0.71641	0.11882	0.01184	0.01485	0.01381	0.01073	0.01392	0.00946	0.01398	0.00719	0.00522	0.00528	0.00174	0.00696	0.00470	0.00238	0.00615
8	0.78104	0.05133	0.00905	0.03333	0.01126	0.01232	0.00619	0.01549	0.00914	0.02281	0.00743	0.00876	0.00582	0.00490	0.00334	0.00161	0.00427	0.00292	0.00319	0.00578
9	0.00721	0.00539	0.00669	0.00637	0.00773	0.00487	0.00478	0.00945	0.01433	0.01969	0.62011	0.04198	0.20915	0.01137	0.00624	0.00169	0.00253	0.00991	0.00562	0.00487
10	0.02314	0.00885	0.01206	0.00934	0.01330	0.00765	0.00767	0.02515	0.01496	0.75923	0.02113	0.04437	0.01381	0.00688	0.00536	0.00165	0.00445	0.00564	0.00649	0.00884
11	0.01096	0.00940	0.01096	0.00783	0.01253	0.00705	0.00626	0.01331	0.01096	0.01723	0.00940	0.01096	0.00783	0.00392	0.00392	0.00078	0.00392	0.00313	0.00313	0.84653
12	0.00769	0.00513	0.00577	0.00577	0.00577	0.00513	0.00320	0.00769	0.00769	0.01025	0.01666	0.03460	0.01922	0.81421	0.02691	0.00513	0.00513	0.00769	0.00320	0.00320
13	0.02010	0.01481	0.01587	0.01216	0.01639	0.01639	0.01005	0.76360	0.02486	0.03332	0.01269	0.01269	0.00899	0.00635	0.00529	0.00159	0.00582	0.00476	0.00529	0.00899
14	0.01308	0.01256	0.02146	0.03245	0.78123	0.01256	0.01622	0.01622	0.01204	0.01727	0.00994	0.01308	0.00837	0.00471	0.00523	0.00157	0.00628	0.00471	0.00262	0.00837
15	0.00918	0.00459	0.00689	0.00689	0.00689	0.00459	0.00459	0.00689	0.00689	0.00918	0.00918	0.01607	0.00918	0.01837	0.02066	0.84619	0.00459	0.00459	0.00230	0.00230
16	0.01098	0.11270	0.70480	0.01442	0.02187	0.01321	0.01840	0.01664	0.01112	0.01628	0.00926	0.01087	0.00671	0.00497	0.00485	0.00162	0.00758	0.00379	0.00224	0.00770
17	0.01298	0.01246	0.02127	0.05803	0.75645	0.01253	0.01617	0.01613	0.01199	0.01715	0.00993	0.01312	0.00833	0.00473	0.00524	0.00158	0.00631	0.00471	0.00261	0.00829
18	0.01048	0.02649	0.75655	0.01474	0.02230	0.01199	0.01897	0.01648	0.01131	0.01692	0.03934	0.01226	0.00837	0.00525	0.00507	0.00167	0.00761	0.00413	0.00237	0.00770
19	0.00644	0.00460	0.00613	0.00736	0.00767	0.00429	0.00491	0.00736	0.01012	0.01350	0.02914	0.81076	0.03497	0.01656	0.00675	0.00215	0.00307	0.01503	0.00491	0.00429
20	0.01096	0.00940	0.01096	0.00783	0.01253	0.00705	0.00626	0.01331	0.01096	0.01723	0.00940	0.01096	0.00783	0.00392	0.00392	0.00078	0.00392	0.00313	0.00313	0.84653
21	0.01293	0.01240	0.02117	0.07164	0.74327	0.01252	0.01615	0.01609	0.01196	0.01708	0.00992	0.01314	0.00831	0.00474	0.00524	0.00158	0.00632	0.00471	0.00260	0.00825
22	0.00632	0.00532	0.00539	0.00543	0.00710	0.00449	0.00401	0.00759	0.01181	0.01408	0.05126	0.07116	0.72526	0.04853	0.00717	0.00194	0.00280	0.01111	0.00483	0.00440
23	0.00717	0.00534	0.00666	0.00643	0.00773	0.00484	0.00479	0.00933	0.01408	0.01933	0.58607	0.08937	0.19597	0.01168	0.00627	0.00172	0.00257	0.01022	0.00558	0.00484
24	0.00769	0.00513	0.00577	0.00577	0.00577	0.00513	0.00320	0.00769	0.00769	0.01025	0.01666	0.03460	0.01922	0.81421	0.02691	0.00513	0.00513	0.00769	0.00320	0.00320
25	0.01413	0.81739	0.02770	0.00905	0.01357	0.02092	0.00905	0.01583	0.01074	0.01244	0.00735	0.00848	0.00678	0.00452	0.00339	0.00113	0.00565	0.00283	0.00226	0.00678
26	0.01168	0.00967	0.01161	0.00840	0.01297	0.00765	0.02395	0.05429	0.01197	0.03598	0.03375	0.01218	0.00932	0.00433	0.00415	0.00090	0.00410	0.00354	0.00340	0.73615
27	0.00998	0.00940	0.01586	0.80150	0.03641	0.01175	0.01468	0.01351	0.01057	0.01351	0.00940	0.01409	0.00705	0.00529	0.00529	0.00176	0.00705	0.00470	0.00235	0.00587
28	0.00769	0.00513	0.00577	0.00577	0.00577	0.00513	0.00320	0.00769	0.00769	0.01025	0.01666	0.03460	0.01922	0.81421	0.02691	0.00513	0.00513	0.00769	0.00320	0.00320

[dist]
# distance from previous block
# <min> <max>
0	19

[block]
# block no. 11 follows, 46 sequences, length 7
# corresponding to MSA columns:
# 975-981
name=unknown_L
#
# <colnr> <probs for GDERKNQSTAVLIFYWHMCP>
#	G	D	E	R	K	N	Q	S	T	A	V	L	I	F	Y	W	H	M	C	P
0	0.01304	0.01270	0.02223	0.03164	0.72111	0.01263	0.07573	0.01628	0.01207	0.01724	0.01000	0.01318	0.00835	0.00469	0.00531	0.00159	0.00649	0.00483	0.00262	0.00827
1	0.02234	0.00865	0.01178	0.00924	0.01303	0.00749	0.00754	0.02430	0.01473	0.72335	0.02152	0.08125	0.01483	0.00734	0.00543	0.00168	0.00438	0.00609	0.00641	0.00862
2	0.00644	0.00536	0.00562	0.00556	0.00726	0.00455	0.00417	0.00796	0.01251	0.01537	0.16717	0.04909	0.66480	0.01298	0.00625	0.00177	0.00265	0.01091	0.00505	0.00455
3	0.01248	0.01017	0.01295	0.00935	0.01403	0.00831	0.06374	0.07399	0.01240	0.05905	0.01036	0.01172	0.00821	0.00429	0.00427	0.00097	0.00447	0.00361	0.00345	0.67216
4	0.13405	0.01477	0.01442	0.01147	0.01536	0.07739	0.00935	0.55192	0.07223	0.02962	0.01219	0.01235	0.00885	0.00613	0.00498	0.00159	0.00577	0.00447	0.00481	0.00827
5	0.00981	0.00911	0.01410	0.01221	0.01316	0.01151	0.08159	0.01162	0.00870	0.01292	0.01062	0.01606	0.00993	0.02278	0.37329	0.00511	0.36422	0.00526	0.00259	0.00542
