[name]
unknown

[dist]
# distance from previous block
# <min> <max>
6	37

[block]
# block no. 0 follows, 48 sequences, length 38
# corresponding to MSA columns:
# 39-76
name=unknown_A
#
# <colnr> <probs for GDERKNQSTAVLIFYWHMCP>
#	G	D	E	R	K	N	Q	S	T	A	V	L	I	F	Y	W	H	M	C	P
0	0.01236	0.01071	0.01675	0.41083	0.26256	0.01196	0.01362	0.10395	0.02910	0.04613	0.01033	0.01341	0.00789	0.00514	0.00509	0.00161	0.00625	0.00459	0.00293	0.02477
1	0.17379	0.01250	0.10190	0.01531	0.20220	0.04378	0.04775	0.01683	0.06508	0.11646	0.02787	0.03218	0.01062	0.06650	0.00656	0.00184	0.02098	0.00481	0.00346	0.02958
2	0.01249	0.00844	0.00937	0.00885	0.02598	0.06351	0.00647	0.08159	0.06210	0.15723	0.10189	0.15995	0.02211	0.18228	0.01008	0.00245	0.00456	0.07023	0.00466	0.00576
3	0.06157	0.00966	0.01495	0.40847	0.18215	0.01074	0.01225	0.03934	0.01151	0.13143	0.02415	0.01498	0.00918	0.04137	0.00596	0.00178	0.00596	0.00476	0.00318	0.00661
4	0.01172	0.01088	0.01814	0.11943	0.58915	0.01104	0.01401	0.01456	0.01149	0.02991	0.01394	0.05105	0.07053	0.00584	0.00523	0.00159	0.00574	0.00551	0.00285	0.00738
5	0.04981	0.01352	0.04146	0.02071	0.08035	0.01268	0.61108	0.01705	0.04711	0.03780	0.01091	0.01380	0.00818	0.00455	0.00577	0.00170	0.00791	0.00572	0.00283	0.00706
6	0.01242	0.01180	0.01628	0.14472	0.18162	0.07241	0.10016	0.09461	0.12248	0.01778	0.03642	0.01959	0.07163	0.00665	0.00572	0.00168	0.02718	0.04649	0.00353	0.00685
7	0.01005	0.00981	0.03589	0.64322	0.13994	0.01122	0.01417	0.01330	0.01038	0.01360	0.00954	0.02805	0.00755	0.00555	0.00551	0.02253	0.00663	0.00472	0.00236	0.00598
8	0.00851	0.00723	0.02849	0.00831	0.00941	0.05935	0.02238	0.03018	0.02249	0.03729	0.07691	0.55433	0.02956	0.03747	0.00684	0.00204	0.00388	0.04596	0.00458	0.00479
9	0.01611	0.06955	0.05222	0.09127	0.07782	0.11476	0.04616	0.33703	0.04378	0.04515	0.01191	0.02979	0.00936	0.00601	0.00506	0.00155	0.00631	0.02472	0.00390	0.00753
10	0.01048	0.06970	0.75155	0.01431	0.02172	0.01237	0.01841	0.01620	0.01081	0.01602	0.00910	0.01069	0.00650	0.00485	0.00479	0.00160	0.00747	0.00373	0.00217	0.00753
11	0.03715	0.04497	0.05357	0.00927	0.01205	0.01899	0.06924	0.04256	0.04863	0.18032	0.30139	0.07483	0.04685	0.02974	0.00606	0.00172	0.00419	0.00729	0.00491	0.00628
12	0.01180	0.20194	0.36790	0.03993	0.02095	0.04223	0.17697	0.01596	0.01099	0.01494	0.00883	0.01095	0.00682	0.00486	0.00533	0.00155	0.04469	0.00408	0.00229	0.00701
13	0.01029	0.02654	0.79309	0.01462	0.02221	0.01192	0.01896	0.01625	0.01083	0.01625	0.00921	0.01083	0.00650	0.00487	0.00487	0.00162	0.00758	0.00379	0.00217	0.00758
14	0.00613	0.00520	0.00529	0.00526	0.00697	0.00436	0.00395	0.00749	0.01185	0.01422	0.09091	0.04879	0.74643	0.01286	0.00606	0.00173	0.00259	0.01075	0.00481	0.00436
15	0.01291	0.01796	0.30294	0.10732	0.10626	0.08737	0.08874	0.06962	0.02685	0.06652	0.01164	0.01338	0.02607	0.00531	0.00505	0.00159	0.00690	0.00453	0.03185	0.00720
16	0.00793	0.00544	0.00697	0.00752	0.00825	0.00533	0.00523	0.04239	0.02688	0.04986	0.04645	0.63861	0.04553	0.05084	0.00748	0.00214	0.02094	0.01277	0.00476	0.00467
17	0.00625	0.00447	0.00595	0.00714	0.00744	0.00417	0.00476	0.00714	0.00982	0.01310	0.02828	0.81633	0.03394	0.01608	0.00655	0.00208	0.00298	0.01459	0.00476	0.00417
18	0.01367	0.15140	0.37480	0.01383	0.05146	0.24595	0.01407	0.01780	0.04429	0.01474	0.00901	0.01038	0.00700	0.00499	0.00457	0.00145	0.00753	0.00360	0.00246	0.00699
19	0.01631	0.03271	0.22353	0.01394	0.05603	0.01274	0.09225	0.27296	0.03756	0.17161	0.01282	0.01320	0.00892	0.00557	0.00513	0.00159	0.00621	0.00465	0.00413	0.00814
20	0.00898	0.00488	0.00747	0.07885	0.00927	0.00508	0.00534	0.00726	0.00701	0.00929	0.00893	0.01542	0.00873	0.01668	0.01871	0.77419	0.00467	0.00447	0.00223	0.00254
21	0.00606	0.00520	0.00520	0.00520	0.00693	0.00433	0.00390	0.00736	0.01170	0.01386	0.05198	0.04938	0.78558	0.01299	0.00606	0.00173	0.00260	0.01083	0.00476	0.00433
22	0.01285	0.17785	0.43928	0.01427	0.06012	0.03045	0.07343	0.01714	0.01141	0.10223	0.01013	0.01137	0.00740	0.00490	0.00470	0.00151	0.00686	0.00395	0.00270	0.00746
23	0.01909	0.01082	0.01265	0.00991	0.01339	0.01111	0.00801	0.37166	0.01811	0.31945	0.01587	0.01687	0.01149	0.09403	0.02686	0.00208	0.00523	0.00515	0.02027	0.00796
24	0.44921	0.01097	0.01601	0.03874	0.01684	0.01152	0.27750	0.01538	0.01038	0.03673	0.02339	0.01386	0.00859	0.00526	0.00457	0.00168	0.00575	0.04443	0.00314	0.00606
25	0.01343	0.01170	0.01966	0.02798	0.65914	0.01148	0.03397	0.01636	0.01193	0.08651	0.01139	0.01377	0.02279	0.00486	0.00509	0.00151	0.00587	0.00473	0.00294	0.03492
26	0.01064	0.00912	0.01064	0.00760	0.01216	0.00684	0.00608	0.01292	0.01064	0.01672	0.00912	0.01064	0.00760	0.00380	0.00380	0.00076	0.00380	0.00304	0.00304	0.85104
27	0.01295	0.40432	0.20138	0.02867	0.01577	0.01467	0.04556	0.01572	0.01099	0.09797	0.01154	0.09817	0.01027	0.00600	0.00439	0.00142	0.00576	0.00473	0.00294	0.00678
28	0.01617	0.01201	0.01343	0.05802	0.01541	0.01255	0.00867	0.47899	0.01899	0.04008	0.01186	0.01262	0.00876	0.00554	0.00471	0.00134	0.00502	0.00427	0.06840	0.20315
29	0.82696	0.00990	0.00781	0.03415	0.01079	0.01151	0.00585	0.01502	0.00878	0.02268	0.00721	0.00852	0.00560	0.00478	0.00324	0.00159	0.00407	0.00284	0.00314	0.00556
30	0.01596	0.01240	0.01324	0.01089	0.01425	0.01392	0.00870	0.41766	0.33322	0.02654	0.01630	0.03090	0.01248	0.04209	0.00611	0.00178	0.00492	0.00541	0.00507	0.00815
31	0.01793	0.02222	0.01540	0.04799	0.11812	0.66352	0.01086	0.01956	0.01399	0.01313	0.00821	0.00989	0.00682	0.00519	0.00471	0.00136	0.00874	0.00352	0.00262	0.00622
32	0.01077	0.00924	0.01070	0.00777	0.01223	0.00720	0.00621	0.01380	0.05785	0.01701	0.00984	0.01116	0.00810	0.00399	0.00389	0.00082	0.00382	0.00321	0.00317	0.79921
33	0.00728	0.00546	0.00707	0.00753	0.00869	0.00486	0.00546	0.00861	0.01023	0.01403	0.02483	0.57501	0.02880	0.01370	0.00615	0.00189	0.00336	0.11246	0.00446	0.15010
34	0.01875	0.01222	0.01381	0.01049	0.01464	0.01250	0.00863	0.47555	0.01972	0.19711	0.01352	0.01317	0.00941	0.00580	0.00491	0.00142	0.00505	0.00447	0.00504	0.15380
35	0.00741	0.00535	0.00663	0.02262	0.00827	0.00484	0.00478	0.00851	0.01019	0.03505	0.06082	0.43169	0.14466	0.13239	0.00901	0.00229	0.00338	0.01114	0.00438	0.08658
36	0.06048	0.07835	0.05017	0.03360	0.04395	0.01192	0.00876	0.22331	0.09562	0.05580	0.01149	0.01215	0.00874	0.00511	0.00444	0.00128	0.00486	0.00396	0.00385	0.28217
37	0.01064	0.01052	0.06682	0.01080	0.08135	0.00812	0.03399	0.02998	0.03246	0.01686	0.02731	0.05042	0.04426	0.00529	0.00463	0.00111	0.01823	0.00446	0.00322	0.53952

[dist]
# distance from previous block
# <min> <max>
8	26

[block]
# block no. 1 follows, 48 sequences, length 27
# corresponding to MSA columns:
# 103-129
name=unknown_B
#
# <colnr> <probs for GDERKNQSTAVLIFYWHMCP>
#	G	D	E	R	K	N	Q	S	T	A	V	L	I	F	Y	W	H	M	C	P
0	0.35088	0.17224	0.01294	0.00852	0.01168	0.10590	0.00710	0.03528	0.08122	0.06776	0.06336	0.04159	0.01130	0.00589	0.00405	0.00149	0.00483	0.00418	0.00358	0.00622
1	0.05052	0.03232	0.10975	0.01083	0.03133	0.01195	0.00937	0.25755	0.18998	0.05589	0.12568	0.04735	0.03077	0.00716	0.00519	0.00162	0.00479	0.00582	0.00467	0.00744
2	0.00817	0.00596	0.00736	0.00711	0.00744	0.00655	0.00477	0.03871	0.00848	0.01163	0.01577	0.09312	0.01752	0.52500	0.14327	0.00486	0.07986	0.00736	0.00319	0.00388
3	0.03666	0.01338	0.01536	0.01237	0.04822	0.01429	0.03984	0.57399	0.04034	0.04789	0.01209	0.01243	0.00875	0.00576	0.00499	0.00147	0.00548	0.00451	0.00469	0.09749
4	0.01064	0.03132	0.11211	0.39302	0.04646	0.01068	0.04342	0.04131	0.01106	0.01542	0.00941	0.01247	0.00724	0.00475	0.00473	0.00143	0.00607	0.00411	0.01821	0.21614
5	0.00733	0.00550	0.00825	0.00825	0.00916	0.00641	0.00641	0.00916	0.00825	0.01191	0.01374	0.02016	0.01283	0.03848	0.79934	0.00825	0.01374	0.00550	0.00275	0.00458
6	0.15579	0.00899	0.01099	0.00871	0.01238	0.00847	0.00715	0.04086	0.04808	0.57613	0.03967	0.01723	0.02975	0.00638	0.00489	0.00160	0.00423	0.00503	0.00570	0.00799
7	0.73188	0.00975	0.00819	0.00710	0.01040	0.01092	0.00585	0.01656	0.00962	0.13743	0.00910	0.00969	0.00662	0.00500	0.00347	0.00159	0.00403	0.00313	0.00365	0.00603
8	0.01416	0.00724	0.00846	0.00716	0.00950	0.00708	0.00568	0.12196	0.01423	0.22401	0.13013	0.02056	0.01760	0.00677	0.00458	0.00141	0.00337	0.00552	0.38420	0.00638
9	0.01274	0.11171	0.05647	0.16169	0.17598	0.01289	0.01138	0.05130	0.25098	0.05369	0.04058	0.01535	0.01162	0.00577	0.00494	0.00159	0.00537	0.00488	0.00366	0.00740
10	0.01006	0.04337	0.01548	0.43104	0.21608	0.01068	0.01254	0.01286	0.01062	0.01412	0.04249	0.09510	0.01207	0.04488	0.00621	0.00183	0.00595	0.00581	0.00276	0.00603
11	0.00746	0.00497	0.00560	0.00560	0.00560	0.00497	0.00311	0.00746	0.00746	0.00995	0.01617	0.03358	0.01865	0.81967	0.02612	0.00497	0.00497	0.00746	0.00311	0.00311
12	0.03383	0.32765	0.07744	0.07060	0.02768	0.05106	0.02833	0.11111	0.01275	0.09258	0.03834	0.01250	0.00946	0.00760	0.05891	0.00186	0.02423	0.00404	0.00320	0.00683
13	0.01195	0.01723	0.25551	0.03890	0.02483	0.01244	0.48034	0.01658	0.01171	0.04888	0.01035	0.01305	0.00757	0.00468	0.00585	0.00170	0.02340	0.00528	0.00261	0.00714
14	0.00640	0.00457	0.00609	0.00719	0.00752	0.00434	0.00486	0.00733	0.00972	0.01299	0.02720	0.73152	0.03238	0.05117	0.03631	0.00244	0.00351	0.03570	0.00462	0.00415
15	0.01064	0.00912	0.01064	0.00760	0.01216	0.00684	0.00608	0.01292	0.01064	0.01672	0.00912	0.01064	0.00760	0.00380	0.00380	0.00076	0.00380	0.00304	0.00304	0.85104
16	0.00636	0.00486	0.00585	0.00642	0.00737	0.00436	0.00456	0.00762	0.01111	0.01432	0.12578	0.42613	0.30737	0.01425	0.00633	0.00191	0.00282	0.03338	0.00487	0.00432
17	0.01951	0.01437	0.01540	0.01181	0.01591	0.01591	0.00975	0.77056	0.02412	0.03234	0.01232	0.01232	0.00873	0.00616	0.00513	0.00154	0.00565	0.00462	0.00513	0.00873
18	0.01265	0.10966	0.02311	0.13198	0.32969	0.03260	0.22661	0.04316	0.01198	0.01607	0.00954	0.01252	0.00765	0.00463	0.00514	0.00155	0.00691	0.00474	0.00258	0.00724
19	0.01265	0.01263	0.01916	0.18894	0.56615	0.08064	0.01493	0.01562	0.01164	0.01565	0.00939	0.01260	0.00773	0.00475	0.00505	0.00154	0.00652	0.00446	0.00250	0.00744
20	0.01322	0.01092	0.01162	0.01038	0.01333	0.01253	0.00810	0.02716	0.74420	0.05593	0.02086	0.01907	0.01553	0.00693	0.00522	0.00173	0.00407	0.00577	0.00527	0.00815
21	0.01224	0.01184	0.02052	0.04713	0.67759	0.01180	0.06570	0.01528	0.01163	0.01648	0.01129	0.03634	0.02862	0.00511	0.00521	0.00156	0.00611	0.00511	0.00266	0.00778
22	0.01361	0.57910	0.04371	0.10610	0.04762	0.07164	0.02582	0.03624	0.01116	0.01317	0.00779	0.00943	0.00676	0.00461	0.00382	0.00124	0.00605	0.00322	0.00234	0.00659
23	0.69606	0.00969	0.00838	0.00720	0.01053	0.01075	0.00594	0.01699	0.00987	0.17046	0.00966	0.01009	0.00693	0.00507	0.00356	0.00159	0.00405	0.00324	0.00378	0.00617
24	0.00625	0.00447	0.00595	0.00714	0.00744	0.00417	0.00476	0.00714	0.00982	0.01310	0.02828	0.81633	0.03394	0.01608	0.00655	0.00208	0.00298	0.01459	0.00476	0.00417
25	0.02985	0.01124	0.06893	0.34375	0.23543	0.01120	0.01327	0.02878	0.06531	0.10260	0.01249	0.01484	0.02915	0.00544	0.00509	0.00164	0.00602	0.00480	0.00314	0.00702
26	0.03254	0.11446	0.23755	0.04360	0.22423	0.03576	0.09808	0.03055	0.01164	0.05944	0.01011	0.02512	0.00797	0.00494	0.00483	0.00151	0.00653	0.00435	0.00273	0.04406

[dist]
# distance from previous block
# <min> <max>
0	1

[block]
# block no. 2 follows, 48 sequences, length 90
# corresponding to MSA columns:
# 131-220
name=unknown_C
#
# <colnr> <probs for GDERKNQSTAVLIFYWHMCP>
#	G	D	E	R	K	N	Q	S	T	A	V	L	I	F	Y	W	H	M	C	P
0	0.23903	0.02725	0.05008	0.06131	0.49502	0.01211	0.01294	0.01546	0.01076	0.01816	0.00889	0.01141	0.00728	0.00466	0.00453	0.00155	0.00561	0.00402	0.00268	0.00727
1	0.00739	0.00526	0.00706	0.00706	0.00757	0.00577	0.00494	0.00840	0.00790	0.01103	0.01483	0.02616	0.01543	0.38782	0.45356	0.00678	0.00982	0.00638	0.00291	0.00392
2	0.01010	0.00840	0.01114	0.01288	0.16925	0.00868	0.00818	0.03976	0.20391	0.01953	0.30896	0.06242	0.06002	0.00879	0.00569	0.00169	0.00384	0.04561	0.00477	0.00640
3	0.01214	0.11863	0.27736	0.01407	0.09175	0.04513	0.03351	0.06150	0.14046	0.01752	0.07240	0.01439	0.01171	0.00594	0.00570	0.00160	0.06110	0.00465	0.00320	0.00723
4	0.00849	0.00616	0.00843	0.00950	0.01077	0.00625	0.00826	0.01146	0.04998	0.01566	0.02685	0.05595	0.02884	0.01382	0.00699	0.00233	0.00469	0.71592	0.00475	0.00489
5	0.01486	0.01201	0.01275	0.01081	0.01407	0.01364	0.00859	0.27050	0.51614	0.02501	0.03316	0.01729	0.01404	0.00677	0.00521	0.00167	0.00455	0.00548	0.00520	0.00825
6	0.01340	0.50122	0.26501	0.01072	0.01605	0.03342	0.01190	0.01641	0.01093	0.06672	0.00870	0.00970	0.00698	0.00469	0.00394	0.00130	0.00615	0.00325	0.00248	0.00703
7	0.00618	0.00520	0.00536	0.00532	0.00700	0.00438	0.00399	0.00759	0.01197	0.01450	0.12198	0.04833	0.71519	0.01276	0.00606	0.00172	0.00258	0.01068	0.00485	0.00438
8	0.01211	0.01384	0.03028	0.02163	0.02682	0.01298	0.76903	0.01644	0.01211	0.01644	0.01038	0.01384	0.00779	0.00433	0.00606	0.00173	0.00865	0.00606	0.00260	0.00692
9	0.01015	0.00936	0.01540	0.71361	0.07051	0.01142	0.01386	0.04322	0.01101	0.01428	0.03272	0.01432	0.00823	0.00531	0.00516	0.00169	0.00662	0.00471	0.00251	0.00591
10	0.02263	0.00865	0.01178	0.00906	0.01296	0.00747	0.00747	0.02462	0.01468	0.77202	0.03929	0.01798	0.01359	0.00645	0.00518	0.00159	0.00432	0.00526	0.00633	0.00864
11	0.02052	0.01218	0.01393	0.01071	0.01470	0.01272	0.00884	0.49158	0.02051	0.29872	0.01520	0.01428	0.01022	0.00622	0.00511	0.00155	0.00512	0.00481	0.02443	0.00864
12	0.00623	0.00456	0.00586	0.00689	0.00738	0.00419	0.00465	0.00717	0.01007	0.01320	0.03137	0.71631	0.13196	0.01567	0.00649	0.00204	0.00293	0.01410	0.00476	0.00419
13	0.01064	0.00912	0.01064	0.00760	0.01216	0.00684	0.00608	0.01292	0.01064	0.01672	0.00912	0.01064	0.00760	0.00380	0.00380	0.00076	0.00380	0.00304	0.00304	0.85104
14	0.01123	0.01123	0.01572	0.01347	0.01347	0.01572	0.01123	0.01235	0.00786	0.01235	0.00674	0.01123	0.00674	0.00898	0.01684	0.00225	0.81028	0.00449	0.00225	0.00561
15	0.02114	0.01136	0.01349	0.01038	0.01438	0.01149	0.00856	0.36394	0.04009	0.42501	0.01666	0.01517	0.01098	0.00628	0.00515	0.00157	0.00494	0.00493	0.00577	0.00871
16	0.00625	0.00447	0.00595	0.00714	0.00744	0.00417	0.00476	0.00714	0.00982	0.01310	0.02828	0.81633	0.03394	0.01608	0.00655	0.00208	0.00298	0.01459	0.00476	0.00417
17	0.01021	0.00522	0.00532	0.00513	0.00649	0.00525	0.00390	0.04033	0.01134	0.03573	0.01665	0.01884	0.01298	0.00599	0.00368	0.00122	0.00255	0.00478	0.79937	0.00501
18	0.82248	0.01058	0.03861	0.00706	0.01041	0.01153	0.00609	0.01513	0.00882	0.02275	0.00723	0.00843	0.00559	0.00477	0.00324	0.00159	0.00411	0.00282	0.00314	0.00564
19	0.00979	0.00926	0.01541	0.75309	0.03385	0.01169	0.01404	0.01306	0.01010	0.01306	0.00896	0.01351	0.00683	0.00539	0.00593	0.00175	0.06175	0.00456	0.00228	0.00569
20	0.01372	0.82276	0.02689	0.00878	0.01317	0.02030	0.00878	0.01536	0.01043	0.01207	0.00713	0.00823	0.00658	0.00439	0.00329	0.00110	0.00549	0.00274	0.00219	0.00658
21	0.00649	0.00521	0.00579	0.00565	0.00719	0.00451	0.00423	0.00819	0.01270	0.01625	0.31326	0.04544	0.52281	0.01210	0.00606	0.00169	0.00254	0.01028	0.00508	0.00451
22	0.00625	0.00447	0.00595	0.00714	0.00744	0.00417	0.00476	0.00714	0.00982	0.01310	0.02828	0.81633	0.03394	0.01608	0.00655	0.00208	0.00298	0.01459	0.00476	0.00417
23	0.85592	0.00992	0.00754	0.00675	0.00992	0.01151	0.00556	0.01508	0.00873	0.02302	0.00714	0.00834	0.00556	0.00476	0.00318	0.00159	0.00397	0.00278	0.00318	0.00556
24	0.02302	0.00873	0.01191	0.00913	0.01310	0.00754	0.00754	0.02501	0.01469	0.79122	0.02024	0.01746	0.01270	0.00635	0.00516	0.00159	0.00437	0.00516	0.00635	0.00873
25	0.02302	0.00873	0.01191	0.00913	0.01310	0.00754	0.00754	0.02501	0.01469	0.79122	0.02024	0.01746	0.01270	0.00635	0.00516	0.00159	0.00437	0.00516	0.00635	0.00873
26	0.01238	0.01193	0.02055	0.10829	0.69213	0.01213	0.03620	0.01550	0.01155	0.01639	0.00962	0.01283	0.00799	0.00462	0.00511	0.00155	0.00624	0.00461	0.00252	0.00785
27	0.01276	0.01102	0.01160	0.01044	0.01334	0.01276	0.00812	0.02727	0.77840	0.02146	0.02088	0.01914	0.01566	0.00696	0.00522	0.00174	0.00406	0.00580	0.00522	0.00812
28	0.85592	0.00992	0.00754	0.00675	0.00992	0.01151	0.00556	0.01508	0.00873	0.02302	0.00714	0.00834	0.00556	0.00476	0.00318	0.00159	0.00397	0.00278	0.00318	0.00556
29	0.01951	0.01437	0.01540	0.01181	0.01591	0.01591	0.00975	0.77056	0.02412	0.03234	0.01232	0.01232	0.00873	0.00616	0.00513	0.00154	0.00565	0.00462	0.00513	0.00873
30	0.85592	0.00992	0.00754	0.00675	0.00992	0.01151	0.00556	0.01508	0.00873	0.02302	0.00714	0.00834	0.00556	0.00476	0.00318	0.00159	0.00397	0.00278	0.00318	0.00556
31	0.01270	0.01219	0.02083	0.03149	0.78767	0.01219	0.01575	0.01575	0.01168	0.01676	0.00965	0.01270	0.00813	0.00457	0.00508	0.00152	0.00610	0.00457	0.00254	0.00813
32	0.01276	0.01102	0.01160	0.01044	0.01334	0.01276	0.00812	0.02727	0.77840	0.02146	0.02088	0.01914	0.01566	0.00696	0.00522	0.00174	0.00406	0.00580	0.00522	0.00812
33	0.00625	0.00447	0.00595	0.00714	0.00744	0.00417	0.00476	0.00714	0.00982	0.01310	0.02828	0.81633	0.03394	0.01608	0.00655	0.00208	0.00298	0.01459	0.00476	0.00417
34	0.02279	0.00878	0.01190	0.00916	0.01310	0.00766	0.00755	0.02506	0.03160	0.77418	0.02026	0.01750	0.01277	0.00636	0.00516	0.00159	0.00436	0.00517	0.00633	0.00872
35	0.00746	0.00497	0.00560	0.00560	0.00560	0.00497	0.00311	0.00746	0.00746	0.00995	0.01617	0.03358	0.01865	0.81967	0.02612	0.00497	0.00497	0.00746	0.00311	0.00311
36	0.00689	0.00522	0.00637	0.00631	0.00755	0.00475	0.00464	0.00901	0.02783	0.01765	0.45793	0.16291	0.24016	0.01196	0.00612	0.00172	0.00259	0.01045	0.00527	0.00466
37	0.00610	0.00517	0.00526	0.00530	0.00697	0.00434	0.00395	0.00741	0.01169	0.01398	0.06742	0.07682	0.74205	0.01305	0.00608	0.00174	0.00261	0.01093	0.00478	0.00434
38	0.01064	0.00912	0.01064	0.00760	0.01216	0.00684	0.00608	0.01292	0.01064	0.01672	0.00912	0.01064	0.00760	0.00380	0.00380	0.00076	0.00380	0.00304	0.00304	0.85104
39	0.00800	0.00540	0.00694	0.00651	0.00789	0.00491	0.00490	0.01021	0.01402	0.06396	0.62964	0.07537	0.12124	0.01077	0.00603	0.00165	0.00258	0.00945	0.00556	0.00498
40	0.00632	0.00469	0.00589	0.00668	0.00736	0.00427	0.00460	0.00745	0.01069	0.01402	0.11061	0.58059	0.18835	0.01488	0.00640	0.00196	0.00284	0.01328	0.00485	0.00427
41	0.01029	0.02654	0.79309	0.01462	0.02221	0.01192	0.01896	0.01625	0.01083	0.01625	0.00921	0.01083	0.00650	0.00487	0.00487	0.00162	0.00758	0.00379	0.00217	0.00758
42	0.01270	0.01219	0.02083	0.03149	0.78767	0.01219	0.01575	0.01575	0.01168	0.01676	0.00965	0.01270	0.00813	0.00457	0.00508	0.00152	0.00610	0.00457	0.00254	0.00813
43	0.00625	0.00447	0.00595	0.00714	0.00744	0.00417	0.00476	0.00714	0.00982	0.01310	0.02828	0.81633	0.03394	0.01608	0.00655	0.00208	0.00298	0.01459	0.00476	0.00417
44	0.00792	0.00634	0.00928	0.00894	0.00969	0.00776	0.00703	0.00959	0.00816	0.01191	0.01277	0.01925	0.01210	0.05933	0.65702	0.00724	0.13287	0.00541	0.00268	0.00469
45	0.01045	0.00990	0.01677	0.61042	0.22630	0.01160	0.01463	0.01378	0.01062	0.01404	0.00925	0.01343	0.00717	0.00499	0.00512	0.00166	0.00665	0.00456	0.00235	0.00632
46	0.01331	0.01905	0.48001	0.01247	0.01822	0.00991	0.02997	0.01760	0.01178	0.22441	0.01431	0.10169	0.01123	0.00650	0.00516	0.00167	0.00623	0.00540	0.00359	0.00750
47	0.00997	0.00940	0.01589	0.73557	0.10494	0.01147	0.01439	0.01335	0.01039	0.01345	0.00917	0.01359	0.00696	0.00508	0.00513	0.00169	0.00677	0.00456	0.00230	0.00592
48	0.00891	0.00446	0.00668	0.00668	0.00668	0.00446	0.00446	0.00668	0.00668	0.00891	0.00891	0.01560	0.00891	0.01783	0.02005	0.85071	0.00446	0.00446	0.00223	0.00223
49	0.60279	0.03044	0.00959	0.00784	0.01113	0.02975	0.00646	0.15399	0.01197	0.04319	0.00889	0.00982	0.00672	0.00512	0.00364	0.00154	0.00437	0.00328	0.04326	0.00621
50	0.01101	0.02162	0.02336	0.03418	0.01340	0.00764	0.03128	0.01358	0.02273	0.04450	0.02933	0.01269	0.02543	0.00448	0.00434	0.00095	0.01923	0.00366	0.00321	0.67338
51	0.01053	0.06866	0.65547	0.01462	0.02159	0.01222	0.08365	0.01598	0.01106	0.01619	0.03720	0.01195	0.00813	0.00500	0.00493	0.00160	0.00737	0.00413	0.00233	0.00737
52	0.01380	0.78382	0.02602	0.00871	0.01299	0.01963	0.00862	0.01541	0.01046	0.03085	0.00766	0.00905	0.00702	0.02365	0.00388	0.00120	0.00545	0.00291	0.00232	0.00655
53	0.85592	0.00992	0.00754	0.00675	0.00992	0.01151	0.00556	0.01508	0.00873	0.02302	0.00714	0.00834	0.00556	0.00476	0.00318	0.00159	0.00397	0.00278	0.00318	0.00556
54	0.00726	0.00524	0.00686	0.00646	0.00767	0.00484	0.00484	0.00968	0.01452	0.02058	0.78496	0.03833	0.04841	0.01049	0.00605	0.00161	0.00242	0.00928	0.00565	0.00484
55	0.85592	0.00992	0.00754	0.00675	0.00992	0.01151	0.00556	0.01508	0.00873	0.02302	0.00714	0.00834	0.00556	0.00476	0.00318	0.00159	0.00397	0.00278	0.00318	0.00556
56	0.03809	0.00950	0.01012	0.00829	0.01104	0.01016	0.00668	0.35382	0.01698	0.07802	0.01473	0.01566	0.01092	0.00605	0.00438	0.00139	0.00403	0.00468	0.38861	0.00685
57	0.00606	0.00520	0.00520	0.00520	0.00693	0.00433	0.00390	0.00736	0.01170	0.01386	0.05198	0.04938	0.78558	0.01299	0.00606	0.00173	0.00260	0.01083	0.00476	0.00433
58	0.00616	0.00520	0.00533	0.00530	0.00699	0.00437	0.00397	0.00755	0.01192	0.01440	0.11104	0.04849	0.72619	0.01279	0.00606	0.00172	0.00258	0.01070	0.00484	0.00437
59	0.00639	0.00513	0.00576	0.00618	0.00753	0.00450	0.00466	0.00774	0.01130	0.01389	0.04355	0.21856	0.52223	0.01382	0.00630	0.00189	0.00296	0.10849	0.00476	0.00435
60	0.01932	0.01428	0.01529	0.01177	0.01584	0.01583	0.00971	0.75001	0.04497	0.03204	0.01256	0.01251	0.00892	0.00618	0.00514	0.00155	0.00560	0.00465	0.00514	0.00871
61	0.01064	0.00912	0.01064	0.00760	0.01216	0.00684	0.00608	0.01292	0.01064	0.01672	0.00912	0.01064	0.00760	0.00380	0.00380	0.00076	0.00380	0.00304	0.00304	0.85104
62	0.01313	0.01180	0.01177	0.01060	0.01349	0.05809	0.00822	0.02687	0.73436	0.02095	0.02014	0.01857	0.01514	0.00686	0.00519	0.00172	0.00436	0.00566	0.00507	0.00800
63	0.01146	0.01170	0.01615	0.57463	0.15348	0.11880	0.01390	0.01454	0.01107	0.01362	0.00904	0.01292	0.00702	0.00506	0.00505	0.00163	0.00705	0.00439	0.00237	0.00612
64	0.01096	0.18087	0.64457	0.01349	0.02046	0.01354	0.01698	0.01608	0.01075	0.01544	0.00881	0.01033	0.00652	0.00478	0.00457	0.00152	0.00718	0.00359	0.00217	0.00739
65	0.00625	0.00448	0.00593	0.00710	0.00743	0.00417	0.00474	0.00715	0.00987	0.01312	0.02888	0.79691	0.05297	0.01600	0.00654	0.00207	0.00297	0.01449	0.00476	0.00417
66	0.04245	0.00880	0.01180	0.00910	0.01303	0.00773	0.00751	0.02482	0.02915	0.75839	0.01995	0.01728	0.01259	0.00632	0.00511	0.00159	0.00435	0.00512	0.00625	0.00865
67	0.52509	0.03918	0.01042	0.00819	0.01159	0.01133	0.02892	0.09733	0.01158	0.14774	0.01136	0.01191	0.02872	0.00646	0.02963	0.00179	0.00468	0.00377	0.00388	0.00642
68	0.01211	0.01384	0.03028	0.02163	0.02682	0.01298	0.76903	0.01644	0.01211	0.01644	0.01038	0.01384	0.00779	0.00433	0.00606	0.00173	0.00865	0.00606	0.00260	0.00692
69	0.00724	0.00581	0.00658	0.00693	0.00820	0.00563	0.00497	0.01050	0.13541	0.01475	0.03625	0.39001	0.32186	0.01340	0.00615	0.00189	0.00301	0.01171	0.00484	0.00487
70	0.00755	0.00494	0.00566	0.00566	0.00566	0.00494	0.00319	0.00742	0.00742	0.00989	0.01574	0.03253	0.01809	0.77290	0.02576	0.05430	0.00494	0.00729	0.00306	0.00306
71	0.08422	0.39396	0.24469	0.01087	0.01589	0.07891	0.01158	0.05958	0.03071	0.01563	0.00844	0.00958	0.00683	0.00480	0.00400	0.00135	0.00624	0.00328	0.00255	0.00690
72	0.00776	0.00874	0.13578	0.00779	0.01005	0.00600	0.00716	0.01076	0.01392	0.01987	0.65775	0.03382	0.04154	0.00957	0.00586	0.00162	0.00327	0.00838	0.00508	0.00529
73	0.00645	0.00462	0.00596	0.00692	0.00732	0.00432	0.00464	0.00736	0.00989	0.01312	0.05269	0.65319	0.07249	0.09633	0.00848	0.00235	0.00318	0.03196	0.00462	0.00411
74	0.01342	0.01405	0.01923	0.12999	0.45627	0.15327	0.06940	0.01684	0.04851	0.01572	0.00986	0.01260	0.00802	0.00487	0.00508	0.00154	0.00685	0.00451	0.00266	0.00732
75	0.01477	0.06447	0.01564	0.01647	0.25214	0.02514	0.01033	0.20864	0.09351	0.10131	0.02785	0.06897	0.04390	0.02691	0.00567	0.00166	0.00517	0.00570	0.00415	0.00761
76	0.00718	0.00524	0.00674	0.00637	0.00761	0.00481	0.00478	0.00952	0.01433	0.02011	0.73391	0.03910	0.09975	0.01066	0.00605	0.00162	0.00243	0.00939	0.00559	0.00481
77	0.83101	0.01041	0.03068	0.00698	0.01028	0.01152	0.00595	0.01512	0.00879	0.02282	0.00721	0.00841	0.00558	0.00477	0.00323	0.00159	0.00408	0.00281	0.00315	0.00562
78	0.01249	0.01252	0.04357	0.06310	0.71596	0.01217	0.03341	0.01567	0.01161	0.01659	0.00963	0.01271	0.00802	0.00460	0.00510	0.00154	0.00623	0.00458	0.00252	0.00798
79	0.00957	0.00872	0.01113	0.03207	0.01105	0.04635	0.00793	0.01062	0.00832	0.01174	0.01175	0.06176	0.01236	0.21553	0.17447	0.00406	0.34923	0.00592	0.00271	0.00473
80	0.01124	0.01128	0.01600	0.01363	0.01373	0.01566	0.02591	0.01243	0.00794	0.01243	0.00681	0.01128	0.00676	0.00889	0.01663	0.00224	0.79475	0.00452	0.00225	0.00564
81	0.33080	0.03118	0.01281	0.01220	0.09016	0.25985	0.00875	0.13396	0.04348	0.02028	0.00898	0.01009	0.00705	0.00520	0.00421	0.00149	0.00613	0.00352	0.00331	0.00655
82	0.00728	0.00493	0.00562	0.00576	0.00585	0.00486	0.00332	0.00742	0.00788	0.01044	0.01882	0.12208	0.04806	0.70028	0.02319	0.00453	0.00466	0.00838	0.00335	0.00327
83	0.01951	0.01437	0.01540	0.01181	0.01591	0.01591	0.00975	0.77056	0.02412	0.03234	0.01232	0.01232	0.00873	0.00616	0.00513	0.00154	0.00565	0.00462	0.00513	0.00873
84	0.14214	0.00890	0.01128	0.00879	0.01264	0.00811	0.00726	0.02359	0.01383	0.68135	0.01837	0.01616	0.01168	0.00612	0.00488	0.00159	0.00431	0.00482	0.00590	0.00828
85	0.80790	0.00985	0.00779	0.00688	0.01011	0.01128	0.00567	0.01565	0.00908	0.06731	0.00790	0.00886	0.00597	0.00485	0.00329	0.00159	0.00399	0.00292	0.00336	0.00574
86	0.00833	0.00498	0.00657	0.00721	0.00799	0.00460	0.00501	0.00947	0.01054	0.10015	0.04563	0.66210	0.03074	0.01427	0.00621	0.00197	0.00308	0.01284	0.05358	0.00473
87	0.00625	0.00462	0.00580	0.00672	0.00729	0.00422	0.00455	0.00720	0.01012	0.01316	0.03254	0.64626	0.17921	0.03745	0.00699	0.00209	0.00296	0.01366	0.00472	0.00417
88	0.00632	0.00521	0.00555	0.00546	0.00709	0.00444	0.00410	0.00785	0.01229	0.01528	0.20697	0.04704	0.62971	0.01247	0.00606	0.00171	0.00256	0.01050	0.00495	0.00444
89	0.80674	0.01006	0.00832	0.00819	0.05529	0.01155	0.00615	0.01512	0.00890	0.02266	0.00729	0.00859	0.00571	0.00475	0.00329	0.00158	0.00409	0.00288	0.00314	0.00571

[dist]
# distance from previous block
# <min> <max>
2	3

[block]
# block no. 3 follows, 48 sequences, length 38
# corresponding to MSA columns:
# 224-261
name=unknown_D
#
# <colnr> <probs for GDERKNQSTAVLIFYWHMCP>
#	G	D	E	R	K	N	Q	S	T	A	V	L	I	F	Y	W	H	M	C	P
0	0.35406	0.37036	0.13782	0.00886	0.01326	0.01544	0.00905	0.01539	0.00980	0.01715	0.00746	0.00868	0.00616	0.00462	0.00349	0.00138	0.00520	0.00292	0.00259	0.00632
1	0.00698	0.00519	0.00657	0.00637	0.00759	0.00478	0.00475	0.00907	0.01338	0.01844	0.56483	0.09755	0.17309	0.01268	0.04396	0.00199	0.00303	0.00976	0.00529	0.00469
2	0.02698	0.56230	0.16196	0.01073	0.04331	0.04101	0.01071	0.01597	0.01091	0.04558	0.02466	0.00991	0.00775	0.00473	0.00382	0.00125	0.00586	0.00325	0.00248	0.00684
3	0.01164	0.01130	0.15330	0.00981	0.01312	0.00865	0.02646	0.02911	0.18203	0.13720	0.13782	0.08219	0.10412	0.00876	0.00561	0.00174	0.00445	0.06131	0.00472	0.00667
4	0.01029	0.02654	0.79309	0.01462	0.02221	0.01192	0.01896	0.01625	0.01083	0.01625	0.00921	0.01083	0.00650	0.00487	0.00487	0.00162	0.00758	0.00379	0.00217	0.00758
5	0.01270	0.01219	0.02083	0.03149	0.78767	0.01219	0.01575	0.01575	0.01168	0.01676	0.00965	0.01270	0.00813	0.00457	0.00508	0.00152	0.00610	0.00457	0.00254	0.00813
6	0.01165	0.09260	0.62181	0.01415	0.02104	0.01237	0.06370	0.01684	0.01117	0.07385	0.00993	0.01129	0.00705	0.00491	0.00483	0.00158	0.00723	0.00394	0.00251	0.00754
7	0.01161	0.01006	0.01494	0.46158	0.02588	0.01253	0.01234	0.09589	0.02850	0.04605	0.03715	0.01411	0.00892	0.00640	0.00785	0.00181	0.19053	0.00477	0.00293	0.00615
8	0.00703	0.00524	0.00653	0.00621	0.00752	0.00474	0.00466	0.00923	0.01397	0.01926	0.64102	0.04050	0.19318	0.01098	0.00605	0.00164	0.00246	0.00958	0.00547	0.00474
9	0.04854	0.02295	0.01420	0.01289	0.01547	0.71587	0.00976	0.03393	0.01426	0.01336	0.00838	0.01041	0.00712	0.00559	0.00500	0.00139	0.03232	0.01990	0.00274	0.00595
10	0.05526	0.08384	0.26453	0.07915	0.05025	0.08907	0.01271	0.15187	0.02570	0.05565	0.01034	0.01215	0.00788	0.02043	0.03747	0.00188	0.02749	0.00410	0.00312	0.00713
11	0.00671	0.00479	0.00648	0.00767	0.00816	0.00456	0.00556	0.00793	0.01027	0.01361	0.02803	0.64460	0.03294	0.01564	0.00667	0.00215	0.00337	0.18180	0.00475	0.00429
12	0.01917	0.02445	0.01454	0.01322	0.01586	0.79907	0.00991	0.02049	0.01454	0.01256	0.00793	0.00925	0.00661	0.00529	0.00463	0.00132	0.00925	0.00330	0.00264	0.00595
13	0.00622	0.00520	0.00541	0.00536	0.00702	0.00440	0.00402	0.00766	0.01205	0.01471	0.14484	0.04798	0.69219	0.01268	0.00606	0.00172	0.00258	0.01063	0.00488	0.00440
14	0.00624	0.00449	0.00593	0.00707	0.00742	0.00417	0.00473	0.00715	0.00989	0.01313	0.02916	0.78799	0.06171	0.01596	0.00653	0.00207	0.00296	0.01445	0.00476	0.00417
15	0.00707	0.00524	0.00659	0.00625	0.00754	0.00476	0.00469	0.00930	0.01406	0.01947	0.66443	0.04015	0.16963	0.01090	0.00605	0.00163	0.00245	0.00953	0.00550	0.00476
16	0.00956	0.00478	0.00478	0.00478	0.00598	0.00478	0.00359	0.01196	0.01076	0.01913	0.01674	0.01913	0.01315	0.00598	0.00359	0.00120	0.00239	0.00478	0.84816	0.00478
17	0.01383	0.01081	0.01185	0.01081	0.03175	0.01221	0.00824	0.02676	0.68080	0.10133	0.02055	0.01882	0.01518	0.00684	0.00521	0.00172	0.00414	0.00571	0.00527	0.00819
18	0.01064	0.00912	0.01064	0.00760	0.01216	0.00684	0.00608	0.01292	0.01064	0.01672	0.00912	0.01064	0.00760	0.00380	0.00380	0.00076	0.00380	0.00304	0.00304	0.85104
19	0.85592	0.00992	0.00754	0.00675	0.00992	0.01151	0.00556	0.01508	0.00873	0.02302	0.00714	0.00834	0.00556	0.00476	0.00318	0.00159	0.00397	0.00278	0.00318	0.00556
20	0.00969	0.00912	0.01539	0.80734	0.03534	0.01140	0.01425	0.01311	0.01026	0.01311	0.00912	0.01368	0.00684	0.00513	0.00513	0.00171	0.00684	0.00456	0.00228	0.00570
21	0.00625	0.00447	0.00595	0.00714	0.00744	0.00417	0.00476	0.00714	0.00982	0.01310	0.02828	0.81633	0.03394	0.01608	0.00655	0.00208	0.00298	0.01459	0.00476	0.00417
22	0.00669	0.03760	0.00692	0.00712	0.00770	0.00491	0.00494	0.00782	0.01049	0.01408	0.13077	0.67745	0.03481	0.01484	0.00635	0.00198	0.00300	0.01338	0.00478	0.00436
23	0.01210	0.01366	0.02924	0.02177	0.06260	0.01305	0.70249	0.01624	0.01192	0.01629	0.01020	0.01368	0.00776	0.00452	0.00644	0.00174	0.04089	0.00592	0.00258	0.00693
24	0.01123	0.01123	0.01572	0.01347	0.01347	0.01572	0.01123	0.01235	0.00786	0.01235	0.00674	0.01123	0.00674	0.00898	0.01684	0.00225	0.81028	0.00449	0.00225	0.00561
25	0.00813	0.00576	0.00791	0.00897	0.00999	0.00576	0.00761	0.01019	0.01128	0.01470	0.02599	0.07574	0.02846	0.10244	0.00916	0.00264	0.00470	0.65149	0.00455	0.00453
26	0.07708	0.64974	0.02375	0.04130	0.01409	0.09674	0.00887	0.01576	0.01070	0.01298	0.00729	0.00856	0.00652	0.00454	0.00349	0.00118	0.00580	0.00288	0.00232	0.00641
27	0.01041	0.02580	0.75579	0.01442	0.02178	0.01196	0.01844	0.01678	0.04747	0.01650	0.00977	0.01123	0.00694	0.00497	0.00489	0.00163	0.00742	0.00389	0.00231	0.00761
28	0.01276	0.01102	0.01160	0.01044	0.01334	0.01276	0.00812	0.02727	0.77840	0.02146	0.02088	0.01914	0.01566	0.00696	0.00522	0.00174	0.00406	0.00580	0.00522	0.00812
29	0.01198	0.00905	0.01098	0.00816	0.01238	0.00722	0.02047	0.01484	0.05129	0.10464	0.01190	0.04892	0.00981	0.00483	0.00420	0.00098	0.00393	0.00401	0.00360	0.65679
30	0.01848	0.05214	0.01472	0.01285	0.01549	0.73852	0.00973	0.01984	0.01413	0.01251	0.00814	0.00967	0.00687	0.00663	0.03744	0.00160	0.00930	0.00338	0.00263	0.00591
31	0.00743	0.00496	0.00561	0.00564	0.00565	0.00495	0.00315	0.00745	0.00753	0.01003	0.01649	0.05466	0.01907	0.79803	0.02559	0.00490	0.00492	0.00765	0.00315	0.00314
32	0.01302	0.60238	0.21689	0.01036	0.01549	0.04024	0.01134	0.01573	0.01064	0.01312	0.00767	0.00891	0.00656	0.00454	0.00372	0.00123	0.00611	0.00302	0.00220	0.00681
33	0.00956	0.00478	0.00478	0.00478	0.00598	0.00478	0.00359	0.01196	0.01076	0.01913	0.01674	0.01913	0.01315	0.00598	0.00359	0.00120	0.00239	0.00478	0.84816	0.00478
34	0.01901	0.01410	0.01512	0.01163	0.01571	0.01553	0.00959	0.72190	0.05063	0.03149	0.01253	0.01251	0.00894	0.00612	0.00510	0.00152	0.00554	0.00462	0.00507	0.03333
35	0.01260	0.01529	0.07074	0.02057	0.05497	0.08036	0.60127	0.01658	0.01206	0.01594	0.00993	0.01313	0.00758	0.00464	0.00627	0.00170	0.04137	0.00557	0.00256	0.00687
36	0.00645	0.00467	0.00614	0.00720	0.00771	0.00436	0.00503	0.00755	0.01026	0.01354	0.04734	0.66998	0.09006	0.01554	0.00655	0.00207	0.00310	0.08343	0.00478	0.00425
37	0.01216	0.01369	0.02943	0.02251	0.09460	0.01291	0.70192	0.01637	0.01207	0.01647	0.01032	0.01374	0.00782	0.00435	0.00597	0.00171	0.00842	0.00592	0.00259	0.00703

[dist]
# distance from previous block
# <min> <max>
0	4

[block]
# block no. 4 follows, 48 sequences, length 112
# corresponding to MSA columns:
# 266-377
name=unknown_E
#
# <colnr> <probs for GDERKNQSTAVLIFYWHMCP>
#	G	D	E	R	K	N	Q	S	T	A	V	L	I	F	Y	W	H	M	C	P
0	0.00697	0.00526	0.00647	0.00633	0.00767	0.00476	0.00482	0.00903	0.01342	0.01811	0.50338	0.05946	0.25799	0.01160	0.00614	0.00171	0.00265	0.06426	0.00531	0.00467
1	0.00799	0.00572	0.00719	0.00828	0.00873	0.00520	0.00551	0.00843	0.01087	0.01466	0.02942	0.79799	0.03481	0.01687	0.00720	0.00237	0.00357	0.01485	0.00527	0.00505
2	0.00712	0.00524	0.00666	0.00631	0.00758	0.00478	0.00473	0.00941	0.01419	0.01978	0.69839	0.03963	0.13548	0.01079	0.00605	0.00163	0.00244	0.00946	0.00554	0.00478
3	0.00624	0.00450	0.00592	0.00705	0.00742	0.00418	0.00472	0.00715	0.00991	0.01313	0.02939	0.78044	0.06910	0.01593	0.00653	0.00207	0.00296	0.01441	0.00476	0.00418
4	0.01372	0.82276	0.02689	0.00878	0.01317	0.02030	0.00878	0.01536	0.01043	0.01207	0.00713	0.00823	0.00658	0.00439	0.00329	0.00110	0.00549	0.00274	0.00219	0.00658
5	0.01029	0.02654	0.79309	0.01462	0.02221	0.01192	0.01896	0.01625	0.01083	0.01625	0.00921	0.01083	0.00650	0.00487	0.00487	0.00162	0.00758	0.00379	0.00217	0.00758
6	0.02302	0.00873	0.01191	0.00913	0.01310	0.00754	0.00754	0.02501	0.01469	0.79122	0.02024	0.01746	0.01270	0.00635	0.00516	0.00159	0.00437	0.00516	0.00635	0.00873
7	0.01372	0.82276	0.02689	0.00878	0.01317	0.02030	0.00878	0.01536	0.01043	0.01207	0.00713	0.00823	0.00658	0.00439	0.00329	0.00110	0.00549	0.00274	0.00219	0.00658
8	0.01009	0.00991	0.01787	0.67648	0.03392	0.01166	0.13996	0.01366	0.01057	0.01366	0.00933	0.01371	0.00700	0.00500	0.00528	0.00171	0.00714	0.00481	0.00233	0.00590
9	0.00646	0.00523	0.00560	0.00561	0.00722	0.00451	0.00427	0.00802	0.01208	0.01507	0.15520	0.04738	0.61411	0.01249	0.00605	0.00174	0.00269	0.05216	0.02969	0.00444
10	0.00625	0.00447	0.00595	0.00714	0.00744	0.00417	0.00476	0.00714	0.00982	0.01310	0.02828	0.81633	0.03394	0.01608	0.00655	0.00208	0.00298	0.01459	0.00476	0.00417
11	0.01364	0.79729	0.02654	0.00893	0.01318	0.02016	0.00886	0.01527	0.01035	0.01208	0.00712	0.00832	0.00659	0.00453	0.00372	0.00113	0.03075	0.00280	0.00220	0.00655
12	0.01143	0.00877	0.01185	0.03639	0.08728	0.00921	0.03308	0.15683	0.01496	0.05683	0.31359	0.02815	0.07185	0.00882	0.00668	0.00171	0.07069	0.06099	0.00467	0.00621
13	0.66709	0.03643	0.00941	0.00812	0.03008	0.06823	0.00642	0.01646	0.00986	0.09655	0.00854	0.00940	0.00642	0.00494	0.00352	0.00155	0.00449	0.00309	0.00340	0.00599
14	0.00746	0.00497	0.00560	0.00560	0.00560	0.00497	0.00311	0.00746	0.00746	0.00995	0.01617	0.03358	0.01865	0.81967	0.02612	0.00497	0.00497	0.00746	0.00311	0.00311
15	0.01316	0.01284	0.04349	0.05984	0.59610	0.01259	0.07406	0.09289	0.01291	0.01817	0.00995	0.01273	0.00806	0.00475	0.00516	0.00155	0.00632	0.00467	0.00279	0.00798
16	0.17690	0.01213	0.06739	0.09199	0.34980	0.01180	0.02669	0.08227	0.02902	0.04161	0.01055	0.01390	0.00863	0.03075	0.00544	0.00170	0.00569	0.02347	0.00309	0.00717
17	0.01351	0.07870	0.19646	0.01417	0.01903	0.01230	0.22616	0.02009	0.19835	0.13253	0.02783	0.01498	0.01077	0.00551	0.00523	0.00164	0.00629	0.00514	0.00372	0.00757
18	0.00652	0.00472	0.00617	0.00694	0.00754	0.00437	0.00482	0.00782	0.01104	0.01489	0.20102	0.57744	0.07983	0.01459	0.00642	0.00196	0.00287	0.03172	0.00496	0.00434
19	0.01705	0.33490	0.01934	0.01149	0.01482	0.49623	0.00947	0.01850	0.01294	0.01237	0.00762	0.00886	0.00660	0.00494	0.00411	0.00123	0.00779	0.00309	0.00247	0.00620
20	0.02121	0.00942	0.01174	0.00907	0.01298	0.04442	0.00742	0.02317	0.01421	0.65968	0.01939	0.01723	0.03152	0.00622	0.00503	0.00150	0.00449	0.00501	0.00581	0.09049
21	0.00615	0.00520	0.00532	0.00529	0.00698	0.00437	0.00397	0.00753	0.01190	0.01434	0.10468	0.04859	0.73258	0.01281	0.00606	0.00172	0.00259	0.01072	0.00483	0.00437
22	0.00628	0.00516	0.00553	0.00553	0.00709	0.00441	0.00411	0.00776	0.01208	0.01499	0.17837	0.09260	0.61282	0.01274	0.00609	0.00173	0.00259	0.01078	0.00492	0.00441
23	0.04767	0.01400	0.01500	0.01153	0.01560	0.01544	0.00953	0.71630	0.02324	0.06149	0.01245	0.01239	0.00877	0.00612	0.00507	0.00154	0.00554	0.00458	0.00511	0.00862
24	0.01211	0.01384	0.03028	0.02163	0.02682	0.01298	0.76903	0.01644	0.01211	0.01644	0.01038	0.01384	0.00779	0.00433	0.00606	0.00173	0.00865	0.00606	0.00260	0.00692
25	0.00622	0.00458	0.00583	0.00684	0.00736	0.00419	0.00463	0.00718	0.01012	0.01322	0.03202	0.69526	0.15258	0.01559	0.00647	0.00203	0.00292	0.01399	0.00476	0.00419
26	0.01097	0.00972	0.01079	0.00782	0.01230	0.03760	0.00623	0.01321	0.01079	0.01656	0.00907	0.01059	0.00756	0.00386	0.00383	0.00078	0.00401	0.00305	0.00302	0.81823
27	0.01278	0.01255	0.02012	0.08860	0.69443	0.04986	0.01536	0.01578	0.01171	0.01629	0.00953	0.01261	0.00796	0.00465	0.00506	0.00153	0.00630	0.00451	0.00253	0.00784
28	0.01051	0.01073	0.07114	0.20779	0.05345	0.01150	0.06735	0.02463	0.01071	0.03479	0.13387	0.01710	0.01413	0.00850	0.04164	0.00210	0.25079	0.00541	0.01794	0.00593
29	0.00969	0.00912	0.01539	0.80734	0.03534	0.01140	0.01425	0.01311	0.01026	0.01311	0.00912	0.01368	0.00684	0.00513	0.00513	0.00171	0.00684	0.00456	0.00228	0.00570
30	0.01211	0.01384	0.03028	0.02163	0.02682	0.01298	0.76903	0.01644	0.01211	0.01644	0.01038	0.01384	0.00779	0.00433	0.00606	0.00173	0.00865	0.00606	0.00260	0.00692
31	0.01293	0.01137	0.01168	0.01051	0.01341	0.03286	0.00817	0.02709	0.75887	0.02124	0.02055	0.01889	0.01543	0.00692	0.00521	0.00173	0.00419	0.00574	0.00516	0.00807
32	0.00660	0.00467	0.00615	0.00719	0.00754	0.00444	0.00492	0.00754	0.00974	0.01294	0.02669	0.64338	0.03162	0.11419	0.00900	0.00247	0.00340	0.08888	0.00456	0.00409
33	0.00625	0.00447	0.00595	0.00714	0.00744	0.00417	0.00476	0.00714	0.00982	0.01310	0.02828	0.81633	0.03394	0.01608	0.00655	0.00208	0.00298	0.01459	0.00476	0.00417
34	0.00746	0.00497	0.00560	0.00560	0.00560	0.00497	0.00311	0.00746	0.00746	0.00995	0.01617	0.03358	0.01865	0.81967	0.02612	0.00497	0.00497	0.00746	0.00311	0.00311
35	0.01951	0.01437	0.01540	0.01181	0.01591	0.01591	0.00975	0.77056	0.02412	0.03234	0.01232	0.01232	0.00873	0.00616	0.00513	0.00154	0.00565	0.00462	0.00513	0.00873
36	0.02302	0.00873	0.01191	0.00913	0.01310	0.00754	0.00754	0.02501	0.01469	0.79122	0.02024	0.01746	0.01270	0.00635	0.00516	0.00159	0.00437	0.00516	0.00635	0.00873
37	0.01276	0.01102	0.01160	0.01044	0.01334	0.01276	0.00812	0.02727	0.77840	0.02146	0.02088	0.01914	0.01566	0.00696	0.00522	0.00174	0.00406	0.00580	0.00522	0.00812
38	0.01211	0.01384	0.03028	0.02163	0.02682	0.01298	0.76903	0.01644	0.01211	0.01644	0.01038	0.01384	0.00779	0.00433	0.00606	0.00173	0.00865	0.00606	0.00260	0.00692
39	0.01276	0.01102	0.01160	0.01044	0.01334	0.01276	0.00812	0.02727	0.77840	0.02146	0.02088	0.01914	0.01566	0.00696	0.00522	0.00174	0.00406	0.00580	0.00522	0.00812
40	0.01258	0.01207	0.02062	0.06162	0.75846	0.01216	0.01569	0.01564	0.01163	0.01662	0.00963	0.01274	0.00808	0.00459	0.00508	0.00153	0.00612	0.00457	0.00253	0.00803
41	0.01884	0.01416	0.01593	0.01372	0.09104	0.01555	0.01034	0.69708	0.02291	0.03082	0.01206	0.01236	0.00867	0.00600	0.00513	0.00154	0.00569	0.00461	0.00488	0.00867
42	0.00711	0.00524	0.00665	0.00630	0.00757	0.00478	0.00472	0.00939	0.01417	0.01972	0.69193	0.03973	0.14197	0.01081	0.00605	0.00163	0.00244	0.00948	0.00554	0.00478
43	0.01223	0.01334	0.04848	0.05154	0.35947	0.01255	0.39260	0.01602	0.01182	0.01646	0.00999	0.01325	0.00787	0.00448	0.00556	0.00164	0.00744	0.00529	0.00255	0.00743
