[name]
unknown

[dist]
# distance from previous block
# <min> <max>
15	142

[block]
# block no. 0 follows, 45 sequences, length 55
# corresponding to MSA columns:
# 155-209
name=unknown_A
#
# <colnr> <probs for GDERKNQSTAVLIFYWHMCP>
#	G	D	E	R	K	N	Q	S	T	A	V	L	I	F	Y	W	H	M	C	P
0	0.04265	0.34868	0.25241	0.01164	0.01710	0.06347	0.02742	0.07354	0.01239	0.01655	0.00885	0.01018	0.00712	0.00490	0.00428	0.00136	0.00651	0.00349	0.00268	0.08478
1	0.10290	0.06085	0.37298	0.01191	0.01696	0.04286	0.01299	0.08254	0.03118	0.01829	0.01317	0.13408	0.01207	0.03876	0.00596	0.00184	0.00627	0.00577	0.00324	0.02538
2	0.01273	0.03736	0.01206	0.00894	0.01303	0.09477	0.00707	0.06722	0.01259	0.03367	0.01167	0.08488	0.01055	0.00559	0.00445	0.00108	0.00473	0.00448	0.00350	0.56962
3	0.01368	0.01506	0.12921	0.04186	0.47378	0.05152	0.01494	0.03970	0.01264	0.05239	0.01046	0.01283	0.00832	0.00493	0.00512	0.00152	0.00643	0.00445	0.00292	0.09824
4	0.00678	0.00477	0.00616	0.00717	0.00743	0.00452	0.00466	0.00754	0.00982	0.01309	0.02723	0.66442	0.03254	0.16429	0.01065	0.00274	0.00350	0.01388	0.00466	0.00415
5	0.01531	0.56336	0.09512	0.01077	0.01529	0.18055	0.01044	0.03026	0.01209	0.01351	0.00793	0.00916	0.00692	0.00487	0.00392	0.00126	0.00677	0.00313	0.00244	0.00689
6	0.01304	0.03572	0.18694	0.03604	0.18173	0.03294	0.19046	0.06865	0.08268	0.01830	0.01111	0.01338	0.00860	0.00544	0.00624	0.00170	0.06024	0.00495	0.00302	0.03884
7	0.01071	0.00566	0.00774	0.00751	0.00803	0.02476	0.00522	0.00929	0.00825	0.08130	0.01188	0.06491	0.01143	0.01816	0.05612	0.65223	0.00516	0.00540	0.00293	0.00330
8	0.01412	0.76424	0.07646	0.00958	0.01438	0.02068	0.00987	0.01613	0.01093	0.01291	0.00760	0.00878	0.00688	0.00462	0.00355	0.00118	0.00588	0.00294	0.00229	0.00696
9	0.01060	0.01129	0.03874	0.08052	0.02205	0.01069	0.41965	0.01398	0.01181	0.01589	0.01709	0.18974	0.03261	0.00845	0.00673	0.00196	0.02818	0.07039	0.00339	0.00624
10	0.00865	0.00618	0.00865	0.00989	0.01112	0.00618	0.00865	0.01112	0.01236	0.01606	0.02842	0.06055	0.03089	0.01483	0.00741	0.00247	0.00494	0.74174	0.00494	0.00494
11	0.01077	0.02777	0.78354	0.01530	0.02323	0.01247	0.01983	0.01700	0.01133	0.01700	0.00963	0.01133	0.00680	0.00510	0.00510	0.00170	0.00793	0.00397	0.00227	0.00793
12	0.00665	0.00478	0.00634	0.00756	0.00796	0.00447	0.00517	0.00769	0.01045	0.01386	0.03018	0.74546	0.05492	0.01662	0.00687	0.00219	0.00321	0.05626	0.00498	0.00440
13	0.01307	0.06492	0.16289	0.02734	0.54580	0.03681	0.03925	0.01672	0.01208	0.01699	0.00982	0.01257	0.00803	0.00484	0.00518	0.00159	0.00681	0.00452	0.00257	0.00819
14	0.00781	0.00520	0.00585	0.00585	0.00585	0.00520	0.00325	0.00781	0.00781	0.01041	0.01691	0.03513	0.01952	0.81135	0.02732	0.00520	0.00520	0.00781	0.00325	0.00325
15	0.84927	0.01038	0.00789	0.00706	0.01038	0.01204	0.00581	0.01578	0.00914	0.02408	0.00747	0.00872	0.00581	0.00498	0.00332	0.00166	0.00415	0.00291	0.00332	0.00581
16	0.01089	0.01037	0.01764	0.60308	0.19299	0.01224	0.03068	0.01435	0.01103	0.01458	0.00963	0.01404	0.00746	0.00531	0.00565	0.00176	0.02452	0.00480	0.00245	0.00652
17	0.00730	0.00516	0.00682	0.00787	0.00839	0.00498	0.00570	0.00850	0.01046	0.01383	0.02733	0.48891	0.03182	0.13793	0.01014	0.00272	0.00393	0.20916	0.00471	0.00435
18	0.00660	0.00499	0.00612	0.00699	0.00781	0.00451	0.00491	0.00774	0.01098	0.01407	0.03703	0.53772	0.25945	0.01573	0.00673	0.00208	0.00310	0.05400	0.00498	0.00444
19	0.84927	0.01038	0.00789	0.00706	0.01038	0.01204	0.00581	0.01578	0.00914	0.02408	0.00747	0.00872	0.00581	0.00498	0.00332	0.00166	0.00415	0.00291	0.00332	0.00581
20	0.01077	0.02777	0.78354	0.01530	0.02323	0.01247	0.01983	0.01700	0.01133	0.01700	0.00963	0.01133	0.00680	0.00510	0.00510	0.00170	0.00793	0.00397	0.00227	0.00793
21	0.01405	0.74009	0.02656	0.00907	0.01368	0.01994	0.00892	0.01584	0.01093	0.01308	0.00765	0.00884	0.00699	0.00454	0.00349	0.00112	0.00558	0.00290	0.00238	0.08436
22	0.01104	0.00954	0.01159	0.08110	0.01496	0.00760	0.00715	0.01353	0.01109	0.01714	0.00954	0.01143	0.00788	0.00410	0.00410	0.00089	0.00427	0.00333	0.00311	0.76661
23	0.01318	0.04422	0.02154	0.03027	0.67712	0.01343	0.01575	0.01613	0.01180	0.01692	0.00971	0.01296	0.00830	0.00520	0.00638	0.00165	0.07993	0.00470	0.00261	0.00820
24	0.00664	0.00475	0.00632	0.00741	0.00781	0.00443	0.00499	0.00772	0.01073	0.01443	0.09856	0.73681	0.03690	0.01628	0.00680	0.00213	0.00306	0.01475	0.00507	0.00443
25	0.01335	0.01153	0.01214	0.01092	0.01396	0.01335	0.00850	0.02852	0.76817	0.02245	0.02185	0.02003	0.01639	0.00728	0.00546	0.00182	0.00425	0.00607	0.00546	0.00850
26	0.00658	0.00473	0.00625	0.00745	0.00784	0.00441	0.00503	0.00756	0.01040	0.01379	0.03049	0.76295	0.06306	0.01665	0.00685	0.00217	0.00314	0.03128	0.00498	0.00438
27	0.02281	0.01045	0.06329	0.00998	0.01434	0.00839	0.00870	0.02564	0.04252	0.70351	0.02044	0.01788	0.01297	0.00657	0.00538	0.00167	0.00478	0.00533	0.00631	0.00903
28	0.01329	0.01275	0.02179	0.03295	0.77787	0.01275	0.01647	0.01647	0.01222	0.01754	0.01010	0.01329	0.00850	0.00478	0.00531	0.00159	0.00638	0.00478	0.00266	0.00850
29	0.00651	0.00544	0.00567	0.00561	0.00735	0.00460	0.00421	0.00802	0.01263	0.01543	0.14943	0.05013	0.68006	0.01325	0.00634	0.00180	0.00269	0.01112	0.00511	0.00460
30	0.00820	0.00624	0.00868	0.01032	0.07403	0.00601	0.00746	0.01034	0.01247	0.01660	0.16932	0.19400	0.11127	0.01351	0.00682	0.00213	0.00403	0.32853	0.00494	0.00511
31	0.40384	0.00972	0.00983	0.00836	0.01159	0.01027	0.00674	0.09997	0.01298	0.22998	0.04439	0.10406	0.01335	0.00718	0.00463	0.00172	0.00428	0.00547	0.00474	0.00689
32	0.01098	0.01040	0.01762	0.59458	0.23429	0.01215	0.01532	0.01445	0.01113	0.01473	0.00969	0.01404	0.00751	0.00521	0.00535	0.00174	0.00695	0.00477	0.00246	0.00664
33	0.01329	0.01275	0.02179	0.03295	0.77787	0.01275	0.01647	0.01647	0.01222	0.01754	0.01010	0.01329	0.00850	0.00478	0.00531	0.00159	0.00638	0.00478	0.00266	0.00850
34	0.01547	0.02988	0.03845	0.00982	0.01285	0.01001	0.00808	0.19491	0.09520	0.21086	0.11751	0.15339	0.02119	0.01004	0.02985	0.00198	0.00480	0.02288	0.00543	0.00742
35	0.01820	0.18163	0.01759	0.01272	0.01570	0.58304	0.01005	0.01966	0.01389	0.01300	0.00831	0.00995	0.00715	0.00673	0.03358	0.00163	0.03475	0.00346	0.00266	0.00629
36	0.01113	0.00954	0.01113	0.00795	0.01272	0.00716	0.00636	0.01352	0.01113	0.01749	0.00954	0.01113	0.00795	0.00398	0.00398	0.00080	0.00398	0.00318	0.00318	0.84417
37	0.02848	0.54053	0.25747	0.01113	0.01660	0.01828	0.01243	0.01627	0.01094	0.01418	0.00811	0.00952	0.00685	0.00487	0.00430	0.00136	0.02597	0.00325	0.00231	0.00716
38	0.01705	0.00784	0.01032	0.00861	0.01157	0.00707	0.00690	0.01988	0.05447	0.44518	0.22847	0.05306	0.06164	0.00882	0.00582	0.00173	0.00387	0.03404	0.00619	0.00747
39	0.01913	0.01432	0.01542	0.01186	0.01613	0.01558	0.00975	0.64811	0.06739	0.03165	0.01310	0.01314	0.00944	0.00626	0.00525	0.00155	0.00563	0.00475	0.00517	0.08636
40	0.01037	0.03273	0.01021	0.00894	0.01051	0.03697	0.00688	0.12490	0.01140	0.01554	0.01403	0.02111	0.01320	0.15754	0.47615	0.00633	0.01093	0.00572	0.00330	0.02323
41	0.00689	0.00503	0.00652	0.00736	0.00808	0.00466	0.00524	0.00827	0.01148	0.01527	0.15204	0.52966	0.11994	0.01533	0.00676	0.00209	0.00315	0.08254	0.00513	0.00455
42	0.01223	0.34820	0.47590	0.01281	0.01938	0.01604	0.01550	0.01662	0.01116	0.01522	0.00875	0.01022	0.00684	0.00489	0.00443	0.00148	0.00704	0.00352	0.00228	0.00751
43	0.00806	0.00634	0.00700	0.00651	0.00837	0.00583	0.00497	0.07811	0.01441	0.01860	0.28750	0.04427	0.46636	0.01207	0.00625	0.00175	0.00295	0.01019	0.00532	0.00513
44	0.01077	0.02777	0.78354	0.01530	0.02323	0.01247	0.01983	0.01700	0.01133	0.01700	0.00963	0.01133	0.00680	0.00510	0.00510	0.00170	0.00793	0.00397	0.00227	0.00793
45	0.01315	0.01496	0.11650	0.03025	0.66386	0.03314	0.01673	0.01667	0.01219	0.01735	0.00999	0.01295	0.00825	0.00484	0.00528	0.00160	0.00666	0.00465	0.00261	0.00837
46	0.01672	0.01131	0.01388	0.01321	0.10081	0.02847	0.02160	0.31796	0.01774	0.16769	0.01819	0.19183	0.01630	0.00880	0.00576	0.00177	0.00519	0.02988	0.00510	0.00778
47	0.00806	0.00583	0.00666	0.00661	0.00722	0.00593	0.00425	0.00992	0.07919	0.01281	0.05651	0.08349	0.10263	0.51292	0.07194	0.00441	0.00521	0.00844	0.00385	0.00413
48	0.04209	0.02583	0.08764	0.06009	0.02833	0.06497	0.02230	0.01454	0.01086	0.13153	0.01473	0.08984	0.01303	0.02003	0.30452	0.00438	0.04966	0.00596	0.00352	0.00614
49	0.01437	0.01451	0.02031	0.06470	0.51187	0.12107	0.05707	0.05162	0.05933	0.01776	0.01071	0.01330	0.00871	0.00513	0.00532	0.00160	0.00688	0.00477	0.00296	0.00802
50	0.01578	0.01722	0.01903	0.05789	0.45174	0.28683	0.01404	0.04385	0.01366	0.01639	0.00954	0.01204	0.00791	0.00513	0.00515	0.00153	0.00756	0.00432	0.00278	0.00761
51	0.09577	0.01206	0.01872	0.05719	0.56698	0.03051	0.02989	0.01562	0.01194	0.01764	0.01389	0.01636	0.07912	0.00565	0.00522	0.00163	0.00598	0.00520	0.00293	0.00769
52	0.49223	0.11354	0.01447	0.01176	0.08881	0.05235	0.07719	0.01631	0.01050	0.04036	0.00916	0.03591	0.00765	0.00533	0.00406	0.00161	0.00528	0.00390	0.00318	0.00641
53	0.03482	0.10567	0.02169	0.04465	0.55109	0.07263	0.04228	0.01702	0.02939	0.01682	0.00988	0.01258	0.00826	0.00488	0.00506	0.00155	0.00657	0.00450	0.00270	0.00797
54	0.03595	0.00761	0.00936	0.00993	0.05951	0.00774	0.00698	0.09670	0.08090	0.04267	0.05429	0.28977	0.13614	0.01307	0.02552	0.03278	0.00423	0.07625	0.00481	0.00578

[dist]
# distance from previous block
# <min> <max>
13	81

[block]
# block no. 1 follows, 45 sequences, length 12
# corresponding to MSA columns:
# 309-320
name=unknown_B
#
# <colnr> <probs for GDERKNQSTAVLIFYWHMCP>
#	G	D	E	R	K	N	Q	S	T	A	V	L	I	F	Y	W	H	M	C	P
0	0.01206	0.00939	0.01258	0.01162	0.06922	0.00954	0.06500	0.20984	0.03451	0.03410	0.31551	0.08971	0.06246	0.00937	0.00604	0.00174	0.00441	0.03114	0.00514	0.00662
1	0.01150	0.01132	0.01704	0.55342	0.19332	0.06965	0.01472	0.01480	0.01143	0.01456	0.01012	0.01509	0.00812	0.00553	0.00538	0.00174	0.00711	0.02610	0.00255	0.00650
2	0.01044	0.00881	0.01039	0.00788	0.01198	0.00673	0.00615	0.01261	0.01100	0.01692	0.01256	0.13111	0.01210	0.00591	0.00441	0.00100	0.00385	0.00500	0.00345	0.71770
3	0.01169	0.00804	0.01044	0.00874	0.01136	0.00755	0.03984	0.07140	0.07114	0.11553	0.38095	0.05406	0.04904	0.00891	0.00580	0.00161	0.00371	0.01839	0.00536	0.11644
4	0.06677	0.00886	0.01032	0.00885	0.01201	0.00814	0.00719	0.11203	0.01322	0.01950	0.04284	0.11110	0.01791	0.00860	0.00533	0.00154	0.00433	0.18091	0.00419	0.35636
5	0.10069	0.01388	0.01747	0.07903	0.37491	0.10086	0.01285	0.16546	0.01486	0.02086	0.04145	0.01350	0.00980	0.00552	0.00511	0.00160	0.00633	0.00465	0.00339	0.00777
6	0.01302	0.05234	0.03295	0.05497	0.50253	0.02610	0.06965	0.04181	0.01257	0.01749	0.01143	0.01656	0.00999	0.00557	0.00537	0.00162	0.00639	0.06098	0.00293	0.05573
7	0.56573	0.01030	0.04288	0.00764	0.01103	0.01033	0.00648	0.01501	0.01019	0.05032	0.06136	0.06462	0.01138	0.00611	0.00400	0.00159	0.00414	0.00436	0.00367	0.10886
8	0.00960	0.00756	0.01014	0.01187	0.13621	0.00748	0.00755	0.07709	0.02668	0.01805	0.19397	0.15183	0.12338	0.09846	0.00856	0.00223	0.00418	0.09484	0.00466	0.00567
9	0.01229	0.01277	0.04882	0.15777	0.33830	0.01246	0.21986	0.03510	0.02819	0.01707	0.01164	0.05963	0.00985	0.00561	0.00569	0.00173	0.00706	0.00581	0.00288	0.00748
10	0.03244	0.12176	0.03027	0.05315	0.01172	0.00914	0.00674	0.04519	0.01139	0.15459	0.05309	0.10705	0.01762	0.27935	0.01262	0.00282	0.00495	0.00689	0.00407	0.03515
11	0.10395	0.04435	0.20804	0.01616	0.16942	0.01175	0.05973	0.04333	0.06466	0.06259	0.03583	0.01531	0.01064	0.00568	0.00502	0.00159	0.00596	0.03193	0.00339	0.10068

[dist]
# distance from previous block
# <min> <max>
18	78

[block]
# block no. 2 follows, 45 sequences, length 22
# corresponding to MSA columns:
# 417-438
name=unknown_C
#
# <colnr> <probs for GDERKNQSTAVLIFYWHMCP>
#	G	D	E	R	K	N	Q	S	T	A	V	L	I	F	Y	W	H	M	C	P
0	0.02454	0.12852	0.04531	0.03144	0.03595	0.04650	0.00883	0.15115	0.12646	0.04424	0.04830	0.01704	0.06596	0.00705	0.02208	0.00158	0.00528	0.00498	0.00405	0.18073
1	0.04020	0.03567	0.01617	0.09044	0.22438	0.04286	0.01134	0.17700	0.17293	0.02149	0.01398	0.01510	0.02990	0.00590	0.00514	0.00158	0.00564	0.00493	0.00392	0.08143
2	0.06891	0.01290	0.01727	0.13741	0.39621	0.09744	0.01318	0.04388	0.05408	0.01815	0.07847	0.01548	0.01216	0.00571	0.00524	0.00163	0.00623	0.00502	0.00321	0.00742
3	0.12730	0.10204	0.08695	0.07428	0.05372	0.02611	0.07714	0.21893	0.09276	0.02260	0.05796	0.01433	0.01119	0.00594	0.00500	0.00163	0.00592	0.00481	0.00388	0.00753
4	0.04922	0.10306	0.01694	0.09828	0.05224	0.03617	0.01054	0.43690	0.09954	0.02642	0.01242	0.01310	0.00922	0.00606	0.00507	0.00160	0.00590	0.00463	0.00444	0.00824
5	0.01098	0.06477	0.03424	0.00853	0.01083	0.04534	0.00691	0.11958	0.05164	0.03735	0.34240	0.11773	0.10833	0.01010	0.00588	0.00170	0.00395	0.00858	0.00512	0.00604
6	0.01153	0.00942	0.01096	0.00827	0.01232	0.00785	0.00657	0.09955	0.01333	0.01983	0.12107	0.04468	0.01525	0.00574	0.00458	0.00107	0.00396	0.00476	0.00389	0.59536
7	0.04972	0.19115	0.04660	0.01199	0.01558	0.48040	0.00986	0.01904	0.01346	0.01408	0.00828	0.00964	0.00698	0.00512	0.00440	0.00129	0.00793	0.00330	0.00271	0.09846
8	0.00805	0.00567	0.00726	0.00700	0.00843	0.00520	0.00541	0.01040	0.01449	0.04335	0.57209	0.04324	0.14566	0.01162	0.00642	0.00179	0.00289	0.09021	0.00570	0.00510
9	0.01014	0.00851	0.03066	0.00803	0.01047	0.00812	0.00639	0.09921	0.17560	0.04127	0.03766	0.12135	0.39902	0.01133	0.00604	0.00182	0.00366	0.00950	0.00510	0.00612
10	0.00654	0.00467	0.00623	0.00747	0.00779	0.00436	0.00498	0.00747	0.01028	0.01370	0.02959	0.80785	0.03550	0.01682	0.00685	0.00218	0.00311	0.01526	0.00498	0.00436
11	0.10232	0.00963	0.01520	0.71151	0.03405	0.01194	0.01391	0.01394	0.01056	0.01485	0.00931	0.01370	0.00701	0.00532	0.00514	0.00177	0.00683	0.00457	0.00249	0.00595
12	0.01329	0.01275	0.02179	0.03295	0.77787	0.01275	0.01647	0.01647	0.01222	0.01754	0.01010	0.01329	0.00850	0.00478	0.00531	0.00159	0.00638	0.00478	0.00266	0.00850
13	0.01215	0.01014	0.01168	0.00843	0.01315	0.00820	0.00678	0.09552	0.01268	0.01929	0.00991	0.01132	0.00808	0.00425	0.00413	0.00088	0.00419	0.00336	0.00342	0.75243
14	0.01623	0.01349	0.04342	0.01142	0.01509	0.03585	0.00942	0.30488	0.36723	0.05640	0.03786	0.01790	0.03210	0.00705	0.00544	0.00171	0.00511	0.00564	0.00527	0.00849
15	0.01021	0.00776	0.00996	0.01071	0.09413	0.00771	0.00725	0.09289	0.06780	0.04113	0.28989	0.14597	0.13072	0.01083	0.00617	0.00181	0.00374	0.05009	0.00517	0.00606
16	0.00929	0.00913	0.09397	0.00903	0.01059	0.00821	0.00756	0.01136	0.03119	0.03468	0.06778	0.02501	0.02900	0.29070	0.20578	0.00465	0.11395	0.00641	0.00330	0.02841
17	0.01501	0.01400	0.01917	0.03891	0.11131	0.15318	0.21793	0.08048	0.01376	0.10109	0.02907	0.02941	0.01070	0.01047	0.11227	0.00261	0.02457	0.00547	0.00349	0.00708
18	0.07834	0.22223	0.23882	0.01123	0.01617	0.03622	0.01163	0.12400	0.04485	0.05254	0.05383	0.04204	0.01130	0.00605	0.00470	0.00153	0.00595	0.00458	0.00347	0.03053
19	0.01407	0.50080	0.19415	0.01135	0.02913	0.05612	0.01169	0.07311	0.01246	0.01560	0.03209	0.01065	0.00842	0.00509	0.00415	0.00134	0.00635	0.00354	0.00266	0.00723
20	0.03006	0.67755	0.04553	0.00968	0.01406	0.09508	0.00939	0.01643	0.01144	0.01328	0.03125	0.00976	0.00822	0.00490	0.00371	0.00121	0.00605	0.00317	0.00247	0.00678
21	0.03136	0.30537	0.05489	0.00888	0.01215	0.04923	0.00804	0.03577	0.02913	0.06038	0.15203	0.02171	0.10502	0.01100	0.09107	0.00225	0.00593	0.00574	0.00377	0.00629

[dist]
# distance from previous block
# <min> <max>
0	9

[block]
# block no. 3 follows, 45 sequences, length 16
# corresponding to MSA columns:
# 448-463
name=unknown_D
#
# <colnr> <probs for GDERKNQSTAVLIFYWHMCP>
#	G	D	E	R	K	N	Q	S	T	A	V	L	I	F	Y	W	H	M	C	P
0	0.01692	0.01270	0.01386	0.01111	0.01475	0.01369	0.00894	0.52030	0.08310	0.02842	0.01583	0.13233	0.01357	0.00785	0.00547	0.00164	0.00518	0.00635	0.00512	0.08287
1	0.01291	0.01251	0.03477	0.26387	0.32840	0.04942	0.01414	0.06415	0.11071	0.01776	0.01201	0.01548	0.00962	0.00570	0.00538	0.00170	0.00647	0.02429	0.00316	0.00754
2	0.00865	0.00617	0.00762	0.00784	0.00870	0.00622	0.00554	0.09351	0.01187	0.01596	0.08014	0.40779	0.02881	0.18478	0.05201	0.00308	0.00454	0.05737	0.00462	0.00478
3	0.03323	0.01038	0.01633	0.22729	0.30553	0.02318	0.03146	0.01448	0.03319	0.01667	0.09373	0.06895	0.01556	0.00716	0.00615	0.00178	0.04035	0.04453	0.00328	0.00676
4	0.01093	0.00998	0.01247	0.01076	0.01325	0.09628	0.13397	0.05160	0.01319	0.04912	0.03068	0.09503	0.27909	0.03777	0.00700	0.00200	0.00532	0.13158	0.00437	0.00564
5	0.01225	0.01182	0.02048	0.27555	0.50497	0.01253	0.05318	0.01563	0.01177	0.01631	0.00996	0.01367	0.00806	0.00496	0.00538	0.00167	0.00676	0.00486	0.00257	0.00763
6	0.01095	0.00926	0.01121	0.04407	0.01358	0.00758	0.00689	0.03368	0.01122	0.01720	0.01018	0.01245	0.00857	0.00823	0.09332	0.00175	0.00535	0.00359	0.00317	0.68774
7	0.01938	0.02289	0.01499	0.01335	0.01632	0.61933	0.01015	0.10603	0.09654	0.01648	0.01026	0.01115	0.00817	0.00582	0.00497	0.00146	0.00867	0.00389	0.00335	0.00679
8	0.00686	0.00505	0.00636	0.00723	0.00795	0.00468	0.00512	0.00805	0.01091	0.01420	0.06063	0.50159	0.17613	0.06584	0.00809	0.00232	0.00336	0.09631	0.00490	0.00441
9	0.01572	0.06205	0.02573	0.09523	0.01727	0.03055	0.02845	0.36100	0.14585	0.02430	0.02690	0.01565	0.01116	0.03591	0.03489	0.04609	0.00609	0.00512	0.00440	0.00764
10	0.00715	0.00534	0.00664	0.00712	0.00806	0.00477	0.00486	0.00823	0.01044	0.01402	0.04296	0.54648	0.11530	0.09343	0.00850	0.00228	0.00336	0.01269	0.00464	0.09373
11	0.01322	0.10366	0.02008	0.06878	0.50098	0.05994	0.01381	0.03589	0.01284	0.01736	0.09120	0.01544	0.01265	0.00554	0.00519	0.00155	0.00613	0.00501	0.00303	0.00769
12	0.01081	0.00733	0.01078	0.04655	0.09944	0.00729	0.00960	0.01331	0.01252	0.09758	0.02479	0.07537	0.02561	0.01248	0.00685	0.00225	0.00510	0.52177	0.00476	0.00582
13	0.19120	0.01059	0.01409	0.32882	0.05686	0.01199	0.02686	0.13497	0.01355	0.10157	0.05099	0.01463	0.01020	0.00584	0.00501	0.00171	0.00581	0.00474	0.00372	0.00687
14	0.01464	0.03923	0.10066	0.06009	0.40718	0.16310	0.01453	0.07228	0.03388	0.01760	0.01073	0.01298	0.01874	0.00529	0.00517	0.00157	0.00706	0.00451	0.00292	0.00783
15	0.19973	0.18030	0.26714	0.01168	0.01681	0.07275	0.03338	0.09574	0.01272	0.01937	0.03857	0.01144	0.00859	0.00536	0.00446	0.00155	0.00639	0.00385	0.00303	0.00712

[dist]
# distance from previous block
# <min> <max>
0	5

[block]
# block no. 4 follows, 45 sequences, length 6
# corresponding to MSA columns:
# 469,485-489
name=unknown_E
#
# <colnr> <probs for GDERKNQSTAVLIFYWHMCP>
#	G	D	E	R	K	N	Q	S	T	A	V	L	I	F	Y	W	H	M	C	P
0	0.01300	0.10891	0.50575	0.01497	0.02175	0.01303	0.11976	0.01801	0.01195	0.10741	0.01094	0.01230	0.00777	0.00515	0.00513	0.00165	0.00745	0.00435	0.00285	0.00787
1	0.01242	0.16381	0.04750	0.08985	0.17651	0.08763	0.03119	0.03090	0.03642	0.01575	0.08146	0.01673	0.01306	0.01083	0.11331	0.00255	0.04100	0.01932	0.00307	0.00669
2	0.01063	0.00681	0.00811	0.00766	0.00884	0.00685	0.00533	0.11274	0.01179	0.08620	0.02156	0.24179	0.05131	0.33665	0.05641	0.00360	0.00506	0.00924	0.00438	0.00504
3	0.10932	0.01358	0.01434	0.01137	0.01534	0.01504	0.00930	0.51431	0.14129	0.08030	0.01428	0.01393	0.01020	0.00643	0.00516	0.00165	0.00536	0.00486	0.00525	0.00867
4	0.04747	0.39039	0.15702	0.01264	0.05452	0.22711	0.01162	0.01770	0.01215	0.01423	0.00821	0.00962	0.00692	0.00496	0.00420	0.00135	0.00717	0.00332	0.00248	0.00693
5	0.00911	0.00596	0.00747	0.00759	0.00905	0.00553	0.00598	0.01087	0.01233	0.08648	0.14210	0.08001	0.22760	0.11840	0.00939	0.00246	0.00392	0.24573	0.00503	0.00499

[dist]
# distance from previous block
# <min> <max>
0	4

[block]
# block no. 5 follows, 45 sequences, length 15
# corresponding to MSA columns:
# 494-508
name=unknown_F
#
# <colnr> <probs for GDERKNQSTAVLIFYWHMCP>
#	G	D	E	R	K	N	Q	S	T	A	V	L	I	F	Y	W	H	M	C	P
0	0.13169	0.01219	0.01215	0.01055	0.01381	0.03364	0.00835	0.16271	0.47906	0.02431	0.01885	0.01786	0.03772	0.00696	0.00516	0.00175	0.00464	0.00550	0.00506	0.00805
1	0.00718	0.00545	0.00777	0.11841	0.01209	0.00554	0.00661	0.00858	0.01048	0.01386	0.02670	0.64826	0.03123	0.01508	0.00668	0.00214	0.00380	0.06090	0.00462	0.00462
2	0.00854	0.00620	0.00765	0.00804	0.00902	0.00613	0.00569	0.11304	0.01276	0.01706	0.07642	0.62120	0.05778	0.01488	0.00659	0.00206	0.00345	0.01331	0.00510	0.00508
3	0.01296	0.01213	0.02051	0.32353	0.25563	0.01312	0.14349	0.11966	0.01355	0.01829	0.01041	0.01383	0.00801	0.00520	0.00552	0.00171	0.00707	0.00505	0.00294	0.00739
4	0.01218	0.01135	0.01901	0.06392	0.60837	0.01140	0.01452	0.01527	0.01257	0.01787	0.11785	0.01877	0.01514	0.00604	0.00553	0.00165	0.00582	0.03176	0.00318	0.00778
5	0.01238	0.01179	0.01170	0.00877	0.01326	0.11676	0.00692	0.01463	0.01170	0.01688	0.00937	0.01093	0.00781	0.00419	0.00410	0.00088	0.00477	0.00322	0.00312	0.72681
6	0.03740	0.11443	0.62791	0.01444	0.02166	0.01362	0.03659	0.04415	0.01176	0.01735	0.00947	0.01108	0.00690	0.00507	0.00490	0.00164	0.00753	0.00390	0.00243	0.00778
7	0.01217	0.00848	0.01047	0.00859	0.02803	0.00699	0.00653	0.03634	0.01273	0.12665	0.13713	0.11294	0.01896	0.00712	0.00497	0.00127	0.00383	0.00609	0.00438	0.44633
8	0.01169	0.00831	0.00994	0.02164	0.01157	0.00810	0.00688	0.11207	0.08925	0.07775	0.15091	0.13569	0.04723	0.06158	0.00718	0.00192	0.00412	0.08145	0.00490	0.14782
9	0.01386	0.01377	0.04527	0.06775	0.12844	0.10379	0.12918	0.15937	0.08605	0.02025	0.07959	0.06896	0.04542	0.00710	0.00567	0.00170	0.00632	0.00633	0.00395	0.00724
10	0.01142	0.10173	0.03181	0.00895	0.01162	0.00873	0.05538	0.04886	0.02683	0.10805	0.32643	0.06236	0.08713	0.03622	0.00648	0.00177	0.00412	0.02440	0.00493	0.03279
11	0.03454	0.13176	0.03383	0.01433	0.14388	0.17904	0.01009	0.09527	0.05986	0.01801	0.02242	0.01291	0.02760	0.00538	0.00465	0.00133	0.00612	0.00412	0.00331	0.19156
12	0.01421	0.03973	0.17415	0.01189	0.04371	0.03390	0.03414	0.12098	0.08248	0.14437	0.03477	0.06469	0.03221	0.11982	0.00852	0.00220	0.00575	0.02102	0.00425	0.00720
13	0.05670	0.14823	0.16963	0.01215	0.04632	0.14950	0.01090	0.08128	0.05770	0.05081	0.04261	0.12414	0.01360	0.00725	0.00505	0.00161	0.00620	0.00574	0.00360	0.00695
14	0.04603	0.11466	0.05787	0.01124	0.01509	0.06538	0.02613	0.21727	0.19740	0.04127	0.01492	0.03336	0.03171	0.00653	0.00539	0.00158	0.03084	0.00501	0.00427	0.07406

[dist]
# distance from previous block
# <min> <max>
44	261

[block]
# block no. 6 follows, 45 sequences, length 13
# corresponding to MSA columns:
# 822-834
name=unknown_G
#
# <colnr> <probs for GDERKNQSTAVLIFYWHMCP>
#	G	D	E	R	K	N	Q	S	T	A	V	L	I	F	Y	W	H	M	C	P
0	0.01153	0.01017	0.04762	0.00968	0.02396	0.03323	0.00756	0.13706	0.18457	0.01971	0.10063	0.13186	0.07148	0.13205	0.00914	0.00232	0.00464	0.03769	0.00472	0.02037
1	0.03841	0.01363	0.04867	0.01382	0.08494	0.01376	0.04731	0.43432	0.03053	0.06161	0.01492	0.03921	0.04550	0.00713	0.01586	0.00171	0.02107	0.00539	0.00462	0.05759
2	0.00901	0.00678	0.00889	0.00929	0.05072	0.00654	0.00672	0.05322	0.01316	0.01814	0.27285	0.11462	0.05389	0.08502	0.04183	0.00245	0.00438	0.16933	0.00480	0.06836
3	0.01406	0.28185	0.22582	0.01425	0.05586	0.04883	0.12648	0.01787	0.03145	0.08477	0.01042	0.01178	0.00801	0.00500	0.00473	0.00148	0.00681	0.00413	0.00290	0.04352
4	0.02008	0.01218	0.08270	0.01069	0.01495	0.01066	0.00940	0.18335	0.10078	0.42885	0.05576	0.01776	0.01400	0.00675	0.00542	0.00167	0.00503	0.00543	0.00580	0.00875
5	0.01763	0.01162	0.05027	0.01022	0.01367	0.04392	0.00843	0.13398	0.19305	0.29948	0.04772	0.01998	0.01497	0.10085	0.00797	0.00210	0.00508	0.00577	0.00536	0.00795
6	0.10104	0.00540	0.00648	0.00731	0.00808	0.00529	0.00506	0.00865	0.01064	0.01559	0.09518	0.62958	0.05244	0.01488	0.00640	0.00207	0.00317	0.01327	0.00488	0.00459
7	0.01152	0.00991	0.01852	0.05735	0.01891	0.00925	0.32808	0.01436	0.01207	0.10145	0.02027	0.24956	0.06789	0.00899	0.00622	0.00185	0.00605	0.00895	0.00397	0.04483
8	0.57667	0.01185	0.04421	0.00993	0.04738	0.01286	0.00802	0.09934	0.01131	0.05016	0.00874	0.01012	0.00673	0.00560	0.00509	0.00172	0.07676	0.00350	0.00350	0.00652
9	0.01300	0.01228	0.01990	0.07938	0.61293	0.01254	0.01507	0.01752	0.09677	0.01784	0.01135	0.01402	0.00928	0.00507	0.00528	0.00160	0.00609	0.00486	0.00297	0.04224
10	0.01130	0.01009	0.01343	0.00959	0.01444	0.00787	0.09060	0.01393	0.01130	0.01746	0.00969	0.01151	0.00797	0.00404	0.00424	0.00091	0.00454	0.00353	0.00313	0.75041
11	0.01337	0.01491	0.09184	0.12122	0.32710	0.04704	0.21011	0.07609	0.01325	0.01804	0.01033	0.01336	0.00807	0.00498	0.00555	0.00168	0.00742	0.00506	0.00283	0.00776
12	0.01008	0.00941	0.01567	0.69790	0.07253	0.01145	0.01430	0.01351	0.01093	0.01403	0.01215	0.01748	0.04100	0.00602	0.00548	0.00180	0.00685	0.03082	0.00260	0.00600

[dist]
# distance from previous block
# <min> <max>
24	40

[block]
# block no. 7 follows, 45 sequences, length 38
# corresponding to MSA columns:
# 878-915
name=unknown_H
#
# <colnr> <probs for GDERKNQSTAVLIFYWHMCP>
#	G	D	E	R	K	N	Q	S	T	A	V	L	I	F	Y	W	H	M	C	P
0	0.01634	0.01221	0.01365	0.01038	0.01459	0.02564	0.00846	0.32212	0.03687	0.09202	0.01213	0.01272	0.00907	0.00560	0.00538	0.00132	0.04304	0.00421	0.00440	0.34986
1	0.01263	0.11239	0.13242	0.01225	0.08451	0.01154	0.01015	0.11070	0.07222	0.03400	0.01371	0.11598	0.01240	0.02167	0.00534	0.00151	0.00521	0.00555	0.00365	0.22216
2	0.00954	0.00965	0.06889	0.07438	0.11358	0.00848	0.07741	0.03658	0.04950	0.01621	0.05162	0.26325	0.12181	0.04425	0.00695	0.00199	0.00493	0.00928	0.00402	0.02768
3	0.01343	0.01986	0.33906	0.01906	0.12722	0.01358	0.20810	0.15785	0.01444	0.02032	0.01063	0.01271	0.00782	0.00516	0.00550	0.00170	0.00762	0.00485	0.00302	0.00806
4	0.13355	0.12123	0.42516	0.01229	0.01846	0.01323	0.01417	0.07463	0.01216	0.04373	0.00967	0.01094	0.00716	0.00508	0.00457	0.00154	0.00650	0.00372	0.00289	0.07931
5	0.01127	0.11396	0.01472	0.07837	0.04851	0.01219	0.03341	0.08867	0.04828	0.01649	0.02124	0.11218	0.16508	0.00927	0.00810	0.00184	0.17539	0.00716	0.02773	0.00616
6	0.01090	0.04647	0.52062	0.01442	0.04476	0.01193	0.04744	0.01730	0.09255	0.01806	0.11029	0.01611	0.01363	0.00604	0.00531	0.00170	0.00677	0.00503	0.00311	0.00758
7	0.07509	0.44758	0.25947	0.01085	0.01618	0.01681	0.01200	0.01636	0.03559	0.01523	0.01024	0.02696	0.02716	0.00534	0.00416	0.00142	0.00612	0.00378	0.00259	0.00707
8	0.09068	0.02478	0.01476	0.01382	0.11362	0.11258	0.00986	0.19735	0.07401	0.22691	0.01470	0.01465	0.02179	0.00631	0.00564	0.00164	0.03934	0.00480	0.00468	0.00810
9	0.01482	0.77609	0.02738	0.00920	0.01377	0.02060	0.00912	0.01656	0.01112	0.04938	0.00812	0.00907	0.00719	0.00469	0.00354	0.00117	0.00568	0.00299	0.00250	0.00700
10	0.00932	0.00466	0.00699	0.00699	0.00699	0.00466	0.00466	0.00699	0.00699	0.00932	0.00932	0.01632	0.00932	0.01865	0.02098	0.84382	0.00466	0.00466	0.00233	0.00233
11	0.01567	0.01268	0.04806	0.01403	0.13161	0.07380	0.00995	0.09009	0.25162	0.16492	0.08243	0.01979	0.04722	0.00704	0.00546	0.00168	0.00518	0.00585	0.00490	0.00801
12	0.01148	0.01077	0.03156	0.54753	0.16741	0.01208	0.05034	0.03782	0.01171	0.03521	0.01053	0.01516	0.00818	0.00549	0.00544	0.00176	0.00697	0.02117	0.00271	0.00667
13	0.01971	0.00811	0.01103	0.00904	0.01233	0.00711	0.00730	0.02170	0.01459	0.58264	0.09290	0.12048	0.02029	0.00866	0.00575	0.00176	0.00421	0.03811	0.00630	0.00798
14	0.02891	0.02616	0.70104	0.01622	0.05688	0.01252	0.05068	0.01696	0.01138	0.01718	0.00966	0.01150	0.00691	0.00506	0.00512	0.00170	0.00783	0.00408	0.00233	0.00788
15	0.06552	0.16177	0.09648	0.01336	0.06215	0.06974	0.04671	0.09491	0.01290	0.11651	0.01122	0.01385	0.00904	0.00741	0.02964	0.00190	0.14792	0.02832	0.00343	0.00722
16	0.00675	0.00485	0.00659	0.00770	0.00812	0.00469	0.00532	0.00785	0.01019	0.01367	0.02792	0.69248	0.03296	0.01923	0.09033	0.00288	0.00439	0.04491	0.00476	0.00443
17	0.01020	0.00690	0.01046	0.00903	0.01095	0.00635	0.10289	0.01231	0.01285	0.11411	0.26991	0.18508	0.08984	0.07521	0.00786	0.00207	0.00398	0.00952	0.05496	0.00553
18	0.01388	0.05397	0.13674	0.05327	0.37842	0.03617	0.06724	0.11868	0.01366	0.01892	0.01010	0.01265	0.00805	0.00532	0.00592	0.00165	0.04975	0.00464	0.00293	0.00803
19	0.01438	0.01172	0.01266	0.02840	0.01457	0.01331	0.00874	0.20417	0.50253	0.02424	0.02009	0.08906	0.01614	0.00789	0.00556	0.00180	0.00461	0.00657	0.00533	0.00822
20	0.65932	0.01195	0.08391	0.11058	0.01507	0.01207	0.00835	0.01563	0.00956	0.02205	0.00795	0.00970	0.00608	0.00504	0.00376	0.00168	0.00491	0.00325	0.00310	0.00604
21	0.13750	0.19901	0.23842	0.02576	0.01659	0.05967	0.03477	0.01749	0.10927	0.01716	0.01187	0.07361	0.01021	0.00626	0.00490	0.00162	0.02103	0.00478	0.00310	0.00698
22	0.01035	0.00957	0.01592	0.56338	0.16126	0.01118	0.01390	0.01373	0.01157	0.01539	0.10900	0.01748	0.01303	0.00599	0.00548	0.00174	0.00642	0.00541	0.00289	0.00629
23	0.12549	0.04386	0.22881	0.01001	0.01422	0.00953	0.01019	0.01695	0.03331	0.18145	0.24657	0.02140	0.02174	0.00725	0.00525	0.00167	0.00488	0.00590	0.00454	0.00700
24	0.01170	0.22012	0.57840	0.01400	0.02105	0.01464	0.03699	0.01678	0.01126	0.01593	0.00913	0.01075	0.00686	0.00496	0.00473	0.00157	0.00743	0.00376	0.00229	0.00766
25	0.00760	0.00549	0.00718	0.00675	0.00802	0.00506	0.00506	0.01013	0.01519	0.02153	0.77503	0.04010	0.05065	0.01097	0.00633	0.00169	0.00253	0.00971	0.00591	0.00506
26	0.01036	0.02487	0.68276	0.01419	0.02126	0.01151	0.01792	0.01611	0.01183	0.01759	0.10898	0.01507	0.01249	0.00586	0.00526	0.00170	0.00723	0.00471	0.00274	0.00756
27	0.00689	0.00486	0.00629	0.00722	0.00756	0.00460	0.00479	0.00780	0.01021	0.01368	0.07305	0.60450	0.03351	0.15503	0.01041	0.00269	0.00350	0.03447	0.00474	0.00423
28	0.00744	0.00622	0.00657	0.00638	0.00824	0.00575	0.00481	0.01075	0.11075	0.01654	0.15417	0.06058	0.55761	0.01246	0.00624	0.00180	0.00290	0.01049	0.00518	0.00512
29	0.01942	0.01656	0.01669	0.01528	0.11545	0.14941	0.01105	0.53616	0.02182	0.02815	0.01173	0.01239	0.00867	0.00607	0.00527	0.00157	0.00662	0.00459	0.00457	0.00855
30	0.05342	0.00869	0.00964	0.00799	0.01077	0.00887	0.00642	0.19939	0.01558	0.20577	0.01680	0.01734	0.01215	0.00634	0.00452	0.00146	0.00391	0.00496	0.39894	0.00704
31	0.01859	0.01414	0.01479	0.01178	0.01549	0.04781	0.00953	0.63100	0.02287	0.03034	0.01486	0.11594	0.01246	0.00775	0.00554	0.00168	0.00570	0.00613	0.00521	0.00839
32	0.04083	0.01255	0.01432	0.01468	0.14752	0.04698	0.00993	0.12697	0.38163	0.05657	0.01649	0.01626	0.01244	0.00629	0.00521	0.00164	0.00508	0.00520	0.00465	0.07479
33	0.01213	0.01234	0.01726	0.52548	0.19995	0.11308	0.01467	0.01533	0.01165	0.01449	0.00950	0.01348	0.00743	0.00526	0.00529	0.00169	0.00731	0.00460	0.00250	0.00656
34	0.74168	0.01099	0.00896	0.00775	0.01119	0.01264	0.00638	0.11238	0.01123	0.02535	0.00818	0.00926	0.00624	0.00517	0.00359	0.00165	0.00438	0.00316	0.00359	0.00624
35	0.00786	0.00531	0.00623	0.00645	0.00662	0.00529	0.00403	0.00822	0.00851	0.01129	0.01897	0.07295	0.02171	0.67246	0.02382	0.00471	0.00508	0.10341	0.00355	0.00352
36	0.00943	0.00584	0.00763	0.00717	0.00870	0.00531	0.00541	0.01163	0.01435	0.11332	0.52996	0.13812	0.08593	0.01142	0.00630	0.00177	0.00291	0.02353	0.00581	0.00544
37	0.00982	0.00598	0.00789	0.00713	0.00879	0.00545	0.00545	0.01229	0.01522	0.12395	0.67345	0.03716	0.04561	0.01039	0.00621	0.00168	0.00281	0.00913	0.00601	0.00561

[dist]
# distance from previous block
# <min> <max>
0	10

[block]
# block no. 8 follows, 45 sequences, length 36
# corresponding to MSA columns:
# 926-961
name=unknown_I
#
# <colnr> <probs for GDERKNQSTAVLIFYWHMCP>
#	G	D	E	R	K	N	Q	S	T	A	V	L	I	F	Y	W	H	M	C	P
0	0.02034	0.01713	0.01593	0.01264	0.01664	0.17040	0.01024	0.61310	0.02324	0.02972	0.01197	0.01225	0.00869	0.00626	0.00526	0.00157	0.00666	0.00456	0.00485	0.00855
1	0.00766	0.00519	0.00610	0.00623	0.00634	0.00521	0.00370	0.00793	0.00826	0.01110	0.03207	0.11704	0.02140	0.66120	0.07454	0.00504	0.00553	0.00851	0.00346	0.00351
2	0.69165	0.09631	0.01047	0.04906	0.01208	0.01282	0.00663	0.01554	0.00958	0.02224	0.02939	0.00989	0.00727	0.00513	0.00353	0.00161	0.00443	0.00319	0.00324	0.00592
3	0.01772	0.01299	0.01397	0.01102	0.01443	0.01429	0.00878	0.59129	0.04117	0.02888	0.01392	0.01750	0.01138	0.16653	0.00974	0.00233	0.00572	0.00546	0.00495	0.00794
4	0.00661	0.00476	0.00628	0.00747	0.00788	0.00443	0.00508	0.00762	0.01044	0.01383	0.03065	0.74665	0.06826	0.01660	0.00685	0.00217	0.00316	0.04188	0.00498	0.00439
5	0.00786	0.00724	0.01102	0.00919	0.01159	0.00645	0.15434	0.01006	0.01279	0.01624	0.16651	0.05528	0.47507	0.01142	0.00637	0.00181	0.00399	0.02293	0.00469	0.00516
6	0.84927	0.01038	0.00789	0.00706	0.01038	0.01204	0.00581	0.01578	0.00914	0.02408	0.00747	0.00872	0.00581	0.00498	0.00332	0.00166	0.00415	0.00291	0.00332	0.00581
7	0.00781	0.00520	0.00585	0.00585	0.00585	0.00520	0.00325	0.00781	0.00781	0.01041	0.01691	0.03513	0.01952	0.81135	0.02732	0.00520	0.00520	0.00781	0.00325	0.00325
8	0.00674	0.00487	0.00638	0.00724	0.00781	0.00451	0.00496	0.00801	0.01134	0.01529	0.17890	0.62239	0.07060	0.01552	0.00673	0.00207	0.00298	0.01399	0.00517	0.00451
9	0.01113	0.00954	0.01113	0.00795	0.01272	0.00716	0.00636	0.01352	0.01113	0.01749	0.00954	0.01113	0.00795	0.00398	0.00398	0.00080	0.00398	0.00318	0.00318	0.84417
10	0.01102	0.00640	0.00926	0.00868	0.01028	0.00688	0.00684	0.01299	0.01006	0.16568	0.01584	0.02049	0.01341	0.03235	0.60582	0.00698	0.01200	0.00565	0.03370	0.00566
11	0.00976	0.00890	0.01482	0.61356	0.05845	0.01092	0.01333	0.01299	0.01037	0.01360	0.01052	0.01562	0.00845	0.01228	0.16142	0.00314	0.00856	0.00497	0.00249	0.00582
12	0.01797	0.02517	0.16828	0.01476	0.04558	0.57923	0.01247	0.04687	0.01469	0.01481	0.00879	0.01026	0.00703	0.00545	0.00493	0.00146	0.00908	0.00366	0.00276	0.00675
13	0.00654	0.00467	0.00623	0.00747	0.00779	0.00436	0.00498	0.00747	0.01028	0.01370	0.02959	0.80785	0.03550	0.01682	0.00685	0.00218	0.00311	0.01526	0.00498	0.00436
14	0.12307	0.01094	0.01257	0.00993	0.01381	0.03011	0.00812	0.19534	0.02786	0.45134	0.02988	0.03663	0.01248	0.00671	0.00518	0.00166	0.00488	0.00525	0.00577	0.00845
15	0.02016	0.01129	0.01328	0.01059	0.01443	0.01160	0.00859	0.23269	0.19748	0.37489	0.01892	0.01751	0.01298	0.02285	0.00584	0.00176	0.00488	0.00545	0.00594	0.00886
16	0.01196	0.01141	0.01940	0.35418	0.46696	0.01241	0.01582	0.01532	0.01160	0.01593	0.00986	0.01372	0.00794	0.00503	0.00534	0.00168	0.00670	0.00478	0.00254	0.00744
17	0.00959	0.00595	0.00922	0.16470	0.01327	0.00663	0.00701	0.00859	0.00779	0.01036	0.00927	0.01571	0.00879	0.01560	0.01772	0.63894	0.04061	0.00469	0.00234	0.00321
18	0.01266	0.01212	0.02066	0.18518	0.63053	0.01259	0.01616	0.01593	0.01193	0.01678	0.00999	0.01349	0.00823	0.00490	0.00532	0.00163	0.00653	0.00478	0.00260	0.00800
19	0.00846	0.00608	0.00697	0.00634	0.00731	0.00563	0.00395	0.00898	0.00849	0.01187	0.01539	0.03002	0.01707	0.63246	0.04082	0.00441	0.00518	0.00684	0.00323	0.17052
20	0.00748	0.00567	0.00718	0.00749	0.00871	0.00494	0.00520	0.00869	0.01042	0.01439	0.02574	0.61591	0.04333	0.03425	0.00679	0.00197	0.00333	0.01260	0.00458	0.17134
21	0.02335	0.01031	0.01318	0.01011	0.01429	0.00963	0.00835	0.17209	0.01733	0.63288	0.01953	0.01720	0.01246	0.00660	0.00539	0.00165	0.00483	0.00529	0.00639	0.00913
22	0.00780	0.00522	0.00591	0.00589	0.00595	0.00520	0.00333	0.00791	0.00813	0.01090	0.05064	0.03535	0.02090	0.77575	0.02639	0.00505	0.00509	0.00789	0.00337	0.00333
23	0.01128	0.02454	0.63013	0.01443	0.02139	0.01264	0.01758	0.01929	0.16184	0.01808	0.01206	0.01306	0.00871	0.00553	0.00517	0.00172	0.00720	0.00438	0.00290	0.00805
24	0.01783	0.01376	0.01466	0.01183	0.01566	0.01544	0.00958	0.49289	0.29651	0.02968	0.01616	0.01549	0.01178	0.00675	0.00540	0.00169	0.00530	0.00528	0.00540	0.00890
25	0.00932	0.00466	0.00699	0.00699	0.00699	0.00466	0.00466	0.00699	0.00699	0.00932	0.00932	0.01632	0.00932	0.01865	0.02098	0.84382	0.00466	0.00466	0.00233	0.00233
26	0.01006	0.00558	0.00749	0.00787	0.00897	0.00508	0.00556	0.01127	0.01143	0.16663	0.04909	0.62902	0.03152	0.01463	0.00655	0.00206	0.00339	0.01314	0.00534	0.00533
27	0.01140	0.01112	0.01990	0.52143	0.12596	0.01253	0.16278	0.04153	0.01182	0.01560	0.00999	0.01417	0.00759	0.00517	0.00555	0.00176	0.00739	0.00509	0.00259	0.00664
28	0.02650	0.17207	0.03969	0.24672	0.15000	0.01444	0.24425	0.01581	0.01160	0.01544	0.00959	0.01291	0.00760	0.00484	0.00524	0.00163	0.00730	0.00483	0.00253	0.00700
29	0.01477	0.01535	0.01976	0.08341	0.53356	0.17933	0.01483	0.04436	0.01323	0.01691	0.00977	0.01257	0.00809	0.00505	0.00522	0.00156	0.00712	0.00450	0.00276	0.00785
30	0.84927	0.01038	0.00789	0.00706	0.01038	0.01204	0.00581	0.01578	0.00914	0.02408	0.00747	0.00872	0.00581	0.00498	0.00332	0.00166	0.00415	0.00291	0.00332	0.00581
31	0.09791	0.00679	0.00852	0.00863	0.00933	0.00766	0.00641	0.00972	0.01028	0.01547	0.09924	0.47140	0.04216	0.01342	0.00855	0.00210	0.16193	0.01120	0.00438	0.00489
32	0.01297	0.62504	0.02315	0.00861	0.01258	0.04580	0.00821	0.01460	0.01133	0.01302	0.01682	0.01721	0.15978	0.00642	0.00407	0.00129	0.00528	0.00457	0.00285	0.00640
33	0.01007	0.00861	0.00988	0.00744	0.01151	0.00657	0.00587	0.01221	0.01133	0.01680	0.01895	0.03869	0.16130	0.00620	0.00452	0.00103	0.00370	0.00510	0.00358	0.65664
34	0.02022	0.01663	0.01557	0.01245	0.01636	0.16972	0.01009	0.55916	0.02245	0.06536	0.01276	0.01369	0.00943	0.00648	0.00532	0.00159	0.00657	0.02282	0.00490	0.00845
35	0.00900	0.00698	0.01047	0.16697	0.05460	0.00721	0.02791	0.01130	0.02529	0.04441	0.02416	0.36653	0.05624	0.01235	0.00642	0.00205	0.00464	0.14085	0.00433	0.01829

[dist]
# distance from previous block
# <min> <max>
0	1

[block]
# block no. 9 follows, 45 sequences, length 9
# corresponding to MSA columns:
# 965-968,976-980
name=unknown_J
#
# <colnr> <probs for GDERKNQSTAVLIFYWHMCP>
#	G	D	E	R	K	N	Q	S	T	A	V	L	I	F	Y	W	H	M	C	P
0	0.01207	0.01151	0.01959	0.32888	0.49145	0.01243	0.01587	0.01541	0.01165	0.01606	0.00988	0.01368	0.00798	0.00501	0.00533	0.00167	0.00668	0.00478	0.00255	0.00752
1	0.01217	0.01315	0.02690	0.06765	0.04672	0.01291	0.56098	0.01676	0.04654	0.01695	0.01264	0.01863	0.01043	0.00582	0.00679	0.00188	0.04219	0.07089	0.00300	0.00699
2	0.06643	0.01892	0.01553	0.01455	0.08301	0.36366	0.01057	0.23370	0.05974	0.02064	0.01043	0.01158	0.00817	0.00603	0.00574	0.00157	0.05458	0.00416	0.00367	0.00735
3	0.00788	0.00567	0.00729	0.00807	0.00882	0.00554	0.00576	0.06696	0.01187	0.01586	0.06033	0.63757	0.03363	0.01555	0.00677	0.00214	0.00349	0.08693	0.00505	0.00482
4	0.56547	0.01147	0.01040	0.00863	0.01228	0.01287	0.00712	0.20825	0.01381	0.09123	0.01004	0.01061	0.00730	0.00550	0.00403	0.00165	0.00464	0.00362	0.00413	0.00695
5	0.00796	0.00640	0.00725	0.00716	0.00885	0.00617	0.00545	0.01185	0.13281	0.01756	0.22518	0.11392	0.34960	0.01233	0.00633	0.00187	0.00312	0.06558	0.00529	0.00531
6	0.00931	0.01095	0.18952	0.00869	0.01181	0.00684	0.00847	0.01200	0.01239	0.08359	0.15522	0.11390	0.27520	0.04827	0.00703	0.00197	0.00430	0.03022	0.00456	0.00576
7	0.44011	0.08750	0.12243	0.00959	0.01377	0.01368	0.00902	0.10694	0.11406	0.02296	0.01037	0.01111	0.00788	0.00545	0.00412	0.00163	0.00506	0.00371	0.00361	0.00698
8	0.20879	0.01644	0.08090	0.03076	0.01563	0.18014	0.00982	0.26743	0.04612	0.02370	0.04519	0.01283	0.00990	0.00674	0.02185	0.00175	0.00649	0.00431	0.00397	0.00726

[dist]
# distance from previous block
# <min> <max>
14	24

[block]
# block no. 10 follows, 45 sequences, length 54
# corresponding to MSA columns:
# 1005-1058
name=unknown_K
#
# <colnr> <probs for GDERKNQSTAVLIFYWHMCP>
#	G	D	E	R	K	N	Q	S	T	A	V	L	I	F	Y	W	H	M	C	P
0	0.34436	0.09587	0.20674	0.11178	0.03034	0.01244	0.01095	0.01548	0.01034	0.03221	0.01054	0.01269	0.03382	0.03004	0.00497	0.00173	0.00568	0.00394	0.00293	0.02317
1	0.02716	0.01789	0.30874	0.01658	0.16715	0.02820	0.01417	0.08328	0.13863	0.04639	0.07717	0.01636	0.02219	0.00617	0.00532	0.00168	0.00618	0.00514	0.00366	0.00793
2	0.00868	0.11037	0.01011	0.00749	0.00941	0.00771	0.02218	0.05499	0.01280	0.01637	0.15110	0.21369	0.30239	0.02625	0.00642	0.00185	0.00359	0.02466	0.00472	0.00520
3	0.04290	0.01338	0.03054	0.01163	0.01565	0.01402	0.03678	0.45586	0.13301	0.02784	0.01450	0.05925	0.01141	0.00674	0.00528	0.00159	0.00538	0.00540	0.00489	0.10395
4	0.01489	0.11528	0.01563	0.01014	0.01467	0.01246	0.03268	0.24865	0.05081	0.03940	0.01120	0.01204	0.00870	0.00506	0.00452	0.00120	0.00500	0.00395	0.00392	0.38981
5	0.01470	0.52692	0.07835	0.02838	0.11511	0.10380	0.01116	0.04038	0.01203	0.01433	0.00826	0.00978	0.00717	0.00483	0.00406	0.00130	0.00644	0.00336	0.00249	0.00715
