[name]
unknown

[dist]
# distance from previous block
# <min> <max>
0	50

[block]
# block no. 0 follows, 40 sequences, length 17
# corresponding to MSA columns:
# 53-69
name=unknown_A
#
# <colnr> <probs for GDERKNQSTAVLIFYWHMCP>
#	G	D	E	R	K	N	Q	S	T	A	V	L	I	F	Y	W	H	M	C	P
0	0.01167	0.00784	0.01031	0.01084	0.01276	0.00801	0.00927	0.01633	0.12190	0.08752	0.02902	0.05489	0.02939	0.01404	0.00752	0.00249	0.00521	0.54904	0.00561	0.00634
1	0.00709	0.00506	0.00675	0.00810	0.00843	0.00472	0.00540	0.00810	0.01113	0.01484	0.03205	0.79184	0.03846	0.01822	0.00742	0.00236	0.00337	0.01653	0.00540	0.00472
2	0.02174	0.02719	0.01652	0.01491	0.01798	0.73783	0.01123	0.05596	0.01698	0.01526	0.00922	0.01065	0.00760	0.00604	0.00527	0.00151	0.01030	0.00381	0.00313	0.00689
3	0.01516	0.01234	0.01317	0.01175	0.01511	0.01411	0.00917	0.03075	0.70534	0.06824	0.02363	0.02158	0.01755	0.00785	0.00591	0.00196	0.00462	0.00653	0.00599	0.00925
4	0.01166	0.03008	0.76550	0.01657	0.02517	0.01351	0.02149	0.01842	0.01228	0.01842	0.01044	0.01228	0.00737	0.00552	0.00552	0.00184	0.00859	0.00430	0.00246	0.00859
5	0.00803	0.00586	0.00754	0.00729	0.00860	0.00537	0.00540	0.01052	0.01573	0.02198	0.63847	0.11414	0.10395	0.01268	0.00691	0.00189	0.00282	0.01120	0.00624	0.00537
6	0.61185	0.01297	0.01063	0.00911	0.01287	0.06806	0.00743	0.11005	0.01311	0.08373	0.01006	0.01090	0.00747	0.00578	0.00417	0.00177	0.00521	0.00367	0.00412	0.00706
7	0.02403	0.00997	0.01329	0.01056	0.01474	0.00898	0.00876	0.05993	0.03775	0.63945	0.02327	0.02382	0.01605	0.00803	0.00605	0.00188	0.00504	0.07201	0.00693	0.00946
8	0.00812	0.00591	0.00768	0.00762	0.00891	0.00547	0.00576	0.01057	0.01536	0.02130	0.56047	0.12963	0.09941	0.01318	0.00703	0.00198	0.00307	0.07705	0.00612	0.00535
9	0.00716	0.00518	0.00679	0.00804	0.00853	0.00481	0.00548	0.00827	0.01137	0.01500	0.03393	0.71123	0.08984	0.01789	0.00741	0.00235	0.00342	0.04315	0.00540	0.00476
10	0.02609	0.00990	0.01350	0.01035	0.01484	0.00855	0.00855	0.02834	0.01664	0.76338	0.02294	0.01979	0.01439	0.00720	0.00585	0.00180	0.00495	0.00585	0.00720	0.00990
11	0.00832	0.00600	0.00790	0.00758	0.00895	0.00558	0.00579	0.01106	0.01622	0.02286	0.70036	0.04515	0.05322	0.01221	0.00695	0.00189	0.00294	0.06522	0.00632	0.00548
12	0.00713	0.00588	0.00629	0.00644	0.00821	0.00504	0.00486	0.00874	0.01334	0.01629	0.10536	0.10868	0.61181	0.01485	0.00698	0.00203	0.00311	0.05452	0.00547	0.00496
13	0.01098	0.01034	0.01744	0.78165	0.04005	0.01292	0.01615	0.01486	0.01163	0.01486	0.01034	0.01550	0.00775	0.00581	0.00581	0.00194	0.00775	0.00517	0.00258	0.00646
14	0.01201	0.01089	0.01744	0.71049	0.03801	0.01339	0.01568	0.08203	0.01308	0.01688	0.01067	0.01536	0.00795	0.00592	0.00581	0.00192	0.00763	0.00517	0.00288	0.00678
15	0.01333	0.00991	0.01237	0.09312	0.01622	0.00866	0.00812	0.05396	0.01336	0.10200	0.03488	0.01804	0.06473	0.00835	0.05314	0.00177	0.00543	0.00499	0.00409	0.47352
16	0.01280	0.01232	0.06717	0.01105	0.01504	0.01093	0.03043	0.09028	0.13472	0.02059	0.01719	0.09699	0.04740	0.00769	0.00659	0.00159	0.07130	0.00621	0.00422	0.33549

[dist]
# distance from previous block
# <min> <max>
10	18

[block]
# block no. 1 follows, 40 sequences, length 18
# corresponding to MSA columns:
# 88-105
name=unknown_B
#
# <colnr> <probs for GDERKNQSTAVLIFYWHMCP>
#	G	D	E	R	K	N	Q	S	T	A	V	L	I	F	Y	W	H	M	C	P
0	0.02040	0.01395	0.01557	0.01193	0.01651	0.01448	0.00978	0.46988	0.05019	0.14057	0.03419	0.01556	0.01180	0.00673	0.00560	0.00162	0.00568	0.00522	0.00565	0.14466
1	0.13407	0.01384	0.01635	0.01311	0.01682	0.03155	0.08134	0.32706	0.08666	0.06532	0.01517	0.08008	0.01241	0.00784	0.00683	0.00191	0.07022	0.00617	0.00493	0.00832
2	0.00717	0.00548	0.00659	0.00721	0.00827	0.00490	0.00506	0.00859	0.01263	0.01633	0.14275	0.42766	0.29421	0.01610	0.00715	0.00215	0.00313	0.01419	0.00554	0.00490
3	0.01052	0.00863	0.01279	0.01086	0.01326	0.00824	0.13236	0.09420	0.01470	0.03501	0.13655	0.23540	0.20284	0.04750	0.00789	0.00219	0.00477	0.01110	0.00512	0.00606
4	0.01544	0.01580	0.02447	0.02020	0.08483	0.08744	0.30760	0.12509	0.03336	0.01996	0.01161	0.03160	0.00951	0.00686	0.00911	0.00200	0.17791	0.00600	0.00341	0.00780
5	0.02149	0.01592	0.01712	0.01309	0.01777	0.01741	0.01080	0.69564	0.02641	0.03557	0.01374	0.01385	0.00981	0.00682	0.00573	0.00169	0.00627	0.00513	0.00567	0.06008
6	0.00709	0.00506	0.00675	0.00810	0.00843	0.00472	0.00540	0.00810	0.01113	0.01484	0.03205	0.79184	0.03846	0.01822	0.00742	0.00236	0.00337	0.01653	0.00540	0.00472
7	0.01406	0.01369	0.02400	0.09610	0.63858	0.01382	0.07860	0.01767	0.01315	0.01863	0.01096	0.01459	0.00906	0.00521	0.00586	0.00176	0.00722	0.00532	0.00286	0.00887
8	0.02204	0.01642	0.01700	0.01323	0.01773	0.06054	0.01084	0.62972	0.05287	0.07867	0.01458	0.01440	0.01032	0.00697	0.00579	0.00174	0.00648	0.00524	0.00574	0.00968
9	0.00720	0.00511	0.00671	0.00795	0.00826	0.00480	0.00524	0.00813	0.01091	0.01454	0.03089	0.72812	0.03700	0.08393	0.00930	0.00264	0.00357	0.01585	0.00524	0.00462
10	0.01098	0.01034	0.01744	0.78165	0.04005	0.01292	0.01615	0.01486	0.01163	0.01486	0.01034	0.01550	0.00775	0.00581	0.00581	0.00194	0.00775	0.00517	0.00258	0.00646
11	0.19217	0.04257	0.01473	0.01101	0.01541	0.01391	0.00916	0.31707	0.01944	0.28452	0.01562	0.01486	0.01061	0.00665	0.00529	0.00176	0.00550	0.00493	0.00571	0.00906
12	0.00715	0.00509	0.00673	0.00802	0.00834	0.00477	0.00531	0.00811	0.01101	0.01468	0.03141	0.75670	0.03765	0.05445	0.00846	0.00251	0.00348	0.01616	0.00531	0.00467
13	0.00694	0.00565	0.00614	0.00654	0.00803	0.00485	0.00471	0.00827	0.01263	0.01545	0.05097	0.27354	0.54455	0.01576	0.00704	0.00208	0.00307	0.01353	0.00540	0.00485
14	0.00846	0.00564	0.00634	0.00634	0.00634	0.00564	0.00352	0.00846	0.00846	0.01128	0.01832	0.03805	0.02114	0.79563	0.02960	0.00564	0.00564	0.00846	0.00352	0.00352
15	0.01870	0.02244	0.01969	0.01732	0.05258	0.47640	0.11945	0.04165	0.01496	0.01571	0.00940	0.01191	0.00786	0.00653	0.00787	0.00176	0.14118	0.00454	0.00299	0.00704
16	0.01217	0.01044	0.01211	0.00876	0.01384	0.00806	0.00700	0.01540	0.04627	0.01920	0.01096	0.01251	0.00904	0.00447	0.00438	0.00091	0.00432	0.00359	0.00356	0.79301
17	0.01274	0.01364	0.02599	0.18829	0.06176	0.03518	0.40773	0.01664	0.01272	0.01701	0.01272	0.08081	0.01098	0.00669	0.00756	0.00201	0.07029	0.00700	0.00304	0.00719

[dist]
# distance from previous block
# <min> <max>
0	2

[block]
# block no. 2 follows, 40 sequences, length 71
# corresponding to MSA columns:
# 108-178
name=unknown_C
#
# <colnr> <probs for GDERKNQSTAVLIFYWHMCP>
#	G	D	E	R	K	N	Q	S	T	A	V	L	I	F	Y	W	H	M	C	P
0	0.23097	0.01453	0.02714	0.01981	0.02506	0.01434	0.52868	0.03460	0.01302	0.02101	0.01085	0.01400	0.00818	0.00508	0.00598	0.00191	0.00833	0.00585	0.00318	0.00748
1	0.01564	0.05999	0.45565	0.01540	0.05222	0.03284	0.01684	0.09371	0.01464	0.14097	0.01270	0.01357	0.00889	0.00587	0.00548	0.00175	0.00749	0.00458	0.00364	0.03812
2	0.01010	0.00505	0.00758	0.00758	0.00758	0.00505	0.00505	0.00758	0.00758	0.01010	0.01010	0.01768	0.01010	0.02020	0.02273	0.83081	0.00505	0.00505	0.00253	0.00253
3	0.01062	0.00982	0.01632	0.67173	0.03582	0.01219	0.01489	0.01417	0.01139	0.01475	0.01180	0.05705	0.00985	0.00920	0.05984	0.00249	0.02319	0.00584	0.00277	0.00628
4	0.01568	0.01160	0.01232	0.01079	0.01389	0.02645	0.00843	0.12260	0.42340	0.08867	0.02160	0.05336	0.01677	0.02584	0.00623	0.00193	0.00469	0.00658	0.12070	0.00846
5	0.00997	0.00789	0.00861	0.00797	0.01016	0.00772	0.00608	0.11309	0.08438	0.02072	0.17141	0.11824	0.38603	0.01285	0.00669	0.00195	0.00359	0.01087	0.00569	0.00609
6	0.01543	0.77624	0.05235	0.01015	0.01523	0.02273	0.01029	0.01744	0.01183	0.01382	0.00815	0.00942	0.00746	0.00499	0.00378	0.00126	0.00629	0.00314	0.00249	0.00750
7	0.01206	0.01034	0.01206	0.00861	0.01378	0.00775	0.00689	0.01464	0.01206	0.01895	0.01034	0.01206	0.00861	0.00431	0.00431	0.00086	0.00431	0.00345	0.00345	0.83118
8	0.01891	0.01357	0.01503	0.01229	0.01610	0.01481	0.01018	0.50873	0.06233	0.05724	0.03789	0.02434	0.01583	0.00869	0.00616	0.00190	0.00584	0.12571	0.03563	0.00881
9	0.00787	0.00629	0.00714	0.00724	0.00893	0.00575	0.00550	0.01058	0.05796	0.01789	0.19680	0.12990	0.42140	0.01422	0.00698	0.00205	0.00328	0.07929	0.00564	0.00531
10	0.00831	0.00623	0.00935	0.00935	0.01038	0.00727	0.00727	0.01038	0.00935	0.01350	0.01558	0.02285	0.01454	0.04361	0.77259	0.00935	0.01558	0.00623	0.00312	0.00519
11	0.00710	0.00518	0.00663	0.00778	0.00831	0.00477	0.00523	0.00814	0.01132	0.01485	0.03498	0.68101	0.12629	0.03883	0.00795	0.00240	0.00338	0.01579	0.00535	0.00471
12	0.02020	0.01486	0.01632	0.01345	0.04285	0.01633	0.01057	0.54530	0.13032	0.06477	0.01691	0.01698	0.03058	0.02537	0.00640	0.00187	0.00599	0.00571	0.00573	0.00949
13	0.01206	0.01034	0.01206	0.00861	0.01378	0.00775	0.00689	0.01464	0.01206	0.01895	0.01034	0.01206	0.00861	0.00431	0.00431	0.00086	0.00431	0.00345	0.00345	0.83118
14	0.00839	0.00565	0.00632	0.00632	0.00641	0.00561	0.00356	0.00845	0.00866	0.01146	0.02001	0.03880	0.05174	0.76316	0.02865	0.00549	0.00553	0.00862	0.00360	0.00358
15	0.00709	0.00506	0.00675	0.00810	0.00843	0.00472	0.00540	0.00810	0.01113	0.01484	0.03205	0.79184	0.03846	0.01822	0.00742	0.00236	0.00337	0.01653	0.00540	0.00472
16	0.01518	0.70995	0.08824	0.01101	0.01630	0.02196	0.03771	0.01754	0.01192	0.01424	0.00840	0.00979	0.00751	0.00502	0.00399	0.00132	0.00654	0.00334	0.00250	0.00757
17	0.00814	0.00594	0.00764	0.00722	0.00863	0.00545	0.00541	0.01079	0.01624	0.02279	0.70746	0.04432	0.10403	0.01209	0.00686	0.00184	0.00276	0.01064	0.00633	0.00545
18	0.00738	0.00589	0.00661	0.00648	0.00818	0.00512	0.00484	0.00932	0.01439	0.01852	0.31747	0.07122	0.47650	0.01377	0.00688	0.00192	0.00288	0.01174	0.00577	0.00512
19	0.01382	0.01545	0.03304	0.02367	0.02942	0.01456	0.69599	0.04160	0.01415	0.01913	0.01304	0.01666	0.02804	0.00522	0.00683	0.00195	0.00952	0.00695	0.00310	0.00783
20	0.05214	0.01610	0.01712	0.01317	0.01778	0.01785	0.01088	0.71331	0.02670	0.03626	0.01375	0.01380	0.00976	0.00692	0.00574	0.00175	0.00633	0.00516	0.00574	0.00976
21	0.01500	0.69171	0.13314	0.01088	0.01636	0.02168	0.01156	0.01755	0.01188	0.01434	0.00841	0.00974	0.00745	0.00505	0.00398	0.00133	0.00655	0.00328	0.00248	0.00762
22	0.05152	0.50992	0.24991	0.01174	0.01760	0.01922	0.01308	0.01745	0.01177	0.01560	0.00908	0.01102	0.00776	0.02713	0.00498	0.00157	0.00684	0.00362	0.00256	0.00764
23	0.00925	0.00652	0.00771	0.00715	0.00906	0.00588	0.00544	0.03645	0.01559	0.06529	0.41081	0.04593	0.32817	0.01256	0.00677	0.00188	0.00308	0.01074	0.00603	0.00568
24	0.01226	0.01061	0.01243	0.00918	0.01395	0.00873	0.00735	0.01575	0.06348	0.01907	0.01113	0.01277	0.00920	0.00486	0.00517	0.00102	0.04395	0.00375	0.00357	0.73176
25	0.02276	0.01068	0.01353	0.01034	0.01485	0.00961	0.00849	0.12532	0.01736	0.52579	0.02145	0.01943	0.04449	0.00708	0.00567	0.00167	0.00498	0.00570	0.00640	0.12440
26	0.02301	0.01097	0.01456	0.01137	0.01565	0.01038	0.03984	0.12152	0.07645	0.52927	0.04763	0.02110	0.01579	0.00754	0.00599	0.00184	0.00525	0.02571	0.00665	0.00947
27	0.02581	0.01034	0.01377	0.01056	0.01507	0.00921	0.00872	0.07816	0.01739	0.71250	0.02231	0.01938	0.01408	0.00718	0.00585	0.00180	0.00505	0.00581	0.00710	0.00990
28	0.01446	0.01249	0.01315	0.01183	0.01512	0.01446	0.00920	0.03090	0.74885	0.02433	0.02367	0.02170	0.01775	0.00789	0.00592	0.00197	0.00460	0.00657	0.00592	0.00920
29	0.54573	0.01299	0.01088	0.04834	0.01420	0.10600	0.00782	0.01980	0.01203	0.15903	0.01104	0.01178	0.00800	0.00582	0.00433	0.00177	0.00549	0.00382	0.00413	0.00702
30	0.00937	0.00622	0.00802	0.00742	0.00905	0.00566	0.00562	0.01198	0.01622	0.07453	0.64961	0.04278	0.10774	0.01179	0.00679	0.00184	0.00291	0.01033	0.00638	0.00575
31	0.02540	0.01044	0.01376	0.01061	0.01508	0.00942	0.00875	0.07825	0.04343	0.68622	0.02234	0.01945	0.01420	0.00721	0.00585	0.00180	0.00504	0.00583	0.00706	0.00987
32	0.00709	0.00506	0.00675	0.00810	0.00843	0.00472	0.00540	0.00810	0.01113	0.01484	0.03205	0.79184	0.03846	0.01822	0.00742	0.00236	0.00337	0.01653	0.00540	0.00472
33	0.02031	0.01491	0.01692	0.01319	0.01744	0.01634	0.03634	0.61254	0.02461	0.05348	0.01501	0.04784	0.01151	0.00995	0.05961	0.00231	0.00699	0.00586	0.00555	0.00927
34	0.02342	0.01311	0.01536	0.01189	0.01638	0.01346	0.00978	0.36719	0.07061	0.36817	0.01872	0.01714	0.01247	0.00714	0.00584	0.00179	0.00562	0.00561	0.00646	0.00985
35	0.00776	0.00621	0.00698	0.00680	0.00855	0.00560	0.00509	0.01044	0.05167	0.01889	0.31037	0.08025	0.43350	0.01349	0.00684	0.00193	0.00297	0.01152	0.00579	0.00533
36	0.00803	0.00550	0.00720	0.00825	0.00881	0.00520	0.00559	0.02766	0.01164	0.03595	0.03100	0.73222	0.03664	0.03634	0.00787	0.00241	0.00355	0.01575	0.00541	0.00497
37	0.01418	0.01356	0.02310	0.05419	0.72295	0.01362	0.01760	0.01763	0.01320	0.01885	0.01140	0.01565	0.00976	0.00546	0.00581	0.00176	0.00689	0.02240	0.00293	0.00905
38	0.00718	0.00595	0.00632	0.00635	0.00821	0.00508	0.00485	0.00887	0.01362	0.01666	0.13475	0.05517	0.63387	0.01449	0.00694	0.00199	0.00307	0.05612	0.00551	0.00500
39	0.00706	0.00515	0.00665	0.00785	0.00837	0.00474	0.00529	0.00812	0.01137	0.01494	0.03505	0.70972	0.11864	0.01783	0.00736	0.00232	0.00333	0.01606	0.00540	0.00474
40	0.01364	0.01327	0.02098	0.26813	0.47460	0.04577	0.01671	0.01762	0.04000	0.01769	0.01114	0.01484	0.00899	0.00551	0.00576	0.00179	0.00724	0.00517	0.00290	0.00824
41	0.00784	0.00581	0.00702	0.00766	0.00855	0.00544	0.00527	0.03938	0.01228	0.01600	0.06607	0.50230	0.19313	0.08366	0.00912	0.00251	0.00358	0.01418	0.00530	0.00491
42	0.10026	0.25062	0.40633	0.01415	0.02076	0.01642	0.05988	0.01788	0.01189	0.01774	0.00951	0.01134	0.00738	0.00544	0.00525	0.00169	0.02893	0.00401	0.00262	0.00791
43	0.00748	0.00595	0.00669	0.00664	0.00833	0.00522	0.00503	0.00938	0.01412	0.01802	0.26859	0.05228	0.47894	0.03422	0.00753	0.00206	0.00310	0.05568	0.00565	0.00508
44	0.00846	0.00564	0.00634	0.00634	0.00634	0.00564	0.00352	0.00846	0.00846	0.01128	0.01832	0.03805	0.02114	0.79563	0.02960	0.00564	0.00564	0.00846	0.00352	0.00352
45	0.07294	0.66612	0.02717	0.00999	0.01457	0.05634	0.00961	0.01729	0.01177	0.01457	0.00852	0.01011	0.00776	0.00710	0.04448	0.00172	0.00679	0.00331	0.00262	0.00723
46	0.01208	0.04035	0.60883	0.01703	0.04751	0.01416	0.04192	0.01841	0.03822	0.01815	0.01066	0.01278	0.00787	0.00601	0.00684	0.00190	0.08175	0.00454	0.00262	0.00838
47	0.01317	0.01182	0.01942	0.06818	0.54585	0.01206	0.01484	0.01631	0.01276	0.01874	0.01343	0.06986	0.01194	0.00647	0.00596	0.00175	0.02501	0.00601	0.11827	0.00815
48	0.01668	0.01359	0.01440	0.01228	0.01597	0.01550	0.00974	0.23673	0.53941	0.02790	0.02085	0.01945	0.01547	0.00763	0.00589	0.00191	0.00512	0.00619	0.00589	0.00940
49	0.01315	0.01030	0.01214	0.00884	0.01380	0.00798	0.00707	0.03401	0.01274	0.07140	0.01196	0.03604	0.00995	0.00499	0.00455	0.00099	0.00438	0.00405	0.00383	0.72783
50	0.83671	0.01125	0.00855	0.00765	0.01125	0.01305	0.00630	0.01709	0.00990	0.02609	0.00810	0.00945	0.00630	0.00540	0.00360	0.00180	0.00450	0.00315	0.00360	0.00630
51	0.02431	0.00950	0.01293	0.01004	0.01423	0.00824	0.00824	0.02661	0.01663	0.68974	0.09591	0.02215	0.01842	0.00766	0.00595	0.00180	0.00473	0.00631	0.00712	0.00946
52	0.04742	0.01178	0.01955	0.44842	0.32846	0.01329	0.01641	0.01616	0.01220	0.01700	0.01048	0.01480	0.00828	0.00554	0.00570	0.00185	0.00727	0.00509	0.00275	0.00756
53	0.01390	0.47389	0.34133	0.01275	0.01926	0.01899	0.01483	0.01784	0.01201	0.01568	0.00908	0.01058	0.00742	0.00521	0.00449	0.00150	0.00722	0.00361	0.00247	0.00794
54	0.09688	0.00987	0.01286	0.01000	0.01431	0.00883	0.00824	0.02673	0.01604	0.67210	0.04772	0.01972	0.01512	0.00721	0.00569	0.00180	0.00483	0.00578	0.00685	0.00942
55	0.00737	0.00600	0.00658	0.00668	0.00848	0.00521	0.00517	0.00917	0.01373	0.01700	0.15481	0.05535	0.56924	0.01449	0.00701	0.00203	0.00321	0.09790	0.00554	0.00505
56	0.01837	0.02349	0.08270	0.01588	0.01903	0.46628	0.07024	0.04363	0.01468	0.01562	0.00921	0.01163	0.00769	0.00676	0.00828	0.00179	0.17040	0.00437	0.00294	0.00701
57	0.02124	0.01378	0.01510	0.01195	0.01607	0.03847	0.00970	0.42907	0.05936	0.21637	0.01921	0.05016	0.04302	0.02106	0.00632	0.00186	0.00580	0.00622	0.00601	0.00923
58	0.01046	0.00655	0.00780	0.00713	0.00928	0.00571	0.00547	0.01252	0.01497	0.13870	0.30873	0.04556	0.38027	0.01248	0.00670	0.00189	0.00319	0.01060	0.00606	0.00592
59	0.00807	0.00582	0.00763	0.00743	0.00865	0.00538	0.00547	0.01057	0.01572	0.02214	0.65513	0.14797	0.05258	0.01277	0.00694	0.00190	0.00283	0.01136	0.00626	0.00538
60	0.01390	0.01121	0.01184	0.01066	0.01343	0.03287	0.00828	0.15531	0.32321	0.03589	0.02690	0.11363	0.11146	0.05273	0.00757	0.00220	0.00486	0.05081	0.00555	0.00770
61	0.34818	0.01043	0.01153	0.00927	0.01341	0.01033	0.00765	0.02387	0.01396	0.47043	0.01704	0.01568	0.01118	0.00648	0.00495	0.00180	0.00477	0.00478	0.00577	0.00847
62	0.00810	0.00617	0.00696	0.00677	0.00857	0.00547	0.00507	0.01040	0.03627	0.04048	0.26696	0.09432	0.45626	0.01365	0.00684	0.00194	0.00302	0.01163	0.00577	0.00535
63	0.01477	0.01254	0.01327	0.01180	0.01512	0.01443	0.00921	0.07618	0.68019	0.02509	0.04502	0.02185	0.01836	0.00795	0.00594	0.00195	0.00466	0.00661	0.00593	0.00914
64	0.17831	0.01927	0.01488	0.01271	0.01638	0.30563	0.01000	0.24666	0.10041	0.02465	0.01201	0.01262	0.00916	0.00640	0.00518	0.00169	0.00740	0.00441	0.00432	0.00791
65	0.01084	0.00542	0.00542	0.00542	0.00678	0.00542	0.00407	0.01355	0.01220	0.02168	0.01897	0.02168	0.01491	0.00678	0.00407	0.00136	0.00271	0.00542	0.82791	0.00542
66	0.01118	0.01059	0.01805	0.73470	0.06976	0.01299	0.03142	0.01506	0.01174	0.01511	0.01039	0.01546	0.00784	0.00577	0.00583	0.00193	0.00776	0.00520	0.00260	0.00660
67	0.00718	0.00524	0.00678	0.00791	0.00850	0.00484	0.00542	0.00836	0.01164	0.01533	0.06036	0.65769	0.12030	0.01753	0.00736	0.00231	0.00337	0.03967	0.00543	0.00479
68	0.01166	0.03008	0.76550	0.01657	0.02517	0.01351	0.02149	0.01842	0.01228	0.01842	0.01044	0.01228	0.00737	0.00552	0.00552	0.00184	0.00859	0.00430	0.00246	0.00859
69	0.01273	0.01215	0.01987	0.27271	0.41070	0.03103	0.02996	0.01610	0.01267	0.01718	0.01303	0.07129	0.01177	0.00677	0.00600	0.00188	0.00701	0.03634	0.00307	0.00776
70	0.01286	0.01104	0.01157	0.01055	0.01348	0.01240	0.00813	0.02596	0.58758	0.02229	0.03001	0.02860	0.15474	0.03584	0.00690	0.00209	0.00433	0.00769	0.00574	0.00822

[dist]
# distance from previous block
# <min> <max>
0	1

[block]
# block no. 3 follows, 40 sequences, length 48
# corresponding to MSA columns:
# 180-227
name=unknown_D
#
# <colnr> <probs for GDERKNQSTAVLIFYWHMCP>
#	G	D	E	R	K	N	Q	S	T	A	V	L	I	F	Y	W	H	M	C	P
0	0.01563	0.75176	0.02966	0.01027	0.01502	0.04431	0.01008	0.01747	0.01186	0.01371	0.00810	0.00947	0.00747	0.00517	0.00427	0.00129	0.03136	0.00319	0.00250	0.00741
1	0.01410	0.01105	0.01334	0.01020	0.01470	0.00980	0.03481	0.10886	0.08908	0.06752	0.01476	0.07771	0.01251	0.00635	0.00511	0.00131	0.00477	0.00534	0.00437	0.49431
2	0.16335	0.00825	0.00898	0.00804	0.01061	0.00823	0.00628	0.03265	0.07815	0.12525	0.27380	0.04907	0.18467	0.01031	0.00603	0.00187	0.00367	0.00854	0.00571	0.00654
3	0.02072	0.01409	0.01559	0.01237	0.01655	0.01527	0.01006	0.48659	0.12615	0.14472	0.01781	0.06362	0.01344	0.00783	0.00593	0.00182	0.00574	0.00621	0.00602	0.00948
4	0.01166	0.03008	0.76550	0.01657	0.02517	0.01351	0.02149	0.01842	0.01228	0.01842	0.01044	0.01228	0.00737	0.00552	0.00552	0.00184	0.00859	0.00430	0.00246	0.00859
5	0.01507	0.63186	0.14164	0.01090	0.01630	0.02055	0.01153	0.01772	0.01218	0.03878	0.03185	0.01116	0.00912	0.00534	0.00417	0.00137	0.00643	0.00361	0.00275	0.00765
6	0.02504	0.01013	0.01342	0.01035	0.01475	0.00898	0.00853	0.07167	0.01717	0.68700	0.02389	0.02094	0.04518	0.00750	0.00589	0.00180	0.00495	0.00608	0.00704	0.00969
7	0.00786	0.00593	0.00726	0.00693	0.00846	0.00533	0.00520	0.01026	0.01559	0.02125	0.56692	0.04684	0.24552	0.01266	0.00686	0.00187	0.00280	0.01099	0.00613	0.00533
8	0.00845	0.00603	0.00831	0.00965	0.01059	0.00590	0.00777	0.01045	0.01248	0.01637	0.03130	0.35909	0.03549	0.01693	0.00779	0.00255	0.00455	0.43584	0.00537	0.00510
9	0.00915	0.00672	0.00894	0.01005	0.01132	0.00676	0.00830	0.01242	0.06705	0.01727	0.03132	0.23116	0.05296	0.01593	0.00770	0.00253	0.00477	0.48475	0.00541	0.00548
10	0.01230	0.01183	0.01934	0.51701	0.26177	0.02893	0.01649	0.01594	0.01216	0.01611	0.01043	0.01499	0.00820	0.00572	0.00609	0.00188	0.02567	0.00514	0.00268	0.00732
11	0.00728	0.00591	0.00646	0.00632	0.00811	0.00508	0.00474	0.00914	0.01422	0.01800	0.26925	0.05219	0.54522	0.01387	0.00687	0.00192	0.00288	0.01174	0.00570	0.00508
12	0.00709	0.00506	0.00675	0.00810	0.00843	0.00472	0.00540	0.00810	0.01113	0.01484	0.03205	0.79184	0.03846	0.01822	0.00742	0.00236	0.00337	0.01653	0.00540	0.00472
13	0.01369	0.01559	0.03377	0.02421	0.02990	0.01481	0.71444	0.01848	0.01357	0.01848	0.01163	0.01559	0.00878	0.00508	0.00726	0.00198	0.03523	0.00680	0.00293	0.00779
14	0.01129	0.00652	0.00865	0.00799	0.00977	0.00592	0.00603	0.01367	0.01565	0.15634	0.50793	0.15820	0.04491	0.01204	0.00676	0.00191	0.00324	0.01063	0.00639	0.00617
15	0.00764	0.00548	0.00715	0.00829	0.00879	0.00522	0.00561	0.03529	0.01174	0.01565	0.03138	0.76293	0.03740	0.01780	0.00736	0.00234	0.00349	0.01611	0.00541	0.00492
16	0.04538	0.01096	0.01230	0.01053	0.01396	0.01162	0.00834	0.07838	0.36272	0.20774	0.08426	0.02508	0.08603	0.00851	0.00597	0.00189	0.00452	0.00701	0.00614	0.00864
17	0.30426	0.01143	0.03654	0.00973	0.01399	0.01094	0.00827	0.08328	0.01496	0.39978	0.01780	0.01664	0.03465	0.00674	0.00509	0.00180	0.00497	0.00502	0.00563	0.00845
18	0.00735	0.00590	0.00658	0.00670	0.00828	0.00520	0.00491	0.00932	0.02945	0.01727	0.19387	0.18470	0.47059	0.01463	0.00695	0.00201	0.00302	0.01256	0.00561	0.00509
19	0.00870	0.00627	0.00856	0.00971	0.01089	0.00613	0.00806	0.01099	0.01312	0.01716	0.07758	0.21044	0.07441	0.01617	0.00777	0.00252	0.00466	0.49621	0.00543	0.00521
20	0.09090	0.01376	0.01814	0.36807	0.22437	0.10969	0.01482	0.03044	0.01269	0.01730	0.01007	0.01386	0.00801	0.00583	0.00606	0.00183	0.03920	0.00480	0.00287	0.00727
21	0.01642	0.01371	0.01698	0.01481	0.04006	0.06802	0.01181	0.08984	0.05208	0.12933	0.01161	0.01429	0.00945	0.00884	0.01369	0.00222	0.47032	0.00521	0.00379	0.00751
22	0.01182	0.02517	0.03836	0.46015	0.10596	0.02851	0.01403	0.01531	0.01210	0.01640	0.03424	0.01524	0.00956	0.00573	0.00578	0.00169	0.02399	0.00491	0.00291	0.16813
23	0.02311	0.01113	0.01379	0.01086	0.01512	0.01075	0.00888	0.14666	0.11360	0.51456	0.02304	0.02058	0.04514	0.00757	0.00589	0.00182	0.00506	0.00611	0.00673	0.00960
24	0.02281	0.01516	0.01675	0.01285	0.01747	0.01636	0.01061	0.61454	0.02546	0.16474	0.01554	0.01499	0.01068	0.00702	0.00582	0.00175	0.00614	0.00534	0.00606	0.00989
25	0.01031	0.03888	0.06306	0.00833	0.01121	0.00743	0.00707	0.01313	0.02944	0.06530	0.28641	0.03445	0.17982	0.04470	0.04801	0.00225	0.00455	0.00839	0.00506	0.13219
26	0.00713	0.00508	0.00674	0.00804	0.00837	0.00475	0.00534	0.00811	0.01105	0.01474	0.03163	0.76873	0.03793	0.04205	0.00810	0.00246	0.00344	0.01628	0.00534	0.00469
27	0.00709	0.00506	0.00675	0.00810	0.00843	0.00472	0.00540	0.00810	0.01113	0.01484	0.03205	0.79184	0.03846	0.01822	0.00742	0.00236	0.00337	0.01653	0.00540	0.00472
28	0.01696	0.01610	0.08174	0.01283	0.01693	0.07517	0.01089	0.19813	0.43117	0.04785	0.01899	0.01806	0.01404	0.00729	0.00580	0.00186	0.00586	0.00581	0.00539	0.00914
29	0.01555	0.79913	0.03047	0.00995	0.01493	0.02301	0.00995	0.01741	0.01182	0.01368	0.00808	0.00933	0.00746	0.00498	0.00373	0.00124	0.00622	0.00311	0.00249	0.00746
30	0.01456	0.01541	0.04423	0.01940	0.02302	0.03789	0.35286	0.10462	0.01370	0.01903	0.01045	0.01419	0.00845	0.00708	0.01101	0.00213	0.28541	0.00588	0.00314	0.00755
31	0.02413	0.01106	0.01410	0.01094	0.01526	0.01053	0.00901	0.18197	0.01852	0.55941	0.02054	0.01871	0.01342	0.00938	0.05284	0.00225	0.00592	0.00574	0.00665	0.00961
32	0.00811	0.00594	0.00760	0.00718	0.00861	0.00543	0.00539	0.01073	0.01617	0.02262	0.69208	0.04459	0.11951	0.01215	0.00686	0.00184	0.00276	0.01068	0.00631	0.00543
33	0.01084	0.00542	0.00542	0.00542	0.00678	0.00542	0.00407	0.01355	0.01220	0.02168	0.01897	0.02168	0.01491	0.00678	0.00407	0.00136	0.00271	0.00542	0.82791	0.00542
34	0.01498	0.01311	0.01341	0.01199	0.01532	0.03855	0.00934	0.05700	0.69889	0.02446	0.02284	0.02105	0.01714	0.00780	0.00589	0.00195	0.00486	0.00644	0.00582	0.00915
35	0.01004	0.00641	0.00744	0.00706	0.00912	0.00553	0.00533	0.01175	0.01397	0.13104	0.15127	0.14192	0.45037	0.01361	0.00678	0.00197	0.00328	0.01158	0.00582	0.00573
36	0.00813	0.00594	0.00764	0.00721	0.00863	0.00545	0.00541	0.01078	0.01623	0.02277	0.70578	0.04435	0.10572	0.01209	0.00686	0.00184	0.00276	0.01064	0.00633	0.00545
37	0.02175	0.02701	0.01654	0.01488	0.01798	0.72547	0.01122	0.06771	0.01715	0.01562	0.00930	0.01070	0.00764	0.00605	0.00528	0.00151	0.01023	0.00384	0.00317	0.00694
38	0.01578	0.01254	0.01344	0.01182	0.01528	0.01426	0.00927	0.07473	0.65092	0.07874	0.02301	0.02108	0.01702	0.00778	0.00591	0.00195	0.00474	0.00644	0.00600	0.00930
39	0.01084	0.00542	0.00542	0.00542	0.00678	0.00542	0.00407	0.01355	0.01220	0.02168	0.01897	0.02168	0.01491	0.00678	0.00407	0.00136	0.00271	0.00542	0.82791	0.00542
40	0.00846	0.00564	0.00634	0.00634	0.00634	0.00564	0.00352	0.00846	0.00846	0.01128	0.01832	0.03805	0.02114	0.79563	0.02960	0.00564	0.00564	0.00846	0.00352	0.00352
41	0.01391	0.01593	0.03343	0.02403	0.02968	0.03483	0.70080	0.01863	0.01368	0.01839	0.01159	0.01547	0.00876	0.00506	0.00713	0.00196	0.02927	0.00674	0.00293	0.00778
42	0.00806	0.00594	0.00753	0.00714	0.00858	0.00541	0.00535	0.01064	0.01605	0.02236	0.66797	0.04502	0.14379	0.01225	0.00686	0.00185	0.00277	0.01074	0.00627	0.00541
43	0.00823	0.00594	0.00777	0.00732	0.00869	0.00549	0.00549	0.01097	0.01646	0.02332	0.75629	0.04344	0.05487	0.01189	0.00686	0.00183	0.00274	0.01052	0.00640	0.00549
44	0.01373	0.01569	0.03431	0.02451	0.03039	0.01471	0.73824	0.01863	0.01373	0.01863	0.01176	0.01569	0.00882	0.00490	0.00686	0.00196	0.00980	0.00686	0.00294	0.00784
45	0.01362	0.01510	0.03102	0.02390	0.08044	0.01512	0.57554	0.01786	0.01295	0.01795	0.01107	0.01514	0.00867	0.00573	0.00865	0.00203	0.12814	0.00647	0.00288	0.00771
46	0.02284	0.01511	0.01672	0.01282	0.01744	0.01628	0.01059	0.60828	0.02536	0.17113	0.01562	0.01504	0.01072	0.00702	0.00582	0.00176	0.00613	0.00535	0.00607	0.00989
47	0.02198	0.00999	0.01286	0.01025	0.01417	0.00932	0.00833	0.06700	0.10030	0.53142	0.12793	0.02307	0.02034	0.00794	0.00600	0.00182	0.00468	0.00657	0.00686	0.00918

[dist]
# distance from previous block
# <min> <max>
0	2

[block]
# block no. 4 follows, 40 sequences, length 35
# corresponding to MSA columns:
# 230-264
name=unknown_E
#
# <colnr> <probs for GDERKNQSTAVLIFYWHMCP>
#	G	D	E	R	K	N	Q	S	T	A	V	L	I	F	Y	W	H	M	C	P
0	0.10082	0.01622	0.01594	0.11932	0.01971	0.18598	0.03674	0.18873	0.09713	0.02210	0.01419	0.01570	0.04476	0.00717	0.00697	0.00185	0.08983	0.00520	0.00405	0.00758
1	0.12511	0.01065	0.01679	0.64875	0.03574	0.01300	0.03960	0.01530	0.01146	0.01654	0.01008	0.01467	0.00759	0.00573	0.00554	0.00192	0.00737	0.00495	0.00274	0.00649
2	0.52740	0.01251	0.01146	0.00952	0.01346	0.01404	0.00783	0.20908	0.04006	0.08948	0.01139	0.01190	0.00830	0.00605	0.00445	0.00179	0.00504	0.00404	0.00456	0.00764
3	0.01501	0.69292	0.13198	0.01087	0.01634	0.02170	0.01154	0.01755	0.01188	0.01434	0.00841	0.00974	0.00745	0.00505	0.00398	0.00133	0.00655	0.00327	0.00248	0.00762
4	0.00780	0.00560	0.00726	0.00835	0.00889	0.00536	0.00567	0.04310	0.01191	0.01589	0.03119	0.75463	0.03710	0.01768	0.00735	0.00233	0.00352	0.01599	0.00542	0.00497
5	0.00709	0.00506	0.00675	0.00810	0.00843	0.00472	0.00540	0.00810	0.01113	0.01484	0.03205	0.79184	0.03846	0.01822	0.00742	0.00236	0.00337	0.01653	0.00540	0.00472
6	0.01373	0.01569	0.03431	0.02451	0.03039	0.01471	0.73824	0.01863	0.01373	0.01863	0.01176	0.01569	0.00882	0.00490	0.00686	0.00196	0.00980	0.00686	0.00294	0.00784
7	0.01105	0.01024	0.01699	0.69545	0.03691	0.01286	0.01540	0.01445	0.01126	0.01458	0.01015	0.01543	0.00786	0.00678	0.00747	0.04162	0.05750	0.00516	0.00258	0.00627
8	0.12478	0.01573	0.01437	0.01212	0.01561	0.13859	0.00967	0.27838	0.19570	0.02664	0.01474	0.01510	0.01113	0.00697	0.00599	0.00178	0.04339	0.00505	0.05596	0.00830
9	0.09474	0.01001	0.01308	0.01012	0.01454	0.00893	0.00836	0.02739	0.01607	0.70095	0.02168	0.01892	0.01371	0.00705	0.00566	0.00180	0.00491	0.00562	0.00689	0.00959
10	0.01132	0.01072	0.01787	0.68358	0.08561	0.01329	0.01604	0.01500	0.01156	0.01507	0.01020	0.01525	0.00784	0.00605	0.00666	0.00196	0.05758	0.00516	0.00260	0.00663
11	0.01062	0.00966	0.01445	0.01269	0.01350	0.01228	0.05628	0.01235	0.00936	0.01386	0.01204	0.01916	0.01166	0.08821	0.32890	0.00556	0.35484	0.00595	0.00289	0.00574
12	0.01689	0.01121	0.01243	0.01074	0.01410	0.01220	0.00848	0.07347	0.44731	0.17969	0.02224	0.02080	0.01615	0.00753	0.00564	0.00184	0.00453	0.00618	0.11970	0.00887
13	0.00937	0.00669	0.00937	0.01071	0.01205	0.00669	0.00937	0.01205	0.01339	0.01740	0.03079	0.06560	0.03347	0.01606	0.00803	0.00268	0.00535	0.72021	0.00535	0.00535
14	0.01230	0.01226	0.01756	0.07811	0.01748	0.03098	0.04680	0.01397	0.00967	0.01433	0.00990	0.06337	0.00989	0.01107	0.04035	0.00265	0.59429	0.00592	0.00278	0.00631
15	0.01228	0.15223	0.64875	0.01552	0.02354	0.01501	0.01965	0.01826	0.01220	0.01766	0.01006	0.01181	0.00738	0.00544	0.00524	0.00175	0.00822	0.00411	0.00246	0.00841
16	0.00724	0.00531	0.00685	0.00801	0.00865	0.00491	0.00559	0.00846	0.01161	0.01517	0.03566	0.63046	0.13728	0.01756	0.00740	0.00233	0.00348	0.07384	0.00539	0.00480
17	0.00702	0.00578	0.00618	0.00632	0.00801	0.00494	0.00465	0.00855	0.01325	0.01627	0.11790	0.15646	0.59464	0.01495	0.00695	0.00201	0.00299	0.01270	0.00549	0.00494
18	0.01325	0.03507	0.13902	0.02171	0.02723	0.01492	0.52280	0.01790	0.01286	0.01788	0.01110	0.01485	0.00856	0.00631	0.02252	0.00213	0.09515	0.00619	0.00282	0.00773
19	0.01431	0.02864	0.01028	0.00851	0.01147	0.00813	0.00677	0.03891	0.10850	0.23662	0.11949	0.03738	0.31328	0.01089	0.00636	0.00189	0.00394	0.02139	0.00604	0.00720
20	0.00739	0.00591	0.00661	0.00644	0.00818	0.00513	0.00483	0.00936	0.01449	0.01864	0.32712	0.05115	0.48696	0.01364	0.00687	0.00191	0.00287	0.01160	0.00579	0.00513
21	0.00841	0.00580	0.00719	0.00719	0.00748	0.00610	0.00458	0.00900	0.00871	0.01190	0.01755	0.03378	0.01929	0.58450	0.23819	0.00668	0.00843	0.00783	0.00341	0.00399
22	0.02153	0.01422	0.01822	0.01443	0.04239	0.03818	0.10164	0.36355	0.02123	0.25250	0.04091	0.01683	0.01252	0.00686	0.00597	0.00178	0.00641	0.00575	0.00571	0.00937
23	0.01131	0.01056	0.01746	0.73602	0.03864	0.01322	0.01591	0.03227	0.01191	0.01535	0.01033	0.01537	0.00780	0.00600	0.00628	0.00195	0.03526	0.00517	0.00266	0.00654
24	0.00715	0.00509	0.00673	0.00801	0.00834	0.00477	0.00531	0.00811	0.01101	0.01468	0.03140	0.75603	0.03764	0.05515	0.00848	0.00252	0.00348	0.01615	0.00531	0.00467
25	0.01234	0.01100	0.01495	0.01081	0.01590	0.00880	0.10388	0.03148	0.01260	0.01917	0.01135	0.03938	0.00970	0.00492	0.00479	0.00108	0.00505	0.00439	0.00350	0.67491
26	0.01379	0.36514	0.41281	0.01362	0.02039	0.05042	0.01602	0.01819	0.01226	0.01617	0.00935	0.01091	0.00741	0.00531	0.00473	0.00157	0.00764	0.00376	0.00249	0.00802
27	0.00794	0.00600	0.00674	0.00675	0.00833	0.00532	0.00502	0.00954	0.01319	0.03364	0.16119	0.07513	0.45321	0.11098	0.00977	0.00247	0.00351	0.07092	0.00537	0.00498
28	0.03160	0.10573	0.39323	0.19915	0.05253	0.06320	0.01740	0.01760	0.01232	0.01700	0.01003	0.01262	0.00756	0.00551	0.00531	0.00174	0.00798	0.00432	0.00260	0.03256
29	0.01134	0.08945	0.03255	0.00955	0.04612	0.00862	0.00724	0.01446	0.04994	0.09201	0.42087	0.03457	0.07472	0.07385	0.00815	0.00208	0.00401	0.00861	0.00549	0.00637
30	0.04364	0.13586	0.01973	0.17806	0.18639	0.08357	0.01293	0.06400	0.01352	0.06537	0.01084	0.01348	0.00868	0.00653	0.01850	0.00181	0.06482	0.00459	0.00327	0.06440
31	0.08507	0.37146	0.14341	0.04766	0.01734	0.01683	0.02185	0.05581	0.01330	0.09822	0.03770	0.01473	0.04221	0.00614	0.00473	0.00157	0.00620	0.00451	0.00353	0.00772
32	0.26264	0.13258	0.10632	0.04741	0.01517	0.03249	0.00960	0.04178	0.03780	0.09596	0.01115	0.01321	0.00874	0.00834	0.00779	0.14876	0.00579	0.00421	0.00356	0.00670
33	0.14030	0.11288	0.39151	0.06059	0.08000	0.01408	0.01602	0.01875	0.01229	0.08694	0.01098	0.01254	0.00802	0.00558	0.00508	0.00176	0.00717	0.00425	0.00311	0.00815
34	0.13750	0.32419	0.08416	0.01158	0.01628	0.14456	0.01070	0.14694	0.01512	0.02025	0.00956	0.01070	0.00776	0.00559	0.00451	0.00149	0.00685	0.00371	0.00336	0.03518

[dist]
# distance from previous block
# <min> <max>
4	24

[block]
# block no. 5 follows, 40 sequences, length 21
# corresponding to MSA columns:
# 290-310
name=unknown_F
#
# <colnr> <probs for GDERKNQSTAVLIFYWHMCP>
#	G	D	E	R	K	N	Q	S	T	A	V	L	I	F	Y	W	H	M	C	P
0	0.01152	0.05222	0.07243	0.01042	0.01299	0.00964	0.00886	0.14232	0.03948	0.02013	0.03959	0.33843	0.02642	0.01290	0.00667	0.00210	0.00491	0.13531	0.00501	0.04863
1	0.10074	0.28062	0.09296	0.01128	0.01533	0.07555	0.01051	0.07250	0.03805	0.04084	0.05706	0.01484	0.02893	0.00791	0.03201	0.00190	0.08082	0.00461	0.00351	0.03003
2	0.09101	0.01288	0.01382	0.01105	0.01481	0.03027	0.00883	0.34993	0.06444	0.16036	0.03637	0.01872	0.01339	0.10438	0.00853	0.00222	0.00567	0.00568	0.00545	0.04219
3	0.72231	0.01177	0.00979	0.03226	0.01288	0.01359	0.00712	0.09583	0.01185	0.02689	0.00881	0.01013	0.00673	0.00558	0.00391	0.00180	0.00481	0.00344	0.00381	0.00669
4	0.00833	0.00612	0.00881	0.00881	0.00966	0.00698	0.00660	0.01004	0.00919	0.01310	0.01607	0.02557	0.01572	0.17826	0.63956	0.00868	0.01380	0.00663	0.00319	0.00489
5	0.77466	0.01134	0.00889	0.00796	0.01154	0.01315	0.00652	0.01814	0.06565	0.02596	0.00927	0.01037	0.00716	0.00559	0.00377	0.00181	0.00451	0.00341	0.00377	0.00652
6	0.01450	0.00792	0.00955	0.00830	0.01117	0.00714	0.00661	0.04142	0.04541	0.27118	0.12697	0.03982	0.32968	0.01135	0.00650	0.00192	0.00390	0.04346	0.00616	0.00704
7	0.01107	0.01058	0.01838	0.70054	0.03834	0.01280	0.07030	0.01493	0.01177	0.01514	0.01112	0.03959	0.00879	0.00613	0.00594	0.00195	0.00777	0.00565	0.00270	0.00651
8	0.01396	0.00843	0.00875	0.00762	0.00989	0.00891	0.00600	0.21441	0.01638	0.02582	0.01759	0.01955	0.01352	0.00683	0.00455	0.00146	0.00373	0.00537	0.60059	0.00666
9	0.05036	0.00815	0.01059	0.00967	0.01245	0.00768	0.00808	0.01951	0.03160	0.32590	0.06570	0.03721	0.02323	0.01050	0.00639	0.00207	0.00469	0.25964	0.09920	0.00737
10	0.00904	0.00639	0.00762	0.00713	0.00898	0.00577	0.00541	0.01175	0.04002	0.06586	0.43137	0.04584	0.30818	0.01251	0.00677	0.00188	0.00302	0.01074	0.00607	0.00567
11	0.01555	0.79913	0.03047	0.00995	0.01493	0.02301	0.00995	0.01741	0.01182	0.01368	0.00808	0.00933	0.00746	0.00498	0.00373	0.00124	0.00622	0.00311	0.00249	0.00746
12	0.00709	0.00590	0.00619	0.00612	0.00799	0.00500	0.00459	0.00876	0.01376	0.01691	0.16864	0.05399	0.64652	0.01428	0.00687	0.00194	0.00291	0.01200	0.00556	0.00500
13	0.00846	0.00564	0.00634	0.00634	0.00634	0.00564	0.00352	0.00846	0.00846	0.01128	0.01832	0.03805	0.02114	0.79563	0.02960	0.00564	0.00564	0.00846	0.00352	0.00352
14	0.01433	0.01525	0.01825	0.01546	0.01667	0.15186	0.07020	0.03504	0.01117	0.01497	0.00898	0.01336	0.00828	0.01144	0.07213	0.00280	0.50539	0.00508	0.00279	0.00655
15	0.00839	0.00561	0.00636	0.00643	0.00644	0.00559	0.00361	0.00844	0.00859	0.01145	0.01898	0.07431	0.02197	0.75824	0.02853	0.00548	0.00553	0.00885	0.00361	0.00358
16	0.00709	0.00506	0.00675	0.00810	0.00843	0.00472	0.00540	0.00810	0.01113	0.01484	0.03205	0.79184	0.03846	0.01822	0.00742	0.00236	0.00337	0.01653	0.00540	0.00472
17	0.01084	0.00542	0.00542	0.00542	0.00678	0.00542	0.00407	0.01355	0.01220	0.02168	0.01897	0.02168	0.01491	0.00678	0.00407	0.00136	0.00271	0.00542	0.82791	0.00542
18	0.02164	0.01606	0.01719	0.01329	0.01786	0.01782	0.01094	0.69657	0.07150	0.03590	0.01456	0.01443	0.01037	0.00704	0.00582	0.00176	0.00629	0.00532	0.00582	0.00985
19	0.00709	0.00506	0.00675	0.00810	0.00843	0.00472	0.00540	0.00810	0.01113	0.01484	0.03205	0.79184	0.03846	0.01822	0.00742	0.00236	0.00337	0.01653	0.00540	0.00472
20	0.00709	0.00506	0.00675	0.00810	0.00843	0.00472	0.00540	0.00810	0.01113	0.01484	0.03205	0.79184	0.03846	0.01822	0.00742	0.00236	0.00337	0.01653	0.00540	0.00472

[dist]
# distance from previous block
# <min> <max>
0	1

[block]
# block no. 6 follows, 40 sequences, length 8
# corresponding to MSA columns:
# 312-319
name=unknown_G
#
# <colnr> <probs for GDERKNQSTAVLIFYWHMCP>
#	G	D	E	R	K	N	Q	S	T	A	V	L	I	F	Y	W	H	M	C	P
0	0.02172	0.02772	0.01648	0.01498	0.01798	0.77228	0.01124	0.02322	0.01648	0.01423	0.00899	0.01049	0.00749	0.00599	0.00524	0.00150	0.01049	0.00375	0.00300	0.00674
1	0.01283	0.00696	0.00925	0.00810	0.01027	0.00627	0.00627	0.01544	0.01651	0.21383	0.56750	0.03735	0.04445	0.01068	0.00660	0.00182	0.00331	0.00931	0.00661	0.00662
2	0.09071	0.01026	0.07187	0.00908	0.01208	0.00881	0.00777	0.08209	0.05801	0.02403	0.43162	0.03024	0.03500	0.00924	0.00601	0.00172	0.00401	0.00782	0.00541	0.09422
3	0.04659	0.25205	0.43200	0.01439	0.02131	0.01666	0.04803	0.07296	0.01326	0.01874	0.00998	0.01158	0.00761	0.00544	0.00501	0.00166	0.00762	0.00409	0.00279	0.00824
4	0.00922	0.00662	0.00846	0.00837	0.01020	0.00602	0.00672	0.01163	0.01442	0.04399	0.30431	0.08031	0.15640	0.01312	0.00700	0.00205	0.00381	0.22830	0.00566	0.07341
5	0.00976	0.00637	0.00833	0.00793	0.00959	0.00586	0.00619	0.01237	0.01584	0.08289	0.54891	0.04538	0.09724	0.01227	0.00694	0.00195	0.00329	0.10685	0.00626	0.00579
6	0.01275	0.20617	0.39683	0.01302	0.01914	0.01394	0.01512	0.01716	0.01263	0.06119	0.01729	0.02168	0.08085	0.00746	0.00551	0.00180	0.00695	0.07947	0.00332	0.00772
7	0.05114	0.01261	0.01286	0.01122	0.01447	0.07386	0.00882	0.09292	0.35878	0.14049	0.04698	0.02237	0.03312	0.03461	0.04064	0.00233	0.00573	0.02309	0.00557	0.00838

[dist]
# distance from previous block
# <min> <max>
2	7

[block]
# block no. 7 follows, 40 sequences, length 92
# corresponding to MSA columns:
# 330-421
name=unknown_H
#
# <colnr> <probs for GDERKNQSTAVLIFYWHMCP>
#	G	D	E	R	K	N	Q	S	T	A	V	L	I	F	Y	W	H	M	C	P
0	0.01786	0.07322	0.01476	0.01081	0.01444	0.01324	0.00879	0.29166	0.11053	0.14642	0.13312	0.02145	0.01909	0.04562	0.00716	0.01431	0.00519	0.00628	0.02025	0.02581
1	0.01138	0.01104	0.01834	0.04534	0.01794	0.01197	0.21502	0.01431	0.03567	0.01653	0.07443	0.04993	0.07650	0.11018	0.01276	0.00252	0.20867	0.00738	0.00358	0.05652
2	0.01718	0.01423	0.01389	0.01201	0.01553	0.09781	0.00944	0.14238	0.45082	0.09170	0.02211	0.02068	0.05037	0.00780	0.00587	0.00187	0.00549	0.00625	0.00567	0.00890
3	0.02286	0.01268	0.01495	0.01165	0.01602	0.01294	0.00956	0.32730	0.08359	0.37133	0.04238	0.01825	0.01406	0.00731	0.00587	0.00179	0.00546	0.00580	0.00648	0.00970
4	0.01529	0.59291	0.16897	0.01160	0.01711	0.07965	0.01224	0.01806	0.01227	0.01462	0.00860	0.00998	0.00745	0.00516	0.00419	0.00138	0.00700	0.00338	0.00252	0.00762
5	0.01191	0.07598	0.68084	0.01629	0.02444	0.01398	0.04636	0.01823	0.01238	0.01822	0.02363	0.01278	0.00827	0.00558	0.00549	0.00181	0.00839	0.00443	0.00255	0.00844
6	0.01694	0.52680	0.08395	0.01185	0.01656	0.22852	0.01120	0.01909	0.01314	0.01420	0.00852	0.00988	0.00746	0.00530	0.00429	0.00136	0.00758	0.00338	0.00263	0.00735
7	0.00892	0.06795	0.00952	0.00752	0.00916	0.00707	0.00577	0.01173	0.03377	0.02158	0.60953	0.04036	0.07352	0.05910	0.00798	0.00202	0.00324	0.00978	0.00587	0.00559
8	0.01348	0.01519	0.03292	0.02374	0.02937	0.01426	0.69761	0.01826	0.01371	0.01856	0.01283	0.01847	0.01020	0.00552	0.00693	0.00200	0.00956	0.04662	0.00308	0.00770
9	0.00710	0.00530	0.00661	0.00754	0.00832	0.00481	0.00518	0.00832	0.01194	0.01555	0.08119	0.57828	0.20461	0.01704	0.00726	0.00224	0.00324	0.01520	0.00546	0.00481
10	0.00846	0.00564	0.00634	0.00634	0.00634	0.00564	0.00352	0.00846	0.00846	0.01128	0.01832	0.03805	0.02114	0.79563	0.02960	0.00564	0.00564	0.00846	0.00352	0.00352
11	0.08062	0.01049	0.01347	0.01040	0.01485	0.00960	0.00859	0.08348	0.01703	0.65641	0.02123	0.01863	0.01349	0.00706	0.00569	0.00180	0.00503	0.00562	0.00685	0.00965
12	0.00717	0.00510	0.00672	0.00799	0.00831	0.00478	0.00528	0.00812	0.01097	0.01463	0.03121	0.74591	0.03741	0.06558	0.00877	0.00256	0.00351	0.01604	0.00528	0.00465
13	0.00835	0.00610	0.00791	0.00757	0.00892	0.00576	0.00565	0.01138	0.03975	0.02245	0.65742	0.10059	0.05137	0.01304	0.02598	0.00206	0.00317	0.01075	0.00623	0.00554
14	0.00709	0.00506	0.00675	0.00810	0.00843	0.00472	0.00540	0.00810	0.01113	0.01484	0.03205	0.79184	0.03846	0.01822	0.00742	0.00236	0.00337	0.01653	0.00540	0.00472
