[name]
unknown

[dist]
# distance from previous block
# <min> <max>
15	117

[block]
# block no. 0 follows, 43 sequences, length 11
# corresponding to MSA columns:
# 161-171
name=unknown_A
#
# <colnr> <probs for GDERKNQSTAVLIFYWHMCP>
#	G	D	E	R	K	N	Q	S	T	A	V	L	I	F	Y	W	H	M	C	P
0	0.01522	0.01135	0.03060	0.08103	0.08495	0.01136	0.03077	0.20935	0.07790	0.12127	0.07875	0.09020	0.01639	0.00861	0.02912	0.00191	0.00559	0.00647	0.00478	0.08438
1	0.01534	0.01159	0.01429	0.14170	0.06978	0.01258	0.01019	0.27579	0.11898	0.06394	0.07839	0.03012	0.01468	0.02350	0.00597	0.00175	0.00541	0.00573	0.04096	0.05933
2	0.04127	0.01314	0.01437	0.01118	0.01538	0.06056	0.03113	0.30662	0.06697	0.16491	0.01534	0.01521	0.02718	0.00624	0.00520	0.00151	0.00548	0.00490	0.02144	0.17197
3	0.04972	0.01386	0.03696	0.05787	0.03845	0.06153	0.04743	0.30065	0.10021	0.14244	0.03404	0.01753	0.01240	0.00685	0.00557	0.00173	0.00601	0.03693	0.00497	0.02486
4	0.06761	0.01302	0.01293	0.01155	0.04739	0.12543	0.00869	0.14782	0.13297	0.16310	0.01871	0.01905	0.07370	0.02901	0.05460	0.00219	0.00620	0.00555	0.00477	0.05572
5	0.01306	0.01229	0.01952	0.18105	0.40880	0.03643	0.06055	0.06835	0.01375	0.01882	0.10020	0.01713	0.01361	0.00594	0.00567	0.00171	0.00652	0.00559	0.00329	0.00771
6	0.01441	0.33693	0.06000	0.06716	0.10234	0.06126	0.03985	0.09909	0.01333	0.01701	0.01054	0.05681	0.00941	0.00591	0.00501	0.00147	0.02509	0.00458	0.00305	0.06675
7	0.06645	0.00737	0.00987	0.00876	0.01060	0.00740	0.05263	0.01238	0.03441	0.05755	0.39471	0.07984	0.13891	0.01087	0.00714	0.00187	0.06002	0.02829	0.00526	0.00566
8	0.00962	0.00573	0.00822	0.07714	0.01027	0.00609	0.00583	0.00917	0.04548	0.01098	0.01158	0.01975	0.01142	0.12815	0.04990	0.57379	0.00548	0.00539	0.00273	0.00329
9	0.01141	0.00987	0.01450	0.49079	0.02824	0.01170	0.01242	0.09953	0.08769	0.01771	0.04023	0.12340	0.01409	0.00767	0.00579	0.00188	0.00620	0.00671	0.00362	0.00653
10	0.07009	0.01313	0.01683	0.39659	0.18189	0.11575	0.01381	0.04177	0.06592	0.01695	0.01067	0.01389	0.00829	0.00559	0.00532	0.00174	0.00710	0.00471	0.00297	0.00701

[dist]
# distance from previous block
# <min> <max>
2	31

[block]
# block no. 1 follows, 43 sequences, length 34
# corresponding to MSA columns:
# 203-236
name=unknown_B
#
# <colnr> <probs for GDERKNQSTAVLIFYWHMCP>
#	G	D	E	R	K	N	Q	S	T	A	V	L	I	F	Y	W	H	M	C	P
0	0.01313	0.01328	0.02295	0.12280	0.04773	0.05861	0.35919	0.02981	0.03312	0.04422	0.01260	0.07247	0.01063	0.00631	0.00692	0.00181	0.06591	0.00633	0.00321	0.06897
1	0.04582	0.01458	0.10138	0.15939	0.02389	0.06125	0.24909	0.07413	0.03374	0.03120	0.05618	0.01571	0.01095	0.00678	0.00729	0.05587	0.03712	0.00554	0.00324	0.00689
2	0.02773	0.01132	0.01386	0.08486	0.04281	0.05695	0.04259	0.14467	0.05447	0.03647	0.08198	0.10847	0.01743	0.00845	0.00682	0.00176	0.07464	0.05347	0.00424	0.12699
3	0.04411	0.01187	0.01795	0.04419	0.06336	0.01212	0.18271	0.11244	0.12211	0.11349	0.07352	0.04068	0.01449	0.00676	0.00635	0.00175	0.04537	0.00609	0.00441	0.07623
4	0.01039	0.00885	0.01322	0.06989	0.01430	0.01036	0.08212	0.05328	0.01029	0.01461	0.01339	0.03755	0.01306	0.20165	0.21471	0.00459	0.18293	0.00629	0.03310	0.00542
5	0.00847	0.00870	0.08187	0.01035	0.01247	0.00674	0.08929	0.01064	0.01149	0.01568	0.06121	0.44288	0.05183	0.01340	0.00693	0.01763	0.00458	0.08217	0.00449	0.05914
6	0.01481	0.80869	0.02902	0.00948	0.01421	0.02191	0.00948	0.01658	0.01125	0.01303	0.00770	0.00888	0.00711	0.00474	0.00355	0.00118	0.00592	0.00296	0.00237	0.00711
7	0.01166	0.01149	0.01687	0.22850	0.02104	0.01568	0.01302	0.01355	0.00920	0.01355	0.00798	0.01285	0.00730	0.00855	0.01470	0.00226	0.57842	0.00487	0.00243	0.00608
8	0.01838	0.07496	0.01593	0.01215	0.03774	0.03507	0.00963	0.40738	0.10752	0.10188	0.04420	0.01666	0.01269	0.05187	0.00703	0.00188	0.02609	0.00536	0.00510	0.00847
9	0.00780	0.00609	0.00726	0.00676	0.00861	0.00528	0.00512	0.00993	0.01395	0.01893	0.40596	0.07445	0.27904	0.01174	0.00631	0.00172	0.00292	0.02564	0.00541	0.09707
10	0.01567	0.69443	0.02707	0.01018	0.01464	0.13310	0.00966	0.01739	0.01190	0.01311	0.00783	0.00905	0.00711	0.00488	0.00376	0.00122	0.00652	0.00305	0.00244	0.00701
11	0.00830	0.00600	0.00814	0.00916	0.01033	0.00584	0.00762	0.01051	0.01266	0.01659	0.10041	0.18074	0.08704	0.01517	0.00737	0.00238	0.00440	0.49716	0.00520	0.00498
12	0.04604	0.36703	0.16236	0.01217	0.05952	0.04859	0.01145	0.04629	0.01245	0.06768	0.00976	0.01092	0.00782	0.00504	0.00432	0.00135	0.00618	0.00361	0.00299	0.11441
13	0.01685	0.16556	0.33570	0.01272	0.01872	0.02732	0.03393	0.02077	0.01318	0.28254	0.01372	0.01374	0.00942	0.00572	0.00508	0.00163	0.00661	0.00446	0.00395	0.00837
14	0.00678	0.00497	0.00638	0.00741	0.00798	0.00456	0.00503	0.00790	0.01114	0.01470	0.07531	0.66575	0.12856	0.01660	0.00697	0.00217	0.00313	0.01492	0.00520	0.00456
15	0.00760	0.00521	0.00690	0.00760	0.00830	0.00485	0.00530	0.00904	0.01203	0.03670	0.21814	0.54765	0.03945	0.03581	0.00745	0.00219	0.00320	0.03238	0.00538	0.00480
16	0.01901	0.01339	0.08592	0.01196	0.04140	0.06073	0.00999	0.17804	0.06270	0.32070	0.01876	0.06192	0.03375	0.00910	0.04474	0.00209	0.00609	0.00596	0.00533	0.00841
17	0.02152	0.01347	0.01577	0.01213	0.01648	0.01418	0.03310	0.47163	0.06404	0.25471	0.01631	0.01542	0.01109	0.00670	0.00559	0.00170	0.00569	0.00528	0.00585	0.00932
18	0.00665	0.00521	0.00602	0.00667	0.00776	0.00459	0.00468	0.00783	0.01161	0.01455	0.04325	0.42929	0.40088	0.01570	0.00681	0.00206	0.00301	0.01373	0.00514	0.00459
19	0.16159	0.01386	0.01571	0.05046	0.12601	0.05471	0.01089	0.31969	0.01750	0.08114	0.01154	0.01280	0.00862	0.00635	0.00639	0.00174	0.08404	0.00459	0.00428	0.00810
20	0.06908	0.01450	0.11111	0.01849	0.07860	0.01202	0.36347	0.01940	0.01338	0.19178	0.04296	0.01602	0.01105	0.00555	0.00589	0.00179	0.00735	0.00582	0.00384	0.00792
21	0.01673	0.01176	0.01300	0.01113	0.01462	0.01297	0.00881	0.10059	0.53742	0.17621	0.02149	0.01957	0.01552	0.00729	0.00561	0.00182	0.00462	0.00600	0.00587	0.00896
22	0.06792	0.01275	0.01972	0.18795	0.03451	0.01405	0.21002	0.14106	0.13481	0.04304	0.01286	0.01505	0.00964	0.00612	0.00662	0.00185	0.06519	0.00547	0.00377	0.00759
23	0.04649	0.10795	0.01597	0.06270	0.01704	0.37207	0.01005	0.02305	0.22838	0.04415	0.01301	0.01352	0.01015	0.00613	0.00502	0.00158	0.00736	0.00441	0.00374	0.00725
24	0.03584	0.04063	0.40220	0.01247	0.01840	0.01094	0.01399	0.04168	0.01293	0.19134	0.03273	0.04594	0.01148	0.03631	0.00613	0.00181	0.00642	0.00510	0.00382	0.06984
25	0.01343	0.04791	0.21737	0.03039	0.06930	0.02785	0.17381	0.04575	0.01254	0.06860	0.03142	0.01384	0.00938	0.00599	0.00740	0.00175	0.12673	0.00497	0.00312	0.08844
26	0.01287	0.24157	0.45722	0.01459	0.02137	0.01571	0.08609	0.05876	0.01251	0.01730	0.00963	0.01132	0.00731	0.00514	0.00493	0.00160	0.00755	0.00406	0.00257	0.00789
27	0.00688	0.00491	0.00658	0.00786	0.00824	0.00461	0.00537	0.00794	0.01073	0.01428	0.03045	0.75754	0.03635	0.01723	0.00710	0.00227	0.00333	0.05867	0.00514	0.00453
28	0.01327	0.06044	0.01314	0.04055	0.05785	0.03058	0.03039	0.01485	0.01080	0.16811	0.01493	0.02193	0.01347	0.23163	0.16137	0.00413	0.09679	0.00598	0.00372	0.00608
29	0.02127	0.01199	0.06258	0.01069	0.01499	0.01070	0.00926	0.21604	0.03727	0.44607	0.04184	0.01837	0.02776	0.00697	0.00553	0.00169	0.00511	0.00557	0.03735	0.00895
30	0.01077	0.00610	0.00793	0.00770	0.00930	0.00548	0.00568	0.01249	0.01336	0.17328	0.24148	0.33738	0.12112	0.01309	0.00655	0.00195	0.00330	0.01155	0.00577	0.00574
31	0.00790	0.00564	0.00773	0.00895	0.00979	0.00548	0.00706	0.00973	0.01189	0.01569	0.05877	0.39680	0.03483	0.01607	0.00734	0.00238	0.00415	0.37981	0.00516	0.00483
32	0.02185	0.01424	0.01583	0.01214	0.01654	0.01528	0.01003	0.60029	0.02390	0.18998	0.01509	0.01446	0.01032	0.00669	0.00555	0.00167	0.00580	0.00511	0.00582	0.00942
33	0.01251	0.01092	0.01452	0.06099	0.01678	0.00954	0.08686	0.08590	0.04190	0.01951	0.01117	0.02645	0.00912	0.00486	0.00470	0.00114	0.00506	0.00423	0.00352	0.57030

[dist]
# distance from previous block
# <min> <max>
2	9

[block]
# block no. 2 follows, 43 sequences, length 31
# corresponding to MSA columns:
# 246-276
name=unknown_C
#
# <colnr> <probs for GDERKNQSTAVLIFYWHMCP>
#	G	D	E	R	K	N	Q	S	T	A	V	L	I	F	Y	W	H	M	C	P
0	0.01307	0.01350	0.02167	0.06448	0.08643	0.07857	0.31293	0.03101	0.02437	0.01746	0.01166	0.04693	0.00972	0.00559	0.00609	0.00160	0.03740	0.00561	0.03221	0.17970
1	0.00700	0.00507	0.00662	0.00740	0.00806	0.00469	0.00511	0.00840	0.01197	0.01617	0.21321	0.56999	0.08443	0.01567	0.00691	0.00210	0.00304	0.01409	0.00538	0.00469
2	0.02105	0.01551	0.01662	0.01274	0.01717	0.01717	0.01053	0.75235	0.02604	0.03490	0.01330	0.01330	0.00942	0.00665	0.00554	0.00166	0.00609	0.00499	0.00554	0.00942
3	0.00925	0.00685	0.00875	0.00799	0.01021	0.00594	0.03672	0.01107	0.01236	0.06706	0.07945	0.16142	0.29400	0.04728	0.00728	0.00199	0.00383	0.09218	0.00485	0.13153
4	0.01046	0.00984	0.01661	0.79205	0.03814	0.01230	0.01538	0.01415	0.01107	0.01415	0.00984	0.01477	0.00738	0.00554	0.00554	0.00185	0.00738	0.00492	0.00246	0.00615
5	0.00767	0.00521	0.00615	0.00653	0.00663	0.00511	0.00388	0.00795	0.00880	0.01174	0.02129	0.26095	0.02498	0.57405	0.02199	0.00445	0.00474	0.01031	0.00388	0.00369
6	0.00837	0.00598	0.00826	0.00938	0.01046	0.00588	0.00779	0.01060	0.01258	0.01660	0.09977	0.21378	0.03480	0.01535	0.00742	0.00241	0.00447	0.51591	0.00520	0.00499
7	0.12834	0.00636	0.00734	0.00696	0.00856	0.00630	0.00535	0.01159	0.01423	0.02219	0.54851	0.03541	0.04073	0.01009	0.00585	0.00172	0.00295	0.03871	0.09349	0.00532
8	0.01956	0.01391	0.01514	0.01204	0.01612	0.01530	0.00981	0.48451	0.21699	0.11228	0.01664	0.01583	0.01184	0.00690	0.00557	0.00172	0.00550	0.00538	0.00571	0.00925
9	0.00681	0.00486	0.00649	0.00778	0.00813	0.00455	0.00524	0.00781	0.01066	0.01420	0.03049	0.78165	0.03650	0.01730	0.00708	0.00226	0.00326	0.03526	0.00514	0.00451
10	0.00674	0.00485	0.00640	0.00764	0.00801	0.00450	0.00511	0.00772	0.01067	0.01417	0.03137	0.77695	0.06088	0.01724	0.00705	0.00224	0.00320	0.01561	0.00514	0.00450
11	0.02071	0.01510	0.01623	0.01333	0.04820	0.04994	0.01047	0.57883	0.06372	0.10537	0.01431	0.01411	0.01012	0.00660	0.00552	0.00167	0.00606	0.00505	0.00544	0.00922
12	0.01104	0.01075	0.01890	0.61963	0.07999	0.01277	0.10304	0.01471	0.01129	0.01478	0.00992	0.01460	0.00758	0.00559	0.00623	0.00186	0.04323	0.00511	0.00252	0.00646
13	0.01024	0.06956	0.53962	0.01339	0.01941	0.01132	0.01598	0.01503	0.01139	0.01642	0.01494	0.20861	0.01441	0.00825	0.00561	0.00184	0.00681	0.00693	0.00304	0.00720
14	0.01456	0.01228	0.01486	0.05558	0.06994	0.04348	0.04627	0.16162	0.09594	0.04644	0.01247	0.01393	0.00972	0.01822	0.00532	0.00140	0.00543	0.00447	0.00397	0.36410
15	0.01525	0.74939	0.02801	0.00984	0.01444	0.07962	0.00957	0.01700	0.01159	0.01307	0.00776	0.00897	0.00711	0.00481	0.00366	0.00120	0.00623	0.00301	0.00241	0.00706
16	0.01050	0.00613	0.00855	0.00779	0.00882	0.00587	0.00556	0.00937	0.00836	0.03803	0.01018	0.01599	0.00958	0.01663	0.04420	0.60722	0.03267	0.00461	0.00273	0.14719
17	0.01189	0.01310	0.04574	0.35668	0.03280	0.01324	0.41198	0.01618	0.01217	0.01618	0.01058	0.01478	0.00792	0.00506	0.00607	0.00185	0.00846	0.00577	0.00264	0.00692
18	0.01046	0.00984	0.01661	0.79205	0.03814	0.01230	0.01538	0.01415	0.01107	0.01415	0.00984	0.01477	0.00738	0.00554	0.00554	0.00185	0.00738	0.00492	0.00246	0.00615
19	0.19116	0.01385	0.01417	0.01120	0.01524	0.01541	0.00921	0.52580	0.05414	0.04585	0.01289	0.01312	0.00930	0.00637	0.00504	0.00167	0.00548	0.00465	0.03692	0.00852
20	0.00703	0.00512	0.00663	0.00734	0.00806	0.00471	0.00509	0.00849	0.01217	0.01643	0.23638	0.53196	0.09925	0.01542	0.00688	0.00208	0.00301	0.01384	0.00541	0.00471
21	0.02485	0.00943	0.01285	0.00985	0.01414	0.00814	0.00814	0.02699	0.01585	0.77465	0.02185	0.01885	0.01371	0.00685	0.00557	0.00171	0.00471	0.00557	0.00685	0.00943
22	0.00673	0.00489	0.00636	0.00753	0.00799	0.00451	0.00506	0.00773	0.01077	0.01421	0.03269	0.73827	0.09870	0.01707	0.00702	0.00222	0.00318	0.01540	0.00514	0.00451
23	0.00719	0.00542	0.00730	0.00828	0.00857	0.00553	0.00572	0.00818	0.01043	0.01407	0.02860	0.73647	0.03420	0.01672	0.00799	0.00226	0.06869	0.01484	0.00492	0.00463
24	0.01481	0.80869	0.02902	0.00948	0.01421	0.02191	0.00948	0.01658	0.01125	0.01303	0.00770	0.00888	0.00711	0.00474	0.00355	0.00118	0.00592	0.00296	0.00237	0.00711
25	0.00902	0.00481	0.00705	0.00732	0.00738	0.00475	0.00488	0.00732	0.00792	0.01056	0.01396	0.17962	0.01522	0.01885	0.01862	0.66536	0.00448	0.00708	0.00297	0.00284
26	0.00745	0.00569	0.00698	0.00761	0.00893	0.00522	0.00598	0.00923	0.01250	0.01591	0.10250	0.21042	0.32283	0.01489	0.00700	0.00215	0.00360	0.24107	0.00521	0.00482
27	0.04435	0.01552	0.01235	0.01118	0.01355	0.32464	0.00853	0.01888	0.04526	0.14757	0.04338	0.14019	0.04070	0.00860	0.00639	0.00173	0.06285	0.00659	0.04119	0.00654
28	0.01180	0.12917	0.48507	0.01317	0.02000	0.01298	0.01561	0.01717	0.04311	0.01727	0.01015	0.01165	0.00769	0.00505	0.00481	0.00149	0.00687	0.00386	0.00268	0.18041
29	0.01257	0.21338	0.20668	0.01473	0.13090	0.01345	0.02409	0.04388	0.01317	0.04433	0.15000	0.01997	0.03057	0.00695	0.00552	0.00164	0.02134	0.03599	0.00355	0.00731
30	0.09124	0.00868	0.01110	0.00925	0.01259	0.00799	0.00736	0.02217	0.04555	0.52071	0.02246	0.18044	0.01793	0.00891	0.00570	0.00183	0.00435	0.00749	0.00615	0.00808

[dist]
# distance from previous block
# <min> <max>
0	22

[block]
# block no. 3 follows, 43 sequences, length 33
# corresponding to MSA columns:
# 299-331
name=unknown_D
#
# <colnr> <probs for GDERKNQSTAVLIFYWHMCP>
#	G	D	E	R	K	N	Q	S	T	A	V	L	I	F	Y	W	H	M	C	P
0	0.14740	0.00965	0.01132	0.11463	0.06647	0.03410	0.00838	0.06225	0.03688	0.03315	0.01629	0.22878	0.01618	0.00860	0.00528	0.00169	0.00479	0.00730	0.03023	0.15665
1	0.01137	0.00694	0.00991	0.00923	0.01093	0.00757	0.00729	0.04478	0.01082	0.14377	0.01597	0.02090	0.01363	0.03412	0.61721	0.00736	0.01273	0.00583	0.00374	0.00590
2	0.01531	0.01262	0.01526	0.05918	0.06605	0.01313	0.03869	0.25627	0.21117	0.02457	0.01435	0.01493	0.01085	0.00597	0.00523	0.00152	0.00538	0.00494	0.00452	0.22007
3	0.01434	0.00975	0.01178	0.00856	0.01334	0.00754	0.00690	0.01673	0.01242	0.17971	0.01241	0.01306	0.00938	0.00469	0.00442	0.00101	0.00423	0.00377	0.00404	0.66192
4	0.01800	0.01323	0.01444	0.01167	0.01522	0.01447	0.00938	0.59324	0.02274	0.03047	0.01698	0.18176	0.01523	0.00894	0.00587	0.00179	0.00548	0.00728	0.00546	0.00837
5	0.00843	0.00592	0.00750	0.00754	0.00877	0.00561	0.00548	0.01123	0.06210	0.04843	0.39143	0.30461	0.08546	0.01316	0.00662	0.00193	0.00303	0.01169	0.00571	0.00533
6	0.00924	0.00594	0.00690	0.00658	0.00736	0.00577	0.00424	0.02590	0.01022	0.06428	0.08136	0.03669	0.12322	0.53332	0.05263	0.00443	0.00517	0.00838	0.00408	0.00429
7	0.07371	0.00991	0.01227	0.00933	0.01369	0.00868	0.00764	0.06526	0.01481	0.45343	0.03301	0.01629	0.01223	0.00605	0.00504	0.00146	0.00455	0.00482	0.00553	0.24231
8	0.00793	0.00586	0.00852	0.00852	0.00938	0.00672	0.00645	0.00965	0.00879	0.01258	0.01518	0.02366	0.01467	0.14201	0.68407	0.00844	0.01359	0.00621	0.00302	0.00474
9	0.02069	0.02640	0.01569	0.01427	0.01712	0.78313	0.01070	0.02212	0.01569	0.01355	0.00856	0.00999	0.00713	0.00571	0.00499	0.00143	0.00999	0.00357	0.00285	0.00642
10	0.00744	0.00548	0.00697	0.00696	0.00812	0.00500	0.00508	0.00956	0.01421	0.01958	0.52196	0.20532	0.13786	0.01295	0.00665	0.00187	0.00277	0.01145	0.00577	0.00500
11	0.00966	0.00609	0.00795	0.00758	0.00906	0.00566	0.00564	0.01228	0.03813	0.10310	0.50494	0.20071	0.04357	0.01200	0.00651	0.00185	0.00303	0.01063	0.00596	0.00564
12	0.00698	0.00527	0.00649	0.00739	0.00819	0.00489	0.00512	0.00857	0.03634	0.01468	0.03618	0.58712	0.20602	0.01621	0.00691	0.00215	0.00319	0.02844	0.00516	0.00469
13	0.01046	0.00984	0.01661	0.79205	0.03814	0.01230	0.01538	0.01415	0.01107	0.01415	0.00984	0.01477	0.00738	0.00554	0.00554	0.00185	0.00738	0.00492	0.00246	0.00615
14	0.02106	0.02360	0.01560	0.01372	0.01690	0.61877	0.01048	0.12153	0.01711	0.07585	0.01024	0.01113	0.00796	0.00592	0.00511	0.00148	0.00905	0.00392	0.00353	0.00706
15	0.01410	0.00732	0.00955	0.00813	0.01059	0.00666	0.00639	0.04427	0.01603	0.27886	0.46247	0.03300	0.06010	0.00971	0.00617	0.00173	0.00347	0.00836	0.00630	0.00680
16	0.00864	0.00576	0.00701	0.00756	0.00844	0.00565	0.00531	0.06700	0.01223	0.01742	0.05795	0.54938	0.03062	0.01405	0.00628	0.00199	0.00328	0.01251	0.17389	0.00505
17	0.01100	0.01024	0.01720	0.63928	0.15916	0.01221	0.01526	0.01458	0.01135	0.01503	0.01022	0.01479	0.00784	0.00547	0.00547	0.00179	0.00709	0.00493	0.03054	0.00656
18	0.02485	0.00943	0.01285	0.00985	0.01414	0.00814	0.00814	0.02699	0.01585	0.77465	0.02185	0.01885	0.01371	0.00685	0.00557	0.00171	0.00471	0.00557	0.00685	0.00943
19	0.25676	0.01181	0.01693	0.16292	0.34042	0.01274	0.03307	0.04022	0.01197	0.04944	0.01008	0.01274	0.00791	0.00523	0.00493	0.00171	0.00604	0.00444	0.00314	0.00749
20	0.01345	0.06942	0.06846	0.11670	0.07104	0.01358	0.44999	0.01758	0.01277	0.06793	0.01199	0.01608	0.00927	0.00533	0.00604	0.00181	0.00818	0.02987	0.00305	0.00745
21	0.00861	0.00489	0.00684	0.00720	0.00729	0.00480	0.00471	0.00747	0.00828	0.01104	0.01653	0.23998	0.01860	0.12265	0.01841	0.49355	0.00444	0.00831	0.00330	0.00312
22	0.03621	0.14281	0.10838	0.20782	0.02177	0.01368	0.04089	0.06750	0.10573	0.07558	0.02883	0.03179	0.01075	0.00614	0.00545	0.00166	0.02564	0.00497	0.00360	0.06080
23	0.00696	0.00507	0.00639	0.00720	0.00781	0.00468	0.00487	0.00807	0.01120	0.01483	0.11374	0.54972	0.13485	0.08661	0.00883	0.00242	0.00329	0.01389	0.00509	0.00450
24	0.12662	0.00958	0.01227	0.00953	0.01371	0.00867	0.00787	0.02566	0.01505	0.68155	0.02009	0.01763	0.01275	0.00664	0.00530	0.00171	0.00466	0.00525	0.00643	0.00900
25	0.01370	0.01323	0.10844	0.02297	0.01505	0.01328	0.01088	0.19513	0.02829	0.04445	0.01407	0.03588	0.03989	0.01113	0.07950	0.00256	0.25638	0.00551	0.08265	0.00703
26	0.78927	0.01062	0.00846	0.00746	0.01094	0.01214	0.00614	0.01700	0.00986	0.07536	0.00866	0.00966	0.00652	0.00526	0.00357	0.00171	0.00431	0.00317	0.00366	0.00623
27	0.00675	0.00482	0.00643	0.00771	0.00803	0.00450	0.00514	0.00771	0.01060	0.01414	0.03053	0.80175	0.03663	0.01735	0.00707	0.00225	0.00321	0.01574	0.00514	0.00450
28	0.00755	0.00524	0.00650	0.00695	0.00733	0.00504	0.00451	0.00844	0.01048	0.01419	0.15382	0.32662	0.03229	0.34770	0.01587	0.00348	0.00407	0.03121	0.00456	0.00416
29	0.06121	0.26632	0.13339	0.01065	0.01399	0.01415	0.01013	0.06158	0.01165	0.01619	0.01477	0.23282	0.01549	0.00912	0.00673	0.00179	0.10301	0.00709	0.00342	0.00649
30	0.01118	0.02753	0.72549	0.01570	0.02334	0.01314	0.01990	0.01726	0.01148	0.01726	0.00976	0.01172	0.00703	0.00556	0.00613	0.00180	0.06120	0.00414	0.00234	0.00804
31	0.00892	0.00637	0.00892	0.01020	0.01147	0.00637	0.00892	0.01147	0.01275	0.01657	0.02932	0.06247	0.03187	0.01530	0.00765	0.00255	0.00510	0.73354	0.00510	0.00510
32	0.01044	0.00960	0.01551	0.66972	0.03388	0.01175	0.01402	0.01480	0.06016	0.01547	0.07985	0.01758	0.01210	0.00619	0.00563	0.00184	0.00675	0.00547	0.00300	0.00624

[dist]
# distance from previous block
# <min> <max>
2	4

[block]
# block no. 4 follows, 43 sequences, length 23
# corresponding to MSA columns:
# 336-358
name=unknown_E
#
# <colnr> <probs for GDERKNQSTAVLIFYWHMCP>
#	G	D	E	R	K	N	Q	S	T	A	V	L	I	F	Y	W	H	M	C	P
0	0.34859	0.01175	0.01211	0.09699	0.01607	0.05011	0.00859	0.13167	0.01431	0.24068	0.01292	0.01319	0.00895	0.00594	0.00468	0.00171	0.00531	0.00429	0.00460	0.00755
1	0.00764	0.00573	0.00723	0.00758	0.00868	0.00530	0.00536	0.00980	0.04549	0.01687	0.21403	0.47538	0.08571	0.01430	0.00664	0.00199	0.00315	0.01279	0.00528	0.06106
2	0.01976	0.01232	0.03713	0.01101	0.01501	0.01221	0.00921	0.33108	0.08287	0.28156	0.11130	0.01926	0.01679	0.00733	0.00567	0.00171	0.00511	0.00589	0.00596	0.00880
3	0.01270	0.00981	0.01161	0.00835	0.01322	0.00745	0.00671	0.01514	0.01188	0.08710	0.01094	0.01216	0.00871	0.00435	0.00424	0.00090	0.00416	0.00349	0.00361	0.76348
4	0.01481	0.80869	0.02902	0.00948	0.01421	0.02191	0.00948	0.01658	0.01125	0.01303	0.00770	0.00888	0.00711	0.00474	0.00355	0.00118	0.00592	0.00296	0.00237	0.00711
5	0.04821	0.01022	0.01569	0.38863	0.12890	0.01095	0.01264	0.01815	0.01256	0.22514	0.01315	0.01530	0.00932	0.00571	0.00536	0.00171	0.00619	0.00492	0.00380	0.06348
6	0.00795	0.00570	0.00769	0.00764	0.00830	0.00616	0.00543	0.00929	0.00940	0.01320	0.10535	0.02934	0.02069	0.31453	0.41754	0.00677	0.00995	0.00719	0.00348	0.00440
7	0.01570	0.01285	0.01361	0.01166	0.01513	0.01467	0.00923	0.22033	0.56678	0.02627	0.02010	0.01872	0.01493	0.00729	0.00561	0.00182	0.00483	0.00592	0.00561	0.00894
8	0.00791	0.00593	0.00890	0.00890	0.00989	0.00692	0.00692	0.00989	0.00890	0.01286	0.01483	0.02176	0.01385	0.04154	0.78341	0.00890	0.01483	0.00593	0.00297	0.00494
9	0.02124	0.01521	0.01643	0.01260	0.01702	0.01673	0.01041	0.71639	0.02553	0.07158	0.01372	0.01357	0.00963	0.00666	0.00554	0.00166	0.00603	0.00502	0.00561	0.00942
10	0.01383	0.01178	0.01251	0.01128	0.01437	0.01356	0.00884	0.05727	0.69573	0.02332	0.02250	0.02238	0.01733	0.00785	0.00573	0.00190	0.00449	0.04112	0.00561	0.00862
11	0.00675	0.00482	0.00643	0.00771	0.00803	0.00450	0.00514	0.00771	0.01060	0.01414	0.03053	0.80175	0.03663	0.01735	0.00707	0.00225	0.00321	0.01574	0.00514	0.00450
12	0.00667	0.00540	0.00592	0.00624	0.00767	0.00466	0.00451	0.00801	0.01225	0.01512	0.08610	0.25033	0.53830	0.01476	0.00668	0.00196	0.00290	0.01267	0.00519	0.00466
13	0.01861	0.01252	0.01393	0.01143	0.01524	0.01362	0.00920	0.26332	0.35626	0.19470	0.01939	0.01787	0.01376	0.00709	0.00559	0.00177	0.00501	0.00569	0.00588	0.00912
14	0.04122	0.01020	0.01325	0.01067	0.01389	0.01058	0.00877	0.12005	0.01510	0.44261	0.01731	0.01721	0.01200	0.01102	0.09305	0.00260	0.12369	0.00535	0.02318	0.00825
15	0.00743	0.00511	0.00622	0.00684	0.00699	0.00495	0.00421	0.00789	0.00927	0.01236	0.02369	0.40150	0.02801	0.42936	0.01811	0.00388	0.00434	0.01172	0.00421	0.00390
16	0.50340	0.01114	0.01035	0.00885	0.01243	0.01243	0.00720	0.08312	0.14602	0.13732	0.01295	0.01292	0.00939	0.00595	0.00432	0.00174	0.00452	0.00414	0.00451	0.00730
17	0.01336	0.01249	0.02080	0.25184	0.45528	0.01330	0.05386	0.07904	0.01334	0.01837	0.01054	0.01404	0.00841	0.00524	0.00556	0.00172	0.00691	0.00502	0.00290	0.00800
18	0.01847	0.13377	0.25812	0.01188	0.01729	0.01204	0.01242	0.02188	0.01355	0.38999	0.01537	0.01482	0.01034	0.00615	0.00570	0.00168	0.03872	0.00468	0.00457	0.00855
19	0.76684	0.06438	0.00967	0.00750	0.01104	0.01295	0.00629	0.01659	0.00972	0.04400	0.00809	0.00925	0.00628	0.00516	0.00349	0.00168	0.00441	0.00306	0.00345	0.00616
20	0.01024	0.01075	0.07897	0.06658	0.07916	0.01081	0.04419	0.01265	0.01091	0.01526	0.01804	0.18882	0.01922	0.01130	0.00990	0.00223	0.22655	0.17481	0.00364	0.00599
21	0.00786	0.00717	0.07202	0.00745	0.00826	0.00571	0.00544	0.00875	0.00925	0.01250	0.02135	0.29989	0.02474	0.46345	0.01890	0.00398	0.00486	0.01039	0.00389	0.00417
22	0.01405	0.61258	0.15230	0.01170	0.01708	0.01975	0.07461	0.01684	0.01148	0.01417	0.00837	0.00986	0.00720	0.00482	0.00409	0.00134	0.00659	0.00345	0.00240	0.00732

[dist]
# distance from previous block
# <min> <max>
0	3

[block]
# block no. 5 follows, 43 sequences, length 46
# corresponding to MSA columns:
# 362-407
name=unknown_F
#
# <colnr> <probs for GDERKNQSTAVLIFYWHMCP>
#	G	D	E	R	K	N	Q	S	T	A	V	L	I	F	Y	W	H	M	C	P
0	0.01789	0.10168	0.03055	0.01159	0.01513	0.01454	0.00981	0.32253	0.01772	0.15663	0.01425	0.06716	0.01141	0.00804	0.01909	0.00185	0.12418	0.00549	0.00472	0.04573
1	0.02446	0.01004	0.01324	0.01015	0.01445	0.00906	0.00838	0.10078	0.01689	0.69940	0.02098	0.01829	0.01327	0.00683	0.00557	0.00171	0.00485	0.00551	0.00672	0.00942
2	0.00687	0.00492	0.00647	0.00756	0.00798	0.00458	0.00507	0.00794	0.01096	0.01467	0.08710	0.70496	0.05305	0.04004	0.00764	0.00229	0.00322	0.01499	0.00516	0.00452
3	0.01599	0.01162	0.01321	0.01120	0.01414	0.01284	0.00907	0.34815	0.13035	0.06640	0.01783	0.02490	0.01541	0.09108	0.04390	0.00257	0.04152	0.11705	0.00508	0.00769
4	0.00897	0.00490	0.00693	0.00711	0.00716	0.00485	0.00464	0.00741	0.00783	0.01044	0.01379	0.13225	0.01507	0.13698	0.02054	0.59383	0.00467	0.00686	0.00294	0.00285
5	0.00685	0.00486	0.00640	0.00758	0.00788	0.00457	0.00500	0.00774	0.01041	0.01388	0.02952	0.74316	0.03537	0.07766	0.00869	0.00249	0.00338	0.01516	0.00500	0.00441
6	0.01261	0.01344	0.02646	0.01890	0.02430	0.01206	0.53233	0.01663	0.01261	0.01783	0.01081	0.01393	0.00834	0.00450	0.00582	0.00156	0.00780	0.00558	0.00294	0.25154
7	0.01108	0.01066	0.01925	0.12773	0.28066	0.01069	0.17743	0.01405	0.01191	0.01631	0.01642	0.24538	0.01667	0.00860	0.00619	0.00190	0.00632	0.00846	0.00342	0.00687
8	0.00881	0.00629	0.00880	0.01007	0.01130	0.00628	0.00873	0.01128	0.01264	0.01645	0.02939	0.10062	0.03212	0.01541	0.00762	0.00253	0.00500	0.69650	0.00510	0.00507
9	0.01142	0.10005	0.66888	0.05446	0.02378	0.01367	0.01919	0.01728	0.01162	0.01695	0.00973	0.01159	0.00704	0.00523	0.00512	0.00171	0.00793	0.00403	0.00235	0.00798
10	0.01548	0.09349	0.13995	0.04150	0.10034	0.03909	0.28730	0.01930	0.01314	0.16515	0.01248	0.01427	0.00905	0.00536	0.00585	0.00172	0.01979	0.00528	0.00346	0.00797
11	0.01571	0.68898	0.02698	0.01021	0.01466	0.13841	0.00966	0.01743	0.01193	0.01311	0.00783	0.00905	0.00711	0.00489	0.00377	0.00122	0.00654	0.00305	0.00244	0.00700
12	0.32240	0.01143	0.01270	0.20771	0.01919	0.06329	0.00979	0.01795	0.01145	0.17060	0.01110	0.01284	0.00811	0.00612	0.00612	0.00181	0.09266	0.00424	0.00372	0.00676
13	0.00770	0.00566	0.00721	0.00683	0.00819	0.00517	0.00512	0.01019	0.01536	0.02145	0.69313	0.04262	0.12750	0.01161	0.00653	0.00176	0.00263	0.01019	0.00600	0.00517
14	0.01739	0.01223	0.01524	0.11165	0.05223	0.01314	0.03124	0.38824	0.01974	0.12049	0.10275	0.01873	0.01523	0.04817	0.00685	0.00190	0.00575	0.00584	0.00506	0.00811
15	0.43560	0.01027	0.00985	0.00781	0.01194	0.00998	0.00635	0.01572	0.01063	0.05562	0.00930	0.01055	0.00733	0.00475	0.00382	0.00131	0.00422	0.00324	0.00352	0.37817
16	0.01481	0.80869	0.02902	0.00948	0.01421	0.02191	0.00948	0.01658	0.01125	0.01303	0.00770	0.00888	0.00711	0.00474	0.00355	0.00118	0.00592	0.00296	0.00237	0.00711
17	0.00675	0.00482	0.00643	0.00771	0.00803	0.00450	0.00514	0.00771	0.01060	0.01414	0.03053	0.80175	0.03663	0.01735	0.00707	0.00225	0.00321	0.01574	0.00514	0.00450
18	0.00798	0.00604	0.00751	0.00688	0.00860	0.00534	0.00520	0.01040	0.01483	0.02073	0.59020	0.04040	0.15623	0.01106	0.00631	0.00168	0.00278	0.00964	0.00569	0.08250
19	0.00727	0.00542	0.00683	0.00782	0.00848	0.00522	0.00535	0.00939	0.06818	0.01489	0.03187	0.68471	0.09111	0.01634	0.00692	0.00219	0.00327	0.01471	0.00518	0.00484
20	0.00788	0.00575	0.00813	0.00820	0.00893	0.00645	0.00603	0.00936	0.00880	0.01245	0.01623	0.06526	0.01643	0.21193	0.57364	0.00776	0.01211	0.00692	0.00317	0.00456
21	0.01969	0.01467	0.01568	0.01229	0.01644	0.01631	0.01006	0.62814	0.12692	0.03281	0.01473	0.01456	0.01061	0.00676	0.00550	0.00168	0.00574	0.00517	0.03306	0.00919
22	0.01866	0.02161	0.01480	0.01331	0.01632	0.52058	0.01012	0.05721	0.23699	0.01737	0.01292	0.01330	0.01013	0.00629	0.00521	0.00157	0.00815	0.00443	0.00380	0.00725
23	0.00682	0.00492	0.00646	0.00756	0.00803	0.00456	0.00511	0.00793	0.01108	0.01479	0.08808	0.70983	0.07083	0.01674	0.00700	0.00219	0.00315	0.01512	0.00521	0.00456
24	0.00667	0.00565	0.00578	0.00584	0.00768	0.00476	0.00445	0.00813	0.01263	0.01504	0.05475	0.05376	0.73131	0.01409	0.00660	0.00190	0.00292	0.04820	0.00514	0.00470
25	0.01270	0.09231	0.43536	0.01528	0.02102	0.01495	0.07284	0.08405	0.01245	0.01793	0.00962	0.01192	0.00740	0.00616	0.00776	0.00183	0.16160	0.00441	0.00269	0.00773
26	0.00675	0.00482	0.00643	0.00771	0.00803	0.00450	0.00514	0.00771	0.01060	0.01414	0.03053	0.80175	0.03663	0.01735	0.00707	0.00225	0.00321	0.01574	0.00514	0.00450
27	0.02283	0.01266	0.01486	0.01139	0.01575	0.01295	0.00941	0.41277	0.02127	0.38122	0.01730	0.01590	0.01143	0.00674	0.00555	0.00169	0.00545	0.00526	0.00616	0.00942
28	0.13720	0.00876	0.01285	0.48227	0.02666	0.01044	0.01147	0.01292	0.01071	0.01578	0.01452	0.20421	0.01424	0.00833	0.00558	0.00192	0.00590	0.00724	0.00326	0.00573
29	0.01258	0.01201	0.02044	0.29773	0.51591	0.01286	0.01643	0.01601	0.01208	0.01672	0.01022	0.01408	0.00829	0.00514	0.00550	0.00171	0.00686	0.00493	0.00264	0.00786
30	0.11048	0.00573	0.00689	0.00766	0.00855	0.00563	0.00533	0.00950	0.01099	0.03659	0.08392	0.62481	0.03344	0.01510	0.00654	0.00213	0.00334	0.01346	0.00505	0.00487
31	0.26431	0.00943	0.01146	0.13623	0.13046	0.01066	0.00897	0.03065	0.01115	0.02039	0.01173	0.01447	0.00930	0.00587	0.00510	0.00163	0.04969	0.00441	0.25784	0.00627
32	0.01526	0.74885	0.02800	0.00984	0.01444	0.08014	0.00957	0.01701	0.01159	0.01307	0.00777	0.00897	0.00711	0.00481	0.00366	0.00120	0.00623	0.00301	0.00241	0.00705
33	0.01124	0.00742	0.01030	0.00935	0.01074	0.00828	0.00726	0.01286	0.00989	0.12722	0.01499	0.02169	0.01360	0.14694	0.40610	0.00598	0.11897	0.00592	0.00355	0.04772
34	0.01761	0.01465	0.07310	0.01169	0.01640	0.01394	0.01013	0.43272	0.08852	0.05912	0.01346	0.01367	0.00982	0.00605	0.00520	0.00150	0.00559	0.00467	0.00485	0.19731
35	0.01321	0.01265	0.02158	0.14966	0.65902	0.01303	0.01675	0.01656	0.01238	0.01749	0.01033	0.01387	0.00856	0.00503	0.00549	0.00168	0.00670	0.00493	0.00270	0.00837
36	0.02485	0.00943	0.01285	0.00985	0.01414	0.00814	0.00814	0.02699	0.01585	0.77465	0.02185	0.01885	0.01371	0.00685	0.00557	0.00171	0.00471	0.00557	0.00685	0.00943
37	0.00681	0.00535	0.00616	0.00653	0.00779	0.00470	0.00468	0.00825	0.01241	0.01579	0.15637	0.30493	0.41109	0.01474	0.00672	0.00198	0.00291	0.01281	0.00529	0.00470
38	0.02224	0.01360	0.01544	0.01184	0.01622	0.01434	0.00978	0.52489	0.02284	0.26688	0.01598	0.01504	0.01076	0.00671	0.00555	0.00168	0.00566	0.00517	0.00595	0.00942
39	0.00670	0.00516	0.00612	0.00684	0.00782	0.00459	0.00476	0.00789	0.01157	0.01470	0.06193	0.47599	0.33445	0.01583	0.00684	0.00208	0.00303	0.01393	0.00517	0.00459
40	0.00805	0.00537	0.00604	0.00604	0.00604	0.00537	0.00336	0.00805	0.00805	0.01074	0.01745	0.03624	0.02013	0.80536	0.02819	0.00537	0.00537	0.00805	0.00336	0.00336
41	0.02007	0.01545	0.01571	0.01251	0.01657	0.07802	0.01021	0.56532	0.09449	0.06484	0.01475	0.01572	0.01093	0.00697	0.00558	0.00170	0.00615	0.03068	0.00538	0.00896
42	0.01164	0.01078	0.01759	0.59247	0.17313	0.01273	0.01527	0.04849	0.03413	0.01609	0.01048	0.01468	0.00801	0.00553	0.00553	0.00180	0.00709	0.00497	0.00275	0.00687
43	0.00701	0.00501	0.00673	0.00801	0.00845	0.00473	0.00560	0.00817	0.01086	0.01443	0.03038	0.71186	0.03605	0.01710	0.00714	0.00229	0.00344	0.10302	0.00514	0.00457
44	0.01233	0.01186	0.02050	0.34817	0.43317	0.01284	0.04948	0.01585	0.01199	0.01644	0.01021	0.01420	0.00818	0.00517	0.00555	0.00174	0.00704	0.00500	0.00263	0.00763
45	0.07822	0.01222	0.07312	0.21941	0.04991	0.02316	0.03278	0.06742	0.06613	0.29904	0.01529	0.01583	0.01047	0.00614	0.00540	0.00176	0.00600	0.00508	0.00459	0.00804

[dist]
# distance from previous block
# <min> <max>
5	10

[block]
# block no. 6 follows, 43 sequences, length 22
# corresponding to MSA columns:
# 419-422,425-442
name=unknown_G
#
# <colnr> <probs for GDERKNQSTAVLIFYWHMCP>
#	G	D	E	R	K	N	Q	S	T	A	V	L	I	F	Y	W	H	M	C	P
0	0.01481	0.80869	0.02902	0.00948	0.01421	0.02191	0.00948	0.01658	0.01125	0.01303	0.00770	0.00888	0.00711	0.00474	0.00355	0.00118	0.00592	0.00296	0.00237	0.00711
1	0.00705	0.00515	0.00700	0.03981	0.00949	0.00495	0.00580	0.00824	0.01082	0.01433	0.03016	0.70117	0.05115	0.01665	0.00704	0.00225	0.00351	0.06580	0.00503	0.00461
2	0.00910	0.00770	0.01125	0.06362	0.19673	0.00746	0.00855	0.01159	0.01366	0.01865	0.33778	0.08889	0.18269	0.01036	0.00625	0.00179	0.00397	0.00919	0.00478	0.00599
3	0.08137	0.00921	0.01203	0.00939	0.01338	0.00821	0.00772	0.02503	0.01525	0.66351	0.05426	0.01923	0.01491	0.00692	0.00541	0.00170	0.00452	0.00557	0.03351	0.00886
4	0.00794	0.00580	0.00824	0.00824	0.00900	0.00656	0.00610	0.00946	0.00870	0.01237	0.01544	0.02511	0.01530	0.21845	0.60850	0.00808	0.01264	0.00642	0.00306	0.00458
5	0.02069	0.02640	0.01569	0.01427	0.01712	0.78313	0.01070	0.02212	0.01569	0.01355	0.00856	0.00999	0.00713	0.00571	0.00499	0.00143	0.00999	0.00357	0.00285	0.00642
6	0.02125	0.01252	0.01444	0.01136	0.01551	0.01308	0.00929	0.34460	0.15049	0.31986	0.01823	0.01674	0.01239	0.00688	0.00557	0.00172	0.00526	0.00544	0.00607	0.00931
7	0.01574	0.00768	0.01061	0.01005	0.01261	0.00713	0.00859	0.01812	0.01408	0.34117	0.02612	0.04379	0.02410	0.01168	0.00676	0.00219	0.00493	0.42183	0.00585	0.00695
8	0.00674	0.00543	0.00600	0.00626	0.00770	0.00469	0.00454	0.00817	0.01248	0.01557	0.12850	0.22901	0.51650	0.01451	0.00667	0.00195	0.00288	0.01246	0.00525	0.00469
9	0.02088	0.08178	0.01604	0.01253	0.01583	0.40697	0.00994	0.05458	0.01535	0.23964	0.01254	0.01282	0.00919	0.00629	0.00599	0.00157	0.06226	0.00426	0.00409	0.00747
10	0.01509	0.00725	0.00974	0.00840	0.01091	0.00647	0.00663	0.01739	0.01526	0.34357	0.36329	0.08626	0.03373	0.01001	0.00621	0.00180	0.00367	0.04103	0.00631	0.00697
11	0.00776	0.00541	0.00688	0.00713	0.00745	0.00561	0.00465	0.00847	0.00878	0.01197	0.01932	0.18267	0.02170	0.44795	0.22448	0.00569	0.00746	0.00900	0.00360	0.00400
12	0.48961	0.00939	0.00839	0.00734	0.01037	0.01031	0.00595	0.05585	0.01164	0.11376	0.01234	0.01338	0.00920	0.00576	0.00391	0.00160	0.00400	0.00396	0.21685	0.00638
13	0.01409	0.01231	0.02031	0.09015	0.59354	0.01247	0.01541	0.04649	0.01313	0.06668	0.01229	0.05603	0.01049	0.00583	0.00558	0.00170	0.00632	0.00555	0.00322	0.00841
14	0.02296	0.01030	0.01316	0.01027	0.01433	0.00964	0.00841	0.16478	0.01747	0.58418	0.02077	0.06791	0.01435	0.00749	0.00566	0.00174	0.00488	0.00611	0.00649	0.00911
15	0.22164	0.16492	0.01996	0.04710	0.41198	0.01463	0.01275	0.01665	0.01150	0.01869	0.00920	0.01164	0.00771	0.00497	0.00460	0.00158	0.00591	0.00407	0.00283	0.00767
16	0.00698	0.00514	0.00689	0.00801	0.00832	0.00505	0.00545	0.00796	0.01051	0.01410	0.02950	0.76708	0.03534	0.01701	0.00756	0.00226	0.03799	0.01527	0.00502	0.00457
17	0.00756	0.00527	0.00648	0.00689	0.00719	0.00524	0.00438	0.00815	0.00916	0.01225	0.02291	0.28248	0.05451	0.43124	0.10767	0.00463	0.00566	0.01044	0.00396	0.00396
18	0.01206	0.01021	0.01653	0.63339	0.05749	0.01244	0.01452	0.03207	0.01166	0.07484	0.01071	0.01483	0.00797	0.00594	0.00643	0.00187	0.06263	0.00497	0.00289	0.00656
19	0.01215	0.25798	0.49533	0.07531	0.02220	0.01550	0.01681	0.01699	0.01151	0.01594	0.00927	0.01110	0.00707	0.00513	0.00478	0.00159	0.00745	0.00382	0.00236	0.00771
20	0.02485	0.00943	0.01285	0.00985	0.01414	0.00814	0.00814	0.02699	0.01585	0.77465	0.02185	0.01885	0.01371	0.00685	0.00557	0.00171	0.00471	0.00557	0.00685	0.00943
21	0.01134	0.01304	0.10541	0.44569	0.15981	0.03622	0.05270	0.01517	0.01202	0.01603	0.06994	0.01619	0.01117	0.00582	0.00561	0.00178	0.00714	0.00527	0.00281	0.00684

[dist]
# distance from previous block
# <min> <max>
0	1

[block]
# block no. 7 follows, 43 sequences, length 8
# corresponding to MSA columns:
# 444-451
name=unknown_H
#
# <colnr> <probs for GDERKNQSTAVLIFYWHMCP>
#	G	D	E	R	K	N	Q	S	T	A	V	L	I	F	Y	W	H	M	C	P
0	0.07517	0.02573	0.00927	0.00881	0.01028	0.00723	0.02920	0.07377	0.01241	0.06150	0.04679	0.51486	0.02892	0.03018	0.00691	0.00215	0.00399	0.04234	0.00499	0.00550
1	0.00680	0.00492	0.00643	0.00753	0.00801	0.00455	0.00509	0.00789	0.01103	0.01466	0.07512	0.70909	0.08485	0.01679	0.00700	0.00220	0.00315	0.01515	0.00520	0.00455
2	0.00699	0.00515	0.00649	0.00725	0.00801	0.00473	0.00505	0.00828	0.01166	0.01537	0.13784	0.50544	0.17122	0.04526	0.00771	0.00224	0.00320	0.03831	0.00521	0.00461
3	0.03109	0.07629	0.04014	0.01952	0.21693	0.01404	0.13296	0.07594	0.03240	0.11130	0.01180	0.01410	0.00924	0.00726	0.03176	0.00201	0.14189	0.00508	0.00349	0.02275
4	0.04224	0.16323	0.54182	0.01452	0.02161	0.01473	0.04891	0.06024	0.01243	0.01803	0.00972	0.01134	0.00720	0.00522	0.00497	0.00165	0.00758	0.00401	0.00259	0.00796
5	0.00874	0.00630	0.00867	0.00979	0.01109	0.00622	0.00848	0.01123	0.01290	0.01679	0.06976	0.06087	0.07188	0.01502	0.00753	0.00247	0.00485	0.65716	0.00515	0.00508
6	0.01260	0.01070	0.01479	0.27683	0.13774	0.04486	0.01151	0.01618	0.05535	0.07387	0.01362	0.07708	0.01169	0.00650	0.00536	0.00160	0.00587	0.02333	0.00350	0.19701
7	0.03792	0.14605	0.27089	0.01209	0.01760	0.01336	0.01268	0.11446	0.04615	0.23410	0.01437	0.03336	0.01036	0.00620	0.00512	0.00166	0.00618	0.00480	0.00427	0.00840

[dist]
# distance from previous block
# <min> <max>
0	17

[block]
# block no. 8 follows, 43 sequences, length 23
# corresponding to MSA columns:
# 469-491
name=unknown_I
#
# <colnr> <probs for GDERKNQSTAVLIFYWHMCP>
#	G	D	E	R	K	N	Q	S	T	A	V	L	I	F	Y	W	H	M	C	P
0	0.00771	0.00569	0.00704	0.00790	0.00868	0.00515	0.00546	0.00871	0.01194	0.01577	0.09653	0.57664	0.16694	0.01658	0.00726	0.00229	0.00344	0.03577	0.00546	0.00504
1	0.00671	0.00498	0.00627	0.00730	0.00792	0.00453	0.00496	0.00776	0.01100	0.01430	0.03557	0.65400	0.18112	0.01669	0.00697	0.00217	0.00313	0.01494	0.00514	0.00453
2	0.02062	0.01582	0.01446	0.01195	0.01567	0.20864	0.00950	0.23775	0.13741	0.22959	0.01600	0.01530	0.01130	0.00660	0.00539	0.00164	0.00636	0.00499	0.02253	0.00847
3	0.01616	0.00780	0.01030	0.00915	0.01194	0.00711	0.00750	0.01883	0.04324	0.37455	0.10431	0.07258	0.10113	0.01058	0.00633	0.00196	0.00431	0.17894	0.00606	0.00722
4	0.00759	0.00552	0.00775	0.00813	0.00877	0.00598	0.00587	0.00898	0.00927	0.01291	0.01980	0.25131	0.02143	0.14894	0.44393	0.00643	0.01003	0.00911	0.00366	0.00458
5	0.01326	0.00700	0.00920	0.00795	0.01025	0.00635	0.00621	0.01606	0.03588	0.25615	0.50037	0.03406	0.05463	0.00989	0.00621	0.00174	0.00332	0.00857	0.00630	0.00662
6	0.01126	0.09536	0.48591	0.24149	0.02720	0.01354	0.01796	0.01646	0.01147	0.01613	0.00970	0.01233	0.00713	0.00529	0.00518	0.00173	0.00774	0.00423	0.00238	0.00749
7	0.01822	0.02017	0.01589	0.20176	0.02198	0.46802	0.01173	0.08545	0.01531	0.05366	0.00992	0.01194	0.00773	0.00592	0.00558	0.00159	0.03103	0.00416	0.00319	0.00676
8	0.14992	0.05543	0.15882	0.10707	0.11980	0.01393	0.20438	0.03817	0.01189	0.01846	0.00974	0.01264	0.00757	0.00541	0.00620	0.00179	0.06388	0.00477	0.00281	0.00731
9	0.01215	0.01144	0.01933	0.31770	0.44226	0.01237	0.01583	0.01554	0.01204	0.01650	0.01151	0.01749	0.00985	0.00588	0.00565	0.00178	0.00678	0.05555	0.00280	0.00753
10	0.00854	0.00650	0.00845	0.00817	0.00845	0.00746	0.00571	0.00929	0.00852	0.01192	0.01623	0.08654	0.01785	0.43427	0.21362	0.00557	0.12781	0.00761	0.00325	0.00425
11	0.00835	0.07758	0.00990	0.00942	0.06171	0.00694	0.00642	0.01014	0.01260	0.01706	0.27124	0.38136	0.06534	0.01320	0.00646	0.00194	0.00351	0.02651	0.00504	0.00529
12	0.01354	0.02480	0.61576	0.01508	0.02249	0.01210	0.04792	0.01917	0.01246	0.14718	0.01203	0.01305	0.00822	0.00551	0.00537	0.00175	0.00764	0.00444	0.00313	0.00837
13	0.02485	0.00943	0.01285	0.00985	0.01414	0.00814	0.00814	0.02699	0.01585	0.77465	0.02185	0.01885	0.01371	0.00685	0.00557	0.00171	0.00471	0.00557	0.00685	0.00943
14	0.00750	0.00575	0.00819	0.13219	0.01285	0.00585	0.00678	0.00915	0.01145	0.01537	0.13949	0.56099	0.03436	0.01456	0.00674	0.00211	0.00378	0.01315	0.00486	0.00487
15	0.10329	0.01620	0.08369	0.01246	0.01713	0.01631	0.01096	0.61237	0.02308	0.03234	0.01243	0.01272	0.00886	0.00637	0.00530	0.00168	0.00610	0.00471	0.00504	0.00896
16	0.00731	0.00535	0.00686	0.00710	0.00810	0.00490	0.00509	0.00919	0.01351	0.01851	0.42512	0.31908	0.12172	0.01380	0.00673	0.00194	0.00285	0.01227	0.00565	0.00490
17	0.00805	0.00537	0.00604	0.00604	0.00604	0.00537	0.00336	0.00805	0.00805	0.01074	0.01745	0.03624	0.02013	0.80536	0.02819	0.00537	0.00537	0.00805	0.00336	0.00336
18	0.01963	0.01326	0.01464	0.03621	0.01626	0.03673	0.00962	0.42350	0.10826	0.18109	0.01707	0.07001	0.01293	0.00747	0.00565	0.00174	0.00557	0.00596	0.00561	0.00881
19	0.01182	0.10207	0.50828	0.01560	0.02182	0.01456	0.08085	0.01674	0.01122	0.01639	0.00937	0.01177	0.00719	0.00592	0.00741	0.00182	0.14282	0.00432	0.00240	0.00765
20	0.00873	0.00624	0.00870	0.00998	0.01117	0.00621	0.00859	0.01114	0.01256	0.01636	0.02943	0.12854	0.03230	0.01548	0.00760	0.00252	0.00493	0.66939	0.00510	0.00505
21	0.01521	0.01565	0.01739	0.34494	0.13773	0.24423	0.03443	0.04125	0.02836	0.05352	0.01054	0.01345	0.00811	0.00561	0.00540	0.00168	0.00787	0.00462	0.00301	0.00698
22	0.05709	0.09081	0.36477	0.01247	0.01847	0.01224	0.01380	0.02086	0.07961	0.22281	0.01397	0.01403	0.00972	0.00579	0.00509	0.00166	0.00634	0.00450	0.00395	0.04201

[dist]
# distance from previous block
# <min> <max>
0	5

[block]
