[name]
unknown

[dist]
# distance from previous block
# <min> <max>
0	34

[block]
# block no. 0 follows, 41 sequences, length 10
# corresponding to MSA columns:
# 34-43
name=unknown_A
#
# <colnr> <probs for GDERKNQSTAVLIFYWHMCP>
#	G	D	E	R	K	N	Q	S	T	A	V	L	I	F	Y	W	H	M	C	P
0	0.00807	0.00577	0.00747	0.00824	0.00904	0.00559	0.00598	0.01001	0.04664	0.01604	0.11788	0.41965	0.07321	0.05693	0.00931	0.05409	0.00382	0.13223	0.00517	0.00486
1	0.07591	0.22715	0.35768	0.01430	0.06168	0.05706	0.01499	0.01900	0.01251	0.09485	0.01071	0.01190	0.00802	0.00546	0.00486	0.00163	0.00718	0.00402	0.00304	0.00806
2	0.05701	0.01231	0.01337	0.01119	0.01454	0.01355	0.00887	0.31918	0.24069	0.04828	0.05255	0.06974	0.01595	0.00893	0.00700	0.06338	0.00512	0.00640	0.00539	0.02655
3	0.00790	0.00542	0.00709	0.00798	0.00877	0.00501	0.00564	0.00925	0.01197	0.04275	0.09743	0.57759	0.10364	0.01651	0.00719	0.00225	0.00343	0.06976	0.00546	0.00496
4	0.00720	0.00526	0.00665	0.00744	0.00813	0.00484	0.00508	0.00846	0.01189	0.01579	0.14701	0.52963	0.13909	0.06501	0.00850	0.00239	0.00330	0.01427	0.00535	0.00471
5	0.07484	0.01478	0.06112	0.07394	0.02470	0.02965	0.38950	0.07385	0.01373	0.01984	0.01093	0.01390	0.00834	0.00514	0.00608	0.00171	0.02358	0.00545	0.00319	0.14572
6	0.01323	0.01285	0.02094	0.24891	0.43262	0.04092	0.05739	0.01666	0.01254	0.01727	0.01077	0.01463	0.00873	0.00550	0.00607	0.00177	0.03145	0.00514	0.03473	0.00788
7	0.07164	0.00601	0.00622	0.00620	0.00753	0.00631	0.00467	0.01298	0.01157	0.02055	0.01890	0.11017	0.01644	0.00801	0.00496	0.00153	0.03543	0.00642	0.63910	0.00535
8	0.01755	0.03123	0.01449	0.02763	0.05794	0.09797	0.00968	0.13573	0.27293	0.15850	0.09810	0.02010	0.01758	0.00746	0.00576	0.00178	0.00553	0.00606	0.00545	0.00853
9	0.01859	0.01486	0.01486	0.01226	0.01606	0.07721	0.00981	0.36777	0.28788	0.05393	0.01733	0.01677	0.01272	0.00711	0.00563	0.00176	0.00576	0.00554	0.04514	0.00902

[dist]
# distance from previous block
# <min> <max>
0	5

[block]
# block no. 1 follows, 41 sequences, length 19
# corresponding to MSA columns:
# 49-67
name=unknown_B
#
# <colnr> <probs for GDERKNQSTAVLIFYWHMCP>
#	G	D	E	R	K	N	Q	S	T	A	V	L	I	F	Y	W	H	M	C	P
0	0.00761	0.00541	0.00684	0.00759	0.00779	0.00536	0.00490	0.00827	0.00997	0.01336	0.02608	0.50736	0.03096	0.28892	0.01524	0.00345	0.02888	0.01315	0.00458	0.00429
1	0.06622	0.01421	0.04621	0.04788	0.01754	0.01472	0.04259	0.44278	0.02066	0.04441	0.01773	0.01850	0.09182	0.02126	0.00665	0.00184	0.03883	0.00582	0.00492	0.03541
2	0.01298	0.01304	0.02026	0.04768	0.04361	0.01672	0.12879	0.04032	0.01040	0.01547	0.00859	0.01318	0.00783	0.00874	0.01544	0.00233	0.57990	0.00529	0.00269	0.00671
3	0.00826	0.00601	0.00717	0.00722	0.00886	0.00553	0.00548	0.00990	0.01236	0.05686	0.06823	0.14484	0.42717	0.01971	0.14817	0.00334	0.00545	0.04523	0.00503	0.00517
4	0.01369	0.01393	0.05437	0.03270	0.67332	0.01319	0.04087	0.01716	0.01290	0.01846	0.01172	0.05003	0.01029	0.00569	0.00576	0.00174	0.00680	0.00563	0.00293	0.00879
5	0.01339	0.01565	0.05451	0.04480	0.05218	0.01436	0.67983	0.01819	0.01339	0.01823	0.01147	0.01529	0.00862	0.00487	0.00665	0.00192	0.00947	0.00658	0.00287	0.00774
6	0.00725	0.00520	0.00649	0.00736	0.00782	0.00487	0.00483	0.00813	0.01078	0.01419	0.04992	0.54195	0.11387	0.17561	0.01165	0.00292	0.00371	0.01405	0.00496	0.00445
7	0.01317	0.01446	0.02834	0.02108	0.02493	0.01548	0.49899	0.01680	0.01192	0.01680	0.01022	0.01446	0.00829	0.00655	0.01076	0.00212	0.26948	0.00617	0.00276	0.00723
8	0.06017	0.01088	0.01351	0.01046	0.01475	0.01037	0.00862	0.17231	0.01803	0.55439	0.01996	0.01793	0.01293	0.00694	0.00557	0.00174	0.00504	0.00549	0.04150	0.00939
9	0.01245	0.01275	0.01890	0.15356	0.02115	0.05593	0.11219	0.01473	0.01032	0.01451	0.00926	0.01411	0.00825	0.01106	0.07724	0.00282	0.43644	0.00528	0.00263	0.00640
10	0.00730	0.00514	0.00667	0.00776	0.00808	0.00488	0.00514	0.00818	0.01057	0.01408	0.02908	0.63133	0.03461	0.15623	0.01119	0.00291	0.00379	0.04359	0.00498	0.00446
11	0.00780	0.00627	0.00736	0.00757	0.00887	0.00607	0.00552	0.01033	0.06695	0.01669	0.13652	0.31115	0.32533	0.01465	0.00739	0.00208	0.03628	0.01262	0.00536	0.00521
12	0.01340	0.01078	0.01156	0.01038	0.01334	0.01190	0.00806	0.06914	0.49480	0.05421	0.05854	0.05966	0.14088	0.00936	0.00606	0.00193	0.00426	0.00784	0.00578	0.00810
13	0.01646	0.01268	0.01343	0.01161	0.01497	0.03626	0.00912	0.18740	0.43652	0.09063	0.02141	0.08983	0.01700	0.00837	0.00591	0.00190	0.00501	0.00692	0.00578	0.00879
14	0.73143	0.01128	0.00929	0.00806	0.01172	0.01282	0.00664	0.06263	0.01126	0.07856	0.00935	0.01028	0.00697	0.00553	0.00383	0.00177	0.00457	0.00341	0.00392	0.00666
15	0.01195	0.03637	0.06946	0.06565	0.06977	0.04954	0.13082	0.02577	0.06121	0.01671	0.05085	0.11574	0.05904	0.04384	0.00974	0.00218	0.16363	0.00743	0.00360	0.00669
16	0.00793	0.00538	0.00635	0.00674	0.00684	0.00528	0.00400	0.00822	0.00908	0.01211	0.02194	0.25746	0.02574	0.57220	0.02278	0.00461	0.00490	0.01062	0.00400	0.00381
17	0.05145	0.01439	0.02472	0.06944	0.02409	0.07211	0.40427	0.03298	0.01268	0.01753	0.01153	0.04228	0.00961	0.00768	0.03515	0.00222	0.13090	0.00621	0.02373	0.00703
18	0.01281	0.00868	0.01028	0.05973	0.01224	0.00920	0.00683	0.19408	0.01410	0.06546	0.01817	0.11534	0.01828	0.35670	0.05014	0.00380	0.00593	0.00790	0.02444	0.00587

[dist]
# distance from previous block
# <min> <max>
2	5

[block]
# block no. 2 follows, 41 sequences, length 11
# corresponding to MSA columns:
# 73-83
name=unknown_C
#
# <colnr> <probs for GDERKNQSTAVLIFYWHMCP>
#	G	D	E	R	K	N	Q	S	T	A	V	L	I	F	Y	W	H	M	C	P
0	0.01118	0.01040	0.01669	0.70031	0.03670	0.01287	0.01514	0.01635	0.09284	0.01564	0.01161	0.01592	0.00870	0.00594	0.00573	0.00191	0.00728	0.00524	0.00290	0.00665
1	0.02007	0.01287	0.01445	0.01156	0.01561	0.01367	0.00939	0.34749	0.18831	0.22188	0.02110	0.01967	0.06202	0.00763	0.00582	0.00180	0.00530	0.00606	0.00607	0.00925
2	0.01325	0.01260	0.02112	0.23834	0.53400	0.01338	0.01673	0.01731	0.04443	0.01780	0.01114	0.01476	0.00903	0.00538	0.00568	0.00177	0.00692	0.00515	0.00288	0.00832
3	0.00740	0.00521	0.00646	0.00727	0.00759	0.00495	0.00465	0.00809	0.01021	0.01350	0.02867	0.50293	0.07525	0.27364	0.01442	0.00336	0.00402	0.01341	0.00471	0.00427
4	0.00703	0.00516	0.00660	0.00760	0.00824	0.00473	0.00518	0.00823	0.01168	0.01541	0.09531	0.62906	0.14093	0.01692	0.00718	0.00222	0.00321	0.01518	0.00539	0.00473
5	0.01280	0.29744	0.51309	0.01404	0.02126	0.01652	0.01720	0.01777	0.01192	0.01650	0.00946	0.01107	0.00728	0.00525	0.00482	0.00161	0.00764	0.00382	0.00243	0.00807
6	0.00832	0.00650	0.00918	0.15115	0.01402	0.00710	0.00732	0.00973	0.01045	0.01400	0.04316	0.39916	0.02661	0.17941	0.04578	0.00321	0.04450	0.01137	0.00420	0.00484
7	0.00998	0.00563	0.00621	0.00632	0.00751	0.00578	0.00464	0.01274	0.03748	0.01928	0.01988	0.10976	0.01764	0.05037	0.09020	0.00253	0.00433	0.00684	0.57761	0.00527
8	0.02456	0.01071	0.01378	0.01065	0.01504	0.00996	0.00877	0.12488	0.05463	0.63120	0.02141	0.01879	0.01372	0.00708	0.00575	0.00177	0.00504	0.00571	0.00683	0.00970
9	0.00811	0.00615	0.00737	0.00767	0.00890	0.00583	0.00550	0.04178	0.04496	0.01785	0.18557	0.39621	0.21300	0.01490	0.00693	0.00208	0.00327	0.01314	0.00555	0.00525
10	0.02040	0.01454	0.01593	0.01226	0.01671	0.01553	0.01006	0.59012	0.02398	0.08374	0.01469	0.04542	0.01104	0.00706	0.00563	0.00166	0.00586	0.00546	0.00556	0.09437

[dist]
# distance from previous block
# <min> <max>
1	4

[block]
# block no. 3 follows, 41 sequences, length 13
# corresponding to MSA columns:
# 88-100
name=unknown_D
#
# <colnr> <probs for GDERKNQSTAVLIFYWHMCP>
#	G	D	E	R	K	N	Q	S	T	A	V	L	I	F	Y	W	H	M	C	P
0	0.01872	0.29358	0.05231	0.01193	0.01624	0.17774	0.01051	0.19371	0.01666	0.09996	0.01155	0.01239	0.00899	0.00770	0.04267	0.00187	0.00746	0.00418	0.00386	0.00796
1	0.00704	0.00506	0.00657	0.00774	0.00814	0.00471	0.00515	0.00800	0.01091	0.01444	0.03217	0.70868	0.07677	0.06479	0.00859	0.00250	0.00343	0.01555	0.00520	0.00458
2	0.01685	0.08889	0.01608	0.01119	0.01533	0.04031	0.00926	0.28009	0.01741	0.07078	0.01251	0.04109	0.01011	0.00650	0.00627	0.00148	0.07596	0.00477	0.00435	0.27075
3	0.00887	0.00697	0.00973	0.00932	0.00996	0.00830	0.00705	0.01036	0.00928	0.01334	0.05198	0.02537	0.01672	0.20943	0.44937	0.00695	0.13219	0.00667	0.00323	0.00492
4	0.02566	0.00973	0.01327	0.01018	0.01460	0.00841	0.00841	0.02788	0.01637	0.76726	0.02257	0.01947	0.01416	0.00708	0.00575	0.00177	0.00487	0.00575	0.00708	0.00973
5	0.08315	0.00769	0.00899	0.00845	0.01049	0.00772	0.00642	0.01513	0.09632	0.13928	0.12631	0.23241	0.17798	0.01209	0.00686	0.00200	0.03668	0.01022	0.00551	0.00630
6	0.01409	0.03972	0.04693	0.04865	0.08539	0.01168	0.07827	0.03483	0.04515	0.15339	0.03172	0.14373	0.01589	0.01181	0.07123	0.00260	0.14614	0.00732	0.00420	0.00725
7	0.00920	0.00631	0.00735	0.00733	0.00907	0.00569	0.00549	0.01136	0.04274	0.08685	0.10631	0.20072	0.38232	0.03737	0.00747	0.00214	0.00345	0.05785	0.00553	0.00546
8	0.00835	0.00581	0.00684	0.00689	0.00694	0.00602	0.00415	0.00854	0.00868	0.01168	0.01927	0.13494	0.02236	0.65852	0.02576	0.00498	0.04366	0.00919	0.00366	0.00376
9	0.01245	0.01213	0.01621	0.52348	0.03097	0.09734	0.01390	0.04485	0.01224	0.01554	0.01050	0.01498	0.00829	0.00810	0.04539	0.00225	0.08403	0.00499	0.03595	0.00641
10	0.01533	0.01435	0.02079	0.11578	0.02249	0.06115	0.19623	0.21833	0.01582	0.02120	0.01125	0.01452	0.00891	0.00939	0.06396	0.00248	0.17141	0.00550	0.00357	0.00754
11	0.00748	0.00619	0.00662	0.00675	0.00847	0.00561	0.00496	0.01014	0.07565	0.01627	0.07413	0.19084	0.53765	0.01446	0.00678	0.00200	0.00311	0.01232	0.00539	0.00517
12	0.01333	0.01328	0.07192	0.07314	0.01819	0.05843	0.07827	0.06057	0.06471	0.04594	0.01365	0.08404	0.01179	0.00651	0.00568	0.00149	0.02823	0.00553	0.00376	0.34153

[dist]
# distance from previous block
# <min> <max>
0	3

[block]
# block no. 4 follows, 41 sequences, length 29
# corresponding to MSA columns:
# 104-106,112-137
name=unknown_E
#
# <colnr> <probs for GDERKNQSTAVLIFYWHMCP>
#	G	D	E	R	K	N	Q	S	T	A	V	L	I	F	Y	W	H	M	C	P
0	0.01645	0.01271	0.01528	0.07807	0.09525	0.04130	0.01077	0.21270	0.17441	0.09851	0.01617	0.03614	0.01282	0.05126	0.04471	0.00241	0.06223	0.00590	0.00473	0.00820
1	0.01231	0.01022	0.01227	0.05699	0.01524	0.00817	0.00747	0.01534	0.03486	0.04240	0.01097	0.01261	0.00888	0.00453	0.00443	0.00098	0.00448	0.00366	0.00353	0.73069
2	0.01580	0.01066	0.01222	0.01040	0.01330	0.01133	0.00814	0.27376	0.11185	0.12225	0.03647	0.12386	0.06393	0.07240	0.08392	0.00287	0.00604	0.00773	0.00541	0.00766
3	0.01463	0.01194	0.01352	0.01331	0.07929	0.01337	0.00953	0.02812	0.60749	0.07158	0.02372	0.02212	0.05009	0.00779	0.00584	0.00191	0.00467	0.00655	0.00562	0.00891
4	0.02041	0.02522	0.01597	0.04199	0.01812	0.68218	0.01104	0.05224	0.01617	0.01491	0.00939	0.01118	0.00779	0.00760	0.04002	0.00185	0.01028	0.00391	0.00305	0.00668
5	0.01458	0.63800	0.13871	0.01134	0.01661	0.02084	0.03218	0.01719	0.01164	0.01429	0.00838	0.00990	0.00737	0.00515	0.00456	0.00138	0.03456	0.00340	0.00246	0.00748
6	0.00962	0.00546	0.00752	0.00749	0.00770	0.00555	0.00497	0.02777	0.00848	0.01138	0.01339	0.06915	0.01418	0.18445	0.06963	0.53498	0.00567	0.00644	0.00299	0.00318
7	0.02137	0.02726	0.01621	0.01474	0.01768	0.77602	0.01105	0.02284	0.01621	0.01400	0.00884	0.01031	0.00737	0.00589	0.00516	0.00147	0.01031	0.00368	0.00295	0.00663
8	0.04831	0.00980	0.01304	0.00999	0.01443	0.00848	0.00824	0.02668	0.01589	0.69697	0.02133	0.01868	0.01356	0.00684	0.00559	0.00171	0.00481	0.00552	0.00674	0.06339
9	0.00965	0.00622	0.00741	0.00706	0.00894	0.00543	0.00531	0.01148	0.01407	0.11623	0.24625	0.14804	0.36618	0.01320	0.00670	0.00193	0.00316	0.01133	0.00582	0.00561
10	0.00695	0.00548	0.00628	0.00676	0.00802	0.00480	0.00481	0.00833	0.01248	0.01574	0.10572	0.34534	0.41781	0.01561	0.00697	0.00207	0.00305	0.01358	0.00539	0.00480
11	0.01080	0.01017	0.01716	0.78523	0.03940	0.01271	0.01589	0.01461	0.01144	0.01461	0.01017	0.01525	0.00762	0.00572	0.00572	0.00191	0.00762	0.00508	0.00254	0.00635
12	0.78631	0.01098	0.00872	0.00770	0.01129	0.01254	0.00634	0.01754	0.01017	0.07403	0.00892	0.00996	0.00671	0.00543	0.00368	0.00177	0.00445	0.00327	0.00377	0.00643
13	0.00778	0.00588	0.00748	0.00813	0.00860	0.00600	0.00557	0.00910	0.03103	0.01427	0.02919	0.52556	0.08775	0.14396	0.02584	0.00294	0.05801	0.01341	0.00479	0.00471
14	0.02335	0.00957	0.01268	0.01000	0.01411	0.00850	0.00821	0.02639	0.06194	0.65497	0.02505	0.02294	0.06249	0.00780	0.00587	0.00181	0.00473	0.02347	0.00684	0.00927
15	0.05968	0.01301	0.02254	0.03771	0.04557	0.01318	0.31713	0.06738	0.04521	0.19030	0.01458	0.03738	0.01090	0.00657	0.00749	0.00194	0.09099	0.00619	0.00420	0.00805
16	0.18271	0.01492	0.01530	0.01200	0.01633	0.01666	0.00989	0.57792	0.04679	0.03361	0.01290	0.01310	0.00928	0.00659	0.00529	0.00173	0.00587	0.00479	0.00529	0.00901
17	0.01409	0.01241	0.01300	0.01026	0.01404	0.08202	0.00807	0.14914	0.01453	0.02032	0.01235	0.06378	0.01117	0.05568	0.00746	0.00158	0.06536	0.00500	0.00384	0.43591
18	0.01455	0.10602	0.14797	0.01785	0.08573	0.15443	0.16484	0.03417	0.01279	0.01636	0.01002	0.01307	0.00827	0.00839	0.05560	0.00227	0.13267	0.00486	0.00278	0.00737
19	0.01186	0.01017	0.01186	0.00847	0.01356	0.00762	0.00678	0.01440	0.01186	0.01864	0.01017	0.01186	0.00847	0.00424	0.00424	0.00085	0.00424	0.00339	0.00339	0.83395
20	0.01515	0.01084	0.01449	0.03026	0.04692	0.01102	0.08736	0.12999	0.17116	0.15340	0.02713	0.07707	0.16127	0.00923	0.00622	0.00191	0.00520	0.02816	0.00536	0.00785
21	0.05332	0.13116	0.03523	0.12504	0.01933	0.08857	0.09064	0.08658	0.04663	0.01797	0.01665	0.11455	0.05755	0.00835	0.00658	0.00186	0.05982	0.02966	0.00370	0.00682
22	0.02510	0.01063	0.01383	0.01060	0.01505	0.00974	0.00876	0.13012	0.01787	0.66289	0.02131	0.01865	0.01353	0.00705	0.00575	0.00176	0.00507	0.00567	0.00689	0.00973
23	0.00733	0.00545	0.00648	0.00691	0.00780	0.00498	0.00471	0.00855	0.01191	0.01554	0.15309	0.32572	0.24455	0.15733	0.01101	0.00271	0.00350	0.01268	0.00513	0.00460
24	0.01520	0.01256	0.06073	0.01299	0.06166	0.01231	0.02499	0.20586	0.22330	0.08517	0.04159	0.16598	0.03371	0.00927	0.00610	0.00191	0.00519	0.00793	0.00535	0.00820
25	0.00899	0.00560	0.00763	0.00784	0.00804	0.00586	0.00533	0.00851	0.00891	0.01230	0.01761	0.23281	0.01955	0.14489	0.04989	0.34803	0.05372	0.00866	0.04210	0.00371
26	0.00806	0.00583	0.00808	0.00825	0.00891	0.00641	0.00593	0.00942	0.00918	0.01286	0.01808	0.12367	0.01900	0.24196	0.47976	0.00735	0.01120	0.00799	0.00345	0.00461
27	0.01372	0.00970	0.01467	0.25890	0.07496	0.01038	0.04157	0.08241	0.01430	0.14315	0.12535	0.07470	0.01880	0.03528	0.05475	0.00243	0.00646	0.00699	0.00443	0.00705
28	0.09967	0.01266	0.01544	0.15909	0.02052	0.01401	0.03814	0.27619	0.13610	0.12508	0.01558	0.03676	0.01152	0.00689	0.00561	0.00183	0.00593	0.00558	0.00498	0.00841

[dist]
# distance from previous block
# <min> <max>
0	13

[block]
# block no. 5 follows, 41 sequences, length 100
# corresponding to MSA columns:
# 151-250
name=unknown_F
#
# <colnr> <probs for GDERKNQSTAVLIFYWHMCP>
#	G	D	E	R	K	N	Q	S	T	A	V	L	I	F	Y	W	H	M	C	P
0	0.01391	0.01090	0.01264	0.06189	0.01530	0.01082	0.00838	0.25778	0.03587	0.02323	0.01840	0.14200	0.06150	0.02414	0.02305	0.00182	0.00520	0.00694	0.00460	0.26164
1	0.01184	0.00949	0.01289	0.02530	0.01362	0.02360	0.09953	0.04664	0.01227	0.01891	0.01437	0.04729	0.01236	0.04417	0.03999	0.00199	0.07576	0.00554	0.26940	0.21504
2	0.01211	0.01154	0.01934	0.46726	0.29616	0.01334	0.01626	0.01561	0.01183	0.01601	0.01020	0.01468	0.00813	0.00578	0.00655	0.00187	0.05828	0.00508	0.00264	0.00731
3	0.01005	0.00811	0.00971	0.00795	0.01115	0.00665	0.00612	0.02842	0.01348	0.01965	0.24168	0.11263	0.07695	0.00879	0.00554	0.00139	0.00362	0.00757	0.00466	0.41587
4	0.01529	0.80242	0.02997	0.00979	0.01468	0.02263	0.00979	0.01713	0.01162	0.01346	0.00795	0.00918	0.00734	0.00489	0.00367	0.00122	0.00612	0.00306	0.00245	0.00734
5	0.02566	0.00973	0.01327	0.01018	0.01460	0.00841	0.00841	0.02788	0.01637	0.76726	0.02257	0.01947	0.01416	0.00708	0.00575	0.00177	0.00487	0.00575	0.00708	0.00973
6	0.00697	0.00498	0.00664	0.00796	0.00830	0.00465	0.00531	0.00796	0.01095	0.01460	0.03153	0.79525	0.03783	0.01792	0.00730	0.00232	0.00332	0.01626	0.00531	0.00465
7	0.01567	0.01283	0.01362	0.01185	0.01532	0.01466	0.00933	0.14405	0.62151	0.04180	0.02174	0.02009	0.01616	0.00760	0.00580	0.00190	0.00482	0.00624	0.00583	0.00918
8	0.00975	0.00526	0.00566	0.00595	0.00701	0.00519	0.00427	0.01194	0.01162	0.01943	0.02151	0.19465	0.02007	0.03967	0.00570	0.00172	0.00292	0.00789	0.61471	0.00511
9	0.02174	0.01602	0.01717	0.01316	0.01774	0.01774	0.01087	0.74423	0.02689	0.03605	0.01373	0.01373	0.00973	0.00687	0.00572	0.00172	0.00629	0.00515	0.00572	0.00973
10	0.00832	0.00555	0.00624	0.00624	0.00624	0.00555	0.00347	0.00832	0.00832	0.01109	0.01802	0.03743	0.02080	0.79898	0.02911	0.00555	0.00555	0.00832	0.00347	0.00347
11	0.01816	0.01027	0.01229	0.01031	0.01372	0.01047	0.00818	0.05340	0.29633	0.32887	0.12779	0.02379	0.02112	0.03053	0.00658	0.00194	0.00450	0.00673	0.00633	0.00868
12	0.00696	0.00501	0.00660	0.00787	0.00827	0.00465	0.00527	0.00798	0.01104	0.01464	0.03268	0.76287	0.06946	0.01777	0.00728	0.00231	0.00330	0.01608	0.00531	0.00465
13	0.01359	0.01301	0.02204	0.09640	0.67398	0.01318	0.01691	0.01695	0.01289	0.01822	0.01253	0.01582	0.03788	0.00551	0.00571	0.00173	0.00671	0.00536	0.00290	0.00867
14	0.07544	0.00982	0.01298	0.01001	0.01438	0.00868	0.00827	0.02720	0.01597	0.72190	0.02167	0.01885	0.01367	0.00697	0.00562	0.00177	0.00484	0.00559	0.00686	0.00952
15	0.01281	0.00725	0.00758	0.00691	0.00888	0.00753	0.00535	0.09413	0.07472	0.05575	0.01868	0.02043	0.01434	0.00679	0.00441	0.00144	0.00331	0.00542	0.63798	0.00630
16	0.02551	0.00998	0.01343	0.01029	0.01473	0.00878	0.00850	0.05615	0.01679	0.73840	0.02222	0.01924	0.01398	0.00707	0.00575	0.00177	0.00492	0.00573	0.00703	0.00973
17	0.01081	0.01025	0.01759	0.72836	0.03806	0.01255	0.04812	0.01459	0.01152	0.01478	0.01086	0.03813	0.00856	0.00604	0.00581	0.00192	0.00759	0.00549	0.00264	0.00636
18	0.04916	0.00864	0.01086	0.00898	0.01219	0.00801	0.00722	0.06930	0.01586	0.40582	0.14024	0.05911	0.05483	0.00868	0.00579	0.00177	0.00421	0.02265	0.09881	0.00788
19	0.01093	0.00794	0.00946	0.00936	0.01083	0.00815	0.00680	0.20523	0.01522	0.02035	0.02676	0.58585	0.03030	0.01496	0.00688	0.00216	0.00412	0.01328	0.00542	0.00601
20	0.02300	0.09849	0.01467	0.00988	0.01410	0.01023	0.00831	0.06362	0.01602	0.57977	0.02012	0.01817	0.01320	0.00679	0.00537	0.00167	0.00489	0.00538	0.07722	0.00909
21	0.05082	0.00885	0.01149	0.14690	0.04906	0.00934	0.00870	0.11443	0.01404	0.10265	0.04874	0.15564	0.06607	0.10474	0.00882	0.00236	0.00514	0.04023	0.04553	0.00644
22	0.01603	0.01227	0.01349	0.01121	0.01413	0.03273	0.00887	0.34088	0.06794	0.04563	0.01752	0.07217	0.03590	0.12270	0.01033	0.00238	0.07197	0.03870	0.00489	0.06026
23	0.01452	0.02293	0.51620	0.01407	0.02108	0.01166	0.01665	0.01998	0.03016	0.17847	0.01339	0.01450	0.00940	0.02592	0.00603	0.00183	0.00722	0.00465	0.00359	0.06776
24	0.01866	0.01115	0.01294	0.01092	0.01454	0.01172	0.00877	0.09379	0.35441	0.29247	0.02225	0.02191	0.01613	0.00775	0.00580	0.00186	0.00476	0.03847	0.04266	0.00903
25	0.01117	0.02827	0.01145	0.07315	0.04438	0.02868	0.00829	0.07436	0.07393	0.03213	0.08772	0.25621	0.04210	0.01264	0.04028	0.00223	0.00515	0.06663	0.00474	0.09648
26	0.01316	0.01544	0.05959	0.02343	0.05025	0.01396	0.66191	0.01783	0.01332	0.01816	0.01238	0.04970	0.00992	0.00543	0.00669	0.00193	0.00924	0.00703	0.00298	0.00765
27	0.00703	0.00533	0.00650	0.00731	0.00823	0.00480	0.00512	0.00831	0.01196	0.01540	0.07988	0.49807	0.26824	0.01643	0.00712	0.00218	0.00321	0.03477	0.00536	0.00476
28	0.01255	0.01262	0.01812	0.01535	0.01557	0.01741	0.03965	0.01393	0.00894	0.01393	0.00766	0.01262	0.00755	0.00982	0.01832	0.00248	0.75956	0.00507	0.00252	0.00631
29	0.04101	0.01323	0.01485	0.01157	0.01585	0.02801	0.00950	0.39604	0.04780	0.29901	0.01727	0.01626	0.01171	0.00691	0.00560	0.00172	0.00558	0.00535	0.04337	0.00937
30	0.01198	0.01263	0.02215	0.01735	0.02037	0.04731	0.34901	0.01492	0.01207	0.01626	0.01695	0.15909	0.04684	0.00929	0.00952	0.00214	0.18224	0.03986	0.00345	0.00655
31	0.00769	0.00584	0.00712	0.00724	0.00852	0.00540	0.00526	0.01014	0.04303	0.01880	0.35410	0.25640	0.22142	0.01397	0.00687	0.00198	0.00299	0.01228	0.00576	0.00519
32	0.00899	0.00758	0.00829	0.04282	0.01068	0.05810	0.00624	0.04202	0.01374	0.01771	0.21220	0.33523	0.18721	0.01384	0.00677	0.00201	0.00388	0.01211	0.00529	0.00530
33	0.01115	0.01040	0.01733	0.74630	0.05950	0.01285	0.01582	0.03132	0.01183	0.01522	0.01026	0.01518	0.00771	0.00573	0.00572	0.00190	0.00757	0.00509	0.00262	0.00651
34	0.00984	0.00766	0.01046	0.17705	0.04715	0.00837	0.00794	0.06354	0.01120	0.01491	0.01879	0.21569	0.02054	0.32654	0.01576	0.00346	0.02300	0.00913	0.00383	0.00514
35	0.83938	0.01106	0.00841	0.00752	0.01106	0.01283	0.00619	0.01681	0.00973	0.02566	0.00796	0.00929	0.00619	0.00531	0.00354	0.00177	0.00442	0.00310	0.00354	0.00619
36	0.00830	0.00546	0.00632	0.00649	0.00674	0.00538	0.00392	0.00885	0.00955	0.01327	0.06915	0.15087	0.02504	0.56211	0.02222	0.00446	0.00478	0.00940	0.07379	0.00393
37	0.04988	0.07336	0.04426	0.01011	0.01289	0.02815	0.02415	0.06957	0.04808	0.15312	0.11388	0.11293	0.04141	0.05962	0.02134	0.00226	0.03529	0.07187	0.02099	0.00685
38	0.04484	0.00973	0.01268	0.00985	0.01394	0.00869	0.00803	0.06296	0.01621	0.59836	0.06573	0.02060	0.01609	0.03660	0.00654	0.00186	0.00479	0.00591	0.00655	0.05004
39	0.01529	0.80242	0.02997	0.00979	0.01468	0.02263	0.00979	0.01713	0.01162	0.01346	0.00795	0.00918	0.00734	0.00489	0.00367	0.00122	0.00612	0.00306	0.00245	0.00734
40	0.01271	0.03857	0.01003	0.00815	0.01058	0.00712	0.00648	0.03272	0.01572	0.19032	0.41748	0.03683	0.11489	0.01053	0.00636	0.00179	0.00359	0.04042	0.00608	0.02962
41	0.00782	0.00606	0.00881	0.15983	0.01453	0.00631	0.00755	0.00944	0.01115	0.01472	0.02730	0.61024	0.03171	0.01544	0.00702	0.00226	0.00425	0.04581	0.00477	0.00501
42	0.00697	0.00498	0.00664	0.00796	0.00830	0.00465	0.00531	0.00796	0.01095	0.01460	0.03153	0.79525	0.03783	0.01792	0.00730	0.00232	0.00332	0.01626	0.00531	0.00465
43	0.17672	0.00985	0.01503	0.10520	0.01807	0.01007	0.17248	0.01582	0.01261	0.09140	0.07542	0.07290	0.05071	0.00794	0.00569	0.00187	0.00560	0.04991	0.09618	0.00652
44	0.01423	0.01229	0.01293	0.01164	0.01487	0.01423	0.00905	0.03039	0.75297	0.02393	0.02328	0.02134	0.01746	0.00776	0.00582	0.00194	0.00453	0.00647	0.00582	0.00905
45	0.01423	0.01229	0.01293	0.01164	0.01487	0.01423	0.00905	0.03039	0.75297	0.02393	0.02328	0.02134	0.01746	0.00776	0.00582	0.00194	0.00453	0.00647	0.00582	0.00905
46	0.00703	0.00502	0.00670	0.00803	0.00839	0.00470	0.00541	0.00806	0.01101	0.01467	0.03149	0.77668	0.03771	0.01787	0.00732	0.00233	0.00337	0.03426	0.00531	0.00466
47	0.00719	0.00520	0.00682	0.00787	0.00845	0.00483	0.00544	0.00848	0.01178	0.01573	0.11796	0.63361	0.08014	0.01691	0.00723	0.00225	0.00331	0.04662	0.00542	0.00477
48	0.01529	0.80242	0.02997	0.00979	0.01468	0.02263	0.00979	0.01713	0.01162	0.01346	0.00795	0.00918	0.00734	0.00489	0.00367	0.00122	0.00612	0.00306	0.00245	0.00734
49	0.01701	0.00858	0.01104	0.00918	0.01213	0.00801	0.00728	0.10002	0.01713	0.33975	0.31705	0.07765	0.03109	0.00959	0.00625	0.00181	0.00406	0.00819	0.00650	0.00767
50	0.00817	0.00613	0.00919	0.00919	0.01021	0.00715	0.00715	0.01021	0.00919	0.01328	0.01532	0.02247	0.01430	0.04290	0.77631	0.00919	0.01532	0.00613	0.00306	0.00511
51	0.02417	0.01088	0.01375	0.01060	0.01492	0.01025	0.00874	0.17952	0.01841	0.57888	0.02052	0.01833	0.01324	0.00702	0.00567	0.00174	0.00507	0.00561	0.04315	0.00954
52	0.01416	0.01359	0.02322	0.03511	0.76330	0.01359	0.01755	0.01755	0.01302	0.01869	0.01076	0.01416	0.00906	0.00510	0.00566	0.00170	0.00680	0.00510	0.00283	0.00906
53	0.03063	0.01028	0.01007	0.00885	0.01130	0.09370	0.00688	0.09545	0.07609	0.11655	0.20263	0.02416	0.02312	0.00797	0.00536	0.00162	0.00438	0.00648	0.25765	0.00684
54	0.73747	0.03049	0.00957	0.00793	0.01163	0.01312	0.00657	0.05741	0.01083	0.02564	0.00838	0.00965	0.00652	0.00534	0.00370	0.00171	0.00456	0.00322	0.00363	0.04263
55	0.01522	0.61099	0.07625	0.04517	0.01640	0.05652	0.01070	0.01747	0.01194	0.04359	0.00916	0.01070	0.00793	0.00682	0.03902	0.00169	0.00691	0.00350	0.00268	0.00733
56	0.00721	0.00524	0.00679	0.00781	0.00839	0.00481	0.00524	0.00825	0.01096	0.01464	0.03126	0.69803	0.06800	0.05171	0.00812	0.00239	0.00343	0.01522	0.00515	0.03734
57	0.12162	0.33086	0.04845	0.04360	0.01467	0.01496	0.00898	0.03194	0.01238	0.08544	0.04827	0.01679	0.07694	0.00729	0.02190	0.00167	0.02220	0.00475	0.00361	0.08369
58	0.03262	0.11459	0.01640	0.03306	0.01581	0.09125	0.00960	0.34886	0.01903	0.08549	0.01394	0.03372	0.01114	0.04427	0.07494	0.00247	0.00714	0.00524	0.03240	0.00801
59	0.02555	0.00991	0.01338	0.01026	0.01469	0.00867	0.00848	0.04826	0.01667	0.74645	0.02231	0.01931	0.01403	0.00707	0.00575	0.00177	0.00491	0.00573	0.00704	0.00973
60	0.01150	0.01258	0.08400	0.22818	0.08714	0.01228	0.17273	0.01532	0.02598	0.01648	0.01281	0.06273	0.01099	0.01003	0.07573	0.00258	0.08891	0.00618	0.05702	0.00682
61	0.01394	0.01404	0.02414	0.11508	0.52715	0.04199	0.14431	0.01756	0.01305	0.01800	0.01077	0.01436	0.00877	0.00515	0.00584	0.00175	0.00752	0.00533	0.00281	0.00844
62	0.00782	0.00567	0.00739	0.00743	0.00857	0.00524	0.00547	0.01007	0.01474	0.02048	0.53543	0.21712	0.08042	0.01340	0.00692	0.00196	0.00294	0.03775	0.00599	0.00519
63	0.00832	0.00555	0.00624	0.00624	0.00624	0.00555	0.00347	0.00832	0.00832	0.01109	0.01802	0.03743	0.02080	0.79898	0.02911	0.00555	0.00555	0.00832	0.00347	0.00347
64	0.03539	0.71423	0.06200	0.01017	0.01518	0.02176	0.01026	0.04897	0.01226	0.01495	0.00831	0.00951	0.00741	0.00501	0.00384	0.00128	0.00619	0.00320	0.00262	0.00747
65	0.01189	0.02949	0.73787	0.01624	0.02446	0.04516	0.02071	0.01831	0.01225	0.01794	0.01021	0.01200	0.00725	0.00545	0.00542	0.00180	0.00853	0.00420	0.00244	0.00838
66	0.00912	0.00655	0.00909	0.01035	0.01169	0.00652	0.00903	0.01171	0.01316	0.01705	0.03135	0.06416	0.06094	0.01575	0.00786	0.00261	0.00518	0.69737	0.00527	0.00525
67	0.12289	0.02304	0.01301	0.00982	0.01400	0.01031	0.05382	0.11464	0.04937	0.02253	0.07448	0.01636	0.02825	0.00591	0.00482	0.00134	0.00469	0.00480	0.04949	0.37643
68	0.00956	0.00832	0.02484	0.05112	0.16824	0.00783	0.03865	0.01233	0.01429	0.01998	0.40134	0.14211	0.05721	0.01062	0.00653	0.00187	0.00426	0.00965	0.00502	0.00623
69	0.01095	0.01029	0.01708	0.66415	0.10336	0.01232	0.01531	0.01459	0.01166	0.01512	0.01233	0.01683	0.04104	0.00601	0.00572	0.00186	0.00726	0.00535	0.00271	0.02604
70	0.01529	0.80242	0.02997	0.00979	0.01468	0.02263	0.00979	0.01713	0.01162	0.01346	0.00795	0.00918	0.00734	0.00489	0.00367	0.00122	0.00612	0.00306	0.00245	0.00734
71	0.00729	0.00579	0.00654	0.00640	0.00806	0.00505	0.00478	0.00922	0.01422	0.01837	0.33273	0.07002	0.46430	0.01348	0.00677	0.00189	0.00283	0.01151	0.00570	0.00505
72	0.02459	0.00963	0.01302	0.01008	0.01434	0.00842	0.00829	0.02719	0.03544	0.71515	0.05515	0.02054	0.01600	0.00730	0.00580	0.00178	0.00476	0.00597	0.00701	0.00953
73	0.01868	0.01367	0.01465	0.01182	0.01571	0.01513	0.00957	0.45134	0.21568	0.05934	0.01775	0.01731	0.02474	0.00722	0.00561	0.00175	0.00539	0.00565	0.07991	0.00908
74	0.00994	0.00497	0.00745	0.00745	0.00745	0.00497	0.00497	0.00745	0.00745	0.00994	0.00994	0.01739	0.00994	0.01987	0.02235	0.83358	0.00497	0.00497	0.00248	0.00248
75	0.02137	0.02726	0.01621	0.01474	0.01768	0.77602	0.01105	0.02284	0.01621	0.01400	0.00884	0.01031	0.00737	0.00589	0.00516	0.00147	0.01031	0.00368	0.00295	0.00663
76	0.02436	0.00994	0.01321	0.01021	0.01446	0.00887	0.00840	0.07621	0.01709	0.67307	0.06540	0.02044	0.01620	0.00734	0.00581	0.00177	0.00484	0.00598	0.00694	0.00948
77	0.00716	0.00512	0.00686	0.00819	0.00861	0.00481	0.00565	0.00830	0.01114	0.01482	0.03142	0.73162	0.03740	0.01774	0.00735	0.00235	0.00349	0.07795	0.00531	0.00470
78	0.00683	0.00565	0.00600	0.00622	0.00785	0.00481	0.00455	0.00823	0.01275	0.01550	0.07200	0.18752	0.61232	0.01503	0.00686	0.00200	0.00297	0.01278	0.00534	0.00481
79	0.02172	0.01090	0.01327	0.01051	0.01440	0.01070	0.00860	0.23917	0.01870	0.42015	0.01999	0.03879	0.01429	0.02444	0.00620	0.00184	0.00509	0.03257	0.07973	0.00892
80	0.83938	0.01106	0.00841	0.00752	0.01106	0.01283	0.00619	0.01681	0.00973	0.02566	0.00796	0.00929	0.00619	0.00531	0.00354	0.00177	0.00442	0.00310	0.00354	0.00619
81	0.00712	0.00504	0.00659	0.00777	0.00807	0.00475	0.00511	0.00800	0.01066	0.01421	0.03003	0.71121	0.03594	0.10453	0.00972	0.00268	0.00357	0.01538	0.00511	0.00452
82	0.04833	0.00951	0.01275	0.00990	0.01409	0.00833	0.00814	0.02639	0.01616	0.69495	0.07225	0.02075	0.01663	0.00734	0.00575	0.00177	0.00471	0.00599	0.00692	0.00934
83	0.01316	0.01342	0.02689	0.01983	0.02439	0.01292	0.52452	0.06396	0.01400	0.03446	0.04773	0.10376	0.01440	0.02710	0.00764	0.00206	0.03105	0.00783	0.00359	0.00729
84	0.80362	0.01128	0.00879	0.00777	0.01135	0.01305	0.00640	0.04863	0.01048	0.02612	0.00822	0.00949	0.00635	0.00538	0.00364	0.00177	0.00451	0.00319	0.00364	0.00635
85	0.01949	0.07242	0.01689	0.01301	0.01686	0.27404	0.01041	0.30696	0.10221	0.02408	0.01239	0.01297	0.00950	0.00639	0.00555	0.00158	0.02245	0.00454	0.00435	0.06392
86	0.01139	0.03499	0.10309	0.46458	0.09172	0.01298	0.08233	0.01520	0.01158	0.01546	0.01101	0.03290	0.00904	0.04099	0.00730	0.00206	0.03843	0.00547	0.00268	0.00679
87	0.03558	0.01031	0.01232	0.00903	0.01390	0.00833	0.00731	0.04574	0.01346	0.19677	0.01319	0.01367	0.00981	0.00504	0.00464	0.00112	0.00447	0.00401	0.00436	0.58697
88	0.05446	0.01613	0.01491	0.04885	0.01694	0.19549	0.01023	0.19924	0.17104	0.05191	0.01389	0.01486	0.01069	0.00866	0.04519	0.00212	0.07196	0.00497	0.00439	0.04407
89	0.01151	0.15660	0.48435	0.01363	0.01992	0.01353	0.01610	0.01678	0.04100	0.01692	0.01351	0.12185	0.01215	0.00828	0.02801	0.00200	0.00738	0.00586	0.00298	0.00766
90	0.02488	0.00956	0.01302	0.01004	0.01433	0.00827	0.00827	0.02711	0.01636	0.73393	0.05560	0.02051	0.01594	0.00729	0.00580	0.00177	0.00477	0.00596	0.00704	0.00954
91	0.00707	0.00517	0.00667	0.00772	0.00833	0.00477	0.00530	0.00828	0.01160	0.01532	0.08350	0.63904	0.12464	0.01704	0.00721	0.00225	0.00327	0.03269	0.00537	0.00473
92	0.06642	0.12350	0.12553	0.04882	0.08998	0.01229	0.06899	0.03339	0.01377	0.22849	0.06332	0.05543	0.01459	0.00703	0.00554	0.00176	0.00604	0.02273	0.00440	0.00799
93	0.00710	0.00509	0.00678	0.00807	0.00850	0.00477	0.00553	0.00821	0.01113	0.01477	0.03202	0.73499	0.05304	0.01772	0.00733	0.00233	0.00343	0.05921	0.00531	0.00469
94	0.00826	0.00561	0.00668	0.00672	0.00688	0.00575	0.00406	0.00858	0.00852	0.01151	0.01802	0.05747	0.02035	0.66562	0.13763	0.00598	0.00691	0.00823	0.00346	0.00374
95	0.01427	0.01444	0.01900	0.09559	0.36747	0.12458	0.01429	0.01779	0.06468	0.01678	0.01100	0.01441	0.00929	0.00827	0.04206	0.02442	0.12598	0.00501	0.00298	0.00768
96	0.02587	0.01159	0.04634	0.60091	0.15944	0.01292	0.03197	0.01536	0.01174	0.01570	0.01026	0.01485	0.00785	0.00558	0.00568	0.00187	0.00750	0.00506	0.00261	0.00691
97	0.00866	0.00619	0.00858	0.00990	0.01098	0.00611	0.00826	0.01089	0.01262	0.01650	0.03059	0.24441	0.03413	0.01632	0.00775	0.00256	0.00479	0.55038	0.00528	0.00511
98	0.06122	0.01454	0.16379	0.25134	0.11788	0.03218	0.01394	0.06011	0.01348	0.06820	0.07756	0.05214	0.03558	0.00703	0.00570	0.00183	0.00656	0.00596	0.00364	0.00733
99	0.13777	0.03589	0.20859	0.02904	0.04956	0.02929	0.01157	0.09556	0.03239	0.07113	0.12987	0.03554	0.03419	0.03706	0.00643	0.00195	0.00582	0.03678	0.00425	0.00732

[dist]
# distance from previous block
# <min> <max>
0	12

[block]
# block no. 6 follows, 41 sequences, length 28
# corresponding to MSA columns:
# 263-290
name=unknown_G
#
# <colnr> <probs for GDERKNQSTAVLIFYWHMCP>
#	G	D	E	R	K	N	Q	S	T	A	V	L	I	F	Y	W	H	M	C	P
0	0.44766	0.06266	0.01270	0.18708	0.01848	0.10868	0.00921	0.01669	0.01132	0.02058	0.03682	0.02723	0.00912	0.00593	0.00444	0.00174	0.00592	0.00415	0.00330	0.00630
1	0.03297	0.01206	0.20278	0.01004	0.01302	0.00763	0.00970	0.01171	0.01131	0.01590	0.04277	0.21381	0.08996	0.07574	0.00981	0.08411	0.00525	0.10242	0.00402	0.04500
2	0.01447	0.01588	0.16212	0.18173	0.27318	0.03830	0.03507	0.01961	0.08237	0.10219	0.01300	0.01516	0.00971	0.00578	0.00567	0.00179	0.00705	0.00513	0.00345	0.00834
3	0.01195	0.00994	0.01224	0.10053	0.01637	0.00812	0.00780	0.01458	0.01202	0.04300	0.01288	0.01460	0.04483	0.00500	0.00458	0.00106	0.00459	0.00409	0.00350	0.66832
4	0.02091	0.08698	0.01732	0.01428	0.01745	0.68132	0.01094	0.05677	0.01636	0.01501	0.00901	0.01039	0.00748	0.00586	0.00507	0.00147	0.00980	0.00371	0.00304	0.00683
5	0.01253	0.11266	0.65454	0.01532	0.02320	0.01408	0.01932	0.01845	0.01222	0.05175	0.01057	0.01210	0.00757	0.00545	0.00526	0.00175	0.00804	0.00417	0.00263	0.00839
6	0.04739	0.00608	0.00724	0.00688	0.00847	0.00562	0.00518	0.01046	0.01513	0.02128	0.55647	0.04408	0.22077	0.01206	0.00660	0.00183	0.00283	0.01041	0.00593	0.00530
7	0.01459	0.01247	0.01314	0.01171	0.01501	0.01440	0.00914	0.06480	0.71797	0.02451	0.02282	0.02097	0.01709	0.00772	0.00582	0.00193	0.00461	0.00640	0.00582	0.00909
8	0.00798	0.00586	0.00744	0.00712	0.00850	0.00537	0.00535	0.01046	0.01552	0.02156	0.63513	0.04473	0.13494	0.03282	0.00737	0.00194	0.00288	0.03368	0.00607	0.00528
9	0.00760	0.00586	0.00807	0.00812	0.00927	0.00537	0.03879	0.00940	0.01310	0.01762	0.27277	0.40065	0.15235	0.01476	0.00701	0.00207	0.00334	0.01325	0.00552	0.00506
10	0.53473	0.01056	0.01023	0.00852	0.01239	0.01118	0.00702	0.02096	0.01222	0.30331	0.01343	0.01310	0.00918	0.00597	0.00437	0.00177	0.00459	0.00409	0.00486	0.00752
11	0.02394	0.00935	0.01272	0.00988	0.01401	0.00811	0.00811	0.02620	0.01635	0.69410	0.09508	0.02175	0.01807	0.00753	0.00585	0.00177	0.00465	0.00620	0.00700	0.00931
12	0.00787	0.00521	0.00696	0.00807	0.00860	0.00483	0.00546	0.00892	0.01121	0.05091	0.03109	0.75783	0.03669	0.01740	0.00723	0.00230	0.00339	0.01575	0.00539	0.00489
13	0.11850	0.01419	0.01519	0.01191	0.01615	0.01547	0.00977	0.54050	0.02290	0.11948	0.01489	0.04950	0.01111	0.00721	0.00554	0.00176	0.00577	0.00548	0.00560	0.00908
14	0.02566	0.00973	0.01327	0.01018	0.01460	0.00841	0.00841	0.02788	0.01637	0.76726	0.02257	0.01947	0.01416	0.00708	0.00575	0.00177	0.00487	0.00575	0.00708	0.00973
15	0.01066	0.00533	0.00533	0.00533	0.00666	0.00533	0.00400	0.01333	0.01200	0.02132	0.01866	0.02132	0.01466	0.00666	0.00400	0.00133	0.00267	0.00533	0.83073	0.00533
16	0.05325	0.01374	0.01555	0.01196	0.01645	0.01445	0.00988	0.47878	0.02276	0.27920	0.01646	0.01548	0.01107	0.00688	0.00565	0.00174	0.00575	0.00527	0.00609	0.00960
17	0.01304	0.01443	0.02952	0.04184	0.02676	0.01465	0.56819	0.01707	0.01251	0.01728	0.01145	0.04008	0.00938	0.00620	0.00891	0.00204	0.14973	0.00670	0.00289	0.00732
18	0.00713	0.00520	0.00676	0.00794	0.00853	0.00483	0.00553	0.00832	0.01137	0.01491	0.03436	0.65150	0.11777	0.01736	0.00729	0.00231	0.00344	0.07543	0.00531	0.00472
19	0.81193	0.01123	0.00870	0.00771	0.01129	0.01300	0.00635	0.04124	0.01031	0.02601	0.00816	0.00944	0.00631	0.00536	0.00361	0.00177	0.00449	0.00317	0.00361	0.00631
20	0.03752	0.11433	0.01565	0.01050	0.01472	0.01202	0.00881	0.14824	0.05085	0.45024	0.04280	0.03951	0.01445	0.00721	0.00551	0.00171	0.00514	0.00572	0.00604	0.00904
21	0.00979	0.00775	0.00812	0.00842	0.00952	0.07887	0.00597	0.01128	0.02590	0.05182	0.12407	0.39494	0.09658	0.07544	0.00914	0.03307	0.00426	0.03487	0.00506	0.00512
22	0.02680	0.01211	0.02039	0.20749	0.40572	0.01271	0.06436	0.02963	0.01291	0.06354	0.03647	0.01577	0.01048	0.00619	0.00658	0.02879	0.02355	0.00538	0.00319	0.00794
23	0.04336	0.19986	0.50196	0.01432	0.02128	0.01528	0.02969	0.01818	0.01201	0.05331	0.01019	0.01176	0.00760	0.00553	0.00545	0.00170	0.03365	0.00407	0.00270	0.00810
24	0.75239	0.01080	0.00874	0.00771	0.01124	0.01227	0.00633	0.01744	0.01043	0.08062	0.03311	0.01112	0.00831	0.00565	0.00381	0.00177	0.00440	0.00353	0.00389	0.00643
25	0.04932	0.10312	0.40438	0.01398	0.03537	0.01269	0.03936	0.01788	0.04796	0.07769	0.01479	0.11161	0.01286	0.00743	0.00556	0.00184	0.00683	0.02607	0.00347	0.00779
26	0.07152	0.01261	0.01467	0.08696	0.18294	0.13207	0.01094	0.01841	0.01352	0.17925	0.01841	0.04385	0.06981	0.01051	0.06921	0.00241	0.00708	0.04425	0.00420	0.00740
27	0.00804	0.00593	0.00709	0.00674	0.00839	0.00526	0.00507	0.01025	0.01499	0.03949	0.47264	0.04683	0.32312	0.01264	0.00673	0.00185	0.00283	0.01088	0.00594	0.00529

[dist]
# distance from previous block
# <min> <max>
6	11

[block]
# block no. 7 follows, 41 sequences, length 30
# corresponding to MSA columns:
# 302-331
name=unknown_H
#
# <colnr> <probs for GDERKNQSTAVLIFYWHMCP>
#	G	D	E	R	K	N	Q	S	T	A	V	L	I	F	Y	W	H	M	C	P
0	0.07565	0.05631	0.01367	0.07619	0.01570	0.01075	0.06028	0.03127	0.11089	0.11617	0.03190	0.04800	0.03955	0.00903	0.00643	0.00196	0.03973	0.15007	0.09955	0.00691
1	0.04468	0.10170	0.01789	0.01523	0.06408	0.55695	0.01124	0.06162	0.01565	0.01581	0.00907	0.01069	0.00757	0.00595	0.00558	0.00153	0.04089	0.00383	0.00304	0.00700
2	0.00950	0.00741	0.04160	0.00797	0.00986	0.00631	0.00642	0.03894	0.01625	0.05650	0.64312	0.06342	0.04797	0.01123	0.00662	0.00181	0.00320	0.00987	0.00611	0.00586
3	0.01037	0.01041	0.01894	0.22201	0.02415	0.01044	0.27143	0.01366	0.01273	0.01641	0.05583	0.02905	0.23431	0.03628	0.00727	0.00205	0.00667	0.00809	0.00368	0.00625
4	0.00804	0.00581	0.00760	0.00723	0.00853	0.00536	0.00539	0.01067	0.01595	0.02256	0.72743	0.07666	0.05324	0.01197	0.00677	0.00182	0.00273	0.01061	0.00625	0.00536
5	0.01178	0.00730	0.00802	0.10719	0.01201	0.02617	0.00623	0.06856	0.01314	0.02138	0.01695	0.01970	0.01320	0.00654	0.00438	0.00144	0.00377	0.00524	0.64118	0.00583
6	0.02137	0.02726	0.01621	0.01474	0.01768	0.77602	0.01105	0.02284	0.01621	0.01400	0.00884	0.01031	0.00737	0.00589	0.00516	0.00147	0.01031	0.00368	0.00295	0.00663
7	0.02377	0.00952	0.01282	0.00996	0.01408	0.00837	0.00817	0.04675	0.01666	0.67099	0.09689	0.02165	0.01806	0.00754	0.00585	0.00177	0.00469	0.00620	0.00696	0.00930
8	0.02885	0.00625	0.00790	0.00787	0.00921	0.00596	0.00575	0.01199	0.05407	0.06560	0.38383	0.30741	0.05674	0.01332	0.00676	0.00199	0.00320	0.01182	0.00588	0.00560
9	0.00692	0.00580	0.00602	0.00597	0.00783	0.00490	0.00447	0.00853	0.01342	0.01637	0.14403	0.05354	0.67433	0.01414	0.00676	0.00192	0.00287	0.01186	0.00543	0.00490
10	0.01529	0.80242	0.02997	0.00979	0.01468	0.02263	0.00979	0.01713	0.01162	0.01346	0.00795	0.00918	0.00734	0.00489	0.00367	0.00122	0.00612	0.00306	0.00245	0.00734
11	0.00996	0.00683	0.00939	0.01044	0.01190	0.00682	0.00900	0.01294	0.03729	0.04838	0.02979	0.09419	0.03186	0.01527	0.00772	0.00256	0.00514	0.63961	0.00536	0.00555
12	0.00818	0.00608	0.00895	0.00895	0.00989	0.00702	0.00685	0.01006	0.00912	0.01310	0.01554	0.02368	0.01482	0.10394	0.71599	0.00890	0.01453	0.00631	0.00310	0.00497
13	0.05956	0.01140	0.01388	0.01073	0.01507	0.01106	0.00885	0.22550	0.01888	0.50527	0.02072	0.01869	0.03897	0.00720	0.00568	0.00176	0.00517	0.00569	0.00649	0.00940
14	0.01457	0.01438	0.02281	0.03393	0.72009	0.05777	0.01718	0.01786	0.01321	0.01842	0.01065	0.01393	0.00896	0.00514	0.00563	0.00169	0.00700	0.00501	0.00284	0.00892
15	0.01066	0.00533	0.00533	0.00533	0.00666	0.00533	0.00400	0.01333	0.01200	0.02132	0.01866	0.02132	0.01466	0.00666	0.00400	0.00133	0.00267	0.00533	0.83073	0.00533
16	0.83938	0.01106	0.00841	0.00752	0.01106	0.01283	0.00619	0.01681	0.00973	0.02566	0.00796	0.00929	0.00619	0.00531	0.00354	0.00177	0.00442	0.00310	0.00354	0.00619
17	0.01336	0.00848	0.00998	0.00885	0.01062	0.00874	0.00641	0.18295	0.01427	0.11016	0.03483	0.14093	0.02009	0.32378	0.07749	0.00393	0.00604	0.00831	0.00473	0.00604
18	0.00966	0.00610	0.00800	0.00767	0.00917	0.00557	0.00574	0.01194	0.01502	0.09740	0.50229	0.18516	0.07241	0.01261	0.00678	0.00192	0.00311	0.02766	0.00613	0.00568
19	0.07692	0.55601	0.05624	0.04815	0.01625	0.03762	0.01029	0.05149	0.04495	0.04259	0.00963	0.01073	0.00806	0.00530	0.00413	0.00140	0.00616	0.00356	0.00300	0.00751
20	0.01311	0.01272	0.02050	0.29094	0.47015	0.04130	0.01646	0.01652	0.01255	0.01702	0.01096	0.03232	0.00917	0.00563	0.00570	0.00178	0.00713	0.00530	0.00279	0.00794
21	0.04975	0.00998	0.01326	0.01019	0.01460	0.00884	0.00842	0.05087	0.01652	0.72139	0.02184	0.01898	0.01378	0.00702	0.00569	0.00177	0.00490	0.00565	0.00693	0.00963
22	0.00910	0.00599	0.00821	0.00821	0.00916	0.00633	0.00599	0.01066	0.01030	0.05762	0.06908	0.15152	0.02202	0.17724	0.38487	0.00617	0.00960	0.00842	0.03451	0.00502
