[name]
unknown

[dist]
# distance from previous block
# <min> <max>
12	162

[block]
# block no. 0 follows, 43 sequences, length 7
# corresponding to MSA columns:
# 200-206
name=unknown_A
#
# <colnr> <probs for GDERKNQSTAVLIFYWHMCP>
#	G	D	E	R	K	N	Q	S	T	A	V	L	I	F	Y	W	H	M	C	P
0	0.01303	0.01063	0.08140	0.06248	0.01444	0.00958	0.00893	0.14860	0.04875	0.11936	0.06329	0.21850	0.07344	0.04521	0.02785	0.00224	0.03200	0.00865	0.00485	0.00676
1	0.14459	0.01599	0.08515	0.14583	0.07218	0.18341	0.04549	0.01882	0.11900	0.01763	0.01134	0.01360	0.00896	0.00803	0.05251	0.00216	0.04061	0.00457	0.00321	0.00691
2	0.17159	0.01066	0.03586	0.05986	0.01303	0.07762	0.04120	0.05452	0.01164	0.01827	0.03443	0.03933	0.04251	0.15383	0.02260	0.00248	0.04967	0.00577	0.14952	0.00562
3	0.01365	0.01295	0.08335	0.01135	0.04957	0.01092	0.00934	0.18017	0.10442	0.02215	0.01442	0.03508	0.03849	0.00593	0.00494	0.00133	0.00500	0.00480	0.00407	0.38806
4	0.21476	0.05688	0.01486	0.01328	0.06984	0.37314	0.00974	0.08186	0.01466	0.08838	0.01007	0.01106	0.00778	0.00566	0.00469	0.00154	0.00739	0.00381	0.00355	0.00705
5	0.03440	0.00720	0.00889	0.07957	0.01155	0.00710	0.00600	0.04503	0.01117	0.10445	0.04973	0.11233	0.05181	0.35963	0.01558	0.00332	0.00492	0.00786	0.00416	0.07529
6	0.01270	0.01202	0.01982	0.26785	0.47927	0.01295	0.01580	0.01716	0.07511	0.01729	0.01126	0.01462	0.00903	0.00534	0.00551	0.00173	0.00664	0.00504	0.00290	0.00796

[dist]
# distance from previous block
# <min> <max>
0	4

[block]
# block no. 1 follows, 43 sequences, length 43
# corresponding to MSA columns:
# 211-253
name=unknown_B
#
# <colnr> <probs for GDERKNQSTAVLIFYWHMCP>
#	G	D	E	R	K	N	Q	S	T	A	V	L	I	F	Y	W	H	M	C	P
0	0.01800	0.03812	0.01517	0.01238	0.05145	0.01446	0.00962	0.47493	0.08803	0.06931	0.08766	0.01847	0.04279	0.00731	0.00558	0.00167	0.00535	0.00580	0.02532	0.00858
1	0.00775	0.00584	0.00773	0.00918	0.04514	0.00577	0.00594	0.00992	0.06783	0.01475	0.02754	0.62675	0.03190	0.06764	0.03618	0.00263	0.00402	0.01365	0.00487	0.00497
2	0.12992	0.01243	0.01360	0.01066	0.01468	0.01317	0.00877	0.40151	0.01998	0.23383	0.01525	0.01480	0.01050	0.00649	0.00514	0.00165	0.00521	0.00490	0.06884	0.00865
3	0.03940	0.01086	0.04956	0.01029	0.01458	0.00939	0.00880	0.08133	0.06199	0.59315	0.04723	0.01880	0.01448	0.00693	0.00555	0.00172	0.00488	0.00560	0.00636	0.00910
4	0.01211	0.00714	0.00956	0.00969	0.01170	0.00688	0.00824	0.01508	0.04678	0.16939	0.06210	0.05022	0.08407	0.01298	0.00701	0.00226	0.00471	0.46843	0.00552	0.00611
5	0.01016	0.00736	0.04445	0.00723	0.00961	0.00581	0.00596	0.01232	0.01410	0.14101	0.28026	0.04181	0.37574	0.01156	0.00632	0.00180	0.00331	0.00978	0.00560	0.00580
6	0.01210	0.01173	0.01600	0.05124	0.01547	0.01589	0.01159	0.01549	0.11426	0.01473	0.00984	0.01383	0.00889	0.01047	0.04652	0.00258	0.61498	0.00509	0.00290	0.00640
7	0.00993	0.02751	0.00832	0.00739	0.00910	0.00634	0.00558	0.01233	0.04583	0.10371	0.27646	0.08565	0.20020	0.10454	0.04417	0.00256	0.00406	0.03552	0.00530	0.00551
8	0.05121	0.00672	0.00823	0.00821	0.00966	0.00655	0.00590	0.04611	0.04471	0.14243	0.02540	0.47695	0.02721	0.07792	0.00813	0.00232	0.00385	0.01158	0.03116	0.00573
9	0.01054	0.00755	0.04507	0.00770	0.00988	0.00625	0.00627	0.03294	0.01499	0.12634	0.45954	0.03776	0.15929	0.04258	0.00718	0.00190	0.00341	0.00916	0.00574	0.00591
10	0.03504	0.01044	0.01693	0.49904	0.06837	0.01190	0.06979	0.04767	0.02890	0.10252	0.01265	0.05066	0.00983	0.00620	0.00563	0.00183	0.00680	0.00559	0.00335	0.00688
11	0.10771	0.01366	0.01296	0.01057	0.01413	0.12708	0.00850	0.28848	0.01822	0.19325	0.01464	0.01473	0.01041	0.00636	0.00498	0.00159	0.00563	0.00472	0.13443	0.00795
12	0.22740	0.01116	0.01641	0.33982	0.21439	0.01281	0.03616	0.01550	0.01098	0.01799	0.00937	0.01289	0.00740	0.00544	0.00556	0.00179	0.04085	0.00447	0.00279	0.00681
13	0.01098	0.01061	0.01680	0.73332	0.06473	0.04243	0.01526	0.01457	0.01131	0.01427	0.00982	0.01454	0.00743	0.00552	0.00551	0.00182	0.00745	0.00487	0.00249	0.00626
14	0.01162	0.00701	0.00865	0.00815	0.01007	0.00664	0.00611	0.04729	0.06978	0.16542	0.17163	0.29267	0.14794	0.01242	0.00642	0.00193	0.00354	0.01084	0.00571	0.00617
15	0.02076	0.01353	0.01517	0.01166	0.01604	0.01420	0.00959	0.49718	0.05576	0.19655	0.01532	0.01471	0.01060	0.00652	0.00543	0.00161	0.00554	0.00503	0.00565	0.07917
16	0.01350	0.51352	0.27886	0.01219	0.01812	0.01855	0.04552	0.01695	0.01148	0.01474	0.00860	0.01009	0.00713	0.00491	0.00425	0.00140	0.00683	0.00350	0.00238	0.00748
17	0.02281	0.00883	0.01177	0.00919	0.01306	0.00772	0.00754	0.02501	0.01526	0.66878	0.02132	0.01910	0.01378	0.00680	0.00533	0.00165	0.00441	0.00551	0.12330	0.00883
18	0.01307	0.01494	0.03268	0.02334	0.02894	0.01401	0.75070	0.01774	0.01307	0.01774	0.01120	0.01494	0.00840	0.00467	0.00654	0.00187	0.00934	0.00654	0.00280	0.00747
19	0.15396	0.01242	0.01374	0.01075	0.01490	0.01304	0.00886	0.35894	0.03325	0.28797	0.02772	0.01511	0.01118	0.00657	0.00523	0.00169	0.00524	0.00497	0.00567	0.00879
20	0.00730	0.00496	0.00627	0.00720	0.00758	0.00471	0.00474	0.00829	0.01039	0.01434	0.04260	0.59301	0.03229	0.14283	0.01016	0.00265	0.00349	0.01344	0.07935	0.00439
21	0.00683	0.00539	0.00617	0.00653	0.00783	0.00473	0.00472	0.00829	0.01244	0.01576	0.14872	0.28129	0.42972	0.01468	0.00672	0.00198	0.00294	0.02526	0.00528	0.00471
22	0.00675	0.00482	0.00643	0.00771	0.00803	0.00450	0.00514	0.00771	0.01060	0.01414	0.03053	0.80175	0.03663	0.01735	0.00707	0.00225	0.00321	0.01574	0.00514	0.00450
23	0.01046	0.00984	0.01661	0.79205	0.03814	0.01230	0.01538	0.01415	0.01107	0.01415	0.00984	0.01477	0.00738	0.00554	0.00554	0.00185	0.00738	0.00492	0.00246	0.00615
24	0.00848	0.00613	0.00837	0.00955	0.01076	0.00602	0.00811	0.01076	0.01248	0.01616	0.03151	0.15009	0.08876	0.01545	0.00750	0.00246	0.00470	0.59260	0.00511	0.00500
25	0.00875	0.00670	0.00769	0.00709	0.00894	0.00631	0.00541	0.09119	0.01547	0.02052	0.38289	0.06589	0.32841	0.01205	0.00644	0.00180	0.00309	0.01029	0.00563	0.00545
26	0.01046	0.00984	0.01661	0.79205	0.03814	0.01230	0.01538	0.01415	0.01107	0.01415	0.00984	0.01477	0.00738	0.00554	0.00554	0.00185	0.00738	0.00492	0.00246	0.00615
27	0.01179	0.01120	0.01901	0.48220	0.33762	0.01265	0.01604	0.01531	0.01170	0.01576	0.01008	0.01433	0.00795	0.00529	0.00551	0.00176	0.00705	0.00493	0.00258	0.00722
28	0.01724	0.01355	0.01691	0.26701	0.06160	0.01539	0.01243	0.47580	0.02051	0.02732	0.01203	0.01379	0.00872	0.00620	0.00554	0.00172	0.00654	0.00496	0.00440	0.00833
29	0.80707	0.01093	0.00853	0.00753	0.01100	0.01264	0.00620	0.04972	0.01018	0.02531	0.00797	0.00919	0.00615	0.00521	0.00352	0.00171	0.00437	0.00309	0.00352	0.00615
30	0.01354	0.00739	0.00956	0.00820	0.01056	0.00687	0.00642	0.04934	0.03944	0.24039	0.49482	0.03294	0.03807	0.00970	0.00618	0.00173	0.00343	0.00839	0.00628	0.00674
31	0.02008	0.01479	0.01586	0.01233	0.01651	0.01637	0.01012	0.68098	0.05734	0.03348	0.01423	0.03138	0.01050	0.00692	0.00553	0.00167	0.00585	0.00529	0.03163	0.00915
32	0.01046	0.00984	0.01661	0.79205	0.03814	0.01230	0.01538	0.01415	0.01107	0.01415	0.00984	0.01477	0.00738	0.00554	0.00554	0.00185	0.00738	0.00492	0.00246	0.00615
33	0.04530	0.00862	0.03198	0.07457	0.01325	0.00809	0.00746	0.08922	0.03512	0.11932	0.21743	0.12749	0.14356	0.01011	0.00600	0.00179	0.00410	0.00863	0.00521	0.04275
34	0.01139	0.07077	0.66584	0.01597	0.03751	0.01325	0.05245	0.01732	0.01178	0.01728	0.01041	0.01311	0.00780	0.00547	0.00529	0.00175	0.00800	0.02415	0.00244	0.00802
35	0.00699	0.00576	0.00616	0.00604	0.00781	0.00500	0.00454	0.00898	0.02975	0.01676	0.21440	0.04992	0.59200	0.01328	0.00652	0.00184	0.00280	0.01120	0.00537	0.00489
36	0.00763	0.00565	0.00712	0.00675	0.00815	0.00514	0.00507	0.01006	0.01520	0.02107	0.65570	0.04325	0.16516	0.01175	0.00653	0.00176	0.00264	0.01028	0.00595	0.00514
37	0.01548	0.36701	0.23618	0.01238	0.01793	0.06077	0.03050	0.13142	0.01417	0.05242	0.00997	0.01102	0.00777	0.00533	0.00459	0.00147	0.00684	0.00383	0.00309	0.00784
38	0.02094	0.01329	0.01484	0.01152	0.01566	0.01417	0.00947	0.51019	0.04918	0.20301	0.01591	0.01533	0.01099	0.00671	0.00544	0.00166	0.00548	0.00518	0.06194	0.00911
39	0.00682	0.00486	0.00646	0.00765	0.00800	0.00454	0.00511	0.00783	0.01076	0.01439	0.05986	0.75603	0.03693	0.03276	0.00747	0.00229	0.00323	0.01536	0.00514	0.00450
40	0.00953	0.01838	0.00821	0.03185	0.00986	0.00586	0.00588	0.01160	0.01388	0.09997	0.36989	0.16533	0.15491	0.02842	0.00694	0.00195	0.00334	0.04312	0.00560	0.00549
41	0.12526	0.01343	0.02720	0.01107	0.01466	0.06325	0.00900	0.37474	0.05295	0.10894	0.01610	0.12962	0.01360	0.00801	0.00546	0.00176	0.00550	0.00633	0.00512	0.00801
42	0.04944	0.01252	0.01353	0.01145	0.01482	0.01419	0.00917	0.24615	0.40561	0.05943	0.04506	0.01905	0.01521	0.00749	0.00607	0.00183	0.03574	0.01920	0.00545	0.00858

[dist]
# distance from previous block
# <min> <max>
2	8

[block]
# block no. 2 follows, 43 sequences, length 68
# corresponding to MSA columns:
# 262-329
name=unknown_C
#
# <colnr> <probs for GDERKNQSTAVLIFYWHMCP>
#	G	D	E	R	K	N	Q	S	T	A	V	L	I	F	Y	W	H	M	C	P
0	0.04844	0.01355	0.01503	0.01161	0.01580	0.01432	0.02634	0.52757	0.02168	0.02999	0.04072	0.05167	0.01193	0.00682	0.00536	0.00157	0.00552	0.00537	0.00504	0.14167
1	0.03811	0.06757	0.01767	0.01408	0.01743	0.48461	0.11031	0.07215	0.01533	0.01624	0.01242	0.01383	0.05392	0.00610	0.00517	0.00152	0.00854	0.00457	0.03379	0.00666
2	0.11671	0.08385	0.01300	0.01000	0.04583	0.07127	0.00759	0.07099	0.01267	0.01905	0.03140	0.09491	0.01224	0.00699	0.01929	0.00145	0.00504	0.00502	0.02851	0.34417
3	0.06617	0.00918	0.01250	0.03408	0.01381	0.00956	0.08581	0.16583	0.01434	0.06096	0.05982	0.21006	0.06114	0.03028	0.13725	0.00314	0.00668	0.00851	0.00453	0.00635
4	0.00909	0.00606	0.00782	0.00719	0.00876	0.00558	0.00545	0.02341	0.01572	0.07039	0.67676	0.03999	0.08032	0.01108	0.00645	0.00174	0.00281	0.00972	0.00609	0.00554
5	0.00805	0.00539	0.00612	0.00612	0.00615	0.00541	0.00346	0.00811	0.00808	0.01080	0.01738	0.03583	0.01996	0.78374	0.04957	0.00547	0.00564	0.00799	0.00334	0.00340
6	0.01499	0.78496	0.02865	0.00957	0.01430	0.02177	0.00951	0.03860	0.01170	0.01368	0.00787	0.00902	0.00718	0.00480	0.00361	0.00120	0.00593	0.00302	0.00246	0.00718
7	0.00678	0.00484	0.00645	0.00769	0.00804	0.00452	0.00514	0.00779	0.01074	0.01436	0.05068	0.78097	0.03706	0.01719	0.00705	0.00224	0.00320	0.01559	0.00517	0.00452
8	0.00682	0.00486	0.00643	0.00763	0.00796	0.00455	0.00507	0.00779	0.01062	0.01419	0.04713	0.75379	0.03634	0.04840	0.00789	0.00236	0.00328	0.01531	0.00509	0.00447
9	0.00687	0.00562	0.00606	0.00595	0.00768	0.00481	0.00446	0.00857	0.01338	0.01676	0.23288	0.05034	0.59067	0.01335	0.00654	0.00184	0.00276	0.01127	0.00538	0.00481
10	0.01072	0.01011	0.01708	0.73098	0.09717	0.01237	0.01551	0.01438	0.01120	0.01447	0.00989	0.01468	0.00749	0.00549	0.00553	0.00183	0.00732	0.00492	0.00248	0.00636
11	0.01444	0.01222	0.01289	0.01140	0.01465	0.01408	0.00893	0.09501	0.69415	0.02423	0.02170	0.01999	0.01623	0.00744	0.00563	0.00186	0.00454	0.00615	0.00563	0.00883
12	0.00792	0.00591	0.00876	0.00876	0.00969	0.00684	0.00674	0.00980	0.00886	0.01275	0.01497	0.02249	0.01417	0.08042	0.74497	0.00872	0.01435	0.00604	0.00299	0.00486
13	0.00864	0.00651	0.00810	0.00755	0.00911	0.00639	0.00571	0.01303	0.11683	0.02234	0.66671	0.03856	0.04746	0.01081	0.00641	0.00176	0.00285	0.00951	0.00603	0.00571
14	0.01307	0.01494	0.03268	0.02334	0.02894	0.01401	0.75070	0.01774	0.01307	0.01774	0.01120	0.01494	0.00840	0.00467	0.00654	0.00187	0.00934	0.00654	0.00280	0.00747
15	0.02433	0.01025	0.01336	0.01025	0.01455	0.00937	0.00846	0.12546	0.01723	0.67423	0.02069	0.01810	0.01313	0.00683	0.00557	0.00171	0.00490	0.00549	0.00668	0.00942
16	0.01078	0.01018	0.01720	0.71599	0.11166	0.01239	0.01554	0.01444	0.01123	0.01455	0.00990	0.01466	0.00752	0.00548	0.00553	0.00183	0.00730	0.00492	0.00249	0.00642
17	0.01347	0.01292	0.02206	0.08860	0.71804	0.01310	0.01688	0.01679	0.01250	0.01781	0.01038	0.01378	0.00867	0.00498	0.00549	0.00166	0.00664	0.00493	0.00272	0.00858
18	0.00754	0.00573	0.00713	0.00750	0.00871	0.00501	0.00520	0.00875	0.01086	0.01472	0.02947	0.56396	0.11065	0.04606	0.00737	0.00210	0.00340	0.01301	0.00477	0.13807
19	0.01083	0.01044	0.01658	0.76381	0.03738	0.04029	0.01521	0.01444	0.01124	0.01413	0.00980	0.01459	0.00737	0.00554	0.00552	0.00183	0.00748	0.00487	0.00248	0.00616
20	0.01111	0.02865	0.77667	0.01579	0.02397	0.01286	0.02046	0.01754	0.01169	0.01754	0.00994	0.01169	0.00702	0.00526	0.00526	0.00175	0.00818	0.00409	0.00234	0.00818
21	0.33739	0.01011	0.01118	0.00897	0.01293	0.01007	0.00740	0.04650	0.01373	0.46457	0.01618	0.01491	0.01063	0.00619	0.00475	0.00171	0.00459	0.00457	0.00550	0.00812
22	0.01412	0.00952	0.01123	0.00953	0.01181	0.01019	0.00738	0.19141	0.09251	0.11777	0.20390	0.02604	0.02333	0.15065	0.02831	0.00258	0.05896	0.00700	0.01689	0.00684
23	0.01133	0.07444	0.73277	0.01541	0.02340	0.01339	0.01982	0.01748	0.01167	0.01727	0.00981	0.01153	0.00702	0.00523	0.00516	0.00172	0.00805	0.00403	0.00234	0.00812
24	0.02147	0.00886	0.01189	0.00940	0.01312	0.00783	0.00765	0.02419	0.04287	0.61571	0.15241	0.02286	0.02057	0.00766	0.00574	0.00172	0.00433	0.00637	0.00668	0.00867
25	0.00805	0.00537	0.00604	0.00604	0.00604	0.00537	0.00336	0.00805	0.00805	0.01074	0.01745	0.03624	0.02013	0.80536	0.02819	0.00537	0.00537	0.00805	0.00336	0.00336
26	0.04224	0.01091	0.01765	0.50088	0.16652	0.01264	0.04880	0.02901	0.07120	0.01655	0.01135	0.01566	0.00886	0.00572	0.00554	0.00182	0.00691	0.01790	0.00292	0.00693
27	0.00714	0.00535	0.00668	0.00748	0.00836	0.00497	0.00534	0.00881	0.02926	0.01540	0.09718	0.49705	0.19667	0.01573	0.00692	0.00214	0.00325	0.07230	0.00523	0.00475
28	0.00683	0.00494	0.00643	0.00749	0.00798	0.00457	0.00505	0.00791	0.01102	0.01465	0.07975	0.68857	0.08624	0.03108	0.00738	0.00225	0.00319	0.01496	0.00517	0.00454
29	0.01130	0.04273	0.05081	0.36715	0.08870	0.01211	0.09284	0.05307	0.03642	0.01635	0.01460	0.12230	0.03344	0.00742	0.00610	0.00186	0.02627	0.00669	0.00321	0.00663
30	0.05832	0.16590	0.05704	0.11083	0.05149	0.05805	0.01101	0.28186	0.01698	0.05969	0.01261	0.06920	0.01044	0.00665	0.00512	0.00163	0.00620	0.00517	0.00404	0.00778
31	0.01237	0.01213	0.01892	0.37356	0.32359	0.04693	0.01545	0.01553	0.01160	0.01559	0.00973	0.01385	0.00791	0.00576	0.00688	0.00181	0.09376	0.00486	0.00258	0.00719
32	0.54005	0.01274	0.01127	0.16137	0.03592	0.11341	0.00879	0.02908	0.01093	0.02129	0.00840	0.01044	0.00654	0.00531	0.00413	0.00170	0.00572	0.00353	0.00318	0.00621
33	0.00758	0.00562	0.00718	0.00716	0.00800	0.00536	0.02312	0.00878	0.01098	0.01464	0.16332	0.20920	0.15595	0.27280	0.07248	0.00360	0.00477	0.01055	0.00451	0.00440
34	0.02908	0.03994	0.01006	0.03143	0.01128	0.00888	0.00647	0.11662	0.06909	0.03455	0.02938	0.09876	0.01547	0.05584	0.03139	0.00194	0.00440	0.00618	0.27086	0.12838
35	0.00822	0.00589	0.00742	0.00694	0.00847	0.00530	0.00518	0.01053	0.01471	0.03967	0.57522	0.07577	0.13760	0.02994	0.00693	0.00182	0.00285	0.01003	0.00577	0.04173
36	0.01819	0.01375	0.01501	0.01144	0.01587	0.01431	0.00936	0.54232	0.02188	0.03000	0.01293	0.03643	0.00992	0.00632	0.00522	0.00147	0.00550	0.00487	0.00495	0.22026
37	0.00915	0.00613	0.00676	0.00631	0.00846	0.00520	0.00484	0.01077	0.01335	0.11877	0.11796	0.04751	0.59917	0.01280	0.00641	0.00184	0.00305	0.01070	0.00546	0.00537
38	0.04462	0.09437	0.01658	0.01319	0.01625	0.53673	0.01032	0.05957	0.01519	0.07836	0.00973	0.01091	0.00777	0.00600	0.00574	0.00151	0.05921	0.00382	0.00327	0.00685
39	0.06525	0.00926	0.01229	0.00955	0.01361	0.00818	0.00786	0.02545	0.01552	0.69143	0.06608	0.01971	0.01564	0.00704	0.00552	0.00172	0.00456	0.00571	0.00664	0.00900
40	0.03167	0.00698	0.00710	0.00645	0.00830	0.00729	0.00501	0.13357	0.01392	0.02307	0.01705	0.01918	0.01322	0.00645	0.00413	0.00136	0.00319	0.00508	0.68110	0.00588
41	0.02069	0.02640	0.01569	0.01427	0.01712	0.78313	0.01070	0.02212	0.01569	0.01355	0.00856	0.00999	0.00713	0.00571	0.00499	0.00143	0.00999	0.00357	0.00285	0.00642
42	0.15275	0.01188	0.01319	0.01096	0.03556	0.01254	0.00866	0.31941	0.04257	0.23472	0.01573	0.03407	0.01128	0.00669	0.00513	0.00168	0.00506	0.00514	0.06457	0.00841
43	0.00678	0.00485	0.00646	0.00769	0.00804	0.00452	0.00514	0.00780	0.01077	0.01440	0.05440	0.77713	0.03714	0.01716	0.00705	0.00223	0.00319	0.01556	0.00517	0.00452
44	0.00672	0.00492	0.00632	0.00744	0.00796	0.00452	0.00502	0.00774	0.01086	0.01424	0.03380	0.70599	0.13028	0.01693	0.00700	0.00220	0.00316	0.01523	0.00514	0.00452
45	0.63009	0.01037	0.00937	0.00796	0.01161	0.01130	0.00656	0.01908	0.01111	0.22098	0.01141	0.01157	0.00802	0.00559	0.00399	0.00171	0.00440	0.00367	0.00432	0.00689
46	0.63923	0.01094	0.00966	0.00819	0.01184	0.01218	0.00675	0.08511	0.01196	0.14484	0.01047	0.01095	0.00753	0.00555	0.00396	0.00171	0.00452	0.00359	0.00416	0.00685
47	0.00677	0.00486	0.00643	0.00764	0.00802	0.00452	0.00512	0.00778	0.01077	0.01434	0.04818	0.76513	0.05565	0.01713	0.00704	0.00223	0.00319	0.01551	0.00516	0.00452
48	0.04330	0.00732	0.00886	0.00786	0.00977	0.00723	0.00607	0.11193	0.01684	0.04841	0.61120	0.03555	0.04336	0.01030	0.00624	0.00173	0.00322	0.00891	0.00594	0.00596
49	0.01234	0.01176	0.02001	0.35288	0.46261	0.01280	0.01632	0.01580	0.01196	0.01643	0.01018	0.01415	0.00819	0.00519	0.00551	0.00173	0.00692	0.00493	0.00262	0.00767
50	0.01131	0.00689	0.00837	0.00759	0.00978	0.00629	0.00594	0.03736	0.03585	0.16401	0.28293	0.05512	0.28020	0.01146	0.00637	0.00184	0.00340	0.05341	0.00581	0.00606
51	0.67077	0.08158	0.07060	0.00826	0.01221	0.01310	0.00753	0.01687	0.01004	0.05609	0.00851	0.00963	0.00651	0.00519	0.00368	0.00167	0.00475	0.00319	0.00340	0.00642
52	0.00962	0.00481	0.00722	0.00722	0.00722	0.00481	0.00481	0.00722	0.00722	0.00962	0.00962	0.01684	0.00962	0.01924	0.02165	0.83886	0.00481	0.00481	0.00241	0.00241
53	0.00834	0.00615	0.00773	0.00705	0.00876	0.00547	0.00527	0.01072	0.01435	0.02058	0.55408	0.08111	0.05897	0.03628	0.00684	0.00175	0.00294	0.00923	0.03605	0.11832
54	0.01422	0.59356	0.09495	0.01088	0.01516	0.02003	0.01088	0.01634	0.01093	0.02787	0.00810	0.00985	0.00725	0.00563	0.00611	0.00145	0.13384	0.00342	0.00246	0.00708
55	0.00706	0.00504	0.00679	0.00807	0.00853	0.00477	0.00568	0.00825	0.01091	0.01449	0.03035	0.69560	0.03595	0.01706	0.00715	0.00229	0.00348	0.11881	0.00514	0.00458
56	0.02285	0.00946	0.01252	0.00983	0.01385	0.00853	0.00804	0.02633	0.08816	0.66085	0.06242	0.02025	0.01611	0.00716	0.00563	0.00173	0.00457	0.00588	0.00670	0.00913
57	0.01149	0.00663	0.02924	0.07619	0.01131	0.00634	0.00660	0.01099	0.03304	0.09421	0.01160	0.01735	0.01030	0.03552	0.01770	0.60446	0.00511	0.00501	0.00302	0.00388
58	0.09217	0.12325	0.45782	0.03295	0.04101	0.05192	0.09234	0.01745	0.01177	0.01743	0.00952	0.01145	0.00713	0.00514	0.00500	0.00167	0.00767	0.00411	0.00253	0.00765
59	0.00976	0.00614	0.00762	0.00700	0.00884	0.00545	0.00534	0.01193	0.01473	0.12214	0.45102	0.06143	0.24424	0.01162	0.00642	0.00179	0.00297	0.01002	0.00591	0.00563
60	0.00792	0.00589	0.00869	0.00869	0.00961	0.00681	0.00667	0.00976	0.00884	0.01270	0.01502	0.02280	0.01430	0.09651	0.72906	0.00865	0.01415	0.00609	0.00299	0.00483
61	0.20177	0.05966	0.09473	0.18127	0.08597	0.09551	0.08945	0.01670	0.01148	0.03503	0.00942	0.01220	0.00740	0.00580	0.00605	0.01730	0.05632	0.00432	0.00286	0.00677
62	0.04176	0.15397	0.52001	0.01333	0.01970	0.01321	0.01603	0.01600	0.01139	0.01660	0.01228	0.11838	0.01101	0.00681	0.00516	0.00173	0.00699	0.00545	0.00276	0.00743
63	0.00808	0.00581	0.00723	0.00713	0.00850	0.00535	0.00545	0.01019	0.01393	0.03414	0.42311	0.04621	0.20309	0.08015	0.00853	0.00220	0.00330	0.11708	0.00552	0.00501
64	0.00982	0.00706	0.00882	0.04603	0.01091	0.00702	0.00637	0.07909	0.04702	0.04829	0.41726	0.13151	0.09974	0.03519	0.00706	0.00194	0.00353	0.02200	0.00558	0.00576
65	0.12543	0.01396	0.12039	0.36394	0.02690	0.01352	0.03363	0.17049	0.04381	0.02087	0.01083	0.01349	0.00798	0.00573	0.00525	0.00178	0.00674	0.00466	0.00336	0.00724
66	0.07531	0.01434	0.01505	0.04361	0.04113	0.07011	0.01035	0.47651	0.03424	0.04277	0.01468	0.01926	0.01196	0.00749	0.00562	0.00177	0.00614	0.09645	0.00496	0.00826
67	0.58725	0.11324	0.01255	0.04043	0.04619	0.05814	0.00776	0.04799	0.01093	0.02241	0.00820	0.00966	0.00653	0.00519	0.00380	0.00163	0.00512	0.00327	0.00328	0.00644

[dist]
# distance from previous block
# <min> <max>
0	3

[block]
# block no. 3 follows, 43 sequences, length 32
# corresponding to MSA columns:
# 333-364
name=unknown_D
#
# <colnr> <probs for GDERKNQSTAVLIFYWHMCP>
#	G	D	E	R	K	N	Q	S	T	A	V	L	I	F	Y	W	H	M	C	P
0	0.00790	0.00598	0.00753	0.00736	0.00889	0.00527	0.00541	0.00985	0.01309	0.01819	0.33686	0.28325	0.10703	0.01265	0.00641	0.00182	0.00311	0.03470	0.00528	0.11941
1	0.02050	0.05207	0.01613	0.01411	0.01703	0.75814	0.01066	0.02193	0.01555	0.01354	0.00853	0.00995	0.00713	0.00568	0.00495	0.00142	0.00985	0.00355	0.00284	0.00644
2	0.01044	0.00694	0.00861	0.00786	0.00978	0.00666	0.00610	0.03985	0.07739	0.09700	0.49783	0.03866	0.11094	0.01086	0.00639	0.00180	0.00324	0.04767	0.00597	0.00603
3	0.00792	0.00590	0.00873	0.00873	0.00966	0.00683	0.00671	0.00978	0.00885	0.01273	0.01499	0.02260	0.01421	0.08620	0.73925	0.00869	0.01428	0.00606	0.00299	0.00485
4	0.01378	0.01190	0.01252	0.01127	0.01440	0.01378	0.00877	0.02943	0.76081	0.02317	0.02254	0.02066	0.01691	0.00751	0.00564	0.00188	0.00438	0.00626	0.00564	0.00877
5	0.00702	0.00516	0.00723	0.00824	0.00874	0.00483	0.02473	0.00815	0.01077	0.01435	0.02997	0.74634	0.03567	0.01692	0.00708	0.00225	0.00346	0.04942	0.00508	0.00460
6	0.02069	0.02640	0.01569	0.01427	0.01712	0.78313	0.01070	0.02212	0.01569	0.01355	0.00856	0.00999	0.00713	0.00571	0.00499	0.00143	0.00999	0.00357	0.00285	0.00642
7	0.00655	0.00561	0.00561	0.00561	0.00748	0.00468	0.00421	0.00795	0.01262	0.01496	0.05610	0.05330	0.76857	0.01403	0.00655	0.00187	0.00281	0.01169	0.00514	0.00468
8	0.00871	0.00629	0.00864	0.00983	0.01112	0.00621	0.00851	0.01115	0.01269	0.01641	0.03118	0.07907	0.08233	0.01526	0.00756	0.00250	0.00490	0.66748	0.00510	0.00506
9	0.00778	0.00569	0.00732	0.00702	0.00837	0.00524	0.00533	0.01028	0.01525	0.02126	0.66441	0.04357	0.11583	0.01178	0.00659	0.00180	0.00276	0.04860	0.00596	0.00517
10	0.01950	0.02441	0.01587	0.01431	0.01676	0.67664	0.01090	0.02089	0.01469	0.01352	0.00838	0.01028	0.00715	0.00626	0.00683	0.00157	0.11913	0.00374	0.00279	0.00637
11	0.02365	0.01110	0.01338	0.01042	0.01456	0.05252	0.00853	0.12518	0.01723	0.61161	0.03951	0.01819	0.01377	0.00688	0.00556	0.00169	0.00514	0.00549	0.00643	0.00915
12	0.00710	0.00514	0.00686	0.00777	0.00828	0.00504	0.00539	0.00824	0.01030	0.01379	0.02810	0.55498	0.06602	0.07922	0.13891	0.00359	0.00536	0.03677	0.00464	0.00452
13	0.01032	0.00516	0.00516	0.00516	0.00645	0.00516	0.00387	0.01290	0.01161	0.02065	0.01807	0.02065	0.01420	0.00645	0.00387	0.00129	0.00258	0.00516	0.83611	0.00516
14	0.01371	0.01316	0.02248	0.03399	0.77081	0.01316	0.01700	0.01700	0.01261	0.01809	0.01042	0.01371	0.00877	0.00493	0.00548	0.00164	0.00658	0.00493	0.00274	0.00877
15	0.01512	0.56883	0.12954	0.01069	0.01573	0.04032	0.01094	0.03907	0.05431	0.05618	0.00979	0.01063	0.00807	0.00516	0.00411	0.00135	0.00620	0.00352	0.00290	0.00752
16	0.32219	0.02632	0.03640	0.20338	0.01933	0.01216	0.05964	0.02741	0.01054	0.01875	0.01176	0.12149	0.01101	0.00741	0.00632	0.00190	0.08890	0.00575	0.00326	0.00608
17	0.01370	0.01533	0.08576	0.09302	0.53338	0.07170	0.07250	0.01725	0.01268	0.01735	0.01025	0.01344	0.00836	0.00505	0.00551	0.00167	0.00725	0.00488	0.00270	0.00823
18	0.00786	0.00593	0.00665	0.00676	0.00792	0.00558	0.00483	0.02650	0.02616	0.01461	0.06036	0.09506	0.33608	0.26942	0.01365	0.00310	0.00403	0.09640	0.00461	0.00450
19	0.08166	0.33221	0.30460	0.01419	0.07860	0.01662	0.03825	0.04585	0.01201	0.01710	0.00909	0.01070	0.00725	0.00505	0.00451	0.00152	0.00680	0.00374	0.00261	0.00765
20	0.01481	0.16674	0.06797	0.07734	0.26908	0.07092	0.05499	0.11803	0.01420	0.01882	0.01027	0.01252	0.00828	0.00523	0.00503	0.00153	0.00673	0.00442	0.02101	0.05210
21	0.01266	0.00687	0.00899	0.00784	0.01004	0.00625	0.00609	0.01546	0.03617	0.22998	0.51704	0.03498	0.06486	0.01007	0.00624	0.00174	0.00325	0.00874	0.00626	0.00647
22	0.12351	0.18953	0.01995	0.03265	0.33963	0.07641	0.01229	0.03134	0.01241	0.03547	0.01112	0.03692	0.00993	0.00593	0.00490	0.00160	0.00620	0.03960	0.00309	0.00754
23	0.03654	0.02842	0.04005	0.01048	0.01405	0.01138	0.03081	0.21209	0.14290	0.08536	0.08471	0.06865	0.04175	0.02022	0.00586	0.00171	0.00484	0.01928	0.02898	0.11192
24	0.00791	0.00536	0.00626	0.00632	0.00653	0.00527	0.00378	0.00836	0.00934	0.01264	0.12293	0.10577	0.02608	0.62416	0.02328	0.00458	0.00479	0.00902	0.00390	0.00372
25	0.00691	0.00520	0.00651	0.00734	0.00819	0.00480	0.00521	0.00818	0.01130	0.01463	0.05417	0.49815	0.23118	0.01748	0.04819	0.00251	0.00382	0.05655	0.00505	0.00462
26	0.01608	0.01328	0.03471	0.01289	0.05792	0.04066	0.03207	0.38859	0.10009	0.02616	0.01888	0.10256	0.06072	0.02912	0.00639	0.00187	0.00561	0.02469	0.01974	0.00796
27	0.03181	0.18685	0.55086	0.01485	0.02202	0.01479	0.07141	0.01733	0.01165	0.01680	0.00952	0.01129	0.00711	0.00511	0.00496	0.00164	0.00771	0.00401	0.00240	0.00786
28	0.00864	0.00616	0.00848	0.00951	0.01068	0.00610	0.00805	0.01099	0.01272	0.01677	0.10825	0.10099	0.03378	0.05231	0.00847	0.00258	0.00474	0.58066	0.00513	0.00500
29	0.01196	0.02582	0.63982	0.01738	0.07597	0.01278	0.07356	0.01788	0.01202	0.04683	0.01053	0.01235	0.00750	0.00526	0.00538	0.00175	0.00802	0.00439	0.00258	0.00822
30	0.03726	0.02045	0.35729	0.02109	0.25908	0.05360	0.05977	0.01830	0.03707	0.05376	0.02412	0.01350	0.00905	0.00540	0.00539	0.00171	0.00734	0.00469	0.00294	0.00820
31	0.01265	0.01198	0.02031	0.21955	0.54991	0.01259	0.01617	0.01600	0.01224	0.01704	0.01128	0.01656	0.00966	0.00563	0.00561	0.00174	0.00670	0.04363	0.00280	0.00793

[dist]
# distance from previous block
# <min> <max>
0	1

[block]
# block no. 4 follows, 43 sequences, length 63
# corresponding to MSA columns:
# 366-428
name=unknown_E
#
# <colnr> <probs for GDERKNQSTAVLIFYWHMCP>
#	G	D	E	R	K	N	Q	S	T	A	V	L	I	F	Y	W	H	M	C	P
0	0.66546	0.01073	0.04231	0.03429	0.01167	0.01145	0.00668	0.01580	0.00988	0.02359	0.00929	0.01090	0.00720	0.00534	0.00364	0.00166	0.00433	0.00341	0.11638	0.00599
1	0.00796	0.00656	0.00709	0.00684	0.00832	0.04127	0.00506	0.00994	0.01413	0.01855	0.43056	0.07408	0.29166	0.04463	0.00737	0.00194	0.00316	0.01043	0.00547	0.00499
2	0.00937	0.00625	0.00758	0.00723	0.00777	0.00657	0.00474	0.04097	0.00930	0.04340	0.01671	0.03128	0.01793	0.57857	0.16393	0.00563	0.02771	0.00735	0.00350	0.00422
3	0.01601	0.01034	0.01239	0.00912	0.01382	0.00863	0.00740	0.09631	0.01419	0.21830	0.01336	0.01361	0.00978	0.00510	0.00464	0.00114	0.00447	0.00406	0.00446	0.53285
4	0.01481	0.80869	0.02902	0.00948	0.01421	0.02191	0.00948	0.01658	0.01125	0.01303	0.00770	0.00888	0.00711	0.00474	0.00355	0.00118	0.00592	0.00296	0.00237	0.00711
5	0.00850	0.00724	0.00789	0.00819	0.02907	0.04534	0.00601	0.01118	0.05609	0.01754	0.24255	0.11970	0.31745	0.01271	0.00655	0.00192	0.00359	0.08793	0.00525	0.00529
6	0.00784	0.00566	0.00740	0.00697	0.00827	0.00523	0.00523	0.01045	0.01568	0.02221	0.76789	0.04137	0.05226	0.01132	0.00653	0.00174	0.00261	0.01002	0.00610	0.00523
7	0.01378	0.01190	0.01252	0.01127	0.01440	0.01378	0.00877	0.02943	0.76081	0.02317	0.02254	0.02066	0.01691	0.00751	0.00564	0.00188	0.00438	0.00626	0.00564	0.00877
8	0.00877	0.00719	0.01054	0.01005	0.01083	0.00896	0.00798	0.01059	0.00882	0.01295	0.01330	0.01980	0.01251	0.03507	0.62799	0.00759	0.17333	0.00571	0.00286	0.00517
9	0.02069	0.02640	0.01569	0.01427	0.01712	0.78313	0.01070	0.02212	0.01569	0.01355	0.00856	0.00999	0.00713	0.00571	0.00499	0.00143	0.00999	0.00357	0.00285	0.00642
10	0.01297	0.01105	0.01183	0.01069	0.01357	0.01261	0.00829	0.02685	0.65966	0.02304	0.12372	0.02347	0.02170	0.00803	0.00576	0.00186	0.00414	0.00677	0.00570	0.00829
11	0.00719	0.00530	0.00741	0.00838	0.00900	0.00499	0.02514	0.00846	0.01099	0.01456	0.03053	0.66757	0.05438	0.01667	0.00712	0.00227	0.00360	0.10670	0.00507	0.00466
12	0.00672	0.00562	0.00585	0.00579	0.00758	0.00475	0.00434	0.00828	0.01303	0.01591	0.14969	0.05173	0.67439	0.01367	0.00654	0.00185	0.00278	0.01147	0.00527	0.00475
13	0.01819	0.27944	0.02000	0.03449	0.01665	0.41175	0.01033	0.08279	0.04973	0.01567	0.00937	0.01054	0.00778	0.00555	0.00462	0.00140	0.00799	0.00365	0.00304	0.00700
14	0.09927	0.00936	0.01216	0.00953	0.01357	0.00838	0.00782	0.02522	0.01505	0.67486	0.02091	0.04990	0.01394	0.00713	0.00543	0.00174	0.00461	0.00575	0.00647	0.00891
15	0.00885	0.00725	0.01112	0.15998	0.01570	0.00887	0.00900	0.01097	0.00923	0.01307	0.01300	0.01935	0.01185	0.03094	0.53946	0.02899	0.08872	0.00560	0.00280	0.00522
16	0.01193	0.00704	0.00733	0.00664	0.00831	0.00734	0.00499	0.14451	0.01371	0.02185	0.01713	0.02145	0.01415	0.11494	0.00747	0.00191	0.00359	0.00552	0.57450	0.00568
17	0.01164	0.01073	0.01680	0.56031	0.03150	0.01343	0.02837	0.07701	0.01193	0.01585	0.01009	0.02832	0.00808	0.00656	0.00780	0.00194	0.14533	0.00514	0.00277	0.00641
18	0.03681	0.01920	0.35461	0.04644	0.07298	0.03214	0.09021	0.04102	0.01343	0.16113	0.06737	0.01572	0.01189	0.00598	0.00552	0.00174	0.00698	0.00513	0.00368	0.00802
19	0.84448	0.01071	0.00814	0.00728	0.01071	0.01242	0.00600	0.01628	0.00943	0.02485	0.00771	0.00900	0.00600	0.00514	0.00343	0.00171	0.00428	0.00300	0.00343	0.00600
20	0.00979	0.11711	0.03182	0.03028	0.01155	0.06455	0.00769	0.01120	0.01093	0.01399	0.02186	0.43933	0.02508	0.04240	0.00829	0.00217	0.08403	0.05852	0.00411	0.00529
21	0.00790	0.00548	0.00716	0.00769	0.00865	0.00509	0.00564	0.00961	0.01267	0.03967	0.25363	0.38857	0.09488	0.02603	0.00720	0.00213	0.00332	0.10428	0.00545	0.00494
22	0.02649	0.12473	0.58879	0.01582	0.07153	0.01392	0.01809	0.03087	0.01190	0.01739	0.01014	0.02800	0.00779	0.00545	0.00507	0.00168	0.00758	0.00425	0.00251	0.00800
23	0.01321	0.05662	0.61729	0.01535	0.04787	0.01259	0.01823	0.01877	0.01227	0.12016	0.01148	0.01262	0.00799	0.00545	0.00524	0.00172	0.00757	0.00428	0.00297	0.00833
24	0.05543	0.00963	0.01278	0.00983	0.01409	0.00854	0.00812	0.04584	0.01588	0.72695	0.02109	0.01833	0.01331	0.00679	0.00549	0.00171	0.00473	0.00546	0.00669	0.00930
25	0.00790	0.02019	0.00718	0.00728	0.00774	0.00572	0.00494	0.00870	0.00947	0.01260	0.02253	0.22684	0.04403	0.40450	0.10266	0.00451	0.00579	0.08935	0.00397	0.00411
26	0.11515	0.10129	0.34081	0.03107	0.05997	0.01300	0.09543	0.01828	0.01224	0.12086	0.03420	0.01347	0.00944	0.00552	0.00510	0.00169	0.00686	0.00455	0.00328	0.00780
27	0.00735	0.00538	0.00695	0.00766	0.00843	0.00510	0.00539	0.00935	0.04011	0.01662	0.21596	0.52611	0.06951	0.01527	0.00688	0.00210	0.00315	0.03841	0.00540	0.00487
28	0.00862	0.00661	0.00894	0.01047	0.07255	0.00636	0.00750	0.02972	0.01303	0.01723	0.14177	0.21425	0.15122	0.01387	0.00695	0.00216	0.00410	0.27423	0.00508	0.00534
29	0.01750	0.21130	0.01979	0.04475	0.11598	0.42418	0.01141	0.01970	0.03296	0.01429	0.00896	0.01074	0.00761	0.00555	0.00520	0.00146	0.03517	0.00376	0.00276	0.00693
30	0.01850	0.01301	0.01431	0.01147	0.01519	0.01408	0.00927	0.51455	0.07623	0.09403	0.03826	0.09965	0.03952	0.00823	0.00577	0.00175	0.00534	0.00662	0.00562	0.00858
31	0.00884	0.00633	0.00875	0.00996	0.01121	0.00630	0.00864	0.01128	0.01261	0.01637	0.02971	0.06148	0.05138	0.03767	0.00820	0.00261	0.00505	0.69352	0.00505	0.00504
32	0.05805	0.01044	0.01348	0.04198	0.11117	0.01022	0.02793	0.16666	0.01559	0.10257	0.12323	0.07457	0.04880	0.00752	0.00547	0.00158	0.00483	0.00640	0.00463	0.16487
33	0.15283	0.16347	0.05370	0.01032	0.01428	0.06616	0.00904	0.21805	0.01623	0.12095	0.07830	0.01527	0.01278	0.02335	0.00531	0.00165	0.00557	0.00472	0.02043	0.00758
34	0.01365	0.01319	0.02127	0.05149	0.59577	0.03349	0.05249	0.01820	0.08849	0.01832	0.01213	0.01572	0.01012	0.00550	0.00560	0.00170	0.00657	0.02473	0.00310	0.00847
35	0.81365	0.01130	0.00842	0.00754	0.01095	0.04127	0.00617	0.01650	0.00966	0.02443	0.00774	0.00903	0.00604	0.00516	0.00349	0.00170	0.00450	0.00302	0.00341	0.00601
36	0.00706	0.00504	0.00650	0.00754	0.00797	0.00475	0.00511	0.00802	0.01052	0.01390	0.03014	0.60918	0.07484	0.12105	0.00987	0.00266	0.00360	0.06294	0.00490	0.00440
37	0.01346	0.01313	0.06932	0.26437	0.40054	0.01295	0.01578	0.06500	0.02794	0.04822	0.01109	0.01422	0.00863	0.00538	0.00550	0.00172	0.00678	0.00493	0.00303	0.00799
38	0.01194	0.00983	0.01153	0.00826	0.01316	0.00741	0.00662	0.01439	0.01163	0.04400	0.01026	0.01174	0.00839	0.00420	0.00415	0.00085	0.00412	0.00336	0.00340	0.81075
39	0.48596	0.07518	0.03826	0.00840	0.01176	0.06645	0.00718	0.06135	0.02461	0.02253	0.01010	0.01160	0.00797	0.00645	0.02485	0.00179	0.00511	0.00364	0.12051	0.00631
40	0.00729	0.00549	0.00676	0.00702	0.00815	0.00504	0.00504	0.00934	0.03039	0.01768	0.32385	0.31624	0.20930	0.01401	0.00671	0.00196	0.00291	0.01236	0.00553	0.00492
41	0.00835	0.00611	0.00785	0.02860	0.00941	0.00625	0.00575	0.03260	0.04660	0.01636	0.20334	0.25794	0.03140	0.17601	0.11571	0.00361	0.00537	0.02916	0.00468	0.00491
42	0.01350	0.01161	0.01228	0.01107	0.01412	0.01338	0.00860	0.02854	0.72608	0.02312	0.05728	0.02163	0.01855	0.00769	0.00568	0.00187	0.00430	0.00644	0.00566	0.00860
43	0.00792	0.00588	0.00864	0.00864	0.00954	0.00678	0.00660	0.00972	0.00882	0.01267	0.01507	0.02307	0.01441	0.11051	0.71522	0.00858	0.01398	0.00613	0.00300	0.00480
44	0.02069	0.02640	0.01569	0.01427	0.01712	0.78313	0.01070	0.02212	0.01569	0.01355	0.00856	0.00999	0.00713	0.00571	0.00499	0.00143	0.00999	0.00357	0.00285	0.00642
45	0.04154	0.01188	0.01399	0.01093	0.01506	0.01208	0.00894	0.30083	0.08301	0.39669	0.01825	0.01704	0.01231	0.02380	0.00600	0.00179	0.00521	0.00540	0.00610	0.00916
46	0.00705	0.00555	0.00637	0.00634	0.00784	0.00486	0.00469	0.00886	0.01355	0.01757	0.31857	0.12867	0.42363	0.01337	0.00660	0.00186	0.00278	0.01150	0.00550	0.00486
47	0.00691	0.00532	0.00626	0.00682	0.00790	0.00476	0.00486	0.00822	0.01186	0.01512	0.10042	0.35966	0.34520	0.04680	0.00767	0.00219	0.00317	0.04711	0.00515	0.00461
48	0.01832	0.02163	0.01663	0.01790	0.17479	0.52993	0.01169	0.05421	0.01523	0.01572	0.03098	0.01233	0.00916	0.00731	0.03905	0.00182	0.00909	0.00421	0.00305	0.00696
49	0.78656	0.01056	0.00820	0.00731	0.01066	0.01220	0.00600	0.03314	0.00991	0.02489	0.00832	0.00964	0.00646	0.00524	0.00350	0.00169	0.00425	0.00315	0.04228	0.00604
50	0.00694	0.00492	0.00643	0.00749	0.00783	0.00463	0.00495	0.00788	0.01057	0.01416	0.06511	0.68066	0.03558	0.10348	0.00936	0.00257	0.00342	0.01462	0.00499	0.00441
51	0.01021	0.00515	0.00520	0.00524	0.00650	0.00514	0.00391	0.01274	0.01158	0.02044	0.01846	0.04534	0.01490	0.00680	0.00397	0.00132	0.00260	0.00550	0.80984	0.00514
52	0.01282	0.01225	0.02088	0.24098	0.57076	0.01293	0.01656	0.01622	0.01219	0.01702	0.01026	0.01400	0.00839	0.00510	0.00550	0.00170	0.00680	0.00493	0.00266	0.00806
53	0.01549	0.01809	0.04561	0.08020	0.06641	0.34268	0.03357	0.04048	0.06868	0.01615	0.06201	0.01686	0.06124	0.00714	0.00696	0.00171	0.10143	0.00522	0.00338	0.00668
54	0.74965	0.01061	0.00910	0.09652	0.01383	0.01241	0.00706	0.01604	0.00961	0.02363	0.00795	0.00965	0.00616	0.00519	0.00367	0.00173	0.00464	0.00322	0.00332	0.00602
55	0.03501	0.04703	0.07668	0.13810	0.31390	0.07479	0.05063	0.06467	0.01299	0.01768	0.01108	0.03540	0.00952	0.00617	0.00633	0.00176	0.06088	0.02682	0.00298	0.00758
56	0.00801	0.00565	0.00811	0.00823	0.00895	0.00630	0.00608	0.00929	0.00885	0.01256	0.01618	0.09317	0.01633	0.13305	0.54006	0.07876	0.01153	0.00697	0.01743	0.00449
57	0.11716	0.20295	0.23859	0.02458	0.03725	0.02697	0.01230	0.08452	0.03112	0.13250	0.02511	0.02317	0.00961	0.00581	0.00477	0.00160	0.00619	0.00433	0.00365	0.00783
58	0.01243	0.01129	0.01780	0.50009	0.22949	0.03577	0.01507	0.01635	0.04175	0.05098	0.01102	0.01477	0.00842	0.00552	0.00551	0.00177	0.00700	0.00497	0.00288	0.00711
59	0.02469	0.00967	0.01301	0.00997	0.01426	0.00851	0.00824	0.05659	0.01627	0.74446	0.02150	0.01862	0.01353	0.00685	0.00557	0.00171	0.00477	0.00555	0.00680	0.00942
60	0.01269	0.01230	0.01978	0.23185	0.47282	0.04307	0.03495	0.01580	0.01218	0.01648	0.01205	0.01558	0.03936	0.00592	0.00603	0.02679	0.00679	0.00519	0.00276	0.00759
61	0.09276	0.10408	0.48920	0.01500	0.03727	0.04451	0.07625	0.03281	0.01202	0.01808	0.00978	0.01159	0.00727	0.00521	0.00499	0.00168	0.00756	0.00411	0.01815	0.00772
62	0.00785	0.00558	0.00709	0.00729	0.00849	0.00510	0.00541	0.00978	0.01350	0.03788	0.35897	0.25585	0.16847	0.01368	0.00675	0.00197	0.00308	0.07263	0.00560	0.00503

[dist]
# distance from previous block
# <min> <max>
0	1

[block]
# block no. 5 follows, 43 sequences, length 7
# corresponding to MSA columns:
# 430-436
name=unknown_F
#
# <colnr> <probs for GDERKNQSTAVLIFYWHMCP>
#	G	D	E	R	K	N	Q	S	T	A	V	L	I	F	Y	W	H	M	C	P
0	0.00764	0.00555	0.00713	0.00771	0.00802	0.00566	0.00523	0.00850	0.01009	0.01362	0.06440	0.44380	0.03046	0.25407	0.01411	0.00319	0.05205	0.04996	0.00449	0.00432
1	0.05251	0.13906	0.03033	0.09373	0.07795	0.07714	0.00990	0.06795	0.01311	0.05838	0.11892	0.01887	0.03792	0.01203	0.11863	0.00270	0.05507	0.00549	0.00367	0.00663
2	0.01274	0.08071	0.57902	0.01383	0.02079	0.01238	0.01701	0.01807	0.01209	0.09662	0.01170	0.01298	0.00832	0.00549	0.00506	0.00167	0.00719	0.00425	0.07210	0.00799
3	0.00860	0.00619	0.00850	0.00958	0.01083	0.00609	0.00818	0.01101	0.01286	0.01683	0.09199	0.10296	0.06752	0.01503	0.00747	0.00243	0.00468	0.59899	0.00519	0.00506
4	0.01086	0.08810	0.03407	0.00881	0.01063	0.03451	0.00701	0.04976	0.01281	0.06997	0.17106	0.28177	0.07288	0.01238	0.00790	0.06200	0.04547	0.00969	0.00469	0.00562
5	0.09297	0.14410	0.13979	0.11161	0.04319	0.04000	0.18592	0.03966	0.01224	0.06406	0.01031	0.01275	0.00792	0.00574	0.00620	0.01945	0.04922	0.00466	0.00298	0.00722
6	0.01529	0.01281	0.01210	0.01088	0.03189	0.14286	0.00835	0.25630	0.03424	0.04041	0.08095	0.04808	0.08047	0.03182	0.00630	0.00181	0.00552	0.06792	0.10507	0.00693

[dist]
# distance from previous block
# <min> <max>
0	1

[block]
# block no. 6 follows, 43 sequences, length 22
# corresponding to MSA columns:
# 438-459
name=unknown_G
#
# <colnr> <probs for GDERKNQSTAVLIFYWHMCP>
#	G	D	E	R	K	N	Q	S	T	A	V	L	I	F	Y	W	H	M	C	P
0	0.74560	0.04235	0.04607	0.00795	0.01169	0.01297	0.00697	0.04056	0.01015	0.02438	0.00800	0.00926	0.00620	0.00518	0.00359	0.00169	0.00459	0.00312	0.00340	0.00626
1	0.00724	0.00530	0.00689	0.00753	0.00837	0.00484	0.00527	0.00869	0.01189	0.01618	0.19248	0.54963	0.07089	0.01523	0.00681	0.00206	0.00315	0.02953	0.00527	0.04275
2	0.01689	0.01061	0.01184	0.00970	0.01281	0.03741	0.00777	0.25627	0.04743	0.19396	0.21525	0.02296	0.02245	0.00791	0.00560	0.00165	0.00454	0.00646	0.10078	0.00770
3	0.01179	0.00957	0.01128	0.00825	0.01291	0.00727	0.00655	0.01417	0.01162	0.04921	0.01141	0.05243	0.00989	0.00490	0.00432	0.00093	0.00408	0.00402	0.00353	0.76189
4	0.01684	0.56280	0.02472	0.01078	0.01499	0.22508	0.00974	0.01854	0.01265	0.04791	0.00858	0.00963	0.00742	0.00509	0.00403	0.00127	0.00696	0.00324	0.00270	0.00703
5	0.01518	0.01092	0.01185	0.01025	0.01331	0.03742	0.00806	0.09052	0.37742	0.15080	0.15141	0.02446	0.05749	0.00823	0.00579	0.00179	0.00440	0.00684	0.00579	0.00805
6	0.01831	0.01179	0.01383	0.11339	0.01773	0.04570	0.00961	0.16275	0.19173	0.26282	0.01725	0.01692	0.01214	0.00715	0.00616	0.03642	0.00546	0.00533	0.00524	0.04026
7	0.01633	0.01317	0.01396	0.01179	0.01537	0.01497	0.00938	0.28296	0.50312	0.02728	0.01930	0.01808	0.01428	0.00721	0.00560	0.00180	0.00498	0.00581	0.00560	0.00899
8	0.00797	0.00570	0.00769	0.00769	0.00826	0.00627	0.00542	0.00911	0.00854	0.01196	0.01594	0.02788	0.01650	0.36423	0.46435	0.00741	0.01084	0.00683	0.00313	0.00427
9	0.01953	0.02440	0.01566	0.08298	0.01888	0.68667	0.01104	0.02168	0.04265	0.01396	0.00919	0.01080	0.00751	0.00576	0.00507	0.00148	0.00955	0.00379	0.00292	0.00648
10	0.01167	0.00872	0.00964	0.00860	0.01127	0.00877	0.00678	0.09091	0.20274	0.07563	0.10364	0.03605	0.30001	0.01049	0.00610	0.00182	0.00386	0.05312	0.00543	0.04475
11	0.00713	0.00506	0.00671	0.00789	0.00831	0.00481	0.00547	0.00822	0.01067	0.01417	0.02929	0.64432	0.03466	0.08234	0.00889	0.00255	0.00363	0.10642	0.00499	0.00448
12	0.00670	0.00499	0.00625	0.00726	0.00791	0.00454	0.00494	0.00776	0.01103	0.01431	0.03599	0.64192	0.19293	0.01664	0.00696	0.00217	0.00313	0.01488	0.00514	0.00454
13	0.28509	0.00930	0.00973	0.00849	0.01138	0.00975	0.00690	0.12080	0.01469	0.12727	0.19799	0.02633	0.07017	0.00855	0.00534	0.00180	0.00418	0.07053	0.00510	0.00661
