[name]
unknown

[dist]
# distance from previous block
# <min> <max>
0	57

[block]
# block no. 0 follows, 46 sequences, length 24
# corresponding to MSA columns:
# 57-80
name=unknown_A
#
# <colnr> <probs for GDERKNQSTAVLIFYWHMCP>
#	G	D	E	R	K	N	Q	S	T	A	V	L	I	F	Y	W	H	M	C	P
0	0.00854	0.07887	0.01063	0.00882	0.01048	0.00738	0.05404	0.01124	0.05363	0.01651	0.21246	0.25655	0.07780	0.01219	0.00629	0.00193	0.00393	0.15870	0.00477	0.00522
1	0.12857	0.04304	0.41796	0.01365	0.07857	0.01130	0.02730	0.01587	0.01109	0.04167	0.01194	0.01329	0.04922	0.00532	0.00471	0.00154	0.00626	0.00418	0.00281	0.11172
2	0.00965	0.05179	0.03438	0.00800	0.01080	0.00692	0.05369	0.01155	0.01208	0.08396	0.06075	0.03629	0.39949	0.01043	0.00617	0.02619	0.00391	0.05951	0.00442	0.11001
3	0.05291	0.06070	0.12855	0.00880	0.01152	0.00773	0.00814	0.01226	0.01244	0.05282	0.27780	0.15961	0.02938	0.01007	0.00576	0.00176	0.00415	0.09949	0.00453	0.05156
4	0.01310	0.05357	0.47628	0.01464	0.04103	0.03706	0.06119	0.06531	0.05407	0.08648	0.01163	0.01334	0.00852	0.00557	0.00536	0.00167	0.02194	0.01834	0.00309	0.00781
5	0.01217	0.03352	0.01175	0.00864	0.01277	0.00933	0.00695	0.11658	0.11801	0.01968	0.01541	0.01591	0.07813	0.00556	0.00450	0.00113	0.00415	0.00445	0.00387	0.51750
6	0.01887	0.02378	0.01506	0.08414	0.01814	0.72306	0.01061	0.02043	0.01459	0.01299	0.00828	0.00994	0.00683	0.00543	0.00481	0.00140	0.00931	0.00352	0.00269	0.00611
7	0.01316	0.01154	0.01484	0.11138	0.05981	0.01300	0.07709	0.05428	0.52386	0.03445	0.01804	0.01786	0.01351	0.00652	0.00543	0.00176	0.00515	0.00571	0.00463	0.00798
8	0.00985	0.00493	0.00493	0.00493	0.00616	0.00493	0.00370	0.01232	0.01109	0.01971	0.01725	0.01971	0.01355	0.00616	0.00370	0.00123	0.00246	0.00493	0.84356	0.00493
9	0.00693	0.00532	0.00594	0.00582	0.00704	0.00477	0.00411	0.00829	0.01188	0.01533	0.25197	0.04388	0.39602	0.19700	0.01100	0.00252	0.00319	0.00990	0.00478	0.00432
10	0.00998	0.00940	0.01586	0.80150	0.03641	0.01175	0.01468	0.01351	0.01057	0.01351	0.00940	0.01409	0.00705	0.00529	0.00529	0.00176	0.00705	0.00470	0.00235	0.00587
11	0.85155	0.01022	0.00777	0.00695	0.01022	0.01186	0.00573	0.01554	0.00900	0.02372	0.00736	0.00859	0.00573	0.00491	0.00327	0.00164	0.00409	0.00286	0.00327	0.00573
12	0.00985	0.00493	0.00493	0.00493	0.00616	0.00493	0.00370	0.01232	0.01109	0.01971	0.01725	0.01971	0.01355	0.00616	0.00370	0.00123	0.00246	0.00493	0.84356	0.00493
13	0.00985	0.00493	0.00493	0.00493	0.00616	0.00493	0.00370	0.01232	0.01109	0.01971	0.01725	0.01971	0.01355	0.00616	0.00370	0.00123	0.00246	0.00493	0.84356	0.00493
14	0.01458	0.01160	0.01368	0.13235	0.01747	0.01336	0.00973	0.31742	0.20858	0.02331	0.01449	0.01655	0.01134	0.05361	0.07759	0.00251	0.04466	0.00529	0.00438	0.00750
15	0.02010	0.01481	0.01587	0.01216	0.01639	0.01639	0.01005	0.76360	0.02486	0.03332	0.01269	0.01269	0.00899	0.00635	0.00529	0.00159	0.00582	0.00476	0.00529	0.00899
16	0.04490	0.16531	0.15078	0.02966	0.05315	0.09709	0.10674	0.07710	0.01338	0.15460	0.01170	0.02716	0.00883	0.00545	0.00487	0.00152	0.00656	0.00447	0.00349	0.03325
17	0.01591	0.01175	0.01428	0.09962	0.08203	0.01298	0.01005	0.28858	0.21209	0.10192	0.01538	0.01622	0.01147	0.02601	0.05561	0.00218	0.00595	0.00524	0.00469	0.00804
18	0.00630	0.00531	0.00546	0.00553	0.00720	0.00447	0.00411	0.00766	0.01203	0.01447	0.07725	0.09853	0.70664	0.01350	0.00628	0.00180	0.00270	0.01135	0.00494	0.00447
19	0.01091	0.00940	0.01122	0.04887	0.01376	0.00729	0.00670	0.01332	0.01094	0.01703	0.00940	0.01112	0.00779	0.00399	0.00399	0.00083	0.00408	0.00321	0.00309	0.80306
20	0.00642	0.00468	0.00605	0.00715	0.00761	0.00431	0.00481	0.00738	0.01032	0.01358	0.03171	0.73060	0.11347	0.01623	0.00669	0.00211	0.00303	0.01462	0.00491	0.00431
21	0.01404	0.01084	0.01506	0.01270	0.01358	0.01412	0.01055	0.01541	0.00964	0.17301	0.01012	0.01313	0.00840	0.00860	0.01446	0.00214	0.61578	0.00478	0.02720	0.00642
22	0.00658	0.00477	0.00612	0.00702	0.00754	0.00442	0.00474	0.00763	0.01062	0.01409	0.09795	0.62708	0.10846	0.05698	0.00770	0.00222	0.00308	0.01378	0.00490	0.00432
23	0.01253	0.01024	0.01226	0.00926	0.02698	0.00870	0.02297	0.11443	0.01291	0.03633	0.01022	0.01162	0.00820	0.00447	0.00447	0.00098	0.02067	0.00355	0.01811	0.65108

[dist]
# distance from previous block
# <min> <max>
0	2

[block]
# block no. 1 follows, 46 sequences, length 21
# corresponding to MSA columns:
# 83-103
name=unknown_B
#
# <colnr> <probs for GDERKNQSTAVLIFYWHMCP>
#	G	D	E	R	K	N	Q	S	T	A	V	L	I	F	Y	W	H	M	C	P
0	0.01803	0.06474	0.05161	0.03378	0.01603	0.01506	0.00988	0.57107	0.02129	0.04593	0.01272	0.01355	0.00936	0.02581	0.00557	0.00163	0.00565	0.00469	0.06532	0.00827
1	0.00745	0.00547	0.00733	0.00733	0.00808	0.00592	0.00530	0.00871	0.00865	0.01189	0.01932	0.02827	0.10076	0.26825	0.47605	0.00674	0.01017	0.00688	0.00318	0.00424
2	0.01608	0.01243	0.01498	0.05061	0.01671	0.01362	0.07058	0.32254	0.28286	0.07501	0.01806	0.01763	0.05071	0.00680	0.00545	0.00170	0.00531	0.00566	0.00503	0.00824
3	0.00645	0.00470	0.00609	0.00714	0.00762	0.00433	0.00482	0.00746	0.01046	0.01381	0.05442	0.71336	0.10771	0.01608	0.00668	0.00210	0.00301	0.01449	0.00494	0.00433
4	0.00989	0.00811	0.00871	0.02595	0.01043	0.07156	0.00639	0.13003	0.01329	0.01725	0.08497	0.53690	0.02907	0.01330	0.00628	0.00194	0.00408	0.01176	0.00481	0.00529
5	0.04485	0.01424	0.05316	0.01302	0.05341	0.01504	0.01055	0.52172	0.03572	0.07084	0.01266	0.02965	0.00947	0.00668	0.00641	0.00168	0.08288	0.00491	0.00472	0.00838
6	0.01136	0.01149	0.09791	0.00882	0.01377	0.00794	0.00789	0.01471	0.04673	0.03746	0.01027	0.01158	0.00823	0.00426	0.00414	0.00095	0.00438	0.00341	0.00323	0.69147
7	0.00625	0.00536	0.00536	0.00536	0.00714	0.00446	0.00402	0.00759	0.01205	0.01428	0.05355	0.05088	0.77909	0.01339	0.00625	0.00179	0.00268	0.01116	0.00491	0.00446
8	0.02372	0.00900	0.01227	0.00941	0.01350	0.00777	0.00777	0.02576	0.01513	0.78489	0.02086	0.01799	0.01309	0.00654	0.00532	0.00164	0.00450	0.00532	0.00654	0.00900
9	0.01044	0.00986	0.01668	0.68811	0.14623	0.01187	0.01491	0.01391	0.01079	0.01406	0.00948	0.01395	0.00724	0.00520	0.00528	0.00173	0.00693	0.00470	0.00239	0.00624
10	0.85155	0.01022	0.00777	0.00695	0.01022	0.01186	0.00573	0.01554	0.00900	0.02372	0.00736	0.00859	0.00573	0.00491	0.00327	0.00164	0.00409	0.00286	0.00327	0.00573
11	0.06476	0.01125	0.01333	0.01033	0.01439	0.01130	0.00851	0.29357	0.04377	0.44674	0.01721	0.01564	0.01132	0.00641	0.00520	0.00162	0.00495	0.00501	0.00588	0.00880
12	0.01060	0.02735	0.78682	0.01507	0.02288	0.01228	0.01953	0.01674	0.01116	0.01674	0.00949	0.01116	0.00670	0.00502	0.00502	0.00167	0.00781	0.00391	0.00223	0.00781
13	0.02010	0.01481	0.01587	0.01216	0.01639	0.01639	0.01005	0.76360	0.02486	0.03332	0.01269	0.01269	0.00899	0.00635	0.00529	0.00159	0.00582	0.00476	0.00529	0.00899
14	0.00901	0.00705	0.00836	0.00774	0.00949	0.00723	0.00589	0.01490	0.22401	0.02121	0.54376	0.03443	0.06618	0.00989	0.00600	0.00170	0.00297	0.00863	0.00567	0.00590
15	0.00748	0.00540	0.00707	0.00665	0.00790	0.00499	0.00499	0.00998	0.01496	0.02120	0.77844	0.03949	0.04988	0.01081	0.00624	0.00166	0.00249	0.00956	0.00582	0.00499
16	0.00778	0.00596	0.00879	0.00866	0.00951	0.00706	0.00672	0.00954	0.00844	0.01220	0.01388	0.02091	0.01315	0.07427	0.71496	0.00800	0.05692	0.00570	0.00282	0.00471
17	0.04008	0.12303	0.64673	0.01390	0.02106	0.01320	0.01747	0.01683	0.01114	0.03681	0.00945	0.01093	0.00684	0.00500	0.00477	0.00161	0.00733	0.00378	0.00239	0.00765
18	0.16273	0.00920	0.01151	0.00899	0.01295	0.00846	0.00743	0.02405	0.01410	0.65707	0.01859	0.01641	0.01185	0.00627	0.00497	0.00164	0.00443	0.00490	0.00599	0.00845
19	0.00930	0.00802	0.01054	0.27769	0.01861	0.00888	0.00871	0.03864	0.13882	0.01612	0.04142	0.06365	0.27375	0.01011	0.03089	0.00199	0.00490	0.00769	0.02451	0.00577
20	0.00655	0.00466	0.00614	0.00724	0.00756	0.00437	0.00480	0.00746	0.01012	0.01353	0.05205	0.73746	0.03444	0.06664	0.00800	0.00232	0.00318	0.01439	0.00483	0.00425

[dist]
# distance from previous block
# <min> <max>
0	1

[block]
# block no. 2 follows, 46 sequences, length 84
# corresponding to MSA columns:
# 105-188
name=unknown_C
#
# <colnr> <probs for GDERKNQSTAVLIFYWHMCP>
#	G	D	E	R	K	N	Q	S	T	A	V	L	I	F	Y	W	H	M	C	P
0	0.11714	0.44454	0.04167	0.01098	0.01512	0.14495	0.08236	0.01698	0.01150	0.04041	0.00848	0.00990	0.00714	0.00561	0.02236	0.00150	0.00663	0.00344	0.00266	0.00663
1	0.78721	0.01052	0.02789	0.00723	0.01060	0.01160	0.00613	0.01576	0.00936	0.04649	0.02403	0.00959	0.00690	0.00508	0.00344	0.00164	0.00416	0.00310	0.00340	0.00586
2	0.01215	0.03801	0.11697	0.24487	0.32470	0.01234	0.05042	0.03508	0.03331	0.03482	0.01103	0.01512	0.00891	0.00543	0.00530	0.00168	0.00663	0.03304	0.00281	0.00738
3	0.01092	0.01025	0.01667	0.46901	0.25764	0.01167	0.01409	0.01500	0.06387	0.01528	0.01295	0.01630	0.05256	0.00571	0.00533	0.00171	0.00637	0.00516	0.00279	0.00672
4	0.00852	0.00563	0.00740	0.00683	0.00826	0.00517	0.00517	0.01099	0.01498	0.07020	0.72983	0.03811	0.04752	0.01053	0.00618	0.00166	0.00262	0.00929	0.00587	0.00525
5	0.02372	0.00900	0.01227	0.00941	0.01350	0.00777	0.00777	0.02576	0.01513	0.78489	0.02086	0.01799	0.01309	0.00654	0.00532	0.00164	0.00450	0.00532	0.00654	0.00900
6	0.01541	0.00716	0.00958	0.00798	0.01062	0.00634	0.00633	0.01766	0.01500	0.39471	0.39599	0.02916	0.04376	0.00876	0.00579	0.00165	0.00348	0.00751	0.00616	0.00694
7	0.01308	0.01256	0.02146	0.03245	0.78123	0.01256	0.01622	0.01622	0.01204	0.01727	0.00994	0.01308	0.00837	0.00471	0.00523	0.00157	0.00628	0.00471	0.00262	0.00837
8	0.01308	0.01256	0.02146	0.03245	0.78123	0.01256	0.01622	0.01622	0.01204	0.01727	0.00994	0.01308	0.00837	0.00471	0.00523	0.00157	0.00628	0.00471	0.00262	0.00837
9	0.01096	0.00940	0.01096	0.00783	0.01253	0.00705	0.00626	0.01331	0.01096	0.01723	0.00940	0.01096	0.00783	0.00392	0.00392	0.00078	0.00392	0.00313	0.00313	0.84653
10	0.00714	0.00587	0.00720	0.10682	0.01102	0.00557	0.00562	0.00903	0.01251	0.01600	0.25442	0.04225	0.43978	0.04537	0.00699	0.00189	0.00328	0.00973	0.00477	0.00474
11	0.00644	0.00462	0.00611	0.00731	0.00765	0.00430	0.00488	0.00737	0.01017	0.01352	0.02978	0.79077	0.05454	0.01648	0.00673	0.00214	0.00306	0.01493	0.00491	0.00430
12	0.01984	0.01437	0.01553	0.01188	0.01613	0.01570	0.00981	0.70591	0.02393	0.05920	0.01284	0.01281	0.00909	0.00625	0.00523	0.00155	0.00569	0.00471	0.00524	0.04429
13	0.01294	0.01117	0.01175	0.01059	0.01354	0.01288	0.00823	0.02746	0.74838	0.02187	0.02250	0.02068	0.03954	0.00736	0.00541	0.00179	0.00414	0.00614	0.00536	0.00825
14	0.02008	0.01382	0.01513	0.01171	0.01584	0.01505	0.00964	0.61707	0.07538	0.12986	0.01436	0.01387	0.01002	0.00643	0.00530	0.00161	0.00553	0.00492	0.00546	0.00895
15	0.01292	0.36236	0.33971	0.01308	0.01890	0.07019	0.08357	0.01667	0.01137	0.01466	0.00860	0.01020	0.00687	0.00479	0.00442	0.00143	0.00712	0.00363	0.00232	0.00719
16	0.01370	0.70620	0.08578	0.00981	0.01431	0.01996	0.01001	0.01571	0.01061	0.01279	0.00749	0.00888	0.00679	0.00486	0.00438	0.00125	0.05540	0.00302	0.00226	0.00680
17	0.00651	0.00498	0.00601	0.00679	0.00770	0.00448	0.00483	0.00769	0.01097	0.01394	0.03801	0.48004	0.30751	0.01526	0.00660	0.00203	0.00305	0.06427	0.00491	0.00440
18	0.01478	0.72591	0.02623	0.00957	0.01389	0.11007	0.00918	0.01644	0.01123	0.01250	0.00744	0.00860	0.00679	0.00463	0.00355	0.00116	0.00610	0.00289	0.00231	0.00671
19	0.01259	0.01217	0.02019	0.18779	0.61513	0.02800	0.01579	0.01577	0.01180	0.01642	0.00980	0.01322	0.00807	0.00484	0.00523	0.00160	0.00650	0.00468	0.00256	0.00782
20	0.00769	0.00513	0.00577	0.00577	0.00577	0.00513	0.00320	0.00769	0.00769	0.01025	0.01666	0.03460	0.01922	0.81421	0.02691	0.00513	0.00513	0.00769	0.00320	0.00320
21	0.01157	0.01157	0.01619	0.01388	0.01388	0.01619	0.01157	0.01272	0.00810	0.01272	0.00694	0.01157	0.00694	0.00925	0.01735	0.00231	0.80453	0.00463	0.00231	0.00578
22	0.01169	0.01086	0.01756	0.16861	0.41377	0.01163	0.03231	0.01625	0.10770	0.01645	0.01195	0.01527	0.00981	0.01023	0.12052	0.00265	0.00738	0.00505	0.00295	0.00734
23	0.01144	0.02431	0.58341	0.01634	0.02322	0.05096	0.16045	0.01688	0.01152	0.01648	0.00958	0.01168	0.00696	0.00505	0.00558	0.00170	0.03021	0.00435	0.00234	0.00754
24	0.00644	0.00460	0.00613	0.00736	0.00767	0.00429	0.00491	0.00736	0.01012	0.01350	0.02914	0.81076	0.03497	0.01656	0.00675	0.00215	0.00307	0.01503	0.00491	0.00429
25	0.01248	0.01426	0.03119	0.02228	0.02763	0.01337	0.76203	0.01693	0.01248	0.01693	0.01070	0.01426	0.00802	0.00446	0.00624	0.00178	0.00891	0.00624	0.00267	0.00713
26	0.00661	0.00473	0.00631	0.00742	0.00784	0.00443	0.00508	0.00771	0.01055	0.01414	0.08104	0.72213	0.03579	0.01607	0.00674	0.00213	0.00311	0.04884	0.00497	0.00437
27	0.00673	0.00482	0.00634	0.00746	0.00785	0.00455	0.00502	0.02340	0.01043	0.01392	0.02879	0.79384	0.03441	0.01635	0.00672	0.00214	0.00313	0.01481	0.00492	0.00439
28	0.01102	0.00624	0.00638	0.00596	0.00758	0.00650	0.00457	0.08508	0.05623	0.02115	0.01706	0.01904	0.01326	0.00624	0.00394	0.00130	0.00288	0.00497	0.71509	0.00551
29	0.01401	0.01700	0.14446	0.02226	0.36988	0.14675	0.03153	0.04990	0.10010	0.01763	0.01144	0.01401	0.00925	0.00546	0.00521	0.00160	0.00686	0.02177	0.00306	0.00781
30	0.00649	0.00464	0.00619	0.00742	0.00774	0.00434	0.00499	0.00744	0.01017	0.01355	0.02911	0.79321	0.03486	0.01652	0.00676	0.00215	0.00311	0.03210	0.00491	0.00431
31	0.01431	0.60072	0.06170	0.01168	0.06753	0.09612	0.01030	0.01625	0.01113	0.01304	0.00769	0.00920	0.00690	0.00491	0.00451	0.00128	0.05040	0.00317	0.00233	0.00682
32	0.01159	0.01163	0.01655	0.01408	0.01421	0.01612	0.02951	0.01282	0.00820	0.01282	0.00703	0.01163	0.00697	0.00914	0.01708	0.00230	0.78551	0.00466	0.00232	0.00582
33	0.01090	0.00924	0.01115	0.00807	0.01253	0.00704	0.02145	0.01304	0.01078	0.01679	0.00941	0.01130	0.00791	0.00470	0.00486	0.04589	0.00405	0.00327	0.00308	0.78454
34	0.66929	0.01122	0.00936	0.08729	0.01348	0.06597	0.00707	0.02932	0.01004	0.04547	0.00813	0.00957	0.00622	0.00506	0.00368	0.00163	0.00481	0.00319	0.00328	0.00593
35	0.00646	0.00511	0.00582	0.00618	0.00741	0.00447	0.00443	0.00779	0.01175	0.01483	0.13017	0.30328	0.44534	0.01415	0.00641	0.00189	0.00279	0.01226	0.00502	0.00447
36	0.02244	0.00908	0.01212	0.00941	0.01330	0.00807	0.00772	0.06720	0.01555	0.69253	0.04914	0.03935	0.01481	0.00696	0.00539	0.00165	0.00446	0.00570	0.00640	0.00872
37	0.01282	0.01190	0.01782	0.09079	0.41572	0.01273	0.03578	0.02031	0.28740	0.01869	0.01412	0.01561	0.01106	0.00565	0.00532	0.00167	0.00567	0.00521	0.00360	0.00812
38	0.00655	0.00467	0.00623	0.00743	0.00777	0.00439	0.00503	0.00752	0.01016	0.01353	0.02884	0.76359	0.03446	0.03243	0.00717	0.00222	0.00318	0.04567	0.00487	0.00430
39	0.00726	0.00531	0.00656	0.00649	0.00776	0.00478	0.00477	0.00918	0.01339	0.03058	0.45347	0.17490	0.23132	0.01238	0.00631	0.00178	0.00267	0.01084	0.00544	0.00480
40	0.12527	0.00915	0.01172	0.00910	0.01309	0.00827	0.00752	0.02451	0.01438	0.69152	0.01920	0.01684	0.01218	0.00634	0.00507	0.00164	0.00445	0.00502	0.00614	0.00860
41	0.02372	0.00900	0.01227	0.00941	0.01350	0.00777	0.00777	0.02576	0.01513	0.78489	0.02086	0.01799	0.01309	0.00654	0.00532	0.00164	0.00450	0.00532	0.00654	0.00900
42	0.01224	0.01273	0.01605	0.06847	0.01568	0.09061	0.01165	0.01358	0.00893	0.01280	0.00723	0.01155	0.00693	0.00861	0.01530	0.00218	0.67276	0.00451	0.00236	0.00582
43	0.04197	0.00919	0.01227	0.00943	0.01350	0.00810	0.00779	0.04626	0.01527	0.74691	0.02033	0.01764	0.01281	0.00650	0.00527	0.00163	0.00453	0.00525	0.00644	0.00892
44	0.01200	0.01138	0.01869	0.24888	0.43327	0.01266	0.01484	0.02885	0.01136	0.01587	0.01000	0.01458	0.00849	0.00578	0.00685	0.00175	0.10779	0.02709	0.00262	0.00724
45	0.01096	0.00940	0.01096	0.00783	0.01253	0.00705	0.00626	0.01331	0.01096	0.01723	0.00940	0.01096	0.00783	0.00392	0.00392	0.00078	0.00392	0.00313	0.00313	0.84653
46	0.01096	0.00940	0.01096	0.00783	0.01253	0.00705	0.00626	0.01331	0.01096	0.01723	0.00940	0.01096	0.00783	0.00392	0.00392	0.00078	0.00392	0.00313	0.00313	0.84653
47	0.01890	0.12548	0.01653	0.01298	0.01594	0.67841	0.01003	0.02059	0.03051	0.01307	0.00835	0.00962	0.00700	0.00537	0.00461	0.00134	0.00893	0.00339	0.00272	0.00626
48	0.00755	0.00566	0.00850	0.00850	0.00944	0.00661	0.00661	0.00944	0.00850	0.01227	0.01416	0.02077	0.01322	0.03965	0.79326	0.00850	0.01416	0.00566	0.00283	0.00472
49	0.00783	0.00564	0.00779	0.00889	0.00986	0.00559	0.00729	0.00979	0.01136	0.01491	0.02806	0.25876	0.05148	0.01683	0.06162	0.00276	0.00497	0.47715	0.00474	0.00469
50	0.00773	0.00524	0.00624	0.00646	0.00667	0.00526	0.00411	0.00816	0.00843	0.01122	0.01872	0.07785	0.02131	0.64096	0.04937	0.00473	0.00529	0.10521	0.00350	0.00353
51	0.00753	0.00506	0.00581	0.00597	0.00601	0.00502	0.00342	0.00765	0.00800	0.01066	0.01824	0.13314	0.02122	0.71294	0.02435	0.00475	0.00486	0.00862	0.00342	0.00334
52	0.00768	0.00516	0.00596	0.00596	0.00602	0.00523	0.00344	0.00781	0.00774	0.01039	0.01648	0.03364	0.01880	0.76050	0.08005	0.00536	0.00575	0.00755	0.00318	0.00331
53	0.01199	0.18450	0.40849	0.01787	0.16484	0.01421	0.09405	0.01648	0.01138	0.01598	0.00926	0.01130	0.00717	0.00480	0.00486	0.00155	0.00720	0.00408	0.00236	0.00764
54	0.00759	0.00533	0.00661	0.00682	0.00705	0.00553	0.00443	0.00815	0.00843	0.01141	0.01874	0.17107	0.02133	0.51089	0.12629	0.00486	0.02850	0.03973	0.00350	0.00375
55	0.00757	0.00557	0.00804	0.00804	0.00883	0.00636	0.00604	0.00915	0.00836	0.01194	0.01457	0.02306	0.01421	0.16805	0.66622	0.00794	0.01266	0.00600	0.00289	0.00447
56	0.01071	0.05122	0.76388	0.01489	0.02260	0.01254	0.01922	0.01671	0.01115	0.01661	0.00942	0.01108	0.00670	0.00501	0.00497	0.00166	0.00775	0.00387	0.00223	0.00778
57	0.01540	0.01236	0.02692	0.01155	0.03198	0.01324	0.00934	0.39843	0.01762	0.02446	0.01291	0.01541	0.02975	0.02408	0.03152	0.00187	0.12557	0.02552	0.02534	0.14673
58	0.42967	0.00978	0.01041	0.16259	0.01602	0.01069	0.00784	0.01503	0.02743	0.04319	0.00941	0.02943	0.00759	0.00526	0.00434	0.00152	0.02478	0.00375	0.00323	0.17805
59	0.01927	0.02284	0.01485	0.01322	0.01614	0.63727	0.01005	0.11128	0.07632	0.01613	0.00978	0.01072	0.00781	0.00569	0.00488	0.00142	0.00866	0.00377	0.00324	0.00665
60	0.00647	0.00462	0.00616	0.00734	0.00767	0.00431	0.00491	0.00743	0.01026	0.01371	0.05025	0.78902	0.03539	0.01640	0.00673	0.00213	0.00305	0.01487	0.00493	0.00431
61	0.10486	0.00964	0.01196	0.00939	0.01307	0.00925	0.00767	0.10948	0.01504	0.55659	0.01795	0.01723	0.01207	0.05296	0.00666	0.00185	0.02518	0.00512	0.00577	0.00825
62	0.10486	0.16201	0.25254	0.03783	0.03791	0.06869	0.09966	0.01599	0.01076	0.01574	0.00850	0.01085	0.00686	0.00559	0.00674	0.00167	0.14054	0.00400	0.00246	0.00682
63	0.01430	0.01201	0.02035	0.02855	0.63490	0.01182	0.04412	0.01733	0.01245	0.11468	0.01181	0.01493	0.00951	0.00518	0.00534	0.00161	0.00612	0.02350	0.00317	0.00832
64	0.00644	0.00474	0.00604	0.00704	0.00759	0.00434	0.00477	0.00746	0.01053	0.01380	0.05032	0.67589	0.14982	0.01594	0.00666	0.00208	0.00299	0.01431	0.00493	0.00434
65	0.01157	0.01157	0.01619	0.01388	0.01388	0.01619	0.01157	0.01272	0.00810	0.01272	0.00694	0.01157	0.00694	0.00925	0.01735	0.00231	0.80453	0.00463	0.00231	0.00578
66	0.00875	0.00566	0.00744	0.00691	0.00834	0.00518	0.00521	0.01113	0.01475	0.08261	0.68235	0.07360	0.04621	0.01073	0.00618	0.00168	0.00268	0.00947	0.00584	0.00528
67	0.01191	0.14040	0.51141	0.05992	0.02226	0.01390	0.08188	0.06822	0.01213	0.01709	0.00950	0.01131	0.00700	0.00501	0.00492	0.00160	0.00741	0.00406	0.00249	0.00757
68	0.01060	0.02735	0.78682	0.01507	0.02288	0.01228	0.01953	0.01674	0.01116	0.01674	0.00949	0.01116	0.00670	0.00502	0.00502	0.00167	0.00781	0.00391	0.00223	0.00781
69	0.00908	0.00464	0.00690	0.00687	0.00695	0.00461	0.00461	0.00707	0.00735	0.00988	0.05351	0.01742	0.01153	0.01793	0.01983	0.79753	0.00447	0.00488	0.00250	0.00245
70	0.01660	0.01475	0.01367	0.06598	0.01600	0.17860	0.00929	0.37568	0.06579	0.02408	0.05929	0.01795	0.08643	0.00707	0.00529	0.00158	0.00602	0.00544	0.02312	0.00737
71	0.01077	0.00915	0.01066	0.00771	0.01214	0.00694	0.00609	0.01299	0.01077	0.01682	0.00981	0.01232	0.00849	0.05060	0.00524	0.00103	0.00398	0.00339	0.00314	0.79794
72	0.08444	0.05957	0.04749	0.01141	0.01543	0.02967	0.00968	0.45383	0.18716	0.02782	0.01370	0.01356	0.01005	0.00624	0.00502	0.00161	0.00546	0.00471	0.00480	0.00836
73	0.00706	0.00573	0.00629	0.00628	0.00784	0.00522	0.00464	0.00960	0.07108	0.01603	0.18386	0.14180	0.47781	0.02471	0.00655	0.00186	0.00285	0.01089	0.00509	0.00482
74	0.03586	0.30334	0.06575	0.07574	0.04156	0.12543	0.13711	0.01634	0.01150	0.03390	0.00933	0.02796	0.00795	0.00622	0.02433	0.00167	0.06247	0.00426	0.00262	0.00664
75	0.01222	0.05242	0.06150	0.02004	0.03973	0.01328	0.59240	0.01630	0.01210	0.01671	0.02685	0.01445	0.00898	0.00494	0.00649	0.00174	0.04888	0.00588	0.03812	0.00696
76	0.01430	0.00701	0.00936	0.00805	0.01048	0.00633	0.00639	0.01680	0.02823	0.33497	0.39660	0.04532	0.03275	0.00931	0.00591	0.00171	0.00350	0.05026	0.00604	0.00668
77	0.00660	0.00479	0.00621	0.00708	0.00763	0.00442	0.00482	0.00777	0.01095	0.01465	0.14215	0.62534	0.09487	0.02749	0.00694	0.00209	0.00298	0.01380	0.00502	0.00439
78	0.04842	0.01196	0.11681	0.03656	0.07121	0.01040	0.01035	0.12404	0.13188	0.09597	0.07621	0.06010	0.01851	0.00855	0.00572	0.00184	0.00514	0.15465	0.00458	0.00712
79	0.00640	0.00535	0.00558	0.00566	0.00734	0.00454	0.00427	0.00781	0.01210	0.01461	0.08341	0.08274	0.68700	0.01346	0.00631	0.00182	0.00277	0.03937	0.00495	0.00449
80	0.01919	0.00989	0.01206	0.00989	0.01349	0.00985	0.00799	0.05851	0.27097	0.45641	0.02172	0.02014	0.03399	0.00711	0.00541	0.00171	0.00441	0.02268	0.00601	0.00857
81	0.01116	0.00783	0.00919	0.02443	0.01091	0.00810	0.00665	0.12060	0.12004	0.07488	0.07428	0.15288	0.14118	0.06457	0.05160	0.00242	0.00459	0.07153	0.03715	0.00601
82	0.01242	0.15816	0.05775	0.06998	0.02203	0.04819	0.37963	0.01578	0.01149	0.01530	0.01001	0.01321	0.00804	0.00663	0.04126	0.00196	0.07285	0.00508	0.04360	0.00664
83	0.00643	0.00463	0.00610	0.00728	0.00765	0.00430	0.00487	0.00737	0.01020	0.01353	0.03017	0.77873	0.06633	0.01643	0.00673	0.00213	0.00305	0.01487	0.00491	0.00430

[dist]
# distance from previous block
# <min> <max>
0	5

[block]
# block no. 3 follows, 46 sequences, length 114
# corresponding to MSA columns:
# 194-210,212-224,233-316
name=unknown_D
#
# <colnr> <probs for GDERKNQSTAVLIFYWHMCP>
#	G	D	E	R	K	N	Q	S	T	A	V	L	I	F	Y	W	H	M	C	P
0	0.05376	0.00904	0.01211	0.00932	0.01338	0.00792	0.00770	0.02539	0.01491	0.75727	0.02037	0.01765	0.01282	0.00648	0.00524	0.00164	0.00448	0.00523	0.00642	0.00888
1	0.01383	0.01454	0.06798	0.04122	0.59942	0.07037	0.03053	0.06645	0.01304	0.01792	0.00997	0.01272	0.00817	0.00490	0.00521	0.00157	0.00665	0.00460	0.00278	0.00815
2	0.02278	0.00912	0.01220	0.00944	0.01342	0.00810	0.00777	0.04284	0.04345	0.71733	0.04200	0.01854	0.01414	0.00668	0.00534	0.00164	0.00446	0.00545	0.00645	0.00886
3	0.00647	0.00462	0.00616	0.00734	0.00767	0.00431	0.00491	0.00744	0.01026	0.01372	0.05071	0.78856	0.03539	0.01640	0.00673	0.00213	0.00305	0.01487	0.00493	0.00431
4	0.01212	0.01432	0.06556	0.02136	0.04334	0.01282	0.66459	0.01647	0.01234	0.01681	0.01168	0.03455	0.00942	0.00514	0.00621	0.00180	0.00852	0.03313	0.00278	0.00704
5	0.00783	0.00611	0.00864	0.00861	0.00960	0.02453	0.00669	0.00971	0.00864	0.01229	0.01402	0.02051	0.01307	0.03887	0.77529	0.00833	0.01405	0.00561	0.00283	0.00475
6	0.00649	0.00466	0.00618	0.00737	0.00775	0.00435	0.00498	0.00747	0.01023	0.01358	0.02981	0.76778	0.05623	0.01642	0.00675	0.00214	0.00311	0.03547	0.00491	0.00431
7	0.01192	0.01222	0.01696	0.01432	0.01472	0.04504	0.05216	0.01326	0.00859	0.01296	0.00719	0.01164	0.00699	0.00885	0.01628	0.00225	0.73177	0.00467	0.00235	0.00587
8	0.01677	0.03794	0.03574	0.01317	0.06194	0.50996	0.00973	0.04548	0.01423	0.03196	0.01419	0.01528	0.09133	0.00699	0.01921	0.00158	0.02055	0.00455	0.04317	0.00623
9	0.00948	0.00994	0.04227	0.01055	0.02895	0.11724	0.05619	0.01101	0.01100	0.01385	0.02358	0.46275	0.08233	0.01255	0.00728	0.00197	0.07900	0.01087	0.00405	0.00512
10	0.85155	0.01022	0.00777	0.00695	0.01022	0.01186	0.00573	0.01554	0.00900	0.02372	0.00736	0.00859	0.00573	0.00491	0.00327	0.00164	0.00409	0.00286	0.00327	0.00573
11	0.00639	0.00535	0.00550	0.00547	0.00716	0.00452	0.00407	0.00778	0.01216	0.01472	0.10992	0.04952	0.69996	0.03572	0.00683	0.00187	0.00273	0.01093	0.00493	0.00447
12	0.00836	0.00557	0.00717	0.00676	0.00818	0.00506	0.00507	0.01058	0.01429	0.07083	0.59397	0.10146	0.12010	0.01125	0.00622	0.00171	0.00269	0.00988	0.00570	0.00515
13	0.01157	0.01157	0.01619	0.01388	0.01388	0.01619	0.01157	0.01272	0.00810	0.01272	0.00694	0.01157	0.00694	0.00925	0.01735	0.00231	0.80453	0.00463	0.00231	0.00578
14	0.00998	0.00940	0.01586	0.80150	0.03641	0.01175	0.01468	0.01351	0.01057	0.01351	0.00940	0.01409	0.00705	0.00529	0.00529	0.00176	0.00705	0.00470	0.00235	0.00587
15	0.01413	0.81739	0.02770	0.00905	0.01357	0.02092	0.00905	0.01583	0.01074	0.01244	0.00735	0.00848	0.00678	0.00452	0.00339	0.00113	0.00565	0.00283	0.00226	0.00678
16	0.00736	0.00542	0.00690	0.00660	0.00791	0.00496	0.00499	0.00971	0.01450	0.02014	0.66023	0.04165	0.14069	0.01127	0.00628	0.00171	0.00260	0.03647	0.00567	0.00492
17	0.01308	0.01256	0.02146	0.03245	0.78123	0.01256	0.01622	0.01622	0.01204	0.01727	0.00994	0.01308	0.00837	0.00471	0.00523	0.00157	0.00628	0.00471	0.00262	0.00837
18	0.01120	0.00953	0.01109	0.00794	0.01263	0.00729	0.00636	0.03243	0.01132	0.01764	0.00948	0.01101	0.00786	0.00398	0.00395	0.00080	0.00396	0.00317	0.00319	0.82519
19	0.04691	0.00920	0.01225	0.00942	0.01349	0.00813	0.00778	0.04669	0.01524	0.74187	0.02024	0.01758	0.01276	0.00649	0.00526	0.00163	0.00452	0.00523	0.00642	0.00890
20	0.01975	0.02520	0.01498	0.01362	0.01634	0.79299	0.01021	0.02111	0.01498	0.01294	0.00817	0.00953	0.00681	0.00545	0.00477	0.00136	0.00953	0.00340	0.00272	0.00613
21	0.02406	0.00547	0.00592	0.00578	0.00743	0.00477	0.00434	0.00847	0.01286	0.01656	0.27071	0.04658	0.54372	0.01244	0.00618	0.00175	0.00265	0.01051	0.00515	0.00465
22	0.00644	0.00460	0.00613	0.00736	0.00767	0.00429	0.00491	0.00736	0.01012	0.01350	0.02914	0.81076	0.03497	0.01656	0.00675	0.00215	0.00307	0.01503	0.00491	0.00429
23	0.00644	0.00462	0.00612	0.00732	0.00766	0.00430	0.00489	0.00737	0.01016	0.01351	0.02965	0.79487	0.05052	0.01650	0.00674	0.00214	0.00306	0.01495	0.00491	0.00430
24	0.03552	0.76024	0.04406	0.00924	0.01376	0.03873	0.00923	0.01597	0.01081	0.01283	0.00742	0.00857	0.00676	0.00457	0.00346	0.00116	0.00575	0.00287	0.00230	0.00677
25	0.03131	0.01501	0.16262	0.28031	0.25397	0.04970	0.03025	0.06761	0.02816	0.01707	0.00998	0.01292	0.00768	0.00516	0.00517	0.00165	0.00691	0.00451	0.00272	0.00729
26	0.01573	0.23255	0.04357	0.03173	0.14841	0.27685	0.09723	0.05289	0.02612	0.01523	0.00904	0.01086	0.00747	0.00502	0.00470	0.00142	0.00751	0.00394	0.00272	0.00702
27	0.00755	0.00519	0.00667	0.00736	0.00780	0.00507	0.00493	0.04441	0.01019	0.01361	0.02455	0.57870	0.02881	0.12628	0.02648	0.07752	0.00384	0.01240	0.00442	0.00421
28	0.01261	0.10145	0.01602	0.04117	0.01489	0.05811	0.11605	0.13324	0.01274	0.01741	0.01266	0.06722	0.01141	0.05844	0.08015	0.00249	0.11814	0.00560	0.11402	0.00616
29	0.01306	0.00933	0.01118	0.00809	0.01269	0.00717	0.00651	0.01536	0.01165	0.14349	0.01128	0.01212	0.00869	0.00435	0.00415	0.00092	0.00401	0.00349	0.00369	0.70878
30	0.01047	0.00986	0.01407	0.06132	0.01404	0.01336	0.01039	0.01197	0.00841	0.01282	0.00906	0.01412	0.00860	0.01623	0.20253	0.00374	0.54701	0.00489	0.02159	0.00551
31	0.00648	0.00463	0.00617	0.00734	0.00768	0.00432	0.00491	0.00746	0.01030	0.01377	0.05633	0.78277	0.03551	0.01635	0.00673	0.00213	0.00305	0.01483	0.00494	0.00432
32	0.02260	0.00949	0.01241	0.00966	0.01366	0.00867	0.00793	0.06113	0.08369	0.68043	0.02053	0.01790	0.01317	0.00659	0.00532	0.00165	0.00453	0.00535	0.00638	0.00894
33	0.01413	0.81739	0.02770	0.00905	0.01357	0.02092	0.00905	0.01583	0.01074	0.01244	0.00735	0.00848	0.00678	0.00452	0.00339	0.00113	0.00565	0.00283	0.00226	0.00678
34	0.00769	0.00513	0.00577	0.00577	0.00577	0.00513	0.00320	0.00769	0.00769	0.01025	0.01666	0.03460	0.01922	0.81421	0.02691	0.00513	0.00513	0.00769	0.00320	0.00320
35	0.85155	0.01022	0.00777	0.00695	0.01022	0.01186	0.00573	0.01554	0.00900	0.02372	0.00736	0.00859	0.00573	0.00491	0.00327	0.00164	0.00409	0.00286	0.00327	0.00573
36	0.00644	0.00460	0.00613	0.00736	0.00767	0.00429	0.00491	0.00736	0.01012	0.01350	0.02914	0.81076	0.03497	0.01656	0.00675	0.00215	0.00307	0.01503	0.00491	0.00429
37	0.02364	0.00913	0.01235	0.00947	0.01356	0.00797	0.00782	0.04277	0.01536	0.76757	0.02067	0.01787	0.01299	0.00654	0.00532	0.00163	0.00453	0.00530	0.00651	0.00900
38	0.01101	0.03277	0.44803	0.01222	0.01751	0.01019	0.01406	0.01618	0.05883	0.07008	0.03829	0.05049	0.04063	0.00752	0.00543	0.00177	0.00615	0.10831	0.04347	0.00704
39	0.00793	0.00612	0.00911	0.00948	0.04103	0.00709	0.00694	0.00971	0.00857	0.01236	0.01390	0.02107	0.01321	0.08988	0.68161	0.00777	0.04086	0.00573	0.00283	0.00480
40	0.03328	0.01151	0.02015	0.09146	0.47023	0.01154	0.13365	0.01517	0.01225	0.01746	0.10073	0.01718	0.03039	0.00563	0.00549	0.00164	0.00619	0.00562	0.00305	0.00741
41	0.01372	0.05164	0.05543	0.07530	0.52403	0.04470	0.03202	0.03220	0.01235	0.06109	0.01070	0.01390	0.00877	0.00520	0.00542	0.00160	0.02164	0.01947	0.00289	0.00792
42	0.01512	0.58308	0.02377	0.01022	0.01407	0.19837	0.00930	0.01673	0.01156	0.01256	0.00777	0.00924	0.00702	0.00610	0.03173	0.00148	0.02984	0.00311	0.00239	0.00653
43	0.00641	0.00473	0.00600	0.00702	0.00758	0.00432	0.00476	0.00740	0.01045	0.01363	0.03325	0.68289	0.16018	0.01603	0.00666	0.00209	0.00300	0.01438	0.00491	0.00432
44	0.01256	0.01218	0.03767	0.18556	0.54920	0.01240	0.01534	0.04647	0.02939	0.01719	0.01057	0.02876	0.00878	0.00519	0.00527	0.00163	0.00634	0.00492	0.00277	0.00780
45	0.13886	0.02821	0.15879	0.11474	0.08562	0.01207	0.11904	0.06946	0.01164	0.01794	0.01173	0.10345	0.01047	0.00671	0.00618	0.00177	0.07344	0.00564	0.01757	0.00665
46	0.00892	0.00677	0.00919	0.00809	0.00975	0.00667	0.04169	0.04399	0.04235	0.03628	0.60740	0.03525	0.06946	0.01013	0.00660	0.00170	0.03598	0.00884	0.00547	0.00548
47	0.01949	0.05399	0.01618	0.01211	0.01615	0.09732	0.00995	0.62075	0.05355	0.02975	0.01233	0.01245	0.00895	0.00620	0.00515	0.00155	0.00613	0.00458	0.00488	0.00856
48	0.01018	0.00708	0.00845	0.00801	0.00983	0.00706	0.00609	0.04966	0.14920	0.08641	0.24390	0.20384	0.13365	0.01135	0.00612	0.00184	0.00339	0.04264	0.00541	0.00591
49	0.02442	0.02232	0.54581	0.01564	0.05229	0.01216	0.09295	0.01684	0.04753	0.02953	0.02824	0.03307	0.00915	0.00569	0.00576	0.00172	0.04193	0.00472	0.00268	0.00754
50	0.01957	0.02456	0.01491	0.01350	0.01627	0.75297	0.01016	0.03810	0.03699	0.01366	0.00866	0.00990	0.00713	0.00552	0.00480	0.00138	0.00930	0.00351	0.00286	0.00626
51	0.00918	0.00459	0.00689	0.00689	0.00689	0.00459	0.00459	0.00689	0.00689	0.00918	0.00918	0.01607	0.00918	0.01837	0.02066	0.84619	0.00459	0.00459	0.00230	0.00230
52	0.01180	0.01125	0.01914	0.35038	0.47331	0.01222	0.01559	0.01510	0.01143	0.01572	0.00972	0.01350	0.00783	0.00495	0.00526	0.00165	0.00660	0.00471	0.00251	0.00734
53	0.01977	0.01457	0.01563	0.01205	0.01619	0.01611	0.00993	0.74565	0.02451	0.03285	0.01308	0.03164	0.00961	0.00659	0.00532	0.00160	0.00575	0.00500	0.00528	0.00888
54	0.01831	0.01396	0.01570	0.01224	0.01624	0.01537	0.04545	0.60464	0.11896	0.03035	0.01486	0.02965	0.02581	0.00670	0.00539	0.00164	0.00564	0.00531	0.00516	0.00864
55	0.85155	0.01022	0.00777	0.00695	0.01022	0.01186	0.00573	0.01554	0.00900	0.02372	0.00736	0.00859	0.00573	0.00491	0.00327	0.00164	0.00409	0.00286	0.00327	0.00573
56	0.01308	0.01256	0.02146	0.03245	0.78123	0.01256	0.01622	0.01622	0.01204	0.01727	0.00994	0.01308	0.00837	0.00471	0.00523	0.00157	0.00628	0.00471	0.00262	0.00837
57	0.01096	0.00940	0.01096	0.00783	0.01253	0.00705	0.00626	0.01331	0.01096	0.01723	0.00940	0.01096	0.00783	0.00392	0.00392	0.00078	0.00392	0.00313	0.00313	0.84653
58	0.01315	0.01136	0.01195	0.01076	0.01375	0.01315	0.00837	0.02809	0.77168	0.02211	0.02152	0.01972	0.01614	0.00717	0.00538	0.00179	0.00418	0.00598	0.00538	0.00837
59	0.85155	0.01022	0.00777	0.00695	0.01022	0.01186	0.00573	0.01554	0.00900	0.02372	0.00736	0.00859	0.00573	0.00491	0.00327	0.00164	0.00409	0.00286	0.00327	0.00573
60	0.85155	0.01022	0.00777	0.00695	0.01022	0.01186	0.00573	0.01554	0.00900	0.02372	0.00736	0.00859	0.00573	0.00491	0.00327	0.00164	0.00409	0.00286	0.00327	0.00573
61	0.00769	0.00513	0.00577	0.00577	0.00577	0.00513	0.00320	0.00769	0.00769	0.01025	0.01666	0.03460	0.01922	0.81421	0.02691	0.00513	0.00513	0.00769	0.00320	0.00320
62	0.01119	0.01101	0.01546	0.01337	0.01346	0.01528	0.01110	0.01241	0.00813	0.01268	0.00762	0.01244	0.00754	0.01214	0.09097	0.00290	0.72954	0.00472	0.00236	0.00568
63	0.01308	0.01256	0.02146	0.03245	0.78123	0.01256	0.01622	0.01622	0.01204	0.01727	0.00994	0.01308	0.00837	0.00471	0.00523	0.00157	0.00628	0.00471	0.00262	0.00837
64	0.01234	0.01180	0.02012	0.21672	0.60276	0.01237	0.01585	0.01557	0.01169	0.01637	0.00981	0.01333	0.00806	0.00485	0.00525	0.00162	0.00646	0.00471	0.00255	0.00777
65	0.01976	0.02483	0.01501	0.01357	0.01634	0.76583	0.01021	0.04707	0.01533	0.01365	0.00833	0.00964	0.00689	0.00548	0.00479	0.00137	0.00940	0.00345	0.00281	0.00623
66	0.00852	0.00608	0.00852	0.00974	0.01095	0.00608	0.00852	0.01095	0.01217	0.01582	0.02799	0.05963	0.03042	0.01460	0.00730	0.00243	0.00487	0.74565	0.00487	0.00487
67	0.00748	0.00540	0.00707	0.00665	0.00790	0.00499	0.00499	0.00998	0.01496	0.02120	0.77844	0.03949	0.04988	0.01081	0.00624	0.00166	0.00249	0.00956	0.00582	0.00499
68	0.85155	0.01022	0.00777	0.00695	0.01022	0.01186	0.00573	0.01554	0.00900	0.02372	0.00736	0.00859	0.00573	0.00491	0.00327	0.00164	0.00409	0.00286	0.00327	0.00573
69	0.01315	0.01136	0.01195	0.01076	0.01375	0.01315	0.00837	0.02809	0.77168	0.02211	0.02152	0.01972	0.01614	0.00717	0.00538	0.00179	0.00418	0.00598	0.00538	0.00837
70	0.00647	0.00462	0.00616	0.00734	0.00767	0.00431	0.00491	0.00742	0.01024	0.01368	0.04684	0.79254	0.03532	0.01643	0.00674	0.00214	0.00305	0.01490	0.00493	0.00431
71	0.00629	0.00527	0.00548	0.00560	0.00721	0.00446	0.00413	0.00761	0.01190	0.01434	0.06598	0.13331	0.68297	0.01368	0.00630	0.00182	0.00272	0.01155	0.00493	0.00446
72	0.00755	0.00566	0.00850	0.00850	0.00944	0.00661	0.00661	0.00944	0.00850	0.01227	0.01416	0.02077	0.01322	0.03965	0.79326	0.00850	0.01416	0.00566	0.00283	0.00472
73	0.00852	0.00608	0.00852	0.00974	0.01095	0.00608	0.00852	0.01095	0.01217	0.01582	0.02799	0.05963	0.03042	0.01460	0.00730	0.00243	0.00487	0.74565	0.00487	0.00487
74	0.02372	0.00900	0.01227	0.00941	0.01350	0.00777	0.00777	0.02576	0.01513	0.78489	0.02086	0.01799	0.01309	0.00654	0.00532	0.00164	0.00450	0.00532	0.00654	0.00900
75	0.01096	0.00940	0.01096	0.00783	0.01253	0.00705	0.00626	0.01331	0.01096	0.01723	0.00940	0.01096	0.00783	0.00392	0.00392	0.00078	0.00392	0.00313	0.00313	0.84653
76	0.01060	0.02735	0.78682	0.01507	0.02288	0.01228	0.01953	0.01674	0.01116	0.01674	0.00949	0.01116	0.00670	0.00502	0.00502	0.00167	0.00781	0.00391	0.00223	0.00781
77	0.00656	0.00534	0.00581	0.00575	0.00735	0.00459	0.00429	0.00818	0.01270	0.01598	0.23367	0.07680	0.56880	0.01286	0.00626	0.00177	0.00265	0.01091	0.00514	0.00459
78	0.00644	0.00460	0.00613	0.00736	0.00767	0.00429	0.00491	0.00736	0.01012	0.01350	0.02914	0.81076	0.03497	0.01656	0.00675	0.00215	0.00307	0.01503	0.00491	0.00429
79	0.01136	0.01092	0.01627	0.53604	0.15749	0.04928	0.01394	0.01615	0.10630	0.01519	0.01095	0.01441	0.00840	0.00543	0.00526	0.00171	0.00668	0.00480	0.00279	0.00662
80	0.01308	0.01256	0.02146	0.03245	0.78123	0.01256	0.01622	0.01622	0.01204	0.01727	0.00994	0.01308	0.00837	0.00471	0.00523	0.00157	0.00628	0.00471	0.00262	0.00837
81	0.01181	0.28674	0.52298	0.01341	0.03402	0.01512	0.01602	0.01643	0.01104	0.01534	0.00879	0.01032	0.00676	0.00485	0.00449	0.00149	0.00707	0.00357	0.00225	0.00749
82	0.00710	0.00567	0.00646	0.00671	0.00822	0.00518	0.00517	0.00934	0.04834	0.01555	0.12262	0.14198	0.45204	0.01340	0.00644	0.00192	0.00313	0.13094	0.00502	0.00475
83	0.01131	0.01139	0.01785	0.01465	0.01562	0.01464	0.14000	0.01303	0.00886	0.01331	0.00845	0.01359	0.00804	0.04522	0.06294	0.00272	0.58499	0.00510	0.00245	0.00584
84	0.01397	0.01177	0.01242	0.01093	0.01406	0.01353	0.00857	0.11534	0.68309	0.02344	0.02047	0.01889	0.01529	0.00707	0.00537	0.00177	0.00438	0.00583	0.00537	0.00844
85	0.01085	0.05421	0.72335	0.01465	0.02212	0.01262	0.01863	0.01725	0.04738	0.01685	0.00999	0.01148	0.00715	0.00511	0.00498	0.00166	0.00756	0.00397	0.00238	0.00780
86	0.01285	0.01228	0.02092	0.03157	0.75418	0.01227	0.01583	0.01591	0.01197	0.01714	0.01062	0.04098	0.00930	0.00512	0.00529	0.00159	0.00617	0.00507	0.00270	0.00823
87	0.02018	0.01468	0.01578	0.01210	0.01633	0.01620	0.01000	0.74693	0.02464	0.05031	0.01288	0.01281	0.00908	0.00635	0.00529	0.00159	0.00579	0.00477	0.00532	0.00899
88	0.01413	0.81739	0.02770	0.00905	0.01357	0.02092	0.00905	0.01583	0.01074	0.01244	0.00735	0.00848	0.00678	0.00452	0.00339	0.00113	0.00565	0.00283	0.00226	0.00678
89	0.00735	0.00540	0.00689	0.00652	0.00782	0.00493	0.00489	0.00973	0.01466	0.02048	0.70298	0.04068	0.12579	0.01108	0.00624	0.00168	0.00251	0.00973	0.00572	0.00493
90	0.00755	0.00566	0.00850	0.00850	0.00944	0.00661	0.00661	0.00944	0.00850	0.01227	0.01416	0.02077	0.01322	0.03965	0.79326	0.00850	0.01416	0.00566	0.00283	0.00472
91	0.05440	0.01434	0.01536	0.01182	0.01600	0.01580	0.00976	0.69774	0.02374	0.06873	0.01286	0.01278	0.00905	0.00630	0.00521	0.00159	0.00568	0.00471	0.00527	0.00886
92	0.00768	0.00516	0.00596	0.00596	0.00602	0.00523	0.00344	0.00781	0.00774	0.01039	0.01648	0.03363	0.01880	0.76011	0.08043	0.00536	0.00576	0.00755	0.00318	0.00331
93	0.55915	0.00979	0.00936	0.00782	0.01138	0.01042	0.00645	0.01915	0.01116	0.29257	0.01213	0.01191	0.00833	0.00549	0.00399	0.00164	0.00423	0.00373	0.00443	0.00688
94	0.00655	0.00538	0.00578	0.00572	0.00739	0.00461	0.00432	0.00816	0.01265	0.01573	0.20124	0.04876	0.61214	0.01289	0.00627	0.00178	0.00269	0.02827	0.00509	0.00458
95	0.01594	0.01210	0.01318	0.01100	0.01422	0.01338	0.00880	0.44882	0.19381	0.02700	0.01785	0.14091	0.01548	0.00843	0.00561	0.00175	0.00498	0.03353	0.00523	0.00796
96	0.00660	0.00535	0.00588	0.00590	0.00747	0.00462	0.00443	0.00820	0.01256	0.01576	0.20566	0.09255	0.55469	0.01306	0.00631	0.00180	0.00274	0.03672	0.00510	0.00458
97	0.01975	0.02520	0.01498	0.01362	0.01634	0.79299	0.01021	0.02111	0.01498	0.01294	0.00817	0.00953	0.00681	0.00545	0.00477	0.00136	0.00953	0.00340	0.00272	0.00613
98	0.01060	0.02735	0.78682	0.01507	0.02288	0.01228	0.01953	0.01674	0.01116	0.01674	0.00949	0.01116	0.00670	0.00502	0.00502	0.00167	0.00781	0.00391	0.00223	0.00781
99	0.00643	0.00465	0.00608	0.00723	0.00763	0.00430	0.00485	0.00738	0.01025	0.01355	0.03073	0.76134	0.08336	0.01636	0.00672	0.00212	0.00304	0.01478	0.00491	0.00430
100	0.00655	0.00471	0.00609	0.00711	0.00751	0.00438	0.00474	0.00747	0.01021	0.01354	0.05126	0.68865	0.07877	0.07222	0.00812	0.00232	0.00317	0.01412	0.00481	0.00425
101	0.01315	0.01136	0.01195	0.01076	0.01375	0.01315	0.00837	0.02809	0.77168	0.02211	0.02152	0.01972	0.01614	0.00717	0.00538	0.00179	0.00418	0.00598	0.00538	0.00837
102	0.85155	0.01022	0.00777	0.00695	0.01022	0.01186	0.00573	0.01554	0.00900	0.02372	0.00736	0.00859	0.00573	0.00491	0.00327	0.00164	0.00409	0.00286	0.00327	0.00573
103	0.00742	0.00540	0.00697	0.00658	0.00786	0.00496	0.00494	0.00985	0.01481	0.02083	0.73947	0.04010	0.08909	0.01095	0.00624	0.00167	0.00250	0.00965	0.00577	0.00496
104	0.00739	0.00540	0.00694	0.00656	0.00784	0.00495	0.00492	0.00981	0.01476	0.02070	0.72650	0.04031	0.10214	0.01099	0.00624	0.00167	0.00251	0.00968	0.00575	0.00495
105	0.01096	0.00940	0.01096	0.00783	0.01253	0.00705	0.00626	0.01331	0.01096	0.01723	0.00940	0.01096	0.00783	0.00392	0.00392	0.00078	0.00392	0.00313	0.00313	0.84653
106	0.00755	0.00566	0.00850	0.00850	0.00944	0.00661	0.00661	0.00944	0.00850	0.01227	0.01416	0.02077	0.01322	0.03965	0.79326	0.00850	0.01416	0.00566	0.00283	0.00472
107	0.01315	0.01136	0.01195	0.01076	0.01375	0.01315	0.00837	0.02809	0.77168	0.02211	0.02152	0.01972	0.01614	0.00717	0.00538	0.00179	0.00418	0.00598	0.00538	0.00837
108	0.01413	0.81739	0.02770	0.00905	0.01357	0.02092	0.00905	0.01583	0.01074	0.01244	0.00735	0.00848	0.00678	0.00452	0.00339	0.00113	0.00565	0.00283	0.00226	0.00678
109	0.00683	0.00517	0.00718	0.09567	0.01084	0.00513	0.00596	0.00805	0.01025	0.01353	0.02799	0.68948	0.06379	0.01517	0.00656	0.00209	0.00349	0.01371	0.00462	0.00448
