[name]
unknown

[dist]
# distance from previous block
# <min> <max>
0	17

[block]
# block no. 0 follows, 47 sequences, length 44
# corresponding to MSA columns:
# 17-32,34-61
name=unknown_A
#
# <colnr> <probs for GDERKNQSTAVLIFYWHMCP>
#	G	D	E	R	K	N	Q	S	T	A	V	L	I	F	Y	W	H	M	C	P
0	0.00831	0.00597	0.00827	0.00942	0.01064	0.00593	0.00822	0.01066	0.01198	0.01553	0.02855	0.05841	0.05915	0.01434	0.00715	0.00237	0.00471	0.72080	0.00480	0.00478
1	0.82104	0.01004	0.00796	0.03778	0.01107	0.01168	0.00598	0.01523	0.00892	0.02297	0.00733	0.00867	0.00569	0.00485	0.00330	0.00162	0.00414	0.00289	0.00319	0.00565
2	0.04008	0.00547	0.00685	0.00652	0.00782	0.00512	0.00488	0.00979	0.01413	0.02025	0.67580	0.07274	0.08955	0.01082	0.00605	0.00167	0.00255	0.00949	0.00554	0.00488
3	0.71928	0.01011	0.00880	0.07758	0.01268	0.01167	0.00664	0.04087	0.00976	0.05209	0.00811	0.00943	0.00614	0.00498	0.00354	0.00162	0.00436	0.00314	0.00333	0.00588
4	0.77075	0.01011	0.00851	0.00812	0.04538	0.01150	0.00622	0.01588	0.00932	0.06440	0.00808	0.00916	0.00615	0.00491	0.00342	0.00161	0.00415	0.00303	0.00337	0.00593
5	0.15321	0.01656	0.01554	0.01717	0.22283	0.28386	0.01101	0.12996	0.01399	0.01863	0.00897	0.01079	0.00728	0.00548	0.00554	0.00154	0.06366	0.00390	0.00309	0.00697
6	0.00757	0.00505	0.00568	0.00568	0.00568	0.00505	0.00316	0.00757	0.00757	0.01010	0.01641	0.03408	0.01893	0.81698	0.02651	0.00505	0.00505	0.00757	0.00316	0.00316
7	0.00905	0.00452	0.00678	0.00678	0.00678	0.00452	0.00452	0.00678	0.00678	0.00905	0.00905	0.01583	0.00905	0.01809	0.02035	0.84848	0.00452	0.00452	0.00226	0.00226
8	0.01309	0.62972	0.21037	0.01033	0.01557	0.01856	0.01139	0.01581	0.01068	0.01327	0.00775	0.00899	0.00666	0.00457	0.00373	0.00124	0.00608	0.00304	0.00222	0.00693
9	0.00759	0.00685	0.06490	0.00848	0.00974	0.00543	0.04051	0.00909	0.01034	0.03904	0.02646	0.60480	0.05629	0.04996	0.00734	0.00218	0.00381	0.03793	0.00452	0.00474
10	0.00639	0.00457	0.00608	0.00722	0.00756	0.00426	0.00484	0.00737	0.01018	0.01363	0.06211	0.77922	0.03509	0.01606	0.00662	0.00209	0.00300	0.01457	0.00487	0.00426
11	0.01226	0.01174	0.02001	0.18979	0.63155	0.01221	0.01567	0.01544	0.01156	0.01626	0.00969	0.01309	0.00798	0.00476	0.00517	0.00159	0.00634	0.00464	0.00252	0.00775
12	0.01055	0.00897	0.01052	0.00763	0.01201	0.00679	0.00608	0.01287	0.01109	0.01726	0.06592	0.01286	0.01075	0.00435	0.00402	0.00083	0.00375	0.00355	0.00328	0.78692
13	0.00765	0.00599	0.00838	0.00830	0.00926	0.01884	0.00642	0.00945	0.00915	0.01290	0.07233	0.05863	0.05046	0.03327	0.62905	0.00698	0.03862	0.00645	0.00317	0.00470
14	0.09494	0.00949	0.01193	0.02242	0.01351	0.00897	0.00774	0.09004	0.04480	0.59141	0.03794	0.01699	0.01284	0.00640	0.00508	0.00162	0.00449	0.00510	0.00592	0.00840
15	0.01057	0.01000	0.01694	0.63862	0.13700	0.01192	0.04214	0.02821	0.01090	0.01429	0.00939	0.01368	0.00719	0.00520	0.00548	0.00172	0.02344	0.00469	0.00242	0.00622
16	0.01286	0.01175	0.01586	0.10679	0.01767	0.08617	0.12449	0.02852	0.08505	0.07839	0.01165	0.01546	0.00973	0.07471	0.04517	0.00235	0.21453	0.00510	0.00320	0.05056
17	0.01079	0.02429	0.64601	0.03313	0.07914	0.01221	0.08923	0.01641	0.01117	0.01648	0.00949	0.01148	0.00685	0.00488	0.00508	0.00165	0.00767	0.00414	0.00227	0.00763
18	0.65001	0.09272	0.01071	0.00789	0.01127	0.06773	0.00659	0.07086	0.01059	0.02220	0.00769	0.00881	0.00606	0.00494	0.00348	0.00154	0.00468	0.00299	0.00323	0.00601
19	0.01011	0.00638	0.00765	0.00707	0.00828	0.00616	0.00484	0.05617	0.02464	0.09773	0.06394	0.16563	0.02121	0.40127	0.03593	0.00348	0.00464	0.00813	0.00411	0.06260
20	0.11875	0.61090	0.04891	0.00915	0.01340	0.01865	0.00892	0.05003	0.03674	0.01504	0.00801	0.00908	0.00696	0.00479	0.00384	0.00126	0.02321	0.00305	0.00259	0.00672
21	0.00765	0.00513	0.00639	0.00639	0.00661	0.00535	0.00404	0.00792	0.00770	0.01049	0.01529	0.02956	0.01682	0.57648	0.20607	0.06769	0.00709	0.00688	0.00300	0.00344
22	0.00637	0.00458	0.00605	0.00718	0.00755	0.00426	0.00481	0.00734	0.01018	0.01357	0.05471	0.76818	0.05383	0.01605	0.00662	0.00209	0.00299	0.01453	0.00486	0.00426
23	0.01005	0.00950	0.01557	0.71258	0.03329	0.01201	0.01404	0.01355	0.02720	0.01342	0.00929	0.01377	0.00713	0.00561	0.00632	0.00179	0.08201	0.00465	0.00238	0.00583
24	0.20702	0.23149	0.03320	0.01077	0.01415	0.39651	0.00895	0.01808	0.01224	0.01510	0.00768	0.00894	0.00646	0.00500	0.00401	0.00135	0.00713	0.00309	0.00267	0.00615
25	0.01251	0.01198	0.02045	0.12832	0.69111	0.01227	0.01579	0.01565	0.01168	0.01655	0.00973	0.01301	0.00809	0.00471	0.00516	0.00157	0.00628	0.00464	0.00254	0.00794
26	0.01032	0.00973	0.01635	0.66768	0.14997	0.01159	0.01450	0.01371	0.01064	0.01396	0.00934	0.01366	0.00716	0.00509	0.00517	0.00168	0.00675	0.00459	0.00237	0.02572
27	0.00725	0.00523	0.00685	0.00663	0.00775	0.00483	0.00490	0.00952	0.01417	0.01998	0.69235	0.13087	0.04739	0.01132	0.00620	0.00169	0.00252	0.01006	0.00563	0.00483
28	0.02301	0.00878	0.01197	0.00921	0.01317	0.00759	0.00759	0.02503	0.01490	0.77112	0.03739	0.01819	0.01369	0.00654	0.00526	0.00161	0.00439	0.00533	0.00643	0.00878
29	0.00719	0.00532	0.00671	0.00636	0.00767	0.00484	0.00477	0.00948	0.01431	0.01987	0.67337	0.04057	0.15815	0.01102	0.00614	0.00166	0.00248	0.00965	0.00560	0.00484
30	0.01392	0.82012	0.02729	0.00891	0.01337	0.02061	0.00891	0.01559	0.01058	0.01225	0.00724	0.00835	0.00668	0.00446	0.00334	0.00111	0.00557	0.00278	0.00223	0.00668
31	0.00634	0.00453	0.00604	0.00725	0.00755	0.00423	0.00483	0.00725	0.00997	0.01329	0.02870	0.81358	0.03444	0.01632	0.00665	0.00211	0.00302	0.01480	0.00483	0.00423
32	0.01980	0.01459	0.01563	0.01198	0.01615	0.01615	0.00990	0.76713	0.02448	0.03282	0.01250	0.01250	0.00886	0.00625	0.00521	0.00156	0.00573	0.00469	0.00521	0.00886
33	0.00773	0.00546	0.00704	0.00701	0.00751	0.00586	0.00478	0.02514	0.00840	0.01158	0.01590	0.06586	0.01701	0.43689	0.34486	0.00621	0.00866	0.00703	0.00313	0.00395
34	0.00905	0.00452	0.00678	0.00678	0.00678	0.00452	0.00452	0.00678	0.00678	0.00905	0.00905	0.01583	0.00905	0.01809	0.02035	0.84848	0.00452	0.00452	0.00226	0.00226
35	0.00639	0.00523	0.00564	0.00566	0.00721	0.00448	0.00420	0.00788	0.01224	0.01525	0.18357	0.10848	0.58971	0.01297	0.00619	0.00176	0.00264	0.01101	0.00500	0.00448
36	0.00734	0.00532	0.00692	0.00652	0.00776	0.00490	0.00489	0.00976	0.01466	0.02070	0.76238	0.03920	0.06862	0.01071	0.00614	0.00164	0.00246	0.00946	0.00571	0.00490
37	0.01323	0.01411	0.02885	0.02071	0.02584	0.01354	0.67132	0.11029	0.01381	0.01869	0.01078	0.01385	0.00802	0.00462	0.00603	0.00173	0.00840	0.00596	0.00296	0.00725
38	0.01164	0.01212	0.01998	0.01593	0.01736	0.01519	0.21695	0.01366	0.00915	0.01366	0.00784	0.01212	0.00713	0.00783	0.01411	0.00214	0.58977	0.00499	0.00238	0.00606
39	0.03050	0.03642	0.51398	0.01530	0.02182	0.03855	0.13898	0.09634	0.02708	0.01831	0.00997	0.01166	0.00721	0.00504	0.00510	0.00164	0.00754	0.00429	0.00269	0.00760
40	0.01411	0.01173	0.01196	0.01064	0.01366	0.05435	0.00829	0.02713	0.67503	0.08125	0.02044	0.01876	0.01517	0.00693	0.00526	0.00173	0.00443	0.00570	0.00525	0.00817
41	0.02336	0.00886	0.01209	0.00927	0.01329	0.00765	0.00765	0.02538	0.01491	0.78810	0.02055	0.01773	0.01289	0.00645	0.00524	0.00161	0.00443	0.00524	0.00645	0.00886
42	0.00678	0.00528	0.00619	0.00639	0.00766	0.00477	0.00470	0.00868	0.03145	0.01594	0.23857	0.23248	0.35824	0.01317	0.00629	0.00184	0.00280	0.03908	0.00508	0.00461
43	0.07386	0.01163	0.01815	0.19632	0.50962	0.03752	0.01426	0.01517	0.01135	0.01639	0.01017	0.04389	0.00874	0.00526	0.00507	0.00161	0.00617	0.00486	0.00266	0.00729

[dist]
# distance from previous block
# <min> <max>
1	4

[block]
# block no. 1 follows, 47 sequences, length 20
# corresponding to MSA columns:
# 66-85
name=unknown_B
#
# <colnr> <probs for GDERKNQSTAVLIFYWHMCP>
#	G	D	E	R	K	N	Q	S	T	A	V	L	I	F	Y	W	H	M	C	P
0	0.03088	0.01056	0.01450	0.16372	0.03384	0.05758	0.07041	0.03316	0.03859	0.01429	0.01176	0.09366	0.01132	0.07158	0.03362	0.00236	0.27400	0.00592	0.02255	0.00568
1	0.01360	0.00714	0.00905	0.00772	0.01018	0.00653	0.00607	0.04396	0.04367	0.29610	0.32511	0.05316	0.13723	0.00936	0.00577	0.00166	0.00339	0.00798	0.00580	0.00652
2	0.00944	0.00866	0.01415	0.66032	0.03101	0.01039	0.01279	0.01253	0.01038	0.01350	0.01172	0.11504	0.01047	0.00654	0.00532	0.00173	0.00628	0.00583	0.00268	0.05124
3	0.01520	0.01632	0.01675	0.05454	0.30743	0.29614	0.01219	0.08198	0.01368	0.01632	0.02959	0.03293	0.00947	0.00669	0.02756	0.00172	0.04699	0.00458	0.00296	0.00698
4	0.01080	0.00926	0.01080	0.00771	0.01234	0.00694	0.00617	0.01311	0.01080	0.01697	0.00926	0.01080	0.00771	0.00386	0.00386	0.00077	0.00386	0.00309	0.00309	0.84882
5	0.01139	0.01139	0.01595	0.01367	0.01367	0.01595	0.01139	0.01253	0.00798	0.01253	0.00684	0.01139	0.00684	0.00911	0.01709	0.00228	0.80745	0.00456	0.00228	0.00570
6	0.00634	0.00477	0.00588	0.00669	0.00742	0.00430	0.00460	0.00742	0.01069	0.01384	0.06823	0.57309	0.23742	0.01522	0.00649	0.00200	0.00289	0.01354	0.00487	0.00430
7	0.00983	0.00926	0.01562	0.80447	0.03587	0.01157	0.01446	0.01331	0.01041	0.01331	0.00926	0.01388	0.00694	0.00521	0.00521	0.00174	0.00694	0.00463	0.00231	0.00579
8	0.00838	0.00714	0.00756	0.00800	0.00910	0.05917	0.00568	0.01177	0.14108	0.01508	0.05794	0.51303	0.10910	0.01345	0.00621	0.00195	0.00358	0.01190	0.00480	0.00508
9	0.01173	0.00999	0.01069	0.00992	0.01242	0.01135	0.00759	0.02392	0.63439	0.02025	0.02339	0.13958	0.04474	0.00866	0.00553	0.00182	0.00391	0.00740	0.00521	0.00751
10	0.00747	0.00501	0.00571	0.00581	0.00583	0.00498	0.00329	0.00755	0.00777	0.01036	0.01742	0.09837	0.02021	0.75095	0.02487	0.00481	0.00488	0.00817	0.00329	0.00324
11	0.00757	0.00505	0.00568	0.00568	0.00568	0.00505	0.00316	0.00757	0.00757	0.01010	0.01641	0.03408	0.01893	0.81698	0.02651	0.00505	0.00505	0.00757	0.00316	0.00316
12	0.00983	0.00926	0.01562	0.80447	0.03587	0.01157	0.01446	0.01331	0.01041	0.01331	0.00926	0.01388	0.00694	0.00521	0.00521	0.00174	0.00694	0.00463	0.00231	0.00579
13	0.01223	0.01042	0.01115	0.01007	0.01279	0.01191	0.00781	0.02535	0.67602	0.02167	0.12030	0.02197	0.02023	0.00753	0.00541	0.00175	0.00390	0.00635	0.00536	0.00781
14	0.00650	0.00514	0.00586	0.00599	0.00733	0.00450	0.00438	0.00803	0.01223	0.01565	0.23405	0.19871	0.44685	0.01316	0.00625	0.00180	0.00267	0.01135	0.00506	0.00450
15	0.01915	0.02101	0.01499	0.01373	0.05263	0.54344	0.01013	0.16256	0.04485	0.05450	0.01007	0.01093	0.00783	0.00561	0.00486	0.00142	0.00811	0.00385	0.00344	0.00690
16	0.00634	0.00453	0.00604	0.00725	0.00755	0.00423	0.00483	0.00725	0.00997	0.01329	0.02870	0.81358	0.03444	0.01632	0.00665	0.00211	0.00302	0.01480	0.00483	0.00423
17	0.00736	0.00506	0.00580	0.00586	0.00611	0.00497	0.00350	0.00769	0.00845	0.01121	0.05680	0.08900	0.08427	0.63861	0.04066	0.00449	0.00480	0.00839	0.00352	0.00345
18	0.02067	0.01318	0.01476	0.01132	0.01545	0.01407	0.00935	0.58517	0.02213	0.21810	0.01448	0.01378	0.00985	0.00630	0.00522	0.00157	0.00541	0.00482	0.00551	0.00886
19	0.01254	0.01202	0.02051	0.11942	0.69975	0.01228	0.01581	0.01568	0.01169	0.01659	0.00973	0.01300	0.00810	0.00470	0.00516	0.00157	0.00627	0.00464	0.00255	0.00797

[dist]
# distance from previous block
# <min> <max>
0	3

[block]
# block no. 2 follows, 47 sequences, length 29
# corresponding to MSA columns:
# 89-117
name=unknown_C
#
# <colnr> <probs for GDERKNQSTAVLIFYWHMCP>
#	G	D	E	R	K	N	Q	S	T	A	V	L	I	F	Y	W	H	M	C	P
0	0.00929	0.00564	0.00703	0.00697	0.00774	0.00550	0.00488	0.01022	0.00983	0.09136	0.08261	0.05611	0.02315	0.47529	0.03826	0.00392	0.00490	0.14898	0.00405	0.00426
1	0.85377	0.01007	0.00765	0.00685	0.01007	0.01168	0.00564	0.01531	0.00886	0.02336	0.00725	0.00846	0.00564	0.00483	0.00322	0.00161	0.00403	0.00282	0.00322	0.00564
2	0.02063	0.00826	0.01121	0.00880	0.01235	0.00718	0.00718	0.02272	0.01488	0.65670	0.15092	0.02135	0.01910	0.00716	0.00539	0.00162	0.00409	0.00595	0.00632	0.00819
3	0.00729	0.00505	0.00633	0.00658	0.00684	0.00519	0.00422	0.00787	0.00825	0.01119	0.01847	0.19497	0.02094	0.48351	0.18586	0.00514	0.00651	0.00867	0.00343	0.00370
4	0.01080	0.00926	0.01080	0.00771	0.01234	0.00694	0.00617	0.01311	0.01080	0.01697	0.00926	0.01080	0.00771	0.00386	0.00386	0.00077	0.00386	0.00309	0.00309	0.84882
5	0.00756	0.00552	0.00713	0.00669	0.00798	0.00519	0.00503	0.01044	0.04089	0.02091	0.75560	0.03823	0.04799	0.01052	0.00611	0.00164	0.00251	0.00930	0.00572	0.00503
6	0.00757	0.00505	0.00568	0.00568	0.00568	0.00505	0.00316	0.00757	0.00757	0.01010	0.01641	0.03408	0.01893	0.81698	0.02651	0.00505	0.00505	0.00757	0.00316	0.00316
7	0.00729	0.00532	0.00685	0.00646	0.00773	0.00488	0.00485	0.00967	0.01455	0.02042	0.73225	0.03966	0.09892	0.01082	0.00614	0.00165	0.00247	0.00952	0.00567	0.00488
8	0.00832	0.00581	0.00750	0.02124	0.00880	0.00553	0.00536	0.02619	0.03736	0.05031	0.59537	0.12442	0.06197	0.01089	0.00610	0.00170	0.00280	0.00961	0.00555	0.00518
9	0.01392	0.82012	0.02729	0.00891	0.01337	0.02061	0.00891	0.01559	0.01058	0.01225	0.00724	0.00835	0.00668	0.00446	0.00334	0.00111	0.00557	0.00278	0.00223	0.00668
10	0.85377	0.01007	0.00765	0.00685	0.01007	0.01168	0.00564	0.01531	0.00886	0.02336	0.00725	0.00846	0.00564	0.00483	0.00322	0.00161	0.00403	0.00282	0.00322	0.00564
11	0.01253	0.05172	0.12365	0.01191	0.03128	0.04544	0.04748	0.03744	0.46952	0.01979	0.05602	0.01865	0.03807	0.00674	0.00524	0.00169	0.00510	0.00564	0.00442	0.00767
12	0.01193	0.00878	0.01043	0.00769	0.01177	0.00683	0.00604	0.01397	0.01095	0.10578	0.01129	0.01397	0.00946	0.08693	0.00632	0.00130	0.00404	0.00379	0.00348	0.66523
13	0.01832	0.01371	0.01484	0.01128	0.01552	0.01464	0.00929	0.64325	0.02224	0.03022	0.01197	0.01222	0.00867	0.00586	0.00499	0.00143	0.00542	0.00443	0.00486	0.14686
14	0.01161	0.00932	0.01108	0.00805	0.01245	0.00734	0.00647	0.01386	0.01094	0.06500	0.00987	0.01126	0.00800	0.00423	0.00447	0.00088	0.03576	0.00328	0.00326	0.76288
15	0.00676	0.00681	0.08585	0.00802	0.00908	0.00503	0.00630	0.00819	0.01007	0.01362	0.02673	0.73188	0.03161	0.01516	0.00647	0.00207	0.00350	0.01369	0.00457	0.00458
16	0.01289	0.01237	0.02114	0.03196	0.78450	0.01237	0.01598	0.01598	0.01186	0.01701	0.00980	0.01289	0.00825	0.00464	0.00516	0.00155	0.00619	0.00464	0.00258	0.00825
17	0.01776	0.01258	0.01489	0.01170	0.01540	0.01351	0.05623	0.51336	0.05776	0.10904	0.01534	0.09519	0.01225	0.00785	0.02055	0.00178	0.00559	0.00594	0.00510	0.00816
18	0.06563	0.01273	0.03947	0.13115	0.04833	0.01231	0.47816	0.01687	0.01193	0.09505	0.01103	0.01389	0.00809	0.00488	0.00595	0.00173	0.02734	0.00550	0.00299	0.00697
19	0.02001	0.00832	0.01114	0.00883	0.01230	0.00739	0.00718	0.02266	0.04790	0.61564	0.15865	0.02164	0.01960	0.00723	0.00540	0.00162	0.00406	0.00602	0.00627	0.00812
20	0.00983	0.00926	0.01562	0.80447	0.03587	0.01157	0.01446	0.01331	0.01041	0.01331	0.00926	0.01388	0.00694	0.00521	0.00521	0.00174	0.00694	0.00463	0.00231	0.00579
21	0.00875	0.00585	0.00680	0.00675	0.00862	0.00513	0.00539	0.01037	0.01221	0.10901	0.04267	0.07145	0.50360	0.01272	0.00628	0.00189	0.00333	0.16914	0.00502	0.00502
22	0.01799	0.04018	0.19110	0.01258	0.06417	0.01027	0.03708	0.09169	0.01443	0.40362	0.03397	0.01647	0.01169	0.00613	0.00520	0.00162	0.00556	0.02320	0.00479	0.00823
23	0.00983	0.00926	0.01562	0.80447	0.03587	0.01157	0.01446	0.01331	0.01041	0.01331	0.00926	0.01388	0.00694	0.00521	0.00521	0.00174	0.00694	0.00463	0.00231	0.00579
24	0.00744	0.00503	0.00590	0.00602	0.00611	0.00506	0.00355	0.00766	0.00787	0.01056	0.01750	0.11252	0.02012	0.68358	0.07584	0.00497	0.00544	0.00818	0.00330	0.00336
25	0.00845	0.00615	0.00739	0.00798	0.05546	0.00635	0.00474	0.01038	0.08629	0.01231	0.01756	0.05009	0.03638	0.57375	0.06467	0.00440	0.00533	0.00728	0.03084	0.00419
26	0.04831	0.00905	0.01510	0.60773	0.03036	0.01076	0.06795	0.01300	0.01045	0.01418	0.01145	0.09520	0.00993	0.00628	0.00529	0.00176	0.00642	0.00570	0.02540	0.00569
27	0.13193	0.00987	0.01072	0.00918	0.01190	0.03112	0.00734	0.21787	0.03047	0.17433	0.03301	0.03674	0.01511	0.13315	0.02128	0.00235	0.00508	0.10719	0.00471	0.00666
28	0.01895	0.01422	0.01482	0.01155	0.01545	0.04075	0.00947	0.67362	0.04638	0.03100	0.01290	0.01304	0.00928	0.00624	0.00510	0.00154	0.00560	0.00469	0.05692	0.00850

[dist]
# distance from previous block
# <min> <max>
0	1

[block]
# block no. 3 follows, 47 sequences, length 7
# corresponding to MSA columns:
# 119-125
name=unknown_D
#
# <colnr> <probs for GDERKNQSTAVLIFYWHMCP>
#	G	D	E	R	K	N	Q	S	T	A	V	L	I	F	Y	W	H	M	C	P
0	0.00791	0.00624	0.00684	0.00665	0.00841	0.00580	0.00509	0.08997	0.01323	0.01664	0.10099	0.14244	0.49384	0.01272	0.00619	0.00182	0.00316	0.06221	0.00494	0.00493
1	0.01434	0.58642	0.07515	0.00971	0.01397	0.10262	0.00945	0.05660	0.01183	0.01415	0.00836	0.00956	0.00721	0.00478	0.00372	0.00120	0.00594	0.00315	0.05514	0.00668
2	0.00980	0.00793	0.00922	0.04697	0.01162	0.00783	0.00649	0.08451	0.14817	0.01782	0.06100	0.24557	0.14886	0.01010	0.00558	0.00165	0.00373	0.00872	0.00455	0.15988
3	0.01538	0.01111	0.01262	0.01060	0.03797	0.01141	0.00818	0.32954	0.11573	0.08568	0.01548	0.10035	0.01279	0.00693	0.00505	0.00148	0.00465	0.00567	0.03748	0.17189
4	0.05216	0.05931	0.01341	0.01006	0.01373	0.06959	0.00819	0.23023	0.14986	0.17935	0.03215	0.01481	0.01145	0.00604	0.00482	0.00147	0.00498	0.00466	0.03491	0.09883
5	0.01097	0.00976	0.00949	0.03543	0.01135	0.13479	0.00680	0.11604	0.01266	0.01591	0.01983	0.39609	0.02190	0.06023	0.00756	0.02895	0.00485	0.03536	0.00416	0.05788
6	0.01149	0.01000	0.01178	0.00903	0.01299	0.03620	0.04365	0.07877	0.03948	0.01790	0.01238	0.11018	0.01137	0.00579	0.00451	0.00111	0.00436	0.00493	0.00353	0.57056

[dist]
# distance from previous block
# <min> <max>
2	14

[block]
# block no. 4 follows, 47 sequences, length 75
# corresponding to MSA columns:
# 140-214
name=unknown_E
#
# <colnr> <probs for GDERKNQSTAVLIFYWHMCP>
#	G	D	E	R	K	N	Q	S	T	A	V	L	I	F	Y	W	H	M	C	P
0	0.52335	0.01278	0.10063	0.02747	0.01307	0.05142	0.00812	0.05979	0.02554	0.09229	0.03641	0.01128	0.00840	0.00536	0.00399	0.00161	0.00488	0.00363	0.00359	0.00641
1	0.01045	0.00805	0.03468	0.00769	0.01029	0.00702	0.00624	0.10011	0.03038	0.07549	0.32988	0.04763	0.17035	0.00917	0.00559	0.00154	0.00344	0.00779	0.00502	0.12919
2	0.01500	0.01161	0.01232	0.01006	0.01306	0.04962	0.00802	0.42310	0.04466	0.02612	0.20876	0.04692	0.02042	0.03003	0.02552	0.00183	0.00505	0.00625	0.00502	0.03662
3	0.01041	0.00790	0.01116	0.01203	0.14758	0.00749	0.03792	0.06392	0.01414	0.07542	0.34035	0.03151	0.18130	0.00907	0.00579	0.00162	0.00381	0.00797	0.00482	0.02578
4	0.05524	0.02053	0.48448	0.02692	0.04680	0.01162	0.05779	0.01783	0.06375	0.09688	0.01123	0.01243	0.00802	0.00526	0.00523	0.00163	0.02559	0.00423	0.00298	0.04156
5	0.00983	0.00904	0.01510	0.76582	0.03443	0.01125	0.01394	0.01325	0.01044	0.01360	0.00963	0.01415	0.00725	0.00525	0.00513	0.00171	0.00672	0.00464	0.04308	0.00574
6	0.01947	0.02434	0.01480	0.01335	0.01610	0.75923	0.01005	0.05605	0.01522	0.01369	0.00826	0.00954	0.00681	0.00541	0.00472	0.00135	0.00922	0.00342	0.00280	0.00617
7	0.15301	0.03341	0.01583	0.09417	0.19393	0.04986	0.05175	0.11138	0.02572	0.15770	0.01158	0.01286	0.00854	0.00539	0.00509	0.00157	0.02467	0.00439	0.00373	0.03541
8	0.05686	0.01001	0.03577	0.01213	0.09655	0.00949	0.02429	0.10295	0.08614	0.30493	0.05709	0.09334	0.01622	0.00849	0.02650	0.00188	0.00494	0.03979	0.00506	0.00758
9	0.00757	0.00505	0.00568	0.00568	0.00568	0.00505	0.00316	0.00757	0.00757	0.01010	0.01641	0.03408	0.01893	0.81698	0.02651	0.00505	0.00505	0.00757	0.00316	0.00316
10	0.01431	0.01207	0.01584	0.02695	0.03004	0.03845	0.15104	0.21957	0.24304	0.04057	0.03653	0.05363	0.01376	0.00683	0.00544	0.00168	0.00552	0.02351	0.05369	0.00752
11	0.01277	0.01283	0.08776	0.26558	0.39638	0.03019	0.01495	0.03388	0.01191	0.06903	0.01035	0.01327	0.00800	0.00502	0.00515	0.00161	0.00650	0.00458	0.00279	0.00745
12	0.01064	0.00749	0.00838	0.11535	0.01189	0.06102	0.00643	0.04939	0.01096	0.01663	0.01357	0.01709	0.01107	0.01064	0.08209	0.10789	0.02442	0.00473	0.42538	0.00494
13	0.00761	0.00790	0.10042	0.00741	0.00947	0.00572	0.00653	0.01038	0.01400	0.01966	0.61445	0.03672	0.11943	0.01023	0.00600	0.00165	0.00310	0.00891	0.00522	0.00519
14	0.01256	0.06670	0.19514	0.12479	0.15099	0.02679	0.24370	0.03184	0.01191	0.05437	0.01018	0.01280	0.00769	0.00492	0.00554	0.00165	0.02365	0.00481	0.00269	0.00728
15	0.01077	0.10117	0.71862	0.01429	0.02168	0.01289	0.01827	0.01641	0.01096	0.01610	0.00915	0.01075	0.00660	0.00490	0.00480	0.00160	0.00750	0.00375	0.00220	0.00760
16	0.00990	0.00504	0.00506	0.00499	0.00626	0.00507	0.00376	0.02666	0.01118	0.01967	0.01690	0.01928	0.01326	0.00607	0.00367	0.00122	0.00249	0.00485	0.82972	0.00493
17	0.00738	0.00536	0.00698	0.00668	0.00793	0.00496	0.00508	0.00979	0.01447	0.02031	0.70912	0.04050	0.07644	0.01096	0.00620	0.00169	0.00260	0.05302	0.00564	0.00489
18	0.01023	0.04253	0.71971	0.01406	0.02128	0.01175	0.01797	0.01585	0.01105	0.01623	0.01228	0.01362	0.05985	0.00550	0.00500	0.00165	0.00730	0.00432	0.00238	0.00745
19	0.00634	0.00453	0.00604	0.00725	0.00755	0.00423	0.00483	0.00725	0.00997	0.01329	0.02870	0.81358	0.03444	0.01632	0.00665	0.00211	0.00302	0.01480	0.00483	0.00423
20	0.00681	0.00472	0.00619	0.00715	0.00768	0.00436	0.00486	0.00784	0.01043	0.03315	0.06548	0.71228	0.07842	0.01562	0.00656	0.00206	0.00301	0.01409	0.00492	0.00439
21	0.02603	0.02331	0.59918	0.03334	0.11272	0.01220	0.07046	0.01660	0.02781	0.01674	0.00970	0.01163	0.00708	0.00492	0.00504	0.00165	0.00743	0.00414	0.00236	0.00765
22	0.00675	0.00510	0.00647	0.00747	0.00792	0.02176	0.00511	0.00777	0.00994	0.01317	0.02710	0.69703	0.04506	0.01846	0.09143	0.00276	0.00433	0.01349	0.00457	0.00432
23	0.00648	0.00459	0.00600	0.00708	0.00735	0.00432	0.00465	0.00729	0.00971	0.01295	0.02737	0.72877	0.03276	0.10343	0.00881	0.00243	0.00324	0.01402	0.00465	0.00411
24	0.83614	0.01017	0.00782	0.00696	0.01020	0.01178	0.00573	0.03120	0.00919	0.02356	0.00736	0.00855	0.00571	0.00486	0.00326	0.00161	0.00406	0.00286	0.00326	0.00571
25	0.00786	0.00576	0.00766	0.00843	0.00970	0.00555	0.00712	0.01007	0.01235	0.01612	0.14609	0.06866	0.14680	0.01367	0.00687	0.00218	0.00408	0.51133	0.00494	0.00474
26	0.01119	0.00949	0.01101	0.00790	0.01251	0.00735	0.00633	0.04626	0.01140	0.01767	0.00940	0.01087	0.00776	0.00396	0.00392	0.00081	0.00394	0.00316	0.00318	0.81190
27	0.00729	0.00532	0.00685	0.00646	0.00773	0.00488	0.00485	0.00967	0.01455	0.02042	0.73207	0.03966	0.09910	0.01082	0.00614	0.00165	0.00247	0.00953	0.00567	0.00488
28	0.00640	0.00458	0.00609	0.00721	0.00757	0.00427	0.00484	0.00739	0.01023	0.01371	0.07014	0.77096	0.03525	0.01600	0.00662	0.00209	0.00299	0.01451	0.00488	0.00427
29	0.01164	0.01233	0.08026	0.21832	0.44134	0.01191	0.03290	0.01471	0.01098	0.01540	0.00946	0.01310	0.00776	0.00575	0.00659	0.04819	0.04519	0.00460	0.00245	0.00712
30	0.02336	0.00886	0.01209	0.00927	0.01329	0.00765	0.00765	0.02538	0.01491	0.78810	0.02055	0.01773	0.01289	0.00645	0.00524	0.00161	0.00443	0.00524	0.00645	0.00886
31	0.01387	0.01482	0.09702	0.10089	0.44394	0.10669	0.01444	0.04787	0.02632	0.05413	0.01045	0.01282	0.00825	0.00504	0.00507	0.00155	0.00659	0.00446	0.01811	0.00768
32	0.70763	0.00986	0.01973	0.00702	0.01005	0.01103	0.00582	0.04365	0.00954	0.02265	0.00827	0.00979	0.00649	0.00562	0.00418	0.04251	0.00406	0.00314	0.06338	0.00558
33	0.01045	0.02694	0.79000	0.01484	0.02254	0.01209	0.01924	0.01649	0.01099	0.01649	0.00935	0.01099	0.00660	0.00495	0.00495	0.00165	0.00770	0.00385	0.00220	0.00770
34	0.05684	0.00891	0.01191	0.00917	0.01316	0.00782	0.00757	0.02497	0.01466	0.75728	0.02001	0.01735	0.01260	0.00638	0.00516	0.00161	0.00442	0.00514	0.00632	0.00873
35	0.01045	0.02694	0.79000	0.01484	0.02254	0.01209	0.01924	0.01649	0.01099	0.01649	0.00935	0.01099	0.00660	0.00495	0.00495	0.00165	0.00770	0.00385	0.00220	0.00770
36	0.11253	0.00939	0.01185	0.00919	0.01314	0.00867	0.00759	0.07521	0.01491	0.65392	0.01856	0.01637	0.01183	0.00626	0.00502	0.00161	0.00448	0.00494	0.00601	0.00852
37	0.00634	0.00453	0.00604	0.00725	0.00755	0.00423	0.00483	0.00725	0.00997	0.01329	0.02870	0.81358	0.03444	0.01632	0.00665	0.00211	0.00302	0.01480	0.00483	0.00423
38	0.00971	0.00485	0.00485	0.00485	0.00607	0.00485	0.00364	0.01213	0.01092	0.01942	0.01699	0.01942	0.01335	0.00607	0.00364	0.00121	0.00243	0.00485	0.84589	0.00485
39	0.07236	0.00893	0.01182	0.00912	0.01310	0.00789	0.00754	0.02479	0.01455	0.74299	0.01976	0.01718	0.01246	0.00635	0.00512	0.00161	0.00441	0.00509	0.00626	0.00867
40	0.01174	0.01437	0.08355	0.02029	0.02550	0.01249	0.65967	0.01604	0.01217	0.01649	0.01335	0.01630	0.06097	0.00503	0.00606	0.00175	0.00828	0.00631	0.00275	0.00689
41	0.00634	0.00453	0.00604	0.00725	0.00755	0.00423	0.00483	0.00725	0.00997	0.01329	0.02870	0.81358	0.03444	0.01632	0.00665	0.00211	0.00302	0.01480	0.00483	0.00423
42	0.01889	0.10513	0.01602	0.01296	0.01582	0.71777	0.00995	0.02027	0.01434	0.01270	0.00797	0.00929	0.00671	0.00527	0.00456	0.00132	0.00901	0.00330	0.00264	0.00610
43	0.01542	0.02812	0.01646	0.20135	0.06407	0.11450	0.06981	0.30404	0.01661	0.03628	0.01143	0.03230	0.00890	0.00711	0.03526	0.00185	0.00692	0.00487	0.01747	0.00721
44	0.01099	0.11370	0.58702	0.01514	0.03956	0.01298	0.09624	0.01617	0.01108	0.01597	0.00972	0.03087	0.00747	0.00511	0.00494	0.00161	0.00742	0.00426	0.00232	0.00744
45	0.85377	0.01007	0.00765	0.00685	0.01007	0.01168	0.00564	0.01531	0.00886	0.02336	0.00725	0.00846	0.00564	0.00483	0.00322	0.00161	0.00403	0.00282	0.00322	0.00564
46	0.00966	0.02841	0.01381	0.05447	0.01367	0.01121	0.07777	0.01115	0.00900	0.01286	0.01359	0.19125	0.01462	0.08342	0.08167	0.00291	0.35503	0.00728	0.00300	0.00521
47	0.00734	0.00532	0.00692	0.00652	0.00776	0.00490	0.00489	0.00977	0.01467	0.02071	0.76345	0.03918	0.06754	0.01071	0.00614	0.00164	0.00246	0.00946	0.00571	0.00490
48	0.01413	0.80192	0.02695	0.00892	0.01336	0.02032	0.00888	0.01581	0.01068	0.02965	0.00754	0.00856	0.00682	0.00450	0.00338	0.00112	0.00554	0.00284	0.00232	0.00673
49	0.02336	0.00886	0.01209	0.00927	0.01329	0.00765	0.00765	0.02538	0.01491	0.78810	0.02055	0.01773	0.01289	0.00645	0.00524	0.00161	0.00443	0.00524	0.00645	0.00886
50	0.00971	0.00485	0.00485	0.00485	0.00607	0.00485	0.00364	0.01213	0.01092	0.01942	0.01699	0.01942	0.01335	0.00607	0.00364	0.00121	0.00243	0.00485	0.84589	0.00485
51	0.00630	0.00528	0.00547	0.00542	0.00712	0.00446	0.00407	0.00775	0.01221	0.01487	0.13803	0.04881	0.69661	0.01289	0.00615	0.00174	0.00262	0.01081	0.00494	0.00446
52	0.01342	0.01142	0.01204	0.01069	0.01372	0.01317	0.00836	0.07843	0.72357	0.02254	0.02060	0.01895	0.01541	0.00701	0.00529	0.00175	0.00423	0.00581	0.00529	0.00828
53	0.02057	0.01049	0.01287	0.00979	0.01394	0.00989	0.00806	0.22766	0.01695	0.46926	0.01671	0.01529	0.01104	0.00602	0.00503	0.00148	0.00471	0.00478	0.00562	0.12984
54	0.01392	0.82012	0.02729	0.00891	0.01337	0.02061	0.00891	0.01559	0.01058	0.01225	0.00724	0.00835	0.00668	0.00446	0.00334	0.00111	0.00557	0.00278	0.00223	0.00668
55	0.01980	0.01459	0.01563	0.01198	0.01615	0.01615	0.00990	0.76713	0.02448	0.03282	0.01250	0.01250	0.00886	0.00625	0.00521	0.00156	0.00573	0.00469	0.00521	0.00886
56	0.01392	0.82012	0.02729	0.00891	0.01337	0.02061	0.00891	0.01559	0.01058	0.01225	0.00724	0.00835	0.00668	0.00446	0.00334	0.00111	0.00557	0.00278	0.00223	0.00668
57	0.02227	0.00862	0.01173	0.00908	0.01292	0.00747	0.00747	0.02431	0.01489	0.73544	0.07280	0.01918	0.01538	0.00673	0.00530	0.00161	0.00430	0.00552	0.00640	0.00859
58	0.00752	0.00503	0.00570	0.00575	0.00576	0.00501	0.00323	0.00756	0.00768	0.01024	0.01695	0.06871	0.01962	0.78141	0.02562	0.00492	0.00496	0.00789	0.00323	0.00320
59	0.00642	0.00459	0.00611	0.00720	0.00757	0.00428	0.00484	0.00743	0.01030	0.01381	0.08039	0.76041	0.03545	0.01593	0.00661	0.00208	0.00298	0.01443	0.00490	0.00428
60	0.00801	0.00584	0.00712	0.00685	0.00694	0.00645	0.00442	0.00831	0.00769	0.01056	0.01507	0.03022	0.01699	0.65353	0.09365	0.00502	0.09970	0.00704	0.00302	0.00359
61	0.83304	0.03006	0.00814	0.00690	0.01015	0.01190	0.00572	0.01532	0.00890	0.02309	0.00725	0.00846	0.00567	0.00482	0.00323	0.00160	0.00407	0.00282	0.00320	0.00567
62	0.02336	0.00886	0.01209	0.00927	0.01329	0.00765	0.00765	0.02538	0.01491	0.78810	0.02055	0.01773	0.01289	0.00645	0.00524	0.00161	0.00443	0.00524	0.00645	0.00886
63	0.01385	0.01415	0.01889	0.07681	0.53846	0.14509	0.01423	0.03042	0.05291	0.01656	0.01042	0.01348	0.00869	0.00512	0.00512	0.00155	0.00664	0.01713	0.00281	0.00767
64	0.01020	0.00578	0.00602	0.00580	0.00721	0.00600	0.00437	0.03203	0.09536	0.01920	0.01747	0.01958	0.02771	0.00714	0.00506	0.05945	0.00284	0.00506	0.65858	0.00514
65	0.00726	0.00530	0.00682	0.00648	0.00772	0.00486	0.00484	0.00960	0.01442	0.02021	0.71119	0.05804	0.10184	0.01096	0.00615	0.00166	0.00248	0.00966	0.00565	0.00486
66	0.00628	0.00528	0.00545	0.00541	0.00711	0.00445	0.00405	0.00772	0.01216	0.01477	0.12761	0.04897	0.70709	0.01293	0.00615	0.00175	0.00262	0.01083	0.00493	0.00445
67	0.01289	0.01237	0.02114	0.03196	0.78450	0.01237	0.01598	0.01598	0.01186	0.01701	0.00980	0.01289	0.00825	0.00464	0.00516	0.00155	0.00619	0.00464	0.00258	0.00825
68	0.05183	0.04102	0.01104	0.03811	0.01213	0.09165	0.02721	0.13224	0.08131	0.03633	0.15052	0.04701	0.01813	0.00716	0.00510	0.00152	0.02117	0.00577	0.21456	0.00619
69	0.00669	0.00497	0.00595	0.00655	0.00730	0.00457	0.00453	0.00770	0.01035	0.01330	0.05332	0.37765	0.24545	0.16179	0.01017	0.00256	0.00340	0.06507	0.00455	0.00414
70	0.01226	0.03396	0.02140	0.25480	0.13009	0.05628	0.27507	0.04951	0.01207	0.01607	0.01007	0.01350	0.00782	0.00508	0.00586	0.00167	0.04029	0.00505	0.04246	0.00668
71	0.01256	0.00997	0.01147	0.00891	0.01276	0.00908	0.00716	0.21149	0.01432	0.02061	0.01284	0.08343	0.01158	0.00725	0.03094	0.00143	0.00466	0.04068	0.00387	0.48500
72	0.01830	0.11697	0.01642	0.04101	0.03695	0.65708	0.01024	0.01980	0.01404	0.01282	0.00804	0.00952	0.00675	0.00523	0.00457	0.00133	0.00877	0.00337	0.00261	0.00616
73	0.01734	0.01320	0.01327	0.01063	0.01401	0.06730	0.00857	0.52647	0.06305	0.02789	0.01354	0.01452	0.01017	0.03314	0.00563	0.00162	0.00533	0.00479	0.14173	0.00779
74	0.01318	0.01278	0.01990	0.09644	0.60179	0.05173	0.03058	0.04279	0.04836	0.01725	0.01031	0.01312	0.00843	0.00489	0.00517	0.00157	0.00635	0.00467	0.00278	0.00792

[dist]
# distance from previous block
# <min> <max>
2	13

[block]
# block no. 5 follows, 47 sequences, length 69
# corresponding to MSA columns:
# 228-296
name=unknown_F
#
# <colnr> <probs for GDERKNQSTAVLIFYWHMCP>
#	G	D	E	R	K	N	Q	S	T	A	V	L	I	F	Y	W	H	M	C	P
0	0.00738	0.00507	0.00579	0.00581	0.00609	0.00494	0.00348	0.00778	0.00876	0.01166	0.09780	0.07154	0.08423	0.63350	0.02188	0.00430	0.00450	0.00837	0.00363	0.00348
1	0.01045	0.02694	0.79000	0.01484	0.02254	0.01209	0.01924	0.01649	0.01099	0.01649	0.00935	0.01099	0.00660	0.00495	0.00495	0.00165	0.00770	0.00385	0.00220	0.00770
2	0.00975	0.00534	0.00549	0.00548	0.00677	0.00546	0.00409	0.01306	0.07243	0.01920	0.01811	0.07222	0.01496	0.00683	0.00397	0.00132	0.00260	0.00560	0.72225	0.00509
3	0.00744	0.00558	0.00837	0.00837	0.00930	0.00651	0.00651	0.00930	0.00837	0.01209	0.01395	0.02046	0.01302	0.03906	0.79635	0.00837	0.01395	0.00558	0.00279	0.00465
4	0.01353	0.08021	0.03767	0.08630	0.01679	0.25335	0.06555	0.02663	0.01120	0.01332	0.00918	0.01313	0.00820	0.05598	0.06951	0.00239	0.20827	0.00441	0.01853	0.00585
5	0.01089	0.00637	0.00829	0.00829	0.01020	0.00589	0.00695	0.01289	0.01253	0.17501	0.04701	0.04721	0.21752	0.02776	0.00687	0.00211	0.00413	0.37945	0.00513	0.00551
6	0.03852	0.01496	0.12830	0.01160	0.01611	0.01356	0.01055	0.47568	0.03365	0.13157	0.01357	0.03826	0.00989	0.00631	0.00513	0.00158	0.00563	0.00488	0.00481	0.03546
7	0.01387	0.80186	0.02703	0.00902	0.01337	0.02050	0.00897	0.01552	0.01052	0.01226	0.00723	0.00842	0.00669	0.00456	0.00365	0.00114	0.02367	0.00282	0.00223	0.00666
8	0.00618	0.00525	0.00533	0.00536	0.00706	0.00440	0.00400	0.00751	0.01187	0.01417	0.06588	0.07205	0.74678	0.01323	0.00617	0.00177	0.00265	0.01107	0.00485	0.00440
9	0.01064	0.02576	0.72805	0.01622	0.08393	0.01212	0.01898	0.01645	0.01106	0.01653	0.00938	0.01115	0.00673	0.00492	0.00496	0.00164	0.00757	0.00391	0.00223	0.00774
10	0.04317	0.02640	0.01311	0.01012	0.01394	0.01125	0.00830	0.23983	0.13868	0.39207	0.03636	0.01657	0.01277	0.00651	0.00517	0.00161	0.00472	0.00517	0.00572	0.00853
11	0.67599	0.00992	0.00840	0.03529	0.01124	0.01127	0.00616	0.06489	0.01037	0.04522	0.01173	0.01255	0.06870	0.00566	0.00372	0.00162	0.00414	0.00374	0.00355	0.00585
12	0.00647	0.00467	0.00616	0.00731	0.00774	0.00436	0.00503	0.00750	0.01020	0.01348	0.02983	0.72526	0.07151	0.01603	0.00666	0.00212	0.00312	0.06346	0.00483	0.00428
13	0.82307	0.01013	0.00788	0.00699	0.01024	0.01169	0.00575	0.02889	0.00926	0.03812	0.00760	0.00871	0.00584	0.00489	0.00330	0.00161	0.00407	0.00290	0.00332	0.00576
14	0.00636	0.00455	0.00606	0.00724	0.00756	0.00424	0.00484	0.00730	0.01006	0.01343	0.04257	0.79932	0.03471	0.01621	0.00664	0.00211	0.00301	0.01471	0.00485	0.00424
15	0.02880	0.07695	0.01970	0.20024	0.50302	0.03560	0.01455	0.01538	0.01146	0.01578	0.00973	0.01347	0.00817	0.00497	0.00501	0.00157	0.00633	0.01933	0.00255	0.00739
16	0.00983	0.00926	0.01562	0.80447	0.03587	0.01157	0.01446	0.01331	0.01041	0.01331	0.00926	0.01388	0.00694	0.00521	0.00521	0.00174	0.00694	0.00463	0.00231	0.00579
17	0.01397	0.01657	0.09750	0.04255	0.48114	0.20184	0.01452	0.01689	0.01238	0.01573	0.00986	0.03510	0.00844	0.00520	0.00507	0.00153	0.00704	0.00454	0.00262	0.00748
18	0.01165	0.01216	0.02022	0.01606	0.01758	0.01515	0.22907	0.01373	0.00922	0.01373	0.00790	0.01216	0.00714	0.00775	0.01393	0.00213	0.57693	0.00502	0.00238	0.00608
19	0.00696	0.00496	0.00670	0.00787	0.00842	0.00476	0.00580	0.00827	0.01047	0.01385	0.02802	0.57627	0.03272	0.03899	0.00738	0.00228	0.00358	0.22355	0.00477	0.00436
20	0.00646	0.00527	0.00572	0.00564	0.00723	0.00452	0.00422	0.00806	0.01255	0.01576	0.23542	0.06334	0.58244	0.01262	0.00616	0.00174	0.00260	0.01068	0.00506	0.00452
21	0.02274	0.00884	0.01197	0.00922	0.01315	0.00771	0.00760	0.03788	0.01507	0.74774	0.04727	0.01838	0.01410	0.00659	0.00527	0.00161	0.00438	0.00537	0.00640	0.00872
22	0.00659	0.00528	0.00596	0.00631	0.00774	0.00465	0.00483	0.00807	0.01173	0.01449	0.07637	0.16328	0.52149	0.01373	0.00639	0.00191	0.00303	0.12884	0.00487	0.00446
23	0.04416	0.01199	0.01377	0.01061	0.01463	0.01242	0.00876	0.43637	0.01997	0.33127	0.01564	0.01461	0.01046	0.00628	0.00513	0.00158	0.00510	0.00486	0.02371	0.00868
24	0.00634	0.00453	0.00604	0.00725	0.00755	0.00423	0.00483	0.00725	0.00997	0.01329	0.02870	0.81358	0.03444	0.01632	0.00665	0.00211	0.00302	0.01480	0.00483	0.00423
25	0.00634	0.00453	0.00604	0.00725	0.00755	0.00423	0.00483	0.00725	0.00997	0.01329	0.02870	0.81358	0.03444	0.01632	0.00665	0.00211	0.00302	0.01480	0.00483	0.00423
26	0.00727	0.00537	0.00682	0.00661	0.00791	0.00492	0.00505	0.00955	0.01409	0.01944	0.61182	0.04218	0.15739	0.01133	0.00623	0.00172	0.00267	0.06928	0.00552	0.00483
27	0.85377	0.01007	0.00765	0.00685	0.01007	0.01168	0.00564	0.01531	0.00886	0.02336	0.00725	0.00846	0.00564	0.00483	0.00322	0.00161	0.00403	0.00282	0.00322	0.00564
28	0.01807	0.02047	0.01342	0.01196	0.01463	0.57170	0.00909	0.12289	0.01554	0.01651	0.00998	0.01130	0.00798	0.00559	0.00461	0.00135	0.00786	0.00376	0.12703	0.00625
29	0.01392	0.82012	0.02729	0.00891	0.01337	0.02061	0.00891	0.01559	0.01058	0.01225	0.00724	0.00835	0.00668	0.00446	0.00334	0.00111	0.00557	0.00278	0.00223	0.00668
30	0.01018	0.00962	0.01324	0.01177	0.01212	0.02741	0.00960	0.01153	0.00822	0.01234	0.00938	0.01481	0.00911	0.03710	0.26970	0.00430	0.51688	0.00493	0.00247	0.00531
31	0.01483	0.55180	0.02255	0.01008	0.01381	0.21435	0.00912	0.01647	0.01169	0.01259	0.00891	0.01218	0.00835	0.00595	0.01781	0.00138	0.00663	0.05262	0.00252	0.00636
32	0.00895	0.00681	0.00891	0.01001	0.07175	0.00664	0.00669	0.10109	0.01209	0.01638	0.02383	0.54461	0.02712	0.01318	0.00621	0.00193	0.00379	0.06412	0.00458	0.06131
33	0.11760	0.04267	0.06627	0.05724	0.09909	0.26988	0.01089	0.01712	0.05880	0.01534	0.01045	0.01244	0.03516	0.00625	0.00700	0.00165	0.15877	0.00417	0.00283	0.00636
34	0.85377	0.01007	0.00765	0.00685	0.01007	0.01168	0.00564	0.01531	0.00886	0.02336	0.00725	0.00846	0.00564	0.00483	0.00322	0.00161	0.00403	0.00282	0.00322	0.00564
35	0.00733	0.00532	0.00691	0.00651	0.00776	0.00490	0.00489	0.00976	0.01466	0.02068	0.76027	0.03923	0.07074	0.01072	0.00614	0.00164	0.00246	0.00946	0.00571	0.00490
36	0.01212	0.01073	0.03327	0.04084	0.01732	0.00958	0.22818	0.07508	0.03535	0.06940	0.07506	0.09038	0.01424	0.00626	0.00528	0.00146	0.00549	0.00601	0.00374	0.26021
37	0.85377	0.01007	0.00765	0.00685	0.01007	0.01168	0.00564	0.01531	0.00886	0.02336	0.00725	0.00846	0.00564	0.00483	0.00322	0.00161	0.00403	0.00282	0.00322	0.00564
38	0.00650	0.00523	0.00551	0.00550	0.00691	0.00454	0.00394	0.00771	0.01144	0.01409	0.11639	0.06184	0.57872	0.13780	0.00932	0.00226	0.00300	0.01039	0.00466	0.00425
39	0.85377	0.01007	0.00765	0.00685	0.01007	0.01168	0.00564	0.01531	0.00886	0.02336	0.00725	0.00846	0.00564	0.00483	0.00322	0.00161	0.00403	0.00282	0.00322	0.00564
40	0.00725	0.00506	0.00612	0.00640	0.00741	0.00463	0.00453	0.00882	0.01144	0.01608	0.20381	0.34766	0.14452	0.04085	0.00662	0.00187	0.00285	0.01085	0.12861	0.03460
41	0.01385	0.42006	0.26847	0.01125	0.01652	0.07924	0.01220	0.01738	0.03832	0.06557	0.00936	0.01030	0.00740	0.00491	0.00416	0.00136	0.00643	0.00344	0.00264	0.00715
42	0.01360	0.01270	0.01375	0.07769	0.11635	0.09289	0.01000	0.05056	0.50948	0.01995	0.01709	0.01686	0.01299	0.00640	0.00521	0.00168	0.00521	0.00532	0.00443	0.00784
43	0.02325	0.00905	0.01220	0.00935	0.01339	0.00793	0.00773	0.04923	0.01521	0.76382	0.02029	0.01756	0.01276	0.00644	0.00524	0.00161	0.00447	0.00522	0.00641	0.00886
44	0.00723	0.00491	0.00630	0.00691	0.00760	0.00454	0.00475	0.00842	0.01092	0.04180	0.14992	0.53578	0.09494	0.06788	0.00775	0.00217	0.00308	0.01266	0.01800	0.00445
45	0.01040	0.00992	0.01693	0.67471	0.03343	0.01206	0.07833	0.03450	0.01084	0.01410	0.00933	0.01373	0.00707	0.00537	0.00590	0.00176	0.04846	0.00476	0.00242	0.00597
46	0.00721	0.00499	0.00569	0.00589	0.00614	0.00484	0.00352	0.00751	0.00845	0.01107	0.02249	0.16470	0.10656	0.59510	0.02096	0.00420	0.00445	0.00915	0.00362	0.00347
47	0.00784	0.00544	0.00703	0.00656	0.00792	0.00497	0.00494	0.01021	0.01456	0.04687	0.70705	0.03892	0.09664	0.01067	0.00611	0.00165	0.00254	0.00938	0.00570	0.00502
48	0.01155	0.01185	0.02259	0.27811	0.24798	0.01226	0.29180	0.01521	0.01155	0.01563	0.01070	0.01434	0.02218	0.00489	0.00556	0.00169	0.00732	0.00531	0.00256	0.00693
49	0.04312	0.03461	0.05124	0.02559	0.04797	0.02576	0.00881	0.22691	0.08185	0.08892	0.03385	0.17068	0.02625	0.00873	0.00580	0.00175	0.02845	0.05111	0.03166	0.00694
50	0.00755	0.00510	0.00592	0.00588	0.00603	0.00511	0.00346	0.00784	0.00819	0.01107	0.07795	0.03379	0.02107	0.71338	0.06310	0.00494	0.00528	0.00762	0.00334	0.00337
51	0.01706	0.09518	0.03083	0.01155	0.01523	0.08012	0.00972	0.42754	0.04067	0.03576	0.01098	0.01179	0.00835	0.00609	0.00617	0.00151	0.09484	0.00425	0.00414	0.08823
52	0.01171	0.14277	0.61527	0.01374	0.02067	0.01367	0.01697	0.07684	0.01202	0.01718	0.00929	0.01073	0.00679	0.00498	0.00473	0.00156	0.00722	0.00376	0.00245	0.00764
53	0.01468	0.62332	0.07872	0.01003	0.01450	0.10504	0.00983	0.06620	0.01199	0.01397	0.00783	0.00893	0.00682	0.00471	0.00373	0.00121	0.00615	0.00305	0.00247	0.00683
54	0.01144	0.12753	0.53464	0.01581	0.08261	0.02702	0.06795	0.01655	0.02509	0.01595	0.00934	0.01115	0.00701	0.00495	0.00507	0.00159	0.02251	0.00397	0.00233	0.00751
55	0.00652	0.00529	0.00578	0.00566	0.00726	0.00455	0.00424	0.00818	0.01273	0.01611	0.27102	0.04676	0.56285	0.01243	0.00615	0.00172	0.00258	0.01052	0.00510	0.00455
56	0.00647	0.00458	0.00601	0.00710	0.00737	0.00431	0.00467	0.00728	0.00973	0.01298	0.02749	0.73658	0.03291	0.09541	0.00861	0.00240	0.00322	0.01409	0.00467	0.00412
57	0.01532	0.29910	0.07456	0.01224	0.03765	0.30412	0.04574	0.01738	0.01221	0.04127	0.00906	0.01085	0.00763	0.00829	0.08176	0.00201	0.00808	0.00365	0.00263	0.00646
58	0.02673	0.01048	0.04101	0.55661	0.17370	0.01166	0.01415	0.04411	0.01128	0.01521	0.01042	0.01424	0.02203	0.00529	0.00514	0.00168	0.00655	0.00470	0.01864	0.00639
59	0.00634	0.00453	0.00604	0.00725	0.00755	0.00423	0.00483	0.00725	0.00997	0.01329	0.02870	0.81358	0.03444	0.01632	0.00665	0.00211	0.00302	0.01480	0.00483	0.00423
60	0.01083	0.01071	0.03455	0.20559	0.12148	0.03057	0.14431	0.01368	0.01044	0.01477	0.01079	0.03009	0.00912	0.00989	0.09915	0.00252	0.14520	0.00517	0.08504	0.00611
