[name]
unknown

[dist]
# distance from previous block
# <min> <max>
0	85

[block]
# block no. 0 follows, 48 sequences, length 23
# corresponding to MSA columns:
# 101-123
name=unknown_A
#
# <colnr> <probs for GDERKNQSTAVLIFYWHMCP>
#	G	D	E	R	K	N	Q	S	T	A	V	L	I	F	Y	W	H	M	C	P
0	0.04320	0.04930	0.01440	0.01161	0.04491	0.01149	0.07677	0.20049	0.15397	0.18063	0.04506	0.05596	0.01424	0.00697	0.00522	0.00164	0.00493	0.03911	0.03255	0.00756
1	0.05508	0.03880	0.07616	0.02271	0.01336	0.08644	0.00841	0.13072	0.11062	0.16631	0.08495	0.03372	0.06189	0.00764	0.02289	0.00170	0.00511	0.00551	0.04671	0.02126
2	0.09850	0.06813	0.02936	0.03232	0.01232	0.00963	0.04328	0.12794	0.03663	0.12459	0.11269	0.11010	0.03284	0.10548	0.00772	0.00205	0.00459	0.03130	0.00438	0.00615
3	0.03847	0.09067	0.01358	0.03096	0.03911	0.09110	0.00834	0.14219	0.13326	0.16671	0.01592	0.05320	0.03697	0.00905	0.06700	0.00204	0.00583	0.00521	0.00432	0.04605
4	0.05837	0.03371	0.01123	0.00892	0.01180	0.00920	0.02993	0.14651	0.08395	0.21307	0.15012	0.07532	0.05587	0.00856	0.02426	0.00175	0.00431	0.00652	0.04456	0.02203
5	0.00878	0.02100	0.00806	0.00707	0.00893	0.00608	0.00532	0.03228	0.04311	0.04421	0.27899	0.14345	0.11436	0.07821	0.03301	0.00206	0.00363	0.02021	0.00463	0.13661
6	0.17915	0.02714	0.06013	0.04858	0.03814	0.01200	0.00887	0.26315	0.07366	0.12382	0.01306	0.03494	0.00978	0.00595	0.00462	0.00155	0.00490	0.00457	0.05252	0.03347
7	0.00947	0.00608	0.00780	0.00696	0.00871	0.00558	0.00530	0.01225	0.04472	0.10797	0.60412	0.03353	0.03999	0.03074	0.00632	0.00166	0.00285	0.00828	0.00550	0.05215
8	0.85592	0.00992	0.00754	0.00675	0.00992	0.01151	0.00556	0.01508	0.00873	0.02302	0.00714	0.00834	0.00556	0.00476	0.00318	0.00159	0.00397	0.00278	0.00318	0.00556
9	0.02868	0.13795	0.60496	0.01380	0.02060	0.01301	0.05373	0.01640	0.01092	0.04138	0.00929	0.01078	0.00676	0.00483	0.00468	0.00155	0.00716	0.00378	0.00235	0.00741
10	0.01370	0.67420	0.08791	0.00959	0.01407	0.06318	0.00964	0.01629	0.04725	0.01289	0.00800	0.00902	0.00701	0.00460	0.00359	0.00118	0.00580	0.00301	0.00236	0.00670
11	0.00650	0.00457	0.00588	0.00683	0.00707	0.00433	0.00443	0.00721	0.00934	0.01246	0.02582	0.65704	0.03083	0.17960	0.01053	0.00267	0.00338	0.01314	0.00443	0.00395
12	0.01064	0.00912	0.01064	0.00760	0.01216	0.00684	0.00608	0.01292	0.01064	0.01672	0.00912	0.01064	0.00760	0.00380	0.00380	0.00076	0.00380	0.00304	0.00304	0.85104
13	0.01118	0.11633	0.24288	0.00981	0.01389	0.00987	0.01005	0.03967	0.04707	0.09686	0.08382	0.12596	0.11049	0.00801	0.00514	0.00158	0.00489	0.00664	0.00385	0.05202
14	0.09373	0.36423	0.14963	0.01096	0.01505	0.20768	0.01062	0.01654	0.01117	0.01394	0.00765	0.00912	0.00649	0.00503	0.00477	0.00136	0.06003	0.00318	0.00240	0.00644
15	0.00733	0.00550	0.00825	0.00825	0.00916	0.00641	0.00641	0.00916	0.00825	0.01191	0.01374	0.02016	0.01283	0.03848	0.79934	0.00825	0.01374	0.00550	0.00275	0.00458
16	0.28717	0.12136	0.20936	0.00983	0.01451	0.01201	0.01004	0.05383	0.01168	0.20917	0.01113	0.01138	0.00784	0.00520	0.00420	0.00153	0.00526	0.00370	0.00367	0.00713
17	0.01293	0.28710	0.24000	0.01398	0.04186	0.03025	0.15207	0.08087	0.04918	0.01639	0.00950	0.01108	0.00745	0.00490	0.00484	0.00147	0.02219	0.00405	0.00268	0.00720
18	0.04823	0.05533	0.00952	0.04638	0.00993	0.00679	0.03090	0.02445	0.00851	0.01176	0.03749	0.01948	0.01188	0.01501	0.03375	0.54434	0.00495	0.07513	0.00271	0.00348
19	0.00769	0.05502	0.00796	0.00734	0.00817	0.00632	0.00535	0.00926	0.04107	0.01313	0.04775	0.32965	0.08148	0.20499	0.03738	0.00289	0.02622	0.09984	0.00412	0.00438
20	0.01103	0.00889	0.01049	0.00765	0.01199	0.00675	0.00609	0.01323	0.01080	0.05342	0.01053	0.04789	0.00905	0.00448	0.00399	0.00086	0.00379	0.00367	0.00328	0.77213
21	0.01348	0.01285	0.07046	0.01969	0.34654	0.07244	0.03808	0.06445	0.07373	0.08700	0.11251	0.01758	0.03613	0.00609	0.00524	0.00156	0.00562	0.00540	0.00370	0.00744
22	0.03436	0.00975	0.01348	0.15364	0.15144	0.00999	0.00985	0.10912	0.03354	0.12252	0.12229	0.03204	0.01484	0.00624	0.00537	0.00150	0.02769	0.00527	0.00397	0.13312

[dist]
# distance from previous block
# <min> <max>
0	3

[block]
# block no. 1 follows, 48 sequences, length 51
# corresponding to MSA columns:
# 127-177
name=unknown_B
#
# <colnr> <probs for GDERKNQSTAVLIFYWHMCP>
#	G	D	E	R	K	N	Q	S	T	A	V	L	I	F	Y	W	H	M	C	P
0	0.03015	0.25852	0.08868	0.14281	0.01797	0.01365	0.05618	0.11571	0.01245	0.01653	0.03065	0.07593	0.02587	0.00642	0.00491	0.00151	0.01832	0.03327	0.00312	0.04737
1	0.01006	0.01031	0.05382	0.63501	0.08157	0.01126	0.05149	0.01347	0.01042	0.01372	0.00922	0.01341	0.00702	0.00522	0.00538	0.01704	0.00676	0.00454	0.00233	0.03795
2	0.00969	0.00912	0.01539	0.80734	0.03534	0.01140	0.01425	0.01311	0.01026	0.01311	0.00912	0.01368	0.00684	0.00513	0.00513	0.00171	0.00684	0.00456	0.00228	0.00570
3	0.00969	0.00912	0.01539	0.80734	0.03534	0.01140	0.01425	0.01311	0.01026	0.01311	0.00912	0.01368	0.00684	0.00513	0.00513	0.00171	0.00684	0.00456	0.00228	0.00570
4	0.02184	0.00839	0.01128	0.00875	0.01247	0.00730	0.00719	0.02386	0.01434	0.72335	0.01993	0.01761	0.01274	0.00632	0.00502	0.00155	0.00419	0.00513	0.08035	0.00839
5	0.85592	0.00992	0.00754	0.00675	0.00992	0.01151	0.00556	0.01508	0.00873	0.02302	0.00714	0.00834	0.00556	0.00476	0.00318	0.00159	0.00397	0.00278	0.00318	0.00556
6	0.00682	0.00523	0.00624	0.00599	0.00739	0.00465	0.00449	0.00882	0.01347	0.01808	0.51283	0.04243	0.32210	0.01142	0.00606	0.00166	0.00249	0.00985	0.00532	0.00465
7	0.00630	0.00454	0.00591	0.00696	0.00736	0.00422	0.00466	0.00722	0.00998	0.01321	0.04550	0.72685	0.08268	0.03948	0.00708	0.00214	0.00300	0.01402	0.00473	0.00416
8	0.00625	0.00447	0.00595	0.00714	0.00744	0.00417	0.00476	0.00714	0.00982	0.01310	0.02828	0.81633	0.03394	0.01608	0.00655	0.00208	0.00298	0.01459	0.00476	0.00417
9	0.01123	0.01123	0.01572	0.01347	0.01347	0.01572	0.01123	0.01235	0.00786	0.01235	0.00674	0.01123	0.00674	0.00898	0.01684	0.00225	0.81028	0.00449	0.00225	0.00561
10	0.01064	0.00912	0.01064	0.00760	0.01216	0.00684	0.00608	0.01292	0.01064	0.01672	0.00912	0.01064	0.00760	0.00380	0.00380	0.00076	0.00380	0.00304	0.00304	0.85104
11	0.01347	0.01137	0.01200	0.01059	0.01361	0.01309	0.00829	0.10543	0.69908	0.02261	0.01998	0.01843	0.01493	0.00688	0.00521	0.00172	0.00423	0.00568	0.00521	0.00819
12	0.01951	0.01437	0.01540	0.01181	0.01591	0.01591	0.00975	0.77056	0.02412	0.03234	0.01232	0.01232	0.00873	0.00616	0.00513	0.00154	0.00565	0.00462	0.00513	0.00873
13	0.00696	0.00476	0.00574	0.00624	0.00636	0.00464	0.00379	0.00733	0.00844	0.01125	0.02119	0.35813	0.02499	0.48648	0.01800	0.00378	0.00415	0.01042	0.00379	0.00355
14	0.01038	0.00971	0.01530	0.40579	0.04490	0.01001	0.08625	0.01342	0.01057	0.01482	0.00921	0.01253	0.00724	0.00463	0.00496	0.00137	0.02086	0.00416	0.00259	0.31128
15	0.81571	0.01000	0.00784	0.00693	0.01014	0.01152	0.00571	0.03336	0.00924	0.04191	0.00759	0.00865	0.00581	0.00483	0.00327	0.00159	0.00402	0.00288	0.00330	0.00571
16	0.01105	0.00911	0.01066	0.00773	0.01215	0.00701	0.00617	0.03135	0.01105	0.03675	0.00999	0.03245	0.00846	0.00425	0.00394	0.00084	0.00384	0.00344	0.00322	0.78654
17	0.00946	0.00871	0.01154	0.01058	0.01121	0.04853	0.00851	0.01098	0.00840	0.01212	0.01066	0.01606	0.01009	0.02508	0.44813	0.00551	0.33184	0.00499	0.00254	0.00506
18	0.82651	0.00974	0.00745	0.00668	0.00979	0.01128	0.00549	0.01497	0.00880	0.02289	0.00748	0.00871	0.00582	0.00481	0.00319	0.00157	0.00391	0.00285	0.03253	0.00553
19	0.00613	0.00520	0.00529	0.00526	0.00697	0.00436	0.00395	0.00749	0.01184	0.01422	0.09062	0.04880	0.74672	0.01286	0.00606	0.00173	0.00259	0.01075	0.00481	0.00436
20	0.85592	0.00992	0.00754	0.00675	0.00992	0.01151	0.00556	0.01508	0.00873	0.02302	0.00714	0.00834	0.00556	0.00476	0.00318	0.00159	0.00397	0.00278	0.00318	0.00556
21	0.01355	0.78419	0.06401	0.00906	0.01361	0.01990	0.00927	0.01541	0.01045	0.01227	0.00723	0.00836	0.00658	0.00441	0.00337	0.00112	0.00559	0.00279	0.00219	0.00663
22	0.00639	0.00453	0.00591	0.00696	0.00722	0.00426	0.00457	0.00718	0.00955	0.01273	0.02685	0.72420	0.03214	0.11066	0.00885	0.00242	0.00321	0.01375	0.00457	0.00404
23	0.85592	0.00992	0.00754	0.00675	0.00992	0.01151	0.00556	0.01508	0.00873	0.02302	0.00714	0.00834	0.00556	0.00476	0.00318	0.00159	0.00397	0.00278	0.00318	0.00556
24	0.01204	0.27046	0.32554	0.01111	0.01663	0.04288	0.01230	0.01551	0.01082	0.03009	0.00866	0.01006	0.00689	0.00462	0.00440	0.00128	0.02311	0.00333	0.00246	0.18780
25	0.01107	0.05354	0.57385	0.01588	0.02272	0.01258	0.18489	0.03647	0.01146	0.01656	0.00947	0.01144	0.00685	0.00477	0.00508	0.00163	0.00769	0.00428	0.00234	0.00743
26	0.02160	0.00909	0.01188	0.00927	0.01310	0.00827	0.00760	0.05638	0.08102	0.67486	0.02068	0.01812	0.03038	0.00655	0.00518	0.00160	0.00435	0.00532	0.00617	0.00858
27	0.00719	0.00492	0.00565	0.00581	0.00600	0.00481	0.00344	0.00747	0.00827	0.01095	0.04105	0.14664	0.07274	0.62921	0.02144	0.00425	0.00446	0.00875	0.00352	0.00339
28	0.01264	0.00992	0.02902	0.51698	0.05251	0.01101	0.06471	0.04173	0.01164	0.14867	0.01134	0.01426	0.00813	0.00540	0.00544	0.00168	0.02504	0.00476	0.01862	0.00650
29	0.00746	0.00497	0.00560	0.00560	0.00560	0.00497	0.00311	0.00746	0.00746	0.00995	0.01617	0.03358	0.01865	0.81967	0.02612	0.00497	0.00497	0.00746	0.00311	0.00311
30	0.00627	0.00479	0.00577	0.00641	0.00728	0.00428	0.00447	0.00744	0.01087	0.01400	0.10091	0.48397	0.29599	0.01453	0.00634	0.00192	0.00280	0.01283	0.00484	0.00428
31	0.01378	0.73746	0.02561	0.00916	0.01319	0.01960	0.00894	0.01539	0.01034	0.03314	0.00746	0.00871	0.00676	0.00480	0.00440	0.00120	0.06825	0.00295	0.00231	0.00657
32	0.00891	0.00446	0.00668	0.00668	0.00668	0.00446	0.00446	0.00668	0.00668	0.00891	0.00891	0.01560	0.00891	0.01783	0.02005	0.85071	0.00446	0.00446	0.00223	0.00223
33	0.00625	0.00447	0.00595	0.00714	0.00744	0.00417	0.00476	0.00714	0.00982	0.01310	0.02828	0.81633	0.03394	0.01608	0.00655	0.00208	0.00298	0.01459	0.00476	0.00417
34	0.01158	0.01143	0.04492	0.10931	0.01643	0.01465	0.01171	0.01320	0.00859	0.05032	0.00777	0.01181	0.00703	0.00823	0.01440	0.00213	0.64369	0.00450	0.00245	0.00585
35	0.02967	0.18969	0.09120	0.05611	0.01530	0.01305	0.03930	0.22588	0.01435	0.05543	0.01428	0.18816	0.01352	0.00774	0.00527	0.00161	0.02250	0.00636	0.00382	0.00677
36	0.02008	0.00974	0.01208	0.00967	0.01337	0.00951	0.00785	0.07948	0.21534	0.53482	0.01984	0.01753	0.01319	0.00650	0.00517	0.00162	0.00438	0.00529	0.00597	0.00857
37	0.85592	0.00992	0.00754	0.00675	0.00992	0.01151	0.00556	0.01508	0.00873	0.02302	0.00714	0.00834	0.00556	0.00476	0.00318	0.00159	0.00397	0.00278	0.00318	0.00556
38	0.00974	0.00489	0.00500	0.00494	0.00612	0.00486	0.00365	0.01197	0.01064	0.03648	0.01678	0.02003	0.01350	0.05893	0.00509	0.00145	0.00261	0.00497	0.77360	0.00477
39	0.01788	0.01341	0.01459	0.04160	0.01609	0.01496	0.00956	0.58196	0.17086	0.04437	0.01403	0.01381	0.01009	0.00628	0.00515	0.00159	0.00536	0.00486	0.00507	0.00849
40	0.00676	0.00493	0.00636	0.00669	0.00757	0.00454	0.00479	0.00844	0.01226	0.01676	0.39005	0.36440	0.10643	0.01311	0.00628	0.00184	0.00271	0.02637	0.00518	0.00451
41	0.00891	0.00446	0.00668	0.00668	0.00668	0.00446	0.00446	0.00668	0.00668	0.00891	0.00891	0.01560	0.00891	0.01783	0.02005	0.85071	0.00446	0.00446	0.00223	0.00223
42	0.01211	0.01384	0.03028	0.02163	0.02682	0.01298	0.76903	0.01644	0.01211	0.01644	0.01038	0.01384	0.00779	0.00433	0.00606	0.00173	0.00865	0.00606	0.00260	0.00692
43	0.00723	0.00522	0.00683	0.00648	0.00766	0.00482	0.00484	0.00959	0.01436	0.02032	0.75867	0.06536	0.04791	0.01068	0.00607	0.00163	0.00244	0.00946	0.00562	0.00482
44	0.00625	0.00447	0.00595	0.00714	0.00744	0.00417	0.00476	0.00714	0.00982	0.01310	0.02828	0.81633	0.03394	0.01608	0.00655	0.00208	0.00298	0.01459	0.00476	0.00417
45	0.01064	0.00912	0.01064	0.00760	0.01216	0.00684	0.00608	0.01292	0.01064	0.01672	0.00912	0.01064	0.00760	0.00380	0.00380	0.00076	0.00380	0.00304	0.00304	0.85104
46	0.00625	0.00447	0.00595	0.00714	0.00744	0.00417	0.00476	0.00714	0.00982	0.01310	0.02828	0.81633	0.03394	0.01608	0.00655	0.00208	0.00298	0.01459	0.00476	0.00417
47	0.00726	0.00524	0.00686	0.00646	0.00767	0.00484	0.00484	0.00968	0.01452	0.02058	0.78496	0.03833	0.04841	0.01049	0.00605	0.00161	0.00242	0.00928	0.00565	0.00484
48	0.01064	0.00912	0.01064	0.00760	0.01216	0.00684	0.00608	0.01292	0.01064	0.01672	0.00912	0.01064	0.00760	0.00380	0.00380	0.00076	0.00380	0.00304	0.00304	0.85104
49	0.01064	0.00912	0.01064	0.00760	0.01216	0.00684	0.00608	0.01292	0.01064	0.01672	0.00912	0.01064	0.00760	0.00380	0.00380	0.00076	0.00380	0.00304	0.00304	0.85104
50	0.68288	0.15783	0.01117	0.00717	0.01059	0.01302	0.00619	0.01537	0.00918	0.03925	0.00745	0.00853	0.00591	0.00473	0.00324	0.00150	0.00425	0.00283	0.00307	0.00582

[dist]
# distance from previous block
# <min> <max>
0	4

[block]
# block no. 2 follows, 48 sequences, length 74
# corresponding to MSA columns:
# 182-255
name=unknown_C
#
# <colnr> <probs for GDERKNQSTAVLIFYWHMCP>
#	G	D	E	R	K	N	Q	S	T	A	V	L	I	F	Y	W	H	M	C	P
0	0.01068	0.05001	0.73073	0.01458	0.02188	0.03350	0.03645	0.01634	0.01095	0.01603	0.00914	0.01078	0.00654	0.00486	0.00485	0.00160	0.00759	0.00380	0.00219	0.00749
1	0.16645	0.40294	0.28441	0.01040	0.01566	0.01584	0.01166	0.01561	0.01026	0.01550	0.00784	0.00914	0.00637	0.00462	0.00381	0.00137	0.00592	0.00311	0.00236	0.00674
2	0.85592	0.00992	0.00754	0.00675	0.00992	0.01151	0.00556	0.01508	0.00873	0.02302	0.00714	0.00834	0.00556	0.00476	0.00318	0.00159	0.00397	0.00278	0.00318	0.00556
3	0.01951	0.01437	0.01540	0.01181	0.01591	0.01591	0.00975	0.77056	0.02412	0.03234	0.01232	0.01232	0.00873	0.00616	0.00513	0.00154	0.00565	0.00462	0.00513	0.00873
4	0.01064	0.00912	0.01064	0.00760	0.01216	0.00684	0.00608	0.01292	0.01064	0.01672	0.00912	0.01064	0.00760	0.00380	0.00380	0.00076	0.00380	0.00304	0.00304	0.85104
5	0.00733	0.00550	0.00825	0.00825	0.00916	0.00641	0.00641	0.00916	0.00825	0.01191	0.01374	0.02016	0.01283	0.03848	0.79934	0.00825	0.01374	0.00550	0.00275	0.00458
6	0.02100	0.01198	0.01392	0.01067	0.01472	0.01236	0.00882	0.45460	0.02012	0.35394	0.01568	0.01450	0.01041	0.00624	0.00514	0.00156	0.00510	0.00485	0.00565	0.00873
7	0.85592	0.00992	0.00754	0.00675	0.00992	0.01151	0.00556	0.01508	0.00873	0.02302	0.00714	0.00834	0.00556	0.00476	0.00318	0.00159	0.00397	0.00278	0.00318	0.00556
8	0.01189	0.01344	0.02919	0.02092	0.02593	0.01260	0.73351	0.01612	0.01222	0.01663	0.04639	0.01498	0.00967	0.00461	0.00606	0.00172	0.00836	0.00621	0.00274	0.00682
9	0.01372	0.82276	0.02689	0.00878	0.01317	0.02030	0.00878	0.01536	0.01043	0.01207	0.00713	0.00823	0.00658	0.00439	0.00329	0.00110	0.00549	0.00274	0.00219	0.00658
10	0.02302	0.00873	0.01191	0.00913	0.01310	0.00754	0.00754	0.02501	0.01469	0.79122	0.02024	0.01746	0.01270	0.00635	0.00516	0.00159	0.00437	0.00516	0.00635	0.00873
11	0.01917	0.02425	0.01456	0.01319	0.01586	0.78299	0.00991	0.03589	0.01474	0.01296	0.00802	0.00932	0.00665	0.00531	0.00464	0.00133	0.00918	0.00333	0.00269	0.00601
12	0.00956	0.00478	0.00478	0.00478	0.00598	0.00478	0.00359	0.01196	0.01076	0.01913	0.01674	0.01913	0.01315	0.00598	0.00359	0.00120	0.00239	0.00478	0.84816	0.00478
13	0.85592	0.00992	0.00754	0.00675	0.00992	0.01151	0.00556	0.01508	0.00873	0.02302	0.00714	0.00834	0.00556	0.00476	0.00318	0.00159	0.00397	0.00278	0.00318	0.00556
14	0.01917	0.02445	0.01454	0.01322	0.01586	0.79907	0.00991	0.02049	0.01454	0.01256	0.00793	0.00925	0.00661	0.00529	0.00463	0.00132	0.00925	0.00330	0.00264	0.00595
15	0.01276	0.01102	0.01160	0.01044	0.01334	0.01276	0.00812	0.02727	0.77840	0.02146	0.02088	0.01914	0.01566	0.00696	0.00522	0.00174	0.00406	0.00580	0.00522	0.00812
16	0.00628	0.00450	0.00593	0.00705	0.00738	0.00420	0.00469	0.00716	0.00980	0.01302	0.02847	0.77507	0.05095	0.04006	0.00712	0.00216	0.00303	0.01429	0.00471	0.00414
17	0.00628	0.00448	0.00595	0.00711	0.00740	0.00418	0.00473	0.00715	0.00977	0.01303	0.02802	0.79980	0.03361	0.03304	0.00696	0.00214	0.00302	0.01444	0.00473	0.00415
18	0.00607	0.00518	0.00522	0.00524	0.00694	0.00433	0.00392	0.00736	0.01165	0.01384	0.05143	0.06710	0.76822	0.01307	0.00608	0.00174	0.00261	0.01092	0.00476	0.00433
19	0.01951	0.01437	0.01540	0.01181	0.01591	0.01591	0.00975	0.77056	0.02412	0.03234	0.01232	0.01232	0.00873	0.00616	0.00513	0.00154	0.00565	0.00462	0.00513	0.00873
20	0.00625	0.00447	0.00595	0.00714	0.00744	0.00417	0.00476	0.00714	0.00982	0.01310	0.02828	0.81633	0.03394	0.01608	0.00655	0.00208	0.00298	0.01459	0.00476	0.00417
21	0.01103	0.12987	0.57815	0.01379	0.02036	0.02914	0.05905	0.01648	0.04418	0.01580	0.01059	0.01199	0.02726	0.00509	0.00477	0.00156	0.00712	0.00404	0.00240	0.00732
22	0.03800	0.04725	0.72877	0.01460	0.03935	0.01214	0.01817	0.01618	0.01077	0.01637	0.00909	0.01072	0.00651	0.00485	0.00478	0.00161	0.00737	0.00375	0.00221	0.00750
23	0.00625	0.00447	0.00595	0.00714	0.00744	0.00417	0.00476	0.00714	0.00982	0.01310	0.02828	0.81633	0.03394	0.01608	0.00655	0.00208	0.00298	0.01459	0.00476	0.00417
24	0.00726	0.00524	0.00686	0.00646	0.00767	0.00484	0.00484	0.00968	0.01452	0.02058	0.78496	0.03833	0.04841	0.01049	0.00605	0.00161	0.00242	0.00928	0.00565	0.00484
25	0.01279	0.12389	0.06533	0.02688	0.60625	0.02629	0.03449	0.01582	0.01152	0.01602	0.00927	0.01196	0.00779	0.00457	0.00484	0.00147	0.00622	0.00430	0.00247	0.00782
26	0.01363	0.80121	0.04762	0.00894	0.01341	0.02008	0.00906	0.01539	0.01044	0.01219	0.00719	0.00830	0.00658	0.00440	0.00334	0.00111	0.00554	0.00277	0.00219	0.00661
27	0.85592	0.00992	0.00754	0.00675	0.00992	0.01151	0.00556	0.01508	0.00873	0.02302	0.00714	0.00834	0.00556	0.00476	0.00318	0.00159	0.00397	0.00278	0.00318	0.00556
28	0.00625	0.00447	0.00595	0.00714	0.00744	0.00417	0.00476	0.00714	0.00982	0.01310	0.02828	0.81633	0.03394	0.01608	0.00655	0.00208	0.00298	0.01459	0.00476	0.00417
29	0.00625	0.00447	0.00595	0.00714	0.00744	0.00417	0.00476	0.00714	0.00982	0.01310	0.02828	0.81633	0.03394	0.01608	0.00655	0.00208	0.00298	0.01459	0.00476	0.00417
30	0.03366	0.01170	0.14431	0.01321	0.11203	0.00963	0.01081	0.05540	0.15234	0.03029	0.01952	0.04742	0.03256	0.00978	0.02254	0.00205	0.00540	0.27676	0.00407	0.00654
31	0.01223	0.03257	0.20035	0.02559	0.52795	0.01231	0.03404	0.03346	0.02755	0.01697	0.01010	0.01309	0.00824	0.00488	0.00506	0.00156	0.00641	0.01714	0.00260	0.00790
32	0.01249	0.37001	0.27497	0.01226	0.05553	0.06075	0.01245	0.01555	0.01082	0.02639	0.01026	0.01163	0.04296	0.00534	0.00503	0.00142	0.05916	0.00374	0.00242	0.00682
33	0.01060	0.09803	0.72430	0.01410	0.02140	0.01267	0.01804	0.01617	0.01080	0.01587	0.00902	0.01060	0.00651	0.00483	0.00473	0.00158	0.00739	0.00370	0.00217	0.00749
34	0.00624	0.00450	0.00592	0.00706	0.00742	0.00417	0.00473	0.00715	0.00990	0.01313	0.02931	0.78312	0.06648	0.01594	0.00653	0.00207	0.00296	0.01442	0.00476	0.00417
35	0.01064	0.00912	0.01064	0.00760	0.01216	0.00684	0.00608	0.01292	0.01064	0.01672	0.00912	0.01064	0.00760	0.00380	0.00380	0.00076	0.00380	0.00304	0.00304	0.85104
36	0.01276	0.09992	0.29928	0.01850	0.17315	0.04238	0.17472	0.07443	0.01246	0.03048	0.00972	0.01175	0.00739	0.00479	0.00502	0.00156	0.00716	0.00439	0.00265	0.00750
37	0.01176	0.00936	0.01149	0.02644	0.01324	0.00739	0.02682	0.03359	0.01131	0.07153	0.01002	0.01132	0.00798	0.00409	0.00402	0.00089	0.00409	0.00335	0.00330	0.72804
38	0.00672	0.00514	0.00622	0.00657	0.00776	0.00464	0.00496	0.00835	0.01198	0.01556	0.22463	0.22676	0.31965	0.01326	0.00632	0.00187	0.00295	0.11720	0.00498	0.00448
39	0.01253	0.55120	0.07683	0.00876	0.01328	0.01605	0.00868	0.01463	0.01054	0.01358	0.00901	0.01018	0.02577	0.00454	0.00359	0.00108	0.00513	0.00312	0.02174	0.18975
40	0.01499	0.00862	0.01103	0.00942	0.01213	0.00861	0.02798	0.11305	0.11033	0.27314	0.13638	0.07763	0.02135	0.00866	0.00582	0.00174	0.01793	0.10351	0.03066	0.00702
41	0.05134	0.41788	0.35823	0.01157	0.01731	0.01606	0.03365	0.01576	0.01057	0.01451	0.00812	0.00952	0.00653	0.00462	0.00405	0.00137	0.00641	0.00329	0.00224	0.00698
42	0.01052	0.00928	0.01436	0.41333	0.10781	0.01119	0.01199	0.06314	0.01080	0.01491	0.01023	0.01444	0.00833	0.01031	0.11740	0.00262	0.10318	0.00470	0.05553	0.00594
43	0.00715	0.00524	0.00670	0.00634	0.00760	0.00479	0.00475	0.00946	0.01426	0.01995	0.71608	0.03937	0.11769	0.01073	0.00605	0.00162	0.00244	0.00943	0.00557	0.00479
44	0.01642	0.09271	0.12927	0.03381	0.02957	0.52331	0.04629	0.01867	0.01328	0.01344	0.02143	0.01030	0.00739	0.00523	0.00484	0.00140	0.02015	0.00362	0.00257	0.00629
45	0.00740	0.00520	0.00675	0.00675	0.00715	0.00560	0.00455	0.00820	0.00780	0.01080	0.01511	0.02775	0.01612	0.48022	0.36211	0.00640	0.00879	0.00661	0.00295	0.00375
46	0.01573	0.18898	0.10228	0.01246	0.03655	0.01469	0.08779	0.29739	0.05033	0.08223	0.01187	0.03078	0.00909	0.00562	0.00480	0.00147	0.00585	0.00455	0.00388	0.03365
47	0.01390	0.04274	0.01113	0.00915	0.01202	0.01014	0.00725	0.04172	0.38033	0.19616	0.03600	0.06735	0.11107	0.00887	0.02684	0.00187	0.00423	0.00666	0.00521	0.00737
48	0.00874	0.00560	0.00719	0.00659	0.00814	0.00506	0.00501	0.01099	0.01423	0.09858	0.62667	0.03741	0.12538	0.01034	0.00596	0.00162	0.00264	0.00903	0.00562	0.00518
49	0.02174	0.02819	0.03297	0.00978	0.01373	0.07256	0.00820	0.06841	0.03247	0.62897	0.01823	0.01616	0.01175	0.00619	0.00507	0.00156	0.00494	0.00491	0.00576	0.00842
50	0.01328	0.24658	0.23716	0.06946	0.16471	0.14313	0.01352	0.02938	0.01168	0.01463	0.00855	0.01041	0.00691	0.00479	0.00445	0.00141	0.00690	0.00363	0.00238	0.00703
51	0.00675	0.00489	0.00601	0.00665	0.00756	0.00440	0.00470	0.00793	0.01084	0.03361	0.07477	0.49080	0.26545	0.01452	0.00636	0.00195	0.00293	0.04063	0.00485	0.00439
52	0.01270	0.01219	0.02083	0.03149	0.78767	0.01219	0.01575	0.01575	0.01168	0.01676	0.00965	0.01270	0.00813	0.00457	0.00508	0.00152	0.00610	0.00457	0.00254	0.00813
53	0.01399	0.58363	0.11539	0.01010	0.01462	0.06035	0.01017	0.07700	0.02809	0.01444	0.00812	0.00923	0.00695	0.00480	0.00407	0.00125	0.02528	0.00316	0.00252	0.00685
54	0.01091	0.00928	0.01079	0.00773	0.01228	0.00712	0.00619	0.03617	0.01105	0.01720	0.00922	0.01069	0.00763	0.00387	0.00384	0.00078	0.00386	0.00309	0.00310	0.82520
55	0.00628	0.00451	0.00598	0.00713	0.00749	0.00420	0.00480	0.00721	0.00991	0.01316	0.02889	0.78196	0.05391	0.01596	0.00655	0.00208	0.00300	0.02803	0.00476	0.00418
56	0.00617	0.00520	0.00535	0.00531	0.00700	0.00438	0.00398	0.00757	0.01195	0.01446	0.11781	0.04839	0.71937	0.01277	0.00606	0.00172	0.00258	0.01069	0.00484	0.00438
57	0.01932	0.00965	0.01261	0.01004	0.01371	0.00937	0.04067	0.04775	0.21916	0.50986	0.03822	0.01810	0.01402	0.00652	0.00524	0.00163	0.00446	0.00545	0.00583	0.00840
58	0.01264	0.01256	0.04048	0.03107	0.76819	0.01218	0.01583	0.01576	0.01166	0.01675	0.00964	0.01265	0.00809	0.00458	0.00507	0.00153	0.00613	0.00455	0.00253	0.00811
59	0.02302	0.00873	0.01191	0.00913	0.01310	0.00754	0.00754	0.02501	0.01469	0.79122	0.02024	0.01746	0.01270	0.00635	0.00516	0.00159	0.00437	0.00516	0.00635	0.00873
60	0.02302	0.00873	0.01191	0.00913	0.01310	0.00754	0.00754	0.02501	0.01469	0.79122	0.02024	0.01746	0.01270	0.00635	0.00516	0.00159	0.00437	0.00516	0.00635	0.00873
61	0.01129	0.01958	0.42475	0.05856	0.33897	0.01202	0.03050	0.01590	0.01118	0.01632	0.00941	0.01179	0.00721	0.00475	0.00499	0.00159	0.00695	0.00419	0.00233	0.00771
62	0.01054	0.01050	0.01531	0.73604	0.03359	0.08212	0.01386	0.01377	0.01064	0.01306	0.00901	0.01328	0.00682	0.00514	0.00508	0.00168	0.00706	0.00445	0.00231	0.00572
63	0.00625	0.00447	0.00595	0.00714	0.00744	0.00417	0.00476	0.00714	0.00982	0.01310	0.02828	0.81633	0.03394	0.01608	0.00655	0.00208	0.00298	0.01459	0.00476	0.00417
64	0.00660	0.00518	0.00601	0.00634	0.00751	0.00471	0.00454	0.00849	0.04447	0.01492	0.15296	0.33029	0.36245	0.01350	0.00621	0.00184	0.00277	0.01177	0.00492	0.00451
65	0.06534	0.04253	0.02661	0.04354	0.01496	0.01081	0.11938	0.24856	0.01494	0.04159	0.03643	0.24991	0.01747	0.00899	0.00558	0.00175	0.00512	0.03576	0.00428	0.00645
66	0.09981	0.03065	0.01465	0.01122	0.01514	0.04922	0.00924	0.61220	0.04433	0.04557	0.01195	0.01203	0.00858	0.00598	0.00489	0.00153	0.00556	0.00439	0.00480	0.00824
67	0.06962	0.16165	0.24413	0.08446	0.07783	0.11303	0.06786	0.03515	0.01135	0.01546	0.00858	0.01067	0.00680	0.00505	0.00527	0.00152	0.05468	0.00382	0.00246	0.02061
68	0.81442	0.01014	0.00793	0.00700	0.01022	0.01173	0.00577	0.05256	0.00950	0.02348	0.00740	0.00853	0.00571	0.00483	0.00327	0.00159	0.00405	0.00287	0.00327	0.00571
69	0.01180	0.09992	0.57790	0.01476	0.06422	0.01279	0.03109	0.04914	0.01157	0.05254	0.00966	0.01113	0.00701	0.00500	0.00499	0.00158	0.02092	0.00389	0.00252	0.00758
70	0.00634	0.00455	0.00604	0.00719	0.00757	0.00425	0.00490	0.00731	0.00997	0.01323	0.02896	0.75753	0.05680	0.01589	0.00656	0.00209	0.00305	0.04880	0.00476	0.00420
71	0.01205	0.01152	0.01955	0.14623	0.65228	0.01184	0.01517	0.01510	0.01147	0.01613	0.01084	0.01394	0.03121	0.00491	0.00512	0.00156	0.00610	0.00476	0.00257	0.00765
72	0.01396	0.09157	0.07703	0.09175	0.09250	0.09086	0.04989	0.17124	0.18216	0.01952	0.01382	0.03020	0.02793	0.00611	0.00503	0.00158	0.00597	0.01786	0.00371	0.00732
73	0.01325	0.05101	0.12331	0.02129	0.08781	0.01386	0.53576	0.01699	0.01247	0.01727	0.01118	0.01478	0.00880	0.00549	0.00669	0.00193	0.04163	0.00584	0.00296	0.00769

[dist]
# distance from previous block
# <min> <max>
0	5

[block]
# block no. 3 follows, 48 sequences, length 107
# corresponding to MSA columns:
# 261-367
name=unknown_D
#
# <colnr> <probs for GDERKNQSTAVLIFYWHMCP>
#	G	D	E	R	K	N	Q	S	T	A	V	L	I	F	Y	W	H	M	C	P
0	0.01227	0.01212	0.01722	0.28010	0.35807	0.08284	0.01368	0.01665	0.10601	0.01566	0.01064	0.01347	0.00847	0.00522	0.00536	0.00161	0.02612	0.00460	0.00279	0.00708
1	0.01508	0.64057	0.02407	0.00959	0.01371	0.12631	0.00897	0.06491	0.01198	0.03342	0.00791	0.00887	0.00688	0.00468	0.00364	0.00117	0.00598	0.00300	0.00255	0.00669
2	0.01036	0.00882	0.01034	0.00757	0.01186	0.00667	0.00600	0.01255	0.01059	0.01649	0.01035	0.06217	0.00928	0.00459	0.00398	0.00084	0.00375	0.00378	0.00315	0.79688
3	0.03144	0.12585	0.09728	0.06487	0.07578	0.22920	0.07162	0.13775	0.03236	0.01733	0.02922	0.01239	0.02271	0.00551	0.00507	0.00148	0.02595	0.00425	0.00307	0.00685
4	0.00614	0.00520	0.00531	0.00528	0.00698	0.00437	0.00396	0.00752	0.01188	0.01430	0.09998	0.04866	0.73731	0.01283	0.00606	0.00172	0.00259	0.01073	0.00482	0.00437
5	0.04239	0.01352	0.01474	0.01132	0.01539	0.01471	0.00935	0.65400	0.02249	0.13011	0.01320	0.01288	0.00915	0.00615	0.00508	0.00155	0.00544	0.00464	0.00524	0.00864
6	0.23911	0.01178	0.01143	0.00930	0.01261	0.03737	0.00757	0.39220	0.03471	0.04354	0.01189	0.01253	0.00878	0.00576	0.00435	0.00150	0.00473	0.00416	0.13953	0.00716
7	0.00891	0.00446	0.00668	0.00668	0.00668	0.00446	0.00446	0.00668	0.00668	0.00891	0.00891	0.01560	0.00891	0.01783	0.02005	0.85071	0.00446	0.00446	0.00223	0.00223
8	0.00625	0.00447	0.00595	0.00714	0.00744	0.00417	0.00476	0.00714	0.00982	0.01310	0.02828	0.81633	0.03394	0.01608	0.00655	0.00208	0.00298	0.01459	0.00476	0.00417
9	0.01044	0.02555	0.73601	0.01540	0.04178	0.01198	0.05581	0.01625	0.01092	0.01627	0.00928	0.01103	0.00660	0.00484	0.00494	0.00163	0.00760	0.00392	0.00220	0.00756
10	0.01328	0.72060	0.12520	0.00953	0.01433	0.01923	0.01009	0.01548	0.01048	0.01261	0.00740	0.00856	0.00657	0.00445	0.00350	0.00117	0.00576	0.00288	0.00219	0.00671
11	0.02281	0.00907	0.01212	0.00929	0.01327	0.00804	0.00767	0.06946	0.01525	0.74597	0.01977	0.01716	0.01246	0.00634	0.00516	0.00158	0.00444	0.00513	0.00628	0.00873
12	0.02302	0.00873	0.01191	0.00913	0.01310	0.00754	0.00754	0.02501	0.01469	0.79122	0.02024	0.01746	0.01270	0.00635	0.00516	0.00159	0.00437	0.00516	0.00635	0.00873
13	0.00699	0.00508	0.00726	0.00776	0.00845	0.00548	0.00574	0.00848	0.00903	0.01265	0.01989	0.33402	0.02158	0.02820	0.44643	0.00549	0.00898	0.02910	0.02496	0.00443
14	0.00746	0.00497	0.00560	0.00560	0.00560	0.00497	0.00311	0.00746	0.00746	0.00995	0.01617	0.03358	0.01865	0.81967	0.02612	0.00497	0.00497	0.00746	0.00311	0.00311
15	0.02302	0.00873	0.01191	0.00913	0.01310	0.00754	0.00754	0.02501	0.01469	0.79122	0.02024	0.01746	0.01270	0.00635	0.00516	0.00159	0.00437	0.00516	0.00635	0.00873
16	0.02302	0.00873	0.01191	0.00913	0.01310	0.00754	0.00754	0.02501	0.01469	0.79122	0.02024	0.01746	0.01270	0.00635	0.00516	0.00159	0.00437	0.00516	0.00635	0.00873
17	0.00606	0.00520	0.00520	0.00520	0.00693	0.00433	0.00390	0.00736	0.01170	0.01386	0.05198	0.04938	0.78558	0.01299	0.00606	0.00173	0.00260	0.01083	0.00476	0.00433
18	0.01385	0.80371	0.02659	0.00889	0.01323	0.03888	0.00881	0.01549	0.01052	0.01208	0.00715	0.00826	0.00659	0.00441	0.00332	0.00110	0.00558	0.00276	0.00221	0.00657
19	0.01628	0.23952	0.03143	0.04432	0.05324	0.35210	0.01029	0.10594	0.01366	0.01502	0.00829	0.00985	0.00694	0.00538	0.00529	0.00139	0.06824	0.00351	0.00276	0.00655
20	0.06337	0.03178	0.01319	0.01094	0.03054	0.03117	0.00871	0.34679	0.16832	0.03902	0.06419	0.01803	0.02773	0.00711	0.00587	0.00165	0.05670	0.04142	0.02600	0.00747
21	0.00642	0.00476	0.00588	0.00654	0.00730	0.00435	0.00453	0.00759	0.01069	0.01406	0.11104	0.49879	0.21829	0.03530	0.02208	0.00212	0.00307	0.01259	0.02033	0.00427
22	0.06222	0.21958	0.01764	0.01304	0.06819	0.51058	0.00980	0.01861	0.01302	0.01329	0.00781	0.00919	0.00665	0.00499	0.00425	0.00129	0.00782	0.00323	0.00255	0.00623
23	0.01780	0.06248	0.01327	0.01057	0.04055	0.01109	0.00827	0.06988	0.31638	0.36428	0.01880	0.01706	0.01308	0.00639	0.00506	0.00161	0.00446	0.00520	0.00543	0.00833
24	0.06215	0.00591	0.00722	0.00794	0.05704	0.00589	0.00501	0.00893	0.00922	0.01310	0.05679	0.13051	0.11184	0.35616	0.09745	0.00380	0.00521	0.02805	0.00361	0.02416
25	0.01906	0.01426	0.01508	0.01179	0.01552	0.05494	0.00968	0.62222	0.03610	0.07869	0.01241	0.01255	0.00888	0.00632	0.00586	0.00158	0.05718	0.00460	0.00490	0.00838
26	0.00891	0.00446	0.00668	0.00668	0.00668	0.00446	0.00446	0.00668	0.00668	0.00891	0.00891	0.01560	0.00891	0.01783	0.02005	0.85071	0.00446	0.00446	0.00223	0.00223
27	0.00929	0.00764	0.00859	0.00833	0.00935	0.09353	0.00625	0.03249	0.00924	0.01232	0.01277	0.01925	0.01203	0.09675	0.49089	0.11482	0.01062	0.00524	0.03617	0.00443
28	0.02847	0.35581	0.33738	0.01127	0.01643	0.04021	0.01263	0.01529	0.01064	0.02613	0.00992	0.07514	0.00885	0.00572	0.00462	0.00145	0.02655	0.00423	0.00249	0.00676
29	0.00891	0.00446	0.00668	0.00668	0.00668	0.00446	0.00446	0.00668	0.00668	0.00891	0.00891	0.01560	0.00891	0.01783	0.02005	0.85071	0.00446	0.00446	0.00223	0.00223
30	0.01064	0.00912	0.01064	0.00760	0.01216	0.00684	0.00608	0.01292	0.01064	0.01672	0.00912	0.01064	0.00760	0.00380	0.00380	0.00076	0.00380	0.00304	0.00304	0.85104
31	0.01048	0.07130	0.75002	0.01430	0.02170	0.01239	0.01839	0.01620	0.01081	0.01601	0.00909	0.01069	0.00650	0.00485	0.00479	0.00160	0.00747	0.00373	0.00217	0.00753
32	0.01161	0.06161	0.01209	0.00804	0.01255	0.00849	0.00657	0.07901	0.01180	0.01778	0.00927	0.01063	0.00763	0.00404	0.00388	0.00085	0.00407	0.00316	0.00317	0.72373
33	0.00627	0.00450	0.00596	0.00710	0.00744	0.00419	0.00475	0.00720	0.00996	0.01328	0.04531	0.78569	0.04754	0.01590	0.00653	0.00207	0.00296	0.01440	0.00478	0.00419
34	0.01199	0.01147	0.01955	0.21334	0.61133	0.01201	0.01540	0.01513	0.01135	0.01591	0.00953	0.01293	0.00783	0.00470	0.00509	0.00157	0.00627	0.00457	0.00248	0.00756
35	0.01821	0.16433	0.01670	0.01244	0.01539	0.66262	0.00972	0.01959	0.01382	0.01247	0.00779	0.00907	0.00661	0.00513	0.00439	0.00128	0.00859	0.00321	0.00257	0.00606
36	0.00969	0.00912	0.01539	0.80734	0.03534	0.01140	0.01425	0.01311	0.01026	0.01311	0.00912	0.01368	0.00684	0.00513	0.00513	0.00171	0.00684	0.00456	0.00228	0.00570
37	0.01232	0.01306	0.01542	0.01335	0.01375	0.12991	0.01095	0.01348	0.00884	0.01237	0.00703	0.01109	0.00682	0.00894	0.02822	0.00221	0.67995	0.00433	0.00231	0.00564
38	0.00773	0.00519	0.00676	0.00728	0.00824	0.00464	0.00505	0.00883	0.01024	0.06321	0.02639	0.67604	0.04344	0.01425	0.00619	0.00192	0.00314	0.01283	0.00470	0.08392
39	0.20154	0.01116	0.06106	0.02341	0.01323	0.01070	0.00810	0.23134	0.01555	0.21914	0.10645	0.01609	0.01383	0.00632	0.00474	0.00157	0.00458	0.00487	0.03905	0.00727
40	0.02290	0.00892	0.01202	0.00922	0.01319	0.00782	0.00762	0.04981	0.01500	0.76597	0.01998	0.01729	0.01257	0.00634	0.00516	0.00159	0.00441	0.00514	0.00631	0.00873
41	0.00637	0.00455	0.00609	0.00728	0.00763	0.00427	0.00497	0.00735	0.00994	0.01323	0.02821	0.77122	0.03367	0.01596	0.00658	0.00210	0.00308	0.05851	0.00476	0.00420
42	0.01046	0.07650	0.68925	0.01442	0.04359	0.01218	0.01764	0.01591	0.01098	0.01617	0.04044	0.01183	0.00825	0.00506	0.00483	0.00159	0.00720	0.00397	0.00232	0.00742
43	0.02753	0.27524	0.26976	0.01328	0.09861	0.06150	0.01251	0.01735	0.01156	0.13077	0.01033	0.01127	0.00779	0.00496	0.00436	0.00141	0.00619	0.00372	0.02458	0.00729
44	0.00752	0.00541	0.00599	0.00573	0.00734	0.00470	0.00424	0.00896	0.01202	0.06480	0.18786	0.04366	0.51907	0.09051	0.00795	0.00202	0.00291	0.00984	0.00488	0.00459
45	0.00809	0.00643	0.00964	0.11106	0.01280	0.00770	0.00766	0.02578	0.00880	0.01247	0.01282	0.01902	0.01180	0.05064	0.62184	0.00688	0.05367	0.00535	0.00272	0.00483
46	0.01166	0.01491	0.13475	0.06050	0.12348	0.01252	0.49520	0.01586	0.01164	0.01612	0.01037	0.03082	0.00815	0.00484	0.00598	0.00171	0.02631	0.00562	0.00255	0.00702
47	0.01590	0.01692	0.14953	0.04057	0.12295	0.10006	0.06327	0.35270	0.04856	0.02320	0.01106	0.01220	0.00819	0.00551	0.00509	0.00155	0.00661	0.00447	0.00375	0.00791
48	0.01208	0.01488	0.12960	0.02128	0.26300	0.05766	0.21839	0.01539	0.01103	0.01539	0.00938	0.01264	0.00770	0.00689	0.04348	0.00201	0.14491	0.00482	0.00247	0.00701
49	0.01245	0.01297	0.05168	0.08670	0.57751	0.03736	0.06358	0.01555	0.01142	0.01603	0.00940	0.01257	0.00781	0.00491	0.00588	0.00159	0.05791	0.00459	0.00249	0.00762
50	0.08478	0.59372	0.12574	0.00969	0.01415	0.03165	0.00999	0.01539	0.01028	0.01358	0.00740	0.00875	0.00649	0.00473	0.00420	0.00127	0.04634	0.00298	0.00228	0.00657
51	0.00746	0.00499	0.00567	0.00567	0.00569	0.00501	0.00320	0.00751	0.00748	0.01000	0.01610	0.03322	0.01850	0.79873	0.04685	0.00506	0.00521	0.00741	0.00310	0.00315
52	0.00606	0.00520	0.00520	0.00520	0.00693	0.00433	0.00390	0.00736	0.01170	0.01386	0.05198	0.04938	0.78558	0.01299	0.00606	0.00173	0.00260	0.01083	0.00476	0.00433
53	0.01390	0.47128	0.14421	0.01061	0.01497	0.16089	0.01048	0.01700	0.06029	0.01342	0.00871	0.00992	0.00736	0.00593	0.03040	0.00150	0.00669	0.00330	0.00248	0.00666
54	0.00829	0.00738	0.00861	0.00801	0.00980	0.04365	0.05407	0.01185	0.12637	0.01598	0.15147	0.19679	0.31514	0.01142	0.00597	0.00177	0.00357	0.00995	0.00473	0.00518
55	0.00746	0.00497	0.00560	0.00560	0.00560	0.00497	0.00311	0.00746	0.00746	0.00995	0.01617	0.03358	0.01865	0.81967	0.02612	0.00497	0.00497	0.00746	0.00311	0.00311
56	0.00650	0.00529	0.00580	0.00588	0.00747	0.00459	0.00455	0.00809	0.01212	0.01502	0.15618	0.04877	0.58888	0.01277	0.00618	0.00179	0.00282	0.09796	0.00489	0.00445
57	0.02302	0.00873	0.01191	0.00913	0.01310	0.00754	0.00754	0.02501	0.01469	0.79122	0.02024	0.01746	0.01270	0.00635	0.00516	0.00159	0.00437	0.00516	0.00635	0.00873
58	0.01193	0.01544	0.13789	0.02189	0.12338	0.01272	0.56577	0.01632	0.01187	0.01645	0.01012	0.01327	0.00765	0.00444	0.00576	0.00169	0.00817	0.00554	0.00253	0.00717
59	0.01211	0.01384	0.03028	0.02163	0.02682	0.01298	0.76903	0.01644	0.01211	0.01644	0.01038	0.01384	0.00779	0.00433	0.00606	0.00173	0.00865	0.00606	0.00260	0.00692
60	0.00746	0.00497	0.00560	0.00560	0.00560	0.00497	0.00311	0.00746	0.00746	0.00995	0.01617	0.03358	0.01865	0.81967	0.02612	0.00497	0.00497	0.00746	0.00311	0.00311
61	0.00625	0.00447	0.00595	0.00714	0.00744	0.00417	0.00476	0.00714	0.00982	0.01310	0.02828	0.81633	0.03394	0.01608	0.00655	0.00208	0.00298	0.01459	0.00476	0.00417
62	0.00746	0.00497	0.00560	0.00560	0.00560	0.00497	0.00311	0.00746	0.00746	0.00995	0.01617	0.03358	0.01865	0.81967	0.02612	0.00497	0.00497	0.00746	0.00311	0.00311
63	0.01206	0.01422	0.05275	0.02142	0.02668	0.01294	0.74693	0.01643	0.01207	0.01643	0.01035	0.01375	0.00775	0.00434	0.00602	0.00173	0.00862	0.00599	0.00258	0.00694
64	0.01025	0.00969	0.01640	0.66326	0.17505	0.01155	0.01453	0.01360	0.01052	0.01379	0.00922	0.01350	0.00708	0.00503	0.00512	0.00168	0.00670	0.00456	0.00233	0.00615
65	0.01211	0.01384	0.03028	0.02163	0.02682	0.01298	0.76903	0.01644	0.01211	0.01644	0.01038	0.01384	0.00779	0.00433	0.00606	0.00173	0.00865	0.00606	0.00260	0.00692
66	0.00891	0.00446	0.00668	0.00668	0.00668	0.00446	0.00446	0.00668	0.00668	0.00891	0.00891	0.01560	0.00891	0.01783	0.02005	0.85071	0.00446	0.00446	0.00223	0.00223
67	0.01224	0.03333	0.02802	0.02299	0.17127	0.01308	0.58753	0.01618	0.01188	0.01629	0.01007	0.01342	0.00779	0.00449	0.00607	0.00169	0.02834	0.00565	0.00257	0.00711
68	0.01362	0.01183	0.03170	0.18104	0.49869	0.03966	0.01424	0.01659	0.01188	0.11525	0.01084	0.01335	0.00838	0.00494	0.00508	0.00156	0.00616	0.00459	0.00297	0.00764
69	0.00701	0.00519	0.00654	0.00630	0.00754	0.00472	0.00469	0.00916	0.01378	0.01905	0.62212	0.09012	0.16228	0.01124	0.00609	0.00166	0.00248	0.00986	0.00545	0.00472
70	0.00996	0.00949	0.01545	0.66845	0.03151	0.01216	0.01372	0.01298	0.00984	0.01298	0.00870	0.01325	0.00682	0.00580	0.00718	0.00180	0.14741	0.00455	0.00227	0.00568
71	0.03227	0.16351	0.10318	0.03090	0.14560	0.16209	0.04803	0.11834	0.07560	0.01747	0.01009	0.01155	0.00802	0.00529	0.00504	0.00147	0.03313	0.00406	0.01721	0.00716
72	0.00806	0.00657	0.00965	0.00923	0.00997	0.00816	0.00732	0.00976	0.00817	0.01199	0.01243	0.01848	0.01169	0.03295	0.65265	0.00712	0.16306	0.00531	0.00265	0.00477
73	0.02302	0.00873	0.01191	0.00913	0.01310	0.00754	0.00754	0.02501	0.01469	0.79122	0.02024	0.01746	0.01270	0.00635	0.00516	0.00159	0.00437	0.00516	0.00635	0.00873
74	0.01271	0.01426	0.02221	0.20609	0.05405	0.15028	0.35450	0.01593	0.01166	0.01458	0.00927	0.01270	0.00726	0.00515	0.00661	0.00170	0.08718	0.00501	0.00249	0.00638
75	0.05001	0.01217	0.08899	0.02993	0.21933	0.01121	0.02488	0.16740	0.08081	0.06956	0.01603	0.04963	0.03265	0.00731	0.00540	0.00172	0.00542	0.11624	0.00399	0.00732
76	0.01064	0.00985	0.01657	0.08765	0.48238	0.00992	0.03899	0.01316	0.01106	0.01543	0.01482	0.23657	0.01520	0.00781	0.00553	0.00170	0.00538	0.00741	0.00314	0.00678
77	0.83685	0.00990	0.00764	0.00680	0.01000	0.01142	0.00560	0.01531	0.00887	0.04061	0.00744	0.00854	0.00572	0.00480	0.00322	0.00159	0.00398	0.00283	0.00325	0.00563
78	0.00622	0.00520	0.00541	0.00536	0.00703	0.00440	0.00402	0.00767	0.01206	0.01474	0.14755	0.04794	0.68946	0.01267	0.00606	0.00172	0.00258	0.01063	0.00488	0.00440
79	0.02872	0.05543	0.01663	0.11273	0.16266	0.05908	0.01123	0.40236	0.06028	0.02415	0.01131	0.01249	0.00849	0.00562	0.00497	0.00153	0.00596	0.00447	0.00398	0.00789
80	0.00606	0.00520	0.00520	0.00520	0.00693	0.00433	0.00390	0.00736	0.01170	0.01386	0.05198	0.04938	0.78558	0.01299	0.00606	0.00173	0.00260	0.01083	0.00476	0.00433
81	0.00789	0.00576	0.00774	0.00866	0.00992	0.00562	0.00743	0.01011	0.01197	0.01548	0.07914	0.05543	0.13777	0.01377	0.00688	0.00223	0.00428	0.60048	0.00479	0.00468
82	0.85592	0.00992	0.00754	0.00675	0.00992	0.01151	0.00556	0.01508	0.00873	0.02302	0.00714	0.00834	0.00556	0.00476	0.00318	0.00159	0.00397	0.00278	0.00318	0.00556
83	0.01372	0.82276	0.02689	0.00878	0.01317	0.02030	0.00878	0.01536	0.01043	0.01207	0.00713	0.00823	0.00658	0.00439	0.00329	0.00110	0.00549	0.00274	0.00219	0.00658
84	0.00827	0.00591	0.00827	0.00945	0.01063	0.00591	0.00827	0.01063	0.01181	0.01536	0.02717	0.05788	0.02953	0.01417	0.00709	0.00236	0.00472	0.75313	0.00472	0.00472
85	0.01064	0.00912	0.01064	0.00760	0.01216	0.00684	0.00608	0.01292	0.01064	0.01672	0.00912	0.01064	0.00760	0.00380	0.00380	0.00076	0.00380	0.00304	0.00304	0.85104
86	0.00606	0.00520	0.00520	0.00520	0.00693	0.00433	0.00390	0.00736	0.01170	0.01386	0.05198	0.04938	0.78558	0.01299	0.00606	0.00173	0.00260	0.01083	0.00476	0.00433
87	0.00733	0.00550	0.00825	0.00825	0.00916	0.00641	0.00641	0.00916	0.00825	0.01191	0.01374	0.02016	0.01283	0.03848	0.79934	0.00825	0.01374	0.00550	0.00275	0.00458
88	0.00726	0.00524	0.00686	0.00646	0.00767	0.00484	0.00484	0.00968	0.01452	0.02058	0.78496	0.03833	0.04841	0.01049	0.00605	0.00161	0.00242	0.00928	0.00565	0.00484
89	0.83604	0.02911	0.00800	0.00680	0.01000	0.01172	0.00563	0.01509	0.00877	0.02276	0.00714	0.00833	0.00558	0.00475	0.00318	0.00158	0.00401	0.00278	0.00315	0.00558
90	0.11634	0.00626	0.00840	0.00823	0.00940	0.00738	0.00646	0.01003	0.00830	0.01335	0.01266	0.01834	0.01169	0.03317	0.67115	0.00719	0.03899	0.00512	0.00279	0.00474
