[name]
unknown

[dist]
# distance from previous block
# <min> <max>
0	40

[block]
# block no. 0 follows, 45 sequences, length 53
# corresponding to MSA columns:
# 98-150
name=unknown_A
#
# <colnr> <probs for GDERKNQSTAVLIFYWHMCP>
#	G	D	E	R	K	N	Q	S	T	A	V	L	I	F	Y	W	H	M	C	P
0	0.07979	0.01203	0.01344	0.02859	0.01474	0.04564	0.00891	0.28803	0.01737	0.21524	0.05570	0.01677	0.01256	0.00691	0.00620	0.00165	0.06881	0.03090	0.00496	0.07177
1	0.05453	0.01184	0.01338	0.01040	0.01446	0.01203	0.00849	0.35120	0.05898	0.19883	0.01493	0.03720	0.01096	0.00700	0.02055	0.00164	0.00518	0.00497	0.00512	0.15830
2	0.06352	0.03398	0.01474	0.02534	0.01548	0.06110	0.05168	0.17586	0.09883	0.22611	0.01441	0.01439	0.01030	0.00610	0.00574	0.00157	0.04997	0.00473	0.00469	0.12146
3	0.04605	0.01094	0.01364	0.01039	0.01453	0.01034	0.05596	0.18670	0.04069	0.16748	0.01389	0.05270	0.01080	0.00599	0.00520	0.00138	0.02316	0.00490	0.00446	0.32078
4	0.09625	0.01126	0.01221	0.00977	0.01323	0.06863	0.00788	0.05884	0.05662	0.17481	0.04762	0.01428	0.01117	0.00607	0.00626	0.00144	0.10490	0.00438	0.00415	0.29024
5	0.04586	0.00886	0.01074	0.00850	0.01204	0.00786	0.00678	0.07325	0.03245	0.23370	0.17457	0.05379	0.01979	0.00705	0.00511	0.00140	0.00396	0.00587	0.00503	0.28339
6	0.01290	0.00871	0.01172	0.00967	0.01255	0.00810	0.06851	0.10962	0.03039	0.14731	0.10824	0.21477	0.03834	0.03755	0.00648	0.00178	0.00438	0.00818	0.00486	0.15596
7	0.01077	0.02777	0.78354	0.01530	0.02323	0.01247	0.01983	0.01700	0.01133	0.01700	0.00963	0.01133	0.00680	0.00510	0.00510	0.00170	0.00793	0.00397	0.00227	0.00793
8	0.01077	0.02777	0.78354	0.01530	0.02323	0.01247	0.01983	0.01700	0.01133	0.01700	0.00963	0.01133	0.00680	0.00510	0.00510	0.00170	0.00793	0.00397	0.00227	0.00793
9	0.01129	0.00971	0.01182	0.00862	0.01321	0.00765	0.03299	0.03128	0.02888	0.01784	0.01067	0.04009	0.00917	0.00459	0.00423	0.00092	0.00418	0.00383	0.00333	0.74570
10	0.01089	0.05394	0.75841	0.01510	0.02292	0.01276	0.01948	0.01697	0.01132	0.01685	0.00956	0.01124	0.00680	0.00508	0.00504	0.00168	0.00786	0.00393	0.00227	0.00790
11	0.00767	0.00575	0.00863	0.00863	0.00959	0.00671	0.00671	0.00959	0.00863	0.01246	0.01438	0.02109	0.01342	0.04026	0.79008	0.00863	0.01438	0.00575	0.00288	0.00479
12	0.00658	0.00479	0.00624	0.00730	0.00779	0.00446	0.00495	0.00761	0.01051	0.01390	0.04675	0.69936	0.10361	0.01708	0.02949	0.00232	0.00339	0.01451	0.00494	0.00440
13	0.02298	0.00938	0.01233	0.00952	0.01351	0.00843	0.00784	0.08462	0.01593	0.67767	0.02030	0.01794	0.01298	0.00661	0.00530	0.00163	0.00456	0.00533	0.05425	0.00890
14	0.01014	0.00954	0.01610	0.79845	0.03697	0.01193	0.01491	0.01371	0.01073	0.01371	0.00954	0.01431	0.00716	0.00537	0.00537	0.00179	0.00716	0.00477	0.00239	0.00596
15	0.00768	0.00572	0.00849	0.00849	0.00940	0.00664	0.00654	0.00950	0.00859	0.01236	0.01450	0.02178	0.01372	0.07836	0.75239	0.00846	0.01392	0.00585	0.00289	0.00472
16	0.00822	0.00588	0.00756	0.00832	0.00919	0.00581	0.00631	0.05182	0.01161	0.01529	0.02749	0.37759	0.05612	0.11585	0.00953	0.00262	0.00416	0.26713	0.00477	0.00470
17	0.00805	0.00559	0.00732	0.00683	0.00817	0.00514	0.00514	0.01057	0.01520	0.04226	0.75446	0.03950	0.04963	0.01086	0.00631	0.00169	0.00259	0.00959	0.00593	0.00518
18	0.00789	0.00602	0.00733	0.00700	0.00852	0.00571	0.00534	0.01125	0.07783	0.01996	0.53381	0.04168	0.18860	0.01137	0.00631	0.00176	0.00283	0.04589	0.00564	0.00524
19	0.01329	0.01275	0.02179	0.03295	0.77787	0.01275	0.01647	0.01647	0.01222	0.01754	0.01010	0.01329	0.00850	0.00478	0.00531	0.00159	0.00638	0.00478	0.00266	0.00850
20	0.01174	0.01174	0.01644	0.01409	0.01409	0.01644	0.01174	0.01292	0.00822	0.01292	0.00705	0.01174	0.00705	0.00940	0.01762	0.00235	0.80153	0.00470	0.00235	0.00587
21	0.02041	0.01504	0.01611	0.01235	0.01665	0.01665	0.01020	0.75997	0.02524	0.03383	0.01289	0.01289	0.00913	0.00644	0.00537	0.00161	0.00591	0.00483	0.00537	0.00913
22	0.00932	0.00466	0.00699	0.00699	0.00699	0.00466	0.00466	0.00699	0.00699	0.00932	0.00932	0.01632	0.00932	0.01865	0.02098	0.84382	0.00466	0.00466	0.00233	0.00233
23	0.01014	0.00954	0.01610	0.79845	0.03697	0.01193	0.01491	0.01371	0.01073	0.01371	0.00954	0.01431	0.00716	0.00537	0.00537	0.00179	0.00716	0.00477	0.00239	0.00596
24	0.84927	0.01038	0.00789	0.00706	0.01038	0.01204	0.00581	0.01578	0.00914	0.02408	0.00747	0.00872	0.00581	0.00498	0.00332	0.00166	0.00415	0.00291	0.00332	0.00581
25	0.01040	0.00981	0.01658	0.73404	0.09931	0.01200	0.01504	0.01395	0.01086	0.01404	0.00959	0.01422	0.00727	0.00532	0.00536	0.00177	0.00709	0.00477	0.00241	0.00618
26	0.00767	0.00575	0.00863	0.00863	0.00959	0.00671	0.00671	0.00959	0.00863	0.01246	0.01438	0.02109	0.01342	0.04026	0.79008	0.00863	0.01438	0.00575	0.00288	0.00479
27	0.01284	0.01230	0.02099	0.14096	0.67333	0.01264	0.01625	0.01608	0.01201	0.01700	0.01002	0.01343	0.00831	0.00487	0.00532	0.00162	0.00649	0.00478	0.00262	0.00814
28	0.01014	0.00954	0.01610	0.79845	0.03697	0.01193	0.01491	0.01371	0.01073	0.01371	0.00954	0.01431	0.00716	0.00537	0.00537	0.00179	0.00716	0.00477	0.00239	0.00596
29	0.00645	0.00544	0.00558	0.00555	0.00731	0.00458	0.00416	0.00790	0.01248	0.01508	0.11359	0.05071	0.71612	0.01338	0.00634	0.00180	0.00270	0.01120	0.00506	0.00458
30	0.00671	0.00474	0.00618	0.00725	0.00752	0.00448	0.00475	0.00752	0.00994	0.01325	0.02786	0.70249	0.03332	0.12515	0.00964	0.00259	0.00340	0.01424	0.00475	0.00421
31	0.01001	0.00500	0.00500	0.00500	0.00625	0.00500	0.00375	0.01251	0.01126	0.02001	0.01751	0.02001	0.01376	0.00625	0.00375	0.00125	0.00250	0.00500	0.84115	0.00500
32	0.00639	0.00536	0.00552	0.00563	0.00727	0.00453	0.00414	0.00769	0.01196	0.01434	0.05132	0.11877	0.69247	0.03198	0.00687	0.00192	0.00281	0.01160	0.00495	0.00449
33	0.02101	0.01406	0.01550	0.01189	0.01616	0.01520	0.00982	0.63849	0.02360	0.15762	0.01426	0.01378	0.00982	0.00648	0.00537	0.00162	0.00569	0.00493	0.00558	0.00913
34	0.01827	0.01980	0.10132	0.03419	0.01750	0.31559	0.01120	0.26006	0.10146	0.05104	0.01196	0.01251	0.00892	0.00601	0.00515	0.00156	0.00740	0.00436	0.00399	0.00771
35	0.07755	0.01004	0.01126	0.00941	0.01208	0.01080	0.00743	0.26338	0.07400	0.09728	0.16338	0.02317	0.04948	0.09690	0.04167	0.00237	0.03149	0.00640	0.00500	0.00693
36	0.25532	0.01141	0.01295	0.03325	0.01480	0.01230	0.05095	0.18233	0.14687	0.18582	0.01485	0.03287	0.01084	0.00632	0.00490	0.00170	0.00498	0.00495	0.00482	0.00776
37	0.00659	0.00535	0.00584	0.00593	0.00745	0.00460	0.00437	0.00810	0.01251	0.01563	0.17772	0.14602	0.55406	0.01355	0.00641	0.00184	0.00274	0.01155	0.00515	0.00460
38	0.00728	0.00578	0.00659	0.00647	0.00802	0.00528	0.00481	0.00993	0.06190	0.01756	0.31836	0.11361	0.38994	0.01250	0.00633	0.00180	0.00278	0.01074	0.00536	0.00497
39	0.01335	0.01153	0.01214	0.01092	0.01396	0.01335	0.00850	0.02852	0.76817	0.02245	0.02185	0.02003	0.01639	0.00728	0.00546	0.00182	0.00425	0.00607	0.00546	0.00850
40	0.00654	0.00467	0.00623	0.00747	0.00779	0.00436	0.00498	0.00747	0.01028	0.01370	0.02959	0.80785	0.03550	0.01682	0.00685	0.00218	0.00311	0.01526	0.00498	0.00436
41	0.01417	0.77571	0.06545	0.00949	0.01424	0.02081	0.00971	0.01612	0.01093	0.01285	0.00757	0.00875	0.00688	0.00462	0.00353	0.00118	0.00585	0.00292	0.00229	0.00694
42	0.01113	0.00954	0.01113	0.00795	0.01272	0.00716	0.00636	0.01352	0.01113	0.01749	0.00954	0.01113	0.00795	0.00398	0.00398	0.00080	0.00398	0.00318	0.00318	0.84417
43	0.09142	0.01527	0.01350	0.01124	0.01476	0.19997	0.00894	0.26830	0.11322	0.14094	0.01610	0.01570	0.05370	0.00664	0.00514	0.00161	0.00606	0.00495	0.00475	0.00780
44	0.01387	0.01179	0.01243	0.01103	0.01416	0.01359	0.00862	0.08236	0.71348	0.02329	0.02119	0.01950	0.01585	0.00722	0.00546	0.00181	0.00437	0.00598	0.00546	0.00854
45	0.00654	0.00467	0.00623	0.00747	0.00779	0.00436	0.00498	0.00747	0.01028	0.01370	0.02959	0.80785	0.03550	0.01682	0.00685	0.00218	0.00311	0.01526	0.00498	0.00436
46	0.01955	0.01290	0.01450	0.01145	0.01523	0.08278	0.04582	0.31365	0.04404	0.27094	0.08278	0.03265	0.01464	0.00696	0.00550	0.00164	0.00557	0.00564	0.00546	0.00830
47	0.00781	0.00578	0.00733	0.00699	0.00831	0.00547	0.00522	0.01091	0.05780	0.02078	0.65348	0.09139	0.07585	0.01126	0.00632	0.00173	0.00268	0.00994	0.00578	0.00519
48	0.01335	0.01153	0.01214	0.01092	0.01396	0.01335	0.00850	0.02852	0.76817	0.02245	0.02185	0.02003	0.01639	0.00728	0.00546	0.00182	0.00425	0.00607	0.00546	0.00850
49	0.02005	0.02558	0.01521	0.01383	0.01659	0.78980	0.01037	0.02143	0.01521	0.01314	0.00830	0.00968	0.00691	0.00553	0.00484	0.00138	0.00968	0.00346	0.00277	0.00622
50	0.01967	0.01533	0.05968	0.01233	0.01675	0.01586	0.01059	0.67325	0.02369	0.05873	0.01303	0.01319	0.00925	0.00720	0.02454	0.00179	0.00618	0.00483	0.00518	0.00895
51	0.00767	0.00574	0.00855	0.00855	0.00948	0.00667	0.00661	0.00954	0.00860	0.01240	0.01445	0.02147	0.01359	0.06151	0.76906	0.00853	0.01413	0.00581	0.00289	0.00475
52	0.01399	0.73525	0.10429	0.00980	0.01473	0.02036	0.01026	0.01617	0.01095	0.01307	0.00768	0.00889	0.00688	0.00464	0.00361	0.00120	0.00596	0.00298	0.00229	0.00699

[dist]
# distance from previous block
# <min> <max>
0	1

[block]
# block no. 1 follows, 45 sequences, length 11
# corresponding to MSA columns:
# 152-162
name=unknown_B
#
# <colnr> <probs for GDERKNQSTAVLIFYWHMCP>
#	G	D	E	R	K	N	Q	S	T	A	V	L	I	F	Y	W	H	M	C	P
0	0.38682	0.04040	0.03161	0.00904	0.01282	0.01188	0.00766	0.16204	0.01405	0.22377	0.01305	0.04381	0.00966	0.00616	0.00445	0.00165	0.00472	0.00445	0.00459	0.00736
1	0.03320	0.01223	0.01360	0.02752	0.05862	0.04361	0.00925	0.24347	0.25570	0.12402	0.01741	0.01724	0.03186	0.00906	0.06029	0.00216	0.00584	0.00540	0.00498	0.02455
2	0.07277	0.55780	0.14756	0.01046	0.01533	0.09062	0.01078	0.01670	0.01125	0.01418	0.00789	0.00916	0.00680	0.00479	0.00383	0.00130	0.00635	0.00310	0.00241	0.00692
3	0.00777	0.00534	0.00654	0.00654	0.00678	0.00558	0.00411	0.00825	0.00801	0.01092	0.01629	0.03166	0.01801	0.62099	0.21563	0.00605	0.00747	0.00730	0.00316	0.00363
4	0.01274	0.46015	0.36841	0.01194	0.01804	0.01729	0.01398	0.01649	0.01110	0.01460	0.00844	0.00984	0.00685	0.00482	0.00419	0.00140	0.00673	0.00336	0.00228	0.00736
5	0.46486	0.01068	0.01229	0.11963	0.05467	0.01213	0.05489	0.05397	0.02665	0.05807	0.01020	0.04285	0.00827	0.00589	0.00498	0.00174	0.04407	0.00433	0.00345	0.00639
6	0.02388	0.00945	0.01266	0.00970	0.01386	0.00836	0.00801	0.06592	0.01590	0.74107	0.02073	0.01798	0.01306	0.00663	0.00540	0.00166	0.00464	0.00537	0.00657	0.00913
7	0.01882	0.01316	0.13724	0.01094	0.01534	0.01054	0.01008	0.16935	0.07880	0.37956	0.04930	0.05351	0.01424	0.00706	0.00546	0.00170	0.00520	0.00574	0.00548	0.00850
8	0.01322	0.00948	0.01135	0.00821	0.01288	0.00727	0.00661	0.01556	0.01181	0.14095	0.01142	0.01228	0.00881	0.00441	0.00421	0.00093	0.00407	0.00354	0.00374	0.70925
9	0.00790	0.06251	0.06276	0.00765	0.00954	0.00707	0.00643	0.00983	0.01222	0.01611	0.22687	0.18602	0.29152	0.01207	0.00685	0.00183	0.05283	0.01016	0.00469	0.00512
10	0.06820	0.00725	0.00788	0.00741	0.00956	0.00705	0.00558	0.01365	0.14805	0.06466	0.07263	0.17119	0.29917	0.02888	0.00631	0.00186	0.00341	0.00940	0.00494	0.06292

[dist]
# distance from previous block
# <min> <max>
1	10

[block]
# block no. 2 follows, 45 sequences, length 33
# corresponding to MSA columns:
# 173-205
name=unknown_C
#
# <colnr> <probs for GDERKNQSTAVLIFYWHMCP>
#	G	D	E	R	K	N	Q	S	T	A	V	L	I	F	Y	W	H	M	C	P
0	0.12106	0.01254	0.01358	0.01074	0.01472	0.02942	0.00880	0.35661	0.09359	0.26073	0.01557	0.01468	0.01068	0.00639	0.00513	0.00165	0.00520	0.00487	0.00547	0.00861
1	0.09707	0.07833	0.01455	0.01152	0.01422	0.24428	0.07856	0.04221	0.08064	0.04663	0.02748	0.16467	0.01473	0.03731	0.00631	0.00181	0.02315	0.00652	0.00375	0.00626
2	0.04351	0.02618	0.72162	0.01463	0.02211	0.01215	0.01868	0.01667	0.01140	0.01746	0.04061	0.01240	0.00854	0.00533	0.00508	0.00170	0.00757	0.00416	0.00246	0.00773
3	0.00781	0.00520	0.00585	0.00585	0.00585	0.00520	0.00325	0.00781	0.00781	0.01041	0.01691	0.03513	0.01952	0.81135	0.02732	0.00520	0.00520	0.00781	0.00325	0.00325
4	0.01568	0.01519	0.01306	0.01162	0.01452	0.23162	0.00900	0.10055	0.37952	0.04064	0.01631	0.01643	0.01257	0.01010	0.08664	0.00238	0.00701	0.00515	0.00446	0.00755
5	0.00665	0.00510	0.00610	0.00665	0.00768	0.00456	0.00472	0.00799	0.01172	0.01510	0.13917	0.40305	0.31805	0.01477	0.00660	0.00198	0.00292	0.02752	0.00511	0.00453
6	0.01977	0.01575	0.01519	0.01218	0.01607	0.13447	0.00983	0.49738	0.11481	0.08886	0.01395	0.01371	0.01002	0.00642	0.00530	0.00161	0.00618	0.00482	0.00508	0.00860
7	0.00903	0.00575	0.00758	0.00708	0.00853	0.00526	0.00532	0.01138	0.01476	0.09146	0.63659	0.10847	0.04579	0.01111	0.00629	0.00173	0.00277	0.00982	0.00589	0.00538
8	0.01014	0.00954	0.01610	0.79845	0.03697	0.01193	0.01491	0.01371	0.01073	0.01371	0.00954	0.01431	0.00716	0.00537	0.00537	0.00179	0.00716	0.00477	0.00239	0.00596
9	0.01391	0.01216	0.01243	0.01109	0.01418	0.03906	0.00864	0.06370	0.70743	0.02270	0.02097	0.01934	0.01572	0.00718	0.00544	0.00180	0.00451	0.00592	0.00537	0.00845
10	0.01379	0.69244	0.14539	0.01013	0.01525	0.01988	0.01084	0.01622	0.01097	0.01331	0.00780	0.00903	0.00687	0.00467	0.00370	0.00123	0.00608	0.00304	0.00229	0.00705
11	0.72519	0.01074	0.00891	0.00769	0.01115	0.01223	0.00634	0.08555	0.01099	0.06816	0.00876	0.00965	0.00655	0.00521	0.00363	0.00166	0.00434	0.00323	0.00370	0.00631
12	0.01092	0.01103	0.04757	0.58231	0.21591	0.01215	0.01548	0.01451	0.01112	0.01477	0.00968	0.01395	0.00747	0.00521	0.00534	0.00174	0.00700	0.00474	0.00245	0.00666
13	0.77222	0.01081	0.00865	0.00755	0.01096	0.01247	0.00622	0.08496	0.01063	0.02499	0.00798	0.00911	0.00612	0.00512	0.00351	0.00166	0.00432	0.00309	0.00351	0.00612
14	0.01329	0.01275	0.02179	0.03295	0.77787	0.01275	0.01647	0.01647	0.01222	0.01754	0.01010	0.01329	0.00850	0.00478	0.00531	0.00159	0.00638	0.00478	0.00266	0.00850
15	0.00779	0.00528	0.00623	0.00623	0.00637	0.00541	0.00373	0.00805	0.00792	0.01069	0.01657	0.03320	0.01868	0.70566	0.13187	0.00567	0.00646	0.00752	0.00320	0.00346
16	0.01299	0.01246	0.02126	0.10411	0.70899	0.01268	0.01633	0.01622	0.01208	0.01718	0.01005	0.01338	0.00838	0.00484	0.00532	0.00161	0.00645	0.00478	0.00263	0.00827
17	0.20575	0.01066	0.01364	0.01048	0.01464	0.01031	0.08533	0.09582	0.02786	0.35706	0.01490	0.01442	0.01011	0.00574	0.00487	0.00158	0.00500	0.00464	0.00495	0.10224
18	0.00749	0.00583	0.00696	0.00746	0.00896	0.00539	0.00606	0.00957	0.02681	0.01545	0.06860	0.07717	0.39832	0.02745	0.00713	0.00214	0.00369	0.30577	0.00498	0.00477
19	0.01209	0.01153	0.01963	0.32352	0.49664	0.01244	0.01588	0.01543	0.01166	0.01609	0.00989	0.01367	0.00799	0.00500	0.00533	0.00167	0.00667	0.00478	0.00255	0.00754
20	0.00770	0.00516	0.00588	0.00599	0.00601	0.00514	0.00339	0.00778	0.00801	0.01067	0.01794	0.09745	0.02080	0.74727	0.02567	0.00496	0.00504	0.00841	0.00339	0.00334
21	0.02041	0.01504	0.01611	0.01235	0.01665	0.01665	0.01020	0.75997	0.02524	0.03383	0.01289	0.01289	0.00913	0.00644	0.00537	0.00161	0.00591	0.00483	0.00537	0.00913
22	0.02041	0.01504	0.01611	0.01235	0.01665	0.01665	0.01020	0.75997	0.02524	0.03383	0.01289	0.01289	0.00913	0.00644	0.00537	0.00161	0.00591	0.00483	0.00537	0.00913
23	0.03257	0.00986	0.01560	0.43557	0.14614	0.01076	0.02895	0.01400	0.01119	0.01551	0.01136	0.01778	0.00969	0.00589	0.00528	0.00165	0.00626	0.07300	0.00283	0.14611
24	0.00925	0.00659	0.00841	0.00814	0.00924	0.00718	0.00601	0.10342	0.01098	0.01539	0.01735	0.15053	0.01769	0.18265	0.36647	0.00558	0.00896	0.00754	0.05364	0.00498
25	0.01140	0.01166	0.01746	0.64496	0.03403	0.09275	0.08355	0.01484	0.01138	0.01398	0.00953	0.01385	0.00722	0.00531	0.00540	0.00175	0.00759	0.00478	0.00246	0.00611
26	0.02149	0.01001	0.01268	0.00982	0.01394	0.00924	0.00804	0.10129	0.08597	0.56179	0.01929	0.01721	0.01264	0.00643	0.00527	0.00159	0.00462	0.00519	0.00608	0.08741
27	0.14347	0.01322	0.01467	0.12483	0.01848	0.01479	0.01010	0.50034	0.02019	0.07054	0.01205	0.01276	0.00858	0.00608	0.00506	0.00165	0.00575	0.00457	0.00470	0.00817
28	0.00655	0.00540	0.00557	0.00559	0.00715	0.00462	0.00405	0.00780	0.01184	0.01433	0.07810	0.06919	0.64957	0.09631	0.00853	0.00217	0.00298	0.01100	0.00484	0.00442
29	0.00707	0.00521	0.00679	0.00758	0.00838	0.00469	0.00521	0.00819	0.01041	0.01415	0.02748	0.70783	0.03254	0.01544	0.00657	0.00204	0.00325	0.03092	0.00480	0.09147
30	0.01446	0.01128	0.01217	0.01078	0.01393	0.01279	0.00843	0.02828	0.69010	0.10118	0.02178	0.01985	0.01606	0.00722	0.00546	0.00180	0.00428	0.00600	0.00558	0.00856
31	0.01116	0.02523	0.67726	0.09632	0.02433	0.01225	0.01891	0.01698	0.01141	0.04313	0.01002	0.01188	0.00706	0.00518	0.00514	0.00171	0.00774	0.00410	0.00243	0.00777
32	0.09402	0.00532	0.00650	0.00753	0.00819	0.00523	0.00522	0.00848	0.01024	0.01488	0.02725	0.69465	0.03224	0.01551	0.00651	0.00214	0.00330	0.04346	0.00481	0.00453

[dist]
# distance from previous block
# <min> <max>
5	47

[block]
# block no. 3 follows, 45 sequences, length 15
# corresponding to MSA columns:
# 253-267
name=unknown_D
#
# <colnr> <probs for GDERKNQSTAVLIFYWHMCP>
#	G	D	E	R	K	N	Q	S	T	A	V	L	I	F	Y	W	H	M	C	P
0	0.01032	0.00708	0.00769	0.02568	0.00957	0.05351	0.00563	0.01216	0.01227	0.09310	0.11506	0.23424	0.13420	0.01075	0.00563	0.00170	0.00360	0.02913	0.18017	0.04849
1	0.20295	0.17881	0.01532	0.05247	0.01423	0.02345	0.03028	0.04448	0.03251	0.10459	0.07711	0.01400	0.01173	0.00595	0.00537	0.00151	0.06541	0.00431	0.00367	0.11184
2	0.01387	0.00969	0.03907	0.00922	0.01287	0.00828	0.02936	0.06483	0.07856	0.18916	0.21800	0.02143	0.02130	0.00693	0.00525	0.00143	0.00416	0.00589	0.00496	0.25575
3	0.01013	0.00772	0.01085	0.01267	0.17005	0.00747	0.00783	0.06084	0.01473	0.05047	0.44058	0.07972	0.08587	0.00975	0.00605	0.00170	0.00369	0.00864	0.00510	0.00613
4	0.06119	0.17768	0.01480	0.00914	0.01281	0.01095	0.00775	0.04735	0.03611	0.41806	0.06478	0.04682	0.01521	0.03078	0.00569	0.00170	0.00468	0.02150	0.00524	0.00778
5	0.01461	0.11762	0.48192	0.01317	0.01968	0.01283	0.01543	0.06649	0.01302	0.17776	0.01200	0.01256	0.00832	0.00545	0.00498	0.00162	0.00683	0.00419	0.00339	0.00814
6	0.00780	0.00523	0.00600	0.00600	0.00605	0.00528	0.00343	0.00790	0.00785	0.01051	0.01678	0.03440	0.01920	0.77165	0.06660	0.00538	0.00568	0.00770	0.00323	0.00333
7	0.01288	0.01104	0.01488	0.17569	0.01986	0.01057	0.07206	0.16106	0.01396	0.01990	0.01031	0.01242	0.00803	0.00480	0.00474	0.00125	0.00545	0.00410	0.00341	0.43359
8	0.00755	0.00545	0.00713	0.00679	0.00801	0.00503	0.00506	0.01001	0.01498	0.02118	0.74195	0.07417	0.04998	0.01123	0.00635	0.00171	0.00256	0.00995	0.00587	0.00503
9	0.00714	0.00538	0.00740	0.00813	0.00862	0.00564	0.00583	0.00834	0.00990	0.01347	0.02555	0.55929	0.04567	0.02115	0.17163	0.00354	0.05449	0.02989	0.00438	0.00456
10	0.01144	0.01496	0.17715	0.06469	0.01748	0.01532	0.01364	0.01382	0.00903	0.01382	0.00775	0.01182	0.00700	0.00824	0.01421	0.00218	0.58426	0.00455	0.00233	0.00631
11	0.00676	0.00484	0.00643	0.00732	0.00783	0.00451	0.00500	0.00803	0.01131	0.01534	0.18578	0.64698	0.03868	0.01559	0.00674	0.00208	0.00299	0.01410	0.00518	0.00451
12	0.01265	0.01120	0.01743	0.53649	0.08023	0.01307	0.05963	0.17047	0.01399	0.01839	0.01036	0.01396	0.00772	0.00550	0.00542	0.00174	0.00696	0.00488	0.00305	0.00687
13	0.01067	0.01058	0.01936	0.63589	0.03510	0.01227	0.17069	0.01444	0.01114	0.01444	0.00982	0.01435	0.00736	0.00519	0.00557	0.00179	0.00755	0.00510	0.00245	0.00623
14	0.01060	0.01013	0.01640	0.60359	0.06170	0.01291	0.01431	0.01366	0.01027	0.01370	0.00904	0.01373	0.00719	0.00619	0.00793	0.00190	0.17357	0.00476	0.00239	0.00605

[dist]
# distance from previous block
# <min> <max>
0	46

[block]
# block no. 4 follows, 45 sequences, length 20
# corresponding to MSA columns:
# 314-333
name=unknown_E
#
# <colnr> <probs for GDERKNQSTAVLIFYWHMCP>
#	G	D	E	R	K	N	Q	S	T	A	V	L	I	F	Y	W	H	M	C	P
0	0.05411	0.10463	0.01510	0.04434	0.03875	0.18135	0.00938	0.05967	0.30670	0.10873	0.01527	0.01500	0.01145	0.00623	0.00498	0.00161	0.00589	0.00477	0.00435	0.00771
1	0.19301	0.01284	0.01476	0.01151	0.01541	0.01399	0.05569	0.39118	0.01845	0.15672	0.01271	0.01297	0.00896	0.00622	0.00570	0.00168	0.05061	0.00461	0.00482	0.00814
2	0.01112	0.12473	0.49757	0.01457	0.03547	0.01295	0.08636	0.01603	0.01179	0.01689	0.09546	0.01456	0.01191	0.00572	0.00540	0.00165	0.02297	0.00473	0.00273	0.00738
3	0.01098	0.00516	0.00761	0.00728	0.00775	0.00502	0.00502	0.00915	0.00793	0.09613	0.01066	0.01654	0.00977	0.01730	0.01923	0.74916	0.00465	0.00474	0.00282	0.00310
4	0.01323	0.00860	0.01217	0.00986	0.01262	0.00824	0.09100	0.12426	0.01613	0.17307	0.36813	0.04952	0.07205	0.00902	0.00602	0.00170	0.00419	0.00799	0.00554	0.00667
5	0.01293	0.01022	0.01173	0.00882	0.01325	0.00883	0.00706	0.07047	0.12822	0.06609	0.01238	0.01305	0.00965	0.00482	0.00439	0.00106	0.00419	0.00388	0.00390	0.60505
6	0.00835	0.00812	0.09460	0.00797	0.00928	0.00650	0.03335	0.00966	0.00879	0.01233	0.01613	0.06521	0.01724	0.50110	0.13395	0.00485	0.00677	0.00723	0.04428	0.00429
7	0.01336	0.01331	0.01928	0.02762	0.59892	0.09917	0.01440	0.01626	0.01292	0.01753	0.10267	0.01613	0.01344	0.00562	0.00538	0.00158	0.00628	0.00523	0.00306	0.00783
8	0.00683	0.00494	0.00653	0.00770	0.00824	0.00464	0.00546	0.00802	0.01070	0.01410	0.03096	0.65187	0.08105	0.01633	0.00690	0.00220	0.00336	0.12074	0.00498	0.00446
9	0.01247	0.01185	0.02014	0.18914	0.59784	0.01234	0.01587	0.01571	0.01192	0.01670	0.01065	0.01522	0.00905	0.00527	0.00540	0.00167	0.00648	0.03173	0.00268	0.00785
10	0.00724	0.00547	0.00668	0.00638	0.00780	0.00491	0.00478	0.00943	0.01435	0.01951	0.56860	0.04341	0.25833	0.01172	0.00633	0.00172	0.00259	0.01017	0.00564	0.00491
11	0.01367	0.01169	0.01232	0.01099	0.01408	0.01350	0.00857	0.06153	0.73464	0.02297	0.02144	0.01971	0.01606	0.00724	0.00546	0.00181	0.00432	0.00601	0.00546	0.00852
12	0.01389	0.00882	0.01052	0.00910	0.01143	0.04349	0.00713	0.12735	0.01302	0.16896	0.02637	0.01867	0.01267	0.05655	0.28574	0.06500	0.00834	0.00531	0.04757	0.06005
13	0.00817	0.00578	0.00700	0.00667	0.00821	0.00529	0.00501	0.01072	0.04019	0.05185	0.46161	0.08891	0.23579	0.01159	0.00623	0.00174	0.00276	0.01005	0.02725	0.00517
14	0.84927	0.01038	0.00789	0.00706	0.01038	0.01204	0.00581	0.01578	0.00914	0.02408	0.00747	0.00872	0.00581	0.00498	0.00332	0.00166	0.00415	0.00291	0.00332	0.00581
15	0.00787	0.00553	0.00699	0.00670	0.00807	0.00501	0.00499	0.01005	0.01428	0.04610	0.56428	0.10858	0.16793	0.01177	0.00635	0.00175	0.00269	0.01031	0.00570	0.00506
16	0.01077	0.02777	0.78354	0.01530	0.02323	0.01247	0.01983	0.01700	0.01133	0.01700	0.00963	0.01133	0.00680	0.00510	0.00510	0.00170	0.00793	0.00397	0.00227	0.00793
17	0.00675	0.00490	0.00637	0.00717	0.00779	0.00452	0.00493	0.00805	0.01146	0.01541	0.18885	0.58882	0.09442	0.01534	0.00670	0.00205	0.00296	0.01379	0.00518	0.00452
18	0.00780	0.00652	0.00858	0.19153	0.01458	0.00672	0.00702	0.01025	0.04488	0.01502	0.11261	0.17435	0.30501	0.06231	0.00750	0.00207	0.00403	0.00987	0.00439	0.00499
19	0.01297	0.41985	0.26434	0.01274	0.01836	0.01706	0.09669	0.01739	0.06591	0.01522	0.00956	0.01095	0.00769	0.00494	0.00443	0.00144	0.00669	0.00383	0.00256	0.00737

[dist]
# distance from previous block
# <min> <max>
0	1

[block]
# block no. 5 follows, 45 sequences, length 24
# corresponding to MSA columns:
# 335-344,346-359
name=unknown_F
#
# <colnr> <probs for GDERKNQSTAVLIFYWHMCP>
#	G	D	E	R	K	N	Q	S	T	A	V	L	I	F	Y	W	H	M	C	P
0	0.01389	0.01314	0.02003	0.07948	0.45268	0.07006	0.08113	0.01769	0.06381	0.05855	0.01163	0.02990	0.00953	0.00562	0.00608	0.00168	0.04901	0.00515	0.00309	0.00785
1	0.01918	0.01413	0.01510	0.01178	0.01579	0.01566	0.00967	0.65373	0.08557	0.03204	0.01391	0.01391	0.01001	0.00650	0.00528	0.00161	0.00556	0.00495	0.05680	0.00882
2	0.78892	0.01149	0.00842	0.00755	0.01083	0.06864	0.00615	0.01619	0.00958	0.02329	0.00753	0.00879	0.00589	0.00502	0.00343	0.00164	0.00455	0.00295	0.00328	0.00584
3	0.01400	0.57831	0.14388	0.01038	0.01523	0.05167	0.01075	0.05320	0.01208	0.01483	0.04598	0.01085	0.00915	0.00512	0.00400	0.00129	0.00610	0.00350	0.00264	0.00704
4	0.00857	0.00660	0.00875	0.06365	0.01156	0.00645	0.02049	0.07121	0.01191	0.01596	0.02594	0.51581	0.06474	0.01357	0.00639	0.00199	0.00392	0.06358	0.00464	0.07428
5	0.01032	0.00952	0.01544	0.65502	0.03231	0.01203	0.01383	0.01354	0.01047	0.01402	0.00974	0.01436	0.00756	0.00590	0.00673	0.00182	0.10163	0.00478	0.05509	0.00589
6	0.00932	0.00466	0.00699	0.00699	0.00699	0.00466	0.00466	0.00699	0.00699	0.00932	0.00932	0.01632	0.00932	0.01865	0.02098	0.84382	0.00466	0.00466	0.00233	0.00233
7	0.01021	0.00553	0.00558	0.00540	0.00684	0.00553	0.00409	0.04856	0.01202	0.02023	0.02034	0.02229	0.07667	0.00687	0.00405	0.00131	0.00269	0.00552	0.73110	0.00517
8	0.00654	0.00467	0.00623	0.00747	0.00779	0.00436	0.00498	0.00747	0.01028	0.01370	0.02959	0.80785	0.03550	0.01682	0.00685	0.00218	0.00311	0.01526	0.00498	0.00436
9	0.01435	0.81458	0.02813	0.00918	0.01378	0.02124	0.00918	0.01607	0.01091	0.01263	0.00746	0.00861	0.00689	0.00459	0.00344	0.00115	0.00574	0.00287	0.00230	0.00689
10	0.00780	0.00523	0.00599	0.00599	0.00604	0.00528	0.00342	0.00789	0.00785	0.01051	0.01679	0.03443	0.01921	0.77295	0.06531	0.00537	0.00566	0.00770	0.00323	0.00333
11	0.01014	0.00954	0.01610	0.79845	0.03697	0.01193	0.01491	0.01371	0.01073	0.01371	0.00954	0.01431	0.00716	0.00537	0.00537	0.00179	0.00716	0.00477	0.00239	0.00596
12	0.01435	0.81458	0.02813	0.00918	0.01378	0.02124	0.00918	0.01607	0.01091	0.01263	0.00746	0.00861	0.00689	0.00459	0.00344	0.00115	0.00574	0.00287	0.00230	0.00689
13	0.00858	0.00609	0.00841	0.00954	0.01066	0.00609	0.00818	0.01083	0.01196	0.01557	0.02742	0.05834	0.02991	0.08395	0.00914	0.00271	0.00497	0.67805	0.00480	0.00480
14	0.17615	0.47241	0.02128	0.00971	0.01380	0.11741	0.00880	0.09729	0.01267	0.01719	0.00816	0.00923	0.00693	0.00499	0.00381	0.00133	0.00596	0.00317	0.00289	0.00684
15	0.01978	0.01473	0.01576	0.01222	0.01641	0.01635	0.01005	0.69522	0.09100	0.03282	0.01368	0.01352	0.00977	0.00652	0.00538	0.00163	0.00576	0.00494	0.00538	0.00907
16	0.01117	0.00968	0.01146	0.00833	0.01281	0.00773	0.00669	0.01348	0.01095	0.01721	0.00939	0.01117	0.00790	0.00431	0.00481	0.00089	0.05304	0.00327	0.00313	0.79259
17	0.09759	0.00983	0.01241	0.00960	0.01370	0.00912	0.00793	0.09746	0.01578	0.64018	0.01913	0.01689	0.01221	0.00648	0.00521	0.00166	0.00466	0.00512	0.00622	0.00884
18	0.00641	0.00544	0.00554	0.00551	0.00729	0.00456	0.00413	0.00784	0.01240	0.01490	0.09503	0.05101	0.73479	0.01345	0.00634	0.00181	0.00271	0.01124	0.00504	0.00456
19	0.00669	0.00541	0.00590	0.00585	0.00742	0.00467	0.00433	0.00829	0.01276	0.01607	0.22720	0.07852	0.55125	0.03331	0.00689	0.00188	0.00275	0.01100	0.00516	0.00462
20	0.00781	0.00574	0.00711	0.00772	0.00857	0.00559	0.00545	0.05481	0.03663	0.01565	0.06653	0.55910	0.09554	0.05185	0.00762	0.00223	0.00345	0.04879	0.00499	0.00482
21	0.00654	0.00467	0.00623	0.00747	0.00779	0.00436	0.00498	0.00747	0.01028	0.01370	0.02959	0.80785	0.03550	0.01682	0.00685	0.00218	0.00311	0.01526	0.00498	0.00436
22	0.10896	0.01254	0.01383	0.04917	0.01581	0.01355	0.00913	0.43270	0.05686	0.16203	0.01416	0.01406	0.00993	0.00625	0.00506	0.00161	0.00528	0.00476	0.03925	0.02506
23	0.01454	0.71323	0.04242	0.00945	0.01392	0.05046	0.00930	0.04000	0.01156	0.01368	0.00806	0.00924	0.00720	0.00476	0.00361	0.00119	0.00583	0.00305	0.03161	0.00689

[dist]
# distance from previous block
# <min> <max>
1	11

[block]
# block no. 6 follows, 45 sequences, length 47
# corresponding to MSA columns:
# 371-373,382-390,400-434
name=unknown_G
#
# <colnr> <probs for GDERKNQSTAVLIFYWHMCP>
#	G	D	E	R	K	N	Q	S	T	A	V	L	I	F	Y	W	H	M	C	P
0	0.81626	0.01057	0.00822	0.00727	0.01063	0.01223	0.00599	0.04541	0.00978	0.02447	0.00769	0.00889	0.00595	0.00504	0.00340	0.00166	0.00422	0.00298	0.00340	0.00595
1	0.00781	0.00520	0.00585	0.00585	0.00585	0.00520	0.00325	0.00781	0.00781	0.01041	0.01691	0.03513	0.01952	0.81135	0.02732	0.00520	0.00520	0.00781	0.00325	0.00325
2	0.00750	0.00544	0.00703	0.00672	0.00794	0.00501	0.00499	0.00985	0.01469	0.02063	0.69326	0.07880	0.08009	0.02615	0.00675	0.00178	0.00262	0.01002	0.00577	0.00497
3	0.00654	0.00467	0.00623	0.00747	0.00779	0.00436	0.00498	0.00747	0.01028	0.01370	0.02959	0.80785	0.03550	0.01682	0.00685	0.00218	0.00311	0.01526	0.00498	0.00436
4	0.01001	0.00500	0.00500	0.00500	0.00625	0.00500	0.00375	0.01251	0.01126	0.02001	0.01751	0.02001	0.01376	0.00625	0.00375	0.00125	0.00250	0.00500	0.84115	0.00500
5	0.01214	0.00997	0.01155	0.00833	0.01305	0.00792	0.00670	0.07300	0.01234	0.03472	0.01005	0.01142	0.00816	0.00423	0.00412	0.00088	0.00414	0.00336	0.00343	0.76050
6	0.00711	0.00509	0.00674	0.00787	0.00838	0.00486	0.00553	0.02540	0.01086	0.01444	0.02906	0.70322	0.03436	0.01635	0.00688	0.00220	0.00339	0.09875	0.00499	0.00454
7	0.00768	0.00572	0.00847	0.00847	0.00937	0.00662	0.00651	0.00948	0.00858	0.01234	0.01452	0.02189	0.01377	0.08449	0.74633	0.00843	0.01385	0.00587	0.00290	0.00470
8	0.84927	0.01038	0.00789	0.00706	0.01038	0.01204	0.00581	0.01578	0.00914	0.02408	0.00747	0.00872	0.00581	0.00498	0.00332	0.00166	0.00415	0.00291	0.00332	0.00581
9	0.01014	0.00954	0.01610	0.79845	0.03697	0.01193	0.01491	0.01371	0.01073	0.01371	0.00954	0.01431	0.00716	0.00537	0.00537	0.00179	0.00716	0.00477	0.00239	0.00596
10	0.01329	0.01275	0.02179	0.03295	0.77787	0.01275	0.01647	0.01647	0.01222	0.01754	0.01010	0.01329	0.00850	0.00478	0.00531	0.00159	0.00638	0.00478	0.00266	0.00850
11	0.01855	0.01336	0.01442	0.03207	0.01560	0.01475	0.00934	0.62620	0.02272	0.03119	0.01350	0.01401	0.00978	0.00639	0.00512	0.00156	0.00542	0.00486	0.13275	0.00842
12	0.01329	0.01275	0.02179	0.03295	0.77787	0.01275	0.01647	0.01647	0.01222	0.01754	0.01010	0.01329	0.00850	0.00478	0.00531	0.00159	0.00638	0.00478	0.00266	0.00850
13	0.02408	0.00914	0.01246	0.00955	0.01370	0.00789	0.00789	0.02616	0.01536	0.78158	0.02118	0.01827	0.01329	0.00664	0.00540	0.00166	0.00457	0.00540	0.00664	0.00914
14	0.00781	0.00520	0.00585	0.00585	0.00585	0.00520	0.00325	0.00781	0.00781	0.01041	0.01691	0.03513	0.01952	0.81135	0.02732	0.00520	0.00520	0.00781	0.00325	0.00325
15	0.01184	0.01113	0.02097	0.08345	0.02188	0.01095	0.37785	0.01645	0.07836	0.05510	0.01833	0.02791	0.04700	0.00783	0.00639	0.00196	0.00698	0.18518	0.00376	0.00666
16	0.04747	0.00917	0.01233	0.00948	0.01361	0.00801	0.00783	0.02587	0.01519	0.76012	0.02079	0.01800	0.01308	0.00660	0.00534	0.00166	0.00456	0.00533	0.00655	0.00904
17	0.07936	0.04373	0.01292	0.00961	0.01362	0.00963	0.00795	0.05492	0.08932	0.59183	0.01938	0.01716	0.01264	0.00650	0.00518	0.00165	0.00461	0.00516	0.00606	0.00875
18	0.01742	0.01283	0.01408	0.01097	0.01489	0.01361	0.00894	0.51405	0.06114	0.05178	0.08936	0.02918	0.01406	0.00679	0.00531	0.00153	0.00514	0.00536	0.00517	0.11838
19	0.82966	0.02927	0.00836	0.00711	0.01046	0.01226	0.00589	0.01579	0.00918	0.02381	0.00747	0.00872	0.00584	0.00497	0.00332	0.00165	0.00419	0.00291	0.00330	0.00584
20	0.01591	0.01175	0.01232	0.01055	0.01374	0.05146	0.00833	0.13939	0.41980	0.13852	0.06265	0.01928	0.01615	0.00713	0.00537	0.00171	0.00464	0.00580	0.04730	0.00820
21	0.01632	0.01262	0.01352	0.01135	0.01487	0.01422	0.00905	0.28069	0.47437	0.06425	0.01872	0.01748	0.01373	0.00696	0.00543	0.00174	0.00484	0.00561	0.00549	0.00875
22	0.01880	0.07851	0.01567	0.01299	0.01596	0.61514	0.00998	0.05817	0.07730	0.01493	0.01067	0.01161	0.02595	0.00585	0.00486	0.00142	0.00861	0.00389	0.00314	0.00656
23	0.01861	0.01336	0.01476	0.01264	0.05403	0.03255	0.00972	0.39823	0.22857	0.13555	0.01630	0.01557	0.01164	0.00660	0.00538	0.00167	0.00537	0.00522	0.00538	0.00885
24	0.04316	0.00967	0.01221	0.00970	0.01346	0.00916	0.00789	0.10053	0.08695	0.54963	0.05279	0.04977	0.01544	0.00723	0.00544	0.00169	0.00452	0.00591	0.00622	0.00862
25	0.00634	0.00544	0.00544	0.00544	0.00725	0.00453	0.00408	0.00770	0.01224	0.01450	0.05438	0.05166	0.77569	0.01359	0.00634	0.00181	0.00272	0.01133	0.00498	0.00453
26	0.00661	0.00536	0.00586	0.00591	0.00746	0.00461	0.00437	0.00814	0.01259	0.01576	0.18988	0.13281	0.55501	0.01345	0.00640	0.00183	0.00273	0.01145	0.00516	0.00461
27	0.02019	0.01352	0.01529	0.01185	0.01599	0.01454	0.02410	0.54477	0.07812	0.16952	0.01530	0.02694	0.01083	0.00667	0.00542	0.00165	0.00556	0.00522	0.00555	0.00897
28	0.01635	0.01694	0.01471	0.01418	0.08748	0.32993	0.02430	0.15807	0.05855	0.01831	0.01147	0.01357	0.00935	0.01094	0.11965	0.00256	0.03643	0.00450	0.04585	0.00686
29	0.00653	0.00471	0.00619	0.00737	0.00776	0.00437	0.00494	0.00749	0.01037	0.01374	0.03082	0.77012	0.07243	0.01666	0.00683	0.00216	0.00309	0.01506	0.00498	0.00437
30	0.01433	0.01143	0.01224	0.01080	0.01396	0.01298	0.00846	0.06503	0.66483	0.07553	0.02193	0.02011	0.02938	0.00731	0.00547	0.00180	0.00433	0.00605	0.00553	0.00850
31	0.05779	0.01317	0.02078	0.03077	0.70510	0.04555	0.01565	0.01665	0.01219	0.01770	0.00988	0.01289	0.00829	0.00483	0.00519	0.00159	0.00640	0.00463	0.00270	0.00826
32	0.01373	0.01074	0.01178	0.01069	0.01362	0.01210	0.00846	0.02641	0.62185	0.08527	0.02252	0.02435	0.01773	0.00806	0.00567	0.00188	0.00435	0.08712	0.00550	0.00816
33	0.02408	0.00914	0.01246	0.00955	0.01370	0.00789	0.00789	0.02616	0.01536	0.78158	0.02118	0.01827	0.01329	0.00664	0.00540	0.00166	0.00457	0.00540	0.00664	0.00914
34	0.01338	0.01280	0.01967	0.12265	0.55675	0.04327	0.01504	0.03866	0.09109	0.01787	0.01126	0.01396	0.00911	0.00519	0.00532	0.00163	0.00637	0.00486	0.00300	0.00812
35	0.01858	0.01395	0.01497	0.01187	0.01576	0.01549	0.00966	0.60608	0.14103	0.03100	0.01516	0.05534	0.01164	0.00711	0.00546	0.00167	0.00550	0.00557	0.00536	0.00878
36	0.01093	0.00804	0.01012	0.02536	0.02654	0.00855	0.00854	0.08345	0.14131	0.03382	0.02418	0.04211	0.03812	0.01308	0.04795	0.00248	0.00529	0.41119	0.05286	0.00609
37	0.00740	0.00544	0.00692	0.00664	0.00792	0.00497	0.00495	0.00971	0.01460	0.02031	0.65320	0.08032	0.13448	0.01158	0.00636	0.00173	0.00258	0.01018	0.00575	0.00497
38	0.84927	0.01038	0.00789	0.00706	0.01038	0.01204	0.00581	0.01578	0.00914	0.02408	0.00747	0.00872	0.00581	0.00498	0.00332	0.00166	0.00415	0.00291	0.00332	0.00581
39	0.00748	0.00552	0.00705	0.00733	0.00836	0.00526	0.00534	0.00999	0.05281	0.01788	0.36870	0.33669	0.08358	0.01338	0.00654	0.00193	0.00298	0.04882	0.00543	0.00494
40	0.10672	0.01164	0.01233	0.01020	0.01327	0.01284	0.00804	0.39868	0.10979	0.04109	0.01546	0.07992	0.01333	0.11743	0.02331	0.00231	0.00533	0.00604	0.00482	0.00743
41	0.00692	0.00508	0.00656	0.00763	0.00819	0.00484	0.00527	0.00856	0.04251	0.01423	0.03051	0.69672	0.07361	0.01614	0.00679	0.00216	0.00323	0.05145	0.00500	0.00457
42	0.01873	0.01511	0.01498	0.01209	0.01583	0.10077	0.00976	0.48901	0.16332	0.05153	0.02893	0.01455	0.01114	0.00665	0.00559	0.00164	0.02171	0.00502	0.00509	0.00855
43	0.00748	0.00549	0.00701	0.00666	0.00799	0.00503	0.00502	0.00988	0.01481	0.02063	0.67986	0.04178	0.13187	0.01134	0.00635	0.00172	0.00260	0.02369	0.00579	0.00500
44	0.01561	0.70450	0.09441	0.01085	0.01572	0.04390	0.01073	0.01728	0.01200	0.01447	0.00921	0.01099	0.00831	0.00566	0.00430	0.00149	0.00653	0.00350	0.00283	0.00771
45	0.06045	0.05822	0.03347	0.01206	0.01590	0.16915	0.00992	0.40572	0.13760	0.02597	0.01275	0.01290	0.00949	0.00619	0.00507	0.00158	0.00634	0.00453	0.00453	0.00814
46	0.01970	0.01461	0.01567	0.01214	0.01629	0.01619	0.00998	0.70048	0.06761	0.03289	0.03123	0.01393	0.01052	0.00660	0.00540	0.00162	0.00573	0.00502	0.00539	0.00900

[dist]
# distance from previous block
# <min> <max>
0	2

[block]
# block no. 7 follows, 45 sequences, length 22
# corresponding to MSA columns:
# 437-458
name=unknown_H
#
# <colnr> <probs for GDERKNQSTAVLIFYWHMCP>
#	G	D	E	R	K	N	Q	S	T	A	V	L	I	F	Y	W	H	M	C	P
0	0.00743	0.00534	0.00690	0.00765	0.00838	0.00504	0.00552	0.00869	0.01065	0.01421	0.06171	0.42773	0.05573	0.14596	0.01018	0.00265	0.00385	0.16989	0.00466	0.03783
1	0.10207	0.01314	0.01346	0.01256	0.06476	0.08562	0.02317	0.10933	0.43240	0.06054	0.01705	0.01643	0.01274	0.00654	0.00517	0.00172	0.00518	0.00524	0.00480	0.00809
2	0.01512	0.00911	0.00999	0.00862	0.01125	0.07971	0.00673	0.01805	0.06790	0.30362	0.24357	0.06462	0.12065	0.00919	0.00581	0.00170	0.00413	0.00772	0.00570	0.00684
3	0.01674	0.03277	0.08629	0.01132	0.01570	0.01117	0.06659	0.20719	0.05347	0.22107	0.08458	0.01733	0.02533	0.00640	0.00530	0.00155	0.00528	0.00534	0.00488	0.12169
4	0.01262	0.22713	0.46920	0.01325	0.01935	0.01480	0.01559	0.01696	0.01119	0.06399	0.00957	0.01111	0.00726	0.00547	0.00586	0.00162	0.08108	0.00384	0.00256	0.00755
5	0.00774	0.00548	0.00724	0.00724	0.00772	0.00596	0.00498	0.00869	0.00822	0.01143	0.01565	0.02812	0.01647	0.42631	0.40820	0.00691	0.00979	0.00678	0.00306	0.00402
6	0.00675	0.00534	0.00613	0.00648	0.00783	0.00471	0.00483	0.00826	0.01214	0.01530	0.13163	0.22604	0.44882	0.01414	0.00656	0.00194	0.00300	0.08042	0.00509	0.00459
7	0.01544	0.01372	0.01830	0.02260	0.39164	0.11528	0.03377	0.03784	0.06723	0.11511	0.01205	0.01403	0.00948	0.00674	0.02795	0.00186	0.08078	0.00484	0.00343	0.00792
8	0.01199	0.01233	0.02327	0.28942	0.12322	0.01325	0.32173	0.03431	0.01185	0.01606	0.01001	0.01398	0.00777	0.00535	0.00690	0.00182	0.08181	0.00541	0.00263	0.00688
9	0.00992	0.00914	0.01515	0.72462	0.03407	0.01130	0.01382	0.01316	0.01046	0.01341	0.01023	0.01625	0.00831	0.08045	0.00741	0.00211	0.00697	0.00505	0.00247	0.00571
10	0.02168	0.00998	0.04074	0.04129	0.01488	0.00867	0.00860	0.02520	0.08515	0.63568	0.03674	0.01850	0.01391	0.00669	0.00541	0.00168	0.00472	0.00548	0.00619	0.00882
11	0.01383	0.01321	0.01996	0.04819	0.60674	0.06127	0.01509	0.06918	0.01331	0.01822	0.01138	0.01617	0.00989	0.00562	0.00543	0.00164	0.00648	0.05329	0.00300	0.00811
12	0.01272	0.08231	0.54933	0.01503	0.02189	0.04740	0.08215	0.07023	0.01271	0.04277	0.01013	0.01168	0.00731	0.00518	0.00510	0.00165	0.00769	0.00418	0.00269	0.00785
13	0.04527	0.00923	0.01217	0.00956	0.01352	0.00824	0.00793	0.05644	0.01524	0.64290	0.02048	0.02049	0.01394	0.00706	0.00543	0.00168	0.00462	0.05753	0.00624	0.04204
14	0.00755	0.00545	0.00713	0.00679	0.00801	0.00503	0.00506	0.01001	0.01498	0.02118	0.74187	0.07425	0.04998	0.01123	0.00635	0.00171	0.00256	0.00995	0.00587	0.00503
15	0.84927	0.01038	0.00789	0.00706	0.01038	0.01204	0.00581	0.01578	0.00914	0.02408	0.00747	0.00872	0.00581	0.00498	0.00332	0.00166	0.00415	0.00291	0.00332	0.00581
16	0.05800	0.00944	0.03302	0.00940	0.01342	0.00799	0.00793	0.02432	0.01497	0.67409	0.07383	0.01922	0.01544	0.00684	0.00537	0.00166	0.00450	0.00556	0.00633	0.00867
17	0.01554	0.15568	0.38970	0.01266	0.01867	0.04688	0.01418	0.07193	0.01335	0.19391	0.01211	0.01251	0.00848	0.00548	0.00490	0.00158	0.00672	0.00415	0.00352	0.00804
18	0.01118	0.10110	0.68028	0.01504	0.02255	0.01334	0.05056	0.01692	0.01135	0.01660	0.00948	0.01121	0.00687	0.00503	0.00500	0.00165	0.00778	0.00397	0.00229	0.00781
19	0.01527	0.01229	0.01254	0.01101	0.01421	0.06117	0.00862	0.05986	0.60530	0.10658	0.02054	0.01888	0.01514	0.00707	0.00541	0.00177	0.00469	0.00578	0.00542	0.00845
20	0.01092	0.00932	0.01158	0.10956	0.01558	0.00766	0.00738	0.01325	0.01089	0.01664	0.00953	0.01177	0.00791	0.00481	0.00492	0.03887	0.00442	0.00345	0.00304	0.69848
21	0.01027	0.00791	0.00863	0.00819	0.00935	0.06351	0.00626	0.04539	0.01191	0.01762	0.12861	0.14232	0.02095	0.01279	0.09555	0.00246	0.10736	0.00720	0.28845	0.00527

[dist]
# distance from previous block
# <min> <max>
0	3

[block]
# block no. 8 follows, 45 sequences, length 20
# corresponding to MSA columns:
# 462-481
name=unknown_I
#
# <colnr> <probs for GDERKNQSTAVLIFYWHMCP>
#	G	D	E	R	K	N	Q	S	T	A	V	L	I	F	Y	W	H	M	C	P
0	0.78459	0.01074	0.00853	0.00747	0.01087	0.01240	0.00616	0.07385	0.01039	0.02484	0.00790	0.00905	0.00607	0.00510	0.00348	0.00166	0.00429	0.00306	0.00348	0.00607
1	0.35563	0.01677	0.31987	0.01063	0.01563	0.01117	0.01157	0.01667	0.01051	0.10152	0.00997	0.01141	0.00730	0.00632	0.00569	0.06993	0.00576	0.00374	0.00318	0.00674
2	0.00932	0.00466	0.00699	0.00699	0.00699	0.00466	0.00466	0.00699	0.00699	0.00932	0.00932	0.01632	0.00932	0.01865	0.02098	0.84382	0.00466	0.00466	0.00233	0.00233
3	0.01817	0.01337	0.01452	0.01156	0.01522	0.01467	0.00936	0.63868	0.02283	0.03059	0.01558	0.14102	0.01338	0.00812	0.00561	0.00170	0.00546	0.00651	0.00531	0.00836
4	0.00760	0.00549	0.00718	0.00675	0.00802	0.00506	0.00506	0.01013	0.01519	0.02153	0.77503	0.04010	0.05065	0.01097	0.00633	0.00169	0.00253	0.00971	0.00591	0.00506
5	0.01281	0.01143	0.01150	0.01053	0.01333	0.05406	0.00821	0.02527	0.61622	0.02087	0.02442	0.02464	0.08504	0.00819	0.00562	0.00183	0.00444	0.04851	0.00524	0.00781
