[name]
unknown

[dist]
# distance from previous block
# <min> <max>
24	98

[block]
# block no. 0 follows, 44 sequences, length 30
# corresponding to MSA columns:
# 165-194
name=unknown_A
#
# <colnr> <probs for GDERKNQSTAVLIFYWHMCP>
#	G	D	E	R	K	N	Q	S	T	A	V	L	I	F	Y	W	H	M	C	P
0	0.12199	0.01763	0.29485	0.03124	0.10902	0.02502	0.11530	0.04554	0.01266	0.06753	0.05903	0.01618	0.04838	0.00600	0.00531	0.00172	0.00664	0.00517	0.00333	0.00746
1	0.01093	0.02820	0.78016	0.01554	0.02360	0.01266	0.02014	0.01727	0.01151	0.01727	0.00978	0.01151	0.00691	0.00518	0.00518	0.00173	0.00806	0.00403	0.00230	0.00806
2	0.01151	0.09471	0.58185	0.01552	0.03762	0.01339	0.07727	0.01756	0.04731	0.01728	0.02990	0.01273	0.00867	0.00534	0.00519	0.00169	0.00760	0.00439	0.00260	0.00787
3	0.00793	0.00529	0.00595	0.00595	0.00595	0.00529	0.00330	0.00793	0.00793	0.01057	0.01718	0.03568	0.01982	0.80840	0.02775	0.00529	0.00529	0.00793	0.00330	0.00330
4	0.01794	0.01415	0.01456	0.01193	0.01556	0.06729	0.00961	0.40133	0.25113	0.06320	0.01593	0.01570	0.01174	0.00829	0.03942	0.00201	0.02112	0.00527	0.00520	0.00862
5	0.01093	0.02820	0.78016	0.01554	0.02360	0.01266	0.02014	0.01727	0.01151	0.01727	0.00978	0.01151	0.00691	0.00518	0.00518	0.00173	0.00806	0.00403	0.00230	0.00806
6	0.05349	0.04159	0.55520	0.01376	0.02066	0.01200	0.01656	0.03431	0.01251	0.17164	0.01207	0.01278	0.00824	0.00551	0.00512	0.00170	0.00709	0.00426	0.00332	0.00820
7	0.00664	0.00474	0.00633	0.00759	0.00791	0.00443	0.00506	0.00759	0.01044	0.01392	0.03005	0.80485	0.03606	0.01708	0.00696	0.00221	0.00316	0.01550	0.00506	0.00443
8	0.00673	0.00478	0.00630	0.00747	0.00777	0.00449	0.00493	0.00762	0.01026	0.01368	0.02912	0.74959	0.03489	0.07392	0.00845	0.00243	0.00332	0.01495	0.00493	0.00435
9	0.00669	0.00476	0.00631	0.00753	0.00784	0.00446	0.00500	0.00760	0.01035	0.01380	0.02960	0.77807	0.03549	0.04463	0.00768	0.00232	0.00324	0.01523	0.00500	0.00439
10	0.01213	0.01156	0.01966	0.35884	0.45970	0.01259	0.01605	0.01553	0.01177	0.01615	0.01001	0.01394	0.00805	0.00511	0.00542	0.00170	0.00681	0.00485	0.00258	0.00753
11	0.01130	0.00969	0.01130	0.00807	0.01292	0.00727	0.00646	0.01373	0.01130	0.01776	0.00969	0.01130	0.00807	0.00404	0.00404	0.00081	0.00404	0.00323	0.00323	0.84173
12	0.00668	0.00476	0.00631	0.00754	0.00785	0.00446	0.00501	0.00760	0.01036	0.01381	0.02964	0.78073	0.03555	0.04189	0.00761	0.00231	0.00323	0.01526	0.00501	0.00439
13	0.01224	0.01004	0.01167	0.00841	0.01320	0.00791	0.00675	0.06248	0.01234	0.03724	0.01020	0.01160	0.00828	0.00427	0.00416	0.00088	0.00418	0.00339	0.00346	0.76728
14	0.01458	0.81168	0.02857	0.00933	0.01399	0.02157	0.00933	0.01632	0.01108	0.01283	0.00758	0.00875	0.00700	0.00466	0.00350	0.00117	0.00583	0.00292	0.00233	0.00700
15	0.01036	0.00977	0.01636	0.76583	0.03667	0.01229	0.01502	0.01390	0.01080	0.01390	0.00959	0.01444	0.00726	0.00560	0.00592	0.00184	0.03713	0.00484	0.00242	0.00605
16	0.01350	0.01291	0.02181	0.03273	0.74954	0.01297	0.01647	0.01713	0.03700	0.01797	0.01064	0.01372	0.00890	0.00494	0.00540	0.00163	0.00641	0.00490	0.00279	0.00864
17	0.00930	0.00599	0.00775	0.00726	0.00879	0.00553	0.00546	0.01193	0.03406	0.09311	0.56919	0.12166	0.07606	0.01139	0.00637	0.00178	0.00289	0.01003	0.00592	0.00553
18	0.00664	0.00474	0.00633	0.00759	0.00791	0.00443	0.00506	0.00759	0.01044	0.01392	0.03005	0.80485	0.03606	0.01708	0.00696	0.00221	0.00316	0.01550	0.00506	0.00443
19	0.02335	0.01013	0.01307	0.01012	0.01429	0.00940	0.00833	0.11282	0.06280	0.64398	0.02056	0.01802	0.01319	0.00676	0.00548	0.00169	0.00478	0.00546	0.00652	0.00924
20	0.01199	0.01211	0.01771	0.01488	0.01524	0.01651	0.06038	0.01340	0.00864	0.01340	0.00741	0.01211	0.00723	0.00922	0.01714	0.00235	0.74694	0.00488	0.00241	0.00605
21	0.00793	0.00529	0.00595	0.00595	0.00595	0.00529	0.00330	0.00793	0.00793	0.01057	0.01718	0.03568	0.01982	0.80840	0.02775	0.00529	0.00529	0.00793	0.00330	0.00330
22	0.01159	0.01145	0.01604	0.01387	0.01392	0.01590	0.01150	0.01280	0.00843	0.01313	0.00820	0.03809	0.00836	0.01106	0.04877	0.00264	0.74074	0.00516	0.00249	0.00587
23	0.00793	0.00529	0.00595	0.00595	0.00595	0.00529	0.00330	0.00793	0.00793	0.01057	0.01718	0.03568	0.01982	0.80840	0.02775	0.00529	0.00529	0.00793	0.00330	0.00330
24	0.01166	0.04624	0.28465	0.20081	0.02842	0.01328	0.30350	0.01653	0.01188	0.01640	0.01017	0.01336	0.00752	0.00500	0.00567	0.00177	0.00823	0.00511	0.00251	0.00728
25	0.01974	0.01620	0.01606	0.01277	0.01659	0.11219	0.01040	0.57916	0.06132	0.02977	0.01259	0.01298	0.00923	0.00667	0.00620	0.00167	0.05809	0.00479	0.00493	0.00866
26	0.03582	0.01310	0.06907	0.20885	0.17011	0.01319	0.04819	0.18494	0.09634	0.03447	0.01340	0.01742	0.01067	0.00637	0.00556	0.00178	0.00638	0.05280	0.00378	0.00775
27	0.02024	0.00848	0.01130	0.00909	0.01259	0.00748	0.00734	0.02272	0.03944	0.58423	0.10548	0.07398	0.05606	0.00827	0.00573	0.00174	0.00422	0.00693	0.00644	0.00826
28	0.01198	0.01045	0.01159	0.00854	0.01315	0.03523	0.00679	0.04657	0.02923	0.01836	0.01052	0.02879	0.00889	0.00456	0.00423	0.00092	0.00431	0.00365	0.00340	0.73883
29	0.01185	0.10044	0.03354	0.00905	0.01314	0.01000	0.00763	0.05504	0.01175	0.01734	0.01109	0.04724	0.01013	0.03385	0.00611	0.00129	0.06029	0.02275	0.00330	0.53418

[dist]
# distance from previous block
# <min> <max>
0	4

[block]
# block no. 1 follows, 44 sequences, length 106
# corresponding to MSA columns:
# 199-304
name=unknown_B
#
# <colnr> <probs for GDERKNQSTAVLIFYWHMCP>
#	G	D	E	R	K	N	Q	S	T	A	V	L	I	F	Y	W	H	M	C	P
0	0.01942	0.01360	0.03409	0.01154	0.01558	0.03848	0.00956	0.38039	0.17374	0.19645	0.01779	0.01677	0.03319	0.00691	0.00548	0.00169	0.00543	0.00541	0.00558	0.00888
1	0.04116	0.01389	0.01278	0.01146	0.01309	0.24763	0.00893	0.01593	0.01174	0.08751	0.05330	0.03705	0.01280	0.06395	0.14906	0.00327	0.20179	0.00534	0.00339	0.00594
2	0.79528	0.01046	0.00830	0.00733	0.01075	0.01197	0.00604	0.01669	0.00968	0.07178	0.00846	0.00947	0.00638	0.00517	0.00351	0.00169	0.00424	0.00311	0.00359	0.00612
3	0.01132	0.01023	0.01570	0.56401	0.03064	0.01234	0.01342	0.07523	0.01185	0.01585	0.00990	0.01411	0.00770	0.00693	0.03155	0.00199	0.07989	0.00473	0.00276	0.07985
4	0.01193	0.01193	0.01670	0.01431	0.01431	0.01670	0.01193	0.01312	0.00835	0.01312	0.00716	0.01193	0.00716	0.00954	0.01789	0.00239	0.79843	0.00477	0.00239	0.00596
5	0.01176	0.01170	0.01637	0.01410	0.01411	0.01630	0.01171	0.01294	0.00842	0.01315	0.00789	0.03738	0.00808	0.00978	0.01754	0.00238	0.77290	0.00512	0.00247	0.00591
6	0.01212	0.01145	0.01609	0.15062	0.01824	0.01532	0.01199	0.07273	0.01019	0.01489	0.00856	0.01338	0.00787	0.03046	0.03805	0.00249	0.55183	0.00491	0.00268	0.00614
7	0.00671	0.00483	0.00637	0.00748	0.00791	0.00448	0.00504	0.00779	0.01086	0.01451	0.08421	0.72722	0.05926	0.01655	0.00690	0.00217	0.00311	0.01497	0.00513	0.00448
8	0.00792	0.00530	0.00604	0.00604	0.00607	0.00534	0.00342	0.00799	0.00796	0.01064	0.01709	0.03520	0.01961	0.78268	0.05319	0.00540	0.00560	0.00786	0.00329	0.00336
9	0.01130	0.00969	0.01130	0.00807	0.01292	0.00727	0.00646	0.01373	0.01130	0.01776	0.00969	0.01130	0.00807	0.00404	0.00404	0.00081	0.00404	0.00323	0.00323	0.84173
10	0.01349	0.01295	0.02213	0.03346	0.77440	0.01295	0.01673	0.01673	0.01241	0.01781	0.01025	0.01349	0.00864	0.00486	0.00540	0.00162	0.00648	0.00486	0.00270	0.00864
11	0.02329	0.01064	0.01346	0.01030	0.01457	0.01001	0.00851	0.19141	0.01777	0.59125	0.01931	0.01714	0.01241	0.00664	0.00544	0.00165	0.00493	0.00530	0.00637	0.02960
12	0.00654	0.00551	0.00566	0.00566	0.00743	0.00464	0.00423	0.00800	0.01260	0.01522	0.10606	0.06577	0.70672	0.01368	0.00645	0.00184	0.00276	0.01146	0.00513	0.00464
13	0.01811	0.03769	0.01358	0.01053	0.01392	0.01175	0.00861	0.32059	0.01770	0.24133	0.01580	0.01713	0.01174	0.03561	0.19644	0.00347	0.00768	0.00531	0.00505	0.00797
14	0.01287	0.01471	0.03217	0.02298	0.02849	0.01379	0.75460	0.01746	0.01287	0.01746	0.01103	0.01471	0.00827	0.00460	0.00643	0.00184	0.00919	0.00643	0.00276	0.00735
15	0.00664	0.00474	0.00633	0.00759	0.00791	0.00443	0.00506	0.00759	0.01044	0.01392	0.03005	0.80485	0.03606	0.01708	0.00696	0.00221	0.00316	0.01550	0.00506	0.00443
16	0.00848	0.00588	0.00763	0.00709	0.00851	0.00548	0.00535	0.02783	0.01555	0.04406	0.71408	0.05810	0.04899	0.01106	0.00639	0.00172	0.00273	0.00976	0.00599	0.00534
17	0.01278	0.01424	0.04459	0.06892	0.13130	0.05238	0.36875	0.01619	0.01173	0.01606	0.01023	0.03044	0.00851	0.00610	0.00864	0.00191	0.18174	0.00573	0.00269	0.00706
18	0.01368	0.01345	0.02239	0.03235	0.71503	0.03778	0.05125	0.01693	0.01253	0.01765	0.01023	0.01343	0.00857	0.00487	0.00543	0.00162	0.00671	0.00489	0.00270	0.00850
19	0.00791	0.00535	0.00628	0.00628	0.00640	0.00547	0.00372	0.00815	0.00803	0.01082	0.01687	0.03396	0.01908	0.71626	0.11888	0.00570	0.00640	0.00768	0.00326	0.00349
20	0.01138	0.01193	0.04142	0.33918	0.02654	0.01420	0.13591	0.01429	0.01024	0.01429	0.00892	0.01345	0.00738	0.00690	0.01048	0.00204	0.31763	0.00505	0.00246	0.00629
21	0.00688	0.00550	0.00615	0.00607	0.00765	0.00477	0.00452	0.00863	0.01333	0.01706	0.29181	0.08527	0.49699	0.01308	0.00646	0.00182	0.00272	0.01115	0.00537	0.00477
22	0.01347	0.01231	0.01991	0.28567	0.36800	0.01332	0.05916	0.12752	0.01393	0.01899	0.01054	0.01385	0.00825	0.00530	0.00549	0.00170	0.00683	0.00495	0.00303	0.00779
23	0.01171	0.02713	0.73205	0.01523	0.02305	0.01255	0.01943	0.03280	0.01197	0.04980	0.01035	0.01184	0.00723	0.00527	0.00520	0.00172	0.00787	0.00411	0.00255	0.00813
24	0.00808	0.00577	0.00797	0.00923	0.01018	0.00567	0.00756	0.01007	0.01185	0.01552	0.02926	0.30685	0.03292	0.01573	0.00734	0.00241	0.00441	0.49932	0.00503	0.00482
25	0.01093	0.02820	0.78016	0.01554	0.02360	0.01266	0.02014	0.01727	0.01151	0.01727	0.00978	0.01151	0.00691	0.00518	0.00518	0.00173	0.00806	0.00403	0.00230	0.00806
26	0.00664	0.00474	0.00633	0.00759	0.00791	0.00443	0.00506	0.00759	0.01044	0.01392	0.03005	0.80485	0.03606	0.01708	0.00696	0.00221	0.00316	0.01550	0.00506	0.00443
27	0.02072	0.01527	0.01636	0.01254	0.01691	0.01691	0.01036	0.75622	0.02563	0.03436	0.01309	0.01309	0.00927	0.00654	0.00545	0.00164	0.00600	0.00491	0.00545	0.00927
28	0.00793	0.00529	0.00595	0.00595	0.00595	0.00529	0.00330	0.00793	0.00793	0.01057	0.01718	0.03568	0.01982	0.80840	0.02775	0.00529	0.00529	0.00793	0.00330	0.00330
29	0.01356	0.01171	0.01233	0.01109	0.01418	0.01356	0.00863	0.02897	0.76455	0.02281	0.02219	0.02034	0.01664	0.00740	0.00555	0.00185	0.00431	0.00616	0.00555	0.00863
30	0.01287	0.01471	0.03217	0.02298	0.02849	0.01379	0.75460	0.01746	0.01287	0.01746	0.01103	0.01471	0.00827	0.00460	0.00643	0.00184	0.00919	0.00643	0.00276	0.00735
31	0.84691	0.01054	0.00801	0.00717	0.01054	0.01223	0.00590	0.01603	0.00928	0.02446	0.00759	0.00886	0.00590	0.00506	0.00337	0.00169	0.00422	0.00295	0.00337	0.00590
32	0.01036	0.00981	0.01674	0.77621	0.03732	0.01215	0.03341	0.01402	0.01095	0.01402	0.00972	0.01454	0.00729	0.00543	0.00547	0.00182	0.00731	0.00488	0.00243	0.00609
33	0.00947	0.00473	0.00710	0.00710	0.00710	0.00473	0.00473	0.00710	0.00710	0.00947	0.00947	0.01657	0.00947	0.01894	0.02131	0.84138	0.00473	0.00473	0.00237	0.00237
34	0.01959	0.06424	0.01614	0.05139	0.01771	0.71125	0.01070	0.02112	0.01501	0.01335	0.00845	0.01000	0.00703	0.00556	0.00487	0.00141	0.00951	0.00355	0.00277	0.00634
35	0.00816	0.00639	0.00948	0.00927	0.01015	0.00771	0.00728	0.01004	0.00872	0.01270	0.01393	0.02056	0.01304	0.03805	0.71707	0.00818	0.08568	0.00574	0.00287	0.00497
36	0.07388	0.11869	0.60541	0.01397	0.02113	0.01351	0.01736	0.01741	0.01145	0.04575	0.00980	0.01125	0.00709	0.00517	0.00486	0.00166	0.00738	0.00387	0.00255	0.00782
37	0.01253	0.01205	0.01970	0.44268	0.06553	0.03366	0.15798	0.10030	0.01298	0.01707	0.01015	0.01404	0.00774	0.00568	0.00653	0.00182	0.06478	0.00512	0.00286	0.00680
38	0.00947	0.00473	0.00710	0.00710	0.00710	0.00473	0.00473	0.00710	0.00710	0.00947	0.00947	0.01657	0.00947	0.01894	0.02131	0.84138	0.00473	0.00473	0.00237	0.00237
39	0.84691	0.01054	0.00801	0.00717	0.01054	0.01223	0.00590	0.01603	0.00928	0.02446	0.00759	0.00886	0.00590	0.00506	0.00337	0.00169	0.00422	0.00295	0.00337	0.00590
40	0.80586	0.01078	0.00843	0.00744	0.01086	0.01246	0.00613	0.05281	0.01009	0.02495	0.00786	0.00907	0.00607	0.00513	0.00348	0.00168	0.00431	0.00305	0.00348	0.00607
41	0.00985	0.00701	0.00835	0.00774	0.00861	0.00757	0.00533	0.11843	0.01073	0.01461	0.01578	0.02855	0.01657	0.49484	0.20244	0.00551	0.02303	0.00693	0.00351	0.00460
42	0.01459	0.75723	0.05910	0.00972	0.01447	0.04286	0.00981	0.01652	0.01122	0.01302	0.00769	0.00889	0.00699	0.00471	0.00361	0.00120	0.00604	0.00298	0.00234	0.00702
43	0.01218	0.01021	0.01177	0.00849	0.01329	0.00816	0.00682	0.08271	0.01264	0.01931	0.01001	0.01147	0.00819	0.00427	0.00417	0.00088	0.00422	0.00339	0.00344	0.76439
44	0.00693	0.00551	0.00630	0.00675	0.00818	0.00488	0.00516	0.00845	0.01214	0.01502	0.06217	0.19791	0.48335	0.01459	0.00673	0.00203	0.00323	0.14094	0.00508	0.00466
45	0.02048	0.01480	0.01598	0.01229	0.01662	0.01624	0.01013	0.68936	0.04583	0.06470	0.01363	0.01348	0.00963	0.00652	0.00543	0.00163	0.00585	0.00493	0.00546	0.02701
46	0.01925	0.01508	0.01549	0.01232	0.01635	0.05447	0.01002	0.57141	0.17581	0.03096	0.01471	0.01441	0.01066	0.00667	0.00545	0.00167	0.00585	0.00509	0.00534	0.00899
47	0.01664	0.01472	0.01492	0.11826	0.01864	0.17151	0.02560	0.23339	0.09509	0.06837	0.01411	0.01800	0.01140	0.00704	0.00602	0.00171	0.04019	0.07117	0.00426	0.04897
48	0.01978	0.02469	0.01516	0.01375	0.01652	0.72518	0.01035	0.04474	0.01546	0.01398	0.00887	0.01048	0.00741	0.00731	0.04172	0.00176	0.00993	0.00367	0.00290	0.00635
49	0.02446	0.00928	0.01265	0.00970	0.01392	0.00801	0.00801	0.02657	0.01560	0.77817	0.02151	0.01856	0.01350	0.00675	0.00548	0.00169	0.00464	0.00548	0.00675	0.00928
50	0.01349	0.01295	0.02213	0.03346	0.77440	0.01295	0.01673	0.01673	0.01241	0.01781	0.01025	0.01349	0.00864	0.00486	0.00540	0.00162	0.00648	0.00486	0.00270	0.00864
51	0.01130	0.00969	0.01130	0.00807	0.01292	0.00727	0.00646	0.01373	0.01130	0.01776	0.00969	0.01130	0.00807	0.00404	0.00404	0.00081	0.00404	0.00323	0.00323	0.84173
52	0.01119	0.00944	0.01106	0.00807	0.01258	0.00729	0.00643	0.03032	0.01201	0.01851	0.07885	0.01401	0.01203	0.00474	0.00429	0.00091	0.00395	0.00387	0.00353	0.74692
53	0.84691	0.01054	0.00801	0.00717	0.01054	0.01223	0.00590	0.01603	0.00928	0.02446	0.00759	0.00886	0.00590	0.00506	0.00337	0.00169	0.00422	0.00295	0.00337	0.00590
54	0.00772	0.00557	0.00729	0.00686	0.00814	0.00514	0.00514	0.01029	0.01543	0.02186	0.77152	0.04072	0.05144	0.01115	0.00643	0.00171	0.00257	0.00986	0.00600	0.00514
55	0.01093	0.02820	0.78016	0.01554	0.02360	0.01266	0.02014	0.01727	0.01151	0.01727	0.00978	0.01151	0.00691	0.00518	0.00518	0.00173	0.00806	0.00403	0.00230	0.00806
56	0.00664	0.00474	0.00633	0.00759	0.00791	0.00443	0.00506	0.00759	0.01044	0.01392	0.03005	0.80485	0.03606	0.01708	0.00696	0.00221	0.00316	0.01550	0.00506	0.00443
57	0.00947	0.00473	0.00710	0.00710	0.00710	0.00473	0.00473	0.00710	0.00710	0.00947	0.00947	0.01657	0.00947	0.01894	0.02131	0.84138	0.00473	0.00473	0.00237	0.00237
58	0.02417	0.00934	0.01264	0.00974	0.01392	0.00816	0.00803	0.02663	0.03523	0.75837	0.02153	0.01860	0.01358	0.00676	0.00548	0.00169	0.00463	0.00550	0.00672	0.00926
59	0.01045	0.09722	0.01057	0.00790	0.01002	0.03087	0.00623	0.02680	0.08467	0.06754	0.38110	0.09079	0.13423	0.01034	0.00594	0.00171	0.00357	0.00882	0.00530	0.00592
60	0.00789	0.00527	0.00596	0.00599	0.00600	0.00526	0.00335	0.00792	0.00800	0.01067	0.01754	0.05745	0.02028	0.78600	0.02716	0.00520	0.00523	0.00814	0.00335	0.00334
61	0.01486	0.77264	0.02792	0.00956	0.01413	0.05959	0.00939	0.01660	0.01129	0.01285	0.00762	0.00880	0.00700	0.00471	0.00357	0.00118	0.00603	0.00294	0.00236	0.00696
62	0.00833	0.00558	0.00730	0.00713	0.00838	0.00512	0.00525	0.01048	0.01423	0.06028	0.54350	0.20995	0.06908	0.01232	0.00650	0.00183	0.00282	0.01093	0.00580	0.00519
63	0.01150	0.00982	0.01153	0.02545	0.01355	0.00759	0.00674	0.03077	0.01162	0.01806	0.00977	0.01142	0.00808	0.00413	0.00410	0.00085	0.00415	0.00330	0.00326	0.80430
64	0.01081	0.01058	0.01836	0.01424	0.01741	0.01040	0.28853	0.02720	0.02955	0.01646	0.03613	0.15762	0.07263	0.03405	0.00823	0.00192	0.10419	0.00783	0.00358	0.13028
65	0.03407	0.20784	0.07214	0.01209	0.01537	0.07973	0.01080	0.16887	0.05781	0.04745	0.01085	0.01324	0.00899	0.00745	0.02094	0.00185	0.19756	0.02218	0.00348	0.00731
66	0.01176	0.03561	0.27266	0.01843	0.02412	0.01289	0.39732	0.01679	0.03404	0.01705	0.01234	0.07852	0.01030	0.00602	0.00626	0.00183	0.02759	0.00627	0.00286	0.00734
67	0.00736	0.00556	0.00679	0.00648	0.00792	0.00499	0.00486	0.00959	0.01458	0.01984	0.56866	0.04405	0.25556	0.01190	0.00643	0.00175	0.00263	0.01033	0.00574	0.00499
68	0.01476	0.78651	0.02815	0.00948	0.01408	0.04608	0.00937	0.01650	0.01122	0.01284	0.00761	0.00878	0.00700	0.00469	0.00354	0.00117	0.00596	0.00293	0.00235	0.00697
69	0.02030	0.07108	0.01364	0.00982	0.01361	0.01005	0.00813	0.04862	0.10722	0.50473	0.07582	0.01914	0.01578	0.00701	0.00574	0.00167	0.02776	0.00560	0.00595	0.02833
70	0.01656	0.01277	0.01378	0.01143	0.01489	0.01431	0.00915	0.40335	0.29013	0.02778	0.01744	0.05855	0.01366	0.00907	0.04328	0.00208	0.00559	0.00598	0.02172	0.00849
71	0.00947	0.00473	0.00710	0.00710	0.00710	0.00473	0.00473	0.00710	0.00710	0.00947	0.00947	0.01657	0.00947	0.01894	0.02131	0.84138	0.00473	0.00473	0.00237	0.00237
72	0.01324	0.01253	0.02104	0.15034	0.63528	0.01296	0.01627	0.04108	0.01262	0.01777	0.01026	0.01364	0.00845	0.00501	0.00541	0.00165	0.00658	0.00486	0.00275	0.00826
73	0.02025	0.04438	0.01584	0.01382	0.01679	0.71080	0.01049	0.07607	0.01610	0.01489	0.00875	0.01005	0.00719	0.00566	0.00492	0.00142	0.00945	0.00360	0.00299	0.00656
74	0.00664	0.00474	0.00633	0.00759	0.00791	0.00443	0.00506	0.00759	0.01044	0.01392	0.03005	0.80485	0.03606	0.01708	0.00696	0.00221	0.00316	0.01550	0.00506	0.00443
75	0.01356	0.01171	0.01233	0.01109	0.01418	0.01356	0.00863	0.02897	0.76455	0.02281	0.02219	0.02034	0.01664	0.00740	0.00555	0.00185	0.00431	0.00616	0.00555	0.00863
76	0.01220	0.01238	0.01666	0.01430	0.01439	0.04141	0.01188	0.01340	0.00858	0.01313	0.00720	0.01186	0.00715	0.00942	0.01747	0.00235	0.77311	0.00473	0.00240	0.00598
77	0.01885	0.01087	0.01275	0.01053	0.01418	0.01129	0.00845	0.10556	0.34119	0.34883	0.04282	0.01939	0.01551	0.00714	0.00554	0.00175	0.00458	0.00584	0.00607	0.00888
78	0.00664	0.00474	0.00633	0.00759	0.00791	0.00443	0.00506	0.00759	0.01044	0.01392	0.03005	0.80485	0.03606	0.01708	0.00696	0.00221	0.00316	0.01550	0.00506	0.00443
79	0.02072	0.01527	0.01636	0.01254	0.01691	0.01691	0.01036	0.75622	0.02563	0.03436	0.01309	0.01309	0.00927	0.00654	0.00545	0.00164	0.00600	0.00491	0.00545	0.00927
80	0.84691	0.01054	0.00801	0.00717	0.01054	0.01223	0.00590	0.01603	0.00928	0.02446	0.00759	0.00886	0.00590	0.00506	0.00337	0.00169	0.00422	0.00295	0.00337	0.00590
81	0.00664	0.00474	0.00633	0.00759	0.00791	0.00443	0.00506	0.00759	0.01044	0.01392	0.03005	0.80485	0.03606	0.01708	0.00696	0.00221	0.00316	0.01550	0.00506	0.00443
82	0.00793	0.00529	0.00595	0.00595	0.00595	0.00529	0.00330	0.00793	0.00793	0.01057	0.01718	0.03568	0.01982	0.80840	0.02775	0.00529	0.00529	0.00793	0.00330	0.00330
83	0.01016	0.00508	0.00508	0.00508	0.00635	0.00508	0.00381	0.01270	0.01143	0.02033	0.01778	0.02033	0.01397	0.00635	0.00381	0.00127	0.00254	0.00508	0.83867	0.00508
84	0.02380	0.01001	0.01306	0.01005	0.01426	0.00913	0.00829	0.10866	0.03316	0.67797	0.02058	0.01798	0.01309	0.00674	0.00548	0.00168	0.00478	0.00543	0.00658	0.00926
85	0.02072	0.01527	0.01636	0.01254	0.01691	0.01691	0.01036	0.75622	0.02563	0.03436	0.01309	0.01309	0.00927	0.00654	0.00545	0.00164	0.00600	0.00491	0.00545	0.00927
86	0.00647	0.00552	0.00557	0.00556	0.00738	0.00462	0.00417	0.00788	0.01250	0.01490	0.07291	0.05218	0.75439	0.01374	0.00644	0.00184	0.00276	0.01147	0.00509	0.00462
87	0.02037	0.02598	0.01545	0.01404	0.01685	0.78652	0.01053	0.02177	0.01545	0.01334	0.00843	0.00983	0.00702	0.00562	0.00492	0.00140	0.00983	0.00351	0.00281	0.00632
88	0.00793	0.00529	0.00595	0.00595	0.00595	0.00529	0.00330	0.00793	0.00793	0.01057	0.01718	0.03568	0.01982	0.80840	0.02775	0.00529	0.00529	0.00793	0.00330	0.00330
89	0.00671	0.00480	0.00641	0.00767	0.00802	0.00449	0.00519	0.00772	0.01051	0.01400	0.03001	0.77993	0.03590	0.01701	0.00698	0.00222	0.00323	0.03970	0.00506	0.00445
90	0.01093	0.02820	0.78016	0.01554	0.02360	0.01266	0.02014	0.01727	0.01151	0.01727	0.00978	0.01151	0.00691	0.00518	0.00518	0.00173	0.00806	0.00403	0.00230	0.00806
91	0.02046	0.01517	0.01637	0.01260	0.01683	0.01690	0.01041	0.73391	0.02511	0.03372	0.01291	0.01305	0.00921	0.00663	0.00583	0.00166	0.02979	0.00490	0.00536	0.00917
92	0.02036	0.01507	0.01616	0.01241	0.01676	0.01661	0.01024	0.72426	0.03989	0.03374	0.01319	0.01319	0.00939	0.00650	0.00542	0.00162	0.00592	0.00489	0.00540	0.02897
93	0.01459	0.03019	0.01298	0.01108	0.01434	0.01368	0.00873	0.07549	0.66234	0.06086	0.02123	0.01952	0.01579	0.00725	0.00549	0.00181	0.00447	0.00597	0.00553	0.00867
94	0.02066	0.01098	0.01321	0.01059	0.01446	0.01107	0.00862	0.19301	0.17188	0.42087	0.02006	0.03762	0.01404	0.00723	0.00556	0.00174	0.00485	0.01847	0.00613	0.00895
95	0.00786	0.00574	0.00826	0.00826	0.00910	0.00655	0.00622	0.00952	0.00869	0.01249	0.01506	0.02355	0.01457	0.15611	0.65652	0.00809	0.01295	0.00614	0.01967	0.00464
96	0.02057	0.01403	0.01540	0.01192	0.01609	0.01524	0.00978	0.60181	0.06055	0.13514	0.01479	0.01475	0.01047	0.02620	0.00601	0.00174	0.00571	0.00512	0.00558	0.00909
97	0.02308	0.01047	0.01327	0.01028	0.01445	0.00991	0.00846	0.15175	0.06825	0.59936	0.02011	0.01774	0.01299	0.00676	0.00548	0.00169	0.00485	0.00543	0.00644	0.00923
98	0.01137	0.00975	0.01134	0.00817	0.01296	0.00746	0.00653	0.01418	0.03392	0.01792	0.01007	0.01158	0.00833	0.00414	0.00408	0.00084	0.00405	0.00332	0.00330	0.81672
99	0.01287	0.11480	0.18955	0.15407	0.07016	0.01415	0.11710	0.06060	0.10258	0.03500	0.01163	0.01384	0.00891	0.00651	0.02441	0.00189	0.04648	0.00484	0.00311	0.00750
100	0.00940	0.00474	0.00708	0.00711	0.00712	0.00473	0.00474	0.00711	0.00719	0.00958	0.00999	0.03655	0.01014	0.01889	0.02094	0.82011	0.00470	0.00501	0.00244	0.00242
101	0.42907	0.01202	0.01162	0.00946	0.01328	0.01328	0.00779	0.27121	0.03489	0.13217	0.01177	0.01194	0.00838	0.00586	0.00443	0.00167	0.00489	0.00405	0.00461	0.00759
102	0.00826	0.00556	0.00628	0.00619	0.00632	0.00562	0.00357	0.02729	0.00841	0.01124	0.01701	0.03474	0.01940	0.76876	0.04591	0.00528	0.00553	0.00780	0.00335	0.00350
103	0.08808	0.01247	0.01990	0.16868	0.24006	0.05088	0.17451	0.01566	0.01167	0.01685	0.01089	0.05842	0.00942	0.00594	0.00628	0.00175	0.05886	0.00549	0.00286	0.04133
104	0.01476	0.01131	0.01327	0.02631	0.01473	0.01098	0.02734	0.29745	0.03051	0.04800	0.01435	0.11871	0.01259	0.00693	0.00513	0.00141	0.00489	0.00575	0.00445	0.33109
105	0.03745	0.03373	0.01366	0.01129	0.01436	0.30127	0.00872	0.16625	0.01618	0.19319	0.01396	0.03405	0.01127	0.11097	0.00811	0.00204	0.00692	0.00507	0.00436	0.00715

[dist]
# distance from previous block
# <min> <max>
0	9

[block]
# block no. 2 follows, 44 sequences, length 60
# corresponding to MSA columns:
# 321-380
name=unknown_C
#
# <colnr> <probs for GDERKNQSTAVLIFYWHMCP>
#	G	D	E	R	K	N	Q	S	T	A	V	L	I	F	Y	W	H	M	C	P
0	0.01719	0.01451	0.10841	0.01150	0.01576	0.03564	0.01019	0.34987	0.06987	0.12690	0.03235	0.07283	0.01299	0.02252	0.00586	0.00171	0.00561	0.00573	0.00493	0.07564
1	0.44541	0.12091	0.03358	0.03050	0.01354	0.01399	0.00801	0.12374	0.07206	0.07750	0.01064	0.01127	0.00799	0.00554	0.00412	0.00163	0.00492	0.00374	0.00389	0.00705
2	0.01845	0.02054	0.01699	0.06450	0.16910	0.45158	0.01202	0.14847	0.01635	0.01794	0.00968	0.01141	0.00775	0.00562	0.00514	0.00151	0.00834	0.00410	0.00323	0.00728
3	0.00679	0.00496	0.00640	0.00735	0.00796	0.00457	0.00506	0.00799	0.01123	0.01488	0.10820	0.62127	0.12171	0.01605	0.00686	0.00213	0.00311	0.03380	0.00516	0.00454
4	0.01030	0.00969	0.01635	0.79530	0.03755	0.01211	0.01514	0.01393	0.01090	0.01393	0.00969	0.01453	0.00727	0.00545	0.00545	0.00182	0.00727	0.00484	0.00242	0.00606
5	0.00779	0.00584	0.00876	0.00876	0.00974	0.00681	0.00681	0.00974	0.00876	0.01266	0.01460	0.02142	0.01363	0.04089	0.78680	0.00876	0.01460	0.00584	0.00292	0.00487
6	0.84691	0.01054	0.00801	0.00717	0.01054	0.01223	0.00590	0.01603	0.00928	0.02446	0.00759	0.00886	0.00590	0.00506	0.00337	0.00169	0.00422	0.00295	0.00337	0.00590
7	0.01878	0.01111	0.01297	0.01075	0.01440	0.01163	0.00870	0.15190	0.31091	0.31715	0.02069	0.02042	0.01488	0.00737	0.00560	0.00178	0.00476	0.04141	0.00597	0.00881
8	0.00664	0.00474	0.00633	0.00759	0.00791	0.00443	0.00506	0.00759	0.01044	0.01392	0.03005	0.80485	0.03606	0.01708	0.00696	0.00221	0.00316	0.01550	0.00506	0.00443
9	0.01132	0.00975	0.01145	0.00825	0.01296	0.00752	0.00661	0.01371	0.01122	0.01764	0.00962	0.01132	0.00805	0.00419	0.00442	0.00085	0.02571	0.00327	0.00321	0.81893
10	0.01030	0.00969	0.01635	0.79530	0.03755	0.01211	0.01514	0.01393	0.01090	0.01393	0.00969	0.01453	0.00727	0.00545	0.00545	0.00182	0.00727	0.00484	0.00242	0.00606
11	0.01093	0.02820	0.78016	0.01554	0.02360	0.01266	0.02014	0.01727	0.01151	0.01727	0.00978	0.01151	0.00691	0.00518	0.00518	0.00173	0.00806	0.00403	0.00230	0.00806
12	0.02446	0.00928	0.01265	0.00970	0.01392	0.00801	0.00801	0.02657	0.01560	0.77817	0.02151	0.01856	0.01350	0.00675	0.00548	0.00169	0.00464	0.00548	0.00675	0.00928
13	0.00772	0.00557	0.00729	0.00686	0.00814	0.00514	0.00514	0.01029	0.01543	0.02186	0.77152	0.04072	0.05144	0.01115	0.00643	0.00171	0.00257	0.00986	0.00600	0.00514
14	0.01016	0.00508	0.00508	0.00508	0.00635	0.00508	0.00381	0.01270	0.01143	0.02033	0.01778	0.02033	0.01397	0.00635	0.00381	0.00127	0.00254	0.00508	0.83867	0.00508
15	0.01356	0.01171	0.01233	0.01109	0.01418	0.01356	0.00863	0.02897	0.76455	0.02281	0.02219	0.02034	0.01664	0.00740	0.00555	0.00185	0.00431	0.00616	0.00555	0.00863
16	0.01093	0.02820	0.78016	0.01554	0.02360	0.01266	0.02014	0.01727	0.01151	0.01727	0.00978	0.01151	0.00691	0.00518	0.00518	0.00173	0.00806	0.00403	0.00230	0.00806
17	0.02037	0.02598	0.01545	0.01404	0.01685	0.78652	0.01053	0.02177	0.01545	0.01334	0.00843	0.00983	0.00702	0.00562	0.00492	0.00140	0.00983	0.00351	0.00281	0.00632
18	0.00664	0.00474	0.00633	0.00759	0.00791	0.00443	0.00506	0.00759	0.01044	0.01392	0.03005	0.80485	0.03606	0.01708	0.00696	0.00221	0.00316	0.01550	0.00506	0.00443
19	0.01356	0.01171	0.01233	0.01109	0.01418	0.01356	0.00863	0.02897	0.76455	0.02281	0.02219	0.02034	0.01664	0.00740	0.00555	0.00185	0.00431	0.00616	0.00555	0.00863
20	0.01130	0.00969	0.01130	0.00807	0.01292	0.00727	0.00646	0.01373	0.01130	0.01776	0.00969	0.01130	0.00807	0.00404	0.00404	0.00081	0.00404	0.00323	0.00323	0.84173
21	0.00947	0.00473	0.00710	0.00710	0.00710	0.00473	0.00473	0.00710	0.00710	0.00947	0.00947	0.01657	0.00947	0.01894	0.02131	0.84138	0.00473	0.00473	0.00237	0.00237
22	0.00664	0.00474	0.00633	0.00759	0.00791	0.00443	0.00506	0.00759	0.01044	0.01392	0.03005	0.80485	0.03606	0.01708	0.00696	0.00221	0.00316	0.01550	0.00506	0.00443
23	0.01349	0.01295	0.02213	0.03346	0.77440	0.01295	0.01673	0.01673	0.01241	0.01781	0.01025	0.01349	0.00864	0.00486	0.00540	0.00162	0.00648	0.00486	0.00270	0.00864
24	0.00664	0.00477	0.00630	0.00753	0.00789	0.00443	0.00503	0.00760	0.01050	0.01394	0.03080	0.78250	0.05792	0.01698	0.00694	0.00220	0.00315	0.01538	0.00506	0.00443
25	0.00664	0.00474	0.00633	0.00759	0.00791	0.00443	0.00506	0.00759	0.01044	0.01392	0.03005	0.80485	0.03606	0.01708	0.00696	0.00221	0.00316	0.01550	0.00506	0.00443
26	0.01130	0.00969	0.01130	0.00807	0.01292	0.00727	0.00646	0.01373	0.01130	0.01776	0.00969	0.01130	0.00807	0.00404	0.00404	0.00081	0.00404	0.00323	0.00323	0.84173
27	0.01016	0.00508	0.00508	0.00508	0.00635	0.00508	0.00381	0.01270	0.01143	0.02033	0.01778	0.02033	0.01397	0.00635	0.00381	0.00127	0.00254	0.00508	0.83867	0.00508
28	0.01030	0.00969	0.01635	0.79530	0.03755	0.01211	0.01514	0.01393	0.01090	0.01393	0.00969	0.01453	0.00727	0.00545	0.00545	0.00182	0.00727	0.00484	0.00242	0.00606
29	0.01458	0.81168	0.02857	0.00933	0.01399	0.02157	0.00933	0.01632	0.01108	0.01283	0.00758	0.00875	0.00700	0.00466	0.00350	0.00117	0.00583	0.00292	0.00233	0.00700
30	0.01349	0.01295	0.02213	0.03346	0.77440	0.01295	0.01673	0.01673	0.01241	0.01781	0.01025	0.01349	0.00864	0.00486	0.00540	0.00162	0.00648	0.00486	0.00270	0.00864
31	0.02269	0.09902	0.01467	0.00991	0.01414	0.01035	0.00835	0.07621	0.04424	0.61270	0.01940	0.01715	0.01260	0.00653	0.00526	0.00163	0.00485	0.00518	0.00612	0.00900
32	0.84691	0.01054	0.00801	0.00717	0.01054	0.01223	0.00590	0.01603	0.00928	0.02446	0.00759	0.00886	0.00590	0.00506	0.00337	0.00169	0.00422	0.00295	0.00337	0.00590
33	0.00655	0.00509	0.00597	0.00668	0.00767	0.00451	0.00466	0.00769	0.01132	0.01427	0.04117	0.47266	0.36106	0.01563	0.00673	0.00205	0.00299	0.01374	0.00506	0.00451
34	0.02231	0.01272	0.01478	0.01133	0.01563	0.01312	0.00936	0.44572	0.02136	0.35088	0.01667	0.01542	0.01107	0.00663	0.00547	0.00166	0.00542	0.00515	0.00600	0.00927
35	0.02046	0.01169	0.03005	0.01074	0.01470	0.01145	0.00896	0.31642	0.03464	0.35879	0.06998	0.04113	0.01536	0.00742	0.00562	0.00170	0.00507	0.02111	0.00597	0.00872
36	0.00663	0.00479	0.00628	0.00747	0.00787	0.00444	0.00501	0.00761	0.01056	0.01397	0.03157	0.75944	0.08048	0.01688	0.00693	0.00219	0.00314	0.01526	0.00506	0.00444
37	0.00795	0.00568	0.00783	0.00909	0.00998	0.00556	0.00734	0.00986	0.01173	0.01538	0.02932	0.34999	0.03319	0.01584	0.00731	0.00240	0.00430	0.45742	0.00504	0.00479
38	0.01404	0.58433	0.02367	0.00975	0.01357	0.10407	0.00903	0.01579	0.01116	0.01285	0.00889	0.01107	0.00815	0.01106	0.13972	0.00251	0.00780	0.00349	0.00249	0.00655
39	0.01030	0.00969	0.01635	0.79530	0.03755	0.01211	0.01514	0.01393	0.01090	0.01393	0.00969	0.01453	0.00727	0.00545	0.00545	0.00182	0.00727	0.00484	0.00242	0.00606
40	0.01130	0.00969	0.01130	0.00807	0.01292	0.00727	0.00646	0.01373	0.01130	0.01776	0.00969	0.01130	0.00807	0.00404	0.00404	0.00081	0.00404	0.00323	0.00323	0.84173
41	0.02072	0.01527	0.01636	0.01254	0.01691	0.01691	0.01036	0.75622	0.02563	0.03436	0.01309	0.01309	0.00927	0.00654	0.00545	0.00164	0.00600	0.00491	0.00545	0.00927
42	0.00664	0.00551	0.00582	0.00578	0.00750	0.00468	0.00432	0.00820	0.01284	0.01581	0.16507	0.07029	0.64179	0.01348	0.00645	0.00183	0.00274	0.01136	0.00521	0.00468
43	0.00779	0.00584	0.00876	0.00876	0.00974	0.00681	0.00681	0.00974	0.00876	0.01266	0.01460	0.02142	0.01363	0.04089	0.78680	0.00876	0.01460	0.00584	0.00292	0.00487
44	0.03904	0.01087	0.01812	0.50000	0.29711	0.01241	0.01540	0.01499	0.01138	0.01565	0.00982	0.01398	0.00771	0.00523	0.00536	0.00174	0.00689	0.00479	0.00255	0.00696
45	0.74413	0.01113	0.00905	0.00784	0.01133	0.01281	0.00646	0.10811	0.01131	0.02569	0.00828	0.00938	0.00632	0.00525	0.00363	0.00168	0.00444	0.00320	0.00363	0.00632
46	0.00800	0.00565	0.00715	0.00709	0.00740	0.00610	0.00467	0.00865	0.00821	0.01131	0.01607	0.03044	0.01748	0.54017	0.27018	0.00631	0.03091	0.00717	0.00315	0.00388
47	0.00779	0.00584	0.00876	0.00876	0.00974	0.00681	0.00681	0.00974	0.00876	0.01266	0.01460	0.02142	0.01363	0.04089	0.78680	0.00876	0.01460	0.00584	0.00292	0.00487
48	0.01193	0.01193	0.01670	0.01431	0.01431	0.01670	0.01193	0.01312	0.00835	0.01312	0.00716	0.01193	0.00716	0.00954	0.01789	0.00239	0.79843	0.00477	0.00239	0.00596
49	0.02072	0.01527	0.01636	0.01254	0.01691	0.01691	0.01036	0.75622	0.02563	0.03436	0.01309	0.01309	0.00927	0.00654	0.00545	0.00164	0.00600	0.00491	0.00545	0.00927
50	0.01287	0.01471	0.03217	0.02298	0.02849	0.01379	0.75460	0.01746	0.01287	0.01746	0.01103	0.01471	0.00827	0.00460	0.00643	0.00184	0.00919	0.00643	0.00276	0.00735
51	0.01099	0.01051	0.01810	0.62242	0.17124	0.01234	0.04821	0.01460	0.01126	0.01479	0.00985	0.01435	0.00756	0.00530	0.00548	0.00178	0.00721	0.00492	0.00249	0.00658
52	0.00672	0.00480	0.00642	0.00768	0.00804	0.00450	0.00520	0.00773	0.01052	0.01401	0.03000	0.77662	0.03588	0.01700	0.00698	0.00223	0.00323	0.04292	0.00506	0.00445
53	0.01192	0.01182	0.01850	0.17681	0.15106	0.01494	0.05828	0.01417	0.00984	0.01436	0.00844	0.01290	0.00750	0.00760	0.01252	0.00210	0.45334	0.00490	0.00247	0.00653
54	0.00666	0.00480	0.00627	0.00743	0.00783	0.00446	0.00496	0.00761	0.01049	0.01388	0.03119	0.74204	0.07847	0.03649	0.00744	0.00227	0.00319	0.01508	0.00502	0.00441
55	0.01251	0.01036	0.01225	0.07590	0.04676	0.01158	0.00883	0.13230	0.31585	0.02204	0.13876	0.06790	0.07395	0.00867	0.00627	0.00182	0.03462	0.00724	0.00504	0.00735
56	0.01936	0.01417	0.01538	0.01216	0.01619	0.01563	0.01004	0.62086	0.08867	0.05214	0.01522	0.01728	0.01158	0.00722	0.00561	0.00172	0.00575	0.05665	0.00547	0.00892
57	0.03495	0.03101	0.01396	0.01128	0.01470	0.15085	0.00900	0.31436	0.12885	0.06923	0.12991	0.01790	0.01651	0.00709	0.00541	0.00161	0.00574	0.00551	0.00500	0.02714
58	0.06350	0.03961	0.38761	0.07189	0.14007	0.01335	0.10814	0.05083	0.01216	0.01811	0.00987	0.01228	0.00743	0.00528	0.00573	0.00173	0.03753	0.00449	0.00264	0.00774
59	0.01499	0.01051	0.01155	0.00956	0.01201	0.01129	0.00722	0.36491	0.05275	0.05826	0.03662	0.04292	0.01565	0.31131	0.01399	0.00305	0.00542	0.00654	0.00471	0.00674

[dist]
# distance from previous block
# <min> <max>
0	7

[block]
# block no. 3 follows, 44 sequences, length 15
# corresponding to MSA columns:
# 388-402
name=unknown_D
#
# <colnr> <probs for GDERKNQSTAVLIFYWHMCP>
#	G	D	E	R	K	N	Q	S	T	A	V	L	I	F	Y	W	H	M	C	P
0	0.04665	0.01387	0.05442	0.05781	0.03095	0.01436	0.01029	0.46326	0.07256	0.02756	0.01392	0.05892	0.01120	0.03501	0.00645	0.00181	0.02373	0.00550	0.00472	0.04700
1	0.74621	0.01157	0.04558	0.00788	0.01155	0.01234	0.00685	0.04942	0.01030	0.04629	0.00834	0.00945	0.00632	0.00518	0.00361	0.00169	0.00449	0.00316	0.00351	0.00626
2	0.00709	0.00593	0.00626	0.00635	0.00818	0.00527	0.00492	0.00933	0.05153	0.01533	0.05040	0.05186	0.64554	0.01362	0.00652	0.00192	0.00311	0.09688	0.00508	0.00486
3	0.02584	0.00612	0.00755	0.00781	0.04488	0.00557	0.00544	0.01035	0.01376	0.04863	0.39567	0.07535	0.29220	0.02849	0.00675	0.00185	0.00302	0.01007	0.00540	0.00524
4	0.00663	0.00479	0.00627	0.00746	0.00787	0.00444	0.00500	0.00761	0.01056	0.01397	0.03165	0.75700	0.08287	0.01687	0.00693	0.00219	0.00314	0.01524	0.00506	0.00444
5	0.01315	0.22878	0.40860	0.01529	0.06032	0.03865	0.09093	0.01760	0.01190	0.05256	0.00988	0.01151	0.00748	0.00506	0.00489	0.00157	0.00740	0.00408	0.00261	0.00775
6	0.01287	0.01471	0.03217	0.02298	0.02849	0.01379	0.75460	0.01746	0.01287	0.01746	0.01103	0.01471	0.00827	0.00460	0.00643	0.00184	0.00919	0.00643	0.00276	0.00735
7	0.01448	0.01161	0.01245	0.01097	0.01415	0.01319	0.00860	0.07558	0.64909	0.06782	0.04501	0.02040	0.01707	0.00742	0.00557	0.00182	0.00439	0.00616	0.00563	0.00860
8	0.00664	0.00474	0.00633	0.00759	0.00791	0.00443	0.00506	0.00759	0.01044	0.01392	0.03005	0.80485	0.03606	0.01708	0.00696	0.00221	0.00316	0.01550	0.00506	0.00443
9	0.01398	0.01192	0.01256	0.01118	0.01434	0.01376	0.00873	0.07143	0.72141	0.02348	0.02166	0.01992	0.01621	0.00735	0.00554	0.00184	0.00441	0.00609	0.00554	0.00867
10	0.00748	0.00546	0.00703	0.00686	0.00806	0.00501	0.00506	0.00976	0.01456	0.02030	0.62253	0.14188	0.10140	0.01212	0.00650	0.00179	0.00266	0.01072	0.00581	0.00501
11	0.00772	0.00557	0.00729	0.00686	0.00814	0.00514	0.00514	0.01029	0.01543	0.02186	0.77152	0.04072	0.05144	0.01115	0.00643	0.00171	0.00257	0.00986	0.00600	0.00514
12	0.00670	0.00479	0.00637	0.00755	0.00792	0.00446	0.00506	0.00773	0.01069	0.01431	0.06688	0.76689	0.03682	0.01679	0.00693	0.00219	0.00313	0.01522	0.00511	0.00446
13	0.01274	0.01526	0.07199	0.02256	0.05396	0.01383	0.65524	0.01723	0.01258	0.01727	0.01076	0.01436	0.00816	0.00486	0.00684	0.00185	0.04425	0.00617	0.00271	0.00737
14	0.01130	0.00969	0.01130	0.00807	0.01292	0.00727	0.00646	0.01373	0.01130	0.01776	0.00969	0.01130	0.00807	0.00404	0.00404	0.00081	0.00404	0.00323	0.00323	0.84173

[dist]
# distance from previous block
# <min> <max>
6	16

[block]
# block no. 4 follows, 44 sequences, length 37
# corresponding to MSA columns:
# 423-459
name=unknown_E
#
# <colnr> <probs for GDERKNQSTAVLIFYWHMCP>
#	G	D	E	R	K	N	Q	S	T	A	V	L	I	F	Y	W	H	M	C	P
0	0.01415	0.03391	0.01844	0.01678	0.13172	0.13713	0.17526	0.10799	0.01461	0.04478	0.06984	0.07807	0.08115	0.00756	0.00637	0.00173	0.04300	0.00671	0.00381	0.00699
1	0.00729	0.00580	0.00802	0.04108	0.01021	0.00549	0.04033	0.00879	0.01121	0.01452	0.05598	0.41756	0.21911	0.04120	0.03918	0.00245	0.00415	0.05821	0.00473	0.00472
2	0.01280	0.01452	0.03113	0.02240	0.02754	0.01398	0.70479	0.01717	0.01256	0.01717	0.01077	0.01452	0.00820	0.00493	0.00720	0.00187	0.06211	0.00632	0.00273	0.00726
3	0.01130	0.00969	0.01130	0.00807	0.01292	0.00727	0.00646	0.01373	0.01130	0.01776	0.00969	0.01130	0.00807	0.00404	0.00404	0.00081	0.00404	0.00323	0.00323	0.84173
4	0.02023	0.04881	0.01664	0.01254	0.01670	0.10476	0.01029	0.62134	0.04522	0.03075	0.01260	0.01275	0.00914	0.00639	0.00532	0.00160	0.00638	0.00470	0.00503	0.00882
5	0.00947	0.00473	0.00710	0.00710	0.00710	0.00473	0.00473	0.00710	0.00710	0.00947	0.00947	0.01657	0.00947	0.01894	0.02131	0.84138	0.00473	0.00473	0.00237	0.00237
6	0.02072	0.01527	0.01636	0.01254	0.01691	0.01691	0.01036	0.75622	0.02563	0.03436	0.01309	0.01309	0.00927	0.00654	0.00545	0.00164	0.00600	0.00491	0.00545	0.00927
7	0.00722	0.00529	0.00689	0.00789	0.00871	0.00496	0.00589	0.00871	0.01152	0.01505	0.07130	0.46906	0.13906	0.01580	0.00701	0.00221	0.00355	0.20012	0.00510	0.00464
8	0.05042	0.01545	0.05630	0.10501	0.05603	0.05647	0.01152	0.50256	0.04629	0.02838	0.01223	0.01310	0.00888	0.00619	0.00533	0.00166	0.00636	0.00474	0.00458	0.00849
9	0.01851	0.05313	0.01712	0.01279	0.01658	0.01670	0.03382	0.54526	0.09008	0.02929	0.01291	0.01346	0.00956	0.00681	0.00683	0.00173	0.09692	0.00496	0.00487	0.00866
10	0.00672	0.00510	0.00623	0.00703	0.00791	0.00460	0.00496	0.00795	0.01135	0.01457	0.06316	0.49881	0.27320	0.01572	0.00680	0.00209	0.00311	0.05105	0.00509	0.00454
11	0.00788	0.00529	0.00607	0.00611	0.00616	0.00532	0.00350	0.00799	0.00804	0.01076	0.01749	0.05974	0.02009	0.75180	0.05799	0.00533	0.00560	0.00809	0.00334	0.00340
12	0.58421	0.01305	0.01120	0.04010	0.10166	0.12001	0.00826	0.03483	0.01096	0.02200	0.00823	0.00984	0.00651	0.00516	0.00395	0.00164	0.00542	0.00337	0.00323	0.00637
13	0.01126	0.01067	0.01809	0.56601	0.25932	0.01237	0.01562	0.01477	0.01136	0.01510	0.00986	0.01422	0.00768	0.00527	0.00543	0.00176	0.00703	0.00485	0.00251	0.00683
14	0.01331	0.01519	0.10186	0.10037	0.49227	0.06973	0.06056	0.01715	0.03132	0.01714	0.01068	0.01418	0.00877	0.00523	0.00545	0.00167	0.00705	0.01732	0.00275	0.00802
15	0.00793	0.00559	0.00702	0.00692	0.00826	0.00506	0.00515	0.00998	0.01393	0.04659	0.45692	0.16766	0.19051	0.01261	0.00652	0.00185	0.00286	0.03392	0.00566	0.00507
16	0.06391	0.03272	0.01318	0.02497	0.01437	0.06125	0.00861	0.29688	0.20453	0.02550	0.11213	0.02029	0.06456	0.00753	0.00543	0.00167	0.00506	0.00597	0.00505	0.02639
17	0.77269	0.01136	0.03685	0.00848	0.03759	0.01235	0.00688	0.02938	0.00976	0.02414	0.00786	0.00919	0.00610	0.00508	0.00355	0.00169	0.00447	0.00309	0.00335	0.00614
18	0.01208	0.01130	0.01852	0.30410	0.34682	0.01226	0.03952	0.03917	0.03653	0.01678	0.01147	0.05457	0.00976	0.00591	0.00579	0.00172	0.02565	0.00543	0.00292	0.03971
19	0.01016	0.00508	0.00508	0.00508	0.00635	0.00508	0.00381	0.01270	0.01143	0.02033	0.01778	0.02033	0.01397	0.00635	0.00381	0.00127	0.00254	0.00508	0.83867	0.00508
20	0.00894	0.03199	0.00866	0.02704	0.00964	0.00643	0.00586	0.05019	0.01495	0.03980	0.55338	0.15613	0.04333	0.01137	0.00632	0.00177	0.00312	0.01002	0.00564	0.00544
21	0.00702	0.00515	0.00668	0.00742	0.00817	0.00468	0.00510	0.00829	0.01127	0.01526	0.13374	0.62288	0.07056	0.01543	0.00671	0.00206	0.00311	0.01390	0.00510	0.04747
22	0.02342	0.01094	0.01368	0.01049	0.01475	0.01048	0.00867	0.22922	0.01839	0.57159	0.01917	0.01704	0.01232	0.00669	0.00547	0.00167	0.00502	0.00532	0.00639	0.00928
23	0.01415	0.01564	0.07286	0.05040	0.60214	0.11594	0.01610	0.01736	0.01272	0.01707	0.00996	0.01290	0.00827	0.00500	0.00532	0.00160	0.00705	0.00462	0.00268	0.00822
24	0.01840	0.01340	0.01464	0.01168	0.01547	0.01476	0.00949	0.53508	0.13086	0.06523	0.04111	0.04376	0.01309	0.00858	0.03684	0.00198	0.00582	0.00570	0.00543	0.00869
25	0.02072	0.01527	0.01636	0.01254	0.01691	0.01691	0.01036	0.75622	0.02563	0.03436	0.01309	0.01309	0.00927	0.00654	0.00545	0.00164	0.00600	0.00491	0.00545	0.00927
