[name]
unknown

[dist]
# distance from previous block
# <min> <max>
0	0

[block]
# block no. 0 follows, 43 sequences, length 48
# corresponding to MSA columns:
# 0-12,15-49
name=unknown_A
#
# <colnr> <probs for GDERKNQSTAVLIFYWHMCP>
#	G	D	E	R	K	N	Q	S	T	A	V	L	I	F	Y	W	H	M	C	P
0	0.00892	0.00637	0.00892	0.01020	0.01147	0.00637	0.00892	0.01147	0.01275	0.01657	0.02932	0.06247	0.03187	0.01530	0.00765	0.00255	0.00510	0.73354	0.00510	0.00510
1	0.02222	0.01363	0.01546	0.01185	0.01624	0.01439	0.00979	0.52846	0.02289	0.26323	0.01594	0.01501	0.01074	0.00671	0.00555	0.00168	0.00567	0.00517	0.00595	0.00942
2	0.01032	0.00516	0.00516	0.00516	0.00645	0.00516	0.00387	0.01290	0.01161	0.02065	0.01807	0.02065	0.01420	0.00645	0.00387	0.00129	0.00258	0.00516	0.83611	0.00516
3	0.00675	0.00482	0.00643	0.00771	0.00803	0.00450	0.00514	0.00771	0.01060	0.01414	0.03053	0.80175	0.03663	0.01735	0.00707	0.00225	0.00321	0.01574	0.00514	0.00450
4	0.02485	0.00943	0.01285	0.00985	0.01414	0.00814	0.00814	0.02699	0.01585	0.77465	0.02185	0.01885	0.01371	0.00685	0.00557	0.00171	0.00471	0.00557	0.00685	0.00943
5	0.00671	0.00495	0.00629	0.00737	0.00794	0.00453	0.00499	0.00775	0.01094	0.01427	0.03473	0.67867	0.15699	0.01680	0.00698	0.00219	0.00315	0.01508	0.00514	0.00453
6	0.02173	0.01443	0.01595	0.01223	0.01664	0.01557	0.01010	0.62389	0.02424	0.16591	0.01481	0.01428	0.01018	0.00668	0.00555	0.00167	0.00585	0.00509	0.00577	0.00942
7	0.00675	0.00482	0.00643	0.00771	0.00803	0.00450	0.00514	0.00771	0.01060	0.01414	0.03053	0.80175	0.03663	0.01735	0.00707	0.00225	0.00321	0.01574	0.00514	0.00450
8	0.01307	0.01494	0.03268	0.02334	0.02894	0.01401	0.75070	0.01774	0.01307	0.01774	0.01120	0.01494	0.00840	0.00467	0.00654	0.00187	0.00934	0.00654	0.00280	0.00747
9	0.01148	0.00984	0.01148	0.00820	0.01312	0.00738	0.00656	0.01395	0.01148	0.01805	0.00984	0.01148	0.00820	0.00410	0.00410	0.00082	0.00410	0.00328	0.00328	0.83922
10	0.01792	0.00985	0.01198	0.00984	0.01318	0.00983	0.00789	0.12444	0.16793	0.33553	0.20332	0.02395	0.02319	0.00805	0.00581	0.00175	0.00432	0.00672	0.00624	0.00826
11	0.02051	0.05034	0.01610	0.01412	0.01703	0.75983	0.01066	0.02195	0.01556	0.01354	0.00853	0.00995	0.00713	0.00568	0.00495	0.00142	0.00986	0.00355	0.00284	0.00644
12	0.84448	0.01071	0.00814	0.00728	0.01071	0.01242	0.00600	0.01628	0.00943	0.02485	0.00771	0.00900	0.00600	0.00514	0.00343	0.00171	0.00428	0.00300	0.00343	0.00600
13	0.01737	0.01294	0.01446	0.01095	0.01540	0.01304	0.00896	0.40702	0.03768	0.06856	0.01258	0.01309	0.00934	0.00584	0.00537	0.00139	0.02707	0.00443	0.00471	0.30979
14	0.01481	0.80869	0.02902	0.00948	0.01421	0.02191	0.00948	0.01658	0.01125	0.01303	0.00770	0.00888	0.00711	0.00474	0.00355	0.00118	0.00592	0.00296	0.00237	0.00711
15	0.00662	0.00561	0.00571	0.00569	0.00752	0.00471	0.00426	0.00809	0.01279	0.01536	0.09521	0.05264	0.72921	0.01388	0.00654	0.00186	0.00279	0.01160	0.00520	0.00471
16	0.00675	0.00482	0.00643	0.00771	0.00803	0.00450	0.00514	0.00771	0.01060	0.01414	0.03053	0.80175	0.03663	0.01735	0.00707	0.00225	0.00321	0.01574	0.00514	0.00450
17	0.00674	0.00485	0.00640	0.00764	0.00801	0.00450	0.00511	0.00772	0.01067	0.01417	0.03143	0.77528	0.06252	0.01723	0.00705	0.00224	0.00320	0.01560	0.00514	0.00450
18	0.01307	0.01494	0.03268	0.02334	0.02894	0.01401	0.75070	0.01774	0.01307	0.01774	0.01120	0.01494	0.00840	0.00467	0.00654	0.00187	0.00934	0.00654	0.00280	0.00747
19	0.01378	0.01190	0.01252	0.01127	0.01440	0.01378	0.00877	0.02943	0.76081	0.02317	0.02254	0.02066	0.01691	0.00751	0.00564	0.00188	0.00438	0.00626	0.00564	0.00877
20	0.01026	0.00957	0.01605	0.74896	0.03649	0.01188	0.01482	0.01380	0.01105	0.01415	0.01098	0.05801	0.00899	0.00619	0.00562	0.00187	0.00715	0.00552	0.00261	0.00606
21	0.01274	0.02649	0.65168	0.01528	0.02285	0.01357	0.01883	0.13837	0.01405	0.02039	0.01049	0.01196	0.00741	0.00549	0.00531	0.00174	0.00784	0.00424	0.00287	0.00839
22	0.00962	0.00481	0.00722	0.00722	0.00722	0.00481	0.00481	0.00722	0.00722	0.00962	0.00962	0.01684	0.00962	0.01924	0.02165	0.83886	0.00481	0.00481	0.00241	0.00241
23	0.00805	0.00537	0.00604	0.00604	0.00604	0.00537	0.00336	0.00805	0.00805	0.01074	0.01745	0.03624	0.02013	0.80536	0.02819	0.00537	0.00537	0.00805	0.00336	0.00336
24	0.01148	0.00984	0.01148	0.00820	0.01312	0.00738	0.00656	0.01395	0.01148	0.01805	0.00984	0.01148	0.00820	0.00410	0.00410	0.00082	0.00410	0.00328	0.00328	0.83922
25	0.01088	0.00916	0.01081	0.00800	0.01233	0.00703	0.00634	0.01337	0.01217	0.01873	0.13450	0.01640	0.01545	0.00529	0.00450	0.00097	0.00386	0.00439	0.00374	0.70208
26	0.02255	0.01203	0.01436	0.01105	0.01537	0.01203	0.00910	0.32680	0.04339	0.42368	0.01800	0.01640	0.01188	0.00671	0.00552	0.00167	0.00526	0.00529	0.00617	0.03274
27	0.01046	0.00984	0.01661	0.79205	0.03814	0.01230	0.01538	0.01415	0.01107	0.01415	0.00984	0.01477	0.00738	0.00554	0.00554	0.00185	0.00738	0.00492	0.00246	0.00615
28	0.02485	0.00943	0.01285	0.00985	0.01414	0.00814	0.00814	0.02699	0.01585	0.77465	0.02185	0.01885	0.01371	0.00685	0.00557	0.00171	0.00471	0.00557	0.00685	0.00943
29	0.00675	0.00482	0.00643	0.00771	0.00803	0.00450	0.00514	0.00771	0.01060	0.01414	0.03053	0.80175	0.03663	0.01735	0.00707	0.00225	0.00321	0.01574	0.00514	0.00450
30	0.06721	0.00730	0.00918	0.00819	0.01067	0.00672	0.00660	0.01597	0.01450	0.26376	0.27729	0.03659	0.13138	0.01041	0.00618	0.00186	0.00377	0.10997	0.00590	0.00654
31	0.02485	0.00943	0.01285	0.00985	0.01414	0.00814	0.00814	0.02699	0.01585	0.77465	0.02185	0.01885	0.01371	0.00685	0.00557	0.00171	0.00471	0.00557	0.00685	0.00943
32	0.00740	0.00542	0.00700	0.00775	0.00846	0.00520	0.00537	0.00960	0.05555	0.01648	0.19608	0.58494	0.03900	0.01542	0.00686	0.00211	0.00315	0.01390	0.00539	0.00491
33	0.02063	0.01521	0.01629	0.01267	0.01680	0.03686	0.01043	0.63810	0.04504	0.07364	0.01362	0.01367	0.00970	0.00680	0.00612	0.00170	0.04316	0.00501	0.00540	0.00916
34	0.02247	0.00974	0.01278	0.01002	0.01392	0.00904	0.00820	0.11171	0.01626	0.59963	0.02010	0.01889	0.01337	0.03036	0.07456	0.00243	0.00578	0.00560	0.00627	0.00887
35	0.00805	0.00537	0.00604	0.00604	0.00604	0.00537	0.00336	0.00805	0.00805	0.01074	0.01745	0.03624	0.02013	0.80536	0.02819	0.00537	0.00537	0.00805	0.00336	0.00336
36	0.01046	0.00984	0.01661	0.79205	0.03814	0.01230	0.01538	0.01415	0.01107	0.01415	0.00984	0.01477	0.00738	0.00554	0.00554	0.00185	0.00738	0.00492	0.00246	0.00615
37	0.01210	0.01341	0.03998	0.04099	0.06683	0.05115	0.44221	0.01559	0.01231	0.01646	0.01443	0.16638	0.01368	0.00756	0.00721	0.00194	0.05989	0.00786	0.00321	0.00680
38	0.01527	0.01111	0.01233	0.01096	0.01416	0.01234	0.00867	0.02781	0.58739	0.14629	0.02289	0.02321	0.01740	0.00794	0.00576	0.00190	0.00449	0.05565	0.00580	0.00862
39	0.01046	0.00984	0.01661	0.79205	0.03814	0.01230	0.01538	0.01415	0.01107	0.01415	0.00984	0.01477	0.00738	0.00554	0.00554	0.00185	0.00738	0.00492	0.00246	0.00615
40	0.00812	0.00737	0.03488	0.07490	0.01359	0.00673	0.10369	0.00990	0.01084	0.01446	0.02524	0.52629	0.04762	0.07878	0.00853	0.00240	0.00468	0.01254	0.00438	0.00505
41	0.02191	0.01033	0.01362	0.01073	0.01431	0.01029	0.00885	0.09485	0.03237	0.55543	0.04246	0.01811	0.01367	0.00739	0.00737	0.00181	0.11606	0.00557	0.00605	0.00880
42	0.00764	0.00521	0.00624	0.00665	0.00678	0.00514	0.00402	0.00800	0.00889	0.01188	0.02151	0.27818	0.02518	0.53390	0.04323	0.00448	0.00496	0.01043	0.00391	0.00376
43	0.02287	0.01176	0.01420	0.01098	0.01525	0.01171	0.00904	0.28919	0.06046	0.46610	0.01880	0.01694	0.01233	0.00682	0.00556	0.00170	0.00519	0.00540	0.00631	0.00939
44	0.03806	0.01209	0.01561	0.14315	0.14658	0.04796	0.01122	0.15238	0.04650	0.25307	0.02994	0.01584	0.01122	0.00617	0.00542	0.00167	0.00587	0.00510	0.00470	0.04746
45	0.21093	0.01332	0.01586	0.01338	0.05168	0.05867	0.11309	0.19142	0.10104	0.08958	0.01337	0.03773	0.01029	0.00633	0.00547	0.00173	0.02494	0.00513	0.00434	0.03171
46	0.01606	0.01276	0.01921	0.02545	0.49598	0.03119	0.01392	0.09339	0.01458	0.13644	0.03333	0.01501	0.01073	0.00556	0.00544	0.00161	0.00608	0.00505	0.00379	0.05441
47	0.06020	0.01388	0.02222	0.04180	0.03938	0.07852	0.32875	0.03546	0.01266	0.09035	0.01175	0.04168	0.00947	0.00636	0.00795	0.00186	0.14237	0.00575	0.00333	0.04627

[dist]
# distance from previous block
# <min> <max>
3	28

[block]
# block no. 1 follows, 43 sequences, length 46
# corresponding to MSA columns:
# 78-123
name=unknown_B
#
# <colnr> <probs for GDERKNQSTAVLIFYWHMCP>
#	G	D	E	R	K	N	Q	S	T	A	V	L	I	F	Y	W	H	M	C	P
0	0.05091	0.10059	0.12569	0.01158	0.01627	0.01358	0.01078	0.26380	0.01756	0.26876	0.01513	0.03710	0.01082	0.00664	0.00556	0.00168	0.02485	0.00506	0.00500	0.00864
1	0.01745	0.32392	0.06943	0.01040	0.01478	0.01503	0.00965	0.09279	0.06612	0.23769	0.01415	0.01430	0.01050	0.00884	0.06971	0.00212	0.00637	0.00447	0.00426	0.00802
2	0.08651	0.03456	0.01264	0.00974	0.01348	0.01081	0.00789	0.21856	0.03607	0.23837	0.01939	0.10309	0.05970	0.00783	0.00535	0.00164	0.00472	0.00632	0.00528	0.11805
3	0.01591	0.17361	0.03335	0.00957	0.01308	0.01168	0.00813	0.12036	0.05950	0.22187	0.02195	0.15781	0.08768	0.00885	0.00546	0.00169	0.00475	0.00728	0.00499	0.03245
4	0.01484	0.15180	0.25910	0.01216	0.01721	0.01357	0.01266	0.13971	0.06920	0.11058	0.03112	0.01978	0.01296	0.02405	0.00586	0.00181	0.00624	0.08540	0.00406	0.00789
5	0.01998	0.01237	0.01399	0.01094	0.01471	0.01298	0.00882	0.44911	0.02075	0.22293	0.01732	0.01880	0.03465	0.10671	0.00841	0.00214	0.00555	0.00572	0.00560	0.00852
6	0.00684	0.00526	0.00626	0.00678	0.00786	0.00468	0.00479	0.00823	0.01217	0.01571	0.15470	0.39362	0.32296	0.01513	0.00678	0.00202	0.00296	0.01328	0.00529	0.00468
7	0.84448	0.01071	0.00814	0.00728	0.01071	0.01242	0.00600	0.01628	0.00943	0.02485	0.00771	0.00900	0.00600	0.00514	0.00343	0.00171	0.00428	0.00300	0.00343	0.00600
8	0.01481	0.80869	0.02902	0.00948	0.01421	0.02191	0.00948	0.01658	0.01125	0.01303	0.00770	0.00888	0.00711	0.00474	0.00355	0.00118	0.00592	0.00296	0.00237	0.00711
9	0.01481	0.80869	0.02902	0.00948	0.01421	0.02191	0.00948	0.01658	0.01125	0.01303	0.00770	0.00888	0.00711	0.00474	0.00355	0.00118	0.00592	0.00296	0.00237	0.00711
10	0.01148	0.00984	0.01148	0.00820	0.01312	0.00738	0.00656	0.01395	0.01148	0.01805	0.00984	0.01148	0.00820	0.00410	0.00410	0.00082	0.00410	0.00328	0.00328	0.83922
11	0.00675	0.00482	0.00643	0.00771	0.00803	0.00450	0.00514	0.00771	0.01060	0.01414	0.03053	0.80175	0.03663	0.01735	0.00707	0.00225	0.00321	0.01574	0.00514	0.00450
12	0.02468	0.00970	0.01302	0.00999	0.01428	0.00855	0.00825	0.06007	0.01632	0.74092	0.02146	0.01860	0.01351	0.00685	0.00557	0.00171	0.00478	0.00554	0.00679	0.00942
13	0.02450	0.00950	0.01284	0.00990	0.01415	0.00832	0.00816	0.02707	0.03961	0.75069	0.02187	0.01891	0.01381	0.00688	0.00557	0.00172	0.00470	0.00559	0.00682	0.00940
14	0.14426	0.01463	0.01525	0.01185	0.01612	0.01621	0.00978	0.62217	0.02327	0.05394	0.01270	0.01281	0.00903	0.00643	0.00523	0.00167	0.00579	0.00471	0.00526	0.00891
15	0.06523	0.01690	0.01603	0.01268	0.01682	0.13242	0.01031	0.60270	0.02359	0.03114	0.01228	0.01257	0.00889	0.00643	0.00534	0.00163	0.00658	0.00467	0.00502	0.00878
16	0.84448	0.01071	0.00814	0.00728	0.01071	0.01242	0.00600	0.01628	0.00943	0.02485	0.00771	0.00900	0.00600	0.00514	0.00343	0.00171	0.00428	0.00300	0.00343	0.00600
17	0.01307	0.01494	0.03268	0.02334	0.02894	0.01401	0.75070	0.01774	0.01307	0.01774	0.01120	0.01494	0.00840	0.00467	0.00654	0.00187	0.00934	0.00654	0.00280	0.00747
18	0.00739	0.00532	0.00700	0.00727	0.00818	0.00493	0.00519	0.00933	0.01361	0.01891	0.46693	0.35172	0.04588	0.01378	0.00675	0.00195	0.00286	0.01235	0.00571	0.00493
19	0.00692	0.00563	0.00612	0.00600	0.00771	0.00483	0.00450	0.00867	0.01350	0.01704	0.26019	0.04988	0.56319	0.01325	0.00654	0.00183	0.00275	0.01121	0.00542	0.00483
20	0.00784	0.00566	0.00740	0.00697	0.00827	0.00523	0.00523	0.01045	0.01568	0.02221	0.76789	0.04137	0.05226	0.01132	0.00653	0.00174	0.00261	0.01002	0.00610	0.00523
21	0.84448	0.01071	0.00814	0.00728	0.01071	0.01242	0.00600	0.01628	0.00943	0.02485	0.00771	0.00900	0.00600	0.00514	0.00343	0.00171	0.00428	0.00300	0.00343	0.00600
22	0.00823	0.00576	0.00748	0.00699	0.00840	0.00528	0.00526	0.01078	0.01557	0.04138	0.72150	0.04124	0.07855	0.01131	0.00651	0.00175	0.00267	0.00996	0.00608	0.00531
23	0.01111	0.02865	0.77667	0.01579	0.02397	0.01286	0.02046	0.01754	0.01169	0.01754	0.00994	0.01169	0.00702	0.00526	0.00526	0.00175	0.00818	0.00409	0.00234	0.00818
24	0.02105	0.01551	0.01662	0.01274	0.01717	0.01717	0.01053	0.75235	0.02604	0.03490	0.01330	0.01330	0.00942	0.00665	0.00554	0.00166	0.00609	0.00499	0.00554	0.00942
25	0.01205	0.01199	0.02192	0.38623	0.26942	0.01294	0.17324	0.01582	0.01199	0.01617	0.01032	0.01447	0.00804	0.00516	0.00573	0.00179	0.00755	0.00527	0.00262	0.00727
26	0.00791	0.00593	0.00890	0.00890	0.00989	0.00692	0.00692	0.00989	0.00890	0.01286	0.01483	0.02176	0.01385	0.04154	0.78341	0.00890	0.01483	0.00593	0.00297	0.00494
27	0.01032	0.00966	0.01624	0.76325	0.03704	0.01202	0.01500	0.01391	0.01106	0.01415	0.01060	0.04366	0.00846	0.00597	0.00559	0.00186	0.00723	0.00532	0.00256	0.00609
28	0.00778	0.00566	0.00732	0.00690	0.00824	0.00520	0.00518	0.01033	0.01553	0.02187	0.73450	0.04193	0.08587	0.01145	0.00653	0.00175	0.00262	0.01009	0.00605	0.00520
29	0.00777	0.00566	0.00731	0.00690	0.00823	0.00520	0.00517	0.01033	0.01552	0.02185	0.73226	0.04197	0.08812	0.01146	0.00653	0.00175	0.00262	0.01010	0.00605	0.00520
30	0.00791	0.00593	0.00890	0.00890	0.00989	0.00692	0.00692	0.00989	0.00890	0.01286	0.01483	0.02176	0.01385	0.04154	0.78341	0.00890	0.01483	0.00593	0.00297	0.00494
31	0.01046	0.00984	0.01661	0.79205	0.03814	0.01230	0.01538	0.01415	0.01107	0.01415	0.00984	0.01477	0.00738	0.00554	0.00554	0.00185	0.00738	0.00492	0.00246	0.00615
32	0.00678	0.00485	0.00646	0.00769	0.00804	0.00452	0.00514	0.00780	0.01077	0.01440	0.05481	0.77671	0.03714	0.01715	0.00705	0.00223	0.00319	0.01556	0.00517	0.00452
33	0.00784	0.00566	0.00740	0.00697	0.00827	0.00523	0.00523	0.01045	0.01568	0.02221	0.76789	0.04137	0.05226	0.01132	0.00653	0.00174	0.00261	0.01002	0.00610	0.00523
34	0.02069	0.02640	0.01569	0.01427	0.01712	0.78313	0.01070	0.02212	0.01569	0.01355	0.00856	0.00999	0.00713	0.00571	0.00499	0.00143	0.00999	0.00357	0.00285	0.00642
35	0.22365	0.01419	0.01438	0.01134	0.01548	0.01588	0.00934	0.54346	0.04993	0.03198	0.01227	0.01252	0.00886	0.00631	0.00502	0.00168	0.00558	0.00455	0.00502	0.00855
36	0.00663	0.00561	0.00573	0.00570	0.00753	0.00471	0.00427	0.00811	0.01282	0.01543	0.10193	0.05253	0.72245	0.01385	0.00654	0.00186	0.00279	0.01158	0.00520	0.00471
37	0.00791	0.00593	0.00890	0.00890	0.00989	0.00692	0.00692	0.00989	0.00890	0.01286	0.01483	0.02176	0.01385	0.04154	0.78341	0.00890	0.01483	0.00593	0.00297	0.00494
38	0.00768	0.00565	0.00718	0.00680	0.00817	0.00516	0.00510	0.01014	0.01530	0.02130	0.67896	0.04286	0.14175	0.01166	0.00653	0.00176	0.00264	0.01022	0.00598	0.00516
39	0.00675	0.00482	0.00643	0.00771	0.00803	0.00450	0.00514	0.00771	0.01060	0.01414	0.03053	0.80175	0.03663	0.01735	0.00707	0.00225	0.00321	0.01574	0.00514	0.00450
40	0.73600	0.01054	0.00876	0.00762	0.01116	0.01186	0.00628	0.01770	0.01028	0.12409	0.00958	0.01030	0.00702	0.00537	0.00371	0.00171	0.00434	0.00334	0.00388	0.00645
41	0.00706	0.00563	0.00632	0.00615	0.00780	0.00489	0.00461	0.00894	0.01384	0.01784	0.33875	0.04856	0.48413	0.01295	0.00654	0.00182	0.00273	0.01102	0.00552	0.00489
42	0.01378	0.01190	0.01252	0.01127	0.01440	0.01378	0.00877	0.02943	0.76081	0.02317	0.02254	0.02066	0.01691	0.00751	0.00564	0.00188	0.00438	0.00626	0.00564	0.00877
43	0.01274	0.01102	0.01155	0.01046	0.01320	0.03434	0.00808	0.02526	0.58385	0.02269	0.17750	0.02467	0.02399	0.00826	0.00580	0.00184	0.00418	0.00697	0.00565	0.00796
44	0.02123	0.00898	0.01185	0.00934	0.01308	0.00798	0.00762	0.05982	0.01614	0.58891	0.12408	0.02376	0.06578	0.00789	0.00576	0.00172	0.00438	0.00652	0.00658	0.00856
45	0.07448	0.64872	0.04446	0.00982	0.01452	0.02051	0.00961	0.09460	0.01270	0.01630	0.00835	0.00943	0.00727	0.00498	0.00380	0.00129	0.00588	0.00321	0.00278	0.00730

[dist]
# distance from previous block
# <min> <max>
2	9

[block]
# block no. 2 follows, 43 sequences, length 88
# corresponding to MSA columns:
# 133-220
name=unknown_C
#
# <colnr> <probs for GDERKNQSTAVLIFYWHMCP>
#	G	D	E	R	K	N	Q	S	T	A	V	L	I	F	Y	W	H	M	C	P
0	0.01202	0.01247	0.01025	0.00942	0.01139	0.23359	0.00716	0.03481	0.03516	0.01785	0.29202	0.03235	0.21099	0.01003	0.00660	0.00172	0.04372	0.00805	0.00471	0.00569
1	0.01908	0.02372	0.01593	0.01432	0.01664	0.63946	0.01097	0.02047	0.01434	0.01351	0.00832	0.01039	0.00716	0.00645	0.00747	0.00161	0.15724	0.00381	0.00277	0.00635
2	0.01140	0.00644	0.00846	0.00754	0.00949	0.00580	0.00580	0.01381	0.01542	0.18342	0.55098	0.05856	0.07946	0.01067	0.00634	0.00176	0.00309	0.00931	0.00618	0.00608
3	0.00805	0.00537	0.00604	0.00604	0.00604	0.00537	0.00336	0.00805	0.00805	0.01074	0.01745	0.03624	0.02013	0.80536	0.02819	0.00537	0.00537	0.00805	0.00336	0.00336
4	0.01444	0.10416	0.53608	0.01387	0.02086	0.01277	0.01669	0.01947	0.01254	0.17988	0.01227	0.01295	0.00846	0.00555	0.00515	0.00169	0.00721	0.00429	0.00331	0.00834
5	0.00979	0.00527	0.00564	0.00555	0.00684	0.00518	0.00416	0.01238	0.01249	0.02098	0.17930	0.02510	0.02238	0.00750	0.00444	0.00139	0.00259	0.00621	0.65763	0.00518
6	0.01048	0.00643	0.00717	0.00652	0.00891	0.00542	0.00505	0.01204	0.01332	0.17832	0.04874	0.04589	0.60625	0.01248	0.00634	0.00184	0.00322	0.01037	0.00551	0.00570
7	0.05293	0.18668	0.01885	0.03080	0.01586	0.16365	0.01077	0.16204	0.01403	0.01810	0.00888	0.01117	0.00758	0.00697	0.00907	0.00177	0.26652	0.00415	0.00316	0.00702
8	0.01160	0.00740	0.00824	0.00740	0.00998	0.00683	0.00576	0.01536	0.12889	0.17959	0.04355	0.04085	0.49014	0.01148	0.00620	0.00184	0.00346	0.00953	0.00559	0.00633
9	0.00784	0.00566	0.00740	0.00697	0.00827	0.00523	0.00523	0.01045	0.01568	0.02221	0.76789	0.04137	0.05226	0.01132	0.00653	0.00174	0.00261	0.01002	0.00610	0.00523
10	0.02069	0.02640	0.01569	0.01427	0.01712	0.78313	0.01070	0.02212	0.01569	0.01355	0.00856	0.00999	0.00713	0.00571	0.00499	0.00143	0.00999	0.00357	0.00285	0.00642
11	0.01307	0.01494	0.03268	0.02334	0.02894	0.01401	0.75070	0.01774	0.01307	0.01774	0.01120	0.01494	0.00840	0.00467	0.00654	0.00187	0.00934	0.00654	0.00280	0.00747
12	0.02475	0.00958	0.01295	0.00993	0.01422	0.00837	0.00820	0.04585	0.01612	0.75542	0.02163	0.01871	0.01360	0.00685	0.00557	0.00171	0.00475	0.00555	0.00682	0.00943
13	0.00784	0.00566	0.00740	0.00697	0.00827	0.00523	0.00523	0.01045	0.01568	0.02221	0.76789	0.04137	0.05226	0.01132	0.00653	0.00174	0.00261	0.01002	0.00610	0.00523
14	0.02076	0.01583	0.01635	0.01267	0.01693	0.05437	0.01038	0.70062	0.02515	0.03334	0.01315	0.01363	0.00954	0.02380	0.00600	0.00173	0.00627	0.00498	0.00536	0.00914
15	0.00784	0.00566	0.00740	0.00697	0.00827	0.00523	0.00523	0.01045	0.01568	0.02221	0.76789	0.04137	0.05226	0.01132	0.00653	0.00174	0.00261	0.01002	0.00610	0.00523
16	0.00739	0.00561	0.00680	0.00657	0.00801	0.00502	0.00490	0.00955	0.01451	0.01960	0.51424	0.07578	0.27696	0.01242	0.00656	0.00180	0.00270	0.01077	0.00576	0.00502
17	0.00784	0.00566	0.00740	0.00697	0.00827	0.00523	0.00523	0.01045	0.01568	0.02221	0.76789	0.04137	0.05226	0.01132	0.00653	0.00174	0.00261	0.01002	0.00610	0.00523
18	0.01892	0.01075	0.01268	0.01061	0.01428	0.01116	0.00848	0.02830	0.41471	0.37230	0.02222	0.01982	0.01542	0.00721	0.00560	0.00180	0.00454	0.00594	0.00620	0.00907
19	0.02485	0.00943	0.01285	0.00985	0.01414	0.00814	0.00814	0.02699	0.01585	0.77465	0.02185	0.01885	0.01371	0.00685	0.00557	0.00171	0.00471	0.00557	0.00685	0.00943
20	0.01032	0.00516	0.00516	0.00516	0.00645	0.00516	0.00387	0.01290	0.01161	0.02065	0.01807	0.02065	0.01420	0.00645	0.00387	0.00129	0.00258	0.00516	0.83611	0.00516
21	0.01046	0.00984	0.01661	0.79205	0.03814	0.01230	0.01538	0.01415	0.01107	0.01415	0.00984	0.01477	0.00738	0.00554	0.00554	0.00185	0.00738	0.00492	0.00246	0.00615
22	0.84448	0.01071	0.00814	0.00728	0.01071	0.01242	0.00600	0.01628	0.00943	0.02485	0.00771	0.00900	0.00600	0.00514	0.00343	0.00171	0.00428	0.00300	0.00343	0.00600
23	0.00784	0.00566	0.00740	0.00697	0.00827	0.00523	0.00523	0.01045	0.01568	0.02221	0.76789	0.04137	0.05226	0.01132	0.00653	0.00174	0.00261	0.01002	0.00610	0.00523
24	0.01459	0.76281	0.07300	0.00985	0.01479	0.02138	0.01012	0.01664	0.01128	0.01330	0.00783	0.00905	0.00710	0.00477	0.00365	0.00122	0.00606	0.00303	0.00237	0.00717
25	0.00852	0.00581	0.00762	0.00708	0.00851	0.00534	0.00534	0.01112	0.01568	0.05255	0.73781	0.04046	0.05070	0.01114	0.00649	0.00174	0.00270	0.00984	0.00613	0.00540
26	0.01378	0.01190	0.01252	0.01127	0.01440	0.01378	0.00877	0.02943	0.76081	0.02317	0.02254	0.02066	0.01691	0.00751	0.00564	0.00188	0.00438	0.00626	0.00564	0.00877
27	0.01148	0.00984	0.01148	0.00820	0.01312	0.00738	0.00656	0.01395	0.01148	0.01805	0.00984	0.01148	0.00820	0.00410	0.00410	0.00082	0.00410	0.00328	0.00328	0.83922
28	0.01145	0.10090	0.70741	0.01520	0.02307	0.01370	0.01944	0.01745	0.01165	0.01712	0.00973	0.01143	0.00702	0.00521	0.00510	0.00170	0.00798	0.00399	0.00234	0.00809
29	0.01371	0.01316	0.02248	0.03399	0.77081	0.01316	0.01700	0.01700	0.01261	0.01809	0.01042	0.01371	0.00877	0.00493	0.00548	0.00164	0.00658	0.00493	0.00274	0.00877
30	0.00697	0.00504	0.00660	0.00745	0.00806	0.00466	0.00511	0.00831	0.01179	0.01591	0.19033	0.60165	0.07578	0.01589	0.00693	0.00212	0.00306	0.01431	0.00535	0.00466
31	0.23986	0.01291	0.01383	0.01167	0.01394	0.07974	0.00959	0.09384	0.01228	0.13274	0.01031	0.01223	0.00810	0.00739	0.00988	0.00196	0.31472	0.00436	0.00372	0.00693
32	0.01094	0.01034	0.01749	0.67872	0.14768	0.01243	0.01562	0.01458	0.01130	0.01474	0.00993	0.01461	0.00759	0.00545	0.00553	0.00182	0.00726	0.00492	0.00250	0.00654
33	0.01371	0.01316	0.02248	0.03399	0.77081	0.01316	0.01700	0.01700	0.01261	0.01809	0.01042	0.01371	0.00877	0.00493	0.00548	0.00164	0.00658	0.00493	0.00274	0.00877
34	0.00791	0.00593	0.00890	0.00890	0.00989	0.00692	0.00692	0.00989	0.00890	0.01286	0.01483	0.02176	0.01385	0.04154	0.78341	0.00890	0.01483	0.00593	0.00297	0.00494
35	0.01991	0.00958	0.01235	0.00924	0.01376	0.00786	0.00756	0.02217	0.01424	0.49509	0.01741	0.01613	0.01167	0.00584	0.00503	0.00138	0.00449	0.00472	0.00553	0.31603
36	0.01111	0.02865	0.77667	0.01579	0.02397	0.01286	0.02046	0.01754	0.01169	0.01754	0.00994	0.01169	0.00702	0.00526	0.00526	0.00175	0.00818	0.00409	0.00234	0.00818
37	0.00721	0.00564	0.00653	0.00630	0.00789	0.00496	0.00473	0.00923	0.01418	0.01866	0.41972	0.04721	0.40264	0.01264	0.00654	0.00180	0.00271	0.01083	0.00563	0.00496
38	0.00791	0.00593	0.00890	0.00890	0.00989	0.00692	0.00692	0.00989	0.00890	0.01286	0.01483	0.02176	0.01385	0.04154	0.78341	0.00890	0.01483	0.00593	0.00297	0.00494
39	0.00846	0.00604	0.00839	0.00966	0.01073	0.00597	0.00811	0.01067	0.01229	0.01605	0.02958	0.22144	0.03290	0.01574	0.00752	0.00249	0.00469	0.57919	0.00511	0.00497
40	0.02485	0.00943	0.01285	0.00985	0.01414	0.00814	0.00814	0.02699	0.01585	0.77465	0.02185	0.01885	0.01371	0.00685	0.00557	0.00171	0.00471	0.00557	0.00685	0.00943
41	0.00675	0.00482	0.00643	0.00771	0.00803	0.00450	0.00514	0.00771	0.01060	0.01414	0.03053	0.80175	0.03663	0.01735	0.00707	0.00225	0.00321	0.01574	0.00514	0.00450
42	0.01481	0.80869	0.02902	0.00948	0.01421	0.02191	0.00948	0.01658	0.01125	0.01303	0.00770	0.00888	0.00711	0.00474	0.00355	0.00118	0.00592	0.00296	0.00237	0.00711
43	0.00659	0.00544	0.00579	0.00606	0.00760	0.00464	0.00441	0.00790	0.01219	0.01478	0.05060	0.21424	0.61118	0.01474	0.00666	0.00195	0.00289	0.01256	0.00514	0.00464
44	0.00784	0.00566	0.00740	0.00697	0.00827	0.00523	0.00523	0.01045	0.01568	0.02221	0.76789	0.04137	0.05226	0.01132	0.00653	0.00174	0.00261	0.01002	0.00610	0.00523
45	0.00674	0.00485	0.00640	0.00764	0.00801	0.00450	0.00511	0.00772	0.01067	0.01417	0.03138	0.77675	0.06108	0.01724	0.00705	0.00224	0.00320	0.01561	0.00514	0.00450
46	0.01089	0.01041	0.01682	0.60814	0.04923	0.01333	0.01471	0.01404	0.01055	0.01406	0.00930	0.01417	0.00739	0.00642	0.00825	0.00197	0.17678	0.00491	0.00246	0.00619
47	0.84448	0.01071	0.00814	0.00728	0.01071	0.01242	0.00600	0.01628	0.00943	0.02485	0.00771	0.00900	0.00600	0.00514	0.00343	0.00171	0.00428	0.00300	0.00343	0.00600
48	0.00833	0.00577	0.00756	0.00705	0.00844	0.00531	0.00531	0.01093	0.01568	0.04395	0.74633	0.04072	0.05114	0.01119	0.00650	0.00174	0.00267	0.00989	0.00612	0.00535
49	0.32531	0.01374	0.01349	0.01073	0.01479	0.01542	0.00885	0.48037	0.01990	0.03119	0.01123	0.01171	0.00815	0.00609	0.00476	0.00168	0.00543	0.00425	0.00476	0.00815
50	0.03883	0.02008	0.01566	0.01313	0.01671	0.37957	0.01032	0.33976	0.01993	0.06029	0.01138	0.01207	0.00856	0.00687	0.02074	0.00170	0.00801	0.00432	0.00423	0.00783
51	0.00702	0.00563	0.00627	0.00611	0.00777	0.00488	0.00458	0.00887	0.01375	0.01764	0.31911	0.04889	0.50389	0.01303	0.00654	0.00182	0.00273	0.01107	0.00550	0.00488
52	0.01046	0.00984	0.01661	0.79205	0.03814	0.01230	0.01538	0.01415	0.01107	0.01415	0.00984	0.01477	0.00738	0.00554	0.00554	0.00185	0.00738	0.00492	0.00246	0.00615
53	0.00675	0.00482	0.00643	0.00771	0.00803	0.00450	0.00514	0.00771	0.01060	0.01414	0.03053	0.80175	0.03663	0.01735	0.00707	0.00225	0.00321	0.01574	0.00514	0.00450
54	0.02395	0.01087	0.01375	0.01054	0.01486	0.01028	0.00871	0.19884	0.01827	0.59939	0.01982	0.01753	0.01269	0.00681	0.00556	0.00170	0.00504	0.00543	0.00654	0.00942
55	0.02146	0.01072	0.01708	0.01283	0.01728	0.00972	0.16785	0.04106	0.03465	0.55408	0.01919	0.01801	0.01256	0.00737	0.02770	0.00195	0.00602	0.00579	0.00581	0.00886
56	0.00805	0.00609	0.00770	0.00850	0.01000	0.00575	0.00718	0.01017	0.01270	0.01598	0.03922	0.05908	0.30408	0.01483	0.00724	0.00230	0.00425	0.46681	0.00512	0.00494
57	0.00675	0.00482	0.00643	0.00771	0.00803	0.00450	0.00514	0.00771	0.01060	0.01414	0.03053	0.80175	0.03663	0.01735	0.00707	0.00225	0.00321	0.01574	0.00514	0.00450
58	0.21188	0.01119	0.01264	0.00997	0.01407	0.01135	0.00822	0.19400	0.03199	0.41439	0.01662	0.01533	0.01100	0.00643	0.00507	0.00171	0.00493	0.00486	0.00574	0.00862
59	0.01910	0.01387	0.01506	0.01204	0.01604	0.01535	0.00979	0.48491	0.22487	0.08807	0.01650	0.01590	0.01188	0.00760	0.02129	0.00187	0.00570	0.00540	0.00562	0.00915
60	0.00791	0.00595	0.00758	0.00844	0.00980	0.00561	0.00698	0.00991	0.01246	0.01578	0.03805	0.14423	0.26861	0.01513	0.00723	0.00230	0.00415	0.41987	0.00512	0.00489
61	0.01212	0.01212	0.01696	0.01454	0.01454	0.01696	0.01212	0.01333	0.00848	0.01333	0.00727	0.01212	0.00727	0.00969	0.01818	0.00242	0.79523	0.00485	0.00242	0.00606
62	0.76687	0.01102	0.00885	0.00773	0.01125	0.01266	0.00637	0.06889	0.01076	0.04298	0.00844	0.00953	0.00642	0.00529	0.00363	0.00171	0.00442	0.00320	0.00366	0.00632
63	0.01383	0.60328	0.22590	0.01114	0.01678	0.01953	0.01237	0.01684	0.01137	0.01422	0.00829	0.00962	0.00708	0.00488	0.00400	0.00133	0.00652	0.00326	0.00236	0.00739
64	0.29761	0.01683	0.01352	0.01132	0.01499	0.22189	0.00905	0.30835	0.01767	0.02577	0.01014	0.01096	0.00765	0.00589	0.00468	0.00162	0.00653	0.00394	0.00411	0.00746
65	0.00660	0.00541	0.00582	0.00615	0.00762	0.00463	0.00445	0.00789	0.01210	0.01475	0.04949	0.24681	0.57933	0.01489	0.00668	0.00197	0.00291	0.01274	0.00514	0.00463
66	0.02475	0.00958	0.01295	0.00993	0.01422	0.00838	0.00820	0.04595	0.01612	0.75532	0.02163	0.01871	0.01360	0.00685	0.00557	0.00171	0.00475	0.00555	0.00682	0.00943
67	0.01301	0.01245	0.02122	0.19700	0.61327	0.01298	0.01665	0.01638	0.01228	0.01725	0.01029	0.01393	0.00847	0.00506	0.00549	0.00169	0.00675	0.00493	0.00268	0.00821
68	0.00886	0.00633	0.00885	0.01013	0.01138	0.00632	0.00882	0.01137	0.01269	0.01650	0.02936	0.08384	0.03201	0.01536	0.00763	0.00254	0.00505	0.71279	0.00510	0.00508
69	0.00779	0.00562	0.00736	0.00700	0.00826	0.00519	0.00522	0.01032	0.01543	0.02181	0.73184	0.07855	0.05149	0.01162	0.00656	0.00177	0.00264	0.01030	0.00605	0.00519
70	0.01420	0.01528	0.01668	0.01443	0.01517	0.18172	0.01177	0.03534	0.01051	0.01396	0.00771	0.01169	0.00730	0.00875	0.01500	0.00219	0.60489	0.00458	0.00260	0.00623
71	0.02067	0.01493	0.01612	0.01249	0.01681	0.01647	0.01027	0.66025	0.08311	0.07015	0.01444	0.01415	0.01021	0.00673	0.00555	0.00168	0.00589	0.00511	0.00561	0.00937
72	0.10705	0.01088	0.01310	0.01022	0.01435	0.01063	0.00841	0.19785	0.01748	0.50254	0.01860	0.03688	0.01250	0.00690	0.00538	0.00172	0.00496	0.00543	0.00615	0.00895
73	0.00813	0.00666	0.00811	0.00743	0.00964	0.00559	0.02180	0.00990	0.01215	0.01635	0.11092	0.23723	0.28396	0.01203	0.00611	0.00172	0.00340	0.02719	0.00474	0.20694
74	0.01494	0.66636	0.02679	0.01033	0.01446	0.05846	0.00985	0.03282	0.01150	0.01357	0.00782	0.00939	0.00718	0.00537	0.00526	0.00134	0.09185	0.00324	0.00247	0.00701
75	0.01799	0.01145	0.01302	0.01096	0.01458	0.01230	0.00873	0.09730	0.45378	0.26362	0.02144	0.01939	0.01518	0.00722	0.00561	0.00181	0.00465	0.00592	0.00601	0.00904
76	0.01111	0.02865	0.77667	0.01579	0.02397	0.01286	0.02046	0.01754	0.01169	0.01754	0.00994	0.01169	0.00702	0.00526	0.00526	0.00175	0.00818	0.00409	0.00234	0.00818
77	0.02121	0.01847	0.01462	0.01232	0.01585	0.37330	0.00965	0.17544	0.01775	0.22590	0.01550	0.01522	0.04664	0.00662	0.00534	0.00158	0.00738	0.00481	0.00462	0.00778
78	0.01251	0.01194	0.02032	0.31267	0.50147	0.01284	0.01640	0.01595	0.01205	0.01664	0.01021	0.01410	0.00826	0.00516	0.00550	0.00172	0.00687	0.00493	0.00264	0.00781
79	0.01067	0.00644	0.00743	0.00672	0.00903	0.00550	0.00520	0.01241	0.01377	0.17940	0.15441	0.04412	0.49990	0.01208	0.00633	0.00182	0.00319	0.01012	0.00565	0.00578
80	0.01046	0.00984	0.01661	0.79205	0.03814	0.01230	0.01538	0.01415	0.01107	0.01415	0.00984	0.01477	0.00738	0.00554	0.00554	0.00185	0.00738	0.00492	0.00246	0.00615
81	0.84448	0.01071	0.00814	0.00728	0.01071	0.01242	0.00600	0.01628	0.00943	0.02485	0.00771	0.00900	0.00600	0.00514	0.00343	0.00171	0.00428	0.00300	0.00343	0.00600
82	0.11138	0.00956	0.01236	0.00958	0.01378	0.00859	0.00791	0.02586	0.01517	0.69549	0.02036	0.01781	0.01290	0.00667	0.00534	0.00171	0.00467	0.00530	0.00649	0.00906
83	0.03369	0.70373	0.11135	0.01012	0.01521	0.02069	0.01061	0.01668	0.01126	0.01380	0.00795	0.00920	0.00707	0.00481	0.00374	0.00126	0.00614	0.00309	0.00239	0.00720
84	0.01887	0.01682	0.01566	0.01267	0.01662	0.18238	0.02464	0.40387	0.13596	0.02666	0.01336	0.01359	0.00996	0.00632	0.00533	0.00158	0.00657	0.00476	0.00472	0.07965
85	0.00962	0.00481	0.00722	0.00722	0.00722	0.00481	0.00481	0.00722	0.00722	0.00962	0.00962	0.01684	0.00962	0.01924	0.02165	0.83886	0.00481	0.00481	0.00241	0.00241
86	0.05498	0.01023	0.01137	0.04131	0.01365	0.05459	0.00767	0.09456	0.02978	0.15205	0.11211	0.06784	0.05104	0.00792	0.00542	0.00156	0.00468	0.05002	0.00480	0.22442
87	0.19053	0.01479	0.01282	0.01085	0.01437	0.19796	0.00861	0.12316	0.11235	0.20647	0.04472	0.01505	0.01191	0.00646	0.00503	0.00166	0.00596	0.00474	0.00481	0.00774

[dist]
# distance from previous block
# <min> <max>
0	1

[block]
# block no. 3 follows, 43 sequences, length 35
# corresponding to MSA columns:
# 222-256
name=unknown_D
#
# <colnr> <probs for GDERKNQSTAVLIFYWHMCP>
#	G	D	E	R	K	N	Q	S	T	A	V	L	I	F	Y	W	H	M	C	P
0	0.01104	0.00656	0.00886	0.00800	0.00993	0.00592	0.01944	0.01335	0.01471	0.15975	0.45444	0.13303	0.06259	0.01115	0.00639	0.00181	0.00333	0.03447	0.00591	0.02932
1	0.01111	0.02865	0.77667	0.01579	0.02397	0.01286	0.02046	0.01754	0.01169	0.01754	0.00994	0.01169	0.00702	0.00526	0.00526	0.00175	0.00818	0.00409	0.00234	0.00818
2	0.06483	0.00917	0.01125	0.00946	0.01199	0.00958	0.00761	0.11223	0.01512	0.23200	0.18924	0.05236	0.12134	0.00942	0.00760	0.00185	0.11515	0.00738	0.00540	0.00701
3	0.01137	0.01082	0.01329	0.01210	0.01271	0.06573	0.00959	0.04541	0.02712	0.01474	0.01511	0.24261	0.01644	0.01304	0.05105	0.00258	0.41900	0.00802	0.00348	0.00578
4	0.02271	0.01285	0.01498	0.01148	0.01585	0.01323	0.00948	0.43564	0.02159	0.35789	0.01703	0.01572	0.01129	0.00674	0.00555	0.00168	0.00549	0.00524	0.00611	0.00942
5	0.01167	0.00795	0.01136	0.00981	0.01203	0.00771	0.08018	0.03719	0.05857	0.14143	0.22926	0.19856	0.11618	0.01112	0.00689	0.00191	0.03670	0.00980	0.00538	0.00628
6	0.01181	0.17592	0.63552	0.01459	0.02213	0.01457	0.01839	0.01736	0.01161	0.01669	0.00952	0.01116	0.00703	0.00516	0.00494	0.00165	0.00776	0.00388	0.00234	0.00798
7	0.01175	0.01183	0.01906	0.25047	0.02368	0.01514	0.11657	0.01419	0.00991	0.01419	0.00860	0.01331	0.00746	0.00773	0.01273	0.00217	0.44732	0.00511	0.00249	0.00628
8	0.01149	0.01742	0.26481	0.08844	0.05719	0.01294	0.24108	0.01573	0.01154	0.01640	0.01195	0.08946	0.01045	0.00688	0.00768	0.00193	0.11848	0.00619	0.00279	0.00715
9	0.13866	0.01032	0.01254	0.00980	0.01390	0.00988	0.00808	0.12307	0.01632	0.54784	0.04030	0.01737	0.01316	0.00672	0.00529	0.00171	0.00478	0.00526	0.00617	0.00882
10	0.24745	0.01408	0.01254	0.01046	0.01405	0.13673	0.00840	0.21783	0.07062	0.14696	0.01334	0.01345	0.00963	0.00617	0.00478	0.00164	0.00566	0.00441	0.05411	0.00769
11	0.00776	0.00679	0.03185	0.11730	0.01270	0.00618	0.00684	0.01002	0.01316	0.01752	0.31280	0.17839	0.23377	0.01214	0.00645	0.00188	0.00362	0.01061	0.00504	0.00517
12	0.01311	0.24963	0.42457	0.01374	0.01998	0.06055	0.04518	0.01744	0.01188	0.03878	0.01021	0.03560	0.00823	0.00563	0.00515	0.00160	0.02423	0.00426	0.00262	0.00762
13	0.12099	0.01059	0.01260	0.01002	0.01396	0.01046	0.00819	0.14536	0.07799	0.46344	0.03840	0.03488	0.01385	0.00702	0.00537	0.00173	0.00478	0.00556	0.00607	0.00874
14	0.00798	0.00534	0.00606	0.00614	0.00616	0.00532	0.00346	0.00803	0.00821	0.01094	0.01823	0.08174	0.02112	0.75853	0.02693	0.00518	0.00524	0.00851	0.00346	0.00342
15	0.02067	0.01572	0.03875	0.01254	0.01690	0.06131	0.01049	0.56985	0.06919	0.10653	0.01434	0.01406	0.01010	0.00662	0.00551	0.00167	0.00614	0.00501	0.00542	0.00916
16	0.13461	0.01805	0.01571	0.01586	0.13503	0.30327	0.01091	0.16362	0.06027	0.03458	0.01067	0.01199	0.00839	0.00603	0.00569	0.00163	0.04828	0.00424	0.00366	0.00750
17	0.02125	0.00913	0.01201	0.00965	0.01335	0.00831	0.00780	0.02482	0.09651	0.58917	0.08122	0.06663	0.01844	0.00789	0.00574	0.00177	0.00442	0.00659	0.00656	0.00873
18	0.03783	0.01106	0.01358	0.25802	0.02118	0.03232	0.01042	0.21450	0.10182	0.04425	0.03917	0.10434	0.03566	0.04330	0.00671	0.00198	0.00577	0.00670	0.00435	0.00706
19	0.00805	0.00537	0.00604	0.00604	0.00604	0.00537	0.00336	0.00805	0.00805	0.01074	0.01745	0.03624	0.02013	0.80536	0.02819	0.00537	0.00537	0.00805	0.00336	0.00336
20	0.01111	0.02865	0.77667	0.01579	0.02397	0.01286	0.02046	0.01754	0.01169	0.01754	0.00994	0.01169	0.00702	0.00526	0.00526	0.00175	0.00818	0.00409	0.00234	0.00818
21	0.00694	0.00496	0.00664	0.00784	0.00827	0.00466	0.00539	0.00809	0.01099	0.01468	0.06563	0.71720	0.03707	0.01693	0.00708	0.00224	0.00331	0.06233	0.00518	0.00457
22	0.01148	0.00984	0.01148	0.00820	0.01312	0.00738	0.00656	0.01395	0.01148	0.01805	0.00984	0.01148	0.00820	0.00410	0.00410	0.00082	0.00410	0.00328	0.00328	0.83922
23	0.01453	0.01153	0.01844	0.01360	0.01826	0.01029	0.24089	0.07192	0.03345	0.13704	0.01405	0.06454	0.01126	0.00583	0.00543	0.00147	0.00594	0.00566	0.00404	0.31180
24	0.01129	0.06638	0.74050	0.01548	0.02350	0.01330	0.01993	0.01749	0.01167	0.01732	0.00983	0.01156	0.00702	0.00524	0.00518	0.00173	0.00808	0.00404	0.00234	0.00813
25	0.01349	0.01160	0.01228	0.01106	0.01411	0.01336	0.00859	0.02851	0.72477	0.02312	0.05860	0.02166	0.01862	0.00770	0.00568	0.00187	0.00430	0.00644	0.00566	0.00859
26	0.00674	0.00496	0.00632	0.00737	0.00795	0.00454	0.00500	0.00781	0.01103	0.01445	0.05168	0.66862	0.14982	0.01670	0.00698	0.00218	0.00314	0.01499	0.00516	0.00454
27	0.02002	0.03917	0.22505	0.01192	0.01729	0.01053	0.02656	0.05466	0.03698	0.47379	0.01758	0.01631	0.01147	0.00632	0.00544	0.00171	0.00585	0.00510	0.00530	0.00895
28	0.02358	0.00914	0.01244	0.00964	0.01370	0.00792	0.00792	0.02575	0.01584	0.71836	0.07766	0.02054	0.01659	0.00719	0.00564	0.00172	0.00456	0.00590	0.00680	0.00911
29	0.84448	0.01071	0.00814	0.00728	0.01071	0.01242	0.00600	0.01628	0.00943	0.02485	0.00771	0.00900	0.00600	0.00514	0.00343	0.00171	0.00428	0.00300	0.00343	0.00600
30	0.01448	0.74045	0.09443	0.01003	0.01507	0.02112	0.01044	0.01667	0.01129	0.01342	0.00790	0.00913	0.00710	0.00478	0.00370	0.00123	0.00612	0.00306	0.00237	0.00720
31	0.01127	0.05131	0.70921	0.03624	0.02421	0.01316	0.04440	0.01743	0.01171	0.01732	0.00991	0.01180	0.00707	0.00523	0.00526	0.00174	0.00813	0.00416	0.00236	0.00808
32	0.00869	0.00601	0.00771	0.00779	0.03359	0.00559	0.00538	0.01063	0.01361	0.05231	0.45517	0.06721	0.11517	0.15852	0.01051	0.00246	0.00345	0.02574	0.00536	0.00510
33	0.02188	0.00974	0.01260	0.00985	0.01372	0.00899	0.00806	0.12652	0.01726	0.56284	0.12762	0.02130	0.01863	0.00747	0.00570	0.00171	0.00461	0.00613	0.00656	0.00882
34	0.02345	0.00993	0.01299	0.01003	0.01417	0.00904	0.00826	0.11139	0.01704	0.64552	0.06259	0.01946	0.01536	0.00708	0.00562	0.00171	0.00476	0.00575	0.00666	0.00919

[dist]
# distance from previous block
# <min> <max>
0	1

[block]
# block no. 4 follows, 43 sequences, length 7
# corresponding to MSA columns:
# 258-264
name=unknown_E
#
# <colnr> <probs for GDERKNQSTAVLIFYWHMCP>
#	G	D	E	R	K	N	Q	S	T	A	V	L	I	F	Y	W	H	M	C	P
0	0.09374	0.01447	0.01414	0.01166	0.01544	0.09263	0.00936	0.31937	0.24396	0.10396	0.01597	0.01536	0.01157	0.00670	0.00533	0.00171	0.00567	0.00511	0.00524	0.00861
1	0.00667	0.00511	0.00613	0.00694	0.00783	0.00456	0.00480	0.00780	0.01134	0.01444	0.03990	0.52734	0.30498	0.01613	0.00688	0.00211	0.00306	0.01426	0.00514	0.00456
2	0.02133	0.00865	0.01172	0.00926	0.01292	0.00754	0.00754	0.02357	0.01582	0.61891	0.17627	0.02351	0.02169	0.00778	0.00577	0.00172	0.00428	0.00649	0.00670	0.00856
3	0.01162	0.00887	0.01071	0.05208	0.01343	0.00716	0.00674	0.01396	0.01229	0.08606	0.06439	0.02086	0.13333	0.00646	0.00486	0.00118	0.00404	0.00534	0.00403	0.53257
4	0.01416	0.00992	0.01391	0.01106	0.01449	0.00957	0.10866	0.06195	0.15775	0.16658	0.24387	0.02425	0.02432	0.00769	0.00583	0.00166	0.00465	0.00687	0.00533	0.10746
5	0.16679	0.01142	0.05548	0.01052	0.01414	0.01094	0.05412	0.09707	0.15510	0.15760	0.14511	0.04257	0.01888	0.00742	0.00540	0.00175	0.00478	0.00614	0.00508	0.02970
6	0.12482	0.01167	0.01700	0.01304	0.01728	0.01155	0.19339	0.06591	0.15054	0.20146	0.04732	0.01683	0.01280	0.00612	0.00544	0.00170	0.00569	0.00554	0.00472	0.08718

[dist]
# distance from previous block
# <min> <max>
6	12

[block]
# block no. 5 follows, 43 sequences, length 17
# corresponding to MSA columns:
# 277-293
name=unknown_F
#
# <colnr> <probs for GDERKNQSTAVLIFYWHMCP>
#	G	D	E	R	K	N	Q	S	T	A	V	L	I	F	Y	W	H	M	C	P
0	0.01287	0.01728	0.30483	0.01588	0.09602	0.01083	0.12190	0.03371	0.01303	0.11688	0.03962	0.05566	0.10046	0.00711	0.00576	0.00176	0.00656	0.00633	0.00370	0.02981
1	0.01159	0.06403	0.61497	0.01441	0.02165	0.01238	0.01785	0.01714	0.01184	0.03938	0.01135	0.01483	0.00881	0.00581	0.00525	0.00170	0.00749	0.04833	0.00271	0.06850
2	0.01384	0.09066	0.51205	0.01369	0.02057	0.03660	0.01624	0.01875	0.01240	0.13218	0.01151	0.01247	0.00814	0.00538	0.00506	0.00161	0.00720	0.00414	0.00312	0.07438
3	0.01488	0.07936	0.19874	0.01111	0.01603	0.04102	0.01095	0.13385	0.04286	0.13048	0.03929	0.01873	0.09966	0.00680	0.00523	0.00155	0.00568	0.00536	0.00423	0.13420
4	0.01340	0.01746	0.27053	0.01407	0.05377	0.01166	0.07867	0.10878	0.05935	0.05178	0.02862	0.01372	0.00974	0.00538	0.00516	0.00149	0.00631	0.00456	0.00353	0.24201
5	0.05951	0.01534	0.25827	0.01195	0.01663	0.01014	0.06533	0.01845	0.09441	0.15106	0.19849	0.02224	0.03939	0.00742	0.00569	0.00177	0.00555	0.00633	0.00456	0.00748
6	0.01201	0.02297	0.50355	0.01365	0.01993	0.07293	0.01587	0.06124	0.01347	0.01901	0.12407	0.01611	0.01406	0.00622	0.00537	0.00166	0.00709	0.00494	0.00320	0.06265
7	0.01306	0.01389	0.07706	0.03042	0.62445	0.01266	0.06166	0.01652	0.01245	0.01779	0.01165	0.06151	0.01031	0.00570	0.00563	0.00170	0.00666	0.00563	0.00286	0.00839
8	0.01481	0.80869	0.02902	0.00948	0.01421	0.02191	0.00948	0.01658	0.01125	0.01303	0.00770	0.00888	0.00711	0.00474	0.00355	0.00118	0.00592	0.00296	0.00237	0.00711
9	0.01148	0.00984	0.01148	0.00820	0.01312	0.00738	0.00656	0.01395	0.01148	0.01805	0.00984	0.01148	0.00820	0.00410	0.00410	0.00082	0.00410	0.00328	0.00328	0.83922
10	0.00805	0.00537	0.00604	0.00604	0.00604	0.00537	0.00336	0.00805	0.00805	0.01074	0.01745	0.03624	0.02013	0.80536	0.02819	0.00537	0.00537	0.00805	0.00336	0.00336
11	0.02485	0.00943	0.01285	0.00985	0.01414	0.00814	0.00814	0.02699	0.01585	0.77465	0.02185	0.01885	0.01371	0.00685	0.00557	0.00171	0.00471	0.00557	0.00685	0.00943
