[name]
unknown

[dist]
# distance from previous block
# <min> <max>
28	180

[block]
# block no. 0 follows, 45 sequences, length 34
# corresponding to MSA columns:
# 204-237
name=unknown_A
#
# <colnr> <probs for GDERKNQSTAVLIFYWHMCP>
#	G	D	E	R	K	N	Q	S	T	A	V	L	I	F	Y	W	H	M	C	P
0	0.06175	0.05483	0.20885	0.01404	0.11723	0.01184	0.03032	0.06405	0.15780	0.04356	0.01562	0.01831	0.05082	0.10196	0.00776	0.00208	0.00580	0.00535	0.00362	0.02440
1	0.02823	0.05037	0.02965	0.04459	0.16669	0.02910	0.10083	0.21329	0.10203	0.02170	0.03030	0.05157	0.03890	0.00669	0.00568	0.00167	0.02148	0.01588	0.00398	0.03737
2	0.02738	0.04678	0.08877	0.01255	0.06910	0.02598	0.06014	0.09853	0.13449	0.05246	0.01409	0.02888	0.02844	0.00580	0.00493	0.00141	0.00530	0.01717	0.00384	0.27397
3	0.01554	0.07318	0.19615	0.05409	0.04295	0.07534	0.01178	0.13949	0.06876	0.14929	0.02651	0.06494	0.01167	0.00654	0.00519	0.00162	0.00610	0.00524	0.00408	0.04153
4	0.12876	0.03480	0.03074	0.01056	0.05171	0.03733	0.02546	0.03928	0.05063	0.14900	0.01394	0.06311	0.02526	0.00615	0.00514	0.00142	0.03446	0.00486	0.00399	0.28341
5	0.01349	0.02662	0.01321	0.00969	0.01409	0.00912	0.05536	0.04525	0.11785	0.11428	0.01322	0.02712	0.01030	0.00513	0.00460	0.00117	0.00451	0.00433	0.00400	0.50667
6	0.01015	0.00605	0.00799	0.00719	0.00890	0.00550	0.00550	0.01261	0.01522	0.13908	0.65843	0.03672	0.04487	0.01030	0.00619	0.00168	0.00285	0.00904	0.00602	0.00569
7	0.01124	0.01062	0.01773	0.52926	0.26819	0.01224	0.01516	0.01513	0.03948	0.01524	0.01017	0.01420	0.00792	0.00526	0.00535	0.00173	0.00680	0.00482	0.00259	0.00685
8	0.00661	0.00534	0.00590	0.00610	0.00757	0.00462	0.00451	0.00808	0.01227	0.01530	0.14055	0.18181	0.53101	0.01386	0.00647	0.00188	0.00284	0.03559	0.00510	0.00458
9	0.00746	0.00541	0.00702	0.00676	0.00797	0.00498	0.00502	0.00980	0.01465	0.02057	0.68228	0.10658	0.07818	0.01158	0.00638	0.00174	0.00259	0.01025	0.00579	0.00498
10	0.08247	0.01106	0.01320	0.01025	0.01434	0.01098	0.00845	0.24285	0.04466	0.47810	0.01775	0.01605	0.01162	0.00649	0.00524	0.00165	0.00492	0.00507	0.00598	0.00887
11	0.00682	0.00529	0.00621	0.00634	0.00764	0.00468	0.00462	0.00849	0.01283	0.01676	0.29892	0.21431	0.36103	0.01340	0.00645	0.00185	0.00274	0.01163	0.00530	0.00468
12	0.00808	0.00559	0.00717	0.00672	0.00803	0.00514	0.00499	0.01037	0.01458	0.04520	0.66371	0.03971	0.08719	0.06092	0.00761	0.00191	0.00278	0.00954	0.00572	0.00506
13	0.79694	0.01147	0.05629	0.00757	0.01118	0.01207	0.00669	0.01586	0.00927	0.02364	0.00761	0.00888	0.00587	0.00499	0.00343	0.00166	0.00439	0.00297	0.00326	0.00595
14	0.01298	0.17954	0.37560	0.01610	0.10896	0.02730	0.05943	0.01710	0.01151	0.06496	0.00984	0.01166	0.00754	0.00537	0.00588	0.00163	0.07019	0.00413	0.00264	0.00764
15	0.68474	0.06405	0.02420	0.00787	0.01138	0.05500	0.00667	0.01675	0.00999	0.06763	0.00837	0.00938	0.00641	0.00509	0.00357	0.00161	0.00465	0.00310	0.00340	0.00614
16	0.02000	0.01419	0.05535	0.01181	0.01615	0.01436	0.01009	0.50602	0.09047	0.18271	0.01521	0.01454	0.01051	0.00649	0.00537	0.00164	0.00559	0.00501	0.00547	0.00901
17	0.00890	0.00618	0.00758	0.00714	0.00869	0.00585	0.00533	0.02789	0.06120	0.06343	0.45695	0.11619	0.15062	0.04126	0.00704	0.00189	0.00302	0.00986	0.00558	0.00538
18	0.02039	0.01543	0.01608	0.01241	0.01664	0.04562	0.01021	0.73229	0.02486	0.03305	0.01272	0.01277	0.00905	0.00641	0.00535	0.00160	0.00605	0.00478	0.00527	0.00902
19	0.01143	0.00972	0.01129	0.00809	0.01285	0.00746	0.00648	0.03752	0.01158	0.01802	0.00965	0.01119	0.00799	0.00405	0.00402	0.00082	0.00404	0.00323	0.00325	0.81731
20	0.00660	0.00477	0.00613	0.00719	0.00761	0.00443	0.00479	0.00752	0.01030	0.01356	0.03101	0.68980	0.10141	0.06760	0.00812	0.00234	0.00321	0.01443	0.00487	0.00430
21	0.01424	0.01479	0.02160	0.02929	0.60523	0.12790	0.07482	0.01727	0.01270	0.01686	0.00989	0.01285	0.00824	0.00487	0.00533	0.00158	0.00708	0.00471	0.00268	0.00806
22	0.12067	0.12419	0.05776	0.01086	0.01499	0.06789	0.00948	0.38978	0.01831	0.03960	0.01132	0.01198	0.00847	0.00579	0.00465	0.00149	0.00573	0.00415	0.05781	0.03508
23	0.01828	0.01143	0.01247	0.01053	0.01402	0.06097	0.00836	0.02708	0.40419	0.34009	0.02070	0.01863	0.01448	0.00690	0.00540	0.00173	0.00473	0.00562	0.00578	0.00862
24	0.01402	0.01115	0.01256	0.00940	0.01388	0.01022	0.00759	0.21145	0.08205	0.03718	0.01174	0.01252	0.00911	0.00497	0.00450	0.00112	0.00452	0.00391	0.00403	0.53406
25	0.00932	0.00466	0.00699	0.00699	0.00699	0.00466	0.00466	0.00699	0.00699	0.00932	0.00932	0.01632	0.00932	0.01865	0.02098	0.84382	0.00466	0.00466	0.00233	0.00233
26	0.01033	0.03266	0.45529	0.02736	0.01964	0.01123	0.08193	0.03091	0.01138	0.01640	0.02678	0.16363	0.01333	0.00831	0.02117	0.00196	0.05126	0.00651	0.00297	0.00694
27	0.01207	0.24638	0.43966	0.01454	0.02089	0.01523	0.11763	0.01661	0.01128	0.01565	0.00909	0.01101	0.00702	0.00504	0.00527	0.00158	0.03721	0.00401	0.00234	0.00747
28	0.00760	0.00549	0.00718	0.00675	0.00802	0.00506	0.00506	0.01013	0.01519	0.02153	0.77503	0.04010	0.05065	0.01097	0.00633	0.00169	0.00253	0.00971	0.00591	0.00506
29	0.00852	0.00608	0.00850	0.00974	0.01091	0.00607	0.00842	0.01089	0.01223	0.01592	0.02849	0.10719	0.03118	0.01495	0.00738	0.00245	0.00483	0.69640	0.00495	0.00491
30	0.00821	0.00715	0.00939	0.17779	0.01500	0.04924	0.02396	0.00987	0.01086	0.01384	0.02523	0.51625	0.07337	0.01324	0.00639	0.00203	0.00448	0.02456	0.00425	0.00489
31	0.01174	0.01174	0.01644	0.01409	0.01409	0.01644	0.01174	0.01292	0.00822	0.01292	0.00705	0.01174	0.00705	0.00940	0.01762	0.00235	0.80153	0.00470	0.00235	0.00587
32	0.01279	0.01089	0.01172	0.01080	0.01362	0.01250	0.00851	0.02645	0.67820	0.02169	0.02263	0.02485	0.01811	0.00818	0.00569	0.00190	0.00433	0.09364	0.00540	0.00807
33	0.02183	0.00896	0.01210	0.02777	0.01373	0.00799	0.00783	0.05027	0.01559	0.65436	0.10258	0.02036	0.01706	0.00708	0.00550	0.00167	0.00445	0.00583	0.00642	0.00862

[dist]
# distance from previous block
# <min> <max>
0	36

[block]
# block no. 1 follows, 45 sequences, length 8
# corresponding to MSA columns:
# 274-281
name=unknown_B
#
# <colnr> <probs for GDERKNQSTAVLIFYWHMCP>
#	G	D	E	R	K	N	Q	S	T	A	V	L	I	F	Y	W	H	M	C	P
0	0.01334	0.08545	0.11427	0.11720	0.28275	0.10085	0.15699	0.01716	0.03103	0.01614	0.00998	0.01276	0.00794	0.00497	0.00528	0.00162	0.00743	0.00470	0.00264	0.00749
1	0.05259	0.00990	0.01625	0.68292	0.10899	0.01201	0.01461	0.01409	0.01080	0.01461	0.00949	0.01393	0.00722	0.00529	0.00526	0.00176	0.00693	0.00468	0.00246	0.00621
2	0.00663	0.00490	0.00624	0.00726	0.00789	0.00450	0.00505	0.00774	0.01075	0.01399	0.03386	0.62989	0.16493	0.01613	0.00680	0.00213	0.00316	0.05876	0.00498	0.00443
3	0.15942	0.01197	0.01871	0.11549	0.55910	0.01254	0.01443	0.01604	0.01151	0.01825	0.00957	0.01260	0.00788	0.00488	0.00497	0.00163	0.00608	0.00445	0.00274	0.00774
4	0.00894	0.00483	0.00691	0.00691	0.00697	0.00490	0.00456	0.00731	0.00725	0.00973	0.01100	0.01994	0.01139	0.15904	0.07484	0.63959	0.00542	0.00529	0.00253	0.00266
5	0.00798	0.00616	0.00736	0.00694	0.00853	0.00589	0.00524	0.01169	0.10020	0.02009	0.53098	0.04035	0.20608	0.01113	0.00624	0.00173	0.00277	0.00965	0.00566	0.00534
6	0.07417	0.75696	0.02668	0.00903	0.01353	0.02058	0.00894	0.01605	0.01078	0.01345	0.00746	0.00862	0.00681	0.00462	0.00344	0.00118	0.00563	0.00287	0.00237	0.00681
7	0.04009	0.06138	0.49793	0.01331	0.01964	0.01252	0.01550	0.01998	0.14432	0.10494	0.01291	0.01343	0.00919	0.00563	0.00506	0.00169	0.00667	0.00441	0.00336	0.00805

[dist]
# distance from previous block
# <min> <max>
0	1

[block]
# block no. 2 follows, 45 sequences, length 16
# corresponding to MSA columns:
# 283-298
name=unknown_C
#
# <colnr> <probs for GDERKNQSTAVLIFYWHMCP>
#	G	D	E	R	K	N	Q	S	T	A	V	L	I	F	Y	W	H	M	C	P
0	0.58324	0.04368	0.11827	0.00907	0.01310	0.07197	0.00846	0.04166	0.01071	0.04662	0.00846	0.00960	0.00643	0.00513	0.00383	0.00162	0.00524	0.00324	0.00327	0.00640
1	0.00760	0.00545	0.00709	0.00712	0.00769	0.00581	0.00492	0.00859	0.00857	0.01172	0.01883	0.05225	0.07156	0.38349	0.36911	0.00642	0.00910	0.00735	0.00326	0.00407
2	0.01089	0.02691	0.73512	0.01577	0.02354	0.01254	0.06740	0.01701	0.01142	0.01701	0.00971	0.01154	0.00689	0.00506	0.00518	0.00171	0.00801	0.00412	0.00230	0.00789
3	0.00848	0.00606	0.00846	0.00969	0.01085	0.00603	0.00836	0.01083	0.01219	0.01588	0.02851	0.12043	0.03126	0.01499	0.00737	0.00245	0.00480	0.68353	0.00495	0.00490
4	0.00745	0.02592	0.00797	0.03679	0.00947	0.00610	0.00589	0.00882	0.01111	0.01488	0.14299	0.47522	0.10991	0.03052	0.00777	0.00211	0.05992	0.02772	0.00474	0.00470
5	0.00760	0.00549	0.00718	0.00675	0.00802	0.00506	0.00506	0.01013	0.01519	0.02153	0.77503	0.04010	0.05065	0.01097	0.00633	0.00169	0.00253	0.00971	0.00591	0.00506
6	0.00770	0.00519	0.00600	0.00608	0.00617	0.00518	0.00353	0.00789	0.00822	0.01102	0.03834	0.09398	0.02141	0.70666	0.04717	0.00498	0.00524	0.00837	0.00345	0.00343
7	0.01593	0.07840	0.01447	0.01118	0.01465	0.06533	0.00899	0.17514	0.46246	0.06776	0.01793	0.01687	0.01334	0.00674	0.00523	0.00169	0.00508	0.00535	0.00508	0.00838
8	0.01408	0.75438	0.08593	0.00965	0.01450	0.02057	0.01000	0.01614	0.01094	0.01296	0.00763	0.00882	0.00688	0.00463	0.00357	0.00119	0.00591	0.00295	0.00229	0.00697
9	0.03566	0.04905	0.20743	0.01683	0.13751	0.40374	0.01353	0.04598	0.01386	0.01577	0.00903	0.01072	0.00719	0.00530	0.00492	0.00150	0.00834	0.00381	0.00272	0.00712
10	0.01184	0.00763	0.00868	0.00775	0.00974	0.00753	0.00581	0.16411	0.01439	0.10467	0.07849	0.15246	0.19242	0.13243	0.00910	0.00227	0.00399	0.00880	0.07205	0.00584
11	0.00901	0.00660	0.00773	0.00729	0.00868	0.00670	0.01820	0.06201	0.03912	0.01718	0.09466	0.15466	0.22337	0.10205	0.00884	0.00215	0.04857	0.00906	0.16902	0.00508
12	0.04912	0.08292	0.04804	0.11897	0.07350	0.09018	0.16459	0.03629	0.05000	0.01666	0.05219	0.11347	0.02738	0.00706	0.00563	0.00169	0.01799	0.00636	0.00335	0.03461
13	0.01870	0.01385	0.04117	0.01251	0.01603	0.02779	0.03530	0.40067	0.01962	0.12076	0.04314	0.01742	0.01274	0.02465	0.03546	0.00224	0.08241	0.00559	0.06136	0.00859
14	0.09602	0.11891	0.10373	0.01381	0.05533	0.30037	0.04285	0.12076	0.04255	0.01813	0.00956	0.01092	0.00759	0.00555	0.00515	0.00152	0.03312	0.00390	0.00314	0.00709
15	0.15498	0.44636	0.08562	0.06577	0.01616	0.04814	0.02873	0.03030	0.03905	0.02946	0.00878	0.01012	0.00725	0.00496	0.00397	0.00139	0.00592	0.00341	0.00275	0.00685

[dist]
# distance from previous block
# <min> <max>
1	11

[block]
# block no. 3 follows, 45 sequences, length 22
# corresponding to MSA columns:
# 311-332
name=unknown_D
#
# <colnr> <probs for GDERKNQSTAVLIFYWHMCP>
#	G	D	E	R	K	N	Q	S	T	A	V	L	I	F	Y	W	H	M	C	P
0	0.00736	0.00723	0.08100	0.00823	0.00949	0.00550	0.00651	0.02758	0.01116	0.01510	0.08056	0.63343	0.05658	0.01492	0.00659	0.00207	0.00359	0.01340	0.00480	0.00488
1	0.05107	0.07096	0.01375	0.08503	0.01540	0.08602	0.01678	0.18690	0.05664	0.13049	0.01509	0.08125	0.01293	0.08427	0.00769	0.00201	0.03060	0.01536	0.03080	0.00695
2	0.01212	0.11842	0.04384	0.20011	0.07533	0.03816	0.14571	0.04442	0.01154	0.01562	0.01074	0.04422	0.00917	0.00728	0.03157	0.00194	0.11977	0.00518	0.05833	0.00652
3	0.02050	0.00941	0.01178	0.00935	0.01298	0.00894	0.00762	0.10888	0.08140	0.51311	0.04378	0.01871	0.01432	0.00677	0.00523	0.00162	0.00438	0.00548	0.10729	0.00845
4	0.01483	0.71337	0.04781	0.00982	0.01432	0.09829	0.00960	0.01664	0.01135	0.01280	0.00761	0.00879	0.00689	0.00470	0.00363	0.00119	0.00620	0.00296	0.00234	0.00685
5	0.00716	0.00560	0.00659	0.00688	0.00839	0.00504	0.00545	0.00899	0.01271	0.01611	0.17426	0.08206	0.42870	0.01357	0.00663	0.00197	0.00327	0.19675	0.00514	0.00472
6	0.00831	0.00516	0.00693	0.00778	0.00849	0.00478	0.00542	0.00942	0.01085	0.08738	0.02873	0.70050	0.03318	0.01576	0.00674	0.00214	0.00333	0.04512	0.00514	0.00484
7	0.00728	0.00535	0.00683	0.00681	0.00797	0.00490	0.00503	0.00938	0.01386	0.01910	0.53084	0.18107	0.13591	0.01246	0.00646	0.00181	0.00273	0.03172	0.00560	0.00487
8	0.06858	0.02993	0.00860	0.00776	0.00960	0.11897	0.00590	0.01176	0.03383	0.01674	0.21353	0.10527	0.30490	0.01096	0.00618	0.00174	0.02691	0.00901	0.00464	0.00519
9	0.00727	0.00542	0.00675	0.00653	0.00784	0.00491	0.00486	0.00944	0.01424	0.01953	0.57424	0.09657	0.19876	0.01192	0.00637	0.00175	0.00261	0.01043	0.00565	0.00491
10	0.11754	0.00994	0.01235	0.00958	0.01366	0.00935	0.00791	0.10749	0.01577	0.61134	0.01869	0.01658	0.01197	0.00643	0.00516	0.00166	0.00467	0.00505	0.00612	0.00876
11	0.00726	0.00540	0.00675	0.00656	0.00785	0.00490	0.00487	0.00942	0.01417	0.01944	0.56671	0.11222	0.19061	0.01202	0.00638	0.00176	0.00262	0.01053	0.00564	0.00490
12	0.07303	0.01324	0.01429	0.10605	0.04735	0.10216	0.04228	0.07346	0.40198	0.02052	0.01582	0.01612	0.01201	0.00649	0.00564	0.00175	0.03063	0.00523	0.00431	0.00765
13	0.04728	0.14006	0.01762	0.01483	0.10392	0.44150	0.01064	0.09946	0.04702	0.01657	0.00942	0.01069	0.00770	0.00546	0.00472	0.00142	0.00788	0.00376	0.00310	0.00698
14	0.01219	0.01470	0.12299	0.01808	0.04678	0.01196	0.43138	0.05709	0.01323	0.01855	0.08384	0.01598	0.01208	0.00526	0.00579	0.00164	0.00739	0.00582	0.00317	0.11208
15	0.07435	0.21416	0.46309	0.01354	0.03799	0.02707	0.03224	0.01715	0.01136	0.04953	0.00947	0.01088	0.00710	0.00502	0.00461	0.00156	0.00700	0.00375	0.00257	0.00755
16	0.01821	0.01314	0.01437	0.01130	0.01517	0.01425	0.00922	0.52913	0.10927	0.07589	0.08732	0.01658	0.01415	0.00689	0.00542	0.00161	0.00523	0.00541	0.00542	0.04200
17	0.00947	0.00593	0.00762	0.00694	0.00862	0.00535	0.00530	0.01181	0.01487	0.11355	0.59961	0.03877	0.12994	0.01075	0.00622	0.00170	0.00280	0.00937	0.00589	0.00550
18	0.03439	0.05348	0.22428	0.01877	0.18662	0.13551	0.11236	0.09055	0.01361	0.01805	0.01097	0.03834	0.00910	0.00575	0.00529	0.00164	0.00740	0.02338	0.00298	0.00753
19	0.00964	0.00560	0.00936	0.00849	0.00901	0.00552	0.07688	0.00797	0.00754	0.01008	0.00947	0.01614	0.00921	0.01729	0.01958	0.76315	0.00508	0.00482	0.00237	0.00280
20	0.00649	0.00518	0.00581	0.00621	0.00748	0.00451	0.00444	0.00777	0.01176	0.01466	0.09018	0.30608	0.48152	0.01452	0.00651	0.00193	0.00284	0.01256	0.00504	0.00451
21	0.02427	0.01375	0.03502	0.06329	0.04687	0.09518	0.43463	0.01569	0.01245	0.01617	0.02939	0.07833	0.05904	0.00667	0.00641	0.00181	0.03058	0.02078	0.00311	0.00657

[dist]
# distance from previous block
# <min> <max>
0	1

[block]
# block no. 4 follows, 45 sequences, length 25
# corresponding to MSA columns:
# 334-358
name=unknown_E
#
# <colnr> <probs for GDERKNQSTAVLIFYWHMCP>
#	G	D	E	R	K	N	Q	S	T	A	V	L	I	F	Y	W	H	M	C	P
0	0.02715	0.01434	0.03560	0.10532	0.05484	0.14600	0.02372	0.13351	0.22798	0.04657	0.01503	0.01683	0.02390	0.00667	0.00584	0.00169	0.04017	0.03047	0.00411	0.04024
1	0.01853	0.02092	0.01439	0.01321	0.03084	0.57271	0.00989	0.04143	0.01447	0.07594	0.01021	0.01197	0.00831	0.00992	0.09974	0.00231	0.03166	0.00399	0.00315	0.00641
2	0.04200	0.01284	0.01379	0.01099	0.01462	0.01403	0.00893	0.56074	0.04689	0.05078	0.01650	0.07962	0.04178	0.00755	0.00538	0.00165	0.00522	0.00594	0.05254	0.00821
3	0.05282	0.02713	0.11825	0.03553	0.25521	0.02941	0.22198	0.08904	0.01335	0.03275	0.02762	0.02912	0.00954	0.00548	0.00584	0.00170	0.02916	0.00529	0.00309	0.00768
4	0.01834	0.06739	0.01597	0.01346	0.04569	0.39950	0.01020	0.20387	0.10871	0.01967	0.02493	0.01240	0.00947	0.00605	0.00525	0.00151	0.02225	0.00427	0.00375	0.00732
5	0.00703	0.00561	0.00631	0.00611	0.00773	0.00497	0.00459	0.00921	0.03204	0.01757	0.34885	0.04614	0.45995	0.01237	0.00632	0.00176	0.00268	0.01054	0.00538	0.00485
6	0.04218	0.01207	0.06656	0.04637	0.08220	0.00987	0.08587	0.08073	0.01256	0.01896	0.00995	0.01188	0.00793	0.00449	0.00457	0.00117	0.00528	0.00390	0.00319	0.49026
7	0.01898	0.02300	0.01474	0.01332	0.01617	0.64190	0.01006	0.04360	0.13758	0.01524	0.01063	0.01145	0.00851	0.00584	0.00496	0.00146	0.00869	0.00392	0.00328	0.00667
8	0.00735	0.00589	0.00726	0.07063	0.01035	0.00556	0.00576	0.00954	0.02625	0.01676	0.26397	0.10668	0.36260	0.01238	0.00637	0.00185	0.00325	0.06758	0.00506	0.00490
9	0.00658	0.00539	0.00573	0.00575	0.00733	0.00462	0.00423	0.00802	0.01234	0.01523	0.14691	0.09313	0.60738	0.04464	0.00719	0.00195	0.00281	0.01120	0.00504	0.00454
10	0.01127	0.00622	0.00635	0.00589	0.00751	0.00641	0.00453	0.10313	0.01295	0.02169	0.01695	0.01915	0.01320	0.00628	0.00395	0.00129	0.00291	0.00498	0.73982	0.00550
11	0.00774	0.00518	0.00587	0.00594	0.00595	0.00516	0.00334	0.00779	0.00793	0.01057	0.01755	0.07418	0.02032	0.77120	0.02629	0.00505	0.00510	0.00818	0.00334	0.00331
12	0.01312	0.49005	0.23536	0.01246	0.01794	0.01787	0.09392	0.01637	0.01114	0.01433	0.00842	0.01008	0.00701	0.00485	0.00459	0.00140	0.02798	0.00360	0.00234	0.00719
13	0.02041	0.01504	0.01611	0.01235	0.01665	0.01665	0.01020	0.75997	0.02524	0.03383	0.01289	0.01289	0.00913	0.00644	0.00537	0.00161	0.00591	0.00483	0.00537	0.00913
14	0.01949	0.02857	0.01530	0.01171	0.01566	0.01518	0.00961	0.57023	0.08314	0.10823	0.01438	0.01466	0.01041	0.03355	0.00634	0.00176	0.02265	0.00505	0.00532	0.00877
15	0.01292	0.07512	0.01339	0.02641	0.01386	0.00964	0.02311	0.11502	0.01322	0.05675	0.01222	0.06928	0.01068	0.00566	0.00454	0.00115	0.00454	0.01885	0.00371	0.50992
16	0.06459	0.17315	0.05991	0.01111	0.01497	0.20333	0.00956	0.11391	0.07860	0.17326	0.01322	0.03930	0.01017	0.00616	0.00480	0.00152	0.00631	0.00452	0.00409	0.00751
17	0.00799	0.00581	0.00757	0.00809	0.00882	0.00569	0.01977	0.06874	0.01136	0.01515	0.02653	0.62027	0.03103	0.09720	0.00884	0.00245	0.00374	0.04145	0.00479	0.00471
18	0.07893	0.01147	0.10912	0.10707	0.07934	0.01003	0.05122	0.05798	0.08323	0.04284	0.14578	0.07919	0.04201	0.00830	0.00570	0.00181	0.00524	0.06999	0.00415	0.00660
19	0.01897	0.02330	0.01471	0.01336	0.01617	0.66391	0.01007	0.02258	0.13730	0.01465	0.01049	0.01136	0.00845	0.00582	0.00494	0.00145	0.00880	0.00388	0.00320	0.00659
20	0.01236	0.01148	0.01949	0.17887	0.57221	0.01194	0.01522	0.01517	0.01151	0.01613	0.00993	0.01373	0.00831	0.00602	0.00659	0.06980	0.00639	0.00477	0.00258	0.00751
21	0.00654	0.00467	0.00623	0.00747	0.00779	0.00436	0.00498	0.00747	0.01028	0.01370	0.02959	0.80785	0.03550	0.01682	0.00685	0.00218	0.00311	0.01526	0.00498	0.00436
22	0.84927	0.01038	0.00789	0.00706	0.01038	0.01204	0.00581	0.01578	0.00914	0.02408	0.00747	0.00872	0.00581	0.00498	0.00332	0.00166	0.00415	0.00291	0.00332	0.00581
23	0.78197	0.01076	0.00856	0.00749	0.01089	0.01242	0.00617	0.07621	0.01044	0.02488	0.00791	0.00906	0.00608	0.00510	0.00349	0.00166	0.00429	0.00306	0.00349	0.00608
24	0.01375	0.01050	0.01178	0.03441	0.01348	0.01146	0.00807	0.32149	0.14906	0.02424	0.08207	0.12322	0.08577	0.01117	0.05841	0.00222	0.00525	0.00743	0.01902	0.00721

[dist]
# distance from previous block
# <min> <max>
7	23

[block]
# block no. 5 follows, 45 sequences, length 53
# corresponding to MSA columns:
# 382-434
name=unknown_F
#
# <colnr> <probs for GDERKNQSTAVLIFYWHMCP>
#	G	D	E	R	K	N	Q	S	T	A	V	L	I	F	Y	W	H	M	C	P
0	0.01310	0.08879	0.01299	0.12160	0.01571	0.01076	0.00871	0.08760	0.16658	0.12179	0.03556	0.16384	0.04546	0.00927	0.00571	0.00183	0.00478	0.07434	0.00472	0.00685
1	0.01665	0.07931	0.04595	0.02151	0.35196	0.25010	0.01309	0.06235	0.01402	0.08008	0.01041	0.01214	0.00827	0.00526	0.00503	0.00151	0.00721	0.00426	0.00314	0.00775
2	0.01146	0.11429	0.60702	0.01652	0.09701	0.01350	0.03432	0.01685	0.01140	0.01657	0.00946	0.01129	0.00701	0.00500	0.00496	0.00163	0.00756	0.00398	0.00232	0.00786
3	0.10226	0.01288	0.01420	0.01167	0.03850	0.01392	0.00924	0.45164	0.08590	0.15362	0.04204	0.01498	0.01160	0.00652	0.00521	0.00164	0.00526	0.00502	0.00532	0.00858
4	0.01193	0.00887	0.04766	0.01075	0.06531	0.00812	0.00819	0.04850	0.11306	0.13576	0.13828	0.12382	0.08861	0.01203	0.05112	0.00227	0.00485	0.10929	0.00504	0.00654
5	0.01152	0.08317	0.57113	0.01793	0.13796	0.01322	0.05789	0.01686	0.01151	0.01677	0.00961	0.01160	0.00714	0.00498	0.00508	0.00165	0.00759	0.00414	0.00235	0.00791
6	0.00773	0.00578	0.00721	0.00680	0.00822	0.00541	0.00511	0.01073	0.05171	0.02071	0.64974	0.04053	0.13792	0.01111	0.00629	0.00171	0.00264	0.00973	0.00577	0.00517
7	0.00974	0.00640	0.02100	0.00766	0.00925	0.00573	0.00584	0.01233	0.04772	0.11875	0.36609	0.25673	0.07340	0.01201	0.00632	0.00185	0.00319	0.02481	0.00559	0.00557
8	0.04348	0.08002	0.04233	0.11560	0.32089	0.03135	0.20196	0.06824	0.01289	0.01785	0.01005	0.01300	0.00799	0.00492	0.00534	0.00164	0.00709	0.00490	0.00282	0.00763
9	0.01276	0.01034	0.01120	0.01024	0.01291	0.01164	0.00787	0.05091	0.57591	0.04939	0.02363	0.14087	0.04105	0.00887	0.00569	0.00186	0.00410	0.00756	0.00542	0.00780
10	0.00731	0.00548	0.00678	0.00646	0.00785	0.00494	0.00484	0.00958	0.01453	0.01994	0.61201	0.04271	0.21466	0.01157	0.00633	0.00172	0.00257	0.01007	0.00570	0.00494
11	0.08431	0.01362	0.06704	0.01113	0.01484	0.01386	0.00945	0.44759	0.10490	0.02714	0.01421	0.04389	0.01145	0.07001	0.04037	0.00224	0.00592	0.00540	0.00471	0.00790
12	0.04858	0.18207	0.36581	0.01458	0.05652	0.18361	0.04462	0.01771	0.01210	0.01562	0.00889	0.01054	0.00694	0.00505	0.00470	0.00152	0.00769	0.00373	0.00246	0.00726
13	0.02408	0.00914	0.01246	0.00955	0.01370	0.00789	0.00789	0.02616	0.01536	0.78158	0.02118	0.01827	0.01329	0.00664	0.00540	0.00166	0.00457	0.00540	0.00664	0.00914
14	0.00932	0.00466	0.00699	0.00699	0.00699	0.00466	0.00466	0.00699	0.00699	0.00932	0.00932	0.01632	0.00932	0.01865	0.02098	0.84382	0.00466	0.00466	0.00233	0.00233
15	0.01334	0.20531	0.38572	0.01345	0.03586	0.07911	0.02781	0.07844	0.01287	0.03422	0.01133	0.02527	0.02488	0.00576	0.00487	0.00157	0.00705	0.02281	0.00286	0.00747
16	0.01014	0.00954	0.01610	0.79845	0.03697	0.01193	0.01491	0.01371	0.01073	0.01371	0.00954	0.01431	0.00716	0.00537	0.00537	0.00179	0.00716	0.00477	0.00239	0.00596
17	0.01170	0.01156	0.01635	0.12523	0.08779	0.05056	0.03872	0.01363	0.00957	0.01383	0.00883	0.01329	0.00798	0.01042	0.07544	0.00260	0.45994	0.00481	0.03168	0.00608
18	0.02011	0.02371	0.01537	0.01357	0.01660	0.65212	0.01034	0.15295	0.01700	0.01682	0.00911	0.01025	0.00731	0.00569	0.00493	0.00142	0.00901	0.00370	0.00323	0.00674
19	0.02031	0.01459	0.01576	0.01215	0.01638	0.01606	0.01001	0.69219	0.05473	0.07233	0.01368	0.01346	0.00964	0.00649	0.00538	0.00162	0.00577	0.00491	0.00544	0.00910
20	0.01452	0.79159	0.02775	0.00932	0.01386	0.04363	0.00922	0.01623	0.01103	0.01264	0.00749	0.00864	0.00689	0.00462	0.00348	0.00115	0.00586	0.00289	0.00231	0.00687
21	0.01482	0.74918	0.02706	0.00957	0.01401	0.08495	0.00928	0.01652	0.01126	0.01267	0.00753	0.00870	0.00689	0.00467	0.00356	0.00117	0.00607	0.00292	0.00234	0.00683
22	0.00656	0.00545	0.00574	0.00567	0.00739	0.00463	0.00425	0.00813	0.01276	0.01574	0.18110	0.04963	0.64819	0.01313	0.00634	0.00179	0.00269	0.01104	0.00515	0.00463
23	0.01024	0.00928	0.01538	0.70516	0.06106	0.01138	0.01404	0.01371	0.01083	0.01437	0.01022	0.01475	0.00775	0.00542	0.00523	0.00174	0.00674	0.00479	0.07192	0.00597
24	0.00781	0.00520	0.00585	0.00585	0.00585	0.00520	0.00325	0.00781	0.00781	0.01041	0.01691	0.03513	0.01952	0.81135	0.02732	0.00520	0.00520	0.00781	0.00325	0.00325
25	0.01248	0.00615	0.00683	0.00621	0.00804	0.00602	0.00480	0.05194	0.01276	0.13687	0.05521	0.03867	0.01577	0.00680	0.00428	0.00137	0.00300	0.00552	0.61145	0.00583
26	0.00652	0.00474	0.00616	0.00730	0.00774	0.00437	0.00491	0.00749	0.01044	0.01377	0.03167	0.74417	0.09784	0.01655	0.00681	0.00215	0.00308	0.01493	0.00498	0.00437
27	0.00654	0.00467	0.00623	0.00747	0.00779	0.00436	0.00498	0.00747	0.01028	0.01370	0.02959	0.80785	0.03550	0.01682	0.00685	0.00218	0.00311	0.01526	0.00498	0.00436
28	0.00750	0.00546	0.00706	0.00670	0.00797	0.00502	0.00501	0.00993	0.01491	0.02095	0.71735	0.06026	0.08921	0.01126	0.00635	0.00171	0.00256	0.00994	0.00584	0.00502
29	0.00658	0.00530	0.00587	0.00605	0.00748	0.00458	0.00441	0.00805	0.01233	0.01547	0.16503	0.19708	0.51535	0.01380	0.00644	0.00186	0.00277	0.01183	0.00513	0.00458
30	0.00656	0.00545	0.00574	0.00566	0.00738	0.00462	0.00425	0.00812	0.01274	0.01571	0.17807	0.04968	0.65124	0.01314	0.00634	0.00179	0.00269	0.01105	0.00514	0.00462
31	0.01918	0.14600	0.01718	0.01312	0.01616	0.67250	0.01019	0.02062	0.01455	0.01306	0.00817	0.00952	0.00691	0.00539	0.00463	0.00135	0.00908	0.00337	0.00269	0.00632
32	0.08195	0.01061	0.01296	0.01004	0.01414	0.01028	0.00828	0.19267	0.03142	0.54275	0.01832	0.01640	0.01187	0.00649	0.00524	0.00165	0.00484	0.00510	0.00609	0.00888
33	0.00767	0.00575	0.00863	0.00863	0.00959	0.00671	0.00671	0.00959	0.00863	0.01246	0.01438	0.02109	0.01342	0.04026	0.79008	0.00863	0.01438	0.00575	0.00288	0.00479
34	0.00662	0.00542	0.00584	0.00579	0.00743	0.00464	0.00432	0.00823	0.01282	0.01601	0.21093	0.07249	0.59456	0.01312	0.00636	0.00180	0.00269	0.01110	0.00519	0.00464
35	0.01242	0.01050	0.01647	0.45364	0.14349	0.01202	0.03744	0.01787	0.14400	0.07959	0.01279	0.01549	0.00952	0.00569	0.00541	0.00175	0.00637	0.00510	0.00333	0.00710
36	0.01113	0.00954	0.01113	0.00795	0.01272	0.00716	0.00636	0.01352	0.01113	0.01749	0.00954	0.01113	0.00795	0.00398	0.00398	0.00080	0.00398	0.00318	0.00318	0.84417
37	0.00756	0.00549	0.00713	0.00672	0.00800	0.00505	0.00504	0.01006	0.01511	0.02133	0.75453	0.04043	0.07128	0.01105	0.00633	0.00169	0.00254	0.00975	0.00588	0.00505
38	0.01468	0.04836	0.01323	0.00934	0.01382	0.01043	0.00764	0.18280	0.06745	0.09043	0.01210	0.01267	0.00924	0.00503	0.00450	0.00114	0.00456	0.00394	0.00410	0.48453
39	0.00814	0.00639	0.00744	0.00747	0.00906	0.00620	0.00574	0.02809	0.10535	0.01757	0.20355	0.16095	0.28925	0.01273	0.00643	0.00193	0.00330	0.10989	0.00525	0.00527
40	0.00654	0.00467	0.00623	0.00747	0.00779	0.00436	0.00498	0.00747	0.01028	0.01370	0.02959	0.80785	0.03550	0.01682	0.00685	0.00218	0.00311	0.01526	0.00498	0.00436
41	0.01326	0.01385	0.02552	0.02822	0.45472	0.03793	0.31193	0.01692	0.01250	0.01726	0.01034	0.01365	0.00831	0.00470	0.00571	0.00167	0.00755	0.00536	0.00268	0.00793
42	0.06066	0.02484	0.01485	0.01350	0.01629	0.75171	0.01015	0.02116	0.01491	0.01367	0.00826	0.00963	0.00686	0.00550	0.00477	0.00140	0.00941	0.00343	0.00279	0.00620
43	0.00654	0.00467	0.00623	0.00747	0.00779	0.00436	0.00498	0.00747	0.01028	0.01370	0.02959	0.80785	0.03550	0.01682	0.00685	0.00218	0.00311	0.01526	0.00498	0.00436
44	0.01014	0.00954	0.01610	0.79845	0.03697	0.01193	0.01491	0.01371	0.01073	0.01371	0.00954	0.01431	0.00716	0.00537	0.00537	0.00179	0.00716	0.00477	0.00239	0.00596
45	0.02285	0.01111	0.01368	0.01049	0.01469	0.01082	0.00866	0.27150	0.01867	0.53159	0.01841	0.01647	0.01190	0.00658	0.00539	0.00164	0.00502	0.00521	0.00622	0.00913
46	0.01327	0.01264	0.02072	0.02916	0.63055	0.01288	0.04566	0.01834	0.12762	0.01827	0.01192	0.01436	0.00969	0.00515	0.00538	0.00164	0.00616	0.00504	0.00309	0.00845
47	0.72276	0.01109	0.00914	0.00787	0.01134	0.01274	0.00648	0.12936	0.01159	0.02557	0.00830	0.00936	0.00632	0.00521	0.00363	0.00165	0.00442	0.00320	0.00363	0.00632
48	0.00730	0.00499	0.00600	0.00650	0.00662	0.00487	0.00394	0.00767	0.00879	0.01172	0.02195	0.34203	0.02587	0.49579	0.01919	0.00400	0.00437	0.01077	0.00394	0.00369
49	0.02027	0.01432	0.01554	0.01195	0.01611	0.01568	0.00983	0.68557	0.02401	0.08525	0.01359	0.01395	0.00974	0.03132	0.00605	0.00173	0.00579	0.00496	0.00539	0.00895
50	0.01379	0.01202	0.01403	0.01199	0.01531	0.01360	0.07077	0.07859	0.65374	0.02281	0.02031	0.01907	0.01520	0.00700	0.00553	0.00181	0.00476	0.00600	0.00523	0.00844
51	0.00661	0.00482	0.00623	0.00720	0.00775	0.00444	0.00490	0.00773	0.01091	0.01447	0.09767	0.66335	0.11218	0.01598	0.00675	0.00210	0.00302	0.01437	0.00506	0.00444
52	0.05891	0.01937	0.04549	0.01536	0.05551	0.33655	0.12486	0.22446	0.03334	0.02057	0.01035	0.01171	0.00794	0.00559	0.00519	0.00156	0.00793	0.00439	0.00354	0.00738

[dist]
# distance from previous block
# <min> <max>
0	5

[block]
# block no. 6 follows, 45 sequences, length 95
# corresponding to MSA columns:
# 440-534
name=unknown_G
#
# <colnr> <probs for GDERKNQSTAVLIFYWHMCP>
#	G	D	E	R	K	N	Q	S	T	A	V	L	I	F	Y	W	H	M	C	P
0	0.01001	0.00500	0.00500	0.00500	0.00625	0.00500	0.00375	0.01251	0.01126	0.02001	0.01751	0.02001	0.01376	0.00625	0.00375	0.00125	0.00250	0.00500	0.84115	0.00500
1	0.74253	0.01027	0.00893	0.10772	0.01376	0.01203	0.00697	0.01552	0.00934	0.02276	0.00774	0.00943	0.00598	0.00503	0.00358	0.00168	0.00453	0.00314	0.00320	0.00583
2	0.01348	0.01077	0.01339	0.10786	0.06294	0.01003	0.00886	0.16853	0.01421	0.04976	0.01107	0.02627	0.00882	0.00503	0.00462	0.00119	0.00492	0.00411	0.00367	0.47047
3	0.01250	0.01574	0.10595	0.02224	0.05257	0.01344	0.66036	0.01715	0.01252	0.01719	0.01071	0.01413	0.00802	0.00459	0.00618	0.00179	0.00885	0.00605	0.00267	0.00735
4	0.00657	0.00544	0.00577	0.00577	0.00745	0.00464	0.00434	0.00811	0.01261	0.01551	0.15509	0.06979	0.63864	0.01333	0.00638	0.00182	0.00275	0.02628	0.00511	0.00461
5	0.00658	0.00472	0.00622	0.00737	0.00773	0.00440	0.00492	0.00754	0.01037	0.01379	0.04375	0.75495	0.05615	0.03466	0.00729	0.00223	0.00314	0.01488	0.00496	0.00435
6	0.05178	0.08692	0.01586	0.01284	0.01596	0.60187	0.00994	0.06746	0.01527	0.06149	0.00927	0.01028	0.00740	0.00556	0.00474	0.00141	0.00860	0.00359	0.00315	0.00662
7	0.01001	0.00500	0.00500	0.00500	0.00625	0.00500	0.00375	0.01251	0.01126	0.02001	0.01751	0.02001	0.01376	0.00625	0.00375	0.00125	0.00250	0.00500	0.84115	0.00500
8	0.00653	0.00472	0.00618	0.00735	0.00775	0.00437	0.00493	0.00749	0.01040	0.01375	0.03114	0.76035	0.08199	0.01661	0.00682	0.00216	0.00309	0.01501	0.00498	0.00437
9	0.00691	0.00487	0.00631	0.00732	0.00763	0.00464	0.00489	0.00777	0.00994	0.01323	0.02711	0.61406	0.03218	0.16742	0.01077	0.00277	0.00363	0.05973	0.00465	0.00419
10	0.01435	0.81458	0.02813	0.00918	0.01378	0.02124	0.00918	0.01607	0.01091	0.01263	0.00746	0.00861	0.00689	0.00459	0.00344	0.00115	0.00574	0.00287	0.00230	0.00689
11	0.01196	0.00985	0.01145	0.00824	0.01297	0.00772	0.00662	0.05707	0.01204	0.03543	0.00999	0.01139	0.00814	0.00418	0.00409	0.00086	0.00410	0.00333	0.00338	0.77720
12	0.01963	0.09795	0.01641	0.01321	0.01627	0.65397	0.01020	0.06589	0.01542	0.03145	0.00879	0.00997	0.00719	0.00552	0.00475	0.00138	0.00897	0.00353	0.00297	0.00653
13	0.01001	0.00500	0.00500	0.00500	0.00625	0.00500	0.00375	0.01251	0.01126	0.02001	0.01751	0.02001	0.01376	0.00625	0.00375	0.00125	0.00250	0.00500	0.84115	0.00500
14	0.01014	0.00954	0.01610	0.79845	0.03697	0.01193	0.01491	0.01371	0.01073	0.01371	0.00954	0.01431	0.00716	0.00537	0.00537	0.00179	0.00716	0.00477	0.00239	0.00596
15	0.01353	0.01340	0.02213	0.03150	0.69890	0.04533	0.06282	0.01673	0.01238	0.01733	0.01007	0.01321	0.00841	0.00480	0.00536	0.00160	0.00668	0.00482	0.00267	0.00833
16	0.02408	0.00914	0.01246	0.00955	0.01370	0.00789	0.00789	0.02616	0.01536	0.78158	0.02118	0.01827	0.01329	0.00664	0.00540	0.00166	0.00457	0.00540	0.00664	0.00914
17	0.00652	0.00476	0.00613	0.00723	0.00772	0.00438	0.00488	0.00750	0.01051	0.01380	0.03253	0.71815	0.12330	0.01643	0.00679	0.00214	0.00307	0.01479	0.00498	0.00438
18	0.01320	0.06405	0.04627	0.02110	0.02637	0.06277	0.65032	0.01739	0.01269	0.01666	0.01047	0.01376	0.00796	0.00460	0.00604	0.00174	0.00886	0.00589	0.00268	0.00717
19	0.01001	0.00500	0.00500	0.00500	0.00625	0.00500	0.00375	0.01251	0.01126	0.02001	0.01751	0.02001	0.01376	0.00625	0.00375	0.00125	0.00250	0.00500	0.84115	0.00500
20	0.00654	0.00467	0.00623	0.00747	0.00779	0.00436	0.00498	0.00747	0.01028	0.01370	0.02959	0.80785	0.03550	0.01682	0.00685	0.00218	0.00311	0.01526	0.00498	0.00436
21	0.01918	0.02403	0.01606	0.01420	0.01715	0.69389	0.05724	0.02160	0.06078	0.01396	0.00928	0.01061	0.00757	0.00557	0.00497	0.00144	0.00931	0.00380	0.00293	0.00642
22	0.01607	0.01584	0.03448	0.03325	0.14165	0.12245	0.23286	0.23957	0.07090	0.02195	0.01173	0.01349	0.00887	0.00550	0.00557	0.00166	0.00738	0.00515	0.00369	0.00794
23	0.00995	0.00502	0.00508	0.00508	0.00633	0.00504	0.00382	0.01244	0.01120	0.01984	0.01744	0.02004	0.01375	0.00701	0.02132	0.00142	0.00277	0.00502	0.82243	0.00500
24	0.02062	0.04541	0.01609	0.01193	0.01617	0.03992	0.00988	0.61758	0.02315	0.12475	0.01356	0.01329	0.00949	0.00637	0.00528	0.00159	0.00585	0.00478	0.00533	0.00895
25	0.01113	0.00954	0.01113	0.00795	0.01272	0.00716	0.00636	0.01352	0.01113	0.01749	0.00954	0.01113	0.00795	0.00398	0.00398	0.00080	0.00398	0.00318	0.00318	0.84417
26	0.01003	0.00856	0.00906	0.00839	0.01032	0.05523	0.00638	0.01628	0.24745	0.02068	0.43275	0.04594	0.08786	0.00979	0.00598	0.00173	0.00352	0.00841	0.00550	0.00615
27	0.01435	0.81458	0.02813	0.00918	0.01378	0.02124	0.00918	0.01607	0.01091	0.01263	0.00746	0.00861	0.00689	0.00459	0.00344	0.00115	0.00574	0.00287	0.00230	0.00689
28	0.01267	0.01448	0.03167	0.02262	0.02805	0.01357	0.75837	0.01719	0.01267	0.01719	0.01086	0.01448	0.00814	0.00452	0.00633	0.00181	0.00905	0.00633	0.00271	0.00724
29	0.00760	0.00549	0.00718	0.00675	0.00802	0.00506	0.00506	0.01013	0.01519	0.02153	0.77503	0.04010	0.05065	0.01097	0.00633	0.00169	0.00253	0.00971	0.00591	0.00506
30	0.01001	0.00500	0.00500	0.00500	0.00625	0.00500	0.00375	0.01251	0.01126	0.02001	0.01751	0.02001	0.01376	0.00625	0.00375	0.00125	0.00250	0.00500	0.84115	0.00500
31	0.02014	0.02298	0.01543	0.01346	0.01661	0.59922	0.01033	0.20349	0.01768	0.01824	0.00943	0.01047	0.00746	0.00576	0.00497	0.00144	0.00875	0.00380	0.00341	0.00694
32	0.00767	0.00575	0.00863	0.00863	0.00959	0.00671	0.00671	0.00959	0.00863	0.01246	0.01438	0.02109	0.01342	0.04026	0.79008	0.00863	0.01438	0.00575	0.00288	0.00479
33	0.01019	0.00969	0.01689	0.67180	0.03420	0.01160	0.08135	0.01372	0.01096	0.01412	0.01105	0.04256	0.00910	0.00604	0.00558	0.00183	0.00711	0.03363	0.00260	0.00599
34	0.01001	0.00500	0.00500	0.00500	0.00625	0.00500	0.00375	0.01251	0.01126	0.02001	0.01751	0.02001	0.01376	0.00625	0.00375	0.00125	0.00250	0.00500	0.84115	0.00500
35	0.00639	0.00544	0.00550	0.00548	0.00728	0.00455	0.00411	0.00778	0.01233	0.01474	0.07840	0.05127	0.75152	0.01351	0.00634	0.00181	0.00271	0.01127	0.00502	0.00455
36	0.02205	0.00868	0.01180	0.00920	0.01300	0.00754	0.00754	0.02418	0.01534	0.68768	0.11431	0.02097	0.01790	0.00718	0.00551	0.00166	0.00432	0.00593	0.00655	0.00863
37	0.02041	0.01504	0.01611	0.01235	0.01665	0.01665	0.01020	0.75997	0.02524	0.03383	0.01289	0.01289	0.00913	0.00644	0.00537	0.00161	0.00591	0.00483	0.00537	0.00913
38	0.00767	0.00574	0.00857	0.00857	0.00951	0.00668	0.00664	0.00955	0.00861	0.01242	0.01443	0.02139	0.01355	0.05674	0.77377	0.00855	0.01418	0.00580	0.00288	0.00476
39	0.01077	0.02777	0.78354	0.01530	0.02323	0.01247	0.01983	0.01700	0.01133	0.01700	0.00963	0.01133	0.00680	0.00510	0.00510	0.00170	0.00793	0.00397	0.00227	0.00793
40	0.03596	0.01473	0.01571	0.01216	0.01636	0.01636	0.01001	0.70120	0.07005	0.03295	0.01333	0.01324	0.00951	0.00647	0.00534	0.00162	0.00577	0.00487	0.00534	0.00903
41	0.01207	0.01109	0.06135	0.01074	0.06150	0.00818	0.04330	0.01483	0.01153	0.06211	0.01032	0.01185	0.00823	0.00428	0.00432	0.00100	0.00465	0.00361	0.00327	0.65177
42	0.01368	0.01392	0.01518	0.03029	0.14721	0.22447	0.06150	0.01665	0.05796	0.04724	0.02594	0.01627	0.02682	0.01518	0.21410	0.00349	0.05535	0.00510	0.00317	0.00649
43	0.00665	0.00472	0.00620	0.00734	0.00762	0.00443	0.00484	0.00750	0.01007	0.01342	0.02852	0.74258	0.03415	0.08393	0.00858	0.00244	0.00329	0.01463	0.00484	0.00427
44	0.01077	0.02777	0.78354	0.01530	0.02323	0.01247	0.01983	0.01700	0.01133	0.01700	0.00963	0.01133	0.00680	0.00510	0.00510	0.00170	0.00793	0.00397	0.00227	0.00793
45	0.04918	0.01254	0.15164	0.01051	0.01531	0.00885	0.00998	0.02416	0.01443	0.61818	0.01863	0.01670	0.01187	0.00631	0.00528	0.00167	0.00516	0.00506	0.00574	0.00881
46	0.00772	0.00522	0.00583	0.00583	0.00594	0.00516	0.00330	0.00780	0.00808	0.01066	0.01919	0.03613	0.06544	0.76290	0.02605	0.00500	0.00505	0.00802	0.00336	0.00333
47	0.01996	0.01482	0.01586	0.01226	0.01648	0.01644	0.01010	0.71403	0.07190	0.03312	0.01345	0.01334	0.00958	0.00650	0.00538	0.00162	0.00580	0.00491	0.00538	0.00909
48	0.00657	0.00469	0.00622	0.00743	0.00774	0.00438	0.00494	0.00748	0.01021	0.01362	0.02926	0.78784	0.03509	0.03739	0.00738	0.00226	0.00317	0.01507	0.00494	0.00433
49	0.01001	0.00500	0.00500	0.00500	0.00625	0.00500	0.00375	0.01251	0.01126	0.02001	0.01751	0.02001	0.01376	0.00625	0.00375	0.00125	0.00250	0.00500	0.84115	0.00500
50	0.00816	0.00562	0.00727	0.00678	0.00819	0.00514	0.00511	0.01060	0.01502	0.05036	0.70225	0.03996	0.09324	0.01097	0.00630	0.00169	0.00262	0.00964	0.00588	0.00519
51	0.00654	0.00467	0.00623	0.00747	0.00779	0.00436	0.00498	0.00747	0.01028	0.01370	0.02959	0.80785	0.03550	0.01682	0.00685	0.00218	0.00311	0.01526	0.00498	0.00436
52	0.01267	0.01448	0.03167	0.02262	0.02805	0.01357	0.75837	0.01719	0.01267	0.01719	0.01086	0.01448	0.00814	0.00452	0.00633	0.00181	0.00905	0.00633	0.00271	0.00724
53	0.01329	0.01275	0.02179	0.03295	0.77787	0.01275	0.01647	0.01647	0.01222	0.01754	0.01010	0.01329	0.00850	0.00478	0.00531	0.00159	0.00638	0.00478	0.00266	0.00850
54	0.01657	0.01973	0.01590	0.01453	0.03941	0.46086	0.01110	0.01792	0.01236	0.01319	0.00786	0.01061	0.00702	0.00703	0.00989	0.00177	0.32150	0.00399	0.00260	0.00616
55	0.02005	0.02558	0.01521	0.01383	0.01659	0.78980	0.01037	0.02143	0.01521	0.01314	0.00830	0.00968	0.00691	0.00553	0.00484	0.00138	0.00968	0.00346	0.00277	0.00622
56	0.01001	0.00500	0.00500	0.00500	0.00625	0.00500	0.00375	0.01251	0.01126	0.02001	0.01751	0.02001	0.01376	0.00625	0.00375	0.00125	0.00250	0.00500	0.84115	0.00500
57	0.00654	0.00467	0.00623	0.00747	0.00779	0.00436	0.00498	0.00747	0.01028	0.01370	0.02959	0.80785	0.03550	0.01682	0.00685	0.00218	0.00311	0.01526	0.00498	0.00436
58	0.17477	0.20039	0.43167	0.01263	0.01881	0.01440	0.04563	0.01656	0.01087	0.01741	0.00878	0.01035	0.00668	0.00494	0.00443	0.00157	0.00675	0.00361	0.00250	0.00726
59	0.00661	0.00472	0.00630	0.00755	0.00789	0.00442	0.00510	0.00759	0.01034	0.01378	0.02955	0.78448	0.03536	0.01676	0.00687	0.00219	0.00317	0.03798	0.00498	0.00438
60	0.01605	0.48205	0.08520	0.01101	0.01551	0.15530	0.01042	0.13763	0.01402	0.01651	0.00867	0.00971	0.00725	0.00510	0.00414	0.00131	0.00664	0.00338	0.00287	0.00722
61	0.02408	0.00914	0.01246	0.00955	0.01370	0.00789	0.00789	0.02616	0.01536	0.78158	0.02118	0.01827	0.01329	0.00664	0.00540	0.00166	0.00457	0.00540	0.00664	0.00914
62	0.01277	0.06829	0.28340	0.05263	0.41039	0.02656	0.01679	0.01686	0.01191	0.03646	0.01001	0.01242	0.00786	0.00496	0.00512	0.00161	0.00691	0.00437	0.00259	0.00809
63	0.00642	0.00544	0.00554	0.00552	0.00730	0.00456	0.00414	0.00785	0.01241	0.01492	0.09698	0.05098	0.73283	0.01344	0.00634	0.00181	0.00271	0.01123	0.00504	0.00456
64	0.01094	0.00953	0.01207	0.00881	0.01334	0.00737	0.05195	0.01336	0.01117	0.01724	0.01088	0.06138	0.00969	0.00482	0.00430	0.00094	0.00423	0.00413	0.00327	0.74059
65	0.01379	0.08085	0.43508	0.01361	0.01962	0.05069	0.01526	0.20187	0.03132	0.02074	0.01166	0.01472	0.00911	0.00608	0.00519	0.00167	0.00708	0.05046	0.00330	0.00790
66	0.01289	0.01261	0.02235	0.06154	0.63406	0.01259	0.10775	0.01620	0.01216	0.01723	0.01071	0.03573	0.00916	0.00511	0.00549	0.00165	0.00665	0.00527	0.00272	0.00813
67	0.01113	0.00954	0.01113	0.00795	0.01272	0.00716	0.00636	0.01352	0.01113	0.01749	0.00954	0.01113	0.00795	0.00398	0.00398	0.00080	0.00398	0.00318	0.00318	0.84417
68	0.00985	0.05821	0.01052	0.03081	0.01104	0.03725	0.00710	0.07757	0.01132	0.01552	0.06244	0.03859	0.06006	0.04302	0.43540	0.00552	0.02389	0.00613	0.05037	0.00539
69	0.00757	0.00549	0.00713	0.00672	0.00800	0.00505	0.00504	0.01007	0.01512	0.02135	0.75652	0.04039	0.06928	0.01104	0.00633	0.00169	0.00254	0.00975	0.00589	0.00505
70	0.01272	0.01034	0.01396	0.01169	0.06069	0.00945	0.08550	0.03398	0.13362	0.08039	0.01488	0.01691	0.03817	0.03662	0.00602	0.00147	0.02194	0.01760	0.00388	0.39018
71	0.01113	0.00954	0.01113	0.00795	0.01272	0.00716	0.00636	0.01352	0.01113	0.01749	0.00954	0.01113	0.00795	0.00398	0.00398	0.00080	0.00398	0.00318	0.00318	0.84417
72	0.00785	0.00564	0.00771	0.00889	0.00984	0.00550	0.00723	0.00976	0.01166	0.01521	0.02990	0.31035	0.06356	0.01544	0.00718	0.00235	0.00424	0.46801	0.00496	0.00473
73	0.01337	0.02938	0.10331	0.04200	0.06251	0.02833	0.00976	0.10373	0.18252	0.10513	0.16005	0.05381	0.03495	0.02332	0.02217	0.00192	0.00514	0.00654	0.00474	0.00732
74	0.01258	0.01415	0.14556	0.03635	0.26547	0.04113	0.02692	0.11776	0.02653	0.01893	0.01623	0.07241	0.03397	0.00795	0.00579	0.00182	0.00617	0.13934	0.00363	0.00732
75	0.00781	0.00520	0.00585	0.00585	0.00585	0.00520	0.00325	0.00781	0.00781	0.01041	0.01691	0.03513	0.01952	0.81135	0.02732	0.00520	0.00520	0.00781	0.00325	0.00325
