[name]
unknown

[dist]
# distance from previous block
# <min> <max>
33	97

[block]
# block no. 0 follows, 41 sequences, length 19
# corresponding to MSA columns:
# 116-134
name=unknown_A
#
# <colnr> <probs for GDERKNQSTAVLIFYWHMCP>
#	G	D	E	R	K	N	Q	S	T	A	V	L	I	F	Y	W	H	M	C	P
0	0.08928	0.10831	0.01393	0.05701	0.04331	0.01138	0.00839	0.06237	0.10263	0.16106	0.13209	0.04329	0.06963	0.03075	0.00616	0.00182	0.00476	0.00654	0.00497	0.04231
1	0.05171	0.01347	0.01548	0.08252	0.01814	0.09263	0.06914	0.21475	0.09738	0.13812	0.08327	0.04029	0.01574	0.03356	0.00658	0.00191	0.00619	0.00615	0.00501	0.00797
2	0.10949	0.13341	0.01574	0.19888	0.01964	0.03243	0.01006	0.13619	0.10417	0.02061	0.05229	0.04836	0.03814	0.04941	0.00655	0.00195	0.00581	0.00579	0.00401	0.00706
3	0.05870	0.35381	0.26198	0.01295	0.01876	0.08199	0.05235	0.01869	0.01247	0.06614	0.00993	0.01122	0.00778	0.00531	0.00465	0.00153	0.00723	0.00386	0.00287	0.00775
4	0.03643	0.05216	0.12029	0.01110	0.07318	0.00856	0.00907	0.01353	0.01421	0.04335	0.38620	0.06070	0.06149	0.00929	0.00599	0.00171	0.00432	0.00801	0.00487	0.07554
5	0.01529	0.80242	0.02997	0.00979	0.01468	0.02263	0.00979	0.01713	0.01162	0.01346	0.00795	0.00918	0.00734	0.00489	0.00367	0.00122	0.00612	0.00306	0.00245	0.00734
6	0.01976	0.08255	0.03903	0.01117	0.01532	0.01301	0.00944	0.18481	0.18495	0.30200	0.04156	0.04053	0.01498	0.00739	0.00564	0.00177	0.00522	0.00593	0.00586	0.00905
7	0.00832	0.00555	0.00624	0.00624	0.00624	0.00555	0.00347	0.00832	0.00832	0.01109	0.01802	0.03743	0.02080	0.79898	0.02911	0.00555	0.00555	0.00832	0.00347	0.00347
8	0.01484	0.01259	0.01328	0.01176	0.01511	0.01451	0.00920	0.08840	0.69396	0.02491	0.02250	0.02072	0.01683	0.00769	0.00581	0.00192	0.00467	0.00636	0.00581	0.00911
9	0.01531	0.01545	0.10125	0.10438	0.32830	0.03463	0.14546	0.07635	0.01436	0.09080	0.01210	0.01464	0.00914	0.00550	0.00584	0.00178	0.00744	0.00533	0.00341	0.00853
10	0.01220	0.01093	0.01516	0.01826	0.25120	0.07198	0.04025	0.04590	0.01221	0.01708	0.01347	0.01806	0.01169	0.02102	0.32421	0.00475	0.01027	0.00550	0.08904	0.00682
11	0.02174	0.01602	0.01717	0.01316	0.01774	0.01774	0.01087	0.74423	0.02689	0.03605	0.01373	0.01373	0.00973	0.00687	0.00572	0.00172	0.00629	0.00515	0.00572	0.00973
12	0.79896	0.01131	0.00884	0.00780	0.01139	0.01307	0.00643	0.05278	0.01058	0.02618	0.00825	0.00951	0.00637	0.00539	0.00365	0.00177	0.00452	0.00320	0.00365	0.00637
13	0.00817	0.00613	0.00919	0.00919	0.01021	0.00715	0.00715	0.01021	0.00919	0.01328	0.01532	0.02247	0.01430	0.04290	0.77631	0.00919	0.01532	0.00613	0.00306	0.00511
14	0.00708	0.00523	0.00662	0.00749	0.00823	0.00477	0.00515	0.00837	0.01198	0.01581	0.12925	0.57094	0.16506	0.01653	0.00714	0.00219	0.00317	0.01478	0.00544	0.00477
15	0.01065	0.00611	0.00719	0.00677	0.00736	0.00593	0.00413	0.01095	0.00940	0.11292	0.01863	0.03501	0.01990	0.69234	0.02597	0.00504	0.00545	0.00797	0.00395	0.00431
16	0.01433	0.10033	0.45119	0.01663	0.05928	0.04171	0.08990	0.06428	0.01364	0.07956	0.01136	0.01287	0.00821	0.00554	0.00544	0.00174	0.00790	0.00457	0.00309	0.00842
17	0.06627	0.00973	0.07397	0.00952	0.01168	0.04472	0.00769	0.04185	0.01267	0.13149	0.02498	0.48906	0.02693	0.01335	0.00649	0.00209	0.00453	0.01171	0.00512	0.00615
18	0.18877	0.01385	0.01349	0.01107	0.01488	0.08140	0.00894	0.27954	0.11022	0.14335	0.06622	0.01635	0.01350	0.00694	0.00531	0.00175	0.00558	0.00521	0.00529	0.00834

[dist]
# distance from previous block
# <min> <max>
1	4

[block]
# block no. 1 follows, 41 sequences, length 354
# corresponding to MSA columns:
# 139-280,290-366,368-502
name=unknown_B
#
# <colnr> <probs for GDERKNQSTAVLIFYWHMCP>
#	G	D	E	R	K	N	Q	S	T	A	V	L	I	F	Y	W	H	M	C	P
0	0.01214	0.09880	0.68520	0.01557	0.02361	0.01401	0.01982	0.01825	0.01213	0.03502	0.01034	0.01199	0.00741	0.00542	0.00528	0.00176	0.00816	0.00416	0.00253	0.00838
1	0.09196	0.01163	0.07587	0.01049	0.01507	0.00948	0.00928	0.05608	0.01590	0.58471	0.04637	0.01859	0.01415	0.00695	0.00557	0.00177	0.00511	0.00554	0.00631	0.00917
2	0.01396	0.43027	0.33531	0.01301	0.01931	0.05344	0.02996	0.01783	0.01206	0.01551	0.00903	0.01056	0.00733	0.00516	0.00453	0.00149	0.00735	0.00365	0.00247	0.00778
3	0.01751	0.01313	0.01595	0.01265	0.01625	0.01407	0.07789	0.45879	0.04586	0.04941	0.01682	0.11580	0.01477	0.09375	0.00855	0.00224	0.00605	0.00711	0.00520	0.00820
4	0.00777	0.00583	0.00725	0.00771	0.00882	0.00519	0.00535	0.00897	0.01113	0.01496	0.03049	0.51675	0.11394	0.08902	0.00892	0.00240	0.00366	0.03737	0.00489	0.10955
5	0.04128	0.11519	0.05046	0.01088	0.01455	0.05047	0.00921	0.11306	0.28148	0.09111	0.07681	0.03745	0.06810	0.00791	0.00557	0.00177	0.00517	0.00634	0.00511	0.00808
6	0.04425	0.17051	0.47009	0.01380	0.02066	0.03352	0.01629	0.01948	0.01266	0.13097	0.01158	0.01251	0.00828	0.00559	0.00508	0.00169	0.00738	0.00419	0.00318	0.00831
7	0.00817	0.00613	0.00919	0.00919	0.01021	0.00715	0.00715	0.01021	0.00919	0.01328	0.01532	0.02247	0.01430	0.04290	0.77631	0.00919	0.01532	0.00613	0.00306	0.00511
8	0.01815	0.37835	0.03998	0.03089	0.01701	0.33316	0.01081	0.08119	0.01482	0.01573	0.00892	0.01025	0.00756	0.00551	0.00455	0.00140	0.00796	0.00357	0.00293	0.00725
9	0.00870	0.00635	0.00756	0.00725	0.00886	0.00576	0.00529	0.01027	0.01269	0.05286	0.17805	0.19395	0.28604	0.09232	0.00925	0.00228	0.02801	0.01101	0.00517	0.06832
10	0.03714	0.05056	0.01505	0.04767	0.07840	0.05290	0.00956	0.20230	0.01673	0.13375	0.04845	0.07457	0.01378	0.00700	0.00538	0.00156	0.00550	0.00570	0.00466	0.18935
11	0.11808	0.01196	0.01884	0.22970	0.42085	0.01279	0.01493	0.01692	0.01229	0.05377	0.01133	0.03362	0.00928	0.00570	0.00545	0.00178	0.00654	0.00515	0.00311	0.00790
12	0.00676	0.00579	0.00579	0.00579	0.00773	0.00483	0.00435	0.00821	0.01304	0.01545	0.05794	0.05505	0.76098	0.01449	0.00676	0.00193	0.00290	0.01207	0.00531	0.00483
13	0.13664	0.09053	0.01495	0.01095	0.03973	0.01176	0.00880	0.08954	0.05202	0.46039	0.01790	0.01641	0.01195	0.00656	0.00523	0.00172	0.00511	0.00507	0.00579	0.00894
14	0.08925	0.05979	0.01572	0.02909	0.01623	0.01193	0.04236	0.17272	0.01746	0.45954	0.01789	0.01656	0.01179	0.00662	0.00548	0.00174	0.00548	0.00528	0.00594	0.00913
15	0.00766	0.00586	0.00681	0.00680	0.00821	0.00529	0.00506	0.00945	0.01344	0.01749	0.28189	0.04950	0.35190	0.12182	0.00995	0.00246	0.00344	0.08273	0.00538	0.00487
16	0.00825	0.00604	0.00876	0.00876	0.00967	0.00692	0.00664	0.01006	0.00915	0.01320	0.01571	0.02421	0.01507	0.13105	0.67078	0.00858	0.01388	0.00637	0.02198	0.00492
17	0.07443	0.01144	0.01938	0.46527	0.19467	0.01297	0.09090	0.01571	0.01182	0.01670	0.01039	0.01474	0.00809	0.00628	0.02269	0.00201	0.00758	0.00513	0.00273	0.00705
18	0.01231	0.03848	0.01959	0.49143	0.27974	0.03034	0.01613	0.01586	0.01208	0.01592	0.01026	0.01457	0.00809	0.00549	0.00562	0.00180	0.00736	0.00499	0.00264	0.00730
19	0.01308	0.01249	0.02127	0.27588	0.53095	0.01331	0.01702	0.01661	0.01251	0.01738	0.01057	0.01451	0.00860	0.00530	0.00568	0.00177	0.00706	0.00509	0.00274	0.00819
20	0.01186	0.01017	0.01186	0.00847	0.01356	0.00762	0.00678	0.01440	0.01186	0.01864	0.01017	0.01186	0.00847	0.00424	0.00424	0.00085	0.00424	0.00339	0.00339	0.83395
21	0.00738	0.00516	0.00655	0.00746	0.00772	0.00492	0.00479	0.00813	0.01033	0.01380	0.04455	0.56286	0.03337	0.23936	0.01348	0.00323	0.00394	0.01387	0.00481	0.00433
22	0.00699	0.00544	0.00635	0.00689	0.00806	0.00481	0.00487	0.00837	0.01245	0.01584	0.11805	0.37761	0.37248	0.01570	0.00700	0.00209	0.00306	0.01373	0.00541	0.00481
23	0.00812	0.00588	0.00753	0.00780	0.00882	0.00557	0.00557	0.04266	0.01401	0.01922	0.34774	0.41004	0.06620	0.01461	0.00697	0.00206	0.00317	0.01306	0.00576	0.00521
24	0.02944	0.00575	0.00727	0.00779	0.00878	0.00533	0.00541	0.01029	0.01177	0.08637	0.07712	0.53450	0.10109	0.07047	0.00850	0.00241	0.00357	0.01363	0.00537	0.00515
25	0.01080	0.01017	0.01716	0.78523	0.03940	0.01271	0.01589	0.01461	0.01144	0.01461	0.01017	0.01525	0.00762	0.00572	0.00572	0.00191	0.00762	0.00508	0.00254	0.00635
26	0.01080	0.01017	0.01716	0.78523	0.03940	0.01271	0.01589	0.01461	0.01144	0.01461	0.01017	0.01525	0.00762	0.00572	0.00572	0.00191	0.00762	0.00508	0.00254	0.00635
27	0.00997	0.00674	0.00839	0.00869	0.00987	0.00663	0.00623	0.08997	0.02800	0.05993	0.04733	0.54290	0.05023	0.05396	0.00808	0.00237	0.00393	0.04582	0.00540	0.00557
28	0.00948	0.00587	0.00738	0.00739	0.00838	0.00546	0.00507	0.01074	0.01210	0.09136	0.19714	0.28598	0.07868	0.23338	0.01308	0.00302	0.00393	0.01136	0.00520	0.00501
29	0.01350	0.01543	0.03375	0.02411	0.02989	0.01446	0.74253	0.01832	0.01350	0.01832	0.01157	0.01543	0.00868	0.00482	0.00675	0.00193	0.00964	0.00675	0.00289	0.00771
30	0.00761	0.00641	0.00668	0.00650	0.00849	0.00577	0.00491	0.01058	0.08230	0.01712	0.13679	0.05047	0.60913	0.01353	0.00667	0.00192	0.00303	0.01135	0.00547	0.00529
31	0.59695	0.01129	0.01024	0.00861	0.01242	0.01244	0.00710	0.09072	0.01275	0.17418	0.01144	0.01175	0.00813	0.00582	0.00419	0.00176	0.00470	0.00383	0.00446	0.00725
32	0.05549	0.01252	0.01298	0.01132	0.01464	0.03343	0.00889	0.15204	0.47100	0.05725	0.03866	0.05680	0.03341	0.00813	0.00578	0.00189	0.00486	0.00665	0.00565	0.00861
33	0.01610	0.01284	0.01371	0.01184	0.01537	0.01459	0.00935	0.15800	0.58907	0.06039	0.02154	0.01989	0.01592	0.00757	0.00580	0.00189	0.00486	0.00620	0.00586	0.00921
34	0.00772	0.00529	0.00642	0.00701	0.00715	0.00514	0.00429	0.00816	0.00949	0.01265	0.02404	0.37486	0.02838	0.45120	0.01940	0.00411	0.00455	0.01185	0.00429	0.00399
35	0.82235	0.01117	0.00859	0.00764	0.01120	0.01293	0.00629	0.03197	0.01009	0.02588	0.00808	0.00938	0.00627	0.00534	0.00359	0.00177	0.00446	0.00314	0.00359	0.00627
36	0.01171	0.01054	0.01768	0.31348	0.28557	0.01162	0.03484	0.01478	0.02587	0.01566	0.01134	0.01639	0.00953	0.02635	0.08806	0.08382	0.00783	0.00532	0.00278	0.00683
37	0.00994	0.00497	0.00745	0.00745	0.00745	0.00497	0.00497	0.00745	0.00745	0.00994	0.00994	0.01739	0.00994	0.01987	0.02235	0.83358	0.00497	0.00497	0.00248	0.00248
38	0.00986	0.00594	0.00704	0.00677	0.00732	0.00576	0.00418	0.01034	0.00986	0.08321	0.08110	0.07273	0.02376	0.62125	0.02400	0.00472	0.00514	0.00863	0.00413	0.00427
39	0.31911	0.01019	0.01129	0.00918	0.01312	0.01017	0.00753	0.02337	0.04773	0.43804	0.04374	0.01670	0.01285	0.00664	0.00499	0.00178	0.00461	0.00499	0.00571	0.00827
40	0.00950	0.00639	0.00803	0.00818	0.00926	0.00619	0.00577	0.07217	0.01345	0.05404	0.18706	0.45364	0.03616	0.09131	0.00910	0.00245	0.00373	0.01275	0.00546	0.00537
41	0.01077	0.00998	0.01681	0.75737	0.03825	0.01243	0.01549	0.01436	0.01129	0.01445	0.01016	0.01533	0.00771	0.00623	0.00631	0.03170	0.00753	0.00508	0.00254	0.00622
42	0.00806	0.00596	0.00868	0.00880	0.00969	0.00674	0.00665	0.00986	0.00948	0.01349	0.03585	0.10186	0.01814	0.09492	0.62491	0.00805	0.01308	0.00741	0.00340	0.00495
43	0.04937	0.00616	0.00739	0.00763	0.00904	0.00574	0.00557	0.01086	0.01205	0.09122	0.05367	0.34168	0.22747	0.07081	0.02709	0.00254	0.00397	0.05726	0.00524	0.00527
44	0.01529	0.80242	0.02997	0.00979	0.01468	0.02263	0.00979	0.01713	0.01162	0.01346	0.00795	0.00918	0.00734	0.00489	0.00367	0.00122	0.00612	0.00306	0.00245	0.00734
45	0.11784	0.03547	0.10964	0.14085	0.02016	0.08688	0.01163	0.17792	0.09957	0.07298	0.01584	0.01664	0.05695	0.00676	0.00539	0.00177	0.00643	0.00520	0.00423	0.00783
46	0.01003	0.00664	0.00956	0.00898	0.01066	0.00606	0.05628	0.01200	0.01350	0.10812	0.23043	0.34088	0.11475	0.01358	0.00689	0.00205	0.00379	0.03447	0.00563	0.00571
47	0.01328	0.01201	0.01098	0.03004	0.01313	0.18472	0.00833	0.07434	0.03222	0.05297	0.02363	0.21784	0.05664	0.06759	0.00818	0.00231	0.00598	0.17515	0.00469	0.00598
48	0.14572	0.21195	0.44818	0.01355	0.02028	0.01549	0.03657	0.01767	0.01163	0.01822	0.00938	0.01103	0.00714	0.00527	0.00474	0.00167	0.00728	0.00384	0.00262	0.00780
49	0.01104	0.01041	0.01759	0.73184	0.09092	0.01277	0.01600	0.01482	0.01155	0.01490	0.01021	0.01517	0.00773	0.00567	0.00571	0.00189	0.00757	0.00508	0.00256	0.00655
50	0.03901	0.01458	0.01652	0.01353	0.05307	0.01563	0.01062	0.55522	0.02383	0.17671	0.01518	0.01477	0.01048	0.00679	0.00568	0.00173	0.00600	0.00522	0.00580	0.00962
51	0.01459	0.66091	0.16536	0.01098	0.01653	0.02092	0.01186	0.01731	0.01171	0.01431	0.00838	0.00971	0.00732	0.00499	0.00399	0.00133	0.00654	0.00327	0.00244	0.00754
52	0.01242	0.13417	0.19850	0.01740	0.02283	0.01402	0.34204	0.01690	0.03021	0.01701	0.01396	0.07464	0.02968	0.04237	0.00702	0.00199	0.00789	0.00653	0.00305	0.00737
53	0.00981	0.00758	0.00956	0.01074	0.01213	0.04381	0.00931	0.01238	0.01331	0.01697	0.02925	0.06190	0.03168	0.01532	0.00777	0.00258	0.00551	0.68991	0.00515	0.00533
54	0.00832	0.00555	0.00624	0.00624	0.00624	0.00555	0.00347	0.00832	0.00832	0.01109	0.01802	0.03743	0.02080	0.79898	0.02911	0.00555	0.00555	0.00832	0.00347	0.00347
55	0.01327	0.01832	0.24214	0.02815	0.47637	0.01341	0.06941	0.01769	0.01275	0.01849	0.01066	0.01358	0.00849	0.00515	0.00564	0.00173	0.00742	0.00491	0.00273	0.02970
56	0.00841	0.00768	0.04486	0.00873	0.04373	0.00646	0.00657	0.01165	0.05938	0.01968	0.37574	0.07493	0.28659	0.01206	0.00661	0.00187	0.00337	0.01041	0.00555	0.00571
57	0.01080	0.01017	0.01716	0.78523	0.03940	0.01271	0.01589	0.01461	0.01144	0.01461	0.01017	0.01525	0.00762	0.00572	0.00572	0.00191	0.00762	0.00508	0.00254	0.00635
58	0.02566	0.00973	0.01327	0.01018	0.01460	0.00841	0.00841	0.02788	0.01637	0.76726	0.02257	0.01947	0.01416	0.00708	0.00575	0.00177	0.00487	0.00575	0.00708	0.00973
59	0.10074	0.01129	0.04745	0.01086	0.01544	0.00976	0.03520	0.06508	0.01603	0.59764	0.01977	0.01773	0.01267	0.00675	0.00556	0.00177	0.00523	0.00544	0.00632	0.00927
60	0.01202	0.05443	0.59507	0.01764	0.02543	0.01386	0.16566	0.01812	0.01235	0.01799	0.01044	0.01265	0.00754	0.00529	0.00564	0.00181	0.00861	0.00469	0.00251	0.00827
61	0.00697	0.00498	0.00664	0.00796	0.00830	0.00465	0.00531	0.00796	0.01095	0.01460	0.03153	0.79525	0.03783	0.01792	0.00730	0.00232	0.00332	0.01626	0.00531	0.00465
62	0.01080	0.01017	0.01716	0.78523	0.03940	0.01271	0.01589	0.01461	0.01144	0.01461	0.01017	0.01525	0.00762	0.00572	0.00572	0.00191	0.00762	0.00508	0.00254	0.00635
63	0.01449	0.01311	0.02105	0.15771	0.37492	0.05004	0.10283	0.04041	0.01365	0.07088	0.01321	0.01886	0.01105	0.00629	0.00597	0.00183	0.00718	0.06508	0.00339	0.00807
64	0.00860	0.00604	0.00667	0.00658	0.00848	0.00515	0.00490	0.01008	0.01310	0.08604	0.06672	0.16783	0.56081	0.01427	0.00675	0.00197	0.00314	0.01210	0.00550	0.00527
65	0.00702	0.00500	0.00662	0.00790	0.00822	0.00468	0.00524	0.00798	0.01086	0.01448	0.03104	0.76810	0.03722	0.04590	0.00808	0.00244	0.00340	0.01598	0.00524	0.00460
66	0.00818	0.00564	0.00743	0.00756	0.00863	0.00521	0.00545	0.01024	0.01427	0.04109	0.47092	0.31914	0.04689	0.01385	0.00692	0.00199	0.00299	0.01239	0.00596	0.00524
67	0.01204	0.02570	0.56953	0.01871	0.04518	0.01358	0.19801	0.01815	0.01245	0.01818	0.01060	0.01295	0.00764	0.00528	0.00576	0.00184	0.00870	0.00487	0.00254	0.00829
68	0.00697	0.00498	0.00664	0.00796	0.00830	0.00465	0.00531	0.00796	0.01095	0.01460	0.03153	0.79525	0.03783	0.01792	0.00730	0.00232	0.00332	0.01626	0.00531	0.00465
69	0.83938	0.01106	0.00841	0.00752	0.01106	0.01283	0.00619	0.01681	0.00973	0.02566	0.00796	0.00929	0.00619	0.00531	0.00354	0.00177	0.00442	0.00310	0.00354	0.00619
70	0.01186	0.01017	0.01186	0.00847	0.01356	0.00762	0.00678	0.01440	0.01186	0.01864	0.01017	0.01186	0.00847	0.00424	0.00424	0.00085	0.00424	0.00339	0.00339	0.83395
71	0.02520	0.00984	0.01326	0.01024	0.01461	0.00864	0.00843	0.02798	0.04645	0.73691	0.02260	0.01955	0.01429	0.00711	0.00575	0.00178	0.00485	0.00578	0.00703	0.00971
72	0.00822	0.00592	0.00812	0.00812	0.00877	0.00657	0.00581	0.00952	0.00887	0.01248	0.01630	0.02791	0.01666	0.31782	0.50462	0.00787	0.01177	0.00692	0.00321	0.00451
73	0.00764	0.00583	0.00701	0.00672	0.00827	0.00520	0.00504	0.00991	0.01512	0.02038	0.52070	0.04693	0.29514	0.01265	0.00675	0.00184	0.00277	0.01093	0.00596	0.00520
74	0.01416	0.01359	0.02322	0.03511	0.76330	0.01359	0.01755	0.01755	0.01302	0.01869	0.01076	0.01416	0.00906	0.00510	0.00566	0.00170	0.00680	0.00510	0.00283	0.00906
75	0.00679	0.00580	0.00584	0.00583	0.00775	0.00484	0.00437	0.00827	0.01311	0.01563	0.07469	0.05475	0.74412	0.01442	0.00676	0.00193	0.00289	0.01203	0.00534	0.00484
76	0.02566	0.00973	0.01327	0.01018	0.01460	0.00841	0.00841	0.02788	0.01637	0.76726	0.02257	0.01947	0.01416	0.00708	0.00575	0.00177	0.00487	0.00575	0.00708	0.00973
77	0.01350	0.01543	0.03375	0.02411	0.02989	0.01446	0.74253	0.01832	0.01350	0.01832	0.01157	0.01543	0.00868	0.00482	0.00675	0.00193	0.00964	0.00675	0.00289	0.00771
78	0.02566	0.00973	0.01327	0.01018	0.01460	0.00841	0.00841	0.02788	0.01637	0.76726	0.02257	0.01947	0.01416	0.00708	0.00575	0.00177	0.00487	0.00575	0.00708	0.00973
79	0.00763	0.00583	0.00700	0.00671	0.00826	0.00520	0.00503	0.00990	0.01510	0.02034	0.51656	0.04700	0.29931	0.01266	0.00675	0.00184	0.00277	0.01094	0.00595	0.00520
80	0.02174	0.01602	0.01717	0.01316	0.01774	0.01774	0.01087	0.74423	0.02689	0.03605	0.01373	0.01373	0.00973	0.00687	0.00572	0.00172	0.00629	0.00515	0.00572	0.00973
81	0.02187	0.01582	0.01704	0.01307	0.01764	0.01745	0.01079	0.72180	0.02656	0.05894	0.01401	0.01391	0.00987	0.00687	0.00572	0.00172	0.00625	0.00517	0.00576	0.00973
82	0.01080	0.01017	0.01716	0.78523	0.03940	0.01271	0.01589	0.01461	0.01144	0.01461	0.01017	0.01525	0.00762	0.00572	0.00572	0.00191	0.00762	0.00508	0.00254	0.00635
83	0.01442	0.01046	0.01238	0.00900	0.01396	0.00835	0.00726	0.06049	0.01341	0.12629	0.01215	0.01306	0.00936	0.00480	0.00454	0.00103	0.00445	0.00383	0.00406	0.66671
84	0.01529	0.80242	0.02997	0.00979	0.01468	0.02263	0.00979	0.01713	0.01162	0.01346	0.00795	0.00918	0.00734	0.00489	0.00367	0.00122	0.00612	0.00306	0.00245	0.00734
85	0.00743	0.00533	0.00705	0.00765	0.00840	0.00495	0.00535	0.00912	0.01309	0.01801	0.32964	0.48742	0.04443	0.01537	0.00707	0.00211	0.00306	0.01384	0.00571	0.00495
86	0.00687	0.00580	0.00595	0.00591	0.00780	0.00488	0.00444	0.00843	0.01331	0.01609	0.11752	0.05400	0.70100	0.01425	0.00676	0.00192	0.00288	0.01193	0.00540	0.00488
87	0.01231	0.01043	0.01210	0.00869	0.01375	0.00808	0.00696	0.04757	0.01254	0.01943	0.01033	0.01195	0.00853	0.00436	0.00430	0.00089	0.00433	0.00347	0.00349	0.79648
88	0.01186	0.01017	0.01186	0.00847	0.01356	0.00762	0.00678	0.01440	0.01186	0.01864	0.01017	0.01186	0.00847	0.00424	0.00424	0.00085	0.00424	0.00339	0.00339	0.83395
89	0.02035	0.04915	0.05155	0.01140	0.01574	0.01321	0.00978	0.35968	0.02037	0.26209	0.02042	0.05117	0.07318	0.00785	0.00577	0.00176	0.00554	0.00623	0.00579	0.00895
90	0.00817	0.00613	0.00919	0.00919	0.01021	0.00715	0.00715	0.01021	0.00919	0.01328	0.01532	0.02247	0.01430	0.04290	0.77631	0.00919	0.01532	0.00613	0.00306	0.00511
91	0.00700	0.00503	0.00665	0.00788	0.00829	0.00468	0.00529	0.00807	0.01119	0.01491	0.05692	0.74870	0.05900	0.01761	0.00727	0.00229	0.00329	0.01594	0.00534	0.00468
92	0.01477	0.56079	0.18316	0.01264	0.05317	0.06128	0.01260	0.01767	0.01203	0.01471	0.00862	0.01008	0.00741	0.00507	0.00422	0.00138	0.00687	0.00343	0.00249	0.00762
93	0.01160	0.02868	0.72236	0.01680	0.02508	0.01336	0.06721	0.01813	0.01217	0.01813	0.01035	0.01229	0.00734	0.00540	0.00552	0.00182	0.00853	0.00439	0.00245	0.00841
94	0.00697	0.00498	0.00664	0.00796	0.00830	0.00465	0.00531	0.00796	0.01095	0.01460	0.03153	0.79525	0.03783	0.01792	0.00730	0.00232	0.00332	0.01626	0.00531	0.00465
95	0.02211	0.01543	0.01680	0.01288	0.01744	0.01686	0.01064	0.67701	0.02591	0.10466	0.01456	0.01427	0.01014	0.00689	0.00572	0.00172	0.00616	0.00521	0.00585	0.00973
96	0.00731	0.00546	0.00784	0.00871	0.00930	0.00511	0.03613	0.00851	0.01112	0.01483	0.03066	0.74193	0.03648	0.01731	0.00729	0.00232	0.00364	0.03607	0.00521	0.00479
97	0.00697	0.00498	0.00664	0.00796	0.00830	0.00465	0.00531	0.00796	0.01095	0.01460	0.03153	0.79525	0.03783	0.01792	0.00730	0.00232	0.00332	0.01626	0.00531	0.00465
98	0.01350	0.01543	0.03375	0.02411	0.02989	0.01446	0.74253	0.01832	0.01350	0.01832	0.01157	0.01543	0.00868	0.00482	0.00675	0.00193	0.00964	0.00675	0.00289	0.00771
99	0.01529	0.80242	0.02997	0.00979	0.01468	0.02263	0.00979	0.01713	0.01162	0.01346	0.00795	0.00918	0.00734	0.00489	0.00367	0.00122	0.00612	0.00306	0.00245	0.00734
100	0.01135	0.01124	0.02055	0.62959	0.03745	0.01307	0.16448	0.01537	0.01186	0.01537	0.01045	0.01529	0.00784	0.00554	0.00593	0.00191	0.00804	0.00542	0.00261	0.00663
101	0.00676	0.00579	0.00579	0.00579	0.00773	0.00483	0.00435	0.00821	0.01304	0.01545	0.05794	0.05505	0.76098	0.01449	0.00676	0.00193	0.00290	0.01207	0.00531	0.00483
102	0.02058	0.01196	0.01371	0.01124	0.01518	0.03032	0.00904	0.12054	0.30625	0.36429	0.02138	0.01925	0.01472	0.00729	0.00576	0.00182	0.00505	0.00591	0.00631	0.00939
103	0.01186	0.01017	0.01186	0.00847	0.01356	0.00762	0.00678	0.01440	0.01186	0.01864	0.01017	0.01186	0.00847	0.00424	0.00424	0.00085	0.00424	0.00339	0.00339	0.83395
104	0.00832	0.00555	0.00624	0.00624	0.00624	0.00555	0.00347	0.00832	0.00832	0.01109	0.01802	0.03743	0.02080	0.79898	0.02911	0.00555	0.00555	0.00832	0.00347	0.00347
105	0.02188	0.01581	0.01703	0.01306	0.01763	0.01742	0.01079	0.72000	0.02654	0.06077	0.01403	0.01393	0.00988	0.00687	0.00572	0.00172	0.00625	0.00517	0.00577	0.00973
106	0.01695	0.01469	0.01440	0.01234	0.01592	0.08506	0.00974	0.22617	0.48556	0.02635	0.01933	0.01824	0.01441	0.00734	0.00573	0.00184	0.00554	0.00585	0.00553	0.00902
107	0.01208	0.06112	0.64979	0.01700	0.04249	0.03196	0.07122	0.01819	0.01228	0.01785	0.01024	0.01220	0.00740	0.00537	0.00545	0.00178	0.00844	0.00436	0.00247	0.00833
108	0.00815	0.00577	0.00749	0.00738	0.00863	0.00535	0.00544	0.01038	0.01463	0.03597	0.51569	0.18303	0.10768	0.01441	0.04181	0.00224	0.00345	0.01131	0.00590	0.00529
109	0.04532	0.00977	0.01316	0.01011	0.01452	0.00851	0.00835	0.02761	0.01621	0.74935	0.02221	0.01922	0.01397	0.00704	0.00570	0.00177	0.00486	0.00569	0.00699	0.00965
110	0.00803	0.00546	0.00628	0.00650	0.00664	0.00537	0.00381	0.00826	0.00896	0.01186	0.02207	0.16161	0.05781	0.63554	0.02453	0.00485	0.00506	0.00978	0.00385	0.00372
111	0.03595	0.18114	0.05135	0.01496	0.05072	0.36480	0.07706	0.10504	0.01576	0.01753	0.01084	0.01229	0.02681	0.00586	0.00510	0.00153	0.00838	0.00429	0.00321	0.00736
112	0.01051	0.00868	0.00969	0.00953	0.01182	0.00917	0.00765	0.01832	0.31610	0.01939	0.03593	0.04392	0.25062	0.01210	0.00670	0.00213	0.00423	0.21131	0.00551	0.00668
113	0.00682	0.00580	0.00588	0.00586	0.00776	0.00485	0.00439	0.00833	0.01318	0.01579	0.08987	0.05449	0.72884	0.01436	0.00676	0.00193	0.00289	0.01199	0.00536	0.00485
114	0.01147	0.02959	0.76934	0.01630	0.02476	0.01328	0.02113	0.01811	0.01208	0.01811	0.01026	0.01208	0.00725	0.00543	0.00543	0.00181	0.00845	0.00423	0.00242	0.00845
115	0.01369	0.09515	0.10318	0.04248	0.30545	0.01479	0.27425	0.01830	0.04313	0.01810	0.01121	0.01421	0.00888	0.00514	0.00583	0.00176	0.00783	0.00545	0.00289	0.00829
116	0.01147	0.02959	0.76934	0.01630	0.02476	0.01328	0.02113	0.01811	0.01208	0.01811	0.01026	0.01208	0.00725	0.00543	0.00543	0.00181	0.00845	0.00423	0.00242	0.00845
117	0.00697	0.00498	0.00664	0.00796	0.00830	0.00465	0.00531	0.00796	0.01095	0.01460	0.03153	0.79525	0.03783	0.01792	0.00730	0.00232	0.00332	0.01626	0.00531	0.00465
118	0.71537	0.01224	0.03701	0.00917	0.03024	0.03188	0.02423	0.01754	0.01043	0.05672	0.00885	0.01011	0.00673	0.00539	0.00387	0.00177	0.00491	0.00340	0.00361	0.00654
119	0.00803	0.00592	0.00813	0.00880	0.00971	0.00566	0.02456	0.02834	0.01248	0.01669	0.11677	0.52279	0.05558	0.01612	0.00727	0.00228	0.00381	0.13664	0.00537	0.00505
120	0.01266	0.01070	0.01240	0.02526	0.01447	0.00886	0.00740	0.06429	0.06354	0.02008	0.01130	0.01271	0.00915	0.00468	0.00447	0.00100	0.00446	0.00375	0.00369	0.70510
121	0.00721	0.00568	0.00653	0.00690	0.00822	0.00508	0.00495	0.00905	0.03142	0.01642	0.14673	0.31085	0.39025	0.01512	0.00692	0.00205	0.00306	0.01315	0.00546	0.00495
122	0.01453	0.58323	0.13506	0.01088	0.01590	0.06380	0.01123	0.01709	0.01209	0.01460	0.04328	0.01163	0.00970	0.00653	0.02835	0.00160	0.00683	0.00370	0.00267	0.00730
123	0.01134	0.01574	0.28170	0.01323	0.03387	0.00970	0.06702	0.01585	0.03661	0.07094	0.14873	0.06557	0.05859	0.00952	0.00639	0.00199	0.00606	0.13575	0.00435	0.00707
124	0.00719	0.00534	0.00666	0.00744	0.00828	0.00488	0.00521	0.00851	0.01203	0.01574	0.12065	0.48973	0.20070	0.04081	0.00782	0.00229	0.00330	0.04331	0.00536	0.00476
125	0.00831	0.00556	0.00631	0.00631	0.00633	0.00558	0.00355	0.00836	0.00834	0.01114	0.01796	0.03707	0.02064	0.78072	0.04716	0.00563	0.00578	0.00827	0.00346	0.00351
126	0.02121	0.01575	0.01686	0.01305	0.01753	0.01749	0.01074	0.69319	0.07881	0.03518	0.01442	0.01428	0.01028	0.00693	0.00573	0.00173	0.00617	0.00524	0.00573	0.00968
127	0.01159	0.05379	0.74619	0.01610	0.02444	0.01358	0.02078	0.01808	0.01206	0.01797	0.01019	0.01199	0.00725	0.00542	0.00538	0.00179	0.00838	0.00419	0.00242	0.00842
128	0.00682	0.00581	0.00587	0.00590	0.00782	0.00487	0.00446	0.00829	0.01304	0.01549	0.05731	0.05527	0.74416	0.01452	0.00679	0.00195	0.00295	0.02854	0.00531	0.00484
129	0.02140	0.01585	0.01697	0.01309	0.01761	0.01758	0.01079	0.71155	0.06013	0.03549	0.01417	0.01408	0.01008	0.00691	0.00573	0.00173	0.00621	0.00521	0.00573	0.00970
130	0.01175	0.01005	0.01174	0.00846	0.01343	0.00756	0.00674	0.01425	0.01184	0.01855	0.01066	0.02999	0.00915	0.00455	0.00431	0.00088	0.00421	0.00369	0.00343	0.81476
131	0.01200	0.05303	0.60662	0.01780	0.04232	0.01380	0.13883	0.01810	0.01232	0.01800	0.01041	0.01258	0.00753	0.00531	0.00560	0.00181	0.00853	0.00462	0.00250	0.00831
132	0.01186	0.01017	0.01186	0.00847	0.01356	0.00762	0.00678	0.01440	0.01186	0.01864	0.01017	0.01186	0.00847	0.00424	0.00424	0.00085	0.00424	0.00339	0.00339	0.83395
133	0.00824	0.00615	0.00770	0.00726	0.00876	0.00576	0.00546	0.01145	0.05114	0.02217	0.64843	0.04304	0.12928	0.01181	0.00670	0.00182	0.00281	0.01035	0.00617	0.00551
134	0.02566	0.00973	0.01327	0.01018	0.01460	0.00841	0.00841	0.02788	0.01637	0.76726	0.02257	0.01947	0.01416	0.00708	0.00575	0.00177	0.00487	0.00575	0.00708	0.00973
135	0.02566	0.00973	0.01327	0.01018	0.01460	0.00841	0.00841	0.02788	0.01637	0.76726	0.02257	0.01947	0.01416	0.00708	0.00575	0.00177	0.00487	0.00575	0.00708	0.00973
136	0.02566	0.00973	0.01327	0.01018	0.01460	0.00841	0.00841	0.02788	0.01637	0.76726	0.02257	0.01947	0.01416	0.00708	0.00575	0.00177	0.00487	0.00575	0.00708	0.00973
137	0.02174	0.01602	0.01717	0.01316	0.01774	0.01774	0.01087	0.74423	0.02689	0.03605	0.01373	0.01373	0.00973	0.00687	0.00572	0.00172	0.00629	0.00515	0.00572	0.00973
138	0.00697	0.00498	0.00664	0.00796	0.00830	0.00465	0.00531	0.00796	0.01095	0.01460	0.03153	0.79525	0.03783	0.01792	0.00730	0.00232	0.00332	0.01626	0.00531	0.00465
139	0.83938	0.01106	0.00841	0.00752	0.01106	0.01283	0.00619	0.01681	0.00973	0.02566	0.00796	0.00929	0.00619	0.00531	0.00354	0.00177	0.00442	0.00310	0.00354	0.00619
140	0.01350	0.01543	0.03375	0.02411	0.02989	0.01446	0.74253	0.01832	0.01350	0.01832	0.01157	0.01543	0.00868	0.00482	0.00675	0.00193	0.00964	0.00675	0.00289	0.00771
141	0.00810	0.00585	0.00765	0.00720	0.00855	0.00540	0.00540	0.01079	0.01619	0.02294	0.76028	0.04273	0.05397	0.01169	0.00675	0.00180	0.00270	0.01034	0.00630	0.00540
142	0.00817	0.00613	0.00919	0.00919	0.01021	0.00715	0.00715	0.01021	0.00919	0.01328	0.01532	0.02247	0.01430	0.04290	0.77631	0.00919	0.01532	0.00613	0.00306	0.00511
143	0.01352	0.01538	0.03349	0.02438	0.04774	0.01444	0.72489	0.01830	0.01349	0.01833	0.01155	0.01540	0.00869	0.00483	0.00672	0.00192	0.00957	0.00671	0.00289	0.00775
144	0.02566	0.00973	0.01327	0.01018	0.01460	0.00841	0.00841	0.02788	0.01637	0.76726	0.02257	0.01947	0.01416	0.00708	0.00575	0.00177	0.00487	0.00575	0.00708	0.00973
145	0.01070	0.01000	0.01680	0.72816	0.05668	0.01234	0.01542	0.01437	0.01145	0.01472	0.01122	0.05296	0.00912	0.00629	0.00579	0.00192	0.00739	0.00562	0.00268	0.00634
146	0.00697	0.00498	0.00664	0.00796	0.00830	0.00465	0.00531	0.00796	0.01095	0.01460	0.03153	0.79525	0.03783	0.01792	0.00730	0.00232	0.00332	0.01626	0.00531	0.00465
147	0.01079	0.01000	0.01693	0.69875	0.03665	0.01226	0.03964	0.01453	0.01145	0.01498	0.01076	0.01577	0.00820	0.00706	0.03329	0.00214	0.00776	0.00519	0.03756	0.00631
148	0.01707	0.03548	0.01727	0.22313	0.04092	0.01479	0.03051	0.29932	0.06269	0.09437	0.01331	0.01491	0.00973	0.00657	0.00650	0.00179	0.05819	0.00516	0.00444	0.04383
149	0.01984	0.01815	0.01604	0.03112	0.01763	0.22152	0.01066	0.38558	0.17328	0.02710	0.01430	0.01441	0.01064	0.00676	0.00559	0.00170	0.00705	0.00502	0.00492	0.00867
150	0.74561	0.01095	0.00929	0.07384	0.01358	0.01269	0.00708	0.01694	0.01007	0.04587	0.00857	0.01009	0.00654	0.00539	0.00379	0.00178	0.00471	0.00334	0.00356	0.00631
151	0.01333	0.01833	0.20813	0.04522	0.28915	0.02956	0.27602	0.01800	0.01299	0.01822	0.01087	0.01405	0.00841	0.00511	0.00598	0.00181	0.00830	0.00544	0.00275	0.00832
152	0.00882	0.00611	0.00783	0.00740	0.00897	0.00550	0.00551	0.01116	0.01503	0.05485	0.53713	0.14544	0.10035	0.01219	0.00666	0.00183	0.00297	0.01075	0.00598	0.04554
153	0.00810	0.00585	0.00765	0.00720	0.00855	0.00540	0.00540	0.01079	0.01619	0.02294	0.76028	0.04273	0.05397	0.01169	0.00675	0.00180	0.00270	0.01034	0.00630	0.00540
154	0.02566	0.00973	0.01327	0.01018	0.01460	0.00841	0.00841	0.02788	0.01637	0.76726	0.02257	0.01947	0.01416	0.00708	0.00575	0.00177	0.00487	0.00575	0.00708	0.00973
155	0.00804	0.00584	0.00757	0.00714	0.00851	0.00537	0.00535	0.01068	0.01605	0.02261	0.72972	0.04326	0.08473	0.01182	0.00675	0.00180	0.00271	0.01042	0.00625	0.00537
156	0.01416	0.01359	0.02322	0.03511	0.76330	0.01359	0.01755	0.01755	0.01302	0.01869	0.01076	0.01416	0.00906	0.00510	0.00566	0.00170	0.00680	0.00510	0.00283	0.00906
157	0.00810	0.00585	0.00765	0.00720	0.00855	0.00540	0.00540	0.01079	0.01619	0.02294	0.76028	0.04273	0.05397	0.01169	0.00675	0.00180	0.00270	0.01034	0.00630	0.00540
158	0.01350	0.01543	0.03375	0.02411	0.02989	0.01446	0.74253	0.01832	0.01350	0.01832	0.01157	0.01543	0.00868	0.00482	0.00675	0.00193	0.00964	0.00675	0.00289	0.00771
159	0.01080	0.01017	0.01716	0.78523	0.03940	0.01271	0.01589	0.01461	0.01144	0.01461	0.01017	0.01525	0.00762	0.00572	0.00572	0.00191	0.00762	0.00508	0.00254	0.00635
160	0.01186	0.01017	0.01186	0.00847	0.01356	0.00762	0.00678	0.01440	0.01186	0.01864	0.01017	0.01186	0.00847	0.00424	0.00424	0.00085	0.00424	0.00339	0.00339	0.83395
161	0.83938	0.01106	0.00841	0.00752	0.01106	0.01283	0.00619	0.01681	0.00973	0.02566	0.00796	0.00929	0.00619	0.00531	0.00354	0.00177	0.00442	0.00310	0.00354	0.00619
162	0.00810	0.00585	0.00765	0.00720	0.00855	0.00540	0.00540	0.01079	0.01619	0.02294	0.76028	0.04273	0.05397	0.01169	0.00675	0.00180	0.00270	0.01034	0.00630	0.00540
163	0.01281	0.01400	0.02913	0.22454	0.05050	0.01398	0.53354	0.01733	0.01295	0.01736	0.01118	0.01535	0.00841	0.00506	0.00645	0.00192	0.00904	0.00627	0.00280	0.00739
164	0.02526	0.01039	0.01368	0.01049	0.01493	0.00938	0.00866	0.10238	0.01747	0.69121	0.02165	0.01887	0.01370	0.00706	0.00575	0.00176	0.00502	0.00569	0.00694	0.00973
165	0.02509	0.00991	0.01331	0.01023	0.01459	0.00873	0.00844	0.05732	0.01681	0.71960	0.03924	0.01977	0.01489	0.00718	0.00577	0.00177	0.00488	0.00583	0.00700	0.00963
166	0.00694	0.00585	0.00604	0.00614	0.00803	0.00496	0.00470	0.00847	0.01305	0.01557	0.05593	0.05574	0.70804	0.01458	0.00684	0.00198	0.00307	0.06390	0.00531	0.00486
167	0.04220	0.01435	0.01600	0.01229	0.01680	0.01532	0.01015	0.55005	0.02389	0.21631	0.01578	0.01504	0.01074	0.00688	0.00568	0.00173	0.00590	0.00525	0.00601	0.00964
168	0.00701	0.00501	0.00667	0.00794	0.00830	0.00467	0.00531	0.00806	0.01113	0.01488	0.05617	0.76980	0.03838	0.01771	0.00728	0.00231	0.00330	0.01606	0.00534	0.00467
169	0.01529	0.80242	0.02997	0.00979	0.01468	0.02263	0.00979	0.01713	0.01162	0.01346	0.00795	0.00918	0.00734	0.00489	0.00367	0.00122	0.00612	0.00306	0.00245	0.00734
170	0.00755	0.00641	0.00659	0.00652	0.00849	0.00578	0.00489	0.01049	0.08748	0.01643	0.06831	0.08720	0.63592	0.01392	0.00669	0.00195	0.00308	0.01167	0.00538	0.00526
171	0.00755	0.00540	0.00726	0.00798	0.00844	0.00550	0.00547	0.00864	0.00998	0.01359	0.02459	0.44324	0.02824	0.17005	0.22136	0.00480	0.00701	0.01202	0.00435	0.00455
172	0.00681	0.00580	0.00586	0.00584	0.00775	0.00485	0.00438	0.00830	0.01314	0.01570	0.08169	0.05463	0.73707	0.01439	0.00676	0.00193	0.00289	0.01201	0.00534	0.00485
173	0.00704	0.00503	0.00672	0.00804	0.00841	0.00471	0.00543	0.00809	0.01102	0.01468	0.03149	0.77237	0.03768	0.01785	0.00732	0.00233	0.00338	0.03845	0.00531	0.00467
174	0.01085	0.01023	0.01717	0.76570	0.03878	0.01283	0.01580	0.01459	0.01137	0.01459	0.01010	0.01518	0.00762	0.00583	0.00605	0.00192	0.02743	0.00508	0.00254	0.00635
175	0.00980	0.00783	0.00985	0.00909	0.01024	0.04230	0.04155	0.05035	0.01058	0.01420	0.03456	0.02818	0.03160	0.33715	0.33105	0.00631	0.00989	0.00708	0.00348	0.00490
176	0.00752	0.00536	0.00677	0.00768	0.00851	0.00488	0.00537	0.00875	0.01174	0.03368	0.05420	0.57429	0.18387	0.01671	0.00717	0.00223	0.00335	0.04770	0.00538	0.00486
177	0.02478	0.00969	0.01310	0.01011	0.01439	0.00847	0.00832	0.04249	0.01659	0.71772	0.05591	0.02040	0.01587	0.00728	0.00580	0.00177	0.00480	0.00595	0.00701	0.00954
178	0.74414	0.01136	0.00962	0.00916	0.04783	0.01297	0.00700	0.04816	0.01079	0.04439	0.00871	0.00997	0.00668	0.00541	0.00379	0.00176	0.00463	0.00335	0.00369	0.00657
179	0.00745	0.00539	0.00695	0.00748	0.00824	0.00504	0.00519	0.00897	0.01251	0.01700	0.26277	0.42582	0.09094	0.07382	0.03277	0.00258	0.00363	0.01320	0.00542	0.00482
180	0.01146	0.00670	0.00815	0.00750	0.00962	0.00594	0.00569	0.01358	0.02946	0.18288	0.21051	0.13794	0.30322	0.03219	0.00715	0.00201	0.00344	0.01060	0.00590	0.00607
181	0.01193	0.01132	0.01919	0.53340	0.28243	0.01300	0.01645	0.01560	0.01197	0.01598	0.01037	0.01488	0.00811	0.00551	0.00570	0.00184	0.00735	0.00509	0.00264	0.00726
182	0.01310	0.01247	0.01946	0.31021	0.38404	0.03492	0.01566	0.03261	0.06728	0.01771	0.01262	0.01597	0.02740	0.00581	0.00571	0.00179	0.00693	0.00532	0.00307	0.00790
183	0.01972	0.00879	0.01151	0.00925	0.01274	0.00785	0.00748	0.05684	0.01657	0.49218	0.20288	0.02765	0.08335	0.00877	0.00607	0.00179	0.00426	0.00734	0.00668	0.00830
184	0.43657	0.01005	0.01070	0.11714	0.01559	0.01095	0.00795	0.01853	0.01167	0.21309	0.01361	0.05204	0.01063	0.04251	0.00576	0.00199	0.00498	0.00493	0.00439	0.00693
185	0.01398	0.01384	0.02202	0.16203	0.57872	0.05765	0.03417	0.01738	0.01295	0.01771	0.01057	0.01415	0.00871	0.00524	0.00567	0.00173	0.00721	0.00505	0.00279	0.00842
186	0.00748	0.00521	0.00646	0.00725	0.00750	0.00499	0.00458	0.00811	0.01000	0.01328	0.02703	0.48806	0.04919	0.31560	0.01560	0.00354	0.00416	0.01313	0.00461	0.00420
187	0.02137	0.02726	0.01621	0.01474	0.01768	0.77602	0.01105	0.02284	0.01621	0.01400	0.00884	0.01031	0.00737	0.00589	0.00516	0.00147	0.01031	0.00368	0.00295	0.00663
188	0.01560	0.01297	0.01371	0.01192	0.01540	0.01487	0.00939	0.16066	0.62046	0.02614	0.02154	0.01995	0.01605	0.00760	0.00580	0.00190	0.00485	0.00623	0.00580	0.00918
189	0.01529	0.80242	0.02997	0.00979	0.01468	0.02263	0.00979	0.01713	0.01162	0.01346	0.00795	0.00918	0.00734	0.00489	0.00367	0.00122	0.00612	0.00306	0.00245	0.00734
190	0.00699	0.00500	0.00666	0.00795	0.00830	0.00466	0.00531	0.00803	0.01106	0.01478	0.04723	0.77904	0.03818	0.01779	0.00729	0.00231	0.00331	0.01613	0.00533	0.00466
191	0.01319	0.01570	0.07663	0.02183	0.02770	0.01361	0.61348	0.01786	0.01322	0.01835	0.01133	0.01481	0.00857	0.00479	0.00638	0.00180	0.00895	0.00621	0.00292	0.10268
192	0.02538	0.01019	0.01356	0.01039	0.01483	0.00909	0.00859	0.07996	0.01714	0.71409	0.02192	0.01905	0.01384	0.00706	0.00575	0.00177	0.00497	0.00571	0.00698	0.00973
193	0.00793	0.00582	0.00743	0.00707	0.00845	0.00532	0.00529	0.01046	0.01574	0.02195	0.66939	0.06209	0.12746	0.01213	0.00676	0.00183	0.00273	0.01067	0.00617	0.00532
194	0.00778	0.00569	0.00730	0.00721	0.00843	0.00521	0.00529	0.01006	0.01498	0.02079	0.56822	0.17777	0.11385	0.01305	0.00685	0.00190	0.00283	0.01155	0.00603	0.00521
195	0.01529	0.80242	0.02997	0.00979	0.01468	0.02263	0.00979	0.01713	0.01162	0.01346	0.00795	0.00918	0.00734	0.00489	0.00367	0.00122	0.00612	0.00306	0.00245	0.00734
196	0.01157	0.04908	0.75069	0.01614	0.02450	0.01352	0.02085	0.01809	0.01206	0.01800	0.01021	0.01200	0.00725	0.00542	0.00539	0.00180	0.00839	0.00420	0.00242	0.00843
197	0.00994	0.00497	0.00745	0.00745	0.00745	0.00497	0.00497	0.00745	0.00745	0.00994	0.00994	0.01739	0.00994	0.01987	0.02235	0.83358	0.00497	0.00497	0.00248	0.00248
198	0.02542	0.00979	0.01327	0.01021	0.01461	0.00853	0.00842	0.02793	0.03220	0.75129	0.02258	0.01951	0.01423	0.00709	0.00575	0.00177	0.00486	0.00577	0.00705	0.00972
199	0.02056	0.01495	0.01616	0.01269	0.01697	0.01650	0.01037	0.60090	0.11728	0.06715	0.01584	0.03723	0.01170	0.00730	0.00578	0.00176	0.00592	0.00566	0.00578	0.00950
200	0.02174	0.01602	0.01717	0.01316	0.01774	0.01774	0.01087	0.74423	0.02689	0.03605	0.01373	0.01373	0.00973	0.00687	0.00572	0.00172	0.00629	0.00515	0.00572	0.00973
201	0.00697	0.00498	0.00664	0.00796	0.00830	0.00465	0.00531	0.00796	0.01095	0.01460	0.03153	0.79525	0.03783	0.01792	0.00730	0.00232	0.00332	0.01626	0.00531	0.00465
202	0.00832	0.00555	0.00624	0.00624	0.00624	0.00555	0.00347	0.00832	0.00832	0.01109	0.01802	0.03743	0.02080	0.79898	0.02911	0.00555	0.00555	0.00832	0.00347	0.00347
203	0.01154	0.01092	0.01849	0.62050	0.19837	0.01290	0.01625	0.01526	0.01179	0.01551	0.01030	0.01501	0.00794	0.00558	0.00571	0.00186	0.00744	0.00509	0.00261	0.00695
204	0.01147	0.02959	0.76934	0.01630	0.02476	0.01328	0.02113	0.01811	0.01208	0.01811	0.01026	0.01208	0.00725	0.00543	0.00543	0.00181	0.00845	0.00423	0.00242	0.00845
205	0.00916	0.00654	0.00915	0.01047	0.01176	0.00653	0.00912	0.01175	0.01311	0.01705	0.03032	0.08305	0.03304	0.01585	0.00789	0.00263	0.00522	0.70683	0.00527	0.00525
206	0.01529	0.80242	0.02997	0.00979	0.01468	0.02263	0.00979	0.01713	0.01162	0.01346	0.00795	0.00918	0.00734	0.00489	0.00367	0.00122	0.00612	0.00306	0.00245	0.00734
207	0.00817	0.00613	0.00919	0.00919	0.01021	0.00715	0.00715	0.01021	0.00919	0.01328	0.01532	0.02247	0.01430	0.04290	0.77631	0.00919	0.01532	0.00613	0.00306	0.00511
208	0.01187	0.01179	0.01820	0.38491	0.14244	0.07082	0.09943	0.01519	0.01260	0.01624	0.06796	0.09527	0.01442	0.00720	0.00602	0.00188	0.00715	0.00669	0.00322	0.00671
209	0.03818	0.01596	0.08901	0.05472	0.19950	0.13963	0.07301	0.02150	0.03146	0.23797	0.01532	0.01612	0.02920	0.00616	0.00565	0.00173	0.00704	0.00527	0.00420	0.00838
210	0.01147	0.02959	0.76934	0.01630	0.02476	0.01328	0.02113	0.01811	0.01208	0.01811	0.01026	0.01208	0.00725	0.00543	0.00543	0.00181	0.00845	0.00423	0.00242	0.00845
211	0.02566	0.00973	0.01327	0.01018	0.01460	0.00841	0.00841	0.02788	0.01637	0.76726	0.02257	0.01947	0.01416	0.00708	0.00575	0.00177	0.00487	0.00575	0.00708	0.00973
212	0.01398	0.05010	0.02039	0.32856	0.12626	0.13765	0.12355	0.05051	0.01356	0.01670	0.01153	0.01698	0.00955	0.00616	0.00582	0.00182	0.00798	0.04881	0.00301	0.00710
213	0.02137	0.02703	0.01623	0.01470	0.01768	0.76023	0.01105	0.03786	0.01643	0.01446	0.00894	0.01039	0.00742	0.00591	0.00517	0.00148	0.01023	0.00371	0.00300	0.00670
214	0.83938	0.01106	0.00841	0.00752	0.01106	0.01283	0.00619	0.01681	0.00973	0.02566	0.00796	0.00929	0.00619	0.00531	0.00354	0.00177	0.00442	0.00310	0.00354	0.00619
215	0.00825	0.00610	0.00737	0.02700	0.00952	0.00570	0.00561	0.04455	0.01299	0.03479	0.09881	0.41035	0.27750	0.01516	0.00692	0.00210	0.00342	0.01330	0.00538	0.00518
216	0.01374	0.01316	0.02246	0.12899	0.67270	0.01348	0.01735	0.01719	0.01283	0.01818	0.01068	0.01429	0.00888	0.00517	0.00567	0.00172	0.00690	0.00509	0.00280	0.00872
217	0.00832	0.00555	0.00624	0.00624	0.00624	0.00555	0.00347	0.00832	0.00832	0.01109	0.01802	0.03743	0.02080	0.79898	0.02911	0.00555	0.00555	0.00832	0.00347	0.00347
218	0.01104	0.01041	0.01758	0.73289	0.08991	0.01277	0.01600	0.01482	0.01155	0.01490	0.01021	0.01517	0.00773	0.00568	0.00571	0.00189	0.00757	0.00508	0.00256	0.00654
219	0.01344	0.01889	0.22462	0.05626	0.28476	0.04891	0.23364	0.01806	0.01300	0.01804	0.01076	0.01385	0.00833	0.00517	0.00590	0.00180	0.00828	0.00529	0.00273	0.00828
220	0.00708	0.00506	0.00676	0.00809	0.00847	0.00474	0.00550	0.00815	0.01106	0.01472	0.03147	0.75989	0.03759	0.01782	0.00733	0.00234	0.00341	0.05054	0.00531	0.00468
221	0.00819	0.00605	0.00879	0.00879	0.00967	0.00693	0.00665	0.00996	0.00907	0.01298	0.01569	0.02451	0.01519	0.14611	0.67432	0.00869	0.01399	0.00643	0.00312	0.00488
