[name]
unknown

[dist]
# distance from previous block
# <min> <max>
4	111

[block]
# block no. 0 follows, 44 sequences, length 17
# corresponding to MSA columns:
# 123-139
name=unknown_A
#
# <colnr> <probs for GDERKNQSTAVLIFYWHMCP>
#	G	D	E	R	K	N	Q	S	T	A	V	L	I	F	Y	W	H	M	C	P
0	0.04058	0.01478	0.06589	0.11506	0.08983	0.10567	0.23981	0.03595	0.03888	0.01696	0.01167	0.03661	0.02245	0.00588	0.00644	0.00171	0.06484	0.00539	0.00300	0.07860
1	0.03534	0.00659	0.00779	0.00764	0.02664	0.00624	0.02507	0.01021	0.04097	0.01676	0.16971	0.04390	0.46598	0.02905	0.00714	0.00192	0.03118	0.04221	0.02056	0.00510
2	0.10855	0.07676	0.13635	0.01295	0.04258	0.01134	0.11794	0.03786	0.01364	0.32557	0.05218	0.01586	0.01199	0.00599	0.00523	0.00167	0.00587	0.00510	0.00455	0.00803
3	0.01007	0.00803	0.07415	0.00795	0.01023	0.00613	0.00672	0.01264	0.01426	0.11635	0.47033	0.09402	0.08488	0.02791	0.00664	0.00181	0.00346	0.00911	0.00551	0.02979
4	0.00788	0.00599	0.00725	0.00692	0.00841	0.00564	0.00521	0.01098	0.06540	0.01983	0.51686	0.04235	0.20372	0.03845	0.00712	0.00190	0.00290	0.03234	0.00565	0.00520
5	0.00832	0.06787	0.01015	0.00867	0.00988	0.00788	0.00684	0.01016	0.00890	0.01257	0.01418	0.02112	0.01341	0.07472	0.69026	0.00801	0.01348	0.00572	0.00289	0.00496
6	0.11519	0.01373	0.12305	0.32957	0.10266	0.01257	0.17819	0.01596	0.01146	0.03254	0.01004	0.01344	0.00753	0.00514	0.00537	0.00177	0.00729	0.00487	0.00271	0.00692
7	0.07472	0.00976	0.01571	0.73461	0.03547	0.01212	0.01443	0.01409	0.01078	0.01474	0.00953	0.01410	0.00716	0.00542	0.00529	0.00181	0.00703	0.00470	0.00250	0.00604
8	0.01080	0.01046	0.01846	0.65709	0.09101	0.01235	0.09371	0.01451	0.01122	0.01459	0.00987	0.01448	0.00748	0.00532	0.00555	0.00180	0.00741	0.00501	0.00248	0.00638
9	0.01209	0.01184	0.01935	0.29781	0.35180	0.04027	0.06871	0.01534	0.01195	0.01616	0.04414	0.03348	0.01055	0.00582	0.00604	0.00174	0.03752	0.00539	0.00280	0.00719
10	0.01422	0.01114	0.04807	0.07917	0.11358	0.01019	0.03440	0.08312	0.09544	0.14399	0.05462	0.07694	0.01437	0.00674	0.00534	0.00156	0.00513	0.00584	0.00435	0.19179
11	0.02678	0.04673	0.09931	0.14596	0.05371	0.02995	0.09184	0.03559	0.07056	0.04846	0.03964	0.05369	0.01157	0.00628	0.00605	0.00161	0.05739	0.00531	0.00339	0.16618
12	0.01417	0.05965	0.17900	0.07727	0.16477	0.10358	0.03931	0.11563	0.01413	0.03839	0.04210	0.01497	0.03787	0.00613	0.00597	0.00165	0.05005	0.00490	0.00328	0.02718
13	0.01369	0.02731	0.14582	0.01461	0.10494	0.08382	0.06031	0.05617	0.09002	0.08615	0.05300	0.03915	0.08189	0.00711	0.00615	0.00168	0.04936	0.00585	0.00389	0.06905
14	0.06472	0.04416	0.01527	0.01159	0.01547	0.05905	0.08448	0.15673	0.15832	0.10230	0.01552	0.04186	0.02920	0.00646	0.00543	0.00157	0.02254	0.00530	0.00445	0.15558
15	0.05788	0.01457	0.04963	0.05167	0.05874	0.13307	0.08558	0.15583	0.05580	0.02007	0.02754	0.08131	0.01166	0.00679	0.00601	0.00163	0.05139	0.00554	0.00372	0.12156
16	0.04224	0.18183	0.06403	0.11359	0.06321	0.06595	0.08208	0.01673	0.07406	0.03601	0.01387	0.02823	0.06082	0.00623	0.00575	0.00159	0.05527	0.00499	0.00317	0.08034

[dist]
# distance from previous block
# <min> <max>
14	24

[block]
# block no. 1 follows, 44 sequences, length 21
# corresponding to MSA columns:
# 180-186,188-201
name=unknown_B
#
# <colnr> <probs for GDERKNQSTAVLIFYWHMCP>
#	G	D	E	R	K	N	Q	S	T	A	V	L	I	F	Y	W	H	M	C	P
0	0.08163	0.03537	0.01294	0.01149	0.09508	0.08344	0.00807	0.01602	0.01204	0.09575	0.01190	0.06201	0.01015	0.00548	0.00453	0.00121	0.00493	0.00441	0.00359	0.43995
1	0.05886	0.01282	0.01262	0.04631	0.01434	0.16387	0.03016	0.12705	0.04500	0.01927	0.13701	0.03439	0.01615	0.00832	0.00754	0.09216	0.04179	0.00541	0.00390	0.12302
2	0.01348	0.01318	0.02184	0.08074	0.68517	0.03571	0.03658	0.01672	0.01242	0.01742	0.01019	0.01348	0.00849	0.00491	0.00541	0.00163	0.00670	0.00486	0.00269	0.00837
3	0.01050	0.00990	0.01672	0.74716	0.08411	0.01217	0.01524	0.01411	0.01100	0.01417	0.00973	0.01447	0.00735	0.00541	0.00545	0.00180	0.00722	0.00485	0.00244	0.00622
4	0.01038	0.08841	0.01094	0.00833	0.01082	0.00971	0.00661	0.03371	0.25785	0.01978	0.24742	0.03236	0.20394	0.00964	0.00578	0.00171	0.00362	0.00809	0.00519	0.02572
5	0.01983	0.10158	0.01752	0.01222	0.01651	0.05236	0.01021	0.62128	0.04560	0.03073	0.01255	0.01269	0.00914	0.00632	0.00522	0.00158	0.00611	0.00467	0.00500	0.00887
6	0.00956	0.00527	0.00810	0.09214	0.01039	0.00553	0.00586	0.00784	0.00751	0.00995	0.00949	0.01635	0.00923	0.01748	0.01960	0.75080	0.00501	0.00475	0.00237	0.00277
7	0.01942	0.02252	0.01546	0.01494	0.07346	0.60184	0.01065	0.02241	0.09064	0.06238	0.01077	0.01171	0.00852	0.00581	0.00505	0.00148	0.00870	0.00400	0.00332	0.00691
8	0.01030	0.00969	0.01635	0.79530	0.03755	0.01211	0.01514	0.01393	0.01090	0.01393	0.00969	0.01453	0.00727	0.00545	0.00545	0.00182	0.00727	0.00484	0.00242	0.00606
9	0.02055	0.01589	0.01583	0.01241	0.01649	0.09923	0.01010	0.62359	0.02362	0.06732	0.01309	0.01355	0.00949	0.02602	0.00594	0.00170	0.00633	0.00486	0.00518	0.00881
10	0.00664	0.00474	0.00633	0.00759	0.00791	0.00443	0.00506	0.00759	0.01044	0.01392	0.03005	0.80485	0.03606	0.01708	0.00696	0.00221	0.00316	0.01550	0.00506	0.00443
11	0.02023	0.01489	0.01596	0.01229	0.01649	0.01646	0.01009	0.72756	0.02495	0.03345	0.01325	0.01395	0.00968	0.03726	0.00631	0.00178	0.00597	0.00502	0.00537	0.00904
12	0.01052	0.00907	0.00943	0.00872	0.01127	0.00974	0.00672	0.01995	0.44374	0.01936	0.03628	0.03404	0.33891	0.01013	0.00593	0.00185	0.00365	0.00844	0.00534	0.00691
13	0.01064	0.01004	0.01698	0.71310	0.11705	0.01220	0.01531	0.01423	0.01106	0.01435	0.00975	0.01442	0.00742	0.00539	0.00544	0.00180	0.00718	0.00485	0.00245	0.00633
14	0.84691	0.01054	0.00801	0.00717	0.01054	0.01223	0.00590	0.01603	0.00928	0.02446	0.00759	0.00886	0.00590	0.00506	0.00337	0.00169	0.00422	0.00295	0.00337	0.00590
15	0.01030	0.00969	0.01635	0.79530	0.03755	0.01211	0.01514	0.01393	0.01090	0.01393	0.00969	0.01453	0.00727	0.00545	0.00545	0.00182	0.00727	0.00484	0.00242	0.00606
16	0.01331	0.01665	0.24277	0.01224	0.01686	0.01303	0.01201	0.13530	0.35755	0.02266	0.06785	0.01870	0.03275	0.00700	0.00550	0.00177	0.00554	0.00570	0.00458	0.00823
17	0.02072	0.01527	0.01636	0.01254	0.01691	0.01691	0.01036	0.75622	0.02563	0.03436	0.01309	0.01309	0.00927	0.00654	0.00545	0.00164	0.00600	0.00491	0.00545	0.00927
18	0.00660	0.00553	0.00575	0.00569	0.00746	0.00467	0.00427	0.00814	0.01281	0.01563	0.14571	0.05098	0.68114	0.01347	0.00644	0.00182	0.00274	0.01130	0.00518	0.00467
19	0.01830	0.00789	0.01055	0.00870	0.01154	0.00713	0.00680	0.03495	0.01348	0.47886	0.05049	0.05266	0.04539	0.09093	0.04514	0.09299	0.00499	0.00644	0.00557	0.00720
20	0.00900	0.00578	0.00730	0.00695	0.00834	0.00526	0.00509	0.01091	0.01368	0.09026	0.43393	0.13810	0.14371	0.08703	0.00842	0.00213	0.00313	0.01022	0.00557	0.00519

[dist]
# distance from previous block
# <min> <max>
3	8

[block]
# block no. 2 follows, 44 sequences, length 9
# corresponding to MSA columns:
# 224-231,240
name=unknown_C
#
# <colnr> <probs for GDERKNQSTAVLIFYWHMCP>
#	G	D	E	R	K	N	Q	S	T	A	V	L	I	F	Y	W	H	M	C	P
0	0.08814	0.01247	0.04829	0.11899	0.06963	0.01240	0.30517	0.04004	0.01247	0.05402	0.07281	0.04353	0.01254	0.00636	0.00689	0.00184	0.07806	0.00608	0.00334	0.00691
1	0.01114	0.00991	0.01306	0.03758	0.01469	0.00844	0.05996	0.01358	0.01112	0.01702	0.01085	0.06054	0.00971	0.00534	0.00548	0.00112	0.06434	0.00438	0.00322	0.63852
2	0.01324	0.01546	0.06379	0.07784	0.14623	0.07571	0.46110	0.01730	0.01274	0.01694	0.01049	0.01383	0.00808	0.00479	0.00593	0.00172	0.00843	0.00560	0.00272	0.03805
3	0.03692	0.01276	0.04350	0.01944	0.12537	0.01185	0.37178	0.01684	0.01236	0.09279	0.01311	0.08067	0.01100	0.00615	0.00654	0.00176	0.04999	0.00636	0.00336	0.07745
4	0.01303	0.01405	0.07535	0.17449	0.54622	0.04906	0.01639	0.01648	0.01221	0.01683	0.01003	0.01337	0.00818	0.00503	0.00537	0.00165	0.00690	0.00473	0.00262	0.00800
5	0.09476	0.01376	0.06833	0.01882	0.19536	0.04823	0.20849	0.01637	0.01198	0.03393	0.01054	0.02978	0.00862	0.00512	0.00553	0.00154	0.02910	0.00485	0.00301	0.19191
6	0.03613	0.05701	0.12529	0.03710	0.05695	0.01058	0.09892	0.05422	0.01327	0.20514	0.01375	0.01469	0.00991	0.00548	0.00495	0.00149	0.00563	0.00469	0.10284	0.14197
7	0.18539	0.01008	0.01460	0.31202	0.21886	0.01125	0.01202	0.01436	0.01143	0.01784	0.07427	0.01793	0.06603	0.00628	0.00515	0.00173	0.00572	0.00534	0.00317	0.00652
8	0.01489	0.01102	0.01611	0.45178	0.12474	0.05943	0.01327	0.01795	0.01256	0.20626	0.01265	0.01512	0.00899	0.00571	0.00542	0.00173	0.00667	0.00492	0.00357	0.00721

[dist]
# distance from previous block
# <min> <max>
6	19

[block]
# block no. 3 follows, 44 sequences, length 26
# corresponding to MSA columns:
# 261-282,287-290
name=unknown_D
#
# <colnr> <probs for GDERKNQSTAVLIFYWHMCP>
#	G	D	E	R	K	N	Q	S	T	A	V	L	I	F	Y	W	H	M	C	P
0	0.01152	0.00932	0.01209	0.00932	0.01320	0.00802	0.04697	0.02816	0.03594	0.05360	0.02629	0.04433	0.01131	0.01054	0.12046	0.00223	0.02224	0.00464	0.00355	0.52626
1	0.01747	0.35855	0.02141	0.01273	0.05214	0.31216	0.01026	0.11035	0.02992	0.01613	0.00901	0.01016	0.00756	0.00533	0.00441	0.00135	0.00738	0.00355	0.00298	0.00713
2	0.00769	0.00530	0.00650	0.00668	0.00694	0.00538	0.00420	0.00825	0.00876	0.01189	0.04939	0.15619	0.02273	0.53080	0.14150	0.00519	0.00628	0.00889	0.00363	0.00380
3	0.01406	0.22550	0.26050	0.07536	0.04844	0.01528	0.08932	0.09610	0.04771	0.06209	0.01094	0.01240	0.00824	0.00533	0.00496	0.00159	0.00689	0.00435	0.00312	0.00780
4	0.01334	0.01378	0.06069	0.03223	0.71338	0.01296	0.03978	0.01678	0.01238	0.01777	0.01025	0.01343	0.00854	0.00487	0.00542	0.00163	0.00664	0.00486	0.00268	0.00857
5	0.01069	0.02685	0.73571	0.01508	0.02269	0.01219	0.01928	0.01671	0.01145	0.01707	0.01095	0.05708	0.00858	0.00586	0.00528	0.00175	0.00778	0.00469	0.00246	0.00785
6	0.01165	0.01117	0.01920	0.42204	0.34546	0.01235	0.04797	0.01511	0.01166	0.01573	0.01113	0.01506	0.02709	0.00537	0.00550	0.00174	0.00691	0.00509	0.00262	0.00716
7	0.02032	0.01359	0.15778	0.01160	0.03451	0.03220	0.01060	0.05707	0.03605	0.50717	0.01861	0.04851	0.01275	0.00680	0.00547	0.00171	0.00547	0.00553	0.00553	0.00873
8	0.00779	0.00584	0.00876	0.00876	0.00974	0.00681	0.00681	0.00974	0.00876	0.01266	0.01460	0.02142	0.01363	0.04089	0.78680	0.00876	0.01460	0.00584	0.00292	0.00487
9	0.00793	0.00529	0.00595	0.00595	0.00595	0.00529	0.00330	0.00793	0.00793	0.01057	0.01718	0.03568	0.01982	0.80840	0.02775	0.00529	0.00529	0.00793	0.00330	0.00330
10	0.01182	0.01936	0.32161	0.09338	0.02678	0.01333	0.36268	0.01684	0.01194	0.01684	0.01023	0.01331	0.00759	0.00514	0.00639	0.00182	0.04570	0.00527	0.00253	0.00744
11	0.01134	0.08601	0.68568	0.01598	0.06080	0.01334	0.01916	0.01717	0.01152	0.01696	0.00964	0.01140	0.00700	0.00512	0.00506	0.00168	0.00781	0.00399	0.00232	0.00801
12	0.00756	0.00552	0.00710	0.00680	0.00807	0.00506	0.00506	0.00995	0.01492	0.02087	0.67495	0.08593	0.10443	0.01169	0.00646	0.00175	0.00262	0.01031	0.00588	0.00506
13	0.01458	0.81168	0.02857	0.00933	0.01399	0.02157	0.00933	0.01632	0.01108	0.01283	0.00758	0.00875	0.00700	0.00466	0.00350	0.00117	0.00583	0.00292	0.00233	0.00700
14	0.02187	0.09783	0.05335	0.01015	0.01454	0.01051	0.00892	0.09606	0.01588	0.56247	0.03966	0.01722	0.01311	0.00655	0.00528	0.00163	0.00502	0.00520	0.00590	0.00885
15	0.00923	0.02224	0.04659	0.00736	0.00834	0.00717	0.00521	0.05285	0.05317	0.01321	0.01679	0.04613	0.01812	0.60220	0.06546	0.00475	0.00590	0.00740	0.00350	0.00437
16	0.01114	0.07321	0.73698	0.01518	0.02304	0.01317	0.01952	0.01721	0.01149	0.01701	0.00966	0.01135	0.00691	0.00515	0.00508	0.00169	0.00793	0.00396	0.00230	0.00800
17	0.00664	0.00474	0.00633	0.00759	0.00791	0.00443	0.00506	0.00759	0.01044	0.01392	0.03005	0.80485	0.03606	0.01708	0.00696	0.00221	0.00316	0.01550	0.00506	0.00443
18	0.00741	0.00540	0.00716	0.00819	0.00902	0.00509	0.00618	0.00895	0.01138	0.01501	0.05111	0.48507	0.08680	0.01580	0.00702	0.00224	0.00371	0.23767	0.00504	0.02177
19	0.01040	0.02443	0.65141	0.01409	0.02102	0.01141	0.01764	0.01610	0.01216	0.01803	0.13667	0.01638	0.01432	0.00617	0.00539	0.00172	0.00714	0.00500	0.00292	0.00757
20	0.01093	0.02820	0.78016	0.01554	0.02360	0.01266	0.02014	0.01727	0.01151	0.01727	0.00978	0.01151	0.00691	0.00518	0.00518	0.00173	0.00806	0.00403	0.00230	0.00806
21	0.02031	0.01506	0.01613	0.01246	0.01675	0.01671	0.01026	0.71403	0.06850	0.03369	0.01362	0.01351	0.00970	0.00659	0.00546	0.00165	0.00590	0.00498	0.00546	0.00923
22	0.01130	0.00969	0.01130	0.00807	0.01292	0.00727	0.00646	0.01373	0.01130	0.01776	0.00969	0.01130	0.00807	0.00404	0.00404	0.00081	0.00404	0.00323	0.00323	0.84173
23	0.02072	0.01527	0.01636	0.01254	0.01691	0.01691	0.01036	0.75622	0.02563	0.03436	0.01309	0.01309	0.00927	0.00654	0.00545	0.00164	0.00600	0.00491	0.00545	0.00927
24	0.01130	0.00969	0.01130	0.00807	0.01292	0.00727	0.00646	0.01373	0.01130	0.01776	0.00969	0.01130	0.00807	0.00404	0.00404	0.00081	0.00404	0.00323	0.00323	0.84173
25	0.01440	0.01512	0.02002	0.05023	0.54632	0.16654	0.03159	0.01722	0.01298	0.01664	0.01216	0.01479	0.04683	0.00547	0.00538	0.00160	0.00704	0.00496	0.00283	0.00787

[dist]
# distance from previous block
# <min> <max>
0	7

[block]
# block no. 4 follows, 44 sequences, length 7
# corresponding to MSA columns:
# 298-304
name=unknown_E
#
# <colnr> <probs for GDERKNQSTAVLIFYWHMCP>
#	G	D	E	R	K	N	Q	S	T	A	V	L	I	F	Y	W	H	M	C	P
0	0.26127	0.01236	0.01196	0.03265	0.03148	0.08125	0.00836	0.22188	0.03585	0.09114	0.04400	0.01788	0.01238	0.03424	0.00571	0.00183	0.00538	0.05797	0.02530	0.00711
1	0.01534	0.01156	0.01252	0.01082	0.01413	0.01288	0.00854	0.12195	0.54283	0.10947	0.02273	0.02095	0.05644	0.00756	0.00558	0.00180	0.00449	0.00621	0.00564	0.00857
2	0.00947	0.00473	0.00710	0.00710	0.00710	0.00473	0.00473	0.00710	0.00710	0.00947	0.00947	0.01657	0.00947	0.01894	0.02131	0.84138	0.00473	0.00473	0.00237	0.00237
3	0.01384	0.01183	0.06729	0.01116	0.05576	0.07496	0.00874	0.02020	0.23804	0.15246	0.15117	0.02618	0.12835	0.00838	0.00573	0.00174	0.00471	0.00698	0.00514	0.00734
4	0.03253	0.01007	0.01335	0.09423	0.15766	0.03087	0.01044	0.07875	0.11522	0.07308	0.09614	0.05796	0.02055	0.00902	0.00603	0.00191	0.00527	0.17536	0.00455	0.00699
5	0.58947	0.12263	0.09499	0.00872	0.01284	0.01386	0.00820	0.06346	0.01081	0.02272	0.00818	0.00940	0.00638	0.00511	0.00372	0.00162	0.00497	0.00319	0.00325	0.00650
6	0.01269	0.06399	0.07664	0.01106	0.01406	0.12562	0.05662	0.04136	0.05151	0.07057	0.14412	0.03229	0.09100	0.00948	0.00602	0.00184	0.00568	0.17462	0.00447	0.00635

[dist]
# distance from previous block
# <min> <max>
0	6

[block]
# block no. 5 follows, 44 sequences, length 15
# corresponding to MSA columns:
# 311-325
name=unknown_F
#
# <colnr> <probs for GDERKNQSTAVLIFYWHMCP>
#	G	D	E	R	K	N	Q	S	T	A	V	L	I	F	Y	W	H	M	C	P
0	0.03302	0.01026	0.08889	0.00950	0.01284	0.00822	0.04014	0.03436	0.09304	0.09116	0.18606	0.03055	0.15172	0.00898	0.00578	0.00169	0.00436	0.06591	0.00481	0.11871
1	0.00876	0.02483	0.07015	0.00865	0.03405	0.00692	0.00697	0.04312	0.03942	0.01789	0.17776	0.17302	0.23953	0.01168	0.00613	0.00184	0.00371	0.05315	0.06688	0.00554
2	0.01300	0.07089	0.01593	0.01129	0.01505	0.01221	0.06846	0.09597	0.07283	0.01869	0.01053	0.01243	0.00865	0.00573	0.00712	0.00139	0.15704	0.00418	0.00339	0.39523
3	0.01246	0.22854	0.01865	0.07284	0.07778	0.01533	0.01058	0.04922	0.04284	0.01516	0.01126	0.09180	0.01088	0.00871	0.03121	0.00199	0.25066	0.00539	0.00300	0.04171
4	0.00666	0.00491	0.00624	0.00722	0.00783	0.00449	0.00492	0.00776	0.01100	0.01444	0.07045	0.64704	0.15453	0.01627	0.00685	0.00213	0.00307	0.01458	0.00511	0.00449
5	0.01632	0.01246	0.01254	0.01008	0.01360	0.06943	0.00808	0.34047	0.07856	0.04263	0.01417	0.01489	0.01066	0.00610	0.00483	0.00142	0.00503	0.00469	0.19251	0.14154
6	0.02110	0.01274	0.01456	0.01137	0.01552	0.01340	0.00933	0.41036	0.11682	0.29048	0.01717	0.01591	0.01168	0.00672	0.00548	0.00168	0.00531	0.00527	0.00591	0.00919
7	0.00899	0.00753	0.01067	0.32161	0.02005	0.00794	0.00895	0.01156	0.01237	0.03862	0.15673	0.03212	0.28000	0.00929	0.00589	0.00175	0.00465	0.00795	0.00412	0.04922
8	0.00682	0.00488	0.00635	0.00734	0.00776	0.00455	0.00491	0.00784	0.01072	0.01433	0.08949	0.66252	0.05931	0.07531	0.00844	0.00239	0.00326	0.01436	0.00501	0.00441
9	0.12016	0.06498	0.47866	0.01536	0.05361	0.08431	0.07510	0.01746	0.01171	0.01764	0.00938	0.01121	0.00698	0.00512	0.00494	0.00167	0.00763	0.00401	0.00254	0.00753
10	0.01257	0.01178	0.01938	0.30776	0.44651	0.01280	0.01556	0.03962	0.04890	0.01717	0.01072	0.01419	0.00855	0.00525	0.00543	0.00170	0.00664	0.00492	0.00282	0.00772
11	0.00947	0.00473	0.00710	0.00710	0.00710	0.00473	0.00473	0.00710	0.00710	0.00947	0.00947	0.01657	0.00947	0.01894	0.02131	0.84138	0.00473	0.00473	0.00237	0.00237
12	0.00864	0.00741	0.01045	0.16278	0.10474	0.03432	0.00858	0.01039	0.01094	0.01436	0.02302	0.53085	0.02624	0.01299	0.00641	0.00204	0.00458	0.01176	0.00419	0.00531
13	0.00827	0.00647	0.00782	0.07024	0.01062	0.00644	0.00589	0.00966	0.01143	0.05118	0.03908	0.13020	0.44719	0.09337	0.00950	0.00227	0.07073	0.01021	0.00453	0.00491
14	0.01981	0.01372	0.01568	0.03769	0.05636	0.01487	0.01026	0.53735	0.06205	0.13244	0.01456	0.01486	0.01041	0.02698	0.00603	0.00175	0.00577	0.00513	0.00534	0.00895

[dist]
# distance from previous block
# <min> <max>
7	16

[block]
# block no. 6 follows, 44 sequences, length 10
# corresponding to MSA columns:
# 344-353
name=unknown_G
#
# <colnr> <probs for GDERKNQSTAVLIFYWHMCP>
#	G	D	E	R	K	N	Q	S	T	A	V	L	I	F	Y	W	H	M	C	P
0	0.09180	0.01171	0.01347	0.01153	0.04419	0.01220	0.03806	0.12877	0.31965	0.06064	0.01573	0.01559	0.01183	0.00605	0.00502	0.00155	0.00478	0.00494	0.00464	0.19786
1	0.00713	0.00541	0.00729	0.00821	0.00850	0.00556	0.00570	0.00810	0.01024	0.01384	0.02793	0.73139	0.03338	0.01638	0.00797	0.00223	0.07683	0.01450	0.00481	0.00457
2	0.01703	0.01174	0.01286	0.01029	0.01329	0.01266	0.00800	0.47101	0.01941	0.08142	0.01497	0.02049	0.01285	0.25497	0.01236	0.00277	0.00568	0.00589	0.00488	0.00742
3	0.01358	0.08908	0.02115	0.08010	0.53556	0.04412	0.01489	0.01742	0.06594	0.01706	0.01061	0.01339	0.00883	0.00529	0.00574	0.00163	0.03996	0.00471	0.00284	0.00810
4	0.00648	0.00539	0.00566	0.00587	0.00745	0.00457	0.00429	0.00779	0.01210	0.01459	0.05106	0.17713	0.65021	0.01435	0.00653	0.00190	0.00283	0.01217	0.00506	0.00457
5	0.00799	0.00540	0.00721	0.00821	0.00900	0.00512	0.00611	0.00940	0.01124	0.04552	0.03008	0.51061	0.06586	0.04137	0.00770	0.00236	0.00378	0.21325	0.00506	0.00476
6	0.04415	0.11852	0.57406	0.07731	0.02323	0.01370	0.04279	0.01684	0.01137	0.01676	0.00947	0.01143	0.00695	0.00512	0.00497	0.00167	0.00762	0.00400	0.00237	0.00766
7	0.01473	0.01246	0.01273	0.01124	0.01438	0.05335	0.00879	0.09346	0.60403	0.04974	0.02035	0.01912	0.01525	0.00847	0.03501	0.00206	0.00515	0.00588	0.00534	0.00845
8	0.01288	0.01056	0.01199	0.00881	0.01341	0.00900	0.00710	0.15676	0.01413	0.02082	0.01262	0.01370	0.04645	0.00501	0.00443	0.00102	0.00435	0.00397	0.00375	0.63924
9	0.05351	0.01003	0.03577	0.07909	0.01433	0.03839	0.00815	0.10627	0.05082	0.15202	0.10558	0.12394	0.11280	0.00959	0.01771	0.00186	0.01931	0.00755	0.00487	0.04842

[dist]
# distance from previous block
# <min> <max>
56	136

[block]
# block no. 7 follows, 44 sequences, length 26
# corresponding to MSA columns:
# 617-642
name=unknown_H
#
# <colnr> <probs for GDERKNQSTAVLIFYWHMCP>
#	G	D	E	R	K	N	Q	S	T	A	V	L	I	F	Y	W	H	M	C	P
0	0.01565	0.04624	0.01319	0.04331	0.01474	0.00958	0.00784	0.09350	0.04859	0.20306	0.01338	0.01368	0.00982	0.00519	0.00464	0.00121	0.00462	0.00414	0.00434	0.44329
1	0.00783	0.00529	0.00603	0.00608	0.00618	0.00528	0.00351	0.00797	0.00819	0.01090	0.01881	0.06653	0.04383	0.72883	0.04906	0.00516	0.00540	0.00828	0.00342	0.00344
2	0.01646	0.06092	0.06208	0.02696	0.01431	0.04147	0.00890	0.16994	0.10735	0.21630	0.01873	0.15181	0.01591	0.03478	0.00627	0.00186	0.00514	0.00690	0.02624	0.00766
3	0.01821	0.10273	0.01985	0.01349	0.01790	0.01194	0.21741	0.06361	0.06927	0.34119	0.05555	0.01733	0.01325	0.00617	0.00557	0.00168	0.00600	0.00570	0.00493	0.00822
4	0.00664	0.00474	0.00633	0.00759	0.00791	0.00443	0.00506	0.00759	0.01044	0.01392	0.03005	0.80485	0.03606	0.01708	0.00696	0.00221	0.00316	0.01550	0.00506	0.00443
5	0.00674	0.00482	0.00644	0.00770	0.00806	0.00451	0.00523	0.00776	0.01054	0.01403	0.02999	0.77049	0.03584	0.01699	0.00698	0.00223	0.00325	0.04887	0.00506	0.00446
6	0.04301	0.01155	0.10038	0.03433	0.01509	0.00981	0.00994	0.12760	0.05802	0.26192	0.03512	0.06153	0.01783	0.00899	0.00595	0.00192	0.00527	0.17892	0.00524	0.00759
7	0.01161	0.00736	0.03398	0.00775	0.01005	0.00630	0.00626	0.01435	0.03943	0.19189	0.38294	0.03528	0.16415	0.02686	0.03542	0.00207	0.00381	0.00865	0.00570	0.00616
8	0.01016	0.00508	0.00508	0.00508	0.00635	0.00508	0.00381	0.01270	0.01143	0.02033	0.01778	0.02033	0.01397	0.00635	0.00381	0.00127	0.00254	0.00508	0.83867	0.00508
9	0.49663	0.01336	0.08508	0.11354	0.05340	0.04837	0.06830	0.03319	0.01079	0.02125	0.00863	0.01067	0.00662	0.00514	0.00427	0.00170	0.00578	0.00374	0.00309	0.00647
10	0.01287	0.01471	0.03217	0.02298	0.02849	0.01379	0.75460	0.01746	0.01287	0.01746	0.01103	0.01471	0.00827	0.00460	0.00643	0.00184	0.00919	0.00643	0.00276	0.00735
11	0.01779	0.01331	0.01455	0.01170	0.01550	0.01449	0.00960	0.54646	0.08561	0.02977	0.01593	0.05390	0.01314	0.00776	0.00564	0.00172	0.00552	0.07517	0.00527	0.05717
12	0.04540	0.01173	0.07015	0.05081	0.03033	0.01056	0.05716	0.12800	0.08228	0.32212	0.09376	0.01885	0.01557	0.00680	0.00550	0.00170	0.00523	0.00572	0.03018	0.00818
13	0.01177	0.00968	0.01135	0.00813	0.01296	0.00729	0.00651	0.01418	0.01146	0.04456	0.01011	0.01156	0.00827	0.00413	0.00409	0.00084	0.00406	0.00331	0.00335	0.81239
14	0.01577	0.01102	0.01235	0.01025	0.01335	0.01165	0.00821	0.40504	0.03712	0.08484	0.10185	0.12979	0.09250	0.00948	0.00593	0.00178	0.00476	0.03123	0.00551	0.00757
15	0.01442	0.01340	0.01428	0.04892	0.12989	0.11689	0.01037	0.10097	0.35350	0.02075	0.01785	0.06682	0.01489	0.00759	0.00561	0.00179	0.00566	0.04403	0.00455	0.00783
16	0.00696	0.00488	0.00623	0.00718	0.00742	0.00464	0.00462	0.00768	0.00981	0.01308	0.02682	0.61208	0.03199	0.21539	0.01217	0.00298	0.00369	0.01360	0.00462	0.00415
17	0.05216	0.00929	0.01348	0.02856	0.04995	0.00917	0.10568	0.11971	0.01415	0.15936	0.03689	0.24703	0.04380	0.03063	0.00668	0.00200	0.00507	0.05481	0.00485	0.00672
18	0.01276	0.42071	0.40363	0.01243	0.01878	0.01713	0.01472	0.01679	0.01129	0.01504	0.00868	0.01013	0.00695	0.00492	0.00434	0.00145	0.00694	0.00347	0.00232	0.00753
19	0.01017	0.00611	0.00790	0.00738	0.00910	0.00551	0.00565	0.01235	0.01441	0.14082	0.44610	0.12152	0.13270	0.01160	0.00639	0.00182	0.00311	0.04586	0.00585	0.00565
20	0.00766	0.00521	0.00599	0.00620	0.00632	0.00512	0.00362	0.00787	0.00850	0.01127	0.02067	0.16105	0.05028	0.65067	0.02359	0.00466	0.00485	0.00929	0.00365	0.00353
21	0.01973	0.01429	0.01546	0.01203	0.01606	0.01571	0.00983	0.67819	0.02410	0.05135	0.01432	0.05628	0.01109	0.02805	0.00612	0.00176	0.00579	0.00557	0.00541	0.00886
22	0.01500	0.03716	0.01999	0.09923	0.35221	0.05517	0.08320	0.09713	0.10014	0.06821	0.01248	0.01444	0.00963	0.00552	0.00545	0.00167	0.00656	0.00507	0.00355	0.00820
23	0.03091	0.00582	0.00809	0.00809	0.00894	0.00655	0.00602	0.00952	0.00890	0.01294	0.04066	0.05029	0.01657	0.18047	0.57256	0.00747	0.01181	0.00660	0.00318	0.00460
24	0.01160	0.00647	0.00662	0.00610	0.00779	0.00669	0.00470	0.11390	0.01337	0.02224	0.01715	0.01934	0.01333	0.00638	0.00403	0.00132	0.00301	0.00506	0.72526	0.00565
25	0.05723	0.32641	0.27657	0.01383	0.08831	0.04452	0.01341	0.01796	0.04455	0.05635	0.00998	0.01119	0.00783	0.00514	0.00448	0.00149	0.00657	0.00377	0.00280	0.00762

[dist]
# distance from previous block
# <min> <max>
0	2

[block]
# block no. 8 follows, 44 sequences, length 61
# corresponding to MSA columns:
# 646-706
name=unknown_I
#
# <colnr> <probs for GDERKNQSTAVLIFYWHMCP>
#	G	D	E	R	K	N	Q	S	T	A	V	L	I	F	Y	W	H	M	C	P
0	0.03608	0.11437	0.01676	0.02866	0.05296	0.11089	0.01002	0.33772	0.14617	0.05163	0.01346	0.01371	0.01009	0.00621	0.00507	0.00158	0.00604	0.00468	0.02568	0.00824
1	0.00655	0.00553	0.00567	0.00564	0.00743	0.00465	0.00423	0.00804	0.01269	0.01534	0.11699	0.05145	0.71004	0.01358	0.00644	0.00183	0.00275	0.01136	0.00514	0.00465
2	0.01177	0.00850	0.04042	0.01091	0.09484	0.00757	0.00775	0.01565	0.08871	0.14856	0.39236	0.03187	0.09999	0.00934	0.00602	0.00172	0.00376	0.00812	0.00549	0.00664
3	0.01349	0.01295	0.02213	0.03346	0.77440	0.01295	0.01673	0.01673	0.01241	0.01781	0.01025	0.01349	0.00864	0.00486	0.00540	0.00162	0.00648	0.00486	0.00270	0.00864
4	0.00705	0.00541	0.00646	0.00649	0.00781	0.00482	0.00475	0.00889	0.01343	0.01780	0.37373	0.17882	0.31847	0.01318	0.00653	0.00185	0.00275	0.01146	0.00549	0.00482
5	0.84691	0.01054	0.00801	0.00717	0.01054	0.01223	0.00590	0.01603	0.00928	0.02446	0.00759	0.00886	0.00590	0.00506	0.00337	0.00169	0.00422	0.00295	0.00337	0.00590
6	0.01093	0.02820	0.78016	0.01554	0.02360	0.01266	0.02014	0.01727	0.01151	0.01727	0.00978	0.01151	0.00691	0.00518	0.00518	0.00173	0.00806	0.00403	0.00230	0.00806
7	0.84691	0.01054	0.00801	0.00717	0.01054	0.01223	0.00590	0.01603	0.00928	0.02446	0.00759	0.00886	0.00590	0.00506	0.00337	0.00169	0.00422	0.00295	0.00337	0.00590
8	0.01405	0.01160	0.01234	0.01103	0.01416	0.01331	0.00860	0.02886	0.73090	0.05674	0.02216	0.02026	0.01650	0.00737	0.00554	0.00184	0.00433	0.00613	0.00560	0.00866
9	0.00783	0.00569	0.00801	0.00801	0.00873	0.00641	0.00588	0.00925	0.00854	0.01210	0.01529	0.02521	0.01528	0.24503	0.58490	0.00784	0.01212	0.00640	0.00302	0.00445
10	0.84691	0.01054	0.00801	0.00717	0.01054	0.01223	0.00590	0.01603	0.00928	0.02446	0.00759	0.00886	0.00590	0.00506	0.00337	0.00169	0.00422	0.00295	0.00337	0.00590
11	0.01093	0.02820	0.78016	0.01554	0.02360	0.01266	0.02014	0.01727	0.01151	0.01727	0.00978	0.01151	0.00691	0.00518	0.00518	0.00173	0.00806	0.00403	0.00230	0.00806
12	0.02329	0.00902	0.01228	0.00950	0.01351	0.00781	0.00781	0.02543	0.01559	0.72526	0.07398	0.02011	0.01615	0.00706	0.00555	0.00169	0.00449	0.00579	0.00670	0.00899
13	0.00791	0.00536	0.00631	0.00631	0.00643	0.00548	0.00375	0.00816	0.00803	0.01084	0.01685	0.03385	0.01903	0.71005	0.12502	0.00573	0.00648	0.00766	0.00325	0.00350
14	0.01203	0.01158	0.01871	0.30759	0.43287	0.03276	0.01513	0.01522	0.01190	0.01605	0.01258	0.03355	0.04496	0.00579	0.00549	0.00171	0.00660	0.00537	0.00277	0.00735
15	0.01999	0.00842	0.01130	0.00903	0.01248	0.00744	0.00731	0.02257	0.03521	0.56949	0.20882	0.02414	0.02305	0.00786	0.00572	0.00170	0.00411	0.00659	0.00653	0.00823
16	0.75808	0.01196	0.00883	0.00787	0.01122	0.07800	0.00640	0.03329	0.01017	0.02374	0.00779	0.00903	0.00608	0.00514	0.00355	0.00166	0.00473	0.00304	0.00337	0.00602
17	0.03786	0.05631	0.15363	0.06525	0.05263	0.31858	0.01231	0.11379	0.04268	0.06245	0.01112	0.02924	0.00872	0.00594	0.00509	0.00158	0.00773	0.00437	0.00340	0.00733
18	0.01489	0.01359	0.01267	0.01121	0.01402	0.14490	0.00870	0.14659	0.36762	0.02128	0.01702	0.01806	0.01343	0.04262	0.10769	0.00276	0.00688	0.00550	0.02301	0.00757
19	0.00766	0.00557	0.00721	0.00680	0.00811	0.00512	0.00510	0.01018	0.01530	0.02154	0.73934	0.04125	0.08382	0.01126	0.00643	0.00172	0.00258	0.00993	0.00596	0.00512
20	0.01007	0.00509	0.00512	0.00512	0.00634	0.00509	0.00379	0.01251	0.01129	0.01993	0.01776	0.02095	0.01421	0.03920	0.00479	0.00143	0.00265	0.00520	0.80445	0.00501
21	0.01349	0.01295	0.02213	0.03346	0.77440	0.01295	0.01673	0.01673	0.01241	0.01781	0.01025	0.01349	0.00864	0.00486	0.00540	0.00162	0.00648	0.00486	0.00270	0.00864
22	0.00683	0.00554	0.00606	0.00593	0.00760	0.00477	0.00445	0.00858	0.01335	0.01691	0.27483	0.04887	0.55122	0.01299	0.00644	0.00180	0.00270	0.01100	0.00535	0.00477
23	0.00772	0.00557	0.00729	0.00686	0.00814	0.00514	0.00514	0.01029	0.01543	0.02186	0.77152	0.04072	0.05144	0.01115	0.00643	0.00171	0.00257	0.00986	0.00600	0.00514
24	0.01130	0.00969	0.01130	0.00807	0.01292	0.00727	0.00646	0.01373	0.01130	0.01776	0.00969	0.01130	0.00807	0.00404	0.00404	0.00081	0.00404	0.00323	0.00323	0.84173
25	0.00714	0.00541	0.00572	0.00572	0.00670	0.00492	0.00375	0.00787	0.01032	0.01278	0.03742	0.04461	0.42005	0.38571	0.01641	0.00345	0.00394	0.00983	0.00424	0.00399
26	0.04193	0.78535	0.02789	0.00926	0.01388	0.02126	0.00922	0.01631	0.01102	0.01321	0.00758	0.00875	0.00696	0.00468	0.00349	0.00118	0.00578	0.00292	0.00237	0.00696
27	0.84691	0.01054	0.00801	0.00717	0.01054	0.01223	0.00590	0.01603	0.00928	0.02446	0.00759	0.00886	0.00590	0.00506	0.00337	0.00169	0.00422	0.00295	0.00337	0.00590
28	0.01442	0.67802	0.07486	0.01086	0.04444	0.04082	0.01031	0.01705	0.04124	0.01371	0.00843	0.00960	0.00744	0.00484	0.00380	0.00125	0.00604	0.00321	0.00249	0.00717
29	0.00916	0.00653	0.00774	0.00780	0.00870	0.00658	0.00534	0.12084	0.01219	0.01626	0.04230	0.42749	0.04745	0.24084	0.01263	0.00298	0.00417	0.01150	0.00464	0.00486
30	0.00915	0.00798	0.01243	0.34505	0.06881	0.00877	0.02348	0.01192	0.02763	0.01500	0.05476	0.29660	0.03770	0.00996	0.00600	0.00189	0.00525	0.00900	0.00372	0.04489
31	0.00772	0.00557	0.00729	0.00686	0.00814	0.00514	0.00514	0.01029	0.01543	0.02186	0.77152	0.04072	0.05144	0.01115	0.00643	0.00171	0.00257	0.00986	0.00600	0.00514
32	0.02037	0.02598	0.01545	0.01404	0.01685	0.78652	0.01053	0.02177	0.01545	0.01334	0.00843	0.00983	0.00702	0.00562	0.00492	0.00140	0.00983	0.00351	0.00281	0.00632
33	0.81427	0.01071	0.00896	0.00779	0.01125	0.01229	0.03521	0.01608	0.00942	0.02419	0.00773	0.00909	0.00600	0.00504	0.00349	0.00169	0.00441	0.00309	0.00335	0.00596
34	0.01093	0.02820	0.78016	0.01554	0.02360	0.01266	0.02014	0.01727	0.01151	0.01727	0.00978	0.01151	0.00691	0.00518	0.00518	0.00173	0.00806	0.00403	0.00230	0.00806
35	0.00946	0.00727	0.00882	0.00878	0.03951	0.00725	0.00634	0.02992	0.15695	0.03754	0.39050	0.08442	0.15680	0.01086	0.00623	0.00180	0.00329	0.02271	0.00556	0.00599
36	0.01287	0.01471	0.03217	0.02298	0.02849	0.01379	0.75460	0.01746	0.01287	0.01746	0.01103	0.01471	0.00827	0.00460	0.00643	0.00184	0.00919	0.00643	0.00276	0.00735
37	0.01349	0.01295	0.02213	0.03346	0.77440	0.01295	0.01673	0.01673	0.01241	0.01781	0.01025	0.01349	0.00864	0.00486	0.00540	0.00162	0.00648	0.00486	0.00270	0.00864
38	0.01174	0.01108	0.01848	0.41713	0.35426	0.01237	0.01534	0.01564	0.04115	0.01614	0.02818	0.01492	0.00925	0.00540	0.00545	0.00173	0.00670	0.00502	0.00275	0.00725
39	0.02115	0.01391	0.01547	0.01184	0.01619	0.01484	0.00977	0.58839	0.02319	0.18002	0.01463	0.01411	0.01006	0.00650	0.00541	0.00162	0.00567	0.00497	0.00563	0.03663
40	0.06503	0.10766	0.56941	0.01378	0.02067	0.01323	0.01684	0.01783	0.03818	0.05520	0.01086	0.01283	0.00807	0.00550	0.00497	0.00168	0.00721	0.02045	0.00277	0.00782
41	0.01093	0.02820	0.78016	0.01554	0.02360	0.01266	0.02014	0.01727	0.01151	0.01727	0.00978	0.01151	0.00691	0.00518	0.00518	0.00173	0.00806	0.00403	0.00230	0.00806
42	0.00683	0.00497	0.00644	0.00727	0.00791	0.00458	0.00500	0.00813	0.01158	0.01553	0.17575	0.59141	0.10316	0.01565	0.00681	0.00208	0.00301	0.01406	0.00524	0.00458
43	0.00694	0.00511	0.00683	0.00788	0.00817	0.00505	0.00535	0.00787	0.01027	0.01379	0.02858	0.74564	0.03421	0.03756	0.00804	0.00230	0.04228	0.01477	0.00488	0.00447
44	0.01093	0.02820	0.78016	0.01554	0.02360	0.01266	0.02014	0.01727	0.01151	0.01727	0.00978	0.01151	0.00691	0.00518	0.00518	0.00173	0.00806	0.00403	0.00230	0.00806
45	0.01093	0.02820	0.78016	0.01554	0.02360	0.01266	0.02014	0.01727	0.01151	0.01727	0.00978	0.01151	0.00691	0.00518	0.00518	0.00173	0.00806	0.00403	0.00230	0.00806
46	0.00985	0.00605	0.00797	0.00722	0.00888	0.00551	0.00551	0.01237	0.01545	0.11835	0.67584	0.03790	0.04660	0.01058	0.00631	0.00171	0.00284	0.00930	0.00610	0.00567
47	0.00741	0.00536	0.00660	0.00698	0.00813	0.00483	0.00507	0.00897	0.01242	0.03623	0.20727	0.34664	0.25876	0.01437	0.00667	0.00199	0.00304	0.04913	0.00532	0.00480
48	0.00668	0.00477	0.00636	0.00757	0.00792	0.00445	0.00506	0.00769	0.01061	0.01420	0.05627	0.77783	0.03660	0.01687	0.00694	0.00220	0.00314	0.01530	0.00509	0.00445
49	0.01843	0.01324	0.01426	0.01121	0.01483	0.01468	0.00919	0.59034	0.02236	0.03097	0.01376	0.01441	0.01008	0.00661	0.00559	0.00159	0.03337	0.00494	0.16179	0.00837
50	0.08758	0.00830	0.01320	0.20583	0.07967	0.00885	0.09258	0.01190	0.01048	0.01526	0.01615	0.25598	0.01667	0.01058	0.00780	0.10942	0.00540	0.00810	0.03086	0.00539
51	0.01340	0.01154	0.01219	0.01098	0.01401	0.01332	0.00853	0.02844	0.74343	0.02278	0.04331	0.02091	0.01762	0.00750	0.00557	0.00185	0.00427	0.00627	0.00556	0.00853
52	0.00664	0.00474	0.00633	0.00759	0.00791	0.00443	0.00506	0.00759	0.01044	0.01392	0.03005	0.80485	0.03606	0.01708	0.00696	0.00221	0.00316	0.01550	0.00506	0.00443
53	0.02037	0.02598	0.01545	0.01404	0.01685	0.78652	0.01053	0.02177	0.01545	0.01334	0.00843	0.00983	0.00702	0.00562	0.00492	0.00140	0.00983	0.00351	0.00281	0.00632
54	0.01489	0.01436	0.01663	0.09743	0.03685	0.16275	0.10166	0.19682	0.01513	0.01927	0.01215	0.06495	0.01051	0.01048	0.08613	0.00248	0.10260	0.00558	0.02246	0.00686
55	0.00664	0.00474	0.00633	0.00759	0.00791	0.00443	0.00506	0.00759	0.01044	0.01392	0.03005	0.80485	0.03606	0.01708	0.00696	0.00221	0.00316	0.01550	0.00506	0.00443
56	0.01064	0.00991	0.01650	0.75635	0.05571	0.01225	0.01506	0.03263	0.01131	0.01454	0.00979	0.01447	0.00735	0.00546	0.00545	0.00181	0.00722	0.00485	0.00251	0.00620
57	0.39395	0.01492	0.18143	0.04651	0.01616	0.02709	0.02550	0.06393	0.02854	0.13899	0.01107	0.01185	0.00787	0.00551	0.00446	0.00170	0.00560	0.00394	0.00377	0.00721
58	0.04941	0.11582	0.03155	0.04795	0.04574	0.12418	0.05660	0.08128	0.03148	0.01684	0.01220	0.02993	0.03446	0.04462	0.00887	0.00190	0.18478	0.00502	0.07089	0.00647
59	0.09802	0.20221	0.28990	0.09945	0.03690	0.07472	0.05739	0.01699	0.01152	0.03192	0.00919	0.01119	0.00713	0.00522	0.00504	0.00160	0.02790	0.00392	0.00260	0.00718
60	0.50875	0.06025	0.03111	0.00930	0.03343	0.06110	0.00751	0.01795	0.09000	0.05400	0.02739	0.01192	0.00893	0.00567	0.00432	0.00166	0.02322	0.00379	0.03317	0.00652

[dist]
# distance from previous block
# <min> <max>
2	4

[block]
# block no. 9 follows, 44 sequences, length 42
# corresponding to MSA columns:
# 713-754
name=unknown_J
#
# <colnr> <probs for GDERKNQSTAVLIFYWHMCP>
#	G	D	E	R	K	N	Q	S	T	A	V	L	I	F	Y	W	H	M	C	P
0	0.01269	0.14074	0.08332	0.02914	0.07320	0.06501	0.17129	0.06278	0.02635	0.01658	0.01327	0.11844	0.01241	0.02687	0.03799	0.00208	0.05894	0.00628	0.03585	0.00674
1	0.01983	0.06852	0.01620	0.01379	0.01663	0.72479	0.01050	0.02125	0.01503	0.01331	0.00835	0.00983	0.00702	0.00567	0.00517	0.00142	0.03006	0.00351	0.00277	0.00635
2	0.01884	0.01078	0.01254	0.01020	0.01355	0.03146	0.00815	0.27482	0.01815	0.31468	0.07715	0.13305	0.01819	0.02458	0.00619	0.00181	0.00489	0.00708	0.00582	0.00805
3	0.01119	0.00622	0.00634	0.00597	0.00758	0.00644	0.00457	0.07464	0.04692	0.02159	0.01760	0.01973	0.01371	0.00642	0.00403	0.00133	0.00291	0.00512	0.73212	0.00559
4	0.03097	0.03401	0.01386	0.01221	0.05339	0.10024	0.00915	0.09452	0.36848	0.03846	0.01617	0.02729	0.01257	0.00660	0.00567	0.00162	0.03743	0.00517	0.00452	0.12767
5	0.19744	0.01234	0.01154	0.01029	0.01342	0.08050	0.00809	0.03503	0.44174	0.06995	0.03815	0.01796	0.01434	0.00691	0.00507	0.00177	0.00479	0.01804	0.00491	0.00772
6	0.00792	0.00531	0.00605	0.00605	0.00608	0.00534	0.00343	0.00799	0.00796	0.01065	0.01708	0.03515	0.01959	0.78028	0.05556	0.00541	0.00563	0.00785	0.00329	0.00336
7	0.00649	0.00552	0.00558	0.00557	0.00739	0.00462	0.00418	0.00791	0.01253	0.01496	0.07899	0.05208	0.74827	0.01372	0.00644	0.00184	0.00276	0.01145	0.00509	0.00462
8	0.01168	0.05406	0.46364	0.04610	0.10320	0.01363	0.10628	0.01660	0.01136	0.01657	0.00959	0.01215	0.00730	0.00557	0.00676	0.00179	0.09915	0.00448	0.00241	0.00768
9	0.01451	0.01147	0.01227	0.01084	0.01399	0.01303	0.00849	0.06644	0.64662	0.07233	0.02149	0.01984	0.01594	0.00727	0.00547	0.00180	0.00435	0.00601	0.03928	0.00856
10	0.01010	0.00927	0.01511	0.01872	0.30083	0.00890	0.09004	0.01252	0.01203	0.01607	0.02605	0.14591	0.19956	0.03638	0.00693	0.00199	0.00521	0.07414	0.00386	0.00640
11	0.05633	0.65454	0.12209	0.01011	0.01509	0.03726	0.01055	0.01655	0.01114	0.01399	0.00788	0.00912	0.00693	0.00477	0.00374	0.00127	0.00612	0.00307	0.00239	0.00706
12	0.00781	0.00534	0.00637	0.00678	0.00745	0.00504	0.00456	0.00866	0.01017	0.03388	0.02927	0.27867	0.16550	0.31751	0.01473	0.00331	0.00407	0.06647	0.02021	0.00422
13	0.01114	0.00990	0.01663	0.41457	0.26786	0.01114	0.01388	0.01370	0.01076	0.01446	0.00995	0.01466	0.00818	0.00810	0.02525	0.12937	0.00679	0.00485	0.00251	0.00629
14	0.00768	0.00554	0.00725	0.00689	0.00814	0.00512	0.00514	0.01019	0.01525	0.02157	0.74435	0.06872	0.05088	0.01136	0.00645	0.00173	0.00259	0.01007	0.00597	0.00512
15	0.01016	0.00508	0.00508	0.00508	0.00635	0.00508	0.00381	0.01270	0.01143	0.02033	0.01778	0.02033	0.01397	0.00635	0.00381	0.00127	0.00254	0.00508	0.83867	0.00508
16	0.01284	0.01427	0.02992	0.04398	0.06048	0.01376	0.64648	0.01781	0.05069	0.01755	0.01143	0.01487	0.00866	0.00489	0.00659	0.00184	0.02739	0.00627	0.00288	0.00741
17	0.81909	0.01036	0.00792	0.00710	0.01040	0.01199	0.00583	0.01592	0.00935	0.02432	0.00793	0.00924	0.00617	0.00510	0.00339	0.00167	0.00416	0.00302	0.03115	0.00588
18	0.01382	0.01052	0.01290	0.02594	0.01426	0.01002	0.02814	0.12040	0.07485	0.08983	0.03008	0.03242	0.01122	0.00646	0.01762	0.00144	0.06524	0.00467	0.02616	0.40401
19	0.00779	0.00584	0.00876	0.00876	0.00974	0.00681	0.00681	0.00974	0.00876	0.01266	0.01460	0.02142	0.01363	0.04089	0.78680	0.00876	0.01460	0.00584	0.00292	0.00487
20	0.06859	0.75970	0.02723	0.00919	0.01377	0.02097	0.00911	0.01631	0.01096	0.01358	0.00758	0.00875	0.00693	0.00469	0.00349	0.00120	0.00573	0.00292	0.00240	0.00693
21	0.01730	0.10387	0.03967	0.00958	0.01404	0.06021	0.00818	0.03190	0.03073	0.30003	0.02665	0.01434	0.01079	0.00549	0.00470	0.00130	0.00499	0.00428	0.00451	0.30744
22	0.06639	0.01237	0.09451	0.01028	0.01422	0.01092	0.00918	0.23796	0.01682	0.23911	0.03651	0.02120	0.12777	0.00856	0.02679	0.00190	0.02348	0.00600	0.02820	0.00784
23	0.00675	0.00482	0.00645	0.00771	0.00808	0.00452	0.00525	0.00778	0.01054	0.01404	0.02999	0.76726	0.03582	0.01698	0.00699	0.00223	0.00326	0.05201	0.00506	0.00446
24	0.00659	0.00543	0.00580	0.00591	0.00751	0.00463	0.00435	0.00804	0.01248	0.01534	0.12309	0.14296	0.61114	0.01394	0.00650	0.00187	0.00279	0.01183	0.00516	0.00463
25	0.06690	0.01204	0.01801	0.27641	0.23211	0.01325	0.06258	0.18165	0.01467	0.02075	0.01089	0.01381	0.00835	0.00549	0.00530	0.00169	0.00651	0.00486	0.03721	0.00752
26	0.02375	0.00944	0.01263	0.00979	0.01393	0.00837	0.00805	0.02672	0.06421	0.72915	0.02155	0.01867	0.01370	0.00679	0.00549	0.00170	0.00462	0.00553	0.00667	0.00924
27	0.00947	0.00473	0.00710	0.00710	0.00710	0.00473	0.00473	0.00710	0.00710	0.00947	0.00947	0.01657	0.00947	0.01894	0.02131	0.84138	0.00473	0.00473	0.00237	0.00237
28	0.01102	0.08049	0.68983	0.01468	0.02216	0.01289	0.01865	0.01685	0.01168	0.01719	0.04814	0.01280	0.00916	0.00545	0.00513	0.00169	0.00763	0.00425	0.00249	0.00784
29	0.01393	0.47308	0.20244	0.02984	0.04415	0.04822	0.01232	0.01745	0.04576	0.03261	0.00926	0.01058	0.00764	0.00515	0.00459	0.00141	0.02802	0.00357	0.00261	0.00736
30	0.00935	0.00480	0.00715	0.00715	0.00719	0.00485	0.00479	0.00725	0.00720	0.00965	0.00991	0.01731	0.00994	0.04124	0.05680	0.78042	0.00521	0.00487	0.00242	0.00251
31	0.06885	0.72389	0.02664	0.00940	0.01390	0.05582	0.00916	0.01655	0.01116	0.01360	0.00762	0.00880	0.00693	0.00473	0.00355	0.00121	0.00591	0.00294	0.00242	0.00689
32	0.06282	0.08746	0.16292	0.01242	0.05408	0.03320	0.01115	0.08722	0.05968	0.25990	0.03104	0.04677	0.01198	0.00671	0.00584	0.00170	0.04741	0.00519	0.00448	0.00804
33	0.01354	0.02878	0.10479	0.04594	0.59138	0.04587	0.01616	0.01698	0.01254	0.03470	0.03107	0.01391	0.00959	0.00515	0.00535	0.00162	0.00665	0.00482	0.00283	0.00831
34	0.01331	0.01412	0.01601	0.07102	0.01618	0.16032	0.01159	0.01467	0.00991	0.01330	0.00784	0.01199	0.00733	0.00863	0.01433	0.01896	0.56037	0.00455	0.01965	0.00595
35	0.50125	0.03254	0.09549	0.02526	0.01348	0.10241	0.00844	0.06430	0.01165	0.02223	0.02909	0.01111	0.00805	0.00546	0.00404	0.00162	0.00538	0.00360	0.04822	0.00637
36	0.02072	0.01527	0.01636	0.01254	0.01691	0.01691	0.01036	0.75622	0.02563	0.03436	0.01309	0.01309	0.00927	0.00654	0.00545	0.00164	0.00600	0.00491	0.00545	0.00927
