[name]
unknown

[dist]
# distance from previous block
# <min> <max>
0	123

[block]
# block no. 0 follows, 47 sequences, length 56
# corresponding to MSA columns:
# 123-178
name=unknown_A
#
# <colnr> <probs for GDERKNQSTAVLIFYWHMCP>
#	G	D	E	R	K	N	Q	S	T	A	V	L	I	F	Y	W	H	M	C	P
0	0.00839	0.00599	0.00839	0.00959	0.01079	0.00599	0.00839	0.01079	0.01199	0.01558	0.02757	0.05874	0.02997	0.01439	0.00719	0.00240	0.00480	0.74945	0.00480	0.00480
1	0.01382	0.79585	0.05062	0.00909	0.01365	0.02035	0.00923	0.01562	0.01059	0.01238	0.00730	0.00843	0.00668	0.00447	0.00339	0.00113	0.00563	0.00282	0.00223	0.00671
2	0.00754	0.00506	0.00582	0.00584	0.00589	0.00510	0.00335	0.00765	0.00766	0.01026	0.01654	0.04924	0.01896	0.76328	0.06317	0.00515	0.00544	0.00762	0.00317	0.00325
3	0.01045	0.02694	0.79000	0.01484	0.02254	0.01209	0.01924	0.01649	0.01099	0.01649	0.00935	0.01099	0.00660	0.00495	0.00495	0.00165	0.00770	0.00385	0.00220	0.00770
4	0.00634	0.00453	0.00604	0.00725	0.00755	0.00423	0.00483	0.00725	0.00997	0.01329	0.02870	0.81358	0.03444	0.01632	0.00665	0.00211	0.00302	0.01480	0.00483	0.00423
5	0.00993	0.00936	0.01580	0.77920	0.06035	0.01160	0.01451	0.01339	0.01046	0.01343	0.00927	0.01385	0.00698	0.00519	0.00520	0.00173	0.00692	0.00463	0.00232	0.00587
6	0.03235	0.01012	0.01543	0.39590	0.05795	0.01108	0.05201	0.10373	0.01340	0.22405	0.01300	0.01532	0.00921	0.00573	0.00525	0.00168	0.00610	0.01672	0.00384	0.00712
7	0.02336	0.00886	0.01209	0.00927	0.01329	0.00765	0.00765	0.02538	0.01491	0.78810	0.02055	0.01773	0.01289	0.00645	0.00524	0.00161	0.00443	0.00524	0.00645	0.00886
8	0.01094	0.01007	0.01626	0.61824	0.14154	0.01199	0.01418	0.05464	0.04289	0.01523	0.01000	0.01390	0.00760	0.00526	0.00520	0.00170	0.00665	0.00468	0.00263	0.00641
9	0.01187	0.02494	0.70408	0.01423	0.02152	0.01160	0.01796	0.01747	0.01143	0.10172	0.01058	0.01174	0.00729	0.00511	0.00498	0.00165	0.00734	0.00400	0.00267	0.00783
10	0.01289	0.01237	0.02114	0.03196	0.78450	0.01237	0.01598	0.01598	0.01186	0.01701	0.00980	0.01289	0.00825	0.00464	0.00516	0.00155	0.00619	0.00464	0.00258	0.00825
11	0.00648	0.00461	0.00611	0.00716	0.00755	0.00433	0.00483	0.00731	0.00990	0.01313	0.02874	0.71559	0.07279	0.01697	0.03334	0.03501	0.00342	0.01390	0.00467	0.00418
12	0.01177	0.06123	0.65718	0.01439	0.02144	0.05001	0.03690	0.01714	0.01140	0.05744	0.00982	0.01124	0.00698	0.00501	0.00491	0.00161	0.00754	0.00391	0.00246	0.00762
13	0.01143	0.01096	0.01883	0.39513	0.40921	0.01202	0.03808	0.01474	0.01119	0.01526	0.00956	0.01339	0.00762	0.00490	0.00521	0.00164	0.00662	0.00468	0.00246	0.00705
14	0.01055	0.05044	0.76740	0.01467	0.02227	0.01235	0.01893	0.01647	0.01098	0.01637	0.00928	0.01092	0.00660	0.00493	0.00490	0.00163	0.00763	0.00382	0.00220	0.00767
15	0.01229	0.01405	0.03073	0.02195	0.02722	0.01317	0.76558	0.01668	0.01229	0.01668	0.01054	0.01405	0.00790	0.00439	0.00615	0.00176	0.00878	0.00615	0.00263	0.00702
16	0.01169	0.01142	0.01809	0.41529	0.37516	0.04970	0.01494	0.01488	0.01128	0.01496	0.00944	0.01322	0.00752	0.00496	0.00516	0.00163	0.00672	0.00457	0.00245	0.00692
17	0.01099	0.15155	0.67017	0.01391	0.02110	0.01343	0.01762	0.01635	0.01093	0.01583	0.00901	0.01058	0.00661	0.00487	0.00470	0.00157	0.00736	0.00368	0.00220	0.00754
18	0.02786	0.00966	0.01585	0.70855	0.08849	0.01177	0.01425	0.03628	0.01091	0.01437	0.00935	0.01366	0.00707	0.00519	0.00516	0.00171	0.00679	0.00459	0.00244	0.00605
19	0.01206	0.01131	0.01895	0.02814	0.66091	0.01126	0.01449	0.01501	0.01199	0.01697	0.04543	0.01910	0.03500	0.00600	0.00540	0.00163	0.00580	0.06987	0.00297	0.00769
20	0.01122	0.07847	0.50960	0.01556	0.02205	0.01247	0.18722	0.01625	0.01130	0.03393	0.01062	0.04859	0.00833	0.00534	0.00519	0.00166	0.00750	0.00483	0.00252	0.00734
21	0.01076	0.01007	0.01647	0.34874	0.34262	0.01100	0.01359	0.01415	0.03516	0.01524	0.01465	0.03649	0.07826	0.00623	0.00536	0.00169	0.00601	0.02397	0.00286	0.00670
22	0.02336	0.00886	0.01209	0.00927	0.01329	0.00765	0.00765	0.02538	0.01491	0.78810	0.02055	0.01773	0.01289	0.00645	0.00524	0.00161	0.00443	0.00524	0.00645	0.00886
23	0.01137	0.01083	0.01840	0.41491	0.41338	0.01198	0.01523	0.01466	0.01114	0.01518	0.00953	0.01338	0.00760	0.00492	0.00518	0.00164	0.00656	0.00463	0.00245	0.00703
24	0.01302	0.02435	0.01213	0.06472	0.10439	0.00799	0.03336	0.01436	0.01247	0.18701	0.03684	0.39502	0.04690	0.01190	0.00654	0.00211	0.00471	0.01031	0.00510	0.00677
25	0.01329	0.01230	0.02011	0.28216	0.52598	0.01284	0.01590	0.01606	0.01227	0.01711	0.01106	0.01516	0.00918	0.00579	0.00578	0.00187	0.00689	0.00510	0.00299	0.00814
26	0.01072	0.00643	0.00817	0.00848	0.00963	0.00576	0.00594	0.01153	0.01210	0.14140	0.08354	0.58844	0.05564	0.01491	0.00694	0.00224	0.00373	0.01297	0.00561	0.00582
27	0.01282	0.18673	0.46208	0.01428	0.02040	0.01394	0.08356	0.01686	0.01224	0.03699	0.05950	0.03209	0.01155	0.00640	0.00546	0.00182	0.00727	0.00494	0.00314	0.00791
28	0.01182	0.01089	0.01787	0.64747	0.14232	0.01249	0.04415	0.01482	0.01161	0.01534	0.01083	0.01568	0.00855	0.00605	0.00585	0.00197	0.00734	0.00515	0.00287	0.00693
29	0.01197	0.04479	0.75672	0.01555	0.02314	0.01302	0.01935	0.01740	0.01189	0.01771	0.01074	0.01293	0.00799	0.00590	0.00553	0.00190	0.00807	0.00430	0.00271	0.00838
30	0.01242	0.01146	0.01877	0.49901	0.29906	0.01264	0.03186	0.01532	0.01188	0.01606	0.01092	0.01547	0.00881	0.00595	0.00582	0.00193	0.00715	0.00513	0.00292	0.00743
31	0.01394	0.01314	0.02073	0.16752	0.61336	0.03661	0.01595	0.01660	0.01257	0.01753	0.01108	0.01491	0.00933	0.00573	0.00576	0.00184	0.00687	0.00506	0.00304	0.00844
32	0.03736	0.01015	0.01312	0.03524	0.01496	0.00913	0.00849	0.07436	0.01595	0.65865	0.02089	0.04533	0.01428	0.00762	0.00586	0.00189	0.00504	0.00590	0.00654	0.00924
33	0.01270	0.01218	0.02080	0.07934	0.73858	0.01232	0.01589	0.01582	0.01177	0.01679	0.00976	0.01295	0.00817	0.00467	0.00516	0.00156	0.00623	0.00464	0.00256	0.00810
34	0.03339	0.06146	0.32959	0.01429	0.01998	0.01141	0.19342	0.01813	0.01224	0.19574	0.02793	0.01479	0.03256	0.00549	0.00523	0.00164	0.00674	0.00496	0.00346	0.00755
35	0.01197	0.09363	0.65065	0.01380	0.02087	0.01241	0.01725	0.01726	0.01133	0.08911	0.01022	0.01140	0.00720	0.00505	0.00484	0.00160	0.00720	0.00389	0.00260	0.00772
36	0.02336	0.00886	0.01209	0.00927	0.01329	0.00765	0.00765	0.02538	0.01491	0.78810	0.02055	0.01773	0.01289	0.00645	0.00524	0.00161	0.00443	0.00524	0.00645	0.00886
37	0.01458	0.00934	0.01369	0.13157	0.12312	0.02210	0.06080	0.03645	0.03276	0.27316	0.04233	0.04852	0.15367	0.00753	0.00551	0.00167	0.00503	0.00657	0.00454	0.00705
38	0.01067	0.01009	0.01678	0.42928	0.32334	0.01120	0.01406	0.01379	0.01111	0.01482	0.01359	0.01693	0.08092	0.00574	0.00528	0.00166	0.00624	0.00524	0.00266	0.00661
39	0.01165	0.01267	0.02529	0.21931	0.02816	0.03248	0.51960	0.01559	0.01179	0.01570	0.01074	0.03386	0.00841	0.00496	0.00583	0.00174	0.00804	0.00587	0.02174	0.00657
40	0.01082	0.01031	0.01787	0.62712	0.06213	0.01206	0.11557	0.05422	0.01147	0.01495	0.00962	0.01379	0.00722	0.00513	0.00533	0.00172	0.00710	0.00484	0.00252	0.00621
41	0.01131	0.22449	0.60003	0.01337	0.02025	0.01421	0.01667	0.01627	0.01089	0.01544	0.00882	0.01034	0.00662	0.00483	0.00455	0.00152	0.00717	0.00358	0.00221	0.00744
42	0.02336	0.00886	0.01209	0.00927	0.01329	0.00765	0.00765	0.02538	0.01491	0.78810	0.02055	0.01773	0.01289	0.00645	0.00524	0.00161	0.00443	0.00524	0.00645	0.00886
43	0.00625	0.00506	0.00554	0.00588	0.00720	0.00436	0.00424	0.00748	0.01141	0.01405	0.06747	0.26820	0.54668	0.01401	0.00630	0.00186	0.00274	0.01204	0.00486	0.00436
44	0.01105	0.16394	0.65826	0.01382	0.02095	0.01356	0.01746	0.01634	0.01092	0.01576	0.00898	0.01054	0.00661	0.00486	0.00467	0.00156	0.00733	0.00366	0.00220	0.00752
45	0.02322	0.00910	0.01223	0.00938	0.01341	0.00800	0.00775	0.05595	0.01530	0.75698	0.02021	0.01751	0.01272	0.00644	0.00524	0.00161	0.00448	0.00521	0.00639	0.00886
46	0.01788	0.01062	0.07345	0.00962	0.01331	0.00907	0.00838	0.17003	0.01648	0.39546	0.19621	0.02110	0.02006	0.00727	0.00542	0.00161	0.00449	0.00599	0.00569	0.00784
47	0.01215	0.01358	0.02695	0.11534	0.02659	0.03958	0.57716	0.01601	0.01173	0.01574	0.00994	0.01362	0.00764	0.00497	0.00703	0.00179	0.08518	0.00572	0.00256	0.00671
48	0.01078	0.00962	0.01516	0.67717	0.03228	0.01172	0.01348	0.09574	0.01205	0.01563	0.02930	0.03498	0.00891	0.00574	0.00527	0.00172	0.00660	0.00502	0.00278	0.00606
49	0.01640	0.01274	0.11368	0.04897	0.01595	0.01099	0.03442	0.26021	0.04191	0.23128	0.02084	0.02014	0.13458	0.00717	0.00537	0.00164	0.00524	0.00583	0.00487	0.00776
50	0.01017	0.00960	0.01623	0.71951	0.11820	0.01166	0.01463	0.01360	0.01057	0.01371	0.00932	0.01377	0.00709	0.00514	0.00520	0.00171	0.00686	0.00463	0.00234	0.00606
51	0.00942	0.00867	0.01439	0.69837	0.03211	0.01063	0.01319	0.01262	0.01058	0.01367	0.04810	0.08298	0.01131	0.00641	0.00537	0.00176	0.00639	0.00572	0.00269	0.00561
52	0.00679	0.04845	0.00693	0.00665	0.00757	0.00522	0.00467	0.00779	0.01035	0.01320	0.03340	0.49198	0.24384	0.07845	0.00791	0.00219	0.00321	0.01250	0.00456	0.00432
53	0.01342	0.61686	0.15483	0.01008	0.01488	0.06017	0.01059	0.01584	0.01101	0.01328	0.03297	0.00985	0.00806	0.00479	0.00378	0.00123	0.00603	0.00321	0.00236	0.00676
54	0.06595	0.01088	0.09963	0.00970	0.01402	0.00830	0.00878	0.02343	0.01414	0.64017	0.03820	0.01701	0.01273	0.00630	0.00512	0.00162	0.00473	0.00506	0.00577	0.00846
55	0.01715	0.01005	0.09146	0.05179	0.01422	0.00786	0.00860	0.02005	0.04298	0.46415	0.04047	0.04182	0.12627	0.00781	0.00546	0.00169	0.00457	0.03061	0.00540	0.00757

[dist]
# distance from previous block
# <min> <max>
0	22

[block]
# block no. 1 follows, 47 sequences, length 67
# corresponding to MSA columns:
# 201-267
name=unknown_B
#
# <colnr> <probs for GDERKNQSTAVLIFYWHMCP>
#	G	D	E	R	K	N	Q	S	T	A	V	L	I	F	Y	W	H	M	C	P
0	0.06848	0.03365	0.32911	0.16989	0.02385	0.03640	0.15893	0.01632	0.01134	0.06820	0.01056	0.03168	0.00795	0.00526	0.00513	0.00167	0.00719	0.00469	0.00274	0.00698
1	0.02195	0.00867	0.01168	0.00909	0.01286	0.00760	0.00743	0.02427	0.03515	0.71241	0.05652	0.01917	0.01483	0.02620	0.00579	0.00170	0.00434	0.00551	0.00630	0.00852
2	0.01323	0.01340	0.04425	0.09232	0.02544	0.01277	0.53391	0.05921	0.06420	0.06969	0.01189	0.01448	0.00871	0.00490	0.00586	0.00173	0.00781	0.00579	0.00317	0.00723
3	0.00927	0.00879	0.11189	0.00847	0.01084	0.00633	0.03067	0.03145	0.01170	0.09822	0.05048	0.32821	0.23270	0.02815	0.00646	0.00192	0.00397	0.01043	0.00459	0.00545
4	0.01292	0.06844	0.14722	0.02444	0.49140	0.01215	0.03300	0.01628	0.01179	0.06852	0.01137	0.03887	0.00958	0.00542	0.00513	0.00158	0.00620	0.02496	0.00288	0.00785
5	0.02105	0.00951	0.05480	0.00930	0.01326	0.00763	0.00802	0.02333	0.01467	0.66874	0.09581	0.01946	0.01615	0.00678	0.00531	0.00162	0.00442	0.00558	0.00614	0.00840
6	0.01426	0.45456	0.11995	0.01160	0.01632	0.05478	0.08631	0.09126	0.06365	0.02890	0.00955	0.01061	0.00773	0.00494	0.00424	0.00135	0.00624	0.00372	0.00286	0.00717
7	0.01287	0.03697	0.09028	0.03975	0.02573	0.01288	0.61436	0.01714	0.01227	0.06855	0.01099	0.01389	0.00808	0.00460	0.00589	0.00172	0.00826	0.00577	0.00284	0.00716
8	0.01161	0.01306	0.06064	0.07375	0.14465	0.01253	0.41599	0.01521	0.01142	0.01582	0.01127	0.05697	0.00970	0.00594	0.00715	0.00181	0.09734	0.02559	0.00272	0.00681
9	0.00904	0.00810	0.06251	0.01031	0.01235	0.00699	0.05939	0.01217	0.04575	0.03433	0.02692	0.09627	0.08913	0.01258	0.00672	0.00219	0.00493	0.49045	0.00454	0.00532
10	0.03537	0.01988	0.43070	0.01580	0.02187	0.01173	0.23512	0.03579	0.01181	0.05905	0.01163	0.06642	0.00923	0.00566	0.00539	0.00171	0.00737	0.00533	0.00284	0.00730
11	0.01045	0.02694	0.79000	0.01484	0.02254	0.01209	0.01924	0.01649	0.01099	0.01649	0.00935	0.01099	0.00660	0.00495	0.00495	0.00165	0.00770	0.00385	0.00220	0.00770
12	0.03040	0.07002	0.06622	0.01111	0.01465	0.17992	0.00943	0.31782	0.04001	0.04716	0.14561	0.01636	0.01540	0.00663	0.00509	0.00151	0.00594	0.00507	0.00437	0.00727
13	0.00680	0.00490	0.00653	0.00765	0.00824	0.00463	0.00557	0.00807	0.01057	0.01394	0.04072	0.59984	0.07066	0.01566	0.00673	0.00215	0.00338	0.17475	0.00484	0.00437
14	0.00749	0.00717	0.06168	0.00912	0.01060	0.00579	0.08733	0.00903	0.01050	0.01410	0.07150	0.51638	0.08448	0.01381	0.00733	0.05887	0.00399	0.01184	0.00430	0.00469
15	0.01624	0.00800	0.01030	0.02850	0.01200	0.00750	0.00695	0.08755	0.03414	0.39394	0.09901	0.17324	0.08130	0.00924	0.00567	0.00172	0.00400	0.00788	0.00569	0.00714
16	0.85377	0.01007	0.00765	0.00685	0.01007	0.01168	0.00564	0.01531	0.00886	0.02336	0.00725	0.00846	0.00564	0.00483	0.00322	0.00161	0.00403	0.00282	0.00322	0.00564
17	0.08629	0.20250	0.01904	0.31013	0.17492	0.04528	0.02737	0.04923	0.01145	0.01561	0.00884	0.01167	0.00712	0.00492	0.00458	0.00152	0.00629	0.00402	0.00258	0.00665
18	0.85377	0.01007	0.00765	0.00685	0.01007	0.01168	0.00564	0.01531	0.00886	0.02336	0.00725	0.00846	0.00564	0.00483	0.00322	0.00161	0.00403	0.00282	0.00322	0.00564
19	0.00659	0.00529	0.00588	0.00573	0.00730	0.00458	0.00430	0.00831	0.01289	0.01649	0.31227	0.04612	0.52136	0.01228	0.00615	0.00172	0.00257	0.01043	0.00516	0.00458
20	0.01175	0.00770	0.00949	0.00880	0.02906	0.00756	0.00684	0.14854	0.01554	0.11804	0.29688	0.04941	0.13323	0.01021	0.00601	0.00176	0.00379	0.12391	0.00537	0.00610
21	0.00755	0.00504	0.00569	0.00571	0.00572	0.00503	0.00319	0.00757	0.00762	0.01016	0.01666	0.05031	0.01926	0.80031	0.02609	0.00499	0.00501	0.00772	0.00319	0.00318
22	0.01376	0.06748	0.08145	0.01064	0.01356	0.09852	0.00917	0.25983	0.01496	0.01974	0.03607	0.02888	0.01152	0.06408	0.18091	0.00327	0.04762	0.00503	0.02699	0.00655
23	0.01036	0.00976	0.01614	0.57963	0.09208	0.01199	0.03718	0.01348	0.01029	0.01386	0.00934	0.01371	0.00733	0.00569	0.00674	0.00177	0.11266	0.00468	0.03734	0.00597
24	0.00837	0.06088	0.00866	0.00737	0.00908	0.00699	0.00578	0.02891	0.09462	0.01742	0.26938	0.14156	0.21914	0.01152	0.00602	0.00179	0.00329	0.08896	0.00500	0.00525
25	0.00680	0.00476	0.00609	0.00684	0.00709	0.00464	0.00443	0.00749	0.00912	0.01223	0.02392	0.51973	0.02822	0.26493	0.06585	0.00344	0.00438	0.01195	0.00418	0.00393
26	0.01041	0.02269	0.59602	0.01587	0.07297	0.01147	0.08324	0.01566	0.01121	0.01646	0.03311	0.06613	0.00992	0.00581	0.00522	0.00168	0.00722	0.00500	0.00254	0.00736
27	0.07907	0.00910	0.01188	0.00918	0.01315	0.00815	0.00758	0.04480	0.01476	0.71625	0.01943	0.01696	0.01229	0.00633	0.00510	0.00161	0.00444	0.00506	0.00620	0.00865
28	0.00711	0.00526	0.00687	0.00720	0.02330	0.00485	0.00511	0.00904	0.01304	0.01795	0.47210	0.25178	0.11431	0.01241	0.00629	0.00180	0.00276	0.02877	0.00531	0.00474
29	0.01122	0.00915	0.01181	0.09402	0.01502	0.00806	0.03108	0.05312	0.01153	0.04932	0.01225	0.10957	0.01115	0.00592	0.00490	0.00119	0.02596	0.00499	0.00343	0.52629
30	0.00753	0.00537	0.00730	0.00724	0.00796	0.00581	0.00524	0.00897	0.00916	0.01304	0.12916	0.02703	0.02009	0.25419	0.43860	0.00623	0.00940	0.00670	0.02672	0.00427
31	0.01296	0.12462	0.11543	0.01575	0.02069	0.04646	0.36076	0.01648	0.01190	0.06783	0.01160	0.01365	0.03208	0.00497	0.00550	0.00153	0.02632	0.00499	0.00290	0.10357
32	0.85377	0.01007	0.00765	0.00685	0.01007	0.01168	0.00564	0.01531	0.00886	0.02336	0.00725	0.00846	0.00564	0.00483	0.00322	0.00161	0.00403	0.00282	0.00322	0.00564
33	0.03647	0.01236	0.01255	0.01144	0.06491	0.13170	0.00840	0.19704	0.03012	0.08381	0.03383	0.01831	0.08672	0.05438	0.05661	0.00214	0.05287	0.00527	0.00400	0.09708
34	0.85377	0.01007	0.00765	0.00685	0.01007	0.01168	0.00564	0.01531	0.00886	0.02336	0.00725	0.00846	0.00564	0.00483	0.00322	0.00161	0.00403	0.00282	0.00322	0.00564
35	0.01392	0.82012	0.02729	0.00891	0.01337	0.02061	0.00891	0.01559	0.01058	0.01225	0.00724	0.00835	0.00668	0.00446	0.00334	0.00111	0.00557	0.00278	0.00223	0.00668
36	0.01289	0.01237	0.02114	0.03196	0.78450	0.01237	0.01598	0.01598	0.01186	0.01701	0.00980	0.01289	0.00825	0.00464	0.00516	0.00155	0.00619	0.00464	0.00258	0.00825
37	0.00617	0.00523	0.00533	0.00541	0.00707	0.00439	0.00402	0.00746	0.01174	0.01402	0.05114	0.10142	0.73212	0.01340	0.00619	0.00178	0.00266	0.01125	0.00484	0.00439
38	0.01268	0.01216	0.02077	0.08413	0.73394	0.01232	0.01588	0.01580	0.01176	0.01676	0.00976	0.01296	0.00816	0.00468	0.00516	0.00156	0.00624	0.00464	0.00256	0.00808
39	0.00634	0.00453	0.00604	0.00725	0.00755	0.00423	0.00483	0.00725	0.00997	0.01329	0.02870	0.81358	0.03444	0.01632	0.00665	0.00211	0.00302	0.01480	0.00483	0.00423
40	0.01106	0.00941	0.01094	0.00784	0.01245	0.00721	0.00628	0.03491	0.01119	0.01743	0.00935	0.01085	0.00775	0.00393	0.00390	0.00079	0.00391	0.00313	0.00315	0.82453
41	0.01440	0.00991	0.01170	0.00859	0.01304	0.00833	0.00696	0.11793	0.01344	0.16530	0.01184	0.01234	0.00885	0.00467	0.00430	0.00104	0.00422	0.00371	0.00401	0.57543
42	0.01962	0.01450	0.01553	0.01195	0.01608	0.01607	0.00985	0.74762	0.04429	0.03253	0.01273	0.01269	0.00904	0.00627	0.00521	0.00157	0.00569	0.00472	0.00521	0.00884
43	0.01305	0.00721	0.00773	0.00672	0.00880	0.00742	0.00529	0.16718	0.01406	0.09463	0.01641	0.01785	0.01239	0.00614	0.00411	0.00132	0.00329	0.00486	0.59548	0.00605
44	0.00757	0.00505	0.00568	0.00568	0.00568	0.00505	0.00316	0.00757	0.00757	0.01010	0.01641	0.03408	0.01893	0.81698	0.02651	0.00505	0.00505	0.00757	0.00316	0.00316
45	0.01378	0.01373	0.06626	0.03402	0.12024	0.07488	0.01048	0.08648	0.47726	0.02078	0.01677	0.01646	0.01269	0.00634	0.00520	0.00168	0.00527	0.00525	0.00443	0.00802
46	0.01093	0.09027	0.65255	0.01537	0.04590	0.01287	0.06870	0.01642	0.01108	0.01618	0.00927	0.01104	0.00674	0.00486	0.00490	0.00161	0.00755	0.00394	0.00224	0.00759
47	0.00634	0.00453	0.00604	0.00725	0.00755	0.00423	0.00483	0.00725	0.00997	0.01329	0.02870	0.81358	0.03444	0.01632	0.00665	0.00211	0.00302	0.01480	0.00483	0.00423
48	0.01955	0.01457	0.01612	0.01231	0.01651	0.01605	0.03452	0.74268	0.02409	0.03229	0.01244	0.01255	0.00883	0.00619	0.00524	0.00157	0.00583	0.00474	0.00513	0.00880
49	0.03114	0.63279	0.07112	0.00970	0.01428	0.01923	0.00962	0.13090	0.01270	0.01588	0.00817	0.00915	0.00699	0.00477	0.00372	0.00122	0.00569	0.00314	0.00270	0.00706
50	0.03538	0.01556	0.13205	0.02068	0.04950	0.01302	0.60197	0.01650	0.01190	0.01675	0.01017	0.01338	0.00765	0.00460	0.00614	0.00174	0.02767	0.00566	0.00258	0.00708
51	0.74138	0.01137	0.00867	0.00764	0.01089	0.06470	0.00622	0.06645	0.01031	0.02329	0.00766	0.00880	0.00593	0.00497	0.00346	0.00159	0.00450	0.00298	0.00332	0.00588
52	0.02328	0.00900	0.01217	0.00933	0.01336	0.00786	0.00771	0.04336	0.01514	0.76979	0.02035	0.01760	0.01279	0.00644	0.00524	0.00161	0.00446	0.00522	0.00642	0.00886
53	0.00699	0.00486	0.00580	0.00627	0.00651	0.00468	0.00387	0.00744	0.00881	0.01162	0.02370	0.34163	0.07659	0.44791	0.01732	0.00367	0.00409	0.01065	0.00393	0.00366
54	0.01407	0.79875	0.02695	0.00903	0.01344	0.04144	0.00894	0.01573	0.01069	0.01227	0.00726	0.00838	0.00668	0.00448	0.00338	0.00112	0.00567	0.00280	0.00224	0.00667
55	0.01287	0.01243	0.02145	0.03164	0.75982	0.01240	0.04041	0.01601	0.01187	0.01700	0.00982	0.01293	0.00824	0.00463	0.00519	0.00155	0.00627	0.00469	0.00258	0.00821
56	0.85377	0.01007	0.00765	0.00685	0.01007	0.01168	0.00564	0.01531	0.00886	0.02336	0.00725	0.00846	0.00564	0.00483	0.00322	0.00161	0.00403	0.00282	0.00322	0.00564
57	0.01080	0.00926	0.01080	0.00771	0.01234	0.00694	0.00617	0.01311	0.01080	0.01697	0.00926	0.01080	0.00771	0.00386	0.00386	0.00077	0.00386	0.00309	0.00309	0.84882
58	0.00751	0.00542	0.00734	0.00839	0.00932	0.00524	0.00675	0.00934	0.01143	0.01499	0.06865	0.31763	0.07273	0.01479	0.00689	0.00223	0.00395	0.41796	0.00486	0.00459
59	0.00823	0.00662	0.00941	0.00896	0.00956	0.00811	0.00692	0.00965	0.00816	0.01185	0.01296	0.02090	0.01277	0.15913	0.52037	0.00665	0.16668	0.00570	0.00275	0.00461
60	0.00754	0.00504	0.00569	0.00572	0.00572	0.00503	0.00320	0.00757	0.00763	0.01017	0.01670	0.05275	0.01930	0.79781	0.02603	0.00498	0.00500	0.00775	0.00320	0.00318
61	0.02342	0.01411	0.16076	0.29983	0.17443	0.01210	0.17026	0.03326	0.01151	0.01606	0.00988	0.01322	0.00751	0.00492	0.00528	0.00167	0.00713	0.00478	0.02294	0.00691
62	0.00654	0.00468	0.00622	0.00712	0.00760	0.00436	0.00485	0.00774	0.01087	0.01473	0.17139	0.66680	0.03723	0.01524	0.00655	0.00202	0.00291	0.01378	0.00500	0.00436
63	0.01989	0.01444	0.01554	0.01191	0.01608	0.01593	0.00984	0.74795	0.02424	0.05235	0.01271	0.01264	0.00896	0.00626	0.00521	0.00156	0.00570	0.00470	0.00524	0.00886
64	0.01037	0.00768	0.01127	0.03823	0.20001	0.00745	0.00828	0.03705	0.01362	0.08192	0.37792	0.11629	0.05021	0.00921	0.00582	0.00167	0.00385	0.00824	0.00477	0.00612
65	0.00933	0.02042	0.00772	0.00682	0.00853	0.00560	0.00524	0.01134	0.01366	0.11930	0.44589	0.07534	0.21418	0.01083	0.00620	0.00169	0.01784	0.00929	0.00545	0.00532
66	0.04477	0.12211	0.03858	0.09538	0.01738	0.04647	0.07355	0.07735	0.01072	0.01514	0.00818	0.01151	0.00714	0.00756	0.02467	0.00199	0.38426	0.00435	0.00261	0.00626

[dist]
# distance from previous block
# <min> <max>
2	25

[block]
# block no. 2 follows, 47 sequences, length 33
# corresponding to MSA columns:
# 293-325
name=unknown_C
#
# <colnr> <probs for GDERKNQSTAVLIFYWHMCP>
#	G	D	E	R	K	N	Q	S	T	A	V	L	I	F	Y	W	H	M	C	P
0	0.01567	0.06092	0.13947	0.03806	0.13524	0.29663	0.03632	0.03240	0.09288	0.07143	0.01097	0.01213	0.00843	0.00535	0.00489	0.00149	0.00727	0.00414	0.00315	0.02316
1	0.02674	0.04976	0.06283	0.02581	0.09260	0.17076	0.09699	0.04496	0.04969	0.06097	0.01180	0.05114	0.01015	0.00654	0.00678	0.00164	0.12023	0.02919	0.02212	0.05928
2	0.18646	0.05089	0.12903	0.25799	0.11629	0.04232	0.05877	0.01489	0.01071	0.01669	0.01054	0.01316	0.03237	0.00523	0.00468	0.00161	0.00620	0.00431	0.03145	0.00639
3	0.01509	0.01093	0.03012	0.01064	0.02734	0.02568	0.00841	0.08058	0.39486	0.18957	0.03989	0.05630	0.04061	0.00755	0.00583	0.00173	0.03561	0.00616	0.00523	0.00788
4	0.01350	0.01122	0.01190	0.01060	0.01361	0.01288	0.00828	0.05050	0.72743	0.04674	0.02091	0.01916	0.01558	0.00702	0.00529	0.00176	0.00418	0.00583	0.00533	0.00828
5	0.01105	0.01029	0.01413	0.01224	0.01244	0.01408	0.01013	0.01239	0.00842	0.01353	0.00851	0.01280	0.00795	0.00943	0.03500	0.00228	0.66906	0.00463	0.12610	0.00555
6	0.01921	0.01137	0.01288	0.01005	0.01371	0.01188	0.00825	0.43136	0.01954	0.24928	0.01555	0.01512	0.01074	0.00628	0.00497	0.00152	0.00482	0.00487	0.14039	0.00822
7	0.85377	0.01007	0.00765	0.00685	0.01007	0.01168	0.00564	0.01531	0.00886	0.02336	0.00725	0.00846	0.00564	0.00483	0.00322	0.00161	0.00403	0.00282	0.00322	0.00564
8	0.00737	0.00532	0.00696	0.00655	0.00778	0.00491	0.00491	0.00983	0.01474	0.02088	0.78175	0.03890	0.04914	0.01065	0.00614	0.00164	0.00246	0.00942	0.00573	0.00491
9	0.00644	0.00460	0.00615	0.00736	0.00770	0.00431	0.00500	0.00742	0.01006	0.01340	0.02865	0.77833	0.03423	0.01623	0.00667	0.00213	0.00310	0.04911	0.00483	0.00426
10	0.01045	0.02694	0.79000	0.01484	0.02254	0.01209	0.01924	0.01649	0.01099	0.01649	0.00935	0.01099	0.00660	0.00495	0.00495	0.00165	0.00770	0.00385	0.00220	0.00770
11	0.00757	0.00505	0.00568	0.00568	0.00568	0.00505	0.00316	0.00757	0.00757	0.01010	0.01641	0.03408	0.01893	0.81698	0.02651	0.00505	0.00505	0.00757	0.00316	0.00316
12	0.01295	0.01119	0.01178	0.01060	0.01354	0.01295	0.00824	0.02767	0.77509	0.02178	0.02120	0.01943	0.01590	0.00707	0.00530	0.00177	0.00412	0.00589	0.00530	0.00824
13	0.02275	0.00883	0.01196	0.00923	0.01317	0.00771	0.00760	0.02506	0.03216	0.75256	0.03857	0.01826	0.01382	0.00656	0.00526	0.00162	0.00438	0.00535	0.00640	0.00876
14	0.01267	0.29253	0.21594	0.17028	0.03773	0.07732	0.01286	0.05068	0.01171	0.01486	0.00925	0.01218	0.00762	0.00520	0.00449	0.00146	0.00664	0.02759	0.00252	0.02647
15	0.01115	0.18764	0.63547	0.01364	0.02068	0.01382	0.01715	0.01631	0.01091	0.01563	0.00892	0.01046	0.00661	0.00485	0.00462	0.00154	0.00727	0.00363	0.00220	0.00749
16	0.80643	0.01091	0.00806	0.00722	0.01041	0.05619	0.00589	0.01562	0.00920	0.02276	0.00730	0.00851	0.00570	0.00486	0.00331	0.00160	0.00433	0.00285	0.00319	0.00566
17	0.01418	0.01029	0.01146	0.00953	0.01201	0.01124	0.00737	0.35184	0.10010	0.04676	0.09292	0.02171	0.01646	0.20554	0.04767	0.00277	0.02071	0.00606	0.00464	0.00674
18	0.01055	0.00604	0.00792	0.00704	0.00886	0.00544	0.00543	0.01286	0.01465	0.17545	0.59644	0.03511	0.07367	0.00991	0.00596	0.00164	0.00286	0.00864	0.00584	0.00569
19	0.32658	0.01779	0.37120	0.01116	0.01655	0.01138	0.02998	0.02943	0.01084	0.08863	0.01107	0.01203	0.03221	0.00532	0.00440	0.00164	0.00586	0.00389	0.00311	0.00693
20	0.00633	0.00460	0.00597	0.00707	0.00751	0.00424	0.00476	0.00727	0.01014	0.01336	0.03085	0.74539	0.10126	0.01604	0.00660	0.00208	0.00299	0.01446	0.00483	0.00424
21	0.01090	0.00935	0.01085	0.00785	0.01240	0.00723	0.00627	0.01382	0.04801	0.01720	0.00984	0.01122	0.00811	0.00401	0.00393	0.00082	0.00387	0.00322	0.00319	0.80789
22	0.01156	0.00946	0.01093	0.00826	0.01233	0.00793	0.00654	0.11925	0.01264	0.01879	0.01197	0.10408	0.01097	0.00564	0.00437	0.00104	0.00403	0.00467	0.00359	0.63195
23	0.01139	0.01139	0.01595	0.01367	0.01367	0.01595	0.01139	0.01253	0.00798	0.01253	0.00684	0.01139	0.00684	0.00911	0.01709	0.00228	0.80745	0.00456	0.00228	0.00570
24	0.00718	0.00530	0.00655	0.00624	0.00758	0.00480	0.00468	0.00940	0.01404	0.01943	0.60926	0.04068	0.19998	0.01104	0.00607	0.00165	0.00249	0.00962	0.02918	0.00480
25	0.00907	0.00453	0.00672	0.00672	0.00676	0.00453	0.00449	0.00697	0.00693	0.00940	0.00932	0.01595	0.00919	0.01768	0.01978	0.81954	0.00445	0.00453	0.03109	0.00235
26	0.01794	0.01830	0.01651	0.04556	0.01771	0.33904	0.07807	0.29874	0.04250	0.02091	0.01036	0.01158	0.00793	0.00584	0.00566	0.00154	0.04661	0.00430	0.00367	0.00722
27	0.01945	0.02482	0.01476	0.01342	0.01610	0.79608	0.01006	0.02079	0.01476	0.01275	0.00805	0.00939	0.00671	0.00537	0.00470	0.00134	0.00939	0.00335	0.00268	0.00604
28	0.00689	0.00472	0.00624	0.00722	0.00772	0.00437	0.00490	0.00791	0.01036	0.03710	0.05847	0.73571	0.05752	0.01570	0.00657	0.00207	0.00303	0.01419	0.00492	0.00440
29	0.06634	0.00563	0.00623	0.00612	0.00650	0.00583	0.00374	0.02472	0.00813	0.01171	0.01577	0.04667	0.01769	0.67254	0.07791	0.00491	0.00557	0.00719	0.00321	0.00358
30	0.01315	0.01084	0.01437	0.07466	0.01630	0.01080	0.08200	0.20756	0.01416	0.03725	0.01167	0.06135	0.00997	0.03051	0.00647	0.00150	0.06884	0.00493	0.00365	0.32002
31	0.13640	0.08257	0.09361	0.01116	0.05202	0.01225	0.00950	0.20772	0.05066	0.22284	0.06024	0.01472	0.01178	0.00604	0.00480	0.00157	0.00509	0.00466	0.00459	0.00780
32	0.07300	0.33707	0.17806	0.01145	0.04025	0.05198	0.02267	0.05720	0.03657	0.01603	0.04053	0.02680	0.02741	0.00576	0.00507	0.00147	0.05491	0.00413	0.00285	0.00679

[dist]
# distance from previous block
# <min> <max>
1	9

[block]
# block no. 3 follows, 47 sequences, length 93
# corresponding to MSA columns:
# 335-427
name=unknown_D
#
# <colnr> <probs for GDERKNQSTAVLIFYWHMCP>
#	G	D	E	R	K	N	Q	S	T	A	V	L	I	F	Y	W	H	M	C	P
0	0.01082	0.00869	0.01074	0.04996	0.01316	0.00747	0.01914	0.06849	0.01207	0.03760	0.02831	0.09844	0.05189	0.00695	0.00483	0.00126	0.00417	0.07174	0.00374	0.49053
1	0.10884	0.23926	0.13931	0.01172	0.05774	0.09789	0.01053	0.07902	0.04094	0.06383	0.01224	0.01575	0.02434	0.00610	0.00457	0.00152	0.00594	0.07026	0.00330	0.00690
2	0.02767	0.00809	0.00928	0.00847	0.02552	0.02985	0.00639	0.10029	0.08696	0.11214	0.34625	0.07761	0.12121	0.00957	0.00576	0.00167	0.00358	0.00816	0.00536	0.00616
3	0.01231	0.00946	0.01113	0.00804	0.01259	0.00741	0.00647	0.04773	0.01177	0.08556	0.01039	0.01148	0.00822	0.00419	0.00404	0.00088	0.00399	0.00335	0.00348	0.73752
4	0.00739	0.00653	0.04836	0.00944	0.05562	0.00559	0.00669	0.00921	0.03153	0.01407	0.02587	0.59888	0.02998	0.03721	0.00705	0.00216	0.00373	0.09137	0.00452	0.00479
5	0.00812	0.00557	0.00671	0.00628	0.00792	0.00493	0.00476	0.01012	0.01367	0.07633	0.44945	0.04153	0.32273	0.01129	0.00608	0.00168	0.00267	0.00969	0.00545	0.00502
6	0.01062	0.02398	0.64583	0.05763	0.08455	0.01200	0.04533	0.01617	0.01115	0.01645	0.02358	0.01192	0.00757	0.00502	0.00504	0.00165	0.00748	0.00414	0.00232	0.00757
7	0.00713	0.00528	0.00665	0.00637	0.00765	0.00480	0.00476	0.00934	0.01409	0.01948	0.63404	0.07175	0.16677	0.01128	0.00616	0.00168	0.00251	0.00989	0.00555	0.00480
8	0.01014	0.00884	0.01433	0.54899	0.07893	0.01059	0.03035	0.01331	0.01054	0.01475	0.01068	0.01476	0.00826	0.00548	0.00545	0.00165	0.04103	0.00470	0.16142	0.00580
9	0.00744	0.00558	0.00837	0.00837	0.00930	0.00651	0.00651	0.00930	0.00837	0.01209	0.01395	0.02046	0.01302	0.03906	0.79635	0.00837	0.01395	0.00558	0.00279	0.00465
10	0.00847	0.00563	0.00729	0.01959	0.00857	0.00516	0.00517	0.01076	0.01430	0.07748	0.62234	0.05251	0.12162	0.01061	0.00607	0.00166	0.00271	0.00929	0.00562	0.00516
11	0.01180	0.00872	0.01205	0.28748	0.01938	0.00995	0.00937	0.17659	0.05034	0.01648	0.01097	0.03419	0.00923	0.01039	0.01065	0.30349	0.00558	0.00492	0.00314	0.00529
12	0.00634	0.00456	0.00601	0.00718	0.00753	0.00424	0.00480	0.00726	0.01004	0.01332	0.02957	0.78595	0.06152	0.01620	0.00663	0.00210	0.00301	0.01467	0.00483	0.00424
13	0.01149	0.00973	0.01151	0.00828	0.01289	0.00773	0.01991	0.06864	0.01183	0.01813	0.00952	0.01098	0.00780	0.00404	0.00400	0.00085	0.00408	0.00326	0.00323	0.77211
14	0.01289	0.01237	0.02114	0.03196	0.78450	0.01237	0.01598	0.01598	0.01186	0.01701	0.00980	0.01289	0.00825	0.00464	0.00516	0.00155	0.00619	0.00464	0.00258	0.00825
15	0.85377	0.01007	0.00765	0.00685	0.01007	0.01168	0.00564	0.01531	0.00886	0.02336	0.00725	0.00846	0.00564	0.00483	0.00322	0.00161	0.00403	0.00282	0.00322	0.00564
16	0.01389	0.01146	0.01217	0.01066	0.01375	0.01310	0.00837	0.12241	0.64871	0.03645	0.03669	0.01893	0.01567	0.00703	0.00530	0.00173	0.00430	0.00580	0.00532	0.00826
17	0.00744	0.00558	0.00837	0.00837	0.00930	0.00651	0.00651	0.00930	0.00837	0.01209	0.01395	0.02046	0.01302	0.03906	0.79635	0.00837	0.01395	0.00558	0.00279	0.00465
18	0.02307	0.00902	0.01214	0.00935	0.01335	0.00793	0.00771	0.03919	0.03192	0.75713	0.02041	0.01767	0.01288	0.00646	0.00524	0.00161	0.00445	0.00524	0.00640	0.00885
19	0.01286	0.01246	0.02162	0.03146	0.74672	0.01241	0.05338	0.01602	0.01188	0.01700	0.00983	0.01295	0.00823	0.00463	0.00520	0.00156	0.00632	0.00472	0.00258	0.00819
20	0.00634	0.00453	0.00604	0.00725	0.00755	0.00423	0.00483	0.00725	0.00997	0.01329	0.02870	0.81358	0.03444	0.01632	0.00665	0.00211	0.00302	0.01480	0.00483	0.00423
21	0.01225	0.01347	0.02814	0.07087	0.16048	0.01293	0.58891	0.01636	0.01210	0.01654	0.01033	0.01383	0.00790	0.00448	0.00592	0.00172	0.00821	0.00579	0.00260	0.00716
22	0.01150	0.00954	0.01107	0.00801	0.01257	0.00753	0.00642	0.04893	0.02933	0.03219	0.00990	0.01121	0.00805	0.00409	0.00398	0.00085	0.00396	0.00327	0.00330	0.77431
23	0.01090	0.23489	0.35016	0.01141	0.01653	0.01259	0.04478	0.01464	0.01155	0.03253	0.11631	0.04451	0.06531	0.00653	0.00487	0.00153	0.00590	0.00529	0.00306	0.00671
24	0.36929	0.01578	0.17893	0.10454	0.01695	0.12756	0.01046	0.04344	0.01129	0.03943	0.03318	0.01114	0.00785	0.00526	0.00427	0.00159	0.00598	0.00368	0.00305	0.00634
25	0.05441	0.00654	0.00815	0.02492	0.01008	0.00602	0.00600	0.01225	0.01191	0.14403	0.13009	0.19851	0.13851	0.02531	0.02811	0.00200	0.00389	0.09628	0.00482	0.08815
26	0.73927	0.10162	0.01003	0.00724	0.01059	0.03145	0.00611	0.01547	0.00920	0.02186	0.00727	0.00847	0.00578	0.00480	0.00327	0.00155	0.00433	0.00283	0.00310	0.00577
27	0.00757	0.00505	0.00568	0.00568	0.00568	0.00505	0.00316	0.00757	0.00757	0.01010	0.01641	0.03408	0.01893	0.81698	0.02651	0.00505	0.00505	0.00757	0.00316	0.00316
28	0.01733	0.01215	0.01327	0.01051	0.01402	0.01306	0.00852	0.55072	0.02084	0.08965	0.01870	0.06575	0.09629	0.03698	0.00617	0.00175	0.00510	0.00614	0.00517	0.00788
29	0.01364	0.77505	0.04835	0.00906	0.01351	0.01997	0.00914	0.01544	0.01053	0.01237	0.00749	0.00876	0.00686	0.00543	0.02540	0.00133	0.00586	0.00289	0.00224	0.00666
30	0.00642	0.00493	0.00589	0.00646	0.00743	0.00440	0.00457	0.00768	0.01126	0.01448	0.12259	0.42432	0.32007	0.01446	0.00641	0.00193	0.00284	0.02454	0.00494	0.00438
31	0.01063	0.00904	0.01053	0.00761	0.01199	0.00684	0.00601	0.01282	0.01063	0.01661	0.00963	0.01202	0.00830	0.04639	0.00504	0.00100	0.00392	0.00332	0.00309	0.80458
32	0.01945	0.02482	0.01476	0.01342	0.01610	0.79608	0.01006	0.02079	0.01476	0.01275	0.00805	0.00939	0.00671	0.00537	0.00470	0.00134	0.00939	0.00335	0.00268	0.00604
33	0.01142	0.01147	0.01637	0.01391	0.01406	0.01587	0.03274	0.01265	0.00810	0.01265	0.00694	0.01147	0.00687	0.00898	0.01678	0.00226	0.78485	0.00460	0.00229	0.00573
34	0.01254	0.01202	0.02051	0.11916	0.69999	0.01228	0.01581	0.01568	0.01169	0.01659	0.00973	0.01300	0.00810	0.00470	0.00516	0.00157	0.00627	0.00464	0.00255	0.00797
35	0.02336	0.00886	0.01209	0.00927	0.01329	0.00765	0.00765	0.02538	0.01491	0.78810	0.02055	0.01773	0.01289	0.00645	0.00524	0.00161	0.00443	0.00524	0.00645	0.00886
36	0.00698	0.00529	0.00643	0.00618	0.00755	0.00474	0.00462	0.00905	0.01375	0.01863	0.54184	0.06133	0.27148	0.01156	0.00616	0.00169	0.00253	0.01003	0.00544	0.00474
37	0.00634	0.00453	0.00604	0.00725	0.00755	0.00423	0.00483	0.00725	0.00997	0.01329	0.02870	0.81358	0.03444	0.01632	0.00665	0.00211	0.00302	0.01480	0.00483	0.00423
38	0.01045	0.02694	0.79000	0.01484	0.02254	0.01209	0.01924	0.01649	0.01099	0.01649	0.00935	0.01099	0.00660	0.00495	0.00495	0.00165	0.00770	0.00385	0.00220	0.00770
39	0.01295	0.01119	0.01178	0.01060	0.01354	0.01295	0.00824	0.02767	0.77509	0.02178	0.02120	0.01943	0.01590	0.00707	0.00530	0.00177	0.00412	0.00589	0.00530	0.00824
40	0.01657	0.01259	0.05437	0.05551	0.06215	0.01264	0.00984	0.36769	0.11132	0.12864	0.01777	0.01752	0.07783	0.00676	0.00526	0.00162	0.00521	0.00541	0.02325	0.00804
41	0.00634	0.00453	0.00604	0.00725	0.00755	0.00423	0.00483	0.00725	0.00997	0.01329	0.02870	0.81358	0.03444	0.01632	0.00665	0.00211	0.00302	0.01480	0.00483	0.00423
42	0.00983	0.00926	0.01562	0.80447	0.03587	0.01157	0.01446	0.01331	0.01041	0.01331	0.00926	0.01388	0.00694	0.00521	0.00521	0.00174	0.00694	0.00463	0.00231	0.00579
43	0.01301	0.01471	0.02630	0.05577	0.11057	0.10155	0.51788	0.01667	0.01218	0.01588	0.00989	0.01322	0.00770	0.00485	0.00649	0.00172	0.05661	0.00550	0.00260	0.00692
44	0.01139	0.01139	0.01595	0.01367	0.01367	0.01595	0.01139	0.01253	0.00798	0.01253	0.00684	0.01139	0.00684	0.00911	0.01709	0.00228	0.80745	0.00456	0.00228	0.00570
45	0.02281	0.00923	0.01225	0.00945	0.01345	0.00827	0.00779	0.06247	0.04290	0.72268	0.02017	0.01753	0.01280	0.00646	0.00524	0.00161	0.00448	0.00523	0.00634	0.00884
46	0.01372	0.01157	0.01221	0.01075	0.01384	0.01331	0.00843	0.11092	0.69059	0.02303	0.02022	0.01865	0.01510	0.00697	0.00529	0.00174	0.00430	0.00575	0.00529	0.00831
47	0.00647	0.00462	0.00618	0.00739	0.00775	0.00434	0.00505	0.00746	0.01009	0.01343	0.02863	0.76809	0.03417	0.01620	0.00668	0.00213	0.00313	0.05908	0.00483	0.00426
48	0.01944	0.01441	0.01543	0.01191	0.01601	0.01598	0.00981	0.72845	0.06375	0.03224	0.01296	0.01287	0.00922	0.00629	0.00521	0.00157	0.00565	0.00475	0.00521	0.00882
49	0.01087	0.01728	0.29879	0.01757	0.04792	0.01151	0.36094	0.01542	0.01180	0.01662	0.05813	0.07010	0.01217	0.00598	0.00574	0.00174	0.00745	0.02017	0.00285	0.00694
50	0.49915	0.21924	0.01386	0.00848	0.01193	0.14589	0.00722	0.01630	0.01029	0.01874	0.00738	0.00859	0.00609	0.00483	0.00350	0.00144	0.00532	0.00290	0.00288	0.00597
51	0.01379	0.71100	0.10280	0.00967	0.01438	0.04910	0.00998	0.01588	0.01078	0.01269	0.00748	0.00866	0.00668	0.00454	0.00355	0.00118	0.00593	0.00291	0.00224	0.00676
52	0.00773	0.00571	0.00666	0.00647	0.00797	0.00526	0.00479	0.01026	0.06146	0.04488	0.31523	0.12824	0.32452	0.03899	0.00680	0.00186	0.00285	0.01019	0.00520	0.00493
53	0.00654	0.00485	0.00602	0.00663	0.00738	0.00442	0.00457	0.00775	0.01106	0.01458	0.16131	0.47914	0.19440	0.05683	0.00750	0.00211	0.00295	0.01270	0.00490	0.00432
54	0.01268	0.01025	0.01105	0.00981	0.01258	0.01142	0.00768	0.10816	0.50626	0.04087	0.09614	0.03847	0.08324	0.00811	0.00550	0.00174	0.00402	0.01917	0.00530	0.00755
55	0.00737	0.00532	0.00696	0.00655	0.00778	0.00491	0.00491	0.00983	0.01474	0.02088	0.78175	0.03890	0.04914	0.01065	0.00614	0.00164	0.00246	0.00942	0.00573	0.00491
56	0.01721	0.02034	0.01635	0.01601	0.11665	0.52309	0.05623	0.06323	0.01428	0.01486	0.02413	0.01129	0.00812	0.00645	0.02630	0.00165	0.05044	0.00401	0.00286	0.00648
57	0.00946	0.00860	0.01272	0.01134	0.01199	0.01116	0.03627	0.01108	0.00833	0.01246	0.01050	0.01599	0.00995	0.02382	0.40389	0.00529	0.38426	0.00512	0.00255	0.00522
58	0.80372	0.01000	0.00792	0.00699	0.01027	0.01144	0.00576	0.01592	0.00923	0.06946	0.00805	0.00902	0.00608	0.00493	0.00334	0.00161	0.00405	0.00297	0.00342	0.00583
59	0.12424	0.04669	0.34612	0.01309	0.01829	0.01103	0.15125	0.01519	0.01158	0.03922	0.12117	0.02974	0.03803	0.00611	0.00512	0.00165	0.00625	0.00533	0.00317	0.00673
60	0.00682	0.00505	0.00674	0.00742	0.00791	0.00496	0.00518	0.00808	0.01092	0.01492	0.19295	0.60348	0.03629	0.01471	0.00706	0.00202	0.04303	0.01311	0.00490	0.00445
61	0.05692	0.10349	0.04306	0.01171	0.01553	0.03163	0.10165	0.15737	0.26157	0.09584	0.04201	0.01629	0.02729	0.00625	0.00508	0.00161	0.00534	0.00523	0.00445	0.00770
62	0.00745	0.00554	0.00819	0.00819	0.00905	0.00641	0.00628	0.00918	0.00832	0.01195	0.01412	0.02138	0.01342	0.09189	0.74406	0.00814	0.01334	0.00571	0.00281	0.00455
63	0.10765	0.01272	0.01805	0.05600	0.48049	0.06932	0.01355	0.01556	0.01101	0.01651	0.00886	0.01192	0.00755	0.00550	0.00694	0.00167	0.14251	0.00433	0.00260	0.00726
64	0.00634	0.00453	0.00604	0.00725	0.00755	0.00423	0.00483	0.00725	0.00997	0.01329	0.02870	0.81358	0.03444	0.01632	0.00665	0.00211	0.00302	0.01480	0.00483	0.00423
65	0.01100	0.01091	0.01879	0.50296	0.17133	0.02768	0.12179	0.01440	0.01094	0.01443	0.00942	0.01354	0.00731	0.00515	0.00580	0.00172	0.03920	0.00482	0.00241	0.00642
66	0.00729	0.00532	0.00684	0.00646	0.00773	0.00488	0.00485	0.00966	0.01454	0.02040	0.73056	0.03969	0.10063	0.01082	0.00614	0.00165	0.00247	0.00953	0.00567	0.00488
67	0.00647	0.00462	0.00618	0.00739	0.00775	0.00434	0.00505	0.00746	0.01009	0.01343	0.02863	0.76809	0.03417	0.01620	0.00668	0.00213	0.00313	0.05908	0.00483	0.00426
68	0.01072	0.09015	0.72922	0.01437	0.02181	0.01277	0.01842	0.01642	0.01096	0.01615	0.00918	0.01078	0.00660	0.00491	0.00482	0.00161	0.00753	0.00376	0.00220	0.00762
69	0.00634	0.00453	0.00604	0.00725	0.00755	0.00423	0.00483	0.00725	0.00997	0.01329	0.02870	0.81358	0.03444	0.01632	0.00665	0.00211	0.00302	0.01480	0.00483	0.00423
70	0.01256	0.01204	0.02055	0.11447	0.70454	0.01229	0.01582	0.01570	0.01170	0.01662	0.00974	0.01300	0.00811	0.00470	0.00516	0.00157	0.00627	0.00464	0.00255	0.00799
71	0.01080	0.00926	0.01080	0.00771	0.01234	0.00694	0.00617	0.01311	0.01080	0.01697	0.00926	0.01080	0.00771	0.00386	0.00386	0.00077	0.00386	0.00309	0.00309	0.84882
72	0.02012	0.03150	0.01492	0.05261	0.01633	0.01367	0.00949	0.50516	0.02078	0.24008	0.01443	0.01392	0.00982	0.00621	0.00517	0.00157	0.00543	0.00479	0.00533	0.00865
73	0.01845	0.01365	0.01474	0.01140	0.01549	0.01482	0.00935	0.61107	0.09468	0.05018	0.01326	0.01315	0.00953	0.00612	0.00510	0.00151	0.00538	0.00468	0.00506	0.08236
74	0.01962	0.01533	0.01548	0.01207	0.01609	0.07853	0.00988	0.69177	0.03955	0.03098	0.01233	0.01240	0.00883	0.00620	0.00517	0.00155	0.00599	0.00461	0.00501	0.00862
75	0.00709	0.00531	0.00657	0.00626	0.00761	0.00479	0.00469	0.00929	0.01408	0.01931	0.61388	0.04148	0.21798	0.01123	0.00615	0.00167	0.00250	0.00978	0.00553	0.00479
76	0.01980	0.01459	0.01563	0.01198	0.01615	0.01615	0.00990	0.76713	0.02448	0.03282	0.01250	0.01250	0.00886	0.00625	0.00521	0.00156	0.00573	0.00469	0.00521	0.00886
77	0.00734	0.00532	0.00692	0.00652	0.00776	0.00490	0.00489	0.00977	0.01467	0.02070	0.76264	0.03919	0.06836	0.01071	0.00614	0.00164	0.00246	0.00946	0.00571	0.00490
78	0.00634	0.00457	0.00600	0.00715	0.00753	0.00424	0.00479	0.00726	0.01007	0.01333	0.02990	0.77550	0.07176	0.01616	0.00662	0.00210	0.00300	0.01461	0.00483	0.00424
79	0.01075	0.09606	0.72354	0.01433	0.02174	0.01284	0.01834	0.01641	0.01096	0.01612	0.00916	0.01076	0.00660	0.00490	0.00481	0.00160	0.00751	0.00376	0.00220	0.00761
80	0.01295	0.01119	0.01178	0.01060	0.01354	0.01295	0.00824	0.02767	0.77509	0.02178	0.02120	0.01943	0.01590	0.00707	0.00530	0.00177	0.00412	0.00589	0.00530	0.00824
81	0.01392	0.82012	0.02729	0.00891	0.01337	0.02061	0.00891	0.01559	0.01058	0.01225	0.00724	0.00835	0.00668	0.00446	0.00334	0.00111	0.00557	0.00278	0.00223	0.00668
82	0.00659	0.00531	0.00591	0.00600	0.00753	0.00463	0.00458	0.00820	0.01233	0.01546	0.18808	0.08868	0.53741	0.01297	0.00627	0.00181	0.00281	0.07590	0.00500	0.00452
