[name]
unknown

[dist]
# distance from previous block
# <min> <max>
27	210

[block]
# block no. 0 follows, 42 sequences, length 22
# corresponding to MSA columns:
# 254-275
name=unknown_A
#
# <colnr> <probs for GDERKNQSTAVLIFYWHMCP>
#	G	D	E	R	K	N	Q	S	T	A	V	L	I	F	Y	W	H	M	C	P
0	0.01407	0.03699	0.21552	0.11184	0.19197	0.03313	0.04121	0.11455	0.01413	0.04809	0.01196	0.01414	0.02476	0.00585	0.00601	0.00170	0.04202	0.00482	0.00325	0.06399
1	0.01114	0.00879	0.01096	0.00917	0.01211	0.00794	0.04045	0.07298	0.06126	0.03702	0.03425	0.22024	0.05382	0.08879	0.00793	0.00195	0.00442	0.00815	0.00438	0.30425
2	0.01835	0.20707	0.02135	0.01570	0.07286	0.45195	0.08363	0.03783	0.01465	0.01493	0.00901	0.01074	0.00755	0.00543	0.00494	0.00146	0.00877	0.00391	0.00284	0.00704
3	0.09038	0.09232	0.00941	0.00795	0.00928	0.00744	0.00579	0.00997	0.01068	0.01539	0.02482	0.57422	0.02903	0.03998	0.00699	0.00215	0.00378	0.01248	0.00460	0.04332
4	0.01208	0.01148	0.01950	0.45683	0.35928	0.01289	0.01635	0.01565	0.01194	0.01614	0.01026	0.01453	0.00812	0.00536	0.00560	0.00179	0.00714	0.00501	0.00263	0.00742
5	0.01318	0.01394	0.14565	0.30597	0.02550	0.03199	0.03214	0.03310	0.01229	0.09800	0.01130	0.01402	0.00841	0.00594	0.00622	0.02079	0.03982	0.00459	0.00322	0.17394
6	0.00710	0.00507	0.00680	0.00811	0.00854	0.00478	0.00564	0.00825	0.01101	0.01463	0.03089	0.71907	0.03670	0.01741	0.00725	0.00232	0.00347	0.09312	0.00522	0.00464
7	0.01400	0.01209	0.01273	0.01145	0.01463	0.01400	0.00891	0.02990	0.75695	0.02354	0.02291	0.02100	0.01718	0.00764	0.00573	0.00191	0.00445	0.00636	0.00573	0.00891
8	0.01889	0.01400	0.01741	0.07382	0.17342	0.01512	0.01200	0.45057	0.03873	0.08673	0.01368	0.01452	0.00993	0.00634	0.00558	0.00170	0.00614	0.00513	0.02722	0.00906
9	0.01103	0.01227	0.09823	0.62849	0.03482	0.01271	0.01552	0.01628	0.08488	0.01565	0.01129	0.01526	0.00842	0.00579	0.00561	0.00187	0.00729	0.00504	0.00281	0.00674
10	0.00684	0.00571	0.00597	0.00590	0.00772	0.00483	0.00443	0.00845	0.01328	0.01628	0.16043	0.05239	0.66074	0.01385	0.00665	0.00188	0.00282	0.01163	0.00537	0.00483
11	0.00810	0.00584	0.00774	0.00768	0.00896	0.00548	0.00595	0.01067	0.01518	0.02120	0.60408	0.08059	0.04881	0.01248	0.00686	0.00193	0.00312	0.13410	0.00598	0.00525
12	0.01213	0.15744	0.31485	0.06534	0.07494	0.01417	0.17196	0.01656	0.01200	0.01655	0.01165	0.07100	0.00995	0.00669	0.01936	0.00187	0.00775	0.00551	0.00274	0.00755
13	0.00686	0.00490	0.00653	0.00784	0.00816	0.00457	0.00522	0.00784	0.01077	0.01437	0.03102	0.79855	0.03722	0.01763	0.00718	0.00229	0.00326	0.01600	0.00522	0.00457
14	0.01670	0.01343	0.01425	0.01200	0.01567	0.01526	0.00956	0.29290	0.48955	0.02791	0.01947	0.01826	0.01439	0.00731	0.00569	0.00183	0.00509	0.00589	0.00569	0.00915
15	0.01206	0.01034	0.01724	0.65006	0.11573	0.01229	0.01527	0.01565	0.01178	0.07029	0.01096	0.01519	0.00813	0.00566	0.00562	0.00184	0.00721	0.00505	0.00286	0.00678
16	0.01142	0.01081	0.01831	0.60818	0.21310	0.01271	0.01602	0.01507	0.01163	0.01534	0.01014	0.01475	0.00784	0.00548	0.00561	0.00183	0.00731	0.00500	0.00257	0.00689
17	0.01152	0.01118	0.01973	0.56820	0.17082	0.01285	0.09498	0.01530	0.01176	0.01551	0.01026	0.01483	0.00787	0.00542	0.00573	0.00184	0.00757	0.00518	0.00259	0.00688
18	0.01294	0.01452	0.03111	0.12198	0.03061	0.01401	0.65278	0.01756	0.01302	0.01756	0.01121	0.01516	0.00841	0.00486	0.00651	0.00189	0.00923	0.00643	0.00280	0.00742
19	0.00686	0.00490	0.00653	0.00784	0.00816	0.00457	0.00522	0.00784	0.01077	0.01437	0.03102	0.79855	0.03722	0.01763	0.00718	0.00229	0.00326	0.01600	0.00522	0.00457
20	0.05313	0.22919	0.02060	0.12764	0.09277	0.05908	0.04200	0.01695	0.01158	0.07955	0.00995	0.01253	0.00818	0.00632	0.00773	0.00173	0.17765	0.00437	0.01639	0.02264
21	0.01261	0.01580	0.10423	0.02180	0.02736	0.01341	0.62071	0.01726	0.01296	0.01774	0.01270	0.07229	0.01050	0.00575	0.00655	0.00191	0.00892	0.00708	0.00297	0.00744

[dist]
# distance from previous block
# <min> <max>
0	9

[block]
# block no. 1 follows, 42 sequences, length 12
# corresponding to MSA columns:
# 285-296
name=unknown_B
#
# <colnr> <probs for GDERKNQSTAVLIFYWHMCP>
#	G	D	E	R	K	N	Q	S	T	A	V	L	I	F	Y	W	H	M	C	P
0	0.00692	0.00571	0.00608	0.00599	0.00777	0.00487	0.00449	0.00860	0.01347	0.01672	0.20289	0.05166	0.61801	0.01369	0.00665	0.00187	0.00281	0.01153	0.00543	0.00487
1	0.00829	0.00570	0.00706	0.00751	0.00797	0.00565	0.00524	0.00925	0.01019	0.01354	0.06625	0.11435	0.02720	0.46762	0.01965	0.00416	0.00501	0.20701	0.00423	0.00412
2	0.01275	0.09073	0.52437	0.01641	0.09214	0.01339	0.01766	0.01791	0.01227	0.07087	0.04112	0.01358	0.00965	0.00581	0.00581	0.00175	0.03819	0.00452	0.00290	0.00816
3	0.01058	0.02543	0.65434	0.01458	0.02180	0.01177	0.01830	0.01630	0.01190	0.01736	0.01569	0.06617	0.07774	0.00694	0.00558	0.00183	0.00750	0.00562	0.00282	0.00775
4	0.00758	0.00591	0.00691	0.00683	0.00834	0.00539	0.00505	0.01014	0.04805	0.01865	0.35631	0.14290	0.33103	0.01320	0.00667	0.00189	0.00289	0.01142	0.00567	0.00516
5	0.06056	0.09717	0.60690	0.01537	0.04792	0.01371	0.01834	0.01800	0.01190	0.04600	0.01023	0.01181	0.00739	0.00534	0.00510	0.00172	0.00769	0.00408	0.00263	0.00816
6	0.01489	0.00991	0.05882	0.00904	0.01204	0.04288	0.00767	0.05837	0.01523	0.25010	0.18896	0.05109	0.12983	0.00949	0.00595	0.00177	0.00438	0.04178	0.08078	0.00700
7	0.02448	0.01013	0.01332	0.01028	0.01460	0.00917	0.00847	0.07861	0.04927	0.68618	0.02162	0.01884	0.01376	0.00698	0.00566	0.00174	0.00487	0.00565	0.00682	0.00955
8	0.01341	0.01294	0.02236	0.14754	0.62817	0.01327	0.04610	0.01687	0.01260	0.01777	0.01053	0.01414	0.00869	0.00510	0.00562	0.00171	0.00692	0.00508	0.00275	0.00846
9	0.02857	0.01356	0.10848	0.35701	0.25102	0.01281	0.04332	0.03572	0.03421	0.01720	0.01229	0.01569	0.03435	0.00576	0.00561	0.00180	0.00708	0.00521	0.00288	0.00745
10	0.01162	0.01426	0.14535	0.46365	0.09999	0.01315	0.09309	0.03180	0.01195	0.01613	0.01019	0.01427	0.00772	0.00562	0.00618	0.00186	0.03848	0.00503	0.00261	0.00705
11	0.01152	0.02332	0.01254	0.01335	0.12786	0.02593	0.00891	0.01352	0.01108	0.08932	0.08941	0.02247	0.01682	0.10126	0.31738	0.00507	0.09422	0.00624	0.00365	0.00614

[dist]
# distance from previous block
# <min> <max>
0	9

[block]
# block no. 2 follows, 42 sequences, length 74
# corresponding to MSA columns:
# 306-379
name=unknown_C
#
# <colnr> <probs for GDERKNQSTAVLIFYWHMCP>
#	G	D	E	R	K	N	Q	S	T	A	V	L	I	F	Y	W	H	M	C	P
0	0.09408	0.01363	0.08657	0.12105	0.29009	0.03374	0.09533	0.01703	0.05106	0.03572	0.02817	0.08386	0.01215	0.00656	0.00563	0.00180	0.00657	0.00605	0.00332	0.00758
1	0.00728	0.00532	0.00696	0.00782	0.00856	0.00487	0.00542	0.00857	0.01144	0.01545	0.09902	0.64027	0.05718	0.01619	0.00698	0.00216	0.00331	0.03999	0.00521	0.04800
2	0.02102	0.02682	0.01595	0.01450	0.01740	0.77963	0.01087	0.02247	0.01595	0.01377	0.00870	0.01015	0.00725	0.00580	0.00507	0.00145	0.01015	0.00362	0.00290	0.00652
3	0.01247	0.01090	0.01232	0.06647	0.03115	0.01249	0.00897	0.02413	0.52644	0.02110	0.04660	0.02527	0.12219	0.00858	0.00649	0.00192	0.04236	0.00705	0.00522	0.00790
4	0.00717	0.00625	0.00692	0.00775	0.06164	0.00536	0.00520	0.00873	0.01283	0.01543	0.05371	0.05130	0.71105	0.01360	0.00657	0.00188	0.00312	0.01139	0.00505	0.00505
5	0.00839	0.00638	0.00780	0.00733	0.00892	0.00611	0.00553	0.01221	0.08980	0.02167	0.59393	0.04157	0.14603	0.01149	0.00655	0.00180	0.00286	0.01003	0.00602	0.00559
6	0.00907	0.00648	0.00907	0.01036	0.01166	0.00648	0.00907	0.01166	0.01296	0.01684	0.02980	0.06348	0.03239	0.01555	0.00777	0.00259	0.00518	0.72924	0.00518	0.00518
7	0.02102	0.02682	0.01595	0.01450	0.01740	0.77963	0.01087	0.02247	0.01595	0.01377	0.00870	0.01015	0.00725	0.00580	0.00507	0.00145	0.01015	0.00362	0.00290	0.00652
8	0.02424	0.01039	0.01346	0.01041	0.01472	0.00958	0.00857	0.10707	0.05583	0.65096	0.02128	0.01863	0.01362	0.00698	0.00566	0.00174	0.00493	0.00563	0.00675	0.00954
9	0.00880	0.00594	0.00779	0.00722	0.00869	0.00545	0.00545	0.01143	0.01594	0.05861	0.72842	0.04094	0.05121	0.01129	0.00659	0.00177	0.00276	0.00996	0.00623	0.00552
10	0.00803	0.00577	0.00783	0.00886	0.00981	0.00556	0.00700	0.01000	0.01254	0.01665	0.13096	0.33754	0.05322	0.01575	0.00737	0.00235	0.00406	0.34642	0.00534	0.00496
11	0.01232	0.06064	0.56464	0.01592	0.02303	0.01316	0.09416	0.01788	0.01219	0.05669	0.01163	0.01497	0.00886	0.00596	0.00590	0.00182	0.03000	0.03938	0.00280	0.00805
12	0.02525	0.00958	0.01306	0.01001	0.01437	0.00827	0.00827	0.02743	0.01611	0.77102	0.02220	0.01915	0.01393	0.00697	0.00566	0.00174	0.00479	0.00566	0.00697	0.00958
13	0.01049	0.00525	0.00525	0.00525	0.00656	0.00525	0.00393	0.01311	0.01180	0.02098	0.01836	0.02098	0.01442	0.00656	0.00393	0.00131	0.00262	0.00525	0.83346	0.00525
14	0.00789	0.00575	0.00742	0.00700	0.00836	0.00528	0.00525	0.01048	0.01575	0.02215	0.72412	0.04272	0.09339	0.01166	0.00664	0.00178	0.00267	0.01027	0.00614	0.00528
15	0.01291	0.01169	0.01672	0.18216	0.01997	0.01552	0.01262	0.05094	0.01045	0.05128	0.00918	0.01354	0.00801	0.00950	0.03456	0.00244	0.52416	0.00501	0.00286	0.00648
16	0.01049	0.00525	0.00525	0.00525	0.00656	0.00525	0.00393	0.01311	0.01180	0.02098	0.01836	0.02098	0.01442	0.00656	0.00393	0.00131	0.00262	0.00525	0.83346	0.00525
17	0.63259	0.01103	0.01070	0.00991	0.04832	0.01259	0.02778	0.01717	0.01031	0.08220	0.00936	0.01081	0.00718	0.00573	0.00505	0.00179	0.06774	0.00364	0.01958	0.00653
18	0.01558	0.73571	0.02827	0.01007	0.01471	0.09024	0.00974	0.01736	0.01184	0.01329	0.00790	0.00913	0.00722	0.00490	0.00374	0.00123	0.00639	0.00306	0.00245	0.00716
19	0.00723	0.00572	0.00651	0.00631	0.00796	0.00500	0.00473	0.00921	0.01420	0.01847	0.37087	0.04878	0.44893	0.01303	0.00665	0.00184	0.00276	0.01112	0.00566	0.00500
20	0.05352	0.59843	0.10629	0.01077	0.01547	0.05033	0.01089	0.01693	0.01137	0.01433	0.00807	0.00961	0.00717	0.00529	0.00490	0.00139	0.06226	0.00329	0.00248	0.00718
21	0.01460	0.01085	0.01355	0.19117	0.01944	0.01196	0.01010	0.31797	0.01772	0.05552	0.01903	0.22592	0.03359	0.00976	0.00611	0.00192	0.00556	0.02313	0.00483	0.00727
22	0.02445	0.00976	0.01304	0.01012	0.01438	0.00868	0.00832	0.02760	0.06881	0.71784	0.02225	0.01929	0.01416	0.00701	0.00566	0.00175	0.00476	0.00571	0.00688	0.00953
23	0.00727	0.00554	0.00744	0.02956	0.00960	0.00519	0.02043	0.00867	0.01161	0.01517	0.07102	0.54214	0.16240	0.01600	0.00705	0.00220	0.00354	0.06525	0.00515	0.00479
24	0.03167	0.01219	0.02064	0.39812	0.10669	0.04272	0.18991	0.03049	0.01259	0.05277	0.01173	0.03148	0.00925	0.00586	0.00587	0.00185	0.00764	0.01850	0.00303	0.00702
25	0.00748	0.00563	0.00697	0.00735	0.00850	0.00520	0.00538	0.00956	0.03013	0.01760	0.27424	0.31193	0.21112	0.01449	0.00689	0.00204	0.00313	0.06182	0.00555	0.00499
26	0.00817	0.00551	0.00643	0.00643	0.00653	0.00561	0.00377	0.00837	0.00827	0.01113	0.01747	0.03535	0.01982	0.72604	0.10395	0.00582	0.00642	0.00797	0.00337	0.00357
27	0.02715	0.30065	0.20366	0.01383	0.01866	0.03395	0.11984	0.01674	0.01177	0.03483	0.03561	0.03542	0.01000	0.00627	0.00668	0.00168	0.10839	0.00476	0.00283	0.00728
28	0.03329	0.06589	0.63169	0.01529	0.02268	0.01314	0.04733	0.01719	0.01165	0.01746	0.01033	0.01252	0.00766	0.00792	0.06037	0.00227	0.00862	0.00430	0.00247	0.00794
29	0.00907	0.00648	0.00907	0.01036	0.01166	0.00648	0.00907	0.01166	0.01296	0.01684	0.02980	0.06348	0.03239	0.01555	0.00777	0.00259	0.00518	0.72924	0.00518	0.00518
30	0.01611	0.01116	0.01380	0.11259	0.05917	0.01186	0.00974	0.29957	0.03100	0.12240	0.12745	0.05238	0.07084	0.00819	0.00587	0.00176	0.00522	0.00681	0.02625	0.00783
31	0.20886	0.03105	0.17808	0.04354	0.27810	0.05244	0.09537	0.01747	0.01200	0.01940	0.00976	0.01226	0.00768	0.00516	0.00509	0.00172	0.00698	0.00444	0.00286	0.00775
32	0.04032	0.05151	0.01266	0.03623	0.01410	0.00900	0.00721	0.05141	0.01221	0.01874	0.01075	0.03310	0.00931	0.02500	0.00494	0.00112	0.00450	0.00391	0.00343	0.65057
33	0.26955	0.17931	0.18244	0.08875	0.01810	0.06775	0.01172	0.01724	0.01134	0.04509	0.00959	0.01206	0.00769	0.00572	0.00500	0.00168	0.03721	0.01979	0.00300	0.00697
34	0.49359	0.01295	0.01168	0.01014	0.03320	0.05748	0.00801	0.19913	0.01482	0.09648	0.01070	0.01134	0.00783	0.00579	0.00436	0.00171	0.00524	0.00388	0.00429	0.00738
35	0.03997	0.00570	0.00563	0.00552	0.00701	0.00573	0.00418	0.02848	0.01210	0.02104	0.02053	0.02268	0.06546	0.00704	0.00414	0.00137	0.00278	0.00562	0.72968	0.00533
36	0.81794	0.01086	0.00852	0.02998	0.01169	0.01262	0.00637	0.01648	0.00963	0.02494	0.00790	0.00931	0.00614	0.00524	0.00354	0.00175	0.00444	0.00310	0.00345	0.00610
37	0.00836	0.00582	0.00759	0.00716	0.00854	0.00535	0.00536	0.01090	0.01564	0.04276	0.69485	0.07513	0.06777	0.01171	0.00663	0.00179	0.00275	0.01035	0.00615	0.00538
38	0.01505	0.80561	0.02949	0.00963	0.01444	0.02227	0.00963	0.01685	0.01143	0.01324	0.00782	0.00903	0.00722	0.00481	0.00361	0.00120	0.00602	0.00301	0.00241	0.00722
39	0.15813	0.04018	0.06820	0.01208	0.01587	0.23500	0.01014	0.19377	0.13178	0.02267	0.01316	0.01381	0.02500	0.00739	0.02760	0.00187	0.00709	0.00456	0.00409	0.00761
40	0.00753	0.00574	0.00692	0.00663	0.00814	0.00513	0.00497	0.00978	0.01491	0.02014	0.53118	0.04603	0.28758	0.01241	0.00664	0.00181	0.00272	0.01074	0.00588	0.00513
41	0.01679	0.01347	0.01430	0.01202	0.01570	0.01530	0.00958	0.30088	0.48143	0.02804	0.01936	0.01817	0.01431	0.00730	0.00569	0.00183	0.00511	0.00587	0.00569	0.00916
42	0.00806	0.00596	0.00871	0.00871	0.00960	0.00685	0.00662	0.00983	0.00895	0.01282	0.01538	0.02380	0.01480	0.12959	0.69354	0.00863	0.01397	0.00628	0.00306	0.00484
43	0.53016	0.01046	0.01009	0.00844	0.01222	0.01113	0.00694	0.02077	0.03363	0.28792	0.01334	0.01301	0.00918	0.00591	0.00431	0.00175	0.00451	0.00406	0.00477	0.00740
44	0.01180	0.01018	0.01062	0.00973	0.01253	0.01123	0.00752	0.02337	0.53417	0.02104	0.03312	0.03093	0.24102	0.00962	0.00600	0.00191	0.00397	0.00801	0.00558	0.00766
45	0.00683	0.00500	0.00642	0.00755	0.00809	0.00459	0.00510	0.00787	0.01105	0.01448	0.03447	0.69957	0.13397	0.01718	0.00711	0.00223	0.00321	0.01545	0.00522	0.00459
46	0.00684	0.00495	0.00647	0.00768	0.00812	0.00458	0.00516	0.00785	0.01092	0.01443	0.03287	0.74559	0.08899	0.01739	0.00715	0.00226	0.00324	0.01571	0.00522	0.00458
47	0.01376	0.01320	0.02253	0.07382	0.72919	0.01333	0.01719	0.01712	0.01273	0.01818	0.01056	0.01398	0.00884	0.00505	0.00557	0.00168	0.00673	0.00501	0.00277	0.00878
48	0.84197	0.01088	0.00827	0.00740	0.01088	0.01262	0.00609	0.01654	0.00958	0.02525	0.00784	0.00914	0.00609	0.00522	0.00348	0.00174	0.00435	0.00305	0.00348	0.00609
49	0.00686	0.00490	0.00653	0.00784	0.00816	0.00457	0.00522	0.00784	0.01077	0.01437	0.03102	0.79855	0.03722	0.01763	0.00718	0.00229	0.00326	0.01600	0.00522	0.00457
50	0.84197	0.01088	0.00827	0.00740	0.01088	0.01262	0.00609	0.01654	0.00958	0.02525	0.00784	0.00914	0.00609	0.00522	0.00348	0.00174	0.00435	0.00305	0.00348	0.00609
51	0.01172	0.12096	0.26761	0.06164	0.19772	0.01247	0.01457	0.01557	0.01231	0.02915	0.03147	0.03844	0.10885	0.00734	0.00556	0.00176	0.00642	0.04578	0.00322	0.00745
52	0.02525	0.00958	0.01306	0.01001	0.01437	0.00827	0.00827	0.02743	0.01611	0.77102	0.02220	0.01915	0.01393	0.00697	0.00566	0.00174	0.00479	0.00566	0.00697	0.00958
53	0.06977	0.01007	0.01627	0.73311	0.03678	0.01251	0.01495	0.01453	0.01113	0.01515	0.00985	0.01459	0.00740	0.00560	0.00547	0.00187	0.00728	0.00486	0.00257	0.00624
54	0.01049	0.00977	0.01638	0.70305	0.06565	0.01197	0.01495	0.01403	0.01128	0.01454	0.01152	0.07071	0.00967	0.00646	0.00573	0.00190	0.00717	0.00578	0.00271	0.00624
55	0.00710	0.00570	0.00626	0.00640	0.00789	0.00503	0.00463	0.00886	0.02898	0.01601	0.14470	0.17849	0.49010	0.05466	0.00785	0.00213	0.00306	0.01205	0.00527	0.00482
56	0.01521	0.78374	0.02911	0.00977	0.01453	0.04353	0.00966	0.01701	0.01156	0.01326	0.00785	0.00906	0.00722	0.00484	0.00365	0.00121	0.00613	0.00303	0.00242	0.00720
57	0.01284	0.10928	0.58181	0.01553	0.02299	0.01380	0.07565	0.01842	0.01224	0.07094	0.01082	0.01235	0.00773	0.00536	0.00529	0.00173	0.00791	0.00434	0.00274	0.00823
58	0.02515	0.00973	0.01316	0.01009	0.01444	0.00850	0.00833	0.04569	0.01637	0.75238	0.02198	0.01901	0.01382	0.00696	0.00566	0.00174	0.00482	0.00564	0.00693	0.00958
59	0.00818	0.00546	0.00614	0.00614	0.00614	0.00546	0.00341	0.00818	0.00818	0.01091	0.01773	0.03683	0.02046	0.80222	0.02864	0.00546	0.00546	0.00818	0.00341	0.00341
60	0.01268	0.05655	0.22718	0.05040	0.02681	0.01443	0.44501	0.01750	0.01245	0.01732	0.01057	0.01383	0.00799	0.00526	0.00685	0.00187	0.05739	0.00564	0.00266	0.00762
61	0.00726	0.00555	0.00675	0.00741	0.00859	0.00504	0.00556	0.00883	0.01235	0.01577	0.09770	0.32311	0.31602	0.01549	0.00704	0.00215	0.00340	0.14187	0.00529	0.00481
62	0.00701	0.00503	0.00666	0.00777	0.00825	0.00469	0.00529	0.00820	0.01138	0.01526	0.10503	0.69184	0.05425	0.01690	0.00713	0.00223	0.00323	0.02987	0.00532	0.00466
63	0.01129	0.02911	0.77306	0.01604	0.02436	0.01307	0.02079	0.01782	0.01188	0.01782	0.01010	0.01188	0.00713	0.00535	0.00535	0.00178	0.00832	0.00416	0.00238	0.00832
64	0.01971	0.01378	0.01508	0.01199	0.01601	0.01505	0.00975	0.50618	0.14066	0.11122	0.01688	0.05326	0.01268	0.00744	0.00569	0.00175	0.00555	0.00587	0.02230	0.00914
65	0.00749	0.00569	0.00693	0.00694	0.00835	0.00513	0.00523	0.00956	0.01414	0.01885	0.40021	0.12966	0.28352	0.01336	0.00678	0.00193	0.00297	0.06253	0.00570	0.00504
66	0.01170	0.14981	0.61645	0.01457	0.02197	0.01411	0.01823	0.01729	0.01202	0.01735	0.04901	0.01300	0.00954	0.00558	0.00514	0.00169	0.00766	0.00429	0.00258	0.00799
67	0.05618	0.03649	0.03881	0.05653	0.17971	0.05575	0.24523	0.05112	0.01292	0.01791	0.01356	0.12860	0.01262	0.00800	0.02393	0.00203	0.04322	0.00690	0.00330	0.00721
68	0.71660	0.13137	0.01149	0.00774	0.01142	0.01409	0.00663	0.01659	0.00986	0.02343	0.00783	0.00912	0.00627	0.00516	0.00350	0.00166	0.00461	0.00304	0.00332	0.00627
69	0.01551	0.03564	0.01522	0.04965	0.01700	0.01455	0.04795	0.17122	0.48088	0.04558	0.03285	0.01890	0.01502	0.00718	0.00570	0.00184	0.00523	0.00601	0.00535	0.00875
70	0.02433	0.01029	0.01342	0.01032	0.01462	0.00939	0.00851	0.12051	0.01745	0.65744	0.03911	0.01898	0.01432	0.00705	0.00568	0.00174	0.00492	0.00569	0.00677	0.00947
71	0.01340	0.02592	0.01101	0.02444	0.04295	0.00772	0.00726	0.04792	0.01460	0.18704	0.22884	0.04567	0.10186	0.03101	0.00650	0.00175	0.00412	0.04369	0.00531	0.14900
72	0.81247	0.01085	0.00858	0.03513	0.01187	0.01262	0.00643	0.01647	0.00964	0.02486	0.00791	0.00935	0.00614	0.00524	0.00356	0.00175	0.00447	0.00312	0.00345	0.00610
73	0.06063	0.01748	0.01663	0.07068	0.11706	0.22268	0.01154	0.33394	0.03596	0.02474	0.01160	0.01287	0.00881	0.00612	0.00533	0.00163	0.00721	0.00459	0.02235	0.00814

[dist]
# distance from previous block
# <min> <max>
0	1

[block]
# block no. 3 follows, 42 sequences, length 36
# corresponding to MSA columns:
# 381-399,403-419
name=unknown_D
#
# <colnr> <probs for GDERKNQSTAVLIFYWHMCP>
#	G	D	E	R	K	N	Q	S	T	A	V	L	I	F	Y	W	H	M	C	P
0	0.01125	0.00918	0.01090	0.00822	0.01248	0.00708	0.00646	0.01362	0.01207	0.03583	0.07834	0.08188	0.01487	0.00603	0.00468	0.00106	0.00397	0.00507	0.00383	0.67317
1	0.01342	0.01576	0.11962	0.12979	0.43243	0.05947	0.07300	0.01764	0.03785	0.01756	0.01088	0.01405	0.00873	0.00588	0.01859	0.00185	0.00750	0.00501	0.00281	0.00817
2	0.00701	0.00500	0.00670	0.00801	0.00840	0.00470	0.00548	0.00809	0.01092	0.01453	0.03093	0.74879	0.03689	0.01749	0.00722	0.00231	0.00339	0.06428	0.00522	0.00461
3	0.02029	0.01522	0.01627	0.01273	0.01703	0.01694	0.01043	0.64120	0.13541	0.03369	0.01491	0.01463	0.01071	0.00689	0.00564	0.00172	0.00593	0.00526	0.00564	0.00947
4	0.01764	0.11138	0.01475	0.00971	0.01402	0.01089	0.00806	0.11873	0.02930	0.27115	0.01609	0.07299	0.01256	0.00661	0.00505	0.00143	0.00482	0.00531	0.00493	0.26457
5	0.01188	0.01061	0.03220	0.01108	0.02816	0.01006	0.05527	0.06595	0.02916	0.03393	0.14900	0.02113	0.07304	0.00757	0.00755	0.00156	0.13535	0.00596	0.00406	0.30649
6	0.00807	0.00651	0.00878	0.00915	0.00956	0.00722	0.00669	0.00927	0.01084	0.01489	0.08212	0.54367	0.05850	0.01544	0.00941	0.00227	0.16230	0.02561	0.00474	0.00496
7	0.00705	0.00552	0.00640	0.00667	0.00801	0.00486	0.00486	0.00866	0.01298	0.01667	0.20793	0.24798	0.39820	0.01456	0.00681	0.00199	0.00296	0.02762	0.00544	0.00484
8	0.01217	0.01100	0.01041	0.03145	0.01195	0.16346	0.00746	0.06970	0.01238	0.01614	0.03212	0.02137	0.03112	0.11059	0.29485	0.00476	0.02386	0.00578	0.12383	0.00558
9	0.62219	0.01118	0.00956	0.00845	0.01193	0.01282	0.00685	0.03546	0.16096	0.05720	0.01162	0.01206	0.00874	0.00582	0.00408	0.00177	0.00443	0.00387	0.00413	0.00689
10	0.00702	0.00497	0.00648	0.00763	0.00791	0.00468	0.00500	0.00788	0.01045	0.01394	0.02938	0.70443	0.03515	0.11458	0.00983	0.00268	0.00354	0.01503	0.00500	0.00443
11	0.00698	0.00507	0.00659	0.00758	0.00815	0.00468	0.00516	0.00821	0.01158	0.01547	0.12610	0.64688	0.09354	0.01660	0.00707	0.00219	0.00316	0.01495	0.00535	0.00468
12	0.02046	0.10033	0.01723	0.01404	0.01712	0.70814	0.01076	0.02194	0.01552	0.01372	0.00862	0.01004	0.00725	0.00571	0.00494	0.00143	0.00976	0.00357	0.00285	0.00659
13	0.02389	0.01070	0.01363	0.01056	0.01486	0.01007	0.00869	0.13835	0.06838	0.60688	0.02091	0.01841	0.01348	0.00698	0.00566	0.00174	0.00498	0.00562	0.00668	0.00953
14	0.00757	0.00503	0.00621	0.00715	0.00779	0.00472	0.00489	0.00892	0.01114	0.01577	0.03050	0.58350	0.08954	0.01513	0.00649	0.00206	0.00310	0.01351	0.17227	0.00472
15	0.00984	0.00648	0.00746	0.00713	0.00912	0.00580	0.00536	0.01225	0.05509	0.12203	0.12497	0.16632	0.42085	0.01310	0.00654	0.00193	0.00326	0.01117	0.00561	0.00569
16	0.01337	0.07403	0.49577	0.01628	0.04814	0.14030	0.04873	0.01824	0.01240	0.01662	0.00962	0.01166	0.00729	0.00564	0.00611	0.00174	0.05955	0.00419	0.00250	0.00780
17	0.04728	0.01009	0.01322	0.01017	0.01451	0.00910	0.00840	0.08281	0.01673	0.69382	0.02114	0.01845	0.01338	0.00690	0.00560	0.00174	0.00489	0.00554	0.00677	0.00948
18	0.84197	0.01088	0.00827	0.00740	0.01088	0.01262	0.00609	0.01654	0.00958	0.02525	0.00784	0.00914	0.00609	0.00522	0.00348	0.00174	0.00435	0.00305	0.00348	0.00609
19	0.01505	0.80561	0.02949	0.00963	0.01444	0.02227	0.00963	0.01685	0.01143	0.01324	0.00782	0.00903	0.00722	0.00481	0.00361	0.00120	0.00602	0.00301	0.00241	0.00722
20	0.01081	0.00657	0.00864	0.00901	0.01036	0.00630	0.00682	0.05722	0.01296	0.12200	0.02844	0.48117	0.03120	0.01501	0.00700	0.00224	0.00408	0.16897	0.00548	0.00571
21	0.00998	0.00896	0.01480	0.62916	0.03247	0.01090	0.01349	0.01302	0.01101	0.01418	0.01339	0.14177	0.01240	0.00816	0.00658	0.03749	0.00671	0.00677	0.00294	0.00582
22	0.01063	0.01000	0.01688	0.78870	0.03876	0.01250	0.01563	0.01438	0.01125	0.01438	0.01000	0.01500	0.00750	0.00563	0.00563	0.00188	0.00750	0.00500	0.00250	0.00625
23	0.02525	0.00958	0.01306	0.01001	0.01437	0.00827	0.00827	0.02743	0.01611	0.77102	0.02220	0.01915	0.01393	0.00697	0.00566	0.00174	0.00479	0.00566	0.00697	0.00958
24	0.01833	0.02224	0.01687	0.12486	0.09887	0.54913	0.01229	0.02029	0.01455	0.01433	0.00901	0.01135	0.00747	0.00592	0.00596	0.00159	0.05338	0.00404	0.00281	0.00672
25	0.71464	0.01068	0.00902	0.00781	0.01143	0.01195	0.00643	0.01824	0.01060	0.14152	0.01008	0.01070	0.00732	0.00550	0.00382	0.00174	0.00442	0.00345	0.00403	0.00664
26	0.00837	0.00536	0.00714	0.00790	0.00866	0.00494	0.00546	0.00965	0.01183	0.07188	0.12350	0.64427	0.03750	0.01606	0.00700	0.00218	0.00330	0.01449	0.00548	0.00504
27	0.00704	0.00510	0.00665	0.00757	0.00817	0.00471	0.00518	0.00834	0.01180	0.01585	0.16076	0.62122	0.08405	0.01636	0.00706	0.00217	0.00313	0.01473	0.00539	0.00471
28	0.02207	0.00927	0.01296	0.01157	0.06976	0.00818	0.00856	0.02418	0.01518	0.61871	0.02245	0.11779	0.01652	0.00817	0.00585	0.00181	0.00474	0.00692	0.00643	0.00889
29	0.01066	0.00993	0.01659	0.75208	0.03742	0.01242	0.01526	0.01433	0.01121	0.01453	0.01016	0.01510	0.00768	0.00574	0.00586	0.00187	0.02432	0.00501	0.02361	0.00622
30	0.00814	0.00591	0.00845	0.00845	0.00930	0.00672	0.00635	0.00985	0.00899	0.01297	0.01561	0.02445	0.01511	0.16385	0.63343	0.00821	0.01312	0.00635	0.02995	0.00477
31	0.34392	0.04985	0.01400	0.36317	0.02409	0.01330	0.01111	0.01558	0.01050	0.03478	0.00909	0.01225	0.00705	0.00577	0.00563	0.00183	0.06466	0.00413	0.00298	0.00630
32	0.01339	0.01086	0.01325	0.02674	0.06146	0.03763	0.05201	0.22398	0.04538	0.02029	0.03287	0.04359	0.05219	0.25982	0.05381	0.00333	0.03185	0.00690	0.00418	0.00648
33	0.01004	0.00696	0.00865	0.00813	0.00968	0.00681	0.00608	0.10420	0.01568	0.04759	0.42486	0.21376	0.04068	0.04627	0.00757	0.00205	0.00349	0.02596	0.00578	0.00574
34	0.00710	0.00515	0.00653	0.00734	0.00794	0.00477	0.00496	0.00825	0.01140	0.01516	0.12571	0.54709	0.11711	0.09272	0.00914	0.00249	0.00336	0.01405	0.00517	0.00457
35	0.01189	0.01121	0.01636	0.22747	0.07736	0.04123	0.05105	0.05913	0.01152	0.01575	0.01206	0.08542	0.01124	0.01242	0.10514	0.00292	0.23223	0.00614	0.00305	0.00641

[dist]
# distance from previous block
# <min> <max>
2	4

[block]
# block no. 4 follows, 42 sequences, length 10
# corresponding to MSA columns:
# 424-433
name=unknown_E
#
# <colnr> <probs for GDERKNQSTAVLIFYWHMCP>
#	G	D	E	R	K	N	Q	S	T	A	V	L	I	F	Y	W	H	M	C	P
0	0.01159	0.00985	0.01197	0.00976	0.01279	0.04267	0.03995	0.03206	0.01158	0.04036	0.01476	0.14733	0.01471	0.08684	0.04091	0.00214	0.07393	0.00647	0.00370	0.38662
1	0.01932	0.01452	0.01566	0.01224	0.01649	0.01583	0.00999	0.58820	0.10102	0.03209	0.01486	0.04316	0.01129	0.00705	0.00558	0.00167	0.00574	0.00547	0.00544	0.07436
2	0.00837	0.00688	0.00756	0.00741	0.00899	0.03099	0.00549	0.01158	0.08276	0.01884	0.33979	0.15739	0.26751	0.01274	0.00659	0.00189	0.00322	0.01102	0.00560	0.00540
3	0.01016	0.00753	0.00895	0.00894	0.01036	0.00771	0.00649	0.15047	0.06435	0.01950	0.07035	0.52886	0.05516	0.01442	0.00674	0.00210	0.00385	0.01280	0.00539	0.00586
4	0.00887	0.00699	0.00820	0.00808	0.00973	0.00700	0.00609	0.01383	0.17280	0.01958	0.29757	0.17464	0.17741	0.01252	0.00661	0.00196	0.00333	0.05324	0.00568	0.00583
5	0.00805	0.00597	0.00875	0.00875	0.00965	0.00687	0.00666	0.00986	0.00896	0.01284	0.01535	0.02362	0.01472	0.12016	0.70286	0.00868	0.01409	0.00625	0.00306	0.00486
6	0.02102	0.02682	0.01595	0.01450	0.01740	0.77963	0.01087	0.02247	0.01595	0.01377	0.00870	0.01015	0.00725	0.00580	0.00507	0.00145	0.01015	0.00362	0.00290	0.00652
7	0.00706	0.00512	0.00672	0.00793	0.00847	0.00477	0.00553	0.00823	0.01115	0.01468	0.03286	0.66903	0.09185	0.01717	0.00720	0.00229	0.00342	0.08666	0.00522	0.00465
8	0.00686	0.00490	0.00653	0.00784	0.00816	0.00457	0.00522	0.00784	0.01077	0.01437	0.03102	0.79855	0.03722	0.01763	0.00718	0.00229	0.00326	0.01600	0.00522	0.00457
9	0.00830	0.00623	0.00800	0.00889	0.01038	0.00593	0.00755	0.01053	0.01291	0.01632	0.03840	0.06053	0.26382	0.01514	0.00742	0.00237	0.00445	0.50257	0.00520	0.00505

[dist]
# distance from previous block
# <min> <max>
0	8

[block]
# block no. 5 follows, 42 sequences, length 60
# corresponding to MSA columns:
# 442-501
name=unknown_F
#
# <colnr> <probs for GDERKNQSTAVLIFYWHMCP>
#	G	D	E	R	K	N	Q	S	T	A	V	L	I	F	Y	W	H	M	C	P
0	0.01391	0.01341	0.02308	0.03429	0.74993	0.01339	0.03426	0.01729	0.01283	0.01838	0.01060	0.01396	0.00891	0.00501	0.00560	0.00168	0.00675	0.00505	0.00279	0.00888
1	0.84197	0.01088	0.00827	0.00740	0.01088	0.01262	0.00609	0.01654	0.00958	0.02525	0.00784	0.00914	0.00609	0.00522	0.00348	0.00174	0.00435	0.00305	0.00348	0.00609
2	0.00818	0.00598	0.00882	0.00882	0.00984	0.00693	0.00685	0.01023	0.00921	0.01353	0.01527	0.02204	0.01409	0.04010	0.73410	0.00859	0.01434	0.00598	0.05205	0.00504
3	0.01010	0.00723	0.00783	0.00716	0.00952	0.00669	0.00553	0.05268	0.08212	0.09400	0.09793	0.04451	0.52906	0.01231	0.00641	0.00186	0.00336	0.01025	0.00554	0.00592
4	0.03287	0.01858	0.01669	0.13727	0.12665	0.33747	0.01222	0.10644	0.10303	0.01844	0.01136	0.01315	0.00895	0.00608	0.00569	0.00166	0.02798	0.00455	0.00348	0.00744
5	0.01919	0.01351	0.01484	0.01201	0.01598	0.01482	0.00977	0.40555	0.25400	0.12706	0.01811	0.01817	0.01325	0.00734	0.00573	0.00179	0.00543	0.02841	0.00582	0.00922
6	0.49540	0.14318	0.11808	0.00981	0.01410	0.10671	0.00927	0.01748	0.01096	0.02091	0.00825	0.00962	0.00656	0.00524	0.00395	0.00163	0.00587	0.00326	0.00309	0.00663
7	0.01244	0.00997	0.00993	0.00999	0.05655	0.09871	0.00675	0.12538	0.01358	0.01858	0.03504	0.09871	0.03196	0.21512	0.04013	0.00289	0.00557	0.00709	0.19587	0.00573
8	0.01167	0.01000	0.01167	0.00834	0.01334	0.00750	0.00667	0.01417	0.01167	0.01834	0.01000	0.01167	0.00834	0.00417	0.00417	0.00083	0.00417	0.00333	0.00333	0.83663
9	0.01049	0.01303	0.12754	0.01594	0.01958	0.01054	0.30840	0.01383	0.01186	0.01634	0.01855	0.30357	0.01931	0.01012	0.00743	0.00207	0.05661	0.02468	0.00368	0.00644
10	0.20792	0.05347	0.13123	0.01058	0.01507	0.01159	0.00995	0.04702	0.06086	0.32323	0.03982	0.01567	0.01187	0.00648	0.00545	0.00175	0.03011	0.00484	0.00493	0.00817
11	0.02468	0.00970	0.01304	0.01009	0.01438	0.00856	0.00830	0.02755	0.05337	0.73342	0.02224	0.01925	0.01409	0.00700	0.00566	0.00175	0.00477	0.00569	0.00690	0.00954
12	0.00702	0.00517	0.00643	0.00722	0.00792	0.00474	0.00491	0.00815	0.01142	0.01498	0.09928	0.52846	0.17885	0.07721	0.00869	0.00241	0.00330	0.01408	0.00517	0.00458
13	0.03678	0.01475	0.03128	0.06769	0.13414	0.13600	0.01118	0.13326	0.19138	0.12656	0.03118	0.03429	0.01277	0.00678	0.00556	0.00174	0.00625	0.00550	0.00463	0.00829
14	0.00768	0.00556	0.00732	0.00777	0.00878	0.00520	0.00580	0.00968	0.01353	0.01847	0.36157	0.30906	0.08037	0.01439	0.00700	0.00208	0.00326	0.12181	0.00565	0.00501
15	0.01074	0.00987	0.01517	0.17407	0.12130	0.01198	0.02619	0.01292	0.01038	0.01462	0.01393	0.12206	0.01409	0.04023	0.08853	0.00297	0.25545	0.04628	0.00313	0.00611
16	0.01499	0.49159	0.14844	0.01261	0.03388	0.11071	0.04881	0.01835	0.04647	0.01488	0.00923	0.01060	0.00777	0.00515	0.00436	0.00141	0.00701	0.00365	0.00264	0.00745
17	0.01170	0.11336	0.69239	0.01534	0.02328	0.01407	0.01958	0.01772	0.01183	0.01732	0.00985	0.01157	0.00714	0.00529	0.00516	0.00172	0.00807	0.00403	0.00238	0.00820
18	0.00765	0.00601	0.00709	0.00759	0.00924	0.00545	0.00621	0.00957	0.01296	0.01604	0.06425	0.05756	0.45510	0.01470	0.00710	0.00217	0.00377	0.29737	0.00523	0.00494
19	0.00807	0.00652	0.00979	0.07878	0.01279	0.00640	0.06516	0.02895	0.01159	0.01528	0.02912	0.58811	0.08760	0.01499	0.00692	0.00217	0.00418	0.01366	0.00480	0.00511
20	0.01167	0.01118	0.01642	0.51751	0.03059	0.05943	0.04714	0.05436	0.01222	0.01560	0.01238	0.10383	0.01103	0.00734	0.00676	0.00193	0.06504	0.00624	0.00302	0.00631
21	0.01142	0.01230	0.03931	0.06574	0.02152	0.03165	0.34553	0.01447	0.01174	0.01596	0.01565	0.21942	0.01571	0.00908	0.00867	0.00208	0.14136	0.00856	0.00337	0.00646
22	0.73483	0.01213	0.02691	0.04836	0.01299	0.05456	0.00719	0.01678	0.01007	0.02389	0.00805	0.00956	0.00625	0.00528	0.00372	0.00173	0.00492	0.00321	0.00337	0.00618
23	0.00698	0.00505	0.00664	0.00786	0.00835	0.00470	0.00541	0.00809	0.01104	0.01457	0.03259	0.70507	0.08310	0.01729	0.00719	0.00228	0.00336	0.06060	0.00522	0.00462
24	0.01404	0.03808	0.12003	0.07885	0.28758	0.12873	0.12916	0.01823	0.04636	0.01727	0.01202	0.01669	0.01008	0.00596	0.00573	0.00176	0.00770	0.05092	0.00301	0.00779
25	0.01092	0.00921	0.01087	0.00826	0.01253	0.00705	0.00644	0.01319	0.01153	0.01772	0.01327	0.13397	0.01282	0.00626	0.00464	0.00106	0.00403	0.00530	0.00363	0.70731
26	0.01518	0.66790	0.04366	0.01137	0.01622	0.06898	0.07837	0.01733	0.01190	0.01381	0.00825	0.00973	0.00734	0.00488	0.00402	0.00129	0.00665	0.00341	0.00248	0.00723
27	0.01174	0.01113	0.01880	0.49866	0.30183	0.01265	0.01598	0.01529	0.01185	0.01585	0.01123	0.01546	0.02441	0.00559	0.00563	0.00180	0.00711	0.00515	0.00266	0.00718
28	0.00735	0.00530	0.00693	0.00792	0.00850	0.00497	0.00539	0.02524	0.01144	0.01538	0.07026	0.72279	0.03685	0.01677	0.00705	0.00221	0.00332	0.01517	0.00525	0.02191
29	0.01490	0.01235	0.01309	0.01155	0.01487	0.01416	0.00905	0.09199	0.67625	0.04224	0.02208	0.02031	0.01644	0.00754	0.00572	0.00189	0.00461	0.00623	0.00575	0.00898
30	0.00816	0.00593	0.00878	0.00878	0.00966	0.00681	0.00670	0.00978	0.00889	0.01274	0.01489	0.02260	0.01415	0.08233	0.69118	0.06088	0.01391	0.00608	0.00300	0.00477
31	0.02102	0.02682	0.01595	0.01450	0.01740	0.77963	0.01087	0.02247	0.01595	0.01377	0.00870	0.01015	0.00725	0.00580	0.00507	0.00145	0.01015	0.00362	0.00290	0.00652
32	0.01515	0.01271	0.01380	0.01265	0.04658	0.01451	0.00954	0.14128	0.61201	0.02518	0.02093	0.01953	0.01565	0.00739	0.00570	0.00186	0.00482	0.00610	0.00559	0.00901
33	0.00690	0.00505	0.00650	0.00763	0.00820	0.00466	0.00522	0.00799	0.01112	0.01456	0.03445	0.67595	0.13422	0.01711	0.00713	0.00224	0.00327	0.03797	0.00522	0.00461
34	0.00681	0.00567	0.00595	0.00596	0.00772	0.00480	0.00444	0.00835	0.01307	0.01598	0.13471	0.08974	0.64922	0.01411	0.00668	0.00190	0.00285	0.01189	0.00533	0.00480
35	0.01022	0.00758	0.00919	0.00885	0.00976	0.00819	0.00637	0.12255	0.01233	0.01666	0.03530	0.28330	0.02442	0.28187	0.01535	0.00330	0.07984	0.05536	0.00442	0.00515
36	0.06633	0.00964	0.01282	0.00988	0.01419	0.00849	0.00816	0.02688	0.01578	0.73351	0.02148	0.01865	0.01354	0.00688	0.00555	0.00174	0.00477	0.00553	0.00679	0.00940
37	0.01123	0.00546	0.00564	0.00548	0.00695	0.00540	0.00415	0.01383	0.01202	0.05870	0.01855	0.02089	0.01440	0.00658	0.00402	0.00133	0.00273	0.00527	0.79190	0.00546
38	0.00837	0.00598	0.00751	0.00711	0.00861	0.00551	0.00534	0.01112	0.03501	0.04157	0.59559	0.07147	0.15181	0.01190	0.00661	0.00181	0.00281	0.01042	0.00603	0.00541
39	0.01292	0.01480	0.11926	0.18055	0.50778	0.01318	0.03657	0.01679	0.01240	0.01751	0.01043	0.01391	0.00839	0.00517	0.00558	0.00173	0.00713	0.00494	0.00268	0.00828
40	0.14586	0.01226	0.01237	0.01034	0.01370	0.04592	0.00837	0.27412	0.11542	0.09380	0.01762	0.01882	0.04931	0.00734	0.00550	0.00173	0.02342	0.03033	0.10596	0.00781
41	0.47202	0.01562	0.15117	0.01155	0.03436	0.05714	0.05630	0.05471	0.01198	0.07486	0.00987	0.01111	0.00729	0.00544	0.00442	0.00174	0.00592	0.00384	0.00354	0.00711
42	0.01446	0.24325	0.13152	0.09692	0.25480	0.09664	0.03441	0.03578	0.01281	0.01637	0.00956	0.01197	0.00786	0.00518	0.00496	0.00156	0.00724	0.00422	0.00267	0.00781
43	0.00780	0.00551	0.00718	0.00813	0.00903	0.00514	0.00603	0.00929	0.01187	0.03301	0.06180	0.48213	0.13782	0.01621	0.00719	0.00227	0.00365	0.17578	0.00529	0.00488
44	0.01483	0.67364	0.07792	0.05288	0.01658	0.05662	0.01076	0.01704	0.01167	0.01363	0.00814	0.00960	0.00723	0.00494	0.00391	0.00129	0.00645	0.00322	0.00243	0.00721
45	0.01769	0.01001	0.01406	0.05546	0.09495	0.00972	0.03753	0.08255	0.05891	0.33588	0.12083	0.02513	0.05405	0.00807	0.00599	0.00181	0.00506	0.04849	0.00565	0.00816
46	0.02525	0.00958	0.01306	0.01001	0.01437	0.00827	0.00827	0.02743	0.01611	0.77102	0.02220	0.01915	0.01393	0.00697	0.00566	0.00174	0.00479	0.00566	0.00697	0.00958
47	0.00842	0.00619	0.00822	0.00933	0.02670	0.00599	0.00733	0.01043	0.01243	0.01619	0.08311	0.14350	0.13488	0.08947	0.00939	0.00265	0.00452	0.41123	0.00504	0.00497
48	0.01268	0.01493	0.10128	0.16421	0.09872	0.01384	0.35894	0.03495	0.01256	0.01744	0.01077	0.01453	0.00831	0.00559	0.00727	0.00189	0.08415	0.00569	0.02486	0.00739
49	0.00769	0.00534	0.00638	0.00675	0.00703	0.00522	0.00419	0.00821	0.00944	0.01253	0.04052	0.25900	0.07261	0.47519	0.05186	0.00438	0.00499	0.01064	0.00410	0.00394
50	0.00763	0.00522	0.00630	0.00685	0.00698	0.00509	0.00417	0.00804	0.00926	0.01235	0.02327	0.35439	0.02745	0.47513	0.01970	0.00413	0.00454	0.01144	0.00417	0.00389
51	0.01392	0.02179	0.43131	0.03648	0.15188	0.02681	0.04255	0.07691	0.01367	0.08783	0.01224	0.03802	0.00927	0.00593	0.00554	0.00177	0.00744	0.00499	0.00325	0.00841
52	0.05484	0.16322	0.54466	0.01433	0.02151	0.01443	0.03454	0.01812	0.01195	0.05858	0.01028	0.01172	0.00750	0.00532	0.00499	0.00168	0.00755	0.00404	0.00270	0.00806
53	0.00907	0.00648	0.00907	0.01036	0.01166	0.00648	0.00907	0.01166	0.01296	0.01684	0.02980	0.06348	0.03239	0.01555	0.00777	0.00259	0.00518	0.72924	0.00518	0.00518
54	0.01393	0.01337	0.02284	0.03454	0.76712	0.01337	0.01727	0.01727	0.01281	0.01839	0.01059	0.01393	0.00891	0.00501	0.00557	0.00167	0.00669	0.00501	0.00279	0.00891
55	0.06498	0.29427	0.36725	0.01276	0.03552	0.01538	0.01424	0.01651	0.01184	0.01691	0.06203	0.04289	0.01146	0.00604	0.00479	0.00159	0.00665	0.00458	0.00284	0.00746
56	0.01328	0.05863	0.30247	0.15176	0.24173	0.02923	0.04026	0.01774	0.01242	0.06447	0.01088	0.01339	0.00819	0.00536	0.00543	0.00173	0.00744	0.00465	0.00283	0.00810
57	0.09814	0.01024	0.01282	0.00997	0.01422	0.02373	0.00821	0.05130	0.01588	0.66433	0.02036	0.01789	0.01295	0.00678	0.00545	0.00173	0.00490	0.00537	0.00653	0.00921
58	0.01312	0.05995	0.14914	0.08749	0.17729	0.04351	0.31018	0.01739	0.01271	0.01748	0.01094	0.01413	0.00847	0.00511	0.00576	0.00175	0.00805	0.00538	0.04448	0.00769
59	0.01270	0.01438	0.11076	0.19843	0.33181	0.03703	0.03371	0.01791	0.10087	0.01753	0.01210	0.01519	0.00962	0.00786	0.05429	0.00222	0.00751	0.00513	0.00304	0.00788

[dist]
# distance from previous block
# <min> <max>
1	3

[block]
# block no. 6 follows, 42 sequences, length 20
# corresponding to MSA columns:
# 505-511,514-519,524-530
name=unknown_G
#
# <colnr> <probs for GDERKNQSTAVLIFYWHMCP>
#	G	D	E	R	K	N	Q	S	T	A	V	L	I	F	Y	W	H	M	C	P
0	0.02766	0.24401	0.10448	0.02437	0.01518	0.03587	0.01020	0.10390	0.01364	0.06902	0.05275	0.01454	0.01143	0.00787	0.04099	0.00186	0.07191	0.00451	0.06740	0.07840
1	0.07916	0.32605	0.13158	0.05831	0.05072	0.09032	0.01137	0.03478	0.01212	0.01611	0.04565	0.01363	0.01029	0.04623	0.02279	0.00188	0.03494	0.00424	0.00289	0.00694
2	0.00706	0.00512	0.00669	0.00770	0.00830	0.00475	0.00533	0.00834	0.01161	0.01547	0.11660	0.62511	0.09327	0.01659	0.00711	0.00221	0.00325	0.04548	0.00533	0.00469
3	0.01085	0.00820	0.01059	0.02909	0.01155	0.04242	0.05894	0.04766	0.01139	0.07103	0.02092	0.23772	0.04201	0.25870	0.08107	0.00370	0.03532	0.00938	0.00418	0.00528
4	0.01167	0.01000	0.01167	0.00834	0.01334	0.00750	0.00667	0.01417	0.01167	0.01834	0.01000	0.01167	0.00834	0.00417	0.00417	0.00083	0.00417	0.00333	0.00333	0.83663
5	0.01534	0.76748	0.02883	0.00987	0.01459	0.05935	0.00969	0.01713	0.01166	0.01327	0.00787	0.00908	0.00722	0.00486	0.00368	0.00122	0.00622	0.00304	0.00243	0.00719
6	0.01230	0.00786	0.00914	0.00813	0.01034	0.03527	0.00627	0.04771	0.03708	0.16537	0.39098	0.07353	0.15183	0.01082	0.00635	0.00180	0.00362	0.00928	0.00598	0.00635
7	0.00762	0.00574	0.00705	0.00672	0.00820	0.00516	0.00504	0.00996	0.01512	0.02065	0.57981	0.04520	0.23863	0.01222	0.00664	0.00180	0.00271	0.01062	0.00594	0.00516
8	0.01400	0.01209	0.01273	0.01145	0.01463	0.01400	0.00891	0.02990	0.75695	0.02354	0.02291	0.02100	0.01718	0.00764	0.00573	0.00191	0.00445	0.00636	0.00573	0.00891
9	0.00804	0.00603	0.00904	0.00904	0.01005	0.00703	0.00703	0.01005	0.00904	0.01306	0.01507	0.02211	0.01407	0.04221	0.77992	0.00904	0.01507	0.00603	0.00301	0.00502
10	0.01437	0.01227	0.01293	0.01153	0.01477	0.01417	0.00900	0.06580	0.72045	0.02414	0.02244	0.02062	0.01680	0.00759	0.00572	0.00190	0.00454	0.00630	0.00572	0.00894
11	0.01330	0.01149	0.01206	0.01091	0.01397	0.01312	0.00847	0.02784	0.68666	0.02275	0.02613	0.02413	0.08781	0.00826	0.00581	0.00191	0.00430	0.00688	0.00568	0.00851
12	0.00685	0.00493	0.00650	0.00775	0.00814	0.00458	0.00519	0.00785	0.01086	0.01440	0.03206	0.76880	0.06630	0.01750	0.00716	0.00227	0.00325	0.01583	0.00522	0.00458
13	0.00695	0.00503	0.00657	0.00763	0.00815	0.00465	0.00517	0.00812	0.01140	0.01521	0.10332	0.67968	0.08364	0.01683	0.00710	0.00221	0.00318	0.01518	0.00532	0.00465
14	0.01379	0.01335	0.02315	0.05944	0.70641	0.01338	0.05296	0.01721	0.01278	0.01823	0.01061	0.01403	0.00885	0.00502	0.00563	0.00169	0.00685	0.00509	0.00278	0.00876
15	0.80254	0.01112	0.00869	0.00767	0.01120	0.01286	0.00632	0.05171	0.01039	0.02574	0.00811	0.00935	0.00626	0.00530	0.00359	0.00174	0.00444	0.00314	0.00359	0.00626
16	0.00894	0.00558	0.00667	0.00679	0.00714	0.00542	0.00415	0.00931	0.00930	0.05953	0.02118	0.21713	0.02404	0.56536	0.02209	0.00447	0.00489	0.00989	0.00407	0.00407
17	0.61449	0.01038	0.00964	0.06861	0.01347	0.01162	0.00713	0.01777	0.01099	0.13843	0.04444	0.01262	0.00953	0.00581	0.00413	0.00175	0.00459	0.00392	0.00406	0.00660
18	0.01408	0.22775	0.02018	0.05190	0.06177	0.12664	0.05934	0.03762	0.04597	0.01542	0.01377	0.04499	0.05901	0.00758	0.00796	0.00177	0.17271	0.02156	0.00314	0.00681
19	0.08485	0.01148	0.01259	0.01039	0.01400	0.06555	0.00840	0.14168	0.06476	0.37229	0.04010	0.05723	0.01546	0.00780	0.00560	0.00178	0.00517	0.04129	0.03124	0.00833

[dist]
# distance from previous block
# <min> <max>
0	1

[block]
