[name]
unknown

[dist]
# distance from previous block
# <min> <max>
0	67

[block]
# block no. 0 follows, 40 sequences, length 38
# corresponding to MSA columns:
# 87-124
name=unknown_A
#
# <colnr> <probs for GDERKNQSTAVLIFYWHMCP>
#	G	D	E	R	K	N	Q	S	T	A	V	L	I	F	Y	W	H	M	C	P
0	0.01318	0.01558	0.07286	0.05949	0.06535	0.01398	0.58592	0.01789	0.01342	0.01830	0.01272	0.04311	0.01030	0.00571	0.00673	0.00197	0.00917	0.02355	0.00303	0.00772
1	0.10077	0.17718	0.35424	0.03808	0.04159	0.11851	0.01526	0.01915	0.01276	0.05809	0.01022	0.01173	0.00774	0.00556	0.00497	0.00167	0.00768	0.00400	0.00293	0.00790
2	0.02487	0.00990	0.01329	0.01033	0.01466	0.00876	0.00848	0.02790	0.05591	0.69920	0.04731	0.02068	0.01592	0.00739	0.00589	0.00181	0.00486	0.00604	0.00710	0.00971
3	0.00709	0.00506	0.00675	0.00810	0.00843	0.00472	0.00540	0.00810	0.01113	0.01484	0.03205	0.79184	0.03846	0.01822	0.00742	0.00236	0.00337	0.01653	0.00540	0.00472
4	0.04391	0.02280	0.46494	0.06326	0.20827	0.01310	0.01888	0.01762	0.01254	0.01876	0.03094	0.01540	0.00990	0.00595	0.00564	0.00184	0.00771	0.02737	0.00281	0.00836
5	0.01291	0.01403	0.04910	0.09742	0.02070	0.03819	0.12685	0.01524	0.01029	0.01499	0.00871	0.01340	0.00782	0.00859	0.01486	0.00233	0.52994	0.00531	0.00262	0.00670
6	0.00716	0.00511	0.00683	0.00818	0.00855	0.00479	0.00553	0.00823	0.01121	0.01493	0.03201	0.76771	0.03830	0.01815	0.00744	0.00237	0.00344	0.03991	0.00540	0.00474
7	0.02609	0.00990	0.01350	0.01035	0.01484	0.00855	0.00855	0.02834	0.01664	0.76338	0.02294	0.01979	0.01439	0.00720	0.00585	0.00180	0.00495	0.00585	0.00720	0.00990
8	0.02091	0.01538	0.01656	0.01290	0.01719	0.01697	0.01054	0.67994	0.02594	0.03476	0.01507	0.05689	0.01175	0.02944	0.00656	0.00189	0.00621	0.00594	0.00573	0.00943
9	0.00776	0.00638	0.00676	0.00668	0.00861	0.00567	0.00506	0.03244	0.03339	0.01720	0.10765	0.09307	0.59603	0.01432	0.00688	0.00199	0.00319	0.03619	0.00550	0.00523
10	0.01600	0.60022	0.11220	0.01143	0.01653	0.13003	0.01145	0.01837	0.01254	0.01430	0.00848	0.00983	0.00746	0.00518	0.00415	0.00135	0.00711	0.00334	0.00256	0.00749
11	0.00801	0.00604	0.00773	0.00819	0.00943	0.00528	0.00567	0.00931	0.01131	0.01561	0.02803	0.64734	0.03293	0.01564	0.00685	0.00208	0.00355	0.01411	0.00504	0.15787
12	0.00901	0.00712	0.00863	0.11885	0.01331	0.00713	0.00680	0.05467	0.03126	0.01749	0.05759	0.18791	0.35038	0.02880	0.00698	0.00205	0.00400	0.01084	0.07163	0.00553
13	0.01262	0.20516	0.57907	0.01554	0.04134	0.01568	0.01876	0.01817	0.01220	0.01735	0.00991	0.01166	0.00743	0.00539	0.00512	0.00170	0.00801	0.00405	0.00247	0.00835
14	0.00709	0.00506	0.00675	0.00810	0.00843	0.00472	0.00540	0.00810	0.01113	0.01484	0.03205	0.79184	0.03846	0.01822	0.00742	0.00236	0.00337	0.01653	0.00540	0.00472
15	0.01178	0.00659	0.00693	0.02692	0.00870	0.00683	0.00502	0.08201	0.01340	0.02233	0.01823	0.02171	0.01459	0.05130	0.00572	0.00165	0.00336	0.00557	0.68161	0.00576
16	0.01931	0.11915	0.01941	0.01824	0.17294	0.42665	0.01220	0.05062	0.01548	0.05676	0.01042	0.01214	0.00851	0.00680	0.02567	0.00175	0.00887	0.00421	0.00325	0.00761
17	0.01166	0.03008	0.76550	0.01657	0.02517	0.01351	0.02149	0.01842	0.01228	0.01842	0.01044	0.01228	0.00737	0.00552	0.00552	0.00184	0.00859	0.00430	0.00246	0.00859
18	0.02609	0.00990	0.01350	0.01035	0.01484	0.00855	0.00855	0.02834	0.01664	0.76338	0.02294	0.01979	0.01439	0.00720	0.00585	0.00180	0.00495	0.00585	0.00720	0.00990
19	0.01395	0.01336	0.02280	0.13356	0.66499	0.01370	0.01762	0.01745	0.01303	0.01846	0.01086	0.01454	0.00902	0.00526	0.00576	0.00175	0.00702	0.00518	0.00284	0.00885
20	0.00834	0.00649	0.00764	0.00726	0.00898	0.00608	0.00547	0.01187	0.07877	0.02101	0.47310	0.04551	0.27301	0.01244	0.00678	0.00188	0.00297	0.01073	0.00604	0.00563
21	0.01166	0.03008	0.76550	0.01657	0.02517	0.01351	0.02149	0.01842	0.01228	0.01842	0.01044	0.01228	0.00737	0.00552	0.00552	0.00184	0.00859	0.00430	0.00246	0.00859
22	0.01137	0.01037	0.01543	0.34732	0.02480	0.01331	0.01270	0.01474	0.05067	0.01551	0.01225	0.05690	0.01079	0.01022	0.05342	0.00254	0.26252	0.00590	0.06291	0.00634
23	0.01084	0.00542	0.00542	0.00542	0.00678	0.00542	0.00407	0.01355	0.01220	0.02168	0.01897	0.02168	0.01491	0.00678	0.00407	0.00136	0.00271	0.00542	0.82791	0.00542
24	0.01098	0.01034	0.01744	0.78165	0.04005	0.01292	0.01615	0.01486	0.01163	0.01486	0.01034	0.01550	0.00775	0.00581	0.00581	0.00194	0.00775	0.00517	0.00258	0.00646
25	0.02609	0.00990	0.01350	0.01035	0.01484	0.00855	0.00855	0.02834	0.01664	0.76338	0.02294	0.01979	0.01439	0.00720	0.00585	0.00180	0.00495	0.00585	0.00720	0.00990
26	0.01443	0.01238	0.01307	0.01164	0.01499	0.01414	0.00907	0.04979	0.68881	0.02431	0.02379	0.02197	0.03424	0.00791	0.00589	0.00193	0.00461	0.00657	0.00583	0.03464
27	0.01098	0.01034	0.01744	0.78165	0.04005	0.01292	0.01615	0.01486	0.01163	0.01486	0.01034	0.01550	0.00775	0.00581	0.00581	0.00194	0.00775	0.00517	0.00258	0.00646
28	0.01555	0.79913	0.03047	0.00995	0.01493	0.02301	0.00995	0.01741	0.01182	0.01368	0.00808	0.00933	0.00746	0.00498	0.00373	0.00124	0.00622	0.00311	0.00249	0.00746
29	0.00716	0.00509	0.00673	0.00800	0.00832	0.00477	0.00530	0.00812	0.01099	0.01466	0.03132	0.75192	0.03754	0.05939	0.00860	0.00254	0.00349	0.01610	0.00530	0.00466
30	0.04240	0.01204	0.01655	0.44941	0.02988	0.01409	0.01349	0.20153	0.07826	0.06622	0.01306	0.01569	0.00949	0.00636	0.00575	0.00188	0.00687	0.00528	0.00400	0.00776
31	0.02137	0.01629	0.01742	0.06360	0.01947	0.04347	0.01139	0.66813	0.02594	0.03446	0.01355	0.01394	0.00967	0.00687	0.00580	0.00175	0.00663	0.00518	0.00551	0.00956
32	0.01084	0.00542	0.00542	0.00542	0.00678	0.00542	0.00407	0.01355	0.01220	0.02168	0.01897	0.02168	0.01491	0.00678	0.00407	0.00136	0.00271	0.00542	0.82791	0.00542
33	0.76016	0.01130	0.00913	0.00799	0.01168	0.01290	0.00658	0.03885	0.01084	0.07447	0.00924	0.01025	0.00693	0.00556	0.00381	0.00180	0.00458	0.00339	0.00390	0.00664
34	0.01157	0.01065	0.01744	0.74097	0.03889	0.01319	0.01588	0.05326	0.01246	0.01601	0.01053	0.01542	0.00787	0.00588	0.00581	0.00193	0.00768	0.00517	0.00276	0.00664
35	0.01118	0.02961	0.01091	0.00966	0.01116	0.00913	0.00758	0.03621	0.03935	0.07907	0.01855	0.04531	0.05410	0.08798	0.39898	0.00601	0.09165	0.00672	0.04090	0.00593
36	0.00823	0.00594	0.00777	0.00732	0.00869	0.00549	0.00549	0.01097	0.01646	0.02332	0.75629	0.04344	0.05487	0.01189	0.00686	0.00183	0.00274	0.01052	0.00640	0.00549
37	0.01364	0.04595	0.07000	0.10468	0.08863	0.06030	0.33404	0.01737	0.01255	0.01689	0.01073	0.01517	0.00875	0.00633	0.00868	0.00200	0.15507	0.01896	0.00282	0.00745

[dist]
# distance from previous block
# <min> <max>
0	1

[block]
# block no. 1 follows, 40 sequences, length 32
# corresponding to MSA columns:
# 126-157
name=unknown_B
#
# <colnr> <probs for GDERKNQSTAVLIFYWHMCP>
#	G	D	E	R	K	N	Q	S	T	A	V	L	I	F	Y	W	H	M	C	P
0	0.00964	0.00640	0.00822	0.00757	0.00926	0.00590	0.00574	0.01261	0.03425	0.07820	0.64225	0.04188	0.09248	0.01161	0.00676	0.00184	0.00297	0.01017	0.00639	0.00587
1	0.00722	0.00516	0.00690	0.00825	0.00865	0.00484	0.00563	0.00833	0.01127	0.01500	0.03198	0.74887	0.03817	0.01809	0.00746	0.00238	0.00349	0.05817	0.00540	0.00476
2	0.01878	0.05864	0.01552	0.01315	0.01611	0.49687	0.01007	0.10220	0.03402	0.01753	0.05075	0.06132	0.04660	0.00839	0.02343	0.00180	0.00865	0.00549	0.00379	0.00689
3	0.02074	0.01478	0.01620	0.01242	0.01706	0.01570	0.01020	0.55024	0.05845	0.09442	0.01469	0.01456	0.01047	0.00668	0.00562	0.00164	0.00591	0.00511	0.00562	0.11948
4	0.01084	0.00542	0.00542	0.00542	0.00678	0.00542	0.00407	0.01355	0.01220	0.02168	0.01897	0.02168	0.01491	0.00678	0.00407	0.00136	0.00271	0.00542	0.82791	0.00542
5	0.81118	0.01122	0.00882	0.03158	0.01214	0.01304	0.00660	0.01702	0.00995	0.02574	0.00817	0.00963	0.00634	0.00541	0.00367	0.00180	0.00460	0.00321	0.00357	0.00630
6	0.01272	0.01272	0.01781	0.01527	0.01527	0.01781	0.01272	0.01399	0.00891	0.01399	0.00763	0.01272	0.00763	0.01018	0.01908	0.00254	0.78499	0.00509	0.00254	0.00636
7	0.02609	0.00990	0.01350	0.01035	0.01484	0.00855	0.00855	0.02834	0.01664	0.76338	0.02294	0.01979	0.01439	0.00720	0.00585	0.00180	0.00495	0.00585	0.00720	0.00990
8	0.02116	0.01538	0.01645	0.01271	0.01709	0.01698	0.01047	0.67927	0.02608	0.03540	0.01438	0.01461	0.01031	0.00696	0.00567	0.00171	0.00609	0.00525	0.07450	0.00952
9	0.00709	0.00506	0.00675	0.00810	0.00843	0.00472	0.00540	0.00810	0.01113	0.01484	0.03205	0.79184	0.03846	0.01822	0.00742	0.00236	0.00337	0.01653	0.00540	0.00472
10	0.01084	0.00542	0.00542	0.00542	0.00678	0.00542	0.00407	0.01355	0.01220	0.02168	0.01897	0.02168	0.01491	0.00678	0.00407	0.00136	0.00271	0.00542	0.82791	0.00542
11	0.04244	0.01435	0.17431	0.04898	0.01778	0.01057	0.02608	0.07374	0.06060	0.30539	0.01935	0.12726	0.01538	0.00820	0.00592	0.00188	0.00579	0.00688	0.00523	0.02988
12	0.01166	0.03008	0.76550	0.01657	0.02517	0.01351	0.02149	0.01842	0.01228	0.01842	0.01044	0.01228	0.00737	0.00552	0.00552	0.00184	0.00859	0.00430	0.00246	0.00859
13	0.01084	0.00542	0.00542	0.00542	0.00678	0.00542	0.00407	0.01355	0.01220	0.02168	0.01897	0.02168	0.01491	0.00678	0.00407	0.00136	0.00271	0.00542	0.82791	0.00542
14	0.01716	0.01197	0.01292	0.01055	0.01381	0.01297	0.00847	0.45058	0.02148	0.03022	0.06067	0.08266	0.01622	0.00816	0.00557	0.00170	0.00499	0.00654	0.21531	0.00806
15	0.01366	0.01627	0.06892	0.02477	0.07179	0.01460	0.66255	0.01857	0.01363	0.01864	0.01165	0.01545	0.00878	0.00495	0.00674	0.00194	0.00958	0.00664	0.00291	0.00796
16	0.01098	0.01034	0.01744	0.78165	0.04005	0.01292	0.01615	0.01486	0.01163	0.01486	0.01034	0.01550	0.00775	0.00581	0.00581	0.00194	0.00775	0.00517	0.00258	0.00646
17	0.01155	0.00638	0.00666	0.00632	0.00787	0.00657	0.00477	0.07385	0.01315	0.02204	0.01836	0.02188	0.01477	0.04653	0.04181	0.00197	0.00377	0.00559	0.68050	0.00569
18	0.01477	0.69926	0.06068	0.01002	0.01485	0.02113	0.01008	0.01692	0.01222	0.01469	0.07070	0.01231	0.01142	0.00558	0.00407	0.00132	0.00603	0.00378	0.00281	0.00735
19	0.00991	0.00788	0.00891	0.00851	0.00990	0.04399	0.00630	0.07165	0.01515	0.02043	0.37159	0.19317	0.07965	0.07663	0.00906	0.00227	0.02751	0.02634	0.00555	0.00559
20	0.01084	0.00542	0.00542	0.00542	0.00678	0.00542	0.00407	0.01355	0.01220	0.02168	0.01897	0.02168	0.01491	0.00678	0.00407	0.00136	0.00271	0.00542	0.82791	0.00542
21	0.01206	0.01034	0.01206	0.00861	0.01378	0.00775	0.00689	0.01464	0.01206	0.01895	0.01034	0.01206	0.00861	0.00431	0.00431	0.00086	0.00431	0.00345	0.00345	0.83118
22	0.00694	0.00589	0.00598	0.00596	0.00789	0.00494	0.00447	0.00847	0.01341	0.01607	0.09191	0.05537	0.72377	0.01459	0.00687	0.00196	0.00294	0.01219	0.00545	0.00494
23	0.01084	0.00542	0.00542	0.00542	0.00678	0.00542	0.00407	0.01355	0.01220	0.02168	0.01897	0.02168	0.01491	0.00678	0.00407	0.00136	0.00271	0.00542	0.82791	0.00542
24	0.01098	0.01034	0.01744	0.78165	0.04005	0.01292	0.01615	0.01486	0.01163	0.01486	0.01034	0.01550	0.00775	0.00581	0.00581	0.00194	0.00775	0.00517	0.00258	0.00646
25	0.01266	0.01013	0.01095	0.00958	0.01237	0.01072	0.00756	0.18810	0.19401	0.02366	0.12068	0.03546	0.28725	0.01083	0.00669	0.00192	0.02187	0.02266	0.00568	0.00724
26	0.01384	0.01151	0.01356	0.01016	0.01494	0.01019	0.02986	0.13618	0.08277	0.02224	0.01291	0.03839	0.01063	0.00555	0.00488	0.00119	0.00482	0.00455	0.00411	0.56773
27	0.00783	0.00618	0.00715	0.00760	0.00899	0.00578	0.00555	0.01053	0.07413	0.01671	0.09061	0.33207	0.33294	0.01537	0.00707	0.00215	0.00338	0.05518	0.00551	0.00526
28	0.08226	0.01100	0.01277	0.00950	0.01435	0.00940	0.02497	0.07761	0.03065	0.04287	0.01165	0.01379	0.00950	0.00508	0.00461	0.00114	0.00468	0.02051	0.00386	0.60980
29	0.03547	0.09499	0.02202	0.06338	0.46905	0.05099	0.01507	0.12230	0.01521	0.02086	0.02958	0.01429	0.01005	0.00566	0.00551	0.00168	0.00681	0.00499	0.00336	0.00872
30	0.04183	0.16796	0.01762	0.02900	0.01604	0.26784	0.00983	0.16922	0.08202	0.01971	0.01229	0.01524	0.01046	0.08974	0.02541	0.00218	0.00767	0.00475	0.00381	0.00736
31	0.64612	0.01232	0.03408	0.02601	0.01315	0.03492	0.00756	0.03543	0.03092	0.09929	0.01028	0.01117	0.00760	0.00571	0.00410	0.00180	0.00497	0.00366	0.00399	0.00691

[dist]
# distance from previous block
# <min> <max>
0	2

[block]
# block no. 2 follows, 40 sequences, length 25
# corresponding to MSA columns:
# 160-184
name=unknown_C
#
# <colnr> <probs for GDERKNQSTAVLIFYWHMCP>
#	G	D	E	R	K	N	Q	S	T	A	V	L	I	F	Y	W	H	M	C	P
0	0.01233	0.01168	0.01985	0.48575	0.19184	0.01321	0.08140	0.04992	0.01297	0.01716	0.01265	0.01678	0.03730	0.00600	0.00594	0.00189	0.00751	0.00560	0.00294	0.00728
1	0.00851	0.07788	0.00947	0.00817	0.00942	0.00723	0.00600	0.01073	0.05031	0.01623	0.12826	0.42404	0.10391	0.04531	0.06432	0.00276	0.00455	0.01251	0.00506	0.00532
2	0.01217	0.01147	0.01906	0.56561	0.10180	0.01357	0.06897	0.04604	0.04739	0.01683	0.01119	0.01556	0.00852	0.00597	0.00631	0.00193	0.03223	0.00536	0.00293	0.00708
3	0.00790	0.00591	0.00808	0.05875	0.01091	0.00595	0.00640	0.00929	0.01106	0.01511	0.03832	0.58739	0.03206	0.03523	0.06454	0.00284	0.02538	0.01370	0.02847	0.03272
4	0.01098	0.01034	0.01744	0.78165	0.04005	0.01292	0.01615	0.01486	0.01163	0.01486	0.01034	0.01550	0.00775	0.00581	0.00581	0.00194	0.00775	0.00517	0.00258	0.00646
5	0.00709	0.00506	0.00675	0.00810	0.00843	0.00472	0.00540	0.00810	0.01113	0.01484	0.03205	0.79184	0.03846	0.01822	0.00742	0.00236	0.00337	0.01653	0.00540	0.00472
6	0.00833	0.00613	0.00881	0.00881	0.00966	0.00698	0.00660	0.01004	0.00919	0.01310	0.01607	0.02555	0.01571	0.17746	0.64035	0.00869	0.01381	0.00663	0.00319	0.00490
7	0.01145	0.16326	0.08312	0.01090	0.01352	0.08267	0.00968	0.01382	0.01073	0.01407	0.01271	0.01769	0.01157	0.02776	0.45081	0.00608	0.04594	0.00517	0.00290	0.00613
8	0.01243	0.02539	0.54654	0.02151	0.19498	0.01366	0.06742	0.01830	0.01259	0.01856	0.01064	0.01299	0.00789	0.00540	0.00567	0.00182	0.00828	0.00467	0.00258	0.00869
9	0.01022	0.00536	0.00564	0.00586	0.00705	0.00531	0.00428	0.01265	0.01202	0.02055	0.02113	0.14864	0.01879	0.00866	0.00462	0.00152	0.00282	0.00725	0.69233	0.00531
10	0.00943	0.00701	0.00865	0.06481	0.01162	0.00674	0.00648	0.05833	0.01524	0.04508	0.31784	0.10478	0.27820	0.01253	0.00676	0.00194	0.00362	0.02955	0.00567	0.00574
11	0.01423	0.17000	0.50597	0.01487	0.02209	0.04473	0.03086	0.04343	0.01321	0.07314	0.01101	0.01234	0.00802	0.00560	0.00524	0.00171	0.00791	0.00425	0.00296	0.00844
12	0.02398	0.00943	0.01282	0.00999	0.01412	0.00818	0.00818	0.02628	0.01662	0.67578	0.10975	0.02259	0.01919	0.00775	0.00597	0.00180	0.00469	0.00640	0.00710	0.00937
13	0.78283	0.01119	0.00913	0.05815	0.01313	0.01304	0.00694	0.01695	0.01001	0.02536	0.00824	0.00984	0.00639	0.00543	0.00374	0.00181	0.00471	0.00328	0.00353	0.00631
14	0.00709	0.00506	0.00675	0.00810	0.00843	0.00472	0.00540	0.00810	0.01113	0.01484	0.03205	0.79184	0.03846	0.01822	0.00742	0.00236	0.00337	0.01653	0.00540	0.00472
15	0.00697	0.00589	0.00603	0.00600	0.00792	0.00495	0.00450	0.00854	0.01349	0.01627	0.11053	0.05504	0.70503	0.01452	0.00687	0.00195	0.00293	0.01214	0.00547	0.00495
16	0.01915	0.01472	0.01757	0.01352	0.01793	0.01568	0.07624	0.54869	0.02338	0.03158	0.01513	0.08535	0.01231	0.00761	0.00594	0.00175	0.00626	0.00628	0.00533	0.07559
17	0.01355	0.01291	0.02165	0.13816	0.60214	0.01313	0.01669	0.01696	0.01297	0.01830	0.01257	0.01596	0.03606	0.00558	0.00575	0.00173	0.00678	0.00537	0.00295	0.04080
18	0.08776	0.04310	0.01920	0.34667	0.12391	0.05323	0.09852	0.01778	0.08060	0.01788	0.03282	0.01565	0.01019	0.00602	0.00593	0.00186	0.02314	0.00531	0.00319	0.00724
19	0.03259	0.02484	0.01218	0.01038	0.01205	0.02795	0.00835	0.07895	0.01254	0.09989	0.01496	0.03527	0.01263	0.03935	0.14416	0.00332	0.21220	0.00571	0.20613	0.00653
20	0.06756	0.47398	0.19729	0.01288	0.05594	0.04826	0.01279	0.01824	0.01222	0.04109	0.00931	0.01068	0.00769	0.00525	0.00437	0.00147	0.00682	0.00361	0.00275	0.00779
21	0.01266	0.27200	0.41377	0.01494	0.06829	0.01576	0.01611	0.01712	0.01209	0.01662	0.01168	0.08228	0.01034	0.00648	0.00514	0.00169	0.00725	0.00509	0.00276	0.00792
22	0.05244	0.00998	0.01555	0.55399	0.03197	0.01160	0.01354	0.01692	0.01266	0.14535	0.04327	0.01847	0.03695	0.00658	0.00579	0.00190	0.00675	0.00565	0.00368	0.00695
23	0.01259	0.00817	0.00945	0.00835	0.00993	0.00825	0.00581	0.14173	0.01300	0.08488	0.01836	0.08184	0.01874	0.45244	0.05551	0.00429	0.00596	0.00783	0.00437	0.04851
24	0.01287	0.01638	0.13233	0.02070	0.05161	0.01426	0.41695	0.01705	0.01246	0.01761	0.01182	0.05492	0.00996	0.00660	0.00870	0.00202	0.14482	0.00650	0.00295	0.03949

[dist]
# distance from previous block
# <min> <max>
2	11

[block]
# block no. 3 follows, 40 sequences, length 106
# corresponding to MSA columns:
# 197-302
name=unknown_D
#
# <colnr> <probs for GDERKNQSTAVLIFYWHMCP>
#	G	D	E	R	K	N	Q	S	T	A	V	L	I	F	Y	W	H	M	C	P
0	0.03905	0.70706	0.02849	0.01008	0.01483	0.02175	0.00986	0.01791	0.01194	0.05643	0.00891	0.01003	0.00783	0.00528	0.00434	0.00133	0.03122	0.00333	0.00279	0.00753
1	0.00784	0.00593	0.00723	0.00690	0.00845	0.00532	0.00518	0.01021	0.01553	0.02111	0.55363	0.04708	0.25891	0.01271	0.00686	0.00187	0.00280	0.01103	0.00611	0.00532
2	0.07362	0.01665	0.12625	0.02107	0.04268	0.01453	0.47553	0.01771	0.01264	0.01855	0.01129	0.03184	0.00899	0.00592	0.00781	0.00200	0.09613	0.00623	0.00293	0.00762
3	0.01111	0.01051	0.01747	0.72664	0.03827	0.01327	0.01590	0.01480	0.01143	0.01480	0.01014	0.01530	0.00774	0.00613	0.00677	0.00198	0.06354	0.00516	0.00258	0.00645
4	0.00709	0.00506	0.00675	0.00810	0.00843	0.00472	0.00540	0.00810	0.01113	0.01484	0.03205	0.79184	0.03846	0.01822	0.00742	0.00236	0.00337	0.01653	0.00540	0.00472
5	0.00904	0.00731	0.01076	0.01033	0.01120	0.00903	0.00818	0.01099	0.00927	0.01358	0.01425	0.02115	0.01339	0.03803	0.64677	0.00821	0.14405	0.00604	0.00302	0.00539
6	0.02170	0.01545	0.01670	0.01292	0.01742	0.01697	0.01064	0.64432	0.06127	0.07971	0.01510	0.01488	0.01067	0.00703	0.00578	0.00175	0.00613	0.00534	0.02647	0.00974
7	0.00732	0.00516	0.00668	0.00779	0.00807	0.00488	0.00507	0.00816	0.01067	0.01422	0.02966	0.66059	0.03545	0.15358	0.01128	0.00293	0.00377	0.01513	0.00507	0.00451
8	0.00841	0.00562	0.00636	0.00640	0.00641	0.00561	0.00358	0.00845	0.00854	0.01139	0.01875	0.06178	0.02169	0.77116	0.02890	0.00553	0.00557	0.00871	0.00358	0.00356
9	0.01555	0.79913	0.03047	0.00995	0.01493	0.02301	0.00995	0.01741	0.01182	0.01368	0.00808	0.00933	0.00746	0.00498	0.00373	0.00124	0.00622	0.00311	0.00249	0.00746
10	0.00838	0.00613	0.00788	0.00741	0.00885	0.00573	0.00557	0.01148	0.03727	0.02317	0.71895	0.04311	0.07037	0.01184	0.00683	0.00184	0.00280	0.01045	0.00636	0.00558
11	0.02585	0.01028	0.01373	0.01053	0.01504	0.00912	0.00870	0.07095	0.01728	0.71987	0.02240	0.01944	0.01413	0.00718	0.00585	0.00180	0.00504	0.00581	0.00711	0.00990
12	0.00763	0.00551	0.00733	0.00856	0.00925	0.00521	0.00627	0.00910	0.01192	0.01571	0.05187	0.56141	0.07931	0.01735	0.00752	0.00240	0.00379	0.17954	0.00541	0.00490
13	0.01413	0.05207	0.45307	0.01800	0.04802	0.15804	0.13873	0.01931	0.01333	0.01752	0.01032	0.01248	0.00770	0.00548	0.00564	0.00177	0.00902	0.00461	0.00265	0.00810
14	0.02141	0.02720	0.01653	0.01499	0.01788	0.74624	0.01129	0.02290	0.01622	0.01422	0.00894	0.01056	0.00750	0.00614	0.00572	0.00153	0.03723	0.00379	0.00298	0.00673
15	0.05287	0.02681	0.01620	0.01466	0.01772	0.72495	0.01104	0.04040	0.01649	0.01523	0.00908	0.01053	0.00750	0.00599	0.00519	0.00152	0.01016	0.00376	0.00309	0.00680
16	0.00709	0.00506	0.00675	0.00810	0.00843	0.00472	0.00540	0.00810	0.01113	0.01484	0.03205	0.79184	0.03846	0.01822	0.00742	0.00236	0.00337	0.01653	0.00540	0.00472
17	0.00979	0.00663	0.00812	0.00756	0.00936	0.00620	0.00573	0.01317	0.06599	0.07558	0.48417	0.06501	0.16562	0.01175	0.00663	0.00186	0.00308	0.01020	0.03761	0.00594
18	0.02130	0.01551	0.01660	0.01281	0.01723	0.01714	0.01056	0.68825	0.02626	0.03558	0.01432	0.01451	0.01025	0.00697	0.00569	0.00172	0.00614	0.00525	0.06434	0.00957
19	0.00724	0.00518	0.00690	0.00808	0.00854	0.00484	0.00550	0.00846	0.01168	0.01570	0.10006	0.70523	0.03989	0.01758	0.00738	0.00232	0.00336	0.03176	0.00549	0.00481
20	0.00709	0.00590	0.00620	0.00612	0.00799	0.00500	0.00459	0.00877	0.01378	0.01695	0.17275	0.05392	0.64239	0.01426	0.00687	0.00194	0.00291	0.01199	0.00556	0.00500
21	0.01127	0.00584	0.00588	0.00572	0.00721	0.00590	0.00433	0.04130	0.01277	0.02225	0.01878	0.02139	0.01471	0.00678	0.00413	0.00137	0.00285	0.00541	0.79650	0.00559
22	0.01260	0.01254	0.01757	0.01510	0.01513	0.01752	0.01257	0.01389	0.00892	0.01398	0.00786	0.01301	0.00783	0.01111	0.04019	0.00274	0.76344	0.00512	0.00256	0.00633
23	0.00831	0.00623	0.00935	0.00935	0.01038	0.00727	0.00727	0.01038	0.00935	0.01350	0.01558	0.02285	0.01454	0.04361	0.77259	0.00935	0.01558	0.00623	0.00312	0.00519
24	0.00788	0.00611	0.00719	0.00689	0.00855	0.00552	0.00518	0.01051	0.03605	0.02038	0.46321	0.04771	0.32791	0.01288	0.00684	0.00189	0.00288	0.01109	0.00600	0.00537
25	0.01541	0.01234	0.01341	0.03372	0.01589	0.01408	0.00940	0.04824	0.65578	0.07862	0.02299	0.02118	0.01702	0.00776	0.00591	0.00195	0.00476	0.00645	0.00591	0.00919
26	0.01598	0.65289	0.08280	0.01102	0.01603	0.10952	0.01095	0.01816	0.01239	0.01409	0.00836	0.00968	0.00746	0.00513	0.00404	0.00132	0.00689	0.00327	0.00254	0.00746
27	0.00814	0.00594	0.00764	0.00722	0.00863	0.00545	0.00541	0.01079	0.01624	0.02279	0.70796	0.04431	0.10352	0.01209	0.00686	0.00184	0.00276	0.01064	0.00633	0.00545
28	0.01084	0.00542	0.00542	0.00542	0.00678	0.00542	0.00407	0.01355	0.01220	0.02168	0.01897	0.02168	0.01491	0.00678	0.00407	0.00136	0.00271	0.00542	0.82791	0.00542
29	0.00895	0.00639	0.00889	0.01023	0.01139	0.00633	0.00864	0.01132	0.01297	0.01693	0.03102	0.19887	0.03438	0.01646	0.00792	0.00262	0.00499	0.59108	0.00536	0.00524
30	0.01575	0.77424	0.03002	0.01011	0.01502	0.04718	0.00999	0.01760	0.01197	0.01370	0.00811	0.00937	0.00746	0.00501	0.00378	0.00125	0.00636	0.00313	0.00250	0.00744
31	0.01176	0.04851	0.74789	0.01642	0.02492	0.01373	0.02121	0.01839	0.01227	0.01830	0.01038	0.01221	0.00737	0.00551	0.00548	0.00183	0.00854	0.00427	0.00246	0.00857
32	0.08014	0.01740	0.01527	0.01279	0.01662	0.20047	0.01015	0.29548	0.20203	0.06842	0.01524	0.01503	0.01125	0.00686	0.00554	0.00175	0.00673	0.00509	0.00507	0.00869
33	0.02609	0.00990	0.01350	0.01035	0.01484	0.00855	0.00855	0.02834	0.01664	0.76338	0.02294	0.01979	0.01439	0.00720	0.00585	0.00180	0.00495	0.00585	0.00720	0.00990
34	0.00823	0.00594	0.00777	0.00732	0.00869	0.00549	0.00549	0.01097	0.01646	0.02332	0.75629	0.04344	0.05487	0.01189	0.00686	0.00183	0.00274	0.01052	0.00640	0.00549
35	0.02211	0.01629	0.01745	0.01338	0.01803	0.01803	0.01105	0.73997	0.02734	0.03665	0.01396	0.01396	0.00989	0.00698	0.00582	0.00175	0.00640	0.00524	0.00582	0.00989
36	0.02211	0.01629	0.01745	0.01338	0.01803	0.01803	0.01105	0.73997	0.02734	0.03665	0.01396	0.01396	0.00989	0.00698	0.00582	0.00175	0.00640	0.00524	0.00582	0.00989
37	0.01616	0.72320	0.02910	0.01045	0.01523	0.09676	0.01008	0.01798	0.01227	0.01374	0.00817	0.00944	0.00747	0.00508	0.00388	0.00127	0.00664	0.00317	0.00254	0.00739
38	0.01406	0.01027	0.01226	0.00886	0.01393	0.00787	0.00713	0.01660	0.01271	0.12518	0.01213	0.01316	0.00944	0.00472	0.00453	0.00100	0.00440	0.00379	0.00398	0.71398
39	0.00773	0.00572	0.00717	0.00724	0.00843	0.00521	0.00524	0.00978	0.01445	0.01970	0.44611	0.22535	0.16964	0.03236	0.00753	0.00207	0.00300	0.01221	0.00592	0.00516
40	0.00800	0.00629	0.00726	0.00743	0.00890	0.00590	0.00544	0.01093	0.07801	0.01772	0.18895	0.23443	0.32126	0.03966	0.00769	0.00218	0.00332	0.03571	0.00559	0.00533
41	0.02557	0.01073	0.01401	0.01074	0.01526	0.00978	0.00887	0.12082	0.01803	0.66894	0.02177	0.01904	0.01381	0.00717	0.00584	0.00179	0.00514	0.00577	0.00702	0.00990
42	0.00827	0.00570	0.00656	0.00673	0.00706	0.00557	0.00417	0.00872	0.00961	0.01263	0.04136	0.09394	0.09420	0.59734	0.02393	0.00478	0.00514	0.05636	0.00402	0.00391
43	0.00709	0.00506	0.00675	0.00810	0.00843	0.00472	0.00540	0.00810	0.01113	0.01484	0.03205	0.79184	0.03846	0.01822	0.00742	0.00236	0.00337	0.01653	0.00540	0.00472
44	0.00709	0.00506	0.00675	0.00810	0.00843	0.00472	0.00540	0.00810	0.01113	0.01484	0.03205	0.79184	0.03846	0.01822	0.00742	0.00236	0.00337	0.01653	0.00540	0.00472
45	0.01555	0.79913	0.03047	0.00995	0.01493	0.02301	0.00995	0.01741	0.01182	0.01368	0.00808	0.00933	0.00746	0.00498	0.00373	0.00124	0.00622	0.00311	0.00249	0.00746
46	0.07223	0.02870	0.70994	0.01592	0.02415	0.01347	0.02037	0.01832	0.01210	0.01898	0.01026	0.01207	0.00729	0.00552	0.00538	0.00184	0.00829	0.00421	0.00254	0.00843
47	0.00866	0.00649	0.00887	0.00928	0.06070	0.00606	0.00634	0.01145	0.01624	0.02302	0.70464	0.04143	0.05171	0.01142	0.00678	0.00182	0.00303	0.01015	0.00616	0.00575
48	0.00823	0.00594	0.00777	0.00732	0.00869	0.00549	0.00549	0.01097	0.01646	0.02332	0.75629	0.04344	0.05487	0.01189	0.00686	0.00183	0.00274	0.01052	0.00640	0.00549
49	0.00800	0.00594	0.00746	0.00708	0.00855	0.00539	0.00531	0.01054	0.01593	0.02205	0.63984	0.04553	0.17211	0.01236	0.00686	0.00185	0.00278	0.01081	0.00623	0.00539
50	0.01439	0.01382	0.02360	0.03569	0.75936	0.01382	0.01785	0.01785	0.01324	0.01900	0.01094	0.01439	0.00921	0.00518	0.00576	0.00173	0.00691	0.00518	0.00288	0.00921
51	0.01520	0.73111	0.09548	0.01054	0.01583	0.02217	0.01097	0.01750	0.01186	0.01410	0.00829	0.00959	0.00745	0.00502	0.00389	0.00130	0.00643	0.00321	0.00248	0.00756
52	0.01010	0.00505	0.00758	0.00758	0.00758	0.00505	0.00505	0.00758	0.00758	0.01010	0.01010	0.01768	0.01010	0.02020	0.02273	0.83081	0.00505	0.00505	0.00253	0.00253
53	0.01059	0.00574	0.00611	0.00594	0.00737	0.00570	0.00448	0.02828	0.01330	0.02230	0.15577	0.02556	0.02222	0.00773	0.00462	0.00145	0.00279	0.00636	0.65816	0.00553
54	0.01406	0.01347	0.02300	0.10912	0.68856	0.01373	0.01768	0.01755	0.01308	0.01859	0.01088	0.01450	0.00907	0.00524	0.00576	0.00175	0.00699	0.00518	0.00285	0.00894
55	0.01168	0.01141	0.04259	0.65607	0.05827	0.01307	0.05584	0.01559	0.01187	0.03434	0.01069	0.01542	0.00801	0.00588	0.00618	0.00194	0.02641	0.00525	0.00272	0.00677
56	0.01738	0.01160	0.01361	0.03758	0.04384	0.01253	0.00947	0.02864	0.47735	0.22769	0.02337	0.02149	0.03344	0.00769	0.00591	0.00191	0.00485	0.00641	0.00603	0.00920
57	0.00875	0.00593	0.00681	0.00665	0.00696	0.00591	0.00398	0.02607	0.01006	0.01361	0.12467	0.03826	0.02574	0.66399	0.02576	0.00500	0.00524	0.00868	0.00399	0.00396
58	0.04394	0.03614	0.01972	0.19110	0.28712	0.20722	0.02660	0.03181	0.01351	0.01694	0.00997	0.01324	0.00820	0.00593	0.00651	0.00177	0.06506	0.00471	0.00289	0.00761
59	0.02151	0.02069	0.01602	0.01447	0.05324	0.42130	0.01075	0.15922	0.01834	0.14959	0.03278	0.01487	0.02795	0.00671	0.00556	0.00163	0.00820	0.00484	0.00440	0.00793
60	0.00717	0.00588	0.00634	0.00653	0.00818	0.00512	0.00478	0.00897	0.02875	0.01629	0.10442	0.18936	0.55787	0.01501	0.00695	0.00203	0.00304	0.01280	0.00548	0.00501
61	0.00952	0.00646	0.00753	0.00742	0.00923	0.00583	0.00549	0.01191	0.05338	0.09526	0.12811	0.24013	0.36976	0.01414	0.00685	0.00203	0.00333	0.01219	0.00573	0.00569
62	0.01733	0.01300	0.06819	0.01174	0.01540	0.01268	0.00994	0.18291	0.22276	0.18575	0.02125	0.09329	0.03924	0.02519	0.00729	0.00202	0.05076	0.00704	0.00561	0.00862
63	0.12429	0.11550	0.53718	0.01475	0.02202	0.01446	0.04521	0.01801	0.01202	0.01900	0.02219	0.01220	0.00807	0.00553	0.00513	0.00177	0.00771	0.00420	0.00270	0.00807
64	0.00707	0.00532	0.00655	0.00746	0.00828	0.00480	0.00513	0.00828	0.01192	0.01541	0.06713	0.56013	0.23741	0.01701	0.00725	0.00223	0.00323	0.01513	0.00544	0.00480
65	0.08875	0.01385	0.02499	0.15987	0.02722	0.03562	0.39934	0.03564	0.01293	0.01873	0.01119	0.01497	0.00861	0.00574	0.00717	0.00194	0.07302	0.00586	0.04735	0.00721
66	0.26547	0.07098	0.13699	0.01144	0.03231	0.01161	0.05486	0.01604	0.02818	0.03549	0.10061	0.04544	0.04178	0.00810	0.00542	0.00188	0.00551	0.09120	0.00403	0.03267
67	0.00757	0.00604	0.00623	0.00616	0.00819	0.00507	0.00467	0.00910	0.01337	0.04041	0.05704	0.05501	0.71492	0.01451	0.00687	0.00198	0.00307	0.02926	0.00546	0.00508
68	0.00831	0.00623	0.00935	0.00935	0.01038	0.00727	0.00727	0.01038	0.00935	0.01350	0.01558	0.02285	0.01454	0.04361	0.77259	0.00935	0.01558	0.00623	0.00312	0.00519
69	0.03724	0.01959	0.01626	0.16824	0.05266	0.38501	0.01198	0.11260	0.05088	0.01814	0.01111	0.01346	0.00887	0.00873	0.05862	0.00220	0.00920	0.00457	0.00343	0.00719
70	0.01029	0.00767	0.00946	0.03422	0.01156	0.00794	0.00710	0.14809	0.01438	0.01912	0.02871	0.53150	0.07035	0.01520	0.00735	0.00223	0.02397	0.03971	0.00531	0.00584
71	0.19797	0.09565	0.32077	0.01387	0.04698	0.03888	0.01428	0.12369	0.05868	0.02257	0.01098	0.01220	0.00821	0.00580	0.00499	0.00175	0.00689	0.00422	0.00344	0.00816
72	0.01072	0.00773	0.00943	0.00900	0.01100	0.00759	0.00689	0.03981	0.13056	0.06019	0.23831	0.22100	0.06237	0.01239	0.00670	0.00200	0.00384	0.08786	0.00573	0.06685
73	0.06442	0.04641	0.33547	0.02061	0.22506	0.09212	0.03376	0.03279	0.03092	0.01875	0.01087	0.01343	0.00855	0.02112	0.02000	0.00197	0.00796	0.00462	0.00289	0.00826
74	0.11041	0.03352	0.32319	0.01395	0.01965	0.01225	0.07931	0.02009	0.08515	0.12643	0.03651	0.02011	0.01321	0.00709	0.00575	0.00192	0.00679	0.07254	0.00404	0.00809
75	0.00912	0.00652	0.00908	0.01042	0.01165	0.00648	0.00894	0.01162	0.01314	0.01712	0.03093	0.14478	0.03401	0.01630	0.00797	0.00264	0.00514	0.64349	0.00536	0.00529
76	0.01268	0.01447	0.10330	0.11992	0.38107	0.01273	0.12931	0.01656	0.01302	0.01800	0.01625	0.02007	0.08340	0.00651	0.00609	0.00185	0.00721	0.02639	0.00313	0.00806
77	0.04134	0.01675	0.16608	0.01377	0.04596	0.01421	0.01235	0.28472	0.14536	0.14672	0.01672	0.04265	0.01233	0.00716	0.00577	0.00183	0.00616	0.00571	0.00519	0.00921
78	0.01465	0.01347	0.03735	0.20637	0.30762	0.06808	0.01439	0.10286	0.01417	0.03607	0.01151	0.01563	0.00939	0.00759	0.00775	0.09828	0.00707	0.01688	0.00326	0.00761
79	0.00893	0.00657	0.00828	0.00904	0.01002	0.00658	0.00656	0.05859	0.06675	0.01747	0.04431	0.57705	0.03475	0.01632	0.00727	0.00232	0.00390	0.10433	0.00548	0.00549
80	0.09713	0.19470	0.01914	0.01193	0.01640	0.07418	0.01014	0.39542	0.03816	0.05314	0.01216	0.01257	0.00914	0.00627	0.00506	0.00160	0.00634	0.00446	0.00464	0.02742
81	0.01115	0.00927	0.03268	0.04817	0.08447	0.00874	0.09504	0.05317	0.03662	0.05917	0.11560	0.33528	0.02781	0.04561	0.00774	0.00222	0.00511	0.01087	0.00485	0.00645
82	0.00739	0.00529	0.00677	0.00783	0.00829	0.00497	0.00527	0.00838	0.01103	0.01454	0.03201	0.59170	0.08848	0.12825	0.01056	0.00281	0.00377	0.05293	0.00513	0.00460
83	0.00999	0.06682	0.01702	0.01327	0.01558	0.00957	0.22009	0.01224	0.01191	0.01593	0.03884	0.41633	0.02593	0.04397	0.00832	0.00230	0.03514	0.02657	0.00431	0.00588
84	0.01365	0.01285	0.02101	0.13848	0.56399	0.03230	0.01628	0.01666	0.01268	0.01759	0.01124	0.01599	0.00964	0.00667	0.00706	0.06263	0.00694	0.02327	0.00288	0.00817
85	0.00995	0.00775	0.00797	0.00782	0.00854	0.06260	0.00523	0.03440	0.01060	0.01413	0.02016	0.11889	0.04832	0.42517	0.10135	0.00465	0.02279	0.00850	0.07664	0.00457
86	0.08057	0.01331	0.01520	0.01204	0.01615	0.01417	0.03028	0.40721	0.06855	0.17938	0.03410	0.07260	0.01411	0.00784	0.00584	0.00183	0.00564	0.00628	0.00584	0.00905
87	0.03367	0.00873	0.01201	0.06876	0.10036	0.00872	0.00893	0.06216	0.03434	0.13625	0.29449	0.10367	0.03166	0.01026	0.00646	0.00193	0.00451	0.06055	0.00554	0.00699
88	0.01281	0.01323	0.02486	0.13926	0.17289	0.01411	0.30818	0.01643	0.01222	0.01699	0.01141	0.03362	0.00957	0.00846	0.05188	0.00243	0.13515	0.00617	0.00288	0.00744
89	0.00722	0.00516	0.00687	0.00801	0.00846	0.00481	0.00541	0.00843	0.01175	0.01583	0.11634	0.70473	0.04037	0.01748	0.00736	0.00230	0.00330	0.01583	0.00551	0.00481
90	0.11005	0.01326	0.06903	0.03405	0.04400	0.03783	0.01019	0.12120	0.08764	0.35532	0.04599	0.01777	0.01364	0.00694	0.00559	0.00180	0.00559	0.00549	0.00568	0.00894
91	0.75690	0.03406	0.00979	0.00811	0.01182	0.01367	0.00673	0.06715	0.01116	0.02647	0.00850	0.00976	0.00658	0.00550	0.00376	0.00178	0.00468	0.00329	0.00372	0.00658
92	0.00711	0.00576	0.00632	0.00654	0.00813	0.00497	0.00481	0.00866	0.01323	0.01643	0.13090	0.18924	0.53413	0.01508	0.00699	0.00203	0.00305	0.02615	0.00551	0.00495
93	0.01883	0.01308	0.01439	0.01145	0.01517	0.01424	0.00933	0.50517	0.02277	0.06740	0.06967	0.01805	0.01440	0.00984	0.05841	0.00222	0.00620	0.00575	0.11497	0.00865
94	0.01984	0.03692	0.01603	0.01330	0.01680	0.32943	0.01046	0.29512	0.07695	0.02372	0.01280	0.01392	0.00995	0.00928	0.06177	0.00220	0.00851	0.00475	0.03026	0.00799
95	0.00808	0.00594	0.00756	0.00716	0.00860	0.00542	0.00537	0.01068	0.01610	0.02247	0.67872	0.04483	0.13296	0.01220	0.00686	0.00184	0.00277	0.01071	0.00629	0.00542
96	0.00717	0.00526	0.00673	0.00772	0.00838	0.00482	0.00527	0.00841	0.01195	0.01580	0.10686	0.61713	0.13890	0.01712	0.00729	0.00225	0.00325	0.01536	0.00550	0.00482
97	0.01254	0.19099	0.59357	0.01564	0.04060	0.01551	0.01898	0.01819	0.01220	0.01744	0.00995	0.01171	0.00743	0.00540	0.00515	0.00171	0.00806	0.00407	0.00247	0.00837
98	0.01101	0.00730	0.03238	0.00801	0.01011	0.00618	0.00642	0.01375	0.01624	0.13552	0.59526	0.03933	0.07338	0.01108	0.00666	0.00183	0.00327	0.00968	0.00636	0.00623
99	0.00793	0.00565	0.00766	0.00896	0.00964	0.00544	0.00674	0.00950	0.01184	0.01563	0.03118	0.51286	0.03616	0.04188	0.00833	0.00258	0.00414	0.26364	0.00532	0.00491
100	0.01195	0.09496	0.45182	0.01333	0.01953	0.04143	0.01554	0.01713	0.03659	0.03903	0.06165	0.02072	0.11684	0.00826	0.02509	0.00198	0.00725	0.00582	0.00339	0.00769
101	0.02124	0.01424	0.01581	0.01242	0.01667	0.01535	0.01014	0.53405	0.06334	0.15129	0.01725	0.07189	0.01312	0.00788	0.00594	0.00181	0.00585	0.00623	0.00601	0.00948
102	0.02183	0.01511	0.01660	0.01268	0.01735	0.01617	0.01046	0.60390	0.02497	0.11993	0.01474	0.01450	0.01032	0.00681	0.00571	0.00169	0.00608	0.00518	0.00580	0.07018
103	0.00836	0.00560	0.00637	0.00647	0.00650	0.00557	0.00366	0.00843	0.00865	0.01154	0.01933	0.09339	0.02241	0.73856	0.02797	0.00540	0.00547	0.00905	0.00366	0.00361
104	0.01408	0.01313	0.02046	0.12537	0.50610	0.02907	0.01563	0.05691	0.06470	0.02001	0.06657	0.01706	0.01297	0.00605	0.00585	0.00177	0.00660	0.00564	0.00347	0.00857
105	0.46434	0.19645	0.16442	0.01009	0.01502	0.01555	0.01027	0.03447	0.01122	0.02196	0.00870	0.01009	0.00686	0.00536	0.00406	0.00168	0.00575	0.00342	0.00317	0.00711

[dist]
# distance from previous block
# <min> <max>
0	3

[block]
# block no. 4 follows, 40 sequences, length 40
# corresponding to MSA columns:
# 306-345
name=unknown_E
#
# <colnr> <probs for GDERKNQSTAVLIFYWHMCP>
#	G	D	E	R	K	N	Q	S	T	A	V	L	I	F	Y	W	H	M	C	P
0	0.02179	0.01531	0.01669	0.01292	0.01738	0.01672	0.01062	0.65264	0.02581	0.09339	0.01544	0.04723	0.01145	0.00747	0.00589	0.00178	0.00616	0.00576	0.00591	0.00967
1	0.04181	0.01038	0.01321	0.01010	0.01467	0.00912	0.00827	0.05177	0.05046	0.52818	0.01965	0.01780	0.01298	0.00657	0.00547	0.00161	0.00484	0.00529	0.00621	0.18159
2	0.01431	0.01438	0.02824	0.05263	0.10099	0.01470	0.45863	0.01820	0.01292	0.06636	0.01161	0.01528	0.00897	0.00607	0.00884	0.00203	0.14867	0.00624	0.00313	0.00780
3	0.00743	0.00530	0.00697	0.00782	0.00839	0.00495	0.00532	0.00881	0.01227	0.01669	0.20530	0.57261	0.04150	0.05740	0.00845	0.00241	0.00334	0.01466	0.00554	0.00484
4	0.04125	0.03351	0.04679	0.01591	0.01841	0.19246	0.14979	0.01692	0.01210	0.01558	0.01238	0.01561	0.05689	0.00875	0.02705	0.00221	0.31924	0.00547	0.00295	0.00672
5	0.01529	0.74887	0.07851	0.01038	0.01559	0.02239	0.01070	0.01748	0.01185	0.01399	0.00824	0.00952	0.00746	0.00501	0.00385	0.00128	0.00637	0.00319	0.00249	0.00754
6	0.00734	0.00524	0.00691	0.00789	0.00839	0.00490	0.00533	0.00862	0.01196	0.01618	0.15846	0.62896	0.04061	0.04976	0.00825	0.00241	0.00336	0.01514	0.00550	0.00481
7	0.01257	0.01332	0.04311	0.06644	0.01902	0.01664	0.10818	0.01466	0.00987	0.01482	0.00902	0.03189	0.00853	0.00925	0.01591	0.00240	0.58955	0.00558	0.00266	0.00659
8	0.01291	0.01331	0.02131	0.01865	0.09017	0.04242	0.20643	0.01563	0.02676	0.01592	0.01247	0.05259	0.03117	0.04157	0.01330	0.00236	0.36668	0.00643	0.00303	0.00687
9	0.00714	0.00508	0.00673	0.00803	0.00836	0.00476	0.00533	0.00811	0.01104	0.01471	0.03155	0.76413	0.03782	0.04679	0.00824	0.00248	0.00346	0.01623	0.00533	0.00468
10	0.01101	0.01115	0.02108	0.08313	0.04490	0.01107	0.33102	0.01422	0.01263	0.01682	0.02260	0.17628	0.11715	0.00978	0.00768	0.00210	0.05622	0.04081	0.00381	0.00655
11	0.01239	0.08641	0.67969	0.01595	0.02411	0.01440	0.02019	0.04865	0.01288	0.01883	0.01041	0.01213	0.00748	0.00555	0.00540	0.00179	0.00833	0.00425	0.00260	0.00856
12	0.05085	0.01934	0.01654	0.01411	0.04133	0.26406	0.01089	0.42725	0.02210	0.02777	0.01222	0.01298	0.00915	0.00653	0.00548	0.00165	0.00754	0.00468	0.03701	0.00853
13	0.00889	0.00752	0.00788	0.00751	0.00973	0.00732	0.00571	0.01417	0.19449	0.01864	0.12494	0.04620	0.50001	0.01274	0.00664	0.00195	0.00333	0.01068	0.00563	0.00603
14	0.10606	0.00713	0.00861	0.05912	0.01175	0.00745	0.00678	0.05722	0.03600	0.01793	0.02636	0.55741	0.03006	0.01480	0.00673	0.00222	0.00407	0.02974	0.00505	0.00551
15	0.01439	0.01382	0.02360	0.03569	0.75936	0.01382	0.01785	0.01785	0.01324	0.01900	0.01094	0.01439	0.00921	0.00518	0.00576	0.00173	0.00691	0.00518	0.00288	0.00921
16	0.01728	0.01116	0.01273	0.01093	0.01442	0.01191	0.00864	0.04339	0.44890	0.23594	0.07241	0.02365	0.04587	0.00818	0.00599	0.00191	0.00456	0.00680	0.00629	0.00902
17	0.01390	0.01325	0.02208	0.03292	0.68436	0.01326	0.01667	0.01768	0.03882	0.01897	0.01452	0.01736	0.05838	0.00590	0.00584	0.00175	0.00657	0.00569	0.00315	0.00893
18	0.01373	0.01569	0.03431	0.02451	0.03039	0.01471	0.73824	0.01863	0.01373	0.01863	0.01176	0.01569	0.00882	0.00490	0.00686	0.00196	0.00980	0.00686	0.00294	0.00784
19	0.01272	0.01272	0.01781	0.01527	0.01527	0.01781	0.01272	0.01399	0.00891	0.01399	0.00763	0.01272	0.00763	0.01018	0.01908	0.00254	0.78499	0.00509	0.00254	0.00636
20	0.00830	0.00594	0.00796	0.00910	0.00993	0.00577	0.00691	0.02820	0.01252	0.01660	0.05876	0.49382	0.03664	0.01695	0.00757	0.00243	0.00411	0.25796	0.00543	0.00510
21	0.01250	0.19479	0.60808	0.01516	0.02297	0.01554	0.01902	0.01820	0.01218	0.01740	0.00993	0.01165	0.00739	0.00541	0.00514	0.00171	0.00809	0.00404	0.00246	0.00835
22	0.01147	0.00684	0.00818	0.00757	0.00992	0.00597	0.00598	0.01343	0.01449	0.17767	0.15659	0.04725	0.41343	0.01281	0.00677	0.00198	0.00359	0.08400	0.00594	0.00612
23	0.00963	0.00673	0.00928	0.01045	0.01189	0.00664	0.00909	0.01224	0.01346	0.03499	0.03210	0.06400	0.07143	0.01578	0.00792	0.00262	0.00522	0.66570	0.00540	0.00544
24	0.00913	0.00703	0.00834	0.00894	0.04565	0.00650	0.00659	0.01202	0.06171	0.04916	0.09226	0.05125	0.45447	0.01358	0.00694	0.00208	0.00379	0.14938	0.00545	0.00573
25	0.01010	0.00505	0.00758	0.00758	0.00758	0.00505	0.00505	0.00758	0.00758	0.01010	0.01010	0.01768	0.01010	0.02020	0.02273	0.83081	0.00505	0.00505	0.00253	0.00253
26	0.04067	0.00568	0.00576	0.00573	0.00715	0.00580	0.00433	0.01350	0.01195	0.02137	0.01838	0.02130	0.01457	0.00886	0.04851	0.00183	0.00352	0.00538	0.75028	0.00544
27	0.01012	0.00734	0.00795	0.00744	0.00979	0.00684	0.00569	0.01412	0.13215	0.09374	0.07839	0.07181	0.50714	0.01286	0.00663	0.00196	0.00342	0.01077	0.00571	0.00613
28	0.01142	0.01096	0.01906	0.67456	0.09226	0.01311	0.06611	0.01534	0.01189	0.01542	0.01048	0.01543	0.00793	0.00570	0.00588	0.00192	0.00783	0.00529	0.00263	0.00676
29	0.01257	0.01255	0.01806	0.01535	0.01561	0.01725	0.03915	0.01401	0.00910	0.01414	0.00812	0.01326	0.00797	0.01141	0.05080	0.00281	0.72366	0.00520	0.00258	0.00637
30	0.10981	0.05050	0.18484	0.08070	0.05876	0.01456	0.34569	0.01780	0.01248	0.01875	0.01056	0.01375	0.00804	0.00542	0.00649	0.00190	0.04398	0.00543	0.00285	0.00769
31	0.00925	0.00625	0.00699	0.00675	0.00702	0.00635	0.00396	0.05078	0.00955	0.01274	0.01807	0.03666	0.02049	0.75000	0.02822	0.00541	0.00568	0.00827	0.00366	0.00389
32	0.00711	0.00511	0.00675	0.00802	0.00843	0.00475	0.00537	0.00818	0.01133	0.01509	0.05207	0.75152	0.05882	0.01795	0.00739	0.00234	0.00335	0.01625	0.00542	0.00475
33	0.01270	0.10689	0.55183	0.03468	0.04181	0.01458	0.07664	0.01836	0.01237	0.03786	0.01056	0.01259	0.00774	0.00561	0.00589	0.00181	0.03260	0.00449	0.00264	0.00835
34	0.04538	0.24771	0.02015	0.01328	0.04290	0.27008	0.03384	0.05773	0.08222	0.01696	0.01346	0.01467	0.05216	0.00744	0.02441	0.00178	0.04048	0.00464	0.00340	0.00729
35	0.00768	0.00583	0.00708	0.00696	0.00840	0.00522	0.00515	0.00984	0.01487	0.02002	0.45963	0.13164	0.26952	0.01348	0.00693	0.00193	0.00288	0.01174	0.00598	0.00522
