[name]
unknown

[dist]
# distance from previous block
# <min> <max>
2	13

[block]
# block no. 0 follows, 38 sequences, length 96
# corresponding to MSA columns:
# 14-35,37-110
name=unknown_A
#
# <colnr> <probs for GDERKNQSTAVLIFYWHMCP>
#	G	D	E	R	K	N	Q	S	T	A	V	L	I	F	Y	W	H	M	C	P
0	0.03638	0.32982	0.37254	0.01361	0.02023	0.05093	0.01566	0.01884	0.01266	0.03969	0.01034	0.01236	0.00828	0.02852	0.00566	0.00176	0.00769	0.00408	0.00279	0.00817
1	0.08232	0.09537	0.05191	0.01249	0.01643	0.31778	0.01027	0.05088	0.03190	0.11303	0.01272	0.02977	0.01029	0.03023	0.02408	0.00190	0.00795	0.00465	0.00394	0.09210
2	0.07406	0.00769	0.00889	0.00817	0.01029	0.00750	0.00630	0.06283	0.03755	0.06052	0.40289	0.07626	0.17422	0.01202	0.00674	0.00196	0.00355	0.02622	0.00612	0.00625
3	0.07609	0.01117	0.01366	0.01123	0.06581	0.00908	0.02770	0.01569	0.01243	0.02017	0.01060	0.01254	0.00877	0.00462	0.00458	0.00106	0.00481	0.00376	0.00352	0.68272
4	0.00733	0.00524	0.00698	0.00838	0.00873	0.00489	0.00558	0.00838	0.01152	0.01536	0.03316	0.78466	0.03979	0.01885	0.00768	0.00244	0.00349	0.01710	0.00558	0.00489
5	0.02287	0.01685	0.01805	0.01384	0.01866	0.01866	0.01143	0.73100	0.02828	0.03791	0.01444	0.01444	0.01023	0.00722	0.00602	0.00181	0.00662	0.00542	0.00602	0.01023
6	0.01196	0.01355	0.09966	0.57680	0.11814	0.01362	0.04929	0.01629	0.01238	0.01642	0.01084	0.01556	0.00819	0.00587	0.00602	0.00197	0.00811	0.00533	0.00271	0.00730
7	0.00854	0.00574	0.00662	0.00683	0.00688	0.00569	0.00393	0.00869	0.00916	0.01221	0.02104	0.14896	0.02451	0.67540	0.02725	0.00533	0.00549	0.00998	0.00393	0.00383
8	0.77480	0.01282	0.00941	0.00844	0.01212	0.06576	0.00687	0.01812	0.01071	0.02614	0.00844	0.00985	0.00660	0.00563	0.00384	0.00184	0.00508	0.00330	0.00368	0.00655
9	0.01076	0.00667	0.00859	0.00781	0.00972	0.00602	0.00597	0.01339	0.01668	0.11834	0.57739	0.04319	0.12816	0.01199	0.00696	0.00190	0.00316	0.01045	0.00661	0.00620
10	0.00731	0.00530	0.00692	0.00822	0.00868	0.00490	0.00551	0.00839	0.01167	0.01542	0.03509	0.73407	0.08912	0.01860	0.00764	0.00241	0.00346	0.01680	0.00558	0.00490
11	0.00851	0.00615	0.00804	0.00757	0.00899	0.00568	0.00568	0.01135	0.01703	0.02412	0.74788	0.04494	0.05676	0.01230	0.00710	0.00189	0.00284	0.01088	0.00662	0.00568
12	0.02699	0.01024	0.01396	0.01070	0.01536	0.00884	0.00884	0.02932	0.01722	0.75522	0.02373	0.02048	0.01489	0.00745	0.00605	0.00186	0.00512	0.00605	0.00745	0.01024
13	0.01420	0.01623	0.03550	0.02535	0.03144	0.01521	0.72921	0.01927	0.01420	0.01927	0.01217	0.01623	0.00913	0.00507	0.00710	0.00203	0.01014	0.00710	0.00304	0.00811
14	0.00733	0.00524	0.00698	0.00838	0.00873	0.00489	0.00558	0.00838	0.01152	0.01536	0.03316	0.78466	0.03979	0.01885	0.00768	0.00244	0.00349	0.01710	0.00558	0.00489
15	0.04175	0.03041	0.73028	0.01681	0.02551	0.01395	0.02166	0.01900	0.01261	0.01934	0.01071	0.01259	0.00758	0.00571	0.00564	0.00190	0.00874	0.00440	0.00258	0.00880
16	0.02287	0.01685	0.01805	0.01384	0.01866	0.01866	0.01143	0.73100	0.02828	0.03791	0.01444	0.01444	0.01023	0.00722	0.00602	0.00181	0.00662	0.00542	0.00602	0.01023
17	0.00740	0.00611	0.00650	0.00640	0.00830	0.00520	0.00480	0.00920	0.01440	0.01788	0.20349	0.05521	0.60504	0.01463	0.00711	0.00200	0.00300	0.01232	0.00580	0.00520
18	0.00851	0.00615	0.00804	0.00757	0.00899	0.00568	0.00568	0.01135	0.01703	0.02412	0.74788	0.04494	0.05676	0.01230	0.00710	0.00189	0.00284	0.01088	0.00662	0.00568
19	0.02531	0.01049	0.01419	0.01105	0.01522	0.00972	0.00909	0.04368	0.01662	0.66062	0.02216	0.02030	0.01444	0.02952	0.00780	0.00203	0.06500	0.00605	0.00693	0.00977
20	0.02316	0.01639	0.01777	0.01362	0.01843	0.01797	0.01125	0.68216	0.02751	0.08784	0.01509	0.01486	0.01055	0.00724	0.00602	0.00181	0.00652	0.00546	0.00612	0.01023
21	0.08910	0.01061	0.01373	0.01061	0.01520	0.00959	0.00876	0.05600	0.01711	0.67063	0.02218	0.01941	0.01406	0.00729	0.00587	0.00186	0.00514	0.00581	0.00710	0.00995
22	0.02167	0.01368	0.01644	0.11144	0.02032	0.01432	0.01103	0.38080	0.02174	0.23538	0.01626	0.01618	0.01115	0.00690	0.00590	0.00177	0.00620	0.00543	0.00578	0.07763
23	0.01391	0.01539	0.03081	0.02273	0.02715	0.01609	0.53277	0.01796	0.01283	0.01796	0.01100	0.01539	0.00879	0.00657	0.01057	0.00219	0.22068	0.00660	0.00293	0.00769
24	0.01465	0.01498	0.02833	0.03284	0.49675	0.01462	0.26963	0.01875	0.01387	0.01952	0.01162	0.01536	0.00939	0.00526	0.00636	0.00187	0.00821	0.00597	0.00300	0.00903
25	0.01596	0.01359	0.01399	0.01117	0.01527	0.08995	0.00884	0.19225	0.03618	0.04360	0.01476	0.10530	0.01317	0.00747	0.00605	0.00150	0.03763	0.00589	0.00450	0.36294
26	0.01208	0.01027	0.01205	0.00887	0.01383	0.00778	0.00701	0.01462	0.01240	0.01927	0.01243	0.07228	0.01130	0.00557	0.00470	0.00101	0.00438	0.00461	0.00372	0.76181
27	0.01508	0.56958	0.18684	0.01292	0.01894	0.02104	0.06852	0.01833	0.01248	0.01560	0.00918	0.01081	0.00781	0.00526	0.00451	0.00148	0.00725	0.00378	0.00260	0.00800
28	0.01682	0.01072	0.01303	0.00954	0.01468	0.00852	0.00772	0.03699	0.01420	0.22689	0.01445	0.01477	0.01062	0.00536	0.00494	0.00119	0.00470	0.00431	0.00472	0.57584
29	0.00732	0.00527	0.00695	0.00829	0.00870	0.00489	0.00555	0.00839	0.01160	0.01539	0.03416	0.75832	0.06548	0.01872	0.00766	0.00243	0.00347	0.01694	0.00558	0.00489
30	0.00750	0.00543	0.00713	0.00843	0.00897	0.00506	0.00583	0.00871	0.01185	0.01562	0.03499	0.67856	0.08872	0.01842	0.00769	0.00244	0.00362	0.07050	0.00558	0.00495
31	0.01121	0.00561	0.00561	0.00561	0.00701	0.00561	0.00421	0.01402	0.01262	0.02243	0.01962	0.02243	0.01542	0.00701	0.00421	0.00140	0.00280	0.00561	0.82198	0.00561
32	0.00875	0.00583	0.00656	0.00656	0.00656	0.00583	0.00365	0.00875	0.00875	0.01166	0.01895	0.03937	0.02187	0.78858	0.03062	0.00583	0.00583	0.00875	0.00365	0.00365
33	0.01566	0.71267	0.10738	0.01101	0.01655	0.02278	0.01154	0.01812	0.01227	0.01467	0.00862	0.00997	0.00771	0.00521	0.00405	0.00135	0.00669	0.00335	0.00257	0.00784
34	0.00731	0.00532	0.00689	0.00814	0.00866	0.00491	0.00548	0.00840	0.01175	0.01545	0.03606	0.70871	0.11386	0.01847	0.00762	0.00240	0.00344	0.01664	0.00558	0.00491
35	0.00733	0.00524	0.00698	0.00838	0.00873	0.00489	0.00558	0.00838	0.01152	0.01536	0.03316	0.78466	0.03979	0.01885	0.00768	0.00244	0.00349	0.01710	0.00558	0.00489
36	0.02187	0.01611	0.01736	0.01340	0.01798	0.01775	0.01103	0.68091	0.02750	0.03695	0.06549	0.01657	0.01347	0.00757	0.00609	0.00181	0.00636	0.00580	0.00606	0.00991
37	0.01612	0.61501	0.15111	0.01146	0.01720	0.02120	0.01218	0.01892	0.01263	0.06293	0.00976	0.01086	0.00817	0.00539	0.00431	0.00143	0.00676	0.00360	0.00288	0.00808
38	0.00733	0.00524	0.00698	0.00838	0.00873	0.00489	0.00558	0.00838	0.01152	0.01536	0.03316	0.78466	0.03979	0.01885	0.00768	0.00244	0.00349	0.01710	0.00558	0.00489
39	0.00938	0.00734	0.00807	0.00772	0.00972	0.00689	0.00580	0.10290	0.01563	0.01993	0.13921	0.18612	0.43021	0.01448	0.00707	0.00206	0.00357	0.01233	0.00578	0.00579
40	0.02245	0.01595	0.01733	0.01338	0.01803	0.01747	0.01102	0.64485	0.04208	0.08357	0.04184	0.01611	0.01239	0.00744	0.00606	0.00182	0.00635	0.00568	0.00613	0.01005
41	0.02430	0.01112	0.01407	0.01110	0.01545	0.01056	0.00903	0.09414	0.12431	0.55958	0.02284	0.02076	0.01517	0.03044	0.00678	0.00200	0.00523	0.00618	0.00701	0.00994
42	0.00718	0.00583	0.00637	0.00680	0.00831	0.00502	0.00489	0.00855	0.01303	0.01597	0.05230	0.28399	0.52810	0.01636	0.00729	0.00216	0.00318	0.01407	0.00559	0.00502
43	0.01677	0.57330	0.09844	0.01181	0.01713	0.03895	0.03123	0.05367	0.01347	0.06406	0.01001	0.01117	0.00834	0.00560	0.00478	0.00147	0.02484	0.00380	0.00308	0.00808
44	0.01263	0.11683	0.56566	0.07555	0.02638	0.01515	0.06962	0.01866	0.01270	0.01821	0.01060	0.01285	0.00777	0.00563	0.00562	0.00185	0.00863	0.00456	0.00259	0.00853
45	0.01390	0.02857	0.66082	0.01639	0.02473	0.01356	0.02055	0.03873	0.01358	0.09605	0.01224	0.01355	0.00844	0.00593	0.00576	0.00190	0.00844	0.00464	0.00314	0.00907
46	0.01477	0.01205	0.01371	0.01000	0.01523	0.01037	0.00808	0.17335	0.01597	0.02365	0.01152	0.01291	0.00920	0.00507	0.00480	0.00109	0.00493	0.00397	0.00411	0.64521
47	0.01485	0.01441	0.02510	0.03621	0.70661	0.01435	0.06236	0.01851	0.01373	0.01963	0.01137	0.01497	0.00950	0.00534	0.00603	0.00180	0.00733	0.00547	0.00298	0.00944
48	0.01313	0.23341	0.56447	0.01532	0.02322	0.01658	0.01905	0.01878	0.01257	0.01775	0.01015	0.01189	0.00765	0.00556	0.00522	0.00174	0.00824	0.00412	0.00255	0.00858
49	0.02072	0.01639	0.01644	0.01313	0.01739	0.07489	0.01065	0.52873	0.11883	0.03299	0.01747	0.01730	0.04191	0.00759	0.00596	0.00181	0.00642	0.00579	0.03610	0.00950
50	0.00721	0.00599	0.00630	0.00645	0.00824	0.00509	0.00475	0.00875	0.01362	0.01656	0.09378	0.14543	0.62610	0.01552	0.00718	0.00207	0.00309	0.01314	0.00564	0.00509
51	0.00916	0.00807	0.01276	0.01177	0.01339	0.02816	0.14300	0.01111	0.01251	0.01653	0.05873	0.55360	0.04924	0.01548	0.00748	0.00232	0.00497	0.03102	0.00508	0.00561
52	0.00870	0.00701	0.01053	0.06293	0.01323	0.00663	0.06273	0.01063	0.01257	0.01716	0.12387	0.51265	0.03507	0.01489	0.00719	0.00219	0.00431	0.01363	0.00517	0.06891
53	0.01118	0.00621	0.00816	0.00788	0.00860	0.00634	0.00554	0.04191	0.04247	0.01548	0.06998	0.02110	0.01526	0.01661	0.01728	0.54283	0.00465	0.00581	0.14870	0.00402
54	0.01420	0.01623	0.03550	0.02535	0.03144	0.01521	0.72921	0.01927	0.01420	0.01927	0.01217	0.01623	0.00913	0.00507	0.00710	0.00203	0.01014	0.00710	0.00304	0.00811
55	0.01136	0.01069	0.01804	0.77412	0.04143	0.01337	0.01671	0.01537	0.01203	0.01537	0.01069	0.01604	0.00802	0.00601	0.00601	0.00200	0.00802	0.00535	0.00267	0.00668
56	0.01478	0.01418	0.02422	0.05972	0.72911	0.01426	0.01841	0.01837	0.01365	0.01952	0.01130	0.01492	0.00948	0.00538	0.00596	0.00179	0.00717	0.00536	0.00297	0.00944
57	0.07471	0.00607	0.00586	0.00579	0.00737	0.00622	0.00438	0.01430	0.01243	0.02278	0.01875	0.02145	0.01473	0.00690	0.00417	0.00144	0.00295	0.00542	0.75861	0.00568
58	0.01207	0.03112	0.75741	0.01715	0.02604	0.01397	0.02223	0.01905	0.01270	0.01905	0.01080	0.01270	0.00762	0.00572	0.00572	0.00191	0.00889	0.00445	0.00254	0.00889
59	0.01597	0.77100	0.05174	0.01048	0.01574	0.02353	0.01063	0.01804	0.01224	0.01429	0.00843	0.00974	0.00772	0.00516	0.00391	0.00130	0.00650	0.00325	0.00257	0.00775
60	0.02666	0.01031	0.01395	0.01075	0.01536	0.00901	0.00886	0.02939	0.03707	0.73518	0.02375	0.02053	0.01499	0.00747	0.00605	0.00187	0.00511	0.00607	0.00741	0.01022
61	0.00733	0.00524	0.00698	0.00838	0.00873	0.00489	0.00558	0.00838	0.01152	0.01536	0.03316	0.78466	0.03979	0.01885	0.00768	0.00244	0.00349	0.01710	0.00558	0.00489
62	0.01045	0.00956	0.01669	0.01384	0.01625	0.02527	0.20723	0.01319	0.01099	0.01523	0.01515	0.02280	0.01389	0.10324	0.46981	0.00702	0.01338	0.00679	0.00321	0.00600
63	0.02323	0.01714	0.01759	0.01367	0.01834	0.07549	0.01120	0.60990	0.02637	0.10394	0.01492	0.01474	0.01048	0.00716	0.00597	0.00179	0.00681	0.00536	0.00593	0.00998
64	0.00733	0.00524	0.00698	0.00838	0.00873	0.00489	0.00558	0.00838	0.01152	0.01536	0.03316	0.78466	0.03979	0.01885	0.00768	0.00244	0.00349	0.01710	0.00558	0.00489
65	0.00745	0.00535	0.00707	0.00823	0.00874	0.00497	0.00557	0.00869	0.01215	0.01630	0.10862	0.68704	0.06138	0.01806	0.00760	0.00237	0.00341	0.01633	0.00569	0.00497
66	0.00911	0.00685	0.00811	0.00777	0.00950	0.00650	0.00579	0.01286	0.09109	0.03601	0.40333	0.10265	0.23186	0.03229	0.00760	0.00208	0.00327	0.01126	0.00616	0.00590
67	0.00740	0.00527	0.00696	0.00828	0.00861	0.00494	0.00548	0.00840	0.01137	0.01516	0.03241	0.74561	0.03885	0.05918	0.00888	0.00262	0.00361	0.01666	0.00548	0.00482
68	0.83108	0.01163	0.00884	0.00791	0.01163	0.01350	0.00651	0.01768	0.01024	0.02699	0.00838	0.00977	0.00651	0.00558	0.00372	0.00186	0.00465	0.00326	0.00372	0.00651
69	0.02416	0.00963	0.01294	0.01013	0.01435	0.00833	0.00829	0.02647	0.01693	0.64711	0.07702	0.02508	0.07463	0.00839	0.00620	0.00188	0.00480	0.00690	0.00724	0.00952
70	0.01139	0.01043	0.01737	0.68564	0.06684	0.01278	0.01584	0.01525	0.01211	0.01591	0.01175	0.03551	0.00926	0.00636	0.00596	0.00198	0.00760	0.00565	0.04569	0.00669
71	0.01174	0.01086	0.01747	0.55859	0.10869	0.01237	0.01507	0.01540	0.01225	0.01643	0.01157	0.04326	0.00946	0.00618	0.00584	0.00183	0.00724	0.00551	0.00294	0.12729
72	0.01247	0.01069	0.01247	0.00891	0.01426	0.00802	0.00713	0.01515	0.01247	0.01960	0.01069	0.01247	0.00891	0.00446	0.00446	0.00089	0.00446	0.00356	0.00356	0.82536
73	0.00846	0.00615	0.00796	0.00751	0.00895	0.00565	0.00563	0.01124	0.01689	0.02380	0.71939	0.04547	0.08546	0.01242	0.00710	0.00190	0.00285	0.01095	0.00658	0.00565
74	0.01136	0.01069	0.01804	0.77412	0.04143	0.01337	0.01671	0.01537	0.01203	0.01537	0.01069	0.01604	0.00802	0.00601	0.00601	0.00200	0.00802	0.00535	0.00267	0.00668
75	0.01243	0.01216	0.01827	0.32474	0.02624	0.01636	0.01461	0.01484	0.01036	0.01484	0.00904	0.01433	0.00795	0.00869	0.01415	0.00238	0.46405	0.00530	0.00265	0.00662
76	0.00733	0.00524	0.00698	0.00838	0.00873	0.00489	0.00558	0.00838	0.01152	0.01536	0.03316	0.78466	0.03979	0.01885	0.00768	0.00244	0.00349	0.01710	0.00558	0.00489
77	0.02662	0.01032	0.01395	0.01075	0.01537	0.00903	0.00886	0.02940	0.03958	0.73264	0.02376	0.02054	0.01500	0.00747	0.00605	0.00187	0.00511	0.00607	0.00740	0.01022
78	0.02287	0.01685	0.01805	0.01384	0.01866	0.01866	0.01143	0.73100	0.02828	0.03791	0.01444	0.01444	0.01023	0.00722	0.00602	0.00181	0.00662	0.00542	0.00602	0.01023
79	0.01256	0.00878	0.02578	0.00937	0.01166	0.00836	0.00734	0.10784	0.06778	0.09805	0.38706	0.16736	0.03978	0.01188	0.00686	0.00199	0.00394	0.01037	0.00632	0.00692
80	0.02648	0.01012	0.01380	0.01062	0.01518	0.00875	0.00875	0.02882	0.01721	0.73486	0.04390	0.02116	0.01606	0.00758	0.00608	0.00186	0.00506	0.00618	0.00742	0.01011
81	0.00969	0.00692	0.00969	0.01108	0.01246	0.00692	0.00969	0.01246	0.01385	0.01800	0.03185	0.06786	0.03462	0.01662	0.00831	0.00277	0.00554	0.71057	0.00554	0.00554
82	0.20091	0.00994	0.01142	0.00939	0.01308	0.00969	0.00761	0.05724	0.03226	0.36186	0.14328	0.02481	0.07667	0.00845	0.00579	0.00188	0.00454	0.00673	0.00623	0.00823
83	0.03057	0.01187	0.01906	0.47650	0.21985	0.01364	0.01621	0.06587	0.01364	0.01842	0.01215	0.01815	0.00989	0.00646	0.00607	0.00197	0.00750	0.04142	0.00315	0.00760
84	0.00757	0.00602	0.00665	0.00673	0.00832	0.00527	0.00491	0.00919	0.01371	0.01726	0.17771	0.12489	0.48313	0.07498	0.00901	0.00236	0.00332	0.02827	0.00562	0.00507
85	0.00711	0.00609	0.00609	0.00609	0.00813	0.00508	0.00457	0.00863	0.01371	0.01625	0.06094	0.05789	0.74862	0.01524	0.00711	0.00203	0.00305	0.01270	0.00559	0.00508
86	0.05038	0.01738	0.18446	0.01498	0.02012	0.01397	0.12340	0.25918	0.01809	0.07793	0.01577	0.09383	0.01314	0.02727	0.04032	0.00237	0.00757	0.00672	0.00456	0.00854
87	0.01470	0.01499	0.03823	0.07002	0.57957	0.07692	0.01688	0.01801	0.01371	0.01867	0.01279	0.07418	0.01160	0.00652	0.00604	0.00183	0.00726	0.00612	0.00316	0.00879
88	0.83108	0.01163	0.00884	0.00791	0.01163	0.01350	0.00651	0.01768	0.01024	0.02699	0.00838	0.00977	0.00651	0.00558	0.00372	0.00186	0.00465	0.00326	0.00372	0.00651
89	0.01608	0.79220	0.03152	0.01029	0.01544	0.02380	0.01029	0.01801	0.01222	0.01415	0.00836	0.00965	0.00772	0.00515	0.00386	0.00129	0.00643	0.00322	0.00257	0.00772
90	0.14212	0.01594	0.03683	0.01224	0.01667	0.09726	0.01016	0.32397	0.05398	0.14953	0.03429	0.01539	0.01165	0.00690	0.00556	0.00177	0.00632	0.00512	0.00539	0.04891
91	0.00711	0.00609	0.00609	0.00609	0.00813	0.00508	0.00457	0.00863	0.01371	0.01625	0.06094	0.05789	0.74862	0.01524	0.00711	0.00203	0.00305	0.01270	0.00559	0.00508
92	0.02287	0.01685	0.01805	0.01384	0.01866	0.01866	0.01143	0.73100	0.02828	0.03791	0.01444	0.01444	0.01023	0.00722	0.00602	0.00181	0.00662	0.00542	0.00602	0.01023
93	0.00739	0.00611	0.00648	0.00638	0.00830	0.00520	0.00479	0.00917	0.01437	0.01780	0.19632	0.05534	0.61227	0.01466	0.00711	0.00200	0.00301	0.01234	0.00579	0.00520
94	0.00859	0.00645	0.00967	0.00967	0.01074	0.00752	0.00752	0.01074	0.00967	0.01396	0.01611	0.02363	0.01504	0.04512	0.76474	0.00967	0.01611	0.00645	0.00322	0.00537
95	0.02287	0.01685	0.01805	0.01384	0.01866	0.01866	0.01143	0.73100	0.02828	0.03791	0.01444	0.01444	0.01023	0.00722	0.00602	0.00181	0.00662	0.00542	0.00602	0.01023

[dist]
# distance from previous block
# <min> <max>
0	6

[block]
# block no. 1 follows, 38 sequences, length 12
# corresponding to MSA columns:
# 117-128
name=unknown_B
#
# <colnr> <probs for GDERKNQSTAVLIFYWHMCP>
#	G	D	E	R	K	N	Q	S	T	A	V	L	I	F	Y	W	H	M	C	P
0	0.01136	0.01069	0.01804	0.77412	0.04143	0.01337	0.01671	0.01537	0.01203	0.01537	0.01069	0.01604	0.00802	0.00601	0.00601	0.00200	0.00802	0.00535	0.00267	0.00668
1	0.02446	0.00968	0.01315	0.01027	0.01448	0.00841	0.00841	0.02686	0.01719	0.65504	0.12296	0.02383	0.02063	0.00811	0.00619	0.00187	0.00481	0.00671	0.00733	0.00961
2	0.07449	0.01652	0.01747	0.01346	0.01821	0.01833	0.01112	0.68544	0.02713	0.03722	0.01406	0.01414	0.00999	0.00712	0.00587	0.00181	0.00649	0.00528	0.00587	0.00999
3	0.02117	0.01667	0.01706	0.01359	0.01802	0.05870	0.01104	0.54445	0.17824	0.03395	0.01629	0.01594	0.01181	0.00736	0.00601	0.00184	0.00646	0.00562	0.00588	0.00990
4	0.00730	0.00533	0.00688	0.00812	0.00866	0.00491	0.00547	0.00840	0.01176	0.01546	0.03625	0.70373	0.11872	0.01844	0.00762	0.00240	0.00344	0.01661	0.00558	0.00491
5	0.01420	0.01623	0.03550	0.02535	0.03144	0.01521	0.72921	0.01927	0.01420	0.01927	0.01217	0.01623	0.00913	0.00507	0.00710	0.00203	0.01014	0.00710	0.00304	0.00811
6	0.83108	0.01163	0.00884	0.00791	0.01163	0.01350	0.00651	0.01768	0.01024	0.02699	0.00838	0.00977	0.00651	0.00558	0.00372	0.00186	0.00465	0.00326	0.00372	0.00651
7	0.00948	0.00555	0.00728	0.00734	0.00740	0.00557	0.00460	0.00838	0.00847	0.01134	0.01549	0.06081	0.01707	0.37131	0.05246	0.38775	0.00581	0.00738	0.00323	0.00328
8	0.00744	0.00528	0.00695	0.00824	0.00856	0.00496	0.00544	0.00840	0.01130	0.01507	0.03207	0.72742	0.03841	0.07796	0.00944	0.00270	0.00367	0.01646	0.00544	0.00479
9	0.02100	0.01392	0.01564	0.01224	0.01643	0.01482	0.01001	0.49314	0.02455	0.14930	0.14487	0.02076	0.01915	0.00815	0.00621	0.00183	0.00572	0.00648	0.00635	0.00943
10	0.01564	0.70745	0.11235	0.01106	0.01662	0.02271	0.01162	0.01813	0.01228	0.01470	0.00863	0.00999	0.00771	0.00521	0.00407	0.00136	0.00671	0.00335	0.00257	0.00785
11	0.49194	0.01050	0.01027	0.01055	0.07549	0.01165	0.00743	0.05427	0.01201	0.02450	0.07305	0.01539	0.01238	0.00804	0.00657	0.09348	0.00474	0.00461	0.06675	0.00640

[dist]
# distance from previous block
# <min> <max>
0	3

[block]
# block no. 2 follows, 38 sequences, length 81
# corresponding to MSA columns:
# 132-163,168-216
name=unknown_C
#
# <colnr> <probs for GDERKNQSTAVLIFYWHMCP>
#	G	D	E	R	K	N	Q	S	T	A	V	L	I	F	Y	W	H	M	C	P
0	0.01440	0.01380	0.02354	0.13876	0.65303	0.01417	0.01822	0.01804	0.01347	0.01906	0.01123	0.01505	0.00932	0.00545	0.00596	0.00182	0.00727	0.00536	0.00294	0.00914
1	0.01275	0.01211	0.02056	0.48308	0.32159	0.01373	0.01740	0.01659	0.01269	0.01706	0.01094	0.01558	0.00862	0.00576	0.00599	0.00192	0.00767	0.00535	0.00279	0.00781
2	0.02259	0.01753	0.01729	0.01371	0.01816	0.11452	0.01117	0.54911	0.04481	0.08872	0.01518	0.01596	0.01108	0.00736	0.00600	0.00181	0.00698	0.02261	0.00574	0.00967
3	0.01336	0.27561	0.52423	0.01494	0.02263	0.01713	0.01839	0.01872	0.01255	0.01748	0.01001	0.01172	0.00765	0.00553	0.00512	0.00171	0.00810	0.00405	0.00255	0.00851
4	0.01414	0.01064	0.01265	0.00912	0.01438	0.00811	0.00733	0.01678	0.01302	0.10415	0.01219	0.01339	0.00960	0.00480	0.00464	0.00100	0.00453	0.00385	0.00401	0.73168
5	0.01344	0.01165	0.02241	0.01743	0.02125	0.01102	0.36293	0.01681	0.01375	0.10543	0.02163	0.20300	0.03903	0.01016	0.00757	0.00220	0.02789	0.08071	0.00447	0.00723
6	0.01695	0.01239	0.01789	0.31037	0.14908	0.01372	0.01394	0.17482	0.01664	0.13691	0.01402	0.01643	0.01018	0.00655	0.00624	0.00189	0.02477	0.00548	0.04329	0.00844
7	0.01044	0.00661	0.00778	0.00734	0.00909	0.00632	0.00557	0.04307	0.01506	0.05587	0.28946	0.07163	0.15695	0.01302	0.04825	0.00223	0.00390	0.00931	0.23217	0.00591
8	0.02453	0.00991	0.01313	0.01024	0.01458	0.00864	0.00840	0.04460	0.01708	0.64932	0.02792	0.02477	0.10192	0.00837	0.00617	0.00188	0.00491	0.00682	0.00719	0.00962
9	0.83108	0.01163	0.00884	0.00791	0.01163	0.01350	0.00651	0.01768	0.01024	0.02699	0.00838	0.00977	0.00651	0.00558	0.00372	0.00186	0.00465	0.00326	0.00372	0.00651
10	0.02258	0.00924	0.01248	0.00996	0.01383	0.00805	0.00807	0.02491	0.01685	0.58354	0.14423	0.05819	0.04250	0.00894	0.00632	0.00190	0.00462	0.00749	0.00718	0.00912
11	0.02699	0.01024	0.01396	0.01070	0.01536	0.00884	0.00884	0.02932	0.01722	0.75522	0.02373	0.02048	0.01489	0.00745	0.00605	0.00186	0.00512	0.00605	0.00745	0.01024
12	0.01395	0.01759	0.10628	0.02422	0.03037	0.01520	0.63477	0.01908	0.01388	0.01908	0.01189	0.01577	0.00894	0.00532	0.00740	0.00204	0.03632	0.00677	0.00298	0.00814
13	0.01121	0.00561	0.00561	0.00561	0.00701	0.00561	0.00421	0.01402	0.01262	0.02243	0.01962	0.02243	0.01542	0.00701	0.00421	0.00140	0.00280	0.00561	0.82198	0.00561
14	0.00733	0.00524	0.00698	0.00838	0.00873	0.00489	0.00558	0.00838	0.01152	0.01536	0.03316	0.78466	0.03979	0.01885	0.00768	0.00244	0.00349	0.01710	0.00558	0.00489
15	0.83108	0.01163	0.00884	0.00791	0.01163	0.01350	0.00651	0.01768	0.01024	0.02699	0.00838	0.00977	0.00651	0.00558	0.00372	0.00186	0.00465	0.00326	0.00372	0.00651
16	0.01418	0.02823	0.63431	0.01674	0.03925	0.03359	0.02027	0.02039	0.01337	0.10639	0.01230	0.01362	0.00853	0.00593	0.00575	0.00189	0.00846	0.00464	0.00315	0.00901
17	0.00730	0.00534	0.00687	0.00808	0.00865	0.00491	0.00545	0.00841	0.01180	0.01547	0.03670	0.69185	0.13030	0.01839	0.00761	0.00239	0.00343	0.01654	0.00558	0.00491
18	0.00852	0.00638	0.00952	0.00960	0.01063	0.00737	0.00741	0.01061	0.00977	0.01404	0.01706	0.06588	0.01641	0.04366	0.72271	0.00927	0.01541	0.00704	0.00335	0.00534
19	0.03572	0.01167	0.01960	0.55943	0.09565	0.01373	0.08090	0.04052	0.01281	0.01733	0.01109	0.01581	0.00846	0.00604	0.00635	0.00198	0.02736	0.00545	0.02296	0.00713
20	0.01235	0.00915	0.01282	0.02930	0.01339	0.01084	0.02225	0.01445	0.03208	0.10342	0.01977	0.25374	0.02014	0.01690	0.11190	0.00332	0.25917	0.00925	0.03935	0.00641
21	0.00875	0.00583	0.00656	0.00656	0.00656	0.00583	0.00365	0.00875	0.00875	0.01166	0.01895	0.03937	0.02187	0.78858	0.03062	0.00583	0.00583	0.00875	0.00365	0.00365
22	0.83108	0.01163	0.00884	0.00791	0.01163	0.01350	0.00651	0.01768	0.01024	0.02699	0.00838	0.00977	0.00651	0.00558	0.00372	0.00186	0.00465	0.00326	0.00372	0.00651
23	0.01233	0.06099	0.02064	0.55863	0.12215	0.01449	0.05589	0.01608	0.01222	0.01597	0.01056	0.01536	0.00823	0.00606	0.00662	0.00197	0.04663	0.00531	0.00272	0.00716
24	0.01272	0.01208	0.02049	0.49102	0.31395	0.01372	0.01738	0.01656	0.01267	0.01702	0.01093	0.01560	0.00860	0.00576	0.00599	0.00192	0.00768	0.00535	0.00279	0.00778
25	0.00711	0.00609	0.00609	0.00609	0.00813	0.00508	0.00457	0.00863	0.01371	0.01625	0.06094	0.05789	0.74862	0.01524	0.00711	0.00203	0.00305	0.01270	0.00559	0.00508
26	0.01519	0.01291	0.01366	0.01218	0.01559	0.01486	0.00950	0.07009	0.67657	0.02584	0.04803	0.02275	0.01919	0.00825	0.00615	0.00202	0.00480	0.00686	0.00613	0.00943
27	0.02339	0.01601	0.01753	0.01344	0.01823	0.01740	0.01110	0.64140	0.02687	0.12951	0.01563	0.01521	0.01083	0.00725	0.00602	0.00181	0.00643	0.00550	0.00620	0.01023
28	0.83108	0.01163	0.00884	0.00791	0.01163	0.01350	0.00651	0.01768	0.01024	0.02699	0.00838	0.00977	0.00651	0.00558	0.00372	0.00186	0.00465	0.00326	0.00372	0.00651
29	0.00740	0.00526	0.00696	0.00829	0.00862	0.00493	0.00549	0.00839	0.01139	0.01518	0.03248	0.74910	0.03893	0.05557	0.00877	0.00260	0.00360	0.01670	0.00549	0.00483
30	0.00969	0.00743	0.00893	0.02599	0.01080	0.00760	0.00653	0.06224	0.09038	0.01896	0.13126	0.35726	0.12452	0.08280	0.00947	0.00252	0.01971	0.01254	0.00552	0.00585
31	0.01207	0.03112	0.75741	0.01715	0.02604	0.01397	0.02223	0.01905	0.01270	0.01905	0.01080	0.01270	0.00762	0.00572	0.00572	0.00191	0.00889	0.00445	0.00254	0.00889
32	0.01496	0.01292	0.01360	0.01224	0.01564	0.01496	0.00952	0.03197	0.74019	0.02516	0.02448	0.02244	0.01836	0.00816	0.00612	0.00204	0.00476	0.00680	0.00612	0.00952
33	0.01698	0.01352	0.01447	0.01239	0.01609	0.01530	0.00981	0.20330	0.51318	0.04908	0.05293	0.02138	0.01790	0.00809	0.00614	0.00197	0.00515	0.00661	0.00615	0.00955
34	0.01727	0.01613	0.01371	0.01186	0.01508	0.21943	0.00927	0.21786	0.09099	0.04359	0.10453	0.02706	0.15348	0.00930	0.00624	0.00183	0.00645	0.02298	0.00524	0.00769
35	0.00762	0.00641	0.00651	0.00642	0.00848	0.00551	0.00482	0.03173	0.01410	0.01691	0.05850	0.08141	0.70070	0.01510	0.00709	0.00204	0.00318	0.01261	0.00560	0.00524
36	0.01658	0.00793	0.01063	0.00894	0.01177	0.00706	0.00706	0.01919	0.01711	0.34325	0.43180	0.03426	0.03849	0.01018	0.00664	0.00188	0.00383	0.00877	0.00698	0.00767
37	0.11994	0.01194	0.01348	0.01119	0.01525	0.01253	0.00901	0.07810	0.30472	0.32581	0.02151	0.01953	0.01492	0.00749	0.00579	0.00193	0.00502	0.00596	0.00636	0.00950
38	0.01489	0.01429	0.02442	0.03692	0.75106	0.01429	0.01846	0.01846	0.01370	0.01965	0.01132	0.01489	0.00953	0.00536	0.00596	0.00179	0.00715	0.00536	0.00298	0.00953
39	0.00733	0.00524	0.00698	0.00838	0.00873	0.00489	0.00558	0.00838	0.01152	0.01536	0.03316	0.78466	0.03979	0.01885	0.00768	0.00244	0.00349	0.01710	0.00558	0.00489
40	0.00878	0.00634	0.00852	0.00955	0.01071	0.00613	0.00772	0.01100	0.01357	0.01788	0.12401	0.23440	0.08711	0.03389	0.00843	0.00260	0.00455	0.39382	0.00565	0.00533
41	0.01460	0.01400	0.02389	0.09761	0.69265	0.01422	0.01832	0.01821	0.01356	0.01930	0.01126	0.01498	0.00940	0.00541	0.00596	0.00180	0.00722	0.00536	0.00295	0.00929
42	0.01051	0.00676	0.00830	0.00793	0.00870	0.00700	0.00528	0.04496	0.01049	0.06056	0.01869	0.04951	0.01969	0.51390	0.19655	0.00620	0.00814	0.00807	0.00394	0.00480
43	0.01723	0.01803	0.01769	0.01516	0.01713	0.24071	0.02859	0.12584	0.03893	0.01852	0.01043	0.01365	0.00899	0.01052	0.05551	0.00256	0.34473	0.00503	0.00344	0.00731
44	0.01207	0.03112	0.75741	0.01715	0.02604	0.01397	0.02223	0.01905	0.01270	0.01905	0.01080	0.01270	0.00762	0.00572	0.00572	0.00191	0.00889	0.00445	0.00254	0.00889
45	0.01405	0.49879	0.20161	0.01154	0.01706	0.01888	0.01249	0.01732	0.01302	0.01674	0.11392	0.01539	0.01466	0.00630	0.00476	0.00152	0.00651	0.00460	0.00314	0.00771
46	0.05456	0.00649	0.00756	0.05534	0.00925	0.00681	0.00482	0.00976	0.00908	0.01286	0.01771	0.03550	0.01982	0.66014	0.06260	0.00555	0.00640	0.00812	0.00357	0.00408
47	0.00843	0.00615	0.00792	0.00747	0.00893	0.00564	0.00561	0.01118	0.01682	0.02363	0.70443	0.04576	0.10053	0.01248	0.00710	0.00190	0.00285	0.01099	0.00656	0.00564
48	0.01136	0.01069	0.01804	0.77412	0.04143	0.01337	0.01671	0.01537	0.01203	0.01537	0.01069	0.01604	0.00802	0.00601	0.00601	0.00200	0.00802	0.00535	0.00267	0.00668
49	0.01385	0.01705	0.10430	0.04968	0.12490	0.01471	0.52937	0.01880	0.01386	0.01910	0.01229	0.03077	0.00960	0.00547	0.00679	0.00199	0.00943	0.00675	0.00302	0.00827
50	0.01466	0.18447	0.52049	0.01498	0.02260	0.01537	0.01819	0.02006	0.01314	0.10549	0.01183	0.01300	0.00850	0.00580	0.00538	0.00177	0.00794	0.00438	0.00313	0.00881
51	0.07785	0.01033	0.01364	0.01053	0.01512	0.00914	0.00869	0.02858	0.01678	0.70916	0.02276	0.01980	0.01436	0.00733	0.00590	0.00186	0.00509	0.00587	0.00721	0.01000
52	0.00748	0.00530	0.00694	0.00818	0.00850	0.00499	0.00538	0.00842	0.01123	0.01497	0.03166	0.70594	0.03790	0.10015	0.01010	0.00280	0.00374	0.01622	0.00538	0.00476
53	0.01110	0.01252	0.07749	0.01581	0.01881	0.01174	0.24093	0.01406	0.01217	0.01677	0.02186	0.21528	0.09491	0.01244	0.04109	0.00256	0.16038	0.00963	0.00384	0.00662
54	0.00870	0.00621	0.00855	0.00994	0.01089	0.00607	0.00797	0.01074	0.01287	0.01689	0.03240	0.36927	0.03679	0.01756	0.00804	0.00263	0.00468	0.41897	0.00556	0.00526
55	0.00733	0.00524	0.00698	0.00838	0.00873	0.00489	0.00558	0.00838	0.01152	0.01536	0.03316	0.78466	0.03979	0.01885	0.00768	0.00244	0.00349	0.01710	0.00558	0.00489
56	0.04132	0.01729	0.15329	0.04497	0.02688	0.01434	0.44094	0.01799	0.01316	0.01895	0.02877	0.01608	0.01000	0.00634	0.00811	0.02421	0.07305	0.00629	0.03029	0.00773
57	0.02092	0.11720	0.01865	0.01533	0.05001	0.57694	0.01144	0.05487	0.01665	0.01626	0.00995	0.01154	0.00827	0.00612	0.00524	0.00153	0.00962	0.00401	0.03819	0.00727
58	0.02699	0.01024	0.01396	0.01070	0.01536	0.00884	0.00884	0.02932	0.01722	0.75522	0.02373	0.02048	0.01489	0.00745	0.00605	0.00186	0.00512	0.00605	0.00745	0.01024
59	0.00744	0.00532	0.00711	0.00851	0.00890	0.00498	0.00578	0.00857	0.01163	0.01548	0.03309	0.75046	0.03954	0.01874	0.00771	0.00246	0.00359	0.05019	0.00558	0.00492
60	0.01209	0.04853	0.72501	0.01679	0.02544	0.01403	0.02161	0.01887	0.01278	0.01904	0.02580	0.01329	0.00863	0.00584	0.00570	0.00189	0.00871	0.00455	0.00262	0.00880
61	0.83108	0.01163	0.00884	0.00791	0.01163	0.01350	0.00651	0.01768	0.01024	0.02699	0.00838	0.00977	0.00651	0.00558	0.00372	0.00186	0.00465	0.00326	0.00372	0.00651
62	0.01922	0.01333	0.01416	0.01126	0.01501	0.01457	0.00917	0.50646	0.02338	0.03306	0.01607	0.01694	0.01186	0.00715	0.00545	0.00168	0.00542	0.00548	0.26155	0.00878
63	0.80379	0.01228	0.03379	0.00822	0.01211	0.01351	0.00704	0.01773	0.01032	0.02673	0.00846	0.00987	0.00655	0.00559	0.00379	0.00186	0.00479	0.00330	0.00368	0.00659
64	0.79650	0.01186	0.00924	0.00816	0.01193	0.01372	0.00673	0.04820	0.01101	0.02746	0.00864	0.00997	0.00667	0.00565	0.00382	0.00186	0.00474	0.00335	0.00382	0.00667
65	0.34074	0.01441	0.01271	0.01082	0.01457	0.09296	0.00868	0.18762	0.13093	0.05656	0.04855	0.01533	0.01229	0.00686	0.00508	0.00184	0.00567	0.00491	0.02146	0.00800
66	0.38828	0.01087	0.01166	0.00945	0.01368	0.01093	0.00780	0.02409	0.01408	0.42802	0.01683	0.01567	0.01113	0.00661	0.00500	0.00186	0.00491	0.00480	0.00577	0.00857
67	0.04187	0.01111	0.01396	0.01076	0.01527	0.01024	0.00883	0.14001	0.01838	0.50113	0.06989	0.02014	0.01621	0.00741	0.00591	0.00176	0.00513	0.00597	0.00670	0.08934
68	0.10278	0.01101	0.01276	0.01032	0.01385	0.01109	0.00816	0.20697	0.01784	0.30853	0.05947	0.04668	0.01708	0.13464	0.00990	0.00251	0.00540	0.00666	0.00597	0.00836
69	0.02203	0.01282	0.01496	0.01187	0.01631	0.01310	0.00965	0.23053	0.19589	0.32847	0.02048	0.01875	0.01405	0.00738	0.00596	0.00183	0.00542	0.00590	0.00649	0.05811
70	0.02699	0.01024	0.01396	0.01070	0.01536	0.00884	0.00884	0.02932	0.01722	0.75522	0.02373	0.02048	0.01489	0.00745	0.00605	0.00186	0.00512	0.00605	0.00745	0.01024
71	0.00872	0.00641	0.00947	0.00947	0.01056	0.00743	0.00736	0.01090	0.00981	0.01437	0.01628	0.02358	0.01506	0.04330	0.72846	0.00927	0.01548	0.00641	0.04229	0.00538
72	0.01687	0.01252	0.01432	0.01209	0.01558	0.01364	0.02823	0.23372	0.30751	0.08763	0.09187	0.09917	0.02131	0.00923	0.00636	0.00198	0.00517	0.00778	0.00611	0.00891
73	0.01246	0.10636	0.68565	0.01647	0.02499	0.01494	0.02105	0.01895	0.01265	0.01857	0.01056	0.01240	0.00763	0.00566	0.00553	0.00184	0.00865	0.00432	0.00254	0.00877
74	0.02681	0.01052	0.01414	0.01084	0.01550	0.00926	0.00895	0.05933	0.01769	0.72454	0.02334	0.02022	0.01469	0.00744	0.00605	0.00186	0.00518	0.00602	0.00738	0.01024
75	0.00853	0.00595	0.00722	0.00729	0.00767	0.00609	0.00464	0.00914	0.00941	0.01265	0.02179	0.07857	0.06738	0.53874	0.18406	0.00622	0.00771	0.00897	0.00379	0.00417
76	0.01136	0.01069	0.01804	0.77412	0.04143	0.01337	0.01671	0.01537	0.01203	0.01537	0.01069	0.01604	0.00802	0.00601	0.00601	0.00200	0.00802	0.00535	0.00267	0.00668
77	0.00768	0.00601	0.00703	0.00771	0.00901	0.00546	0.00563	0.00956	0.03352	0.01630	0.04546	0.36129	0.36221	0.01668	0.00744	0.00228	0.00352	0.08243	0.00560	0.00517
78	0.00711	0.00609	0.00609	0.00609	0.00813	0.00508	0.00457	0.00863	0.01371	0.01625	0.06094	0.05789	0.74862	0.01524	0.00711	0.00203	0.00305	0.01270	0.00559	0.00508
79	0.01098	0.00840	0.01048	0.01101	0.01284	0.00892	0.00917	0.01729	0.20298	0.01961	0.04582	0.05368	0.03009	0.06314	0.00912	0.00275	0.00529	0.46636	0.00560	0.00646
80	0.01178	0.01112	0.01880	0.68656	0.12572	0.01348	0.01692	0.01574	0.01223	0.01588	0.01077	0.01590	0.00820	0.00594	0.00601	0.00198	0.00792	0.00535	0.00271	0.00702

[dist]
# distance from previous block
# <min> <max>
0	1

[block]
# block no. 3 follows, 38 sequences, length 72
# corresponding to MSA columns:
# 218-259,262-291
name=unknown_D
#
# <colnr> <probs for GDERKNQSTAVLIFYWHMCP>
#	G	D	E	R	K	N	Q	S	T	A	V	L	I	F	Y	W	H	M	C	P
0	0.58042	0.01199	0.01092	0.00915	0.01318	0.01322	0.00755	0.10479	0.01373	0.16821	0.01205	0.01238	0.00857	0.00614	0.00444	0.00185	0.00498	0.00405	0.00471	0.00767
1	0.00990	0.00711	0.00841	0.00796	0.00990	0.00674	0.00600	0.01387	0.10167	0.06570	0.36025	0.10613	0.24764	0.01290	0.00697	0.00199	0.00332	0.01114	0.00623	0.00617
2	0.30311	0.01319	0.01167	0.01026	0.01341	0.09698	0.00807	0.16711	0.06044	0.02619	0.13726	0.09241	0.01980	0.00856	0.00549	0.00189	0.00535	0.00661	0.00495	0.00723
3	0.01608	0.79220	0.03152	0.01029	0.01544	0.02380	0.01029	0.01801	0.01222	0.01415	0.00836	0.00965	0.00772	0.00515	0.00386	0.00129	0.00643	0.00322	0.00257	0.00772
4	0.01489	0.01429	0.02442	0.03692	0.75106	0.01429	0.01846	0.01846	0.01370	0.01965	0.01132	0.01489	0.00953	0.00536	0.00596	0.00179	0.00715	0.00536	0.00298	0.00953
5	0.02325	0.01625	0.01768	0.01355	0.01835	0.01776	0.01120	0.66680	0.02727	0.10354	0.01529	0.01499	0.01066	0.00724	0.00602	0.00181	0.00648	0.00547	0.00615	0.01023
6	0.01303	0.00786	0.00926	0.00829	0.00970	0.00785	0.00565	0.09669	0.01251	0.12234	0.01948	0.06696	0.01975	0.49784	0.05778	0.00472	0.00618	0.00814	0.00454	0.02143
7	0.00986	0.00689	0.00809	0.00755	0.00954	0.00629	0.00575	0.03296	0.01533	0.08102	0.28535	0.08830	0.37616	0.01345	0.00730	0.00200	0.02083	0.01139	0.00604	0.00589
8	0.00854	0.00614	0.00794	0.00749	0.00893	0.00566	0.00562	0.01134	0.01686	0.02390	0.71645	0.04477	0.07224	0.01226	0.00704	0.00189	0.00284	0.01081	0.02363	0.00566
9	0.01136	0.01069	0.01804	0.77412	0.04143	0.01337	0.01671	0.01537	0.01203	0.01537	0.01069	0.01604	0.00802	0.00601	0.00601	0.00200	0.00802	0.00535	0.00267	0.00668
10	0.01058	0.00686	0.00831	0.00821	0.02855	0.00602	0.00601	0.01256	0.01478	0.12458	0.20613	0.11284	0.38686	0.01355	0.00701	0.00202	0.00351	0.02955	0.00602	0.00607
11	0.02699	0.01024	0.01396	0.01070	0.01536	0.00884	0.00884	0.02932	0.01722	0.75522	0.02373	0.02048	0.01489	0.00745	0.00605	0.00186	0.00512	0.00605	0.00745	0.01024
12	0.05199	0.01028	0.01380	0.01062	0.01524	0.00899	0.00877	0.02896	0.01700	0.73258	0.02326	0.02014	0.01463	0.00739	0.00598	0.00186	0.00510	0.00596	0.00733	0.01012
13	0.02699	0.01024	0.01396	0.01070	0.01536	0.00884	0.00884	0.02932	0.01722	0.75522	0.02373	0.02048	0.01489	0.00745	0.00605	0.00186	0.00512	0.00605	0.00745	0.01024
14	0.12954	0.01089	0.01673	0.64528	0.03652	0.01351	0.01515	0.01568	0.01170	0.01702	0.01029	0.01507	0.00780	0.00606	0.00602	0.00200	0.02623	0.00504	0.00282	0.00666
15	0.01121	0.00561	0.00561	0.00561	0.00701	0.00561	0.00421	0.01402	0.01262	0.02243	0.01962	0.02243	0.01542	0.00701	0.00421	0.00140	0.00280	0.00561	0.82198	0.00561
16	0.00740	0.00528	0.00706	0.00846	0.00883	0.00495	0.00570	0.00850	0.01159	0.01543	0.03312	0.76375	0.03964	0.01878	0.00770	0.00245	0.00355	0.03733	0.00558	0.00491
17	0.01452	0.01373	0.02290	0.15867	0.59354	0.01428	0.01775	0.03801	0.03243	0.01959	0.01164	0.01526	0.00952	0.00559	0.00597	0.00183	0.00722	0.00540	0.00309	0.00907
18	0.02497	0.01069	0.01390	0.01096	0.01540	0.00987	0.00896	0.02976	0.13871	0.63254	0.02386	0.02081	0.01547	0.00757	0.00606	0.00189	0.00506	0.00618	0.00722	0.01012
19	0.00858	0.00585	0.00668	0.00670	0.00694	0.00574	0.00395	0.00894	0.00982	0.01310	0.08251	0.07281	0.06394	0.65000	0.02643	0.00516	0.00534	0.00949	0.00408	0.00394
20	0.02650	0.01102	0.01445	0.01108	0.01575	0.01001	0.00915	0.11280	0.01853	0.66988	0.02263	0.01976	0.01434	0.00742	0.00605	0.00185	0.00530	0.00597	0.00728	0.01024
21	0.01921	0.02057	0.01551	0.01370	0.01672	0.39789	0.01070	0.18337	0.01875	0.02098	0.06040	0.02153	0.05946	0.00846	0.00675	0.00182	0.04832	0.06414	0.00432	0.00739
22	0.00903	0.00692	0.00727	0.00694	0.00922	0.00615	0.00528	0.01194	0.07457	0.06222	0.08140	0.05218	0.61722	0.01406	0.00696	0.00202	0.00331	0.01173	0.00578	0.00578
23	0.83108	0.01163	0.00884	0.00791	0.01163	0.01350	0.00651	0.01768	0.01024	0.02699	0.00838	0.00977	0.00651	0.00558	0.00372	0.00186	0.00465	0.00326	0.00372	0.00651
24	0.83108	0.01163	0.00884	0.00791	0.01163	0.01350	0.00651	0.01768	0.01024	0.02699	0.00838	0.00977	0.00651	0.00558	0.00372	0.00186	0.00465	0.00326	0.00372	0.00651
25	0.01258	0.01103	0.01387	0.00991	0.01530	0.00846	0.05104	0.01540	0.01258	0.01958	0.01078	0.01270	0.00892	0.00449	0.00462	0.00096	0.00480	0.00378	0.00353	0.77566
26	0.78327	0.01141	0.00888	0.00792	0.01159	0.01312	0.00651	0.01789	0.01051	0.04706	0.00915	0.01046	0.00702	0.00568	0.00380	0.00185	0.00461	0.00341	0.02927	0.00659
27	0.00743	0.00531	0.00707	0.00831	0.00875	0.00495	0.00559	0.00862	0.01198	0.01609	0.09270	0.72304	0.04120	0.01830	0.00763	0.00240	0.00344	0.01658	0.00567	0.00495
28	0.78058	0.01196	0.00942	0.00828	0.01207	0.01382	0.00682	0.06225	0.01137	0.02767	0.00876	0.01006	0.00675	0.00569	0.00387	0.00186	0.00478	0.00339	0.00387	0.00675
29	0.04259	0.00874	0.01016	0.00929	0.01166	0.00895	0.00732	0.07597	0.14828	0.05950	0.34984	0.03944	0.11262	0.01137	0.00677	0.00201	0.00397	0.07838	0.00620	0.00693
30	0.39855	0.01181	0.01164	0.00977	0.01362	0.01285	0.00795	0.12282	0.09727	0.17251	0.07306	0.01680	0.01405	0.00701	0.00505	0.00188	0.00489	0.00513	0.00529	0.00806
31	0.13036	0.07792	0.60222	0.01537	0.02327	0.01454	0.01918	0.01879	0.01231	0.01988	0.01029	0.01208	0.00747	0.00566	0.00531	0.00186	0.00812	0.00419	0.00271	0.00847
32	0.00763	0.00541	0.00684	0.00786	0.00821	0.00511	0.00510	0.00847	0.01101	0.01458	0.03137	0.58316	0.07073	0.18980	0.01275	0.00318	0.00399	0.01503	0.00515	0.00462
33	0.01467	0.52476	0.28660	0.01270	0.01916	0.02035	0.01449	0.01838	0.01239	0.01587	0.00922	0.01072	0.00769	0.00535	0.00451	0.00150	0.00730	0.00365	0.00256	0.00813
34	0.02008	0.02142	0.01612	0.01391	0.01760	0.39141	0.01075	0.16427	0.17626	0.02197	0.01373	0.01422	0.01064	0.00668	0.00561	0.00165	0.00816	0.00479	0.00437	0.07634
35	0.01873	0.01215	0.01354	0.01112	0.01457	0.01290	0.00888	0.40081	0.02142	0.11762	0.01960	0.14569	0.01665	0.00916	0.00598	0.00185	0.00525	0.00748	0.14807	0.00853
36	0.01953	0.00961	0.01218	0.01029	0.01379	0.00899	0.00847	0.11118	0.01731	0.38553	0.04657	0.05608	0.11547	0.01044	0.00660	0.00204	0.00495	0.12649	0.02612	0.00839
37	0.02005	0.01597	0.01608	0.01307	0.01707	0.07874	0.01051	0.49064	0.12447	0.03173	0.01687	0.06852	0.01343	0.00888	0.02258	0.00202	0.00660	0.00631	0.02719	0.00927
38	0.01115	0.00853	0.01056	0.00994	0.01141	0.02802	0.00769	0.08380	0.03999	0.01849	0.06192	0.08668	0.01886	0.05390	0.36029	0.00567	0.06706	0.00734	0.10259	0.00608
39	0.01121	0.00561	0.00561	0.00561	0.00701	0.00561	0.00421	0.01402	0.01262	0.02243	0.01962	0.02243	0.01542	0.00701	0.00421	0.00140	0.00280	0.00561	0.82198	0.00561
40	0.00826	0.00595	0.00783	0.00786	0.00902	0.00552	0.00577	0.01066	0.01560	0.02182	0.55444	0.22527	0.05203	0.01401	0.00727	0.00205	0.00307	0.03176	0.00634	0.00548
41	0.01489	0.01429	0.02442	0.03692	0.75106	0.01429	0.01846	0.01846	0.01370	0.01965	0.01132	0.01489	0.00953	0.00536	0.00596	0.00179	0.00715	0.00536	0.00298	0.00953
42	0.32736	0.01055	0.01173	0.00949	0.01363	0.01042	0.00780	0.02401	0.01459	0.44384	0.05608	0.01775	0.01396	0.00700	0.00523	0.00186	0.00482	0.00526	0.00601	0.00860
43	0.00735	0.00539	0.00683	0.00797	0.00855	0.00495	0.00536	0.00843	0.01174	0.01535	0.03679	0.64764	0.14549	0.04717	0.00845	0.00251	0.00351	0.01613	0.00551	0.00487
44	0.01275	0.08598	0.67724	0.01659	0.02499	0.04283	0.02097	0.01916	0.01283	0.01854	0.01056	0.01241	0.00763	0.00569	0.00557	0.00185	0.00879	0.00434	0.00256	0.00873
45	0.01608	0.79220	0.03152	0.01029	0.01544	0.02380	0.01029	0.01801	0.01222	0.01415	0.00836	0.00965	0.00772	0.00515	0.00386	0.00129	0.00643	0.00322	0.00257	0.00772
46	0.01559	0.01355	0.01403	0.01088	0.01534	0.07993	0.00869	0.18185	0.04798	0.02386	0.07335	0.01593	0.01347	0.00624	0.00564	0.00135	0.02797	0.00482	0.00443	0.43512
47	0.00996	0.00956	0.09716	0.00867	0.01124	0.00706	0.00755	0.01321	0.04204	0.06492	0.34970	0.06080	0.20449	0.07659	0.00881	0.00227	0.00408	0.01008	0.00565	0.00615
48	0.02120	0.01617	0.02034	0.01596	0.04205	0.01736	0.11486	0.53838	0.05993	0.06958	0.01497	0.01540	0.01068	0.00691	0.00618	0.00185	0.00698	0.00576	0.00557	0.00987
49	0.02149	0.01475	0.01625	0.01256	0.01700	0.01587	0.01033	0.53643	0.02440	0.11173	0.01549	0.01560	0.01103	0.00713	0.00609	0.00174	0.02348	0.00538	0.07392	0.05933
