[name]
unknown

[dist]
# distance from previous block
# <min> <max>
8	675

[block]
# block no. 0 follows, 37 sequences, length 11
# corresponding to MSA columns:
# 765-775
name=unknown_A
#
# <colnr> <probs for GDERKNQSTAVLIFYWHMCP>
#	G	D	E	R	K	N	Q	S	T	A	V	L	I	F	Y	W	H	M	C	P
0	0.01417	0.06206	0.60699	0.01662	0.02485	0.01539	0.02037	0.13002	0.01539	0.02218	0.01146	0.01307	0.00817	0.00603	0.00578	0.00190	0.00858	0.00462	0.00314	0.00921
1	0.68993	0.14406	0.01293	0.00846	0.01250	0.01552	0.00728	0.01805	0.01076	0.02524	0.00852	0.00992	0.00684	0.00561	0.00381	0.00179	0.00504	0.00331	0.00359	0.00684
2	0.01523	0.02776	0.55547	0.01654	0.02447	0.01550	0.01966	0.20957	0.01719	0.02455	0.01198	0.01340	0.00847	0.00623	0.00590	0.00191	0.00842	0.00479	0.00354	0.00941
3	0.01013	0.00733	0.00904	0.00926	0.01050	0.00730	0.00663	0.12139	0.01530	0.02067	0.14615	0.54139	0.03859	0.01624	0.00745	0.00229	0.00394	0.01451	0.00592	0.00595
4	0.01862	0.01375	0.01492	0.01217	0.01568	0.01507	0.00957	0.47983	0.07815	0.03082	0.01834	0.10548	0.01628	0.13049	0.01024	0.00257	0.00611	0.00749	0.00570	0.00869
5	0.01847	0.05033	0.01548	0.01213	0.01573	0.01464	0.00971	0.41703	0.06352	0.07359	0.02068	0.22144	0.01914	0.01050	0.00648	0.00200	0.00567	0.00872	0.00593	0.00878
6	0.17414	0.07718	0.12461	0.01213	0.01692	0.01561	0.01128	0.31761	0.01982	0.02950	0.12657	0.01799	0.01650	0.00744	0.00563	0.00184	0.00607	0.00564	0.00497	0.00855
7	0.01791	0.39968	0.11056	0.01154	0.01682	0.01776	0.01135	0.04353	0.05574	0.17394	0.01375	0.01423	0.01051	0.00798	0.04115	0.00197	0.00687	0.00449	0.00406	0.03618
8	0.01780	0.42075	0.05316	0.01243	0.01704	0.18340	0.01117	0.05896	0.13718	0.01788	0.01192	0.01267	0.00983	0.00613	0.00486	0.00155	0.00735	0.00420	0.00353	0.00818
9	0.04613	0.31151	0.13090	0.01116	0.01553	0.01531	0.01079	0.05787	0.01369	0.09067	0.01759	0.21912	0.01745	0.00945	0.00560	0.00183	0.00593	0.00768	0.00418	0.00761
10	0.02978	0.22245	0.18471	0.09791	0.02003	0.01596	0.01346	0.01727	0.02857	0.04894	0.08306	0.03669	0.03997	0.00790	0.00780	0.00192	0.12672	0.00576	0.00352	0.00758

[dist]
# distance from previous block
# <min> <max>
28	88

[block]
# block no. 1 follows, 37 sequences, length 6
# corresponding to MSA columns:
# 966-971
name=unknown_B
#
# <colnr> <probs for GDERKNQSTAVLIFYWHMCP>
#	G	D	E	R	K	N	Q	S	T	A	V	L	I	F	Y	W	H	M	C	P
0	0.09100	0.01424	0.05646	0.01381	0.05421	0.07711	0.01096	0.17436	0.03952	0.02234	0.03759	0.01780	0.01267	0.01904	0.23276	0.00433	0.10458	0.00564	0.00404	0.00755
1	0.10537	0.05208	0.02163	0.09195	0.09729	0.04493	0.18431	0.10670	0.01566	0.12661	0.01467	0.06517	0.01178	0.00707	0.00648	0.00195	0.02737	0.00636	0.00428	0.00834
2	0.08792	0.01584	0.10284	0.10108	0.53542	0.01435	0.01794	0.01849	0.01335	0.02020	0.01113	0.01454	0.00906	0.00558	0.00583	0.00186	0.00732	0.00516	0.00302	0.00908
3	0.07673	0.06437	0.01583	0.08065	0.03563	0.05596	0.03916	0.14575	0.06293	0.07626	0.04117	0.02440	0.15274	0.00961	0.02588	0.00210	0.04478	0.00683	0.00475	0.03447
4	0.01104	0.00900	0.01008	0.09349	0.01376	0.06606	0.00754	0.03533	0.03915	0.03520	0.04337	0.21423	0.06924	0.23347	0.05171	0.00364	0.00622	0.04733	0.00459	0.00556
5	0.03948	0.06068	0.22656	0.11838	0.11763	0.01266	0.01449	0.03724	0.01258	0.01793	0.01571	0.15703	0.01545	0.07888	0.00910	0.00239	0.04546	0.00749	0.00349	0.00737

[dist]
# distance from previous block
# <min> <max>
2	24

[block]
# block no. 2 follows, 37 sequences, length 10
# corresponding to MSA columns:
# 1007-1016
name=unknown_C
#
# <colnr> <probs for GDERKNQSTAVLIFYWHMCP>
#	G	D	E	R	K	N	Q	S	T	A	V	L	I	F	Y	W	H	M	C	P
0	0.01728	0.16783	0.10691	0.06051	0.03667	0.21520	0.01209	0.13705	0.01627	0.01949	0.02929	0.01639	0.01128	0.09887	0.00847	0.00216	0.00799	0.00503	0.00361	0.02759
1	0.01800	0.27732	0.02151	0.01368	0.05714	0.19048	0.01083	0.14374	0.07696	0.02120	0.09873	0.01660	0.01524	0.00699	0.00538	0.00163	0.00709	0.00517	0.00417	0.00813
2	0.01992	0.15562	0.01902	0.01365	0.01758	0.49849	0.01077	0.02177	0.01567	0.01578	0.00956	0.01113	0.00809	0.00580	0.00507	0.00141	0.00909	0.00377	0.00315	0.15467
3	0.00789	0.00551	0.00697	0.00797	0.00822	0.00526	0.00509	0.00864	0.01087	0.01450	0.02940	0.55836	0.03501	0.24916	0.01482	0.00352	0.00427	0.01485	0.00509	0.00459
4	0.00852	0.00615	0.00805	0.00780	0.00911	0.00568	0.00576	0.01119	0.01666	0.02349	0.65907	0.13314	0.05570	0.01331	0.00729	0.00199	0.00297	0.01182	0.00661	0.00568
5	0.00723	0.00620	0.00620	0.00620	0.00827	0.00517	0.00465	0.00878	0.01395	0.01654	0.06201	0.05891	0.74421	0.01550	0.00723	0.00207	0.00310	0.01292	0.00568	0.00517
6	0.01936	0.03839	0.01882	0.14085	0.10915	0.09425	0.01304	0.37394	0.06079	0.02830	0.01368	0.01517	0.01022	0.00680	0.00594	0.00183	0.00726	0.00535	0.02771	0.00914
7	0.00890	0.00593	0.00668	0.00668	0.00668	0.00593	0.00371	0.00890	0.00890	0.01187	0.01929	0.04006	0.02225	0.78487	0.03116	0.00593	0.00593	0.00890	0.00371	0.00371
8	0.02141	0.10864	0.01928	0.01326	0.01792	0.01886	0.01106	0.57339	0.06577	0.03387	0.01472	0.01561	0.01105	0.03888	0.00689	0.00195	0.00657	0.00546	0.00561	0.00979
9	0.01621	0.65958	0.11749	0.01158	0.01716	0.06037	0.01199	0.01877	0.01274	0.01503	0.00885	0.01025	0.00784	0.00536	0.00423	0.00140	0.00707	0.00346	0.00264	0.00796

[dist]
# distance from previous block
# <min> <max>
1	3

[block]
# block no. 3 follows, 37 sequences, length 11
# corresponding to MSA columns:
# 1020-1030
name=unknown_D
#
# <colnr> <probs for GDERKNQSTAVLIFYWHMCP>
#	G	D	E	R	K	N	Q	S	T	A	V	L	I	F	Y	W	H	M	C	P
0	0.05497	0.01645	0.01700	0.01340	0.01794	0.04109	0.01095	0.57640	0.09702	0.03517	0.01727	0.01704	0.04165	0.00768	0.00607	0.00186	0.00645	0.00582	0.00593	0.00986
1	0.51240	0.13156	0.13737	0.01086	0.01586	0.01563	0.03722	0.04308	0.01193	0.02426	0.00929	0.01083	0.00723	0.00568	0.00436	0.00182	0.00600	0.00373	0.00347	0.00741
2	0.08024	0.01595	0.01689	0.01330	0.01791	0.01771	0.01090	0.55048	0.12933	0.06085	0.01606	0.01575	0.01150	0.00737	0.00597	0.00188	0.00626	0.00558	0.00602	0.01003
3	0.07786	0.48480	0.26241	0.01253	0.01888	0.02019	0.01409	0.01864	0.01244	0.01702	0.00931	0.01083	0.00773	0.00546	0.00452	0.00156	0.00721	0.00368	0.00270	0.00814
4	0.01834	0.01578	0.07321	0.01324	0.01746	0.01584	0.01144	0.42441	0.04276	0.03009	0.03545	0.05513	0.03494	0.00836	0.00759	0.00190	0.08898	0.00627	0.02217	0.07667
5	0.18368	0.17580	0.32679	0.01648	0.07756	0.01626	0.08592	0.01886	0.01253	0.02014	0.01016	0.01221	0.00784	0.00558	0.00517	0.00181	0.00764	0.00436	0.00293	0.00828
6	0.07408	0.12154	0.29135	0.01660	0.09274	0.13496	0.01555	0.03596	0.06250	0.01954	0.01273	0.01633	0.01042	0.00663	0.00555	0.00183	0.00789	0.04410	0.02140	0.00828
7	0.04490	0.03213	0.04408	0.03832	0.15969	0.03191	0.03192	0.18074	0.07418	0.04471	0.01352	0.01596	0.01073	0.00919	0.04308	0.00236	0.15543	0.00551	0.05313	0.00852
8	0.16714	0.05031	0.04517	0.20130	0.19710	0.01406	0.01331	0.06080	0.07740	0.02141	0.01380	0.07011	0.01177	0.00705	0.00564	0.00193	0.00643	0.00591	0.02144	0.00792
9	0.01430	0.01428	0.04226	0.16322	0.04495	0.06212	0.21080	0.08511	0.02748	0.03957	0.01933	0.04758	0.10273	0.00768	0.00687	0.00194	0.02989	0.00708	0.00392	0.06889
10	0.09814	0.15545	0.19131	0.01593	0.10258	0.01577	0.03694	0.07020	0.08561	0.02165	0.07609	0.01644	0.01364	0.00678	0.00618	0.00182	0.04363	0.00527	0.00380	0.03278

[dist]
# distance from previous block
# <min> <max>
55	102

[block]
# block no. 4 follows, 37 sequences, length 8
# corresponding to MSA columns:
# 1152-1159
name=unknown_E
#
# <colnr> <probs for GDERKNQSTAVLIFYWHMCP>
#	G	D	E	R	K	N	Q	S	T	A	V	L	I	F	Y	W	H	M	C	P
0	0.09682	0.25975	0.02031	0.01244	0.04667	0.14436	0.01004	0.11123	0.03263	0.02086	0.04362	0.01333	0.01087	0.00603	0.00487	0.00148	0.00664	0.00428	0.00375	0.15003
1	0.01882	0.05418	0.01887	0.04008	0.01902	0.13760	0.05965	0.29429	0.03990	0.03962	0.01472	0.04766	0.03049	0.00798	0.00796	0.00191	0.11341	0.00591	0.00457	0.04337
2	0.01637	0.04976	0.06912	0.13439	0.42059	0.09787	0.01683	0.04326	0.01466	0.06227	0.01188	0.01481	0.00942	0.00585	0.00591	0.00181	0.00776	0.00517	0.00333	0.00894
3	0.00802	0.00571	0.00763	0.00886	0.00945	0.00543	0.00632	0.00945	0.01232	0.01643	0.07463	0.57567	0.03966	0.05734	0.00908	0.00269	0.00400	0.13662	0.00564	0.00507
4	0.01221	0.02164	0.36627	0.01888	0.02539	0.01306	0.27097	0.01757	0.01326	0.01881	0.01545	0.14817	0.01401	0.00791	0.00667	0.00208	0.00854	0.00774	0.00331	0.00805
5	0.01615	0.25930	0.06070	0.04197	0.01749	0.04357	0.01161	0.16818	0.06765	0.02088	0.01460	0.06673	0.03492	0.00824	0.00799	0.00189	0.14031	0.00581	0.00396	0.00804
6	0.00830	0.00992	0.13724	0.01008	0.01195	0.00658	0.00864	0.01042	0.01193	0.01628	0.02977	0.64692	0.03478	0.01685	0.00746	0.00239	0.00451	0.01516	0.00514	0.00568
7	0.01257	0.01303	0.05938	0.50587	0.20566	0.01420	0.01748	0.01652	0.01248	0.01681	0.01084	0.01566	0.00849	0.00626	0.00704	0.00203	0.05992	0.00539	0.00278	0.00760

[dist]
# distance from previous block
# <min> <max>
0	2

[block]
# block no. 5 follows, 37 sequences, length 9
# corresponding to MSA columns:
# 1162-1170
name=unknown_F
#
# <colnr> <probs for GDERKNQSTAVLIFYWHMCP>
#	G	D	E	R	K	N	Q	S	T	A	V	L	I	F	Y	W	H	M	C	P
0	0.01249	0.01289	0.02355	0.01852	0.02127	0.01419	0.31718	0.01541	0.01209	0.01703	0.01578	0.19031	0.01600	0.01026	0.01175	0.00237	0.26947	0.00891	0.00355	0.00697
1	0.01516	0.01712	0.09999	0.07883	0.09970	0.01531	0.40849	0.12180	0.01609	0.02197	0.01305	0.03959	0.01023	0.00608	0.00675	0.00201	0.00900	0.00672	0.00353	0.00858
2	0.00729	0.00597	0.00644	0.00683	0.00843	0.00511	0.00493	0.00871	0.01335	0.01629	0.05441	0.25306	0.55496	0.01649	0.00739	0.00218	0.00322	0.01412	0.00568	0.00511
3	0.02432	0.06870	0.01582	0.01169	0.01608	0.10359	0.00955	0.02874	0.12174	0.50197	0.02133	0.01913	0.01425	0.00736	0.00593	0.00184	0.00597	0.00579	0.00648	0.00972
4	0.01538	0.00853	0.01279	0.03013	0.01446	0.00777	0.07703	0.01758	0.01457	0.27375	0.05882	0.29207	0.09170	0.01272	0.00709	0.00218	0.00494	0.04511	0.00606	0.00732
5	0.01212	0.01105	0.01912	0.52021	0.08087	0.01274	0.10246	0.01613	0.01271	0.01745	0.01243	0.01722	0.00949	0.00611	0.00598	0.00194	0.00760	0.00570	0.12167	0.00701
6	0.01305	0.02706	0.55730	0.02286	0.22017	0.01430	0.02159	0.01922	0.01320	0.01955	0.01113	0.01352	0.00828	0.00572	0.00588	0.00191	0.00857	0.00477	0.00270	0.00922
7	0.02066	0.02085	0.01872	0.06727	0.02113	0.30625	0.06444	0.26627	0.10987	0.02482	0.01350	0.01453	0.01022	0.00682	0.00598	0.00180	0.00854	0.00520	0.00452	0.00862
8	0.01265	0.02407	0.46522	0.01796	0.04694	0.01345	0.13817	0.01912	0.06467	0.01949	0.04776	0.01632	0.01149	0.00734	0.00750	0.06247	0.00833	0.00556	0.00315	0.00835

[dist]
# distance from previous block
# <min> <max>
26	77

[block]
# block no. 6 follows, 37 sequences, length 17
# corresponding to MSA columns:
# 1320-1336
name=unknown_G
#
# <colnr> <probs for GDERKNQSTAVLIFYWHMCP>
#	G	D	E	R	K	N	Q	S	T	A	V	L	I	F	Y	W	H	M	C	P
0	0.01290	0.01236	0.01346	0.01136	0.01431	0.09659	0.03939	0.04540	0.05374	0.01869	0.04492	0.10845	0.15383	0.00995	0.00819	0.00183	0.11949	0.00785	0.00437	0.22293
1	0.01720	0.14240	0.02179	0.14689	0.20230	0.19339	0.02632	0.09081	0.04428	0.01937	0.03181	0.01465	0.01048	0.00623	0.00566	0.00174	0.00798	0.00499	0.00348	0.00823
2	0.12315	0.06688	0.41302	0.01357	0.02048	0.01303	0.01569	0.01917	0.01305	0.09344	0.01451	0.01553	0.04727	0.00630	0.00540	0.00178	0.00711	0.00479	0.00353	0.10231
3	0.03228	0.01348	0.08938	0.24868	0.05130	0.01145	0.01249	0.05673	0.01349	0.01979	0.01108	0.01399	0.00869	0.00538	0.00529	0.00147	0.00635	0.00445	0.00336	0.39088
4	0.01777	0.29273	0.06593	0.01169	0.01659	0.13347	0.01055	0.08327	0.01552	0.09114	0.05030	0.01416	0.01167	0.00612	0.00500	0.00145	0.00673	0.00442	0.00391	0.15759
5	0.02737	0.01224	0.01681	0.21289	0.22415	0.06193	0.01327	0.04241	0.05176	0.01921	0.08463	0.10885	0.05732	0.00884	0.00682	0.00200	0.03026	0.00769	0.00403	0.00751
6	0.01529	0.10375	0.02568	0.03445	0.66244	0.01566	0.01783	0.01873	0.01377	0.01935	0.01117	0.01454	0.00948	0.00543	0.00581	0.00176	0.00719	0.00520	0.00298	0.00948
7	0.01298	0.01369	0.09203	0.60756	0.03792	0.01428	0.01694	0.09792	0.01421	0.01866	0.01133	0.01579	0.00838	0.00623	0.00609	0.00201	0.00808	0.00536	0.00310	0.00744
8	0.00827	0.00604	0.00795	0.00878	0.00977	0.00558	0.00638	0.00997	0.01303	0.01762	0.13968	0.50323	0.06004	0.01696	0.00763	0.00236	0.00380	0.11866	0.00573	0.04852
9	0.01567	0.01481	0.02511	0.07779	0.54912	0.01504	0.09929	0.08962	0.01538	0.02155	0.01190	0.01533	0.00963	0.00565	0.00620	0.00186	0.00762	0.00566	0.00333	0.00943
10	0.00934	0.00677	0.00886	0.02859	0.01072	0.00664	0.00663	0.01088	0.02715	0.02922	0.12337	0.33472	0.10243	0.03596	0.01046	0.09680	0.04138	0.04883	0.00511	0.05614
11	0.06825	0.13216	0.04043	0.01704	0.10265	0.16916	0.08336	0.18781	0.03941	0.02333	0.05100	0.01633	0.01238	0.00678	0.00575	0.00177	0.00766	0.02221	0.00413	0.00840
12	0.29225	0.02738	0.09696	0.01430	0.06543	0.01331	0.10161	0.05749	0.06214	0.09695	0.03256	0.03867	0.01171	0.00659	0.00539	0.00187	0.00618	0.00539	0.00429	0.05954
13	0.01817	0.09346	0.05117	0.01429	0.01894	0.02867	0.08700	0.35105	0.05907	0.02767	0.01531	0.01651	0.03749	0.00876	0.03856	0.00214	0.04799	0.00564	0.00474	0.07337
14	0.11776	0.06729	0.01457	0.01148	0.01427	0.07266	0.03886	0.07047	0.15252	0.04781	0.01633	0.04284	0.01391	0.07537	0.07024	0.00289	0.07310	0.00606	0.08421	0.00735
15	0.08332	0.03511	0.04016	0.01554	0.10084	0.02980	0.06738	0.20088	0.05837	0.08427	0.01653	0.09340	0.01423	0.04650	0.03060	0.00231	0.00664	0.00673	0.00477	0.06262
16	0.03315	0.03222	0.12127	0.05062	0.04876	0.09876	0.01188	0.13248	0.15648	0.03509	0.04917	0.04038	0.08758	0.00960	0.03102	0.00218	0.01859	0.00666	0.02594	0.00817

[dist]
# distance from previous block
# <min> <max>
106	386

[block]
# block no. 7 follows, 37 sequences, length 74
# corresponding to MSA columns:
# 1843-1916
name=unknown_H
#
# <colnr> <probs for GDERKNQSTAVLIFYWHMCP>
#	G	D	E	R	K	N	Q	S	T	A	V	L	I	F	Y	W	H	M	C	P
0	0.01720	0.39691	0.04500	0.04091	0.04163	0.10450	0.01143	0.08908	0.16085	0.01940	0.01278	0.01356	0.01036	0.00624	0.00499	0.00161	0.00688	0.00449	0.00376	0.00844
1	0.00861	0.00647	0.00855	0.01012	0.05182	0.00615	0.00688	0.01020	0.01255	0.01646	0.06619	0.34344	0.14552	0.12144	0.01091	0.00290	0.00442	0.15679	0.00530	0.00528
2	0.01228	0.01671	0.18243	0.01816	0.04289	0.02764	0.25084	0.01609	0.01258	0.01755	0.01612	0.17136	0.01584	0.05413	0.01013	0.00241	0.11362	0.00842	0.00349	0.00730
3	0.04548	0.01644	0.03141	0.01451	0.01932	0.01752	0.07163	0.57722	0.02530	0.03447	0.01434	0.01563	0.01060	0.03148	0.02526	0.00216	0.00718	0.00566	0.00554	0.02886
4	0.00756	0.00538	0.00712	0.00841	0.00879	0.00504	0.00560	0.00864	0.01178	0.01575	0.05631	0.72380	0.04024	0.05310	0.00883	0.00262	0.00364	0.01682	0.00563	0.00494
5	0.01096	0.02805	0.01176	0.01050	0.01236	0.00811	0.06763	0.01436	0.07814	0.06319	0.14465	0.22939	0.05283	0.12049	0.01064	0.00277	0.00495	0.11763	0.00544	0.00614
6	0.07813	0.03894	0.36305	0.09446	0.07845	0.09660	0.04063	0.02015	0.01355	0.08094	0.01168	0.01374	0.00855	0.00612	0.00613	0.00191	0.03053	0.00475	0.00323	0.00846
7	0.00937	0.04199	0.01153	0.01053	0.01238	0.00759	0.06809	0.01160	0.01341	0.01723	0.05392	0.21889	0.18668	0.03774	0.00837	0.00252	0.00499	0.27225	0.00528	0.00565
8	0.01228	0.03166	0.75316	0.01745	0.02649	0.01422	0.02262	0.01939	0.01292	0.01939	0.01099	0.01292	0.00775	0.00582	0.00582	0.00194	0.00905	0.00452	0.00258	0.00905
9	0.01251	0.07531	0.71158	0.01704	0.02587	0.01479	0.02192	0.01932	0.01290	0.01910	0.01084	0.01274	0.00776	0.00578	0.00571	0.00190	0.00890	0.00445	0.00259	0.00898
10	0.01327	0.01017	0.01180	0.01187	0.04696	0.03127	0.00841	0.23211	0.01729	0.02294	0.02577	0.44720	0.02825	0.03007	0.00764	0.00231	0.00504	0.03512	0.00558	0.00694
11	0.00994	0.00928	0.01570	0.01348	0.01546	0.00943	0.18407	0.01212	0.01238	0.01661	0.02886	0.39261	0.12344	0.01409	0.00922	0.00235	0.10759	0.01268	0.00464	0.00604
12	0.01583	0.68930	0.12664	0.01139	0.01712	0.02291	0.01207	0.01847	0.01250	0.01506	0.00883	0.01023	0.00784	0.00531	0.00418	0.00139	0.00687	0.00344	0.00261	0.00801
13	0.01454	0.01392	0.02374	0.16220	0.62684	0.01438	0.01848	0.01825	0.01365	0.01926	0.01141	0.01535	0.00943	0.00557	0.00607	0.00186	0.00742	0.00545	0.00298	0.00920
14	0.01307	0.09881	0.64403	0.01734	0.04559	0.03954	0.02107	0.01944	0.01305	0.01881	0.01073	0.01265	0.00782	0.00577	0.00564	0.00187	0.00884	0.00442	0.00262	0.00889
15	0.00746	0.00533	0.00710	0.00852	0.00888	0.00497	0.00568	0.00852	0.01172	0.01563	0.03374	0.78088	0.04049	0.01918	0.00781	0.00249	0.00355	0.01740	0.00568	0.00497
16	0.01247	0.05020	0.71114	0.01793	0.04978	0.01448	0.02218	0.01934	0.01294	0.01928	0.01094	0.01292	0.00782	0.00579	0.00578	0.00192	0.00893	0.00452	0.00260	0.00904
17	0.01299	0.18069	0.59067	0.01581	0.02390	0.01597	0.01977	0.01897	0.01295	0.01854	0.03003	0.01318	0.00911	0.00588	0.00548	0.00181	0.00839	0.00445	0.00270	0.00872
18	0.02746	0.01042	0.01421	0.01089	0.01563	0.00900	0.00900	0.02983	0.01752	0.75093	0.02415	0.02083	0.01515	0.00758	0.00616	0.00189	0.00521	0.00616	0.00758	0.01042
19	0.01445	0.01651	0.03612	0.02580	0.03199	0.01548	0.72446	0.01961	0.01445	0.01961	0.01238	0.01651	0.00929	0.00516	0.00722	0.00206	0.01032	0.00722	0.00310	0.00826
20	0.01307	0.05757	0.64767	0.01790	0.04123	0.01451	0.06215	0.01966	0.01315	0.04136	0.01138	0.01330	0.00811	0.00580	0.00584	0.00192	0.00887	0.00470	0.00278	0.00901
21	0.01203	0.01140	0.01737	0.16232	0.02070	0.01470	0.05807	0.01428	0.01063	0.01553	0.01232	0.07744	0.01185	0.01397	0.09828	0.00326	0.39976	0.00661	0.03299	0.00650
22	0.01196	0.01129	0.01908	0.68912	0.12009	0.01370	0.01720	0.01599	0.01243	0.01612	0.01095	0.01619	0.00833	0.00605	0.00611	0.00202	0.00806	0.00544	0.00275	0.00712
23	0.01205	0.01133	0.01818	0.53694	0.03398	0.01445	0.03042	0.01544	0.01164	0.01588	0.01071	0.01597	0.00854	0.00724	0.00935	0.00216	0.18895	0.00547	0.04457	0.00675
24	0.01304	0.01206	0.01909	0.12169	0.27996	0.01301	0.06298	0.03998	0.06462	0.01905	0.01917	0.10518	0.06315	0.00917	0.00804	0.00212	0.08651	0.04939	0.00390	0.00787
25	0.01135	0.00571	0.00573	0.00573	0.00712	0.00571	0.00427	0.01413	0.01274	0.02256	0.01995	0.02324	0.01585	0.02604	0.00493	0.00154	0.00293	0.00578	0.79904	0.00566
26	0.01228	0.03166	0.75316	0.01745	0.02649	0.01422	0.02262	0.01939	0.01292	0.01939	0.01099	0.01292	0.00775	0.00582	0.00582	0.00194	0.00905	0.00452	0.00258	0.00905
27	0.00867	0.00611	0.00709	0.00729	0.00884	0.00540	0.00529	0.01037	0.01386	0.05126	0.14558	0.26861	0.36214	0.01533	0.00719	0.00213	0.00329	0.01327	0.05281	0.00547
28	0.01231	0.02923	0.65900	0.08160	0.02807	0.01422	0.05336	0.01908	0.01293	0.01908	0.01104	0.01337	0.00786	0.00581	0.00590	0.00195	0.00903	0.00472	0.00262	0.00882
29	0.01228	0.03166	0.75316	0.01745	0.02649	0.01422	0.02262	0.01939	0.01292	0.01939	0.01099	0.01292	0.00775	0.00582	0.00582	0.00194	0.00905	0.00452	0.00258	0.00905
30	0.01144	0.01074	0.01807	0.64932	0.05862	0.01293	0.03920	0.01534	0.01254	0.01606	0.01479	0.02095	0.05181	0.00706	0.00632	0.00207	0.00781	0.03513	0.00303	0.00679
31	0.01927	0.02492	0.17018	0.01728	0.08100	0.39661	0.01429	0.02268	0.03715	0.07900	0.01218	0.03198	0.00976	0.00686	0.00657	0.00180	0.05208	0.00488	0.00353	0.00800
32	0.02746	0.01042	0.01421	0.01089	0.01563	0.00900	0.00900	0.02983	0.01752	0.75093	0.02415	0.02083	0.01515	0.00758	0.00616	0.00189	0.00521	0.00616	0.00758	0.01042
33	0.00805	0.00608	0.00842	0.07324	0.01185	0.00619	0.00682	0.00934	0.01158	0.01546	0.03043	0.66379	0.03602	0.04591	0.00893	0.00258	0.02922	0.01568	0.00526	0.00514
34	0.01468	0.01423	0.02348	0.17084	0.60016	0.03267	0.01829	0.01835	0.01371	0.01908	0.01135	0.01526	0.00937	0.00560	0.00606	0.00185	0.00753	0.00541	0.00298	0.00910
35	0.02294	0.01173	0.07589	0.01096	0.01556	0.00918	0.00966	0.04605	0.01730	0.54980	0.11480	0.02452	0.04652	0.00833	0.00630	0.00191	0.00521	0.00687	0.00694	0.00952
36	0.00874	0.00656	0.00984	0.00984	0.01093	0.00765	0.00765	0.01093	0.00984	0.01421	0.01640	0.02405	0.01530	0.04591	0.76062	0.00984	0.01640	0.00656	0.00328	0.00547
37	0.01167	0.01068	0.01749	0.68353	0.03874	0.01313	0.01593	0.04118	0.01281	0.01648	0.01279	0.07536	0.01074	0.00717	0.00625	0.00207	0.00775	0.00637	0.00307	0.00679
38	0.01432	0.01679	0.13623	0.11273	0.56060	0.01439	0.01918	0.01854	0.01360	0.01944	0.01136	0.01493	0.00923	0.00558	0.00603	0.00186	0.00764	0.00531	0.00293	0.00929
39	0.02701	0.01115	0.01466	0.01124	0.01599	0.01009	0.00929	0.10602	0.01875	0.67300	0.02312	0.02016	0.01463	0.00755	0.00615	0.00189	0.00538	0.00609	0.00742	0.01042
40	0.01437	0.01637	0.03566	0.04503	0.03225	0.01543	0.70618	0.01951	0.01439	0.01951	0.01235	0.01651	0.00926	0.00518	0.00720	0.00206	0.01026	0.00718	0.00309	0.00822
41	0.01141	0.01071	0.01783	0.70657	0.05899	0.01314	0.01634	0.01533	0.01238	0.01581	0.01385	0.01874	0.05064	0.00664	0.00618	0.00204	0.00784	0.00587	0.00290	0.00678
42	0.02557	0.01340	0.03620	0.01203	0.01682	0.04492	0.01010	0.18132	0.04009	0.52158	0.02108	0.01889	0.01368	0.00744	0.00611	0.00187	0.00590	0.00589	0.00688	0.01021
43	0.00769	0.00556	0.00731	0.00864	0.00909	0.00528	0.00580	0.00924	0.03347	0.01593	0.03347	0.75811	0.03983	0.01885	0.00777	0.00247	0.00359	0.01709	0.00570	0.00511
44	0.00814	0.00647	0.00801	0.07209	0.01168	0.00612	0.00646	0.00998	0.01345	0.01710	0.12569	0.21311	0.34578	0.05656	0.00866	0.00241	0.00398	0.07358	0.00544	0.00530
45	0.01300	0.12542	0.60094	0.01767	0.04876	0.01555	0.05818	0.01925	0.01298	0.01879	0.01077	0.01280	0.00791	0.00570	0.00566	0.00186	0.00874	0.00454	0.00263	0.00888
46	0.02587	0.01006	0.01370	0.01062	0.01508	0.00872	0.00872	0.02828	0.01750	0.68938	0.08510	0.02294	0.01876	0.00799	0.00625	0.00190	0.00501	0.00657	0.00751	0.01002
47	0.02287	0.02917	0.01735	0.01577	0.01892	0.76030	0.01183	0.02444	0.01735	0.01498	0.00946	0.01104	0.00788	0.00631	0.00552	0.00158	0.01104	0.00394	0.00315	0.00710
48	0.02187	0.06113	0.19005	0.01278	0.01846	0.01247	0.01257	0.11746	0.03430	0.40501	0.03932	0.01828	0.01365	0.00715	0.00597	0.00187	0.00632	0.00568	0.00587	0.00980
49	0.01214	0.01141	0.01873	0.65245	0.07653	0.01419	0.01668	0.03010	0.01242	0.01626	0.01075	0.01598	0.00828	0.00650	0.00730	0.00208	0.07295	0.00544	0.00280	0.00702
50	0.01141	0.00571	0.00571	0.00571	0.00713	0.00571	0.00428	0.01426	0.01284	0.02282	0.01997	0.02282	0.01569	0.00713	0.00428	0.00143	0.00285	0.00571	0.81886	0.00571
51	0.02005	0.10383	0.01650	0.03132	0.01650	0.03840	0.00980	0.11869	0.23247	0.26083	0.04413	0.04761	0.01662	0.00800	0.00599	0.00189	0.00559	0.00644	0.00603	0.00935
52	0.01324	0.12387	0.12333	0.01349	0.07194	0.07046	0.01124	0.05895	0.01402	0.03521	0.04697	0.10362	0.14835	0.03486	0.03876	0.00239	0.07021	0.00785	0.00410	0.00715
53	0.00861	0.00562	0.00751	0.00866	0.00927	0.00520	0.00587	0.00975	0.01205	0.05802	0.03319	0.73705	0.03903	0.01851	0.00772	0.00245	0.00365	0.01675	0.00579	0.00529
54	0.01051	0.00934	0.01204	0.12453	0.01646	0.07268	0.00959	0.01290	0.01082	0.01451	0.01471	0.02144	0.01337	0.03545	0.55953	0.00774	0.03923	0.00613	0.00317	0.00584
55	0.03720	0.01419	0.02017	0.35554	0.06255	0.06422	0.09151	0.13677	0.01548	0.04254	0.01165	0.01532	0.00887	0.00673	0.00764	0.00203	0.09073	0.00550	0.00355	0.00781
56	0.01459	0.01576	0.06117	0.19802	0.41354	0.06100	0.11025	0.01857	0.01379	0.01863	0.01133	0.01522	0.00909	0.00564	0.00618	0.00189	0.00819	0.00554	0.00295	0.00866
57	0.01186	0.01119	0.01891	0.70809	0.10186	0.01368	0.01715	0.01591	0.01238	0.01601	0.01093	0.01622	0.00829	0.00606	0.00611	0.00202	0.00808	0.00544	0.00275	0.00705
58	0.01228	0.03166	0.75316	0.01745	0.02649	0.01422	0.02262	0.01939	0.01292	0.01939	0.01099	0.01292	0.00775	0.00582	0.00582	0.00194	0.00905	0.00452	0.00258	0.00905
59	0.01002	0.00819	0.01196	0.02942	0.01330	0.00812	0.09220	0.02767	0.06276	0.03201	0.06864	0.33968	0.14109	0.07963	0.00976	0.00258	0.02809	0.02372	0.00518	0.00598
60	0.00903	0.00596	0.00728	0.00753	0.00841	0.00608	0.00528	0.01060	0.01105	0.01614	0.02541	0.16293	0.09280	0.20544	0.20463	0.00490	0.00719	0.00943	0.19492	0.00499
61	0.02191	0.01563	0.01703	0.01338	0.01783	0.01710	0.01092	0.60283	0.04958	0.07729	0.01719	0.08024	0.01350	0.00839	0.00627	0.00190	0.00632	0.00660	0.00617	0.00993
62	0.02547	0.01224	0.01462	0.01153	0.01597	0.05362	0.00938	0.12198	0.03515	0.56375	0.02248	0.05331	0.01531	0.00801	0.00619	0.00190	0.00567	0.00646	0.00701	0.00997
63	0.01407	0.04015	0.02706	0.17637	0.13024	0.03697	0.30724	0.01788	0.01301	0.01766	0.01095	0.01533	0.00880	0.00645	0.00905	0.00210	0.14988	0.00605	0.00292	0.00783
64	0.00825	0.00589	0.00738	0.00774	0.00840	0.00573	0.00520	0.00945	0.01177	0.01588	0.15118	0.27490	0.09450	0.26375	0.09835	0.00426	0.00558	0.01204	0.00497	0.00478
65	0.10275	0.01239	0.01971	0.38550	0.03042	0.01525	0.10584	0.01616	0.01154	0.01721	0.01004	0.01484	0.00810	0.00719	0.00979	0.00220	0.21580	0.00541	0.00288	0.00694
66	0.16101	0.01354	0.01450	0.01181	0.01587	0.01470	0.00957	0.35382	0.08555	0.14084	0.01764	0.08073	0.01391	0.00930	0.02774	0.00216	0.00600	0.00639	0.00583	0.00909
67	0.00817	0.00571	0.00726	0.00791	0.00829	0.00559	0.00515	0.00910	0.01106	0.01495	0.08746	0.39983	0.03360	0.28974	0.07410	0.00422	0.00532	0.01304	0.00489	0.00463
68	0.00881	0.00868	0.07086	0.00878	0.01109	0.00680	0.00760	0.01181	0.03961	0.01841	0.12582	0.11397	0.33103	0.01568	0.04075	0.00253	0.00470	0.13194	0.03530	0.00583
69	0.08102	0.00748	0.00939	0.00939	0.01141	0.00719	0.00758	0.01454	0.01459	0.12965	0.17549	0.15432	0.09570	0.01388	0.00727	0.00231	0.00442	0.24205	0.00600	0.00633
70	0.03600	0.16555	0.23678	0.14562	0.04615	0.13738	0.01562	0.05153	0.05849	0.01845	0.01117	0.01332	0.00869	0.00616	0.00579	0.00180	0.02568	0.00456	0.00313	0.00813
71	0.03438	0.27023	0.05558	0.01406	0.01845	0.27051	0.07165	0.07516	0.03263	0.03999	0.01206	0.05642	0.01051	0.00674	0.00534	0.00165	0.00823	0.00505	0.00354	0.00781
72	0.01918	0.01462	0.01609	0.01256	0.01712	0.01550	0.01024	0.45954	0.08747	0.03158	0.01499	0.01582	0.01130	0.01013	0.06974	0.00235	0.00694	0.00535	0.00539	0.17411
73	0.08612	0.01707	0.01653	0.09698	0.02003	0.13942	0.01138	0.39324	0.03591	0.02926	0.01326	0.01454	0.00988	0.00701	0.00612	0.00182	0.02937	0.00510	0.05822	0.00873

[dist]
# distance from previous block
# <min> <max>
0	9

[block]
# block no. 8 follows, 37 sequences, length 7
# corresponding to MSA columns:
# 1926-1932
name=unknown_I
#
# <colnr> <probs for GDERKNQSTAVLIFYWHMCP>
#	G	D	E	R	K	N	Q	S	T	A	V	L	I	F	Y	W	H	M	C	P
0	0.01011	0.00727	0.00895	0.00930	0.01042	0.00728	0.00663	0.11611	0.01449	0.01940	0.06956	0.53546	0.03535	0.07409	0.00930	0.00263	0.00427	0.04795	0.00566	0.00577
1	0.04911	0.00780	0.00916	0.00888	0.01063	0.00774	0.00659	0.08428	0.03827	0.06318	0.15824	0.26924	0.11772	0.08964	0.00946	0.00255	0.00425	0.05135	0.00576	0.00615
2	0.03799	0.00919	0.04153	0.02794	0.01436	0.00839	0.13886	0.03125	0.01127	0.01566	0.01885	0.05586	0.10088	0.01553	0.03079	0.37912	0.00623	0.00707	0.04425	0.00498
3	0.01785	0.01367	0.01553	0.08282	0.01879	0.01415	0.01021	0.36937	0.05098	0.02927	0.01410	0.01527	0.01059	0.00645	0.00552	0.00157	0.00585	0.00504	0.07044	0.24254
4	0.01966	0.01573	0.01580	0.01306	0.01683	0.08556	0.01038	0.47734	0.06930	0.03109	0.01854	0.16329	0.01652	0.00960	0.00640	0.00195	0.00640	0.00776	0.00577	0.00900
5	0.10981	0.04110	0.01556	0.20988	0.06647	0.09074	0.01143	0.11395	0.09390	0.02188	0.07182	0.02077	0.04781	0.05102	0.00726	0.00212	0.00663	0.00610	0.00425	0.00750
6	0.04326	0.03509	0.08752	0.03524	0.05641	0.03790	0.17111	0.03161	0.01265	0.01732	0.02012	0.05964	0.12575	0.03218	0.01107	0.10894	0.09662	0.00738	0.00356	0.00663

[dist]
# distance from previous block
# <min> <max>
79	423

[block]
# block no. 9 follows, 37 sequences, length 23
# corresponding to MSA columns:
# 2372-2394
name=unknown_J
#
# <colnr> <probs for GDERKNQSTAVLIFYWHMCP>
#	G	D	E	R	K	N	Q	S	T	A	V	L	I	F	Y	W	H	M	C	P
0	0.05290	0.15443	0.09811	0.06474	0.04916	0.01667	0.39602	0.04385	0.01408	0.01949	0.01132	0.01449	0.00875	0.00539	0.00615	0.00187	0.00880	0.00580	0.00309	0.02488
1	0.01703	0.48109	0.05714	0.01650	0.13389	0.14487	0.03768	0.01951	0.01359	0.01577	0.00938	0.01123	0.00820	0.00547	0.00472	0.00149	0.00764	0.00392	0.00279	0.00808
2	0.01811	0.07681	0.01638	0.01181	0.01588	0.01465	0.00972	0.36386	0.02014	0.06901	0.01470	0.01711	0.01167	0.04184	0.15532	0.00339	0.00820	0.00543	0.00493	0.12102
3	0.01019	0.03766	0.23823	0.01140	0.01495	0.00884	0.01130	0.01339	0.01254	0.04759	0.05530	0.36286	0.05945	0.01590	0.06883	0.00282	0.00641	0.01117	0.00456	0.00662
4	0.01026	0.15998	0.04778	0.02568	0.01222	0.01028	0.00788	0.01318	0.07411	0.01620	0.02566	0.46958	0.02896	0.05965	0.00816	0.00239	0.00474	0.01239	0.00481	0.00610
5	0.00758	0.00560	0.00742	0.03519	0.01000	0.00529	0.00599	0.00880	0.01195	0.01571	0.03557	0.68660	0.10493	0.01837	0.00770	0.00243	0.00367	0.01656	0.00558	0.00505
6	0.01470	0.02827	0.63524	0.01640	0.02476	0.01338	0.02044	0.02105	0.01366	0.13612	0.01309	0.01419	0.00893	0.00610	0.00587	0.00193	0.00843	0.00478	0.00338	0.00927
7	0.02323	0.01261	0.06962	0.04463	0.04652	0.01079	0.01084	0.02845	0.13140	0.52101	0.02224	0.02015	0.01466	0.00742	0.00614	0.00193	0.00564	0.00610	0.00661	0.01002
8	0.01975	0.01402	0.01770	0.01806	0.17319	0.01487	0.01221	0.31023	0.10999	0.13937	0.01757	0.01958	0.01334	0.00977	0.05059	0.00238	0.00690	0.03528	0.00551	0.00968
9	0.00840	0.00661	0.00896	0.00973	0.01003	0.00717	0.00691	0.00951	0.01135	0.01548	0.02964	0.65841	0.03531	0.01783	0.00977	0.00252	0.12644	0.01548	0.00520	0.00525
10	0.01202	0.01178	0.02119	0.65139	0.04054	0.01390	0.12989	0.01627	0.01259	0.01627	0.01112	0.01635	0.00834	0.00597	0.00630	0.00204	0.00850	0.00572	0.00278	0.00703
11	0.15170	0.01630	0.01687	0.01312	0.01784	0.01815	0.01084	0.61326	0.02585	0.03680	0.01371	0.01394	0.00981	0.00708	0.00575	0.00185	0.00642	0.00516	0.00575	0.00981
12	0.01270	0.01682	0.20333	0.12255	0.25577	0.01291	0.04285	0.01826	0.08412	0.01910	0.01619	0.13774	0.01479	0.00809	0.00635	0.00202	0.00712	0.00734	0.00362	0.00834
13	0.00746	0.00533	0.00710	0.00852	0.00888	0.00497	0.00568	0.00852	0.01172	0.01563	0.03374	0.78088	0.04049	0.01918	0.00781	0.00249	0.00355	0.01740	0.00568	0.00497
14	0.01095	0.00781	0.00901	0.00824	0.00962	0.00788	0.00578	0.12419	0.01517	0.02060	0.25153	0.07306	0.07492	0.33518	0.01708	0.00362	0.00482	0.00968	0.00526	0.00558
15	0.02020	0.03570	0.29969	0.01488	0.03673	0.01274	0.04174	0.09860	0.01665	0.33606	0.01705	0.01663	0.01132	0.00669	0.00601	0.00190	0.00711	0.00543	0.00514	0.00974
16	0.01212	0.01149	0.01922	0.64208	0.09462	0.01391	0.03827	0.01669	0.04281	0.01650	0.01150	0.01644	0.00875	0.00623	0.00647	0.00204	0.02521	0.00556	0.00290	0.00719
17	0.00790	0.00585	0.00739	0.04288	0.00987	0.00560	0.00564	0.00897	0.01153	0.01501	0.03428	0.48090	0.14761	0.17255	0.01235	0.00309	0.00417	0.01442	0.00515	0.00483
18	0.57425	0.01187	0.01006	0.00950	0.02754	0.04746	0.00730	0.05062	0.01216	0.05265	0.01353	0.13376	0.01265	0.00801	0.00476	0.00197	0.00501	0.00585	0.00430	0.00677
19	0.01197	0.01104	0.05734	0.07339	0.08220	0.01047	0.04489	0.01804	0.15403	0.03409	0.07095	0.05349	0.05859	0.01170	0.00723	0.00232	0.00592	0.28000	0.00510	0.00727
20	0.06342	0.01646	0.01967	0.30946	0.26284	0.19093	0.01574	0.01888	0.01389	0.01759	0.01061	0.01431	0.00850	0.00592	0.00582	0.00185	0.00835	0.00496	0.00299	0.00780
21	0.14784	0.03280	0.03163	0.01164	0.01581	0.07452	0.00953	0.14521	0.22298	0.11407	0.03214	0.01802	0.03038	0.00725	0.00558	0.00181	0.00573	0.00555	0.00533	0.08219
22	0.01242	0.01161	0.08864	0.01152	0.03785	0.01022	0.00945	0.16678	0.01669	0.02311	0.16670	0.17899	0.07448	0.03916	0.04616	0.00258	0.03456	0.02027	0.04180	0.00700

[dist]
# distance from previous block
# <min> <max>
66	429

[block]
# block no. 10 follows, 37 sequences, length 23
# corresponding to MSA columns:
# 2829-2851
name=unknown_K
#
# <colnr> <probs for GDERKNQSTAVLIFYWHMCP>
#	G	D	E	R	K	N	Q	S	T	A	V	L	I	F	Y	W	H	M	C	P
0	0.01883	0.05525	0.01590	0.01254	0.01626	0.14105	0.00993	0.25090	0.16004	0.07065	0.01719	0.05808	0.01411	0.05227	0.03180	0.00229	0.00697	0.00619	0.00516	0.05461
1	0.01429	0.01185	0.01389	0.03034	0.01529	0.04302	0.04682	0.19907	0.09827	0.02440	0.13813	0.09483	0.09202	0.04203	0.02347	0.00231	0.03505	0.02808	0.00538	0.04144
2	0.01032	0.00710	0.00854	0.00835	0.00995	0.00679	0.00604	0.04093	0.05940	0.06036	0.20257	0.27596	0.13659	0.08191	0.00919	0.00244	0.00384	0.01206	0.03356	0.02410
3	0.01476	0.06969	0.07656	0.01048	0.01410	0.04226	0.00901	0.13048	0.03952	0.09511	0.06858	0.04822	0.12350	0.11010	0.04599	0.00270	0.00619	0.00739	0.00488	0.08047
4	0.01144	0.00826	0.00918	0.00887	0.01035	0.02930	0.00634	0.12256	0.01500	0.03475	0.10433	0.30855	0.07829	0.15138	0.01125	0.00280	0.00457	0.01157	0.06530	0.00592
5	0.01574	0.01191	0.01418	0.01074	0.01558	0.01062	0.02679	0.15815	0.04557	0.08202	0.01500	0.07116	0.01254	0.00659	0.00536	0.00136	0.00511	0.00545	0.00468	0.48144
6	0.10591	0.01490	0.05412	0.01196	0.01662	0.03208	0.01015	0.32917	0.03585	0.07912	0.01407	0.01544	0.01066	0.02786	0.05537	0.00229	0.00678	0.00504	0.00499	0.16760
7	0.01684	0.01352	0.01434	0.01139	0.01554	0.05188	0.00903	0.31919	0.01982	0.02713	0.04605	0.11356	0.01591	0.02502	0.00638	0.00169	0.00566	0.00663	0.00507	0.27535
8	0.08994	0.05694	0.01003	0.00802	0.01064	0.00828	0.00630	0.01485	0.04370	0.12747	0.17304	0.08336	0.30129	0.03081	0.00711	0.00207	0.00391	0.00997	0.00576	0.00650
9	0.00978	0.00669	0.00833	0.00830	0.00969	0.00601	0.00576	0.01106	0.01188	0.05500	0.05544	0.37183	0.05088	0.19825	0.01278	0.00302	0.00440	0.04027	0.00505	0.12556
10	0.05604	0.01323	0.02100	0.34920	0.13556	0.04456	0.12413	0.03674	0.01310	0.01803	0.01193	0.05134	0.01004	0.00695	0.00756	0.00206	0.08186	0.00610	0.00313	0.00745
11	0.04250	0.01711	0.01548	0.01282	0.01662	0.16377	0.01019	0.41200	0.03921	0.02919	0.01939	0.06745	0.07796	0.00860	0.00608	0.00184	0.00681	0.00660	0.03776	0.00862
12	0.02094	0.00990	0.01266	0.01046	0.01411	0.00935	0.00832	0.02591	0.14620	0.45471	0.12319	0.06757	0.02328	0.03549	0.00726	0.00210	0.00476	0.00769	0.00698	0.00912
13	0.01220	0.00739	0.00881	0.00829	0.00974	0.00718	0.00587	0.06673	0.01337	0.11161	0.07583	0.13423	0.08689	0.33088	0.01690	0.00368	0.00500	0.05199	0.03770	0.00571
14	0.19894	0.01304	0.01663	0.12843	0.08946	0.04247	0.07796	0.14752	0.01551	0.02374	0.03698	0.04291	0.01279	0.01002	0.06072	0.00251	0.00741	0.03417	0.00409	0.03470
15	0.01355	0.01292	0.04794	0.01570	0.04866	0.01553	0.03116	0.05287	0.01138	0.04646	0.01173	0.04124	0.01088	0.01617	0.14446	0.00374	0.45925	0.00602	0.00329	0.00705
16	0.01095	0.00707	0.00928	0.00949	0.01097	0.00689	0.00743	0.01286	0.01366	0.10505	0.09575	0.25828	0.14017	0.04072	0.00907	0.00252	0.04528	0.20287	0.00576	0.00595
17	0.01528	0.01476	0.02289	0.11048	0.57390	0.05587	0.01748	0.04725	0.01439	0.01979	0.01166	0.01538	0.00969	0.00726	0.03618	0.00215	0.00792	0.00541	0.00314	0.00911
18	0.06668	0.05095	0.04308	0.02995	0.01346	0.02144	0.03779	0.03499	0.05310	0.05945	0.28510	0.07370	0.03143	0.06783	0.00899	0.03601	0.00491	0.03621	0.00521	0.03970
19	0.01185	0.01037	0.04841	0.01180	0.06623	0.02259	0.00892	0.03933	0.10569	0.05372	0.16094	0.09435	0.16509	0.01158	0.00680	0.00202	0.00471	0.09556	0.00547	0.07457
20	0.08093	0.06173	0.05197	0.05214	0.01438	0.01135	0.00856	0.13709	0.01464	0.04819	0.03522	0.10883	0.07087	0.17151	0.01155	0.00273	0.02715	0.00773	0.02453	0.05890
21	0.01480	0.01263	0.05309	0.01109	0.01551	0.01109	0.02505	0.16058	0.04644	0.05410	0.05790	0.06596	0.04406	0.00760	0.00622	0.00156	0.03683	0.00616	0.02740	0.34192
22	0.16569	0.05524	0.05384	0.01236	0.09341	0.03207	0.00891	0.07368	0.01404	0.04535	0.11697	0.04464	0.09722	0.11600	0.01002	0.03670	0.00545	0.00718	0.00446	0.00674

[dist]
# distance from previous block
# <min> <max>
10	68

[block]
# block no. 11 follows, 37 sequences, length 9
# corresponding to MSA columns:
# 2920-2928
name=unknown_L
#
# <colnr> <probs for GDERKNQSTAVLIFYWHMCP>
#	G	D	E	R	K	N	Q	S	T	A	V	L	I	F	Y	W	H	M	C	P
0	0.01668	0.01351	0.04662	0.03826	0.01632	0.03817	0.01014	0.27361	0.06022	0.07460	0.17540	0.02450	0.04753	0.03052	0.02731	0.00222	0.05412	0.00705	0.00553	0.03769
1	0.10194	0.24398	0.06009	0.03246	0.01637	0.06102	0.01057	0.07257	0.12413	0.05198	0.01412	0.01669	0.01164	0.01207	0.10771	0.00285	0.02425	0.02369	0.00398	0.00789
2	0.01394	0.10328	0.33652	0.05347	0.12310	0.01425	0.01669	0.01900	0.03417	0.07334	0.09533	0.01769	0.01462	0.00696	0.00668	0.00190	0.05139	0.00554	0.00361	0.00852
3	0.06166	0.00994	0.01157	0.10248	0.05728	0.03672	0.00872	0.09084	0.04229	0.04399	0.11708	0.07127	0.19225	0.04455	0.00751	0.00215	0.00506	0.03344	0.05447	0.00673
4	0.01202	0.06347	0.06891	0.04890	0.08232	0.01155	0.15047	0.01541	0.01380	0.01926	0.13636	0.07726	0.05280	0.00875	0.00706	0.00188	0.04272	0.04785	0.00411	0.13510
5	0.01317	0.05500	0.01606	0.02584	0.03826	0.01051	0.10724	0.06164	0.01353	0.04646	0.03924	0.11509	0.01628	0.04645	0.02359	0.06289	0.03354	0.00707	0.07237	0.19579
6	0.10275	0.15158	0.05105	0.07679	0.06066	0.06476	0.01155	0.25621	0.01829	0.05057	0.01407	0.01542	0.03336	0.00787	0.02788	0.00199	0.00700	0.00504	0.03471	0.00846
7	0.09375	0.03516	0.01231	0.01153	0.04765	0.09932	0.00863	0.10386	0.01603	0.04369	0.14176	0.09063	0.11360	0.01350	0.05990	0.00257	0.00626	0.08795	0.00509	0.00681
8	0.01239	0.00873	0.01134	0.01006	0.01221	0.00864	0.05131	0.10290	0.06094	0.07246	0.11943	0.16791	0.13738	0.10470	0.01120	0.06558	0.00489	0.02616	0.00541	0.00637

[dist]
# distance from previous block
# <min> <max>
7	17

[block]
# block no. 12 follows, 37 sequences, length 47
# corresponding to MSA columns:
# 2946-2992
name=unknown_M
#
# <colnr> <probs for GDERKNQSTAVLIFYWHMCP>
#	G	D	E	R	K	N	Q	S	T	A	V	L	I	F	Y	W	H	M	C	P
0	0.05558	0.13473	0.19933	0.06628	0.12559	0.04673	0.05050	0.10059	0.04578	0.02097	0.01217	0.01500	0.00974	0.04009	0.00663	0.00195	0.00742	0.00499	0.02292	0.03300
1	0.01272	0.08453	0.03167	0.07004	0.11726	0.01136	0.01048	0.09497	0.03097	0.03719	0.11512	0.08065	0.13046	0.02913	0.00725	0.00214	0.00548	0.11648	0.00491	0.00717
2	0.35722	0.21952	0.01778	0.07891	0.01682	0.01687	0.00958	0.08870	0.01347	0.08221	0.01059	0.01199	0.00822	0.00614	0.00517	0.00178	0.03946	0.00403	0.00387	0.00766
3	0.01831	0.05295	0.01628	0.01344	0.05447	0.05356	0.01024	0.39309	0.05089	0.02862	0.01815	0.05674	0.04561	0.05576	0.02830	0.00229	0.00656	0.02199	0.03660	0.03618
4	0.01329	0.14884	0.01527	0.01060	0.01311	0.03317	0.00866	0.12782	0.01367	0.03561	0.01491	0.02071	0.01347	0.08342	0.41284	0.00633	0.01192	0.00589	0.00375	0.00672
5	0.06913	0.01213	0.04479	0.01162	0.01488	0.01245	0.00967	0.08387	0.34034	0.06513	0.02547	0.05255	0.05378	0.03641	0.00739	0.00231	0.00527	0.13883	0.00574	0.00825
6	0.01448	0.02913	0.01065	0.00899	0.01118	0.06200	0.00698	0.09078	0.02828	0.07256	0.10846	0.02233	0.01859	0.00945	0.00802	0.09450	0.03869	0.00610	0.32476	0.03407
7	0.04059	0.18211	0.02094	0.01458	0.03892	0.23169	0.03292	0.20831	0.04547	0.02210	0.01156	0.01318	0.00935	0.00835	0.03852	0.00207	0.06250	0.00467	0.00393	0.00824
8	0.03163	0.01041	0.01285	0.05612	0.01488	0.01137	0.00900	0.15807	0.01550	0.05389	0.06824	0.17874	0.07023	0.04802	0.03527	0.00251	0.12555	0.00879	0.00487	0.08407
9	0.08320	0.02954	0.03176	0.01451	0.12149	0.01088	0.01028	0.05599	0.04684	0.39535	0.05779	0.06468	0.03407	0.00815	0.00608	0.00192	0.00538	0.00679	0.00607	0.00923
10	0.00785	0.00624	0.00706	0.00701	0.00879	0.00546	0.00531	0.00989	0.01503	0.01927	0.28757	0.07444	0.46164	0.01467	0.00730	0.00207	0.00316	0.04582	0.00603	0.00539
11	0.01714	0.69775	0.03032	0.01111	0.01610	0.11224	0.01064	0.01906	0.01302	0.01447	0.00862	0.00997	0.00786	0.00537	0.00412	0.00134	0.00708	0.00335	0.00268	0.00776
12	0.01269	0.01088	0.01269	0.00907	0.01451	0.00816	0.00725	0.01541	0.01269	0.01995	0.01088	0.01269	0.00907	0.00453	0.00453	0.00091	0.00453	0.00363	0.00363	0.82229
13	0.01069	0.00775	0.00910	0.00858	0.00917	0.00839	0.00571	0.08777	0.01149	0.01555	0.01969	0.13352	0.02210	0.52783	0.02431	0.00473	0.07525	0.00934	0.00414	0.00488
14	0.01109	0.00642	0.01000	0.04741	0.07654	0.00655	0.00710	0.00932	0.00872	0.01172	0.01072	0.01818	0.01043	0.01910	0.02145	0.70808	0.00563	0.00533	0.00269	0.00350
15	0.01269	0.01088	0.01269	0.00907	0.01451	0.00816	0.00725	0.01541	0.01269	0.01995	0.01088	0.01269	0.00907	0.00453	0.00453	0.00091	0.00453	0.00363	0.00363	0.82229
16	0.00794	0.00554	0.00702	0.00794	0.00823	0.00529	0.00509	0.00875	0.01108	0.01483	0.05605	0.53066	0.03566	0.24901	0.01480	0.00350	0.00424	0.01461	0.00513	0.00462
