[name]
unknown

[dist]
# distance from previous block
# <min> <max>
1	92

[block]
# block no. 0 follows, 42 sequences, length 24
# corresponding to MSA columns:
# 104-127
name=unknown_A
#
# <colnr> <probs for GDERKNQSTAVLIFYWHMCP>
#	G	D	E	R	K	N	Q	S	T	A	V	L	I	F	Y	W	H	M	C	P
0	0.02698	0.00575	0.00726	0.00740	0.00793	0.00582	0.00499	0.00941	0.01009	0.03472	0.10014	0.24995	0.02613	0.27507	0.05868	0.09341	0.03041	0.00977	0.03179	0.00431
1	0.00837	0.00628	0.03133	0.02438	0.00894	0.00570	0.00551	0.00961	0.01041	0.03487	0.05913	0.31312	0.05842	0.25985	0.08314	0.00373	0.00521	0.01066	0.05670	0.00463
2	0.01239	0.03274	0.00998	0.00866	0.01015	0.00808	0.00652	0.08259	0.01235	0.11818	0.05903	0.14064	0.02031	0.16613	0.04250	0.11039	0.04971	0.04854	0.05557	0.00553
3	0.01355	0.00727	0.00939	0.02336	0.01068	0.00714	0.00647	0.06737	0.03662	0.18034	0.11364	0.09231	0.02100	0.06857	0.01143	0.20254	0.00443	0.04124	0.07687	0.00577
4	0.01085	0.04158	0.00996	0.00885	0.03414	0.00720	0.00643	0.02845	0.03347	0.09272	0.19970	0.19190	0.08521	0.07047	0.00818	0.02117	0.00394	0.03264	0.00502	0.10812
5	0.06404	0.10730	0.01332	0.00944	0.01242	0.01028	0.02153	0.04889	0.03681	0.20612	0.11598	0.09218	0.06409	0.03758	0.00712	0.00190	0.04587	0.04113	0.00499	0.05901
6	0.06799	0.00917	0.01017	0.00984	0.03511	0.03297	0.00726	0.13605	0.08937	0.02152	0.19609	0.15069	0.08506	0.03289	0.00746	0.03561	0.00435	0.05701	0.00514	0.00625
7	0.03446	0.00773	0.00968	0.03242	0.01157	0.00760	0.00679	0.01711	0.12668	0.18076	0.38637	0.08194	0.05367	0.01008	0.00621	0.00182	0.00362	0.00872	0.00602	0.00674
8	0.11988	0.01198	0.08650	0.04017	0.01508	0.01070	0.00941	0.09599	0.02872	0.18254	0.01550	0.10580	0.01306	0.02350	0.02389	0.00197	0.07277	0.00595	0.00445	0.13216
9	0.10133	0.06442	0.01430	0.01023	0.01446	0.01137	0.00854	0.16938	0.01723	0.47724	0.04216	0.01713	0.01313	0.00676	0.00534	0.00170	0.00504	0.00526	0.00603	0.00895
10	0.15512	0.07100	0.01438	0.01093	0.01463	0.01424	0.00910	0.31605	0.11814	0.08663	0.01639	0.03776	0.01346	0.00776	0.00542	0.00181	0.00534	0.08865	0.00509	0.00811
11	0.04905	0.56045	0.04773	0.00954	0.01359	0.01777	0.00929	0.01537	0.01157	0.01448	0.01401	0.02047	0.04979	0.03176	0.00522	0.00162	0.00572	0.11288	0.00304	0.00666
12	0.06469	0.01347	0.01453	0.01121	0.01557	0.01403	0.00914	0.47060	0.04107	0.02934	0.01332	0.04686	0.01046	0.00651	0.00521	0.00151	0.00541	0.00502	0.00492	0.21714
13	0.00798	0.00607	0.00773	0.00797	0.00916	0.00548	0.00555	0.00924	0.01090	0.01514	0.04840	0.56893	0.03075	0.05931	0.00809	0.00219	0.02172	0.01279	0.00474	0.15788
14	0.00686	0.00490	0.00653	0.00784	0.00816	0.00457	0.00522	0.00784	0.01077	0.01437	0.03102	0.79855	0.03722	0.01763	0.00718	0.00229	0.00326	0.01600	0.00522	0.00457
15	0.02139	0.01576	0.01689	0.01295	0.01745	0.01745	0.01070	0.74835	0.02646	0.03547	0.01351	0.01351	0.00957	0.00676	0.00563	0.00169	0.00619	0.00507	0.00563	0.00957
16	0.01167	0.01000	0.01167	0.00834	0.01334	0.00750	0.00667	0.01417	0.01167	0.01834	0.01000	0.01167	0.00834	0.00417	0.00417	0.00083	0.00417	0.00333	0.00333	0.83663
17	0.01393	0.01337	0.02284	0.03454	0.76712	0.01337	0.01727	0.01727	0.01281	0.01839	0.01059	0.01393	0.00891	0.00501	0.00557	0.00167	0.00669	0.00501	0.00279	0.00891
18	0.84197	0.01088	0.00827	0.00740	0.01088	0.01262	0.00609	0.01654	0.00958	0.02525	0.00784	0.00914	0.00609	0.00522	0.00348	0.00174	0.00435	0.00305	0.00348	0.00609
19	0.00781	0.00566	0.00736	0.00712	0.00836	0.00522	0.00527	0.01025	0.01530	0.02149	0.66648	0.12090	0.07319	0.01222	0.00669	0.00183	0.00272	0.01083	0.00606	0.00522
20	0.02104	0.02630	0.01599	0.01442	0.01740	0.74363	0.01087	0.05676	0.01644	0.01480	0.00893	0.01031	0.00736	0.00584	0.00510	0.00146	0.00996	0.00369	0.00303	0.00667
21	0.00852	0.00673	0.00902	0.00897	0.00994	0.03475	0.00683	0.01032	0.00921	0.01289	0.01510	0.02307	0.01443	0.11291	0.68078	0.00843	0.01398	0.00615	0.00305	0.00493
22	0.01129	0.02911	0.77306	0.01604	0.02436	0.01307	0.02079	0.01782	0.01188	0.01782	0.01010	0.01188	0.00713	0.00535	0.00535	0.00178	0.00832	0.00416	0.00238	0.00832
23	0.00856	0.00588	0.00771	0.00718	0.00861	0.00541	0.00541	0.01120	0.01594	0.04845	0.73849	0.04125	0.05175	0.01135	0.00660	0.00177	0.00273	0.01002	0.00622	0.00546

[dist]
# distance from previous block
# <min> <max>
0	1

[block]
# block no. 1 follows, 42 sequences, length 12
# corresponding to MSA columns:
# 129-140
name=unknown_B
#
# <colnr> <probs for GDERKNQSTAVLIFYWHMCP>
#	G	D	E	R	K	N	Q	S	T	A	V	L	I	F	Y	W	H	M	C	P
0	0.02344	0.00956	0.01273	0.00996	0.01406	0.00855	0.00816	0.02669	0.07262	0.67291	0.06298	0.02055	0.01633	0.00727	0.00572	0.00176	0.00465	0.00596	0.00683	0.00929
1	0.02463	0.00972	0.01304	0.01009	0.01438	0.00859	0.00831	0.02756	0.05694	0.72981	0.02224	0.01926	0.01411	0.00700	0.00566	0.00175	0.00477	0.00570	0.00690	0.00954
2	0.00686	0.00490	0.00653	0.00784	0.00816	0.00457	0.00522	0.00784	0.01077	0.01437	0.03102	0.79855	0.03722	0.01763	0.00718	0.00229	0.00326	0.01600	0.00522	0.00457
3	0.00907	0.00648	0.00907	0.01036	0.01166	0.00648	0.00907	0.01166	0.01296	0.01684	0.02980	0.06348	0.03239	0.01555	0.00777	0.00259	0.00518	0.72924	0.00518	0.00518
4	0.06699	0.01372	0.01532	0.01181	0.01621	0.01456	0.00975	0.50195	0.02258	0.24584	0.01570	0.01489	0.01063	0.00673	0.00552	0.00171	0.00569	0.00513	0.00590	0.00938
5	0.00815	0.00585	0.00785	0.00819	0.00937	0.00556	0.00645	0.01054	0.01429	0.01965	0.43567	0.15589	0.04452	0.01361	0.00706	0.00209	0.00351	0.23083	0.00575	0.00517
6	0.01393	0.01337	0.02284	0.03454	0.76712	0.01337	0.01727	0.01727	0.01281	0.01839	0.01059	0.01393	0.00891	0.00501	0.00557	0.00167	0.00669	0.00501	0.00279	0.00891
7	0.01882	0.01724	0.01643	0.13628	0.04446	0.21104	0.01150	0.39619	0.02043	0.02530	0.01323	0.01439	0.03632	0.00655	0.00552	0.00166	0.00730	0.00494	0.00433	0.00807
8	0.05781	0.07455	0.10611	0.15009	0.42464	0.01346	0.01577	0.01648	0.01218	0.01757	0.01113	0.01596	0.00949	0.00573	0.00541	0.00174	0.00674	0.04441	0.00283	0.00793
9	0.00851	0.00620	0.00835	0.00949	0.01074	0.00604	0.00802	0.01077	0.01268	0.01635	0.03334	0.14821	0.12437	0.01563	0.00756	0.00247	0.00467	0.55636	0.00519	0.00506
10	0.01114	0.01039	0.01593	0.39362	0.19398	0.04189	0.01341	0.01421	0.01198	0.01575	0.07049	0.02006	0.04448	0.00994	0.07112	0.02195	0.00738	0.02267	0.00308	0.00651
11	0.06853	0.75420	0.02812	0.00949	0.01421	0.02164	0.00940	0.01683	0.01131	0.01402	0.00782	0.00903	0.00715	0.00484	0.00360	0.00124	0.00591	0.00301	0.00248	0.00715

[dist]
# distance from previous block
# <min> <max>
0	1

[block]
# block no. 2 follows, 42 sequences, length 24
# corresponding to MSA columns:
# 142-165
name=unknown_C
#
# <colnr> <probs for GDERKNQSTAVLIFYWHMCP>
#	G	D	E	R	K	N	Q	S	T	A	V	L	I	F	Y	W	H	M	C	P
0	0.04434	0.06037	0.63859	0.01542	0.03971	0.01321	0.01873	0.01805	0.02837	0.03771	0.01064	0.01233	0.00770	0.00628	0.02356	0.00193	0.00801	0.00422	0.00264	0.00816
1	0.01149	0.00853	0.01248	0.09119	0.16067	0.00895	0.00941	0.04561	0.04133	0.07892	0.04159	0.16610	0.01862	0.10755	0.16814	0.00378	0.00732	0.00791	0.00403	0.00637
2	0.21645	0.01439	0.08635	0.07998	0.01793	0.06795	0.06846	0.01559	0.01031	0.01727	0.00892	0.03006	0.00783	0.00743	0.01035	0.00205	0.32468	0.00470	0.00283	0.00645
3	0.00863	0.00590	0.00774	0.00719	0.00864	0.00542	0.00542	0.01127	0.01594	0.05140	0.73557	0.04116	0.05159	0.01133	0.00660	0.00177	0.00274	0.01000	0.00622	0.00547
4	0.00810	0.00577	0.00787	0.00912	0.00995	0.00563	0.00720	0.00989	0.01183	0.01554	0.02980	0.37330	0.03393	0.04980	0.00841	0.00258	0.00438	0.39693	0.00512	0.00485
5	0.06848	0.37904	0.09928	0.03595	0.01676	0.04862	0.02800	0.08682	0.01362	0.13357	0.01098	0.01179	0.00844	0.00563	0.00495	0.00151	0.03132	0.00396	0.00351	0.00776
6	0.73582	0.03600	0.00931	0.00786	0.01106	0.01279	0.00648	0.01600	0.00964	0.02378	0.00888	0.04575	0.00763	0.00601	0.00440	0.00179	0.04350	0.00374	0.00348	0.00606
7	0.00978	0.00489	0.00733	0.00733	0.00733	0.00489	0.00489	0.00733	0.00733	0.00978	0.00978	0.01711	0.00978	0.01955	0.02199	0.83627	0.00489	0.00489	0.00244	0.00244
8	0.01505	0.80561	0.02949	0.00963	0.01444	0.02227	0.00963	0.01685	0.01143	0.01324	0.00782	0.00903	0.00722	0.00481	0.00361	0.00120	0.00602	0.00301	0.00241	0.00722
9	0.00670	0.00570	0.00577	0.00575	0.00763	0.00477	0.00431	0.00817	0.01294	0.01548	0.08325	0.05371	0.73842	0.01415	0.00665	0.00190	0.00284	0.01181	0.00526	0.00477
10	0.02038	0.02579	0.01560	0.01423	0.01703	0.74123	0.01068	0.02185	0.01560	0.01374	0.00902	0.01074	0.00759	0.00761	0.04359	0.00183	0.01039	0.00374	0.00291	0.00645
11	0.02139	0.01576	0.01689	0.01295	0.01745	0.01745	0.01070	0.74835	0.02646	0.03547	0.01351	0.01351	0.00957	0.00676	0.00563	0.00169	0.00619	0.00507	0.00563	0.00957
12	0.00796	0.00575	0.00752	0.00708	0.00841	0.00531	0.00531	0.01062	0.01593	0.02257	0.76415	0.04204	0.05310	0.01150	0.00664	0.00177	0.00265	0.01018	0.00619	0.00531
13	0.01505	0.80561	0.02949	0.00963	0.01444	0.02227	0.00963	0.01685	0.01143	0.01324	0.00782	0.00903	0.00722	0.00481	0.00361	0.00120	0.00602	0.00301	0.00241	0.00722
14	0.01167	0.01000	0.01167	0.00834	0.01334	0.00750	0.00667	0.01417	0.01167	0.01834	0.01000	0.01167	0.00834	0.00417	0.00417	0.00083	0.00417	0.00333	0.00333	0.83663
15	0.01049	0.00525	0.00525	0.00525	0.00656	0.00525	0.00393	0.01311	0.01180	0.02098	0.01836	0.02098	0.01442	0.00656	0.00393	0.00131	0.00262	0.00525	0.83346	0.00525
16	0.01400	0.01209	0.01273	0.01145	0.01463	0.01400	0.00891	0.02990	0.75695	0.02354	0.02291	0.02100	0.01718	0.00764	0.00573	0.00191	0.00445	0.00636	0.00573	0.00891
17	0.00978	0.00489	0.00733	0.00733	0.00733	0.00489	0.00489	0.00733	0.00733	0.00978	0.00978	0.01711	0.00978	0.01955	0.02199	0.83627	0.00489	0.00489	0.00244	0.00244
18	0.01793	0.01827	0.01418	0.01250	0.01532	0.37599	0.00965	0.17229	0.04001	0.05054	0.01234	0.01483	0.01014	0.03334	0.17408	0.00327	0.00987	0.00473	0.00377	0.00697
19	0.00898	0.00641	0.00896	0.01026	0.01152	0.00640	0.00891	0.01150	0.01287	0.01674	0.02985	0.09372	0.03259	0.01563	0.00775	0.00258	0.00510	0.69990	0.00518	0.00516
20	0.00782	0.00575	0.00732	0.00693	0.00832	0.00525	0.00519	0.01034	0.01558	0.02174	0.68495	0.04339	0.13281	0.01181	0.00664	0.00178	0.00268	0.01037	0.00609	0.00525
21	0.54700	0.01041	0.01000	0.00834	0.01214	0.01105	0.00688	0.02047	0.01194	0.29460	0.01302	0.01276	0.00892	0.00585	0.00427	0.00174	0.00451	0.00399	0.00474	0.00735
22	0.01049	0.00525	0.00525	0.00525	0.00656	0.00525	0.00393	0.01311	0.01180	0.02098	0.01836	0.02098	0.01442	0.00656	0.00393	0.00131	0.00262	0.00525	0.83346	0.00525
23	0.02107	0.01560	0.01671	0.01288	0.01733	0.01730	0.01062	0.71711	0.05822	0.03495	0.01392	0.01384	0.00990	0.00679	0.00563	0.00170	0.00612	0.00512	0.00563	0.00954

[dist]
# distance from previous block
# <min> <max>
0	1

[block]
# block no. 3 follows, 42 sequences, length 8
# corresponding to MSA columns:
# 167-174
name=unknown_D
#
# <colnr> <probs for GDERKNQSTAVLIFYWHMCP>
#	G	D	E	R	K	N	Q	S	T	A	V	L	I	F	Y	W	H	M	C	P
0	0.01898	0.01095	0.01319	0.01002	0.01446	0.01003	0.00817	0.17244	0.04407	0.31810	0.04375	0.01646	0.01276	0.00620	0.00521	0.00144	0.00479	0.00497	0.00543	0.27857
1	0.01317	0.23606	0.46148	0.01479	0.02156	0.07266	0.07190	0.01792	0.01217	0.01631	0.00948	0.01124	0.00727	0.00519	0.00496	0.00161	0.00793	0.00400	0.00246	0.00784
2	0.69897	0.01100	0.00998	0.01005	0.07874	0.01232	0.00728	0.01753	0.01042	0.08766	0.00930	0.01042	0.00701	0.00535	0.00385	0.00174	0.00460	0.00344	0.00371	0.00664
3	0.00919	0.00635	0.00738	0.00714	0.00765	0.00657	0.00454	0.07091	0.01001	0.01347	0.01809	0.08999	0.02012	0.59700	0.10380	0.00528	0.00636	0.00828	0.00369	0.00419
4	0.00796	0.00575	0.00752	0.00708	0.00841	0.00531	0.00531	0.01062	0.01593	0.02257	0.76415	0.04204	0.05310	0.01150	0.00664	0.00177	0.00265	0.01018	0.00619	0.00531
5	0.00709	0.00564	0.00636	0.00635	0.00791	0.00491	0.00470	0.00887	0.01362	0.01748	0.28045	0.12214	0.46718	0.01370	0.00670	0.00190	0.00283	0.01173	0.00554	0.00491
6	0.02031	0.01449	0.01592	0.01241	0.01657	0.01595	0.01021	0.63779	0.02421	0.07340	0.01414	0.01465	0.01024	0.01019	0.08038	0.00240	0.00697	0.00519	0.00545	0.00913
7	0.00686	0.00490	0.00653	0.00784	0.00816	0.00457	0.00522	0.00784	0.01077	0.01437	0.03102	0.79855	0.03722	0.01763	0.00718	0.00229	0.00326	0.01600	0.00522	0.00457

[dist]
# distance from previous block
# <min> <max>
0	28

[block]
# block no. 4 follows, 42 sequences, length 36
# corresponding to MSA columns:
# 203-238
name=unknown_E
#
# <colnr> <probs for GDERKNQSTAVLIFYWHMCP>
#	G	D	E	R	K	N	Q	S	T	A	V	L	I	F	Y	W	H	M	C	P
0	0.01249	0.07300	0.58905	0.01635	0.02389	0.01380	0.11028	0.04407	0.01266	0.03786	0.01056	0.01237	0.00758	0.00533	0.00542	0.00176	0.00816	0.00447	0.00267	0.00824
1	0.00907	0.00648	0.00907	0.01036	0.01166	0.00648	0.00907	0.01166	0.01296	0.01684	0.02980	0.06348	0.03239	0.01555	0.00777	0.00259	0.00518	0.72924	0.00518	0.00518
2	0.06193	0.00989	0.01286	0.00986	0.01423	0.00874	0.00812	0.05152	0.01581	0.64821	0.02022	0.01787	0.01295	0.00665	0.00543	0.00166	0.00477	0.00533	0.00646	0.07749
3	0.02105	0.01854	0.01664	0.03128	0.01793	0.21816	0.01086	0.54014	0.02334	0.02926	0.01216	0.01266	0.00891	0.00648	0.00548	0.00163	0.00727	0.00469	0.00484	0.00869
4	0.01504	0.01389	0.01481	0.01713	0.19543	0.18738	0.01122	0.03793	0.09819	0.07535	0.05790	0.02866	0.01835	0.00878	0.00611	0.00190	0.00647	0.19388	0.00434	0.00726
5	0.75022	0.01143	0.00923	0.00802	0.01162	0.01316	0.00661	0.09837	0.01147	0.02639	0.00847	0.00963	0.00648	0.00540	0.00372	0.00174	0.00456	0.00327	0.00372	0.00648
6	0.00686	0.00490	0.00653	0.00784	0.00816	0.00457	0.00522	0.00784	0.01077	0.01437	0.03102	0.79855	0.03722	0.01763	0.00718	0.00229	0.00326	0.01600	0.00522	0.00457
7	0.05343	0.01524	0.01635	0.01257	0.01703	0.01676	0.01039	0.68051	0.02524	0.07533	0.01377	0.01365	0.00967	0.00671	0.00555	0.00169	0.00604	0.00502	0.00562	0.00944
8	0.84197	0.01088	0.00827	0.00740	0.01088	0.01262	0.00609	0.01654	0.00958	0.02525	0.00784	0.00914	0.00609	0.00522	0.00348	0.00174	0.00435	0.00305	0.00348	0.00609
9	0.01344	0.01045	0.01163	0.01065	0.01343	0.01161	0.00838	0.06041	0.47396	0.06973	0.02504	0.07308	0.06200	0.01120	0.04924	0.00237	0.00506	0.07485	0.00554	0.00792
10	0.00688	0.00507	0.00636	0.00736	0.00797	0.00464	0.00496	0.00790	0.01104	0.01437	0.03531	0.62442	0.17323	0.05223	0.00805	0.00236	0.00329	0.01487	0.00514	0.00455
11	0.02139	0.01576	0.01689	0.01295	0.01745	0.01745	0.01070	0.74835	0.02646	0.03547	0.01351	0.01351	0.00957	0.00676	0.00563	0.00169	0.00619	0.00507	0.00563	0.00957
12	0.01312	0.01066	0.01223	0.00909	0.01383	0.00901	0.00728	0.07201	0.09650	0.04504	0.01212	0.01310	0.00961	0.00484	0.00450	0.00105	0.00437	0.00388	0.00390	0.65386
13	0.06536	0.01468	0.01501	0.01181	0.01586	0.04404	0.00966	0.59148	0.02345	0.03183	0.01707	0.01702	0.07720	0.00730	0.00553	0.00169	0.00583	0.00552	0.03097	0.00870
14	0.00675	0.00570	0.00584	0.00581	0.00766	0.00479	0.00436	0.00827	0.01307	0.01578	0.11209	0.05322	0.70940	0.01404	0.00665	0.00189	0.00284	0.01174	0.00530	0.00479
15	0.84197	0.01088	0.00827	0.00740	0.01088	0.01262	0.00609	0.01654	0.00958	0.02525	0.00784	0.00914	0.00609	0.00522	0.00348	0.00174	0.00435	0.00305	0.00348	0.00609
16	0.01973	0.05350	0.10130	0.01451	0.01808	0.66798	0.01194	0.02176	0.01534	0.01421	0.00883	0.01030	0.00723	0.00572	0.00506	0.00148	0.00980	0.00366	0.00282	0.00675
17	0.00691	0.00492	0.00652	0.00777	0.00809	0.00460	0.00516	0.00785	0.01068	0.01424	0.03052	0.77019	0.03660	0.04684	0.00798	0.00240	0.00335	0.01571	0.00516	0.00453
18	0.05109	0.01452	0.01536	0.01230	0.01639	0.01627	0.01000	0.51304	0.23621	0.03164	0.01600	0.01550	0.01163	0.00695	0.00557	0.00175	0.00562	0.00536	0.00557	0.00924
19	0.01214	0.01215	0.01776	0.03146	0.01589	0.01652	0.05312	0.01366	0.00895	0.01379	0.00800	0.01296	0.00775	0.01089	0.05071	0.00271	0.69777	0.00507	0.00251	0.00619
20	0.00686	0.00490	0.00653	0.00784	0.00816	0.00457	0.00522	0.00784	0.01077	0.01437	0.03102	0.79855	0.03722	0.01763	0.00718	0.00229	0.00326	0.01600	0.00522	0.00457
21	0.01201	0.01243	0.02322	0.34820	0.05346	0.01398	0.28799	0.01569	0.01161	0.01572	0.01009	0.01458	0.00791	0.00600	0.00819	0.00198	0.14189	0.00560	0.00263	0.00682
22	0.01512	0.01221	0.01301	0.01140	0.01474	0.01387	0.00895	0.10771	0.62413	0.05819	0.02275	0.02098	0.03603	0.00768	0.00574	0.00188	0.00462	0.00634	0.00576	0.00890
23	0.00804	0.00586	0.00807	0.03546	0.01086	0.00577	0.00739	0.00991	0.01192	0.01559	0.03075	0.38836	0.06277	0.01609	0.00739	0.00240	0.00432	0.35900	0.00511	0.00493
24	0.00851	0.00618	0.00815	0.00866	0.00950	0.00604	0.02192	0.07995	0.01223	0.01633	0.02813	0.67738	0.03293	0.01636	0.00755	0.03194	0.00374	0.01434	0.00511	0.00505
25	0.00694	0.00496	0.00663	0.00794	0.00830	0.00465	0.00538	0.00799	0.01086	0.01446	0.03097	0.76937	0.03703	0.01755	0.00721	0.00230	0.00334	0.04431	0.00522	0.00460
26	0.01314	0.01488	0.03212	0.05788	0.02951	0.01422	0.69749	0.01776	0.01309	0.01776	0.01123	0.01511	0.00847	0.00490	0.00686	0.00191	0.02682	0.00653	0.00282	0.00750
27	0.02069	0.07027	0.01670	0.01423	0.01723	0.73738	0.01080	0.02216	0.01570	0.01374	0.00865	0.01009	0.00725	0.00574	0.00499	0.00144	0.00992	0.00359	0.00287	0.00656
28	0.02102	0.02682	0.01595	0.01450	0.01740	0.77963	0.01087	0.02247	0.01595	0.01377	0.00870	0.01015	0.00725	0.00580	0.00507	0.00145	0.01015	0.00362	0.00290	0.00652
29	0.01376	0.01455	0.04532	0.07052	0.19873	0.05605	0.35887	0.01750	0.01291	0.04644	0.01217	0.03989	0.01006	0.00598	0.00691	0.00187	0.05426	0.02353	0.00307	0.00762
30	0.00681	0.00509	0.00633	0.00733	0.00803	0.00461	0.00500	0.00789	0.01126	0.01456	0.03713	0.62347	0.20836	0.01684	0.00706	0.00219	0.00317	0.01503	0.00522	0.00461
31	0.01952	0.01409	0.01525	0.01212	0.01614	0.01553	0.00986	0.53916	0.14681	0.07331	0.01634	0.04346	0.01222	0.00730	0.00565	0.00174	0.00561	0.00571	0.03102	0.00915
32	0.84197	0.01088	0.00827	0.00740	0.01088	0.01262	0.00609	0.01654	0.00958	0.02525	0.00784	0.00914	0.00609	0.00522	0.00348	0.00174	0.00435	0.00305	0.00348	0.00609
33	0.05077	0.04094	0.04512	0.00932	0.01409	0.02333	0.00789	0.04263	0.03900	0.04822	0.01079	0.01215	0.00867	0.00482	0.00479	0.00110	0.02900	0.00366	0.00354	0.60017
34	0.00671	0.00565	0.00582	0.00589	0.00767	0.00476	0.00437	0.00815	0.01281	0.01541	0.08071	0.10130	0.69281	0.01437	0.00668	0.00192	0.00287	0.01208	0.00526	0.00476
35	0.01167	0.01000	0.01167	0.00834	0.01334	0.00750	0.00667	0.01417	0.01167	0.01834	0.01000	0.01167	0.00834	0.00417	0.00417	0.00083	0.00417	0.00333	0.00333	0.83663

[dist]
# distance from previous block
# <min> <max>
0	7

[block]
# block no. 5 follows, 42 sequences, length 66
# corresponding to MSA columns:
# 246-311
name=unknown_F
#
# <colnr> <probs for GDERKNQSTAVLIFYWHMCP>
#	G	D	E	R	K	N	Q	S	T	A	V	L	I	F	Y	W	H	M	C	P
0	0.01593	0.10170	0.01431	0.00966	0.01375	0.01109	0.00800	0.13228	0.07151	0.17129	0.10881	0.01875	0.01631	0.00662	0.00513	0.00143	0.00467	0.02037	0.00489	0.26349
1	0.01168	0.09946	0.68694	0.01565	0.02358	0.01394	0.03785	0.01774	0.01188	0.01741	0.00992	0.01170	0.00717	0.00528	0.00522	0.00173	0.00814	0.00412	0.00239	0.00820
2	0.00682	0.00561	0.00596	0.00614	0.00775	0.00480	0.00451	0.00822	0.01255	0.01530	0.08016	0.15104	0.60529	0.03676	0.00736	0.00206	0.00302	0.02670	0.00521	0.00472
3	0.84197	0.01088	0.00827	0.00740	0.01088	0.01262	0.00609	0.01654	0.00958	0.02525	0.00784	0.00914	0.00609	0.00522	0.00348	0.00174	0.00435	0.00305	0.00348	0.00609
4	0.01437	0.01397	0.02284	0.07384	0.51923	0.06198	0.12388	0.01776	0.01312	0.04539	0.01152	0.01552	0.00951	0.00543	0.00577	0.00173	0.00726	0.02555	0.00301	0.00833
5	0.00686	0.00490	0.00653	0.00784	0.00816	0.00457	0.00522	0.00784	0.01077	0.01437	0.03102	0.79855	0.03722	0.01763	0.00718	0.00229	0.00326	0.01600	0.00522	0.00457
6	0.01865	0.01382	0.01565	0.02971	0.01689	0.01506	0.03261	0.50217	0.12065	0.06443	0.01719	0.05932	0.03458	0.00756	0.00576	0.00175	0.00572	0.00608	0.00546	0.02693
7	0.01329	0.02566	0.51300	0.01759	0.05118	0.11615	0.13232	0.01865	0.01277	0.03267	0.01038	0.01239	0.00757	0.00533	0.00553	0.00175	0.00861	0.00454	0.00263	0.00801
8	0.00686	0.00490	0.00653	0.00784	0.00816	0.00457	0.00522	0.00784	0.01077	0.01437	0.03102	0.79855	0.03722	0.01763	0.00718	0.00229	0.00326	0.01600	0.00522	0.00457
9	0.01264	0.01591	0.12977	0.10536	0.15646	0.06504	0.30306	0.01663	0.01268	0.01696	0.01292	0.10170	0.01141	0.00649	0.00611	0.00185	0.00796	0.00667	0.00300	0.00737
10	0.01551	0.01175	0.01277	0.01126	0.01460	0.01323	0.00882	0.02957	0.65742	0.12396	0.02281	0.02075	0.01674	0.00755	0.00572	0.00189	0.00450	0.00627	0.00589	0.00900
11	0.00686	0.00490	0.00653	0.00784	0.00816	0.00457	0.00522	0.00784	0.01077	0.01437	0.03102	0.79855	0.03722	0.01763	0.00718	0.00229	0.00326	0.01600	0.00522	0.00457
12	0.01505	0.80561	0.02949	0.00963	0.01444	0.02227	0.00963	0.01685	0.01143	0.01324	0.00782	0.00903	0.00722	0.00481	0.00361	0.00120	0.00602	0.00301	0.00241	0.00722
13	0.00685	0.00494	0.00649	0.00772	0.00813	0.00458	0.00517	0.00785	0.01088	0.01441	0.03237	0.75967	0.07522	0.01745	0.00716	0.00227	0.00324	0.01578	0.00522	0.00458
14	0.02139	0.01576	0.01689	0.01295	0.01745	0.01745	0.01070	0.74835	0.02646	0.03547	0.01351	0.01351	0.00957	0.00676	0.00563	0.00169	0.00619	0.00507	0.00563	0.00957
15	0.64391	0.02849	0.01020	0.00855	0.01207	0.06284	0.00699	0.10367	0.01227	0.02538	0.03624	0.01093	0.00833	0.00566	0.00396	0.00171	0.00492	0.00358	0.00378	0.00653
16	0.02102	0.02682	0.01595	0.01450	0.01740	0.77963	0.01087	0.02247	0.01595	0.01377	0.00870	0.01015	0.00725	0.00580	0.00507	0.00145	0.01015	0.00362	0.00290	0.00652
17	0.01269	0.01684	0.14903	0.09461	0.02914	0.01395	0.54451	0.01754	0.01276	0.01754	0.01095	0.01457	0.00819	0.00505	0.00662	0.00189	0.02778	0.00605	0.00273	0.00755
18	0.00807	0.00541	0.00617	0.00628	0.00631	0.00538	0.00356	0.00815	0.00840	0.01120	0.01884	0.10026	0.02186	0.73689	0.02686	0.00519	0.00527	0.00883	0.00356	0.00351
19	0.01251	0.13969	0.01332	0.00891	0.01172	0.01120	0.00732	0.16502	0.06881	0.03813	0.33600	0.03021	0.11620	0.00938	0.00585	0.00168	0.00413	0.00779	0.00533	0.00677
20	0.80899	0.04259	0.00912	0.00749	0.01103	0.01301	0.00624	0.01655	0.00965	0.02477	0.00784	0.00914	0.00614	0.00521	0.00349	0.00172	0.00442	0.00305	0.00344	0.00614
21	0.13091	0.09273	0.44066	0.01506	0.06414	0.05899	0.03451	0.01778	0.01198	0.03628	0.02739	0.01222	0.00838	0.00554	0.00524	0.00171	0.02178	0.00417	0.00280	0.00773
22	0.00672	0.00572	0.00580	0.00584	0.00772	0.00480	0.00442	0.00818	0.01283	0.01525	0.05620	0.05444	0.74313	0.01429	0.00668	0.00192	0.00292	0.03314	0.00522	0.00476
23	0.01167	0.01000	0.01167	0.00834	0.01334	0.00750	0.00667	0.01417	0.01167	0.01834	0.01000	0.01167	0.00834	0.00417	0.00417	0.00083	0.00417	0.00333	0.00333	0.83663
24	0.04484	0.04112	0.04694	0.11569	0.04093	0.06139	0.01154	0.44359	0.02087	0.09875	0.01300	0.01371	0.00927	0.00635	0.00545	0.00169	0.00651	0.00486	0.00480	0.00870
25	0.02146	0.01489	0.01626	0.01255	0.01697	0.01626	0.01034	0.63273	0.06092	0.11711	0.01494	0.01451	0.01043	0.00682	0.00564	0.00171	0.00595	0.00520	0.00578	0.00954
26	0.00685	0.00492	0.00650	0.00777	0.00815	0.00458	0.00519	0.00784	0.01084	0.01439	0.03182	0.77556	0.05969	0.01753	0.00717	0.00227	0.00325	0.01587	0.00522	0.00458
27	0.84197	0.01088	0.00827	0.00740	0.01088	0.01262	0.00609	0.01654	0.00958	0.02525	0.00784	0.00914	0.00609	0.00522	0.00348	0.00174	0.00435	0.00305	0.00348	0.00609
28	0.01100	0.00940	0.01337	0.18166	0.01800	0.03337	0.09249	0.08686	0.01187	0.01559	0.01579	0.11195	0.01617	0.30489	0.03166	0.00340	0.02591	0.00761	0.00353	0.00547
29	0.00691	0.00494	0.00659	0.00790	0.00825	0.00462	0.00532	0.00793	0.01083	0.01443	0.03099	0.78029	0.03710	0.01758	0.00720	0.00229	0.00331	0.03371	0.00522	0.00459
30	0.03918	0.01157	0.01198	0.01082	0.01370	0.02840	0.00837	0.06009	0.57170	0.02256	0.03607	0.02384	0.03165	0.06927	0.00752	0.00218	0.00469	0.03291	0.00540	0.00810
31	0.01206	0.03259	0.03392	0.23829	0.02334	0.04289	0.09582	0.01459	0.01033	0.01435	0.00915	0.01380	0.00792	0.00955	0.05605	0.00253	0.36881	0.00509	0.00256	0.00636
32	0.00686	0.00490	0.00653	0.00784	0.00816	0.00457	0.00522	0.00784	0.01077	0.01437	0.03102	0.79855	0.03722	0.01763	0.00718	0.00229	0.00326	0.01600	0.00522	0.00457
33	0.08964	0.01863	0.01508	0.01270	0.01630	0.29063	0.01001	0.32189	0.10482	0.02506	0.03339	0.01359	0.01053	0.00652	0.00529	0.00163	0.00716	0.00467	0.00449	0.00798
34	0.00804	0.00603	0.00904	0.00904	0.01005	0.00703	0.00703	0.01005	0.00904	0.01306	0.01507	0.02211	0.01407	0.04221	0.77992	0.00904	0.01507	0.00603	0.00301	0.00502
35	0.00686	0.00490	0.00653	0.00784	0.00816	0.00457	0.00522	0.00784	0.01077	0.01437	0.03102	0.79855	0.03722	0.01763	0.00718	0.00229	0.00326	0.01600	0.00522	0.00457
36	0.01084	0.01027	0.01755	0.69300	0.08691	0.01242	0.03929	0.01453	0.01141	0.01477	0.01062	0.03481	0.00838	0.00586	0.00570	0.00187	0.00740	0.00533	0.00260	0.00643
37	0.00686	0.00490	0.00653	0.00784	0.00816	0.00457	0.00522	0.00784	0.01077	0.01437	0.03102	0.79855	0.03722	0.01763	0.00718	0.00229	0.00326	0.01600	0.00522	0.00457
38	0.01955	0.17097	0.01903	0.03217	0.01730	0.14357	0.01058	0.44168	0.04815	0.02660	0.01187	0.01240	0.00896	0.00622	0.00515	0.00157	0.00678	0.00447	0.00448	0.00850
39	0.01259	0.01244	0.03774	0.43204	0.31459	0.03460	0.01607	0.04274	0.01255	0.01675	0.01032	0.01433	0.00810	0.00543	0.00558	0.00178	0.00724	0.00495	0.00273	0.00745
40	0.02102	0.02682	0.01595	0.01450	0.01740	0.77963	0.01087	0.02247	0.01595	0.01377	0.00870	0.01015	0.00725	0.00580	0.00507	0.00145	0.01015	0.00362	0.00290	0.00652
41	0.04561	0.01669	0.01774	0.10848	0.33020	0.27408	0.01335	0.01780	0.01340	0.01623	0.01171	0.08682	0.01076	0.00655	0.00548	0.00168	0.00755	0.00551	0.00305	0.00729
42	0.00691	0.00492	0.00651	0.00777	0.00808	0.00461	0.00515	0.00785	0.01067	0.01423	0.03049	0.76816	0.03655	0.04893	0.00804	0.00241	0.00335	0.01569	0.00515	0.00452
43	0.03863	0.01590	0.01669	0.01286	0.01731	0.03368	0.01060	0.71742	0.02588	0.03479	0.01329	0.01335	0.00945	0.00670	0.00557	0.00168	0.00624	0.00499	0.00553	0.00943
44	0.84197	0.01088	0.00827	0.00740	0.01088	0.01262	0.00609	0.01654	0.00958	0.02525	0.00784	0.00914	0.00609	0.00522	0.00348	0.00174	0.00435	0.00305	0.00348	0.00609
45	0.01254	0.03109	0.02684	0.04854	0.02513	0.01250	0.51827	0.01653	0.01271	0.01763	0.01214	0.06041	0.01012	0.00543	0.00610	0.00170	0.00796	0.00642	0.00306	0.16489
46	0.00676	0.00571	0.00585	0.00582	0.00767	0.00480	0.00436	0.00829	0.01308	0.01581	0.11573	0.05315	0.70574	0.01402	0.00665	0.00189	0.00283	0.01174	0.00531	0.00480
47	0.01167	0.01000	0.01167	0.00834	0.01334	0.00750	0.00667	0.01417	0.01167	0.01834	0.01000	0.01167	0.00834	0.00417	0.00417	0.00083	0.00417	0.00333	0.00333	0.83663
48	0.04896	0.01496	0.15131	0.14113	0.17906	0.01297	0.08574	0.06138	0.05211	0.06877	0.04196	0.01618	0.02692	0.00635	0.00663	0.00184	0.06712	0.00539	0.00347	0.00778
49	0.01377	0.13116	0.01346	0.00938	0.01222	0.01015	0.00752	0.04277	0.05056	0.16831	0.02004	0.28586	0.01974	0.01008	0.00634	0.00175	0.04748	0.00844	0.00474	0.13623
50	0.00793	0.00575	0.00748	0.00705	0.00839	0.00530	0.00529	0.01056	0.01586	0.02240	0.74765	0.04232	0.06971	0.01157	0.00664	0.00177	0.00266	0.01022	0.00617	0.00530
51	0.02512	0.00978	0.01318	0.01011	0.01447	0.00857	0.00835	0.05091	0.01644	0.74706	0.02192	0.01897	0.01379	0.00696	0.00566	0.00174	0.00483	0.00564	0.00692	0.00958
52	0.09591	0.08493	0.01696	0.06941	0.11246	0.40858	0.01124	0.06223	0.01450	0.01668	0.00950	0.01161	0.00786	0.00754	0.04601	0.00193	0.00867	0.00400	0.00304	0.00692
53	0.00685	0.00493	0.00650	0.00776	0.00814	0.00458	0.00519	0.00784	0.01085	0.01440	0.03197	0.77123	0.06393	0.01751	0.00716	0.00227	0.00325	0.01585	0.00522	0.00458
54	0.01753	0.01328	0.01422	0.01158	0.01555	0.02961	0.00929	0.29075	0.32663	0.08999	0.01764	0.01681	0.01290	0.00682	0.00549	0.00168	0.00520	0.00543	0.00546	0.10413
55	0.73887	0.05676	0.02532	0.00797	0.01167	0.01341	0.00681	0.05158	0.01054	0.02490	0.00815	0.00940	0.00635	0.00528	0.00363	0.00171	0.00462	0.00316	0.00350	0.00637
56	0.00683	0.00498	0.00644	0.00761	0.00810	0.00459	0.00512	0.00786	0.01099	0.01445	0.03374	0.72045	0.11356	0.01728	0.00713	0.00225	0.00322	0.01557	0.00522	0.00459
57	0.01706	0.01293	0.01410	0.01156	0.01509	0.01430	0.00930	0.46380	0.15034	0.02878	0.01915	0.07193	0.05941	0.01115	0.07213	0.00241	0.00624	0.00654	0.00537	0.00843
58	0.00846	0.00595	0.00702	0.00684	0.00690	0.00631	0.00417	0.00866	0.00839	0.01139	0.03164	0.03478	0.02000	0.70775	0.05199	0.00530	0.05945	0.00793	0.00339	0.00369
59	0.00734	0.00539	0.00695	0.00808	0.00860	0.00522	0.00548	0.00934	0.06176	0.01499	0.03046	0.74543	0.03585	0.01695	0.00708	0.00226	0.00335	0.01534	0.00526	0.00487
60	0.01447	0.75096	0.02786	0.00936	0.01398	0.02107	0.00926	0.01625	0.01153	0.01337	0.01118	0.01211	0.05898	0.00546	0.00382	0.00125	0.00580	0.00362	0.00260	0.00705
61	0.00739	0.00547	0.00697	0.00795	0.00859	0.00526	0.00544	0.00949	0.06211	0.01544	0.06858	0.67322	0.06998	0.01648	0.00703	0.00222	0.00330	0.01486	0.00531	0.00491
62	0.02040	0.01502	0.01618	0.01260	0.01682	0.01657	0.01032	0.69776	0.02539	0.03403	0.01471	0.06715	0.01146	0.00750	0.00574	0.00173	0.00599	0.00581	0.00560	0.00923
63	0.00922	0.00676	0.00729	0.00703	0.00751	0.03452	0.00442	0.04211	0.00988	0.01307	0.06801	0.03404	0.02123	0.62556	0.08241	0.00516	0.00620	0.00785	0.00365	0.00405
64	0.02013	0.02538	0.01537	0.01399	0.01678	0.72673	0.01049	0.02166	0.01595	0.01437	0.06031	0.01233	0.01038	0.00619	0.00518	0.00147	0.00964	0.00407	0.00312	0.00644
65	0.02031	0.02567	0.01601	0.06739	0.01886	0.72722	0.01120	0.02192	0.01563	0.01381	0.00879	0.01048	0.00727	0.00579	0.00511	0.00148	0.00997	0.00372	0.00287	0.00651

[dist]
# distance from previous block
# <min> <max>
0	7

[block]
# block no. 6 follows, 42 sequences, length 17
# corresponding to MSA columns:
# 319-335
name=unknown_G
#
# <colnr> <probs for GDERKNQSTAVLIFYWHMCP>
#	G	D	E	R	K	N	Q	S	T	A	V	L	I	F	Y	W	H	M	C	P
0	0.00676	0.00557	0.00594	0.00613	0.00774	0.00475	0.00449	0.00818	0.01266	0.01548	0.09203	0.17479	0.60675	0.01465	0.00674	0.00196	0.00291	0.01245	0.00528	0.00475
1	0.00887	0.00735	0.01178	0.06063	0.01382	0.00737	0.11160	0.04689	0.01175	0.01580	0.02425	0.51209	0.02730	0.01720	0.09230	0.00292	0.00587	0.01232	0.00449	0.00541
2	0.02283	0.01176	0.10424	0.01061	0.01531	0.00872	0.00965	0.02555	0.01559	0.64848	0.05241	0.01926	0.01478	0.00696	0.00566	0.00175	0.00512	0.00567	0.00638	0.00924
3	0.01364	0.01318	0.02002	0.02760	0.53106	0.05569	0.01496	0.03603	0.01244	0.01742	0.01075	0.01451	0.00929	0.01011	0.10011	0.00263	0.09463	0.00505	0.00286	0.00803
4	0.27924	0.40184	0.03919	0.00889	0.01281	0.01624	0.00821	0.01612	0.01096	0.04791	0.01126	0.10451	0.01074	0.00659	0.00413	0.00154	0.00517	0.00472	0.00327	0.00667
5	0.00868	0.00711	0.01185	0.01071	0.01224	0.00784	0.09587	0.01094	0.00952	0.01358	0.01472	0.02179	0.01363	0.06452	0.66041	0.00806	0.01406	0.00618	0.00301	0.00528
6	0.01883	0.01464	0.01783	0.11630	0.13842	0.01617	0.01237	0.53849	0.02235	0.03006	0.01260	0.01377	0.00920	0.00634	0.00562	0.00171	0.00644	0.00505	0.00478	0.00904
7	0.00800	0.00639	0.00714	0.00699	0.00864	0.00604	0.00516	0.01138	0.10272	0.01789	0.24075	0.11652	0.37082	0.05677	0.00781	0.00210	0.00317	0.01094	0.00545	0.00531
8	0.01750	0.01021	0.01214	0.01020	0.01355	0.01048	0.00812	0.07170	0.29810	0.29977	0.16064	0.02377	0.02221	0.00805	0.00587	0.00181	0.00435	0.00673	0.00626	0.00852
9	0.84197	0.01088	0.00827	0.00740	0.01088	0.01262	0.00609	0.01654	0.00958	0.02525	0.00784	0.00914	0.00609	0.00522	0.00348	0.00174	0.00435	0.00305	0.00348	0.00609
10	0.02102	0.02682	0.01595	0.01450	0.01740	0.77963	0.01087	0.02247	0.01595	0.01377	0.00870	0.01015	0.00725	0.00580	0.00507	0.00145	0.01015	0.00362	0.00290	0.00652
11	0.03776	0.01302	0.01420	0.19970	0.05205	0.11891	0.01061	0.17433	0.05144	0.09687	0.02009	0.02098	0.13107	0.00837	0.02452	0.00193	0.00649	0.00603	0.00433	0.00731
12	0.00809	0.00556	0.00658	0.00658	0.00682	0.00567	0.00402	0.00847	0.00852	0.01144	0.01904	0.03527	0.05227	0.64763	0.14615	0.00587	0.00686	0.00801	0.00343	0.00372
13	0.00686	0.00490	0.00653	0.00784	0.00816	0.00457	0.00522	0.00784	0.01077	0.01437	0.03102	0.79855	0.03722	0.01763	0.00718	0.00229	0.00326	0.01600	0.00522	0.00457
14	0.01049	0.00525	0.00525	0.00525	0.00656	0.00525	0.00393	0.01311	0.01180	0.02098	0.01836	0.02098	0.01442	0.00656	0.00393	0.00131	0.00262	0.00525	0.83346	0.00525
15	0.10197	0.01602	0.01364	0.01183	0.01519	0.21101	0.00924	0.14416	0.29876	0.07508	0.01598	0.01604	0.01210	0.02712	0.00590	0.00182	0.00625	0.00510	0.00478	0.00802
16	0.01979	0.01392	0.01536	0.01180	0.01618	0.01471	0.00968	0.53702	0.04206	0.10416	0.04726	0.01529	0.01196	0.00669	0.00550	0.00160	0.00561	0.00517	0.00551	0.11074

[dist]
# distance from previous block
# <min> <max>
0	6

[block]
# block no. 7 follows, 42 sequences, length 6
# corresponding to MSA columns:
# 342-347
name=unknown_H
#
# <colnr> <probs for GDERKNQSTAVLIFYWHMCP>
#	G	D	E	R	K	N	Q	S	T	A	V	L	I	F	Y	W	H	M	C	P
0	0.01221	0.01560	0.14891	0.07552	0.11799	0.01387	0.26573	0.01596	0.01162	0.01652	0.01131	0.06379	0.00984	0.00693	0.00895	0.00200	0.18708	0.00611	0.00280	0.00726
1	0.21372	0.00931	0.00858	0.00790	0.01034	0.05748	0.00605	0.05027	0.04863	0.07214	0.06590	0.09878	0.26481	0.05404	0.00688	0.00204	0.00423	0.00824	0.00477	0.00591
2	0.01049	0.00525	0.00525	0.00525	0.00656	0.00525	0.00393	0.01311	0.01180	0.02098	0.01836	0.02098	0.01442	0.00656	0.00393	0.00131	0.00262	0.00525	0.83346	0.00525
3	0.07250	0.01006	0.01161	0.04278	0.03579	0.01073	0.00856	0.16188	0.15499	0.07454	0.07291	0.03191	0.12076	0.03008	0.00667	0.00204	0.00483	0.13496	0.00522	0.00717
4	0.24148	0.28354	0.06740	0.04784	0.01570	0.11987	0.00983	0.01860	0.04901	0.05936	0.00973	0.01095	0.00780	0.00557	0.00471	0.00156	0.03317	0.00365	0.00319	0.00702
5	0.06555	0.00750	0.00896	0.00814	0.01016	0.00735	0.00618	0.07000	0.04657	0.12288	0.35018	0.14746	0.07145	0.04346	0.00717	0.00200	0.00362	0.00942	0.00575	0.00620

[dist]
# distance from previous block
# <min> <max>
0	1

[block]
# block no. 8 follows, 42 sequences, length 7
# corresponding to MSA columns:
# 349,350,352-356
name=unknown_I
#
# <colnr> <probs for GDERKNQSTAVLIFYWHMCP>
#	G	D	E	R	K	N	Q	S	T	A	V	L	I	F	Y	W	H	M	C	P
0	0.05794	0.03578	0.05096	0.01988	0.31208	0.05207	0.02795	0.01775	0.06935	0.09226	0.10506	0.05208	0.04150	0.00829	0.03101	0.00197	0.00603	0.00628	0.00403	0.00772
1	0.03973	0.01001	0.01278	0.00985	0.01403	0.00859	0.06220	0.03978	0.05968	0.04575	0.06269	0.06056	0.01468	0.00639	0.00502	0.00129	0.00458	0.03814	0.00403	0.50023
2	0.03186	0.00807	0.02902	0.00863	0.01080	0.00762	0.00685	0.01587	0.15329	0.10534	0.24488	0.12122	0.12348	0.03940	0.00718	0.00206	0.00383	0.06865	0.00562	0.00634
3	0.01806	0.02192	0.01542	0.08728	0.04575	0.56829	0.01121	0.01984	0.01473	0.01423	0.01133	0.05034	0.01044	0.00709	0.00582	0.00165	0.03233	0.05477	0.00311	0.00639
4	0.13791	0.21614	0.31020	0.01306	0.01871	0.08686	0.06443	0.01745	0.01212	0.01770	0.05002	0.01246	0.00960	0.00553	0.00477	0.00161	0.00710	0.00416	0.00284	0.00733
5	0.01763	0.01079	0.01251	0.01068	0.01417	0.01133	0.00855	0.06661	0.38295	0.28094	0.02432	0.02393	0.05620	0.00812	0.00585	0.00187	0.00462	0.04408	0.00609	0.00876
6	0.19873	0.01456	0.06556	0.01223	0.05703	0.10162	0.00973	0.16737	0.13450	0.04580	0.07676	0.01864	0.03588	0.00716	0.00527	0.00176	0.00568	0.02962	0.00453	0.00758

[dist]
# distance from previous block
# <min> <max>
3	7

[block]
# block no. 9 follows, 42 sequences, length 19
# corresponding to MSA columns:
# 364-382
name=unknown_J
#
# <colnr> <probs for GDERKNQSTAVLIFYWHMCP>
#	G	D	E	R	K	N	Q	S	T	A	V	L	I	F	Y	W	H	M	C	P
0	0.01555	0.04679	0.01532	0.01281	0.05201	0.09197	0.06975	0.06652	0.11595	0.15868	0.11157	0.02317	0.10169	0.00821	0.00707	0.00181	0.08222	0.00662	0.00481	0.00746
1	0.08813	0.06851	0.01668	0.03357	0.08236	0.09499	0.01051	0.33153	0.05983	0.02544	0.01170	0.01274	0.00897	0.00613	0.00566	0.00160	0.04046	0.00449	0.00425	0.09245
2	0.19815	0.04112	0.01525	0.01433	0.09695	0.21823	0.01034	0.14723	0.01453	0.02055	0.00986	0.01206	0.00812	0.00894	0.06451	0.00226	0.10282	0.00422	0.00344	0.00710
3	0.01399	0.07422	0.01785	0.10118	0.04238	0.16635	0.01224	0.01568	0.01071	0.01381	0.00825	0.01223	0.00757	0.00881	0.03084	0.00223	0.44814	0.00456	0.00257	0.00638
4	0.01217	0.01221	0.01670	0.11551	0.01773	0.04267	0.01240	0.01373	0.00931	0.01369	0.00875	0.04494	0.00862	0.00948	0.01586	0.00234	0.62982	0.00535	0.00260	0.00612
5	0.01289	0.01248	0.02155	0.31000	0.02829	0.01428	0.23030	0.09534	0.01291	0.01749	0.01029	0.01443	0.00807	0.00664	0.00879	0.02212	0.15882	0.00548	0.00294	0.00690
6	0.00974	0.00580	0.00817	0.05857	0.01052	0.00577	0.00612	0.01024	0.03323	0.06971	0.02118	0.38699	0.02316	0.01643	0.01219	0.29903	0.00427	0.01026	0.00420	0.00443
7	0.01245	0.00755	0.03672	0.00812	0.01048	0.00628	0.00657	0.01492	0.01525	0.21793	0.43917	0.08449	0.09587	0.01070	0.00637	0.00181	0.00348	0.00928	0.00612	0.00645
8	0.00717	0.00526	0.00672	0.00732	0.00816	0.00482	0.00512	0.00871	0.01262	0.01697	0.25740	0.46948	0.13885	0.01532	0.00695	0.00208	0.00302	0.01368	0.00552	0.00482
9	0.02111	0.03086	0.01473	0.01112	0.01529	0.01265	0.00918	0.36142	0.02035	0.31248	0.05383	0.01727	0.01348	0.00847	0.03930	0.00199	0.00579	0.00548	0.00589	0.03930
10	0.00754	0.00568	0.00676	0.00655	0.00789	0.00513	0.00477	0.00946	0.01395	0.01871	0.43562	0.06546	0.27808	0.09896	0.00906	0.00223	0.00304	0.01066	0.00555	0.00490
11	0.02033	0.01061	0.01293	0.01027	0.01414	0.01030	0.00840	0.20605	0.05054	0.40014	0.07569	0.02314	0.06884	0.00798	0.00582	0.00175	0.00483	0.02985	0.00624	0.03215
12	0.00750	0.00568	0.00675	0.00696	0.00808	0.00525	0.00491	0.00949	0.03853	0.01685	0.24243	0.26552	0.24472	0.10035	0.00917	0.00237	0.00326	0.01201	0.00532	0.00485
13	0.50286	0.01203	0.01089	0.00909	0.01269	0.01357	0.00741	0.25523	0.01518	0.02756	0.01224	0.01367	0.04085	0.03891	0.00536	0.00188	0.00493	0.00430	0.00426	0.00706
14	0.00746	0.00565	0.00674	0.00661	0.00796	0.00508	0.00482	0.00938	0.01395	0.01864	0.41831	0.10241	0.28838	0.06970	0.00826	0.00212	0.00297	0.01104	0.00560	0.00493
15	0.23046	0.01268	0.01278	0.01043	0.01411	0.01406	0.00849	0.38185	0.09097	0.02935	0.08061	0.01801	0.05830	0.00730	0.00523	0.00174	0.00504	0.00552	0.00511	0.00795
16	0.05188	0.00631	0.00653	0.00618	0.00766	0.00646	0.00458	0.06182	0.01269	0.02113	0.09894	0.02409	0.01864	0.10242	0.00728	0.00190	0.00329	0.00602	0.54681	0.00536
17	0.01594	0.01076	0.01199	0.01032	0.01356	0.01151	0.00810	0.08669	0.40663	0.18741	0.02574	0.02467	0.10458	0.04758	0.00695	0.00203	0.00453	0.00684	0.00582	0.00835
18	0.00962	0.00689	0.00768	0.00738	0.00815	0.00716	0.00476	0.06593	0.09022	0.01458	0.02044	0.11343	0.04155	0.55378	0.02161	0.00436	0.00510	0.00867	0.00406	0.00462

[dist]
# distance from previous block
# <min> <max>
1	4

[block]
# block no. 10 follows, 42 sequences, length 17
# corresponding to MSA columns:
# 387-403
name=unknown_K
#
# <colnr> <probs for GDERKNQSTAVLIFYWHMCP>
#	G	D	E	R	K	N	Q	S	T	A	V	L	I	F	Y	W	H	M	C	P
0	0.01784	0.01279	0.01393	0.01121	0.01456	0.01395	0.00885	0.50094	0.06325	0.05698	0.01623	0.06763	0.01386	0.15020	0.00986	0.00242	0.00572	0.00641	0.00526	0.00811
1	0.00818	0.00573	0.00718	0.00712	0.00833	0.00526	0.00519	0.01010	0.01376	0.04156	0.41335	0.16176	0.15544	0.09136	0.00892	0.00227	0.00323	0.04062	0.00560	0.00504
2	0.00926	0.00620	0.00812	0.00879	0.00998	0.00600	0.00674	0.01182	0.05672	0.06803	0.08414	0.39635	0.06663	0.01510	0.00710	0.00226	0.00394	0.22197	0.00543	0.00541
3	0.00723	0.00511	0.00660	0.00745	0.00786	0.00482	0.00493	0.00828	0.01106	0.01494	0.13145	0.56524	0.03664	0.14798	0.01070	0.00274	0.00355	0.01388	0.00506	0.00448
4	0.00729	0.00517	0.00649	0.00722	0.00765	0.00488	0.00473	0.00822	0.01075	0.01437	0.10373	0.49139	0.07112	0.21527	0.01253	0.00302	0.00374	0.01322	0.00486	0.00436
5	0.02845	0.00624	0.00783	0.00736	0.00891	0.00574	0.00540	0.01217	0.01387	0.12376	0.38441	0.14467	0.10873	0.10626	0.00914	0.00229	0.00343	0.01013	0.00568	0.00554
6	0.06802	0.00625	0.00688	0.00670	0.00798	0.00664	0.00493	0.04185	0.01106	0.01841	0.01702	0.04477	0.01523	0.14701	0.16407	0.00363	0.00588	0.00604	0.41251	0.00511
7	0.04020	0.00511	0.00733	0.00735	0.00750	0.00516	0.00495	0.00769	0.00756	0.01053	0.01058	0.04898	0.01077	0.01895	0.02071	0.77131	0.00480	0.00528	0.00260	0.00267
8	0.00893	0.00659	0.01001	0.00910	0.01068	0.00610	0.07896	0.01124	0.01405	0.05348	0.42465	0.27688	0.04190	0.01256	0.00677	0.00194	0.00362	0.01146	0.00559	0.00550
