[name]
unknown

[dist]
# distance from previous block
# <min> <max>
0	8

[block]
# block no. 0 follows, 44 sequences, length 30
# corresponding to MSA columns:
# 8-37
name=unknown_A
#
# <colnr> <probs for GDERKNQSTAVLIFYWHMCP>
#	G	D	E	R	K	N	Q	S	T	A	V	L	I	F	Y	W	H	M	C	P
0	0.03743	0.09194	0.08738	0.01032	0.01307	0.04190	0.00963	0.01320	0.01227	0.01647	0.04001	0.04200	0.02290	0.01116	0.00628	0.00204	0.00543	0.44740	0.00418	0.08499
1	0.11178	0.35090	0.09820	0.01153	0.05038	0.12861	0.01026	0.04135	0.01230	0.04864	0.00903	0.01022	0.00739	0.00500	0.00415	0.00134	0.00627	0.00341	0.00291	0.08632
2	0.51587	0.04927	0.09619	0.05469	0.04670	0.01273	0.00915	0.07439	0.01133	0.02253	0.00982	0.01327	0.00811	0.00581	0.00421	0.00172	0.00518	0.04910	0.00339	0.00653
3	0.05445	0.28033	0.04112	0.04631	0.06449	0.25747	0.01068	0.13049	0.01479	0.03958	0.00941	0.01066	0.00760	0.00539	0.00454	0.00142	0.00716	0.00372	0.00316	0.00724
4	0.00790	0.00620	0.00740	0.00818	0.00909	0.03825	0.00613	0.00954	0.01213	0.01587	0.15650	0.41400	0.08646	0.01488	0.00688	0.00214	0.00376	0.18477	0.00512	0.00478
5	0.03802	0.03519	0.35742	0.16132	0.08901	0.01183	0.06155	0.03218	0.01212	0.01751	0.08306	0.05200	0.01281	0.00630	0.00544	0.00175	0.00688	0.00545	0.00297	0.00718
6	0.00683	0.00543	0.00614	0.00620	0.00766	0.00473	0.00456	0.00849	0.01300	0.01664	0.25573	0.15723	0.46103	0.01352	0.00651	0.00186	0.00277	0.01161	0.00533	0.00473
7	0.01815	0.25996	0.01973	0.01142	0.01575	0.01802	0.00988	0.45958	0.09126	0.02664	0.01226	0.01244	0.00927	0.00605	0.00486	0.00151	0.00579	0.00441	0.00450	0.00851
8	0.00680	0.00487	0.00647	0.00748	0.00794	0.00453	0.00507	0.00799	0.01117	0.01508	0.13869	0.69288	0.03831	0.01621	0.00688	0.00214	0.00308	0.01467	0.00520	0.00453
9	0.01458	0.81168	0.02857	0.00933	0.01399	0.02157	0.00933	0.01632	0.01108	0.01283	0.00758	0.00875	0.00700	0.00466	0.00350	0.00117	0.00583	0.00292	0.00233	0.00700
10	0.01310	0.01256	0.02143	0.12616	0.68474	0.01285	0.01654	0.01639	0.01223	0.01734	0.01019	0.01362	0.00847	0.00493	0.00540	0.00164	0.00657	0.00486	0.00267	0.00832
11	0.00664	0.00474	0.00633	0.00759	0.00791	0.00443	0.00506	0.00759	0.01044	0.01392	0.03005	0.80485	0.03606	0.01708	0.00696	0.00221	0.00316	0.01550	0.00506	0.00443
12	0.01130	0.00969	0.01130	0.00807	0.01292	0.00727	0.00646	0.01373	0.01130	0.01776	0.00969	0.01130	0.00807	0.00404	0.00404	0.00081	0.00404	0.00323	0.00323	0.84173
13	0.00666	0.00546	0.00587	0.00592	0.00753	0.00467	0.00438	0.00818	0.01269	0.01573	0.16143	0.12207	0.59307	0.01371	0.00649	0.00186	0.00277	0.01164	0.00520	0.00467
14	0.01314	0.01260	0.02150	0.11669	0.69389	0.01286	0.01656	0.01643	0.01225	0.01739	0.01019	0.01361	0.00849	0.00492	0.00540	0.00164	0.00656	0.00486	0.00267	0.00835
15	0.01084	0.00967	0.01621	0.76512	0.03664	0.01195	0.01487	0.01441	0.01108	0.04329	0.01014	0.01469	0.00751	0.00550	0.00545	0.00181	0.00717	0.00487	0.00259	0.00618
16	0.00680	0.00486	0.00646	0.00749	0.00794	0.00453	0.00507	0.00798	0.01116	0.01506	0.13704	0.69459	0.03828	0.01622	0.00688	0.00214	0.00308	0.01468	0.00520	0.00453
17	0.01207	0.33262	0.35532	0.01265	0.01829	0.01555	0.04755	0.01587	0.01121	0.01509	0.01082	0.08585	0.00978	0.00621	0.00512	0.00158	0.02982	0.00481	0.00260	0.00720
18	0.01988	0.00987	0.01218	0.00965	0.01314	0.00954	0.00775	0.19693	0.01691	0.43360	0.05854	0.02163	0.04608	0.09262	0.02429	0.00221	0.00506	0.00608	0.00589	0.00815
19	0.00653	0.00545	0.00569	0.00579	0.00745	0.00461	0.00428	0.00792	0.01239	0.01500	0.08824	0.12327	0.66673	0.01399	0.00649	0.00187	0.00279	0.01180	0.00511	0.00461
20	0.01216	0.29178	0.52730	0.01345	0.02036	0.01566	0.01650	0.01695	0.01136	0.01577	0.00904	0.01058	0.00694	0.00501	0.00461	0.00154	0.00731	0.00365	0.00231	0.00770
21	0.01093	0.02820	0.78016	0.01554	0.02360	0.01266	0.02014	0.01727	0.01151	0.01727	0.00978	0.01151	0.00691	0.00518	0.00518	0.00173	0.00806	0.00403	0.00230	0.00806
22	0.03429	0.01687	0.01429	0.01239	0.02866	0.34907	0.03683	0.05863	0.02887	0.24438	0.01507	0.03487	0.02984	0.04681	0.00667	0.00178	0.02405	0.00509	0.00431	0.00722
23	0.84691	0.01054	0.00801	0.00717	0.01054	0.01223	0.00590	0.01603	0.00928	0.02446	0.00759	0.00886	0.00590	0.00506	0.00337	0.00169	0.00422	0.00295	0.00337	0.00590
24	0.01639	0.01283	0.01143	0.01033	0.01285	0.23076	0.00795	0.03185	0.05156	0.22896	0.10097	0.16338	0.03347	0.00942	0.00583	0.00176	0.00564	0.05285	0.00502	0.00674
25	0.01093	0.02820	0.78016	0.01554	0.02360	0.01266	0.02014	0.01727	0.01151	0.01727	0.00978	0.01151	0.00691	0.00518	0.00518	0.00173	0.00806	0.00403	0.00230	0.00806
26	0.01076	0.01056	0.01757	0.41299	0.06012	0.01270	0.10286	0.01371	0.01076	0.01441	0.01361	0.01751	0.08000	0.00706	0.00854	0.00194	0.19035	0.00565	0.00272	0.00617
27	0.00778	0.00536	0.00660	0.00672	0.00696	0.00554	0.00424	0.00829	0.00835	0.01134	0.01784	0.10554	0.02001	0.56567	0.19159	0.00575	0.00712	0.00819	0.00339	0.00375
28	0.01130	0.00969	0.01130	0.00807	0.01292	0.00727	0.00646	0.01373	0.01130	0.01776	0.00969	0.01130	0.00807	0.00404	0.00404	0.00081	0.00404	0.00323	0.00323	0.84173
29	0.01371	0.01093	0.01225	0.00955	0.01341	0.02422	0.00767	0.17861	0.06414	0.05375	0.01648	0.03849	0.08233	0.00657	0.00565	0.00134	0.05139	0.00511	0.00419	0.40019

[dist]
# distance from previous block
# <min> <max>
0	1

[block]
# block no. 1 follows, 44 sequences, length 30
# corresponding to MSA columns:
# 39-68
name=unknown_B
#
# <colnr> <probs for GDERKNQSTAVLIFYWHMCP>
#	G	D	E	R	K	N	Q	S	T	A	V	L	I	F	Y	W	H	M	C	P
0	0.01390	0.60280	0.20485	0.01094	0.01634	0.04351	0.01191	0.01672	0.01132	0.01389	0.00812	0.00943	0.00698	0.00482	0.00394	0.00131	0.00648	0.00320	0.00234	0.00722
1	0.00949	0.00726	0.00857	0.02781	0.01043	0.00701	0.00603	0.03386	0.12591	0.04351	0.32905	0.07744	0.20208	0.01051	0.00605	0.00171	0.00331	0.00903	0.00535	0.07556
2	0.35929	0.09048	0.03328	0.01008	0.01395	0.06517	0.00855	0.25313	0.07812	0.02545	0.01067	0.01128	0.00808	0.00573	0.00438	0.00162	0.00541	0.00390	0.00405	0.00739
3	0.01096	0.00980	0.01214	0.01074	0.01262	0.07900	0.04469	0.07523	0.01117	0.01527	0.01261	0.01757	0.01131	0.02689	0.47170	0.00587	0.08865	0.00526	0.00309	0.07542
4	0.01296	0.44500	0.35515	0.01282	0.04295	0.01742	0.01427	0.01675	0.01131	0.01492	0.00862	0.01010	0.00701	0.00489	0.00429	0.00142	0.00682	0.00346	0.00233	0.00751
5	0.01142	0.11764	0.66870	0.01508	0.02266	0.01372	0.04367	0.01716	0.01151	0.01676	0.00957	0.01130	0.00696	0.00510	0.00503	0.00167	0.00784	0.00398	0.00232	0.00791
6	0.01342	0.01344	0.02325	0.06753	0.57444	0.03431	0.14521	0.01708	0.02563	0.01753	0.01052	0.01377	0.00860	0.00491	0.00557	0.00167	0.00704	0.00512	0.00275	0.00822
7	0.01065	0.00978	0.01515	0.58376	0.03093	0.01175	0.01322	0.01525	0.08929	0.01509	0.01115	0.01512	0.00862	0.00741	0.04417	0.00210	0.03284	0.00489	0.00284	0.07598
8	0.00747	0.00632	0.03635	0.00801	0.00914	0.00544	0.01944	0.00969	0.03792	0.01683	0.25256	0.48015	0.06155	0.01418	0.00666	0.00201	0.00331	0.01276	0.00521	0.00498
9	0.05950	0.04859	0.04157	0.01228	0.01607	0.15346	0.01028	0.37223	0.01914	0.12873	0.01231	0.01272	0.00894	0.00646	0.00621	0.00165	0.07259	0.00452	0.00457	0.00817
10	0.01034	0.00647	0.00925	0.00916	0.01057	0.00608	0.04590	0.03659	0.01208	0.12892	0.02706	0.53804	0.02981	0.01430	0.00672	0.00213	0.00400	0.09185	0.00520	0.00553
11	0.00647	0.00542	0.00563	0.00580	0.00744	0.00458	0.00426	0.00779	0.01216	0.01462	0.05189	0.15224	0.67457	0.01424	0.00651	0.00189	0.00281	0.01204	0.00506	0.00458
12	0.01124	0.01026	0.01637	0.69225	0.03470	0.01273	0.01459	0.07582	0.01201	0.01559	0.00985	0.01429	0.00743	0.00574	0.00605	0.00183	0.04540	0.00485	0.00267	0.00632
13	0.01030	0.00969	0.01635	0.79530	0.03755	0.01211	0.01514	0.01393	0.01090	0.01393	0.00969	0.01453	0.00727	0.00545	0.00545	0.00182	0.00727	0.00484	0.00242	0.00606
14	0.00650	0.00553	0.00561	0.00559	0.00740	0.00463	0.00419	0.00794	0.01257	0.01506	0.08900	0.05191	0.73820	0.01368	0.00644	0.00183	0.00275	0.01143	0.00511	0.00463
15	0.01458	0.81168	0.02857	0.00933	0.01399	0.02157	0.00933	0.01632	0.01108	0.01283	0.00758	0.00875	0.00700	0.00466	0.00350	0.00117	0.00583	0.00292	0.00233	0.00700
16	0.00793	0.00529	0.00595	0.00595	0.00595	0.00529	0.00330	0.00793	0.00793	0.01057	0.01718	0.03568	0.01982	0.80840	0.02775	0.00529	0.00529	0.00793	0.00330	0.00330
17	0.13123	0.01126	0.01308	0.01024	0.01433	0.01136	0.00843	0.23223	0.05445	0.43077	0.01732	0.01582	0.01145	0.00650	0.00520	0.00168	0.00495	0.00502	0.00588	0.00880
18	0.01045	0.00689	0.00869	0.00820	0.00869	0.04370	0.00580	0.02791	0.00841	0.01116	0.01014	0.03684	0.01014	0.04385	0.01883	0.61713	0.07117	0.00500	0.00261	0.04440
19	0.01798	0.00825	0.01084	0.00887	0.01202	0.00752	0.00711	0.02135	0.07803	0.46347	0.27116	0.02608	0.02639	0.00827	0.00580	0.00171	0.00392	0.00700	0.00640	0.00785
20	0.00729	0.00542	0.00679	0.00673	0.00796	0.00492	0.00494	0.00936	0.01402	0.01916	0.50979	0.17180	0.18640	0.01265	0.00652	0.00182	0.00271	0.01112	0.00566	0.00492
21	0.04094	0.09412	0.65181	0.01443	0.02185	0.01319	0.01814	0.01759	0.01159	0.05365	0.01008	0.01152	0.00720	0.00521	0.00499	0.00168	0.00757	0.00397	0.00256	0.00795
22	0.01236	0.03598	0.11356	0.23337	0.44392	0.01295	0.01630	0.01637	0.03224	0.01671	0.01030	0.01358	0.00823	0.00512	0.00534	0.00168	0.00681	0.00473	0.00264	0.00783
23	0.01377	0.54563	0.22021	0.03808	0.01740	0.05567	0.01236	0.01674	0.01139	0.01403	0.00826	0.00970	0.00698	0.00487	0.00406	0.00134	0.00664	0.00330	0.00235	0.00720
24	0.01697	0.24763	0.17524	0.01109	0.01605	0.01403	0.01105	0.04076	0.13248	0.25965	0.01493	0.01439	0.01064	0.00592	0.00485	0.00157	0.00567	0.00453	0.00432	0.00826
25	0.01350	0.08224	0.17858	0.02266	0.38729	0.05448	0.01497	0.05246	0.01278	0.01784	0.00991	0.01221	0.00802	0.00493	0.00501	0.00150	0.00662	0.00426	0.00279	0.10794
26	0.01406	0.01270	0.02941	0.06738	0.45902	0.03366	0.03968	0.07759	0.07536	0.05567	0.01343	0.07342	0.01148	0.00626	0.00556	0.00170	0.00617	0.00580	0.00351	0.00815
27	0.01467	0.01298	0.06102	0.07529	0.29162	0.03786	0.13298	0.03753	0.01330	0.14801	0.01599	0.01756	0.07286	0.00599	0.00559	0.00167	0.00644	0.00562	0.00366	0.03937
28	0.01366	0.01372	0.02160	0.07239	0.61007	0.07285	0.06393	0.01682	0.01255	0.01714	0.01056	0.03053	0.00901	0.00520	0.00546	0.00164	0.00689	0.00509	0.00275	0.00814
29	0.01435	0.01300	0.02055	0.06192	0.39766	0.05234	0.12073	0.03727	0.04953	0.08143	0.04913	0.01554	0.01128	0.00575	0.00620	0.00171	0.04489	0.00537	0.00339	0.00798

[dist]
# distance from previous block
# <min> <max>
1	19

[block]
# block no. 2 follows, 44 sequences, length 112
# corresponding to MSA columns:
# 88-199
name=unknown_C
#
# <colnr> <probs for GDERKNQSTAVLIFYWHMCP>
#	G	D	E	R	K	N	Q	S	T	A	V	L	I	F	Y	W	H	M	C	P
0	0.01482	0.13898	0.05114	0.01935	0.29378	0.04245	0.03221	0.09736	0.08559	0.05439	0.01167	0.01314	0.00923	0.00527	0.00496	0.00148	0.00600	0.00447	0.00345	0.11029
1	0.01494	0.10302	0.21397	0.01252	0.01769	0.01343	0.05924	0.15192	0.14052	0.09629	0.03249	0.01458	0.01094	0.00589	0.00514	0.00158	0.00602	0.00479	0.00407	0.09096
2	0.05522	0.01300	0.02672	0.01133	0.01549	0.07908	0.04747	0.17945	0.10599	0.28508	0.01587	0.01522	0.01103	0.00614	0.00521	0.00157	0.00554	0.00491	0.00513	0.11055
3	0.01570	0.01350	0.01929	0.01448	0.01899	0.04210	0.23433	0.22203	0.10959	0.06806	0.02928	0.01494	0.01072	0.00568	0.00551	0.00157	0.00639	0.00531	0.00424	0.15830
4	0.01518	0.01409	0.09505	0.01733	0.07684	0.01238	0.28989	0.03639	0.17910	0.16235	0.01529	0.01616	0.01101	0.00572	0.00578	0.00176	0.00675	0.00573	0.00414	0.02907
5	0.01613	0.01072	0.01625	0.01197	0.01658	0.00930	0.16684	0.03922	0.03725	0.26544	0.03659	0.01558	0.01145	0.00542	0.00517	0.00140	0.00535	0.00498	0.00449	0.31989
6	0.00997	0.00520	0.00751	0.00734	0.00754	0.00527	0.00498	0.04030	0.00792	0.01057	0.00963	0.01642	0.00946	0.01839	0.02060	0.80417	0.00479	0.00474	0.00250	0.00267
7	0.01208	0.01242	0.04330	0.01559	0.06369	0.01044	0.29493	0.01586	0.03265	0.01777	0.01058	0.01299	0.00838	0.00443	0.00511	0.00131	0.00629	0.00466	0.00305	0.42445
8	0.00942	0.00475	0.00707	0.00707	0.00707	0.00475	0.00469	0.00713	0.00713	0.00950	0.00970	0.01715	0.00978	0.04288	0.02150	0.81602	0.00475	0.00483	0.00240	0.00240
9	0.01296	0.01446	0.03076	0.02445	0.13341	0.01367	0.65081	0.01736	0.01280	0.01751	0.01092	0.01454	0.00832	0.00463	0.00629	0.00181	0.00881	0.00621	0.00275	0.00753
10	0.41719	0.01356	0.01223	0.01003	0.01380	0.05928	0.00820	0.34619	0.02946	0.02820	0.01033	0.01099	0.00765	0.00579	0.00443	0.00165	0.00534	0.00391	0.00430	0.00747
11	0.00759	0.00542	0.00742	0.00868	0.00941	0.00525	0.00671	0.00923	0.01137	0.01498	0.02952	0.47535	0.03398	0.01618	0.00721	0.00235	0.00399	0.33562	0.00504	0.00469
12	0.00991	0.00633	0.00838	0.00786	0.00946	0.00602	0.00621	0.01231	0.01464	0.10819	0.51450	0.04078	0.07544	0.01128	0.00688	0.00186	0.03080	0.11776	0.00577	0.00561
13	0.01122	0.08931	0.72153	0.01505	0.02285	0.01336	0.01930	0.01719	0.01148	0.01692	0.00961	0.01129	0.00691	0.00514	0.00505	0.00168	0.00788	0.00394	0.00230	0.00797
14	0.02043	0.02401	0.01562	0.01377	0.01686	0.64508	0.01050	0.15674	0.01732	0.01720	0.00928	0.01043	0.00744	0.00579	0.00501	0.00145	0.00913	0.00377	0.00330	0.00686
15	0.00664	0.00474	0.00633	0.00759	0.00791	0.00443	0.00506	0.00759	0.01044	0.01392	0.03005	0.80485	0.03606	0.01708	0.00696	0.00221	0.00316	0.01550	0.00506	0.00443
16	0.01248	0.01370	0.02831	0.13422	0.07862	0.01366	0.55536	0.01665	0.01229	0.01672	0.01056	0.01444	0.00809	0.00503	0.00690	0.00185	0.05526	0.00600	0.00268	0.00717
17	0.00916	0.00797	0.01408	0.01212	0.01410	0.00752	0.21901	0.03131	0.01160	0.02973	0.02374	0.52788	0.02666	0.02863	0.00715	0.00214	0.00503	0.01229	0.00441	0.00546
18	0.02446	0.00928	0.01265	0.00970	0.01392	0.00801	0.00801	0.02657	0.01560	0.77817	0.02151	0.01856	0.01350	0.00675	0.00548	0.00169	0.00464	0.00548	0.00675	0.00928
19	0.01211	0.01262	0.02106	0.01674	0.01837	0.01564	0.22975	0.01430	0.00971	0.01441	0.00868	0.02621	0.00797	0.00822	0.01434	0.00222	0.55332	0.00544	0.00254	0.00635
20	0.01281	0.01452	0.03115	0.02240	0.02755	0.01398	0.70544	0.01718	0.01257	0.01718	0.01077	0.01452	0.00820	0.00492	0.00719	0.00187	0.06143	0.00632	0.00273	0.00726
21	0.01093	0.02820	0.78016	0.01554	0.02360	0.01266	0.02014	0.01727	0.01151	0.01727	0.00978	0.01151	0.00691	0.00518	0.00518	0.00173	0.00806	0.00403	0.00230	0.00806
22	0.00664	0.00474	0.00633	0.00759	0.00791	0.00443	0.00506	0.00759	0.01044	0.01392	0.03005	0.80485	0.03606	0.01708	0.00696	0.00221	0.00316	0.01550	0.00506	0.00443
23	0.01938	0.01599	0.01737	0.01352	0.01773	0.09269	0.07771	0.55611	0.08471	0.02978	0.01319	0.01351	0.00957	0.00635	0.00550	0.00165	0.00653	0.00501	0.00495	0.00875
24	0.00751	0.00556	0.00700	0.00664	0.00802	0.00505	0.00498	0.00988	0.01493	0.02068	0.65287	0.04267	0.17082	0.01159	0.00643	0.00174	0.00260	0.01013	0.00585	0.00505
25	0.00672	0.00553	0.00591	0.00582	0.00753	0.00472	0.00436	0.00836	0.01308	0.01629	0.21213	0.04989	0.61431	0.01322	0.00644	0.00181	0.00272	0.01115	0.00527	0.00472
26	0.00658	0.00539	0.00582	0.00609	0.00759	0.00463	0.00447	0.00794	0.01212	0.01482	0.07124	0.20338	0.58402	0.01441	0.00657	0.00193	0.00289	0.03042	0.00509	0.00459
27	0.01458	0.81168	0.02857	0.00933	0.01399	0.02157	0.00933	0.01632	0.01108	0.01283	0.00758	0.00875	0.00700	0.00466	0.00350	0.00117	0.00583	0.00292	0.00233	0.00700
28	0.00664	0.00474	0.00633	0.00759	0.00791	0.00443	0.00506	0.00759	0.01044	0.01392	0.03005	0.80485	0.03606	0.01708	0.00696	0.00221	0.00316	0.01550	0.00506	0.00443
29	0.00651	0.00545	0.00567	0.00578	0.00745	0.00461	0.00427	0.00789	0.01234	0.01491	0.07919	0.12667	0.67254	0.01403	0.00649	0.00187	0.00279	0.01184	0.00510	0.00461
30	0.07886	0.06590	0.01566	0.01279	0.01564	0.39624	0.01009	0.12947	0.08966	0.01815	0.01021	0.01149	0.00824	0.00634	0.00652	0.00161	0.10870	0.00407	0.00343	0.00695
31	0.01365	0.01226	0.01288	0.01152	0.01429	0.04242	0.00903	0.02713	0.66186	0.02150	0.02019	0.01912	0.01535	0.00754	0.00675	0.00189	0.08329	0.00593	0.00513	0.00828
32	0.00772	0.00557	0.00729	0.00686	0.00814	0.00514	0.00514	0.01029	0.01543	0.02186	0.77152	0.04072	0.05144	0.01115	0.00643	0.00171	0.00257	0.00986	0.00600	0.00514
33	0.01111	0.04135	0.72315	0.01586	0.02371	0.01289	0.06280	0.01726	0.01158	0.01720	0.00982	0.01165	0.00699	0.00514	0.00522	0.00172	0.00808	0.00415	0.00233	0.00800
34	0.02325	0.00925	0.01239	0.00963	0.01369	0.00816	0.00791	0.02601	0.05246	0.71144	0.03626	0.01974	0.02960	0.00700	0.00552	0.00170	0.00455	0.00572	0.00664	0.00907
35	0.02037	0.02598	0.01545	0.01404	0.01685	0.78652	0.01053	0.02177	0.01545	0.01334	0.00843	0.00983	0.00702	0.00562	0.00492	0.00140	0.00983	0.00351	0.00281	0.00632
36	0.01421	0.73396	0.10313	0.00994	0.01495	0.02069	0.01040	0.01642	0.01112	0.01327	0.00780	0.00902	0.00699	0.00472	0.00366	0.00122	0.00605	0.00303	0.00233	0.00710
37	0.02408	0.00936	0.01264	0.00975	0.01393	0.00821	0.00803	0.02665	0.04159	0.75197	0.02153	0.01862	0.01360	0.00677	0.00548	0.00169	0.00463	0.00551	0.00671	0.00926
38	0.00772	0.00557	0.00729	0.00686	0.00814	0.00514	0.00514	0.01029	0.01543	0.02186	0.77152	0.04072	0.05144	0.01115	0.00643	0.00171	0.00257	0.00986	0.00600	0.00514
39	0.01673	0.01128	0.01439	0.01186	0.01552	0.01193	0.08245	0.02711	0.46715	0.24701	0.02088	0.01925	0.01488	0.00693	0.00562	0.00180	0.00489	0.00599	0.00563	0.00870
40	0.00772	0.00557	0.00729	0.00686	0.00814	0.00514	0.00514	0.01029	0.01543	0.02186	0.77152	0.04072	0.05144	0.01115	0.00643	0.00171	0.00257	0.00986	0.00600	0.00514
41	0.02250	0.00898	0.01211	0.00946	0.01335	0.00788	0.00774	0.02502	0.03591	0.68265	0.09593	0.02080	0.01734	0.00720	0.00558	0.00169	0.00443	0.00594	0.00664	0.00885
42	0.48553	0.01336	0.01133	0.00962	0.01308	0.09040	0.00780	0.20094	0.06062	0.02540	0.00993	0.01080	0.00755	0.00575	0.00458	0.00168	0.02702	0.00374	0.00394	0.00695
43	0.00914	0.00678	0.00897	0.00991	0.01138	0.00692	0.00852	0.01289	0.08802	0.01688	0.02959	0.05689	0.06915	0.01422	0.00727	0.00241	0.00483	0.62581	0.00508	0.00536
44	0.01320	0.01164	0.01386	0.01207	0.01513	0.03369	0.08185	0.06947	0.50113	0.02153	0.02172	0.06186	0.02955	0.00835	0.00589	0.00191	0.00504	0.07915	0.00511	0.00785
45	0.01125	0.01067	0.01808	0.56700	0.25836	0.01236	0.01562	0.01477	0.01135	0.01509	0.00986	0.01422	0.00768	0.00527	0.00543	0.00176	0.00703	0.00485	0.00251	0.00683
46	0.01130	0.00969	0.01130	0.00807	0.01292	0.00727	0.00646	0.01373	0.01130	0.01776	0.00969	0.01130	0.00807	0.00404	0.00404	0.00081	0.00404	0.00323	0.00323	0.84173
47	0.01329	0.01274	0.02175	0.08300	0.72648	0.01290	0.01663	0.01655	0.01232	0.01756	0.01022	0.01356	0.00855	0.00490	0.00540	0.00163	0.00653	0.00486	0.00268	0.00847
48	0.01314	0.01109	0.01625	0.01224	0.01662	0.00996	0.17086	0.12527	0.01404	0.04879	0.01356	0.04554	0.01180	0.00619	0.00528	0.00141	0.00555	0.07756	0.00383	0.39105
49	0.00746	0.00582	0.00889	0.00912	0.00997	0.00549	0.07463	0.00881	0.01069	0.01425	0.02749	0.63178	0.03223	0.05900	0.00809	0.00237	0.00398	0.07051	0.00475	0.00468
50	0.01132	0.00974	0.01144	0.00823	0.01295	0.00750	0.00659	0.01371	0.01123	0.01765	0.00963	0.01132	0.00805	0.00417	0.00437	0.00085	0.02335	0.00327	0.00321	0.82141
51	0.01868	0.06970	0.01634	0.01368	0.01626	0.59162	0.01060	0.04146	0.03464	0.01414	0.00870	0.01043	0.00736	0.00618	0.00667	0.00155	0.11889	0.00376	0.00287	0.00646
52	0.01093	0.02820	0.78016	0.01554	0.02360	0.01266	0.02014	0.01727	0.01151	0.01727	0.00978	0.01151	0.00691	0.00518	0.00518	0.00173	0.00806	0.00403	0.00230	0.00806
53	0.01136	0.00819	0.01017	0.00901	0.01100	0.00862	0.01906	0.05112	0.12494	0.10520	0.24374	0.08970	0.17174	0.01053	0.00752	0.00187	0.09599	0.00867	0.00527	0.00630
54	0.00682	0.00484	0.00635	0.00749	0.00780	0.00456	0.00498	0.00771	0.01024	0.01364	0.02874	0.71047	0.03433	0.09553	0.00903	0.00253	0.00342	0.03230	0.00489	0.00433
55	0.01878	0.03623	0.01486	0.01153	0.01521	0.11194	0.00935	0.46739	0.02154	0.08920	0.13183	0.01733	0.01587	0.00711	0.00549	0.00161	0.00583	0.00550	0.00522	0.00819
56	0.01421	0.73396	0.10313	0.00994	0.01495	0.02069	0.01040	0.01642	0.01112	0.01327	0.00780	0.00902	0.00699	0.00472	0.00366	0.00122	0.00605	0.00303	0.00233	0.00710
57	0.00734	0.00552	0.00704	0.00797	0.00872	0.00537	0.00575	0.00926	0.04766	0.01476	0.03212	0.56097	0.12276	0.01580	0.00710	0.00219	0.01797	0.11190	0.00503	0.00476
58	0.05102	0.00946	0.01208	0.00942	0.01333	0.00869	0.00774	0.09220	0.01590	0.60836	0.01988	0.01789	0.01289	0.00663	0.00524	0.00164	0.00454	0.00530	0.08904	0.00874
59	0.00786	0.00556	0.00720	0.00691	0.00819	0.00510	0.00513	0.01020	0.01477	0.03546	0.64194	0.11677	0.09078	0.01180	0.00646	0.00177	0.00268	0.01043	0.00587	0.00512
60	0.01969	0.01472	0.01636	0.09019	0.01895	0.01643	0.01084	0.68258	0.02417	0.03233	0.01275	0.01323	0.00907	0.00644	0.00545	0.00165	0.00612	0.00490	0.00515	0.00895
61	0.02032	0.00959	0.01221	0.01004	0.01369	0.00918	0.00821	0.04058	0.17630	0.51768	0.03583	0.02312	0.01640	0.00772	0.00570	0.00180	0.00459	0.07208	0.00629	0.00868
62	0.02432	0.00950	0.01279	0.00980	0.01403	0.00834	0.00810	0.05352	0.01597	0.75070	0.02120	0.01835	0.01334	0.00674	0.00548	0.00169	0.00469	0.00546	0.00670	0.00928
63	0.01478	0.01154	0.01244	0.01098	0.01420	0.01307	0.00860	0.04278	0.67597	0.09796	0.02195	0.02002	0.01619	0.00732	0.00554	0.00183	0.00438	0.00607	0.00566	0.00871
64	0.01349	0.01295	0.02213	0.03346	0.77440	0.01295	0.01673	0.01673	0.01241	0.01781	0.01025	0.01349	0.00864	0.00486	0.00540	0.00162	0.00648	0.00486	0.00270	0.00864
65	0.00800	0.00685	0.00723	0.00823	0.00879	0.08201	0.00560	0.00900	0.01093	0.01386	0.02790	0.72598	0.03318	0.01594	0.00676	0.00213	0.00382	0.01431	0.00484	0.00462
66	0.01358	0.01575	0.03007	0.02184	0.02693	0.09053	0.65953	0.01777	0.01299	0.01693	0.01066	0.01414	0.00812	0.00484	0.00661	0.00181	0.03184	0.00610	0.00275	0.00721
67	0.05976	0.00787	0.01056	0.23116	0.09199	0.00872	0.00866	0.04234	0.01180	0.01905	0.01398	0.01707	0.01090	0.00588	0.00447	0.00150	0.00450	0.00486	0.43900	0.00592
68	0.00755	0.00531	0.00687	0.00719	0.00758	0.00549	0.00479	0.00842	0.00901	0.01232	0.04002	0.22802	0.02306	0.36830	0.23625	0.00539	0.00730	0.00932	0.00372	0.00408
69	0.01039	0.00988	0.01694	0.76677	0.03721	0.01217	0.04245	0.01406	0.01097	0.01406	0.00974	0.01454	0.00730	0.00542	0.00549	0.00182	0.00734	0.00490	0.00243	0.00610
70	0.01318	0.01560	0.09338	0.01498	0.01664	0.11315	0.06606	0.03351	0.01032	0.01440	0.00800	0.01185	0.00725	0.00818	0.01386	0.00214	0.54390	0.00466	0.00253	0.00640
71	0.00685	0.00490	0.00651	0.00745	0.00795	0.00456	0.00508	0.00810	0.01139	0.01543	0.17125	0.65933	0.03899	0.01595	0.00686	0.00212	0.00305	0.01442	0.00524	0.00456
72	0.72814	0.01122	0.00921	0.00794	0.01146	0.01290	0.00655	0.12243	0.01163	0.02588	0.00838	0.00946	0.00639	0.00527	0.00367	0.00168	0.00447	0.00323	0.00367	0.00639
73	0.01268	0.01236	0.01981	0.25913	0.50936	0.04355	0.01576	0.01592	0.01208	0.01641	0.01090	0.01442	0.02321	0.00524	0.00541	0.00167	0.00677	0.00493	0.00267	0.00769
74	0.00779	0.00583	0.00870	0.00870	0.00965	0.00678	0.00674	0.00970	0.00874	0.01261	0.01466	0.02173	0.01376	0.05770	0.77018	0.00869	0.01440	0.00589	0.00293	0.00483
75	0.00775	0.00521	0.00600	0.00617	0.00621	0.00517	0.00354	0.00788	0.00827	0.01103	0.01893	0.14039	0.02203	0.70067	0.02492	0.00487	0.00500	0.00896	0.00354	0.00346
76	0.01340	0.01286	0.02196	0.05527	0.75331	0.01293	0.01669	0.01665	0.01237	0.01770	0.01024	0.01352	0.00860	0.00487	0.00540	0.00162	0.00650	0.00486	0.00269	0.00856
77	0.01293	0.01453	0.03117	0.02402	0.10249	0.01370	0.68140	0.01739	0.01282	0.01750	0.01095	0.01459	0.00831	0.00462	0.00633	0.00182	0.00892	0.00628	0.00275	0.00748
78	0.02001	0.01492	0.01596	0.01240	0.01664	0.01657	0.01019	0.68407	0.09893	0.03321	0.01399	0.01381	0.01000	0.00663	0.00546	0.00166	0.00583	0.00503	0.00546	0.00921
79	0.02409	0.00987	0.01302	0.00998	0.01421	0.00889	0.00824	0.09825	0.01659	0.70509	0.02068	0.01802	0.01308	0.00673	0.00548	0.00168	0.00477	0.00543	0.00662	0.00928
80	0.01368	0.01368	0.02262	0.05374	0.64105	0.05161	0.08957	0.01697	0.01257	0.01744	0.01022	0.01346	0.00848	0.00489	0.00548	0.00164	0.00694	0.00495	0.00270	0.00832
81	0.08281	0.01023	0.01251	0.00997	0.01392	0.00996	0.00813	0.07661	0.15347	0.53245	0.02003	0.01779	0.01322	0.00673	0.00534	0.00171	0.00464	0.00538	0.00619	0.00891
82	0.00721	0.00513	0.00688	0.00807	0.00859	0.00490	0.00583	0.00847	0.01079	0.01429	0.02907	0.59065	0.03409	0.05958	0.00822	0.00245	0.00371	0.18261	0.00496	0.00450
83	0.01107	0.04306	0.73950	0.01568	0.02358	0.01287	0.04541	0.01725	0.01155	0.01719	0.00978	0.01157	0.00696	0.00515	0.00519	0.00172	0.00805	0.00409	0.00232	0.00801
84	0.01237	0.01436	0.06073	0.13179	0.04364	0.01367	0.55572	0.01666	0.01223	0.01668	0.01052	0.01434	0.00801	0.00507	0.00696	0.00186	0.05963	0.00597	0.00267	0.00714
85	0.01294	0.01450	0.03096	0.02424	0.11809	0.01369	0.66596	0.01738	0.01281	0.01750	0.01094	0.01456	0.00832	0.00463	0.00631	0.00181	0.00887	0.00624	0.00275	0.00751
86	0.00749	0.00551	0.00668	0.00651	0.00766	0.00507	0.00470	0.00930	0.01322	0.01791	0.44033	0.05754	0.20161	0.15847	0.01039	0.00243	0.00320	0.03205	0.00525	0.00467
87	0.01980	0.01410	0.09275	0.01330	0.01789	0.08558	0.14676	0.07815	0.01529	0.41062	0.01676	0.03839	0.01158	0.00637	0.00561	0.00170	0.00638	0.00557	0.00505	0.00838
88	0.01114	0.01055	0.01788	0.59338	0.23284	0.01234	0.01556	0.01467	0.01130	0.01496	0.00984	0.01426	0.00763	0.00529	0.00544	0.00176	0.00706	0.00485	0.00250	0.00674
89	0.01103	0.04779	0.76136	0.01538	0.02336	0.01288	0.01987	0.01724	0.01150	0.01715	0.00973	0.01144	0.00691	0.00517	0.00514	0.00171	0.00800	0.00400	0.00230	0.00803
90	0.02348	0.00975	0.01281	0.00994	0.01408	0.00885	0.00817	0.06229	0.07094	0.68662	0.02115	0.01842	0.01352	0.00679	0.00549	0.00170	0.00468	0.00550	0.00660	0.00923
91	0.01004	0.00928	0.01545	0.71709	0.03463	0.01142	0.01415	0.01357	0.01135	0.01472	0.08526	0.01713	0.01165	0.00602	0.00555	0.00181	0.00680	0.00534	0.00278	0.00597
92	0.00793	0.00529	0.00595	0.00595	0.00595	0.00529	0.00330	0.00793	0.00793	0.01057	0.01718	0.03568	0.01982	0.80840	0.02775	0.00529	0.00529	0.00793	0.00330	0.00330
93	0.00779	0.00584	0.00876	0.00876	0.00974	0.00681	0.00681	0.00974	0.00876	0.01266	0.01460	0.02142	0.01363	0.04089	0.78680	0.00876	0.01460	0.00584	0.00292	0.00487
94	0.78639	0.01136	0.00858	0.00763	0.01101	0.04642	0.00624	0.03793	0.01003	0.02426	0.00779	0.00902	0.00605	0.00513	0.00350	0.00167	0.00452	0.00303	0.00341	0.00602
95	0.02327	0.01119	0.01383	0.01061	0.01487	0.01085	0.00876	0.25930	0.01880	0.54093	0.01882	0.01681	0.01215	0.00668	0.00547	0.00167	0.00507	0.00530	0.00633	0.00928
96	0.00664	0.00474	0.00633	0.00759	0.00791	0.00443	0.00506	0.00759	0.01044	0.01392	0.03005	0.80485	0.03606	0.01708	0.00696	0.00221	0.00316	0.01550	0.00506	0.00443
97	0.00668	0.00560	0.00585	0.00597	0.00775	0.00477	0.00460	0.00817	0.01244	0.01489	0.05261	0.05336	0.69870	0.01393	0.00655	0.00191	0.00299	0.08354	0.00506	0.00464
98	0.01030	0.00969	0.01635	0.79530	0.03755	0.01211	0.01514	0.01393	0.01090	0.01393	0.00969	0.01453	0.00727	0.00545	0.00545	0.00182	0.00727	0.00484	0.00242	0.00606
99	0.00664	0.00474	0.00633	0.00759	0.00791	0.00443	0.00506	0.00759	0.01044	0.01392	0.03005	0.80485	0.03606	0.01708	0.00696	0.00221	0.00316	0.01550	0.00506	0.00443
100	0.01287	0.01471	0.03217	0.02298	0.02849	0.01379	0.75460	0.01746	0.01287	0.01746	0.01103	0.01471	0.00827	0.00460	0.00643	0.00184	0.00919	0.00643	0.00276	0.00735
101	0.01232	0.01358	0.02852	0.19124	0.04597	0.01341	0.57836	0.01668	0.01243	0.01670	0.01072	0.01464	0.00806	0.00479	0.00620	0.00183	0.00872	0.00606	0.00268	0.00710
102	0.02017	0.02566	0.01548	0.01405	0.01680	0.76867	0.01057	0.02157	0.01528	0.01334	0.00840	0.00988	0.00703	0.00571	0.00522	0.00143	0.02811	0.00354	0.00280	0.00631
103	0.00947	0.00473	0.00710	0.00710	0.00710	0.00473	0.00473	0.00710	0.00710	0.00947	0.00947	0.01657	0.00947	0.01894	0.02131	0.84138	0.00473	0.00473	0.00237	0.00237
104	0.01349	0.01295	0.02213	0.03346	0.77440	0.01295	0.01673	0.01673	0.01241	0.01781	0.01025	0.01349	0.00864	0.00486	0.00540	0.00162	0.00648	0.00486	0.00270	0.00864
105	0.00768	0.00557	0.00724	0.00683	0.00813	0.00513	0.00512	0.01023	0.01536	0.02168	0.75362	0.04102	0.06946	0.01121	0.00643	0.00172	0.00258	0.00990	0.00598	0.00513
106	0.01349	0.01295	0.02213	0.03346	0.77440	0.01295	0.01673	0.01673	0.01241	0.01781	0.01025	0.01349	0.00864	0.00486	0.00540	0.00162	0.00648	0.00486	0.00270	0.00864
107	0.01026	0.00923	0.01565	0.68291	0.03373	0.01128	0.03239	0.01321	0.01050	0.01349	0.00970	0.01478	0.00755	0.00702	0.00735	0.10097	0.00702	0.00487	0.00242	0.00565
108	0.01267	0.01413	0.02894	0.02117	0.02553	0.01440	0.59935	0.01656	0.01192	0.01656	0.01022	0.01413	0.00804	0.00563	0.00883	0.00195	0.17417	0.00609	0.00268	0.00706
109	0.01030	0.00969	0.01635	0.79530	0.03755	0.01211	0.01514	0.01393	0.01090	0.01393	0.00969	0.01453	0.00727	0.00545	0.00545	0.00182	0.00727	0.00484	0.00242	0.00606
110	0.13846	0.00720	0.00933	0.00882	0.01069	0.00713	0.04691	0.01272	0.01229	0.09149	0.17965	0.15491	0.04442	0.07179	0.00783	0.00225	0.00426	0.17946	0.00489	0.00549
111	0.09569	0.00823	0.00963	0.00837	0.01094	0.03412	0.00652	0.03196	0.01418	0.27703	0.25930	0.14751	0.02789	0.00947	0.00574	0.00174	0.00390	0.00805	0.00564	0.03408

[dist]
# distance from previous block
# <min> <max>
3	6

[block]
# block no. 3 follows, 44 sequences, length 12
# corresponding to MSA columns:
# 206-217
name=unknown_D
#
# <colnr> <probs for GDERKNQSTAVLIFYWHMCP>
#	G	D	E	R	K	N	Q	S	T	A	V	L	I	F	Y	W	H	M	C	P
0	0.05239	0.01808	0.01485	0.01230	0.01588	0.28659	0.00975	0.40870	0.02035	0.02501	0.01458	0.01491	0.06904	0.00674	0.00526	0.00157	0.00702	0.00486	0.00441	0.00773
1	0.01325	0.12435	0.56222	0.01416	0.02106	0.07496	0.01703	0.01827	0.01211	0.07905	0.01037	0.01161	0.00747	0.00528	0.00497	0.00163	0.00764	0.00397	0.00271	0.00789
2	0.68820	0.01145	0.00962	0.00820	0.01177	0.01313	0.00676	0.15822	0.01242	0.02636	0.00865	0.00967	0.00655	0.00535	0.00377	0.00168	0.00456	0.00333	0.00377	0.00655
3	0.00793	0.00529	0.00595	0.00595	0.00595	0.00529	0.00330	0.00793	0.00793	0.01057	0.01718	0.03568	0.01982	0.80840	0.02775	0.00529	0.00529	0.00793	0.00330	0.00330
4	0.01190	0.00936	0.01088	0.01025	0.01251	0.01037	0.00818	0.13016	0.28516	0.02057	0.02270	0.10941	0.03843	0.01500	0.12182	0.00302	0.00609	0.16233	0.00497	0.00688
5	0.00703	0.00540	0.00572	0.00577	0.00683	0.00486	0.00385	0.00786	0.01059	0.01307	0.03936	0.07464	0.44928	0.32525	0.01481	0.00320	0.00377	0.01026	0.00437	0.00409
6	0.01458	0.81168	0.02857	0.00933	0.01399	0.02157	0.00933	0.01632	0.01108	0.01283	0.00758	0.00875	0.00700	0.00466	0.00350	0.00117	0.00583	0.00292	0.00233	0.00700
7	0.00690	0.00494	0.00659	0.00763	0.00813	0.00462	0.00528	0.00814	0.01120	0.01508	0.12571	0.66500	0.03778	0.01620	0.00692	0.00217	0.00319	0.05479	0.00518	0.00455
8	0.01089	0.00774	0.00880	0.00792	0.00938	0.00799	0.00566	0.19237	0.01436	0.01954	0.17784	0.11938	0.04715	0.31046	0.01420	0.00309	0.00451	0.00849	0.02485	0.00537
9	0.01467	0.65924	0.02531	0.00951	0.01364	0.07775	0.00896	0.04094	0.01164	0.01340	0.00862	0.01119	0.00813	0.07098	0.00567	0.00154	0.00609	0.00344	0.00255	0.00672
10	0.01745	0.01845	0.01489	0.01395	0.07288	0.35798	0.01009	0.14876	0.16422	0.01958	0.01342	0.01399	0.02969	0.00616	0.00514	0.00151	0.00716	0.00456	0.00389	0.07621
11	0.01850	0.01308	0.01450	0.01145	0.01529	0.01409	0.00931	0.54312	0.04040	0.08647	0.01523	0.07919	0.01213	0.00902	0.04441	0.00200	0.00594	0.00581	0.00527	0.05477

[dist]
# distance from previous block
# <min> <max>
12	15

[block]
# block no. 4 follows, 44 sequences, length 22
# corresponding to MSA columns:
# 234-255
name=unknown_E
#
# <colnr> <probs for GDERKNQSTAVLIFYWHMCP>
#	G	D	E	R	K	N	Q	S	T	A	V	L	I	F	Y	W	H	M	C	P
0	0.07671	0.01393	0.01512	0.01164	0.01593	0.01504	0.00961	0.58025	0.02268	0.13968	0.01382	0.01353	0.00961	0.00640	0.00528	0.00162	0.00563	0.00481	0.00543	0.03326
1	0.01221	0.00982	0.01093	0.00990	0.01242	0.01071	0.00765	0.11623	0.37379	0.02231	0.13970	0.15121	0.02444	0.00957	0.00591	0.00184	0.00409	0.03167	0.00542	0.04020
2	0.00730	0.00553	0.00673	0.00649	0.00790	0.00496	0.00484	0.00945	0.01435	0.01944	0.53041	0.07432	0.26403	0.01217	0.00645	0.00177	0.00265	0.01057	0.00569	0.00496
3	0.01173	0.01155	0.01538	0.48294	0.02837	0.09945	0.03235	0.01463	0.01132	0.01454	0.00962	0.01353	0.00759	0.00581	0.00619	0.02558	0.04430	0.00447	0.01911	0.14153
4	0.00715	0.00546	0.00657	0.00648	0.00785	0.00488	0.00479	0.00913	0.01383	0.01850	0.43991	0.13182	0.29837	0.01274	0.00649	0.00182	0.00270	0.01107	0.00557	0.00488
5	0.01361	0.52696	0.19563	0.01093	0.01594	0.07064	0.01156	0.01632	0.01143	0.01394	0.00965	0.06314	0.00894	0.00568	0.00421	0.00138	0.00643	0.00406	0.00254	0.00702
6	0.01219	0.01270	0.02098	0.01671	0.01824	0.01589	0.21735	0.01432	0.00960	0.01432	0.00823	0.01270	0.00747	0.00817	0.01472	0.00223	0.58012	0.00523	0.00249	0.00635
7	0.01422	0.72637	0.07878	0.00995	0.01465	0.02077	0.01016	0.01626	0.01100	0.01314	0.00771	0.00906	0.00700	0.00490	0.00420	0.00125	0.03816	0.00307	0.00233	0.00703
8	0.01754	0.01247	0.01365	0.01080	0.01458	0.03711	0.00875	0.38846	0.07032	0.12017	0.10063	0.01742	0.01505	0.00821	0.03711	0.00185	0.00556	0.00542	0.00522	0.10970
9	0.02264	0.01140	0.01387	0.01072	0.01493	0.01127	0.00883	0.26981	0.05852	0.49043	0.01874	0.01683	0.01225	0.00671	0.00548	0.00168	0.00508	0.00533	0.00625	0.00924
10	0.84691	0.01054	0.00801	0.00717	0.01054	0.01223	0.00590	0.01603	0.00928	0.02446	0.00759	0.00886	0.00590	0.00506	0.00337	0.00169	0.00422	0.00295	0.00337	0.00590
11	0.00935	0.00741	0.00888	0.00957	0.01104	0.02982	0.00781	0.01356	0.13459	0.01674	0.02925	0.18747	0.08114	0.01382	0.00695	0.00227	0.00455	0.41525	0.00505	0.00551
12	0.00664	0.00474	0.00633	0.00759	0.00791	0.00443	0.00506	0.00759	0.01044	0.01392	0.03005	0.80485	0.03606	0.01708	0.00696	0.00221	0.00316	0.01550	0.00506	0.00443
13	0.02173	0.01132	0.01565	0.01190	0.01623	0.01089	0.09360	0.18206	0.05932	0.48985	0.01855	0.01705	0.01217	0.00650	0.00559	0.00170	0.00543	0.00551	0.00595	0.00902
14	0.00900	0.00595	0.00706	0.00659	0.00844	0.00520	0.00501	0.01093	0.01391	0.10449	0.33367	0.06786	0.37754	0.01205	0.00634	0.00179	0.00291	0.01030	0.00563	0.00534
15	0.01595	0.01868	0.01991	0.01613	0.01954	0.37210	0.25513	0.04763	0.03311	0.01583	0.01224	0.10245	0.01108	0.00677	0.00604	0.00169	0.02990	0.00600	0.00321	0.00661
16	0.00819	0.00640	0.00835	0.09286	0.01194	0.00658	0.00663	0.01151	0.09765	0.01675	0.19098	0.35084	0.08570	0.03653	0.00713	0.00210	0.00373	0.04591	0.00498	0.00525
17	0.01239	0.01033	0.01189	0.00859	0.01338	0.00837	0.00691	0.09899	0.01295	0.01967	0.01008	0.01151	0.00821	0.00433	0.00420	0.00090	0.00426	0.00342	0.00349	0.74613
18	0.01427	0.01312	0.02115	0.03701	0.06729	0.01251	0.28897	0.19419	0.01540	0.02155	0.01105	0.01323	0.00845	0.00494	0.00540	0.00147	0.00668	0.00498	0.00353	0.25481
19	0.11000	0.10311	0.01908	0.07405	0.35727	0.17539	0.01293	0.04164	0.02681	0.01745	0.00955	0.01186	0.00788	0.00516	0.00487	0.00155	0.00685	0.00417	0.00288	0.00751
20	0.01861	0.01328	0.01555	0.01411	0.10190	0.01425	0.01028	0.52278	0.02151	0.09491	0.01544	0.10420	0.01263	0.00758	0.00562	0.00170	0.00561	0.00616	0.00521	0.00865
21	0.00995	0.00564	0.00614	0.00576	0.00727	0.00539	0.00426	0.01203	0.01097	0.01857	0.03780	0.02081	0.01454	0.06499	0.03256	0.04481	0.00342	0.00522	0.58974	0.10012

[dist]
# distance from previous block
# <min> <max>
0	1

[block]
# block no. 5 follows, 44 sequences, length 15
# corresponding to MSA columns:
# 257-271
name=unknown_F
#
# <colnr> <probs for GDERKNQSTAVLIFYWHMCP>
#	G	D	E	R	K	N	Q	S	T	A	V	L	I	F	Y	W	H	M	C	P
0	0.01128	0.01120	0.01575	0.48673	0.02822	0.07436	0.01335	0.01403	0.01049	0.01359	0.00939	0.01410	0.00773	0.00926	0.07096	0.00247	0.19383	0.00480	0.00248	0.00596
1	0.01694	0.01227	0.01405	0.01260	0.07458	0.01328	0.00919	0.39090	0.13954	0.08202	0.03998	0.01896	0.01365	0.12664	0.00883	0.00222	0.00545	0.00576	0.00504	0.00809
2	0.00669	0.00485	0.00622	0.00729	0.00775	0.00449	0.00487	0.00763	0.01052	0.01383	0.03203	0.68645	0.11241	0.05738	0.00797	0.00233	0.00323	0.01469	0.00497	0.00439
3	0.01481	0.01442	0.04365	0.14789	0.02261	0.07554	0.20316	0.22441	0.03589	0.02061	0.01147	0.01493	0.00908	0.05571	0.00817	0.00200	0.07950	0.00536	0.00352	0.00727
4	0.00743	0.00521	0.00606	0.00633	0.00672	0.00499	0.00393	0.00798	0.00955	0.01258	0.07201	0.21669	0.12097	0.47424	0.01889	0.00391	0.00430	0.01026	0.00410	0.00384
5	0.41028	0.03693	0.08525	0.07139	0.01816	0.04692	0.15040	0.08779	0.01218	0.02182	0.00917	0.01108	0.00695	0.00517	0.00455	0.00170	0.00620	0.00406	0.00323	0.00676
6	0.00778	0.00527	0.00619	0.00632	0.00643	0.00531	0.00374	0.00802	0.00825	0.01107	0.01834	0.11528	0.02107	0.66960	0.08079	0.00522	0.00574	0.00857	0.00346	0.00354
7	0.00794	0.00640	0.00916	0.19814	0.01536	0.00664	0.00757	0.00996	0.01156	0.01549	0.15657	0.35205	0.09021	0.01339	0.03844	0.00221	0.00453	0.01070	0.00442	0.03924
8	0.62734	0.06187	0.01064	0.03441	0.01240	0.01323	0.00697	0.11676	0.01174	0.02459	0.00873	0.00997	0.00673	0.00529	0.00375	0.00164	0.00461	0.00335	0.02956	0.00641
9	0.11309	0.17137	0.01385	0.03320	0.01266	0.01132	0.00746	0.01882	0.10776	0.22505	0.07637	0.08140	0.01670	0.05606	0.00634	0.00186	0.00457	0.00602	0.02910	0.00704
10	0.01517	0.09284	0.01897	0.07835	0.01898	0.18824	0.13694	0.13053	0.03193	0.01785	0.01152	0.01379	0.02894	0.00712	0.02656	0.00184	0.11131	0.00482	0.02959	0.03472
11	0.01674	0.01147	0.01263	0.01010	0.01375	0.03545	0.00802	0.25639	0.10207	0.16645	0.01740	0.05726	0.03725	0.06195	0.00682	0.00179	0.00500	0.00575	0.00502	0.16871
12	0.15583	0.07604	0.03596	0.04227	0.01479	0.14899	0.00871	0.17691	0.01532	0.05533	0.06090	0.01640	0.07180	0.00652	0.00484	0.00152	0.00574	0.00484	0.00401	0.09330
13	0.09978	0.19563	0.06285	0.10639	0.06331	0.06828	0.01058	0.12475	0.06208	0.03108	0.02295	0.01454	0.00998	0.00670	0.02047	0.00172	0.01948	0.02732	0.04499	0.00711
14	0.07525	0.01343	0.01399	0.01393	0.12493	0.15342	0.03268	0.10141	0.09342	0.12894	0.03707	0.01996	0.10861	0.02414	0.00582	0.00171	0.00580	0.00574	0.00437	0.03537

[dist]
# distance from previous block
# <min> <max>
14	28

[block]
# block no. 6 follows, 44 sequences, length 6
# corresponding to MSA columns:
# 300-305
name=unknown_G
#
# <colnr> <probs for GDERKNQSTAVLIFYWHMCP>
#	G	D	E	R	K	N	Q	S	T	A	V	L	I	F	Y	W	H	M	C	P
0	0.01397	0.06986	0.06464	0.05635	0.44069	0.04298	0.10234	0.06711	0.05542	0.01846	0.01090	0.01346	0.00876	0.00514	0.00537	0.00163	0.00684	0.00489	0.00300	0.00819
1	0.01393	0.18016	0.30675	0.07021	0.04203	0.14900	0.05012	0.06677	0.01306	0.01651	0.01010	0.03889	0.00826	0.00564	0.00496	0.00158	0.00757	0.00437	0.00275	0.00734
2	0.01552	0.07577	0.12087	0.10362	0.01802	0.01232	0.01084	0.17011	0.05679	0.15738	0.03675	0.01578	0.01132	0.03540	0.02970	0.00194	0.03030	0.00492	0.00421	0.08847
3	0.14098	0.00930	0.03998	0.01077	0.06612	0.00892	0.00804	0.05344	0.08974	0.14039	0.09098	0.21289	0.02245	0.01000	0.00577	0.00190	0.00435	0.07235	0.00495	0.00666
4	0.01545	0.13569	0.12658	0.03650	0.01665	0.07708	0.01091	0.26147	0.12696	0.02316	0.10217	0.01631	0.01440	0.00662	0.00521	0.00161	0.00597	0.00514	0.00430	0.00783
5	0.11398	0.46377	0.08069	0.01071	0.01503	0.20780	0.01005	0.01770	0.01197	0.01467	0.00796	0.00924	0.00687	0.00499	0.00396	0.00133	0.00679	0.00315	0.00257	0.00678

[dist]
# distance from previous block
# <min> <max>
0	3

[block]
# block no. 7 follows, 44 sequences, length 69
# corresponding to MSA columns:
# 309-377
name=unknown_H
#
# <colnr> <probs for GDERKNQSTAVLIFYWHMCP>
#	G	D	E	R	K	N	Q	S	T	A	V	L	I	F	Y	W	H	M	C	P
0	0.01612	0.49333	0.08840	0.01137	0.01573	0.26577	0.01064	0.01815	0.01251	0.01337	0.00804	0.00933	0.00700	0.00501	0.00410	0.00129	0.00730	0.00320	0.00248	0.00687
1	0.01232	0.09366	0.42668	0.01803	0.17312	0.01362	0.03148	0.04156	0.08663	0.01816	0.02740	0.01327	0.00929	0.00545	0.00517	0.00167	0.00700	0.00451	0.00289	0.00810
2	0.12716	0.00951	0.01090	0.06279	0.01300	0.01101	0.00784	0.18956	0.01363	0.02161	0.01274	0.01560	0.01025	0.01114	0.10144	0.02919	0.10525	0.00477	0.23634	0.00626
3	0.00922	0.00591	0.00762	0.00703	0.00863	0.00535	0.00533	0.01158	0.01501	0.09569	0.60666	0.06172	0.11701	0.01114	0.00635	0.00174	0.00281	0.00975	0.00596	0.00548
4	0.01304	0.01249	0.02131	0.14106	0.67033	0.01283	0.01651	0.01634	0.01220	0.01726	0.01017	0.01364	0.00844	0.00494	0.00540	0.00165	0.00659	0.00486	0.00266	0.00827
5	0.11187	0.09418	0.40140	0.01659	0.11353	0.04360	0.06845	0.01693	0.01139	0.01742	0.00927	0.01137	0.00712	0.00529	0.00560	0.00169	0.05013	0.00409	0.00254	0.00754
