[name]
unknown

[dist]
# distance from previous block
# <min> <max>
2	570

[block]
# block no. 0 follows, 45 sequences, length 13
# corresponding to MSA columns:
# 571-583
name=unknown_A
#
# <colnr> <probs for GDERKNQSTAVLIFYWHMCP>
#	G	D	E	R	K	N	Q	S	T	A	V	L	I	F	Y	W	H	M	C	P
0	0.02696	0.15813	0.10315	0.07573	0.07781	0.01322	0.16130	0.03534	0.01181	0.08036	0.01279	0.10488	0.01134	0.00682	0.00638	0.00172	0.07731	0.00589	0.02212	0.00693
1	0.03183	0.00590	0.00703	0.00762	0.02377	0.00586	0.00508	0.02598	0.03885	0.01392	0.02568	0.28753	0.10460	0.31141	0.01426	0.00324	0.00421	0.07453	0.00427	0.00441
2	0.01250	0.00780	0.00939	0.02963	0.01117	0.00741	0.00642	0.10332	0.04040	0.17427	0.23519	0.06185	0.22590	0.00991	0.00590	0.00170	0.00366	0.00837	0.00549	0.03973
3	0.01226	0.05558	0.08578	0.16408	0.22633	0.01351	0.29216	0.01609	0.01178	0.01619	0.00996	0.01344	0.00783	0.00504	0.00620	0.00173	0.04698	0.00519	0.00256	0.00731
4	0.09719	0.01224	0.03382	0.01087	0.03394	0.02813	0.00877	0.28183	0.10697	0.19704	0.01870	0.01792	0.08036	0.00690	0.00520	0.00163	0.00501	0.00539	0.00514	0.04293
5	0.00825	0.00563	0.00688	0.00676	0.00826	0.00502	0.00507	0.01009	0.01329	0.07344	0.32718	0.17274	0.28462	0.01266	0.00640	0.00184	0.00293	0.03841	0.00546	0.00506
6	0.01214	0.00644	0.00710	0.00643	0.00812	0.00649	0.00487	0.08268	0.01248	0.10232	0.01727	0.02097	0.01394	0.10178	0.04088	0.00211	0.00387	0.00539	0.53909	0.00562
7	0.12775	0.00954	0.01184	0.00938	0.01331	0.00898	0.00769	0.02509	0.09237	0.60695	0.01951	0.01724	0.01266	0.00650	0.00514	0.00168	0.00448	0.00515	0.00610	0.00865
8	0.01174	0.00681	0.00816	0.00726	0.00959	0.00613	0.00563	0.01450	0.06603	0.21642	0.20863	0.06286	0.33334	0.01085	0.00605	0.00176	0.00328	0.00918	0.00566	0.00612
9	0.00730	0.00542	0.00681	0.00658	0.00787	0.00492	0.00489	0.00952	0.01433	0.01975	0.59664	0.09859	0.17381	0.01185	0.00637	0.00175	0.00261	0.01039	0.00568	0.00492
10	0.00740	0.00557	0.00668	0.00695	0.00809	0.00516	0.00501	0.03872	0.01251	0.01641	0.19783	0.33254	0.25312	0.04354	0.00731	0.00207	0.00313	0.03811	0.00514	0.00474
11	0.01305	0.01252	0.02137	0.08912	0.72350	0.01269	0.01636	0.01627	0.01211	0.01726	0.01006	0.01336	0.00840	0.00483	0.00532	0.00161	0.00643	0.00478	0.00264	0.00832
12	0.69650	0.01096	0.00925	0.00804	0.01132	0.01274	0.00661	0.09223	0.04231	0.02457	0.00861	0.00974	0.00664	0.00540	0.00419	0.00169	0.03606	0.00331	0.00358	0.00627

[dist]
# distance from previous block
# <min> <max>
5	9

[block]
# block no. 1 follows, 45 sequences, length 6
# corresponding to MSA columns:
# 594-599
name=unknown_B
#
# <colnr> <probs for GDERKNQSTAVLIFYWHMCP>
#	G	D	E	R	K	N	Q	S	T	A	V	L	I	F	Y	W	H	M	C	P
0	0.01365	0.01219	0.01873	0.08179	0.36740	0.06362	0.08447	0.01633	0.01209	0.09301	0.01298	0.10067	0.01157	0.00678	0.00669	0.00176	0.07957	0.00604	0.00328	0.00740
1	0.00976	0.00814	0.01021	0.00884	0.01100	0.02767	0.05721	0.03563	0.03350	0.05064	0.13576	0.06765	0.31204	0.03079	0.00767	0.00186	0.07934	0.03442	0.00456	0.07331
2	0.17774	0.06063	0.01301	0.01000	0.01307	0.01114	0.07092	0.16307	0.06106	0.10681	0.01658	0.17586	0.01493	0.00806	0.00511	0.00171	0.00472	0.00674	0.07200	0.00683
3	0.01548	0.04931	0.01515	0.01173	0.01480	0.04443	0.05970	0.38939	0.04412	0.02448	0.04715	0.15219	0.01563	0.03454	0.00708	0.00186	0.05401	0.00693	0.00465	0.00738
4	0.07814	0.00986	0.01208	0.06966	0.01441	0.03723	0.05133	0.07798	0.08125	0.17903	0.05803	0.03427	0.03124	0.09286	0.00784	0.00200	0.02715	0.00577	0.06618	0.06367
5	0.05355	0.00590	0.00722	0.00721	0.00840	0.00556	0.00505	0.01110	0.01112	0.13110	0.10238	0.35143	0.08244	0.17993	0.01064	0.00263	0.00374	0.01071	0.00488	0.00501

[dist]
# distance from previous block
# <min> <max>
0	1

[block]
# block no. 2 follows, 45 sequences, length 13
# corresponding to MSA columns:
# 601-613
name=unknown_C
#
# <colnr> <probs for GDERKNQSTAVLIFYWHMCP>
#	G	D	E	R	K	N	Q	S	T	A	V	L	I	F	Y	W	H	M	C	P
0	0.01555	0.06384	0.01458	0.01249	0.06032	0.06757	0.00938	0.14153	0.46664	0.06247	0.01785	0.01697	0.01335	0.00668	0.00526	0.00169	0.00512	0.00538	0.00496	0.00837
1	0.01832	0.01412	0.01479	0.01143	0.01566	0.05035	0.00932	0.52004	0.06910	0.04977	0.01285	0.01301	0.00938	0.00600	0.00509	0.00146	0.00558	0.00456	0.00488	0.16427
2	0.01750	0.01306	0.01402	0.01207	0.04520	0.04995	0.00930	0.33782	0.24934	0.11474	0.04464	0.01768	0.03594	0.00699	0.00544	0.00168	0.00523	0.00558	0.00532	0.00849
3	0.01190	0.00978	0.00994	0.00929	0.01153	0.07173	0.00711	0.05664	0.27328	0.06494	0.08299	0.17356	0.14036	0.01044	0.00595	0.00185	0.00425	0.04273	0.00516	0.00658
4	0.00724	0.00573	0.00658	0.00669	0.00814	0.00527	0.00497	0.00974	0.06204	0.01660	0.21771	0.19391	0.37876	0.01324	0.00643	0.00188	0.00294	0.04200	0.00523	0.00490
5	0.01686	0.04860	0.04270	0.02883	0.01579	0.25197	0.01049	0.08233	0.12101	0.11440	0.01199	0.01313	0.00929	0.00688	0.00812	0.00175	0.20046	0.00452	0.00372	0.00716
6	0.01455	0.01295	0.02513	0.04326	0.07709	0.01266	0.46321	0.05244	0.01319	0.13661	0.01237	0.01497	0.00910	0.00648	0.03324	0.00202	0.05394	0.00585	0.00342	0.00751
7	0.00954	0.00620	0.00769	0.00707	0.00881	0.00569	0.00537	0.04260	0.01471	0.09946	0.47069	0.09188	0.18713	0.01125	0.00623	0.00174	0.00296	0.00976	0.00572	0.00551
8	0.00650	0.00481	0.00609	0.00710	0.00769	0.00439	0.00482	0.00752	0.01063	0.01385	0.03408	0.67067	0.16977	0.01623	0.00676	0.00211	0.00304	0.01455	0.00498	0.00439
9	0.03448	0.00849	0.01086	0.00989	0.01148	0.03042	0.06213	0.14041	0.01306	0.01784	0.06332	0.37624	0.02407	0.06928	0.05656	0.00260	0.04878	0.01010	0.00443	0.00557
10	0.01307	0.10849	0.09258	0.12767	0.04620	0.13351	0.12614	0.04132	0.01180	0.01499	0.01029	0.05780	0.00911	0.00760	0.03115	0.00196	0.15189	0.00513	0.00274	0.00655
11	0.00688	0.00509	0.00641	0.00737	0.00796	0.00483	0.00500	0.00850	0.04595	0.01409	0.03140	0.66700	0.11136	0.04170	0.00739	0.00222	0.00319	0.01418	0.00495	0.00454
12	0.01912	0.01427	0.01573	0.06004	0.01755	0.01591	0.01031	0.66599	0.04638	0.03151	0.01301	0.01348	0.00938	0.00759	0.03286	0.00187	0.00623	0.00490	0.00510	0.00876

[dist]
# distance from previous block
# <min> <max>
4	9

[block]
# block no. 3 follows, 45 sequences, length 10
# corresponding to MSA columns:
# 623-632
name=unknown_D
#
# <colnr> <probs for GDERKNQSTAVLIFYWHMCP>
#	G	D	E	R	K	N	Q	S	T	A	V	L	I	F	Y	W	H	M	C	P
0	0.01050	0.00789	0.00918	0.02728	0.01060	0.05096	0.00660	0.03306	0.04766	0.08650	0.04080	0.39860	0.04933	0.08671	0.00929	0.00228	0.08075	0.01042	0.00455	0.02704
1	0.01932	0.01203	0.01360	0.01069	0.01448	0.01259	0.00873	0.45956	0.02062	0.22097	0.01890	0.06154	0.06447	0.00756	0.00548	0.00166	0.00510	0.00601	0.02827	0.00844
2	0.00839	0.00481	0.00671	0.00700	0.00717	0.00480	0.00465	0.00752	0.00809	0.01098	0.01563	0.20579	0.01720	0.12322	0.06514	0.46142	0.00491	0.00765	0.02577	0.00315
3	0.01922	0.01155	0.01426	0.01113	0.01502	0.03821	0.05988	0.23403	0.06378	0.33349	0.06040	0.03402	0.03244	0.00695	0.00549	0.00164	0.00521	0.00577	0.00555	0.04199
4	0.00773	0.00517	0.00588	0.00595	0.00597	0.00515	0.00336	0.00779	0.00795	0.01061	0.01768	0.08165	0.02048	0.76352	0.02609	0.00502	0.00508	0.00825	0.00336	0.00332
5	0.00779	0.00527	0.00618	0.00618	0.00629	0.00538	0.00365	0.00801	0.00790	0.01065	0.01662	0.03350	0.01881	0.72203	0.11568	0.00560	0.00627	0.00757	0.00321	0.00343
6	0.01284	0.01292	0.06214	0.18182	0.39768	0.01276	0.05635	0.07213	0.08336	0.01831	0.01237	0.01497	0.02728	0.00547	0.00541	0.00168	0.00645	0.00510	0.00310	0.00784
7	0.01212	0.00683	0.00851	0.00792	0.00875	0.04948	0.00561	0.04615	0.00927	0.09777	0.01077	0.01600	0.00963	0.01598	0.01757	0.66133	0.00499	0.00469	0.00299	0.00364
8	0.01136	0.00721	0.00882	0.00818	0.01016	0.00707	0.00625	0.03898	0.13432	0.14569	0.26652	0.18841	0.10055	0.01106	0.00615	0.00184	0.00346	0.03211	0.00564	0.00622
9	0.01155	0.17145	0.32802	0.01347	0.03685	0.01318	0.08074	0.01540	0.01108	0.01579	0.01037	0.05995	0.00894	0.00578	0.00569	0.00153	0.06118	0.00461	0.00264	0.14179

[dist]
# distance from previous block
# <min> <max>
0	5

[block]
# block no. 4 follows, 45 sequences, length 18
# corresponding to MSA columns:
# 638-655
name=unknown_E
#
# <colnr> <probs for GDERKNQSTAVLIFYWHMCP>
#	G	D	E	R	K	N	Q	S	T	A	V	L	I	F	Y	W	H	M	C	P
0	0.00935	0.00741	0.00991	0.00886	0.01059	0.00800	0.00699	0.02592	0.00963	0.01455	0.01273	0.01796	0.01158	0.04727	0.42923	0.00537	0.10577	0.00505	0.06702	0.18683
1	0.01302	0.02604	0.01704	0.02089	0.37917	0.04816	0.01201	0.04177	0.03763	0.01767	0.01055	0.01310	0.00879	0.00535	0.00611	0.00146	0.08626	0.00439	0.06167	0.18892
2	0.01146	0.01130	0.01608	0.01367	0.01411	0.01526	0.03212	0.01283	0.00850	0.01321	0.00778	0.01245	0.00756	0.01118	0.07080	0.00270	0.68833	0.00475	0.00243	0.04346
3	0.01791	0.01358	0.01477	0.01123	0.01560	0.01422	0.00921	0.55445	0.04477	0.02948	0.01234	0.01268	0.00906	0.00586	0.00503	0.00142	0.00538	0.00447	0.00484	0.21370
4	0.00659	0.00471	0.00627	0.00744	0.00780	0.00439	0.00499	0.00759	0.01049	0.01404	0.06133	0.77515	0.03615	0.01657	0.00683	0.00216	0.00309	0.01502	0.00502	0.00439
5	0.01251	0.16208	0.08729	0.01779	0.02270	0.01451	0.44999	0.01621	0.01178	0.01596	0.01033	0.03529	0.00850	0.00524	0.00639	0.00168	0.06344	0.00549	0.00267	0.05016
6	0.01812	0.01142	0.01287	0.01008	0.01381	0.01173	0.00817	0.36494	0.05751	0.19093	0.01548	0.01592	0.01122	0.03689	0.00587	0.00164	0.00489	0.00497	0.10378	0.09977
7	0.01745	0.01457	0.01420	0.01168	0.01498	0.12459	0.00934	0.44459	0.09602	0.02593	0.01343	0.01493	0.01043	0.03703	0.09461	0.00252	0.02105	0.00497	0.01988	0.00784
8	0.00869	0.00471	0.00675	0.00698	0.00703	0.00466	0.00460	0.00715	0.00766	0.01021	0.01364	0.16027	0.01493	0.08838	0.01900	0.61840	0.00443	0.00685	0.00289	0.00278
9	0.01658	0.01222	0.02716	0.01250	0.07385	0.06612	0.00925	0.06760	0.37722	0.21180	0.03469	0.03751	0.01491	0.00703	0.00543	0.00172	0.00497	0.00581	0.00528	0.00835
10	0.00819	0.00585	0.00813	0.00936	0.01040	0.00578	0.00786	0.01033	0.01191	0.01555	0.02867	0.22245	0.03189	0.01526	0.00729	0.00241	0.00455	0.58435	0.00495	0.00482
11	0.00682	0.00531	0.00620	0.00637	0.00769	0.00470	0.00468	0.00846	0.01270	0.01646	0.26224	0.20764	0.38540	0.01353	0.00647	0.00187	0.00280	0.03072	0.00526	0.00466
12	0.01028	0.00958	0.01385	0.15751	0.01674	0.01265	0.01063	0.01195	0.00906	0.01325	0.01155	0.11689	0.01175	0.02786	0.08483	0.00283	0.44369	0.00624	0.02335	0.00552
13	0.00673	0.00533	0.00610	0.00658	0.00781	0.00477	0.00476	0.00836	0.03014	0.01470	0.06708	0.33595	0.42158	0.01462	0.00656	0.00198	0.00300	0.04434	0.00502	0.00460
14	0.00654	0.00467	0.00623	0.00747	0.00779	0.00436	0.00498	0.00747	0.01028	0.01370	0.02959	0.80785	0.03550	0.01682	0.00685	0.00218	0.00311	0.01526	0.00498	0.00436
15	0.01618	0.01090	0.01222	0.01056	0.01389	0.01191	0.00834	0.02790	0.56994	0.22235	0.02167	0.01956	0.01557	0.00711	0.00545	0.00178	0.00433	0.00589	0.00577	0.00866
16	0.01285	0.01323	0.09503	0.08122	0.42763	0.01152	0.01401	0.01702	0.06491	0.04765	0.01117	0.01345	0.00887	0.00496	0.00507	0.00150	0.00595	0.00453	0.00304	0.15639
17	0.01422	0.01384	0.01800	0.01474	0.01640	0.11740	0.11901	0.05398	0.01116	0.06845	0.00922	0.01279	0.00795	0.02163	0.01298	0.00211	0.47184	0.00488	0.00293	0.00647

[dist]
# distance from previous block
# <min> <max>
0	1

[block]
# block no. 5 follows, 45 sequences, length 13
# corresponding to MSA columns:
# 657-669
name=unknown_F
#
# <colnr> <probs for GDERKNQSTAVLIFYWHMCP>
#	G	D	E	R	K	N	Q	S	T	A	V	L	I	F	Y	W	H	M	C	P
0	0.03397	0.01350	0.01883	0.27691	0.34860	0.11264	0.04388	0.05760	0.01279	0.01678	0.00981	0.01307	0.00782	0.00516	0.00526	0.00164	0.00708	0.00463	0.00275	0.00730
1	0.01150	0.01167	0.01883	0.09282	0.01874	0.01483	0.15462	0.01360	0.00935	0.01379	0.00849	0.01311	0.00767	0.01002	0.06327	0.00259	0.52149	0.00508	0.00246	0.00607
2	0.00834	0.00631	0.00796	0.00767	0.00780	0.00717	0.00520	0.00882	0.00818	0.01134	0.01613	0.09916	0.01822	0.52437	0.10393	0.00481	0.13966	0.00774	0.00322	0.00395
3	0.01304	0.01285	0.01973	0.08185	0.44089	0.05786	0.08718	0.01669	0.04676	0.01718	0.01047	0.01321	0.00854	0.00482	0.00517	0.00149	0.00639	0.00465	0.00287	0.14835
4	0.01480	0.04392	0.04264	0.01020	0.01366	0.01174	0.00843	0.06268	0.43593	0.15912	0.02348	0.02178	0.09670	0.00755	0.00542	0.00173	0.00443	0.00618	0.00532	0.02429
5	0.02408	0.00914	0.01246	0.00955	0.01370	0.00789	0.00789	0.02616	0.01536	0.78158	0.02118	0.01827	0.01329	0.00664	0.00540	0.00166	0.00457	0.00540	0.00664	0.00914
6	0.01168	0.01226	0.02381	0.25471	0.02793	0.01321	0.39777	0.01535	0.01138	0.01561	0.01012	0.01421	0.00787	0.00556	0.00763	0.00186	0.12578	0.00557	0.03109	0.00658
7	0.02922	0.10468	0.06952	0.01437	0.04285	0.12167	0.16053	0.14823	0.04579	0.12938	0.01238	0.01344	0.00915	0.00573	0.00563	0.00160	0.03652	0.00477	0.03690	0.00764
8	0.00701	0.00498	0.00660	0.00759	0.00808	0.00473	0.00533	0.00821	0.01078	0.01443	0.09430	0.57852	0.03492	0.08158	0.00857	0.00242	0.00347	0.10915	0.00492	0.00441
9	0.00663	0.00480	0.00627	0.00727	0.00777	0.00444	0.00493	0.00775	0.01089	0.01453	0.10473	0.68426	0.08379	0.01604	0.00677	0.00211	0.00303	0.01446	0.00507	0.00444
10	0.02756	0.13997	0.29752	0.09830	0.10111	0.01369	0.10253	0.01555	0.01111	0.01569	0.01051	0.06214	0.00900	0.00601	0.00606	0.00171	0.06685	0.00500	0.00258	0.00712
11	0.01308	0.14690	0.02158	0.12134	0.51353	0.01411	0.01458	0.01678	0.05673	0.01654	0.01028	0.01303	0.00854	0.00497	0.00502	0.00156	0.00624	0.00454	0.00273	0.00792
12	0.00688	0.00526	0.00604	0.00637	0.00743	0.00475	0.00450	0.00809	0.01131	0.01437	0.10873	0.22897	0.36216	0.14798	0.01004	0.00249	0.00334	0.05217	0.00478	0.00435

[dist]
# distance from previous block
# <min> <max>
0	1

[block]
# block no. 6 follows, 45 sequences, length 17
# corresponding to MSA columns:
# 671-687
name=unknown_G
#
# <colnr> <probs for GDERKNQSTAVLIFYWHMCP>
#	G	D	E	R	K	N	Q	S	T	A	V	L	I	F	Y	W	H	M	C	P
0	0.02222	0.01032	0.01305	0.01006	0.01420	0.00964	0.00832	0.17919	0.01713	0.56388	0.01902	0.01791	0.01261	0.00668	0.00537	0.00163	0.00483	0.02505	0.00615	0.05273
1	0.01023	0.01002	0.01320	0.05505	0.01438	0.11210	0.14387	0.01215	0.01150	0.01468	0.11101	0.23688	0.02248	0.12240	0.05351	0.00271	0.03596	0.00883	0.00379	0.00524
2	0.01215	0.01196	0.01857	0.41020	0.36439	0.06053	0.01532	0.01542	0.01167	0.01537	0.00971	0.01357	0.00774	0.00512	0.00531	0.00168	0.00697	0.00469	0.00253	0.00711
3	0.03267	0.46756	0.15405	0.01136	0.01552	0.05858	0.01148	0.01590	0.01065	0.01372	0.00780	0.00973	0.00688	0.00565	0.00650	0.00150	0.15785	0.00344	0.00235	0.00681
4	0.00811	0.00577	0.00684	0.00662	0.00737	0.00548	0.00426	0.00873	0.00875	0.01204	0.01777	0.12158	0.02002	0.54251	0.06149	0.00436	0.00528	0.03799	0.00349	0.11155
5	0.00657	0.00473	0.00623	0.00737	0.00777	0.00439	0.00495	0.00758	0.01053	0.01401	0.05728	0.75204	0.06369	0.01649	0.00681	0.00215	0.00308	0.01491	0.00502	0.00439
6	0.02013	0.01437	0.01561	0.01194	0.01625	0.01559	0.00985	0.67405	0.02386	0.07931	0.01322	0.01313	0.00932	0.00632	0.00530	0.00157	0.00572	0.00478	0.00533	0.05434
7	0.01984	0.01475	0.01579	0.01224	0.01643	0.01638	0.01007	0.70103	0.08510	0.03291	0.01361	0.01346	0.00971	0.00651	0.00538	0.00163	0.00577	0.00493	0.00538	0.00908
8	0.01213	0.01104	0.01228	0.00907	0.01366	0.06198	0.03217	0.03545	0.03745	0.01780	0.01001	0.01149	0.00820	0.00428	0.00420	0.00093	0.00460	0.00345	0.00327	0.70654
9	0.01551	0.01126	0.01252	0.01065	0.01362	0.01223	0.00841	0.38842	0.14587	0.06195	0.01950	0.22183	0.01792	0.00949	0.00582	0.00182	0.00482	0.02534	0.00534	0.00768
10	0.00744	0.00544	0.00700	0.00679	0.00803	0.00500	0.00508	0.00975	0.01449	0.02017	0.63512	0.09976	0.11035	0.01175	0.00640	0.00176	0.00266	0.03229	0.00573	0.00496
11	0.00654	0.00467	0.00623	0.00747	0.00779	0.00436	0.00498	0.00747	0.01028	0.01370	0.02959	0.80785	0.03550	0.01682	0.00685	0.00218	0.00311	0.01526	0.00498	0.00436
12	0.06771	0.01762	0.01474	0.07564	0.05710	0.32775	0.01015	0.19157	0.04695	0.01984	0.01022	0.01154	0.00799	0.00553	0.00485	0.00144	0.00714	0.00399	0.00353	0.11471
13	0.02141	0.01105	0.01339	0.01042	0.01440	0.01097	0.00855	0.27097	0.05942	0.45050	0.05790	0.01771	0.01402	0.00684	0.00544	0.00165	0.00489	0.00547	0.00612	0.00889
14	0.00664	0.00473	0.00626	0.00738	0.00773	0.00442	0.00493	0.00762	0.01043	0.01397	0.06580	0.74260	0.03568	0.04479	0.00755	0.00226	0.00316	0.01472	0.00497	0.00436
15	0.00802	0.00567	0.00718	0.00709	0.00831	0.00528	0.00519	0.03490	0.01388	0.03775	0.45439	0.25591	0.11092	0.01260	0.00642	0.00183	0.00288	0.01115	0.00556	0.00505
16	0.09134	0.01193	0.01393	0.21845	0.03886	0.05621	0.01034	0.18452	0.11567	0.13269	0.01357	0.01455	0.00981	0.00597	0.00508	0.00164	0.00573	0.00475	0.02405	0.04092

[dist]
# distance from previous block
# <min> <max>
0	12

[block]
# block no. 7 follows, 45 sequences, length 14
# corresponding to MSA columns:
# 700-713
name=unknown_H
#
# <colnr> <probs for GDERKNQSTAVLIFYWHMCP>
#	G	D	E	R	K	N	Q	S	T	A	V	L	I	F	Y	W	H	M	C	P
0	0.04816	0.10308	0.08123	0.01241	0.01559	0.52204	0.01023	0.01870	0.01379	0.01411	0.03021	0.06750	0.02819	0.00650	0.00488	0.00147	0.00812	0.00459	0.00298	0.00622
1	0.01852	0.01347	0.01479	0.01120	0.01560	0.01402	0.00921	0.55111	0.02151	0.07165	0.01259	0.01279	0.00909	0.00590	0.00506	0.00143	0.00540	0.00449	0.00495	0.19721
2	0.01185	0.01283	0.04392	0.07564	0.01998	0.01518	0.22017	0.01429	0.00974	0.01429	0.00837	0.01269	0.00735	0.00760	0.01317	0.00214	0.49686	0.00514	0.00245	0.00632
3	0.00713	0.00538	0.00658	0.00647	0.00778	0.00484	0.00478	0.00915	0.01381	0.01867	0.48871	0.13037	0.25198	0.01237	0.00639	0.00178	0.00265	0.01079	0.00555	0.00484
4	0.00785	0.00585	0.00724	0.00728	0.00858	0.00513	0.00501	0.00902	0.01014	0.01426	0.02291	0.49530	0.02639	0.12784	0.00906	0.00228	0.00359	0.01118	0.02770	0.19337
5	0.02039	0.01559	0.01606	0.01243	0.01664	0.05731	0.01021	0.72113	0.02471	0.03274	0.01265	0.01272	0.00901	0.00640	0.00534	0.00160	0.00611	0.00476	0.00523	0.00898
6	0.00932	0.00466	0.00699	0.00699	0.00699	0.00466	0.00466	0.00699	0.00699	0.00932	0.00932	0.01632	0.00932	0.01865	0.02098	0.84382	0.00466	0.00466	0.00233	0.00233
7	0.00664	0.00477	0.00632	0.00748	0.00789	0.00445	0.00509	0.00768	0.01055	0.01403	0.05147	0.73814	0.05684	0.01649	0.00684	0.00217	0.00315	0.04059	0.00501	0.00441
8	0.00730	0.00541	0.00686	0.00705	0.00823	0.00497	0.00532	0.00930	0.01334	0.01802	0.40270	0.19140	0.18073	0.01307	0.00657	0.00191	0.00299	0.10459	0.00544	0.00482
9	0.00648	0.00526	0.00569	0.00596	0.00735	0.00453	0.00429	0.00774	0.01174	0.01441	0.07166	0.22101	0.55791	0.04243	0.00720	0.00201	0.00289	0.01204	0.00495	0.00447
10	0.00962	0.00663	0.00823	0.00768	0.00889	0.00688	0.00565	0.03608	0.02371	0.08047	0.10958	0.08467	0.17116	0.22188	0.12762	0.00372	0.06989	0.00833	0.00428	0.00501
11	0.00751	0.00548	0.00794	0.00822	0.00905	0.00611	0.00620	0.00923	0.00910	0.01304	0.01793	0.19825	0.01841	0.03364	0.58262	0.00688	0.01137	0.00786	0.03645	0.00470
12	0.07649	0.01071	0.01291	0.01003	0.01401	0.01052	0.00826	0.23495	0.01777	0.47512	0.05974	0.01731	0.01368	0.00672	0.00530	0.00165	0.00481	0.00531	0.00602	0.00869
13	0.01466	0.03572	0.02221	0.09435	0.22515	0.23068	0.23014	0.01765	0.01284	0.01553	0.00956	0.01254	0.00772	0.00517	0.00599	0.00164	0.04387	0.00481	0.00266	0.00710

[dist]
# distance from previous block
# <min> <max>
0	2

[block]
# block no. 8 follows, 45 sequences, length 155
# corresponding to MSA columns:
# 716-870
name=unknown_I
#
# <colnr> <probs for GDERKNQSTAVLIFYWHMCP>
#	G	D	E	R	K	N	Q	S	T	A	V	L	I	F	Y	W	H	M	C	P
0	0.04889	0.01339	0.01443	0.01133	0.01522	0.01455	0.00924	0.59302	0.03349	0.04868	0.01427	0.07659	0.01134	0.00711	0.00532	0.00161	0.00541	0.00555	0.01907	0.05151
1	0.12660	0.01260	0.01747	0.09552	0.43064	0.07293	0.01312	0.01799	0.01239	0.13396	0.01124	0.01325	0.00862	0.00521	0.00503	0.00161	0.00614	0.00452	0.00334	0.00783
2	0.00953	0.00741	0.01078	0.15956	0.04997	0.00791	0.00989	0.05001	0.01250	0.01636	0.02336	0.12279	0.02477	0.01237	0.00677	0.00223	0.00529	0.45867	0.00438	0.00545
3	0.01241	0.01018	0.01098	0.00954	0.02400	0.03759	0.00731	0.02017	0.33848	0.06762	0.09127	0.02245	0.09866	0.00732	0.00523	0.00152	0.00410	0.00608	0.00481	0.22027
4	0.04343	0.06162	0.04288	0.03057	0.02024	0.07638	0.30487	0.01570	0.01089	0.01521	0.00884	0.01238	0.00742	0.00645	0.01003	0.00191	0.30259	0.00503	0.00257	0.02098
5	0.01426	0.75911	0.06771	0.00959	0.01433	0.03442	0.00977	0.01622	0.01101	0.01287	0.00759	0.00877	0.00688	0.00464	0.00356	0.00118	0.00593	0.00294	0.00230	0.00693
6	0.08215	0.00993	0.01257	0.00971	0.01382	0.00924	0.00802	0.11363	0.01611	0.63799	0.01921	0.01695	0.01226	0.00650	0.00525	0.00165	0.00470	0.00515	0.00626	0.00890
7	0.00715	0.00539	0.00612	0.00625	0.00770	0.00468	0.00456	0.00862	0.01235	0.03973	0.16075	0.22395	0.46622	0.01371	0.00643	0.00187	0.00284	0.01180	0.00518	0.00472
8	0.01238	0.01398	0.07552	0.16765	0.02841	0.01277	0.52453	0.01669	0.01238	0.04529	0.02937	0.01501	0.00909	0.00496	0.00604	0.00179	0.00830	0.00593	0.00285	0.00706
9	0.00749	0.00548	0.00703	0.00664	0.00795	0.00502	0.00498	0.00992	0.01494	0.02092	0.71300	0.04109	0.11306	0.01120	0.00633	0.00170	0.00255	0.00985	0.00583	0.00502
10	0.00772	0.00517	0.00588	0.00596	0.00598	0.00515	0.00337	0.00778	0.00797	0.01063	0.01775	0.08627	0.02057	0.75876	0.02597	0.00500	0.00507	0.00830	0.00337	0.00333
11	0.01192	0.22432	0.50680	0.07657	0.02174	0.03988	0.01645	0.01665	0.01130	0.01551	0.00904	0.01083	0.00685	0.00501	0.00470	0.00156	0.00738	0.00374	0.00230	0.00746
12	0.01203	0.01209	0.02158	0.01669	0.01923	0.01365	0.32709	0.03291	0.01072	0.02981	0.01058	0.03638	0.00943	0.05029	0.05311	0.00256	0.32677	0.00591	0.00281	0.00636
13	0.00843	0.00611	0.00834	0.00946	0.01075	0.00602	0.00821	0.01079	0.01235	0.01591	0.03093	0.05969	0.10298	0.01471	0.00731	0.00241	0.00473	0.67104	0.00495	0.00490
14	0.01123	0.01046	0.01619	0.51911	0.16315	0.03686	0.01397	0.04567	0.01208	0.01576	0.05020	0.01788	0.01106	0.00614	0.00551	0.00177	0.00668	0.04694	0.00290	0.00645
15	0.03319	0.03254	0.01056	0.00881	0.01122	0.06907	0.00690	0.11096	0.03052	0.16395	0.25151	0.12121	0.09410	0.00966	0.00601	0.00172	0.01822	0.00808	0.00530	0.00647
16	0.01282	0.01185	0.03313	0.15234	0.03446	0.12426	0.00992	0.03629	0.01143	0.04384	0.01153	0.01492	0.00943	0.02328	0.00859	0.00179	0.21986	0.00469	0.22958	0.00598
17	0.57098	0.01224	0.05427	0.08546	0.12291	0.04423	0.00915	0.01599	0.01010	0.02134	0.00819	0.01008	0.00642	0.00502	0.00396	0.00165	0.00519	0.00343	0.00306	0.00634
18	0.00693	0.00493	0.00620	0.00692	0.00734	0.00467	0.00455	0.00781	0.01016	0.01354	0.08488	0.50232	0.08002	0.20649	0.02515	0.00295	0.00374	0.01264	0.00460	0.00417
19	0.01343	0.01035	0.01683	0.13496	0.34742	0.01048	0.04075	0.01670	0.03048	0.13556	0.07946	0.02239	0.01551	0.00694	0.00572	0.00176	0.00576	0.09419	0.00386	0.00746
20	0.01068	0.00907	0.01065	0.00790	0.01224	0.00688	0.00623	0.01293	0.01105	0.01712	0.01150	0.08892	0.01064	0.00523	0.00426	0.00093	0.00389	0.00436	0.00336	0.76217
21	0.01264	0.28887	0.02048	0.01240	0.01398	0.01810	0.01086	0.01401	0.00915	0.01282	0.00719	0.01066	0.00699	0.00774	0.01272	0.00193	0.52683	0.00407	0.00233	0.00622
22	0.01116	0.00674	0.00906	0.00865	0.01044	0.00622	0.02770	0.01356	0.06437	0.17148	0.02524	0.49627	0.02667	0.01271	0.00623	0.00194	0.00376	0.02292	0.00515	0.06975
23	0.01181	0.01193	0.01772	0.01469	0.01539	0.01582	0.08381	0.01335	0.00876	0.01350	0.00751	0.01199	0.00719	0.00872	0.01602	0.00224	0.69531	0.00480	0.00242	0.03702
24	0.02408	0.00914	0.01246	0.00955	0.01370	0.00789	0.00789	0.02616	0.01536	0.78158	0.02118	0.01827	0.01329	0.00664	0.00540	0.00166	0.00457	0.00540	0.00664	0.00914
25	0.01026	0.00533	0.00541	0.00532	0.00665	0.00538	0.00401	0.03764	0.01170	0.02030	0.01770	0.04207	0.01422	0.00656	0.00389	0.00129	0.00263	0.00529	0.78923	0.00512
26	0.01503	0.01320	0.01303	0.01138	0.01461	0.07438	0.00892	0.14822	0.58737	0.02360	0.01932	0.01805	0.01445	0.00701	0.00540	0.00175	0.00494	0.00566	0.00524	0.00842
27	0.01493	0.00781	0.01000	0.00843	0.01108	0.00736	0.00666	0.04250	0.09167	0.31398	0.38459	0.02880	0.03149	0.00879	0.00585	0.00169	0.00360	0.00753	0.00613	0.00711
28	0.00656	0.00472	0.00622	0.00738	0.00777	0.00438	0.00495	0.00754	0.01046	0.01391	0.04794	0.76260	0.06255	0.01656	0.00682	0.00216	0.00309	0.01499	0.00500	0.00438
29	0.00653	0.00471	0.00619	0.00737	0.00776	0.00437	0.00494	0.00749	0.01038	0.01374	0.03086	0.76894	0.07358	0.01665	0.00683	0.00216	0.00309	0.01506	0.00498	0.00437
30	0.06152	0.02012	0.01443	0.01265	0.01579	0.45440	0.00975	0.16471	0.15888	0.01944	0.01170	0.01220	0.00907	0.00601	0.00498	0.00152	0.00764	0.00419	0.00380	0.00719
31	0.01964	0.01183	0.01346	0.01061	0.01435	0.01238	0.00870	0.43716	0.02028	0.23932	0.01656	0.03929	0.01210	0.00700	0.00531	0.00163	0.00508	0.02478	0.09207	0.00846
32	0.00654	0.00467	0.00623	0.00747	0.00779	0.00436	0.00498	0.00747	0.01028	0.01370	0.02959	0.80785	0.03550	0.01682	0.00685	0.00218	0.00311	0.01526	0.00498	0.00436
33	0.01509	0.00710	0.00950	0.00808	0.01061	0.00630	0.00635	0.01726	0.01481	0.37128	0.35320	0.09540	0.04307	0.00951	0.00595	0.00172	0.00352	0.00822	0.00616	0.00687
34	0.01280	0.01226	0.02091	0.15149	0.66314	0.01263	0.01623	0.01605	0.01199	0.01695	0.01001	0.01344	0.00829	0.00487	0.00532	0.00162	0.00650	0.00478	0.00261	0.00811
35	0.03476	0.30316	0.15658	0.01110	0.01612	0.01496	0.02889	0.12357	0.01423	0.22910	0.01248	0.01251	0.00896	0.00552	0.00462	0.00148	0.00588	0.00412	0.00396	0.00800
36	0.21358	0.00999	0.01455	0.54834	0.08712	0.01202	0.01283	0.01443	0.01046	0.01652	0.00908	0.01288	0.00693	0.00523	0.00487	0.00174	0.00637	0.00432	0.00263	0.00612
37	0.00722	0.00523	0.00707	0.02878	0.00925	0.00505	0.00600	0.00865	0.01103	0.01464	0.07687	0.52501	0.04928	0.04419	0.00763	0.00231	0.00366	0.17869	0.00490	0.00454
38	0.01323	0.01129	0.01188	0.01062	0.01364	0.01291	0.00828	0.06472	0.67798	0.02249	0.02362	0.02183	0.06821	0.00767	0.00552	0.00181	0.00423	0.00637	0.00542	0.00826
39	0.01853	0.36766	0.02018	0.01022	0.01430	0.07479	0.00908	0.10314	0.01418	0.26591	0.01259	0.01246	0.00924	0.00575	0.00501	0.00144	0.03961	0.00404	0.00410	0.00778
40	0.01274	0.01064	0.01173	0.01119	0.02885	0.02648	0.00880	0.08067	0.47584	0.02145	0.03772	0.02968	0.01981	0.00910	0.00595	0.00195	0.00466	0.18999	0.00523	0.00754
41	0.01393	0.00694	0.00924	0.00813	0.01041	0.00628	0.00634	0.01637	0.03213	0.31069	0.34300	0.13454	0.03284	0.01015	0.00606	0.00177	0.00351	0.03503	0.00602	0.00660
42	0.00953	0.00565	0.00872	0.13145	0.01192	0.00618	0.00649	0.00824	0.00762	0.01013	0.00929	0.01586	0.00891	0.01627	0.01842	0.68498	0.03031	0.00468	0.00234	0.00301
43	0.01343	0.01337	0.02057	0.12573	0.62677	0.07374	0.01580	0.01652	0.01227	0.01672	0.00989	0.01313	0.00821	0.00491	0.00528	0.00160	0.00673	0.00468	0.00263	0.00801
44	0.00789	0.00602	0.00725	0.00699	0.00849	0.00570	0.00528	0.02556	0.06266	0.01945	0.46415	0.09430	0.21627	0.01180	0.00633	0.00179	0.00288	0.03645	0.00555	0.00519
45	0.00792	0.00584	0.00792	0.00782	0.00834	0.00660	0.00560	0.00904	0.00831	0.01171	0.01522	0.03850	0.01580	0.33832	0.43995	0.00686	0.05233	0.00665	0.00303	0.00424
46	0.01355	0.24366	0.04776	0.05709	0.45811	0.03987	0.01411	0.01632	0.01174	0.01569	0.00916	0.01177	0.00784	0.00491	0.00508	0.00149	0.02740	0.00416	0.00252	0.00777
47	0.01240	0.03879	0.23811	0.10077	0.43124	0.02739	0.04205	0.01646	0.01186	0.01679	0.00983	0.01268	0.00780	0.00493	0.00523	0.00163	0.00703	0.00453	0.00251	0.00797
48	0.00859	0.00616	0.00856	0.00976	0.01102	0.00613	0.00853	0.01103	0.01235	0.01602	0.02913	0.06031	0.05113	0.01480	0.00739	0.00245	0.00488	0.72189	0.00494	0.00493
49	0.08183	0.00769	0.01071	0.04974	0.01261	0.00766	0.08223	0.01365	0.07880	0.07306	0.28379	0.15403	0.08997	0.01010	0.00598	0.00181	0.00401	0.02152	0.00496	0.00583
50	0.01206	0.01252	0.04438	0.28926	0.29816	0.05207	0.11116	0.01567	0.03169	0.01575	0.01090	0.04280	0.00907	0.00582	0.00585	0.02079	0.00700	0.00530	0.00272	0.00704
51	0.03203	0.04067	0.00931	0.04852	0.01121	0.00675	0.00663	0.01313	0.01266	0.17471	0.13500	0.21320	0.15634	0.01167	0.00615	0.00190	0.00385	0.10533	0.00517	0.00578
52	0.84927	0.01038	0.00789	0.00706	0.01038	0.01204	0.00581	0.01578	0.00914	0.02408	0.00747	0.00872	0.00581	0.00498	0.00332	0.00166	0.00415	0.00291	0.00332	0.00581
53	0.00767	0.00552	0.00702	0.00665	0.00801	0.00502	0.00498	0.01001	0.01469	0.03249	0.65304	0.06238	0.13964	0.01139	0.00633	0.00172	0.00260	0.00999	0.00578	0.00504
54	0.01155	0.00744	0.04804	0.00798	0.01020	0.00609	0.00658	0.01406	0.01464	0.19670	0.49059	0.08210	0.03817	0.01016	0.00612	0.00174	0.00339	0.03254	0.00580	0.00611
55	0.02872	0.00842	0.01025	0.00816	0.01176	0.00692	0.00651	0.01487	0.01204	0.16174	0.05601	0.03975	0.03843	0.05564	0.00626	0.00152	0.00413	0.08008	0.00426	0.44452
56	0.02007	0.02497	0.01526	0.01374	0.01660	0.74468	0.01036	0.06453	0.01580	0.01434	0.00857	0.00987	0.00704	0.00558	0.00487	0.00140	0.00946	0.00354	0.00292	0.00639
57	0.00831	0.00690	0.00749	0.00741	0.00926	0.00683	0.00562	0.01318	0.20106	0.01679	0.07433	0.14994	0.40568	0.01242	0.00626	0.00190	0.00328	0.05266	0.00514	0.00555
58	0.01067	0.01016	0.01438	0.01265	0.01290	0.01387	0.01042	0.01204	0.00833	0.01280	0.00898	0.01421	0.00873	0.01754	0.22142	0.00401	0.59385	0.00498	0.00249	0.00559
59	0.00713	0.00553	0.00651	0.00641	0.00784	0.00499	0.00475	0.00935	0.03222	0.01795	0.39272	0.12558	0.33447	0.01254	0.00637	0.00179	0.00271	0.01085	0.00543	0.00486
60	0.00778	0.00564	0.00816	0.00820	0.00909	0.00644	0.00626	0.00958	0.00877	0.01280	0.01515	0.04334	0.01445	0.08910	0.67144	0.00779	0.01276	0.00610	0.05246	0.00469
61	0.02005	0.02558	0.01521	0.01383	0.01659	0.78980	0.01037	0.02143	0.01521	0.01314	0.00830	0.00968	0.00691	0.00553	0.00484	0.00138	0.00968	0.00346	0.00277	0.00622
62	0.01277	0.00655	0.00858	0.00745	0.00958	0.00591	0.00580	0.01516	0.01491	0.25049	0.48349	0.03181	0.03626	0.00927	0.00583	0.00164	0.00314	0.00801	0.07706	0.00629
63	0.00734	0.00524	0.00714	0.00839	0.00905	0.00505	0.00637	0.00885	0.01106	0.01459	0.02915	0.52562	0.03376	0.01607	0.00706	0.00229	0.00380	0.28963	0.00497	0.00458
64	0.00686	0.00528	0.00624	0.00668	0.00784	0.00475	0.00490	0.00831	0.01188	0.01518	0.13839	0.27242	0.35469	0.04834	0.00749	0.00212	0.00314	0.08592	0.00503	0.00454
65	0.01174	0.01174	0.01644	0.01409	0.01409	0.01644	0.01174	0.01292	0.00822	0.01292	0.00705	0.01174	0.00705	0.00940	0.01762	0.00235	0.80153	0.00470	0.00235	0.00587
66	0.04806	0.00792	0.01047	0.00850	0.01162	0.00706	0.00684	0.02025	0.01508	0.49199	0.28090	0.02546	0.02592	0.00808	0.00565	0.00167	0.00385	0.00680	0.00627	0.00761
67	0.01001	0.00500	0.00500	0.00500	0.00625	0.00500	0.00375	0.01251	0.01126	0.02001	0.01751	0.02001	0.01376	0.00625	0.00375	0.00125	0.00250	0.00500	0.84115	0.00500
68	0.01100	0.00700	0.00776	0.00724	0.00874	0.00732	0.00536	0.15945	0.01325	0.01987	0.01862	0.16931	0.01769	0.11794	0.05117	0.00243	0.00431	0.00732	0.35876	0.00546
69	0.01295	0.01235	0.02093	0.03148	0.73384	0.01232	0.01588	0.01606	0.01223	0.01740	0.01199	0.01570	0.03398	0.00532	0.00540	0.00162	0.00622	0.02326	0.00279	0.00829
70	0.03726	0.01334	0.01496	0.01149	0.01572	0.01417	0.00949	0.54562	0.02224	0.23757	0.01504	0.01428	0.01020	0.00647	0.00534	0.00163	0.00551	0.00495	0.00568	0.00907
71	0.70469	0.01045	0.00925	0.09959	0.01379	0.01214	0.00708	0.04505	0.01006	0.03617	0.00816	0.00970	0.00623	0.00511	0.00368	0.00167	0.00458	0.00324	0.00335	0.00602
72	0.01435	0.81458	0.02813	0.00918	0.01378	0.02124	0.00918	0.01607	0.01091	0.01263	0.00746	0.00861	0.00689	0.00459	0.00344	0.00115	0.00574	0.00287	0.00230	0.00689
73	0.01165	0.00697	0.00886	0.00771	0.00985	0.00651	0.00598	0.02908	0.04937	0.17721	0.46719	0.03306	0.08202	0.02387	0.00655	0.00173	0.01728	0.00826	0.00575	0.04108
74	0.01246	0.07728	0.54651	0.01456	0.05920	0.01198	0.01648	0.01736	0.01176	0.10860	0.01226	0.06641	0.00963	0.00603	0.00515	0.00168	0.00697	0.00488	0.00300	0.00779
75	0.01191	0.01147	0.01896	0.34361	0.42187	0.02848	0.02709	0.01516	0.01162	0.01575	0.01050	0.04051	0.00883	0.00544	0.00539	0.00169	0.00670	0.00513	0.00263	0.00726
76	0.02349	0.00900	0.01227	0.00945	0.01350	0.00779	0.00779	0.02558	0.01536	0.75416	0.04838	0.01906	0.01464	0.00680	0.00543	0.00166	0.00449	0.00555	0.00662	0.00899
77	0.01124	0.11017	0.66508	0.01503	0.02248	0.01345	0.05670	0.01691	0.01136	0.01655	0.00947	0.01121	0.00688	0.00502	0.00499	0.00165	0.00776	0.00397	0.00229	0.00779
78	0.06226	0.09508	0.07536	0.01965	0.28539	0.07167	0.08548	0.05662	0.01310	0.11171	0.01260	0.01527	0.02485	0.02315	0.00563	0.00168	0.00643	0.02301	0.00339	0.00768
79	0.00658	0.00474	0.00624	0.00736	0.00778	0.00440	0.00495	0.00760	0.01057	0.01408	0.06327	0.74478	0.06491	0.01644	0.00681	0.00214	0.00307	0.01486	0.00502	0.00440
80	0.00710	0.00512	0.00678	0.00753	0.00827	0.00480	0.00546	0.00869	0.01197	0.01620	0.23652	0.47472	0.06185	0.01484	0.00677	0.00207	0.00318	0.10827	0.00523	0.00464
81	0.04690	0.01523	0.01458	0.11317	0.05927	0.18864	0.01036	0.25316	0.15927	0.02239	0.01364	0.01448	0.02282	0.00623	0.00515	0.00161	0.00639	0.00479	0.03433	0.00757
82	0.01092	0.04914	0.57505	0.15788	0.07006	0.01267	0.01840	0.01634	0.01126	0.01629	0.00957	0.01190	0.00697	0.00511	0.00511	0.00169	0.00763	0.00412	0.00231	0.00758
83	0.00848	0.00606	0.00846	0.00970	0.01086	0.00604	0.00836	0.01083	0.01219	0.01588	0.02851	0.11928	0.03126	0.01498	0.00737	0.00245	0.00480	0.68464	0.00495	0.00490
84	0.01201	0.30017	0.52201	0.01318	0.01996	0.01550	0.01615	0.01668	0.01119	0.01549	0.00888	0.01039	0.00683	0.00492	0.00453	0.00151	0.00717	0.00359	0.00228	0.00757
85	0.05313	0.01082	0.10987	0.02736	0.01298	0.00901	0.00838	0.11061	0.06455	0.16230	0.03560	0.17104	0.03289	0.13532	0.02975	0.00251	0.00519	0.00754	0.00458	0.00658
86	0.01465	0.01126	0.01849	0.11334	0.49790	0.01130	0.01415	0.01763	0.01266	0.16115	0.01337	0.01756	0.01078	0.00588	0.00548	0.00169	0.00603	0.05507	0.00353	0.00809
87	0.40044	0.02588	0.00982	0.03362	0.01187	0.04337	0.00671	0.09625	0.01251	0.12300	0.03260	0.01375	0.00999	0.01809	0.00447	0.00163	0.00446	0.00413	0.14095	0.00646
88	0.00805	0.00612	0.00750	0.00713	0.00865	0.00588	0.00543	0.01170	0.09076	0.02043	0.56889	0.04052	0.14514	0.01112	0.00629	0.00175	0.00283	0.04078	0.00570	0.00533
89	0.00905	0.02584	0.00919	0.08642	0.01170	0.00700	0.00615	0.02516	0.01028	0.01421	0.04959	0.14222	0.03927	0.29206	0.01336	0.00286	0.01823	0.04529	0.00365	0.18848
90	0.01024	0.00832	0.00993	0.00786	0.01151	0.00647	0.00605	0.01225	0.01100	0.03141	0.01478	0.21042	0.01494	0.00724	0.00472	0.00116	0.00377	0.00624	0.00370	0.61800
91	0.01435	0.81458	0.02813	0.00918	0.01378	0.02124	0.00918	0.01607	0.01091	0.01263	0.00746	0.00861	0.00689	0.00459	0.00344	0.00115	0.00574	0.00287	0.00230	0.00689
92	0.00740	0.00610	0.00906	0.12523	0.01322	0.00605	0.05079	0.00901	0.01081	0.01404	0.02965	0.51711	0.15333	0.01386	0.00652	0.00204	0.00400	0.01252	0.00446	0.00480
93	0.00778	0.00529	0.00626	0.00625	0.00649	0.00539	0.00383	0.00822	0.00836	0.01136	0.04476	0.03350	0.03842	0.64175	0.13141	0.00540	0.00627	0.00763	0.01804	0.00359
94	0.01564	0.01267	0.01342	0.01139	0.01483	0.01442	0.00905	0.26556	0.52741	0.02614	0.01894	0.01771	0.01403	0.00701	0.00543	0.00175	0.00479	0.00567	0.00543	0.00870
95	0.00771	0.00560	0.00785	0.00785	0.00854	0.00629	0.00574	0.00909	0.00840	0.01189	0.01509	0.02501	0.01512	0.25553	0.57714	0.00767	0.01182	0.00632	0.00298	0.00436
96	0.02005	0.02558	0.01521	0.01383	0.01659	0.78980	0.01037	0.02143	0.01521	0.01314	0.00830	0.00968	0.00691	0.00553	0.00484	0.00138	0.00968	0.00346	0.00277	0.00622
97	0.01335	0.01153	0.01214	0.01092	0.01396	0.01335	0.00850	0.02852	0.76817	0.02245	0.02185	0.02003	0.01639	0.00728	0.00546	0.00182	0.00425	0.00607	0.00546	0.00850
98	0.00726	0.00497	0.00648	0.00731	0.00798	0.00457	0.00502	0.00842	0.01108	0.04253	0.10076	0.64415	0.09815	0.01563	0.00671	0.00208	0.00308	0.01405	0.00513	0.00461
99	0.00634	0.00544	0.00544	0.00544	0.00725	0.00453	0.00408	0.00770	0.01224	0.01450	0.05438	0.05166	0.77569	0.01359	0.00634	0.00181	0.00272	0.01133	0.00498	0.00453
100	0.02132	0.01282	0.01466	0.01127	0.01544	0.01342	0.00930	0.49507	0.02167	0.28452	0.03455	0.01537	0.01155	0.00662	0.00540	0.00163	0.00537	0.00514	0.00581	0.00903
101	0.00693	0.00481	0.00641	0.00745	0.00791	0.00448	0.00504	0.00801	0.01076	0.02784	0.08847	0.73315	0.03631	0.01618	0.00678	0.00213	0.00309	0.01465	0.00509	0.00450
102	0.00985	0.00723	0.00970	0.00961	0.01060	0.00771	0.00708	0.01087	0.00987	0.01416	0.01666	0.02572	0.01610	0.15584	0.65136	0.00826	0.01339	0.00668	0.00364	0.00567
103	0.01095	0.00620	0.00652	0.00612	0.00771	0.00635	0.00474	0.09572	0.01313	0.02152	0.06905	0.02204	0.01637	0.00691	0.00424	0.00136	0.00297	0.03179	0.66084	0.00547
104	0.01239	0.01184	0.02018	0.24980	0.56798	0.01252	0.01603	0.01569	0.01180	0.01645	0.00994	0.01358	0.00812	0.00495	0.00533	0.00165	0.00660	0.00478	0.00258	0.00778
105	0.01314	0.01270	0.02091	0.10059	0.67711	0.02842	0.01601	0.01663	0.03093	0.01723	0.01030	0.01347	0.00855	0.00491	0.00531	0.00161	0.00646	0.00479	0.00270	0.00823
106	0.75190	0.01093	0.00886	0.00768	0.01112	0.01258	0.00633	0.10320	0.01103	0.02523	0.00811	0.00921	0.00620	0.00515	0.00356	0.00166	0.00436	0.00313	0.00356	0.00620
107	0.00874	0.00636	0.00903	0.01063	0.03856	0.00635	0.00879	0.01118	0.01227	0.01603	0.02781	0.08664	0.03026	0.01454	0.00732	0.00243	0.00493	0.68823	0.00486	0.00505
108	0.01172	0.01189	0.01827	0.08310	0.01778	0.01570	0.10309	0.01351	0.00898	0.01351	0.00773	0.01230	0.00719	0.00845	0.01518	0.00223	0.63603	0.00490	0.00240	0.00605
109	0.00767	0.00573	0.00851	0.00851	0.00942	0.00664	0.00656	0.00951	0.00859	0.01237	0.01449	0.02170	0.01369	0.07410	0.75660	0.00848	0.01398	0.00584	0.00289	0.00473
110	0.01077	0.02777	0.78354	0.01530	0.02323	0.01247	0.01983	0.01700	0.01133	0.01700	0.00963	0.01133	0.00680	0.00510	0.00510	0.00170	0.00793	0.00397	0.00227	0.00793
111	0.02324	0.00895	0.01219	0.00941	0.01341	0.00774	0.00774	0.02534	0.01536	0.74248	0.05996	0.01939	0.01521	0.00687	0.00545	0.00166	0.00446	0.00562	0.00661	0.00893
112	0.00708	0.00502	0.00669	0.00783	0.00831	0.00480	0.00559	0.00825	0.01050	0.01391	0.02828	0.59019	0.03322	0.08310	0.00868	0.00249	0.00366	0.16318	0.00483	0.00439
113	0.02885	0.00887	0.00985	0.00813	0.01091	0.00909	0.00653	0.23144	0.01614	0.18676	0.01680	0.01741	0.01220	0.00637	0.00456	0.00145	0.00395	0.00501	0.40858	0.00709
114	0.00881	0.00592	0.00751	0.00693	0.00851	0.00545	0.00526	0.01154	0.03658	0.07526	0.61974	0.03923	0.12702	0.01085	0.00624	0.00170	0.00275	0.00947	0.00585	0.00540
115	0.01213	0.01344	0.02838	0.18657	0.02994	0.01323	0.60127	0.01646	0.01226	0.01646	0.01058	0.01444	0.00794	0.00470	0.00613	0.00181	0.00865	0.00600	0.00265	0.00697
116	0.01391	0.52586	0.23466	0.01119	0.01664	0.03652	0.01221	0.06666	0.01209	0.01527	0.00844	0.00967	0.00702	0.00488	0.00406	0.00134	0.00645	0.00332	0.00251	0.00731
117	0.01099	0.00966	0.01615	0.72550	0.06709	0.01175	0.01461	0.01447	0.01103	0.05338	0.01016	0.01447	0.00753	0.00541	0.00537	0.00177	0.00699	0.00480	0.00262	0.00623
118	0.00865	0.00618	0.00865	0.00989	0.01112	0.00618	0.00865	0.01112	0.01236	0.01606	0.02842	0.06055	0.03089	0.01483	0.00741	0.00247	0.00494	0.74174	0.00494	0.00494
119	0.07708	0.11351	0.55960	0.01425	0.02114	0.01333	0.06647	0.01715	0.01135	0.04499	0.00972	0.01129	0.00706	0.00505	0.00487	0.00164	0.00734	0.00397	0.00254	0.00765
120	0.01204	0.03732	0.01727	0.50534	0.17886	0.09092	0.01422	0.03243	0.01181	0.01485	0.01004	0.03315	0.00814	0.00555	0.00528	0.00169	0.00708	0.00484	0.00261	0.00655
121	0.10593	0.04637	0.29535	0.01251	0.01789	0.01192	0.06074	0.10561	0.02621	0.20376	0.01301	0.01365	0.00912	0.00741	0.04542	0.00202	0.00674	0.00454	0.00391	0.00790
122	0.79103	0.01084	0.00845	0.01860	0.01111	0.02773	0.00619	0.04262	0.00986	0.02407	0.00771	0.00897	0.00597	0.00505	0.00345	0.00166	0.00437	0.00301	0.00337	0.00594
123	0.00715	0.00560	0.00649	0.00624	0.00780	0.00501	0.00469	0.00943	0.03088	0.01830	0.42511	0.04498	0.38476	0.01210	0.00632	0.00175	0.00266	0.01037	0.00547	0.00490
124	0.04475	0.01363	0.06746	0.09085	0.05484	0.07851	0.05476	0.20326	0.01521	0.09512	0.01414	0.01561	0.04837	0.00664	0.00666	0.00170	0.10061	0.00506	0.07556	0.00725
125	0.01325	0.00935	0.01118	0.00839	0.01266	0.00752	0.00668	0.05339	0.01245	0.13795	0.01324	0.08000	0.01119	0.00561	0.00451	0.00109	0.00409	0.00464	0.00399	0.59882
126	0.01449	0.79553	0.02782	0.00930	0.01385	0.03980	0.00921	0.01620	0.01101	0.01264	0.00748	0.00864	0.00689	0.00462	0.00348	0.00115	0.00584	0.00288	0.00231	0.00687
