[name]
unknown

[dist]
# distance from previous block
# <min> <max>
0	2

[block]
# block no. 0 follows, 47 sequences, length 22
# corresponding to MSA columns:
# 2-23
name=unknown_A
#
# <colnr> <probs for GDERKNQSTAVLIFYWHMCP>
#	G	D	E	R	K	N	Q	S	T	A	V	L	I	F	Y	W	H	M	C	P
0	0.01059	0.06048	0.75774	0.01459	0.02215	0.01245	0.01880	0.01645	0.01098	0.01631	0.00926	0.01088	0.00660	0.00493	0.00488	0.00163	0.00761	0.00380	0.00220	0.00765
1	0.00773	0.00549	0.00614	0.00599	0.00770	0.00471	0.00448	0.00921	0.01229	0.07757	0.14490	0.13120	0.53860	0.01265	0.00613	0.00177	0.00280	0.01074	0.00509	0.00481
2	0.00733	0.00529	0.00692	0.00658	0.00777	0.00489	0.00491	0.00972	0.01455	0.02058	0.75136	0.07016	0.04854	0.01088	0.00616	0.00166	0.00248	0.00964	0.00570	0.00489
3	0.01321	0.01131	0.01192	0.01065	0.01364	0.01307	0.00830	0.05526	0.74708	0.02220	0.02087	0.01917	0.01563	0.00703	0.00530	0.00176	0.00418	0.00584	0.00530	0.00827
4	0.00667	0.00522	0.00600	0.00596	0.00733	0.00459	0.00438	0.00834	0.01265	0.01645	0.32487	0.11868	0.41125	0.03597	0.00679	0.00184	0.00268	0.01066	0.00513	0.00454
5	0.01229	0.01405	0.03073	0.02195	0.02722	0.01317	0.76558	0.01668	0.01229	0.01668	0.01054	0.01405	0.00790	0.00439	0.00615	0.00176	0.00878	0.00615	0.00263	0.00702
6	0.00771	0.00538	0.00701	0.00662	0.00790	0.00494	0.00496	0.01005	0.01443	0.04085	0.70341	0.07743	0.06780	0.01089	0.00614	0.00166	0.00254	0.00962	0.00568	0.00497
7	0.85377	0.01007	0.00765	0.00685	0.01007	0.01168	0.00564	0.01531	0.00886	0.02336	0.00725	0.00846	0.00564	0.00483	0.00322	0.00161	0.00403	0.00282	0.00322	0.00564
8	0.39339	0.09967	0.12696	0.00989	0.01399	0.10146	0.00923	0.13664	0.03214	0.02147	0.00884	0.00985	0.00679	0.00515	0.00403	0.00153	0.00561	0.00340	0.00328	0.00668
9	0.00744	0.00517	0.00631	0.00634	0.00665	0.00534	0.00403	0.00797	0.00804	0.01085	0.01797	0.05254	0.05598	0.57159	0.20695	0.00559	0.00698	0.00747	0.00320	0.00360
10	0.02319	0.00915	0.01226	0.00940	0.01344	0.00808	0.00777	0.06233	0.01538	0.75048	0.02014	0.01746	0.01269	0.00644	0.00524	0.00161	0.00450	0.00521	0.00638	0.00886
11	0.01945	0.02482	0.01476	0.01342	0.01610	0.79608	0.01006	0.02079	0.01476	0.01275	0.00805	0.00939	0.00671	0.00537	0.00470	0.00134	0.00939	0.00335	0.00268	0.00604
12	0.00753	0.00520	0.00645	0.00645	0.00671	0.00547	0.00411	0.00807	0.00780	0.01067	0.01571	0.03019	0.01724	0.59460	0.24657	0.00600	0.00759	0.00700	0.00305	0.00358
13	0.00680	0.00530	0.00617	0.00595	0.00743	0.00467	0.00447	0.00873	0.01340	0.01769	0.44047	0.04415	0.39241	0.01184	0.00615	0.00169	0.00254	0.01015	0.00531	0.00467
14	0.85377	0.01007	0.00765	0.00685	0.01007	0.01168	0.00564	0.01531	0.00886	0.02336	0.00725	0.00846	0.00564	0.00483	0.00322	0.00161	0.00403	0.00282	0.00322	0.00564
15	0.01997	0.01430	0.01545	0.01185	0.01601	0.01572	0.00979	0.72999	0.02401	0.07064	0.01291	0.01276	0.00906	0.00626	0.00521	0.00157	0.00567	0.00472	0.00527	0.00886
16	0.01139	0.01139	0.01595	0.01367	0.01367	0.01595	0.01139	0.01253	0.00798	0.01253	0.00684	0.01139	0.00684	0.00911	0.01709	0.00228	0.80745	0.00456	0.00228	0.00570
17	0.00757	0.00507	0.00579	0.00579	0.00582	0.00511	0.00329	0.00764	0.00760	0.01018	0.01631	0.03354	0.01870	0.78628	0.05689	0.00518	0.00540	0.00749	0.00314	0.00321
18	0.00905	0.00452	0.00678	0.00678	0.00678	0.00452	0.00452	0.00678	0.00678	0.00905	0.00905	0.01583	0.00905	0.01809	0.02035	0.84848	0.00452	0.00452	0.00226	0.00226
19	0.01945	0.02482	0.01476	0.01342	0.01610	0.79608	0.01006	0.02079	0.01476	0.01275	0.00805	0.00939	0.00671	0.00537	0.00470	0.00134	0.00939	0.00335	0.00268	0.00604
20	0.00757	0.00505	0.00568	0.00568	0.00568	0.00505	0.00316	0.00757	0.00757	0.01010	0.01641	0.03408	0.01893	0.81698	0.02651	0.00505	0.00505	0.00757	0.00316	0.00316
21	0.01229	0.01405	0.03073	0.02195	0.02722	0.01317	0.76558	0.01668	0.01229	0.01668	0.01054	0.01405	0.00790	0.00439	0.00615	0.00176	0.00878	0.00615	0.00263	0.00702

[dist]
# distance from previous block
# <min> <max>
0	5

[block]
# block no. 1 follows, 47 sequences, length 13
# corresponding to MSA columns:
# 29-41
name=unknown_B
#
# <colnr> <probs for GDERKNQSTAVLIFYWHMCP>
#	G	D	E	R	K	N	Q	S	T	A	V	L	I	F	Y	W	H	M	C	P
0	0.01439	0.75328	0.02624	0.00929	0.01360	0.08577	0.00901	0.01603	0.01093	0.01229	0.00731	0.00844	0.00669	0.00453	0.00346	0.00113	0.00589	0.00283	0.00227	0.00663
1	0.01045	0.02694	0.79000	0.01484	0.02254	0.01209	0.01924	0.01649	0.01099	0.01649	0.00935	0.01099	0.00660	0.00495	0.00495	0.00165	0.00770	0.00385	0.00220	0.00770
2	0.00656	0.00474	0.00623	0.00716	0.00769	0.00440	0.00495	0.00775	0.01078	0.01443	0.12890	0.64135	0.07362	0.01533	0.00658	0.00205	0.00300	0.04518	0.00495	0.00435
3	0.00679	0.00529	0.00630	0.00734	0.00782	0.03195	0.00496	0.00774	0.01026	0.01332	0.02954	0.73598	0.08193	0.01573	0.00655	0.00206	0.00322	0.01416	0.00476	0.00430
4	0.78290	0.01149	0.07340	0.00752	0.01112	0.01172	0.00678	0.01541	0.00904	0.02279	0.00743	0.00867	0.00572	0.00484	0.00337	0.00161	0.00434	0.00291	0.00314	0.00581
5	0.00811	0.00585	0.00730	0.00787	0.00868	0.00580	0.00550	0.10719	0.01188	0.01586	0.02657	0.70823	0.03108	0.01499	0.00646	0.00204	0.00338	0.01347	0.00488	0.00484
6	0.10289	0.00828	0.01050	0.00862	0.01185	0.00763	0.00690	0.02108	0.04022	0.53636	0.04891	0.12269	0.01661	0.02595	0.00573	0.00176	0.00413	0.00649	0.00577	0.00763
7	0.07482	0.10234	0.49304	0.01272	0.01898	0.01274	0.01495	0.07321	0.02906	0.10539	0.01074	0.01160	0.00762	0.00520	0.00472	0.00158	0.00662	0.00393	0.00305	0.00767
8	0.01366	0.62719	0.10187	0.00964	0.01419	0.04001	0.00979	0.05745	0.01169	0.01418	0.03599	0.01085	0.02492	0.00504	0.00380	0.00123	0.00573	0.00342	0.00258	0.00678
9	0.16453	0.01021	0.01132	0.03191	0.01330	0.02705	0.02515	0.05201	0.01119	0.01861	0.00900	0.01061	0.00733	0.00438	0.00427	0.00107	0.02502	0.00328	0.00315	0.56662
10	0.17864	0.09157	0.18027	0.01136	0.01520	0.08409	0.08033	0.03736	0.01105	0.03661	0.01085	0.05318	0.00921	0.00886	0.07615	0.00220	0.04720	0.00459	0.05497	0.00631
11	0.17317	0.01194	0.05315	0.01125	0.01535	0.02781	0.10790	0.16164	0.01505	0.31246	0.04869	0.01498	0.01131	0.00593	0.00499	0.00162	0.00536	0.00488	0.00479	0.00773
12	0.01290	0.71295	0.02439	0.00843	0.01253	0.01847	0.00826	0.01453	0.01075	0.01249	0.01323	0.01385	0.10870	0.00560	0.00371	0.00120	0.00518	0.00386	0.00257	0.00638

[dist]
# distance from previous block
# <min> <max>
0	8

[block]
# block no. 2 follows, 47 sequences, length 13
# corresponding to MSA columns:
# 51-63
name=unknown_C
#
# <colnr> <probs for GDERKNQSTAVLIFYWHMCP>
#	G	D	E	R	K	N	Q	S	T	A	V	L	I	F	Y	W	H	M	C	P
0	0.19182	0.14871	0.01403	0.00926	0.01266	0.06835	0.00774	0.16994	0.01365	0.10555	0.01126	0.03070	0.00902	0.02470	0.02301	0.00167	0.03582	0.00412	0.03726	0.08073
1	0.00642	0.00465	0.00609	0.00722	0.00766	0.00432	0.00493	0.00742	0.01019	0.01344	0.03030	0.72923	0.08546	0.01602	0.00664	0.00210	0.00307	0.04577	0.00483	0.00427
2	0.01618	0.44702	0.05051	0.01108	0.01489	0.35505	0.00980	0.01787	0.01240	0.01262	0.00767	0.00890	0.00669	0.00487	0.00399	0.00123	0.00730	0.00307	0.00242	0.00644
3	0.00857	0.00622	0.00849	0.00956	0.01082	0.00631	0.00825	0.01158	0.05360	0.01584	0.02727	0.08431	0.02937	0.01406	0.00707	0.00235	0.00469	0.68185	0.00482	0.00496
4	0.06388	0.77193	0.02612	0.00879	0.01317	0.02008	0.00872	0.01558	0.01048	0.01291	0.00724	0.00836	0.00662	0.00448	0.00333	0.00114	0.00548	0.00279	0.00229	0.00662
5	0.00801	0.00548	0.00721	0.00676	0.00810	0.00506	0.00514	0.01045	0.01465	0.04976	0.72579	0.03881	0.04707	0.01062	0.00615	0.00166	0.00262	0.03587	0.00573	0.00506
6	0.00650	0.00463	0.00597	0.00698	0.00729	0.00434	0.00458	0.00730	0.00973	0.01291	0.02798	0.68495	0.05955	0.11990	0.00920	0.00248	0.00327	0.01373	0.00462	0.00410
7	0.00745	0.00552	0.00809	0.00809	0.00892	0.00636	0.00616	0.00912	0.00829	0.01188	0.01420	0.02187	0.01363	0.11970	0.71654	0.00803	0.01303	0.00579	0.00283	0.00449
8	0.00983	0.00926	0.01562	0.80447	0.03587	0.01157	0.01446	0.01331	0.01041	0.01331	0.00926	0.01388	0.00694	0.00521	0.00521	0.00174	0.00694	0.00463	0.00231	0.00579
9	0.01742	0.01128	0.01341	0.01095	0.01445	0.04635	0.05325	0.11361	0.30045	0.29175	0.03473	0.01767	0.01374	0.00748	0.02742	0.00185	0.00518	0.00548	0.00535	0.00819
10	0.85377	0.01007	0.00765	0.00685	0.01007	0.01168	0.00564	0.01531	0.00886	0.02336	0.00725	0.00846	0.00564	0.00483	0.00322	0.00161	0.00403	0.00282	0.00322	0.00564
11	0.01029	0.02587	0.75139	0.01443	0.02181	0.01174	0.01853	0.01616	0.01118	0.01671	0.04743	0.01237	0.00869	0.00523	0.00501	0.00165	0.00744	0.00412	0.00237	0.00756
12	0.01301	0.01063	0.01139	0.01027	0.01315	0.01208	0.00804	0.02609	0.67791	0.05881	0.02274	0.02206	0.04899	0.00756	0.00540	0.00178	0.00410	0.03268	0.00532	0.00799

[dist]
# distance from previous block
# <min> <max>
0	11

[block]
# block no. 3 follows, 47 sequences, length 35
# corresponding to MSA columns:
# 75-109
name=unknown_D
#
# <colnr> <probs for GDERKNQSTAVLIFYWHMCP>
#	G	D	E	R	K	N	Q	S	T	A	V	L	I	F	Y	W	H	M	C	P
0	0.01110	0.01142	0.02188	0.10566	0.02229	0.01192	0.40380	0.03882	0.01141	0.01560	0.01276	0.11562	0.01175	0.00835	0.03929	0.00215	0.12252	0.02445	0.00297	0.00625
1	0.01224	0.01447	0.05764	0.02191	0.04322	0.01311	0.72292	0.01666	0.01224	0.01668	0.01048	0.01391	0.00786	0.00442	0.00608	0.00175	0.00869	0.00603	0.00262	0.00707
2	0.80592	0.01002	0.00811	0.05207	0.01153	0.01168	0.00614	0.01519	0.00895	0.02279	0.00736	0.00877	0.00571	0.00486	0.00334	0.00162	0.00419	0.00292	0.00317	0.00565
3	0.00777	0.00658	0.00692	0.00673	0.00833	0.03707	0.00502	0.01073	0.08750	0.01693	0.28420	0.11476	0.36479	0.01174	0.00606	0.00174	0.00303	0.01003	0.00509	0.00499
4	0.01277	0.04199	0.01040	0.00837	0.01098	0.00766	0.00648	0.07203	0.02894	0.18909	0.04443	0.28730	0.01984	0.03125	0.00619	0.00169	0.02034	0.00809	0.00468	0.18749
5	0.01336	0.01139	0.01200	0.01068	0.01370	0.01314	0.00834	0.07131	0.73080	0.02244	0.02068	0.01902	0.01548	0.00702	0.00529	0.00175	0.00422	0.00582	0.00529	0.00828
6	0.00744	0.00558	0.00837	0.00837	0.00930	0.00651	0.00651	0.00930	0.00837	0.01209	0.01395	0.02046	0.01302	0.03906	0.79635	0.00837	0.01395	0.00558	0.00279	0.00465
7	0.01264	0.00988	0.01049	0.00947	0.01207	0.01117	0.00744	0.08948	0.50679	0.02193	0.01990	0.02100	0.01552	0.00719	0.00505	0.00167	0.00395	0.04695	0.18000	0.00740
8	0.01080	0.00926	0.01080	0.00771	0.01234	0.00694	0.00617	0.01311	0.01080	0.01697	0.00926	0.01080	0.00771	0.00386	0.00386	0.00077	0.00386	0.00309	0.00309	0.84882
9	0.00983	0.00926	0.01562	0.80447	0.03587	0.01157	0.01446	0.01331	0.01041	0.01331	0.00926	0.01388	0.00694	0.00521	0.00521	0.00174	0.00694	0.00463	0.00231	0.00579
10	0.00657	0.00469	0.00629	0.00747	0.00788	0.00442	0.00519	0.00766	0.01028	0.01369	0.04541	0.72210	0.03433	0.01600	0.00669	0.00213	0.00318	0.08688	0.00485	0.00430
11	0.00691	0.00507	0.00648	0.00662	0.00762	0.00464	0.00478	0.00876	0.01293	0.01774	0.46393	0.27878	0.13104	0.01269	0.00630	0.00180	0.00265	0.01126	0.00535	0.00464
12	0.02008	0.01413	0.01534	0.01176	0.01592	0.01547	0.00972	0.70752	0.02372	0.09352	0.01315	0.01292	0.00918	0.00627	0.00521	0.00157	0.00563	0.00473	0.00531	0.00886
13	0.00684	0.00526	0.00626	0.00610	0.00748	0.00468	0.00454	0.00878	0.01337	0.01783	0.45840	0.08635	0.33140	0.01194	0.00618	0.00171	0.00256	0.01032	0.00534	0.00468
14	0.29778	0.28416	0.01654	0.00971	0.01317	0.27497	0.00819	0.01722	0.01139	0.01615	0.00751	0.00873	0.00634	0.00488	0.00375	0.00136	0.00632	0.00299	0.00271	0.00612
15	0.02731	0.00688	0.00809	0.00770	0.00884	0.00712	0.00546	0.13724	0.01165	0.04658	0.01920	0.22067	0.02073	0.33585	0.06849	0.00361	0.00522	0.05038	0.00411	0.00486
16	0.01148	0.01195	0.02326	0.29221	0.14449	0.01224	0.36221	0.01527	0.01152	0.01558	0.00993	0.01368	0.00762	0.00469	0.00558	0.00168	0.00755	0.00527	0.00253	0.04127
17	0.85377	0.01007	0.00765	0.00685	0.01007	0.01168	0.00564	0.01531	0.00886	0.02336	0.00725	0.00846	0.00564	0.00483	0.00322	0.00161	0.00403	0.00282	0.00322	0.00564
18	0.04263	0.01404	0.01505	0.01165	0.01572	0.01550	0.00960	0.67449	0.06627	0.06235	0.01317	0.01299	0.00933	0.00627	0.00516	0.00158	0.00554	0.00473	0.00521	0.00873
19	0.00711	0.00510	0.00659	0.00752	0.00804	0.00491	0.00512	0.05033	0.01079	0.01440	0.02778	0.76817	0.03299	0.01574	0.00657	0.00208	0.00317	0.01423	0.00486	0.00449
20	0.85377	0.01007	0.00765	0.00685	0.01007	0.01168	0.00564	0.01531	0.00886	0.02336	0.00725	0.00846	0.00564	0.00483	0.00322	0.00161	0.00403	0.00282	0.00322	0.00564
21	0.01928	0.01347	0.01472	0.01144	0.01547	0.01466	0.00939	0.58887	0.10359	0.11616	0.01427	0.01380	0.01004	0.00631	0.00519	0.00157	0.00537	0.00485	0.00531	0.02623
22	0.00751	0.00547	0.00755	0.04067	0.01002	0.00537	0.00663	0.00943	0.01181	0.01583	0.19025	0.31954	0.03475	0.01388	0.00669	0.00211	0.00375	0.29918	0.00491	0.00466
23	0.01856	0.01478	0.01511	0.07513	0.01732	0.09183	0.01003	0.60352	0.02186	0.02876	0.01199	0.01258	0.00867	0.00607	0.00510	0.00154	0.00605	0.00456	0.03837	0.00817
24	0.01871	0.01300	0.01432	0.01114	0.01506	0.01394	0.00911	0.58084	0.04212	0.11171	0.01435	0.05934	0.01089	0.00674	0.00522	0.00156	0.00528	0.00527	0.00520	0.05619
25	0.01459	0.01159	0.01541	0.23791	0.03747	0.01366	0.02799	0.27635	0.04577	0.06377	0.01134	0.01354	0.00855	0.00647	0.00747	0.00175	0.16066	0.00476	0.03380	0.00715
26	0.85377	0.01007	0.00765	0.00685	0.01007	0.01168	0.00564	0.01531	0.00886	0.02336	0.00725	0.00846	0.00564	0.00483	0.00322	0.00161	0.00403	0.00282	0.00322	0.00564
27	0.01645	0.01306	0.01353	0.01123	0.01470	0.04433	0.00898	0.35909	0.37418	0.04767	0.01690	0.02958	0.01262	0.00678	0.00526	0.00166	0.00504	0.00539	0.00518	0.00838
28	0.00679	0.00491	0.00636	0.00729	0.00782	0.00459	0.00492	0.02377	0.01028	0.01375	0.02796	0.74056	0.04676	0.03528	0.00701	0.00213	0.00315	0.01401	0.00475	0.02791
29	0.07890	0.00666	0.00879	0.00842	0.00977	0.00766	0.00657	0.07106	0.00968	0.01462	0.01338	0.01937	0.01231	0.06542	0.63476	0.00712	0.01209	0.00536	0.00304	0.00501
30	0.03776	0.13687	0.12234	0.01284	0.04072	0.29300	0.03985	0.07591	0.06042	0.01603	0.01053	0.05064	0.00900	0.00641	0.01797	0.00158	0.02628	0.00436	0.00303	0.03447
31	0.04756	0.08428	0.25295	0.11253	0.02043	0.06607	0.10259	0.08553	0.04172	0.01726	0.01036	0.01263	0.00797	0.00717	0.04930	0.00198	0.03187	0.00437	0.03654	0.00688
32	0.15595	0.04992	0.02339	0.00837	0.01153	0.04079	0.00688	0.17688	0.04169	0.05329	0.09713	0.02322	0.19417	0.00774	0.00494	0.00153	0.00426	0.00607	0.00439	0.08784
33	0.01612	0.01105	0.01352	0.03847	0.01511	0.01059	0.03880	0.26189	0.03490	0.16936	0.03419	0.01391	0.01040	0.00547	0.00480	0.00131	0.00486	0.00444	0.00450	0.30632
34	0.01805	0.04636	0.04271	0.01122	0.01537	0.04539	0.05106	0.31658	0.04329	0.21862	0.01439	0.04001	0.01052	0.00614	0.00507	0.00150	0.00544	0.00495	0.00480	0.09852

[dist]
# distance from previous block
# <min> <max>
0	1

[block]
# block no. 4 follows, 47 sequences, length 34
# corresponding to MSA columns:
# 112-145
name=unknown_E
#
# <colnr> <probs for GDERKNQSTAVLIFYWHMCP>
#	G	D	E	R	K	N	Q	S	T	A	V	L	I	F	Y	W	H	M	C	P
0	0.02757	0.23282	0.06404	0.08936	0.09791	0.01329	0.10044	0.01687	0.09940	0.07940	0.03672	0.04949	0.04441	0.00610	0.00487	0.00153	0.00563	0.00525	0.00338	0.02153
1	0.01478	0.01291	0.04362	0.01181	0.01571	0.04522	0.09116	0.28578	0.07645	0.04346	0.01301	0.06850	0.01067	0.00631	0.00561	0.00148	0.04164	0.00520	0.00410	0.20257
2	0.01467	0.08904	0.01382	0.02268	0.01378	0.04521	0.00849	0.35749	0.05744	0.02300	0.01616	0.15824	0.01519	0.00838	0.00534	0.00164	0.00510	0.07088	0.00452	0.06892
3	0.01603	0.27816	0.09568	0.01215	0.04391	0.12426	0.01070	0.24094	0.01534	0.03502	0.00952	0.01059	0.00755	0.00547	0.00518	0.00142	0.05370	0.00377	0.00330	0.02731
4	0.00818	0.00620	0.00727	0.00667	0.00835	0.00583	0.00509	0.08168	0.01478	0.01990	0.48046	0.03987	0.27416	0.01102	0.00606	0.00167	0.00283	0.00946	0.00540	0.00513
5	0.01140	0.00899	0.01017	0.04115	0.05258	0.07278	0.00751	0.01572	0.14861	0.09050	0.20836	0.08889	0.05328	0.03920	0.00653	0.00186	0.00436	0.09619	0.00476	0.03716
6	0.01324	0.01112	0.01178	0.01056	0.01353	0.01281	0.00823	0.02761	0.75399	0.04306	0.02118	0.01938	0.01581	0.00705	0.00530	0.00176	0.00413	0.00587	0.00533	0.00826
7	0.00905	0.00452	0.00678	0.00678	0.00678	0.00452	0.00452	0.00678	0.00678	0.00905	0.00905	0.01583	0.00905	0.01809	0.02035	0.84848	0.00452	0.00452	0.00226	0.00226
8	0.02889	0.02381	0.03916	0.02930	0.11175	0.02745	0.00960	0.15574	0.29654	0.07099	0.01558	0.01696	0.01217	0.06869	0.00724	0.00192	0.03855	0.00524	0.02028	0.02013
9	0.81803	0.01002	0.00784	0.00695	0.01021	0.01151	0.00573	0.01574	0.00912	0.05628	0.00782	0.00886	0.00595	0.00490	0.00331	0.00161	0.00405	0.00292	0.00336	0.00578
10	0.06264	0.11364	0.02873	0.10785	0.04908	0.34122	0.01013	0.08229	0.01346	0.01585	0.00866	0.01041	0.00705	0.00512	0.00468	0.00135	0.02016	0.00357	0.00286	0.11124
11	0.00937	0.00634	0.00790	0.00717	0.00888	0.00607	0.00549	0.03312	0.07769	0.08184	0.59397	0.03555	0.08606	0.01005	0.00598	0.00165	0.00285	0.00876	0.00569	0.00558
12	0.01623	0.08909	0.01419	0.01032	0.01383	0.01338	0.00847	0.30745	0.23996	0.11473	0.08023	0.01802	0.03707	0.00691	0.00516	0.00160	0.00473	0.00550	0.00513	0.00801
13	0.01202	0.01074	0.01423	0.12475	0.15499	0.01200	0.03570	0.02173	0.44339	0.01950	0.07999	0.01891	0.01576	0.00658	0.00536	0.00171	0.00490	0.00579	0.00434	0.00759
14	0.01275	0.01172	0.01809	0.01430	0.01652	0.01368	0.19842	0.15952	0.01245	0.01776	0.01054	0.03329	0.00920	0.04212	0.03773	0.00227	0.33194	0.00540	0.04589	0.00642
15	0.01314	0.00836	0.03382	0.18390	0.01659	0.00822	0.00874	0.01618	0.04587	0.24595	0.24527	0.06219	0.02347	0.00816	0.00612	0.00172	0.03973	0.02121	0.00486	0.00650
16	0.01994	0.01260	0.03765	0.01122	0.01508	0.01294	0.00948	0.40500	0.03458	0.29734	0.01496	0.01435	0.01019	0.00653	0.00620	0.00165	0.07156	0.00487	0.00532	0.00855
17	0.02859	0.04207	0.56182	0.01802	0.16758	0.01231	0.05057	0.01651	0.01123	0.03022	0.00959	0.01149	0.00706	0.00488	0.00497	0.00162	0.00727	0.00408	0.00239	0.00773
18	0.01176	0.00922	0.01131	0.07538	0.01441	0.00739	0.00700	0.01414	0.01111	0.08039	0.01019	0.01163	0.00808	0.00419	0.00409	0.00092	0.00417	0.00339	0.00330	0.70794
19	0.00991	0.00930	0.01441	0.17985	0.01795	0.01129	0.08896	0.02721	0.00988	0.01375	0.01496	0.10116	0.07496	0.03500	0.07463	0.00259	0.28648	0.00653	0.01570	0.00549
20	0.09553	0.01333	0.11207	0.10649	0.47238	0.01174	0.01438	0.01546	0.01122	0.01719	0.00939	0.01215	0.00761	0.00469	0.00484	0.00152	0.00604	0.00423	0.00261	0.07713
21	0.01145	0.01090	0.01853	0.39706	0.43068	0.01199	0.01526	0.01472	0.01117	0.01526	0.00954	0.01336	0.00763	0.00491	0.00518	0.00164	0.00654	0.00463	0.00245	0.00708
22	0.01945	0.02482	0.01476	0.01342	0.01610	0.79608	0.01006	0.02079	0.01476	0.01275	0.00805	0.00939	0.00671	0.00537	0.00470	0.00134	0.00939	0.00335	0.00268	0.00604
23	0.00729	0.07228	0.00842	0.00837	0.04039	0.00595	0.00558	0.00832	0.01002	0.01326	0.02573	0.68740	0.03053	0.04179	0.00698	0.00211	0.00343	0.01314	0.00447	0.00456
24	0.00757	0.00505	0.00568	0.00568	0.00568	0.00505	0.00316	0.00757	0.00757	0.01010	0.01641	0.03408	0.01893	0.81698	0.02651	0.00505	0.00505	0.00757	0.00316	0.00316
25	0.00654	0.00488	0.00686	0.00770	0.00821	0.00454	0.03064	0.00758	0.01010	0.01343	0.02876	0.76515	0.05440	0.01582	0.00662	0.00209	0.00321	0.01440	0.00476	0.00433
26	0.01229	0.01434	0.05767	0.02279	0.11075	0.01304	0.65520	0.01660	0.01220	0.01671	0.01041	0.01381	0.00789	0.00444	0.00599	0.00173	0.00845	0.00589	0.00261	0.00718
27	0.01735	0.01309	0.01490	0.10678	0.01786	0.01469	0.01011	0.58889	0.04695	0.02839	0.01253	0.01356	0.00921	0.00886	0.07060	0.00215	0.00650	0.00480	0.00466	0.00812
28	0.00634	0.00453	0.00604	0.00725	0.00755	0.00423	0.00483	0.00725	0.00997	0.01329	0.02870	0.81358	0.03444	0.01632	0.00665	0.00211	0.00302	0.01480	0.00483	0.00423
29	0.01308	0.14280	0.03527	0.02859	0.01315	0.04381	0.00845	0.19287	0.03660	0.05885	0.03733	0.01614	0.01166	0.01887	0.31448	0.00416	0.00893	0.00486	0.00361	0.00649
30	0.02671	0.06087	0.61278	0.01451	0.03650	0.01208	0.04996	0.01733	0.01141	0.09517	0.01042	0.01169	0.00732	0.00504	0.00493	0.00162	0.00722	0.00404	0.00268	0.00771
31	0.05888	0.04872	0.70009	0.01443	0.02170	0.01235	0.04065	0.01640	0.01090	0.01677	0.00920	0.01086	0.00658	0.00491	0.00484	0.00163	0.00746	0.00383	0.00227	0.00753
32	0.09256	0.10102	0.54394	0.01357	0.02012	0.01327	0.04828	0.07834	0.01192	0.01810	0.00925	0.01075	0.00676	0.00497	0.00470	0.00159	0.00702	0.00381	0.00257	0.00747
33	0.01230	0.07671	0.14177	0.01706	0.06719	0.03568	0.32725	0.03101	0.01184	0.04229	0.02574	0.06383	0.01015	0.00585	0.00638	0.00167	0.06987	0.00565	0.00291	0.04484

[dist]
# distance from previous block
# <min> <max>
0	34

[block]
# block no. 5 follows, 47 sequences, length 57
# corresponding to MSA columns:
# 180-236
name=unknown_F
#
# <colnr> <probs for GDERKNQSTAVLIFYWHMCP>
#	G	D	E	R	K	N	Q	S	T	A	V	L	I	F	Y	W	H	M	C	P
0	0.02568	0.02585	0.11267	0.08101	0.07623	0.01254	0.28658	0.08338	0.04892	0.05051	0.01090	0.01322	0.00823	0.00517	0.00607	0.00163	0.05630	0.00498	0.00309	0.08704
1	0.08047	0.04444	0.08080	0.16320	0.16596	0.04104	0.03214	0.10907	0.08323	0.11610	0.01199	0.01343	0.00887	0.00553	0.00519	0.00162	0.02131	0.00454	0.00359	0.00747
2	0.02580	0.05889	0.47636	0.04139	0.07307	0.02714	0.09125	0.10176	0.01267	0.01809	0.00966	0.01151	0.00710	0.00507	0.00519	0.00162	0.01900	0.00419	0.00264	0.00760
3	0.00782	0.04864	0.08554	0.00738	0.00968	0.00686	0.00645	0.01074	0.06189	0.01573	0.18032	0.05904	0.35593	0.03325	0.08543	0.00244	0.00455	0.00872	0.00440	0.00518
4	0.01158	0.01663	0.24617	0.05434	0.10954	0.01234	0.31425	0.03265	0.03420	0.01678	0.01109	0.04381	0.00887	0.00543	0.00602	0.00172	0.04072	0.00544	0.02125	0.00717
5	0.01363	0.69079	0.12829	0.00983	0.01467	0.04278	0.01032	0.01587	0.01076	0.01283	0.00754	0.00874	0.00667	0.00455	0.00360	0.00119	0.00597	0.00294	0.00224	0.00680
6	0.03085	0.01258	0.06191	0.14716	0.56521	0.01225	0.01524	0.01628	0.05686	0.01684	0.01031	0.01323	0.00835	0.00489	0.00512	0.00160	0.00622	0.00463	0.00269	0.00778
7	0.03180	0.61572	0.06384	0.00985	0.01438	0.03671	0.02963	0.06580	0.01191	0.06634	0.00870	0.00957	0.00725	0.00476	0.00378	0.00124	0.00576	0.00323	0.00275	0.00700
8	0.00688	0.00562	0.00687	0.08115	0.02527	0.00525	0.00545	0.00848	0.01156	0.01466	0.10857	0.21068	0.44340	0.01253	0.00609	0.00180	0.00317	0.01079	0.02715	0.00463
9	0.00737	0.00562	0.00680	0.00645	0.00790	0.00522	0.00486	0.01020	0.05461	0.01926	0.56189	0.04062	0.22768	0.01108	0.00610	0.00167	0.00259	0.00962	0.00549	0.00496
10	0.10800	0.13204	0.41475	0.01565	0.11445	0.04760	0.06564	0.01637	0.01105	0.01660	0.00889	0.01071	0.00680	0.00481	0.00462	0.00155	0.00694	0.00381	0.00242	0.00727
11	0.03845	0.00894	0.00922	0.00786	0.01014	0.04024	0.02270	0.23848	0.01499	0.02291	0.01478	0.01675	0.01147	0.01947	0.02182	0.00156	0.00417	0.00477	0.48513	0.00614
12	0.00634	0.00453	0.00604	0.00725	0.00755	0.00423	0.00483	0.00725	0.00997	0.01329	0.02870	0.81358	0.03444	0.01632	0.00665	0.00211	0.00302	0.01480	0.00483	0.00423
13	0.02671	0.19908	0.60979	0.01341	0.02032	0.01394	0.01674	0.01628	0.01087	0.01570	0.00885	0.01037	0.00660	0.00484	0.00457	0.00153	0.00717	0.00360	0.00222	0.00744
14	0.07174	0.09257	0.11559	0.02669	0.08683	0.40834	0.01141	0.08268	0.02935	0.01617	0.00892	0.01030	0.00713	0.00524	0.00462	0.00143	0.00773	0.00363	0.00287	0.00677
15	0.41734	0.24998	0.04521	0.00868	0.01249	0.01500	0.00787	0.10752	0.04910	0.02073	0.00865	0.00961	0.00690	0.00508	0.00389	0.00148	0.01745	0.00326	0.00322	0.00655
16	0.00732	0.00532	0.00690	0.00650	0.00775	0.00489	0.00488	0.00974	0.01463	0.02062	0.75380	0.03933	0.07725	0.01074	0.00614	0.00164	0.00246	0.00948	0.00570	0.00489
17	0.01270	0.02950	0.17868	0.03605	0.11918	0.11166	0.30825	0.01674	0.02866	0.01579	0.01051	0.01317	0.02145	0.00526	0.00636	0.00169	0.06970	0.00501	0.00260	0.00704
18	0.00815	0.00546	0.00655	0.00644	0.00691	0.00573	0.00421	0.03292	0.00864	0.01222	0.01576	0.02872	0.01666	0.52724	0.20502	0.00534	0.00691	0.00674	0.08652	0.00386
19	0.00977	0.00520	0.00738	0.00713	0.00741	0.00530	0.00488	0.05791	0.00797	0.01064	0.00928	0.01561	0.00903	0.01730	0.01933	0.79154	0.00460	0.00453	0.00246	0.00270
20	0.01316	0.01129	0.01189	0.01064	0.01362	0.01305	0.00829	0.05005	0.75238	0.02212	0.02093	0.01922	0.01568	0.00704	0.00530	0.00176	0.00417	0.00585	0.00530	0.00826
21	0.01392	0.82012	0.02729	0.00891	0.01337	0.02061	0.00891	0.01559	0.01058	0.01225	0.00724	0.00835	0.00668	0.00446	0.00334	0.00111	0.00557	0.00278	0.00223	0.00668
22	0.00751	0.00531	0.00702	0.00702	0.00748	0.00578	0.00482	0.00843	0.00797	0.01109	0.01519	0.02731	0.01599	0.43013	0.40933	0.00670	0.00947	0.00658	0.00297	0.00390
23	0.01767	0.01308	0.01416	0.01128	0.01488	0.01441	0.00914	0.62947	0.05977	0.02968	0.01509	0.11932	0.01261	0.00763	0.00541	0.00165	0.00529	0.00609	0.00516	0.00821
24	0.01289	0.01237	0.02114	0.03196	0.78450	0.01237	0.01598	0.01598	0.01186	0.01701	0.00980	0.01289	0.00825	0.00464	0.00516	0.00155	0.00619	0.00464	0.00258	0.00825
25	0.01120	0.00688	0.00870	0.00756	0.00955	0.00656	0.00588	0.09480	0.01583	0.14109	0.57992	0.03274	0.03913	0.00952	0.00590	0.00163	0.00312	0.00825	0.00579	0.00596
26	0.01184	0.01276	0.03495	0.01577	0.01732	0.03813	0.20108	0.01390	0.00932	0.01366	0.00785	0.01199	0.00710	0.00773	0.01373	0.00211	0.56739	0.00491	0.00238	0.00608
27	0.00730	0.00540	0.00784	0.00801	0.00878	0.00609	0.00602	0.00889	0.00852	0.01209	0.01611	0.12697	0.01634	0.09837	0.62970	0.00727	0.01178	0.00697	0.00309	0.00447
28	0.01135	0.01134	0.01594	0.03524	0.01428	0.01583	0.01148	0.01255	0.00804	0.01255	0.00690	0.01146	0.00684	0.00901	0.01677	0.00226	0.78562	0.00456	0.00228	0.00570
29	0.01080	0.00926	0.01080	0.00771	0.01234	0.00694	0.00617	0.01311	0.01080	0.01697	0.00926	0.01080	0.00771	0.00386	0.00386	0.00077	0.00386	0.00309	0.00309	0.84882
30	0.01236	0.01297	0.02564	0.16869	0.09153	0.01308	0.48848	0.06633	0.01260	0.01704	0.01026	0.01374	0.00778	0.00483	0.00615	0.00174	0.03151	0.00559	0.00273	0.00698
31	0.01939	0.01438	0.01540	0.01190	0.01599	0.01596	0.00980	0.72313	0.06915	0.03216	0.01302	0.01292	0.00928	0.00630	0.00521	0.00157	0.00563	0.00476	0.00521	0.00882
32	0.00685	0.00505	0.00647	0.00738	0.00796	0.00487	0.00505	0.00880	0.06178	0.01438	0.07824	0.69076	0.05234	0.01524	0.00651	0.00205	0.00305	0.01376	0.00492	0.00455
33	0.00749	0.00554	0.00816	0.00816	0.00905	0.00640	0.00628	0.00926	0.00838	0.01213	0.01413	0.02114	0.01333	0.07837	0.74174	0.00806	0.01327	0.00567	0.01884	0.00458
34	0.01049	0.02665	0.77330	0.01500	0.02264	0.01212	0.03566	0.01650	0.01102	0.01650	0.00937	0.01106	0.00663	0.00494	0.00497	0.00165	0.00772	0.00390	0.00221	0.00768
35	0.00646	0.00470	0.00611	0.00709	0.00762	0.00434	0.00486	0.00755	0.01053	0.01396	0.08339	0.66963	0.10209	0.01558	0.00658	0.00206	0.00300	0.03524	0.00490	0.00431
36	0.04802	0.06664	0.01455	0.01212	0.05017	0.26986	0.00924	0.15204	0.01447	0.08651	0.01067	0.01218	0.00844	0.00841	0.06849	0.00200	0.07224	0.00407	0.02779	0.06210
37	0.73213	0.01129	0.00876	0.02464	0.01137	0.06345	0.00637	0.05962	0.01020	0.02301	0.00765	0.00887	0.00593	0.00496	0.00348	0.00159	0.00454	0.00300	0.00328	0.00586
38	0.03610	0.00802	0.00923	0.00873	0.01045	0.00843	0.00651	0.22242	0.06462	0.02021	0.07946	0.45421	0.02628	0.01211	0.00601	0.00189	0.00384	0.01061	0.00499	0.00589
39	0.00892	0.00457	0.00669	0.00669	0.00669	0.00457	0.00440	0.00685	0.00685	0.00914	0.00968	0.01741	0.00990	0.08715	0.02088	0.77558	0.00457	0.00479	0.00234	0.00234
40	0.01189	0.00946	0.01205	0.03187	0.01362	0.03275	0.05907	0.04613	0.21608	0.07636	0.11654	0.03050	0.03818	0.00918	0.00666	0.00188	0.05743	0.19366	0.00470	0.03199
41	0.17745	0.55450	0.05103	0.00896	0.01309	0.06984	0.00862	0.01575	0.01067	0.01487	0.03081	0.00947	0.00776	0.00480	0.00355	0.00126	0.00551	0.00307	0.00256	0.00642
42	0.01105	0.00752	0.00886	0.00758	0.00978	0.00722	0.00580	0.10728	0.04318	0.09852	0.27797	0.03043	0.13960	0.11538	0.00851	0.00202	0.01510	0.00753	0.00493	0.09173
43	0.01269	0.12166	0.14014	0.03094	0.03565	0.03926	0.31621	0.01787	0.11298	0.03419	0.01113	0.01323	0.00858	0.00535	0.00633	0.00168	0.07703	0.00501	0.00292	0.00714
44	0.03040	0.21552	0.23376	0.01733	0.22254	0.01417	0.04440	0.06651	0.01209	0.02893	0.00933	0.01112	0.00742	0.00476	0.00457	0.00143	0.00630	0.00390	0.00267	0.06286
45	0.00757	0.00505	0.00568	0.00568	0.00568	0.00505	0.00316	0.00757	0.00757	0.01010	0.01641	0.03408	0.01893	0.81698	0.02651	0.00505	0.00505	0.00757	0.00316	0.00316
46	0.01506	0.57015	0.07548	0.01042	0.01466	0.21176	0.00989	0.01694	0.01164	0.01266	0.00758	0.00879	0.00668	0.00471	0.00378	0.00121	0.00666	0.00300	0.00234	0.00659
47	0.01847	0.11915	0.01623	0.01278	0.01566	0.65105	0.00990	0.03642	0.03280	0.01334	0.00834	0.00962	0.00698	0.00540	0.00482	0.00135	0.02532	0.00340	0.00274	0.00622
48	0.00744	0.00556	0.00829	0.00829	0.00920	0.00647	0.00641	0.00925	0.00835	0.01203	0.01402	0.02085	0.01319	0.06146	0.77418	0.00827	0.01369	0.00564	0.00280	0.00461
49	0.73507	0.01097	0.03834	0.00758	0.01107	0.01184	0.00652	0.06511	0.01020	0.05282	0.00818	0.00917	0.00616	0.00499	0.00350	0.00161	0.00430	0.00307	0.00344	0.00605
50	0.00918	0.00639	0.00693	0.00658	0.00851	0.00603	0.00503	0.03568	0.09467	0.07449	0.05449	0.09239	0.42875	0.01105	0.00569	0.00171	0.00308	0.02717	0.11683	0.00536
51	0.71256	0.00987	0.00841	0.00726	0.01062	0.01100	0.00598	0.01702	0.00989	0.15341	0.00951	0.01004	0.00687	0.00511	0.00357	0.00161	0.00410	0.00323	0.00377	0.00619
52	0.01122	0.01161	0.04298	0.38678	0.25168	0.01207	0.16728	0.01483	0.01125	0.01520	0.00992	0.01414	0.00781	0.00499	0.00540	0.00169	0.00709	0.01477	0.00249	0.00680
53	0.12476	0.46512	0.21381	0.01072	0.01580	0.03609	0.04008	0.01595	0.01062	0.01496	0.00791	0.00927	0.00657	0.00465	0.00387	0.00134	0.00611	0.00320	0.00238	0.00679
54	0.01167	0.00721	0.00869	0.00766	0.00968	0.00700	0.00586	0.11716	0.03346	0.14458	0.30751	0.10489	0.11396	0.06290	0.00716	0.00190	0.00351	0.00842	0.03083	0.00594
55	0.00755	0.00528	0.00622	0.00627	0.00667	0.00527	0.00394	0.00866	0.03841	0.01257	0.11999	0.13092	0.04911	0.52474	0.04927	0.00413	0.00468	0.00868	0.00383	0.00381
56	0.01788	0.03690	0.01474	0.01225	0.06514	0.01388	0.00942	0.51376	0.05006	0.09220	0.01407	0.02758	0.01056	0.00692	0.01647	0.00166	0.00541	0.01916	0.06372	0.00823

[dist]
# distance from previous block
# <min> <max>
1	3

[block]
# block no. 6 follows, 47 sequences, length 63
# corresponding to MSA columns:
# 240-302
name=unknown_G
#
# <colnr> <probs for GDERKNQSTAVLIFYWHMCP>
#	G	D	E	R	K	N	Q	S	T	A	V	L	I	F	Y	W	H	M	C	P
0	0.01127	0.01192	0.02332	0.25742	0.02734	0.01275	0.41179	0.01486	0.01108	0.01508	0.01011	0.02932	0.00807	0.00552	0.00728	0.00182	0.11375	0.00562	0.01527	0.00639
1	0.60701	0.00915	0.00798	0.00734	0.01018	0.01020	0.00599	0.03557	0.01014	0.06665	0.01353	0.07479	0.04365	0.00703	0.00413	0.00172	0.00403	0.07141	0.00380	0.00569
2	0.01058	0.05882	0.75934	0.01460	0.02217	0.01244	0.01883	0.01646	0.01098	0.01632	0.00926	0.01089	0.00660	0.00493	0.00488	0.00163	0.00761	0.00381	0.00220	0.00766
3	0.01077	0.10012	0.71962	0.01430	0.02169	0.01288	0.01829	0.01641	0.01096	0.01610	0.00915	0.01075	0.00660	0.00490	0.00480	0.00160	0.00750	0.00375	0.00220	0.00760
4	0.00696	0.00547	0.00642	0.00677	0.00825	0.00492	0.00541	0.00872	0.01217	0.01527	0.12752	0.07750	0.45025	0.01336	0.00648	0.00195	0.00327	0.22983	0.00493	0.00457
5	0.01535	0.11759	0.05784	0.04510	0.01465	0.21716	0.00906	0.22078	0.01562	0.01964	0.01380	0.01483	0.05984	0.00610	0.00461	0.00141	0.00605	0.00450	0.14940	0.00666
6	0.01234	0.32916	0.43544	0.01239	0.01845	0.05942	0.01450	0.01668	0.03057	0.01480	0.00877	0.01011	0.00687	0.00484	0.00433	0.00143	0.00689	0.00347	0.00232	0.00723
7	0.01022	0.00965	0.01632	0.70625	0.13105	0.01167	0.01466	0.01365	0.01060	0.01378	0.00932	0.01376	0.00711	0.00513	0.00520	0.00171	0.00685	0.00463	0.00235	0.00610
8	0.00644	0.00460	0.00605	0.00712	0.00748	0.00430	0.00475	0.00738	0.01012	0.01351	0.06162	0.73301	0.04952	0.04819	0.00741	0.00220	0.00307	0.01420	0.00481	0.00422
9	0.00983	0.00926	0.01562	0.80447	0.03587	0.01157	0.01446	0.01331	0.01041	0.01331	0.00926	0.01388	0.00694	0.00521	0.00521	0.00174	0.00694	0.00463	0.00231	0.00579
10	0.00756	0.00507	0.00579	0.00578	0.00584	0.00509	0.00330	0.00768	0.00777	0.01042	0.03521	0.03379	0.01950	0.77375	0.04911	0.00506	0.00525	0.00756	0.00321	0.00324
11	0.00754	0.00504	0.00569	0.00572	0.00573	0.00503	0.00320	0.00756	0.00764	0.01018	0.01673	0.05430	0.01934	0.79621	0.02599	0.00497	0.00500	0.00776	0.00320	0.00318
12	0.00747	0.00568	0.00692	0.00659	0.00801	0.00533	0.00494	0.01048	0.06443	0.01939	0.56718	0.06022	0.19175	0.01106	0.00610	0.00168	0.00262	0.00964	0.00550	0.00501
13	0.01045	0.02694	0.79000	0.01484	0.02254	0.01209	0.01924	0.01649	0.01099	0.01649	0.00935	0.01099	0.00660	0.00495	0.00495	0.00165	0.00770	0.00385	0.00220	0.00770
14	0.01052	0.04494	0.77269	0.01471	0.02233	0.01229	0.01901	0.01647	0.01099	0.01640	0.00930	0.01093	0.00660	0.00494	0.00491	0.00164	0.00765	0.00382	0.00220	0.00767
15	0.00993	0.00507	0.00510	0.00501	0.00629	0.00511	0.00378	0.02910	0.01123	0.01972	0.01689	0.01926	0.01325	0.00607	0.00368	0.00122	0.00250	0.00485	0.82700	0.00494
16	0.01392	0.82012	0.02729	0.00891	0.01337	0.02061	0.00891	0.01559	0.01058	0.01225	0.00724	0.00835	0.00668	0.00446	0.00334	0.00111	0.00557	0.00278	0.00223	0.00668
17	0.01190	0.01184	0.01653	0.04670	0.01533	0.03216	0.04349	0.04591	0.00913	0.01363	0.00737	0.01162	0.00697	0.00855	0.01535	0.00218	0.68841	0.00461	0.00243	0.00590
18	0.00636	0.00523	0.00560	0.00569	0.00726	0.00448	0.00425	0.00780	0.01202	0.01478	0.12937	0.11493	0.61890	0.01321	0.00622	0.00179	0.00271	0.03001	0.00493	0.00445
19	0.01229	0.01405	0.03073	0.02195	0.02722	0.01317	0.76558	0.01668	0.01229	0.01668	0.01054	0.01405	0.00790	0.00439	0.00615	0.00176	0.00878	0.00615	0.00263	0.00702
20	0.85377	0.01007	0.00765	0.00685	0.01007	0.01168	0.00564	0.01531	0.00886	0.02336	0.00725	0.00846	0.00564	0.00483	0.00322	0.00161	0.00403	0.00282	0.00322	0.00564
21	0.00689	0.00517	0.00552	0.00551	0.00640	0.00473	0.00359	0.00759	0.00986	0.01234	0.05749	0.04194	0.38689	0.40569	0.01609	0.00336	0.00381	0.00927	0.00404	0.00381
22	0.01256	0.01425	0.02947	0.02249	0.08773	0.03725	0.68205	0.01675	0.01233	0.01659	0.01040	0.01381	0.00789	0.00444	0.00602	0.00173	0.00859	0.00594	0.00263	0.00709
23	0.00788	0.00503	0.00562	0.00562	0.00582	0.00505	0.00330	0.00827	0.00808	0.01149	0.01644	0.03165	0.01799	0.68185	0.04092	0.00457	0.00487	0.00713	0.12497	0.00344
24	0.00684	0.00544	0.00619	0.00628	0.00776	0.00488	0.00475	0.00886	0.03524	0.01589	0.21326	0.12654	0.45400	0.01285	0.00626	0.00182	0.00286	0.07058	0.00505	0.00464
25	0.00772	0.00540	0.00701	0.00658	0.00789	0.00495	0.00494	0.01009	0.01455	0.04038	0.71931	0.05258	0.07741	0.01074	0.00613	0.00165	0.00253	0.00947	0.00570	0.00498
26	0.01383	0.79949	0.04712	0.00906	0.01360	0.02038	0.00918	0.01562	0.01059	0.01236	0.00729	0.00842	0.00668	0.00447	0.00338	0.00113	0.00562	0.00281	0.00223	0.00671
27	0.01423	0.77543	0.02658	0.00916	0.01352	0.06418	0.00898	0.01589	0.01082	0.01228	0.00729	0.00841	0.00668	0.00451	0.00342	0.00113	0.00578	0.00282	0.00225	0.00665
28	0.01968	0.01438	0.01545	0.01189	0.01602	0.01589	0.00981	0.73147	0.04526	0.04778	0.01291	0.01280	0.00913	0.00628	0.00521	0.00157	0.00566	0.00473	0.00524	0.00884
29	0.85377	0.01007	0.00765	0.00685	0.01007	0.01168	0.00564	0.01531	0.00886	0.02336	0.00725	0.00846	0.00564	0.00483	0.00322	0.00161	0.00403	0.00282	0.00322	0.00564
30	0.75993	0.00981	0.00790	0.00703	0.01008	0.01126	0.00572	0.03593	0.00927	0.03609	0.00775	0.00922	0.00608	0.00578	0.00445	0.05773	0.00412	0.00303	0.00327	0.00556
31	0.00748	0.00506	0.00565	0.00565	0.00577	0.00501	0.00321	0.00757	0.00786	0.01036	0.01882	0.03514	0.06952	0.76372	0.02516	0.00483	0.00489	0.00780	0.00327	0.00324
32	0.02006	0.01416	0.01536	0.01178	0.01594	0.01552	0.00973	0.71174	0.02377	0.08922	0.01310	0.01289	0.00916	0.00627	0.00521	0.00157	0.00563	0.00473	0.00530	0.00886
33	0.15703	0.01104	0.01241	0.00962	0.01363	0.01111	0.00792	0.27285	0.01670	0.32380	0.01442	0.01369	0.00978	0.00583	0.00475	0.00150	0.00474	0.00442	0.00513	0.09964
34	0.00713	0.00522	0.00669	0.00653	0.00768	0.00478	0.00482	0.00928	0.01386	0.01928	0.61791	0.14096	0.11322	0.01161	0.00621	0.00171	0.00255	0.01026	0.00553	0.00478
35	0.05646	0.00938	0.01220	0.00939	0.01340	0.00851	0.00776	0.08525	0.01544	0.69598	0.01936	0.01693	0.01227	0.00636	0.00515	0.00161	0.00452	0.00510	0.00622	0.00873
36	0.06955	0.00909	0.01178	0.00915	0.01300	0.00825	0.00753	0.06783	0.01512	0.66135	0.05769	0.01796	0.01407	0.00655	0.00517	0.00161	0.00439	0.00528	0.00615	0.00848
37	0.03676	0.42537	0.18064	0.02263	0.01636	0.01618	0.06091	0.04634	0.02642	0.04800	0.01015	0.01312	0.00861	0.00544	0.00454	0.00144	0.02034	0.04701	0.00279	0.00695
38	0.00740	0.00508	0.00601	0.00610	0.00633	0.00510	0.00373	0.00780	0.00828	0.01111	0.04648	0.09707	0.05139	0.61107	0.10148	0.00489	0.00560	0.00816	0.00342	0.00351
39	0.00648	0.00463	0.00620	0.00741	0.00777	0.00435	0.00507	0.00749	0.01010	0.01345	0.02863	0.76356	0.03415	0.01619	0.00668	0.00213	0.00314	0.06349	0.00483	0.00427
40	0.01049	0.02660	0.77002	0.01503	0.02266	0.01212	0.03888	0.01650	0.01103	0.01650	0.00938	0.01108	0.00663	0.00493	0.00498	0.00165	0.00772	0.00391	0.00221	0.00768
41	0.03524	0.10063	0.01596	0.01218	0.01552	0.39886	0.02876	0.15896	0.08979	0.07901	0.01110	0.01160	0.00849	0.00565	0.00476	0.00144	0.00730	0.00400	0.00367	0.00708
42	0.00650	0.00532	0.00577	0.00590	0.00749	0.00459	0.00451	0.00801	0.01208	0.01485	0.12121	0.08322	0.60546	0.01319	0.00627	0.00182	0.00284	0.08156	0.00492	0.00448
43	0.06853	0.00924	0.02528	0.00915	0.01301	0.00812	0.00765	0.05472	0.01489	0.64626	0.07245	0.01835	0.01474	0.00661	0.00518	0.00161	0.00438	0.00535	0.00609	0.00838
44	0.01409	0.79625	0.02691	0.00905	0.01345	0.04388	0.00895	0.01575	0.01071	0.01227	0.00726	0.00838	0.00668	0.00448	0.00338	0.00112	0.00568	0.00280	0.00224	0.00666
45	0.01170	0.17640	0.59477	0.01363	0.02038	0.06565	0.01668	0.01661	0.01117	0.01544	0.00886	0.01039	0.00662	0.00488	0.00463	0.00153	0.00741	0.00361	0.00224	0.00740
46	0.00745	0.00554	0.00819	0.00819	0.00906	0.00641	0.00629	0.00918	0.00832	0.01196	0.01411	0.02136	0.01341	0.09061	0.74533	0.00815	0.01336	0.00571	0.00281	0.00455
47	0.10703	0.01195	0.01212	0.03960	0.01438	0.05636	0.00830	0.13386	0.39106	0.06253	0.01595	0.01546	0.01189	0.00618	0.00487	0.00159	0.00474	0.00487	0.00464	0.09262
48	0.01806	0.02244	0.01527	0.09368	0.06899	0.66576	0.01089	0.01973	0.01413	0.01308	0.00829	0.01007	0.00683	0.00530	0.00478	0.00139	0.00893	0.00357	0.00264	0.00616
49	0.01064	0.00873	0.00950	0.00868	0.01104	0.00946	0.00669	0.01989	0.44851	0.03464	0.20193	0.02940	0.16131	0.00898	0.00565	0.00173	0.00348	0.00761	0.00534	0.00680
50	0.01080	0.00926	0.01080	0.00771	0.01234	0.00694	0.00617	0.01311	0.01080	0.01697	0.00926	0.01080	0.00771	0.00386	0.00386	0.00077	0.00386	0.00309	0.00309	0.84882
51	0.00760	0.00571	0.00747	0.00708	0.00827	0.00558	0.00546	0.00991	0.01402	0.01968	0.64778	0.03929	0.08618	0.01095	0.00683	0.00173	0.04785	0.05827	0.00543	0.00492
52	0.00714	0.00512	0.00668	0.00756	0.00816	0.00491	0.00529	0.04088	0.01105	0.01480	0.07801	0.67760	0.03401	0.01537	0.00659	0.00208	0.00322	0.06211	0.00491	0.00451
53	0.00634	0.00453	0.00604	0.00725	0.00755	0.00423	0.00483	0.00725	0.00997	0.01329	0.02870	0.81358	0.03444	0.01632	0.00665	0.00211	0.00302	0.01480	0.00483	0.00423
54	0.00746	0.00551	0.00804	0.00804	0.00886	0.00633	0.00610	0.00909	0.00827	0.01185	0.01425	0.02213	0.01374	0.13426	0.70213	0.00796	0.01286	0.00582	0.00283	0.00447
55	0.01867	0.01250	0.01268	0.01029	0.01372	0.10221	0.00827	0.29369	0.09861	0.23836	0.01576	0.01526	0.01109	0.00626	0.00496	0.00153	0.00518	0.00484	0.11819	0.00793
56	0.01192	0.00627	0.00835	0.00742	0.00936	0.00564	0.00570	0.01408	0.01426	0.24381	0.47561	0.11925	0.03692	0.01005	0.00593	0.00168	0.00310	0.00880	0.00584	0.00599
57	0.01023	0.00975	0.01674	0.69834	0.10958	0.01171	0.04314	0.01370	0.01063	0.01380	0.00936	0.01379	0.00711	0.00512	0.00524	0.00172	0.00694	0.00469	0.00235	0.00608
58	0.23775	0.23432	0.01598	0.00947	0.01328	0.10796	0.00810	0.15734	0.02520	0.08555	0.00978	0.01038	0.00754	0.00517	0.00404	0.00139	0.00543	0.00349	0.00356	0.05426
59	0.01130	0.00955	0.01107	0.00795	0.01255	0.00745	0.00638	0.05505	0.01156	0.01785	0.00944	0.01089	0.00778	0.00399	0.00393	0.00082	0.00396	0.00317	0.00320	0.80211
