[name]
unknown

[dist]
# distance from previous block
# <min> <max>
2	140

[block]
# block no. 0 follows, 48 sequences, length 45
# corresponding to MSA columns:
# 181-225
name=unknown_A
#
# <colnr> <probs for GDERKNQSTAVLIFYWHMCP>
#	G	D	E	R	K	N	Q	S	T	A	V	L	I	F	Y	W	H	M	C	P
0	0.01564	0.14896	0.05319	0.01196	0.06378	0.01432	0.00966	0.40028	0.03251	0.04060	0.01301	0.10065	0.01115	0.00678	0.00514	0.00152	0.02079	0.00534	0.00418	0.04056
1	0.01210	0.10291	0.14480	0.00959	0.01279	0.04548	0.00895	0.08274	0.03621	0.10065	0.24899	0.05972	0.03503	0.03400	0.00643	0.00170	0.04089	0.00639	0.00426	0.00635
2	0.13384	0.02756	0.06214	0.00976	0.01323	0.01135	0.02432	0.29289	0.03565	0.07765	0.05670	0.04672	0.01294	0.03136	0.02098	0.00178	0.00500	0.02915	0.05033	0.05665
3	0.06756	0.09490	0.09649	0.00874	0.01164	0.03398	0.00777	0.02616	0.01199	0.15201	0.15102	0.18144	0.02142	0.01016	0.04306	0.00194	0.00480	0.02658	0.00430	0.04404
4	0.13825	0.14604	0.48046	0.01311	0.05500	0.01312	0.01466	0.01642	0.03530	0.03051	0.00917	0.01053	0.00685	0.00486	0.00440	0.00154	0.00647	0.00360	0.00251	0.00719
5	0.05698	0.22007	0.30896	0.01123	0.01636	0.06763	0.01212	0.03237	0.01182	0.15997	0.01152	0.04960	0.00899	0.00561	0.00451	0.00148	0.00613	0.00423	0.00322	0.00719
6	0.16479	0.18280	0.42461	0.01176	0.01758	0.01390	0.01363	0.08574	0.01160	0.01812	0.00871	0.00999	0.00655	0.00488	0.00427	0.00150	0.00633	0.00347	0.00263	0.00712
7	0.05123	0.00818	0.00928	0.00809	0.01037	0.00805	0.00605	0.16786	0.04246	0.03581	0.06139	0.24145	0.01947	0.12666	0.00826	0.00205	0.00407	0.00773	0.00428	0.17725
8	0.29965	0.14966	0.05003	0.00831	0.01182	0.01208	0.00741	0.12637	0.01252	0.12314	0.01154	0.01287	0.00880	0.00550	0.00397	0.00146	0.00449	0.02053	0.12325	0.00659
9	0.01179	0.01098	0.01388	0.01146	0.01319	0.02931	0.00940	0.07153	0.03296	0.01540	0.00883	0.03221	0.00810	0.00737	0.01145	0.00174	0.46287	0.00437	0.00285	0.24030
10	0.02618	0.00552	0.00712	0.00663	0.00802	0.00517	0.00503	0.01043	0.01403	0.05675	0.67351	0.03623	0.06795	0.01151	0.04163	0.00191	0.00306	0.00882	0.00547	0.00501
11	0.00882	0.02811	0.00920	0.03288	0.06786	0.00730	0.00674	0.01291	0.13987	0.02996	0.22150	0.06744	0.24325	0.01042	0.00587	0.00175	0.00354	0.09222	0.00478	0.00558
12	0.01127	0.01248	0.09111	0.32756	0.36082	0.01193	0.08129	0.01484	0.01109	0.01528	0.00947	0.01300	0.00745	0.00479	0.00517	0.00162	0.00674	0.00462	0.00241	0.00704
13	0.00746	0.00497	0.00560	0.00560	0.00560	0.00497	0.00311	0.00746	0.00746	0.00995	0.01617	0.03358	0.01865	0.81967	0.02612	0.00497	0.00497	0.00746	0.00311	0.00311
14	0.01292	0.13161	0.06242	0.08213	0.50504	0.05817	0.01421	0.03046	0.01176	0.01582	0.00949	0.01263	0.00803	0.00485	0.00482	0.00148	0.00629	0.01779	0.00255	0.00752
15	0.00870	0.00601	0.00808	0.02650	0.01034	0.00599	0.00726	0.03832	0.01154	0.03208	0.02647	0.11947	0.09306	0.03514	0.00842	0.07642	0.00443	0.47267	0.00447	0.00464
16	0.04963	0.04416	0.01507	0.01126	0.01525	0.04127	0.00931	0.59672	0.04282	0.10404	0.01280	0.01261	0.00904	0.00605	0.00498	0.00153	0.00553	0.00452	0.00499	0.00842
17	0.01378	0.78446	0.02633	0.00900	0.01324	0.03754	0.00887	0.01540	0.01045	0.01209	0.00714	0.00833	0.00659	0.00453	0.00366	0.00113	0.02592	0.00280	0.00221	0.00655
18	0.00746	0.00497	0.00560	0.00560	0.00560	0.00497	0.00311	0.00746	0.00746	0.00995	0.01617	0.03358	0.01865	0.81967	0.02612	0.00497	0.00497	0.00746	0.00311	0.00311
19	0.01402	0.05604	0.07418	0.05152	0.33356	0.04175	0.02793	0.06566	0.05889	0.12484	0.05279	0.01653	0.03113	0.00585	0.00512	0.00156	0.00568	0.02177	0.00361	0.00758
20	0.00668	0.00517	0.00610	0.00621	0.00745	0.00466	0.00452	0.00857	0.02945	0.01620	0.30188	0.22328	0.33585	0.01270	0.00615	0.00177	0.00266	0.01105	0.00508	0.00456
21	0.01187	0.00747	0.00908	0.07294	0.01169	0.02237	0.00666	0.11313	0.01268	0.12711	0.01958	0.30022	0.01900	0.00967	0.00572	0.00170	0.03485	0.00824	0.20024	0.00578
22	0.03652	0.60356	0.02321	0.00950	0.01359	0.13926	0.00880	0.05203	0.01168	0.01361	0.00759	0.00869	0.00671	0.00460	0.00361	0.00115	0.00596	0.00293	0.00247	0.04455
23	0.01061	0.00958	0.01482	0.50057	0.02665	0.01203	0.02856	0.05531	0.01060	0.01464	0.00950	0.01357	0.00751	0.00608	0.00756	0.00177	0.18117	0.00460	0.07907	0.00579
24	0.00723	0.00524	0.00681	0.00642	0.00765	0.00483	0.00482	0.00962	0.01445	0.02039	0.76455	0.03864	0.06894	0.01056	0.00605	0.00162	0.00243	0.00932	0.00562	0.00483
25	0.01950	0.01464	0.01538	0.01184	0.01591	0.03702	0.00976	0.75034	0.02387	0.03180	0.01220	0.01224	0.00867	0.00614	0.00512	0.00153	0.00574	0.00458	0.00507	0.00865
26	0.00678	0.00537	0.00612	0.00591	0.00743	0.00478	0.00444	0.00894	0.03297	0.01712	0.38521	0.04356	0.42956	0.01170	0.00604	0.00168	0.00256	0.00999	0.00518	0.00466
27	0.82770	0.03716	0.00819	0.00682	0.01003	0.01181	0.00566	0.01509	0.00879	0.02265	0.00714	0.00833	0.00559	0.00475	0.00318	0.00157	0.00402	0.00278	0.00314	0.00559
28	0.00669	0.00506	0.00681	0.00770	0.00797	0.00518	0.00533	0.00760	0.00965	0.01303	0.02640	0.74597	0.03156	0.01546	0.00745	0.00210	0.07352	0.01370	0.00454	0.00429
29	0.46895	0.01060	0.01213	0.00987	0.01297	0.01192	0.08221	0.06530	0.01087	0.14147	0.00979	0.01097	0.00726	0.00566	0.00583	0.00169	0.11868	0.00383	0.00361	0.00640
30	0.82355	0.04116	0.00829	0.00683	0.01005	0.01185	0.00568	0.01509	0.00880	0.02260	0.00714	0.00833	0.00560	0.00475	0.00318	0.00157	0.00403	0.00278	0.00314	0.00560
31	0.01015	0.00959	0.01622	0.68882	0.15027	0.01152	0.01448	0.01351	0.01048	0.01367	0.00920	0.01353	0.00704	0.00504	0.00512	0.00168	0.00673	0.00456	0.00232	0.00607
32	0.25401	0.01127	0.01187	0.03308	0.01377	0.04154	0.00790	0.23133	0.01554	0.31035	0.01355	0.01304	0.00918	0.00578	0.00458	0.00157	0.00488	0.00425	0.00486	0.00765
33	0.04446	0.77626	0.02592	0.00880	0.01311	0.03651	0.00869	0.01546	0.01045	0.01248	0.00715	0.00826	0.00655	0.00442	0.00332	0.00112	0.00551	0.00276	0.00224	0.00653
34	0.01029	0.02654	0.79309	0.01462	0.02221	0.01192	0.01896	0.01625	0.01083	0.01625	0.00921	0.01083	0.00650	0.00487	0.00487	0.00162	0.00758	0.00379	0.00217	0.00758
35	0.00716	0.00567	0.02302	0.00722	0.00846	0.00501	0.00572	0.00918	0.01251	0.01687	0.34511	0.19645	0.15189	0.01265	0.00635	0.00189	0.00316	0.17196	0.00507	0.00466
36	0.00675	0.00516	0.00619	0.00608	0.00739	0.00460	0.00450	0.00864	0.01310	0.01754	0.45852	0.11427	0.30487	0.01188	0.00610	0.00170	0.00253	0.01031	0.00526	0.00460
37	0.00771	0.00526	0.00621	0.00613	0.00636	0.00543	0.00375	0.02486	0.00795	0.01074	0.01572	0.03110	0.01756	0.68501	0.14085	0.00538	0.00630	0.00711	0.00310	0.00345
38	0.01036	0.02607	0.76462	0.01489	0.02238	0.01196	0.04695	0.01626	0.01088	0.01626	0.00925	0.01095	0.00655	0.00485	0.00492	0.00163	0.00762	0.00388	0.00218	0.00756
39	0.16183	0.00893	0.01118	0.00873	0.01257	0.00820	0.00721	0.02335	0.01369	0.66320	0.01806	0.01594	0.01151	0.00609	0.00483	0.00159	0.00430	0.00476	0.00582	0.00820
40	0.00911	0.00744	0.00859	0.00856	0.03209	0.00768	0.00643	0.02814	0.24973	0.01829	0.20059	0.05691	0.23171	0.01044	0.00590	0.00179	0.00344	0.10227	0.00504	0.00585
41	0.00723	0.00524	0.00681	0.00642	0.00765	0.00483	0.00482	0.00962	0.01445	0.02040	0.76562	0.03862	0.06786	0.01056	0.00605	0.00162	0.00243	0.00932	0.00563	0.00483
42	0.01253	0.01268	0.01817	0.24956	0.26647	0.11696	0.11309	0.03252	0.04055	0.01571	0.01053	0.01409	0.00846	0.00517	0.00513	0.00159	0.00678	0.01905	0.04420	0.00676
43	0.01446	0.51142	0.05140	0.00990	0.01374	0.18714	0.00912	0.04999	0.01231	0.01399	0.07559	0.01137	0.01034	0.00522	0.00397	0.00123	0.00612	0.00356	0.00272	0.00643
44	0.01425	0.02763	0.01260	0.02999	0.01396	0.01044	0.00766	0.25060	0.06323	0.06517	0.01158	0.01227	0.00881	0.00497	0.00440	0.00115	0.00451	0.00389	0.02023	0.43266

[dist]
# distance from previous block
# <min> <max>
0	2

[block]
# block no. 1 follows, 48 sequences, length 55
# corresponding to MSA columns:
# 228-282
name=unknown_B
#
# <colnr> <probs for GDERKNQSTAVLIFYWHMCP>
#	G	D	E	R	K	N	Q	S	T	A	V	L	I	F	Y	W	H	M	C	P
0	0.04449	0.11946	0.08010	0.01284	0.06145	0.07116	0.06906	0.23064	0.01472	0.04100	0.01257	0.02612	0.04568	0.00626	0.00610	0.00157	0.09440	0.00472	0.05065	0.00702
1	0.01892	0.01381	0.01477	0.01139	0.01533	0.01525	0.00939	0.72573	0.02334	0.03156	0.01258	0.01272	0.00899	0.00615	0.00504	0.00152	0.00545	0.00463	0.05495	0.00849
2	0.01120	0.08718	0.08835	0.00854	0.01336	0.00891	0.00771	0.03964	0.01110	0.01678	0.00905	0.01049	0.00744	0.00404	0.00390	0.00090	0.00439	0.00314	0.00295	0.66093
3	0.00629	0.00448	0.00594	0.00710	0.00738	0.00419	0.00471	0.00715	0.00975	0.01300	0.02790	0.79151	0.03345	0.04155	0.00717	0.00218	0.00304	0.01436	0.00471	0.00413
4	0.00846	0.00694	0.01013	0.01154	0.11990	0.02154	0.00761	0.01023	0.00875	0.01241	0.01307	0.02007	0.01247	0.11953	0.55642	0.00658	0.04111	0.00551	0.00274	0.00498
5	0.24768	0.06003	0.01410	0.01347	0.11214	0.40776	0.00939	0.05136	0.01279	0.01681	0.00809	0.00952	0.00661	0.00504	0.00424	0.00142	0.00705	0.00335	0.00286	0.00627
6	0.01388	0.01163	0.01435	0.01289	0.06043	0.02428	0.07888	0.22588	0.32216	0.02256	0.01818	0.02233	0.02843	0.00747	0.00554	0.00175	0.00518	0.11190	0.00468	0.00759
7	0.08852	0.01025	0.01592	0.44494	0.19816	0.01179	0.03708	0.01560	0.09793	0.01589	0.01044	0.01360	0.00804	0.00515	0.00498	0.00166	0.00615	0.00459	0.00277	0.00654
8	0.00720	0.00520	0.00680	0.00650	0.00765	0.00480	0.00484	0.00953	0.01424	0.02013	0.73975	0.08481	0.04755	0.01082	0.00608	0.00164	0.00245	0.00960	0.00560	0.00480
9	0.00724	0.00524	0.00682	0.00643	0.00765	0.00483	0.00482	0.00963	0.01446	0.02043	0.76878	0.03857	0.06469	0.01055	0.00605	0.00162	0.00242	0.00931	0.00563	0.00483
10	0.00625	0.00447	0.00595	0.00714	0.00744	0.00417	0.00476	0.00714	0.00982	0.01310	0.02828	0.81633	0.03394	0.01608	0.00655	0.00208	0.00298	0.01459	0.00476	0.00417
11	0.00975	0.00919	0.01551	0.79082	0.05136	0.01142	0.01428	0.01317	0.01029	0.01319	0.00913	0.01366	0.00687	0.00512	0.00513	0.00171	0.00682	0.00456	0.00229	0.00575
12	0.01160	0.02574	0.04025	0.21761	0.16141	0.01255	0.42318	0.01547	0.01152	0.01559	0.00986	0.01345	0.00757	0.00458	0.00559	0.00168	0.00768	0.00533	0.00249	0.00684
13	0.00632	0.00449	0.00593	0.00706	0.00734	0.00421	0.00467	0.00716	0.00969	0.01292	0.02758	0.77136	0.03306	0.06224	0.00767	0.00225	0.00309	0.01418	0.00467	0.00411
14	0.01323	0.01144	0.01140	0.01113	0.06413	0.12350	0.00807	0.04601	0.32214	0.08658	0.04930	0.03809	0.12334	0.00898	0.03356	0.00190	0.00511	0.03057	0.00461	0.00693
15	0.08285	0.01352	0.01421	0.01121	0.01506	0.01509	0.00918	0.59843	0.13860	0.02995	0.01323	0.01306	0.00955	0.00617	0.00500	0.00157	0.00527	0.00466	0.00500	0.00839
16	0.01516	0.00903	0.01065	0.00878	0.01181	0.02436	0.00697	0.10665	0.11446	0.27107	0.15873	0.03710	0.03733	0.03909	0.00608	0.00167	0.00412	0.02702	0.00524	0.10468
17	0.01112	0.01191	0.02408	0.29561	0.02894	0.01237	0.46239	0.01497	0.01123	0.01503	0.00990	0.01384	0.00754	0.00555	0.02440	0.00189	0.03487	0.00547	0.00248	0.00640
18	0.02302	0.00873	0.01191	0.00913	0.01310	0.00754	0.00754	0.02501	0.01469	0.79122	0.02024	0.01746	0.01270	0.00635	0.00516	0.00159	0.00437	0.00516	0.00635	0.00873
19	0.01230	0.01330	0.02718	0.02487	0.27655	0.01272	0.52178	0.01621	0.01197	0.01654	0.01014	0.01347	0.00790	0.00441	0.00574	0.00166	0.00781	0.00557	0.00258	0.00732
20	0.00977	0.00920	0.01553	0.78787	0.05422	0.01142	0.01429	0.01318	0.01030	0.01320	0.00913	0.01366	0.00687	0.00512	0.00513	0.00171	0.00682	0.00456	0.00229	0.00576
21	0.00964	0.00881	0.01482	0.75496	0.03346	0.01095	0.01361	0.01269	0.01003	0.01284	0.00911	0.01381	0.00698	0.00596	0.00611	0.05726	0.00668	0.00455	0.00228	0.00547
22	0.85592	0.00992	0.00754	0.00675	0.00992	0.01151	0.00556	0.01508	0.00873	0.02302	0.00714	0.00834	0.00556	0.00476	0.00318	0.00159	0.00397	0.00278	0.00318	0.00556
23	0.01087	0.01037	0.01728	0.46571	0.29000	0.01209	0.01447	0.01394	0.01051	0.01428	0.00907	0.01311	0.00727	0.00531	0.00625	0.00170	0.08435	0.00456	0.00237	0.00652
24	0.00969	0.00912	0.01539	0.80734	0.03534	0.01140	0.01425	0.01311	0.01026	0.01311	0.00912	0.01368	0.00684	0.00513	0.00513	0.00171	0.00684	0.00456	0.00228	0.00570
25	0.02289	0.00895	0.01204	0.00923	0.01321	0.00787	0.00763	0.05384	0.01505	0.76187	0.01994	0.01727	0.01255	0.00634	0.00516	0.00159	0.00442	0.00514	0.00630	0.00873
26	0.00623	0.00495	0.00561	0.00605	0.00723	0.00433	0.00435	0.00745	0.01113	0.01388	0.07122	0.32572	0.46870	0.01404	0.00626	0.00187	0.00278	0.02912	0.00480	0.00430
27	0.01067	0.02390	0.63446	0.01608	0.02317	0.01214	0.17494	0.01629	0.01110	0.01629	0.00945	0.01146	0.00677	0.00476	0.00512	0.00165	0.00781	0.00426	0.00226	0.00745
28	0.00717	0.00524	0.00673	0.00636	0.00761	0.00480	0.00477	0.00950	0.01431	0.02006	0.72854	0.03918	0.10516	0.01068	0.00605	0.00162	0.00243	0.00940	0.00558	0.00480
29	0.00638	0.00460	0.00595	0.00688	0.00733	0.00427	0.00462	0.00737	0.01018	0.01356	0.08743	0.66435	0.08341	0.05847	0.00753	0.00218	0.00302	0.01355	0.00474	0.00417
30	0.01384	0.01284	0.01988	0.02819	0.65673	0.03417	0.01473	0.12336	0.01353	0.01887	0.00998	0.01255	0.00817	0.00482	0.00507	0.00152	0.00612	0.00454	0.00291	0.00815
31	0.01261	0.01247	0.01949	0.16241	0.60906	0.06354	0.01511	0.01561	0.01163	0.01587	0.00945	0.01264	0.00781	0.00471	0.00506	0.00154	0.00643	0.00449	0.00250	0.00757
32	0.00625	0.00447	0.00595	0.00714	0.00744	0.00417	0.00476	0.00714	0.00982	0.01310	0.02828	0.81633	0.03394	0.01608	0.00655	0.00208	0.00298	0.01459	0.00476	0.00417
33	0.02789	0.00677	0.00873	0.00744	0.00984	0.00609	0.00586	0.01592	0.02629	0.32586	0.35327	0.04572	0.10181	0.00894	0.00559	0.00162	0.00327	0.00763	0.02507	0.00639
34	0.03289	0.00884	0.01385	0.60973	0.02902	0.01071	0.01227	0.01300	0.01015	0.01416	0.00967	0.01372	0.00746	0.00534	0.00551	0.00163	0.05220	0.00443	0.08450	0.06091
35	0.01014	0.00977	0.01713	0.67808	0.09249	0.01160	0.08117	0.01361	0.01053	0.01369	0.00927	0.01362	0.00702	0.00502	0.00521	0.00170	0.00694	0.00469	0.00233	0.00599
36	0.01145	0.01164	0.02197	0.30134	0.27679	0.01217	0.25889	0.01504	0.01132	0.01537	0.00970	0.01341	0.00756	0.00469	0.00541	0.00166	0.00718	0.00505	0.00247	0.00688
37	0.00740	0.06818	0.00841	0.00766	0.00857	0.00641	0.00577	0.00866	0.01044	0.01373	0.07124	0.48725	0.11787	0.01383	0.00694	0.00198	0.05610	0.09055	0.00445	0.00457
38	0.00739	0.00535	0.00722	0.00831	0.00923	0.00517	0.00670	0.00916	0.01111	0.01445	0.02947	0.32345	0.08927	0.01475	0.00682	0.00222	0.00395	0.43675	0.00474	0.00450
39	0.00734	0.00546	0.00804	0.00804	0.00889	0.00630	0.00616	0.00903	0.00819	0.01176	0.01393	0.02119	0.01328	0.09861	0.73982	0.00799	0.01307	0.00565	0.00278	0.00447
40	0.01103	0.03352	0.01540	0.01298	0.01320	0.01503	0.01087	0.01226	0.00820	0.01253	0.00822	0.01436	0.00834	0.00975	0.03066	0.00233	0.71991	0.05344	0.00242	0.00556
41	0.01951	0.01437	0.01540	0.01181	0.01591	0.01591	0.00975	0.77056	0.02412	0.03234	0.01232	0.01232	0.00873	0.00616	0.00513	0.00154	0.00565	0.00462	0.00513	0.00873
42	0.00733	0.00550	0.00825	0.00825	0.00916	0.00641	0.00641	0.00916	0.00825	0.01191	0.01374	0.02016	0.01283	0.03848	0.79934	0.00825	0.01374	0.00550	0.00275	0.00458
43	0.02075	0.01237	0.01416	0.01086	0.01492	0.01295	0.00897	0.50644	0.02078	0.30118	0.01513	0.01414	0.01013	0.00623	0.00514	0.00156	0.00519	0.00481	0.00556	0.00873
44	0.00877	0.00654	0.00857	0.00936	0.01074	0.00675	0.00794	0.01278	0.12097	0.01631	0.05522	0.09057	0.02850	0.01310	0.00675	0.00223	0.00445	0.58042	0.00483	0.00518
45	0.01177	0.01317	0.02816	0.13351	0.02803	0.01275	0.66155	0.01596	0.01185	0.01596	0.01020	0.01382	0.00765	0.00444	0.00592	0.00173	0.00839	0.00584	0.00255	0.00675
46	0.00726	0.00524	0.00686	0.00646	0.00767	0.00484	0.00484	0.00968	0.01452	0.02058	0.78496	0.03833	0.04841	0.01049	0.00605	0.00161	0.00242	0.00928	0.00565	0.00484
47	0.01090	0.01075	0.01509	0.01304	0.01311	0.01494	0.01082	0.01208	0.00789	0.01231	0.00732	0.01197	0.00724	0.01144	0.08207	0.00275	0.74389	0.00457	0.00229	0.00553
48	0.85592	0.00992	0.00754	0.00675	0.00992	0.01151	0.00556	0.01508	0.00873	0.02302	0.00714	0.00834	0.00556	0.00476	0.00318	0.00159	0.00397	0.00278	0.00318	0.00556
49	0.00746	0.00554	0.00805	0.00801	0.00882	0.00641	0.00611	0.00911	0.00821	0.01188	0.01392	0.02131	0.01330	0.11540	0.69038	0.00766	0.02755	0.00566	0.02076	0.00446
50	0.00706	0.00534	0.00605	0.00585	0.00746	0.00464	0.00444	0.00879	0.01276	0.04083	0.30005	0.04480	0.49260	0.01196	0.00605	0.00170	0.00264	0.02721	0.00512	0.00465
51	0.01404	0.04122	0.01149	0.00901	0.01188	0.01064	0.00718	0.30408	0.07649	0.06215	0.01549	0.09832	0.01324	0.04581	0.04299	0.00194	0.00484	0.00575	0.13655	0.08689
52	0.01610	0.03140	0.01361	0.01056	0.01419	0.08434	0.02257	0.36328	0.06278	0.07401	0.01376	0.09128	0.01140	0.00660	0.00496	0.00144	0.00525	0.00528	0.00445	0.16274
53	0.07605	0.01211	0.01277	0.03167	0.01425	0.05150	0.00822	0.34408	0.03585	0.04828	0.01146	0.02451	0.00882	0.00562	0.00499	0.00135	0.03351	0.00420	0.03561	0.23513
54	0.08269	0.07556	0.07328	0.01116	0.04671	0.13986	0.00913	0.07334	0.12715	0.09790	0.01643	0.09266	0.02614	0.00774	0.00513	0.00167	0.00548	0.09727	0.00405	0.00667

[dist]
# distance from previous block
# <min> <max>
0	5

[block]
# block no. 2 follows, 48 sequences, length 9
# corresponding to MSA columns:
# 288-296
name=unknown_C
#
# <colnr> <probs for GDERKNQSTAVLIFYWHMCP>
#	G	D	E	R	K	N	Q	S	T	A	V	L	I	F	Y	W	H	M	C	P
0	0.12281	0.19470	0.04581	0.07032	0.04122	0.09789	0.07148	0.11075	0.01236	0.01743	0.00890	0.01081	0.00722	0.00526	0.00538	0.00146	0.07747	0.00380	0.03556	0.05939
1	0.22771	0.15131	0.01372	0.00901	0.01234	0.01322	0.00761	0.27243	0.01513	0.05284	0.09816	0.01438	0.01254	0.00860	0.06827	0.00202	0.00543	0.00445	0.00404	0.00678
2	0.01555	0.01203	0.01351	0.01070	0.01408	0.01300	0.00869	0.45595	0.05068	0.02529	0.01308	0.08884	0.01103	0.00698	0.00616	0.00153	0.08277	0.00532	0.00444	0.16037
3	0.00723	0.00488	0.00566	0.00589	0.00595	0.00482	0.00342	0.00740	0.00791	0.01055	0.01847	0.18250	0.02156	0.66678	0.02239	0.00442	0.00459	0.00882	0.00342	0.00331
4	0.01058	0.00900	0.00958	0.00878	0.01121	0.00989	0.00677	0.02064	0.51208	0.01967	0.12408	0.02827	0.19054	0.00874	0.00551	0.00172	0.00353	0.00735	0.00517	0.00687
5	0.00625	0.00447	0.00595	0.00714	0.00744	0.00417	0.00476	0.00714	0.00982	0.01310	0.02828	0.81633	0.03394	0.01608	0.00655	0.00208	0.00298	0.01459	0.00476	0.00417
6	0.00726	0.00524	0.00686	0.00646	0.00767	0.00484	0.00484	0.00968	0.01452	0.02058	0.78496	0.03833	0.04841	0.01049	0.00605	0.00161	0.00242	0.00928	0.00565	0.00484
7	0.01076	0.01060	0.01481	0.01288	0.01291	0.01464	0.01063	0.01187	0.00804	0.01242	0.00874	0.08598	0.00926	0.00964	0.01588	0.00223	0.73532	0.00543	0.00248	0.00548
8	0.77507	0.01035	0.00830	0.00724	0.01050	0.01194	0.00596	0.08811	0.01022	0.02392	0.00764	0.00872	0.00586	0.00490	0.00336	0.00158	0.00413	0.00296	0.00336	0.00586

[dist]
# distance from previous block
# <min> <max>
3	5

[block]
# block no. 3 follows, 48 sequences, length 26
# corresponding to MSA columns:
# 302-327
name=unknown_D
#
# <colnr> <probs for GDERKNQSTAVLIFYWHMCP>
#	G	D	E	R	K	N	Q	S	T	A	V	L	I	F	Y	W	H	M	C	P
0	0.00961	0.00611	0.00768	0.00724	0.00824	0.00649	0.00521	0.05884	0.00976	0.07112	0.01563	0.04518	0.01521	0.31983	0.28084	0.00507	0.02143	0.00629	0.09559	0.00464
1	0.01951	0.01437	0.01540	0.01181	0.01591	0.01591	0.00975	0.77056	0.02412	0.03234	0.01232	0.01232	0.00873	0.00616	0.00513	0.00154	0.00565	0.00462	0.00513	0.00873
2	0.00624	0.00452	0.00590	0.00699	0.00740	0.00418	0.00470	0.00716	0.00997	0.01316	0.03012	0.75681	0.09227	0.01584	0.00651	0.00206	0.00295	0.01430	0.00476	0.00418
3	0.01017	0.00981	0.01609	0.59112	0.04663	0.01241	0.03939	0.01312	0.00983	0.01314	0.00866	0.01313	0.00688	0.00593	0.00771	0.00182	0.18152	0.00460	0.00229	0.00578
4	0.01142	0.01179	0.01888	0.01524	0.01637	0.01512	0.17594	0.01324	0.00878	0.01324	0.00753	0.01179	0.00696	0.00797	0.01449	0.00213	0.63604	0.00483	0.00232	0.00590
5	0.00891	0.00446	0.00668	0.00668	0.00668	0.00446	0.00446	0.00668	0.00668	0.00891	0.00891	0.01560	0.00891	0.01783	0.02005	0.85071	0.00446	0.00446	0.00223	0.00223
6	0.00625	0.00447	0.00595	0.00714	0.00744	0.00417	0.00476	0.00714	0.00982	0.01310	0.02828	0.81633	0.03394	0.01608	0.00655	0.00208	0.00298	0.01459	0.00476	0.00417
7	0.01120	0.01270	0.04898	0.05626	0.02352	0.01220	0.54452	0.01482	0.01127	0.01547	0.01184	0.10102	0.01044	0.00617	0.00720	0.00182	0.09468	0.00668	0.00277	0.00644
8	0.01075	0.00977	0.01734	0.13511	0.01968	0.00989	0.29110	0.09467	0.01239	0.01708	0.01570	0.22091	0.01506	0.00785	0.00567	0.00174	0.00590	0.00773	0.09564	0.00599
9	0.01710	0.01402	0.09815	0.01118	0.01531	0.01329	0.00991	0.50761	0.04046	0.09249	0.09711	0.01557	0.01331	0.00648	0.00518	0.00155	0.00532	0.00508	0.00493	0.02595
10	0.01391	0.79481	0.02646	0.00894	0.01326	0.04757	0.00882	0.01554	0.01057	0.01209	0.00716	0.00827	0.00659	0.00442	0.00334	0.00111	0.00562	0.00276	0.00221	0.00656
11	0.00891	0.00446	0.00668	0.00668	0.00668	0.00446	0.00446	0.00668	0.00668	0.00891	0.00891	0.01560	0.00891	0.01783	0.02005	0.85071	0.00446	0.00446	0.00223	0.00223
12	0.00649	0.00468	0.00615	0.00724	0.00772	0.00438	0.00505	0.00754	0.01010	0.01332	0.02930	0.67110	0.07782	0.03367	0.00702	0.00216	0.00319	0.09415	0.00472	0.00421
13	0.01164	0.00983	0.01174	0.00847	0.01300	0.00801	0.02927	0.09503	0.01214	0.01840	0.00950	0.01092	0.00773	0.00407	0.00401	0.00087	0.00414	0.00330	0.00325	0.73465
14	0.01319	0.01417	0.09651	0.01120	0.01458	0.09847	0.00949	0.02533	0.61197	0.01993	0.01821	0.01716	0.01368	0.00655	0.00512	0.00168	0.00501	0.00531	0.00461	0.00783
15	0.00625	0.00447	0.00595	0.00714	0.00744	0.00417	0.00476	0.00714	0.00982	0.01310	0.02828	0.81633	0.03394	0.01608	0.00655	0.00208	0.00298	0.01459	0.00476	0.00417
16	0.01029	0.02654	0.79309	0.01462	0.02221	0.01192	0.01896	0.01625	0.01083	0.01625	0.00921	0.01083	0.00650	0.00487	0.00487	0.00162	0.00758	0.00379	0.00217	0.00758
17	0.02145	0.00990	0.01429	0.01078	0.01490	0.00904	0.09087	0.10477	0.01543	0.62454	0.01831	0.01651	0.01173	0.00611	0.00525	0.00160	0.00497	0.00520	0.00581	0.00853
18	0.01209	0.01061	0.01243	0.18365	0.01812	0.01247	0.00945	0.02419	0.61144	0.01965	0.01833	0.01796	0.01375	0.00656	0.00520	0.00173	0.00466	0.00553	0.00458	0.00760
19	0.00625	0.00447	0.00595	0.00714	0.00744	0.00417	0.00476	0.00714	0.00982	0.01310	0.02828	0.81633	0.03394	0.01608	0.00655	0.00208	0.00298	0.01459	0.00476	0.00417
20	0.02112	0.04266	0.01308	0.00961	0.01350	0.00986	0.00798	0.19549	0.01668	0.54988	0.05294	0.01686	0.01318	0.00642	0.00512	0.00156	0.00462	0.00513	0.00587	0.00847
21	0.00629	0.00452	0.00591	0.00700	0.00735	0.00421	0.00466	0.00717	0.00981	0.01300	0.02877	0.75302	0.06447	0.04831	0.00732	0.00219	0.00304	0.01414	0.00470	0.00413
22	0.10561	0.73407	0.02478	0.00856	0.01282	0.01934	0.00843	0.01533	0.01024	0.01327	0.00713	0.00824	0.00647	0.00443	0.00328	0.00115	0.00532	0.00275	0.00230	0.00647
23	0.01060	0.02450	0.67340	0.01606	0.04924	0.01206	0.11027	0.01625	0.01102	0.01629	0.00937	0.01126	0.00671	0.00480	0.00503	0.00163	0.00766	0.00409	0.00223	0.00752
24	0.01098	0.06408	0.72388	0.01412	0.02140	0.01214	0.01800	0.01657	0.01097	0.04816	0.00957	0.01098	0.00676	0.00491	0.00481	0.00160	0.00735	0.00380	0.00234	0.00758
25	0.01593	0.01114	0.01420	0.03894	0.01514	0.01178	0.08108	0.39667	0.01815	0.10891	0.09663	0.01674	0.01371	0.00832	0.03699	0.04773	0.00556	0.00535	0.04973	0.00730

[dist]
# distance from previous block
# <min> <max>
0	1

[block]
# block no. 4 follows, 48 sequences, length 72
# corresponding to MSA columns:
# 329-400
name=unknown_E
#
# <colnr> <probs for GDERKNQSTAVLIFYWHMCP>
#	G	D	E	R	K	N	Q	S	T	A	V	L	I	F	Y	W	H	M	C	P
0	0.01012	0.00584	0.00765	0.00689	0.00848	0.00533	0.00519	0.01223	0.01387	0.15964	0.56557	0.05267	0.03916	0.07550	0.00753	0.00189	0.00299	0.00851	0.00555	0.00539
1	0.00982	0.00925	0.01562	0.77407	0.06760	0.01143	0.01431	0.01322	0.01032	0.01327	0.00914	0.01364	0.00690	0.00511	0.00513	0.00170	0.00681	0.00456	0.00229	0.00580
2	0.03019	0.00979	0.01635	0.62530	0.19304	0.01157	0.01436	0.01371	0.01052	0.01411	0.00919	0.01335	0.00708	0.00500	0.00507	0.00167	0.00662	0.00452	0.00236	0.00621
3	0.00762	0.00532	0.00697	0.00652	0.00779	0.00490	0.00490	0.01003	0.01453	0.03801	0.76766	0.03786	0.04761	0.01040	0.00603	0.00161	0.00246	0.00919	0.00566	0.00493
4	0.85592	0.00992	0.00754	0.00675	0.00992	0.01151	0.00556	0.01508	0.00873	0.02302	0.00714	0.00834	0.00556	0.00476	0.00318	0.00159	0.00397	0.00278	0.00318	0.00556
5	0.01345	0.76030	0.08699	0.00924	0.01388	0.01965	0.00958	0.01543	0.01046	0.01240	0.00730	0.00844	0.00658	0.00443	0.00342	0.00114	0.00565	0.00283	0.00219	0.00666
6	0.01382	0.71014	0.02513	0.00927	0.01326	0.03783	0.00894	0.01574	0.02854	0.02756	0.00770	0.00891	0.00693	0.00484	0.00439	0.00121	0.06383	0.00300	0.00236	0.00658
7	0.01402	0.01161	0.01282	0.08462	0.01597	0.01335	0.00906	0.19558	0.53506	0.02317	0.01784	0.01708	0.01326	0.00661	0.00519	0.00169	0.00468	0.00542	0.00493	0.00804
8	0.00843	0.00679	0.00771	0.00730	0.00905	0.00688	0.00552	0.01384	0.22693	0.01863	0.33610	0.08855	0.22334	0.01051	0.00586	0.00171	0.00296	0.00906	0.00525	0.00558
9	0.85592	0.00992	0.00754	0.00675	0.00992	0.01151	0.00556	0.01508	0.00873	0.02302	0.00714	0.00834	0.00556	0.00476	0.00318	0.00159	0.00397	0.00278	0.00318	0.00556
10	0.85592	0.00992	0.00754	0.00675	0.00992	0.01151	0.00556	0.01508	0.00873	0.02302	0.00714	0.00834	0.00556	0.00476	0.00318	0.00159	0.00397	0.00278	0.00318	0.00556
11	0.01083	0.00923	0.01074	0.00769	0.01224	0.00704	0.00616	0.02922	0.01093	0.01706	0.00919	0.01068	0.00762	0.00385	0.00383	0.00078	0.00384	0.00307	0.00309	0.83292
12	0.02130	0.03344	0.06883	0.00949	0.01365	0.00827	0.00836	0.02381	0.02896	0.68137	0.03541	0.01720	0.01290	0.00629	0.00511	0.00158	0.00458	0.00509	0.00589	0.00849
13	0.00841	0.00553	0.00703	0.00648	0.00801	0.00499	0.00492	0.01062	0.01409	0.08504	0.60403	0.03830	0.16196	0.01053	0.00598	0.00163	0.00261	0.00917	0.00557	0.00509
14	0.01679	0.01309	0.01421	0.01148	0.01493	0.01489	0.00933	0.48215	0.26346	0.02751	0.01467	0.01442	0.01080	0.00661	0.00596	0.00165	0.05976	0.00499	0.00497	0.00832
15	0.00969	0.00912	0.01539	0.80734	0.03534	0.01140	0.01425	0.01311	0.01026	0.01311	0.00912	0.01368	0.00684	0.00513	0.00513	0.00171	0.00684	0.00456	0.00228	0.00570
16	0.01188	0.01326	0.02785	0.02085	0.05560	0.01293	0.64685	0.01576	0.01164	0.01598	0.01055	0.03728	0.00848	0.00511	0.00702	0.00178	0.08171	0.00610	0.00262	0.00677
17	0.00684	0.00490	0.00637	0.00735	0.00782	0.00468	0.00498	0.04077	0.01045	0.01395	0.02758	0.78091	0.03283	0.01564	0.00649	0.00206	0.00309	0.01415	0.00478	0.00437
18	0.00969	0.00912	0.01539	0.80734	0.03534	0.01140	0.01425	0.01311	0.01026	0.01311	0.00912	0.01368	0.00684	0.00513	0.00513	0.00171	0.00684	0.00456	0.00228	0.00570
19	0.00637	0.00462	0.00603	0.00707	0.00755	0.00429	0.00485	0.00742	0.01025	0.01356	0.06089	0.69003	0.09393	0.01552	0.00651	0.00205	0.00300	0.04702	0.00480	0.00423
20	0.00711	0.00592	0.00627	0.00606	0.00782	0.00546	0.00456	0.01019	0.10593	0.01587	0.17212	0.04354	0.55356	0.02504	0.00629	0.00177	0.00279	0.00990	0.00494	0.00486
21	0.00969	0.00912	0.01539	0.80734	0.03534	0.01140	0.01425	0.01311	0.01026	0.01311	0.00912	0.01368	0.00684	0.00513	0.00513	0.00171	0.00684	0.00456	0.00228	0.00570
22	0.00645	0.00533	0.00570	0.00578	0.00739	0.00463	0.00440	0.00814	0.02617	0.01458	0.10366	0.07947	0.63084	0.01290	0.00614	0.00178	0.00278	0.06456	0.00484	0.00446
23	0.00626	0.00456	0.00590	0.00693	0.00740	0.00420	0.00468	0.00724	0.01015	0.01340	0.05305	0.71566	0.11048	0.01560	0.00649	0.00203	0.00292	0.01405	0.00479	0.00420
24	0.00818	0.00584	0.00816	0.00935	0.01049	0.00583	0.00811	0.01047	0.01172	0.01525	0.02722	0.09227	0.02973	0.01426	0.00706	0.00235	0.00465	0.71964	0.00473	0.00470
25	0.00969	0.00912	0.01539	0.80734	0.03534	0.01140	0.01425	0.01311	0.01026	0.01311	0.00912	0.01368	0.00684	0.00513	0.00513	0.00171	0.00684	0.00456	0.00228	0.00570
26	0.01372	0.82276	0.02689	0.00878	0.01317	0.02030	0.00878	0.01536	0.01043	0.01207	0.00713	0.00823	0.00658	0.00439	0.00329	0.00110	0.00549	0.00274	0.00219	0.00658
27	0.00623	0.00456	0.00586	0.00691	0.00738	0.00419	0.00466	0.00717	0.01005	0.01319	0.03120	0.72199	0.12639	0.01570	0.00649	0.00204	0.00293	0.01412	0.00476	0.00419
28	0.00625	0.00447	0.00595	0.00714	0.00744	0.00417	0.00476	0.00714	0.00982	0.01310	0.02828	0.81633	0.03394	0.01608	0.00655	0.00208	0.00298	0.01459	0.00476	0.00417
29	0.00606	0.00520	0.00520	0.00520	0.00693	0.00433	0.00390	0.00736	0.01170	0.01386	0.05198	0.04938	0.78558	0.01299	0.00606	0.00173	0.00260	0.01083	0.00476	0.00433
30	0.85592	0.00992	0.00754	0.00675	0.00992	0.01151	0.00556	0.01508	0.00873	0.02302	0.00714	0.00834	0.00556	0.00476	0.00318	0.00159	0.00397	0.00278	0.00318	0.00556
31	0.00726	0.00524	0.00686	0.00646	0.00767	0.00484	0.00484	0.00968	0.01452	0.02058	0.78496	0.03833	0.04841	0.01049	0.00605	0.00161	0.00242	0.00928	0.00565	0.00484
32	0.01917	0.02445	0.01454	0.01322	0.01586	0.79907	0.00991	0.02049	0.01454	0.01256	0.00793	0.00925	0.00661	0.00529	0.00463	0.00132	0.00925	0.00330	0.00264	0.00595
33	0.00733	0.00550	0.00825	0.00825	0.00916	0.00641	0.00641	0.00916	0.00825	0.01191	0.01374	0.02016	0.01283	0.03848	0.79934	0.00825	0.01374	0.00550	0.00275	0.00458
34	0.00636	0.00455	0.00605	0.00707	0.00747	0.00424	0.00477	0.00741	0.01031	0.01388	0.10733	0.73505	0.03545	0.01549	0.00650	0.00203	0.00292	0.01403	0.00486	0.00424
35	0.01123	0.01123	0.01572	0.01347	0.01347	0.01572	0.01123	0.01235	0.00786	0.01235	0.00674	0.01123	0.00674	0.00898	0.01684	0.00225	0.81028	0.00449	0.00225	0.00561
36	0.01926	0.01413	0.01513	0.01163	0.01566	0.01564	0.00960	0.75167	0.02379	0.03201	0.01243	0.01249	0.00884	0.00616	0.00509	0.00153	0.00557	0.00462	0.02612	0.00863
37	0.01140	0.01163	0.01672	0.06794	0.01599	0.03643	0.06630	0.01292	0.00851	0.01270	0.00719	0.01153	0.00682	0.00828	0.01493	0.00215	0.67598	0.00458	0.00228	0.00572
38	0.85592	0.00992	0.00754	0.00675	0.00992	0.01151	0.00556	0.01508	0.00873	0.02302	0.00714	0.00834	0.00556	0.00476	0.00318	0.00159	0.00397	0.00278	0.00318	0.00556
39	0.00638	0.00462	0.00614	0.00719	0.00764	0.00439	0.00494	0.00741	0.00989	0.01313	0.02858	0.69464	0.07421	0.01736	0.06035	0.00249	0.00374	0.03805	0.00463	0.00422
40	0.02302	0.00873	0.01191	0.00913	0.01310	0.00754	0.00754	0.02501	0.01469	0.79122	0.02024	0.01746	0.01270	0.00635	0.00516	0.00159	0.00437	0.00516	0.00635	0.00873
41	0.01123	0.01123	0.01572	0.01347	0.01347	0.01572	0.01123	0.01235	0.00786	0.01235	0.00674	0.01123	0.00674	0.00898	0.01684	0.00225	0.81028	0.00449	0.00225	0.00561
42	0.01276	0.01102	0.01160	0.01044	0.01334	0.01276	0.00812	0.02727	0.77840	0.02146	0.02088	0.01914	0.01566	0.00696	0.00522	0.00174	0.00406	0.00580	0.00522	0.00812
43	0.01049	0.04269	0.72494	0.01498	0.02233	0.01217	0.06965	0.01624	0.01091	0.01617	0.00924	0.01098	0.00659	0.00483	0.00492	0.00162	0.00761	0.00392	0.00220	0.00752
44	0.00625	0.00447	0.00595	0.00714	0.00744	0.00417	0.00476	0.00714	0.00982	0.01310	0.02828	0.81633	0.03394	0.01608	0.00655	0.00208	0.00298	0.01459	0.00476	0.00417
45	0.00977	0.00917	0.01530	0.78756	0.03479	0.01143	0.01410	0.01346	0.02932	0.01332	0.00941	0.01382	0.00706	0.00518	0.00513	0.00171	0.00677	0.00459	0.00235	0.00576
46	0.00629	0.00450	0.00599	0.00712	0.00745	0.00419	0.00477	0.00724	0.01000	0.01339	0.05742	0.78636	0.03449	0.01586	0.00653	0.00207	0.00296	0.01438	0.00480	0.00419
47	0.01106	0.02553	0.68490	0.01500	0.02206	0.06902	0.06922	0.01657	0.01119	0.01599	0.00920	0.01092	0.00660	0.00487	0.00494	0.00161	0.00778	0.00391	0.00223	0.00742
48	0.01899	0.02412	0.01471	0.01371	0.03676	0.77777	0.01007	0.02036	0.01446	0.01267	0.00798	0.00935	0.00665	0.00527	0.00464	0.00133	0.00917	0.00334	0.00264	0.00601
49	0.00693	0.00513	0.00647	0.00634	0.00752	0.00467	0.00468	0.00897	0.01345	0.01850	0.56651	0.14246	0.16611	0.01163	0.00612	0.00169	0.00252	0.01023	0.00539	0.00467
50	0.01129	0.01140	0.01670	0.01402	0.01438	0.01553	0.06266	0.01263	0.00815	0.01263	0.00698	0.01140	0.00681	0.00866	0.01611	0.00221	0.75587	0.00460	0.00227	0.00570
51	0.00624	0.00520	0.00544	0.00538	0.00704	0.00441	0.00404	0.00771	0.01211	0.01485	0.16007	0.04775	0.67688	0.01263	0.00606	0.00172	0.00257	0.01060	0.00490	0.00441
52	0.01886	0.01375	0.01471	0.01135	0.01527	0.01519	0.00935	0.72129	0.02326	0.03148	0.01261	0.01276	0.00901	0.00615	0.00503	0.00152	0.00543	0.00463	0.05988	0.00847
53	0.01224	0.01025	0.06392	0.00828	0.01297	0.00728	0.00715	0.01473	0.01118	0.11837	0.01059	0.01155	0.00820	0.00421	0.00405	0.00093	0.00413	0.00337	0.00342	0.68321
54	0.00922	0.00567	0.00725	0.00669	0.00830	0.00510	0.00507	0.01130	0.01379	0.12719	0.51389	0.09205	0.15328	0.01068	0.00596	0.00166	0.00276	0.00931	0.00555	0.00526
55	0.01372	0.82276	0.02689	0.00878	0.01317	0.02030	0.00878	0.01536	0.01043	0.01207	0.00713	0.00823	0.00658	0.00439	0.00329	0.00110	0.00549	0.00274	0.00219	0.00658
56	0.01074	0.01020	0.01721	0.52553	0.28521	0.01179	0.01466	0.01397	0.01066	0.01430	0.00923	0.01328	0.00727	0.00506	0.00546	0.00166	0.03034	0.00456	0.00237	0.00651
57	0.01123	0.01123	0.01572	0.01347	0.01347	0.01572	0.01123	0.01235	0.00786	0.01235	0.00674	0.01123	0.00674	0.00898	0.01684	0.00225	0.81028	0.00449	0.00225	0.00561
58	0.00655	0.00522	0.00587	0.00571	0.00723	0.00454	0.00428	0.00831	0.01285	0.01659	0.35002	0.04489	0.48584	0.01198	0.00606	0.00168	0.00253	0.01020	0.00512	0.00454
59	0.01270	0.01219	0.02083	0.03149	0.78767	0.01219	0.01575	0.01575	0.01168	0.01676	0.00965	0.01270	0.00813	0.00457	0.00508	0.00152	0.00610	0.00457	0.00254	0.00813
60	0.00838	0.00550	0.00719	0.00662	0.00804	0.00502	0.00501	0.01074	0.01447	0.07625	0.71210	0.03708	0.06337	0.01025	0.00599	0.00161	0.00257	0.00902	0.00568	0.00511
61	0.79531	0.01025	0.00811	0.00711	0.01036	0.01183	0.00586	0.06982	0.00985	0.02370	0.00752	0.00862	0.00579	0.00486	0.00332	0.00158	0.00409	0.00291	0.00332	0.00579
62	0.00705	0.00581	0.00599	0.00581	0.00762	0.00516	0.00438	0.06265	0.01247	0.01515	0.04750	0.09875	0.67827	0.01271	0.00603	0.00174	0.00285	0.01063	0.00479	0.00464
63	0.00634	0.00450	0.00593	0.00703	0.00731	0.00423	0.00464	0.00717	0.00965	0.01287	0.02740	0.75961	0.03283	0.07430	0.00797	0.00229	0.00312	0.01407	0.00464	0.00409
64	0.79467	0.00986	0.00777	0.00681	0.01009	0.01117	0.00559	0.01493	0.00887	0.02256	0.00729	0.00850	0.00570	0.00469	0.00322	0.00153	0.00396	0.00280	0.00317	0.06682
65	0.01917	0.02445	0.01454	0.01322	0.01586	0.79907	0.00991	0.02049	0.01454	0.01256	0.00793	0.00925	0.00661	0.00529	0.00463	0.00132	0.00925	0.00330	0.00264	0.00595
66	0.02278	0.00879	0.01190	0.00916	0.01310	0.00766	0.00755	0.02506	0.03233	0.77344	0.02026	0.01750	0.01277	0.00636	0.00516	0.00159	0.00436	0.00517	0.00632	0.00872
67	0.01909	0.00821	0.01090	0.00864	0.01196	0.00736	0.00702	0.06230	0.01517	0.56680	0.20116	0.02213	0.02095	0.00732	0.00537	0.00159	0.00398	0.00611	0.00612	0.00781
68	0.01397	0.65294	0.08025	0.00932	0.01372	0.03931	0.00936	0.01595	0.01076	0.06527	0.00848	0.00959	0.00726	0.00605	0.03792	0.00148	0.00602	0.00312	0.00251	0.00670
69	0.00743	0.00496	0.00561	0.00564	0.00565	0.00495	0.00316	0.00745	0.00753	0.01004	0.01652	0.05613	0.01909	0.79652	0.02555	0.00489	0.00492	0.00767	0.00316	0.00314
70	0.02525	0.01078	0.01121	0.01002	0.01163	0.14069	0.00788	0.08386	0.01107	0.01487	0.02608	0.01599	0.01076	0.04949	0.31332	0.00428	0.15312	0.00478	0.03209	0.06281
71	0.06669	0.24338	0.44073	0.01352	0.06792	0.05563	0.01461	0.01612	0.01083	0.01538	0.00847	0.00999	0.00657	0.00474	0.00433	0.00146	0.00676	0.00346	0.00229	0.00713

[dist]
# distance from previous block
# <min> <max>
0	14

[block]
# block no. 5 follows, 48 sequences, length 70
# corresponding to MSA columns:
# 415-484
name=unknown_F
#
# <colnr> <probs for GDERKNQSTAVLIFYWHMCP>
#	G	D	E	R	K	N	Q	S	T	A	V	L	I	F	Y	W	H	M	C	P
0	0.07217	0.14254	0.04969	0.03326	0.05690	0.13660	0.05722	0.27018	0.03269	0.03208	0.04921	0.01307	0.02103	0.00571	0.00474	0.00147	0.00614	0.00440	0.00370	0.00720
1	0.01709	0.06082	0.01392	0.01195	0.01452	0.58988	0.00908	0.03432	0.07947	0.01403	0.01078	0.06102	0.00944	0.00611	0.00469	0.00139	0.00783	0.00429	0.04331	0.00605
2	0.02541	0.03180	0.01077	0.01085	0.05990	0.11257	0.00818	0.07248	0.05364	0.05751	0.02230	0.13112	0.06941	0.02694	0.00637	0.00197	0.00509	0.28363	0.00434	0.00574
3	0.01363	0.59149	0.12472	0.01049	0.03182	0.10320	0.01027	0.01582	0.01094	0.01280	0.00813	0.03108	0.00737	0.00488	0.00377	0.00123	0.00611	0.00331	0.00232	0.00661
4	0.00985	0.00922	0.01519	0.76499	0.03417	0.01147	0.01392	0.01386	0.05108	0.01355	0.00975	0.01397	0.00731	0.00523	0.00513	0.00171	0.00669	0.00463	0.00244	0.00583
5	0.00983	0.00931	0.01585	0.76871	0.05724	0.01145	0.02954	0.01325	0.01034	0.01328	0.00916	0.01365	0.00690	0.00510	0.00515	0.00170	0.00685	0.00459	0.00229	0.00580
6	0.01213	0.01254	0.04096	0.11459	0.29462	0.01205	0.35261	0.01575	0.01172	0.03878	0.01083	0.03981	0.00877	0.00496	0.00557	0.00166	0.00721	0.00556	0.00271	0.00718
7	0.00825	0.00622	0.00935	0.00991	0.01123	0.00612	0.05536	0.01055	0.01158	0.01513	0.02626	0.15260	0.02874	0.01380	0.00695	0.00229	0.00475	0.61152	0.00460	0.00479
8	0.00807	0.00584	0.00799	0.00906	0.01029	0.00576	0.00787	0.01033	0.01180	0.01522	0.02945	0.05710	0.09896	0.01407	0.00699	0.00230	0.00453	0.68496	0.00473	0.00469
9	0.00606	0.00520	0.00520	0.00520	0.00693	0.00433	0.00390	0.00736	0.01170	0.01386	0.05198	0.04938	0.78558	0.01299	0.00606	0.00173	0.00260	0.01083	0.00476	0.00433
10	0.02302	0.00873	0.01191	0.00913	0.01310	0.00754	0.00754	0.02501	0.01469	0.79122	0.02024	0.01746	0.01270	0.00635	0.00516	0.00159	0.00437	0.00516	0.00635	0.00873
11	0.00744	0.00506	0.00603	0.00603	0.00619	0.00521	0.00366	0.00774	0.00759	0.01027	0.01577	0.03136	0.01769	0.69057	0.15391	0.00552	0.00642	0.00714	0.00305	0.00335
12	0.01372	0.82276	0.02689	0.00878	0.01317	0.02030	0.00878	0.01536	0.01043	0.01207	0.00713	0.00823	0.00658	0.00439	0.00329	0.00110	0.00549	0.00274	0.00219	0.00658
13	0.00810	0.00585	0.00803	0.00912	0.01034	0.00578	0.00792	0.01037	0.01180	0.01524	0.02912	0.05721	0.08894	0.01408	0.00701	0.00231	0.00456	0.69480	0.00473	0.00469
14	0.00969	0.00912	0.01539	0.80734	0.03534	0.01140	0.01425	0.01311	0.01026	0.01311	0.00912	0.01368	0.00684	0.00513	0.00513	0.00171	0.00684	0.00456	0.00228	0.00570
15	0.00956	0.00478	0.00478	0.00478	0.00598	0.00478	0.00359	0.01196	0.01076	0.01913	0.01674	0.01913	0.01315	0.00598	0.00359	0.00120	0.00239	0.00478	0.84816	0.00478
16	0.00717	0.00518	0.00678	0.00651	0.00765	0.00478	0.00483	0.00946	0.01412	0.01993	0.71950	0.10563	0.04716	0.01097	0.00609	0.00165	0.00247	0.00974	0.00557	0.00478
17	0.85592	0.00992	0.00754	0.00675	0.00992	0.01151	0.00556	0.01508	0.00873	0.02302	0.00714	0.00834	0.00556	0.00476	0.00318	0.00159	0.00397	0.00278	0.00318	0.00556
18	0.00739	0.00498	0.00578	0.00584	0.00591	0.00502	0.00340	0.00755	0.00763	0.01023	0.01662	0.07159	0.01905	0.73097	0.07347	0.00504	0.00542	0.00769	0.00317	0.00325
19	0.00703	0.00549	0.00655	0.00700	0.00848	0.00500	0.00573	0.00883	0.01192	0.01489	0.08771	0.05214	0.43259	0.01332	0.00648	0.00198	0.00345	0.31207	0.00480	0.00452
20	0.00833	0.00602	0.00827	0.00936	0.01060	0.00604	0.00815	0.01097	0.03155	0.01547	0.02765	0.05666	0.04880	0.01396	0.00701	0.00233	0.00465	0.71462	0.00474	0.00480
21	0.02302	0.00873	0.01191	0.00913	0.01310	0.00754	0.00754	0.02501	0.01469	0.79122	0.02024	0.01746	0.01270	0.00635	0.00516	0.00159	0.00437	0.00516	0.00635	0.00873
22	0.01248	0.01208	0.02096	0.07949	0.70289	0.01218	0.05304	0.01562	0.01162	0.01652	0.00965	0.01282	0.00803	0.00459	0.00513	0.00155	0.00627	0.00464	0.00253	0.00792
23	0.00799	0.00575	0.00792	0.00904	0.01018	0.00568	0.00776	0.01018	0.01165	0.01510	0.02857	0.11752	0.07006	0.01426	0.00699	0.00231	0.00447	0.65516	0.00473	0.00466
24	0.00720	0.00524	0.00677	0.00639	0.00763	0.00481	0.00479	0.00956	0.01437	0.02022	0.74576	0.03892	0.08784	0.01062	0.00605	0.00162	0.00243	0.00936	0.00560	0.00481
25	0.00645	0.00461	0.00617	0.00732	0.00771	0.00433	0.00505	0.00750	0.01012	0.01349	0.04907	0.73224	0.03397	0.01576	0.00658	0.00209	0.00311	0.07541	0.00478	0.00423
26	0.03235	0.01010	0.01785	0.60320	0.09869	0.01170	0.12556	0.01388	0.01062	0.01418	0.00930	0.01348	0.00706	0.00495	0.00521	0.00169	0.00697	0.00474	0.00237	0.00609
27	0.01042	0.05718	0.76360	0.01440	0.02186	0.01224	0.01857	0.01622	0.01082	0.01609	0.00913	0.01073	0.00650	0.00486	0.00481	0.00160	0.00750	0.00375	0.00217	0.00754
28	0.00632	0.00449	0.00593	0.00706	0.00734	0.00421	0.00468	0.00716	0.00970	0.01293	0.02764	0.77473	0.03312	0.05878	0.00759	0.00224	0.00308	0.01421	0.00468	0.00411
