[name]
unknown

[dist]
# distance from previous block
# <min> <max>
0	115

[block]
# block no. 0 follows, 45 sequences, length 15
# corresponding to MSA columns:
# 115-129
name=unknown_A
#
# <colnr> <probs for GDERKNQSTAVLIFYWHMCP>
#	G	D	E	R	K	N	Q	S	T	A	V	L	I	F	Y	W	H	M	C	P
0	0.16053	0.01059	0.01385	0.01121	0.02772	0.01060	0.09194	0.15111	0.03475	0.29660	0.05035	0.06008	0.03034	0.00710	0.00532	0.00172	0.00506	0.01830	0.00512	0.00772
1	0.07830	0.04591	0.03662	0.09899	0.01686	0.01102	0.07441	0.12011	0.08890	0.19276	0.07855	0.02102	0.09899	0.00721	0.00541	0.00169	0.00516	0.00606	0.00472	0.00733
2	0.01088	0.00903	0.01144	0.09906	0.04101	0.00984	0.02798	0.03002	0.30560	0.03169	0.05427	0.09291	0.10849	0.00982	0.00605	0.00194	0.00459	0.13390	0.00480	0.00667
3	0.01004	0.00918	0.01524	0.61412	0.08960	0.01099	0.01386	0.01334	0.01101	0.01427	0.01264	0.05662	0.01125	0.00692	0.00566	0.00187	0.00666	0.08793	0.00281	0.00597
4	0.01354	0.01380	0.02148	0.11058	0.55790	0.08683	0.08455	0.01672	0.01239	0.01668	0.00994	0.01316	0.00818	0.00489	0.00537	0.00161	0.00702	0.00480	0.00264	0.00790
5	0.01263	0.01346	0.09031	0.04960	0.55133	0.01231	0.01527	0.01737	0.09685	0.01778	0.01256	0.03273	0.01072	0.00580	0.00544	0.00169	0.00617	0.03678	0.00308	0.00813
6	0.00719	0.00539	0.00667	0.00652	0.00781	0.00486	0.00483	0.00927	0.01396	0.01903	0.52491	0.12673	0.21866	0.01223	0.00639	0.00177	0.00264	0.01069	0.00559	0.00486
7	0.01365	0.01541	0.05174	0.02107	0.02635	0.04783	0.63436	0.08628	0.01391	0.01855	0.01090	0.01403	0.00814	0.00476	0.00614	0.00177	0.00875	0.00600	0.00295	0.00739
8	0.01188	0.01158	0.02048	0.35763	0.37840	0.01249	0.09902	0.01538	0.01164	0.01587	0.00995	0.01386	0.00789	0.00500	0.00545	0.00170	0.00701	0.00495	0.00255	0.00728
9	0.01334	0.01319	0.02238	0.05102	0.66827	0.03435	0.08509	0.01661	0.01231	0.01729	0.01010	0.01332	0.00839	0.00479	0.00540	0.00161	0.00674	0.00489	0.00266	0.00826
10	0.00847	0.00527	0.00597	0.00595	0.00624	0.00522	0.00354	0.00887	0.00856	0.03459	0.01779	0.07424	0.01952	0.65235	0.02286	0.00448	0.00476	0.00781	0.09982	0.00369
11	0.01263	0.01208	0.02060	0.19250	0.62345	0.01258	0.01615	0.01590	0.01191	0.01674	0.00998	0.01350	0.00822	0.00490	0.00533	0.00163	0.00654	0.00478	0.00260	0.00797
12	0.00803	0.00669	0.00736	0.00803	0.00920	0.05218	0.00612	0.00985	0.02797	0.01488	0.05216	0.33240	0.22258	0.01444	0.00671	0.00210	0.00390	0.20576	0.00487	0.00478
13	0.01049	0.00990	0.01674	0.71258	0.12008	0.01202	0.01508	0.01402	0.01090	0.01414	0.00960	0.01420	0.00731	0.00530	0.00536	0.00177	0.00707	0.00477	0.00242	0.00625
14	0.73256	0.01052	0.00904	0.08072	0.01314	0.01225	0.00686	0.05048	0.01004	0.02358	0.00792	0.00943	0.00609	0.00509	0.00361	0.00167	0.00451	0.00317	0.00333	0.00598

[dist]
# distance from previous block
# <min> <max>
0	1

[block]
# block no. 1 follows, 45 sequences, length 20
# corresponding to MSA columns:
# 131-150
name=unknown_B
#
# <colnr> <probs for GDERKNQSTAVLIFYWHMCP>
#	G	D	E	R	K	N	Q	S	T	A	V	L	I	F	Y	W	H	M	C	P
0	0.00759	0.00550	0.00766	0.00779	0.00843	0.00608	0.00564	0.00891	0.00858	0.01206	0.01660	0.10584	0.01728	0.23755	0.51177	0.00708	0.01084	0.00726	0.00319	0.00435
1	0.03445	0.01383	0.01340	0.01215	0.03968	0.10729	0.00921	0.15094	0.50956	0.02314	0.01799	0.01709	0.01352	0.00680	0.00532	0.00172	0.00525	0.00543	0.00498	0.00827
2	0.00653	0.00472	0.00617	0.00734	0.00775	0.00437	0.00492	0.00749	0.01041	0.01376	0.03128	0.75620	0.08606	0.01660	0.00682	0.00215	0.00309	0.01499	0.00498	0.00437
3	0.01326	0.01431	0.07029	0.09296	0.51166	0.06315	0.06376	0.01753	0.06818	0.01724	0.01082	0.01359	0.00874	0.00507	0.00535	0.00163	0.00677	0.00484	0.00283	0.00802
4	0.00891	0.00615	0.00813	0.05862	0.01058	0.00589	0.00609	0.01132	0.03096	0.06769	0.38384	0.17026	0.07705	0.04667	0.00719	0.00196	0.00344	0.05624	0.00524	0.03375
5	0.01386	0.51602	0.26353	0.01112	0.01673	0.01763	0.01243	0.01702	0.01133	0.06394	0.00903	0.01009	0.00728	0.00488	0.00409	0.00135	0.00635	0.00338	0.00257	0.00736
6	0.05965	0.00941	0.01240	0.00955	0.01367	0.00840	0.00789	0.05379	0.01547	0.72020	0.02027	0.01765	0.01281	0.00656	0.00531	0.00166	0.00460	0.00527	0.00645	0.00899
7	0.00653	0.00472	0.00618	0.00734	0.00775	0.00437	0.00492	0.00749	0.01040	0.01375	0.03120	0.75872	0.08359	0.01661	0.00682	0.00216	0.00309	0.01500	0.00498	0.00437
8	0.01445	0.33399	0.19496	0.01408	0.07392	0.11390	0.06097	0.06937	0.04798	0.01627	0.00952	0.01091	0.00767	0.00509	0.00455	0.00144	0.00693	0.00384	0.00276	0.00741
9	0.01248	0.02540	0.67527	0.01461	0.02202	0.01220	0.01825	0.05001	0.01233	0.09219	0.01090	0.01208	0.00753	0.00531	0.00514	0.00169	0.00752	0.00414	0.00283	0.00810
10	0.01050	0.00647	0.00756	0.00682	0.00903	0.00574	0.00528	0.01292	0.04883	0.16919	0.21638	0.04081	0.41737	0.01130	0.00611	0.00175	0.00311	0.00952	0.00556	0.00576
11	0.00893	0.00568	0.00737	0.00783	0.00883	0.00540	0.00552	0.01110	0.06055	0.09499	0.11886	0.58138	0.03380	0.01443	0.00655	0.00204	0.00327	0.01296	0.00530	0.00521
12	0.03755	0.01281	0.01403	0.01101	0.01498	0.03843	0.00899	0.40521	0.08051	0.22745	0.04897	0.01581	0.01244	0.00660	0.00531	0.00161	0.00528	0.00514	0.00552	0.04234
13	0.00780	0.00523	0.00598	0.00598	0.00603	0.00527	0.00341	0.00789	0.00784	0.01050	0.01680	0.03447	0.01923	0.77537	0.06291	0.00536	0.00563	0.00771	0.00323	0.00332
14	0.00962	0.00711	0.05785	0.00798	0.00972	0.00563	0.00639	0.01155	0.01257	0.12546	0.22849	0.36736	0.08919	0.01277	0.00637	0.00192	0.00349	0.02575	0.00529	0.00549
15	0.01817	0.12644	0.04064	0.01162	0.01546	0.15334	0.00980	0.32608	0.06699	0.09851	0.01273	0.01328	0.00955	0.00856	0.06305	0.00205	0.00701	0.00449	0.00433	0.00790
16	0.01178	0.01307	0.06861	0.43084	0.04977	0.06339	0.13434	0.03374	0.01146	0.01496	0.00946	0.01345	0.00735	0.00575	0.00704	0.00182	0.10932	0.00488	0.00253	0.00645
17	0.00899	0.00639	0.00746	0.00703	0.00740	0.00687	0.00452	0.06388	0.00917	0.01242	0.01583	0.03115	0.01758	0.65506	0.06926	0.00495	0.05750	0.00727	0.00333	0.00395
18	0.01400	0.01477	0.16060	0.01282	0.03783	0.01131	0.09250	0.16752	0.01440	0.06767	0.01103	0.01241	0.00831	0.00512	0.00532	0.00137	0.03314	0.00424	0.00357	0.32206
19	0.12709	0.37741	0.09818	0.03653	0.01450	0.06609	0.00947	0.06695	0.01173	0.01612	0.01044	0.07031	0.00984	0.05821	0.00569	0.00168	0.00584	0.00446	0.00294	0.00651

[dist]
# distance from previous block
# <min> <max>
1	3

[block]
# block no. 2 follows, 45 sequences, length 13
# corresponding to MSA columns:
# 154-166
name=unknown_C
#
# <colnr> <probs for GDERKNQSTAVLIFYWHMCP>
#	G	D	E	R	K	N	Q	S	T	A	V	L	I	F	Y	W	H	M	C	P
0	0.01060	0.06399	0.46072	0.01274	0.01856	0.01098	0.03795	0.03253	0.01141	0.01658	0.01278	0.13122	0.01166	0.02589	0.00569	0.00170	0.00648	0.00568	0.00291	0.11992
1	0.08436	0.56580	0.09219	0.00933	0.01369	0.01780	0.00942	0.01517	0.01084	0.01420	0.01244	0.01337	0.08539	0.00575	0.00434	0.00135	0.03137	0.00390	0.00266	0.00662
2	0.05956	0.39821	0.38336	0.01195	0.01805	0.01658	0.01402	0.01649	0.01101	0.01533	0.00849	0.00990	0.00679	0.00485	0.00422	0.00144	0.00669	0.00339	0.00234	0.00732
3	0.02127	0.00883	0.01195	0.00931	0.01320	0.00770	0.00763	0.02336	0.01431	0.63556	0.01945	0.01791	0.01282	0.00979	0.08427	0.00228	0.00550	0.00523	0.00595	0.08365
4	0.00656	0.00502	0.00603	0.00668	0.00761	0.00449	0.00466	0.00780	0.01142	0.01469	0.10543	0.46665	0.30338	0.01513	0.00662	0.00200	0.00292	0.01335	0.00507	0.00449
5	0.01342	0.61127	0.22332	0.01076	0.01622	0.01897	0.01194	0.01631	0.01102	0.01376	0.00802	0.00931	0.00687	0.00472	0.00387	0.00129	0.00631	0.00315	0.00229	0.00716
6	0.00803	0.00587	0.00725	0.00773	0.00866	0.00569	0.00544	0.08466	0.01241	0.01652	0.09518	0.59168	0.10057	0.01496	0.00661	0.00205	0.00331	0.01336	0.00510	0.00492
7	0.00661	0.00472	0.00629	0.00743	0.00780	0.00441	0.00499	0.00765	0.01060	0.01421	0.07825	0.75773	0.03649	0.01644	0.00682	0.00215	0.00308	0.01490	0.00504	0.00441
8	0.00724	0.00495	0.00638	0.00730	0.00796	0.00453	0.00499	0.00827	0.01074	0.04534	0.03244	0.67777	0.13018	0.01598	0.00673	0.00211	0.00312	0.01435	0.00505	0.00458
9	0.01556	0.66875	0.02573	0.01027	0.04094	0.05378	0.00936	0.01736	0.01160	0.09144	0.00900	0.00981	0.00760	0.00485	0.00377	0.00123	0.00582	0.00322	0.00277	0.00715
10	0.01238	0.09172	0.30601	0.03307	0.03573	0.05568	0.11607	0.09143	0.01273	0.01727	0.01219	0.10925	0.01087	0.00713	0.00634	0.02546	0.04085	0.00572	0.00302	0.00705
11	0.00719	0.00555	0.00665	0.00737	0.00830	0.00532	0.00514	0.00968	0.08820	0.01478	0.03440	0.55632	0.20091	0.01511	0.00659	0.00206	0.00314	0.01343	0.00503	0.00482
12	0.01414	0.33232	0.15006	0.01307	0.01745	0.01630	0.11930	0.01696	0.01125	0.10088	0.00979	0.01157	0.00781	0.00577	0.00692	0.00161	0.15060	0.00417	0.00285	0.00718

[dist]
# distance from previous block
# <min> <max>
2	10

[block]
# block no. 3 follows, 45 sequences, length 22
# corresponding to MSA columns:
# 183-204
name=unknown_D
#
# <colnr> <probs for GDERKNQSTAVLIFYWHMCP>
#	G	D	E	R	K	N	Q	S	T	A	V	L	I	F	Y	W	H	M	C	P
0	0.01904	0.01488	0.01494	0.01174	0.01582	0.09459	0.00953	0.49932	0.08067	0.07607	0.01328	0.01327	0.00961	0.00616	0.00517	0.00152	0.00587	0.00465	0.00495	0.09893
1	0.00820	0.00743	0.00711	0.00702	0.00890	0.06093	0.00541	0.01086	0.07352	0.01566	0.09220	0.04632	0.53672	0.01248	0.00628	0.00184	0.00355	0.08561	0.00492	0.00505
2	0.00699	0.00538	0.00699	0.00826	0.04874	0.00494	0.00539	0.00834	0.01146	0.01507	0.12729	0.49136	0.21063	0.01469	0.00658	0.00200	0.00312	0.01308	0.00497	0.00471
3	0.01416	0.77158	0.06941	0.00952	0.01429	0.02076	0.00977	0.01612	0.01093	0.01287	0.00758	0.00876	0.00688	0.00462	0.00353	0.00118	0.00586	0.00293	0.00229	0.00695
4	0.04045	0.01155	0.01896	0.15339	0.52167	0.01183	0.01457	0.01708	0.01234	0.11241	0.02718	0.01449	0.00967	0.00524	0.00529	0.00164	0.00613	0.00490	0.00320	0.00801
5	0.02883	0.22443	0.49756	0.01314	0.01963	0.01476	0.01569	0.01793	0.08928	0.01660	0.01030	0.01149	0.00779	0.00519	0.00468	0.00157	0.00692	0.00389	0.00263	0.00768
6	0.06189	0.01130	0.01254	0.01010	0.01391	0.01166	0.00812	0.20072	0.24698	0.15160	0.04474	0.01643	0.01320	0.00635	0.00506	0.00153	0.00458	0.00507	0.00510	0.16912
7	0.00735	0.00542	0.00686	0.00662	0.00789	0.00494	0.00492	0.00960	0.01443	0.01998	0.62078	0.09597	0.15178	0.01176	0.00637	0.00174	0.00260	0.01033	0.00571	0.00494
8	0.01272	0.01534	0.09701	0.22738	0.02328	0.14026	0.10377	0.02570	0.01116	0.01441	0.00904	0.02318	0.00758	0.00670	0.00924	0.00190	0.25764	0.00478	0.00254	0.00636
9	0.07667	0.01061	0.03754	0.44407	0.12982	0.01169	0.02516	0.01586	0.08906	0.01658	0.01117	0.01443	0.00857	0.00543	0.00508	0.00169	0.00620	0.00472	0.04756	0.03811
10	0.00810	0.00560	0.00703	0.00670	0.00814	0.00505	0.00501	0.01026	0.01423	0.05799	0.53699	0.10306	0.18827	0.01173	0.00633	0.00175	0.00272	0.01025	0.00569	0.00511
11	0.00884	0.00601	0.00712	0.00661	0.00843	0.00538	0.00504	0.01125	0.03827	0.09119	0.37946	0.04217	0.34712	0.01153	0.00622	0.00174	0.00286	0.00985	0.00558	0.00534
12	0.02007	0.01643	0.04393	0.01221	0.01623	0.16882	0.01011	0.41741	0.07290	0.14710	0.01379	0.01354	0.00977	0.00630	0.00527	0.00159	0.00641	0.00470	0.00494	0.00846
13	0.00918	0.00959	0.09083	0.12326	0.05741	0.00831	0.05009	0.03654	0.06487	0.01593	0.04564	0.39725	0.03278	0.02479	0.00652	0.00201	0.00487	0.01020	0.00413	0.00579
14	0.00679	0.00490	0.00646	0.00746	0.00802	0.00457	0.00520	0.00802	0.01104	0.01472	0.10774	0.63551	0.07620	0.01590	0.00681	0.00213	0.00316	0.06581	0.00508	0.00448
15	0.00744	0.00562	0.00786	0.00989	0.08720	0.00532	0.00611	0.00883	0.01106	0.01508	0.10075	0.60040	0.05917	0.01457	0.00653	0.00203	0.00336	0.01318	0.03072	0.00488
16	0.24777	0.09878	0.41225	0.01228	0.01822	0.02571	0.03786	0.01714	0.01100	0.06029	0.00946	0.01078	0.00693	0.00509	0.00449	0.00163	0.00654	0.00371	0.00283	0.00725
17	0.01968	0.00833	0.01115	0.00901	0.01234	0.00741	0.00725	0.04726	0.01516	0.56278	0.13449	0.10282	0.02102	0.00833	0.00569	0.00172	0.00416	0.00704	0.00632	0.00803
18	0.01271	0.33834	0.30758	0.01193	0.01701	0.03647	0.01312	0.01610	0.01126	0.03859	0.04796	0.02766	0.00985	0.00591	0.00576	0.00154	0.08430	0.00414	0.00267	0.00709
19	0.06028	0.15993	0.17265	0.01151	0.01636	0.08813	0.03677	0.04395	0.02769	0.31101	0.01382	0.01354	0.00957	0.00570	0.00486	0.00156	0.00613	0.00437	0.00423	0.00796
20	0.02088	0.07268	0.01373	0.00979	0.01335	0.00963	0.00819	0.02287	0.01426	0.58791	0.07190	0.01838	0.01478	0.00707	0.00657	0.00169	0.08675	0.00543	0.00581	0.00833
21	0.01196	0.05118	0.09721	0.00918	0.01247	0.00916	0.00818	0.06855	0.12258	0.10204	0.23611	0.03881	0.10556	0.00859	0.00560	0.00164	0.00422	0.02783	0.00494	0.07419

[dist]
# distance from previous block
# <min> <max>
0	12

[block]
# block no. 4 follows, 45 sequences, length 73
# corresponding to MSA columns:
# 217-289
name=unknown_E
#
# <colnr> <probs for GDERKNQSTAVLIFYWHMCP>
#	G	D	E	R	K	N	Q	S	T	A	V	L	I	F	Y	W	H	M	C	P
0	0.05299	0.01421	0.01576	0.01235	0.01634	0.06019	0.06470	0.48145	0.07979	0.08455	0.01516	0.03040	0.03371	0.00669	0.00539	0.00165	0.00591	0.00533	0.00502	0.00840
1	0.08008	0.01403	0.01444	0.05095	0.04841	0.10150	0.00970	0.34517	0.09148	0.12976	0.02757	0.01418	0.01051	0.00623	0.00514	0.00160	0.00582	0.00477	0.00479	0.03387
2	0.07802	0.01198	0.03737	0.21956	0.04263	0.03730	0.02484	0.12566	0.08894	0.17384	0.01318	0.01452	0.00953	0.00634	0.00654	0.00177	0.09159	0.00485	0.00407	0.00745
3	0.05613	0.01383	0.01523	0.06986	0.01741	0.01533	0.01004	0.60118	0.04181	0.06574	0.01311	0.01376	0.00946	0.02525	0.00580	0.00172	0.00580	0.00487	0.00507	0.00859
4	0.02075	0.03489	0.01332	0.01001	0.01384	0.01019	0.00826	0.16418	0.04096	0.48812	0.07409	0.01820	0.01480	0.00689	0.00575	0.00164	0.03009	0.00547	0.00594	0.03259
5	0.00657	0.00483	0.00607	0.00704	0.00759	0.00443	0.00474	0.00753	0.01048	0.01367	0.03319	0.63670	0.16225	0.05821	0.00784	0.00228	0.00316	0.01419	0.00489	0.00433
6	0.03773	0.00967	0.01572	0.54249	0.02989	0.01115	0.06776	0.03744	0.01179	0.09589	0.01301	0.04010	0.03098	0.00607	0.00541	0.00177	0.00652	0.00541	0.02484	0.00637
7	0.00722	0.00546	0.00656	0.00629	0.00766	0.00491	0.00465	0.00924	0.01385	0.01870	0.50731	0.04341	0.27431	0.05785	0.00754	0.00193	0.00274	0.01010	0.00547	0.00479
8	0.00708	0.00573	0.00633	0.00613	0.00781	0.00511	0.00461	0.00946	0.04752	0.01723	0.29548	0.04633	0.49720	0.01243	0.00630	0.00177	0.00273	0.01054	0.00532	0.00489
9	0.01435	0.81458	0.02813	0.00918	0.01378	0.02124	0.00918	0.01607	0.01091	0.01263	0.00746	0.00861	0.00689	0.00459	0.00344	0.00115	0.00574	0.00287	0.00230	0.00689
10	0.02291	0.00965	0.01263	0.00977	0.01381	0.00879	0.00804	0.09492	0.03887	0.66490	0.04364	0.01849	0.01414	0.00678	0.00543	0.00166	0.00462	0.00550	0.00647	0.00899
11	0.00781	0.00520	0.00585	0.00585	0.00585	0.00520	0.00325	0.00781	0.00781	0.01041	0.01691	0.03513	0.01952	0.81135	0.02732	0.00520	0.00520	0.00781	0.00325	0.00325
12	0.00857	0.05389	0.00903	0.00864	0.03263	0.06410	0.00613	0.01008	0.01202	0.01551	0.18635	0.38896	0.12218	0.01307	0.00654	0.00191	0.02181	0.02887	0.00473	0.00499
13	0.00727	0.00548	0.00667	0.00642	0.00780	0.00494	0.00481	0.00938	0.01403	0.01901	0.52469	0.04377	0.25818	0.03752	0.00704	0.00186	0.00273	0.02800	0.00553	0.00485
14	0.01160	0.00982	0.01138	0.00817	0.01292	0.00763	0.00655	0.05107	0.01184	0.01831	0.00971	0.01122	0.00801	0.00410	0.00405	0.00084	0.00407	0.00326	0.00329	0.80215
15	0.01268	0.01213	0.02069	0.18132	0.63426	0.01259	0.01617	0.01594	0.01193	0.01680	0.00999	0.01348	0.00824	0.00490	0.00532	0.00163	0.00653	0.00478	0.00260	0.00801
16	0.00760	0.00525	0.00617	0.00625	0.00652	0.00528	0.00383	0.00799	0.00838	0.01115	0.02016	0.08204	0.07563	0.61272	0.11455	0.00517	0.00598	0.00828	0.00344	0.00360
17	0.05493	0.00984	0.01524	0.44197	0.08160	0.01183	0.04170	0.03583	0.01101	0.01601	0.01038	0.01435	0.00816	0.00593	0.00662	0.00176	0.10633	0.00476	0.11559	0.00614
18	0.00786	0.00591	0.00849	0.00839	0.00914	0.00687	0.00633	0.00942	0.00847	0.01213	0.01450	0.02308	0.01419	0.17012	0.62768	0.00778	0.04609	0.00606	0.00292	0.00458
19	0.01435	0.81458	0.02813	0.00918	0.01378	0.02124	0.00918	0.01607	0.01091	0.01263	0.00746	0.00861	0.00689	0.00459	0.00344	0.00115	0.00574	0.00287	0.00230	0.00689
20	0.01332	0.01029	0.01196	0.00883	0.01334	0.00877	0.00712	0.10400	0.04492	0.07708	0.01129	0.01226	0.00883	0.00471	0.00456	0.00103	0.01862	0.00369	0.00378	0.63160
21	0.00798	0.00572	0.00641	0.00609	0.00793	0.00492	0.00462	0.00971	0.01325	0.07301	0.24186	0.04615	0.52829	0.01239	0.00627	0.00177	0.00281	0.01046	0.00535	0.00501
22	0.01253	0.01199	0.02043	0.21582	0.60087	0.01256	0.01610	0.01581	0.01187	0.01662	0.00996	0.01353	0.00818	0.00492	0.00533	0.00164	0.00656	0.00478	0.00259	0.00790
23	0.01327	0.01288	0.02132	0.07442	0.71939	0.03097	0.01624	0.01644	0.01221	0.01722	0.01002	0.01326	0.00839	0.00483	0.00531	0.00160	0.00650	0.00475	0.00264	0.00831
24	0.00949	0.00821	0.01276	0.01203	0.08444	0.00800	0.12865	0.01210	0.03462	0.03864	0.20567	0.05782	0.22443	0.08327	0.00878	0.00211	0.05034	0.00861	0.00437	0.00568
25	0.00771	0.00516	0.00588	0.00597	0.00600	0.00514	0.00338	0.00778	0.00799	0.01065	0.01785	0.09220	0.02070	0.75267	0.02581	0.00498	0.00505	0.00836	0.00338	0.00333
26	0.00892	0.00760	0.00967	0.00926	0.01016	0.04892	0.00720	0.01056	0.00916	0.01280	0.01555	0.03329	0.05309	0.07625	0.51175	0.00643	0.13026	0.00601	0.02822	0.00492
27	0.01140	0.02308	0.54165	0.03750	0.07105	0.01271	0.13378	0.01776	0.06748	0.01738	0.01075	0.01267	0.00783	0.00516	0.00534	0.00172	0.00772	0.00456	0.00260	0.00785
28	0.01128	0.01110	0.01594	0.03291	0.01478	0.03315	0.06589	0.01289	0.00899	0.01346	0.00932	0.03886	0.00899	0.01253	0.10416	0.00295	0.56249	0.00526	0.02928	0.00578
29	0.01364	0.01113	0.01211	0.01093	0.02852	0.01236	0.00836	0.02656	0.63679	0.06548	0.02142	0.01987	0.03300	0.00710	0.00537	0.00173	0.00425	0.00591	0.00530	0.07017
30	0.69943	0.01171	0.04192	0.00856	0.02740	0.01261	0.00714	0.10317	0.01118	0.02479	0.00825	0.00941	0.00630	0.00516	0.00368	0.00166	0.00456	0.00322	0.00350	0.00635
31	0.06955	0.03464	0.01660	0.23801	0.12166	0.11878	0.03036	0.21010	0.04825	0.04495	0.01106	0.01305	0.00834	0.00565	0.00514	0.00164	0.00668	0.00456	0.00358	0.00741
32	0.00663	0.00471	0.00620	0.00735	0.00764	0.00442	0.00486	0.00750	0.01009	0.01346	0.02865	0.75077	0.03432	0.07550	0.00836	0.00240	0.00327	0.01471	0.00486	0.00428
33	0.01352	0.01098	0.04453	0.00903	0.01373	0.00876	0.00759	0.12176	0.01353	0.08788	0.01140	0.02539	0.00901	0.00483	0.00440	0.00105	0.00446	0.00385	0.00379	0.60050
34	0.00649	0.00539	0.00569	0.00582	0.00745	0.00459	0.00435	0.00790	0.01219	0.01479	0.08356	0.12115	0.65211	0.01381	0.00642	0.00186	0.00282	0.03404	0.00502	0.00455
35	0.01157	0.01149	0.01611	0.01386	0.01390	0.01603	0.01153	0.01278	0.00824	0.01290	0.00736	0.01214	0.00732	0.01070	0.05027	0.00261	0.76826	0.00474	0.00237	0.00583
36	0.84927	0.01038	0.00789	0.00706	0.01038	0.01204	0.00581	0.01578	0.00914	0.02408	0.00747	0.00872	0.00581	0.00498	0.00332	0.00166	0.00415	0.00291	0.00332	0.00581
37	0.03965	0.38510	0.39042	0.01221	0.01831	0.04123	0.01424	0.01668	0.01119	0.01512	0.00853	0.00996	0.00681	0.00488	0.00428	0.00144	0.00687	0.00342	0.00233	0.00734
38	0.02390	0.00943	0.01264	0.00969	0.01385	0.00832	0.00800	0.06252	0.01585	0.74453	0.02077	0.01800	0.01308	0.00663	0.00540	0.00166	0.00463	0.00537	0.00658	0.00913
39	0.12131	0.01306	0.02597	0.04298	0.01658	0.01366	0.06443	0.42354	0.01869	0.04869	0.01188	0.01332	0.00892	0.03117	0.02178	0.00180	0.00588	0.00462	0.00441	0.10730
40	0.04049	0.15584	0.01571	0.00983	0.01406	0.01165	0.00841	0.12907	0.01583	0.51823	0.01720	0.01554	0.01136	0.00621	0.00499	0.00156	0.00496	0.00480	0.00560	0.00865
41	0.01329	0.01275	0.02179	0.03295	0.77787	0.01275	0.01647	0.01647	0.01222	0.01754	0.01010	0.01329	0.00850	0.00478	0.00531	0.00159	0.00638	0.00478	0.00266	0.00850
42	0.02063	0.00953	0.01214	0.00966	0.01337	0.00901	0.00786	0.08075	0.11851	0.54245	0.09886	0.02036	0.01727	0.00716	0.00550	0.00168	0.00442	0.00589	0.00631	0.00863
43	0.04408	0.03115	0.03535	0.01058	0.02821	0.04322	0.00864	0.12719	0.09623	0.43820	0.01898	0.01755	0.03648	0.00704	0.00576	0.02704	0.00503	0.00529	0.00559	0.00839
44	0.00669	0.00475	0.00625	0.00732	0.00766	0.00446	0.00486	0.00764	0.01035	0.01387	0.06803	0.71022	0.03512	0.07519	0.00834	0.00238	0.00324	0.01442	0.00490	0.00432
45	0.00767	0.00575	0.00863	0.00863	0.00959	0.00671	0.00671	0.00959	0.00863	0.01246	0.01438	0.02109	0.01342	0.04026	0.79008	0.00863	0.01438	0.00575	0.00288	0.00479
46	0.01078	0.01020	0.01727	0.64110	0.18926	0.01210	0.01523	0.01428	0.01104	0.01450	0.00966	0.01410	0.00743	0.00525	0.00536	0.00175	0.00700	0.00477	0.00244	0.00649
47	0.04052	0.59124	0.19825	0.01061	0.01588	0.03774	0.01152	0.01640	0.01105	0.01400	0.00798	0.00926	0.00683	0.00474	0.00385	0.00130	0.00628	0.00313	0.00233	0.00707
48	0.01009	0.00944	0.01587	0.77416	0.03617	0.01175	0.01471	0.01364	0.01078	0.01379	0.01012	0.01574	0.00789	0.00566	0.00543	0.00181	0.00709	0.02748	0.00246	0.00593
49	0.00782	0.00550	0.00690	0.00689	0.00717	0.00586	0.00449	0.00841	0.00814	0.01117	0.01646	0.06080	0.01814	0.54715	0.23743	0.00596	0.02728	0.00745	0.00319	0.00379
50	0.00873	0.00896	0.06066	0.01243	0.01472	0.00761	0.21633	0.01115	0.01123	0.01512	0.02303	0.45976	0.02565	0.01247	0.00666	0.00208	0.00525	0.08854	0.00418	0.00544
51	0.00688	0.00510	0.00718	0.00792	0.00851	0.00476	0.02907	0.00813	0.01092	0.01470	0.10973	0.68811	0.03620	0.01576	0.00679	0.00212	0.00327	0.02533	0.00501	0.00454
52	0.00654	0.00467	0.00623	0.00747	0.00779	0.00436	0.00498	0.00747	0.01028	0.01370	0.02959	0.80785	0.03550	0.01682	0.00685	0.00218	0.00311	0.01526	0.00498	0.00436
53	0.01201	0.00909	0.01117	0.00976	0.01165	0.03179	0.06187	0.21104	0.01412	0.04297	0.01934	0.27721	0.02040	0.21413	0.02603	0.00285	0.00528	0.00908	0.00443	0.00579
54	0.01267	0.01448	0.03167	0.02262	0.02805	0.01357	0.75837	0.01719	0.01267	0.01719	0.01086	0.01448	0.00814	0.00452	0.00633	0.00181	0.00905	0.00633	0.00271	0.00724
55	0.01086	0.00985	0.01587	0.71578	0.03467	0.01210	0.01437	0.06914	0.01186	0.01528	0.01037	0.01562	0.00803	0.00574	0.00543	0.00180	0.00699	0.02740	0.00269	0.00617
56	0.00673	0.00504	0.00625	0.00681	0.00771	0.00456	0.00478	0.00814	0.01188	0.01568	0.20573	0.44771	0.22002	0.01470	0.00661	0.00198	0.00288	0.01303	0.00519	0.00456
57	0.01915	0.01291	0.01431	0.01131	0.01509	0.01390	0.00920	0.55182	0.03929	0.13452	0.01604	0.09599	0.01267	0.00756	0.00550	0.00168	0.00534	0.00602	0.01915	0.00856
58	0.01042	0.00985	0.01653	0.71669	0.09096	0.01213	0.01492	0.01389	0.01076	0.01397	0.00950	0.01415	0.00725	0.00545	0.00576	0.00179	0.03264	0.00477	0.00240	0.00615
59	0.01498	0.58424	0.02399	0.00985	0.01369	0.04133	0.00924	0.01666	0.01121	0.09366	0.01029	0.01134	0.03075	0.00569	0.00551	0.00138	0.10279	0.00363	0.00285	0.00691
60	0.01238	0.01390	0.10142	0.03134	0.26675	0.01153	0.20971	0.03766	0.01234	0.01776	0.01089	0.01347	0.02025	0.00474	0.00525	0.00147	0.00659	0.00481	0.00287	0.21485
61	0.01105	0.10639	0.01576	0.08394	0.01520	0.04621	0.03255	0.01277	0.00935	0.01295	0.01017	0.03741	0.00974	0.03474	0.20246	0.00369	0.34222	0.00512	0.00260	0.00569
62	0.00781	0.00520	0.00585	0.00585	0.00585	0.00520	0.00325	0.00781	0.00781	0.01041	0.01691	0.03513	0.01952	0.81135	0.02732	0.00520	0.00520	0.00781	0.00325	0.00325
63	0.02017	0.01410	0.01534	0.01181	0.01599	0.01535	0.00974	0.66159	0.02380	0.10215	0.01534	0.01496	0.04066	0.00675	0.00541	0.00162	0.00565	0.00515	0.00547	0.00894
64	0.01253	0.01166	0.01883	0.23432	0.46466	0.01251	0.01491	0.03910	0.08152	0.01741	0.01164	0.01553	0.00953	0.00551	0.00540	0.00169	0.00633	0.02617	0.00299	0.00774
65	0.01122	0.00940	0.01095	0.00815	0.01248	0.00742	0.00644	0.05385	0.01183	0.01804	0.01156	0.08427	0.01054	0.00529	0.00432	0.00097	0.00400	0.00438	0.00347	0.72143
66	0.02207	0.00937	0.01229	0.00959	0.01348	0.00853	0.00786	0.07759	0.04788	0.63605	0.07998	0.01968	0.01606	0.00700	0.00547	0.00167	0.00449	0.00573	0.00644	0.00879
67	0.00781	0.00520	0.00585	0.00585	0.00585	0.00520	0.00325	0.00781	0.00781	0.01041	0.01691	0.03513	0.01952	0.81135	0.02732	0.00520	0.00520	0.00781	0.00325	0.00325
68	0.04034	0.60766	0.20135	0.01052	0.01584	0.01893	0.01153	0.01628	0.01095	0.01400	0.00796	0.00924	0.00683	0.00472	0.00382	0.00129	0.00619	0.00312	0.00232	0.00709
69	0.07846	0.01151	0.01225	0.01034	0.01369	0.03691	0.00823	0.15744	0.32634	0.19076	0.03212	0.01928	0.03382	0.02691	0.00586	0.00181	0.00475	0.01597	0.00539	0.00814
70	0.06863	0.13557	0.37817	0.01263	0.03535	0.01304	0.01374	0.04986	0.01203	0.01792	0.10498	0.01450	0.01245	0.00607	0.00578	0.00162	0.06499	0.00453	0.00300	0.04513
71	0.01029	0.00817	0.02466	0.00990	0.03317	0.02092	0.00785	0.09027	0.07433	0.03066	0.11747	0.12390	0.08684	0.04573	0.00742	0.00219	0.00451	0.29097	0.00495	0.00576
72	0.01826	0.03065	0.01509	0.01179	0.01572	0.01556	0.00962	0.50946	0.24603	0.04730	0.01563	0.01505	0.01134	0.00666	0.00536	0.00166	0.00538	0.00517	0.00536	0.00889

[dist]
# distance from previous block
# <min> <max>
0	3

[block]
# block no. 5 follows, 45 sequences, length 41
# corresponding to MSA columns:
# 293-333
name=unknown_F
#
# <colnr> <probs for GDERKNQSTAVLIFYWHMCP>
#	G	D	E	R	K	N	Q	S	T	A	V	L	I	F	Y	W	H	M	C	P
0	0.03175	0.07816	0.01124	0.04482	0.02582	0.04792	0.00676	0.10479	0.02735	0.04406	0.01427	0.02323	0.01396	0.33828	0.16115	0.00434	0.00732	0.00597	0.00346	0.00535
1	0.42522	0.07604	0.19415	0.02609	0.03988	0.01322	0.02780	0.08821	0.01161	0.02176	0.00876	0.01018	0.00667	0.00509	0.00414	0.00161	0.00557	0.00352	0.00314	0.02736
2	0.05746	0.01608	0.01509	0.03075	0.01638	0.14967	0.00986	0.54735	0.02180	0.02871	0.01197	0.01249	0.00875	0.00619	0.00511	0.00156	0.00636	0.00451	0.04169	0.00822
3	0.04928	0.00687	0.00630	0.00601	0.00757	0.04951	0.00458	0.04737	0.01196	0.02027	0.01625	0.01862	0.01280	0.00699	0.02285	0.00147	0.00342	0.00483	0.69776	0.00529
4	0.01094	0.02657	0.71603	0.01596	0.02367	0.01257	0.08615	0.01702	0.01145	0.01702	0.00974	0.01162	0.00692	0.00505	0.00521	0.00171	0.00803	0.00418	0.00231	0.00787
5	0.00636	0.00537	0.00551	0.00563	0.00730	0.00452	0.00416	0.00768	0.01205	0.01443	0.05206	0.12223	0.70661	0.01390	0.00639	0.00185	0.00276	0.01170	0.00498	0.00452
6	0.01697	0.01278	0.01376	0.01120	0.01482	0.01415	0.00904	0.41919	0.27338	0.05673	0.05178	0.01846	0.04854	0.00726	0.00549	0.00170	0.00500	0.00578	0.00546	0.00853
7	0.01363	0.01112	0.01272	0.00991	0.03452	0.01005	0.00772	0.19983	0.06245	0.02186	0.01116	0.01219	0.00879	0.00482	0.00445	0.00108	0.00454	0.00382	0.00385	0.56149
8	0.00641	0.00538	0.00556	0.00564	0.00732	0.00454	0.00418	0.00778	0.01220	0.01471	0.07977	0.10770	0.69300	0.01374	0.00638	0.00184	0.00274	0.01156	0.00502	0.00454
9	0.01263	0.01435	0.03098	0.02223	0.02741	0.01371	0.72415	0.01700	0.01247	0.01700	0.01068	0.01435	0.00809	0.00475	0.00685	0.00183	0.04537	0.00626	0.00270	0.00718
10	0.02056	0.01523	0.01590	0.01229	0.01651	0.05041	0.01010	0.69385	0.02434	0.06704	0.01306	0.01299	0.00922	0.00641	0.00535	0.00160	0.00601	0.00480	0.00531	0.00900
11	0.00654	0.00467	0.00623	0.00747	0.00779	0.00436	0.00498	0.00747	0.01028	0.01370	0.02959	0.80785	0.03550	0.01682	0.00685	0.00218	0.00311	0.01526	0.00498	0.00436
12	0.00761	0.00635	0.00678	0.00650	0.00807	0.03951	0.00488	0.00959	0.01392	0.01814	0.43175	0.04372	0.36000	0.01186	0.00627	0.00173	0.00293	0.01013	0.00537	0.00489
13	0.72746	0.01016	0.00827	0.00734	0.01047	0.01165	0.00597	0.05648	0.01021	0.02386	0.04309	0.01073	0.00821	0.00594	0.00435	0.03887	0.00420	0.00340	0.00351	0.00581
14	0.01133	0.01018	0.01925	0.11780	0.03673	0.01007	0.35736	0.01494	0.01187	0.01782	0.01321	0.01654	0.01016	0.00530	0.00520	0.00159	0.00625	0.00559	0.32256	0.00625
15	0.01248	0.01033	0.01190	0.09191	0.03005	0.01169	0.00872	0.02373	0.53106	0.04969	0.10307	0.02286	0.05371	0.00770	0.00558	0.00179	0.00435	0.00652	0.00516	0.00771
16	0.84927	0.01038	0.00789	0.00706	0.01038	0.01204	0.00581	0.01578	0.00914	0.02408	0.00747	0.00872	0.00581	0.00498	0.00332	0.00166	0.00415	0.00291	0.00332	0.00581
17	0.01131	0.01105	0.01630	0.56021	0.14296	0.06981	0.01417	0.01489	0.03025	0.01474	0.03119	0.01614	0.00951	0.00580	0.00541	0.00175	0.00696	0.02849	0.00271	0.00636
18	0.01085	0.01006	0.01687	0.58667	0.20417	0.01179	0.01474	0.01429	0.01110	0.01488	0.01004	0.01435	0.00777	0.00528	0.00528	0.00172	0.00676	0.00478	0.04212	0.00650
19	0.00968	0.00499	0.00729	0.00716	0.00730	0.00505	0.00484	0.03115	0.00758	0.01011	0.00944	0.01621	0.00932	0.01826	0.02048	0.81680	0.00470	0.00467	0.00243	0.00255
20	0.00699	0.00543	0.00636	0.00620	0.00767	0.00480	0.00462	0.00894	0.01366	0.01806	0.42222	0.08040	0.37054	0.01240	0.00636	0.00177	0.00264	0.01068	0.00546	0.00480
21	0.00854	0.00614	0.00850	0.00968	0.01094	0.00610	0.00844	0.01096	0.01235	0.01599	0.02961	0.06014	0.06503	0.01477	0.00737	0.00244	0.00484	0.70826	0.00494	0.00492
22	0.84927	0.01038	0.00789	0.00706	0.01038	0.01204	0.00581	0.01578	0.00914	0.02408	0.00747	0.00872	0.00581	0.00498	0.00332	0.00166	0.00415	0.00291	0.00332	0.00581
23	0.00755	0.00545	0.00713	0.00679	0.00801	0.00503	0.00506	0.01001	0.01497	0.02117	0.74096	0.07519	0.04996	0.01124	0.00635	0.00171	0.00256	0.00996	0.00587	0.00503
24	0.00634	0.00544	0.00544	0.00544	0.00725	0.00453	0.00408	0.00770	0.01224	0.01450	0.05438	0.05166	0.77569	0.01359	0.00634	0.00181	0.00272	0.01133	0.00498	0.00453
25	0.01937	0.01426	0.01537	0.01199	0.01598	0.01573	0.00981	0.70377	0.02412	0.03233	0.01413	0.07226	0.01110	0.00722	0.00548	0.00165	0.00570	0.00561	0.00534	0.00877
26	0.01267	0.01448	0.03167	0.02262	0.02805	0.01357	0.75837	0.01719	0.01267	0.01719	0.01086	0.01448	0.00814	0.00452	0.00633	0.00181	0.00905	0.00633	0.00271	0.00724
27	0.00678	0.00484	0.00644	0.00753	0.00797	0.00454	0.00518	0.00790	0.01072	0.01436	0.08492	0.68835	0.03601	0.03301	0.00728	0.00222	0.00323	0.05928	0.00501	0.00443
28	0.01077	0.02777	0.78354	0.01530	0.02323	0.01247	0.01983	0.01700	0.01133	0.01700	0.00963	0.01133	0.00680	0.00510	0.00510	0.00170	0.00793	0.00397	0.00227	0.00793
29	0.01350	0.62802	0.20724	0.01063	0.01602	0.01916	0.01171	0.01629	0.01101	0.01367	0.00798	0.00926	0.00687	0.00471	0.00384	0.00128	0.00626	0.00313	0.00229	0.00714
30	0.71192	0.04341	0.00973	0.10423	0.01378	0.01241	0.00707	0.01554	0.00940	0.02234	0.00773	0.00940	0.00602	0.00501	0.00358	0.00166	0.00459	0.00313	0.00316	0.00588
31	0.01179	0.01206	0.01910	0.07417	0.01826	0.01560	0.14331	0.01373	0.00919	0.01373	0.00790	0.01242	0.00725	0.00824	0.01472	0.00221	0.60280	0.00499	0.00242	0.00612
32	0.00780	0.00522	0.00596	0.00596	0.00599	0.00526	0.00338	0.00787	0.00784	0.01048	0.01682	0.03462	0.01929	0.78322	0.05515	0.00533	0.00554	0.00773	0.00324	0.00331
33	0.00799	0.00612	0.00883	0.00865	0.00941	0.00723	0.00661	0.00959	0.00848	0.01221	0.01418	0.02232	0.01378	0.14388	0.62761	0.00769	0.07190	0.00595	0.00289	0.00466
34	0.00654	0.00467	0.00623	0.00747	0.00779	0.00436	0.00498	0.00747	0.01028	0.01370	0.02959	0.80785	0.03550	0.01682	0.00685	0.00218	0.00311	0.01526	0.00498	0.00436
35	0.01077	0.02777	0.78354	0.01530	0.02323	0.01247	0.01983	0.01700	0.01133	0.01700	0.00963	0.01133	0.00680	0.00510	0.00510	0.00170	0.00793	0.00397	0.00227	0.00793
36	0.01435	0.81458	0.02813	0.00918	0.01378	0.02124	0.00918	0.01607	0.01091	0.01263	0.00746	0.00861	0.00689	0.00459	0.00344	0.00115	0.00574	0.00287	0.00230	0.00689
37	0.00687	0.00497	0.00659	0.00767	0.00822	0.00460	0.00531	0.00798	0.01046	0.01402	0.02874	0.72192	0.03412	0.01618	0.00678	0.00215	0.00328	0.06906	0.00491	0.03615
38	0.01511	0.01223	0.01300	0.01120	0.01453	0.01394	0.00885	0.18600	0.59153	0.04167	0.01990	0.01845	0.01475	0.00709	0.00544	0.00177	0.00461	0.00579	0.00547	0.00865
39	0.14760	0.00947	0.01186	0.00925	0.01328	0.00873	0.00764	0.04281	0.01468	0.64957	0.01892	0.01671	0.01206	0.00639	0.00509	0.00166	0.00454	0.00501	0.00611	0.00864
40	0.02157	0.01092	0.01334	0.01032	0.01431	0.01074	0.00849	0.28123	0.01880	0.46368	0.07458	0.01802	0.01463	0.00690	0.00546	0.00165	0.00488	0.00552	0.00614	0.00883

[dist]
# distance from previous block
# <min> <max>
0	15

[block]
# block no. 6 follows, 45 sequences, length 19
# corresponding to MSA columns:
# 360-378
name=unknown_G
#
# <colnr> <probs for GDERKNQSTAVLIFYWHMCP>
#	G	D	E	R	K	N	Q	S	T	A	V	L	I	F	Y	W	H	M	C	P
0	0.00642	0.00544	0.00554	0.00551	0.00730	0.00456	0.00414	0.00785	0.01241	0.01491	0.09647	0.05098	0.73334	0.01344	0.00634	0.00181	0.00271	0.01123	0.00504	0.00456
1	0.01295	0.01113	0.01189	0.01076	0.01365	0.01289	0.00837	0.02720	0.71504	0.02176	0.02133	0.02010	0.01618	0.00959	0.06034	0.00230	0.00496	0.00605	0.00528	0.00824
2	0.01592	0.01224	0.01317	0.01119	0.01462	0.01379	0.00888	0.21346	0.52544	0.08050	0.01953	0.01809	0.01432	0.00702	0.00543	0.00176	0.00469	0.00571	0.00552	0.00870
3	0.84927	0.01038	0.00789	0.00706	0.01038	0.01204	0.00581	0.01578	0.00914	0.02408	0.00747	0.00872	0.00581	0.00498	0.00332	0.00166	0.00415	0.00291	0.00332	0.00581
4	0.00764	0.00517	0.00606	0.00622	0.00631	0.00519	0.00367	0.00787	0.00816	0.01094	0.01834	0.13002	0.02114	0.66821	0.06903	0.00503	0.00548	0.00861	0.00345	0.00348
5	0.00774	0.00522	0.00607	0.00612	0.00620	0.00527	0.00357	0.00792	0.00797	0.01070	0.01731	0.06894	0.01981	0.72164	0.07975	0.00531	0.00575	0.00800	0.00330	0.00341
6	0.01283	0.00929	0.01065	0.00926	0.01179	0.00983	0.00728	0.17443	0.21135	0.07382	0.30958	0.05591	0.04684	0.00913	0.00588	0.00174	0.00390	0.02378	0.00565	0.00704
7	0.01077	0.02777	0.78354	0.01530	0.02323	0.01247	0.01983	0.01700	0.01133	0.01700	0.00963	0.01133	0.00680	0.00510	0.00510	0.00170	0.00793	0.00397	0.00227	0.00793
8	0.02005	0.02558	0.01521	0.01383	0.01659	0.78980	0.01037	0.02143	0.01521	0.01314	0.00830	0.00968	0.00691	0.00553	0.00484	0.00138	0.00968	0.00346	0.00277	0.00622
9	0.01371	0.01171	0.01234	0.01100	0.01410	0.01352	0.00858	0.06570	0.73041	0.02303	0.02139	0.01966	0.01602	0.00724	0.00546	0.00181	0.00433	0.00601	0.00546	0.00853
10	0.00667	0.00545	0.00589	0.00578	0.00745	0.00467	0.00434	0.00834	0.01301	0.01635	0.24389	0.04862	0.58502	0.01291	0.00634	0.00178	0.00267	0.01090	0.00523	0.00467
11	0.00699	0.00546	0.00633	0.00611	0.00765	0.00481	0.00459	0.00895	0.01376	0.01811	0.42467	0.04572	0.40314	0.01225	0.00634	0.00175	0.00262	0.01050	0.00546	0.00481
12	0.00726	0.00523	0.00688	0.00698	0.00795	0.00484	0.00504	0.00929	0.01365	0.01907	0.54056	0.28159	0.04588	0.01281	0.00649	0.00184	0.00272	0.01145	0.00562	0.00484
13	0.02199	0.00867	0.01179	0.00919	0.01298	0.00753	0.00753	0.02412	0.01534	0.68493	0.11704	0.02105	0.01804	0.00719	0.00552	0.00166	0.00431	0.00595	0.00655	0.00862
14	0.01088	0.02700	0.73993	0.01572	0.02351	0.01253	0.06267	0.01701	0.01141	0.01701	0.00970	0.01152	0.00688	0.00507	0.00517	0.00171	0.00800	0.00410	0.00229	0.00789
15	0.84927	0.01038	0.00789	0.00706	0.01038	0.01204	0.00581	0.01578	0.00914	0.02408	0.00747	0.00872	0.00581	0.00498	0.00332	0.00166	0.00415	0.00291	0.00332	0.00581
16	0.01083	0.02576	0.69050	0.01589	0.04321	0.01227	0.06233	0.01674	0.01158	0.01719	0.03799	0.01263	0.00854	0.00527	0.00522	0.00170	0.00776	0.00434	0.00244	0.00780
17	0.00815	0.00593	0.00836	0.00978	0.03056	0.00591	0.00776	0.01020	0.01155	0.01523	0.02726	0.25216	0.03028	0.01686	0.06195	0.00280	0.00516	0.48046	0.00475	0.00487
18	0.00784	0.00664	0.01100	0.01025	0.01144	0.00638	0.13850	0.00937	0.01050	0.01411	0.02492	0.60107	0.02895	0.05980	0.00823	0.00229	0.02650	0.01296	0.00441	0.00485

[dist]
# distance from previous block
# <min> <max>
0	1

[block]
# block no. 7 follows, 45 sequences, length 110
# corresponding to MSA columns:
# 380-419,425-494
name=unknown_H
#
# <colnr> <probs for GDERKNQSTAVLIFYWHMCP>
#	G	D	E	R	K	N	Q	S	T	A	V	L	I	F	Y	W	H	M	C	P
0	0.01644	0.25831	0.18047	0.01267	0.01716	0.35084	0.01200	0.06551	0.01376	0.01510	0.00862	0.00991	0.00702	0.00522	0.00452	0.00139	0.00791	0.00348	0.00269	0.00696
1	0.84927	0.01038	0.00789	0.00706	0.01038	0.01204	0.00581	0.01578	0.00914	0.02408	0.00747	0.00872	0.00581	0.00498	0.00332	0.00166	0.00415	0.00291	0.00332	0.00581
2	0.00725	0.00588	0.00649	0.00632	0.00804	0.00532	0.00480	0.00990	0.06335	0.01715	0.26410	0.04641	0.48929	0.01244	0.00631	0.00180	0.00283	0.03207	0.00529	0.00496
3	0.00781	0.00520	0.00585	0.00585	0.00585	0.00520	0.00325	0.00781	0.00781	0.01041	0.01691	0.03513	0.01952	0.81135	0.02732	0.00520	0.00520	0.00781	0.00325	0.00325
4	0.01273	0.01449	0.04598	0.02411	0.14744	0.01342	0.62454	0.01708	0.01257	0.01725	0.01071	0.01422	0.00817	0.00458	0.00615	0.00177	0.00860	0.00604	0.00270	0.00746
5	0.00753	0.00548	0.00709	0.00668	0.00798	0.00504	0.00501	0.01000	0.01504	0.02116	0.73767	0.04070	0.08824	0.01111	0.00633	0.00169	0.00254	0.00979	0.00586	0.00504
6	0.01202	0.03971	0.01243	0.08401	0.05514	0.20484	0.03246	0.04613	0.01247	0.01455	0.03472	0.07768	0.17031	0.10516	0.05409	0.00249	0.02568	0.00700	0.00354	0.00557
7	0.01391	0.01237	0.01241	0.01112	0.01417	0.05399	0.00864	0.04949	0.70718	0.02230	0.02088	0.01928	0.01568	0.00717	0.00543	0.00179	0.00458	0.00590	0.00532	0.00840
8	0.00986	0.00508	0.00524	0.00531	0.00652	0.00508	0.00402	0.01228	0.01121	0.01947	0.01813	0.02286	0.01494	0.03277	0.00473	0.00145	0.00273	0.04799	0.76539	0.00494
9	0.84927	0.01038	0.00789	0.00706	0.01038	0.01204	0.00581	0.01578	0.00914	0.02408	0.00747	0.00872	0.00581	0.00498	0.00332	0.00166	0.00415	0.00291	0.00332	0.00581
10	0.00781	0.00520	0.00585	0.00585	0.00585	0.00520	0.00325	0.00781	0.00781	0.01041	0.01691	0.03513	0.01952	0.81135	0.02732	0.00520	0.00520	0.00781	0.00325	0.00325
11	0.01113	0.00954	0.01113	0.00795	0.01272	0.00716	0.00636	0.01352	0.01113	0.01749	0.00954	0.01113	0.00795	0.00398	0.00398	0.00080	0.00398	0.00318	0.00318	0.84417
12	0.01113	0.00954	0.01113	0.00795	0.01272	0.00716	0.00636	0.01352	0.01113	0.01749	0.00954	0.01113	0.00795	0.00398	0.00398	0.00080	0.00398	0.00318	0.00318	0.84417
13	0.00660	0.00474	0.00628	0.00749	0.00787	0.00442	0.00507	0.00760	0.01040	0.01380	0.03031	0.76112	0.05817	0.01666	0.00685	0.00218	0.00316	0.03791	0.00498	0.00438
14	0.01077	0.02777	0.78354	0.01530	0.02323	0.01247	0.01983	0.01700	0.01133	0.01700	0.00963	0.01133	0.00680	0.00510	0.00510	0.00170	0.00793	0.00397	0.00227	0.00793
15	0.05758	0.59280	0.11354	0.05598	0.01620	0.05955	0.01064	0.01631	0.01108	0.01383	0.00788	0.00932	0.00684	0.00477	0.00382	0.00129	0.00620	0.00314	0.00238	0.00687
16	0.03037	0.00967	0.01610	0.75333	0.06164	0.01196	0.01474	0.01386	0.01075	0.01409	0.00951	0.01414	0.00717	0.00534	0.00532	0.00178	0.00706	0.00473	0.00242	0.00605
17	0.01291	0.38202	0.36421	0.01290	0.01895	0.05150	0.05760	0.01679	0.01139	0.01486	0.00866	0.01021	0.00692	0.00486	0.00441	0.00144	0.00709	0.00359	0.00233	0.00734
18	0.01481	0.02661	0.09027	0.02384	0.44973	0.01218	0.02856	0.01979	0.11896	0.14127	0.01346	0.01480	0.01019	0.00546	0.00532	0.00164	0.00597	0.00499	0.00365	0.00850
19	0.01960	0.01463	0.01566	0.01219	0.01634	0.01627	0.01001	0.67631	0.11021	0.03253	0.01391	0.01370	0.00996	0.00654	0.00538	0.00163	0.00572	0.00497	0.00538	0.00906
20	0.00765	0.00555	0.00715	0.00805	0.00874	0.00543	0.00573	0.04179	0.03571	0.01523	0.04064	0.63577	0.03319	0.02775	0.00711	0.00221	0.00351	0.09903	0.00500	0.00477
21	0.04241	0.01289	0.01793	0.06419	0.23856	0.04126	0.07396	0.21948	0.01644	0.19925	0.01331	0.01423	0.00954	0.00571	0.00536	0.00164	0.00615	0.00496	0.00433	0.00840
22	0.00971	0.00663	0.00802	0.00793	0.00918	0.00664	0.00570	0.06610	0.08223	0.06347	0.12737	0.32819	0.05634	0.15307	0.01006	0.00254	0.00387	0.04267	0.00498	0.00532
23	0.00888	0.00642	0.00844	0.00846	0.00900	0.00700	0.00607	0.01015	0.02610	0.05836	0.06900	0.42470	0.02706	0.15620	0.01219	0.00268	0.13905	0.01103	0.00439	0.00483
24	0.03676	0.01037	0.01248	0.01048	0.01385	0.01057	0.00873	0.25098	0.05996	0.29408	0.03244	0.02691	0.01681	0.00860	0.00584	0.00185	0.00501	0.18063	0.00569	0.00796
25	0.76080	0.01158	0.05575	0.00849	0.02901	0.01212	0.02366	0.01590	0.00942	0.02335	0.00774	0.00911	0.00599	0.00498	0.00354	0.00167	0.00454	0.00309	0.00323	0.00603
26	0.00823	0.00700	0.00977	0.00955	0.01026	0.01978	0.04333	0.00956	0.01002	0.01375	0.02339	0.45881	0.06501	0.01689	0.09761	0.00287	0.15705	0.01112	0.02110	0.00489
27	0.01470	0.76803	0.02743	0.00937	0.01394	0.02097	0.00924	0.05939	0.01174	0.01386	0.00778	0.00886	0.00702	0.00470	0.00356	0.00118	0.00575	0.00298	0.00248	0.00702
28	0.00869	0.00594	0.00675	0.00653	0.00691	0.00608	0.00400	0.06522	0.00931	0.01245	0.01726	0.07797	0.01946	0.67878	0.04910	0.00486	0.00543	0.00795	0.00350	0.00382
29	0.00773	0.00517	0.00588	0.00595	0.00597	0.00515	0.00335	0.00779	0.00795	0.01060	0.01765	0.08012	0.02045	0.76509	0.02613	0.00503	0.00508	0.00824	0.00335	0.00332
