[name]
unknown

[dist]
# distance from previous block
# <min> <max>
0	6

[block]
# block no. 0 follows, 45 sequences, length 21
# corresponding to MSA columns:
# 6-26
name=unknown_A
#
# <colnr> <probs for GDERKNQSTAVLIFYWHMCP>
#	G	D	E	R	K	N	Q	S	T	A	V	L	I	F	Y	W	H	M	C	P
0	0.04743	0.00835	0.01082	0.01145	0.05704	0.00859	0.00912	0.11226	0.04040	0.08591	0.02356	0.04422	0.02361	0.01174	0.00661	0.00218	0.00506	0.48045	0.00496	0.00623
1	0.17989	0.01154	0.01335	0.01047	0.01448	0.03340	0.04083	0.19591	0.04241	0.38001	0.01582	0.01483	0.01059	0.00618	0.00502	0.00165	0.00513	0.00480	0.00539	0.00831
2	0.04350	0.01041	0.01643	0.63187	0.08341	0.03393	0.03899	0.01431	0.01098	0.01465	0.00951	0.01375	0.00726	0.00523	0.00524	0.00171	0.00698	0.00464	0.00250	0.04472
3	0.00649	0.00526	0.00576	0.00603	0.00744	0.00453	0.00437	0.00784	0.01200	0.01486	0.10439	0.23187	0.54212	0.01416	0.00646	0.00189	0.00280	0.01214	0.00506	0.00453
4	0.00769	0.00520	0.00605	0.00608	0.00626	0.00513	0.00360	0.00807	0.00890	0.01203	0.11280	0.08886	0.02452	0.65643	0.02328	0.00456	0.00473	0.00856	0.00370	0.00356
5	0.01077	0.02777	0.78354	0.01530	0.02323	0.01247	0.01983	0.01700	0.01133	0.01700	0.00963	0.01133	0.00680	0.00510	0.00510	0.00170	0.00793	0.00397	0.00227	0.00793
6	0.00787	0.00605	0.00902	0.00890	0.00981	0.00720	0.00696	0.00975	0.00861	0.01248	0.01401	0.02062	0.01310	0.03871	0.75120	0.00831	0.05399	0.00570	0.00285	0.00485
7	0.00773	0.00519	0.00593	0.00597	0.00604	0.00516	0.00342	0.00789	0.00824	0.01104	0.04952	0.07423	0.02163	0.73761	0.02541	0.00490	0.00499	0.00826	0.00345	0.00338
8	0.00742	0.00537	0.00699	0.00681	0.00796	0.00495	0.00502	0.00970	0.01444	0.02025	0.65183	0.14448	0.07093	0.01185	0.00640	0.00176	0.00262	0.01051	0.00576	0.00495
9	0.00760	0.00549	0.00718	0.00675	0.00802	0.00506	0.00506	0.01013	0.01519	0.02153	0.77503	0.04010	0.05065	0.01097	0.00633	0.00169	0.00253	0.00971	0.00591	0.00506
10	0.01001	0.00500	0.00500	0.00500	0.00625	0.00500	0.00375	0.01251	0.01126	0.02001	0.01751	0.02001	0.01376	0.00625	0.00375	0.00125	0.00250	0.00500	0.84115	0.00500
11	0.84927	0.01038	0.00789	0.00706	0.01038	0.01204	0.00581	0.01578	0.00914	0.02408	0.00747	0.00872	0.00581	0.00498	0.00332	0.00166	0.00415	0.00291	0.00332	0.00581
12	0.00652	0.00502	0.00598	0.00672	0.00766	0.00448	0.00472	0.00767	0.01113	0.01409	0.03957	0.48088	0.33454	0.01546	0.00666	0.00204	0.00301	0.03441	0.00498	0.00445
13	0.84927	0.01038	0.00789	0.00706	0.01038	0.01204	0.00581	0.01578	0.00914	0.02408	0.00747	0.00872	0.00581	0.00498	0.00332	0.00166	0.00415	0.00291	0.00332	0.00581
14	0.01159	0.00961	0.01121	0.00811	0.01280	0.00741	0.00649	0.01446	0.04019	0.03980	0.01035	0.01168	0.00843	0.00418	0.00407	0.00086	0.00400	0.00335	0.00337	0.78805
15	0.01122	0.12792	0.68738	0.01452	0.02203	0.01358	0.01848	0.01688	0.01128	0.01644	0.00936	0.01099	0.00681	0.00504	0.00489	0.00163	0.00765	0.00383	0.00227	0.00780
16	0.00665	0.00533	0.00597	0.00627	0.00768	0.00465	0.00465	0.00809	0.01209	0.01505	0.11053	0.21144	0.50694	0.01413	0.00652	0.00192	0.00293	0.05954	0.00506	0.00457
17	0.01103	0.01077	0.01939	0.60749	0.03439	0.01244	0.17169	0.04026	0.01164	0.01515	0.00994	0.01430	0.00743	0.00523	0.00557	0.00179	0.00751	0.00510	0.00256	0.00634
18	0.01539	0.01150	0.01255	0.01076	0.01415	0.01271	0.00850	0.10372	0.55959	0.12248	0.02029	0.01867	0.01486	0.00697	0.00538	0.00173	0.00445	0.00573	0.00551	0.04506
19	0.00838	0.00630	0.00766	0.00813	0.00916	0.00637	0.00575	0.06054	0.10806	0.01658	0.06602	0.58957	0.05763	0.01450	0.00653	0.00206	0.00340	0.01298	0.00512	0.00525
20	0.01421	0.59881	0.09516	0.01016	0.01468	0.07055	0.01012	0.04849	0.01170	0.01398	0.00843	0.00998	0.00743	0.00723	0.05784	0.00175	0.00681	0.00329	0.00250	0.00689

[dist]
# distance from previous block
# <min> <max>
0	2

[block]
# block no. 1 follows, 45 sequences, length 8
# corresponding to MSA columns:
# 29-36
name=unknown_B
#
# <colnr> <probs for GDERKNQSTAVLIFYWHMCP>
#	G	D	E	R	K	N	Q	S	T	A	V	L	I	F	Y	W	H	M	C	P
0	0.67895	0.04877	0.00946	0.00766	0.01104	0.04990	0.00634	0.01574	0.00978	0.02225	0.00844	0.01086	0.00700	0.00529	0.00360	0.00159	0.00451	0.03039	0.00330	0.06517
1	0.01551	0.19320	0.04331	0.01138	0.01503	0.20672	0.04571	0.08762	0.11800	0.05919	0.05242	0.03394	0.04359	0.00644	0.00492	0.00148	0.00627	0.00498	0.00379	0.04649
2	0.01171	0.01099	0.01828	0.23562	0.46773	0.01147	0.01447	0.01476	0.01159	0.01616	0.01168	0.08513	0.01055	0.00598	0.00540	0.00166	0.00616	0.00564	0.00282	0.05221
3	0.84927	0.01038	0.00789	0.00706	0.01038	0.01204	0.00581	0.01578	0.00914	0.02408	0.00747	0.00872	0.00581	0.00498	0.00332	0.00166	0.00415	0.00291	0.00332	0.00581
4	0.00775	0.00543	0.00700	0.00700	0.00740	0.00583	0.00468	0.00854	0.00815	0.01126	0.01587	0.02933	0.01700	0.49288	0.34235	0.00662	0.00899	0.00696	0.00310	0.00389
5	0.01132	0.01122	0.01694	0.01414	0.01482	0.01472	0.09590	0.01284	0.00872	0.01320	0.00863	0.01429	0.00845	0.06750	0.06492	0.00288	0.60608	0.00517	0.00249	0.00578
6	0.84927	0.01038	0.00789	0.00706	0.01038	0.01204	0.00581	0.01578	0.00914	0.02408	0.00747	0.00872	0.00581	0.00498	0.00332	0.00166	0.00415	0.00291	0.00332	0.00581
7	0.01323	0.00949	0.01114	0.02858	0.03080	0.01001	0.00795	0.06174	0.32493	0.12037	0.06565	0.06473	0.05990	0.03776	0.00652	0.00193	0.00436	0.08297	0.00519	0.05274

[dist]
# distance from previous block
# <min> <max>
0	1

[block]
# block no. 2 follows, 45 sequences, length 18
# corresponding to MSA columns:
# 38-55
name=unknown_C
#
# <colnr> <probs for GDERKNQSTAVLIFYWHMCP>
#	G	D	E	R	K	N	Q	S	T	A	V	L	I	F	Y	W	H	M	C	P
0	0.33296	0.13997	0.23432	0.01135	0.01620	0.08997	0.05643	0.01664	0.01087	0.01861	0.00883	0.02618	0.00711	0.00522	0.00425	0.00159	0.00629	0.00372	0.00281	0.00668
1	0.01026	0.10564	0.11055	0.00876	0.01159	0.00925	0.00796	0.01452	0.11017	0.05015	0.26456	0.02735	0.08756	0.04591	0.07778	0.00242	0.00513	0.00701	0.03733	0.00612
2	0.00997	0.00807	0.00982	0.02874	0.03601	0.05665	0.00848	0.05232	0.01234	0.01590	0.02294	0.09245	0.02449	0.07855	0.07175	0.00300	0.02007	0.43889	0.00435	0.00522
3	0.00767	0.00575	0.00863	0.00863	0.00959	0.00671	0.00671	0.00959	0.00863	0.01246	0.01438	0.02109	0.01342	0.04026	0.79008	0.00863	0.01438	0.00575	0.00288	0.00479
4	0.00874	0.00666	0.00974	0.00992	0.01124	0.00656	0.06261	0.05096	0.01216	0.01605	0.02644	0.34646	0.02954	0.03425	0.00750	0.00233	0.00459	0.34440	0.00477	0.00507
5	0.01358	0.00993	0.01170	0.00851	0.01316	0.00801	0.00687	0.07473	0.01282	0.11973	0.01134	0.01221	0.00875	0.00452	0.00427	0.00097	0.00421	0.00361	0.00381	0.66726
6	0.02126	0.01353	0.05135	0.01149	0.01591	0.01332	0.00984	0.46253	0.02105	0.30007	0.01569	0.01474	0.01050	0.00645	0.00537	0.00163	0.00553	0.00499	0.00568	0.00907
7	0.00712	0.00517	0.00701	0.00750	0.00798	0.00490	0.02782	0.00809	0.01022	0.01374	0.09243	0.53610	0.03231	0.19991	0.01153	0.00283	0.00373	0.01276	0.00459	0.00426
8	0.00652	0.00473	0.00616	0.00731	0.00774	0.00437	0.00491	0.00749	0.01044	0.01377	0.03159	0.74676	0.09530	0.01656	0.00681	0.00215	0.00308	0.01494	0.00498	0.00437
9	0.01420	0.78184	0.05957	0.00944	0.01417	0.02087	0.00963	0.01611	0.01092	0.01281	0.00755	0.00872	0.00688	0.00461	0.00351	0.00117	0.00583	0.00292	0.00229	0.00693
10	0.01241	0.01406	0.03058	0.02197	0.02718	0.01318	0.72597	0.01678	0.01257	0.01704	0.01166	0.04860	0.00932	0.00505	0.00636	0.00183	0.00879	0.00672	0.00281	0.00712
11	0.00766	0.00541	0.00711	0.00720	0.00764	0.00582	0.00491	0.00858	0.00833	0.01154	0.01660	0.07887	0.01783	0.41617	0.36605	0.00653	0.00916	0.00737	0.00320	0.00401
12	0.01113	0.00954	0.01113	0.00795	0.01272	0.00716	0.00636	0.01352	0.01113	0.01749	0.00954	0.01113	0.00795	0.00398	0.00398	0.00080	0.00398	0.00318	0.00318	0.84417
13	0.01228	0.01037	0.01215	0.00897	0.01330	0.00903	0.00725	0.10201	0.01257	0.01906	0.00974	0.01139	0.00802	0.00471	0.00524	0.00102	0.06864	0.00350	0.00337	0.67740
14	0.01786	0.04753	0.01491	0.01120	0.01515	0.01436	0.00917	0.49280	0.10231	0.06975	0.01483	0.06412	0.01161	0.00690	0.00527	0.00158	0.00529	0.00542	0.00509	0.08485
15	0.08481	0.16993	0.04954	0.01267	0.04072	0.36328	0.01020	0.10836	0.08122	0.01752	0.00993	0.01088	0.00797	0.00553	0.00460	0.00145	0.00738	0.00376	0.00325	0.00701
16	0.01224	0.03880	0.01663	0.01354	0.01472	0.06444	0.05604	0.01449	0.05082	0.01406	0.00931	0.04569	0.00887	0.00851	0.01357	0.00207	0.54299	0.00507	0.00274	0.06539
17	0.05176	0.05618	0.01478	0.01099	0.01491	0.01368	0.00908	0.34366	0.13799	0.24495	0.01602	0.01514	0.01117	0.00656	0.00554	0.00166	0.02682	0.00501	0.00542	0.00869

[dist]
# distance from previous block
# <min> <max>
2	5

[block]
# block no. 3 follows, 45 sequences, length 259
# corresponding to MSA columns:
# 61-319
name=unknown_D
#
# <colnr> <probs for GDERKNQSTAVLIFYWHMCP>
#	G	D	E	R	K	N	Q	S	T	A	V	L	I	F	Y	W	H	M	C	P
0	0.01113	0.00954	0.01113	0.00795	0.01272	0.00716	0.00636	0.01352	0.01113	0.01749	0.00954	0.01113	0.00795	0.00398	0.00398	0.00080	0.00398	0.00318	0.00318	0.84417
1	0.01113	0.00954	0.01113	0.00795	0.01272	0.00716	0.00636	0.01352	0.01113	0.01749	0.00954	0.01113	0.00795	0.00398	0.00398	0.00080	0.00398	0.00318	0.00318	0.84417
2	0.01242	0.05752	0.01288	0.00879	0.01357	0.00864	0.00701	0.01443	0.01181	0.01820	0.01053	0.01252	0.00894	0.00477	0.00444	0.00103	0.00447	0.00354	0.00350	0.78099
3	0.01374	0.01516	0.03207	0.02313	0.02858	0.01412	0.74571	0.01790	0.01334	0.01819	0.01195	0.01596	0.00919	0.00527	0.00679	0.00201	0.00935	0.00666	0.00310	0.00779
4	0.00772	0.00553	0.00707	0.00825	0.00866	0.00506	0.00549	0.00835	0.01098	0.01476	0.03034	0.79546	0.03607	0.01735	0.00729	0.00237	0.00352	0.01543	0.00533	0.00496
5	0.01317	0.01073	0.01219	0.00907	0.01370	0.00874	0.00716	0.09326	0.01332	0.02030	0.01129	0.01317	0.00933	0.00508	0.00461	0.00111	0.00452	0.00380	0.03386	0.71159
6	0.01230	0.01051	0.01159	0.01055	0.01328	0.01190	0.02115	0.02495	0.62146	0.02141	0.06729	0.05776	0.03859	0.00840	0.00571	0.00186	0.00418	0.04390	0.00538	0.00782
7	0.01001	0.00500	0.00500	0.00500	0.00625	0.00500	0.00375	0.01251	0.01126	0.02001	0.01751	0.02001	0.01376	0.00625	0.00375	0.00125	0.00250	0.00500	0.84115	0.00500
8	0.00760	0.00549	0.00718	0.00675	0.00802	0.00506	0.00506	0.01013	0.01519	0.02153	0.77503	0.04010	0.05065	0.01097	0.00633	0.00169	0.00253	0.00971	0.00591	0.00506
9	0.00654	0.00467	0.00623	0.00747	0.00779	0.00436	0.00498	0.00747	0.01028	0.01370	0.02959	0.80785	0.03550	0.01682	0.00685	0.00218	0.00311	0.01526	0.00498	0.00436
10	0.01113	0.00954	0.01113	0.00795	0.01272	0.00716	0.00636	0.01352	0.01113	0.01749	0.00954	0.01113	0.00795	0.00398	0.00398	0.00080	0.00398	0.00318	0.00318	0.84417
11	0.13016	0.05653	0.01279	0.00921	0.01328	0.00921	0.00770	0.02423	0.01430	0.63859	0.01860	0.01647	0.01195	0.00631	0.00502	0.00163	0.00458	0.00493	0.00596	0.00857
12	0.84927	0.01038	0.00789	0.00706	0.01038	0.01204	0.00581	0.01578	0.00914	0.02408	0.00747	0.00872	0.00581	0.00498	0.00332	0.00166	0.00415	0.00291	0.00332	0.00581
13	0.00760	0.00549	0.00718	0.00675	0.00802	0.00506	0.00506	0.01013	0.01519	0.02153	0.77503	0.04010	0.05065	0.01097	0.00633	0.00169	0.00253	0.00971	0.00591	0.00506
14	0.04198	0.02055	0.47921	0.15468	0.02385	0.01162	0.04679	0.01693	0.01165	0.09213	0.02573	0.03107	0.00900	0.00565	0.00523	0.00173	0.00716	0.00467	0.00291	0.00746
15	0.00748	0.00525	0.00583	0.00584	0.00626	0.00505	0.00352	0.00787	0.00903	0.01172	0.05444	0.05403	0.17120	0.60561	0.02192	0.00433	0.00456	0.00873	0.00374	0.00360
16	0.00841	0.00678	0.00979	0.00937	0.01007	0.00833	0.00732	0.01003	0.00848	0.01237	0.01328	0.02062	0.01280	0.10086	0.58600	0.00721	0.15487	0.00574	0.00281	0.00485
17	0.08216	0.01403	0.02876	0.01145	0.01574	0.01485	0.00956	0.56759	0.04020	0.08133	0.01294	0.01295	0.00920	0.00616	0.00511	0.00156	0.00554	0.00462	0.00508	0.07117
18	0.01941	0.01519	0.01669	0.01291	0.01711	0.04942	0.05395	0.62996	0.07967	0.03111	0.01324	0.01338	0.00952	0.00635	0.00541	0.00163	0.00613	0.00495	0.00511	0.00885
19	0.83372	0.01037	0.00804	0.02172	0.01087	0.01204	0.00598	0.01574	0.00916	0.02389	0.00751	0.00882	0.00584	0.00499	0.00336	0.00166	0.00421	0.00294	0.00330	0.00582
20	0.00800	0.00573	0.00685	0.00666	0.00730	0.00555	0.00426	0.00863	0.00895	0.01235	0.05566	0.15610	0.02194	0.51184	0.05383	0.00419	0.02100	0.00848	0.00362	0.08906
21	0.01427	0.54304	0.02248	0.00942	0.01333	0.07816	0.00868	0.09099	0.01323	0.01588	0.09389	0.01472	0.05064	0.00600	0.00421	0.00131	0.00556	0.00429	0.00317	0.00675
22	0.03894	0.01273	0.01399	0.01081	0.01494	0.01329	0.00885	0.46680	0.05859	0.12183	0.01583	0.01551	0.04840	0.00647	0.00517	0.00152	0.00517	0.00500	0.00514	0.13101
23	0.01824	0.09076	0.01698	0.01318	0.01654	0.43752	0.05378	0.16915	0.07023	0.01817	0.01129	0.01228	0.02373	0.00641	0.01734	0.00159	0.00808	0.00423	0.00348	0.00703
24	0.01441	0.76257	0.02706	0.00930	0.01375	0.05363	0.00912	0.01611	0.01112	0.01269	0.00856	0.00963	0.02434	0.00484	0.00357	0.00117	0.00584	0.00309	0.00238	0.00681
25	0.01181	0.02437	0.08265	0.00865	0.01261	0.00779	0.00757	0.03056	0.03829	0.10098	0.16840	0.03380	0.04430	0.02033	0.00531	0.00135	0.00416	0.00551	0.00422	0.38734
26	0.01926	0.01308	0.01450	0.01141	0.01525	0.01411	0.00930	0.56892	0.03554	0.12872	0.03295	0.08376	0.01305	0.00749	0.00553	0.00167	0.00538	0.00595	0.00552	0.00861
27	0.01596	0.01310	0.01359	0.01149	0.01495	0.03426	0.00913	0.28079	0.49259	0.02614	0.01841	0.01730	0.01364	0.00695	0.00541	0.00174	0.00496	0.00558	0.00536	0.00866
28	0.00875	0.00651	0.00833	0.00795	0.00859	0.00730	0.00567	0.05296	0.00933	0.01291	0.01618	0.05082	0.03322	0.38063	0.29586	0.00581	0.07456	0.00695	0.00326	0.00443
29	0.01113	0.00954	0.01113	0.00795	0.01272	0.00716	0.00636	0.01352	0.01113	0.01749	0.00954	0.01113	0.00795	0.00398	0.00398	0.00080	0.00398	0.00318	0.00318	0.84417
30	0.01020	0.00961	0.01621	0.78306	0.05187	0.01194	0.01494	0.01377	0.01076	0.01379	0.00955	0.01429	0.00718	0.00535	0.00537	0.00178	0.00714	0.00477	0.00239	0.00601
31	0.01972	0.01452	0.01553	0.01202	0.01615	0.01608	0.00990	0.70049	0.05791	0.03283	0.01345	0.01346	0.00962	0.00647	0.00532	0.00161	0.00571	0.00489	0.03537	0.00895
32	0.00767	0.00575	0.00863	0.00863	0.00959	0.00671	0.00671	0.00959	0.00863	0.01246	0.01438	0.02109	0.01342	0.04026	0.79008	0.00863	0.01438	0.00575	0.00288	0.00479
33	0.01113	0.00954	0.01113	0.00795	0.01272	0.00716	0.00636	0.01352	0.01113	0.01749	0.00954	0.01113	0.00795	0.00398	0.00398	0.00080	0.00398	0.00318	0.00318	0.84417
34	0.00634	0.00544	0.00544	0.00544	0.00725	0.00453	0.00408	0.00770	0.01224	0.01450	0.05438	0.05166	0.77569	0.01359	0.00634	0.00181	0.00272	0.01133	0.00498	0.00453
35	0.00753	0.00548	0.00709	0.00669	0.00798	0.00504	0.00502	0.01001	0.01505	0.02117	0.73870	0.04068	0.08720	0.01111	0.00633	0.00169	0.00254	0.00979	0.00586	0.00504
36	0.00654	0.00467	0.00623	0.00747	0.00779	0.00436	0.00498	0.00747	0.01028	0.01370	0.02959	0.80785	0.03550	0.01682	0.00685	0.00218	0.00311	0.01526	0.00498	0.00436
37	0.01335	0.01153	0.01214	0.01092	0.01396	0.01335	0.00850	0.02852	0.76817	0.02245	0.02185	0.02003	0.01639	0.00728	0.00546	0.00182	0.00425	0.00607	0.00546	0.00850
38	0.01110	0.10122	0.71302	0.01473	0.02235	0.01329	0.01884	0.01691	0.01129	0.01659	0.00943	0.01108	0.00681	0.00505	0.00495	0.00165	0.00773	0.00386	0.00227	0.00784
39	0.84927	0.01038	0.00789	0.00706	0.01038	0.01204	0.00581	0.01578	0.00914	0.02408	0.00747	0.00872	0.00581	0.00498	0.00332	0.00166	0.00415	0.00291	0.00332	0.00581
40	0.01435	0.81458	0.02813	0.00918	0.01378	0.02124	0.00918	0.01607	0.01091	0.01263	0.00746	0.00861	0.00689	0.00459	0.00344	0.00115	0.00574	0.00287	0.00230	0.00689
41	0.84927	0.01038	0.00789	0.00706	0.01038	0.01204	0.00581	0.01578	0.00914	0.02408	0.00747	0.00872	0.00581	0.00498	0.00332	0.00166	0.00415	0.00291	0.00332	0.00581
42	0.01993	0.01462	0.01571	0.01217	0.01637	0.01618	0.01001	0.68495	0.08422	0.04997	0.01379	0.01358	0.00980	0.00652	0.00538	0.00163	0.00574	0.00494	0.00541	0.00908
43	0.01329	0.01275	0.02179	0.03295	0.77787	0.01275	0.01647	0.01647	0.01222	0.01754	0.01010	0.01329	0.00850	0.00478	0.00531	0.00159	0.00638	0.00478	0.00266	0.00850
44	0.00634	0.00544	0.00544	0.00544	0.00725	0.00453	0.00408	0.00770	0.01224	0.01450	0.05438	0.05166	0.77569	0.01359	0.00634	0.00181	0.00272	0.01133	0.00498	0.00453
45	0.00769	0.00567	0.00823	0.00823	0.00905	0.00649	0.00621	0.00933	0.00851	0.01216	0.01474	0.02312	0.01430	0.15175	0.67979	0.00813	0.01305	0.00605	0.00293	0.00457
46	0.00751	0.00542	0.00710	0.00681	0.00800	0.00501	0.00506	0.00992	0.01481	0.02091	0.71635	0.10054	0.04946	0.01143	0.00637	0.00173	0.00258	0.01014	0.00584	0.00501
47	0.02017	0.01478	0.01588	0.01224	0.01648	0.01635	0.01009	0.71609	0.05646	0.04656	0.01341	0.01328	0.00951	0.00648	0.00537	0.00162	0.00581	0.00490	0.00540	0.00910
48	0.01001	0.00500	0.00500	0.00500	0.00625	0.00500	0.00375	0.01251	0.01126	0.02001	0.01751	0.02001	0.01376	0.00625	0.00375	0.00125	0.00250	0.00500	0.84115	0.00500
49	0.00646	0.00544	0.00560	0.00556	0.00732	0.00458	0.00417	0.00793	0.01251	0.01516	0.12165	0.05058	0.70800	0.01335	0.00634	0.00180	0.00270	0.01118	0.00507	0.00458
50	0.02363	0.00957	0.01269	0.00976	0.01390	0.00857	0.00805	0.07404	0.03103	0.71769	0.02065	0.01795	0.01308	0.00664	0.00540	0.00166	0.00465	0.00537	0.00654	0.00912
51	0.00781	0.00520	0.00585	0.00585	0.00585	0.00520	0.00325	0.00781	0.00781	0.01041	0.01691	0.03513	0.01952	0.81135	0.02732	0.00520	0.00520	0.00781	0.00325	0.00325
52	0.01014	0.00954	0.01610	0.79845	0.03697	0.01193	0.01491	0.01371	0.01073	0.01371	0.00954	0.01431	0.00716	0.00537	0.00537	0.00179	0.00716	0.00477	0.00239	0.00596
53	0.01435	0.81458	0.02813	0.00918	0.01378	0.02124	0.00918	0.01607	0.01091	0.01263	0.00746	0.00861	0.00689	0.00459	0.00344	0.00115	0.00574	0.00287	0.00230	0.00689
54	0.01091	0.00942	0.01155	0.09387	0.01523	0.00760	0.00726	0.01339	0.01107	0.01699	0.01004	0.03133	0.00855	0.00445	0.00420	0.00094	0.00430	0.00365	0.00314	0.73212
55	0.00743	0.00548	0.00694	0.00657	0.00791	0.00499	0.00493	0.00980	0.01479	0.02057	0.67668	0.04168	0.14960	0.01133	0.00633	0.00171	0.00256	0.00993	0.00578	0.00499
56	0.01310	0.15033	0.01157	0.00738	0.00991	0.01048	0.00615	0.18022	0.01432	0.02180	0.01470	0.01640	0.01151	0.00600	0.00406	0.00131	0.00384	0.00459	0.50607	0.00626
57	0.01147	0.18227	0.63521	0.01410	0.02138	0.01419	0.01774	0.01682	0.01125	0.01614	0.00921	0.01080	0.00682	0.00500	0.00477	0.00159	0.00750	0.00375	0.00227	0.00773
58	0.01435	0.81458	0.02813	0.00918	0.01378	0.02124	0.00918	0.01607	0.01091	0.01263	0.00746	0.00861	0.00689	0.00459	0.00344	0.00115	0.00574	0.00287	0.00230	0.00689
59	0.00654	0.00545	0.00571	0.00565	0.00737	0.00462	0.00423	0.00809	0.01270	0.01561	0.16838	0.04983	0.66099	0.01318	0.00634	0.00179	0.00269	0.01107	0.00513	0.00462
60	0.01869	0.00867	0.01094	0.00883	0.01226	0.00790	0.00714	0.07266	0.05166	0.49046	0.06477	0.03917	0.16595	0.00842	0.00566	0.00171	0.00415	0.00695	0.00611	0.00791
61	0.01082	0.02564	0.68088	0.01578	0.02320	0.01230	0.09435	0.01670	0.01143	0.01691	0.01043	0.03859	0.00791	0.00544	0.00528	0.00173	0.00788	0.00459	0.00240	0.00774
62	0.04130	0.00916	0.01236	0.00950	0.01363	0.00798	0.00785	0.02594	0.01523	0.76578	0.02089	0.01807	0.01313	0.00661	0.00535	0.00166	0.00456	0.00535	0.00657	0.00907
63	0.00777	0.00590	0.00882	0.00876	0.00970	0.00695	0.00683	0.00967	0.00862	0.01247	0.01420	0.02086	0.01326	0.03950	0.77097	0.00847	0.03385	0.00573	0.00286	0.00482
64	0.01175	0.01170	0.01924	0.49783	0.05698	0.05784	0.17750	0.04176	0.01201	0.01554	0.01020	0.01421	0.00772	0.00524	0.00549	0.00174	0.00747	0.00505	0.03431	0.00642
65	0.00642	0.00536	0.00560	0.00571	0.00734	0.00454	0.00422	0.00778	0.01215	0.01471	0.08168	0.13338	0.66504	0.01384	0.00640	0.00185	0.00275	0.01169	0.00502	0.00454
66	0.01167	0.00975	0.01211	0.00867	0.01345	0.00747	0.04047	0.01414	0.01135	0.04490	0.01002	0.01154	0.00815	0.00410	0.00413	0.00087	0.00423	0.00340	0.00328	0.77630
67	0.01872	0.00941	0.01186	0.00925	0.01317	0.00841	0.00749	0.06511	0.07497	0.44465	0.06797	0.03753	0.01515	0.00665	0.00519	0.00150	0.00432	0.00547	0.00564	0.18754
68	0.02005	0.02558	0.01521	0.01383	0.01659	0.78980	0.01037	0.02143	0.01521	0.01314	0.00830	0.00968	0.00691	0.00553	0.00484	0.00138	0.00968	0.00346	0.00277	0.00622
69	0.01846	0.01380	0.01499	0.01185	0.01570	0.01537	0.00969	0.61108	0.10446	0.03062	0.01400	0.01442	0.01031	0.00966	0.07793	0.00228	0.00651	0.00505	0.00515	0.00866
70	0.00802	0.00566	0.00730	0.00722	0.00774	0.00612	0.00493	0.02480	0.00854	0.01182	0.01571	0.02844	0.01660	0.45318	0.36400	0.00664	0.00927	0.00683	0.00313	0.00406
71	0.02158	0.00858	0.01165	0.00913	0.01284	0.00746	0.00746	0.02372	0.01534	0.66606	0.13576	0.02159	0.01897	0.00730	0.00554	0.00167	0.00426	0.00605	0.00653	0.00852
72	0.01435	0.81458	0.02813	0.00918	0.01378	0.02124	0.00918	0.01607	0.01091	0.01263	0.00746	0.00861	0.00689	0.00459	0.00344	0.00115	0.00574	0.00287	0.00230	0.00689
73	0.01329	0.01275	0.02179	0.03295	0.77787	0.01275	0.01647	0.01647	0.01222	0.01754	0.01010	0.01329	0.00850	0.00478	0.00531	0.00159	0.00638	0.00478	0.00266	0.00850
74	0.01001	0.00500	0.00500	0.00500	0.00625	0.00500	0.00375	0.01251	0.01126	0.02001	0.01751	0.02001	0.01376	0.00625	0.00375	0.00125	0.00250	0.00500	0.84115	0.00500
75	0.00634	0.00544	0.00544	0.00544	0.00725	0.00453	0.00408	0.00770	0.01224	0.01450	0.05438	0.05166	0.77569	0.01359	0.00634	0.00181	0.00272	0.01133	0.00498	0.00453
76	0.01001	0.00500	0.00500	0.00500	0.00625	0.00500	0.00375	0.01251	0.01126	0.02001	0.01751	0.02001	0.01376	0.00625	0.00375	0.00125	0.00250	0.00500	0.84115	0.00500
77	0.00682	0.00490	0.00617	0.00696	0.00743	0.00458	0.00461	0.00777	0.01042	0.01384	0.08966	0.54682	0.09936	0.15219	0.01027	0.00263	0.00339	0.01319	0.00476	0.00424
78	0.00754	0.00544	0.00712	0.00680	0.00801	0.00502	0.00506	0.00997	0.01491	0.02107	0.73132	0.08512	0.04976	0.01132	0.00636	0.00172	0.00257	0.01003	0.00585	0.00502
79	0.02041	0.01504	0.01611	0.01235	0.01665	0.01665	0.01020	0.75997	0.02524	0.03383	0.01289	0.01289	0.00913	0.00644	0.00537	0.00161	0.00591	0.00483	0.00537	0.00913
80	0.01078	0.01043	0.01624	0.48246	0.02775	0.01375	0.01363	0.01339	0.00972	0.01339	0.00854	0.01328	0.00711	0.00699	0.01030	0.00201	0.32718	0.00474	0.00237	0.00593
81	0.01971	0.01294	0.01440	0.01127	0.01515	0.01387	0.00921	0.55465	0.02200	0.16074	0.01564	0.06911	0.01184	0.00719	0.00542	0.00165	0.00536	0.00566	0.03555	0.00865
82	0.01113	0.00954	0.01113	0.00795	0.01272	0.00716	0.00636	0.01352	0.01113	0.01749	0.00954	0.01113	0.00795	0.00398	0.00398	0.00080	0.00398	0.00318	0.00318	0.84417
83	0.01830	0.01419	0.01380	0.01105	0.01457	0.09838	0.00894	0.53092	0.02137	0.02883	0.01331	0.01396	0.00981	0.00631	0.00499	0.00151	0.00564	0.00472	0.17143	0.00799
84	0.00781	0.00520	0.00585	0.00585	0.00585	0.00520	0.00325	0.00781	0.00781	0.01041	0.01691	0.03513	0.01952	0.81135	0.02732	0.00520	0.00520	0.00781	0.00325	0.00325
85	0.08221	0.01245	0.06364	0.36727	0.02780	0.02915	0.18679	0.06339	0.01197	0.01694	0.01004	0.01368	0.00765	0.00626	0.02532	0.00194	0.04289	0.00493	0.01917	0.00652
86	0.00831	0.00561	0.00703	0.00684	0.00827	0.00505	0.00510	0.01028	0.01367	0.07160	0.42252	0.17012	0.20653	0.01231	0.00638	0.00181	0.00286	0.02503	0.00558	0.00511
87	0.00673	0.00475	0.00617	0.00723	0.00749	0.00449	0.00472	0.00752	0.00990	0.01320	0.02766	0.69040	0.03307	0.13758	0.00996	0.00264	0.00343	0.01413	0.00472	0.00419
88	0.01097	0.00966	0.01616	0.72611	0.06731	0.01176	0.01462	0.01446	0.01103	0.05259	0.01015	0.01447	0.00752	0.00541	0.00537	0.00177	0.00699	0.00480	0.00261	0.00623
89	0.01538	0.47385	0.14389	0.01128	0.01604	0.15960	0.01117	0.08481	0.01306	0.01534	0.00845	0.00962	0.00708	0.00501	0.00414	0.00132	0.00682	0.00333	0.00266	0.00714
90	0.02304	0.00974	0.01272	0.00982	0.01389	0.00890	0.00809	0.10559	0.03339	0.66464	0.03870	0.01826	0.01382	0.00674	0.00542	0.00166	0.00466	0.00546	0.00646	0.00902
91	0.00656	0.00469	0.00625	0.00746	0.00779	0.00437	0.00498	0.00753	0.01038	0.01386	0.04464	0.79235	0.03581	0.01670	0.00684	0.00217	0.00310	0.01515	0.00500	0.00437
92	0.01077	0.02777	0.78354	0.01530	0.02323	0.01247	0.01983	0.01700	0.01133	0.01700	0.00963	0.01133	0.00680	0.00510	0.00510	0.00170	0.00793	0.00397	0.00227	0.00793
93	0.01083	0.02740	0.76494	0.01573	0.04166	0.01247	0.01975	0.01699	0.01135	0.01701	0.00964	0.01138	0.00684	0.00509	0.00511	0.00170	0.00790	0.00399	0.00228	0.00795
94	0.00643	0.00511	0.00577	0.00630	0.00748	0.00446	0.00446	0.00761	0.01141	0.01416	0.04387	0.37208	0.46205	0.01496	0.00656	0.00197	0.00289	0.01299	0.00498	0.00446
95	0.00825	0.00605	0.00748	0.00720	0.00733	0.00673	0.00472	0.00865	0.00797	0.01098	0.01541	0.03047	0.01722	0.61225	0.12970	0.00533	0.10023	0.00716	0.00309	0.00377
96	0.01309	0.00817	0.01103	0.12870	0.01506	0.02352	0.02613	0.04593	0.03151	0.20998	0.30847	0.04529	0.06661	0.00890	0.00591	0.00174	0.00433	0.03386	0.00528	0.00649
97	0.00678	0.00472	0.00619	0.00731	0.00770	0.00442	0.00491	0.00786	0.01050	0.01434	0.05409	0.73569	0.03474	0.01600	0.00665	0.00211	0.00306	0.01447	0.05405	0.00442
98	0.01001	0.00500	0.00500	0.00500	0.00625	0.00500	0.00375	0.01251	0.01126	0.02001	0.01751	0.02001	0.01376	0.00625	0.00375	0.00125	0.00250	0.00500	0.84115	0.00500
99	0.00812	0.00545	0.00611	0.00602	0.00612	0.00549	0.00342	0.02641	0.00824	0.01099	0.01681	0.03458	0.01926	0.79144	0.02678	0.00512	0.00522	0.00773	0.00330	0.00340
100	0.02013	0.01483	0.01591	0.01225	0.01647	0.01640	0.01010	0.74499	0.02494	0.03343	0.01322	0.02871	0.00965	0.00665	0.00540	0.00162	0.00585	0.00504	0.00536	0.00903
101	0.01507	0.03045	0.01377	0.01055	0.03034	0.06347	0.02425	0.21487	0.03473	0.06629	0.01184	0.03192	0.00940	0.00534	0.00467	0.00121	0.00510	0.00424	0.00400	0.41850
102	0.05604	0.08042	0.09944	0.01270	0.05392	0.07521	0.01076	0.33183	0.04869	0.14606	0.01368	0.01371	0.02126	0.00611	0.00507	0.00159	0.00602	0.00462	0.00455	0.00831
103	0.82124	0.01054	0.00817	0.00724	0.01059	0.01220	0.00596	0.04095	0.00968	0.02441	0.00766	0.00886	0.00593	0.00503	0.00339	0.00166	0.00421	0.00297	0.00339	0.00593
104	0.01807	0.01249	0.01341	0.01059	0.01418	0.01364	0.00865	0.54177	0.04691	0.06256	0.01455	0.01490	0.01056	0.00644	0.00502	0.00154	0.00506	0.00494	0.18651	0.00821
105	0.01902	0.01370	0.01463	0.01137	0.01526	0.01509	0.00934	0.66022	0.02337	0.03199	0.01350	0.01384	0.00975	0.00642	0.00515	0.00156	0.00545	0.00486	0.11690	0.00858
106	0.01305	0.01251	0.02124	0.03202	0.75181	0.01248	0.01605	0.01618	0.01222	0.01743	0.01159	0.01458	0.03445	0.00508	0.00535	0.00160	0.00625	0.00500	0.00274	0.00837
107	0.01141	0.00953	0.01116	0.00799	0.01274	0.00717	0.00639	0.01379	0.01122	0.03396	0.00979	0.01128	0.00807	0.00403	0.00401	0.00081	0.00399	0.00323	0.00325	0.82617
108	0.00656	0.00476	0.00620	0.00735	0.00780	0.00440	0.00497	0.00755	0.01046	0.01380	0.03152	0.73629	0.09378	0.01653	0.00682	0.00216	0.00311	0.02657	0.00498	0.00438
109	0.00932	0.00466	0.00699	0.00699	0.00699	0.00466	0.00466	0.00699	0.00699	0.00932	0.00932	0.01632	0.00932	0.01865	0.02098	0.84382	0.00466	0.00466	0.00233	0.00233
110	0.01398	0.73313	0.10633	0.00982	0.01476	0.02033	0.01029	0.01617	0.01095	0.01308	0.00769	0.00889	0.00688	0.00464	0.00362	0.00121	0.00597	0.00298	0.00229	0.00700
111	0.00727	0.00572	0.00659	0.00633	0.00792	0.00518	0.00476	0.00981	0.04610	0.01836	0.41355	0.04452	0.38040	0.01201	0.00630	0.00175	0.00269	0.01029	0.00547	0.00497
112	0.00649	0.00544	0.00564	0.00559	0.00734	0.00459	0.00419	0.00798	0.01257	0.01530	0.13669	0.05034	0.69287	0.01330	0.00634	0.00180	0.00270	0.01114	0.00509	0.00459
113	0.02282	0.01078	0.02830	0.01028	0.01451	0.00992	0.00862	0.17848	0.03423	0.59423	0.01924	0.01706	0.01237	0.00659	0.00539	0.00165	0.00490	0.00527	0.00627	0.00910
114	0.00989	0.00881	0.01251	0.01131	0.01189	0.01156	0.00918	0.02807	0.00881	0.01316	0.01086	0.01646	0.01029	0.02483	0.40524	0.00548	0.38833	0.00523	0.00268	0.00540
115	0.00942	0.00694	0.00881	0.00918	0.01073	0.00702	0.00760	0.08126	0.04817	0.01823	0.11194	0.13891	0.08962	0.01341	0.00686	0.00219	0.00434	0.41485	0.00512	0.00541
116	0.00757	0.00549	0.00714	0.00673	0.00800	0.00505	0.00505	0.01008	0.01514	0.02139	0.76084	0.04032	0.06493	0.01103	0.00633	0.00169	0.00254	0.00974	0.00589	0.00505
117	0.01820	0.01352	0.01462	0.01165	0.01537	0.01491	0.00944	0.61486	0.07773	0.03055	0.01558	0.11021	0.01287	0.00777	0.00556	0.00170	0.00545	0.00619	0.00533	0.00850
118	0.07144	0.02152	0.01521	0.01416	0.05622	0.53944	0.01041	0.11949	0.03262	0.01703	0.00920	0.01058	0.00745	0.00582	0.00550	0.00150	0.04870	0.00380	0.00318	0.00674
119	0.00760	0.00549	0.00718	0.00675	0.00802	0.00506	0.00506	0.01013	0.01519	0.02153	0.77503	0.04010	0.05065	0.01097	0.00633	0.00169	0.00253	0.00971	0.00591	0.00506
120	0.01156	0.00983	0.01135	0.00825	0.01292	0.00779	0.00660	0.03952	0.05001	0.01830	0.01028	0.01164	0.00842	0.00423	0.00410	0.00087	0.00405	0.00338	0.00337	0.77353
121	0.00663	0.00474	0.00617	0.00727	0.00761	0.00443	0.00481	0.00751	0.01015	0.01347	0.02948	0.71980	0.06080	0.07934	0.00845	0.00241	0.00326	0.01453	0.00485	0.00428
122	0.01136	0.00968	0.01125	0.00806	0.01282	0.00739	0.00646	0.03208	0.01148	0.01790	0.00962	0.01117	0.00798	0.00404	0.00401	0.00082	0.00402	0.00322	0.00323	0.82340
123	0.04966	0.01159	0.01209	0.01070	0.01382	0.01329	0.00838	0.09637	0.63828	0.02332	0.02155	0.02000	0.04244	0.00733	0.00539	0.00179	0.00435	0.00600	0.00534	0.00830
124	0.01139	0.00953	0.01116	0.00798	0.01274	0.00717	0.00639	0.01377	0.01121	0.03255	0.00977	0.01127	0.00806	0.00403	0.00400	0.00081	0.00399	0.00322	0.00325	0.82771
125	0.84927	0.01038	0.00789	0.00706	0.01038	0.01204	0.00581	0.01578	0.00914	0.02408	0.00747	0.00872	0.00581	0.00498	0.00332	0.00166	0.00415	0.00291	0.00332	0.00581
126	0.01279	0.01228	0.02106	0.06132	0.63225	0.01253	0.05315	0.01593	0.01202	0.01708	0.01106	0.01609	0.00968	0.00558	0.00602	0.00170	0.04060	0.04807	0.00277	0.00801
127	0.12012	0.55238	0.07312	0.00988	0.01436	0.08671	0.00961	0.05407	0.01181	0.01547	0.00795	0.00911	0.00686	0.00485	0.00376	0.00129	0.00604	0.00310	0.00262	0.00688
128	0.01052	0.01029	0.01847	0.68053	0.03562	0.01218	0.12791	0.01424	0.01103	0.01424	0.00974	0.01434	0.00731	0.00524	0.00551	0.00179	0.00744	0.00501	0.00244	0.00616
129	0.00743	0.00546	0.00695	0.00661	0.00792	0.00499	0.00495	0.00979	0.01474	0.02054	0.67461	0.05779	0.13540	0.01141	0.00634	0.00171	0.00257	0.01002	0.00578	0.00499
130	0.00653	0.00470	0.00620	0.00740	0.00777	0.00437	0.00495	0.00748	0.01035	0.01373	0.03048	0.78071	0.06206	0.01670	0.00683	0.00217	0.00310	0.01512	0.00498	0.00437
131	0.00780	0.00522	0.00592	0.00592	0.00594	0.00524	0.00333	0.00785	0.00782	0.01045	0.01686	0.03481	0.01938	0.79377	0.04471	0.00528	0.00541	0.00776	0.00324	0.00329
132	0.04368	0.01065	0.01326	0.01019	0.01436	0.01019	0.00842	0.21037	0.01769	0.57477	0.01875	0.01668	0.01206	0.00655	0.00534	0.00165	0.00489	0.00519	0.00624	0.00905
133	0.00664	0.00541	0.00588	0.00584	0.00745	0.00465	0.00435	0.00825	0.01282	0.01608	0.21922	0.08712	0.57127	0.01315	0.00637	0.00180	0.00270	0.01115	0.00520	0.00465
134	0.01143	0.17389	0.64324	0.01416	0.02148	0.01410	0.01786	0.01683	0.01125	0.01619	0.00923	0.01083	0.00682	0.00501	0.00479	0.00160	0.00753	0.00376	0.00227	0.00774
135	0.02011	0.02379	0.01536	0.01358	0.01660	0.65854	0.01034	0.14682	0.01691	0.01665	0.00908	0.01022	0.00729	0.00569	0.00493	0.00142	0.00904	0.00369	0.00321	0.00672
136	0.01144	0.00705	0.00791	0.04670	0.00988	0.00761	0.00573	0.13195	0.01305	0.02075	0.01587	0.01914	0.01276	0.04356	0.06739	0.00211	0.02155	0.00514	0.54477	0.00564
137	0.00653	0.00470	0.00620	0.00741	0.00777	0.00437	0.00495	0.00748	0.01034	0.01373	0.03042	0.78228	0.06053	0.01671	0.00683	0.00217	0.00310	0.01513	0.00498	0.00437
138	0.00654	0.00467	0.00623	0.00747	0.00779	0.00436	0.00498	0.00747	0.01028	0.01370	0.02959	0.80785	0.03550	0.01682	0.00685	0.00218	0.00311	0.01526	0.00498	0.00436
139	0.01961	0.01453	0.01512	0.01184	0.01584	0.04869	0.00969	0.61673	0.06725	0.06312	0.01380	0.01375	0.00987	0.00645	0.00527	0.00160	0.00574	0.00488	0.04746	0.00876
140	0.00930	0.00587	0.00765	0.00699	0.00859	0.00534	0.00532	0.01172	0.01506	0.10235	0.65818	0.03835	0.08321	0.01064	0.00623	0.00169	0.00276	0.00933	0.00594	0.00547
141	0.01115	0.10212	0.69314	0.01490	0.02246	0.01333	0.03719	0.01692	0.01133	0.01659	0.00946	0.01115	0.00684	0.00504	0.00497	0.00165	0.00775	0.00392	0.00228	0.00782
142	0.01904	0.00820	0.01095	0.00891	0.01214	0.00733	0.00720	0.02159	0.04132	0.53617	0.16536	0.02540	0.02170	0.04437	0.00667	0.00187	0.00422	0.04348	0.00622	0.00786
143	0.01113	0.00954	0.01113	0.00795	0.01272	0.00716	0.00636	0.01352	0.01113	0.01749	0.00954	0.01113	0.00795	0.00398	0.00398	0.00080	0.00398	0.00318	0.00318	0.84417
144	0.01160	0.00983	0.01138	0.00821	0.01293	0.00771	0.00658	0.04796	0.02700	0.01834	0.00994	0.01139	0.00817	0.00415	0.00407	0.00085	0.00407	0.00331	0.00333	0.78917
145	0.01337	0.01537	0.13080	0.04278	0.55472	0.04792	0.01605	0.04878	0.02856	0.01796	0.01069	0.01399	0.00883	0.00521	0.00531	0.00163	0.00667	0.02032	0.00282	0.00822
146	0.05505	0.42413	0.31258	0.01152	0.01717	0.03333	0.01301	0.01667	0.02821	0.01509	0.00877	0.01018	0.00715	0.00561	0.02016	0.00156	0.00672	0.00343	0.00243	0.00721
147	0.62360	0.01004	0.00868	0.00767	0.01060	0.01146	0.00615	0.08868	0.02975	0.02286	0.00865	0.01053	0.00692	0.00717	0.00615	0.12412	0.00440	0.00343	0.00344	0.00570
148	0.00663	0.00471	0.00620	0.00736	0.00765	0.00442	0.00486	0.00750	0.01010	0.01347	0.02867	0.75224	0.03435	0.07400	0.00832	0.00240	0.00326	0.01472	0.00486	0.00428
149	0.01113	0.00954	0.01113	0.00795	0.01272	0.00716	0.00636	0.01352	0.01113	0.01749	0.00954	0.01113	0.00795	0.00398	0.00398	0.00080	0.00398	0.00318	0.00318	0.84417
150	0.01168	0.01183	0.01805	0.01494	0.01569	0.01563	0.10758	0.01332	0.00881	0.01345	0.00787	0.01252	0.00747	0.01016	0.05091	0.00256	0.66416	0.00496	0.00242	0.00600
151	0.02309	0.00891	0.01214	0.00938	0.01336	0.00772	0.00772	0.02519	0.01535	0.73567	0.06671	0.01959	0.01554	0.00691	0.00545	0.00166	0.00444	0.00566	0.00660	0.00889
152	0.01435	0.81458	0.02813	0.00918	0.01378	0.02124	0.00918	0.01607	0.01091	0.01263	0.00746	0.00861	0.00689	0.00459	0.00344	0.00115	0.00574	0.00287	0.00230	0.00689
153	0.00669	0.00555	0.00593	0.00611	0.00784	0.00478	0.00477	0.00822	0.01225	0.01474	0.05043	0.05301	0.66248	0.01378	0.00651	0.00191	0.00306	0.12235	0.00498	0.00459
154	0.02041	0.01504	0.01611	0.01235	0.01665	0.01665	0.01020	0.75997	0.02524	0.03383	0.01289	0.01289	0.00913	0.00644	0.00537	0.00161	0.00591	0.00483	0.00537	0.00913
155	0.00767	0.00515	0.00590	0.00603	0.00606	0.00511	0.00344	0.00777	0.00807	0.01077	0.01829	0.11913	0.02125	0.72498	0.02510	0.00488	0.00498	0.00862	0.00344	0.00337
156	0.01237	0.01528	0.09023	0.02167	0.02717	0.01326	0.68146	0.01694	0.01250	0.01709	0.01123	0.03400	0.00872	0.00488	0.00625	0.00181	0.00881	0.00637	0.00274	0.00722
157	0.01113	0.00954	0.01113	0.00795	0.01272	0.00716	0.00636	0.01352	0.01113	0.01749	0.00954	0.01113	0.00795	0.00398	0.00398	0.00080	0.00398	0.00318	0.00318	0.84417
158	0.00654	0.00469	0.00621	0.00742	0.00777	0.00436	0.00496	0.00748	0.01033	0.01372	0.03020	0.78900	0.05395	0.01674	0.00684	0.00217	0.00310	0.01516	0.00498	0.00436
159	0.00743	0.00535	0.00704	0.00697	0.00805	0.00496	0.00514	0.00966	0.01421	0.01993	0.61762	0.18360	0.04734	0.01216	0.00645	0.00180	0.00270	0.02895	0.00571	0.00493
160	0.01248	0.01445	0.04548	0.06798	0.02848	0.01346	0.70032	0.01699	0.01253	0.01699	0.01076	0.01441	0.00806	0.00459	0.00625	0.00181	0.00892	0.00620	0.00269	0.00718
161	0.01090	0.00592	0.00605	0.00573	0.00725	0.00607	0.00437	0.08152	0.01253	0.02116	0.01732	0.03504	0.01376	0.00648	0.00396	0.00130	0.00283	0.00519	0.74723	0.00537
162	0.00654	0.00467	0.00623	0.00747	0.00779	0.00436	0.00498	0.00747	0.01028	0.01370	0.02959	0.80785	0.03550	0.01682	0.00685	0.00218	0.00311	0.01526	0.00498	0.00436
163	0.01435	0.81458	0.02813	0.00918	0.01378	0.02124	0.00918	0.01607	0.01091	0.01263	0.00746	0.00861	0.00689	0.00459	0.00344	0.00115	0.00574	0.00287	0.00230	0.00689
164	0.00742	0.00546	0.00694	0.00661	0.00792	0.00498	0.00494	0.00976	0.01470	0.02046	0.66694	0.06063	0.14037	0.01144	0.00635	0.00172	0.00257	0.01005	0.00577	0.00498
165	0.01417	0.73241	0.09094	0.00979	0.01463	0.03654	0.01010	0.01626	0.01103	0.01300	0.00766	0.00886	0.00688	0.00465	0.00361	0.00120	0.00601	0.00297	0.00230	0.00696
166	0.01924	0.02404	0.01600	0.01613	0.10832	0.69618	0.01111	0.02084	0.01485	0.01367	0.00851	0.01011	0.00711	0.00544	0.00490	0.00141	0.00928	0.00362	0.00275	0.00650
167	0.00687	0.00490	0.00643	0.00720	0.00771	0.00458	0.00489	0.00812	0.01128	0.01533	0.20515	0.57470	0.03802	0.06835	0.00809	0.00227	0.00312	0.01345	0.00509	0.00445
168	0.00639	0.00537	0.00556	0.00566	0.00732	0.00453	0.00419	0.00774	0.01212	0.01460	0.06997	0.12348	0.68704	0.01384	0.00639	0.00184	0.00275	0.01166	0.00501	0.00453
169	0.01174	0.01146	0.02053	0.12254	0.32397	0.01161	0.19962	0.01574	0.05699	0.01676	0.01406	0.10362	0.01290	0.00681	0.00587	0.00180	0.00658	0.04700	0.00318	0.00721
170	0.00668	0.00473	0.00619	0.00729	0.00757	0.00446	0.00479	0.00751	0.01000	0.01333	0.02816	0.72084	0.03370	0.10628	0.00916	0.00252	0.00335	0.01442	0.00479	0.00424
171	0.00781	0.00520	0.00585	0.00585	0.00585	0.00520	0.00325	0.00781	0.00781	0.01041	0.01691	0.03513	0.01952	0.81135	0.02732	0.00520	0.00520	0.00781	0.00325	0.00325
172	0.01319	0.01129	0.01196	0.01074	0.01371	0.01299	0.00835	0.04093	0.71667	0.02262	0.05966	0.02091	0.01798	0.00745	0.00550	0.00181	0.00419	0.00623	0.00548	0.00833
173	0.02342	0.01020	0.01311	0.01005	0.01423	0.00947	0.00831	0.15824	0.01714	0.64699	0.01969	0.01730	0.01254	0.00661	0.00539	0.00165	0.00481	0.00530	0.00641	0.00913
174	0.00748	0.00548	0.00701	0.00663	0.00795	0.00502	0.00497	0.00990	0.01492	0.02087	0.70776	0.04118	0.11833	0.01122	0.00633	0.00170	0.00255	0.00986	0.00582	0.00502
175	0.00654	0.00467	0.00623	0.00747	0.00779	0.00436	0.00498	0.00747	0.01028	0.01370	0.02959	0.80785	0.03550	0.01682	0.00685	0.00218	0.00311	0.01526	0.00498	0.00436
176	0.00664	0.00481	0.00628	0.00726	0.00778	0.00445	0.00493	0.00778	0.01094	0.01461	0.11227	0.67403	0.08644	0.01597	0.00676	0.00210	0.00302	0.01439	0.00508	0.00445
177	0.01077	0.02777	0.78354	0.01530	0.02323	0.01247	0.01983	0.01700	0.01133	0.01700	0.00963	0.01133	0.00680	0.00510	0.00510	0.00170	0.00793	0.00397	0.00227	0.00793
178	0.01014	0.00954	0.01610	0.79845	0.03697	0.01193	0.01491	0.01371	0.01073	0.01371	0.00954	0.01431	0.00716	0.00537	0.00537	0.00179	0.00716	0.00477	0.00239	0.00596
179	0.01014	0.00954	0.01610	0.79845	0.03697	0.01193	0.01491	0.01371	0.01073	0.01371	0.00954	0.01431	0.00716	0.00537	0.00537	0.00179	0.00716	0.00477	0.00239	0.00596
180	0.00683	0.00570	0.00599	0.00588	0.00765	0.00498	0.00442	0.00895	0.04365	0.01597	0.17022	0.04849	0.62673	0.01291	0.00631	0.00179	0.00275	0.01085	0.00515	0.00478
181	0.00654	0.00467	0.00623	0.00747	0.00779	0.00436	0.00498	0.00747	0.01028	0.01370	0.02959	0.80785	0.03550	0.01682	0.00685	0.00218	0.00311	0.01526	0.00498	0.00436
182	0.00654	0.00479	0.00611	0.00714	0.00766	0.00441	0.00481	0.00752	0.01049	0.01373	0.03279	0.68111	0.14031	0.03616	0.00729	0.00220	0.00311	0.01452	0.00494	0.00436
183	0.01014	0.00954	0.01610	0.79845	0.03697	0.01193	0.01491	0.01371	0.01073	0.01371	0.00954	0.01431	0.00716	0.00537	0.00537	0.00179	0.00716	0.00477	0.00239	0.00596
184	0.02135	0.01351	0.01517	0.01163	0.01589	0.01439	0.00961	0.57077	0.02269	0.22662	0.01502	0.01428	0.01020	0.00650	0.00538	0.00162	0.00556	0.00498	0.00570	0.00913
185	0.01970	0.07633	0.01609	0.01346	0.01641	0.70673	0.01029	0.05280	0.01536	0.01399	0.00844	0.00975	0.00701	0.00551	0.00477	0.00138	0.00926	0.00348	0.00285	0.00639
186	0.01294	0.01226	0.02080	0.03121	0.72001	0.01226	0.01588	0.01607	0.01223	0.01743	0.01148	0.01685	0.01019	0.00554	0.00547	0.00166	0.00627	0.06039	0.00283	0.00823
187	0.00761	0.00570	0.00851	0.00857	0.00949	0.00659	0.00662	0.00948	0.00871	0.01252	0.01514	0.06076	0.01453	0.03908	0.75059	0.00830	0.01381	0.00623	0.00298	0.00477
188	0.01916	0.01416	0.01522	0.01198	0.01603	0.01571	0.00979	0.59331	0.16897	0.05691	0.01491	0.01445	0.01068	0.00661	0.00539	0.00165	0.00554	0.00509	0.00543	0.00901
189	0.00657	0.00475	0.00622	0.00732	0.00776	0.00440	0.00493	0.00760	0.01061	0.01409	0.06307	0.72971	0.08037	0.01637	0.00680	0.00214	0.00307	0.01479	0.00502	0.00440
190	0.00654	0.00467	0.00623	0.00747	0.00779	0.00436	0.00498	0.00747	0.01028	0.01370	0.02959	0.80785	0.03550	0.01682	0.00685	0.00218	0.00311	0.01526	0.00498	0.00436
