[name]
unknown

[dist]
# distance from previous block
# <min> <max>
6	48

[block]
# block no. 0 follows, 38 sequences, length 7
# corresponding to MSA columns:
# 61-67
name=unknown_A
#
# <colnr> <probs for GDERKNQSTAVLIFYWHMCP>
#	G	D	E	R	K	N	Q	S	T	A	V	L	I	F	Y	W	H	M	C	P
0	0.01418	0.01059	0.01436	0.13406	0.01827	0.01130	0.08169	0.19916	0.01588	0.02258	0.01520	0.02076	0.01276	0.12773	0.01037	0.04657	0.00603	0.00606	0.19873	0.03372
1	0.01310	0.01192	0.01900	0.42944	0.18585	0.01342	0.04224	0.06982	0.03930	0.01841	0.01214	0.01714	0.00976	0.05195	0.00743	0.00213	0.00742	0.00560	0.00322	0.04071
2	0.01286	0.00942	0.01079	0.00946	0.01121	0.01002	0.00689	0.19071	0.01460	0.02027	0.01839	0.13257	0.01900	0.31530	0.01671	0.00344	0.06412	0.00822	0.05757	0.06846
3	0.00823	0.00572	0.00687	0.00720	0.00761	0.00550	0.00454	0.00900	0.01097	0.01472	0.12848	0.25480	0.06883	0.41859	0.01951	0.00411	0.00459	0.01165	0.00472	0.00436
4	0.01799	0.01381	0.01394	0.05695	0.01636	0.07466	0.00949	0.35372	0.09410	0.02894	0.01631	0.01736	0.01221	0.00710	0.00546	0.00170	0.00576	0.00548	0.24030	0.00835
5	0.02103	0.01621	0.01635	0.01323	0.01740	0.09219	0.01068	0.43503	0.15142	0.09537	0.01661	0.01652	0.01209	0.00932	0.04636	0.00224	0.00709	0.00562	0.00572	0.00952
6	0.04257	0.18240	0.01879	0.01208	0.01595	0.06870	0.06912	0.13458	0.09867	0.10706	0.04232	0.08038	0.06122	0.03203	0.00653	0.00192	0.00611	0.00679	0.00480	0.00799

[dist]
# distance from previous block
# <min> <max>
0	37

[block]
# block no. 1 follows, 38 sequences, length 10
# corresponding to MSA columns:
# 105-114
name=unknown_B
#
# <colnr> <probs for GDERKNQSTAVLIFYWHMCP>
#	G	D	E	R	K	N	Q	S	T	A	V	L	I	F	Y	W	H	M	C	P
0	0.05042	0.06478	0.16576	0.03717	0.06443	0.07634	0.08188	0.02031	0.03325	0.16535	0.08017	0.03505	0.01482	0.00704	0.00632	0.00182	0.03402	0.00584	0.00428	0.05096
1	0.10110	0.01107	0.01444	0.23514	0.03922	0.04867	0.03920	0.06593	0.01400	0.12980	0.02833	0.13461	0.01516	0.00879	0.00654	0.02966	0.00617	0.00708	0.03347	0.03162
2	0.05496	0.03528	0.17311	0.01280	0.01640	0.03705	0.04308	0.01760	0.03988	0.12770	0.05957	0.13280	0.01778	0.04588	0.04153	0.00257	0.12291	0.00744	0.00429	0.00735
3	0.05739	0.11352	0.44337	0.01584	0.04777	0.01443	0.06180	0.01979	0.04101	0.06977	0.01236	0.01391	0.00905	0.00587	0.00545	0.00181	0.00766	0.00470	0.04596	0.00855
4	0.05483	0.03608	0.03492	0.01899	0.10833	0.03903	0.25008	0.06525	0.01341	0.01894	0.01336	0.06643	0.01232	0.10025	0.01084	0.00244	0.10275	0.00678	0.00346	0.04150
5	0.00793	0.00575	0.00751	0.00803	0.00897	0.00533	0.00575	0.00985	0.01410	0.01928	0.34049	0.39726	0.08450	0.01575	0.00743	0.00220	0.00328	0.04531	0.00603	0.00526
6	0.06948	0.06177	0.02135	0.35242	0.09748	0.03209	0.12614	0.06659	0.05003	0.01908	0.01149	0.01512	0.00887	0.00609	0.00641	0.00194	0.03743	0.00539	0.00323	0.00761
7	0.01518	0.01920	0.15931	0.05046	0.38523	0.11691	0.04167	0.01988	0.05840	0.01879	0.01158	0.01439	0.00933	0.00599	0.00661	0.00185	0.04823	0.00513	0.00308	0.00877
8	0.00738	0.00536	0.00697	0.00814	0.00869	0.00495	0.00551	0.00858	0.01203	0.01597	0.07939	0.68016	0.09836	0.01815	0.00760	0.00238	0.00341	0.01636	0.00565	0.00495
9	0.05056	0.01383	0.06674	0.27773	0.02780	0.04279	0.13524	0.02118	0.06617	0.19248	0.01479	0.01681	0.01048	0.00645	0.00649	0.00197	0.03053	0.00571	0.00416	0.00812

[dist]
# distance from previous block
# <min> <max>
0	1

[block]
# block no. 2 follows, 38 sequences, length 20
# corresponding to MSA columns:
# 116-135
name=unknown_C
#
# <colnr> <probs for GDERKNQSTAVLIFYWHMCP>
#	G	D	E	R	K	N	Q	S	T	A	V	L	I	F	Y	W	H	M	C	P
0	0.01369	0.03352	0.01284	0.01061	0.01324	0.10787	0.04295	0.10330	0.06280	0.05425	0.20521	0.03317	0.17581	0.07179	0.00877	0.00220	0.02751	0.00847	0.00524	0.00677
1	0.00792	0.00592	0.00786	0.00881	0.00910	0.00606	0.00602	0.00890	0.01109	0.01496	0.02988	0.65702	0.03565	0.08598	0.01067	0.00276	0.06589	0.01541	0.00518	0.00491
2	0.00759	0.00571	0.00740	0.04540	0.01016	0.00540	0.00589	0.00891	0.01209	0.01579	0.06873	0.56172	0.16282	0.04242	0.00822	0.00244	0.00368	0.01520	0.00543	0.00500
3	0.04420	0.01687	0.08337	0.05348	0.02788	0.05365	0.48398	0.02008	0.01411	0.09178	0.01270	0.01575	0.00933	0.00569	0.00715	0.00200	0.04006	0.00635	0.00344	0.00814
4	0.01533	0.01470	0.02806	0.09564	0.06374	0.03830	0.45642	0.04162	0.01453	0.09186	0.01387	0.03867	0.01073	0.00761	0.03883	0.00231	0.00927	0.00684	0.00361	0.00807
5	0.41130	0.05707	0.01474	0.08441	0.01762	0.19773	0.03691	0.04953	0.01305	0.02184	0.00921	0.01122	0.00734	0.00602	0.00529	0.00181	0.04062	0.00393	0.00344	0.00693
6	0.01250	0.01166	0.01845	0.50023	0.03295	0.03823	0.08467	0.03978	0.01259	0.01671	0.01130	0.01613	0.00881	0.00704	0.00786	0.03683	0.07178	0.00548	0.06030	0.00670
7	0.01193	0.00979	0.01035	0.00973	0.01173	0.02619	0.00712	0.03096	0.34625	0.01958	0.05035	0.06725	0.08651	0.24075	0.01364	0.00319	0.00499	0.03758	0.00524	0.00684
8	0.01263	0.11097	0.38169	0.05064	0.05154	0.01522	0.05388	0.01725	0.01217	0.01750	0.01298	0.01551	0.04683	0.00700	0.00810	0.00196	0.14387	0.00513	0.02722	0.00794
9	0.02062	0.01312	0.01481	0.04791	0.01735	0.04418	0.00995	0.14998	0.27265	0.28364	0.02072	0.01924	0.01448	0.00743	0.00599	0.00187	0.00560	0.00599	0.00619	0.03824
10	0.02617	0.01155	0.01477	0.01133	0.01601	0.01079	0.00936	0.16881	0.01942	0.61262	0.02189	0.01928	0.01396	0.00740	0.00604	0.00185	0.00542	0.00592	0.00716	0.01024
11	0.01137	0.01115	0.05298	0.16460	0.20151	0.01091	0.06473	0.01461	0.01305	0.01836	0.12125	0.13665	0.02100	0.01101	0.04871	0.00242	0.03977	0.00808	0.04079	0.00706
12	0.13600	0.11407	0.01925	0.16712	0.06720	0.06373	0.05245	0.18654	0.09603	0.02371	0.01248	0.01425	0.00955	0.00628	0.00544	0.00181	0.00688	0.00495	0.00404	0.00821
13	0.00851	0.00639	0.00893	0.00898	0.01001	0.00611	0.04350	0.00998	0.01220	0.03097	0.10843	0.43904	0.12006	0.09822	0.04049	0.00295	0.02119	0.01362	0.00524	0.00520
14	0.01219	0.00683	0.00861	0.00845	0.01027	0.00622	0.00621	0.01434	0.03823	0.18131	0.07955	0.38199	0.15358	0.01435	0.00696	0.00214	0.00375	0.01259	0.04608	0.00635
15	0.07588	0.01440	0.02230	0.07027	0.49577	0.04270	0.06637	0.04528	0.03941	0.03901	0.01201	0.01505	0.00969	0.00631	0.01860	0.00196	0.00736	0.00536	0.00336	0.00893
16	0.01910	0.01437	0.01538	0.01257	0.01656	0.03415	0.01014	0.38738	0.20536	0.06950	0.01821	0.02027	0.01412	0.04004	0.02657	0.00223	0.00624	0.03773	0.00575	0.04432
17	0.00744	0.00543	0.00703	0.00821	0.00882	0.00502	0.00565	0.00866	0.01202	0.01583	0.05753	0.65145	0.11921	0.01816	0.00762	0.00239	0.00351	0.04545	0.00561	0.00496
18	0.00753	0.00580	0.00677	0.00715	0.00840	0.00516	0.00506	0.00905	0.01332	0.01715	0.17476	0.29827	0.34670	0.05634	0.00853	0.00234	0.00330	0.01364	0.00567	0.00505
19	0.01055	0.00890	0.01246	0.07835	0.01520	0.00946	0.05904	0.05184	0.05872	0.01795	0.02598	0.35362	0.08746	0.01295	0.00826	0.00217	0.08891	0.01120	0.03033	0.05665

[dist]
# distance from previous block
# <min> <max>
1	14

[block]
# block no. 3 follows, 38 sequences, length 8
# corresponding to MSA columns:
# 150-157
name=unknown_D
#
# <colnr> <probs for GDERKNQSTAVLIFYWHMCP>
#	G	D	E	R	K	N	Q	S	T	A	V	L	I	F	Y	W	H	M	C	P
0	0.01450	0.37629	0.16949	0.01538	0.02065	0.01942	0.15323	0.01792	0.01224	0.01614	0.00950	0.01205	0.00800	0.00606	0.00727	0.00175	0.12505	0.00452	0.00267	0.00785
1	0.00729	0.00538	0.00683	0.00800	0.00863	0.00492	0.00542	0.00842	0.01188	0.01550	0.03775	0.66447	0.15701	0.01825	0.00758	0.00238	0.00342	0.01637	0.00558	0.00492
2	0.00917	0.00705	0.00967	0.00940	0.01012	0.00823	0.00704	0.01068	0.00973	0.01393	0.01833	0.05877	0.04587	0.20617	0.41897	0.00705	0.10739	0.00748	0.02985	0.00511
3	0.01661	0.04702	0.01741	0.07816	0.01902	0.01511	0.05337	0.16521	0.20234	0.08938	0.01738	0.01817	0.03642	0.00774	0.00808	0.00195	0.12632	0.00591	0.00484	0.06959
4	0.01601	0.01045	0.01516	0.01262	0.01534	0.01083	0.09910	0.11266	0.01523	0.19661	0.02153	0.25078	0.02022	0.01097	0.00838	0.00213	0.10830	0.00933	0.05681	0.00756
5	0.00834	0.00578	0.00715	0.00745	0.00782	0.00573	0.00477	0.00917	0.01059	0.01439	0.11338	0.23136	0.03022	0.42240	0.09102	0.00483	0.00582	0.01096	0.00448	0.00438
6	0.02013	0.01294	0.01565	0.01250	0.01640	0.01352	0.04091	0.37954	0.02147	0.18626	0.04287	0.02413	0.01611	0.07218	0.02910	0.00246	0.00642	0.07264	0.00590	0.00888
7	0.04226	0.04592	0.08453	0.01432	0.10648	0.01088	0.03422	0.08248	0.05038	0.08764	0.06099	0.20029	0.02133	0.04386	0.00735	0.00212	0.00555	0.03418	0.00477	0.06046

[dist]
# distance from previous block
# <min> <max>
0	24

[block]
# block no. 4 follows, 38 sequences, length 11
# corresponding to MSA columns:
# 182-192
name=unknown_E
#
# <colnr> <probs for GDERKNQSTAVLIFYWHMCP>
#	G	D	E	R	K	N	Q	S	T	A	V	L	I	F	Y	W	H	M	C	P
0	0.03103	0.01164	0.01359	0.07109	0.04155	0.04277	0.00917	0.08720	0.03448	0.02004	0.01379	0.01757	0.03005	0.07045	0.00914	0.00190	0.11129	0.00513	0.07709	0.30104
1	0.01362	0.17932	0.01700	0.01160	0.03562	0.01371	0.03698	0.13908	0.09703	0.02158	0.10955	0.10138	0.11215	0.01084	0.02345	0.00207	0.02218	0.04055	0.00490	0.00739
2	0.01322	0.00688	0.00851	0.00787	0.00911	0.00647	0.00524	0.01396	0.01130	0.20228	0.02214	0.13778	0.02257	0.48225	0.02116	0.00435	0.00533	0.00922	0.00489	0.00550
3	0.02083	0.01338	0.01495	0.01193	0.01596	0.01426	0.00968	0.42917	0.07010	0.16877	0.01874	0.07378	0.01433	0.00816	0.00597	0.00184	0.00561	0.00651	0.08668	0.00933
4	0.01821	0.24644	0.02261	0.01486	0.05989	0.16315	0.06415	0.21558	0.01756	0.02150	0.01148	0.01344	0.00939	0.01007	0.08395	0.00243	0.00866	0.00470	0.00375	0.00816
5	0.01277	0.00800	0.00994	0.00986	0.01187	0.00795	0.00756	0.01754	0.15794	0.15134	0.03141	0.32747	0.07838	0.01405	0.00714	0.00228	0.00434	0.12723	0.00602	0.00689
6	0.00740	0.00537	0.00698	0.00813	0.00870	0.00496	0.00551	0.00861	0.01209	0.01605	0.08624	0.67295	0.09864	0.01809	0.00759	0.00237	0.00341	0.01630	0.00566	0.00496
7	0.00797	0.00561	0.00715	0.00773	0.00827	0.00532	0.00514	0.00923	0.01226	0.01671	0.21247	0.41640	0.03982	0.20219	0.01304	0.00312	0.00389	0.01350	0.00538	0.00479
8	0.01893	0.01292	0.01467	0.01179	0.01567	0.01354	0.00958	0.40389	0.04423	0.11092	0.09942	0.04672	0.01849	0.00912	0.00693	0.03567	0.00559	0.04688	0.00588	0.06915
9	0.01475	0.00741	0.00972	0.00863	0.01095	0.00664	0.00656	0.01683	0.01541	0.27808	0.28437	0.15461	0.07852	0.06916	0.00856	0.00227	0.00398	0.01013	0.00646	0.00697
10	0.01141	0.00700	0.00799	0.00766	0.00919	0.00734	0.00576	0.09305	0.01365	0.02133	0.04151	0.10962	0.01912	0.06005	0.13856	0.00327	0.00580	0.00737	0.42441	0.00589

[dist]
# distance from previous block
# <min> <max>
0	1

[block]
# block no. 5 follows, 38 sequences, length 17
# corresponding to MSA columns:
# 194-210
name=unknown_F
#
# <colnr> <probs for GDERKNQSTAVLIFYWHMCP>
#	G	D	E	R	K	N	Q	S	T	A	V	L	I	F	Y	W	H	M	C	P
0	0.01989	0.01136	0.01305	0.01082	0.01433	0.03640	0.00860	0.20984	0.04576	0.29991	0.04403	0.14821	0.04224	0.00963	0.00625	0.00192	0.00516	0.00800	0.05599	0.00863
1	0.03834	0.12927	0.28044	0.11046	0.04704	0.08052	0.07491	0.06225	0.01388	0.01883	0.03254	0.01391	0.00950	0.00625	0.00649	0.00185	0.05762	0.00486	0.00304	0.00801
2	0.01694	0.01162	0.01331	0.01120	0.01449	0.01198	0.00877	0.34884	0.01999	0.09785	0.02155	0.28391	0.02089	0.01107	0.00647	0.00195	0.00519	0.00940	0.00579	0.07878
3	0.03804	0.01669	0.02091	0.12654	0.45030	0.18203	0.01592	0.01914	0.01410	0.01828	0.01097	0.01424	0.00904	0.00569	0.00573	0.00175	0.00788	0.00498	0.02940	0.00838
4	0.00920	0.00709	0.01001	0.01049	0.01175	0.00703	0.04710	0.01239	0.07531	0.01719	0.03038	0.41515	0.03398	0.03983	0.00842	0.00260	0.00472	0.24630	0.00542	0.00564
5	0.05254	0.00842	0.00971	0.00843	0.01148	0.00736	0.00641	0.01421	0.05651	0.05752	0.08858	0.19989	0.12184	0.01042	0.00592	0.00167	0.00391	0.00892	0.03033	0.29594
6	0.01802	0.31271	0.02234	0.05644	0.04551	0.23617	0.01118	0.10568	0.05687	0.01830	0.01206	0.01329	0.02944	0.00619	0.00501	0.00154	0.00760	0.00435	0.00348	0.03382
7	0.11448	0.10156	0.47381	0.01667	0.02409	0.01509	0.13549	0.01881	0.01259	0.01959	0.01048	0.01262	0.00774	0.00554	0.00551	0.00186	0.00833	0.00461	0.00277	0.00835
8	0.11768	0.01024	0.01298	0.01021	0.01448	0.00940	0.00838	0.04751	0.01673	0.58682	0.08425	0.02118	0.01741	0.00764	0.00587	0.00186	0.00491	0.00613	0.00690	0.00942
9	0.01223	0.00966	0.04728	0.01140	0.04299	0.00895	0.00884	0.07117	0.11367	0.08180	0.06405	0.26105	0.07896	0.01421	0.03056	0.00246	0.00511	0.12309	0.00556	0.00694
10	0.01388	0.25368	0.27000	0.15811	0.02471	0.01749	0.04341	0.05490	0.01301	0.01749	0.01004	0.01268	0.00794	0.00606	0.00647	0.00180	0.07311	0.00447	0.00278	0.00797
11	0.00747	0.00543	0.00705	0.00807	0.00871	0.00501	0.00551	0.00880	0.01246	0.01663	0.13307	0.62095	0.10334	0.01764	0.00755	0.00233	0.00336	0.01587	0.00573	0.00501
12	0.00838	0.00603	0.00814	0.00839	0.00920	0.00639	0.00604	0.00994	0.01059	0.01480	0.06446	0.18009	0.06078	0.17388	0.36970	0.00640	0.00981	0.00953	0.03247	0.00496
13	0.04231	0.03555	0.03882	0.02891	0.01606	0.01359	0.05248	0.24080	0.06415	0.08119	0.01658	0.02381	0.01456	0.18301	0.01278	0.00286	0.07299	0.04710	0.00475	0.00768
14	0.01345	0.02831	0.01184	0.01051	0.01231	0.01015	0.00809	0.14871	0.01500	0.09573	0.02461	0.32383	0.04557	0.07864	0.01046	0.00255	0.09488	0.05343	0.00527	0.00666
15	0.00950	0.00658	0.00842	0.00897	0.01042	0.00624	0.00700	0.01207	0.04164	0.05657	0.13215	0.27176	0.16045	0.01566	0.00755	0.00235	0.00409	0.22706	0.00583	0.00568
16	0.01630	0.01190	0.01883	0.28291	0.27467	0.01259	0.01480	0.05541	0.01478	0.17505	0.05241	0.01802	0.01265	0.00648	0.00606	0.00188	0.00677	0.00579	0.00416	0.00853

[dist]
# distance from previous block
# <min> <max>
1	11

[block]
# block no. 6 follows, 38 sequences, length 35
# corresponding to MSA columns:
# 222-256
name=unknown_G
#
# <colnr> <probs for GDERKNQSTAVLIFYWHMCP>
#	G	D	E	R	K	N	Q	S	T	A	V	L	I	F	Y	W	H	M	C	P
0	0.01505	0.42988	0.11108	0.16613	0.02220	0.05813	0.01315	0.03912	0.03817	0.01609	0.00989	0.01206	0.00822	0.00579	0.00528	0.00160	0.03351	0.00408	0.00284	0.00771
1	0.40722	0.02961	0.07336	0.05189	0.07633	0.01305	0.01011	0.03303	0.01219	0.08414	0.06034	0.01497	0.01159	0.00837	0.04076	0.00226	0.05486	0.00470	0.00395	0.00728
2	0.05279	0.01020	0.01366	0.01461	0.14495	0.01011	0.04211	0.03218	0.10134	0.01975	0.08522	0.06682	0.13666	0.08209	0.00887	0.00222	0.02926	0.02293	0.00452	0.11972
3	0.00912	0.00661	0.00825	0.06240	0.01062	0.00692	0.00583	0.01125	0.06320	0.01487	0.05942	0.20345	0.02581	0.38715	0.07025	0.00444	0.00584	0.01011	0.02961	0.00485
4	0.01199	0.01020	0.01210	0.00905	0.01355	0.00820	0.00713	0.01441	0.01226	0.01897	0.03852	0.04330	0.01238	0.04493	0.00671	0.00131	0.04108	0.00467	0.00371	0.68554
5	0.02163	0.01576	0.01664	0.01288	0.01744	0.04043	0.01056	0.57849	0.02530	0.07198	0.01484	0.01502	0.01064	0.00700	0.00578	0.00171	0.00629	0.00529	0.05807	0.06427
6	0.00958	0.00713	0.00867	0.00895	0.01035	0.00704	0.00663	0.08138	0.04802	0.01962	0.13421	0.40785	0.12806	0.01562	0.00735	0.00226	0.00391	0.08174	0.00579	0.00582
7	0.07771	0.15676	0.01754	0.06843	0.01717	0.01502	0.00981	0.23230	0.04285	0.14837	0.07912	0.01800	0.01480	0.03150	0.00625	0.00184	0.00577	0.00550	0.00507	0.04617
8	0.02096	0.01401	0.01554	0.01227	0.01642	0.01499	0.00994	0.47930	0.06092	0.14818	0.03299	0.04417	0.04779	0.04518	0.00732	0.00205	0.00591	0.00656	0.00612	0.00939
9	0.00866	0.00559	0.00655	0.00705	0.00767	0.00538	0.00464	0.00988	0.01129	0.01624	0.06032	0.31671	0.06850	0.25011	0.01384	0.00320	0.00400	0.01151	0.18416	0.00471
10	0.02068	0.06371	0.01775	0.05049	0.04215	0.56501	0.01179	0.05274	0.08805	0.01685	0.01108	0.01244	0.00896	0.00635	0.00548	0.00162	0.00961	0.00431	0.00347	0.00746
11	0.00988	0.00769	0.01168	0.10497	0.05185	0.00755	0.05345	0.01203	0.01286	0.04301	0.15078	0.35433	0.03173	0.07093	0.00875	0.00239	0.00482	0.01169	0.00494	0.04467
12	0.00775	0.00552	0.00689	0.00780	0.00826	0.00521	0.00515	0.00864	0.01111	0.01461	0.03215	0.50488	0.10139	0.21146	0.01340	0.00327	0.00411	0.03871	0.00510	0.00462
13	0.00751	0.00536	0.00688	0.00801	0.00840	0.00503	0.00526	0.00844	0.01124	0.01489	0.03259	0.64495	0.07290	0.12526	0.01083	0.00289	0.00379	0.01572	0.00532	0.00472
14	0.01403	0.13779	0.46477	0.05220	0.06207	0.06787	0.05239	0.04807	0.01366	0.01868	0.01058	0.01264	0.00794	0.00569	0.00553	0.00179	0.00851	0.00448	0.00278	0.00854
15	0.01759	0.01242	0.01396	0.01169	0.01486	0.01392	0.00938	0.26535	0.19812	0.09526	0.01898	0.05794	0.01484	0.00836	0.00718	0.00192	0.08105	0.00644	0.14209	0.00865
16	0.00782	0.00560	0.00734	0.00851	0.00902	0.00531	0.00576	0.02927	0.01219	0.01630	0.05699	0.73728	0.03952	0.01829	0.00761	0.00241	0.00356	0.01655	0.00563	0.00507
17	0.04742	0.00821	0.00863	0.00838	0.00998	0.06896	0.00631	0.01221	0.01569	0.02156	0.48130	0.12020	0.10728	0.01264	0.00693	0.00198	0.00381	0.04687	0.00594	0.00568
18	0.02074	0.10394	0.01958	0.04332	0.09074	0.06522	0.01190	0.41762	0.06264	0.08411	0.01424	0.01467	0.01044	0.00676	0.00574	0.00175	0.00676	0.00519	0.00513	0.00950
19	0.04140	0.03596	0.04323	0.03326	0.01485	0.01181	0.00918	0.22270	0.09021	0.08661	0.05981	0.23409	0.02257	0.01087	0.00639	0.00202	0.00513	0.02664	0.03549	0.00778
20	0.22296	0.01407	0.01900	0.21972	0.25657	0.07905	0.07002	0.01800	0.01271	0.01995	0.01029	0.01364	0.00818	0.00564	0.00544	0.00186	0.00729	0.00483	0.00310	0.00768
21	0.01307	0.01457	0.06339	0.24712	0.12321	0.02637	0.29830	0.01725	0.01299	0.01756	0.01207	0.04353	0.00988	0.00692	0.01964	0.00215	0.05496	0.00641	0.00297	0.00764
22	0.00915	0.00685	0.00906	0.00878	0.00921	0.00783	0.00620	0.01015	0.00917	0.01289	0.01665	0.03028	0.01765	0.40752	0.32536	0.00704	0.09074	0.00746	0.00337	0.00465
23	0.04463	0.15021	0.14002	0.09204	0.14590	0.01557	0.03467	0.11041	0.03649	0.09793	0.04258	0.01553	0.01143	0.00643	0.00601	0.00180	0.03068	0.00516	0.00392	0.00860
24	0.01432	0.19681	0.09461	0.04778	0.26780	0.04166	0.01365	0.01758	0.01407	0.05262	0.14182	0.02043	0.01811	0.00705	0.00570	0.00173	0.00642	0.02601	0.00376	0.00808
25	0.01747	0.01031	0.01224	0.01049	0.01381	0.01059	0.00828	0.02602	0.31748	0.26877	0.17888	0.02660	0.02531	0.00877	0.00624	0.00193	0.00440	0.00738	0.03625	0.00880
26	0.02455	0.00643	0.00910	0.08883	0.01293	0.00635	0.03135	0.00981	0.01208	0.01617	0.06145	0.56084	0.10516	0.01615	0.00733	0.00231	0.00414	0.01457	0.00520	0.00527
27	0.04980	0.19522	0.15359	0.04809	0.05327	0.15104	0.02381	0.12041	0.05035	0.05111	0.04071	0.01417	0.01087	0.00632	0.00534	0.00169	0.00751	0.00471	0.00375	0.00826
28	0.00992	0.00616	0.00798	0.00806	0.00925	0.00567	0.00571	0.01160	0.01374	0.09533	0.26769	0.35041	0.07240	0.09585	0.00969	0.00254	0.00367	0.01282	0.00592	0.00559
29	0.00875	0.00583	0.00656	0.00656	0.00656	0.00583	0.00365	0.00875	0.00875	0.01166	0.01895	0.03937	0.02187	0.78858	0.03062	0.00583	0.00583	0.00875	0.00365	0.00365
30	0.08771	0.14964	0.06574	0.01285	0.03972	0.08075	0.01081	0.22302	0.06609	0.07263	0.01593	0.09167	0.01382	0.00808	0.00564	0.00183	0.00638	0.03467	0.00469	0.00832
31	0.01380	0.20727	0.32076	0.03735	0.02180	0.08939	0.09185	0.01807	0.01313	0.01710	0.02757	0.06131	0.02795	0.00681	0.00583	0.00179	0.02186	0.00552	0.00300	0.00783
32	0.00862	0.00608	0.00729	0.00741	0.00892	0.00538	0.00539	0.01039	0.01412	0.05789	0.23085	0.26961	0.31578	0.01512	0.00722	0.00211	0.00324	0.01318	0.00596	0.00546
33	0.01038	0.00820	0.03923	0.00872	0.01057	0.02264	0.00687	0.04529	0.01563	0.06095	0.39659	0.17449	0.08105	0.05624	0.00836	0.00224	0.00395	0.03665	0.00595	0.00600
34	0.05822	0.12856	0.23678	0.01466	0.05901	0.09657	0.01392	0.08349	0.03783	0.14156	0.01332	0.01416	0.00976	0.00635	0.00581	0.00176	0.03104	0.00469	0.03391	0.00860

[dist]
# distance from previous block
# <min> <max>
0	2

[block]
# block no. 7 follows, 38 sequences, length 30
# corresponding to MSA columns:
# 259-277,281-291
name=unknown_H
#
# <colnr> <probs for GDERKNQSTAVLIFYWHMCP>
#	G	D	E	R	K	N	Q	S	T	A	V	L	I	F	Y	W	H	M	C	P
0	0.01951	0.01299	0.01542	0.01236	0.01595	0.01398	0.02875	0.40612	0.02129	0.12932	0.04210	0.04088	0.01418	0.01026	0.02319	0.08825	0.03905	0.02496	0.03291	0.00853
1	0.63002	0.13738	0.01311	0.03235	0.01345	0.03917	0.00762	0.01781	0.01088	0.02401	0.00853	0.01004	0.00685	0.00552	0.00389	0.00174	0.00524	0.00334	0.00348	0.02557
2	0.03117	0.00716	0.00821	0.00763	0.00960	0.00672	0.00563	0.01352	0.05584	0.11837	0.12465	0.05790	0.31073	0.16285	0.05088	0.00312	0.00467	0.01000	0.00546	0.00589
3	0.01211	0.01149	0.01868	0.62208	0.03719	0.03492	0.06789	0.03793	0.01264	0.01616	0.01110	0.01623	0.00852	0.00802	0.03887	0.02260	0.00849	0.00548	0.00284	0.00675
4	0.01142	0.00948	0.01123	0.00875	0.01285	0.00764	0.00683	0.01468	0.04732	0.02050	0.16508	0.07313	0.02137	0.00724	0.00530	0.00126	0.00407	0.00616	0.00445	0.56122
5	0.01718	0.64046	0.02870	0.01104	0.01599	0.06606	0.01048	0.09769	0.03436	0.01712	0.00954	0.01060	0.00829	0.00552	0.00425	0.00138	0.00666	0.00360	0.00308	0.00800
6	0.03560	0.01270	0.03822	0.14456	0.20282	0.01336	0.02791	0.04545	0.26418	0.02193	0.08747	0.02187	0.04281	0.00751	0.00613	0.00194	0.00594	0.00659	0.00456	0.00842
7	0.00979	0.00646	0.00748	0.00722	0.00774	0.00654	0.00447	0.02796	0.02591	0.03830	0.03949	0.03737	0.04159	0.63533	0.07558	0.00556	0.00632	0.00855	0.00399	0.00436
8	0.01742	0.01161	0.01349	0.01193	0.01533	0.01244	0.00975	0.14587	0.30049	0.17019	0.02440	0.03164	0.02021	0.00990	0.00662	0.00214	0.00534	0.17616	0.00623	0.00882
9	0.00886	0.00623	0.00918	0.00918	0.01002	0.00707	0.00691	0.01019	0.00935	0.01331	0.01555	0.02411	0.01494	0.09903	0.60652	0.12124	0.01383	0.00646	0.00317	0.00486
10	0.38662	0.01749	0.01285	0.01121	0.01491	0.27533	0.00884	0.04159	0.01433	0.14936	0.01153	0.01213	0.00850	0.00617	0.00478	0.00175	0.00695	0.00402	0.00421	0.00742
11	0.01489	0.01429	0.02442	0.03692	0.75106	0.01429	0.01846	0.01846	0.01370	0.01965	0.01132	0.01489	0.00953	0.00536	0.00596	0.00179	0.00715	0.00536	0.00298	0.00953
12	0.04664	0.01006	0.01338	0.01050	0.01477	0.00899	0.00859	0.04967	0.01699	0.63918	0.05283	0.04501	0.01702	0.00897	0.02675	0.00209	0.00531	0.00651	0.00709	0.00965
13	0.00777	0.00612	0.00702	0.00679	0.00853	0.00536	0.00509	0.00992	0.01528	0.01998	0.38616	0.05176	0.42107	0.01384	0.00710	0.00197	0.00295	0.01184	0.00608	0.00536
14	0.01295	0.01613	0.10902	0.05288	0.02817	0.01369	0.52166	0.01768	0.01347	0.01846	0.01403	0.08434	0.01195	0.00849	0.04650	0.00245	0.00964	0.00759	0.00321	0.00771
15	0.02552	0.01259	0.01542	0.01182	0.01653	0.01233	0.00976	0.27903	0.02116	0.49995	0.02043	0.01833	0.01323	0.00737	0.00604	0.00184	0.00565	0.00582	0.00694	0.01024
16	0.02355	0.01098	0.03870	0.01206	0.05801	0.00950	0.00946	0.04826	0.04227	0.56161	0.02188	0.01998	0.01437	0.00724	0.00584	0.00181	0.00515	0.00592	0.09378	0.00963
17	0.00900	0.00627	0.00813	0.00759	0.00914	0.00574	0.00572	0.01177	0.01688	0.04565	0.69466	0.04480	0.08728	0.01229	0.00706	0.00190	0.00292	0.01082	0.00660	0.00579
18	0.01495	0.01279	0.02123	0.03069	0.57959	0.01266	0.01612	0.01831	0.01418	0.07681	0.05817	0.02214	0.01515	0.00700	0.00625	0.00189	0.00658	0.07271	0.00378	0.00898
19	0.01230	0.00769	0.00959	0.00949	0.01124	0.00746	0.00709	0.10891	0.01490	0.12020	0.03120	0.46570	0.08202	0.01528	0.00724	0.00228	0.00427	0.07084	0.00589	0.00641
20	0.60819	0.01250	0.01278	0.04764	0.08476	0.01409	0.04228	0.07872	0.01238	0.02633	0.00946	0.01125	0.00731	0.00570	0.00440	0.00186	0.00547	0.00392	0.00377	0.00720
21	0.01701	0.66191	0.02929	0.01195	0.04947	0.08211	0.01071	0.01900	0.01289	0.04606	0.00923	0.01045	0.00811	0.00534	0.00418	0.00136	0.00676	0.00349	0.00284	0.00785
22	0.00782	0.00565	0.00745	0.00856	0.00918	0.00537	0.00597	0.00959	0.03068	0.01678	0.11439	0.63248	0.04083	0.01768	0.00762	0.00239	0.00359	0.06312	0.00571	0.00514
23	0.23352	0.18651	0.08809	0.07489	0.09984	0.14423	0.01198	0.03622	0.01302	0.01942	0.00969	0.01188	0.00794	0.00705	0.03162	0.00196	0.00750	0.00403	0.00313	0.00748
24	0.09007	0.01515	0.12133	0.20536	0.37913	0.01361	0.01703	0.01746	0.01285	0.01917	0.01178	0.01685	0.00980	0.00611	0.00584	0.00191	0.00728	0.03795	0.00303	0.00830
25	0.31564	0.01055	0.01178	0.00949	0.01367	0.01038	0.00781	0.02450	0.01452	0.46314	0.01804	0.01670	0.01190	0.00676	0.00514	0.00184	0.00486	0.00503	0.03954	0.00871
26	0.03056	0.00598	0.00741	0.00805	0.00894	0.00573	0.00570	0.01043	0.01214	0.03930	0.08995	0.39273	0.07315	0.13469	0.01079	0.00282	0.00402	0.08778	0.06472	0.00510
27	0.08347	0.07927	0.41192	0.03921	0.06195	0.01473	0.11163	0.01910	0.01277	0.05935	0.01119	0.01335	0.00825	0.00588	0.00628	0.00190	0.04349	0.00480	0.00301	0.00844
28	0.00771	0.00552	0.00731	0.00860	0.00912	0.00522	0.00603	0.00896	0.01177	0.01557	0.03306	0.63205	0.05722	0.05438	0.00882	0.00264	0.00387	0.11175	0.00549	0.00492
29	0.00860	0.00624	0.00844	0.00985	0.04097	0.00603	0.00682	0.01022	0.01242	0.01669	0.11989	0.36661	0.03652	0.14045	0.01136	0.00297	0.00443	0.18105	0.00528	0.00514

[dist]
# distance from previous block
# <min> <max>
4	10

[block]
# block no. 8 follows, 38 sequences, length 112
# corresponding to MSA columns:
# 302-338,374-434,455-468
name=unknown_I
#
# <colnr> <probs for GDERKNQSTAVLIFYWHMCP>
#	G	D	E	R	K	N	Q	S	T	A	V	L	I	F	Y	W	H	M	C	P
0	0.00890	0.00703	0.00864	0.04426	0.01131	0.00638	0.00639	0.01135	0.03441	0.01872	0.21924	0.16408	0.23725	0.01320	0.00730	0.02595	0.00374	0.04896	0.00536	0.11752
1	0.11303	0.01394	0.01573	0.16859	0.06909	0.08128	0.01153	0.20578	0.01675	0.04549	0.01321	0.05170	0.01096	0.00788	0.02121	0.00197	0.03331	0.01910	0.00418	0.09526
2	0.01136	0.00948	0.01121	0.00880	0.01297	0.00751	0.00691	0.01418	0.03047	0.01951	0.07988	0.09904	0.04457	0.00757	0.00530	0.00128	0.00421	0.03317	0.00425	0.58834
3	0.05971	0.22938	0.01955	0.01260	0.01627	0.30960	0.01028	0.09485	0.08608	0.01846	0.01171	0.01365	0.00985	0.03574	0.04613	0.00215	0.00842	0.00442	0.00361	0.00754
4	0.06124	0.01046	0.04542	0.01074	0.04108	0.03412	0.00839	0.03966	0.05822	0.21764	0.31913	0.02970	0.03119	0.03523	0.02923	0.00223	0.00496	0.00783	0.00599	0.00756
5	0.00874	0.00585	0.00667	0.00667	0.00671	0.00589	0.00378	0.00882	0.00878	0.01175	0.01885	0.03881	0.02163	0.76245	0.05643	0.00597	0.00619	0.00867	0.00363	0.00371
6	0.01302	0.00956	0.01088	0.00952	0.01219	0.00985	0.00743	0.13756	0.16732	0.06412	0.32765	0.03592	0.14873	0.01080	0.00666	0.00193	0.00403	0.00915	0.00630	0.00738
7	0.00860	0.00640	0.00945	0.00945	0.01044	0.00740	0.00724	0.01060	0.00960	0.01380	0.01632	0.02475	0.01553	0.09809	0.71244	0.00939	0.01538	0.00661	0.00325	0.00525
8	0.02247	0.02867	0.01705	0.01550	0.01860	0.76443	0.01162	0.02402	0.01705	0.01472	0.00930	0.01085	0.00775	0.00620	0.00542	0.00155	0.01085	0.00387	0.00310	0.00697
9	0.00848	0.00602	0.00783	0.00759	0.00888	0.00558	0.00561	0.01110	0.01622	0.02303	0.63727	0.13078	0.05325	0.01287	0.00706	0.00194	0.00291	0.01141	0.03658	0.00558
10	0.00793	0.00575	0.00752	0.00811	0.00904	0.00534	0.00583	0.00981	0.01392	0.01897	0.31091	0.41089	0.08572	0.01597	0.00746	0.00223	0.00335	0.06002	0.00598	0.00525
11	0.00737	0.00601	0.00656	0.00693	0.00860	0.00520	0.00518	0.00891	0.01333	0.01624	0.05348	0.18989	0.56067	0.01600	0.00731	0.00217	0.00334	0.07216	0.00558	0.00508
12	0.34834	0.09604	0.01521	0.01065	0.01503	0.01578	0.00898	0.27207	0.01780	0.12908	0.01262	0.01288	0.00910	0.00637	0.00487	0.00178	0.00560	0.00440	0.00492	0.00847
13	0.77745	0.01137	0.00887	0.00791	0.01157	0.01307	0.00650	0.01789	0.01053	0.04799	0.00924	0.01055	0.00709	0.00569	0.00381	0.00184	0.00460	0.00343	0.03402	0.00659
14	0.00881	0.00599	0.00778	0.00872	0.00941	0.00574	0.00608	0.03371	0.01223	0.03971	0.03087	0.60544	0.03597	0.08513	0.00963	0.00273	0.00403	0.07734	0.00549	0.00519
15	0.01100	0.00550	0.00623	0.00623	0.00724	0.00550	0.00449	0.01229	0.01128	0.01908	0.01706	0.02127	0.01403	0.01089	0.00960	0.23149	0.00348	0.00550	0.59306	0.00477
16	0.01430	0.01369	0.02335	0.16046	0.63214	0.01414	0.01817	0.01794	0.01342	0.01894	0.01121	0.01508	0.00928	0.00547	0.00597	0.00182	0.00729	0.00536	0.00293	0.00905
17	0.03078	0.02258	0.43541	0.01575	0.05609	0.02840	0.03536	0.05330	0.01477	0.11910	0.11413	0.01836	0.01559	0.00690	0.00597	0.00188	0.00735	0.00567	0.00399	0.00861
18	0.16180	0.01276	0.01879	0.33048	0.30785	0.03505	0.01539	0.01722	0.01249	0.01911	0.01047	0.01431	0.00832	0.00569	0.00556	0.00188	0.00715	0.00493	0.00299	0.00775
19	0.01233	0.01169	0.01971	0.56905	0.20126	0.01366	0.03140	0.01665	0.03422	0.01671	0.01128	0.01597	0.00869	0.00591	0.00603	0.00196	0.00777	0.00543	0.00285	0.00744
20	0.16005	0.03111	0.00913	0.00845	0.01063	0.00815	0.00681	0.01344	0.03873	0.04420	0.19331	0.09020	0.19033	0.01254	0.00661	0.00212	0.00408	0.15869	0.00545	0.00596
21	0.07216	0.10375	0.11395	0.13196	0.18931	0.04460	0.01376	0.05594	0.01389	0.01964	0.06454	0.02068	0.01436	0.03330	0.00654	0.00198	0.00677	0.05722	0.02800	0.00765
22	0.04536	0.61275	0.17437	0.01156	0.01740	0.02148	0.01252	0.01821	0.01224	0.01560	0.00885	0.01026	0.00766	0.00528	0.00422	0.00143	0.00685	0.00346	0.00261	0.00791
23	0.02699	0.01024	0.01396	0.01070	0.01536	0.00884	0.00884	0.02932	0.01722	0.75522	0.02373	0.02048	0.01489	0.00745	0.00605	0.00186	0.00512	0.00605	0.00745	0.01024
24	0.03531	0.01514	0.18486	0.24210	0.06555	0.01205	0.10164	0.01580	0.01319	0.01861	0.11979	0.06204	0.01810	0.00800	0.00673	0.00203	0.02801	0.04026	0.00360	0.00721
25	0.01482	0.01575	0.06137	0.08225	0.56981	0.04998	0.08095	0.01862	0.01374	0.01907	0.01123	0.01478	0.00921	0.00544	0.00602	0.00182	0.00773	0.00540	0.00295	0.00906
26	0.00770	0.00554	0.00734	0.00842	0.00907	0.00518	0.00592	0.00917	0.01259	0.01689	0.13819	0.59138	0.06446	0.01758	0.00763	0.00238	0.00356	0.07618	0.00573	0.00506
27	0.00875	0.00583	0.00656	0.00656	0.00656	0.00583	0.00365	0.00875	0.00875	0.01166	0.01895	0.03937	0.02187	0.78858	0.03062	0.00583	0.00583	0.00875	0.00365	0.00365
28	0.01560	0.71895	0.07879	0.01067	0.01595	0.02262	0.01095	0.01789	0.01240	0.01477	0.03013	0.01088	0.00915	0.00539	0.00408	0.00135	0.00649	0.00352	0.00269	0.00774
29	0.01219	0.05612	0.69162	0.01724	0.04638	0.01410	0.02128	0.01880	0.01283	0.01903	0.02988	0.01350	0.00896	0.00586	0.00569	0.00188	0.00860	0.00460	0.00266	0.00879
30	0.00954	0.00682	0.00952	0.01091	0.01223	0.00679	0.00943	0.01220	0.01370	0.01783	0.03193	0.11343	0.03495	0.01676	0.00827	0.00275	0.00541	0.66648	0.00554	0.00550
31	0.03342	0.00827	0.03662	0.04521	0.01223	0.00748	0.00732	0.05235	0.03263	0.03842	0.11968	0.29366	0.11629	0.03577	0.00742	0.00217	0.00424	0.04450	0.04795	0.05438
32	0.01451	0.05903	0.31535	0.09782	0.09963	0.05402	0.09242	0.04030	0.03708	0.06412	0.03352	0.01520	0.01034	0.00623	0.00639	0.00189	0.03515	0.00524	0.00332	0.00845
33	0.03483	0.01094	0.01808	0.66700	0.10438	0.01326	0.01629	0.01556	0.01217	0.01611	0.01188	0.01675	0.02576	0.00616	0.00597	0.00198	0.00773	0.00546	0.00280	0.00690
34	0.11960	0.03609	0.01803	0.22866	0.19495	0.18243	0.01366	0.02004	0.03442	0.08022	0.01166	0.01420	0.00899	0.00601	0.00553	0.00180	0.00765	0.00480	0.00347	0.00780
35	0.00829	0.00617	0.00777	0.00787	0.00920	0.00575	0.00584	0.01092	0.03560	0.02061	0.41874	0.21473	0.15486	0.01437	0.00728	0.00210	0.00324	0.05500	0.00615	0.00551
36	0.01432	0.00839	0.01078	0.03509	0.01287	0.00809	0.00759	0.06041	0.06392	0.19819	0.25697	0.16719	0.03340	0.02656	0.00721	0.00208	0.00427	0.04305	0.00622	0.03339
37	0.08301	0.01073	0.01270	0.06408	0.01609	0.00894	0.00792	0.01666	0.01268	0.08635	0.01167	0.01322	0.00918	0.00493	0.00465	0.00114	0.00479	0.00389	0.00386	0.62349
38	0.03611	0.04018	0.01644	0.01434	0.04068	0.31440	0.01086	0.18720	0.20755	0.02340	0.01480	0.01516	0.01137	0.00691	0.00564	0.00174	0.00767	0.00507	0.03205	0.00843
39	0.01108	0.00947	0.01323	0.14927	0.05119	0.01077	0.02904	0.01554	0.11815	0.01801	0.04285	0.21582	0.05279	0.01101	0.00840	0.00213	0.11736	0.02192	0.07325	0.02869
40	0.00802	0.00615	0.00736	0.00713	0.00878	0.00549	0.00539	0.01036	0.01566	0.02093	0.46338	0.05062	0.31834	0.01356	0.00714	0.00197	0.00301	0.03506	0.00619	0.00544
41	0.01483	0.01265	0.01331	0.01200	0.01533	0.01462	0.00933	0.03131	0.71353	0.02506	0.02431	0.02244	0.01826	0.00812	0.00605	0.00202	0.00469	0.00676	0.03602	0.00938
42	0.00860	0.00642	0.00952	0.00952	0.01054	0.00744	0.00734	0.01065	0.00962	0.01386	0.01625	0.02438	0.01536	0.08048	0.72983	0.00949	0.01562	0.00655	0.00324	0.00529
43	0.02247	0.02867	0.01705	0.01550	0.01860	0.76443	0.01162	0.02402	0.01705	0.01472	0.00930	0.01085	0.00775	0.00620	0.00542	0.00155	0.01085	0.00387	0.00310	0.00697
44	0.01461	0.01238	0.01308	0.01167	0.01499	0.01406	0.00910	0.07525	0.60805	0.02522	0.05118	0.02565	0.08051	0.00883	0.00623	0.00202	0.00467	0.00734	0.00609	0.00907
45	0.00813	0.00584	0.00788	0.00923	0.00999	0.00559	0.00696	0.00978	0.01239	0.01629	0.03360	0.51605	0.06067	0.01797	0.00788	0.00254	0.00418	0.25436	0.00557	0.00512
46	0.00756	0.00616	0.00674	0.00693	0.00875	0.00534	0.00533	0.00933	0.01394	0.01715	0.12077	0.09242	0.56587	0.01529	0.00728	0.00212	0.00334	0.09484	0.00568	0.00518
47	0.01629	0.76781	0.03106	0.01046	0.01554	0.04747	0.01034	0.01821	0.01238	0.01417	0.00839	0.00969	0.00772	0.00518	0.00391	0.00130	0.00657	0.00324	0.00259	0.00770
48	0.80786	0.01159	0.00899	0.00799	0.01174	0.01336	0.00658	0.01802	0.01044	0.04801	0.00882	0.01008	0.00676	0.00564	0.00379	0.00186	0.00467	0.00334	0.00383	0.00662
49	0.00923	0.00733	0.01068	0.01032	0.01118	0.00891	0.00806	0.01113	0.00955	0.01390	0.01516	0.02315	0.01447	0.08528	0.61855	0.00847	0.11962	0.00642	0.00317	0.00543
50	0.01072	0.00594	0.00615	0.00606	0.00758	0.00587	0.00455	0.01387	0.03644	0.02217	0.09618	0.02767	0.08137	0.00827	0.00480	0.00152	0.00289	0.00677	0.64550	0.00569
51	0.01489	0.01429	0.02442	0.03692	0.75106	0.01429	0.01846	0.01846	0.01370	0.01965	0.01132	0.01489	0.00953	0.00536	0.00596	0.00179	0.00715	0.00536	0.00298	0.00953
52	0.09889	0.06159	0.01133	0.00954	0.03346	0.00925	0.00738	0.03120	0.06023	0.11352	0.27082	0.03696	0.15047	0.01079	0.00638	0.00195	0.00416	0.06953	0.00573	0.00681
53	0.83108	0.01163	0.00884	0.00791	0.01163	0.01350	0.00651	0.01768	0.01024	0.02699	0.00838	0.00977	0.00651	0.00558	0.00372	0.00186	0.00465	0.00326	0.00372	0.00651
54	0.01665	0.30501	0.17899	0.01732	0.12886	0.18801	0.03029	0.03895	0.01412	0.01689	0.00978	0.01162	0.00808	0.00559	0.00505	0.00158	0.00814	0.00409	0.00285	0.00814
55	0.00806	0.00594	0.00767	0.00838	0.00936	0.00539	0.00588	0.00951	0.01227	0.01665	0.10049	0.55762	0.06290	0.03859	0.00802	0.00236	0.00369	0.05732	0.00546	0.07447
56	0.01355	0.31248	0.48907	0.01461	0.02212	0.01761	0.01782	0.01867	0.01252	0.01724	0.00990	0.01157	0.00766	0.00551	0.00503	0.00168	0.00798	0.00399	0.00255	0.00846
57	0.03343	0.01894	0.27329	0.02088	0.24017	0.01278	0.01639	0.04333	0.03229	0.22725	0.01499	0.01578	0.01056	0.00620	0.00586	0.00186	0.00706	0.00523	0.00427	0.00947
58	0.13563	0.01084	0.01333	0.01049	0.01488	0.01026	0.00862	0.07032	0.04929	0.55827	0.04166	0.01942	0.01480	0.00735	0.00576	0.00187	0.00507	0.00580	0.00677	0.00957
59	0.00960	0.00642	0.00720	0.00698	0.00733	0.00654	0.00418	0.04703	0.00998	0.01362	0.01868	0.03684	0.02077	0.69095	0.04720	0.00551	0.00600	0.00836	0.04268	0.00413
60	0.16187	0.05376	0.12469	0.16898	0.21494	0.03138	0.01486	0.10242	0.01443	0.04270	0.01112	0.01364	0.00852	0.00587	0.00543	0.00183	0.00705	0.00474	0.00346	0.00829
61	0.00795	0.00573	0.00739	0.00795	0.00878	0.00534	0.00559	0.00963	0.01341	0.01823	0.27750	0.39417	0.08557	0.07914	0.00935	0.00252	0.00353	0.04733	0.00578	0.00510
62	0.01164	0.01065	0.01774	0.53505	0.16508	0.01245	0.01550	0.01506	0.01210	0.01592	0.01268	0.05457	0.01103	0.03589	0.00756	0.02675	0.00742	0.02309	0.00297	0.00685
63	0.03779	0.21029	0.47729	0.01556	0.04667	0.01635	0.01785	0.04031	0.01312	0.04450	0.01068	0.01229	0.00801	0.00575	0.00547	0.00176	0.02056	0.00425	0.00288	0.00861
64	0.05120	0.01200	0.02112	0.44410	0.11460	0.01341	0.15809	0.01660	0.02591	0.01745	0.01257	0.03997	0.01035	0.00650	0.00624	0.00202	0.00791	0.02965	0.00308	0.00724
65	0.00969	0.00692	0.00969	0.01108	0.01246	0.00692	0.00969	0.01246	0.01385	0.01800	0.03185	0.06786	0.03462	0.01662	0.00831	0.00277	0.00554	0.71057	0.00554	0.00554
66	0.01288	0.01262	0.04183	0.12335	0.47286	0.01236	0.03658	0.01620	0.01319	0.01846	0.03409	0.14783	0.01569	0.00794	0.00631	0.00194	0.00666	0.00754	0.00347	0.00821
67	0.05758	0.06382	0.09491	0.08227	0.04026	0.10051	0.05131	0.02995	0.01389	0.16470	0.05246	0.06273	0.01442	0.03640	0.00814	0.00206	0.08534	0.00618	0.02544	0.00762
68	0.04353	0.26155	0.17420	0.01262	0.03432	0.03030	0.01225	0.04463	0.01351	0.10348	0.04779	0.05531	0.01291	0.00719	0.00638	0.00173	0.07126	0.00529	0.02507	0.03668
69	0.22065	0.01989	0.01534	0.03765	0.09953	0.37184	0.01095	0.05096	0.01472	0.01933	0.01059	0.03842	0.00912	0.00788	0.03216	0.00202	0.02381	0.00457	0.00343	0.00714
70	0.00905	0.00681	0.00855	0.02836	0.01041	0.00643	0.00615	0.03639	0.03041	0.02104	0.39714	0.21390	0.10819	0.03551	0.00767	0.00209	0.00349	0.01160	0.00590	0.05090
71	0.06242	0.05514	0.30670	0.04896	0.22829	0.01421	0.03801	0.06092	0.01410	0.07875	0.01196	0.01395	0.00892	0.00577	0.00565	0.00181	0.00751	0.00485	0.00337	0.02871
72	0.01249	0.01003	0.01180	0.00879	0.01355	0.00773	0.00700	0.01512	0.01275	0.04059	0.03362	0.03766	0.01229	0.00561	0.00475	0.00106	0.00434	0.02144	0.04720	0.69218
73	0.02222	0.04635	0.01758	0.01492	0.01846	0.56435	0.01150	0.17899	0.03542	0.02002	0.01074	0.01186	0.00853	0.00644	0.00553	0.00161	0.00967	0.00426	0.00379	0.00776
74	0.00873	0.00654	0.00860	0.00864	0.01013	0.00605	0.03716	0.01100	0.03652	0.03669	0.12223	0.35505	0.23096	0.01532	0.00725	0.00220	0.00376	0.05329	0.03436	0.00552
75	0.00826	0.00636	0.00757	0.00722	0.00892	0.00579	0.00543	0.01113	0.04074	0.02147	0.48805	0.04860	0.29211	0.01316	0.00707	0.00194	0.00298	0.01136	0.00625	0.00560
76	0.01504	0.01287	0.01362	0.01226	0.01564	0.01484	0.00958	0.05180	0.69880	0.02533	0.02440	0.02350	0.01859	0.00837	0.00618	0.00205	0.00484	0.02674	0.00610	0.00943
77	0.00875	0.00608	0.00784	0.00784	0.00833	0.00654	0.00529	0.00974	0.00925	0.01294	0.01778	0.03226	0.01881	0.45310	0.33897	0.00732	0.01007	0.00769	0.02696	0.00443
78	0.02247	0.02867	0.01705	0.01550	0.01860	0.76443	0.01162	0.02402	0.01705	0.01472	0.00930	0.01085	0.00775	0.00620	0.00542	0.00155	0.01085	0.00387	0.00310	0.00697
79	0.01725	0.01257	0.01372	0.01149	0.01501	0.01379	0.00916	0.27262	0.28357	0.07358	0.11941	0.02259	0.02029	0.00825	0.00605	0.00187	0.00500	0.00672	0.07811	0.00894
80	0.00745	0.00533	0.00711	0.00841	0.00884	0.00498	0.00571	0.00863	0.01185	0.01585	0.06712	0.72914	0.04045	0.01847	0.00767	0.00243	0.00352	0.03648	0.00563	0.00494
81	0.00739	0.00539	0.00696	0.00807	0.00868	0.00496	0.00548	0.00861	0.01214	0.01607	0.08636	0.65401	0.11774	0.01800	0.00758	0.00236	0.00340	0.01619	0.00566	0.00496
82	0.14479	0.01625	0.01652	0.01519	0.09455	0.09653	0.01108	0.41125	0.03286	0.02990	0.01271	0.01394	0.00961	0.00836	0.03049	0.03032	0.00705	0.00496	0.00483	0.00881
83	0.83108	0.01163	0.00884	0.00791	0.01163	0.01350	0.00651	0.01768	0.01024	0.02699	0.00838	0.00977	0.00651	0.00558	0.00372	0.00186	0.00465	0.00326	0.00372	0.00651
84	0.00752	0.00536	0.00710	0.00840	0.00880	0.00504	0.00568	0.00864	0.01161	0.01549	0.04686	0.70427	0.03910	0.05313	0.00872	0.00260	0.00367	0.04764	0.00552	0.00488
85	0.01095	0.00563	0.00571	0.00571	0.00696	0.00563	0.00415	0.01346	0.01221	0.02129	0.01955	0.02422	0.01610	0.08987	0.00701	0.00187	0.00312	0.00594	0.73522	0.00540
86	0.06182	0.04669	0.01914	0.35521	0.25075	0.02964	0.01512	0.01687	0.01261	0.03889	0.01187	0.03725	0.00975	0.00636	0.00621	0.00190	0.03357	0.00547	0.03328	0.00760
87	0.07317	0.01074	0.01301	0.01076	0.01457	0.03169	0.00872	0.08908	0.03643	0.46831	0.02315	0.10963	0.01800	0.00921	0.00622	0.00198	0.00523	0.05456	0.00658	0.00896
88	0.45299	0.03489	0.01582	0.12588	0.12429	0.01435	0.06842	0.04383	0.01201	0.02331	0.00965	0.01220	0.00759	0.00575	0.00517	0.00189	0.02694	0.00431	0.00343	0.00727
89	0.01176	0.01147	0.04166	0.52861	0.15612	0.01271	0.01628	0.01563	0.01256	0.01654	0.01351	0.02238	0.01167	0.00725	0.00629	0.00206	0.00758	0.09573	0.00309	0.00708
90	0.00923	0.00664	0.00910	0.01014	0.01147	0.00650	0.00856	0.01184	0.01417	0.01873	0.14885	0.12315	0.05888	0.01606	0.00803	0.00258	0.00486	0.52000	0.00572	0.00549
91	0.08191	0.21732	0.43214	0.01423	0.03792	0.01570	0.01637	0.01814	0.01255	0.01886	0.03743	0.01339	0.00977	0.00586	0.00507	0.00172	0.00737	0.00435	0.04178	0.00814
92	0.08041	0.22112	0.51313	0.01466	0.02218	0.01641	0.01793	0.01868	0.01238	0.01847	0.00998	0.01169	0.00755	0.00556	0.00508	0.00175	0.00792	0.00404	0.00265	0.00840
