[name]
unknown

[dist]
# distance from previous block
# <min> <max>
0	18

[block]
# block no. 0 follows, 39 sequences, length 12
# corresponding to MSA columns:
# 141-152
name=unknown_A
#
# <colnr> <probs for GDERKNQSTAVLIFYWHMCP>
#	G	D	E	R	K	N	Q	S	T	A	V	L	I	F	Y	W	H	M	C	P
0	0.00777	0.00561	0.00748	0.00877	0.00946	0.00532	0.00644	0.00925	0.01202	0.01580	0.03381	0.56669	0.07799	0.01778	0.00767	0.00246	0.00391	0.19131	0.00548	0.00497
1	0.22400	0.01331	0.01357	0.01094	0.01491	0.01463	0.00894	0.39428	0.03952	0.08630	0.01462	0.03393	0.01094	0.00700	0.00522	0.00178	0.00541	0.00518	0.08698	0.00854
2	0.01087	0.00996	0.01666	0.43290	0.15525	0.01127	0.03780	0.01404	0.01205	0.01596	0.01619	0.20879	0.01599	0.00893	0.00635	0.00204	0.00669	0.00821	0.00341	0.00666
3	0.00889	0.01191	0.19607	0.01003	0.01295	0.00738	0.00962	0.01217	0.01404	0.01986	0.34930	0.26107	0.03868	0.01242	0.00681	0.00203	0.00447	0.01096	0.00520	0.00614
4	0.22545	0.01077	0.01213	0.00981	0.01380	0.01075	0.00802	0.09794	0.04931	0.38665	0.05894	0.02030	0.05594	0.00755	0.00549	0.00184	0.00482	0.00585	0.00605	0.00860
5	0.02082	0.00970	0.01267	0.00972	0.01409	0.00812	0.00790	0.02325	0.01574	0.48751	0.10608	0.02100	0.01802	0.00715	0.00568	0.00159	0.00460	0.00590	0.00627	0.21418
6	0.02052	0.22015	0.02032	0.01396	0.01751	0.58209	0.01110	0.02214	0.01557	0.01433	0.00891	0.01037	0.00761	0.00584	0.00495	0.00146	0.00958	0.00365	0.00292	0.00704
7	0.01317	0.01257	0.01653	0.01437	0.01526	0.01677	0.01179	0.01836	0.19304	0.01684	0.01221	0.01570	0.01066	0.01134	0.05066	0.00276	0.55175	0.00561	0.00347	0.00714
8	0.00721	0.00515	0.00686	0.00823	0.00858	0.00480	0.00549	0.00823	0.01132	0.01510	0.03259	0.78831	0.03911	0.01853	0.00755	0.00240	0.00343	0.01681	0.00549	0.00480
9	0.00992	0.00820	0.01045	0.03056	0.01087	0.02986	0.00729	0.01098	0.00928	0.01291	0.01499	0.02718	0.01581	0.35900	0.24671	0.00597	0.17496	0.00697	0.00321	0.00488
10	0.01093	0.01091	0.00934	0.00999	0.01100	0.19579	0.00697	0.01208	0.01268	0.01494	0.02673	0.59382	0.03124	0.01542	0.00699	0.00218	0.00524	0.01356	0.00488	0.00532
11	0.19559	0.01065	0.01278	0.01010	0.01444	0.01017	0.00832	0.04903	0.04083	0.55720	0.01989	0.01780	0.01288	0.00695	0.00547	0.00183	0.00497	0.00538	0.00646	0.00927

[dist]
# distance from previous block
# <min> <max>
0	2

[block]
# block no. 1 follows, 39 sequences, length 13
# corresponding to MSA columns:
# 155-167
name=unknown_B
#
# <colnr> <probs for GDERKNQSTAVLIFYWHMCP>
#	G	D	E	R	K	N	Q	S	T	A	V	L	I	F	Y	W	H	M	C	P
0	0.01168	0.02529	0.60168	0.01446	0.02164	0.01200	0.01810	0.01768	0.01247	0.01943	0.01245	0.01451	0.00911	0.00589	0.00530	0.00177	0.00747	0.00461	0.17640	0.00806
1	0.18847	0.01072	0.01180	0.00897	0.01370	0.00942	0.00725	0.01839	0.04139	0.14439	0.01270	0.01340	0.00961	0.00525	0.00455	0.00128	0.00454	0.00397	0.00427	0.48591
2	0.00759	0.00554	0.00669	0.00744	0.00810	0.00515	0.00499	0.00855	0.01122	0.01452	0.03496	0.42256	0.18557	0.20386	0.01288	0.00313	0.00398	0.04366	0.00503	0.00458
3	0.01154	0.01089	0.01840	0.69905	0.11675	0.01324	0.01661	0.01543	0.01200	0.01556	0.01058	0.01565	0.00804	0.00584	0.00591	0.00195	0.00779	0.00526	0.00266	0.00687
4	0.07398	0.01024	0.01426	0.17261	0.02029	0.00992	0.01018	0.02520	0.01542	0.55599	0.01967	0.01855	0.01269	0.00691	0.00580	0.00186	0.00561	0.00563	0.00610	0.00910
5	0.01557	0.01213	0.01475	0.01611	0.17066	0.04307	0.01050	0.08358	0.24107	0.11526	0.07975	0.02632	0.10900	0.00859	0.00619	0.00190	0.00529	0.02644	0.00535	0.00847
6	0.00771	0.00564	0.00736	0.00848	0.00929	0.00528	0.00622	0.00923	0.01228	0.01609	0.06329	0.51557	0.12814	0.01737	0.00759	0.00240	0.00378	0.16376	0.00552	0.00499
7	0.00951	0.17295	0.01316	0.09039	0.01339	0.00967	0.00761	0.01115	0.01191	0.01539	0.06937	0.47461	0.05151	0.01384	0.00653	0.00207	0.00446	0.01220	0.00462	0.00563
8	0.02068	0.01299	0.01588	0.17404	0.02165	0.03556	0.01127	0.24620	0.09389	0.27981	0.01743	0.01728	0.01193	0.00699	0.00592	0.00185	0.00622	0.00562	0.00563	0.00916
9	0.00721	0.00515	0.00686	0.00823	0.00858	0.00480	0.00549	0.00823	0.01132	0.01510	0.03259	0.78831	0.03911	0.01853	0.00755	0.00240	0.00343	0.01681	0.00549	0.00480
10	0.01059	0.00975	0.01641	0.55333	0.06297	0.01149	0.04401	0.01394	0.01188	0.01544	0.01527	0.17907	0.01459	0.00851	0.00630	0.00205	0.00699	0.00777	0.00326	0.00637
11	0.01546	0.01128	0.01397	0.08709	0.08048	0.04018	0.00971	0.08222	0.07161	0.14855	0.13717	0.02211	0.04912	0.00754	0.00610	0.00166	0.02307	0.00625	0.00497	0.18147
12	0.01204	0.01530	0.17558	0.52105	0.10256	0.01354	0.01754	0.04221	0.01269	0.01706	0.01072	0.01491	0.00802	0.00583	0.00585	0.00192	0.00794	0.00507	0.00275	0.00741

[dist]
# distance from previous block
# <min> <max>
0	1

[block]
# block no. 2 follows, 39 sequences, length 9
# corresponding to MSA columns:
# 169-177
name=unknown_C
#
# <colnr> <probs for GDERKNQSTAVLIFYWHMCP>
#	G	D	E	R	K	N	Q	S	T	A	V	L	I	F	Y	W	H	M	C	P
0	0.01903	0.15348	0.02290	0.01776	0.08302	0.41880	0.13456	0.05142	0.01567	0.01652	0.00985	0.01185	0.00810	0.00570	0.00542	0.00159	0.00933	0.00443	0.00306	0.00752
1	0.01351	0.01128	0.01327	0.05289	0.01608	0.00952	0.00808	0.10690	0.01422	0.02133	0.01098	0.01271	0.00888	0.00481	0.00466	0.00105	0.00485	0.00384	0.00376	0.67738
2	0.09125	0.33041	0.15770	0.01211	0.01729	0.08425	0.01202	0.15327	0.01555	0.02089	0.04714	0.01278	0.01035	0.00603	0.00481	0.00158	0.00684	0.00423	0.00351	0.00799
3	0.00767	0.00549	0.00738	0.00864	0.00922	0.00519	0.00618	0.00910	0.01206	0.01609	0.07825	0.61822	0.03931	0.01774	0.00762	0.00242	0.00373	0.13517	0.00555	0.00496
4	0.18494	0.01104	0.01317	0.01032	0.01473	0.01064	0.00852	0.10351	0.01676	0.53659	0.01937	0.01741	0.01252	0.00694	0.00549	0.00182	0.00510	0.00534	0.00645	0.00934
5	0.01162	0.00822	0.01150	0.18618	0.01791	0.00815	0.00883	0.01394	0.01282	0.10889	0.09013	0.26756	0.04983	0.01089	0.00667	0.00191	0.02475	0.00951	0.00474	0.14596
6	0.17874	0.14568	0.05340	0.01072	0.01500	0.01405	0.00947	0.09559	0.08173	0.25189	0.04958	0.01632	0.01299	0.00686	0.00563	0.00177	0.03196	0.00506	0.00509	0.00847
7	0.00756	0.00588	0.00627	0.00630	0.00758	0.00524	0.00431	0.00864	0.01204	0.01493	0.08047	0.08224	0.46172	0.25475	0.01414	0.00316	0.00385	0.01138	0.00495	0.00458
8	0.00974	0.00906	0.00854	0.00942	0.01023	0.13460	0.00650	0.01085	0.01225	0.01499	0.02861	0.65613	0.03376	0.01641	0.00717	0.00225	0.00466	0.01460	0.00507	0.00515

[dist]
# distance from previous block
# <min> <max>
11	19

[block]
# block no. 3 follows, 39 sequences, length 22
# corresponding to MSA columns:
# 199-220
name=unknown_D
#
# <colnr> <probs for GDERKNQSTAVLIFYWHMCP>
#	G	D	E	R	K	N	Q	S	T	A	V	L	I	F	Y	W	H	M	C	P
0	0.03057	0.03246	0.01780	0.08399	0.08712	0.01309	0.07615	0.18074	0.05028	0.03568	0.01221	0.01407	0.00948	0.00572	0.00579	0.00151	0.03063	0.00478	0.00401	0.30393
1	0.02163	0.01538	0.01625	0.01291	0.01728	0.05132	0.01050	0.46015	0.16057	0.14568	0.01723	0.01643	0.01216	0.00726	0.00591	0.00182	0.00613	0.00561	0.00602	0.00978
2	0.01208	0.00592	0.00636	0.00607	0.00770	0.00577	0.00461	0.01480	0.01310	0.08195	0.07563	0.02358	0.01822	0.00732	0.00450	0.00145	0.00294	0.00594	0.69615	0.00589
3	0.04504	0.01317	0.01338	0.01045	0.01501	0.08782	0.00842	0.14840	0.01561	0.02223	0.01265	0.01677	0.01084	0.00607	0.00504	0.00129	0.00551	0.06158	0.00406	0.49664
4	0.02246	0.01705	0.01771	0.01367	0.01834	0.04945	0.01125	0.70603	0.02735	0.03632	0.01399	0.01405	0.00996	0.00706	0.00589	0.00176	0.00668	0.00526	0.00580	0.00992
5	0.01348	0.01123	0.01291	0.00934	0.01453	0.00913	0.00751	0.10054	0.01411	0.02141	0.01095	0.01249	0.00891	0.00470	0.00456	0.00098	0.00463	0.00372	0.00379	0.73107
6	0.02237	0.01452	0.03962	0.01234	0.01721	0.01437	0.01043	0.43679	0.02265	0.24729	0.01642	0.01570	0.01120	0.00686	0.00577	0.00171	0.00594	0.00530	0.00599	0.08751
7	0.00982	0.07197	0.01321	0.01108	0.01204	0.01054	0.04039	0.01119	0.01097	0.01497	0.02407	0.43378	0.06291	0.01434	0.01055	0.00232	0.22413	0.01175	0.00432	0.00565
8	0.00731	0.00519	0.00683	0.00810	0.00841	0.00487	0.00534	0.00826	0.01111	0.01482	0.03153	0.73102	0.03777	0.07766	0.00927	0.00266	0.00361	0.01618	0.00534	0.00471
9	0.02143	0.01152	0.01381	0.01132	0.01540	0.01172	0.00911	0.07032	0.31734	0.41541	0.02311	0.02059	0.01578	0.00760	0.00597	0.00190	0.00497	0.00622	0.00670	0.00977
10	0.00949	0.00576	0.00802	0.00795	0.00818	0.00612	0.00540	0.00874	0.00838	0.01145	0.01370	0.02465	0.01426	0.23620	0.18707	0.40414	0.02762	0.00634	0.00298	0.00354
11	0.00721	0.00515	0.00686	0.00823	0.00858	0.00480	0.00549	0.00823	0.01132	0.01510	0.03259	0.78831	0.03911	0.01853	0.00755	0.00240	0.00343	0.01681	0.00549	0.00480
12	0.01984	0.01258	0.01382	0.01100	0.01480	0.01343	0.00896	0.41183	0.05427	0.14376	0.01734	0.01746	0.01242	0.00712	0.00547	0.00169	0.00524	0.00553	0.21458	0.00887
13	0.01773	0.01130	0.01288	0.01099	0.01459	0.01196	0.00871	0.06103	0.40765	0.24323	0.05379	0.02478	0.07766	0.00849	0.00611	0.00194	0.00466	0.00702	0.00638	0.00911
14	0.00745	0.00562	0.00753	0.00838	0.00917	0.00517	0.02301	0.00875	0.01193	0.01564	0.05507	0.61445	0.14526	0.01742	0.00746	0.00233	0.00358	0.04137	0.00546	0.00495
15	0.01186	0.03059	0.76153	0.01686	0.02560	0.01373	0.02185	0.01873	0.01249	0.01873	0.01061	0.01249	0.00749	0.00562	0.00562	0.00187	0.00874	0.00437	0.00250	0.00874
16	0.00721	0.00515	0.00686	0.00823	0.00858	0.00480	0.00549	0.00823	0.01132	0.01510	0.03259	0.78831	0.03911	0.01853	0.00755	0.00240	0.00343	0.01681	0.00549	0.00480
17	0.01077	0.00663	0.00836	0.00824	0.00999	0.00581	0.00592	0.01219	0.01247	0.13077	0.03204	0.44664	0.13320	0.05103	0.00794	0.00225	0.00383	0.01270	0.00547	0.09376
18	0.01578	0.01686	0.12587	0.14036	0.05935	0.07482	0.26179	0.01981	0.01369	0.13226	0.01271	0.01537	0.00928	0.00611	0.00726	0.00195	0.06948	0.00571	0.00351	0.00803
19	0.00823	0.00566	0.00694	0.00729	0.00751	0.00571	0.00455	0.00876	0.00940	0.01267	0.02179	0.22516	0.02507	0.50220	0.11876	0.00538	0.00645	0.01038	0.00401	0.00411
20	0.07791	0.22294	0.18037	0.01237	0.01756	0.13118	0.01216	0.04642	0.03493	0.01821	0.00997	0.01153	0.00811	0.00565	0.00536	0.00151	0.04154	0.00387	0.00310	0.15529
21	0.01881	0.12465	0.08042	0.10842	0.03565	0.25139	0.04492	0.20441	0.01783	0.04306	0.01119	0.01278	0.00857	0.00612	0.00547	0.00167	0.00825	0.00457	0.00374	0.00809

[dist]
# distance from previous block
# <min> <max>
0	7

[block]
# block no. 4 follows, 39 sequences, length 24
# corresponding to MSA columns:
# 266-289
name=unknown_E
#
# <colnr> <probs for GDERKNQSTAVLIFYWHMCP>
#	G	D	E	R	K	N	Q	S	T	A	V	L	I	F	Y	W	H	M	C	P
0	0.13535	0.01570	0.01578	0.05477	0.04727	0.08290	0.01076	0.36830	0.16008	0.02942	0.01447	0.01484	0.01071	0.00682	0.00556	0.00181	0.00635	0.00514	0.00506	0.00891
1	0.00981	0.00704	0.00810	0.00743	0.00862	0.00666	0.00487	0.04239	0.01067	0.01475	0.04718	0.05566	0.02131	0.54262	0.02233	0.00439	0.00535	0.03838	0.00392	0.13852
2	0.05096	0.60460	0.02718	0.01101	0.01567	0.14422	0.01023	0.04958	0.01339	0.01553	0.00863	0.00989	0.00765	0.00533	0.00413	0.00135	0.00697	0.00336	0.00281	0.00753
3	0.01640	0.01155	0.01363	0.01038	0.01476	0.01076	0.00843	0.17390	0.01641	0.13944	0.04595	0.01721	0.04390	0.00661	0.00620	0.00143	0.05724	0.00508	0.00478	0.39594
4	0.07429	0.17730	0.49040	0.01540	0.05459	0.01534	0.01755	0.01893	0.01249	0.05734	0.01066	0.01218	0.00789	0.00557	0.00514	0.00174	0.00769	0.00417	0.00286	0.00844
5	0.01656	0.01084	0.01227	0.01059	0.01391	0.01134	0.00833	0.12012	0.29525	0.19379	0.02899	0.09925	0.13318	0.00983	0.00629	0.00197	0.00463	0.00821	0.00617	0.00850
6	0.00721	0.00515	0.00686	0.00823	0.00858	0.00480	0.00549	0.00823	0.01132	0.01510	0.03259	0.78831	0.03911	0.01853	0.00755	0.00240	0.00343	0.01681	0.00549	0.00480
7	0.08167	0.01176	0.01825	0.50594	0.18091	0.01373	0.01554	0.07027	0.01321	0.01859	0.01072	0.01490	0.00822	0.00584	0.00571	0.00190	0.00733	0.00509	0.00302	0.00738
8	0.00727	0.00519	0.00692	0.00819	0.00859	0.00485	0.00549	0.00839	0.01161	0.01556	0.07142	0.74815	0.04001	0.01818	0.00752	0.00237	0.00340	0.01648	0.00554	0.00485
9	0.01250	0.01187	0.02015	0.49225	0.31600	0.01349	0.01709	0.01628	0.01246	0.01673	0.01075	0.01533	0.00846	0.00566	0.00589	0.00189	0.00755	0.00526	0.00274	0.00765
10	0.02239	0.00951	0.01266	0.01001	0.01390	0.00849	0.00814	0.06006	0.01743	0.56377	0.18115	0.02506	0.02335	0.00834	0.00617	0.00183	0.00462	0.00695	0.00707	0.00909
11	0.01248	0.14952	0.64797	0.01581	0.02398	0.01524	0.02003	0.01857	0.01241	0.01798	0.01024	0.01202	0.00751	0.00553	0.00534	0.00178	0.00836	0.00418	0.00250	0.00856
12	0.00860	0.00573	0.00645	0.00645	0.00645	0.00573	0.00358	0.00860	0.00860	0.01147	0.01863	0.03870	0.02150	0.79217	0.03010	0.00573	0.00573	0.00860	0.00358	0.00358
13	0.00758	0.00523	0.00668	0.00783	0.00837	0.00489	0.00530	0.00881	0.01155	0.01585	0.03277	0.66960	0.07656	0.01715	0.00717	0.00228	0.00334	0.01542	0.08875	0.00489
14	0.00732	0.00529	0.00693	0.00802	0.00857	0.00490	0.00544	0.00856	0.01203	0.01607	0.11166	0.66770	0.08034	0.01764	0.00746	0.00232	0.00334	0.01591	0.00560	0.00490
15	0.00777	0.00558	0.00739	0.00838	0.00912	0.00543	0.00604	0.00924	0.01155	0.01554	0.03201	0.50447	0.09927	0.02118	0.11626	0.00337	0.00535	0.08801	0.03905	0.00499
16	0.00776	0.00578	0.00721	0.00736	0.00859	0.00524	0.00533	0.00978	0.01454	0.01969	0.40616	0.25551	0.19634	0.01450	0.00714	0.00204	0.00301	0.01278	0.00601	0.00524
17	0.01379	0.01660	0.07457	0.02396	0.02977	0.01506	0.65454	0.01867	0.01361	0.01867	0.01166	0.01559	0.00882	0.00531	0.00758	0.00202	0.05215	0.00673	0.00294	0.00794
18	0.01170	0.04281	0.01179	0.01005	0.01254	0.09257	0.01896	0.03817	0.05096	0.01892	0.15883	0.09707	0.13022	0.01112	0.00698	0.00190	0.03774	0.12137	0.00488	0.12142
19	0.00743	0.00566	0.00683	0.00727	0.00844	0.00506	0.00517	0.00906	0.01342	0.01756	0.22305	0.35283	0.28543	0.01570	0.00721	0.00213	0.00312	0.01380	0.00575	0.00506
20	0.01628	0.01102	0.01180	0.00974	0.01312	0.03205	0.00781	0.27042	0.01933	0.14521	0.06604	0.03284	0.29467	0.01031	0.00631	0.00185	0.00477	0.00834	0.03039	0.00771
21	0.01890	0.43497	0.02486	0.01173	0.01664	0.02106	0.01064	0.35008	0.01933	0.02473	0.01099	0.01167	0.00873	0.00600	0.00478	0.00150	0.00641	0.00416	0.00410	0.00873
22	0.05245	0.11687	0.04755	0.37504	0.08778	0.01384	0.01353	0.03661	0.05340	0.01743	0.03504	0.06357	0.01252	0.00811	0.02748	0.00210	0.00702	0.01928	0.00333	0.00708
23	0.01051	0.03060	0.00966	0.00797	0.01031	0.00668	0.00615	0.01311	0.01559	0.07756	0.50879	0.06707	0.05876	0.01059	0.00640	0.00170	0.00335	0.00923	0.00590	0.14006

[dist]
# distance from previous block
# <min> <max>
1	51

[block]
# block no. 5 follows, 39 sequences, length 26
# corresponding to MSA columns:
# 433-435,438-460
name=unknown_F
#
# <colnr> <probs for GDERKNQSTAVLIFYWHMCP>
#	G	D	E	R	K	N	Q	S	T	A	V	L	I	F	Y	W	H	M	C	P
0	0.12020	0.08422	0.02570	0.03555	0.01203	0.07169	0.00746	0.01240	0.01185	0.01663	0.02400	0.40727	0.04389	0.03847	0.00715	0.00224	0.00493	0.06418	0.00454	0.00561
1	0.22660	0.04359	0.08290	0.07955	0.10474	0.06580	0.01104	0.07139	0.01440	0.10658	0.10461	0.01809	0.03337	0.00692	0.00534	0.00180	0.00596	0.00541	0.00428	0.00761
2	0.06118	0.27528	0.28424	0.03521	0.01980	0.15336	0.01435	0.03561	0.01328	0.01705	0.01024	0.03657	0.00859	0.00598	0.00494	0.00163	0.00782	0.00427	0.00285	0.00773
3	0.03876	0.00986	0.03593	0.00890	0.01190	0.00939	0.00735	0.17302	0.01655	0.12354	0.07982	0.03998	0.01718	0.00854	0.02594	0.00182	0.00459	0.00607	0.33385	0.04702
4	0.04035	0.00773	0.01058	0.11825	0.01489	0.00796	0.02590	0.04171	0.03810	0.05668	0.25662	0.24508	0.03421	0.03917	0.00758	0.00220	0.00446	0.03716	0.00534	0.00604
5	0.13634	0.06508	0.04610	0.38845	0.05038	0.03615	0.07924	0.04072	0.01277	0.05528	0.01089	0.01422	0.00819	0.00575	0.00547	0.00184	0.00729	0.00488	0.00319	0.02774
6	0.00856	0.00660	0.00784	0.00757	0.00918	0.00627	0.00562	0.01216	0.08662	0.02079	0.42549	0.11012	0.22144	0.03598	0.00762	0.00207	0.00317	0.01122	0.00604	0.00568
7	0.00736	0.00526	0.00704	0.00841	0.00882	0.00494	0.00576	0.00850	0.01148	0.01527	0.03251	0.74016	0.03877	0.01838	0.00759	0.00242	0.00357	0.06343	0.00549	0.00485
8	0.04514	0.34737	0.09361	0.01408	0.06652	0.07540	0.07493	0.04253	0.05492	0.03665	0.08433	0.01535	0.01341	0.00620	0.00506	0.00159	0.00672	0.00489	0.00350	0.00779
9	0.11588	0.01191	0.01881	0.34978	0.32815	0.01325	0.01548	0.01650	0.01245	0.01858	0.03746	0.01556	0.01005	0.00582	0.00564	0.00186	0.00693	0.00520	0.00302	0.00766
10	0.00791	0.00571	0.00702	0.00734	0.00831	0.00526	0.00516	0.00919	0.01270	0.01678	0.21616	0.25376	0.20930	0.11407	0.01119	0.05769	0.00365	0.03873	0.00531	0.00476
11	0.01036	0.00703	0.00885	0.00927	0.01047	0.00696	0.00680	0.09870	0.01377	0.05245	0.02904	0.52209	0.03285	0.05491	0.00848	0.00251	0.00427	0.10994	0.00553	0.00572
12	0.05370	0.31885	0.36100	0.01369	0.01992	0.05532	0.01553	0.01822	0.01217	0.01677	0.00933	0.01115	0.00750	0.00574	0.00574	0.00167	0.05927	0.00388	0.00260	0.00794
13	0.00751	0.00537	0.00707	0.00818	0.00870	0.00504	0.00562	0.00876	0.01187	0.01587	0.09738	0.62419	0.05757	0.05515	0.00861	0.00252	0.00359	0.05666	0.00549	0.00486
14	0.83394	0.01144	0.00869	0.00778	0.01144	0.01327	0.00640	0.01738	0.01006	0.02653	0.00823	0.00961	0.00640	0.00549	0.00366	0.00183	0.00457	0.00320	0.00366	0.00640
15	0.00961	0.00636	0.00816	0.00796	0.00932	0.00598	0.00583	0.01221	0.03969	0.07091	0.42702	0.19802	0.06159	0.07764	0.00894	0.00233	0.00347	0.03324	0.00604	0.00567
16	0.04170	0.01402	0.09381	0.31736	0.13900	0.05185	0.05049	0.04199	0.02752	0.05696	0.05749	0.01695	0.01177	0.00698	0.00672	0.04183	0.00727	0.00550	0.00340	0.00740
17	0.01112	0.01023	0.01721	0.73733	0.03899	0.01272	0.01583	0.01472	0.01161	0.01485	0.01050	0.01588	0.00801	0.00668	0.00682	0.04553	0.00774	0.00525	0.00262	0.00636
18	0.00721	0.00515	0.00686	0.00823	0.00858	0.00480	0.00549	0.00823	0.01132	0.01510	0.03259	0.78831	0.03911	0.01853	0.00755	0.00240	0.00343	0.01681	0.00549	0.00480
19	0.01372	0.01311	0.02235	0.23259	0.56616	0.01381	0.01769	0.01734	0.01303	0.01821	0.01096	0.01494	0.00897	0.00544	0.00587	0.00181	0.00725	0.00527	0.00285	0.00863
20	0.05209	0.01066	0.04076	0.17230	0.01894	0.00970	0.00938	0.06272	0.01358	0.04678	0.11521	0.02008	0.01639	0.07551	0.00750	0.00185	0.00536	0.00555	0.00401	0.31162
21	0.01489	0.49524	0.25107	0.01239	0.01841	0.04393	0.01366	0.04289	0.01296	0.01641	0.02503	0.01134	0.00867	0.00548	0.00454	0.00149	0.00713	0.00378	0.00274	0.00796
22	0.07499	0.03331	0.00976	0.00847	0.01054	0.00782	0.00649	0.05137	0.03309	0.10698	0.35995	0.19166	0.05892	0.01187	0.00654	0.00195	0.00368	0.01028	0.00597	0.00637
23	0.04779	0.23643	0.15085	0.01029	0.01439	0.03730	0.01017	0.01550	0.03484	0.03579	0.12420	0.06709	0.14932	0.00921	0.00565	0.00177	0.00548	0.03291	0.00415	0.00687
24	0.16111	0.10801	0.14195	0.04827	0.03032	0.01209	0.03120	0.01655	0.04821	0.05514	0.09726	0.02246	0.05785	0.04910	0.05756	0.00252	0.00644	0.02788	0.00397	0.02212
25	0.14391	0.16669	0.14274	0.01209	0.01679	0.06773	0.02938	0.14972	0.01566	0.06210	0.05196	0.01814	0.02737	0.00779	0.02009	0.00191	0.00670	0.04736	0.00408	0.00781

[dist]
# distance from previous block
# <min> <max>
3	17

[block]
# block no. 6 follows, 39 sequences, length 35
# corresponding to MSA columns:
# 543-577
name=unknown_G
#
# <colnr> <probs for GDERKNQSTAVLIFYWHMCP>
#	G	D	E	R	K	N	Q	S	T	A	V	L	I	F	Y	W	H	M	C	P
0	0.25204	0.04416	0.19072	0.04137	0.01746	0.01315	0.02810	0.11268	0.04804	0.06910	0.08117	0.04988	0.01434	0.00713	0.00532	0.00186	0.00595	0.00554	0.00426	0.00774
1	0.06456	0.11598	0.16430	0.01211	0.02992	0.04658	0.01134	0.12255	0.06775	0.04199	0.21671	0.02178	0.02214	0.00791	0.00610	0.00179	0.02793	0.00625	0.00459	0.00771
2	0.03631	0.04155	0.04160	0.03735	0.01359	0.06986	0.00826	0.07009	0.08370	0.08529	0.18868	0.02982	0.11094	0.04512	0.03788	0.00229	0.00546	0.02582	0.03939	0.02699
3	0.04419	0.01192	0.05639	0.01225	0.05315	0.01077	0.03859	0.19030	0.01730	0.08559	0.14301	0.08748	0.06540	0.00904	0.00612	0.00179	0.00519	0.03599	0.00517	0.12035
4	0.00820	0.00625	0.00731	0.00715	0.00859	0.00579	0.00522	0.01067	0.04369	0.01898	0.34227	0.07421	0.27710	0.12359	0.01027	0.00251	0.00346	0.03387	0.00567	0.00523
5	0.01410	0.08914	0.43005	0.04558	0.02226	0.01507	0.01676	0.14197	0.09558	0.02189	0.01447	0.01549	0.03894	0.00647	0.00563	0.00183	0.00744	0.00505	0.00360	0.00870
6	0.01288	0.08093	0.62083	0.01683	0.02493	0.01430	0.08101	0.01907	0.01275	0.04711	0.01106	0.01287	0.00790	0.00559	0.00562	0.00184	0.00854	0.00457	0.00273	0.00865
7	0.26103	0.09329	0.30029	0.03142	0.05381	0.01368	0.01351	0.01799	0.03678	0.03902	0.04284	0.01544	0.04555	0.00635	0.00501	0.00181	0.00640	0.00473	0.00342	0.00765
8	0.03488	0.21495	0.52568	0.01465	0.02215	0.01581	0.01792	0.01897	0.01254	0.05621	0.01063	0.01208	0.00786	0.00557	0.00514	0.00172	0.00785	0.00413	0.00279	0.00847
9	0.00763	0.00550	0.00713	0.00811	0.00876	0.00516	0.00567	0.00896	0.01205	0.01601	0.10560	0.53565	0.09195	0.07388	0.00915	0.00259	0.00370	0.08219	0.00545	0.00487
10	0.07756	0.01112	0.04225	0.09930	0.08227	0.04099	0.02856	0.03897	0.08617	0.04713	0.12972	0.03519	0.02427	0.01016	0.00657	0.00212	0.00578	0.22013	0.00479	0.00695
11	0.16924	0.00895	0.00894	0.02603	0.01100	0.00962	0.00632	0.12813	0.04081	0.04267	0.01627	0.01806	0.01249	0.00663	0.00448	0.00156	0.00397	0.00505	0.45551	0.02426
12	0.00774	0.00555	0.00725	0.00838	0.00890	0.00527	0.00568	0.03190	0.01205	0.01613	0.05794	0.73640	0.03877	0.01793	0.00747	0.00236	0.00351	0.01622	0.00554	0.00500
13	0.03772	0.01029	0.01588	0.43949	0.10141	0.01197	0.01332	0.08213	0.01255	0.01692	0.01080	0.01580	0.00871	0.00915	0.00960	0.18282	0.00696	0.00517	0.00299	0.00630
14	0.18731	0.01375	0.01732	0.22521	0.23097	0.07164	0.01347	0.09572	0.03058	0.04417	0.01120	0.01387	0.00864	0.00587	0.00538	0.00182	0.00685	0.00478	0.00354	0.00789
15	0.00854	0.00604	0.00748	0.00734	0.00883	0.00542	0.00542	0.01069	0.01502	0.04920	0.42983	0.17412	0.22269	0.01372	0.00704	0.00199	0.00304	0.01200	0.00612	0.00548
16	0.00793	0.00592	0.00683	0.00670	0.00790	0.00540	0.00467	0.00949	0.01330	0.01757	0.30063	0.06646	0.28385	0.22245	0.01320	0.00296	0.00367	0.01090	0.00535	0.00482
17	0.03087	0.00562	0.00717	0.00809	0.00877	0.00531	0.00555	0.00918	0.01141	0.01595	0.05797	0.59548	0.03489	0.04694	0.00868	0.03505	0.00366	0.03803	0.04122	0.03015
18	0.01438	0.51815	0.29601	0.01256	0.01896	0.01989	0.01437	0.01808	0.01219	0.01566	0.00909	0.01057	0.00755	0.00526	0.00446	0.00149	0.00720	0.00360	0.00252	0.00801
19	0.01570	0.01781	0.01683	0.03639	0.05017	0.33322	0.07756	0.01776	0.01315	0.01480	0.01131	0.01580	0.01007	0.04243	0.19555	0.00383	0.11290	0.00517	0.00301	0.00652
20	0.04624	0.01211	0.04128	0.02770	0.01647	0.01099	0.00969	0.15148	0.04641	0.51637	0.02017	0.01824	0.01314	0.00707	0.00582	0.00180	0.00544	0.00564	0.00652	0.03743
21	0.01371	0.45891	0.25126	0.05812	0.01942	0.01851	0.01374	0.01719	0.01210	0.01554	0.01083	0.06630	0.00982	0.00624	0.00475	0.00157	0.00695	0.00463	0.00274	0.00768
22	0.00836	0.00604	0.00744	0.00737	0.00887	0.00543	0.00550	0.01051	0.01490	0.04052	0.40155	0.15881	0.24750	0.01390	0.00708	0.00201	0.00311	0.03964	0.00605	0.00542
23	0.00845	0.00567	0.00649	0.00664	0.00668	0.00563	0.00379	0.00856	0.00889	0.01185	0.02011	0.11823	0.02337	0.71009	0.02771	0.00538	0.00549	0.00947	0.00379	0.00371
24	0.01511	0.61922	0.11639	0.01089	0.01613	0.02083	0.01126	0.04645	0.01303	0.01610	0.05899	0.01238	0.01093	0.00568	0.00431	0.00140	0.00638	0.00390	0.00293	0.00769
25	0.02342	0.01074	0.01371	0.01069	0.01488	0.01006	0.00876	0.15685	0.01891	0.53020	0.11676	0.02217	0.01917	0.00790	0.00608	0.00182	0.00501	0.00645	0.00695	0.00948
26	0.00721	0.00515	0.00686	0.00823	0.00858	0.00480	0.00549	0.00823	0.01132	0.01510	0.03259	0.78831	0.03911	0.01853	0.00755	0.00240	0.00343	0.01681	0.00549	0.00480
27	0.01235	0.00687	0.00703	0.00653	0.00827	0.00708	0.00499	0.10170	0.01417	0.02360	0.01865	0.02157	0.01472	0.02933	0.00509	0.00155	0.00330	0.00558	0.70161	0.00601
28	0.09064	0.04051	0.09039	0.00907	0.01142	0.00845	0.00775	0.04956	0.01216	0.05892	0.08455	0.15024	0.03740	0.01295	0.01052	0.22764	0.00481	0.00754	0.07991	0.00558
29	0.14984	0.02555	0.01549	0.01406	0.01721	0.64960	0.01064	0.02263	0.01571	0.01637	0.00900	0.01050	0.00743	0.00600	0.00507	0.00157	0.00971	0.00371	0.00314	0.00678
30	0.00726	0.00600	0.00636	0.00627	0.00815	0.00511	0.00470	0.00900	0.01411	0.01747	0.19377	0.05445	0.61808	0.01442	0.00699	0.00197	0.00296	0.01214	0.00569	0.00511
31	0.01465	0.04087	0.19604	0.01980	0.05422	0.01524	0.31631	0.13071	0.01505	0.02089	0.01145	0.01449	0.00874	0.00660	0.00808	0.03822	0.07149	0.00571	0.00327	0.00816
32	0.04535	0.01252	0.04645	0.48487	0.21828	0.01358	0.04651	0.03173	0.01262	0.01739	0.01072	0.01509	0.00828	0.00571	0.00584	0.00190	0.00762	0.00522	0.00283	0.00748
33	0.01396	0.01595	0.03490	0.02493	0.03091	0.01496	0.73380	0.01894	0.01396	0.01894	0.01196	0.01595	0.00897	0.00499	0.00698	0.00199	0.00997	0.00698	0.00299	0.00798
34	0.00891	0.00605	0.00757	0.00764	0.00903	0.00548	0.00561	0.01080	0.01413	0.06376	0.29992	0.25097	0.20122	0.04073	0.00791	0.00221	0.00336	0.04337	0.00591	0.00544

[dist]
# distance from previous block
# <min> <max>
4	35

[block]
# block no. 7 follows, 39 sequences, length 27
# corresponding to MSA columns:
# 632-658
name=unknown_H
#
# <colnr> <probs for GDERKNQSTAVLIFYWHMCP>
#	G	D	E	R	K	N	Q	S	T	A	V	L	I	F	Y	W	H	M	C	P
0	0.13153	0.07886	0.36905	0.01447	0.03258	0.01287	0.08611	0.01666	0.01238	0.01939	0.05929	0.11291	0.01456	0.00754	0.00566	0.00190	0.00700	0.00636	0.00336	0.00755
1	0.06337	0.15935	0.28710	0.01438	0.07769	0.01331	0.04414	0.01599	0.01247	0.01812	0.10420	0.05133	0.01645	0.08851	0.00804	0.00218	0.00668	0.00601	0.00337	0.00731
2	0.13404	0.29512	0.18651	0.01273	0.01786	0.06121	0.06174	0.04112	0.01279	0.01831	0.02972	0.01388	0.04053	0.00623	0.00556	0.00168	0.04587	0.00449	0.00309	0.00752
3	0.01284	0.07472	0.05400	0.01138	0.06819	0.05027	0.00847	0.01620	0.07049	0.10534	0.21246	0.10509	0.07042	0.10339	0.00909	0.00232	0.00499	0.00854	0.00505	0.00674
4	0.04023	0.16212	0.06774	0.14623	0.25167	0.14535	0.01420	0.01784	0.01318	0.01667	0.01149	0.06597	0.01032	0.00642	0.00542	0.00171	0.00745	0.00529	0.00300	0.00770
5	0.02763	0.00636	0.00786	0.00752	0.00897	0.00606	0.00559	0.01183	0.04662	0.02239	0.57052	0.09327	0.08694	0.03556	0.00749	0.00201	0.00305	0.01063	0.03407	0.00561
6	0.06427	0.00574	0.00699	0.00795	0.00849	0.00562	0.00532	0.00906	0.01080	0.01528	0.02826	0.57154	0.03340	0.16286	0.01154	0.00300	0.00400	0.03617	0.00500	0.00470
7	0.18149	0.01139	0.01378	0.10082	0.10012	0.02982	0.01004	0.12917	0.01543	0.17381	0.04811	0.12883	0.01606	0.00833	0.00573	0.00191	0.00553	0.00688	0.00493	0.00781
8	0.11581	0.00804	0.00960	0.03870	0.01203	0.00840	0.00733	0.10743	0.01345	0.04560	0.02332	0.36254	0.02533	0.01443	0.00847	0.09128	0.00463	0.09286	0.00495	0.00579
9	0.00723	0.00584	0.00648	0.00692	0.00846	0.00508	0.00512	0.00871	0.01295	0.01588	0.05088	0.24219	0.51899	0.01597	0.00722	0.00215	0.00329	0.06618	0.00549	0.00498
10	0.01313	0.01448	0.03063	0.13373	0.03094	0.01405	0.58346	0.01771	0.01348	0.01814	0.01305	0.06438	0.01071	0.00597	0.00686	0.00202	0.00926	0.00734	0.00309	0.00757
11	0.01238	0.01191	0.02081	0.47048	0.25021	0.01337	0.07818	0.01625	0.01255	0.01676	0.01146	0.01702	0.00922	0.00597	0.00606	0.00193	0.00773	0.02738	0.00283	0.00748
12	0.01748	0.01808	0.09709	0.01257	0.01636	0.20669	0.01086	0.24936	0.04936	0.02423	0.03947	0.01895	0.02885	0.00856	0.02920	0.00196	0.00726	0.03554	0.12030	0.00782
13	0.00897	0.00619	0.00779	0.00730	0.00882	0.00564	0.00543	0.01137	0.01574	0.05316	0.57486	0.04454	0.14826	0.06582	0.00852	0.00214	0.00312	0.01060	0.00620	0.00555
14	0.01396	0.01595	0.03490	0.02493	0.03091	0.01496	0.73380	0.01894	0.01396	0.01894	0.01196	0.01595	0.00897	0.00499	0.00698	0.00199	0.00997	0.00698	0.00299	0.00798
15	0.00992	0.00725	0.00915	0.00986	0.03566	0.00715	0.00700	0.07631	0.04550	0.03547	0.10049	0.42397	0.10627	0.01515	0.00720	0.00223	0.00402	0.08588	0.00560	0.00590
16	0.02256	0.00991	0.01294	0.01029	0.01428	0.00909	0.00836	0.05133	0.08173	0.55604	0.13476	0.02378	0.02109	0.00811	0.00611	0.00185	0.00471	0.00672	0.00703	0.00931
17	0.01305	0.01328	0.02000	0.01658	0.01726	0.01776	0.09408	0.01476	0.00961	0.01476	0.00824	0.01328	0.00790	0.00975	0.01801	0.00252	0.69451	0.00538	0.00263	0.00664
18	0.00721	0.00515	0.00686	0.00823	0.00858	0.00480	0.00549	0.00823	0.01132	0.01510	0.03259	0.78831	0.03911	0.01853	0.00755	0.00240	0.00343	0.01681	0.00549	0.00480
19	0.01619	0.59170	0.10956	0.01126	0.01645	0.08594	0.01136	0.01865	0.01280	0.04646	0.02713	0.01121	0.00904	0.00548	0.00430	0.00139	0.00683	0.00365	0.00287	0.00771
20	0.02422	0.01073	0.03718	0.01113	0.01560	0.00905	0.03363	0.04536	0.01659	0.64122	0.02295	0.07231	0.01578	0.00795	0.00608	0.00187	0.00524	0.00666	0.00686	0.00959
21	0.00861	0.00627	0.00838	0.00948	0.01067	0.00604	0.00773	0.01079	0.01324	0.01726	0.08074	0.23831	0.11782	0.01644	0.00781	0.00251	0.00451	0.42261	0.00553	0.00525
22	0.03155	0.01386	0.03969	0.25313	0.43012	0.03854	0.01668	0.04330	0.04150	0.01889	0.01141	0.01495	0.00912	0.00567	0.00581	0.00183	0.00728	0.00521	0.00307	0.00840
23	0.01395	0.06862	0.38089	0.04290	0.08932	0.02900	0.09544	0.05024	0.09119	0.04722	0.01363	0.01518	0.02373	0.00606	0.00578	0.00185	0.00781	0.00518	0.00336	0.00863
24	0.01296	0.04335	0.06287	0.02895	0.09552	0.00952	0.00875	0.09718	0.01419	0.04972	0.01851	0.13072	0.01637	0.00942	0.02888	0.00193	0.00493	0.00697	0.35240	0.00686
25	0.00929	0.00598	0.00790	0.00830	0.00945	0.00552	0.00606	0.01109	0.01365	0.07805	0.24342	0.41626	0.07454	0.01540	0.00728	0.00220	0.00352	0.07067	0.00593	0.00552
26	0.01572	0.13371	0.13305	0.04033	0.27629	0.03882	0.01475	0.06331	0.01445	0.09951	0.01445	0.02020	0.01227	0.00699	0.00578	0.00182	0.00688	0.08940	0.00376	0.00850

[dist]
# distance from previous block
# <min> <max>
0	2

[block]
# block no. 8 follows, 39 sequences, length 21
# corresponding to MSA columns:
# 661-681
name=unknown_I
#
# <colnr> <probs for GDERKNQSTAVLIFYWHMCP>
#	G	D	E	R	K	N	Q	S	T	A	V	L	I	F	Y	W	H	M	C	P
0	0.03155	0.18377	0.24723	0.04315	0.04663	0.11393	0.01412	0.07305	0.05401	0.10269	0.02853	0.01397	0.01021	0.00613	0.00529	0.00169	0.00738	0.00460	0.00369	0.00836
1	0.56383	0.09129	0.07170	0.00937	0.01342	0.08794	0.00839	0.01766	0.01129	0.02292	0.01129	0.01247	0.04686	0.00603	0.00417	0.00176	0.00559	0.00385	0.00349	0.00668
2	0.01585	0.73046	0.04921	0.01087	0.01599	0.04540	0.03151	0.01795	0.01223	0.01420	0.00842	0.00979	0.00763	0.00510	0.00398	0.00131	0.00662	0.00332	0.00256	0.00761
3	0.01018	0.01327	0.22771	0.01029	0.01386	0.00797	0.01032	0.01355	0.01406	0.05957	0.30380	0.11765	0.10356	0.02776	0.00769	0.03327	0.00489	0.00920	0.00496	0.00644
4	0.01447	0.35984	0.20760	0.06644	0.04138	0.07989	0.03433	0.03793	0.01300	0.01629	0.01129	0.07142	0.01019	0.00645	0.00502	0.00162	0.00730	0.00495	0.00292	0.00766
5	0.62604	0.01212	0.04991	0.03648	0.01331	0.01270	0.00770	0.04953	0.01142	0.04482	0.03771	0.01334	0.00957	0.04818	0.00556	0.00205	0.00501	0.00408	0.00386	0.00662
6	0.04489	0.00984	0.01274	0.01015	0.01419	0.00894	0.00830	0.04622	0.05592	0.56706	0.07909	0.02463	0.05768	0.00828	0.00607	0.00187	0.00478	0.02321	0.00691	0.00921
7	0.01143	0.00704	0.00862	0.00791	0.00979	0.00659	0.00587	0.01440	0.06552	0.13687	0.32707	0.08020	0.15799	0.12233	0.01005	0.00247	0.00376	0.01000	0.00596	0.00613
8	0.16816	0.11077	0.01729	0.01190	0.01628	0.01745	0.01002	0.47808	0.02166	0.03119	0.01247	0.01327	0.00935	0.00856	0.04628	0.00214	0.00664	0.00473	0.00494	0.00883
9	0.01233	0.01211	0.01771	0.20872	0.02173	0.01649	0.01362	0.01429	0.00982	0.01448	0.00913	0.03466	0.00864	0.00945	0.01566	0.00243	0.56408	0.00551	0.00268	0.00645
10	0.00716	0.00577	0.00638	0.00671	0.00822	0.00499	0.00485	0.00863	0.01316	0.01636	0.10843	0.25323	0.50401	0.01570	0.00714	0.00210	0.00310	0.01351	0.00557	0.00499
11	0.01151	0.01114	0.01952	0.67892	0.03901	0.01347	0.09027	0.01548	0.01197	0.01548	0.01058	0.01571	0.00799	0.00594	0.00640	0.00199	0.02983	0.00543	0.00266	0.00671
12	0.00899	0.00620	0.00749	0.00736	0.00775	0.00650	0.00468	0.03131	0.00939	0.01277	0.01786	0.03444	0.01963	0.59840	0.19700	0.00647	0.00805	0.00799	0.00356	0.00417
13	0.00721	0.00515	0.00686	0.00823	0.00858	0.00480	0.00549	0.00823	0.01132	0.01510	0.03259	0.78831	0.03911	0.01853	0.00755	0.00240	0.00343	0.01681	0.00549	0.00480
14	0.01252	0.01161	0.01610	0.06340	0.01580	0.01580	0.01177	0.01422	0.00977	0.01552	0.00976	0.01456	0.00894	0.00952	0.01612	0.00236	0.60811	0.00523	0.13257	0.00632
15	0.00798	0.00602	0.00823	0.00874	0.00954	0.00567	0.03299	0.00960	0.03215	0.01552	0.05093	0.60498	0.04802	0.09612	0.00967	0.00265	0.00395	0.01470	0.00519	0.02735
16	0.10703	0.52413	0.12052	0.01130	0.01645	0.10479	0.01136	0.01847	0.01239	0.01600	0.00863	0.01002	0.00745	0.00530	0.00419	0.00143	0.00693	0.00339	0.00271	0.00752
17	0.01061	0.00929	0.01157	0.04665	0.01308	0.06535	0.00867	0.01260	0.01030	0.01454	0.01392	0.02044	0.01287	0.05883	0.45336	0.00650	0.14085	0.00586	0.05520	0.02951
18	0.79760	0.01167	0.00910	0.00804	0.01175	0.01349	0.00662	0.04955	0.01086	0.02701	0.00850	0.00981	0.00657	0.00556	0.00376	0.00183	0.00466	0.00330	0.00376	0.00657
19	0.00808	0.00595	0.00756	0.00734	0.00871	0.00543	0.00544	0.01053	0.01579	0.02189	0.59388	0.12186	0.13934	0.01310	0.00704	0.00193	0.00288	0.01154	0.00628	0.00543
20	0.03379	0.11933	0.41783	0.01457	0.02126	0.06110	0.03197	0.08459	0.03154	0.04671	0.01193	0.03465	0.00923	0.00612	0.00540	0.00173	0.00767	0.00472	0.00328	0.05257

[dist]
# distance from previous block
# <min> <max>
0	1

[block]
# block no. 9 follows, 39 sequences, length 71
# corresponding to MSA columns:
# 683-701,703-737,739-755
name=unknown_J
#
# <colnr> <probs for GDERKNQSTAVLIFYWHMCP>
#	G	D	E	R	K	N	Q	S	T	A	V	L	I	F	Y	W	H	M	C	P
0	0.01232	0.04444	0.57218	0.01913	0.09900	0.01383	0.09098	0.01841	0.01287	0.01887	0.03637	0.01407	0.00950	0.00573	0.00578	0.00186	0.00843	0.00491	0.00273	0.00859
1	0.03507	0.20480	0.16851	0.01275	0.03650	0.01566	0.01211	0.12029	0.14350	0.12044	0.03584	0.01713	0.03885	0.00683	0.00538	0.00173	0.00614	0.00528	0.00449	0.00868
2	0.01321	0.05225	0.60760	0.03503	0.02432	0.09018	0.01963	0.03861	0.01341	0.01869	0.02775	0.01308	0.00871	0.00585	0.00558	0.00182	0.00864	0.00447	0.00274	0.00842
3	0.00854	0.00629	0.00927	0.00927	0.01030	0.00727	0.00716	0.01061	0.00958	0.01395	0.01605	0.02367	0.01501	0.06629	0.71860	0.00910	0.01506	0.00638	0.03236	0.00524
4	0.01226	0.01169	0.01943	0.50515	0.22682	0.01388	0.01653	0.01582	0.01198	0.01613	0.01040	0.01518	0.00826	0.00619	0.00726	0.00198	0.08578	0.00525	0.00270	0.00730
5	0.01228	0.00897	0.03708	0.01018	0.02875	0.00829	0.00813	0.04140	0.11541	0.11334	0.19277	0.08508	0.12065	0.04088	0.00773	0.00224	0.00447	0.14977	0.00579	0.00680
6	0.03116	0.00779	0.00901	0.00826	0.01015	0.03325	0.00628	0.04043	0.04274	0.07466	0.52240	0.07513	0.06608	0.01129	0.00663	0.00186	0.00351	0.00978	0.03339	0.00620
7	0.00844	0.00612	0.00762	0.00836	0.00919	0.00590	0.00581	0.05813	0.01268	0.01676	0.05149	0.57505	0.09890	0.06959	0.00892	0.00255	0.00381	0.04013	0.00541	0.00514
8	0.08032	0.01480	0.04607	0.10079	0.21406	0.01437	0.33808	0.05898	0.01414	0.04355	0.01175	0.01503	0.00896	0.00540	0.00619	0.00190	0.00819	0.00587	0.00328	0.00827
9	0.01599	0.55380	0.13822	0.01144	0.01689	0.01961	0.02937	0.01878	0.01280	0.09041	0.03703	0.01242	0.01006	0.00562	0.00448	0.00145	0.00652	0.00399	0.00316	0.00795
10	0.00741	0.00522	0.00688	0.00809	0.00854	0.00488	0.00545	0.00861	0.01170	0.01587	0.07691	0.71552	0.03932	0.01772	0.00739	0.00233	0.00337	0.01604	0.03388	0.00488
11	0.00747	0.00549	0.00692	0.00776	0.00853	0.00505	0.00538	0.00881	0.01233	0.01627	0.13003	0.50878	0.15959	0.05472	0.00850	0.00244	0.00345	0.03806	0.00553	0.00490
12	0.01404	0.01355	0.04653	0.22967	0.36202	0.01379	0.05509	0.10376	0.01470	0.02009	0.01373	0.03672	0.03731	0.00637	0.00602	0.00186	0.00717	0.00590	0.00336	0.00832
13	0.01299	0.01187	0.04121	0.34366	0.23596	0.01249	0.01499	0.05192	0.03287	0.04477	0.04684	0.02186	0.03951	0.00721	0.00613	0.00194	0.00685	0.05569	0.00359	0.00762
14	0.16082	0.00709	0.00781	0.00737	0.00923	0.00699	0.00555	0.01235	0.01421	0.04853	0.39759	0.08025	0.13135	0.05586	0.00761	0.00211	0.00343	0.00947	0.02673	0.00566
15	0.00977	0.00594	0.00807	0.00857	0.00921	0.00581	0.00606	0.03765	0.01111	0.04024	0.02359	0.38108	0.02651	0.03882	0.01330	0.27839	0.00444	0.08244	0.00454	0.00448
16	0.01896	0.01677	0.13101	0.04139	0.01913	0.01483	0.01212	0.40622	0.04344	0.09778	0.01467	0.03373	0.01082	0.00683	0.00573	0.00172	0.00638	0.00534	0.00510	0.10803
17	0.17584	0.01371	0.07462	0.16546	0.28819	0.01319	0.09282	0.01688	0.01222	0.01946	0.01149	0.04156	0.00977	0.03309	0.00643	0.00201	0.00698	0.00549	0.00310	0.00770
18	0.03425	0.01479	0.04430	0.15730	0.28336	0.09455	0.01431	0.09768	0.01544	0.10429	0.03226	0.01688	0.01130	0.00637	0.00582	0.00179	0.00707	0.02390	0.00389	0.03046
19	0.04163	0.18812	0.22535	0.01537	0.07994	0.06784	0.01414	0.18376	0.04248	0.02194	0.01197	0.03953	0.00972	0.00650	0.00567	0.00173	0.02736	0.00487	0.00363	0.00847
20	0.22582	0.13572	0.13879	0.05097	0.04943	0.18641	0.01180	0.01890	0.01272	0.04506	0.01016	0.01220	0.00815	0.00850	0.06063	0.00225	0.00802	0.00404	0.00317	0.00725
21	0.00939	0.00686	0.00930	0.00904	0.01012	0.00766	0.00675	0.05866	0.01082	0.01519	0.04021	0.04534	0.01777	0.19617	0.52057	0.00778	0.01239	0.00714	0.00360	0.00524
22	0.67626	0.01212	0.05107	0.00837	0.01210	0.01266	0.00723	0.03565	0.01081	0.04496	0.00981	0.01219	0.00788	0.05171	0.00545	0.00205	0.00489	0.00377	0.02448	0.00654
23	0.19476	0.38128	0.15354	0.01077	0.01590	0.01761	0.01108	0.04349	0.01271	0.04374	0.05851	0.01286	0.01082	0.00587	0.00445	0.00157	0.00610	0.00405	0.00332	0.00757
24	0.01907	0.06938	0.01685	0.05613	0.03812	0.04050	0.01062	0.30748	0.19773	0.11524	0.04027	0.01739	0.01359	0.00716	0.00578	0.00179	0.00594	0.00566	0.00548	0.02582
25	0.01112	0.00669	0.01019	0.07235	0.01201	0.00701	0.03352	0.05101	0.00951	0.01268	0.01078	0.01769	0.01018	0.01883	0.04682	0.65191	0.00601	0.00527	0.00280	0.00363
26	0.01190	0.01091	0.04094	0.10818	0.04257	0.01223	0.02533	0.09423	0.01246	0.01731	0.01653	0.17280	0.01723	0.11292	0.03324	0.00291	0.22457	0.03361	0.00381	0.00633
27	0.01579	0.07304	0.15355	0.03771	0.04347	0.02759	0.05252	0.07946	0.04243	0.17929	0.06212	0.04457	0.07454	0.00863	0.00617	0.00192	0.00620	0.07811	0.00485	0.00804
28	0.01258	0.00916	0.01090	0.01033	0.01266	0.00953	0.00837	0.14289	0.12112	0.04956	0.14927	0.10822	0.08706	0.01257	0.00704	0.00219	0.00470	0.22907	0.00586	0.00692
29	0.01158	0.01202	0.05598	0.59311	0.03639	0.01333	0.09107	0.01559	0.01196	0.01590	0.01085	0.01571	0.00824	0.00607	0.00665	0.00198	0.04825	0.00540	0.03315	0.00678
30	0.05793	0.18625	0.25181	0.03384	0.02106	0.18991	0.08702	0.03194	0.01365	0.03393	0.01030	0.01226	0.00808	0.00685	0.02956	0.00192	0.00867	0.00433	0.00293	0.00775
31	0.01429	0.01456	0.02223	0.25736	0.40803	0.09005	0.07317	0.01785	0.01334	0.01753	0.01080	0.01468	0.00871	0.00552	0.00591	0.00182	0.00788	0.00525	0.00285	0.00816
32	0.00804	0.00596	0.00749	0.00834	0.00930	0.00568	0.00612	0.01005	0.03826	0.01628	0.07258	0.40934	0.15689	0.06959	0.00903	0.00258	0.00392	0.15005	0.00542	0.00508
33	0.00893	0.00637	0.00788	0.00852	0.00954	0.00624	0.00599	0.01188	0.09510	0.04232	0.05924	0.51636	0.09200	0.06423	0.00867	0.00250	0.00379	0.03940	0.00553	0.00550
34	0.01349	0.01107	0.01623	0.03759	0.18942	0.01154	0.07379	0.15611	0.03496	0.02074	0.01717	0.15678	0.01668	0.08969	0.03405	0.04028	0.02299	0.00791	0.04227	0.00722
35	0.00782	0.00608	0.00722	0.00762	0.00917	0.00548	0.00594	0.00975	0.01378	0.01753	0.16307	0.14636	0.38753	0.01525	0.00732	0.00219	0.00358	0.17349	0.00565	0.00517
36	0.00846	0.00628	0.00924	0.00924	0.01021	0.00725	0.00707	0.01039	0.00943	0.01354	0.01608	0.02455	0.01536	0.10811	0.70576	0.00918	0.01498	0.00653	0.00320	0.00514
37	0.36416	0.01355	0.07698	0.03841	0.12593	0.01308	0.01060	0.10305	0.03366	0.09283	0.06490	0.01513	0.01203	0.00638	0.00500	0.00183	0.00555	0.00481	0.00429	0.00784
38	0.03529	0.02470	0.52232	0.01610	0.04573	0.01318	0.03594	0.05798	0.02936	0.14420	0.01320	0.01414	0.00911	0.00600	0.00569	0.00186	0.00779	0.00480	0.00361	0.00899
39	0.02477	0.01034	0.01364	0.01075	0.01510	0.00940	0.00885	0.04703	0.08003	0.64933	0.02345	0.02187	0.01553	0.00771	0.00603	0.00188	0.00506	0.03230	0.00710	0.00983
