[name]
unknown

[dist]
# distance from previous block
# <min> <max>
27	213

[block]
# block no. 0 follows, 40 sequences, length 6
# corresponding to MSA columns:
# 263-268
name=unknown_A
#
# <colnr> <probs for GDERKNQSTAVLIFYWHMCP>
#	G	D	E	R	K	N	Q	S	T	A	V	L	I	F	Y	W	H	M	C	P
0	0.01627	0.01252	0.01568	0.01230	0.01625	0.01276	0.08110	0.32589	0.06891	0.05406	0.11185	0.08576	0.01858	0.00804	0.00597	0.00171	0.00551	0.00690	0.00526	0.13467
1	0.01723	0.06715	0.07755	0.01218	0.01665	0.01413	0.04353	0.33682	0.06266	0.07860	0.03840	0.04882	0.06002	0.00756	0.00570	0.00171	0.00581	0.00612	0.02855	0.07081
2	0.01627	0.10007	0.06457	0.01260	0.01730	0.04848	0.08386	0.19997	0.01638	0.06171	0.01212	0.01354	0.00932	0.00585	0.00580	0.00149	0.04435	0.00459	0.05055	0.23120
3	0.01473	0.01125	0.01423	0.01106	0.01505	0.01059	0.06746	0.19673	0.03850	0.06935	0.04052	0.10555	0.01536	0.05825	0.00711	0.00178	0.00526	0.00648	0.00464	0.30610
4	0.01401	0.06472	0.06379	0.04813	0.01986	0.03591	0.19465	0.13440	0.01453	0.01985	0.01296	0.06481	0.01151	0.07111	0.00862	0.00204	0.06076	0.00607	0.00360	0.14869
5	0.07197	0.04759	0.01461	0.01098	0.01476	0.01404	0.00892	0.36074	0.05802	0.02766	0.07411	0.01765	0.01419	0.05692	0.00741	0.00188	0.03507	0.00543	0.02478	0.13327

[dist]
# distance from previous block
# <min> <max>
6	29

[block]
# block no. 1 follows, 40 sequences, length 8
# corresponding to MSA columns:
# 298-305
name=unknown_B
#
# <colnr> <probs for GDERKNQSTAVLIFYWHMCP>
#	G	D	E	R	K	N	Q	S	T	A	V	L	I	F	Y	W	H	M	C	P
0	0.09114	0.00850	0.01216	0.06460	0.05220	0.00857	0.07842	0.05903	0.01284	0.01865	0.06936	0.41781	0.02685	0.01247	0.00654	0.00207	0.00478	0.01129	0.00468	0.03805
1	0.01780	0.04791	0.08934	0.01702	0.14900	0.19353	0.01243	0.08011	0.04956	0.14297	0.01442	0.06493	0.01179	0.00802	0.02309	0.00195	0.05832	0.00561	0.00410	0.00810
2	0.06311	0.00685	0.00821	0.00848	0.00994	0.00664	0.00606	0.01248	0.08294	0.05415	0.06390	0.51810	0.05155	0.01448	0.00669	0.00212	0.00366	0.01286	0.00533	0.06243
3	0.03135	0.28117	0.03573	0.12589	0.01985	0.06447	0.06862	0.06615	0.01345	0.01735	0.01219	0.03206	0.01103	0.00655	0.00513	0.00158	0.00662	0.07347	0.00329	0.12404
4	0.05171	0.00930	0.01193	0.01029	0.01270	0.00958	0.07739	0.11981	0.05066	0.02015	0.07987	0.13975	0.26487	0.04193	0.00827	0.00216	0.05536	0.02302	0.00497	0.00627
5	0.01420	0.41005	0.04579	0.00993	0.01379	0.10726	0.00892	0.01602	0.01242	0.03509	0.01649	0.08620	0.08368	0.05366	0.00622	0.00171	0.00604	0.00572	0.00335	0.06345
6	0.09466	0.01170	0.03831	0.05543	0.01590	0.01093	0.00899	0.09807	0.02918	0.12496	0.01358	0.01476	0.02468	0.00613	0.00615	0.00149	0.07473	0.00453	0.03017	0.33564
7	0.14914	0.13355	0.10771	0.01167	0.01518	0.15795	0.01050	0.05600	0.01335	0.03518	0.07786	0.06044	0.01401	0.00944	0.04774	0.00218	0.08225	0.00537	0.00361	0.00689

[dist]
# distance from previous block
# <min> <max>
0	1

[block]
# block no. 2 follows, 40 sequences, length 11
# corresponding to MSA columns:
# 307-317
name=unknown_C
#
# <colnr> <probs for GDERKNQSTAVLIFYWHMCP>
#	G	D	E	R	K	N	Q	S	T	A	V	L	I	F	Y	W	H	M	C	P
0	0.00849	0.00734	0.01242	0.01130	0.01293	0.00683	0.15616	0.01042	0.01206	0.01609	0.06483	0.54915	0.07858	0.01495	0.00725	0.00223	0.00464	0.01398	0.00494	0.00541
1	0.01697	0.01142	0.01248	0.01061	0.01395	0.01245	0.00842	0.16966	0.34421	0.13510	0.02064	0.01986	0.01509	0.00738	0.00551	0.00177	0.00463	0.00596	0.17526	0.00867
2	0.01396	0.19001	0.01848	0.01154	0.01503	0.04437	0.04773	0.01653	0.03758	0.06163	0.01405	0.03351	0.05677	0.00716	0.00805	0.00161	0.18030	0.00505	0.00347	0.23317
3	0.01279	0.23393	0.41172	0.01315	0.02006	0.01489	0.01536	0.01737	0.01211	0.01725	0.00978	0.01144	0.00765	0.00513	0.00479	0.00148	0.00707	0.00380	0.00267	0.17758
4	0.01339	0.15713	0.05517	0.17716	0.02896	0.01589	0.41202	0.01749	0.01276	0.01682	0.01064	0.01429	0.00827	0.00527	0.00638	0.00184	0.03060	0.00569	0.00276	0.00747
5	0.02115	0.00958	0.01372	0.16878	0.01940	0.00913	0.00980	0.02379	0.01559	0.53351	0.09548	0.02133	0.01717	0.00739	0.00594	0.00183	0.00530	0.00619	0.00617	0.00874
6	0.01089	0.00843	0.00913	0.00810	0.01055	0.00825	0.00630	0.18924	0.01723	0.02225	0.17665	0.07534	0.41058	0.01244	0.00663	0.00190	0.00378	0.01040	0.00569	0.00624
7	0.22700	0.01148	0.01214	0.01028	0.01397	0.01241	0.00825	0.08444	0.27497	0.21518	0.05709	0.01859	0.01527	0.00721	0.00535	0.00186	0.00472	0.00561	0.00567	0.00850
8	0.01248	0.00751	0.00914	0.00803	0.01003	0.00713	0.00600	0.08007	0.01548	0.14876	0.33093	0.03697	0.11630	0.17225	0.01127	0.00262	0.00408	0.00900	0.00578	0.00618
9	0.00847	0.00668	0.00942	0.16670	0.01503	0.00683	0.00758	0.01103	0.01423	0.01940	0.41255	0.17451	0.10143	0.01203	0.00675	0.00196	0.00391	0.01066	0.00535	0.00550
10	0.01979	0.01050	0.01418	0.16911	0.01987	0.01036	0.01005	0.08980	0.05220	0.39906	0.06489	0.01934	0.01487	0.00699	0.00578	0.00176	0.00545	0.00579	0.00571	0.07450

[dist]
# distance from previous block
# <min> <max>
0	1

[block]
# block no. 3 follows, 40 sequences, length 96
# corresponding to MSA columns:
# 319-414
name=unknown_D
#
# <colnr> <probs for GDERKNQSTAVLIFYWHMCP>
#	G	D	E	R	K	N	Q	S	T	A	V	L	I	F	Y	W	H	M	C	P
0	0.01962	0.01448	0.01573	0.01256	0.01653	0.01593	0.01023	0.60159	0.04790	0.03282	0.01671	0.08423	0.01397	0.02965	0.00670	0.00195	0.00601	0.03864	0.00570	0.00905
1	0.00747	0.00547	0.00713	0.00801	0.00876	0.00497	0.00547	0.00873	0.01168	0.01582	0.09176	0.66544	0.05542	0.01678	0.00718	0.00222	0.00337	0.01515	0.00537	0.05382
2	0.02389	0.01037	0.03097	0.05613	0.01634	0.00899	0.00917	0.04402	0.01636	0.64989	0.02331	0.02085	0.04727	0.00741	0.00588	0.00181	0.00514	0.00605	0.00670	0.00944
3	0.03406	0.29881	0.12944	0.01366	0.05103	0.10956	0.03019	0.18132	0.01599	0.02032	0.01151	0.05776	0.00993	0.00643	0.00503	0.00159	0.00703	0.00482	0.00352	0.00799
4	0.01377	0.10373	0.42001	0.10403	0.05740	0.05384	0.01734	0.08714	0.05418	0.01938	0.01119	0.01302	0.00832	0.00578	0.00542	0.00177	0.00785	0.00450	0.00303	0.00832
5	0.12945	0.04045	0.19201	0.01180	0.01711	0.01195	0.01161	0.08549	0.05892	0.35840	0.01680	0.01591	0.01124	0.00651	0.00541	0.00180	0.00590	0.00502	0.00525	0.00899
6	0.78792	0.01140	0.00944	0.00931	0.05563	0.01309	0.00698	0.01714	0.01009	0.02567	0.00827	0.00974	0.00647	0.00539	0.00373	0.00180	0.00464	0.00327	0.00356	0.00647
7	0.02128	0.01567	0.01688	0.01302	0.01748	0.01729	0.01072	0.69672	0.02670	0.03586	0.05800	0.01571	0.01256	0.00727	0.00588	0.00175	0.00618	0.00555	0.00585	0.00963
8	0.01227	0.00755	0.01006	0.01014	0.01212	0.00736	0.00856	0.05724	0.01504	0.12817	0.13191	0.07812	0.04773	0.01369	0.00737	0.00235	0.00487	0.43337	0.00580	0.00627
9	0.01217	0.05372	0.01018	0.00816	0.01028	0.00707	0.00636	0.01460	0.01572	0.17162	0.49541	0.10708	0.04233	0.01113	0.00652	0.00184	0.00345	0.00970	0.00624	0.00642
10	0.11042	0.01026	0.01307	0.01018	0.01455	0.00940	0.00839	0.04498	0.03390	0.65035	0.02118	0.01861	0.01352	0.00702	0.00561	0.00180	0.00493	0.00557	0.00676	0.00950
11	0.00798	0.00618	0.00833	0.00912	0.00945	0.00659	0.00650	0.00908	0.01086	0.01474	0.02831	0.63166	0.03358	0.04083	0.00969	0.00250	0.10817	0.04654	0.00496	0.00493
12	0.04600	0.01532	0.08343	0.06976	0.01883	0.01497	0.01137	0.45700	0.02179	0.11529	0.01462	0.01507	0.01031	0.00672	0.00558	0.00174	0.00617	0.00516	0.07181	0.00904
13	0.00822	0.00554	0.00641	0.00665	0.00671	0.00548	0.00385	0.00839	0.00892	0.01190	0.02071	0.16907	0.02415	0.66051	0.02574	0.00507	0.00524	0.00986	0.00385	0.00373
14	0.00834	0.00559	0.00638	0.00649	0.00651	0.00556	0.00368	0.00843	0.00868	0.01157	0.01945	0.09970	0.02256	0.73205	0.02778	0.00537	0.00545	0.00912	0.00368	0.00362
15	0.01160	0.02814	0.01347	0.14723	0.01766	0.10249	0.01011	0.01450	0.04418	0.01471	0.01277	0.01782	0.01128	0.02349	0.35477	0.00524	0.10711	0.00538	0.00307	0.05498
16	0.01009	0.00606	0.00941	0.15559	0.01384	0.00654	0.00719	0.00900	0.00856	0.01129	0.01145	0.06319	0.01133	0.01733	0.01859	0.62319	0.00547	0.00575	0.00271	0.00341
17	0.06908	0.00901	0.01165	0.00959	0.01305	0.00822	0.00767	0.04777	0.01580	0.49380	0.11308	0.13459	0.02224	0.00927	0.00607	0.00188	0.00447	0.00780	0.00657	0.00839
18	0.01009	0.00833	0.05270	0.00777	0.01035	0.00669	0.00645	0.04914	0.02997	0.08876	0.12897	0.09452	0.45881	0.01283	0.00666	0.00194	0.00369	0.01079	0.00554	0.00600
19	0.42773	0.04363	0.02900	0.00930	0.01296	0.01323	0.00775	0.13677	0.08045	0.07427	0.03133	0.01603	0.03463	0.05332	0.00610	0.00202	0.00499	0.00479	0.00446	0.00726
20	0.01076	0.00829	0.01099	0.18787	0.01664	0.00926	0.00827	0.10829	0.01233	0.01645	0.03585	0.02773	0.05306	0.30472	0.16061	0.00468	0.00791	0.00708	0.00370	0.00549
21	0.01363	0.03116	0.09303	0.03554	0.01619	0.04013	0.03215	0.10180	0.03059	0.05433	0.13365	0.01838	0.01671	0.00740	0.02600	0.00162	0.00566	0.00532	0.00423	0.33248
22	0.01448	0.12905	0.04210	0.02817	0.49472	0.02694	0.08077	0.03467	0.01330	0.01827	0.01181	0.01472	0.02897	0.00561	0.00601	0.00171	0.03200	0.00518	0.00295	0.00859
23	0.00833	0.00562	0.00653	0.00661	0.00674	0.00558	0.00388	0.00862	0.00920	0.01237	0.06567	0.10089	0.02457	0.66668	0.04120	0.00520	0.00547	0.00921	0.00385	0.00378
24	0.01111	0.01048	0.01762	0.74689	0.05897	0.01304	0.01613	0.01492	0.01162	0.01495	0.01030	0.01542	0.00779	0.00588	0.00607	0.00194	0.02260	0.00517	0.00259	0.00653
25	0.01149	0.02307	0.01572	0.05881	0.01541	0.01480	0.01142	0.01311	0.00927	0.01394	0.01025	0.03335	0.00999	0.01795	0.19642	0.00410	0.52650	0.00560	0.00275	0.00607
26	0.00860	0.00587	0.00685	0.00697	0.00725	0.00584	0.00424	0.03196	0.00997	0.01337	0.05434	0.19230	0.02586	0.57530	0.02325	0.00467	0.00507	0.01010	0.00411	0.00406
27	0.00962	0.00704	0.00951	0.01065	0.01208	0.00716	0.00914	0.01323	0.06808	0.01778	0.03033	0.10252	0.03257	0.01557	0.00784	0.00261	0.00519	0.62807	0.00540	0.00561
28	0.01098	0.01034	0.01744	0.78165	0.04005	0.01292	0.01615	0.01486	0.01163	0.01486	0.01034	0.01550	0.00775	0.00581	0.00581	0.00194	0.00775	0.00517	0.00258	0.00646
29	0.00747	0.00522	0.00663	0.00760	0.00784	0.00498	0.00487	0.00820	0.01038	0.01384	0.02817	0.57859	0.03356	0.23815	0.01370	0.00329	0.00401	0.01425	0.00487	0.00438
30	0.00831	0.00623	0.00935	0.00935	0.01038	0.00727	0.00727	0.01038	0.00935	0.01350	0.01558	0.02285	0.01454	0.04361	0.77259	0.00935	0.01558	0.00623	0.00312	0.00519
31	0.00808	0.00604	0.00663	0.00651	0.00838	0.00517	0.00487	0.00974	0.01373	0.05513	0.15878	0.11173	0.55622	0.01420	0.00686	0.00197	0.00305	0.01203	0.00564	0.00524
32	0.01219	0.00851	0.01010	0.00909	0.01137	0.00877	0.00696	0.01928	0.25698	0.10211	0.41026	0.03357	0.03712	0.03872	0.00727	0.00201	0.00370	0.00865	0.00622	0.00711
33	0.01608	0.00875	0.01024	0.00900	0.01173	0.00882	0.00702	0.05330	0.17800	0.23829	0.03984	0.11287	0.01891	0.00864	0.00554	0.00177	0.00403	0.00723	0.25226	0.00768
34	0.02522	0.01009	0.01347	0.01046	0.01487	0.00899	0.00860	0.02853	0.07129	0.70823	0.02300	0.01994	0.01465	0.00725	0.00585	0.00181	0.00492	0.00590	0.00710	0.00984
35	0.01343	0.07494	0.03725	0.01077	0.01394	0.01262	0.00894	0.07292	0.38112	0.03878	0.02614	0.06319	0.09893	0.00958	0.00607	0.00197	0.00478	0.08617	0.03056	0.00790
36	0.01879	0.01288	0.01432	0.01156	0.01522	0.01402	0.00937	0.45787	0.06281	0.09361	0.01687	0.05644	0.01314	0.01105	0.07791	0.00247	0.00650	0.00606	0.09043	0.00868
37	0.00744	0.00523	0.00662	0.00758	0.00787	0.00497	0.00488	0.00820	0.01047	0.01392	0.02898	0.57613	0.04912	0.22450	0.01330	0.00322	0.00397	0.01430	0.00490	0.00441
38	0.00777	0.00626	0.00691	0.00683	0.00856	0.00567	0.00509	0.01037	0.05735	0.01782	0.21509	0.09129	0.46600	0.04243	0.00770	0.00211	0.00318	0.02873	0.00559	0.00525
39	0.26238	0.08248	0.06222	0.03091	0.11275	0.11151	0.01065	0.05327	0.01386	0.19023	0.01242	0.01309	0.00904	0.00591	0.00489	0.00171	0.00625	0.00431	0.00416	0.00796
40	0.01759	0.02098	0.01673	0.23396	0.04569	0.47590	0.01272	0.01980	0.01450	0.01456	0.01007	0.03604	0.00857	0.00648	0.00611	0.00170	0.04437	0.00465	0.00293	0.00666
41	0.69156	0.05022	0.01055	0.06602	0.03024	0.01332	0.00741	0.01686	0.01026	0.02435	0.00865	0.01036	0.00678	0.00544	0.00383	0.00177	0.00483	0.00341	0.02773	0.00641
42	0.02176	0.02663	0.01657	0.01483	0.01798	0.70086	0.01122	0.09109	0.01751	0.01636	0.00946	0.01082	0.00772	0.00609	0.00530	0.00152	0.01010	0.00389	0.00326	0.00704
43	0.00877	0.00619	0.00762	0.00811	0.00877	0.00612	0.00551	0.06321	0.01189	0.01590	0.05224	0.45057	0.03167	0.23944	0.01366	0.00325	0.00434	0.05300	0.00493	0.00483
44	0.01227	0.10008	0.53059	0.01568	0.04349	0.01364	0.05072	0.01776	0.01229	0.01806	0.01027	0.01218	0.00768	0.00526	0.00524	0.00164	0.00775	0.00420	0.00264	0.12857
45	0.01169	0.01065	0.01764	0.35904	0.27720	0.01177	0.01507	0.01509	0.01247	0.01672	0.01510	0.05470	0.01411	0.00795	0.00626	0.00202	0.00686	0.13523	0.00330	0.00712
46	0.02462	0.00995	0.01327	0.01035	0.01465	0.00887	0.00849	0.02791	0.06981	0.68362	0.04886	0.02077	0.01607	0.00741	0.00589	0.00181	0.00485	0.00607	0.00708	0.00969
47	0.01424	0.03434	0.02141	0.03308	0.01939	0.08912	0.16831	0.04491	0.02997	0.01617	0.00937	0.01339	0.00821	0.00824	0.01363	0.00223	0.45881	0.00534	0.00288	0.00695
48	0.01191	0.05964	0.70371	0.01667	0.02500	0.01393	0.05330	0.01839	0.01232	0.01824	0.01040	0.01232	0.00744	0.00548	0.00551	0.00182	0.00856	0.00437	0.00248	0.00852
49	0.01019	0.00634	0.00836	0.00771	0.00937	0.00578	0.00583	0.01276	0.01613	0.10711	0.62420	0.09086	0.04916	0.01178	0.00678	0.00186	0.00304	0.01039	0.00643	0.00594
50	0.00988	0.00661	0.00916	0.01015	0.01153	0.00647	0.00859	0.01234	0.01348	0.05576	0.07842	0.14944	0.03450	0.01559	0.00777	0.00254	0.00492	0.55179	0.00552	0.00552
51	0.01237	0.01302	0.04483	0.38713	0.03238	0.01405	0.25180	0.03820	0.01262	0.01695	0.02687	0.01573	0.00917	0.00615	0.00762	0.00200	0.09337	0.00581	0.00287	0.00705
52	0.03798	0.00654	0.00765	0.05510	0.01008	0.00678	0.02125	0.01422	0.01198	0.05839	0.01784	0.02178	0.01436	0.06932	0.00665	0.00181	0.02007	0.00562	0.60691	0.00567
53	0.00920	0.00657	0.00917	0.01051	0.01178	0.00655	0.00907	0.01175	0.01322	0.01721	0.03088	0.12004	0.03384	0.01623	0.00799	0.00265	0.00521	0.66747	0.00536	0.00531
54	0.01042	0.00630	0.00834	0.00788	0.00947	0.00575	0.00588	0.01275	0.01544	0.12163	0.51456	0.18765	0.04617	0.01250	0.00683	0.00193	0.00317	0.01107	0.00631	0.00593
55	0.03938	0.01252	0.04111	0.31835	0.17252	0.03932	0.01394	0.06816	0.04748	0.12763	0.03632	0.01761	0.01157	0.00647	0.00580	0.00185	0.00676	0.02142	0.00391	0.00789
56	0.02179	0.01865	0.01587	0.01306	0.01691	0.27626	0.01036	0.34386	0.02122	0.13414	0.03558	0.01473	0.01120	0.00681	0.00560	0.00166	0.00737	0.00497	0.03143	0.00853
57	0.00842	0.00562	0.00635	0.00638	0.00639	0.00562	0.00357	0.00845	0.00852	0.01136	0.01865	0.05590	0.02155	0.77722	0.02907	0.00556	0.00558	0.00865	0.00357	0.00355
58	0.08638	0.01165	0.01387	0.01078	0.01510	0.01151	0.00889	0.23478	0.01903	0.45771	0.01898	0.01739	0.01248	0.00698	0.00558	0.00176	0.00523	0.00544	0.04707	0.00940
59	0.01172	0.02967	0.74485	0.01680	0.02532	0.01354	0.04173	0.01842	0.01232	0.01842	0.01047	0.01237	0.00741	0.00551	0.00556	0.00184	0.00863	0.00437	0.00247	0.00857
60	0.00969	0.00711	0.00760	0.00711	0.00929	0.02309	0.00542	0.01226	0.05204	0.08846	0.19401	0.04722	0.48952	0.01289	0.00669	0.00191	0.00335	0.01082	0.00575	0.00576
61	0.79489	0.01209	0.00895	0.00802	0.01159	0.05200	0.00655	0.01741	0.01023	0.02548	0.00814	0.00950	0.00636	0.00543	0.00368	0.00178	0.00481	0.00318	0.00357	0.00632
62	0.01137	0.01050	0.01755	0.56553	0.15887	0.01235	0.01565	0.01504	0.01211	0.01586	0.01281	0.02113	0.01099	0.00690	0.00606	0.00199	0.00733	0.08821	0.00296	0.00680
63	0.00726	0.00515	0.00675	0.00790	0.00825	0.00484	0.00523	0.00824	0.01109	0.01485	0.05922	0.69252	0.03750	0.09009	0.00946	0.00264	0.00356	0.01555	0.00526	0.00464
64	0.01436	0.01415	0.02191	0.11267	0.50660	0.06224	0.05883	0.02935	0.01342	0.01850	0.01079	0.01411	0.00887	0.00523	0.00566	0.00167	0.00715	0.00502	0.00296	0.08652
65	0.04407	0.02934	0.73577	0.01622	0.02462	0.01349	0.02089	0.01836	0.01218	0.01872	0.01034	0.01217	0.00732	0.00552	0.00545	0.00184	0.00843	0.00425	0.00250	0.00850
66	0.04488	0.01022	0.01356	0.01042	0.01490	0.00908	0.00861	0.06023	0.01697	0.71330	0.02219	0.01929	0.01400	0.00715	0.00579	0.00180	0.00500	0.00576	0.00705	0.00981
67	0.01120	0.00712	0.00888	0.00797	0.00998	0.00669	0.00610	0.03732	0.05389	0.11985	0.50815	0.03946	0.11915	0.02955	0.00718	0.00193	0.00333	0.00967	0.00629	0.00629
68	0.12443	0.40768	0.17882	0.01166	0.01701	0.07045	0.01202	0.06901	0.03052	0.01822	0.00942	0.01066	0.00770	0.00543	0.00439	0.00151	0.00675	0.00364	0.00298	0.00771
69	0.00928	0.00667	0.00925	0.01054	0.01190	0.00663	0.00920	0.01192	0.01338	0.01734	0.03178	0.06526	0.05898	0.01602	0.00799	0.00265	0.00527	0.69525	0.00536	0.00534
70	0.00845	0.00596	0.00769	0.00734	0.00875	0.00546	0.00547	0.01096	0.01583	0.03899	0.63333	0.09983	0.10512	0.01247	0.00688	0.00188	0.00286	0.01099	0.00627	0.00549
71	0.00804	0.00590	0.00675	0.00702	0.00785	0.00562	0.00474	0.00935	0.03170	0.01420	0.04944	0.16367	0.22909	0.35424	0.01689	0.00368	0.00442	0.06831	0.00462	0.00445
72	0.01227	0.14931	0.65155	0.01555	0.02358	0.01498	0.01970	0.01826	0.01221	0.01768	0.01007	0.01182	0.00738	0.00544	0.00525	0.00175	0.00823	0.00411	0.00246	0.00842
73	0.00920	0.00657	0.00918	0.01052	0.01178	0.00655	0.00908	0.01176	0.01322	0.01722	0.03088	0.11883	0.03383	0.01622	0.00799	0.00265	0.00521	0.66863	0.00536	0.00531
74	0.03307	0.01332	0.02526	0.26918	0.03049	0.01453	0.36141	0.01697	0.02944	0.01704	0.01088	0.01518	0.00845	0.00605	0.00821	0.00204	0.12249	0.00595	0.00285	0.00717
75	0.02161	0.02412	0.01679	0.01454	0.01793	0.54115	0.01122	0.22471	0.01935	0.02054	0.01035	0.01152	0.00817	0.00638	0.00575	0.00159	0.02870	0.00420	0.00378	0.00762
76	0.04051	0.01575	0.02760	0.02071	0.02471	0.07815	0.46075	0.01772	0.01254	0.01727	0.01031	0.01426	0.00831	0.00642	0.00989	0.00207	0.21683	0.00601	0.00286	0.00731
77	0.81618	0.03094	0.00910	0.00770	0.01134	0.01329	0.00639	0.01710	0.00994	0.02578	0.00810	0.00944	0.00633	0.00539	0.00360	0.00179	0.00454	0.00315	0.00357	0.00633
78	0.00709	0.00506	0.00675	0.00810	0.00843	0.00472	0.00540	0.00810	0.01113	0.01484	0.03205	0.79184	0.03846	0.01822	0.00742	0.00236	0.00337	0.01653	0.00540	0.00472
79	0.01230	0.00982	0.02937	0.01033	0.05001	0.00849	0.00782	0.06752	0.05591	0.06113	0.28886	0.02571	0.02704	0.00791	0.00569	0.00149	0.00418	0.01758	0.00502	0.30382
80	0.00894	0.00694	0.00848	0.00797	0.00996	0.00587	0.00564	0.01041	0.01131	0.01601	0.04095	0.39849	0.04872	0.10815	0.00905	0.00223	0.00393	0.01089	0.00454	0.28151
81	0.01867	0.01605	0.01504	0.01322	0.05148	0.16231	0.01001	0.37059	0.07700	0.02754	0.05332	0.01730	0.03037	0.00718	0.00558	0.00168	0.00638	0.00550	0.10247	0.00832
82	0.01525	0.00959	0.01124	0.00970	0.01270	0.00976	0.00763	0.06204	0.25183	0.20571	0.22402	0.03035	0.10621	0.00948	0.00625	0.00188	0.00411	0.00800	0.00630	0.00795
83	0.07629	0.01545	0.16472	0.14714	0.09597	0.01391	0.08015	0.03286	0.02580	0.01760	0.01306	0.01628	0.05431	0.00759	0.00930	0.02255	0.19140	0.00544	0.00300	0.00718
84	0.03480	0.01206	0.01281	0.01147	0.01466	0.01374	0.00900	0.09490	0.57702	0.02480	0.04530	0.04144	0.03735	0.00859	0.00602	0.00198	0.00467	0.03488	0.00582	0.00873
85	0.01050	0.00615	0.00834	0.00896	0.01011	0.00576	0.00670	0.01194	0.01228	0.12448	0.02945	0.47220	0.03255	0.03713	0.00836	0.02584	0.00416	0.17404	0.00552	0.00553
86	0.02172	0.02772	0.01648	0.01498	0.01798	0.77228	0.01124	0.02322	0.01648	0.01423	0.00899	0.01049	0.00749	0.00599	0.00524	0.00150	0.01049	0.00375	0.00300	0.00674
87	0.01148	0.00706	0.00871	0.07320	0.01129	0.00749	0.00628	0.09770	0.01220	0.01813	0.01584	0.06262	0.01436	0.09610	0.03086	0.22256	0.00486	0.00622	0.28802	0.00503
88	0.00953	0.00643	0.00798	0.00738	0.00916	0.00585	0.00560	0.02765	0.01589	0.07648	0.51694	0.06149	0.20317	0.01220	0.00678	0.00187	0.00305	0.01058	0.00621	0.00577
89	0.00733	0.00542	0.00686	0.00761	0.00846	0.00495	0.00533	0.00880	0.01262	0.01674	0.18095	0.49528	0.16956	0.01629	0.00723	0.00219	0.00322	0.03062	0.00560	0.00492
90	0.17499	0.05077	0.10915	0.29947	0.07986	0.01339	0.01338	0.08401	0.01304	0.02007	0.01182	0.03836	0.00979	0.00651	0.00534	0.00186	0.00662	0.03299	0.02144	0.00715
91	0.03473	0.00630	0.00734	0.00691	0.00875	0.00565	0.00524	0.01101	0.01497	0.05899	0.41295	0.04619	0.33459	0.01258	0.00671	0.00188	0.00300	0.01075	0.00595	0.00551
92	0.18247	0.00972	0.01176	0.00946	0.01334	0.00919	0.00772	0.02392	0.03598	0.50065	0.11637	0.02092	0.01822	0.00748	0.00554	0.00181	0.00456	0.00595	0.00635	0.00859
93	0.01182	0.00865	0.00916	0.00868	0.01060	0.05554	0.00654	0.05835	0.08649	0.07555	0.17471	0.18344	0.12224	0.02985	0.00687	0.00200	0.00410	0.03482	0.10435	0.00624
94	0.10015	0.11012	0.47190	0.05447	0.04843	0.04854	0.01716	0.01864	0.01237	0.05263	0.01045	0.01216	0.00768	0.00555	0.00515	0.00175	0.00772	0.00417	0.00284	0.00812
95	0.01187	0.00915	0.01205	0.02899	0.01421	0.00957	0.04636	0.14115	0.08504	0.02093	0.02652	0.18385	0.04141	0.01326	0.00720	0.00232	0.00533	0.32894	0.00531	0.00654

[dist]
# distance from previous block
# <min> <max>
0	1

[block]
# block no. 4 follows, 40 sequences, length 13
# corresponding to MSA columns:
# 416-428
name=unknown_E
#
# <colnr> <probs for GDERKNQSTAVLIFYWHMCP>
#	G	D	E	R	K	N	Q	S	T	A	V	L	I	F	Y	W	H	M	C	P
0	0.63830	0.04203	0.07782	0.04218	0.01414	0.01379	0.00867	0.01690	0.01018	0.02360	0.00837	0.01019	0.00659	0.00576	0.00499	0.00184	0.06128	0.00348	0.00334	0.00656
1	0.01163	0.10857	0.02589	0.00990	0.01152	0.04301	0.00776	0.09126	0.01243	0.01636	0.01901	0.28624	0.02077	0.08131	0.04076	0.08704	0.08174	0.02168	0.01746	0.00566
2	0.00867	0.00646	0.00788	0.00801	0.00924	0.00632	0.00594	0.01177	0.07874	0.01837	0.26966	0.14894	0.12616	0.14573	0.01087	0.00271	0.00391	0.11987	0.00545	0.00529
3	0.07466	0.18768	0.33615	0.01404	0.02035	0.01459	0.08837	0.01946	0.01298	0.13582	0.03562	0.01397	0.01008	0.00580	0.00523	0.00172	0.00715	0.00466	0.00347	0.00822
4	0.00848	0.00648	0.00912	0.00930	0.01012	0.00731	0.00711	0.01017	0.01008	0.01403	0.02110	0.16028	0.04693	0.10012	0.41914	0.00642	0.06657	0.07839	0.00380	0.00505
5	0.02493	0.00960	0.01308	0.01021	0.01445	0.00831	0.00835	0.02710	0.01631	0.71756	0.02350	0.06705	0.01587	0.00787	0.00594	0.00183	0.00485	0.00650	0.00709	0.00958
6	0.05274	0.02132	0.40265	0.18971	0.02740	0.01358	0.09623	0.01884	0.08719	0.01861	0.01179	0.01420	0.00862	0.00576	0.00568	0.00189	0.00793	0.00495	0.00295	0.00798
7	0.01560	0.12365	0.03603	0.02186	0.26953	0.20767	0.09559	0.01835	0.01335	0.01627	0.01050	0.01363	0.00895	0.00948	0.08507	0.00245	0.03668	0.00481	0.00287	0.00766
8	0.00937	0.00611	0.00810	0.00792	0.00932	0.00564	0.00596	0.01174	0.01522	0.07456	0.51231	0.18879	0.04728	0.01307	0.00698	0.00199	0.00321	0.06060	0.00619	0.00565
9	0.00832	0.00558	0.00638	0.00652	0.00656	0.00554	0.00371	0.00842	0.00873	0.01164	0.01972	0.11483	0.02291	0.71645	0.02734	0.00530	0.00541	0.00928	0.00371	0.00365
10	0.11190	0.44432	0.07090	0.01009	0.01451	0.01698	0.00982	0.01773	0.01257	0.09847	0.05421	0.01833	0.01339	0.00682	0.00468	0.00159	0.00575	0.07695	0.00364	0.00734
11	0.15072	0.02516	0.58238	0.01454	0.02174	0.01297	0.01788	0.01761	0.01166	0.01935	0.01042	0.01257	0.00771	0.00829	0.06131	0.00238	0.00841	0.00424	0.00270	0.00796
12	0.00898	0.00650	0.00887	0.01009	0.01141	0.00639	0.00864	0.01143	0.01321	0.01706	0.03339	0.11786	0.09828	0.01610	0.00788	0.00259	0.00500	0.60568	0.00536	0.00527

[dist]
# distance from previous block
# <min> <max>
0	4

[block]
# block no. 5 follows, 40 sequences, length 455
# corresponding to MSA columns:
# 433-453,455-888
name=unknown_F
#
# <colnr> <probs for GDERKNQSTAVLIFYWHMCP>
#	G	D	E	R	K	N	Q	S	T	A	V	L	I	F	Y	W	H	M	C	P
0	0.71682	0.01150	0.01079	0.03488	0.04836	0.01305	0.03929	0.01738	0.01043	0.04169	0.00880	0.01038	0.00678	0.00542	0.00397	0.00181	0.00496	0.00353	0.00358	0.00659
1	0.00941	0.00632	0.00820	0.00769	0.00923	0.00589	0.00578	0.01241	0.03822	0.06718	0.63723	0.09599	0.05012	0.01195	0.00681	0.00187	0.00298	0.01056	0.00636	0.00581
2	0.01192	0.00825	0.01067	0.05094	0.01250	0.00868	0.05281	0.12989	0.01432	0.02134	0.08715	0.04626	0.01848	0.10222	0.09728	0.00298	0.00588	0.00672	0.30560	0.00609
3	0.05038	0.01012	0.01168	0.00859	0.01344	0.00787	0.00683	0.01478	0.01203	0.03707	0.01156	0.04888	0.01005	0.00508	0.00446	0.00100	0.00429	0.00411	0.00364	0.73415
4	0.01679	0.64405	0.02766	0.01096	0.01554	0.17364	0.01021	0.01858	0.01275	0.01379	0.00827	0.00956	0.00747	0.00518	0.00404	0.00129	0.00708	0.00324	0.00259	0.00732
5	0.03698	0.01305	0.03544	0.01127	0.01514	0.01333	0.00937	0.40132	0.03983	0.13565	0.01677	0.01960	0.01293	0.06273	0.00731	0.00201	0.00561	0.03682	0.09453	0.03030
6	0.03624	0.00956	0.01097	0.10188	0.01451	0.03020	0.00803	0.14462	0.06224	0.02174	0.08217	0.08322	0.01850	0.07831	0.03306	0.00236	0.03937	0.00693	0.20960	0.00647
7	0.04928	0.01440	0.01523	0.01203	0.01611	0.01594	0.00983	0.56011	0.08765	0.03330	0.01523	0.01545	0.01108	0.00698	0.00552	0.00172	0.00571	0.00530	0.10999	0.00913
8	0.00841	0.00583	0.00734	0.00734	0.00769	0.00618	0.00477	0.00910	0.00875	0.01202	0.01741	0.03300	0.01895	0.54555	0.27668	0.00687	0.00894	0.00772	0.00339	0.00408
9	0.01344	0.01480	0.10028	0.13677	0.55846	0.01340	0.01761	0.01728	0.01302	0.01849	0.03406	0.01523	0.01024	0.00551	0.00577	0.00177	0.00707	0.00525	0.00290	0.00865
10	0.01479	0.01024	0.01132	0.01015	0.01277	0.03381	0.00778	0.16734	0.15092	0.12766	0.04300	0.25965	0.08529	0.01137	0.00639	0.00199	0.00461	0.00971	0.02376	0.00746
11	0.00876	0.00633	0.00863	0.00987	0.01107	0.00619	0.00827	0.01104	0.01295	0.01680	0.03303	0.20216	0.08589	0.01638	0.00783	0.00257	0.00481	0.53686	0.00537	0.00520
12	0.00780	0.00589	0.00720	0.00695	0.00844	0.00529	0.00518	0.01010	0.01531	0.02079	0.52708	0.08222	0.25050	0.01298	0.00689	0.00189	0.00283	0.01129	0.00607	0.00529
13	0.01010	0.00816	0.02974	0.00811	0.01009	0.04230	0.00636	0.03817	0.01566	0.06270	0.43343	0.10498	0.18375	0.01209	0.00670	0.00188	0.00362	0.01043	0.00587	0.00586
14	0.41535	0.01073	0.01109	0.00911	0.01306	0.01111	0.00749	0.04925	0.03021	0.34336	0.03650	0.01531	0.01156	0.00647	0.00479	0.00180	0.00472	0.00468	0.00536	0.00802
15	0.00949	0.00676	0.00865	0.00855	0.00971	0.02854	0.00662	0.01171	0.01033	0.01581	0.01615	0.02194	0.01428	0.03154	0.51998	0.00675	0.02959	0.00591	0.23237	0.00533
16	0.01115	0.00595	0.00607	0.00588	0.00727	0.00603	0.00434	0.04732	0.01256	0.02143	0.01867	0.02283	0.01524	0.07961	0.00650	0.00177	0.00315	0.00569	0.71306	0.00546
17	0.01152	0.01111	0.01839	0.69351	0.08242	0.02948	0.04166	0.01535	0.01190	0.01523	0.01039	0.01533	0.00787	0.00575	0.00584	0.00192	0.00783	0.00520	0.00262	0.00668
18	0.04152	0.09408	0.14953	0.01337	0.06666	0.04720	0.03349	0.01568	0.04071	0.03861	0.03659	0.08269	0.07419	0.01048	0.00637	0.00207	0.00609	0.22967	0.00422	0.00680
19	0.76319	0.01182	0.00931	0.04810	0.01299	0.04160	0.00699	0.01721	0.01023	0.02506	0.00825	0.00980	0.00642	0.00544	0.00378	0.00180	0.00489	0.00328	0.00352	0.00632
20	0.03661	0.03441	0.04579	0.43735	0.14228	0.08235	0.01478	0.03541	0.01284	0.03285	0.01198	0.04966	0.01003	0.00653	0.00575	0.00187	0.00743	0.02197	0.00306	0.00707
21	0.00808	0.00617	0.00739	0.00711	0.00868	0.00567	0.00534	0.01083	0.04142	0.02043	0.46979	0.04694	0.26611	0.04043	0.00767	0.00203	0.00305	0.03154	0.00595	0.00537
22	0.05059	0.04141	0.10551	0.03442	0.01716	0.01164	0.09298	0.16121	0.03366	0.10072	0.05928	0.16033	0.05312	0.00924	0.00615	0.00191	0.00582	0.02349	0.00480	0.02657
23	0.01226	0.13287	0.63924	0.01598	0.02399	0.01483	0.04690	0.01829	0.01227	0.01779	0.01017	0.01201	0.00743	0.00543	0.00533	0.00177	0.00832	0.00423	0.00248	0.00841
24	0.01753	0.00801	0.01070	0.00885	0.01188	0.00707	0.00705	0.01996	0.01644	0.41020	0.34759	0.03152	0.05892	0.00954	0.00633	0.00182	0.00390	0.00814	0.00678	0.00777
25	0.01437	0.58079	0.22107	0.01161	0.01744	0.02013	0.01285	0.01752	0.01204	0.01514	0.02602	0.01089	0.00854	0.00528	0.00427	0.00141	0.00676	0.00359	0.00257	0.00771
26	0.01409	0.01128	0.01892	0.46816	0.20182	0.01255	0.04259	0.01766	0.01281	0.12565	0.01238	0.01588	0.00910	0.00584	0.00585	0.00187	0.00722	0.00533	0.00334	0.00765
27	0.00918	0.00509	0.00728	0.00763	0.00781	0.00496	0.00511	0.00775	0.00876	0.01158	0.01803	0.21786	0.05257	0.01944	0.01806	0.57945	0.00452	0.00833	0.00340	0.00320
28	0.00725	0.00516	0.00667	0.00781	0.00815	0.00484	0.00513	0.00815	0.01085	0.01442	0.03104	0.67626	0.05572	0.11677	0.01022	0.00277	0.00365	0.01539	0.00516	0.00458
29	0.04201	0.01322	0.01518	0.10997	0.13072	0.07953	0.01101	0.17200	0.12280	0.09034	0.01957	0.02018	0.08803	0.00737	0.00572	0.00178	0.00599	0.00601	0.05047	0.00811
30	0.11889	0.03181	0.15493	0.05326	0.05258	0.01092	0.01151	0.02323	0.03660	0.39886	0.03864	0.01716	0.01263	0.00661	0.00549	0.00180	0.00577	0.00526	0.00526	0.00880
31	0.00928	0.00663	0.00925	0.01054	0.01185	0.00660	0.00915	0.01191	0.01342	0.01751	0.05275	0.08409	0.03425	0.01599	0.00798	0.00264	0.00522	0.68019	0.00539	0.00534
32	0.00875	0.02948	0.09187	0.00907	0.01122	0.00700	0.02862	0.03065	0.01238	0.01618	0.06484	0.31088	0.23341	0.01463	0.00829	0.07751	0.00435	0.03078	0.00472	0.00536
33	0.09741	0.11149	0.35897	0.10515	0.02343	0.01395	0.08254	0.01847	0.01254	0.08614	0.03064	0.01384	0.00933	0.00574	0.00534	0.00179	0.00743	0.00469	0.00317	0.00794
34	0.01163	0.01162	0.04490	0.60653	0.08439	0.01308	0.05648	0.03131	0.02915	0.01612	0.01100	0.01565	0.00837	0.00687	0.02785	0.00213	0.00796	0.00530	0.00278	0.00690
35	0.73291	0.03344	0.00995	0.00841	0.01202	0.07290	0.00689	0.03381	0.01085	0.02507	0.00830	0.00963	0.00650	0.00547	0.00378	0.00176	0.00506	0.00324	0.00357	0.00644
36	0.00917	0.00629	0.00748	0.00725	0.00739	0.00666	0.00449	0.00940	0.00878	0.02981	0.01793	0.05654	0.02027	0.67697	0.04434	0.00530	0.06607	0.00831	0.00358	0.00397
37	0.03458	0.00692	0.00824	0.02781	0.01018	0.00662	0.00595	0.05766	0.01458	0.03731	0.28002	0.19856	0.15403	0.01213	0.00640	0.00188	0.00344	0.01051	0.08134	0.04184
38	0.00802	0.00602	0.00755	0.00742	0.00888	0.00537	0.00542	0.01011	0.01428	0.01969	0.41218	0.24134	0.14520	0.01341	0.00682	0.00192	0.00305	0.01184	0.00578	0.06570
39	0.01555	0.79913	0.03047	0.00995	0.01493	0.02301	0.00995	0.01741	0.01182	0.01368	0.00808	0.00933	0.00746	0.00498	0.00373	0.00124	0.00622	0.00311	0.00249	0.00746
40	0.02175	0.02684	0.01655	0.01486	0.01798	0.71480	0.01122	0.07785	0.01731	0.01594	0.00937	0.01075	0.00767	0.00607	0.00529	0.00152	0.01018	0.00386	0.00321	0.00698
41	0.02308	0.00957	0.01291	0.02674	0.01463	0.00855	0.00837	0.05115	0.01689	0.61586	0.12658	0.02285	0.01984	0.00783	0.00599	0.00180	0.00475	0.00647	0.00693	0.00920
42	0.01480	0.01266	0.01334	0.01190	0.01525	0.01462	0.00929	0.06230	0.71690	0.02487	0.02324	0.02135	0.01740	0.00785	0.00591	0.00196	0.00468	0.00652	0.00591	0.00923
43	0.01021	0.00541	0.00565	0.00579	0.00690	0.00537	0.00414	0.01247	0.01169	0.01989	0.02021	0.10049	0.01792	0.09143	0.00710	0.00191	0.00309	0.00685	0.65832	0.00515
44	0.01471	0.01261	0.01329	0.01188	0.01522	0.01458	0.00926	0.05390	0.72544	0.02473	0.02335	0.02145	0.01750	0.00786	0.00591	0.00197	0.00466	0.00653	0.00591	0.00923
45	0.00722	0.00517	0.00687	0.00800	0.00846	0.00482	0.00541	0.00844	0.01177	0.01586	0.11908	0.70190	0.04043	0.01746	0.00735	0.00230	0.00330	0.01581	0.00552	0.00482
46	0.00756	0.00595	0.00685	0.00683	0.00850	0.00525	0.00522	0.00956	0.01435	0.01851	0.30215	0.07009	0.43387	0.01392	0.00697	0.00198	0.00308	0.06846	0.00575	0.00514
47	0.00828	0.00643	0.00763	0.00764	0.00918	0.00610	0.00570	0.01164	0.08466	0.01935	0.31447	0.18401	0.25158	0.01370	0.00693	0.00202	0.00322	0.04610	0.00583	0.00553
48	0.01818	0.11381	0.03835	0.15943	0.04189	0.12425	0.01225	0.32927	0.06453	0.02478	0.01226	0.01363	0.00924	0.00634	0.00547	0.00170	0.00717	0.00480	0.00423	0.00840
49	0.01795	0.01012	0.04277	0.01071	0.03028	0.00903	0.00863	0.06136	0.09700	0.35683	0.16377	0.09909	0.02481	0.00939	0.00625	0.00190	0.00462	0.03091	0.00630	0.00826
50	0.00823	0.00554	0.00641	0.00664	0.00669	0.00548	0.00384	0.00840	0.00891	0.01188	0.02063	0.16478	0.02405	0.66493	0.02587	0.00509	0.00526	0.00981	0.00384	0.00373
51	0.01164	0.00583	0.00598	0.00578	0.00732	0.00582	0.00438	0.03046	0.01270	0.04866	0.01900	0.02144	0.01477	0.00679	0.00417	0.00138	0.00287	0.00543	0.77990	0.00568
52	0.01302	0.13134	0.43520	0.06771	0.14447	0.03857	0.05507	0.01812	0.01253	0.01751	0.01021	0.01254	0.00778	0.00539	0.00539	0.00174	0.00806	0.00445	0.00258	0.00831
53	0.01482	0.01501	0.02180	0.03019	0.56577	0.10797	0.04158	0.01797	0.01367	0.01834	0.03484	0.01723	0.01152	0.00611	0.00617	0.00177	0.02470	0.03893	0.00311	0.00849
54	0.79778	0.01149	0.00897	0.00792	0.01157	0.01328	0.00653	0.05164	0.01073	0.02660	0.00838	0.00966	0.00647	0.00547	0.00370	0.00180	0.00459	0.00325	0.00370	0.00647
55	0.01111	0.00891	0.01091	0.10223	0.01407	0.03314	0.00799	0.09831	0.01244	0.01693	0.01884	0.23130	0.02007	0.19020	0.04678	0.00320	0.09376	0.00898	0.05048	0.02033
56	0.01020	0.00656	0.00811	0.00749	0.00899	0.00620	0.00543	0.01282	0.04894	0.09179	0.42912	0.03989	0.09670	0.18861	0.01186	0.00270	0.00371	0.00955	0.00573	0.00560
57	0.06386	0.02037	0.01657	0.08560	0.07314	0.37468	0.01167	0.17824	0.08349	0.02106	0.01160	0.01293	0.00902	0.00627	0.00543	0.00167	0.00824	0.00452	0.00386	0.00778
58	0.01201	0.10537	0.01941	0.52966	0.14673	0.01383	0.01504	0.01522	0.01167	0.01509	0.01015	0.01471	0.00808	0.00643	0.00651	0.04851	0.00728	0.00492	0.00261	0.00679
59	0.04251	0.00845	0.01120	0.00913	0.01243	0.00752	0.00733	0.02149	0.01638	0.46411	0.29822	0.02839	0.02938	0.00891	0.00616	0.00181	0.00411	0.00753	0.00680	0.00814
60	0.01026	0.00750	0.00868	0.00828	0.00974	0.00744	0.00587	0.13530	0.01403	0.01873	0.08938	0.29910	0.11501	0.20038	0.01221	0.00289	0.00437	0.01117	0.00504	0.03462
61	0.08179	0.01002	0.10931	0.03390	0.05063	0.00810	0.00863	0.03742	0.00976	0.03377	0.01050	0.01595	0.00940	0.01498	0.01639	0.53148	0.00569	0.00483	0.00287	0.00457
62	0.00813	0.00585	0.00765	0.00794	0.00880	0.00604	0.00576	0.00961	0.01055	0.01446	0.05177	0.16091	0.11146	0.18971	0.29029	0.00550	0.00831	0.05329	0.03922	0.00476
63	0.00846	0.00564	0.00634	0.00634	0.00634	0.00564	0.00352	0.00846	0.00846	0.01128	0.01832	0.03805	0.02114	0.79563	0.02960	0.00564	0.00564	0.00846	0.00352	0.00352
64	0.04405	0.12240	0.09183	0.26961	0.04146	0.17519	0.01356	0.01786	0.01261	0.05050	0.01002	0.01304	0.00795	0.00648	0.00695	0.01973	0.08242	0.00446	0.00290	0.00699
65	0.01376	0.01314	0.02252	0.17604	0.55146	0.01362	0.05443	0.03283	0.01327	0.01854	0.01139	0.01584	0.00949	0.00558	0.00588	0.00180	0.00717	0.02175	0.00295	0.00854
66	0.00927	0.00656	0.00897	0.01004	0.01127	0.00651	0.00841	0.02748	0.01319	0.01725	0.04993	0.16751	0.04943	0.01622	0.00851	0.04033	0.00495	0.53368	0.00527	0.00523
67	0.01089	0.00801	0.01002	0.00897	0.01116	0.00783	0.04082	0.11329	0.03582	0.04133	0.23602	0.12528	0.20021	0.01185	0.00657	0.00193	0.00395	0.04858	0.07128	0.00620
68	0.04426	0.18324	0.37812	0.03324	0.12949	0.05093	0.03290	0.01792	0.01263	0.01776	0.04123	0.01324	0.00966	0.00564	0.00520	0.00169	0.00756	0.00445	0.00277	0.00809
69	0.01021	0.00787	0.01016	0.01190	0.06476	0.03578	0.00895	0.01288	0.03420	0.03799	0.02978	0.20711	0.06652	0.01481	0.00746	0.00242	0.00510	0.42117	0.00517	0.00577
70	0.80071	0.04578	0.00951	0.00775	0.01141	0.01348	0.00646	0.01711	0.00998	0.02555	0.00810	0.00944	0.00635	0.00538	0.00360	0.00178	0.00457	0.00315	0.00355	0.00635
71	0.00855	0.00666	0.00766	0.00831	0.00903	0.03288	0.00564	0.01087	0.07394	0.01579	0.09090	0.51374	0.03426	0.14064	0.01071	0.00278	0.00404	0.01342	0.00514	0.00505
72	0.01711	0.01313	0.04094	0.04933	0.21932	0.02926	0.01194	0.08755	0.13783	0.17717	0.01567	0.01621	0.01153	0.00613	0.00555	0.00165	0.00581	0.00521	0.00463	0.14403
73	0.01245	0.01032	0.01210	0.00866	0.01381	0.00777	0.00694	0.01503	0.01219	0.03991	0.01069	0.01228	0.00878	0.00439	0.00435	0.00089	0.00432	0.00351	0.00355	0.80805
74	0.02172	0.02772	0.01648	0.01498	0.01798	0.77228	0.01124	0.02322	0.01648	0.01423	0.00899	0.01049	0.00749	0.00599	0.00524	0.00150	0.01049	0.00375	0.00300	0.00674
75	0.00771	0.00559	0.00728	0.00756	0.00855	0.00516	0.00540	0.00972	0.01421	0.01962	0.43793	0.33904	0.08149	0.01452	0.00708	0.00205	0.00300	0.01297	0.00596	0.00516
76	0.00713	0.00588	0.00627	0.00622	0.00803	0.00501	0.00464	0.00883	0.01380	0.01711	0.18844	0.07304	0.60691	0.01429	0.00688	0.00195	0.00292	0.01206	0.00559	0.00501
77	0.02172	0.02772	0.01648	0.01498	0.01798	0.77228	0.01124	0.02322	0.01648	0.01423	0.00899	0.01049	0.00749	0.00599	0.00524	0.00150	0.01049	0.00375	0.00300	0.00674
78	0.00836	0.00603	0.00832	0.00832	0.00900	0.00671	0.00599	0.00972	0.00904	0.01274	0.01652	0.02805	0.01680	0.30114	0.51815	0.00808	0.01217	0.00699	0.00326	0.00462
79	0.01545	0.01298	0.01370	0.01203	0.01550	0.01492	0.00944	0.12195	0.65620	0.02591	0.02242	0.02070	0.01674	0.00777	0.00590	0.00194	0.00483	0.00640	0.00590	0.00929
80	0.01946	0.01083	0.01244	0.01003	0.01357	0.01109	0.00812	0.25385	0.06858	0.26038	0.03883	0.01918	0.01440	0.00719	0.00539	0.00168	0.00474	0.00571	0.22601	0.00853
81	0.00772	0.00523	0.00707	0.00819	0.00856	0.00498	0.00563	0.00841	0.01078	0.01434	0.02865	0.59764	0.03379	0.05490	0.01036	0.10210	0.00386	0.07837	0.00496	0.00446
82	0.00696	0.00589	0.00602	0.00599	0.00791	0.00495	0.00449	0.00852	0.01347	0.01622	0.10531	0.05513	0.71028	0.01454	0.00687	0.00195	0.00293	0.01216	0.00547	0.00495
83	0.01862	0.31372	0.03860	0.01312	0.01683	0.40681	0.01108	0.03976	0.01445	0.01471	0.00873	0.01034	0.00755	0.00590	0.00560	0.00149	0.05910	0.00365	0.00284	0.00711
84	0.75059	0.01138	0.01005	0.00860	0.01236	0.01286	0.04093	0.01782	0.01047	0.06879	0.00914	0.01034	0.00689	0.00548	0.00388	0.00181	0.00477	0.00348	0.00378	0.00658
85	0.00714	0.00510	0.00681	0.00816	0.00852	0.00477	0.00549	0.00819	0.01119	0.01490	0.03202	0.77509	0.03835	0.01817	0.00744	0.00237	0.00342	0.03275	0.00540	0.00474
86	0.01156	0.00611	0.00619	0.00593	0.00749	0.00622	0.00451	0.05978	0.01316	0.02263	0.01865	0.02119	0.01459	0.00679	0.00418	0.00138	0.00294	0.00541	0.77559	0.00570
87	0.01457	0.01431	0.04083	0.03429	0.70318	0.01396	0.03263	0.04130	0.01369	0.01955	0.01104	0.01436	0.00918	0.00524	0.00578	0.00174	0.00699	0.00520	0.00297	0.00919
88	0.01239	0.01182	0.02015	0.43260	0.34303	0.01316	0.03224	0.01606	0.01239	0.01671	0.01172	0.01595	0.02528	0.00573	0.00584	0.00185	0.00733	0.00537	0.00278	0.00762
89	0.78939	0.01118	0.00895	0.02992	0.01218	0.01291	0.00665	0.01736	0.01014	0.04727	0.00859	0.00992	0.00658	0.00546	0.00373	0.00180	0.00460	0.00329	0.00367	0.00641
90	0.01882	0.01507	0.01559	0.01287	0.02949	0.07477	0.01024	0.49646	0.04624	0.02958	0.01774	0.01841	0.07557	0.01108	0.07767	0.00248	0.02824	0.00586	0.00517	0.00864
91	0.00744	0.00591	0.00667	0.00648	0.00820	0.00515	0.00486	0.00944	0.01458	0.01887	0.34819	0.05077	0.46574	0.01355	0.00687	0.00191	0.00286	0.01154	0.00582	0.00515
92	0.01439	0.01382	0.02360	0.03569	0.75936	0.01382	0.01785	0.01785	0.01324	0.01900	0.01094	0.01439	0.00921	0.00518	0.00576	0.00173	0.00691	0.00518	0.00288	0.00921
93	0.01343	0.01508	0.03180	0.02308	0.02818	0.01475	0.64129	0.01784	0.01315	0.01803	0.01190	0.03723	0.00953	0.00583	0.00816	0.00203	0.09116	0.00695	0.00297	0.00760
94	0.11055	0.01004	0.01298	0.01007	0.01447	0.00902	0.00831	0.02717	0.01594	0.68656	0.02140	0.01872	0.01355	0.00701	0.00561	0.00180	0.00490	0.00557	0.00682	0.00952
95	0.00846	0.00564	0.00634	0.00634	0.00634	0.00564	0.00352	0.00846	0.00846	0.01128	0.01832	0.03805	0.02114	0.79563	0.02960	0.00564	0.00564	0.00846	0.00352	0.00352
96	0.05023	0.02423	0.50635	0.03797	0.02482	0.01378	0.15098	0.01778	0.01211	0.01829	0.01054	0.01319	0.00782	0.00682	0.02893	0.00213	0.05850	0.00484	0.00263	0.00805
97	0.00871	0.00650	0.00883	0.01004	0.04460	0.00634	0.00726	0.01149	0.04693	0.01858	0.23633	0.30924	0.03946	0.01475	0.00728	0.00225	0.00396	0.20634	0.00558	0.00553
98	0.00709	0.00506	0.00675	0.00810	0.00843	0.00472	0.00540	0.00810	0.01113	0.01484	0.03205	0.79184	0.03846	0.01822	0.00742	0.00236	0.00337	0.01653	0.00540	0.00472
99	0.01166	0.03008	0.76550	0.01657	0.02517	0.01351	0.02149	0.01842	0.01228	0.01842	0.01044	0.01228	0.00737	0.00552	0.00552	0.00184	0.00859	0.00430	0.00246	0.00859
100	0.01175	0.04789	0.74848	0.01642	0.02493	0.01373	0.02122	0.01839	0.01227	0.01831	0.01038	0.01221	0.00737	0.00551	0.00548	0.00183	0.00854	0.00427	0.00246	0.00857
101	0.00926	0.00666	0.00922	0.01050	0.01186	0.00662	0.00915	0.01189	0.01338	0.01733	0.03202	0.06517	0.06518	0.01601	0.00798	0.00265	0.00525	0.68918	0.00536	0.00534
