[name]
unknown

[dist]
# distance from previous block
# <min> <max>
0	91

[block]
# block no. 0 follows, 40 sequences, length 15
# corresponding to MSA columns:
# 98-112
name=unknown_A
#
# <colnr> <probs for GDERKNQSTAVLIFYWHMCP>
#	G	D	E	R	K	N	Q	S	T	A	V	L	I	F	Y	W	H	M	C	P
0	0.13136	0.01259	0.04532	0.01585	0.12855	0.02832	0.05678	0.13702	0.01492	0.02208	0.06114	0.02691	0.04433	0.00905	0.00761	0.00205	0.09578	0.14886	0.00423	0.00726
1	0.22334	0.08208	0.01168	0.01024	0.05371	0.01048	0.00762	0.01605	0.07835	0.08552	0.02374	0.19283	0.09923	0.01049	0.00573	0.00198	0.00450	0.07113	0.00473	0.00657
2	0.02692	0.00674	0.00800	0.00794	0.00945	0.00667	0.00591	0.02373	0.08077	0.04569	0.12137	0.17468	0.18558	0.05371	0.05235	0.06729	0.00445	0.05210	0.06118	0.00546
3	0.01069	0.00783	0.00981	0.08063	0.01344	0.00813	0.00760	0.03716	0.14609	0.06511	0.08657	0.30069	0.10909	0.02961	0.00726	0.00220	0.00429	0.06211	0.00539	0.00628
4	0.06012	0.00692	0.00848	0.00844	0.00999	0.00676	0.00647	0.01312	0.03775	0.09631	0.16199	0.12890	0.07944	0.16370	0.01125	0.00284	0.00442	0.18222	0.00531	0.00559
5	0.00916	0.00632	0.00761	0.00773	0.00877	0.00609	0.00532	0.03518	0.04333	0.04730	0.13466	0.32414	0.11874	0.20391	0.01246	0.00297	0.00400	0.01197	0.00520	0.00514
6	0.01432	0.00726	0.00920	0.00799	0.01046	0.00643	0.00618	0.01643	0.01510	0.28073	0.26580	0.05884	0.17659	0.05517	0.00770	0.00206	0.00374	0.00908	0.04016	0.00678
7	0.01075	0.00661	0.00706	0.00666	0.00852	0.00642	0.00502	0.03282	0.05693	0.02103	0.05334	0.09123	0.07087	0.00840	0.00486	0.00151	0.00314	0.00697	0.51566	0.08222
8	0.01163	0.00726	0.00937	0.00937	0.01114	0.00705	0.00751	0.04120	0.04232	0.11971	0.13079	0.14929	0.07555	0.07062	0.00883	0.00251	0.00455	0.27959	0.00567	0.00606
9	0.04321	0.00709	0.00916	0.01012	0.07854	0.00683	0.00666	0.01216	0.04602	0.03357	0.38416	0.15587	0.13070	0.04085	0.00749	0.00206	0.00355	0.01055	0.00556	0.00584
10	0.00867	0.00672	0.00795	0.00802	0.00947	0.00639	0.00567	0.01183	0.10233	0.01687	0.09446	0.37132	0.13827	0.09758	0.00919	0.00242	0.00374	0.01208	0.00517	0.08185
11	0.01885	0.01397	0.01513	0.01189	0.01597	0.01512	0.00969	0.52353	0.08033	0.03233	0.08358	0.01763	0.01488	0.00731	0.00571	0.00169	0.00555	0.00572	0.05502	0.06610
12	0.01121	0.00539	0.00799	0.00777	0.00808	0.00529	0.00529	0.00902	0.00820	0.06233	0.01099	0.01782	0.01040	0.01930	0.02156	0.77333	0.00504	0.00511	0.00285	0.00304
13	0.00913	0.00821	0.00809	0.00849	0.03065	0.07668	0.00605	0.01090	0.03506	0.01588	0.07854	0.14872	0.42200	0.01423	0.00789	0.05946	0.00412	0.04574	0.00497	0.00519
14	0.00978	0.00663	0.00766	0.00746	0.00832	0.00657	0.00492	0.07669	0.01160	0.03387	0.03885	0.18435	0.10810	0.41243	0.01912	0.03971	0.00486	0.01001	0.00442	0.00466

[dist]
# distance from previous block
# <min> <max>
7	11

[block]
# block no. 1 follows, 40 sequences, length 31
# corresponding to MSA columns:
# 124-154
name=unknown_B
#
# <colnr> <probs for GDERKNQSTAVLIFYWHMCP>
#	G	D	E	R	K	N	Q	S	T	A	V	L	I	F	Y	W	H	M	C	P
0	0.03748	0.01301	0.04243	0.24297	0.31703	0.01319	0.10457	0.03480	0.02711	0.07426	0.01245	0.01641	0.00975	0.00584	0.00591	0.00185	0.00725	0.02223	0.00332	0.00813
1	0.01399	0.01357	0.01939	0.16778	0.42286	0.08555	0.01501	0.05575	0.01376	0.01822	0.01338	0.10893	0.01238	0.00706	0.00592	0.00182	0.00695	0.00643	0.00330	0.00795
2	0.69912	0.01157	0.03565	0.00814	0.01192	0.01235	0.00697	0.01810	0.01072	0.09700	0.01001	0.01099	0.00743	0.00563	0.00390	0.00178	0.00462	0.00353	0.03386	0.00670
3	0.01206	0.01034	0.01206	0.00861	0.01378	0.00775	0.00689	0.01464	0.01206	0.01895	0.01034	0.01206	0.00861	0.00431	0.00431	0.00086	0.00431	0.00345	0.00345	0.83118
4	0.01383	0.01370	0.02056	0.07090	0.57236	0.06957	0.01561	0.01692	0.01340	0.01801	0.01666	0.01927	0.10095	0.00645	0.00586	0.00175	0.00674	0.00594	0.00318	0.00835
5	0.01593	0.01520	0.08677	0.01270	0.01646	0.06010	0.01082	0.07794	0.48129	0.07880	0.01976	0.01886	0.01469	0.00757	0.00665	0.00194	0.05438	0.00594	0.00528	0.00892
6	0.01010	0.00505	0.00758	0.00758	0.00758	0.00505	0.00505	0.00758	0.00758	0.01010	0.01010	0.01768	0.01010	0.02020	0.02273	0.83081	0.00505	0.00505	0.00253	0.00253
7	0.01206	0.01034	0.01206	0.00861	0.01378	0.00775	0.00689	0.01464	0.01206	0.01895	0.01034	0.01206	0.00861	0.00431	0.00431	0.00086	0.00431	0.00345	0.00345	0.83118
8	0.00755	0.00555	0.00682	0.00721	0.00812	0.00510	0.00499	0.00901	0.01273	0.01698	0.24247	0.33560	0.18372	0.11500	0.00998	0.00255	0.00340	0.01294	0.00545	0.00483
9	0.00765	0.00584	0.00695	0.00683	0.00828	0.00522	0.00502	0.00969	0.01456	0.01941	0.41588	0.10961	0.30649	0.04320	0.00777	0.00207	0.00298	0.01157	0.00585	0.00514
10	0.83671	0.01125	0.00855	0.00765	0.01125	0.01305	0.00630	0.01709	0.00990	0.02609	0.00810	0.00945	0.00630	0.00540	0.00360	0.00180	0.00450	0.00315	0.00360	0.00630
11	0.02498	0.01047	0.01371	0.01064	0.01506	0.00956	0.00875	0.07097	0.07220	0.66461	0.02246	0.01959	0.01438	0.00724	0.00585	0.00181	0.00501	0.00587	0.00702	0.00984
12	0.12238	0.01019	0.01238	0.01007	0.01394	0.00984	0.00814	0.05920	0.09737	0.47982	0.04115	0.07700	0.01645	0.00800	0.00572	0.00186	0.00475	0.00649	0.00639	0.00887
13	0.00755	0.00608	0.00680	0.00671	0.00849	0.00520	0.00491	0.00917	0.01315	0.01683	0.15471	0.18008	0.44840	0.03510	0.00739	0.00203	0.00316	0.01199	0.00535	0.06690
14	0.01166	0.03008	0.76550	0.01657	0.02517	0.01351	0.02149	0.01842	0.01228	0.01842	0.01044	0.01228	0.00737	0.00552	0.00552	0.00184	0.00859	0.00430	0.00246	0.00859
15	0.01330	0.01458	0.03020	0.02205	0.02727	0.01393	0.61273	0.01903	0.08466	0.01890	0.01444	0.07449	0.01191	0.00619	0.00681	0.00199	0.00882	0.00756	0.00341	0.00774
16	0.00785	0.00522	0.00677	0.00755	0.00793	0.00493	0.00498	0.00807	0.01028	0.01351	0.02846	0.46633	0.10005	0.12248	0.01337	0.16677	0.00397	0.01276	0.00458	0.00415
17	0.01012	0.00842	0.01116	0.12750	0.05810	0.02798	0.00944	0.01414	0.08869	0.01840	0.15646	0.11972	0.08374	0.01218	0.00692	0.00217	0.00501	0.22875	0.00499	0.00610
18	0.02146	0.02716	0.01636	0.01487	0.01787	0.74478	0.01116	0.02350	0.04307	0.01460	0.00952	0.01089	0.00786	0.00606	0.00527	0.00152	0.01027	0.00385	0.00310	0.00683
19	0.00835	0.00605	0.00843	0.00843	0.00915	0.00677	0.00612	0.00979	0.00907	0.01282	0.01642	0.02749	0.01656	0.27350	0.54546	0.00821	0.01254	0.00691	0.00324	0.00468
20	0.04425	0.64285	0.06248	0.01080	0.01538	0.03938	0.01065	0.01726	0.01160	0.01438	0.00817	0.00982	0.00743	0.00553	0.00530	0.00142	0.08001	0.00337	0.00254	0.00735
21	0.01192	0.08736	0.01912	0.63306	0.03582	0.03307	0.04068	0.01603	0.03860	0.01521	0.01062	0.01501	0.00812	0.00578	0.00564	0.00186	0.00763	0.00504	0.00272	0.00671
22	0.00915	0.00654	0.00912	0.01046	0.01170	0.00650	0.00899	0.01167	0.01317	0.01716	0.03091	0.13587	0.03395	0.01627	0.00797	0.00265	0.00516	0.65213	0.00536	0.00529
23	0.01272	0.01272	0.01781	0.01527	0.01527	0.01781	0.01272	0.01399	0.00891	0.01399	0.00763	0.01272	0.00763	0.01018	0.01908	0.00254	0.78499	0.00509	0.00254	0.00636
24	0.01555	0.79913	0.03047	0.00995	0.01493	0.02301	0.00995	0.01741	0.01182	0.01368	0.00808	0.00933	0.00746	0.00498	0.00373	0.00124	0.00622	0.00311	0.00249	0.00746
25	0.01010	0.00505	0.00758	0.00758	0.00758	0.00505	0.00505	0.00758	0.00758	0.01010	0.01010	0.01768	0.01010	0.02020	0.02273	0.83081	0.00505	0.00505	0.00253	0.00253
26	0.00718	0.00521	0.00678	0.00786	0.00842	0.00481	0.00534	0.00839	0.01180	0.01573	0.10408	0.66579	0.09241	0.01735	0.00733	0.00228	0.00328	0.01564	0.00550	0.00481
27	0.00945	0.00607	0.00802	0.00774	0.00914	0.00557	0.00572	0.01177	0.01528	0.08269	0.53306	0.20941	0.04784	0.01292	0.00690	0.00195	0.00307	0.01148	0.00624	0.00568
28	0.10874	0.02315	0.35255	0.01841	0.14478	0.12670	0.03513	0.08871	0.01429	0.02054	0.01041	0.01229	0.00785	0.00565	0.00537	0.00176	0.00795	0.00439	0.00307	0.00827
29	0.00831	0.00623	0.00935	0.00935	0.01038	0.00727	0.00727	0.01038	0.00935	0.01350	0.01558	0.02285	0.01454	0.04361	0.77259	0.00935	0.01558	0.00623	0.00312	0.00519
30	0.00740	0.00519	0.00666	0.00770	0.00796	0.00493	0.00497	0.00818	0.01053	0.01404	0.02895	0.62142	0.03455	0.19398	0.01244	0.00310	0.00389	0.01471	0.00497	0.00445

[dist]
# distance from previous block
# <min> <max>
0	1

[block]
# block no. 2 follows, 40 sequences, length 100
# corresponding to MSA columns:
# 161-260
name=unknown_C
#
# <colnr> <probs for GDERKNQSTAVLIFYWHMCP>
#	G	D	E	R	K	N	Q	S	T	A	V	L	I	F	Y	W	H	M	C	P
0	0.01970	0.01453	0.03085	0.01744	0.17447	0.03432	0.01201	0.39035	0.02073	0.13631	0.01458	0.01553	0.01068	0.00963	0.06966	0.00238	0.00720	0.00534	0.00504	0.00925
1	0.08141	0.04281	0.20293	0.01949	0.18976	0.03832	0.11735	0.01929	0.01345	0.13724	0.03495	0.03637	0.01181	0.00636	0.00574	0.00182	0.00708	0.02179	0.00374	0.00829
2	0.12502	0.01292	0.03192	0.01120	0.01463	0.01383	0.00924	0.38551	0.04057	0.02791	0.01868	0.08846	0.07275	0.00998	0.02663	0.02373	0.03915	0.01857	0.02143	0.00787
3	0.01247	0.01178	0.01766	0.23952	0.31575	0.04261	0.01389	0.01582	0.02879	0.01719	0.01368	0.11700	0.01270	0.00707	0.00579	0.00176	0.00645	0.00643	0.00327	0.11038
4	0.01495	0.01273	0.01342	0.01193	0.01531	0.01469	0.00932	0.07600	0.70296	0.02511	0.02305	0.02120	0.01725	0.00783	0.00591	0.00196	0.00472	0.00649	0.00591	0.00925
5	0.00822	0.00588	0.00738	0.00704	0.00815	0.00549	0.00502	0.01032	0.01462	0.02042	0.56814	0.04286	0.07937	0.17844	0.01169	0.00264	0.00337	0.01016	0.00575	0.00504
6	0.01222	0.00809	0.01066	0.07152	0.03474	0.00812	0.00771	0.01705	0.12568	0.13281	0.45595	0.03358	0.03818	0.00991	0.00645	0.00185	0.00387	0.00865	0.00604	0.00689
7	0.00905	0.00681	0.00848	0.00791	0.00954	0.00667	0.00598	0.01360	0.11309	0.02345	0.65962	0.04057	0.04997	0.01136	0.00673	0.00185	0.00299	0.01000	0.00634	0.00598
8	0.01298	0.04486	0.01424	0.03025	0.07468	0.00965	0.00839	0.05941	0.01307	0.01971	0.01051	0.01233	0.00867	0.00461	0.00453	0.00103	0.00481	0.00372	0.00348	0.65907
9	0.01046	0.00725	0.00961	0.01038	0.01189	0.00736	0.00874	0.02947	0.06074	0.04634	0.02870	0.08531	0.03040	0.07776	0.00947	0.00280	0.00526	0.54702	0.00533	0.00571
10	0.01177	0.00978	0.01161	0.00867	0.01328	0.00751	0.00692	0.01403	0.01185	0.01829	0.01156	0.01566	0.01021	0.00604	0.00572	0.05446	0.00442	0.04686	0.00350	0.72787
11	0.07746	0.00833	0.00878	0.00810	0.00946	0.00901	0.00551	0.07767	0.15275	0.01748	0.01816	0.03006	0.01814	0.49029	0.02018	0.00417	0.00533	0.00730	0.02635	0.00545
12	0.01571	0.01449	0.01400	0.01312	0.04383	0.11428	0.00979	0.02933	0.60611	0.04106	0.02123	0.01989	0.01599	0.00752	0.00582	0.00190	0.00548	0.00613	0.00545	0.00890
13	0.01528	0.01264	0.01354	0.01199	0.01534	0.01441	0.00951	0.14334	0.57377	0.02575	0.02268	0.02398	0.01775	0.00840	0.00607	0.00199	0.00495	0.06374	0.00586	0.00901
14	0.00831	0.00623	0.00935	0.00935	0.01038	0.00727	0.00727	0.01038	0.00935	0.01350	0.01558	0.02285	0.01454	0.04361	0.77259	0.00935	0.01558	0.00623	0.00312	0.00519
15	0.01364	0.01163	0.01244	0.01124	0.01427	0.01328	0.00871	0.02827	0.65222	0.02419	0.12033	0.02456	0.02265	0.00842	0.00604	0.00195	0.00436	0.00709	0.00598	0.00871
16	0.00831	0.00623	0.00935	0.00935	0.01038	0.00727	0.00727	0.01038	0.00935	0.01350	0.01558	0.02285	0.01454	0.04361	0.77259	0.00935	0.01558	0.00623	0.00312	0.00519
17	0.00880	0.00757	0.00774	0.00740	0.00970	0.00734	0.00563	0.01408	0.20020	0.01790	0.04995	0.04726	0.56912	0.01299	0.00663	0.00197	0.00337	0.01082	0.00553	0.00600
18	0.02457	0.00972	0.01312	0.01017	0.01442	0.00850	0.00835	0.04222	0.01686	0.68828	0.08171	0.02157	0.01755	0.00757	0.00593	0.00180	0.00480	0.00621	0.00710	0.00954
19	0.01519	0.70093	0.02889	0.01061	0.01497	0.02236	0.01030	0.01699	0.01145	0.01372	0.00803	0.00975	0.00748	0.00562	0.00565	0.00141	0.10347	0.00336	0.00249	0.00733
20	0.01206	0.01034	0.01206	0.00861	0.01378	0.00775	0.00689	0.01464	0.01206	0.01895	0.01034	0.01206	0.00861	0.00431	0.00431	0.00086	0.00431	0.00345	0.00345	0.83118
21	0.01957	0.06144	0.02688	0.01206	0.07379	0.02941	0.00909	0.03730	0.07386	0.40768	0.10335	0.02395	0.07969	0.00802	0.00588	0.00178	0.00498	0.00663	0.00599	0.00863
22	0.01985	0.03770	0.01561	0.01382	0.01670	0.62948	0.01045	0.04879	0.01681	0.01628	0.10776	0.01495	0.01383	0.00679	0.00545	0.00155	0.00924	0.00468	0.00354	0.00671
23	0.00847	0.00587	0.00731	0.00695	0.00837	0.00543	0.00521	0.01110	0.01564	0.02249	0.60293	0.04157	0.10605	0.01144	0.00649	0.00178	0.00276	0.00999	0.11471	0.00543
24	0.01172	0.02971	0.74655	0.01678	0.02530	0.01354	0.04006	0.01842	0.01231	0.01842	0.01047	0.01237	0.00740	0.00551	0.00556	0.00184	0.00863	0.00436	0.00247	0.00857
25	0.01145	0.01086	0.01538	0.01356	0.01386	0.01478	0.01115	0.01296	0.00903	0.01385	0.00992	0.01563	0.00962	0.01979	0.23580	0.00450	0.56369	0.00542	0.00271	0.00603
26	0.00787	0.00593	0.00728	0.00694	0.00847	0.00533	0.00520	0.01028	0.01561	0.02131	0.57192	0.04675	0.24050	0.01264	0.00686	0.00186	0.00280	0.01098	0.00614	0.00533
27	0.00709	0.00506	0.00675	0.00810	0.00843	0.00472	0.00540	0.00810	0.01113	0.01484	0.03205	0.79184	0.03846	0.01822	0.00742	0.00236	0.00337	0.01653	0.00540	0.00472
28	0.01439	0.01382	0.02360	0.03569	0.75936	0.01382	0.01785	0.01785	0.01324	0.01900	0.01094	0.01439	0.00921	0.00518	0.00576	0.00173	0.00691	0.00518	0.00288	0.00921
29	0.01446	0.01249	0.01315	0.01183	0.01512	0.01446	0.00920	0.03090	0.74885	0.02433	0.02367	0.02170	0.01775	0.00789	0.00592	0.00197	0.00460	0.00657	0.00592	0.00920
30	0.02153	0.02734	0.01667	0.01554	0.03790	0.75190	0.01141	0.02308	0.01639	0.01436	0.00904	0.01059	0.00754	0.00597	0.00526	0.00150	0.01039	0.00378	0.00299	0.00681
31	0.00846	0.00564	0.00634	0.00634	0.00634	0.00564	0.00352	0.00846	0.00846	0.01128	0.01832	0.03805	0.02114	0.79563	0.02960	0.00564	0.00564	0.00846	0.00352	0.00352
32	0.02233	0.09316	0.01569	0.01099	0.01525	0.06512	0.00911	0.11608	0.06559	0.44317	0.03347	0.01780	0.01351	0.00773	0.02245	0.00187	0.00580	0.00543	0.00596	0.02949
33	0.02172	0.02772	0.01648	0.01498	0.01798	0.77228	0.01124	0.02322	0.01648	0.01423	0.00899	0.01049	0.00749	0.00599	0.00524	0.00150	0.01049	0.00375	0.00300	0.00674
34	0.00832	0.00618	0.00910	0.00910	0.01006	0.00714	0.00697	0.01023	0.00927	0.01332	0.01580	0.02407	0.01507	0.10408	0.71285	0.00905	0.01478	0.00641	0.00315	0.00506
35	0.01206	0.01034	0.01206	0.00861	0.01378	0.00775	0.00689	0.01464	0.01206	0.01895	0.01034	0.01206	0.00861	0.00431	0.00431	0.00086	0.00431	0.00345	0.00345	0.83118
36	0.01439	0.01382	0.02360	0.03569	0.75936	0.01382	0.01785	0.01785	0.01324	0.01900	0.01094	0.01439	0.00921	0.00518	0.00576	0.00173	0.00691	0.00518	0.00288	0.00921
37	0.83671	0.01125	0.00855	0.00765	0.01125	0.01305	0.00630	0.01709	0.00990	0.02609	0.00810	0.00945	0.00630	0.00540	0.00360	0.00180	0.00450	0.00315	0.00360	0.00630
38	0.01236	0.17136	0.61098	0.03480	0.02366	0.01524	0.01922	0.01814	0.01218	0.01745	0.01000	0.01182	0.00739	0.00543	0.00520	0.00173	0.00813	0.00410	0.00246	0.00833
39	0.01037	0.00744	0.00903	0.00866	0.01041	0.00749	0.00645	0.01573	0.18015	0.06428	0.35993	0.21372	0.05863	0.01228	0.00672	0.00199	0.00344	0.01082	0.00608	0.00639
40	0.00833	0.00614	0.00887	0.00887	0.00975	0.00701	0.00668	0.01008	0.00921	0.01315	0.01601	0.02525	0.01558	0.16248	0.65515	0.00876	0.01401	0.00658	0.00318	0.00493
41	0.01267	0.01293	0.02062	0.11670	0.02112	0.01664	0.13889	0.01491	0.01010	0.01491	0.00870	0.01360	0.00786	0.00870	0.01524	0.00236	0.54941	0.00541	0.00262	0.00663
42	0.02011	0.01791	0.11665	0.01560	0.07858	0.01710	0.01298	0.58670	0.02422	0.03282	0.01325	0.01377	0.00950	0.00664	0.00577	0.00176	0.00673	0.00511	0.00514	0.00966
43	0.00938	0.00792	0.00971	0.00953	0.01077	0.06854	0.00735	0.01149	0.01086	0.01485	0.11278	0.02457	0.01929	0.03640	0.60986	0.00772	0.01347	0.00660	0.00354	0.00536
44	0.00907	0.00648	0.00902	0.01036	0.01157	0.00643	0.00885	0.01153	0.01309	0.01707	0.03096	0.16142	0.03413	0.01635	0.00795	0.00264	0.00509	0.62737	0.00536	0.00527
45	0.01351	0.10914	0.55559	0.01633	0.04192	0.11464	0.03420	0.01894	0.01284	0.01739	0.01004	0.01186	0.00747	0.00551	0.00534	0.00173	0.00858	0.00418	0.00255	0.00823
46	0.00918	0.00966	0.10818	0.00890	0.01138	0.00727	0.00790	0.01356	0.07479	0.02275	0.59897	0.03758	0.04562	0.01073	0.00661	0.00184	0.00366	0.00938	0.00584	0.00620
47	0.00727	0.00514	0.00669	0.00787	0.00816	0.00484	0.00515	0.00814	0.01078	0.01437	0.03024	0.69238	0.03618	0.12079	0.01035	0.00279	0.00367	0.01547	0.00515	0.00457
48	0.00709	0.00506	0.00675	0.00810	0.00843	0.00472	0.00540	0.00810	0.01113	0.01484	0.03205	0.79184	0.03846	0.01822	0.00742	0.00236	0.00337	0.01653	0.00540	0.00472
49	0.83671	0.01125	0.00855	0.00765	0.01125	0.01305	0.00630	0.01709	0.00990	0.02609	0.00810	0.00945	0.00630	0.00540	0.00360	0.00180	0.00450	0.00315	0.00360	0.00630
50	0.01554	0.74826	0.04566	0.01032	0.01522	0.03929	0.01029	0.01749	0.01187	0.01380	0.00815	0.00949	0.00746	0.00512	0.00414	0.00129	0.02347	0.00319	0.00250	0.00745
51	0.83671	0.01125	0.00855	0.00765	0.01125	0.01305	0.00630	0.01709	0.00990	0.02609	0.00810	0.00945	0.00630	0.00540	0.00360	0.00180	0.00450	0.00315	0.00360	0.00630
52	0.00687	0.00589	0.00589	0.00589	0.00785	0.00491	0.00442	0.00835	0.01325	0.01571	0.05891	0.05596	0.75700	0.01473	0.00687	0.00196	0.00295	0.01227	0.00540	0.00491
53	0.00846	0.00564	0.00634	0.00634	0.00634	0.00564	0.00352	0.00846	0.00846	0.01128	0.01832	0.03805	0.02114	0.79563	0.02960	0.00564	0.00564	0.00846	0.00352	0.00352
54	0.02172	0.02772	0.01648	0.01498	0.01798	0.77228	0.01124	0.02322	0.01648	0.01423	0.00899	0.01049	0.00749	0.00599	0.00524	0.00150	0.01049	0.00375	0.00300	0.00674
55	0.01767	0.01027	0.01241	0.01006	0.01334	0.01023	0.00808	0.23993	0.01986	0.24198	0.31565	0.02753	0.02932	0.00902	0.00625	0.00179	0.00451	0.00754	0.00645	0.00812
56	0.01555	0.79913	0.03047	0.00995	0.01493	0.02301	0.00995	0.01741	0.01182	0.01368	0.00808	0.00933	0.00746	0.00498	0.00373	0.00124	0.00622	0.00311	0.00249	0.00746
57	0.83671	0.01125	0.00855	0.00765	0.01125	0.01305	0.00630	0.01709	0.00990	0.02609	0.00810	0.00945	0.00630	0.00540	0.00360	0.00180	0.00450	0.00315	0.00360	0.00630
58	0.01191	0.07873	0.71900	0.01616	0.02452	0.01411	0.02076	0.01835	0.01225	0.01812	0.01029	0.01209	0.00737	0.00549	0.00541	0.00180	0.00844	0.00422	0.00246	0.00852
59	0.00890	0.00704	0.00860	0.00905	0.00992	0.02369	0.00645	0.03718	0.04913	0.01683	0.08659	0.57840	0.03431	0.01566	0.00789	0.00224	0.05486	0.01380	0.00524	0.02421
60	0.01010	0.00505	0.00758	0.00758	0.00758	0.00505	0.00505	0.00758	0.00758	0.01010	0.01010	0.01768	0.01010	0.02020	0.02273	0.83081	0.00505	0.00505	0.00253	0.00253
61	0.01190	0.01127	0.01910	0.58084	0.23369	0.01316	0.01661	0.01566	0.01206	0.01597	0.01050	0.01520	0.00814	0.00564	0.00580	0.00188	0.00752	0.00517	0.00266	0.00720
62	0.01461	0.01367	0.02382	0.06712	0.60419	0.01368	0.09294	0.01849	0.03044	0.04723	0.01175	0.01495	0.00950	0.00532	0.00588	0.00177	0.00712	0.00542	0.00311	0.00897
63	0.01373	0.01569	0.03431	0.02451	0.03039	0.01471	0.73824	0.01863	0.01373	0.01863	0.01176	0.01569	0.00882	0.00490	0.00686	0.00196	0.00980	0.00686	0.00294	0.00784
64	0.01098	0.01034	0.01744	0.78165	0.04005	0.01292	0.01615	0.01486	0.01163	0.01486	0.01034	0.01550	0.00775	0.00581	0.00581	0.00194	0.00775	0.00517	0.00258	0.00646
65	0.01439	0.01382	0.02360	0.03569	0.75936	0.01382	0.01785	0.01785	0.01324	0.01900	0.01094	0.01439	0.00921	0.00518	0.00576	0.00173	0.00691	0.00518	0.00288	0.00921
66	0.01349	0.01151	0.01230	0.01134	0.01424	0.01318	0.00870	0.02789	0.65151	0.02308	0.02477	0.12331	0.02048	0.00925	0.00612	0.00202	0.00444	0.00789	0.00585	0.00861
67	0.02388	0.00947	0.01295	0.01039	0.01448	0.00830	0.00866	0.02619	0.01621	0.66496	0.02398	0.02584	0.01691	0.00837	0.00614	0.00192	0.00500	0.10010	0.00695	0.00930
68	0.02100	0.01621	0.01968	0.01485	0.01966	0.01759	0.10700	0.64479	0.02554	0.03427	0.01367	0.01419	0.00975	0.00671	0.00596	0.00177	0.00685	0.00545	0.00544	0.00962
69	0.11755	0.00630	0.00669	0.00676	0.00728	0.00649	0.00415	0.00955	0.00901	0.01372	0.01886	0.13763	0.02156	0.58477	0.02313	0.00468	0.00518	0.00886	0.00379	0.00405
70	0.01166	0.03008	0.76550	0.01657	0.02517	0.01351	0.02149	0.01842	0.01228	0.01842	0.01044	0.01228	0.00737	0.00552	0.00552	0.00184	0.00859	0.00430	0.00246	0.00859
71	0.00843	0.00568	0.00653	0.00647	0.00665	0.00562	0.00378	0.00879	0.00951	0.01286	0.11569	0.03877	0.02559	0.69222	0.02660	0.00514	0.00526	0.00873	0.00390	0.00378
72	0.02446	0.01066	0.01624	0.01222	0.01690	0.00936	0.10482	0.02706	0.01626	0.66512	0.02147	0.01925	0.01366	0.00689	0.00598	0.00182	0.00559	0.00598	0.00664	0.00963
73	0.02064	0.01550	0.01745	0.11475	0.02094	0.01736	0.01173	0.64429	0.02527	0.03377	0.01348	0.01417	0.00961	0.00683	0.00582	0.00177	0.00658	0.00523	0.00539	0.00944
74	0.01378	0.01319	0.02250	0.16955	0.63029	0.01366	0.01754	0.01731	0.01295	0.01826	0.01083	0.01459	0.00895	0.00529	0.00577	0.00176	0.00706	0.00518	0.00283	0.00872
75	0.01886	0.02309	0.01463	0.01335	0.01600	0.60946	0.01002	0.02062	0.01648	0.01616	0.16767	0.01748	0.01755	0.00724	0.00559	0.00157	0.00884	0.00518	0.00372	0.00648
76	0.00709	0.00506	0.00675	0.00810	0.00843	0.00472	0.00540	0.00810	0.01113	0.01484	0.03205	0.79184	0.03846	0.01822	0.00742	0.00236	0.00337	0.01653	0.00540	0.00472
77	0.01108	0.01044	0.01762	0.76014	0.06080	0.01295	0.01620	0.01494	0.01167	0.01498	0.01035	0.01547	0.00779	0.00580	0.00581	0.00193	0.00773	0.00517	0.00259	0.00654
78	0.01515	0.71977	0.10632	0.01063	0.01598	0.02203	0.01114	0.01752	0.01186	0.01417	0.00833	0.00963	0.00745	0.00503	0.00392	0.00131	0.00646	0.00323	0.00248	0.00758
79	0.00834	0.00573	0.00701	0.00709	0.00734	0.00593	0.00444	0.00884	0.00882	0.01198	0.01862	0.08321	0.02085	0.58604	0.18594	0.00621	0.00760	0.00850	0.00356	0.00395
80	0.02206	0.01772	0.01733	0.01358	0.01803	0.11222	0.01108	0.65046	0.02599	0.03385	0.01334	0.01353	0.00959	0.00686	0.00575	0.00171	0.00691	0.00505	0.00547	0.00950
81	0.01426	0.01134	0.01233	0.01124	0.01422	0.01279	0.00866	0.02772	0.60313	0.07191	0.02473	0.12318	0.02026	0.00921	0.00611	0.00201	0.00446	0.00784	0.00593	0.00866
82	0.00908	0.00744	0.00966	0.05594	0.07465	0.02441	0.00722	0.01189	0.02885	0.02065	0.47297	0.08411	0.14783	0.01153	0.00668	0.00187	0.00368	0.01012	0.00558	0.00583
83	0.00894	0.00680	0.00833	0.00780	0.00947	0.00662	0.00589	0.01339	0.11284	0.02284	0.60355	0.04158	0.10642	0.01159	0.00674	0.00186	0.00300	0.01014	0.00626	0.00593
84	0.00844	0.00572	0.00674	0.00674	0.00688	0.00585	0.00402	0.00871	0.00857	0.01157	0.01796	0.03605	0.02027	0.69641	0.12763	0.00613	0.00695	0.00816	0.00347	0.00374
85	0.01134	0.01070	0.01809	0.70313	0.11577	0.01301	0.01633	0.01517	0.01180	0.01529	0.01040	0.01539	0.00791	0.00575	0.00581	0.00192	0.00766	0.00517	0.00261	0.00675
86	0.01257	0.20931	0.59420	0.01503	0.02278	0.01572	0.01880	0.01818	0.01217	0.01731	0.00989	0.01159	0.00739	0.00540	0.00511	0.00170	0.00804	0.00402	0.00246	0.00833
87	0.01036	0.00921	0.01212	0.01350	0.11000	0.07004	0.00919	0.01254	0.01042	0.01430	0.01413	0.02035	0.01301	0.03425	0.58102	0.00745	0.04332	0.00585	0.00305	0.00589
88	0.04188	0.01325	0.01531	0.01188	0.01636	0.01371	0.00977	0.37967	0.06810	0.34092	0.01821	0.01680	0.01220	0.00709	0.00579	0.00178	0.00563	0.00553	0.00635	0.00977
89	0.00783	0.00607	0.00821	0.00904	0.00934	0.00645	0.00636	0.00888	0.01084	0.01473	0.02883	0.68904	0.03439	0.01716	0.00896	0.00239	0.10650	0.01502	0.00502	0.00494
90	0.01341	0.01271	0.02167	0.03175	0.64068	0.01264	0.03557	0.01658	0.01298	0.01844	0.01375	0.11701	0.01306	0.00689	0.00601	0.00182	0.00652	0.00672	0.00321	0.00858
91	0.00718	0.00513	0.00683	0.00803	0.00845	0.00478	0.00541	0.00833	0.01156	0.01553	0.09028	0.73166	0.03978	0.01771	0.00738	0.00232	0.00332	0.01605	0.00548	0.00478
92	0.08423	0.01231	0.01371	0.01107	0.01417	0.01354	0.00876	0.36070	0.01869	0.12402	0.01514	0.01976	0.01257	0.18702	0.01217	0.00271	0.07067	0.00587	0.00503	0.00786
93	0.05509	0.11209	0.01776	0.04232	0.03386	0.16878	0.01066	0.30271	0.07758	0.08768	0.01335	0.01385	0.00996	0.00719	0.02030	0.00181	0.00710	0.00476	0.00463	0.00852
94	0.00687	0.00589	0.00589	0.00589	0.00785	0.00491	0.00442	0.00835	0.01325	0.01571	0.05891	0.05596	0.75700	0.01473	0.00687	0.00196	0.00295	0.01227	0.00540	0.00491
95	0.00733	0.00525	0.00697	0.00793	0.00849	0.00489	0.00542	0.00871	0.01226	0.01664	0.18584	0.63292	0.04195	0.01687	0.00730	0.00225	0.00324	0.01525	0.00561	0.00489
96	0.04056	0.01323	0.01321	0.02838	0.01481	0.07072	0.00884	0.35745	0.08571	0.02797	0.07863	0.02153	0.08172	0.00798	0.00565	0.00172	0.00540	0.00626	0.12225	0.00797
97	0.07967	0.01551	0.07282	0.05943	0.12424	0.01449	0.46195	0.01792	0.01287	0.01880	0.01096	0.01462	0.00846	0.00539	0.00709	0.00195	0.05717	0.00600	0.00292	0.00779
98	0.02518	0.00980	0.01327	0.01026	0.01462	0.00855	0.00844	0.02773	0.03090	0.72081	0.05088	0.02073	0.01600	0.00739	0.00589	0.00180	0.00486	0.00604	0.00714	0.00972
99	0.02104	0.01523	0.01640	0.01264	0.01707	0.01663	0.01038	0.64987	0.02548	0.05092	0.01433	0.01483	0.01038	0.02219	0.00614	0.00177	0.00611	0.00525	0.04250	0.04084

[dist]
# distance from previous block
# <min> <max>
2	5

[block]
# block no. 3 follows, 40 sequences, length 97
# corresponding to MSA columns:
# 266-362
name=unknown_D
#
# <colnr> <probs for GDERKNQSTAVLIFYWHMCP>
#	G	D	E	R	K	N	Q	S	T	A	V	L	I	F	Y	W	H	M	C	P
0	0.01366	0.01528	0.06523	0.10606	0.15790	0.06001	0.28662	0.01914	0.10285	0.01829	0.01334	0.04952	0.01094	0.00638	0.00692	0.00193	0.04842	0.00634	0.00332	0.00786
1	0.01511	0.05879	0.28336	0.01658	0.02255	0.01406	0.20231	0.11871	0.01530	0.09598	0.06059	0.01604	0.01189	0.00629	0.00644	0.00185	0.03640	0.00562	0.00378	0.00837
2	0.00779	0.00577	0.00726	0.00723	0.00850	0.00524	0.00529	0.00999	0.01491	0.02043	0.50183	0.18838	0.16874	0.01357	0.00697	0.00195	0.00290	0.01196	0.00604	0.00524
3	0.01507	0.70527	0.12018	0.01076	0.01618	0.02185	0.01136	0.01754	0.01187	0.01426	0.00837	0.00969	0.00745	0.00504	0.00395	0.00132	0.00651	0.00325	0.00248	0.00760
4	0.00905	0.00657	0.00894	0.01014	0.01152	0.00646	0.00875	0.01156	0.01332	0.01716	0.03377	0.08211	0.10961	0.01598	0.00790	0.00259	0.00505	0.62885	0.00536	0.00529
5	0.01373	0.01569	0.03431	0.02451	0.03039	0.01471	0.73824	0.01863	0.01373	0.01863	0.01176	0.01569	0.00882	0.00490	0.00686	0.00196	0.00980	0.00686	0.00294	0.00784
6	0.01346	0.38548	0.42582	0.01351	0.02044	0.01790	0.01615	0.01795	0.01206	0.01623	0.00935	0.01091	0.00741	0.00527	0.00470	0.00157	0.00750	0.00375	0.00247	0.00807
7	0.00709	0.00506	0.00675	0.00810	0.00843	0.00472	0.00540	0.00810	0.01113	0.01484	0.03205	0.79184	0.03846	0.01822	0.00742	0.00236	0.00337	0.01653	0.00540	0.00472
8	0.00759	0.00530	0.00672	0.00756	0.00781	0.00513	0.00484	0.00831	0.01016	0.01359	0.02679	0.50829	0.03170	0.28000	0.04540	0.00374	0.00462	0.01341	0.00468	0.00434
9	0.01006	0.00767	0.01115	0.01374	0.10326	0.00771	0.01033	0.01312	0.03050	0.01771	0.02822	0.07223	0.03024	0.01459	0.00769	0.00254	0.00549	0.60280	0.00507	0.00590
10	0.01098	0.01034	0.01744	0.78165	0.04005	0.01292	0.01615	0.01486	0.01163	0.01486	0.01034	0.01550	0.00775	0.00581	0.00581	0.00194	0.00775	0.00517	0.00258	0.00646
11	0.00912	0.00651	0.00908	0.01042	0.01165	0.00648	0.00894	0.01162	0.01314	0.01712	0.03093	0.14500	0.03401	0.01630	0.00797	0.00264	0.00514	0.64327	0.00536	0.00529
12	0.01446	0.01249	0.01315	0.01183	0.01512	0.01446	0.00920	0.03090	0.74885	0.02433	0.02367	0.02170	0.01775	0.00789	0.00592	0.00197	0.00460	0.00657	0.00592	0.00920
13	0.00730	0.00532	0.00736	0.00850	0.00898	0.00498	0.01898	0.00845	0.01127	0.01502	0.03163	0.74857	0.03772	0.01789	0.00744	0.00237	0.00357	0.04450	0.00535	0.00481
14	0.01531	0.75240	0.07513	0.01035	0.01555	0.02243	0.01065	0.01747	0.01184	0.01397	0.00823	0.00951	0.00746	0.00501	0.00384	0.00128	0.00636	0.00318	0.00249	0.00753
15	0.07067	0.01552	0.01639	0.01284	0.01727	0.01729	0.01054	0.60950	0.11434	0.03450	0.01479	0.01463	0.01063	0.00700	0.00569	0.00178	0.00606	0.00527	0.00569	0.00959
16	0.00687	0.00589	0.00589	0.00589	0.00785	0.00491	0.00442	0.00835	0.01325	0.01571	0.05891	0.05596	0.75700	0.01473	0.00687	0.00196	0.00295	0.01227	0.00540	0.00491
17	0.01129	0.00571	0.00611	0.00590	0.00741	0.00559	0.00446	0.01398	0.01294	0.05909	0.10916	0.02424	0.01976	0.00742	0.00450	0.00144	0.00283	0.00606	0.68648	0.00565
18	0.01406	0.01580	0.11415	0.03336	0.66975	0.01378	0.01829	0.01792	0.01312	0.01893	0.01088	0.01413	0.00899	0.00522	0.00573	0.00174	0.00711	0.00507	0.00283	0.00914
19	0.00818	0.00591	0.00773	0.00735	0.00868	0.00546	0.00548	0.01086	0.01625	0.02298	0.72732	0.07338	0.05421	0.01214	0.00688	0.00185	0.00277	0.01076	0.00636	0.00546
20	0.73777	0.01108	0.00915	0.00798	0.01169	0.01250	0.00657	0.01847	0.01072	0.11608	0.00991	0.01071	0.00729	0.00562	0.00387	0.00180	0.00455	0.00348	0.00404	0.00674
21	0.00919	0.00647	0.00717	0.00701	0.00741	0.00672	0.00422	0.01120	0.09882	0.01287	0.01898	0.03606	0.02073	0.69949	0.02671	0.00519	0.00551	0.00823	0.00382	0.00422
22	0.83671	0.01125	0.00855	0.00765	0.01125	0.01305	0.00630	0.01709	0.00990	0.02609	0.00810	0.00945	0.00630	0.00540	0.00360	0.00180	0.00450	0.00315	0.00360	0.00630
23	0.00823	0.00594	0.00777	0.00732	0.00869	0.00549	0.00549	0.01097	0.01646	0.02332	0.75629	0.04344	0.05487	0.01189	0.00686	0.00183	0.00274	0.01052	0.00640	0.00549
24	0.01202	0.04993	0.65561	0.01736	0.02552	0.01392	0.10864	0.01841	0.01244	0.01831	0.01053	0.01261	0.00755	0.00543	0.00564	0.00184	0.00868	0.00458	0.00252	0.00847
25	0.00690	0.00579	0.00600	0.00616	0.00793	0.00489	0.00454	0.00832	0.01300	0.01560	0.05563	0.14578	0.66930	0.01515	0.00694	0.00201	0.00300	0.01279	0.00540	0.00489
26	0.83671	0.01125	0.00855	0.00765	0.01125	0.01305	0.00630	0.01709	0.00990	0.02609	0.00810	0.00945	0.00630	0.00540	0.00360	0.00180	0.00450	0.00315	0.00360	0.00630
27	0.01637	0.01242	0.01347	0.01175	0.01527	0.01397	0.00924	0.07608	0.61319	0.11532	0.02296	0.02097	0.01684	0.00775	0.00590	0.00194	0.00476	0.00640	0.00607	0.00933
28	0.00709	0.00506	0.00675	0.00810	0.00843	0.00472	0.00540	0.00810	0.01113	0.01484	0.03205	0.79184	0.03846	0.01822	0.00742	0.00236	0.00337	0.01653	0.00540	0.00472
29	0.02369	0.06709	0.01624	0.01167	0.01617	0.05868	0.00969	0.27995	0.02010	0.40929	0.01790	0.01645	0.01191	0.00690	0.00566	0.00172	0.00588	0.00532	0.00613	0.00954
30	0.01284	0.00995	0.01191	0.00896	0.01348	0.00812	0.00717	0.04616	0.01272	0.06865	0.01316	0.01504	0.02803	0.00967	0.09830	0.00202	0.00578	0.00424	0.00381	0.61999
31	0.01720	0.20557	0.16674	0.01421	0.01889	0.26913	0.04198	0.08943	0.05001	0.01772	0.01027	0.01176	0.00824	0.00603	0.00585	0.00163	0.05031	0.00418	0.00316	0.00772
32	0.00743	0.00532	0.00699	0.00822	0.00866	0.00503	0.00553	0.02495	0.01151	0.01535	0.03163	0.77392	0.03780	0.01796	0.00739	0.00235	0.00344	0.01627	0.00541	0.00484
33	0.01206	0.01034	0.01206	0.00861	0.01378	0.00775	0.00689	0.01464	0.01206	0.01895	0.01034	0.01206	0.00861	0.00431	0.00431	0.00086	0.00431	0.00345	0.00345	0.83118
34	0.01472	0.32372	0.34442	0.01435	0.05160	0.05720	0.01532	0.01874	0.01254	0.06154	0.01016	0.01161	0.00792	0.00555	0.00522	0.00161	0.02892	0.00396	0.00281	0.00810
35	0.01918	0.02341	0.01480	0.01345	0.01623	0.61088	0.01011	0.04096	0.01659	0.01606	0.10337	0.01737	0.05888	0.00727	0.00556	0.00157	0.00897	0.00513	0.00364	0.00657
36	0.01639	0.01318	0.03635	0.09807	0.06606	0.02789	0.03114	0.26734	0.01761	0.06194	0.01317	0.01489	0.00994	0.00628	0.00603	0.00161	0.04619	0.00493	0.10227	0.15874
37	0.00846	0.00564	0.00634	0.00634	0.00634	0.00564	0.00352	0.00846	0.00846	0.01128	0.01832	0.03805	0.02114	0.79563	0.02960	0.00564	0.00564	0.00846	0.00352	0.00352
38	0.02458	0.01060	0.01604	0.01208	0.01674	0.00930	0.09760	0.02715	0.01629	0.67249	0.02158	0.01929	0.01371	0.00692	0.00597	0.00182	0.00554	0.00597	0.00668	0.00965
39	0.01511	0.03150	0.02481	0.12856	0.19780	0.03578	0.26853	0.14954	0.01568	0.02107	0.01202	0.03343	0.00958	0.00594	0.00643	0.00186	0.02475	0.00597	0.00345	0.00820
40	0.02562	0.01131	0.01388	0.01079	0.01520	0.05545	0.00884	0.06533	0.01719	0.67977	0.02162	0.01892	0.01374	0.00711	0.00581	0.00178	0.00536	0.00569	0.00687	0.00970
41	0.00846	0.00564	0.00634	0.00634	0.00634	0.00564	0.00352	0.00846	0.00846	0.01128	0.01832	0.03805	0.02114	0.79563	0.02960	0.00564	0.00564	0.00846	0.00352	0.00352
42	0.01555	0.79913	0.03047	0.00995	0.01493	0.02301	0.00995	0.01741	0.01182	0.01368	0.00808	0.00933	0.00746	0.00498	0.00373	0.00124	0.00622	0.00311	0.00249	0.00746
43	0.01685	0.05430	0.10591	0.01203	0.01625	0.05931	0.01059	0.02706	0.40289	0.17758	0.02122	0.01981	0.03540	0.00739	0.00573	0.00185	0.00555	0.00596	0.00540	0.00892
44	0.02609	0.00990	0.01350	0.01035	0.01484	0.00855	0.00855	0.02834	0.01664	0.76338	0.02294	0.01979	0.01439	0.00720	0.00585	0.00180	0.00495	0.00585	0.00720	0.00990
45	0.02148	0.02736	0.01701	0.01527	0.01835	0.74959	0.03301	0.02308	0.01640	0.01436	0.00907	0.01064	0.00753	0.00596	0.00529	0.00151	0.01047	0.00384	0.00299	0.00677
46	0.00785	0.00840	0.08312	0.00766	0.01011	0.00604	0.00676	0.01024	0.01389	0.01784	0.21034	0.04945	0.46711	0.01326	0.00682	0.00197	0.00365	0.06471	0.00533	0.00545
47	0.01055	0.00940	0.00831	0.00782	0.01018	0.09966	0.00594	0.01345	0.08133	0.06175	0.04740	0.04507	0.55259	0.01258	0.00652	0.00190	0.00414	0.01032	0.00526	0.00583
48	0.00823	0.00594	0.00777	0.00732	0.00869	0.00549	0.00549	0.01097	0.01646	0.02332	0.75629	0.04344	0.05487	0.01189	0.00686	0.00183	0.00274	0.01052	0.00640	0.00549
49	0.01425	0.01252	0.01372	0.01225	0.01514	0.01487	0.00963	0.02884	0.65854	0.02307	0.02171	0.02060	0.01652	0.00817	0.00752	0.00204	0.09985	0.00639	0.00551	0.00886
50	0.00809	0.00642	0.00757	0.00841	0.00906	0.04356	0.00582	0.00941	0.01184	0.01566	0.11760	0.58010	0.03652	0.03642	0.07169	0.00291	0.00472	0.01411	0.00517	0.00493
51	0.01098	0.01034	0.01744	0.78165	0.04005	0.01292	0.01615	0.01486	0.01163	0.01486	0.01034	0.01550	0.00775	0.00581	0.00581	0.00194	0.00775	0.00517	0.00258	0.00646
52	0.00846	0.00564	0.00634	0.00634	0.00634	0.00564	0.00352	0.00846	0.00846	0.01128	0.01832	0.03805	0.02114	0.79563	0.02960	0.00564	0.00564	0.00846	0.00352	0.00352
53	0.00719	0.00588	0.00622	0.00615	0.00790	0.00505	0.00454	0.00878	0.01348	0.01668	0.16986	0.05284	0.59809	0.06171	0.00825	0.00217	0.00308	0.01176	0.00545	0.00492
54	0.01573	0.77602	0.03005	0.01010	0.01502	0.04545	0.00999	0.01759	0.01196	0.01370	0.00811	0.00936	0.00746	0.00501	0.00378	0.00125	0.00635	0.00313	0.00250	0.00744
55	0.01206	0.01034	0.01206	0.00861	0.01378	0.00775	0.00689	0.01464	0.01206	0.01895	0.01034	0.01206	0.00861	0.00431	0.00431	0.00086	0.00431	0.00345	0.00345	0.83118
56	0.00728	0.00514	0.00669	0.00785	0.00814	0.00485	0.00514	0.00815	0.01076	0.01435	0.03015	0.68741	0.03606	0.12591	0.01049	0.00282	0.00369	0.01541	0.00514	0.00456
57	0.01010	0.00505	0.00758	0.00758	0.00758	0.00505	0.00505	0.00758	0.00758	0.01010	0.01010	0.01768	0.01010	0.02020	0.02273	0.83081	0.00505	0.00505	0.00253	0.00253
58	0.01252	0.01191	0.02023	0.44451	0.36515	0.01333	0.01692	0.01621	0.01236	0.01673	0.01061	0.01500	0.00841	0.00553	0.00579	0.00184	0.00737	0.00517	0.00272	0.00770
59	0.00733	0.00575	0.00666	0.00699	0.00841	0.00508	0.00516	0.00899	0.01334	0.01700	0.17920	0.23411	0.40787	0.01514	0.00708	0.00208	0.00316	0.05609	0.00558	0.00500
60	0.01398	0.01339	0.02285	0.12674	0.67157	0.01371	0.01764	0.01748	0.01304	0.01849	0.01086	0.01453	0.00903	0.00526	0.00576	0.00175	0.00701	0.00518	0.00284	0.00888
61	0.01289	0.01258	0.02228	0.34523	0.37503	0.01355	0.10074	0.01669	0.01263	0.01723	0.01078	0.01501	0.00856	0.00541	0.00591	0.00184	0.00760	0.00537	0.00276	0.00791
62	0.00827	0.00565	0.00660	0.00681	0.00702	0.00561	0.00415	0.00863	0.00920	0.01220	0.02200	0.12309	0.05431	0.61720	0.05068	0.00512	0.00560	0.04013	0.00388	0.00385
63	0.00728	0.00514	0.00669	0.00785	0.00814	0.00485	0.00514	0.00815	0.01076	0.01435	0.03015	0.68731	0.03606	0.12602	0.01050	0.00282	0.00369	0.01541	0.00514	0.00456
64	0.01941	0.02317	0.01649	0.06730	0.03957	0.55603	0.01162	0.05204	0.01555	0.01565	0.00961	0.01177	0.00797	0.00648	0.00674	0.00165	0.09192	0.00416	0.03604	0.00683
65	0.00752	0.00584	0.00684	0.00675	0.00829	0.00516	0.00500	0.00955	0.01457	0.01919	0.38205	0.11357	0.36737	0.01370	0.00691	0.00194	0.00289	0.01182	0.00587	0.00516
66	0.79542	0.01147	0.00984	0.00849	0.01221	0.01313	0.04302	0.01717	0.01009	0.02572	0.00828	0.00976	0.00642	0.00537	0.00376	0.00181	0.00476	0.00334	0.00357	0.00638
67	0.06092	0.01537	0.01544	0.01224	0.01638	0.06193	0.00997	0.55468	0.04055	0.03192	0.01907	0.01883	0.10093	0.00781	0.00580	0.00176	0.00609	0.00593	0.00549	0.00889
68	0.01166	0.03008	0.76550	0.01657	0.02517	0.01351	0.02149	0.01842	0.01228	0.01842	0.01044	0.01228	0.00737	0.00552	0.00552	0.00184	0.00859	0.00430	0.00246	0.00859
69	0.02590	0.01019	0.01368	0.01049	0.01499	0.00899	0.00866	0.06156	0.01714	0.72946	0.02252	0.01952	0.01418	0.00719	0.00585	0.00180	0.00502	0.00582	0.00713	0.00990
70	0.00922	0.00723	0.01103	0.14271	0.03167	0.00724	0.05433	0.01135	0.01257	0.04632	0.12343	0.38603	0.10738	0.01332	0.00688	0.00212	0.00455	0.01205	0.00491	0.00564
71	0.00725	0.00513	0.00670	0.00788	0.00818	0.00483	0.00517	0.00814	0.01081	0.01441	0.03038	0.69984	0.03635	0.11310	0.01013	0.00276	0.00365	0.01555	0.00517	0.00458
72	0.10932	0.36530	0.10018	0.01617	0.15535	0.01803	0.04876	0.07368	0.01332	0.03719	0.00986	0.01152	0.00807	0.00532	0.00465	0.00155	0.00655	0.00404	0.00308	0.00804
73	0.01382	0.11035	0.05307	0.11090	0.33635	0.01519	0.21990	0.01760	0.01287	0.01763	0.01065	0.01414	0.00862	0.00530	0.00619	0.00178	0.02927	0.00537	0.00279	0.00821
74	0.02265	0.01646	0.01679	0.01309	0.01757	0.08884	0.01071	0.56854	0.02476	0.13953	0.01478	0.01447	0.01031	0.00692	0.00577	0.00173	0.00658	0.00518	0.00575	0.00959
75	0.00718	0.00592	0.00631	0.00626	0.00810	0.00506	0.00473	0.00891	0.01384	0.01714	0.18576	0.05389	0.61213	0.01424	0.00690	0.00196	0.00296	0.02810	0.00558	0.00502
76	0.01412	0.01391	0.02485	0.07260	0.61544	0.01390	0.12325	0.01781	0.01323	0.01873	0.01103	0.01464	0.00908	0.00517	0.00592	0.00177	0.00738	0.00543	0.00287	0.00887
77	0.00941	0.00770	0.00993	0.01002	0.05181	0.00773	0.02464	0.01410	0.13696	0.01991	0.29999	0.06766	0.19553	0.01543	0.10012	0.00282	0.00509	0.00958	0.00538	0.00618
78	0.00766	0.00597	0.00702	0.00709	0.00869	0.00532	0.00545	0.00970	0.01429	0.01853	0.29798	0.08968	0.38713	0.01407	0.00704	0.00202	0.00319	0.09828	0.00574	0.00516
79	0.01588	0.75746	0.02972	0.01022	0.01509	0.06348	0.01002	0.01773	0.01207	0.01371	0.00813	0.00939	0.00746	0.00503	0.00381	0.00126	0.00645	0.00314	0.00252	0.00742
80	0.03066	0.58348	0.12783	0.01104	0.01627	0.02048	0.01136	0.01919	0.10180	0.01586	0.01031	0.01124	0.00868	0.00541	0.00424	0.00142	0.00631	0.00369	0.00292	0.00781
81	0.00846	0.00564	0.00634	0.00634	0.00634	0.00564	0.00352	0.00846	0.00846	0.01128	0.01832	0.03805	0.02114	0.79563	0.02960	0.00564	0.00564	0.00846	0.00352	0.00352
82	0.01356	0.01158	0.01237	0.01138	0.01431	0.01328	0.00874	0.02812	0.65881	0.02317	0.02469	0.11569	0.02028	0.00915	0.00610	0.00202	0.00445	0.00779	0.00585	0.00866
83	0.00886	0.00663	0.00967	0.00951	0.01069	0.00770	0.00742	0.03957	0.01007	0.01443	0.01551	0.02249	0.01435	0.04215	0.74191	0.00904	0.01521	0.00619	0.00322	0.00538
84	0.02039	0.15233	0.01929	0.03190	0.01778	0.12509	0.01086	0.47991	0.02240	0.02865	0.01227	0.01288	0.00919	0.00646	0.00534	0.00162	0.00690	0.00466	0.02323	0.00884
85	0.00821	0.00597	0.00775	0.00739	0.00879	0.00551	0.00560	0.01089	0.01617	0.02268	0.68962	0.04503	0.08916	0.01221	0.00691	0.00187	0.00287	0.04160	0.00631	0.00545
86	0.00687	0.00589	0.00589	0.00589	0.00785	0.00491	0.00442	0.00835	0.01325	0.01571	0.05891	0.05596	0.75700	0.01473	0.00687	0.00196	0.00295	0.01227	0.00540	0.00491
87	0.01168	0.01054	0.01731	0.68954	0.04971	0.01303	0.01558	0.03279	0.01201	0.03289	0.01073	0.01559	0.00811	0.00674	0.02088	0.00209	0.03615	0.00520	0.00278	0.00664
88	0.01306	0.01204	0.01810	0.32550	0.25559	0.01365	0.01464	0.02047	0.22767	0.01891	0.01442	0.01697	0.01113	0.00622	0.00583	0.00188	0.00657	0.00558	0.00365	0.00811
89	0.01098	0.01034	0.01744	0.78165	0.04005	0.01292	0.01615	0.01486	0.01163	0.01486	0.01034	0.01550	0.00775	0.00581	0.00581	0.00194	0.00775	0.00517	0.00258	0.00646
90	0.01369	0.01310	0.02233	0.19006	0.61050	0.01363	0.01750	0.01723	0.01291	0.01814	0.01081	0.01462	0.00891	0.00531	0.00577	0.00177	0.00708	0.00518	0.00282	0.00864
91	0.02239	0.01176	0.03354	0.10609	0.03615	0.01086	0.01047	0.09951	0.03121	0.46986	0.06530	0.02179	0.01654	0.02721	0.00698	0.00213	0.00586	0.00637	0.00644	0.00955
92	0.01227	0.12313	0.63857	0.01673	0.06075	0.01468	0.01990	0.01827	0.01227	0.01787	0.01017	0.01202	0.00747	0.00544	0.00532	0.00176	0.00822	0.00420	0.00248	0.00849
