[name]
unknown

[dist]
# distance from previous block
# <min> <max>
0	67

[block]
# block no. 0 follows, 45 sequences, length 6
# corresponding to MSA columns:
# 68-73
name=unknown_A
#
# <colnr> <probs for GDERKNQSTAVLIFYWHMCP>
#	G	D	E	R	K	N	Q	S	T	A	V	L	I	F	Y	W	H	M	C	P
0	0.00828	0.00584	0.00707	0.00750	0.00880	0.00549	0.00553	0.01064	0.06848	0.06166	0.03577	0.39772	0.25314	0.01431	0.00656	0.00204	0.00336	0.08761	0.00512	0.00507
1	0.05876	0.00942	0.03055	0.00945	0.01186	0.00940	0.00747	0.19894	0.04477	0.14377	0.05931	0.29548	0.02158	0.04021	0.00703	0.00199	0.02935	0.00887	0.00511	0.00669
2	0.09051	0.01158	0.01541	0.05447	0.01717	0.01224	0.12444	0.12674	0.25731	0.18173	0.01782	0.01746	0.03557	0.00649	0.00540	0.00174	0.00539	0.00561	0.00490	0.00803
3	0.07553	0.00867	0.04022	0.05653	0.01241	0.00820	0.02391	0.11180	0.01352	0.10642	0.13327	0.17274	0.07888	0.09783	0.00808	0.00216	0.00439	0.00826	0.03122	0.00597
4	0.05619	0.01046	0.01616	0.42413	0.19609	0.01185	0.01340	0.01725	0.08946	0.09520	0.01203	0.01479	0.00897	0.00555	0.00526	0.00173	0.00626	0.00487	0.00325	0.00711
5	0.09657	0.05877	0.01507	0.38555	0.02452	0.01175	0.04952	0.03113	0.06863	0.03984	0.09037	0.01722	0.02917	0.00624	0.00545	0.00170	0.02400	0.00526	0.00336	0.03589

[dist]
# distance from previous block
# <min> <max>
3	15

[block]
# block no. 1 follows, 45 sequences, length 18
# corresponding to MSA columns:
# 91-108
name=unknown_B
#
# <colnr> <probs for GDERKNQSTAVLIFYWHMCP>
#	G	D	E	R	K	N	Q	S	T	A	V	L	I	F	Y	W	H	M	C	P
0	0.01571	0.01350	0.01352	0.01185	0.01512	0.06149	0.00922	0.15362	0.58645	0.02447	0.02012	0.01915	0.01520	0.00753	0.00574	0.00190	0.00513	0.00593	0.00552	0.00884
1	0.78874	0.00997	0.00777	0.00709	0.01019	0.01149	0.00575	0.01518	0.00922	0.02334	0.00906	0.06612	0.00795	0.00583	0.00358	0.00170	0.00408	0.00379	0.00344	0.00571
2	0.04694	0.01552	0.20677	0.04998	0.08125	0.04046	0.11495	0.07030	0.01311	0.12044	0.01440	0.04646	0.02158	0.00685	0.00596	0.00177	0.03411	0.07185	0.00364	0.03365
3	0.05573	0.01963	0.34870	0.01864	0.06452	0.01318	0.31100	0.01669	0.01157	0.01718	0.00985	0.01258	0.00739	0.00516	0.00641	0.00178	0.06509	0.00495	0.00253	0.00743
4	0.00756	0.00510	0.00593	0.00618	0.00624	0.00504	0.00360	0.00774	0.00830	0.01106	0.01943	0.18833	0.02269	0.65382	0.02326	0.00460	0.00479	0.00928	0.00360	0.00347
5	0.01051	0.00614	0.00807	0.00721	0.00901	0.00555	0.00554	0.01292	0.01514	0.15714	0.61937	0.03653	0.06506	0.01028	0.00616	0.00169	0.00290	0.00898	0.00601	0.00578
6	0.03957	0.27198	0.25108	0.01476	0.07373	0.09939	0.09740	0.01778	0.04025	0.03334	0.00963	0.01120	0.00759	0.00501	0.00467	0.00150	0.00711	0.00397	0.00266	0.00736
7	0.40205	0.07182	0.05444	0.07570	0.01527	0.03418	0.00880	0.19768	0.01385	0.04777	0.00977	0.01093	0.00732	0.00545	0.00421	0.00161	0.00528	0.00373	0.02323	0.00693
8	0.00834	0.00567	0.00729	0.00678	0.00825	0.00516	0.00512	0.01074	0.01493	0.06075	0.66773	0.04004	0.11685	0.01099	0.00628	0.00170	0.00266	0.00963	0.00586	0.00523
9	0.00807	0.00652	0.00941	0.15283	0.01431	0.00667	0.03408	0.03314	0.01180	0.01550	0.10161	0.38458	0.12705	0.01282	0.00643	0.00200	0.00417	0.05945	0.00453	0.00504
10	0.09982	0.13161	0.01638	0.15068	0.01867	0.02978	0.01010	0.33095	0.07141	0.05468	0.01194	0.01291	0.00886	0.00588	0.00484	0.00158	0.00575	0.00443	0.02200	0.00772
11	0.00703	0.00534	0.00719	0.00810	0.00838	0.00550	0.00562	0.00799	0.01008	0.01363	0.02747	0.73301	0.03283	0.01612	0.00786	0.00220	0.07817	0.01427	0.00474	0.00450
12	0.02208	0.00975	0.01254	0.00982	0.01376	0.00908	0.00804	0.09181	0.08702	0.61235	0.05078	0.01883	0.01471	0.00686	0.00544	0.00167	0.00458	0.00558	0.00639	0.00891
13	0.06824	0.01044	0.02650	0.15068	0.11844	0.01108	0.05868	0.03379	0.01209	0.22077	0.01368	0.04360	0.01061	0.02382	0.00759	0.00186	0.12635	0.00535	0.04929	0.00713
14	0.62604	0.08657	0.03980	0.00860	0.03432	0.01250	0.00720	0.01699	0.01014	0.10376	0.00910	0.00997	0.00683	0.00512	0.00368	0.00161	0.00455	0.00327	0.00352	0.00643
15	0.00661	0.00470	0.00621	0.00739	0.00768	0.00441	0.00489	0.00749	0.01014	0.01352	0.02890	0.76595	0.03464	0.05990	0.00796	0.00234	0.00323	0.01486	0.00489	0.00430
16	0.01135	0.00821	0.00953	0.02610	0.01123	0.00851	0.00672	0.17066	0.10605	0.05258	0.14652	0.25873	0.11493	0.01117	0.00604	0.00184	0.00383	0.00965	0.03011	0.00625
17	0.03222	0.11589	0.29125	0.08666	0.04210	0.08281	0.14081	0.01645	0.01137	0.01553	0.00908	0.01170	0.00713	0.00554	0.00667	0.00171	0.10922	0.00435	0.00245	0.00706

[dist]
# distance from previous block
# <min> <max>
3	4

[block]
# block no. 2 follows, 45 sequences, length 12
# corresponding to MSA columns:
# 114-125
name=unknown_C
#
# <colnr> <probs for GDERKNQSTAVLIFYWHMCP>
#	G	D	E	R	K	N	Q	S	T	A	V	L	I	F	Y	W	H	M	C	P
0	0.10281	0.01156	0.03155	0.26748	0.14283	0.03670	0.10189	0.05847	0.04057	0.06003	0.01152	0.01525	0.00912	0.05913	0.00666	0.00193	0.00646	0.00500	0.02424	0.00680
1	0.01369	0.01259	0.01353	0.15006	0.04919	0.12662	0.00938	0.10591	0.03200	0.03606	0.04574	0.01350	0.01012	0.00525	0.00475	0.00128	0.00568	0.00419	0.00348	0.35698
2	0.84927	0.01038	0.00789	0.00706	0.01038	0.01204	0.00581	0.01578	0.00914	0.02408	0.00747	0.00872	0.00581	0.00498	0.00332	0.00166	0.00415	0.00291	0.00332	0.00581
3	0.05231	0.59776	0.07573	0.01027	0.01430	0.01947	0.01014	0.01562	0.01043	0.01350	0.00754	0.00929	0.00686	0.00540	0.00579	0.00140	0.13185	0.00323	0.00235	0.00675
4	0.00755	0.00575	0.00748	0.06000	0.00984	0.00544	0.00556	0.00996	0.01439	0.01980	0.60011	0.04033	0.17168	0.01104	0.00627	0.00172	0.00288	0.00965	0.00551	0.00503
5	0.00751	0.00548	0.00705	0.00666	0.00796	0.00503	0.00499	0.00995	0.01498	0.02101	0.72203	0.04095	0.10398	0.01117	0.00633	0.00170	0.00255	0.00983	0.00584	0.00503
6	0.02246	0.00973	0.01262	0.00976	0.01374	0.00894	0.00803	0.12890	0.01675	0.62510	0.07029	0.01897	0.01519	0.00690	0.00546	0.00166	0.00462	0.00561	0.00641	0.00886
7	0.00760	0.00566	0.00618	0.00593	0.00777	0.00483	0.00449	0.00924	0.01301	0.05939	0.19683	0.04745	0.58726	0.01268	0.00629	0.00178	0.00279	0.01067	0.00526	0.00490
8	0.01931	0.01021	0.01231	0.00971	0.01326	0.01012	0.00792	0.26359	0.01829	0.36368	0.13584	0.02003	0.01779	0.00723	0.00542	0.00162	0.00454	0.00586	0.06508	0.00821
9	0.07502	0.00961	0.01242	0.00959	0.01370	0.00874	0.00792	0.07508	0.01564	0.68409	0.01977	0.01731	0.01254	0.00653	0.00527	0.00166	0.00463	0.00521	0.00635	0.00893
10	0.00725	0.00520	0.00667	0.00727	0.00751	0.00528	0.00479	0.00795	0.00924	0.01247	0.02331	0.45785	0.02736	0.28483	0.07496	0.00370	0.03450	0.01163	0.00414	0.00408
11	0.02005	0.02558	0.01521	0.01383	0.01659	0.78980	0.01037	0.02143	0.01521	0.01314	0.00830	0.00968	0.00691	0.00553	0.00484	0.00138	0.00968	0.00346	0.00277	0.00622

[dist]
# distance from previous block
# <min> <max>
0	1

[block]
# block no. 3 follows, 45 sequences, length 47
# corresponding to MSA columns:
# 127-173
name=unknown_D
#
# <colnr> <probs for GDERKNQSTAVLIFYWHMCP>
#	G	D	E	R	K	N	Q	S	T	A	V	L	I	F	Y	W	H	M	C	P
0	0.02023	0.01495	0.01601	0.01232	0.01658	0.01657	0.01016	0.74207	0.04341	0.03355	0.01311	0.01306	0.00931	0.00646	0.00537	0.00162	0.00587	0.00486	0.00537	0.00911
1	0.01258	0.57547	0.12323	0.00940	0.01394	0.01730	0.00975	0.01487	0.01129	0.01376	0.04018	0.01582	0.11154	0.00608	0.00415	0.00133	0.00551	0.00438	0.00278	0.00665
2	0.00902	0.00917	0.10913	0.07626	0.01403	0.00729	0.07847	0.01067	0.02521	0.01351	0.01697	0.26318	0.01790	0.04178	0.03097	0.22439	0.00544	0.02006	0.02180	0.00477
3	0.00768	0.00570	0.00838	0.00838	0.00926	0.00658	0.00640	0.00943	0.00855	0.01228	0.01460	0.02233	0.01396	0.10846	0.72261	0.00832	0.01357	0.00593	0.00291	0.00466
4	0.00687	0.00497	0.00654	0.00754	0.00815	0.00465	0.00534	0.00816	0.01112	0.01477	0.10211	0.59740	0.08776	0.01581	0.00683	0.00214	0.00324	0.09703	0.00507	0.00451
5	0.01093	0.04805	0.73802	0.01539	0.02315	0.01274	0.04470	0.01698	0.01137	0.01689	0.00962	0.01137	0.00685	0.00507	0.00510	0.00169	0.00791	0.00402	0.00228	0.00788
6	0.00865	0.00467	0.00675	0.00706	0.00717	0.00460	0.00472	0.00726	0.00793	0.01070	0.01460	0.21388	0.01597	0.01786	0.01699	0.61120	0.00422	0.00732	0.02555	0.00291
7	0.00699	0.00494	0.00621	0.00704	0.00741	0.00470	0.00466	0.00777	0.00984	0.01299	0.02758	0.51264	0.07551	0.23172	0.01240	0.00299	0.00376	0.05224	0.00451	0.00410
8	0.00660	0.00470	0.00621	0.00740	0.00770	0.00440	0.00490	0.00749	0.01016	0.01355	0.02901	0.77252	0.03477	0.05315	0.00779	0.00232	0.00321	0.01492	0.00490	0.00431
9	0.02408	0.00914	0.01246	0.00955	0.01370	0.00789	0.00789	0.02616	0.01536	0.78158	0.02118	0.01827	0.01329	0.00664	0.00540	0.00166	0.00457	0.00540	0.00664	0.00914
10	0.00729	0.00547	0.00674	0.00643	0.00783	0.00493	0.00482	0.00953	0.01446	0.01979	0.59655	0.04296	0.23022	0.01162	0.00633	0.00172	0.00258	0.01011	0.00568	0.00493
11	0.02005	0.01007	0.01241	0.00997	0.01383	0.00979	0.00807	0.05029	0.24253	0.48825	0.02050	0.01825	0.01381	0.00669	0.00534	0.00166	0.00448	0.00547	0.00606	0.05248
12	0.00829	0.00592	0.00790	0.00782	0.00853	0.00658	0.00569	0.03073	0.00916	0.01308	0.01621	0.09371	0.01661	0.23942	0.40475	0.02059	0.03713	0.00701	0.05639	0.00448
13	0.00923	0.00589	0.00748	0.00685	0.00853	0.00529	0.00522	0.01152	0.01473	0.10529	0.57307	0.03955	0.16494	0.01092	0.00623	0.00171	0.00279	0.00949	0.00584	0.00543
14	0.84927	0.01038	0.00789	0.00706	0.01038	0.01204	0.00581	0.01578	0.00914	0.02408	0.00747	0.00872	0.00581	0.00498	0.00332	0.00166	0.00415	0.00291	0.00332	0.00581
15	0.59277	0.00999	0.00931	0.00783	0.01141	0.01075	0.00646	0.01901	0.01107	0.25955	0.01173	0.01169	0.00814	0.00550	0.00397	0.00166	0.00428	0.00368	0.00435	0.00685
16	0.00645	0.00544	0.00559	0.00555	0.00732	0.00458	0.00416	0.00791	0.01249	0.01511	0.11674	0.05066	0.71295	0.01337	0.00634	0.00180	0.00270	0.01119	0.00506	0.00458
17	0.01239	0.00743	0.00906	0.00793	0.01022	0.00713	0.00617	0.06591	0.08495	0.18457	0.34870	0.05981	0.13441	0.00985	0.00594	0.00171	0.00340	0.00842	0.02556	0.00643
18	0.02395	0.00934	0.01259	0.00965	0.01381	0.00820	0.00797	0.05197	0.01571	0.75528	0.02089	0.01808	0.01314	0.00664	0.00540	0.00166	0.00461	0.00538	0.00660	0.00914
19	0.01121	0.00961	0.01117	0.00805	0.01276	0.00737	0.00643	0.01403	0.03707	0.01766	0.00996	0.01144	0.00824	0.00409	0.00403	0.00083	0.00398	0.00328	0.00326	0.81553
20	0.00672	0.00476	0.00621	0.00727	0.00757	0.00448	0.00478	0.00759	0.01013	0.01355	0.04973	0.69579	0.03408	0.10897	0.00921	0.00252	0.00334	0.01423	0.00481	0.00425
21	0.02005	0.02558	0.01521	0.01383	0.01659	0.78980	0.01037	0.02143	0.01521	0.01314	0.00830	0.00968	0.00691	0.00553	0.00484	0.00138	0.00968	0.00346	0.00277	0.00622
22	0.00799	0.00616	0.00900	0.00878	0.00976	0.00718	0.00682	0.00980	0.00864	0.01254	0.01395	0.02090	0.01318	0.07016	0.69401	0.00792	0.05572	0.00571	0.00287	0.02889
23	0.01014	0.00954	0.01610	0.79845	0.03697	0.01193	0.01491	0.01371	0.01073	0.01371	0.00954	0.01431	0.00716	0.00537	0.00537	0.00179	0.00716	0.00477	0.00239	0.00596
24	0.00932	0.00466	0.00699	0.00699	0.00699	0.00466	0.00466	0.00699	0.00699	0.00932	0.00932	0.01632	0.00932	0.01865	0.02098	0.84382	0.00466	0.00466	0.00233	0.00233
25	0.04740	0.01479	0.01573	0.01214	0.01637	0.01640	0.01001	0.71521	0.04537	0.03319	0.01296	0.01295	0.00922	0.00642	0.00531	0.00162	0.00580	0.00480	0.00531	0.00900
26	0.00814	0.00553	0.00673	0.00698	0.00751	0.00544	0.00456	0.04004	0.01016	0.03035	0.05727	0.34372	0.04221	0.36227	0.04174	0.00365	0.00451	0.01071	0.00426	0.00424
27	0.01187	0.03679	0.57603	0.01875	0.18143	0.02967	0.01846	0.01719	0.01169	0.03502	0.00994	0.01183	0.00732	0.00507	0.00512	0.00166	0.00753	0.00414	0.00246	0.00803
28	0.01092	0.06103	0.75161	0.01504	0.02283	0.01284	0.01938	0.01696	0.01132	0.01681	0.00954	0.01122	0.00680	0.00508	0.00503	0.00168	0.00784	0.00392	0.00227	0.00789
29	0.02356	0.00919	0.01242	0.00955	0.01363	0.00804	0.00788	0.04464	0.01561	0.74278	0.04036	0.01869	0.01414	0.00675	0.00542	0.00166	0.00455	0.00549	0.00659	0.00903
30	0.01310	0.01018	0.01559	0.40388	0.15124	0.01138	0.01274	0.08276	0.03974	0.10980	0.05816	0.04342	0.01219	0.00632	0.00547	0.00173	0.00609	0.00555	0.00362	0.00703
31	0.01275	0.01123	0.07174	0.03043	0.01586	0.01034	0.13494	0.18006	0.04910	0.05508	0.01777	0.14136	0.01699	0.05881	0.00838	0.05623	0.00580	0.11237	0.00424	0.00651
32	0.02408	0.00914	0.01246	0.00955	0.01370	0.00789	0.00789	0.02616	0.01536	0.78158	0.02118	0.01827	0.01329	0.00664	0.00540	0.00166	0.00457	0.00540	0.00664	0.00914
33	0.00771	0.00556	0.00752	0.00851	0.00947	0.00536	0.00680	0.00962	0.01196	0.01578	0.11109	0.31027	0.07095	0.01502	0.00705	0.00226	0.00396	0.38131	0.00506	0.00474
34	0.01063	0.01821	0.39010	0.01516	0.06473	0.01053	0.12589	0.01525	0.02913	0.03909	0.04334	0.17200	0.02672	0.00776	0.00573	0.00181	0.00659	0.00703	0.00327	0.00704
35	0.01000	0.03458	0.00995	0.00875	0.01045	0.00724	0.04046	0.06637	0.05435	0.06847	0.25415	0.33665	0.03338	0.01206	0.00629	0.00189	0.00371	0.03036	0.00523	0.00569
36	0.00961	0.00605	0.00770	0.00707	0.00875	0.00551	0.00537	0.02521	0.01474	0.11243	0.53592	0.08133	0.13746	0.01103	0.00623	0.00173	0.00290	0.00962	0.00582	0.00552
37	0.05084	0.01417	0.11393	0.21623	0.27813	0.02737	0.10948	0.06395	0.02799	0.01782	0.01058	0.01410	0.00834	0.00529	0.00537	0.00170	0.00696	0.01745	0.00285	0.00745
38	0.01198	0.00951	0.01122	0.00806	0.01279	0.00720	0.00646	0.01435	0.01141	0.06765	0.01030	0.01160	0.00830	0.00415	0.00407	0.00085	0.00401	0.00333	0.00341	0.78935
39	0.01179	0.00850	0.01048	0.01025	0.06428	0.00870	0.00736	0.08061	0.18371	0.08894	0.35899	0.03072	0.07461	0.00921	0.00593	0.00173	0.00373	0.02820	0.00552	0.00675
40	0.01044	0.00640	0.00854	0.00892	0.01052	0.00612	0.00733	0.01285	0.03358	0.12873	0.06663	0.18198	0.09181	0.01347	0.00682	0.00219	0.00424	0.38862	0.00527	0.00553
41	0.00682	0.00483	0.00618	0.00709	0.00742	0.00455	0.00464	0.00765	0.01007	0.01343	0.05935	0.61052	0.05219	0.16600	0.01067	0.00272	0.00347	0.01352	0.00470	0.00419
42	0.00860	0.00575	0.00727	0.00674	0.00831	0.00518	0.00511	0.01090	0.01471	0.07644	0.59759	0.04044	0.17043	0.01110	0.00626	0.00171	0.00271	0.00966	0.00581	0.00528
43	0.01066	0.00847	0.00983	0.03720	0.01152	0.00942	0.00689	0.03135	0.30740	0.03334	0.13878	0.09565	0.04546	0.17249	0.01088	0.00254	0.04938	0.00779	0.00476	0.00620
44	0.01469	0.78659	0.02758	0.00920	0.01377	0.02078	0.00914	0.01642	0.01106	0.03935	0.00794	0.00895	0.00711	0.00466	0.00351	0.00117	0.00570	0.00296	0.00245	0.00697
45	0.17159	0.04795	0.36770	0.01342	0.02983	0.05902	0.07405	0.05167	0.01236	0.08963	0.02848	0.01232	0.00850	0.00538	0.00486	0.00165	0.00678	0.00421	0.00317	0.00744
46	0.09119	0.01322	0.03944	0.01090	0.01444	0.04553	0.00902	0.36052	0.16465	0.05521	0.04095	0.01601	0.01227	0.02518	0.05155	0.00213	0.00587	0.00513	0.02887	0.00791

[dist]
# distance from previous block
# <min> <max>
1	3

[block]
# block no. 4 follows, 45 sequences, length 7
# corresponding to MSA columns:
# 177-183
name=unknown_E
#
# <colnr> <probs for GDERKNQSTAVLIFYWHMCP>
#	G	D	E	R	K	N	Q	S	T	A	V	L	I	F	Y	W	H	M	C	P
0	0.01453	0.01206	0.01474	0.01235	0.04295	0.05450	0.09337	0.30538	0.04365	0.02223	0.01482	0.01849	0.04083	0.11004	0.10448	0.00289	0.00707	0.00561	0.02270	0.05733
1	0.00932	0.00466	0.00699	0.00699	0.00699	0.00466	0.00466	0.00699	0.00699	0.00932	0.00932	0.01632	0.00932	0.01865	0.02098	0.84382	0.00466	0.00466	0.00233	0.00233
2	0.01286	0.00881	0.01139	0.01133	0.08537	0.04168	0.00805	0.01494	0.01152	0.15703	0.06354	0.04747	0.01463	0.01455	0.17954	0.00315	0.10821	0.00565	0.12457	0.07571
3	0.01327	0.07618	0.01221	0.03242	0.01235	0.01084	0.00728	0.28055	0.01622	0.04502	0.09518	0.10118	0.09797	0.13653	0.00900	0.00221	0.00476	0.00730	0.00463	0.03490
4	0.05077	0.10886	0.21456	0.10071	0.16370	0.04124	0.03850	0.01583	0.01138	0.06327	0.01164	0.07824	0.01006	0.00672	0.00606	0.03447	0.02886	0.00517	0.00294	0.00703
5	0.00993	0.00705	0.00876	0.00849	0.00955	0.00741	0.00616	0.11406	0.01259	0.04900	0.10168	0.41078	0.02793	0.12307	0.01024	0.00246	0.06992	0.01091	0.00475	0.00527
6	0.01157	0.01250	0.06463	0.05072	0.06703	0.01213	0.31224	0.01676	0.12184	0.01663	0.01364	0.01916	0.01156	0.04388	0.08402	0.00269	0.07755	0.05142	0.00322	0.00682

[dist]
# distance from previous block
# <min> <max>
1	6

[block]
# block no. 5 follows, 45 sequences, length 12
# corresponding to MSA columns:
# 190-201
name=unknown_F
#
# <colnr> <probs for GDERKNQSTAVLIFYWHMCP>
#	G	D	E	R	K	N	Q	S	T	A	V	L	I	F	Y	W	H	M	C	P
0	0.01805	0.01338	0.01451	0.01151	0.01516	0.01481	0.00932	0.60141	0.07407	0.02991	0.01449	0.04792	0.01150	0.05343	0.04328	0.00218	0.00603	0.00556	0.00513	0.00836
1	0.00680	0.00521	0.00632	0.00684	0.00789	0.00461	0.00479	0.00807	0.01131	0.01479	0.09885	0.48042	0.25354	0.01473	0.00651	0.00196	0.00299	0.01303	0.00497	0.04636
2	0.11812	0.01101	0.01587	0.36486	0.23200	0.04118	0.01312	0.03659	0.01171	0.03574	0.01067	0.01496	0.00858	0.00558	0.00509	0.00170	0.00633	0.02953	0.03059	0.00675
3	0.00818	0.00474	0.00658	0.00701	0.00711	0.00463	0.00458	0.00726	0.00821	0.01095	0.01720	0.28724	0.01955	0.12314	0.01703	0.44720	0.00421	0.00867	0.00335	0.00314
4	0.01118	0.01119	0.01608	0.07414	0.01648	0.06242	0.09929	0.01315	0.00950	0.01338	0.00971	0.01461	0.00886	0.01643	0.21903	0.00384	0.38726	0.00510	0.00256	0.00578
5	0.04311	0.00588	0.00731	0.00702	0.00854	0.00542	0.00523	0.01111	0.01353	0.09648	0.41331	0.19891	0.14008	0.01187	0.00622	0.00180	0.00295	0.01037	0.00556	0.00529
6	0.01005	0.00812	0.00854	0.00837	0.00972	0.06097	0.00604	0.10012	0.07289	0.01705	0.07180	0.33951	0.07173	0.11177	0.04783	0.00264	0.00473	0.01015	0.03265	0.00535
7	0.00711	0.00526	0.00668	0.00760	0.00848	0.00491	0.00569	0.00851	0.01117	0.01438	0.03430	0.41137	0.19829	0.04649	0.00768	0.00229	0.00359	0.20679	0.00491	0.00451
8	0.47109	0.16628	0.08259	0.00887	0.01292	0.03137	0.00823	0.03858	0.04031	0.08354	0.00953	0.01030	0.00725	0.00520	0.00385	0.00156	0.00501	0.00339	0.00343	0.00669
9	0.01499	0.15669	0.04384	0.06096	0.01574	0.10511	0.00953	0.21366	0.11482	0.02059	0.04412	0.04060	0.01216	0.03245	0.00600	0.00166	0.02861	0.00502	0.03154	0.04190
10	0.09947	0.06285	0.01276	0.00962	0.01292	0.09021	0.00769	0.07367	0.08390	0.03147	0.01201	0.06171	0.01063	0.03893	0.00658	0.00155	0.07589	0.00467	0.00358	0.29990
11	0.01549	0.06230	0.04465	0.01043	0.01367	0.07727	0.00871	0.32473	0.05309	0.04965	0.10596	0.06314	0.01635	0.00906	0.04440	0.00194	0.00572	0.00589	0.08024	0.00732

[dist]
# distance from previous block
# <min> <max>
12	31

[block]
# block no. 6 follows, 45 sequences, length 116
# corresponding to MSA columns:
# 237-352
name=unknown_G
#
# <colnr> <probs for GDERKNQSTAVLIFYWHMCP>
#	G	D	E	R	K	N	Q	S	T	A	V	L	I	F	Y	W	H	M	C	P
0	0.01307	0.01336	0.14663	0.01105	0.01516	0.01072	0.04451	0.15486	0.14167	0.06085	0.06539	0.08055	0.03649	0.03593	0.00614	0.00172	0.00518	0.00614	0.00434	0.14624
1	0.01074	0.00657	0.00817	0.00794	0.00942	0.00630	0.00585	0.04194	0.04909	0.13359	0.07159	0.27584	0.07404	0.16537	0.01036	0.00259	0.00406	0.08939	0.00496	0.02218
2	0.01510	0.34585	0.14045	0.01225	0.03586	0.22973	0.01128	0.01902	0.09866	0.01477	0.01016	0.01179	0.00849	0.00545	0.00445	0.00141	0.00700	0.01838	0.00284	0.00706
3	0.00840	0.00657	0.00907	0.00844	0.01011	0.00679	0.00652	0.01028	0.00923	0.01355	0.01429	0.07093	0.01377	0.05198	0.53778	0.00635	0.02641	0.00587	0.00308	0.18056
4	0.01339	0.00964	0.01330	0.03586	0.04804	0.00975	0.09025	0.18509	0.04375	0.10829	0.11386	0.12917	0.08920	0.00961	0.02125	0.00189	0.00501	0.02257	0.04324	0.00685
5	0.01109	0.00663	0.00905	0.00821	0.00912	0.00689	0.02651	0.12544	0.01028	0.01400	0.01065	0.01650	0.00984	0.03485	0.04496	0.60110	0.00524	0.00486	0.04102	0.00376
6	0.04169	0.00925	0.01235	0.00955	0.01364	0.00818	0.00787	0.02602	0.04330	0.73674	0.02090	0.01813	0.01324	0.00663	0.00536	0.00167	0.00455	0.00537	0.00653	0.00904
7	0.01136	0.00951	0.01111	0.03225	0.01323	0.00761	0.00664	0.05138	0.01188	0.01820	0.01161	0.01310	0.03563	0.00457	0.00417	0.00092	0.00407	0.00367	0.03458	0.71452
8	0.01318	0.17704	0.36260	0.06786	0.08068	0.11644	0.06454	0.01730	0.01194	0.02775	0.00933	0.01126	0.00718	0.00504	0.00486	0.00156	0.00758	0.00398	0.00248	0.00739
9	0.34761	0.23655	0.10766	0.04664	0.01484	0.06158	0.00939	0.06991	0.01155	0.01952	0.00851	0.00990	0.00679	0.00508	0.00391	0.00150	0.00561	0.00333	0.02350	0.00662
10	0.01560	0.00747	0.00961	0.00803	0.01086	0.00665	0.00639	0.01816	0.04252	0.38978	0.24963	0.03085	0.16316	0.00921	0.00585	0.00170	0.00362	0.00777	0.00608	0.00707
11	0.01652	0.00746	0.01003	0.00827	0.01110	0.00659	0.00659	0.01881	0.01529	0.43293	0.36699	0.02828	0.03043	0.00863	0.00583	0.00167	0.00363	0.00738	0.00631	0.00727
12	0.00673	0.00514	0.00620	0.00673	0.00777	0.00461	0.00482	0.00814	0.01187	0.01539	0.16326	0.38343	0.29844	0.01462	0.00661	0.00198	0.00295	0.04160	0.00514	0.00456
13	0.00639	0.00544	0.00550	0.00549	0.00728	0.00455	0.00412	0.00779	0.01235	0.01476	0.08125	0.05123	0.74865	0.01350	0.00634	0.00181	0.00271	0.01127	0.00502	0.00455
14	0.01001	0.00500	0.00500	0.00500	0.00625	0.00500	0.00375	0.01251	0.01126	0.02001	0.01751	0.02001	0.01376	0.00625	0.00375	0.00125	0.00250	0.00500	0.84115	0.00500
15	0.00781	0.00520	0.00585	0.00585	0.00585	0.00520	0.00325	0.00781	0.00781	0.01041	0.01691	0.03513	0.01952	0.81135	0.02732	0.00520	0.00520	0.00781	0.00325	0.00325
16	0.01335	0.01153	0.01214	0.01092	0.01396	0.01335	0.00850	0.02852	0.76817	0.02245	0.02185	0.02003	0.01639	0.00728	0.00546	0.00182	0.00425	0.00607	0.00546	0.00850
17	0.02041	0.01504	0.01611	0.01235	0.01665	0.01665	0.01020	0.75997	0.02524	0.03383	0.01289	0.01289	0.00913	0.00644	0.00537	0.00161	0.00591	0.00483	0.00537	0.00913
18	0.84927	0.01038	0.00789	0.00706	0.01038	0.01204	0.00581	0.01578	0.00914	0.02408	0.00747	0.00872	0.00581	0.00498	0.00332	0.00166	0.00415	0.00291	0.00332	0.00581
19	0.01353	0.01162	0.01224	0.01096	0.01403	0.01344	0.00854	0.04753	0.74886	0.02275	0.02162	0.01984	0.01620	0.00726	0.00546	0.00182	0.00429	0.00604	0.00546	0.00851
20	0.01376	0.01158	0.01221	0.01085	0.01392	0.01333	0.00847	0.08129	0.69070	0.02321	0.02106	0.01951	0.01578	0.00719	0.00540	0.00179	0.00432	0.00595	0.03126	0.00843
21	0.84927	0.01038	0.00789	0.00706	0.01038	0.01204	0.00581	0.01578	0.00914	0.02408	0.00747	0.00872	0.00581	0.00498	0.00332	0.00166	0.00415	0.00291	0.00332	0.00581
22	0.01170	0.01095	0.01833	0.51804	0.21870	0.01252	0.05404	0.06211	0.01213	0.01613	0.00996	0.01398	0.00767	0.00525	0.00540	0.00173	0.00698	0.00486	0.00266	0.00686
23	0.01113	0.00954	0.01113	0.00795	0.01272	0.00716	0.00636	0.01352	0.01113	0.01749	0.00954	0.01113	0.00795	0.00398	0.00398	0.00080	0.00398	0.00318	0.00318	0.84417
24	0.01317	0.01264	0.02159	0.06029	0.75140	0.01272	0.01642	0.01638	0.01217	0.01740	0.01008	0.01332	0.00845	0.00480	0.00532	0.00160	0.00640	0.00478	0.00265	0.00841
25	0.84927	0.01038	0.00789	0.00706	0.01038	0.01204	0.00581	0.01578	0.00914	0.02408	0.00747	0.00872	0.00581	0.00498	0.00332	0.00166	0.00415	0.00291	0.00332	0.00581
26	0.00836	0.00566	0.00742	0.00688	0.00828	0.00520	0.00520	0.01087	0.01520	0.05668	0.74016	0.03909	0.04892	0.01077	0.00629	0.00169	0.00263	0.00951	0.00594	0.00525
27	0.01684	0.00943	0.01165	0.01032	0.03421	0.00951	0.00796	0.02374	0.28810	0.34327	0.11423	0.04321	0.02009	0.00792	0.00565	0.00176	0.00423	0.03387	0.00591	0.00811
28	0.00638	0.00532	0.00556	0.00576	0.00734	0.00450	0.00422	0.00767	0.01192	0.01437	0.05040	0.17287	0.65704	0.01411	0.00643	0.00187	0.00278	0.01196	0.00498	0.00450
29	0.04561	0.03752	0.01603	0.01212	0.01629	0.05197	0.00999	0.65983	0.04682	0.03164	0.01264	0.01271	0.00909	0.00633	0.00523	0.00160	0.00597	0.00469	0.00510	0.00881
30	0.01174	0.01174	0.01644	0.01409	0.01409	0.01644	0.01174	0.01292	0.00822	0.01292	0.00705	0.01174	0.00705	0.00940	0.01762	0.00235	0.80153	0.00470	0.00235	0.00587
31	0.04630	0.01301	0.04246	0.02877	0.04230	0.04751	0.00958	0.28397	0.24282	0.04790	0.01738	0.09448	0.01451	0.00782	0.00551	0.00176	0.00528	0.03578	0.00491	0.00792
32	0.02353	0.01003	0.01301	0.00998	0.01415	0.00922	0.00824	0.13743	0.01686	0.66820	0.01992	0.01745	0.01266	0.00661	0.00539	0.00165	0.00477	0.00531	0.00645	0.00913
33	0.00674	0.00476	0.00617	0.00721	0.00747	0.00450	0.00470	0.00753	0.00988	0.01317	0.02754	0.68308	0.03292	0.14511	0.01016	0.00267	0.00345	0.01406	0.00470	0.00418
34	0.00700	0.00572	0.00617	0.00604	0.00770	0.00508	0.00450	0.00922	0.04853	0.01628	0.20970	0.06153	0.54294	0.03728	0.00695	0.00190	0.00283	0.01069	0.00516	0.00479
35	0.00781	0.00609	0.00718	0.00689	0.00850	0.00576	0.00526	0.01120	0.08770	0.01912	0.43677	0.04278	0.27694	0.01163	0.00630	0.00178	0.00287	0.04465	0.00553	0.00522
36	0.01267	0.01448	0.03167	0.02262	0.02805	0.01357	0.75837	0.01719	0.01267	0.01719	0.01086	0.01448	0.00814	0.00452	0.00633	0.00181	0.00905	0.00633	0.00271	0.00724
37	0.02055	0.01480	0.01596	0.01224	0.01653	0.01629	0.01011	0.73038	0.02484	0.06398	0.01322	0.01310	0.00930	0.00645	0.00537	0.00161	0.00585	0.00486	0.00542	0.00913
38	0.00685	0.00511	0.00733	0.00816	0.00871	0.00479	0.03547	0.00798	0.01044	0.01392	0.02880	0.75292	0.03426	0.01626	0.00685	0.00217	0.00341	0.03721	0.00489	0.00449
39	0.02408	0.00914	0.01246	0.00955	0.01370	0.00789	0.00789	0.02616	0.01536	0.78158	0.02118	0.01827	0.01329	0.00664	0.00540	0.00166	0.00457	0.00540	0.00664	0.00914
40	0.01329	0.01275	0.02179	0.03295	0.77787	0.01275	0.01647	0.01647	0.01222	0.01754	0.01010	0.01329	0.00850	0.00478	0.00531	0.00159	0.00638	0.00478	0.00266	0.00850
41	0.00649	0.00540	0.00567	0.00569	0.00736	0.00458	0.00423	0.00796	0.01246	0.01524	0.13299	0.08873	0.65780	0.01347	0.00637	0.00182	0.00272	0.01135	0.00509	0.00458
42	0.03969	0.00967	0.01262	0.00975	0.01386	0.00879	0.00804	0.07830	0.04284	0.68630	0.02034	0.01776	0.01295	0.00662	0.00536	0.00166	0.00464	0.00533	0.00645	0.00905
43	0.00704	0.00552	0.00598	0.00583	0.00752	0.00474	0.00436	0.00864	0.01284	0.03268	0.21085	0.04797	0.58061	0.03326	0.00686	0.00187	0.00278	0.01075	0.00518	0.00472
44	0.00787	0.00554	0.00703	0.00662	0.00800	0.00506	0.00498	0.01027	0.01476	0.03606	0.65989	0.04027	0.12591	0.01102	0.00623	0.00169	0.00259	0.00965	0.03147	0.00509
45	0.77186	0.03515	0.00925	0.02521	0.04200	0.01235	0.00654	0.01577	0.00935	0.02324	0.00762	0.00902	0.00598	0.00497	0.00345	0.00165	0.00436	0.00302	0.00324	0.00596
46	0.00767	0.00575	0.00863	0.00863	0.00959	0.00671	0.00671	0.00959	0.00863	0.01246	0.01438	0.02109	0.01342	0.04026	0.79008	0.00863	0.01438	0.00575	0.00288	0.00479
47	0.42748	0.08305	0.01209	0.00903	0.01250	0.09789	0.00744	0.13765	0.04135	0.06994	0.01032	0.01106	0.00782	0.00550	0.00406	0.00156	0.00512	0.00365	0.04572	0.00675
48	0.01138	0.02608	0.69485	0.01554	0.04588	0.01270	0.01884	0.05042	0.04249	0.01798	0.01028	0.01181	0.00734	0.00524	0.00513	0.00170	0.00765	0.00411	0.00255	0.00803
49	0.01509	0.65690	0.05965	0.01011	0.01464	0.10570	0.00983	0.04972	0.01204	0.01382	0.00789	0.00904	0.00699	0.00480	0.00376	0.00122	0.00628	0.00307	0.00248	0.00696
50	0.01427	0.79642	0.04556	0.00933	0.01400	0.02104	0.00943	0.01609	0.01092	0.01273	0.00751	0.00867	0.00689	0.00460	0.00348	0.00116	0.00579	0.00290	0.00230	0.00691
51	0.00753	0.00548	0.00708	0.00668	0.00798	0.00503	0.00501	0.00999	0.01503	0.02112	0.73390	0.04076	0.09203	0.01112	0.00633	0.00170	0.00254	0.00980	0.00586	0.00503
52	0.00767	0.00575	0.00863	0.00863	0.00959	0.00671	0.00671	0.00959	0.00863	0.01246	0.01438	0.02109	0.01342	0.04026	0.79008	0.00863	0.01438	0.00575	0.00288	0.00479
53	0.00654	0.00467	0.00623	0.00747	0.00779	0.00436	0.00498	0.00747	0.01028	0.01370	0.02959	0.80785	0.03550	0.01682	0.00685	0.00218	0.00311	0.01526	0.00498	0.00436
54	0.01174	0.01174	0.01644	0.01409	0.01409	0.01644	0.01174	0.01292	0.00822	0.01292	0.00705	0.01174	0.00705	0.00940	0.01762	0.00235	0.80153	0.00470	0.00235	0.00587
55	0.01331	0.01120	0.01185	0.01065	0.01365	0.01283	0.00829	0.02754	0.71601	0.04087	0.02328	0.02139	0.05001	0.00755	0.00550	0.00182	0.00419	0.00629	0.00547	0.00834
56	0.02236	0.01002	0.01279	0.00995	0.01396	0.00940	0.00817	0.13009	0.06554	0.60267	0.04332	0.01829	0.01405	0.00679	0.00543	0.00167	0.00467	0.00549	0.00636	0.00897
57	0.01113	0.00954	0.01113	0.00795	0.01272	0.00716	0.00636	0.01352	0.01113	0.01749	0.00954	0.01113	0.00795	0.00398	0.00398	0.00080	0.00398	0.00318	0.00318	0.84417
58	0.00654	0.00467	0.00623	0.00747	0.00779	0.00436	0.00498	0.00747	0.01028	0.01370	0.02959	0.80785	0.03550	0.01682	0.00685	0.00218	0.00311	0.01526	0.00498	0.00436
59	0.04107	0.00525	0.00532	0.00525	0.00658	0.00527	0.00396	0.01240	0.01156	0.02031	0.09116	0.02155	0.01707	0.00667	0.00399	0.00131	0.00257	0.00538	0.72829	0.00504
60	0.01174	0.01174	0.01644	0.01409	0.01409	0.01644	0.01174	0.01292	0.00822	0.01292	0.00705	0.01174	0.00705	0.00940	0.01762	0.00235	0.80153	0.00470	0.00235	0.00587
61	0.00639	0.00544	0.00550	0.00549	0.00728	0.00455	0.00412	0.00779	0.01235	0.01476	0.08125	0.05123	0.74865	0.01350	0.00634	0.00181	0.00271	0.01127	0.00502	0.00455
62	0.84927	0.01038	0.00789	0.00706	0.01038	0.01204	0.00581	0.01578	0.00914	0.02408	0.00747	0.00872	0.00581	0.00498	0.00332	0.00166	0.00415	0.00291	0.00332	0.00581
63	0.84927	0.01038	0.00789	0.00706	0.01038	0.01204	0.00581	0.01578	0.00914	0.02408	0.00747	0.00872	0.00581	0.00498	0.00332	0.00166	0.00415	0.00291	0.00332	0.00581
64	0.00645	0.00504	0.00585	0.00649	0.00753	0.00444	0.00455	0.00758	0.01122	0.01409	0.04151	0.44416	0.39150	0.01527	0.00661	0.00200	0.00292	0.01337	0.00498	0.00444
65	0.02021	0.01494	0.01600	0.01231	0.01657	0.01655	0.01016	0.73952	0.04600	0.03351	0.01314	0.01309	0.00933	0.00647	0.00537	0.00162	0.00586	0.00487	0.00537	0.00911
66	0.02041	0.01504	0.01611	0.01235	0.01665	0.01665	0.01020	0.75997	0.02524	0.03383	0.01289	0.01289	0.00913	0.00644	0.00537	0.00161	0.00591	0.00483	0.00537	0.00913
67	0.06836	0.00798	0.00997	0.00805	0.01129	0.00728	0.00654	0.02149	0.01378	0.51081	0.01928	0.01823	0.01299	0.00643	0.00479	0.00154	0.00393	0.00513	0.25440	0.00771
68	0.00755	0.00554	0.00730	0.00834	0.00935	0.00529	0.00665	0.00932	0.01163	0.01500	0.03307	0.31325	0.15461	0.01530	0.00705	0.00226	0.00396	0.37487	0.00496	0.00468
69	0.02333	0.00930	0.01243	0.00965	0.01372	0.00827	0.00793	0.02633	0.06847	0.72803	0.02122	0.01839	0.01351	0.00669	0.00540	0.00167	0.00455	0.00545	0.00656	0.00909
70	0.00905	0.00712	0.00868	0.00953	0.01093	0.04101	0.00808	0.01186	0.04373	0.01621	0.05958	0.07851	0.09282	0.01391	0.00707	0.00230	0.00478	0.56484	0.00491	0.00510
71	0.00660	0.00474	0.00624	0.00734	0.00774	0.00441	0.00492	0.00761	0.01052	0.01402	0.06333	0.73335	0.06234	0.03023	0.00717	0.00220	0.00311	0.01474	0.00499	0.00438
72	0.00837	0.00601	0.00830	0.00950	0.01067	0.00595	0.00814	0.01065	0.01216	0.01578	0.02948	0.13066	0.05854	0.01497	0.00732	0.00242	0.00469	0.64657	0.00495	0.00487
73	0.01461	0.00705	0.00933	0.00786	0.01041	0.00624	0.00621	0.01686	0.01506	0.34832	0.39959	0.03151	0.08570	0.00929	0.00593	0.00169	0.00342	0.00797	0.00616	0.00678
74	0.80042	0.01032	0.00826	0.02916	0.01122	0.01191	0.00613	0.01604	0.00937	0.04720	0.00796	0.00917	0.00608	0.00504	0.00344	0.00166	0.00425	0.00304	0.00340	0.00592
75	0.48060	0.01001	0.01004	0.00826	0.01196	0.01046	0.00681	0.04309	0.01222	0.33930	0.01334	0.01282	0.00902	0.00572	0.00425	0.00166	0.00438	0.00400	0.00477	0.00730
76	0.01067	0.00593	0.00642	0.05662	0.00889	0.00618	0.00488	0.05953	0.01210	0.02047	0.01671	0.01920	0.01304	0.00621	0.00396	0.00131	0.00302	0.00498	0.73459	0.00532
77	0.01174	0.01174	0.01644	0.01409	0.01409	0.01644	0.01174	0.01292	0.00822	0.01292	0.00705	0.01174	0.00705	0.00940	0.01762	0.00235	0.80153	0.00470	0.00235	0.00587
78	0.00783	0.00557	0.00710	0.00667	0.00806	0.00507	0.00502	0.01022	0.01486	0.03825	0.67400	0.04094	0.13393	0.01118	0.00631	0.00170	0.00260	0.00980	0.00582	0.00510
79	0.00702	0.00500	0.00609	0.00676	0.00720	0.00473	0.00443	0.00775	0.00978	0.01280	0.02849	0.42605	0.12451	0.28098	0.01363	0.00315	0.00383	0.03937	0.00441	0.00403
80	0.00677	0.00532	0.00619	0.00672	0.00799	0.00473	0.00503	0.00820	0.01176	0.01470	0.06555	0.27733	0.42698	0.01465	0.00665	0.00201	0.00315	0.11671	0.00501	0.00456
81	0.01131	0.00965	0.01123	0.00804	0.01280	0.00734	0.00643	0.02782	0.01140	0.01780	0.00960	0.01116	0.00797	0.00402	0.00400	0.00081	0.00401	0.00321	0.00322	0.82816
82	0.01315	0.01266	0.02175	0.06361	0.73360	0.01274	0.03066	0.01638	0.01217	0.01738	0.01009	0.01335	0.00844	0.00480	0.00534	0.00161	0.00646	0.00481	0.00265	0.00838
83	0.00781	0.00520	0.00585	0.00585	0.00585	0.00520	0.00325	0.00781	0.00781	0.01041	0.01691	0.03513	0.01952	0.81135	0.02732	0.00520	0.00520	0.00781	0.00325	0.00325
84	0.04252	0.35914	0.38267	0.01233	0.01820	0.03621	0.01423	0.01650	0.01104	0.01512	0.00849	0.01006	0.00682	0.00508	0.00488	0.00149	0.04213	0.00348	0.00233	0.00728
85	0.02266	0.00946	0.01248	0.00960	0.01366	0.00845	0.00790	0.08444	0.01602	0.66386	0.05349	0.01858	0.01444	0.00674	0.00539	0.00163	0.00457	0.00547	0.00640	0.03474
86	0.03205	0.01440	0.10924	0.07897	0.44148	0.04340	0.01473	0.03735	0.07198	0.08678	0.01187	0.01385	0.00915	0.00530	0.00525	0.00164	0.00636	0.00475	0.00326	0.00818
87	0.01421	0.01020	0.01186	0.01098	0.04345	0.01086	0.00812	0.30479	0.11384	0.07213	0.02076	0.31435	0.02026	0.01041	0.00594	0.00186	0.00457	0.00896	0.00521	0.00722
88	0.02148	0.00867	0.01165	0.00915	0.01286	0.00764	0.00748	0.02398	0.03630	0.65173	0.11365	0.02103	0.01797	0.00719	0.00548	0.00166	0.00427	0.00594	0.02334	0.00853
89	0.00793	0.00553	0.00673	0.00692	0.00779	0.00524	0.00475	0.03544	0.01162	0.03415	0.17714	0.33376	0.13319	0.19167	0.01115	0.00267	0.00355	0.01135	0.00484	0.00456
90	0.07507	0.13050	0.37456	0.01742	0.14337	0.01367	0.11034	0.01705	0.01157	0.04435	0.00982	0.01173	0.00742	0.00495	0.00494	0.00162	0.00712	0.00422	0.00263	0.00768
91	0.02072	0.00983	0.03365	0.00963	0.01346	0.00867	0.00808	0.11442	0.01645	0.55046	0.13591	0.02077	0.01834	0.00724	0.00553	0.00166	0.00451	0.00595	0.00625	0.00847
92	0.00666	0.00550	0.00584	0.00600	0.00765	0.00474	0.00459	0.00810	0.01206	0.01452	0.04962	0.06536	0.65017	0.04229	0.00723	0.00202	0.00307	0.09513	0.00492	0.00453
93	0.01188	0.10074	0.49272	0.06820	0.10074	0.03477	0.05324	0.01678	0.01158	0.03142	0.01008	0.02624	0.00773	0.00526	0.00507	0.00165	0.00745	0.00433	0.00249	0.00764
94	0.01272	0.01703	0.15829	0.02072	0.08905	0.06940	0.44959	0.01691	0.01226	0.01655	0.01063	0.03275	0.00846	0.00531	0.00662	0.00178	0.05631	0.00570	0.00267	0.00724
95	0.01273	0.01349	0.01597	0.03308	0.01537	0.16109	0.07103	0.01439	0.01015	0.01351	0.00928	0.02901	0.00863	0.01179	0.10254	0.00280	0.43586	0.00494	0.02847	0.00587
96	0.07428	0.07366	0.01620	0.14495	0.06583	0.15369	0.03180	0.04092	0.01164	0.05761	0.00972	0.01262	0.00799	0.00779	0.03960	0.00203	0.20346	0.00437	0.03540	0.00644
97	0.00748	0.00548	0.00702	0.00663	0.00795	0.00502	0.00498	0.00991	0.01493	0.02089	0.70978	0.04114	0.11630	0.01121	0.00633	0.00170	0.00255	0.00985	0.00583	0.00502
98	0.01372	0.01171	0.01235	0.01100	0.01410	0.01352	0.00859	0.06674	0.72935	0.02305	0.02138	0.01965	0.01601	0.00724	0.00546	0.00181	0.00433	0.00600	0.00546	0.00853
99	0.01916	0.01323	0.01432	0.01116	0.01502	0.01444	0.00916	0.59433	0.03912	0.08488	0.01428	0.01436	0.01019	0.00645	0.00516	0.00157	0.00533	0.00492	0.11434	0.00858
100	0.00727	0.00501	0.00615	0.00677	0.00696	0.00487	0.00427	0.00780	0.00913	0.01215	0.02315	0.38568	0.02725	0.41671	0.01718	0.00372	0.00425	0.04375	0.00411	0.00383
101	0.00634	0.00544	0.00544	0.00544	0.00725	0.00453	0.00408	0.00770	0.01224	0.01450	0.05438	0.05166	0.77569	0.01359	0.00634	0.00181	0.00272	0.01133	0.00498	0.00453
102	0.01346	0.01128	0.01193	0.01068	0.01371	0.01290	0.00832	0.04316	0.70014	0.04112	0.02308	0.02124	0.04985	0.00753	0.00550	0.00181	0.00422	0.00626	0.00547	0.00835
103	0.00760	0.00549	0.00718	0.00675	0.00802	0.00506	0.00506	0.01013	0.01519	0.02153	0.77503	0.04010	0.05065	0.01097	0.00633	0.00169	0.00253	0.00971	0.00591	0.00506
104	0.01113	0.00954	0.01113	0.00795	0.01272	0.00716	0.00636	0.01352	0.01113	0.01749	0.00954	0.01113	0.00795	0.00398	0.00398	0.00080	0.00398	0.00318	0.00318	0.84417
105	0.02329	0.00931	0.01243	0.00965	0.01372	0.00829	0.00793	0.02633	0.07096	0.72552	0.02123	0.01840	0.01352	0.00669	0.00540	0.00167	0.00454	0.00545	0.00656	0.00909
106	0.00790	0.00604	0.00753	0.00823	0.00973	0.00574	0.00692	0.01028	0.03163	0.01564	0.03805	0.05616	0.31160	0.01417	0.00696	0.00221	0.00409	0.44729	0.00497	0.00488
107	0.00812	0.00584	0.00801	0.00915	0.01023	0.00573	0.00766	0.01026	0.01204	0.01572	0.05257	0.20359	0.06098	0.01505	0.00723	0.00237	0.00443	0.55122	0.00498	0.00482
108	0.06401	0.01014	0.01267	0.00987	0.01389	0.00963	0.00811	0.13422	0.05540	0.58109	0.03178	0.01745	0.01308	0.00664	0.00531	0.00166	0.00470	0.00530	0.00622	0.00887
109	0.03123	0.73394	0.02676	0.00940	0.01394	0.02069	0.00920	0.07641	0.01203	0.01457	0.00790	0.00896	0.00705	0.00475	0.00360	0.00120	0.00572	0.00303	0.00257	0.00705
110	0.00677	0.00482	0.00638	0.00751	0.00789	0.00454	0.00511	0.00780	0.01044	0.01394	0.05479	0.69603	0.03491	0.05857	0.00795	0.00234	0.00331	0.05762	0.00492	0.00436
111	0.00724	0.00576	0.00625	0.00628	0.00779	0.01900	0.00462	0.00879	0.01267	0.03066	0.20263	0.16849	0.47416	0.01327	0.00638	0.00183	0.00290	0.01135	0.00517	0.00474
112	0.01874	0.01357	0.01501	0.05871	0.01690	0.01493	0.00986	0.60713	0.03716	0.06410	0.01536	0.03261	0.04091	0.00692	0.00541	0.00164	0.00563	0.00537	0.02148	0.00856
113	0.00839	0.00616	0.00793	0.00839	0.04049	0.00627	0.00570	0.02750	0.04468	0.01568	0.18394	0.13729	0.05322	0.22357	0.14284	0.00385	0.00572	0.04339	0.03015	0.00482
114	0.02927	0.00967	0.00953	0.00867	0.01088	0.10073	0.00666	0.09601	0.04597	0.10882	0.06009	0.10691	0.22909	0.04691	0.08479	0.00259	0.00557	0.02717	0.00470	0.00598
115	0.03463	0.00985	0.01581	0.69249	0.04736	0.01198	0.01416	0.04799	0.01157	0.04905	0.01016	0.01425	0.00750	0.00545	0.00531	0.00177	0.00689	0.00475	0.00274	0.00629

[dist]
# distance from previous block
# <min> <max>
7	12

[block]
# block no. 7 follows, 45 sequences, length 33
# corresponding to MSA columns:
# 365-397
name=unknown_H
#
# <colnr> <probs for GDERKNQSTAVLIFYWHMCP>
#	G	D	E	R	K	N	Q	S	T	A	V	L	I	F	Y	W	H	M	C	P
0	0.05118	0.13605	0.16954	0.04481	0.12543	0.01345	0.08330	0.03837	0.06905	0.01693	0.01441	0.03195	0.05895	0.00679	0.00631	0.00173	0.07686	0.04468	0.00313	0.00707
1	0.04769	0.01268	0.01312	0.01094	0.01422	0.04383	0.00877	0.34256	0.25220	0.04625	0.01709	0.01829	0.02854	0.03408	0.00628	0.00182	0.02068	0.02775	0.04522	0.00801
2	0.00733	0.00538	0.00687	0.00670	0.00791	0.00492	0.00495	0.00954	0.01428	0.01982	0.60654	0.13530	0.12653	0.01197	0.00640	0.00176	0.00262	0.01056	0.00570	0.00492
3	0.01258	0.01242	0.03647	0.22117	0.40931	0.04029	0.01452	0.01772	0.12937	0.01713	0.01213	0.01550	0.00980	0.00558	0.00538	0.00169	0.00637	0.02181	0.00307	0.00768
4	0.01329	0.01266	0.02106	0.03128	0.71991	0.01280	0.01587	0.01739	0.06957	0.01791	0.01099	0.01380	0.00910	0.00497	0.00533	0.00161	0.00622	0.00488	0.00287	0.00850
5	0.00668	0.00543	0.00596	0.00615	0.00772	0.00471	0.00466	0.00820	0.01231	0.01518	0.11329	0.12761	0.57085	0.01380	0.00649	0.00190	0.00294	0.07647	0.00506	0.00460
6	0.00654	0.00467	0.00623	0.00747	0.00779	0.00436	0.00498	0.00747	0.01028	0.01370	0.02959	0.80785	0.03550	0.01682	0.00685	0.00218	0.00311	0.01526	0.00498	0.00436
7	0.02005	0.02558	0.01521	0.01383	0.01659	0.78980	0.01037	0.02143	0.01521	0.01314	0.00830	0.00968	0.00691	0.00553	0.00484	0.00138	0.00968	0.00346	0.00277	0.00622
8	0.84927	0.01038	0.00789	0.00706	0.01038	0.01204	0.00581	0.01578	0.00914	0.02408	0.00747	0.00872	0.00581	0.00498	0.00332	0.00166	0.00415	0.00291	0.00332	0.00581
9	0.68188	0.01013	0.00882	0.00756	0.01105	0.01120	0.00623	0.01788	0.01040	0.17774	0.01025	0.01066	0.00733	0.00532	0.00374	0.00166	0.00424	0.00341	0.00400	0.00649
10	0.84927	0.01038	0.00789	0.00706	0.01038	0.01204	0.00581	0.01578	0.00914	0.02408	0.00747	0.00872	0.00581	0.00498	0.00332	0.00166	0.00415	0.00291	0.00332	0.00581
11	0.43786	0.01267	0.01249	0.01003	0.01387	0.01422	0.03309	0.36000	0.01670	0.02836	0.01009	0.01084	0.00742	0.00564	0.00437	0.00164	0.00513	0.00391	0.00425	0.00739
12	0.00653	0.00473	0.00617	0.00732	0.00775	0.00437	0.00491	0.00749	0.01043	0.01376	0.03147	0.75048	0.09166	0.01657	0.00681	0.00215	0.00308	0.01496	0.00498	0.00437
13	0.01947	0.01448	0.01561	0.01191	0.01625	0.01569	0.00982	0.68498	0.02382	0.03219	0.01255	0.01271	0.00901	0.00620	0.00523	0.00153	0.00571	0.00467	0.00515	0.09302
14	0.01478	0.06951	0.08460	0.01008	0.01339	0.02243	0.00888	0.16380	0.05348	0.17152	0.14955	0.04688	0.07468	0.02430	0.01888	0.00187	0.05278	0.00648	0.00487	0.00721
