[name]
unknown

[dist]
# distance from previous block
# <min> <max>
21	99

[block]
# block no. 0 follows, 47 sequences, length 10
# corresponding to MSA columns:
# 132-136,138-142
name=unknown_A
#
# <colnr> <probs for GDERKNQSTAVLIFYWHMCP>
#	G	D	E	R	K	N	Q	S	T	A	V	L	I	F	Y	W	H	M	C	P
0	0.56202	0.01121	0.01049	0.03832	0.03556	0.01270	0.00741	0.20474	0.01313	0.04909	0.00914	0.01010	0.00680	0.00525	0.00392	0.00160	0.00464	0.00349	0.00377	0.00663
1	0.00873	0.00675	0.01007	0.19450	0.01662	0.00729	0.00980	0.01137	0.01162	0.01505	0.02331	0.04831	0.02461	0.01225	0.00673	0.00224	0.00529	0.57618	0.00422	0.00503
2	0.00667	0.00481	0.00656	0.00742	0.00785	0.00481	0.00512	0.00775	0.00945	0.01282	0.02453	0.58217	0.02853	0.06979	0.19155	0.00375	0.00569	0.01222	0.00426	0.00426
3	0.01863	0.19800	0.01583	0.01026	0.04672	0.01158	0.00830	0.04862	0.09374	0.42522	0.05795	0.01647	0.01338	0.00619	0.00485	0.00151	0.00468	0.00492	0.00509	0.00805
4	0.01112	0.00954	0.01094	0.00814	0.01252	0.00783	0.00648	0.01526	0.12362	0.01768	0.01102	0.01207	0.00892	0.00433	0.00407	0.00092	0.00390	0.00350	0.00341	0.72473
5	0.00983	0.00926	0.01562	0.80447	0.03587	0.01157	0.01446	0.01331	0.01041	0.01331	0.00926	0.01388	0.00694	0.00521	0.00521	0.00174	0.00694	0.00463	0.00231	0.00579
6	0.01218	0.01165	0.01985	0.21167	0.61034	0.01219	0.01563	0.01536	0.01152	0.01615	0.00967	0.01312	0.00794	0.00477	0.00517	0.00159	0.00636	0.00464	0.00252	0.00768
7	0.01125	0.00594	0.00717	0.00651	0.00745	0.00565	0.00420	0.01172	0.00928	0.19109	0.01737	0.03027	0.01753	0.62843	0.02156	0.00425	0.00491	0.00703	0.00392	0.00448
8	0.01145	0.00641	0.00860	0.00859	0.01029	0.00606	0.00695	0.01364	0.03005	0.19517	0.08687	0.17885	0.04497	0.05060	0.00741	0.00220	0.00415	0.31690	0.00520	0.00564
9	0.01132	0.01204	0.02435	0.28970	0.06563	0.01236	0.44721	0.01524	0.01150	0.01539	0.01018	0.01415	0.00776	0.00585	0.03252	0.00196	0.00820	0.00554	0.00253	0.00658

[dist]
# distance from previous block
# <min> <max>
1	17

[block]
# block no. 1 follows, 47 sequences, length 32
# corresponding to MSA columns:
# 160-166,169-193
name=unknown_B
#
# <colnr> <probs for GDERKNQSTAVLIFYWHMCP>
#	G	D	E	R	K	N	Q	S	T	A	V	L	I	F	Y	W	H	M	C	P
0	0.01119	0.01064	0.01807	0.46117	0.36856	0.01193	0.01514	0.01450	0.01106	0.01495	0.00950	0.01344	0.00752	0.00495	0.00518	0.00165	0.00661	0.00463	0.00243	0.00688
1	0.01395	0.01449	0.02044	0.02853	0.62922	0.14181	0.04311	0.01680	0.01235	0.01630	0.00954	0.01235	0.00798	0.00475	0.00512	0.00152	0.00681	0.00448	0.00260	0.00784
2	0.00810	0.00914	0.14133	0.00840	0.01078	0.00618	0.00775	0.01066	0.01224	0.03488	0.24961	0.19309	0.14918	0.01140	0.00609	0.00183	0.00388	0.10330	0.00463	0.02753
3	0.01015	0.02268	0.61351	0.14472	0.02382	0.01156	0.01756	0.01555	0.01113	0.01624	0.05728	0.01320	0.00929	0.00534	0.00506	0.00166	0.00725	0.00432	0.00244	0.00721
4	0.00948	0.00877	0.00856	0.00798	0.00938	0.13598	0.00601	0.01162	0.01425	0.01881	0.58320	0.05895	0.05360	0.00995	0.00637	0.00163	0.03689	0.00842	0.00504	0.00510
5	0.00953	0.00833	0.00724	0.00702	0.00749	0.13571	0.00438	0.00980	0.00878	0.01058	0.01497	0.02967	0.01677	0.66405	0.04162	0.00452	0.00598	0.00683	0.00307	0.00367
6	0.01242	0.03074	0.01916	0.06483	0.58984	0.01164	0.01400	0.01556	0.02383	0.01679	0.00980	0.01259	0.00818	0.00457	0.00490	0.00142	0.00579	0.00436	0.00268	0.14689
7	0.15307	0.62306	0.02313	0.00881	0.01304	0.01878	0.00845	0.07460	0.01139	0.01570	0.00766	0.00870	0.00668	0.00466	0.00347	0.00123	0.00533	0.00294	0.00263	0.00668
8	0.04753	0.00988	0.05236	0.00917	0.01339	0.00791	0.00787	0.02195	0.02614	0.54892	0.01754	0.03053	0.01179	0.00602	0.00492	0.00147	0.00445	0.00486	0.00543	0.16788
9	0.02139	0.04128	0.09476	0.01013	0.01446	0.06325	0.00909	0.02377	0.01433	0.62494	0.01802	0.01610	0.01157	0.00614	0.00510	0.00158	0.00516	0.00487	0.00558	0.00846
10	0.01248	0.63392	0.04699	0.00898	0.01270	0.01748	0.00864	0.01414	0.01041	0.01256	0.01084	0.14150	0.01127	0.00658	0.00440	0.00133	0.03197	0.00486	0.00266	0.00628
11	0.01199	0.02490	0.66213	0.01437	0.02148	0.01276	0.01770	0.14044	0.01322	0.01919	0.00987	0.01124	0.00697	0.00516	0.00499	0.00163	0.00737	0.00399	0.00270	0.00789
12	0.01994	0.00945	0.03010	0.00919	0.01327	0.00797	0.00767	0.02302	0.06865	0.57320	0.03276	0.01694	0.01278	0.00611	0.00502	0.00149	0.00435	0.00497	0.00569	0.14742
13	0.01221	0.33317	0.31851	0.01384	0.09704	0.04251	0.01358	0.01570	0.01082	0.01439	0.00875	0.01069	0.00721	0.00693	0.05307	0.00185	0.02675	0.00362	0.00230	0.00707
14	0.01227	0.01392	0.03000	0.02188	0.04339	0.01325	0.72285	0.01652	0.01213	0.01654	0.01039	0.01393	0.00787	0.00456	0.00651	0.00177	0.03653	0.00606	0.00262	0.00700
15	0.01166	0.01090	0.01830	0.04487	0.62612	0.01090	0.01398	0.01439	0.01152	0.01629	0.01321	0.14591	0.01292	0.00675	0.00544	0.00166	0.00566	0.01908	0.00298	0.00747
16	0.01917	0.01843	0.01485	0.06998	0.05342	0.41641	0.01023	0.17026	0.01628	0.14504	0.01117	0.01188	0.00825	0.00568	0.00495	0.00147	0.00751	0.00408	0.00378	0.00715
17	0.00905	0.00452	0.00678	0.00678	0.00678	0.00452	0.00452	0.00678	0.00678	0.00905	0.00905	0.01583	0.00905	0.01809	0.02035	0.84848	0.00452	0.00452	0.00226	0.00226
18	0.00986	0.01172	0.14265	0.59794	0.03089	0.01098	0.01430	0.01321	0.01016	0.01343	0.00925	0.01359	0.00709	0.00639	0.00661	0.08255	0.00684	0.00449	0.00229	0.00576
19	0.10045	0.01001	0.01576	0.49053	0.21088	0.01159	0.01351	0.02514	0.01083	0.01561	0.00999	0.02734	0.00816	0.00545	0.00506	0.00170	0.00632	0.02271	0.00262	0.00635
20	0.00733	0.00527	0.00713	0.00822	0.00903	0.00508	0.00644	0.00901	0.01119	0.01471	0.06193	0.39877	0.06521	0.01504	0.00686	0.00221	0.00380	0.35339	0.00486	0.00453
21	0.00839	0.00599	0.00839	0.00959	0.01079	0.00599	0.00839	0.01079	0.01199	0.01558	0.02757	0.05874	0.02997	0.01439	0.00719	0.00240	0.00480	0.74945	0.00480	0.00480
22	0.01217	0.01241	0.01402	0.16025	0.12707	0.18206	0.05015	0.04330	0.07690	0.01534	0.01569	0.23620	0.01563	0.00841	0.00555	0.00173	0.00609	0.00738	0.00351	0.00615
23	0.01050	0.06624	0.64787	0.01456	0.02146	0.01213	0.07035	0.01588	0.01100	0.01608	0.01052	0.06090	0.00842	0.00559	0.00505	0.00166	0.00737	0.00463	0.00239	0.00738
24	0.00636	0.00528	0.00555	0.00549	0.00716	0.00448	0.00411	0.00786	0.01234	0.01519	0.17313	0.04827	0.66130	0.01277	0.00615	0.00174	0.00261	0.01073	0.00498	0.00448
25	0.01086	0.11757	0.65287	0.01378	0.02076	0.01292	0.01727	0.01662	0.03875	0.01631	0.02992	0.01173	0.00807	0.00512	0.00481	0.00159	0.00718	0.00395	0.00241	0.00753
26	0.01190	0.08605	0.51489	0.01771	0.17898	0.01312	0.01708	0.07008	0.01211	0.01743	0.00950	0.01128	0.00711	0.00494	0.00488	0.00158	0.00707	0.00399	0.00250	0.00781
27	0.01603	0.01184	0.01375	0.01169	0.04100	0.01283	0.03218	0.32097	0.26645	0.09620	0.07660	0.03233	0.01510	0.00691	0.00534	0.00164	0.00485	0.00571	0.00518	0.02341
28	0.65692	0.06554	0.00952	0.00713	0.01067	0.01151	0.00595	0.01497	0.00930	0.02155	0.00758	0.00884	0.00605	0.00465	0.00334	0.00144	0.00411	0.00286	0.00313	0.14494
29	0.01778	0.01624	0.14308	0.01220	0.01683	0.01506	0.01121	0.60236	0.03957	0.02945	0.01233	0.01263	0.00879	0.00605	0.00512	0.00157	0.00591	0.00458	0.03072	0.00853
30	0.02050	0.03936	0.01240	0.00894	0.01311	0.00800	0.00740	0.02256	0.01392	0.60483	0.01779	0.01599	0.01162	0.00585	0.00489	0.00142	0.00436	0.00471	0.00562	0.17673
31	0.00806	0.00574	0.00733	0.00701	0.00828	0.00546	0.00521	0.04127	0.02842	0.03184	0.59993	0.16505	0.04388	0.01127	0.00616	0.00172	0.00275	0.00998	0.00557	0.00509

[dist]
# distance from previous block
# <min> <max>
0	1

[block]
# block no. 2 follows, 47 sequences, length 6
# corresponding to MSA columns:
# 195-200
name=unknown_C
#
# <colnr> <probs for GDERKNQSTAVLIFYWHMCP>
#	G	D	E	R	K	N	Q	S	T	A	V	L	I	F	Y	W	H	M	C	P
0	0.01754	0.01406	0.04746	0.01177	0.01607	0.04050	0.04745	0.46821	0.06790	0.07866	0.01275	0.01296	0.00920	0.00580	0.00504	0.00147	0.00563	0.00457	0.00465	0.12829
1	0.00803	0.00553	0.00679	0.00635	0.00791	0.00493	0.00480	0.01012	0.01390	0.06769	0.51745	0.04087	0.26395	0.01113	0.00609	0.00167	0.00264	0.00962	0.00551	0.00501
2	0.00634	0.00453	0.00604	0.00725	0.00755	0.00423	0.00483	0.00725	0.00997	0.01329	0.02870	0.81358	0.03444	0.01632	0.00665	0.00211	0.00302	0.01480	0.00483	0.00423
3	0.01156	0.01077	0.01784	0.40938	0.25140	0.01193	0.07092	0.07782	0.01225	0.01634	0.01209	0.01541	0.04862	0.00549	0.00531	0.00167	0.00653	0.00509	0.00279	0.00679
4	0.03804	0.01340	0.01503	0.06135	0.05143	0.10024	0.07583	0.22045	0.25966	0.04565	0.01642	0.01655	0.04952	0.00643	0.00525	0.00164	0.00574	0.00533	0.00440	0.00766
5	0.01102	0.01438	0.16276	0.10705	0.09446	0.01204	0.31695	0.01491	0.01095	0.01537	0.01028	0.01401	0.00819	0.00957	0.11160	0.00263	0.06938	0.00522	0.00251	0.00671

[dist]
# distance from previous block
# <min> <max>
1	5

[block]
# block no. 3 follows, 47 sequences, length 368
# corresponding to MSA columns:
# 206-573
name=unknown_D
#
# <colnr> <probs for GDERKNQSTAVLIFYWHMCP>
#	G	D	E	R	K	N	Q	S	T	A	V	L	I	F	Y	W	H	M	C	P
0	0.16669	0.02999	0.17841	0.03129	0.05123	0.01249	0.37003	0.01624	0.01135	0.03470	0.02797	0.01287	0.00826	0.00489	0.00544	0.00169	0.02183	0.00495	0.00279	0.00689
1	0.09151	0.03507	0.01266	0.00987	0.01359	0.14045	0.00796	0.13321	0.06121	0.22886	0.02764	0.01432	0.01057	0.00578	0.00469	0.00140	0.00528	0.01731	0.00446	0.17416
2	0.00631	0.00476	0.00584	0.00667	0.00741	0.00429	0.00459	0.00736	0.01060	0.01365	0.04927	0.58168	0.24808	0.01532	0.00650	0.00200	0.00290	0.01362	0.00485	0.00429
3	0.01260	0.01033	0.01177	0.00857	0.01311	0.00879	0.00692	0.16440	0.01354	0.02015	0.00991	0.01114	0.00794	0.00434	0.00413	0.00093	0.00423	0.00341	0.00351	0.68029
4	0.01122	0.01067	0.01812	0.45452	0.37500	0.01193	0.01515	0.01452	0.01107	0.01499	0.00950	0.01343	0.00753	0.00495	0.00518	0.00165	0.00660	0.00463	0.00243	0.00690
5	0.01338	0.56464	0.15776	0.01049	0.01511	0.05333	0.01087	0.01634	0.04432	0.01345	0.00823	0.00952	0.00708	0.00496	0.00456	0.00131	0.05219	0.00323	0.00238	0.00684
6	0.00959	0.00665	0.00824	0.00828	0.00953	0.00670	0.00610	0.12290	0.02647	0.05541	0.07488	0.51396	0.04623	0.01347	0.00651	0.00198	0.01789	0.05487	0.00499	0.00533
7	0.00719	0.00530	0.00672	0.00641	0.00768	0.00483	0.00479	0.00947	0.01426	0.01983	0.67065	0.05972	0.14155	0.01111	0.00616	0.00167	0.00249	0.00975	0.00560	0.00483
8	0.00659	0.00474	0.00624	0.00703	0.00759	0.00440	0.00483	0.00787	0.01116	0.01513	0.20971	0.60888	0.05669	0.01488	0.00651	0.00199	0.00288	0.01342	0.00505	0.00440
9	0.85377	0.01007	0.00765	0.00685	0.01007	0.01168	0.00564	0.01531	0.00886	0.02336	0.00725	0.00846	0.00564	0.00483	0.00322	0.00161	0.00403	0.00282	0.00322	0.00564
10	0.01354	0.01148	0.01211	0.01072	0.01377	0.01323	0.00839	0.09121	0.71059	0.02273	0.02045	0.01883	0.01529	0.00700	0.00529	0.00175	0.00426	0.00578	0.00529	0.00830
11	0.00634	0.00453	0.00604	0.00725	0.00755	0.00423	0.00483	0.00725	0.00997	0.01329	0.02870	0.81358	0.03444	0.01632	0.00665	0.00211	0.00302	0.01480	0.00483	0.00423
12	0.00824	0.00637	0.00785	0.00770	0.02306	0.00627	0.00575	0.01241	0.12815	0.01979	0.51633	0.03820	0.12614	0.01056	0.00607	0.00172	0.00296	0.06156	0.00544	0.00541
13	0.00983	0.00926	0.01562	0.80447	0.03587	0.01157	0.01446	0.01331	0.01041	0.01331	0.00926	0.01388	0.00694	0.00521	0.00521	0.00174	0.00694	0.00463	0.00231	0.00579
14	0.00750	0.00502	0.00570	0.00578	0.00579	0.00500	0.00326	0.00755	0.00772	0.01029	0.01716	0.08162	0.01988	0.76815	0.02529	0.00487	0.00493	0.00801	0.00326	0.00322
15	0.01289	0.01237	0.02114	0.03196	0.78450	0.01237	0.01598	0.01598	0.01186	0.01701	0.00980	0.01289	0.00825	0.00464	0.00516	0.00155	0.00619	0.00464	0.00258	0.00825
16	0.01229	0.01405	0.03073	0.02195	0.02722	0.01317	0.76558	0.01668	0.01229	0.01668	0.01054	0.01405	0.00790	0.00439	0.00615	0.00176	0.00878	0.00615	0.00263	0.00702
17	0.00687	0.00503	0.00707	0.00804	0.00863	0.00477	0.02385	0.00814	0.01040	0.01380	0.02805	0.65413	0.03297	0.01567	0.00674	0.00216	0.00349	0.15101	0.00477	0.00440
18	0.01268	0.01250	0.02236	0.06027	0.64209	0.01246	0.12829	0.01598	0.01187	0.01682	0.00989	0.01310	0.00815	0.00462	0.00531	0.00159	0.00660	0.00487	0.00258	0.00797
19	0.01460	0.01212	0.01964	0.02815	0.65202	0.02887	0.01460	0.01750	0.01238	0.13251	0.01137	0.01354	0.00891	0.00493	0.00516	0.00155	0.00599	0.00470	0.00316	0.00829
20	0.00905	0.00452	0.00678	0.00678	0.00678	0.00452	0.00452	0.00678	0.00678	0.00905	0.00905	0.01583	0.00905	0.01809	0.02035	0.84848	0.00452	0.00452	0.00226	0.00226
21	0.05150	0.04424	0.01640	0.01666	0.16085	0.53703	0.02521	0.03297	0.01374	0.01441	0.00841	0.01020	0.00702	0.00531	0.00516	0.00143	0.03657	0.00368	0.00270	0.00652
22	0.00647	0.00497	0.00617	0.00687	0.00762	0.00466	0.00481	0.00756	0.01049	0.01358	0.04724	0.53310	0.24772	0.01596	0.03501	0.00223	0.02344	0.01303	0.00471	0.00434
23	0.00719	0.00532	0.00671	0.00636	0.00767	0.00484	0.00477	0.00947	0.01431	0.01986	0.67247	0.04058	0.15906	0.01103	0.00614	0.00166	0.00248	0.00965	0.00560	0.00484
24	0.08352	0.01168	0.01257	0.02619	0.01392	0.01255	0.00824	0.47206	0.01963	0.08532	0.05281	0.02021	0.14355	0.00751	0.00526	0.00161	0.00485	0.00587	0.00504	0.00760
25	0.01088	0.02428	0.64703	0.01767	0.13693	0.01218	0.04599	0.01642	0.01117	0.01658	0.00946	0.01139	0.00689	0.00488	0.00502	0.00164	0.00751	0.00405	0.00227	0.00775
26	0.00639	0.00524	0.00536	0.00536	0.00684	0.00450	0.00385	0.00753	0.01127	0.01359	0.05961	0.04752	0.65556	0.13364	0.00921	0.00225	0.00300	0.01045	0.00460	0.00422
27	0.00734	0.00553	0.00690	0.00775	0.00845	0.00554	0.00535	0.01031	0.12467	0.01457	0.02758	0.69453	0.03166	0.01493	0.00644	0.00206	0.00319	0.01347	0.00490	0.00483
28	0.01045	0.02694	0.79000	0.01484	0.02254	0.01209	0.01924	0.01649	0.01099	0.01649	0.00935	0.01099	0.00660	0.00495	0.00495	0.00165	0.00770	0.00385	0.00220	0.00770
29	0.00905	0.00452	0.00678	0.00678	0.00678	0.00452	0.00452	0.00678	0.00678	0.00905	0.00905	0.01583	0.00905	0.01809	0.02035	0.84848	0.00452	0.00452	0.00226	0.00226
30	0.00636	0.00455	0.00606	0.00724	0.00756	0.00424	0.00484	0.00730	0.01006	0.01343	0.04252	0.79937	0.03471	0.01621	0.00664	0.00211	0.00301	0.01471	0.00485	0.00424
31	0.00991	0.00929	0.01609	0.59498	0.04660	0.01090	0.08512	0.01330	0.01086	0.01404	0.01213	0.02060	0.01051	0.00649	0.00559	0.00183	0.00678	0.11643	0.00272	0.00581
32	0.01281	0.02683	0.12846	0.01082	0.01442	0.01221	0.00967	0.10387	0.44854	0.03542	0.01871	0.01834	0.04029	0.00903	0.06059	0.00216	0.00545	0.00551	0.02916	0.00773
33	0.01229	0.01405	0.03073	0.02195	0.02722	0.01317	0.76558	0.01668	0.01229	0.01668	0.01054	0.01405	0.00790	0.00439	0.00615	0.00176	0.00878	0.00615	0.00263	0.00702
34	0.13981	0.02784	0.03333	0.01284	0.03348	0.11038	0.02421	0.11222	0.01143	0.01717	0.00804	0.01087	0.00697	0.00717	0.01068	0.00188	0.40278	0.00412	0.00288	0.02191
35	0.00905	0.00452	0.00678	0.00678	0.00678	0.00452	0.00452	0.00678	0.00678	0.00905	0.00905	0.01583	0.00905	0.01809	0.02035	0.84848	0.00452	0.00452	0.00226	0.00226
36	0.00880	0.00468	0.00702	0.00702	0.00716	0.00482	0.00482	0.00716	0.00702	0.00950	0.00978	0.01652	0.00964	0.02123	0.13668	0.72255	0.00594	0.00468	0.00234	0.00262
37	0.01541	0.58239	0.03771	0.01028	0.01430	0.23812	0.00942	0.01707	0.01176	0.01247	0.00751	0.00869	0.00669	0.00472	0.00375	0.00119	0.00668	0.00296	0.00236	0.00652
38	0.00754	0.00505	0.00567	0.00567	0.00571	0.00504	0.00317	0.00757	0.00766	0.01018	0.01717	0.03442	0.03499	0.80008	0.02608	0.00498	0.00500	0.00765	0.00319	0.00318
39	0.10478	0.01814	0.01454	0.01276	0.04450	0.33611	0.00971	0.33136	0.04208	0.02265	0.01030	0.01104	0.00784	0.00571	0.00480	0.00148	0.00703	0.00398	0.00387	0.00732
40	0.01103	0.02305	0.57094	0.01730	0.07652	0.01234	0.16204	0.01677	0.03044	0.01670	0.00990	0.01192	0.00720	0.00487	0.00520	0.00167	0.00771	0.00440	0.00239	0.00762
41	0.00915	0.00707	0.01034	0.01291	0.12679	0.00710	0.00946	0.01194	0.03107	0.01593	0.02512	0.05076	0.03736	0.01272	0.00682	0.00224	0.00496	0.60838	0.00448	0.00539
42	0.01392	0.82012	0.02729	0.00891	0.01337	0.02061	0.00891	0.01559	0.01058	0.01225	0.00724	0.00835	0.00668	0.00446	0.00334	0.00111	0.00557	0.00278	0.00223	0.00668
43	0.00863	0.00584	0.00710	0.00687	0.00746	0.00610	0.00455	0.05637	0.00914	0.03094	0.01639	0.07304	0.01767	0.52267	0.20017	0.00534	0.00701	0.00728	0.00338	0.00406
44	0.00671	0.00473	0.00604	0.00688	0.00720	0.00449	0.00452	0.00752	0.00972	0.01297	0.05963	0.57235	0.04554	0.19753	0.01113	0.00276	0.00349	0.02831	0.00449	0.00403
45	0.00808	0.00577	0.00804	0.00924	0.01030	0.00573	0.00786	0.01026	0.01169	0.01524	0.02774	0.17190	0.03064	0.01468	0.00711	0.00236	0.00453	0.63932	0.00480	0.00471
46	0.00650	0.00465	0.00618	0.00715	0.00759	0.00433	0.00485	0.00764	0.01069	0.01443	0.14159	0.69745	0.03665	0.01547	0.00657	0.00204	0.00294	0.01400	0.00497	0.00433
47	0.00640	0.00519	0.00570	0.00585	0.00731	0.00448	0.00433	0.00784	0.01197	0.01490	0.14584	0.16329	0.55295	0.01335	0.00625	0.00181	0.00273	0.03040	0.00495	0.00445
48	0.01182	0.01006	0.01078	0.00998	0.01251	0.01147	0.00764	0.02419	0.64434	0.02035	0.02298	0.13912	0.03480	0.00858	0.00552	0.00182	0.00393	0.00733	0.00522	0.00756
49	0.02328	0.00899	0.01217	0.00933	0.01336	0.00785	0.00771	0.04235	0.01512	0.77082	0.02036	0.01761	0.01280	0.00644	0.00524	0.00161	0.00446	0.00522	0.00642	0.00886
50	0.00751	0.00569	0.00851	0.00847	0.00938	0.00668	0.00660	0.00936	0.00836	0.01210	0.01382	0.02029	0.01291	0.03851	0.78212	0.00826	0.02843	0.00556	0.00278	0.00467
51	0.72724	0.00929	0.00723	0.00655	0.00947	0.01066	0.00534	0.01483	0.00917	0.02277	0.00871	0.01010	0.00680	0.00502	0.00329	0.00155	0.00379	0.00312	0.12955	0.00552
52	0.01289	0.01237	0.02114	0.03196	0.78450	0.01237	0.01598	0.01598	0.01186	0.01701	0.00980	0.01289	0.00825	0.00464	0.00516	0.00155	0.00619	0.00464	0.00258	0.00825
53	0.00979	0.13123	0.05803	0.01268	0.01572	0.01021	0.25345	0.01257	0.02823	0.01478	0.03556	0.33690	0.03941	0.00966	0.00585	0.00180	0.00552	0.00920	0.00362	0.00579
54	0.82911	0.01005	0.00789	0.03015	0.01082	0.01168	0.00590	0.01525	0.00891	0.02307	0.00731	0.00862	0.00568	0.00485	0.00328	0.00162	0.00411	0.00287	0.00320	0.00564
55	0.01404	0.49346	0.07128	0.01276	0.03039	0.11543	0.15190	0.01645	0.01142	0.01349	0.00812	0.00984	0.00694	0.00467	0.00441	0.00132	0.02134	0.00361	0.00237	0.00674
56	0.00754	0.00509	0.00587	0.00581	0.00599	0.00503	0.00342	0.00791	0.00865	0.01171	0.13114	0.03480	0.02346	0.69611	0.02345	0.00454	0.00466	0.00785	0.00354	0.00342
57	0.03306	0.14090	0.01638	0.01207	0.01531	0.46981	0.00959	0.17015	0.03553	0.01717	0.01021	0.01107	0.02570	0.00563	0.00462	0.00138	0.00769	0.00377	0.00325	0.00671
58	0.15083	0.01113	0.03076	0.23936	0.38918	0.01169	0.01340	0.01514	0.01099	0.03114	0.00979	0.01345	0.00798	0.00507	0.00487	0.00162	0.00596	0.02065	0.00273	0.02426
59	0.02180	0.00921	0.01204	0.00947	0.01333	0.00845	0.00774	0.02572	0.12886	0.67323	0.02064	0.01798	0.01334	0.00654	0.00525	0.00163	0.00438	0.00533	0.00627	0.00877
60	0.01045	0.02694	0.79000	0.01484	0.02254	0.01209	0.01924	0.01649	0.01099	0.01649	0.00935	0.01099	0.00660	0.00495	0.00495	0.00165	0.00770	0.00385	0.00220	0.00770
61	0.13773	0.01073	0.01576	0.44366	0.21488	0.03052	0.01322	0.04536	0.01122	0.01651	0.00919	0.01266	0.00714	0.00506	0.00488	0.00165	0.00633	0.00433	0.00264	0.00650
62	0.00690	0.00529	0.00631	0.00609	0.00750	0.00471	0.00455	0.00890	0.01358	0.01819	0.49493	0.05726	0.32352	0.01170	0.00616	0.00169	0.00253	0.01011	0.00538	0.00471
63	0.00676	0.00475	0.00610	0.00703	0.00731	0.00453	0.00466	0.00755	0.00953	0.01268	0.02572	0.58155	0.03049	0.20569	0.01138	0.00283	0.00361	0.05936	0.00443	0.00401
64	0.20628	0.01272	0.01689	0.07265	0.15047	0.02943	0.12352	0.25795	0.01537	0.05087	0.01051	0.01211	0.00784	0.00529	0.00488	0.00161	0.00600	0.00446	0.00370	0.00747
65	0.00776	0.02100	0.00916	0.12723	0.01273	0.00696	0.00714	0.00962	0.00935	0.01293	0.06934	0.14331	0.01823	0.08314	0.43174	0.00557	0.00963	0.00721	0.00325	0.00471
66	0.00812	0.00584	0.00805	0.00920	0.01035	0.00577	0.00789	0.01034	0.01181	0.01532	0.02874	0.12449	0.06236	0.01450	0.00710	0.00235	0.00455	0.65370	0.00480	0.00473
67	0.03370	0.01980	0.01463	0.01321	0.04360	0.50330	0.00990	0.10536	0.01529	0.13158	0.01041	0.01122	0.00792	0.00580	0.00553	0.00147	0.05301	0.00389	0.00352	0.00684
68	0.01244	0.01519	0.16352	0.05769	0.60075	0.02656	0.01642	0.01606	0.01170	0.01670	0.00966	0.01251	0.00786	0.00473	0.00511	0.00157	0.00655	0.00447	0.00250	0.00801
69	0.01186	0.01140	0.01690	0.04212	0.50934	0.07068	0.01301	0.01443	0.01178	0.01589	0.01438	0.13756	0.01434	0.00750	0.00556	0.00171	0.00583	0.08549	0.00315	0.00705
70	0.77642	0.02387	0.00850	0.00752	0.02455	0.01191	0.00602	0.04537	0.00961	0.02337	0.00767	0.00889	0.00597	0.00490	0.00335	0.00159	0.00414	0.00296	0.01758	0.00582
71	0.00835	0.00623	0.00856	0.00820	0.00934	0.00697	0.00632	0.06236	0.01046	0.01477	0.12969	0.02396	0.03239	0.08319	0.54386	0.00644	0.02424	0.00631	0.00345	0.00490
72	0.01671	0.01016	0.01288	0.04991	0.02713	0.02197	0.03244	0.12129	0.04285	0.30212	0.05570	0.01567	0.01225	0.00574	0.00490	0.00137	0.00470	0.00474	0.00476	0.25269
73	0.01345	0.00930	0.01116	0.00811	0.01261	0.00729	0.00654	0.03276	0.01191	0.16756	0.01153	0.01219	0.00875	0.00442	0.00416	0.00095	0.00401	0.00354	0.00379	0.66596
74	0.03813	0.01993	0.01484	0.01268	0.01580	0.44923	0.00989	0.28082	0.04439	0.02030	0.01000	0.01088	0.00776	0.00586	0.00533	0.00148	0.03801	0.00394	0.00365	0.00708
75	0.00719	0.00532	0.00671	0.00636	0.00767	0.00484	0.00477	0.00947	0.01431	0.01986	0.67247	0.04058	0.15906	0.01103	0.00614	0.00166	0.00248	0.00965	0.00560	0.00484
76	0.03189	0.00868	0.12344	0.00710	0.00965	0.00590	0.00656	0.00969	0.01243	0.01654	0.24183	0.04001	0.44533	0.01102	0.00588	0.00171	0.00339	0.00926	0.00464	0.00507
77	0.01801	0.01312	0.01440	0.01155	0.01524	0.01441	0.00960	0.62498	0.03779	0.04390	0.01509	0.01967	0.01224	0.00749	0.00551	0.00169	0.00553	0.11637	0.00517	0.00824
78	0.01051	0.01011	0.01633	0.01351	0.01493	0.01238	0.15448	0.03175	0.00936	0.01371	0.00998	0.01485	0.00909	0.01779	0.26585	0.00412	0.37779	0.00519	0.00259	0.00570
79	0.01295	0.01119	0.01178	0.01060	0.01354	0.01295	0.00824	0.02767	0.77509	0.02178	0.02120	0.01943	0.01590	0.00707	0.00530	0.00177	0.00412	0.00589	0.00530	0.00824
80	0.09177	0.00832	0.01080	0.00876	0.01216	0.00748	0.00706	0.02180	0.01365	0.60661	0.02063	0.13624	0.01550	0.00779	0.00528	0.00169	0.00419	0.00646	0.00593	0.00789
81	0.00728	0.00600	0.00979	0.00942	0.01051	0.00560	0.11888	0.00879	0.01054	0.01416	0.06135	0.65734	0.03115	0.01426	0.00655	0.00204	0.00386	0.01325	0.00455	0.00468
82	0.00806	0.00589	0.00792	0.00894	0.01023	0.00575	0.00773	0.01029	0.01197	0.01536	0.03135	0.05745	0.14276	0.01421	0.00704	0.00230	0.00447	0.63875	0.00480	0.00474
83	0.01045	0.02694	0.79000	0.01484	0.02254	0.01209	0.01924	0.01649	0.01099	0.01649	0.00935	0.01099	0.00660	0.00495	0.00495	0.00165	0.00770	0.00385	0.00220	0.00770
84	0.14760	0.00944	0.01167	0.00909	0.01301	0.00885	0.00751	0.07582	0.01467	0.62057	0.01799	0.01597	0.01152	0.00619	0.00493	0.00161	0.00446	0.00484	0.00588	0.00838
85	0.00744	0.00558	0.00837	0.00837	0.00930	0.00651	0.00651	0.00930	0.00837	0.01209	0.01395	0.02046	0.01302	0.03906	0.79635	0.00837	0.01395	0.00558	0.00279	0.00465
86	0.85377	0.01007	0.00765	0.00685	0.01007	0.01168	0.00564	0.01531	0.00886	0.02336	0.00725	0.00846	0.00564	0.00483	0.00322	0.00161	0.00403	0.00282	0.00322	0.00564
87	0.01083	0.01028	0.01742	0.55187	0.28066	0.01183	0.01496	0.01418	0.01089	0.01452	0.00943	0.01356	0.00737	0.00502	0.00519	0.00167	0.00670	0.00463	0.00240	0.00659
88	0.58495	0.00993	0.00973	0.12692	0.01459	0.01126	0.00738	0.04157	0.01045	0.12751	0.00956	0.01068	0.00694	0.00516	0.00386	0.00163	0.00458	0.00349	0.00360	0.00621
89	0.54023	0.01018	0.01129	0.18606	0.11922	0.01168	0.00900	0.01514	0.00972	0.03433	0.00828	0.01042	0.00641	0.00492	0.00396	0.00163	0.00497	0.00351	0.00300	0.00608
90	0.01289	0.01278	0.02374	0.21116	0.11166	0.01314	0.38716	0.12828	0.01362	0.01832	0.01044	0.01365	0.00785	0.00489	0.00567	0.00170	0.00759	0.00539	0.00294	0.00713
91	0.00823	0.00584	0.00757	0.00747	0.00835	0.01740	0.00554	0.02614	0.00901	0.01318	0.01477	0.02278	0.01410	0.19334	0.49751	0.00643	0.01025	0.00584	0.12179	0.00448
92	0.05388	0.13948	0.01662	0.10354	0.03521	0.40881	0.01025	0.12160	0.01465	0.03709	0.00902	0.01045	0.00718	0.00532	0.00458	0.00141	0.00759	0.00366	0.00304	0.00660
93	0.01521	0.01677	0.01888	0.02541	0.51309	0.28919	0.01389	0.01768	0.01288	0.01551	0.00918	0.01165	0.00770	0.00490	0.00499	0.00147	0.00732	0.00419	0.00262	0.00747
94	0.02336	0.00886	0.01209	0.00927	0.01329	0.00765	0.00765	0.02538	0.01491	0.78810	0.02055	0.01773	0.01289	0.00645	0.00524	0.00161	0.00443	0.00524	0.00645	0.00886
95	0.01045	0.02694	0.79000	0.01484	0.02254	0.01209	0.01924	0.01649	0.01099	0.01649	0.00935	0.01099	0.00660	0.00495	0.00495	0.00165	0.00770	0.00385	0.00220	0.00770
96	0.02302	0.00915	0.01223	0.00940	0.01342	0.00811	0.00776	0.05670	0.02920	0.74224	0.02022	0.01754	0.01278	0.00645	0.00524	0.00161	0.00448	0.00523	0.00637	0.00885
97	0.00663	0.00531	0.00593	0.00581	0.00737	0.00461	0.00438	0.00837	0.01289	0.01651	0.31029	0.04631	0.50913	0.01231	0.00617	0.00173	0.00261	0.02393	0.00515	0.00459
98	0.00757	0.00505	0.00568	0.00568	0.00568	0.00505	0.00316	0.00757	0.00757	0.01010	0.01641	0.03408	0.01893	0.81698	0.02651	0.00505	0.00505	0.00757	0.00316	0.00316
99	0.01034	0.01084	0.04759	0.60939	0.03307	0.01202	0.14651	0.01399	0.01068	0.01399	0.00940	0.01372	0.00709	0.00519	0.00578	0.00175	0.03534	0.00486	0.00236	0.00607
100	0.00977	0.00959	0.03533	0.74015	0.04781	0.01132	0.01425	0.01321	0.01044	0.01345	0.01000	0.04406	0.00800	0.00561	0.00525	0.00174	0.00680	0.00499	0.00241	0.00582
101	0.00801	0.00572	0.00795	0.00915	0.01018	0.00566	0.00772	0.01013	0.01161	0.01515	0.02779	0.20047	0.03081	0.01475	0.00709	0.00234	0.00446	0.61151	0.00480	0.00469
102	0.01120	0.01238	0.03734	0.03662	0.05331	0.01169	0.55109	0.01483	0.01166	0.01589	0.01338	0.14852	0.01230	0.00661	0.00657	0.00183	0.03788	0.00742	0.00297	0.00653
103	0.01575	0.01261	0.01399	0.01236	0.05452	0.01427	0.00942	0.34759	0.36623	0.02583	0.01642	0.03027	0.01244	0.00683	0.00572	0.00169	0.03531	0.00541	0.00500	0.00834
104	0.03467	0.01326	0.01380	0.01111	0.01460	0.04378	0.00893	0.50864	0.15392	0.04148	0.01421	0.02836	0.01088	0.04009	0.00661	0.03220	0.00541	0.00511	0.00491	0.00803
105	0.82173	0.00989	0.00763	0.00684	0.00998	0.01143	0.00561	0.01510	0.00909	0.02327	0.03656	0.00961	0.00729	0.00505	0.00333	0.00161	0.00397	0.00307	0.00332	0.00561
106	0.01068	0.00910	0.01060	0.00764	0.01209	0.00687	0.00606	0.01290	0.01068	0.01671	0.00953	0.01168	0.00814	0.03463	0.00471	0.00093	0.00390	0.00326	0.00309	0.81681
107	0.01197	0.03794	0.58959	0.05815	0.05003	0.01284	0.01727	0.12881	0.01301	0.01871	0.00979	0.01140	0.00702	0.00514	0.00498	0.00163	0.00727	0.00403	0.00267	0.00777
108	0.01127	0.00924	0.01085	0.00777	0.01238	0.00697	0.00623	0.01358	0.01095	0.04615	0.00968	0.01106	0.00791	0.00395	0.00391	0.00080	0.00388	0.00317	0.00321	0.81703
109	0.01826	0.01370	0.01469	0.01160	0.01543	0.01522	0.00946	0.62752	0.13646	0.03043	0.01442	0.04386	0.01088	0.00675	0.00528	0.00161	0.00539	0.00525	0.00521	0.00859
110	0.02061	0.00903	0.01200	0.00915	0.01313	0.00784	0.00752	0.02265	0.01389	0.61762	0.01796	0.01622	0.01171	0.00607	0.00543	0.00148	0.03472	0.00482	0.00567	0.16247
111	0.00784	0.00675	0.01082	0.00933	0.01112	0.00621	0.14744	0.00994	0.01219	0.01640	0.27868	0.22232	0.16859	0.05910	0.00747	0.00200	0.00397	0.01027	0.00462	0.00495
112	0.01295	0.01123	0.01213	0.01141	0.04272	0.01293	0.00854	0.02723	0.74620	0.02160	0.02076	0.01918	0.01561	0.00697	0.00529	0.00176	0.00420	0.00584	0.00520	0.00824
113	0.00744	0.00556	0.00827	0.00827	0.00916	0.00645	0.00638	0.00923	0.00834	0.01201	0.01404	0.02097	0.01324	0.06850	0.76721	0.00824	0.01361	0.00566	0.00280	0.00459
114	0.01229	0.01405	0.03073	0.02195	0.02722	0.01317	0.76558	0.01668	0.01229	0.01668	0.01054	0.01405	0.00790	0.00439	0.00615	0.00176	0.00878	0.00615	0.00263	0.00702
115	0.00719	0.00610	0.00631	0.00623	0.00805	0.00567	0.00467	0.01048	0.12613	0.01516	0.04614	0.10531	0.60890	0.01252	0.00607	0.00179	0.00289	0.01052	0.00491	0.00496
116	0.00682	0.00567	0.00644	0.00705	0.03711	0.00498	0.00519	0.00841	0.01195	0.01459	0.06284	0.04993	0.60873	0.01301	0.00629	0.00186	0.00314	0.13660	0.00476	0.00462
117	0.00669	0.00479	0.00648	0.00764	0.00810	0.00458	0.00543	0.00786	0.01021	0.01359	0.02797	0.67041	0.03296	0.01689	0.03662	0.00239	0.00370	0.12458	0.00475	0.00433
118	0.01277	0.01226	0.02093	0.06120	0.75616	0.01234	0.01592	0.01588	0.01180	0.01687	0.00978	0.01293	0.00820	0.00466	0.00516	0.00155	0.00622	0.00464	0.00257	0.00816
119	0.01217	0.00991	0.01030	0.00900	0.01169	0.02471	0.00705	0.21531	0.25376	0.02152	0.04542	0.07136	0.26732	0.00941	0.00564	0.00172	0.00406	0.00776	0.00506	0.00681
120	0.00782	0.00581	0.00654	0.00667	0.00697	0.03512	0.00424	0.00833	0.00833	0.01100	0.01744	0.14318	0.01968	0.53580	0.15643	0.00506	0.00647	0.00811	0.00332	0.00368
121	0.00919	0.00671	0.00820	0.00732	0.00901	0.00658	0.00562	0.12326	0.01609	0.02241	0.63884	0.03537	0.07085	0.01008	0.00600	0.00163	0.00295	0.00877	0.00562	0.00549
122	0.01115	0.04879	0.67951	0.01481	0.02194	0.02653	0.04880	0.04489	0.01156	0.01686	0.00938	0.01108	0.00674	0.00504	0.00518	0.00164	0.02219	0.00395	0.00234	0.00762
123	0.59255	0.00981	0.00912	0.00767	0.01114	0.01059	0.00632	0.03408	0.01096	0.24797	0.01126	0.01126	0.00784	0.00534	0.00386	0.00161	0.00418	0.00357	0.00421	0.00665
124	0.16575	0.37830	0.01892	0.02641	0.02828	0.23183	0.00872	0.03226	0.01174	0.01517	0.00801	0.00934	0.00682	0.00489	0.00381	0.00130	0.00628	0.00313	0.03272	0.00631
125	0.01235	0.01179	0.02008	0.14736	0.65827	0.01214	0.01562	0.01549	0.01164	0.01643	0.01004	0.01387	0.00845	0.00490	0.00520	0.00159	0.00627	0.01812	0.00258	0.00782
126	0.00737	0.00505	0.00611	0.00629	0.00647	0.00513	0.00388	0.00777	0.00804	0.01086	0.01791	0.14902	0.02043	0.58743	0.13191	0.00508	0.00600	0.00838	0.00336	0.00353
127	0.03219	0.13534	0.07537	0.03816	0.47196	0.08081	0.02722	0.01650	0.02982	0.01605	0.00977	0.01271	0.00826	0.00494	0.00485	0.00150	0.00641	0.01791	0.00262	0.00760
128	0.01104	0.16252	0.65962	0.01383	0.02097	0.01355	0.01747	0.01634	0.01092	0.01577	0.00899	0.01054	0.00661	0.00486	0.00467	0.00156	0.00733	0.00367	0.00220	0.00752
129	0.02070	0.00839	0.01131	0.00889	0.01247	0.00738	0.00726	0.02311	0.03448	0.65333	0.13467	0.02094	0.01840	0.00709	0.00537	0.00162	0.00413	0.00588	0.00631	0.00825
130	0.01123	0.02312	0.57362	0.01683	0.04308	0.01226	0.19491	0.01672	0.01141	0.03390	0.00989	0.01191	0.00709	0.00484	0.00524	0.00167	0.00784	0.00444	0.00241	0.00758
131	0.01322	0.03099	0.46045	0.13210	0.02244	0.01152	0.03337	0.04718	0.02383	0.15825	0.01169	0.01289	0.00807	0.00532	0.00506	0.00165	0.00685	0.00432	0.00317	0.00765
132	0.00679	0.00537	0.00612	0.00599	0.00748	0.00476	0.00447	0.00881	0.02710	0.01698	0.35074	0.07975	0.43266	0.01217	0.00616	0.00173	0.00261	0.01042	0.00521	0.00467
133	0.00754	0.00504	0.00569	0.00572	0.00573	0.00503	0.00320	0.00757	0.00763	0.01018	0.01672	0.05360	0.01932	0.79693	0.02601	0.00498	0.00500	0.00775	0.00320	0.00318
134	0.01170	0.14826	0.47518	0.01693	0.14871	0.03632	0.04621	0.01630	0.01125	0.01580	0.00941	0.01178	0.00734	0.00497	0.00481	0.00156	0.00715	0.01648	0.00234	0.00751
135	0.02925	0.10406	0.01375	0.02493	0.04488	0.04843	0.00840	0.14419	0.26679	0.09233	0.01834	0.13552	0.03121	0.00784	0.00520	0.00166	0.00476	0.00647	0.00464	0.00735
136	0.00651	0.00468	0.00618	0.00709	0.00758	0.00435	0.00483	0.00769	0.01082	0.01459	0.15633	0.66447	0.05497	0.01528	0.00655	0.00203	0.00292	0.01380	0.00499	0.00435
137	0.00767	0.00581	0.00724	0.00803	0.00887	0.00590	0.00573	0.01110	0.14293	0.01496	0.02730	0.61089	0.03084	0.01454	0.00646	0.00208	0.00336	0.07638	0.00491	0.00497
138	0.01553	0.48235	0.02238	0.01175	0.05952	0.21664	0.00972	0.06235	0.03094	0.01413	0.00824	0.00948	0.00714	0.00499	0.00430	0.00127	0.02663	0.00327	0.00262	0.00675
139	0.01307	0.21422	0.30770	0.01451	0.10843	0.03718	0.01374	0.12838	0.01321	0.01778	0.01089	0.01486	0.00916	0.00581	0.00481	0.00155	0.00651	0.06786	0.00294	0.00739
140	0.02682	0.12747	0.38384	0.01667	0.19049	0.01252	0.01491	0.01573	0.01106	0.01623	0.00911	0.01099	0.00713	0.00465	0.00458	0.00142	0.00643	0.00375	0.00244	0.13374
141	0.01390	0.01217	0.03401	0.20362	0.28955	0.06270	0.01261	0.12837	0.01391	0.08438	0.03239	0.01634	0.06128	0.00594	0.00524	0.00160	0.00606	0.00514	0.00347	0.00732
142	0.01746	0.01199	0.01349	0.01031	0.01444	0.01211	0.00842	0.41870	0.04413	0.14143	0.01357	0.03314	0.01004	0.00595	0.00491	0.00139	0.00493	0.00465	0.00484	0.22408
143	0.01292	0.01054	0.01180	0.00904	0.01313	0.00982	0.00723	0.17231	0.14543	0.02106	0.02799	0.01362	0.01041	0.01903	0.00482	0.00120	0.00428	0.00411	0.00396	0.49729
144	0.00692	0.00481	0.00612	0.00677	0.00717	0.00458	0.00449	0.00790	0.01018	0.01385	0.13834	0.47529	0.03234	0.20770	0.01129	0.00273	0.00345	0.02816	0.02381	0.00410
145	0.01273	0.01215	0.02058	0.04517	0.73926	0.01223	0.01564	0.01603	0.02587	0.01700	0.01040	0.01406	0.00885	0.00491	0.00520	0.00157	0.00613	0.02141	0.00267	0.00813
146	0.01080	0.00926	0.01080	0.00771	0.01234	0.00694	0.00617	0.01311	0.01080	0.01697	0.00926	0.01080	0.00771	0.00386	0.00386	0.00077	0.00386	0.00309	0.00309	0.84882
147	0.01392	0.82012	0.02729	0.00891	0.01337	0.02061	0.00891	0.01559	0.01058	0.01225	0.00724	0.00835	0.00668	0.00446	0.00334	0.00111	0.00557	0.00278	0.00223	0.00668
148	0.01395	0.01327	0.02793	0.02005	0.02513	0.01234	0.65196	0.01799	0.01268	0.13232	0.01204	0.01460	0.00865	0.00470	0.00601	0.00173	0.00813	0.00601	0.00321	0.00730
149	0.01242	0.01195	0.02054	0.14753	0.65400	0.01227	0.03384	0.01560	0.01165	0.01645	0.00973	0.01307	0.00804	0.00472	0.00519	0.00158	0.00636	0.00467	0.00254	0.00785
150	0.00835	0.00598	0.00833	0.00950	0.01071	0.00596	0.00830	0.01072	0.01199	0.01555	0.02809	0.05857	0.04536	0.01436	0.00717	0.00238	0.00475	0.73434	0.00480	0.00479
151	0.00754	0.00518	0.00635	0.00635	0.00658	0.00541	0.00399	0.00800	0.00777	0.01059	0.01580	0.03069	0.01746	0.62316	0.21832	0.00588	0.00727	0.00708	0.00306	0.00353
152	0.01322	0.01444	0.01568	0.01361	0.01422	0.19285	0.01109	0.01441	0.00951	0.01258	0.00711	0.01094	0.00681	0.00826	0.01428	0.00207	0.62648	0.00428	0.00237	0.00577
153	0.00808	0.00577	0.00804	0.00924	0.01030	0.00573	0.00786	0.01026	0.01169	0.01524	0.02774	0.17190	0.03064	0.01468	0.00711	0.00236	0.00453	0.63932	0.00480	0.00471
154	0.00835	0.00598	0.00833	0.00950	0.01071	0.00596	0.00830	0.01072	0.01199	0.01555	0.02809	0.05857	0.04544	0.01436	0.00717	0.00238	0.00475	0.73426	0.00480	0.00479
155	0.00615	0.00528	0.00528	0.00528	0.00703	0.00440	0.00396	0.00747	0.01187	0.01407	0.05276	0.05012	0.78238	0.01319	0.00615	0.00176	0.00264	0.01099	0.00484	0.00440
156	0.00804	0.00644	0.00943	0.00909	0.00985	0.00788	0.00714	0.00973	0.00829	0.01210	0.01295	0.01950	0.01226	0.05729	0.65704	0.00736	0.13264	0.00548	0.00272	0.00476
157	0.00908	0.00677	0.00890	0.00974	0.01120	0.00704	0.00837	0.01332	0.12638	0.01651	0.02662	0.05285	0.02786	0.01329	0.00691	0.00230	0.00469	0.63798	0.00487	0.00531
158	0.00785	0.00613	0.00894	0.00871	0.00948	0.00736	0.00676	0.00950	0.00827	0.01199	0.01341	0.02055	0.01283	0.09364	0.66021	0.00751	0.09385	0.00562	0.00276	0.00465
159	0.13844	0.01152	0.01821	0.15488	0.54564	0.01214	0.01418	0.01544	0.01117	0.01736	0.00933	0.01239	0.00764	0.00476	0.00487	0.00159	0.00599	0.00437	0.00263	0.00745
160	0.01289	0.01237	0.02114	0.03196	0.78450	0.01237	0.01598	0.01598	0.01186	0.01701	0.00980	0.01289	0.00825	0.00464	0.00516	0.00155	0.00619	0.00464	0.00258	0.00825
161	0.02070	0.00999	0.01497	0.01129	0.01539	0.00911	0.12135	0.08855	0.01535	0.57299	0.05121	0.01763	0.01335	0.00630	0.00541	0.00163	0.00511	0.00551	0.00573	0.00842
162	0.83970	0.01015	0.00779	0.00693	0.01017	0.01176	0.00571	0.02799	0.00913	0.02352	0.00734	0.00853	0.00569	0.00486	0.00326	0.00161	0.00406	0.00285	0.00326	0.00569
163	0.03099	0.13063	0.01826	0.01705	0.21083	0.27063	0.01132	0.19658	0.01550	0.01872	0.00940	0.01091	0.00759	0.00534	0.00500	0.00144	0.02534	0.00394	0.00319	0.00735
164	0.00788	0.00623	0.00858	0.00839	0.00935	0.02568	0.00650	0.00976	0.00945	0.01341	0.12866	0.02282	0.01813	0.04611	0.61371	0.00688	0.04441	0.00609	0.00321	0.00474
165	0.01277	0.18484	0.52682	0.01289	0.01939	0.01329	0.01554	0.01760	0.02502	0.11002	0.01050	0.01143	0.00755	0.00507	0.00466	0.00154	0.00680	0.00384	0.00278	0.00764
166	0.01285	0.01305	0.02453	0.02776	0.48545	0.01276	0.29222	0.03561	0.01234	0.01730	0.01014	0.01331	0.00814	0.00459	0.00552	0.00162	0.00713	0.00520	0.00267	0.00781
167	0.02336	0.00886	0.01209	0.00927	0.01329	0.00765	0.00765	0.02538	0.01491	0.78810	0.02055	0.01773	0.01289	0.00645	0.00524	0.00161	0.00443	0.00524	0.00645	0.00886
168	0.00956	0.00868	0.01436	0.66648	0.03148	0.01061	0.01336	0.01283	0.01060	0.01362	0.01211	0.02076	0.01054	0.00738	0.02421	0.00199	0.00679	0.11630	0.00270	0.00561
169	0.01359	0.01262	0.02069	0.07966	0.50593	0.01313	0.09182	0.12832	0.01352	0.01890	0.01011	0.01295	0.00815	0.00510	0.00580	0.00162	0.04242	0.00480	0.00295	0.00793
170	0.00786	0.00565	0.00698	0.00719	0.00839	0.00537	0.00528	0.01050	0.07317	0.04427	0.24771	0.33058	0.16142	0.01297	0.00629	0.00189	0.00303	0.05130	0.00519	0.00497
171	0.00752	0.00512	0.00611	0.00613	0.00630	0.00525	0.00373	0.00787	0.00787	0.01066	0.03027	0.04852	0.01892	0.66881	0.14112	0.00542	0.00629	0.00746	0.00318	0.00343
172	0.03564	0.01100	0.01557	0.02534	0.01625	0.01068	0.12182	0.20841	0.01662	0.43840	0.01651	0.01567	0.01091	0.00603	0.00529	0.00161	0.00540	0.00517	0.02529	0.00838
173	0.01118	0.03332	0.03051	0.01250	0.04455	0.00970	0.15712	0.17728	0.01394	0.01871	0.03293	0.34776	0.02115	0.01049	0.00607	0.00187	0.00515	0.05533	0.00428	0.00615
174	0.00839	0.00599	0.00839	0.00959	0.01079	0.00599	0.00839	0.01079	0.01199	0.01558	0.02757	0.05874	0.02997	0.01439	0.00719	0.00240	0.00480	0.74945	0.00480	0.00480
175	0.04246	0.02580	0.01415	0.02794	0.12967	0.02997	0.00940	0.16646	0.10519	0.30136	0.03732	0.01569	0.01192	0.00605	0.00507	0.00155	0.00500	0.00494	0.00495	0.05510
176	0.05836	0.04035	0.55998	0.13248	0.02325	0.01199	0.03064	0.01637	0.01100	0.05471	0.00975	0.01162	0.00693	0.00503	0.00489	0.00165	0.00719	0.00399	0.00249	0.00732
177	0.01049	0.01232	0.13215	0.54683	0.12361	0.01176	0.01499	0.02701	0.01089	0.01469	0.00952	0.01338	0.00722	0.00521	0.00534	0.00169	0.02109	0.00452	0.02090	0.00640
178	0.69849	0.00997	0.00921	0.14125	0.02683	0.01167	0.00729	0.01498	0.00917	0.02157	0.00763	0.00944	0.00590	0.00489	0.00359	0.00163	0.00455	0.00315	0.00306	0.00571
179	0.00746	0.00544	0.00646	0.00622	0.00775	0.00481	0.00471	0.00938	0.01333	0.04669	0.40331	0.06213	0.35809	0.01181	0.00616	0.00172	0.00269	0.03167	0.00533	0.00482
180	0.01297	0.01136	0.07392	0.02531	0.04320	0.00887	0.10103	0.01617	0.03390	0.13247	0.01142	0.01264	0.00865	0.00466	0.00485	0.00119	0.02399	0.00404	0.00348	0.46587
181	0.01076	0.01134	0.02289	0.07034	0.06674	0.01108	0.46664	0.01408	0.01143	0.01553	0.01443	0.19766	0.01392	0.00739	0.00659	0.00185	0.04004	0.00788	0.00310	0.00632
182	0.01801	0.01485	0.01455	0.01179	0.01548	0.10188	0.00949	0.49551	0.21505	0.02777	0.01423	0.01393	0.01042	0.00636	0.00518	0.00159	0.00573	0.00485	0.00495	0.00839
183	0.01210	0.01038	0.01089	0.00983	0.01263	0.01175	0.00764	0.04249	0.64256	0.02089	0.02572	0.02386	0.13063	0.00796	0.00543	0.00176	0.00394	0.00662	0.00523	0.00768
184	0.00737	0.00532	0.00696	0.00655	0.00778	0.00491	0.00491	0.00983	0.01474	0.02088	0.78175	0.03890	0.04914	0.01065	0.00614	0.00164	0.00246	0.00942	0.00573	0.00491
185	0.01311	0.01126	0.01186	0.01063	0.01360	0.01302	0.00828	0.04430	0.75821	0.02203	0.02100	0.01927	0.01574	0.00705	0.00530	0.00176	0.00416	0.00586	0.00530	0.00826
186	0.00750	0.00534	0.00717	0.00717	0.00768	0.00586	0.00501	0.00853	0.00801	0.01120	0.01505	0.02654	0.01566	0.38612	0.45289	0.00689	0.00998	0.00647	0.00295	0.00398
187	0.01945	0.02482	0.01476	0.01342	0.01610	0.79608	0.01006	0.02079	0.01476	0.01275	0.00805	0.00939	0.00671	0.00537	0.00470	0.00134	0.00939	0.00335	0.00268	0.00604
188	0.01980	0.01459	0.01563	0.01198	0.01615	0.01615	0.00990	0.76713	0.02448	0.03282	0.01250	0.01250	0.00886	0.00625	0.00521	0.00156	0.00573	0.00469	0.00521	0.00886
189	0.00634	0.00453	0.00604	0.00725	0.00755	0.00423	0.00483	0.00725	0.00997	0.01329	0.02870	0.81358	0.03444	0.01632	0.00665	0.00211	0.00302	0.01480	0.00483	0.00423
