[name]
unknown

[dist]
# distance from previous block
# <min> <max>
9	95

[block]
# block no. 0 follows, 48 sequences, length 11
# corresponding to MSA columns:
# 126-136
name=unknown_A
#
# <colnr> <probs for GDERKNQSTAVLIFYWHMCP>
#	G	D	E	R	K	N	Q	S	T	A	V	L	I	F	Y	W	H	M	C	P
0	0.05709	0.01263	0.02691	0.14595	0.17167	0.13637	0.09246	0.06832	0.01273	0.03420	0.07154	0.01594	0.02708	0.03384	0.00574	0.00164	0.00620	0.00499	0.04092	0.03379
1	0.25335	0.00983	0.01237	0.24059	0.08400	0.01087	0.00959	0.09666	0.01212	0.10018	0.05454	0.01373	0.00995	0.00621	0.02261	0.00172	0.00532	0.00434	0.00353	0.04848
2	0.00767	0.00583	0.00672	0.00693	0.00778	0.03058	0.00475	0.02484	0.01081	0.01462	0.15970	0.40130	0.05277	0.16283	0.00976	0.00240	0.00352	0.01075	0.02783	0.04857
3	0.01267	0.00931	0.01230	0.22104	0.05818	0.01016	0.00932	0.15288	0.10588	0.10261	0.10734	0.05202	0.06629	0.04956	0.00646	0.00183	0.00494	0.00629	0.00430	0.00661
4	0.00668	0.00497	0.00615	0.00637	0.00736	0.00451	0.00454	0.00827	0.01212	0.01628	0.34967	0.29197	0.20691	0.04182	0.00693	0.00191	0.00273	0.01127	0.00507	0.00445
5	0.00955	0.00725	0.00936	0.18079	0.01395	0.00804	0.00686	0.10756	0.02968	0.01413	0.01472	0.06712	0.01510	0.41321	0.07816	0.00385	0.00603	0.00665	0.00330	0.00469
6	0.02274	0.00919	0.01219	0.00935	0.01333	0.00822	0.00772	0.08543	0.01545	0.72971	0.01960	0.01705	0.01238	0.00634	0.00516	0.00158	0.00447	0.00512	0.00625	0.00873
7	0.01003	0.00988	0.01819	0.52457	0.03022	0.01109	0.20177	0.01357	0.01118	0.01475	0.09324	0.01638	0.01157	0.00551	0.00546	0.00170	0.00681	0.00544	0.00272	0.00591
8	0.01001	0.00758	0.00957	0.00896	0.01051	0.03869	0.00703	0.09332	0.04488	0.04737	0.01396	0.01873	0.01226	0.03094	0.61365	0.00668	0.01187	0.00532	0.00326	0.00542
9	0.01919	0.01300	0.01432	0.01119	0.01511	0.01412	0.00917	0.54984	0.12224	0.15559	0.01475	0.01407	0.01030	0.00630	0.00515	0.00157	0.00523	0.00486	0.00534	0.00865
10	0.01296	0.01351	0.04617	0.01755	0.02228	0.01284	0.48593	0.10994	0.12956	0.01915	0.01209	0.01415	0.00904	0.00493	0.00562	0.00164	0.00722	0.00556	0.00332	0.06654

[dist]
# distance from previous block
# <min> <max>
4	11

[block]
# block no. 1 follows, 48 sequences, length 56
# corresponding to MSA columns:
# 148-203
name=unknown_B
#
# <colnr> <probs for GDERKNQSTAVLIFYWHMCP>
#	G	D	E	R	K	N	Q	S	T	A	V	L	I	F	Y	W	H	M	C	P
0	0.01653	0.08154	0.01455	0.01047	0.01433	0.01368	0.00863	0.36247	0.21232	0.09051	0.01434	0.01394	0.01051	0.00594	0.00484	0.00146	0.00490	0.00462	0.00476	0.10967
1	0.01428	0.03619	0.01373	0.16182	0.01798	0.01325	0.00958	0.31442	0.24736	0.02321	0.01753	0.01768	0.07683	0.00674	0.00518	0.00164	0.00513	0.00544	0.00450	0.00753
2	0.02898	0.07866	0.01539	0.54386	0.02794	0.02527	0.01202	0.02642	0.01096	0.08044	0.00989	0.01301	0.00740	0.00504	0.00479	0.00154	0.00616	0.00424	0.00277	0.09523
3	0.00903	0.00624	0.00944	0.07673	0.01181	0.00604	0.07062	0.01051	0.01051	0.09540	0.06281	0.42919	0.03896	0.12727	0.00899	0.00235	0.00419	0.01065	0.00434	0.00490
4	0.01340	0.01492	0.12132	0.03500	0.02432	0.01260	0.53121	0.08122	0.01316	0.08396	0.01122	0.01365	0.00811	0.00474	0.00574	0.00169	0.00786	0.00555	0.00307	0.00729
5	0.01420	0.42687	0.19770	0.01088	0.01585	0.02914	0.01129	0.17444	0.04496	0.01766	0.00927	0.01014	0.00739	0.00499	0.00414	0.00134	0.00600	0.00351	0.00294	0.00731
6	0.05585	0.01155	0.01711	0.40586	0.02676	0.02372	0.12353	0.22348	0.02818	0.01956	0.01029	0.01309	0.00759	0.00531	0.00516	0.00165	0.00661	0.00471	0.00322	0.00676
7	0.00898	0.00628	0.00733	0.00707	0.00873	0.00592	0.00536	0.08949	0.01308	0.06759	0.13731	0.21736	0.31390	0.02863	0.00649	0.00188	0.00329	0.06121	0.00499	0.00512
8	0.19958	0.08354	0.32861	0.01375	0.08336	0.05951	0.06206	0.01689	0.01104	0.08316	0.00956	0.01089	0.00705	0.00490	0.00447	0.00155	0.00638	0.00378	0.00284	0.00706
9	0.03362	0.03453	0.20016	0.01848	0.23673	0.34436	0.01356	0.01805	0.02641	0.01501	0.00892	0.01075	0.00715	0.00499	0.00477	0.00146	0.00769	0.00380	0.00255	0.00700
10	0.00650	0.00457	0.00588	0.00683	0.00706	0.00433	0.00442	0.00721	0.00934	0.01245	0.02578	0.65498	0.03079	0.18172	0.01058	0.00268	0.00339	0.01312	0.00442	0.00395
11	0.01299	0.01335	0.01172	0.00915	0.01318	0.22552	0.00714	0.01501	0.01172	0.01557	0.00879	0.01026	0.00733	0.00421	0.00403	0.00092	0.00531	0.00311	0.00293	0.61777
12	0.01290	0.09932	0.08702	0.02664	0.59314	0.03659	0.02661	0.02861	0.01178	0.01636	0.00935	0.01198	0.00779	0.00462	0.00488	0.00148	0.00628	0.00430	0.00252	0.00785
13	0.00625	0.00447	0.00595	0.00714	0.00744	0.00417	0.00476	0.00714	0.00982	0.01310	0.02828	0.81633	0.03394	0.01608	0.00655	0.00208	0.00298	0.01459	0.00476	0.00417
14	0.00691	0.00498	0.00655	0.00669	0.00759	0.00461	0.00481	0.00881	0.01290	0.01799	0.52375	0.30689	0.04342	0.01242	0.00622	0.00178	0.00261	0.01111	0.00534	0.00461
15	0.08369	0.02143	0.57666	0.01268	0.01896	0.01082	0.01541	0.01651	0.01137	0.09892	0.07618	0.01366	0.01064	0.00550	0.00486	0.00162	0.00650	0.00432	0.00299	0.00730
16	0.01343	0.75504	0.09206	0.00928	0.01394	0.01959	0.00965	0.01544	0.01046	0.01243	0.00731	0.00845	0.00658	0.00443	0.00343	0.00114	0.00567	0.00283	0.00219	0.00667
17	0.00629	0.00512	0.00557	0.00564	0.00712	0.00440	0.00416	0.00773	0.01196	0.01492	0.17426	0.13628	0.57283	0.01292	0.00612	0.00175	0.00261	0.01100	0.00492	0.00440
18	0.01020	0.00577	0.00743	0.00690	0.00839	0.00525	0.00507	0.01187	0.01261	0.17230	0.34719	0.16494	0.08757	0.12073	0.00868	0.00215	0.00326	0.00921	0.00523	0.00524
19	0.01172	0.01311	0.05075	0.15770	0.15762	0.01260	0.47026	0.01565	0.01159	0.01583	0.00992	0.01346	0.00762	0.00462	0.00592	0.00170	0.02507	0.00544	0.00251	0.00691
20	0.01158	0.00986	0.01057	0.00978	0.01238	0.01115	0.00769	0.02340	0.61623	0.02001	0.02485	0.02644	0.09879	0.00836	0.00551	0.00181	0.00398	0.08514	0.00512	0.00736
21	0.01939	0.01306	0.01440	0.01121	0.01516	0.01415	0.00920	0.56500	0.10206	0.16064	0.01457	0.01392	0.01014	0.00628	0.00515	0.00157	0.00526	0.00484	0.00535	0.00866
22	0.00781	0.00540	0.00626	0.00611	0.00770	0.00470	0.00455	0.00936	0.01231	0.08139	0.21238	0.15980	0.43889	0.01232	0.00606	0.00175	0.00277	0.01056	0.00510	0.00480
23	0.01849	0.11835	0.01624	0.01222	0.01550	0.46127	0.00970	0.23921	0.03065	0.01844	0.00935	0.01020	0.00739	0.00546	0.00462	0.00137	0.00765	0.00367	0.00336	0.00688
24	0.01276	0.01102	0.01160	0.01044	0.01334	0.01276	0.00812	0.02727	0.77840	0.02146	0.02088	0.01914	0.01566	0.00696	0.00522	0.00174	0.00406	0.00580	0.00522	0.00812
25	0.85592	0.00992	0.00754	0.00675	0.00992	0.01151	0.00556	0.01508	0.00873	0.02302	0.00714	0.00834	0.00556	0.00476	0.00318	0.00159	0.00397	0.00278	0.00318	0.00556
26	0.01064	0.00912	0.01064	0.00760	0.01216	0.00684	0.00608	0.01292	0.01064	0.01672	0.00912	0.01064	0.00760	0.00380	0.00380	0.00076	0.00380	0.00304	0.00304	0.85104
27	0.00975	0.00924	0.01576	0.78803	0.03513	0.01144	0.03280	0.01319	0.01031	0.01319	0.00915	0.01368	0.00686	0.00511	0.00515	0.00171	0.00688	0.00460	0.00229	0.00573
28	0.85592	0.00992	0.00754	0.00675	0.00992	0.01151	0.00556	0.01508	0.00873	0.02302	0.00714	0.00834	0.00556	0.00476	0.00318	0.00159	0.00397	0.00278	0.00318	0.00556
29	0.04496	0.00809	0.01075	0.00849	0.01191	0.00711	0.00691	0.02139	0.01437	0.59666	0.16952	0.02110	0.01936	0.00705	0.00524	0.00157	0.00396	0.00584	0.00603	0.02968
30	0.00695	0.00505	0.00639	0.00693	0.00760	0.00483	0.00480	0.00871	0.04287	0.01488	0.19958	0.45981	0.06653	0.10727	0.00864	0.00229	0.00316	0.03451	0.00479	0.00439
31	0.00969	0.00912	0.01539	0.80734	0.03534	0.01140	0.01425	0.01311	0.01026	0.01311	0.00912	0.01368	0.00684	0.00513	0.00513	0.00171	0.00684	0.00456	0.00228	0.00570
32	0.00682	0.00474	0.00627	0.00730	0.00777	0.00446	0.00508	0.00786	0.01004	0.02684	0.02795	0.65919	0.05074	0.05918	0.00763	0.00225	0.00329	0.09364	0.00470	0.00425
33	0.02074	0.00823	0.01115	0.00872	0.01230	0.00714	0.00713	0.02276	0.01460	0.68064	0.11410	0.02069	0.03364	0.00700	0.00529	0.00159	0.00409	0.00578	0.00623	0.00816
34	0.01211	0.01384	0.03028	0.02163	0.02682	0.01298	0.76903	0.01644	0.01211	0.01644	0.01038	0.01384	0.00779	0.00433	0.00606	0.00173	0.00865	0.00606	0.00260	0.00692
35	0.76808	0.00980	0.00800	0.00700	0.01026	0.01109	0.00577	0.01613	0.00936	0.10403	0.00853	0.00930	0.00631	0.00493	0.00338	0.00159	0.00401	0.00303	0.00351	0.00589
36	0.00656	0.00517	0.00593	0.00591	0.00732	0.00454	0.00441	0.00825	0.01256	0.01625	0.31395	0.11081	0.43880	0.01238	0.00612	0.00173	0.00261	0.02709	0.00508	0.00451
37	0.01161	0.01735	0.24083	0.01969	0.02554	0.01268	0.56199	0.01638	0.01176	0.01638	0.01006	0.01301	0.00743	0.00448	0.00573	0.00170	0.00836	0.00543	0.00248	0.00710
38	0.02302	0.00873	0.01191	0.00913	0.01310	0.00754	0.00754	0.02501	0.01469	0.79122	0.02024	0.01746	0.01270	0.00635	0.00516	0.00159	0.00437	0.00516	0.00635	0.00873
39	0.00732	0.00513	0.00637	0.00615	0.00689	0.00488	0.00420	0.00881	0.01181	0.01649	0.48522	0.05125	0.03709	0.31105	0.01351	0.00287	0.00338	0.00870	0.00469	0.00419
40	0.00804	0.00538	0.00660	0.00643	0.00786	0.00478	0.00476	0.00978	0.01276	0.08260	0.34707	0.18962	0.27120	0.01199	0.00608	0.00174	0.00275	0.01043	0.00526	0.00488
41	0.56638	0.01059	0.00941	0.02211	0.01172	0.01217	0.00670	0.11963	0.14216	0.02365	0.01065	0.02718	0.00831	0.00556	0.00389	0.00162	0.00424	0.00381	0.00381	0.00640
42	0.00714	0.00524	0.00668	0.00632	0.00759	0.00479	0.00474	0.00944	0.01423	0.01987	0.70766	0.03949	0.12615	0.01075	0.00605	0.00163	0.00244	0.00944	0.00556	0.00479
43	0.83978	0.01001	0.00769	0.00685	0.01004	0.01160	0.00564	0.02966	0.00903	0.02320	0.00724	0.00841	0.00562	0.00479	0.00321	0.00159	0.00400	0.00281	0.00321	0.00562
44	0.44104	0.01084	0.01144	0.02980	0.01335	0.01179	0.04441	0.17955	0.02552	0.17077	0.01118	0.01151	0.00790	0.00539	0.00420	0.00159	0.00471	0.00388	0.00418	0.00695
45	0.01048	0.02520	0.71265	0.01536	0.02269	0.01203	0.09806	0.01627	0.01097	0.01627	0.00933	0.01115	0.00664	0.00482	0.00500	0.00164	0.00770	0.00403	0.00221	0.00751
46	0.00878	0.00455	0.00682	0.00682	0.00690	0.00462	0.00462	0.00690	0.00682	0.00917	0.00933	0.01599	0.00925	0.01959	0.08670	0.77867	0.00525	0.00455	0.00227	0.00243
47	0.00640	0.00454	0.00593	0.00697	0.00725	0.00427	0.00459	0.00723	0.00967	0.01292	0.04260	0.71774	0.03262	0.10070	0.00860	0.00238	0.00318	0.01373	0.00461	0.00407
48	0.01485	0.01184	0.01215	0.01040	0.01296	0.18942	0.06967	0.01822	0.11034	0.20602	0.09839	0.10533	0.03116	0.07717	0.00717	0.00191	0.00547	0.00663	0.00450	0.00641
49	0.01291	0.56115	0.14644	0.01188	0.01690	0.01775	0.14004	0.01568	0.01078	0.01347	0.00801	0.00959	0.00678	0.00445	0.00401	0.00129	0.00635	0.00347	0.00226	0.00680
50	0.00904	0.00694	0.01129	0.00956	0.01148	0.00641	0.15043	0.01122	0.01237	0.07304	0.31382	0.20794	0.08001	0.06354	0.00742	0.00197	0.00405	0.00954	0.00470	0.00522
51	0.01810	0.01260	0.01377	0.01084	0.01445	0.01374	0.00877	0.54421	0.10539	0.10925	0.01443	0.01544	0.01076	0.07584	0.00694	0.00186	0.00528	0.00505	0.00510	0.00818
52	0.01233	0.01218	0.02164	0.05967	0.49554	0.01222	0.18709	0.01665	0.07729	0.01690	0.01121	0.01472	0.00919	0.00499	0.00537	0.00162	0.00650	0.02440	0.00283	0.00766
53	0.17670	0.01287	0.01231	0.01031	0.01366	0.08043	0.00825	0.27719	0.25717	0.06406	0.01401	0.01377	0.01033	0.00628	0.00500	0.01589	0.00505	0.00455	0.00459	0.00759
54	0.10586	0.00998	0.02476	0.04994	0.01403	0.01984	0.00784	0.02208	0.19272	0.36365	0.01662	0.01558	0.01148	0.00589	0.00477	0.00152	0.00442	0.00470	0.00498	0.11932
55	0.01745	0.02093	0.08262	0.04084	0.01797	0.46521	0.07534	0.17329	0.02784	0.01741	0.00939	0.01071	0.00728	0.00537	0.00490	0.00145	0.00816	0.00393	0.00314	0.00677

[dist]
# distance from previous block
# <min> <max>
2	14

[block]
# block no. 2 follows, 48 sequences, length 139
# corresponding to MSA columns:
# 218-356
name=unknown_C
#
# <colnr> <probs for GDERKNQSTAVLIFYWHMCP>
#	G	D	E	R	K	N	Q	S	T	A	V	L	I	F	Y	W	H	M	C	P
0	0.73838	0.04904	0.00904	0.00726	0.01053	0.01221	0.00603	0.05526	0.04008	0.02293	0.00796	0.00897	0.00617	0.00491	0.00336	0.00157	0.00413	0.00299	0.00331	0.00587
1	0.00733	0.00539	0.00686	0.00743	0.00830	0.00502	0.00514	0.04774	0.01065	0.01443	0.02577	0.70371	0.03031	0.01448	0.00623	0.00194	0.00319	0.01305	0.00463	0.07839
2	0.00737	0.00544	0.00688	0.00737	0.00830	0.00505	0.00513	0.04784	0.01086	0.01472	0.05483	0.65990	0.04496	0.01421	0.00621	0.00192	0.00316	0.01278	0.00467	0.07842
3	0.09199	0.01365	0.01440	0.01112	0.01515	0.01500	0.00916	0.65189	0.03514	0.03052	0.01185	0.01200	0.00851	0.00593	0.00489	0.00151	0.00538	0.00440	0.00485	0.05268
4	0.01064	0.00912	0.01064	0.00760	0.01216	0.00684	0.00608	0.01292	0.01064	0.01672	0.00912	0.01064	0.00760	0.00380	0.00380	0.00076	0.00380	0.00304	0.00304	0.85104
5	0.00768	0.00551	0.00756	0.05030	0.04647	0.00538	0.00588	0.00923	0.02668	0.04457	0.07348	0.55051	0.06291	0.05461	0.02212	0.00223	0.00366	0.01200	0.00453	0.00471
6	0.00769	0.00617	0.01005	0.00936	0.01061	0.00687	0.07295	0.00969	0.00867	0.01237	0.01421	0.06142	0.01350	0.03432	0.68840	0.00735	0.01273	0.00602	0.00284	0.00476
7	0.00628	0.00448	0.00598	0.00713	0.00745	0.00418	0.00476	0.00721	0.00994	0.01328	0.04672	0.79737	0.03429	0.01594	0.00654	0.00207	0.00296	0.01446	0.00478	0.00418
8	0.00969	0.00912	0.01539	0.80734	0.03534	0.01140	0.01425	0.01311	0.01026	0.01311	0.00912	0.01368	0.00684	0.00513	0.00513	0.00171	0.00684	0.00456	0.00228	0.00570
9	0.01117	0.01063	0.01807	0.42489	0.40619	0.01179	0.01499	0.01441	0.01096	0.01491	0.00938	0.01320	0.00747	0.00485	0.00511	0.00162	0.00647	0.00457	0.00241	0.00690
10	0.00625	0.00447	0.00595	0.00714	0.00744	0.00417	0.00476	0.00714	0.00982	0.01310	0.02828	0.81633	0.03394	0.01608	0.00655	0.00208	0.00298	0.01459	0.00476	0.00417
11	0.00744	0.00496	0.00560	0.00563	0.00563	0.00496	0.00314	0.00746	0.00751	0.01001	0.01640	0.04841	0.01894	0.80444	0.02575	0.00492	0.00494	0.00760	0.00314	0.00313
12	0.01029	0.02654	0.79309	0.01462	0.02221	0.01192	0.01896	0.01625	0.01083	0.01625	0.00921	0.01083	0.00650	0.00487	0.00487	0.00162	0.00758	0.00379	0.00217	0.00758
13	0.01005	0.00938	0.01565	0.75307	0.07087	0.01154	0.01422	0.02961	0.01063	0.01370	0.00921	0.01360	0.00694	0.00513	0.00513	0.00170	0.00678	0.00456	0.00235	0.00588
14	0.00777	0.00555	0.00770	0.00888	0.00985	0.00548	0.00741	0.00977	0.01132	0.01480	0.02744	0.24467	0.03062	0.01464	0.00695	0.00229	0.00429	0.57124	0.00473	0.00459
15	0.85592	0.00992	0.00754	0.00675	0.00992	0.01151	0.00556	0.01508	0.00873	0.02302	0.00714	0.00834	0.00556	0.00476	0.00318	0.00159	0.00397	0.00278	0.00318	0.00556
16	0.02302	0.00873	0.01191	0.00913	0.01310	0.00754	0.00754	0.02501	0.01469	0.79122	0.02024	0.01746	0.01270	0.00635	0.00516	0.00159	0.00437	0.00516	0.00635	0.00873
17	0.01276	0.01102	0.01160	0.01044	0.01334	0.01276	0.00812	0.02727	0.77840	0.02146	0.02088	0.01914	0.01566	0.00696	0.00522	0.00174	0.00406	0.00580	0.00522	0.00812
18	0.00733	0.00550	0.00825	0.00825	0.00916	0.00641	0.00641	0.00916	0.00825	0.01191	0.01374	0.02016	0.01283	0.03848	0.79934	0.00825	0.01374	0.00550	0.00275	0.00458
19	0.00606	0.00520	0.00520	0.00520	0.00693	0.00433	0.00390	0.00736	0.01170	0.01386	0.05198	0.04938	0.78558	0.01299	0.00606	0.00173	0.00260	0.01083	0.00476	0.00433
20	0.01270	0.01219	0.02083	0.03149	0.78767	0.01219	0.01575	0.01575	0.01168	0.01676	0.00965	0.01270	0.00813	0.00457	0.00508	0.00152	0.00610	0.00457	0.00254	0.00813
21	0.00625	0.00447	0.00595	0.00714	0.00744	0.00417	0.00476	0.00714	0.00982	0.01310	0.02828	0.81633	0.03394	0.01608	0.00655	0.00208	0.00298	0.01459	0.00476	0.00417
22	0.85592	0.00992	0.00754	0.00675	0.00992	0.01151	0.00556	0.01508	0.00873	0.02302	0.00714	0.00834	0.00556	0.00476	0.00318	0.00159	0.00397	0.00278	0.00318	0.00556
23	0.01211	0.01384	0.03028	0.02163	0.02682	0.01298	0.76903	0.01644	0.01211	0.01644	0.01038	0.01384	0.00779	0.00433	0.00606	0.00173	0.00865	0.00606	0.00260	0.00692
24	0.00739	0.00494	0.00562	0.00569	0.00571	0.00493	0.00321	0.00744	0.00761	0.01014	0.01691	0.08135	0.01959	0.77063	0.02492	0.00480	0.00485	0.00790	0.00321	0.00317
25	0.00615	0.00520	0.00532	0.00529	0.00698	0.00437	0.00397	0.00753	0.01190	0.01435	0.10585	0.04857	0.73141	0.01281	0.00606	0.00172	0.00259	0.01072	0.00483	0.00437
26	0.02302	0.00873	0.01191	0.00913	0.01310	0.00754	0.00754	0.02501	0.01469	0.79122	0.02024	0.01746	0.01270	0.00635	0.00516	0.00159	0.00437	0.00516	0.00635	0.00873
27	0.01951	0.01437	0.01540	0.01181	0.01591	0.01591	0.00975	0.77056	0.02412	0.03234	0.01232	0.01232	0.00873	0.00616	0.00513	0.00154	0.00565	0.00462	0.00513	0.00873
28	0.02253	0.00922	0.01217	0.00936	0.01332	0.00830	0.00772	0.08263	0.03144	0.71646	0.01964	0.01710	0.01246	0.00635	0.00516	0.00159	0.00446	0.00513	0.00623	0.00872
29	0.01083	0.00923	0.01074	0.00769	0.01224	0.00704	0.00616	0.02930	0.01093	0.01706	0.00919	0.01068	0.00762	0.00385	0.00383	0.00078	0.00384	0.00307	0.00309	0.83283
30	0.01312	0.01120	0.01180	0.01051	0.01348	0.01293	0.00821	0.06630	0.73878	0.02204	0.02043	0.01879	0.01530	0.00692	0.00522	0.00173	0.00414	0.00574	0.00522	0.00815
31	0.00634	0.00451	0.00599	0.00713	0.00744	0.00423	0.00477	0.00723	0.00978	0.01303	0.02781	0.77204	0.03328	0.04595	0.00729	0.00220	0.00309	0.02907	0.00470	0.00414
32	0.00746	0.00497	0.00560	0.00560	0.00560	0.00497	0.00311	0.00746	0.00746	0.00995	0.01617	0.03358	0.01865	0.81967	0.02612	0.00497	0.00497	0.00746	0.00311	0.00311
33	0.01064	0.00912	0.01064	0.00760	0.01216	0.00684	0.00608	0.01292	0.01064	0.01672	0.00912	0.01064	0.00760	0.00380	0.00380	0.00076	0.00380	0.00304	0.00304	0.85104
34	0.01493	0.05305	0.05001	0.00949	0.01402	0.00873	0.05486	0.04644	0.01247	0.24938	0.01256	0.01283	0.00908	0.00477	0.00442	0.00116	0.00461	0.00394	0.00400	0.42924
35	0.01085	0.09035	0.71373	0.01403	0.02127	0.01249	0.01788	0.01638	0.01089	0.03333	0.00929	0.01077	0.00665	0.00487	0.00475	0.00158	0.00734	0.00374	0.00226	0.00753
36	0.00733	0.00550	0.00825	0.00825	0.00916	0.00641	0.00641	0.00916	0.00825	0.01191	0.01374	0.02016	0.01283	0.03848	0.79934	0.00825	0.01374	0.00550	0.00275	0.00458
37	0.00726	0.00524	0.00686	0.00646	0.00767	0.00484	0.00484	0.00968	0.01452	0.02058	0.78496	0.03833	0.04841	0.01049	0.00605	0.00161	0.00242	0.00928	0.00565	0.00484
38	0.01171	0.03332	0.34719	0.01940	0.15525	0.05360	0.25322	0.01622	0.01155	0.01606	0.00999	0.03064	0.00783	0.00492	0.00528	0.00163	0.00761	0.00484	0.00245	0.00729
39	0.01029	0.02654	0.79309	0.01462	0.02221	0.01192	0.01896	0.01625	0.01083	0.01625	0.00921	0.01083	0.00650	0.00487	0.00487	0.00162	0.00758	0.00379	0.00217	0.00758
40	0.00746	0.00497	0.00560	0.00560	0.00560	0.00497	0.00311	0.00746	0.00746	0.00995	0.01617	0.03358	0.01865	0.81967	0.02612	0.00497	0.00497	0.00746	0.00311	0.00311
41	0.01211	0.01384	0.03028	0.02163	0.02682	0.01298	0.76903	0.01644	0.01211	0.01644	0.01038	0.01384	0.00779	0.00433	0.00606	0.00173	0.00865	0.00606	0.00260	0.00692
42	0.01558	0.01665	0.01467	0.03382	0.15701	0.36041	0.01040	0.13845	0.01428	0.01642	0.01008	0.01254	0.00841	0.01154	0.15439	0.00271	0.00888	0.00419	0.00304	0.00653
43	0.00956	0.00478	0.00478	0.00478	0.00598	0.00478	0.00359	0.01196	0.01076	0.01913	0.01674	0.01913	0.01315	0.00598	0.00359	0.00120	0.00239	0.00478	0.84816	0.00478
44	0.00729	0.00490	0.00565	0.00581	0.00585	0.00486	0.00334	0.00742	0.00779	0.01039	0.01786	0.14307	0.02079	0.70727	0.02338	0.00457	0.00470	0.00846	0.00334	0.00326
45	0.01372	0.82276	0.02689	0.00878	0.01317	0.02030	0.00878	0.01536	0.01043	0.01207	0.00713	0.00823	0.00658	0.00439	0.00329	0.00110	0.00549	0.00274	0.00219	0.00658
46	0.01066	0.01033	0.01713	0.59007	0.19776	0.02989	0.04384	0.01398	0.01074	0.01402	0.00926	0.01337	0.00715	0.00498	0.00514	0.00166	0.00680	0.00459	0.00236	0.00628
47	0.02111	0.00916	0.01185	0.00937	0.01314	0.00852	0.00765	0.02543	0.15733	0.64745	0.02036	0.01778	0.01325	0.00646	0.00517	0.00162	0.00431	0.00528	0.00614	0.00862
48	0.01064	0.00912	0.01064	0.00760	0.01216	0.00684	0.00608	0.01292	0.01064	0.01672	0.00912	0.01064	0.00760	0.00380	0.00380	0.00076	0.00380	0.00304	0.00304	0.85104
49	0.01800	0.00882	0.01131	0.00854	0.01258	0.00735	0.00696	0.03618	0.01351	0.47581	0.05320	0.01605	0.01261	0.00568	0.00474	0.00131	0.00411	0.00463	0.00517	0.29342
50	0.00695	0.00523	0.00643	0.00613	0.00748	0.00471	0.00460	0.00908	0.01379	0.01884	0.59504	0.04119	0.23942	0.01114	0.00606	0.00164	0.00247	0.00968	0.00542	0.00471
51	0.01106	0.00937	0.01087	0.00780	0.01234	0.00727	0.00626	0.04912	0.01128	0.01747	0.00927	0.01072	0.00765	0.00391	0.00386	0.00080	0.00389	0.00312	0.00314	0.81079
52	0.00744	0.00506	0.00601	0.00601	0.00616	0.00520	0.00363	0.00773	0.00759	0.01026	0.01579	0.03147	0.01774	0.69671	0.14783	0.00549	0.00635	0.00715	0.00305	0.00334
53	0.03428	0.06379	0.40186	0.02899	0.01957	0.09902	0.07676	0.09253	0.01289	0.07346	0.02727	0.01201	0.00821	0.00529	0.00513	0.00157	0.02291	0.00418	0.00296	0.00731
54	0.01108	0.16959	0.46669	0.01368	0.01972	0.01308	0.11169	0.03182	0.01142	0.01607	0.06349	0.01288	0.00979	0.00580	0.02052	0.00167	0.00705	0.00432	0.00255	0.00709
55	0.00613	0.00520	0.00529	0.00526	0.00697	0.00436	0.00395	0.00749	0.01184	0.01421	0.09048	0.04880	0.74687	0.01286	0.00606	0.00173	0.00259	0.01075	0.00481	0.00436
56	0.01157	0.01646	0.23245	0.08768	0.21789	0.01236	0.31408	0.01594	0.01150	0.01619	0.00978	0.01273	0.00745	0.00460	0.00541	0.00165	0.00757	0.00495	0.00244	0.00730
57	0.01754	0.01074	0.01437	0.07702	0.12950	0.01099	0.02484	0.18599	0.10719	0.30750	0.04918	0.01637	0.01250	0.00616	0.00520	0.00160	0.00506	0.00518	0.00496	0.00812
58	0.00639	0.00546	0.00552	0.00546	0.00723	0.00472	0.00411	0.00830	0.04580	0.01434	0.06645	0.04780	0.73546	0.01267	0.00603	0.00173	0.00266	0.01057	0.00480	0.00451
59	0.00627	0.00459	0.00590	0.00688	0.00739	0.00421	0.00466	0.00727	0.01024	0.01349	0.06111	0.69232	0.12586	0.01548	0.00647	0.00202	0.00291	0.01392	0.00480	0.00421
60	0.01038	0.01041	0.01766	0.58514	0.03144	0.04176	0.15012	0.01373	0.01069	0.01367	0.01005	0.04697	0.00813	0.00553	0.00558	0.00173	0.02349	0.00520	0.00245	0.00586
61	0.01085	0.04027	0.59406	0.01706	0.09138	0.01228	0.13003	0.01621	0.01109	0.01623	0.00938	0.01139	0.00684	0.00476	0.00504	0.00162	0.00756	0.00418	0.00226	0.00751
62	0.01098	0.18671	0.63896	0.01345	0.02039	0.01360	0.01691	0.01607	0.01075	0.01541	0.00879	0.01031	0.00652	0.00478	0.00456	0.00152	0.00716	0.00358	0.00217	0.00738
63	0.00628	0.00448	0.00595	0.00711	0.00740	0.00419	0.00473	0.00715	0.00977	0.01303	0.02800	0.79849	0.03359	0.03439	0.00700	0.00215	0.00302	0.01442	0.00473	0.00414
64	0.62264	0.01070	0.01264	0.02888	0.04682	0.01171	0.14897	0.01556	0.00967	0.04009	0.00822	0.00990	0.00629	0.00472	0.00389	0.00161	0.00501	0.00357	0.00310	0.00600
65	0.04889	0.00950	0.01582	0.65255	0.10358	0.01137	0.03857	0.01347	0.01049	0.01420	0.02810	0.01395	0.00795	0.00517	0.00509	0.00169	0.00659	0.00464	0.00244	0.00594
66	0.01153	0.00965	0.01112	0.00802	0.01254	0.00775	0.00645	0.08891	0.01199	0.01829	0.00944	0.01081	0.00771	0.00404	0.00393	0.00084	0.00399	0.00320	0.00325	0.76655
67	0.00614	0.00488	0.00552	0.00603	0.00715	0.00426	0.00427	0.00727	0.01089	0.01353	0.04183	0.37782	0.46370	0.01431	0.00627	0.00188	0.00276	0.01244	0.00476	0.00426
68	0.01258	0.55791	0.28175	0.01072	0.01618	0.01751	0.01217	0.01566	0.01056	0.01346	0.00782	0.00910	0.00656	0.00455	0.00382	0.00127	0.00618	0.00309	0.00219	0.00692
69	0.03626	0.11445	0.04673	0.01118	0.01522	0.01563	0.00960	0.49474	0.15858	0.02700	0.01299	0.01290	0.00956	0.00600	0.00487	0.00153	0.00538	0.00453	0.00462	0.00823
70	0.00707	0.00524	0.00659	0.00625	0.00755	0.00476	0.00469	0.00931	0.01407	0.01950	0.66709	0.04011	0.16696	0.01089	0.00605	0.00163	0.00245	0.00953	0.00551	0.00476
71	0.00736	0.00539	0.00770	0.00770	0.00843	0.00612	0.00573	0.00881	0.00808	0.01151	0.01424	0.02292	0.01403	0.19926	0.64021	0.00757	0.01194	0.00590	0.00282	0.00428
72	0.01051	0.07753	0.74402	0.01425	0.02163	0.01245	0.01831	0.01619	0.01081	0.01598	0.00908	0.01067	0.00651	0.00484	0.00477	0.00159	0.00745	0.00372	0.00217	0.00752
73	0.00734	0.00546	0.00805	0.00805	0.00890	0.00631	0.00617	0.00904	0.00819	0.01176	0.01392	0.02116	0.01326	0.09676	0.74165	0.00800	0.01309	0.00564	0.00278	0.00447
74	0.00664	0.00522	0.00600	0.00581	0.00729	0.00458	0.00435	0.00848	0.01306	0.01711	0.40614	0.04404	0.42939	0.01178	0.00606	0.00168	0.00251	0.01008	0.00519	0.00458
75	0.01372	0.82276	0.02689	0.00878	0.01317	0.02030	0.00878	0.01536	0.01043	0.01207	0.00713	0.00823	0.00658	0.00439	0.00329	0.00110	0.00549	0.00274	0.00219	0.00658
76	0.01132	0.00963	0.01146	0.00828	0.01274	0.00777	0.02158	0.06774	0.01160	0.01777	0.00934	0.01083	0.00767	0.00407	0.00417	0.00086	0.01791	0.00324	0.00317	0.75884
77	0.01177	0.01020	0.04832	0.00991	0.01266	0.02660	0.03784	0.02049	0.40053	0.07420	0.23224	0.02500	0.02414	0.00793	0.00552	0.00170	0.00411	0.03472	0.00510	0.00701
78	0.01064	0.00912	0.01064	0.00760	0.01216	0.00684	0.00608	0.01292	0.01064	0.01672	0.00912	0.01064	0.00760	0.00380	0.00380	0.00076	0.00380	0.00304	0.00304	0.85104
79	0.00620	0.00493	0.00557	0.00599	0.00716	0.00430	0.00427	0.00741	0.01115	0.01394	0.08300	0.33526	0.46472	0.01401	0.00624	0.00186	0.00273	0.01215	0.00481	0.00430
80	0.02302	0.00873	0.01191	0.00913	0.01310	0.00754	0.00754	0.02501	0.01469	0.79122	0.02024	0.01746	0.01270	0.00635	0.00516	0.00159	0.00437	0.00516	0.00635	0.00873
81	0.01951	0.01437	0.01540	0.01181	0.01591	0.01591	0.00975	0.77056	0.02412	0.03234	0.01232	0.01232	0.00873	0.00616	0.00513	0.00154	0.00565	0.00462	0.00513	0.00873
82	0.02302	0.00873	0.01191	0.00913	0.01310	0.00754	0.00754	0.02501	0.01469	0.79122	0.02024	0.01746	0.01270	0.00635	0.00516	0.00159	0.00437	0.00516	0.00635	0.00873
83	0.01951	0.01437	0.01540	0.01181	0.01591	0.01591	0.00975	0.77056	0.02412	0.03234	0.01232	0.01232	0.00873	0.00616	0.00513	0.00154	0.00565	0.00462	0.00513	0.00873
84	0.00609	0.00520	0.00524	0.00523	0.00695	0.00434	0.00392	0.00742	0.01177	0.01403	0.07009	0.04911	0.76737	0.01293	0.00606	0.00173	0.00259	0.01079	0.00479	0.00434
85	0.02302	0.00873	0.01191	0.00913	0.01310	0.00754	0.00754	0.02501	0.01469	0.79122	0.02024	0.01746	0.01270	0.00635	0.00516	0.00159	0.00437	0.00516	0.00635	0.00873
86	0.01211	0.01384	0.03028	0.02163	0.02682	0.01298	0.76903	0.01644	0.01211	0.01644	0.01038	0.01384	0.00779	0.00433	0.00606	0.00173	0.00865	0.00606	0.00260	0.00692
87	0.00726	0.00524	0.00686	0.00646	0.00767	0.00484	0.00484	0.00968	0.01452	0.02058	0.78496	0.03833	0.04841	0.01049	0.00605	0.00161	0.00242	0.00928	0.00565	0.00484
88	0.01123	0.01123	0.01572	0.01347	0.01347	0.01572	0.01123	0.01235	0.00786	0.01235	0.00674	0.01123	0.00674	0.00898	0.01684	0.00225	0.81028	0.00449	0.00225	0.00561
89	0.63036	0.00967	0.00871	0.00741	0.01075	0.01059	0.00610	0.03521	0.01056	0.19835	0.02470	0.01107	0.00806	0.00526	0.00373	0.00159	0.00407	0.00349	0.00399	0.00634
90	0.02302	0.00873	0.01191	0.00913	0.01310	0.00754	0.00754	0.02501	0.01469	0.79122	0.02024	0.01746	0.01270	0.00635	0.00516	0.00159	0.00437	0.00516	0.00635	0.00873
91	0.00989	0.00932	0.01575	0.75604	0.08509	0.01145	0.01435	0.01328	0.01035	0.01335	0.00916	0.01362	0.00693	0.00509	0.00513	0.00170	0.00679	0.00456	0.00230	0.00586
92	0.00623	0.00457	0.00585	0.00687	0.00737	0.00419	0.00464	0.00718	0.01009	0.01321	0.03162	0.70820	0.13990	0.01564	0.00648	0.00203	0.00292	0.01406	0.00476	0.00419
93	0.01137	0.01084	0.01843	0.37370	0.45583	0.01184	0.01509	0.01458	0.01106	0.01515	0.00942	0.01313	0.00756	0.00482	0.00510	0.00161	0.00642	0.00457	0.00243	0.00706
94	0.60464	0.02933	0.04717	0.00837	0.01190	0.06398	0.00720	0.12368	0.01158	0.04038	0.00833	0.00929	0.00631	0.00503	0.00368	0.00155	0.00477	0.00318	0.00342	0.00623
95	0.01827	0.01376	0.01470	0.01156	0.01544	0.01533	0.00945	0.63407	0.16263	0.03034	0.01389	0.01357	0.01000	0.00631	0.00515	0.00158	0.00536	0.00484	0.00515	0.00862
96	0.13325	0.01257	0.02444	0.07280	0.08131	0.01245	0.51901	0.01567	0.01133	0.01703	0.01012	0.03150	0.00801	0.00483	0.00573	0.00171	0.02337	0.00554	0.00270	0.00664
97	0.01192	0.10386	0.42563	0.01869	0.22283	0.01291	0.06270	0.03418	0.01150	0.03530	0.00953	0.01144	0.00722	0.00478	0.00485	0.00155	0.00691	0.00408	0.00247	0.00764
98	0.01322	0.70660	0.13867	0.00963	0.01449	0.01908	0.01026	0.01549	0.01049	0.01268	0.00744	0.00861	0.00657	0.00446	0.00352	0.00117	0.00579	0.00290	0.00219	0.00673
99	0.00726	0.00524	0.00686	0.00646	0.00767	0.00484	0.00484	0.00968	0.01452	0.02058	0.78496	0.03833	0.04841	0.01049	0.00605	0.00161	0.00242	0.00928	0.00565	0.00484
100	0.00726	0.00524	0.00686	0.00646	0.00767	0.00484	0.00484	0.00968	0.01452	0.02058	0.78496	0.03833	0.04841	0.01049	0.00605	0.00161	0.00242	0.00928	0.00565	0.00484
101	0.00606	0.00520	0.00520	0.00520	0.00693	0.00433	0.00390	0.00736	0.01170	0.01386	0.05198	0.04938	0.78558	0.01299	0.00606	0.00173	0.00260	0.01083	0.00476	0.00433
102	0.01270	0.01219	0.02083	0.03149	0.78767	0.01219	0.01575	0.01575	0.01168	0.01676	0.00965	0.01270	0.00813	0.00457	0.00508	0.00152	0.00610	0.00457	0.00254	0.00813
103	0.00724	0.00524	0.00682	0.00643	0.00765	0.00483	0.00482	0.00963	0.01446	0.02043	0.76870	0.03857	0.06476	0.01055	0.00605	0.00162	0.00242	0.00931	0.00563	0.00483
104	0.00625	0.00447	0.00595	0.00714	0.00744	0.00417	0.00476	0.00714	0.00982	0.01310	0.02828	0.81633	0.03394	0.01608	0.00655	0.00208	0.00298	0.01459	0.00476	0.00417
105	0.01270	0.01219	0.02083	0.03149	0.78767	0.01219	0.01575	0.01575	0.01168	0.01676	0.00965	0.01270	0.00813	0.00457	0.00508	0.00152	0.00610	0.00457	0.00254	0.00813
106	0.01064	0.00912	0.01064	0.00760	0.01216	0.00684	0.00608	0.01292	0.01064	0.01672	0.00912	0.01064	0.00760	0.00380	0.00380	0.00076	0.00380	0.00304	0.00304	0.85104
107	0.81567	0.04876	0.00847	0.00684	0.01008	0.01193	0.00571	0.01510	0.00881	0.02250	0.00714	0.00833	0.00561	0.00475	0.00318	0.00156	0.00404	0.00278	0.00313	0.00561
108	0.00628	0.00522	0.00550	0.00547	0.00712	0.00444	0.00413	0.00777	0.01209	0.01484	0.15393	0.04803	0.66468	0.01267	0.00609	0.00173	0.00262	0.02807	0.00489	0.00441
109	0.01017	0.02517	0.73818	0.01449	0.03494	0.01155	0.01816	0.01590	0.01104	0.01649	0.04996	0.01231	0.00873	0.00516	0.00494	0.00162	0.00729	0.00409	0.00236	0.00745
110	0.01372	0.82276	0.02689	0.00878	0.01317	0.02030	0.00878	0.01536	0.01043	0.01207	0.00713	0.00823	0.00658	0.00439	0.00329	0.00110	0.00549	0.00274	0.00219	0.00658
111	0.00775	0.00633	0.00686	0.00666	0.00834	0.00616	0.00499	0.01170	0.16055	0.01603	0.14732	0.05899	0.41620	0.07879	0.00762	0.00202	0.00315	0.04064	0.00484	0.00505
112	0.00625	0.00447	0.00595	0.00714	0.00744	0.00417	0.00476	0.00714	0.00982	0.01310	0.02828	0.81633	0.03394	0.01608	0.00655	0.00208	0.00298	0.01459	0.00476	0.00417
113	0.00787	0.00595	0.00772	0.04887	0.00961	0.00588	0.00562	0.01140	0.08103	0.02026	0.67746	0.03536	0.04337	0.00990	0.00593	0.00163	0.00280	0.00873	0.00543	0.00517
114	0.02190	0.00848	0.01155	0.00894	0.01271	0.00735	0.00735	0.02392	0.01467	0.73654	0.07451	0.01894	0.01524	0.00664	0.00522	0.00159	0.00423	0.00545	0.00630	0.00846
115	0.01372	0.82276	0.02689	0.00878	0.01317	0.02030	0.00878	0.01536	0.01043	0.01207	0.00713	0.00823	0.00658	0.00439	0.00329	0.00110	0.00549	0.00274	0.00219	0.00658
116	0.00630	0.00450	0.00601	0.00720	0.00752	0.00421	0.00485	0.00723	0.00987	0.01315	0.02825	0.79848	0.03383	0.01603	0.00656	0.00209	0.00302	0.03196	0.00476	0.00418
117	0.01917	0.02445	0.01454	0.01322	0.01586	0.79907	0.00991	0.02049	0.01454	0.01256	0.00793	0.00925	0.00661	0.00529	0.00463	0.00132	0.00925	0.00330	0.00264	0.00595
118	0.00746	0.00497	0.00560	0.00560	0.00560	0.00497	0.00311	0.00746	0.00746	0.00995	0.01617	0.03358	0.01865	0.81967	0.02612	0.00497	0.00497	0.00746	0.00311	0.00311
119	0.00670	0.00515	0.00613	0.00603	0.00736	0.00458	0.00447	0.00855	0.01299	0.01728	0.43088	0.11427	0.33310	0.01198	0.00610	0.00170	0.00254	0.01037	0.00522	0.00458
120	0.00733	0.00550	0.00825	0.00825	0.00916	0.00641	0.00641	0.00916	0.00825	0.01191	0.01374	0.02016	0.01283	0.03848	0.79934	0.00825	0.01374	0.00550	0.00275	0.00458
121	0.00678	0.00521	0.00620	0.00599	0.00738	0.00463	0.00448	0.00874	0.01334	0.01784	0.48774	0.05845	0.33151	0.01157	0.00607	0.00167	0.00250	0.00998	0.00529	0.00463
122	0.00999	0.00626	0.00794	0.00714	0.00892	0.00591	0.00548	0.01336	0.08116	0.13300	0.57496	0.03408	0.07199	0.00968	0.00585	0.00163	0.00286	0.00844	0.00568	0.00567
123	0.02251	0.00894	0.01197	0.00921	0.01312	0.00790	0.00759	0.06192	0.01515	0.73677	0.03626	0.01766	0.01327	0.00643	0.00518	0.00159	0.00439	0.00522	0.00627	0.00865
124	0.00977	0.00917	0.01546	0.75445	0.07074	0.01129	0.01413	0.01312	0.01032	0.01328	0.00952	0.02950	0.00744	0.00532	0.00516	0.00171	0.00673	0.00476	0.00234	0.00579
125	0.00637	0.00518	0.00564	0.00559	0.00713	0.00445	0.00417	0.00793	0.01233	0.01550	0.23374	0.07742	0.57165	0.01249	0.00608	0.00172	0.00257	0.01059	0.00498	0.00445
126	0.00662	0.00470	0.00609	0.00704	0.00739	0.00446	0.00467	0.01984	0.00993	0.01327	0.04526	0.70189	0.03227	0.10010	0.00857	0.00237	0.00322	0.01354	0.00462	0.00415
127	0.01029	0.02654	0.79309	0.01462	0.02221	0.01192	0.01896	0.01625	0.01083	0.01625	0.00921	0.01083	0.00650	0.00487	0.00487	0.00162	0.00758	0.00379	0.00217	0.00758
128	0.00746	0.00497	0.00560	0.00560	0.00560	0.00497	0.00311	0.00746	0.00746	0.00995	0.01617	0.03358	0.01865	0.81967	0.02612	0.00497	0.00497	0.00746	0.00311	0.00311
129	0.00627	0.00450	0.00595	0.00708	0.00743	0.00418	0.00474	0.00720	0.00996	0.01326	0.04350	0.78259	0.05253	0.01589	0.00653	0.00207	0.00296	0.01439	0.00478	0.00418
130	0.01930	0.02061	0.01487	0.01268	0.01588	0.50015	0.00985	0.30678	0.01820	0.02011	0.00961	0.01042	0.00742	0.00562	0.00482	0.00141	0.00788	0.00381	0.00359	0.00701
131	0.01055	0.00905	0.01063	0.00771	0.01207	0.00695	0.00615	0.01277	0.01056	0.01655	0.00953	0.02981	0.00821	0.00420	0.00413	0.00082	0.01989	0.00334	0.00307	0.81402
132	0.01144	0.24946	0.50083	0.01368	0.02013	0.01438	0.09133	0.01602	0.01085	0.01509	0.00874	0.01040	0.00665	0.00468	0.00455	0.00149	0.00710	0.00372	0.00222	0.00724
133	0.00646	0.00467	0.00578	0.00656	0.00701	0.00435	0.00432	0.00724	0.00964	0.01260	0.02938	0.55469	0.13976	0.17030	0.01025	0.00259	0.00331	0.01267	0.00444	0.00399
134	0.03547	0.01407	0.05799	0.10166	0.01916	0.01450	0.07849	0.53216	0.02008	0.05774	0.01182	0.01265	0.00840	0.00579	0.00516	0.00158	0.00607	0.00468	0.00443	0.00810
135	0.00969	0.00912	0.01539	0.80734	0.03534	0.01140	0.01425	0.01311	0.01026	0.01311	0.00912	0.01368	0.00684	0.00513	0.00513	0.00171	0.00684	0.00456	0.00228	0.00570
136	0.01648	0.01019	0.01171	0.00997	0.01325	0.01087	0.00791	0.02645	0.50172	0.30033	0.02065	0.01854	0.01459	0.00674	0.00520	0.00169	0.00417	0.00557	0.00563	0.00834
137	0.01951	0.01437	0.01540	0.01181	0.01591	0.01591	0.00975	0.77056	0.02412	0.03234	0.01232	0.01232	0.00873	0.00616	0.00513	0.00154	0.00565	0.00462	0.00513	0.00873
138	0.00635	0.00454	0.00607	0.00726	0.00760	0.00425	0.00494	0.00732	0.00992	0.01321	0.02823	0.77910	0.03372	0.01598	0.00658	0.00210	0.00306	0.05083	0.00476	0.00419

[dist]
# distance from previous block
# <min> <max>
0	1

[block]
# block no. 3 follows, 48 sequences, length 178
# corresponding to MSA columns:
# 358-535
name=unknown_D
#
# <colnr> <probs for GDERKNQSTAVLIFYWHMCP>
#	G	D	E	R	K	N	Q	S	T	A	V	L	I	F	Y	W	H	M	C	P
0	0.00758	0.00532	0.00696	0.00651	0.00778	0.00490	0.00490	0.00999	0.01453	0.03626	0.76939	0.03790	0.04769	0.01041	0.00603	0.00161	0.00246	0.00920	0.00566	0.00492
1	0.42646	0.01072	0.01043	0.00853	0.01210	0.03691	0.00701	0.13852	0.01329	0.27220	0.01222	0.01195	0.00840	0.00551	0.00418	0.00157	0.00454	0.00386	0.00449	0.00710
2	0.00615	0.00520	0.00531	0.00528	0.00698	0.00437	0.00396	0.00752	0.01189	0.01432	0.10168	0.04863	0.73560	0.01283	0.00606	0.00172	0.00259	0.01072	0.00482	0.00437
3	0.00705	0.00521	0.00658	0.00630	0.00755	0.00474	0.00470	0.00924	0.01392	0.01930	0.64797	0.07196	0.15425	0.01108	0.00607	0.00165	0.00247	0.00972	0.00548	0.00474
4	0.14307	0.01277	0.06175	0.06265	0.55532	0.02685	0.03325	0.01565	0.01118	0.01744	0.00920	0.01193	0.00754	0.00465	0.00479	0.00155	0.00601	0.00426	0.00261	0.00751
5	0.01372	0.82276	0.02689	0.00878	0.01317	0.02030	0.00878	0.01536	0.01043	0.01207	0.00713	0.00823	0.00658	0.00439	0.00329	0.00110	0.00549	0.00274	0.00219	0.00658
6	0.00607	0.00516	0.00523	0.00529	0.00696	0.00432	0.00394	0.00735	0.01161	0.01382	0.05084	0.08624	0.74946	0.01314	0.00609	0.00175	0.00262	0.01101	0.00476	0.00432
7	0.01067	0.01012	0.01717	0.55350	0.28149	0.01166	0.01474	0.01397	0.01073	0.01431	0.00929	0.01336	0.00726	0.00495	0.00511	0.00165	0.00660	0.00456	0.00237	0.00649
8	0.01256	0.05890	0.56446	0.01370	0.02025	0.01174	0.05497	0.01806	0.04834	0.13205	0.01138	0.01226	0.00794	0.00514	0.00492	0.00161	0.00689	0.00416	0.00296	0.00770
9	0.01951	0.01437	0.01540	0.01181	0.01591	0.01591	0.00975	0.77056	0.02412	0.03234	0.01232	0.01232	0.00873	0.00616	0.00513	0.00154	0.00565	0.00462	0.00513	0.00873
10	0.00816	0.00587	0.00812	0.00925	0.01045	0.00583	0.00806	0.01047	0.01181	0.01528	0.02836	0.05747	0.06586	0.01412	0.00704	0.00233	0.00462	0.71746	0.00473	0.00471
11	0.00635	0.00453	0.00607	0.00726	0.00760	0.00425	0.00493	0.00731	0.00992	0.01321	0.02823	0.77988	0.03372	0.01598	0.00658	0.00210	0.00306	0.05008	0.00476	0.00419
12	0.01029	0.02654	0.79309	0.01462	0.02221	0.01192	0.01896	0.01625	0.01083	0.01625	0.00921	0.01083	0.00650	0.00487	0.00487	0.00162	0.00758	0.00379	0.00217	0.00758
13	0.01029	0.02654	0.79309	0.01462	0.02221	0.01192	0.01896	0.01625	0.01083	0.01625	0.00921	0.01083	0.00650	0.00487	0.00487	0.00162	0.00758	0.00379	0.00217	0.00758
14	0.00802	0.00541	0.00710	0.00658	0.00793	0.00497	0.00497	0.01042	0.01453	0.05761	0.74821	0.03733	0.04670	0.01029	0.00601	0.00161	0.00251	0.00908	0.00568	0.00503
15	0.01372	0.82276	0.02689	0.00878	0.01317	0.02030	0.00878	0.01536	0.01043	0.01207	0.00713	0.00823	0.00658	0.00439	0.00329	0.00110	0.00549	0.00274	0.00219	0.00658
16	0.00746	0.00497	0.00560	0.00560	0.00560	0.00497	0.00311	0.00746	0.00746	0.00995	0.01617	0.03358	0.01865	0.81967	0.02612	0.00497	0.00497	0.00746	0.00311	0.00311
17	0.01172	0.01204	0.01550	0.28856	0.13206	0.15372	0.07290	0.01492	0.04315	0.01404	0.01060	0.01431	0.00868	0.01140	0.15482	0.00284	0.00842	0.00469	0.01958	0.00606
18	0.01270	0.01219	0.02083	0.03149	0.78767	0.01219	0.01575	0.01575	0.01168	0.01676	0.00965	0.01270	0.00813	0.00457	0.00508	0.00152	0.00610	0.00457	0.00254	0.00813
19	0.01029	0.02654	0.79309	0.01462	0.02221	0.01192	0.01896	0.01625	0.01083	0.01625	0.00921	0.01083	0.00650	0.00487	0.00487	0.00162	0.00758	0.00379	0.00217	0.00758
20	0.02302	0.00873	0.01191	0.00913	0.01310	0.00754	0.00754	0.02501	0.01469	0.79122	0.02024	0.01746	0.01270	0.00635	0.00516	0.00159	0.00437	0.00516	0.00635	0.00873
21	0.01602	0.00883	0.01189	0.01067	0.05567	0.02672	0.04489	0.01972	0.10701	0.37457	0.14062	0.05664	0.03958	0.00793	0.00554	0.00168	0.00437	0.05496	0.00541	0.00730
22	0.01917	0.02445	0.01454	0.01322	0.01586	0.79907	0.00991	0.02049	0.01454	0.01256	0.00793	0.00925	0.00661	0.00529	0.00463	0.00132	0.00925	0.00330	0.00264	0.00595
23	0.00636	0.00522	0.00561	0.00556	0.00717	0.00447	0.00419	0.00792	0.01228	0.01529	0.20311	0.04729	0.61566	0.01250	0.00609	0.00172	0.00261	0.02755	0.00495	0.00445
24	0.01047	0.04289	0.73184	0.01491	0.02228	0.01216	0.06278	0.01624	0.01090	0.01617	0.00923	0.01095	0.00658	0.00483	0.00491	0.00162	0.00760	0.00390	0.00219	0.00752
25	0.02039	0.01200	0.01382	0.01070	0.01467	0.01252	0.00880	0.43746	0.07091	0.32014	0.01590	0.01473	0.01070	0.00629	0.00515	0.00157	0.00505	0.00490	0.00560	0.00869
26	0.00746	0.00497	0.00560	0.00560	0.00560	0.00497	0.00311	0.00746	0.00746	0.00995	0.01617	0.03358	0.01865	0.81967	0.02612	0.00497	0.00497	0.00746	0.00311	0.00311
27	0.01045	0.01018	0.01795	0.58805	0.11227	0.01175	0.12147	0.01433	0.03602	0.01424	0.00974	0.01378	0.00740	0.00502	0.00526	0.00169	0.00693	0.00481	0.00245	0.00621
28	0.10639	0.01120	0.01425	0.53179	0.04299	0.09376	0.01224	0.04286	0.06744	0.01555	0.00976	0.01295	0.00741	0.00527	0.00486	0.00165	0.00651	0.00432	0.00274	0.00605
29	0.00733	0.00550	0.00825	0.00825	0.00916	0.00641	0.00641	0.00916	0.00825	0.01191	0.01374	0.02016	0.01283	0.03848	0.79934	0.00825	0.01374	0.00550	0.00275	0.00458
30	0.00627	0.00457	0.00591	0.00692	0.00740	0.00421	0.00468	0.00727	0.01021	0.01349	0.06189	0.70512	0.11212	0.01553	0.00648	0.00203	0.00291	0.01398	0.00480	0.00421
31	0.01099	0.13716	0.67250	0.01371	0.02079	0.01301	0.01734	0.01628	0.01084	0.02940	0.00911	0.01059	0.00662	0.00483	0.00466	0.00155	0.00723	0.00367	0.00224	0.00746
