[name]
unknown

[dist]
# distance from previous block
# <min> <max>
4	120

[block]
# block no. 0 follows, 46 sequences, length 11
# corresponding to MSA columns:
# 164-174
name=unknown_A
#
# <colnr> <probs for GDERKNQSTAVLIFYWHMCP>
#	G	D	E	R	K	N	Q	S	T	A	V	L	I	F	Y	W	H	M	C	P
0	0.11127	0.06001	0.01301	0.03917	0.04620	0.01201	0.00836	0.22113	0.11696	0.07590	0.06893	0.07669	0.02791	0.02009	0.03144	0.00191	0.01973	0.00585	0.00450	0.03891
1	0.08553	0.03459	0.01104	0.11298	0.03356	0.00876	0.02591	0.03714	0.06815	0.07347	0.08567	0.04034	0.12965	0.02444	0.00817	0.12920	0.01777	0.00622	0.00388	0.06354
2	0.01330	0.00912	0.02781	0.02388	0.01218	0.00832	0.00705	0.12334	0.07715	0.17040	0.07667	0.08599	0.18789	0.00868	0.00546	0.00158	0.00404	0.00724	0.00498	0.14493
3	0.01500	0.01070	0.01313	0.11802	0.05079	0.01122	0.00929	0.21399	0.13591	0.11832	0.03470	0.01777	0.01252	0.00644	0.00514	0.00156	0.00498	0.04031	0.05365	0.12656
4	0.05538	0.00984	0.01310	0.26337	0.02036	0.01067	0.00988	0.13588	0.03871	0.22051	0.01428	0.03629	0.01073	0.04566	0.00651	0.00183	0.02733	0.00518	0.03169	0.04280
5	0.05178	0.00852	0.01112	0.00907	0.01241	0.00773	0.00727	0.06187	0.01446	0.56727	0.02149	0.16927	0.01678	0.00839	0.00551	0.00173	0.00428	0.00705	0.00604	0.00797
6	0.00765	0.00581	0.00860	0.07409	0.01115	0.00665	0.00678	0.00939	0.00877	0.01232	0.01562	0.10716	0.01562	0.10581	0.57164	0.00694	0.01153	0.00679	0.00305	0.00463
7	0.00730	0.00581	0.00716	0.00690	0.00812	0.00567	0.00521	0.00914	0.01291	0.01739	0.39547	0.12454	0.28363	0.01215	0.00722	0.00181	0.06934	0.01027	0.00513	0.00481
8	0.08743	0.01241	0.01337	0.01076	0.01456	0.01349	0.00873	0.35815	0.23237	0.13432	0.01575	0.01501	0.01126	0.00638	0.00509	0.00162	0.00495	0.00495	0.00523	0.04416
9	0.49590	0.00978	0.00943	0.00768	0.01142	0.00997	0.00630	0.01740	0.01078	0.19424	0.01082	0.01119	0.00781	0.00508	0.00386	0.00146	0.00415	0.00347	0.00398	0.17529
10	0.01306	0.01006	0.01165	0.00858	0.01309	0.00845	0.00690	0.09644	0.05405	0.07847	0.01130	0.01217	0.00881	0.00456	0.00425	0.00099	0.00418	0.00363	0.00375	0.64562

[dist]
# distance from previous block
# <min> <max>
12	40

[block]
# block no. 1 follows, 46 sequences, length 44
# corresponding to MSA columns:
# 218-261
name=unknown_B
#
# <colnr> <probs for GDERKNQSTAVLIFYWHMCP>
#	G	D	E	R	K	N	Q	S	T	A	V	L	I	F	Y	W	H	M	C	P
0	0.02594	0.02168	0.02542	0.04126	0.01257	0.00820	0.02962	0.10308	0.01481	0.20003	0.24202	0.05681	0.13032	0.00883	0.00589	0.00166	0.01873	0.00746	0.00519	0.04047
1	0.04753	0.01552	0.20478	0.08668	0.09569	0.01205	0.14950	0.13248	0.02637	0.05437	0.01190	0.04664	0.00951	0.02943	0.00593	0.00175	0.00662	0.00520	0.00332	0.05472
2	0.01469	0.01150	0.01277	0.03194	0.01449	0.03402	0.00807	0.28115	0.01638	0.05091	0.04076	0.01495	0.01090	0.00566	0.00475	0.00125	0.00486	0.03449	0.00416	0.40232
3	0.04686	0.00954	0.01282	0.04368	0.12989	0.00893	0.04255	0.05956	0.05024	0.10701	0.06623	0.02112	0.12515	0.02936	0.00570	0.00154	0.00459	0.00576	0.00407	0.22538
4	0.04676	0.19545	0.11399	0.03495	0.06328	0.10103	0.01069	0.14054	0.02491	0.07508	0.02994	0.03174	0.00966	0.00577	0.00500	0.00146	0.02951	0.00429	0.00346	0.07248
5	0.01390	0.00706	0.00921	0.00802	0.01046	0.00628	0.00619	0.01622	0.03767	0.31498	0.22536	0.19259	0.05875	0.00994	0.00582	0.00171	0.00354	0.00863	0.00569	0.05798
6	0.03130	0.00545	0.00574	0.00574	0.00738	0.00475	0.00428	0.00816	0.01225	0.01553	0.15806	0.10444	0.59270	0.01299	0.00620	0.00179	0.00272	0.01096	0.00500	0.00457
7	0.04179	0.01419	0.01458	0.06494	0.03116	0.08051	0.00990	0.41202	0.22822	0.02660	0.01431	0.01434	0.01054	0.00635	0.00521	0.00164	0.00572	0.00492	0.00479	0.00826
8	0.00925	0.00490	0.00720	0.02258	0.00772	0.00496	0.00493	0.02311	0.00755	0.01006	0.01058	0.06830	0.01083	0.01774	0.01912	0.75615	0.00457	0.00528	0.00253	0.00264
9	0.47749	0.01179	0.06058	0.04982	0.01394	0.01187	0.00812	0.13484	0.01279	0.15811	0.01081	0.01134	0.00766	0.00545	0.00417	0.00164	0.00483	0.00375	0.00405	0.00696
10	0.12641	0.00560	0.00645	0.00696	0.00786	0.00557	0.00484	0.00898	0.01055	0.01587	0.14489	0.47138	0.05559	0.09454	0.00820	0.00229	0.00332	0.01157	0.00465	0.00450
11	0.00689	0.00510	0.00633	0.00674	0.00765	0.00468	0.00480	0.00837	0.01186	0.01578	0.25004	0.33403	0.19613	0.06995	0.00793	0.00215	0.00305	0.04895	0.00505	0.00448
12	0.03990	0.00526	0.00698	0.00701	0.00741	0.00534	0.00476	0.03802	0.00849	0.01198	0.01357	0.15245	0.01437	0.07439	0.01672	0.53795	0.00430	0.00655	0.04132	0.00322
13	0.06769	0.01215	0.01495	0.03681	0.15672	0.01269	0.01021	0.30726	0.07954	0.13016	0.01367	0.01481	0.01017	0.00599	0.00508	0.00156	0.00531	0.02218	0.00455	0.08850
14	0.00644	0.00460	0.00613	0.00736	0.00767	0.00429	0.00491	0.00736	0.01012	0.01350	0.02914	0.81076	0.03497	0.01656	0.00675	0.00215	0.00307	0.01503	0.00491	0.00429
15	0.00674	0.00484	0.00639	0.00731	0.00785	0.00453	0.00509	0.00798	0.01097	0.01474	0.13967	0.61382	0.05894	0.03014	0.00706	0.00214	0.00312	0.05926	0.00501	0.00442
16	0.03771	0.02314	0.01134	0.00967	0.01217	0.01060	0.00768	0.31833	0.06334	0.04090	0.07136	0.16155	0.04709	0.01049	0.00702	0.07104	0.00461	0.08050	0.00488	0.00660
17	0.01263	0.01291	0.06069	0.28401	0.26436	0.07057	0.05826	0.03802	0.01201	0.03795	0.00998	0.01316	0.00783	0.00533	0.00554	0.02211	0.00674	0.00455	0.00274	0.07060
18	0.01176	0.01202	0.01685	0.01421	0.01476	0.04731	0.06624	0.01321	0.00872	0.01302	0.00763	0.01215	0.00733	0.01028	0.05530	0.00255	0.67368	0.00475	0.00238	0.00584
19	0.01270	0.01216	0.02076	0.12890	0.68782	0.01246	0.01603	0.01588	0.01185	0.01680	0.00988	0.01321	0.00821	0.00478	0.00524	0.00159	0.00638	0.00471	0.00258	0.00806
20	0.00874	0.00520	0.00697	0.00760	0.00842	0.00479	0.00532	0.00968	0.01066	0.10686	0.02764	0.63043	0.04936	0.01531	0.00733	0.04745	0.00337	0.03514	0.00496	0.00478
21	0.01027	0.00977	0.01672	0.72452	0.08672	0.01185	0.03852	0.01380	0.01073	0.01387	0.00947	0.01403	0.00717	0.00522	0.00531	0.00175	0.00705	0.00475	0.00238	0.00608
22	0.00654	0.00490	0.00609	0.00692	0.00769	0.00445	0.00485	0.00771	0.01095	0.01418	0.07253	0.54344	0.22644	0.01537	0.00662	0.00204	0.00302	0.04690	0.00495	0.00440
23	0.05650	0.00830	0.01045	0.00875	0.01170	0.00779	0.00693	0.09606	0.01470	0.41835	0.09010	0.17573	0.03398	0.00892	0.00556	0.00173	0.00407	0.00754	0.02546	0.00738
24	0.04281	0.00631	0.00797	0.00722	0.00915	0.00574	0.00553	0.01321	0.01385	0.19508	0.39811	0.12717	0.12579	0.01061	0.00598	0.00173	0.00311	0.00918	0.00567	0.00579
25	0.01770	0.01185	0.01291	0.01024	0.01369	0.01279	0.00838	0.51148	0.02066	0.09142	0.03266	0.01626	0.01172	0.00661	0.00502	0.00154	0.00491	0.02131	0.18089	0.00796
26	0.00959	0.00577	0.00750	0.00737	0.00873	0.00531	0.00544	0.01151	0.02485	0.12988	0.29675	0.29764	0.08085	0.04486	0.00714	0.00200	0.00322	0.04089	0.00541	0.00529
27	0.01310	0.00670	0.00881	0.00817	0.01004	0.00620	0.00621	0.03859	0.01284	0.27155	0.12207	0.26378	0.02667	0.09653	0.00835	0.00224	0.00395	0.08275	0.00540	0.00604
28	0.01917	0.01150	0.01324	0.01067	0.01444	0.01211	0.00864	0.24631	0.26646	0.31055	0.01864	0.01698	0.01287	0.00669	0.00533	0.00167	0.00479	0.00537	0.00579	0.00879
29	0.00644	0.00460	0.00613	0.00736	0.00767	0.00429	0.00491	0.00736	0.01012	0.01350	0.02914	0.81076	0.03497	0.01656	0.00675	0.00215	0.00307	0.01503	0.00491	0.00429
30	0.00768	0.00529	0.00663	0.00668	0.00775	0.00484	0.00477	0.00931	0.01250	0.04824	0.35487	0.25614	0.15546	0.08557	0.00822	0.00213	0.00300	0.01100	0.00521	0.00471
31	0.48354	0.00928	0.00892	0.00757	0.01081	0.00985	0.00618	0.03537	0.01158	0.23417	0.05088	0.01465	0.03085	0.00599	0.00414	0.00161	0.00402	0.00427	0.05974	0.00659
32	0.07149	0.00548	0.00543	0.00526	0.00676	0.00555	0.00401	0.01310	0.01110	0.05140	0.01668	0.01883	0.01296	0.00608	0.00373	0.00128	0.00267	0.00479	0.74824	0.00515
33	0.01449	0.01202	0.01271	0.01103	0.01426	0.01378	0.00869	0.17028	0.62731	0.02428	0.01981	0.01836	0.01476	0.00701	0.00536	0.00175	0.00450	0.00574	0.00536	0.00849
34	0.01547	0.01094	0.01207	0.01045	0.01367	0.01210	0.00824	0.06377	0.57275	0.17022	0.02086	0.01904	0.01514	0.00699	0.00533	0.00174	0.00429	0.00577	0.02270	0.00845
35	0.01037	0.00543	0.00548	0.00529	0.00668	0.00551	0.00402	0.05027	0.01178	0.02040	0.01702	0.01935	0.01332	0.00617	0.00378	0.00125	0.00263	0.00492	0.80121	0.00513
36	0.01325	0.01131	0.01191	0.01063	0.01364	0.01300	0.00829	0.06462	0.70603	0.02240	0.02224	0.02051	0.04370	0.00736	0.00541	0.00178	0.00421	0.00610	0.00536	0.00826
37	0.00644	0.00460	0.00613	0.00736	0.00767	0.00429	0.00491	0.00736	0.01012	0.01350	0.02914	0.81076	0.03497	0.01656	0.00675	0.00215	0.00307	0.01503	0.00491	0.00429
38	0.01925	0.01349	0.01478	0.01164	0.01560	0.01475	0.00958	0.57980	0.10288	0.10740	0.01509	0.01590	0.01105	0.00679	0.00538	0.00165	0.00547	0.03535	0.00541	0.00876
39	0.00873	0.00634	0.00893	0.00982	0.01113	0.00634	0.02156	0.02849	0.01244	0.01626	0.04562	0.09532	0.03023	0.01424	0.00718	0.00237	0.00481	0.66033	0.00486	0.00498
40	0.01096	0.00940	0.01096	0.00783	0.01253	0.00705	0.00626	0.01331	0.01096	0.01723	0.00940	0.01096	0.00783	0.00392	0.00392	0.00078	0.00392	0.00313	0.00313	0.84653
41	0.00648	0.00496	0.00587	0.00648	0.00740	0.00443	0.00450	0.00762	0.01108	0.01416	0.08462	0.43754	0.32526	0.04509	0.00728	0.00209	0.00296	0.01290	0.00490	0.00436
42	0.00740	0.00505	0.00606	0.00633	0.00648	0.00506	0.00385	0.00775	0.00829	0.01113	0.01923	0.20571	0.02224	0.57636	0.08267	0.00473	0.00538	0.00916	0.00355	0.00356
43	0.01990	0.01471	0.01575	0.01212	0.01632	0.01630	0.01000	0.74249	0.04630	0.03300	0.01295	0.01289	0.00920	0.00637	0.00529	0.00159	0.00577	0.00479	0.00529	0.00897

[dist]
# distance from previous block
# <min> <max>
0	22

[block]
# block no. 2 follows, 46 sequences, length 101
# corresponding to MSA columns:
# 284-384
name=unknown_C
#
# <colnr> <probs for GDERKNQSTAVLIFYWHMCP>
#	G	D	E	R	K	N	Q	S	T	A	V	L	I	F	Y	W	H	M	C	P
0	0.85155	0.01022	0.00777	0.00695	0.01022	0.01186	0.00573	0.01554	0.00900	0.02372	0.00736	0.00859	0.00573	0.00491	0.00327	0.00164	0.00409	0.00286	0.00327	0.00573
1	0.02966	0.01051	0.01720	0.59197	0.18417	0.02825	0.03534	0.01435	0.01097	0.01457	0.00947	0.01368	0.00731	0.00514	0.00525	0.00171	0.00693	0.00468	0.00244	0.00641
2	0.00768	0.00513	0.00579	0.00579	0.00581	0.00512	0.00324	0.00774	0.00785	0.01049	0.03366	0.03470	0.01990	0.79628	0.02645	0.00505	0.00507	0.00773	0.00326	0.00324
3	0.00768	0.00514	0.00586	0.00586	0.00590	0.00518	0.00333	0.00775	0.00772	0.01032	0.01657	0.03409	0.01900	0.78611	0.05471	0.00525	0.00545	0.00761	0.00319	0.00326
4	0.01066	0.02696	0.76435	0.01528	0.02302	0.01231	0.04161	0.01675	0.01120	0.01675	0.00952	0.01125	0.00674	0.00501	0.00506	0.00168	0.00785	0.00398	0.00225	0.00779
5	0.00850	0.00660	0.00787	0.00738	0.00902	0.00660	0.00558	0.01339	0.17007	0.02050	0.53120	0.05481	0.11702	0.01046	0.00607	0.00171	0.00287	0.00912	0.00561	0.00561
6	0.00644	0.00462	0.00611	0.00731	0.00765	0.00430	0.00488	0.00737	0.01017	0.01352	0.02981	0.78977	0.05552	0.01647	0.00673	0.00214	0.00306	0.01492	0.00491	0.00430
7	0.00688	0.00579	0.00591	0.00576	0.00762	0.00507	0.00435	0.02867	0.03511	0.01534	0.08384	0.04841	0.70313	0.01290	0.00620	0.00177	0.00280	0.01076	0.00497	0.00472
8	0.85155	0.01022	0.00777	0.00695	0.01022	0.01186	0.00573	0.01554	0.00900	0.02372	0.00736	0.00859	0.00573	0.00491	0.00327	0.00164	0.00409	0.00286	0.00327	0.00573
9	0.01481	0.00916	0.01268	0.21577	0.05232	0.00968	0.00960	0.02006	0.17252	0.26564	0.14187	0.02066	0.01799	0.00697	0.00547	0.00170	0.00484	0.00596	0.00492	0.00737
10	0.17795	0.00942	0.01389	0.57773	0.04902	0.01141	0.01238	0.01378	0.01054	0.01608	0.05259	0.01441	0.00925	0.00551	0.00494	0.00173	0.00618	0.00461	0.00274	0.00586
11	0.01405	0.01124	0.01294	0.01114	0.07665	0.03715	0.00814	0.13733	0.08363	0.07586	0.01188	0.01268	0.00917	0.00492	0.00451	0.00115	0.00468	0.00395	0.00388	0.47506
12	0.09623	0.13749	0.60046	0.01339	0.02028	0.01346	0.01665	0.01649	0.01088	0.01684	0.00897	0.01052	0.00661	0.00494	0.00461	0.00159	0.00713	0.00365	0.00234	0.00746
13	0.01260	0.01022	0.01174	0.00852	0.01314	0.00850	0.00687	0.12873	0.01317	0.03373	0.01011	0.01136	0.00810	0.00434	0.00415	0.00092	0.00422	0.00342	0.00353	0.70263
14	0.00648	0.00464	0.00610	0.00726	0.00759	0.00433	0.00483	0.00738	0.01007	0.01339	0.02920	0.76665	0.05001	0.04544	0.00747	0.00225	0.00313	0.01468	0.00485	0.00426
15	0.00972	0.00559	0.00766	0.00756	0.00804	0.00573	0.00530	0.05752	0.03794	0.01203	0.01292	0.10520	0.01322	0.01678	0.01695	0.62820	0.00450	0.03886	0.00301	0.00330
16	0.02918	0.03604	0.15895	0.24206	0.21031	0.07568	0.06880	0.05286	0.02616	0.01655	0.01085	0.01358	0.02532	0.00530	0.00519	0.00164	0.00703	0.00465	0.00272	0.00714
17	0.00656	0.00471	0.00624	0.00739	0.00781	0.00440	0.00505	0.00759	0.01039	0.01382	0.04897	0.73699	0.05519	0.01624	0.00675	0.00214	0.00312	0.04737	0.00493	0.00434
18	0.00649	0.00467	0.00617	0.00735	0.00774	0.00435	0.00497	0.00747	0.01025	0.01359	0.02999	0.76295	0.06184	0.01639	0.00674	0.00214	0.00310	0.03457	0.00491	0.00432
19	0.04196	0.01348	0.01446	0.01142	0.01526	0.01491	0.00929	0.55888	0.14573	0.06684	0.01453	0.01478	0.01064	0.03576	0.00603	0.00175	0.00541	0.00504	0.00523	0.00859
20	0.01277	0.01221	0.02069	0.07933	0.66143	0.01240	0.03779	0.01645	0.04374	0.01719	0.01084	0.01456	0.00913	0.00508	0.00532	0.00162	0.00629	0.02231	0.00277	0.00810
21	0.00698	0.00533	0.00642	0.00634	0.00768	0.00477	0.00472	0.00894	0.01346	0.01800	0.44437	0.11564	0.29783	0.01231	0.00631	0.00177	0.00266	0.02633	0.00540	0.00474
22	0.53465	0.00975	0.00949	0.00789	0.01148	0.01029	0.00651	0.01945	0.01135	0.31510	0.01253	0.01219	0.00854	0.00553	0.00405	0.00164	0.00425	0.00380	0.00452	0.00698
23	0.00835	0.00546	0.00705	0.00690	0.00814	0.00498	0.00504	0.01024	0.01331	0.07577	0.45183	0.23179	0.10223	0.03603	0.00691	0.00189	0.00288	0.01069	0.00549	0.00502
24	0.00684	0.00495	0.00641	0.00727	0.00785	0.00464	0.00498	0.02305	0.01113	0.01491	0.12488	0.66003	0.07243	0.01547	0.00663	0.00206	0.00303	0.01394	0.00503	0.00449
25	0.00755	0.00566	0.00850	0.00850	0.00944	0.00661	0.00661	0.00944	0.00850	0.01227	0.01416	0.02077	0.01322	0.03965	0.79326	0.00850	0.01416	0.00566	0.00283	0.00472
26	0.01688	0.01016	0.01184	0.00981	0.01307	0.01045	0.00788	0.20540	0.18359	0.26516	0.07677	0.06040	0.07118	0.00810	0.00557	0.00171	0.00442	0.02400	0.00569	0.00792
27	0.00666	0.00475	0.00635	0.00755	0.00793	0.00448	0.00521	0.00770	0.01026	0.01364	0.02877	0.72480	0.03421	0.03312	0.00722	0.00224	0.00328	0.08264	0.00487	0.00432
28	0.01060	0.02735	0.78682	0.01507	0.02288	0.01228	0.01953	0.01674	0.01116	0.01674	0.00949	0.01116	0.00670	0.00502	0.00502	0.00167	0.00781	0.00391	0.00223	0.00781
29	0.01096	0.00940	0.01096	0.00783	0.01253	0.00705	0.00626	0.01331	0.01096	0.01723	0.00940	0.01096	0.00783	0.00392	0.00392	0.00078	0.00392	0.00313	0.00313	0.84653
30	0.00719	0.00549	0.00585	0.00576	0.00753	0.00465	0.00432	0.00862	0.01228	0.05209	0.09931	0.09403	0.64826	0.01307	0.00623	0.00179	0.00278	0.01100	0.00505	0.00471
31	0.00755	0.00500	0.00579	0.00606	0.00621	0.00493	0.00361	0.00792	0.00844	0.01157	0.01943	0.20384	0.02231	0.58715	0.02099	0.00422	0.00450	0.00912	0.05781	0.00355
32	0.01315	0.01136	0.01195	0.01076	0.01375	0.01315	0.00837	0.02809	0.77168	0.02211	0.02152	0.01972	0.01614	0.00717	0.00538	0.00179	0.00418	0.00598	0.00538	0.00837
33	0.00679	0.00538	0.00611	0.00593	0.00748	0.00469	0.00445	0.00864	0.01334	0.01734	0.37375	0.04585	0.45698	0.01225	0.00624	0.00173	0.00260	0.01045	0.00531	0.00469
34	0.00776	0.00560	0.00627	0.00608	0.00784	0.00482	0.00461	0.00937	0.01272	0.06907	0.18715	0.08443	0.53323	0.01261	0.00623	0.00178	0.00284	0.02752	0.00519	0.00488
35	0.00767	0.00519	0.00611	0.00611	0.00623	0.00531	0.00363	0.00791	0.00779	0.01050	0.01634	0.03286	0.01847	0.71699	0.12310	0.00555	0.00626	0.00743	0.00316	0.00339
36	0.00738	0.00540	0.00693	0.00655	0.00784	0.00495	0.00491	0.00979	0.01473	0.02065	0.72046	0.04040	0.10821	0.01101	0.00624	0.00167	0.00251	0.00969	0.00575	0.00495
37	0.00899	0.00692	0.00783	0.00740	0.00931	0.00685	0.00565	0.01397	0.19360	0.04707	0.27126	0.07277	0.28763	0.01101	0.00605	0.00178	0.00312	0.02769	0.00537	0.00573
38	0.01975	0.02520	0.01498	0.01362	0.01634	0.79299	0.01021	0.02111	0.01498	0.01294	0.00817	0.00953	0.00681	0.00545	0.00477	0.00136	0.00953	0.00340	0.00272	0.00613
39	0.00814	0.00587	0.00805	0.00918	0.01034	0.00578	0.00782	0.01033	0.01193	0.01546	0.02979	0.14291	0.07982	0.01474	0.00717	0.00236	0.00452	0.61613	0.00488	0.00478
40	0.01671	0.01911	0.01348	0.01222	0.01497	0.46590	0.00928	0.02316	0.29526	0.01674	0.05049	0.01476	0.01235	0.00635	0.00506	0.00154	0.00721	0.00466	0.00386	0.00690
41	0.03094	0.01009	0.01115	0.01008	0.03280	0.03202	0.00771	0.12149	0.25256	0.10144	0.10637	0.02596	0.13926	0.02958	0.00672	0.00184	0.04309	0.02479	0.00505	0.00707
42	0.00690	0.00543	0.00627	0.00628	0.00780	0.00480	0.00483	0.00874	0.01301	0.01676	0.29514	0.06148	0.44236	0.01270	0.00636	0.00182	0.00285	0.08657	0.00521	0.00468
43	0.00918	0.00459	0.00689	0.00689	0.00689	0.00459	0.00459	0.00689	0.00689	0.00918	0.00918	0.01607	0.00918	0.01837	0.02066	0.84619	0.00459	0.00459	0.00230	0.00230
44	0.01060	0.02735	0.78682	0.01507	0.02288	0.01228	0.01953	0.01674	0.01116	0.01674	0.00949	0.01116	0.00670	0.00502	0.00502	0.00167	0.00781	0.00391	0.00223	0.00781
45	0.01446	0.01456	0.02050	0.02753	0.57010	0.12282	0.05276	0.06735	0.02687	0.01781	0.01012	0.01274	0.00832	0.00496	0.00523	0.00156	0.00680	0.00463	0.00286	0.00804
46	0.00738	0.00540	0.00692	0.00654	0.00783	0.00494	0.00491	0.00978	0.01472	0.02062	0.71816	0.04044	0.11052	0.01102	0.00624	0.00167	0.00251	0.00969	0.00574	0.00494
47	0.00847	0.00605	0.00847	0.00968	0.01088	0.00605	0.00844	0.01087	0.01213	0.01577	0.02802	0.07609	0.03052	0.01465	0.00729	0.00243	0.00483	0.72964	0.00487	0.00486
48	0.03634	0.01209	0.01418	0.01138	0.03458	0.01248	0.00910	0.38948	0.05641	0.34344	0.01633	0.01516	0.01096	0.00640	0.00527	0.00162	0.00517	0.00501	0.00571	0.00889
49	0.01413	0.01152	0.01351	0.13302	0.05474	0.03574	0.00982	0.18721	0.26728	0.05981	0.03910	0.01936	0.07797	0.00722	0.00599	0.00173	0.04393	0.00581	0.00456	0.00754
50	0.00646	0.00464	0.00614	0.00730	0.00766	0.00431	0.00489	0.00743	0.01028	0.01370	0.04831	0.77611	0.05043	0.01635	0.00672	0.00213	0.00304	0.01481	0.00493	0.00431
51	0.01006	0.00948	0.01600	0.78233	0.05498	0.01177	0.01472	0.01357	0.01061	0.01360	0.00941	0.01407	0.00708	0.00527	0.00528	0.00176	0.00703	0.00470	0.00236	0.00594
52	0.14413	0.01011	0.01211	0.00946	0.01338	0.00981	0.00780	0.15356	0.01594	0.52150	0.03688	0.01623	0.01223	0.00638	0.00503	0.00163	0.00462	0.00497	0.00582	0.00841
53	0.01206	0.01423	0.06535	0.05921	0.04765	0.01311	0.60928	0.01626	0.01207	0.01648	0.01154	0.01494	0.02916	0.00502	0.00668	0.00180	0.04941	0.00606	0.00268	0.00699
54	0.00664	0.00555	0.00581	0.00571	0.00746	0.00481	0.00429	0.00858	0.03638	0.01553	0.15774	0.04824	0.64926	0.01282	0.00622	0.00177	0.00270	0.01076	0.00506	0.00466
55	0.00769	0.00513	0.00577	0.00577	0.00577	0.00513	0.00320	0.00769	0.00769	0.01025	0.01666	0.03460	0.01922	0.81421	0.02691	0.00513	0.00513	0.00769	0.00320	0.00320
56	0.17574	0.01048	0.01631	0.47133	0.11081	0.01211	0.08286	0.03175	0.01093	0.01669	0.00925	0.01289	0.00707	0.00510	0.00497	0.00171	0.00653	0.00449	0.00266	0.00630
57	0.01064	0.00996	0.01663	0.70126	0.03443	0.01207	0.05717	0.04587	0.03259	0.01478	0.00995	0.01420	0.00744	0.00534	0.00534	0.00176	0.00702	0.00482	0.00258	0.00615
58	0.00698	0.00537	0.00642	0.00645	0.00783	0.00481	0.00489	0.00887	0.01314	0.01730	0.35949	0.11242	0.34021	0.01266	0.00637	0.00182	0.00282	0.07215	0.00530	0.00471
59	0.00646	0.00462	0.00615	0.00735	0.00767	0.00431	0.00491	0.00741	0.01022	0.01365	0.04407	0.79539	0.03526	0.01645	0.00674	0.00214	0.00306	0.01492	0.00493	0.00431
60	0.00633	0.00536	0.00547	0.00544	0.00719	0.00450	0.00408	0.00775	0.01225	0.01475	0.10316	0.05010	0.72919	0.01321	0.00625	0.00178	0.00267	0.01105	0.00497	0.00450
61	0.01240	0.01410	0.03055	0.04002	0.02756	0.01339	0.73033	0.01677	0.01235	0.01677	0.01059	0.01420	0.00798	0.00457	0.00643	0.00179	0.02428	0.00617	0.00266	0.00708
62	0.01308	0.01256	0.02146	0.03245	0.78123	0.01256	0.01622	0.01622	0.01204	0.01727	0.00994	0.01308	0.00837	0.00471	0.00523	0.00157	0.00628	0.00471	0.00262	0.00837
63	0.01017	0.00609	0.00800	0.00748	0.00922	0.00557	0.00591	0.01250	0.01434	0.14320	0.48457	0.04001	0.09623	0.01090	0.00625	0.00179	0.00320	0.12328	0.00572	0.00558
64	0.01039	0.05041	0.62845	0.01413	0.02087	0.01168	0.05045	0.01581	0.01160	0.01703	0.09383	0.02871	0.01199	0.00582	0.00519	0.00167	0.00712	0.00479	0.00269	0.00738
65	0.00769	0.00513	0.00577	0.00577	0.00577	0.00513	0.00320	0.00769	0.00769	0.01025	0.01666	0.03460	0.01922	0.81421	0.02691	0.00513	0.00513	0.00769	0.00320	0.00320
66	0.00768	0.00515	0.00589	0.00589	0.00593	0.00519	0.00336	0.00777	0.00772	0.01034	0.01655	0.03398	0.01895	0.77966	0.06109	0.00528	0.00553	0.00760	0.00319	0.00327
67	0.01413	0.81739	0.02770	0.00905	0.01357	0.02092	0.00905	0.01583	0.01074	0.01244	0.00735	0.00848	0.00678	0.00452	0.00339	0.00113	0.00565	0.00283	0.00226	0.00678
68	0.01101	0.01032	0.01723	0.61117	0.14305	0.01222	0.04176	0.04747	0.01144	0.01505	0.00962	0.01384	0.00736	0.00529	0.00554	0.00174	0.02219	0.00476	0.00253	0.00642
69	0.00846	0.00700	0.01024	0.00971	0.01045	0.00878	0.00773	0.01018	0.00841	0.01237	0.01253	0.01869	0.01180	0.03277	0.61762	0.00710	0.19308	0.00543	0.00271	0.00496
70	0.01308	0.01256	0.02146	0.03245	0.78123	0.01256	0.01622	0.01622	0.01204	0.01727	0.00994	0.01308	0.00837	0.00471	0.00523	0.00157	0.00628	0.00471	0.00262	0.00837
71	0.00748	0.00540	0.00707	0.00665	0.00790	0.00499	0.00499	0.00998	0.01496	0.02120	0.77844	0.03949	0.04988	0.01081	0.00624	0.00166	0.00249	0.00956	0.00582	0.00499
72	0.85155	0.01022	0.00777	0.00695	0.01022	0.01186	0.00573	0.01554	0.00900	0.02372	0.00736	0.00859	0.00573	0.00491	0.00327	0.00164	0.00409	0.00286	0.00327	0.00573
73	0.01060	0.02735	0.78682	0.01507	0.02288	0.01228	0.01953	0.01674	0.01116	0.01674	0.00949	0.01116	0.00670	0.00502	0.00502	0.00167	0.00781	0.00391	0.00223	0.00781
74	0.00644	0.00462	0.00611	0.00731	0.00765	0.00430	0.00488	0.00737	0.01017	0.01352	0.02978	0.79091	0.05440	0.01648	0.00673	0.00214	0.00306	0.01493	0.00491	0.00430
75	0.01425	0.01216	0.01256	0.01102	0.01417	0.03259	0.00864	0.12733	0.65230	0.02341	0.02000	0.01853	0.01494	0.00702	0.00535	0.00175	0.00453	0.00575	0.00530	0.00840
76	0.65267	0.00993	0.00885	0.00754	0.01101	0.01088	0.00622	0.01800	0.01047	0.20659	0.01060	0.01085	0.00749	0.00530	0.00376	0.00164	0.00419	0.00345	0.00406	0.00651
77	0.00643	0.00464	0.00610	0.00726	0.00764	0.00430	0.00486	0.00737	0.01022	0.01353	0.03032	0.77389	0.07107	0.01641	0.00672	0.00213	0.00305	0.01484	0.00491	0.00430
78	0.00644	0.00460	0.00613	0.00736	0.00767	0.00429	0.00491	0.00736	0.01012	0.01350	0.02914	0.81076	0.03497	0.01656	0.00675	0.00215	0.00307	0.01503	0.00491	0.00429
79	0.01380	0.01168	0.01232	0.01089	0.01399	0.01345	0.00852	0.09659	0.70213	0.02316	0.02070	0.01907	0.01547	0.00710	0.00537	0.00177	0.00434	0.00586	0.00537	0.00843
80	0.01905	0.01428	0.01611	0.01244	0.01659	0.01571	0.04630	0.63174	0.10517	0.04735	0.01373	0.01365	0.00981	0.00635	0.00535	0.00162	0.00576	0.00498	0.00520	0.00883
81	0.01402	0.79253	0.05159	0.00924	0.01386	0.02065	0.00938	0.01586	0.01075	0.01257	0.00742	0.00856	0.00678	0.00454	0.00344	0.00115	0.00572	0.00286	0.00226	0.00682
82	0.00651	0.00465	0.00621	0.00744	0.00777	0.00435	0.00502	0.00747	0.01019	0.01357	0.02910	0.78712	0.03482	0.01650	0.00677	0.00216	0.00312	0.03802	0.00491	0.00431
83	0.81927	0.04134	0.00854	0.00703	0.01035	0.01221	0.00585	0.01555	0.00906	0.02328	0.00736	0.00858	0.00577	0.00489	0.00328	0.00162	0.00415	0.00286	0.00323	0.00577
84	0.02052	0.01329	0.01482	0.01145	0.01558	0.01424	0.00943	0.55309	0.06599	0.20361	0.01506	0.01431	0.01034	0.00644	0.00530	0.00161	0.00542	0.00496	0.00558	0.00896
85	0.00670	0.00484	0.00635	0.00739	0.00792	0.00453	0.00516	0.00786	0.01065	0.01412	0.07148	0.63573	0.08175	0.03131	0.00713	0.00218	0.00322	0.08238	0.00492	0.00438
86	0.01365	0.01364	0.02090	0.03084	0.71585	0.07927	0.01571	0.01664	0.01229	0.01690	0.00979	0.01278	0.00824	0.00477	0.00519	0.00155	0.00656	0.00460	0.00263	0.00818
87	0.04901	0.36249	0.04826	0.01109	0.01509	0.24519	0.00979	0.15108	0.01456	0.03616	0.00896	0.00988	0.00730	0.00520	0.00424	0.00133	0.00681	0.00344	0.00308	0.00704
88	0.00717	0.00535	0.00630	0.00626	0.00766	0.00472	0.00462	0.00891	0.01296	0.03504	0.32968	0.16037	0.36644	0.01271	0.00630	0.00179	0.00271	0.01099	0.00530	0.00475
89	0.00745	0.00540	0.00702	0.00661	0.00788	0.00497	0.00496	0.00991	0.01488	0.02101	0.75815	0.03981	0.07029	0.01088	0.00624	0.00167	0.00250	0.00961	0.00579	0.00497
90	0.02003	0.01673	0.01570	0.01243	0.01638	0.15974	0.01008	0.62655	0.02303	0.02956	0.01186	0.01211	0.00859	0.00618	0.00519	0.00155	0.00650	0.00451	0.00482	0.00846
91	0.01174	0.28225	0.54189	0.01312	0.01988	0.01507	0.01615	0.01645	0.01103	0.01535	0.00880	0.01030	0.00673	0.00486	0.00450	0.00150	0.00712	0.00356	0.00224	0.00748
92	0.01975	0.02520	0.01498	0.01362	0.01634	0.79299	0.01021	0.02111	0.01498	0.01294	0.00817	0.00953	0.00681	0.00545	0.00477	0.00136	0.00953	0.00340	0.00272	0.00613
93	0.00729	0.00603	0.00648	0.00625	0.00804	0.00554	0.00472	0.01040	0.09614	0.01675	0.21906	0.04480	0.52528	0.01210	0.00615	0.00176	0.00280	0.01022	0.00517	0.00501
94	0.02018	0.01467	0.01578	0.01210	0.01632	0.01618	0.00999	0.74563	0.02462	0.05163	0.01289	0.01282	0.00909	0.00635	0.00529	0.00159	0.00579	0.00477	0.00532	0.00899
95	0.00998	0.00940	0.01586	0.80150	0.03641	0.01175	0.01468	0.01351	0.01057	0.01351	0.00940	0.01409	0.00705	0.00529	0.00529	0.00176	0.00705	0.00470	0.00235	0.00587
96	0.01413	0.81739	0.02770	0.00905	0.01357	0.02092	0.00905	0.01583	0.01074	0.01244	0.00735	0.00848	0.00678	0.00452	0.00339	0.00113	0.00565	0.00283	0.00226	0.00678
97	0.00998	0.00940	0.01586	0.80150	0.03641	0.01175	0.01468	0.01351	0.01057	0.01351	0.00940	0.01409	0.00705	0.00529	0.00529	0.00176	0.00705	0.00470	0.00235	0.00587
98	0.82865	0.01019	0.00789	0.00702	0.01031	0.01175	0.00578	0.01582	0.00917	0.04477	0.00773	0.00885	0.00593	0.00495	0.00333	0.00164	0.00410	0.00293	0.00336	0.00582
99	0.03069	0.00512	0.00592	0.00624	0.00641	0.00508	0.00374	0.00782	0.00839	0.01151	0.01982	0.24654	0.02316	0.57327	0.02073	0.00421	0.00453	0.00957	0.00367	0.00357
100	0.00992	0.00928	0.01558	0.77949	0.03556	0.01156	0.01436	0.01335	0.01049	0.01342	0.00960	0.01466	0.00738	0.02766	0.00588	0.00185	0.00699	0.00478	0.00237	0.00580

[dist]
# distance from previous block
# <min> <max>
0	1

[block]
# block no. 3 follows, 46 sequences, length 174
# corresponding to MSA columns:
# 386-389,397-475,484-574
name=unknown_D
#
# <colnr> <probs for GDERKNQSTAVLIFYWHMCP>
#	G	D	E	R	K	N	Q	S	T	A	V	L	I	F	Y	W	H	M	C	P
0	0.00684	0.00481	0.00598	0.00675	0.00702	0.00457	0.00431	0.00748	0.00942	0.01247	0.02619	0.52315	0.06385	0.27630	0.01329	0.00310	0.00372	0.01246	0.00435	0.00395
1	0.01921	0.01430	0.01535	0.01198	0.01603	0.01587	0.00986	0.68052	0.09191	0.03192	0.01383	0.01437	0.01011	0.00660	0.00534	0.00162	0.00565	0.02138	0.00529	0.00884
2	0.01065	0.02705	0.76998	0.01523	0.02299	0.01230	0.03608	0.01675	0.01119	0.01675	0.00951	0.01123	0.00673	0.00501	0.00505	0.00168	0.00784	0.00396	0.00224	0.00780
3	0.00724	0.00543	0.00673	0.00650	0.00787	0.00492	0.00494	0.00944	0.01410	0.01922	0.56149	0.04334	0.22704	0.01164	0.00629	0.00173	0.00266	0.04900	0.00555	0.00485
4	0.00837	0.00659	0.00753	0.00729	0.00888	0.00656	0.00552	0.01267	0.16122	0.01758	0.25902	0.04031	0.24596	0.10516	0.00860	0.00221	0.00342	0.08276	0.00507	0.00528
5	0.85155	0.01022	0.00777	0.00695	0.01022	0.01186	0.00573	0.01554	0.00900	0.02372	0.00736	0.00859	0.00573	0.00491	0.00327	0.00164	0.00409	0.00286	0.00327	0.00573
6	0.01315	0.01136	0.01195	0.01076	0.01375	0.01315	0.00837	0.02809	0.77168	0.02211	0.02152	0.01972	0.01614	0.00717	0.00538	0.00179	0.00418	0.00598	0.00538	0.00837
7	0.00661	0.00528	0.00597	0.00645	0.00769	0.00472	0.00466	0.00824	0.03359	0.01428	0.04236	0.33764	0.44545	0.01446	0.00645	0.00195	0.00296	0.04181	0.00492	0.00453
8	0.01072	0.00614	0.00633	0.00591	0.00744	0.00628	0.00447	0.10174	0.01257	0.02042	0.01865	0.03561	0.05102	0.05267	0.00539	0.00154	0.00304	0.00555	0.63924	0.00528
9	0.00629	0.00520	0.00552	0.00578	0.00725	0.00443	0.00420	0.00754	0.01164	0.01412	0.04840	0.21130	0.62199	0.01406	0.00635	0.00186	0.00276	0.01197	0.00491	0.00443
10	0.00644	0.00460	0.00613	0.00736	0.00767	0.00429	0.00491	0.00736	0.01012	0.01350	0.02914	0.81076	0.03497	0.01656	0.00675	0.00215	0.00307	0.01503	0.00491	0.00429
11	0.00769	0.00513	0.00577	0.00577	0.00577	0.00513	0.00320	0.00769	0.00769	0.01025	0.01666	0.03460	0.01922	0.81421	0.02691	0.00513	0.00513	0.00769	0.00320	0.00320
12	0.01688	0.01068	0.01199	0.01004	0.01337	0.02758	0.00800	0.12313	0.32810	0.26634	0.06794	0.02087	0.05623	0.00737	0.00543	0.00170	0.00443	0.00604	0.00568	0.00819
13	0.00644	0.00462	0.00612	0.00732	0.00766	0.00430	0.00489	0.00737	0.01016	0.01351	0.02966	0.79452	0.05087	0.01649	0.00674	0.00214	0.00306	0.01495	0.00491	0.00430
14	0.02078	0.01372	0.01519	0.01164	0.01585	0.01477	0.00962	0.62486	0.02303	0.17464	0.01423	0.01369	0.00976	0.00638	0.00529	0.00160	0.00557	0.00486	0.00552	0.00899
15	0.01150	0.00982	0.01104	0.00857	0.01265	0.00874	0.00679	0.03419	0.21277	0.01873	0.01506	0.01548	0.05166	0.00534	0.00446	0.00112	0.00396	0.00436	0.00387	0.55989
16	0.01217	0.01644	0.15718	0.02108	0.02684	0.01319	0.63823	0.01690	0.01226	0.01690	0.01049	0.01374	0.00780	0.00455	0.00604	0.00176	0.00873	0.00585	0.00260	0.00724
17	0.00644	0.00460	0.00613	0.00736	0.00767	0.00429	0.00491	0.00736	0.01012	0.01350	0.02914	0.81076	0.03497	0.01656	0.00675	0.00215	0.00307	0.01503	0.00491	0.00429
18	0.02372	0.00900	0.01227	0.00941	0.01350	0.00777	0.00777	0.02576	0.01513	0.78489	0.02086	0.01799	0.01309	0.00654	0.00532	0.00164	0.00450	0.00532	0.00654	0.00900
19	0.01096	0.00940	0.01096	0.00783	0.01253	0.00705	0.00626	0.01331	0.01096	0.01723	0.00940	0.01096	0.00783	0.00392	0.00392	0.00078	0.00392	0.00313	0.00313	0.84653
20	0.00674	0.00537	0.00604	0.00588	0.00745	0.00467	0.00441	0.00855	0.01322	0.01706	0.34517	0.04630	0.48574	0.01235	0.00624	0.00174	0.00260	0.01051	0.00528	0.00467
21	0.00644	0.00460	0.00613	0.00736	0.00767	0.00429	0.00491	0.00736	0.01012	0.01350	0.02914	0.81076	0.03497	0.01656	0.00675	0.00215	0.00307	0.01503	0.00491	0.00429
22	0.69820	0.01000	0.00860	0.00741	0.01083	0.01110	0.00610	0.01743	0.01013	0.16472	0.00986	0.01033	0.00709	0.00521	0.00365	0.00164	0.00417	0.00332	0.00388	0.00633
23	0.02918	0.00507	0.00649	0.00718	0.00793	0.00477	0.00508	0.00844	0.01154	0.01591	0.22304	0.51348	0.07751	0.01450	0.00652	0.00200	0.00301	0.04869	0.00510	0.00455
24	0.00644	0.00460	0.00613	0.00736	0.00767	0.00429	0.00491	0.00736	0.01012	0.01350	0.02914	0.81076	0.03497	0.01656	0.00675	0.00215	0.00307	0.01503	0.00491	0.00429
25	0.00816	0.00596	0.00802	0.00903	0.01033	0.00582	0.00778	0.01044	0.01221	0.01571	0.04779	0.05792	0.14085	0.01434	0.00712	0.00232	0.00450	0.62199	0.00489	0.00481
26	0.00664	0.00483	0.00626	0.00705	0.00767	0.00445	0.00485	0.00792	0.01127	0.01515	0.18554	0.59063	0.09794	0.01512	0.00660	0.00202	0.00292	0.01359	0.00510	0.00445
27	0.01827	0.01151	0.01310	0.01050	0.01407	0.01219	0.00848	0.33485	0.17218	0.22937	0.07410	0.01832	0.01495	0.03574	0.00616	0.00177	0.00486	0.00562	0.00561	0.00836
28	0.00734	0.00540	0.00686	0.00650	0.00781	0.00493	0.00487	0.00969	0.01462	0.02038	0.69236	0.04084	0.13647	0.01111	0.00624	0.00168	0.00252	0.00975	0.00571	0.00493
29	0.02010	0.01481	0.01587	0.01216	0.01639	0.01639	0.01005	0.76360	0.02486	0.03332	0.01269	0.01269	0.00899	0.00635	0.00529	0.00159	0.00582	0.00476	0.00529	0.00899
30	0.04803	0.00594	0.00694	0.00657	0.00826	0.00549	0.00501	0.01067	0.03100	0.05929	0.41300	0.05837	0.28292	0.01128	0.00607	0.00173	0.00284	0.02609	0.00539	0.00512
31	0.00847	0.00621	0.00749	0.00785	0.00878	0.00624	0.00547	0.09489	0.05204	0.01592	0.02655	0.57100	0.05812	0.09426	0.00850	0.00235	0.00363	0.01249	0.00481	0.00494
32	0.00782	0.00550	0.00703	0.00659	0.00798	0.00501	0.00496	0.01018	0.01465	0.04282	0.67656	0.04011	0.12895	0.01097	0.00621	0.00168	0.00257	0.00961	0.00574	0.00505
33	0.04283	0.00933	0.01235	0.00949	0.01357	0.00832	0.00784	0.06467	0.01550	0.72727	0.02011	0.01749	0.01270	0.00649	0.00527	0.00163	0.00456	0.00523	0.00640	0.00892
34	0.00701	0.00533	0.00648	0.00658	0.00780	0.00484	0.00484	0.00902	0.02498	0.01737	0.37091	0.21098	0.25862	0.01286	0.00637	0.00183	0.00276	0.03137	0.00532	0.00473
35	0.00760	0.00549	0.00761	0.00761	0.00825	0.00613	0.00550	0.00887	0.00823	0.01162	0.01497	0.02526	0.01517	0.29125	0.54432	0.00740	0.01123	0.00632	0.00295	0.00423
36	0.01308	0.01256	0.02146	0.03245	0.78123	0.01256	0.01622	0.01622	0.01204	0.01727	0.00994	0.01308	0.00837	0.00471	0.00523	0.00157	0.00628	0.00471	0.00262	0.00837
37	0.00998	0.00940	0.01586	0.80150	0.03641	0.01175	0.01468	0.01351	0.01057	0.01351	0.00940	0.01409	0.00705	0.00529	0.00529	0.00176	0.00705	0.00470	0.00235	0.00587
38	0.01911	0.01483	0.01527	0.01204	0.01602	0.05378	0.00982	0.62445	0.12893	0.03076	0.01371	0.01352	0.00988	0.00642	0.00528	0.00160	0.00577	0.00486	0.00518	0.00876
39	0.01366	0.01124	0.01197	0.01069	0.01373	0.01289	0.00834	0.02798	0.73482	0.05928	0.02148	0.01964	0.01599	0.00714	0.00538	0.00179	0.00420	0.00594	0.00544	0.00840
40	0.00762	0.00548	0.00699	0.00685	0.00818	0.00503	0.00524	0.00983	0.01394	0.03271	0.53042	0.08684	0.16145	0.01186	0.00636	0.00179	0.00284	0.08610	0.00554	0.00492
41	0.01248	0.01212	0.01188	0.00937	0.03089	0.13893	0.00716	0.01469	0.01166	0.01651	0.00920	0.01077	0.00767	0.00419	0.00409	0.00090	0.00491	0.00321	0.00305	0.68632
42	0.00809	0.00620	0.00751	0.00708	0.00861	0.00603	0.00533	0.01212	0.11896	0.02028	0.56559	0.05932	0.13311	0.01078	0.00613	0.00171	0.00277	0.00941	0.00562	0.00537
43	0.00768	0.00517	0.00601	0.00601	0.00609	0.00526	0.00350	0.00784	0.00776	0.01043	0.01644	0.03337	0.01869	0.74584	0.09456	0.00542	0.00592	0.00751	0.00317	0.00334
44	0.01281	0.01244	0.02163	0.04653	0.69449	0.01240	0.06810	0.01601	0.01204	0.01710	0.01106	0.01412	0.02726	0.00492	0.00533	0.00159	0.00639	0.00498	0.00267	0.00814
45	0.02266	0.01070	0.01332	0.01021	0.01434	0.01029	0.00844	0.24158	0.01798	0.56506	0.01847	0.01644	0.01189	0.00649	0.00531	0.00162	0.00488	0.00515	0.00618	0.00899
46	0.01070	0.01029	0.01453	0.01271	0.01292	0.01412	0.01049	0.01201	0.00818	0.01263	0.00850	0.01356	0.00830	0.01583	0.18522	0.00365	0.63353	0.00485	0.00243	0.00555
47	0.85155	0.01022	0.00777	0.00695	0.01022	0.01186	0.00573	0.01554	0.00900	0.02372	0.00736	0.00859	0.00573	0.00491	0.00327	0.00164	0.00409	0.00286	0.00327	0.00573
48	0.00912	0.00618	0.00810	0.00894	0.03586	0.00591	0.00657	0.04641	0.01207	0.07269	0.03014	0.38632	0.13274	0.01397	0.00659	0.00209	0.00383	0.20232	0.00496	0.00518
49	0.01569	0.00770	0.01012	0.00844	0.01100	0.00725	0.00668	0.03313	0.03178	0.38063	0.27308	0.04337	0.04776	0.05136	0.00741	0.00188	0.04279	0.00720	0.00579	0.00695
50	0.01278	0.01412	0.03069	0.02194	0.02725	0.01322	0.74206	0.01717	0.01255	0.03727	0.01096	0.01436	0.00816	0.00451	0.00621	0.00178	0.00880	0.00621	0.00278	0.00718
51	0.02361	0.00916	0.01237	0.00949	0.01358	0.00802	0.00784	0.04709	0.01541	0.76317	0.02062	0.01784	0.01297	0.00654	0.00532	0.00163	0.00454	0.00530	0.00651	0.00900
52	0.01596	0.01348	0.05317	0.15691	0.02003	0.01430	0.03998	0.43749	0.08576	0.02562	0.01294	0.02968	0.00985	0.02071	0.02279	0.00188	0.02207	0.00514	0.00435	0.00789
53	0.00681	0.00554	0.00614	0.00644	0.00808	0.00486	0.00513	0.00842	0.01208	0.01466	0.04724	0.05304	0.59430	0.01369	0.00651	0.00195	0.00322	0.19245	0.00490	0.00456
54	0.02044	0.01258	0.01424	0.01098	0.01504	0.01320	0.00905	0.50437	0.02129	0.25552	0.01728	0.01629	0.05106	0.00678	0.00535	0.00161	0.00526	0.00526	0.00564	0.00875
55	0.01413	0.81739	0.02770	0.00905	0.01357	0.02092	0.00905	0.01583	0.01074	0.01244	0.00735	0.00848	0.00678	0.00452	0.00339	0.00113	0.00565	0.00283	0.00226	0.00678
56	0.01114	0.00623	0.00637	0.00590	0.00753	0.00646	0.00455	0.10262	0.02718	0.02139	0.01678	0.01887	0.01305	0.00620	0.00392	0.00128	0.00290	0.00493	0.72722	0.00548
57	0.01394	0.00684	0.00907	0.00770	0.01011	0.00608	0.00606	0.01620	0.01490	0.32715	0.44159	0.03139	0.06836	0.00922	0.00587	0.00166	0.00331	0.00793	0.00607	0.00657
58	0.01653	0.01269	0.01315	0.01111	0.01453	0.05471	0.00882	0.21518	0.45112	0.11501	0.01848	0.01718	0.01346	0.00680	0.00532	0.00170	0.00492	0.00545	0.00535	0.00848
59	0.01060	0.02735	0.78682	0.01507	0.02288	0.01228	0.01953	0.01674	0.01116	0.01674	0.00949	0.01116	0.00670	0.00502	0.00502	0.00167	0.00781	0.00391	0.00223	0.00781
60	0.01398	0.01177	0.01242	0.01093	0.01406	0.01354	0.00857	0.11621	0.68221	0.02346	0.02046	0.01888	0.01528	0.00707	0.00537	0.00177	0.00438	0.00583	0.00537	0.00844
61	0.00762	0.00512	0.00576	0.00579	0.00585	0.00509	0.00327	0.00768	0.00787	0.01044	0.01801	0.05316	0.04155	0.77247	0.02584	0.00496	0.00501	0.00796	0.00329	0.00327
62	0.02019	0.01465	0.01577	0.01209	0.01632	0.01617	0.00999	0.74407	0.02460	0.05322	0.01291	0.01283	0.00910	0.00635	0.00529	0.00159	0.00578	0.00477	0.00532	0.00899
63	0.02320	0.00911	0.01225	0.00947	0.01351	0.00803	0.00780	0.02588	0.05200	0.74772	0.02089	0.01808	0.01324	0.00657	0.00532	0.00164	0.00448	0.00535	0.00649	0.00897
64	0.00625	0.00536	0.00536	0.00536	0.00714	0.00446	0.00402	0.00759	0.01205	0.01428	0.05355	0.05088	0.77909	0.01339	0.00625	0.00179	0.00268	0.01116	0.00491	0.00446
65	0.00998	0.00940	0.01586	0.80150	0.03641	0.01175	0.01468	0.01351	0.01057	0.01351	0.00940	0.01409	0.00705	0.00529	0.00529	0.00176	0.00705	0.00470	0.00235	0.00587
66	0.01315	0.01136	0.01195	0.01076	0.01375	0.01315	0.00837	0.02809	0.77168	0.02211	0.02152	0.01972	0.01614	0.00717	0.00538	0.00179	0.00418	0.00598	0.00538	0.00837
67	0.00748	0.00540	0.00707	0.00665	0.00790	0.00499	0.00499	0.00998	0.01496	0.02120	0.77844	0.03949	0.04988	0.01081	0.00624	0.00166	0.00249	0.00956	0.00582	0.00499
68	0.01013	0.00955	0.01613	0.76403	0.07270	0.01179	0.01476	0.01364	0.01064	0.01369	0.00942	0.01405	0.00711	0.00526	0.00528	0.00175	0.00701	0.00470	0.00236	0.00599
69	0.01994	0.01473	0.01578	0.01213	0.01633	0.01632	0.01001	0.74703	0.04168	0.03307	0.01289	0.01285	0.00915	0.00636	0.00529	0.00159	0.00578	0.00479	0.00529	0.00898
70	0.00769	0.00513	0.00577	0.00577	0.00577	0.00513	0.00320	0.00769	0.00769	0.01025	0.01666	0.03460	0.01922	0.81421	0.02691	0.00513	0.00513	0.00769	0.00320	0.00320
71	0.52047	0.01126	0.01041	0.00860	0.01218	0.01256	0.00709	0.22323	0.01405	0.10390	0.01041	0.01090	0.00754	0.00550	0.00405	0.00161	0.00458	0.00368	0.02105	0.00695
72	0.85155	0.01022	0.00777	0.00695	0.01022	0.01186	0.00573	0.01554	0.00900	0.02372	0.00736	0.00859	0.00573	0.00491	0.00327	0.00164	0.00409	0.00286	0.00327	0.00573
73	0.01060	0.02735	0.78682	0.01507	0.02288	0.01228	0.01953	0.01674	0.01116	0.01674	0.00949	0.01116	0.00670	0.00502	0.00502	0.00167	0.00781	0.00391	0.00223	0.00781
74	0.01270	0.01217	0.02076	0.12804	0.68865	0.01246	0.01603	0.01589	0.01186	0.01680	0.00988	0.01321	0.00821	0.00478	0.00524	0.00159	0.00638	0.00471	0.00258	0.00806
75	0.01021	0.00967	0.01605	0.71137	0.05581	0.01215	0.01446	0.01352	0.01040	0.01355	0.00920	0.01385	0.00708	0.00561	0.00633	0.00180	0.07598	0.00469	0.00235	0.00594
76	0.01248	0.01426	0.03119	0.02228	0.02763	0.01337	0.76203	0.01693	0.01248	0.01693	0.01070	0.01426	0.00802	0.00446	0.00624	0.00178	0.00891	0.00624	0.00267	0.00713
77	0.00832	0.00618	0.00806	0.00892	0.01027	0.00612	0.00755	0.01114	0.05228	0.01570	0.03152	0.07702	0.15013	0.03372	0.00750	0.00235	0.00443	0.54901	0.00486	0.00493
78	0.06103	0.01205	0.01304	0.01056	0.01374	0.01320	0.00845	0.53132	0.02005	0.02750	0.02928	0.08360	0.01313	0.07144	0.00782	0.04309	0.00529	0.02312	0.00484	0.00746
79	0.00905	0.00691	0.02225	0.00891	0.01036	0.02314	0.00744	0.03663	0.01269	0.03872	0.11984	0.15699	0.08013	0.02935	0.00719	0.00222	0.00436	0.41380	0.00493	0.00508
80	0.00769	0.00513	0.00577	0.00577	0.00577	0.00513	0.00320	0.00769	0.00769	0.01025	0.01666	0.03460	0.01922	0.81421	0.02691	0.00513	0.00513	0.00769	0.00320	0.00320
81	0.48220	0.16447	0.01267	0.02742	0.01214	0.03065	0.00700	0.01726	0.01067	0.15528	0.01108	0.01155	0.02852	0.00538	0.00382	0.00154	0.00462	0.00357	0.00367	0.00648
82	0.01721	0.03621	0.05681	0.15857	0.04620	0.36403	0.01166	0.21153	0.01634	0.01866	0.00968	0.01137	0.00746	0.00558	0.00500	0.00151	0.00783	0.00405	0.00328	0.00700
