[name]
unknown

[dist]
# distance from previous block
# <min> <max>
0	40

[block]
# block no. 0 follows, 46 sequences, length 14
# corresponding to MSA columns:
# 40-53
name=unknown_A
#
# <colnr> <probs for GDERKNQSTAVLIFYWHMCP>
#	G	D	E	R	K	N	Q	S	T	A	V	L	I	F	Y	W	H	M	C	P
0	0.08223	0.09928	0.21108	0.06412	0.04910	0.09631	0.15602	0.08074	0.02567	0.01774	0.01161	0.01455	0.03020	0.00565	0.00509	0.00163	0.00709	0.03190	0.00297	0.00703
1	0.15503	0.15411	0.01533	0.08256	0.05722	0.10422	0.02351	0.04278	0.12108	0.02966	0.01421	0.01519	0.07242	0.00615	0.00509	0.00154	0.03893	0.00458	0.00341	0.05298
2	0.01355	0.03459	0.03553	0.20977	0.06014	0.05322	0.07341	0.07236	0.06503	0.09748	0.01248	0.01431	0.02268	0.00570	0.00541	0.02355	0.00591	0.00462	0.00348	0.18679
3	0.07210	0.01018	0.01142	0.07719	0.01440	0.02412	0.00813	0.17894	0.19587	0.10939	0.07193	0.07250	0.01645	0.00758	0.00524	0.00169	0.00456	0.02656	0.08454	0.00720
4	0.00679	0.00522	0.00621	0.00629	0.00756	0.00464	0.00459	0.00852	0.01285	0.01695	0.34497	0.20010	0.33028	0.01298	0.00634	0.00181	0.00268	0.01129	0.00528	0.00464
5	0.01036	0.00972	0.01605	0.70808	0.08757	0.01187	0.01448	0.01443	0.04863	0.01420	0.01004	0.01430	0.00759	0.00534	0.00529	0.00175	0.00685	0.00476	0.00252	0.00617
6	0.00691	0.00522	0.00625	0.00630	0.00746	0.00470	0.00453	0.00857	0.01264	0.01680	0.35490	0.18220	0.28200	0.06820	0.00776	0.00203	0.00284	0.01094	0.00518	0.00457
7	0.00685	0.03301	0.03487	0.00769	0.00841	0.00514	0.00557	0.00799	0.01018	0.01358	0.02769	0.75483	0.03299	0.01574	0.00657	0.00210	0.00333	0.01422	0.00472	0.00450
8	0.01069	0.00609	0.00656	0.04533	0.00872	0.00623	0.00484	0.06949	0.01210	0.02033	0.01617	0.01852	0.01263	0.00603	0.00391	0.00127	0.00301	0.00483	0.70184	0.04142
9	0.01127	0.01030	0.01418	0.32376	0.02287	0.03024	0.03785	0.04522	0.01143	0.01611	0.00945	0.01239	0.00751	0.00485	0.00520	0.00132	0.03994	0.00401	0.00285	0.38925
10	0.01247	0.01232	0.01969	0.17163	0.48388	0.05332	0.06708	0.01556	0.01183	0.01618	0.01048	0.04253	0.00898	0.00524	0.00528	0.00159	0.00655	0.00505	0.00269	0.04766
11	0.00955	0.00842	0.01203	0.07299	0.19103	0.03533	0.02977	0.03873	0.01137	0.01514	0.02165	0.41196	0.05884	0.02640	0.00681	0.00197	0.02814	0.01020	0.00395	0.00571
12	0.01026	0.00865	0.01233	0.01054	0.01265	0.00892	0.11645	0.12321	0.06035	0.01873	0.14286	0.24977	0.12495	0.01087	0.00697	0.00188	0.06052	0.00957	0.00463	0.00589
13	0.00755	0.00556	0.00662	0.00687	0.00818	0.00496	0.00488	0.00916	0.03335	0.04121	0.04956	0.42610	0.26801	0.03544	0.00683	0.00198	0.00313	0.01205	0.00483	0.06374

[dist]
# distance from previous block
# <min> <max>
2	19

[block]
# block no. 1 follows, 46 sequences, length 12
# corresponding to MSA columns:
# 73-84
name=unknown_B
#
# <colnr> <probs for GDERKNQSTAVLIFYWHMCP>
#	G	D	E	R	K	N	Q	S	T	A	V	L	I	F	Y	W	H	M	C	P
0	0.14607	0.05707	0.04061	0.00928	0.01341	0.03371	0.00787	0.16486	0.01390	0.08720	0.02515	0.02870	0.00938	0.00540	0.00462	0.00130	0.02085	0.00402	0.00386	0.32275
1	0.37696	0.03786	0.01034	0.05274	0.01268	0.02492	0.00699	0.12565	0.04121	0.05104	0.01616	0.04424	0.10504	0.00672	0.00441	0.00160	0.00443	0.00498	0.01819	0.05383
2	0.00719	0.00561	0.00732	0.00784	0.00826	0.00588	0.00553	0.00816	0.01002	0.01347	0.05046	0.55671	0.10280	0.07393	0.00950	0.00234	0.10342	0.01265	0.00449	0.00444
3	0.01077	0.01068	0.02035	0.23780	0.02480	0.01106	0.33932	0.04068	0.01147	0.01534	0.01265	0.07937	0.01129	0.07872	0.06967	0.00262	0.00790	0.00653	0.00291	0.00609
4	0.00918	0.00459	0.00689	0.00689	0.00689	0.00459	0.00459	0.00689	0.00689	0.00918	0.00918	0.01607	0.00918	0.01837	0.02066	0.84619	0.00459	0.00459	0.00230	0.00230
5	0.00650	0.00467	0.00608	0.00718	0.00754	0.00435	0.00477	0.00739	0.01009	0.01336	0.02971	0.73125	0.07175	0.05863	0.00779	0.00229	0.00316	0.01444	0.00482	0.00424
6	0.00654	0.00534	0.00578	0.00574	0.00734	0.00458	0.00428	0.00813	0.01265	0.01586	0.22101	0.07925	0.57926	0.01292	0.00627	0.00177	0.00265	0.01094	0.00512	0.00458
7	0.85155	0.01022	0.00777	0.00695	0.01022	0.01186	0.00573	0.01554	0.00900	0.02372	0.00736	0.00859	0.00573	0.00491	0.00327	0.00164	0.00409	0.00286	0.00327	0.00573
8	0.02064	0.01394	0.01533	0.01175	0.01596	0.01510	0.00971	0.65298	0.02340	0.14600	0.01392	0.01349	0.00960	0.00638	0.00529	0.00159	0.00562	0.00484	0.00548	0.00899
9	0.01137	0.00983	0.01211	0.00868	0.01340	0.00770	0.04266	0.04115	0.01155	0.01781	0.00958	0.01118	0.00788	0.00403	0.00408	0.00086	0.00422	0.00334	0.00319	0.77538
10	0.00867	0.00646	0.00842	0.16652	0.01280	0.00697	0.00614	0.05140	0.00958	0.01267	0.01674	0.13922	0.01842	0.49285	0.01848	0.00383	0.00526	0.00796	0.00339	0.00422
11	0.00731	0.00503	0.00612	0.00647	0.00675	0.00489	0.00409	0.00796	0.00943	0.01271	0.11275	0.26895	0.02798	0.45380	0.01777	0.00373	0.00418	0.03219	0.00408	0.00380

[dist]
# distance from previous block
# <min> <max>
0	2

[block]
# block no. 2 follows, 46 sequences, length 13
# corresponding to MSA columns:
# 87-99
name=unknown_C
#
# <colnr> <probs for GDERKNQSTAVLIFYWHMCP>
#	G	D	E	R	K	N	Q	S	T	A	V	L	I	F	Y	W	H	M	C	P
0	0.03931	0.01032	0.01356	0.08786	0.01649	0.00903	0.07476	0.07736	0.01217	0.01841	0.00972	0.01163	0.00780	0.00434	0.00435	0.00106	0.00484	0.00369	0.00320	0.59010
1	0.00805	0.00583	0.00728	0.00739	0.00797	0.00600	0.00506	0.05167	0.01063	0.01448	0.11772	0.34059	0.02791	0.27073	0.05573	0.00335	0.04052	0.01043	0.00427	0.00439
2	0.01419	0.01197	0.01226	0.01088	0.01396	0.04464	0.00849	0.06029	0.67446	0.05600	0.02056	0.01892	0.01531	0.00704	0.00535	0.00176	0.00449	0.00579	0.00532	0.00833
3	0.00699	0.00538	0.00638	0.00613	0.00759	0.00478	0.00460	0.00902	0.01379	0.01842	0.48733	0.04406	0.34273	0.01184	0.00624	0.00171	0.00257	0.01020	0.00545	0.00478
4	0.01169	0.00660	0.00822	0.00733	0.00941	0.00603	0.00561	0.01434	0.05722	0.21594	0.31134	0.07930	0.18855	0.04592	0.00690	0.00187	0.00330	0.00882	0.00562	0.00599
5	0.02015	0.01302	0.01459	0.01126	0.01529	0.01389	0.00927	0.56244	0.02221	0.19349	0.05838	0.01536	0.01221	0.00664	0.00535	0.00160	0.00534	0.00515	0.00559	0.00876
6	0.01596	0.01022	0.01164	0.00990	0.01306	0.01086	0.00782	0.08531	0.40145	0.23806	0.06144	0.02145	0.04827	0.03248	0.00610	0.00183	0.00428	0.00615	0.00564	0.00810
7	0.00706	0.00492	0.00594	0.00645	0.00673	0.00473	0.00403	0.00761	0.00921	0.01221	0.04729	0.36635	0.07398	0.40051	0.01641	0.00354	0.00402	0.01109	0.00411	0.00380
8	0.01036	0.00981	0.01656	0.70206	0.08522	0.01189	0.03678	0.01425	0.03470	0.01413	0.00985	0.01421	0.00745	0.00528	0.00531	0.00175	0.00696	0.00478	0.00247	0.00616
9	0.01049	0.00587	0.00608	0.00558	0.00731	0.00572	0.00427	0.05113	0.01178	0.02017	0.01625	0.01850	0.01276	0.00595	0.00380	0.00121	0.00278	0.00474	0.71843	0.08718
10	0.00680	0.00535	0.00619	0.00662	0.00778	0.00489	0.00471	0.00877	0.05126	0.01495	0.10389	0.37635	0.35490	0.01421	0.00642	0.00193	0.00291	0.01242	0.00501	0.00464
11	0.01142	0.01122	0.01599	0.09530	0.04874	0.01489	0.01168	0.01300	0.00874	0.01334	0.00751	0.01185	0.00708	0.00825	0.01457	0.00211	0.62784	0.00452	0.00239	0.06957
12	0.14237	0.07792	0.01417	0.01086	0.01394	0.03289	0.03036	0.18246	0.19988	0.05890	0.01496	0.01740	0.01217	0.08367	0.05005	0.00252	0.03807	0.00527	0.00453	0.00760

[dist]
# distance from previous block
# <min> <max>
0	9

[block]
# block no. 3 follows, 46 sequences, length 27
# corresponding to MSA columns:
# 109-135
name=unknown_D
#
# <colnr> <probs for GDERKNQSTAVLIFYWHMCP>
#	G	D	E	R	K	N	Q	S	T	A	V	L	I	F	Y	W	H	M	C	P
0	0.01155	0.00943	0.01102	0.00806	0.01252	0.00739	0.00642	0.04862	0.01170	0.03965	0.01075	0.04647	0.00923	0.00466	0.00414	0.00091	0.00398	0.00379	0.00341	0.74630
1	0.04173	0.72629	0.02607	0.00936	0.01358	0.05074	0.00909	0.01590	0.01074	0.01284	0.00737	0.00865	0.00676	0.00477	0.00402	0.00121	0.03897	0.00293	0.00231	0.00668
2	0.00727	0.00519	0.00701	0.00736	0.00785	0.00550	0.00511	0.00832	0.00874	0.01204	0.01928	0.25644	0.02135	0.25941	0.33853	0.00565	0.00827	0.00900	0.00355	0.00415
3	0.01491	0.06835	0.03693	0.02643	0.01514	0.05265	0.06855	0.17745	0.09548	0.11691	0.05560	0.09753	0.01447	0.00723	0.00576	0.00160	0.03797	0.00598	0.00440	0.09665
4	0.01344	0.03324	0.02000	0.17575	0.41230	0.02848	0.06641	0.08155	0.01278	0.04029	0.01017	0.01319	0.00813	0.00529	0.00601	0.00166	0.05603	0.00476	0.00289	0.00763
5	0.01060	0.02735	0.78682	0.01507	0.02288	0.01228	0.01953	0.01674	0.01116	0.01674	0.00949	0.01116	0.00670	0.00502	0.00502	0.00167	0.00781	0.00391	0.00223	0.00781
6	0.04130	0.01247	0.01429	0.01098	0.01513	0.01297	0.00907	0.46231	0.02074	0.32184	0.01570	0.01463	0.01049	0.00639	0.00525	0.00161	0.00527	0.00493	0.00572	0.00892
7	0.01333	0.54760	0.25274	0.01104	0.01646	0.05246	0.01221	0.01633	0.01105	0.01374	0.00802	0.00932	0.00676	0.00471	0.00394	0.00130	0.00647	0.00317	0.00227	0.00706
8	0.01290	0.43736	0.30785	0.01175	0.01739	0.01685	0.03135	0.05579	0.01162	0.01525	0.00872	0.01022	0.00710	0.00588	0.02841	0.00160	0.00680	0.00350	0.00244	0.00723
9	0.00691	0.00506	0.00608	0.00672	0.00773	0.00451	0.00475	0.00807	0.01106	0.03538	0.03820	0.47599	0.31850	0.01501	0.00653	0.00200	0.00301	0.03503	0.00495	0.00451
10	0.01048	0.01021	0.01818	0.65781	0.07489	0.01200	0.11333	0.01410	0.01090	0.01416	0.00960	0.01406	0.00725	0.00515	0.00541	0.00175	0.00725	0.00490	0.00241	0.00617
11	0.11560	0.01061	0.01169	0.01118	0.06590	0.01174	0.00810	0.11576	0.36426	0.06277	0.05140	0.02033	0.02797	0.07787	0.00708	0.00202	0.00454	0.01895	0.00479	0.00743
12	0.00682	0.00504	0.00636	0.00732	0.00789	0.00481	0.00496	0.00849	0.05074	0.01392	0.03049	0.67810	0.09884	0.04027	0.00725	0.00219	0.00316	0.01398	0.00488	0.00449
13	0.00652	0.00472	0.00617	0.00717	0.00765	0.00437	0.00486	0.00761	0.01067	0.01422	0.09652	0.69431	0.08396	0.01585	0.00667	0.00208	0.00299	0.01430	0.00499	0.00437
14	0.00853	0.00681	0.00828	0.00742	0.00978	0.00562	0.00553	0.01025	0.01102	0.01574	0.08133	0.30690	0.07625	0.03186	0.00605	0.00160	0.00349	0.04132	0.00419	0.35804
15	0.01203	0.01171	0.01882	0.35893	0.43429	0.04286	0.01533	0.01526	0.01153	0.01550	0.00964	0.01337	0.00775	0.00498	0.00524	0.00164	0.00673	0.00465	0.00251	0.00722
16	0.85155	0.01022	0.00777	0.00695	0.01022	0.01186	0.00573	0.01554	0.00900	0.02372	0.00736	0.00859	0.00573	0.00491	0.00327	0.00164	0.00409	0.00286	0.00327	0.00573
17	0.00758	0.00508	0.00580	0.00591	0.00593	0.00505	0.00335	0.00766	0.00790	0.01054	0.01775	0.10277	0.02060	0.74415	0.02514	0.00486	0.00494	0.00833	0.00335	0.00330
18	0.01262	0.24791	0.32577	0.01238	0.01718	0.08576	0.01339	0.02929	0.01114	0.01493	0.00895	0.01098	0.00729	0.00655	0.02857	0.00175	0.11546	0.00376	0.03943	0.00690
19	0.00696	0.00535	0.00637	0.00618	0.00760	0.00476	0.00461	0.00894	0.01363	0.01820	0.46620	0.07795	0.33002	0.01206	0.00626	0.00173	0.00259	0.01042	0.00543	0.00476
20	0.00655	0.00530	0.00582	0.00583	0.00736	0.00457	0.00432	0.00812	0.01256	0.01582	0.21950	0.11498	0.54463	0.01307	0.00629	0.00179	0.00267	0.01113	0.00512	0.00457
21	0.85155	0.01022	0.00777	0.00695	0.01022	0.01186	0.00573	0.01554	0.00900	0.02372	0.00736	0.00859	0.00573	0.00491	0.00327	0.00164	0.00409	0.00286	0.00327	0.00573
22	0.10514	0.00905	0.01164	0.00910	0.01299	0.00819	0.00749	0.02428	0.02987	0.66880	0.04439	0.01780	0.01363	0.00653	0.00514	0.00164	0.00439	0.00523	0.00617	0.00853
23	0.00653	0.00474	0.00614	0.00710	0.00760	0.00438	0.00480	0.00760	0.01064	0.01413	0.09238	0.66597	0.10124	0.03113	0.00705	0.00213	0.00303	0.01410	0.00495	0.00434
24	0.00844	0.00581	0.00713	0.00681	0.00821	0.00547	0.00507	0.01007	0.01234	0.07785	0.27036	0.12158	0.28104	0.07478	0.05008	0.00240	0.03282	0.00980	0.00499	0.00494
25	0.00867	0.00624	0.00749	0.00685	0.00850	0.00586	0.00520	0.07038	0.01489	0.04157	0.50679	0.03925	0.21432	0.03245	0.00669	0.00178	0.00293	0.00938	0.00552	0.00525
26	0.46270	0.09511	0.06721	0.00964	0.03445	0.02752	0.04100	0.01659	0.04021	0.06613	0.02482	0.01143	0.00827	0.00534	0.00428	0.00159	0.02558	0.00370	0.04805	0.00637

[dist]
# distance from previous block
# <min> <max>
1	9

[block]
# block no. 4 follows, 46 sequences, length 19
# corresponding to MSA columns:
# 145-163
name=unknown_E
#
# <colnr> <probs for GDERKNQSTAVLIFYWHMCP>
#	G	D	E	R	K	N	Q	S	T	A	V	L	I	F	Y	W	H	M	C	P
0	0.01401	0.01563	0.20518	0.04808	0.32828	0.01206	0.05150	0.09020	0.02825	0.10448	0.01183	0.01419	0.00907	0.03678	0.00610	0.00176	0.00648	0.00480	0.00330	0.00802
1	0.06635	0.17996	0.01474	0.03979	0.01348	0.19646	0.00837	0.06414	0.04766	0.01601	0.04340	0.05646	0.11871	0.00775	0.00577	0.00159	0.06199	0.02990	0.02141	0.00607
2	0.05285	0.00877	0.01155	0.00908	0.01280	0.00786	0.00743	0.02384	0.04609	0.64552	0.09892	0.01994	0.01675	0.00695	0.00534	0.00165	0.00426	0.00569	0.00630	0.00843
3	0.20331	0.01080	0.01382	0.17710	0.07694	0.02186	0.05703	0.14526	0.04415	0.08122	0.02713	0.03916	0.02389	0.03141	0.00596	0.01978	0.00554	0.00509	0.00378	0.00675
4	0.04558	0.05336	0.25861	0.13907	0.22860	0.01232	0.05601	0.01616	0.01137	0.05430	0.01027	0.01277	0.00784	0.00518	0.00541	0.00164	0.03294	0.00442	0.03677	0.00737
5	0.02307	0.00902	0.01220	0.00933	0.01345	0.00773	0.00769	0.02513	0.01492	0.74591	0.02027	0.01764	0.01282	0.00641	0.00525	0.00159	0.00447	0.00521	0.00637	0.05152
6	0.06164	0.00597	0.00685	0.00663	0.00832	0.00549	0.00496	0.01069	0.02638	0.08497	0.24335	0.17857	0.31273	0.01199	0.00605	0.00179	0.00297	0.01028	0.00521	0.00513
7	0.02847	0.16568	0.32272	0.04975	0.03058	0.15947	0.01384	0.05203	0.01245	0.06070	0.00950	0.01099	0.00725	0.00540	0.00536	0.00155	0.05049	0.00381	0.00276	0.00721
8	0.01968	0.00863	0.01209	0.00970	0.01312	0.00779	0.03799	0.05224	0.01431	0.56621	0.02084	0.12856	0.01578	0.00994	0.05528	0.00214	0.00514	0.00671	0.00587	0.00799
9	0.05989	0.00970	0.01198	0.00946	0.01319	0.00931	0.00773	0.12679	0.07222	0.52007	0.05399	0.01801	0.01412	0.00667	0.00519	0.00162	0.00446	0.00535	0.04180	0.00844
10	0.05291	0.00846	0.01272	0.43241	0.02407	0.00981	0.04241	0.05002	0.01121	0.01621	0.01297	0.07991	0.01120	0.04427	0.00605	0.00183	0.00561	0.00569	0.16661	0.00564
11	0.03027	0.01435	0.09148	0.23738	0.20238	0.13248	0.02411	0.05025	0.01287	0.07268	0.04224	0.01578	0.01046	0.00586	0.00526	0.00165	0.00678	0.03355	0.00316	0.00700
12	0.00696	0.00505	0.00649	0.00741	0.00807	0.00476	0.00534	0.00818	0.01065	0.01393	0.04967	0.48060	0.12445	0.08989	0.00866	0.00242	0.00354	0.15484	0.00476	0.00434
13	0.01122	0.01063	0.01674	0.61863	0.10365	0.03493	0.03888	0.04972	0.03581	0.01516	0.01000	0.01399	0.00758	0.00532	0.00530	0.00173	0.00696	0.00476	0.00263	0.00638
14	0.01320	0.01533	0.13282	0.05459	0.47215	0.04339	0.07546	0.06346	0.01265	0.01768	0.00989	0.01271	0.00797	0.00508	0.00579	0.00163	0.04089	0.00466	0.00272	0.00794
15	0.01007	0.00740	0.00977	0.11927	0.01350	0.00799	0.00754	0.10443	0.01224	0.05158	0.03706	0.28514	0.09137	0.05784	0.03913	0.02928	0.05095	0.05579	0.00428	0.00536
16	0.00670	0.00491	0.00664	0.04405	0.00906	0.00473	0.00543	0.00779	0.01023	0.01354	0.02867	0.70629	0.05591	0.03241	0.00710	0.00219	0.00335	0.04186	0.00475	0.00437
17	0.12920	0.00978	0.01031	0.00898	0.01116	0.03531	0.00699	0.23763	0.02634	0.02087	0.01360	0.04295	0.01213	0.13056	0.16723	0.00350	0.03435	0.00542	0.08761	0.00607
18	0.36400	0.06166	0.06717	0.07990	0.01546	0.04992	0.05619	0.08109	0.01168	0.02034	0.06427	0.01306	0.01012	0.00770	0.05237	0.00205	0.02928	0.00421	0.00330	0.00623

[dist]
# distance from previous block
# <min> <max>
2	8

[block]
# block no. 5 follows, 46 sequences, length 10
# corresponding to MSA columns:
# 172-181
name=unknown_F
#
# <colnr> <probs for GDERKNQSTAVLIFYWHMCP>
#	G	D	E	R	K	N	Q	S	T	A	V	L	I	F	Y	W	H	M	C	P
0	0.01594	0.20450	0.04090	0.03412	0.09305	0.18525	0.01047	0.21543	0.01585	0.01955	0.07869	0.01342	0.01143	0.00599	0.00521	0.00147	0.03359	0.00441	0.00353	0.00720
1	0.01128	0.08536	0.14169	0.08711	0.04000	0.01226	0.13111	0.01442	0.02615	0.03898	0.01219	0.08386	0.01104	0.04573	0.02716	0.00212	0.16655	0.00576	0.05093	0.00633
2	0.20330	0.10513	0.08651	0.03363	0.07403	0.08036	0.02346	0.01433	0.01130	0.01760	0.12142	0.05435	0.01472	0.00785	0.03192	0.02786	0.00552	0.00501	0.00331	0.07838
3	0.00769	0.00586	0.00722	0.00766	0.00887	0.00570	0.00581	0.01069	0.08803	0.01647	0.17995	0.29451	0.17118	0.01353	0.00653	0.00201	0.00335	0.15485	0.00513	0.00498
4	0.00787	0.00619	0.00684	0.00643	0.00822	0.00569	0.00488	0.07631	0.01400	0.01803	0.26514	0.07388	0.46307	0.01211	0.00618	0.00174	0.00292	0.01026	0.00521	0.00502
5	0.85155	0.01022	0.00777	0.00695	0.01022	0.01186	0.00573	0.01554	0.00900	0.02372	0.00736	0.00859	0.00573	0.00491	0.00327	0.00164	0.00409	0.00286	0.00327	0.00573
6	0.17508	0.00890	0.01082	0.00859	0.01232	0.00823	0.00705	0.02224	0.01372	0.57494	0.02131	0.01921	0.08065	0.00686	0.00502	0.00165	0.00426	0.00539	0.00579	0.00798
7	0.01258	0.00796	0.00965	0.00822	0.01040	0.00806	0.00649	0.16489	0.01635	0.12481	0.41857	0.02822	0.03152	0.00882	0.00607	0.00162	0.03225	0.00738	0.08979	0.00635
8	0.04010	0.00749	0.00939	0.00817	0.01056	0.00721	0.00648	0.05688	0.04768	0.27083	0.23862	0.04484	0.02548	0.04246	0.03117	0.00204	0.00412	0.06332	0.07658	0.00658
9	0.07649	0.63472	0.08616	0.00965	0.01428	0.04539	0.00972	0.04651	0.01136	0.01449	0.00777	0.00891	0.00679	0.00470	0.00364	0.00124	0.00585	0.00301	0.00247	0.00686

[dist]
# distance from previous block
# <min> <max>
2	7

[block]
# block no. 6 follows, 46 sequences, length 19
# corresponding to MSA columns:
# 189-207
name=unknown_G
#
# <colnr> <probs for GDERKNQSTAVLIFYWHMCP>
#	G	D	E	R	K	N	Q	S	T	A	V	L	I	F	Y	W	H	M	C	P
0	0.60338	0.06231	0.01099	0.02994	0.06011	0.03527	0.00730	0.07072	0.01093	0.03854	0.02476	0.01019	0.00736	0.00516	0.00375	0.00159	0.00466	0.00337	0.00340	0.00627
1	0.04265	0.42982	0.15236	0.01218	0.05580	0.06750	0.02902	0.01740	0.07415	0.02688	0.00935	0.01060	0.00773	0.00514	0.00470	0.00141	0.03995	0.00360	0.00268	0.00709
2	0.00723	0.00552	0.00635	0.00623	0.00777	0.00490	0.00466	0.00926	0.02794	0.03273	0.31075	0.10278	0.41904	0.01245	0.00626	0.00178	0.00274	0.02152	0.00528	0.00482
3	0.01121	0.01229	0.06910	0.33062	0.12105	0.01326	0.13661	0.01442	0.01048	0.01455	0.00907	0.01317	0.00732	0.00605	0.00843	0.00187	0.20669	0.00488	0.00242	0.00649
4	0.00766	0.00522	0.00622	0.00620	0.00639	0.00534	0.00378	0.00804	0.00811	0.01101	0.04848	0.03278	0.01964	0.66725	0.13784	0.00547	0.00633	0.00747	0.00326	0.00350
5	0.00790	0.00567	0.00695	0.03081	0.00762	0.00603	0.00444	0.00837	0.00846	0.01150	0.06503	0.08622	0.02089	0.60420	0.04935	0.00453	0.05698	0.00796	0.00339	0.00369
6	0.00872	0.00619	0.00800	0.02859	0.03793	0.00597	0.00588	0.02405	0.04262	0.04855	0.39463	0.13867	0.10358	0.05311	0.00718	0.00193	0.00327	0.03713	0.03874	0.00525
7	0.01785	0.01254	0.01386	0.01100	0.01453	0.01374	0.00893	0.54464	0.05043	0.08210	0.01410	0.01552	0.01066	0.05213	0.08684	0.00248	0.00638	0.00510	0.02908	0.00811
8	0.05645	0.06200	0.22263	0.18475	0.17087	0.04422	0.08248	0.05039	0.01196	0.03046	0.00966	0.01229	0.00740	0.00515	0.00538	0.00165	0.02797	0.00439	0.00267	0.00724
9	0.07873	0.09762	0.01504	0.01077	0.01449	0.04971	0.00891	0.42814	0.06553	0.02590	0.01343	0.06244	0.01116	0.00683	0.00500	0.00156	0.00541	0.03260	0.00453	0.06218
10	0.44232	0.09570	0.23231	0.01010	0.02930	0.01261	0.01028	0.01634	0.03014	0.04284	0.01003	0.01111	0.02749	0.00523	0.00402	0.00160	0.00533	0.00357	0.00306	0.00661
11	0.13516	0.08355	0.06649	0.01541	0.15000	0.24822	0.02381	0.16046	0.01476	0.01951	0.00933	0.01076	0.00739	0.00525	0.00464	0.00147	0.00689	0.00384	0.00321	0.02984
12	0.01293	0.09095	0.01271	0.00975	0.03176	0.01092	0.00754	0.21852	0.09246	0.03374	0.07999	0.16743	0.01853	0.03846	0.00607	0.00170	0.00444	0.01681	0.03347	0.11182
13	0.03473	0.09938	0.13298	0.06689	0.09395	0.04386	0.01110	0.06024	0.21930	0.07265	0.02676	0.01565	0.03376	0.00600	0.00495	0.00157	0.00553	0.00484	0.00385	0.06200
14	0.04274	0.03363	0.01508	0.04141	0.12430	0.13919	0.01022	0.29226	0.01717	0.07747	0.02797	0.01654	0.05155	0.00667	0.00563	0.00160	0.03584	0.02748	0.02572	0.00751
15	0.00738	0.00555	0.00712	0.00759	0.02884	0.00507	0.00529	0.00904	0.01204	0.01639	0.28060	0.29749	0.13297	0.06574	0.00768	0.00206	0.00319	0.05224	0.00494	0.04876
16	0.01092	0.04080	0.60728	0.01545	0.04041	0.01217	0.08920	0.03630	0.01172	0.01710	0.02870	0.04595	0.00915	0.00561	0.00522	0.00169	0.00745	0.00475	0.00256	0.00756
17	0.06551	0.04199	0.01181	0.02119	0.01265	0.01026	0.00745	0.22397	0.04512	0.17565	0.07692	0.12495	0.01676	0.00777	0.00515	0.00158	0.00437	0.00638	0.06146	0.07906
18	0.00885	0.00655	0.00874	0.00793	0.00950	0.00629	0.04188	0.06323	0.03059	0.03631	0.44965	0.15884	0.08547	0.05320	0.00730	0.00193	0.00336	0.00977	0.00530	0.00530

[dist]
# distance from previous block
# <min> <max>
5	9

[block]
# block no. 7 follows, 46 sequences, length 30
# corresponding to MSA columns:
# 218-247
name=unknown_H
#
# <colnr> <probs for GDERKNQSTAVLIFYWHMCP>
#	G	D	E	R	K	N	Q	S	T	A	V	L	I	F	Y	W	H	M	C	P
0	0.01414	0.51247	0.14623	0.03478	0.01654	0.10979	0.03329	0.03047	0.03343	0.01400	0.00845	0.00977	0.00713	0.00484	0.00405	0.00131	0.00655	0.00335	0.00247	0.00694
1	0.01460	0.21061	0.12653	0.01538	0.11821	0.23574	0.04750	0.03296	0.01221	0.01450	0.00878	0.01099	0.00742	0.00701	0.04333	0.00183	0.07914	0.00389	0.00255	0.00683
2	0.01214	0.00989	0.01127	0.00839	0.01253	0.00849	0.00662	0.13047	0.03377	0.01922	0.01093	0.01370	0.00931	0.08084	0.00634	0.00135	0.00433	0.00389	0.00354	0.61296
3	0.19559	0.11462	0.51069	0.01256	0.01882	0.01327	0.01511	0.01628	0.01057	0.01768	0.00872	0.01030	0.00650	0.00503	0.00473	0.00162	0.02468	0.00357	0.00247	0.00719
4	0.01325	0.01278	0.07713	0.22371	0.42923	0.02786	0.01499	0.01683	0.02846	0.08872	0.01101	0.01373	0.00849	0.00512	0.00523	0.00163	0.00645	0.00470	0.00295	0.00771
5	0.00852	0.00694	0.03206	0.00833	0.00947	0.00716	0.00639	0.03002	0.08129	0.01414	0.01786	0.17193	0.01812	0.15323	0.34285	0.00522	0.03084	0.00766	0.04300	0.00498
6	0.00696	0.00511	0.00652	0.00674	0.00772	0.00467	0.00484	0.00874	0.01287	0.01759	0.42060	0.31661	0.13507	0.01319	0.00642	0.00185	0.00272	0.01171	0.00538	0.00467
7	0.00957	0.00508	0.00728	0.00716	0.00738	0.00514	0.00487	0.04299	0.00790	0.01054	0.01030	0.05359	0.01040	0.01771	0.01927	0.76591	0.00458	0.00509	0.00256	0.00271
8	0.01075	0.04451	0.65815	0.08997	0.06070	0.01246	0.01865	0.01639	0.01114	0.01636	0.00945	0.01146	0.00681	0.00502	0.00502	0.00166	0.00761	0.00399	0.00226	0.00763
9	0.01441	0.01521	0.01681	0.19513	0.26613	0.22803	0.01285	0.03650	0.13110	0.01637	0.01120	0.01335	0.00887	0.00546	0.00514	0.00159	0.00701	0.00455	0.00308	0.00721
10	0.74701	0.00966	0.00775	0.00706	0.01008	0.01102	0.00571	0.01507	0.00929	0.04556	0.00982	0.08456	0.00870	0.00606	0.00366	0.00168	0.00401	0.00408	0.00352	0.00569
11	0.01082	0.00586	0.00596	0.00561	0.00712	0.00601	0.00429	0.08321	0.01239	0.02099	0.01682	0.01905	0.01312	0.00618	0.00385	0.00127	0.00278	0.00491	0.76446	0.00531
12	0.00653	0.00465	0.00615	0.00726	0.00758	0.00435	0.00483	0.00746	0.01015	0.01358	0.05154	0.75008	0.03467	0.05441	0.00769	0.00227	0.00315	0.01451	0.00485	0.00426
13	0.00641	0.00471	0.00602	0.00708	0.00759	0.00432	0.00478	0.00739	0.01039	0.01361	0.03258	0.70369	0.13982	0.01612	0.00668	0.00210	0.00301	0.01448	0.00491	0.00432
14	0.01005	0.00930	0.01496	0.50298	0.04294	0.01169	0.02354	0.01277	0.00989	0.01338	0.01001	0.03322	0.00846	0.00981	0.08225	0.02061	0.15703	0.00504	0.01639	0.00569
15	0.01014	0.00520	0.00523	0.00513	0.00644	0.00525	0.00387	0.03319	0.01147	0.02009	0.01712	0.01951	0.01342	0.00616	0.00374	0.00124	0.00256	0.00492	0.82027	0.00504
16	0.01245	0.02066	0.44974	0.01708	0.07238	0.01200	0.18874	0.01740	0.01195	0.09320	0.02993	0.01339	0.00882	0.00526	0.00564	0.00170	0.02431	0.00479	0.00288	0.00770
17	0.00673	0.00485	0.00644	0.00760	0.00811	0.00456	0.00538	0.00789	0.01051	0.01387	0.03020	0.66544	0.07155	0.01612	0.00680	0.00217	0.00330	0.11920	0.00490	0.00438
18	0.02631	0.01346	0.15718	0.01085	0.01576	0.00965	0.06158	0.06361	0.01201	0.05635	0.01044	0.02449	0.00832	0.00496	0.00522	0.00123	0.04957	0.00398	0.00323	0.46181
19	0.00673	0.00514	0.00586	0.00616	0.00718	0.00463	0.00429	0.00786	0.01107	0.01407	0.11225	0.23799	0.36606	0.15887	0.01013	0.00248	0.00325	0.02704	0.00469	0.00425
20	0.01412	0.01453	0.02052	0.06352	0.57391	0.13477	0.05043	0.03452	0.01275	0.01678	0.00974	0.01262	0.00807	0.00488	0.00521	0.00156	0.00694	0.00458	0.00269	0.00786
21	0.00673	0.00481	0.00638	0.00733	0.00781	0.00451	0.00505	0.00793	0.01086	0.01465	0.13859	0.63952	0.03649	0.03797	0.00726	0.00217	0.00313	0.04945	0.00499	0.00439
22	0.01096	0.00940	0.01096	0.00783	0.01253	0.00705	0.00626	0.01331	0.01096	0.01723	0.00940	0.01096	0.00783	0.00392	0.00392	0.00078	0.00392	0.00313	0.00313	0.84653
23	0.00754	0.00527	0.00648	0.00679	0.00756	0.00496	0.00462	0.02457	0.01120	0.03125	0.17182	0.37142	0.12691	0.18211	0.01076	0.00261	0.00343	0.01153	0.00477	0.00442
24	0.00773	0.00558	0.00810	0.00810	0.00902	0.00641	0.00623	0.00956	0.00864	0.01271	0.01451	0.02138	0.01354	0.07551	0.69830	0.00780	0.01287	0.00571	0.06363	0.00466
25	0.00807	0.00548	0.00732	0.00740	0.00827	0.00558	0.00537	0.00949	0.01018	0.04748	0.13202	0.16673	0.05949	0.19325	0.26889	0.00477	0.00719	0.04441	0.00407	0.00454
26	0.01335	0.01144	0.02512	0.02499	0.01438	0.05237	0.02844	0.11967	0.01337	0.05517	0.01037	0.01161	0.00815	0.00452	0.00433	0.00103	0.00478	0.00361	0.00353	0.58978
27	0.01454	0.00914	0.04657	0.00885	0.01198	0.00787	0.00732	0.08644	0.05882	0.26619	0.16320	0.12779	0.05897	0.00867	0.00556	0.00163	0.00404	0.00737	0.00535	0.09972
28	0.03939	0.20267	0.01872	0.01510	0.14477	0.24087	0.01070	0.12325	0.08579	0.01757	0.01009	0.01137	0.00823	0.00556	0.00522	0.00147	0.04481	0.00397	0.00320	0.00725
29	0.05595	0.05925	0.06613	0.04307	0.18980	0.21794	0.01137	0.14135	0.01458	0.01869	0.02596	0.01294	0.03057	0.00551	0.00484	0.00144	0.00664	0.00426	0.00325	0.08646

[dist]
# distance from previous block
# <min> <max>
1	3

[block]
# block no. 8 follows, 46 sequences, length 31
# corresponding to MSA columns:
# 251-281
name=unknown_I
#
# <colnr> <probs for GDERKNQSTAVLIFYWHMCP>
#	G	D	E	R	K	N	Q	S	T	A	V	L	I	F	Y	W	H	M	C	P
0	0.12168	0.66769	0.04378	0.03444	0.01411	0.01924	0.00906	0.01574	0.01052	0.01403	0.00747	0.00874	0.00665	0.00461	0.00348	0.00123	0.00555	0.00292	0.00239	0.00664
1	0.01322	0.03375	0.01003	0.00818	0.01071	0.00782	0.00655	0.10565	0.03350	0.21178	0.22404	0.04602	0.16796	0.01166	0.06172	0.00217	0.00449	0.02888	0.00538	0.00649
2	0.03236	0.01810	0.38160	0.01556	0.13294	0.01143	0.01452	0.01614	0.06569	0.03360	0.13743	0.01685	0.01489	0.00650	0.00636	0.00172	0.07862	0.00518	0.00323	0.00726
3	0.13407	0.07587	0.24953	0.04985	0.16550	0.02364	0.01323	0.05779	0.01245	0.15331	0.01126	0.01236	0.00815	0.00526	0.00477	0.00160	0.00613	0.00415	0.00339	0.00771
4	0.01027	0.00766	0.01140	0.14975	0.04926	0.00767	0.06165	0.01299	0.04163	0.09873	0.05688	0.11358	0.21152	0.01047	0.00641	0.01979	0.00470	0.11555	0.00437	0.00573
5	0.00805	0.00533	0.00682	0.00685	0.00743	0.00554	0.00467	0.00908	0.00899	0.03150	0.05779	0.10928	0.02008	0.37460	0.25821	0.00532	0.00736	0.00767	0.06129	0.00414
6	0.01339	0.01026	0.02946	0.02585	0.01334	0.01055	0.02666	0.29913	0.07505	0.04794	0.13037	0.16722	0.02224	0.02520	0.01944	0.00198	0.00486	0.06517	0.00504	0.00686
7	0.01524	0.11717	0.03762	0.18713	0.03555	0.04645	0.06074	0.30774	0.01631	0.02152	0.01040	0.01243	0.00796	0.00591	0.00614	0.00163	0.07885	0.00451	0.01933	0.00737
8	0.01878	0.00855	0.02585	0.00915	0.01237	0.00747	0.00740	0.03903	0.04772	0.53397	0.02245	0.20702	0.01822	0.00893	0.00565	0.00176	0.00424	0.00762	0.00599	0.00782
9	0.01021	0.00734	0.00826	0.00757	0.00976	0.00726	0.00582	0.01554	0.21712	0.09802	0.21008	0.05287	0.30836	0.01047	0.00593	0.00175	0.00324	0.00887	0.00542	0.00610
10	0.03716	0.31017	0.46627	0.01262	0.01895	0.04073	0.01506	0.01652	0.01107	0.01528	0.00861	0.01007	0.00670	0.00485	0.00438	0.00147	0.00698	0.00347	0.00229	0.00733
11	0.01894	0.03901	0.09487	0.01081	0.01478	0.01115	0.00966	0.20380	0.01619	0.37864	0.03590	0.05756	0.01285	0.00710	0.00617	0.00169	0.06191	0.00552	0.00523	0.00822
12	0.01164	0.00742	0.00893	0.00801	0.01021	0.00732	0.00618	0.01674	0.19167	0.16320	0.32883	0.07649	0.12206	0.00980	0.00589	0.00173	0.00332	0.00843	0.00569	0.00643
13	0.01300	0.00775	0.03448	0.00789	0.01059	0.00659	0.00653	0.01588	0.06334	0.27167	0.15157	0.03544	0.28128	0.01011	0.00591	0.00176	0.00368	0.06056	0.00553	0.00645
14	0.07930	0.01124	0.03581	0.03645	0.01496	0.01099	0.00878	0.18245	0.13131	0.40601	0.01753	0.01612	0.01176	0.00639	0.00516	0.00165	0.00489	0.00506	0.00560	0.00853
15	0.01280	0.07065	0.06001	0.06071	0.49108	0.04166	0.10488	0.01624	0.02644	0.01648	0.01073	0.04480	0.00923	0.00526	0.00526	0.00160	0.00661	0.00511	0.00272	0.00773
16	0.00699	0.00483	0.00597	0.00666	0.00683	0.00466	0.00416	0.00751	0.00905	0.01207	0.02364	0.46884	0.02803	0.36795	0.01563	0.00346	0.00397	0.01179	0.00416	0.00381
17	0.01201	0.01181	0.01912	0.36484	0.39502	0.04688	0.04414	0.01529	0.01155	0.01543	0.00966	0.01341	0.00772	0.00498	0.00527	0.00165	0.00686	0.00471	0.00251	0.00714
18	0.03131	0.57887	0.12009	0.01023	0.01498	0.04885	0.01037	0.06980	0.04570	0.01514	0.00866	0.00966	0.00732	0.00488	0.00387	0.00128	0.00599	0.00326	0.00265	0.00709
19	0.01238	0.01001	0.01157	0.00838	0.01300	0.00815	0.00674	0.10020	0.01268	0.04122	0.01011	0.01136	0.00812	0.00427	0.00411	0.00090	0.00415	0.00338	0.00348	0.72579
20	0.01272	0.04761	0.06141	0.10494	0.09453	0.10060	0.26109	0.03717	0.01190	0.01577	0.01017	0.01353	0.00820	0.00766	0.05751	0.00214	0.09749	0.00501	0.04388	0.00666
21	0.01035	0.00620	0.00805	0.00735	0.00912	0.00572	0.00567	0.01305	0.03912	0.14899	0.52765	0.06757	0.07658	0.01050	0.00612	0.00172	0.00302	0.04170	0.00580	0.00571
22	0.01475	0.00894	0.01071	0.00904	0.01183	0.00908	0.00716	0.11535	0.19060	0.22682	0.30330	0.02575	0.02702	0.00826	0.00567	0.00168	0.00385	0.00698	0.00584	0.00735
23	0.00772	0.00538	0.00729	0.00738	0.00805	0.00590	0.00533	0.00909	0.00863	0.01250	0.01616	0.08041	0.01637	0.23811	0.46472	0.00650	0.00994	0.00679	0.07941	0.00431
24	0.00717	0.00536	0.00677	0.00751	0.00846	0.00508	0.00558	0.00916	0.04082	0.01523	0.11318	0.42220	0.16533	0.01466	0.00666	0.00207	0.00332	0.15176	0.00502	0.00466
25	0.00958	0.00586	0.00736	0.00684	0.00855	0.00522	0.00518	0.01157	0.01380	0.13628	0.41225	0.11746	0.21703	0.01135	0.00615	0.00174	0.00290	0.00985	0.00562	0.00541
26	0.01083	0.02600	0.71696	0.01665	0.09210	0.01230	0.01923	0.01669	0.01124	0.01679	0.00953	0.01134	0.00685	0.00499	0.00504	0.00166	0.00767	0.00398	0.00227	0.00786
27	0.36407	0.01048	0.01100	0.06169	0.01400	0.01169	0.02477	0.06619	0.20930	0.12352	0.04425	0.01471	0.01151	0.00605	0.00453	0.00169	0.00452	0.00458	0.00440	0.00706
28	0.01112	0.00829	0.01045	0.03483	0.01223	0.00809	0.03178	0.14560	0.05115	0.05278	0.05236	0.37051	0.02255	0.01063	0.00578	0.00173	0.00412	0.00940	0.00464	0.15197
29	0.01598	0.11897	0.01739	0.06247	0.11760	0.25158	0.03959	0.15337	0.06492	0.02910	0.02898	0.02881	0.03644	0.00608	0.00500	0.00151	0.00683	0.00475	0.00350	0.00712
30	0.01396	0.01378	0.15038	0.06554	0.23320	0.02549	0.06772	0.01839	0.07634	0.16088	0.05207	0.01767	0.02473	0.00608	0.00539	0.00166	0.00599	0.02904	0.00379	0.02790

[dist]
# distance from previous block
# <min> <max>
9	13

[block]
# block no. 9 follows, 46 sequences, length 11
# corresponding to MSA columns:
# 295-305
name=unknown_J
#
# <colnr> <probs for GDERKNQSTAVLIFYWHMCP>
#	G	D	E	R	K	N	Q	S	T	A	V	L	I	F	Y	W	H	M	C	P
0	0.04518	0.07277	0.04254	0.03314	0.10115	0.13302	0.01003	0.17433	0.11699	0.10126	0.06878	0.03233	0.01357	0.00663	0.00515	0.00160	0.00580	0.02392	0.00428	0.00752
1	0.03047	0.27338	0.30587	0.01362	0.04276	0.04317	0.10461	0.01622	0.01147	0.03640	0.03076	0.04882	0.00957	0.00553	0.00473	0.00152	0.00674	0.00454	0.00269	0.00711
2	0.00752	0.00538	0.00687	0.00769	0.00828	0.00523	0.00531	0.05762	0.01104	0.01472	0.02723	0.67524	0.03207	0.06482	0.00792	0.00231	0.00346	0.04792	0.00483	0.00456
3	0.09860	0.37562	0.02007	0.01152	0.06306	0.17059	0.00932	0.12493	0.01360	0.01708	0.01058	0.01156	0.04271	0.00543	0.00418	0.00135	0.00619	0.00373	0.00304	0.00686
4	0.01049	0.00771	0.00873	0.03371	0.00997	0.00813	0.00571	0.16282	0.07303	0.01726	0.06901	0.10342	0.07030	0.37891	0.01548	0.00330	0.00473	0.00791	0.00422	0.00518
5	0.09577	0.19226	0.01694	0.04724	0.05058	0.05688	0.08866	0.01453	0.03580	0.01614	0.09594	0.01953	0.04572	0.00875	0.05083	0.00199	0.06020	0.05406	0.00330	0.04487
6	0.01642	0.01271	0.06211	0.06210	0.04844	0.03740	0.00990	0.27727	0.09490	0.15793	0.03651	0.01903	0.05869	0.00697	0.00536	0.00163	0.00536	0.03476	0.00481	0.04769
7	0.07035	0.29595	0.09055	0.01219	0.03995	0.08925	0.03818	0.11382	0.01277	0.04753	0.00917	0.01084	0.00752	0.00649	0.02507	0.00169	0.11487	0.00383	0.00298	0.00700
8	0.01097	0.00826	0.00946	0.00898	0.01055	0.04831	0.00674	0.08667	0.06944	0.07978	0.06872	0.36746	0.05252	0.01374	0.05896	0.00234	0.05801	0.00988	0.00471	0.02449
9	0.01734	0.01244	0.01411	0.04339	0.01568	0.01306	0.00904	0.44399	0.04307	0.09882	0.01291	0.01379	0.00956	0.03166	0.00606	0.00158	0.02869	0.00461	0.00471	0.17548
10	0.07665	0.13623	0.06672	0.03112	0.08569	0.26137	0.04476	0.09952	0.01366	0.01691	0.01072	0.01251	0.03584	0.02062	0.00548	0.00153	0.03215	0.00413	0.00302	0.04139

[dist]
# distance from previous block
# <min> <max>
5	12

[block]
# block no. 10 follows, 46 sequences, length 15
# corresponding to MSA columns:
# 318-332
name=unknown_K
#
# <colnr> <probs for GDERKNQSTAVLIFYWHMCP>
#	G	D	E	R	K	N	Q	S	T	A	V	L	I	F	Y	W	H	M	C	P
0	0.11814	0.38434	0.05830	0.00933	0.01314	0.01563	0.00868	0.10385	0.07438	0.01828	0.08699	0.03307	0.01322	0.00679	0.01880	0.00157	0.00523	0.02001	0.00348	0.00678
1	0.05726	0.00991	0.01341	0.03214	0.06109	0.00964	0.07117	0.04606	0.15048	0.27227	0.04171	0.02062	0.07706	0.00688	0.00531	0.00162	0.00475	0.02362	0.00492	0.09008
2	0.01372	0.06871	0.04006	0.02322	0.42387	0.04580	0.06195	0.10449	0.04811	0.01851	0.01264	0.01553	0.03910	0.00579	0.00571	0.00162	0.03602	0.02419	0.00317	0.00781
3	0.01471	0.08049	0.01243	0.00936	0.01231	0.06036	0.00760	0.21541	0.05522	0.13420	0.06494	0.05829	0.16038	0.03422	0.00621	0.00178	0.00479	0.05553	0.00490	0.00686
4	0.02899	0.00593	0.00780	0.02909	0.00952	0.00584	0.02527	0.05733	0.01168	0.01597	0.12027	0.53924	0.05803	0.05003	0.00734	0.00214	0.00354	0.01240	0.00480	0.00479
5	0.01473	0.01029	0.01186	0.04195	0.01369	0.01066	0.00788	0.31160	0.06253	0.09388	0.01721	0.18239	0.01563	0.04431	0.00635	0.00178	0.00470	0.00697	0.02967	0.11192
6	0.00985	0.00493	0.00493	0.00493	0.00616	0.00493	0.00370	0.01232	0.01109	0.01971	0.01725	0.01971	0.01355	0.00616	0.00370	0.00123	0.00246	0.00493	0.84356	0.00493
7	0.04379	0.01351	0.01497	0.01207	0.03970	0.01463	0.00957	0.59679	0.02212	0.12643	0.01363	0.01408	0.00978	0.03680	0.00605	0.00173	0.00559	0.00488	0.00523	0.00866
8	0.02967	0.12501	0.08227	0.01250	0.04571	0.05793	0.03865	0.01331	0.00961	0.01349	0.00987	0.01402	0.00897	0.01726	0.26059	0.00395	0.24409	0.00460	0.00254	0.00594
9	0.00751	0.00505	0.00582	0.00600	0.00604	0.00500	0.00345	0.00764	0.00804	0.01072	0.01848	0.14798	0.02152	0.69769	0.02396	0.00469	0.00482	0.00876	0.00345	0.00336
10	0.01136	0.00723	0.00784	0.00709	0.00859	0.00767	0.00527	0.17044	0.01314	0.01994	0.01682	0.08481	0.01529	0.17396	0.00946	0.00222	0.02678	0.00627	0.40041	0.00541
11	0.01213	0.00982	0.01237	0.02704	0.04326	0.02193	0.05649	0.22101	0.03143	0.02028	0.01932	0.27752	0.04649	0.00959	0.00569	0.00169	0.00472	0.02945	0.00441	0.14537
12	0.03432	0.04008	0.15108	0.09102	0.21749	0.12337	0.03255	0.06525	0.06421	0.04950	0.01106	0.01326	0.00864	0.00535	0.00502	0.00155	0.00666	0.01455	0.00313	0.06190
13	0.01669	0.05117	0.01632	0.04491	0.16061	0.16731	0.01078	0.31078	0.03511	0.02246	0.01212	0.01325	0.02909	0.00579	0.00499	0.00147	0.00635	0.00449	0.02418	0.06213
14	0.01266	0.01200	0.01944	0.15530	0.46873	0.02616	0.06106	0.06364	0.01239	0.01707	0.01132	0.01499	0.02840	0.03683	0.00662	0.00178	0.03623	0.00506	0.00282	0.00748

[dist]
# distance from previous block
# <min> <max>
4	11

[block]
# block no. 11 follows, 46 sequences, length 11
# corresponding to MSA columns:
# 344-354
name=unknown_L
#
# <colnr> <probs for GDERKNQSTAVLIFYWHMCP>
#	G	D	E	R	K	N	Q	S	T	A	V	L	I	F	Y	W	H	M	C	P
0	0.03019	0.01256	0.13968	0.17415	0.07007	0.05205	0.04016	0.01653	0.01289	0.18147	0.16174	0.04165	0.01783	0.00698	0.00547	0.00169	0.00569	0.01827	0.00408	0.00685
1	0.01166	0.02291	0.53691	0.01793	0.09788	0.01271	0.15227	0.05437	0.01217	0.01766	0.00991	0.01198	0.00722	0.00496	0.00528	0.00168	0.00776	0.00445	0.00250	0.00780
2	0.01611	0.03611	0.01348	0.01185	0.01419	0.43909	0.00905	0.10885	0.03490	0.01582	0.01477	0.13472	0.05588	0.00800	0.00610	0.00161	0.06385	0.00593	0.00353	0.00615
3	0.02117	0.00919	0.01205	0.00924	0.01336	0.00797	0.00757	0.02400	0.05786	0.62425	0.01915	0.01702	0.01246	0.00618	0.00511	0.00151	0.00439	0.00502	0.00596	0.13653
4	0.01360	0.69705	0.14333	0.00996	0.01499	0.01960	0.01064	0.01597	0.01081	0.01309	0.00768	0.00889	0.00677	0.00460	0.00364	0.00121	0.00598	0.00299	0.00226	0.00694
5	0.01239	0.00903	0.01217	0.05253	0.15408	0.00851	0.00861	0.01628	0.10289	0.13471	0.11550	0.02381	0.11604	0.00733	0.00531	0.00152	0.00432	0.02757	0.00440	0.18301
6	0.00649	0.00536	0.00569	0.00561	0.00729	0.00457	0.00421	0.00806	0.01262	0.01564	0.19566	0.04864	0.63613	0.01288	0.00625	0.00176	0.00264	0.01084	0.00509	0.00457
7	0.01251	0.01586	0.17272	0.07146	0.12242	0.01293	0.36833	0.05706	0.01253	0.03342	0.01083	0.03013	0.00843	0.00526	0.00623	0.00175	0.04246	0.00551	0.00281	0.00736
8	0.00706	0.00525	0.00657	0.00652	0.00771	0.00476	0.00479	0.00906	0.01355	0.01851	0.50678	0.17644	0.18888	0.01231	0.00633	0.00177	0.00263	0.01083	0.00548	0.00476
9	0.01590	0.01299	0.01363	0.01135	0.01480	0.05171	0.02574	0.29817	0.38217	0.04365	0.01909	0.01816	0.05435	0.00705	0.00538	0.00169	0.00508	0.00567	0.00516	0.00826
10	0.00727	0.00546	0.00666	0.00644	0.00777	0.00493	0.00478	0.00921	0.01326	0.01800	0.45811	0.07759	0.22623	0.07198	0.00780	0.00198	0.00289	0.03821	0.00525	0.02617

[dist]
# distance from previous block
# <min> <max>
0	2

[block]
# block no. 12 follows, 46 sequences, length 6
# corresponding to MSA columns:
# 357-362
name=unknown_M
#
# <colnr> <probs for GDERKNQSTAVLIFYWHMCP>
#	G	D	E	R	K	N	Q	S	T	A	V	L	I	F	Y	W	H	M	C	P
0	0.01920	0.02294	0.01642	0.01414	0.01727	0.62723	0.07165	0.11832	0.01607	0.01594	0.00897	0.01033	0.00720	0.00548	0.00496	0.00143	0.00899	0.00381	0.00306	0.00659
1	0.03557	0.01207	0.01950	0.20386	0.14985	0.01321	0.18438	0.14216	0.04742	0.01911	0.01094	0.01384	0.00845	0.00563	0.00643	0.00173	0.07594	0.00508	0.03767	0.00716
2	0.01688	0.01225	0.01327	0.01068	0.01393	0.01339	0.00854	0.57001	0.02096	0.02836	0.01533	0.11635	0.01329	0.06549	0.00693	0.00189	0.00522	0.00629	0.05319	0.00774
3	0.22709	0.06063	0.10138	0.15726	0.01819	0.01145	0.06459	0.07568	0.01200	0.04677	0.06093	0.03912	0.03666	0.03190	0.00558	0.00180	0.00555	0.03362	0.00348	0.00630
4	0.05367	0.01831	0.01577	0.01707	0.19776	0.37944	0.01103	0.08939	0.08862	0.01749	0.01035	0.01171	0.00831	0.00541	0.00487	0.00145	0.00733	0.00405	0.00324	0.05473
5	0.01770	0.03058	0.01392	0.05855	0.01566	0.04594	0.00900	0.40323	0.05012	0.14203	0.01594	0.03341	0.04253	0.02442	0.00566	0.00164	0.00537	0.00528	0.03356	0.04545

[dist]
# distance from previous block
# <min> <max>
1	5

[block]
# block no. 13 follows, 46 sequences, length 15
# corresponding to MSA columns:
# 368-382
name=unknown_N
#
# <colnr> <probs for GDERKNQSTAVLIFYWHMCP>
#	G	D	E	R	K	N	Q	S	T	A	V	L	I	F	Y	W	H	M	C	P
0	0.09199	0.01131	0.01208	0.01032	0.02860	0.03407	0.00809	0.21351	0.21815	0.14747	0.03526	0.01755	0.02951	0.00667	0.00502	0.00161	0.00465	0.01634	0.06199	0.04582
1	0.01925	0.00876	0.01124	0.00901	0.01247	0.00806	0.00730	0.05727	0.08314	0.52753	0.11887	0.02306	0.07452	0.00764	0.00551	0.00166	0.00414	0.00632	0.00617	0.00810
2	0.01096	0.00940	0.01096	0.00783	0.01253	0.00705	0.00626	0.01331	0.01096	0.01723	0.00940	0.01096	0.00783	0.00392	0.00392	0.00078	0.00392	0.00313	0.00313	0.84653
3	0.03202	0.00620	0.00740	0.00703	0.00875	0.00588	0.00545	0.01168	0.06495	0.06353	0.38031	0.04025	0.24537	0.01194	0.02749	0.00195	0.00332	0.06584	0.00535	0.00531
4	0.01799	0.00770	0.01041	0.00847	0.01153	0.00677	0.00679	0.02013	0.01486	0.51747	0.25263	0.05965	0.02529	0.00829	0.00566	0.00167	0.00382	0.00704	0.00625	0.00756
5	0.01095	0.04946	0.56523	0.01693	0.10766	0.01227	0.07660	0.01621	0.01135	0.01662	0.02959	0.01264	0.00836	0.00642	0.03566	0.00192	0.00776	0.00436	0.00243	0.00760
