[name]
unknown

[dist]
# distance from previous block
# <min> <max>
0	34

[block]
# block no. 0 follows, 44 sequences, length 21
# corresponding to MSA columns:
# 34-54
name=unknown_A
#
# <colnr> <probs for GDERKNQSTAVLIFYWHMCP>
#	G	D	E	R	K	N	Q	S	T	A	V	L	I	F	Y	W	H	M	C	P
0	0.01175	0.17507	0.45248	0.01331	0.01913	0.05143	0.01547	0.01618	0.01159	0.01584	0.01187	0.01776	0.01035	0.00759	0.02895	0.00193	0.02924	0.10013	0.00271	0.00722
1	0.00881	0.03965	0.01132	0.01203	0.11024	0.00822	0.00822	0.01092	0.00934	0.01334	0.01375	0.01986	0.01270	0.03468	0.65232	0.00751	0.01318	0.00559	0.00287	0.00545
2	0.01204	0.11502	0.01369	0.00851	0.01317	0.00952	0.00710	0.04623	0.01195	0.01778	0.01034	0.01309	0.00894	0.00468	0.00417	0.00096	0.00440	0.03322	0.00328	0.66191
3	0.01141	0.13100	0.68154	0.01472	0.02234	0.01383	0.01872	0.01714	0.01145	0.01668	0.00949	0.01115	0.00692	0.00511	0.00496	0.00165	0.00776	0.00388	0.00231	0.00792
4	0.01051	0.02523	0.67875	0.01440	0.02157	0.01167	0.01817	0.01635	0.01202	0.01787	0.10973	0.01534	0.01275	0.00596	0.00534	0.00172	0.00734	0.00479	0.00279	0.00767
5	0.00742	0.00548	0.00782	0.11101	0.01190	0.00556	0.00653	0.00862	0.01050	0.01393	0.04320	0.59962	0.03073	0.01544	0.00769	0.05555	0.00387	0.04600	0.00456	0.00455
6	0.01042	0.00994	0.01713	0.75742	0.03710	0.01219	0.05141	0.01410	0.01100	0.01410	0.00976	0.01454	0.00732	0.00541	0.00550	0.00182	0.00736	0.00492	0.00244	0.00612
7	0.01401	0.01182	0.01261	0.01085	0.01430	0.01308	0.00852	0.10251	0.58896	0.02334	0.01960	0.01840	0.01475	0.00687	0.00534	0.00169	0.00445	0.00565	0.00523	0.11801
8	0.01130	0.00969	0.01130	0.00807	0.01292	0.00727	0.00646	0.01373	0.01130	0.01776	0.00969	0.01130	0.00807	0.00404	0.00404	0.00081	0.00404	0.00323	0.00323	0.84173
9	0.01130	0.00969	0.01130	0.00807	0.01292	0.00727	0.00646	0.01373	0.01130	0.01776	0.00969	0.01130	0.00807	0.00404	0.00404	0.00081	0.00404	0.00323	0.00323	0.84173
10	0.00745	0.00542	0.00701	0.00691	0.00805	0.00498	0.00507	0.00965	0.01435	0.02000	0.59440	0.17938	0.09220	0.01238	0.00653	0.00181	0.00269	0.01098	0.00577	0.00498
11	0.03419	0.01253	0.01421	0.06322	0.01657	0.01343	0.00948	0.40535	0.10463	0.12402	0.01518	0.01607	0.01113	0.00658	0.00530	0.00162	0.00536	0.02509	0.03652	0.07953
12	0.00664	0.00474	0.00633	0.00759	0.00791	0.00443	0.00506	0.00759	0.01044	0.01392	0.03005	0.80485	0.03606	0.01708	0.00696	0.00221	0.00316	0.01550	0.00506	0.00443
13	0.00923	0.00602	0.00755	0.00714	0.00875	0.00550	0.00536	0.01172	0.03704	0.09608	0.45153	0.14016	0.16939	0.01183	0.00638	0.00180	0.00294	0.01033	0.00578	0.00548
14	0.02121	0.01334	0.01498	0.01157	0.01577	0.01419	0.00953	0.52582	0.04465	0.22675	0.01567	0.01491	0.01071	0.00662	0.00542	0.00165	0.00551	0.00510	0.02745	0.00915
15	0.00671	0.00507	0.00620	0.00690	0.00778	0.00456	0.00480	0.00796	0.01158	0.01505	0.12113	0.49836	0.25325	0.01545	0.00675	0.00205	0.00298	0.01369	0.00517	0.00456
16	0.00774	0.00554	0.00716	0.00677	0.00793	0.00516	0.00496	0.01006	0.01470	0.02075	0.69743	0.04023	0.04833	0.08945	0.00852	0.00207	0.00284	0.00967	0.00574	0.00496
17	0.84691	0.01054	0.00801	0.00717	0.01054	0.01223	0.00590	0.01603	0.00928	0.02446	0.00759	0.00886	0.00590	0.00506	0.00337	0.00169	0.00422	0.00295	0.00337	0.00590
18	0.00972	0.00533	0.00587	0.00585	0.00700	0.00553	0.00440	0.01205	0.01103	0.01889	0.03202	0.05046	0.01544	0.02794	0.09010	0.00224	0.02326	0.00570	0.66214	0.00502
19	0.03465	0.01063	0.01219	0.00894	0.01362	0.00909	0.00723	0.14092	0.01403	0.08037	0.01114	0.01212	0.00865	0.00470	0.00437	0.00104	0.00442	0.00368	0.00389	0.61432
20	0.01158	0.16811	0.64594	0.01443	0.02188	0.01425	0.01821	0.01710	0.01143	0.01647	0.00939	0.01102	0.00692	0.00509	0.00488	0.00163	0.00766	0.00383	0.00231	0.00787

[dist]
# distance from previous block
# <min> <max>
0	2

[block]
# block no. 1 follows, 44 sequences, length 13
# corresponding to MSA columns:
# 57-69
name=unknown_B
#
# <colnr> <probs for GDERKNQSTAVLIFYWHMCP>
#	G	D	E	R	K	N	Q	S	T	A	V	L	I	F	Y	W	H	M	C	P
0	0.00784	0.00641	0.00976	0.00964	0.01048	0.00659	0.07068	0.00930	0.01067	0.01454	0.06229	0.56496	0.03046	0.01617	0.04786	0.00252	0.07835	0.03203	0.00455	0.00490
1	0.01197	0.01206	0.01744	0.01473	0.01500	0.01656	0.04776	0.01333	0.00857	0.01333	0.00734	0.01206	0.00721	0.00930	0.01734	0.00236	0.76035	0.00485	0.00240	0.00603
2	0.09553	0.01092	0.01336	0.02852	0.01499	0.01071	0.04340	0.10722	0.13344	0.23770	0.01525	0.01503	0.01088	0.00592	0.00525	0.00151	0.02291	0.00473	0.00481	0.21791
3	0.01616	0.01052	0.01209	0.01032	0.01334	0.01112	0.00811	0.23839	0.20210	0.17725	0.04550	0.19284	0.01927	0.00929	0.00585	0.00183	0.00457	0.00785	0.00567	0.00790
4	0.00654	0.00553	0.00566	0.00563	0.00742	0.00464	0.00422	0.00802	0.01266	0.01528	0.11112	0.05155	0.71595	0.01360	0.00644	0.00183	0.00275	0.01138	0.00514	0.00464
5	0.01863	0.01409	0.01510	0.01204	0.01597	0.01570	0.00978	0.56966	0.18529	0.03107	0.01572	0.04517	0.01190	0.00714	0.00553	0.00170	0.00552	0.00559	0.00546	0.00895
6	0.05523	0.01253	0.04669	0.01315	0.08936	0.02820	0.00981	0.13901	0.31303	0.16451	0.01837	0.05724	0.01399	0.00715	0.00545	0.00176	0.00506	0.00589	0.00515	0.00844
7	0.01249	0.00973	0.01344	0.01166	0.01238	0.01242	0.00940	0.01374	0.00935	0.11880	0.01167	0.01768	0.01081	0.13131	0.12564	0.00361	0.46130	0.00549	0.00320	0.00588
8	0.00676	0.00479	0.00629	0.00744	0.00773	0.00451	0.00490	0.00762	0.01021	0.01361	0.02887	0.73436	0.03457	0.08959	0.00886	0.00250	0.00336	0.01480	0.00490	0.00433
9	0.01193	0.01063	0.01394	0.01229	0.01311	0.01360	0.00989	0.11554	0.04390	0.01668	0.01421	0.20569	0.01490	0.01087	0.01297	0.00222	0.46041	0.00746	0.00360	0.00616
10	0.01933	0.01385	0.01533	0.05205	0.01717	0.01525	0.01006	0.56265	0.10061	0.09099	0.01575	0.01549	0.03224	0.00680	0.00549	0.00168	0.00569	0.00527	0.00540	0.00891
11	0.01255	0.03838	0.39278	0.03782	0.02333	0.01223	0.24162	0.01743	0.01220	0.08664	0.01252	0.06527	0.00985	0.00592	0.00568	0.00178	0.00770	0.00565	0.00303	0.00764
12	0.01365	0.05051	0.03038	0.02182	0.04583	0.05178	0.64511	0.01786	0.01298	0.03860	0.01103	0.01428	0.00831	0.00472	0.00618	0.00178	0.00888	0.00607	0.00285	0.00737

[dist]
# distance from previous block
# <min> <max>
0	1

[block]
# block no. 2 follows, 44 sequences, length 20
# corresponding to MSA columns:
# 71-90
name=unknown_C
#
# <colnr> <probs for GDERKNQSTAVLIFYWHMCP>
#	G	D	E	R	K	N	Q	S	T	A	V	L	I	F	Y	W	H	M	C	P
0	0.01134	0.00982	0.01163	0.00845	0.01300	0.00783	0.00679	0.01369	0.01113	0.01749	0.00954	0.01134	0.00802	0.00437	0.00487	0.00090	0.05154	0.00332	0.00318	0.79175
1	0.01130	0.00969	0.01130	0.00807	0.01292	0.00727	0.00646	0.01373	0.01130	0.01776	0.00969	0.01130	0.00807	0.00404	0.00404	0.00081	0.00404	0.00323	0.00323	0.84173
2	0.00770	0.00614	0.00695	0.00718	0.00889	0.00566	0.00570	0.03058	0.03655	0.01605	0.06130	0.09535	0.48202	0.01384	0.00669	0.00202	0.00349	0.19383	0.00510	0.00497
3	0.01991	0.02484	0.01555	0.01401	0.01672	0.71728	0.01060	0.04685	0.01541	0.01406	0.00852	0.01006	0.00711	0.00587	0.00565	0.00147	0.05319	0.00363	0.00288	0.00640
4	0.01556	0.01059	0.01193	0.01043	0.01359	0.01152	0.00818	0.02670	0.52519	0.19882	0.05855	0.05030	0.01832	0.00779	0.00563	0.00182	0.00426	0.00653	0.00583	0.00845
5	0.00664	0.00474	0.00633	0.00759	0.00791	0.00443	0.00506	0.00759	0.01044	0.01392	0.03005	0.80485	0.03606	0.01708	0.00696	0.00221	0.00316	0.01550	0.00506	0.00443
6	0.02446	0.00928	0.01265	0.00970	0.01392	0.00801	0.00801	0.02657	0.01560	0.77817	0.02151	0.01856	0.01350	0.00675	0.00548	0.00169	0.00464	0.00548	0.00675	0.00928
7	0.00692	0.00488	0.00634	0.00740	0.00770	0.00463	0.00490	0.00777	0.01010	0.01345	0.02792	0.65550	0.03327	0.14560	0.01036	0.00272	0.00357	0.03793	0.00477	0.00426
8	0.01130	0.00969	0.01130	0.00807	0.01292	0.00727	0.00646	0.01373	0.01130	0.01776	0.00969	0.01130	0.00807	0.00404	0.00404	0.00081	0.00404	0.00323	0.00323	0.84173
9	0.01481	0.74055	0.05095	0.00980	0.01446	0.06704	0.00973	0.01668	0.01135	0.01299	0.00770	0.00890	0.00700	0.00474	0.00363	0.00120	0.00614	0.00299	0.00236	0.00699
10	0.00757	0.00519	0.00605	0.00630	0.00651	0.00506	0.00378	0.00793	0.00896	0.01189	0.04738	0.19843	0.06619	0.57103	0.02148	0.00433	0.00461	0.00978	0.00386	0.00367
11	0.02086	0.03460	0.01610	0.01207	0.01639	0.01582	0.01000	0.62764	0.04236	0.12708	0.01423	0.01385	0.00993	0.00654	0.00541	0.00164	0.00578	0.00496	0.00554	0.00920
12	0.01384	0.01317	0.02148	0.03043	0.65140	0.03431	0.03407	0.01686	0.01226	0.03824	0.01028	0.01343	0.00859	0.00531	0.00645	0.00168	0.07220	0.00487	0.00279	0.00834
13	0.00951	0.00596	0.00703	0.00678	0.00861	0.00517	0.00507	0.01104	0.01283	0.13746	0.12212	0.20716	0.41474	0.01309	0.00640	0.00188	0.00313	0.01122	0.00543	0.00537
14	0.01844	0.01475	0.01578	0.01230	0.01636	0.06995	0.04557	0.55432	0.02215	0.02920	0.01556	0.04024	0.05640	0.00701	0.00549	0.00161	0.00602	0.00552	0.00497	0.05837
15	0.00787	0.00652	0.00830	0.00817	0.00905	0.00701	0.00617	0.00930	0.01139	0.01528	0.15966	0.25295	0.23772	0.03981	0.02996	0.00233	0.15064	0.02838	0.00461	0.00487
16	0.00692	0.00504	0.00636	0.00724	0.00785	0.00468	0.00498	0.00801	0.01085	0.01423	0.06819	0.54086	0.14103	0.09329	0.00892	0.00245	0.00339	0.05637	0.00493	0.00441
17	0.04246	0.00887	0.01014	0.00914	0.01140	0.04495	0.00690	0.12350	0.01424	0.24462	0.02247	0.34395	0.02206	0.05982	0.00735	0.00210	0.00450	0.00952	0.00535	0.00665
18	0.06970	0.01368	0.01696	0.23010	0.14139	0.09096	0.02557	0.07403	0.02700	0.10266	0.02861	0.03825	0.01205	0.00779	0.00715	0.01476	0.05439	0.00570	0.00422	0.03500
19	0.01474	0.01278	0.01548	0.09981	0.14541	0.07190	0.01099	0.14271	0.11122	0.05777	0.01274	0.03469	0.01022	0.00636	0.00651	0.00162	0.08818	0.00496	0.00383	0.14809

[dist]
# distance from previous block
# <min> <max>
5	28

[block]
# block no. 3 follows, 44 sequences, length 28
# corresponding to MSA columns:
# 119-146
name=unknown_D
#
# <colnr> <probs for GDERKNQSTAVLIFYWHMCP>
#	G	D	E	R	K	N	Q	S	T	A	V	L	I	F	Y	W	H	M	C	P
0	0.03195	0.01155	0.01634	0.03850	0.01710	0.01155	0.14810	0.17099	0.07479	0.09726	0.03693	0.01630	0.01159	0.04725	0.03131	0.00196	0.03928	0.00528	0.00416	0.18780
1	0.02836	0.01036	0.01341	0.04725	0.01536	0.00938	0.07251	0.10120	0.05566	0.07721	0.04712	0.01750	0.07230	0.00594	0.00495	0.00130	0.00477	0.00505	0.00407	0.40630
2	0.05502	0.00879	0.01014	0.00804	0.01154	0.00777	0.00637	0.05052	0.05979	0.07956	0.18570	0.02030	0.03101	0.00655	0.00484	0.00128	0.00375	0.00541	0.05934	0.38428
3	0.27775	0.01037	0.01071	0.00890	0.01238	0.04852	0.00716	0.05340	0.02770	0.29304	0.04061	0.05926	0.01274	0.00787	0.03241	0.00188	0.00497	0.00510	0.00485	0.08037
4	0.84691	0.01054	0.00801	0.00717	0.01054	0.01223	0.00590	0.01603	0.00928	0.02446	0.00759	0.00886	0.00590	0.00506	0.00337	0.00169	0.00422	0.00295	0.00337	0.00590
5	0.00657	0.00551	0.00561	0.00559	0.00731	0.00466	0.00413	0.00791	0.01228	0.01474	0.07731	0.05116	0.70690	0.05700	0.00760	0.00202	0.00289	0.01126	0.00500	0.00455
6	0.00671	0.00485	0.00623	0.00729	0.00773	0.00450	0.00486	0.00763	0.01047	0.01378	0.03161	0.68430	0.10475	0.06747	0.00824	0.00238	0.00326	0.01464	0.00495	0.00437
7	0.01325	0.01271	0.02169	0.09087	0.71887	0.01289	0.01661	0.01652	0.01230	0.01752	0.01021	0.01357	0.00853	0.00490	0.00540	0.00163	0.00654	0.00486	0.00268	0.00844
8	0.01175	0.01034	0.01733	0.59437	0.18786	0.01206	0.01507	0.01522	0.01148	0.05767	0.01047	0.01455	0.00790	0.00540	0.00544	0.00177	0.00696	0.00488	0.00272	0.00677
9	0.01439	0.77089	0.06770	0.00965	0.01449	0.02111	0.00989	0.01637	0.01110	0.01306	0.00769	0.00889	0.00699	0.00469	0.00359	0.00120	0.00595	0.00297	0.00233	0.00705
10	0.00947	0.00473	0.00710	0.00710	0.00710	0.00473	0.00473	0.00710	0.00710	0.00947	0.00947	0.01657	0.00947	0.01894	0.02131	0.84138	0.00473	0.00473	0.00237	0.00237
11	0.00663	0.00478	0.00629	0.00750	0.00788	0.00444	0.00502	0.00760	0.01052	0.01395	0.03113	0.77255	0.06766	0.01694	0.00694	0.00220	0.00315	0.01533	0.00506	0.00444
12	0.00901	0.00679	0.00849	0.00875	0.00975	0.00709	0.00639	0.08982	0.05479	0.01726	0.08043	0.54134	0.03142	0.01447	0.00730	0.00212	0.04676	0.04762	0.00505	0.00535
13	0.01384	0.01361	0.02179	0.03249	0.73637	0.05178	0.01642	0.01698	0.01257	0.01759	0.01016	0.01331	0.00855	0.00490	0.00537	0.00161	0.00665	0.00479	0.00270	0.00852
14	0.01193	0.01193	0.01670	0.01431	0.01431	0.01670	0.01193	0.01312	0.00835	0.01312	0.00716	0.01193	0.00716	0.00954	0.01789	0.00239	0.79843	0.00477	0.00239	0.00596
15	0.01068	0.00990	0.01635	0.76647	0.03679	0.01229	0.01496	0.04127	0.01144	0.01468	0.00982	0.01448	0.00734	0.00549	0.00545	0.00181	0.00722	0.00485	0.00253	0.00617
16	0.01412	0.01159	0.01234	0.01102	0.01416	0.01327	0.00860	0.02885	0.72595	0.06173	0.02215	0.02025	0.01648	0.00736	0.00554	0.00184	0.00433	0.00613	0.00561	0.00866
17	0.01180	0.01123	0.01907	0.43643	0.38465	0.01251	0.01589	0.01525	0.01161	0.01576	0.00996	0.01404	0.00791	0.00517	0.00543	0.00172	0.00689	0.00485	0.00255	0.00727
18	0.00844	0.00656	0.00750	0.00715	0.00865	0.02404	0.00539	0.04997	0.01442	0.01927	0.42170	0.06760	0.21949	0.06531	0.00785	0.00203	0.00331	0.05080	0.00540	0.00511
19	0.01173	0.00968	0.01135	0.00813	0.01295	0.00729	0.00651	0.01414	0.01144	0.04238	0.01007	0.01154	0.00825	0.00413	0.00408	0.00084	0.00406	0.00330	0.00334	0.81479
20	0.02335	0.01105	0.01375	0.01054	0.01480	0.01065	0.00871	0.24284	0.01858	0.55770	0.01901	0.01694	0.01224	0.00669	0.00547	0.00167	0.00504	0.00531	0.00636	0.00928
21	0.00982	0.00596	0.00788	0.00734	0.00889	0.00543	0.00552	0.01211	0.01477	0.12260	0.56945	0.14192	0.04423	0.01136	0.00637	0.00178	0.00293	0.01004	0.00597	0.00560
22	0.00879	0.00574	0.00751	0.00712	0.00852	0.00525	0.00531	0.01108	0.01471	0.07714	0.59673	0.13730	0.07057	0.01166	0.00643	0.00178	0.00281	0.01031	0.00591	0.00534
23	0.07560	0.00904	0.01189	0.00929	0.01320	0.00803	0.00763	0.02448	0.01518	0.66425	0.08579	0.01986	0.01631	0.00702	0.00543	0.00169	0.00443	0.00570	0.00647	0.00870
24	0.02214	0.00945	0.01239	0.00968	0.01358	0.00859	0.00793	0.07965	0.04282	0.62083	0.09524	0.02041	0.01705	0.00719	0.00558	0.00169	0.00452	0.00590	0.00653	0.00884
25	0.00697	0.00498	0.00644	0.00744	0.00788	0.00469	0.00506	0.00797	0.01048	0.01388	0.04537	0.60060	0.07096	0.11600	0.00957	0.00259	0.00353	0.06636	0.00486	0.00435
26	0.00778	0.00527	0.00595	0.00602	0.00613	0.00520	0.00344	0.00790	0.00830	0.01097	0.01982	0.07974	0.05870	0.72384	0.02550	0.00494	0.00504	0.00853	0.00349	0.00343
27	0.03266	0.08211	0.01506	0.13021	0.01794	0.05771	0.00947	0.22761	0.04509	0.07213	0.01317	0.03991	0.02419	0.00607	0.00495	0.00145	0.00559	0.00477	0.00406	0.20585

[dist]
# distance from previous block
# <min> <max>
0	17

[block]
# block no. 4 follows, 44 sequences, length 18
# corresponding to MSA columns:
# 164-181
name=unknown_E
#
# <colnr> <probs for GDERKNQSTAVLIFYWHMCP>
#	G	D	E	R	K	N	Q	S	T	A	V	L	I	F	Y	W	H	M	C	P
0	0.00667	0.00485	0.00630	0.00738	0.00787	0.00447	0.00499	0.00772	0.01082	0.01432	0.06333	0.70815	0.09993	0.01655	0.00689	0.00216	0.00310	0.01492	0.00510	0.00447
1	0.01348	0.36271	0.37846	0.01273	0.01878	0.09801	0.01451	0.01734	0.01174	0.01496	0.00870	0.01015	0.00696	0.00501	0.00443	0.00145	0.00729	0.00350	0.00237	0.00742
2	0.12256	0.05857	0.03467	0.01307	0.01638	0.43315	0.04910	0.12111	0.02753	0.01808	0.00977	0.02862	0.00807	0.00597	0.00527	0.00155	0.03233	0.00412	0.00329	0.00679
3	0.00674	0.00495	0.00648	0.00746	0.00803	0.00470	0.00513	0.00785	0.01050	0.01388	0.03149	0.63055	0.12346	0.01919	0.08907	0.00286	0.00432	0.01399	0.00484	0.00450
4	0.01316	0.01261	0.02152	0.11374	0.69675	0.01286	0.01656	0.01644	0.01225	0.01740	0.01020	0.01360	0.00849	0.00492	0.00540	0.00164	0.00656	0.00486	0.00267	0.00836
5	0.07056	0.01007	0.01190	0.00960	0.01305	0.01007	0.00777	0.19428	0.06993	0.32444	0.17362	0.02234	0.04263	0.00775	0.00557	0.00170	0.00443	0.00631	0.00594	0.00803
6	0.01108	0.00627	0.00822	0.00746	0.00930	0.00564	0.00568	0.01331	0.01475	0.18138	0.48913	0.11738	0.08672	0.01100	0.00629	0.00177	0.00309	0.00963	0.00600	0.00591
7	0.00909	0.00605	0.00696	0.00673	0.00858	0.00533	0.00504	0.01104	0.03590	0.11138	0.12002	0.18298	0.44465	0.01304	0.00639	0.00188	0.00310	0.01114	0.00539	0.00534
8	0.01099	0.01082	0.01907	0.56800	0.06583	0.01285	0.12859	0.01452	0.01102	0.01456	0.00968	0.01426	0.00747	0.00569	0.00680	0.00187	0.08406	0.00508	0.00248	0.00636
9	0.49269	0.01086	0.01080	0.00874	0.01255	0.01144	0.03939	0.09959	0.01217	0.05555	0.03867	0.01168	0.00886	0.00532	0.00407	0.00152	0.00456	0.00375	0.00380	0.16400
10	0.01069	0.01017	0.01739	0.65325	0.12598	0.01209	0.04344	0.01425	0.01120	0.01456	0.01095	0.01537	0.02669	0.00556	0.00551	0.00179	0.00713	0.00507	0.00254	0.00638
11	0.01988	0.02374	0.01564	0.01387	0.01670	0.64010	0.01060	0.11512	0.01631	0.01602	0.00894	0.01038	0.00732	0.00598	0.00579	0.00150	0.05854	0.00377	0.00312	0.00668
12	0.01064	0.00766	0.00835	0.00754	0.00996	0.00741	0.00585	0.06057	0.15136	0.09850	0.10524	0.03954	0.44387	0.01121	0.00612	0.00180	0.00343	0.00934	0.00543	0.00617
13	0.01328	0.01273	0.02174	0.08446	0.72507	0.01290	0.01662	0.01654	0.01231	0.01755	0.01022	0.01356	0.00854	0.00490	0.00540	0.00163	0.00653	0.00486	0.00268	0.00846
14	0.00794	0.00588	0.00730	0.00806	0.00880	0.00588	0.00554	0.03674	0.09032	0.01543	0.02799	0.65674	0.03227	0.05376	0.00776	0.00230	0.00349	0.01377	0.00504	0.00499
15	0.00863	0.00581	0.00747	0.00714	0.00855	0.00537	0.00532	0.01114	0.03141	0.06681	0.54957	0.15215	0.09609	0.01185	0.00643	0.00180	0.00284	0.01045	0.00583	0.00533
16	0.00750	0.00545	0.00707	0.00691	0.00808	0.00501	0.00509	0.00978	0.01456	0.02038	0.63070	0.15401	0.08076	0.01214	0.00651	0.00179	0.00267	0.01076	0.00582	0.00501
17	0.00775	0.00561	0.00692	0.00662	0.00808	0.00504	0.00495	0.00992	0.01441	0.03873	0.52935	0.08126	0.23717	0.01202	0.00644	0.00177	0.00270	0.01046	0.00573	0.00507

[dist]
# distance from previous block
# <min> <max>
4	13

[block]
# block no. 5 follows, 44 sequences, length 28
# corresponding to MSA columns:
# 195-222
name=unknown_F
#
# <colnr> <probs for GDERKNQSTAVLIFYWHMCP>
#	G	D	E	R	K	N	Q	S	T	A	V	L	I	F	Y	W	H	M	C	P
0	0.13236	0.04146	0.01612	0.05772	0.10497	0.08528	0.06864	0.11604	0.08724	0.06956	0.03396	0.05162	0.01147	0.00682	0.00657	0.00176	0.09192	0.00533	0.00386	0.00727
1	0.05207	0.54600	0.16382	0.01047	0.01541	0.04680	0.01097	0.01649	0.01131	0.03098	0.00939	0.04734	0.00845	0.00545	0.00406	0.00136	0.00616	0.00380	0.00262	0.00704
2	0.01265	0.38165	0.36963	0.01201	0.01793	0.01612	0.01392	0.01647	0.01135	0.03086	0.02858	0.01196	0.00867	0.02731	0.01859	0.00169	0.00688	0.00384	0.00254	0.00734
3	0.03064	0.00554	0.00626	0.00649	0.00791	0.00497	0.00481	0.00864	0.01247	0.01623	0.17973	0.21239	0.42024	0.01384	0.00652	0.00193	0.00297	0.04851	0.00519	0.00472
4	0.11151	0.01632	0.01487	0.01205	0.01585	0.16126	0.00972	0.48829	0.04111	0.02818	0.01190	0.01251	0.00883	0.00750	0.03414	0.00187	0.00680	0.00450	0.00463	0.00816
5	0.01105	0.05308	0.75629	0.01534	0.02329	0.01294	0.01980	0.01724	0.01150	0.01712	0.00971	0.01142	0.00691	0.00516	0.00513	0.00171	0.00799	0.00399	0.00230	0.00802
6	0.01412	0.71428	0.12200	0.01010	0.01519	0.02046	0.01067	0.01644	0.01113	0.01338	0.00785	0.00909	0.00699	0.00473	0.00371	0.00124	0.00611	0.00305	0.00233	0.00713
7	0.00965	0.00884	0.01492	0.54071	0.02932	0.01032	0.06121	0.01285	0.01152	0.01512	0.10489	0.12630	0.01664	0.00768	0.00584	0.00186	0.00626	0.00702	0.00324	0.00581
8	0.00878	0.00666	0.00871	0.00987	0.03511	0.00670	0.00770	0.01214	0.08851	0.01622	0.02992	0.18872	0.10126	0.04365	0.00780	0.00240	0.00445	0.41117	0.00495	0.00529
9	0.00873	0.00721	0.00771	0.00736	0.00916	0.02839	0.00553	0.04568	0.10288	0.01854	0.25490	0.12483	0.33447	0.01207	0.00630	0.00182	0.00328	0.01030	0.00535	0.00548
10	0.02307	0.00925	0.01240	0.00969	0.01365	0.00819	0.00792	0.05995	0.01573	0.69091	0.02169	0.07172	0.01483	0.00744	0.00558	0.00172	0.00460	0.00614	0.00657	0.00895
11	0.00671	0.00480	0.00639	0.00754	0.00792	0.00448	0.00507	0.00777	0.01077	0.01444	0.07885	0.75455	0.03707	0.01669	0.00692	0.00218	0.00312	0.01513	0.00512	0.00448
12	0.01051	0.00991	0.01674	0.74354	0.08761	0.01217	0.01525	0.01412	0.01100	0.01419	0.00973	0.01446	0.00736	0.00541	0.00545	0.00180	0.00721	0.00485	0.00244	0.00623
13	0.01349	0.01295	0.02213	0.03346	0.77440	0.01295	0.01673	0.01673	0.01241	0.01781	0.01025	0.01349	0.00864	0.00486	0.00540	0.00162	0.00648	0.00486	0.00270	0.00864
14	0.01030	0.00969	0.01635	0.79530	0.03755	0.01211	0.01514	0.01393	0.01090	0.01393	0.00969	0.01453	0.00727	0.00545	0.00545	0.00182	0.00727	0.00484	0.00242	0.00606
15	0.02361	0.00909	0.01238	0.00956	0.01363	0.00787	0.00787	0.02575	0.01560	0.73996	0.05940	0.01968	0.01541	0.00697	0.00553	0.00169	0.00453	0.00570	0.00671	0.00907
16	0.01124	0.09358	0.71743	0.01502	0.02279	0.01340	0.01924	0.01719	0.01147	0.01689	0.00960	0.01128	0.00691	0.00514	0.00504	0.00168	0.00787	0.00394	0.00230	0.00797
17	0.00692	0.00524	0.00639	0.00674	0.00782	0.00471	0.00481	0.00851	0.01260	0.01665	0.27030	0.33966	0.26138	0.01424	0.00664	0.00195	0.00286	0.01253	0.00536	0.00471
18	0.01436	0.76483	0.07352	0.00970	0.01457	0.02104	0.00998	0.01638	0.01110	0.01309	0.00771	0.00891	0.00699	0.00470	0.00360	0.00120	0.00596	0.00298	0.00233	0.00706
19	0.07754	0.01336	0.01475	0.01143	0.01565	0.01429	0.00942	0.50242	0.04598	0.21676	0.01509	0.01438	0.01032	0.00652	0.00532	0.00166	0.00549	0.00496	0.00563	0.00902
20	0.01349	0.01295	0.02213	0.03346	0.77440	0.01295	0.01673	0.01673	0.01241	0.01781	0.01025	0.01349	0.00864	0.00486	0.00540	0.00162	0.00648	0.00486	0.00270	0.00864
21	0.00926	0.00755	0.00977	0.00933	0.01028	0.03911	0.00723	0.03162	0.00951	0.01352	0.01380	0.02076	0.01302	0.09870	0.54200	0.00687	0.10564	0.00574	0.04122	0.00506
22	0.00715	0.00510	0.00641	0.00694	0.00771	0.00473	0.00480	0.00859	0.01186	0.01618	0.22838	0.42955	0.12037	0.06841	0.00803	0.00221	0.00308	0.01256	0.04336	0.00459
23	0.00695	0.00533	0.00630	0.00648	0.00770	0.00475	0.00466	0.00854	0.01271	0.01662	0.27265	0.23902	0.33211	0.04209	0.00733	0.00202	0.00289	0.01187	0.00529	0.00468
24	0.01021	0.00857	0.00889	0.00833	0.01007	0.05757	0.00616	0.05189	0.17650	0.01908	0.26582	0.11427	0.12015	0.10761	0.00874	0.00222	0.00400	0.00896	0.00513	0.00582
25	0.00757	0.00518	0.00623	0.00656	0.00673	0.00512	0.00401	0.00801	0.00892	0.01198	0.04777	0.24331	0.02506	0.52951	0.05695	0.00449	0.00505	0.00995	0.00386	0.00375
26	0.06965	0.03003	0.01101	0.00993	0.02506	0.21609	0.00747	0.05277	0.05508	0.04000	0.23833	0.05068	0.10054	0.01087	0.05699	0.00211	0.00592	0.00697	0.00447	0.00603
27	0.01275	0.01345	0.09331	0.01351	0.01823	0.01135	0.19436	0.09634	0.10818	0.01976	0.01288	0.05122	0.01052	0.00574	0.00558	0.00148	0.02602	0.00528	0.00362	0.29642

[dist]
# distance from previous block
# <min> <max>
0	8

[block]
# block no. 6 follows, 44 sequences, length 9
# corresponding to MSA columns:
# 231-239
name=unknown_G
#
# <colnr> <probs for GDERKNQSTAVLIFYWHMCP>
#	G	D	E	R	K	N	Q	S	T	A	V	L	I	F	Y	W	H	M	C	P
0	0.01826	0.01224	0.01376	0.01114	0.01474	0.01312	0.00904	0.42923	0.10912	0.14852	0.05781	0.07862	0.01594	0.00805	0.00571	0.00175	0.00515	0.03371	0.00565	0.00845
1	0.01223	0.13109	0.48037	0.05729	0.02339	0.05874	0.12896	0.01725	0.01185	0.01629	0.00959	0.01168	0.00715	0.00506	0.00514	0.00165	0.00799	0.00426	0.00241	0.00760
2	0.00734	0.00523	0.00711	0.06495	0.00987	0.00510	0.00562	0.00813	0.01034	0.01363	0.05735	0.52161	0.09804	0.04062	0.00928	0.11081	0.00367	0.01250	0.00450	0.00429
3	0.01417	0.01515	0.03991	0.14674	0.25612	0.16215	0.08192	0.03697	0.11165	0.01730	0.01196	0.01505	0.00964	0.00569	0.00543	0.00166	0.00714	0.02343	0.00319	0.03473
4	0.01218	0.01260	0.05353	0.09113	0.17172	0.04278	0.26129	0.01551	0.01256	0.04781	0.07705	0.08905	0.04396	0.00709	0.00645	0.00181	0.03616	0.00695	0.00341	0.00695
5	0.02072	0.01527	0.01636	0.01254	0.01691	0.01691	0.01036	0.75622	0.02563	0.03436	0.01309	0.01309	0.00927	0.00654	0.00545	0.00164	0.00600	0.00491	0.00545	0.00927
6	0.00696	0.00478	0.00621	0.00736	0.00776	0.00449	0.00495	0.00806	0.01053	0.01450	0.02892	0.73299	0.03403	0.01610	0.00667	0.00213	0.00311	0.01454	0.08141	0.00449
7	0.01620	0.01723	0.01456	0.01252	0.01531	0.35247	0.06022	0.12503	0.03063	0.03449	0.01602	0.07423	0.07950	0.02797	0.02724	0.00191	0.05116	0.00584	0.00371	0.03376
8	0.01120	0.01062	0.01799	0.57902	0.24674	0.01235	0.01559	0.01472	0.01133	0.01503	0.00985	0.01424	0.00766	0.00528	0.00544	0.00176	0.00704	0.00485	0.00250	0.00679

[dist]
# distance from previous block
# <min> <max>
0	5

[block]
# block no. 7 follows, 44 sequences, length 29
# corresponding to MSA columns:
# 245-273
name=unknown_H
#
# <colnr> <probs for GDERKNQSTAVLIFYWHMCP>
#	G	D	E	R	K	N	Q	S	T	A	V	L	I	F	Y	W	H	M	C	P
0	0.00663	0.00481	0.00626	0.00743	0.00786	0.00444	0.00499	0.00761	0.01060	0.01398	0.03205	0.74493	0.09468	0.01682	0.00692	0.00218	0.00313	0.01518	0.00506	0.00444
1	0.35080	0.00997	0.01103	0.04570	0.05490	0.01044	0.00781	0.04340	0.04232	0.28368	0.01443	0.01500	0.01025	0.00605	0.00456	0.00168	0.00459	0.01762	0.05838	0.00737
2	0.07374	0.01614	0.01533	0.01222	0.01623	0.13299	0.00991	0.53041	0.05152	0.06882	0.01282	0.01289	0.00922	0.00635	0.00524	0.00162	0.00633	0.00465	0.00499	0.00858
3	0.01179	0.00794	0.00916	0.00821	0.01060	0.00789	0.00635	0.04047	0.20184	0.13667	0.23022	0.06105	0.22509	0.01029	0.00605	0.00179	0.00350	0.00874	0.00571	0.00661
4	0.00780	0.00527	0.00614	0.00630	0.00644	0.00521	0.00376	0.00811	0.00872	0.01168	0.05618	0.12220	0.02354	0.65691	0.02377	0.00468	0.00491	0.03114	0.00368	0.00357
5	0.06381	0.01145	0.01352	0.01053	0.01459	0.01154	0.00866	0.29063	0.04723	0.40750	0.05087	0.01712	0.01337	0.00681	0.00541	0.00168	0.00501	0.00536	0.00603	0.00890
6	0.01125	0.09590	0.71521	0.01500	0.02277	0.01343	0.01921	0.01718	0.01147	0.01688	0.00959	0.01127	0.00691	0.00514	0.00503	0.00168	0.00786	0.00393	0.00230	0.00797
7	0.00664	0.00474	0.00633	0.00759	0.00791	0.00443	0.00506	0.00759	0.01044	0.01392	0.03005	0.80485	0.03606	0.01708	0.00696	0.00221	0.00316	0.01550	0.00506	0.00443
8	0.01945	0.00965	0.03571	0.00917	0.01274	0.00869	0.00769	0.11657	0.03487	0.44251	0.05453	0.01909	0.01471	0.00681	0.00516	0.00160	0.00437	0.00550	0.18304	0.00814
9	0.01588	0.01642	0.01289	0.01177	0.01414	0.34202	0.00898	0.08992	0.12057	0.04638	0.04836	0.15262	0.01661	0.00873	0.00620	0.00174	0.04393	0.03207	0.00418	0.00660
10	0.01566	0.01107	0.01254	0.01117	0.03167	0.01202	0.00869	0.13491	0.40824	0.14966	0.04142	0.02347	0.05217	0.00799	0.00571	0.00182	0.00460	0.05324	0.00562	0.00832
11	0.00781	0.00574	0.00826	0.00826	0.00906	0.00654	0.00619	0.00941	0.00861	0.01228	0.01506	0.02396	0.01473	0.17782	0.65138	0.00814	0.01294	0.00621	0.00299	0.00459
12	0.00779	0.00584	0.00876	0.00876	0.00974	0.00681	0.00681	0.00974	0.00876	0.01266	0.01460	0.02142	0.01363	0.04089	0.78680	0.00876	0.01460	0.00584	0.00292	0.00487
13	0.01111	0.01052	0.01782	0.60147	0.22502	0.01233	0.01555	0.01464	0.01129	0.01492	0.00983	0.01427	0.00762	0.00530	0.00544	0.00177	0.00707	0.00485	0.00249	0.00671
14	0.01249	0.36236	0.45960	0.01289	0.01950	0.01646	0.01553	0.01686	0.01133	0.01537	0.00884	0.01033	0.00694	0.00496	0.00446	0.00149	0.00711	0.00355	0.00231	0.00760
15	0.01106	0.02733	0.73203	0.01602	0.02391	0.01273	0.06740	0.01728	0.01160	0.01728	0.00986	0.01172	0.00699	0.00514	0.00526	0.00173	0.00813	0.00418	0.00233	0.00801
16	0.76051	0.01017	0.00815	0.00725	0.01052	0.01161	0.00594	0.01607	0.00992	0.05399	0.05729	0.01129	0.00913	0.00552	0.00365	0.00169	0.00413	0.00350	0.00368	0.00599
17	0.01044	0.00984	0.01662	0.75975	0.07194	0.01215	0.01521	0.01406	0.01097	0.01411	0.00972	0.01449	0.00733	0.00542	0.00545	0.00181	0.00723	0.00485	0.00244	0.00618
18	0.01046	0.00986	0.01665	0.75662	0.07496	0.01216	0.01522	0.01407	0.01098	0.01413	0.00972	0.01448	0.00734	0.00542	0.00545	0.00181	0.00723	0.00485	0.00244	0.00619
19	0.00673	0.00551	0.00593	0.00587	0.00755	0.00472	0.00439	0.00836	0.01304	0.01628	0.21270	0.06905	0.59433	0.01330	0.00645	0.00182	0.00273	0.01124	0.00527	0.00472
20	0.01331	0.01277	0.02180	0.07659	0.73268	0.01291	0.01664	0.01657	0.01233	0.01759	0.01022	0.01355	0.00856	0.00489	0.00540	0.00163	0.00652	0.00486	0.00268	0.00849
21	0.07098	0.01053	0.01301	0.01069	0.01420	0.01078	0.04964	0.11698	0.21313	0.28748	0.03911	0.06386	0.04203	0.00779	0.00560	0.00179	0.00477	0.02389	0.00561	0.00815
22	0.01010	0.00929	0.01549	0.73070	0.03508	0.01150	0.01428	0.01356	0.01089	0.01411	0.01101	0.05684	0.00899	0.00610	0.00548	0.00182	0.00691	0.00542	0.02648	0.00594
23	0.00676	0.00545	0.00602	0.00606	0.00761	0.00471	0.00448	0.00837	0.01290	0.01629	0.21800	0.13402	0.52311	0.01356	0.00650	0.00185	0.00276	0.01157	0.00528	0.00471
24	0.01122	0.08866	0.72216	0.01506	0.02285	0.01335	0.01931	0.01719	0.01148	0.01692	0.00961	0.01130	0.00691	0.00514	0.00505	0.00168	0.00789	0.00394	0.00230	0.00798
25	0.01310	0.01255	0.02141	0.12780	0.68315	0.01285	0.01653	0.01638	0.01223	0.01733	0.01018	0.01362	0.00847	0.00493	0.00540	0.00164	0.00657	0.00486	0.00266	0.00832
26	0.01247	0.01191	0.02027	0.27803	0.53786	0.01268	0.01622	0.01583	0.01193	0.01656	0.01007	0.01383	0.00820	0.00505	0.00541	0.00168	0.00673	0.00485	0.00261	0.00781
27	0.01891	0.01969	0.01499	0.01295	0.01626	0.39203	0.01005	0.23145	0.18937	0.02146	0.01289	0.01315	0.00986	0.00629	0.00521	0.00157	0.00749	0.00451	0.00418	0.00768
28	0.01051	0.00739	0.00841	0.00768	0.00890	0.00771	0.00532	0.14090	0.03934	0.03068	0.04748	0.06980	0.06763	0.44047	0.08091	0.00422	0.00575	0.00780	0.00410	0.00499

[dist]
# distance from previous block
# <min> <max>
0	2

[block]
# block no. 8 follows, 44 sequences, length 16
# corresponding to MSA columns:
# 276-291
name=unknown_I
#
# <colnr> <probs for GDERKNQSTAVLIFYWHMCP>
#	G	D	E	R	K	N	Q	S	T	A	V	L	I	F	Y	W	H	M	C	P
0	0.05469	0.01711	0.01518	0.01266	0.01585	0.24507	0.01011	0.30070	0.07709	0.07920	0.01206	0.01277	0.00908	0.00666	0.00678	0.00168	0.10669	0.00453	0.00429	0.00778
1	0.01846	0.01340	0.01439	0.01117	0.01509	0.01451	0.00912	0.59512	0.02245	0.03086	0.01350	0.01442	0.01002	0.02847	0.00578	0.00163	0.00543	0.00489	0.10220	0.06907
2	0.01033	0.00708	0.00857	0.00772	0.00981	0.00651	0.00576	0.01312	0.07327	0.10028	0.17484	0.17964	0.13134	0.08549	0.00818	0.00203	0.01861	0.00903	0.00496	0.14346
3	0.01178	0.20986	0.60589	0.01410	0.02137	0.01473	0.01764	0.01705	0.01141	0.01624	0.00927	0.01087	0.00693	0.00506	0.00479	0.00160	0.00754	0.00377	0.00231	0.00781
4	0.00700	0.00517	0.00689	0.00789	0.00817	0.00516	0.00536	0.00792	0.01020	0.01371	0.02816	0.72404	0.03367	0.05395	0.00855	0.00237	0.04795	0.01454	0.00483	0.00446
5	0.04167	0.02107	0.01593	0.01365	0.01679	0.50440	0.06720	0.13756	0.01632	0.01744	0.01295	0.01405	0.06671	0.00639	0.00548	0.00154	0.02613	0.00459	0.00341	0.00672
6	0.00681	0.00554	0.00603	0.00591	0.00759	0.00476	0.00443	0.00853	0.01329	0.01678	0.26124	0.04909	0.56489	0.01304	0.00644	0.00180	0.00271	0.01103	0.00533	0.00476
7	0.01030	0.00969	0.01635	0.79530	0.03755	0.01211	0.01514	0.01393	0.01090	0.01393	0.00969	0.01453	0.00727	0.00545	0.00545	0.00182	0.00727	0.00484	0.00242	0.00606
8	0.00811	0.00574	0.00826	0.00826	0.00927	0.00658	0.00640	0.01014	0.00913	0.01371	0.01504	0.02127	0.01368	0.03614	0.67924	0.00773	0.01295	0.00574	0.11773	0.00490
9	0.01149	0.00697	0.00647	0.00612	0.00770	0.04894	0.00466	0.06720	0.01269	0.02096	0.01693	0.01922	0.01325	0.00633	0.00399	0.00130	0.00319	0.00498	0.73217	0.00545
10	0.00786	0.00530	0.00593	0.00593	0.00601	0.00526	0.00334	0.00792	0.00812	0.01075	0.01881	0.03640	0.05209	0.77432	0.02683	0.00514	0.00518	0.00808	0.00338	0.00336
11	0.01349	0.01295	0.02213	0.03346	0.77440	0.01295	0.01673	0.01673	0.01241	0.01781	0.01025	0.01349	0.00864	0.00486	0.00540	0.00162	0.00648	0.00486	0.00270	0.00864
12	0.01191	0.00651	0.00856	0.00751	0.00957	0.00584	0.00582	0.01430	0.01531	0.21405	0.54113	0.03573	0.08144	0.01017	0.00619	0.00171	0.00311	0.00884	0.00614	0.00617
13	0.02313	0.00932	0.01300	0.08342	0.01613	0.00840	0.00868	0.02538	0.01516	0.70645	0.02040	0.01818	0.01291	0.00663	0.00548	0.00170	0.00489	0.00542	0.00634	0.00898
14	0.00817	0.00615	0.00763	0.00716	0.00865	0.00589	0.00540	0.01186	0.08551	0.02142	0.64812	0.03968	0.10158	0.01099	0.00635	0.00174	0.00275	0.00963	0.00589	0.00543
15	0.00839	0.00639	0.00915	0.00891	0.00983	0.00751	0.00687	0.03037	0.00913	0.01309	0.01438	0.02199	0.01373	0.11020	0.65078	0.00788	0.05754	0.00595	0.00300	0.00490

[dist]
# distance from previous block
# <min> <max>
0	2

[block]
# block no. 9 follows, 44 sequences, length 23
# corresponding to MSA columns:
# 294-316
name=unknown_J
#
# <colnr> <probs for GDERKNQSTAVLIFYWHMCP>
#	G	D	E	R	K	N	Q	S	T	A	V	L	I	F	Y	W	H	M	C	P
0	0.00793	0.00529	0.00595	0.00595	0.00595	0.00529	0.00330	0.00793	0.00793	0.01057	0.01718	0.03568	0.01982	0.80840	0.02775	0.00529	0.00529	0.00793	0.00330	0.00330
1	0.01129	0.00886	0.01410	0.56720	0.02945	0.01056	0.01249	0.01444	0.01127	0.08008	0.01290	0.06690	0.01044	0.00652	0.00566	0.00178	0.02521	0.00562	0.09911	0.00611
2	0.03194	0.01007	0.01545	0.59632	0.06104	0.01201	0.01353	0.09125	0.01259	0.01655	0.01391	0.01745	0.07299	0.00625	0.00548	0.00179	0.00664	0.00538	0.00300	0.00637
3	0.01399	0.74269	0.02687	0.00928	0.01363	0.02031	0.00911	0.01576	0.01088	0.01281	0.00818	0.00983	0.00756	0.00777	0.07057	0.00182	0.00658	0.00317	0.00238	0.00681
4	0.00947	0.00473	0.00710	0.00710	0.00710	0.00473	0.00473	0.00710	0.00710	0.00947	0.00947	0.01657	0.00947	0.01894	0.02131	0.84138	0.00473	0.00473	0.00237	0.00237
5	0.07856	0.00761	0.00903	0.00783	0.01040	0.00705	0.00607	0.01495	0.07040	0.14316	0.30290	0.09463	0.07781	0.00923	0.00564	0.00163	0.00346	0.00787	0.00530	0.13648
6	0.01189	0.02686	0.72581	0.01513	0.02291	0.01233	0.01928	0.01792	0.01180	0.07114	0.01061	0.01201	0.00737	0.00529	0.00520	0.00172	0.00782	0.00413	0.00262	0.00814
7	0.02446	0.00928	0.01265	0.00970	0.01392	0.00801	0.00801	0.02657	0.01560	0.77817	0.02151	0.01856	0.01350	0.00675	0.00548	0.00169	0.00464	0.00548	0.00675	0.00928
8	0.00664	0.00474	0.00633	0.00759	0.00791	0.00443	0.00506	0.00759	0.01044	0.01392	0.03005	0.80485	0.03606	0.01708	0.00696	0.00221	0.00316	0.01550	0.00506	0.00443
9	0.01202	0.01145	0.01947	0.38413	0.43523	0.01257	0.01600	0.01544	0.01172	0.01602	0.00999	0.01397	0.00801	0.00513	0.00542	0.00171	0.00684	0.00485	0.00257	0.00745
10	0.00768	0.00524	0.00631	0.00659	0.00676	0.00525	0.00406	0.00808	0.00861	0.01154	0.01986	0.18953	0.02289	0.57132	0.08092	0.00486	0.00556	0.02755	0.00367	0.00369
11	0.00779	0.00584	0.00876	0.00876	0.00974	0.00681	0.00681	0.00974	0.00876	0.01266	0.01460	0.02142	0.01363	0.04089	0.78680	0.00876	0.01460	0.00584	0.00292	0.00487
12	0.01110	0.02704	0.71611	0.01618	0.02402	0.01276	0.08303	0.01728	0.01163	0.01728	0.00989	0.01178	0.00702	0.00513	0.00529	0.00174	0.00815	0.00423	0.00234	0.00800
13	0.01385	0.53973	0.20560	0.01110	0.01639	0.04718	0.01189	0.01764	0.06469	0.01461	0.00917	0.01026	0.00766	0.00502	0.00410	0.00136	0.00640	0.00343	0.00257	0.00734
14	0.26866	0.00965	0.01127	0.00895	0.01292	0.00927	0.00739	0.02344	0.01373	0.55438	0.01738	0.01568	0.01124	0.00625	0.00486	0.00169	0.00451	0.00473	0.00575	0.00828
15	0.00771	0.00579	0.00840	0.00837	0.00939	0.00653	0.00645	0.00962	0.00944	0.01340	0.07241	0.02497	0.06048	0.05560	0.66624	0.00776	0.01281	0.00651	0.00328	0.00483
16	0.01247	0.01216	0.01595	0.20479	0.01994	0.06505	0.01209	0.06624	0.01065	0.01473	0.00880	0.01358	0.00792	0.03826	0.02907	0.00237	0.45225	0.00486	0.00268	0.00612
17	0.01597	0.00966	0.01200	0.01119	0.06221	0.00979	0.00823	0.08620	0.21493	0.25970	0.14080	0.07885	0.03599	0.00850	0.00580	0.00178	0.00433	0.02044	0.00575	0.00790
18	0.00677	0.00484	0.00644	0.00751	0.00793	0.00451	0.00507	0.00790	0.01101	0.01483	0.11530	0.71699	0.03783	0.01640	0.00690	0.00216	0.00310	0.01485	0.00517	0.00451
19	0.01077	0.01019	0.01694	0.52486	0.03003	0.01272	0.06615	0.01356	0.01026	0.01372	0.00924	0.01413	0.00746	0.00713	0.00917	0.05656	0.17386	0.00493	0.00243	0.00589
20	0.01093	0.02820	0.78016	0.01554	0.02360	0.01266	0.02014	0.01727	0.01151	0.01727	0.00978	0.01151	0.00691	0.00518	0.00518	0.00173	0.00806	0.00403	0.00230	0.00806
21	0.00821	0.00601	0.00799	0.00877	0.01010	0.00579	0.00739	0.01053	0.01298	0.01699	0.16124	0.07462	0.14286	0.01425	0.00717	0.00227	0.00422	0.48847	0.00520	0.00497
22	0.00801	0.00641	0.00699	0.00658	0.00847	0.00591	0.00501	0.05804	0.04364	0.01834	0.25412	0.04532	0.48872	0.01233	0.00634	0.00179	0.00298	0.01040	0.00537	0.00522

[dist]
# distance from previous block
# <min> <max>
0	1

[block]
# block no. 10 follows, 44 sequences, length 6
# corresponding to MSA columns:
# 318-323
name=unknown_K
#
# <colnr> <probs for GDERKNQSTAVLIFYWHMCP>
#	G	D	E	R	K	N	Q	S	T	A	V	L	I	F	Y	W	H	M	C	P
0	0.51514	0.01107	0.01141	0.08062	0.07679	0.01234	0.00837	0.10286	0.01229	0.10924	0.01021	0.01133	0.00750	0.00544	0.00420	0.00169	0.00493	0.00379	0.00386	0.00691
1	0.01158	0.07495	0.01127	0.00891	0.01165	0.01063	0.00706	0.02007	0.38466	0.05446	0.09924	0.03035	0.23449	0.00932	0.00571	0.00177	0.00385	0.00773	0.00524	0.00706
2	0.01843	0.01355	0.01480	0.01144	0.01572	0.01434	0.00935	0.50050	0.11044	0.07025	0.01403	0.01393	0.01017	0.00622	0.00522	0.00152	0.00538	0.00480	0.00515	0.15478
3	0.01519	0.01337	0.01376	0.01359	0.09012	0.11224	0.00982	0.15111	0.32720	0.04427	0.01961	0.02294	0.04270	0.00787	0.00570	0.00180	0.00557	0.09042	0.00485	0.00790
4	0.01093	0.01241	0.10588	0.57170	0.16479	0.01232	0.01600	0.01481	0.01124	0.01499	0.00980	0.01400	0.00746	0.00532	0.00541	0.00177	0.00722	0.00475	0.00246	0.00674
5	0.01001	0.00572	0.00770	0.00814	0.00927	0.00526	0.00591	0.01139	0.01180	0.14822	0.06862	0.55956	0.03253	0.01477	0.00672	0.00212	0.00355	0.07794	0.00540	0.00537

[dist]
# distance from previous block
# <min> <max>
0	1

[block]
# block no. 11 follows, 44 sequences, length 82
# corresponding to MSA columns:
# 325-406
name=unknown_L
#
# <colnr> <probs for GDERKNQSTAVLIFYWHMCP>
#	G	D	E	R	K	N	Q	S	T	A	V	L	I	F	Y	W	H	M	C	P
0	0.01498	0.00966	0.01171	0.00864	0.01316	0.00780	0.00698	0.04940	0.01321	0.21550	0.04411	0.01447	0.01131	0.00514	0.00457	0.00111	0.00422	0.00416	0.00435	0.55555
1	0.00811	0.00647	0.00698	0.00666	0.00861	0.00602	0.00505	0.01167	0.11651	0.03551	0.19275	0.04490	0.50641	0.01223	0.00629	0.00181	0.00298	0.01030	0.00536	0.00538
2	0.01287	0.01471	0.03217	0.02298	0.02849	0.01379	0.75460	0.01746	0.01287	0.01746	0.01103	0.01471	0.00827	0.00460	0.00643	0.00184	0.00919	0.00643	0.00276	0.00735
3	0.01039	0.00982	0.01637	0.74984	0.03620	0.01238	0.01495	0.01388	0.01075	0.01388	0.00954	0.01438	0.00726	0.00569	0.00617	0.00185	0.05332	0.00484	0.00242	0.00605
4	0.00673	0.00481	0.00640	0.00753	0.00793	0.00449	0.00507	0.00781	0.01084	0.01455	0.08912	0.74397	0.03728	0.01661	0.00692	0.00217	0.00312	0.01505	0.00514	0.00449
5	0.00750	0.00554	0.00696	0.00665	0.00795	0.00505	0.00493	0.00978	0.01463	0.02025	0.62198	0.06112	0.15954	0.03556	0.00708	0.00185	0.00270	0.01019	0.00575	0.00499
6	0.01093	0.02820	0.78016	0.01554	0.02360	0.01266	0.02014	0.01727	0.01151	0.01727	0.00978	0.01151	0.00691	0.00518	0.00518	0.00173	0.00806	0.00403	0.00230	0.00806
7	0.00669	0.00559	0.00586	0.00594	0.00771	0.00476	0.00456	0.00821	0.01257	0.01518	0.08613	0.05265	0.67996	0.01378	0.00653	0.00189	0.00293	0.06929	0.00510	0.00466
8	0.01349	0.01295	0.02213	0.03346	0.77440	0.01295	0.01673	0.01673	0.01241	0.01781	0.01025	0.01349	0.00864	0.00486	0.00540	0.00162	0.00648	0.00486	0.00270	0.00864
9	0.03159	0.01060	0.01233	0.01018	0.01363	0.01103	0.00817	0.12927	0.26231	0.31317	0.02200	0.02069	0.06306	0.02631	0.00630	0.00184	0.02235	0.00601	0.02074	0.00842
10	0.00744	0.00554	0.00691	0.00661	0.00798	0.00502	0.00494	0.00973	0.01471	0.02025	0.61110	0.06141	0.19457	0.01182	0.00645	0.00175	0.00262	0.01032	0.00579	0.00502
11	0.02420	0.00970	0.01291	0.00990	0.01413	0.00864	0.00818	0.07794	0.01631	0.72580	0.02092	0.01817	0.01320	0.00673	0.00548	0.00168	0.00473	0.00544	0.00666	0.00928
12	0.01127	0.10046	0.71083	0.01497	0.02271	0.01348	0.01915	0.01718	0.01147	0.01686	0.00958	0.01126	0.00691	0.00513	0.00502	0.00167	0.00785	0.00393	0.00230	0.00796
13	0.01244	0.01390	0.02926	0.02130	0.02599	0.01358	0.64093	0.01651	0.01229	0.01684	0.01166	0.05644	0.00964	0.00575	0.00760	0.00191	0.08731	0.00675	0.00284	0.00706
14	0.00687	0.00484	0.00626	0.00730	0.00756	0.00458	0.00475	0.00765	0.00999	0.01332	0.02776	0.66829	0.03317	0.15757	0.01065	0.00276	0.00354	0.01415	0.00475	0.00423
15	0.01236	0.01255	0.01633	0.01406	0.01426	0.06022	0.01164	0.01360	0.00883	0.01332	0.00750	0.01202	0.00732	0.00924	0.01680	0.00230	0.73337	0.00471	0.02360	0.00596
