[name]
unknown

[dist]
# distance from previous block
# <min> <max>
0	32

[block]
# block no. 0 follows, 45 sequences, length 9
# corresponding to MSA columns:
# 34-42
name=unknown_A
#
# <colnr> <probs for GDERKNQSTAVLIFYWHMCP>
#	G	D	E	R	K	N	Q	S	T	A	V	L	I	F	Y	W	H	M	C	P
0	0.01764	0.00979	0.01325	0.01084	0.01423	0.00946	0.06408	0.15500	0.04696	0.34407	0.02057	0.12084	0.01712	0.00871	0.00586	0.00181	0.00498	0.09923	0.00556	0.02999
1	0.01585	0.01058	0.01239	0.00932	0.01373	0.00948	0.00755	0.15049	0.07185	0.19183	0.01367	0.01372	0.00999	0.00526	0.00465	0.00121	0.00447	0.00419	0.00452	0.44524
2	0.01008	0.00843	0.01001	0.00784	0.01159	0.00652	0.00605	0.01214	0.01094	0.01663	0.01412	0.19322	0.01425	0.00691	0.00463	0.00111	0.00378	0.00594	0.00359	0.65223
3	0.01091	0.01017	0.01628	0.60962	0.12164	0.01220	0.01429	0.01589	0.10552	0.01526	0.01114	0.01490	0.00847	0.00554	0.00537	0.00177	0.00670	0.00493	0.00280	0.00658
4	0.00643	0.00534	0.00562	0.00575	0.00735	0.00454	0.00424	0.00779	0.01213	0.01474	0.08553	0.14557	0.64878	0.01387	0.00641	0.00185	0.00276	0.01174	0.00503	0.00454
5	0.00654	0.00467	0.00623	0.00747	0.00779	0.00436	0.00498	0.00747	0.01028	0.01370	0.02959	0.80785	0.03550	0.01682	0.00685	0.00218	0.00311	0.01526	0.00498	0.00436
6	0.00671	0.00477	0.00627	0.00730	0.00766	0.00448	0.00486	0.00770	0.01046	0.01404	0.08430	0.69207	0.03542	0.07647	0.00836	0.00237	0.00323	0.01428	0.00492	0.00433
7	0.01189	0.00623	0.00684	0.00627	0.00783	0.00621	0.00462	0.04844	0.03660	0.11263	0.01777	0.02248	0.01472	0.16704	0.00879	0.00213	0.00351	0.00564	0.50488	0.00547
8	0.84927	0.01038	0.00789	0.00706	0.01038	0.01204	0.00581	0.01578	0.00914	0.02408	0.00747	0.00872	0.00581	0.00498	0.00332	0.00166	0.00415	0.00291	0.00332	0.00581

[dist]
# distance from previous block
# <min> <max>
0	1

[block]
# block no. 1 follows, 45 sequences, length 8
# corresponding to MSA columns:
# 44-51
name=unknown_B
#
# <colnr> <probs for GDERKNQSTAVLIFYWHMCP>
#	G	D	E	R	K	N	Q	S	T	A	V	L	I	F	Y	W	H	M	C	P
0	0.01052	0.00635	0.00829	0.00741	0.00935	0.00563	0.00564	0.01277	0.01428	0.14638	0.49317	0.12572	0.03887	0.01034	0.00603	0.00166	0.00307	0.00908	0.00568	0.07977
1	0.00900	0.00769	0.00910	0.02955	0.01043	0.06102	0.02414	0.04349	0.01101	0.01440	0.04051	0.49837	0.02685	0.10195	0.00986	0.00242	0.07951	0.01153	0.00431	0.00485
2	0.84927	0.01038	0.00789	0.00706	0.01038	0.01204	0.00581	0.01578	0.00914	0.02408	0.00747	0.00872	0.00581	0.00498	0.00332	0.00166	0.00415	0.00291	0.00332	0.00581
3	0.01127	0.01079	0.01513	0.57626	0.03035	0.06442	0.01321	0.01591	0.10149	0.01493	0.01112	0.01477	0.00851	0.00586	0.00595	0.00177	0.05030	0.00484	0.03687	0.00624
4	0.00683	0.00487	0.00626	0.00708	0.00753	0.00457	0.00472	0.00785	0.01061	0.01423	0.11804	0.58027	0.06600	0.12320	0.00953	0.00251	0.00331	0.01343	0.00486	0.00430
5	0.01690	0.05836	0.01725	0.01533	0.07361	0.42776	0.03632	0.05769	0.01343	0.01462	0.00840	0.01076	0.00723	0.00644	0.00817	0.00166	0.21275	0.00402	0.00276	0.00653
6	0.01207	0.01183	0.02330	0.01724	0.02112	0.01144	0.47941	0.01529	0.01187	0.06541	0.01670	0.02103	0.09334	0.10250	0.00966	0.00225	0.06894	0.00687	0.00325	0.00649
7	0.00666	0.00476	0.00633	0.00740	0.00781	0.00444	0.00499	0.00776	0.01081	0.01455	0.11076	0.72424	0.03715	0.01618	0.00679	0.00213	0.00305	0.01466	0.00508	0.00444

[dist]
# distance from previous block
# <min> <max>
0	7

[block]
# block no. 2 follows, 45 sequences, length 29
# corresponding to MSA columns:
# 59-87
name=unknown_C
#
# <colnr> <probs for GDERKNQSTAVLIFYWHMCP>
#	G	D	E	R	K	N	Q	S	T	A	V	L	I	F	Y	W	H	M	C	P
0	0.00882	0.00687	0.00679	0.00666	0.00701	0.06787	0.00410	0.00919	0.00877	0.01134	0.04157	0.03209	0.01906	0.65607	0.06911	0.00489	0.00595	0.00734	0.02282	0.00368
1	0.01275	0.01211	0.02055	0.03092	0.71644	0.01208	0.01556	0.01576	0.01207	0.01723	0.01165	0.07667	0.01066	0.00574	0.00544	0.00164	0.00612	0.00562	0.00284	0.00817
2	0.01096	0.00998	0.01610	0.73575	0.03535	0.01230	0.01453	0.07324	0.01189	0.01532	0.00981	0.01420	0.00731	0.00545	0.00537	0.00177	0.00706	0.00478	0.00262	0.00622
3	0.00802	0.00596	0.00748	0.00702	0.00842	0.00571	0.00526	0.01146	0.07498	0.02110	0.67246	0.03876	0.07153	0.03006	0.00677	0.00179	0.00274	0.00943	0.00578	0.00528
4	0.01543	0.01369	0.01952	0.01683	0.10283	0.05230	0.20618	0.27234	0.07445	0.03636	0.04143	0.06066	0.01227	0.00668	0.00628	0.00174	0.04305	0.00603	0.00413	0.00780
5	0.01927	0.01587	0.07712	0.01251	0.01703	0.01614	0.01088	0.66287	0.06256	0.03190	0.01309	0.01313	0.00932	0.00638	0.00535	0.00163	0.00598	0.00483	0.00513	0.00900
6	0.00760	0.00549	0.00718	0.00675	0.00802	0.00506	0.00506	0.01013	0.01519	0.02153	0.77503	0.04010	0.05065	0.01097	0.00633	0.00169	0.00253	0.00971	0.00591	0.00506
7	0.01995	0.02345	0.01529	0.01351	0.01654	0.63988	0.01030	0.14661	0.03539	0.01687	0.00941	0.01048	0.00752	0.00573	0.00495	0.00143	0.00891	0.00375	0.00327	0.00677
8	0.01317	0.01308	0.02366	0.03099	0.63584	0.01291	0.15700	0.01661	0.01231	0.01747	0.01024	0.01351	0.00843	0.00473	0.00551	0.00164	0.00688	0.00508	0.00267	0.00826
9	0.02084	0.01433	0.01567	0.01202	0.01630	0.01560	0.00993	0.67250	0.02406	0.12296	0.01388	0.01353	0.00962	0.00647	0.00537	0.00162	0.00575	0.00490	0.00552	0.00913
10	0.02071	0.01105	0.01265	0.01029	0.01405	0.06076	0.00829	0.04698	0.22696	0.49742	0.02029	0.01805	0.01362	0.00674	0.00538	0.00169	0.00485	0.00544	0.00602	0.00877
11	0.84927	0.01038	0.00789	0.00706	0.01038	0.01204	0.00581	0.01578	0.00914	0.02408	0.00747	0.00872	0.00581	0.00498	0.00332	0.00166	0.00415	0.00291	0.00332	0.00581
12	0.01118	0.00971	0.01184	0.00845	0.01325	0.00738	0.03217	0.01364	0.01118	0.01748	0.00959	0.01125	0.00796	0.00399	0.00406	0.00083	0.00415	0.00329	0.00316	0.81544
13	0.00781	0.00520	0.00585	0.00585	0.00585	0.00520	0.00325	0.00781	0.00781	0.01041	0.01691	0.03513	0.01952	0.81135	0.02732	0.00520	0.00520	0.00781	0.00325	0.00325
14	0.01393	0.68522	0.02625	0.00998	0.01383	0.02047	0.00960	0.01557	0.01047	0.01268	0.00740	0.00912	0.00691	0.00537	0.00573	0.00134	0.13396	0.00316	0.00230	0.00672
15	0.02396	0.00933	0.01258	0.00964	0.01380	0.00818	0.00797	0.05087	0.01570	0.75641	0.02090	0.01809	0.01315	0.00664	0.00540	0.00166	0.00461	0.00538	0.00660	0.00914
16	0.00731	0.00490	0.00654	0.00751	0.00804	0.00455	0.00510	0.00840	0.01082	0.04449	0.08163	0.72282	0.03569	0.01601	0.00676	0.00213	0.00313	0.01448	0.00511	0.00460
17	0.00684	0.00487	0.00606	0.00688	0.00725	0.00459	0.00447	0.00758	0.00984	0.01295	0.02866	0.54576	0.09859	0.21553	0.01193	0.00290	0.00360	0.01304	0.00455	0.00410
18	0.01001	0.00500	0.00500	0.00500	0.00625	0.00500	0.00375	0.01251	0.01126	0.02001	0.01751	0.02001	0.01376	0.00625	0.00375	0.00125	0.00250	0.00500	0.84115	0.00500
19	0.00760	0.00549	0.00718	0.00675	0.00802	0.00506	0.00506	0.01013	0.01519	0.02153	0.77503	0.04010	0.05065	0.01097	0.00633	0.00169	0.00253	0.00971	0.00591	0.00506
20	0.84927	0.01038	0.00789	0.00706	0.01038	0.01204	0.00581	0.01578	0.00914	0.02408	0.00747	0.00872	0.00581	0.00498	0.00332	0.00166	0.00415	0.00291	0.00332	0.00581
21	0.01267	0.01448	0.03167	0.02262	0.02805	0.01357	0.75837	0.01719	0.01267	0.01719	0.01086	0.01448	0.00814	0.00452	0.00633	0.00181	0.00905	0.00633	0.00271	0.00724
22	0.00781	0.00520	0.00585	0.00585	0.00585	0.00520	0.00325	0.00781	0.00781	0.01041	0.01691	0.03513	0.01952	0.81135	0.02732	0.00520	0.00520	0.00781	0.00325	0.00325
23	0.00781	0.00520	0.00585	0.00585	0.00585	0.00520	0.00325	0.00781	0.00781	0.01041	0.01691	0.03513	0.01952	0.81135	0.02732	0.00520	0.00520	0.00781	0.00325	0.00325
24	0.01279	0.01030	0.01186	0.00861	0.01330	0.00850	0.00694	0.11790	0.01322	0.04138	0.01034	0.01158	0.00827	0.00439	0.00421	0.00093	0.00426	0.00347	0.00358	0.70417
25	0.01397	0.55415	0.09798	0.00980	0.01465	0.05230	0.00979	0.01623	0.01128	0.03173	0.00836	0.00955	0.00720	0.00463	0.00380	0.00117	0.00582	0.00311	0.00256	0.14192
26	0.01790	0.07265	0.17458	0.01273	0.01769	0.05397	0.01204	0.48964	0.03742	0.04170	0.01198	0.01238	0.00863	0.00602	0.00516	0.00159	0.00644	0.00449	0.00442	0.00857
27	0.06995	0.01113	0.07128	0.00940	0.01346	0.00941	0.00815	0.10540	0.08254	0.19970	0.10629	0.01839	0.03900	0.00648	0.00501	0.00145	0.00447	0.00523	0.00478	0.22849
28	0.03702	0.28591	0.43134	0.04359	0.01972	0.03012	0.01499	0.01703	0.01136	0.05007	0.00934	0.01076	0.00711	0.00502	0.00452	0.00151	0.00695	0.00366	0.00252	0.00747

[dist]
# distance from previous block
# <min> <max>
0	5

[block]
# block no. 3 follows, 45 sequences, length 37
# corresponding to MSA columns:
# 93-129
name=unknown_D
#
# <colnr> <probs for GDERKNQSTAVLIFYWHMCP>
#	G	D	E	R	K	N	Q	S	T	A	V	L	I	F	Y	W	H	M	C	P
0	0.18104	0.01044	0.04987	0.13629	0.01790	0.02984	0.13796	0.01392	0.01077	0.06057	0.01480	0.17390	0.02766	0.00870	0.00679	0.06361	0.02260	0.00682	0.00347	0.02303
1	0.02652	0.02870	0.00762	0.00740	0.00867	0.00548	0.00527	0.00903	0.01106	0.01538	0.11652	0.53592	0.06522	0.01366	0.00621	0.00188	0.00324	0.01219	0.00474	0.11528
2	0.13706	0.32027	0.33625	0.01149	0.01714	0.03547	0.01302	0.01658	0.01100	0.03046	0.00903	0.02425	0.00732	0.00514	0.00424	0.00149	0.00644	0.00361	0.00258	0.00714
3	0.07279	0.13534	0.62211	0.01385	0.02098	0.01365	0.01733	0.01678	0.01111	0.01691	0.00917	0.01076	0.00674	0.00502	0.00474	0.00162	0.00735	0.00374	0.00235	0.00763
4	0.00811	0.00537	0.00663	0.00687	0.00736	0.00522	0.00460	0.00898	0.01002	0.03521	0.12234	0.18332	0.02787	0.43638	0.01765	0.00374	0.00440	0.09761	0.00423	0.00407
5	0.01459	0.01184	0.06767	0.01067	0.01348	0.11581	0.00920	0.06779	0.05831	0.18495	0.02186	0.10466	0.03476	0.01019	0.00612	0.00195	0.00554	0.24902	0.00488	0.00669
6	0.17400	0.42265	0.09235	0.04675	0.01536	0.08750	0.00983	0.01717	0.01130	0.06803	0.00878	0.00991	0.00713	0.00498	0.00393	0.00138	0.00599	0.00330	0.00283	0.00683
7	0.00767	0.00575	0.00863	0.00863	0.00959	0.00671	0.00671	0.00959	0.00863	0.01246	0.01438	0.02109	0.01342	0.04026	0.79008	0.00863	0.01438	0.00575	0.00288	0.00479
8	0.00760	0.00546	0.00632	0.00630	0.00764	0.00485	0.00453	0.00904	0.01224	0.04919	0.20982	0.17013	0.37024	0.10190	0.00872	0.00221	0.00310	0.01095	0.00508	0.00469
9	0.01148	0.13596	0.56615	0.05097	0.02199	0.01377	0.03563	0.01757	0.06682	0.01664	0.01025	0.01181	0.00757	0.00519	0.00494	0.00164	0.00735	0.00406	0.00252	0.00772
10	0.81238	0.01115	0.04201	0.00742	0.01095	0.01206	0.00643	0.01583	0.00923	0.02377	0.00757	0.00883	0.00586	0.00499	0.00340	0.00166	0.00432	0.00295	0.00328	0.00591
11	0.06856	0.04902	0.07256	0.58587	0.05097	0.01270	0.01415	0.05625	0.01153	0.01585	0.00951	0.01334	0.00717	0.00533	0.00512	0.00173	0.00685	0.00450	0.00261	0.00638
12	0.01921	0.01291	0.05097	0.04790	0.08858	0.01269	0.01047	0.34744	0.04449	0.25465	0.02980	0.01572	0.01137	0.02172	0.00580	0.00171	0.00556	0.00515	0.00519	0.00866
13	0.01437	0.06328	0.04427	0.01604	0.10711	0.02856	0.20419	0.04611	0.05603	0.12396	0.03613	0.01459	0.01049	0.00554	0.00605	0.00155	0.05730	0.00504	0.00363	0.15576
14	0.00700	0.00545	0.00628	0.00608	0.00756	0.00481	0.00452	0.00887	0.01348	0.01770	0.39684	0.04550	0.40048	0.04316	0.00715	0.00188	0.00273	0.01042	0.00536	0.00474
15	0.01113	0.00954	0.01113	0.00795	0.01272	0.00716	0.00636	0.01352	0.01113	0.01749	0.00954	0.01113	0.00795	0.00398	0.00398	0.00080	0.00398	0.00318	0.00318	0.84417
16	0.00648	0.00516	0.00583	0.00635	0.00756	0.00451	0.00455	0.00771	0.01148	0.01423	0.04406	0.34561	0.46833	0.01488	0.00657	0.00197	0.00293	0.03233	0.00498	0.00448
17	0.01142	0.00971	0.01129	0.00809	0.01284	0.00745	0.00648	0.03696	0.01157	0.01800	0.00965	0.01119	0.00799	0.00405	0.00402	0.00082	0.00404	0.00323	0.00325	0.81794
18	0.01308	0.01130	0.01188	0.01071	0.01370	0.01301	0.00833	0.02772	0.73897	0.02215	0.02310	0.02125	0.04572	0.00753	0.00550	0.00182	0.00419	0.00627	0.00544	0.00834
19	0.00767	0.00575	0.00863	0.00863	0.00959	0.00671	0.00671	0.00959	0.00863	0.01246	0.01438	0.02109	0.01342	0.04026	0.79008	0.00863	0.01438	0.00575	0.00288	0.00479
20	0.00781	0.00520	0.00585	0.00585	0.00585	0.00520	0.00325	0.00781	0.00781	0.01041	0.01691	0.03513	0.01952	0.81135	0.02732	0.00520	0.00520	0.00781	0.00325	0.00325
21	0.00859	0.00733	0.00761	0.00721	0.00937	0.00730	0.00550	0.01429	0.24680	0.01736	0.08423	0.04121	0.50006	0.01149	0.00607	0.00181	0.00318	0.00961	0.00518	0.00579
22	0.84927	0.01038	0.00789	0.00706	0.01038	0.01204	0.00581	0.01578	0.00914	0.02408	0.00747	0.00872	0.00581	0.00498	0.00332	0.00166	0.00415	0.00291	0.00332	0.00581
23	0.01435	0.81458	0.02813	0.00918	0.01378	0.02124	0.00918	0.01607	0.01091	0.01263	0.00746	0.00861	0.00689	0.00459	0.00344	0.00115	0.00574	0.00287	0.00230	0.00689
24	0.00768	0.00571	0.00844	0.00844	0.00933	0.00661	0.00647	0.00946	0.00857	0.01232	0.01455	0.02205	0.01384	0.09307	0.73784	0.00839	0.01375	0.00589	0.00290	0.00469
25	0.84927	0.01038	0.00789	0.00706	0.01038	0.01204	0.00581	0.01578	0.00914	0.02408	0.00747	0.00872	0.00581	0.00498	0.00332	0.00166	0.00415	0.00291	0.00332	0.00581
26	0.01193	0.00853	0.06580	0.00810	0.01105	0.00651	0.00691	0.01455	0.01418	0.18838	0.39755	0.02951	0.07389	0.00869	0.00569	0.00156	0.00360	0.00746	0.00535	0.13077
27	0.52832	0.01011	0.00951	0.00808	0.01150	0.01100	0.00660	0.05218	0.05613	0.19740	0.05358	0.01347	0.01074	0.00589	0.00418	0.00167	0.00424	0.00412	0.00444	0.00684
28	0.02351	0.01005	0.01302	0.00998	0.01416	0.00925	0.00825	0.13977	0.01689	0.66581	0.01989	0.01744	0.01264	0.00661	0.00539	0.00165	0.00477	0.00531	0.00645	0.00913
29	0.01497	0.01050	0.01159	0.00893	0.01309	0.06500	0.00710	0.01786	0.05556	0.21033	0.01403	0.05064	0.01099	0.00555	0.00462	0.00118	0.00452	0.00449	0.00424	0.48481
30	0.01307	0.01217	0.02004	0.21113	0.54809	0.01285	0.01565	0.07039	0.01283	0.01784	0.01017	0.01350	0.00823	0.00504	0.00533	0.00164	0.00653	0.00478	0.00279	0.00795
31	0.00711	0.00530	0.00643	0.00658	0.00762	0.00480	0.00462	0.00859	0.01205	0.01614	0.27814	0.26745	0.20585	0.11344	0.00906	0.00228	0.00312	0.01131	0.00503	0.02507
32	0.00658	0.00470	0.00626	0.00745	0.00779	0.00439	0.00499	0.00757	0.01046	0.01400	0.05775	0.77884	0.03608	0.01660	0.00683	0.00216	0.00309	0.01505	0.00502	0.00439
33	0.01815	0.01228	0.01372	0.01105	0.01455	0.01316	0.00889	0.52157	0.02109	0.12301	0.01718	0.16889	0.01480	0.00850	0.00566	0.00173	0.00519	0.00694	0.00545	0.00820
34	0.01776	0.01155	0.07696	0.01385	0.12813	0.00965	0.03796	0.07001	0.04119	0.36968	0.05801	0.01884	0.03324	0.00654	0.00541	0.00162	0.00516	0.01967	0.00505	0.06971
35	0.02167	0.00955	0.01234	0.00970	0.01356	0.00887	0.00793	0.08061	0.08640	0.60214	0.07236	0.01953	0.01583	0.00699	0.00547	0.00167	0.00450	0.00571	0.00639	0.00880
36	0.05750	0.01109	0.01315	0.06817	0.01563	0.01161	0.00886	0.32439	0.03270	0.25717	0.05028	0.09520	0.01470	0.00761	0.00547	0.00171	0.00505	0.00619	0.00543	0.00808

[dist]
# distance from previous block
# <min> <max>
0	3

[block]
# block no. 4 follows, 45 sequences, length 42
# corresponding to MSA columns:
# 133-174
name=unknown_E
#
# <colnr> <probs for GDERKNQSTAVLIFYWHMCP>
#	G	D	E	R	K	N	Q	S	T	A	V	L	I	F	Y	W	H	M	C	P
0	0.12464	0.06877	0.10150	0.01032	0.01460	0.03130	0.00935	0.15987	0.01519	0.30811	0.01538	0.06353	0.01140	0.00659	0.00498	0.00161	0.00525	0.00512	0.00485	0.03765
1	0.01976	0.09979	0.01662	0.01343	0.03615	0.55411	0.02819	0.02141	0.01467	0.13229	0.01032	0.01112	0.00797	0.00557	0.00484	0.00142	0.00840	0.00380	0.00332	0.00682
2	0.01031	0.01020	0.01814	0.28669	0.07147	0.02996	0.22405	0.01336	0.01132	0.01489	0.01522	0.21941	0.01499	0.00890	0.02506	0.00204	0.00684	0.00792	0.00319	0.00605
3	0.84927	0.01038	0.00789	0.00706	0.01038	0.01204	0.00581	0.01578	0.00914	0.02408	0.00747	0.00872	0.00581	0.00498	0.00332	0.00166	0.00415	0.00291	0.00332	0.00581
4	0.00781	0.00520	0.00585	0.00585	0.00585	0.00520	0.00325	0.00781	0.00781	0.01041	0.01691	0.03513	0.01952	0.81135	0.02732	0.00520	0.00520	0.00781	0.00325	0.00325
5	0.01521	0.01269	0.01932	0.02636	0.54714	0.03243	0.01428	0.11270	0.01429	0.09497	0.01241	0.01597	0.01012	0.00570	0.00542	0.00164	0.00615	0.04126	0.00352	0.00841
6	0.00942	0.00726	0.00922	0.00942	0.01140	0.00707	0.00791	0.01335	0.10659	0.01690	0.02578	0.08499	0.05579	0.01225	0.00657	0.00209	0.00452	0.46944	0.00474	0.13529
7	0.19553	0.55753	0.10262	0.00936	0.01403	0.01832	0.00956	0.01611	0.01057	0.01558	0.00769	0.00892	0.00665	0.00473	0.00359	0.00132	0.00562	0.00299	0.00252	0.00676
8	0.84927	0.01038	0.00789	0.00706	0.01038	0.01204	0.00581	0.01578	0.00914	0.02408	0.00747	0.00872	0.00581	0.00498	0.00332	0.00166	0.00415	0.00291	0.00332	0.00581
9	0.00682	0.00506	0.00606	0.00660	0.00733	0.00467	0.00446	0.00781	0.01060	0.01374	0.07920	0.38984	0.23317	0.16751	0.02960	0.00278	0.00364	0.01221	0.00466	0.00425
10	0.01185	0.01604	0.22227	0.13260	0.33556	0.01210	0.08421	0.01595	0.01175	0.01678	0.01046	0.01425	0.00844	0.00516	0.00534	0.00164	0.00695	0.02591	0.00262	0.06009
11	0.00697	0.00538	0.00636	0.00629	0.00768	0.00477	0.00465	0.00886	0.01348	0.01784	0.40281	0.12326	0.34699	0.01265	0.00639	0.00179	0.00267	0.01094	0.00543	0.00477
12	0.01081	0.00593	0.00615	0.02081	0.00773	0.00613	0.00452	0.06585	0.02769	0.02092	0.01712	0.01940	0.01336	0.00627	0.00393	0.00130	0.00287	0.00501	0.74881	0.00539
13	0.03334	0.26586	0.13322	0.03597	0.01606	0.11339	0.01062	0.03514	0.01165	0.01538	0.00856	0.01034	0.00719	0.00516	0.00540	0.00133	0.07917	0.00346	0.00267	0.20609
14	0.02005	0.02558	0.01521	0.01383	0.01659	0.78980	0.01037	0.02143	0.01521	0.01314	0.00830	0.00968	0.00691	0.00553	0.00484	0.00138	0.00968	0.00346	0.00277	0.00622
15	0.00654	0.00467	0.00623	0.00747	0.00779	0.00436	0.00498	0.00747	0.01028	0.01370	0.02959	0.80785	0.03550	0.01682	0.00685	0.00218	0.00311	0.01526	0.00498	0.00436
16	0.00784	0.00558	0.00724	0.00718	0.00757	0.00609	0.00487	0.00865	0.00815	0.01131	0.01564	0.02884	0.01673	0.47754	0.33851	0.00653	0.02781	0.00689	0.00308	0.00394
17	0.00925	0.00474	0.00702	0.00702	0.00713	0.00480	0.00475	0.00738	0.00727	0.00995	0.00997	0.01676	0.00976	0.01950	0.06843	0.75756	0.00518	0.00474	0.03619	0.00259
18	0.00654	0.00467	0.00623	0.00747	0.00779	0.00436	0.00498	0.00747	0.01028	0.01370	0.02959	0.80785	0.03550	0.01682	0.00685	0.00218	0.00311	0.01526	0.00498	0.00436
19	0.01243	0.01188	0.02024	0.24138	0.57613	0.01253	0.01605	0.01572	0.01182	0.01650	0.00995	0.01356	0.00814	0.00494	0.00533	0.00165	0.00659	0.00478	0.00258	0.00781
20	0.81151	0.01059	0.00826	0.00730	0.01067	0.01225	0.00601	0.04968	0.00987	0.02453	0.00772	0.00891	0.00596	0.00505	0.00342	0.00166	0.00423	0.00299	0.00342	0.00596
21	0.04675	0.01489	0.01585	0.01218	0.01645	0.01650	0.01006	0.73631	0.02473	0.03352	0.01272	0.01276	0.00902	0.00640	0.00530	0.00161	0.00585	0.00477	0.00530	0.00902
22	0.72123	0.01123	0.00877	0.00772	0.01108	0.06098	0.00629	0.01709	0.01009	0.09266	0.00878	0.00965	0.00657	0.00517	0.00361	0.00164	0.00454	0.00317	0.00359	0.00614
23	0.01204	0.01164	0.01861	0.17400	0.48810	0.03988	0.03181	0.01503	0.01196	0.01623	0.01409	0.05681	0.05805	0.00629	0.00552	0.00169	0.00628	0.02167	0.00292	0.00737
24	0.00772	0.00518	0.00593	0.00599	0.00606	0.00515	0.00343	0.00788	0.00826	0.01106	0.04828	0.08370	0.02177	0.72934	0.02519	0.00487	0.00497	0.00835	0.00347	0.00339
25	0.01518	0.01489	0.04634	0.01245	0.04802	0.14660	0.00965	0.15374	0.36733	0.02176	0.01733	0.03517	0.03270	0.00686	0.00530	0.00165	0.00564	0.00547	0.00459	0.04932
26	0.00663	0.00471	0.00620	0.00736	0.00765	0.00442	0.00486	0.00750	0.01010	0.01347	0.02867	0.75217	0.03435	0.07407	0.00833	0.00240	0.00326	0.01472	0.00486	0.00428
27	0.01181	0.01179	0.01598	0.01457	0.06153	0.05248	0.03742	0.01309	0.00892	0.01307	0.00862	0.01465	0.00867	0.10510	0.01699	0.00258	0.58935	0.00507	0.00251	0.00579
28	0.84927	0.01038	0.00789	0.00706	0.01038	0.01204	0.00581	0.01578	0.00914	0.02408	0.00747	0.00872	0.00581	0.00498	0.00332	0.00166	0.00415	0.00291	0.00332	0.00581
29	0.00654	0.00467	0.00623	0.00747	0.00779	0.00436	0.00498	0.00747	0.01028	0.01370	0.02959	0.80785	0.03550	0.01682	0.00685	0.00218	0.00311	0.01526	0.00498	0.00436
30	0.01932	0.01426	0.01563	0.06125	0.01748	0.01585	0.01022	0.68134	0.02373	0.03198	0.01288	0.01328	0.00920	0.00637	0.00530	0.00161	0.00584	0.00484	0.04087	0.00875
31	0.00740	0.00548	0.00690	0.00655	0.00790	0.00498	0.00491	0.00975	0.01473	0.02042	0.66110	0.04193	0.16528	0.01139	0.00633	0.00171	0.00256	0.00996	0.00576	0.00498
32	0.01886	0.00814	0.01086	0.00875	0.01198	0.00725	0.00703	0.02146	0.04125	0.53084	0.22441	0.02464	0.02363	0.02810	0.00620	0.00176	0.00402	0.00664	0.00632	0.00787
33	0.00767	0.00575	0.00863	0.00863	0.00959	0.00671	0.00671	0.00959	0.00863	0.01246	0.01438	0.02109	0.01342	0.04026	0.79008	0.00863	0.01438	0.00575	0.00288	0.00479
34	0.00653	0.00470	0.00620	0.00739	0.00776	0.00437	0.00495	0.00748	0.01036	0.01374	0.03060	0.77698	0.06571	0.01669	0.00683	0.00217	0.00310	0.01510	0.00498	0.00437
35	0.02041	0.01504	0.01611	0.01235	0.01665	0.01665	0.01020	0.75997	0.02524	0.03383	0.01289	0.01289	0.00913	0.00644	0.00537	0.00161	0.00591	0.00483	0.00537	0.00913
36	0.84927	0.01038	0.00789	0.00706	0.01038	0.01204	0.00581	0.01578	0.00914	0.02408	0.00747	0.00872	0.00581	0.00498	0.00332	0.00166	0.00415	0.00291	0.00332	0.00581
37	0.01059	0.00995	0.01676	0.60370	0.18556	0.01171	0.01473	0.01396	0.01101	0.01449	0.01066	0.05394	0.00885	0.00582	0.00543	0.00177	0.00680	0.00530	0.00257	0.00640
38	0.01178	0.03538	0.03534	0.23183	0.20715	0.01288	0.25423	0.01531	0.01144	0.01565	0.01019	0.01417	0.00817	0.00736	0.05548	0.00219	0.05663	0.00527	0.00258	0.00696
39	0.14558	0.01215	0.01259	0.01011	0.01374	0.01311	0.00820	0.43771	0.04727	0.02758	0.01675	0.05715	0.07757	0.00722	0.00507	0.00160	0.00492	0.00557	0.02497	0.07112
40	0.04519	0.01145	0.01320	0.01021	0.01421	0.01124	0.02735	0.32907	0.01726	0.07748	0.01396	0.10096	0.01181	0.00668	0.00502	0.00141	0.00487	0.00545	0.00454	0.28864
41	0.15641	0.24769	0.15187	0.01092	0.01552	0.06482	0.01062	0.17898	0.05970	0.02080	0.02999	0.01161	0.00889	0.00554	0.00442	0.00150	0.00597	0.00390	0.00345	0.00738

[dist]
# distance from previous block
# <min> <max>
0	9

[block]
# block no. 5 follows, 45 sequences, length 25
# corresponding to MSA columns:
# 184-208
name=unknown_F
#
# <colnr> <probs for GDERKNQSTAVLIFYWHMCP>
#	G	D	E	R	K	N	Q	S	T	A	V	L	I	F	Y	W	H	M	C	P
0	0.14012	0.01281	0.05687	0.01679	0.04645	0.01157	0.40259	0.01686	0.01208	0.09422	0.01318	0.05719	0.02679	0.00567	0.00556	0.00171	0.00692	0.00594	0.00338	0.06329
1	0.01025	0.00777	0.00842	0.00754	0.00890	0.03317	0.00521	0.11836	0.01122	0.01500	0.01711	0.02819	0.05664	0.46479	0.10620	0.00436	0.00624	0.00677	0.00359	0.08025
2	0.84927	0.01038	0.00789	0.00706	0.01038	0.01204	0.00581	0.01578	0.00914	0.02408	0.00747	0.00872	0.00581	0.00498	0.00332	0.00166	0.00415	0.00291	0.00332	0.00581
3	0.09687	0.01029	0.01180	0.03776	0.08720	0.01131	0.00847	0.03691	0.38926	0.08804	0.04119	0.01978	0.04932	0.00698	0.00513	0.00171	0.00433	0.00575	0.08030	0.00762
4	0.00796	0.00612	0.00895	0.00879	0.00961	0.00726	0.00679	0.00968	0.00854	0.01234	0.01407	0.02152	0.01345	0.09693	0.67905	0.00794	0.06757	0.00584	0.00287	0.00475
5	0.01839	0.01488	0.01468	0.01183	0.01548	0.09394	0.00947	0.51712	0.14113	0.02831	0.01412	0.01522	0.01077	0.06159	0.00683	0.00187	0.00598	0.00509	0.00497	0.00833
6	0.05719	0.01772	0.23488	0.04549	0.02608	0.01314	0.49179	0.01695	0.01205	0.01740	0.01030	0.01331	0.00762	0.00473	0.00580	0.00177	0.00842	0.00545	0.00261	0.00731
7	0.01396	0.77520	0.02702	0.00900	0.01346	0.02043	0.00894	0.01567	0.01097	0.01272	0.00975	0.01071	0.04430	0.00503	0.00359	0.00118	0.00559	0.00328	0.00243	0.00677
8	0.01435	0.81458	0.02813	0.00918	0.01378	0.02124	0.00918	0.01607	0.01091	0.01263	0.00746	0.00861	0.00689	0.00459	0.00344	0.00115	0.00574	0.00287	0.00230	0.00689
9	0.00784	0.00559	0.00695	0.00655	0.00803	0.00504	0.00493	0.01010	0.01454	0.04433	0.58909	0.04199	0.21221	0.01142	0.00630	0.00172	0.00264	0.00993	0.00573	0.00508
10	0.05280	0.75615	0.02678	0.00910	0.01362	0.02046	0.00900	0.01633	0.01095	0.03382	0.00783	0.00888	0.00701	0.00467	0.00349	0.00119	0.00564	0.00294	0.00246	0.00690
11	0.02235	0.00927	0.01226	0.00956	0.01347	0.00835	0.00784	0.05638	0.05241	0.66405	0.06932	0.01953	0.01566	0.00694	0.00546	0.00167	0.00448	0.00568	0.00649	0.00884
12	0.00654	0.00467	0.00623	0.00747	0.00779	0.00436	0.00498	0.00747	0.01028	0.01370	0.02959	0.80785	0.03550	0.01682	0.00685	0.00218	0.00311	0.01526	0.00498	0.00436
13	0.01014	0.00954	0.01610	0.79845	0.03697	0.01193	0.01491	0.01371	0.01073	0.01371	0.00954	0.01431	0.00716	0.00537	0.00537	0.00179	0.00716	0.00477	0.00239	0.00596
14	0.02408	0.00914	0.01246	0.00955	0.01370	0.00789	0.00789	0.02616	0.01536	0.78158	0.02118	0.01827	0.01329	0.00664	0.00540	0.00166	0.00457	0.00540	0.00664	0.00914
15	0.00683	0.00495	0.00615	0.00693	0.00755	0.00457	0.00472	0.00772	0.01046	0.01360	0.04915	0.50194	0.18219	0.10410	0.00950	0.03085	0.00336	0.03646	0.00472	0.00424
16	0.02393	0.00939	0.01261	0.00967	0.01383	0.00826	0.00799	0.05729	0.01578	0.74986	0.02083	0.01804	0.01311	0.00664	0.00540	0.00166	0.00462	0.00537	0.00659	0.00913
17	0.01124	0.13203	0.68343	0.01449	0.02198	0.01363	0.01842	0.01688	0.01128	0.01642	0.00935	0.01097	0.00681	0.00503	0.00488	0.00163	0.00764	0.00382	0.00227	0.00779
18	0.01154	0.18300	0.61062	0.01432	0.02151	0.01424	0.04080	0.01682	0.01129	0.01614	0.00924	0.01089	0.00686	0.00498	0.00481	0.00159	0.00753	0.00382	0.00229	0.00770
19	0.01251	0.01067	0.01342	0.01088	0.06629	0.00902	0.04193	0.10722	0.01304	0.01952	0.01006	0.01165	0.00814	0.00436	0.00435	0.00100	0.00461	0.00364	0.00340	0.64427
20	0.67372	0.03802	0.10296	0.03484	0.01289	0.01223	0.00791	0.01574	0.00965	0.02245	0.02494	0.00992	0.00701	0.00513	0.00368	0.00165	0.00473	0.00325	0.00319	0.00609
21	0.02354	0.00603	0.00643	0.00627	0.00805	0.00553	0.00472	0.01011	0.07654	0.01677	0.19737	0.06993	0.52471	0.01246	0.00622	0.00180	0.00285	0.01052	0.00518	0.00499
22	0.00788	0.00588	0.00727	0.00686	0.00823	0.00559	0.00510	0.01102	0.06605	0.02030	0.61148	0.03960	0.11816	0.05415	0.00741	0.00190	0.00281	0.00952	0.00564	0.00515
23	0.01435	0.81458	0.02813	0.00918	0.01378	0.02124	0.00918	0.01607	0.01091	0.01263	0.00746	0.00861	0.00689	0.00459	0.00344	0.00115	0.00574	0.00287	0.00230	0.00689
24	0.00664	0.00492	0.00610	0.00698	0.00763	0.00451	0.00477	0.00765	0.01061	0.01373	0.03426	0.56597	0.20005	0.06876	0.00811	0.00231	0.00322	0.03458	0.00487	0.00434

[dist]
# distance from previous block
# <min> <max>
0	8

[block]
# block no. 6 follows, 45 sequences, length 6
# corresponding to MSA columns:
# 217-222
name=unknown_G
#
# <colnr> <probs for GDERKNQSTAVLIFYWHMCP>
#	G	D	E	R	K	N	Q	S	T	A	V	L	I	F	Y	W	H	M	C	P
0	0.72348	0.01283	0.06393	0.00819	0.01179	0.07382	0.00718	0.01632	0.00977	0.02271	0.00769	0.00898	0.00597	0.00503	0.00357	0.00164	0.00486	0.00303	0.00320	0.00600
1	0.00745	0.00547	0.00700	0.00680	0.00808	0.00502	0.00513	0.00975	0.01443	0.01999	0.61096	0.08662	0.13223	0.01181	0.00642	0.00177	0.00271	0.04772	0.00570	0.00496
2	0.01245	0.00982	0.01145	0.01053	0.03355	0.01093	0.00795	0.10937	0.32943	0.04317	0.20198	0.07135	0.02380	0.00910	0.00709	0.03057	0.05800	0.00717	0.00517	0.00712
3	0.01896	0.06401	0.01672	0.01583	0.10849	0.61668	0.01104	0.05849	0.01514	0.01471	0.00871	0.01023	0.00722	0.00544	0.00485	0.00141	0.00888	0.00366	0.00286	0.00668
4	0.39523	0.01007	0.01240	0.34197	0.06287	0.01175	0.01035	0.01565	0.01040	0.07063	0.00941	0.01197	0.00703	0.00525	0.00443	0.00171	0.00556	0.00396	0.00312	0.00625
5	0.01979	0.00896	0.01159	0.00934	0.01286	0.00834	0.00755	0.02406	0.13756	0.54057	0.13809	0.02194	0.01958	0.00742	0.00555	0.00169	0.00420	0.00617	0.00634	0.00840

[dist]
# distance from previous block
# <min> <max>
0	1

[block]
# block no. 7 follows, 45 sequences, length 102
# corresponding to MSA columns:
# 224-325
name=unknown_H
#
# <colnr> <probs for GDERKNQSTAVLIFYWHMCP>
#	G	D	E	R	K	N	Q	S	T	A	V	L	I	F	Y	W	H	M	C	P
0	0.01509	0.01050	0.02806	0.01057	0.03372	0.01069	0.00824	0.07149	0.36629	0.19596	0.07987	0.04986	0.05993	0.00786	0.00556	0.00174	0.00430	0.00658	0.00552	0.02817
1	0.04124	0.01473	0.01569	0.01214	0.01635	0.01636	0.01000	0.70304	0.06331	0.03299	0.01321	0.01315	0.00942	0.00645	0.00532	0.00162	0.00578	0.00485	0.00532	0.00901
2	0.04388	0.39101	0.08877	0.01288	0.07266	0.21554	0.01094	0.07909	0.01327	0.01565	0.00851	0.00983	0.00716	0.00506	0.00424	0.00135	0.00695	0.00342	0.00273	0.00708
3	0.01058	0.05928	0.00908	0.00714	0.00950	0.00681	0.00566	0.01302	0.04581	0.14001	0.22756	0.05464	0.32326	0.01066	0.00590	0.00169	0.00333	0.02232	0.00526	0.03848
4	0.01129	0.00924	0.01109	0.03881	0.01341	0.00721	0.00667	0.01362	0.01122	0.04428	0.01112	0.05788	0.00971	0.00487	0.00425	0.00095	0.00407	0.00402	0.00338	0.73291
5	0.03589	0.01147	0.01205	0.00959	0.01329	0.10342	0.00764	0.08533	0.02707	0.24792	0.08350	0.03587	0.01418	0.00634	0.00523	0.00139	0.02272	0.00500	0.00468	0.26743
6	0.54026	0.03057	0.13033	0.02706	0.01527	0.01242	0.10500	0.01591	0.01012	0.02136	0.02676	0.01079	0.00742	0.00518	0.00440	0.00169	0.02228	0.00375	0.00308	0.00633
7	0.00801	0.00567	0.00666	0.00647	0.00806	0.00502	0.00489	0.00980	0.01316	0.06232	0.29173	0.07826	0.38245	0.04576	0.00724	0.00195	0.00300	0.04928	0.00532	0.00495
8	0.01684	0.06480	0.01466	0.01091	0.01456	0.01380	0.00893	0.48767	0.03468	0.04545	0.01557	0.13121	0.01367	0.00793	0.00542	0.00163	0.00524	0.02832	0.00496	0.07376
9	0.01372	0.69463	0.07596	0.00957	0.01406	0.03467	0.00963	0.01568	0.01098	0.01300	0.00907	0.06098	0.00875	0.00544	0.00380	0.00126	0.00579	0.00376	0.00248	0.00678
10	0.01621	0.01148	0.01304	0.00998	0.01411	0.01114	0.00808	0.33906	0.01776	0.10815	0.02944	0.06570	0.01175	0.00633	0.00498	0.00135	0.00479	0.00507	0.00469	0.31689
11	0.01673	0.01229	0.01424	0.01136	0.01462	0.01348	0.03374	0.44379	0.06317	0.07397	0.05813	0.03889	0.05436	0.05748	0.00783	0.00194	0.06510	0.00605	0.00501	0.00783
12	0.56550	0.07353	0.00983	0.02567	0.01115	0.02605	0.00632	0.01621	0.05934	0.03717	0.01131	0.01267	0.03349	0.02260	0.00423	0.00168	0.00431	0.00376	0.06919	0.00599
13	0.14856	0.01170	0.01230	0.04696	0.01432	0.03070	0.00842	0.35925	0.06560	0.02559	0.01305	0.01482	0.01011	0.02467	0.10840	0.00259	0.00644	0.00476	0.08448	0.00728
14	0.01467	0.74478	0.04425	0.00953	0.01418	0.02074	0.00949	0.06466	0.01185	0.01411	0.00787	0.00895	0.00703	0.00472	0.00361	0.00119	0.00580	0.00302	0.00250	0.00706
15	0.01626	0.06428	0.01431	0.01003	0.01430	0.01225	0.00827	0.34811	0.01783	0.08183	0.04177	0.01389	0.01070	0.02145	0.00522	0.00137	0.00497	0.00441	0.00447	0.30428
16	0.01131	0.00913	0.00988	0.00906	0.01142	0.02594	0.00699	0.02005	0.39824	0.05196	0.21804	0.04873	0.12293	0.00936	0.00586	0.00179	0.00373	0.02320	0.00548	0.00692
17	0.00825	0.00571	0.00694	0.00649	0.00813	0.00507	0.00492	0.01036	0.01421	0.06878	0.48388	0.04255	0.29163	0.01157	0.00627	0.00173	0.00273	0.00997	0.00565	0.00515
18	0.02185	0.01272	0.01467	0.01125	0.01549	0.01321	0.00929	0.47169	0.02136	0.32759	0.01614	0.01500	0.01076	0.00652	0.00538	0.00163	0.00538	0.00505	0.00587	0.00913
19	0.01109	0.04113	0.72644	0.01544	0.02311	0.02833	0.04722	0.01708	0.01145	0.01685	0.00961	0.01137	0.00685	0.00508	0.00511	0.00169	0.00797	0.00403	0.00229	0.00785
20	0.00653	0.00469	0.00621	0.00742	0.00777	0.00436	0.00496	0.00748	0.01033	0.01372	0.03025	0.78754	0.05538	0.01673	0.00684	0.00217	0.00310	0.01515	0.00498	0.00436
21	0.01114	0.00627	0.00831	0.00735	0.00924	0.00567	0.00567	0.01357	0.01523	0.18471	0.61318	0.03541	0.04263	0.01004	0.00613	0.00168	0.00297	0.00878	0.00607	0.00594
22	0.03664	0.00980	0.01381	0.01155	0.04678	0.00919	0.06461	0.07086	0.05927	0.48317	0.07537	0.02136	0.01623	0.00718	0.00561	0.00172	0.00491	0.04780	0.00581	0.00832
23	0.01049	0.02626	0.73280	0.01479	0.02222	0.01194	0.01886	0.01638	0.01126	0.01678	0.01094	0.06333	0.00867	0.00586	0.00521	0.00173	0.00762	0.00470	0.00244	0.00770
24	0.00647	0.00534	0.00569	0.00582	0.00739	0.00455	0.00428	0.00787	0.01220	0.01495	0.10857	0.15492	0.61575	0.01383	0.00641	0.00185	0.00276	0.01174	0.00506	0.00455
25	0.01329	0.01275	0.02179	0.03295	0.77787	0.01275	0.01647	0.01647	0.01222	0.01754	0.01010	0.01329	0.00850	0.00478	0.00531	0.00159	0.00638	0.00478	0.00266	0.00850
26	0.01113	0.00954	0.01113	0.00795	0.01272	0.00716	0.00636	0.01352	0.01113	0.01749	0.00954	0.01113	0.00795	0.00398	0.00398	0.00080	0.00398	0.00318	0.00318	0.84417
27	0.01014	0.00954	0.01610	0.79845	0.03697	0.01193	0.01491	0.01371	0.01073	0.01371	0.00954	0.01431	0.00716	0.00537	0.00537	0.00179	0.00716	0.00477	0.00239	0.00596
28	0.00767	0.00575	0.00863	0.00863	0.00959	0.00671	0.00671	0.00959	0.00863	0.01246	0.01438	0.02109	0.01342	0.04026	0.79008	0.00863	0.01438	0.00575	0.00288	0.00479
29	0.01174	0.01174	0.01644	0.01409	0.01409	0.01644	0.01174	0.01292	0.00822	0.01292	0.00705	0.01174	0.00705	0.00940	0.01762	0.00235	0.80153	0.00470	0.00235	0.00587
30	0.00664	0.00542	0.00571	0.00565	0.00723	0.00466	0.00414	0.00804	0.01225	0.01509	0.14795	0.04867	0.61237	0.08276	0.00817	0.00209	0.00291	0.01080	0.00496	0.00449
31	0.02408	0.00914	0.01246	0.00955	0.01370	0.00789	0.00789	0.02616	0.01536	0.78158	0.02118	0.01827	0.01329	0.00664	0.00540	0.00166	0.00457	0.00540	0.00664	0.00914
32	0.84927	0.01038	0.00789	0.00706	0.01038	0.01204	0.00581	0.01578	0.00914	0.02408	0.00747	0.00872	0.00581	0.00498	0.00332	0.00166	0.00415	0.00291	0.00332	0.00581
33	0.01610	0.01260	0.01346	0.01134	0.01484	0.01423	0.00904	0.27026	0.49318	0.05582	0.01886	0.01760	0.01387	0.00698	0.00543	0.00175	0.00481	0.00563	0.00548	0.00873
34	0.01188	0.01219	0.06774	0.04437	0.49933	0.02660	0.01426	0.01503	0.01232	0.01708	0.04187	0.02413	0.03967	0.00721	0.00575	0.00178	0.00604	0.14206	0.00324	0.00744
35	0.78279	0.02555	0.00854	0.00729	0.01065	0.01210	0.00602	0.01648	0.02881	0.05075	0.00833	0.00935	0.00637	0.00509	0.00345	0.00166	0.00420	0.00308	0.00348	0.00602
36	0.00802	0.00563	0.00710	0.00670	0.00816	0.00510	0.00507	0.01033	0.01463	0.04877	0.60677	0.04170	0.17405	0.01134	0.00632	0.00172	0.00269	0.02499	0.00576	0.00512
37	0.00784	0.00548	0.00684	0.00679	0.00706	0.00584	0.00439	0.00840	0.00804	0.01103	0.01601	0.03074	0.01757	0.57982	0.24084	0.00611	0.02316	0.00717	0.00313	0.00373
38	0.00769	0.00568	0.00826	0.00826	0.00909	0.00651	0.00625	0.00935	0.00852	0.01219	0.01471	0.02294	0.01422	0.14213	0.68931	0.00817	0.01317	0.00602	0.00293	0.00459
39	0.04717	0.12931	0.01494	0.00965	0.01385	0.01071	0.00821	0.08384	0.01531	0.58393	0.01806	0.01611	0.01177	0.00627	0.00504	0.00158	0.00484	0.00490	0.00579	0.00870
40	0.01014	0.00954	0.01610	0.79845	0.03697	0.01193	0.01491	0.01371	0.01073	0.01371	0.00954	0.01431	0.00716	0.00537	0.00537	0.00179	0.00716	0.00477	0.00239	0.00596
41	0.01084	0.02728	0.75622	0.01557	0.02341	0.01251	0.04666	0.01701	0.01138	0.01701	0.00968	0.01145	0.00685	0.00508	0.00514	0.00170	0.00797	0.00405	0.00228	0.00791
42	0.01113	0.00954	0.01113	0.00795	0.01272	0.00716	0.00636	0.01352	0.01113	0.01749	0.00954	0.01113	0.00795	0.00398	0.00398	0.00080	0.00398	0.00318	0.00318	0.84417
43	0.00767	0.00575	0.00863	0.00863	0.00959	0.00671	0.00671	0.00959	0.00863	0.01246	0.01438	0.02109	0.01342	0.04026	0.79008	0.00863	0.01438	0.00575	0.00288	0.00479
44	0.01476	0.00990	0.01125	0.00948	0.01227	0.01035	0.00750	0.29150	0.08389	0.11527	0.14312	0.10232	0.07066	0.03755	0.00651	0.00185	0.00439	0.02272	0.03752	0.00719
45	0.02006	0.02537	0.01523	0.01380	0.01660	0.77415	0.01037	0.03638	0.01541	0.01356	0.00839	0.00975	0.00696	0.00555	0.00485	0.00139	0.00960	0.00349	0.00282	0.00628
46	0.01277	0.18495	0.01387	0.00897	0.02706	0.05957	0.00722	0.06572	0.02872	0.09868	0.25373	0.04123	0.10573	0.00822	0.00526	0.00151	0.00437	0.00672	0.00459	0.06108
47	0.07222	0.53579	0.14093	0.01038	0.01536	0.01867	0.01071	0.11176	0.01269	0.01681	0.00849	0.00958	0.00709	0.00493	0.00394	0.00133	0.00599	0.00329	0.00276	0.00726
48	0.02284	0.01048	0.01322	0.01017	0.01429	0.00994	0.00839	0.20296	0.01774	0.58445	0.03566	0.01745	0.01310	0.00669	0.00541	0.00165	0.00485	0.00536	0.00632	0.00904
49	0.01220	0.00869	0.02590	0.00888	0.01137	0.02444	0.02322	0.07065	0.10743	0.13248	0.37130	0.08817	0.03183	0.00927	0.00588	0.00168	0.00381	0.00804	0.00550	0.04926
50	0.01174	0.01174	0.01644	0.01409	0.01409	0.01644	0.01174	0.01292	0.00822	0.01292	0.00705	0.01174	0.00705	0.00940	0.01762	0.00235	0.80153	0.00470	0.00235	0.00587
51	0.00855	0.00571	0.00740	0.00685	0.00833	0.00521	0.00518	0.01098	0.01504	0.06821	0.68693	0.03941	0.08999	0.01086	0.00627	0.00169	0.00267	0.00953	0.00590	0.00529
52	0.01335	0.01153	0.01214	0.01092	0.01396	0.01335	0.00850	0.02852	0.76817	0.02245	0.02185	0.02003	0.01639	0.00728	0.00546	0.00182	0.00425	0.00607	0.00546	0.00850
53	0.01014	0.00954	0.01610	0.79845	0.03697	0.01193	0.01491	0.01371	0.01073	0.01371	0.00954	0.01431	0.00716	0.00537	0.00537	0.00179	0.00716	0.00477	0.00239	0.00596
54	0.00781	0.00520	0.00585	0.00585	0.00585	0.00520	0.00325	0.00781	0.00781	0.01041	0.01691	0.03513	0.01952	0.81135	0.02732	0.00520	0.00520	0.00781	0.00325	0.00325
55	0.00649	0.00511	0.00579	0.00630	0.00741	0.00449	0.00442	0.00761	0.01122	0.01398	0.04237	0.36498	0.43381	0.05127	0.00751	0.00212	0.00300	0.01280	0.00491	0.00440
56	0.82163	0.01034	0.00804	0.00714	0.01049	0.01190	0.00588	0.01613	0.00934	0.04946	0.00793	0.00904	0.00606	0.00504	0.00339	0.00166	0.00417	0.00299	0.00343	0.00592
57	0.00661	0.00472	0.00629	0.00743	0.00780	0.00441	0.00499	0.00765	0.01060	0.01421	0.07825	0.75773	0.03649	0.01644	0.00682	0.00215	0.00308	0.01490	0.00504	0.00441
58	0.07787	0.00935	0.01224	0.00945	0.01355	0.00836	0.00781	0.04242	0.01519	0.71488	0.02009	0.01752	0.01270	0.00653	0.00526	0.00166	0.00457	0.00522	0.00640	0.00892
59	0.01660	0.01361	0.01542	0.01241	0.04139	0.11142	0.08333	0.22991	0.03912	0.10569	0.01245	0.01325	0.00926	0.00544	0.00496	0.00138	0.00586	0.00446	0.03682	0.23725
60	0.00760	0.00549	0.00718	0.00675	0.00802	0.00506	0.00506	0.01013	0.01519	0.02153	0.77503	0.04010	0.05065	0.01097	0.00633	0.00169	0.00253	0.00971	0.00591	0.00506
61	0.84927	0.01038	0.00789	0.00706	0.01038	0.01204	0.00581	0.01578	0.00914	0.02408	0.00747	0.00872	0.00581	0.00498	0.00332	0.00166	0.00415	0.00291	0.00332	0.00581
62	0.02005	0.02558	0.01521	0.01383	0.01659	0.78980	0.01037	0.02143	0.01521	0.01314	0.00830	0.00968	0.00691	0.00553	0.00484	0.00138	0.00968	0.00346	0.00277	0.00622
63	0.01380	0.06493	0.02122	0.08710	0.60774	0.01339	0.01530	0.06398	0.01292	0.03388	0.01029	0.01314	0.00844	0.00496	0.00520	0.00158	0.00633	0.00467	0.00287	0.00826
64	0.01387	0.35947	0.27480	0.01345	0.06719	0.10984	0.01331	0.03303	0.04148	0.01528	0.00913	0.01048	0.00738	0.00503	0.00440	0.00142	0.00693	0.00359	0.00255	0.00737
65	0.01329	0.01275	0.02179	0.03295	0.77787	0.01275	0.01647	0.01647	0.01222	0.01754	0.01010	0.01329	0.00850	0.00478	0.00531	0.00159	0.00638	0.00478	0.00266	0.00850
66	0.01245	0.01413	0.03077	0.02209	0.02733	0.01325	0.73159	0.01685	0.01258	0.01707	0.01153	0.04268	0.00912	0.00496	0.00635	0.00182	0.00884	0.00665	0.00280	0.00714
67	0.01319	0.01266	0.02162	0.05598	0.75558	0.01273	0.01643	0.01639	0.01218	0.01742	0.01008	0.01332	0.00846	0.00480	0.00532	0.00160	0.00640	0.00478	0.00265	0.00843
68	0.00781	0.00520	0.00585	0.00585	0.00585	0.00520	0.00325	0.00781	0.00781	0.01041	0.01691	0.03513	0.01952	0.81135	0.02732	0.00520	0.00520	0.00781	0.00325	0.00325
69	0.00759	0.00558	0.00610	0.00614	0.00786	0.00477	0.00459	0.00896	0.01213	0.06449	0.04763	0.16926	0.58985	0.01368	0.00639	0.00188	0.00296	0.03025	0.00509	0.00482
70	0.01174	0.01174	0.01644	0.01409	0.01409	0.01644	0.01174	0.01292	0.00822	0.01292	0.00705	0.01174	0.00705	0.00940	0.01762	0.00235	0.80153	0.00470	0.00235	0.00587
71	0.02408	0.00914	0.01246	0.00955	0.01370	0.00789	0.00789	0.02616	0.01536	0.78158	0.02118	0.01827	0.01329	0.00664	0.00540	0.00166	0.00457	0.00540	0.00664	0.00914
72	0.00644	0.00517	0.00575	0.00617	0.00745	0.00448	0.00441	0.00767	0.01162	0.01437	0.06070	0.31391	0.50374	0.01466	0.00652	0.00194	0.00285	0.01266	0.00500	0.00448
73	0.02044	0.01445	0.01565	0.01202	0.01625	0.01584	0.00992	0.69713	0.02431	0.08237	0.01352	0.01338	0.00949	0.00645	0.00534	0.00161	0.00575	0.00487	0.02215	0.00905
74	0.01113	0.00954	0.01113	0.00795	0.01272	0.00716	0.00636	0.01352	0.01113	0.01749	0.00954	0.01113	0.00795	0.00398	0.00398	0.00080	0.00398	0.00318	0.00318	0.84417
75	0.01329	0.01175	0.01197	0.01080	0.01377	0.03900	0.00838	0.02743	0.71186	0.02182	0.02273	0.02098	0.04729	0.00748	0.00548	0.00181	0.00437	0.00620	0.00535	0.00826
76	0.01113	0.00954	0.01113	0.00795	0.01272	0.00716	0.00636	0.01352	0.01113	0.01749	0.00954	0.01113	0.00795	0.00398	0.00398	0.00080	0.00398	0.00318	0.00318	0.84417
