[name]
unknown

[dist]
# distance from previous block
# <min> <max>
5	45

[block]
# block no. 0 follows, 42 sequences, length 19
# corresponding to MSA columns:
# 52-70
name=unknown_A
#
# <colnr> <probs for GDERKNQSTAVLIFYWHMCP>
#	G	D	E	R	K	N	Q	S	T	A	V	L	I	F	Y	W	H	M	C	P
0	0.01615	0.11921	0.01607	0.01167	0.01538	0.03932	0.00950	0.20246	0.45748	0.02477	0.01818	0.01725	0.01370	0.00699	0.00540	0.00175	0.00526	0.00552	0.00517	0.00877
1	0.02170	0.00940	0.01278	0.06572	0.01548	0.00863	0.00852	0.05980	0.01625	0.58060	0.11980	0.02163	0.01848	0.00746	0.00579	0.00175	0.00477	0.00619	0.00648	0.00877
2	0.01956	0.04359	0.08404	0.01169	0.01627	0.02572	0.01030	0.28721	0.10850	0.24230	0.03490	0.01627	0.01241	0.00667	0.00548	0.00167	0.00562	0.00524	0.00545	0.05711
3	0.01228	0.14771	0.42126	0.08439	0.02519	0.01474	0.18283	0.01741	0.01207	0.01684	0.01002	0.01245	0.00750	0.00515	0.00539	0.00172	0.00815	0.00461	0.00250	0.00780
4	0.01319	0.01124	0.01203	0.01087	0.01380	0.01284	0.00843	0.02733	0.65817	0.02341	0.12172	0.02380	0.02197	0.00815	0.00585	0.00189	0.00421	0.00687	0.00579	0.00843
5	0.00849	0.00694	0.01054	0.14744	0.11468	0.00715	0.00865	0.01032	0.01129	0.01516	0.04790	0.53340	0.02877	0.01366	0.00668	0.00212	0.00444	0.01243	0.00446	0.00547
6	0.01242	0.05718	0.51631	0.01448	0.02097	0.03130	0.05295	0.01742	0.01226	0.08288	0.01387	0.11738	0.01181	0.00708	0.00560	0.00182	0.00734	0.00593	0.00319	0.00780
7	0.01011	0.00588	0.00865	0.00832	0.00832	0.00653	0.00588	0.00816	0.00750	0.01028	0.00946	0.01647	0.00946	0.01826	0.02152	0.72511	0.10981	0.00489	0.00245	0.00294
8	0.00844	0.00612	0.00727	0.00744	0.00921	0.00549	0.00599	0.01040	0.01344	0.05392	0.14175	0.05349	0.42273	0.01390	0.00692	0.00207	0.00359	0.21721	0.00543	0.00519
9	0.01538	0.03885	0.14254	0.01669	0.12285	0.21404	0.01312	0.05712	0.15303	0.01799	0.01273	0.01425	0.02283	0.00675	0.00737	0.00179	0.12674	0.00482	0.00343	0.00769
10	0.02391	0.07470	0.04252	0.01020	0.01474	0.00958	0.00884	0.02621	0.01557	0.68183	0.02059	0.01807	0.01314	0.00673	0.00548	0.00170	0.00502	0.00539	0.00643	0.00934
11	0.00667	0.00563	0.00577	0.00589	0.00765	0.00474	0.00436	0.00806	0.01265	0.01513	0.05473	0.11931	0.70115	0.01455	0.00670	0.00193	0.00289	0.01224	0.00523	0.00474
12	0.01679	0.00867	0.01070	0.00918	0.02457	0.02191	0.00715	0.04845	0.02786	0.37221	0.12986	0.05215	0.21206	0.00974	0.00632	0.00181	0.01896	0.00807	0.00606	0.00748
13	0.01549	0.21348	0.06177	0.02532	0.04165	0.05924	0.07126	0.05318	0.11225	0.10422	0.04515	0.01496	0.01162	0.00676	0.00737	0.00175	0.13813	0.00498	0.00377	0.00766
14	0.00814	0.00545	0.00623	0.00628	0.00631	0.00547	0.00357	0.00822	0.00829	0.01109	0.01810	0.06166	0.02084	0.75491	0.04900	0.00545	0.00565	0.00838	0.00346	0.00349
15	0.00688	0.00516	0.00640	0.00732	0.00810	0.00468	0.00507	0.00805	0.01149	0.01485	0.05695	0.57064	0.22518	0.01655	0.00704	0.00218	0.00318	0.03037	0.00525	0.00465
16	0.10090	0.01211	0.04961	0.25032	0.20230	0.01251	0.02596	0.05441	0.04596	0.12016	0.01276	0.03440	0.00984	0.00621	0.00596	0.00182	0.03822	0.00522	0.00364	0.00767
17	0.01184	0.00977	0.01305	0.23640	0.02061	0.00888	0.00931	0.01463	0.01173	0.05414	0.01146	0.04496	0.00954	0.00528	0.00479	0.00124	0.00514	0.00445	0.00335	0.51944
18	0.00878	0.00690	0.00948	0.00911	0.00961	0.00823	0.00678	0.01000	0.00878	0.01255	0.01523	0.05861	0.01585	0.26584	0.38595	0.00652	0.14702	0.00692	0.00313	0.00471

[dist]
# distance from previous block
# <min> <max>
0	1

[block]
# block no. 1 follows, 42 sequences, length 70
# corresponding to MSA columns:
# 72-141
name=unknown_B
#
# <colnr> <probs for GDERKNQSTAVLIFYWHMCP>
#	G	D	E	R	K	N	Q	S	T	A	V	L	I	F	Y	W	H	M	C	P
0	0.01583	0.01484	0.07587	0.23227	0.14017	0.05588	0.04285	0.24362	0.03383	0.05310	0.01243	0.01532	0.00943	0.00617	0.00566	0.00177	0.00702	0.02200	0.00386	0.00809
1	0.01110	0.00797	0.00929	0.00799	0.00989	0.00780	0.00571	0.12041	0.01183	0.01671	0.01459	0.02427	0.01451	0.34061	0.09893	0.06775	0.00617	0.00609	0.03649	0.18190
2	0.00708	0.00504	0.00641	0.00741	0.00777	0.00474	0.00485	0.00791	0.01042	0.01379	0.03004	0.62070	0.07393	0.15878	0.01102	0.00284	0.00364	0.01437	0.00490	0.00437
3	0.00767	0.00575	0.00688	0.00740	0.00853	0.00539	0.00541	0.00936	0.04344	0.01483	0.03774	0.28471	0.30585	0.05541	0.02139	0.06629	0.00382	0.10054	0.00490	0.00469
4	0.01657	0.28184	0.15199	0.07245	0.01927	0.33885	0.01255	0.01920	0.01340	0.01435	0.00875	0.01045	0.00724	0.00538	0.00468	0.00146	0.00827	0.00362	0.00262	0.00704
5	0.02471	0.02873	0.01374	0.01023	0.01460	0.00930	0.00849	0.08238	0.01679	0.69691	0.02120	0.01848	0.01344	0.00690	0.00561	0.00172	0.00493	0.00555	0.00676	0.00952
6	0.01275	0.01304	0.01717	0.01476	0.01491	0.05533	0.01224	0.01399	0.00898	0.01355	0.00745	0.01220	0.00738	0.00965	0.01780	0.00241	0.75286	0.00486	0.00248	0.00617
7	0.00796	0.00575	0.00752	0.00708	0.00841	0.00531	0.00531	0.01062	0.01593	0.02257	0.76415	0.04204	0.05310	0.01150	0.00664	0.00177	0.00265	0.01018	0.00619	0.00531
8	0.00796	0.00575	0.00752	0.00708	0.00841	0.00531	0.00531	0.01062	0.01593	0.02257	0.76415	0.04204	0.05310	0.01150	0.00664	0.00177	0.00265	0.01018	0.00619	0.00531
9	0.02056	0.08646	0.01698	0.01413	0.01717	0.72164	0.01078	0.02204	0.01560	0.01373	0.00863	0.01006	0.00725	0.00572	0.00496	0.00143	0.00983	0.00358	0.00286	0.00658
10	0.00818	0.00546	0.00614	0.00614	0.00614	0.00546	0.00341	0.00818	0.00818	0.01091	0.01773	0.03683	0.02046	0.80222	0.02864	0.00546	0.00546	0.00818	0.00341	0.00341
11	0.00812	0.00543	0.00616	0.00622	0.00624	0.00541	0.00350	0.00817	0.00831	0.01108	0.01840	0.07489	0.02130	0.76302	0.02757	0.00530	0.00535	0.00857	0.00350	0.00347
12	0.01453	0.01430	0.02151	0.06141	0.63147	0.07370	0.01621	0.03475	0.04373	0.01846	0.01098	0.01395	0.00908	0.00525	0.00554	0.00167	0.00689	0.00496	0.00297	0.00864
13	0.05649	0.66642	0.02657	0.00972	0.01441	0.02048	0.00941	0.05419	0.01245	0.07296	0.00921	0.01003	0.00780	0.00510	0.00386	0.00130	0.00585	0.00332	0.00297	0.00746
14	0.01193	0.01253	0.07625	0.51234	0.21593	0.01296	0.01623	0.04536	0.01231	0.01649	0.01030	0.01444	0.00791	0.00550	0.00559	0.00181	0.00731	0.00494	0.00269	0.00720
15	0.00775	0.00620	0.00980	0.00985	0.01086	0.00582	0.09164	0.00927	0.01121	0.01495	0.02866	0.65975	0.03357	0.01600	0.00716	0.00226	0.00411	0.06125	0.00494	0.00496
16	0.00978	0.00489	0.00733	0.00733	0.00733	0.00489	0.00489	0.00733	0.00733	0.00978	0.00978	0.01711	0.00978	0.01955	0.02199	0.83627	0.00489	0.00489	0.00244	0.00244
17	0.07508	0.06651	0.67735	0.01506	0.02283	0.01350	0.01911	0.01768	0.01168	0.01816	0.00981	0.01153	0.00705	0.00531	0.00512	0.00175	0.00790	0.00402	0.00246	0.00809
18	0.03267	0.01092	0.01290	0.01212	0.07116	0.05980	0.00883	0.10373	0.06686	0.32325	0.02042	0.11503	0.01702	0.04830	0.00703	0.00202	0.00528	0.05672	0.00552	0.02042
19	0.00766	0.00569	0.00713	0.00688	0.00825	0.00516	0.00512	0.00998	0.01504	0.02071	0.58924	0.09329	0.18026	0.01240	0.00668	0.00183	0.00273	0.01086	0.00596	0.00516
20	0.01531	0.77082	0.02888	0.00985	0.01458	0.05610	0.00968	0.01710	0.01164	0.01326	0.00786	0.00908	0.00722	0.00486	0.00368	0.00121	0.00620	0.00304	0.00243	0.00719
21	0.01534	0.04355	0.16224	0.07070	0.30819	0.03553	0.09710	0.01911	0.01313	0.14797	0.01235	0.01435	0.00918	0.00553	0.00582	0.00173	0.02133	0.00503	0.00341	0.00842
22	0.01234	0.15900	0.44833	0.01644	0.02324	0.01488	0.17909	0.01746	0.01210	0.01705	0.02342	0.01267	0.00829	0.00535	0.00569	0.00172	0.02786	0.00464	0.00256	0.00786
23	0.00978	0.00489	0.00733	0.00733	0.00733	0.00489	0.00489	0.00733	0.00733	0.00978	0.00978	0.01711	0.00978	0.01955	0.02199	0.83627	0.00489	0.00489	0.00244	0.00244
24	0.00808	0.00608	0.00774	0.00862	0.01002	0.00574	0.00716	0.01015	0.01271	0.01608	0.03875	0.12783	0.27067	0.01532	0.00735	0.00234	0.00425	0.43092	0.00520	0.00499
25	0.01520	0.34120	0.23572	0.01289	0.01826	0.03520	0.04556	0.08458	0.01327	0.07483	0.01023	0.01156	0.00799	0.00570	0.00572	0.00158	0.06552	0.00404	0.00308	0.00785
26	0.01049	0.00525	0.00525	0.00525	0.00656	0.00525	0.00393	0.01311	0.01180	0.02098	0.01836	0.02098	0.01442	0.00656	0.00393	0.00131	0.00262	0.00525	0.83346	0.00525
27	0.00686	0.00490	0.00653	0.00784	0.00816	0.00457	0.00522	0.00784	0.01077	0.01437	0.03102	0.79855	0.03722	0.01763	0.00718	0.00229	0.00326	0.01600	0.00522	0.00457
28	0.01150	0.01065	0.01773	0.62537	0.13817	0.01265	0.02860	0.03979	0.01204	0.01587	0.01042	0.01495	0.00795	0.00559	0.00560	0.00183	0.00726	0.00504	0.02226	0.00673
29	0.02783	0.09066	0.01856	0.14062	0.25482	0.12906	0.02603	0.01670	0.01256	0.04690	0.02967	0.07400	0.01166	0.00683	0.00643	0.00174	0.06903	0.00559	0.02411	0.00720
30	0.01241	0.02721	0.69335	0.01580	0.02374	0.01274	0.04094	0.01856	0.01225	0.07550	0.01106	0.01253	0.00769	0.00545	0.00541	0.00178	0.00808	0.00435	0.00274	0.00839
31	0.01507	0.01188	0.01436	0.03790	0.08410	0.01098	0.00911	0.21760	0.01602	0.05299	0.01151	0.01279	0.00892	0.00512	0.00481	0.00122	0.00509	0.00411	0.00403	0.47240
32	0.01019	0.00657	0.00849	0.00765	0.00955	0.00594	0.00581	0.01296	0.03214	0.10375	0.55459	0.09323	0.04344	0.01083	0.00636	0.00174	0.00309	0.00952	0.00598	0.06815
33	0.04135	0.04907	0.54493	0.04793	0.04255	0.01353	0.14729	0.01763	0.01203	0.01786	0.01018	0.01245	0.00740	0.00522	0.00547	0.00178	0.00824	0.00457	0.00251	0.00801
34	0.02037	0.02253	0.01604	0.01447	0.04179	0.52875	0.01083	0.16953	0.01768	0.04467	0.01141	0.01247	0.02746	0.00635	0.00568	0.00156	0.03320	0.00429	0.00364	0.00727
35	0.00709	0.00497	0.00655	0.00763	0.00806	0.00462	0.00513	0.00787	0.01076	0.01424	0.04598	0.67058	0.08717	0.01741	0.00827	0.06611	0.00335	0.01474	0.00503	0.00444
36	0.00685	0.00493	0.00650	0.00775	0.00814	0.00458	0.00519	0.00785	0.01086	0.01440	0.03208	0.76812	0.06696	0.01749	0.00716	0.00227	0.00325	0.01583	0.00522	0.00458
37	0.03508	0.00942	0.01538	0.09009	0.17015	0.00967	0.11025	0.04168	0.01216	0.01690	0.01996	0.35309	0.02154	0.01103	0.00685	0.00204	0.03153	0.03279	0.00401	0.00635
38	0.00689	0.00557	0.00616	0.00658	0.00805	0.00484	0.00487	0.00829	0.01234	0.01513	0.04863	0.23521	0.53247	0.01517	0.00687	0.00205	0.00313	0.06781	0.00522	0.00474
39	0.01167	0.01000	0.01167	0.00834	0.01334	0.00750	0.00667	0.01417	0.01167	0.01834	0.01000	0.01167	0.00834	0.00417	0.00417	0.00083	0.00417	0.00333	0.00333	0.83663
40	0.04133	0.01521	0.01620	0.01250	0.01684	0.01683	0.01031	0.70012	0.02544	0.03462	0.01357	0.01371	0.00968	0.00671	0.00551	0.00167	0.00600	0.00502	0.03942	0.00931
41	0.81781	0.01084	0.00841	0.00748	0.01099	0.01250	0.00616	0.01686	0.00977	0.04732	0.00826	0.00944	0.00633	0.00528	0.00355	0.00174	0.00437	0.00312	0.00359	0.00620
42	0.05719	0.00774	0.03887	0.00744	0.00948	0.00694	0.00591	0.03801	0.05506	0.04991	0.25777	0.05465	0.19407	0.09381	0.00832	0.00215	0.00364	0.00873	0.09466	0.00565
43	0.00908	0.00599	0.00772	0.00715	0.00863	0.00549	0.00534	0.01148	0.01531	0.07225	0.63141	0.04081	0.08596	0.05918	0.00790	0.00200	0.00298	0.00984	0.00603	0.00546
44	0.01317	0.01496	0.03252	0.05603	0.02981	0.01416	0.71580	0.01787	0.01320	0.01787	0.01133	0.01517	0.00850	0.00478	0.00660	0.00190	0.00940	0.00657	0.00283	0.00753
45	0.05163	0.54586	0.22689	0.01134	0.01699	0.03523	0.01248	0.01721	0.01156	0.01502	0.00845	0.00982	0.00715	0.00500	0.00410	0.00139	0.00664	0.00333	0.00246	0.00745
46	0.07637	0.03683	0.04654	0.01362	0.01472	0.08936	0.01153	0.01462	0.00964	0.01459	0.00829	0.01255	0.00780	0.01141	0.07701	0.00278	0.53884	0.00466	0.00262	0.00621
47	0.00978	0.00489	0.00733	0.00733	0.00733	0.00489	0.00489	0.00733	0.00733	0.00978	0.00978	0.01711	0.00978	0.01955	0.02199	0.83627	0.00489	0.00489	0.00244	0.00244
48	0.01167	0.01000	0.01167	0.00834	0.01334	0.00750	0.00667	0.01417	0.01167	0.01834	0.01000	0.01167	0.00834	0.00417	0.00417	0.00083	0.00417	0.00333	0.00333	0.83663
49	0.08952	0.10367	0.07213	0.01005	0.01418	0.01153	0.00894	0.05620	0.10143	0.26810	0.07165	0.01745	0.01441	0.00664	0.00535	0.00162	0.02137	0.00516	0.03784	0.08278
50	0.02095	0.01554	0.01664	0.01286	0.01728	0.01725	0.01059	0.70536	0.07017	0.03475	0.01407	0.01396	0.01003	0.00681	0.00564	0.00170	0.00609	0.00514	0.00564	0.00953
51	0.00686	0.00490	0.00653	0.00784	0.00816	0.00457	0.00522	0.00784	0.01077	0.01437	0.03102	0.79855	0.03722	0.01763	0.00718	0.00229	0.00326	0.01600	0.00522	0.00457
52	0.01349	0.01326	0.02360	0.11293	0.59081	0.01339	0.11518	0.01707	0.01271	0.01791	0.01063	0.01421	0.00871	0.00504	0.00572	0.00172	0.00715	0.00523	0.00276	0.00845
53	0.01218	0.07716	0.55734	0.01712	0.06876	0.04490	0.08512	0.01772	0.01232	0.01755	0.03235	0.01294	0.00874	0.00544	0.00539	0.00173	0.00808	0.00452	0.00258	0.00805
54	0.00817	0.00550	0.00638	0.00638	0.00646	0.00559	0.00371	0.00834	0.00826	0.01109	0.01751	0.03560	0.01993	0.73909	0.09105	0.00575	0.00625	0.00800	0.00338	0.00354
55	0.00727	0.00566	0.00660	0.00650	0.00801	0.00499	0.00482	0.00923	0.01410	0.01852	0.37987	0.10488	0.38288	0.01325	0.00669	0.00187	0.00279	0.01141	0.00567	0.00499
56	0.00914	0.00760	0.00956	0.10047	0.01312	0.03800	0.00756	0.02933	0.02370	0.01611	0.09978	0.42285	0.05215	0.01344	0.00772	0.00211	0.07601	0.03262	0.03345	0.00531
57	0.01521	0.04539	0.01494	0.01402	0.09524	0.04096	0.01002	0.08467	0.54031	0.04646	0.01971	0.01872	0.01484	0.00709	0.00559	0.00182	0.00510	0.00586	0.00521	0.00883
58	0.01282	0.00687	0.00901	0.00877	0.01050	0.00639	0.00648	0.05529	0.01334	0.22329	0.04889	0.49691	0.02959	0.01385	0.00668	0.00210	0.00389	0.03331	0.00575	0.00627
59	0.07529	0.01076	0.01661	0.59331	0.09877	0.01292	0.01454	0.05640	0.03680	0.01705	0.01051	0.01458	0.00795	0.00567	0.00546	0.00184	0.00701	0.00490	0.00288	0.00675
60	0.01959	0.01482	0.01725	0.01328	0.01751	0.01615	0.06653	0.62972	0.02403	0.03222	0.01437	0.05367	0.01125	0.03478	0.00658	0.00187	0.00627	0.00584	0.00532	0.00896
61	0.00700	0.00500	0.00670	0.00800	0.00839	0.00470	0.00547	0.00809	0.01092	0.01453	0.03094	0.75058	0.03691	0.01749	0.00722	0.00231	0.00339	0.06255	0.00522	0.00461
62	0.01472	0.01008	0.02877	0.00965	0.01256	0.00989	0.00790	0.25607	0.01917	0.12086	0.37107	0.02932	0.03146	0.00926	0.00614	0.00176	0.00429	0.02881	0.02091	0.00732
63	0.00749	0.00523	0.00642	0.00701	0.00732	0.00504	0.00445	0.00817	0.00995	0.01327	0.05993	0.39253	0.05890	0.35460	0.03098	0.00374	0.00438	0.01202	0.00445	0.00412
64	0.01382	0.01122	0.01288	0.00959	0.01406	0.01016	0.00776	0.17733	0.01480	0.02199	0.01098	0.01249	0.00880	0.00515	0.00527	0.00113	0.04768	0.00388	0.03721	0.57382
65	0.01093	0.01047	0.01818	0.70889	0.06701	0.01265	0.06341	0.01473	0.01145	0.01478	0.01012	0.01497	0.00763	0.00554	0.00569	0.00187	0.00760	0.00511	0.00253	0.00644
66	0.07548	0.09862	0.55388	0.01571	0.04101	0.01411	0.06600	0.01750	0.01168	0.01786	0.00973	0.01169	0.00720	0.00538	0.00554	0.00175	0.03224	0.00417	0.00251	0.00794
67	0.04596	0.01456	0.03047	0.04911	0.04070	0.01378	0.64515	0.01765	0.01298	0.01821	0.01112	0.01475	0.00840	0.00477	0.00635	0.00184	0.00892	0.00626	0.00288	0.04615
68	0.03727	0.01147	0.07006	0.01345	0.11122	0.03197	0.02810	0.02116	0.04867	0.35988	0.18294	0.02248	0.02107	0.00750	0.00580	0.00174	0.00507	0.00640	0.00555	0.00820
69	0.04134	0.48844	0.05420	0.01141	0.05220	0.03348	0.01005	0.09984	0.01348	0.06203	0.01156	0.07785	0.01049	0.00632	0.00446	0.00145	0.00589	0.00467	0.00335	0.00748

[dist]
# distance from previous block
# <min> <max>
2	5

[block]
# block no. 2 follows, 42 sequences, length 25
# corresponding to MSA columns:
# 147-150,152-172
name=unknown_C
#
# <colnr> <probs for GDERKNQSTAVLIFYWHMCP>
#	G	D	E	R	K	N	Q	S	T	A	V	L	I	F	Y	W	H	M	C	P
0	0.01043	0.00912	0.09312	0.00873	0.01118	0.00695	0.00763	0.04332	0.01406	0.09394	0.25230	0.10576	0.16063	0.06932	0.00813	0.00219	0.00421	0.08778	0.00526	0.00593
1	0.00794	0.00524	0.00668	0.00736	0.00775	0.00498	0.00478	0.00863	0.01029	0.03644	0.05702	0.49689	0.03142	0.24378	0.01381	0.03116	0.00397	0.01281	0.00470	0.00435
2	0.01414	0.01137	0.03764	0.00949	0.01423	0.00942	0.00793	0.12449	0.01414	0.07944	0.01166	0.01283	0.00907	0.00504	0.00492	0.00112	0.02588	0.00390	0.02919	0.57409
3	0.40661	0.23936	0.01619	0.00972	0.01349	0.17786	0.00826	0.04245	0.01202	0.01976	0.00821	0.00947	0.00677	0.00528	0.00393	0.00153	0.00611	0.00323	0.00313	0.00662
4	0.00821	0.00602	0.00754	0.00807	0.00908	0.00585	0.00596	0.02653	0.04360	0.01669	0.14622	0.33140	0.10700	0.10145	0.00942	0.00254	0.00385	0.15037	0.00520	0.00499
5	0.03391	0.12338	0.01980	0.12138	0.01997	0.12273	0.09610	0.03542	0.02552	0.01556	0.00911	0.01233	0.00777	0.00676	0.00940	0.00183	0.26226	0.00455	0.00280	0.06942
6	0.00958	0.00735	0.00965	0.02396	0.01154	0.00716	0.03790	0.01361	0.10318	0.04384	0.24653	0.06145	0.18512	0.01204	0.00672	0.00201	0.00403	0.18624	0.00542	0.02263
7	0.01908	0.01163	0.03410	0.01207	0.05934	0.04228	0.00925	0.05107	0.22600	0.36669	0.08951	0.02072	0.01758	0.00736	0.00573	0.00177	0.00498	0.00609	0.00595	0.00879
8	0.01747	0.01328	0.01469	0.01125	0.01560	0.01368	0.00919	0.47599	0.02094	0.02892	0.03314	0.01428	0.01068	0.00827	0.05147	0.00189	0.00605	0.00477	0.00484	0.24361
9	0.00687	0.00513	0.00639	0.00730	0.00805	0.00466	0.00501	0.00805	0.01155	0.01503	0.07931	0.58179	0.20740	0.01649	0.00703	0.00217	0.00313	0.01470	0.00528	0.00466
10	0.25063	0.09971	0.01536	0.01153	0.01522	0.27127	0.00931	0.20821	0.03350	0.02278	0.00994	0.01087	0.00775	0.00583	0.00464	0.00158	0.00694	0.00384	0.00378	0.00732
11	0.04185	0.01600	0.01545	0.01431	0.07866	0.14824	0.01049	0.27742	0.28997	0.02562	0.01570	0.01557	0.01179	0.00672	0.00550	0.00173	0.00623	0.00523	0.00489	0.00864
12	0.00791	0.00575	0.00745	0.00702	0.00837	0.00529	0.00527	0.01051	0.01580	0.02226	0.73490	0.04254	0.08254	0.01162	0.00664	0.00178	0.00266	0.01025	0.00615	0.00529
13	0.00683	0.00499	0.00643	0.00759	0.00810	0.00459	0.00511	0.00786	0.01101	0.01446	0.03403	0.71237	0.12146	0.01724	0.00712	0.00224	0.00322	0.01552	0.00522	0.00459
14	0.02226	0.01118	0.01368	0.01076	0.01489	0.01101	0.00880	0.19003	0.11764	0.47819	0.04666	0.01894	0.01477	0.00717	0.00570	0.00175	0.00499	0.00578	0.00647	0.00933
15	0.01325	0.01548	0.05638	0.02285	0.02850	0.01418	0.68556	0.01862	0.05090	0.01830	0.01193	0.01537	0.00893	0.00491	0.00655	0.00189	0.00919	0.00655	0.00298	0.00768
16	0.84197	0.01088	0.00827	0.00740	0.01088	0.01262	0.00609	0.01654	0.00958	0.02525	0.00784	0.00914	0.00609	0.00522	0.00348	0.00174	0.00435	0.00305	0.00348	0.00609
17	0.00907	0.00648	0.00907	0.01036	0.01166	0.00648	0.00907	0.01166	0.01296	0.01684	0.02980	0.06348	0.03239	0.01555	0.00777	0.00259	0.00518	0.72924	0.00518	0.00518
18	0.02106	0.02576	0.01604	0.01435	0.01740	0.70644	0.01086	0.09218	0.01696	0.01586	0.00916	0.01047	0.00747	0.00589	0.00513	0.00147	0.00977	0.00376	0.00316	0.00682
19	0.01141	0.00906	0.01188	0.05687	0.01380	0.00983	0.03434	0.15576	0.02956	0.01994	0.11394	0.26348	0.04526	0.01188	0.00821	0.02258	0.09198	0.05213	0.00475	0.03333
20	0.01393	0.01337	0.02284	0.03454	0.76712	0.01337	0.01727	0.01727	0.01281	0.01839	0.01059	0.01393	0.00891	0.00501	0.00557	0.00167	0.00669	0.00501	0.00279	0.00891
21	0.01393	0.01337	0.02284	0.03454	0.76712	0.01337	0.01727	0.01727	0.01281	0.01839	0.01059	0.01393	0.00891	0.00501	0.00557	0.00167	0.00669	0.00501	0.00279	0.00891
22	0.01358	0.01316	0.02289	0.10571	0.65371	0.01334	0.06067	0.01704	0.01269	0.01798	0.01058	0.01411	0.00876	0.00506	0.00564	0.00170	0.00693	0.00511	0.00276	0.00858
23	0.01231	0.01231	0.01724	0.01477	0.01477	0.01724	0.01231	0.01354	0.00862	0.01354	0.00739	0.01231	0.00739	0.00985	0.01847	0.00246	0.79192	0.00492	0.00246	0.00616
24	0.01129	0.02911	0.77306	0.01604	0.02436	0.01307	0.02079	0.01782	0.01188	0.01782	0.01010	0.01188	0.00713	0.00535	0.00535	0.00178	0.00832	0.00416	0.00238	0.00832

[dist]
# distance from previous block
# <min> <max>
1	9

[block]
# block no. 3 follows, 42 sequences, length 70
# corresponding to MSA columns:
# 182-251
name=unknown_D
#
# <colnr> <probs for GDERKNQSTAVLIFYWHMCP>
#	G	D	E	R	K	N	Q	S	T	A	V	L	I	F	Y	W	H	M	C	P
0	0.06428	0.02728	0.68893	0.01586	0.02374	0.01310	0.05461	0.01775	0.01180	0.01830	0.01002	0.01186	0.00713	0.00531	0.00529	0.00179	0.00812	0.00421	0.00247	0.00814
1	0.01144	0.00839	0.00879	0.00796	0.01019	0.05755	0.00609	0.02899	0.08184	0.11720	0.27294	0.03863	0.28984	0.02673	0.00675	0.00187	0.00378	0.00927	0.00563	0.00612
2	0.00686	0.00490	0.00653	0.00784	0.00816	0.00457	0.00522	0.00784	0.01077	0.01437	0.03102	0.79855	0.03722	0.01763	0.00718	0.00229	0.00326	0.01600	0.00522	0.00457
3	0.05929	0.01284	0.01476	0.01143	0.01577	0.01329	0.00942	0.38991	0.04798	0.34036	0.01721	0.01593	0.01150	0.00681	0.00555	0.00172	0.00546	0.00527	0.00609	0.00939
4	0.08948	0.03460	0.01375	0.01023	0.01455	0.01041	0.00850	0.13411	0.01699	0.57866	0.01932	0.01721	0.01245	0.00673	0.00542	0.00172	0.00500	0.00528	0.00635	0.00923
5	0.00842	0.00596	0.00748	0.00728	0.00869	0.00552	0.00539	0.01107	0.04139	0.04657	0.48601	0.17329	0.14639	0.01265	0.00667	0.00188	0.00293	0.01112	0.00590	0.00538
6	0.00782	0.00589	0.00725	0.00688	0.00838	0.00539	0.00517	0.01051	0.03227	0.02099	0.59387	0.04418	0.20653	0.01201	0.00662	0.00180	0.00274	0.01046	0.00597	0.00527
7	0.11022	0.07823	0.01648	0.05326	0.03360	0.09140	0.01034	0.35367	0.01866	0.07349	0.01184	0.01287	0.00885	0.00652	0.00625	0.00170	0.07473	0.00456	0.02521	0.00810
8	0.06949	0.01137	0.01335	0.06775	0.03809	0.01227	0.00919	0.28965	0.08832	0.13533	0.01732	0.11485	0.01461	0.04328	0.02757	0.02234	0.00562	0.00667	0.00510	0.00784
9	0.00779	0.00613	0.00707	0.00677	0.00846	0.00562	0.00510	0.01076	0.06179	0.01947	0.41403	0.04589	0.35570	0.01244	0.00659	0.00183	0.00285	0.01066	0.00575	0.00530
10	0.02238	0.00936	0.01239	0.00975	0.01368	0.00838	0.00796	0.04351	0.05162	0.62128	0.09891	0.02232	0.03670	0.00764	0.00579	0.00175	0.00454	0.00630	0.00675	0.00899
11	0.04594	0.03839	0.11461	0.09258	0.21146	0.20091	0.01401	0.10471	0.04368	0.01886	0.01048	0.01268	0.00831	0.00590	0.00608	0.00170	0.05425	0.00450	0.00318	0.00777
12	0.04197	0.06198	0.01795	0.06922	0.01886	0.05048	0.10255	0.36288	0.06687	0.04864	0.01440	0.06418	0.01149	0.00696	0.00559	0.00173	0.00635	0.00581	0.03390	0.00818
13	0.01014	0.00731	0.00885	0.02514	0.01035	0.00738	0.00630	0.09859	0.05292	0.02297	0.46686	0.03510	0.07224	0.01143	0.03432	0.00201	0.00378	0.02432	0.09403	0.00596
14	0.63706	0.01155	0.01054	0.10979	0.04804	0.03982	0.00812	0.02967	0.02672	0.02328	0.00869	0.01048	0.00674	0.00537	0.00399	0.00175	0.00510	0.00351	0.00339	0.00638
15	0.02357	0.01078	0.03120	0.01046	0.01479	0.00961	0.00879	0.13329	0.01753	0.61076	0.05392	0.01917	0.01488	0.00710	0.00569	0.00174	0.00498	0.00574	0.00663	0.00936
16	0.01393	0.15122	0.09063	0.10915	0.16561	0.06619	0.12824	0.05220	0.01282	0.01704	0.00983	0.01265	0.00799	0.00551	0.00632	0.00165	0.07211	0.00462	0.00282	0.06947
17	0.01640	0.06228	0.01432	0.01191	0.04119	0.01350	0.00917	0.04618	0.52338	0.16578	0.02114	0.01945	0.01544	0.00721	0.00557	0.00182	0.00474	0.00593	0.00565	0.00894
18	0.00744	0.00573	0.00679	0.00653	0.00808	0.00509	0.00489	0.00960	0.01468	0.01961	0.48016	0.04691	0.33894	0.01261	0.00664	0.00182	0.00273	0.01086	0.00581	0.00509
19	0.00847	0.00596	0.00711	0.00669	0.00844	0.00526	0.00507	0.01059	0.01467	0.06451	0.43088	0.04561	0.34133	0.01235	0.00658	0.00182	0.00286	0.01060	0.00585	0.00534
20	0.01505	0.80561	0.02949	0.00963	0.01444	0.02227	0.00963	0.01685	0.01143	0.01324	0.00782	0.00903	0.00722	0.00481	0.00361	0.00120	0.00602	0.00301	0.00241	0.00722
21	0.00796	0.00575	0.00752	0.00708	0.00841	0.00531	0.00531	0.01062	0.01593	0.02257	0.76415	0.04204	0.05310	0.01150	0.00664	0.00177	0.00265	0.01018	0.00619	0.00531
22	0.84197	0.01088	0.00827	0.00740	0.01088	0.01262	0.00609	0.01654	0.00958	0.02525	0.00784	0.00914	0.00609	0.00522	0.00348	0.00174	0.00435	0.00305	0.00348	0.00609
23	0.02374	0.01199	0.01455	0.01116	0.01557	0.01186	0.00922	0.30891	0.02015	0.48383	0.01881	0.01695	0.01223	0.00688	0.00565	0.00172	0.00534	0.00543	0.00644	0.00957
24	0.84197	0.01088	0.00827	0.00740	0.01088	0.01262	0.00609	0.01654	0.00958	0.02525	0.00784	0.00914	0.00609	0.00522	0.00348	0.00174	0.00435	0.00305	0.00348	0.00609
25	0.01328	0.01518	0.03321	0.02372	0.02941	0.01423	0.74668	0.01803	0.01328	0.01803	0.01139	0.01518	0.00854	0.00474	0.00664	0.00190	0.00949	0.00664	0.00285	0.00759
26	0.84197	0.01088	0.00827	0.00740	0.01088	0.01262	0.00609	0.01654	0.00958	0.02525	0.00784	0.00914	0.00609	0.00522	0.00348	0.00174	0.00435	0.00305	0.00348	0.00609
27	0.00804	0.00603	0.00904	0.00904	0.01005	0.00703	0.00703	0.01005	0.00904	0.01306	0.01507	0.02211	0.01407	0.04221	0.77992	0.00904	0.01507	0.00603	0.00301	0.00502
28	0.00689	0.00492	0.00656	0.00781	0.00817	0.00459	0.00523	0.00792	0.01094	0.01463	0.05437	0.77445	0.03773	0.01744	0.00717	0.00227	0.00325	0.01581	0.00525	0.00459
29	0.02505	0.00990	0.01326	0.01017	0.01453	0.00876	0.00840	0.06559	0.01666	0.73208	0.02174	0.01886	0.01370	0.00695	0.00566	0.00174	0.00486	0.00563	0.00689	0.00958
30	0.01287	0.01453	0.03151	0.02271	0.02806	0.01362	0.69946	0.01738	0.01312	0.01779	0.01264	0.06507	0.01037	0.00556	0.00668	0.00192	0.00909	0.00724	0.00300	0.00740
31	0.01076	0.00665	0.00861	0.00772	0.00957	0.00620	0.00592	0.02990	0.03445	0.12438	0.62845	0.03778	0.04593	0.01069	0.00646	0.00177	0.00307	0.00936	0.00628	0.00607
32	0.00686	0.00490	0.00653	0.00784	0.00816	0.00457	0.00522	0.00784	0.01077	0.01437	0.03102	0.79855	0.03722	0.01763	0.00718	0.00229	0.00326	0.01600	0.00522	0.00457
33	0.04574	0.01335	0.01519	0.01172	0.01611	0.01398	0.00967	0.45586	0.03859	0.29594	0.01664	0.01556	0.01119	0.00681	0.00558	0.00171	0.00560	0.00525	0.00605	0.00946
34	0.00818	0.00546	0.00614	0.00614	0.00614	0.00546	0.00341	0.00818	0.00818	0.01091	0.01773	0.03683	0.02046	0.80222	0.02864	0.00546	0.00546	0.00818	0.00341	0.00341
35	0.01247	0.06704	0.35797	0.01914	0.02569	0.01431	0.35302	0.01768	0.01236	0.01747	0.01044	0.01325	0.00779	0.00523	0.00640	0.00183	0.04222	0.00526	0.00260	0.00783
36	0.00817	0.00622	0.00929	0.00922	0.01019	0.00734	0.00719	0.01015	0.00903	0.01308	0.01484	0.02181	0.01387	0.04123	0.75697	0.00885	0.03849	0.00600	0.00300	0.00506
37	0.01336	0.01528	0.04900	0.07228	0.10439	0.04514	0.51842	0.01754	0.01281	0.01730	0.01076	0.01452	0.00833	0.00528	0.00729	0.00190	0.07006	0.00605	0.00278	0.00751
38	0.00883	0.00752	0.01030	0.01022	0.01044	0.00907	0.00767	0.00989	0.00988	0.01392	0.02189	0.47620	0.02561	0.04417	0.03368	0.00265	0.27726	0.01159	0.00414	0.00509
39	0.01927	0.01412	0.01548	0.01173	0.01634	0.01469	0.00964	0.54255	0.02250	0.06443	0.01307	0.01333	0.00947	0.00615	0.00529	0.00149	0.00565	0.00468	0.00515	0.20497
40	0.00796	0.00575	0.00752	0.00708	0.00841	0.00531	0.00531	0.01062	0.01593	0.02257	0.76415	0.04204	0.05310	0.01150	0.00664	0.00177	0.00265	0.01018	0.00619	0.00531
41	0.00806	0.00634	0.00741	0.00706	0.00876	0.00598	0.00534	0.01149	0.08383	0.01967	0.41381	0.04370	0.30397	0.01324	0.03451	0.00209	0.00334	0.01028	0.00569	0.00544
42	0.02525	0.00958	0.01306	0.01001	0.01437	0.00827	0.00827	0.02743	0.01611	0.77102	0.02220	0.01915	0.01393	0.00697	0.00566	0.00174	0.00479	0.00566	0.00697	0.00958
43	0.00678	0.00568	0.00590	0.00590	0.00769	0.00479	0.00440	0.00830	0.01303	0.01584	0.12007	0.07997	0.67412	0.01413	0.00667	0.00190	0.00285	0.01187	0.00531	0.00479
44	0.01505	0.80561	0.02949	0.00963	0.01444	0.02227	0.00963	0.01685	0.01143	0.01324	0.00782	0.00903	0.00722	0.00481	0.00361	0.00120	0.00602	0.00301	0.00241	0.00722
45	0.02465	0.01053	0.01365	0.01047	0.01484	0.00969	0.00865	0.13860	0.01770	0.65758	0.02086	0.01828	0.01326	0.00693	0.00565	0.00173	0.00501	0.00557	0.00676	0.00958
46	0.01651	0.01136	0.01166	0.00955	0.01258	0.03218	0.00768	0.40080	0.01964	0.02842	0.01555	0.01676	0.01168	0.00664	0.00486	0.00151	0.00470	0.00511	0.37524	0.00756
47	0.01995	0.03458	0.01552	0.01193	0.01592	0.01487	0.00979	0.54594	0.02286	0.12427	0.01661	0.09082	0.01338	0.00803	0.00579	0.00177	0.00570	0.02770	0.00566	0.00890
48	0.01231	0.01231	0.01724	0.01477	0.01477	0.01724	0.01231	0.01354	0.00862	0.01354	0.00739	0.01231	0.00739	0.00985	0.01847	0.00246	0.79192	0.00492	0.00246	0.00616
49	0.01231	0.01231	0.01724	0.01477	0.01477	0.01724	0.01231	0.01354	0.00862	0.01354	0.00739	0.01231	0.00739	0.00985	0.01847	0.00246	0.79192	0.00492	0.00246	0.00616
50	0.55261	0.01064	0.01010	0.00843	0.01223	0.01141	0.00695	0.04583	0.01226	0.26340	0.01262	0.01249	0.00872	0.00583	0.00425	0.00174	0.00456	0.00395	0.00467	0.00733
51	0.01643	0.06418	0.01834	0.13392	0.22487	0.06286	0.01273	0.21939	0.06929	0.06684	0.03287	0.01591	0.01117	0.00629	0.00553	0.00170	0.00644	0.01881	0.00410	0.00831
52	0.00770	0.00574	0.00715	0.00680	0.00824	0.00520	0.00510	0.01010	0.01530	0.02108	0.62098	0.04449	0.19720	0.01206	0.00664	0.00180	0.00269	0.01052	0.00600	0.00520
53	0.01400	0.01209	0.01273	0.01145	0.01463	0.01400	0.00891	0.02990	0.75695	0.02354	0.02291	0.02100	0.01718	0.00764	0.00573	0.00191	0.00445	0.00636	0.00573	0.00891
54	0.01737	0.33329	0.05615	0.01204	0.01602	0.32080	0.01052	0.08759	0.01481	0.01606	0.02478	0.01298	0.02755	0.00601	0.00469	0.00143	0.00762	0.02012	0.00311	0.00707
55	0.02266	0.01102	0.04125	0.01206	0.06281	0.00973	0.00945	0.05293	0.09694	0.58757	0.02079	0.01855	0.01356	0.00685	0.00565	0.00175	0.00505	0.00562	0.00635	0.00942
56	0.01063	0.01000	0.01688	0.78870	0.03876	0.01250	0.01563	0.01438	0.01125	0.01438	0.01000	0.01500	0.00750	0.00563	0.00563	0.00188	0.00750	0.00500	0.00250	0.00625
57	0.02525	0.00958	0.01306	0.01001	0.01437	0.00827	0.00827	0.02743	0.01611	0.77102	0.02220	0.01915	0.01393	0.00697	0.00566	0.00174	0.00479	0.00566	0.00697	0.00958
58	0.03175	0.02511	0.56740	0.01663	0.05926	0.03993	0.06494	0.03690	0.01280	0.07730	0.01114	0.01268	0.00788	0.00547	0.00542	0.00177	0.00796	0.00445	0.00291	0.00832
59	0.01095	0.01039	0.01764	0.70882	0.06084	0.01265	0.04673	0.01509	0.03360	0.01494	0.01046	0.01516	0.00788	0.00563	0.00567	0.00187	0.00747	0.00511	0.00262	0.00647
60	0.00665	0.00570	0.00570	0.00570	0.00760	0.00475	0.00428	0.00808	0.01283	0.01520	0.05701	0.05416	0.76483	0.01425	0.00665	0.00190	0.00285	0.01188	0.00523	0.00475
61	0.01289	0.01398	0.08929	0.21635	0.52269	0.01313	0.01719	0.01662	0.01235	0.01736	0.01040	0.01400	0.00841	0.00519	0.00556	0.00173	0.00703	0.00493	0.00268	0.00821
62	0.01393	0.01337	0.02284	0.03454	0.76712	0.01337	0.01727	0.01727	0.01281	0.01839	0.01059	0.01393	0.00891	0.00501	0.00557	0.00167	0.00669	0.00501	0.00279	0.00891
63	0.01137	0.01092	0.01542	0.01351	0.01373	0.01498	0.01114	0.01277	0.00871	0.01344	0.00909	0.01448	0.00887	0.01701	0.18695	0.00392	0.62003	0.00517	0.00258	0.00591
64	0.00805	0.00597	0.00874	0.00874	0.00965	0.00687	0.00666	0.00986	0.00896	0.01284	0.01535	0.02363	0.01473	0.12065	0.70238	0.00867	0.01408	0.00625	0.00306	0.00486
65	0.02228	0.01088	0.01293	0.01046	0.01437	0.05817	0.00849	0.02660	0.13317	0.56297	0.04039	0.02079	0.01556	0.00737	0.00572	0.00178	0.00504	0.02756	0.00644	0.00904
66	0.02363	0.01062	0.01352	0.01053	0.01479	0.01002	0.00864	0.11972	0.09138	0.60249	0.02116	0.01862	0.01370	0.00701	0.00566	0.00175	0.00493	0.00565	0.00667	0.00951
67	0.01337	0.01368	0.02596	0.10613	0.43013	0.01359	0.27825	0.01725	0.01283	0.01786	0.01081	0.01448	0.00864	0.00498	0.00596	0.00177	0.00777	0.00560	0.00278	0.00817
68	0.00952	0.00686	0.00827	0.00894	0.01026	0.02502	0.00723	0.03805	0.02974	0.01740	0.02884	0.19170	0.08673	0.01394	0.00719	0.02276	0.00440	0.35649	0.12142	0.00525
69	0.01148	0.00944	0.01450	0.43658	0.04354	0.01120	0.01225	0.03198	0.01232	0.06614	0.10655	0.02093	0.05943	0.00836	0.02657	0.00207	0.09022	0.00612	0.02398	0.00634

[dist]
# distance from previous block
# <min> <max>
1	9

[block]
# block no. 4 follows, 42 sequences, length 19
# corresponding to MSA columns:
# 262-280
name=unknown_E
#
# <colnr> <probs for GDERKNQSTAVLIFYWHMCP>
#	G	D	E	R	K	N	Q	S	T	A	V	L	I	F	Y	W	H	M	C	P
0	0.08092	0.01341	0.05349	0.20379	0.23969	0.01343	0.13256	0.10076	0.03056	0.04236	0.01128	0.01412	0.00861	0.00544	0.00556	0.00176	0.00699	0.00509	0.00329	0.02687
1	0.02958	0.01381	0.13214	0.03015	0.03241	0.04256	0.08857	0.08518	0.01374	0.08750	0.08584	0.06618	0.01547	0.01969	0.00759	0.00185	0.10759	0.00618	0.08771	0.04624
2	0.00807	0.00603	0.00742	0.00739	0.00866	0.00535	0.00508	0.00935	0.01116	0.01543	0.11692	0.38404	0.06550	0.16852	0.01079	0.00258	0.00376	0.01136	0.00466	0.14792
3	0.01671	0.09760	0.01755	0.11343	0.10715	0.23582	0.01166	0.16330	0.07989	0.01965	0.01291	0.03354	0.01094	0.00677	0.00542	0.00168	0.00727	0.04743	0.00375	0.00753
4	0.00970	0.00622	0.00788	0.00745	0.00921	0.00562	0.00578	0.01200	0.01489	0.10419	0.44412	0.06283	0.19639	0.01211	0.00665	0.00188	0.00319	0.07830	0.00596	0.00564
5	0.01167	0.01000	0.01167	0.00834	0.01334	0.00750	0.00667	0.01417	0.01167	0.01834	0.01000	0.01167	0.00834	0.00417	0.00417	0.00083	0.00417	0.00333	0.00333	0.83663
6	0.01290	0.01278	0.02309	0.14165	0.35588	0.01302	0.21313	0.01750	0.06406	0.01813	0.03741	0.01749	0.01142	0.00578	0.00599	0.00181	0.00723	0.02967	0.00316	0.00791
7	0.01467	0.01194	0.01275	0.01137	0.01462	0.01366	0.00887	0.02976	0.71273	0.06815	0.02286	0.02089	0.01698	0.00760	0.00572	0.00190	0.00447	0.00632	0.00580	0.00895
8	0.00730	0.00567	0.00665	0.00653	0.00803	0.00501	0.00485	0.00929	0.01418	0.01872	0.39832	0.10306	0.36583	0.01317	0.00668	0.00187	0.00279	0.01136	0.00570	0.00501
9	0.01483	0.01190	0.01275	0.01135	0.01461	0.01358	0.00886	0.02972	0.70243	0.07855	0.02285	0.02086	0.01694	0.00759	0.00572	0.00190	0.00448	0.00631	0.00582	0.00896
10	0.01072	0.00578	0.00583	0.00564	0.00715	0.00579	0.00428	0.04746	0.01257	0.02124	0.02097	0.02307	0.06942	0.00713	0.00421	0.00137	0.00281	0.00572	0.73343	0.00541
11	0.01294	0.01358	0.01801	0.36775	0.02723	0.13312	0.08180	0.01572	0.01149	0.01460	0.00948	0.01373	0.00773	0.00672	0.00900	0.00195	0.21658	0.00493	0.02730	0.00636
12	0.00875	0.00596	0.00757	0.00704	0.00863	0.00539	0.00532	0.01119	0.01548	0.06387	0.61694	0.04254	0.15675	0.01166	0.00658	0.00179	0.00280	0.01017	0.00609	0.00547
13	0.08315	0.00604	0.00752	0.00842	0.00947	0.00588	0.00629	0.00982	0.01123	0.01612	0.02770	0.51683	0.03198	0.01542	0.00686	0.00225	0.00386	0.18472	0.00497	0.04147
14	0.02072	0.01543	0.01651	0.01281	0.01720	0.01714	0.01053	0.68335	0.09255	0.03439	0.01436	0.01419	0.01026	0.00684	0.00564	0.00171	0.00604	0.00518	0.00564	0.00951
15	0.11898	0.01271	0.01297	0.01069	0.01434	0.03169	0.00858	0.33274	0.16401	0.04020	0.01984	0.05259	0.09170	0.00783	0.00546	0.00173	0.00509	0.00614	0.00514	0.05757
16	0.06704	0.37081	0.25248	0.01191	0.01757	0.01754	0.01285	0.09412	0.05762	0.03551	0.01034	0.01132	0.00811	0.00542	0.00452	0.00152	0.00651	0.00384	0.00310	0.00788
17	0.01271	0.00896	0.01056	0.01009	0.01229	0.00953	0.00802	0.06035	0.26362	0.09214	0.02492	0.08022	0.03711	0.10919	0.00929	0.00255	0.00484	0.23142	0.00535	0.00685
18	0.00823	0.00593	0.00752	0.00826	0.00902	0.00578	0.00572	0.07499	0.01249	0.01674	0.07096	0.68467	0.03562	0.01630	0.00701	0.00220	0.00350	0.01468	0.00532	0.00507

[dist]
# distance from previous block
# <min> <max>
14	46

[block]
# block no. 5 follows, 42 sequences, length 24
# corresponding to MSA columns:
# 327-350
name=unknown_F
#
# <colnr> <probs for GDERKNQSTAVLIFYWHMCP>
#	G	D	E	R	K	N	Q	S	T	A	V	L	I	F	Y	W	H	M	C	P
0	0.01868	0.04515	0.01574	0.07912	0.04452	0.08585	0.02868	0.17824	0.13668	0.22078	0.03434	0.01649	0.01240	0.00655	0.00549	0.00167	0.00593	0.00528	0.00506	0.05334
1	0.11302	0.10132	0.05046	0.01312	0.03337	0.20878	0.06590	0.09292	0.01355	0.01817	0.01043	0.01302	0.00868	0.01052	0.10120	0.00256	0.08833	0.00443	0.04343	0.00680
2	0.07394	0.03503	0.03082	0.10653	0.10597	0.14990	0.01108	0.25012	0.01726	0.02272	0.04088	0.01753	0.04985	0.02427	0.00592	0.00177	0.00661	0.02039	0.02189	0.00751
3	0.08931	0.13031	0.11071	0.08360	0.14381	0.04509	0.01213	0.16277	0.03546	0.02098	0.01446	0.03213	0.06026	0.00649	0.00513	0.00166	0.00618	0.00513	0.02673	0.00766
4	0.05544	0.03756	0.01362	0.01043	0.01431	0.03426	0.00846	0.32217	0.09998	0.04940	0.01461	0.03527	0.01132	0.00647	0.00502	0.00150	0.00509	0.00501	0.10459	0.16551
5	0.01780	0.01361	0.01552	0.01195	0.01614	0.01434	0.04371	0.47863	0.07067	0.02914	0.01386	0.01538	0.01062	0.05274	0.00673	0.00178	0.00574	0.00513	0.03115	0.14536
6	0.00732	0.00533	0.00678	0.00771	0.00826	0.00509	0.00520	0.00897	0.04227	0.01502	0.07669	0.62362	0.06907	0.07967	0.00879	0.00247	0.00343	0.01442	0.00516	0.00471
7	0.00783	0.00575	0.00734	0.00694	0.00833	0.00525	0.00521	0.01037	0.01562	0.02184	0.69394	0.04324	0.12376	0.01178	0.00664	0.00178	0.00267	0.01035	0.00610	0.00525
8	0.00683	0.00501	0.00641	0.00752	0.00808	0.00460	0.00509	0.00787	0.01107	0.01449	0.03481	0.69006	0.14326	0.01714	0.00711	0.00223	0.00320	0.01540	0.00522	0.00460
9	0.02525	0.00958	0.01306	0.01001	0.01437	0.00827	0.00827	0.02743	0.01611	0.77102	0.02220	0.01915	0.01393	0.00697	0.00566	0.00174	0.00479	0.00566	0.00697	0.00958
10	0.84197	0.01088	0.00827	0.00740	0.01088	0.01262	0.00609	0.01654	0.00958	0.02525	0.00784	0.00914	0.00609	0.00522	0.00348	0.00174	0.00435	0.00305	0.00348	0.00609
11	0.00686	0.00490	0.00653	0.00784	0.00816	0.00457	0.00522	0.00784	0.01077	0.01437	0.03102	0.79855	0.03722	0.01763	0.00718	0.00229	0.00326	0.01600	0.00522	0.00457
12	0.01231	0.01231	0.01724	0.01477	0.01477	0.01724	0.01231	0.01354	0.00862	0.01354	0.00739	0.01231	0.00739	0.00985	0.01847	0.00246	0.79192	0.00492	0.00246	0.00616
13	0.02525	0.00958	0.01306	0.01001	0.01437	0.00827	0.00827	0.02743	0.01611	0.77102	0.02220	0.01915	0.01393	0.00697	0.00566	0.00174	0.00479	0.00566	0.00697	0.00958
14	0.01049	0.00525	0.00525	0.00525	0.00656	0.00525	0.00393	0.01311	0.01180	0.02098	0.01836	0.02098	0.01442	0.00656	0.00393	0.00131	0.00262	0.00525	0.83346	0.00525
15	0.84197	0.01088	0.00827	0.00740	0.01088	0.01262	0.00609	0.01654	0.00958	0.02525	0.00784	0.00914	0.00609	0.00522	0.00348	0.00174	0.00435	0.00305	0.00348	0.00609
16	0.01505	0.80561	0.02949	0.00963	0.01444	0.02227	0.00963	0.01685	0.01143	0.01324	0.00782	0.00903	0.00722	0.00481	0.00361	0.00120	0.00602	0.00301	0.00241	0.00722
17	0.00686	0.00490	0.00653	0.00784	0.00816	0.00457	0.00522	0.00784	0.01077	0.01437	0.03102	0.79855	0.03722	0.01763	0.00718	0.00229	0.00326	0.01600	0.00522	0.00457
18	0.02139	0.01576	0.01689	0.01295	0.01745	0.01745	0.01070	0.74835	0.02646	0.03547	0.01351	0.01351	0.00957	0.00676	0.00563	0.00169	0.00619	0.00507	0.00563	0.00957
19	0.00928	0.00604	0.00794	0.00730	0.00886	0.00553	0.00553	0.01190	0.01594	0.07935	0.70786	0.04030	0.05013	0.01116	0.00656	0.00177	0.00282	0.00983	0.00625	0.00563
20	0.01572	0.01608	0.01336	0.01209	0.01514	0.23507	0.00928	0.02684	0.51142	0.02037	0.02023	0.01925	0.04566	0.00738	0.00558	0.00178	0.00603	0.00580	0.00489	0.00804
21	0.00907	0.00648	0.00907	0.01036	0.01166	0.00648	0.00907	0.01166	0.01296	0.01684	0.02980	0.06348	0.03239	0.01555	0.00777	0.00259	0.00518	0.72924	0.00518	0.00518
22	0.00686	0.00490	0.00653	0.00784	0.00816	0.00457	0.00522	0.00784	0.01077	0.01437	0.03102	0.79855	0.03722	0.01763	0.00718	0.00229	0.00326	0.01600	0.00522	0.00457
23	0.01152	0.01091	0.01849	0.58471	0.23577	0.01274	0.01607	0.01516	0.01168	0.01546	0.01016	0.01471	0.00788	0.00546	0.00561	0.00182	0.00728	0.00500	0.00258	0.00697

[dist]
# distance from previous block
# <min> <max>
0	5

[block]
# block no. 6 follows, 42 sequences, length 24
# corresponding to MSA columns:
# 356-379
name=unknown_G
#
# <colnr> <probs for GDERKNQSTAVLIFYWHMCP>
#	G	D	E	R	K	N	Q	S	T	A	V	L	I	F	Y	W	H	M	C	P
0	0.01497	0.01171	0.01246	0.01098	0.01410	0.03421	0.00858	0.07418	0.52689	0.09409	0.09592	0.04045	0.02015	0.00808	0.00582	0.00186	0.00455	0.00674	0.00579	0.00849
1	0.00811	0.00543	0.00616	0.00623	0.00625	0.00541	0.00351	0.00817	0.00832	0.01109	0.01844	0.07718	0.02135	0.76066	0.02751	0.00529	0.00534	0.00860	0.00351	0.00347
2	0.00759	0.00562	0.00714	0.00754	0.00861	0.00524	0.00552	0.00973	0.02936	0.01804	0.31652	0.32827	0.14218	0.01442	0.00692	0.00205	0.00316	0.07146	0.00561	0.00502
3	0.04798	0.12408	0.55440	0.01449	0.02170	0.01474	0.01753	0.10770	0.01353	0.01974	0.01014	0.01161	0.00740	0.00545	0.00509	0.00170	0.00760	0.00408	0.00283	0.00824
4	0.01101	0.00574	0.00580	0.00561	0.00707	0.00582	0.00425	0.04798	0.01250	0.02167	0.01813	0.02063	0.01419	0.00657	0.00401	0.00133	0.00279	0.00524	0.79420	0.00545
5	0.01275	0.16933	0.34593	0.04121	0.26504	0.01467	0.01696	0.01716	0.01220	0.01718	0.03111	0.01295	0.00904	0.00532	0.00514	0.00164	0.00717	0.00441	0.00263	0.00817
6	0.01278	0.13189	0.36550	0.06136	0.09774	0.01464	0.15203	0.01752	0.01210	0.03463	0.01023	0.01266	0.00777	0.00537	0.00594	0.00174	0.04091	0.00466	0.00263	0.00791
