[name]
unknown

[dist]
# distance from previous block
# <min> <max>
0	98

[block]
# block no. 0 follows, 43 sequences, length 11
# corresponding to MSA columns:
# 126-136
name=unknown_A
#
# <colnr> <probs for GDERKNQSTAVLIFYWHMCP>
#	G	D	E	R	K	N	Q	S	T	A	V	L	I	F	Y	W	H	M	C	P
0	0.01787	0.03854	0.01448	0.01103	0.01481	0.01234	0.00918	0.28215	0.01755	0.19459	0.01542	0.01880	0.01210	0.00727	0.00656	0.00165	0.07710	0.07655	0.00497	0.16705
1	0.01688	0.04579	0.06596	0.03833	0.01765	0.04838	0.09486	0.11494	0.03896	0.20521	0.01331	0.01442	0.00974	0.00660	0.00777	0.00175	0.15519	0.00496	0.01570	0.08357
2	0.01159	0.05341	0.00889	0.00730	0.00843	0.00677	0.00501	0.01201	0.00986	0.15272	0.01805	0.09878	0.01848	0.44096	0.04122	0.08485	0.00530	0.00762	0.00401	0.00476
3	0.01466	0.01133	0.01243	0.06553	0.01546	0.04971	0.00870	0.02440	0.42575	0.12738	0.09177	0.02063	0.01793	0.00725	0.00553	0.00172	0.00472	0.00603	0.00528	0.08378
4	0.01463	0.01075	0.01411	0.06692	0.01665	0.00937	0.06029	0.09541	0.01381	0.13733	0.01218	0.01331	0.00915	0.00495	0.00476	0.00120	0.00502	0.00417	0.00399	0.50203
5	0.01577	0.04590	0.17237	0.01612	0.02146	0.03058	0.26101	0.08785	0.12093	0.14974	0.01440	0.01530	0.01027	0.00577	0.00575	0.00177	0.00720	0.00551	0.00404	0.00827
6	0.02105	0.01034	0.01350	0.01232	0.08700	0.03117	0.00898	0.08051	0.03299	0.51662	0.02068	0.05189	0.03419	0.00888	0.04165	0.00206	0.00550	0.00603	0.00591	0.00872
7	0.07932	0.00925	0.01176	0.00951	0.01317	0.00859	0.00769	0.04240	0.06518	0.54891	0.05558	0.09040	0.01712	0.00793	0.00560	0.00177	0.00446	0.00655	0.00631	0.00850
8	0.01876	0.08907	0.01505	0.01075	0.01455	0.01368	0.00883	0.30215	0.15687	0.20083	0.01692	0.01711	0.01239	0.04888	0.00649	0.00185	0.00523	0.00533	0.04673	0.00854
9	0.06222	0.04976	0.07327	0.04048	0.08912	0.07702	0.08883	0.10977	0.03358	0.01870	0.04261	0.01769	0.02297	0.07572	0.09963	0.00285	0.04926	0.00544	0.03431	0.00677
10	0.12182	0.00824	0.00968	0.00878	0.01114	0.00822	0.00669	0.08714	0.04786	0.22186	0.06536	0.30903	0.02337	0.03660	0.00663	0.00203	0.00412	0.00932	0.00544	0.00669

[dist]
# distance from previous block
# <min> <max>
0	5

[block]
# block no. 1 follows, 43 sequences, length 13
# corresponding to MSA columns:
# 142-154
name=unknown_B
#
# <colnr> <probs for GDERKNQSTAVLIFYWHMCP>
#	G	D	E	R	K	N	Q	S	T	A	V	L	I	F	Y	W	H	M	C	P
0	0.05702	0.00626	0.00738	0.00787	0.00890	0.00630	0.00557	0.08271	0.01219	0.01763	0.02595	0.58046	0.02937	0.01423	0.00631	0.00204	0.00348	0.01262	0.10857	0.00516
1	0.10892	0.00718	0.00896	0.00980	0.06142	0.00724	0.01907	0.05545	0.01163	0.05060	0.02266	0.43594	0.02496	0.08707	0.00814	0.00231	0.00408	0.01083	0.05827	0.00547
2	0.06388	0.01273	0.01793	0.03322	0.23547	0.07103	0.12435	0.05918	0.08442	0.01851	0.01661	0.10768	0.06135	0.00767	0.00661	0.00183	0.05986	0.00677	0.00365	0.00727
3	0.01653	0.01222	0.01701	0.01340	0.01658	0.01336	0.12991	0.25905	0.03626	0.13104	0.01499	0.07605	0.01213	0.00776	0.00807	0.00187	0.15368	0.00618	0.06616	0.00776
4	0.01158	0.01197	0.02292	0.15102	0.02445	0.01277	0.37573	0.01484	0.01117	0.01533	0.01127	0.01727	0.00970	0.09713	0.06075	0.00280	0.13404	0.00612	0.00276	0.00640
5	0.01620	0.06775	0.01396	0.01038	0.01364	0.12270	0.00814	0.25361	0.01625	0.06627	0.01294	0.01747	0.01125	0.17820	0.01019	0.00227	0.02033	0.00505	0.00410	0.14929
6	0.01324	0.26808	0.05261	0.06460	0.01629	0.11927	0.06696	0.04706	0.01381	0.01727	0.22257	0.01946	0.02004	0.00702	0.00554	0.00155	0.02877	0.00563	0.00366	0.00656
7	0.01178	0.01192	0.02154	0.26619	0.14247	0.01329	0.22408	0.01507	0.01138	0.01563	0.01111	0.06224	0.00965	0.00668	0.00821	0.00195	0.15121	0.00603	0.00276	0.00681
8	0.03817	0.01228	0.04467	0.06119	0.01618	0.01336	0.01023	0.08038	0.20231	0.03787	0.01284	0.01448	0.01021	0.00707	0.00891	0.00178	0.23789	0.00483	0.00382	0.18155
9	0.01395	0.00738	0.00941	0.00872	0.01083	0.00688	0.00655	0.08389	0.01391	0.26288	0.02805	0.41636	0.08275	0.01269	0.00640	0.00199	0.00394	0.01112	0.00573	0.00657
10	0.01056	0.00860	0.01076	0.00975	0.01101	0.00999	0.00758	0.01443	0.13815	0.05039	0.17457	0.08989	0.12221	0.08294	0.01163	0.00234	0.22646	0.00823	0.00457	0.00594
11	0.00724	0.00560	0.00846	0.00892	0.00966	0.00524	0.06298	0.00849	0.01079	0.01442	0.02903	0.74071	0.03444	0.01637	0.00703	0.00222	0.00369	0.01503	0.00496	0.00473
12	0.01852	0.01240	0.01714	0.12683	0.26428	0.05368	0.01247	0.11381	0.01542	0.28756	0.01465	0.01542	0.01032	0.00596	0.00550	0.00169	0.00615	0.00509	0.00452	0.00859

[dist]
# distance from previous block
# <min> <max>
5	26

[block]
# block no. 2 follows, 43 sequences, length 23
# corresponding to MSA columns:
# 183-205
name=unknown_C
#
# <colnr> <probs for GDERKNQSTAVLIFYWHMCP>
#	G	D	E	R	K	N	Q	S	T	A	V	L	I	F	Y	W	H	M	C	P
0	0.01819	0.01040	0.01255	0.00986	0.01386	0.00974	0.00795	0.14295	0.09533	0.32021	0.04429	0.06336	0.01473	0.00701	0.00534	0.00154	0.00460	0.00576	0.00553	0.20681
1	0.00746	0.00548	0.00709	0.00788	0.00849	0.00536	0.00550	0.00853	0.01088	0.03187	0.03250	0.63144	0.13669	0.01618	0.00763	0.00219	0.05079	0.01429	0.00502	0.00473
2	0.01172	0.01125	0.01518	0.01272	0.01391	0.01412	0.01048	0.01322	0.00929	0.01449	0.00893	0.04757	0.00882	0.00871	0.01432	0.00203	0.57084	0.00496	0.00275	0.20469
3	0.00743	0.00610	0.00665	0.00650	0.00841	0.00520	0.00480	0.02568	0.01238	0.01556	0.04478	0.21089	0.51343	0.01356	0.00638	0.00184	0.00310	0.01155	0.00496	0.09080
4	0.00797	0.00632	0.00891	0.00874	0.01020	0.00558	0.05020	0.00943	0.01091	0.01505	0.02567	0.61349	0.02986	0.01423	0.00651	0.00197	0.00374	0.01297	0.00467	0.15358
5	0.01401	0.01116	0.01214	0.01081	0.01361	0.01246	0.00836	0.21399	0.38905	0.02409	0.02202	0.20501	0.01964	0.00963	0.00595	0.00191	0.00455	0.00819	0.00549	0.00792
6	0.01144	0.01130	0.01806	0.54623	0.08166	0.03903	0.06244	0.01471	0.01106	0.01450	0.00953	0.01414	0.00752	0.00609	0.00753	0.00191	0.12899	0.00497	0.00251	0.00641
7	0.05162	0.00700	0.00877	0.15415	0.01313	0.00761	0.00633	0.05165	0.00997	0.01381	0.01662	0.10748	0.01810	0.48921	0.01925	0.00400	0.00551	0.00782	0.00350	0.00447
8	0.01284	0.01281	0.01919	0.36243	0.36605	0.07820	0.01562	0.01609	0.01209	0.01585	0.00992	0.01381	0.00799	0.00540	0.00582	0.00174	0.02938	0.00481	0.00262	0.00735
9	0.00833	0.00697	0.00978	0.07379	0.01206	0.00811	0.00765	0.00958	0.01014	0.01395	0.02328	0.54877	0.02722	0.01455	0.00959	0.00226	0.19244	0.01226	0.00427	0.00501
10	0.00749	0.00539	0.00738	0.00787	0.00841	0.00568	0.00553	0.00869	0.00939	0.01293	0.02140	0.32525	0.02388	0.18402	0.33411	0.00564	0.00847	0.01014	0.00388	0.00446
11	0.01510	0.01324	0.01714	0.02014	0.33112	0.07353	0.01184	0.10801	0.01434	0.06256	0.01109	0.01293	0.00882	0.00505	0.00501	0.00137	0.00589	0.00434	0.00350	0.27499
12	0.01393	0.01105	0.01435	0.01192	0.01515	0.01154	0.09990	0.17082	0.24438	0.06185	0.02018	0.20395	0.01821	0.00905	0.00595	0.00184	0.00507	0.00804	0.00504	0.06777
13	0.02365	0.01135	0.01404	0.01077	0.01510	0.01099	0.00889	0.25597	0.01907	0.54112	0.01915	0.01710	0.01235	0.00679	0.00556	0.00170	0.00515	0.00539	0.00644	0.00942
14	0.01041	0.01046	0.01954	0.01536	0.01833	0.01029	0.33893	0.01316	0.01163	0.01591	0.01967	0.27872	0.06064	0.00995	0.00788	0.00200	0.09424	0.00954	0.00370	0.04965
15	0.01713	0.05775	0.01579	0.01152	0.01580	0.01363	0.04770	0.31431	0.15329	0.09702	0.01593	0.01579	0.03235	0.00635	0.00526	0.00154	0.00535	0.00511	0.00493	0.16345
16	0.01112	0.00606	0.00795	0.00796	0.00945	0.00544	0.00577	0.01254	0.01243	0.19619	0.08570	0.48322	0.10610	0.01407	0.00662	0.00205	0.00349	0.01248	0.00562	0.00575
17	0.05281	0.01006	0.01296	0.01000	0.01419	0.00923	0.00823	0.10591	0.01659	0.65171	0.02033	0.01825	0.01310	0.02288	0.00595	0.00178	0.00486	0.00547	0.00652	0.00918
18	0.01313	0.01698	0.25653	0.21991	0.02557	0.01277	0.11249	0.11109	0.05207	0.05914	0.05651	0.01572	0.01113	0.00599	0.00565	0.00178	0.00716	0.00529	0.00347	0.00763
19	0.01344	0.21952	0.07567	0.30573	0.02396	0.10235	0.01229	0.05991	0.05169	0.01552	0.01051	0.01409	0.00870	0.05729	0.00641	0.00184	0.00700	0.00448	0.00288	0.00673
20	0.00697	0.00509	0.00655	0.00732	0.00803	0.00468	0.00506	0.00834	0.01194	0.01600	0.19559	0.55296	0.11971	0.01566	0.00689	0.00210	0.00304	0.01404	0.00535	0.00468
21	0.01849	0.00832	0.01074	0.00888	0.01216	0.00744	0.00709	0.02131	0.06308	0.48823	0.07236	0.09383	0.14497	0.00927	0.00592	0.00180	0.00412	0.00778	0.00630	0.00791
22	0.01723	0.03096	0.01314	0.03823	0.03194	0.05625	0.00871	0.15578	0.09463	0.25043	0.10669	0.06760	0.05396	0.00836	0.00611	0.00177	0.02675	0.01816	0.00547	0.00783

[dist]
# distance from previous block
# <min> <max>
4	16

[block]
# block no. 3 follows, 43 sequences, length 15
# corresponding to MSA columns:
# 222-236
name=unknown_D
#
# <colnr> <probs for GDERKNQSTAVLIFYWHMCP>
#	G	D	E	R	K	N	Q	S	T	A	V	L	I	F	Y	W	H	M	C	P
0	0.01211	0.06300	0.01162	0.00952	0.03317	0.00923	0.00703	0.12997	0.04776	0.05821	0.07705	0.24094	0.02171	0.09152	0.00798	0.00204	0.00442	0.00837	0.00461	0.15976
1	0.00724	0.00532	0.00678	0.00708	0.00807	0.00487	0.00506	0.00905	0.01328	0.01809	0.38469	0.34139	0.14050	0.01404	0.00674	0.00196	0.00287	0.01248	0.00560	0.00487
2	0.00773	0.00523	0.00614	0.00646	0.00654	0.00515	0.00380	0.00797	0.00869	0.01159	0.02074	0.22858	0.02428	0.60737	0.02288	0.00459	0.00483	0.00999	0.00380	0.00364
3	0.03347	0.04037	0.08260	0.11244	0.06575	0.05317	0.17309	0.08651	0.05436	0.05206	0.05043	0.10465	0.01429	0.02074	0.00616	0.00183	0.00661	0.00660	0.00376	0.03111
4	0.01373	0.00843	0.00932	0.00808	0.01020	0.00903	0.00635	0.20411	0.01518	0.06716	0.01691	0.04918	0.01370	0.03924	0.02819	0.00188	0.04189	0.00567	0.44532	0.00645
5	0.00685	0.00486	0.00640	0.00759	0.00788	0.00456	0.00501	0.00774	0.01041	0.01388	0.02954	0.74429	0.03539	0.07650	0.00865	0.00248	0.00337	0.01517	0.00501	0.00441
6	0.01375	0.01131	0.01828	0.08542	0.32402	0.01162	0.08212	0.08042	0.01346	0.09214	0.01537	0.15949	0.01422	0.00781	0.00650	0.00184	0.04366	0.00714	0.00380	0.00764
7	0.01576	0.28747	0.17501	0.08484	0.04918	0.04948	0.01281	0.20072	0.01541	0.04541	0.01037	0.01167	0.00798	0.00551	0.00478	0.00153	0.00672	0.00407	0.00335	0.00793
8	0.01782	0.01244	0.01371	0.01141	0.01512	0.01367	0.00914	0.22795	0.42132	0.16485	0.01987	0.01830	0.01426	0.00715	0.00560	0.00179	0.00491	0.00578	0.00583	0.00907
9	0.00798	0.00616	0.00877	0.00888	0.00956	0.00704	0.00667	0.00954	0.00960	0.01358	0.05182	0.24092	0.02159	0.06510	0.42559	0.00595	0.08384	0.00886	0.00368	0.00486
10	0.01305	0.08145	0.01737	0.15624	0.01950	0.01384	0.06698	0.11526	0.01248	0.03559	0.01054	0.01428	0.00886	0.02342	0.09732	0.00267	0.21258	0.00488	0.00315	0.09056
11	0.01054	0.02843	0.01075	0.00966	0.01137	0.00784	0.05595	0.12554	0.01374	0.05099	0.06125	0.47883	0.04420	0.02653	0.00697	0.00211	0.00428	0.04018	0.00506	0.00579
12	0.00939	0.00556	0.00622	0.00645	0.00747	0.00560	0.00458	0.03009	0.03280	0.01807	0.02147	0.24453	0.02109	0.08507	0.03007	0.00219	0.00352	0.00850	0.45231	0.00501
13	0.01637	0.05791	0.01603	0.12087	0.08334	0.34356	0.01085	0.04678	0.03347	0.03643	0.01012	0.01207	0.00816	0.00614	0.02118	0.00156	0.00771	0.00401	0.00313	0.16028
14	0.01955	0.01462	0.01582	0.01203	0.01654	0.01564	0.00990	0.63652	0.02376	0.03226	0.01276	0.01301	0.00923	0.00625	0.00531	0.00153	0.00578	0.00472	0.00519	0.13958

[dist]
# distance from previous block
# <min> <max>
3	10

[block]
# block no. 4 follows, 43 sequences, length 14
# corresponding to MSA columns:
# 247-260
name=unknown_E
#
# <colnr> <probs for GDERKNQSTAVLIFYWHMCP>
#	G	D	E	R	K	N	Q	S	T	A	V	L	I	F	Y	W	H	M	C	P
0	0.04231	0.00759	0.00945	0.00793	0.01057	0.00682	0.00620	0.04182	0.01517	0.15894	0.44990	0.03006	0.03461	0.00891	0.00580	0.00158	0.00343	0.00764	0.00565	0.14562
1	0.00795	0.00541	0.00612	0.00609	0.00630	0.00532	0.00355	0.00823	0.00891	0.01187	0.07712	0.03766	0.06751	0.69719	0.02523	0.00488	0.00500	0.00842	0.00367	0.00358
2	0.01481	0.80869	0.02902	0.00948	0.01421	0.02191	0.00948	0.01658	0.01125	0.01303	0.00770	0.00888	0.00711	0.00474	0.00355	0.00118	0.00592	0.00296	0.00237	0.00711
3	0.01050	0.00609	0.00799	0.00830	0.00949	0.00569	0.00590	0.04435	0.01220	0.14564	0.02826	0.63204	0.03148	0.01507	0.00674	0.00213	0.00360	0.01352	0.00545	0.00556
4	0.00752	0.00539	0.00722	0.00795	0.00878	0.00510	0.00590	0.00932	0.01266	0.01722	0.26859	0.41328	0.04076	0.01501	0.00701	0.00214	0.00338	0.15248	0.00544	0.00485
5	0.00802	0.00579	0.00692	0.00655	0.00820	0.00513	0.00494	0.01013	0.01448	0.04983	0.45625	0.04517	0.33390	0.01221	0.00650	0.00179	0.00277	0.01050	0.00575	0.00518
6	0.01301	0.01245	0.02122	0.19677	0.61349	0.01298	0.01665	0.01639	0.01228	0.01725	0.01029	0.01393	0.00847	0.00506	0.00549	0.00169	0.00675	0.00493	0.00268	0.00821
7	0.02077	0.01441	0.01568	0.01212	0.01637	0.01573	0.00998	0.63234	0.04568	0.10440	0.01457	0.01434	0.01024	0.00669	0.00548	0.00166	0.00577	0.00509	0.03948	0.00923
8	0.00789	0.00579	0.00849	0.00862	0.00955	0.00660	0.00661	0.00979	0.00919	0.01332	0.01659	0.10217	0.01621	0.03755	0.67012	0.00789	0.01311	0.00691	0.03868	0.00491
9	0.02124	0.01216	0.01399	0.01086	0.01489	0.01257	0.00892	0.40780	0.02075	0.30113	0.01692	0.01612	0.01150	0.00670	0.00537	0.00164	0.00520	0.00522	0.09807	0.00895
10	0.01566	0.05323	0.01747	0.15806	0.02030	0.07597	0.02818	0.26035	0.04148	0.02108	0.01048	0.01303	0.00834	0.00717	0.00920	0.00189	0.24229	0.00480	0.00361	0.00740
11	0.00820	0.00579	0.00733	0.00801	0.00882	0.00564	0.00565	0.06526	0.01234	0.01682	0.08983	0.60914	0.03455	0.01541	0.00677	0.00213	0.00343	0.04371	0.04618	0.00499
12	0.01685	0.09347	0.01718	0.01582	0.15666	0.27178	0.01070	0.14744	0.01555	0.01890	0.01042	0.01252	0.00862	0.03001	0.00559	0.00152	0.00706	0.00416	0.02990	0.12586
13	0.01005	0.00783	0.01128	0.08279	0.01431	0.00809	0.06467	0.09347	0.01293	0.01709	0.02312	0.24009	0.02503	0.11571	0.00965	0.00262	0.00528	0.24600	0.00451	0.00548

[dist]
# distance from previous block
# <min> <max>
0	4

[block]
# block no. 5 follows, 43 sequences, length 35
# corresponding to MSA columns:
# 265-299
name=unknown_F
#
# <colnr> <probs for GDERKNQSTAVLIFYWHMCP>
#	G	D	E	R	K	N	Q	S	T	A	V	L	I	F	Y	W	H	M	C	P
0	0.00966	0.00689	0.00774	0.00679	0.00940	0.00578	0.00525	0.01179	0.03083	0.09849	0.12032	0.04048	0.46423	0.01114	0.00601	0.00166	0.00325	0.00930	0.00513	0.14586
1	0.01555	0.44180	0.02356	0.02933	0.05846	0.03007	0.02915	0.17130	0.01450	0.01857	0.02026	0.01119	0.00846	0.00547	0.00501	0.00139	0.04414	0.00386	0.00320	0.06473
2	0.01270	0.01501	0.14385	0.10618	0.31826	0.06094	0.07880	0.01618	0.01235	0.04343	0.01355	0.12791	0.01241	0.00695	0.00575	0.00178	0.00683	0.00644	0.00315	0.00753
3	0.09217	0.00953	0.01247	0.00964	0.01386	0.00849	0.00796	0.02611	0.01532	0.71307	0.02069	0.01804	0.01308	0.00671	0.00539	0.00171	0.00468	0.00536	0.00657	0.00914
4	0.00995	0.00619	0.00837	0.06553	0.01152	0.00589	0.00671	0.01161	0.01213	0.12526	0.06156	0.41407	0.11788	0.01405	0.00673	0.00211	0.00391	0.10582	0.00523	0.00546
5	0.01965	0.06475	0.05106	0.03088	0.02838	0.29737	0.01061	0.17084	0.01680	0.17417	0.01363	0.01401	0.03088	0.00648	0.00587	0.00161	0.04646	0.00461	0.00420	0.00773
6	0.01271	0.00822	0.00940	0.00838	0.01104	0.00809	0.00656	0.01846	0.22473	0.18060	0.12340	0.03552	0.29287	0.01036	0.00610	0.00184	0.00369	0.02533	0.00576	0.00692
7	0.00713	0.00527	0.00650	0.00700	0.00787	0.00483	0.00489	0.00852	0.01201	0.01589	0.20218	0.37645	0.19536	0.08949	0.00884	0.00236	0.00324	0.03235	0.00519	0.00461
8	0.01653	0.01612	0.08668	0.12297	0.01903	0.18931	0.01161	0.11437	0.01458	0.12787	0.03850	0.01454	0.01037	0.00686	0.00756	0.00177	0.14532	0.00481	0.04397	0.00721
9	0.00740	0.00521	0.00657	0.00743	0.00777	0.00501	0.00484	0.02538	0.01035	0.01381	0.02695	0.59783	0.03199	0.20784	0.01215	0.00299	0.00380	0.01363	0.00472	0.00434
10	0.02350	0.00971	0.01283	0.00995	0.01407	0.00875	0.00818	0.07261	0.03799	0.67104	0.05572	0.01959	0.01530	0.00707	0.00561	0.00172	0.00469	0.00576	0.00670	0.00921
11	0.01368	0.01313	0.02098	0.13620	0.46533	0.05100	0.08910	0.01772	0.05744	0.04090	0.01267	0.01547	0.03024	0.00550	0.00561	0.00171	0.00685	0.00531	0.00308	0.00806
12	0.02944	0.07138	0.01459	0.09596	0.01646	0.01340	0.00922	0.37942	0.01878	0.06646	0.05291	0.06020	0.02485	0.06220	0.00696	0.00192	0.00547	0.00598	0.05678	0.00760
13	0.01661	0.01638	0.09346	0.04921	0.01707	0.18209	0.01170	0.08338	0.01343	0.14825	0.01194	0.04444	0.00970	0.00772	0.00963	0.00191	0.26718	0.00506	0.00367	0.00718
14	0.84448	0.01071	0.00814	0.00728	0.01071	0.01242	0.00600	0.01628	0.00943	0.02485	0.00771	0.00900	0.00600	0.00514	0.00343	0.00171	0.00428	0.00300	0.00343	0.00600
15	0.00803	0.00547	0.00654	0.00654	0.00671	0.00564	0.00397	0.00837	0.00820	0.01110	0.01700	0.03374	0.01905	0.67325	0.15881	0.00598	0.00701	0.00769	0.00329	0.00363
16	0.01424	0.00811	0.01081	0.01031	0.01261	0.00806	0.00878	0.07382	0.01452	0.22308	0.04200	0.04414	0.04041	0.01200	0.00729	0.00222	0.03643	0.41901	0.00553	0.00664
17	0.01048	0.00875	0.01040	0.00803	0.01197	0.00678	0.00624	0.01272	0.01167	0.01776	0.07040	0.13550	0.01592	0.00669	0.00474	0.00111	0.00385	0.00571	0.00378	0.64750
18	0.43476	0.01237	0.01151	0.00960	0.01332	0.03086	0.00783	0.21544	0.10378	0.09356	0.01224	0.01243	0.00892	0.00599	0.00448	0.00171	0.00495	0.00416	0.00454	0.00755
19	0.00764	0.00555	0.00720	0.00701	0.00821	0.00511	0.00517	0.00998	0.01487	0.02084	0.64055	0.14394	0.07868	0.01224	0.00660	0.00182	0.00270	0.01085	0.00593	0.00511
20	0.00720	0.00530	0.00691	0.00776	0.00852	0.00478	0.00528	0.00831	0.01069	0.01451	0.02853	0.72558	0.03389	0.01607	0.00678	0.00211	0.00330	0.01454	0.00496	0.08495
21	0.02164	0.01403	0.01563	0.01205	0.01640	0.01504	0.00993	0.56453	0.05031	0.19940	0.01554	0.01480	0.01065	0.00673	0.00555	0.00168	0.00572	0.00516	0.00584	0.00940
22	0.00833	0.00655	0.00970	0.00946	0.01035	0.00792	0.00744	0.01023	0.00886	0.01290	0.01408	0.02080	0.01319	0.03836	0.70718	0.00826	0.09258	0.00583	0.00291	0.00506
23	0.02069	0.02640	0.01569	0.01427	0.01712	0.78313	0.01070	0.02212	0.01569	0.01355	0.00856	0.00999	0.00713	0.00571	0.00499	0.00143	0.00999	0.00357	0.00285	0.00642
24	0.02171	0.01211	0.01417	0.01098	0.01504	0.01241	0.00901	0.38909	0.02045	0.34048	0.01695	0.01608	0.01144	0.00717	0.00604	0.03127	0.00531	0.00523	0.04610	0.00897
25	0.00722	0.00559	0.00657	0.00642	0.00792	0.00495	0.00478	0.00921	0.01407	0.01862	0.41850	0.08784	0.36273	0.01282	0.00657	0.00183	0.00273	0.01105	0.00563	0.00495
26	0.00679	0.00490	0.00635	0.00748	0.00790	0.00455	0.00499	0.00774	0.01063	0.01404	0.03176	0.71257	0.08857	0.05344	0.00800	0.00237	0.00328	0.01510	0.00506	0.00446
27	0.01329	0.47456	0.07801	0.01069	0.01424	0.05933	0.01011	0.01518	0.01102	0.01359	0.01116	0.12470	0.01141	0.00739	0.00643	0.00158	0.12268	0.00521	0.00280	0.00662
28	0.06760	0.01008	0.01263	0.00983	0.01386	0.00948	0.00809	0.13242	0.01680	0.56657	0.04110	0.01823	0.01379	0.00684	0.00539	0.00169	0.00473	0.00545	0.04651	0.00891
29	0.00772	0.00587	0.00723	0.00779	0.00896	0.00560	0.00583	0.01031	0.06327	0.01663	0.15358	0.33833	0.19858	0.01464	0.00687	0.00211	0.00342	0.13291	0.00532	0.00504
30	0.00910	0.00686	0.00752	0.00715	0.00868	0.00665	0.00513	0.11608	0.01331	0.01707	0.06907	0.16555	0.33126	0.19806	0.01154	0.00271	0.00394	0.01046	0.00483	0.00505
31	0.01171	0.12624	0.01887	0.59249	0.09040	0.01394	0.01448	0.04082	0.01175	0.01503	0.00970	0.01378	0.00752	0.00541	0.00525	0.00173	0.00706	0.00464	0.00258	0.00661
32	0.03762	0.01188	0.01319	0.05718	0.01538	0.02978	0.00886	0.35734	0.06169	0.13650	0.08550	0.01805	0.01485	0.00701	0.00535	0.00165	0.00511	0.00555	0.11945	0.00806
33	0.11598	0.01256	0.01680	0.09092	0.16841	0.01407	0.05006	0.24768	0.01579	0.02313	0.03543	0.05662	0.01117	0.00704	0.00708	0.00183	0.10840	0.00553	0.00388	0.00763
34	0.07469	0.03374	0.05503	0.12322	0.13137	0.01088	0.03879	0.07074	0.01225	0.01825	0.01462	0.16442	0.01400	0.00849	0.01879	0.00186	0.05277	0.00671	0.07497	0.07442

[dist]
# distance from previous block
# <min> <max>
3	11

[block]
# block no. 6 follows, 43 sequences, length 8
# corresponding to MSA columns:
# 311-318
name=unknown_G
#
# <colnr> <probs for GDERKNQSTAVLIFYWHMCP>
#	G	D	E	R	K	N	Q	S	T	A	V	L	I	F	Y	W	H	M	C	P
0	0.05437	0.05764	0.33812	0.13442	0.10394	0.04402	0.10178	0.03690	0.01223	0.01745	0.01077	0.04417	0.00863	0.00571	0.00537	0.00174	0.00754	0.00495	0.00273	0.00751
1	0.04313	0.09908	0.24725	0.11829	0.17866	0.04740	0.06454	0.05367	0.01245	0.01732	0.01038	0.01387	0.00844	0.05486	0.00661	0.00190	0.00725	0.00465	0.00276	0.00749
2	0.00763	0.00540	0.00697	0.00732	0.00806	0.00513	0.00517	0.00921	0.01232	0.01691	0.32111	0.28335	0.03921	0.16756	0.01100	0.00268	0.00356	0.07761	0.00517	0.00462
3	0.00789	0.00689	0.05496	0.00804	0.00898	0.00619	0.00609	0.00922	0.00916	0.01269	0.01904	0.20429	0.02085	0.30427	0.29049	0.00569	0.00842	0.00881	0.00356	0.00448
4	0.12244	0.19570	0.03692	0.06382	0.09827	0.06784	0.05535	0.15724	0.01498	0.12082	0.01139	0.01245	0.00855	0.00558	0.00483	0.00157	0.00629	0.00432	0.00380	0.00783
5	0.01409	0.31017	0.31726	0.01321	0.01898	0.01711	0.03978	0.12771	0.01355	0.01826	0.00951	0.01105	0.00747	0.00553	0.00550	0.00158	0.05462	0.00394	0.00285	0.00782
6	0.00873	0.00624	0.00870	0.00998	0.01117	0.00621	0.00859	0.01114	0.01256	0.01636	0.02943	0.12841	0.03230	0.01548	0.00760	0.00252	0.00493	0.66952	0.00510	0.00505
7	0.03244	0.00773	0.00815	0.00804	0.00978	0.03805	0.00604	0.04771	0.11023	0.01817	0.14643	0.22927	0.25495	0.01273	0.00641	0.00195	0.00369	0.04740	0.00523	0.00560

[dist]
# distance from previous block
# <min> <max>
0	1

[block]
# block no. 7 follows, 43 sequences, length 29
# corresponding to MSA columns:
# 320-348
name=unknown_H
#
# <colnr> <probs for GDERKNQSTAVLIFYWHMCP>
#	G	D	E	R	K	N	Q	S	T	A	V	L	I	F	Y	W	H	M	C	P
0	0.01336	0.05318	0.08937	0.35285	0.12473	0.07076	0.05463	0.06403	0.01295	0.05118	0.01169	0.01471	0.02759	0.00583	0.00582	0.00175	0.03048	0.00494	0.00300	0.00714
1	0.01800	0.07136	0.01613	0.01303	0.05960	0.09461	0.00999	0.39035	0.04218	0.06247	0.01440	0.04795	0.02475	0.02650	0.00661	0.00176	0.04983	0.00541	0.03698	0.00809
2	0.56084	0.03951	0.01352	0.03581	0.03436	0.07440	0.09930	0.05240	0.01137	0.02265	0.00862	0.01032	0.00670	0.00519	0.00416	0.00169	0.00566	0.00369	0.00332	0.00649
3	0.00771	0.00566	0.00723	0.00683	0.00820	0.00517	0.00513	0.01021	0.01538	0.02150	0.69817	0.04254	0.12242	0.01159	0.00653	0.00175	0.00263	0.01018	0.00600	0.00517
4	0.02111	0.01465	0.01648	0.01263	0.01704	0.01588	0.03023	0.62354	0.04419	0.12537	0.01454	0.01422	0.01012	0.00664	0.00557	0.00168	0.00597	0.00513	0.00563	0.00935
5	0.01111	0.00944	0.01108	0.00816	0.01272	0.00715	0.00645	0.01345	0.01141	0.01773	0.01150	0.07477	0.01048	0.00516	0.00434	0.00093	0.00403	0.00428	0.00343	0.77238
6	0.02069	0.02640	0.01569	0.01427	0.01712	0.78313	0.01070	0.02212	0.01569	0.01355	0.00856	0.00999	0.00713	0.00571	0.00499	0.00143	0.00999	0.00357	0.00285	0.00642
7	0.00769	0.00566	0.00720	0.00682	0.00819	0.00516	0.00511	0.01017	0.01534	0.02140	0.68850	0.04270	0.13216	0.01162	0.00653	0.00176	0.00263	0.01020	0.00599	0.00516
8	0.00796	0.00573	0.00784	0.00784	0.00847	0.00635	0.00560	0.00921	0.00859	0.01207	0.01580	0.02711	0.01617	0.32388	0.50425	0.00760	0.01134	0.00672	0.00311	0.00436
9	0.01486	0.01244	0.01313	0.01149	0.01481	0.01428	0.00903	0.13715	0.65132	0.02492	0.02116	0.01957	0.01579	0.00738	0.00562	0.00185	0.00464	0.00607	0.00562	0.00886
10	0.00792	0.00589	0.00868	0.00868	0.00960	0.00681	0.00665	0.00975	0.00884	0.01270	0.01503	0.02285	0.01432	0.09934	0.72627	0.00863	0.01412	0.00609	0.00300	0.00482
11	0.02069	0.02640	0.01569	0.01427	0.01712	0.78313	0.01070	0.02212	0.01569	0.01355	0.00856	0.00999	0.00713	0.00571	0.00499	0.00143	0.00999	0.00357	0.00285	0.00642
12	0.00677	0.00562	0.00592	0.00584	0.00762	0.00477	0.00438	0.00837	0.01314	0.01619	0.17706	0.05127	0.64685	0.01357	0.00654	0.00185	0.00277	0.01140	0.00531	0.00477
13	0.00732	0.00523	0.00708	0.00837	0.00894	0.00499	0.00614	0.00870	0.01117	0.01478	0.03021	0.60717	0.03538	0.01681	0.00722	0.00233	0.00371	0.20467	0.00513	0.00466
14	0.00680	0.00565	0.00596	0.00596	0.00773	0.00481	0.00452	0.00839	0.01301	0.01592	0.14286	0.05218	0.65157	0.01374	0.00659	0.00188	0.00287	0.03955	0.00526	0.00476
15	0.01097	0.01012	0.01661	0.75445	0.03713	0.01254	0.01515	0.04977	0.01180	0.01515	0.01001	0.01469	0.00748	0.00559	0.00554	0.00184	0.00732	0.00492	0.00261	0.00631
16	0.74338	0.01055	0.00872	0.00760	0.01113	0.01190	0.00626	0.01760	0.01022	0.11734	0.00946	0.01021	0.00695	0.00535	0.00369	0.00171	0.00434	0.00332	0.00385	0.00642
17	0.00780	0.00555	0.00680	0.00709	0.00737	0.00563	0.00459	0.00842	0.00946	0.01271	0.05694	0.25597	0.05123	0.43831	0.04544	0.00412	0.03617	0.02836	0.00405	0.00402
18	0.01126	0.00617	0.00657	0.00612	0.00775	0.00622	0.00469	0.07266	0.01339	0.04180	0.11054	0.02257	0.01851	0.00708	0.00438	0.00139	0.00292	0.00576	0.64460	0.00563
19	0.28890	0.04816	0.01279	0.05744	0.01476	0.01282	0.00829	0.21199	0.04536	0.16842	0.01354	0.02854	0.01025	0.04873	0.00600	0.00189	0.00515	0.00476	0.00465	0.00756
20	0.01642	0.01089	0.04209	0.16450	0.11411	0.03585	0.01075	0.05036	0.05009	0.27439	0.08655	0.01875	0.01478	0.00743	0.00653	0.05163	0.00557	0.00562	0.02610	0.00760
21	0.70984	0.04441	0.01023	0.07580	0.03871	0.01284	0.00732	0.01613	0.00975	0.02320	0.00799	0.00965	0.00626	0.00515	0.00368	0.00170	0.00470	0.00323	0.00328	0.00615
22	0.01570	0.18965	0.15182	0.05622	0.08822	0.29060	0.06097	0.01855	0.01301	0.01484	0.00896	0.01106	0.00736	0.00547	0.00555	0.00155	0.04675	0.00398	0.00261	0.00712
23	0.00789	0.00586	0.00780	0.08206	0.01111	0.00591	0.00624	0.03418	0.01103	0.01456	0.02709	0.52549	0.05784	0.12245	0.00975	0.00262	0.00409	0.05466	0.00466	0.00471
24	0.01298	0.30412	0.29404	0.03411	0.09225	0.03527	0.06491	0.01683	0.01172	0.01570	0.00936	0.01140	0.00756	0.00595	0.02564	0.00169	0.00733	0.00396	0.00249	0.04271
25	0.05277	0.01253	0.10934	0.13192	0.24259	0.01102	0.01339	0.05889	0.01330	0.06465	0.05701	0.02548	0.01583	0.00783	0.00589	0.00189	0.00611	0.15848	0.00378	0.00729
26	0.43623	0.01012	0.01044	0.00856	0.01235	0.01043	0.00705	0.03763	0.01285	0.36368	0.03187	0.01430	0.01063	0.00609	0.00451	0.00171	0.00448	0.00437	0.00509	0.00761
27	0.00724	0.00518	0.00666	0.00762	0.00809	0.00491	0.00511	0.02663	0.01099	0.01464	0.05086	0.67642	0.05664	0.08025	0.00870	0.00246	0.00343	0.01457	0.00503	0.00456
28	0.18463	0.02745	0.03419	0.12652	0.01739	0.03022	0.05933	0.07660	0.02815	0.14056	0.11507	0.01789	0.01507	0.00808	0.03564	0.00202	0.03646	0.00541	0.03240	0.00692

[dist]
# distance from previous block
# <min> <max>
0	2

[block]
# block no. 8 follows, 43 sequences, length 41
# corresponding to MSA columns:
# 351-391
name=unknown_I
#
# <colnr> <probs for GDERKNQSTAVLIFYWHMCP>
#	G	D	E	R	K	N	Q	S	T	A	V	L	I	F	Y	W	H	M	C	P
0	0.00839	0.00586	0.00709	0.00734	0.00789	0.00559	0.00480	0.00919	0.01112	0.01525	0.18282	0.25545	0.05286	0.33531	0.04891	0.00379	0.00470	0.01082	0.01821	0.00462
1	0.03124	0.03485	0.00737	0.00679	0.00742	0.00618	0.00452	0.00898	0.00946	0.01285	0.06057	0.09816	0.07786	0.48255	0.06941	0.01944	0.00543	0.04908	0.00380	0.00404
2	0.10605	0.12580	0.06339	0.13891	0.09525	0.09783	0.01180	0.17739	0.03994	0.05837	0.01095	0.01253	0.00836	0.00579	0.00526	0.00164	0.02518	0.00433	0.00361	0.00764
3	0.01216	0.24774	0.46634	0.05635	0.05689	0.01520	0.01648	0.01686	0.01169	0.01623	0.03046	0.01198	0.00841	0.00528	0.00484	0.00159	0.00727	0.00402	0.00248	0.00771
4	0.00892	0.00637	0.00892	0.01020	0.01147	0.00637	0.00892	0.01147	0.01275	0.01657	0.02932	0.06247	0.03187	0.01530	0.00765	0.00255	0.00510	0.73354	0.00510	0.00510
5	0.01159	0.02345	0.55428	0.16592	0.02670	0.01267	0.06756	0.01722	0.01181	0.04293	0.01041	0.01275	0.00741	0.00533	0.00541	0.00178	0.00799	0.00447	0.00255	0.00779
6	0.12061	0.01155	0.01650	0.25401	0.26813	0.02757	0.01304	0.04891	0.06460	0.07617	0.01239	0.04130	0.00989	0.00598	0.00530	0.00175	0.00616	0.00517	0.00346	0.00751
7	0.04513	0.02803	0.05640	0.09285	0.15062	0.17588	0.01186	0.14377	0.02758	0.13826	0.01257	0.01382	0.00931	0.00599	0.00553	0.00164	0.02541	0.00464	0.04286	0.00785
8	0.81737	0.01123	0.00839	0.00751	0.01092	0.03779	0.00615	0.01647	0.00963	0.02448	0.00774	0.00903	0.00604	0.00516	0.00348	0.00170	0.00447	0.00302	0.00341	0.00601
9	0.01005	0.00521	0.00539	0.00537	0.00660	0.00521	0.00398	0.01251	0.01162	0.02015	0.05766	0.02243	0.01646	0.04158	0.02062	0.00164	0.00295	0.00556	0.73992	0.00508
10	0.01210	0.03220	0.00999	0.00902	0.01082	0.00806	0.00673	0.16150	0.01455	0.10954	0.04949	0.49885	0.02797	0.01334	0.00645	0.00202	0.00404	0.01176	0.00537	0.00619
11	0.01186	0.00983	0.01183	0.05390	0.01462	0.00769	0.00713	0.01439	0.01160	0.04272	0.01024	0.01192	0.00834	0.00428	0.00423	0.00091	0.00431	0.00345	0.00335	0.76340
12	0.02022	0.02488	0.01552	0.01399	0.01693	0.69377	0.01056	0.05677	0.06803	0.01522	0.00976	0.01089	0.00792	0.00588	0.00506	0.00147	0.00942	0.00382	0.00317	0.00672
13	0.00982	0.00609	0.00795	0.00729	0.00895	0.00553	0.00553	0.01225	0.01535	0.11381	0.61281	0.06933	0.08150	0.01114	0.00644	0.00176	0.00290	0.00978	0.00611	0.00569
14	0.00784	0.00566	0.00740	0.00697	0.00827	0.00523	0.00523	0.01045	0.01568	0.02221	0.76789	0.04137	0.05226	0.01132	0.00653	0.00174	0.00261	0.01002	0.00610	0.00523
15	0.01413	0.01207	0.01272	0.01134	0.01454	0.01394	0.00885	0.06433	0.72533	0.02373	0.02210	0.02031	0.01654	0.00747	0.00563	0.00187	0.00447	0.00620	0.00563	0.00880
16	0.00789	0.00583	0.00849	0.00853	0.00938	0.00666	0.00645	0.00961	0.00886	0.01265	0.01565	0.04903	0.01532	0.12921	0.67046	0.00827	0.01336	0.00650	0.00308	0.00475
17	0.02069	0.02640	0.01569	0.01427	0.01712	0.78313	0.01070	0.02212	0.01569	0.01355	0.00856	0.00999	0.00713	0.00571	0.00499	0.00143	0.00999	0.00357	0.00285	0.00642
18	0.01378	0.01190	0.01252	0.01127	0.01440	0.01378	0.00877	0.02943	0.76081	0.02317	0.02254	0.02066	0.01691	0.00751	0.00564	0.00188	0.00438	0.00626	0.00564	0.00877
19	0.00691	0.00504	0.00654	0.00768	0.00826	0.00468	0.00536	0.00806	0.01102	0.01444	0.03340	0.65131	0.12151	0.01679	0.00706	0.00223	0.00333	0.07666	0.00514	0.00457
20	0.00695	0.00564	0.00617	0.00608	0.00778	0.00486	0.00458	0.00870	0.01345	0.01696	0.24842	0.05026	0.55866	0.01332	0.00657	0.00185	0.00280	0.02671	0.00540	0.00483
21	0.10342	0.51779	0.02281	0.00967	0.01392	0.03622	0.00898	0.01884	0.05253	0.12927	0.01064	0.01116	0.00852	0.00543	0.00445	0.00140	0.03059	0.00361	0.00334	0.00738
22	0.25435	0.00979	0.01141	0.00911	0.01298	0.00950	0.00747	0.04675	0.01401	0.50718	0.01708	0.01582	0.01123	0.00690	0.00565	0.03752	0.00464	0.00480	0.00566	0.00816
23	0.00843	0.00622	0.00869	0.00855	0.00931	0.00723	0.00647	0.01007	0.00903	0.01329	0.01546	0.04991	0.01509	0.14997	0.51679	0.00698	0.07244	0.00644	0.07482	0.00480
24	0.01071	0.00535	0.00554	0.00542	0.00672	0.00530	0.00400	0.01307	0.01149	0.04973	0.01817	0.02185	0.01466	0.07158	0.00592	0.00164	0.00289	0.00541	0.73536	0.00518
25	0.01322	0.01266	0.02160	0.14788	0.66074	0.01303	0.01675	0.01657	0.01238	0.01750	0.01033	0.01387	0.00856	0.00503	0.00549	0.00168	0.00670	0.00493	0.00270	0.00838
26	0.01255	0.00918	0.05168	0.05071	0.01314	0.00834	0.00798	0.14573	0.01457	0.13249	0.02701	0.31313	0.12451	0.01258	0.02354	0.00212	0.00471	0.03447	0.00513	0.00647
27	0.58222	0.01185	0.01122	0.14037	0.07670	0.06574	0.00877	0.01639	0.01039	0.02175	0.00834	0.01040	0.00653	0.00523	0.00405	0.00171	0.00538	0.00351	0.00317	0.00628
28	0.01261	0.04318	0.10624	0.24435	0.40213	0.03806	0.01620	0.01623	0.01213	0.01653	0.01064	0.01503	0.00880	0.00549	0.00546	0.00172	0.00703	0.02780	0.00268	0.00771
29	0.00927	0.00652	0.00763	0.00723	0.00911	0.00606	0.00550	0.01253	0.08701	0.08080	0.28749	0.09851	0.32001	0.01216	0.00644	0.00186	0.00314	0.02743	0.00565	0.00565
30	0.04521	0.62615	0.04623	0.01142	0.05462	0.07821	0.01024	0.01691	0.01150	0.01390	0.00795	0.00943	0.00716	0.00505	0.00438	0.00131	0.03756	0.00322	0.00247	0.00709
31	0.10122	0.26650	0.35784	0.03732	0.05152	0.01541	0.02679	0.01745	0.01156	0.05397	0.00963	0.01112	0.00737	0.00515	0.00459	0.00157	0.00683	0.00380	0.00271	0.00763
32	0.09342	0.00953	0.01246	0.00964	0.01385	0.00850	0.00796	0.02609	0.01531	0.71192	0.02067	0.01803	0.01306	0.00671	0.00539	0.00171	0.00468	0.00535	0.00657	0.00914
33	0.00857	0.00812	0.07413	0.03641	0.05915	0.00678	0.00716	0.01029	0.01066	0.01460	0.13052	0.10609	0.06044	0.33033	0.07161	0.00381	0.00570	0.04684	0.00392	0.00487
34	0.07778	0.01537	0.19770	0.20886	0.12569	0.01238	0.03831	0.09958	0.01368	0.09016	0.03311	0.01605	0.01032	0.00608	0.00544	0.00178	0.00668	0.02990	0.00350	0.00764
35	0.00756	0.00512	0.00679	0.00766	0.00821	0.00481	0.00521	0.00869	0.01106	0.03992	0.09752	0.63837	0.03569	0.06047	0.03273	0.00257	0.00369	0.01414	0.00512	0.00468
36	0.00731	0.00516	0.00667	0.00738	0.00791	0.00488	0.00504	0.00846	0.01122	0.01514	0.16385	0.47202	0.05236	0.14119	0.01060	0.01767	0.00356	0.05013	0.00498	0.00445
37	0.03615	0.09720	0.07393	0.30688	0.20766	0.01399	0.01431	0.06119	0.03821	0.04476	0.01066	0.01364	0.00830	0.00566	0.00585	0.00173	0.04477	0.00467	0.00299	0.00744
38	0.01411	0.03612	0.01220	0.01069	0.03728	0.01060	0.00825	0.25615	0.05649	0.08377	0.09660	0.16880	0.07993	0.01057	0.00618	0.00190	0.00467	0.09322	0.00536	0.00711
39	0.00858	0.00619	0.00848	0.00967	0.01091	0.00610	0.00828	0.01092	0.01257	0.01626	0.03136	0.12093	0.08564	0.01537	0.00752	0.00248	0.00478	0.62383	0.00511	0.00502
40	0.10351	0.01111	0.01653	0.13171	0.10681	0.01120	0.11203	0.09451	0.01403	0.18583	0.03382	0.04894	0.01168	0.00649	0.00571	0.01632	0.00590	0.00556	0.00420	0.07411

[dist]
# distance from previous block
# <min> <max>
0	4

[block]
# block no. 9 follows, 43 sequences, length 67
# corresponding to MSA columns:
# 396-462
name=unknown_J
#
# <colnr> <probs for GDERKNQSTAVLIFYWHMCP>
#	G	D	E	R	K	N	Q	S	T	A	V	L	I	F	Y	W	H	M	C	P
0	0.00775	0.00528	0.00699	0.00766	0.00845	0.00490	0.00541	0.00925	0.01220	0.04324	0.21515	0.53366	0.05694	0.01530	0.00689	0.00211	0.00319	0.04529	0.00544	0.00489
1	0.01145	0.05324	0.36608	0.18937	0.11493	0.01280	0.06258	0.01669	0.03852	0.01716	0.05644	0.01482	0.01050	0.00567	0.00545	0.00175	0.00732	0.00492	0.00279	0.00756
2	0.01271	0.00981	0.01161	0.00836	0.01322	0.00745	0.00671	0.01515	0.01189	0.08770	0.01095	0.01216	0.00871	0.00436	0.00424	0.00090	0.00416	0.00349	0.00361	0.76283
3	0.03378	0.02375	0.01571	0.01381	0.01699	0.60638	0.01056	0.16698	0.02979	0.01813	0.00971	0.01080	0.00773	0.00591	0.00509	0.00149	0.00903	0.00388	0.00344	0.00705
4	0.00690	0.00494	0.00657	0.00761	0.00807	0.00460	0.00515	0.00810	0.01133	0.01529	0.13588	0.69310	0.03886	0.01649	0.00699	0.00218	0.00313	0.01493	0.00528	0.00460
5	0.00706	0.00563	0.00633	0.00615	0.00780	0.00490	0.00462	0.00895	0.01385	0.01786	0.34096	0.04853	0.48190	0.01294	0.00654	0.00182	0.00273	0.01102	0.00552	0.00490
6	0.01678	0.01339	0.01421	0.01188	0.01555	0.01518	0.00949	0.32778	0.45757	0.02801	0.01873	0.01762	0.01382	0.00716	0.00560	0.00179	0.00509	0.00574	0.00560	0.00904
7	0.00804	0.00577	0.00810	0.00810	0.00887	0.00650	0.00598	0.00959	0.00881	0.01268	0.01556	0.02504	0.01530	0.21540	0.57961	0.00779	0.01218	0.00639	0.03570	0.00459
8	0.02069	0.02640	0.01569	0.01427	0.01712	0.78313	0.01070	0.02212	0.01569	0.01355	0.00856	0.00999	0.00713	0.00571	0.00499	0.00143	0.00999	0.00357	0.00285	0.00642
9	0.01568	0.00998	0.01174	0.00971	0.01272	0.01021	0.00780	0.25894	0.06186	0.16577	0.29289	0.02777	0.05077	0.00894	0.00601	0.00175	0.00433	0.02958	0.00597	0.00757
10	0.00731	0.00564	0.00670	0.00665	0.00814	0.00503	0.00504	0.00932	0.01393	0.01836	0.37998	0.08638	0.35322	0.01304	0.00664	0.00188	0.00289	0.05933	0.00558	0.00495
11	0.00693	0.00558	0.00618	0.00620	0.00780	0.00483	0.00462	0.00862	0.01324	0.01675	0.23287	0.10852	0.51814	0.01363	0.00660	0.00188	0.00283	0.02460	0.00538	0.00481
12	0.02069	0.02640	0.01569	0.01427	0.01712	0.78313	0.01070	0.02212	0.01569	0.01355	0.00856	0.00999	0.00713	0.00571	0.00499	0.00143	0.00999	0.00357	0.00285	0.00642
13	0.79884	0.01064	0.00840	0.00743	0.01090	0.01219	0.00612	0.01688	0.00978	0.06660	0.00850	0.00955	0.00643	0.00524	0.00355	0.00171	0.00431	0.00314	0.00362	0.00619
14	0.00697	0.00499	0.00658	0.00767	0.00807	0.00475	0.00519	0.00798	0.01045	0.01392	0.02942	0.65807	0.05487	0.07869	0.04805	0.00282	0.00402	0.03814	0.00489	0.00446
15	0.01054	0.00527	0.00543	0.00539	0.00669	0.00523	0.00401	0.01298	0.01159	0.04041	0.01852	0.04447	0.01504	0.03138	0.00476	0.00146	0.00274	0.00558	0.76331	0.00520
16	0.06237	0.01091	0.01745	0.48136	0.17294	0.01272	0.04110	0.04852	0.01194	0.01680	0.01019	0.01423	0.00790	0.00561	0.00588	0.00180	0.03777	0.00487	0.02884	0.00680
17	0.01362	0.03684	0.54740	0.01640	0.06960	0.01237	0.06659	0.01899	0.01249	0.13633	0.01188	0.01311	0.00827	0.00544	0.00538	0.00174	0.00758	0.00452	0.00310	0.00835
18	0.72801	0.01078	0.00933	0.09096	0.01385	0.01257	0.00715	0.04085	0.01016	0.02405	0.00813	0.00976	0.00626	0.00523	0.00372	0.00173	0.00467	0.00327	0.00340	0.00613
19	0.01099	0.01046	0.01809	0.65205	0.06989	0.01242	0.08132	0.03077	0.01164	0.01511	0.01056	0.03340	0.00828	0.00574	0.00566	0.00184	0.00739	0.00533	0.00264	0.00642
20	0.00851	0.00612	0.00840	0.00944	0.01064	0.00601	0.00798	0.01088	0.01287	0.01693	0.11427	0.13095	0.05947	0.01500	0.00743	0.00241	0.00456	0.55789	0.00522	0.00504
21	0.05579	0.01748	0.19968	0.04329	0.43353	0.07183	0.01615	0.03931	0.01280	0.01845	0.01033	0.01293	0.00824	0.00519	0.00524	0.00165	0.00699	0.00454	0.02842	0.00816
22	0.04159	0.20236	0.55074	0.01482	0.05198	0.01489	0.01734	0.01726	0.01155	0.01681	0.00938	0.01105	0.00707	0.00513	0.00482	0.00162	0.00747	0.00383	0.00240	0.00789
23	0.01700	0.01068	0.01229	0.01046	0.01385	0.01133	0.00830	0.05520	0.42779	0.26146	0.07844	0.02189	0.03066	0.00766	0.00569	0.00181	0.00440	0.00636	0.00604	0.00867
24	0.08186	0.03500	0.07363	0.17475	0.05477	0.01418	0.01173	0.30364	0.06565	0.02433	0.02935	0.01545	0.01045	0.00677	0.00600	0.02025	0.02484	0.02173	0.01788	0.00774
25	0.03255	0.03437	0.33747	0.02106	0.26557	0.01240	0.07908	0.01717	0.01209	0.05959	0.01165	0.03503	0.00943	0.04101	0.00645	0.00189	0.00717	0.00510	0.00291	0.00800
26	0.00765	0.00562	0.00703	0.00690	0.00812	0.00517	0.00510	0.00974	0.01406	0.01926	0.50443	0.09014	0.15899	0.08249	0.00854	0.00216	0.00306	0.05102	0.00559	0.00492
27	0.00719	0.00512	0.00638	0.00703	0.00751	0.00482	0.00463	0.00814	0.01072	0.01429	0.11621	0.45900	0.09231	0.21582	0.01231	0.00295	0.00366	0.01280	0.00480	0.00431
28	0.01357	0.30577	0.29421	0.05170	0.01929	0.08577	0.02781	0.01796	0.05505	0.02632	0.03468	0.01234	0.00925	0.00554	0.00494	0.00154	0.01997	0.00408	0.00279	0.00744
29	0.03881	0.06253	0.67555	0.01623	0.06468	0.01327	0.01930	0.01742	0.01165	0.01761	0.00979	0.01159	0.00708	0.00522	0.00514	0.00172	0.00786	0.00405	0.00240	0.00810
30	0.00881	0.00632	0.00876	0.00991	0.01120	0.00627	0.00861	0.01133	0.01291	0.01685	0.07109	0.06108	0.05055	0.01505	0.00756	0.00249	0.00491	0.67606	0.00516	0.00510
31	0.03394	0.01303	0.02999	0.13831	0.08878	0.11618	0.01051	0.17562	0.02793	0.10325	0.13588	0.04506	0.01719	0.00727	0.00557	0.00169	0.00593	0.00598	0.03054	0.00734
32	0.08634	0.03651	0.07894	0.27204	0.08530	0.01214	0.09716	0.04139	0.04968	0.01731	0.01287	0.09391	0.01128	0.00775	0.02325	0.01313	0.02786	0.00600	0.02049	0.00668
33	0.01334	0.04301	0.18689	0.11680	0.31928	0.04253	0.06906	0.01740	0.02501	0.05919	0.01188	0.03898	0.00970	0.00578	0.00552	0.00173	0.00707	0.01588	0.00300	0.00793
34	0.77398	0.01064	0.00886	0.07362	0.01303	0.01241	0.00679	0.01610	0.00956	0.02394	0.00789	0.00948	0.00611	0.00517	0.00361	0.00172	0.00455	0.00316	0.00335	0.00601
35	0.00724	0.00515	0.00666	0.00737	0.00778	0.00503	0.00491	0.00820	0.01011	0.01362	0.06365	0.46953	0.05048	0.20553	0.10474	0.00374	0.00507	0.01236	0.00451	0.00432
36	0.01360	0.00845	0.01062	0.00976	0.03519	0.00834	0.00746	0.12707	0.05139	0.16548	0.31896	0.04829	0.05131	0.02950	0.00679	0.00192	0.00411	0.08911	0.00581	0.00685
37	0.01134	0.00939	0.01103	0.00814	0.01265	0.00715	0.00644	0.01370	0.01150	0.03022	0.01167	0.06790	0.01043	0.00513	0.00433	0.00095	0.00402	0.00424	0.01934	0.75045
38	0.01516	0.76107	0.02821	0.00977	0.01439	0.06825	0.00955	0.01692	0.01152	0.01306	0.00775	0.00895	0.00711	0.00480	0.00364	0.00120	0.00617	0.00300	0.00240	0.00707
39	0.11292	0.01971	0.41577	0.03993	0.04959	0.01165	0.03412	0.05730	0.01286	0.03802	0.10556	0.01602	0.01330	0.00616	0.00521	0.00172	0.00650	0.00496	0.04125	0.00745
40	0.00756	0.00565	0.00702	0.00668	0.00810	0.00511	0.00501	0.00992	0.01502	0.02066	0.61539	0.04393	0.20573	0.01190	0.00653	0.00177	0.00265	0.01037	0.00589	0.00511
