[name]
unknown

[dist]
# distance from previous block
# <min> <max>
0	79

[block]
# block no. 0 follows, 46 sequences, length 23
# corresponding to MSA columns:
# 86-108
name=unknown_A
#
# <colnr> <probs for GDERKNQSTAVLIFYWHMCP>
#	G	D	E	R	K	N	Q	S	T	A	V	L	I	F	Y	W	H	M	C	P
0	0.00852	0.00608	0.00852	0.00974	0.01095	0.00608	0.00852	0.01095	0.01217	0.01582	0.02799	0.05963	0.03042	0.01460	0.00730	0.00243	0.00487	0.74565	0.00487	0.00487
1	0.00755	0.00566	0.00850	0.00850	0.00944	0.00661	0.00661	0.00944	0.00850	0.01227	0.01416	0.02077	0.01322	0.03965	0.79326	0.00850	0.01416	0.00566	0.00283	0.00472
2	0.01045	0.00764	0.01113	0.07450	0.04139	0.00766	0.06302	0.03339	0.06823	0.08824	0.09458	0.19282	0.08287	0.02465	0.00664	0.00202	0.00458	0.17566	0.00470	0.00583
3	0.01540	0.04416	0.02618	0.01005	0.01291	0.18072	0.00805	0.14194	0.07515	0.13392	0.20695	0.02278	0.05259	0.02497	0.00588	0.00166	0.00534	0.01970	0.00481	0.00682
4	0.00697	0.00531	0.00641	0.00636	0.00769	0.00476	0.00474	0.00889	0.01335	0.01782	0.42599	0.13019	0.29858	0.01244	0.00632	0.00178	0.00268	0.02961	0.00538	0.00473
5	0.01376	0.45659	0.23264	0.01239	0.03959	0.04012	0.06102	0.01689	0.01139	0.05875	0.00903	0.01030	0.00725	0.00480	0.00423	0.00137	0.00652	0.00356	0.00255	0.00724
6	0.68007	0.01094	0.00930	0.00792	0.01139	0.01246	0.00653	0.14135	0.01189	0.05483	0.00878	0.00964	0.00656	0.00521	0.00369	0.00163	0.00440	0.00328	0.00374	0.00640
7	0.00906	0.00668	0.00850	0.00810	0.00917	0.00744	0.00594	0.07360	0.06558	0.01412	0.01537	0.02442	0.01499	0.28112	0.42526	0.00635	0.00985	0.00626	0.00334	0.00486
8	0.01190	0.00937	0.01106	0.00795	0.01260	0.00710	0.00637	0.01422	0.01127	0.07352	0.01024	0.01148	0.00822	0.00411	0.00402	0.00085	0.00396	0.00329	0.00338	0.78511
9	0.00985	0.00493	0.00493	0.00493	0.00616	0.00493	0.00370	0.01232	0.01109	0.01971	0.01725	0.01971	0.01355	0.00616	0.00370	0.00123	0.00246	0.00493	0.84356	0.00493
10	0.00742	0.00540	0.00699	0.00659	0.00786	0.00496	0.00494	0.00987	0.01483	0.02088	0.74482	0.04002	0.08371	0.01093	0.00624	0.00167	0.00250	0.00963	0.00578	0.00496
11	0.00998	0.00940	0.01586	0.80150	0.03641	0.01175	0.01468	0.01351	0.01057	0.01351	0.00940	0.01409	0.00705	0.00529	0.00529	0.00176	0.00705	0.00470	0.00235	0.00587
12	0.00671	0.00474	0.00647	0.03097	0.00848	0.00453	0.00518	0.00752	0.00995	0.01325	0.02740	0.74106	0.03264	0.01633	0.00751	0.05098	0.00327	0.01412	0.00468	0.00423
13	0.00649	0.00464	0.00618	0.00733	0.00768	0.00433	0.00491	0.00748	0.01034	0.01384	0.06293	0.77597	0.03564	0.01630	0.00672	0.00213	0.00304	0.01478	0.00495	0.00433
14	0.01980	0.02376	0.01510	0.01342	0.01635	0.68555	0.01019	0.12383	0.01635	0.01576	0.00880	0.00997	0.00711	0.00557	0.00484	0.00139	0.00902	0.00359	0.00308	0.00652
15	0.00686	0.00509	0.00680	0.00776	0.00818	0.00503	0.00545	0.00795	0.01035	0.01386	0.05065	0.67675	0.05592	0.01581	0.00728	0.00215	0.04315	0.06173	0.00480	0.00443
16	0.01853	0.07334	0.01751	0.01256	0.01670	0.01634	0.05881	0.59762	0.06578	0.02952	0.01253	0.01286	0.00912	0.00622	0.00554	0.00160	0.02724	0.00478	0.00482	0.00859
17	0.82355	0.01018	0.00792	0.00704	0.01033	0.01172	0.00579	0.01589	0.00920	0.04947	0.00782	0.00891	0.00597	0.00496	0.00334	0.00164	0.00410	0.00295	0.00338	0.00584
18	0.01111	0.02444	0.62563	0.01566	0.05634	0.03972	0.05509	0.01705	0.04103	0.01703	0.04095	0.01282	0.00895	0.00531	0.00515	0.00167	0.00750	0.00435	0.00256	0.00765
19	0.00728	0.00593	0.00626	0.00604	0.00785	0.00528	0.00456	0.05697	0.01306	0.01617	0.12261	0.09122	0.61240	0.01285	0.00621	0.00178	0.00289	0.01080	0.00503	0.00480
20	0.85155	0.01022	0.00777	0.00695	0.01022	0.01186	0.00573	0.01554	0.00900	0.02372	0.00736	0.00859	0.00573	0.00491	0.00327	0.00164	0.00409	0.00286	0.00327	0.00573
21	0.00985	0.00493	0.00493	0.00493	0.00616	0.00493	0.00370	0.01232	0.01109	0.01971	0.01725	0.01971	0.01355	0.00616	0.00370	0.00123	0.00246	0.00493	0.84356	0.00493
22	0.02147	0.01260	0.01450	0.01112	0.01529	0.01312	0.00918	0.48353	0.02116	0.31860	0.01579	0.01470	0.01055	0.00642	0.00530	0.00161	0.00532	0.00497	0.00576	0.00899

[dist]
# distance from previous block
# <min> <max>
0	12

[block]
# block no. 1 follows, 46 sequences, length 17
# corresponding to MSA columns:
# 121-137
name=unknown_B
#
# <colnr> <probs for GDERKNQSTAVLIFYWHMCP>
#	G	D	E	R	K	N	Q	S	T	A	V	L	I	F	Y	W	H	M	C	P
0	0.09937	0.06182	0.01490	0.01276	0.01562	0.68087	0.00973	0.02032	0.01420	0.01395	0.00805	0.00939	0.00670	0.00535	0.00456	0.00138	0.00882	0.00332	0.00275	0.00612
1	0.01096	0.00940	0.01096	0.00783	0.01253	0.00705	0.00626	0.01331	0.01096	0.01723	0.00940	0.01096	0.00783	0.00392	0.00392	0.00078	0.00392	0.00313	0.00313	0.84653
2	0.74786	0.08759	0.00966	0.00715	0.01045	0.01253	0.00601	0.01533	0.00911	0.02223	0.00741	0.00878	0.00592	0.00524	0.00376	0.02491	0.00425	0.00291	0.00315	0.00573
3	0.01082	0.01009	0.01461	0.48793	0.02684	0.04384	0.01240	0.05092	0.01091	0.01420	0.01164	0.05904	0.03440	0.00748	0.00812	0.03732	0.14554	0.00542	0.00273	0.00574
4	0.14442	0.19835	0.24109	0.08786	0.05030	0.04878	0.01231	0.04101	0.01176	0.09020	0.02281	0.01162	0.00809	0.00521	0.00446	0.00153	0.00621	0.00384	0.00302	0.00712
5	0.01507	0.01312	0.01908	0.02589	0.53978	0.09404	0.03113	0.01783	0.01277	0.12720	0.01214	0.03129	0.00991	0.00551	0.00530	0.00159	0.00633	0.02070	0.00329	0.00804
6	0.00716	0.00539	0.00662	0.00631	0.00770	0.00485	0.00474	0.00935	0.01421	0.01940	0.58973	0.04245	0.23972	0.01148	0.00624	0.00169	0.00254	0.00998	0.00558	0.00485
7	0.00829	0.00588	0.00728	0.00686	0.00833	0.00547	0.00515	0.04594	0.01451	0.04357	0.53001	0.11344	0.16237	0.01143	0.00621	0.00172	0.00280	0.00998	0.00558	0.00515
8	0.02257	0.00903	0.01209	0.00942	0.01330	0.00799	0.00772	0.06017	0.01531	0.70504	0.02093	0.06269	0.01413	0.00710	0.00540	0.00166	0.00448	0.00584	0.00639	0.00873
9	0.01137	0.00964	0.01118	0.00802	0.01270	0.00746	0.00643	0.04680	0.01158	0.01794	0.00954	0.01104	0.00788	0.00402	0.00398	0.00082	0.00400	0.00320	0.00323	0.80914
10	0.00665	0.00531	0.00598	0.00612	0.00758	0.00464	0.00458	0.00824	0.01241	0.01569	0.19789	0.14465	0.49326	0.01333	0.00637	0.00184	0.00281	0.05297	0.00509	0.00457
11	0.00914	0.00719	0.01058	0.04425	0.01210	0.00683	0.10081	0.01213	0.05515	0.06097	0.29255	0.07304	0.21605	0.04409	0.00702	0.00191	0.00397	0.03185	0.00488	0.00547
12	0.01129	0.01112	0.01693	0.53129	0.17828	0.05663	0.01443	0.01439	0.01087	0.01413	0.00920	0.01340	0.00728	0.00556	0.00640	0.00175	0.08363	0.00462	0.00242	0.00637
13	0.00738	0.00509	0.00631	0.00670	0.00694	0.00512	0.00430	0.00795	0.00865	0.01162	0.02028	0.24341	0.02332	0.47319	0.10735	0.00458	0.00558	0.04479	0.00370	0.00375
14	0.08925	0.03192	0.07859	0.09187	0.38960	0.04433	0.02957	0.09732	0.05041	0.01913	0.01067	0.01342	0.00858	0.00528	0.00505	0.00161	0.00627	0.01633	0.00308	0.00773
15	0.01609	0.27442	0.01899	0.01327	0.08624	0.31872	0.01004	0.06367	0.06838	0.01523	0.01119	0.01351	0.02659	0.00583	0.00459	0.00141	0.00702	0.03496	0.00305	0.00679
16	0.05642	0.00992	0.04080	0.03292	0.01314	0.03398	0.00778	0.07749	0.06425	0.35697	0.12586	0.04647	0.09507	0.00793	0.00545	0.00167	0.00443	0.00653	0.00548	0.00742

[dist]
# distance from previous block
# <min> <max>
0	3

[block]
# block no. 2 follows, 46 sequences, length 11
# corresponding to MSA columns:
# 141-151
name=unknown_C
#
# <colnr> <probs for GDERKNQSTAVLIFYWHMCP>
#	G	D	E	R	K	N	Q	S	T	A	V	L	I	F	Y	W	H	M	C	P
0	0.00760	0.00566	0.00695	0.00754	0.00839	0.00554	0.00525	0.04061	0.06799	0.01537	0.07265	0.58059	0.09868	0.04179	0.00719	0.00214	0.00327	0.01302	0.00495	0.00481
1	0.03677	0.08639	0.01296	0.01065	0.06925	0.03063	0.00791	0.12501	0.06560	0.16986	0.22386	0.03937	0.07095	0.00799	0.00559	0.00162	0.01700	0.00659	0.00500	0.00701
2	0.09658	0.01491	0.14372	0.10449	0.07366	0.04356	0.26091	0.03741	0.05117	0.01726	0.01075	0.03437	0.00860	0.00593	0.00646	0.02796	0.04739	0.00518	0.00287	0.00683
3	0.01332	0.01030	0.01329	0.01096	0.05374	0.00926	0.05741	0.15744	0.01399	0.07718	0.01340	0.10964	0.01179	0.00620	0.00485	0.00127	0.00467	0.00534	0.00396	0.42198
4	0.01734	0.01277	0.01437	0.01145	0.01469	0.01437	0.00934	0.49450	0.07427	0.06893	0.07044	0.01622	0.01294	0.03928	0.00768	0.00184	0.10126	0.00534	0.00496	0.00803
5	0.02015	0.01001	0.01232	0.00996	0.01370	0.00988	0.00806	0.05835	0.26011	0.50589	0.02072	0.01832	0.01390	0.00674	0.00534	0.00168	0.00445	0.00551	0.00611	0.00879
6	0.00703	0.00530	0.00650	0.00639	0.00767	0.00477	0.00472	0.00903	0.01362	0.01845	0.49708	0.13179	0.24398	0.01217	0.00630	0.00175	0.00261	0.01062	0.00547	0.00477
7	0.00670	0.00477	0.00633	0.00736	0.00778	0.00449	0.00504	0.00779	0.01052	0.01411	0.09073	0.66838	0.03521	0.05334	0.00768	0.00226	0.00322	0.05504	0.00490	0.00433
8	0.00706	0.00508	0.00669	0.00694	0.00781	0.00471	0.00496	0.00893	0.01302	0.01811	0.47778	0.34896	0.04390	0.01312	0.00644	0.00186	0.00272	0.01175	0.00545	0.00471
9	0.01601	0.01219	0.01346	0.01030	0.01455	0.01225	0.00837	0.37238	0.10906	0.05219	0.01282	0.01308	0.00956	0.00555	0.00479	0.00132	0.00487	0.00432	0.00455	0.31837
10	0.01036	0.00655	0.00896	0.00851	0.01019	0.00619	0.03165	0.04571	0.01252	0.12977	0.13356	0.32303	0.07058	0.01442	0.06509	0.00241	0.00453	0.08429	0.00502	0.02669

[dist]
# distance from previous block
# <min> <max>
0	6

[block]
# block no. 3 follows, 46 sequences, length 9
# corresponding to MSA columns:
# 158-166
name=unknown_D
#
# <colnr> <probs for GDERKNQSTAVLIFYWHMCP>
#	G	D	E	R	K	N	Q	S	T	A	V	L	I	F	Y	W	H	M	C	P
0	0.01483	0.46147	0.17851	0.01127	0.01614	0.14337	0.01144	0.08018	0.01271	0.01516	0.00837	0.00955	0.00696	0.00493	0.00410	0.00132	0.00673	0.00330	0.00259	0.00707
1	0.01318	0.15341	0.30042	0.01643	0.10126	0.01360	0.15907	0.06158	0.01250	0.07214	0.01115	0.04199	0.00880	0.00542	0.00511	0.00160	0.00696	0.00483	0.00296	0.00759
2	0.00750	0.00537	0.00660	0.00703	0.00776	0.00521	0.00509	0.00864	0.01024	0.01337	0.07030	0.13602	0.14702	0.31718	0.04377	0.00349	0.00461	0.19247	0.00423	0.00411
3	0.01177	0.07193	0.20736	0.04221	0.01950	0.03693	0.19551	0.05925	0.04091	0.01686	0.01326	0.09822	0.02954	0.00658	0.00599	0.00166	0.04817	0.00587	0.00310	0.08540
4	0.08815	0.20617	0.10731	0.01182	0.01632	0.06040	0.06494	0.26931	0.04807	0.04014	0.01188	0.01257	0.02927	0.00568	0.00470	0.00151	0.00611	0.00431	0.00373	0.00760
5	0.00724	0.00497	0.00603	0.00641	0.00665	0.00483	0.00398	0.00782	0.00930	0.01253	0.10196	0.30148	0.02788	0.45503	0.01779	0.00373	0.00414	0.01041	0.00407	0.00377
6	0.00763	0.00500	0.00584	0.00608	0.00636	0.00491	0.00374	0.00824	0.00903	0.01263	0.06510	0.20585	0.02395	0.50285	0.01872	0.00384	0.00423	0.00914	0.09312	0.00374
7	0.04747	0.09075	0.01511	0.01268	0.07754	0.10405	0.03717	0.17987	0.13389	0.05957	0.01630	0.13365	0.03325	0.00773	0.00556	0.00167	0.02601	0.00631	0.00423	0.00719
8	0.00998	0.00940	0.01586	0.80150	0.03641	0.01175	0.01468	0.01351	0.01057	0.01351	0.00940	0.01409	0.00705	0.00529	0.00529	0.00176	0.00705	0.00470	0.00235	0.00587

[dist]
# distance from previous block
# <min> <max>
3	9

[block]
# block no. 4 follows, 46 sequences, length 11
# corresponding to MSA columns:
# 176-186
name=unknown_E
#
# <colnr> <probs for GDERKNQSTAVLIFYWHMCP>
#	G	D	E	R	K	N	Q	S	T	A	V	L	I	F	Y	W	H	M	C	P
0	0.09668	0.04333	0.01290	0.00977	0.01321	0.01027	0.00810	0.10804	0.01437	0.46442	0.01639	0.01584	0.01119	0.00944	0.07585	0.00227	0.06982	0.00490	0.00525	0.00797
1	0.06797	0.01295	0.04971	0.23179	0.17139	0.05463	0.08554	0.13696	0.01381	0.07229	0.01115	0.01426	0.00857	0.00563	0.00550	0.00168	0.02344	0.02212	0.00333	0.00726
2	0.01464	0.01637	0.01829	0.06657	0.26566	0.28417	0.07855	0.01699	0.01233	0.01466	0.00927	0.01232	0.00786	0.00771	0.05619	0.00205	0.10251	0.00444	0.00262	0.00680
3	0.00702	0.00536	0.00644	0.00623	0.00763	0.00478	0.00465	0.00905	0.01377	0.01851	0.49899	0.07401	0.30050	0.01193	0.00626	0.00172	0.00258	0.01033	0.00547	0.00478
4	0.25929	0.00923	0.01039	0.00846	0.01184	0.00921	0.00690	0.08355	0.01417	0.36954	0.14648	0.01852	0.01694	0.00679	0.00488	0.00164	0.00415	0.00529	0.00537	0.00736
5	0.85155	0.01022	0.00777	0.00695	0.01022	0.01186	0.00573	0.01554	0.00900	0.02372	0.00736	0.00859	0.00573	0.00491	0.00327	0.00164	0.00409	0.00286	0.00327	0.00573
6	0.00851	0.00565	0.00728	0.00673	0.00822	0.00514	0.00510	0.01087	0.01472	0.07378	0.66272	0.03898	0.11066	0.01073	0.00617	0.00167	0.00265	0.00940	0.00579	0.00522
7	0.00643	0.00465	0.00608	0.00723	0.00763	0.00430	0.00485	0.00738	0.01025	0.01355	0.03070	0.76200	0.08272	0.01636	0.00672	0.00212	0.00304	0.01478	0.00491	0.00430
8	0.00723	0.00539	0.00671	0.00638	0.00774	0.00488	0.00479	0.00948	0.01436	0.01977	0.62902	0.04184	0.20020	0.01134	0.00624	0.00169	0.00253	0.00989	0.00563	0.00488
9	0.06384	0.06830	0.65063	0.01467	0.02187	0.01279	0.06329	0.01663	0.01108	0.01696	0.00931	0.01104	0.00672	0.00495	0.00490	0.00165	0.00753	0.00392	0.00233	0.00758
10	0.01887	0.01344	0.01440	0.01122	0.01499	0.04629	0.00911	0.52382	0.02076	0.12125	0.01342	0.01460	0.00999	0.06252	0.00702	0.00180	0.02717	0.00487	0.00498	0.05948

[dist]
# distance from previous block
# <min> <max>
2	6

[block]
# block no. 5 follows, 46 sequences, length 22
# corresponding to MSA columns:
# 193-214
name=unknown_F
#
# <colnr> <probs for GDERKNQSTAVLIFYWHMCP>
#	G	D	E	R	K	N	Q	S	T	A	V	L	I	F	Y	W	H	M	C	P
0	0.03931	0.10920	0.01749	0.01371	0.03664	0.43076	0.08841	0.01945	0.04685	0.06247	0.01054	0.04328	0.00889	0.00598	0.00548	0.00151	0.04598	0.00442	0.00310	0.00654
1	0.07845	0.03517	0.01746	0.10970	0.38235	0.14227	0.01278	0.05087	0.01256	0.01712	0.01002	0.03721	0.00855	0.00531	0.00493	0.00152	0.00645	0.00453	0.00287	0.05987
2	0.07562	0.00803	0.02504	0.00848	0.01027	0.00796	0.00646	0.16500	0.03681	0.01898	0.04119	0.43198	0.06833	0.03068	0.00647	0.00199	0.00391	0.02580	0.00476	0.02223
3	0.01132	0.01156	0.05799	0.05951	0.27297	0.05466	0.05528	0.02827	0.07152	0.01653	0.06100	0.12630	0.03721	0.07034	0.00720	0.00194	0.00562	0.00683	0.00349	0.04045
4	0.64993	0.01345	0.11698	0.00858	0.01249	0.05838	0.00800	0.01647	0.00991	0.05405	0.00827	0.00940	0.00623	0.00502	0.00369	0.00162	0.00495	0.00314	0.00323	0.00618
5	0.00977	0.00629	0.00729	0.00694	0.00769	0.00632	0.00450	0.08760	0.01037	0.06174	0.01869	0.16729	0.02053	0.53959	0.01977	0.00402	0.00480	0.00852	0.00393	0.00436
6	0.02008	0.01543	0.01581	0.01225	0.01639	0.06275	0.01006	0.71928	0.02427	0.03210	0.01242	0.01250	0.00886	0.00629	0.00526	0.00157	0.00604	0.00468	0.00514	0.00882
7	0.01116	0.06000	0.01201	0.00791	0.01259	0.00792	0.00644	0.01347	0.01095	0.01693	0.00927	0.01081	0.00776	0.00395	0.00388	0.00080	0.00402	0.00311	0.00308	0.79393
8	0.01523	0.52829	0.02164	0.00898	0.01299	0.01628	0.00834	0.01792	0.06013	0.16226	0.08957	0.01418	0.01299	0.00572	0.00418	0.00132	0.00502	0.00419	0.00364	0.00713
9	0.02866	0.02962	0.11022	0.15506	0.13304	0.03116	0.15449	0.06180	0.08008	0.06573	0.02595	0.03395	0.01013	0.00575	0.00568	0.00168	0.02765	0.00525	0.00331	0.03079
10	0.01247	0.01180	0.01975	0.12947	0.61824	0.01217	0.01535	0.01610	0.04240	0.01691	0.01119	0.01567	0.00955	0.00535	0.00534	0.00164	0.00623	0.03967	0.00280	0.00789
11	0.00769	0.00513	0.00577	0.00577	0.00577	0.00513	0.00320	0.00769	0.00769	0.01025	0.01666	0.03460	0.01922	0.81421	0.02691	0.00513	0.00513	0.00769	0.00320	0.00320
12	0.01096	0.00940	0.01096	0.00783	0.01253	0.00705	0.00626	0.01331	0.01096	0.01723	0.00940	0.01096	0.00783	0.00392	0.00392	0.00078	0.00392	0.00313	0.00313	0.84653
13	0.01166	0.01383	0.06931	0.02012	0.02500	0.01223	0.63191	0.01579	0.01213	0.01652	0.01282	0.10851	0.01114	0.00592	0.00623	0.00182	0.00816	0.00715	0.00291	0.00683
14	0.04640	0.05773	0.04237	0.01007	0.01421	0.00937	0.04098	0.06131	0.01491	0.57407	0.05956	0.01763	0.01382	0.00645	0.00522	0.00161	0.00483	0.00528	0.00576	0.00842
15	0.01290	0.08383	0.43591	0.01578	0.08307	0.03155	0.10028	0.01750	0.01207	0.10536	0.04433	0.01344	0.00962	0.00533	0.00513	0.00162	0.00707	0.00455	0.00298	0.00767
16	0.00768	0.00515	0.00589	0.00589	0.00593	0.00519	0.00335	0.00776	0.00772	0.01034	0.01655	0.03399	0.01896	0.78041	0.06035	0.00527	0.00552	0.00760	0.00319	0.00327
17	0.02280	0.01009	0.01290	0.00993	0.01402	0.00944	0.00819	0.15704	0.03617	0.63176	0.01942	0.01710	0.01244	0.00652	0.00531	0.00163	0.00472	0.00523	0.00629	0.00898
18	0.01142	0.00967	0.01121	0.00805	0.01272	0.00752	0.00645	0.05096	0.01166	0.01803	0.00956	0.01105	0.00789	0.00404	0.00398	0.00082	0.00401	0.00321	0.00324	0.80450
19	0.00755	0.00566	0.00850	0.00850	0.00944	0.00661	0.00661	0.00944	0.00850	0.01227	0.01416	0.02077	0.01322	0.03965	0.79326	0.00850	0.01416	0.00566	0.00283	0.00472
20	0.03357	0.02830	0.12835	0.06150	0.14539	0.01340	0.16941	0.16416	0.01375	0.01941	0.01069	0.03019	0.00862	0.00720	0.03836	0.00199	0.09366	0.00507	0.00314	0.02384
21	0.01977	0.02115	0.01536	0.01363	0.03986	0.50872	0.01027	0.24613	0.01789	0.04366	0.01000	0.01087	0.00772	0.00573	0.00496	0.00145	0.00815	0.00392	0.00362	0.00716

[dist]
# distance from previous block
# <min> <max>
0	1

[block]
# block no. 6 follows, 46 sequences, length 25
# corresponding to MSA columns:
# 216-240
name=unknown_G
#
# <colnr> <probs for GDERKNQSTAVLIFYWHMCP>
#	G	D	E	R	K	N	Q	S	T	A	V	L	I	F	Y	W	H	M	C	P
0	0.04783	0.06324	0.11807	0.01341	0.05641	0.17841	0.01128	0.30115	0.10577	0.02281	0.01161	0.01226	0.00875	0.00589	0.00518	0.00156	0.02030	0.00432	0.00392	0.00783
1	0.00828	0.00638	0.00912	0.00878	0.00939	0.00766	0.00671	0.00949	0.00820	0.01183	0.01308	0.02102	0.01284	0.14269	0.51436	0.06902	0.12818	0.00572	0.00277	0.00448
2	0.01107	0.09189	0.43889	0.01658	0.13484	0.01242	0.06364	0.01567	0.01169	0.01685	0.10022	0.01477	0.01215	0.00571	0.00551	0.00164	0.03155	0.00477	0.00275	0.00737
3	0.00918	0.00459	0.00689	0.00689	0.00689	0.00459	0.00459	0.00689	0.00689	0.00918	0.00918	0.01607	0.00918	0.01837	0.02066	0.84619	0.00459	0.00459	0.00230	0.00230
4	0.01975	0.02520	0.01498	0.01362	0.01634	0.79299	0.01021	0.02111	0.01498	0.01294	0.00817	0.00953	0.00681	0.00545	0.00477	0.00136	0.00953	0.00340	0.00272	0.00613
5	0.01172	0.00979	0.01131	0.00823	0.01277	0.00787	0.00659	0.08446	0.01226	0.01866	0.01020	0.03112	0.00862	0.00446	0.00412	0.00089	0.00407	0.00358	0.00338	0.74588
6	0.01293	0.00842	0.00944	0.03419	0.01149	0.04026	0.00656	0.04112	0.11016	0.20216	0.04186	0.08221	0.23619	0.06907	0.00728	0.00197	0.00418	0.03200	0.00501	0.04351
7	0.75794	0.01008	0.00828	0.00723	0.01059	0.01140	0.00596	0.01670	0.00969	0.10979	0.00889	0.00965	0.00656	0.00509	0.00350	0.00164	0.00414	0.00314	0.00364	0.00610
8	0.01934	0.01437	0.01517	0.01183	0.01581	0.03457	0.00967	0.65067	0.07618	0.05281	0.01355	0.01390	0.00986	0.03008	0.00592	0.00170	0.00574	0.00491	0.00521	0.00871
9	0.66361	0.04180	0.01000	0.03400	0.01216	0.04527	0.00682	0.10031	0.01116	0.02359	0.00806	0.00927	0.00622	0.00509	0.00363	0.00160	0.00467	0.00316	0.00341	0.00616
10	0.00693	0.02536	0.00653	0.00619	0.00787	0.00525	0.00475	0.00879	0.03211	0.01518	0.11948	0.10400	0.55857	0.01308	0.00627	0.00183	0.00296	0.06522	0.00494	0.00469
11	0.00825	0.00589	0.00821	0.00943	0.01053	0.00586	0.00806	0.01049	0.01191	0.01552	0.02814	0.15599	0.03101	0.01486	0.00723	0.00240	0.00464	0.65192	0.00487	0.00479
12	0.00972	0.00648	0.01074	0.03289	0.02280	0.00678	0.08769	0.00891	0.00804	0.01088	0.01033	0.03351	0.01016	0.01541	0.01737	0.60502	0.06426	0.03312	0.00250	0.00342
13	0.05554	0.04759	0.01860	0.09963	0.30465	0.30941	0.05768	0.01780	0.01284	0.01535	0.00904	0.01152	0.00744	0.00504	0.00496	0.00151	0.00762	0.00414	0.00265	0.00701
14	0.01531	0.01177	0.01547	0.27796	0.05798	0.06997	0.03984	0.12941	0.04528	0.16631	0.01284	0.03154	0.00958	0.00622	0.00618	0.00170	0.06505	0.00502	0.00385	0.02872
15	0.00754	0.00552	0.00814	0.00823	0.00905	0.00629	0.00626	0.00911	0.00852	0.01216	0.01519	0.07959	0.01494	0.07141	0.67189	0.03968	0.01258	0.00641	0.00298	0.00453
16	0.03456	0.13395	0.06794	0.01306	0.01652	0.56058	0.03198	0.03500	0.01416	0.03408	0.00862	0.00990	0.00702	0.00530	0.00463	0.00138	0.00855	0.00351	0.00279	0.00648
17	0.00769	0.00513	0.00577	0.00577	0.00577	0.00513	0.00320	0.00769	0.00769	0.01025	0.01666	0.03460	0.01922	0.81421	0.02691	0.00513	0.00513	0.00769	0.00320	0.00320
18	0.01096	0.00940	0.01096	0.00783	0.01253	0.00705	0.00626	0.01331	0.01096	0.01723	0.00940	0.01096	0.00783	0.00392	0.00392	0.00078	0.00392	0.00313	0.00313	0.84653
19	0.00838	0.00562	0.00738	0.00688	0.00828	0.00517	0.00523	0.01085	0.01490	0.06228	0.71852	0.03884	0.04740	0.01067	0.00621	0.00168	0.00266	0.02800	0.00583	0.00520
20	0.00767	0.00521	0.00618	0.00618	0.00632	0.00535	0.00372	0.00795	0.00781	0.01056	0.01628	0.03251	0.01831	0.69739	0.14249	0.00563	0.00649	0.00738	0.00315	0.00343
21	0.00653	0.00464	0.00611	0.00724	0.00753	0.00436	0.00478	0.00739	0.00994	0.01326	0.02822	0.75340	0.03380	0.07551	0.00824	0.00237	0.00322	0.01449	0.00478	0.00421
22	0.00643	0.00462	0.00611	0.00730	0.00765	0.00430	0.00488	0.00737	0.01018	0.01352	0.02991	0.78667	0.05855	0.01646	0.00673	0.00214	0.00305	0.01491	0.00491	0.00430
23	0.01904	0.01426	0.01528	0.01189	0.01598	0.01578	0.00976	0.65673	0.11559	0.03158	0.01369	0.01351	0.00984	0.00639	0.00527	0.00159	0.00557	0.00487	0.00525	0.02811
24	0.02499	0.04651	0.37200	0.03547	0.06123	0.08128	0.08390	0.07176	0.01277	0.03064	0.03177	0.01237	0.00855	0.00514	0.00499	0.00153	0.00705	0.00425	0.00286	0.10091

[dist]
# distance from previous block
# <min> <max>
0	1

[block]
# block no. 7 follows, 46 sequences, length 16
# corresponding to MSA columns:
# 242-257
name=unknown_H
#
# <colnr> <probs for GDERKNQSTAVLIFYWHMCP>
#	G	D	E	R	K	N	Q	S	T	A	V	L	I	F	Y	W	H	M	C	P
0	0.01609	0.04558	0.26778	0.01360	0.01882	0.07094	0.04812	0.37538	0.03278	0.02429	0.01109	0.01201	0.00806	0.00579	0.00544	0.00161	0.02623	0.00441	0.00382	0.00815
1	0.20713	0.01458	0.01398	0.01110	0.01500	0.07522	0.00909	0.53808	0.02053	0.02959	0.01114	0.01153	0.00809	0.00595	0.00479	0.00158	0.00572	0.00423	0.00464	0.00804
2	0.01263	0.01048	0.01110	0.00987	0.01273	0.01164	0.00777	0.13110	0.48303	0.02197	0.02674	0.02640	0.16464	0.00857	0.00561	0.00179	0.00416	0.03697	0.00525	0.00755
3	0.01253	0.01152	0.07491	0.06404	0.11915	0.01056	0.11650	0.17646	0.01427	0.05609	0.01724	0.26837	0.01697	0.00897	0.00586	0.00181	0.00560	0.00820	0.00408	0.00686
4	0.03756	0.00867	0.00999	0.00916	0.02491	0.00891	0.00695	0.05775	0.25106	0.17797	0.05091	0.12276	0.14817	0.03737	0.00643	0.00191	0.00397	0.02334	0.00530	0.00693
5	0.00810	0.00524	0.00690	0.00740	0.00833	0.00482	0.00531	0.00955	0.01174	0.07471	0.18399	0.50278	0.07804	0.01431	0.00654	0.00200	0.00315	0.05702	0.00522	0.00484
6	0.01220	0.01344	0.02625	0.17549	0.05457	0.04026	0.51142	0.01609	0.01188	0.01585	0.01007	0.01384	0.00773	0.00499	0.00672	0.00179	0.06237	0.00567	0.00259	0.00680
7	0.01110	0.02379	0.59719	0.07778	0.10355	0.02937	0.05109	0.01654	0.01135	0.01647	0.00955	0.01169	0.00696	0.00499	0.00511	0.00167	0.00768	0.00414	0.00231	0.00766
8	0.00797	0.00545	0.00650	0.00650	0.00777	0.00490	0.00469	0.00938	0.01195	0.06586	0.20239	0.19702	0.29446	0.11806	0.00903	0.00228	0.00322	0.03291	0.00499	0.00469
9	0.01887	0.00864	0.01119	0.00914	0.01238	0.00801	0.00732	0.08597	0.05027	0.49967	0.10132	0.12660	0.01970	0.00835	0.00561	0.00171	0.00419	0.00705	0.00608	0.00791
10	0.01574	0.08546	0.06952	0.01137	0.03731	0.10347	0.00939	0.21198	0.08118	0.12430	0.04158	0.11924	0.03191	0.00787	0.00534	0.00165	0.00552	0.02525	0.00454	0.00736
11	0.03869	0.01434	0.07325	0.08370	0.49955	0.06384	0.09544	0.03725	0.01238	0.01728	0.00984	0.01277	0.00796	0.00485	0.00524	0.00160	0.00686	0.00468	0.00268	0.00781
12	0.01850	0.05984	0.01657	0.01618	0.13086	0.61514	0.01106	0.04397	0.01466	0.01422	0.00854	0.01012	0.00711	0.00532	0.00479	0.00139	0.00875	0.00362	0.00277	0.00659
13	0.03147	0.04009	0.54415	0.01480	0.08537	0.01129	0.01615	0.01609	0.01177	0.05298	0.08935	0.01567	0.03625	0.00591	0.00514	0.00165	0.00668	0.00480	0.00294	0.00745
14	0.01295	0.06191	0.13860	0.10119	0.37665	0.08566	0.01463	0.01625	0.01206	0.03825	0.01151	0.01679	0.00994	0.00586	0.00525	0.00164	0.00668	0.07389	0.00284	0.00742
15	0.01453	0.01318	0.01727	0.13555	0.28711	0.07394	0.03335	0.20278	0.08495	0.02078	0.02912	0.01536	0.03652	0.00591	0.00532	0.00162	0.00621	0.00510	0.00365	0.00774

[dist]
# distance from previous block
# <min> <max>
0	1

[block]
# block no. 8 follows, 46 sequences, length 49
# corresponding to MSA columns:
# 259-307
name=unknown_I
#
# <colnr> <probs for GDERKNQSTAVLIFYWHMCP>
#	G	D	E	R	K	N	Q	S	T	A	V	L	I	F	Y	W	H	M	C	P
0	0.04499	0.03606	0.05752	0.05332	0.34235	0.19740	0.01284	0.08755	0.01367	0.05560	0.01039	0.01298	0.00845	0.03749	0.00587	0.00167	0.00689	0.00440	0.00309	0.00746
1	0.16952	0.06231	0.01459	0.01362	0.14551	0.01263	0.00944	0.15400	0.14351	0.20150	0.01432	0.01418	0.01032	0.00587	0.00481	0.00161	0.00499	0.00462	0.00458	0.00805
2	0.00911	0.00748	0.01034	0.06363	0.01228	0.02702	0.00794	0.05205	0.00966	0.01358	0.01288	0.01867	0.01178	0.03158	0.59886	0.00686	0.09284	0.00539	0.00288	0.00518
3	0.01264	0.01030	0.01262	0.02936	0.04902	0.01041	0.04083	0.05102	0.33318	0.06218	0.03341	0.07156	0.02873	0.00681	0.00515	0.00152	0.00443	0.00586	0.00451	0.22647
4	0.01655	0.00955	0.01239	0.01058	0.03268	0.00947	0.03903	0.14221	0.11556	0.30232	0.13121	0.09275	0.02044	0.00826	0.00569	0.00173	0.00449	0.03182	0.00561	0.00767
5	0.01579	0.28928	0.03839	0.01296	0.04179	0.32434	0.04764	0.02802	0.02730	0.01385	0.02789	0.01078	0.00823	0.00562	0.00573	0.00143	0.08800	0.00376	0.00267	0.00653
6	0.00748	0.00540	0.00707	0.00665	0.00790	0.00499	0.00499	0.00998	0.01496	0.02120	0.77844	0.03949	0.04988	0.01081	0.00624	0.00166	0.00249	0.00956	0.00582	0.00499
7	0.02215	0.00898	0.01199	0.00933	0.01319	0.00798	0.00766	0.04353	0.04127	0.68741	0.07252	0.01939	0.01560	0.00685	0.00538	0.00164	0.00438	0.00562	0.00642	0.00870
8	0.01089	0.09253	0.72419	0.01457	0.02211	0.01299	0.01867	0.01667	0.01113	0.01639	0.00931	0.01094	0.00670	0.00498	0.00489	0.00163	0.00763	0.00382	0.00223	0.00773
9	0.00763	0.00513	0.00575	0.00575	0.00582	0.00510	0.00324	0.00768	0.00787	0.01042	0.01818	0.03527	0.05068	0.78105	0.02605	0.00499	0.00502	0.00783	0.00327	0.00326
10	0.01531	0.59938	0.05618	0.01033	0.01460	0.18472	0.00975	0.03261	0.01196	0.01316	0.00772	0.00890	0.00683	0.00478	0.00379	0.00121	0.00657	0.00303	0.00242	0.00673
11	0.00730	0.06045	0.00789	0.00756	0.00831	0.00569	0.00546	0.00851	0.01068	0.01418	0.09279	0.58940	0.03331	0.04690	0.00733	0.00218	0.00344	0.07936	0.00473	0.00453
12	0.00743	0.00540	0.00699	0.00659	0.00786	0.00496	0.00494	0.00987	0.01483	0.02089	0.74602	0.04000	0.08250	0.01092	0.00624	0.00167	0.00250	0.00963	0.00578	0.00496
13	0.00852	0.00608	0.00852	0.00974	0.01095	0.00608	0.00852	0.01095	0.01217	0.01582	0.02799	0.05963	0.03042	0.01460	0.00730	0.00243	0.00487	0.74565	0.00487	0.00487
14	0.01231	0.01544	0.09939	0.02163	0.02720	0.01327	0.69502	0.01692	0.01236	0.01692	0.01059	0.01398	0.00790	0.00451	0.00613	0.00177	0.00881	0.00603	0.00263	0.00719
15	0.01343	0.01149	0.01211	0.01081	0.01385	0.01328	0.00843	0.05745	0.74187	0.02256	0.02116	0.01944	0.01585	0.00714	0.00538	0.00178	0.00425	0.00593	0.00538	0.00839
16	0.01274	0.01090	0.01162	0.01057	0.01341	0.01254	0.00825	0.02666	0.71002	0.02179	0.04878	0.02225	0.01799	0.00764	0.00550	0.00182	0.00415	0.03990	0.00537	0.00809
17	0.01335	0.01247	0.02123	0.03187	0.76195	0.01244	0.01601	0.01646	0.01212	0.03655	0.01022	0.01321	0.00849	0.00476	0.00524	0.00157	0.00624	0.00473	0.00272	0.00839
18	0.02021	0.01127	0.01350	0.03719	0.01514	0.01154	0.00880	0.30764	0.08355	0.37012	0.05237	0.01697	0.01327	0.00668	0.00535	0.00164	0.00497	0.00533	0.00579	0.00865
19	0.72138	0.01155	0.05851	0.00858	0.01229	0.01189	0.05867	0.01595	0.00952	0.04077	0.00804	0.00936	0.00612	0.00492	0.00363	0.00165	0.00467	0.00322	0.00324	0.00603
20	0.01315	0.01136	0.01195	0.01076	0.01375	0.01315	0.00837	0.02809	0.77168	0.02211	0.02152	0.01972	0.01614	0.00717	0.00538	0.00179	0.00418	0.00598	0.00538	0.00837
21	0.01128	0.01115	0.01539	0.14715	0.01746	0.03439	0.01146	0.01292	0.00896	0.01320	0.00835	0.04037	0.00801	0.00838	0.01368	0.00208	0.56511	0.00488	0.00248	0.06329
22	0.03663	0.55475	0.02300	0.01001	0.01402	0.14638	0.00909	0.03356	0.10164	0.01439	0.00927	0.01007	0.00791	0.00504	0.00389	0.00127	0.00608	0.00333	0.00279	0.00688
23	0.01962	0.01457	0.01560	0.01207	0.01621	0.01617	0.00993	0.71327	0.07596	0.03255	0.01330	0.01317	0.00948	0.00640	0.00529	0.00160	0.00571	0.00484	0.00529	0.00895
24	0.01242	0.03697	0.61034	0.01475	0.03584	0.03192	0.03680	0.04272	0.01214	0.08482	0.01095	0.01285	0.00790	0.00538	0.00511	0.00167	0.00740	0.01941	0.00280	0.00783
25	0.01983	0.01390	0.01511	0.01166	0.01577	0.01515	0.00961	0.65784	0.03741	0.10030	0.01497	0.01459	0.03549	0.00662	0.00533	0.00160	0.00556	0.00505	0.00539	0.00883
26	0.00985	0.00493	0.00493	0.00493	0.00616	0.00493	0.00370	0.01232	0.01109	0.01971	0.01725	0.01971	0.01355	0.00616	0.00370	0.00123	0.00246	0.00493	0.84356	0.00493
27	0.00644	0.00462	0.00611	0.00731	0.00765	0.00430	0.00488	0.00737	0.01017	0.01352	0.02977	0.79098	0.05433	0.01648	0.00673	0.00214	0.00306	0.01493	0.00491	0.00430
28	0.06948	0.01328	0.09375	0.19825	0.42276	0.01238	0.08280	0.01569	0.01146	0.01680	0.00967	0.01292	0.00771	0.00486	0.00518	0.00165	0.00669	0.00464	0.00257	0.00747
29	0.01132	0.02553	0.69870	0.01590	0.06284	0.01213	0.03402	0.01709	0.01140	0.04858	0.01001	0.01161	0.00708	0.00506	0.00507	0.00167	0.00762	0.00406	0.00244	0.00788
30	0.22761	0.01443	0.15259	0.04575	0.06414	0.03479	0.24114	0.01533	0.01083	0.01776	0.01056	0.06655	0.00901	0.00626	0.00602	0.03545	0.02724	0.00522	0.00286	0.00646
31	0.01627	0.01244	0.01337	0.01118	0.01467	0.01398	0.00893	0.28990	0.45947	0.07272	0.01833	0.01711	0.01341	0.00684	0.00534	0.00171	0.00478	0.00550	0.00542	0.00863
32	0.00985	0.00493	0.00493	0.00493	0.00616	0.00493	0.00370	0.01232	0.01109	0.01971	0.01725	0.01971	0.01355	0.00616	0.00370	0.00123	0.00246	0.00493	0.84356	0.00493
33	0.00644	0.00460	0.00613	0.00736	0.00767	0.00429	0.00491	0.00736	0.01012	0.01350	0.02914	0.81076	0.03497	0.01656	0.00675	0.00215	0.00307	0.01503	0.00491	0.00429
34	0.01096	0.00940	0.01096	0.00783	0.01253	0.00705	0.00626	0.01331	0.01096	0.01723	0.00940	0.01096	0.00783	0.00392	0.00392	0.00078	0.00392	0.00313	0.00313	0.84653
35	0.00644	0.00460	0.00613	0.00736	0.00767	0.00429	0.00491	0.00736	0.01012	0.01350	0.02914	0.81076	0.03497	0.01656	0.00675	0.00215	0.00307	0.01503	0.00491	0.00429
36	0.85155	0.01022	0.00777	0.00695	0.01022	0.01186	0.00573	0.01554	0.00900	0.02372	0.00736	0.00859	0.00573	0.00491	0.00327	0.00164	0.00409	0.00286	0.00327	0.00573
37	0.85155	0.01022	0.00777	0.00695	0.01022	0.01186	0.00573	0.01554	0.00900	0.02372	0.00736	0.00859	0.00573	0.00491	0.00327	0.00164	0.00409	0.00286	0.00327	0.00573
38	0.00821	0.00674	0.01080	0.00995	0.01117	0.00780	0.06614	0.01025	0.00878	0.01267	0.01339	0.01963	0.01238	0.03480	0.67822	0.00754	0.06812	0.00564	0.00278	0.00498
39	0.02010	0.01481	0.01587	0.01216	0.01639	0.01639	0.01005	0.76360	0.02486	0.03332	0.01269	0.01269	0.00899	0.00635	0.00529	0.00159	0.00582	0.00476	0.00529	0.00899
40	0.00742	0.00540	0.00698	0.00659	0.00786	0.00496	0.00494	0.00986	0.01482	0.02086	0.74236	0.04006	0.08618	0.01094	0.00624	0.00167	0.00250	0.00964	0.00577	0.00496
41	0.00885	0.00469	0.00692	0.00713	0.00725	0.00466	0.00489	0.00721	0.00759	0.01009	0.01255	0.10203	0.01333	0.01792	0.01829	0.70032	0.00445	0.05639	0.00274	0.00268
42	0.02026	0.01403	0.01533	0.01180	0.01598	0.01531	0.00973	0.65512	0.04972	0.11739	0.01392	0.01353	0.00970	0.00640	0.00529	0.00160	0.00561	0.00486	0.00543	0.00897
43	0.02033	0.01343	0.01489	0.01153	0.01565	0.01448	0.00949	0.56890	0.07406	0.17961	0.01489	0.01421	0.01028	0.00644	0.00530	0.00161	0.00545	0.00495	0.00554	0.00895
44	0.00666	0.00472	0.00610	0.00706	0.00738	0.00445	0.00464	0.00750	0.00994	0.01326	0.05185	0.65479	0.04551	0.13792	0.00980	0.00258	0.00336	0.01367	0.00468	0.00415
45	0.01142	0.00967	0.01121	0.00805	0.01272	0.00751	0.00645	0.05066	0.01165	0.01803	0.00956	0.01105	0.00789	0.00404	0.00398	0.00082	0.00401	0.00321	0.00324	0.80484
46	0.01231	0.00990	0.01146	0.00836	0.01293	0.00807	0.00671	0.07699	0.03833	0.04938	0.01054	0.01169	0.00842	0.00433	0.00414	0.00092	0.00411	0.00345	0.00353	0.71444
47	0.00733	0.00643	0.00639	0.00640	0.00814	0.03758	0.00490	0.00930	0.03834	0.01508	0.09741	0.06567	0.58919	0.01285	0.00626	0.00182	0.00320	0.07409	0.00489	0.00473
48	0.01837	0.06893	0.01580	0.01384	0.06828	0.46796	0.01015	0.14879	0.05380	0.04254	0.01158	0.01238	0.03301	0.00588	0.00490	0.00145	0.00778	0.00414	0.00346	0.00697

[dist]
# distance from previous block
# <min> <max>
0	6

[block]
# block no. 9 follows, 46 sequences, length 77
# corresponding to MSA columns:
# 314-390
name=unknown_J
#
# <colnr> <probs for GDERKNQSTAVLIFYWHMCP>
#	G	D	E	R	K	N	Q	S	T	A	V	L	I	F	Y	W	H	M	C	P
0	0.01616	0.01244	0.05010	0.07880	0.01796	0.01220	0.09425	0.28644	0.05803	0.14447	0.05885	0.03367	0.01251	0.00641	0.00562	0.00161	0.02224	0.00541	0.00459	0.07823
1	0.01338	0.01313	0.02117	0.03161	0.74707	0.04742	0.01596	0.01644	0.01217	0.01708	0.00986	0.01293	0.00830	0.00474	0.00521	0.00156	0.00643	0.00465	0.00262	0.00827
2	0.04448	0.00957	0.01096	0.00791	0.01254	0.00748	0.00634	0.03281	0.01124	0.01790	0.00940	0.01091	0.00778	0.00402	0.00393	0.00084	0.00397	0.00316	0.00319	0.79158
3	0.00706	0.00571	0.00633	0.00625	0.00786	0.00516	0.00469	0.00954	0.06046	0.01654	0.23676	0.10005	0.47614	0.01258	0.00624	0.00179	0.00279	0.02405	0.00517	0.00484
4	0.00661	0.00526	0.00593	0.00599	0.00742	0.00458	0.00441	0.00819	0.01255	0.01602	0.24369	0.15876	0.47561	0.01316	0.00632	0.00181	0.00269	0.01130	0.00515	0.00458
5	0.00674	0.00481	0.00643	0.00762	0.00804	0.00455	0.00532	0.00783	0.01032	0.01370	0.02863	0.69195	0.03393	0.03913	0.00740	0.00227	0.00336	0.10879	0.00485	0.00434
6	0.01489	0.00875	0.01052	0.00905	0.01187	0.00887	0.00712	0.02173	0.29179	0.27431	0.21924	0.04171	0.04037	0.00824	0.00563	0.00171	0.00379	0.00699	0.00586	0.00753
7	0.00801	0.00579	0.00738	0.00741	0.00878	0.00547	0.00580	0.01069	0.04208	0.03389	0.42383	0.09741	0.13970	0.01215	0.00645	0.00188	0.00318	0.16964	0.00543	0.00505
8	0.02250	0.00927	0.01223	0.00956	0.01352	0.00839	0.00784	0.02603	0.10241	0.69690	0.02093	0.01819	0.01344	0.00662	0.00532	0.00165	0.00446	0.00539	0.00641	0.00892
9	0.02041	0.01431	0.01556	0.01193	0.01615	0.01566	0.00985	0.70044	0.02402	0.09765	0.01339	0.01315	0.00934	0.00636	0.00529	0.00159	0.00570	0.00481	0.00540	0.00899
10	0.00897	0.00720	0.01169	0.01127	0.01308	0.00703	0.11960	0.01167	0.01241	0.01640	0.09109	0.06821	0.02892	0.01282	0.00704	0.00226	0.00522	0.55530	0.00463	0.00520
11	0.01413	0.81739	0.02770	0.00905	0.01357	0.02092	0.00905	0.01583	0.01074	0.01244	0.00735	0.00848	0.00678	0.00452	0.00339	0.00113	0.00565	0.00283	0.00226	0.00678
12	0.02024	0.01401	0.01531	0.01180	0.01596	0.01529	0.00972	0.65123	0.05247	0.11854	0.01396	0.01357	0.00973	0.00640	0.00530	0.00160	0.00560	0.00487	0.00543	0.00897
13	0.04021	0.00893	0.01188	0.00922	0.01317	0.00784	0.00759	0.02486	0.03150	0.72055	0.02193	0.01918	0.04436	0.00680	0.00531	0.00165	0.00441	0.00552	0.00638	0.00873
14	0.01969	0.01460	0.01564	0.01208	0.01624	0.01620	0.00995	0.72032	0.06880	0.03266	0.01321	0.01311	0.00941	0.00639	0.00529	0.00160	0.00572	0.00483	0.00529	0.00895
15	0.00763	0.00510	0.00578	0.00584	0.00585	0.00509	0.00328	0.00767	0.00780	0.01040	0.01723	0.07045	0.01995	0.77736	0.02598	0.00499	0.00503	0.00803	0.00328	0.00325
16	0.00769	0.00513	0.00577	0.00577	0.00577	0.00513	0.00320	0.00769	0.00769	0.01025	0.01666	0.03460	0.01922	0.81421	0.02691	0.00513	0.00513	0.00769	0.00320	0.00320
17	0.01003	0.00946	0.01587	0.77941	0.03578	0.01187	0.01459	0.01349	0.01050	0.01349	0.00933	0.01402	0.00704	0.00540	0.00562	0.00178	0.02942	0.00470	0.00235	0.00587
18	0.01413	0.81739	0.02770	0.00905	0.01357	0.02092	0.00905	0.01583	0.01074	0.01244	0.00735	0.00848	0.00678	0.00452	0.00339	0.00113	0.00565	0.00283	0.00226	0.00678
19	0.01214	0.02809	0.01810	0.15769	0.45935	0.01119	0.03237	0.01509	0.01208	0.05099	0.10318	0.01747	0.01376	0.03876	0.00624	0.00176	0.00588	0.00544	0.00315	0.00729
20	0.03254	0.01493	0.01506	0.01190	0.01586	0.08121	0.00969	0.57218	0.09786	0.07455	0.01359	0.01338	0.00971	0.00634	0.00522	0.00159	0.00586	0.00477	0.00512	0.00864
21	0.00732	0.00561	0.00678	0.00689	0.00818	0.00489	0.00479	0.00848	0.01044	0.01407	0.04529	0.44038	0.16130	0.10175	0.00840	0.00217	0.00335	0.01144	0.00445	0.14403
22	0.85155	0.01022	0.00777	0.00695	0.01022	0.01186	0.00573	0.01554	0.00900	0.02372	0.00736	0.00859	0.00573	0.00491	0.00327	0.00164	0.00409	0.00286	0.00327	0.00573
23	0.02351	0.00932	0.01247	0.00956	0.01366	0.00826	0.00790	0.06737	0.01568	0.74251	0.02040	0.01769	0.01286	0.00653	0.00531	0.00163	0.00457	0.00528	0.00647	0.00900
24	0.01370	0.71182	0.11404	0.00999	0.01490	0.01979	0.02504	0.01596	0.01082	0.01302	0.00766	0.00890	0.00680	0.00458	0.00363	0.00121	0.00596	0.00302	0.00227	0.00691
25	0.01984	0.01468	0.01572	0.01211	0.01630	0.01628	0.00999	0.73671	0.05217	0.03291	0.01302	0.01295	0.00925	0.00638	0.00529	0.00159	0.00576	0.00480	0.00529	0.00897
26	0.01159	0.00977	0.01130	0.00813	0.01279	0.00768	0.00652	0.06448	0.01191	0.01832	0.00962	0.01108	0.00791	0.00408	0.00401	0.00084	0.00404	0.00324	0.00328	0.78941
27	0.00653	0.00522	0.00588	0.00628	0.00761	0.00457	0.00465	0.00789	0.01168	0.01448	0.07390	0.24706	0.49816	0.01420	0.00646	0.00193	0.00295	0.07115	0.00494	0.00447
28	0.02010	0.01481	0.01587	0.01216	0.01639	0.01639	0.01005	0.76360	0.02486	0.03332	0.01269	0.01269	0.00899	0.00635	0.00529	0.00159	0.00582	0.00476	0.00529	0.00899
29	0.85155	0.01022	0.00777	0.00695	0.01022	0.01186	0.00573	0.01554	0.00900	0.02372	0.00736	0.00859	0.00573	0.00491	0.00327	0.00164	0.00409	0.00286	0.00327	0.00573
30	0.00670	0.00479	0.00642	0.00752	0.00798	0.00450	0.00524	0.00787	0.01066	0.01427	0.08405	0.68711	0.03566	0.01597	0.00676	0.00214	0.00319	0.07983	0.00497	0.00440
31	0.00639	0.00534	0.00557	0.00554	0.00724	0.00452	0.00415	0.00785	0.01234	0.01505	0.13511	0.06569	0.68076	0.01316	0.00626	0.00178	0.00267	0.01106	0.00501	0.00452
32	0.02228	0.01131	0.01370	0.01050	0.01465	0.01120	0.00868	0.31903	0.01900	0.48617	0.01761	0.01589	0.01146	0.00646	0.00531	0.00162	0.00502	0.00510	0.00604	0.00899
33	0.00659	0.00470	0.00630	0.00753	0.00790	0.00442	0.00516	0.00761	0.01026	0.01366	0.02906	0.75825	0.03465	0.01643	0.00679	0.00217	0.00319	0.06610	0.00490	0.00433
34	0.00650	0.00464	0.00619	0.00739	0.00773	0.00434	0.00497	0.00748	0.01026	0.01370	0.04535	0.78147	0.03521	0.01640	0.00675	0.00214	0.00308	0.02715	0.00493	0.00432
35	0.09117	0.00936	0.01163	0.00932	0.01304	0.00892	0.00759	0.02467	0.14370	0.56023	0.04982	0.01835	0.01444	0.00668	0.00519	0.00166	0.00433	0.00539	0.00604	0.00845
36	0.02161	0.00853	0.01159	0.00905	0.01277	0.00741	0.00741	0.02372	0.01511	0.68587	0.11909	0.02078	0.01786	0.00710	0.00544	0.00164	0.00424	0.00587	0.00645	0.00848
37	0.00888	0.00572	0.00749	0.00686	0.00837	0.00522	0.00521	0.01131	0.01491	0.08818	0.69560	0.03786	0.06299	0.01049	0.00615	0.00166	0.00267	0.00922	0.00586	0.00533
38	0.01413	0.81739	0.02770	0.00905	0.01357	0.02092	0.00905	0.01583	0.01074	0.01244	0.00735	0.00848	0.00678	0.00452	0.00339	0.00113	0.00565	0.00283	0.00226	0.00678
39	0.02321	0.00941	0.01247	0.00961	0.01367	0.00843	0.00792	0.06970	0.03693	0.71881	0.02039	0.01773	0.01293	0.00655	0.00532	0.00164	0.00457	0.00530	0.00644	0.00898
40	0.00644	0.00460	0.00613	0.00736	0.00767	0.00429	0.00491	0.00736	0.01012	0.01350	0.02914	0.81076	0.03497	0.01656	0.00675	0.00215	0.00307	0.01503	0.00491	0.00429
41	0.02010	0.01481	0.01587	0.01216	0.01639	0.01639	0.01005	0.76360	0.02486	0.03332	0.01269	0.01269	0.00899	0.00635	0.00529	0.00159	0.00582	0.00476	0.00529	0.00899
42	0.01152	0.01136	0.01679	0.27732	0.06863	0.03205	0.03388	0.02905	0.00979	0.01381	0.00819	0.01255	0.00713	0.00737	0.01175	0.00203	0.43359	0.00468	0.00242	0.00608
43	0.04719	0.00597	0.00718	0.00685	0.00835	0.00560	0.00509	0.03198	0.01342	0.06614	0.39821	0.16386	0.16708	0.04091	0.00686	0.00188	0.00301	0.00995	0.00533	0.00512
44	0.01358	0.55493	0.05316	0.02625	0.01445	0.03763	0.00953	0.03469	0.01100	0.01379	0.00784	0.00943	0.00699	0.00500	0.00496	0.00125	0.08113	0.00318	0.00246	0.10874
45	0.51168	0.26030	0.01420	0.00784	0.01140	0.03448	0.00690	0.01566	0.00987	0.03584	0.00879	0.00998	0.02192	0.00601	0.02619	0.00167	0.00499	0.00316	0.00304	0.00608
46	0.00723	0.00519	0.00652	0.00705	0.00775	0.00491	0.00486	0.02968	0.01123	0.01500	0.15202	0.46926	0.10610	0.10348	0.00912	0.02023	0.00331	0.02782	0.00482	0.00441
