[name]
unknown

[dist]
# distance from previous block
# <min> <max>
23	59

[block]
# block no. 0 follows, 49 sequences, length 12
# corresponding to MSA columns:
# 70-81
name=unknown_A
#
# <colnr> <probs for GDERKNQSTAVLIFYWHMCP>
#	G	D	E	R	K	N	Q	S	T	A	V	L	I	F	Y	W	H	M	C	P
0	0.05922	0.02926	0.01331	0.19335	0.06795	0.15705	0.00968	0.08372	0.07954	0.05475	0.03811	0.01456	0.02332	0.03174	0.00575	0.00159	0.03137	0.00450	0.01882	0.08241
1	0.09336	0.00999	0.01212	0.18637	0.05853	0.03984	0.00921	0.14982	0.06422	0.01837	0.01308	0.06188	0.03020	0.00947	0.08069	0.00221	0.05638	0.00515	0.05693	0.04218
2	0.05029	0.01020	0.01343	0.28428	0.12113	0.06431	0.01040	0.03852	0.01087	0.03787	0.01021	0.05452	0.00873	0.00615	0.00594	0.04759	0.03444	0.00454	0.00284	0.18374
3	0.22848	0.00913	0.01070	0.24723	0.04018	0.03642	0.00826	0.02759	0.01005	0.01636	0.03866	0.01567	0.02572	0.11541	0.00716	0.00191	0.00505	0.00443	0.00296	0.14864
4	0.06264	0.00806	0.01078	0.08288	0.05510	0.00823	0.03784	0.11551	0.02454	0.03994	0.06714	0.19926	0.01788	0.03067	0.00743	0.09212	0.00448	0.04738	0.00387	0.08427
5	0.03695	0.01016	0.01467	0.26693	0.15734	0.02440	0.03353	0.07517	0.06022	0.07400	0.01364	0.06001	0.04519	0.00639	0.00593	0.00165	0.06482	0.00536	0.00331	0.04033
6	0.00838	0.00653	0.00908	0.00920	0.05526	0.00625	0.04871	0.02525	0.05671	0.03274	0.25401	0.22550	0.11169	0.06019	0.00715	0.00195	0.00359	0.04970	0.00464	0.02346
7	0.05827	0.00984	0.01537	0.55348	0.02861	0.01173	0.06422	0.09872	0.01178	0.01612	0.04436	0.01405	0.00879	0.00549	0.00551	0.00168	0.03853	0.00471	0.00278	0.00599
8	0.00931	0.00540	0.00587	0.02770	0.00760	0.00542	0.00436	0.01231	0.05615	0.01849	0.07403	0.06454	0.01641	0.00672	0.00402	0.00128	0.00267	0.00556	0.62900	0.04317
9	0.01645	0.01084	0.01226	0.00964	0.01307	0.01121	0.00785	0.42552	0.01903	0.15813	0.13668	0.01960	0.07311	0.00713	0.00519	0.00151	0.00453	0.00572	0.00519	0.05735
10	0.00908	0.00633	0.00735	0.00678	0.00860	0.00597	0.00517	0.06729	0.05482	0.08086	0.28543	0.10698	0.31417	0.01091	0.00583	0.00167	0.00298	0.00933	0.00516	0.00529
11	0.01894	0.01063	0.05508	0.01127	0.07118	0.00952	0.00886	0.13407	0.08177	0.46829	0.06316	0.01712	0.01362	0.00632	0.00512	0.00157	0.00465	0.00519	0.00544	0.00822

[dist]
# distance from previous block
# <min> <max>
10	22

[block]
# block no. 1 follows, 49 sequences, length 25
# corresponding to MSA columns:
# 104-128
name=unknown_B
#
# <colnr> <probs for GDERKNQSTAVLIFYWHMCP>
#	G	D	E	R	K	N	Q	S	T	A	V	L	I	F	Y	W	H	M	C	P
0	0.11274	0.01098	0.01345	0.12573	0.05126	0.04951	0.05577	0.14479	0.07494	0.09075	0.01404	0.05155	0.02291	0.05450	0.04306	0.03863	0.02925	0.00545	0.00396	0.00674
1	0.07738	0.01077	0.07320	0.00976	0.02550	0.00945	0.00810	0.17503	0.02749	0.16696	0.11272	0.09749	0.07492	0.00884	0.02278	0.00183	0.00474	0.00656	0.00487	0.08161
2	0.01311	0.01336	0.17527	0.01050	0.01437	0.01039	0.00969	0.14448	0.16051	0.08115	0.08951	0.06365	0.05902	0.03298	0.00607	0.00179	0.00499	0.00612	0.00452	0.09853
3	0.01286	0.00643	0.00856	0.00783	0.00978	0.00591	0.00594	0.01500	0.04282	0.30834	0.16499	0.30528	0.02658	0.01185	0.04129	0.00204	0.00386	0.00917	0.00537	0.00609
4	0.01323	0.75589	0.09337	0.00915	0.01375	0.01929	0.00952	0.01522	0.01031	0.01225	0.00721	0.00833	0.00648	0.00437	0.00338	0.00113	0.00559	0.00279	0.00216	0.00657
5	0.00943	0.00471	0.00471	0.00471	0.00589	0.00471	0.00353	0.01178	0.01060	0.01885	0.01650	0.01885	0.01296	0.00589	0.00353	0.00118	0.00236	0.00471	0.85036	0.00471
6	0.00712	0.00514	0.00673	0.00638	0.00755	0.00475	0.00477	0.00946	0.01416	0.02003	0.76238	0.06418	0.04723	0.01052	0.00598	0.00161	0.00240	0.00932	0.00554	0.00475
7	0.00655	0.00515	0.00592	0.00572	0.00718	0.00451	0.00429	0.00837	0.01288	0.01688	0.40937	0.04337	0.42854	0.01161	0.00597	0.00165	0.00248	0.00993	0.00512	0.00451
8	0.00710	0.00517	0.00668	0.00630	0.00752	0.00475	0.00473	0.00943	0.01418	0.01996	0.75289	0.03829	0.08310	0.01046	0.00596	0.00160	0.00239	0.00922	0.00552	0.00475
9	0.85801	0.00978	0.00743	0.00665	0.00978	0.01134	0.00548	0.01486	0.00861	0.02269	0.00704	0.00821	0.00548	0.00469	0.00313	0.00156	0.00391	0.00274	0.00313	0.00548
10	0.51176	0.00929	0.00922	0.00762	0.01108	0.00972	0.00629	0.01892	0.01104	0.34251	0.01239	0.01194	0.00839	0.00534	0.00394	0.00156	0.00407	0.00371	0.00443	0.00677
11	0.85801	0.00978	0.00743	0.00665	0.00978	0.01134	0.00548	0.01486	0.00861	0.02269	0.00704	0.00821	0.00548	0.00469	0.00313	0.00156	0.00391	0.00274	0.00313	0.00548
12	0.00603	0.00512	0.00519	0.00518	0.00686	0.00429	0.00388	0.00735	0.01165	0.01394	0.08272	0.04820	0.75702	0.01270	0.00598	0.00170	0.00255	0.01061	0.00473	0.00429
13	0.01865	0.01393	0.01455	0.01128	0.01511	0.03957	0.00927	0.70637	0.02272	0.03051	0.01226	0.01243	0.00879	0.00603	0.00495	0.00149	0.00549	0.00452	0.05380	0.00829
14	0.85801	0.00978	0.00743	0.00665	0.00978	0.01134	0.00548	0.01486	0.00861	0.02269	0.00704	0.00821	0.00548	0.00469	0.00313	0.00156	0.00391	0.00274	0.00313	0.00548
15	0.00616	0.00440	0.00587	0.00704	0.00733	0.00411	0.00469	0.00704	0.00968	0.01291	0.02787	0.81899	0.03344	0.01584	0.00645	0.00205	0.00293	0.01438	0.00469	0.00411
16	0.00977	0.00504	0.00508	0.00495	0.00623	0.00509	0.00375	0.03828	0.01106	0.01930	0.01634	0.01862	0.01281	0.00590	0.00359	0.00119	0.00247	0.00471	0.82097	0.00485
17	0.00793	0.00674	0.00703	0.00668	0.00867	0.00665	0.00509	0.01296	0.22866	0.01629	0.10069	0.03941	0.51246	0.01094	0.00574	0.00170	0.00295	0.00916	0.00489	0.00536
18	0.02214	0.00868	0.01170	0.00900	0.01284	0.00761	0.00742	0.04708	0.01475	0.74872	0.04180	0.01765	0.01341	0.00637	0.00511	0.00156	0.00429	0.00519	0.00620	0.00850
19	0.01165	0.01297	0.02766	0.02131	0.09022	0.01222	0.66379	0.01561	0.01177	0.01604	0.01119	0.06005	0.00919	0.00495	0.00591	0.00171	0.00799	0.00633	0.00268	0.00676
20	0.02029	0.00808	0.01097	0.00859	0.01208	0.00702	0.00702	0.02232	0.01445	0.67497	0.13833	0.02038	0.01794	0.00689	0.00522	0.00157	0.00401	0.00571	0.00615	0.00801
21	0.00628	0.00456	0.00596	0.00704	0.00751	0.00424	0.00486	0.00730	0.00997	0.01313	0.02978	0.70085	0.09727	0.01545	0.00645	0.00204	0.00302	0.06544	0.00469	0.00416
22	0.03606	0.01032	0.02968	0.00984	0.01371	0.00965	0.02566	0.21313	0.01650	0.50576	0.04778	0.01638	0.01256	0.00626	0.00506	0.00155	0.00467	0.00505	0.02213	0.00825
23	0.01444	0.01051	0.01201	0.01125	0.05801	0.01160	0.00833	0.02580	0.59550	0.16363	0.01983	0.01819	0.01447	0.00661	0.00513	0.00168	0.00417	0.00553	0.00520	0.00812
24	0.01313	0.01385	0.01821	0.21043	0.43302	0.17599	0.03255	0.01589	0.01178	0.01480	0.00905	0.01206	0.00739	0.00478	0.00495	0.00151	0.00689	0.00428	0.00247	0.00697

[dist]
# distance from previous block
# <min> <max>
1	9

[block]
# block no. 2 follows, 49 sequences, length 21
# corresponding to MSA columns:
# 138-158
name=unknown_C
#
# <colnr> <probs for GDERKNQSTAVLIFYWHMCP>
#	G	D	E	R	K	N	Q	S	T	A	V	L	I	F	Y	W	H	M	C	P
0	0.19989	0.03104	0.01191	0.05013	0.06329	0.01021	0.00763	0.13348	0.02825	0.05368	0.00975	0.01093	0.00757	0.00462	0.00404	0.00121	0.00444	0.00349	0.00344	0.36102
1	0.03597	0.18690	0.07595	0.01316	0.06373	0.48775	0.01047	0.04456	0.01325	0.01372	0.00799	0.00933	0.00664	0.00497	0.00432	0.00131	0.00780	0.00329	0.00257	0.00633
2	0.00681	0.00495	0.00632	0.00638	0.00732	0.00456	0.00457	0.00858	0.01248	0.01721	0.48433	0.23894	0.10699	0.05864	0.00723	0.00191	0.00269	0.01052	0.00512	0.00446
3	0.00642	0.00497	0.00591	0.00644	0.00755	0.00446	0.00479	0.00779	0.01111	0.01409	0.09370	0.31378	0.37122	0.01383	0.00628	0.00190	0.00296	0.11372	0.00475	0.00430
4	0.00711	0.00517	0.00670	0.00631	0.00753	0.00475	0.00474	0.00945	0.01421	0.02002	0.75982	0.03819	0.07613	0.01043	0.00596	0.00159	0.00239	0.00920	0.00553	0.00475
5	0.01258	0.01086	0.01143	0.01029	0.01315	0.01258	0.00800	0.02687	0.78161	0.02115	0.02058	0.01887	0.01544	0.00686	0.00515	0.00172	0.00400	0.00572	0.00515	0.00800
6	0.01014	0.02616	0.79609	0.01441	0.02189	0.01174	0.01868	0.01601	0.01068	0.01601	0.00907	0.01068	0.00641	0.00480	0.00480	0.00160	0.00747	0.00374	0.00214	0.00747
7	0.02218	0.00872	0.01172	0.00906	0.01292	0.00769	0.00746	0.02476	0.05319	0.75522	0.01998	0.01729	0.01266	0.00629	0.00509	0.00157	0.00429	0.00512	0.00620	0.00858
8	0.01052	0.01023	0.01613	0.62889	0.17552	0.04647	0.01413	0.01373	0.01056	0.01357	0.00903	0.01311	0.00697	0.00496	0.00502	0.00163	0.00671	0.00444	0.00231	0.00608
9	0.05204	0.61204	0.07613	0.00911	0.01351	0.03751	0.00907	0.01650	0.01086	0.11032	0.00880	0.00945	0.00719	0.00464	0.00361	0.00120	0.00544	0.00309	0.00273	0.00676
10	0.00955	0.00899	0.01517	0.81013	0.03483	0.01123	0.01404	0.01292	0.01011	0.01292	0.00899	0.01348	0.00674	0.00506	0.00506	0.00169	0.00674	0.00449	0.00225	0.00562
11	0.00959	0.00614	0.00791	0.00685	0.00885	0.00538	0.00528	0.01191	0.01380	0.11791	0.58138	0.03134	0.03761	0.00890	0.00554	0.00147	0.00282	0.00777	0.00529	0.12425
12	0.85801	0.00978	0.00743	0.00665	0.00978	0.01134	0.00548	0.01486	0.00861	0.02269	0.00704	0.00821	0.00548	0.00469	0.00313	0.00156	0.00391	0.00274	0.00313	0.00548
13	0.85801	0.00978	0.00743	0.00665	0.00978	0.01134	0.00548	0.01486	0.00861	0.02269	0.00704	0.00821	0.00548	0.00469	0.00313	0.00156	0.00391	0.00274	0.00313	0.00548
14	0.01889	0.02410	0.01433	0.01303	0.01563	0.80199	0.00977	0.02019	0.01433	0.01238	0.00782	0.00912	0.00651	0.00521	0.00456	0.00130	0.00912	0.00326	0.00261	0.00586
15	0.00602	0.00512	0.00518	0.00517	0.00686	0.00429	0.00388	0.00734	0.01163	0.01390	0.07804	0.04827	0.76173	0.01272	0.00598	0.00170	0.00255	0.01062	0.00473	0.00429
16	0.01102	0.00940	0.00991	0.00899	0.01154	0.01044	0.00697	0.03989	0.55591	0.01972	0.06493	0.02619	0.18700	0.00832	0.00537	0.00170	0.00364	0.00695	0.00507	0.00704
17	0.01284	0.01099	0.01158	0.01034	0.01325	0.01270	0.00807	0.05605	0.75200	0.02157	0.02025	0.01860	0.01517	0.00683	0.00514	0.00171	0.00406	0.00567	0.00514	0.00803
18	0.00762	0.00551	0.00745	0.07641	0.01004	0.00536	0.00569	0.00974	0.01283	0.03501	0.50943	0.12472	0.06759	0.05168	0.00697	0.00186	0.00312	0.04923	0.00499	0.00474
19	0.01024	0.02550	0.75604	0.01477	0.02212	0.01180	0.05808	0.01602	0.01074	0.01602	0.00914	0.01083	0.00647	0.00478	0.00487	0.00161	0.00753	0.00385	0.00216	0.00744
20	0.06843	0.01099	0.08290	0.55923	0.10219	0.01139	0.01364	0.04032	0.01080	0.03981	0.00937	0.01286	0.00699	0.00503	0.00490	0.00164	0.00642	0.00433	0.00255	0.00619

[dist]
# distance from previous block
# <min> <max>
0	3

[block]
# block no. 3 follows, 49 sequences, length 81
# corresponding to MSA columns:
# 162-242
name=unknown_D
#
# <colnr> <probs for GDERKNQSTAVLIFYWHMCP>
#	G	D	E	R	K	N	Q	S	T	A	V	L	I	F	Y	W	H	M	C	P
0	0.01343	0.65828	0.12120	0.00989	0.01450	0.07087	0.02373	0.01560	0.01062	0.01252	0.00739	0.00860	0.00650	0.00444	0.00357	0.00117	0.00597	0.00293	0.00220	0.00658
1	0.85801	0.00978	0.00743	0.00665	0.00978	0.01134	0.00548	0.01486	0.00861	0.02269	0.00704	0.00821	0.00548	0.00469	0.00313	0.00156	0.00391	0.00274	0.00313	0.00548
2	0.00725	0.00531	0.00759	0.00759	0.00831	0.00603	0.00566	0.00869	0.00797	0.01134	0.01403	0.02257	0.01381	0.19817	0.64361	0.00747	0.01178	0.00581	0.00278	0.00422
3	0.00626	0.00450	0.00596	0.00710	0.00748	0.00420	0.00485	0.00723	0.00984	0.01305	0.02853	0.75590	0.05637	0.01565	0.00647	0.00206	0.00301	0.05272	0.00469	0.00414
4	0.00878	0.00439	0.00659	0.00659	0.00659	0.00439	0.00439	0.00659	0.00659	0.00878	0.00878	0.01537	0.00878	0.01757	0.01976	0.85288	0.00439	0.00439	0.00220	0.00220
5	0.01014	0.02616	0.79609	0.01441	0.02189	0.01174	0.01868	0.01601	0.01068	0.01601	0.00907	0.01068	0.00641	0.00480	0.00480	0.00160	0.00747	0.00374	0.00214	0.00747
6	0.01014	0.02616	0.79609	0.01441	0.02189	0.01174	0.01868	0.01601	0.01068	0.01601	0.00907	0.01068	0.00641	0.00480	0.00480	0.00160	0.00747	0.00374	0.00214	0.00747
7	0.85801	0.00978	0.00743	0.00665	0.00978	0.01134	0.00548	0.01486	0.00861	0.02269	0.00704	0.00821	0.00548	0.00469	0.00313	0.00156	0.00391	0.00274	0.00313	0.00548
8	0.01049	0.00899	0.01049	0.00749	0.01198	0.00674	0.00599	0.01273	0.01049	0.01648	0.00899	0.01049	0.00749	0.00374	0.00374	0.00075	0.00374	0.00300	0.00300	0.85320
9	0.01889	0.02410	0.01433	0.01303	0.01563	0.80199	0.00977	0.02019	0.01433	0.01238	0.00782	0.00912	0.00651	0.00521	0.00456	0.00130	0.00912	0.00326	0.00261	0.00586
10	0.01922	0.01416	0.01518	0.01163	0.01568	0.01568	0.00961	0.77388	0.02378	0.03187	0.01214	0.01214	0.00860	0.00607	0.00506	0.00152	0.00556	0.00455	0.00506	0.00860
11	0.00735	0.00490	0.00552	0.00552	0.00552	0.00490	0.00306	0.00735	0.00735	0.00980	0.01593	0.03309	0.01838	0.82229	0.02574	0.00490	0.00490	0.00735	0.00306	0.00306
12	0.01194	0.01364	0.02984	0.02131	0.02643	0.01279	0.77238	0.01620	0.01194	0.01620	0.01023	0.01364	0.00767	0.00426	0.00597	0.00171	0.00853	0.00597	0.00256	0.00682
13	0.01040	0.00889	0.01039	0.00748	0.01189	0.00669	0.00597	0.01262	0.01047	0.01640	0.00937	0.02697	0.00802	0.00399	0.00380	0.00078	0.00373	0.00323	0.00303	0.83589
14	0.01918	0.01547	0.01506	0.01182	0.01568	0.11890	0.00963	0.67494	0.02254	0.02931	0.01157	0.01174	0.00833	0.00596	0.00499	0.00149	0.00603	0.00438	0.00474	0.00824
15	0.01345	0.80874	0.04247	0.00877	0.01316	0.01984	0.00886	0.01516	0.01028	0.01198	0.00707	0.00816	0.00649	0.00434	0.00328	0.00109	0.00545	0.00273	0.00216	0.00651
16	0.01352	0.00983	0.01145	0.00839	0.01274	0.00836	0.00679	0.14511	0.01327	0.11647	0.01090	0.01161	0.00831	0.00446	0.00414	0.00098	0.00413	0.00353	0.00376	0.60226
17	0.00771	0.00559	0.00754	0.00818	0.00939	0.00541	0.00689	0.00998	0.01238	0.01646	0.24172	0.05103	0.09034	0.01287	0.00662	0.00208	0.00387	0.49239	0.00491	0.00466
18	0.00616	0.00440	0.00587	0.00704	0.00733	0.00411	0.00469	0.00704	0.00968	0.01291	0.02787	0.81899	0.03344	0.01584	0.00645	0.00205	0.00293	0.01438	0.00469	0.00411
19	0.01336	0.01064	0.01157	0.01048	0.02806	0.01202	0.00802	0.10143	0.59401	0.06053	0.01976	0.05942	0.01533	0.00715	0.00516	0.00169	0.00412	0.00597	0.02345	0.00782
20	0.00900	0.00609	0.00842	0.00932	0.01067	0.00608	0.00811	0.01162	0.03219	0.05445	0.02627	0.05403	0.02791	0.01339	0.00684	0.00227	0.00462	0.69903	0.00475	0.00494
21	0.01646	0.00720	0.00971	0.00798	0.01077	0.00634	0.00637	0.01852	0.01420	0.48569	0.29114	0.06106	0.02588	0.00813	0.00546	0.00160	0.00356	0.00694	0.00594	0.00705
22	0.00702	0.00512	0.00659	0.00632	0.00749	0.00470	0.00470	0.00923	0.01384	0.01938	0.69178	0.08693	0.09627	0.01084	0.00600	0.00163	0.00243	0.00957	0.00545	0.00470
23	0.01352	0.82533	0.02650	0.00865	0.01298	0.02001	0.00865	0.01514	0.01027	0.01190	0.00703	0.00811	0.00649	0.00433	0.00324	0.00108	0.00541	0.00270	0.00216	0.00649
24	0.01788	0.01311	0.01373	0.01072	0.01435	0.03298	0.00879	0.65195	0.02175	0.02963	0.01263	0.01298	0.00914	0.00603	0.00484	0.00147	0.00521	0.00454	0.12026	0.00800
25	0.81426	0.05203	0.00842	0.00675	0.00994	0.01179	0.00564	0.01488	0.00869	0.02213	0.00704	0.00821	0.00553	0.00467	0.00314	0.00154	0.00399	0.00274	0.00308	0.00553
26	0.00621	0.00444	0.00591	0.00701	0.00735	0.00414	0.00470	0.00717	0.00992	0.01329	0.06725	0.77851	0.03418	0.01556	0.00643	0.00203	0.00291	0.01410	0.00474	0.00414
27	0.01243	0.01201	0.02076	0.04757	0.74524	0.01203	0.04431	0.01549	0.01150	0.01643	0.00953	0.01258	0.00797	0.00451	0.00504	0.00151	0.00612	0.00456	0.00250	0.00791
28	0.01374	0.74887	0.05134	0.00912	0.01344	0.06841	0.00906	0.01549	0.01054	0.01206	0.00715	0.00826	0.00649	0.00440	0.00338	0.00111	0.00571	0.00277	0.00219	0.00648
29	0.01262	0.62691	0.20158	0.00996	0.01493	0.01785	0.01089	0.01522	0.01032	0.01283	0.00763	0.00893	0.00659	0.00510	0.01941	0.00134	0.00604	0.00299	0.00217	0.00667
30	0.00616	0.00440	0.00587	0.00704	0.00733	0.00411	0.00469	0.00704	0.00968	0.01291	0.02787	0.81899	0.03344	0.01584	0.00645	0.00205	0.00293	0.01438	0.00469	0.00411
31	0.00716	0.00517	0.00676	0.00636	0.00755	0.00477	0.00477	0.00954	0.01431	0.02028	0.78808	0.03777	0.04771	0.01034	0.00596	0.00159	0.00239	0.00914	0.00557	0.00477
32	0.00645	0.00452	0.00578	0.00667	0.00689	0.00430	0.00429	0.00712	0.00911	0.01215	0.02494	0.62613	0.02975	0.21374	0.01119	0.00275	0.00342	0.01265	0.00429	0.00385
33	0.85801	0.00978	0.00743	0.00665	0.00978	0.01134	0.00548	0.01486	0.00861	0.02269	0.00704	0.00821	0.00548	0.00469	0.00313	0.00156	0.00391	0.00274	0.00313	0.00548
34	0.01352	0.82533	0.02650	0.00865	0.01298	0.02001	0.00865	0.01514	0.01027	0.01190	0.00703	0.00811	0.00649	0.00433	0.00324	0.00108	0.00541	0.00270	0.00216	0.00649
35	0.01095	0.00897	0.01053	0.00755	0.01202	0.00677	0.00605	0.01319	0.01064	0.04610	0.00941	0.01074	0.00768	0.00384	0.00380	0.00078	0.00377	0.00308	0.00312	0.82103
36	0.01664	0.19599	0.03194	0.01275	0.05389	0.50249	0.00982	0.01942	0.08628	0.01339	0.00897	0.01003	0.00743	0.00513	0.00436	0.00131	0.00764	0.00344	0.00274	0.00634
37	0.02251	0.00889	0.01191	0.00913	0.01305	0.00785	0.00754	0.06230	0.01494	0.75593	0.01956	0.01696	0.01232	0.00625	0.00508	0.00156	0.00437	0.00506	0.00620	0.00861
38	0.01049	0.00899	0.01049	0.00749	0.01198	0.00674	0.00599	0.01273	0.01049	0.01648	0.00899	0.01049	0.00749	0.00374	0.00374	0.00075	0.00374	0.00300	0.00300	0.85320
39	0.00955	0.00899	0.01517	0.81013	0.03483	0.01123	0.01404	0.01292	0.01011	0.01292	0.00899	0.01348	0.00674	0.00506	0.00506	0.00169	0.00674	0.00449	0.00225	0.00562
40	0.00735	0.00493	0.00565	0.00565	0.00569	0.00497	0.00323	0.00744	0.00739	0.00990	0.01581	0.03243	0.01810	0.78287	0.06476	0.00506	0.00534	0.00726	0.00305	0.00314
41	0.00716	0.00517	0.00676	0.00636	0.00755	0.00477	0.00477	0.00954	0.01431	0.02028	0.78808	0.03777	0.04771	0.01034	0.00596	0.00159	0.00239	0.00914	0.00557	0.00477
42	0.00628	0.00448	0.00598	0.00702	0.00734	0.00428	0.00470	0.00717	0.00947	0.01268	0.02643	0.73257	0.03147	0.05888	0.05296	0.00255	0.00364	0.01350	0.00450	0.00408
43	0.00878	0.00439	0.00659	0.00659	0.00659	0.00439	0.00439	0.00659	0.00659	0.00878	0.00878	0.01537	0.00878	0.01757	0.01976	0.85288	0.00439	0.00439	0.00220	0.00220
44	0.12139	0.13171	0.15091	0.01426	0.11913	0.35256	0.01138	0.01748	0.01204	0.01479	0.00805	0.00959	0.00656	0.00486	0.00430	0.00138	0.00725	0.00336	0.00252	0.00647
45	0.77177	0.09306	0.00938	0.00685	0.01011	0.01223	0.00580	0.01489	0.00878	0.02159	0.00704	0.00820	0.00558	0.00466	0.00314	0.00152	0.00406	0.00273	0.00303	0.00558
46	0.01235	0.01244	0.04047	0.08430	0.68166	0.02632	0.03750	0.01546	0.01146	0.01617	0.00945	0.01251	0.00784	0.00456	0.00502	0.00152	0.00623	0.00450	0.00248	0.00776
47	0.00626	0.00454	0.00615	0.03147	0.00817	0.00432	0.00498	0.00722	0.00969	0.01291	0.02730	0.79449	0.03263	0.01551	0.00641	0.00204	0.00305	0.01407	0.00462	0.00415
48	0.00958	0.00898	0.01512	0.75114	0.06753	0.01105	0.01382	0.01286	0.01016	0.01308	0.00959	0.03794	0.00761	0.00536	0.00510	0.00169	0.00659	0.00479	0.00233	0.00568
49	0.01054	0.00908	0.01078	0.00818	0.03473	0.00689	0.00627	0.01281	0.01052	0.01648	0.00900	0.01054	0.00750	0.00377	0.00378	0.00077	0.00381	0.00304	0.00298	0.82851
50	0.00716	0.00517	0.00676	0.00636	0.00755	0.00477	0.00477	0.00954	0.01431	0.02028	0.78808	0.03777	0.04771	0.01034	0.00596	0.00159	0.00239	0.00914	0.00557	0.00477
51	0.01049	0.00899	0.01049	0.00749	0.01198	0.00674	0.00599	0.01273	0.01049	0.01648	0.00899	0.01049	0.00749	0.00374	0.00374	0.00075	0.00374	0.00300	0.00300	0.85320
52	0.10275	0.01283	0.01385	0.01071	0.01465	0.01391	0.00885	0.57694	0.02076	0.15497	0.01291	0.01258	0.00893	0.00596	0.00487	0.00153	0.00520	0.00446	0.00506	0.00829
53	0.12430	0.01222	0.01815	0.02555	0.59548	0.03116	0.01350	0.08816	0.01237	0.01870	0.00940	0.01183	0.00770	0.00470	0.00475	0.00151	0.00576	0.00425	0.00283	0.00768
54	0.00899	0.00740	0.00889	0.00733	0.01038	0.00583	0.00554	0.01077	0.01021	0.01525	0.01551	0.28968	0.01645	0.00792	0.00468	0.00120	0.00346	0.00693	0.00358	0.55998
55	0.13163	0.01081	0.01113	0.00965	0.01277	0.04872	0.00767	0.04993	0.41692	0.19759	0.01784	0.01734	0.01310	0.00651	0.00487	0.00165	0.00437	0.02491	0.00499	0.00762
56	0.01352	0.82533	0.02650	0.00865	0.01298	0.02001	0.00865	0.01514	0.01027	0.01190	0.00703	0.00811	0.00649	0.00433	0.00324	0.00108	0.00541	0.00270	0.00216	0.00649
57	0.00619	0.00449	0.00578	0.00679	0.00721	0.00415	0.00454	0.00707	0.00978	0.01287	0.02980	0.71043	0.10996	0.04625	0.00714	0.00213	0.00297	0.01373	0.00463	0.00408
58	0.01081	0.00898	0.01052	0.00753	0.01201	0.00676	0.00603	0.01305	0.01059	0.03691	0.00928	0.01066	0.00762	0.00381	0.00378	0.00077	0.00376	0.00305	0.00308	0.83102
59	0.00726	0.00490	0.00553	0.00555	0.00565	0.00485	0.00317	0.00738	0.00771	0.01023	0.03158	0.05281	0.05097	0.75488	0.02410	0.00464	0.00471	0.00769	0.00322	0.00317
60	0.00735	0.00490	0.00552	0.00552	0.00552	0.00490	0.00306	0.00735	0.00735	0.00980	0.01593	0.03309	0.01838	0.82229	0.02574	0.00490	0.00490	0.00735	0.00306	0.00306
61	0.01353	0.78554	0.04969	0.00888	0.01330	0.01967	0.00898	0.02965	0.01054	0.01240	0.00719	0.00827	0.00653	0.00437	0.00333	0.00111	0.00547	0.00277	0.00222	0.00656
62	0.00616	0.00440	0.00587	0.00704	0.00733	0.00411	0.00469	0.00704	0.00968	0.01291	0.02787	0.81899	0.03344	0.01584	0.00645	0.00205	0.00293	0.01438	0.00469	0.00411
63	0.00795	0.00568	0.00792	0.00908	0.01016	0.00565	0.00780	0.01013	0.01144	0.01491	0.02689	0.13481	0.02955	0.01416	0.00693	0.00230	0.00448	0.68094	0.00466	0.00460
64	0.01902	0.01406	0.01506	0.01159	0.01560	0.01559	0.00956	0.75098	0.04701	0.03154	0.01240	0.01235	0.00881	0.00609	0.00506	0.00152	0.00552	0.00459	0.00506	0.00858
65	0.00636	0.00500	0.00532	0.00541	0.00655	0.00442	0.00373	0.00730	0.01034	0.01272	0.05231	0.11281	0.51255	0.21998	0.01107	0.00255	0.00319	0.01013	0.00429	0.00395
66	0.35713	0.00901	0.00893	0.00715	0.01058	0.00871	0.00567	0.03397	0.01000	0.06754	0.00967	0.01233	0.00812	0.08789	0.00586	0.00158	0.00401	0.00351	0.00332	0.34501
67	0.85801	0.00978	0.00743	0.00665	0.00978	0.01134	0.00548	0.01486	0.00861	0.02269	0.00704	0.00821	0.00548	0.00469	0.00313	0.00156	0.00391	0.00274	0.00313	0.00548
68	0.01252	0.01201	0.02053	0.03104	0.79074	0.01201	0.01552	0.01552	0.01151	0.01652	0.00951	0.01252	0.00801	0.00451	0.00501	0.00150	0.00601	0.00451	0.00250	0.00801
69	0.00613	0.00462	0.00568	0.00648	0.00720	0.00417	0.00446	0.00717	0.01032	0.01331	0.05424	0.58087	0.24736	0.01484	0.00631	0.00194	0.00281	0.01319	0.00472	0.00417
70	0.00955	0.00899	0.01517	0.81013	0.03483	0.01123	0.01404	0.01292	0.01011	0.01292	0.00899	0.01348	0.00674	0.00506	0.00506	0.00169	0.00674	0.00449	0.00225	0.00562
71	0.02269	0.00861	0.01174	0.00900	0.01291	0.00743	0.00743	0.02464	0.01447	0.79425	0.01995	0.01721	0.01252	0.00626	0.00509	0.00156	0.00430	0.00509	0.00626	0.00861
72	0.79426	0.00969	0.00776	0.00683	0.01002	0.01105	0.00563	0.01561	0.00905	0.08156	0.00803	0.00890	0.00601	0.00481	0.00328	0.00156	0.00394	0.00292	0.00337	0.00572
73	0.00704	0.00479	0.00559	0.00586	0.00597	0.00470	0.00346	0.00728	0.00800	0.01062	0.01957	0.21700	0.04052	0.61440	0.02076	0.00416	0.00439	0.00907	0.00348	0.00334
74	0.85801	0.00978	0.00743	0.00665	0.00978	0.01134	0.00548	0.01486	0.00861	0.02269	0.00704	0.00821	0.00548	0.00469	0.00313	0.00156	0.00391	0.00274	0.00313	0.00548
75	0.02269	0.00861	0.01174	0.00900	0.01291	0.00743	0.00743	0.02464	0.01447	0.79425	0.01995	0.01721	0.01252	0.00626	0.00509	0.00156	0.00430	0.00509	0.00626	0.00861
76	0.00624	0.00469	0.00577	0.00658	0.00730	0.00426	0.00459	0.00728	0.01023	0.01315	0.03399	0.54570	0.24280	0.03628	0.00686	0.00205	0.00297	0.05047	0.00465	0.00415
77	0.85801	0.00978	0.00743	0.00665	0.00978	0.01134	0.00548	0.01486	0.00861	0.02269	0.00704	0.00821	0.00548	0.00469	0.00313	0.00156	0.00391	0.00274	0.00313	0.00548
78	0.00621	0.00487	0.00544	0.00581	0.00687	0.00430	0.00405	0.00725	0.01055	0.01316	0.05768	0.29266	0.44617	0.10152	0.00827	0.00216	0.00293	0.01146	0.00454	0.00410
79	0.00970	0.00914	0.01544	0.76977	0.07399	0.01128	0.01412	0.01305	0.01018	0.01311	0.00901	0.01343	0.00681	0.00503	0.00505	0.00168	0.00670	0.00449	0.00226	0.00574
80	0.01078	0.00898	0.01052	0.00753	0.01201	0.00676	0.00603	0.01302	0.01058	0.03521	0.00925	0.01065	0.00761	0.00381	0.00378	0.00077	0.00376	0.00305	0.00307	0.83286

[dist]
# distance from previous block
# <min> <max>
2	25

[block]
# block no. 4 follows, 49 sequences, length 70
# corresponding to MSA columns:
# 268-337
name=unknown_E
#
# <colnr> <probs for GDERKNQSTAVLIFYWHMCP>
#	G	D	E	R	K	N	Q	S	T	A	V	L	I	F	Y	W	H	M	C	P
0	0.01075	0.00926	0.01118	0.00801	0.01251	0.00715	0.02887	0.03239	0.01087	0.01686	0.00911	0.01062	0.00752	0.00382	0.00384	0.00080	0.00393	0.00312	0.00304	0.80634
1	0.71402	0.12404	0.01020	0.00696	0.01029	0.01242	0.00594	0.01484	0.00890	0.02099	0.00710	0.00827	0.00568	0.00461	0.00316	0.00147	0.00412	0.00274	0.00299	0.03127
2	0.03518	0.00954	0.01451	0.34238	0.02184	0.01246	0.02635	0.01226	0.00888	0.01282	0.00852	0.01308	0.00738	0.01054	0.10511	0.00267	0.34413	0.00455	0.00232	0.00547
3	0.01014	0.02616	0.79609	0.01441	0.02189	0.01174	0.01868	0.01601	0.01068	0.01601	0.00907	0.01068	0.00641	0.00480	0.00480	0.00160	0.00747	0.00374	0.00214	0.00747
4	0.01014	0.02616	0.79609	0.01441	0.02189	0.01174	0.01868	0.01601	0.01068	0.01601	0.00907	0.01068	0.00641	0.00480	0.00480	0.00160	0.00747	0.00374	0.00214	0.00747
5	0.01877	0.01387	0.01488	0.01150	0.01544	0.01535	0.00946	0.73849	0.04268	0.03119	0.01269	0.02963	0.00931	0.00630	0.00509	0.00153	0.00547	0.00479	0.00505	0.00849
6	0.00716	0.00517	0.00676	0.00636	0.00755	0.00477	0.00477	0.00954	0.01431	0.02028	0.78808	0.03777	0.04771	0.01034	0.00596	0.00159	0.00239	0.00914	0.00557	0.00477
7	0.01021	0.02569	0.76745	0.01467	0.02206	0.01178	0.04685	0.01602	0.01072	0.01602	0.00912	0.01079	0.00645	0.00478	0.00485	0.00161	0.00751	0.00382	0.00215	0.00745
8	0.01077	0.10058	0.58041	0.01489	0.02147	0.01281	0.13364	0.01584	0.01074	0.01553	0.00898	0.01090	0.00662	0.00480	0.00519	0.00159	0.03182	0.00400	0.00221	0.00722
9	0.00735	0.00490	0.00552	0.00552	0.00552	0.00490	0.00306	0.00735	0.00735	0.00980	0.01593	0.03309	0.01838	0.82229	0.02574	0.00490	0.00490	0.00735	0.00306	0.00306
10	0.00716	0.00517	0.00676	0.00636	0.00755	0.00477	0.00477	0.00954	0.01431	0.02028	0.78808	0.03777	0.04771	0.01034	0.00596	0.00159	0.00239	0.00914	0.00557	0.00477
11	0.00966	0.00906	0.01503	0.78024	0.03402	0.01128	0.01382	0.01344	0.03895	0.01323	0.00942	0.01368	0.00707	0.00512	0.00506	0.00169	0.00664	0.00454	0.00236	0.00571
12	0.00955	0.00899	0.01517	0.81013	0.03483	0.01123	0.01404	0.01292	0.01011	0.01292	0.00899	0.01348	0.00674	0.00506	0.00506	0.00169	0.00674	0.00449	0.00225	0.00562
13	0.01889	0.02410	0.01433	0.01303	0.01563	0.80199	0.00977	0.02019	0.01433	0.01238	0.00782	0.00912	0.00651	0.00521	0.00456	0.00130	0.00912	0.00326	0.00261	0.00586
14	0.00616	0.00440	0.00587	0.00704	0.00733	0.00411	0.00469	0.00704	0.00968	0.01291	0.02787	0.81899	0.03344	0.01584	0.00645	0.00205	0.00293	0.01438	0.00469	0.00411
15	0.85801	0.00978	0.00743	0.00665	0.00978	0.01134	0.00548	0.01486	0.00861	0.02269	0.00704	0.00821	0.00548	0.00469	0.00313	0.00156	0.00391	0.00274	0.00313	0.00548
16	0.05894	0.52811	0.02170	0.00921	0.01340	0.01617	0.03677	0.05017	0.01174	0.18159	0.01018	0.01049	0.00789	0.00482	0.00382	0.00125	0.00519	0.00342	0.00325	0.02188
17	0.01014	0.02616	0.79609	0.01441	0.02189	0.01174	0.01868	0.01601	0.01068	0.01601	0.00907	0.01068	0.00641	0.00480	0.00480	0.00160	0.00747	0.00374	0.00214	0.00747
18	0.00716	0.00517	0.00676	0.00636	0.00755	0.00477	0.00477	0.00954	0.01431	0.02028	0.78808	0.03777	0.04771	0.01034	0.00596	0.00159	0.00239	0.00914	0.00557	0.00477
19	0.00735	0.00490	0.00552	0.00552	0.00552	0.00490	0.00306	0.00735	0.00735	0.00980	0.01593	0.03309	0.01838	0.82229	0.02574	0.00490	0.00490	0.00735	0.00306	0.00306
20	0.01014	0.02616	0.79609	0.01441	0.02189	0.01174	0.01868	0.01601	0.01068	0.01601	0.00907	0.01068	0.00641	0.00480	0.00480	0.00160	0.00747	0.00374	0.00214	0.00747
21	0.00955	0.00899	0.01517	0.81013	0.03483	0.01123	0.01404	0.01292	0.01011	0.01292	0.00899	0.01348	0.00674	0.00506	0.00506	0.00169	0.00674	0.00449	0.00225	0.00562
22	0.00624	0.00445	0.00592	0.00707	0.00738	0.00417	0.00476	0.00715	0.00969	0.01290	0.02758	0.78036	0.03300	0.03321	0.00689	0.00212	0.00303	0.03531	0.00466	0.00410
23	0.00598	0.00512	0.00512	0.00512	0.00683	0.00427	0.00384	0.00726	0.01153	0.01366	0.05123	0.04866	0.78869	0.01281	0.00598	0.00171	0.00256	0.01067	0.00470	0.00427
24	0.01014	0.02616	0.79609	0.01441	0.02189	0.01174	0.01868	0.01601	0.01068	0.01601	0.00907	0.01068	0.00641	0.00480	0.00480	0.00160	0.00747	0.00374	0.00214	0.00747
25	0.01049	0.00899	0.01049	0.00749	0.01198	0.00674	0.00599	0.01273	0.01049	0.01648	0.00899	0.01049	0.00749	0.00374	0.00374	0.00075	0.00374	0.00300	0.00300	0.85320
26	0.00735	0.00490	0.00552	0.00552	0.00552	0.00490	0.00306	0.00735	0.00735	0.00980	0.01593	0.03309	0.01838	0.82229	0.02574	0.00490	0.00490	0.00735	0.00306	0.00306
27	0.00943	0.00471	0.00471	0.00471	0.00589	0.00471	0.00353	0.01178	0.01060	0.01885	0.01650	0.01885	0.01296	0.00589	0.00353	0.00118	0.00236	0.00471	0.85036	0.00471
28	0.01922	0.01416	0.01518	0.01163	0.01568	0.01568	0.00961	0.77388	0.02378	0.03187	0.01214	0.01214	0.00860	0.00607	0.00506	0.00152	0.00556	0.00455	0.00506	0.00860
29	0.85801	0.00978	0.00743	0.00665	0.00978	0.01134	0.00548	0.01486	0.00861	0.02269	0.00704	0.00821	0.00548	0.00469	0.00313	0.00156	0.00391	0.00274	0.00313	0.00548
30	0.00716	0.00517	0.00676	0.00636	0.00755	0.00477	0.00477	0.00954	0.01431	0.02028	0.78808	0.03777	0.04771	0.01034	0.00596	0.00159	0.00239	0.00914	0.00557	0.00477
31	0.00722	0.00542	0.00813	0.00813	0.00903	0.00632	0.00632	0.00903	0.00813	0.01174	0.01354	0.01987	0.01264	0.03792	0.80225	0.00813	0.01354	0.00542	0.00271	0.00451
32	0.02269	0.00861	0.01174	0.00900	0.01291	0.00743	0.00743	0.02464	0.01447	0.79425	0.01995	0.01721	0.01252	0.00626	0.00509	0.00156	0.00430	0.00509	0.00626	0.00861
33	0.85801	0.00978	0.00743	0.00665	0.00978	0.01134	0.00548	0.01486	0.00861	0.02269	0.00704	0.00821	0.00548	0.00469	0.00313	0.00156	0.00391	0.00274	0.00313	0.00548
34	0.01352	0.82533	0.02650	0.00865	0.01298	0.02001	0.00865	0.01514	0.01027	0.01190	0.00703	0.00811	0.00649	0.00433	0.00324	0.00108	0.00541	0.00270	0.00216	0.00649
35	0.01049	0.00899	0.01049	0.00749	0.01198	0.00674	0.00599	0.01273	0.01049	0.01648	0.00899	0.01049	0.00749	0.00374	0.00374	0.00075	0.00374	0.00300	0.00300	0.85320
36	0.01994	0.01302	0.01446	0.01109	0.01511	0.01398	0.00916	0.61905	0.02185	0.18942	0.01375	0.01319	0.00941	0.00611	0.00506	0.00153	0.00530	0.00466	0.00531	0.00860
37	0.01252	0.01201	0.02053	0.03104	0.79074	0.01201	0.01552	0.01552	0.01151	0.01652	0.00951	0.01252	0.00801	0.00451	0.00501	0.00150	0.00601	0.00451	0.00250	0.00801
38	0.00616	0.00440	0.00587	0.00704	0.00733	0.00411	0.00469	0.00704	0.00968	0.01291	0.02787	0.81899	0.03344	0.01584	0.00645	0.00205	0.00293	0.01438	0.00469	0.00411
39	0.01891	0.01395	0.01494	0.01148	0.01547	0.01541	0.00947	0.75574	0.02349	0.03144	0.01307	0.01301	0.02706	0.00623	0.00508	0.00152	0.00549	0.00470	0.00505	0.00850
40	0.00815	0.00582	0.00815	0.00931	0.01048	0.00582	0.00815	0.01048	0.01164	0.01513	0.02677	0.05704	0.02910	0.01397	0.00698	0.00233	0.00466	0.75671	0.00466	0.00466
41	0.01244	0.01194	0.02040	0.04961	0.77272	0.01200	0.01548	0.01546	0.01148	0.01643	0.00950	0.01254	0.00798	0.00452	0.00501	0.00151	0.00602	0.00451	0.00250	0.00795
42	0.02232	0.00852	0.01162	0.00893	0.01278	0.00737	0.00737	0.02428	0.01447	0.77577	0.03829	0.01770	0.01336	0.00636	0.00511	0.00157	0.00426	0.00518	0.00624	0.00851
43	0.02269	0.00861	0.01174	0.00900	0.01291	0.00743	0.00743	0.02464	0.01447	0.79425	0.01995	0.01721	0.01252	0.00626	0.00509	0.00156	0.00430	0.00509	0.00626	0.00861
44	0.00735	0.00490	0.00552	0.00552	0.00552	0.00490	0.00306	0.00735	0.00735	0.00980	0.01593	0.03309	0.01838	0.82229	0.02574	0.00490	0.00490	0.00735	0.00306	0.00306
45	0.83875	0.00988	0.00761	0.00676	0.00991	0.01144	0.00557	0.03229	0.00895	0.02290	0.00716	0.00830	0.00555	0.00473	0.00317	0.00156	0.00395	0.00278	0.00317	0.00555
46	0.01231	0.01191	0.01979	0.11884	0.68968	0.02774	0.01524	0.01532	0.01141	0.01603	0.00942	0.01256	0.00784	0.00458	0.00500	0.00152	0.00615	0.00448	0.00248	0.00770
47	0.00716	0.00517	0.00676	0.00636	0.00755	0.00477	0.00477	0.00954	0.01431	0.02028	0.78808	0.03777	0.04771	0.01034	0.00596	0.00159	0.00239	0.00914	0.00557	0.00477
48	0.00878	0.00439	0.00659	0.00659	0.00659	0.00439	0.00439	0.00659	0.00659	0.00878	0.00878	0.01537	0.00878	0.01757	0.01976	0.85288	0.00439	0.00439	0.00220	0.00220
49	0.01235	0.01234	0.01866	0.22069	0.53690	0.08143	0.01465	0.01529	0.01142	0.01527	0.00923	0.01245	0.00757	0.00470	0.00498	0.00153	0.00646	0.00439	0.00245	0.00723
50	0.00616	0.00440	0.00587	0.00704	0.00733	0.00411	0.00469	0.00704	0.00968	0.01291	0.02787	0.81899	0.03344	0.01584	0.00645	0.00205	0.00293	0.01438	0.00469	0.00411
51	0.01014	0.02616	0.79609	0.01441	0.02189	0.01174	0.01868	0.01601	0.01068	0.01601	0.00907	0.01068	0.00641	0.00480	0.00480	0.00160	0.00747	0.00374	0.00214	0.00747
52	0.01160	0.05507	0.20415	0.01940	0.07407	0.01296	0.47983	0.01588	0.01135	0.01579	0.00961	0.01251	0.00730	0.00461	0.00598	0.00166	0.04369	0.00514	0.00242	0.00697
53	0.01466	0.01524	0.01269	0.01208	0.06587	0.32999	0.03111	0.05905	0.15677	0.05468	0.01869	0.01941	0.13732	0.04306	0.00597	0.00166	0.00624	0.00544	0.00375	0.00633
54	0.82040	0.00984	0.00779	0.00694	0.00993	0.01153	0.00572	0.01474	0.00857	0.02222	0.00702	0.00834	0.00553	0.00488	0.00373	0.00159	0.03984	0.00281	0.00309	0.00548
55	0.85801	0.00978	0.00743	0.00665	0.00978	0.01134	0.00548	0.01486	0.00861	0.02269	0.00704	0.00821	0.00548	0.00469	0.00313	0.00156	0.00391	0.00274	0.00313	0.00548
56	0.01903	0.01407	0.01507	0.01160	0.01561	0.01559	0.00957	0.75266	0.04530	0.03156	0.01238	0.01233	0.00879	0.00609	0.00506	0.00152	0.00552	0.00459	0.00506	0.00858
57	0.00600	0.00512	0.00516	0.00515	0.00685	0.00428	0.00386	0.00731	0.01159	0.01381	0.06776	0.04842	0.77206	0.01275	0.00598	0.00170	0.00256	0.01064	0.00472	0.00428
58	0.00608	0.00513	0.00527	0.00523	0.00689	0.00431	0.00392	0.00746	0.01177	0.01424	0.11631	0.04770	0.72325	0.01259	0.00598	0.00170	0.00255	0.01054	0.00477	0.00431
59	0.77841	0.00993	0.00830	0.00790	0.04467	0.01134	0.00606	0.03037	0.00922	0.04595	0.00764	0.00876	0.00586	0.00476	0.00331	0.00156	0.00405	0.00292	0.00323	0.00575
60	0.85801	0.00978	0.00743	0.00665	0.00978	0.01134	0.00548	0.01486	0.00861	0.02269	0.00704	0.00821	0.00548	0.00469	0.00313	0.00156	0.00391	0.00274	0.00313	0.00548
61	0.01471	0.01057	0.01163	0.01010	0.01320	0.01174	0.00796	0.05507	0.60977	0.16548	0.02014	0.01830	0.01463	0.00672	0.00513	0.00168	0.00412	0.00555	0.00535	0.00814
62	0.00682	0.00495	0.00540	0.00547	0.00606	0.00464	0.00342	0.00730	0.00890	0.01129	0.02857	0.08208	0.28055	0.50282	0.01796	0.00366	0.00400	0.00887	0.00371	0.00353
63	0.01280	0.01255	0.02025	0.03024	0.75633	0.04709	0.01526	0.01573	0.01164	0.01634	0.00944	0.01236	0.00794	0.00454	0.00499	0.00149	0.00615	0.00445	0.00251	0.00791
64	0.01878	0.00871	0.01114	0.00911	0.01247	0.00827	0.00738	0.02340	0.17975	0.54071	0.05468	0.04381	0.01595	0.00714	0.00525	0.00164	0.00413	0.03377	0.00588	0.00802
65	0.00602	0.00507	0.00518	0.00525	0.00683	0.00427	0.00388	0.00725	0.01131	0.01352	0.04891	0.09582	0.72301	0.03304	0.00650	0.00181	0.00264	0.01082	0.00466	0.00423
66	0.01195	0.01332	0.02831	0.04225	0.12170	0.01265	0.65927	0.01603	0.01184	0.01616	0.01011	0.01350	0.00769	0.00431	0.00583	0.00168	0.00817	0.00575	0.00254	0.00694
67	0.01090	0.14250	0.66708	0.01346	0.02039	0.01286	0.01698	0.01607	0.01070	0.03190	0.00901	0.01044	0.00655	0.00477	0.00458	0.00152	0.00710	0.00361	0.00223	0.00735
68	0.03235	0.00994	0.01643	0.56049	0.23992	0.01154	0.01413	0.02945	0.01074	0.01455	0.00915	0.01306	0.00709	0.00492	0.00499	0.00163	0.00644	0.00445	0.00240	0.00633
69	0.15388	0.01628	0.01557	0.01672	0.21719	0.28386	0.03904	0.16530	0.01442	0.01909	0.00907	0.01062	0.00719	0.00508	0.00459	0.00145	0.00674	0.00385	0.00314	0.00693

[dist]
# distance from previous block
# <min> <max>
0	2

[block]
# block no. 5 follows, 49 sequences, length 53
# corresponding to MSA columns:
# 340-392
name=unknown_F
#
# <colnr> <probs for GDERKNQSTAVLIFYWHMCP>
#	G	D	E	R	K	N	Q	S	T	A	V	L	I	F	Y	W	H	M	C	P
0	0.01098	0.00982	0.03213	0.00811	0.01250	0.00771	0.00670	0.04982	0.03886	0.01727	0.00951	0.01089	0.00778	0.00411	0.00418	0.00088	0.02213	0.00322	0.00313	0.74028
1	0.01221	0.01156	0.01921	0.02811	0.69257	0.01133	0.01437	0.01512	0.01141	0.01648	0.00985	0.01331	0.00843	0.00464	0.00492	0.00144	0.00574	0.02126	0.00260	0.09544
2	0.01250	0.00967	0.03389	0.00840	0.01277	0.00759	0.02068	0.01585	0.07575	0.13275	0.01162	0.01225	0.00888	0.00442	0.00413	0.00099	0.00404	0.00361	0.00363	0.61657
3	0.01088	0.01037	0.06285	0.00830	0.01277	0.00778	0.00709	0.04589	0.06185	0.01733	0.01030	0.02874	0.00855	0.00438	0.00402	0.00093	0.00407	0.00354	0.00320	0.68715
4	0.00955	0.00899	0.01517	0.81013	0.03483	0.01123	0.01404	0.01292	0.01011	0.01292	0.00899	0.01348	0.00674	0.00506	0.00506	0.00169	0.00674	0.00449	0.00225	0.00562
5	0.01352	0.82533	0.02650	0.00865	0.01298	0.02001	0.00865	0.01514	0.01027	0.01190	0.00703	0.00811	0.00649	0.00433	0.00324	0.00108	0.00541	0.00270	0.00216	0.00649
6	0.01066	0.01038	0.06870	0.00859	0.01309	0.00755	0.03139	0.04592	0.01108	0.01692	0.01014	0.05228	0.00880	0.00456	0.00409	0.00094	0.00421	0.00380	0.00310	0.68377
7	0.00955	0.00899	0.01517	0.81013	0.03483	0.01123	0.01404	0.01292	0.01011	0.01292	0.00899	0.01348	0.00674	0.00506	0.00506	0.00169	0.00674	0.00449	0.00225	0.00562
8	0.00616	0.00440	0.00587	0.00704	0.00733	0.00411	0.00469	0.00704	0.00968	0.01291	0.02787	0.81899	0.03344	0.01584	0.00645	0.00205	0.00293	0.01438	0.00469	0.00411
9	0.01045	0.00907	0.01110	0.00799	0.01242	0.00691	0.03415	0.01274	0.01052	0.01639	0.00942	0.02700	0.00802	0.00401	0.00388	0.00081	0.00390	0.00334	0.00301	0.80486
10	0.01283	0.01178	0.01865	0.02660	0.62461	0.01209	0.01393	0.03020	0.14897	0.03243	0.01173	0.01373	0.00943	0.00498	0.00503	0.00154	0.00561	0.00473	0.00309	0.00803
11	0.01035	0.00885	0.01034	0.00748	0.01184	0.00666	0.00595	0.01256	0.01046	0.01637	0.00956	0.03512	0.00828	0.00411	0.00383	0.00079	0.00372	0.00334	0.00305	0.82733
12	0.01250	0.01205	0.02073	0.03082	0.77353	0.01203	0.03257	0.01553	0.01152	0.01651	0.00953	0.01254	0.00800	0.00450	0.00503	0.00151	0.00606	0.00454	0.00250	0.00798
13	0.85801	0.00978	0.00743	0.00665	0.00978	0.01134	0.00548	0.01486	0.00861	0.02269	0.00704	0.00821	0.00548	0.00469	0.00313	0.00156	0.00391	0.00274	0.00313	0.00548
14	0.01194	0.01364	0.02984	0.02131	0.02643	0.01279	0.77238	0.01620	0.01194	0.01620	0.01023	0.01364	0.00767	0.00426	0.00597	0.00171	0.00853	0.00597	0.00256	0.00682
15	0.01258	0.01086	0.01143	0.01029	0.01315	0.01258	0.00800	0.02687	0.78161	0.02115	0.02058	0.01887	0.01544	0.00686	0.00515	0.00172	0.00400	0.00572	0.00515	0.00800
16	0.00711	0.00517	0.00669	0.00631	0.00752	0.00475	0.00473	0.00945	0.01420	0.02000	0.75697	0.03823	0.07899	0.01044	0.00596	0.00160	0.00239	0.00921	0.00553	0.00475
17	0.69054	0.00938	0.00800	0.00694	0.01011	0.01045	0.00570	0.01628	0.00961	0.14412	0.00947	0.01008	0.00690	0.00499	0.00345	0.00155	0.00391	0.00319	0.03938	0.00594
18	0.01922	0.01416	0.01518	0.01163	0.01568	0.01568	0.00961	0.77388	0.02378	0.03187	0.01214	0.01214	0.00860	0.00607	0.00506	0.00152	0.00556	0.00455	0.00506	0.00860
19	0.00731	0.00488	0.00553	0.00557	0.00559	0.00487	0.00313	0.00734	0.00744	0.00993	0.01640	0.06373	0.01897	0.79085	0.02499	0.00479	0.00483	0.00763	0.00313	0.00310
20	0.01026	0.00957	0.01570	0.65819	0.13152	0.01148	0.01388	0.02921	0.04415	0.01413	0.00962	0.01356	0.00732	0.00508	0.00505	0.00166	0.00650	0.00455	0.00246	0.00609
21	0.01241	0.01190	0.02033	0.05969	0.76295	0.01199	0.01546	0.01542	0.01146	0.01639	0.00949	0.01255	0.00796	0.00453	0.00501	0.00151	0.00603	0.00451	0.00249	0.00792
22	0.85801	0.00978	0.00743	0.00665	0.00978	0.01134	0.00548	0.01486	0.00861	0.02269	0.00704	0.00821	0.00548	0.00469	0.00313	0.00156	0.00391	0.00274	0.00313	0.00548
23	0.00632	0.00465	0.00652	0.00743	0.00785	0.00434	0.02549	0.00729	0.00974	0.01300	0.02739	0.79718	0.03275	0.01553	0.00644	0.00204	0.00309	0.01415	0.00464	0.00418
24	0.01541	0.00996	0.01222	0.14460	0.01650	0.01062	0.00871	0.20398	0.15925	0.22128	0.04416	0.01974	0.09706	0.00697	0.00521	0.00162	0.00472	0.00571	0.00489	0.00739
25	0.00903	0.00664	0.00875	0.00950	0.01094	0.00685	0.00820	0.04586	0.08000	0.01641	0.02558	0.05168	0.02699	0.01299	0.00674	0.00224	0.00464	0.65712	0.00472	0.00513
26	0.00621	0.00442	0.00585	0.00698	0.00726	0.00414	0.00463	0.00705	0.00959	0.01279	0.02741	0.78835	0.03286	0.04728	0.00721	0.00216	0.00301	0.01410	0.00463	0.00407
