[name]
unknown

[dist]
# distance from previous block
# <min> <max>
0	59

[block]
# block no. 0 follows, 43 sequences, length 68
# corresponding to MSA columns:
# 60-127
name=unknown_A
#
# <colnr> <probs for GDERKNQSTAVLIFYWHMCP>
#	G	D	E	R	K	N	Q	S	T	A	V	L	I	F	Y	W	H	M	C	P
0	0.01302	0.01403	0.02965	0.02319	0.10253	0.01322	0.61564	0.01727	0.01294	0.03419	0.01251	0.06177	0.01024	0.00550	0.00644	0.00186	0.00859	0.00690	0.00302	0.00747
1	0.00784	0.00566	0.00740	0.00697	0.00827	0.00523	0.00523	0.01045	0.01568	0.02221	0.76789	0.04137	0.05226	0.01132	0.00653	0.00174	0.00261	0.01002	0.00610	0.00523
2	0.02105	0.01551	0.01662	0.01274	0.01717	0.01717	0.01053	0.75235	0.02604	0.03490	0.01330	0.01330	0.00942	0.00665	0.00554	0.00166	0.00609	0.00499	0.00554	0.00942
3	0.00675	0.00482	0.00643	0.00771	0.00803	0.00450	0.00514	0.00771	0.01060	0.01414	0.03053	0.80175	0.03663	0.01735	0.00707	0.00225	0.00321	0.01574	0.00514	0.00450
4	0.01046	0.00984	0.01661	0.79205	0.03814	0.01230	0.01538	0.01415	0.01107	0.01415	0.00984	0.01477	0.00738	0.00554	0.00554	0.00185	0.00738	0.00492	0.00246	0.00615
5	0.84448	0.01071	0.00814	0.00728	0.01071	0.01242	0.00600	0.01628	0.00943	0.02485	0.00771	0.00900	0.00600	0.00514	0.00343	0.00171	0.00428	0.00300	0.00343	0.00600
6	0.02345	0.01119	0.01419	0.01144	0.04028	0.01075	0.00908	0.22242	0.01849	0.54968	0.01916	0.01718	0.01239	0.00673	0.00556	0.00170	0.00515	0.00539	0.00636	0.00940
7	0.02105	0.01551	0.01662	0.01274	0.01717	0.01717	0.01053	0.75235	0.02604	0.03490	0.01330	0.01330	0.00942	0.00665	0.00554	0.00166	0.00609	0.00499	0.00554	0.00942
8	0.02411	0.01012	0.01322	0.01019	0.01445	0.00923	0.00840	0.10055	0.04057	0.67581	0.02101	0.01835	0.01338	0.00685	0.00557	0.00171	0.00484	0.00553	0.00668	0.00940
9	0.07135	0.01265	0.04330	0.21797	0.51405	0.01289	0.01593	0.01626	0.01198	0.01758	0.01007	0.01357	0.00818	0.00511	0.00534	0.00170	0.00666	0.00477	0.00271	0.00791
10	0.01111	0.02865	0.77667	0.01579	0.02397	0.01286	0.02046	0.01754	0.01169	0.01754	0.00994	0.01169	0.00702	0.00526	0.00526	0.00175	0.00818	0.00409	0.00234	0.00818
11	0.00752	0.05840	0.00873	0.00698	0.00923	0.00637	0.04599	0.00916	0.01256	0.01504	0.04965	0.04857	0.65424	0.01294	0.00638	0.00185	0.00344	0.03311	0.00483	0.00500
12	0.01674	0.01337	0.01419	0.01187	0.01553	0.01516	0.00948	0.32387	0.46154	0.02795	0.01878	0.01766	0.01386	0.00716	0.00560	0.00179	0.00508	0.00574	0.00560	0.00903
13	0.01046	0.00984	0.01661	0.79205	0.03814	0.01230	0.01538	0.01415	0.01107	0.01415	0.00984	0.01477	0.00738	0.00554	0.00554	0.00185	0.00738	0.00492	0.00246	0.00615
14	0.04209	0.73925	0.05180	0.00972	0.01448	0.03924	0.00974	0.01673	0.01131	0.01357	0.00779	0.00900	0.00707	0.00479	0.00364	0.00123	0.00604	0.00301	0.00241	0.00709
15	0.02068	0.05175	0.05503	0.00967	0.01369	0.00863	0.00840	0.02312	0.01535	0.56520	0.14701	0.02175	0.01953	0.00741	0.00561	0.00169	0.00461	0.00611	0.00624	0.00852
16	0.00675	0.00482	0.00643	0.00771	0.00803	0.00450	0.00514	0.00771	0.01060	0.01414	0.03053	0.80175	0.03663	0.01735	0.00707	0.00225	0.00321	0.01574	0.00514	0.00450
17	0.00678	0.00484	0.00645	0.00769	0.00804	0.00452	0.00514	0.00778	0.01073	0.01435	0.04954	0.78214	0.03703	0.01720	0.00706	0.00224	0.00320	0.01560	0.00517	0.00452
18	0.01331	0.08704	0.44495	0.01663	0.02347	0.01342	0.20784	0.01847	0.01244	0.09392	0.01129	0.01303	0.00806	0.00523	0.00548	0.00173	0.00795	0.00478	0.00292	0.00804
19	0.01327	0.01280	0.02207	0.13030	0.65252	0.01308	0.04138	0.01666	0.01243	0.01758	0.01037	0.01388	0.00858	0.00500	0.00553	0.00168	0.00677	0.00499	0.00271	0.00839
20	0.00773	0.00564	0.00727	0.00689	0.00822	0.00518	0.00516	0.01023	0.01538	0.02157	0.70659	0.05761	0.09854	0.01162	0.00654	0.00176	0.00264	0.01024	0.00602	0.00518
21	0.02079	0.01451	0.01554	0.01210	0.01630	0.04095	0.00993	0.57561	0.04224	0.13709	0.01571	0.01533	0.02979	0.00746	0.01888	0.00180	0.00605	0.00524	0.00558	0.00910
22	0.01237	0.01561	0.12336	0.12725	0.05279	0.01394	0.44734	0.01669	0.01208	0.01673	0.01038	0.01414	0.00797	0.00545	0.00753	0.00191	0.09881	0.00576	0.00265	0.00726
23	0.01177	0.07881	0.70445	0.01519	0.02303	0.01331	0.01937	0.01777	0.01179	0.04061	0.01016	0.01173	0.00723	0.00528	0.00516	0.00172	0.00793	0.00406	0.00248	0.00815
24	0.01046	0.00984	0.01661	0.79205	0.03814	0.01230	0.01538	0.01415	0.01107	0.01415	0.00984	0.01477	0.00738	0.00554	0.00554	0.00185	0.00738	0.00492	0.00246	0.00615
25	0.01416	0.02264	0.50980	0.01545	0.02240	0.01209	0.11098	0.01975	0.03218	0.16834	0.01280	0.01376	0.00878	0.00556	0.00550	0.00176	0.00754	0.00475	0.00338	0.00836
26	0.00843	0.00627	0.00759	0.00822	0.00900	0.02175	0.00573	0.05694	0.01180	0.02844	0.02932	0.64062	0.07321	0.03583	0.00768	0.00225	0.02298	0.01393	0.00504	0.00496
27	0.01046	0.00984	0.01661	0.79205	0.03814	0.01230	0.01538	0.01415	0.01107	0.01415	0.00984	0.01477	0.00738	0.00554	0.00554	0.00185	0.00738	0.00492	0.00246	0.00615
28	0.01889	0.01948	0.04192	0.01362	0.01736	0.32667	0.05814	0.32000	0.01957	0.02330	0.06113	0.01468	0.02717	0.00655	0.00546	0.00159	0.00766	0.00495	0.00419	0.00766
29	0.00844	0.00668	0.00946	0.00924	0.00986	0.00797	0.00702	0.00991	0.00893	0.01279	0.01591	0.11615	0.01643	0.13814	0.46852	0.00662	0.13266	0.00724	0.00320	0.00485
30	0.01828	0.01010	0.01354	0.01111	0.01456	0.02572	0.07133	0.04738	0.15130	0.38932	0.03227	0.13604	0.01795	0.00859	0.00594	0.00185	0.00496	0.02574	0.00585	0.00818
31	0.01081	0.01020	0.01724	0.71079	0.11669	0.01240	0.01555	0.01446	0.01124	0.01457	0.00991	0.01465	0.00753	0.00547	0.00553	0.00182	0.00730	0.00492	0.00249	0.00643
32	0.01084	0.01036	0.01792	0.69532	0.09002	0.01246	0.05617	0.01455	0.01129	0.01463	0.00996	0.01470	0.00754	0.00545	0.00559	0.00183	0.00743	0.00501	0.00250	0.00641
33	0.02338	0.00955	0.01268	0.00991	0.01401	0.00858	0.00812	0.02677	0.08421	0.68567	0.04176	0.01962	0.01503	0.00703	0.00560	0.00173	0.00463	0.00575	0.00672	0.00925
34	0.08706	0.01341	0.01282	0.01087	0.01429	0.14833	0.00858	0.10915	0.17282	0.26895	0.03251	0.06757	0.01432	0.00739	0.00542	0.00173	0.00557	0.00583	0.00533	0.00807
35	0.02374	0.01038	0.01336	0.01028	0.01451	0.00963	0.00848	0.15277	0.01762	0.62591	0.04020	0.01848	0.01399	0.00694	0.00559	0.00171	0.00490	0.00559	0.00661	0.00931
36	0.02405	0.00997	0.01312	0.01009	0.01432	0.00901	0.00832	0.10222	0.01691	0.67982	0.03852	0.01880	0.01417	0.00694	0.00559	0.00171	0.00481	0.00561	0.00670	0.00933
37	0.02324	0.00997	0.01297	0.01009	0.01421	0.00917	0.00828	0.08768	0.06517	0.63828	0.04614	0.01925	0.01485	0.00703	0.00560	0.00172	0.00474	0.00571	0.00664	0.00924
38	0.00759	0.00566	0.00755	0.08932	0.01119	0.00550	0.00608	0.00905	0.01148	0.03056	0.09269	0.49633	0.16110	0.03012	0.00715	0.00215	0.00360	0.01308	0.00494	0.00484
39	0.00954	0.00688	0.00780	0.00752	0.00842	0.00712	0.00500	0.07811	0.08723	0.01555	0.06244	0.16812	0.04350	0.44762	0.01834	0.00383	0.00473	0.00915	0.00430	0.00480
40	0.00666	0.00560	0.00578	0.00577	0.00756	0.00472	0.00432	0.00816	0.01284	0.01557	0.11691	0.06811	0.69134	0.01386	0.00656	0.00187	0.00280	0.01163	0.00523	0.00472
41	0.01307	0.01494	0.03268	0.02334	0.02894	0.01401	0.75070	0.01774	0.01307	0.01774	0.01120	0.01494	0.00840	0.00467	0.00654	0.00187	0.00934	0.00654	0.00280	0.00747
42	0.01104	0.01027	0.01705	0.71062	0.09223	0.01252	0.01535	0.03784	0.01166	0.01511	0.01000	0.01464	0.00755	0.00553	0.00553	0.00182	0.00728	0.00492	0.00258	0.00645
43	0.00932	0.00604	0.00756	0.00696	0.00871	0.00541	0.00530	0.01161	0.01500	0.09925	0.52781	0.04173	0.21132	0.01147	0.00643	0.00177	0.00288	0.00993	0.00596	0.00554
44	0.00962	0.00481	0.00722	0.00722	0.00722	0.00481	0.00481	0.00722	0.00722	0.00962	0.00962	0.01684	0.00962	0.01924	0.02165	0.83886	0.00481	0.00481	0.00241	0.00241
45	0.01071	0.01022	0.01743	0.71160	0.05594	0.01257	0.04522	0.01434	0.01110	0.01437	0.00982	0.01464	0.00746	0.00564	0.00606	0.00186	0.03728	0.00499	0.00248	0.00627
46	0.08153	0.01117	0.01536	0.47493	0.02857	0.01324	0.01273	0.21067	0.01488	0.02072	0.01098	0.01427	0.00820	0.00677	0.02555	0.00195	0.00683	0.00482	0.02988	0.00695
47	0.00837	0.00657	0.00988	0.10314	0.01315	0.00779	0.00784	0.01038	0.00908	0.01286	0.01418	0.02172	0.01334	0.09546	0.60551	0.00756	0.03932	0.00594	0.00292	0.00500
48	0.03415	0.01370	0.01427	0.12918	0.08582	0.18104	0.01063	0.06589	0.05448	0.03573	0.01758	0.03646	0.11488	0.00989	0.05293	0.00223	0.12513	0.00590	0.00355	0.00657
49	0.02873	0.00850	0.06896	0.00832	0.01072	0.00690	0.00706	0.04777	0.01563	0.11918	0.54547	0.05009	0.04043	0.01005	0.00621	0.00175	0.00353	0.00871	0.00580	0.00620
50	0.01332	0.01003	0.01266	0.09158	0.09450	0.01074	0.00950	0.04471	0.29545	0.11068	0.04139	0.04341	0.12201	0.00877	0.00594	0.00188	0.00479	0.06603	0.00504	0.00757
51	0.01247	0.01181	0.02001	0.25223	0.51787	0.01251	0.01598	0.01584	0.01227	0.01706	0.03553	0.01593	0.01027	0.00553	0.00558	0.00172	0.00665	0.02009	0.00282	0.00782
52	0.01140	0.00986	0.01509	0.09498	0.32780	0.01007	0.01198	0.02891	0.05301	0.03028	0.03564	0.05635	0.11295	0.02603	0.00662	0.00199	0.00551	0.15063	0.00392	0.00697
53	0.01290	0.00740	0.02369	0.00797	0.01040	0.00645	0.00637	0.01576	0.04030	0.23975	0.43610	0.03484	0.11529	0.01007	0.00620	0.00175	0.00341	0.00866	0.00613	0.00656
54	0.02274	0.01046	0.01325	0.01028	0.01437	0.00989	0.00845	0.17236	0.03352	0.56064	0.06868	0.01923	0.01542	0.00712	0.00563	0.00171	0.00485	0.00576	0.00651	0.00914
55	0.03384	0.01166	0.13906	0.00992	0.01278	0.05788	0.02393	0.02680	0.01272	0.12087	0.09363	0.26361	0.09184	0.04923	0.00722	0.00208	0.00496	0.02715	0.00467	0.00616
56	0.01327	0.01805	0.23683	0.04613	0.09100	0.03244	0.35429	0.01791	0.01283	0.06680	0.03465	0.01481	0.00966	0.00535	0.00615	0.00180	0.02168	0.00560	0.00302	0.00775
57	0.00790	0.00528	0.00665	0.00731	0.00807	0.00485	0.00497	0.00894	0.01107	0.05622	0.05706	0.53676	0.14180	0.10460	0.00926	0.00250	0.00346	0.01353	0.00507	0.00469
58	0.01241	0.01353	0.02736	0.18053	0.02900	0.01403	0.50493	0.01644	0.01207	0.01644	0.01042	0.01454	0.00805	0.00549	0.00782	0.00193	0.10931	0.00599	0.00268	0.00702
59	0.01232	0.08835	0.44832	0.03283	0.04729	0.01302	0.14732	0.01729	0.01208	0.05880	0.01199	0.06396	0.00963	0.00598	0.00549	0.00175	0.00761	0.00532	0.00287	0.00777
60	0.01169	0.12644	0.49245	0.01502	0.02155	0.03396	0.10597	0.01668	0.01197	0.01680	0.03651	0.06407	0.01064	0.00612	0.00535	0.00172	0.00757	0.00518	0.00272	0.00757
61	0.00962	0.00481	0.00722	0.00722	0.00722	0.00481	0.00481	0.00722	0.00722	0.00962	0.00962	0.01684	0.00962	0.01924	0.02165	0.83886	0.00481	0.00481	0.00241	0.00241
62	0.01215	0.16081	0.51757	0.03008	0.05342	0.03955	0.05154	0.01722	0.01197	0.01675	0.03369	0.01239	0.00862	0.00534	0.00507	0.00165	0.00765	0.00423	0.00252	0.00780
63	0.01620	0.05199	0.12515	0.03756	0.03227	0.06635	0.01073	0.17860	0.09626	0.15574	0.05059	0.06189	0.05298	0.00779	0.00563	0.00175	0.00578	0.03006	0.00479	0.00790
64	0.00983	0.00721	0.01014	0.06042	0.01269	0.00726	0.04816	0.08583	0.01297	0.04224	0.05257	0.43870	0.02875	0.02993	0.00716	0.00219	0.00443	0.11147	0.02252	0.00553
65	0.00834	0.00576	0.00736	0.00754	0.00880	0.00534	0.00573	0.01028	0.01330	0.04909	0.31154	0.18951	0.15491	0.05734	0.00799	0.00220	0.00344	0.14100	0.00547	0.00505
66	0.01807	0.07054	0.06600	0.01445	0.06647	0.37076	0.01121	0.17591	0.01664	0.03362	0.02682	0.05567	0.01042	0.00668	0.00566	0.00159	0.03373	0.00484	0.00361	0.00729
67	0.01466	0.04103	0.08146	0.02861	0.01766	0.09278	0.13911	0.17407	0.01472	0.02030	0.01162	0.01418	0.00918	0.00739	0.02667	0.00193	0.15291	0.00499	0.13962	0.00710

[dist]
# distance from previous block
# <min> <max>
3	7

[block]
# block no. 1 follows, 43 sequences, length 24
# corresponding to MSA columns:
# 136-159
name=unknown_B
#
# <colnr> <probs for GDERKNQSTAVLIFYWHMCP>
#	G	D	E	R	K	N	Q	S	T	A	V	L	I	F	Y	W	H	M	C	P
0	0.03989	0.04716	0.01203	0.00935	0.01254	0.05935	0.02646	0.05122	0.06399	0.09312	0.06916	0.12425	0.07417	0.00816	0.00564	0.00153	0.02706	0.00674	0.03073	0.23746
1	0.00769	0.00590	0.00773	0.05814	0.01084	0.00564	0.00657	0.00950	0.01209	0.01575	0.10094	0.31671	0.19435	0.01450	0.00688	0.00214	0.00383	0.19126	0.00500	0.02455
2	0.05255	0.01290	0.01465	0.01445	0.11474	0.01447	0.01016	0.20510	0.44780	0.02546	0.01801	0.01741	0.01350	0.00685	0.00549	0.00179	0.00509	0.00563	0.00513	0.00880
3	0.12494	0.01203	0.01552	0.07770	0.21288	0.04113	0.01112	0.09712	0.06138	0.26926	0.01477	0.01513	0.01044	0.00601	0.00525	0.00170	0.00568	0.00493	0.00463	0.00840
4	0.06077	0.10291	0.07666	0.03135	0.06179	0.03931	0.11662	0.17991	0.16158	0.05382	0.01562	0.01621	0.04625	0.00634	0.00537	0.00170	0.00623	0.00535	0.00418	0.00804
5	0.01239	0.00652	0.00949	0.00851	0.00967	0.00638	0.03429	0.04991	0.01014	0.12661	0.03309	0.04535	0.01279	0.05136	0.03291	0.53199	0.00516	0.00568	0.00350	0.00426
6	0.00679	0.00556	0.00587	0.00589	0.00751	0.00477	0.00432	0.00822	0.01260	0.01548	0.13160	0.08671	0.61042	0.06012	0.00783	0.00208	0.00295	0.01148	0.00514	0.00465
7	0.02142	0.01492	0.01626	0.01246	0.01688	0.01630	0.01030	0.68208	0.02505	0.10656	0.01413	0.01383	0.00983	0.00667	0.00554	0.00167	0.00596	0.00504	0.00567	0.00942
8	0.01831	0.06390	0.01604	0.07900	0.03736	0.27085	0.01045	0.29780	0.03838	0.02271	0.01170	0.01294	0.00897	0.00609	0.00509	0.00154	0.00714	0.00444	0.07972	0.00759
9	0.01571	0.08017	0.11758	0.05874	0.09618	0.19761	0.08621	0.15058	0.01553	0.01939	0.04546	0.01494	0.01069	0.00619	0.00573	0.00165	0.02898	0.02444	0.01677	0.00746
10	0.00753	0.00554	0.00706	0.00757	0.00862	0.00516	0.00570	0.00933	0.01275	0.01698	0.24973	0.26795	0.16320	0.05035	0.00790	0.00224	0.00345	0.15880	0.00533	0.00481
11	0.00681	0.00487	0.00648	0.00767	0.00805	0.00454	0.00515	0.00786	0.01088	0.01458	0.07098	0.76003	0.03749	0.01702	0.00704	0.00222	0.00318	0.01543	0.00519	0.00454
12	0.01060	0.00998	0.01686	0.76025	0.06888	0.01234	0.01545	0.01427	0.01114	0.01432	0.00987	0.01472	0.00744	0.00551	0.00553	0.00184	0.00735	0.00492	0.00247	0.00626
13	0.01148	0.00984	0.01148	0.00820	0.01312	0.00738	0.00656	0.01395	0.01148	0.01805	0.00984	0.01148	0.00820	0.00410	0.00410	0.00082	0.00410	0.00328	0.00328	0.83922
14	0.00793	0.00532	0.00608	0.00619	0.00622	0.00529	0.00352	0.00802	0.00829	0.01105	0.01865	0.10634	0.02165	0.73321	0.02625	0.00508	0.00517	0.00876	0.00352	0.00346
15	0.00684	0.00499	0.00627	0.00723	0.00777	0.00461	0.00483	0.00778	0.01068	0.01395	0.03327	0.61638	0.14784	0.08900	0.00892	0.00248	0.00335	0.01442	0.00498	0.00442
16	0.00813	0.00546	0.00630	0.00642	0.00654	0.00546	0.00387	0.00837	0.00848	0.01127	0.01854	0.03864	0.02121	0.73302	0.02631	0.00511	0.00534	0.07448	0.00352	0.00352
17	0.00829	0.00573	0.00633	0.00620	0.00658	0.00566	0.00369	0.03199	0.00920	0.01204	0.02208	0.03761	0.11200	0.68217	0.02479	0.00482	0.00508	0.00840	0.00365	0.00371
18	0.01008	0.00718	0.00804	0.00758	0.00973	0.00687	0.00579	0.01442	0.15770	0.09766	0.11639	0.11083	0.38820	0.01206	0.00633	0.00189	0.00337	0.02435	0.00552	0.00602
19	0.04097	0.01192	0.01365	0.19383	0.02003	0.04274	0.01040	0.07594	0.42545	0.05278	0.01808	0.01922	0.01376	0.00706	0.00557	0.00185	0.00546	0.02863	0.00474	0.00793
20	0.01257	0.01103	0.01513	0.12269	0.01784	0.05645	0.11520	0.08813	0.05608	0.02903	0.03789	0.03388	0.01290	0.08861	0.05261	0.00256	0.12147	0.00593	0.11364	0.00633
21	0.01127	0.00840	0.00976	0.00894	0.01100	0.00833	0.00662	0.20757	0.01475	0.02001	0.02326	0.41131	0.05041	0.06375	0.00762	0.00209	0.00423	0.01059	0.00489	0.11520
22	0.01851	0.01313	0.01439	0.01149	0.01525	0.01421	0.00929	0.52639	0.06969	0.07790	0.01652	0.10709	0.01350	0.00790	0.00563	0.00171	0.00538	0.00633	0.03338	0.03230
23	0.01369	0.00949	0.01082	0.01015	0.04542	0.02520	0.00747	0.10040	0.20950	0.11795	0.11520	0.05077	0.11730	0.00940	0.00664	0.05065	0.00423	0.00720	0.08143	0.00707

[dist]
# distance from previous block
# <min> <max>
0	4

[block]
# block no. 2 follows, 43 sequences, length 28
# corresponding to MSA columns:
# 164-191
name=unknown_C
#
# <colnr> <probs for GDERKNQSTAVLIFYWHMCP>
#	G	D	E	R	K	N	Q	S	T	A	V	L	I	F	Y	W	H	M	C	P
0	0.01111	0.01054	0.01523	0.12064	0.04336	0.03616	0.06727	0.01421	0.05889	0.01481	0.01193	0.04219	0.01075	0.01621	0.20526	0.00373	0.24788	0.00558	0.00298	0.06127
1	0.04295	0.01193	0.04210	0.21541	0.13797	0.02362	0.19045	0.01503	0.01172	0.01655	0.01326	0.01658	0.05626	0.00632	0.00670	0.02988	0.04448	0.00548	0.03419	0.07913
2	0.10222	0.01425	0.04951	0.16727	0.31927	0.08893	0.01378	0.06605	0.09089	0.01922	0.01127	0.01365	0.00887	0.00554	0.00524	0.00170	0.00663	0.00470	0.00324	0.00777
3	0.00832	0.00863	0.05931	0.01003	0.02476	0.00697	0.12610	0.01059	0.01239	0.01593	0.10590	0.10510	0.37920	0.07511	0.00824	0.00217	0.00454	0.02686	0.00449	0.00536
4	0.04389	0.01389	0.06913	0.08644	0.05220	0.02283	0.38360	0.06239	0.01271	0.01787	0.01182	0.04116	0.00992	0.05790	0.00842	0.00210	0.06995	0.00615	0.02068	0.00698
5	0.01476	0.05932	0.03652	0.00978	0.01324	0.01080	0.00802	0.12779	0.17407	0.13665	0.06659	0.08992	0.01718	0.04611	0.00645	0.00178	0.00463	0.00638	0.03005	0.13996
6	0.01235	0.01238	0.06651	0.39396	0.25357	0.01264	0.04301	0.01709	0.07546	0.04247	0.01156	0.01490	0.00884	0.00552	0.00555	0.00178	0.00692	0.00507	0.00297	0.00745
7	0.01458	0.35941	0.17539	0.05849	0.06212	0.08361	0.01238	0.01874	0.07859	0.05725	0.02497	0.01238	0.00929	0.00547	0.00461	0.00149	0.00659	0.00404	0.00304	0.00755
8	0.00918	0.00672	0.00872	0.03850	0.06525	0.00628	0.00661	0.02502	0.01368	0.06561	0.24750	0.12618	0.29114	0.01213	0.00647	0.00189	0.00357	0.05474	0.00525	0.00558
9	0.06671	0.22827	0.08218	0.06843	0.12959	0.12371	0.06812	0.01695	0.01197	0.03736	0.01006	0.02160	0.00849	0.00839	0.06875	0.00216	0.03302	0.00437	0.00281	0.00706
10	0.01365	0.00907	0.01041	0.10862	0.01405	0.00995	0.00757	0.24739	0.01601	0.02404	0.01538	0.01761	0.01179	0.00774	0.03446	0.00177	0.00478	0.00511	0.43397	0.00663
11	0.00851	0.00648	0.00810	0.00864	0.01013	0.00636	0.00704	0.01187	0.08154	0.01738	0.13577	0.12177	0.19258	0.01395	0.00702	0.00220	0.00403	0.34602	0.00530	0.00531
12	0.01333	0.01201	0.03957	0.13220	0.11881	0.01226	0.13061	0.19807	0.01545	0.02081	0.01613	0.12040	0.01516	0.00847	0.00645	0.00193	0.02469	0.10243	0.00400	0.00723
13	0.01448	0.01266	0.01308	0.04180	0.07902	0.12732	0.00938	0.09005	0.22775	0.07305	0.05831	0.06806	0.07669	0.00958	0.03262	0.00204	0.02004	0.03199	0.00472	0.00736
14	0.01019	0.00517	0.00522	0.00522	0.00643	0.00517	0.00384	0.01261	0.01140	0.02005	0.01803	0.02159	0.01455	0.05472	0.00534	0.00154	0.00275	0.00534	0.78579	0.00505
15	0.00805	0.00537	0.00604	0.00604	0.00604	0.00537	0.00336	0.00805	0.00805	0.01074	0.01745	0.03624	0.02013	0.80536	0.02819	0.00537	0.00537	0.00805	0.00336	0.00336
16	0.08883	0.01261	0.02131	0.09410	0.40170	0.01293	0.15948	0.01756	0.07136	0.01884	0.03970	0.01520	0.01060	0.00540	0.00556	0.00173	0.00666	0.00537	0.00315	0.00790
17	0.00810	0.00594	0.00657	0.00646	0.00830	0.00516	0.00489	0.00993	0.02644	0.06526	0.12213	0.11105	0.54827	0.01349	0.00655	0.00190	0.00305	0.03606	0.00536	0.00511
18	0.00691	0.00509	0.00650	0.00748	0.00816	0.00468	0.00522	0.00814	0.01136	0.01489	0.07773	0.59051	0.15668	0.01633	0.00699	0.00218	0.00323	0.05812	0.00519	0.00461
19	0.00680	0.00484	0.00641	0.00765	0.00796	0.00453	0.00507	0.00772	0.01051	0.01401	0.03003	0.77275	0.03601	0.04721	0.00787	0.00237	0.00329	0.01545	0.00507	0.00446
20	0.01298	0.07350	0.45852	0.03225	0.02384	0.08212	0.17504	0.04600	0.01285	0.01754	0.01007	0.01218	0.00743	0.00520	0.00542	0.00171	0.00835	0.00455	0.00261	0.00781
21	0.02037	0.04547	0.01680	0.01259	0.01689	0.04594	0.01039	0.65360	0.06949	0.03257	0.01347	0.01345	0.00970	0.00659	0.00545	0.00165	0.00613	0.00493	0.00533	0.00918
22	0.00682	0.00550	0.00609	0.00631	0.00781	0.00477	0.00466	0.00834	0.01265	0.01578	0.14000	0.18451	0.52442	0.01432	0.00667	0.00194	0.00293	0.03648	0.00526	0.00473
23	0.01875	0.02243	0.01706	0.01606	0.07693	0.55065	0.05779	0.04646	0.08841	0.01583	0.01037	0.01181	0.00838	0.00590	0.00559	0.00155	0.03163	0.00421	0.00319	0.00699
24	0.01996	0.01532	0.01563	0.01224	0.01622	0.06454	0.00993	0.64212	0.02391	0.03168	0.01337	0.01474	0.01007	0.05856	0.00694	0.00188	0.00622	0.00510	0.02283	0.00874
25	0.01421	0.01235	0.01289	0.01200	0.05383	0.08318	0.00897	0.08385	0.34127	0.04633	0.01928	0.02168	0.03988	0.00874	0.03530	0.00196	0.00554	0.06253	0.00475	0.13146
26	0.06919	0.63005	0.07985	0.01008	0.01485	0.06489	0.01007	0.01728	0.01157	0.03799	0.00835	0.00947	0.00724	0.00492	0.00382	0.00129	0.00618	0.00316	0.00260	0.00714
27	0.01547	0.01085	0.01437	0.01148	0.01490	0.01089	0.08723	0.24343	0.04260	0.13368	0.14166	0.09929	0.02072	0.00849	0.00611	0.00174	0.01652	0.03493	0.00524	0.08042

[dist]
# distance from previous block
# <min> <max>
0	1

[block]
# block no. 3 follows, 43 sequences, length 39
# corresponding to MSA columns:
# 193-231
name=unknown_D
#
# <colnr> <probs for GDERKNQSTAVLIFYWHMCP>
#	G	D	E	R	K	N	Q	S	T	A	V	L	I	F	Y	W	H	M	C	P
0	0.09433	0.04887	0.05322	0.18781	0.15647	0.06305	0.07989	0.08728	0.01341	0.08272	0.01126	0.01430	0.00874	0.00594	0.00610	0.00176	0.05523	0.01882	0.00336	0.00744
1	0.03141	0.01197	0.06624	0.12385	0.33561	0.02983	0.05164	0.01465	0.01161	0.01628	0.01383	0.05802	0.03047	0.02775	0.12737	0.00296	0.00791	0.02856	0.00300	0.00706
2	0.02069	0.02640	0.01569	0.01427	0.01712	0.78313	0.01070	0.02212	0.01569	0.01355	0.00856	0.00999	0.00713	0.00571	0.00499	0.00143	0.00999	0.00357	0.00285	0.00642
3	0.00793	0.00543	0.00639	0.00644	0.00665	0.00550	0.00390	0.00827	0.00844	0.01130	0.01918	0.06424	0.05019	0.64813	0.12076	0.00555	0.00636	0.00823	0.00345	0.00365
4	0.01032	0.00516	0.00516	0.00516	0.00645	0.00516	0.00387	0.01290	0.01161	0.02065	0.01807	0.02065	0.01420	0.00645	0.00387	0.00129	0.00258	0.00516	0.83611	0.00516
5	0.01787	0.07658	0.01583	0.01246	0.06000	0.01472	0.00954	0.46962	0.03953	0.06102	0.01467	0.05352	0.01197	0.07191	0.00722	0.00194	0.00565	0.00565	0.04203	0.00826
6	0.00717	0.00508	0.00670	0.00783	0.00824	0.00483	0.00541	0.00822	0.01058	0.01405	0.02887	0.62094	0.03414	0.10745	0.00956	0.00264	0.00370	0.10519	0.00493	0.00444
7	0.02271	0.01007	0.01290	0.01002	0.01410	0.00932	0.00823	0.13175	0.03088	0.59378	0.04996	0.02031	0.04505	0.00729	0.00564	0.00172	0.00475	0.00591	0.00654	0.00906
8	0.00930	0.00717	0.00819	0.00777	0.00958	0.00724	0.00594	0.02630	0.17683	0.02013	0.31758	0.03879	0.19070	0.04612	0.00719	0.00198	0.00337	0.05468	0.05526	0.00585
9	0.80961	0.01068	0.00824	0.00735	0.01075	0.01236	0.00604	0.03091	0.00981	0.02496	0.00805	0.00934	0.00625	0.00520	0.00348	0.00170	0.00428	0.00309	0.02186	0.00605
10	0.01369	0.01114	0.01189	0.01062	0.01342	0.01263	0.00822	0.11503	0.52913	0.02293	0.02116	0.03891	0.01712	0.08298	0.00778	0.00219	0.00462	0.03205	0.03651	0.00798
11	0.01123	0.00919	0.01082	0.00920	0.01199	0.02029	0.02618	0.07959	0.10431	0.03069	0.08831	0.11475	0.11531	0.05369	0.00743	0.00184	0.03528	0.03740	0.00455	0.22794
12	0.01209	0.08957	0.63845	0.01543	0.02301	0.01389	0.05139	0.06143	0.01258	0.01823	0.01002	0.01171	0.00723	0.00528	0.00520	0.00171	0.00793	0.00416	0.00255	0.00814
13	0.01157	0.07068	0.59783	0.06362	0.08412	0.01342	0.04872	0.01725	0.01176	0.01713	0.00989	0.01201	0.00724	0.00520	0.00525	0.00172	0.00792	0.00424	0.00240	0.00802
14	0.01189	0.01072	0.01725	0.52567	0.14019	0.01246	0.03298	0.08513	0.01291	0.01699	0.01185	0.01829	0.00976	0.00631	0.00572	0.00186	0.00701	0.06318	0.00302	0.00679
15	0.01444	0.01163	0.01697	0.38504	0.15365	0.01312	0.01354	0.20239	0.01562	0.06593	0.04511	0.01564	0.01050	0.00605	0.00557	0.00175	0.00655	0.00520	0.00371	0.00758
16	0.01102	0.00915	0.01185	0.01203	0.09238	0.00928	0.05221	0.01746	0.24658	0.05233	0.08900	0.03479	0.27215	0.01003	0.00618	0.00188	0.00431	0.05551	0.00505	0.00683
17	0.01002	0.00524	0.00758	0.00745	0.00764	0.00530	0.00505	0.03730	0.00805	0.01074	0.01023	0.03417	0.01021	0.01869	0.02067	0.78645	0.00483	0.00506	0.00259	0.00273
18	0.01298	0.01048	0.01072	0.04980	0.01311	0.10807	0.00784	0.08937	0.11158	0.07821	0.02118	0.21822	0.02129	0.12339	0.00932	0.00245	0.00539	0.09572	0.00470	0.00619
19	0.00878	0.00679	0.01002	0.00942	0.01043	0.00792	0.03474	0.01067	0.00920	0.01366	0.01445	0.02163	0.01353	0.09795	0.53733	0.00695	0.09284	0.00595	0.08272	0.00504
20	0.01301	0.01537	0.05590	0.02311	0.02879	0.01397	0.72791	0.01773	0.01303	0.01773	0.01116	0.01484	0.00836	0.00469	0.00650	0.00186	0.00930	0.00646	0.00279	0.00749
21	0.02107	0.00977	0.01249	0.01000	0.01377	0.00922	0.00818	0.09711	0.08806	0.52334	0.09589	0.02248	0.01817	0.00768	0.00575	0.00176	0.00462	0.03540	0.00646	0.00877
22	0.01210	0.01243	0.04483	0.31364	0.28244	0.01299	0.14045	0.01560	0.01170	0.01604	0.01011	0.01423	0.00807	0.00578	0.00685	0.02321	0.05454	0.00517	0.00261	0.00723
23	0.01297	0.01262	0.02197	0.18174	0.54444	0.01317	0.07515	0.01639	0.01222	0.01714	0.01027	0.01397	0.00842	0.00518	0.00596	0.00173	0.03085	0.00506	0.00268	0.00807
24	0.00702	0.00506	0.00672	0.00794	0.00846	0.00475	0.00560	0.00822	0.01097	0.01449	0.03150	0.67162	0.06843	0.01693	0.00712	0.00227	0.00344	0.10972	0.00514	0.00459
25	0.00736	0.00600	0.00658	0.00663	0.00826	0.00547	0.00489	0.01003	0.07361	0.01659	0.15687	0.17549	0.47505	0.01365	0.00656	0.00192	0.00297	0.01168	0.00533	0.00506
26	0.01763	0.01345	0.01491	0.07415	0.01743	0.01507	0.01003	0.48656	0.16483	0.02911	0.01597	0.01668	0.02771	0.03059	0.02356	0.00198	0.00591	0.00548	0.02038	0.00858
27	0.00680	0.00510	0.00632	0.00719	0.00798	0.00463	0.00500	0.00800	0.01143	0.01481	0.07390	0.55333	0.22583	0.01614	0.00692	0.00213	0.00312	0.03157	0.00519	0.00459
28	0.03751	0.00640	0.00667	0.00614	0.00795	0.00647	0.00475	0.06623	0.01290	0.08202	0.01772	0.01963	0.01357	0.00646	0.00411	0.00136	0.00305	0.00512	0.68611	0.00583
29	0.01421	0.01017	0.01138	0.00991	0.01234	0.01088	0.00768	0.37008	0.01817	0.02473	0.03435	0.24613	0.02037	0.07518	0.00780	0.00214	0.00481	0.04117	0.07159	0.00689
30	0.01122	0.00658	0.00780	0.00723	0.00825	0.00648	0.00481	0.06091	0.01095	0.12013	0.04053	0.10351	0.02067	0.50214	0.03314	0.00413	0.00511	0.00814	0.03341	0.00486
31	0.00822	0.00584	0.00649	0.00632	0.00812	0.00502	0.00471	0.00974	0.01293	0.07631	0.13324	0.12038	0.53484	0.03404	0.00708	0.00197	0.00304	0.01130	0.00534	0.00507
32	0.00675	0.00482	0.00643	0.00771	0.00803	0.00450	0.00514	0.00771	0.01060	0.01414	0.03053	0.80175	0.03663	0.01735	0.00707	0.00225	0.00321	0.01574	0.00514	0.00450
33	0.07129	0.01227	0.07358	0.01063	0.01469	0.01119	0.00928	0.19908	0.10006	0.29409	0.03921	0.02156	0.07375	0.00766	0.00559	0.00177	0.00507	0.03523	0.00560	0.00838
34	0.06191	0.04284	0.48427	0.07243	0.02215	0.07443	0.03304	0.03297	0.01220	0.01765	0.03843	0.01385	0.00930	0.00594	0.00579	0.00176	0.04132	0.01949	0.00274	0.00748
35	0.01006	0.00796	0.06888	0.07045	0.01129	0.00712	0.00678	0.03981	0.01113	0.01763	0.01596	0.02178	0.01376	0.13586	0.13266	0.00324	0.00594	0.00562	0.40874	0.00533
36	0.03202	0.51485	0.02417	0.05735	0.01644	0.09136	0.01009	0.16338	0.01457	0.01772	0.00902	0.01022	0.00757	0.00526	0.00420	0.00135	0.00639	0.00354	0.00307	0.00743
37	0.01285	0.01354	0.05477	0.07973	0.12943	0.12843	0.01144	0.04411	0.09844	0.01627	0.01334	0.01753	0.02237	0.02602	0.17695	0.00343	0.11872	0.02261	0.00326	0.00675
38	0.08356	0.01314	0.01397	0.03371	0.01543	0.03116	0.00932	0.44506	0.09286	0.02814	0.01423	0.03423	0.01112	0.02708	0.04920	0.00219	0.03073	0.00531	0.05147	0.00807

[dist]
# distance from previous block
# <min> <max>
4	18

[block]
# block no. 4 follows, 43 sequences, length 25
# corresponding to MSA columns:
# 250-274
name=unknown_E
#
# <colnr> <probs for GDERKNQSTAVLIFYWHMCP>
#	G	D	E	R	K	N	Q	S	T	A	V	L	I	F	Y	W	H	M	C	P
0	0.00956	0.00762	0.02153	0.00778	0.00975	0.02436	0.00605	0.04672	0.07463	0.04379	0.43116	0.07638	0.18234	0.01113	0.00631	0.00178	0.00334	0.00959	0.00563	0.02055
1	0.13345	0.05225	0.04572	0.00943	0.01250	0.04522	0.04165	0.07231	0.01377	0.09277	0.16092	0.11829	0.09649	0.00944	0.01724	0.00181	0.00478	0.00745	0.00463	0.05986
2	0.00802	0.00555	0.00713	0.00770	0.00866	0.00520	0.00551	0.00995	0.03539	0.04732	0.18268	0.48364	0.10448	0.01498	0.00684	0.00209	0.00325	0.05117	0.00542	0.00503
3	0.03676	0.01192	0.01248	0.01098	0.01417	0.03091	0.00860	0.09685	0.54832	0.08126	0.02110	0.05065	0.01616	0.00765	0.00556	0.00183	0.00461	0.00629	0.02541	0.00850
4	0.05870	0.02936	0.01412	0.01084	0.01482	0.01273	0.00891	0.34368	0.06634	0.28161	0.04798	0.01769	0.03179	0.00796	0.02611	0.00189	0.00544	0.00552	0.00577	0.00877
5	0.00741	0.00552	0.00698	0.00792	0.00865	0.00533	0.00553	0.00967	0.06872	0.01529	0.05828	0.62778	0.08770	0.01605	0.00693	0.00219	0.00334	0.04662	0.00521	0.00489
6	0.04949	0.00895	0.01174	0.00948	0.01309	0.00808	0.00764	0.04186	0.03436	0.58343	0.05625	0.11552	0.01799	0.00830	0.00573	0.00178	0.00444	0.00694	0.00643	0.00849
7	0.00849	0.00606	0.00842	0.00970	0.01078	0.00600	0.00817	0.01072	0.01232	0.01609	0.02956	0.21065	0.03283	0.01571	0.00753	0.00249	0.00472	0.58966	0.00511	0.00498
8	0.01056	0.00999	0.01663	0.74339	0.03667	0.01260	0.01518	0.01410	0.01091	0.01410	0.00968	0.01460	0.00738	0.00580	0.00633	0.00188	0.05669	0.00492	0.00246	0.00615
9	0.00698	0.00508	0.00632	0.00710	0.00768	0.00470	0.00475	0.00799	0.01091	0.01435	0.08534	0.52209	0.14713	0.13059	0.01001	0.00261	0.00342	0.01360	0.00495	0.00441
10	0.01301	0.00724	0.00930	0.00852	0.01065	0.00670	0.00652	0.06668	0.01435	0.21766	0.18151	0.28939	0.06065	0.01189	0.00636	0.00191	0.00379	0.04382	0.00576	0.03430
11	0.00752	0.00565	0.00696	0.00663	0.00808	0.00509	0.00497	0.00983	0.01492	0.02042	0.59229	0.04431	0.22898	0.01199	0.00654	0.00177	0.00266	0.01043	0.00586	0.00509
12	0.01381	0.00970	0.01092	0.00941	0.01202	0.02971	0.00748	0.22849	0.04782	0.09589	0.26611	0.05535	0.09687	0.02709	0.00665	0.00188	0.00438	0.06390	0.00565	0.00690
13	0.00675	0.00482	0.00643	0.00771	0.00803	0.00450	0.00514	0.00771	0.01060	0.01414	0.03053	0.80175	0.03663	0.01735	0.00707	0.00225	0.00321	0.01574	0.00514	0.00450
14	0.01407	0.01204	0.01269	0.01133	0.01451	0.01391	0.00884	0.05864	0.73112	0.02364	0.02217	0.02037	0.01660	0.00748	0.00563	0.00187	0.00445	0.00621	0.00563	0.00879
15	0.01481	0.80869	0.02902	0.00948	0.01421	0.02191	0.00948	0.01658	0.01125	0.01303	0.00770	0.00888	0.00711	0.00474	0.00355	0.00118	0.00592	0.00296	0.00237	0.00711
16	0.01116	0.00803	0.00965	0.03466	0.01153	0.00788	0.00666	0.11130	0.03070	0.04531	0.08864	0.25799	0.04043	0.02578	0.00649	0.00176	0.02841	0.00869	0.10754	0.15738
17	0.01432	0.01482	0.05196	0.06840	0.58109	0.07850	0.01607	0.05131	0.01325	0.01812	0.01025	0.01330	0.00848	0.00527	0.00583	0.00167	0.03138	0.00478	0.00284	0.00836
18	0.43057	0.01117	0.01060	0.00911	0.01254	0.01248	0.00735	0.12910	0.15523	0.09794	0.03248	0.04546	0.01170	0.00663	0.00459	0.00176	0.00453	0.00485	0.00463	0.00728
19	0.00962	0.00481	0.00722	0.00722	0.00722	0.00481	0.00481	0.00722	0.00722	0.00962	0.00962	0.01684	0.00962	0.01924	0.02165	0.83886	0.00481	0.00481	0.00241	0.00241
20	0.01412	0.01402	0.02186	0.05095	0.69968	0.06769	0.01651	0.01729	0.01279	0.01768	0.01027	0.01347	0.00862	0.00500	0.00545	0.00163	0.00684	0.00484	0.00274	0.00854
21	0.12466	0.01094	0.01137	0.01159	0.10094	0.06320	0.00800	0.18406	0.03159	0.02262	0.03762	0.02157	0.13195	0.00864	0.03164	0.00186	0.00509	0.00590	0.17998	0.00676
22	0.00904	0.00685	0.00735	0.00723	0.00868	0.03232	0.00518	0.03527	0.03950	0.05110	0.11554	0.21063	0.30079	0.13356	0.00978	0.00244	0.00377	0.01088	0.00501	0.00508
23	0.05409	0.04263	0.04596	0.03277	0.09687	0.08854	0.01072	0.18126	0.26529	0.02274	0.01501	0.03429	0.01178	0.00674	0.00584	0.00172	0.03806	0.00527	0.00439	0.03602
24	0.03837	0.21148	0.12468	0.01470	0.09075	0.16890	0.03677	0.16418	0.01540	0.03739	0.01010	0.01139	0.00794	0.00543	0.00482	0.00149	0.00711	0.00403	0.00331	0.04176

[dist]
# distance from previous block
# <min> <max>
0	5

[block]
# block no. 5 follows, 43 sequences, length 18
# corresponding to MSA columns:
# 280-297
name=unknown_F
#
# <colnr> <probs for GDERKNQSTAVLIFYWHMCP>
#	G	D	E	R	K	N	Q	S	T	A	V	L	I	F	Y	W	H	M	C	P
0	0.03842	0.10624	0.01700	0.10971	0.06226	0.39902	0.01112	0.07728	0.04284	0.01641	0.01044	0.01320	0.00870	0.00604	0.00521	0.00155	0.01975	0.02672	0.02125	0.00684
1	0.01011	0.00885	0.01210	0.05151	0.06587	0.03443	0.08940	0.02644	0.08758	0.01644	0.05427	0.16498	0.14601	0.12483	0.00957	0.00238	0.02324	0.00891	0.05731	0.00577
2	0.13847	0.01396	0.13696	0.24817	0.10438	0.01236	0.14278	0.01616	0.01150	0.04979	0.01100	0.03422	0.00876	0.02417	0.00618	0.00189	0.02415	0.00516	0.00295	0.00698
3	0.04569	0.41000	0.10167	0.01157	0.05634	0.04958	0.01046	0.05790	0.01317	0.10312	0.06203	0.01423	0.03129	0.00589	0.00452	0.00144	0.00588	0.00433	0.00345	0.00744
4	0.02252	0.00992	0.01280	0.01007	0.01409	0.00924	0.00823	0.06869	0.10921	0.60564	0.05364	0.01973	0.01552	0.00712	0.00562	0.00173	0.00466	0.00581	0.00659	0.00916
5	0.07013	0.41986	0.15652	0.01099	0.01540	0.06838	0.01105	0.01663	0.03642	0.01504	0.01011	0.05434	0.00929	0.02475	0.00577	0.00160	0.05977	0.00427	0.00276	0.00693
6	0.01552	0.00965	0.02398	0.03651	0.01358	0.02329	0.00819	0.08560	0.14977	0.24711	0.06445	0.13564	0.03278	0.03468	0.03286	0.00224	0.00505	0.06615	0.00553	0.00742
7	0.02161	0.01015	0.01284	0.01007	0.01397	0.00963	0.00823	0.15389	0.04979	0.51838	0.11202	0.02071	0.01782	0.00740	0.00569	0.00172	0.00469	0.00604	0.00648	0.00888
8	0.07445	0.00673	0.00830	0.00811	0.02647	0.00663	0.00598	0.01268	0.06547	0.04104	0.56679	0.06941	0.04295	0.01070	0.00624	0.00179	0.00311	0.03175	0.00573	0.00568
9	0.01356	0.03523	0.11973	0.12738	0.41139	0.06567	0.01553	0.06652	0.01327	0.01799	0.01138	0.05642	0.00978	0.00590	0.00547	0.00169	0.00690	0.00528	0.00297	0.00795
10	0.03575	0.28247	0.11490	0.10698	0.01857	0.15284	0.01162	0.04889	0.04750	0.01587	0.01211	0.01618	0.02693	0.00645	0.00517	0.00160	0.02495	0.06126	0.00306	0.00691
11	0.00682	0.00503	0.00635	0.00733	0.00797	0.00461	0.00501	0.00791	0.01108	0.01445	0.05265	0.61344	0.16896	0.03539	0.00748	0.00225	0.00322	0.03040	0.00512	0.00453
12	0.00707	0.00556	0.00639	0.00633	0.00784	0.00488	0.00469	0.00892	0.01366	0.01776	0.33524	0.11295	0.42249	0.01324	0.00659	0.00185	0.00276	0.01138	0.00552	0.00488
13	0.06823	0.03431	0.14844	0.10731	0.06926	0.01238	0.20992	0.06072	0.01234	0.01814	0.01153	0.04535	0.00948	0.00704	0.01829	0.03884	0.04084	0.00545	0.05134	0.03080
14	0.00838	0.00533	0.00636	0.00636	0.00652	0.00541	0.00385	0.00840	0.00824	0.01140	0.01632	0.03171	0.01796	0.59692	0.08655	0.10780	0.00589	0.00730	0.05580	0.00348
15	0.00821	0.00625	0.00766	0.00822	0.00962	0.00604	0.00658	0.01095	0.06117	0.01615	0.07089	0.12643	0.25163	0.06814	0.00848	0.00243	0.00408	0.31696	0.00508	0.00504
16	0.63257	0.01027	0.00891	0.00776	0.01114	0.01146	0.00634	0.03309	0.03361	0.12097	0.04053	0.01242	0.00953	0.00576	0.00395	0.00170	0.00425	0.00383	0.03538	0.00653
17	0.04181	0.01415	0.01500	0.01196	0.01601	0.03714	0.00973	0.46289	0.18573	0.12309	0.01611	0.01540	0.01144	0.00680	0.00549	0.00171	0.00561	0.00525	0.00559	0.00910

[dist]
# distance from previous block
# <min> <max>
0	1

[block]
# block no. 6 follows, 43 sequences, length 16
# corresponding to MSA columns:
# 299-314
name=unknown_G
#
# <colnr> <probs for GDERKNQSTAVLIFYWHMCP>
#	G	D	E	R	K	N	Q	S	T	A	V	L	I	F	Y	W	H	M	C	P
0	0.01438	0.01531	0.06611	0.08318	0.39422	0.09857	0.08504	0.08724	0.01393	0.01855	0.01132	0.04845	0.00962	0.00588	0.00587	0.00171	0.02421	0.00537	0.00308	0.00797
1	0.06243	0.01472	0.01580	0.01215	0.01654	0.01608	0.01003	0.64793	0.02412	0.07852	0.01342	0.01336	0.00947	0.00650	0.00539	0.00164	0.00586	0.00487	0.00544	0.03574
2	0.70685	0.03510	0.01030	0.02415	0.01232	0.01318	0.02386	0.06387	0.01065	0.02444	0.00818	0.00961	0.00637	0.00535	0.00410	0.00172	0.02690	0.00330	0.00347	0.00629
3	0.00848	0.00630	0.00766	0.00808	0.00912	0.00638	0.00578	0.03537	0.09900	0.01628	0.06203	0.41867	0.08578	0.08154	0.05761	0.00280	0.00437	0.04737	0.03220	0.00519
4	0.00793	0.00587	0.00859	0.00859	0.00947	0.00675	0.00653	0.00969	0.00881	0.01262	0.01512	0.02335	0.01454	0.12537	0.70053	0.00851	0.01380	0.00617	0.00301	0.00477
5	0.01367	0.01162	0.01176	0.04063	0.03692	0.12186	0.00832	0.18888	0.03812	0.04117	0.14801	0.10008	0.07665	0.01196	0.07016	0.00234	0.00607	0.02783	0.03736	0.00661
6	0.01803	0.01068	0.01198	0.00963	0.01293	0.01119	0.00782	0.34550	0.01884	0.18235	0.01662	0.01703	0.01195	0.00771	0.02920	0.00178	0.00497	0.00519	0.26867	0.00793
7	0.00864	0.00590	0.00697	0.00670	0.00837	0.00521	0.00502	0.01045	0.01359	0.08001	0.29026	0.09667	0.36190	0.04808	0.00749	0.00201	0.00310	0.02892	0.00553	0.00519
8	0.05739	0.01020	0.01628	0.62803	0.06346	0.01259	0.01442	0.01474	0.01099	0.03981	0.00993	0.01432	0.00756	0.00588	0.00646	0.00187	0.07222	0.00483	0.00267	0.00635
9	0.01361	0.01176	0.01782	0.44642	0.11434	0.04287	0.06715	0.07191	0.06241	0.07984	0.01204	0.01509	0.00890	0.00573	0.00559	0.00179	0.00702	0.00513	0.00333	0.00724
10	0.00793	0.00587	0.00858	0.00858	0.00945	0.00675	0.00652	0.00968	0.00881	0.01262	0.01513	0.02339	0.01456	0.12782	0.69811	0.00850	0.01377	0.00617	0.00301	0.00477
11	0.00695	0.00560	0.00612	0.00636	0.00787	0.00489	0.00476	0.00838	0.01225	0.01502	0.07340	0.12626	0.54777	0.06623	0.00813	0.00220	0.00324	0.08489	0.00505	0.00463
12	0.01221	0.06460	0.01280	0.01263	0.11680	0.05560	0.00868	0.12374	0.04673	0.01944	0.06614	0.13520	0.08329	0.01142	0.04695	0.00217	0.00543	0.08524	0.08439	0.00651
13	0.01461	0.01334	0.08073	0.13288	0.29837	0.02820	0.04350	0.04648	0.09144	0.11388	0.01345	0.01537	0.01014	0.00581	0.00571	0.00172	0.02263	0.00513	0.04852	0.00810
14	0.07734	0.00702	0.00766	0.00830	0.00900	0.05284	0.00581	0.00965	0.01047	0.01460	0.02453	0.54835	0.02870	0.07556	0.00926	0.03089	0.03931	0.03152	0.00451	0.00467
15	0.18868	0.27929	0.12133	0.01020	0.01425	0.07864	0.00970	0.04184	0.05894	0.01746	0.01098	0.04354	0.00978	0.05553	0.03718	0.00206	0.00635	0.00438	0.00314	0.00673

[dist]
# distance from previous block
# <min> <max>
1	20

[block]
# block no. 7 follows, 43 sequences, length 27
# corresponding to MSA columns:
# 335-361
name=unknown_H
#
# <colnr> <probs for GDERKNQSTAVLIFYWHMCP>
#	G	D	E	R	K	N	Q	S	T	A	V	L	I	F	Y	W	H	M	C	P
0	0.06914	0.01451	0.06711	0.01751	0.05380	0.03121	0.30902	0.12090	0.01420	0.08847	0.01202	0.03312	0.00932	0.00616	0.00733	0.00184	0.10464	0.00565	0.00359	0.03048
1	0.01541	0.01243	0.04167	0.05920	0.12795	0.01284	0.01074	0.07935	0.39972	0.12202	0.01833	0.01785	0.01351	0.00666	0.00552	0.00176	0.00517	0.00562	0.00498	0.03927
2	0.01488	0.59926	0.08437	0.01298	0.09852	0.05326	0.01123	0.04307	0.01215	0.01473	0.00841	0.00983	0.00737	0.00491	0.00403	0.00131	0.00635	0.00336	0.00254	0.00743
3	0.01417	0.56903	0.21920	0.01134	0.01686	0.05904	0.01234	0.01711	0.01160	0.01421	0.00832	0.00966	0.00709	0.00492	0.00406	0.00134	0.00671	0.00328	0.00239	0.00735
4	0.01256	0.02604	0.01871	0.18597	0.22080	0.05223	0.11690	0.04879	0.03679	0.01721	0.01497	0.05134	0.06215	0.00680	0.00653	0.00179	0.06136	0.00604	0.04596	0.00706
5	0.00761	0.00518	0.00617	0.00661	0.00672	0.00507	0.00396	0.00794	0.00892	0.01190	0.02191	0.29733	0.02576	0.53660	0.02099	0.00431	0.00463	0.01068	0.00396	0.00375
6	0.00712	0.00519	0.00657	0.00737	0.00799	0.00487	0.00500	0.00856	0.02697	0.01514	0.12371	0.56130	0.10323	0.07912	0.00861	0.00239	0.00330	0.01385	0.00513	0.00460
7	0.00673	0.00562	0.00587	0.00581	0.00760	0.00475	0.00435	0.00831	0.01306	0.01601	0.15897	0.05158	0.66505	0.01364	0.00654	0.00185	0.00278	0.01145	0.00528	0.00475
8	0.01350	0.01154	0.01218	0.01092	0.01399	0.01321	0.00850	0.05183	0.67966	0.02311	0.04200	0.02261	0.05645	0.00791	0.00570	0.00187	0.00432	0.00659	0.00562	0.00849
9	0.02310	0.00949	0.01259	0.00986	0.01391	0.00853	0.00807	0.02649	0.08363	0.67349	0.05442	0.02000	0.01568	0.00711	0.00562	0.00173	0.00459	0.00583	0.00671	0.00918
10	0.02080	0.01539	0.01648	0.01269	0.01708	0.01706	0.01046	0.72689	0.05192	0.03449	0.01362	0.01356	0.00968	0.00668	0.00554	0.00167	0.00603	0.00503	0.00554	0.00940
11	0.02176	0.00888	0.01184	0.00940	0.01318	0.00779	0.00764	0.02423	0.03791	0.63520	0.05725	0.05741	0.06566	0.00801	0.00574	0.00175	0.00442	0.00664	0.00660	0.00869
12	0.00705	0.00565	0.00632	0.00629	0.00793	0.00492	0.00477	0.00885	0.01347	0.01713	0.26126	0.06868	0.50395	0.01339	0.00661	0.00188	0.00288	0.04870	0.00542	0.00485
13	0.01415	0.01208	0.01274	0.01135	0.01454	0.01395	0.00886	0.06682	0.72281	0.02377	0.02206	0.02028	0.01652	0.00747	0.00563	0.00187	0.00447	0.00620	0.00563	0.00880
14	0.00706	0.00512	0.00671	0.00772	0.00835	0.00477	0.00545	0.00839	0.01150	0.01531	0.11264	0.59556	0.08951	0.01626	0.00703	0.00220	0.00330	0.08325	0.00524	0.00465
