[name]
unknown

[dist]
# distance from previous block
# <min> <max>
0	40

[block]
# block no. 0 follows, 45 sequences, length 67
# corresponding to MSA columns:
# 40-106
name=unknown_A
#
# <colnr> <probs for GDERKNQSTAVLIFYWHMCP>
#	G	D	E	R	K	N	Q	S	T	A	V	L	I	F	Y	W	H	M	C	P
0	0.08754	0.13820	0.05020	0.01084	0.03277	0.01263	0.02884	0.08319	0.09712	0.10077	0.01290	0.03221	0.01049	0.00721	0.02209	0.01814	0.07642	0.02175	0.01726	0.13945
1	0.12542	0.03083	0.10938	0.08463	0.03188	0.01207	0.03615	0.14044	0.04054	0.15093	0.03294	0.03383	0.01178	0.00676	0.00548	0.00180	0.00587	0.00516	0.00455	0.12958
2	0.06168	0.03749	0.21397	0.02777	0.05166	0.02705	0.07378	0.05456	0.03288	0.03575	0.04113	0.06035	0.01274	0.03429	0.00592	0.00169	0.00590	0.04780	0.00340	0.17017
3	0.06666	0.01307	0.18056	0.11878	0.03445	0.01000	0.01151	0.07001	0.03050	0.14624	0.03522	0.04174	0.01487	0.03041	0.00618	0.00191	0.00574	0.13986	0.00410	0.03819
4	0.09421	0.01100	0.01246	0.04196	0.01446	0.02546	0.02895	0.30440	0.03845	0.09456	0.01889	0.02427	0.06613	0.00808	0.00547	0.00176	0.00513	0.12559	0.07153	0.00724
5	0.00800	0.11141	0.08958	0.00836	0.01009	0.00740	0.00698	0.00959	0.01053	0.01389	0.02581	0.56666	0.06936	0.02825	0.00657	0.00203	0.00397	0.01214	0.00432	0.00505
6	0.01419	0.45919	0.14385	0.01110	0.01567	0.01727	0.03672	0.04658	0.03731	0.06924	0.00989	0.01144	0.00816	0.02047	0.02198	0.00165	0.06144	0.00380	0.00288	0.00719
7	0.03975	0.00950	0.04097	0.03970	0.01567	0.00924	0.18414	0.01341	0.01122	0.09663	0.03564	0.29733	0.01969	0.01176	0.04527	0.00231	0.09681	0.02096	0.00401	0.00599
8	0.00654	0.00467	0.00623	0.00747	0.00779	0.00436	0.00498	0.00747	0.01028	0.01370	0.02959	0.80785	0.03550	0.01682	0.00685	0.00218	0.00311	0.01526	0.00498	0.00436
9	0.01156	0.00979	0.01136	0.00815	0.01290	0.00759	0.00654	0.04766	0.01178	0.01824	0.00969	0.01121	0.00800	0.00409	0.00404	0.00083	0.00406	0.00326	0.00328	0.80597
10	0.01934	0.01158	0.01350	0.01062	0.01428	0.01204	0.00864	0.37458	0.04709	0.26325	0.03800	0.01687	0.03334	0.00775	0.00678	0.06240	0.02151	0.00532	0.00544	0.02765
11	0.02271	0.01052	0.04798	0.01008	0.01436	0.00898	0.00863	0.07879	0.05066	0.65761	0.02008	0.01765	0.01283	0.00659	0.00539	0.00167	0.00480	0.00532	0.00630	0.00905
12	0.00676	0.00490	0.00639	0.00719	0.00780	0.00453	0.00494	0.00808	0.01149	0.01548	0.19595	0.58998	0.08599	0.01532	0.00670	0.00205	0.00296	0.01378	0.00519	0.00453
13	0.00675	0.00495	0.00634	0.00713	0.00784	0.00455	0.00497	0.00805	0.01143	0.01519	0.15889	0.55571	0.13933	0.01534	0.00671	0.00205	0.00301	0.03211	0.00514	0.00452
14	0.04416	0.01130	0.08014	0.01116	0.01560	0.00912	0.08403	0.04840	0.01471	0.55548	0.01831	0.01693	0.01189	0.00623	0.00533	0.00166	0.00524	0.00526	0.04652	0.00855
15	0.01341	0.01133	0.01205	0.01072	0.01371	0.01297	0.00836	0.07611	0.66417	0.02315	0.07559	0.02100	0.01837	0.00749	0.00552	0.00180	0.00424	0.00625	0.00549	0.00829
16	0.00663	0.00545	0.00583	0.00573	0.00742	0.00465	0.00430	0.00825	0.01290	0.01608	0.21596	0.04907	0.61312	0.01301	0.00634	0.00178	0.00268	0.01097	0.00519	0.00465
17	0.00774	0.00565	0.00752	0.00858	0.00964	0.00544	0.00698	0.00962	0.01176	0.01518	0.03242	0.26754	0.13761	0.01521	0.00711	0.00230	0.00412	0.43590	0.00496	0.00472
18	0.01587	0.01222	0.01318	0.01112	0.01452	0.01366	0.00890	0.28742	0.41109	0.05832	0.03841	0.01996	0.03114	0.00744	0.00553	0.00176	0.00480	0.03075	0.00546	0.00846
19	0.01256	0.01251	0.03809	0.21962	0.56769	0.02398	0.01608	0.01588	0.01188	0.01652	0.00992	0.01344	0.00811	0.00494	0.00532	0.00164	0.00665	0.00474	0.00258	0.00783
20	0.00654	0.00467	0.00623	0.00747	0.00779	0.00436	0.00498	0.00747	0.01028	0.01370	0.02959	0.80785	0.03550	0.01682	0.00685	0.00218	0.00311	0.01526	0.00498	0.00436
21	0.01435	0.81458	0.02813	0.00918	0.01378	0.02124	0.00918	0.01607	0.01091	0.01263	0.00746	0.00861	0.00689	0.00459	0.00344	0.00115	0.00574	0.00287	0.00230	0.00689
22	0.00865	0.00595	0.00734	0.00681	0.00857	0.00525	0.00518	0.01077	0.01392	0.07385	0.44182	0.07797	0.22529	0.01130	0.00618	0.00171	0.00290	0.02762	0.00551	0.05342
23	0.07249	0.01025	0.01317	0.19284	0.01902	0.01036	0.00941	0.14434	0.01478	0.28100	0.01547	0.01582	0.03568	0.00602	0.00506	0.00155	0.00521	0.00485	0.00462	0.13805
24	0.02041	0.01504	0.01611	0.01235	0.01665	0.01665	0.01020	0.75997	0.02524	0.03383	0.01289	0.01289	0.00913	0.00644	0.00537	0.00161	0.00591	0.00483	0.00537	0.00913
25	0.00642	0.00515	0.00574	0.00621	0.00745	0.00447	0.00442	0.00762	0.01149	0.01420	0.04495	0.33923	0.49420	0.01482	0.00654	0.00195	0.00287	0.01282	0.00498	0.00447
26	0.00989	0.00594	0.00707	0.10235	0.01069	0.00624	0.00558	0.04121	0.01189	0.01919	0.06703	0.10708	0.01757	0.00762	0.00452	0.00146	0.00327	0.00640	0.55977	0.00521
27	0.01946	0.01266	0.01417	0.01117	0.01498	0.01352	0.00910	0.51616	0.04043	0.17529	0.01630	0.08491	0.01256	0.00742	0.00547	0.00167	0.00528	0.00590	0.02495	0.00859
28	0.01391	0.00672	0.00886	0.00806	0.01022	0.00597	0.00615	0.01556	0.01312	0.32879	0.11410	0.27915	0.10388	0.03124	0.00667	0.00196	0.00370	0.02983	0.00573	0.00640
29	0.04416	0.01013	0.01294	0.00995	0.01410	0.00942	0.00822	0.14570	0.01682	0.64053	0.01948	0.01715	0.01242	0.00657	0.00534	0.00165	0.00478	0.00524	0.00635	0.00905
30	0.01944	0.01091	0.01274	0.01010	0.01370	0.01113	0.00822	0.33134	0.03644	0.30919	0.04570	0.05316	0.01407	0.00716	0.00532	0.00163	0.00477	0.00575	0.09092	0.00833
31	0.01479	0.01082	0.01179	0.01030	0.01339	0.01204	0.00810	0.07252	0.55098	0.12077	0.03984	0.01986	0.01620	0.00717	0.00535	0.00174	0.00422	0.00592	0.06591	0.00828
32	0.01058	0.00555	0.00561	0.00541	0.00682	0.00564	0.00411	0.05358	0.01203	0.02077	0.01726	0.01962	0.01350	0.00626	0.00384	0.00127	0.00269	0.00499	0.79523	0.00523
33	0.01263	0.01157	0.01832	0.35374	0.27855	0.01288	0.04834	0.09043	0.08647	0.01799	0.01132	0.01439	0.00874	0.00543	0.00540	0.00171	0.00658	0.00498	0.00309	0.00743
34	0.05498	0.01036	0.01152	0.00969	0.01286	0.02434	0.00770	0.12826	0.25579	0.24068	0.03296	0.01929	0.02798	0.03534	0.03309	0.00203	0.00485	0.00563	0.07478	0.00788
35	0.00720	0.00496	0.00602	0.00659	0.00677	0.00480	0.00406	0.00765	0.00903	0.01200	0.02348	0.38989	0.04201	0.43092	0.01751	0.00375	0.00420	0.01130	0.00408	0.00379
36	0.01305	0.01369	0.01665	0.40480	0.11658	0.17204	0.01355	0.03394	0.01179	0.01442	0.00904	0.01280	0.00730	0.00599	0.00717	0.00177	0.13198	0.00449	0.00256	0.00638
37	0.06187	0.01238	0.01372	0.01095	0.01461	0.01343	0.00890	0.40146	0.13259	0.16847	0.05031	0.01658	0.01296	0.02951	0.00625	0.00178	0.02508	0.00533	0.00540	0.00843
38	0.01024	0.00530	0.00536	0.00525	0.00659	0.00533	0.00396	0.03344	0.01174	0.02044	0.03473	0.02027	0.01447	0.00637	0.00386	0.00127	0.00260	0.00511	0.79856	0.00512
39	0.02230	0.00891	0.01199	0.00936	0.01322	0.00784	0.00767	0.02487	0.04139	0.69015	0.08585	0.02020	0.01660	0.00704	0.00548	0.00167	0.00438	0.00579	0.00654	0.00876
40	0.01648	0.01388	0.07055	0.03948	0.03241	0.01391	0.04446	0.44476	0.07185	0.04298	0.01516	0.03287	0.03705	0.03498	0.02781	0.00198	0.02050	0.00551	0.02534	0.00805
41	0.01156	0.04820	0.01879	0.08204	0.01808	0.01478	0.14300	0.01402	0.03072	0.01395	0.00905	0.01340	0.00809	0.01077	0.08501	0.00272	0.46209	0.00504	0.00255	0.00614
42	0.01190	0.00738	0.00870	0.00791	0.01033	0.00702	0.00628	0.01604	0.14196	0.18860	0.13158	0.03822	0.30666	0.01075	0.00609	0.00183	0.00360	0.08324	0.00555	0.00635
43	0.00685	0.00499	0.00666	0.03474	0.00878	0.00474	0.00524	0.00785	0.01015	0.01357	0.02760	0.71131	0.03284	0.06840	0.00808	0.00233	0.00341	0.01413	0.00474	0.02359
44	0.01690	0.01256	0.01412	0.02308	0.04983	0.01396	0.00944	0.39885	0.20602	0.06197	0.01594	0.03785	0.01208	0.00694	0.00571	0.00168	0.03126	0.00546	0.06798	0.00835
45	0.00816	0.00587	0.00772	0.00706	0.00746	0.00581	0.05773	0.00848	0.00816	0.01090	0.01648	0.03364	0.01870	0.75314	0.02581	0.00496	0.00548	0.00770	0.00321	0.00354
46	0.00718	0.00554	0.00665	0.00730	0.00830	0.00526	0.00518	0.00955	0.07601	0.01501	0.06056	0.49327	0.22523	0.01490	0.00660	0.00205	0.00315	0.03840	0.00505	0.00480
47	0.07187	0.00980	0.01104	0.00811	0.01268	0.00799	0.00650	0.02791	0.04892	0.01851	0.01006	0.01143	0.00824	0.00426	0.00403	0.00092	0.00404	0.00333	0.00334	0.72701
48	0.01948	0.01762	0.01496	0.01243	0.01589	0.28235	0.00985	0.34606	0.08945	0.08232	0.01269	0.01296	0.00938	0.00630	0.00551	0.00157	0.02923	0.00452	0.01952	0.00790
49	0.00765	0.00524	0.00588	0.00586	0.00610	0.00513	0.00342	0.00791	0.00860	0.01136	0.05824	0.03698	0.09456	0.69402	0.02424	0.00470	0.00483	0.00824	0.00355	0.00347
50	0.01294	0.01210	0.01649	0.01397	0.01450	0.04231	0.02987	0.01427	0.00909	0.06849	0.00820	0.01221	0.00752	0.00894	0.01602	0.00225	0.69725	0.00475	0.00268	0.00615
51	0.00656	0.00475	0.00621	0.00731	0.00776	0.00440	0.00492	0.00759	0.01059	0.01404	0.05859	0.72680	0.08790	0.01638	0.00680	0.00214	0.00307	0.01478	0.00502	0.00440
52	0.00777	0.02591	0.00757	0.00760	0.00837	0.00580	0.00530	0.03991	0.01115	0.01501	0.09771	0.54682	0.05032	0.09753	0.00896	0.00236	0.02212	0.01261	0.00474	0.02244
53	0.02893	0.49863	0.25101	0.01136	0.01677	0.08437	0.01239	0.01680	0.01137	0.01418	0.00818	0.00951	0.00684	0.00483	0.00405	0.00134	0.00670	0.00325	0.00235	0.00712
54	0.00749	0.00650	0.02625	0.00679	0.00864	0.00563	0.00541	0.01039	0.06650	0.01735	0.26618	0.04557	0.43057	0.01223	0.00632	0.00182	0.00306	0.06298	0.00523	0.00509
55	0.02199	0.00985	0.01303	0.06677	0.01561	0.00930	0.00862	0.11507	0.03201	0.59928	0.03831	0.01791	0.01334	0.00665	0.00542	0.00167	0.00486	0.00541	0.00614	0.00879
56	0.01017	0.00811	0.00966	0.00806	0.01125	0.00672	0.00611	0.01300	0.06559	0.03749	0.01720	0.26844	0.01757	0.00842	0.00505	0.00134	0.00373	0.00734	0.00402	0.49074
57	0.01605	0.01456	0.09617	0.01164	0.01598	0.01389	0.01021	0.37655	0.21467	0.02647	0.01447	0.01454	0.01071	0.00697	0.02317	0.00173	0.00564	0.00487	0.00472	0.11700
58	0.03972	0.00830	0.00982	0.03064	0.01167	0.03902	0.00751	0.02834	0.02841	0.09388	0.04723	0.14085	0.15542	0.01124	0.00744	0.00195	0.09482	0.17305	0.00454	0.06614
59	0.03769	0.41232	0.25438	0.01213	0.03454	0.06265	0.02935	0.01743	0.01163	0.06999	0.00930	0.01044	0.00736	0.00496	0.00427	0.00141	0.00660	0.00354	0.00268	0.00734
60	0.00784	0.00591	0.00764	0.04408	0.01003	0.00599	0.00603	0.02725	0.07602	0.01550	0.08114	0.53910	0.04779	0.03155	0.03201	0.00236	0.00390	0.04603	0.00488	0.00497
61	0.00677	0.00493	0.00639	0.00723	0.00787	0.00455	0.00502	0.00807	0.01139	0.01524	0.16487	0.58190	0.10513	0.01543	0.00673	0.00207	0.00302	0.03374	0.00515	0.00452
62	0.03160	0.01147	0.09256	0.57699	0.07714	0.01175	0.01443	0.02797	0.02685	0.01548	0.02885	0.01473	0.00868	0.00552	0.00526	0.00174	0.00676	0.00480	0.03106	0.00637
63	0.04944	0.00957	0.01146	0.08730	0.01500	0.00797	0.00723	0.02807	0.01125	0.01764	0.01000	0.03087	0.00847	0.00452	0.00418	0.00098	0.00432	0.00366	0.00319	0.68485
64	0.00654	0.00467	0.00623	0.00747	0.00779	0.00436	0.00498	0.00747	0.01028	0.01370	0.02959	0.80785	0.03550	0.01682	0.00685	0.00218	0.00311	0.01526	0.00498	0.00436
65	0.00666	0.00477	0.00635	0.00757	0.00797	0.00447	0.00518	0.00769	0.01044	0.01386	0.03002	0.74931	0.05028	0.01664	0.00687	0.00219	0.00321	0.05714	0.00498	0.00440
66	0.01158	0.00902	0.01103	0.00824	0.01237	0.00705	0.02360	0.01374	0.01120	0.07189	0.01220	0.06499	0.01090	0.05881	0.00587	0.00126	0.00416	0.00451	0.00354	0.65403

[dist]
# distance from previous block
# <min> <max>
0	1

[block]
# block no. 1 follows, 45 sequences, length 67
# corresponding to MSA columns:
# 108,112-162,164-178
name=unknown_B
#
# <colnr> <probs for GDERKNQSTAVLIFYWHMCP>
#	G	D	E	R	K	N	Q	S	T	A	V	L	I	F	Y	W	H	M	C	P
0	0.09731	0.01040	0.01136	0.07591	0.01465	0.04888	0.00729	0.03460	0.01146	0.01790	0.01023	0.04574	0.00884	0.00490	0.00424	0.00108	0.00458	0.00387	0.00324	0.58350
1	0.02005	0.02558	0.01521	0.01383	0.01659	0.78980	0.01037	0.02143	0.01521	0.01314	0.00830	0.00968	0.00691	0.00553	0.00484	0.00138	0.00968	0.00346	0.00277	0.00622
2	0.01217	0.01026	0.01308	0.00962	0.01423	0.00856	0.06841	0.03271	0.08918	0.04666	0.01142	0.01262	0.00905	0.00451	0.00441	0.00103	0.00449	0.00385	0.00355	0.64019
3	0.01162	0.00851	0.01168	0.01074	0.03927	0.00945	0.04232	0.15814	0.01262	0.04135	0.01400	0.03500	0.01213	0.02301	0.37313	0.04272	0.05355	0.00557	0.08921	0.00598
4	0.00663	0.00475	0.00632	0.00754	0.00792	0.00444	0.00513	0.00764	0.01040	0.01382	0.02994	0.76315	0.04747	0.01668	0.00687	0.00219	0.00319	0.04656	0.00498	0.00439
5	0.01299	0.01247	0.05949	0.37647	0.08817	0.02738	0.05455	0.16150	0.06066	0.01868	0.01097	0.01406	0.00833	0.00623	0.00639	0.03417	0.03241	0.00488	0.00320	0.00699
6	0.01976	0.01470	0.01587	0.02986	0.01694	0.01634	0.01021	0.69966	0.06920	0.03270	0.01335	0.01335	0.00952	0.00647	0.00538	0.00163	0.00584	0.00491	0.00531	0.00902
7	0.00666	0.00480	0.00633	0.00747	0.00792	0.00447	0.00511	0.00773	0.01061	0.01408	0.05327	0.71645	0.06959	0.01640	0.00684	0.00216	0.00316	0.04753	0.00501	0.00442
8	0.01337	0.01235	0.01997	0.17365	0.53618	0.01312	0.01538	0.09190	0.01314	0.01834	0.01018	0.01339	0.00827	0.00521	0.00573	0.00166	0.03249	0.00478	0.00287	0.00800
9	0.00687	0.00500	0.00648	0.00707	0.00782	0.00461	0.00494	0.00837	0.01206	0.01635	0.27822	0.49377	0.09927	0.01463	0.00664	0.00199	0.00289	0.01311	0.00529	0.00461
10	0.01461	0.77916	0.02755	0.00939	0.01390	0.05574	0.00924	0.01631	0.01110	0.01265	0.00750	0.00866	0.00689	0.00463	0.00351	0.00116	0.00592	0.00290	0.00232	0.00686
11	0.01044	0.00513	0.00523	0.00514	0.00648	0.00509	0.00388	0.01293	0.01138	0.04339	0.01762	0.01996	0.01374	0.00627	0.00380	0.00126	0.00256	0.00502	0.81553	0.00513
12	0.24567	0.07815	0.01353	0.03954	0.03734	0.01293	0.00857	0.21911	0.05423	0.15600	0.01367	0.01578	0.01044	0.00638	0.00475	0.00166	0.00503	0.04886	0.02082	0.00753
13	0.01082	0.01054	0.01699	0.66097	0.09672	0.04189	0.04422	0.01428	0.01110	0.01415	0.00992	0.02715	0.00776	0.00548	0.00541	0.00176	0.00720	0.00496	0.00248	0.00621
14	0.00676	0.00483	0.00648	0.00772	0.00813	0.00455	0.00536	0.00785	0.01049	0.01394	0.02947	0.73140	0.03503	0.01661	0.00691	0.00221	0.00330	0.08958	0.00498	0.00442
15	0.08363	0.48649	0.11481	0.01066	0.01524	0.14731	0.01043	0.05037	0.01217	0.01513	0.00811	0.00932	0.00689	0.00493	0.00395	0.00132	0.00654	0.00319	0.00259	0.00692
16	0.01449	0.69706	0.05449	0.00978	0.01424	0.08353	0.00960	0.01636	0.01121	0.01283	0.00781	0.00916	0.00708	0.00573	0.02661	0.00141	0.00640	0.00304	0.00235	0.00681
17	0.10501	0.04006	0.01494	0.01123	0.01529	0.01492	0.00929	0.54973	0.02150	0.11979	0.01364	0.03706	0.01001	0.00657	0.00514	0.00162	0.00548	0.00495	0.00520	0.00857
18	0.02076	0.01119	0.01324	0.01028	0.01425	0.01115	0.00845	0.32627	0.01911	0.39537	0.02116	0.01947	0.08957	0.00727	0.00548	0.00166	0.00493	0.00577	0.00595	0.00866
19	0.00651	0.00532	0.00569	0.00584	0.00733	0.00457	0.00425	0.00784	0.01201	0.01473	0.09918	0.15976	0.59352	0.04037	0.00711	0.00197	0.00285	0.01167	0.00499	0.00450
20	0.13142	0.31283	0.12450	0.02918	0.05611	0.11822	0.04420	0.01709	0.01181	0.05184	0.03844	0.01148	0.00888	0.00520	0.00432	0.00143	0.00635	0.00379	0.00289	0.02001
21	0.00963	0.00703	0.00860	0.00838	0.02406	0.00764	0.00619	0.08670	0.01172	0.01685	0.03527	0.14744	0.12601	0.08079	0.14141	0.00321	0.08637	0.00789	0.17956	0.00524
22	0.00655	0.00477	0.00618	0.00730	0.00778	0.00440	0.00494	0.00755	0.01051	0.01382	0.03211	0.71950	0.11116	0.01646	0.00681	0.00215	0.00310	0.02554	0.00498	0.00439
23	0.01208	0.00696	0.00876	0.00825	0.01017	0.00667	0.00618	0.01566	0.12191	0.20825	0.15987	0.31759	0.07221	0.01168	0.00617	0.00189	0.00352	0.01026	0.00563	0.00628
24	0.01104	0.01087	0.01965	0.55202	0.14273	0.01233	0.14502	0.01472	0.01129	0.01488	0.00985	0.01419	0.00752	0.00514	0.00553	0.00176	0.00737	0.00505	0.00248	0.00655
25	0.01176	0.00993	0.01146	0.00829	0.01299	0.00789	0.00665	0.06042	0.02895	0.01862	0.01003	0.01144	0.00821	0.00420	0.00410	0.00087	0.00410	0.00335	0.00337	0.77337
26	0.19446	0.05011	0.01427	0.01079	0.01471	0.02614	0.00890	0.45622	0.08962	0.02863	0.01220	0.01252	0.00901	0.00662	0.01821	0.00171	0.00552	0.00440	0.00466	0.03129
27	0.00654	0.00467	0.00623	0.00747	0.00779	0.00436	0.00498	0.00747	0.01028	0.01370	0.02959	0.80785	0.03550	0.01682	0.00685	0.00218	0.00311	0.01526	0.00498	0.00436
28	0.01217	0.01245	0.01922	0.12211	0.03373	0.05116	0.17504	0.03897	0.01059	0.01477	0.00950	0.04234	0.00857	0.00830	0.02688	0.00219	0.39764	0.00542	0.00267	0.00628
29	0.01142	0.10318	0.60503	0.01421	0.02105	0.01355	0.01736	0.01795	0.08861	0.01699	0.01058	0.01197	0.00780	0.00541	0.00538	0.00168	0.03331	0.00410	0.00260	0.00782
30	0.00659	0.00482	0.00621	0.00724	0.00779	0.00444	0.00494	0.00766	0.01072	0.01410	0.05700	0.67634	0.12683	0.01619	0.00678	0.00212	0.00308	0.02772	0.00501	0.00441
31	0.01223	0.00787	0.00856	0.00766	0.00960	0.00846	0.00599	0.18644	0.05397	0.02232	0.03405	0.06176	0.01515	0.02426	0.03557	0.00184	0.02128	0.02304	0.45387	0.00609
32	0.00666	0.00475	0.00633	0.00755	0.00789	0.00446	0.00511	0.00765	0.01031	0.01373	0.02925	0.75682	0.03493	0.03470	0.00734	0.00226	0.00324	0.04771	0.00494	0.00436
33	0.01008	0.00916	0.01359	0.08035	0.01443	0.01164	0.04551	0.01121	0.00905	0.01302	0.01340	0.21457	0.01456	0.01164	0.01362	0.08831	0.41016	0.00746	0.00304	0.00520
34	0.10466	0.02361	0.01468	0.01375	0.04054	0.68515	0.01010	0.02070	0.01449	0.01440	0.00827	0.00970	0.00685	0.00545	0.00470	0.00142	0.00901	0.00344	0.00282	0.00625
35	0.01001	0.00500	0.00500	0.00500	0.00625	0.00500	0.00375	0.01251	0.01126	0.02001	0.01751	0.02001	0.01376	0.00625	0.00375	0.00125	0.00250	0.00500	0.84115	0.00500
36	0.06478	0.16196	0.07223	0.07596	0.04154	0.03656	0.02286	0.03059	0.03334	0.25971	0.02715	0.01491	0.01054	0.03601	0.00697	0.00178	0.08704	0.00467	0.00402	0.00739
37	0.06591	0.42011	0.02330	0.06896	0.04560	0.17690	0.08659	0.01706	0.01185	0.01416	0.00822	0.01007	0.00704	0.00495	0.00447	0.00138	0.02061	0.00359	0.00252	0.00670
38	0.00747	0.00519	0.00583	0.00595	0.00625	0.00502	0.00354	0.00776	0.00871	0.01134	0.02376	0.11107	0.13492	0.61568	0.02222	0.00441	0.00463	0.00905	0.00368	0.00355
39	0.02003	0.01485	0.01590	0.01227	0.01650	0.01647	0.01011	0.72070	0.06512	0.03322	0.01337	0.01327	0.00952	0.00649	0.00537	0.00162	0.00582	0.00490	0.00537	0.00909
40	0.73293	0.01043	0.00867	0.00752	0.01096	0.01179	0.00619	0.04550	0.01039	0.10195	0.00908	0.00986	0.00671	0.00521	0.00361	0.00166	0.00426	0.00324	0.00374	0.00628
41	0.01291	0.07759	0.01934	0.33431	0.34630	0.03665	0.01458	0.04014	0.01214	0.04138	0.01006	0.01335	0.00796	0.00514	0.00517	0.00163	0.00666	0.00460	0.00274	0.00733
42	0.00654	0.00469	0.00621	0.00743	0.00778	0.00436	0.00496	0.00748	0.01032	0.01372	0.03008	0.79289	0.05014	0.01675	0.00684	0.00217	0.00311	0.01518	0.00498	0.00436
43	0.00657	0.00475	0.00615	0.00725	0.00767	0.00441	0.00484	0.00751	0.01035	0.01365	0.03115	0.71718	0.09563	0.04600	0.00757	0.00226	0.00316	0.01466	0.00492	0.00433
44	0.01653	0.01171	0.01312	0.06912	0.01535	0.01289	0.00883	0.47923	0.01981	0.04344	0.01445	0.04592	0.01136	0.03138	0.03184	0.00192	0.00552	0.00539	0.15454	0.00766
45	0.09725	0.02200	0.51028	0.02913	0.02161	0.01240	0.10775	0.01745	0.04787	0.04100	0.01076	0.02455	0.00798	0.00544	0.00537	0.00174	0.02260	0.00450	0.00276	0.00756
46	0.00665	0.00524	0.00601	0.00626	0.00755	0.00459	0.00452	0.00814	0.01231	0.01572	0.19471	0.25328	0.42811	0.01393	0.00648	0.00189	0.00279	0.01206	0.00517	0.00459
47	0.72145	0.01050	0.00879	0.00759	0.01105	0.01186	0.00626	0.05581	0.01062	0.10209	0.00916	0.00992	0.00675	0.00523	0.00364	0.00166	0.00429	0.00326	0.00377	0.00633
48	0.14623	0.01153	0.03093	0.13780	0.03099	0.07312	0.06905	0.06423	0.03844	0.17328	0.01628	0.04740	0.03725	0.00732	0.00555	0.00179	0.01713	0.08062	0.00418	0.00687
49	0.01188	0.01111	0.01780	0.30450	0.20395	0.01244	0.08966	0.03160	0.15108	0.01701	0.01241	0.01542	0.00970	0.00714	0.03895	0.00204	0.03247	0.00522	0.01845	0.00715
50	0.01001	0.00500	0.00500	0.00500	0.00625	0.00500	0.00375	0.01251	0.01126	0.02001	0.01751	0.02001	0.01376	0.00625	0.00375	0.00125	0.00250	0.00500	0.84115	0.00500
51	0.04723	0.01226	0.01900	0.15068	0.37637	0.01286	0.06384	0.11714	0.04267	0.02854	0.01083	0.01346	0.00854	0.00523	0.00543	0.00162	0.01829	0.00478	0.00319	0.05803
52	0.01332	0.60323	0.04211	0.00982	0.01373	0.03233	0.03384	0.01511	0.01094	0.02509	0.01083	0.11707	0.01090	0.00648	0.00462	0.00138	0.03509	0.00480	0.00275	0.00657
53	0.00658	0.00472	0.00625	0.00740	0.00778	0.00439	0.00497	0.00758	0.01051	0.01403	0.05927	0.76188	0.05169	0.01652	0.00682	0.00215	0.00308	0.01496	0.00502	0.00439
54	0.01053	0.00994	0.01681	0.70357	0.12880	0.01203	0.01510	0.01406	0.01092	0.01419	0.00961	0.01418	0.00732	0.00529	0.00536	0.00176	0.00706	0.00477	0.00242	0.00628
55	0.01385	0.01020	0.01145	0.00962	0.01217	0.01094	0.00750	0.36218	0.05856	0.02518	0.20844	0.08811	0.02350	0.09967	0.03202	0.00230	0.00491	0.00735	0.00517	0.00688
56	0.00660	0.00474	0.00626	0.00737	0.00778	0.00441	0.00496	0.00763	0.01062	0.01418	0.07337	0.74139	0.05801	0.01639	0.00681	0.00214	0.00307	0.01482	0.00504	0.00441
57	0.01147	0.00811	0.00991	0.00899	0.01086	0.00898	0.00705	0.21908	0.01383	0.01971	0.01600	0.09912	0.01453	0.02317	0.36954	0.00487	0.00903	0.00635	0.13341	0.00599
58	0.00661	0.00478	0.00625	0.00729	0.00777	0.00442	0.00493	0.00769	0.01078	0.01435	0.08825	0.70181	0.08288	0.01617	0.00678	0.00212	0.00305	0.01459	0.00505	0.00442
59	0.38467	0.04689	0.09130	0.01045	0.01444	0.14756	0.00924	0.19988	0.01443	0.02343	0.00917	0.01017	0.00696	0.00543	0.00427	0.00158	0.00598	0.00358	0.00358	0.00696
60	0.01890	0.01392	0.01482	0.01170	0.01551	0.03219	0.00952	0.63770	0.02304	0.04865	0.01476	0.09438	0.01195	0.00749	0.00549	0.00166	0.00562	0.00588	0.01832	0.00851
61	0.09328	0.00570	0.00687	0.00710	0.00823	0.00552	0.00517	0.00964	0.01252	0.01841	0.36646	0.32900	0.06664	0.01278	0.00625	0.00190	0.00299	0.03146	0.00523	0.00485
62	0.08236	0.00893	0.01167	0.00919	0.01286	0.00810	0.00747	0.04378	0.01433	0.62689	0.01874	0.01723	0.01222	0.00775	0.00684	0.08781	0.00458	0.00513	0.00593	0.00820
63	0.01156	0.12012	0.59907	0.01433	0.02097	0.01383	0.01749	0.01665	0.01104	0.03132	0.00934	0.01119	0.00697	0.00551	0.00619	0.00170	0.08879	0.00394	0.00237	0.00762
64	0.01293	0.09552	0.04985	0.20820	0.38684	0.07705	0.03935	0.01604	0.01186	0.01560	0.00967	0.01293	0.00795	0.00595	0.02687	0.00178	0.00714	0.00452	0.00256	0.00738
65	0.01034	0.09142	0.01633	0.62963	0.03135	0.01210	0.01322	0.01347	0.01101	0.01412	0.07211	0.01590	0.01076	0.00614	0.00571	0.02633	0.00656	0.00498	0.00266	0.00588
66	0.61414	0.02723	0.00970	0.14938	0.01498	0.01166	0.00743	0.01491	0.00960	0.02134	0.02936	0.01105	0.00758	0.00568	0.00436	0.02922	0.00467	0.00353	0.01848	0.00571

[dist]
# distance from previous block
# <min> <max>
1	3

[block]
# block no. 2 follows, 45 sequences, length 50
# corresponding to MSA columns:
# 183-201,207-214,217-239
name=unknown_C
#
# <colnr> <probs for GDERKNQSTAVLIFYWHMCP>
#	G	D	E	R	K	N	Q	S	T	A	V	L	I	F	Y	W	H	M	C	P
0	0.01861	0.03614	0.01370	0.01050	0.01436	0.10133	0.00849	0.24181	0.04808	0.24440	0.04890	0.03771	0.01273	0.00650	0.00514	0.00149	0.00536	0.00509	0.00504	0.13462
1	0.00853	0.00674	0.00758	0.00717	0.00898	0.00647	0.00557	0.09563	0.01404	0.01800	0.17293	0.09337	0.43519	0.01248	0.00666	0.00185	0.02586	0.06263	0.00512	0.00522
2	0.02946	0.16523	0.01606	0.04461	0.01402	0.04838	0.03064	0.13258	0.02915	0.03794	0.02644	0.06420	0.01206	0.10051	0.01023	0.00213	0.18061	0.00549	0.04391	0.00634
3	0.00952	0.00739	0.00907	0.12351	0.01290	0.00773	0.00669	0.09719	0.04548	0.01730	0.16823	0.03415	0.18580	0.21594	0.01147	0.00265	0.00448	0.03088	0.00440	0.00523
4	0.03571	0.01286	0.01367	0.01097	0.01454	0.01424	0.00888	0.51795	0.13500	0.02945	0.01514	0.03552	0.01152	0.02056	0.00557	0.00168	0.00516	0.00532	0.09799	0.00828
5	0.01646	0.55721	0.05608	0.00980	0.01426	0.04298	0.00946	0.01843	0.01198	0.18218	0.01059	0.01097	0.00830	0.00522	0.00436	0.00132	0.02620	0.00354	0.00327	0.00738
6	0.00658	0.00469	0.00622	0.00743	0.00773	0.00438	0.00494	0.00748	0.01021	0.01361	0.02924	0.78650	0.03506	0.03877	0.00742	0.00226	0.00317	0.01505	0.00494	0.00433
7	0.01132	0.04162	0.60873	0.01804	0.12152	0.01278	0.07769	0.01693	0.01155	0.01699	0.00974	0.01178	0.00713	0.00500	0.00519	0.00168	0.00777	0.00424	0.00235	0.00793
8	0.01150	0.10156	0.35610	0.01449	0.05073	0.01174	0.11398	0.01585	0.01226	0.05248	0.10156	0.02093	0.01526	0.00684	0.00553	0.00174	0.00666	0.09037	0.00328	0.00713
9	0.00652	0.00476	0.00614	0.00724	0.00772	0.00438	0.00488	0.00750	0.01050	0.01380	0.03246	0.72028	0.12122	0.01644	0.00679	0.00214	0.00307	0.01480	0.00498	0.00438
10	0.00665	0.00475	0.00616	0.00724	0.00759	0.00444	0.00479	0.00751	0.01014	0.01344	0.02948	0.70714	0.06493	0.08782	0.00866	0.00244	0.00328	0.01443	0.00483	0.00427
11	0.15226	0.03709	0.01632	0.07943	0.01823	0.20482	0.12826	0.09481	0.14006	0.01949	0.01167	0.01308	0.00899	0.00572	0.00518	0.00163	0.02048	0.00457	0.03098	0.00694
12	0.75210	0.01028	0.00884	0.09870	0.01346	0.01203	0.00687	0.01554	0.00932	0.02288	0.00771	0.00937	0.00597	0.00503	0.00356	0.00168	0.00450	0.00312	0.00321	0.00583
13	0.01001	0.00500	0.00500	0.00500	0.00625	0.00500	0.00375	0.01251	0.01126	0.02001	0.01751	0.02001	0.01376	0.00625	0.00375	0.00125	0.00250	0.00500	0.84115	0.00500
14	0.11303	0.01249	0.01315	0.01090	0.01433	0.01407	0.00877	0.34887	0.26359	0.03910	0.01589	0.04869	0.01230	0.00705	0.00554	0.00172	0.02812	0.00544	0.01903	0.01793
15	0.01254	0.01462	0.08463	0.02037	0.11015	0.02874	0.38559	0.03610	0.01181	0.01651	0.01039	0.03800	0.00868	0.00617	0.00866	0.00190	0.18955	0.00578	0.00273	0.00707
16	0.00654	0.00467	0.00623	0.00747	0.00779	0.00436	0.00498	0.00747	0.01028	0.01370	0.02959	0.80785	0.03550	0.01682	0.00685	0.00218	0.00311	0.01526	0.00498	0.00436
17	0.01085	0.02727	0.75858	0.01588	0.04796	0.01248	0.01972	0.01698	0.01136	0.01702	0.00965	0.01140	0.00686	0.00509	0.00511	0.00170	0.00788	0.00399	0.00228	0.00795
18	0.01707	0.01261	0.05307	0.01097	0.01470	0.01267	0.00924	0.33750	0.18270	0.14570	0.11365	0.01884	0.01664	0.00780	0.02027	0.00181	0.00517	0.00579	0.00545	0.00833
19	0.00657	0.00469	0.00625	0.00745	0.00779	0.00438	0.00499	0.00755	0.01041	0.01391	0.04978	0.78705	0.03591	0.01666	0.00684	0.00217	0.00310	0.01511	0.00501	0.00438
20	0.01460	0.01129	0.01202	0.10618	0.01569	0.07656	0.00860	0.20405	0.12051	0.10066	0.03588	0.02429	0.15845	0.02529	0.00600	0.00177	0.00516	0.02630	0.03965	0.00705
21	0.00666	0.00477	0.00634	0.00739	0.00781	0.00444	0.00499	0.00778	0.01085	0.01461	0.11591	0.71894	0.03726	0.01614	0.00679	0.00212	0.00305	0.01462	0.00509	0.00444
22	0.01177	0.00771	0.02327	0.10105	0.01468	0.00753	0.00915	0.04499	0.01310	0.14610	0.02521	0.07661	0.05610	0.01186	0.00664	0.00217	0.00505	0.42614	0.00491	0.00595
23	0.00905	0.00626	0.00713	0.00689	0.00747	0.00639	0.00438	0.09491	0.01040	0.01392	0.03605	0.15874	0.02164	0.56999	0.02095	0.00421	0.00488	0.00872	0.00384	0.00416
24	0.01394	0.72347	0.11561	0.00989	0.01487	0.02022	0.01042	0.01618	0.01096	0.01314	0.00771	0.00893	0.00688	0.00465	0.00364	0.00121	0.00599	0.00300	0.00229	0.00701
25	0.00844	0.00612	0.00735	0.00709	0.00833	0.00598	0.00508	0.01165	0.10016	0.03556	0.37269	0.12616	0.10925	0.16027	0.01018	0.00243	0.00336	0.00963	0.00518	0.00509
26	0.02011	0.01489	0.01594	0.01229	0.01653	0.01651	0.01013	0.72886	0.05683	0.03335	0.01327	0.01319	0.00944	0.00648	0.00537	0.00162	0.00584	0.00489	0.00537	0.00910
27	0.00937	0.00867	0.07374	0.02106	0.04641	0.00751	0.00764	0.04394	0.10497	0.01720	0.04473	0.25592	0.10158	0.04833	0.00696	0.00205	0.00415	0.08861	0.10145	0.00571
28	0.00837	0.00572	0.00666	0.00647	0.00681	0.00589	0.00399	0.04286	0.00893	0.01205	0.04003	0.03279	0.01937	0.66871	0.10530	0.00529	0.00611	0.00751	0.00339	0.00374
29	0.04662	0.31826	0.01541	0.03059	0.01142	0.01166	0.00710	0.01214	0.01074	0.03629	0.01913	0.36411	0.03660	0.01044	0.00520	0.00168	0.00438	0.02132	0.00379	0.03311
30	0.03743	0.13110	0.01766	0.39970	0.02572	0.04385	0.01245	0.13285	0.01285	0.01692	0.00933	0.01256	0.00737	0.00595	0.00663	0.00172	0.11205	0.00438	0.00288	0.00660
31	0.10876	0.01022	0.01276	0.04424	0.01386	0.01140	0.00871	0.01442	0.03827	0.04822	0.00969	0.01247	0.00824	0.00859	0.05903	0.00205	0.28307	0.00411	0.00308	0.29881
32	0.10521	0.09104	0.04859	0.04659	0.08227	0.39529	0.01062	0.04006	0.01387	0.10435	0.01002	0.01114	0.00774	0.00545	0.00471	0.00148	0.00759	0.00380	0.00326	0.00692
33	0.00903	0.09054	0.00896	0.00689	0.00764	0.03010	0.00462	0.02224	0.00878	0.01141	0.01550	0.04079	0.01718	0.58896	0.11183	0.00496	0.00643	0.00698	0.00316	0.00401
34	0.25648	0.01009	0.01138	0.00898	0.01295	0.00987	0.00739	0.08896	0.02425	0.42315	0.01555	0.01449	0.01037	0.00593	0.00469	0.00158	0.00452	0.00446	0.00527	0.07964
35	0.01257	0.01166	0.05138	0.44963	0.02955	0.02823	0.14059	0.01597	0.01148	0.10328	0.01085	0.01433	0.00800	0.00575	0.00669	0.00182	0.08362	0.00504	0.00293	0.00663
36	0.00885	0.00576	0.00722	0.00687	0.00844	0.00516	0.00518	0.01087	0.01389	0.09465	0.42939	0.12958	0.21493	0.01191	0.00632	0.00179	0.00290	0.02539	0.00564	0.00526
37	0.00925	0.00528	0.00732	0.00701	0.00757	0.00499	0.00473	0.00785	0.00770	0.01057	0.01101	0.05175	0.01136	0.09965	0.01906	0.62240	0.00457	0.00527	0.00264	0.10000
38	0.14113	0.01024	0.01252	0.10092	0.01616	0.01041	0.00865	0.13340	0.04905	0.39157	0.01657	0.04005	0.01155	0.00650	0.00510	0.00167	0.00493	0.00516	0.00528	0.02913
39	0.01051	0.00839	0.00912	0.00891	0.01055	0.04052	0.00657	0.14971	0.10674	0.01858	0.02687	0.45332	0.09329	0.01294	0.00628	0.00197	0.00403	0.02082	0.00502	0.00585
40	0.02011	0.00826	0.01118	0.00888	0.01233	0.00721	0.00721	0.02230	0.01532	0.59847	0.20280	0.02353	0.02229	0.00769	0.00562	0.00167	0.00408	0.00644	0.00647	0.00815
41	0.02000	0.01386	0.01524	0.01163	0.01595	0.01478	0.00959	0.60816	0.02283	0.11896	0.01355	0.01335	0.00950	0.00625	0.00525	0.00154	0.00558	0.00475	0.00532	0.08389
42	0.01457	0.17060	0.26844	0.03818	0.05235	0.01410	0.06330	0.10468	0.07640	0.10774	0.01206	0.01291	0.00885	0.00545	0.00495	0.00157	0.00646	0.00440	0.00348	0.02951
43	0.14979	0.01283	0.01650	0.12552	0.33189	0.08339	0.01250	0.03708	0.07985	0.05920	0.01105	0.01317	0.00867	0.00547	0.00536	0.00166	0.03084	0.00450	0.00326	0.00748
44	0.00654	0.00469	0.00621	0.00742	0.00777	0.00436	0.00496	0.00748	0.01033	0.01372	0.03021	0.78880	0.05414	0.01674	0.00684	0.00217	0.00310	0.01516	0.00498	0.00436
45	0.01483	0.01291	0.01253	0.01104	0.01400	0.10259	0.00866	0.18310	0.39100	0.03215	0.04194	0.06790	0.03601	0.00806	0.00559	0.00177	0.00511	0.03795	0.00509	0.00777
46	0.01772	0.01189	0.01370	0.01099	0.01418	0.01310	0.00894	0.38735	0.06937	0.15561	0.04753	0.01685	0.01267	0.04222	0.02978	0.00205	0.08856	0.00537	0.04410	0.00801
47	0.00654	0.00467	0.00623	0.00747	0.00779	0.00436	0.00498	0.00747	0.01028	0.01370	0.02959	0.80785	0.03550	0.01682	0.00685	0.00218	0.00311	0.01526	0.00498	0.00436
48	0.01095	0.02633	0.70971	0.01621	0.05458	0.01262	0.04039	0.01687	0.01132	0.01692	0.00962	0.01151	0.00692	0.00519	0.00548	0.00172	0.02940	0.00409	0.00230	0.00788
49	0.00662	0.00540	0.00588	0.00610	0.00765	0.00466	0.00459	0.00808	0.01219	0.01495	0.09401	0.14479	0.58482	0.01392	0.00648	0.00190	0.00292	0.06543	0.00504	0.00457

[dist]
# distance from previous block
# <min> <max>
0	3

[block]
# block no. 3 follows, 45 sequences, length 19
# corresponding to MSA columns:
# 245-263
name=unknown_D
#
# <colnr> <probs for GDERKNQSTAVLIFYWHMCP>
#	G	D	E	R	K	N	Q	S	T	A	V	L	I	F	Y	W	H	M	C	P
0	0.84927	0.01038	0.00789	0.00706	0.01038	0.01204	0.00581	0.01578	0.00914	0.02408	0.00747	0.00872	0.00581	0.00498	0.00332	0.00166	0.00415	0.00291	0.00332	0.00581
1	0.00819	0.00639	0.00912	0.00884	0.00952	0.00765	0.00676	0.00970	0.00844	0.01218	0.01390	0.02225	0.01364	0.16294	0.57106	0.00730	0.10861	0.00596	0.00287	0.00467
2	0.00794	0.00576	0.00611	0.00584	0.00784	0.00484	0.00444	0.00940	0.01261	0.08177	0.07597	0.04835	0.68443	0.01290	0.00626	0.00180	0.00287	0.01076	0.00516	0.00495
3	0.01554	0.01137	0.01293	0.01005	0.01419	0.01100	0.00823	0.29280	0.05882	0.08569	0.01406	0.01718	0.01129	0.00624	0.00499	0.00137	0.00484	0.06867	0.00456	0.34617
4	0.01535	0.01315	0.07605	0.01161	0.01526	0.01276	0.03204	0.42989	0.04849	0.02604	0.01934	0.08758	0.06746	0.00884	0.00586	0.00181	0.00551	0.11036	0.00492	0.00765
5	0.08408	0.00936	0.02945	0.16917	0.01680	0.00980	0.03324	0.11711	0.08263	0.02088	0.25567	0.08561	0.04746	0.00854	0.00567	0.00175	0.00463	0.00735	0.00456	0.00625
6	0.00926	0.00843	0.07182	0.01042	0.01237	0.00736	0.00954	0.01322	0.08274	0.01674	0.02628	0.05278	0.02759	0.01334	0.00704	0.00235	0.00512	0.61332	0.00477	0.00552
7	0.01015	0.00594	0.00791	0.00779	0.00926	0.00545	0.00592	0.01208	0.01331	0.14635	0.31104	0.27149	0.05816	0.01256	0.00646	0.00193	0.00335	0.09974	0.00561	0.00551
8	0.01156	0.00966	0.01195	0.01339	0.14075	0.01040	0.00870	0.02011	0.38987	0.03870	0.05295	0.18322	0.06716	0.00934	0.00581	0.00185	0.00422	0.00819	0.00491	0.00729
9	0.01206	0.02250	0.52723	0.01601	0.05130	0.01277	0.08341	0.01746	0.03474	0.06485	0.01057	0.01244	0.00772	0.00569	0.00667	0.00178	0.09790	0.00445	0.00271	0.00775
10	0.00773	0.00570	0.00720	0.00794	0.00871	0.00564	0.00560	0.02801	0.07732	0.01564	0.08850	0.58775	0.03365	0.03925	0.00731	0.00220	0.00341	0.05851	0.00505	0.00490
11	0.00670	0.00477	0.00615	0.00718	0.00751	0.00448	0.00472	0.00753	0.01003	0.01330	0.02887	0.67634	0.06198	0.12187	0.00954	0.00257	0.00338	0.01412	0.00475	0.00422
12	0.01892	0.01545	0.01456	0.01197	0.01565	0.15534	0.00956	0.36359	0.21226	0.10390	0.01519	0.01468	0.01101	0.00651	0.00530	0.00163	0.00603	0.00496	0.00505	0.00844
13	0.01270	0.00936	0.01136	0.07771	0.01438	0.00877	0.00757	0.13224	0.04333	0.08716	0.08936	0.10557	0.04612	0.00733	0.00514	0.00141	0.00434	0.00618	0.00439	0.32560
14	0.01546	0.07819	0.01461	0.04297	0.08149	0.14248	0.00935	0.04272	0.25239	0.12283	0.06901	0.01740	0.02433	0.00651	0.00515	0.00157	0.00551	0.00523	0.00443	0.05835
15	0.03837	0.01055	0.12417	0.00917	0.01204	0.00824	0.00823	0.09450	0.05237	0.07937	0.25018	0.12974	0.07536	0.04025	0.00670	0.00190	0.00429	0.03216	0.00491	0.01750
16	0.28333	0.01500	0.24760	0.01078	0.01534	0.01064	0.04857	0.03803	0.01191	0.09038	0.08525	0.02902	0.04870	0.00674	0.00492	0.00173	0.00545	0.03611	0.00375	0.00675
17	0.04167	0.01049	0.01222	0.00962	0.01307	0.01034	0.02881	0.26000	0.03871	0.07613	0.08035	0.04870	0.01508	0.10238	0.00772	0.00187	0.00480	0.00564	0.00452	0.22787
18	0.08717	0.01165	0.01640	0.15729	0.04319	0.02808	0.10391	0.11408	0.03398	0.01825	0.01010	0.01326	0.00821	0.00853	0.06160	0.00223	0.17933	0.00470	0.00312	0.09492

[dist]
# distance from previous block
# <min> <max>
1	10

[block]
# block no. 4 follows, 45 sequences, length 47
# corresponding to MSA columns:
# 274-320
name=unknown_E
#
# <colnr> <probs for GDERKNQSTAVLIFYWHMCP>
#	G	D	E	R	K	N	Q	S	T	A	V	L	I	F	Y	W	H	M	C	P
0	0.04080	0.01035	0.01176	0.00878	0.01314	0.00906	0.00706	0.15998	0.01400	0.05758	0.01161	0.04226	0.00953	0.00515	0.00440	0.00109	0.00433	0.00410	0.02030	0.56471
1	0.01494	0.01148	0.01341	0.03634	0.01493	0.01200	0.02729	0.34373	0.09524	0.03772	0.09768	0.01775	0.02757	0.00920	0.06494	0.00204	0.00571	0.00542	0.00471	0.15790
2	0.00781	0.00584	0.00655	0.00612	0.00781	0.00507	0.00445	0.00930	0.01215	0.04067	0.20060	0.04217	0.40642	0.14703	0.00968	0.00228	0.00325	0.00957	0.00481	0.06842
3	0.00707	0.00490	0.00607	0.00679	0.00697	0.00472	0.00425	0.00761	0.00924	0.01232	0.02425	0.48273	0.02878	0.35112	0.01546	0.00345	0.00399	0.01212	0.00425	0.00389
4	0.01228	0.01169	0.01485	0.01086	0.01557	0.06792	0.12725	0.03299	0.01203	0.01751	0.00974	0.01160	0.00793	0.00424	0.00445	0.00102	0.00527	0.00375	0.00313	0.62591
5	0.19073	0.01707	0.01362	0.02584	0.01522	0.28159	0.00918	0.28299	0.01719	0.03825	0.01036	0.01130	0.00786	0.00586	0.00492	0.00155	0.02040	0.00397	0.03493	0.00718
6	0.00662	0.00511	0.00606	0.00654	0.00761	0.00454	0.00463	0.00798	0.01183	0.01524	0.15508	0.38392	0.33638	0.01461	0.00657	0.00196	0.00286	0.01281	0.00513	0.00454
7	0.01248	0.01568	0.10595	0.02025	0.02510	0.03969	0.55379	0.01661	0.01205	0.01646	0.01060	0.03075	0.00843	0.00545	0.00749	0.00186	0.10163	0.00600	0.00268	0.00705
8	0.01292	0.01258	0.02218	0.07205	0.63447	0.01261	0.09698	0.01625	0.01220	0.01725	0.01068	0.01484	0.00904	0.00508	0.00549	0.00165	0.00667	0.02624	0.00271	0.00813
9	0.00654	0.00467	0.00623	0.00747	0.00779	0.00436	0.00498	0.00747	0.01028	0.01370	0.02959	0.80785	0.03550	0.01682	0.00685	0.00218	0.00311	0.01526	0.00498	0.00436
10	0.03195	0.00775	0.00889	0.13400	0.01318	0.02484	0.00682	0.10940	0.02488	0.02054	0.07263	0.01915	0.01451	0.00734	0.01944	0.01812	0.00418	0.00524	0.45139	0.00574
11	0.00654	0.00467	0.00623	0.00747	0.00779	0.00436	0.00498	0.00747	0.01028	0.01370	0.02959	0.80785	0.03550	0.01682	0.00685	0.00218	0.00311	0.01526	0.00498	0.00436
12	0.04959	0.01357	0.01434	0.01138	0.01520	0.03819	0.00927	0.50789	0.11002	0.09067	0.07221	0.01597	0.01328	0.00682	0.00536	0.00164	0.00540	0.00528	0.00537	0.00853
13	0.00752	0.00542	0.00710	0.00681	0.00800	0.00501	0.00506	0.00993	0.01482	0.02093	0.71836	0.09847	0.04950	0.01142	0.00637	0.00173	0.00258	0.01013	0.00584	0.00501
14	0.01438	0.77818	0.04715	0.00944	0.01408	0.03690	0.00948	0.01621	0.01101	0.01275	0.00754	0.00870	0.00689	0.00462	0.00352	0.00117	0.00588	0.00291	0.00231	0.00690
15	0.00845	0.00634	0.00833	0.06777	0.01073	0.02621	0.00640	0.01025	0.00932	0.01335	0.01615	0.02343	0.04200	0.14945	0.45841	0.00615	0.01027	0.00604	0.11625	0.00470
16	0.00634	0.00544	0.00544	0.00544	0.00725	0.00453	0.00408	0.00770	0.01224	0.01450	0.05438	0.05166	0.77569	0.01359	0.00634	0.00181	0.00272	0.01133	0.00498	0.00453
17	0.01370	0.01170	0.01233	0.01099	0.01409	0.01351	0.00858	0.06465	0.73147	0.02302	0.02141	0.01967	0.01603	0.00724	0.00546	0.00181	0.00433	0.00601	0.00546	0.00853
18	0.01463	0.77561	0.02749	0.00941	0.01392	0.05920	0.00924	0.01634	0.01112	0.01265	0.00750	0.00866	0.00689	0.00464	0.00351	0.00116	0.00594	0.00290	0.00232	0.00686
19	0.01695	0.03144	0.01377	0.01105	0.01416	0.01221	0.02288	0.10687	0.27562	0.25671	0.04327	0.01790	0.01408	0.00805	0.02550	0.00195	0.10863	0.00558	0.00523	0.00816
20	0.00763	0.00546	0.00745	0.00846	0.00932	0.00528	0.00665	0.00948	0.01188	0.01583	0.12979	0.36691	0.03547	0.01513	0.00704	0.00225	0.00386	0.34231	0.00509	0.00472
21	0.00721	0.00549	0.00665	0.00642	0.00787	0.00492	0.00486	0.00935	0.01411	0.01900	0.50948	0.04464	0.29191	0.01198	0.00637	0.00176	0.00268	0.03485	0.00557	0.00488
22	0.38962	0.03470	0.04822	0.02757	0.11692	0.06325	0.00936	0.18279	0.01381	0.02370	0.00960	0.01097	0.00738	0.00537	0.00429	0.00160	0.00541	0.00379	0.03460	0.00704
23	0.01537	0.01095	0.01229	0.01082	0.02891	0.01187	0.00836	0.20197	0.33528	0.12614	0.02156	0.08081	0.05345	0.03139	0.00626	0.00188	0.00462	0.02468	0.00541	0.00799
24	0.00639	0.00540	0.00553	0.00558	0.00730	0.00454	0.00415	0.00776	0.01221	0.01465	0.07270	0.09070	0.71744	0.01369	0.00637	0.00183	0.00273	0.01149	0.00501	0.00454
25	0.02009	0.01411	0.01536	0.01193	0.01609	0.01546	0.00981	0.61611	0.09613	0.10720	0.01458	0.01411	0.01025	0.00654	0.00538	0.00164	0.00561	0.00501	0.00551	0.00907
26	0.02896	0.01322	0.03567	0.07284	0.33027	0.06899	0.05089	0.11033	0.09437	0.01952	0.04955	0.03615	0.03753	0.00633	0.00567	0.00167	0.02123	0.00557	0.00358	0.00767
27	0.27573	0.01293	0.01210	0.06985	0.01510	0.11849	0.00848	0.17695	0.05196	0.13350	0.01217	0.01294	0.00892	0.00726	0.03741	0.00191	0.00596	0.00423	0.02699	0.00714
28	0.00653	0.00470	0.00620	0.00739	0.00776	0.00437	0.00495	0.00748	0.01036	0.01373	0.03058	0.77762	0.06509	0.01669	0.00683	0.00217	0.00310	0.01510	0.00498	0.00437
29	0.01161	0.01039	0.01035	0.00877	0.01186	0.09899	0.00686	0.03940	0.10303	0.03334	0.13832	0.03928	0.11409	0.00785	0.00525	0.00142	0.00441	0.04860	0.00433	0.30186
30	0.01577	0.01162	0.01256	0.01044	0.01320	0.03349	0.00825	0.43584	0.01882	0.03988	0.01628	0.15537	0.01482	0.06146	0.00752	0.00195	0.04442	0.00685	0.08420	0.00727
31	0.00654	0.00467	0.00623	0.00747	0.00779	0.00436	0.00498	0.00747	0.01028	0.01370	0.02959	0.80785	0.03550	0.01682	0.00685	0.00218	0.00311	0.01526	0.00498	0.00436
32	0.01195	0.01014	0.01078	0.00986	0.01251	0.01137	0.00760	0.04479	0.56806	0.02105	0.04851	0.08445	0.11804	0.00892	0.00571	0.00184	0.00396	0.00753	0.00537	0.00758
33	0.01216	0.12138	0.07612	0.01333	0.01470	0.01653	0.01183	0.03515	0.00932	0.01378	0.00766	0.01157	0.00724	0.00916	0.03494	0.00228	0.58974	0.00443	0.00244	0.00623
