[name]
unknown

[dist]
# distance from previous block
# <min> <max>
1	89

[block]
# block no. 0 follows, 45 sequences, length 17
# corresponding to MSA columns:
# 114-130
name=unknown_A
#
# <colnr> <probs for GDERKNQSTAVLIFYWHMCP>
#	G	D	E	R	K	N	Q	S	T	A	V	L	I	F	Y	W	H	M	C	P
0	0.01248	0.02381	0.06707	0.04169	0.06101	0.01007	0.10260	0.12991	0.05028	0.07137	0.06717	0.13910	0.04617	0.04782	0.00686	0.00192	0.00537	0.04762	0.00428	0.06340
1	0.03179	0.09550	0.12382	0.01398	0.06233	0.06397	0.12769	0.08632	0.02876	0.13152	0.05647	0.01717	0.01240	0.00613	0.00526	0.00159	0.00626	0.04531	0.00385	0.07988
2	0.06990	0.12187	0.17148	0.03975	0.01972	0.05369	0.20648	0.02954	0.06325	0.08315	0.01235	0.05250	0.00991	0.00653	0.02030	0.00181	0.02203	0.00525	0.00328	0.00720
3	0.08954	0.21895	0.34551	0.01305	0.04240	0.04935	0.03725	0.01613	0.01142	0.01656	0.06669	0.01270	0.01016	0.00560	0.00524	0.00157	0.04395	0.00414	0.00270	0.00708
4	0.09334	0.07494	0.34096	0.05782	0.04889	0.08923	0.11593	0.01657	0.01174	0.01706	0.03602	0.01284	0.00885	0.00581	0.01710	0.00173	0.00736	0.00440	0.03235	0.00705
5	0.01144	0.12396	0.60701	0.01575	0.05243	0.01364	0.06984	0.01688	0.01141	0.01649	0.00947	0.01129	0.00697	0.00498	0.00499	0.00163	0.00768	0.00403	0.00232	0.00778
6	0.01095	0.01074	0.01421	0.01244	0.01279	0.03844	0.01018	0.01219	0.00881	0.01291	0.01222	0.01693	0.07222	0.04301	0.10362	0.00309	0.59158	0.00544	0.00267	0.00555
7	0.00699	0.00587	0.00619	0.00607	0.00788	0.00527	0.00459	0.00942	0.06346	0.01558	0.11558	0.04710	0.62436	0.01413	0.04164	0.00211	0.00333	0.01057	0.00501	0.00486
8	0.00781	0.00520	0.00585	0.00585	0.00585	0.00520	0.00325	0.00781	0.00781	0.01041	0.01691	0.03513	0.01952	0.81135	0.02732	0.00520	0.00520	0.00781	0.00325	0.00325
9	0.04855	0.01100	0.05791	0.59084	0.08721	0.01215	0.01429	0.01556	0.08082	0.01545	0.01063	0.01435	0.00803	0.00547	0.00526	0.00177	0.00674	0.00476	0.00273	0.00648
10	0.02041	0.01504	0.01611	0.01235	0.01665	0.01665	0.01020	0.75997	0.02524	0.03383	0.01289	0.01289	0.00913	0.00644	0.00537	0.00161	0.00591	0.00483	0.00537	0.00913
11	0.01138	0.01107	0.01952	0.34665	0.23722	0.01199	0.14690	0.01549	0.05430	0.01589	0.01207	0.07136	0.01026	0.00599	0.00564	0.00177	0.00682	0.00588	0.00288	0.00692
12	0.00804	0.00570	0.00776	0.00791	0.00854	0.00623	0.00573	0.00930	0.00911	0.02717	0.01867	0.20638	0.01999	0.20273	0.34473	0.00557	0.04490	0.02465	0.03240	0.00449
13	0.01275	0.01045	0.01266	0.00969	0.03654	0.00871	0.02737	0.10774	0.01309	0.04041	0.01033	0.01170	0.00827	0.00440	0.00429	0.00097	0.00444	0.00358	0.00352	0.66908
14	0.01685	0.01092	0.04299	0.00959	0.01394	0.00928	0.00806	0.16158	0.01519	0.26850	0.01510	0.05886	0.01142	0.00609	0.00491	0.00135	0.00465	0.00493	0.00479	0.33100
15	0.00942	0.00688	0.00807	0.00745	0.00897	0.04973	0.00565	0.01182	0.01485	0.07196	0.63893	0.03586	0.04361	0.01198	0.04920	0.00205	0.00372	0.00885	0.00561	0.00539
16	0.01323	0.02474	0.03030	0.01107	0.01540	0.01052	0.09435	0.09665	0.07908	0.05663	0.01149	0.01284	0.00899	0.00515	0.00561	0.00127	0.06320	0.00421	0.00364	0.45164

[dist]
# distance from previous block
# <min> <max>
3	7

[block]
# block no. 1 follows, 45 sequences, length 24
# corresponding to MSA columns:
# 138-161
name=unknown_B
#
# <colnr> <probs for GDERKNQSTAVLIFYWHMCP>
#	G	D	E	R	K	N	Q	S	T	A	V	L	I	F	Y	W	H	M	C	P
0	0.00800	0.00557	0.00733	0.00769	0.00874	0.00527	0.00577	0.02485	0.01301	0.03612	0.32122	0.33269	0.05586	0.01368	0.00666	0.00200	0.00327	0.13193	0.00539	0.00495
1	0.01329	0.01136	0.01202	0.01083	0.01379	0.01309	0.00841	0.04970	0.71544	0.02245	0.02189	0.05137	0.01693	0.00764	0.00551	0.00183	0.00425	0.00640	0.00544	0.00835
2	0.00665	0.00483	0.00628	0.00722	0.00777	0.00446	0.00492	0.00781	0.01102	0.01470	0.12042	0.65428	0.09810	0.01586	0.00675	0.00209	0.00301	0.01428	0.00509	0.00446
3	0.01119	0.00975	0.01163	0.00853	0.01285	0.00803	0.00687	0.01346	0.01086	0.01706	0.00931	0.01119	0.00787	0.00448	0.00525	0.00094	0.07873	0.00332	0.00310	0.76560
4	0.09085	0.27991	0.39504	0.01305	0.01918	0.03168	0.06894	0.01669	0.01117	0.01618	0.00879	0.01040	0.00684	0.00489	0.00448	0.00152	0.00699	0.00367	0.00242	0.00731
5	0.00778	0.00531	0.00637	0.00637	0.00655	0.00548	0.00390	0.00814	0.00796	0.01079	0.01644	0.03251	0.01838	0.66754	0.16958	0.00584	0.00692	0.00742	0.00318	0.00354
6	0.00760	0.00549	0.00718	0.00675	0.00802	0.00506	0.00506	0.01013	0.01519	0.02153	0.77503	0.04010	0.05065	0.01097	0.00633	0.00169	0.00253	0.00971	0.00591	0.00506
7	0.00668	0.00475	0.00628	0.00745	0.00778	0.00446	0.00499	0.00760	0.01020	0.01358	0.02882	0.74028	0.03444	0.06284	0.00806	0.00236	0.00329	0.03695	0.00488	0.00431
8	0.03217	0.13803	0.07950	0.01704	0.06125	0.01509	0.28303	0.05927	0.01209	0.05930	0.00998	0.01267	0.00792	0.00590	0.00805	0.00178	0.18185	0.00497	0.00292	0.00719
9	0.32375	0.21557	0.05772	0.01026	0.01397	0.27025	0.00891	0.01778	0.01169	0.01726	0.00786	0.00915	0.00650	0.00507	0.00395	0.00144	0.00657	0.00314	0.00283	0.00633
10	0.01684	0.00751	0.01002	0.00826	0.01115	0.00663	0.00659	0.01881	0.01455	0.44873	0.23647	0.02755	0.09514	0.00971	0.02358	0.03405	0.00404	0.00715	0.00603	0.00720
11	0.01077	0.02777	0.78354	0.01530	0.02323	0.01247	0.01983	0.01700	0.01133	0.01700	0.00963	0.01133	0.00680	0.00510	0.00510	0.00170	0.00793	0.00397	0.00227	0.00793
12	0.02849	0.08553	0.07581	0.01090	0.04222	0.00978	0.04118	0.11891	0.01343	0.12573	0.01982	0.34272	0.02009	0.01025	0.00575	0.00180	0.00478	0.00896	0.00453	0.02933
13	0.00796	0.04111	0.00940	0.00858	0.00967	0.00730	0.00672	0.00982	0.00870	0.01241	0.01414	0.02093	0.01330	0.05978	0.73482	0.00821	0.01375	0.00568	0.00286	0.00484
14	0.04966	0.00959	0.04058	0.00949	0.01277	0.00868	0.00777	0.07095	0.09895	0.41683	0.02105	0.15943	0.01707	0.04360	0.00653	0.00192	0.00450	0.00716	0.00569	0.00778
15	0.01315	0.47509	0.26051	0.01166	0.01681	0.03825	0.01275	0.01621	0.01090	0.01402	0.00812	0.00978	0.00688	0.00522	0.00532	0.00144	0.08111	0.00340	0.00230	0.00710
16	0.01380	0.01449	0.01885	0.24219	0.41526	0.17206	0.01478	0.01672	0.01242	0.01557	0.00957	0.01283	0.00780	0.00510	0.00523	0.00161	0.00727	0.00451	0.00260	0.00733
17	0.00757	0.00559	0.00711	0.00688	0.00817	0.00520	0.00517	0.01018	0.03248	0.02014	0.61037	0.09773	0.11603	0.01169	0.00639	0.00176	0.00271	0.03408	0.00571	0.00504
18	0.02408	0.00914	0.01246	0.00955	0.01370	0.00789	0.00789	0.02616	0.01536	0.78158	0.02118	0.01827	0.01329	0.00664	0.00540	0.00166	0.00457	0.00540	0.00664	0.00914
19	0.00726	0.00513	0.00594	0.00620	0.00664	0.00489	0.00388	0.00783	0.00949	0.01241	0.06346	0.21710	0.15209	0.45363	0.01802	0.00376	0.00417	0.01022	0.00408	0.00381
20	0.00743	0.00548	0.00694	0.00658	0.00792	0.00499	0.00493	0.00981	0.01480	0.02059	0.67862	0.04164	0.14765	0.01132	0.00633	0.00170	0.00256	0.00992	0.00579	0.00499
21	0.01253	0.41375	0.41296	0.01230	0.01859	0.01677	0.01461	0.01655	0.01112	0.01486	0.00857	0.01000	0.00684	0.00485	0.00429	0.00143	0.00686	0.00343	0.00228	0.00742
22	0.02241	0.01038	0.01308	0.01010	0.01423	0.00980	0.00831	0.16162	0.06073	0.57759	0.01935	0.01717	0.01255	0.00657	0.00536	0.00164	0.00478	0.00527	0.00624	0.03283
23	0.01415	0.00947	0.02549	0.00928	0.01208	0.00937	0.00754	0.17860	0.11723	0.15872	0.28043	0.02849	0.05573	0.02302	0.00624	0.00179	0.00414	0.04543	0.00566	0.00713

[dist]
# distance from previous block
# <min> <max>
0	1

[block]
# block no. 2 follows, 45 sequences, length 21
# corresponding to MSA columns:
# 163-183
name=unknown_C
#
# <colnr> <probs for GDERKNQSTAVLIFYWHMCP>
#	G	D	E	R	K	N	Q	S	T	A	V	L	I	F	Y	W	H	M	C	P
0	0.16280	0.12158	0.01426	0.01040	0.01382	0.07412	0.00846	0.11136	0.38484	0.02206	0.01525	0.01483	0.01164	0.00628	0.00475	0.00164	0.00505	0.00473	0.00444	0.00770
1	0.81718	0.01047	0.00842	0.00805	0.03984	0.01207	0.00622	0.01581	0.00925	0.02383	0.00757	0.00890	0.00592	0.00498	0.00340	0.00166	0.00424	0.00298	0.00330	0.00592
2	0.01251	0.01171	0.02005	0.27178	0.51226	0.01241	0.03350	0.01583	0.01183	0.03219	0.01017	0.01374	0.00817	0.00500	0.00536	0.00166	0.00665	0.00483	0.00266	0.00769
3	0.11707	0.01554	0.18274	0.01330	0.03325	0.01286	0.09100	0.20371	0.01519	0.16060	0.01244	0.01331	0.00883	0.00599	0.00607	0.00171	0.06715	0.00467	0.02669	0.00790
4	0.00764	0.00562	0.00785	0.00780	0.00875	0.00615	0.00589	0.00940	0.00969	0.01372	0.11811	0.02707	0.06753	0.11827	0.53674	0.00675	0.01082	0.00684	0.02071	0.00465
5	0.01362	0.01167	0.01229	0.01098	0.01406	0.01348	0.00856	0.05655	0.73970	0.02289	0.02150	0.01975	0.01611	0.00725	0.00546	0.00181	0.00431	0.00602	0.00546	0.00852
6	0.00767	0.00575	0.00863	0.00863	0.00959	0.00671	0.00671	0.00959	0.00863	0.01246	0.01438	0.02109	0.01342	0.04026	0.79008	0.00863	0.01438	0.00575	0.00288	0.00479
7	0.45731	0.01077	0.01154	0.21915	0.01858	0.01245	0.00900	0.12443	0.01227	0.06595	0.00960	0.01137	0.00708	0.00539	0.00428	0.00169	0.00523	0.00383	0.00356	0.00653
8	0.01187	0.13485	0.44267	0.01672	0.02340	0.01405	0.24826	0.01693	0.01169	0.01644	0.00971	0.01193	0.00723	0.00485	0.00525	0.00166	0.00797	0.00455	0.00241	0.00757
9	0.00752	0.00540	0.00703	0.00686	0.00794	0.00502	0.00504	0.00971	0.01410	0.01980	0.62324	0.12697	0.04646	0.06150	0.00772	0.00198	0.00283	0.03037	0.00561	0.00487
10	0.01273	0.00954	0.05165	0.06090	0.08154	0.00859	0.06608	0.04633	0.05286	0.16368	0.30835	0.05633	0.02702	0.00825	0.00583	0.00171	0.00456	0.00736	0.01987	0.00681
11	0.01023	0.06416	0.01632	0.66330	0.05316	0.01200	0.01380	0.01347	0.01075	0.01374	0.01095	0.07474	0.00935	0.00618	0.00535	0.00177	0.00673	0.00545	0.00259	0.00597
12	0.09423	0.50935	0.07399	0.00904	0.01283	0.01615	0.00870	0.01429	0.01063	0.01428	0.01231	0.17833	0.01285	0.00726	0.00427	0.00146	0.00518	0.00558	0.00296	0.00632
13	0.01008	0.00827	0.00923	0.00850	0.01066	0.00882	0.00651	0.01829	0.36260	0.02099	0.32848	0.03241	0.13407	0.00963	0.00593	0.00177	0.00335	0.00825	0.00558	0.00658
14	0.04471	0.05480	0.07354	0.30443	0.22784	0.02689	0.01384	0.02997	0.01196	0.09927	0.01131	0.01493	0.00883	0.00569	0.00554	0.00170	0.02795	0.02652	0.00308	0.00721
15	0.01253	0.06785	0.01673	0.57820	0.03107	0.17755	0.01356	0.01551	0.01170	0.01352	0.00914	0.01294	0.00709	0.00535	0.00512	0.00166	0.00759	0.00436	0.00246	0.00608
16	0.00900	0.00630	0.00707	0.00671	0.00743	0.00636	0.00432	0.09189	0.01072	0.01425	0.06733	0.08665	0.07936	0.55666	0.02057	0.00412	0.00478	0.00837	0.00390	0.00419
17	0.11681	0.01061	0.01381	0.01064	0.01472	0.01030	0.06548	0.14496	0.03415	0.47442	0.01737	0.01608	0.01144	0.00626	0.00519	0.00166	0.00502	0.00510	0.02749	0.00848
18	0.01560	0.01242	0.01858	0.13230	0.46165	0.06460	0.01402	0.01849	0.01289	0.17877	0.01225	0.01424	0.00922	0.00531	0.00531	0.00162	0.00633	0.00482	0.00347	0.00813
19	0.25539	0.00948	0.01118	0.00885	0.01277	0.00905	0.00731	0.02325	0.01362	0.56925	0.01734	0.01559	0.01119	0.00618	0.00482	0.00166	0.00445	0.00470	0.00571	0.00820
20	0.00669	0.00478	0.00641	0.00765	0.00803	0.00449	0.00525	0.00774	0.01043	0.01388	0.02950	0.75311	0.03517	0.01667	0.00689	0.00220	0.00325	0.06847	0.00498	0.00440

[dist]
# distance from previous block
# <min> <max>
0	1

[block]
# block no. 3 follows, 45 sequences, length 68
# corresponding to MSA columns:
# 185-216,220-240,249-263
name=unknown_D
#
# <colnr> <probs for GDERKNQSTAVLIFYWHMCP>
#	G	D	E	R	K	N	Q	S	T	A	V	L	I	F	Y	W	H	M	C	P
0	0.01196	0.01063	0.01540	0.53670	0.07236	0.05590	0.01321	0.01610	0.07215	0.06442	0.04826	0.01588	0.01046	0.00596	0.00573	0.00176	0.02845	0.00508	0.00311	0.00648
1	0.04938	0.01427	0.01694	0.01299	0.01716	0.01552	0.08862	0.61570	0.02255	0.03069	0.01333	0.05369	0.01026	0.00672	0.00547	0.00166	0.00603	0.00546	0.00499	0.00856
2	0.00707	0.00526	0.00686	0.00754	0.00809	0.00517	0.00529	0.00826	0.01091	0.01465	0.12737	0.54039	0.09052	0.06061	0.00845	0.00228	0.04188	0.04003	0.00488	0.00450
3	0.82622	0.01036	0.00812	0.02880	0.01111	0.01204	0.00606	0.01572	0.00918	0.02380	0.00753	0.00887	0.00585	0.00499	0.00338	0.00166	0.00423	0.00296	0.00330	0.00582
4	0.00672	0.00499	0.00630	0.00718	0.00793	0.00457	0.00507	0.00796	0.01115	0.01454	0.08202	0.54546	0.19193	0.01562	0.00675	0.00209	0.00313	0.06706	0.00504	0.00448
5	0.01064	0.00994	0.01633	0.63101	0.10444	0.01213	0.01440	0.02807	0.01115	0.01470	0.03766	0.01497	0.00891	0.00580	0.00619	0.00180	0.05806	0.00495	0.00260	0.00623
6	0.01314	0.01256	0.02118	0.06734	0.71621	0.01274	0.01611	0.01678	0.03947	0.01754	0.01050	0.01358	0.00873	0.00490	0.00532	0.00161	0.00634	0.00483	0.00275	0.00839
7	0.84927	0.01038	0.00789	0.00706	0.01038	0.01204	0.00581	0.01578	0.00914	0.02408	0.00747	0.00872	0.00581	0.00498	0.00332	0.00166	0.00415	0.00291	0.00332	0.00581
8	0.01293	0.16439	0.02106	0.14930	0.03603	0.06016	0.13147	0.04238	0.01098	0.01456	0.00851	0.01199	0.00731	0.00659	0.00960	0.00184	0.29728	0.00456	0.00255	0.00649
9	0.00760	0.00549	0.00718	0.00675	0.00802	0.00506	0.00506	0.01013	0.01519	0.02153	0.77503	0.04010	0.05065	0.01097	0.00633	0.00169	0.00253	0.00971	0.00591	0.00506
10	0.00761	0.00554	0.00719	0.00693	0.00822	0.00512	0.00529	0.01007	0.01480	0.02068	0.67360	0.04240	0.09099	0.01143	0.00642	0.00176	0.00274	0.06840	0.00578	0.00502
11	0.00724	0.00535	0.00639	0.00640	0.00771	0.00482	0.00475	0.00917	0.01325	0.01797	0.37464	0.14737	0.27781	0.01240	0.00627	0.00179	0.00273	0.02989	0.05926	0.00479
12	0.00761	0.00547	0.00709	0.00670	0.00788	0.00507	0.00495	0.00998	0.01472	0.02081	0.72620	0.03978	0.04864	0.06253	0.00768	0.00191	0.00270	0.00959	0.00574	0.00495
13	0.00994	0.00590	0.00774	0.00727	0.00883	0.00535	0.00545	0.01203	0.01414	0.13960	0.47909	0.18357	0.07700	0.01153	0.00628	0.00178	0.00297	0.01016	0.00580	0.00555
14	0.00654	0.00467	0.00623	0.00747	0.00779	0.00436	0.00498	0.00747	0.01028	0.01370	0.02959	0.80785	0.03550	0.01682	0.00685	0.00218	0.00311	0.01526	0.00498	0.00436
15	0.01113	0.00954	0.01113	0.00795	0.01272	0.00716	0.00636	0.01352	0.01113	0.01749	0.00954	0.01113	0.00795	0.00398	0.00398	0.00080	0.00398	0.00318	0.00318	0.84417
16	0.02005	0.02558	0.01521	0.01383	0.01659	0.78980	0.01037	0.02143	0.01521	0.01314	0.00830	0.00968	0.00691	0.00553	0.00484	0.00138	0.00968	0.00346	0.00277	0.00622
17	0.00722	0.00540	0.00672	0.00670	0.00796	0.00490	0.00500	0.00927	0.01373	0.01861	0.47485	0.14446	0.21494	0.01253	0.00645	0.00182	0.00277	0.04628	0.00553	0.00484
18	0.02050	0.00873	0.01165	0.00901	0.01288	0.00745	0.00736	0.02267	0.01484	0.59662	0.11287	0.02011	0.01726	0.00686	0.00534	0.00156	0.00425	0.00567	0.00614	0.10821
19	0.01014	0.02361	0.63956	0.01374	0.02040	0.01107	0.01709	0.01564	0.01188	0.01757	0.12633	0.04264	0.01442	0.00639	0.00535	0.00171	0.00695	0.00522	0.00291	0.00738
20	0.00767	0.00575	0.00863	0.00863	0.00959	0.00671	0.00671	0.00959	0.00863	0.01246	0.01438	0.02109	0.01342	0.04026	0.79008	0.00863	0.01438	0.00575	0.00288	0.00479
21	0.22448	0.00888	0.00986	0.00790	0.01130	0.00829	0.00620	0.01731	0.01147	0.27135	0.01414	0.01697	0.01115	0.14220	0.00825	0.00205	0.00442	0.00463	0.00438	0.21477
22	0.00707	0.00564	0.00603	0.00587	0.00765	0.00487	0.00442	0.00893	0.02774	0.03158	0.18359	0.04826	0.61383	0.01285	0.00631	0.00179	0.00275	0.01081	0.00520	0.00480
23	0.00732	0.00541	0.00674	0.00652	0.00775	0.00493	0.00478	0.00940	0.01394	0.01916	0.55815	0.09129	0.17437	0.05737	0.00756	0.00194	0.00275	0.01024	0.00554	0.00482
24	0.02048	0.00922	0.01193	0.00939	0.01301	0.00850	0.00766	0.11938	0.01663	0.53941	0.16300	0.02170	0.01982	0.00744	0.00557	0.00166	0.00436	0.00614	0.00634	0.00836
25	0.00662	0.00471	0.00620	0.00737	0.00766	0.00441	0.00487	0.00750	0.01012	0.01349	0.02877	0.75807	0.03447	0.06800	0.00817	0.00237	0.00325	0.01478	0.00487	0.00429
26	0.84927	0.01038	0.00789	0.00706	0.01038	0.01204	0.00581	0.01578	0.00914	0.02408	0.00747	0.00872	0.00581	0.00498	0.00332	0.00166	0.00415	0.00291	0.00332	0.00581
27	0.00743	0.00563	0.00609	0.00587	0.00770	0.00479	0.00444	0.00903	0.01292	0.05293	0.18213	0.04797	0.60860	0.01279	0.00630	0.00178	0.00278	0.01075	0.00523	0.00485
28	0.00852	0.00614	0.00847	0.00963	0.01090	0.00608	0.00839	0.01093	0.01235	0.01598	0.02990	0.06004	0.07329	0.01476	0.00735	0.00243	0.00482	0.70016	0.00495	0.00492
29	0.05141	0.02979	0.01367	0.01039	0.01441	0.01137	0.00859	0.26353	0.05326	0.43069	0.02995	0.01722	0.01261	0.00673	0.00533	0.00166	0.00497	0.01973	0.00591	0.00878
30	0.05151	0.00892	0.01163	0.00914	0.01292	0.00799	0.00748	0.04079	0.03131	0.62796	0.07095	0.02114	0.05880	0.00727	0.00544	0.00167	0.00434	0.00592	0.00633	0.00848
31	0.84927	0.01038	0.00789	0.00706	0.01038	0.01204	0.00581	0.01578	0.00914	0.02408	0.00747	0.00872	0.00581	0.00498	0.00332	0.00166	0.00415	0.00291	0.00332	0.00581
32	0.62648	0.01004	0.00912	0.00773	0.01128	0.01092	0.00637	0.01858	0.01082	0.22860	0.01117	0.01130	0.00783	0.00543	0.00388	0.00166	0.00426	0.00358	0.00422	0.00671
33	0.00742	0.00548	0.00692	0.00656	0.00791	0.00499	0.00492	0.00978	0.01477	0.02051	0.67117	0.04176	0.15514	0.01135	0.00633	0.00171	0.00256	0.00994	0.00578	0.00499
34	0.00779	0.00525	0.00611	0.00610	0.00620	0.00532	0.00357	0.00801	0.00806	0.01086	0.03661	0.03416	0.01985	0.72992	0.08654	0.00538	0.00585	0.00770	0.00329	0.00342
35	0.02041	0.01504	0.01611	0.01235	0.01665	0.01665	0.01020	0.75997	0.02524	0.03383	0.01289	0.01289	0.00913	0.00644	0.00537	0.00161	0.00591	0.00483	0.00537	0.00913
36	0.84927	0.01038	0.00789	0.00706	0.01038	0.01204	0.00581	0.01578	0.00914	0.02408	0.00747	0.00872	0.00581	0.00498	0.00332	0.00166	0.00415	0.00291	0.00332	0.00581
37	0.01851	0.00846	0.01093	0.00879	0.01201	0.00778	0.00710	0.08985	0.01598	0.46304	0.21794	0.02360	0.02273	0.00774	0.00553	0.00164	0.00403	0.00645	0.06009	0.00780
38	0.02005	0.02558	0.01521	0.01383	0.01659	0.78980	0.01037	0.02143	0.01521	0.01314	0.00830	0.00968	0.00691	0.00553	0.00484	0.00138	0.00968	0.00346	0.00277	0.00622
39	0.01113	0.00954	0.01113	0.00795	0.01272	0.00716	0.00636	0.01352	0.01113	0.01749	0.00954	0.01113	0.00795	0.00398	0.00398	0.00080	0.00398	0.00318	0.00318	0.84417
40	0.01673	0.00963	0.01271	0.11355	0.01648	0.00995	0.02409	0.09806	0.14848	0.31785	0.01919	0.10510	0.01497	0.00982	0.05613	0.00221	0.00555	0.00651	0.00524	0.00776
41	0.09212	0.01042	0.01269	0.00993	0.01391	0.01011	0.00818	0.19080	0.01690	0.51717	0.01847	0.03531	0.01254	0.00684	0.00529	0.00168	0.00481	0.01816	0.00601	0.00867
42	0.01034	0.00972	0.01338	0.01191	0.01234	0.01264	0.00966	0.01164	0.00928	0.01380	0.04681	0.16272	0.03247	0.01085	0.01387	0.00221	0.53517	0.03188	0.00318	0.04611
43	0.01620	0.01164	0.08758	0.00990	0.01398	0.00967	0.00873	0.17130	0.04467	0.24689	0.14038	0.01980	0.03804	0.00691	0.00530	0.00152	0.00468	0.00565	0.00514	0.15202
44	0.03966	0.01351	0.01489	0.01150	0.01561	0.01456	0.00948	0.58734	0.02278	0.15425	0.05103	0.01498	0.01174	0.00666	0.00537	0.00162	0.00549	0.00512	0.00555	0.00886
45	0.01077	0.02777	0.78354	0.01530	0.02323	0.01247	0.01983	0.01700	0.01133	0.01700	0.00963	0.01133	0.00680	0.00510	0.00510	0.00170	0.00793	0.00397	0.00227	0.00793
46	0.00639	0.00542	0.00552	0.00553	0.00729	0.00455	0.00413	0.00779	0.01230	0.01474	0.08036	0.06755	0.73303	0.01357	0.00635	0.00182	0.00272	0.01135	0.00502	0.00455
47	0.01207	0.01174	0.05567	0.15279	0.42309	0.01128	0.05679	0.01529	0.01195	0.04231	0.01352	0.06959	0.01236	0.00674	0.00569	0.00177	0.00632	0.08056	0.00311	0.00738
48	0.01311	0.01257	0.02146	0.07653	0.73569	0.01271	0.01638	0.01632	0.01214	0.01732	0.01007	0.01334	0.00843	0.00482	0.00532	0.00161	0.00642	0.00478	0.00264	0.00836
49	0.01267	0.01448	0.03167	0.02262	0.02805	0.01357	0.75837	0.01719	0.01267	0.01719	0.01086	0.01448	0.00814	0.00452	0.00633	0.00181	0.00905	0.00633	0.00271	0.00724
50	0.01062	0.00629	0.00843	0.00788	0.02714	0.00573	0.00583	0.01306	0.01507	0.15535	0.61106	0.04900	0.04280	0.01017	0.00615	0.00169	0.00299	0.00893	0.00595	0.00585
51	0.01042	0.05620	0.62402	0.05208	0.02173	0.01189	0.01744	0.01576	0.01121	0.01637	0.02303	0.08035	0.01007	0.00678	0.01839	0.00184	0.00742	0.00505	0.00257	0.00739
52	0.01861	0.21852	0.01717	0.01035	0.01422	0.08434	0.00879	0.21879	0.01667	0.24008	0.05985	0.04341	0.01300	0.00659	0.00495	0.00151	0.00552	0.00504	0.00473	0.00788
53	0.02227	0.01204	0.01426	0.01093	0.01515	0.01220	0.00903	0.38755	0.02023	0.41333	0.01709	0.01562	0.01124	0.00655	0.00538	0.00164	0.00523	0.00512	0.00602	0.00913
54	0.20400	0.36576	0.20440	0.01099	0.03012	0.07612	0.01121	0.01665	0.01096	0.01642	0.00810	0.00946	0.00666	0.00488	0.00396	0.00142	0.00622	0.00322	0.00257	0.00688
55	0.10810	0.00926	0.01199	0.00930	0.01336	0.00831	0.00768	0.02510	0.01473	0.70446	0.01978	0.01730	0.01253	0.00647	0.00519	0.00166	0.00453	0.00514	0.00631	0.00880
56	0.01293	0.01238	0.02098	0.11679	0.65485	0.01270	0.02919	0.01662	0.03938	0.01729	0.01047	0.01366	0.00863	0.00493	0.00534	0.00163	0.00643	0.00486	0.00273	0.00820
57	0.07455	0.00555	0.00674	0.00760	0.00837	0.00546	0.00534	0.02815	0.01071	0.01514	0.02782	0.61736	0.05999	0.04222	0.00724	0.00223	0.00345	0.06267	0.00480	0.00461
58	0.00675	0.00537	0.00601	0.00602	0.00749	0.00468	0.00443	0.00836	0.01275	0.01628	0.25177	0.12616	0.47937	0.03198	0.00689	0.00190	0.00277	0.01120	0.00520	0.00463
59	0.00722	0.00547	0.00665	0.00635	0.00779	0.00490	0.00477	0.00939	0.01430	0.01939	0.55614	0.04361	0.27088	0.01177	0.00634	0.00173	0.00259	0.01020	0.00563	0.00490
60	0.01599	0.01157	0.01268	0.01087	0.01425	0.01286	0.00861	0.11839	0.55228	0.14912	0.02063	0.01886	0.01498	0.00707	0.00544	0.00177	0.00451	0.00581	0.00565	0.00868
61	0.01676	0.40595	0.02113	0.01127	0.01489	0.37002	0.00959	0.03292	0.01313	0.01331	0.00906	0.01033	0.02279	0.00601	0.02115	0.00144	0.00766	0.00341	0.00264	0.00654
62	0.20783	0.07344	0.09520	0.01050	0.05433	0.01048	0.00873	0.06845	0.01234	0.16163	0.01550	0.17705	0.01407	0.00775	0.00494	0.00167	0.00478	0.00630	0.00419	0.06083
63	0.01342	0.00940	0.01178	0.01107	0.08337	0.00883	0.00782	0.07235	0.12499	0.14062	0.13354	0.09258	0.01933	0.00742	0.00528	0.00149	0.00417	0.00636	0.00477	0.24140
64	0.05678	0.01377	0.01215	0.01066	0.01364	0.19448	0.00834	0.06074	0.27711	0.14518	0.01963	0.01934	0.07332	0.00723	0.00547	0.00167	0.02125	0.01627	0.03556	0.00742
65	0.00792	0.00610	0.00884	0.00873	0.00949	0.00718	0.00669	0.00955	0.00863	0.01240	0.01501	0.07227	0.01488	0.10357	0.61331	0.00743	0.07382	0.00646	0.00300	0.00471
66	0.02861	0.16894	0.39665	0.06543	0.06383	0.04266	0.03313	0.01623	0.01102	0.01552	0.00887	0.01114	0.00698	0.00553	0.00633	0.00167	0.10385	0.00397	0.00236	0.00727
67	0.01329	0.01275	0.02179	0.03295	0.77787	0.01275	0.01647	0.01647	0.01222	0.01754	0.01010	0.01329	0.00850	0.00478	0.00531	0.00159	0.00638	0.00478	0.00266	0.00850

[dist]
# distance from previous block
# <min> <max>
0	1

[block]
# block no. 4 follows, 45 sequences, length 14
# corresponding to MSA columns:
# 265-278
name=unknown_E
#
# <colnr> <probs for GDERKNQSTAVLIFYWHMCP>
#	G	D	E	R	K	N	Q	S	T	A	V	L	I	F	Y	W	H	M	C	P
0	0.00760	0.00549	0.00718	0.00675	0.00802	0.00506	0.00506	0.01013	0.01519	0.02153	0.77503	0.04010	0.05065	0.01097	0.00633	0.00169	0.00253	0.00971	0.00591	0.00506
1	0.01339	0.01225	0.04236	0.13889	0.54946	0.01211	0.01511	0.03792	0.01248	0.05875	0.01103	0.01395	0.00878	0.00509	0.00525	0.00161	0.00624	0.00480	0.04250	0.00801
2	0.13411	0.34951	0.08034	0.01049	0.01468	0.08025	0.00980	0.11752	0.04023	0.06552	0.00978	0.01066	0.00778	0.00546	0.00479	0.00146	0.04349	0.00363	0.00328	0.00721
3	0.00849	0.00524	0.00667	0.00715	0.00799	0.00485	0.00494	0.00971	0.01107	0.08018	0.08937	0.50650	0.07165	0.08753	0.00831	0.00228	0.00332	0.01230	0.06768	0.00478
4	0.57488	0.01421	0.16336	0.01139	0.08800	0.01234	0.00977	0.03990	0.01039	0.02235	0.00833	0.00982	0.00638	0.00503	0.00393	0.00166	0.00518	0.00336	0.00311	0.00660
5	0.00710	0.00534	0.00736	0.00759	0.00852	0.00493	0.03048	0.00875	0.01221	0.01660	0.29038	0.45832	0.09393	0.01413	0.00662	0.00197	0.00308	0.01274	0.00523	0.00472
6	0.01113	0.00954	0.01113	0.00795	0.01272	0.00716	0.00636	0.01352	0.01113	0.01749	0.00954	0.01113	0.00795	0.00398	0.00398	0.00080	0.00398	0.00318	0.00318	0.84417
7	0.00787	0.00637	0.00715	0.00678	0.00823	0.03981	0.00508	0.01009	0.01454	0.01960	0.58131	0.04131	0.20935	0.01131	0.00627	0.00170	0.00289	0.00979	0.00556	0.00500
8	0.00668	0.00541	0.00592	0.00588	0.00747	0.00466	0.00438	0.00832	0.01290	0.01627	0.23834	0.08605	0.55281	0.01308	0.00637	0.00180	0.00269	0.01111	0.00522	0.00466
9	0.14908	0.00655	0.00714	0.00693	0.00874	0.00641	0.00532	0.01131	0.03319	0.04946	0.27203	0.12914	0.23337	0.01131	0.00589	0.00182	0.00318	0.04886	0.00508	0.00521
10	0.00737	0.00579	0.00765	0.00766	0.00896	0.00536	0.03535	0.00950	0.03416	0.01648	0.22472	0.30266	0.22845	0.01357	0.00657	0.00196	0.00328	0.07049	0.00514	0.00487
11	0.75872	0.01132	0.04717	0.00770	0.01123	0.01214	0.00667	0.01658	0.05315	0.02363	0.00841	0.00951	0.00647	0.00512	0.00354	0.00167	0.00435	0.00314	0.00339	0.00608
12	0.13818	0.12506	0.49416	0.04443	0.02025	0.01375	0.01559	0.05954	0.01173	0.01835	0.00921	0.01080	0.00681	0.00511	0.00464	0.00162	0.00693	0.00375	0.00261	0.00747
13	0.04643	0.12159	0.42736	0.03266	0.05369	0.09493	0.03336	0.01788	0.04350	0.04622	0.02807	0.01225	0.00858	0.00534	0.00490	0.00160	0.00722	0.00412	0.00278	0.00750

[dist]
# distance from previous block
# <min> <max>
2	22

[block]
# block no. 5 follows, 45 sequences, length 18
# corresponding to MSA columns:
# 304-321
name=unknown_F
#
# <colnr> <probs for GDERKNQSTAVLIFYWHMCP>
#	G	D	E	R	K	N	Q	S	T	A	V	L	I	F	Y	W	H	M	C	P
0	0.03853	0.15033	0.35456	0.01173	0.01760	0.01243	0.01307	0.05273	0.01247	0.11181	0.03830	0.01274	0.00945	0.00530	0.00469	0.00146	0.00613	0.00405	0.00327	0.13933
1	0.55029	0.02917	0.06342	0.00930	0.01294	0.13639	0.00801	0.07959	0.03407	0.02242	0.00863	0.00973	0.00667	0.00526	0.00392	0.00161	0.00547	0.00332	0.00338	0.00640
2	0.06923	0.01043	0.01233	0.01003	0.01375	0.01058	0.00811	0.09939	0.24131	0.41691	0.03705	0.01819	0.01421	0.00682	0.00531	0.00170	0.00453	0.00549	0.00595	0.00865
3	0.00746	0.00596	0.00693	0.00708	0.00871	0.00560	0.00561	0.00998	0.05381	0.01583	0.11791	0.04813	0.43929	0.01541	0.07025	0.00249	0.00420	0.16553	0.00493	0.00491
4	0.03258	0.01542	0.01279	0.01102	0.01381	0.30167	0.02501	0.06539	0.06728	0.04463	0.01206	0.02673	0.00984	0.00758	0.04048	0.00175	0.05837	0.00441	0.11876	0.13042
5	0.00888	0.00481	0.00709	0.00714	0.00733	0.00484	0.00488	0.00746	0.00793	0.01075	0.06562	0.07267	0.01439	0.01973	0.08151	0.65827	0.00519	0.00584	0.00281	0.00286
6	0.02734	0.24543	0.14368	0.01437	0.10155	0.08222	0.06471	0.07659	0.03032	0.03357	0.01160	0.07649	0.01029	0.00766	0.03939	0.00186	0.01772	0.00501	0.00308	0.00715
7	0.02904	0.16176	0.36542	0.01532	0.10634	0.02750	0.01490	0.12900	0.06733	0.01927	0.01060	0.01185	0.00803	0.00534	0.00486	0.00158	0.00676	0.00412	0.00304	0.00797
8	0.00654	0.00467	0.00623	0.00747	0.00779	0.00436	0.00498	0.00747	0.01028	0.01370	0.02959	0.80785	0.03550	0.01682	0.00685	0.00218	0.00311	0.01526	0.00498	0.00436
9	0.00672	0.00479	0.00614	0.00714	0.00747	0.00449	0.00468	0.00753	0.00999	0.01325	0.02880	0.65799	0.06643	0.13576	0.00990	0.00262	0.00341	0.01397	0.00472	0.00420
10	0.01277	0.10431	0.42134	0.01652	0.11884	0.03123	0.06170	0.01821	0.06577	0.06589	0.02683	0.01311	0.00911	0.00535	0.00509	0.00163	0.00702	0.00445	0.00294	0.00787
11	0.02298	0.00917	0.01275	0.07222	0.01555	0.00821	0.00845	0.02517	0.01500	0.72059	0.02025	0.01796	0.01280	0.00654	0.00540	0.00167	0.00477	0.00535	0.00631	0.00888
12	0.18997	0.18771	0.01510	0.00910	0.01315	0.01218	0.00785	0.04638	0.04051	0.40464	0.01509	0.01407	0.01032	0.00587	0.00454	0.00155	0.00478	0.00434	0.00492	0.00794
13	0.19810	0.47004	0.12143	0.07221	0.01610	0.01732	0.01029	0.01594	0.01056	0.01582	0.00791	0.00944	0.00666	0.00481	0.00379	0.00138	0.00579	0.00317	0.00253	0.00671
14	0.01351	0.01222	0.01720	0.42390	0.10713	0.09028	0.06437	0.07654	0.01291	0.07068	0.01075	0.01395	0.00807	0.00560	0.00575	0.00171	0.03358	0.00480	0.02026	0.00680
15	0.05752	0.01179	0.01478	0.01277	0.06943	0.07215	0.06978	0.07476	0.09813	0.42073	0.01734	0.01635	0.01175	0.00623	0.00531	0.00165	0.00547	0.00519	0.02047	0.00841
16	0.41115	0.07551	0.01222	0.00902	0.01273	0.05405	0.00750	0.12662	0.03606	0.19139	0.01176	0.01182	0.00841	0.00563	0.00423	0.00160	0.00492	0.00386	0.00431	0.00722
17	0.05221	0.15002	0.03106	0.01015	0.01358	0.07477	0.00857	0.10721	0.08793	0.09024	0.01469	0.06938	0.03414	0.00703	0.00584	0.00153	0.06842	0.02399	0.00396	0.14526

[dist]
# distance from previous block
# <min> <max>
0	44

[block]
# block no. 6 follows, 45 sequences, length 47
# corresponding to MSA columns:
# 366-412
name=unknown_G
#
# <colnr> <probs for GDERKNQSTAVLIFYWHMCP>
#	G	D	E	R	K	N	Q	S	T	A	V	L	I	F	Y	W	H	M	C	P
0	0.05868	0.10747	0.04532	0.02839	0.14261	0.09991	0.04437	0.04198	0.05517	0.09786	0.03370	0.10279	0.01309	0.00799	0.03171	0.00183	0.01901	0.00572	0.00370	0.05871
1	0.01112	0.11189	0.49489	0.01306	0.03191	0.01227	0.01511	0.05390	0.01231	0.01757	0.11041	0.01638	0.01350	0.05562	0.00646	0.00185	0.00668	0.00489	0.00298	0.00722
2	0.01296	0.11395	0.13721	0.01274	0.08861	0.03463	0.02556	0.11708	0.04541	0.03929	0.08395	0.01905	0.05983	0.00659	0.00508	0.00149	0.00545	0.03585	0.00377	0.15153
3	0.00903	0.00618	0.00752	0.00712	0.00887	0.00573	0.00550	0.01193	0.06052	0.08207	0.39312	0.05649	0.24774	0.01152	0.00629	0.00180	0.00305	0.06446	0.00559	0.00544
4	0.01372	0.05180	0.03422	0.01605	0.09389	0.02802	0.19882	0.20398	0.03066	0.02047	0.02670	0.13660	0.01346	0.00762	0.00682	0.00179	0.07823	0.00678	0.02319	0.00719
5	0.01228	0.01432	0.07017	0.01952	0.02482	0.01253	0.56947	0.01644	0.01221	0.01711	0.01046	0.01366	0.00800	0.00461	0.00620	0.00165	0.03145	0.00563	0.00276	0.14672
6	0.04156	0.18045	0.01723	0.03598	0.01569	0.15909	0.00971	0.20602	0.19802	0.02080	0.01249	0.01299	0.00973	0.00619	0.00553	0.00157	0.05098	0.00441	0.00395	0.00760
7	0.01435	0.81458	0.02813	0.00918	0.01378	0.02124	0.00918	0.01607	0.01091	0.01263	0.00746	0.00861	0.00689	0.00459	0.00344	0.00115	0.00574	0.00287	0.00230	0.00689
8	0.00667	0.00481	0.00632	0.00730	0.00780	0.00446	0.00496	0.00783	0.01099	0.01476	0.12829	0.67905	0.06499	0.01593	0.00676	0.00210	0.00302	0.01439	0.00510	0.00446
9	0.01001	0.00500	0.00500	0.00500	0.00625	0.00500	0.00375	0.01251	0.01126	0.02001	0.01751	0.02001	0.01376	0.00625	0.00375	0.00125	0.00250	0.00500	0.84115	0.00500
10	0.02277	0.00880	0.01199	0.00940	0.01326	0.00763	0.00767	0.02476	0.01498	0.72413	0.02181	0.07735	0.01495	0.00741	0.00551	0.00170	0.00446	0.00614	0.00652	0.00878
11	0.00667	0.00476	0.00638	0.00762	0.00799	0.00447	0.00521	0.00770	0.01041	0.01385	0.02951	0.76181	0.03522	0.01669	0.00689	0.00220	0.00323	0.06001	0.00498	0.00440
12	0.01113	0.00954	0.01113	0.00795	0.01272	0.00716	0.00636	0.01352	0.01113	0.01749	0.00954	0.01113	0.00795	0.00398	0.00398	0.00080	0.00398	0.00318	0.00318	0.84417
13	0.00775	0.00543	0.00701	0.00701	0.00740	0.00583	0.00469	0.00855	0.00815	0.01126	0.01586	0.02929	0.01698	0.49097	0.34424	0.00663	0.00902	0.00695	0.00310	0.00389
14	0.02041	0.01504	0.01611	0.01235	0.01665	0.01665	0.01020	0.75997	0.02524	0.03383	0.01289	0.01289	0.00913	0.00644	0.00537	0.00161	0.00591	0.00483	0.00537	0.00913
15	0.02041	0.01504	0.01611	0.01235	0.01665	0.01665	0.01020	0.75997	0.02524	0.03383	0.01289	0.01289	0.00913	0.00644	0.00537	0.00161	0.00591	0.00483	0.00537	0.00913
16	0.84927	0.01038	0.00789	0.00706	0.01038	0.01204	0.00581	0.01578	0.00914	0.02408	0.00747	0.00872	0.00581	0.00498	0.00332	0.00166	0.00415	0.00291	0.00332	0.00581
17	0.01335	0.01153	0.01214	0.01092	0.01396	0.01335	0.00850	0.02852	0.76817	0.02245	0.02185	0.02003	0.01639	0.00728	0.00546	0.00182	0.00425	0.00607	0.00546	0.00850
18	0.01335	0.01153	0.01214	0.01092	0.01396	0.01335	0.00850	0.02852	0.76817	0.02245	0.02185	0.02003	0.01639	0.00728	0.00546	0.00182	0.00425	0.00607	0.00546	0.00850
19	0.84927	0.01038	0.00789	0.00706	0.01038	0.01204	0.00581	0.01578	0.00914	0.02408	0.00747	0.00872	0.00581	0.00498	0.00332	0.00166	0.00415	0.00291	0.00332	0.00581
20	0.00780	0.00580	0.00720	0.00757	0.00868	0.00565	0.00559	0.01081	0.08476	0.01735	0.25107	0.33790	0.10534	0.01336	0.00648	0.00197	0.00318	0.08395	0.03050	0.00506
21	0.01906	0.01458	0.01704	0.01288	0.01731	0.01568	0.07253	0.64195	0.02313	0.03122	0.01247	0.01289	0.00896	0.00610	0.00535	0.00157	0.00603	0.00483	0.00498	0.07145
22	0.01329	0.01275	0.02179	0.03295	0.77787	0.01275	0.01647	0.01647	0.01222	0.01754	0.01010	0.01329	0.00850	0.00478	0.00531	0.00159	0.00638	0.00478	0.00266	0.00850
23	0.84927	0.01038	0.00789	0.00706	0.01038	0.01204	0.00581	0.01578	0.00914	0.02408	0.00747	0.00872	0.00581	0.00498	0.00332	0.00166	0.00415	0.00291	0.00332	0.00581
24	0.00760	0.00549	0.00718	0.00675	0.00802	0.00506	0.00506	0.01013	0.01519	0.02153	0.77503	0.04010	0.05065	0.01097	0.00633	0.00169	0.00253	0.00971	0.00591	0.00506
25	0.00865	0.00618	0.00865	0.00989	0.01112	0.00618	0.00865	0.01112	0.01236	0.01606	0.02842	0.06055	0.03089	0.01483	0.00741	0.00247	0.00494	0.74174	0.00494	0.00494
26	0.00651	0.00479	0.00611	0.00717	0.00771	0.00439	0.00485	0.00751	0.01057	0.01382	0.03327	0.69560	0.14538	0.01634	0.00678	0.00213	0.00306	0.01468	0.00498	0.00439
27	0.01478	0.01224	0.01294	0.01121	0.01450	0.01402	0.00884	0.17711	0.61725	0.02477	0.02003	0.01858	0.01491	0.00711	0.00544	0.00178	0.00459	0.00582	0.00544	0.00862
28	0.01174	0.01174	0.01644	0.01409	0.01409	0.01644	0.01174	0.01292	0.00822	0.01292	0.00705	0.01174	0.00705	0.00940	0.01762	0.00235	0.80153	0.00470	0.00235	0.00587
29	0.05558	0.00967	0.01580	0.73598	0.05459	0.01195	0.01446	0.01390	0.01069	0.01437	0.00944	0.01398	0.00712	0.00533	0.00525	0.00178	0.00697	0.00467	0.00244	0.00602
30	0.02005	0.02558	0.01521	0.01383	0.01659	0.78980	0.01037	0.02143	0.01521	0.01314	0.00830	0.00968	0.00691	0.00553	0.00484	0.00138	0.00968	0.00346	0.00277	0.00622
31	0.00649	0.00485	0.00604	0.00700	0.00766	0.00440	0.00477	0.00753	0.01073	0.01389	0.03535	0.63209	0.20754	0.01607	0.00673	0.00209	0.00302	0.01435	0.00498	0.00440
32	0.00733	0.00543	0.00684	0.00659	0.00788	0.00494	0.00490	0.00958	0.01442	0.01993	0.61481	0.08930	0.16464	0.01175	0.00637	0.00174	0.00260	0.01031	0.00571	0.00494
33	0.02335	0.01032	0.01319	0.01011	0.01429	0.00964	0.00835	0.17290	0.01734	0.63206	0.01952	0.01719	0.01246	0.00660	0.00539	0.00165	0.00484	0.00529	0.00639	0.00913
34	0.01922	0.02405	0.01463	0.01327	0.01602	0.72027	0.00998	0.04073	0.01530	0.01379	0.01127	0.01236	0.05440	0.00605	0.00495	0.00142	0.00915	0.00398	0.00297	0.00620
35	0.00664	0.00474	0.00634	0.00758	0.00794	0.00444	0.00515	0.00764	0.01037	0.01381	0.02953	0.77356	0.03529	0.01673	0.00688	0.00219	0.00320	0.04860	0.00498	0.00439
36	0.01191	0.00745	0.00700	0.00644	0.00817	0.05072	0.00495	0.10899	0.01328	0.02140	0.01640	0.01852	0.01278	0.00624	0.00402	0.00130	0.00334	0.00489	0.68660	0.00560
37	0.01891	0.01493	0.01911	0.01433	0.01885	0.01605	0.15450	0.61671	0.02281	0.03062	0.01250	0.01319	0.00894	0.00607	0.00556	0.00165	0.00651	0.00512	0.00486	0.00876
38	0.01500	0.01235	0.01307	0.01126	0.01459	0.01412	0.00890	0.19973	0.59428	0.02512	0.01975	0.01836	0.01469	0.00709	0.00544	0.00177	0.00464	0.00578	0.00544	0.00864
39	0.00683	0.00488	0.00656	0.00781	0.00825	0.00461	0.00549	0.00798	0.01056	0.01403	0.02942	0.70452	0.03487	0.01654	0.00693	0.00222	0.00337	0.11571	0.00498	0.00444
40	0.01055	0.00617	0.00711	0.00657	0.00737	0.00610	0.00420	0.04955	0.00987	0.10338	0.01725	0.03085	0.01781	0.61415	0.02183	0.00430	0.00496	0.00716	0.06646	0.00438
41	0.11704	0.10677	0.01485	0.01020	0.01405	0.01387	0.00855	0.36512	0.03506	0.15521	0.07037	0.01521	0.01258	0.00644	0.00493	0.00157	0.00506	0.00487	0.03021	0.00803
42	0.00799	0.00593	0.00736	0.00697	0.00837	0.00574	0.00523	0.01123	0.07050	0.01996	0.55467	0.03783	0.11616	0.03616	0.05516	0.00223	0.00349	0.00916	0.03069	0.00520
43	0.27818	0.01294	0.10389	0.09039	0.01729	0.01185	0.06557	0.08117	0.10261	0.07144	0.02450	0.01314	0.00926	0.00551	0.00465	0.00162	0.00541	0.00433	0.00374	0.09253
44	0.01187	0.01114	0.05295	0.15715	0.04999	0.00980	0.06905	0.07612	0.02868	0.01839	0.01081	0.01309	0.00850	0.00481	0.00466	0.00126	0.00532	0.00417	0.06586	0.39639
45	0.01181	0.09976	0.54770	0.01524	0.07736	0.01261	0.03126	0.01682	0.01167	0.05955	0.01289	0.01416	0.05476	0.00563	0.00507	0.00165	0.00712	0.00450	0.00272	0.00772
46	0.00890	0.00627	0.00835	0.00892	0.01028	0.00611	0.00728	0.01121	0.03134	0.03907	0.02605	0.16606	0.04658	0.07501	0.05256	0.00282	0.00507	0.42674	0.00466	0.05671

[dist]
# distance from previous block
# <min> <max>
0	6

[block]
# block no. 7 follows, 45 sequences, length 73
# corresponding to MSA columns:
# 419-491
name=unknown_H
#
# <colnr> <probs for GDERKNQSTAVLIFYWHMCP>
#	G	D	E	R	K	N	Q	S	T	A	V	L	I	F	Y	W	H	M	C	P
0	0.07082	0.06085	0.05079	0.02311	0.00994	0.00706	0.00616	0.01095	0.01263	0.04995	0.24864	0.11287	0.29475	0.01099	0.00585	0.00174	0.00346	0.00928	0.00482	0.00533
1	0.63800	0.12115	0.01105	0.00745	0.01112	0.01275	0.00634	0.01556	0.00961	0.02175	0.00771	0.00898	0.00621	0.00481	0.00341	0.00149	0.00435	0.00293	0.00316	0.10216
2	0.07240	0.01515	0.10212	0.02103	0.12018	0.02857	0.45330	0.01658	0.01191	0.01726	0.01038	0.02671	0.00825	0.00524	0.00668	0.00180	0.06690	0.00563	0.00272	0.00720
3	0.00855	0.00777	0.06515	0.00766	0.00965	0.00639	0.00642	0.06000	0.01482	0.02061	0.53892	0.03661	0.12549	0.02805	0.03844	0.00205	0.00371	0.00895	0.00532	0.00544
4	0.01165	0.00962	0.01050	0.00955	0.01203	0.01076	0.00737	0.02286	0.53233	0.02210	0.22682	0.02549	0.02561	0.00825	0.00563	0.00176	0.00371	0.00702	0.03953	0.00742
5	0.01121	0.00901	0.00978	0.00891	0.01141	0.00970	0.00688	0.02054	0.43624	0.05136	0.16234	0.03054	0.19118	0.00931	0.00581	0.00179	0.00362	0.00786	0.00548	0.00703
6	0.00654	0.00467	0.00623	0.00747	0.00779	0.00436	0.00498	0.00747	0.01028	0.01370	0.02959	0.80785	0.03550	0.01682	0.00685	0.00218	0.00311	0.01526	0.00498	0.00436
7	0.84927	0.01038	0.00789	0.00706	0.01038	0.01204	0.00581	0.01578	0.00914	0.02408	0.00747	0.00872	0.00581	0.00498	0.00332	0.00166	0.00415	0.00291	0.00332	0.00581
8	0.00654	0.00467	0.00623	0.00747	0.00779	0.00436	0.00498	0.00747	0.01028	0.01370	0.02959	0.80785	0.03550	0.01682	0.00685	0.00218	0.00311	0.01526	0.00498	0.00436
9	0.00745	0.00578	0.00698	0.00754	0.00907	0.00531	0.00623	0.00937	0.01239	0.01546	0.06701	0.05538	0.40640	0.01408	0.00684	0.00211	0.00374	0.34912	0.00500	0.00474
10	0.01113	0.00954	0.01113	0.00795	0.01272	0.00716	0.00636	0.01352	0.01113	0.01749	0.00954	0.01113	0.00795	0.00398	0.00398	0.00080	0.00398	0.00318	0.00318	0.84417
11	0.00776	0.00521	0.00597	0.00602	0.00606	0.00523	0.00344	0.00786	0.00792	0.01060	0.01725	0.06101	0.01983	0.75478	0.05570	0.00523	0.00548	0.00798	0.00330	0.00335
12	0.00781	0.00520	0.00585	0.00585	0.00585	0.00520	0.00325	0.00781	0.00781	0.01041	0.01691	0.03513	0.01952	0.81135	0.02732	0.00520	0.00520	0.00781	0.00325	0.00325
13	0.01174	0.01174	0.01644	0.01409	0.01409	0.01644	0.01174	0.01292	0.00822	0.01292	0.00705	0.01174	0.00705	0.00940	0.01762	0.00235	0.80153	0.00470	0.00235	0.00587
14	0.00634	0.00544	0.00544	0.00544	0.00725	0.00453	0.00408	0.00770	0.01224	0.01450	0.05438	0.05166	0.77569	0.01359	0.00634	0.00181	0.00272	0.01133	0.00498	0.00453
15	0.00767	0.00575	0.00863	0.00863	0.00959	0.00671	0.00671	0.00959	0.00863	0.01246	0.01438	0.02109	0.01342	0.04026	0.79008	0.00863	0.01438	0.00575	0.00288	0.00479
16	0.84927	0.01038	0.00789	0.00706	0.01038	0.01204	0.00581	0.01578	0.00914	0.02408	0.00747	0.00872	0.00581	0.00498	0.00332	0.00166	0.00415	0.00291	0.00332	0.00581
17	0.00637	0.00533	0.00555	0.00574	0.00733	0.00451	0.00421	0.00767	0.01195	0.01438	0.05074	0.16272	0.66698	0.01407	0.00642	0.00187	0.00278	0.01191	0.00498	0.00451
18	0.01292	0.01060	0.01133	0.01014	0.01291	0.01201	0.00789	0.07936	0.57040	0.02283	0.09491	0.04092	0.01950	0.00775	0.00546	0.00176	0.00406	0.00649	0.06089	0.00787
19	0.84927	0.01038	0.00789	0.00706	0.01038	0.01204	0.00581	0.01578	0.00914	0.02408	0.00747	0.00872	0.00581	0.00498	0.00332	0.00166	0.00415	0.00291	0.00332	0.00581
20	0.00636	0.00538	0.00550	0.00559	0.00729	0.00452	0.00415	0.00769	0.01209	0.01444	0.05254	0.10771	0.72082	0.01383	0.00638	0.00184	0.00275	0.01162	0.00498	0.00452
21	0.10600	0.00564	0.00554	0.00546	0.00691	0.00579	0.00413	0.01252	0.01126	0.02035	0.07103	0.05019	0.01632	0.00685	0.00401	0.00136	0.00272	0.00549	0.65336	0.00508
22	0.00990	0.00501	0.00504	0.00504	0.00623	0.00501	0.00373	0.01228	0.01109	0.01955	0.01748	0.02075	0.01404	0.04538	0.00490	0.00144	0.00263	0.00514	0.80043	0.00492
23	0.02343	0.01018	0.01310	0.01005	0.01422	0.00944	0.00830	0.15596	0.01711	0.64932	0.01971	0.01732	0.01255	0.00661	0.00539	0.00165	0.00480	0.00530	0.00642	0.00913
