[name]
unknown

[dist]
# distance from previous block
# <min> <max>
5	14

[block]
# block no. 0 follows, 44 sequences, length 79
# corresponding to MSA columns:
# 119-197
name=unknown_A
#
# <colnr> <probs for GDERKNQSTAVLIFYWHMCP>
#	G	D	E	R	K	N	Q	S	T	A	V	L	I	F	Y	W	H	M	C	P
0	0.02037	0.02598	0.01545	0.01404	0.01685	0.78652	0.01053	0.02177	0.01545	0.01334	0.00843	0.00983	0.00702	0.00562	0.00492	0.00140	0.00983	0.00351	0.00281	0.00632
1	0.00708	0.00538	0.00652	0.00658	0.00784	0.00482	0.00480	0.00893	0.01342	0.01790	0.38553	0.20506	0.27983	0.01325	0.00655	0.00186	0.00276	0.01157	0.00550	0.00482
2	0.01655	0.00923	0.01123	0.00950	0.01260	0.00926	0.00753	0.02344	0.27886	0.32821	0.20462	0.02459	0.02385	0.00805	0.00574	0.00175	0.00402	0.00679	0.00614	0.00804
3	0.02100	0.03979	0.01449	0.01096	0.01458	0.01178	0.00910	0.16927	0.06126	0.45363	0.01742	0.01632	0.01175	0.00705	0.00710	0.00176	0.11312	0.00522	0.00567	0.00870
4	0.01030	0.00969	0.01635	0.79530	0.03755	0.01211	0.01514	0.01393	0.01090	0.01393	0.00969	0.01453	0.00727	0.00545	0.00545	0.00182	0.00727	0.00484	0.00242	0.00606
5	0.00690	0.00534	0.00629	0.00649	0.00775	0.00473	0.00470	0.00855	0.01287	0.01679	0.27694	0.24507	0.35037	0.01381	0.00657	0.00190	0.00281	0.01202	0.00536	0.00473
6	0.00793	0.00529	0.00595	0.00595	0.00595	0.00529	0.00330	0.00793	0.00793	0.01057	0.01718	0.03568	0.01982	0.80840	0.02775	0.00529	0.00529	0.00793	0.00330	0.00330
7	0.01350	0.17735	0.41526	0.01449	0.02061	0.08777	0.07340	0.07667	0.01292	0.01727	0.00950	0.01121	0.00724	0.00534	0.00540	0.00161	0.03610	0.00405	0.00265	0.00766
8	0.01030	0.00969	0.01635	0.79530	0.03755	0.01211	0.01514	0.01393	0.01090	0.01393	0.00969	0.01453	0.00727	0.00545	0.00545	0.00182	0.00727	0.00484	0.00242	0.00606
9	0.01287	0.01471	0.03217	0.02298	0.02849	0.01379	0.75460	0.01746	0.01287	0.01746	0.01103	0.01471	0.00827	0.00460	0.00643	0.00184	0.00919	0.00643	0.00276	0.00735
10	0.00686	0.00558	0.00596	0.00606	0.00757	0.00492	0.00439	0.00856	0.03340	0.01498	0.09240	0.14646	0.55422	0.07424	0.00810	0.00214	0.00304	0.01149	0.00500	0.00463
11	0.01267	0.00949	0.01269	0.24772	0.03934	0.01069	0.00992	0.19535	0.01456	0.04725	0.01609	0.16954	0.01474	0.00958	0.03515	0.00205	0.02820	0.00703	0.11137	0.00654
12	0.01440	0.01172	0.01292	0.08078	0.01620	0.01344	0.00918	0.16751	0.49707	0.02407	0.01898	0.01842	0.01417	0.00698	0.00539	0.00176	0.00477	0.00572	0.06828	0.00826
13	0.01278	0.01011	0.01237	0.01038	0.07065	0.00834	0.00756	0.06962	0.01281	0.06515	0.03202	0.02876	0.01029	0.00491	0.00446	0.00104	0.00435	0.00404	0.00368	0.62670
14	0.01533	0.00999	0.01329	0.20609	0.01965	0.00948	0.00937	0.06484	0.03471	0.22698	0.01351	0.01448	0.00968	0.00539	0.00492	0.00138	0.00514	0.00444	0.00420	0.32712
15	0.01220	0.01022	0.01179	0.00850	0.01330	0.00819	0.00683	0.08445	0.01267	0.01935	0.01001	0.01147	0.00819	0.00428	0.00417	0.00089	0.00422	0.00339	0.00344	0.76244
16	0.72962	0.01186	0.00914	0.00802	0.01144	0.05957	0.00655	0.07655	0.01098	0.02459	0.00809	0.00926	0.00625	0.00522	0.00364	0.00167	0.00470	0.00315	0.00351	0.00620
17	0.01743	0.01124	0.01273	0.01078	0.01430	0.01212	0.00857	0.08325	0.47968	0.25461	0.02129	0.01925	0.01512	0.00713	0.00552	0.00178	0.00454	0.00586	0.00591	0.00888
18	0.01892	0.01441	0.01674	0.01308	0.01704	0.03743	0.06636	0.48376	0.12009	0.08538	0.01427	0.01441	0.01029	0.00668	0.00628	0.00172	0.05408	0.00518	0.00510	0.00876
19	0.00781	0.00584	0.00710	0.00679	0.00821	0.00539	0.00505	0.03625	0.01457	0.01981	0.50561	0.10017	0.21622	0.02844	0.00688	0.00185	0.00284	0.01045	0.00564	0.00507
20	0.01522	0.01750	0.01739	0.01487	0.01635	0.30998	0.06758	0.01675	0.01140	0.01353	0.00793	0.01134	0.00719	0.00767	0.01208	0.00197	0.43806	0.00442	0.00258	0.00620
21	0.01092	0.00867	0.01166	0.29330	0.02008	0.01018	0.00961	0.03322	0.16558	0.01798	0.03340	0.05158	0.01350	0.00834	0.03706	0.00199	0.03958	0.00579	0.22128	0.00626
22	0.01810	0.00827	0.01084	0.00880	0.01198	0.00747	0.00708	0.04814	0.03637	0.46410	0.25896	0.02659	0.05220	0.00839	0.00582	0.00170	0.00396	0.00707	0.00637	0.00779
23	0.01030	0.00969	0.01635	0.79530	0.03755	0.01211	0.01514	0.01393	0.01090	0.01393	0.00969	0.01453	0.00727	0.00545	0.00545	0.00182	0.00727	0.00484	0.00242	0.00606
24	0.06238	0.01166	0.01910	0.33559	0.07158	0.03009	0.18143	0.01611	0.06818	0.01629	0.01108	0.02925	0.00885	0.00603	0.00689	0.00185	0.09337	0.00536	0.01827	0.00664
25	0.00783	0.00524	0.00597	0.00607	0.00609	0.00522	0.00344	0.00790	0.00812	0.01082	0.01815	0.09386	0.02105	0.74854	0.02618	0.00505	0.00512	0.00850	0.00344	0.00339
26	0.00779	0.00584	0.00876	0.00876	0.00974	0.00681	0.00681	0.00974	0.00876	0.01266	0.01460	0.02142	0.01363	0.04089	0.78680	0.00876	0.01460	0.00584	0.00292	0.00487
27	0.01093	0.02820	0.78016	0.01554	0.02360	0.01266	0.02014	0.01727	0.01151	0.01727	0.00978	0.01151	0.00691	0.00518	0.00518	0.00173	0.00806	0.00403	0.00230	0.00806
28	0.02037	0.02598	0.01545	0.01404	0.01685	0.78652	0.01053	0.02177	0.01545	0.01334	0.00843	0.00983	0.00702	0.00562	0.00492	0.00140	0.00983	0.00351	0.00281	0.00632
29	0.00677	0.00507	0.00630	0.00711	0.00793	0.00461	0.00499	0.00802	0.01143	0.01485	0.09448	0.52097	0.22536	0.01569	0.00681	0.00209	0.00309	0.04474	0.00513	0.00455
30	0.00778	0.00555	0.00718	0.00678	0.00801	0.00515	0.00504	0.01025	0.01503	0.02136	0.72231	0.04003	0.04924	0.04421	0.00726	0.00185	0.00268	0.00967	0.02557	0.00507
31	0.01130	0.00969	0.01130	0.00807	0.01292	0.00727	0.00646	0.01373	0.01130	0.01776	0.00969	0.01130	0.00807	0.00404	0.00404	0.00081	0.00404	0.00323	0.00323	0.84173
32	0.03712	0.03724	0.01640	0.01253	0.01670	0.10986	0.01027	0.63337	0.02369	0.03106	0.01227	0.01250	0.00887	0.00635	0.00530	0.00160	0.00642	0.00465	0.00501	0.00879
33	0.00963	0.00752	0.01017	0.00943	0.01017	0.00928	0.00742	0.02604	0.00940	0.01442	0.01334	0.01976	0.01240	0.09657	0.34643	0.00518	0.22714	0.00558	0.15497	0.00515
34	0.01356	0.01171	0.01233	0.01109	0.01418	0.01356	0.00863	0.02897	0.76455	0.02281	0.02219	0.02034	0.01664	0.00740	0.00555	0.00185	0.00431	0.00616	0.00555	0.00863
35	0.00695	0.00624	0.03368	0.00649	0.00821	0.00500	0.00509	0.00875	0.01289	0.01651	0.23094	0.14723	0.46609	0.01326	0.00646	0.00185	0.00296	0.01135	0.00520	0.00484
36	0.00824	0.00629	0.00856	0.00853	0.00950	0.02696	0.00652	0.01007	0.00901	0.01291	0.01477	0.02204	0.01390	0.09084	0.67618	0.00797	0.01325	0.00589	0.04376	0.00481
37	0.01400	0.68734	0.14785	0.01031	0.01552	0.02016	0.01104	0.01647	0.01115	0.01353	0.00793	0.00918	0.00698	0.00475	0.00376	0.00125	0.00618	0.00309	0.00233	0.00716
38	0.00771	0.00563	0.00691	0.00654	0.00805	0.00505	0.00492	0.00994	0.01460	0.03542	0.55643	0.04354	0.25157	0.01180	0.00641	0.00175	0.00267	0.01023	0.00576	0.00508
39	0.01232	0.31234	0.48758	0.01375	0.03955	0.01590	0.01613	0.01691	0.01138	0.01567	0.00900	0.01056	0.00698	0.00498	0.00457	0.00152	0.00721	0.00365	0.00232	0.00769
40	0.01077	0.00567	0.00573	0.00551	0.00696	0.00576	0.00419	0.05554	0.01225	0.02113	0.01751	0.01991	0.01370	0.00636	0.00391	0.00129	0.00274	0.00507	0.79066	0.00532
41	0.01130	0.00969	0.01130	0.00807	0.01292	0.00727	0.00646	0.01373	0.01130	0.01776	0.00969	0.01130	0.00807	0.00404	0.00404	0.00081	0.00404	0.00323	0.00323	0.84173
42	0.01458	0.81168	0.02857	0.00933	0.01399	0.02157	0.00933	0.01632	0.01108	0.01283	0.00758	0.00875	0.00700	0.00466	0.00350	0.00117	0.00583	0.00292	0.00233	0.00700
43	0.01098	0.01075	0.01598	0.01357	0.01431	0.01407	0.07255	0.01259	0.00904	0.01350	0.01164	0.01621	0.05471	0.01464	0.14510	0.00338	0.55300	0.00550	0.00267	0.00581
44	0.01664	0.01200	0.01313	0.01074	0.01393	0.01318	0.00860	0.48297	0.07693	0.02786	0.01567	0.08821	0.01296	0.00954	0.03423	0.05285	0.00548	0.00602	0.09130	0.00777
45	0.00796	0.00524	0.00611	0.00617	0.00621	0.00525	0.00357	0.00791	0.00802	0.01072	0.01726	0.07095	0.01980	0.70158	0.04719	0.05594	0.00541	0.00804	0.00332	0.00334
46	0.01024	0.00948	0.01586	0.75913	0.03611	0.01180	0.01461	0.01376	0.01084	0.01400	0.01005	0.01515	0.00771	0.02396	0.00593	0.00188	0.00711	0.00492	0.02149	0.00597
47	0.01330	0.01276	0.02178	0.07967	0.72971	0.01290	0.01663	0.01656	0.01232	0.01758	0.01022	0.01356	0.00855	0.00489	0.00540	0.00163	0.00652	0.00486	0.00268	0.00848
48	0.00785	0.00530	0.00592	0.00592	0.00602	0.00525	0.00335	0.00792	0.00818	0.01080	0.01928	0.03660	0.06141	0.76448	0.02657	0.00510	0.00515	0.00813	0.00340	0.00338
49	0.01374	0.01180	0.01243	0.01113	0.01424	0.01364	0.00867	0.04714	0.74609	0.02309	0.02196	0.02016	0.01646	0.00738	0.00554	0.00184	0.00436	0.00613	0.00554	0.00865
50	0.01432	0.50422	0.19046	0.01124	0.01627	0.12329	0.01171	0.01706	0.01192	0.01419	0.03562	0.01065	0.00858	0.00514	0.00416	0.00134	0.00675	0.00349	0.00252	0.00707
51	0.01458	0.81168	0.02857	0.00933	0.01399	0.02157	0.00933	0.01632	0.01108	0.01283	0.00758	0.00875	0.00700	0.00466	0.00350	0.00117	0.00583	0.00292	0.00233	0.00700
52	0.84691	0.01054	0.00801	0.00717	0.01054	0.01223	0.00590	0.01603	0.00928	0.02446	0.00759	0.00886	0.00590	0.00506	0.00337	0.00169	0.00422	0.00295	0.00337	0.00590
53	0.01158	0.01220	0.02361	0.09532	0.10718	0.02797	0.41682	0.01505	0.01208	0.01625	0.01446	0.17212	0.01371	0.00735	0.00660	0.00189	0.02810	0.00781	0.00317	0.00673
54	0.00780	0.00578	0.00847	0.00847	0.00934	0.00666	0.00645	0.00955	0.00868	0.01244	0.01487	0.02289	0.01427	0.12025	0.70831	0.00840	0.01364	0.00606	0.00296	0.00471
55	0.00673	0.00478	0.00630	0.00748	0.00778	0.00449	0.00494	0.00761	0.01027	0.01369	0.02919	0.75366	0.03498	0.06974	0.00834	0.00242	0.00330	0.01499	0.00494	0.00435
56	0.00692	0.00554	0.00618	0.00602	0.00766	0.00481	0.00452	0.00875	0.01355	0.01740	0.32396	0.04806	0.50178	0.01281	0.00644	0.00179	0.00269	0.01089	0.00541	0.00481
57	0.01915	0.01211	0.01346	0.01066	0.01439	0.01292	0.00869	0.42089	0.09270	0.18336	0.01642	0.01603	0.01158	0.00664	0.00521	0.00161	0.00502	0.00517	0.13541	0.00856
58	0.00793	0.00529	0.00595	0.00595	0.00595	0.00529	0.00330	0.00793	0.00793	0.01057	0.01718	0.03568	0.01982	0.80840	0.02775	0.00529	0.00529	0.00793	0.00330	0.00330
59	0.02018	0.01500	0.01606	0.01243	0.01670	0.01665	0.01023	0.70120	0.08153	0.03348	0.01378	0.01364	0.00983	0.00661	0.00546	0.00165	0.00587	0.00500	0.00546	0.00922
60	0.01038	0.00977	0.01650	0.77557	0.05663	0.01213	0.01518	0.01400	0.01094	0.01403	0.00970	0.01451	0.00730	0.00544	0.00545	0.00181	0.00725	0.00485	0.00243	0.00612
61	0.02042	0.02431	0.01559	0.01381	0.01686	0.66619	0.01051	0.13660	0.01704	0.01663	0.00916	0.01034	0.00737	0.00576	0.00500	0.00144	0.00923	0.00373	0.00322	0.00678
62	0.01225	0.01195	0.01505	0.03101	0.01427	0.07463	0.02737	0.05811	0.01018	0.01433	0.00988	0.03674	0.00969	0.07254	0.09073	0.00307	0.49414	0.00536	0.00281	0.00588
63	0.01278	0.01453	0.03160	0.05072	0.02882	0.01373	0.72804	0.01734	0.01280	0.01734	0.01098	0.01470	0.00824	0.00463	0.00640	0.00184	0.00912	0.00638	0.00275	0.00731
64	0.01342	0.53326	0.21992	0.01182	0.03301	0.01873	0.01245	0.01633	0.01101	0.01409	0.00817	0.00980	0.00702	0.00517	0.00506	0.00141	0.06637	0.00338	0.00234	0.00723
65	0.00666	0.00478	0.00632	0.00752	0.00790	0.00445	0.00504	0.00765	0.01060	0.01411	0.04620	0.76798	0.05687	0.01687	0.00693	0.00219	0.00314	0.01527	0.00508	0.00445
66	0.00665	0.00548	0.00584	0.00585	0.00752	0.00467	0.00435	0.00818	0.01276	0.01576	0.16265	0.09631	0.61791	0.01360	0.00647	0.00184	0.00276	0.01150	0.00521	0.00467
67	0.00761	0.00557	0.00714	0.00675	0.00808	0.00510	0.00506	0.01008	0.01518	0.02126	0.71115	0.04171	0.11219	0.01137	0.00643	0.00173	0.00259	0.01000	0.00592	0.00510
68	0.00779	0.00584	0.00876	0.00876	0.00974	0.00681	0.00681	0.00974	0.00876	0.01266	0.01460	0.02142	0.01363	0.04089	0.78680	0.00876	0.01460	0.00584	0.00292	0.00487
69	0.01030	0.00969	0.01635	0.79530	0.03755	0.01211	0.01514	0.01393	0.01090	0.01393	0.00969	0.01453	0.00727	0.00545	0.00545	0.00182	0.00727	0.00484	0.00242	0.00606
70	0.01105	0.00936	0.01090	0.00791	0.01239	0.00712	0.00622	0.01329	0.01105	0.01722	0.01026	0.01315	0.00896	0.06489	0.00583	0.00115	0.00413	0.00359	0.00324	0.77830
71	0.01375	0.01196	0.01300	0.05432	0.08896	0.07045	0.00931	0.11248	0.33869	0.04246	0.02291	0.06934	0.11235	0.00820	0.00567	0.00178	0.00505	0.00685	0.00483	0.00764
72	0.03931	0.00494	0.00713	0.00710	0.00722	0.00500	0.00478	0.00742	0.00718	0.01000	0.00940	0.01630	0.00934	0.01844	0.02067	0.81146	0.00472	0.00467	0.00240	0.00249
73	0.00699	0.00509	0.00666	0.00759	0.00821	0.00464	0.00512	0.00801	0.01044	0.01411	0.02840	0.73496	0.03382	0.03272	0.00719	0.00218	0.00327	0.01451	0.00490	0.06119
74	0.01836	0.01516	0.01496	0.01222	0.01601	0.09114	0.00982	0.44820	0.26457	0.02855	0.01559	0.01512	0.01144	0.00673	0.00543	0.00168	0.00583	0.00518	0.00523	0.00877
75	0.00787	0.00549	0.00696	0.00694	0.00732	0.00580	0.00457	0.00863	0.00848	0.01169	0.04318	0.03099	0.01883	0.51781	0.28628	0.00635	0.00837	0.00728	0.00327	0.00390
76	0.01902	0.01402	0.01522	0.01191	0.01569	0.01570	0.00980	0.62372	0.04066	0.03147	0.01339	0.01387	0.00976	0.00673	0.00605	0.00165	0.05369	0.00495	0.08403	0.00866
77	0.01107	0.00663	0.00705	0.00654	0.00816	0.00691	0.00496	0.09218	0.05632	0.02118	0.07441	0.02211	0.01682	0.05894	0.03393	0.00190	0.00362	0.00569	0.55596	0.00562
78	0.01397	0.03166	0.01977	0.04631	0.54065	0.10485	0.01453	0.01755	0.05462	0.01736	0.02868	0.01414	0.00993	0.00545	0.00571	0.00162	0.03366	0.00485	0.02669	0.00798

[dist]
# distance from previous block
# <min> <max>
5	9

[block]
# block no. 1 follows, 44 sequences, length 22
# corresponding to MSA columns:
# 207-228
name=unknown_B
#
# <colnr> <probs for GDERKNQSTAVLIFYWHMCP>
#	G	D	E	R	K	N	Q	S	T	A	V	L	I	F	Y	W	H	M	C	P
0	0.00673	0.00481	0.00641	0.00753	0.00793	0.00449	0.00507	0.00782	0.01086	0.01458	0.09214	0.74086	0.03735	0.01658	0.00691	0.00217	0.00311	0.01503	0.00514	0.00449
1	0.01219	0.01025	0.01177	0.00858	0.01331	0.00835	0.00688	0.07657	0.04524	0.01937	0.01052	0.01185	0.00855	0.00439	0.00422	0.00092	0.00421	0.00350	0.00352	0.73582
2	0.01497	0.02923	0.01515	0.07285	0.01715	0.01094	0.08586	0.16058	0.07782	0.12694	0.01462	0.07193	0.01176	0.00632	0.00520	0.00148	0.00529	0.00546	0.00435	0.26212
3	0.08060	0.01284	0.04034	0.13005	0.46742	0.03393	0.05439	0.01675	0.04249	0.01781	0.01125	0.01557	0.00945	0.00552	0.00538	0.00171	0.00653	0.03729	0.00293	0.00776
4	0.02294	0.00915	0.01232	0.00955	0.01353	0.00805	0.00785	0.04777	0.01590	0.69183	0.08406	0.02024	0.01654	0.00711	0.00556	0.00169	0.00451	0.00583	0.00665	0.00893
5	0.01480	0.01471	0.04069	0.16254	0.39657	0.12055	0.04469	0.07552	0.01373	0.04884	0.01060	0.01334	0.00835	0.00528	0.00538	0.00164	0.00712	0.00474	0.00304	0.00786
6	0.01208	0.01151	0.01958	0.37006	0.44884	0.01258	0.01603	0.01549	0.01175	0.01610	0.01001	0.01395	0.00803	0.00512	0.00542	0.00171	0.00683	0.00485	0.00258	0.00750
7	0.00793	0.00529	0.00595	0.00595	0.00595	0.00529	0.00330	0.00793	0.00793	0.01057	0.01718	0.03568	0.01982	0.80840	0.02775	0.00529	0.00529	0.00793	0.00330	0.00330
8	0.01261	0.38909	0.43396	0.01268	0.01917	0.01677	0.01516	0.01683	0.01131	0.01522	0.00877	0.01024	0.00695	0.00494	0.00441	0.00147	0.00703	0.00352	0.00232	0.00757
9	0.02072	0.01527	0.01636	0.01254	0.01691	0.01691	0.01036	0.75622	0.02563	0.03436	0.01309	0.01309	0.00927	0.00654	0.00545	0.00164	0.00600	0.00491	0.00545	0.00927
10	0.00824	0.00589	0.00713	0.00694	0.00705	0.00638	0.00439	0.00855	0.00805	0.01101	0.01608	0.03216	0.01810	0.65825	0.11131	0.00544	0.07071	0.00744	0.00319	0.00369
11	0.00793	0.00529	0.00595	0.00595	0.00595	0.00529	0.00330	0.00793	0.00793	0.01057	0.01718	0.03568	0.01982	0.80840	0.02775	0.00529	0.00529	0.00793	0.00330	0.00330
12	0.01522	0.01410	0.01480	0.01532	0.14032	0.10986	0.01040	0.10942	0.46263	0.02213	0.01747	0.01707	0.01328	0.00666	0.00543	0.00173	0.00555	0.00547	0.00473	0.00842
13	0.01198	0.01438	0.07805	0.02062	0.02567	0.01257	0.61527	0.01625	0.01248	0.01702	0.01326	0.11062	0.01156	0.00615	0.00642	0.00188	0.00838	0.00738	0.00301	0.00704
14	0.00662	0.00484	0.00622	0.00733	0.00784	0.00445	0.00494	0.00762	0.01069	0.01402	0.03326	0.70887	0.12996	0.01666	0.00689	0.00217	0.00311	0.01499	0.00506	0.00445
15	0.00820	0.00631	0.00929	0.00910	0.01000	0.00756	0.00713	0.01010	0.00881	0.01294	0.01410	0.02061	0.01311	0.03724	0.69942	0.00801	0.07785	0.00573	0.02952	0.00496
16	0.01496	0.01052	0.01172	0.07313	0.01429	0.01154	0.00810	0.34758	0.06938	0.02639	0.07202	0.01814	0.01432	0.00680	0.00500	0.00155	0.00460	0.00542	0.27725	0.00729
17	0.00759	0.00597	0.00756	0.04221	0.03284	0.00551	0.00561	0.00983	0.01414	0.01901	0.47614	0.04262	0.28773	0.01158	0.00636	0.00176	0.00296	0.01003	0.00543	0.00511
18	0.01706	0.01381	0.01395	0.01088	0.01511	0.09438	0.00876	0.31315	0.09063	0.07191	0.01286	0.01319	0.00961	0.00570	0.00493	0.00136	0.00550	0.00435	0.00452	0.28834
19	0.00664	0.00474	0.00633	0.00759	0.00791	0.00443	0.00506	0.00759	0.01044	0.01392	0.03005	0.80485	0.03606	0.01708	0.00696	0.00221	0.00316	0.01550	0.00506	0.00443
20	0.05939	0.00945	0.01240	0.00961	0.01376	0.00842	0.00791	0.02590	0.04845	0.69289	0.02064	0.01803	0.01317	0.00664	0.00536	0.00167	0.00459	0.00535	0.00646	0.02992
21	0.01985	0.01484	0.01587	0.01237	0.01657	0.01650	0.01015	0.66746	0.11581	0.03295	0.01420	0.01397	0.01017	0.00665	0.00547	0.00166	0.00579	0.00506	0.00547	0.00919

[dist]
# distance from previous block
# <min> <max>
0	1

[block]
# block no. 2 follows, 44 sequences, length 28
# corresponding to MSA columns:
# 230-257
name=unknown_C
#
# <colnr> <probs for GDERKNQSTAVLIFYWHMCP>
#	G	D	E	R	K	N	Q	S	T	A	V	L	I	F	Y	W	H	M	C	P
0	0.15308	0.01290	0.01302	0.01052	0.01413	0.04570	0.00854	0.42081	0.03730	0.09184	0.01420	0.05254	0.01092	0.00680	0.00502	0.00164	0.00525	0.00515	0.08268	0.00796
1	0.10593	0.02283	0.01454	0.01305	0.01604	0.61072	0.00992	0.06688	0.06179	0.01638	0.00948	0.01058	0.00764	0.00573	0.00483	0.00148	0.00867	0.00370	0.00320	0.00660
2	0.01147	0.02744	0.74950	0.01531	0.02321	0.01248	0.01966	0.01764	0.01167	0.04766	0.01025	0.01179	0.00717	0.00524	0.00519	0.00172	0.00792	0.00409	0.00248	0.00811
3	0.04974	0.00674	0.00906	0.00877	0.00999	0.00686	0.05238	0.03859	0.05766	0.01604	0.08555	0.38277	0.02727	0.12801	0.09181	0.00320	0.00523	0.01078	0.00448	0.00507
4	0.00644	0.00552	0.00552	0.00552	0.00736	0.00460	0.00414	0.00782	0.01243	0.01473	0.05523	0.05247	0.77218	0.01381	0.00644	0.00184	0.00276	0.01151	0.00506	0.00460
5	0.01049	0.00549	0.00562	0.00547	0.00685	0.00558	0.00415	0.04057	0.01189	0.02062	0.01751	0.02009	0.01379	0.00739	0.02726	0.00151	0.00303	0.00510	0.78238	0.00523
6	0.01349	0.01295	0.02213	0.03346	0.77440	0.01295	0.01673	0.01673	0.01241	0.01781	0.01025	0.01349	0.00864	0.00486	0.00540	0.00162	0.00648	0.00486	0.00270	0.00864
7	0.01458	0.81168	0.02857	0.00933	0.01399	0.02157	0.00933	0.01632	0.01108	0.01283	0.00758	0.00875	0.00700	0.00466	0.00350	0.00117	0.00583	0.00292	0.00233	0.00700
8	0.00804	0.00526	0.00590	0.00593	0.00602	0.00525	0.00338	0.00822	0.00821	0.01127	0.01754	0.05419	0.01987	0.73816	0.02572	0.00496	0.00506	0.00794	0.05563	0.00344
9	0.00793	0.00529	0.00595	0.00595	0.00595	0.00529	0.00330	0.00793	0.00793	0.01057	0.01718	0.03568	0.01982	0.80840	0.02775	0.00529	0.00529	0.00793	0.00330	0.00330
10	0.00668	0.00477	0.00636	0.00757	0.00791	0.00445	0.00506	0.00768	0.01060	0.01417	0.05369	0.78048	0.03655	0.01689	0.00694	0.00220	0.00314	0.01532	0.00509	0.00445
11	0.00878	0.00667	0.00936	0.00909	0.01036	0.00773	0.00710	0.04766	0.05636	0.01435	0.01500	0.02094	0.01360	0.03713	0.70000	0.00798	0.01354	0.00582	0.00321	0.00532
12	0.00934	0.00705	0.00898	0.00932	0.01067	0.00741	0.00754	0.01313	0.11546	0.03201	0.08676	0.15304	0.08492	0.04743	0.00844	0.00236	0.05096	0.33471	0.00498	0.00548
13	0.01153	0.06324	0.63547	0.01621	0.06715	0.01319	0.03350	0.03268	0.01180	0.01737	0.00974	0.01160	0.00712	0.00522	0.00539	0.00169	0.02482	0.00409	0.00242	0.02576
14	0.07920	0.05942	0.01502	0.01202	0.03508	0.14380	0.00945	0.35809	0.12949	0.02578	0.01321	0.01359	0.00993	0.00624	0.00500	0.00158	0.00601	0.00462	0.06447	0.00799
15	0.06847	0.01947	0.01552	0.10141	0.01850	0.44507	0.03380	0.05670	0.01381	0.01540	0.00921	0.02994	0.00787	0.00636	0.00677	0.00163	0.11735	0.00424	0.00294	0.02552
16	0.01178	0.01253	0.02511	0.14729	0.06066	0.01271	0.45916	0.01559	0.01221	0.01666	0.05847	0.05490	0.01208	0.00615	0.00714	0.00188	0.06925	0.00663	0.00299	0.00681
17	0.00790	0.00541	0.00656	0.00656	0.00677	0.00562	0.00407	0.00832	0.00811	0.01103	0.01662	0.03256	0.01847	0.64076	0.19355	0.00604	0.00732	0.00747	0.00322	0.00365
18	0.84691	0.01054	0.00801	0.00717	0.01054	0.01223	0.00590	0.01603	0.00928	0.02446	0.00759	0.00886	0.00590	0.00506	0.00337	0.00169	0.00422	0.00295	0.00337	0.00590
19	0.00675	0.00495	0.00634	0.00723	0.00786	0.00454	0.00495	0.00795	0.01131	0.01499	0.12392	0.61147	0.13586	0.01592	0.00683	0.00210	0.00304	0.01428	0.00518	0.00454
20	0.00793	0.00529	0.00595	0.00595	0.00595	0.00529	0.00330	0.00793	0.00793	0.01057	0.01718	0.03568	0.01982	0.80840	0.02775	0.00529	0.00529	0.00793	0.00330	0.00330
21	0.02341	0.00905	0.01232	0.00952	0.01356	0.00783	0.00783	0.02555	0.01559	0.73084	0.06845	0.01994	0.01587	0.00702	0.00554	0.00169	0.00451	0.00576	0.00670	0.00902
22	0.01356	0.01171	0.01233	0.01109	0.01418	0.01356	0.00863	0.02897	0.76455	0.02281	0.02219	0.02034	0.01664	0.00740	0.00555	0.00185	0.00431	0.00616	0.00555	0.00863
23	0.02040	0.01525	0.01702	0.01298	0.01739	0.01678	0.04140	0.72541	0.02510	0.03365	0.01300	0.01316	0.00923	0.00646	0.00549	0.00164	0.00613	0.00497	0.00534	0.00919
24	0.01356	0.01171	0.01233	0.01109	0.01418	0.01356	0.00863	0.02897	0.76455	0.02281	0.02219	0.02034	0.01664	0.00740	0.00555	0.00185	0.00431	0.00616	0.00555	0.00863
25	0.07336	0.00974	0.01238	0.00965	0.01375	0.00887	0.00796	0.07301	0.03191	0.58301	0.01944	0.01847	0.01298	0.00671	0.00531	0.00165	0.00466	0.02881	0.00610	0.07223
26	0.01251	0.01286	0.02542	0.01845	0.02329	0.01186	0.51630	0.01627	0.01235	0.04076	0.01216	0.06353	0.01010	0.00550	0.00635	0.00168	0.03320	0.00630	0.00310	0.16801
27	0.01085	0.09764	0.01151	0.00834	0.01086	0.02642	0.02947	0.15372	0.01492	0.01897	0.12513	0.08268	0.32499	0.05193	0.00703	0.00190	0.00421	0.00881	0.00474	0.00588

[dist]
# distance from previous block
# <min> <max>
4	9

[block]
# block no. 3 follows, 44 sequences, length 97
# corresponding to MSA columns:
# 267-285,321-343,345-399
name=unknown_D
#
# <colnr> <probs for GDERKNQSTAVLIFYWHMCP>
#	G	D	E	R	K	N	Q	S	T	A	V	L	I	F	Y	W	H	M	C	P
0	0.04162	0.00977	0.01056	0.00937	0.01208	0.01062	0.00732	0.09447	0.37373	0.04880	0.18232	0.02801	0.13067	0.00891	0.00577	0.00179	0.00390	0.00744	0.00553	0.00732
1	0.37646	0.08164	0.17740	0.06057	0.01761	0.04353	0.09041	0.01643	0.01075	0.01972	0.00871	0.01058	0.00672	0.00499	0.00433	0.00161	0.00610	0.00371	0.00290	0.05583
2	0.77949	0.04290	0.04075	0.00760	0.01122	0.01262	0.00663	0.01609	0.00944	0.02370	0.00768	0.00896	0.00599	0.00505	0.00345	0.00167	0.00444	0.00300	0.00329	0.00604
3	0.06369	0.00934	0.01243	0.00958	0.01376	0.00821	0.00791	0.02607	0.01530	0.74222	0.02084	0.01809	0.01313	0.00667	0.00538	0.00169	0.00462	0.00536	0.00659	0.00912
4	0.00717	0.00565	0.00648	0.00631	0.00787	0.00503	0.00471	0.00936	0.02947	0.01805	0.37274	0.07293	0.40946	0.01260	0.00644	0.00180	0.00272	0.01080	0.00549	0.00492
5	0.01249	0.01208	0.03951	0.01489	0.01817	0.01224	0.23886	0.01518	0.01107	0.06363	0.01139	0.06512	0.00999	0.00700	0.00944	0.00179	0.25543	0.00567	0.00314	0.19291
6	0.81796	0.01071	0.00831	0.00736	0.01077	0.01239	0.00606	0.04197	0.00985	0.02481	0.00778	0.00900	0.00602	0.00511	0.00345	0.00169	0.00428	0.00302	0.00345	0.00602
7	0.00747	0.00554	0.00696	0.00665	0.00800	0.00503	0.00497	0.00979	0.01478	0.02043	0.62916	0.06294	0.17455	0.01176	0.00645	0.00175	0.00262	0.01029	0.00582	0.00503
8	0.01130	0.00969	0.01130	0.00807	0.01292	0.00727	0.00646	0.01373	0.01130	0.01776	0.00969	0.01130	0.00807	0.00404	0.00404	0.00081	0.00404	0.00323	0.00323	0.84173
9	0.01864	0.01358	0.01470	0.01156	0.01536	0.01494	0.00945	0.62980	0.02326	0.03157	0.04416	0.04063	0.01226	0.00825	0.03246	0.00188	0.00585	0.00549	0.05762	0.00853
10	0.00663	0.00552	0.00574	0.00569	0.00741	0.00468	0.00423	0.00811	0.01263	0.01541	0.13535	0.05062	0.66735	0.03784	0.00709	0.00193	0.00282	0.01121	0.00512	0.00462
11	0.01137	0.12254	0.68966	0.01479	0.02244	0.01373	0.01884	0.01715	0.01146	0.01673	0.00952	0.01118	0.00692	0.00512	0.00498	0.00166	0.00779	0.00389	0.00231	0.00793
12	0.01339	0.01280	0.02159	0.05891	0.72238	0.01295	0.01639	0.01706	0.03872	0.01785	0.01065	0.01377	0.00887	0.00497	0.00540	0.00163	0.00643	0.00490	0.00279	0.00855
13	0.00644	0.00552	0.00552	0.00552	0.00736	0.00460	0.00414	0.00782	0.01243	0.01473	0.05523	0.05247	0.77218	0.01381	0.00644	0.00184	0.00276	0.01151	0.00506	0.00460
14	0.01356	0.01179	0.01291	0.01243	0.05956	0.01352	0.00911	0.02824	0.71965	0.02251	0.02148	0.01993	0.01616	0.00724	0.00554	0.00184	0.00444	0.00609	0.00538	0.00863
15	0.00774	0.00529	0.00592	0.00597	0.00615	0.00519	0.00345	0.00791	0.00843	0.01108	0.02113	0.06780	0.08842	0.70515	0.02500	0.00485	0.00497	0.00855	0.00353	0.00347
16	0.01013	0.00941	0.01312	0.01178	0.01213	0.01240	0.00953	0.01151	0.00925	0.01372	0.05818	0.11385	0.04447	0.01593	0.14306	0.00336	0.49272	0.00683	0.00312	0.00549
17	0.00777	0.00507	0.00676	0.00767	0.00828	0.00469	0.00524	0.00889	0.01106	0.06004	0.07603	0.70999	0.03568	0.01609	0.00684	0.00215	0.00321	0.01455	0.00522	0.00476
18	0.00712	0.00513	0.00669	0.00716	0.00793	0.00476	0.00501	0.00874	0.01252	0.01717	0.34111	0.43519	0.06747	0.03871	0.00736	0.00209	0.00297	0.01277	0.00540	0.00470
19	0.01030	0.00969	0.01635	0.79530	0.03755	0.01211	0.01514	0.01393	0.01090	0.01393	0.00969	0.01453	0.00727	0.00545	0.00545	0.00182	0.00727	0.00484	0.00242	0.00606
20	0.00673	0.00481	0.00642	0.00769	0.00804	0.00450	0.00521	0.00774	0.01052	0.01401	0.03000	0.77527	0.03587	0.01700	0.00698	0.00223	0.00324	0.04423	0.00506	0.00445
21	0.03060	0.11511	0.55153	0.01428	0.04070	0.01300	0.01679	0.01815	0.01200	0.11013	0.02246	0.01249	0.00842	0.00539	0.00501	0.00165	0.00718	0.00417	0.00294	0.00801
22	0.01458	0.81168	0.02857	0.00933	0.01399	0.02157	0.00933	0.01632	0.01108	0.01283	0.00758	0.00875	0.00700	0.00466	0.00350	0.00117	0.00583	0.00292	0.00233	0.00700
23	0.84691	0.01054	0.00801	0.00717	0.01054	0.01223	0.00590	0.01603	0.00928	0.02446	0.00759	0.00886	0.00590	0.00506	0.00337	0.00169	0.00422	0.00295	0.00337	0.00590
24	0.01099	0.04230	0.08284	0.00820	0.01072	0.00699	0.00713	0.01354	0.01409	0.14554	0.40959	0.06041	0.09401	0.04729	0.00706	0.00190	0.00379	0.02222	0.00537	0.00603
25	0.00727	0.00603	0.00687	0.01959	0.03175	0.00540	0.00510	0.00950	0.03756	0.01686	0.23119	0.04668	0.53173	0.01252	0.00636	0.00180	0.00295	0.01061	0.00520	0.00502
26	0.00763	0.00570	0.00722	0.00818	0.00890	0.00567	0.00574	0.01045	0.10288	0.01516	0.02901	0.65954	0.03337	0.01576	0.00682	0.00219	0.00343	0.06223	0.00512	0.00498
27	0.03265	0.74457	0.02714	0.00931	0.01392	0.02053	0.00917	0.01696	0.01132	0.06106	0.00845	0.00936	0.00738	0.00480	0.00362	0.00121	0.00572	0.00308	0.00263	0.00712
28	0.01133	0.07100	0.55482	0.07975	0.08453	0.01306	0.05741	0.01674	0.01167	0.01689	0.02758	0.01260	0.00820	0.00525	0.00521	0.00170	0.00766	0.00436	0.00246	0.00777
29	0.01268	0.01180	0.01947	0.33482	0.43415	0.01287	0.01570	0.06199	0.01264	0.01731	0.01021	0.01388	0.00813	0.00520	0.00542	0.00170	0.00676	0.00486	0.00276	0.00765
30	0.01178	0.00709	0.00883	0.00775	0.00989	0.00668	0.00602	0.05977	0.04554	0.16209	0.47499	0.03485	0.10771	0.01006	0.00611	0.00171	0.00325	0.00867	0.02096	0.00625
31	0.00788	0.00530	0.00613	0.00617	0.00624	0.00535	0.00357	0.00802	0.00806	0.01081	0.01747	0.06143	0.02001	0.73522	0.07234	0.00539	0.00577	0.00807	0.00334	0.00344
32	0.01135	0.01012	0.01431	0.10059	0.01590	0.03686	0.08228	0.02676	0.01079	0.01619	0.04502	0.06259	0.01258	0.00816	0.01019	0.00191	0.31881	0.00583	0.20391	0.00584
33	0.01853	0.12028	0.01722	0.01350	0.01616	0.59021	0.01057	0.01995	0.01397	0.01325	0.00815	0.00998	0.00704	0.00602	0.00647	0.00151	0.11453	0.00361	0.00269	0.00636
34	0.01458	0.81168	0.02857	0.00933	0.01399	0.02157	0.00933	0.01632	0.01108	0.01283	0.00758	0.00875	0.00700	0.00466	0.00350	0.00117	0.00583	0.00292	0.00233	0.00700
35	0.00796	0.00541	0.00657	0.00657	0.00683	0.00563	0.00413	0.00849	0.00823	0.01135	0.01660	0.03192	0.01821	0.60692	0.20199	0.00596	0.00735	0.00736	0.02880	0.00372
36	0.00716	0.00555	0.00652	0.00628	0.00780	0.00491	0.00471	0.00921	0.01412	0.01875	0.45886	0.04585	0.36604	0.01231	0.00644	0.00177	0.00265	0.01058	0.00559	0.00491
37	0.01893	0.02359	0.01566	0.01409	0.01642	0.65557	0.01077	0.02030	0.01424	0.01330	0.00821	0.01019	0.00705	0.00629	0.00712	0.00157	0.14397	0.00373	0.00274	0.00626
38	0.00681	0.00489	0.00646	0.00753	0.00797	0.00453	0.00505	0.00784	0.01064	0.01429	0.06475	0.73660	0.03591	0.03402	0.00734	0.00223	0.00320	0.01483	0.00503	0.02008
39	0.02169	0.01033	0.01273	0.01010	0.01405	0.02658	0.00822	0.06980	0.14107	0.55883	0.03817	0.01872	0.01441	0.00687	0.00547	0.00169	0.00472	0.00558	0.00630	0.02468
40	0.01207	0.01172	0.01652	0.01406	0.01448	0.01592	0.03112	0.04843	0.00932	0.01421	0.00808	0.01274	0.00775	0.01153	0.07239	0.00279	0.68330	0.00490	0.00258	0.00608
41	0.02002	0.02081	0.01531	0.01303	0.01637	0.44957	0.01015	0.30732	0.01922	0.02186	0.01069	0.01160	0.00823	0.00601	0.00507	0.00149	0.00799	0.00413	0.04371	0.00741
42	0.00951	0.00746	0.01014	0.00982	0.01183	0.00727	0.05436	0.06701	0.02860	0.01791	0.07998	0.04963	0.19023	0.01283	0.00688	0.00215	0.00467	0.39970	0.00495	0.02506
43	0.84691	0.01054	0.00801	0.00717	0.01054	0.01223	0.00590	0.01603	0.00928	0.02446	0.00759	0.00886	0.00590	0.00506	0.00337	0.00169	0.00422	0.00295	0.00337	0.00590
44	0.01301	0.00674	0.00898	0.00776	0.00997	0.00605	0.00605	0.01544	0.01549	0.26114	0.53424	0.03371	0.03944	0.00975	0.00613	0.00171	0.00323	0.00847	0.00624	0.00645
45	0.00791	0.00536	0.00634	0.00634	0.00648	0.00550	0.00380	0.00818	0.00805	0.01086	0.01682	0.03367	0.01895	0.70043	0.13453	0.00577	0.00660	0.00763	0.00325	0.00352
46	0.00685	0.00493	0.00653	0.00774	0.00822	0.00462	0.00539	0.00797	0.01074	0.01419	0.03113	0.69516	0.07070	0.01672	0.00699	0.00223	0.00333	0.08701	0.00506	0.00450
47	0.00805	0.00622	0.00926	0.00911	0.01002	0.00743	0.00714	0.00995	0.00874	0.01268	0.01414	0.02082	0.01322	0.03892	0.73858	0.00836	0.06375	0.00577	0.00289	0.00494
48	0.01366	0.61409	0.21812	0.01089	0.01641	0.01932	0.01206	0.01656	0.01119	0.01395	0.00814	0.00944	0.00697	0.00479	0.00392	0.00131	0.00639	0.00320	0.00232	0.00726
49	0.01458	0.81168	0.02857	0.00933	0.01399	0.02157	0.00933	0.01632	0.01108	0.01283	0.00758	0.00875	0.00700	0.00466	0.00350	0.00117	0.00583	0.00292	0.00233	0.00700
50	0.00664	0.00474	0.00633	0.00759	0.00791	0.00443	0.00506	0.00759	0.01044	0.01392	0.03005	0.80485	0.03606	0.01708	0.00696	0.00221	0.00316	0.01550	0.00506	0.00443
51	0.00675	0.00486	0.00641	0.00754	0.00800	0.00453	0.00514	0.00783	0.01080	0.01435	0.06115	0.71399	0.07164	0.01662	0.00693	0.00219	0.00318	0.03852	0.00510	0.00448
52	0.02129	0.00913	0.01161	0.00913	0.01279	0.00843	0.00746	0.10481	0.01591	0.54980	0.01986	0.01829	0.01312	0.00665	0.00516	0.00160	0.00439	0.00534	0.16675	0.00847
53	0.00653	0.00553	0.00565	0.00562	0.00742	0.00464	0.00421	0.00800	0.01264	0.01523	0.10539	0.05164	0.72171	0.01362	0.00644	0.00183	0.00275	0.01139	0.00513	0.00464
54	0.00756	0.00544	0.00722	0.00745	0.00848	0.00509	0.00558	0.00969	0.01373	0.01904	0.47952	0.24844	0.04480	0.01323	0.00671	0.00195	0.00304	0.10249	0.00563	0.00494
55	0.02072	0.01527	0.01636	0.01254	0.01691	0.01691	0.01036	0.75622	0.02563	0.03436	0.01309	0.01309	0.00927	0.00654	0.00545	0.00164	0.00600	0.00491	0.00545	0.00927
56	0.00675	0.00494	0.00635	0.00726	0.00787	0.00454	0.00496	0.00795	0.01129	0.01499	0.12380	0.62200	0.12532	0.01597	0.00683	0.00211	0.00304	0.01433	0.00518	0.00454
57	0.01018	0.00953	0.01589	0.73072	0.03533	0.01190	0.01455	0.01360	0.01079	0.01390	0.01057	0.05214	0.00864	0.00615	0.00595	0.00186	0.03444	0.00535	0.00255	0.00598
58	0.00825	0.00643	0.00847	0.00842	0.00927	0.03350	0.00629	0.00981	0.00884	0.01229	0.01487	0.02369	0.01456	0.18348	0.61753	0.00786	0.01269	0.00615	0.00299	0.00462
59	0.01287	0.01471	0.03217	0.02298	0.02849	0.01379	0.75460	0.01746	0.01287	0.01746	0.01103	0.01471	0.00827	0.00460	0.00643	0.00184	0.00919	0.00643	0.00276	0.00735
60	0.01202	0.01039	0.01291	0.18264	0.06437	0.01195	0.01006	0.02182	0.42480	0.01955	0.02037	0.02198	0.05728	0.00746	0.00575	0.00183	0.01794	0.03512	0.05433	0.00744
61	0.00658	0.00550	0.00573	0.00573	0.00746	0.00465	0.00427	0.00806	0.01265	0.01541	0.12538	0.07767	0.67491	0.01366	0.00646	0.00184	0.00276	0.01148	0.00516	0.00465
62	0.01178	0.01174	0.01667	0.01425	0.01439	0.01625	0.02545	0.01307	0.00845	0.01318	0.00752	0.01236	0.00743	0.01070	0.04827	0.00263	0.75266	0.00484	0.00241	0.00595
63	0.00658	0.00545	0.00577	0.00585	0.00749	0.00464	0.00433	0.00803	0.01251	0.01532	0.12004	0.12535	0.63209	0.01388	0.00649	0.00187	0.00278	0.01174	0.00515	0.00464
64	0.00670	0.00479	0.00629	0.00747	0.00780	0.00447	0.00496	0.00761	0.01036	0.01377	0.02996	0.75235	0.05075	0.05475	0.00794	0.00235	0.00326	0.01505	0.00498	0.00438
65	0.01287	0.01471	0.03217	0.02298	0.02849	0.01379	0.75460	0.01746	0.01287	0.01746	0.01103	0.01471	0.00827	0.00460	0.00643	0.00184	0.00919	0.00643	0.00276	0.00735
66	0.00648	0.00552	0.00557	0.00556	0.00738	0.00462	0.00417	0.00789	0.01251	0.01492	0.07421	0.05216	0.75308	0.01374	0.00644	0.00184	0.00276	0.01146	0.00509	0.00462
67	0.01030	0.00969	0.01635	0.79530	0.03755	0.01211	0.01514	0.01393	0.01090	0.01393	0.00969	0.01453	0.00727	0.00545	0.00545	0.00182	0.00727	0.00484	0.00242	0.00606
68	0.01460	0.69978	0.10465	0.00998	0.01497	0.02012	0.01038	0.01683	0.01130	0.04373	0.00836	0.00942	0.00725	0.00480	0.00375	0.00124	0.00601	0.00313	0.00250	0.00720
69	0.07261	0.01486	0.01576	0.01215	0.01645	0.01644	0.01004	0.69532	0.02441	0.04850	0.01291	0.01293	0.00914	0.00646	0.00532	0.00164	0.00586	0.00480	0.00535	0.00906
70	0.84691	0.01054	0.00801	0.00717	0.01054	0.01223	0.00590	0.01603	0.00928	0.02446	0.00759	0.00886	0.00590	0.00506	0.00337	0.00169	0.00422	0.00295	0.00337	0.00590
71	0.01695	0.09343	0.01601	0.01293	0.01536	0.45211	0.01012	0.03421	0.08653	0.01463	0.01093	0.06101	0.00984	0.00707	0.00708	0.00164	0.13581	0.00470	0.00316	0.00649
72	0.00679	0.00484	0.00625	0.00731	0.00765	0.00454	0.00481	0.00764	0.01021	0.01354	0.02950	0.67991	0.06420	0.11381	0.00948	0.00257	0.00341	0.01441	0.00485	0.00430
73	0.00765	0.00552	0.00723	0.00690	0.00813	0.00510	0.00514	0.01012	0.01512	0.02136	0.72502	0.08864	0.05048	0.01152	0.00646	0.00175	0.00261	0.01021	0.00594	0.00510
74	0.01367	0.62926	0.16857	0.01057	0.01568	0.01943	0.01133	0.01627	0.01105	0.01366	0.00817	0.00966	0.00716	0.00581	0.02478	0.00149	0.02076	0.00323	0.00234	0.00712
75	0.00926	0.00593	0.00767	0.00703	0.00865	0.00538	0.00535	0.01169	0.01521	0.09566	0.63998	0.03949	0.10585	0.01093	0.00634	0.00172	0.00279	0.00956	0.00600	0.00551
76	0.01038	0.00985	0.01687	0.77023	0.03725	0.01217	0.03914	0.01404	0.01096	0.01404	0.00973	0.01454	0.00730	0.00542	0.00548	0.00182	0.00733	0.00490	0.00243	0.00610
77	0.02054	0.01136	0.01393	0.11699	0.04322	0.06584	0.00969	0.08146	0.08850	0.46305	0.01801	0.01696	0.01200	0.00648	0.00544	0.00169	0.00550	0.00526	0.00553	0.00855
78	0.00652	0.00553	0.00563	0.00560	0.00741	0.00463	0.00420	0.00797	0.01261	0.01515	0.09799	0.05177	0.72916	0.01365	0.00644	0.00183	0.00275	0.01141	0.00512	0.00463
79	0.84691	0.01054	0.00801	0.00717	0.01054	0.01223	0.00590	0.01603	0.00928	0.02446	0.00759	0.00886	0.00590	0.00506	0.00337	0.00169	0.00422	0.00295	0.00337	0.00590
80	0.01572	0.07634	0.23469	0.01208	0.01699	0.01179	0.04135	0.08502	0.09637	0.22740	0.01621	0.01653	0.03095	0.00965	0.08214	0.00238	0.00691	0.00513	0.00431	0.00805
81	0.00791	0.00535	0.00629	0.00629	0.00641	0.00547	0.00374	0.00815	0.00803	0.01083	0.01686	0.03391	0.01906	0.71357	0.12154	0.00571	0.00644	0.00767	0.00326	0.00350
82	0.01016	0.00508	0.00508	0.00508	0.00635	0.00508	0.00381	0.01270	0.01143	0.02033	0.01778	0.02033	0.01397	0.00635	0.00381	0.00127	0.00254	0.00508	0.83867	0.00508
83	0.01070	0.01051	0.01886	0.61240	0.03438	0.01236	0.14402	0.01435	0.01114	0.01452	0.01038	0.03542	0.00820	0.00575	0.00609	0.00185	0.03486	0.00540	0.00255	0.00624
84	0.01119	0.08391	0.72671	0.01510	0.02291	0.01329	0.01937	0.01720	0.01148	0.01695	0.00963	0.01131	0.00691	0.00514	0.00506	0.00169	0.00790	0.00395	0.00230	0.00798
85	0.01458	0.81168	0.02857	0.00933	0.01399	0.02157	0.00933	0.01632	0.01108	0.01283	0.00758	0.00875	0.00700	0.00466	0.00350	0.00117	0.00583	0.00292	0.00233	0.00700
86	0.01458	0.81168	0.02857	0.00933	0.01399	0.02157	0.00933	0.01632	0.01108	0.01283	0.00758	0.00875	0.00700	0.00466	0.00350	0.00117	0.00583	0.00292	0.00233	0.00700
87	0.01148	0.02684	0.71406	0.01576	0.02355	0.01257	0.06019	0.01758	0.01172	0.04197	0.01023	0.01191	0.00720	0.00520	0.00526	0.00173	0.00801	0.00421	0.00247	0.00806
88	0.00664	0.00474	0.00633	0.00759	0.00791	0.00443	0.00506	0.00759	0.01044	0.01392	0.03005	0.80485	0.03606	0.01708	0.00696	0.00221	0.00316	0.01550	0.00506	0.00443
89	0.00777	0.00523	0.00605	0.00621	0.00626	0.00521	0.00359	0.00792	0.00825	0.01102	0.01870	0.12953	0.02168	0.69575	0.04083	0.00498	0.00522	0.00881	0.00351	0.00347
90	0.00664	0.00486	0.00624	0.00731	0.00784	0.00446	0.00494	0.00767	0.01079	0.01418	0.04776	0.69181	0.13240	0.01654	0.00688	0.00216	0.00310	0.01487	0.00508	0.00446
91	0.01889	0.02251	0.01542	0.01373	0.01627	0.59241	0.01054	0.08794	0.01527	0.01523	0.00895	0.01084	0.00751	0.00758	0.03760	0.00184	0.10412	0.00388	0.00301	0.00649
92	0.02072	0.01527	0.01636	0.01254	0.01691	0.01691	0.01036	0.75622	0.02563	0.03436	0.01309	0.01309	0.00927	0.00654	0.00545	0.00164	0.00600	0.00491	0.00545	0.00927
93	0.01612	0.01576	0.01659	0.01383	0.01609	0.18727	0.05506	0.23353	0.01541	0.01973	0.01085	0.06169	0.00963	0.00796	0.00997	0.00190	0.29273	0.00530	0.00357	0.00700
94	0.08092	0.01137	0.01300	0.01046	0.01417	0.01186	0.00849	0.27493	0.12020	0.28771	0.05105	0.04480	0.01438	0.00792	0.02184	0.00186	0.00510	0.00574	0.00572	0.00849
95	0.01287	0.01471	0.03217	0.02298	0.02849	0.01379	0.75460	0.01746	0.01287	0.01746	0.01103	0.01471	0.00827	0.00460	0.00643	0.00184	0.00919	0.00643	0.00276	0.00735
96	0.07717	0.02483	0.05925	0.04141	0.05830	0.03650	0.00840	0.08939	0.03747	0.13842	0.11833	0.05621	0.01772	0.02475	0.04820	0.00209	0.00522	0.00605	0.14352	0.00677

[dist]
# distance from previous block
# <min> <max>
0	325

[block]
# block no. 4 follows, 44 sequences, length 28
# corresponding to MSA columns:
# 868-895
name=unknown_E
#
# <colnr> <probs for GDERKNQSTAVLIFYWHMCP>
#	G	D	E	R	K	N	Q	S	T	A	V	L	I	F	Y	W	H	M	C	P
0	0.06604	0.04270	0.12154	0.01311	0.01734	0.11746	0.11211	0.09285	0.13037	0.09920	0.02768	0.01606	0.02573	0.00738	0.03069	0.00190	0.02207	0.01541	0.00399	0.03635
1	0.04379	0.02347	0.04771	0.03959	0.01866	0.01183	0.21254	0.12629	0.10312	0.07095	0.01439	0.03805	0.01167	0.02459	0.03701	0.00202	0.00656	0.03514	0.00398	0.12867
2	0.24559	0.06023	0.21318	0.04181	0.01672	0.07207	0.06047	0.04329	0.02250	0.04170	0.03877	0.01322	0.00956	0.00559	0.00458	0.00162	0.00603	0.00425	0.09201	0.00680
3	0.11165	0.03840	0.01407	0.01163	0.01502	0.29737	0.00915	0.19240	0.11196	0.03610	0.03679	0.01327	0.01042	0.00669	0.01855	0.00165	0.00687	0.00437	0.00404	0.05960
4	0.01738	0.01330	0.01616	0.01237	0.01649	0.01400	0.08830	0.47804	0.04980	0.03969	0.02687	0.02849	0.01100	0.01825	0.00569	0.00162	0.00573	0.00527	0.05036	0.10119
5	0.00776	0.00533	0.00599	0.00596	0.00623	0.00520	0.00351	0.00806	0.00888	0.01172	0.06847	0.03778	0.10178	0.67400	0.02415	0.00470	0.00485	0.00843	0.00366	0.00356
6	0.00689	0.00503	0.00670	0.00778	0.00807	0.00492	0.00525	0.00781	0.01026	0.01376	0.02870	0.74549	0.03435	0.04759	0.00817	0.00234	0.03276	0.01481	0.00489	0.00444
7	0.15875	0.01359	0.01411	0.01101	0.01519	0.01474	0.00903	0.49952	0.06199	0.03000	0.01225	0.01256	0.00896	0.00603	0.00493	0.00155	0.00536	0.00444	0.00483	0.11115
8	0.84691	0.01054	0.00801	0.00717	0.01054	0.01223	0.00590	0.01603	0.00928	0.02446	0.00759	0.00886	0.00590	0.00506	0.00337	0.00169	0.00422	0.00295	0.00337	0.00590
9	0.00656	0.00540	0.00578	0.00602	0.00756	0.00462	0.00443	0.00791	0.01213	0.01477	0.06605	0.18898	0.60672	0.01437	0.00656	0.00192	0.00288	0.02766	0.00508	0.00459
10	0.01349	0.01295	0.02213	0.03346	0.77440	0.01295	0.01673	0.01673	0.01241	0.01781	0.01025	0.01349	0.00864	0.00486	0.00540	0.00162	0.00648	0.00486	0.00270	0.00864
