[name]
unknown

[dist]
# distance from previous block
# <min> <max>
0	52

[block]
# block no. 0 follows, 46 sequences, length 75
# corresponding to MSA columns:
# 53-105,124-145
name=unknown_A
#
# <colnr> <probs for GDERKNQSTAVLIFYWHMCP>
#	G	D	E	R	K	N	Q	S	T	A	V	L	I	F	Y	W	H	M	C	P
0	0.07040	0.03146	0.08941	0.01498	0.14034	0.07478	0.05197	0.14270	0.09546	0.09833	0.06694	0.01749	0.03514	0.00653	0.00548	0.00165	0.02136	0.02394	0.00410	0.00754
1	0.06309	0.01572	0.15328	0.02954	0.10881	0.10612	0.04120	0.14199	0.08233	0.05586	0.04200	0.01687	0.04344	0.00705	0.02217	0.00177	0.00636	0.02630	0.00377	0.03232
2	0.18274	0.03139	0.14875	0.01340	0.10993	0.12019	0.02615	0.03049	0.06140	0.07684	0.03527	0.05873	0.03169	0.00642	0.00504	0.00163	0.01957	0.00503	0.02849	0.00685
3	0.14892	0.08007	0.10047	0.02802	0.07672	0.05017	0.02919	0.12632	0.03871	0.09681	0.03296	0.01622	0.02655	0.00632	0.00530	0.00161	0.03472	0.04595	0.00380	0.05117
4	0.10019	0.17104	0.09747	0.09633	0.18270	0.11564	0.01191	0.03135	0.01191	0.05124	0.02261	0.01171	0.00817	0.00519	0.00489	0.00149	0.02779	0.00395	0.00286	0.04154
5	0.08851	0.15704	0.13113	0.01411	0.10044	0.10999	0.03115	0.23542	0.01558	0.03666	0.01002	0.01115	0.00769	0.00532	0.00467	0.00148	0.00645	0.00398	0.00344	0.02579
6	0.25669	0.05119	0.36561	0.01355	0.08526	0.03917	0.01350	0.04268	0.01142	0.06213	0.00953	0.01086	0.00701	0.00509	0.00448	0.00162	0.00631	0.00372	0.00293	0.00726
7	0.00711	0.00552	0.00653	0.00665	0.00795	0.00508	0.00488	0.00947	0.05233	0.01681	0.28405	0.23313	0.29921	0.01302	0.00634	0.00185	0.00284	0.02719	0.00523	0.00481
8	0.00769	0.00513	0.00577	0.00577	0.00577	0.00513	0.00320	0.00769	0.00769	0.01025	0.01666	0.03460	0.01922	0.81421	0.02691	0.00513	0.00513	0.00769	0.00320	0.00320
9	0.06959	0.00991	0.01254	0.00967	0.01373	0.00925	0.00799	0.13196	0.01619	0.63348	0.01892	0.01670	0.01208	0.00642	0.00520	0.00163	0.00467	0.00510	0.00618	0.00881
10	0.04445	0.03647	0.05603	0.01185	0.01623	0.01545	0.01020	0.62096	0.02248	0.09388	0.01290	0.01282	0.00905	0.00620	0.00517	0.00158	0.00576	0.00465	0.00509	0.00877
11	0.14079	0.00622	0.00613	0.03666	0.00830	0.00663	0.00464	0.02755	0.02410	0.02039	0.01539	0.01763	0.01204	0.00595	0.00375	0.00133	0.00299	0.00461	0.64965	0.00523
12	0.01756	0.03486	0.05889	0.09039	0.01835	0.01542	0.01081	0.53824	0.11386	0.02852	0.01313	0.01350	0.00949	0.00622	0.00524	0.00162	0.00585	0.00481	0.00476	0.00848
13	0.00769	0.00513	0.00577	0.00577	0.00577	0.00513	0.00320	0.00769	0.00769	0.01025	0.01666	0.03460	0.01922	0.81421	0.02691	0.00513	0.00513	0.00769	0.00320	0.00320
14	0.06440	0.03384	0.07895	0.01165	0.01550	0.01346	0.03146	0.33271	0.05548	0.16881	0.03375	0.03147	0.01109	0.00676	0.00640	0.00170	0.08474	0.00508	0.00472	0.00805
15	0.01715	0.33845	0.04338	0.01097	0.01535	0.03476	0.00987	0.39741	0.04580	0.02357	0.01067	0.01114	0.00825	0.00558	0.00451	0.00141	0.00583	0.00397	0.00393	0.00798
16	0.00644	0.00460	0.00613	0.00736	0.00767	0.00429	0.00491	0.00736	0.01012	0.01350	0.02914	0.81076	0.03497	0.01656	0.00675	0.00215	0.00307	0.01503	0.00491	0.00429
17	0.85155	0.01022	0.00777	0.00695	0.01022	0.01186	0.00573	0.01554	0.00900	0.02372	0.00736	0.00859	0.00573	0.00491	0.00327	0.00164	0.00409	0.00286	0.00327	0.00573
18	0.00644	0.00460	0.00613	0.00736	0.00767	0.00429	0.00491	0.00736	0.01012	0.01350	0.02914	0.81076	0.03497	0.01656	0.00675	0.00215	0.00307	0.01503	0.00491	0.00429
19	0.01347	0.16778	0.06148	0.01274	0.01464	0.03908	0.02666	0.01518	0.00977	0.08960	0.00866	0.01158	0.00752	0.00762	0.01217	0.00194	0.48661	0.00431	0.00274	0.00645
20	0.01310	0.01168	0.05275	0.00942	0.01401	0.00991	0.00797	0.17387	0.09036	0.02110	0.01132	0.01222	0.00885	0.00482	0.00441	0.00110	0.00455	0.00380	0.00377	0.54100
21	0.01551	0.01286	0.01393	0.08638	0.09607	0.10800	0.00996	0.08789	0.35118	0.11866	0.01660	0.01674	0.01239	0.02311	0.00571	0.00175	0.00553	0.00526	0.00458	0.00789
22	0.00649	0.00466	0.00616	0.00727	0.00767	0.00433	0.00489	0.00750	0.01043	0.01392	0.06905	0.74993	0.05574	0.01618	0.00671	0.00211	0.00303	0.01464	0.00496	0.00433
23	0.01288	0.00683	0.00735	0.00649	0.00847	0.00694	0.00508	0.12521	0.01357	0.10470	0.01696	0.01848	0.01282	0.00623	0.00411	0.00133	0.00318	0.00494	0.62847	0.00597
24	0.01628	0.36829	0.12020	0.01172	0.01649	0.08780	0.08981	0.01888	0.01240	0.19464	0.01122	0.01176	0.00838	0.00514	0.00448	0.00141	0.00636	0.00396	0.00335	0.00741
25	0.01183	0.01320	0.04448	0.01807	0.02118	0.01416	0.41038	0.01488	0.01065	0.01513	0.01071	0.01442	0.03568	0.00674	0.01071	0.00199	0.33098	0.00570	0.00260	0.00651
26	0.00642	0.00468	0.00606	0.00716	0.00762	0.00431	0.00482	0.00738	0.01031	0.01357	0.03156	0.73537	0.10879	0.01625	0.00670	0.00211	0.00303	0.01464	0.00491	0.00431
27	0.01172	0.01289	0.06282	0.22049	0.19229	0.01321	0.23993	0.01517	0.01107	0.01540	0.00949	0.01333	0.00759	0.00558	0.00763	0.00182	0.14508	0.00511	0.00249	0.00689
28	0.05902	0.31530	0.46555	0.01241	0.01877	0.01541	0.01492	0.01634	0.01089	0.01556	0.00859	0.01004	0.00667	0.00483	0.00433	0.00147	0.00681	0.00345	0.00230	0.00732
29	0.05606	0.01078	0.01702	0.44990	0.27391	0.02881	0.01423	0.01534	0.01131	0.05848	0.01008	0.01360	0.00774	0.00515	0.00515	0.00168	0.00656	0.00461	0.00273	0.00685
30	0.00779	0.00557	0.00768	0.00890	0.00980	0.00546	0.00725	0.00970	0.01145	0.01501	0.02839	0.32253	0.03201	0.01529	0.00711	0.00233	0.00424	0.48993	0.00488	0.00467
31	0.77535	0.01064	0.00851	0.00743	0.01079	0.01228	0.00612	0.08410	0.01045	0.02460	0.00785	0.00896	0.00602	0.00504	0.00346	0.00163	0.00425	0.00304	0.00346	0.00602
32	0.00768	0.00515	0.00591	0.00591	0.00596	0.00520	0.00338	0.00778	0.00773	0.01036	0.01653	0.03387	0.01891	0.77379	0.06690	0.00530	0.00560	0.00758	0.00318	0.00328
33	0.01181	0.03333	0.41708	0.01822	0.07852	0.01279	0.25984	0.05155	0.01239	0.01767	0.03016	0.01308	0.00849	0.00502	0.00545	0.00169	0.00779	0.00489	0.00264	0.00760
34	0.09793	0.00879	0.01091	0.00880	0.01214	0.00832	0.00711	0.06291	0.05070	0.47462	0.16192	0.02129	0.01937	0.02396	0.00575	0.00172	0.00415	0.00593	0.00590	0.00778
35	0.01096	0.00940	0.01096	0.00783	0.01253	0.00705	0.00626	0.01331	0.01096	0.01723	0.00940	0.01096	0.00783	0.00392	0.00392	0.00078	0.00392	0.00313	0.00313	0.84653
36	0.01315	0.01136	0.01195	0.01076	0.01375	0.01315	0.00837	0.02809	0.77168	0.02211	0.02152	0.01972	0.01614	0.00717	0.00538	0.00179	0.00418	0.00598	0.00538	0.00837
37	0.00897	0.00810	0.01302	0.15575	0.02999	0.00890	0.10766	0.01155	0.04045	0.01470	0.06217	0.35419	0.03842	0.01101	0.00764	0.00199	0.10650	0.00974	0.00385	0.00542
38	0.00699	0.00538	0.00639	0.00614	0.00760	0.00478	0.00460	0.00903	0.01380	0.01845	0.48988	0.04402	0.34016	0.01184	0.00624	0.00171	0.00257	0.01020	0.00546	0.00478
39	0.01248	0.01426	0.03119	0.02228	0.02763	0.01337	0.76203	0.01693	0.01248	0.01693	0.01070	0.01426	0.00802	0.00446	0.00624	0.00178	0.00891	0.00624	0.00267	0.00713
40	0.02181	0.00953	0.01349	0.05334	0.09375	0.00869	0.00906	0.04282	0.01482	0.64649	0.01893	0.01715	0.01218	0.00628	0.00531	0.00163	0.00485	0.00521	0.00589	0.00877
41	0.01300	0.01505	0.08474	0.05867	0.02655	0.01352	0.59337	0.09356	0.01356	0.01844	0.01075	0.01386	0.00798	0.00473	0.00600	0.00175	0.00842	0.00584	0.00289	0.00731
42	0.02314	0.00953	0.01255	0.00966	0.01373	0.00861	0.00797	0.08509	0.03629	0.70398	0.02022	0.01761	0.01284	0.00654	0.00532	0.00164	0.00460	0.00529	0.00641	0.00898
43	0.00629	0.00536	0.00542	0.00540	0.00717	0.00448	0.00405	0.00767	0.01216	0.01453	0.08001	0.05046	0.75248	0.01329	0.00625	0.00178	0.00267	0.01110	0.00494	0.00448
44	0.01096	0.00940	0.01096	0.00783	0.01253	0.00705	0.00626	0.01331	0.01096	0.01723	0.00940	0.01096	0.00783	0.00392	0.00392	0.00078	0.00392	0.00313	0.00313	0.84653
45	0.00799	0.00563	0.00717	0.00679	0.00812	0.00524	0.00506	0.01061	0.03682	0.04210	0.62693	0.08210	0.09236	0.03141	0.00674	0.00179	0.00271	0.00969	0.00565	0.00509
46	0.00908	0.00585	0.00682	0.00638	0.00827	0.00506	0.00485	0.01079	0.01312	0.12667	0.23007	0.08587	0.44368	0.01193	0.00614	0.00175	0.00291	0.01013	0.00537	0.00524
47	0.00669	0.00486	0.00635	0.00734	0.00793	0.00452	0.00516	0.00790	0.01084	0.01434	0.08606	0.61739	0.10360	0.01568	0.00671	0.00210	0.00315	0.08001	0.00497	0.00441
48	0.02025	0.01456	0.01571	0.01205	0.01627	0.01603	0.00995	0.73272	0.02445	0.06478	0.01303	0.01291	0.00916	0.00635	0.00529	0.00159	0.00576	0.00478	0.00534	0.00899
49	0.82728	0.01020	0.00800	0.02987	0.01098	0.01186	0.00598	0.01548	0.00904	0.02342	0.00742	0.00875	0.00576	0.00492	0.00333	0.00164	0.00417	0.00292	0.00324	0.00573
50	0.01049	0.01021	0.01814	0.65508	0.08198	0.01200	0.10899	0.01411	0.01090	0.01418	0.00959	0.01405	0.00725	0.00514	0.00540	0.00175	0.00723	0.00489	0.00241	0.00619
51	0.01224	0.22409	0.01923	0.01260	0.01380	0.01744	0.01090	0.01354	0.00879	0.01265	0.00705	0.01075	0.00690	0.00801	0.01367	0.00200	0.59384	0.00415	0.00230	0.00605
52	0.00906	0.00573	0.00760	0.00727	0.00869	0.00528	0.00556	0.01133	0.01419	0.09553	0.55366	0.12608	0.04286	0.01136	0.00629	0.00178	0.00296	0.07373	0.00571	0.00530
53	0.00644	0.00460	0.00613	0.00736	0.00767	0.00429	0.00491	0.00736	0.01012	0.01350	0.02914	0.81076	0.03497	0.01656	0.00675	0.00215	0.00307	0.01503	0.00491	0.00429
54	0.00748	0.00540	0.00707	0.00665	0.00790	0.00499	0.00499	0.00998	0.01496	0.02120	0.77844	0.03949	0.04988	0.01081	0.00624	0.00166	0.00249	0.00956	0.00582	0.00499
55	0.01892	0.02332	0.01582	0.01595	0.11277	0.67368	0.01097	0.04050	0.01488	0.01403	0.00852	0.01007	0.00707	0.00538	0.00484	0.00139	0.00902	0.00361	0.00278	0.00649
56	0.02355	0.00927	0.01244	0.00953	0.01363	0.00817	0.00788	0.06031	0.01559	0.74970	0.02047	0.01775	0.01289	0.00653	0.00532	0.00163	0.00456	0.00529	0.00648	0.00900
57	0.10360	0.00966	0.04031	0.05361	0.01452	0.00842	0.00823	0.02276	0.01404	0.58793	0.05377	0.01747	0.01341	0.00641	0.00512	0.00163	0.00462	0.00515	0.00573	0.02363
58	0.01315	0.01136	0.01195	0.01076	0.01375	0.01315	0.00837	0.02809	0.77168	0.02211	0.02152	0.01972	0.01614	0.00717	0.00538	0.00179	0.00418	0.00598	0.00538	0.00837
59	0.85155	0.01022	0.00777	0.00695	0.01022	0.01186	0.00573	0.01554	0.00900	0.02372	0.00736	0.00859	0.00573	0.00491	0.00327	0.00164	0.00409	0.00286	0.00327	0.00573
60	0.01387	0.01172	0.01236	0.01091	0.01402	0.01349	0.00854	0.10489	0.69370	0.02328	0.02060	0.01899	0.01539	0.00709	0.00537	0.00177	0.00435	0.00585	0.00537	0.00843
61	0.85155	0.01022	0.00777	0.00695	0.01022	0.01186	0.00573	0.01554	0.00900	0.02372	0.00736	0.00859	0.00573	0.00491	0.00327	0.00164	0.00409	0.00286	0.00327	0.00573
62	0.01308	0.01256	0.02146	0.03245	0.78123	0.01256	0.01622	0.01622	0.01204	0.01727	0.00994	0.01308	0.00837	0.00471	0.00523	0.00157	0.00628	0.00471	0.00262	0.00837
63	0.01315	0.01136	0.01195	0.01076	0.01375	0.01315	0.00837	0.02809	0.77168	0.02211	0.02152	0.01972	0.01614	0.00717	0.00538	0.00179	0.00418	0.00598	0.00538	0.00837
64	0.00740	0.00533	0.00650	0.00666	0.00792	0.00477	0.00491	0.00907	0.01257	0.04276	0.27612	0.25244	0.28326	0.01325	0.00640	0.00187	0.00289	0.04589	0.00525	0.00476
65	0.01861	0.00798	0.01071	0.00862	0.01183	0.00708	0.00696	0.02111	0.03423	0.53775	0.24689	0.02445	0.02414	0.00783	0.00559	0.00165	0.00389	0.00660	0.00630	0.00778
66	0.00755	0.00566	0.00850	0.00850	0.00944	0.00661	0.00661	0.00944	0.00850	0.01227	0.01416	0.02077	0.01322	0.03965	0.79326	0.00850	0.01416	0.00566	0.00283	0.00472
67	0.00644	0.00460	0.00613	0.00736	0.00767	0.00429	0.00491	0.00736	0.01012	0.01350	0.02914	0.81076	0.03497	0.01656	0.00675	0.00215	0.00307	0.01503	0.00491	0.00429
68	0.02304	0.00894	0.01211	0.00935	0.01334	0.00780	0.00770	0.02535	0.03006	0.74782	0.04272	0.01865	0.01421	0.00668	0.00534	0.00164	0.00443	0.00545	0.00650	0.00887
69	0.01096	0.00940	0.01096	0.00783	0.01253	0.00705	0.00626	0.01331	0.01096	0.01723	0.00940	0.01096	0.00783	0.00392	0.00392	0.00078	0.00392	0.00313	0.00313	0.84653
70	0.00647	0.00533	0.00569	0.00568	0.00730	0.00454	0.00423	0.00799	0.01245	0.01543	0.17657	0.08645	0.61738	0.01310	0.00627	0.00178	0.00267	0.01107	0.00507	0.00454
71	0.00686	0.00538	0.00620	0.00599	0.00751	0.00472	0.00450	0.00876	0.01349	0.01769	0.41056	0.04527	0.41996	0.01212	0.00624	0.00172	0.00259	0.01037	0.00536	0.00472
72	0.01291	0.01381	0.01599	0.01384	0.01428	0.14380	0.01134	0.01410	0.00923	0.01276	0.00714	0.01123	0.00692	0.00863	0.01528	0.00216	0.67394	0.00443	0.00238	0.00584
73	0.05877	0.00969	0.01430	0.01217	0.01362	0.01144	0.09894	0.03551	0.01041	0.09126	0.01500	0.22493	0.01524	0.01060	0.02575	0.00220	0.33302	0.00758	0.00362	0.00594
74	0.00644	0.00460	0.00613	0.00736	0.00767	0.00429	0.00491	0.00736	0.01012	0.01350	0.02914	0.81076	0.03497	0.01656	0.00675	0.00215	0.00307	0.01503	0.00491	0.00429

[dist]
# distance from previous block
# <min> <max>
0	2

[block]
# block no. 1 follows, 46 sequences, length 14
# corresponding to MSA columns:
# 148-161
name=unknown_B
#
# <colnr> <probs for GDERKNQSTAVLIFYWHMCP>
#	G	D	E	R	K	N	Q	S	T	A	V	L	I	F	Y	W	H	M	C	P
0	0.01241	0.01364	0.02824	0.02043	0.02522	0.01317	0.64428	0.04799	0.01272	0.01724	0.01292	0.01605	0.05039	0.00531	0.00685	0.00181	0.05513	0.00635	0.00289	0.00698
1	0.18078	0.01097	0.01311	0.03098	0.20402	0.05637	0.00998	0.09702	0.05476	0.05433	0.01559	0.07628	0.01457	0.00795	0.00534	0.00180	0.00531	0.15009	0.00397	0.00679
2	0.01088	0.05532	0.01290	0.18597	0.01699	0.00991	0.04089	0.07599	0.01116	0.05188	0.01285	0.01746	0.01087	0.04370	0.30909	0.00437	0.03820	0.00517	0.08062	0.00578
3	0.01396	0.20647	0.23743	0.05151	0.06363	0.05092	0.06439	0.15709	0.05691	0.01894	0.02447	0.01221	0.00869	0.00536	0.00483	0.00153	0.00666	0.00426	0.00314	0.00759
4	0.01149	0.01059	0.01387	0.05572	0.06533	0.03569	0.07492	0.01411	0.01129	0.01684	0.00950	0.01152	0.00780	0.00415	0.00432	0.00100	0.00489	0.00361	0.00300	0.64038
5	0.01069	0.01012	0.01713	0.62610	0.20628	0.01193	0.01503	0.01413	0.01091	0.01437	0.00952	0.01386	0.00735	0.00515	0.00527	0.00172	0.00687	0.00470	0.00241	0.00644
6	0.00715	0.00568	0.00646	0.00628	0.00785	0.00516	0.00470	0.00971	0.05603	0.01752	0.34758	0.07785	0.40465	0.01212	0.00622	0.00175	0.00270	0.01038	0.00531	0.00489
7	0.01298	0.13635	0.26496	0.01690	0.06333	0.09662	0.24420	0.01791	0.06611	0.01618	0.01029	0.01227	0.00789	0.00496	0.00517	0.00160	0.00768	0.00460	0.00267	0.00735
8	0.00998	0.00940	0.01586	0.80150	0.03641	0.01175	0.01468	0.01351	0.01057	0.01351	0.00940	0.01409	0.00705	0.00529	0.00529	0.00176	0.00705	0.00470	0.00235	0.00587
9	0.01899	0.01309	0.01438	0.01141	0.01532	0.01430	0.00930	0.47468	0.20200	0.14574	0.01605	0.01519	0.01133	0.00657	0.00531	0.00164	0.00522	0.00514	0.00550	0.00884
10	0.01356	0.47142	0.09164	0.01104	0.01456	0.01826	0.01068	0.03513	0.01055	0.03880	0.00801	0.01001	0.00709	0.00602	0.00759	0.00154	0.23130	0.00356	0.00249	0.00672
11	0.85155	0.01022	0.00777	0.00695	0.01022	0.01186	0.00573	0.01554	0.00900	0.02372	0.00736	0.00859	0.00573	0.00491	0.00327	0.00164	0.00409	0.00286	0.00327	0.00573
12	0.01365	0.01124	0.01197	0.01069	0.01373	0.01289	0.00834	0.02798	0.73576	0.05833	0.02149	0.01964	0.01599	0.00714	0.00538	0.00179	0.00420	0.00595	0.00543	0.00840
13	0.00747	0.00512	0.00609	0.00625	0.00644	0.00515	0.00381	0.00783	0.00822	0.01101	0.01916	0.13432	0.04424	0.60384	0.10480	0.00499	0.00574	0.00853	0.00344	0.00354

[dist]
# distance from previous block
# <min> <max>
0	4

[block]
# block no. 2 follows, 46 sequences, length 107
# corresponding to MSA columns:
# 166-201,209-221,234-291
name=unknown_C
#
# <colnr> <probs for GDERKNQSTAVLIFYWHMCP>
#	G	D	E	R	K	N	Q	S	T	A	V	L	I	F	Y	W	H	M	C	P
0	0.02320	0.00888	0.01210	0.00932	0.01332	0.00768	0.00768	0.02526	0.01513	0.76046	0.04509	0.01868	0.01426	0.00668	0.00535	0.00164	0.00443	0.00545	0.00652	0.00887
1	0.00647	0.00468	0.00613	0.00720	0.00764	0.00433	0.00486	0.00749	0.01045	0.01388	0.06301	0.72995	0.08214	0.01612	0.00669	0.00210	0.00302	0.01455	0.00495	0.00433
2	0.00740	0.00540	0.00696	0.00657	0.00785	0.00495	0.00493	0.00982	0.01478	0.02076	0.73227	0.04021	0.09632	0.01097	0.00624	0.00167	0.00251	0.00966	0.00576	0.00495
3	0.00641	0.00471	0.00602	0.00707	0.00759	0.00432	0.00478	0.00739	0.01040	0.01361	0.03263	0.70203	0.14144	0.01611	0.00668	0.00210	0.00301	0.01447	0.00491	0.00432
4	0.00748	0.00540	0.00707	0.00665	0.00790	0.00499	0.00499	0.00998	0.01496	0.02120	0.77844	0.03949	0.04988	0.01081	0.00624	0.00166	0.00249	0.00956	0.00582	0.00499
5	0.01096	0.00940	0.01096	0.00783	0.01253	0.00705	0.00626	0.01331	0.01096	0.01723	0.00940	0.01096	0.00783	0.00392	0.00392	0.00078	0.00392	0.00313	0.00313	0.84653
6	0.01315	0.01136	0.01195	0.01076	0.01375	0.01315	0.00837	0.02809	0.77168	0.02211	0.02152	0.01972	0.01614	0.00717	0.00538	0.00179	0.00418	0.00598	0.00538	0.00837
7	0.01029	0.00982	0.01592	0.64712	0.03199	0.01262	0.01407	0.01335	0.01009	0.01335	0.00891	0.01360	0.00703	0.00606	0.00765	0.00187	0.16336	0.00468	0.00234	0.00586
8	0.01060	0.02735	0.78682	0.01507	0.02288	0.01228	0.01953	0.01674	0.01116	0.01674	0.00949	0.01116	0.00670	0.00502	0.00502	0.00167	0.00781	0.00391	0.00223	0.00781
9	0.00644	0.00460	0.00613	0.00736	0.00767	0.00429	0.00491	0.00736	0.01012	0.01350	0.02914	0.81076	0.03497	0.01656	0.00675	0.00215	0.00307	0.01503	0.00491	0.00429
10	0.00985	0.00493	0.00493	0.00493	0.00616	0.00493	0.00370	0.01232	0.01109	0.01971	0.01725	0.01971	0.01355	0.00616	0.00370	0.00123	0.00246	0.00493	0.84356	0.00493
11	0.00750	0.00544	0.00727	0.00829	0.00916	0.00527	0.00645	0.00946	0.02699	0.01516	0.07641	0.39998	0.06574	0.01506	0.00690	0.00221	0.00379	0.31929	0.00496	0.00467
12	0.01248	0.01426	0.03119	0.02228	0.02763	0.01337	0.76203	0.01693	0.01248	0.01693	0.01070	0.01426	0.00802	0.00446	0.00624	0.00178	0.00891	0.00624	0.00267	0.00713
13	0.00748	0.00540	0.00707	0.00665	0.00790	0.00499	0.00499	0.00998	0.01496	0.02120	0.77844	0.03949	0.04988	0.01081	0.00624	0.00166	0.00249	0.00956	0.00582	0.00499
14	0.00829	0.00639	0.00908	0.00878	0.00954	0.00769	0.00683	0.00998	0.00864	0.01284	0.01389	0.03913	0.01324	0.08050	0.55238	0.00667	0.12507	0.00581	0.07048	0.00478
15	0.20636	0.02193	0.55641	0.01269	0.01898	0.01168	0.01540	0.01588	0.01059	0.01817	0.01022	0.06056	0.00824	0.00572	0.00472	0.00169	0.00665	0.00436	0.00264	0.00711
16	0.00835	0.00707	0.00729	0.00686	0.00886	0.02119	0.00523	0.04044	0.13651	0.01738	0.16364	0.04173	0.49282	0.01154	0.00604	0.00175	0.00314	0.00967	0.00511	0.00539
17	0.01155	0.00589	0.00789	0.00790	0.00933	0.00532	0.00571	0.01283	0.01160	0.23833	0.02646	0.56223	0.02812	0.01341	0.00626	0.00198	0.00347	0.01197	0.02405	0.00568
18	0.01199	0.04412	0.23526	0.01958	0.02537	0.01343	0.50798	0.01669	0.01190	0.01658	0.01012	0.01313	0.00758	0.00479	0.00623	0.00175	0.03831	0.00543	0.00253	0.00725
19	0.02877	0.01281	0.02291	0.03018	0.63449	0.01269	0.14688	0.01634	0.01206	0.01733	0.01003	0.01321	0.00826	0.00467	0.00537	0.00161	0.00670	0.00494	0.00264	0.00811
20	0.00655	0.00468	0.00625	0.00741	0.00778	0.00438	0.00503	0.00758	0.01037	0.01386	0.05705	0.75729	0.03537	0.01628	0.00675	0.00214	0.00310	0.03885	0.00494	0.00434
21	0.00680	0.00488	0.00645	0.00712	0.00775	0.00453	0.00494	0.00826	0.01178	0.01614	0.28633	0.54602	0.04009	0.01459	0.00657	0.00198	0.00287	0.01315	0.00522	0.00453
22	0.01155	0.01160	0.01675	0.03940	0.01513	0.01594	0.04034	0.01291	0.00834	0.01291	0.00716	0.01175	0.00698	0.00894	0.01654	0.00228	0.74863	0.00469	0.00233	0.00584
23	0.00998	0.00922	0.01542	0.76942	0.03519	0.01147	0.01424	0.01346	0.01059	0.01376	0.00971	0.01432	0.00731	0.00532	0.00522	0.00174	0.00686	0.00471	0.03623	0.00583
24	0.00764	0.00513	0.00588	0.00592	0.00597	0.00515	0.00339	0.00774	0.00780	0.01043	0.01697	0.05959	0.01951	0.75839	0.05552	0.00516	0.00540	0.00785	0.00325	0.00330
25	0.01095	0.01085	0.01495	0.01290	0.01310	0.01484	0.01070	0.01213	0.00855	0.01290	0.01230	0.01609	0.09577	0.00973	0.01607	0.00225	0.71228	0.00538	0.00261	0.00563
26	0.00918	0.00459	0.00689	0.00689	0.00689	0.00459	0.00459	0.00689	0.00689	0.00918	0.00918	0.01607	0.00918	0.01837	0.02066	0.84619	0.00459	0.00459	0.00230	0.00230
27	0.00629	0.00518	0.00554	0.00583	0.00727	0.00442	0.00423	0.00753	0.01159	0.01409	0.04776	0.23121	0.60250	0.01414	0.00637	0.00187	0.00277	0.01208	0.00491	0.00442
28	0.00748	0.00540	0.00707	0.00665	0.00790	0.00499	0.00499	0.00998	0.01496	0.02120	0.77844	0.03949	0.04988	0.01081	0.00624	0.00166	0.00249	0.00956	0.00582	0.00499
29	0.01096	0.00940	0.01096	0.00783	0.01253	0.00705	0.00626	0.01331	0.01096	0.01723	0.00940	0.01096	0.00783	0.00392	0.00392	0.00078	0.00392	0.00313	0.00313	0.84653
30	0.85155	0.01022	0.00777	0.00695	0.01022	0.01186	0.00573	0.01554	0.00900	0.02372	0.00736	0.00859	0.00573	0.00491	0.00327	0.00164	0.00409	0.00286	0.00327	0.00573
31	0.00791	0.00596	0.00860	0.00845	0.00925	0.00702	0.00649	0.00959	0.00849	0.01239	0.01405	0.02145	0.01340	0.10968	0.64196	0.00751	0.06321	0.00576	0.03419	0.00465
32	0.00668	0.00532	0.00599	0.00592	0.00743	0.00463	0.00440	0.00838	0.01292	0.01658	0.29825	0.09453	0.48487	0.01271	0.00627	0.00177	0.00264	0.01086	0.00522	0.00463
33	0.00870	0.00629	0.00865	0.00977	0.01106	0.00635	0.00851	0.01161	0.04119	0.01606	0.02774	0.05811	0.02988	0.01432	0.00723	0.00241	0.00484	0.71739	0.00489	0.00500
34	0.85155	0.01022	0.00777	0.00695	0.01022	0.01186	0.00573	0.01554	0.00900	0.02372	0.00736	0.00859	0.00573	0.00491	0.00327	0.00164	0.00409	0.00286	0.00327	0.00573
35	0.85155	0.01022	0.00777	0.00695	0.01022	0.01186	0.00573	0.01554	0.00900	0.02372	0.00736	0.00859	0.00573	0.00491	0.00327	0.00164	0.00409	0.00286	0.00327	0.00573
36	0.01060	0.02735	0.78682	0.01507	0.02288	0.01228	0.01953	0.01674	0.01116	0.01674	0.00949	0.01116	0.00670	0.00502	0.00502	0.00167	0.00781	0.00391	0.00223	0.00781
37	0.01900	0.02158	0.01595	0.01565	0.11041	0.54317	0.01092	0.16761	0.01658	0.01751	0.00929	0.01060	0.00743	0.00554	0.00493	0.00143	0.00840	0.00383	0.00322	0.00697
38	0.01031	0.00973	0.01645	0.72021	0.11514	0.01183	0.01484	0.01379	0.01073	0.01391	0.00945	0.01399	0.00719	0.00522	0.00528	0.00174	0.00697	0.00470	0.00238	0.00614
39	0.05156	0.01502	0.02743	0.01142	0.01527	0.16803	0.00932	0.31812	0.05971	0.24904	0.01442	0.01382	0.00999	0.00619	0.00512	0.00157	0.00605	0.00463	0.00502	0.00825
40	0.01308	0.01256	0.02146	0.03245	0.78123	0.01256	0.01622	0.01622	0.01204	0.01727	0.00994	0.01308	0.00837	0.00471	0.00523	0.00157	0.00628	0.00471	0.00262	0.00837
41	0.01060	0.02735	0.78682	0.01507	0.02288	0.01228	0.01953	0.01674	0.01116	0.01674	0.00949	0.01116	0.00670	0.00502	0.00502	0.00167	0.00781	0.00391	0.00223	0.00781
42	0.01308	0.01256	0.02146	0.03245	0.78123	0.01256	0.01622	0.01622	0.01204	0.01727	0.00994	0.01308	0.00837	0.00471	0.00523	0.00157	0.00628	0.00471	0.00262	0.00837
43	0.02372	0.00900	0.01227	0.00941	0.01350	0.00777	0.00777	0.02576	0.01513	0.78489	0.02086	0.01799	0.01309	0.00654	0.00532	0.00164	0.00450	0.00532	0.00654	0.00900
44	0.00998	0.00940	0.01586	0.80150	0.03641	0.01175	0.01468	0.01351	0.01057	0.01351	0.00940	0.01409	0.00705	0.00529	0.00529	0.00176	0.00705	0.00470	0.00235	0.00587
45	0.00644	0.00460	0.00613	0.00736	0.00767	0.00429	0.00491	0.00736	0.01012	0.01350	0.02914	0.81076	0.03497	0.01656	0.00675	0.00215	0.00307	0.01503	0.00491	0.00429
46	0.00998	0.00940	0.01586	0.80150	0.03641	0.01175	0.01468	0.01351	0.01057	0.01351	0.00940	0.01409	0.00705	0.00529	0.00529	0.00176	0.00705	0.00470	0.00235	0.00587
47	0.01308	0.01256	0.02146	0.03245	0.78123	0.01256	0.01622	0.01622	0.01204	0.01727	0.00994	0.01308	0.00837	0.00471	0.00523	0.00157	0.00628	0.00471	0.00262	0.00837
48	0.85155	0.01022	0.00777	0.00695	0.01022	0.01186	0.00573	0.01554	0.00900	0.02372	0.00736	0.00859	0.00573	0.00491	0.00327	0.00164	0.00409	0.00286	0.00327	0.00573
49	0.00636	0.00536	0.00551	0.00547	0.00721	0.00451	0.00410	0.00780	0.01231	0.01490	0.11883	0.04985	0.71342	0.01316	0.00625	0.00177	0.00266	0.01101	0.00499	0.00451
50	0.01859	0.01396	0.01491	0.01175	0.01569	0.01555	0.00960	0.61092	0.16365	0.03095	0.01443	0.01415	0.01042	0.00650	0.00527	0.00162	0.00544	0.00499	0.02283	0.00879
51	0.00630	0.00531	0.00545	0.00552	0.00720	0.00447	0.00410	0.00764	0.01202	0.01444	0.07356	0.09806	0.71089	0.01351	0.00628	0.00180	0.00270	0.01135	0.00494	0.00447
52	0.00644	0.00460	0.00613	0.00736	0.00767	0.00429	0.00491	0.00736	0.01012	0.01350	0.02914	0.81076	0.03497	0.01656	0.00675	0.00215	0.00307	0.01503	0.00491	0.00429
53	0.00687	0.00538	0.00622	0.00601	0.00752	0.00473	0.00450	0.00879	0.01351	0.01776	0.41784	0.04515	0.41264	0.01209	0.00624	0.00172	0.00259	0.01035	0.00537	0.00473
54	0.02360	0.00919	0.01239	0.00950	0.01359	0.00805	0.00784	0.05003	0.01545	0.76018	0.02059	0.01782	0.01295	0.00654	0.00532	0.00163	0.00454	0.00530	0.00650	0.00900
55	0.01315	0.01136	0.01195	0.01076	0.01375	0.01315	0.00837	0.02809	0.77168	0.02211	0.02152	0.01972	0.01614	0.00717	0.00538	0.00179	0.00418	0.00598	0.00538	0.00837
56	0.01096	0.00940	0.01096	0.00783	0.01253	0.00705	0.00626	0.01331	0.01096	0.01723	0.00940	0.01096	0.00783	0.00392	0.00392	0.00078	0.00392	0.00313	0.00313	0.84653
57	0.85155	0.01022	0.00777	0.00695	0.01022	0.01186	0.00573	0.01554	0.00900	0.02372	0.00736	0.00859	0.00573	0.00491	0.00327	0.00164	0.00409	0.00286	0.00327	0.00573
58	0.00998	0.00940	0.01586	0.80150	0.03641	0.01175	0.01468	0.01351	0.01057	0.01351	0.00940	0.01409	0.00705	0.00529	0.00529	0.00176	0.00705	0.00470	0.00235	0.00587
59	0.00644	0.00460	0.00613	0.00736	0.00767	0.00429	0.00491	0.00736	0.01012	0.01350	0.02914	0.81076	0.03497	0.01656	0.00675	0.00215	0.00307	0.01503	0.00491	0.00429
60	0.00644	0.00460	0.00613	0.00736	0.00767	0.00429	0.00491	0.00736	0.01012	0.01350	0.02914	0.81076	0.03497	0.01656	0.00675	0.00215	0.00307	0.01503	0.00491	0.00429
61	0.01413	0.81739	0.02770	0.00905	0.01357	0.02092	0.00905	0.01583	0.01074	0.01244	0.00735	0.00848	0.00678	0.00452	0.00339	0.00113	0.00565	0.00283	0.00226	0.00678
62	0.01157	0.01157	0.01619	0.01388	0.01388	0.01619	0.01157	0.01272	0.00810	0.01272	0.00694	0.01157	0.00694	0.00925	0.01735	0.00231	0.80453	0.00463	0.00231	0.00578
63	0.00644	0.00460	0.00613	0.00736	0.00767	0.00429	0.00491	0.00736	0.01012	0.01350	0.02914	0.81076	0.03497	0.01656	0.00675	0.00215	0.00307	0.01503	0.00491	0.00429
64	0.01335	0.01295	0.02278	0.04510	0.57985	0.01293	0.15264	0.06303	0.01289	0.01814	0.01024	0.01330	0.00832	0.00478	0.00542	0.00161	0.00675	0.00499	0.00279	0.00813
65	0.01712	0.02077	0.01553	0.01426	0.03833	0.53905	0.01079	0.01847	0.01285	0.01300	0.00786	0.01024	0.00689	0.00656	0.00852	0.00165	0.24560	0.00381	0.00260	0.00609
66	0.01315	0.01136	0.01195	0.01076	0.01375	0.01315	0.00837	0.02809	0.77168	0.02211	0.02152	0.01972	0.01614	0.00717	0.00538	0.00179	0.00418	0.00598	0.00538	0.00837
67	0.02061	0.01341	0.01478	0.01153	0.01557	0.06199	0.02598	0.42367	0.06734	0.26645	0.01547	0.01463	0.01056	0.00636	0.00529	0.00161	0.00560	0.00496	0.00547	0.00873
68	0.02010	0.01481	0.01587	0.01216	0.01639	0.01639	0.01005	0.76360	0.02486	0.03332	0.01269	0.01269	0.00899	0.00635	0.00529	0.00159	0.00582	0.00476	0.00529	0.00899
69	0.00769	0.00513	0.00577	0.00577	0.00577	0.00513	0.00320	0.00769	0.00769	0.01025	0.01666	0.03460	0.01922	0.81421	0.02691	0.00513	0.00513	0.00769	0.00320	0.00320
70	0.00885	0.00774	0.02926	0.04021	0.08207	0.02211	0.03980	0.03723	0.02859	0.01787	0.30369	0.26579	0.05702	0.01119	0.00618	0.00182	0.00394	0.02637	0.00476	0.00550
71	0.00930	0.00834	0.01190	0.03764	0.01215	0.01082	0.00888	0.01089	0.00861	0.01264	0.01332	0.01842	0.05817	0.02361	0.37949	0.00516	0.35723	0.00552	0.00272	0.00521
72	0.01474	0.12787	0.01613	0.01349	0.10970	0.05189	0.00976	0.17058	0.33821	0.02155	0.01560	0.02914	0.01232	0.00645	0.00505	0.00160	0.00523	0.01813	0.00437	0.02818
73	0.01832	0.02257	0.01438	0.04228	0.01640	0.66708	0.00983	0.03277	0.01442	0.01347	0.00874	0.01093	0.00746	0.04028	0.00570	0.00151	0.00883	0.00364	0.00280	0.05860
74	0.00649	0.00464	0.00619	0.00742	0.00775	0.00434	0.00499	0.00745	0.01017	0.01355	0.02911	0.79270	0.03486	0.01652	0.00676	0.00215	0.00311	0.03259	0.00491	0.00431
75	0.01058	0.01028	0.01817	0.59980	0.08035	0.01207	0.11908	0.01411	0.01084	0.01430	0.00966	0.01406	0.00738	0.00530	0.00585	0.00176	0.03764	0.00492	0.01766	0.00618
76	0.00918	0.00459	0.00689	0.00689	0.00689	0.00459	0.00459	0.00689	0.00689	0.00918	0.00918	0.01607	0.00918	0.01837	0.02066	0.84619	0.00459	0.00459	0.00230	0.00230
77	0.00641	0.00523	0.00567	0.00584	0.00731	0.00449	0.00427	0.00780	0.01202	0.01488	0.12595	0.18116	0.57325	0.01367	0.00633	0.00183	0.00273	0.01166	0.00501	0.00449
78	0.00683	0.00538	0.00616	0.00596	0.00750	0.00471	0.00447	0.00871	0.01342	0.01754	0.39448	0.04552	0.43613	0.01217	0.00624	0.00173	0.00259	0.01041	0.00534	0.00471
79	0.00768	0.00514	0.00585	0.00585	0.00588	0.00517	0.00331	0.00774	0.00771	0.01032	0.01658	0.03415	0.01903	0.78943	0.05142	0.00523	0.00541	0.00762	0.00319	0.00325
80	0.01413	0.81739	0.02770	0.00905	0.01357	0.02092	0.00905	0.01583	0.01074	0.01244	0.00735	0.00848	0.00678	0.00452	0.00339	0.00113	0.00565	0.00283	0.00226	0.00678
81	0.01060	0.02735	0.78682	0.01507	0.02288	0.01228	0.01953	0.01674	0.01116	0.01674	0.00949	0.01116	0.00670	0.00502	0.00502	0.00167	0.00781	0.00391	0.00223	0.00781
82	0.02372	0.00900	0.01227	0.00941	0.01350	0.00777	0.00777	0.02576	0.01513	0.78489	0.02086	0.01799	0.01309	0.00654	0.00532	0.00164	0.00450	0.00532	0.00654	0.00900
83	0.01413	0.81739	0.02770	0.00905	0.01357	0.02092	0.00905	0.01583	0.01074	0.01244	0.00735	0.00848	0.00678	0.00452	0.00339	0.00113	0.00565	0.00283	0.00226	0.00678
84	0.01198	0.01013	0.01500	0.57519	0.02991	0.01213	0.01291	0.16446	0.01351	0.01795	0.01092	0.01502	0.00830	0.00573	0.00522	0.00170	0.00646	0.01833	0.05874	0.00642
85	0.00628	0.00525	0.00547	0.00564	0.00722	0.00444	0.00414	0.00755	0.01177	0.01417	0.05006	0.15954	0.67268	0.01384	0.00632	0.00184	0.00273	0.01171	0.00491	0.00444
86	0.00649	0.00462	0.00612	0.00730	0.00760	0.00433	0.00484	0.00737	0.01003	0.01337	0.02866	0.78111	0.03436	0.04704	0.00752	0.00226	0.00315	0.01475	0.00484	0.00425
87	0.01111	0.14032	0.67827	0.01421	0.02155	0.01351	0.01803	0.01661	0.01110	0.01613	0.00918	0.01078	0.00671	0.00495	0.00479	0.00160	0.00750	0.00375	0.00224	0.00767
88	0.00673	0.00491	0.00659	0.00772	0.00808	0.00477	0.00535	0.00776	0.01020	0.01363	0.02840	0.73606	0.03382	0.01621	0.00710	0.00217	0.02700	0.06429	0.00483	0.00438
89	0.85155	0.01022	0.00777	0.00695	0.01022	0.01186	0.00573	0.01554	0.00900	0.02372	0.00736	0.00859	0.00573	0.00491	0.00327	0.00164	0.00409	0.00286	0.00327	0.00573
90	0.00773	0.00529	0.00659	0.00659	0.00694	0.00558	0.00429	0.00842	0.00807	0.01125	0.01589	0.02968	0.01712	0.53988	0.26690	0.00604	0.00786	0.00695	0.03519	0.00375
91	0.73152	0.06208	0.07170	0.00774	0.01145	0.01246	0.00704	0.01565	0.00928	0.02245	0.00753	0.00879	0.00587	0.00489	0.00342	0.00161	0.00449	0.00294	0.00312	0.00596
92	0.01308	0.01256	0.02146	0.03245	0.78123	0.01256	0.01622	0.01622	0.01204	0.01727	0.00994	0.01308	0.00837	0.00471	0.00523	0.00157	0.00628	0.00471	0.00262	0.00837
93	0.01471	0.20313	0.41859	0.01227	0.01839	0.01312	0.01418	0.01880	0.01206	0.20904	0.01186	0.01227	0.00832	0.00529	0.00472	0.00154	0.00649	0.00401	0.00332	0.00788
94	0.00664	0.00548	0.00584	0.00579	0.00745	0.00476	0.00433	0.00849	0.03121	0.01562	0.17507	0.08007	0.60496	0.01293	0.00625	0.00178	0.00270	0.01092	0.00508	0.00464
95	0.01073	0.02552	0.69264	0.04960	0.02385	0.01234	0.07916	0.01662	0.01124	0.01662	0.00958	0.01154	0.00682	0.00499	0.00513	0.00169	0.00787	0.00413	0.00227	0.00767
96	0.01333	0.25191	0.37729	0.01379	0.03585	0.01514	0.07753	0.09577	0.01277	0.04593	0.00974	0.01111	0.00735	0.00502	0.00470	0.00151	0.00691	0.00395	0.00277	0.00764
97	0.00625	0.00536	0.00536	0.00536	0.00714	0.00446	0.00402	0.00759	0.01205	0.01428	0.05355	0.05088	0.77909	0.01339	0.00625	0.00179	0.00268	0.01116	0.00491	0.00446
98	0.00642	0.00468	0.00605	0.00715	0.00761	0.00431	0.00481	0.00738	0.01033	0.01358	0.03172	0.73044	0.11362	0.01623	0.00669	0.00211	0.00303	0.01462	0.00491	0.00431
99	0.04595	0.36924	0.15062	0.01342	0.09677	0.13800	0.01167	0.06400	0.03745	0.01580	0.00891	0.01022	0.00735	0.00499	0.00425	0.00137	0.00659	0.00352	0.00270	0.00717
100	0.00763	0.00618	0.00756	0.02291	0.00872	0.02043	0.00554	0.00868	0.01018	0.01345	0.08000	0.34307	0.15694	0.16037	0.03026	0.00274	0.09590	0.01081	0.00422	0.00442
101	0.00647	0.00461	0.00613	0.00732	0.00762	0.00431	0.00487	0.00737	0.01006	0.01342	0.02884	0.79220	0.03459	0.03563	0.00723	0.00222	0.00312	0.01485	0.00487	0.00427
102	0.77466	0.03514	0.00881	0.00743	0.01071	0.06097	0.00610	0.01590	0.00942	0.02271	0.00741	0.00864	0.00582	0.00493	0.00337	0.00160	0.00448	0.00290	0.00321	0.00578
103	0.01918	0.01456	0.01658	0.01271	0.01693	0.01600	0.05697	0.67055	0.07116	0.03159	0.01312	0.01323	0.00938	0.00628	0.00535	0.00161	0.00591	0.00493	0.00513	0.00883
104	0.07887	0.01013	0.01601	0.49132	0.19300	0.01189	0.01371	0.01432	0.02445	0.01533	0.01070	0.01503	0.02318	0.00568	0.00569	0.00175	0.04089	0.01902	0.00263	0.00640
105	0.02946	0.04454	0.02331	0.05012	0.15745	0.12993	0.35505	0.01721	0.02436	0.04153	0.01113	0.04446	0.00912	0.00526	0.00554	0.00163	0.00765	0.00550	0.00293	0.03379
106	0.05976	0.13508	0.01705	0.04639	0.03052	0.21751	0.08439	0.06566	0.06592	0.07937	0.02840	0.01448	0.03925	0.00748	0.04042	0.00184	0.03620	0.00464	0.00347	0.02217

[dist]
# distance from previous block
# <min> <max>
0	14

[block]
# block no. 3 follows, 46 sequences, length 40
# corresponding to MSA columns:
# 306-345
name=unknown_D
#
# <colnr> <probs for GDERKNQSTAVLIFYWHMCP>
#	G	D	E	R	K	N	Q	S	T	A	V	L	I	F	Y	W	H	M	C	P
0	0.01545	0.05999	0.07640	0.01466	0.15190	0.08237	0.01057	0.24825	0.02859	0.06865	0.01280	0.01558	0.02209	0.09159	0.02673	0.00205	0.00624	0.00484	0.00383	0.05743
1	0.19640	0.01710	0.27190	0.04676	0.18698	0.04034	0.03166	0.01644	0.03676	0.01816	0.00939	0.01145	0.00729	0.00515	0.00523	0.00163	0.04266	0.00399	0.00273	0.04798
2	0.01012	0.00698	0.00850	0.00843	0.04467	0.00693	0.00581	0.09035	0.02642	0.06206	0.18050	0.04753	0.12520	0.25100	0.04304	0.00300	0.00456	0.04374	0.02592	0.00523
3	0.01320	0.01392	0.07133	0.07110	0.09732	0.03217	0.36446	0.06996	0.04851	0.04749	0.02429	0.01419	0.00921	0.00499	0.00558	0.00162	0.00724	0.00535	0.00318	0.09491
4	0.01044	0.00995	0.01719	0.65479	0.11834	0.01181	0.05713	0.01395	0.01088	0.01417	0.00993	0.01496	0.00775	0.00537	0.00538	0.00176	0.00702	0.02054	0.00245	0.00620
5	0.01248	0.01426	0.03119	0.02228	0.02763	0.01337	0.76203	0.01693	0.01248	0.01693	0.01070	0.01426	0.00802	0.00446	0.00624	0.00178	0.00891	0.00624	0.00267	0.00713
6	0.01836	0.02276	0.01501	0.01353	0.01590	0.65453	0.01032	0.02028	0.04658	0.01330	0.00858	0.01025	0.00723	0.00604	0.00649	0.00151	0.11670	0.00368	0.00278	0.00618
7	0.00654	0.00481	0.00614	0.00705	0.00768	0.00442	0.00486	0.00768	0.01084	0.01426	0.09048	0.61720	0.15016	0.01559	0.00664	0.00206	0.00301	0.03120	0.00498	0.00439
8	0.00644	0.00460	0.00613	0.00736	0.00767	0.00429	0.00491	0.00736	0.01012	0.01350	0.02914	0.81076	0.03497	0.01656	0.00675	0.00215	0.00307	0.01503	0.00491	0.00429
9	0.00651	0.00463	0.00611	0.00727	0.00756	0.00434	0.00481	0.00738	0.00998	0.01331	0.02843	0.76672	0.03407	0.06182	0.00789	0.00232	0.00318	0.01461	0.00481	0.00423
10	0.02010	0.01481	0.01587	0.01216	0.01639	0.01639	0.01005	0.76360	0.02486	0.03332	0.01269	0.01269	0.00899	0.00635	0.00529	0.00159	0.00582	0.00476	0.00529	0.00899
11	0.02372	0.00900	0.01227	0.00941	0.01350	0.00777	0.00777	0.02576	0.01513	0.78489	0.02086	0.01799	0.01309	0.00654	0.00532	0.00164	0.00450	0.00532	0.00654	0.00900
12	0.01315	0.01136	0.01195	0.01076	0.01375	0.01315	0.00837	0.02809	0.77168	0.02211	0.02152	0.01972	0.01614	0.00717	0.00538	0.00179	0.00418	0.00598	0.00538	0.00837
13	0.00644	0.00460	0.00613	0.00736	0.00767	0.00429	0.00491	0.00736	0.01012	0.01350	0.02914	0.81076	0.03497	0.01656	0.00675	0.00215	0.00307	0.01503	0.00491	0.00429
14	0.01924	0.06048	0.01544	0.01330	0.01612	0.72827	0.01009	0.02114	0.04372	0.01327	0.00864	0.00988	0.00717	0.00547	0.00473	0.00137	0.00915	0.00348	0.00280	0.00624
15	0.01105	0.12784	0.69026	0.01430	0.02170	0.01338	0.01820	0.01663	0.01111	0.01619	0.00922	0.01082	0.00671	0.00496	0.00482	0.00161	0.00754	0.00377	0.00224	0.00768
16	0.01267	0.01213	0.02070	0.13634	0.68062	0.01245	0.01602	0.01586	0.01184	0.01676	0.00987	0.01322	0.00819	0.00479	0.00524	0.00160	0.00638	0.00471	0.00258	0.00804
17	0.00748	0.00540	0.00707	0.00665	0.00790	0.00499	0.00499	0.00998	0.01496	0.02120	0.77844	0.03949	0.04988	0.01081	0.00624	0.00166	0.00249	0.00956	0.00582	0.00499
18	0.01856	0.02417	0.05038	0.01322	0.01613	0.71189	0.01030	0.02014	0.01464	0.01319	0.01081	0.01196	0.05062	0.00588	0.00486	0.00140	0.00906	0.00387	0.00282	0.00611
19	0.01160	0.04104	0.04516	0.12281	0.08642	0.01472	0.09198	0.01383	0.00952	0.01398	0.00830	0.01241	0.00735	0.00741	0.01219	0.00202	0.46507	0.00473	0.02320	0.00625
20	0.00656	0.00465	0.00610	0.00721	0.00749	0.00437	0.00475	0.00739	0.00989	0.01319	0.02795	0.73705	0.03347	0.09231	0.00866	0.00243	0.00326	0.01433	0.00475	0.00419
21	0.02362	0.00915	0.01236	0.00948	0.01357	0.00800	0.00783	0.04529	0.01539	0.76501	0.02064	0.01785	0.01298	0.00654	0.00532	0.00163	0.00453	0.00530	0.00651	0.00900
22	0.01545	0.01597	0.05857	0.02436	0.45889	0.19565	0.02799	0.01820	0.01288	0.08655	0.01044	0.01259	0.00831	0.00518	0.00544	0.00155	0.02677	0.00444	0.00298	0.00779
23	0.00640	0.00526	0.00566	0.00594	0.00743	0.00451	0.00440	0.00772	0.01171	0.01422	0.04788	0.18748	0.60776	0.01402	0.00639	0.00188	0.00286	0.04912	0.00491	0.00445
24	0.02010	0.01481	0.01587	0.01216	0.01639	0.01639	0.01005	0.76360	0.02486	0.03332	0.01269	0.01269	0.00899	0.00635	0.00529	0.00159	0.00582	0.00476	0.00529	0.00899
25	0.00644	0.00460	0.00613	0.00736	0.00767	0.00429	0.00491	0.00736	0.01012	0.01350	0.02914	0.81076	0.03497	0.01656	0.00675	0.00215	0.00307	0.01503	0.00491	0.00429
26	0.01159	0.21245	0.37128	0.06349	0.10362	0.01374	0.04521	0.01577	0.01135	0.01591	0.04521	0.01272	0.00929	0.00518	0.00472	0.00152	0.00664	0.00419	0.03891	0.00722
27	0.01801	0.20260	0.01811	0.01349	0.05448	0.56336	0.01022	0.01982	0.02962	0.01324	0.00835	0.00969	0.00708	0.00524	0.00449	0.00133	0.00838	0.00339	0.00267	0.00644
28	0.01096	0.00940	0.01096	0.00783	0.01253	0.00705	0.00626	0.01331	0.01096	0.01723	0.00940	0.01096	0.00783	0.00392	0.00392	0.00078	0.00392	0.00313	0.00313	0.84653
29	0.00955	0.00588	0.00760	0.00689	0.00858	0.00531	0.00527	0.01187	0.01470	0.12367	0.60395	0.03772	0.11749	0.01049	0.00611	0.00167	0.00278	0.00915	0.00583	0.00548
30	0.00938	0.00716	0.00906	0.00968	0.01122	0.00754	0.00806	0.01459	0.18948	0.01720	0.04415	0.12142	0.02798	0.01297	0.00677	0.00224	0.00448	0.48598	0.00501	0.00563
31	0.00657	0.00537	0.00581	0.00570	0.00734	0.00460	0.00427	0.00822	0.01282	0.01610	0.24410	0.04788	0.58740	0.01271	0.00624	0.00175	0.00263	0.01074	0.00515	0.00460
32	0.85155	0.01022	0.00777	0.00695	0.01022	0.01186	0.00573	0.01554	0.00900	0.02372	0.00736	0.00859	0.00573	0.00491	0.00327	0.00164	0.00409	0.00286	0.00327	0.00573
33	0.00662	0.00475	0.00628	0.00743	0.00785	0.00446	0.00511	0.00765	0.01028	0.01362	0.02959	0.70746	0.06048	0.03664	0.00729	0.00223	0.00324	0.06985	0.00486	0.00432
34	0.01407	0.63490	0.07531	0.00947	0.01420	0.01853	0.00949	0.04826	0.01150	0.03138	0.00822	0.00929	0.00712	0.00462	0.00368	0.00116	0.00561	0.00307	0.00257	0.08757
35	0.03058	0.24407	0.21563	0.01308	0.05480	0.13328	0.03824	0.10108	0.01349	0.06070	0.02210	0.01154	0.00832	0.00526	0.00458	0.00145	0.00673	0.00392	0.02383	0.00732
36	0.06145	0.01304	0.04459	0.04140	0.42833	0.03018	0.09758	0.06851	0.06998	0.05457	0.01186	0.01477	0.00949	0.00538	0.00529	0.00164	0.00628	0.02445	0.00328	0.00794
37	0.01236	0.05857	0.05290	0.02268	0.44817	0.06886	0.03194	0.01555	0.03855	0.01635	0.01680	0.01850	0.12767	0.00616	0.00522	0.00155	0.00589	0.00548	0.00306	0.04376
38	0.01131	0.03225	0.12588	0.01211	0.08685	0.04665	0.00982	0.10351	0.06740	0.01835	0.05705	0.11020	0.11295	0.00897	0.00563	0.00171	0.00508	0.09873	0.00408	0.08148
39	0.01372	0.01172	0.06320	0.03456	0.03635	0.01043	0.23241	0.08171	0.04216	0.14201	0.01507	0.11013	0.01272	0.02670	0.00634	0.00174	0.02386	0.00639	0.02370	0.10505

[dist]
# distance from previous block
# <min> <max>
7	47

[block]
# block no. 4 follows, 46 sequences, length 37
# corresponding to MSA columns:
# 393-429
name=unknown_E
#
# <colnr> <probs for GDERKNQSTAVLIFYWHMCP>
#	G	D	E	R	K	N	Q	S	T	A	V	L	I	F	Y	W	H	M	C	P
0	0.02781	0.06519	0.04458	0.04996	0.01652	0.15263	0.05130	0.24152	0.01569	0.03647	0.01060	0.01279	0.00849	0.04766	0.00653	0.00161	0.04345	0.00428	0.00360	0.15932
