[name]
unknown

[dist]
# distance from previous block
# <min> <max>
0	628

[block]
# block no. 0 follows, 45 sequences, length 38
# corresponding to MSA columns:
# 628-646,654-672
name=unknown_A
#
# <colnr> <probs for GDERKNQSTAVLIFYWHMCP>
#	G	D	E	R	K	N	Q	S	T	A	V	L	I	F	Y	W	H	M	C	P
0	0.29295	0.03766	0.01306	0.01028	0.01394	0.04107	0.02518	0.31305	0.06449	0.04001	0.02731	0.01490	0.01036	0.00636	0.00473	0.00165	0.00523	0.04390	0.00440	0.02945
1	0.60356	0.04160	0.01019	0.03954	0.01242	0.01268	0.00690	0.11805	0.02667	0.02423	0.00898	0.01019	0.00690	0.00525	0.00376	0.00161	0.00451	0.00339	0.03261	0.02695
2	0.01054	0.00552	0.00557	0.00538	0.00679	0.00560	0.00408	0.05090	0.01198	0.02072	0.01727	0.01965	0.01352	0.00626	0.00384	0.00127	0.00268	0.00499	0.79822	0.00522
3	0.06940	0.01401	0.01516	0.03648	0.03342	0.01553	0.00989	0.63635	0.02280	0.03153	0.01264	0.01306	0.00909	0.00628	0.00516	0.00160	0.00567	0.00472	0.04861	0.00860
4	0.00650	0.00544	0.00565	0.00560	0.00735	0.00460	0.00420	0.00800	0.01260	0.01537	0.14315	0.05024	0.68638	0.01327	0.00634	0.00180	0.00270	0.01113	0.00510	0.00460
5	0.01014	0.00954	0.01610	0.79845	0.03697	0.01193	0.01491	0.01371	0.01073	0.01371	0.00954	0.01431	0.00716	0.00537	0.00537	0.00179	0.00716	0.00477	0.00239	0.00596
6	0.02408	0.00914	0.01246	0.00955	0.01370	0.00789	0.00789	0.02616	0.01536	0.78158	0.02118	0.01827	0.01329	0.00664	0.00540	0.00166	0.00457	0.00540	0.00664	0.00914
7	0.00646	0.00499	0.00590	0.00663	0.00756	0.00443	0.00461	0.00757	0.01109	0.01403	0.03986	0.49440	0.34232	0.01548	0.00664	0.00203	0.00295	0.01363	0.00498	0.00443
8	0.00932	0.00466	0.00699	0.00699	0.00699	0.00466	0.00466	0.00699	0.00699	0.00932	0.00932	0.01632	0.00932	0.01865	0.02098	0.84382	0.00466	0.00466	0.00233	0.00233
9	0.00634	0.00544	0.00544	0.00544	0.00725	0.00453	0.00408	0.00770	0.01224	0.01450	0.05438	0.05166	0.77569	0.01359	0.00634	0.00181	0.00272	0.01133	0.00498	0.00453
10	0.00665	0.00480	0.00625	0.00732	0.00778	0.00446	0.00496	0.00766	0.01052	0.01390	0.04834	0.68994	0.08981	0.04118	0.00746	0.00224	0.00319	0.03421	0.00495	0.00437
11	0.01860	0.02165	0.01443	0.01295	0.01582	0.57391	0.00983	0.06360	0.14624	0.02996	0.03476	0.01274	0.01014	0.00607	0.00503	0.00149	0.00822	0.00421	0.00354	0.00680
12	0.01769	0.01959	0.01528	0.02990	0.01674	0.45421	0.04980	0.11909	0.01550	0.03173	0.00992	0.02445	0.00808	0.00552	0.00489	0.00136	0.00782	0.00401	0.00329	0.16112
13	0.01051	0.01062	0.01824	0.01456	0.01691	0.03891	0.29586	0.01288	0.01101	0.01492	0.04655	0.21446	0.03076	0.07861	0.01033	0.00228	0.15493	0.00849	0.00343	0.00575
14	0.01381	0.69496	0.07393	0.05218	0.01562	0.02003	0.01024	0.01590	0.01083	0.01297	0.00769	0.00919	0.00690	0.00483	0.00414	0.00126	0.03323	0.00310	0.00230	0.00687
15	0.03362	0.01088	0.01227	0.01027	0.01343	0.05023	0.00817	0.06465	0.25984	0.32647	0.06014	0.01944	0.01555	0.03932	0.00693	0.00188	0.04757	0.00573	0.00552	0.00808
16	0.00756	0.00549	0.00712	0.00671	0.00800	0.00505	0.00503	0.01005	0.01510	0.02131	0.75269	0.04046	0.07313	0.01106	0.00633	0.00169	0.00254	0.00976	0.00588	0.00505
17	0.01016	0.00608	0.00783	0.00705	0.00886	0.00546	0.00541	0.01247	0.01486	0.14579	0.56219	0.03793	0.13377	0.01058	0.00618	0.00170	0.00289	0.00920	0.00592	0.00567
18	0.00780	0.00524	0.00602	0.00602	0.00608	0.00530	0.00346	0.00791	0.00786	0.01053	0.01676	0.03428	0.01915	0.76463	0.07354	0.00541	0.00576	0.00768	0.00323	0.00335
19	0.02041	0.01504	0.01611	0.01235	0.01665	0.01665	0.01020	0.75997	0.02524	0.03383	0.01289	0.01289	0.00913	0.00644	0.00537	0.00161	0.00591	0.00483	0.00537	0.00913
20	0.01024	0.00964	0.01628	0.77392	0.06071	0.01195	0.01496	0.01380	0.01078	0.01384	0.00956	0.01428	0.00720	0.00535	0.00537	0.00178	0.00713	0.00477	0.00239	0.00604
21	0.01024	0.00965	0.01629	0.77297	0.06164	0.01195	0.01496	0.01381	0.01078	0.01384	0.00956	0.01428	0.00720	0.00535	0.00536	0.00178	0.00713	0.00477	0.00239	0.00605
22	0.00781	0.00520	0.00585	0.00585	0.00585	0.00520	0.00325	0.00781	0.00781	0.01041	0.01691	0.03513	0.01952	0.81135	0.02732	0.00520	0.00520	0.00781	0.00325	0.00325
23	0.01357	0.00985	0.01165	0.00847	0.01312	0.00790	0.00683	0.06554	0.01267	0.12561	0.01140	0.01225	0.00878	0.00452	0.00427	0.00097	0.00419	0.00360	0.00381	0.67099
24	0.00827	0.00621	0.00776	0.00728	0.00874	0.00606	0.00548	0.01231	0.10734	0.02143	0.66261	0.05835	0.04604	0.01068	0.00624	0.00172	0.00276	0.00941	0.00583	0.00547
25	0.00811	0.00560	0.00734	0.00684	0.00819	0.00515	0.00515	0.01062	0.01520	0.04495	0.75180	0.03942	0.04950	0.01084	0.00630	0.00169	0.00260	0.00957	0.00593	0.00519
26	0.01114	0.02768	0.75281	0.01524	0.02297	0.04355	0.01945	0.01718	0.01149	0.01685	0.00958	0.01127	0.00680	0.00512	0.00509	0.00169	0.00800	0.00395	0.00229	0.00786
27	0.01258	0.01203	0.02051	0.20497	0.61137	0.01257	0.01612	0.01585	0.01189	0.01668	0.00997	0.01352	0.00820	0.00491	0.00533	0.00164	0.00655	0.00478	0.00260	0.00793
28	0.01075	0.01058	0.01914	0.62132	0.07526	0.01226	0.14528	0.01447	0.01115	0.01453	0.00980	0.01429	0.00740	0.00519	0.00553	0.00178	0.00745	0.00505	0.00246	0.00632
29	0.00932	0.00466	0.00699	0.00699	0.00699	0.00466	0.00466	0.00699	0.00699	0.00932	0.00932	0.01632	0.00932	0.01865	0.02098	0.84382	0.00466	0.00466	0.00233	0.00233
30	0.01053	0.00962	0.01583	0.62516	0.08774	0.01164	0.02671	0.01422	0.02919	0.01474	0.01045	0.01475	0.00801	0.00554	0.00561	0.00175	0.02956	0.00485	0.06795	0.00616
31	0.05413	0.00999	0.02358	0.00945	0.01251	0.05060	0.00758	0.10078	0.06589	0.33774	0.12504	0.14094	0.02087	0.00867	0.00563	0.00174	0.00450	0.00726	0.00564	0.00747
32	0.02286	0.00955	0.01253	0.00969	0.01369	0.00866	0.00796	0.08946	0.03246	0.66858	0.03772	0.01864	0.01396	0.02120	0.00581	0.00172	0.00464	0.00551	0.00643	0.00892
33	0.00966	0.00526	0.00615	0.04823	0.00821	0.00543	0.00465	0.01142	0.01044	0.01744	0.03154	0.02023	0.01375	0.03991	0.05025	0.11985	0.00381	0.00519	0.58399	0.00461
34	0.01400	0.01889	0.24217	0.02289	0.34120	0.10988	0.07849	0.05753	0.01315	0.03646	0.01022	0.01247	0.00793	0.00508	0.00528	0.00162	0.00740	0.00453	0.00281	0.00800
35	0.01572	0.01094	0.01489	0.18919	0.14036	0.01173	0.01109	0.14695	0.13897	0.18619	0.01684	0.04407	0.03551	0.00670	0.00546	0.00172	0.00550	0.00570	0.00454	0.00792
36	0.03060	0.10197	0.54009	0.01442	0.02072	0.01381	0.04233	0.03057	0.01127	0.03507	0.00944	0.01136	0.00706	0.00561	0.00646	0.00172	0.10338	0.00405	0.00248	0.00756
37	0.16218	0.04072	0.05622	0.01497	0.12264	0.42068	0.01070	0.01906	0.03827	0.01620	0.01021	0.01167	0.02938	0.00564	0.00491	0.00152	0.02157	0.00390	0.00295	0.00660

[dist]
# distance from previous block
# <min> <max>
1	17

[block]
# block no. 1 follows, 45 sequences, length 58
# corresponding to MSA columns:
# 690-747
name=unknown_B
#
# <colnr> <probs for GDERKNQSTAVLIFYWHMCP>
#	G	D	E	R	K	N	Q	S	T	A	V	L	I	F	Y	W	H	M	C	P
0	0.01010	0.00892	0.06436	0.03270	0.02588	0.00775	0.04406	0.08052	0.02486	0.03165	0.05951	0.22364	0.02068	0.15212	0.04883	0.00269	0.00521	0.02264	0.05147	0.08241
1	0.01284	0.01021	0.01229	0.00957	0.01358	0.00931	0.02838	0.14401	0.06480	0.04160	0.01311	0.01683	0.01103	0.00830	0.06461	0.00178	0.00535	0.05994	0.00391	0.46853
2	0.01187	0.00926	0.01195	0.08504	0.01473	0.00957	0.04389	0.23342	0.01531	0.02081	0.07697	0.29891	0.02151	0.01094	0.02631	0.00195	0.00495	0.00886	0.00458	0.08918
3	0.00670	0.00486	0.00638	0.00740	0.00792	0.00447	0.00500	0.00775	0.01054	0.01413	0.05774	0.73460	0.05705	0.01615	0.00674	0.00211	0.00310	0.01460	0.00497	0.02780
4	0.01105	0.00922	0.01070	0.00774	0.01227	0.00700	0.00618	0.01345	0.01114	0.01767	0.01010	0.01176	0.00836	0.00414	0.00396	0.00083	0.00387	0.00331	0.06228	0.78498
5	0.01784	0.01407	0.01362	0.01148	0.01497	0.12808	0.00909	0.20644	0.35062	0.14894	0.01754	0.01646	0.01270	0.00671	0.00534	0.00168	0.00551	0.00527	0.00524	0.00842
6	0.01438	0.76133	0.02732	0.00951	0.01386	0.04007	0.00932	0.01607	0.01090	0.01265	0.00747	0.00877	0.00690	0.00482	0.00407	0.00120	0.03925	0.00296	0.00231	0.00683
7	0.03439	0.01249	0.01577	0.01229	0.01596	0.01340	0.08055	0.39990	0.01859	0.12209	0.01365	0.03651	0.01042	0.00970	0.07746	0.00230	0.06326	0.00529	0.00467	0.05131
8	0.01143	0.09046	0.58438	0.01642	0.04535	0.01337	0.13105	0.01694	0.01153	0.01668	0.00965	0.01164	0.00706	0.00496	0.00516	0.00167	0.00788	0.00426	0.00235	0.00776
9	0.00666	0.00493	0.00622	0.00700	0.00772	0.00449	0.00483	0.00791	0.01135	0.01500	0.14362	0.55824	0.17162	0.01538	0.00668	0.00204	0.00296	0.01373	0.00512	0.00449
10	0.02182	0.00966	0.01237	0.00966	0.01358	0.00893	0.00792	0.11114	0.05197	0.59952	0.03683	0.02004	0.05685	0.00713	0.00547	0.00167	0.00457	0.00578	0.00633	0.00876
11	0.01966	0.12068	0.03803	0.01143	0.01550	0.12784	0.05155	0.12299	0.05717	0.33740	0.03435	0.01521	0.01155	0.00616	0.00512	0.00156	0.00595	0.00485	0.00488	0.00812
12	0.04107	0.00987	0.01280	0.00984	0.01399	0.00904	0.00813	0.11462	0.01643	0.67522	0.01989	0.01742	0.01263	0.00658	0.00535	0.00165	0.00472	0.00528	0.00642	0.00906
13	0.00781	0.00520	0.00585	0.00585	0.00585	0.00520	0.00325	0.00781	0.00781	0.01041	0.01691	0.03513	0.01952	0.81135	0.02732	0.00520	0.00520	0.00781	0.00325	0.00325
14	0.03526	0.00825	0.00997	0.00868	0.01122	0.00807	0.00680	0.12839	0.05408	0.23157	0.16385	0.15661	0.09676	0.02300	0.00627	0.00185	0.00397	0.03296	0.00563	0.00680
15	0.01205	0.19813	0.46708	0.07001	0.02103	0.06475	0.01589	0.01648	0.01131	0.01533	0.00944	0.02942	0.00753	0.00546	0.00522	0.00160	0.03556	0.00404	0.00238	0.00729
16	0.01014	0.00954	0.01610	0.79845	0.03697	0.01193	0.01491	0.01371	0.01073	0.01371	0.00954	0.01431	0.00716	0.00537	0.00537	0.00179	0.00716	0.00477	0.00239	0.00596
17	0.01271	0.01217	0.02075	0.17261	0.64269	0.01260	0.01619	0.01597	0.01195	0.01684	0.01000	0.01347	0.00826	0.00489	0.00532	0.00163	0.00652	0.00478	0.00261	0.00804
18	0.02561	0.01292	0.06207	0.29469	0.30976	0.05050	0.05281	0.01567	0.02733	0.01578	0.01020	0.02822	0.00837	0.00560	0.00614	0.00173	0.05790	0.00493	0.00264	0.00712
19	0.01048	0.00972	0.01610	0.77214	0.03629	0.01208	0.01475	0.03869	0.01122	0.01439	0.00965	0.01426	0.00722	0.00540	0.00537	0.00178	0.00711	0.00477	0.00249	0.00607
20	0.01058	0.02537	0.68549	0.01517	0.02242	0.01196	0.06125	0.01634	0.01134	0.01678	0.01111	0.06769	0.00890	0.00589	0.00529	0.00174	0.00766	0.00490	0.00248	0.00764
21	0.78982	0.01003	0.00772	0.00694	0.01016	0.01151	0.00569	0.01521	0.00935	0.02341	0.01078	0.01175	0.06011	0.00559	0.00354	0.00167	0.00405	0.00350	0.00344	0.00572
22	0.01937	0.01452	0.01553	0.01214	0.01625	0.01616	0.00995	0.65248	0.13441	0.03216	0.01420	0.01394	0.01020	0.00657	0.00538	0.00164	0.00566	0.00501	0.00538	0.00904
23	0.01698	0.00830	0.01066	0.00890	0.01182	0.00790	0.00704	0.03574	0.11060	0.40820	0.15211	0.03955	0.03696	0.05577	0.06220	0.00239	0.00486	0.00670	0.00581	0.00752
24	0.01007	0.00937	0.01595	0.69019	0.03389	0.01145	0.04533	0.01354	0.01068	0.01393	0.01014	0.01494	0.00780	0.00781	0.06071	0.00226	0.00763	0.00491	0.02348	0.00591
25	0.78984	0.00998	0.00777	0.00709	0.01020	0.01150	0.00575	0.01519	0.00922	0.02335	0.00903	0.06508	0.00791	0.00582	0.00357	0.00170	0.00408	0.00378	0.00344	0.00571
26	0.01027	0.00726	0.00852	0.00784	0.00896	0.00778	0.00552	0.15879	0.01169	0.01594	0.01628	0.07101	0.01687	0.41752	0.19022	0.00499	0.00720	0.00712	0.02136	0.00487
27	0.74318	0.00998	0.00820	0.00731	0.01051	0.01143	0.00599	0.01593	0.00945	0.06617	0.00874	0.01013	0.00677	0.00756	0.05892	0.00215	0.00490	0.00325	0.00348	0.00593
28	0.00700	0.00570	0.00602	0.00599	0.00766	0.00505	0.00444	0.00891	0.05471	0.01481	0.07445	0.07786	0.62212	0.01363	0.00735	0.06121	0.00295	0.01066	0.00486	0.00461
29	0.00997	0.00924	0.01538	0.74255	0.03478	0.01145	0.01409	0.01330	0.01053	0.01348	0.01006	0.01578	0.00803	0.06221	0.00692	0.00203	0.00702	0.00498	0.00245	0.00577
30	0.00992	0.00968	0.05348	0.02487	0.06032	0.06280	0.00768	0.01459	0.14359	0.01926	0.37750	0.08241	0.07336	0.02889	0.00646	0.00181	0.00408	0.00832	0.00495	0.00602
31	0.03981	0.06270	0.01800	0.01462	0.03270	0.11623	0.01115	0.34054	0.09325	0.13324	0.03388	0.02111	0.03348	0.00941	0.00709	0.00241	0.00731	0.00637	0.00631	0.01039
32	0.03727	0.01624	0.04618	0.01958	0.02360	0.07823	0.40244	0.01822	0.01483	0.02025	0.03615	0.09446	0.04268	0.01168	0.05290	0.00303	0.04631	0.02257	0.00466	0.00871
33	0.02041	0.01504	0.01611	0.01235	0.01665	0.01665	0.01020	0.75997	0.02524	0.03383	0.01289	0.01289	0.00913	0.00644	0.00537	0.00161	0.00591	0.00483	0.00537	0.00913
34	0.01513	0.01087	0.01328	0.04003	0.01493	0.01158	0.05077	0.21324	0.23701	0.12591	0.13838	0.03796	0.05120	0.00779	0.00568	0.00173	0.00474	0.00661	0.00537	0.00779
35	0.01086	0.01563	0.26801	0.03213	0.16944	0.01022	0.09167	0.01478	0.01213	0.03228	0.11055	0.08304	0.03806	0.00688	0.00552	0.00165	0.00607	0.00623	0.00333	0.08148
36	0.82238	0.03628	0.00854	0.00713	0.01049	0.01234	0.00592	0.01579	0.00919	0.02372	0.00747	0.00872	0.00585	0.00497	0.00333	0.00164	0.00420	0.00291	0.00329	0.00585
37	0.01978	0.01457	0.01567	0.01213	0.01625	0.01609	0.00997	0.72611	0.02457	0.03292	0.01364	0.04865	0.01032	0.00691	0.00544	0.00164	0.00578	0.00530	0.00535	0.00891
38	0.01435	0.81458	0.02813	0.00918	0.01378	0.02124	0.00918	0.01607	0.01091	0.01263	0.00746	0.00861	0.00689	0.00459	0.00344	0.00115	0.00574	0.00287	0.00230	0.00689
39	0.02041	0.01504	0.01611	0.01235	0.01665	0.01665	0.01020	0.75997	0.02524	0.03383	0.01289	0.01289	0.00913	0.00644	0.00537	0.00161	0.00591	0.00483	0.00537	0.00913
40	0.00932	0.00466	0.00699	0.00699	0.00699	0.00466	0.00466	0.00699	0.00699	0.00932	0.00932	0.01632	0.00932	0.01865	0.02098	0.84382	0.00466	0.00466	0.00233	0.00233
41	0.00794	0.00576	0.00739	0.00693	0.00827	0.00540	0.00520	0.03411	0.01526	0.02145	0.70445	0.06962	0.06561	0.01112	0.00632	0.00171	0.00267	0.00981	0.00583	0.00516
42	0.01435	0.81458	0.02813	0.00918	0.01378	0.02124	0.00918	0.01607	0.01091	0.01263	0.00746	0.00861	0.00689	0.00459	0.00344	0.00115	0.00574	0.00287	0.00230	0.00689
43	0.01435	0.81458	0.02813	0.00918	0.01378	0.02124	0.00918	0.01607	0.01091	0.01263	0.00746	0.00861	0.00689	0.00459	0.00344	0.00115	0.00574	0.00287	0.00230	0.00689
44	0.01113	0.00954	0.01113	0.00795	0.01272	0.00716	0.00636	0.01352	0.01113	0.01749	0.00954	0.01113	0.00795	0.00398	0.00398	0.00080	0.00398	0.00318	0.00318	0.84417
45	0.00638	0.00544	0.00548	0.00547	0.00727	0.00455	0.00410	0.00777	0.01231	0.01468	0.07314	0.05136	0.75682	0.01353	0.00634	0.00181	0.00271	0.01129	0.00501	0.00455
46	0.01294	0.01108	0.01182	0.01075	0.01364	0.01274	0.00841	0.02709	0.70736	0.02209	0.04332	0.02272	0.01811	0.00778	0.00559	0.00185	0.00424	0.04480	0.00545	0.00821
47	0.01020	0.00966	0.01648	0.77960	0.03675	0.01197	0.03297	0.01380	0.01078	0.01380	0.00957	0.01432	0.00718	0.00535	0.00539	0.00179	0.00720	0.00481	0.00239	0.00599
48	0.01228	0.01206	0.01716	0.01440	0.01491	0.01632	0.04755	0.05543	0.00940	0.01431	0.00756	0.01194	0.00722	0.00899	0.01638	0.00228	0.71837	0.00478	0.00254	0.00612
49	0.00663	0.00545	0.00584	0.00574	0.00743	0.00465	0.00430	0.00826	0.01291	0.01611	0.21931	0.04901	0.60976	0.01299	0.00634	0.00178	0.00268	0.01096	0.00520	0.00465
50	0.00645	0.00544	0.00559	0.00555	0.00732	0.00458	0.00416	0.00791	0.01249	0.01511	0.11642	0.05066	0.71327	0.01337	0.00634	0.00180	0.00270	0.01119	0.00506	0.00458
51	0.21915	0.01355	0.01380	0.01096	0.01490	0.01512	0.00906	0.53934	0.03881	0.03064	0.01230	0.01359	0.00921	0.00638	0.00495	0.00166	0.00541	0.02813	0.00487	0.00818
52	0.00657	0.00476	0.00622	0.00731	0.00776	0.00440	0.00493	0.00760	0.01061	0.01409	0.06259	0.72504	0.08559	0.01636	0.00680	0.00213	0.00306	0.01476	0.00502	0.00440
53	0.01130	0.02885	0.01401	0.05203	0.01422	0.01169	0.06764	0.09946	0.01116	0.01621	0.01175	0.01668	0.01042	0.05219	0.23346	0.00397	0.24580	0.00527	0.08802	0.00588
54	0.00733	0.00576	0.00622	0.00623	0.00797	0.00508	0.00471	0.00935	0.04371	0.03766	0.07977	0.12131	0.58683	0.01338	0.00637	0.00187	0.00296	0.04355	0.00509	0.00486
55	0.10334	0.12088	0.01656	0.01453	0.13426	0.26260	0.01015	0.09884	0.04499	0.03939	0.01011	0.01146	0.00811	0.00547	0.00491	0.00145	0.02664	0.00390	0.02789	0.05453
56	0.04999	0.01464	0.10686	0.08634	0.43744	0.05964	0.01469	0.01831	0.10020	0.04333	0.01152	0.01368	0.00906	0.00527	0.00520	0.00164	0.00641	0.00470	0.00309	0.00800
57	0.02610	0.08822	0.63553	0.01496	0.05192	0.01287	0.01784	0.01669	0.01128	0.01683	0.00944	0.01114	0.00692	0.00498	0.00488	0.00160	0.00741	0.00385	0.00236	0.05520

[dist]
# distance from previous block
# <min> <max>
1	12

[block]
# block no. 2 follows, 45 sequences, length 45
# corresponding to MSA columns:
# 760-804
name=unknown_C
#
# <colnr> <probs for GDERKNQSTAVLIFYWHMCP>
#	G	D	E	R	K	N	Q	S	T	A	V	L	I	F	Y	W	H	M	C	P
0	0.11646	0.09262	0.11359	0.08124	0.09901	0.23582	0.02436	0.07647	0.03820	0.01747	0.01052	0.05150	0.00891	0.00591	0.00484	0.00157	0.00703	0.00449	0.00309	0.00690
1	0.02532	0.05635	0.01173	0.05648	0.01282	0.23139	0.02052	0.01333	0.01077	0.01258	0.01384	0.03362	0.03709	0.21731	0.20399	0.00420	0.02496	0.00568	0.00297	0.00506
2	0.00758	0.00580	0.00736	0.00838	0.03123	0.00558	0.00596	0.00986	0.05847	0.01517	0.06541	0.39905	0.17583	0.04039	0.00736	0.00220	0.00357	0.14100	0.00492	0.00487
3	0.00668	0.00481	0.00629	0.00734	0.00778	0.00448	0.00497	0.00774	0.01065	0.01419	0.07824	0.68488	0.06889	0.04141	0.00745	0.00223	0.00316	0.02943	0.00499	0.00439
4	0.00932	0.00466	0.00699	0.00699	0.00699	0.00466	0.00466	0.00699	0.00699	0.00932	0.00932	0.01632	0.00932	0.01865	0.02098	0.84382	0.00466	0.00466	0.00233	0.00233
5	0.01113	0.00954	0.01113	0.00795	0.01272	0.00716	0.00636	0.01352	0.01113	0.01749	0.00954	0.01113	0.00795	0.00398	0.00398	0.00080	0.00398	0.00318	0.00318	0.84417
6	0.00670	0.00494	0.00627	0.00703	0.00774	0.00451	0.00486	0.00798	0.01146	0.01522	0.16628	0.55222	0.15453	0.01527	0.00668	0.00203	0.00295	0.01365	0.00515	0.00451
7	0.00860	0.00578	0.00703	0.00656	0.00825	0.00512	0.00497	0.01066	0.01410	0.08604	0.44742	0.05665	0.29556	0.01160	0.00626	0.00174	0.00279	0.00999	0.00564	0.00523
8	0.00660	0.00472	0.00618	0.00733	0.00767	0.00441	0.00487	0.00750	0.01022	0.01356	0.02976	0.74384	0.05909	0.05690	0.00787	0.00232	0.00321	0.01475	0.00490	0.00431
9	0.01215	0.01258	0.01857	0.01530	0.01616	0.04110	0.11802	0.01380	0.00908	0.01353	0.00763	0.01207	0.00720	0.00858	0.01560	0.00224	0.66302	0.00489	0.00241	0.00608
10	0.00996	0.00813	0.01010	0.01134	0.11920	0.00815	0.00749	0.01522	0.19790	0.04328	0.14269	0.05049	0.28970	0.01032	0.00602	0.00181	0.00379	0.05313	0.00496	0.00632
11	0.01245	0.01190	0.02027	0.23706	0.58032	0.01253	0.01606	0.01574	0.01183	0.01652	0.00995	0.01356	0.00814	0.00494	0.00533	0.00165	0.00658	0.00478	0.00258	0.00783
12	0.65357	0.03567	0.00979	0.00795	0.01146	0.03308	0.00658	0.07081	0.01118	0.10488	0.00935	0.01006	0.00691	0.00527	0.00374	0.00163	0.00452	0.00333	0.00378	0.00645
13	0.06597	0.01023	0.01336	0.01098	0.01361	0.02756	0.08409	0.11897	0.01255	0.01837	0.03627	0.17161	0.01483	0.00990	0.03923	0.02187	0.13036	0.00670	0.00372	0.18982
14	0.00769	0.00565	0.00814	0.00814	0.00892	0.00644	0.00610	0.00927	0.00848	0.01210	0.01483	0.02358	0.01450	0.17698	0.65483	0.00802	0.01275	0.00612	0.00294	0.00452
15	0.01144	0.00812	0.01000	0.03696	0.01132	0.00928	0.00720	0.16286	0.01297	0.01934	0.03512	0.01878	0.01296	0.03521	0.25352	0.00387	0.08599	0.00536	0.25386	0.00586
16	0.00657	0.00545	0.00576	0.00568	0.00739	0.00463	0.00426	0.00815	0.01278	0.01579	0.18643	0.04954	0.64283	0.01311	0.00634	0.00179	0.00268	0.01103	0.00515	0.00463
17	0.00716	0.00486	0.00642	0.00746	0.00798	0.00449	0.00505	0.00816	0.01054	0.04136	0.03032	0.74791	0.06557	0.01632	0.00678	0.00215	0.00315	0.01474	0.00504	0.00454
18	0.00787	0.00559	0.00701	0.00659	0.00805	0.00505	0.00497	0.01017	0.01464	0.04364	0.61551	0.04161	0.18660	0.01134	0.00630	0.00171	0.00263	0.00988	0.00576	0.00509
19	0.00657	0.00469	0.00622	0.00743	0.00773	0.00438	0.00494	0.00748	0.01021	0.01361	0.02924	0.78657	0.03506	0.03870	0.00742	0.00226	0.00317	0.01505	0.00494	0.00433
20	0.01113	0.00954	0.01113	0.00795	0.01272	0.00716	0.00636	0.01352	0.01113	0.01749	0.00954	0.01113	0.00795	0.00398	0.00398	0.00080	0.00398	0.00318	0.00318	0.84417
21	0.00759	0.00553	0.00738	0.00807	0.00873	0.00535	0.02064	0.04600	0.01104	0.01471	0.02739	0.64816	0.03219	0.07189	0.00824	0.00238	0.00364	0.06162	0.00483	0.00462
22	0.00752	0.00546	0.00709	0.00674	0.00799	0.00502	0.00503	0.00996	0.01493	0.02103	0.72616	0.06790	0.07247	0.01126	0.00635	0.00171	0.00256	0.00996	0.00585	0.00502
23	0.03526	0.13931	0.65378	0.01419	0.02152	0.01370	0.01792	0.01683	0.01121	0.01658	0.00926	0.01087	0.00678	0.00502	0.00481	0.00162	0.00751	0.00378	0.00230	0.00772
24	0.01095	0.00935	0.01094	0.00793	0.01252	0.00704	0.00631	0.01328	0.01110	0.01734	0.01034	0.04287	0.00905	0.00449	0.00409	0.00085	0.00394	0.00366	0.00325	0.81071
25	0.04526	0.04796	0.02174	0.32560	0.07176	0.01357	0.25522	0.03873	0.01158	0.01598	0.00966	0.01350	0.00754	0.00548	0.00683	0.00181	0.09337	0.00511	0.00263	0.00665
26	0.01253	0.01373	0.09912	0.01441	0.01648	0.01499	0.08671	0.10372	0.01114	0.01638	0.00889	0.01264	0.00777	0.00976	0.05809	0.00247	0.47876	0.00483	0.00279	0.02481
27	0.00723	0.00513	0.00660	0.00724	0.00780	0.00492	0.00504	0.00843	0.01078	0.01450	0.14739	0.39206	0.05739	0.18554	0.03419	0.00295	0.00398	0.08980	0.00470	0.00432
28	0.01345	0.04450	0.03893	0.11978	0.60440	0.01274	0.01565	0.01664	0.01213	0.05553	0.01048	0.01342	0.00848	0.00495	0.00525	0.00161	0.00639	0.00472	0.00280	0.00816
29	0.01864	0.07694	0.03148	0.00995	0.01353	0.01041	0.00840	0.08475	0.10654	0.41223	0.07605	0.04321	0.01653	0.00750	0.00582	0.00170	0.03046	0.03210	0.00562	0.00814
30	0.00768	0.00570	0.00835	0.00835	0.00922	0.00656	0.00637	0.00941	0.00855	0.01226	0.01463	0.02248	0.01402	0.11681	0.71435	0.00829	0.01347	0.00596	0.00291	0.00464
31	0.02817	0.03580	0.30527	0.01262	0.04701	0.03543	0.01263	0.05468	0.08740	0.14621	0.12788	0.01986	0.01662	0.00694	0.00542	0.00171	0.00585	0.03875	0.00417	0.00759
32	0.03114	0.01400	0.04694	0.34813	0.15068	0.12935	0.01338	0.09780	0.08383	0.01760	0.01092	0.01359	0.00837	0.00557	0.00523	0.00167	0.00697	0.00463	0.00311	0.00708
33	0.00685	0.00495	0.00654	0.00767	0.00822	0.00464	0.00544	0.00805	0.01079	0.01425	0.04653	0.64119	0.08036	0.01622	0.00689	0.00219	0.00333	0.11643	0.00500	0.00447
34	0.01018	0.00594	0.00670	0.05376	0.00912	0.00617	0.00511	0.06315	0.01198	0.01951	0.01836	0.13139	0.01613	0.00852	0.02301	0.00161	0.00338	0.00646	0.59427	0.00525
35	0.02794	0.01224	0.01840	0.15016	0.40804	0.05900	0.05328	0.03634	0.06058	0.01713	0.01134	0.01510	0.00937	0.00610	0.00612	0.04425	0.00642	0.02207	0.02878	0.00735
36	0.01032	0.00971	0.01623	0.75268	0.06480	0.01199	0.01483	0.01413	0.02668	0.01404	0.00982	0.01439	0.00740	0.00538	0.00537	0.00178	0.00706	0.00480	0.00246	0.00611
37	0.01931	0.01437	0.01521	0.01166	0.01596	0.04272	0.00957	0.59441	0.02245	0.06868	0.01269	0.01280	0.00910	0.00608	0.00516	0.00149	0.00571	0.00459	0.00504	0.12299
38	0.01411	0.78549	0.02743	0.00916	0.01363	0.02072	0.00910	0.01584	0.01082	0.01262	0.00771	0.00906	0.00712	0.00588	0.03174	0.00142	0.00605	0.00297	0.00232	0.00681
39	0.01001	0.00500	0.00500	0.00500	0.00625	0.00500	0.00375	0.01251	0.01126	0.02001	0.01751	0.02001	0.01376	0.00625	0.00375	0.00125	0.00250	0.00500	0.84115	0.00500
40	0.84927	0.01038	0.00789	0.00706	0.01038	0.01204	0.00581	0.01578	0.00914	0.02408	0.00747	0.00872	0.00581	0.00498	0.00332	0.00166	0.00415	0.00291	0.00332	0.00581
41	0.07719	0.04149	0.01492	0.01212	0.01567	0.34543	0.00957	0.27856	0.05686	0.02192	0.01061	0.01135	0.00818	0.00576	0.00485	0.00145	0.00716	0.00400	0.00387	0.06904
42	0.04776	0.01075	0.01303	0.01008	0.01413	0.01042	0.00828	0.24093	0.01766	0.46477	0.01787	0.03723	0.01216	0.00666	0.00526	0.00161	0.00485	0.00530	0.02018	0.05107
43	0.01055	0.00657	0.00822	0.00739	0.00928	0.00611	0.00567	0.06077	0.01518	0.12915	0.47694	0.08475	0.13674	0.01077	0.00617	0.00173	0.00310	0.00934	0.00580	0.00580
44	0.65662	0.01061	0.01020	0.01100	0.11993	0.01186	0.00754	0.01658	0.02556	0.06130	0.00920	0.01099	0.00723	0.00526	0.00383	0.00167	0.00451	0.01626	0.00347	0.00640

[dist]
# distance from previous block
# <min> <max>
2	8

[block]
# block no. 3 follows, 45 sequences, length 39
# corresponding to MSA columns:
# 813-851
name=unknown_D
#
# <colnr> <probs for GDERKNQSTAVLIFYWHMCP>
#	G	D	E	R	K	N	Q	S	T	A	V	L	I	F	Y	W	H	M	C	P
0	0.17281	0.15140	0.28903	0.01125	0.01607	0.04639	0.03086	0.03397	0.01118	0.01748	0.01134	0.09293	0.01012	0.00751	0.03301	0.00185	0.00639	0.00487	0.02470	0.02685
1	0.07151	0.01770	0.01535	0.01247	0.01620	0.23678	0.01001	0.49031	0.02109	0.02696	0.01114	0.01170	0.00826	0.00614	0.00531	0.00156	0.02072	0.00432	0.00445	0.00804
2	0.00663	0.00479	0.00630	0.00747	0.00792	0.00446	0.00511	0.00767	0.01050	0.01387	0.03103	0.72546	0.08001	0.01652	0.00685	0.00217	0.00318	0.05069	0.00498	0.00440
3	0.02041	0.01504	0.01611	0.01235	0.01665	0.01665	0.01020	0.75997	0.02524	0.03383	0.01289	0.01289	0.00913	0.00644	0.00537	0.00161	0.00591	0.00483	0.00537	0.00913
4	0.01997	0.01428	0.01551	0.01191	0.01618	0.01552	0.00982	0.65412	0.04671	0.08071	0.01353	0.01337	0.00956	0.00636	0.00531	0.00158	0.00568	0.00483	0.00535	0.04968
5	0.00695	0.00539	0.00634	0.00727	0.00785	0.02610	0.00491	0.00791	0.01056	0.01362	0.03185	0.63553	0.13961	0.05947	0.00784	0.00227	0.00335	0.01397	0.00483	0.00438
6	0.00654	0.00467	0.00623	0.00747	0.00779	0.00436	0.00498	0.00747	0.01028	0.01370	0.02959	0.80785	0.03550	0.01682	0.00685	0.00218	0.00311	0.01526	0.00498	0.00436
7	0.00668	0.00476	0.00632	0.00741	0.00776	0.00451	0.00496	0.00764	0.01024	0.01372	0.05006	0.71802	0.03434	0.05766	0.03620	0.00255	0.00361	0.01438	0.00485	0.00434
8	0.01692	0.38545	0.04530	0.01198	0.01591	0.34986	0.03591	0.05496	0.01353	0.01418	0.00827	0.00957	0.00705	0.00510	0.00429	0.00131	0.00762	0.00337	0.00266	0.00676
9	0.00659	0.00477	0.00625	0.00740	0.00785	0.00443	0.00503	0.00760	0.01048	0.01383	0.03133	0.73034	0.08842	0.01652	0.00683	0.00216	0.00314	0.03763	0.00498	0.00439
10	0.01209	0.01011	0.01164	0.00840	0.01312	0.00813	0.00676	0.09030	0.01258	0.01917	0.00989	0.01131	0.00807	0.00423	0.00412	0.00088	0.00417	0.00335	0.00341	0.75827
11	0.01701	0.01130	0.01212	0.00969	0.01293	0.01222	0.00787	0.46752	0.01995	0.06535	0.01488	0.01560	0.01092	0.00639	0.00482	0.00149	0.00467	0.00492	0.29264	0.00771
12	0.00651	0.00546	0.00567	0.00568	0.00743	0.00462	0.00430	0.00800	0.01247	0.01511	0.11076	0.05102	0.69531	0.01342	0.00638	0.00182	0.00277	0.03361	0.00506	0.00459
13	0.01335	0.01153	0.01214	0.01092	0.01396	0.01335	0.00850	0.02852	0.76817	0.02245	0.02185	0.02003	0.01639	0.00728	0.00546	0.00182	0.00425	0.00607	0.00546	0.00850
14	0.84927	0.01038	0.00789	0.00706	0.01038	0.01204	0.00581	0.01578	0.00914	0.02408	0.00747	0.00872	0.00581	0.00498	0.00332	0.00166	0.00415	0.00291	0.00332	0.00581
15	0.05765	0.00948	0.01245	0.00959	0.01371	0.00849	0.00792	0.06176	0.01559	0.71389	0.02021	0.01762	0.01278	0.00657	0.00531	0.00166	0.00462	0.00527	0.00645	0.00900
16	0.00783	0.00518	0.00581	0.00586	0.00602	0.00513	0.00339	0.00807	0.00828	0.01128	0.01887	0.06934	0.04723	0.69862	0.02423	0.00471	0.00486	0.00810	0.05375	0.00345
17	0.00856	0.00606	0.00828	0.00932	0.01058	0.00600	0.00805	0.01099	0.01246	0.01647	0.06979	0.05731	0.06169	0.01420	0.00715	0.00235	0.00461	0.63988	0.04132	0.00494
18	0.00756	0.00549	0.00713	0.00672	0.00800	0.00505	0.00504	0.01006	0.01511	0.02133	0.75469	0.04042	0.07112	0.01105	0.00633	0.00169	0.00254	0.00975	0.00588	0.00505
19	0.11718	0.00928	0.01194	0.00927	0.01333	0.00836	0.00766	0.02499	0.01466	0.69613	0.01963	0.01719	0.01244	0.00646	0.00516	0.00166	0.00452	0.00512	0.00627	0.00876
20	0.01184	0.01219	0.01829	0.01509	0.01607	0.03861	0.13282	0.01355	0.00928	0.01367	0.00902	0.05852	0.00888	0.00892	0.01477	0.00222	0.60213	0.00554	0.00257	0.00602
21	0.01726	0.00875	0.01110	0.00936	0.01246	0.00844	0.00758	0.04486	0.15335	0.39556	0.17237	0.02674	0.02284	0.00839	0.00578	0.00177	0.00418	0.07530	0.00608	0.00781
22	0.00664	0.00530	0.00577	0.00593	0.00726	0.00462	0.00423	0.00790	0.01174	0.01459	0.11246	0.16971	0.51335	0.09593	0.00858	0.00221	0.00302	0.01145	0.00489	0.00442
23	0.84927	0.01038	0.00789	0.00706	0.01038	0.01204	0.00581	0.01578	0.00914	0.02408	0.00747	0.00872	0.00581	0.00498	0.00332	0.00166	0.00415	0.00291	0.00332	0.00581
24	0.01426	0.79346	0.04841	0.00935	0.01403	0.02100	0.00947	0.01610	0.01092	0.01275	0.00752	0.00868	0.00689	0.00461	0.00349	0.00116	0.00580	0.00290	0.00230	0.00692
25	0.00656	0.00540	0.00576	0.00577	0.00741	0.00461	0.00429	0.00808	0.01259	0.01557	0.16806	0.09677	0.61380	0.01338	0.00637	0.00182	0.00271	0.01131	0.00513	0.00461
26	0.00657	0.00543	0.00578	0.00582	0.00748	0.00463	0.00437	0.00808	0.01251	0.01537	0.14089	0.08761	0.62981	0.01347	0.00640	0.00183	0.00278	0.03148	0.00510	0.00460
27	0.01406	0.01116	0.01206	0.01056	0.01349	0.01254	0.00826	0.16520	0.48737	0.04320	0.05306	0.05343	0.01769	0.04731	0.00666	0.00197	0.00452	0.02414	0.00535	0.00797
28	0.80453	0.01052	0.00826	0.00729	0.01066	0.01212	0.00601	0.04165	0.00981	0.03924	0.00793	0.00905	0.00607	0.00507	0.00343	0.00166	0.00422	0.00302	0.00346	0.00599
29	0.01419	0.68767	0.11527	0.01010	0.01500	0.05483	0.01047	0.01642	0.01115	0.01316	0.00775	0.00898	0.00688	0.00469	0.00370	0.00122	0.00617	0.00302	0.00231	0.00698
30	0.01003	0.00734	0.00862	0.00804	0.00984	0.00747	0.00611	0.05093	0.17209	0.05282	0.31455	0.08437	0.10974	0.08041	0.00799	0.00211	0.00358	0.05269	0.00538	0.00590
31	0.06547	0.00790	0.01048	0.00908	0.01148	0.00774	0.05186	0.03083	0.09953	0.17460	0.32473	0.10435	0.03071	0.00954	0.00593	0.00178	0.00386	0.03817	0.00551	0.00646
32	0.01130	0.14548	0.67053	0.01438	0.02182	0.01378	0.01824	0.01686	0.01127	0.01635	0.00931	0.01093	0.00681	0.00502	0.00485	0.00162	0.00761	0.00380	0.00227	0.00778
33	0.01120	0.00960	0.01116	0.00804	0.01276	0.00734	0.00642	0.01396	0.03332	0.01764	0.00990	0.01139	0.00820	0.00407	0.00402	0.00083	0.00398	0.00326	0.00325	0.81967
34	0.01099	0.07593	0.73729	0.01493	0.02265	0.01300	0.01918	0.01694	0.01131	0.01673	0.00950	0.01117	0.00681	0.00507	0.00500	0.00167	0.00780	0.00390	0.00227	0.00787
35	0.00740	0.00548	0.00690	0.00654	0.00790	0.00498	0.00491	0.00974	0.01472	0.02039	0.65892	0.04196	0.16747	0.01140	0.00633	0.00171	0.00256	0.00997	0.00576	0.00498
36	0.00813	0.00638	0.00712	0.00682	0.00831	0.03903	0.00509	0.01018	0.01408	0.03704	0.48025	0.09200	0.24221	0.01172	0.00628	0.00174	0.00298	0.01014	0.00548	0.00502
37	0.03670	0.00592	0.00704	0.00661	0.00816	0.00551	0.00500	0.03122	0.01456	0.02027	0.55311	0.04102	0.22258	0.01127	0.00620	0.00172	0.00273	0.00972	0.00558	0.00508
38	0.04165	0.01726	0.01531	0.01238	0.01621	0.22409	0.00993	0.47428	0.03647	0.08167	0.01229	0.01245	0.00889	0.00619	0.00518	0.00156	0.00675	0.00448	0.00471	0.00825

[dist]
# distance from previous block
# <min> <max>
0	1

[block]
# block no. 4 follows, 45 sequences, length 17
# corresponding to MSA columns:
# 853-867,875,876
name=unknown_E
#
# <colnr> <probs for GDERKNQSTAVLIFYWHMCP>
#	G	D	E	R	K	N	Q	S	T	A	V	L	I	F	Y	W	H	M	C	P
0	0.16802	0.01332	0.01399	0.01100	0.01503	0.01462	0.00905	0.49990	0.06411	0.11838	0.01340	0.01318	0.00944	0.00626	0.00501	0.00164	0.00534	0.00463	0.00516	0.00850
1	0.01344	0.01040	0.01202	0.00876	0.01342	0.00873	0.00708	0.13463	0.01367	0.06801	0.01081	0.01186	0.00848	0.00454	0.00429	0.00098	0.00432	0.00359	0.00375	0.65724
2	0.01958	0.01463	0.01565	0.01218	0.01633	0.01626	0.01000	0.67482	0.11173	0.03251	0.01393	0.01372	0.00997	0.00654	0.00538	0.00164	0.00571	0.00498	0.00538	0.00906
3	0.00772	0.00557	0.00735	0.00712	0.00838	0.00519	0.00548	0.01025	0.01486	0.02089	0.68812	0.04248	0.04835	0.01142	0.00646	0.00178	0.00281	0.09493	0.00580	0.00505
4	0.84927	0.01038	0.00789	0.00706	0.01038	0.01204	0.00581	0.01578	0.00914	0.02408	0.00747	0.00872	0.00581	0.00498	0.00332	0.00166	0.00415	0.00291	0.00332	0.00581
5	0.84927	0.01038	0.00789	0.00706	0.01038	0.01204	0.00581	0.01578	0.00914	0.02408	0.00747	0.00872	0.00581	0.00498	0.00332	0.00166	0.00415	0.00291	0.00332	0.00581
6	0.00654	0.00467	0.00623	0.00747	0.00779	0.00436	0.00498	0.00747	0.01028	0.01370	0.02959	0.80785	0.03550	0.01682	0.00685	0.00218	0.00311	0.01526	0.00498	0.00436
7	0.00676	0.00476	0.00616	0.00720	0.00745	0.00451	0.00468	0.00753	0.00985	0.01314	0.02740	0.67471	0.03275	0.15371	0.01038	0.00270	0.00347	0.01398	0.00468	0.00417
8	0.01435	0.81458	0.02813	0.00918	0.01378	0.02124	0.00918	0.01607	0.01091	0.01263	0.00746	0.00861	0.00689	0.00459	0.00344	0.00115	0.00574	0.00287	0.00230	0.00689
9	0.02009	0.01488	0.01593	0.01229	0.01653	0.01650	0.01013	0.72730	0.05842	0.03332	0.01329	0.01321	0.00945	0.00648	0.00537	0.00162	0.00583	0.00489	0.00537	0.00910
10	0.00659	0.00481	0.00609	0.00708	0.00759	0.00444	0.00475	0.00753	0.01040	0.01361	0.03234	0.65129	0.14034	0.06615	0.00806	0.00232	0.00319	0.01423	0.00487	0.00432
11	0.01335	0.01153	0.01214	0.01092	0.01396	0.01335	0.00850	0.02852	0.76817	0.02245	0.02185	0.02003	0.01639	0.00728	0.00546	0.00182	0.00425	0.00607	0.00546	0.00850
12	0.79671	0.01147	0.05650	0.00758	0.01119	0.01207	0.00669	0.01586	0.00927	0.02364	0.00761	0.00888	0.00588	0.00499	0.00343	0.00166	0.00439	0.00297	0.00326	0.00595
13	0.11690	0.01449	0.01515	0.01173	0.01592	0.01611	0.00969	0.67333	0.02336	0.03270	0.01226	0.01240	0.00874	0.00627	0.00513	0.00162	0.00570	0.00461	0.00513	0.00874
14	0.00648	0.00548	0.00562	0.00569	0.00747	0.00463	0.00434	0.00790	0.01224	0.01459	0.05288	0.05217	0.73269	0.01367	0.00641	0.00185	0.00285	0.05350	0.00498	0.00456
15	0.84927	0.01038	0.00789	0.00706	0.01038	0.01204	0.00581	0.01578	0.00914	0.02408	0.00747	0.00872	0.00581	0.00498	0.00332	0.00166	0.00415	0.00291	0.00332	0.00581
16	0.00649	0.00548	0.00564	0.00572	0.00749	0.00463	0.00436	0.00792	0.01224	0.01460	0.05275	0.05222	0.72902	0.01367	0.00641	0.00185	0.00286	0.05710	0.00498	0.00456

[dist]
# distance from previous block
# <min> <max>
0	3

[block]
# block no. 5 follows, 45 sequences, length 18
# corresponding to MSA columns:
# 880-897
name=unknown_F
#
# <colnr> <probs for GDERKNQSTAVLIFYWHMCP>
#	G	D	E	R	K	N	Q	S	T	A	V	L	I	F	Y	W	H	M	C	P
0	0.01986	0.01477	0.01580	0.01224	0.01644	0.01639	0.01007	0.70359	0.08251	0.03295	0.01358	0.01344	0.00969	0.00651	0.00538	0.00163	0.00578	0.00493	0.00538	0.00908
1	0.02163	0.01134	0.01361	0.01063	0.01470	0.01139	0.00872	0.26639	0.10624	0.44868	0.01854	0.01671	0.01229	0.00665	0.00540	0.00166	0.00497	0.00529	0.00609	0.00906
2	0.01014	0.00954	0.01610	0.79845	0.03697	0.01193	0.01491	0.01371	0.01073	0.01371	0.00954	0.01431	0.00716	0.00537	0.00537	0.00179	0.00716	0.00477	0.00239	0.00596
3	0.08627	0.00987	0.01208	0.00925	0.01346	0.00891	0.00758	0.08093	0.03669	0.46712	0.01682	0.01552	0.01125	0.00591	0.00491	0.00147	0.00450	0.00467	0.00546	0.19734
4	0.01301	0.01247	0.02129	0.09972	0.71324	0.01268	0.01634	0.01623	0.01209	0.01720	0.01005	0.01337	0.00839	0.00483	0.00532	0.00161	0.00644	0.00478	0.00263	0.00828
5	0.01113	0.00954	0.01113	0.00795	0.01272	0.00716	0.00636	0.01352	0.01113	0.01749	0.00954	0.01113	0.00795	0.00398	0.00398	0.00080	0.00398	0.00318	0.00318	0.84417
6	0.00981	0.00631	0.00792	0.00714	0.00893	0.00583	0.00547	0.04547	0.01528	0.10399	0.56300	0.03802	0.14069	0.01064	0.00619	0.00170	0.00293	0.00923	0.00584	0.00562
7	0.04012	0.00932	0.01201	0.00940	0.01332	0.00839	0.00766	0.05413	0.05695	0.57945	0.04051	0.04583	0.01448	0.00689	0.00531	0.00161	0.00444	0.00564	0.00608	0.07848
8	0.02103	0.00965	0.01241	0.00947	0.01370	0.00847	0.00776	0.06648	0.04464	0.56563	0.01855	0.01669	0.01217	0.00616	0.00513	0.00150	0.00452	0.00498	0.00588	0.16517
9	0.01303	0.01026	0.01299	0.00949	0.01414	0.00851	0.05779	0.06048	0.04749	0.08533	0.01142	0.01250	0.00889	0.00455	0.00441	0.00104	0.00450	0.00382	0.00369	0.62568
10	0.00865	0.00639	0.00803	0.00721	0.00894	0.00592	0.00548	0.05530	0.01532	0.02172	0.64432	0.05475	0.04406	0.01024	0.00608	0.00162	0.00287	0.00898	0.00562	0.07848
11	0.02056	0.00944	0.01213	0.00946	0.01323	0.00867	0.00773	0.12674	0.01656	0.53065	0.13259	0.02049	0.01808	0.00716	0.00548	0.00162	0.00443	0.00587	0.00621	0.04292
12	0.06095	0.01130	0.01334	0.01051	0.01448	0.01145	0.00866	0.27902	0.07314	0.40303	0.01797	0.01765	0.01237	0.00685	0.00537	0.00169	0.00500	0.03254	0.00589	0.00877
13	0.01883	0.01237	0.01401	0.01077	0.01495	0.01260	0.00880	0.42973	0.03622	0.18411	0.01477	0.04192	0.01086	0.00642	0.00518	0.00150	0.00514	0.00504	0.00522	0.16155
14	0.01634	0.01321	0.01310	0.01096	0.01436	0.09456	0.00869	0.25042	0.29073	0.08366	0.06404	0.01865	0.04435	0.00711	0.00538	0.00164	0.00518	0.00565	0.00514	0.04682
15	0.01581	0.01052	0.01200	0.00955	0.01346	0.03051	0.00765	0.08513	0.17704	0.21890	0.03513	0.03073	0.01325	0.00626	0.00499	0.00141	0.00448	0.02015	0.00489	0.29814
16	0.01901	0.01346	0.01470	0.01157	0.01539	0.01469	0.00941	0.61331	0.04056	0.08010	0.01517	0.08242	0.01207	0.02508	0.00598	0.00175	0.00552	0.00586	0.00538	0.00857
17	0.35261	0.01098	0.01186	0.00969	0.01309	0.03254	0.07236	0.14349	0.03416	0.06531	0.10118	0.03038	0.04975	0.00662	0.00473	0.00164	0.00478	0.00519	0.00425	0.04541

[dist]
# distance from previous block
# <min> <max>
1	8

[block]
# block no. 6 follows, 45 sequences, length 10
# corresponding to MSA columns:
# 906-915
name=unknown_G
#
# <colnr> <probs for GDERKNQSTAVLIFYWHMCP>
#	G	D	E	R	K	N	Q	S	T	A	V	L	I	F	Y	W	H	M	C	P
0	0.08319	0.00900	0.01028	0.00864	0.01171	0.00875	0.00684	0.08691	0.12448	0.11767	0.17416	0.07171	0.04380	0.00799	0.00529	0.00156	0.00393	0.02949	0.00496	0.18966
1	0.04192	0.00933	0.01046	0.00894	0.01182	0.03316	0.00709	0.08101	0.16096	0.18231	0.21146	0.02704	0.08972	0.00847	0.00561	0.00167	0.00406	0.03390	0.00544	0.06560
2	0.84927	0.01038	0.00789	0.00706	0.01038	0.01204	0.00581	0.01578	0.00914	0.02408	0.00747	0.00872	0.00581	0.00498	0.00332	0.00166	0.00415	0.00291	0.00332	0.00581
3	0.04627	0.01097	0.01235	0.00999	0.01361	0.04937	0.00806	0.17203	0.09460	0.39683	0.02142	0.05238	0.07256	0.00753	0.00544	0.00169	0.00484	0.00605	0.00576	0.00826
4	0.03950	0.00771	0.00885	0.00809	0.01022	0.03546	0.00623	0.03405	0.05847	0.14582	0.25994	0.16047	0.10382	0.01057	0.00596	0.00176	0.00369	0.04510	0.00536	0.04893
5	0.08110	0.01086	0.01422	0.01161	0.01503	0.03495	0.11321	0.08347	0.17789	0.22745	0.05670	0.06973	0.01652	0.00769	0.00563	0.00179	0.00520	0.05425	0.00510	0.00760
6	0.01827	0.01258	0.01391	0.01108	0.01471	0.01353	0.00902	0.54152	0.02148	0.10704	0.01767	0.06711	0.05113	0.03604	0.00637	0.00182	0.00537	0.03777	0.00537	0.00822
7	0.01373	0.63304	0.14109	0.01024	0.01522	0.01930	0.01074	0.01718	0.06999	0.01406	0.00891	0.00991	0.00762	0.00488	0.00385	0.00128	0.00596	0.00329	0.00254	0.00717
8	0.02016	0.06950	0.01402	0.01014	0.01404	0.01130	0.00839	0.17805	0.12276	0.41946	0.06130	0.01792	0.01450	0.00679	0.00531	0.00164	0.00477	0.00543	0.00585	0.00865
9	0.01130	0.00978	0.01153	0.00913	0.01286	0.02696	0.02953	0.04652	0.08248	0.01787	0.01410	0.12527	0.01322	0.00666	0.00509	0.00125	0.02346	0.02481	0.00374	0.52444

[dist]
# distance from previous block
# <min> <max>
0	4

[block]
# block no. 7 follows, 45 sequences, length 18
# corresponding to MSA columns:
# 920-937
name=unknown_H
#
# <colnr> <probs for GDERKNQSTAVLIFYWHMCP>
#	G	D	E	R	K	N	Q	S	T	A	V	L	I	F	Y	W	H	M	C	P
0	0.03491	0.00998	0.01649	0.64133	0.13525	0.01188	0.01458	0.01464	0.01107	0.04508	0.01002	0.01417	0.00754	0.00533	0.00530	0.00175	0.00686	0.00474	0.00262	0.00643
1	0.01189	0.00966	0.01076	0.00843	0.01229	0.04323	0.00657	0.03609	0.02803	0.06346	0.01386	0.14346	0.01300	0.00648	0.00465	0.00115	0.00419	0.00544	0.00378	0.57359
2	0.00827	0.00586	0.00706	0.00730	0.00837	0.00549	0.00506	0.05391	0.01134	0.03809	0.02962	0.46739	0.14950	0.12713	0.00940	0.00243	0.00360	0.01208	0.00473	0.04338
3	0.01403	0.74434	0.09557	0.00973	0.01462	0.02046	0.01014	0.01616	0.01095	0.01302	0.00766	0.00885	0.00688	0.00464	0.00359	0.00120	0.00594	0.00297	0.00229	0.00698
4	0.01264	0.01210	0.02063	0.18929	0.62655	0.01258	0.01615	0.01591	0.01192	0.01676	0.00998	0.01349	0.00823	0.00490	0.00532	0.00163	0.00654	0.00478	0.00260	0.00798
5	0.01375	0.68242	0.15502	0.01021	0.01537	0.01977	0.01097	0.01623	0.01098	0.01336	0.00783	0.00907	0.00687	0.00468	0.00372	0.00124	0.00611	0.00305	0.00229	0.00706
6	0.01807	0.00794	0.01053	0.00879	0.01179	0.00708	0.00695	0.04655	0.01457	0.49367	0.10219	0.17738	0.05174	0.00937	0.00582	0.00177	0.00404	0.00801	0.00613	0.00759
7	0.00652	0.00474	0.00616	0.00729	0.00774	0.00438	0.00490	0.00750	0.01046	0.01378	0.03186	0.73857	0.10332	0.01652	0.00680	0.00215	0.00308	0.01490	0.00498	0.00438
