[name]
unknown

[dist]
# distance from previous block
# <min> <max>
6	253

[block]
# block no. 0 follows, 42 sequences, length 14
# corresponding to MSA columns:
# 266-279
name=unknown_A
#
# <colnr> <probs for GDERKNQSTAVLIFYWHMCP>
#	G	D	E	R	K	N	Q	S	T	A	V	L	I	F	Y	W	H	M	C	P
0	0.77220	0.01077	0.00868	0.00762	0.01118	0.01225	0.00628	0.01747	0.01014	0.08896	0.00906	0.01000	0.00676	0.00537	0.00367	0.00174	0.00439	0.00327	0.00378	0.00639
1	0.08671	0.65824	0.02604	0.00948	0.01413	0.02005	0.00919	0.01788	0.01174	0.08992	0.00926	0.01005	0.00780	0.00506	0.00380	0.00130	0.00575	0.00328	0.00295	0.00736
2	0.01923	0.01228	0.01411	0.01095	0.01514	0.01231	0.00890	0.37685	0.01989	0.20438	0.01645	0.08341	0.01280	0.00728	0.00550	0.00160	0.00523	0.00585	0.00548	0.16236
3	0.01496	0.01257	0.01327	0.01165	0.01500	0.01445	0.00914	0.12370	0.66159	0.02510	0.02168	0.02002	0.01619	0.00752	0.00571	0.00188	0.00468	0.00619	0.00571	0.00899
4	0.00781	0.00535	0.00668	0.00712	0.00743	0.00540	0.00459	0.00855	0.00931	0.01278	0.02172	0.28481	0.02475	0.39400	0.13770	0.00481	0.00612	0.01031	0.03663	0.00412
5	0.00884	0.00654	0.00869	0.00868	0.00985	0.00702	0.00650	0.07645	0.01168	0.01606	0.06386	0.24583	0.06255	0.05087	0.38290	0.00556	0.00927	0.00939	0.00419	0.00526
6	0.02038	0.01491	0.01579	0.03371	0.01711	0.05388	0.01027	0.56644	0.04102	0.09293	0.01471	0.01626	0.01097	0.03853	0.00658	0.00186	0.00621	0.02407	0.00542	0.00895
7	0.00793	0.00552	0.00739	0.00812	0.00881	0.00531	0.00577	0.00936	0.01196	0.03969	0.16580	0.56696	0.03827	0.01581	0.00740	0.00220	0.02657	0.05683	0.00537	0.00495
8	0.01319	0.00740	0.00877	0.00758	0.01027	0.00656	0.00597	0.05359	0.01501	0.24291	0.15272	0.03970	0.39154	0.01126	0.00630	0.00182	0.00358	0.00940	0.00591	0.00653
9	0.01189	0.03762	0.29963	0.33154	0.04870	0.01319	0.08808	0.01656	0.01179	0.04203	0.01045	0.01372	0.00771	0.00561	0.00608	0.00184	0.03874	0.00482	0.00264	0.00735
10	0.01942	0.01782	0.01594	0.01461	0.07451	0.28022	0.01072	0.23099	0.05870	0.10414	0.01279	0.01431	0.00991	0.04063	0.00743	0.00184	0.06902	0.00482	0.00427	0.00789
11	0.00820	0.00633	0.00872	0.00872	0.00937	0.00721	0.00646	0.00956	0.00939	0.01311	0.02006	0.16926	0.06094	0.16138	0.38986	0.00612	0.08852	0.00846	0.00356	0.00477
12	0.02442	0.01091	0.01388	0.01064	0.01503	0.01024	0.00879	0.18222	0.01833	0.61308	0.02034	0.01794	0.01299	0.00692	0.00565	0.00173	0.00509	0.00553	0.00668	0.00958
13	0.01693	0.19022	0.01797	0.03201	0.05286	0.18766	0.01005	0.09858	0.03545	0.10825	0.10192	0.01615	0.01428	0.00742	0.01806	0.00173	0.07410	0.00500	0.00400	0.00736

[dist]
# distance from previous block
# <min> <max>
3	6

[block]
# block no. 1 follows, 42 sequences, length 11
# corresponding to MSA columns:
# 286-296
name=unknown_B
#
# <colnr> <probs for GDERKNQSTAVLIFYWHMCP>
#	G	D	E	R	K	N	Q	S	T	A	V	L	I	F	Y	W	H	M	C	P
0	0.00893	0.00574	0.00665	0.00653	0.00725	0.00544	0.00415	0.00957	0.01024	0.06247	0.07996	0.10030	0.14603	0.49989	0.02019	0.00410	0.00460	0.00940	0.00429	0.00427
1	0.14003	0.11315	0.01510	0.07792	0.06034	0.02519	0.00928	0.06282	0.03631	0.19212	0.06315	0.01752	0.02931	0.00671	0.00562	0.00165	0.03990	0.02084	0.00440	0.07862
2	0.01946	0.01237	0.01385	0.01105	0.01478	0.01313	0.00896	0.43689	0.05213	0.17510	0.01756	0.07979	0.01353	0.00770	0.00558	0.00172	0.00522	0.00615	0.09639	0.00866
3	0.00713	0.00517	0.00672	0.00749	0.00818	0.00477	0.00518	0.00857	0.01224	0.01653	0.22056	0.55146	0.09351	0.01582	0.00701	0.00213	0.00308	0.01421	0.00547	0.00477
4	0.01058	0.05262	0.35479	0.09944	0.01985	0.03998	0.01420	0.01440	0.01129	0.01565	0.01525	0.20795	0.01521	0.04206	0.00761	0.00208	0.05983	0.00734	0.00317	0.00669
5	0.17283	0.03167	0.05232	0.12908	0.13718	0.04419	0.13112	0.05142	0.01275	0.04253	0.01374	0.01911	0.03624	0.00672	0.00588	0.00185	0.02826	0.07259	0.00343	0.00709
6	0.00853	0.09300	0.00952	0.00739	0.00870	0.00703	0.00550	0.01037	0.01326	0.01818	0.42144	0.19946	0.04017	0.12145	0.00947	0.00233	0.00354	0.01036	0.00519	0.00510
7	0.00718	0.00503	0.00644	0.00743	0.00767	0.00478	0.00479	0.00792	0.01015	0.01353	0.02781	0.61448	0.03317	0.20723	0.01237	0.00305	0.00379	0.01411	0.00479	0.00429
8	0.05946	0.22275	0.01850	0.06673	0.01658	0.06465	0.03755	0.13074	0.13935	0.04283	0.01291	0.01412	0.01015	0.00691	0.01939	0.00176	0.05660	0.00464	0.06686	0.00752
9	0.01208	0.01246	0.01874	0.61224	0.03530	0.09660	0.10283	0.01570	0.01201	0.01475	0.01003	0.01449	0.00760	0.00554	0.00569	0.00183	0.00803	0.00505	0.00259	0.00644
10	0.00909	0.00679	0.00882	0.00969	0.01110	0.00687	0.00805	0.01283	0.09409	0.01728	0.05292	0.15918	0.08669	0.01475	0.00735	0.00240	0.00459	0.47676	0.00528	0.00548

[dist]
# distance from previous block
# <min> <max>
0	4

[block]
# block no. 2 follows, 42 sequences, length 36
# corresponding to MSA columns:
# 301-336
name=unknown_C
#
# <colnr> <probs for GDERKNQSTAVLIFYWHMCP>
#	G	D	E	R	K	N	Q	S	T	A	V	L	I	F	Y	W	H	M	C	P
0	0.01391	0.01453	0.01609	0.27360	0.11535	0.20106	0.02849	0.01672	0.01277	0.01598	0.01008	0.01309	0.00808	0.00526	0.00510	0.00148	0.00713	0.00431	0.03237	0.20460
1	0.01153	0.01029	0.01659	0.65109	0.03448	0.01284	0.01474	0.01547	0.04151	0.04584	0.01078	0.01516	0.00815	0.00617	0.00686	0.00193	0.08221	0.00508	0.00281	0.00649
2	0.05867	0.14874	0.01248	0.02601	0.01128	0.00947	0.00682	0.01378	0.03069	0.05922	0.42901	0.03007	0.03399	0.00900	0.00565	0.00162	0.00381	0.02847	0.00504	0.07616
3	0.01086	0.00615	0.00745	0.00707	0.00814	0.00575	0.00471	0.01166	0.01081	0.14725	0.06304	0.14393	0.09534	0.43231	0.01824	0.00381	0.00463	0.00931	0.00462	0.00490
4	0.01254	0.01013	0.01204	0.07819	0.04869	0.01032	0.00852	0.18616	0.09812	0.02194	0.07483	0.06352	0.18107	0.00909	0.00586	0.00171	0.00468	0.03472	0.00480	0.13304
5	0.01136	0.02572	0.63801	0.01467	0.02240	0.01208	0.01829	0.01717	0.01184	0.01791	0.01008	0.01184	0.00734	0.00514	0.00514	0.00161	0.00758	0.00401	0.00255	0.15524
6	0.03107	0.01189	0.01857	0.20348	0.28418	0.01365	0.02493	0.01720	0.04518	0.08667	0.01127	0.01452	0.00899	0.00662	0.00867	0.00193	0.19531	0.00509	0.00318	0.00761
7	0.01301	0.03914	0.01117	0.00936	0.01174	0.09822	0.00722	0.19940	0.03298	0.02126	0.13654	0.12531	0.15670	0.05643	0.02056	0.00210	0.00506	0.00843	0.03899	0.00637
8	0.00822	0.00542	0.00612	0.00619	0.00626	0.00540	0.00353	0.00839	0.00848	0.01155	0.01846	0.07609	0.02107	0.72524	0.02641	0.00510	0.00521	0.00846	0.04087	0.00355
9	0.00799	0.00672	0.00729	0.00650	0.00904	0.00546	0.00493	0.00970	0.01255	0.01626	0.08279	0.06896	0.50074	0.02743	0.00650	0.00172	0.00323	0.00977	0.00478	0.20764
10	0.00997	0.00773	0.00994	0.00903	0.01064	0.00790	0.00688	0.02410	0.01209	0.04943	0.16758	0.26351	0.06448	0.03522	0.00906	0.00200	0.14336	0.00957	0.00462	0.15290
11	0.00737	0.00562	0.00683	0.00720	0.00849	0.00508	0.00541	0.00917	0.01318	0.01719	0.23723	0.23230	0.30149	0.01450	0.00692	0.00205	0.00320	0.10637	0.00548	0.00491
12	0.00775	0.00550	0.00628	0.00633	0.00689	0.00523	0.00398	0.00847	0.01034	0.01360	0.12832	0.10413	0.16703	0.47993	0.01969	0.00402	0.00440	0.00980	0.00428	0.00402
13	0.01495	0.01151	0.01864	0.31522	0.33099	0.01228	0.01482	0.04390	0.01329	0.15097	0.01253	0.01525	0.00929	0.00565	0.00561	0.00176	0.00664	0.00513	0.00352	0.00805
14	0.02440	0.00933	0.01261	0.00974	0.01392	0.00810	0.00802	0.02660	0.01586	0.72784	0.02198	0.01926	0.01396	0.00694	0.00556	0.00172	0.00466	0.00564	0.05455	0.00933
15	0.00818	0.00600	0.00838	0.00855	0.00929	0.00674	0.00637	0.00979	0.00957	0.01381	0.01891	0.20777	0.01976	0.09252	0.43738	0.00622	0.05259	0.00846	0.06483	0.00487
16	0.58613	0.01135	0.01043	0.03630	0.01327	0.01270	0.00737	0.11998	0.01289	0.12846	0.01067	0.01133	0.00770	0.00569	0.00416	0.00174	0.00478	0.00376	0.00422	0.00706
17	0.01241	0.01182	0.02009	0.38238	0.43117	0.01297	0.01651	0.01594	0.01209	0.01654	0.01032	0.01442	0.00826	0.00530	0.00560	0.00177	0.00706	0.00501	0.00265	0.00769
18	0.02281	0.01061	0.01336	0.01045	0.01448	0.01009	0.00851	0.19130	0.01795	0.53666	0.02058	0.06324	0.01446	0.03043	0.00640	0.00187	0.00504	0.00619	0.00646	0.00911
19	0.12742	0.01145	0.01491	0.17943	0.04009	0.02975	0.01113	0.01504	0.01040	0.04320	0.00912	0.01258	0.00767	0.00697	0.01000	0.00188	0.30795	0.00440	0.00294	0.15368
20	0.00872	0.00688	0.00965	0.13393	0.03486	0.00736	0.00776	0.04946	0.01158	0.01547	0.02468	0.54938	0.02834	0.04099	0.00802	0.00229	0.03823	0.01260	0.00456	0.00526
21	0.01126	0.00955	0.01133	0.00836	0.01292	0.00740	0.00666	0.01372	0.01158	0.01803	0.03290	0.01344	0.01014	0.00754	0.06854	0.00154	0.00503	0.00376	0.00339	0.74293
22	0.05752	0.07420	0.30628	0.03397	0.01664	0.05321	0.01242	0.01421	0.01152	0.01616	0.01880	0.15259	0.08614	0.03551	0.05115	0.00239	0.02024	0.02716	0.00338	0.00651
23	0.01358	0.01316	0.09779	0.02268	0.37475	0.01164	0.02906	0.05574	0.01312	0.08501	0.01553	0.16674	0.01462	0.00804	0.00664	0.00186	0.05126	0.00715	0.00372	0.00791
24	0.02492	0.00965	0.01305	0.01005	0.01437	0.00844	0.00829	0.02750	0.03774	0.74919	0.02222	0.01921	0.01403	0.00698	0.00566	0.00175	0.00478	0.00568	0.00693	0.00956
25	0.00739	0.00550	0.00690	0.00715	0.00828	0.00501	0.00521	0.00928	0.01359	0.01832	0.36705	0.28068	0.19119	0.01411	0.00685	0.00199	0.00297	0.03789	0.00566	0.00496
26	0.02380	0.22042	0.17119	0.28921	0.09978	0.01527	0.03165	0.01600	0.01162	0.01555	0.02558	0.01315	0.00847	0.00553	0.00546	0.00168	0.03146	0.00444	0.00258	0.00718
27	0.00698	0.00497	0.00657	0.00772	0.00808	0.00465	0.00515	0.00800	0.01094	0.01465	0.07008	0.72334	0.03733	0.05261	0.00812	0.00240	0.00333	0.01533	0.00519	0.00456
28	0.00818	0.00546	0.00614	0.00614	0.00614	0.00546	0.00341	0.00818	0.00818	0.01091	0.01773	0.03683	0.02046	0.80222	0.02864	0.00546	0.00546	0.00818	0.00341	0.00341
29	0.02213	0.24884	0.07841	0.01122	0.01362	0.03174	0.01010	0.01363	0.01048	0.01415	0.01376	0.16341	0.01453	0.02480	0.06344	0.00248	0.22169	0.03221	0.00314	0.00620
30	0.01268	0.01187	0.04063	0.52060	0.10813	0.01338	0.01475	0.11224	0.07598	0.01843	0.01161	0.01510	0.00872	0.00587	0.00562	0.00183	0.00702	0.00510	0.00321	0.00725
31	0.00941	0.00702	0.00939	0.00987	0.01177	0.00656	0.00844	0.01190	0.01261	0.01697	0.02635	0.09349	0.02838	0.01364	0.00710	0.00226	0.00490	0.56244	0.00486	0.15263
32	0.03510	0.00841	0.02326	0.05087	0.01256	0.00793	0.00732	0.05159	0.01365	0.07067	0.26693	0.11874	0.02790	0.02759	0.00756	0.02498	0.04938	0.02328	0.00480	0.16750
33	0.05174	0.24607	0.06110	0.01033	0.01421	0.06041	0.00915	0.06071	0.16634	0.01880	0.05714	0.02965	0.01331	0.02301	0.02330	0.00175	0.01914	0.00487	0.02225	0.10673
34	0.01415	0.08562	0.44766	0.05608	0.02199	0.01430	0.01634	0.17614	0.01508	0.04205	0.01098	0.01237	0.00794	0.00561	0.00523	0.00167	0.00731	0.00431	0.00327	0.05189
35	0.01120	0.00624	0.00765	0.00711	0.00798	0.00611	0.00463	0.01178	0.00967	0.14595	0.01826	0.03224	0.01867	0.58616	0.09870	0.00515	0.00629	0.00752	0.00400	0.00466

[dist]
# distance from previous block
# <min> <max>
0	2

[block]
# block no. 3 follows, 42 sequences, length 14
# corresponding to MSA columns:
# 339-352
name=unknown_D
#
# <colnr> <probs for GDERKNQSTAVLIFYWHMCP>
#	G	D	E	R	K	N	Q	S	T	A	V	L	I	F	Y	W	H	M	C	P
0	0.01608	0.01128	0.01723	0.22738	0.23350	0.01173	0.02872	0.05134	0.07160	0.21331	0.01547	0.01689	0.02585	0.00612	0.00563	0.00175	0.00614	0.00541	0.00421	0.03038
1	0.01170	0.01073	0.01548	0.18107	0.02089	0.01011	0.10572	0.01629	0.09953	0.01790	0.01384	0.01589	0.04369	0.00543	0.00511	0.00138	0.00557	0.00488	0.00346	0.41134
2	0.01618	0.01313	0.01459	0.09391	0.01814	0.01502	0.01023	0.27446	0.42801	0.02666	0.01833	0.01780	0.01355	0.00712	0.00568	0.00183	0.00537	0.00577	0.00535	0.00885
3	0.01146	0.00784	0.01017	0.00900	0.01071	0.00831	0.00708	0.01477	0.07211	0.12464	0.43527	0.03314	0.08246	0.01048	0.00836	0.00190	0.13193	0.00850	0.00559	0.00628
4	0.01155	0.01082	0.01744	0.33029	0.25611	0.01261	0.01414	0.01434	0.01104	0.01521	0.01138	0.05411	0.01037	0.06857	0.00957	0.00221	0.13492	0.00578	0.00279	0.00676
5	0.02139	0.01576	0.01689	0.01295	0.01745	0.01745	0.01070	0.74835	0.02646	0.03547	0.01351	0.01351	0.00957	0.00676	0.00563	0.00169	0.00619	0.00507	0.00563	0.00957
6	0.00776	0.00528	0.00626	0.00668	0.00679	0.00517	0.00399	0.00807	0.00902	0.01202	0.02201	0.28207	0.02586	0.54962	0.02173	0.00444	0.00475	0.01070	0.00399	0.00378
7	0.02102	0.02682	0.01595	0.01450	0.01740	0.77963	0.01087	0.02247	0.01595	0.01377	0.00870	0.01015	0.00725	0.00580	0.00507	0.00145	0.01015	0.00362	0.00290	0.00652
8	0.02061	0.01538	0.01645	0.01279	0.01715	0.01709	0.01051	0.67260	0.10348	0.03421	0.01450	0.01430	0.01037	0.00685	0.00564	0.00171	0.00601	0.00520	0.00564	0.00950
9	0.01412	0.00764	0.00984	0.00848	0.01097	0.00717	0.00663	0.01802	0.09412	0.26166	0.44909	0.03251	0.03681	0.00965	0.00623	0.00178	0.00353	0.00833	0.00639	0.00705
10	0.00685	0.00494	0.00649	0.00773	0.00813	0.00458	0.00518	0.00785	0.01088	0.01441	0.03236	0.76011	0.07479	0.01746	0.00716	0.00227	0.00324	0.01579	0.00522	0.00458
11	0.01904	0.02009	0.01452	0.01283	0.01577	0.45289	0.00979	0.17660	0.01761	0.05455	0.04742	0.10551	0.01368	0.00771	0.00554	0.00163	0.00789	0.00578	0.00410	0.00704
12	0.01366	0.00816	0.01113	0.13583	0.01552	0.00815	0.00814	0.07262	0.01603	0.20509	0.40150	0.02982	0.03271	0.00907	0.00616	0.00177	0.00424	0.00783	0.00574	0.00684
13	0.00726	0.00544	0.00644	0.00681	0.00779	0.00496	0.00475	0.00857	0.01198	0.01559	0.16612	0.27955	0.27239	0.14346	0.01043	0.00260	0.00344	0.03273	0.00510	0.00459

[dist]
# distance from previous block
# <min> <max>
3	9

[block]
# block no. 4 follows, 42 sequences, length 13
# corresponding to MSA columns:
# 362-374
name=unknown_E
#
# <colnr> <probs for GDERKNQSTAVLIFYWHMCP>
#	G	D	E	R	K	N	Q	S	T	A	V	L	I	F	Y	W	H	M	C	P
0	0.01015	0.00720	0.00908	0.00824	0.00964	0.00736	0.00595	0.04276	0.01022	0.05022	0.01601	0.05885	0.01626	0.32972	0.23719	0.00522	0.04501	0.00682	0.00359	0.12053
1	0.01596	0.08227	0.07584	0.09763	0.01908	0.11905	0.01242	0.19693	0.01493	0.03511	0.00991	0.01244	0.00802	0.00726	0.00960	0.00190	0.26627	0.00459	0.00339	0.00738
2	0.03619	0.00882	0.01362	0.35696	0.07268	0.01051	0.01158	0.01242	0.01073	0.01480	0.01590	0.23430	0.01630	0.01185	0.05914	0.00252	0.09441	0.00808	0.00334	0.00586
3	0.12481	0.00919	0.01170	0.00943	0.01321	0.00838	0.00764	0.02378	0.01467	0.58965	0.02144	0.10906	0.01568	0.00800	0.00557	0.00180	0.00456	0.00654	0.00633	0.00856
4	0.00774	0.00567	0.00724	0.00782	0.00871	0.00515	0.00539	0.00886	0.01066	0.01452	0.02668	0.55712	0.03127	0.12240	0.00978	0.00257	0.00379	0.05812	0.00475	0.10177
5	0.01461	0.12013	0.31598	0.01400	0.06842	0.03856	0.01387	0.04036	0.04459	0.12980	0.01312	0.04661	0.01019	0.00604	0.00515	0.00160	0.00654	0.00481	0.00357	0.10205
6	0.00812	0.00543	0.00616	0.00622	0.00624	0.00541	0.00350	0.00817	0.00831	0.01108	0.01839	0.07475	0.02129	0.76316	0.02758	0.00530	0.00535	0.00857	0.00350	0.00347
7	0.00848	0.00657	0.00911	0.00884	0.00954	0.00768	0.00664	0.00990	0.00898	0.01271	0.01685	0.02601	0.05070	0.21574	0.48238	0.00713	0.09813	0.00669	0.00315	0.00476
8	0.01818	0.12525	0.03602	0.04601	0.03404	0.07109	0.01042	0.37176	0.01920	0.08381	0.01387	0.06632	0.01141	0.03471	0.00661	0.00181	0.03118	0.00553	0.00460	0.00818
9	0.01310	0.04908	0.01544	0.14769	0.01813	0.04662	0.01097	0.13481	0.01282	0.01768	0.01189	0.06674	0.01082	0.01205	0.09380	0.00277	0.27832	0.00569	0.04505	0.00653
10	0.10442	0.00841	0.00976	0.00838	0.01089	0.00839	0.00660	0.12798	0.01674	0.13123	0.42393	0.03131	0.07039	0.00956	0.00599	0.00176	0.00370	0.00804	0.00587	0.00664
11	0.00805	0.00596	0.00726	0.00716	0.00843	0.00556	0.00519	0.04063	0.01413	0.01912	0.38548	0.20822	0.18321	0.06598	0.00819	0.00215	0.00316	0.01143	0.00559	0.00509
12	0.24166	0.01391	0.04596	0.23739	0.02154	0.14063	0.02581	0.04885	0.01291	0.09759	0.03032	0.03871	0.00994	0.00624	0.00504	0.00175	0.00656	0.00479	0.00362	0.00678

[dist]
# distance from previous block
# <min> <max>
2	6

[block]
# block no. 5 follows, 42 sequences, length 21
# corresponding to MSA columns:
# 381-401
name=unknown_F
#
# <colnr> <probs for GDERKNQSTAVLIFYWHMCP>
#	G	D	E	R	K	N	Q	S	T	A	V	L	I	F	Y	W	H	M	C	P
0	0.00695	0.00546	0.00617	0.00649	0.00776	0.00480	0.00461	0.00830	0.01232	0.01554	0.12706	0.26327	0.43353	0.06177	0.00811	0.00221	0.00310	0.01264	0.00523	0.00468
1	0.01790	0.01185	0.01399	0.01158	0.01479	0.04163	0.03267	0.26432	0.04609	0.20448	0.01955	0.08031	0.03469	0.02931	0.00746	0.00199	0.05978	0.08007	0.01959	0.00795
2	0.01176	0.00995	0.01160	0.00846	0.01323	0.00769	0.00673	0.03760	0.01211	0.01871	0.01109	0.04807	0.00971	0.00487	0.00435	0.00093	0.00419	0.00397	0.00350	0.77148
3	0.01960	0.02383	0.01529	0.01388	0.01684	0.62430	0.01047	0.02398	0.16628	0.01575	0.01158	0.01235	0.00926	0.00617	0.00521	0.00154	0.00899	0.00418	0.00347	0.00701
4	0.10468	0.00703	0.02259	0.00789	0.00947	0.00663	0.00594	0.02854	0.02945	0.05669	0.28107	0.31687	0.05447	0.03433	0.00697	0.00206	0.00350	0.01097	0.00536	0.00551
5	0.00686	0.00490	0.00653	0.00784	0.00816	0.00457	0.00522	0.00784	0.01077	0.01437	0.03102	0.79855	0.03722	0.01763	0.00718	0.00229	0.00326	0.01600	0.00522	0.00457
6	0.01785	0.01400	0.01490	0.01223	0.01610	0.01580	0.00984	0.40451	0.37606	0.02976	0.01801	0.01709	0.01321	0.00718	0.00568	0.00179	0.00536	0.00569	0.00568	0.00925
7	0.00824	0.00554	0.00657	0.00657	0.00678	0.00570	0.00401	0.00866	0.00845	0.01162	0.01733	0.03388	0.01921	0.65093	0.14888	0.00588	0.00690	0.00773	0.03334	0.00374
8	0.02102	0.02682	0.01595	0.01450	0.01740	0.77963	0.01087	0.02247	0.01595	0.01377	0.00870	0.01015	0.00725	0.00580	0.00507	0.00145	0.01015	0.00362	0.00290	0.00652
9	0.00686	0.00490	0.00653	0.00784	0.00816	0.00457	0.00522	0.00784	0.01077	0.01437	0.03102	0.79855	0.03722	0.01763	0.00718	0.00229	0.00326	0.01600	0.00522	0.00457
10	0.00718	0.00541	0.00665	0.00700	0.00810	0.00487	0.00500	0.00886	0.01311	0.01742	0.29089	0.33728	0.23851	0.01461	0.00685	0.00200	0.00294	0.01288	0.00556	0.00487
11	0.00680	0.00537	0.00612	0.00664	0.00787	0.00470	0.00471	0.00809	0.01213	0.01520	0.07856	0.35835	0.43457	0.01551	0.00687	0.00205	0.00301	0.01349	0.00527	0.00470
12	0.01393	0.01337	0.02284	0.03454	0.76712	0.01337	0.01727	0.01727	0.01281	0.01839	0.01059	0.01393	0.00891	0.00501	0.00557	0.00167	0.00669	0.00501	0.00279	0.00891
13	0.01970	0.01017	0.01214	0.00981	0.01337	0.01013	0.00793	0.15754	0.12173	0.36978	0.04830	0.01957	0.01516	0.00712	0.00540	0.00168	0.00454	0.00575	0.15164	0.00856
14	0.00864	0.00616	0.00767	0.00842	0.00948	0.02287	0.00635	0.01028	0.01235	0.05022	0.09747	0.41853	0.11205	0.01547	0.00711	0.00223	0.00387	0.19045	0.00533	0.00508
15	0.01177	0.00595	0.00619	0.00585	0.00746	0.00596	0.00447	0.04711	0.01269	0.06140	0.01834	0.02055	0.01418	0.00659	0.00410	0.00135	0.00290	0.00526	0.75222	0.00567
16	0.01392	0.01252	0.01953	0.22390	0.40261	0.01365	0.01511	0.12697	0.01412	0.01944	0.01099	0.01491	0.00900	0.03505	0.00704	0.00190	0.04304	0.00513	0.00315	0.00800
17	0.01128	0.00825	0.00979	0.00938	0.01114	0.00842	0.00703	0.21235	0.01541	0.02072	0.05147	0.45265	0.02831	0.03252	0.00718	0.00214	0.00428	0.06418	0.00525	0.03826
18	0.49251	0.04058	0.01072	0.09841	0.01458	0.01203	0.00773	0.07268	0.01151	0.02254	0.01204	0.10059	0.01114	0.00711	0.00451	0.00179	0.00483	0.03252	0.00375	0.03843
19	0.01028	0.02878	0.01118	0.08299	0.03280	0.00851	0.03137	0.09106	0.04733	0.01835	0.13316	0.27216	0.02794	0.06829	0.00861	0.02851	0.00470	0.08345	0.00475	0.00577
20	0.00922	0.00713	0.00860	0.00753	0.00982	0.00630	0.00575	0.04996	0.01479	0.02079	0.41692	0.09041	0.13330	0.01048	0.00610	0.00162	0.00324	0.00908	0.00535	0.18361

[dist]
# distance from previous block
# <min> <max>
7	16

[block]
# block no. 6 follows, 42 sequences, length 43
# corresponding to MSA columns:
# 418-460
name=unknown_G
#
# <colnr> <probs for GDERKNQSTAVLIFYWHMCP>
#	G	D	E	R	K	N	Q	S	T	A	V	L	I	F	Y	W	H	M	C	P
0	0.04947	0.07563	0.04834	0.61213	0.03366	0.01362	0.01462	0.05873	0.01213	0.01618	0.00994	0.01404	0.00752	0.00560	0.00535	0.00180	0.00719	0.00472	0.00272	0.00661
1	0.07316	0.02061	0.41775	0.01423	0.04152	0.01286	0.01534	0.10086	0.01342	0.02028	0.08362	0.05066	0.01321	0.00712	0.00685	0.00186	0.09025	0.00541	0.00335	0.00763
2	0.00815	0.00618	0.00814	0.04415	0.01127	0.00599	0.00750	0.01023	0.01248	0.01590	0.03609	0.18081	0.22020	0.01511	0.00729	0.00233	0.00437	0.39372	0.00508	0.00502
3	0.03066	0.01074	0.01211	0.00918	0.01349	0.03182	0.00732	0.04737	0.03238	0.03278	0.01145	0.04787	0.00991	0.00545	0.00531	0.00112	0.05155	0.00421	0.00359	0.63170
4	0.04669	0.03083	0.07179	0.05757	0.05957	0.00971	0.00922	0.08628	0.05904	0.10407	0.08324	0.19369	0.03392	0.00982	0.02087	0.00190	0.00503	0.00784	0.00463	0.10428
5	0.01135	0.00947	0.01543	0.35723	0.12966	0.01060	0.04619	0.05671	0.01155	0.01533	0.01209	0.08163	0.01091	0.00975	0.00951	0.19133	0.00645	0.00599	0.00296	0.00588
6	0.16432	0.04412	0.01827	0.06760	0.32792	0.17896	0.03319	0.03316	0.01301	0.01854	0.00961	0.01206	0.00788	0.00524	0.00499	0.00160	0.00699	0.00426	0.00299	0.04529
7	0.00896	0.00515	0.00587	0.00635	0.00721	0.00506	0.00445	0.01080	0.01114	0.01775	0.02288	0.30734	0.02314	0.05912	0.02623	0.00211	0.00334	0.00939	0.45883	0.00488
8	0.01300	0.03490	0.12821	0.18243	0.02004	0.03017	0.01126	0.06076	0.07980	0.09873	0.14391	0.06905	0.01890	0.00760	0.00568	0.00173	0.00563	0.00642	0.00431	0.07746
9	0.01167	0.01000	0.01167	0.00834	0.01334	0.00750	0.00667	0.01417	0.01167	0.01834	0.01000	0.01167	0.00834	0.00417	0.00417	0.00083	0.00417	0.00333	0.00333	0.83663
10	0.01505	0.80561	0.02949	0.00963	0.01444	0.02227	0.00963	0.01685	0.01143	0.01324	0.00782	0.00903	0.00722	0.00481	0.00361	0.00120	0.00602	0.00301	0.00241	0.00722
11	0.06314	0.00826	0.01129	0.01210	0.12627	0.00787	0.00796	0.01631	0.03329	0.19844	0.37513	0.05271	0.04565	0.00920	0.00605	0.00177	0.00394	0.00800	0.00563	0.00697
12	0.00810	0.00580	0.00790	0.00790	0.00851	0.00641	0.00560	0.00931	0.00870	0.01221	0.01612	0.02792	0.01659	0.34226	0.48332	0.00763	0.01128	0.00688	0.00317	0.00439
13	0.01578	0.01298	0.01373	0.01181	0.01531	0.01483	0.00934	0.20327	0.58067	0.02642	0.02064	0.01919	0.01534	0.00742	0.00570	0.00186	0.00487	0.00605	0.00570	0.00907
14	0.00804	0.00603	0.00904	0.00904	0.01005	0.00703	0.00703	0.01005	0.00904	0.01306	0.01507	0.02211	0.01407	0.04221	0.77992	0.00904	0.01507	0.00603	0.00301	0.00502
15	0.01690	0.01113	0.01206	0.00983	0.01292	0.01210	0.00795	0.37353	0.05184	0.07283	0.01612	0.01699	0.01195	0.00682	0.00535	0.00158	0.02655	0.00522	0.32054	0.00780
16	0.01380	0.01192	0.01254	0.01130	0.01444	0.01375	0.00878	0.02931	0.73687	0.02332	0.02383	0.02189	0.03736	0.00781	0.00575	0.00191	0.00441	0.00651	0.00571	0.00880
17	0.00716	0.00513	0.00680	0.00763	0.00823	0.00477	0.00525	0.00859	0.01218	0.01660	0.23082	0.59238	0.04155	0.01596	0.00703	0.00215	0.00310	0.01441	0.00549	0.00477
18	0.00835	0.00619	0.00807	0.00881	0.01025	0.00591	0.00741	0.01069	0.01338	0.01735	0.14838	0.05810	0.20065	0.01464	0.00735	0.00231	0.00427	0.45744	0.00535	0.00510
19	0.01731	0.49840	0.02425	0.01080	0.01517	0.03893	0.00993	0.17335	0.01500	0.08649	0.01033	0.01112	0.00834	0.00575	0.00515	0.00144	0.05308	0.00382	0.00352	0.00785
20	0.50843	0.01035	0.01023	0.00847	0.01231	0.01085	0.00698	0.02099	0.01224	0.32981	0.01370	0.01323	0.00929	0.00594	0.00437	0.00174	0.00453	0.00411	0.00490	0.00752
21	0.00686	0.00490	0.00653	0.00784	0.00816	0.00457	0.00522	0.00784	0.01077	0.01437	0.03102	0.79855	0.03722	0.01763	0.00718	0.00229	0.00326	0.01600	0.00522	0.00457
22	0.01568	0.00744	0.00858	0.00741	0.00990	0.00723	0.00585	0.05076	0.05834	0.25027	0.01959	0.02010	0.01423	0.00675	0.00464	0.00149	0.00355	0.00543	0.49580	0.00697
23	0.01487	0.13469	0.02261	0.10744	0.45050	0.03369	0.04050	0.06109	0.01350	0.05304	0.01080	0.01346	0.00872	0.00525	0.00531	0.00163	0.00674	0.00476	0.00307	0.00834
24	0.04573	0.12877	0.29716	0.01207	0.01761	0.03367	0.01291	0.02068	0.04616	0.24741	0.07150	0.01626	0.01313	0.00634	0.00524	0.00168	0.00623	0.00496	0.00427	0.00821
25	0.39978	0.22481	0.07543	0.01012	0.02685	0.08324	0.00909	0.06785	0.01209	0.02089	0.00935	0.01055	0.01954	0.00543	0.00404	0.00157	0.00576	0.00350	0.00323	0.00687
26	0.01078	0.01011	0.01717	0.69009	0.03600	0.01249	0.04472	0.01420	0.01105	0.01430	0.00993	0.01497	0.00763	0.00635	0.00693	0.03563	0.04393	0.00506	0.00251	0.00615
27	0.00742	0.00580	0.00666	0.00665	0.00816	0.00517	0.00490	0.02501	0.01376	0.01782	0.27406	0.17431	0.40248	0.01379	0.00671	0.00192	0.00293	0.01189	0.00554	0.00500
28	0.01442	0.60306	0.12535	0.01058	0.01575	0.03530	0.01092	0.01754	0.04624	0.01464	0.00897	0.01014	0.00774	0.00500	0.00400	0.00130	0.00622	0.00335	0.00262	0.05685
29	0.01269	0.31941	0.49507	0.01364	0.02065	0.01651	0.01662	0.01746	0.01171	0.01611	0.00925	0.01081	0.00716	0.00515	0.00470	0.00157	0.00746	0.00373	0.00239	0.00791
30	0.02525	0.00958	0.01306	0.01001	0.01437	0.00827	0.00827	0.02743	0.01611	0.77102	0.02220	0.01915	0.01393	0.00697	0.00566	0.00174	0.00479	0.00566	0.00697	0.00958
31	0.00861	0.00625	0.00784	0.00739	0.00878	0.00594	0.00549	0.05409	0.01559	0.02171	0.58425	0.11027	0.08283	0.04664	0.00759	0.00198	0.00305	0.01040	0.00590	0.00538
32	0.01687	0.00899	0.01094	0.00926	0.01215	0.00864	0.00723	0.16287	0.01615	0.30521	0.04468	0.18170	0.10543	0.05703	0.00742	0.00207	0.00448	0.00861	0.02284	0.00745
33	0.00686	0.00490	0.00653	0.00784	0.00816	0.00457	0.00522	0.00784	0.01077	0.01437	0.03102	0.79855	0.03722	0.01763	0.00718	0.00229	0.00326	0.01600	0.00522	0.00457
34	0.00703	0.00503	0.00668	0.00772	0.00820	0.00468	0.00524	0.00826	0.01156	0.01562	0.14328	0.68271	0.03965	0.01669	0.00710	0.00221	0.00317	0.01511	0.00537	0.00468
35	0.01446	0.63687	0.02688	0.01072	0.01451	0.02120	0.01020	0.01615	0.01084	0.01330	0.00773	0.00973	0.00726	0.00589	0.00677	0.00147	0.17319	0.00342	0.00242	0.00700
36	0.01129	0.02911	0.77306	0.01604	0.02436	0.01307	0.02079	0.01782	0.01188	0.01782	0.01010	0.01188	0.00713	0.00535	0.00535	0.00178	0.00832	0.00416	0.00238	0.00832
37	0.00907	0.00648	0.00907	0.01036	0.01166	0.00648	0.00907	0.01166	0.01296	0.01684	0.02980	0.06348	0.03239	0.01555	0.00777	0.00259	0.00518	0.72924	0.00518	0.00518
38	0.01227	0.01268	0.02547	0.01884	0.02323	0.01203	0.51050	0.05950	0.01421	0.01938	0.12886	0.10227	0.01847	0.00727	0.00664	0.00191	0.00758	0.00808	0.00378	0.00704
39	0.00905	0.00663	0.00786	0.00758	0.00923	0.00629	0.00568	0.06822	0.03524	0.03872	0.29787	0.20330	0.24200	0.01306	0.00665	0.00193	0.00327	0.02622	0.00566	0.00554
40	0.01277	0.33531	0.47985	0.01351	0.02045	0.01670	0.01639	0.01744	0.01171	0.01602	0.00920	0.01076	0.00717	0.00514	0.00466	0.00155	0.00741	0.00371	0.00239	0.00789
41	0.79243	0.01055	0.00809	0.00727	0.01063	0.01218	0.00597	0.01634	0.00971	0.02499	0.00846	0.00985	0.00659	0.00530	0.00351	0.00172	0.00425	0.00318	0.05294	0.00604
42	0.06015	0.00630	0.00677	0.00640	0.00809	0.00634	0.00488	0.01419	0.05748	0.05225	0.20399	0.02604	0.03751	0.00793	0.00481	0.00151	0.00294	0.00654	0.48017	0.00570

[dist]
# distance from previous block
# <min> <max>
0	6

[block]
# block no. 7 follows, 42 sequences, length 12
# corresponding to MSA columns:
# 467-478
name=unknown_H
#
# <colnr> <probs for GDERKNQSTAVLIFYWHMCP>
#	G	D	E	R	K	N	Q	S	T	A	V	L	I	F	Y	W	H	M	C	P
0	0.01088	0.00911	0.01079	0.00811	0.01233	0.00703	0.00639	0.01334	0.01232	0.01886	0.13263	0.04816	0.01672	0.00589	0.00469	0.00104	0.00389	0.00495	0.00387	0.66898
1	0.02020	0.01387	0.01430	0.01157	0.01539	0.09883	0.00931	0.29913	0.12432	0.23559	0.08319	0.01829	0.01545	0.00725	0.00568	0.00171	0.00569	0.00571	0.00576	0.00876
2	0.01735	0.01174	0.05425	0.01068	0.01532	0.00985	0.03909	0.10396	0.04219	0.27203	0.03926	0.01587	0.01204	0.00597	0.00544	0.00143	0.02171	0.00486	0.00490	0.31206
3	0.01166	0.01047	0.13240	0.00923	0.01243	0.00725	0.00855	0.01485	0.01490	0.14540	0.43938	0.03226	0.03538	0.00944	0.00615	0.00174	0.00413	0.03765	0.00548	0.06127
4	0.01819	0.01136	0.01251	0.01068	0.01417	0.05183	0.00849	0.02673	0.36330	0.31412	0.02411	0.02285	0.06066	0.00789	0.00578	0.00184	0.00481	0.02599	0.00601	0.00869
5	0.00816	0.00553	0.00653	0.00653	0.00667	0.00567	0.00390	0.00844	0.00830	0.01121	0.01737	0.03482	0.01959	0.69861	0.13107	0.00595	0.00677	0.00789	0.00336	0.00363
6	0.02102	0.02682	0.01595	0.01450	0.01740	0.77963	0.01087	0.02247	0.01595	0.01377	0.00870	0.01015	0.00725	0.00580	0.00507	0.00145	0.01015	0.00362	0.00290	0.00652
7	0.01128	0.00796	0.00975	0.00815	0.01080	0.00722	0.00635	0.08763	0.01608	0.07227	0.47357	0.03097	0.03628	0.00911	0.00593	0.00155	0.00349	0.00786	0.00556	0.18819
8	0.00716	0.00518	0.00676	0.00750	0.00820	0.00479	0.00519	0.00863	0.01234	0.01672	0.23831	0.54329	0.08362	0.01572	0.00700	0.00212	0.00307	0.01413	0.00550	0.00479
9	0.00671	0.00547	0.00594	0.00632	0.00776	0.00470	0.00455	0.00801	0.01223	0.01496	0.04950	0.26910	0.55474	0.01523	0.00680	0.00201	0.00297	0.01307	0.00523	0.00470
10	0.10026	0.14033	0.01685	0.10198	0.01782	0.25463	0.01028	0.11338	0.01473	0.06799	0.01057	0.01218	0.00829	0.00607	0.00568	0.00160	0.05844	0.00412	0.04772	0.00706
11	0.46062	0.01027	0.01051	0.00862	0.01251	0.01059	0.00711	0.02162	0.01263	0.37347	0.01454	0.01382	0.00975	0.00604	0.00450	0.00174	0.00456	0.00427	0.00511	0.00772

[dist]
# distance from previous block
# <min> <max>
0	1

[block]
# block no. 8 follows, 42 sequences, length 53
# corresponding to MSA columns:
# 480-532
name=unknown_I
#
# <colnr> <probs for GDERKNQSTAVLIFYWHMCP>
#	G	D	E	R	K	N	Q	S	T	A	V	L	I	F	Y	W	H	M	C	P
0	0.00730	0.00526	0.00699	0.00812	0.00876	0.00496	0.00585	0.00868	0.01157	0.01535	0.07770	0.58807	0.07278	0.01672	0.00723	0.00229	0.00354	0.13882	0.00528	0.00473
1	0.00967	0.00524	0.00571	0.00605	0.00715	0.00517	0.00447	0.01195	0.01165	0.01941	0.02156	0.18281	0.02005	0.00930	0.00480	0.00158	0.00289	0.04546	0.61999	0.00510
2	0.01304	0.01289	0.02023	0.33443	0.41561	0.06043	0.03017	0.01645	0.01239	0.01649	0.01025	0.01415	0.00824	0.00530	0.00558	0.00174	0.00728	0.00495	0.00268	0.00768
3	0.01718	0.01486	0.01870	0.05887	0.36507	0.11853	0.01355	0.12822	0.08146	0.10830	0.01318	0.01463	0.01003	0.00587	0.00554	0.00168	0.00671	0.00503	0.00396	0.00864
4	0.84197	0.01088	0.00827	0.00740	0.01088	0.01262	0.00609	0.01654	0.00958	0.02525	0.00784	0.00914	0.00609	0.00522	0.00348	0.00174	0.00435	0.00305	0.00348	0.00609
5	0.01514	0.76217	0.04712	0.00994	0.01478	0.04595	0.00994	0.01705	0.01159	0.01337	0.00791	0.00913	0.00722	0.00486	0.00370	0.00123	0.00620	0.00306	0.00242	0.00723
6	0.00738	0.00528	0.00703	0.00790	0.00856	0.00497	0.00563	0.00891	0.01218	0.01650	0.20282	0.52710	0.04012	0.03016	0.00751	0.00226	0.00337	0.09213	0.00541	0.00479
7	0.08880	0.01257	0.01351	0.07710	0.02892	0.08315	0.00936	0.11667	0.15780	0.18359	0.06414	0.01726	0.01391	0.00683	0.00583	0.00170	0.03376	0.00531	0.00492	0.07484
8	0.20639	0.01019	0.01472	0.57712	0.03133	0.01238	0.01312	0.01536	0.01103	0.04423	0.00993	0.01378	0.00740	0.00558	0.00512	0.00184	0.00666	0.00457	0.00289	0.00633
9	0.02294	0.00907	0.01232	0.00962	0.01357	0.00788	0.00788	0.02518	0.01608	0.67101	0.12134	0.02221	0.01916	0.00757	0.00579	0.00175	0.00450	0.00626	0.00686	0.00901
10	0.07292	0.01063	0.01294	0.01034	0.01437	0.01042	0.00842	0.09239	0.15952	0.49994	0.03453	0.01881	0.01441	0.00705	0.00555	0.00177	0.00478	0.00566	0.00638	0.00915
11	0.01469	0.01482	0.02210	0.03238	0.68622	0.09606	0.01658	0.01783	0.01315	0.01789	0.01038	0.01352	0.00873	0.00510	0.00552	0.00165	0.00706	0.00486	0.00280	0.00866
12	0.00687	0.00496	0.00650	0.00769	0.00813	0.00460	0.00517	0.00791	0.01100	0.01458	0.04721	0.73746	0.08254	0.01730	0.00714	0.00225	0.00323	0.01563	0.00524	0.00460
13	0.00935	0.00593	0.00765	0.00725	0.00849	0.00551	0.00522	0.01133	0.01406	0.08303	0.49470	0.11920	0.04246	0.14856	0.01042	0.00246	0.00338	0.01007	0.00568	0.00526
14	0.01388	0.43592	0.06268	0.27103	0.02334	0.01814	0.01230	0.07463	0.01260	0.01564	0.00913	0.01153	0.00750	0.00527	0.00454	0.00150	0.00665	0.00390	0.00269	0.00714
15	0.01593	0.01847	0.01298	0.01198	0.01382	0.45945	0.00885	0.01715	0.01288	0.01306	0.01142	0.01758	0.01100	0.17780	0.12232	0.00344	0.05823	0.00500	0.00300	0.00563
16	0.00907	0.00648	0.00907	0.01036	0.01166	0.00648	0.00907	0.01166	0.01296	0.01684	0.02980	0.06348	0.03239	0.01555	0.00777	0.00259	0.00518	0.72924	0.00518	0.00518
17	0.00861	0.00700	0.01090	0.00962	0.01081	0.00669	0.13254	0.00978	0.01006	0.01335	0.02269	0.24238	0.06902	0.40105	0.01761	0.00375	0.00539	0.01028	0.00392	0.00453
18	0.00686	0.00490	0.00653	0.00784	0.00816	0.00457	0.00522	0.00784	0.01077	0.01437	0.03102	0.79855	0.03722	0.01763	0.00718	0.00229	0.00326	0.01600	0.00522	0.00457
19	0.01393	0.01337	0.02284	0.03454	0.76712	0.01337	0.01727	0.01727	0.01281	0.01839	0.01059	0.01393	0.00891	0.00501	0.00557	0.00167	0.00669	0.00501	0.00279	0.00891
20	0.84197	0.01088	0.00827	0.00740	0.01088	0.01262	0.00609	0.01654	0.00958	0.02525	0.00784	0.00914	0.00609	0.00522	0.00348	0.00174	0.00435	0.00305	0.00348	0.00609
21	0.01049	0.00525	0.00525	0.00525	0.00656	0.00525	0.00393	0.01311	0.01180	0.02098	0.01836	0.02098	0.01442	0.00656	0.00393	0.00131	0.00262	0.00525	0.83346	0.00525
22	0.01038	0.00750	0.00914	0.00808	0.01042	0.00695	0.00621	0.01450	0.10717	0.06336	0.40247	0.06302	0.04997	0.02197	0.00637	0.00171	0.00342	0.03105	0.02079	0.15553
23	0.01122	0.00953	0.01119	0.00829	0.01286	0.00723	0.00653	0.01358	0.01159	0.01797	0.01196	0.08481	0.01102	0.00542	0.00445	0.00097	0.00408	0.00451	0.00351	0.75929
24	0.01984	0.02227	0.01554	0.01369	0.01692	0.51000	0.01049	0.15109	0.14938	0.01931	0.01207	0.01266	0.00942	0.00629	0.00529	0.00157	0.00844	0.00436	0.00388	0.00748
25	0.01330	0.03075	0.37009	0.01487	0.03239	0.01103	0.12366	0.01769	0.01263	0.14747	0.01612	0.15519	0.01396	0.00773	0.00590	0.00187	0.00691	0.00692	0.00376	0.00775
26	0.01256	0.00697	0.00917	0.00790	0.01021	0.00619	0.00614	0.01509	0.01572	0.21186	0.53157	0.03444	0.04053	0.00992	0.00624	0.00171	0.00328	0.00863	0.00622	0.05564
27	0.01400	0.01209	0.01273	0.01145	0.01463	0.01400	0.00891	0.02990	0.75695	0.02354	0.02291	0.02100	0.01718	0.00764	0.00573	0.00191	0.00445	0.00636	0.00573	0.00891
28	0.00804	0.00603	0.00904	0.00904	0.01005	0.00703	0.00703	0.01005	0.00904	0.01306	0.01507	0.02211	0.01407	0.04221	0.77992	0.00904	0.01507	0.00603	0.00301	0.00502
29	0.02102	0.02682	0.01595	0.01450	0.01740	0.77963	0.01087	0.02247	0.01595	0.01377	0.00870	0.01015	0.00725	0.00580	0.00507	0.00145	0.01015	0.00362	0.00290	0.00652
30	0.01313	0.01065	0.01156	0.01038	0.01324	0.01188	0.00806	0.03962	0.54929	0.05039	0.15267	0.02611	0.06132	0.00860	0.00593	0.00187	0.00411	0.00725	0.00582	0.00811
31	0.00690	0.00502	0.00652	0.00760	0.00813	0.00463	0.00515	0.00802	0.01126	0.01493	0.07675	0.68785	0.10255	0.01697	0.00710	0.00222	0.00319	0.01529	0.00528	0.00463
32	0.00692	0.00551	0.00621	0.00646	0.00787	0.00480	0.00468	0.00843	0.01281	0.01619	0.16517	0.24005	0.46574	0.01466	0.00678	0.00198	0.00292	0.01264	0.00538	0.00480
33	0.01254	0.01270	0.01720	0.01477	0.01484	0.03755	0.01227	0.01378	0.00881	0.01355	0.00742	0.01225	0.00738	0.00974	0.01811	0.00244	0.77109	0.00489	0.00247	0.00617
34	0.79359	0.01081	0.00856	0.00756	0.01109	0.01237	0.00622	0.01719	0.00996	0.06943	0.00869	0.00974	0.00656	0.00533	0.00361	0.00174	0.00438	0.00320	0.00369	0.00630
35	0.00686	0.00490	0.00653	0.00784	0.00816	0.00457	0.00522	0.00784	0.01077	0.01437	0.03102	0.79855	0.03722	0.01763	0.00718	0.00229	0.00326	0.01600	0.00522	0.00457
36	0.00973	0.00517	0.00551	0.00579	0.00689	0.00510	0.00420	0.01201	0.01159	0.01960	0.02100	0.18355	0.01919	0.00887	0.00461	0.00151	0.00276	0.00749	0.66030	0.00510
37	0.00828	0.00621	0.00841	0.09241	0.01212	0.00631	0.00676	0.05461	0.01221	0.01631	0.08052	0.59733	0.03336	0.01518	0.00689	0.00217	0.00389	0.02687	0.00502	0.00513
38	0.03922	0.01143	0.01818	0.09268	0.43817	0.01219	0.02620	0.01609	0.01202	0.03331	0.01169	0.01504	0.00958	0.00590	0.00664	0.00172	0.09073	0.00502	0.14654	0.00765
39	0.75914	0.01166	0.00891	0.00790	0.01139	0.05267	0.00645	0.01738	0.01023	0.06094	0.00858	0.00968	0.00654	0.00534	0.00367	0.00173	0.00468	0.00320	0.00362	0.00629
40	0.01309	0.01260	0.02068	0.22937	0.53540	0.03153	0.01643	0.01647	0.01249	0.01718	0.01100	0.01570	0.00926	0.00553	0.00564	0.00175	0.00693	0.02812	0.00279	0.00804
41	0.01077	0.00593	0.00796	0.00824	0.00947	0.00539	0.00587	0.01210	0.01221	0.17307	0.07452	0.58881	0.03333	0.01502	0.00683	0.00214	0.00355	0.01348	0.00565	0.00566
42	0.01480	0.31226	0.27199	0.08541	0.05016	0.02819	0.01411	0.04758	0.01280	0.09826	0.01069	0.01202	0.00811	0.00540	0.00478	0.00156	0.00688	0.00404	0.00305	0.00790
43	0.01733	0.04179	0.05676	0.02466	0.44416	0.01257	0.02561	0.06524	0.01445	0.22117	0.01377	0.01505	0.01015	0.00565	0.00553	0.00168	0.00624	0.00510	0.00405	0.00902
44	0.02525	0.00958	0.01306	0.01001	0.01437	0.00827	0.00827	0.02743	0.01611	0.77102	0.02220	0.01915	0.01393	0.00697	0.00566	0.00174	0.00479	0.00566	0.00697	0.00958
45	0.00927	0.00607	0.00797	0.00802	0.00939	0.00568	0.00622	0.01143	0.01395	0.07299	0.35986	0.14153	0.08315	0.05991	0.00821	0.00225	0.00366	0.17944	0.00567	0.00535
46	0.12851	0.09312	0.01587	0.05727	0.01667	0.06926	0.00967	0.33413	0.05722	0.11670	0.01393	0.01416	0.02113	0.00641	0.00510	0.00166	0.00591	0.00473	0.02028	0.00828
47	0.00701	0.00510	0.00662	0.00760	0.00821	0.00471	0.00523	0.00826	0.01161	0.01545	0.11854	0.62592	0.10659	0.01656	0.00708	0.00220	0.00320	0.03007	0.00534	0.00469
48	0.00723	0.00529	0.00688	0.00798	0.00870	0.00494	0.00577	0.00858	0.01151	0.01504	0.04639	0.56157	0.13169	0.01673	0.00721	0.00228	0.00353	0.13875	0.00523	0.00471
49	0.02733	0.37484	0.10468	0.17394	0.02102	0.11256	0.01217	0.04117	0.02855	0.04241	0.00966	0.01149	0.00779	0.00537	0.00459	0.00150	0.00700	0.00386	0.00284	0.00723
50	0.01090	0.01001	0.01658	0.66465	0.08543	0.01226	0.01491	0.01447	0.01131	0.01503	0.01048	0.01522	0.00802	0.00578	0.00592	0.00185	0.03190	0.00501	0.05391	0.00637
51	0.00907	0.00648	0.00907	0.01036	0.01166	0.00648	0.00907	0.01166	0.01296	0.01684	0.02980	0.06348	0.03239	0.01555	0.00777	0.00259	0.00518	0.72924	0.00518	0.00518
52	0.00967	0.01015	0.14042	0.00887	0.01169	0.00689	0.00821	0.01293	0.01498	0.06576	0.54695	0.05053	0.04088	0.01004	0.00628	0.00175	0.00383	0.00875	0.00546	0.03597

[dist]
# distance from previous block
# <min> <max>
0	1

[block]
# block no. 9 follows, 42 sequences, length 36
# corresponding to MSA columns:
# 534-569
name=unknown_J
#
# <colnr> <probs for GDERKNQSTAVLIFYWHMCP>
#	G	D	E	R	K	N	Q	S	T	A	V	L	I	F	Y	W	H	M	C	P
0	0.01675	0.01292	0.01565	0.15501	0.08840	0.04301	0.01131	0.35861	0.01934	0.06895	0.06764	0.06363	0.01475	0.00763	0.00584	0.00179	0.00609	0.02987	0.00477	0.00805
1	0.01833	0.16610	0.14262	0.01423	0.06053	0.20264	0.01239	0.22203	0.01720	0.07620	0.01120	0.01203	0.00845	0.00585	0.00507	0.00156	0.00740	0.00423	0.00377	0.00815
2	0.21524	0.05991	0.08020	0.02400	0.44169	0.05311	0.01408	0.01738	0.01203	0.01948	0.00962	0.01213	0.00790	0.00512	0.00491	0.00166	0.00639	0.00428	0.00291	0.00796
3	0.00909	0.00535	0.00611	0.00629	0.00741	0.00531	0.00460	0.01122	0.01164	0.01848	0.08331	0.15190	0.07499	0.03526	0.09021	0.00251	0.00418	0.00803	0.45906	0.00503
4	0.01051	0.00731	0.00905	0.02675	0.01075	0.00723	0.00650	0.06515	0.06961	0.07597	0.39372	0.06741	0.13414	0.01291	0.05056	0.00226	0.00415	0.03424	0.00571	0.00608
5	0.01167	0.01000	0.01167	0.00834	0.01334	0.00750	0.00667	0.01417	0.01167	0.01834	0.01000	0.01167	0.00834	0.00417	0.00417	0.00083	0.00417	0.00333	0.00333	0.83663
6	0.11054	0.02205	0.01468	0.01314	0.01626	0.52517	0.01004	0.07435	0.12815	0.01805	0.01109	0.01192	0.00879	0.00608	0.00504	0.00157	0.00837	0.00408	0.00359	0.00705
7	0.01488	0.38556	0.14219	0.02720	0.01583	0.07509	0.01082	0.01752	0.01273	0.10623	0.07306	0.06999	0.01389	0.00671	0.00479	0.00152	0.00612	0.00511	0.00350	0.00726
8	0.00917	0.00613	0.00789	0.00759	0.00921	0.00562	0.00595	0.01160	0.01504	0.07364	0.49833	0.04542	0.14906	0.01219	0.00674	0.00191	0.00322	0.11981	0.00596	0.00551
9	0.01400	0.01209	0.01273	0.01145	0.01463	0.01400	0.00891	0.02990	0.75695	0.02354	0.02291	0.02100	0.01718	0.00764	0.00573	0.00191	0.00445	0.00636	0.00573	0.00891
10	0.00815	0.00595	0.00867	0.00867	0.00961	0.00684	0.00663	0.01003	0.00909	0.01322	0.01541	0.02319	0.01457	0.09900	0.69126	0.00846	0.01384	0.00616	0.03634	0.00491
11	0.79668	0.01115	0.00875	0.00771	0.01125	0.01289	0.00635	0.05694	0.01051	0.02581	0.00815	0.00938	0.00629	0.00531	0.00360	0.00174	0.00445	0.00316	0.00360	0.00629
12	0.01766	0.01154	0.01303	0.01110	0.01470	0.01249	0.00881	0.06491	0.50341	0.24329	0.02223	0.02008	0.01585	0.00739	0.00570	0.00185	0.00464	0.00609	0.00608	0.00914
