[name]
unknown

[dist]
# distance from previous block
# <min> <max>
5	55

[block]
# block no. 0 follows, 41 sequences, length 14
# corresponding to MSA columns:
# 55-68
name=unknown_A
#
# <colnr> <probs for GDERKNQSTAVLIFYWHMCP>
#	G	D	E	R	K	N	Q	S	T	A	V	L	I	F	Y	W	H	M	C	P
0	0.03840	0.01362	0.01569	0.01466	0.11721	0.04764	0.01043	0.31643	0.07015	0.17297	0.01763	0.01740	0.05327	0.00691	0.00561	0.00168	0.00577	0.00551	0.00525	0.06376
1	0.01269	0.01233	0.01996	0.31865	0.25222	0.04509	0.10414	0.01619	0.01235	0.01689	0.01095	0.01489	0.00869	0.00556	0.00604	0.00176	0.03224	0.00517	0.05821	0.04600
2	0.01186	0.01017	0.01186	0.00847	0.01356	0.00762	0.00678	0.01440	0.01186	0.01864	0.01017	0.01186	0.00847	0.00424	0.00424	0.00085	0.00424	0.00339	0.00339	0.83395
3	0.01386	0.01307	0.01673	0.14086	0.03440	0.09675	0.08167	0.10599	0.01428	0.03904	0.10935	0.02031	0.06852	0.00832	0.00934	0.00197	0.20863	0.00627	0.00381	0.00682
4	0.01153	0.01028	0.01647	0.68823	0.03604	0.01262	0.01486	0.06342	0.01251	0.01644	0.01090	0.01550	0.00817	0.00585	0.00562	0.00186	0.00725	0.00510	0.05084	0.00652
5	0.02186	0.01385	0.01563	0.01205	0.01654	0.01456	0.00991	0.47781	0.06443	0.22794	0.01643	0.01559	0.01127	0.00684	0.00566	0.00170	0.00571	0.00530	0.00597	0.05093
6	0.36904	0.01000	0.01124	0.08255	0.01474	0.01085	0.04215	0.06915	0.01341	0.08754	0.18130	0.05207	0.01954	0.00757	0.00513	0.00182	0.00471	0.00603	0.00458	0.00660
7	0.63552	0.01222	0.05252	0.00867	0.01258	0.01262	0.00757	0.07199	0.01192	0.09246	0.03066	0.01162	0.00855	0.00577	0.00410	0.00177	0.00478	0.00375	0.00403	0.00688
8	0.04855	0.00724	0.00814	0.00767	0.00983	0.00676	0.00581	0.04840	0.04851	0.06374	0.11796	0.19651	0.31320	0.01266	0.00642	0.00191	0.00354	0.02658	0.00536	0.06121
9	0.05628	0.00842	0.00928	0.05351	0.01202	0.04010	0.00682	0.04994	0.08570	0.06415	0.15094	0.22324	0.17348	0.03150	0.00694	0.00205	0.00415	0.01022	0.00525	0.00603
10	0.05241	0.04693	0.15284	0.03718	0.06564	0.01131	0.01085	0.09767	0.07473	0.09181	0.05681	0.09363	0.08125	0.05431	0.00737	0.00204	0.02194	0.00699	0.00440	0.02990
11	0.07546	0.11133	0.18811	0.03399	0.12074	0.06760	0.04138	0.01919	0.01322	0.15205	0.03939	0.01457	0.01072	0.00581	0.00514	0.00162	0.00653	0.00468	0.02661	0.06186
12	0.05962	0.06011	0.05835	0.01271	0.04706	0.11924	0.05104	0.06918	0.13325	0.14136	0.06689	0.05452	0.03609	0.02003	0.00594	0.00178	0.00599	0.00608	0.00466	0.04608
13	0.11326	0.04868	0.07891	0.05734	0.01779	0.13078	0.05389	0.08138	0.10860	0.10677	0.05586	0.01568	0.01230	0.00660	0.00604	0.00174	0.04877	0.00505	0.00419	0.04636

[dist]
# distance from previous block
# <min> <max>
16	41

[block]
# block no. 1 follows, 41 sequences, length 13
# corresponding to MSA columns:
# 110-122
name=unknown_B
#
# <colnr> <probs for GDERKNQSTAVLIFYWHMCP>
#	G	D	E	R	K	N	Q	S	T	A	V	L	I	F	Y	W	H	M	C	P
0	0.01423	0.01025	0.01280	0.04873	0.06514	0.03325	0.02645	0.09649	0.02812	0.14264	0.13186	0.02631	0.14978	0.00850	0.00643	0.00169	0.04176	0.00700	0.02643	0.12214
1	0.01541	0.28089	0.11731	0.16537	0.02144	0.08940	0.01252	0.08067	0.09552	0.05299	0.01165	0.01308	0.00903	0.00581	0.00495	0.00160	0.00690	0.00435	0.00338	0.00772
2	0.01427	0.01661	0.12122	0.13997	0.26595	0.12098	0.01477	0.06728	0.04642	0.01884	0.05527	0.01614	0.01172	0.00623	0.00594	0.00174	0.02512	0.01630	0.00332	0.03192
3	0.10379	0.14100	0.05126	0.01113	0.06516	0.01135	0.02715	0.01526	0.01167	0.01832	0.01077	0.05288	0.00958	0.00532	0.00445	0.00122	0.00503	0.00422	0.00326	0.44718
4	0.00870	0.00679	0.00951	0.09516	0.06302	0.00709	0.00717	0.01055	0.01142	0.01556	0.17726	0.06726	0.09876	0.21478	0.17796	0.00437	0.00700	0.00843	0.00410	0.00512
5	0.00838	0.00571	0.00719	0.02683	0.00835	0.00592	0.00495	0.00944	0.00977	0.01379	0.06951	0.12628	0.02293	0.40132	0.17670	0.00518	0.00689	0.00863	0.07790	0.00432
6	0.00853	0.00668	0.00896	0.00997	0.09169	0.00620	0.00645	0.01094	0.01488	0.02051	0.51127	0.04160	0.17867	0.04944	0.00771	0.00199	0.00333	0.00999	0.00559	0.00560
7	0.03813	0.19973	0.41827	0.01453	0.02092	0.16130	0.03681	0.01877	0.01274	0.01652	0.00945	0.01111	0.00730	0.00538	0.00497	0.00162	0.00821	0.00390	0.00257	0.00777
8	0.00835	0.00654	0.00765	0.00725	0.00899	0.00619	0.00547	0.01215	0.09662	0.02069	0.45740	0.04425	0.27284	0.01214	0.00665	0.00186	0.00296	0.01046	0.00593	0.00562
9	0.03501	0.47582	0.09456	0.01078	0.01551	0.07192	0.01051	0.09805	0.01394	0.04751	0.02532	0.01183	0.00921	0.00557	0.00433	0.00140	0.00629	0.00383	0.05103	0.00757
10	0.14449	0.04916	0.01649	0.28053	0.07730	0.01272	0.07117	0.09540	0.01315	0.01978	0.01202	0.04538	0.01004	0.00661	0.00565	0.01921	0.00630	0.02208	0.04893	0.04357
11	0.05042	0.03887	0.01549	0.04704	0.01660	0.07355	0.01018	0.36658	0.10014	0.02663	0.01419	0.04569	0.01130	0.00749	0.00693	0.00180	0.09247	0.00547	0.06097	0.00816
12	0.16256	0.04770	0.01448	0.01164	0.01512	0.19076	0.00933	0.24079	0.10230	0.04564	0.01285	0.01353	0.00976	0.00649	0.00547	0.00168	0.03341	0.00454	0.06416	0.00778

[dist]
# distance from previous block
# <min> <max>
3	16

[block]
# block no. 2 follows, 41 sequences, length 20
# corresponding to MSA columns:
# 139-158
name=unknown_C
#
# <colnr> <probs for GDERKNQSTAVLIFYWHMCP>
#	G	D	E	R	K	N	Q	S	T	A	V	L	I	F	Y	W	H	M	C	P
0	0.01250	0.13884	0.44298	0.08184	0.03938	0.01471	0.10424	0.04136	0.01254	0.01759	0.01036	0.01276	0.00782	0.00659	0.03106	0.00199	0.00830	0.00454	0.00263	0.00796
1	0.11059	0.06054	0.01776	0.06933	0.01693	0.03920	0.04014	0.01483	0.00964	0.01540	0.00798	0.01218	0.00739	0.00852	0.01425	0.00224	0.53933	0.00470	0.00265	0.00639
2	0.01023	0.00699	0.00969	0.13268	0.01389	0.00756	0.00746	0.01174	0.01055	0.07779	0.01986	0.17719	0.02082	0.26455	0.09438	0.00395	0.04334	0.05932	0.02284	0.00516
3	0.01474	0.68977	0.13775	0.01074	0.01615	0.02127	0.01144	0.01727	0.01169	0.01414	0.00829	0.00960	0.00733	0.00497	0.00393	0.00131	0.00646	0.00323	0.00244	0.00750
4	0.00731	0.00568	0.00652	0.00675	0.00808	0.00506	0.00491	0.00885	0.01285	0.01642	0.17961	0.18673	0.39432	0.08152	0.00882	0.00232	0.00329	0.05082	0.00534	0.00481
5	0.02432	0.01189	0.01461	0.01120	0.01567	0.01160	0.00925	0.27294	0.01997	0.51711	0.01954	0.01751	0.01264	0.00701	0.00574	0.00175	0.00536	0.00555	0.00662	0.00973
6	0.01147	0.02959	0.76934	0.01630	0.02476	0.01328	0.02113	0.01811	0.01208	0.01811	0.01026	0.01208	0.00725	0.00543	0.00543	0.00181	0.00845	0.00423	0.00242	0.00845
7	0.00809	0.00585	0.00708	0.00691	0.00844	0.00521	0.00513	0.01014	0.01449	0.04420	0.40943	0.13709	0.29045	0.01324	0.00678	0.00191	0.00291	0.01149	0.00587	0.00526
8	0.00927	0.00697	0.00837	0.00780	0.00941	0.00691	0.00582	0.05620	0.07797	0.02102	0.43488	0.06043	0.12914	0.08773	0.05045	0.00259	0.00407	0.00966	0.00563	0.00568
9	0.00708	0.00506	0.00676	0.00809	0.00847	0.00474	0.00550	0.00815	0.01106	0.01472	0.03147	0.75973	0.03759	0.01782	0.00733	0.00234	0.00341	0.05070	0.00531	0.00468
10	0.04539	0.05993	0.01421	0.16357	0.04499	0.08702	0.01006	0.08380	0.20131	0.01968	0.04417	0.10831	0.07697	0.00857	0.00578	0.00185	0.00570	0.00712	0.00440	0.00717
11	0.06187	0.51611	0.02448	0.01122	0.01543	0.25868	0.00999	0.01890	0.01296	0.01429	0.00823	0.00954	0.00729	0.00523	0.00413	0.00133	0.00734	0.00326	0.00266	0.00706
12	0.02995	0.00598	0.00749	0.00762	0.00886	0.00548	0.00545	0.00986	0.01284	0.01808	0.28505	0.36118	0.06728	0.05240	0.00781	0.00215	0.00335	0.02825	0.00535	0.07559
13	0.01519	0.03999	0.03343	0.18879	0.13248	0.17669	0.01236	0.11510	0.09101	0.01996	0.10467	0.01759	0.01479	0.00673	0.00566	0.00172	0.00695	0.00550	0.00389	0.00750
14	0.00755	0.00540	0.00662	0.00706	0.00772	0.00505	0.00471	0.00860	0.01147	0.01527	0.16658	0.34101	0.13815	0.21653	0.01302	0.01977	0.00375	0.01231	0.00496	0.00447
15	0.09106	0.03866	0.03920	0.17550	0.01992	0.01374	0.01058	0.32499	0.01814	0.02543	0.07713	0.03351	0.02784	0.05504	0.00697	0.00199	0.00595	0.00580	0.00448	0.02407
16	0.14776	0.20357	0.29574	0.01291	0.04104	0.06931	0.01340	0.05179	0.01297	0.01924	0.07335	0.01358	0.01126	0.00591	0.00483	0.00163	0.00674	0.00432	0.00314	0.00752
17	0.28898	0.07226	0.27544	0.04967	0.01823	0.07805	0.01261	0.01786	0.01184	0.04948	0.02716	0.01195	0.00836	0.00555	0.00465	0.00168	0.00656	0.00392	0.00317	0.05255
18	0.16023	0.00693	0.00795	0.00820	0.02861	0.00736	0.00567	0.01103	0.01028	0.01648	0.10318	0.07204	0.02206	0.30253	0.14941	0.00452	0.00656	0.05087	0.02124	0.00484
19	0.13979	0.09440	0.08163	0.05883	0.07196	0.01281	0.01012	0.10816	0.03666	0.04137	0.04082	0.01936	0.08642	0.02406	0.04442	0.00219	0.05453	0.00556	0.05984	0.00706

[dist]
# distance from previous block
# <min> <max>
0	17

[block]
# block no. 3 follows, 41 sequences, length 16
# corresponding to MSA columns:
# 176-191
name=unknown_D
#
# <colnr> <probs for GDERKNQSTAVLIFYWHMCP>
#	G	D	E	R	K	N	Q	S	T	A	V	L	I	F	Y	W	H	M	C	P
0	0.07951	0.19651	0.13085	0.11638	0.08865	0.06208	0.05858	0.03060	0.01278	0.06787	0.03983	0.06828	0.01189	0.00654	0.00521	0.00169	0.00667	0.00538	0.00335	0.00737
1	0.08283	0.08834	0.10438	0.01249	0.03034	0.01475	0.03231	0.34952	0.03344	0.02637	0.03647	0.09460	0.02885	0.00781	0.00557	0.00176	0.00593	0.01671	0.00464	0.02288
2	0.01437	0.15019	0.08970	0.19692	0.16126	0.10301	0.04832	0.05827	0.02848	0.01731	0.01029	0.01293	0.00821	0.00540	0.00520	0.00160	0.00729	0.00448	0.00294	0.07383
3	0.00874	0.00597	0.00792	0.03008	0.00939	0.00650	0.00592	0.01034	0.00969	0.01413	0.01756	0.02967	0.01748	0.26920	0.35111	0.00620	0.00944	0.05686	0.12912	0.00468
4	0.01704	0.01404	0.01627	0.04855	0.01753	0.06551	0.06862	0.38700	0.04707	0.02631	0.01557	0.08585	0.02349	0.02370	0.02271	0.00205	0.06115	0.00640	0.04313	0.00799
5	0.00759	0.00545	0.00698	0.00784	0.00843	0.00516	0.00532	0.02918	0.01185	0.01588	0.10689	0.61811	0.06403	0.06800	0.00861	0.00245	0.00347	0.01466	0.00530	0.00480
6	0.01101	0.01061	0.01868	0.59432	0.03485	0.01252	0.11431	0.01479	0.01201	0.01576	0.07034	0.01739	0.01148	0.00621	0.00636	0.00192	0.03236	0.00573	0.00289	0.00646
7	0.00784	0.00540	0.00648	0.00696	0.00720	0.00525	0.00433	0.00836	0.00968	0.01286	0.04139	0.29463	0.04993	0.47003	0.01992	0.00417	0.00464	0.03266	0.00426	0.00400
8	0.01204	0.01073	0.01681	0.55803	0.09182	0.01286	0.01453	0.08850	0.01302	0.01725	0.01180	0.05567	0.00970	0.00660	0.00624	0.00190	0.03610	0.00568	0.02392	0.00679
9	0.00756	0.00540	0.00706	0.00751	0.00827	0.00504	0.00523	0.00925	0.01311	0.01807	0.35470	0.40989	0.04387	0.06741	0.00851	0.00231	0.00319	0.01310	0.00563	0.00490
10	0.01306	0.00967	0.01117	0.12266	0.01519	0.04560	0.02409	0.13262	0.01430	0.02129	0.01524	0.01934	0.01238	0.04307	0.00645	0.00173	0.03352	0.02242	0.37206	0.06414
11	0.09506	0.16943	0.01780	0.01360	0.06757	0.35314	0.01023	0.02016	0.01424	0.08917	0.06029	0.01341	0.01116	0.00625	0.00543	0.00156	0.03660	0.00430	0.00351	0.00710
12	0.06706	0.00744	0.00987	0.01010	0.07025	0.00705	0.00705	0.01443	0.01518	0.14363	0.46918	0.06980	0.03916	0.01042	0.00635	0.00184	0.00362	0.03527	0.00588	0.00641
13	0.01549	0.07250	0.08568	0.01288	0.04054	0.23961	0.01063	0.07589	0.07760	0.01850	0.06340	0.01653	0.04736	0.00684	0.00618	0.00158	0.06144	0.00500	0.01377	0.12859
14	0.06691	0.13262	0.34830	0.01533	0.05522	0.08653	0.04920	0.03353	0.01270	0.06994	0.01045	0.01216	0.00791	0.00586	0.00621	0.00174	0.07020	0.00429	0.00298	0.00792
15	0.11112	0.08741	0.10260	0.01200	0.07263	0.01184	0.00956	0.02535	0.01058	0.01635	0.04728	0.02056	0.01365	0.22387	0.05075	0.00317	0.12739	0.00564	0.00320	0.04505

[dist]
# distance from previous block
# <min> <max>
0	7

[block]
# block no. 4 follows, 41 sequences, length 8
# corresponding to MSA columns:
# 200-207
name=unknown_E
#
# <colnr> <probs for GDERKNQSTAVLIFYWHMCP>
#	G	D	E	R	K	N	Q	S	T	A	V	L	I	F	Y	W	H	M	C	P
0	0.60806	0.00947	0.00784	0.00733	0.00991	0.01072	0.00561	0.01442	0.00959	0.02194	0.01203	0.08813	0.01185	0.15291	0.00861	0.00252	0.00453	0.00529	0.00369	0.00555
1	0.16571	0.01355	0.01722	0.05465	0.01735	0.08743	0.09840	0.01560	0.01037	0.01655	0.00873	0.01270	0.00774	0.00955	0.05038	0.00250	0.39755	0.00480	0.00281	0.00640
2	0.00919	0.00530	0.00752	0.00752	0.00789	0.00540	0.00519	0.00810	0.00836	0.01116	0.01606	0.02342	0.08197	0.08467	0.16052	0.53868	0.00673	0.00611	0.00293	0.00326
3	0.01216	0.01114	0.01590	0.01136	0.01657	0.00889	0.14251	0.01513	0.01216	0.01858	0.01043	0.01252	0.00851	0.00434	0.00470	0.00105	0.00523	0.00401	0.00330	0.68152
4	0.00951	0.15299	0.01180	0.00788	0.00989	0.00886	0.00630	0.01240	0.04724	0.01996	0.47537	0.11554	0.07899	0.01107	0.00620	0.00176	0.00349	0.00954	0.00541	0.00581
5	0.00717	0.00519	0.00668	0.00760	0.00818	0.00481	0.00515	0.00838	0.01168	0.01559	0.12997	0.59616	0.09649	0.05814	0.00834	0.00239	0.00332	0.01472	0.00534	0.00470
6	0.01993	0.01441	0.01569	0.01199	0.01649	0.01528	0.00985	0.57236	0.02354	0.06333	0.01378	0.01402	0.00994	0.00647	0.00542	0.00157	0.00577	0.00492	0.04138	0.13386
7	0.06410	0.01219	0.03092	0.01104	0.01519	0.01207	0.00919	0.25452	0.08785	0.31830	0.05027	0.01800	0.01403	0.00859	0.03874	0.00206	0.00568	0.00559	0.00591	0.03574

[dist]
# distance from previous block
# <min> <max>
0	1

[block]
# block no. 5 follows, 41 sequences, length 9
# corresponding to MSA columns:
# 209-217
name=unknown_F
#
# <colnr> <probs for GDERKNQSTAVLIFYWHMCP>
#	G	D	E	R	K	N	Q	S	T	A	V	L	I	F	Y	W	H	M	C	P
0	0.10888	0.24949	0.11181	0.01214	0.03464	0.04384	0.01110	0.19021	0.09354	0.07472	0.01233	0.01278	0.00935	0.00596	0.00483	0.00161	0.00617	0.00432	0.00404	0.00827
1	0.04385	0.32346	0.08240	0.01110	0.01532	0.18039	0.01018	0.08739	0.01436	0.06266	0.01110	0.01224	0.00885	0.00571	0.00449	0.00144	0.00667	0.00394	0.10709	0.00736
2	0.00799	0.00637	0.00713	0.00697	0.00869	0.00591	0.00525	0.01100	0.07468	0.01817	0.25634	0.04812	0.40960	0.06021	0.00808	0.00215	0.00326	0.04928	0.00553	0.00528
3	0.01226	0.00908	0.01036	0.00928	0.01120	0.01000	0.00716	0.17811	0.07517	0.02108	0.02348	0.12659	0.11539	0.07803	0.06273	0.00269	0.07890	0.00799	0.15411	0.00639
4	0.00701	0.00512	0.00650	0.00758	0.00811	0.00472	0.00508	0.00802	0.01110	0.01453	0.03444	0.65422	0.13595	0.05835	0.00837	0.00244	0.00338	0.01527	0.00521	0.00461
5	0.01173	0.02776	0.67456	0.01731	0.02542	0.01344	0.11409	0.01814	0.01226	0.01814	0.01043	0.01251	0.00743	0.00536	0.00560	0.00183	0.00861	0.00455	0.00248	0.00836
6	0.00785	0.00557	0.00698	0.00727	0.00789	0.00556	0.00492	0.00895	0.01036	0.01409	0.08637	0.22205	0.09906	0.29088	0.16926	0.00471	0.00639	0.01028	0.02714	0.00443
7	0.00980	0.00704	0.00967	0.01035	0.07216	0.00689	0.00721	0.01214	0.01416	0.06849	0.37313	0.09968	0.12087	0.01379	0.05339	0.00239	0.03885	0.06868	0.00542	0.00587
8	0.02762	0.05170	0.18433	0.04381	0.09162	0.01110	0.01200	0.09297	0.03595	0.07569	0.12194	0.06119	0.03969	0.02738	0.00651	0.00195	0.00575	0.08018	0.02125	0.00737

[dist]
# distance from previous block
# <min> <max>
1	16

[block]
# block no. 6 follows, 41 sequences, length 33
# corresponding to MSA columns:
# 248-280
name=unknown_G
#
# <colnr> <probs for GDERKNQSTAVLIFYWHMCP>
#	G	D	E	R	K	N	Q	S	T	A	V	L	I	F	Y	W	H	M	C	P
0	0.06534	0.03443	0.04466	0.09032	0.06976	0.06397	0.02342	0.24739	0.07729	0.02454	0.12929	0.02029	0.05271	0.00758	0.00600	0.00177	0.02278	0.00609	0.00463	0.00775
1	0.00790	0.00575	0.00745	0.00736	0.00858	0.00534	0.00546	0.01022	0.01486	0.02066	0.55674	0.14624	0.09613	0.02887	0.02234	0.00213	0.00320	0.03961	0.00594	0.00521
2	0.00794	0.00588	0.00719	0.00755	0.00875	0.00552	0.00561	0.01019	0.03657	0.01765	0.22643	0.24302	0.20333	0.05504	0.00809	0.00226	0.00345	0.10704	0.03343	0.00507
3	0.00770	0.00529	0.00692	0.00747	0.00804	0.00499	0.00507	0.00873	0.01179	0.01604	0.22636	0.41690	0.05168	0.10756	0.01106	0.07862	0.00355	0.01261	0.00510	0.00452
4	0.02013	0.01536	0.05396	0.01265	0.01705	0.01588	0.01074	0.56756	0.07311	0.07727	0.03234	0.01535	0.01145	0.00753	0.00645	0.03704	0.00606	0.00534	0.00552	0.00921
5	0.78407	0.01097	0.00874	0.00770	0.01130	0.01253	0.00634	0.01757	0.01019	0.07607	0.00896	0.00998	0.00674	0.00543	0.00369	0.00177	0.00445	0.00328	0.00378	0.00644
6	0.03603	0.01494	0.01537	0.07160	0.09172	0.14783	0.02970	0.23283	0.12219	0.02384	0.03967	0.01743	0.03842	0.00687	0.00551	0.00170	0.00636	0.00549	0.08459	0.00789
7	0.00815	0.00558	0.00625	0.00623	0.00647	0.00547	0.00362	0.00840	0.00908	0.01196	0.04915	0.03938	0.09582	0.69196	0.02607	0.00505	0.00518	0.00877	0.00375	0.00367
8	0.01529	0.80242	0.02997	0.00979	0.01468	0.02263	0.00979	0.01713	0.01162	0.01346	0.00795	0.00918	0.00734	0.00489	0.00367	0.00122	0.00612	0.00306	0.00245	0.00734
9	0.81159	0.01102	0.00857	0.00761	0.01118	0.01268	0.00627	0.01719	0.00996	0.05099	0.00846	0.00964	0.00647	0.00537	0.00362	0.00177	0.00444	0.00319	0.00366	0.00632
10	0.01270	0.01064	0.01225	0.00898	0.01385	0.00868	0.00718	0.07827	0.04025	0.02026	0.01143	0.02964	0.00956	0.00490	0.00449	0.00100	0.00441	0.00394	0.00372	0.71387
11	0.09114	0.56542	0.04162	0.01009	0.01456	0.06672	0.00960	0.03320	0.01213	0.04717	0.00925	0.01066	0.00800	0.00745	0.05079	0.00182	0.00679	0.00347	0.00288	0.00723
12	0.01273	0.07468	0.64990	0.01560	0.02345	0.01429	0.01943	0.09047	0.01353	0.01962	0.01047	0.01207	0.00750	0.00554	0.00536	0.00177	0.00810	0.00425	0.00275	0.00851
13	0.59962	0.01211	0.01008	0.00867	0.01229	0.05875	0.00707	0.07722	0.01239	0.11502	0.01058	0.01132	0.00778	0.00573	0.00410	0.00173	0.00493	0.00369	0.03005	0.00691
14	0.00767	0.00580	0.00708	0.00683	0.00830	0.00521	0.00510	0.00995	0.01509	0.02048	0.53221	0.07625	0.25364	0.01273	0.00677	0.00186	0.00278	0.01107	0.00598	0.00521
15	0.01954	0.01457	0.01559	0.01233	0.01635	0.01618	0.00999	0.57536	0.13427	0.03237	0.01554	0.01649	0.01167	0.05505	0.00712	0.00197	0.00590	0.00554	0.02502	0.00914
16	0.68580	0.01151	0.00957	0.00826	0.01188	0.01316	0.00679	0.11494	0.01225	0.04088	0.00938	0.01049	0.00711	0.00560	0.00389	0.00175	0.00463	0.00350	0.03191	0.00671
17	0.00697	0.00498	0.00664	0.00796	0.00830	0.00465	0.00531	0.00796	0.01095	0.01460	0.03153	0.79525	0.03783	0.01792	0.00730	0.00232	0.00332	0.01626	0.00531	0.00465
18	0.01237	0.00679	0.00891	0.00788	0.01000	0.00609	0.00608	0.01482	0.01588	0.20837	0.50958	0.06202	0.08638	0.01091	0.00652	0.00182	0.00327	0.00949	0.00640	0.00642
19	0.01208	0.01188	0.01669	0.01444	0.01454	0.01649	0.01198	0.01341	0.00880	0.01372	0.00829	0.01351	0.00819	0.01329	0.09432	0.00317	0.71141	0.00512	0.00256	0.00614
20	0.00697	0.00498	0.00664	0.00796	0.00830	0.00465	0.00531	0.00796	0.01095	0.01460	0.03153	0.79525	0.03783	0.01792	0.00730	0.00232	0.00332	0.01626	0.00531	0.00465
21	0.01593	0.00789	0.01018	0.00855	0.01141	0.00711	0.00677	0.03357	0.03566	0.34210	0.32402	0.03304	0.11983	0.00984	0.00628	0.00180	0.00378	0.00837	0.00649	0.00738
22	0.01995	0.01558	0.01658	0.12356	0.02040	0.08972	0.01134	0.50296	0.02244	0.07447	0.01333	0.01424	0.00961	0.00777	0.03015	0.00196	0.00708	0.00507	0.00500	0.00880
23	0.00857	0.00818	0.04416	0.01134	0.01326	0.00703	0.14138	0.01071	0.01188	0.01577	0.02926	0.47645	0.09686	0.01446	0.00713	0.00223	0.00486	0.08629	0.00474	0.00545
24	0.06459	0.01345	0.06131	0.14440	0.47268	0.01290	0.03513	0.01814	0.01288	0.09310	0.01167	0.01448	0.00907	0.00541	0.00557	0.00175	0.00675	0.00504	0.00323	0.00847
25	0.00885	0.00610	0.00710	0.00712	0.00758	0.00615	0.00460	0.03995	0.00995	0.01317	0.02134	0.07085	0.05566	0.59152	0.05141	0.00493	0.00569	0.08006	0.00389	0.00408
26	0.00743	0.00538	0.00687	0.00761	0.00833	0.00502	0.00532	0.00881	0.01205	0.01609	0.16847	0.46078	0.11349	0.08787	0.00918	0.00250	0.00349	0.06125	0.00532	0.00474
27	0.04053	0.01181	0.01278	0.01135	0.01451	0.01348	0.00895	0.10169	0.53967	0.04764	0.02115	0.02121	0.01624	0.01126	0.08262	0.00265	0.00581	0.02258	0.00549	0.00858
28	0.00735	0.00526	0.00704	0.00811	0.00869	0.00495	0.00571	0.00876	0.01192	0.01605	0.13583	0.61455	0.03965	0.01682	0.00728	0.00228	0.00342	0.08607	0.00545	0.00482
29	0.01112	0.01236	0.09261	0.65320	0.09135	0.01283	0.01653	0.01518	0.01162	0.01526	0.01022	0.01485	0.00769	0.00564	0.00569	0.00188	0.00765	0.00500	0.00255	0.00676
30	0.01188	0.00847	0.01032	0.00832	0.01188	0.00679	0.00644	0.01408	0.01277	0.10375	0.10767	0.16511	0.04675	0.00839	0.00538	0.00138	0.00390	0.00722	0.00459	0.45492
31	0.02644	0.03449	0.01125	0.08626	0.01371	0.00815	0.04865	0.01307	0.05533	0.03930	0.36267	0.05107	0.14803	0.01082	0.00700	0.01665	0.02191	0.03415	0.00518	0.00588
32	0.01055	0.02591	0.05347	0.02041	0.01214	0.02540	0.00745	0.05413	0.06229	0.03470	0.04195	0.31223	0.09931	0.03227	0.00675	0.00193	0.00440	0.02571	0.00469	0.16430

[dist]
# distance from previous block
# <min> <max>
1	11

[block]
# block no. 7 follows, 41 sequences, length 25
# corresponding to MSA columns:
# 292-316
name=unknown_H
#
# <colnr> <probs for GDERKNQSTAVLIFYWHMCP>
#	G	D	E	R	K	N	Q	S	T	A	V	L	I	F	Y	W	H	M	C	P
0	0.13469	0.04579	0.32904	0.01387	0.03243	0.04017	0.05480	0.06302	0.04298	0.07086	0.07864	0.01547	0.01244	0.00639	0.00583	0.00180	0.03535	0.00499	0.00364	0.00782
1	0.18658	0.12450	0.10521	0.05121	0.01661	0.13526	0.01042	0.10745	0.05762	0.02065	0.01238	0.01372	0.03266	0.00719	0.02903	0.00184	0.00670	0.00434	0.02965	0.04701
2	0.02825	0.01047	0.05394	0.00938	0.01145	0.10518	0.00752	0.01397	0.04892	0.06879	0.18632	0.24385	0.10622	0.02639	0.00692	0.00204	0.00469	0.05466	0.00512	0.00591
3	0.03799	0.01206	0.05204	0.01087	0.01447	0.01144	0.02298	0.28933	0.03238	0.11327	0.03407	0.13749	0.05246	0.05559	0.00728	0.00201	0.00529	0.02347	0.00518	0.08034
4	0.01936	0.01452	0.01648	0.01445	0.08493	0.01580	0.01077	0.53572	0.08629	0.04830	0.05040	0.01641	0.01277	0.02374	0.00624	0.00180	0.00593	0.00555	0.00543	0.02510
5	0.00824	0.00601	0.00712	0.00710	0.00848	0.00535	0.00496	0.00969	0.01163	0.01618	0.09879	0.31067	0.15282	0.12917	0.00966	0.00239	0.00358	0.01108	0.08045	0.11662
6	0.03954	0.01095	0.01742	0.61716	0.11407	0.01314	0.01530	0.05836	0.02813	0.01688	0.01064	0.01497	0.00806	0.00575	0.00564	0.00187	0.00729	0.00505	0.00286	0.00689
7	0.00799	0.00573	0.00721	0.00722	0.00821	0.00538	0.00518	0.00983	0.01351	0.01856	0.41889	0.13368	0.09572	0.17433	0.01148	0.00270	0.00355	0.06052	0.00545	0.00486
8	0.08678	0.01036	0.01655	0.69041	0.05958	0.01275	0.01505	0.01491	0.01133	0.01575	0.00998	0.01467	0.00754	0.00566	0.00552	0.00189	0.00731	0.00490	0.00264	0.00642
9	0.00789	0.00581	0.00738	0.00705	0.00843	0.00530	0.00526	0.01036	0.01559	0.02168	0.64442	0.07424	0.14072	0.01229	0.00677	0.00184	0.00275	0.01079	0.00614	0.00530
10	0.06234	0.02537	0.58594	0.01520	0.02249	0.01324	0.04148	0.08410	0.01358	0.02050	0.05474	0.01398	0.01021	0.00591	0.00547	0.00180	0.00771	0.00468	0.00303	0.00823
11	0.00717	0.00579	0.00641	0.00651	0.00818	0.00503	0.00492	0.00889	0.01345	0.01683	0.17907	0.10810	0.53457	0.01433	0.00687	0.00198	0.00305	0.05841	0.00548	0.00494
12	0.00905	0.00681	0.00944	0.00962	0.01077	0.00669	0.04704	0.07651	0.01276	0.01698	0.02808	0.54805	0.03228	0.04724	0.00809	0.00242	0.00430	0.11340	0.00513	0.00532
13	0.01455	0.05385	0.09378	0.06854	0.45795	0.05840	0.09947	0.03738	0.01346	0.03276	0.01083	0.01379	0.00870	0.00525	0.00565	0.00171	0.00744	0.00504	0.00293	0.00851
14	0.03326	0.01488	0.03199	0.11076	0.16455	0.06364	0.11213	0.27687	0.04691	0.02452	0.01260	0.01461	0.00952	0.00602	0.00567	0.00174	0.00699	0.00526	0.04973	0.00836
15	0.04324	0.00968	0.01274	0.01001	0.01412	0.00873	0.00819	0.02661	0.07018	0.64316	0.07354	0.02098	0.01698	0.00741	0.00577	0.00178	0.00468	0.00606	0.00685	0.00930
16	0.00832	0.00555	0.00624	0.00624	0.00624	0.00555	0.00347	0.00832	0.00832	0.01109	0.01802	0.03743	0.02080	0.79898	0.02911	0.00555	0.00555	0.00832	0.00347	0.00347
17	0.03815	0.51375	0.14096	0.01107	0.01622	0.04759	0.01134	0.06808	0.01324	0.04652	0.03953	0.01174	0.00960	0.00552	0.00434	0.00142	0.00642	0.00381	0.00306	0.00764
18	0.09392	0.02864	0.02799	0.01071	0.01500	0.03042	0.00894	0.11942	0.09614	0.47914	0.01934	0.01745	0.01280	0.00686	0.00550	0.00176	0.00521	0.00538	0.00617	0.00920
19	0.01193	0.00655	0.00668	0.00623	0.00793	0.00675	0.00478	0.09686	0.01370	0.02301	0.01810	0.02046	0.01410	0.00669	0.00420	0.00138	0.00308	0.00531	0.73645	0.00583
20	0.09247	0.13259	0.50834	0.01442	0.03770	0.01409	0.01689	0.01873	0.01220	0.08680	0.01086	0.01213	0.00783	0.00549	0.00504	0.00172	0.00738	0.00412	0.00296	0.00821
21	0.01948	0.01482	0.01567	0.01256	0.01654	0.04356	0.01033	0.57887	0.05376	0.03225	0.05950	0.02027	0.01469	0.00797	0.00597	0.00181	0.00606	0.07135	0.00562	0.00892
22	0.00732	0.00534	0.00700	0.00789	0.00852	0.00504	0.00538	0.00844	0.01078	0.01448	0.02981	0.61767	0.06911	0.06272	0.07878	0.00306	0.00455	0.01422	0.00493	0.03494
23	0.00816	0.00595	0.00779	0.00843	0.00914	0.00576	0.01997	0.05175	0.01178	0.01566	0.02927	0.62073	0.05031	0.09696	0.00944	0.00261	0.00389	0.03241	0.00510	0.00490
24	0.15205	0.30204	0.37775	0.01250	0.01886	0.01654	0.01458	0.01754	0.01152	0.01772	0.00905	0.01057	0.00710	0.00522	0.00449	0.00159	0.00694	0.00362	0.00262	0.00768

[dist]
# distance from previous block
# <min> <max>
0	1

[block]
# block no. 8 follows, 41 sequences, length 23
# corresponding to MSA columns:
# 318-340
name=unknown_I
#
# <colnr> <probs for GDERKNQSTAVLIFYWHMCP>
#	G	D	E	R	K	N	Q	S	T	A	V	L	I	F	Y	W	H	M	C	P
0	0.03872	0.01728	0.01391	0.01252	0.02943	0.29612	0.00948	0.14457	0.18586	0.02183	0.13057	0.01983	0.04016	0.00761	0.00567	0.00170	0.00669	0.00586	0.00468	0.00750
1	0.05167	0.12079	0.01584	0.01126	0.01495	0.01445	0.02543	0.15760	0.31120	0.09833	0.07120	0.02075	0.01687	0.00758	0.00558	0.00179	0.00512	0.03586	0.00531	0.00844
2	0.01096	0.01033	0.01745	0.74924	0.07413	0.01275	0.01597	0.01476	0.01151	0.01481	0.01019	0.01520	0.00769	0.00569	0.00572	0.00190	0.00759	0.00508	0.00256	0.00648
3	0.04481	0.01433	0.02781	0.02363	0.15931	0.01443	0.45422	0.01734	0.01255	0.01804	0.01067	0.01443	0.00848	0.00560	0.00803	0.00192	0.11811	0.00595	0.00287	0.03748
4	0.00950	0.00773	0.00947	0.03492	0.01183	0.00654	0.00636	0.01180	0.03075	0.01723	0.07265	0.31043	0.06643	0.01061	0.00579	0.00159	0.00383	0.00933	0.00445	0.36875
5	0.00953	0.00497	0.00734	0.00752	0.00757	0.00492	0.00501	0.00752	0.00793	0.01058	0.01291	0.12444	0.01377	0.01960	0.02028	0.71917	0.00474	0.00652	0.00287	0.00278
6	0.14317	0.01209	0.01894	0.27167	0.41223	0.01319	0.01523	0.01649	0.01200	0.01848	0.01013	0.01374	0.00815	0.00533	0.00535	0.00178	0.00669	0.00478	0.00285	0.00774
7	0.01396	0.01361	0.02217	0.13408	0.64138	0.03978	0.01711	0.01735	0.01292	0.01798	0.01061	0.01417	0.00881	0.00521	0.00565	0.00172	0.00703	0.00505	0.00280	0.00862
8	0.02228	0.01516	0.01663	0.01275	0.01731	0.01645	0.01053	0.64564	0.02545	0.13669	0.01495	0.01452	0.01034	0.00690	0.00573	0.00172	0.00610	0.00523	0.00591	0.00973
9	0.00863	0.00628	0.00839	0.00949	0.01075	0.00612	0.00797	0.01085	0.01277	0.01644	0.03382	0.13508	0.13322	0.04138	0.00838	0.00260	0.00476	0.53280	0.00522	0.00509
10	0.00932	0.00759	0.01193	0.01141	0.01340	0.00728	0.10906	0.01206	0.01339	0.01748	0.09329	0.07397	0.12998	0.01382	0.00747	0.00236	0.00528	0.45032	0.00503	0.00554
11	0.01965	0.02106	0.01700	0.04459	0.05398	0.40914	0.01168	0.22004	0.01791	0.02030	0.01017	0.01190	0.00813	0.00662	0.00701	0.00169	0.10357	0.00437	0.00364	0.00755
12	0.00834	0.00615	0.00787	0.00769	0.00910	0.00583	0.00589	0.01144	0.04704	0.02147	0.57089	0.08501	0.09199	0.01246	0.00686	0.00193	0.00309	0.08544	0.00606	0.00547
13	0.00889	0.00643	0.00876	0.00974	0.01111	0.00630	0.00835	0.01145	0.01357	0.01780	0.13269	0.06086	0.08676	0.01514	0.00766	0.00247	0.00475	0.57659	0.00541	0.00525
14	0.02181	0.04015	0.11922	0.01208	0.01702	0.01276	0.01109	0.25663	0.01884	0.38675	0.01721	0.01611	0.01141	0.00678	0.00593	0.00176	0.02408	0.00524	0.00574	0.00940
15	0.00994	0.00497	0.00745	0.00745	0.00745	0.00497	0.00497	0.00745	0.00745	0.00994	0.00994	0.01739	0.00994	0.01987	0.02235	0.83358	0.00497	0.00497	0.00248	0.00248
16	0.00706	0.00505	0.00672	0.00790	0.00832	0.00470	0.00532	0.00819	0.01136	0.01525	0.08838	0.73654	0.03909	0.01743	0.00726	0.00228	0.00327	0.01580	0.00539	0.00470
17	0.01093	0.01035	0.01718	0.72557	0.03751	0.01308	0.01562	0.01455	0.01123	0.01455	0.00996	0.01504	0.00762	0.00605	0.00673	0.00195	0.06811	0.00508	0.00254	0.00635
18	0.01186	0.01017	0.01186	0.00847	0.01356	0.00762	0.00678	0.01440	0.01186	0.01864	0.01017	0.01186	0.00847	0.00424	0.00424	0.00085	0.00424	0.00339	0.00339	0.83395
19	0.01147	0.02959	0.76934	0.01630	0.02476	0.01328	0.02113	0.01811	0.01208	0.01811	0.01026	0.01208	0.00725	0.00543	0.00543	0.00181	0.00845	0.00423	0.00242	0.00845
20	0.00781	0.00570	0.00734	0.00722	0.00844	0.00523	0.00530	0.01012	0.01507	0.02097	0.58455	0.17150	0.10348	0.01296	0.00684	0.00190	0.00282	0.01148	0.00606	0.00523
21	0.01217	0.00954	0.01097	0.01037	0.01277	0.01028	0.00837	0.11820	0.25979	0.02247	0.12041	0.07262	0.08177	0.01139	0.00665	0.00211	0.00457	0.21280	0.00565	0.00709
22	0.01552	0.03460	0.01321	0.01123	0.01455	0.01326	0.00883	0.02870	0.59818	0.12553	0.02309	0.05395	0.01759	0.00802	0.00581	0.00191	0.00457	0.00669	0.00587	0.00891

[dist]
# distance from previous block
# <min> <max>
0	6

[block]
# block no. 9 follows, 41 sequences, length 13
# corresponding to MSA columns:
# 347-359
name=unknown_J
#
# <colnr> <probs for GDERKNQSTAVLIFYWHMCP>
#	G	D	E	R	K	N	Q	S	T	A	V	L	I	F	Y	W	H	M	C	P
0	0.02045	0.04992	0.01686	0.01246	0.01688	0.01658	0.01030	0.60455	0.04598	0.06246	0.01457	0.04092	0.01094	0.00708	0.00562	0.00169	0.00598	0.00543	0.00552	0.04583
1	0.01322	0.02370	0.56139	0.01413	0.02120	0.01154	0.01719	0.01857	0.01288	0.13841	0.01763	0.01812	0.09349	0.00672	0.00564	0.00182	0.00725	0.00536	0.00349	0.00825
2	0.04829	0.00982	0.01239	0.00985	0.01355	0.00926	0.00801	0.13083	0.01768	0.46093	0.19121	0.02364	0.02243	0.00805	0.00590	0.00177	0.00456	0.00663	0.00658	0.00861
3	0.00990	0.00894	0.01379	0.36444	0.13148	0.00979	0.01177	0.01288	0.01267	0.01644	0.10785	0.02998	0.20672	0.00887	0.00616	0.00189	0.00566	0.03074	0.00380	0.00621
4	0.00819	0.00606	0.00886	0.00886	0.00976	0.00697	0.00673	0.01000	0.00909	0.01303	0.01563	0.02416	0.01503	0.12829	0.69192	0.00878	0.01422	0.00638	0.00311	0.00492
5	0.77277	0.01099	0.00911	0.07004	0.01334	0.01282	0.00697	0.01664	0.00987	0.02477	0.00814	0.00977	0.00631	0.00534	0.00371	0.00178	0.00468	0.00326	0.00346	0.00621
6	0.00913	0.00678	0.00830	0.00832	0.00973	0.00686	0.00632	0.04399	0.07381	0.01833	0.18269	0.15624	0.12831	0.08117	0.10027	0.00319	0.00522	0.11034	0.03553	0.00548
7	0.04330	0.24574	0.09766	0.03771	0.03203	0.06179	0.07276	0.16798	0.03309	0.03420	0.02575	0.01431	0.01018	0.03407	0.02286	0.00188	0.00683	0.00470	0.04550	0.00766
8	0.23022	0.04490	0.03976	0.01571	0.17910	0.01241	0.04875	0.10259	0.02949	0.07045	0.08123	0.05402	0.01479	0.04532	0.00641	0.00195	0.00552	0.00579	0.00413	0.00745
9	0.03857	0.03275	0.01313	0.01157	0.04118	0.07401	0.00881	0.26175	0.01745	0.07728	0.01891	0.18966	0.01796	0.01055	0.02544	0.00203	0.00570	0.06250	0.05182	0.03893
10	0.08461	0.03841	0.11463	0.02662	0.02845	0.04387	0.00975	0.04148	0.07738	0.10599	0.14293	0.03911	0.03895	0.00885	0.02097	0.00189	0.00543	0.06548	0.00463	0.10058
11	0.01366	0.10387	0.08885	0.03084	0.11875	0.05129	0.01094	0.01793	0.09672	0.08643	0.12207	0.05412	0.04190	0.00778	0.00661	0.00173	0.06775	0.00626	0.00417	0.06833
12	0.01290	0.06137	0.05152	0.02567	0.03511	0.01015	0.03796	0.02881	0.01328	0.11558	0.10351	0.05125	0.03689	0.00979	0.00762	0.00194	0.09364	0.18532	0.00454	0.11315

[dist]
# distance from previous block
# <min> <max>
3	20

[block]
# block no. 10 follows, 41 sequences, length 29
# corresponding to MSA columns:
# 380-408
name=unknown_K
#
# <colnr> <probs for GDERKNQSTAVLIFYWHMCP>
#	G	D	E	R	K	N	Q	S	T	A	V	L	I	F	Y	W	H	M	C	P
0	0.10292	0.16273	0.01664	0.02461	0.01513	0.09385	0.02567	0.13046	0.17931	0.05746	0.03429	0.04099	0.03459	0.02743	0.00617	0.00181	0.02837	0.00550	0.00439	0.00766
1	0.08767	0.01249	0.02919	0.01040	0.01330	0.06712	0.00820	0.29619	0.03369	0.04809	0.01632	0.10952	0.01502	0.14308	0.03286	0.00263	0.00599	0.00674	0.04220	0.01930
2	0.21585	0.14060	0.03857	0.05658	0.03111	0.10705	0.00922	0.04508	0.06257	0.11537	0.04217	0.01470	0.01126	0.00800	0.04377	0.00202	0.00633	0.00453	0.03802	0.00722
3	0.01773	0.01455	0.06421	0.03515	0.01690	0.05375	0.01019	0.33300	0.01897	0.10357	0.01432	0.06606	0.01140	0.00692	0.00571	0.00158	0.02136	0.00542	0.00479	0.19443
4	0.05758	0.01235	0.01937	0.30632	0.21677	0.01360	0.08940	0.12089	0.03722	0.01985	0.01159	0.01556	0.00918	0.03834	0.00666	0.00197	0.00708	0.00534	0.00330	0.00763
5	0.01466	0.01526	0.06930	0.06883	0.46839	0.05907	0.06357	0.09570	0.01459	0.01985	0.01318	0.01582	0.04425	0.00581	0.00575	0.00173	0.00711	0.00540	0.00323	0.00851
6	0.07277	0.15240	0.01959	0.16566	0.02048	0.01550	0.09389	0.04945	0.01156	0.01685	0.01055	0.04212	0.00925	0.00724	0.00899	0.00192	0.23052	0.00518	0.05943	0.00667
7	0.03406	0.01241	0.01477	0.03434	0.04005	0.01286	0.02165	0.35446	0.03838	0.19528	0.07190	0.01931	0.03124	0.04451	0.00684	0.00189	0.00553	0.00591	0.00557	0.04907
8	0.06852	0.01420	0.06442	0.34161	0.09999	0.06318	0.13195	0.09351	0.01384	0.01884	0.01111	0.01535	0.00866	0.00586	0.00574	0.00185	0.00768	0.02330	0.00312	0.00729
9	0.00828	0.00553	0.00625	0.00629	0.00630	0.00552	0.00352	0.00831	0.00840	0.01119	0.01842	0.05971	0.02130	0.77602	0.02847	0.00545	0.00548	0.00855	0.00352	0.00350
10	0.01558	0.73498	0.04809	0.01021	0.01512	0.04654	0.01015	0.03830	0.01222	0.01425	0.00821	0.00942	0.00741	0.00500	0.00382	0.00126	0.00632	0.00317	0.00256	0.00741
11	0.01366	0.00771	0.00986	0.00848	0.01117	0.00685	0.00656	0.01659	0.05056	0.23105	0.30027	0.13005	0.05423	0.01011	0.00616	0.00174	0.00369	0.00877	0.00595	0.11653
12	0.09548	0.01043	0.01283	0.01011	0.01427	0.00989	0.00829	0.09421	0.06500	0.54704	0.02220	0.01987	0.04941	0.00731	0.00561	0.00178	0.00485	0.00581	0.00647	0.00914
13	0.30609	0.03565	0.02844	0.06172	0.01637	0.01228	0.05606	0.10947	0.02601	0.24581	0.03989	0.01506	0.01115	0.00627	0.00500	0.00177	0.00540	0.00483	0.00483	0.00789
14	0.00817	0.00548	0.00628	0.00643	0.00647	0.00545	0.00367	0.00828	0.00861	0.01148	0.01952	0.12159	0.02269	0.71224	0.02669	0.00519	0.00530	0.00920	0.00367	0.00360
15	0.00817	0.00613	0.00919	0.00919	0.01021	0.00715	0.00715	0.01021	0.00919	0.01328	0.01532	0.02247	0.01430	0.04290	0.77631	0.00919	0.01532	0.00613	0.00306	0.00511
16	0.01166	0.06701	0.73354	0.01599	0.02427	0.01374	0.02058	0.01807	0.01205	0.01789	0.01015	0.01194	0.00725	0.00541	0.00535	0.00178	0.00834	0.00417	0.00242	0.00840
17	0.02548	0.01003	0.01346	0.01032	0.01475	0.00885	0.00852	0.06163	0.01687	0.73280	0.02215	0.01920	0.01395	0.00707	0.00575	0.00177	0.00493	0.00572	0.00702	0.00973
18	0.00706	0.00581	0.00620	0.00610	0.00791	0.00495	0.00458	0.00878	0.01374	0.01711	0.21354	0.05232	0.60435	0.01387	0.00676	0.00190	0.00285	0.01169	0.00553	0.00495
19	0.01368	0.01302	0.02213	0.03333	0.71372	0.01300	0.01675	0.01692	0.01289	0.01842	0.01212	0.06545	0.01095	0.00594	0.00577	0.00174	0.00657	0.00583	0.00299	0.00877
20	0.01179	0.01017	0.01221	0.05977	0.01526	0.00796	0.00738	0.01442	0.01183	0.01837	0.01017	0.01208	0.00842	0.00433	0.00433	0.00092	0.00446	0.00350	0.00333	0.77930
21	0.02174	0.01602	0.01717	0.01316	0.01774	0.01774	0.01087	0.74423	0.02689	0.03605	0.01373	0.01373	0.00973	0.00687	0.00572	0.00172	0.00629	0.00515	0.00572	0.00973
22	0.01340	0.01268	0.02089	0.10372	0.59536	0.01300	0.01608	0.01756	0.06038	0.01845	0.01402	0.01768	0.04281	0.00599	0.00578	0.00177	0.00652	0.02224	0.00316	0.00853
23	0.09235	0.13180	0.25554	0.01251	0.01783	0.06384	0.01282	0.06388	0.14348	0.11700	0.01408	0.02767	0.01054	0.00630	0.00515	0.00172	0.00650	0.00477	0.00400	0.00824
24	0.01651	0.12112	0.27567	0.01347	0.01896	0.09008	0.06129	0.04128	0.01389	0.19228	0.01389	0.01556	0.01023	0.00732	0.03020	0.00194	0.00742	0.02291	0.03789	0.00809
25	0.04974	0.01174	0.06190	0.01021	0.03164	0.00900	0.02105	0.04234	0.02737	0.10820	0.02893	0.01372	0.01023	0.00506	0.00468	0.00117	0.00479	0.00409	0.00394	0.55021
26	0.07857	0.00902	0.06063	0.01174	0.03193	0.00797	0.05709	0.01271	0.01258	0.01769	0.02635	0.13069	0.04856	0.01346	0.00715	0.00238	0.00545	0.45558	0.00473	0.00573
27	0.00704	0.00507	0.00669	0.00795	0.00839	0.00472	0.00540	0.00811	0.01112	0.01473	0.03269	0.73593	0.07074	0.01769	0.00730	0.00232	0.00337	0.04075	0.00531	0.00468
28	0.04219	0.32138	0.31596	0.01477	0.07106	0.03892	0.04238	0.01791	0.03084	0.01664	0.01030	0.01296	0.00849	0.00557	0.00484	0.00160	0.00721	0.02645	0.00270	0.00783

[dist]
# distance from previous block
# <min> <max>
1	3

[block]
# block no. 11 follows, 41 sequences, length 27
# corresponding to MSA columns:
# 412-438
name=unknown_L
#
# <colnr> <probs for GDERKNQSTAVLIFYWHMCP>
#	G	D	E	R	K	N	Q	S	T	A	V	L	I	F	Y	W	H	M	C	P
0	0.00733	0.00557	0.00676	0.00745	0.00850	0.00501	0.00529	0.00861	0.01166	0.01504	0.03798	0.44521	0.25481	0.05510	0.00816	0.00234	0.00349	0.07117	0.00514	0.03537
1	0.01328	0.01097	0.01242	0.00921	0.01396	0.02942	0.00737	0.03972	0.05258	0.05725	0.01152	0.01279	0.00923	0.00484	0.00482	0.00104	0.02345	0.00378	0.00375	0.67861
2	0.08266	0.55761	0.11478	0.01077	0.01571	0.08276	0.01088	0.01749	0.01183	0.01505	0.00852	0.01002	0.00744	0.00619	0.02664	0.00159	0.00688	0.00334	0.00259	0.00726
3	0.00697	0.00498	0.00664	0.00796	0.00830	0.00465	0.00531	0.00796	0.01095	0.01460	0.03153	0.79525	0.03783	0.01792	0.00730	0.00232	0.00332	0.01626	0.00531	0.00465
4	0.00705	0.00516	0.00663	0.00763	0.00825	0.00474	0.00520	0.00826	0.01170	0.01550	0.10454	0.63532	0.12513	0.01692	0.00718	0.00223	0.00321	0.01520	0.00540	0.00474
5	0.01182	0.01010	0.01174	0.00861	0.01345	0.00785	0.00684	0.01498	0.04874	0.01877	0.01153	0.03844	0.00990	0.00487	0.00442	0.00095	0.00422	0.00397	0.00357	0.76522
6	0.01190	0.03225	0.29180	0.04413	0.16622	0.01258	0.11153	0.01632	0.01258	0.01833	0.09390	0.03063	0.01389	0.00663	0.00683	0.00184	0.07092	0.00574	0.04435	0.00765
7	0.00697	0.00498	0.00664	0.00796	0.00830	0.00465	0.00531	0.00796	0.01095	0.01460	0.03153	0.79525	0.03783	0.01792	0.00730	0.00232	0.00332	0.01626	0.00531	0.00465
8	0.01109	0.01046	0.01767	0.72152	0.10088	0.01278	0.01603	0.01486	0.01157	0.01496	0.01022	0.01516	0.00775	0.00567	0.00571	0.00189	0.00755	0.00508	0.00257	0.00658
9	0.01199	0.01040	0.01259	0.00907	0.01411	0.00805	0.03015	0.01502	0.03490	0.01879	0.01062	0.01227	0.00876	0.00436	0.00436	0.00092	0.00442	0.00359	0.00345	0.78219
10	0.00817	0.00613	0.00919	0.00919	0.01021	0.00715	0.00715	0.01021	0.00919	0.01328	0.01532	0.02247	0.01430	0.04290	0.77631	0.00919	0.01532	0.00613	0.00306	0.00511
11	0.01350	0.01543	0.03375	0.02411	0.02989	0.01446	0.74253	0.01832	0.01350	0.01832	0.01157	0.01543	0.00868	0.00482	0.00675	0.00193	0.00964	0.00675	0.00289	0.00771
12	0.01008	0.00904	0.01480	0.61410	0.03250	0.01096	0.01352	0.01333	0.01136	0.01483	0.01445	0.16169	0.01352	0.00804	0.00596	0.00197	0.00666	0.00719	0.03004	0.00600
13	0.01080	0.01017	0.01716	0.78523	0.03940	0.01271	0.01589	0.01461	0.01144	0.01461	0.01017	0.01525	0.00762	0.00572	0.00572	0.00191	0.00762	0.00508	0.00254	0.00635
14	0.02566	0.00973	0.01327	0.01018	0.01460	0.00841	0.00841	0.02788	0.01637	0.76726	0.02257	0.01947	0.01416	0.00708	0.00575	0.00177	0.00487	0.00575	0.00708	0.00973
15	0.02357	0.00927	0.01260	0.00982	0.01388	0.00805	0.00805	0.02584	0.01635	0.67853	0.11051	0.02224	0.01890	0.00763	0.00587	0.00177	0.00461	0.00630	0.00699	0.00922
16	0.00964	0.00833	0.01012	0.00978	0.01075	0.07064	0.00747	0.01132	0.00962	0.01311	0.01445	0.02247	0.01395	0.13026	0.55623	0.00754	0.08003	0.00610	0.00306	0.00513
17	0.00994	0.00497	0.00745	0.00745	0.00745	0.00497	0.00497	0.00745	0.00745	0.00994	0.00994	0.01739	0.00994	0.01987	0.02235	0.83358	0.00497	0.00497	0.00248	0.00248
18	0.00922	0.00658	0.00922	0.01053	0.01185	0.00658	0.00922	0.01185	0.01317	0.01712	0.03029	0.06452	0.03292	0.01580	0.00790	0.00263	0.00527	0.72480	0.00527	0.00527
19	0.00796	0.00579	0.00750	0.00717	0.00849	0.00533	0.00534	0.01050	0.01573	0.02208	0.68313	0.08774	0.08738	0.01220	0.00678	0.00184	0.00274	0.01078	0.00619	0.00533
20	0.01330	0.01594	0.08089	0.04871	0.09229	0.01437	0.58163	0.01795	0.01312	0.01805	0.01122	0.01498	0.00854	0.00511	0.00698	0.00192	0.03807	0.00632	0.00283	0.00778
21	0.01141	0.01123	0.01872	0.68679	0.03777	0.03800	0.08550	0.01524	0.01179	0.01495	0.01026	0.01510	0.00772	0.00564	0.00580	0.00189	0.00791	0.00520	0.00259	0.00649
22	0.01147	0.02959	0.76934	0.01630	0.02476	0.01328	0.02113	0.01811	0.01208	0.01811	0.01026	0.01208	0.00725	0.00543	0.00543	0.00181	0.00845	0.00423	0.00242	0.00845
23	0.01311	0.01305	0.04532	0.12795	0.58596	0.01279	0.01644	0.01657	0.01295	0.01826	0.04946	0.01692	0.03434	0.00581	0.00575	0.00174	0.00663	0.00554	0.00303	0.00838
