[name]
unknown

[dist]
# distance from previous block
# <min> <max>
0	103

[block]
# block no. 0 follows, 45 sequences, length 32
# corresponding to MSA columns:
# 103-134
name=unknown_A
#
# <colnr> <probs for GDERKNQSTAVLIFYWHMCP>
#	G	D	E	R	K	N	Q	S	T	A	V	L	I	F	Y	W	H	M	C	P
0	0.07348	0.03136	0.06191	0.01465	0.15616	0.08334	0.01034	0.15300	0.04031	0.07979	0.01340	0.05092	0.01135	0.03680	0.01900	0.00185	0.02909	0.03013	0.03446	0.06868
1	0.01566	0.07210	0.15713	0.01157	0.01594	0.03241	0.01089	0.30802	0.04450	0.07717	0.01450	0.04103	0.01207	0.03895	0.00618	0.00178	0.00589	0.06982	0.00434	0.06004
2	0.01252	0.00807	0.01057	0.02548	0.06481	0.00827	0.00751	0.09399	0.04840	0.13457	0.04011	0.15992	0.01928	0.13413	0.03940	0.06435	0.03247	0.07072	0.00446	0.02097
3	0.00868	0.00540	0.00701	0.00740	0.00832	0.00499	0.00521	0.00993	0.01137	0.09241	0.12788	0.46852	0.07340	0.10152	0.00887	0.00238	0.00347	0.04331	0.00508	0.00485
4	0.08499	0.04145	0.06588	0.01034	0.01302	0.13174	0.07071	0.05217	0.04056	0.01684	0.05501	0.23259	0.14344	0.01003	0.00570	0.00178	0.00527	0.00855	0.00409	0.00582
5	0.10642	0.04825	0.20277	0.20661	0.04346	0.02730	0.17965	0.01573	0.01100	0.01641	0.00928	0.01241	0.00715	0.00543	0.00641	0.00178	0.08601	0.00461	0.00254	0.00680
6	0.01012	0.00574	0.00738	0.00737	0.00836	0.00543	0.00509	0.01108	0.01045	0.14645	0.03675	0.33140	0.04372	0.26877	0.06014	0.00343	0.00472	0.02409	0.00461	0.00489
7	0.01007	0.00911	0.01530	0.72872	0.03433	0.01129	0.01400	0.01312	0.01040	0.01333	0.00952	0.01449	0.00735	0.00654	0.00674	0.07597	0.00694	0.00476	0.00238	0.00564
8	0.06193	0.03686	0.01334	0.09663	0.01587	0.01010	0.02739	0.02089	0.08585	0.38700	0.07811	0.04175	0.01528	0.00725	0.00644	0.00175	0.07495	0.00578	0.00515	0.00767
9	0.02010	0.01248	0.01410	0.01098	0.01500	0.01310	0.00902	0.45709	0.06123	0.24688	0.01866	0.01754	0.06446	0.00705	0.00545	0.00165	0.00521	0.00552	0.00571	0.00877
10	0.02019	0.00922	0.01184	0.00957	0.01309	0.00863	0.00771	0.08827	0.08157	0.53245	0.05237	0.10688	0.01720	0.00799	0.00560	0.00173	0.00441	0.00668	0.00621	0.00838
11	0.02005	0.02558	0.01521	0.01383	0.01659	0.78980	0.01037	0.02143	0.01521	0.01314	0.00830	0.00968	0.00691	0.00553	0.00484	0.00138	0.00968	0.00346	0.00277	0.00622
12	0.02952	0.09138	0.04518	0.01187	0.01566	0.01423	0.05874	0.39730	0.01853	0.07811	0.04346	0.04576	0.01199	0.00974	0.07485	0.00226	0.03366	0.00540	0.00452	0.00785
13	0.01028	0.00742	0.00939	0.11379	0.01227	0.00818	0.00651	0.09227	0.01058	0.04229	0.01562	0.06979	0.01635	0.46246	0.04728	0.00400	0.05612	0.00712	0.00352	0.00476
14	0.00659	0.00469	0.00621	0.00741	0.00771	0.00439	0.00492	0.00749	0.01019	0.01358	0.02912	0.77930	0.03491	0.04617	0.00761	0.00229	0.00319	0.01498	0.00492	0.00432
15	0.02089	0.01418	0.04002	0.01184	0.01622	0.01463	0.01001	0.57810	0.02267	0.19425	0.01457	0.01400	0.00995	0.00644	0.00537	0.00162	0.00568	0.00493	0.00554	0.00909
16	0.06750	0.01601	0.16593	0.14958	0.04740	0.04128	0.35933	0.01670	0.01188	0.03439	0.01020	0.01328	0.00763	0.00504	0.00597	0.00177	0.03118	0.00519	0.00270	0.00706
17	0.00783	0.00603	0.00885	0.00841	0.00944	0.00651	0.04225	0.00939	0.00896	0.01241	0.01830	0.02660	0.08168	0.20885	0.51211	0.00693	0.01104	0.00673	0.00314	0.00454
18	0.01088	0.05291	0.75940	0.01510	0.02293	0.01275	0.01949	0.01697	0.01132	0.01686	0.00956	0.01125	0.00680	0.00508	0.00505	0.00168	0.00786	0.00393	0.00227	0.00790
19	0.01113	0.00954	0.01113	0.00795	0.01272	0.00716	0.00636	0.01352	0.01113	0.01749	0.00954	0.01113	0.00795	0.00398	0.00398	0.00080	0.00398	0.00318	0.00318	0.84417
20	0.00822	0.00522	0.00686	0.00744	0.00831	0.00478	0.00520	0.00950	0.01152	0.08249	0.13415	0.58718	0.07887	0.01492	0.00662	0.00204	0.00314	0.01339	0.00526	0.00489
21	0.01285	0.00769	0.00926	0.00832	0.01054	0.02186	0.00639	0.03009	0.11370	0.21706	0.19024	0.13480	0.11268	0.03568	0.06157	0.00236	0.00450	0.00850	0.00545	0.00645
22	0.00661	0.00473	0.00629	0.00742	0.00780	0.00441	0.00499	0.00766	0.01062	0.01425	0.08186	0.75401	0.03656	0.01641	0.00681	0.00215	0.00307	0.01487	0.00505	0.00441
23	0.00849	0.00542	0.00706	0.00722	0.00830	0.00496	0.00516	0.01010	0.01252	0.08409	0.29673	0.39300	0.08313	0.03920	0.00717	0.00203	0.00308	0.01193	0.00541	0.00501
24	0.01023	0.00646	0.00796	0.00780	0.00929	0.00613	0.00569	0.08385	0.01313	0.11306	0.11081	0.41691	0.13801	0.03575	0.00697	0.00204	0.00351	0.01162	0.00528	0.00550
25	0.06219	0.00904	0.01133	0.00914	0.01261	0.00852	0.00737	0.04651	0.10041	0.50542	0.10151	0.02154	0.03520	0.03665	0.00622	0.00181	0.00432	0.00602	0.00606	0.00813
26	0.01329	0.01011	0.01179	0.00857	0.01324	0.00826	0.00692	0.09662	0.01305	0.08660	0.01093	0.01195	0.00855	0.00448	0.00425	0.00096	0.00424	0.00356	0.00373	0.67888
27	0.00690	0.00493	0.00627	0.00713	0.00782	0.00450	0.00489	0.00803	0.01101	0.02870	0.08000	0.61894	0.15966	0.01572	0.00671	0.00208	0.00304	0.01407	0.00507	0.00452
28	0.01048	0.00630	0.00776	0.00755	0.00884	0.00600	0.00533	0.06330	0.01199	0.13074	0.06802	0.35190	0.09202	0.19127	0.01102	0.00268	0.00393	0.01073	0.00493	0.00522
29	0.06260	0.00996	0.01141	0.00945	0.01267	0.01032	0.00758	0.15877	0.18582	0.25675	0.12497	0.02037	0.01811	0.00724	0.00528	0.00166	0.00425	0.00588	0.07902	0.00787
30	0.08113	0.00520	0.00647	0.00734	0.00789	0.00510	0.00499	0.00820	0.00984	0.01419	0.03695	0.62204	0.02991	0.03264	0.00852	0.09464	0.00341	0.01276	0.00452	0.00425
31	0.00696	0.00501	0.00619	0.00675	0.00732	0.00467	0.00450	0.00797	0.01071	0.01424	0.14139	0.42566	0.12754	0.19240	0.01127	0.00273	0.00344	0.01227	0.00474	0.00424

[dist]
# distance from previous block
# <min> <max>
0	4

[block]
# block no. 1 follows, 45 sequences, length 19
# corresponding to MSA columns:
# 139-157
name=unknown_B
#
# <colnr> <probs for GDERKNQSTAVLIFYWHMCP>
#	G	D	E	R	K	N	Q	S	T	A	V	L	I	F	Y	W	H	M	C	P
0	0.00980	0.00608	0.00763	0.00740	0.00885	0.00568	0.00540	0.01220	0.05652	0.12448	0.26185	0.27215	0.11929	0.06802	0.00777	0.00210	0.00330	0.01064	0.00541	0.00543
1	0.02178	0.00914	0.01207	0.00955	0.01326	0.00831	0.00775	0.06694	0.04919	0.62775	0.02057	0.05772	0.01411	0.00776	0.00623	0.04268	0.00456	0.00586	0.00622	0.00853
2	0.02849	0.01139	0.01712	0.38664	0.02661	0.04034	0.12027	0.13095	0.01310	0.01728	0.01198	0.01603	0.03625	0.04259	0.00761	0.02202	0.05659	0.00529	0.00306	0.00638
3	0.01288	0.00844	0.00958	0.03400	0.01154	0.04277	0.00675	0.06000	0.09860	0.18000	0.06932	0.12466	0.17262	0.06632	0.03492	0.02063	0.00466	0.03103	0.00503	0.00625
4	0.00673	0.00502	0.00627	0.00687	0.00772	0.00455	0.00480	0.00811	0.01179	0.01561	0.20011	0.47226	0.20091	0.01482	0.00663	0.00199	0.00290	0.01317	0.00519	0.00455
5	0.11716	0.01193	0.01921	0.11568	0.02039	0.01393	0.22946	0.05225	0.01096	0.01707	0.00934	0.01295	0.00766	0.00660	0.00966	0.00194	0.28886	0.00498	0.04356	0.00640
6	0.01952	0.01240	0.01383	0.01078	0.01452	0.01319	0.00877	0.50181	0.02096	0.18480	0.01521	0.01609	0.01106	0.06379	0.00682	0.00185	0.00534	0.00517	0.06566	0.00841
7	0.01129	0.00613	0.00763	0.00705	0.00849	0.00562	0.00497	0.01247	0.01162	0.19588	0.14356	0.14130	0.11217	0.29209	0.01355	0.00300	0.00406	0.00898	0.00492	0.00523
8	0.01003	0.00626	0.00784	0.00760	0.00883	0.00619	0.00542	0.04354	0.03018	0.11019	0.05616	0.23803	0.08948	0.21716	0.13463	0.00380	0.00568	0.00940	0.00449	0.00510
9	0.19638	0.09141	0.01487	0.08835	0.01623	0.07725	0.03565	0.16610	0.03202	0.09023	0.01213	0.07018	0.01009	0.00673	0.00582	0.00169	0.06907	0.00499	0.00387	0.00695
10	0.01225	0.02826	0.00981	0.02518	0.01062	0.00753	0.00643	0.07118	0.01408	0.17489	0.30983	0.11969	0.04613	0.09450	0.00874	0.00212	0.03902	0.00842	0.00528	0.00603
11	0.00720	0.00523	0.00662	0.00675	0.00768	0.00483	0.00478	0.00893	0.01284	0.01762	0.42599	0.25730	0.11282	0.08665	0.00841	0.00216	0.00296	0.01125	0.00531	0.00465
12	0.01490	0.01307	0.07302	0.04876	0.01704	0.05634	0.09039	0.10820	0.02978	0.15239	0.01316	0.06210	0.01079	0.00949	0.05408	0.00229	0.22771	0.00562	0.00380	0.00708
13	0.01200	0.29805	0.52404	0.01320	0.01998	0.01548	0.01618	0.01668	0.01119	0.01550	0.00889	0.01040	0.00683	0.00493	0.00453	0.00151	0.00718	0.00359	0.00228	0.00757
14	0.01414	0.01460	0.01933	0.21233	0.38928	0.17106	0.05076	0.01709	0.01257	0.03400	0.00990	0.01297	0.00795	0.00511	0.00528	0.00161	0.00733	0.00460	0.00271	0.00738
15	0.84927	0.01038	0.00789	0.00706	0.01038	0.01204	0.00581	0.01578	0.00914	0.02408	0.00747	0.00872	0.00581	0.00498	0.00332	0.00166	0.00415	0.00291	0.00332	0.00581
16	0.00667	0.00489	0.00608	0.00692	0.00750	0.00450	0.00464	0.00764	0.01053	0.01376	0.05684	0.56758	0.16728	0.09793	0.00885	0.00241	0.00324	0.01361	0.00483	0.00430
17	0.01241	0.01214	0.01986	0.11124	0.52993	0.03876	0.06707	0.01553	0.01237	0.01700	0.05615	0.01711	0.05516	0.00572	0.00549	0.00164	0.00633	0.00550	0.00296	0.00763
18	0.08522	0.01005	0.01307	0.07850	0.01601	0.00978	0.02787	0.07307	0.08609	0.47934	0.01781	0.01656	0.01181	0.00628	0.00520	0.00165	0.00491	0.00510	0.00556	0.04611

[dist]
# distance from previous block
# <min> <max>
0	4

[block]
# block no. 2 follows, 45 sequences, length 30
# corresponding to MSA columns:
# 162-191
name=unknown_C
#
# <colnr> <probs for GDERKNQSTAVLIFYWHMCP>
#	G	D	E	R	K	N	Q	S	T	A	V	L	I	F	Y	W	H	M	C	P
0	0.00760	0.00534	0.00629	0.00665	0.00706	0.00519	0.00421	0.03188	0.00969	0.01277	0.02484	0.33119	0.09018	0.41329	0.01699	0.00364	0.00421	0.01086	0.00413	0.00397
1	0.01136	0.00649	0.00779	0.00718	0.00877	0.00609	0.00511	0.01334	0.05973	0.18562	0.08081	0.12350	0.16444	0.28042	0.01320	0.00295	0.00410	0.00882	0.00487	0.00540
2	0.00819	0.00588	0.00788	0.00878	0.00987	0.00576	0.00728	0.01024	0.01200	0.01568	0.08848	0.10356	0.08400	0.09252	0.00917	0.00261	0.00450	0.51402	0.00486	0.00472
3	0.09251	0.01249	0.01418	0.01306	0.08674	0.04703	0.00962	0.23037	0.15390	0.17928	0.01491	0.01500	0.01084	0.00760	0.03129	0.00193	0.06133	0.00496	0.00480	0.00816
4	0.01626	0.00913	0.01073	0.00901	0.01171	0.00925	0.00706	0.21575	0.04448	0.23789	0.01878	0.09548	0.01573	0.10559	0.00825	0.01473	0.00456	0.03013	0.12838	0.00710
5	0.00795	0.00554	0.00643	0.00625	0.00782	0.00490	0.00467	0.00978	0.01314	0.05672	0.28985	0.11511	0.36973	0.01215	0.00616	0.00176	0.00277	0.01041	0.06389	0.00496
6	0.01282	0.01221	0.02041	0.14609	0.62555	0.01266	0.01581	0.01672	0.05321	0.01723	0.01065	0.01381	0.00873	0.00501	0.00533	0.00164	0.00638	0.00485	0.00277	0.00812
7	0.00763	0.00568	0.00781	0.00958	0.06218	0.00548	0.00624	0.02945	0.01097	0.01468	0.02735	0.64203	0.03207	0.03401	0.00723	0.00222	0.00364	0.08215	0.00479	0.00481
8	0.00683	0.00532	0.00621	0.00627	0.00762	0.00470	0.00459	0.00855	0.01297	0.01692	0.31216	0.17757	0.38468	0.01320	0.00643	0.00183	0.00272	0.01142	0.00532	0.00470
9	0.01113	0.00954	0.01113	0.00795	0.01272	0.00716	0.00636	0.01352	0.01113	0.01749	0.00954	0.01113	0.00795	0.00398	0.00398	0.00080	0.00398	0.00318	0.00318	0.84417
10	0.76778	0.01048	0.00841	0.00740	0.01072	0.01204	0.00607	0.05637	0.01010	0.04026	0.00810	0.00932	0.00623	0.00541	0.00387	0.02061	0.00427	0.00310	0.00348	0.00599
11	0.07548	0.00611	0.00757	0.00696	0.00857	0.00580	0.00530	0.01160	0.01472	0.07029	0.66592	0.03621	0.04470	0.01022	0.00603	0.00168	0.00279	0.00889	0.00575	0.00538
12	0.01699	0.01526	0.01905	0.06300	0.26869	0.14541	0.08514	0.21911	0.01646	0.08162	0.01147	0.01313	0.00867	0.00551	0.00536	0.00160	0.00697	0.00477	0.00372	0.00807
13	0.21250	0.06476	0.01609	0.07775	0.19543	0.09663	0.02224	0.17702	0.01435	0.03700	0.00989	0.01173	0.00774	0.00572	0.00515	0.02508	0.00608	0.00412	0.00344	0.00728
14	0.00805	0.00632	0.00955	0.06742	0.01183	0.00756	0.00756	0.01005	0.00876	0.01258	0.01367	0.02014	0.01265	0.03620	0.69507	0.00782	0.05140	0.00563	0.00281	0.00493
15	0.00640	0.00535	0.00558	0.00570	0.00733	0.00453	0.00421	0.00775	0.01210	0.01461	0.07243	0.13571	0.67215	0.01388	0.00640	0.00185	0.00276	0.01172	0.00501	0.00453
16	0.01481	0.37744	0.16872	0.01227	0.06428	0.09304	0.01137	0.01745	0.01200	0.10800	0.01136	0.06665	0.00976	0.00590	0.00450	0.00144	0.00627	0.00444	0.00308	0.00722
17	0.03617	0.01072	0.01459	0.06854	0.12528	0.01045	0.00997	0.14997	0.01617	0.47571	0.01710	0.01618	0.01132	0.00622	0.00534	0.00165	0.00523	0.00512	0.00549	0.00876
18	0.01083	0.02733	0.75867	0.01554	0.02339	0.01250	0.04426	0.01701	0.01138	0.01701	0.00967	0.01144	0.00684	0.00508	0.00514	0.00170	0.00797	0.00404	0.00228	0.00791
19	0.01315	0.01312	0.02390	0.03075	0.61795	0.01293	0.17470	0.01663	0.01232	0.01746	0.01026	0.01354	0.00843	0.00473	0.00553	0.00164	0.00695	0.00511	0.00267	0.00823
20	0.01403	0.01530	0.02551	0.07240	0.19100	0.11736	0.40970	0.05571	0.01344	0.01736	0.01037	0.01348	0.00805	0.00487	0.00580	0.00169	0.00827	0.00543	0.00283	0.00740
21	0.01329	0.01275	0.02179	0.03295	0.77787	0.01275	0.01647	0.01647	0.01222	0.01754	0.01010	0.01329	0.00850	0.00478	0.00531	0.00159	0.00638	0.00478	0.00266	0.00850
22	0.00838	0.00568	0.00731	0.00679	0.00826	0.00517	0.00513	0.01079	0.01494	0.06233	0.67004	0.03993	0.11290	0.01097	0.00628	0.00170	0.00266	0.00962	0.00587	0.00524
23	0.00751	0.00554	0.00706	0.00683	0.00816	0.00508	0.00522	0.00988	0.01457	0.02015	0.61928	0.04327	0.14614	0.01163	0.00642	0.00177	0.00275	0.06805	0.00571	0.00498
24	0.01369	0.64060	0.15490	0.01026	0.01528	0.03700	0.01090	0.01619	0.01120	0.01363	0.02952	0.00998	0.00811	0.00488	0.00384	0.00126	0.00611	0.00326	0.00240	0.00700
25	0.01315	0.01313	0.02394	0.03071	0.61496	0.01293	0.17766	0.01663	0.01232	0.01746	0.01026	0.01354	0.00842	0.00473	0.00554	0.00164	0.00696	0.00512	0.00267	0.00823
26	0.00677	0.00484	0.00649	0.00774	0.00815	0.00456	0.00538	0.00787	0.01050	0.01396	0.02946	0.72621	0.03500	0.01660	0.00691	0.00221	0.00331	0.09462	0.00498	0.00442
27	0.01321	0.01494	0.02853	0.02083	0.02573	0.06795	0.62492	0.01827	0.07271	0.01720	0.01144	0.01451	0.00868	0.00495	0.00649	0.00180	0.03160	0.00607	0.00293	0.00723
28	0.07447	0.01408	0.01517	0.01170	0.01591	0.01538	0.00966	0.63045	0.02310	0.11609	0.01346	0.01321	0.00938	0.00637	0.00524	0.00162	0.00564	0.00477	0.00538	0.00891
29	0.52780	0.05777	0.01176	0.00893	0.01264	0.01409	0.00746	0.26168	0.01456	0.02665	0.00926	0.01009	0.00697	0.00544	0.00401	0.00162	0.00482	0.00354	0.00394	0.00697

[dist]
# distance from previous block
# <min> <max>
2	4

[block]
# block no. 3 follows, 45 sequences, length 60
# corresponding to MSA columns:
# 196-255
name=unknown_D
#
# <colnr> <probs for GDERKNQSTAVLIFYWHMCP>
#	G	D	E	R	K	N	Q	S	T	A	V	L	I	F	Y	W	H	M	C	P
0	0.01112	0.01055	0.01788	0.55909	0.26864	0.01218	0.01540	0.01458	0.01120	0.01491	0.00971	0.01399	0.00758	0.00518	0.00535	0.00173	0.00691	0.00477	0.00247	0.00676
1	0.01385	0.24723	0.29483	0.01574	0.13671	0.08478	0.01426	0.08637	0.01307	0.01716	0.02385	0.01141	0.00815	0.00518	0.00469	0.00149	0.00693	0.00393	0.00274	0.00763
2	0.27242	0.06425	0.01315	0.04688	0.01462	0.24151	0.00859	0.13538	0.03064	0.03413	0.01050	0.04615	0.00873	0.00610	0.00473	0.00157	0.02203	0.00422	0.02782	0.00657
3	0.00923	0.00545	0.00838	0.10630	0.02801	0.00572	0.00624	0.00809	0.00791	0.01049	0.01140	0.09532	0.01166	0.01650	0.01727	0.63569	0.00486	0.00574	0.00261	0.00312
4	0.01256	0.01045	0.01525	0.41338	0.06828	0.05628	0.05515	0.02591	0.04336	0.10718	0.01606	0.03307	0.07430	0.00691	0.00587	0.01888	0.00638	0.02082	0.00344	0.00648
5	0.01500	0.01280	0.07341	0.01163	0.03096	0.01281	0.00959	0.10827	0.50570	0.10892	0.03853	0.01871	0.01517	0.00699	0.00543	0.00176	0.00476	0.00575	0.00529	0.00851
6	0.01121	0.05532	0.67699	0.01431	0.02156	0.01216	0.01805	0.01688	0.01171	0.04623	0.05801	0.01330	0.00980	0.00551	0.00513	0.00168	0.00738	0.00434	0.00266	0.00776
7	0.00654	0.00467	0.00623	0.00747	0.00779	0.00436	0.00498	0.00747	0.01028	0.01370	0.02959	0.80785	0.03550	0.01682	0.00685	0.00218	0.00311	0.01526	0.00498	0.00436
8	0.01136	0.00968	0.01125	0.00806	0.01282	0.00739	0.00646	0.03204	0.01148	0.01790	0.00962	0.01117	0.00798	0.00404	0.00401	0.00082	0.00402	0.00322	0.00323	0.82345
9	0.02685	0.01191	0.01455	0.11512	0.15972	0.07295	0.01082	0.13344	0.12808	0.07286	0.09118	0.02077	0.03169	0.00727	0.00595	0.00174	0.03170	0.05177	0.00427	0.00736
10	0.03338	0.01070	0.04649	0.01214	0.08946	0.01016	0.04183	0.14194	0.12734	0.12602	0.12911	0.02599	0.16583	0.00828	0.00569	0.00171	0.00462	0.00702	0.00499	0.00730
11	0.82974	0.01049	0.00808	0.00718	0.01053	0.01215	0.00592	0.03331	0.00951	0.02431	0.00760	0.00882	0.00589	0.00502	0.00337	0.00166	0.00419	0.00295	0.00337	0.00589
12	0.00680	0.02691	0.00687	0.00753	0.00802	0.00487	0.00516	0.00780	0.01039	0.01375	0.02959	0.74849	0.05359	0.01635	0.00676	0.00215	0.00322	0.03240	0.00491	0.00445
13	0.74805	0.01066	0.00862	0.00747	0.01093	0.01210	0.00614	0.06663	0.01034	0.02440	0.00795	0.00913	0.00615	0.00503	0.00350	0.00161	0.00426	0.00305	0.00345	0.05050
14	0.03071	0.08478	0.09338	0.05342	0.07200	0.13894	0.01004	0.03000	0.13901	0.06264	0.14312	0.03703	0.01740	0.02098	0.00558	0.00164	0.00569	0.00559	0.00399	0.04405
15	0.26513	0.03610	0.21348	0.07139	0.05800	0.02624	0.13070	0.07748	0.01222	0.04796	0.00980	0.01165	0.00726	0.00514	0.00478	0.00168	0.00652	0.00421	0.00311	0.00716
16	0.00850	0.00587	0.00754	0.00700	0.00847	0.00548	0.00529	0.01144	0.04251	0.05491	0.69624	0.03870	0.06601	0.01071	0.00626	0.00170	0.00269	0.00943	0.00590	0.00536
17	0.00644	0.00515	0.00577	0.00624	0.00747	0.00448	0.00444	0.00767	0.01155	0.01434	0.05957	0.33981	0.47867	0.01477	0.00654	0.00195	0.00287	0.01280	0.00500	0.00448
18	0.06255	0.12992	0.45511	0.01525	0.07402	0.06941	0.05871	0.01685	0.01170	0.01677	0.03609	0.01202	0.00850	0.00521	0.00488	0.00160	0.00730	0.00411	0.00255	0.00744
19	0.01251	0.08969	0.14533	0.09588	0.30484	0.04635	0.12406	0.01593	0.01177	0.01595	0.01046	0.01469	0.00876	0.00591	0.00605	0.04064	0.00704	0.03421	0.00262	0.00731
20	0.00770	0.00550	0.00756	0.00880	0.00962	0.00536	0.00700	0.00948	0.01142	0.01500	0.02895	0.39711	0.03297	0.01572	0.00716	0.00234	0.00412	0.41456	0.00496	0.00468
21	0.01235	0.01743	0.25597	0.09752	0.32126	0.04834	0.05551	0.03378	0.03696	0.01715	0.01117	0.04811	0.00922	0.00561	0.00536	0.00168	0.00700	0.00506	0.00278	0.00774
22	0.04607	0.21226	0.26034	0.01186	0.01695	0.06753	0.01228	0.07816	0.14765	0.06130	0.01297	0.01339	0.02547	0.00577	0.00474	0.00156	0.00626	0.00431	0.00347	0.00767
23	0.01137	0.03372	0.46175	0.01268	0.01823	0.01013	0.03872	0.01574	0.01184	0.10308	0.04645	0.14932	0.04823	0.00783	0.00554	0.00177	0.00629	0.00664	0.00350	0.00716
24	0.01303	0.01249	0.02132	0.09623	0.71662	0.01269	0.01634	0.01625	0.01210	0.01722	0.01005	0.01337	0.00839	0.00483	0.00532	0.00161	0.00644	0.00478	0.00263	0.00829
25	0.06402	0.05540	0.05364	0.24797	0.05710	0.06840	0.12481	0.07924	0.01330	0.13551	0.01183	0.01390	0.00860	0.00547	0.00518	0.00165	0.00669	0.00478	0.03536	0.00714
26	0.01520	0.01671	0.01968	0.08465	0.44331	0.26269	0.04728	0.01789	0.01309	0.01582	0.00951	0.01226	0.00787	0.00506	0.00521	0.00155	0.00762	0.00442	0.00267	0.00752
27	0.01435	0.81458	0.02813	0.00918	0.01378	0.02124	0.00918	0.01607	0.01091	0.01263	0.00746	0.00861	0.00689	0.00459	0.00344	0.00115	0.00574	0.00287	0.00230	0.00689
28	0.01172	0.00789	0.03907	0.00970	0.06657	0.00663	0.00722	0.01425	0.01429	0.17792	0.40239	0.03264	0.08778	0.00937	0.00593	0.00167	0.00365	0.04187	0.00542	0.05403
29	0.01364	0.10862	0.02865	0.03299	0.09003	0.08868	0.00854	0.02979	0.05126	0.13486	0.20131	0.02279	0.07979	0.00743	0.00527	0.00152	0.00486	0.00613	0.00443	0.07941
30	0.00932	0.00466	0.00699	0.00699	0.00699	0.00466	0.00466	0.00699	0.00699	0.00932	0.00932	0.01632	0.00932	0.01865	0.02098	0.84382	0.00466	0.00466	0.00233	0.00233
31	0.01250	0.01546	0.09877	0.03731	0.08467	0.01338	0.62120	0.01706	0.01248	0.01714	0.01067	0.01410	0.00803	0.00461	0.00613	0.00178	0.00871	0.00597	0.00266	0.00737
32	0.84927	0.01038	0.00789	0.00706	0.01038	0.01204	0.00581	0.01578	0.00914	0.02408	0.00747	0.00872	0.00581	0.00498	0.00332	0.00166	0.00415	0.00291	0.00332	0.00581
33	0.01304	0.01251	0.02135	0.09198	0.72073	0.01269	0.01635	0.01626	0.01211	0.01724	0.01005	0.01336	0.00840	0.00483	0.00532	0.00161	0.00644	0.00478	0.00264	0.00831
34	0.01001	0.00500	0.00500	0.00500	0.00625	0.00500	0.00375	0.01251	0.01126	0.02001	0.01751	0.02001	0.01376	0.00625	0.00375	0.00125	0.00250	0.00500	0.84115	0.00500
35	0.02041	0.01504	0.01611	0.01235	0.01665	0.01665	0.01020	0.75997	0.02524	0.03383	0.01289	0.01289	0.00913	0.00644	0.00537	0.00161	0.00591	0.00483	0.00537	0.00913
36	0.84927	0.01038	0.00789	0.00706	0.01038	0.01204	0.00581	0.01578	0.00914	0.02408	0.00747	0.00872	0.00581	0.00498	0.00332	0.00166	0.00415	0.00291	0.00332	0.00581
37	0.01431	0.01132	0.01217	0.01080	0.01394	0.01286	0.00844	0.02831	0.70107	0.09011	0.02179	0.01987	0.01611	0.00723	0.00546	0.00181	0.00428	0.00601	0.00557	0.00855
38	0.00755	0.00549	0.00711	0.00670	0.00799	0.00504	0.00503	0.01004	0.01508	0.02126	0.74759	0.04054	0.07826	0.01107	0.00633	0.00169	0.00254	0.00977	0.00587	0.00504
39	0.00767	0.00575	0.00863	0.00863	0.00959	0.00671	0.00671	0.00959	0.00863	0.01246	0.01438	0.02109	0.01342	0.04026	0.79008	0.00863	0.01438	0.00575	0.00288	0.00479
40	0.00634	0.00544	0.00544	0.00544	0.00725	0.00453	0.00408	0.00770	0.01224	0.01450	0.05438	0.05166	0.77569	0.01359	0.00634	0.00181	0.00272	0.01133	0.00498	0.00453
41	0.65186	0.01009	0.00907	0.02674	0.01174	0.01115	0.00648	0.01796	0.01051	0.18641	0.01047	0.01091	0.00745	0.00535	0.00382	0.00166	0.00431	0.00349	0.00401	0.00653
42	0.84927	0.01038	0.00789	0.00706	0.01038	0.01204	0.00581	0.01578	0.00914	0.02408	0.00747	0.00872	0.00581	0.00498	0.00332	0.00166	0.00415	0.00291	0.00332	0.00581
43	0.03649	0.01543	0.01500	0.03188	0.01636	0.13059	0.00992	0.43881	0.14574	0.05840	0.01365	0.01373	0.00999	0.00649	0.00567	0.00164	0.03221	0.00481	0.00483	0.00833
44	0.01117	0.09204	0.67775	0.01522	0.02273	0.01326	0.06152	0.01693	0.01137	0.01665	0.00952	0.01129	0.00688	0.00502	0.00503	0.00166	0.00782	0.00401	0.00229	0.00781
45	0.01864	0.01377	0.01470	0.01168	0.01529	0.04205	0.00950	0.51706	0.09526	0.07932	0.01414	0.01475	0.01043	0.03165	0.00668	0.00177	0.05128	0.00504	0.03857	0.00843
46	0.03031	0.07203	0.70499	0.01469	0.02225	0.01305	0.01868	0.03406	0.01158	0.01730	0.00953	0.01115	0.00684	0.00510	0.00497	0.00167	0.00767	0.00390	0.00236	0.00785
47	0.74223	0.01149	0.02705	0.00827	0.01179	0.04031	0.04119	0.01632	0.00971	0.04068	0.00803	0.00930	0.00616	0.00502	0.00361	0.00166	0.00468	0.00317	0.00333	0.00602
48	0.01174	0.01174	0.01644	0.01409	0.01409	0.01644	0.01174	0.01292	0.00822	0.01292	0.00705	0.01174	0.00705	0.00940	0.01762	0.00235	0.80153	0.00470	0.00235	0.00587
49	0.00781	0.00520	0.00585	0.00585	0.00585	0.00520	0.00325	0.00781	0.00781	0.01041	0.01691	0.03513	0.01952	0.81135	0.02732	0.00520	0.00520	0.00781	0.00325	0.00325
50	0.01945	0.01403	0.06736	0.04663	0.01704	0.01387	0.01038	0.48451	0.03683	0.18526	0.01497	0.04017	0.01076	0.00670	0.00541	0.00166	0.00570	0.00526	0.00528	0.00874
51	0.00664	0.00477	0.00630	0.00735	0.00780	0.00443	0.00497	0.00774	0.01081	0.01449	0.10284	0.71401	0.05562	0.01617	0.00679	0.00212	0.00305	0.01462	0.00507	0.00443
52	0.00708	0.00596	0.00621	0.00612	0.00794	0.00536	0.00459	0.00975	0.08072	0.01570	0.10312	0.08296	0.61960	0.01298	0.00629	0.00182	0.00286	0.01092	0.00510	0.00492
53	0.02005	0.02558	0.01521	0.01383	0.01659	0.78980	0.01037	0.02143	0.01521	0.01314	0.00830	0.00968	0.00691	0.00553	0.00484	0.00138	0.00968	0.00346	0.00277	0.00622
54	0.01138	0.02391	0.58010	0.01900	0.15088	0.01263	0.09301	0.01693	0.01162	0.01711	0.00983	0.01198	0.00722	0.00499	0.00526	0.00169	0.00778	0.00434	0.00238	0.00796
55	0.02399	0.00929	0.01255	0.00962	0.01378	0.00812	0.00795	0.04529	0.01562	0.76209	0.02096	0.01813	0.01318	0.00664	0.00540	0.00166	0.00460	0.00538	0.00661	0.00914
56	0.00922	0.00578	0.00724	0.00707	0.00821	0.00638	0.00547	0.02604	0.01039	0.01682	0.03308	0.02049	0.01412	0.02107	0.34164	0.00447	0.03672	0.00542	0.41532	0.00503
57	0.01968	0.01346	0.01465	0.01137	0.01535	0.01464	0.00935	0.60317	0.03827	0.10728	0.01432	0.01422	0.01012	0.00646	0.00523	0.00159	0.00543	0.00493	0.08175	0.00874
58	0.00849	0.00607	0.00847	0.00970	0.01087	0.00604	0.00837	0.01085	0.01220	0.01589	0.02851	0.11681	0.03124	0.01498	0.00737	0.00245	0.00481	0.68705	0.00495	0.00490
59	0.00781	0.00520	0.00585	0.00585	0.00585	0.00520	0.00325	0.00781	0.00781	0.01041	0.01691	0.03513	0.01952	0.81135	0.02732	0.00520	0.00520	0.00781	0.00325	0.00325

[dist]
# distance from previous block
# <min> <max>
0	28

[block]
# block no. 4 follows, 45 sequences, length 34
# corresponding to MSA columns:
# 284-317
name=unknown_E
#
# <colnr> <probs for GDERKNQSTAVLIFYWHMCP>
#	G	D	E	R	K	N	Q	S	T	A	V	L	I	F	Y	W	H	M	C	P
0	0.02299	0.01089	0.01355	0.01038	0.01458	0.01050	0.00858	0.24474	0.01831	0.55885	0.01871	0.01667	0.01205	0.00658	0.00539	0.00165	0.00497	0.00523	0.00626	0.00913
1	0.01174	0.01174	0.01644	0.01409	0.01409	0.01644	0.01174	0.01292	0.00822	0.01292	0.00705	0.01174	0.00705	0.00940	0.01762	0.00235	0.80153	0.00470	0.00235	0.00587
2	0.01391	0.01141	0.01215	0.01085	0.01395	0.01307	0.00846	0.02840	0.72892	0.06203	0.02181	0.01994	0.01622	0.00725	0.00546	0.00181	0.00426	0.00603	0.00552	0.00853
3	0.02005	0.02558	0.01521	0.01383	0.01659	0.78980	0.01037	0.02143	0.01521	0.01314	0.00830	0.00968	0.00691	0.00553	0.00484	0.00138	0.00968	0.00346	0.00277	0.00622
4	0.01113	0.00954	0.01113	0.00795	0.01272	0.00716	0.00636	0.01352	0.01113	0.01749	0.00954	0.01113	0.00795	0.00398	0.00398	0.00080	0.00398	0.00318	0.00318	0.84417
5	0.00654	0.00467	0.00623	0.00747	0.00779	0.00436	0.00498	0.00747	0.01028	0.01370	0.02959	0.80785	0.03550	0.01682	0.00685	0.00218	0.00311	0.01526	0.00498	0.00436
6	0.01174	0.01174	0.01644	0.01409	0.01409	0.01644	0.01174	0.01292	0.00822	0.01292	0.00705	0.01174	0.00705	0.00940	0.01762	0.00235	0.80153	0.00470	0.00235	0.00587
7	0.00949	0.00823	0.01398	0.01173	0.01425	0.00750	0.20644	0.01179	0.01153	0.03795	0.02369	0.30766	0.08461	0.03009	0.00686	0.00199	0.00509	0.10317	0.00418	0.09977
8	0.01467	0.71279	0.02662	0.00968	0.01401	0.02065	0.00939	0.07168	0.01184	0.01423	0.00785	0.00909	0.00706	0.00498	0.00433	0.00125	0.04724	0.00311	0.00253	0.00700
9	0.00747	0.00544	0.00703	0.00672	0.00796	0.00500	0.00501	0.00986	0.01477	0.02073	0.69602	0.08076	0.09026	0.01142	0.00636	0.00172	0.00257	0.01009	0.00581	0.00500
10	0.00790	0.00517	0.00593	0.00593	0.00593	0.00517	0.00334	0.00775	0.00775	0.01034	0.01644	0.03394	0.01887	0.76145	0.02692	0.05800	0.00517	0.00761	0.00319	0.00319
11	0.01232	0.01273	0.02397	0.04844	0.17232	0.01187	0.39167	0.01597	0.01206	0.01713	0.01028	0.01339	0.00811	0.00457	0.00575	0.00153	0.02211	0.00519	0.00280	0.20782
12	0.02041	0.01504	0.01611	0.01235	0.01665	0.01665	0.01020	0.75997	0.02524	0.03383	0.01289	0.01289	0.00913	0.00644	0.00537	0.00161	0.00591	0.00483	0.00537	0.00913
13	0.00743	0.00548	0.00694	0.00658	0.00792	0.00499	0.00493	0.00981	0.01480	0.02059	0.67936	0.04163	0.14690	0.01132	0.00633	0.00170	0.00256	0.00992	0.00579	0.00499
14	0.01547	0.00777	0.01012	0.00830	0.01116	0.00697	0.00660	0.05429	0.01551	0.34554	0.36810	0.02763	0.03000	0.00847	0.00574	0.00162	0.00366	0.00722	0.00602	0.05982
15	0.01105	0.01097	0.01811	0.60264	0.08074	0.04119	0.09453	0.01451	0.01109	0.01427	0.00956	0.01398	0.00733	0.00543	0.00600	0.00179	0.04321	0.00489	0.00245	0.00627
16	0.00779	0.00529	0.00629	0.00646	0.00665	0.00533	0.00402	0.00817	0.00837	0.01120	0.01843	0.08321	0.02098	0.64689	0.07667	0.00504	0.00568	0.06650	0.00347	0.00356
17	0.01077	0.02777	0.78354	0.01530	0.02323	0.01247	0.01983	0.01700	0.01133	0.01700	0.00963	0.01133	0.00680	0.00510	0.00510	0.00170	0.00793	0.00397	0.00227	0.00793
18	0.09964	0.01012	0.01251	0.00971	0.01375	0.00962	0.00801	0.14300	0.01637	0.57495	0.03447	0.01698	0.01271	0.00655	0.00522	0.00165	0.00470	0.00517	0.00612	0.00874
19	0.01077	0.02777	0.78354	0.01530	0.02323	0.01247	0.01983	0.01700	0.01133	0.01700	0.00963	0.01133	0.00680	0.00510	0.00510	0.00170	0.00793	0.00397	0.00227	0.00793
20	0.00760	0.00549	0.00718	0.00675	0.00802	0.00506	0.00506	0.01013	0.01519	0.02153	0.77503	0.04010	0.05065	0.01097	0.00633	0.00169	0.00253	0.00971	0.00591	0.00506
21	0.00753	0.00548	0.00708	0.00668	0.00798	0.00504	0.00501	0.01000	0.01503	0.02115	0.73601	0.04072	0.08991	0.01112	0.00633	0.00170	0.00254	0.00980	0.00586	0.00504
22	0.02318	0.01021	0.01297	0.01007	0.01410	0.05719	0.02595	0.02528	0.01529	0.69742	0.03745	0.01814	0.01362	0.00662	0.00541	0.00165	0.00495	0.00540	0.00629	0.00881
23	0.00865	0.00618	0.00865	0.00989	0.01112	0.00618	0.00865	0.01112	0.01236	0.01606	0.02842	0.06055	0.03089	0.01483	0.00741	0.00247	0.00494	0.74174	0.00494	0.00494
24	0.01335	0.01153	0.01214	0.01092	0.01396	0.01335	0.00850	0.02852	0.76817	0.02245	0.02185	0.02003	0.01639	0.00728	0.00546	0.00182	0.00425	0.00607	0.00546	0.00850
25	0.02390	0.00943	0.01264	0.00969	0.01385	0.00832	0.00800	0.06248	0.01585	0.74457	0.02077	0.01800	0.01308	0.00663	0.00540	0.00166	0.00463	0.00537	0.00658	0.00913
26	0.02309	0.02649	0.01334	0.01001	0.01417	0.00964	0.00829	0.14080	0.03209	0.63356	0.01962	0.01727	0.01257	0.00658	0.00536	0.00165	0.00479	0.00527	0.00633	0.00908
27	0.00672	0.00484	0.00628	0.00737	0.00781	0.00452	0.00501	0.00771	0.01036	0.01368	0.03035	0.66923	0.08280	0.06652	0.00814	0.00236	0.00332	0.05378	0.00487	0.00433
28	0.00670	0.00475	0.00622	0.00729	0.00760	0.00447	0.00481	0.00759	0.01018	0.01362	0.05200	0.70490	0.03436	0.09738	0.00892	0.00247	0.00331	0.01433	0.00484	0.00427
29	0.81457	0.01058	0.00823	0.00728	0.01064	0.01223	0.00600	0.04694	0.00981	0.02449	0.00770	0.00889	0.00595	0.00504	0.00341	0.00166	0.00423	0.00299	0.00341	0.00595
30	0.04205	0.01501	0.01560	0.01209	0.01625	0.04100	0.00994	0.69808	0.02417	0.03243	0.01362	0.01363	0.02780	0.00655	0.00532	0.00161	0.00590	0.00490	0.00522	0.00883
31	0.01308	0.01255	0.02142	0.08193	0.73046	0.01270	0.01637	0.01630	0.01213	0.01729	0.01006	0.01335	0.00842	0.00482	0.00532	0.00161	0.00643	0.00478	0.00264	0.00834
32	0.01063	0.02424	0.64008	0.01483	0.03799	0.01204	0.01778	0.01642	0.03527	0.01686	0.02603	0.06238	0.00981	0.00623	0.00587	0.00176	0.04666	0.00491	0.00262	0.00758
33	0.01320	0.01334	0.05193	0.02530	0.48234	0.03631	0.07505	0.05385	0.07528	0.01836	0.01309	0.03819	0.03317	0.00568	0.00541	0.00162	0.00626	0.00538	0.00318	0.04308

[dist]
# distance from previous block
# <min> <max>
0	2

[block]
# block no. 5 follows, 45 sequences, length 176
# corresponding to MSA columns:
# 320-415,417-496
name=unknown_F
#
# <colnr> <probs for GDERKNQSTAVLIFYWHMCP>
#	G	D	E	R	K	N	Q	S	T	A	V	L	I	F	Y	W	H	M	C	P
0	0.81390	0.04445	0.00875	0.00715	0.01052	0.01243	0.00596	0.01579	0.00921	0.02360	0.00747	0.00872	0.00586	0.00497	0.00333	0.00164	0.00422	0.00291	0.00328	0.00586
1	0.83106	0.01076	0.02473	0.00724	0.01066	0.01205	0.00612	0.01581	0.00918	0.02393	0.00752	0.00878	0.00583	0.00499	0.00336	0.00166	0.00423	0.00293	0.00330	0.00586
2	0.01239	0.01523	0.09594	0.02214	0.07299	0.01315	0.62040	0.01691	0.01251	0.01716	0.01136	0.01585	0.00890	0.00497	0.00620	0.00181	0.00864	0.03340	0.00276	0.00729
3	0.00670	0.00545	0.00594	0.00582	0.00747	0.00468	0.00436	0.00840	0.01309	0.01652	0.26139	0.04834	0.56741	0.01284	0.00634	0.00178	0.00267	0.01086	0.00525	0.00468
4	0.01001	0.00500	0.00500	0.00500	0.00625	0.00500	0.00375	0.01251	0.01126	0.02001	0.01751	0.02001	0.01376	0.00625	0.00375	0.00125	0.00250	0.00500	0.84115	0.00500
5	0.84927	0.01038	0.00789	0.00706	0.01038	0.01204	0.00581	0.01578	0.00914	0.02408	0.00747	0.00872	0.00581	0.00498	0.00332	0.00166	0.00415	0.00291	0.00332	0.00581
6	0.02005	0.02558	0.01521	0.01383	0.01659	0.78980	0.01037	0.02143	0.01521	0.01314	0.00830	0.00968	0.00691	0.00553	0.00484	0.00138	0.00968	0.00346	0.00277	0.00622
7	0.00865	0.00618	0.00865	0.00989	0.01112	0.00618	0.00865	0.01112	0.01236	0.01606	0.02842	0.06055	0.03089	0.01483	0.00741	0.00247	0.00494	0.74174	0.00494	0.00494
8	0.01335	0.01153	0.01214	0.01092	0.01396	0.01335	0.00850	0.02852	0.76817	0.02245	0.02185	0.02003	0.01639	0.00728	0.00546	0.00182	0.00425	0.00607	0.00546	0.00850
9	0.02041	0.01504	0.01611	0.01235	0.01665	0.01665	0.01020	0.75997	0.02524	0.03383	0.01289	0.01289	0.00913	0.00644	0.00537	0.00161	0.00591	0.00483	0.00537	0.00913
10	0.84927	0.01038	0.00789	0.00706	0.01038	0.01204	0.00581	0.01578	0.00914	0.02408	0.00747	0.00872	0.00581	0.00498	0.00332	0.00166	0.00415	0.00291	0.00332	0.00581
11	0.84927	0.01038	0.00789	0.00706	0.01038	0.01204	0.00581	0.01578	0.00914	0.02408	0.00747	0.00872	0.00581	0.00498	0.00332	0.00166	0.00415	0.00291	0.00332	0.00581
12	0.01335	0.01153	0.01214	0.01092	0.01396	0.01335	0.00850	0.02852	0.76817	0.02245	0.02185	0.02003	0.01639	0.00728	0.00546	0.00182	0.00425	0.00607	0.00546	0.00850
13	0.01077	0.02777	0.78354	0.01530	0.02323	0.01247	0.01983	0.01700	0.01133	0.01700	0.00963	0.01133	0.00680	0.00510	0.00510	0.00170	0.00793	0.00397	0.00227	0.00793
14	0.02041	0.01504	0.01611	0.01235	0.01665	0.01665	0.01020	0.75997	0.02524	0.03383	0.01289	0.01289	0.00913	0.00644	0.00537	0.00161	0.00591	0.00483	0.00537	0.00913
15	0.00634	0.00544	0.00544	0.00544	0.00725	0.00453	0.00408	0.00770	0.01224	0.01450	0.05438	0.05166	0.77569	0.01359	0.00634	0.00181	0.00272	0.01133	0.00498	0.00453
16	0.00666	0.00477	0.00634	0.00739	0.00781	0.00444	0.00499	0.00779	0.01085	0.01462	0.11713	0.71768	0.03728	0.01613	0.00679	0.00212	0.00305	0.01461	0.00509	0.00444
17	0.00690	0.00493	0.00664	0.00788	0.00835	0.00467	0.00560	0.00809	0.01063	0.01410	0.02939	0.68194	0.03473	0.01648	0.00695	0.00223	0.00342	0.13766	0.00498	0.00446
18	0.02408	0.00914	0.01246	0.00955	0.01370	0.00789	0.00789	0.02616	0.01536	0.78158	0.02118	0.01827	0.01329	0.00664	0.00540	0.00166	0.00457	0.00540	0.00664	0.00914
19	0.00760	0.00549	0.00718	0.00675	0.00802	0.00506	0.00506	0.01013	0.01519	0.02153	0.77503	0.04010	0.05065	0.01097	0.00633	0.00169	0.00253	0.00971	0.00591	0.00506
20	0.01329	0.01275	0.02179	0.03295	0.77787	0.01275	0.01647	0.01647	0.01222	0.01754	0.01010	0.01329	0.00850	0.00478	0.00531	0.00159	0.00638	0.00478	0.00266	0.00850
21	0.01751	0.01360	0.01448	0.01177	0.01554	0.01530	0.00950	0.45995	0.32997	0.02916	0.01656	0.01582	0.01211	0.00679	0.00541	0.00170	0.00523	0.00534	0.00541	0.00887
22	0.01931	0.01449	0.01549	0.01213	0.01623	0.01613	0.00994	0.64595	0.14105	0.03206	0.01428	0.01400	0.01026	0.00657	0.00538	0.00164	0.00565	0.00503	0.00538	0.00903
23	0.01014	0.00954	0.01610	0.79845	0.03697	0.01193	0.01491	0.01371	0.01073	0.01371	0.00954	0.01431	0.00716	0.00537	0.00537	0.00179	0.00716	0.00477	0.00239	0.00596
24	0.01435	0.81458	0.02813	0.00918	0.01378	0.02124	0.00918	0.01607	0.01091	0.01263	0.00746	0.00861	0.00689	0.00459	0.00344	0.00115	0.00574	0.00287	0.00230	0.00689
25	0.00767	0.00574	0.00857	0.00857	0.00950	0.00668	0.00663	0.00955	0.00861	0.01242	0.01443	0.02140	0.01356	0.05739	0.77314	0.00855	0.01417	0.00580	0.00288	0.00476
26	0.00860	0.00614	0.00859	0.00983	0.01104	0.00613	0.00856	0.01103	0.01231	0.01601	0.02845	0.07873	0.03100	0.01488	0.00740	0.00246	0.00490	0.72406	0.00494	0.00493
27	0.01260	0.01236	0.02102	0.22072	0.52100	0.02855	0.07370	0.01595	0.01195	0.01648	0.00998	0.01356	0.00811	0.00492	0.00540	0.00165	0.00684	0.00487	0.00260	0.00773
28	0.04322	0.01043	0.01209	0.00994	0.01328	0.02767	0.00802	0.18854	0.10965	0.31483	0.03465	0.02058	0.05276	0.02999	0.08014	0.00243	0.00575	0.02264	0.00544	0.00792
29	0.01369	0.01295	0.02034	0.07524	0.62203	0.03282	0.01536	0.06027	0.06085	0.01845	0.01092	0.01366	0.00892	0.00509	0.00532	0.00162	0.00635	0.00483	0.00298	0.00833
30	0.01291	0.01237	0.02112	0.12338	0.69034	0.01266	0.01629	0.01615	0.01205	0.01709	0.01003	0.01341	0.00834	0.00485	0.00532	0.00162	0.00647	0.00478	0.00262	0.00820
31	0.83210	0.01048	0.00806	0.00717	0.01051	0.01214	0.00590	0.03119	0.00947	0.02429	0.00759	0.00881	0.00588	0.00501	0.00336	0.00166	0.00419	0.00295	0.00336	0.00588
32	0.00639	0.00544	0.00551	0.00549	0.00728	0.00455	0.00412	0.00780	0.01236	0.01479	0.08356	0.05119	0.74632	0.01349	0.00634	0.00181	0.00271	0.01126	0.00502	0.00455
33	0.01334	0.01172	0.01362	0.01431	0.13131	0.01326	0.00972	0.02667	0.65204	0.02170	0.02004	0.01899	0.01517	0.00690	0.00544	0.00179	0.00458	0.00587	0.00503	0.00850
34	0.01297	0.01171	0.01890	0.26911	0.40266	0.02996	0.04473	0.04616	0.01244	0.04544	0.01078	0.01405	0.00848	0.00518	0.00529	0.00165	0.00654	0.00485	0.04162	0.00749
35	0.01113	0.00954	0.01113	0.00795	0.01272	0.00716	0.00636	0.01352	0.01113	0.01749	0.00954	0.01113	0.00795	0.00398	0.00398	0.00080	0.00398	0.00318	0.00318	0.84417
36	0.01077	0.02777	0.78354	0.01530	0.02323	0.01247	0.01983	0.01700	0.01133	0.01700	0.00963	0.01133	0.00680	0.00510	0.00510	0.00170	0.00793	0.00397	0.00227	0.00793
37	0.00850	0.00613	0.00844	0.00959	0.01086	0.00607	0.00834	0.01089	0.01235	0.01596	0.03016	0.05996	0.08070	0.01475	0.00734	0.00243	0.00479	0.69289	0.00495	0.00492
38	0.00638	0.00544	0.00548	0.00547	0.00727	0.00455	0.00410	0.00777	0.01231	0.01468	0.07292	0.05136	0.75703	0.01353	0.00634	0.00181	0.00271	0.01129	0.00501	0.00455
39	0.00640	0.00546	0.00552	0.00556	0.00735	0.00457	0.00420	0.00779	0.01224	0.01454	0.05369	0.05189	0.75604	0.01363	0.00637	0.00183	0.00278	0.03060	0.00498	0.00454
40	0.01431	0.00944	0.01146	0.00834	0.01296	0.00734	0.00674	0.01662	0.01217	0.20494	0.01240	0.01288	0.00926	0.00463	0.00432	0.00101	0.00412	0.00372	0.00403	0.63931
41	0.02789	0.02080	0.53882	0.01266	0.01847	0.01024	0.01519	0.01479	0.01211	0.01800	0.18796	0.06741	0.01871	0.00718	0.00546	0.00173	0.00630	0.00597	0.00330	0.00700
42	0.02041	0.01504	0.01611	0.01235	0.01665	0.01665	0.01020	0.75997	0.02524	0.03383	0.01289	0.01289	0.00913	0.00644	0.00537	0.00161	0.00591	0.00483	0.00537	0.00913
43	0.16899	0.00950	0.01174	0.00918	0.01319	0.00883	0.00758	0.04219	0.01451	0.63029	0.01857	0.01646	0.01187	0.00635	0.00503	0.00166	0.00453	0.00495	0.00603	0.00855
44	0.01174	0.01174	0.01644	0.01409	0.01409	0.01644	0.01174	0.01292	0.00822	0.01292	0.00705	0.01174	0.00705	0.00940	0.01762	0.00235	0.80153	0.00470	0.00235	0.00587
45	0.02041	0.01504	0.01611	0.01235	0.01665	0.01665	0.01020	0.75997	0.02524	0.03383	0.01289	0.01289	0.00913	0.00644	0.00537	0.00161	0.00591	0.00483	0.00537	0.00913
46	0.02408	0.00914	0.01246	0.00955	0.01370	0.00789	0.00789	0.02616	0.01536	0.78158	0.02118	0.01827	0.01329	0.00664	0.00540	0.00166	0.00457	0.00540	0.00664	0.00914
47	0.00767	0.00575	0.00863	0.00863	0.00959	0.00671	0.00671	0.00959	0.00863	0.01246	0.01438	0.02109	0.01342	0.04026	0.79008	0.00863	0.01438	0.00575	0.00288	0.00479
48	0.01459	0.78116	0.02758	0.00938	0.01390	0.05380	0.00924	0.01630	0.01109	0.01265	0.00750	0.00866	0.00689	0.00463	0.00350	0.00116	0.00591	0.00290	0.00232	0.00686
49	0.01329	0.01275	0.02179	0.03295	0.77787	0.01275	0.01647	0.01647	0.01222	0.01754	0.01010	0.01329	0.00850	0.00478	0.00531	0.00159	0.00638	0.00478	0.00266	0.00850
50	0.02408	0.00914	0.01246	0.00955	0.01370	0.00789	0.00789	0.02616	0.01536	0.78158	0.02118	0.01827	0.01329	0.00664	0.00540	0.00166	0.00457	0.00540	0.00664	0.00914
51	0.02408	0.00914	0.01246	0.00955	0.01370	0.00789	0.00789	0.02616	0.01536	0.78158	0.02118	0.01827	0.01329	0.00664	0.00540	0.00166	0.00457	0.00540	0.00664	0.00914
52	0.01251	0.01519	0.07837	0.02177	0.02711	0.01364	0.67744	0.01699	0.01238	0.01699	0.01061	0.01416	0.00801	0.00479	0.00678	0.00183	0.04547	0.00611	0.00267	0.00722
53	0.00767	0.00575	0.00863	0.00863	0.00959	0.00671	0.00671	0.00959	0.00863	0.01246	0.01438	0.02109	0.01342	0.04026	0.79008	0.00863	0.01438	0.00575	0.00288	0.00479
54	0.00780	0.00522	0.00591	0.00591	0.00593	0.00524	0.00332	0.00784	0.00782	0.01045	0.01686	0.03484	0.01939	0.79542	0.04308	0.00527	0.00539	0.00776	0.00324	0.00328
55	0.01823	0.02236	0.01772	0.01802	0.15632	0.58634	0.07101	0.02019	0.01446	0.01426	0.00883	0.01072	0.00730	0.00531	0.00505	0.00146	0.00903	0.00393	0.00274	0.00672
56	0.00634	0.00544	0.00544	0.00544	0.00725	0.00453	0.00408	0.00770	0.01224	0.01450	0.05438	0.05166	0.77569	0.01359	0.00634	0.00181	0.00272	0.01133	0.00498	0.00453
57	0.01329	0.01275	0.02179	0.03295	0.77787	0.01275	0.01647	0.01647	0.01222	0.01754	0.01010	0.01329	0.00850	0.00478	0.00531	0.00159	0.00638	0.00478	0.00266	0.00850
58	0.00673	0.00482	0.00640	0.00734	0.00783	0.00449	0.00500	0.00796	0.01117	0.01512	0.16500	0.66838	0.03825	0.01576	0.00676	0.00209	0.00301	0.01425	0.00515	0.00449
59	0.00971	0.00661	0.01060	0.26807	0.04951	0.00739	0.00853	0.00961	0.00850	0.01119	0.00979	0.02986	0.00905	0.01367	0.01493	0.51633	0.00553	0.00489	0.00241	0.00382
60	0.00998	0.00937	0.01565	0.76486	0.03571	0.01161	0.01445	0.01346	0.01080	0.01375	0.01144	0.01589	0.03971	0.00572	0.00541	0.00179	0.00697	0.00505	0.00250	0.00590
