[name]
unknown

[dist]
# distance from previous block
# <min> <max>
61	377

[block]
# block no. 0 follows, 47 sequences, length 18
# corresponding to MSA columns:
# 426-443
name=unknown_A
#
# <colnr> <probs for GDERKNQSTAVLIFYWHMCP>
#	G	D	E	R	K	N	Q	S	T	A	V	L	I	F	Y	W	H	M	C	P
0	0.17053	0.12861	0.23358	0.01400	0.05272	0.06627	0.16145	0.01631	0.01121	0.03021	0.02315	0.01135	0.00771	0.00484	0.00460	0.00152	0.00663	0.00405	0.00271	0.04853
1	0.19711	0.08942	0.32048	0.03429	0.10466	0.01250	0.08302	0.01626	0.01085	0.05404	0.00980	0.02827	0.00760	0.00511	0.00462	0.00160	0.00636	0.00415	0.00277	0.00709
2	0.09210	0.01721	0.38215	0.02978	0.06210	0.01027	0.02760	0.03105	0.02985	0.01733	0.02941	0.09149	0.02683	0.00783	0.03836	0.00191	0.00627	0.00534	0.04400	0.04913
3	0.05525	0.24339	0.35547	0.01335	0.05630	0.05135	0.04959	0.01683	0.01130	0.06432	0.00938	0.01072	0.00715	0.00485	0.00446	0.00146	0.00666	0.00369	0.00262	0.03186
4	0.05328	0.10869	0.22607	0.04219	0.03373	0.03316	0.10616	0.03436	0.02767	0.05538	0.15333	0.07333	0.01712	0.00683	0.00520	0.00162	0.00581	0.00592	0.00352	0.00663
5	0.19932	0.18484	0.12134	0.01012	0.01443	0.02365	0.06065	0.03794	0.02790	0.07208	0.03163	0.02422	0.00921	0.01958	0.00482	0.00147	0.01853	0.00400	0.00321	0.13105
6	0.10612	0.12419	0.21518	0.00984	0.01407	0.01066	0.02667	0.02769	0.03336	0.05004	0.06028	0.04542	0.06274	0.04223	0.02298	0.02265	0.00538	0.00509	0.00330	0.11211
7	0.01267	0.12631	0.07415	0.01123	0.04484	0.11134	0.04446	0.06621	0.10046	0.01551	0.01239	0.04831	0.02380	0.00869	0.00832	0.17531	0.02906	0.00485	0.04415	0.03795
8	0.01392	0.82012	0.02729	0.00891	0.01337	0.02061	0.00891	0.01559	0.01058	0.01225	0.00724	0.00835	0.00668	0.00446	0.00334	0.00111	0.00557	0.00278	0.00223	0.00668
9	0.01094	0.03975	0.01110	0.00783	0.01202	0.00740	0.00625	0.02768	0.01107	0.03338	0.01133	0.08716	0.01035	0.00517	0.00416	0.00095	0.00389	0.00427	0.00333	0.70198
10	0.00809	0.00619	0.00692	0.00631	0.00850	0.00512	0.00475	0.00955	0.01137	0.05209	0.03714	0.12784	0.44560	0.05157	0.00674	0.00177	0.00319	0.02499	0.00447	0.17783
11	0.00859	0.00643	0.00942	0.14468	0.01376	0.00671	0.02841	0.01055	0.01124	0.05650	0.15269	0.26340	0.08569	0.03347	0.06772	0.00248	0.02840	0.06050	0.00430	0.00504
12	0.01396	0.08188	0.03812	0.26800	0.21861	0.05255	0.02904	0.20073	0.01454	0.01910	0.00999	0.01252	0.00773	0.00524	0.00502	0.00157	0.00651	0.00444	0.00311	0.00734
13	0.00838	0.00591	0.00674	0.00635	0.00708	0.00570	0.00397	0.04439	0.00896	0.01224	0.01665	0.10700	0.01876	0.61187	0.02109	0.00413	0.00475	0.00766	0.00341	0.09493
14	0.00789	0.00537	0.00616	0.00620	0.00642	0.00539	0.00371	0.03960	0.00867	0.01157	0.01821	0.15759	0.02098	0.65494	0.02244	0.00443	0.00475	0.00861	0.00351	0.00357
15	0.05183	0.01248	0.04746	0.20417	0.37205	0.06129	0.06244	0.01520	0.01155	0.01617	0.03147	0.03070	0.00933	0.00521	0.00510	0.00157	0.00640	0.00482	0.00271	0.04805
16	0.05630	0.01244	0.04960	0.02727	0.01468	0.01288	0.00903	0.34836	0.20905	0.09364	0.01535	0.03867	0.01171	0.02795	0.00646	0.04358	0.00509	0.00527	0.00484	0.00782
17	0.01042	0.01030	0.01867	0.59482	0.03282	0.01169	0.17750	0.01403	0.01084	0.01422	0.00953	0.01377	0.00719	0.00496	0.00534	0.00169	0.00719	0.00488	0.00242	0.04771

[dist]
# distance from previous block
# <min> <max>
28	90

[block]
# block no. 1 follows, 47 sequences, length 16
# corresponding to MSA columns:
# 545-560
name=unknown_B
#
# <colnr> <probs for GDERKNQSTAVLIFYWHMCP>
#	G	D	E	R	K	N	Q	S	T	A	V	L	I	F	Y	W	H	M	C	P
0	0.05788	0.04493	0.19704	0.03638	0.01522	0.04193	0.01024	0.04565	0.16519	0.04541	0.04318	0.04257	0.04151	0.04527	0.00630	0.00172	0.03098	0.00518	0.00365	0.11976
1	0.08923	0.15323	0.20093	0.01226	0.04559	0.03848	0.03585	0.08831	0.18432	0.01906	0.03301	0.01325	0.01015	0.00565	0.00492	0.00155	0.02265	0.00435	0.00345	0.03378
2	0.45189	0.03341	0.02722	0.00907	0.01262	0.07223	0.00756	0.16894	0.06499	0.09224	0.01055	0.01097	0.00776	0.00545	0.00409	0.00158	0.00494	0.00368	0.00396	0.00685
3	0.01052	0.00605	0.00760	0.00695	0.00886	0.00540	0.00533	0.01236	0.01313	0.19047	0.28051	0.10938	0.25579	0.01254	0.04920	0.00208	0.00364	0.00924	0.00538	0.00557
4	0.00941	0.00604	0.00782	0.00744	0.00902	0.00565	0.00583	0.03593	0.01416	0.09708	0.46653	0.08610	0.09025	0.01118	0.00622	0.00179	0.00318	0.12551	0.00553	0.00535
5	0.27977	0.01520	0.22206	0.09157	0.03329	0.05417	0.01099	0.07509	0.02145	0.04300	0.05078	0.03863	0.01031	0.02683	0.00513	0.00172	0.00572	0.00447	0.00327	0.00653
6	0.03095	0.09689	0.63251	0.01499	0.03866	0.01293	0.07005	0.01638	0.01102	0.01630	0.00920	0.01095	0.00671	0.00485	0.00485	0.00161	0.00746	0.00391	0.00226	0.00752
7	0.00635	0.00524	0.00557	0.00557	0.00717	0.00446	0.00415	0.00781	0.01219	0.01504	0.15985	0.09020	0.63244	0.01298	0.00618	0.00176	0.00263	0.01097	0.00497	0.00446
8	0.00676	0.00485	0.00639	0.00726	0.00784	0.00456	0.00513	0.00803	0.01086	0.01456	0.14031	0.55981	0.06173	0.04772	0.00742	0.00218	0.00320	0.09214	0.00489	0.00435
9	0.08949	0.01534	0.13662	0.08262	0.13317	0.08878	0.18670	0.03248	0.04862	0.09349	0.01102	0.01295	0.00821	0.00524	0.00554	0.00165	0.03304	0.00469	0.00313	0.00722
10	0.00800	0.00630	0.00805	0.00959	0.11034	0.00591	0.00586	0.00975	0.03496	0.03139	0.08001	0.18448	0.32089	0.14973	0.00955	0.00235	0.00367	0.00990	0.00435	0.00491
11	0.02236	0.00908	0.01208	0.00932	0.01322	0.00810	0.00768	0.07520	0.01555	0.69986	0.05647	0.01838	0.01435	0.00663	0.00528	0.00161	0.00443	0.00540	0.00633	0.00867
12	0.01074	0.01010	0.01706	0.47921	0.29667	0.01151	0.01445	0.01397	0.01078	0.01452	0.00977	0.01398	0.00781	0.00732	0.05912	0.00212	0.00715	0.00470	0.00244	0.00657
13	0.01814	0.03461	0.03807	0.02432	0.04154	0.41734	0.03443	0.21807	0.05487	0.03550	0.01053	0.01147	0.00810	0.00564	0.00490	0.00145	0.00762	0.00406	0.02224	0.00709
14	0.00753	0.00539	0.00708	0.00762	0.00850	0.00501	0.00539	0.00871	0.01034	0.03659	0.04296	0.63914	0.03060	0.01441	0.00663	0.00198	0.02524	0.04592	0.00466	0.08632
15	0.02880	0.01015	0.04475	0.00911	0.03752	0.00791	0.00730	0.02945	0.05235	0.08684	0.04197	0.01307	0.01023	0.00467	0.00425	0.00103	0.00415	0.00379	0.00360	0.59907

[dist]
# distance from previous block
# <min> <max>
0	2

[block]
# block no. 2 follows, 47 sequences, length 9
# corresponding to MSA columns:
# 563-571
name=unknown_C
#
# <colnr> <probs for GDERKNQSTAVLIFYWHMCP>
#	G	D	E	R	K	N	Q	S	T	A	V	L	I	F	Y	W	H	M	C	P
0	0.14460	0.17746	0.32152	0.01333	0.01889	0.01355	0.15732	0.01617	0.01106	0.03807	0.03623	0.01182	0.00838	0.00497	0.00464	0.00156	0.00663	0.00415	0.00269	0.00698
1	0.13052	0.06237	0.05725	0.01230	0.01538	0.51831	0.00997	0.06637	0.01381	0.01561	0.00819	0.00960	0.00670	0.00547	0.00511	0.00145	0.04905	0.00343	0.00284	0.00627
2	0.01398	0.01105	0.01547	0.05785	0.02927	0.01118	0.13846	0.23461	0.07746	0.07395	0.06884	0.06933	0.03455	0.00693	0.00543	0.00159	0.00536	0.02254	0.00436	0.11779
3	0.16970	0.00953	0.01002	0.00889	0.01169	0.01047	0.00699	0.02145	0.39092	0.11192	0.14451	0.02147	0.04623	0.00738	0.00507	0.00170	0.00381	0.00600	0.00510	0.00715
4	0.00669	0.00471	0.00590	0.00671	0.00699	0.00447	0.00431	0.00735	0.00937	0.01241	0.02623	0.55580	0.06306	0.24627	0.01233	0.00294	0.00359	0.01256	0.00435	0.00393
5	0.40699	0.01197	0.10525	0.00894	0.01276	0.01092	0.00815	0.05992	0.09004	0.16771	0.06077	0.01380	0.01111	0.00583	0.00432	0.00163	0.00456	0.00424	0.00419	0.00690
6	0.06826	0.13620	0.63065	0.01347	0.02041	0.01325	0.01688	0.01629	0.01079	0.01637	0.00891	0.01045	0.00654	0.00487	0.00461	0.00157	0.00715	0.00363	0.00227	0.00742
7	0.04607	0.00643	0.02286	0.00754	0.00853	0.00619	0.04024	0.00982	0.00963	0.03963	0.11407	0.09579	0.02248	0.41309	0.06182	0.00381	0.01951	0.05079	0.01740	0.00429
8	0.00681	0.00487	0.00658	0.00779	0.00830	0.00463	0.00565	0.00806	0.01043	0.01382	0.02844	0.64028	0.03342	0.01587	0.00677	0.00218	0.00343	0.18347	0.00483	0.00436

[dist]
# distance from previous block
# <min> <max>
2	4

[block]
# block no. 3 follows, 47 sequences, length 19
# corresponding to MSA columns:
# 577-595
name=unknown_D
#
# <colnr> <probs for GDERKNQSTAVLIFYWHMCP>
#	G	D	E	R	K	N	Q	S	T	A	V	L	I	F	Y	W	H	M	C	P
0	0.02702	0.00706	0.00814	0.05984	0.00995	0.03943	0.00566	0.06457	0.00973	0.01338	0.01470	0.03818	0.01506	0.39761	0.22155	0.00498	0.00754	0.00636	0.04483	0.00441
1	0.03601	0.02889	0.26522	0.12262	0.05715	0.01161	0.06600	0.01536	0.01129	0.08705	0.10257	0.01561	0.01251	0.00642	0.00716	0.00175	0.13785	0.00502	0.00312	0.00678
2	0.57181	0.01249	0.06404	0.10044	0.02823	0.08351	0.00827	0.01610	0.01004	0.05264	0.00830	0.00981	0.00630	0.00500	0.00382	0.00160	0.00517	0.00328	0.00312	0.00602
3	0.03712	0.07013	0.01758	0.29557	0.30732	0.05071	0.01323	0.01572	0.01163	0.07726	0.02894	0.01472	0.00940	0.00539	0.00504	0.00160	0.00624	0.02249	0.00292	0.00698
4	0.00702	0.00510	0.00639	0.00659	0.00748	0.00473	0.00469	0.00859	0.01204	0.01633	0.35306	0.24312	0.13678	0.12035	0.00904	0.00227	0.00308	0.04394	0.00499	0.00443
5	0.33802	0.03744	0.01301	0.01040	0.02959	0.04669	0.00837	0.41107	0.01744	0.02744	0.01010	0.01071	0.00746	0.00559	0.00437	0.00156	0.00524	0.00386	0.00420	0.00743
6	0.01245	0.04310	0.47486	0.01423	0.04730	0.08347	0.05093	0.01762	0.05104	0.07700	0.06883	0.01405	0.01090	0.00559	0.00508	0.00161	0.00696	0.00454	0.00303	0.00741
7	0.10378	0.04803	0.18456	0.07322	0.27289	0.04491	0.01316	0.01657	0.08442	0.01777	0.08111	0.01474	0.01186	0.00557	0.00491	0.00159	0.00590	0.00469	0.00309	0.00721
8	0.01156	0.17464	0.51884	0.01385	0.02033	0.01337	0.08480	0.01635	0.01131	0.04031	0.04129	0.01214	0.00869	0.00509	0.00481	0.00156	0.00707	0.00413	0.00252	0.00736
9	0.05419	0.00574	0.00607	0.00569	0.00732	0.00579	0.00439	0.03001	0.01135	0.09007	0.01657	0.01860	0.01280	0.00767	0.04300	0.00163	0.00334	0.00482	0.66561	0.00534
10	0.00934	0.00973	0.06777	0.00828	0.01016	0.11845	0.00685	0.01162	0.01369	0.01804	0.47942	0.06303	0.07470	0.01027	0.00645	0.03342	0.00407	0.04482	0.00477	0.00513
11	0.00997	0.05518	0.55300	0.01391	0.04878	0.01104	0.04354	0.01473	0.01104	0.01581	0.01516	0.09162	0.08056	0.00674	0.00521	0.00168	0.00668	0.00562	0.00273	0.00701
12	0.00885	0.00552	0.00722	0.00727	0.00855	0.00505	0.00544	0.01062	0.01260	0.10592	0.29790	0.30536	0.10538	0.01269	0.00631	0.00188	0.00311	0.07991	0.00534	0.00508
13	0.00693	0.00507	0.00661	0.00766	0.00828	0.00487	0.00549	0.00866	0.04238	0.01404	0.02929	0.62984	0.06649	0.01549	0.00665	0.00213	0.00332	0.12745	0.00485	0.00449
14	0.14358	0.04932	0.17558	0.21889	0.08617	0.04444	0.02692	0.04091	0.01139	0.02866	0.07435	0.01413	0.01060	0.00615	0.00558	0.04349	0.00608	0.00449	0.00292	0.00635
15	0.04848	0.00736	0.01042	0.25011	0.01764	0.00788	0.00862	0.04087	0.01163	0.12555	0.04229	0.29737	0.03797	0.01027	0.00581	0.00188	0.00466	0.06127	0.00426	0.00566
16	0.00755	0.00539	0.00743	0.00863	0.00946	0.00527	0.00693	0.00934	0.01116	0.01464	0.02804	0.36849	0.03181	0.01518	0.00697	0.00228	0.00407	0.44798	0.00481	0.00456
17	0.51112	0.01006	0.02660	0.00765	0.01085	0.01071	0.00640	0.10764	0.01194	0.10005	0.04369	0.01307	0.02249	0.00569	0.00392	0.00157	0.00410	0.00394	0.09222	0.00627
18	0.09032	0.02169	0.41872	0.01532	0.09420	0.15197	0.04254	0.01741	0.01189	0.05603	0.02725	0.01176	0.00803	0.00517	0.00485	0.00158	0.00727	0.00403	0.00273	0.00724

[dist]
# distance from previous block
# <min> <max>
3	6

[block]
# block no. 4 follows, 47 sequences, length 11
# corresponding to MSA columns:
# 605-615
name=unknown_E
#
# <colnr> <probs for GDERKNQSTAVLIFYWHMCP>
#	G	D	E	R	K	N	Q	S	T	A	V	L	I	F	Y	W	H	M	C	P
0	0.28871	0.07515	0.06351	0.05871	0.01558	0.06490	0.06973	0.16155	0.01319	0.02136	0.00957	0.01106	0.00735	0.00511	0.00425	0.00148	0.00552	0.00380	0.05360	0.06585
1	0.01051	0.00577	0.00619	0.00586	0.00734	0.00580	0.00445	0.07240	0.01237	0.04370	0.07935	0.07622	0.01735	0.00718	0.00423	0.00135	0.00280	0.00592	0.62596	0.00526
2	0.00796	0.00506	0.00665	0.00730	0.00812	0.00464	0.00512	0.00914	0.01094	0.08203	0.08519	0.61289	0.08610	0.01476	0.00647	0.00202	0.00312	0.03273	0.00504	0.00471
3	0.01061	0.05791	0.01237	0.01017	0.01159	0.01100	0.00829	0.12493	0.01085	0.01533	0.01168	0.01643	0.01058	0.02509	0.44881	0.00549	0.19517	0.00504	0.00300	0.00565
4	0.00695	0.00479	0.00586	0.00648	0.00663	0.00463	0.00401	0.00741	0.00879	0.01172	0.02264	0.42891	0.02679	0.41143	0.01645	0.00356	0.00402	0.01124	0.00401	0.00370
5	0.00756	0.00529	0.00645	0.00650	0.00666	0.00554	0.00409	0.00795	0.00795	0.01080	0.01704	0.11421	0.01933	0.59485	0.13220	0.00511	0.03369	0.00796	0.00325	0.00357
6	0.01068	0.01926	0.41148	0.23502	0.02724	0.01218	0.17922	0.01565	0.01111	0.01565	0.00958	0.01245	0.00697	0.00490	0.00528	0.00170	0.00772	0.00456	0.00232	0.00702
7	0.00905	0.00452	0.00678	0.00678	0.00678	0.00452	0.00452	0.00678	0.00678	0.00905	0.00905	0.01583	0.00905	0.01809	0.02035	0.84848	0.00452	0.00452	0.00226	0.00226
8	0.00803	0.00574	0.00795	0.00902	0.01010	0.00566	0.00762	0.01022	0.01193	0.01570	0.08866	0.16158	0.03214	0.01435	0.00703	0.00230	0.00436	0.58801	0.00488	0.00473
9	0.25728	0.01133	0.03313	0.38308	0.02450	0.04072	0.06377	0.07925	0.02922	0.01840	0.00927	0.01209	0.00698	0.00517	0.00467	0.00167	0.00616	0.00418	0.00293	0.00620
10	0.05182	0.00773	0.07607	0.00827	0.00997	0.00624	0.00666	0.04791	0.01147	0.08697	0.07025	0.54216	0.02818	0.01298	0.00609	0.00195	0.00371	0.01153	0.00474	0.00530

[dist]
# distance from previous block
# <min> <max>
5	8

[block]
# block no. 5 follows, 47 sequences, length 30
# corresponding to MSA columns:
# 624-653
name=unknown_F
#
# <colnr> <probs for GDERKNQSTAVLIFYWHMCP>
#	G	D	E	R	K	N	Q	S	T	A	V	L	I	F	Y	W	H	M	C	P
0	0.01590	0.10820	0.01517	0.01097	0.01459	0.05386	0.00897	0.30469	0.33833	0.02422	0.01522	0.01472	0.01142	0.00626	0.00496	0.00156	0.00515	0.00485	0.00470	0.03625
1	0.01238	0.00982	0.01137	0.00829	0.01280	0.00806	0.00667	0.09022	0.03172	0.05679	0.01044	0.01153	0.00829	0.00431	0.00410	0.00092	0.00408	0.00342	0.00352	0.70125
2	0.01038	0.01004	0.01805	0.56577	0.08502	0.01150	0.14092	0.01381	0.01083	0.01415	0.01033	0.01591	0.00828	0.00571	0.00577	0.01943	0.00705	0.03851	0.00250	0.00605
3	0.03982	0.00965	0.01203	0.00944	0.01310	0.00924	0.00772	0.17270	0.03535	0.50120	0.11579	0.01920	0.01661	0.00692	0.00530	0.00161	0.00442	0.00562	0.00600	0.00827
4	0.00951	0.00561	0.00683	0.00659	0.00754	0.00591	0.00480	0.06057	0.01001	0.01545	0.01428	0.02013	0.01271	0.11097	0.17757	0.18452	0.00584	0.00525	0.33159	0.00433
5	0.01436	0.01054	0.01179	0.01055	0.03752	0.01148	0.00799	0.33261	0.17563	0.04361	0.01834	0.18621	0.01633	0.00851	0.00538	0.00169	0.00447	0.00713	0.08854	0.00732
6	0.00929	0.00596	0.00732	0.00682	0.00854	0.00543	0.00516	0.01179	0.04788	0.11812	0.38612	0.11384	0.23142	0.01115	0.00604	0.00172	0.00289	0.00965	0.00549	0.00538
7	0.05937	0.00570	0.00721	0.00750	0.00874	0.00535	0.00546	0.01089	0.01119	0.13443	0.07513	0.50995	0.07386	0.01347	0.00619	0.00197	0.00333	0.05011	0.00504	0.00511
8	0.00751	0.00504	0.00572	0.00576	0.00603	0.00494	0.00344	0.00792	0.00861	0.01169	0.06975	0.08007	0.06680	0.62912	0.02166	0.00427	0.00449	0.00818	0.04549	0.00349
9	0.01047	0.00876	0.01001	0.00825	0.01147	0.00814	0.00643	0.01641	0.23680	0.01905	0.17953	0.04602	0.03420	0.00683	0.00490	0.00131	0.00359	0.00579	0.00439	0.37764
10	0.01034	0.00625	0.00788	0.00739	0.00909	0.00586	0.00563	0.04573	0.01297	0.14773	0.23065	0.16035	0.16515	0.05694	0.05716	0.00239	0.00407	0.05385	0.00514	0.00544
11	0.00640	0.00457	0.00610	0.00731	0.00764	0.00427	0.00492	0.00734	0.01002	0.01335	0.02867	0.79450	0.03433	0.01627	0.00666	0.00212	0.00307	0.03338	0.00483	0.00424
12	0.85377	0.01007	0.00765	0.00685	0.01007	0.01168	0.00564	0.01531	0.00886	0.02336	0.00725	0.00846	0.00564	0.00483	0.00322	0.00161	0.00403	0.00282	0.00322	0.00564
13	0.01041	0.00976	0.01635	0.58820	0.19141	0.01151	0.01427	0.01393	0.02442	0.01418	0.00982	0.01410	0.00768	0.00681	0.04460	0.00203	0.00708	0.00470	0.00245	0.00629
14	0.01807	0.00900	0.05761	0.00905	0.01249	0.00728	0.02197	0.02043	0.01391	0.50438	0.10760	0.02208	0.01753	0.00737	0.00551	0.01430	0.00429	0.04605	0.09354	0.00756
15	0.44342	0.01087	0.03777	0.12490	0.08277	0.01155	0.05738	0.01627	0.01030	0.11015	0.00958	0.01128	0.00713	0.00523	0.00478	0.00166	0.04138	0.00384	0.00330	0.00642
16	0.00861	0.00631	0.00899	0.01068	0.05314	0.00631	0.00862	0.01096	0.01182	0.01547	0.02619	0.05533	0.02838	0.04276	0.00778	0.00245	0.00488	0.68177	0.00461	0.00493
17	0.36568	0.00972	0.01016	0.00826	0.01178	0.00997	0.00676	0.09726	0.01317	0.29069	0.07192	0.01458	0.01196	0.00594	0.00439	0.00156	0.00422	0.00438	0.00474	0.05287
18	0.01373	0.61576	0.11459	0.01203	0.09544	0.01831	0.01081	0.01607	0.01091	0.03955	0.00820	0.00945	0.00705	0.00460	0.00378	0.00124	0.00584	0.00319	0.00240	0.00704
19	0.01118	0.03870	0.35339	0.05907	0.25627	0.01188	0.07104	0.01577	0.02591	0.01655	0.04506	0.01440	0.00991	0.00626	0.02813	0.00183	0.00705	0.01753	0.00263	0.00744
20	0.00846	0.00529	0.00675	0.00702	0.00817	0.00476	0.00502	0.00980	0.01160	0.10565	0.14308	0.46591	0.17121	0.01375	0.00632	0.00192	0.00303	0.01219	0.00516	0.00491
21	0.00726	0.00525	0.00717	0.02763	0.00942	0.00512	0.00636	0.00882	0.01086	0.01433	0.05090	0.45560	0.04399	0.03387	0.00726	0.00226	0.00381	0.29088	0.00475	0.00448
22	0.00811	0.01022	0.17453	0.00850	0.01118	0.00682	0.00806	0.01179	0.06111	0.01828	0.39089	0.12152	0.12831	0.01017	0.00589	0.00172	0.00377	0.00881	0.00473	0.00558
23	0.00645	0.00480	0.00592	0.00663	0.00735	0.00437	0.00454	0.00754	0.01069	0.01394	0.09683	0.52367	0.21382	0.05861	0.00757	0.00215	0.00299	0.01305	0.00482	0.00427
24	0.00733	0.00502	0.00616	0.00631	0.00664	0.00495	0.00401	0.00799	0.00928	0.01264	0.14878	0.17993	0.02643	0.46541	0.06787	0.01979	0.00478	0.00906	0.00387	0.00373
25	0.09555	0.01327	0.12514	0.26982	0.14793	0.03944	0.03465	0.05423	0.03954	0.09766	0.01131	0.01410	0.00852	0.00547	0.00502	0.00166	0.00631	0.02015	0.00319	0.00703
26	0.04478	0.02079	0.01434	0.11302	0.01812	0.58550	0.01038	0.06014	0.01440	0.01442	0.00948	0.01278	0.00809	0.00587	0.00488	0.00147	0.00846	0.04412	0.00291	0.00608
27	0.00658	0.00470	0.00631	0.00752	0.00792	0.00443	0.00524	0.00765	0.01020	0.01355	0.02857	0.72826	0.03394	0.01610	0.00671	0.00215	0.00322	0.09784	0.00483	0.00429
28	0.01080	0.00926	0.01080	0.00771	0.01234	0.00694	0.00617	0.01311	0.01080	0.01697	0.00926	0.01080	0.00771	0.00386	0.00386	0.00077	0.00386	0.00309	0.00309	0.84882
29	0.03358	0.07698	0.04410	0.06208	0.13027	0.10345	0.07720	0.08305	0.05157	0.07393	0.01217	0.02862	0.01018	0.03332	0.00597	0.00163	0.02382	0.03823	0.00342	0.10643

[dist]
# distance from previous block
# <min> <max>
0	3

[block]
# block no. 6 follows, 47 sequences, length 70
# corresponding to MSA columns:
# 657-726
name=unknown_G
#
# <colnr> <probs for GDERKNQSTAVLIFYWHMCP>
#	G	D	E	R	K	N	Q	S	T	A	V	L	I	F	Y	W	H	M	C	P
0	0.01277	0.03181	0.08171	0.17169	0.45332	0.01262	0.01476	0.10343	0.01297	0.01794	0.01107	0.01377	0.02869	0.00519	0.00514	0.00159	0.00629	0.00471	0.00286	0.00767
1	0.11422	0.05057	0.30463	0.11349	0.09834	0.01237	0.17718	0.01567	0.01104	0.01686	0.01964	0.02511	0.00797	0.00505	0.00502	0.00165	0.00701	0.00460	0.00256	0.00699
2	0.00757	0.00505	0.00568	0.00568	0.00568	0.00505	0.00316	0.00757	0.00757	0.01010	0.01641	0.03408	0.01893	0.81698	0.02651	0.00505	0.00505	0.00757	0.00316	0.00316
3	0.02196	0.01003	0.01587	0.50011	0.08704	0.01245	0.02586	0.03992	0.01048	0.01437	0.00907	0.01333	0.00726	0.00623	0.00786	0.01713	0.17005	0.00462	0.02035	0.00600
4	0.01472	0.49434	0.15202	0.01114	0.03521	0.01710	0.03110	0.08272	0.01238	0.09188	0.00953	0.01036	0.00755	0.00490	0.00408	0.00132	0.00593	0.00351	0.00292	0.00731
5	0.01110	0.00615	0.00813	0.00716	0.00906	0.00555	0.00553	0.01343	0.01471	0.20109	0.58524	0.03419	0.05826	0.00972	0.00593	0.00163	0.00293	0.00847	0.00588	0.00583
6	0.01040	0.00992	0.01547	0.20245	0.01910	0.01244	0.08552	0.01268	0.01018	0.01472	0.13146	0.01694	0.01395	0.00784	0.01089	0.00195	0.37720	0.00552	0.03566	0.00569
7	0.00711	0.00516	0.00672	0.00673	0.00777	0.00476	0.00494	0.00917	0.01347	0.01875	0.56281	0.21685	0.07418	0.01213	0.00628	0.00177	0.00265	0.02852	0.00547	0.00473
8	0.00745	0.00555	0.00823	0.00823	0.00911	0.00643	0.00634	0.00921	0.00833	0.01199	0.01408	0.02116	0.01333	0.07938	0.75644	0.00820	0.01349	0.00568	0.00281	0.00457
9	0.01958	0.02429	0.01467	0.01328	0.01601	0.76974	0.00998	0.02095	0.01476	0.03864	0.00847	0.00967	0.00691	0.00540	0.00471	0.00135	0.00923	0.00342	0.00281	0.00613
10	0.02179	0.01013	0.01271	0.00989	0.01385	0.00969	0.00812	0.16309	0.08340	0.58083	0.01911	0.01691	0.01241	0.00646	0.00524	0.00162	0.00464	0.00519	0.00612	0.00881
11	0.01978	0.00815	0.01096	0.00893	0.01221	0.00722	0.00714	0.03638	0.02405	0.60886	0.03154	0.16662	0.01734	0.00835	0.00551	0.00171	0.00416	0.00708	0.00610	0.00794
12	0.00651	0.00537	0.00577	0.00598	0.00763	0.00464	0.00466	0.00798	0.01185	0.01429	0.04837	0.06643	0.65091	0.01344	0.00633	0.00186	0.00298	0.12570	0.00483	0.00445
13	0.01943	0.01366	0.01487	0.01157	0.01559	0.01497	0.00950	0.61610	0.10224	0.10650	0.01421	0.01375	0.00999	0.00636	0.00522	0.00159	0.00543	0.00487	0.00534	0.00879
14	0.59212	0.00934	0.00841	0.00722	0.01045	0.01017	0.00592	0.01730	0.01041	0.19575	0.01111	0.01151	0.00795	0.00531	0.00371	0.00158	0.00398	0.00354	0.07791	0.00630
15	0.00649	0.00463	0.00612	0.00713	0.00751	0.00433	0.00478	0.00752	0.01035	0.01392	0.10223	0.70922	0.03532	0.04480	0.00732	0.00217	0.00304	0.01401	0.00486	0.00426
16	0.01559	0.00909	0.01091	0.00942	0.01208	0.00921	0.00740	0.20942	0.08231	0.24821	0.02083	0.22106	0.01888	0.04802	0.00672	0.00195	0.00443	0.05200	0.00537	0.00712
17	0.01229	0.00878	0.00972	0.10381	0.01300	0.07697	0.00716	0.10149	0.01270	0.08436	0.06081	0.01890	0.01374	0.04942	0.14568	0.01488	0.00633	0.00523	0.24900	0.00574
18	0.01193	0.00715	0.00760	0.03466	0.00933	0.00757	0.00540	0.17790	0.01388	0.02214	0.01573	0.01770	0.01214	0.00608	0.00404	0.00131	0.00331	0.00481	0.63157	0.00577
19	0.34495	0.09316	0.04511	0.12296	0.07192	0.09964	0.08970	0.03332	0.01103	0.03258	0.00859	0.01058	0.00671	0.00491	0.00427	0.00156	0.00603	0.00374	0.00290	0.00635
20	0.02486	0.00958	0.01548	0.74477	0.03428	0.01184	0.01405	0.05714	0.01120	0.01461	0.00941	0.01371	0.00703	0.00526	0.00517	0.00172	0.00682	0.00460	0.00250	0.00596
21	0.09172	0.00676	0.01020	0.00935	0.01086	0.00757	0.07297	0.01050	0.00874	0.01356	0.01304	0.01903	0.01198	0.05135	0.62988	0.00704	0.01230	0.00540	0.00283	0.00492
22	0.03340	0.68346	0.08720	0.00980	0.01442	0.05800	0.02386	0.01594	0.01081	0.01296	0.00751	0.00873	0.00668	0.00455	0.00359	0.00119	0.00595	0.00296	0.00228	0.00671
23	0.06077	0.57248	0.12539	0.00999	0.01473	0.03632	0.01022	0.09028	0.01201	0.01548	0.00806	0.00914	0.00683	0.00474	0.00376	0.00126	0.00587	0.00313	0.00258	0.00696
24	0.01989	0.00828	0.01095	0.00868	0.01220	0.00728	0.00707	0.02232	0.04143	0.61701	0.09057	0.02285	0.09242	0.00750	0.00541	0.00163	0.00407	0.00620	0.00618	0.00805
25	0.00949	0.00562	0.00750	0.00717	0.00794	0.00557	0.00501	0.00970	0.08361	0.01171	0.01157	0.05274	0.01099	0.01507	0.01595	0.60906	0.00425	0.00502	0.04464	0.07738
26	0.02484	0.02970	0.22310	0.05547	0.30255	0.02469	0.02721	0.08305	0.03951	0.09449	0.01269	0.01417	0.03429	0.00544	0.00511	0.00160	0.00627	0.00470	0.00325	0.00786
27	0.00729	0.00531	0.00661	0.00636	0.00765	0.00481	0.00472	0.00936	0.01371	0.02971	0.55904	0.09126	0.19586	0.02715	0.00656	0.00176	0.00261	0.00999	0.00545	0.00479
28	0.00727	0.00523	0.00718	0.00740	0.00795	0.00567	0.00525	0.00843	0.00844	0.01175	0.01740	0.17249	0.01869	0.25366	0.43221	0.00627	0.00940	0.00786	0.00327	0.00415
29	0.01071	0.03870	0.70738	0.01601	0.06891	0.01228	0.04175	0.01645	0.01108	0.01646	0.00937	0.01116	0.00674	0.00490	0.00497	0.00164	0.00760	0.00395	0.00224	0.00769
30	0.01577	0.10579	0.05774	0.01171	0.08089	0.01111	0.00910	0.16095	0.05868	0.23103	0.03024	0.13578	0.01524	0.02517	0.00573	0.00172	0.00491	0.02629	0.00470	0.00746
31	0.00828	0.00591	0.00826	0.00946	0.01061	0.00590	0.00819	0.01059	0.01188	0.01546	0.02764	0.10097	0.03022	0.01449	0.00716	0.00238	0.00470	0.70835	0.00480	0.00476
32	0.01150	0.07876	0.56587	0.01662	0.09752	0.02636	0.08333	0.01664	0.01131	0.03121	0.00954	0.01137	0.00701	0.00487	0.00496	0.00161	0.00746	0.00407	0.00237	0.00762
33	0.01516	0.01079	0.01671	0.08737	0.25019	0.01092	0.08588	0.02041	0.16635	0.22540	0.03123	0.03122	0.01222	0.00598	0.00536	0.00166	0.00549	0.00549	0.00426	0.00793
34	0.01543	0.06012	0.01493	0.09128	0.04385	0.44653	0.04054	0.02894	0.01298	0.01330	0.02365	0.01411	0.06272	0.00711	0.00659	0.07581	0.02917	0.00440	0.00281	0.00574
35	0.09169	0.04747	0.01508	0.01422	0.09142	0.53244	0.01008	0.09208	0.01468	0.01617	0.00873	0.01012	0.00710	0.00532	0.00460	0.00140	0.00798	0.00357	0.01935	0.00649
36	0.00814	0.00710	0.00720	0.00682	0.00837	0.07431	0.00512	0.01033	0.02468	0.01811	0.48142	0.03944	0.26784	0.01090	0.00601	0.00165	0.00314	0.00931	0.00519	0.00490
37	0.01136	0.02784	0.19406	0.05540	0.09359	0.02508	0.28939	0.03961	0.01161	0.01608	0.01184	0.09005	0.01042	0.02127	0.03058	0.00201	0.05422	0.00601	0.00280	0.00678
38	0.01070	0.00926	0.01128	0.08666	0.01467	0.00740	0.00699	0.01313	0.01076	0.01661	0.00926	0.01110	0.00764	0.00399	0.00399	0.00087	0.00416	0.00324	0.00301	0.76529
39	0.01392	0.82012	0.02729	0.00891	0.01337	0.02061	0.00891	0.01559	0.01058	0.01225	0.00724	0.00835	0.00668	0.00446	0.00334	0.00111	0.00557	0.00278	0.00223	0.00668
40	0.01317	0.02433	0.01553	0.02791	0.01455	0.10101	0.01083	0.08123	0.08626	0.01526	0.00894	0.01207	0.00790	0.00811	0.01311	0.00204	0.54404	0.00455	0.00288	0.00628
41	0.00786	0.00566	0.00754	0.05099	0.00960	0.00538	0.00566	0.01028	0.01415	0.03729	0.62891	0.03895	0.09170	0.01064	0.00613	0.00170	0.00290	0.05420	0.00544	0.00501
42	0.01295	0.01119	0.01178	0.01060	0.01354	0.01295	0.00824	0.02767	0.77509	0.02178	0.02120	0.01943	0.01590	0.00707	0.00530	0.00177	0.00412	0.00589	0.00530	0.00824
43	0.03969	0.00791	0.00847	0.00740	0.00940	0.00852	0.00575	0.22355	0.02261	0.02179	0.01511	0.01851	0.01232	0.08053	0.08463	0.00238	0.00480	0.00506	0.41570	0.00587
44	0.01935	0.01338	0.01468	0.01141	0.01533	0.01454	0.00936	0.64397	0.02261	0.10994	0.01432	0.06180	0.01083	0.00688	0.00530	0.00160	0.00543	0.00536	0.00531	0.00858
45	0.00697	0.00567	0.00623	0.00613	0.00780	0.00510	0.00468	0.00940	0.05677	0.01627	0.22908	0.04604	0.51728	0.01227	0.00616	0.00176	0.00279	0.04975	0.00508	0.00477
46	0.00760	0.00545	0.00746	0.00857	0.00947	0.00531	0.00693	0.00946	0.01139	0.01496	0.05685	0.31829	0.04949	0.01488	0.00694	0.00226	0.00405	0.45121	0.00484	0.00460
47	0.00642	0.00522	0.00572	0.00600	0.00747	0.00452	0.00451	0.00780	0.01166	0.01427	0.06741	0.17202	0.57654	0.01372	0.00632	0.00187	0.00288	0.07637	0.00486	0.00442
48	0.01393	0.04207	0.01263	0.01090	0.01378	0.16187	0.00849	0.02501	0.56552	0.01938	0.01923	0.01883	0.03588	0.00698	0.00518	0.00168	0.00515	0.02123	0.00467	0.00759
49	0.01126	0.00738	0.00858	0.00757	0.00985	0.00711	0.00592	0.09676	0.08053	0.13614	0.25044	0.04838	0.27438	0.01021	0.00586	0.00170	0.00338	0.02308	0.00542	0.00605
50	0.01012	0.00674	0.00901	0.00962	0.01123	0.00680	0.00825	0.01368	0.08782	0.08396	0.02634	0.06408	0.02715	0.01300	0.00682	0.00226	0.00467	0.59797	0.00499	0.00548
51	0.01075	0.01064	0.01685	0.53287	0.10488	0.05897	0.08793	0.01405	0.01139	0.01464	0.07716	0.01572	0.01085	0.00556	0.00535	0.00169	0.00681	0.00512	0.00269	0.00609
52	0.01262	0.01242	0.03492	0.08739	0.71643	0.01231	0.01593	0.01580	0.01174	0.01674	0.00975	0.01293	0.00812	0.00469	0.00516	0.00156	0.00627	0.00462	0.00255	0.00806
53	0.10994	0.02796	0.10538	0.12268	0.04900	0.12604	0.03477	0.13281	0.07934	0.08583	0.02412	0.03679	0.03087	0.00613	0.00497	0.00161	0.00613	0.00486	0.00372	0.00704
54	0.61743	0.01078	0.01012	0.04450	0.09960	0.03192	0.00756	0.01666	0.08534	0.02178	0.00903	0.01031	0.00704	0.00506	0.00377	0.00162	0.00454	0.00342	0.00330	0.00621
55	0.10121	0.02701	0.09133	0.24713	0.06424	0.13359	0.02461	0.03284	0.03881	0.09497	0.02710	0.01321	0.00877	0.00570	0.00563	0.00164	0.05690	0.00437	0.01432	0.00660
56	0.01801	0.01406	0.01471	0.01172	0.01540	0.04524	0.00955	0.55909	0.16254	0.02899	0.01380	0.01374	0.01008	0.00648	0.00564	0.00161	0.03668	0.00486	0.01936	0.00844
57	0.02021	0.00825	0.01112	0.00888	0.01230	0.00726	0.00718	0.03749	0.01465	0.62856	0.09652	0.08957	0.01829	0.00772	0.00545	0.00166	0.00414	0.00648	0.00621	0.00806
58	0.01283	0.01254	0.02209	0.03097	0.70946	0.01245	0.09025	0.01605	0.01190	0.01698	0.00987	0.01300	0.00821	0.00462	0.00525	0.00157	0.00644	0.00479	0.00258	0.00813
59	0.01222	0.38088	0.35413	0.09030	0.01954	0.01577	0.01388	0.01596	0.01084	0.03087	0.00863	0.01024	0.00681	0.00478	0.00426	0.00142	0.00660	0.00348	0.00231	0.00708
60	0.01811	0.00830	0.01080	0.00867	0.01187	0.00759	0.00700	0.07930	0.02930	0.48628	0.22937	0.02390	0.04044	0.00775	0.00551	0.00162	0.00395	0.00649	0.00609	0.00766
61	0.00905	0.00452	0.00678	0.00678	0.00678	0.00452	0.00452	0.00678	0.00678	0.00905	0.00905	0.01583	0.00905	0.01809	0.02035	0.84848	0.00452	0.00452	0.00226	0.00226
62	0.01354	0.11833	0.44616	0.01428	0.04541	0.05020	0.05945	0.09174	0.01291	0.08518	0.01041	0.01158	0.00752	0.00513	0.00487	0.00156	0.00705	0.00406	0.00293	0.00769
63	0.00746	0.00522	0.00614	0.00624	0.00669	0.00511	0.00396	0.02391	0.00948	0.01264	0.09746	0.17687	0.09036	0.47906	0.04402	0.00393	0.00452	0.00924	0.00389	0.00380
64	0.00749	0.00507	0.00594	0.00600	0.00610	0.00513	0.00354	0.00771	0.00777	0.01045	0.01686	0.07539	0.01926	0.70504	0.09299	0.00518	0.00572	0.00779	0.00321	0.00335
65	0.01142	0.11444	0.46729	0.01636	0.02293	0.01341	0.24879	0.01645	0.01135	0.01606	0.00947	0.01163	0.00701	0.00472	0.00513	0.00162	0.00779	0.00444	0.00234	0.00737
66	0.01166	0.16173	0.01941	0.33981	0.30180	0.01328	0.01361	0.01461	0.01102	0.01463	0.00971	0.01380	0.00810	0.00512	0.00486	0.00156	0.00627	0.02429	0.01792	0.00680
67	0.00819	0.00585	0.00816	0.00936	0.01048	0.00582	0.00805	0.01045	0.01179	0.01536	0.02768	0.13202	0.03040	0.01457	0.00714	0.00237	0.00462	0.67813	0.00480	0.00474
68	0.01631	0.03990	0.04113	0.01257	0.04029	0.49044	0.00953	0.08273	0.03093	0.01570	0.07875	0.09229	0.01361	0.00696	0.00506	0.00148	0.00746	0.00524	0.00341	0.00620
69	0.05764	0.02581	0.09582	0.42114	0.06388	0.01150	0.09192	0.01587	0.03668	0.09180	0.01129	0.01494	0.00850	0.00547	0.00519	0.00171	0.00659	0.02468	0.00297	0.00660

[dist]
# distance from previous block
# <min> <max>
1	5

[block]
# block no. 7 follows, 47 sequences, length 85
# corresponding to MSA columns:
# 732-816
name=unknown_H
#
# <colnr> <probs for GDERKNQSTAVLIFYWHMCP>
#	G	D	E	R	K	N	Q	S	T	A	V	L	I	F	Y	W	H	M	C	P
0	0.00918	0.00520	0.00728	0.00690	0.00760	0.00486	0.00476	0.00780	0.00758	0.01056	0.01014	0.05263	0.01013	0.01576	0.01706	0.67274	0.00432	0.00481	0.01800	0.12269
1	0.07806	0.06640	0.01561	0.01140	0.01542	0.03920	0.00946	0.60835	0.05760	0.02971	0.01207	0.01218	0.00876	0.00605	0.00494	0.00154	0.00563	0.00445	0.00481	0.00838
2	0.00861	0.00788	0.04401	0.00970	0.01171	0.00680	0.10837	0.05487	0.01171	0.01600	0.09284	0.43819	0.05326	0.03248	0.00663	0.00192	0.00422	0.01077	0.00434	0.07570
3	0.03710	0.22686	0.46254	0.01252	0.01875	0.01428	0.01474	0.07501	0.01213	0.06668	0.00972	0.01080	0.00717	0.00502	0.00453	0.00150	0.00668	0.00370	0.00274	0.00754
4	0.00761	0.00593	0.00700	0.00666	0.00802	0.02440	0.00499	0.01016	0.03534	0.01946	0.60982	0.06179	0.15738	0.01097	0.00610	0.00167	0.00272	0.00956	0.00548	0.00494
5	0.05244	0.00654	0.00781	0.00745	0.00887	0.00649	0.00547	0.07294	0.01186	0.11030	0.10358	0.20711	0.04599	0.19987	0.03263	0.00276	0.00427	0.06263	0.04584	0.00515
6	0.70459	0.00959	0.00799	0.00702	0.01021	0.01074	0.00575	0.01585	0.00979	0.10318	0.02957	0.01221	0.04551	0.00555	0.00365	0.00162	0.00396	0.00363	0.00370	0.00590
7	0.07104	0.01081	0.01222	0.00976	0.01349	0.06030	0.00793	0.11267	0.09658	0.50412	0.01798	0.01623	0.01191	0.00631	0.00505	0.00160	0.00481	0.00497	0.02390	0.00833
8	0.00641	0.00468	0.00590	0.00684	0.00733	0.00432	0.00458	0.00731	0.01006	0.01316	0.03123	0.64273	0.14140	0.07795	0.00812	0.00229	0.00312	0.01369	0.00470	0.00417
9	0.00639	0.00530	0.00560	0.00556	0.00722	0.00451	0.00419	0.00791	0.01233	0.01518	0.16759	0.04851	0.65203	0.01281	0.00617	0.00175	0.00265	0.02485	0.00498	0.00449
10	0.01339	0.01332	0.02065	0.03055	0.72589	0.07215	0.01553	0.01635	0.01208	0.01669	0.00966	0.01262	0.00813	0.00470	0.00512	0.00153	0.00643	0.00454	0.00259	0.00808
11	0.01734	0.01179	0.01298	0.01033	0.01390	0.01253	0.00843	0.47219	0.06381	0.13585	0.02077	0.02089	0.12961	0.02011	0.00574	0.00169	0.00494	0.02387	0.00529	0.00795
12	0.00757	0.00505	0.00568	0.00568	0.00568	0.00505	0.00316	0.00757	0.00757	0.01010	0.01641	0.03408	0.01893	0.81698	0.02651	0.00505	0.00505	0.00757	0.00316	0.00316
13	0.00971	0.00485	0.00485	0.00485	0.00607	0.00485	0.00364	0.01213	0.01092	0.01942	0.01699	0.01942	0.01335	0.00607	0.00364	0.00121	0.00243	0.00485	0.84589	0.00485
14	0.01266	0.61235	0.05727	0.00880	0.01271	0.01723	0.00861	0.01494	0.03186	0.01337	0.04210	0.01209	0.00982	0.02797	0.05538	0.00175	0.00586	0.00361	0.04523	0.00638
15	0.06631	0.06773	0.61629	0.01353	0.02034	0.03365	0.01665	0.01717	0.01124	0.07644	0.00993	0.01116	0.00703	0.00504	0.00476	0.00161	0.00714	0.00382	0.00261	0.00755
16	0.83795	0.01016	0.00781	0.00695	0.01019	0.01177	0.00572	0.02956	0.00916	0.02354	0.00735	0.00854	0.00570	0.00486	0.00326	0.00161	0.00406	0.00286	0.00326	0.00570
17	0.00674	0.00501	0.00700	0.06921	0.00995	0.00500	0.00579	0.00795	0.00996	0.01328	0.02621	0.67937	0.03080	0.01687	0.05752	0.00250	0.00408	0.03387	0.00451	0.00439
18	0.01192	0.01138	0.01938	0.06190	0.56507	0.01171	0.05676	0.01478	0.01143	0.01619	0.01185	0.07696	0.01104	0.00626	0.00619	0.00169	0.05778	0.03745	0.00282	0.00745
19	0.01344	0.02724	0.09724	0.05907	0.50914	0.07569	0.01487	0.06032	0.05000	0.01747	0.01022	0.01267	0.00827	0.00502	0.00524	0.00156	0.01735	0.00449	0.00281	0.00789
20	0.01074	0.02492	0.67337	0.01617	0.04141	0.01224	0.11569	0.01650	0.01118	0.01653	0.00951	0.01143	0.00681	0.00487	0.00511	0.00166	0.00780	0.00416	0.00226	0.00762
21	0.02325	0.00905	0.01220	0.00935	0.01339	0.00793	0.00773	0.04965	0.01522	0.76339	0.02028	0.01755	0.01276	0.00644	0.00524	0.00161	0.00447	0.00522	0.00641	0.00886
22	0.00721	0.00518	0.00666	0.00756	0.00811	0.00500	0.00516	0.05630	0.01091	0.01455	0.02766	0.76188	0.03279	0.01567	0.00655	0.00208	0.00320	0.01415	0.00486	0.00453
23	0.00631	0.00517	0.00556	0.00569	0.00719	0.00443	0.00418	0.00769	0.01190	0.01468	0.12652	0.15741	0.59848	0.01336	0.00622	0.00180	0.00267	0.01137	0.00493	0.00443
24	0.00622	0.00527	0.00532	0.00531	0.00701	0.00442	0.00395	0.00752	0.01180	0.01407	0.06413	0.04947	0.74797	0.03622	0.00674	0.00185	0.00270	0.01087	0.00480	0.00437
25	0.01257	0.01345	0.02723	0.01980	0.02460	0.01296	0.62546	0.06557	0.07213	0.01797	0.01227	0.04865	0.00972	0.00523	0.00604	0.00176	0.00797	0.00640	0.00310	0.00712
26	0.03860	0.01083	0.01249	0.01039	0.01341	0.01169	0.03567	0.32193	0.17402	0.06006	0.11494	0.10706	0.03521	0.00828	0.00554	0.00171	0.00461	0.02103	0.00514	0.00739
27	0.01168	0.02525	0.70190	0.01438	0.02167	0.01214	0.01807	0.06538	0.01206	0.05535	0.01010	0.01142	0.00705	0.00511	0.00498	0.00164	0.00741	0.00397	0.00260	0.00783
28	0.00834	0.00596	0.00833	0.00953	0.01071	0.00595	0.00830	0.01070	0.01194	0.01553	0.02760	0.07721	0.03008	0.01443	0.00718	0.00239	0.00475	0.73147	0.00480	0.00478
29	0.01088	0.02633	0.76397	0.01466	0.02223	0.01195	0.01885	0.01679	0.01113	0.04231	0.00972	0.01122	0.00681	0.00500	0.00496	0.00165	0.00759	0.00389	0.00234	0.00774
30	0.01266	0.01218	0.02090	0.08605	0.71987	0.01233	0.02781	0.01581	0.01176	0.01675	0.00977	0.01298	0.00815	0.00468	0.00517	0.00156	0.00628	0.00466	0.00256	0.00806
31	0.01134	0.01075	0.01726	0.26675	0.42079	0.03374	0.01399	0.01428	0.01136	0.01536	0.01219	0.07814	0.01123	0.00637	0.00541	0.00170	0.00618	0.05346	0.00282	0.00689
32	0.78907	0.01121	0.00820	0.00736	0.01054	0.07251	0.00598	0.01573	0.00932	0.02254	0.00731	0.00853	0.00572	0.00488	0.00334	0.00159	0.00444	0.00286	0.00318	0.00567
33	0.00686	0.00530	0.00596	0.00588	0.00741	0.00460	0.00438	0.00849	0.01262	0.03096	0.26386	0.10629	0.49378	0.01256	0.00617	0.00175	0.00265	0.01072	0.00513	0.00462
34	0.01629	0.01088	0.01383	0.05963	0.08372	0.01095	0.02285	0.25196	0.03800	0.19369	0.01451	0.05974	0.01134	0.03343	0.00598	0.00162	0.01687	0.00527	0.00455	0.14488
35	0.01767	0.01292	0.01407	0.01081	0.01471	0.01373	0.00878	0.57913	0.02094	0.05070	0.01258	0.01408	0.00959	0.06878	0.00667	0.00172	0.00537	0.00470	0.00478	0.12827
36	0.01945	0.02482	0.01476	0.01342	0.01610	0.79608	0.01006	0.02079	0.01476	0.01275	0.00805	0.00939	0.00671	0.00537	0.00470	0.00134	0.00939	0.00335	0.00268	0.00604
37	0.01523	0.00886	0.01061	0.00905	0.01196	0.00899	0.00716	0.02224	0.30868	0.29635	0.19341	0.02410	0.04454	0.00783	0.00549	0.00168	0.00381	0.00660	0.00579	0.00760
38	0.00862	0.00692	0.00744	0.02584	0.00934	0.00660	0.00532	0.12529	0.02859	0.01788	0.12999	0.04156	0.54440	0.01151	0.00597	0.00171	0.00323	0.00959	0.00495	0.00525
39	0.00683	0.00536	0.00621	0.00616	0.00766	0.00474	0.00472	0.00868	0.01300	0.01685	0.33354	0.04653	0.43044	0.01231	0.00624	0.00177	0.00276	0.07639	0.00518	0.00463
40	0.00744	0.00558	0.00837	0.00837	0.00930	0.00651	0.00651	0.00930	0.00837	0.01209	0.01395	0.02046	0.01302	0.03906	0.79635	0.00837	0.01395	0.00558	0.00279	0.00465
41	0.01909	0.04407	0.03494	0.01334	0.01620	0.75726	0.01027	0.02056	0.01456	0.01283	0.00806	0.00941	0.00670	0.00533	0.00467	0.00134	0.00926	0.00335	0.00266	0.00610
42	0.01254	0.01091	0.03002	0.01022	0.01317	0.01193	0.00816	0.02532	0.65538	0.04289	0.02351	0.02260	0.07540	0.00767	0.00541	0.00178	0.00412	0.02592	0.00521	0.00786
43	0.00632	0.00463	0.00594	0.00699	0.00748	0.00425	0.00472	0.00728	0.01023	0.01340	0.03193	0.71121	0.13474	0.01590	0.00658	0.00207	0.00297	0.01429	0.00483	0.00425
44	0.00769	0.00574	0.00743	0.00825	0.00958	0.00548	0.00698	0.00975	0.01197	0.01523	0.05286	0.07586	0.24014	0.01401	0.00686	0.00219	0.00409	0.50638	0.00483	0.00467
45	0.01436	0.55263	0.02365	0.01179	0.07260	0.12810	0.00983	0.01632	0.02735	0.01291	0.00781	0.00937	0.00702	0.00510	0.00502	0.00130	0.08255	0.00324	0.00239	0.00665
46	0.02252	0.00868	0.01182	0.00912	0.01300	0.00751	0.00751	0.02456	0.01490	0.74769	0.06065	0.01884	0.01480	0.00667	0.00528	0.00161	0.00433	0.00546	0.00641	0.00865
47	0.00745	0.00553	0.00810	0.00810	0.00893	0.00636	0.00617	0.00912	0.00829	0.01189	0.01420	0.02184	0.01362	0.11796	0.71827	0.00803	0.01305	0.00578	0.00283	0.00450
48	0.21906	0.00996	0.00852	0.00756	0.00991	0.09575	0.00594	0.13731	0.01329	0.02193	0.05864	0.01566	0.01213	0.00599	0.00406	0.00141	0.00413	0.00444	0.35849	0.00584
49	0.01279	0.02961	0.02073	0.09105	0.69660	0.02612	0.01561	0.01585	0.01177	0.01655	0.00967	0.01281	0.00809	0.00469	0.00511	0.00155	0.00629	0.00458	0.00255	0.00799
50	0.01882	0.03160	0.01401	0.01061	0.01437	0.01321	0.00874	0.51268	0.02090	0.17098	0.07376	0.01579	0.01291	0.00658	0.00516	0.00155	0.00506	0.00512	0.04988	0.00829
51	0.13776	0.05928	0.01438	0.01220	0.01512	0.60719	0.00937	0.05926	0.01424	0.01529	0.00813	0.00938	0.00667	0.00530	0.00445	0.00138	0.00826	0.00332	0.00287	0.00616
52	0.01204	0.01319	0.02712	0.06447	0.07672	0.01314	0.57723	0.01591	0.01167	0.01614	0.01017	0.01380	0.00788	0.00499	0.00713	0.00178	0.09270	0.00576	0.02132	0.00685
53	0.00664	0.00526	0.00600	0.00609	0.00745	0.00466	0.00446	0.00844	0.02621	0.01591	0.24489	0.19144	0.42800	0.01298	0.00623	0.00179	0.00269	0.01120	0.00509	0.00457
54	0.01048	0.02669	0.77541	0.01498	0.02263	0.01211	0.03358	0.01650	0.01102	0.01650	0.00937	0.01105	0.00662	0.00494	0.00497	0.00165	0.00772	0.00389	0.00221	0.00768
55	0.01045	0.02694	0.79000	0.01484	0.02254	0.01209	0.01924	0.01649	0.01099	0.01649	0.00935	0.01099	0.00660	0.00495	0.00495	0.00165	0.00770	0.00385	0.00220	0.00770
56	0.04269	0.00830	0.01111	0.00875	0.01228	0.00730	0.00714	0.02251	0.01472	0.63927	0.14776	0.02103	0.01877	0.00711	0.00534	0.00162	0.00409	0.00587	0.00624	0.00812
57	0.01045	0.02694	0.79000	0.01484	0.02254	0.01209	0.01924	0.01649	0.01099	0.01649	0.00935	0.01099	0.00660	0.00495	0.00495	0.00165	0.00770	0.00385	0.00220	0.00770
58	0.81533	0.01002	0.00786	0.00696	0.01022	0.01150	0.00573	0.01577	0.00914	0.05876	0.00787	0.00889	0.00598	0.00491	0.00332	0.00161	0.00405	0.00293	0.00337	0.00579
59	0.00638	0.00460	0.00605	0.00713	0.00754	0.00427	0.00480	0.00738	0.01028	0.01368	0.06478	0.74412	0.06788	0.01591	0.00660	0.00208	0.00298	0.01439	0.00488	0.00427
