[name]
unknown

[dist]
# distance from previous block
# <min> <max>
0	21

[block]
# block no. 0 follows, 42 sequences, length 20
# corresponding to MSA columns:
# 21-40
name=unknown_A
#
# <colnr> <probs for GDERKNQSTAVLIFYWHMCP>
#	G	D	E	R	K	N	Q	S	T	A	V	L	I	F	Y	W	H	M	C	P
0	0.09598	0.05773	0.02560	0.01098	0.02873	0.01276	0.00890	0.29282	0.03019	0.11582	0.01713	0.08144	0.04610	0.00825	0.00622	0.02653	0.02344	0.03064	0.00487	0.07589
1	0.01134	0.04930	0.03633	0.00872	0.01111	0.00815	0.02718	0.04417	0.07032	0.10806	0.05622	0.14863	0.20575	0.11291	0.05468	0.00273	0.00502	0.00910	0.00481	0.02545
2	0.01548	0.07766	0.04396	0.06152	0.01640	0.04247	0.02960	0.13958	0.04614	0.12132	0.07508	0.01619	0.01330	0.00607	0.00507	0.00142	0.00535	0.00490	0.02902	0.24947
3	0.04756	0.44725	0.04508	0.15783	0.02000	0.06279	0.03953	0.03306	0.01179	0.01481	0.00858	0.01090	0.00734	0.00549	0.00543	0.00152	0.06770	0.00379	0.00259	0.00697
4	0.01150	0.01111	0.01614	0.17794	0.01917	0.01505	0.01228	0.01326	0.00919	0.01358	0.00889	0.01459	0.00842	0.04528	0.06633	0.00290	0.54069	0.00515	0.00255	0.00598
5	0.01373	0.01317	0.02248	0.07995	0.72326	0.01332	0.01717	0.01710	0.01272	0.01814	0.01055	0.01399	0.00883	0.00505	0.00557	0.00168	0.00673	0.00501	0.00277	0.00875
6	0.00714	0.00528	0.00717	0.03141	0.00928	0.00520	0.00576	0.00821	0.01072	0.01434	0.02965	0.75064	0.03540	0.01703	0.00749	0.00228	0.02793	0.01532	0.00506	0.00467
7	0.08907	0.00643	0.00644	0.00603	0.00785	0.00658	0.00465	0.04244	0.01242	0.06709	0.01743	0.01948	0.01343	0.00646	0.00406	0.00139	0.00305	0.00506	0.67488	0.00575
8	0.84197	0.01088	0.00827	0.00740	0.01088	0.01262	0.00609	0.01654	0.00958	0.02525	0.00784	0.00914	0.00609	0.00522	0.00348	0.00174	0.00435	0.00305	0.00348	0.00609
9	0.00813	0.00569	0.00730	0.00730	0.00770	0.00609	0.00486	0.00893	0.00853	0.01177	0.01667	0.03095	0.01791	0.49853	0.32884	0.00689	0.00930	0.00732	0.00325	0.00406
10	0.00723	0.00509	0.00660	0.00761	0.00795	0.00483	0.00506	0.00816	0.01060	0.01416	0.05674	0.60354	0.03464	0.15754	0.01102	0.00284	0.00371	0.04332	0.00494	0.00442
11	0.01126	0.00840	0.01161	0.29125	0.02030	0.00927	0.02465	0.06827	0.03019	0.01893	0.01546	0.08331	0.01303	0.00701	0.00506	0.00162	0.00500	0.00599	0.31039	0.05902
12	0.01830	0.00941	0.01173	0.00975	0.01310	0.00917	0.00778	0.02434	0.21858	0.39894	0.18869	0.02479	0.02360	0.00817	0.00590	0.00179	0.00422	0.00686	0.00645	0.00844
13	0.03047	0.00625	0.00797	0.00732	0.00902	0.00574	0.00556	0.01226	0.01549	0.09784	0.61126	0.05549	0.09134	0.01119	0.00647	0.00179	0.00294	0.00977	0.00613	0.00571
14	0.00716	0.00513	0.00680	0.00763	0.00823	0.00477	0.00525	0.00860	0.01218	0.01661	0.23152	0.59165	0.04156	0.01596	0.00703	0.00214	0.00310	0.01441	0.00549	0.00477
15	0.01916	0.01355	0.04542	0.03790	0.10117	0.01351	0.04147	0.30958	0.09666	0.20721	0.04475	0.01685	0.01282	0.00671	0.00571	0.00174	0.00585	0.00556	0.00533	0.00904
16	0.01032	0.00690	0.00841	0.00774	0.00957	0.00656	0.00585	0.05951	0.04608	0.08879	0.41068	0.11734	0.15480	0.03320	0.00710	0.00194	0.00332	0.01010	0.00588	0.00590
17	0.01642	0.11015	0.05123	0.01183	0.03753	0.14615	0.00970	0.16333	0.05449	0.05494	0.01146	0.01236	0.00894	0.00543	0.00479	0.00132	0.00614	0.00404	0.00383	0.28591
18	0.06761	0.03188	0.03076	0.01171	0.01600	0.07759	0.04783	0.28934	0.03947	0.07015	0.03025	0.01387	0.01031	0.00600	0.00533	0.00149	0.01984	0.00463	0.02394	0.20200
19	0.01369	0.06512	0.01544	0.04186	0.01606	0.01030	0.08271	0.08421	0.03393	0.08264	0.04186	0.06296	0.01258	0.00601	0.00502	0.00132	0.00510	0.00520	0.00400	0.40999

[dist]
# distance from previous block
# <min> <max>
2	16

[block]
# block no. 1 follows, 42 sequences, length 10
# corresponding to MSA columns:
# 73-82
name=unknown_B
#
# <colnr> <probs for GDERKNQSTAVLIFYWHMCP>
#	G	D	E	R	K	N	Q	S	T	A	V	L	I	F	Y	W	H	M	C	P
0	0.01505	0.02840	0.03927	0.04721	0.01570	0.03020	0.03247	0.10136	0.05610	0.14903	0.04684	0.04071	0.04335	0.00644	0.00517	0.00141	0.00505	0.00533	0.00449	0.32641
1	0.01029	0.00740	0.00884	0.03826	0.01059	0.00694	0.00576	0.06643	0.01211	0.04752	0.08395	0.14298	0.08735	0.27623	0.01349	0.00292	0.00453	0.00845	0.00434	0.16163
2	0.30893	0.06040	0.01213	0.01029	0.03197	0.15817	0.00787	0.08486	0.01332	0.07680	0.01390	0.14184	0.01282	0.00768	0.00484	0.00172	0.00558	0.00581	0.03444	0.00661
3	0.04809	0.03746	0.03520	0.01161	0.01548	0.01433	0.00966	0.30724	0.27021	0.10132	0.04524	0.01937	0.01484	0.00746	0.00564	0.00180	0.00528	0.03546	0.00553	0.00878
4	0.01240	0.01075	0.01491	0.21139	0.06006	0.01076	0.05531	0.08531	0.07897	0.01928	0.01390	0.04158	0.03064	0.00599	0.00520	0.00148	0.00557	0.00521	0.03743	0.29386
5	0.01002	0.00524	0.00542	0.00551	0.00664	0.00522	0.00398	0.01228	0.01140	0.01958	0.01922	0.07897	0.01663	0.07984	0.00642	0.00176	0.00293	0.00629	0.69762	0.00503
6	0.01219	0.06213	0.10390	0.07923	0.01827	0.01307	0.11186	0.09268	0.03555	0.01691	0.01220	0.01800	0.01088	0.12755	0.11707	0.00341	0.14971	0.00565	0.00316	0.00657
7	0.00725	0.00567	0.00657	0.00676	0.00813	0.00496	0.00481	0.00865	0.01215	0.01570	0.12496	0.30245	0.34776	0.06042	0.00797	0.00216	0.00320	0.01237	0.00512	0.05294
8	0.01357	0.00903	0.01035	0.00892	0.01059	0.00968	0.00643	0.17869	0.05994	0.09805	0.01698	0.02729	0.01635	0.44296	0.01900	0.00382	0.05112	0.00691	0.00438	0.00596
9	0.20478	0.01436	0.03864	0.06318	0.01659	0.10877	0.00953	0.18377	0.08679	0.15263	0.01346	0.01373	0.00968	0.00614	0.00500	0.00167	0.00591	0.00452	0.00459	0.05628

[dist]
# distance from previous block
# <min> <max>
4	14

[block]
# block no. 2 follows, 42 sequences, length 9
# corresponding to MSA columns:
# 98-106
name=unknown_C
#
# <colnr> <probs for GDERKNQSTAVLIFYWHMCP>
#	G	D	E	R	K	N	Q	S	T	A	V	L	I	F	Y	W	H	M	C	P
0	0.01015	0.03260	0.04746	0.03806	0.01180	0.00776	0.00723	0.06679	0.03824	0.04487	0.30230	0.13155	0.12537	0.03101	0.00684	0.00191	0.00396	0.03467	0.00521	0.05222
1	0.00686	0.00490	0.00653	0.00784	0.00816	0.00457	0.00522	0.00784	0.01077	0.01437	0.03102	0.79855	0.03722	0.01763	0.00718	0.00229	0.00326	0.01600	0.00522	0.00457
2	0.01700	0.01116	0.01257	0.01029	0.01335	0.01184	0.00811	0.36478	0.05063	0.12296	0.04305	0.05945	0.03903	0.10457	0.02810	0.03707	0.00546	0.00653	0.04639	0.00764
3	0.04631	0.00922	0.01074	0.00852	0.01238	0.00773	0.00664	0.03322	0.04728	0.05852	0.04194	0.15071	0.01563	0.00720	0.00494	0.00128	0.00406	0.00608	0.00414	0.52348
4	0.00730	0.00581	0.00650	0.00659	0.00808	0.00522	0.00479	0.00940	0.04174	0.01669	0.19194	0.18003	0.43559	0.04540	0.00758	0.00208	0.00305	0.01190	0.00537	0.00494
5	0.07798	0.09142	0.04610	0.08415	0.01793	0.10935	0.07309	0.11417	0.08525	0.02021	0.04112	0.03838	0.01171	0.00638	0.00544	0.00160	0.02553	0.00509	0.04830	0.09681
6	0.06856	0.17364	0.12248	0.01199	0.01652	0.17403	0.01101	0.20824	0.01620	0.02117	0.01053	0.01180	0.00828	0.00665	0.02569	0.00168	0.00713	0.00402	0.03278	0.06763
7	0.10639	0.05841	0.10917	0.07514	0.06271	0.10975	0.05893	0.12095	0.03959	0.06648	0.03342	0.01694	0.07067	0.00676	0.00591	0.00174	0.04048	0.00528	0.00381	0.00743
8	0.10830	0.04127	0.06032	0.07705	0.08308	0.08873	0.03902	0.16802	0.08604	0.08104	0.03750	0.01464	0.01084	0.00627	0.00572	0.00170	0.03444	0.00488	0.00413	0.04700

[dist]
# distance from previous block
# <min> <max>
8	106

[block]
# block no. 3 follows, 42 sequences, length 29
# corresponding to MSA columns:
# 215,216,218-244
name=unknown_D
#
# <colnr> <probs for GDERKNQSTAVLIFYWHMCP>
#	G	D	E	R	K	N	Q	S	T	A	V	L	I	F	Y	W	H	M	C	P
0	0.12313	0.01738	0.01406	0.01270	0.01452	0.34390	0.00999	0.01730	0.01220	0.01538	0.00987	0.01465	0.00905	0.00831	0.00984	0.05032	0.23364	0.04847	0.02930	0.00600
1	0.74271	0.01056	0.00882	0.05295	0.01255	0.01224	0.00683	0.01612	0.00988	0.02410	0.00931	0.01281	0.00779	0.00588	0.00387	0.00180	0.00459	0.04762	0.00353	0.00605
2	0.15869	0.01486	0.01458	0.01161	0.01566	0.07031	0.00948	0.48291	0.04139	0.07400	0.01316	0.01336	0.00947	0.00646	0.00517	0.00167	0.00590	0.00470	0.03804	0.00858
3	0.12514	0.00777	0.00886	0.03943	0.01167	0.00792	0.00711	0.03114	0.07892	0.01898	0.09534	0.12396	0.16864	0.01175	0.00626	0.00202	0.00417	0.19208	0.00490	0.05393
4	0.09506	0.01533	0.01612	0.01245	0.01686	0.01702	0.01028	0.68266	0.02494	0.03455	0.01300	0.01312	0.00926	0.00662	0.00544	0.00169	0.00603	0.00489	0.00544	0.00926
5	0.00788	0.00576	0.00740	0.00703	0.00841	0.00529	0.00530	0.01042	0.01560	0.02181	0.68700	0.04356	0.11390	0.01183	0.00666	0.00180	0.00273	0.02628	0.00609	0.00526
6	0.00784	0.00575	0.00735	0.00695	0.00833	0.00526	0.00521	0.01039	0.01564	0.02189	0.69904	0.04315	0.11863	0.01176	0.00664	0.00178	0.00267	0.01033	0.00611	0.00526
7	0.01270	0.06156	0.01930	0.23703	0.02333	0.07986	0.09474	0.01513	0.01070	0.01427	0.00897	0.01333	0.00774	0.00845	0.03578	0.00228	0.34092	0.00495	0.00257	0.00640
8	0.01246	0.01371	0.02874	0.02113	0.02576	0.01326	0.60002	0.01652	0.01270	0.01732	0.01359	0.09307	0.01200	0.00669	0.00756	0.00200	0.06362	0.02963	0.00312	0.00712
9	0.00684	0.00509	0.00634	0.00732	0.00799	0.00463	0.00497	0.00790	0.01117	0.01447	0.03648	0.61595	0.19832	0.03480	0.00755	0.00227	0.00322	0.01491	0.00518	0.00458
10	0.01233	0.01251	0.01860	0.18372	0.06006	0.04584	0.08018	0.01457	0.01014	0.01438	0.00878	0.01346	0.00780	0.00907	0.03722	0.00241	0.45485	0.00509	0.00256	0.00643
11	0.02043	0.01112	0.01378	0.01262	0.07912	0.04085	0.00931	0.06960	0.14743	0.43400	0.05494	0.02115	0.01609	0.00741	0.00577	0.00179	0.00511	0.03456	0.00604	0.00891
12	0.00697	0.00498	0.00666	0.00797	0.00835	0.00467	0.00543	0.00804	0.01089	0.01450	0.03095	0.76005	0.03697	0.01752	0.00721	0.00230	0.00337	0.05335	0.00522	0.00460
13	0.01071	0.00811	0.00921	0.00828	0.01023	0.03803	0.00635	0.07743	0.07562	0.05067	0.54952	0.03632	0.07616	0.01052	0.00638	0.00177	0.00349	0.00908	0.00596	0.00615
14	0.06950	0.01184	0.01263	0.01066	0.01407	0.08432	0.00866	0.14689	0.08162	0.29395	0.09475	0.02453	0.01854	0.00826	0.00582	0.00182	0.00532	0.09302	0.00573	0.00805
15	0.05424	0.01718	0.01899	0.05775	0.09044	0.25610	0.12202	0.05574	0.01329	0.03078	0.00968	0.01268	0.00804	0.00763	0.03084	0.00205	0.19782	0.00475	0.00300	0.00696
16	0.03293	0.01264	0.02108	0.16811	0.57228	0.01343	0.01641	0.01651	0.01220	0.01753	0.01022	0.01391	0.00850	0.00543	0.00632	0.00176	0.05485	0.00496	0.00273	0.00820
17	0.01089	0.00563	0.00567	0.00553	0.00696	0.00570	0.00418	0.04022	0.01234	0.02151	0.01818	0.02071	0.01425	0.00656	0.00400	0.00133	0.00275	0.00524	0.80294	0.00540
18	0.00793	0.00552	0.00720	0.00766	0.00865	0.00510	0.00556	0.00969	0.01307	0.03905	0.29011	0.39257	0.10107	0.01474	0.00695	0.00208	0.00321	0.06919	0.00561	0.00504
19	0.01352	0.01824	0.22236	0.12989	0.36455	0.07983	0.01707	0.04023	0.01305	0.01779	0.01068	0.01416	0.00858	0.00552	0.00552	0.00173	0.00749	0.01888	0.00278	0.00813
20	0.00715	0.00574	0.00640	0.00628	0.00797	0.00498	0.00474	0.00902	0.01387	0.01771	0.29362	0.05032	0.50799	0.01336	0.00667	0.00187	0.00284	0.02896	0.00555	0.00495
21	0.01146	0.13729	0.20814	0.01105	0.01513	0.02571	0.04965	0.01526	0.03274	0.05045	0.22102	0.02549	0.05370	0.02575	0.02379	0.00195	0.00572	0.03644	0.04254	0.00672
22	0.21976	0.00998	0.01147	0.00919	0.01301	0.00981	0.00754	0.08822	0.01518	0.43968	0.05278	0.01744	0.01353	0.00671	0.00506	0.00171	0.00457	0.00516	0.06094	0.00825
23	0.01138	0.01070	0.01731	0.60774	0.05742	0.01285	0.05365	0.01699	0.12327	0.01607	0.01203	0.01588	0.00905	0.00586	0.00569	0.00188	0.00712	0.00529	0.00301	0.00680
24	0.00762	0.00565	0.00711	0.00693	0.00825	0.00514	0.00513	0.00989	0.01485	0.02044	0.56624	0.12608	0.17058	0.01263	0.00670	0.00185	0.00275	0.01109	0.00593	0.00514
25	0.00854	0.00637	0.00903	0.00855	0.00999	0.00597	0.05088	0.01113	0.03760	0.03886	0.39170	0.28552	0.07567	0.01303	0.00678	0.00197	0.00344	0.02397	0.00562	0.00541
26	0.06735	0.02831	0.08936	0.36678	0.14774	0.01219	0.01368	0.05848	0.01211	0.01734	0.01109	0.01578	0.00902	0.06068	0.00722	0.01807	0.00668	0.00498	0.04637	0.00677
27	0.00952	0.00611	0.00784	0.00720	0.00886	0.00554	0.00545	0.01194	0.01545	0.09472	0.60123	0.04094	0.12263	0.02910	0.00704	0.00186	0.00295	0.00987	0.00611	0.00563
28	0.02936	0.08909	0.13995	0.01144	0.01539	0.01211	0.05201	0.20869	0.01698	0.03476	0.23745	0.05914	0.02378	0.00833	0.00581	0.00174	0.00539	0.02464	0.01665	0.00729

[dist]
# distance from previous block
# <min> <max>
1	15

[block]
# block no. 4 follows, 42 sequences, length 28
# corresponding to MSA columns:
# 260-278,281-289
name=unknown_E
#
# <colnr> <probs for GDERKNQSTAVLIFYWHMCP>
#	G	D	E	R	K	N	Q	S	T	A	V	L	I	F	Y	W	H	M	C	P
0	0.01597	0.01043	0.08599	0.04239	0.01425	0.00826	0.00872	0.04476	0.03527	0.31934	0.24139	0.02690	0.07369	0.00848	0.00593	0.00174	0.00451	0.00714	0.00576	0.03909
1	0.01133	0.01008	0.01688	0.73519	0.05768	0.01235	0.01536	0.01501	0.01150	0.04641	0.01053	0.01515	0.00781	0.00567	0.00563	0.00186	0.00737	0.00503	0.00270	0.00646
2	0.01870	0.00813	0.01096	0.00890	0.01211	0.00715	0.00715	0.02106	0.01604	0.48763	0.30312	0.02782	0.02876	0.00868	0.00603	0.00175	0.00398	0.00737	0.00667	0.00796
3	0.00916	0.00600	0.00788	0.00731	0.00882	0.00550	0.00552	0.01172	0.01577	0.07560	0.68676	0.06573	0.04978	0.01139	0.00659	0.00179	0.00283	0.01005	0.00622	0.00559
4	0.00862	0.00582	0.00760	0.00728	0.00864	0.00534	0.00541	0.01098	0.01513	0.05793	0.60446	0.14411	0.07285	0.01221	0.00666	0.00184	0.00285	0.01080	0.00607	0.00540
5	0.00699	0.00503	0.00665	0.00782	0.00829	0.00469	0.00535	0.00813	0.01119	0.01490	0.06869	0.70698	0.06233	0.01713	0.00716	0.00226	0.00329	0.04321	0.00527	0.00464
6	0.00867	0.00591	0.00753	0.00706	0.00853	0.00538	0.00528	0.01104	0.01522	0.05878	0.60604	0.05844	0.13016	0.03823	0.00734	0.00192	0.00289	0.01020	0.00601	0.00538
7	0.01528	0.77542	0.02896	0.00982	0.01456	0.05162	0.00968	0.01707	0.01161	0.01326	0.00786	0.00907	0.00722	0.00485	0.00367	0.00121	0.00618	0.00303	0.00243	0.00719
8	0.00784	0.00573	0.00736	0.00700	0.00834	0.00525	0.00523	0.01036	0.01557	0.02182	0.69390	0.06196	0.10484	0.01186	0.00665	0.00179	0.00268	0.01045	0.00610	0.00525
9	0.00805	0.00599	0.00886	0.00886	0.00980	0.00694	0.00681	0.00993	0.00899	0.01293	0.01524	0.02303	0.01447	0.09002	0.73265	0.00882	0.01447	0.00617	0.00304	0.00492
10	0.00693	0.00495	0.00661	0.00792	0.00828	0.00463	0.00535	0.00796	0.01084	0.01445	0.03098	0.77487	0.03707	0.01756	0.00720	0.00230	0.00333	0.03897	0.00522	0.00459
11	0.01176	0.01008	0.01171	0.00846	0.01339	0.00775	0.00675	0.01478	0.04043	0.01854	0.01050	0.01203	0.00868	0.00430	0.00423	0.00088	0.00418	0.00345	0.00343	0.80469
12	0.00772	0.00575	0.00673	0.00673	0.00828	0.00507	0.00502	0.00954	0.01365	0.03911	0.27953	0.15090	0.38874	0.01366	0.00673	0.00193	0.00298	0.03729	0.00559	0.00506
13	0.06217	0.09075	0.12841	0.01153	0.01647	0.02749	0.03527	0.07252	0.03570	0.43702	0.01708	0.01594	0.01135	0.00633	0.00533	0.00170	0.00577	0.00502	0.00532	0.00884
14	0.01009	0.00589	0.00786	0.00795	0.00921	0.00538	0.00573	0.01177	0.01319	0.13579	0.25375	0.44479	0.03841	0.01408	0.00678	0.00204	0.00332	0.01259	0.00579	0.00558
15	0.00958	0.00489	0.00728	0.00736	0.00739	0.00487	0.00491	0.00736	0.00756	0.01008	0.01116	0.06821	0.01157	0.01942	0.02103	0.78173	0.00478	0.00561	0.00263	0.00258
16	0.02039	0.01523	0.01591	0.01245	0.01665	0.04177	0.01019	0.62378	0.07601	0.04696	0.01441	0.01440	0.01035	0.00678	0.00553	0.00168	0.00600	0.00513	0.04717	0.00921
17	0.80121	0.01178	0.04580	0.00782	0.01154	0.01265	0.00682	0.01661	0.00969	0.02488	0.00795	0.00928	0.00615	0.00523	0.00357	0.00174	0.00455	0.00310	0.00343	0.00620
18	0.03945	0.00510	0.00736	0.00733	0.00746	0.00516	0.00493	0.00766	0.00741	0.01033	0.00971	0.01682	0.00964	0.01904	0.02133	0.80651	0.00487	0.00482	0.00248	0.00257
19	0.01330	0.01512	0.03286	0.02408	0.05401	0.01420	0.72236	0.01800	0.01327	0.01804	0.01136	0.01514	0.00855	0.00475	0.00661	0.00189	0.00939	0.00659	0.00284	0.00763
20	0.00818	0.00546	0.00614	0.00614	0.00614	0.00546	0.00341	0.00818	0.00818	0.01091	0.01773	0.03683	0.02046	0.80222	0.02864	0.00546	0.00546	0.00818	0.00341	0.00341
21	0.01188	0.01020	0.01177	0.00862	0.01346	0.00810	0.00688	0.01562	0.08056	0.01882	0.01120	0.01253	0.00915	0.00449	0.00431	0.00093	0.00419	0.00361	0.00356	0.76011
22	0.01215	0.01132	0.01919	0.38499	0.38455	0.01249	0.01581	0.01536	0.01178	0.01603	0.01027	0.01461	0.00830	0.00612	0.00652	0.04859	0.00697	0.00500	0.00263	0.00731
23	0.01909	0.01388	0.01501	0.01182	0.01558	0.01537	0.00963	0.60287	0.02332	0.03184	0.01455	0.04113	0.01129	0.03396	0.00665	0.00182	0.02815	0.00555	0.08984	0.00866
24	0.41185	0.01141	0.01405	0.15920	0.04738	0.01253	0.08176	0.06623	0.01219	0.09108	0.01048	0.01233	0.00774	0.00547	0.00465	0.00174	0.00570	0.00423	0.00367	0.03631
25	0.02106	0.01149	0.01381	0.01066	0.01503	0.01110	0.00872	0.21235	0.09117	0.39173	0.01816	0.01673	0.01227	0.00655	0.00543	0.00161	0.00502	0.00522	0.00594	0.13596
26	0.01294	0.00857	0.01004	0.00908	0.01154	0.00869	0.00704	0.06343	0.20968	0.14503	0.17907	0.12935	0.13647	0.01076	0.00628	0.00191	0.00389	0.03331	0.00586	0.00704
27	0.02473	0.00946	0.01289	0.00992	0.01419	0.00818	0.00818	0.02692	0.01610	0.74852	0.04451	0.01984	0.01511	0.00710	0.00569	0.00174	0.00472	0.00580	0.00694	0.00945

[dist]
# distance from previous block
# <min> <max>
0	1

[block]
# block no. 5 follows, 42 sequences, length 21
# corresponding to MSA columns:
# 291-311
name=unknown_F
#
# <colnr> <probs for GDERKNQSTAVLIFYWHMCP>
#	G	D	E	R	K	N	Q	S	T	A	V	L	I	F	Y	W	H	M	C	P
0	0.18539	0.00964	0.01184	0.00935	0.01338	0.00898	0.00769	0.02443	0.01481	0.58626	0.05677	0.01833	0.01436	0.00685	0.00528	0.00174	0.00460	0.00537	0.00624	0.00868
1	0.02406	0.01148	0.01424	0.01092	0.01532	0.01110	0.00902	0.24970	0.01930	0.54424	0.01952	0.01741	0.01259	0.00690	0.00565	0.00173	0.00522	0.00548	0.00655	0.00958
2	0.00711	0.00512	0.00666	0.00753	0.00810	0.00476	0.00512	0.00838	0.01171	0.01579	0.16899	0.59289	0.06972	0.05020	0.00798	0.00231	0.00323	0.01440	0.00533	0.00467
3	0.00830	0.00549	0.00622	0.00627	0.00637	0.00549	0.00365	0.00850	0.00851	0.01152	0.01823	0.03730	0.02071	0.74170	0.02691	0.00519	0.00534	0.03665	0.03410	0.00355
4	0.01249	0.01141	0.01916	0.37878	0.36971	0.01262	0.01575	0.01586	0.01204	0.03875	0.01126	0.04001	0.00930	0.00587	0.00592	0.00180	0.02350	0.00538	0.00285	0.00751
5	0.01231	0.01231	0.01724	0.01477	0.01477	0.01724	0.01231	0.01354	0.00862	0.01354	0.00739	0.01231	0.00739	0.00985	0.01847	0.00246	0.79192	0.00492	0.00246	0.00616
6	0.00781	0.00537	0.00698	0.00754	0.00841	0.00493	0.00529	0.00934	0.01257	0.04392	0.23916	0.50293	0.09411	0.01527	0.00694	0.00209	0.00312	0.01369	0.00556	0.00497
7	0.02074	0.01542	0.01689	0.05967	0.01874	0.01715	0.01099	0.70415	0.02554	0.03420	0.01330	0.01360	0.00945	0.00669	0.00563	0.00170	0.00627	0.00506	0.00544	0.00937
8	0.01084	0.00568	0.00582	0.00566	0.00709	0.00578	0.00429	0.04162	0.01229	0.02130	0.01807	0.02073	0.01422	0.00766	0.02795	0.00156	0.00315	0.00526	0.77563	0.00541
9	0.01624	0.52682	0.04706	0.01232	0.05336	0.21208	0.01064	0.01819	0.01269	0.01386	0.00879	0.01099	0.00793	0.00535	0.00423	0.00134	0.00714	0.02123	0.00262	0.00711
10	0.00978	0.00489	0.00733	0.00733	0.00733	0.00489	0.00489	0.00733	0.00733	0.00978	0.00978	0.01711	0.00978	0.01955	0.02199	0.83627	0.00489	0.00489	0.00244	0.00244
11	0.14655	0.19811	0.36769	0.04607	0.05241	0.01490	0.03637	0.01761	0.01163	0.04717	0.00975	0.01140	0.00738	0.00525	0.00473	0.00165	0.00695	0.00392	0.00278	0.00768
12	0.01571	0.01498	0.22780	0.01367	0.06961	0.01003	0.04121	0.04825	0.03288	0.26281	0.04621	0.10554	0.03868	0.00821	0.00593	0.00186	0.00587	0.03793	0.00478	0.00804
13	0.01058	0.00970	0.01631	0.74244	0.03690	0.01205	0.01499	0.01396	0.01102	0.01411	0.00999	0.01513	0.00764	0.00645	0.00660	0.05128	0.00735	0.00499	0.00250	0.00603
14	0.01821	0.01660	0.01564	0.04247	0.06016	0.19824	0.01065	0.35623	0.06617	0.02532	0.05758	0.01744	0.03946	0.00726	0.00597	0.00170	0.02662	0.02161	0.00463	0.00804
15	0.01881	0.06478	0.01519	0.01128	0.01510	0.01400	0.00920	0.40306	0.08352	0.15082	0.01738	0.10455	0.01415	0.02649	0.00619	0.00182	0.00541	0.00642	0.00550	0.02631
16	0.00780	0.00574	0.00750	0.00849	0.00954	0.00544	0.00668	0.00962	0.01229	0.01594	0.06969	0.32411	0.16301	0.01588	0.00731	0.00232	0.00397	0.31452	0.00525	0.00489
17	0.00694	0.00496	0.00661	0.00778	0.00818	0.00463	0.00523	0.00805	0.01117	0.01499	0.08722	0.74056	0.03844	0.01716	0.00714	0.00225	0.00322	0.01555	0.00530	0.00463
18	0.01576	0.11417	0.04065	0.01379	0.06035	0.07418	0.11376	0.12180	0.06008	0.12187	0.08803	0.04946	0.03376	0.00746	0.00568	0.00172	0.00608	0.03427	0.02951	0.00762
19	0.11222	0.09373	0.02763	0.02745	0.01314	0.12817	0.00803	0.14598	0.04575	0.01874	0.01358	0.04764	0.01282	0.19998	0.07920	0.00320	0.00705	0.00567	0.00373	0.00627
20	0.23194	0.17195	0.09811	0.01176	0.06732	0.06897	0.00990	0.01768	0.01207	0.10731	0.04113	0.04661	0.01102	0.00621	0.00490	0.00160	0.02371	0.00455	0.00362	0.05965

[dist]
# distance from previous block
# <min> <max>
2	9

[block]
# block no. 6 follows, 42 sequences, length 23
# corresponding to MSA columns:
# 321-343
name=unknown_G
#
# <colnr> <probs for GDERKNQSTAVLIFYWHMCP>
#	G	D	E	R	K	N	Q	S	T	A	V	L	I	F	Y	W	H	M	C	P
0	0.03508	0.36038	0.02106	0.08422	0.08788	0.09289	0.01033	0.01737	0.02926	0.06884	0.07132	0.01520	0.02971	0.00618	0.00510	0.00151	0.03066	0.00460	0.02129	0.00711
1	0.13556	0.35697	0.03682	0.01011	0.01400	0.15861	0.00895	0.05439	0.01308	0.01711	0.05033	0.03563	0.04774	0.00631	0.00443	0.00145	0.00614	0.00444	0.00326	0.03466
2	0.01269	0.06335	0.15302	0.13297	0.24507	0.03141	0.09464	0.03259	0.04479	0.01720	0.01214	0.03326	0.01039	0.05068	0.00718	0.00199	0.02303	0.02305	0.00299	0.00758
3	0.06879	0.04066	0.01543	0.05684	0.01689	0.08397	0.02711	0.37553	0.01928	0.08834	0.01331	0.01452	0.00991	0.00942	0.07019	0.00228	0.02065	0.00491	0.05389	0.00807
4	0.00754	0.00645	0.00639	0.00632	0.00814	0.02747	0.00472	0.00950	0.03353	0.01629	0.12286	0.07828	0.59828	0.01342	0.00651	0.00187	0.00309	0.01125	0.03311	0.00498
5	0.01070	0.00575	0.00809	0.00778	0.00814	0.00589	0.00535	0.06633	0.00885	0.01182	0.01007	0.01682	0.00976	0.01853	0.02069	0.76982	0.00499	0.00490	0.00270	0.00301
6	0.01980	0.08766	0.01686	0.01343	0.01676	0.49754	0.01050	0.17103	0.04883	0.01857	0.01047	0.01167	0.00841	0.00742	0.03544	0.00180	0.00894	0.00408	0.00354	0.00725
7	0.00883	0.00678	0.00764	0.00775	0.00892	0.03619	0.00566	0.01105	0.03807	0.01738	0.16214	0.31359	0.11286	0.01359	0.03092	0.00212	0.03681	0.01078	0.14402	0.02490
8	0.01923	0.01359	0.01483	0.01178	0.01579	0.01480	0.00955	0.45812	0.17931	0.10609	0.01654	0.01648	0.01203	0.02912	0.00620	0.00181	0.00550	0.00544	0.02876	0.03503
9	0.01485	0.68624	0.11395	0.01055	0.01569	0.05099	0.01095	0.01718	0.01166	0.01378	0.00812	0.00940	0.00721	0.00491	0.00387	0.00128	0.00644	0.00316	0.00242	0.00732
10	0.01049	0.00525	0.00525	0.00525	0.00656	0.00525	0.00393	0.01311	0.01180	0.02098	0.01836	0.02098	0.01442	0.00656	0.00393	0.00131	0.00262	0.00525	0.83346	0.00525
11	0.01231	0.01231	0.01724	0.01477	0.01477	0.01724	0.01231	0.01354	0.00862	0.01354	0.00739	0.01231	0.00739	0.00985	0.01847	0.00246	0.79192	0.00492	0.00246	0.00616
12	0.00860	0.00591	0.00763	0.00711	0.00860	0.00540	0.00537	0.01116	0.01573	0.05350	0.68636	0.04188	0.09840	0.01150	0.00660	0.00178	0.00276	0.01010	0.00616	0.00545
13	0.00752	0.00567	0.00723	0.00787	0.00826	0.00576	0.00536	0.00838	0.01031	0.01374	0.02912	0.52333	0.10067	0.16304	0.01203	0.00285	0.06643	0.01327	0.00467	0.00450
14	0.66221	0.08385	0.01066	0.00807	0.01152	0.07422	0.00669	0.01688	0.01036	0.02305	0.00840	0.00977	0.00668	0.00530	0.00364	0.00165	0.00488	0.00319	0.04278	0.00619
15	0.01049	0.00525	0.00525	0.00525	0.00656	0.00525	0.00393	0.01311	0.01180	0.02098	0.01836	0.02098	0.01442	0.00656	0.00393	0.00131	0.00262	0.00525	0.83346	0.00525
16	0.01433	0.01811	0.17773	0.02744	0.47860	0.08768	0.04956	0.04655	0.01348	0.01848	0.01045	0.01318	0.00839	0.00522	0.00553	0.00168	0.00746	0.00478	0.00283	0.00853
17	0.00836	0.03753	0.01021	0.03544	0.01148	0.00684	0.05860	0.01069	0.04128	0.01633	0.13296	0.47083	0.05410	0.01430	0.00685	0.00213	0.00405	0.06775	0.00501	0.00527
18	0.03104	0.01168	0.01664	0.05533	0.01586	0.01585	0.03163	0.01335	0.00907	0.01404	0.00941	0.07119	0.00962	0.00996	0.01628	0.00239	0.65211	0.00576	0.00270	0.00608
19	0.01356	0.01094	0.01227	0.03221	0.02740	0.10076	0.08369	0.10489	0.03743	0.02100	0.01510	0.01745	0.01182	0.00711	0.02290	0.00167	0.02291	0.00516	0.42133	0.03043
20	0.08172	0.06058	0.01509	0.05554	0.04557	0.21276	0.00996	0.19236	0.03970	0.05053	0.03586	0.04196	0.06611	0.00754	0.00601	0.00172	0.04393	0.02168	0.00415	0.00726
21	0.05433	0.01051	0.04357	0.02822	0.01378	0.00972	0.00826	0.16487	0.03733	0.24680	0.14913	0.07801	0.06073	0.02635	0.00632	0.00184	0.00466	0.00716	0.00562	0.04279
22	0.08153	0.01211	0.01315	0.01028	0.01441	0.01218	0.00829	0.32194	0.06085	0.02632	0.04774	0.06011	0.01292	0.00666	0.00510	0.00145	0.00492	0.00526	0.00469	0.29008

[dist]
# distance from previous block
# <min> <max>
1	5

[block]
# block no. 7 follows, 42 sequences, length 34
# corresponding to MSA columns:
# 350-367,369-383,385
name=unknown_H
#
# <colnr> <probs for GDERKNQSTAVLIFYWHMCP>
#	G	D	E	R	K	N	Q	S	T	A	V	L	I	F	Y	W	H	M	C	P
0	0.06541	0.03879	0.01543	0.01305	0.06759	0.11812	0.00981	0.33616	0.03753	0.05839	0.01391	0.03299	0.03138	0.00648	0.00522	0.00154	0.00608	0.00495	0.00454	0.13263
1	0.03538	0.01647	0.04486	0.13495	0.44793	0.19038	0.01540	0.01807	0.01321	0.01690	0.00998	0.01302	0.00820	0.00530	0.00541	0.00165	0.00760	0.00461	0.00278	0.00790
2	0.01352	0.05461	0.08602	0.18225	0.47429	0.05928	0.01648	0.01703	0.01254	0.01700	0.01018	0.01350	0.00829	0.00520	0.00544	0.00169	0.00716	0.00475	0.00268	0.00810
3	0.01306	0.01260	0.01899	0.36046	0.34165	0.06215	0.01543	0.04775	0.01304	0.01723	0.03712	0.01514	0.00979	0.00564	0.00560	0.00175	0.00710	0.00510	0.00291	0.00750
4	0.03797	0.00798	0.01035	0.05752	0.01281	0.00825	0.03337	0.13842	0.01358	0.01866	0.02405	0.51804	0.02698	0.01352	0.00677	0.00208	0.01853	0.01202	0.00487	0.03422
5	0.00818	0.00548	0.00624	0.00624	0.00627	0.00551	0.00353	0.00825	0.00821	0.01098	0.01764	0.03633	0.02024	0.77666	0.05392	0.00558	0.00578	0.00811	0.00340	0.00346
6	0.01288	0.29291	0.43093	0.01601	0.10786	0.01625	0.01656	0.01743	0.01184	0.01632	0.00938	0.01114	0.00737	0.00513	0.00478	0.00157	0.00734	0.00387	0.00243	0.00801
7	0.00684	0.00496	0.00647	0.00767	0.00812	0.00458	0.00515	0.00785	0.01093	0.01443	0.03302	0.74128	0.09320	0.01737	0.00714	0.00226	0.00323	0.01568	0.00522	0.00458
8	0.01240	0.01253	0.01744	0.01486	0.01517	0.03584	0.03780	0.01379	0.00898	0.01369	0.00786	0.01274	0.00769	0.01084	0.04760	0.00268	0.71442	0.00500	0.00251	0.00617
9	0.01178	0.13049	0.67599	0.01520	0.02306	0.01427	0.01934	0.01770	0.01182	0.01722	0.00980	0.01151	0.00714	0.00528	0.00512	0.00171	0.00802	0.00401	0.00238	0.00817
10	0.00704	0.00591	0.00615	0.00619	0.00802	0.00514	0.00466	0.00903	0.03887	0.01577	0.07891	0.08774	0.65728	0.01412	0.00668	0.00193	0.00299	0.03338	0.00528	0.00492
11	0.00818	0.00546	0.00614	0.00614	0.00614	0.00546	0.00341	0.00818	0.00818	0.01091	0.01773	0.03683	0.02046	0.80222	0.02864	0.00546	0.00546	0.00818	0.00341	0.00341
12	0.01364	0.01317	0.02287	0.05810	0.67726	0.01319	0.06048	0.01706	0.01279	0.01819	0.01117	0.01547	0.00952	0.00532	0.00570	0.00172	0.00684	0.02602	0.00285	0.00864
13	0.05266	0.01442	0.01470	0.01191	0.01572	0.05559	0.00966	0.47801	0.14648	0.03028	0.05080	0.01727	0.01339	0.00722	0.00556	0.00173	0.00570	0.02303	0.03719	0.00868
14	0.00686	0.00490	0.00653	0.00784	0.00816	0.00457	0.00522	0.00784	0.01077	0.01437	0.03102	0.79855	0.03722	0.01763	0.00718	0.00229	0.00326	0.01600	0.00522	0.00457
15	0.01167	0.01000	0.01167	0.00834	0.01334	0.00750	0.00667	0.01417	0.01167	0.01834	0.01000	0.01167	0.00834	0.00417	0.00417	0.00083	0.00417	0.00333	0.00333	0.83663
16	0.15944	0.01482	0.01483	0.01174	0.01585	0.04316	0.00962	0.54278	0.05479	0.03196	0.01295	0.01323	0.00940	0.00649	0.00519	0.00169	0.00583	0.00474	0.03279	0.00870
17	0.00959	0.00647	0.00820	0.00744	0.00938	0.00568	0.00562	0.01190	0.01462	0.08211	0.47494	0.12119	0.10224	0.01118	0.00633	0.00173	0.00309	0.00979	0.00574	0.10278
18	0.25865	0.03405	0.04656	0.11589	0.01724	0.01193	0.04151	0.05547	0.12698	0.11496	0.01650	0.07041	0.03755	0.00729	0.00518	0.00184	0.00528	0.02119	0.00434	0.00718
19	0.04154	0.01426	0.01568	0.04841	0.24359	0.20010	0.02495	0.01732	0.05998	0.01753	0.08011	0.04635	0.01741	0.00880	0.02220	0.00198	0.00689	0.12216	0.00377	0.00698
20	0.01363	0.07645	0.26963	0.11124	0.18681	0.09299	0.05049	0.04214	0.04156	0.01744	0.01045	0.01289	0.00813	0.00559	0.00586	0.00173	0.03771	0.00457	0.00280	0.00789
21	0.31283	0.04394	0.09715	0.06604	0.18836	0.04193	0.01142	0.04030	0.01192	0.02058	0.03727	0.04195	0.01093	0.00705	0.02117	0.00191	0.00603	0.02882	0.00335	0.00704
22	0.10803	0.06922	0.01610	0.10057	0.23615	0.09131	0.02166	0.01549	0.01282	0.01802	0.10144	0.05058	0.01765	0.00787	0.00565	0.00181	0.00605	0.10910	0.00365	0.00681
23	0.01129	0.00845	0.00985	0.00875	0.01123	0.00807	0.00679	0.10277	0.06346	0.03715	0.07051	0.07555	0.09337	0.15022	0.01001	0.00240	0.00458	0.13263	0.00467	0.18824
24	0.04186	0.26581	0.04573	0.01240	0.01589	0.06794	0.12357	0.01539	0.01155	0.01545	0.05134	0.01495	0.01132	0.01243	0.14426	0.00290	0.08408	0.00483	0.01988	0.03841
25	0.04538	0.01274	0.01327	0.01094	0.01426	0.05850	0.00877	0.39317	0.03785	0.04048	0.04817	0.04227	0.07857	0.02395	0.11414	0.00277	0.00694	0.00619	0.00492	0.03672
26	0.01739	0.01338	0.03288	0.01175	0.01550	0.01429	0.00960	0.37430	0.26136	0.07201	0.01963	0.07992	0.03602	0.00810	0.00581	0.00182	0.00527	0.00657	0.00562	0.00879
27	0.01128	0.01039	0.01677	0.65350	0.08563	0.01255	0.01493	0.04700	0.03355	0.01587	0.01221	0.01641	0.03450	0.00599	0.00566	0.00186	0.00714	0.00529	0.00285	0.00660
28	0.00743	0.00580	0.00678	0.00674	0.00835	0.00515	0.00519	0.00946	0.01406	0.01828	0.33266	0.05038	0.40658	0.01331	0.00677	0.00192	0.00302	0.08751	0.00560	0.00502
29	0.01178	0.01309	0.07272	0.08004	0.12174	0.08780	0.13025	0.03917	0.04261	0.01701	0.02378	0.09064	0.17893	0.00983	0.02850	0.00207	0.00663	0.03292	0.00380	0.00669
30	0.01222	0.01033	0.01197	0.00860	0.01357	0.00807	0.00690	0.05589	0.01251	0.01931	0.01020	0.01177	0.00841	0.00431	0.00425	0.00088	0.00428	0.00343	0.00346	0.78963
31	0.01515	0.20177	0.20382	0.01216	0.03775	0.01368	0.01186	0.11342	0.03246	0.13285	0.04131	0.07913	0.01414	0.00740	0.00531	0.00169	0.00595	0.03947	0.02286	0.00783
32	0.04032	0.43863	0.07725	0.01071	0.01508	0.11964	0.01005	0.01926	0.10051	0.05279	0.03399	0.01374	0.03506	0.00594	0.00447	0.00144	0.00624	0.00420	0.00332	0.00735
33	0.05003	0.31003	0.06065	0.01062	0.01471	0.04276	0.00970	0.05776	0.10711	0.15998	0.01594	0.01699	0.04661	0.00680	0.00549	0.00162	0.04246	0.02886	0.00414	0.00776

[dist]
# distance from previous block
# <min> <max>
0	4

[block]
# block no. 8 follows, 42 sequences, length 165
# corresponding to MSA columns:
# 390-554
name=unknown_I
#
# <colnr> <probs for GDERKNQSTAVLIFYWHMCP>
#	G	D	E	R	K	N	Q	S	T	A	V	L	I	F	Y	W	H	M	C	P
0	0.01319	0.03032	0.01114	0.03167	0.01219	0.02370	0.00746	0.16949	0.01468	0.05978	0.03790	0.17917	0.01773	0.02382	0.02799	0.00199	0.06965	0.00742	0.20166	0.05904
1	0.13042	0.06657	0.09063	0.17298	0.03875	0.02853	0.04531	0.09955	0.08647	0.05272	0.04452	0.01519	0.01103	0.00748	0.03422	0.00200	0.02665	0.00492	0.00372	0.03832
2	0.01753	0.01349	0.01447	0.03154	0.01592	0.03629	0.00949	0.47625	0.09323	0.02879	0.03409	0.08825	0.03373	0.00830	0.00617	0.02374	0.00559	0.00636	0.00524	0.05152
3	0.84197	0.01088	0.00827	0.00740	0.01088	0.01262	0.00609	0.01654	0.00958	0.02525	0.00784	0.00914	0.00609	0.00522	0.00348	0.00174	0.00435	0.00305	0.00348	0.00609
4	0.00683	0.00571	0.00589	0.00590	0.00769	0.00485	0.00441	0.00829	0.01279	0.01541	0.08577	0.05323	0.68667	0.04359	0.00750	0.00205	0.00300	0.03050	0.00520	0.00474
5	0.01041	0.00567	0.00814	0.00787	0.00808	0.00593	0.00543	0.04179	0.00826	0.01110	0.00986	0.01676	0.00968	0.01860	0.02111	0.76659	0.03433	0.00490	0.00259	0.00291
6	0.01413	0.37896	0.14822	0.01092	0.01552	0.03858	0.01089	0.11998	0.02909	0.01878	0.11969	0.04467	0.01550	0.00671	0.00485	0.00151	0.00593	0.00510	0.00359	0.00738
7	0.00713	0.00535	0.00661	0.00707	0.00809	0.00483	0.00501	0.00871	0.01280	0.01697	0.25127	0.38704	0.22866	0.01498	0.00689	0.00204	0.00298	0.01324	0.00551	0.00483
8	0.01732	0.01321	0.01413	0.01114	0.01540	0.04138	0.00897	0.29137	0.19081	0.09010	0.01530	0.01510	0.01129	0.00623	0.00523	0.00150	0.00526	0.00489	0.00504	0.23634
9	0.01505	0.80561	0.02949	0.00963	0.01444	0.02227	0.00963	0.01685	0.01143	0.01324	0.00782	0.00903	0.00722	0.00481	0.00361	0.00120	0.00602	0.00301	0.00241	0.00722
10	0.01494	0.78324	0.05091	0.00981	0.01473	0.02200	0.00995	0.01688	0.01145	0.01337	0.00789	0.00911	0.00722	0.00483	0.00366	0.00122	0.00608	0.00304	0.00241	0.00725
11	0.00728	0.00565	0.00662	0.00653	0.00802	0.00499	0.00484	0.00923	0.01408	0.01853	0.38149	0.11446	0.37151	0.01328	0.00669	0.00187	0.00280	0.01146	0.00567	0.00499
12	0.00699	0.00502	0.00665	0.00783	0.00829	0.00468	0.00535	0.00813	0.01117	0.01490	0.06893	0.71241	0.05764	0.01715	0.00716	0.00226	0.00329	0.04222	0.00527	0.00464
13	0.00975	0.00888	0.00871	0.00826	0.01030	0.06399	0.00627	0.01457	0.18457	0.01710	0.07748	0.05482	0.39296	0.03466	0.06107	0.00248	0.02397	0.00932	0.00495	0.00588
14	0.08023	0.01868	0.01713	0.01856	0.21125	0.31369	0.01197	0.17877	0.01682	0.04860	0.01080	0.01236	0.00848	0.00653	0.02064	0.00174	0.00786	0.00438	0.00366	0.00786
15	0.00709	0.00572	0.00631	0.00616	0.00787	0.00494	0.00462	0.00893	0.01387	0.01768	0.29492	0.05008	0.52538	0.01333	0.00665	0.00186	0.00278	0.01131	0.00555	0.00494
16	0.00689	0.00494	0.00650	0.00773	0.00808	0.00460	0.00514	0.00785	0.01074	0.01428	0.03127	0.75480	0.05559	0.04269	0.00786	0.00238	0.00332	0.01564	0.00517	0.00454
17	0.01672	0.01212	0.01317	0.01167	0.03422	0.05253	0.00913	0.21293	0.22278	0.14113	0.05536	0.02598	0.07066	0.00865	0.00598	0.00186	0.00521	0.08612	0.00559	0.00819
18	0.01510	0.03203	0.01626	0.10958	0.12876	0.01234	0.04943	0.17484	0.08013	0.10448	0.08546	0.07402	0.01675	0.00777	0.00623	0.00181	0.02832	0.02547	0.00462	0.02660
19	0.00686	0.00490	0.00653	0.00784	0.00816	0.00457	0.00522	0.00784	0.01077	0.01437	0.03102	0.79855	0.03722	0.01763	0.00718	0.00229	0.00326	0.01600	0.00522	0.00457
20	0.21496	0.13775	0.01584	0.05374	0.12118	0.06626	0.00963	0.11264	0.01364	0.05646	0.01123	0.01290	0.00881	0.00577	0.00484	0.00159	0.02544	0.00419	0.11591	0.00721
21	0.01190	0.01010	0.01168	0.00865	0.01334	0.00809	0.00687	0.03382	0.06258	0.01898	0.01175	0.04151	0.01004	0.00497	0.00442	0.00098	0.00421	0.00405	0.00363	0.72843
22	0.03236	0.00843	0.01256	0.15501	0.17287	0.00866	0.01031	0.01303	0.01285	0.04485	0.13064	0.10376	0.12648	0.01040	0.00636	0.00197	0.00502	0.13383	0.00437	0.00624
23	0.03118	0.68796	0.07981	0.01016	0.01517	0.02093	0.01034	0.04428	0.01210	0.03289	0.00854	0.00964	0.00744	0.00498	0.00385	0.00129	0.00612	0.00323	0.00266	0.00742
24	0.00691	0.00494	0.00658	0.00780	0.00818	0.00461	0.00523	0.00798	0.01104	0.01479	0.06859	0.75978	0.03803	0.01732	0.00716	0.00226	0.00323	0.01570	0.00527	0.00461
25	0.00849	0.00648	0.00767	0.00751	0.00895	0.00630	0.00549	0.03834	0.07870	0.01880	0.29614	0.19360	0.20004	0.06730	0.02843	0.00235	0.00363	0.01096	0.00545	0.00537
26	0.01238	0.01117	0.01686	0.56387	0.10561	0.03330	0.01456	0.09583	0.01326	0.01738	0.01111	0.01578	0.00861	0.00593	0.00559	0.00182	0.00712	0.01926	0.03373	0.00683
27	0.00866	0.00595	0.00750	0.00699	0.00859	0.00537	0.00529	0.01107	0.01539	0.06149	0.59936	0.04295	0.17673	0.01175	0.00659	0.00179	0.00280	0.01023	0.00607	0.00544
28	0.02336	0.01260	0.01493	0.01145	0.01588	0.01276	0.00946	0.38027	0.02117	0.41102	0.01795	0.01639	0.01180	0.00686	0.00564	0.00172	0.00548	0.00537	0.00631	0.00957
29	0.05753	0.01108	0.04968	0.01049	0.01476	0.00967	0.00899	0.10620	0.03436	0.55421	0.02058	0.04635	0.01420	0.00743	0.00566	0.00178	0.00505	0.02663	0.00630	0.00905
30	0.01433	0.01143	0.01236	0.01100	0.01411	0.01291	0.00858	0.04100	0.62905	0.07271	0.08881	0.02262	0.02003	0.00792	0.00580	0.00188	0.00435	0.00663	0.00585	0.00864
31	0.01049	0.00525	0.00525	0.00525	0.00656	0.00525	0.00393	0.01311	0.01180	0.02098	0.01836	0.02098	0.01442	0.00656	0.00393	0.00131	0.00262	0.00525	0.83346	0.00525
32	0.01127	0.01093	0.01745	0.50450	0.03034	0.01416	0.03444	0.01419	0.01041	0.01419	0.00915	0.01409	0.00749	0.00704	0.01002	0.00208	0.27447	0.00502	0.00250	0.00626
33	0.01159	0.01131	0.01582	0.01384	0.01391	0.01554	0.01138	0.01281	0.00887	0.01362	0.01022	0.09941	0.01087	0.01164	0.03916	0.00263	0.68246	0.00618	0.00278	0.00595
34	0.00697	0.00497	0.00647	0.00763	0.00797	0.00465	0.00504	0.00787	0.01060	0.01408	0.03052	0.71095	0.05504	0.08742	0.00908	0.00256	0.00345	0.01519	0.00506	0.00447
35	0.01083	0.01021	0.01724	0.74297	0.08292	0.01256	0.01573	0.01455	0.01135	0.01462	0.01004	0.01494	0.00759	0.00559	0.00562	0.00186	0.00745	0.00500	0.00252	0.00641
36	0.01688	0.01282	0.01324	0.01097	0.01404	0.05769	0.00859	0.39817	0.09321	0.04568	0.01635	0.06444	0.01396	0.12705	0.03773	0.00255	0.00608	0.00628	0.04655	0.00773
37	0.00685	0.00492	0.00651	0.00778	0.00815	0.00458	0.00520	0.00784	0.01082	0.01439	0.03164	0.78059	0.05477	0.01755	0.00717	0.00228	0.00325	0.01590	0.00522	0.00458
38	0.02377	0.01048	0.01344	0.01046	0.01472	0.00980	0.00859	0.10531	0.08694	0.62145	0.02133	0.01872	0.01377	0.00701	0.00566	0.00175	0.00491	0.00566	0.00670	0.00951
39	0.01946	0.00991	0.01314	0.03131	0.01469	0.00953	0.03577	0.12613	0.05143	0.41420	0.09406	0.06476	0.01900	0.04196	0.00691	0.00196	0.00497	0.02643	0.00607	0.00831
40	0.01794	0.01335	0.01458	0.01170	0.01545	0.01442	0.00941	0.54437	0.05003	0.03022	0.01672	0.15179	0.01464	0.00854	0.00581	0.00175	0.00548	0.00693	0.00542	0.06148
41	0.00693	0.00571	0.00608	0.00599	0.00777	0.00487	0.00449	0.00861	0.01348	0.01675	0.20569	0.05161	0.61519	0.01367	0.00665	0.00187	0.00281	0.01152	0.00543	0.00487
42	0.00907	0.00654	0.00899	0.01003	0.01138	0.00654	0.00865	0.01201	0.03209	0.01764	0.11071	0.06004	0.03429	0.01490	0.00760	0.00248	0.00488	0.63157	0.00531	0.00529
43	0.01167	0.01000	0.01167	0.00834	0.01334	0.00750	0.00667	0.01417	0.01167	0.01834	0.01000	0.01167	0.00834	0.00417	0.00417	0.00083	0.00417	0.00333	0.00333	0.83663
44	0.01119	0.00592	0.00600	0.00574	0.00726	0.00603	0.00437	0.06062	0.01275	0.02192	0.01805	0.02050	0.01411	0.00657	0.00404	0.00134	0.00285	0.00523	0.77998	0.00552
45	0.00977	0.00693	0.00931	0.01026	0.01178	0.00701	0.00883	0.01329	0.06890	0.03777	0.02980	0.07384	0.04987	0.01473	0.00752	0.00249	0.00502	0.62205	0.00527	0.00556
46	0.01471	0.01486	0.02208	0.03233	0.68433	0.09798	0.01656	0.01785	0.01316	0.01788	0.01038	0.01351	0.00873	0.00510	0.00552	0.00165	0.00707	0.00486	0.00280	0.00865
47	0.00700	0.00509	0.00680	0.00801	0.00833	0.00490	0.00541	0.00798	0.01072	0.01434	0.03041	0.77840	0.03646	0.01743	0.00747	0.00229	0.02348	0.01571	0.00515	0.00461
48	0.01419	0.01393	0.02236	0.05306	0.71206	0.05039	0.01692	0.01745	0.01293	0.01806	0.01048	0.01377	0.00880	0.00507	0.00555	0.00167	0.00687	0.00495	0.00278	0.00873
49	0.00686	0.00490	0.00653	0.00784	0.00816	0.00457	0.00522	0.00784	0.01077	0.01437	0.03102	0.79855	0.03722	0.01763	0.00718	0.00229	0.00326	0.01600	0.00522	0.00457
50	0.00817	0.00549	0.00632	0.00632	0.00638	0.00555	0.00363	0.00830	0.00824	0.01104	0.01757	0.03592	0.02007	0.75557	0.07476	0.00568	0.00605	0.00805	0.00339	0.00351
51	0.01364	0.01024	0.01208	0.00875	0.01365	0.00807	0.00704	0.05151	0.01288	0.10179	0.01151	0.01258	0.00901	0.00460	0.00440	0.00097	0.00433	0.00367	0.00384	0.70542
52	0.01231	0.01231	0.01724	0.01477	0.01477	0.01724	0.01231	0.01354	0.00862	0.01354	0.00739	0.01231	0.00739	0.00985	0.01847	0.00246	0.79192	0.00492	0.00246	0.00616
53	0.01328	0.01518	0.03321	0.02372	0.02941	0.01423	0.74668	0.01803	0.01328	0.01803	0.01139	0.01518	0.00854	0.00474	0.00664	0.00190	0.00949	0.00664	0.00285	0.00759
54	0.01244	0.01866	0.24770	0.03777	0.05264	0.01372	0.43488	0.01736	0.01250	0.01757	0.01126	0.03468	0.00881	0.00555	0.00683	0.00189	0.04932	0.00598	0.00274	0.00767
55	0.02437	0.01051	0.03291	0.01038	0.01481	0.00908	0.00875	0.06946	0.03615	0.68877	0.02140	0.01868	0.01359	0.00693	0.00565	0.00174	0.00495	0.00560	0.00674	0.00953
56	0.02525	0.00958	0.01306	0.01001	0.01437	0.00827	0.00827	0.02743	0.01611	0.77102	0.02220	0.01915	0.01393	0.00697	0.00566	0.00174	0.00479	0.00566	0.00697	0.00958
