[name]
unknown

[dist]
# distance from previous block
# <min> <max>
1	26

[block]
# block no. 0 follows, 47 sequences, length 267
# corresponding to MSA columns:
# 31-297
name=unknown_A
#
# <colnr> <probs for GDERKNQSTAVLIFYWHMCP>
#	G	D	E	R	K	N	Q	S	T	A	V	L	I	F	Y	W	H	M	C	P
0	0.06716	0.16458	0.07012	0.00989	0.01403	0.04673	0.00882	0.14461	0.07934	0.16976	0.03212	0.01344	0.01033	0.00626	0.02104	0.00154	0.00533	0.00422	0.00411	0.12656
1	0.06592	0.05577	0.09444	0.01027	0.01379	0.01141	0.00924	0.24108	0.08009	0.09315	0.10848	0.03853	0.01774	0.00791	0.00538	0.00170	0.00496	0.11562	0.00469	0.01983
2	0.04957	0.02916	0.10551	0.01057	0.01455	0.02561	0.05003	0.10538	0.06034	0.21293	0.06685	0.02109	0.03116	0.00699	0.00524	0.00160	0.00510	0.08438	0.00456	0.10939
3	0.12064	0.00907	0.03694	0.00933	0.01223	0.00857	0.04829	0.05180	0.09161	0.20315	0.22506	0.02687	0.03674	0.00826	0.00550	0.00173	0.00423	0.08822	0.00511	0.00665
4	0.03859	0.02810	0.01213	0.00934	0.01304	0.00930	0.00760	0.10475	0.10390	0.45173	0.04412	0.05266	0.01422	0.00677	0.00512	0.00156	0.00438	0.00552	0.00561	0.08154
5	0.25316	0.01184	0.02688	0.02811	0.01317	0.05941	0.00794	0.28534	0.04668	0.02376	0.02871	0.14814	0.01358	0.00775	0.00492	0.00169	0.00493	0.02297	0.00430	0.00670
6	0.02780	0.00614	0.00760	0.00736	0.00897	0.00545	0.00528	0.02421	0.01107	0.04559	0.11433	0.45318	0.02794	0.04436	0.00663	0.00185	0.00334	0.01053	0.00454	0.18382
7	0.00660	0.00483	0.00629	0.00720	0.00780	0.00439	0.00488	0.00762	0.01016	0.01365	0.04128	0.73200	0.05761	0.01544	0.00647	0.00202	0.00304	0.01395	0.00475	0.05000
8	0.05762	0.01015	0.01208	0.00880	0.01333	0.00858	0.03972	0.10453	0.01241	0.01922	0.00960	0.01102	0.00775	0.00422	0.00409	0.00096	0.00431	0.00340	0.00333	0.66489
9	0.00651	0.00476	0.00626	0.00725	0.00763	0.00454	0.00491	0.00747	0.01011	0.01349	0.05432	0.71793	0.06658	0.03447	0.00731	0.00216	0.02121	0.01406	0.00477	0.00427
10	0.02236	0.01033	0.05453	0.00980	0.01404	0.00861	0.00847	0.08756	0.01550	0.68249	0.01926	0.01692	0.01221	0.00635	0.00522	0.00161	0.00472	0.00512	0.00611	0.00880
11	0.24752	0.01480	0.01333	0.01078	0.01448	0.12516	0.00876	0.45631	0.01884	0.02740	0.01044	0.01096	0.00767	0.00574	0.00459	0.00154	0.00578	0.00399	0.00431	0.00758
12	0.05441	0.00893	0.05399	0.00850	0.01196	0.00720	0.00725	0.01876	0.01377	0.42602	0.17920	0.03614	0.06726	0.00753	0.00529	0.00157	0.00400	0.00626	0.00551	0.07646
13	0.01858	0.01247	0.03963	0.01077	0.01464	0.01263	0.00897	0.39714	0.12159	0.21879	0.01572	0.01583	0.01126	0.05023	0.00634	0.00178	0.00517	0.00508	0.00527	0.02810
14	0.01176	0.01307	0.02709	0.01977	0.02434	0.03079	0.63712	0.01570	0.01178	0.01592	0.01097	0.01487	0.00862	0.00946	0.12117	0.00271	0.00955	0.00600	0.00266	0.00665
15	0.01229	0.01405	0.03073	0.02195	0.02722	0.01317	0.76558	0.01668	0.01229	0.01668	0.01054	0.01405	0.00790	0.00439	0.00615	0.00176	0.00878	0.00615	0.00263	0.00702
16	0.01240	0.00956	0.01129	0.00822	0.01266	0.00771	0.00662	0.05502	0.01183	0.08494	0.01036	0.01151	0.00821	0.00433	0.00436	0.00092	0.02272	0.00339	0.00347	0.71046
17	0.00744	0.00558	0.00837	0.00837	0.00930	0.00651	0.00651	0.00930	0.00837	0.01209	0.01395	0.02046	0.01302	0.03906	0.79635	0.00837	0.01395	0.00558	0.00279	0.00465
18	0.00726	0.00532	0.00680	0.00643	0.00771	0.00486	0.00482	0.00961	0.01447	0.02024	0.71302	0.03996	0.11827	0.01089	0.00614	0.00165	0.00247	0.00957	0.00565	0.00486
19	0.01980	0.01459	0.01563	0.01198	0.01615	0.01615	0.00990	0.76713	0.02448	0.03282	0.01250	0.01250	0.00886	0.00625	0.00521	0.00156	0.00573	0.00469	0.00521	0.00886
20	0.01063	0.06991	0.74868	0.01452	0.02204	0.01256	0.01868	0.01644	0.01097	0.01626	0.00923	0.01085	0.00660	0.00492	0.00486	0.00162	0.00758	0.00379	0.00220	0.00764
21	0.00634	0.00453	0.00604	0.00725	0.00755	0.00423	0.00483	0.00725	0.00997	0.01329	0.02870	0.81358	0.03444	0.01632	0.00665	0.00211	0.00302	0.01480	0.00483	0.00423
22	0.00634	0.00453	0.00604	0.00725	0.00755	0.00423	0.00483	0.00725	0.00997	0.01329	0.02870	0.81358	0.03444	0.01632	0.00665	0.00211	0.00302	0.01480	0.00483	0.00423
23	0.01980	0.01459	0.01563	0.01198	0.01615	0.01615	0.00990	0.76713	0.02448	0.03282	0.01250	0.01250	0.00886	0.00625	0.00521	0.00156	0.00573	0.00469	0.00521	0.00886
24	0.00757	0.00508	0.00583	0.00583	0.00588	0.00513	0.00334	0.00767	0.00762	0.01021	0.01628	0.03334	0.01861	0.77484	0.06821	0.00523	0.00553	0.00747	0.00314	0.00324
25	0.01428	0.01225	0.01251	0.01080	0.01403	0.04733	0.00849	0.15181	0.57340	0.02300	0.01850	0.01735	0.01386	0.00668	0.00518	0.00166	0.00461	0.00542	0.00505	0.05379
26	0.00631	0.00466	0.00591	0.00692	0.00747	0.00426	0.00469	0.00729	0.01029	0.01342	0.03278	0.68429	0.16111	0.01579	0.00656	0.00205	0.00296	0.01416	0.00483	0.00426
27	0.01318	0.65119	0.18973	0.01017	0.01532	0.01879	0.01111	0.01579	0.01067	0.01316	0.00769	0.00892	0.00666	0.00456	0.00368	0.00123	0.00602	0.00301	0.00222	0.00690
28	0.00983	0.00926	0.01562	0.80447	0.03587	0.01157	0.01446	0.01331	0.01041	0.01331	0.00926	0.01388	0.00694	0.00521	0.00521	0.00174	0.00694	0.00463	0.00231	0.00579
29	0.00634	0.00453	0.00604	0.00725	0.00755	0.00423	0.00483	0.00725	0.00997	0.01329	0.02870	0.81358	0.03444	0.01632	0.00665	0.00211	0.00302	0.01480	0.00483	0.00423
30	0.01157	0.01168	0.01593	0.01367	0.01372	0.03269	0.01136	0.01271	0.00812	0.01254	0.00686	0.01135	0.00683	0.00903	0.01682	0.00226	0.79032	0.00453	0.00229	0.00570
31	0.01289	0.01237	0.02114	0.03196	0.78450	0.01237	0.01598	0.01598	0.01186	0.01701	0.00980	0.01289	0.00825	0.00464	0.00516	0.00155	0.00619	0.00464	0.00258	0.00825
32	0.01045	0.02694	0.79000	0.01484	0.02254	0.01209	0.01924	0.01649	0.01099	0.01649	0.00935	0.01099	0.00660	0.00495	0.00495	0.00165	0.00770	0.00385	0.00220	0.00770
33	0.01080	0.00926	0.01080	0.00771	0.01234	0.00694	0.00617	0.01311	0.01080	0.01697	0.00926	0.01080	0.00771	0.00386	0.00386	0.00077	0.00386	0.00309	0.00309	0.84882
34	0.01060	0.06148	0.75679	0.01458	0.02214	0.01246	0.01879	0.01645	0.01098	0.01631	0.00925	0.01088	0.00660	0.00493	0.00488	0.00163	0.00760	0.00380	0.00220	0.00765
35	0.00634	0.00453	0.00604	0.00725	0.00755	0.00423	0.00483	0.00725	0.00997	0.01329	0.02870	0.81358	0.03444	0.01632	0.00665	0.00211	0.00302	0.01480	0.00483	0.00423
36	0.00634	0.00453	0.00604	0.00725	0.00755	0.00423	0.00483	0.00725	0.00997	0.01329	0.02870	0.81358	0.03444	0.01632	0.00665	0.00211	0.00302	0.01480	0.00483	0.00423
37	0.00995	0.00942	0.01606	0.77156	0.05130	0.01162	0.03061	0.01343	0.01048	0.01346	0.00929	0.01387	0.00699	0.00518	0.00523	0.00173	0.00697	0.00466	0.00233	0.00586
38	0.00737	0.00532	0.00696	0.00655	0.00778	0.00491	0.00491	0.00983	0.01474	0.02088	0.78175	0.03890	0.04914	0.01065	0.00614	0.00164	0.00246	0.00942	0.00573	0.00491
39	0.01392	0.82012	0.02729	0.00891	0.01337	0.02061	0.00891	0.01559	0.01058	0.01225	0.00724	0.00835	0.00668	0.00446	0.00334	0.00111	0.00557	0.00278	0.00223	0.00668
40	0.09325	0.00940	0.01198	0.00927	0.01324	0.00864	0.00765	0.08058	0.01512	0.66642	0.01881	0.01655	0.01197	0.00629	0.00506	0.00161	0.00450	0.00499	0.00608	0.00859
41	0.01078	0.10446	0.71546	0.01426	0.02164	0.01293	0.01823	0.01640	0.01095	0.01608	0.00914	0.01074	0.00661	0.00490	0.00479	0.00160	0.00749	0.00374	0.00220	0.00760
42	0.00983	0.00926	0.01562	0.80447	0.03587	0.01157	0.01446	0.01331	0.01041	0.01331	0.00926	0.01388	0.00694	0.00521	0.00521	0.00174	0.00694	0.00463	0.00231	0.00579
43	0.00649	0.00542	0.00567	0.00558	0.00729	0.00466	0.00419	0.00827	0.02953	0.01523	0.15819	0.04779	0.65830	0.01268	0.00613	0.00174	0.00264	0.01065	0.00498	0.00456
44	0.01094	0.01104	0.03718	0.56598	0.03253	0.01219	0.18428	0.05498	0.01161	0.01520	0.00972	0.01378	0.00725	0.00507	0.00541	0.00173	0.00731	0.00496	0.00254	0.00628
45	0.00991	0.00933	0.01575	0.78637	0.05340	0.01159	0.01450	0.01337	0.01045	0.01339	0.00927	0.01386	0.00697	0.00519	0.00521	0.00173	0.00692	0.00463	0.00232	0.00584
46	0.01229	0.01405	0.03073	0.02195	0.02722	0.01317	0.76558	0.01668	0.01229	0.01668	0.01054	0.01405	0.00790	0.00439	0.00615	0.00176	0.00878	0.00615	0.00263	0.00702
47	0.00834	0.00598	0.00832	0.00950	0.01071	0.00596	0.00830	0.01072	0.01199	0.01555	0.02811	0.05856	0.04612	0.01436	0.00717	0.00238	0.00475	0.73360	0.00480	0.00479
48	0.01229	0.01405	0.03073	0.02195	0.02722	0.01317	0.76558	0.01668	0.01229	0.01668	0.01054	0.01405	0.00790	0.00439	0.00615	0.00176	0.00878	0.00615	0.00263	0.00702
49	0.01045	0.02694	0.79000	0.01484	0.02254	0.01209	0.01924	0.01649	0.01099	0.01649	0.00935	0.01099	0.00660	0.00495	0.00495	0.00165	0.00770	0.00385	0.00220	0.00770
50	0.00737	0.00532	0.00696	0.00655	0.00778	0.00491	0.00491	0.00983	0.01474	0.02088	0.78175	0.03890	0.04914	0.01065	0.00614	0.00164	0.00246	0.00942	0.00573	0.00491
51	0.02336	0.00886	0.01209	0.00927	0.01329	0.00765	0.00765	0.02538	0.01491	0.78810	0.02055	0.01773	0.01289	0.00645	0.00524	0.00161	0.00443	0.00524	0.00645	0.00886
52	0.00737	0.00532	0.00696	0.00655	0.00778	0.00491	0.00491	0.00983	0.01474	0.02088	0.78175	0.03890	0.04914	0.01065	0.00614	0.00164	0.00246	0.00942	0.00573	0.00491
53	0.57908	0.01363	0.14111	0.00887	0.01293	0.04282	0.00846	0.05024	0.01061	0.07862	0.00885	0.00979	0.00652	0.00506	0.00381	0.00160	0.00497	0.00328	0.00335	0.00639
54	0.01831	0.02292	0.01493	0.01345	0.01576	0.68581	0.01025	0.01963	0.01380	0.01272	0.00788	0.00967	0.00673	0.00590	0.00645	0.00147	0.12219	0.00352	0.00263	0.00599
55	0.00744	0.00558	0.00837	0.00837	0.00930	0.00651	0.00651	0.00930	0.00837	0.01209	0.01395	0.02046	0.01302	0.03906	0.79635	0.00837	0.01395	0.00558	0.00279	0.00465
56	0.08654	0.00930	0.01462	0.66958	0.03176	0.01127	0.01313	0.01445	0.01063	0.07599	0.00998	0.01370	0.00730	0.00527	0.00503	0.00171	0.00648	0.00451	0.00272	0.00602
57	0.05926	0.00934	0.01215	0.00936	0.01336	0.00846	0.00773	0.07966	0.01535	0.69909	0.01937	0.01694	0.01228	0.00636	0.00515	0.00161	0.00451	0.00509	0.00621	0.00872
58	0.00757	0.00505	0.00568	0.00568	0.00568	0.00505	0.00316	0.00757	0.00757	0.01010	0.01641	0.03408	0.01893	0.81698	0.02651	0.00505	0.00505	0.00757	0.00316	0.00316
59	0.00615	0.00528	0.00528	0.00528	0.00703	0.00440	0.00396	0.00747	0.01187	0.01407	0.05276	0.05012	0.78238	0.01319	0.00615	0.00176	0.00264	0.01099	0.00484	0.00440
60	0.02023	0.01080	0.01293	0.01024	0.01405	0.01092	0.00835	0.22697	0.15804	0.42939	0.01838	0.01666	0.01235	0.00701	0.01733	0.00173	0.00487	0.00521	0.00584	0.00868
61	0.02327	0.00901	0.01217	0.00933	0.01337	0.00787	0.00771	0.04415	0.01515	0.76899	0.02034	0.01759	0.01279	0.00644	0.00524	0.00161	0.00446	0.00522	0.00641	0.00886
62	0.02213	0.03765	0.01351	0.00996	0.01403	0.01028	0.00828	0.21663	0.01723	0.56691	0.01802	0.01606	0.01164	0.00633	0.00517	0.00158	0.00481	0.00501	0.00598	0.00879
63	0.04142	0.61555	0.19712	0.01017	0.01531	0.01840	0.01111	0.01578	0.01062	0.01357	0.00771	0.00895	0.00663	0.00458	0.00370	0.00125	0.00599	0.00302	0.00225	0.00687
64	0.02309	0.00931	0.01236	0.00948	0.01352	0.00832	0.00783	0.08318	0.01565	0.72925	0.01992	0.01732	0.01258	0.00643	0.00523	0.00161	0.00453	0.00519	0.00635	0.00886
65	0.00646	0.00462	0.00614	0.00717	0.00758	0.00431	0.00484	0.00754	0.01050	0.01413	0.11188	0.72802	0.03607	0.01569	0.00659	0.00206	0.00296	0.01421	0.00493	0.00431
66	0.01166	0.00976	0.01409	0.01162	0.01401	0.01029	0.14367	0.21725	0.01474	0.01994	0.09329	0.25463	0.06531	0.01000	0.00708	0.00185	0.08145	0.00876	0.00438	0.00621
67	0.01725	0.00985	0.02715	0.00900	0.01185	0.04295	0.00709	0.16278	0.01468	0.34742	0.05135	0.02159	0.01498	0.22564	0.01099	0.00252	0.00504	0.00584	0.00503	0.00699
68	0.00662	0.00539	0.00568	0.00558	0.00726	0.00467	0.00419	0.00844	0.02777	0.01556	0.17414	0.04657	0.61704	0.01240	0.00605	0.00172	0.00263	0.01041	0.03331	0.00458
69	0.01075	0.00986	0.01556	0.64768	0.07608	0.01195	0.01374	0.04769	0.08589	0.01520	0.01060	0.01431	0.00798	0.00540	0.00521	0.00172	0.00657	0.00475	0.00275	0.00630
70	0.03108	0.09520	0.30564	0.01549	0.06123	0.03177	0.15574	0.03338	0.02820	0.09553	0.01054	0.01227	0.00784	0.00544	0.00626	0.00166	0.08796	0.00446	0.00291	0.00737
71	0.01109	0.02247	0.52673	0.01731	0.02416	0.01247	0.27803	0.01656	0.01144	0.01656	0.00976	0.01205	0.00705	0.00475	0.00536	0.00169	0.00807	0.00464	0.00235	0.00746
72	0.00695	0.00509	0.00652	0.00662	0.00764	0.00466	0.00479	0.00883	0.01306	0.01797	0.48707	0.26504	0.12131	0.01256	0.00629	0.00179	0.00264	0.01115	0.00538	0.00466
73	0.04542	0.01529	0.14545	0.01178	0.01626	0.01379	0.01086	0.42300	0.12200	0.10161	0.01414	0.01473	0.01025	0.00632	0.00516	0.00163	0.00564	0.02355	0.00476	0.00837
74	0.14073	0.04981	0.03385	0.01066	0.01459	0.01443	0.00898	0.51234	0.01971	0.08616	0.01221	0.01310	0.00901	0.04427	0.00584	0.00172	0.00539	0.00449	0.00470	0.00799
75	0.00684	0.00525	0.00585	0.00578	0.00697	0.00471	0.00409	0.00814	0.01154	0.01481	0.22124	0.04373	0.40463	0.20507	0.01105	0.00253	0.00322	0.02566	0.00465	0.00423
76	0.04219	0.79285	0.02663	0.00884	0.01326	0.02031	0.00880	0.01558	0.01052	0.01263	0.00724	0.00836	0.00665	0.00447	0.00334	0.00113	0.00552	0.00279	0.00226	0.00665
77	0.06977	0.01463	0.05257	0.05805	0.46144	0.12401	0.05464	0.04616	0.03818	0.01740	0.00986	0.01232	0.00799	0.00492	0.00502	0.00155	0.00665	0.00443	0.00280	0.00759
78	0.01157	0.01168	0.01593	0.01367	0.01372	0.03263	0.01136	0.01271	0.00812	0.01254	0.00686	0.01135	0.00683	0.00903	0.01683	0.00226	0.79038	0.00453	0.00229	0.00570
79	0.00640	0.00457	0.00609	0.00721	0.00757	0.00427	0.00484	0.00739	0.01023	0.01371	0.06950	0.77162	0.03524	0.01601	0.00662	0.00209	0.00299	0.01451	0.00488	0.00427
80	0.01111	0.13954	0.62899	0.01464	0.05425	0.01335	0.01736	0.01660	0.02887	0.01603	0.00934	0.01090	0.00690	0.00491	0.00473	0.00157	0.00724	0.00378	0.00229	0.00759
81	0.01967	0.04110	0.01523	0.01146	0.01547	0.04882	0.00944	0.55501	0.06921	0.14054	0.01385	0.01342	0.00972	0.00623	0.00513	0.00156	0.00559	0.00472	0.00518	0.00862
82	0.00651	0.00465	0.00623	0.00744	0.00781	0.00437	0.00512	0.00753	0.01013	0.01348	0.02861	0.75320	0.03409	0.01616	0.00669	0.00214	0.00316	0.07358	0.00483	0.00428
83	0.00641	0.00542	0.00556	0.00552	0.00725	0.00464	0.00414	0.00813	0.03133	0.01468	0.09703	0.06145	0.70470	0.01293	0.00614	0.00176	0.00267	0.01083	0.00490	0.00452
84	0.10104	0.05163	0.14419	0.01084	0.01476	0.15362	0.00987	0.07071	0.13046	0.17151	0.01481	0.04886	0.02382	0.00636	0.00485	0.00158	0.00580	0.00487	0.02314	0.00726
85	0.01049	0.02665	0.77284	0.01500	0.02264	0.01212	0.03610	0.01650	0.01102	0.01650	0.00937	0.01106	0.00663	0.00494	0.00497	0.00165	0.00772	0.00390	0.00221	0.00768
86	0.00633	0.00528	0.00551	0.00546	0.00714	0.00447	0.00409	0.00781	0.01228	0.01504	0.15626	0.04852	0.67827	0.01283	0.00615	0.00174	0.00261	0.01077	0.00496	0.00447
87	0.01080	0.00926	0.01080	0.00771	0.01234	0.00694	0.00617	0.01311	0.01080	0.01697	0.00926	0.01080	0.00771	0.00386	0.00386	0.00077	0.00386	0.00309	0.00309	0.84882
88	0.01496	0.01586	0.01917	0.02609	0.54343	0.22661	0.01412	0.04777	0.01316	0.01649	0.00943	0.01192	0.00785	0.00490	0.00503	0.00149	0.00704	0.00429	0.00271	0.00767
89	0.00636	0.00455	0.00606	0.00724	0.00756	0.00424	0.00484	0.00729	0.01005	0.01342	0.04147	0.80045	0.03469	0.01622	0.00664	0.00211	0.00301	0.01471	0.00485	0.00424
90	0.01278	0.01093	0.01155	0.01039	0.01328	0.01253	0.00811	0.05130	0.69929	0.02168	0.02242	0.02142	0.04941	0.00747	0.00538	0.00177	0.00413	0.02287	0.00526	0.00802
91	0.01925	0.01352	0.01507	0.01229	0.04893	0.01463	0.00968	0.62789	0.02244	0.10605	0.01494	0.01468	0.04297	0.00650	0.00525	0.00158	0.00549	0.00502	0.00520	0.00864
92	0.85377	0.01007	0.00765	0.00685	0.01007	0.01168	0.00564	0.01531	0.00886	0.02336	0.00725	0.00846	0.00564	0.00483	0.00322	0.00161	0.00403	0.00282	0.00322	0.00564
93	0.00992	0.00506	0.00508	0.00501	0.00628	0.00510	0.00377	0.02828	0.01121	0.01970	0.01689	0.01927	0.01325	0.00607	0.00367	0.00122	0.00250	0.00485	0.82791	0.00494
94	0.01494	0.01365	0.01280	0.01121	0.01431	0.12414	0.00876	0.14267	0.54991	0.02224	0.01797	0.01692	0.01349	0.00670	0.00520	0.00167	0.00512	0.00534	0.00492	0.00803
95	0.01087	0.09530	0.68118	0.01506	0.04771	0.01287	0.03419	0.01640	0.01102	0.01614	0.00920	0.01089	0.00669	0.00488	0.00484	0.00160	0.00748	0.00383	0.00222	0.00761
96	0.00757	0.00505	0.00568	0.00568	0.00568	0.00505	0.00316	0.00757	0.00757	0.01010	0.01641	0.03408	0.01893	0.81698	0.02651	0.00505	0.00505	0.00757	0.00316	0.00316
97	0.00803	0.00623	0.00709	0.00690	0.00862	0.00584	0.00540	0.08087	0.01356	0.01741	0.19212	0.08930	0.41031	0.01236	0.00624	0.00183	0.00322	0.11466	0.00505	0.00497
98	0.02785	0.28385	0.45210	0.01235	0.01845	0.01494	0.01456	0.01724	0.08370	0.01574	0.00975	0.01089	0.00749	0.00499	0.00442	0.00149	0.00659	0.00368	0.00252	0.00738
99	0.01879	0.05001	0.04962	0.01185	0.01609	0.01587	0.01013	0.68244	0.02292	0.03072	0.01255	0.03253	0.00931	0.00637	0.00515	0.00156	0.00574	0.00482	0.00494	0.00859
100	0.04140	0.00889	0.01199	0.00921	0.01322	0.00774	0.00761	0.02516	0.01477	0.77150	0.02026	0.01752	0.01273	0.00641	0.00519	0.00161	0.00442	0.00518	0.00638	0.00879
101	0.01125	0.02095	0.44300	0.01775	0.02412	0.01270	0.32892	0.01641	0.01141	0.01641	0.00974	0.01228	0.00715	0.00489	0.00594	0.00172	0.04083	0.00483	0.00238	0.00734
102	0.01278	0.05894	0.06904	0.01981	0.07220	0.06419	0.49718	0.03330	0.01216	0.01618	0.01014	0.02639	0.00809	0.00512	0.00662	0.00172	0.07100	0.00555	0.00265	0.00695
103	0.00616	0.00524	0.00531	0.00536	0.00706	0.00439	0.00399	0.00746	0.01179	0.01403	0.05171	0.08336	0.74981	0.01332	0.00618	0.00177	0.00265	0.01116	0.00484	0.00439
104	0.00634	0.00453	0.00604	0.00725	0.00755	0.00423	0.00483	0.00725	0.00997	0.01329	0.02870	0.81358	0.03444	0.01632	0.00665	0.00211	0.00302	0.01480	0.00483	0.00423
105	0.01050	0.04199	0.75852	0.03170	0.02265	0.01225	0.01894	0.01641	0.01097	0.01634	0.00930	0.01101	0.00661	0.00494	0.00492	0.00164	0.00764	0.00384	0.00220	0.00764
106	0.01226	0.01833	0.30522	0.02463	0.45410	0.04641	0.03210	0.01639	0.01167	0.01663	0.00957	0.01206	0.00756	0.00478	0.00508	0.00158	0.00694	0.00432	0.00244	0.00792
107	0.00998	0.00943	0.01577	0.75048	0.05385	0.01178	0.01437	0.01334	0.01034	0.01337	0.00916	0.01375	0.00697	0.00536	0.00572	0.00175	0.04178	0.00463	0.00232	0.00584
108	0.01281	0.01239	0.02146	0.04441	0.73898	0.01239	0.04865	0.01597	0.01185	0.01694	0.00982	0.01296	0.00821	0.00464	0.00520	0.00156	0.00631	0.00471	0.00258	0.00815
109	0.00736	0.00529	0.00730	0.02181	0.00954	0.00518	0.00666	0.00901	0.01092	0.01436	0.02785	0.44761	0.03189	0.01523	0.00688	0.00224	0.00392	0.35767	0.00477	0.00452
110	0.01945	0.02482	0.01476	0.01342	0.01610	0.79608	0.01006	0.02079	0.01476	0.01275	0.00805	0.00939	0.00671	0.00537	0.00470	0.00134	0.00939	0.00335	0.00268	0.00604
111	0.01180	0.01351	0.04722	0.16255	0.02865	0.01285	0.61156	0.01607	0.01192	0.01607	0.01028	0.01394	0.00770	0.00455	0.00595	0.00175	0.00842	0.00581	0.00257	0.00682
112	0.01358	0.01086	0.01166	0.01039	0.01338	0.01232	0.00814	0.03835	0.67975	0.07654	0.02180	0.02052	0.03226	0.00726	0.00534	0.00176	0.00415	0.01842	0.00536	0.00816
113	0.00646	0.00461	0.00617	0.00738	0.00774	0.00433	0.00503	0.00745	0.01008	0.01342	0.02864	0.77108	0.03419	0.01621	0.00668	0.00213	0.00312	0.05617	0.00483	0.00426
114	0.00634	0.00453	0.00604	0.00725	0.00755	0.00423	0.00483	0.00725	0.00997	0.01329	0.02870	0.81358	0.03444	0.01632	0.00665	0.00211	0.00302	0.01480	0.00483	0.00423
115	0.02195	0.00913	0.01198	0.00933	0.01322	0.00824	0.00766	0.05512	0.06525	0.68085	0.02134	0.01872	0.03883	0.00671	0.00527	0.00162	0.00440	0.00545	0.00627	0.00867
116	0.01945	0.02482	0.01476	0.01342	0.01610	0.79608	0.01006	0.02079	0.01476	0.01275	0.00805	0.00939	0.00671	0.00537	0.00470	0.00134	0.00939	0.00335	0.00268	0.00604
117	0.01139	0.01139	0.01595	0.01367	0.01367	0.01595	0.01139	0.01253	0.00798	0.01253	0.00684	0.01139	0.00684	0.00911	0.01709	0.00228	0.80745	0.00456	0.00228	0.00570
118	0.01932	0.01435	0.01536	0.01189	0.01597	0.01593	0.00978	0.71541	0.07699	0.03205	0.01311	0.01299	0.00935	0.00631	0.00522	0.00158	0.00562	0.00477	0.00522	0.00881
119	0.01325	0.01133	0.01194	0.01066	0.01366	0.01309	0.00832	0.05993	0.74235	0.02227	0.02082	0.01913	0.01559	0.00703	0.00530	0.00176	0.00419	0.00584	0.00530	0.00827
120	0.00634	0.00453	0.00604	0.00725	0.00755	0.00423	0.00483	0.00725	0.00997	0.01329	0.02870	0.81358	0.03444	0.01632	0.00665	0.00211	0.00302	0.01480	0.00483	0.00423
121	0.00634	0.00453	0.00604	0.00725	0.00755	0.00423	0.00483	0.00725	0.00997	0.01329	0.02870	0.81358	0.03444	0.01632	0.00665	0.00211	0.00302	0.01480	0.00483	0.00423
122	0.01392	0.82012	0.02729	0.00891	0.01337	0.02061	0.00891	0.01559	0.01058	0.01225	0.00724	0.00835	0.00668	0.00446	0.00334	0.00111	0.00557	0.00278	0.00223	0.00668
123	0.00634	0.00453	0.00604	0.00725	0.00755	0.00423	0.00483	0.00725	0.00997	0.01329	0.02870	0.81358	0.03444	0.01632	0.00665	0.00211	0.00302	0.01480	0.00483	0.00423
124	0.00634	0.00453	0.00604	0.00725	0.00755	0.00423	0.00483	0.00725	0.00997	0.01329	0.02870	0.81358	0.03444	0.01632	0.00665	0.00211	0.00302	0.01480	0.00483	0.00423
125	0.01045	0.02694	0.79000	0.01484	0.02254	0.01209	0.01924	0.01649	0.01099	0.01649	0.00935	0.01099	0.00660	0.00495	0.00495	0.00165	0.00770	0.00385	0.00220	0.00770
126	0.00618	0.00528	0.00531	0.00530	0.00705	0.00441	0.00398	0.00752	0.01193	0.01422	0.06852	0.04987	0.76652	0.01313	0.00615	0.00176	0.00263	0.01096	0.00486	0.00441
127	0.01080	0.00926	0.01080	0.00771	0.01234	0.00694	0.00617	0.01311	0.01080	0.01697	0.00926	0.01080	0.00771	0.00386	0.00386	0.00077	0.00386	0.00309	0.00309	0.84882
128	0.01229	0.01405	0.03073	0.02195	0.02722	0.01317	0.76558	0.01668	0.01229	0.01668	0.01054	0.01405	0.00790	0.00439	0.00615	0.00176	0.00878	0.00615	0.00263	0.00702
129	0.00634	0.00453	0.00604	0.00725	0.00755	0.00423	0.00483	0.00725	0.00997	0.01329	0.02870	0.81358	0.03444	0.01632	0.00665	0.00211	0.00302	0.01480	0.00483	0.00423
130	0.00834	0.00598	0.00831	0.00948	0.01070	0.00595	0.00828	0.01071	0.01199	0.01555	0.02819	0.05853	0.04854	0.01436	0.00717	0.00238	0.00474	0.73122	0.00480	0.00479
131	0.01385	0.80357	0.04320	0.00903	0.01356	0.02043	0.00913	0.01561	0.01059	0.01234	0.00728	0.00841	0.00668	0.00447	0.00338	0.00113	0.00561	0.00281	0.00223	0.00670
132	0.01295	0.01119	0.01178	0.01060	0.01354	0.01295	0.00824	0.02767	0.77509	0.02178	0.02120	0.01943	0.01590	0.00707	0.00530	0.00177	0.00412	0.00589	0.00530	0.00824
133	0.00971	0.00485	0.00485	0.00485	0.00607	0.00485	0.00364	0.01213	0.01092	0.01942	0.01699	0.01942	0.01335	0.00607	0.00364	0.00121	0.00243	0.00485	0.84589	0.00485
134	0.00711	0.00531	0.00660	0.00628	0.00762	0.00480	0.00471	0.00932	0.01413	0.01942	0.62563	0.04130	0.20616	0.01119	0.00614	0.00166	0.00250	0.00975	0.00554	0.00480
135	0.00983	0.00926	0.01562	0.80447	0.03587	0.01157	0.01446	0.01331	0.01041	0.01331	0.00926	0.01388	0.00694	0.00521	0.00521	0.00174	0.00694	0.00463	0.00231	0.00579
136	0.01945	0.02482	0.01476	0.01342	0.01610	0.79608	0.01006	0.02079	0.01476	0.01275	0.00805	0.00939	0.00671	0.00537	0.00470	0.00134	0.00939	0.00335	0.00268	0.00604
137	0.85377	0.01007	0.00765	0.00685	0.01007	0.01168	0.00564	0.01531	0.00886	0.02336	0.00725	0.00846	0.00564	0.00483	0.00322	0.00161	0.00403	0.00282	0.00322	0.00564
138	0.01945	0.02482	0.01476	0.01342	0.01610	0.79608	0.01006	0.02079	0.01476	0.01275	0.00805	0.00939	0.00671	0.00537	0.00470	0.00134	0.00939	0.00335	0.00268	0.00604
139	0.00745	0.00553	0.00813	0.00813	0.00898	0.00638	0.00622	0.00915	0.00830	0.01192	0.01416	0.02165	0.01353	0.10690	0.72921	0.00808	0.01317	0.00575	0.00282	0.00452
140	0.01392	0.82012	0.02729	0.00891	0.01337	0.02061	0.00891	0.01559	0.01058	0.01225	0.00724	0.00835	0.00668	0.00446	0.00334	0.00111	0.00557	0.00278	0.00223	0.00668
141	0.01045	0.02694	0.79000	0.01484	0.02254	0.01209	0.01924	0.01649	0.01099	0.01649	0.00935	0.01099	0.00660	0.00495	0.00495	0.00165	0.00770	0.00385	0.00220	0.00770
142	0.02336	0.00886	0.01209	0.00927	0.01329	0.00765	0.00765	0.02538	0.01491	0.78810	0.02055	0.01773	0.01289	0.00645	0.00524	0.00161	0.00443	0.00524	0.00645	0.00886
143	0.00634	0.00453	0.00604	0.00725	0.00755	0.00423	0.00483	0.00725	0.00997	0.01329	0.02870	0.81358	0.03444	0.01632	0.00665	0.00211	0.00302	0.01480	0.00483	0.00423
144	0.01392	0.82012	0.02729	0.00891	0.01337	0.02061	0.00891	0.01559	0.01058	0.01225	0.00724	0.00835	0.00668	0.00446	0.00334	0.00111	0.00557	0.00278	0.00223	0.00668
145	0.00634	0.00453	0.00604	0.00725	0.00755	0.00423	0.00483	0.00725	0.00997	0.01329	0.02870	0.81358	0.03444	0.01632	0.00665	0.00211	0.00302	0.01480	0.00483	0.00423
146	0.01045	0.02694	0.79000	0.01484	0.02254	0.01209	0.01924	0.01649	0.01099	0.01649	0.00935	0.01099	0.00660	0.00495	0.00495	0.00165	0.00770	0.00385	0.00220	0.00770
147	0.02289	0.00897	0.01207	0.00933	0.01331	0.00789	0.00768	0.02548	0.04922	0.75351	0.02057	0.01780	0.01303	0.00647	0.00524	0.00162	0.00442	0.00527	0.00639	0.00883
148	0.00757	0.00507	0.00578	0.00578	0.00581	0.00510	0.00328	0.00764	0.00760	0.01017	0.01632	0.03357	0.01871	0.78818	0.05501	0.00517	0.00538	0.00750	0.00314	0.00321
149	0.00734	0.00532	0.00692	0.00652	0.00776	0.00490	0.00489	0.00978	0.01468	0.02074	0.76607	0.03914	0.06491	0.01070	0.00614	0.00164	0.00246	0.00945	0.00571	0.00490
150	0.08909	0.01133	0.01168	0.00964	0.01273	0.04577	0.00777	0.30460	0.11571	0.11242	0.01471	0.01505	0.01081	0.00694	0.02189	0.00168	0.02214	0.00474	0.17390	0.00741
151	0.01279	0.01227	0.02095	0.05797	0.75930	0.01235	0.01593	0.01589	0.01181	0.01689	0.00978	0.01292	0.00820	0.00466	0.00516	0.00155	0.00621	0.00464	0.00257	0.00817
152	0.00634	0.00464	0.00597	0.00699	0.00749	0.00427	0.00473	0.00733	0.01031	0.01355	0.04770	0.70218	0.12776	0.01581	0.00657	0.00206	0.00296	0.01422	0.00485	0.00427
153	0.02002	0.01299	0.01447	0.01119	0.01519	0.01392	0.00921	0.57104	0.03767	0.19090	0.01470	0.02598	0.01032	0.00646	0.00521	0.00158	0.00533	0.00498	0.02015	0.00870
154	0.01329	0.01143	0.01434	0.01639	0.22410	0.01262	0.01034	0.02440	0.54110	0.04622	0.01806	0.01759	0.01371	0.00638	0.00526	0.00170	0.00470	0.00553	0.00459	0.00827
155	0.00791	0.00565	0.00784	0.00902	0.01001	0.00558	0.00753	0.00997	0.01157	0.01515	0.03917	0.22918	0.03127	0.01477	0.00705	0.00232	0.00436	0.57215	0.00482	0.00467
156	0.01139	0.01139	0.01595	0.01367	0.01367	0.01595	0.01139	0.01253	0.00798	0.01253	0.00684	0.01139	0.00684	0.00911	0.01709	0.00228	0.80745	0.00456	0.00228	0.00570
157	0.01304	0.00953	0.01127	0.00840	0.01273	0.00783	0.00682	0.08436	0.01263	0.11245	0.01193	0.01440	0.00966	0.00496	0.00433	0.00104	0.00415	0.04393	0.00378	0.62277
158	0.01246	0.13176	0.11896	0.15157	0.42677	0.04032	0.01492	0.01572	0.01143	0.01550	0.00922	0.01203	0.00754	0.00477	0.00486	0.00152	0.00652	0.00422	0.00244	0.00747
159	0.00634	0.00462	0.00598	0.00704	0.00750	0.00426	0.00475	0.00732	0.01025	0.01350	0.04403	0.72220	0.11126	0.01590	0.00659	0.00207	0.00297	0.01432	0.00485	0.00426
160	0.01080	0.00926	0.01080	0.00771	0.01234	0.00694	0.00617	0.01311	0.01080	0.01697	0.00926	0.01080	0.00771	0.00386	0.00386	0.00077	0.00386	0.00309	0.00309	0.84882
161	0.00767	0.00540	0.00701	0.00656	0.00787	0.00495	0.00494	0.01008	0.01464	0.03705	0.73932	0.03885	0.07467	0.01065	0.00612	0.00164	0.00251	0.00938	0.00572	0.00498
162	0.00618	0.00528	0.00531	0.00530	0.00705	0.00441	0.00398	0.00753	0.01194	0.01422	0.06946	0.04986	0.76558	0.01313	0.00615	0.00176	0.00263	0.01095	0.00486	0.00441
163	0.01229	0.01405	0.03073	0.02195	0.02722	0.01317	0.76558	0.01668	0.01229	0.01668	0.01054	0.01405	0.00790	0.00439	0.00615	0.00176	0.00878	0.00615	0.00263	0.00702
164	0.14316	0.00958	0.01170	0.00920	0.01299	0.00920	0.00758	0.11169	0.01488	0.55287	0.01736	0.01587	0.01136	0.00761	0.03939	0.00190	0.00494	0.00483	0.00567	0.00821
165	0.00634	0.00453	0.00604	0.00725	0.00755	0.00423	0.00483	0.00725	0.00997	0.01329	0.02870	0.81358	0.03444	0.01632	0.00665	0.00211	0.00302	0.01480	0.00483	0.00423
166	0.02133	0.04416	0.01241	0.00914	0.01294	0.00834	0.00756	0.03681	0.04046	0.65725	0.07742	0.01888	0.01539	0.00669	0.00522	0.00160	0.00434	0.00546	0.00615	0.00845
167	0.02164	0.01013	0.06288	0.00983	0.01403	0.00816	0.02146	0.02440	0.04019	0.68244	0.03590	0.01773	0.01327	0.00642	0.00526	0.00162	0.00467	0.00527	0.00605	0.00865
168	0.01094	0.13877	0.68246	0.01401	0.02125	0.01329	0.01778	0.01637	0.01094	0.01589	0.00905	0.01062	0.00661	0.00488	0.00472	0.00157	0.00740	0.00370	0.00220	0.00755
169	0.00737	0.00532	0.00696	0.00655	0.00778	0.00491	0.00491	0.00983	0.01474	0.02088	0.78175	0.03890	0.04914	0.01065	0.00614	0.00164	0.00246	0.00942	0.00573	0.00491
170	0.02703	0.01034	0.01716	0.53604	0.26389	0.01192	0.01466	0.03036	0.01113	0.01505	0.00945	0.01345	0.00736	0.00505	0.00515	0.00167	0.00663	0.00460	0.00247	0.00660
171	0.01186	0.01267	0.02530	0.03911	0.18700	0.01254	0.46984	0.01542	0.01163	0.01608	0.01137	0.07215	0.00981	0.00573	0.00687	0.00178	0.07486	0.00629	0.00275	0.00694
172	0.01296	0.01160	0.01163	0.01055	0.01339	0.05492	0.00820	0.02620	0.68937	0.02088	0.02170	0.02089	0.04155	0.00736	0.00534	0.00176	0.00437	0.02427	0.00513	0.00791
173	0.01192	0.01022	0.01083	0.00985	0.01257	0.01158	0.00766	0.02447	0.64766	0.02081	0.05628	0.02428	0.09727	0.00801	0.00546	0.00177	0.00391	0.02256	0.00526	0.00763
174	0.01229	0.01405	0.03073	0.02195	0.02722	0.01317	0.76558	0.01668	0.01229	0.01668	0.01054	0.01405	0.00790	0.00439	0.00615	0.00176	0.00878	0.00615	0.00263	0.00702
175	0.01949	0.01396	0.01511	0.01170	0.01577	0.01537	0.00963	0.66345	0.08189	0.07935	0.01368	0.01337	0.00965	0.00633	0.00522	0.00158	0.00552	0.00482	0.00529	0.00881
176	0.00644	0.00460	0.00615	0.00736	0.00770	0.00431	0.00500	0.00741	0.01006	0.01340	0.02865	0.77944	0.03424	0.01623	0.00667	0.00213	0.00310	0.04804	0.00483	0.00426
177	0.00632	0.00464	0.00593	0.00696	0.00748	0.00425	0.00471	0.00728	0.01025	0.01341	0.03220	0.70242	0.14335	0.01586	0.00658	0.00206	0.00297	0.01425	0.00483	0.00425
178	0.01952	0.01328	0.01467	0.01136	0.01524	0.01445	0.00932	0.60165	0.03975	0.13806	0.01388	0.01419	0.00993	0.03690	0.00625	0.00172	0.02111	0.00490	0.00525	0.00857
179	0.01227	0.01398	0.03038	0.02175	0.02690	0.01324	0.74767	0.01658	0.01219	0.01658	0.01045	0.01398	0.00788	0.00450	0.00641	0.00177	0.02774	0.00611	0.00263	0.00699
180	0.00632	0.00462	0.00595	0.00701	0.00749	0.00425	0.00473	0.00728	0.01020	0.01339	0.03161	0.72134	0.12481	0.01594	0.00659	0.00207	0.00297	0.01434	0.00483	0.00425
181	0.00634	0.00453	0.00604	0.00725	0.00755	0.00423	0.00483	0.00725	0.00997	0.01329	0.02870	0.81358	0.03444	0.01632	0.00665	0.00211	0.00302	0.01480	0.00483	0.00423
182	0.01227	0.01400	0.03045	0.02179	0.02696	0.01322	0.75124	0.01660	0.01221	0.01660	0.01047	0.01400	0.00788	0.00448	0.00635	0.00177	0.02397	0.00612	0.00263	0.00700
183	0.01210	0.01157	0.01971	0.23144	0.59119	0.01217	0.01559	0.01529	0.01148	0.01606	0.00966	0.01315	0.00791	0.00479	0.00517	0.00160	0.00638	0.00464	0.00251	0.00761
184	0.00634	0.00453	0.00604	0.00725	0.00755	0.00423	0.00483	0.00725	0.00997	0.01329	0.02870	0.81358	0.03444	0.01632	0.00665	0.00211	0.00302	0.01480	0.00483	0.00423
185	0.00983	0.00926	0.01562	0.80447	0.03587	0.01157	0.01446	0.01331	0.01041	0.01331	0.00926	0.01388	0.00694	0.00521	0.00521	0.00174	0.00694	0.00463	0.00231	0.00579
186	0.01964	0.01451	0.01554	0.01195	0.01609	0.01608	0.00986	0.74991	0.04196	0.03256	0.01271	0.01266	0.00902	0.00627	0.00521	0.00157	0.00569	0.00472	0.00521	0.00884
187	0.01947	0.02437	0.01480	0.01335	0.01610	0.76211	0.01005	0.05329	0.01518	0.01362	0.00824	0.00953	0.00680	0.00540	0.00472	0.00135	0.00923	0.00341	0.00279	0.00616
188	0.00618	0.00528	0.00531	0.00530	0.00705	0.00441	0.00398	0.00752	0.01193	0.01421	0.06844	0.04988	0.76661	0.01313	0.00615	0.00176	0.00263	0.01096	0.00486	0.00441
189	0.01211	0.01365	0.02938	0.02104	0.02618	0.01272	0.71763	0.01634	0.01218	0.01663	0.01083	0.02949	0.00841	0.00460	0.00606	0.00172	0.00845	0.00618	0.00270	0.04369
190	0.00640	0.00457	0.00609	0.00721	0.00757	0.00427	0.00484	0.00739	0.01023	0.01371	0.06950	0.77162	0.03524	0.01601	0.00662	0.00209	0.00299	0.01451	0.00488	0.00427
191	0.01080	0.00926	0.01080	0.00771	0.01234	0.00694	0.00617	0.01311	0.01080	0.01697	0.00926	0.01080	0.00771	0.00386	0.00386	0.00077	0.00386	0.00309	0.00309	0.84882
192	0.01051	0.04240	0.77513	0.01473	0.02236	0.01226	0.01904	0.01647	0.01099	0.01641	0.00930	0.01094	0.00660	0.00494	0.00492	0.00164	0.00765	0.00383	0.00220	0.00768
193	0.00971	0.00485	0.00485	0.00485	0.00607	0.00485	0.00364	0.01213	0.01092	0.01942	0.01699	0.01942	0.01335	0.00607	0.00364	0.00121	0.00243	0.00485	0.84589	0.00485
194	0.00637	0.00455	0.00606	0.00724	0.00756	0.00425	0.00484	0.00731	0.01008	0.01347	0.04572	0.79608	0.03478	0.01619	0.00664	0.00210	0.00301	0.01468	0.00485	0.00425
195	0.00983	0.00926	0.01562	0.80447	0.03587	0.01157	0.01446	0.01331	0.01041	0.01331	0.00926	0.01388	0.00694	0.00521	0.00521	0.00174	0.00694	0.00463	0.00231	0.00579
196	0.00626	0.00526	0.00544	0.00543	0.00711	0.00444	0.00406	0.00767	0.01208	0.01465	0.11580	0.06506	0.70287	0.01303	0.00616	0.00176	0.00263	0.01093	0.00491	0.00444
197	0.00645	0.00529	0.00568	0.00558	0.00721	0.00452	0.00419	0.00804	0.01256	0.01570	0.22732	0.04743	0.60680	0.01258	0.00615	0.00173	0.00259	0.01061	0.00505	0.00452
198	0.62697	0.00974	0.00886	0.00751	0.01095	0.01058	0.00619	0.01806	0.01051	0.23223	0.01088	0.01099	0.00762	0.00527	0.00377	0.00161	0.00414	0.00348	0.00410	0.00652
199	0.00852	0.00717	0.01044	0.00982	0.01049	0.00909	0.00784	0.01018	0.00826	0.01221	0.01201	0.01798	0.01133	0.03088	0.58351	0.00671	0.23067	0.00530	0.00265	0.00494
200	0.00634	0.00455	0.00602	0.00720	0.00754	0.00423	0.00481	0.00726	0.01002	0.01331	0.02930	0.79474	0.05290	0.01624	0.00663	0.00211	0.00301	0.01471	0.00483	0.00423
201	0.00983	0.00926	0.01562	0.80447	0.03587	0.01157	0.01446	0.01331	0.01041	0.01331	0.00926	0.01388	0.00694	0.00521	0.00521	0.00174	0.00694	0.00463	0.00231	0.00579
202	0.00983	0.00926	0.01562	0.80447	0.03587	0.01157	0.01446	0.01331	0.01041	0.01331	0.00926	0.01388	0.00694	0.00521	0.00521	0.00174	0.00694	0.00463	0.00231	0.00579
203	0.00618	0.00517	0.00538	0.00555	0.00711	0.00437	0.00408	0.00744	0.01160	0.01396	0.04936	0.15803	0.67667	0.01363	0.00622	0.00181	0.00269	0.01153	0.00484	0.00437
204	0.78139	0.00997	0.00804	0.00706	0.01035	0.01133	0.00582	0.01619	0.00939	0.09002	0.00841	0.00927	0.00627	0.00497	0.00340	0.00161	0.00406	0.00303	0.00350	0.00592
205	0.00737	0.00532	0.00696	0.00655	0.00778	0.00491	0.00491	0.00983	0.01474	0.02088	0.78175	0.03890	0.04914	0.01065	0.00614	0.00164	0.00246	0.00942	0.00573	0.00491
206	0.00757	0.00507	0.00580	0.00580	0.00584	0.00511	0.00330	0.00765	0.00761	0.01018	0.01630	0.03348	0.01867	0.78302	0.06012	0.00519	0.00544	0.00749	0.00314	0.00322
207	0.13346	0.01521	0.01418	0.01149	0.01501	0.14217	0.00931	0.45586	0.05331	0.03956	0.01128	0.01178	0.00834	0.00611	0.00550	0.00158	0.04943	0.00427	0.00439	0.00776
208	0.01063	0.06991	0.74868	0.01452	0.02204	0.01256	0.01868	0.01644	0.01097	0.01626	0.00923	0.01085	0.00660	0.00492	0.00486	0.00162	0.00758	0.00379	0.00220	0.00764
209	0.01187	0.00909	0.01125	0.00983	0.01179	0.01043	0.00787	0.26436	0.01393	0.01917	0.01499	0.01886	0.05288	0.03918	0.40449	0.00513	0.07956	0.00552	0.00368	0.00611
210	0.05793	0.02599	0.74595	0.01439	0.02184	0.01207	0.01847	0.01643	0.01087	0.01688	0.00923	0.01085	0.00654	0.00494	0.00485	0.00165	0.00749	0.00379	0.00226	0.00758
211	0.00774	0.00557	0.00763	0.00877	0.00976	0.00545	0.00724	0.00970	0.01144	0.01490	0.02897	0.26091	0.06399	0.01485	0.00700	0.00229	0.00423	0.52011	0.00481	0.00463
212	0.00983	0.00926	0.01562	0.80447	0.03587	0.01157	0.01446	0.01331	0.01041	0.01331	0.00926	0.01388	0.00694	0.00521	0.00521	0.00174	0.00694	0.00463	0.00231	0.00579
213	0.00634	0.00453	0.00604	0.00725	0.00755	0.00423	0.00483	0.00725	0.00997	0.01329	0.02870	0.81358	0.03444	0.01632	0.00665	0.00211	0.00302	0.01480	0.00483	0.00423
214	0.01196	0.01351	0.02934	0.02112	0.02611	0.01267	0.72275	0.01615	0.01216	0.01649	0.01156	0.05907	0.00940	0.00506	0.00617	0.00178	0.00846	0.00663	0.00276	0.00687
215	0.00757	0.00505	0.00568	0.00568	0.00568	0.00505	0.00316	0.00757	0.00757	0.01010	0.01641	0.03408	0.01893	0.81698	0.02651	0.00505	0.00505	0.00757	0.00316	0.00316
216	0.00634	0.00453	0.00604	0.00725	0.00755	0.00423	0.00483	0.00725	0.00997	0.01329	0.02870	0.81358	0.03444	0.01632	0.00665	0.00211	0.00302	0.01480	0.00483	0.00423
217	0.01006	0.00948	0.01602	0.74793	0.09066	0.01163	0.01457	0.01350	0.01052	0.01358	0.00930	0.01381	0.00704	0.00517	0.00520	0.00172	0.00689	0.00463	0.00233	0.00597
218	0.00971	0.00485	0.00485	0.00485	0.00607	0.00485	0.00364	0.01213	0.01092	0.01942	0.01699	0.01942	0.01335	0.00607	0.00364	0.00121	0.00243	0.00485	0.84589	0.00485
219	0.00983	0.00926	0.01562	0.80447	0.03587	0.01157	0.01446	0.01331	0.01041	0.01331	0.00926	0.01388	0.00694	0.00521	0.00521	0.00174	0.00694	0.00463	0.00231	0.00579
220	0.01045	0.02580	0.73451	0.01504	0.02245	0.01198	0.05674	0.01630	0.01104	0.01643	0.00983	0.02858	0.00727	0.00517	0.00505	0.00166	0.00765	0.00420	0.00228	0.00759
221	0.02281	0.00917	0.01221	0.00942	0.01341	0.00819	0.00776	0.05326	0.04610	0.72873	0.02027	0.01760	0.01286	0.00646	0.00524	0.00162	0.00447	0.00524	0.00635	0.00884
222	0.00905	0.00452	0.00678	0.00678	0.00678	0.00452	0.00452	0.00678	0.00678	0.00905	0.00905	0.01583	0.00905	0.01809	0.02035	0.84848	0.00452	0.00452	0.00226	0.00226
223	0.00634	0.00453	0.00604	0.00725	0.00755	0.00423	0.00483	0.00725	0.00997	0.01329	0.02870	0.81358	0.03444	0.01632	0.00665	0.00211	0.00302	0.01480	0.00483	0.00423
224	0.01635	0.01159	0.01260	0.01044	0.01376	0.02729	0.00835	0.27289	0.31265	0.13895	0.08614	0.01841	0.01585	0.00697	0.00529	0.00164	0.00462	0.00564	0.02244	0.00813
225	0.83318	0.01018	0.00785	0.00698	0.01022	0.01179	0.00574	0.03386	0.00925	0.02360	0.00738	0.00856	0.00572	0.00487	0.00327	0.00161	0.00407	0.00287	0.00327	0.00572
226	0.00617	0.00522	0.00533	0.00543	0.00707	0.00438	0.00402	0.00746	0.01173	0.01401	0.05093	0.10806	0.72562	0.01343	0.00619	0.00179	0.00267	0.01128	0.00484	0.00438
227	0.00632	0.00461	0.00596	0.00704	0.00750	0.00425	0.00474	0.00728	0.01018	0.01338	0.03132	0.73063	0.11571	0.01598	0.00659	0.00208	0.00298	0.01439	0.00483	0.00425
228	0.03383	0.49249	0.32212	0.01116	0.01683	0.01708	0.01283	0.01593	0.01070	0.01418	0.00806	0.00938	0.00662	0.00466	0.00396	0.00133	0.00635	0.00320	0.00224	0.00705
229	0.01392	0.82012	0.02729	0.00891	0.01337	0.02061	0.00891	0.01559	0.01058	0.01225	0.00724	0.00835	0.00668	0.00446	0.00334	0.00111	0.00557	0.00278	0.00223	0.00668
230	0.00639	0.00453	0.00606	0.00724	0.00754	0.00423	0.00483	0.00724	0.00992	0.01322	0.02836	0.79985	0.03401	0.01635	0.00688	0.01669	0.00305	0.01463	0.00479	0.00420
231	0.01392	0.82012	0.02729	0.00891	0.01337	0.02061	0.00891	0.01559	0.01058	0.01225	0.00724	0.00835	0.00668	0.00446	0.00334	0.00111	0.00557	0.00278	0.00223	0.00668
232	0.01218	0.01384	0.03007	0.05602	0.02759	0.01310	0.73288	0.01653	0.01221	0.01653	0.01048	0.01404	0.00786	0.00443	0.00610	0.00176	0.00870	0.00608	0.00262	0.00697
233	0.05768	0.01036	0.01576	0.51892	0.13608	0.01208	0.01331	0.09929	0.02588	0.04658	0.01024	0.01354	0.00766	0.00531	0.00510	0.00168	0.00640	0.00458	0.00294	0.00663
234	0.01948	0.02405	0.01482	0.01331	0.01610	0.73714	0.01005	0.07719	0.01549	0.01426	0.00839	0.00963	0.00687	0.00543	0.00473	0.00136	0.00911	0.00345	0.00287	0.00625
235	0.01496	0.00793	0.01019	0.00801	0.01138	0.00663	0.00641	0.01720	0.01366	0.33616	0.24301	0.02199	0.02213	0.00694	0.00510	0.00137	0.00368	0.00585	0.00526	0.25213
236	0.00744	0.00558	0.00837	0.00837	0.00930	0.00651	0.00651	0.00930	0.00837	0.01209	0.01395	0.02046	0.01302	0.03906	0.79635	0.00837	0.01395	0.00558	0.00279	0.00465
237	0.04734	0.20430	0.54171	0.01287	0.01929	0.01367	0.01573	0.01593	0.01086	0.01578	0.00977	0.01288	0.00784	0.00534	0.00463	0.00157	0.00690	0.04396	0.00239	0.00722
238	0.00744	0.00558	0.00837	0.00837	0.00930	0.00651	0.00651	0.00930	0.00837	0.01209	0.01395	0.02046	0.01302	0.03906	0.79635	0.00837	0.01395	0.00558	0.00279	0.00465
239	0.00634	0.00453	0.00604	0.00725	0.00755	0.00423	0.00483	0.00725	0.00997	0.01329	0.02870	0.81358	0.03444	0.01632	0.00665	0.00211	0.00302	0.01480	0.00483	0.00423
240	0.01289	0.01232	0.02074	0.03105	0.75138	0.01240	0.01565	0.01648	0.04464	0.01722	0.01029	0.01317	0.00858	0.00474	0.00516	0.00156	0.00610	0.00469	0.00269	0.00825
241	0.73503	0.01024	0.00878	0.07665	0.01265	0.01191	0.00664	0.05586	0.00984	0.02300	0.00771	0.00915	0.00593	0.00494	0.00350	0.00162	0.00437	0.00308	0.00325	0.00583
