[name]
unknown

[dist]
# distance from previous block
# <min> <max>
0	61

[block]
# block no. 0 follows, 46 sequences, length 32
# corresponding to MSA columns:
# 83-114
name=unknown_A
#
# <colnr> <probs for GDERKNQSTAVLIFYWHMCP>
#	G	D	E	R	K	N	Q	S	T	A	V	L	I	F	Y	W	H	M	C	P
0	0.15785	0.17245	0.09234	0.03872	0.04313	0.03106	0.03130	0.13530	0.01357	0.07345	0.05725	0.04853	0.01299	0.00676	0.00483	0.00162	0.00545	0.06272	0.00377	0.00688
1	0.10892	0.03641	0.24803	0.04591	0.05961	0.02452	0.02319	0.14621	0.08779	0.06717	0.01202	0.01374	0.00907	0.00600	0.00530	0.02265	0.00601	0.02058	0.00360	0.05327
2	0.09675	0.05211	0.22740	0.05473	0.12058	0.01166	0.01239	0.08488	0.04391	0.15994	0.06282	0.01480	0.01147	0.00581	0.00497	0.00161	0.00576	0.00468	0.00383	0.01988
3	0.09375	0.03477	0.15183	0.02542	0.07919	0.03968	0.02407	0.23103	0.04291	0.04917	0.07700	0.01533	0.01226	0.00613	0.00511	0.00157	0.01427	0.01380	0.03197	0.05075
4	0.07754	0.08715	0.24445	0.01369	0.07047	0.01277	0.05954	0.06862	0.08407	0.08388	0.01141	0.01256	0.00855	0.00547	0.00552	0.00157	0.05244	0.00427	0.00334	0.09270
5	0.15561	0.07950	0.03733	0.01175	0.07400	0.03324	0.07274	0.06485	0.10228	0.04613	0.16578	0.03307	0.05248	0.00727	0.00514	0.00164	0.00484	0.02929	0.00418	0.01888
6	0.03544	0.01296	0.01036	0.00992	0.03919	0.26049	0.00721	0.07563	0.02534	0.06245	0.01473	0.08291	0.01255	0.01846	0.00493	0.00149	0.00542	0.00530	0.30920	0.00599
7	0.01071	0.05220	0.00856	0.00723	0.00784	0.00581	0.00512	0.00902	0.00781	0.07550	0.01007	0.01579	0.00938	0.01655	0.01835	0.72509	0.00465	0.00455	0.00266	0.00313
8	0.01105	0.00964	0.01613	0.68992	0.09857	0.01158	0.01441	0.01445	0.01096	0.05865	0.01011	0.01423	0.00751	0.00531	0.00528	0.00174	0.00683	0.00474	0.00262	0.00627
9	0.08534	0.01246	0.03380	0.09862	0.49353	0.05196	0.01391	0.01682	0.01205	0.08522	0.01121	0.01474	0.00915	0.00536	0.00513	0.00162	0.00615	0.03214	0.00308	0.00771
10	0.13168	0.05086	0.48897	0.01520	0.02172	0.01276	0.17299	0.01658	0.01111	0.01763	0.00936	0.01135	0.00684	0.00487	0.00497	0.00167	0.00743	0.00421	0.00247	0.00733
11	0.01017	0.00602	0.00775	0.00699	0.00879	0.00540	0.00536	0.01241	0.01454	0.15484	0.53991	0.05140	0.13475	0.01049	0.00608	0.00168	0.00288	0.00911	0.00582	0.00562
12	0.03945	0.53529	0.12208	0.03545	0.01670	0.06146	0.07476	0.01618	0.01105	0.01378	0.00800	0.00962	0.00686	0.00478	0.00432	0.00133	0.02631	0.00339	0.00235	0.00682
13	0.01322	0.11065	0.31782	0.01436	0.01988	0.05253	0.16265	0.05656	0.07570	0.06222	0.02396	0.01337	0.00922	0.00535	0.00509	0.00160	0.00698	0.00465	0.03669	0.00749
14	0.01707	0.02055	0.01598	0.10797	0.15380	0.54238	0.01165	0.01898	0.01381	0.01379	0.00921	0.03310	0.00790	0.00561	0.00496	0.00147	0.00849	0.00411	0.00272	0.00645
15	0.00654	0.00477	0.00610	0.00702	0.00756	0.00439	0.00475	0.00759	0.01063	0.01405	0.08651	0.63722	0.12499	0.04220	0.00732	0.00217	0.00305	0.01392	0.00492	0.00433
16	0.01221	0.01245	0.05048	0.15238	0.44965	0.02581	0.07875	0.03390	0.01178	0.01640	0.01023	0.01382	0.00843	0.00793	0.07277	0.00223	0.02582	0.00486	0.00264	0.00744
17	0.01009	0.00954	0.01588	0.74991	0.03493	0.01204	0.01448	0.01346	0.01041	0.01346	0.00924	0.01393	0.00704	0.00555	0.00608	0.00180	0.05929	0.00469	0.00235	0.00587
18	0.00656	0.00467	0.00618	0.00735	0.00766	0.00439	0.00492	0.00748	0.01005	0.01339	0.02846	0.74977	0.03403	0.05760	0.00780	0.00231	0.00322	0.03508	0.00482	0.00425
19	0.01183	0.01235	0.02057	0.01633	0.01789	0.01537	0.23039	0.01395	0.00937	0.01395	0.00803	0.01235	0.00726	0.00785	0.01411	0.00216	0.57254	0.00510	0.00242	0.00618
20	0.01976	0.01448	0.01550	0.01192	0.01606	0.01601	0.00984	0.73870	0.02440	0.03287	0.01284	0.01292	0.00914	0.00634	0.00524	0.00157	0.00571	0.00477	0.03308	0.00886
21	0.00671	0.00476	0.00629	0.00742	0.00777	0.00451	0.00505	0.00768	0.01008	0.01340	0.02798	0.68445	0.03326	0.08440	0.00851	0.00242	0.00339	0.07290	0.00476	0.00425
22	0.00700	0.00540	0.00805	0.00883	0.02713	0.00506	0.05114	0.00824	0.01048	0.01406	0.05377	0.71662	0.03322	0.01535	0.00666	0.00209	0.00348	0.01406	0.00475	0.00459
23	0.00764	0.00511	0.00578	0.00583	0.00584	0.00509	0.00327	0.00768	0.00778	0.01037	0.01712	0.06352	0.01981	0.78448	0.02616	0.00501	0.00505	0.00796	0.00327	0.00324
24	0.77564	0.01041	0.00837	0.00732	0.01067	0.01193	0.00603	0.05449	0.01006	0.05462	0.00817	0.00918	0.00619	0.00505	0.00346	0.00163	0.00419	0.00306	0.00351	0.00602
25	0.02009	0.00942	0.01181	0.00936	0.01305	0.00886	0.00763	0.11221	0.08245	0.52631	0.04670	0.02149	0.09123	0.00740	0.00544	0.00166	0.00438	0.00603	0.00610	0.00836
26	0.01300	0.56260	0.27252	0.01099	0.01657	0.01813	0.01243	0.01612	0.01088	0.01383	0.00804	0.00934	0.00676	0.00468	0.00392	0.00131	0.00635	0.00317	0.00225	0.00712
27	0.01234	0.00827	0.01073	0.05035	0.02370	0.05271	0.04671	0.01414	0.01225	0.19808	0.08738	0.26316	0.10219	0.01133	0.02515	0.00200	0.04771	0.00910	0.01672	0.00599
28	0.02120	0.00855	0.01134	0.00893	0.01245	0.00760	0.00718	0.02350	0.04171	0.65110	0.02032	0.01989	0.01387	0.09334	0.00759	0.00200	0.00449	0.00558	0.03112	0.00823
29	0.03295	0.00499	0.00618	0.00699	0.00771	0.00469	0.00482	0.00854	0.01057	0.03239	0.04807	0.61457	0.09749	0.01467	0.00629	0.00200	0.00303	0.01310	0.07641	0.00453
30	0.03403	0.07308	0.48921	0.01493	0.06295	0.01289	0.04589	0.08107	0.01266	0.09127	0.01067	0.01195	0.00764	0.00530	0.00526	0.00164	0.02456	0.00417	0.00297	0.00787
31	0.03788	0.01215	0.03428	0.35208	0.29485	0.06308	0.01417	0.03776	0.01198	0.06056	0.01016	0.01335	0.00786	0.00526	0.00542	0.00166	0.02301	0.00458	0.00282	0.00708

[dist]
# distance from previous block
# <min> <max>
0	5

[block]
# block no. 1 follows, 46 sequences, length 23
# corresponding to MSA columns:
# 120-142
name=unknown_B
#
# <colnr> <probs for GDERKNQSTAVLIFYWHMCP>
#	G	D	E	R	K	N	Q	S	T	A	V	L	I	F	Y	W	H	M	C	P
0	0.29706	0.01107	0.01389	0.25563	0.15251	0.02801	0.01098	0.08681	0.01194	0.05970	0.00965	0.01200	0.00732	0.00529	0.00477	0.00166	0.01768	0.00409	0.00321	0.00672
1	0.01421	0.74603	0.06283	0.00953	0.01413	0.05387	0.00959	0.01610	0.01094	0.01266	0.00749	0.00865	0.00678	0.00459	0.00353	0.00117	0.00592	0.00290	0.00228	0.00680
2	0.01036	0.00726	0.00854	0.00736	0.00894	0.00706	0.00515	0.07335	0.01051	0.05559	0.04604	0.02601	0.01636	0.44947	0.04935	0.00368	0.03553	0.00630	0.00360	0.16955
3	0.03452	0.01276	0.06222	0.02439	0.01553	0.01216	0.00958	0.36641	0.03461	0.26435	0.01580	0.02868	0.01142	0.00668	0.00529	0.00162	0.00531	0.03548	0.00528	0.04792
4	0.03922	0.01182	0.04912	0.01047	0.01424	0.01157	0.00883	0.28656	0.12036	0.26874	0.03007	0.04894	0.01310	0.00772	0.02432	0.00181	0.00514	0.00555	0.03416	0.00827
5	0.02294	0.00940	0.01244	0.00957	0.01359	0.00845	0.00789	0.08994	0.01598	0.69741	0.04162	0.01814	0.01377	0.00665	0.00534	0.00163	0.00456	0.00539	0.00641	0.00888
6	0.03138	0.01160	0.02173	0.08429	0.03666	0.01210	0.38886	0.01551	0.07318	0.01610	0.01328	0.10950	0.01188	0.00842	0.04391	0.00219	0.10299	0.00680	0.00311	0.00650
7	0.06245	0.00684	0.00789	0.00739	0.00923	0.00670	0.00560	0.05502	0.07353	0.07808	0.28969	0.17289	0.18218	0.01111	0.00595	0.00178	0.00321	0.00955	0.00531	0.00561
8	0.00647	0.00463	0.00610	0.00727	0.00760	0.00432	0.00484	0.00738	0.01010	0.01343	0.02941	0.77080	0.05322	0.03795	0.00728	0.00222	0.00311	0.01473	0.00486	0.00427
9	0.36069	0.01049	0.01066	0.00877	0.01222	0.01122	0.00716	0.19854	0.01459	0.21389	0.02801	0.05058	0.01082	0.00636	0.00450	0.00163	0.00447	0.00470	0.03348	0.00722
10	0.00648	0.00463	0.00617	0.00733	0.00768	0.00432	0.00491	0.00747	0.01032	0.01381	0.06016	0.77883	0.03558	0.01632	0.00673	0.00213	0.00304	0.01480	0.00495	0.00432
11	0.09449	0.00980	0.01571	0.67192	0.03299	0.01192	0.04598	0.02948	0.01079	0.01509	0.00932	0.01352	0.00700	0.00523	0.00513	0.00175	0.00681	0.00458	0.00252	0.00598
12	0.00644	0.00460	0.00613	0.00736	0.00767	0.00429	0.00491	0.00736	0.01012	0.01350	0.02914	0.81076	0.03497	0.01656	0.00675	0.00215	0.00307	0.01503	0.00491	0.00429
13	0.00640	0.00477	0.00595	0.00690	0.00755	0.00433	0.00470	0.00741	0.01057	0.01368	0.03476	0.63584	0.20626	0.01583	0.00663	0.00206	0.00298	0.01414	0.00491	0.00433
14	0.85155	0.01022	0.00777	0.00695	0.01022	0.01186	0.00573	0.01554	0.00900	0.02372	0.00736	0.00859	0.00573	0.00491	0.00327	0.00164	0.00409	0.00286	0.00327	0.00573
15	0.00762	0.00510	0.00579	0.00586	0.00587	0.00508	0.00330	0.00767	0.00783	0.01044	0.01737	0.07887	0.02012	0.76871	0.02576	0.00496	0.00501	0.00811	0.00330	0.00327
16	0.00643	0.00463	0.00611	0.00730	0.00765	0.00430	0.00488	0.00737	0.01018	0.01352	0.02993	0.78615	0.05906	0.01646	0.00673	0.00214	0.00305	0.01490	0.00491	0.00430
17	0.04347	0.64321	0.10547	0.00998	0.01445	0.01932	0.01022	0.01567	0.01052	0.01331	0.00754	0.00900	0.00675	0.00496	0.00465	0.00130	0.06803	0.00308	0.00230	0.00678
18	0.01878	0.01381	0.01487	0.01145	0.01550	0.01505	0.00942	0.66738	0.02320	0.03148	0.03553	0.01368	0.01033	0.00633	0.00517	0.00153	0.00547	0.00482	0.03972	0.05648
19	0.01119	0.01281	0.08293	0.24088	0.04790	0.01308	0.25206	0.01448	0.01054	0.01463	0.00959	0.01424	0.00792	0.04395	0.00947	0.00205	0.19819	0.00525	0.00248	0.00636
20	0.01679	0.01180	0.01289	0.01045	0.01391	0.01277	0.00844	0.40494	0.17298	0.10468	0.04544	0.03382	0.07693	0.00745	0.00538	0.00165	0.00478	0.00596	0.04086	0.00809
21	0.01090	0.01060	0.04633	0.05349	0.06303	0.04136	0.09055	0.03652	0.01116	0.04158	0.06711	0.24341	0.01836	0.00994	0.00918	0.00198	0.22689	0.00808	0.00361	0.00592
22	0.01821	0.01562	0.01422	0.01179	0.01535	0.18783	0.00936	0.32531	0.22181	0.08315	0.01460	0.01424	0.01071	0.00632	0.00516	0.00158	0.00606	0.00479	0.00478	0.02912

[dist]
# distance from previous block
# <min> <max>
2	8

[block]
# block no. 2 follows, 46 sequences, length 16
# corresponding to MSA columns:
# 151-166
name=unknown_C
#
# <colnr> <probs for GDERKNQSTAVLIFYWHMCP>
#	G	D	E	R	K	N	Q	S	T	A	V	L	I	F	Y	W	H	M	C	P
0	0.01463	0.67868	0.06962	0.00975	0.01443	0.01990	0.00976	0.10314	0.01241	0.01512	0.00809	0.00912	0.00704	0.00476	0.00371	0.00121	0.00580	0.00311	0.00261	0.00710
1	0.01409	0.14646	0.32001	0.08943	0.01963	0.01258	0.03307	0.04437	0.01250	0.17616	0.05169	0.01406	0.01045	0.00573	0.00528	0.00160	0.02741	0.00451	0.00345	0.00753
2	0.01845	0.04234	0.02756	0.00961	0.01323	0.00983	0.00796	0.07377	0.18579	0.42439	0.07668	0.02060	0.05125	0.00719	0.00536	0.00166	0.00440	0.00588	0.00581	0.00824
3	0.00741	0.00511	0.00631	0.00655	0.00678	0.00521	0.00413	0.00792	0.00831	0.01125	0.01873	0.18773	0.02134	0.52120	0.15464	0.00511	0.00627	0.00881	0.00348	0.00368
4	0.00753	0.00603	0.00686	0.00692	0.00851	0.00569	0.00530	0.01067	0.09588	0.01656	0.18325	0.12672	0.38954	0.01269	0.00633	0.00188	0.00310	0.09640	0.00513	0.00502
5	0.04177	0.03276	0.05516	0.20320	0.01980	0.02203	0.06269	0.05781	0.03898	0.13708	0.01252	0.02865	0.00964	0.00712	0.02123	0.00188	0.15040	0.00499	0.08561	0.00668
6	0.01139	0.00997	0.01230	0.03435	0.07808	0.00870	0.00779	0.01527	0.09970	0.01753	0.01077	0.01228	0.00879	0.00460	0.00473	0.00105	0.03333	0.00370	0.00330	0.62240
7	0.00667	0.00561	0.00584	0.00590	0.00768	0.00489	0.00454	0.00855	0.03711	0.01467	0.05035	0.05059	0.69098	0.01329	0.00631	0.00184	0.00291	0.07275	0.00492	0.00463
8	0.00948	0.00859	0.01399	0.55428	0.06796	0.01025	0.01240	0.01249	0.01104	0.01458	0.10141	0.11039	0.01539	0.00733	0.00589	0.00180	0.02747	0.00648	0.00307	0.00571
9	0.01505	0.02776	0.01542	0.35176	0.08828	0.10216	0.02957	0.05441	0.01300	0.18555	0.01242	0.01448	0.00894	0.00560	0.00512	0.00162	0.00641	0.00470	0.05079	0.00695
10	0.01259	0.11636	0.34232	0.01632	0.10888	0.01251	0.13829	0.01687	0.01212	0.08812	0.07519	0.01459	0.01135	0.00546	0.00518	0.00161	0.00680	0.00486	0.00306	0.00751
11	0.01536	0.00738	0.00985	0.00831	0.01094	0.00682	0.00661	0.01806	0.04575	0.38032	0.28366	0.02660	0.04360	0.01207	0.09760	0.00246	0.00488	0.00699	0.00577	0.00698
12	0.01197	0.00837	0.01082	0.00962	0.01155	0.00878	0.03405	0.15816	0.03242	0.09891	0.14372	0.26413	0.04810	0.01156	0.02089	0.00201	0.07155	0.04225	0.00497	0.00617
13	0.01803	0.01315	0.03490	0.01250	0.05520	0.01386	0.00989	0.49946	0.06091	0.10863	0.01397	0.01455	0.01021	0.01018	0.09723	0.00241	0.00664	0.00496	0.00492	0.00840
14	0.01244	0.01184	0.03703	0.10368	0.40084	0.05108	0.01293	0.03460	0.07649	0.03420	0.10149	0.01852	0.01463	0.00741	0.03404	0.00189	0.00614	0.02996	0.00342	0.00737
15	0.03491	0.00522	0.00633	0.00665	0.00761	0.00486	0.00469	0.00855	0.01186	0.01630	0.27850	0.34441	0.17001	0.06609	0.00770	0.00210	0.00298	0.01166	0.00504	0.00453

[dist]
# distance from previous block
# <min> <max>
0	2

[block]
# block no. 3 follows, 46 sequences, length 6
# corresponding to MSA columns:
# 169-174
name=unknown_D
#
# <colnr> <probs for GDERKNQSTAVLIFYWHMCP>
#	G	D	E	R	K	N	Q	S	T	A	V	L	I	F	Y	W	H	M	C	P
0	0.02094	0.00913	0.01187	0.00907	0.01311	0.00793	0.00745	0.05855	0.01477	0.59558	0.01858	0.01678	0.01213	0.00612	0.00502	0.00149	0.00437	0.00495	0.04900	0.13315
1	0.01149	0.00931	0.01247	0.30382	0.02076	0.01052	0.00992	0.18848	0.05809	0.01982	0.12978	0.13621	0.05045	0.00845	0.00569	0.00177	0.00515	0.00729	0.00421	0.00632
2	0.01029	0.01123	0.08937	0.40623	0.02678	0.01094	0.11350	0.04106	0.05490	0.01550	0.01464	0.13351	0.03499	0.00721	0.00564	0.00181	0.00644	0.00663	0.00312	0.00621
3	0.10286	0.01362	0.10883	0.01095	0.01530	0.01233	0.00985	0.26266	0.12951	0.25659	0.01554	0.01474	0.01068	0.00622	0.00507	0.00165	0.00525	0.00481	0.00510	0.00842
4	0.04941	0.00595	0.00774	0.09287	0.01138	0.00620	0.00628	0.01013	0.07265	0.01471	0.02531	0.62037	0.02897	0.01400	0.00631	0.00205	0.00364	0.01257	0.00459	0.00487
5	0.01344	0.12866	0.01361	0.00924	0.01227	0.04117	0.06870	0.01609	0.04495	0.20833	0.17583	0.02834	0.18132	0.00856	0.00552	0.00163	0.00445	0.02655	0.00485	0.00650

[dist]
# distance from previous block
# <min> <max>
0	2

[block]
# block no. 4 follows, 46 sequences, length 10
# corresponding to MSA columns:
# 177-186
name=unknown_E
#
# <colnr> <probs for GDERKNQSTAVLIFYWHMCP>
#	G	D	E	R	K	N	Q	S	T	A	V	L	I	F	Y	W	H	M	C	P
0	0.01772	0.07339	0.01535	0.01104	0.01488	0.01502	0.00917	0.59675	0.02216	0.02953	0.07819	0.01705	0.06183	0.00703	0.00529	0.00157	0.00533	0.00542	0.00508	0.00820
1	0.11464	0.58439	0.02239	0.00886	0.01277	0.06907	0.00825	0.01582	0.01071	0.03609	0.00849	0.01079	0.00777	0.06519	0.00528	0.00152	0.00565	0.00330	0.00261	0.00641
2	0.01126	0.00974	0.01486	0.60537	0.03054	0.01173	0.01299	0.12521	0.01269	0.01667	0.01144	0.06648	0.00939	0.00621	0.00533	0.00174	0.00645	0.00539	0.03028	0.00620
3	0.01326	0.01285	0.11189	0.09650	0.08810	0.01097	0.25895	0.01664	0.01203	0.15461	0.01437	0.11692	0.01212	0.00682	0.00639	0.00180	0.04859	0.00655	0.00355	0.00709
4	0.02203	0.00862	0.01173	0.00912	0.01291	0.00748	0.00748	0.02412	0.01511	0.70527	0.09984	0.02023	0.01692	0.00699	0.00541	0.00164	0.00429	0.00576	0.00647	0.00858
5	0.00816	0.00618	0.00884	0.00788	0.00854	0.00604	0.09427	0.00877	0.00846	0.01132	0.01697	0.09628	0.01918	0.65129	0.02277	0.00448	0.00541	0.00812	0.00328	0.00376
6	0.01151	0.02369	0.59678	0.01785	0.12669	0.01226	0.07842	0.01697	0.01151	0.04122	0.01001	0.01189	0.00724	0.00498	0.00516	0.00167	0.00759	0.00425	0.00246	0.00787
7	0.01048	0.01170	0.08319	0.10991	0.02133	0.01055	0.32742	0.01371	0.01134	0.03168	0.03241	0.22644	0.01593	0.00833	0.00687	0.00190	0.05915	0.00815	0.00332	0.00618
8	0.02141	0.00905	0.01190	0.00939	0.01316	0.00824	0.00766	0.02503	0.10577	0.64428	0.06976	0.01959	0.01582	0.00689	0.00538	0.00166	0.00433	0.00567	0.00636	0.00866
9	0.15946	0.03698	0.10927	0.31423	0.20412	0.03671	0.01355	0.01555	0.01099	0.03852	0.00941	0.01233	0.00724	0.00507	0.00482	0.00165	0.00640	0.00420	0.00269	0.00680

[dist]
# distance from previous block
# <min> <max>
0	1

[block]
# block no. 5 follows, 46 sequences, length 10
# corresponding to MSA columns:
# 188-197
name=unknown_F
#
# <colnr> <probs for GDERKNQSTAVLIFYWHMCP>
#	G	D	E	R	K	N	Q	S	T	A	V	L	I	F	Y	W	H	M	C	P
0	0.01374	0.01113	0.01600	0.26591	0.22161	0.01224	0.01243	0.13675	0.11814	0.07900	0.01474	0.01645	0.04642	0.00605	0.00533	0.00168	0.00585	0.00524	0.00375	0.00754
1	0.01658	0.36804	0.06080	0.01041	0.03606	0.04449	0.00928	0.06332	0.03811	0.21781	0.03907	0.01312	0.01048	0.00551	0.00439	0.00136	0.00540	0.00408	0.00386	0.04780
2	0.01196	0.01192	0.13150	0.00921	0.01374	0.00830	0.00852	0.07267	0.01304	0.07455	0.13813	0.01637	0.01510	0.00561	0.00468	0.00119	0.00448	0.00460	0.00385	0.45055
3	0.57937	0.08723	0.01029	0.00740	0.01088	0.01185	0.00619	0.04383	0.01029	0.02198	0.03441	0.01041	0.00795	0.00504	0.00356	0.00147	0.00418	0.00326	0.02778	0.11264
4	0.01074	0.03862	0.01020	0.12292	0.04968	0.00841	0.00721	0.04679	0.02626	0.03170	0.04125	0.01949	0.02956	0.08075	0.02504	0.00193	0.04531	0.00524	0.33249	0.06643
5	0.00857	0.00614	0.00779	0.00830	0.06801	0.00560	0.00549	0.01039	0.01286	0.06590	0.33327	0.03921	0.28210	0.11290	0.00873	0.00213	0.00331	0.00920	0.00498	0.00511
6	0.00926	0.00635	0.00705	0.00658	0.00712	0.00656	0.00407	0.10365	0.00987	0.01318	0.01615	0.03181	0.01792	0.71166	0.02416	0.00468	0.00521	0.00732	0.00347	0.00394
7	0.18342	0.00982	0.01167	0.12173	0.01568	0.01053	0.00837	0.12684	0.05344	0.20349	0.10174	0.04300	0.01484	0.00685	0.00542	0.00167	0.03235	0.00539	0.00463	0.03911
8	0.01254	0.01162	0.01852	0.05710	0.31394	0.01250	0.10620	0.07449	0.08708	0.01794	0.01351	0.04203	0.01208	0.00708	0.00719	0.00183	0.10749	0.08618	0.00337	0.00732
9	0.12441	0.01327	0.03328	0.15990	0.18151	0.06142	0.14111	0.13225	0.05144	0.01983	0.01051	0.01285	0.00807	0.00521	0.00511	0.00164	0.00659	0.00467	0.00322	0.02371

[dist]
# distance from previous block
# <min> <max>
2	4

[block]
# block no. 6 follows, 46 sequences, length 22
# corresponding to MSA columns:
# 202-223
name=unknown_G
#
# <colnr> <probs for GDERKNQSTAVLIFYWHMCP>
#	G	D	E	R	K	N	Q	S	T	A	V	L	I	F	Y	W	H	M	C	P
0	0.00702	0.00554	0.00628	0.00630	0.00775	0.00500	0.00471	0.00904	0.03584	0.01610	0.22970	0.09624	0.43151	0.05635	0.00744	0.00200	0.00298	0.06047	0.00506	0.00466
1	0.03260	0.15471	0.44763	0.01451	0.02077	0.07480	0.10822	0.05751	0.01225	0.01683	0.00931	0.01100	0.00699	0.00497	0.00486	0.00157	0.00753	0.00400	0.00252	0.00744
2	0.01280	0.01261	0.01985	0.20003	0.57291	0.05825	0.01553	0.01592	0.01189	0.01619	0.00972	0.01310	0.00799	0.00488	0.00522	0.00160	0.00664	0.00463	0.00256	0.00769
3	0.00649	0.00536	0.00571	0.00572	0.00736	0.00457	0.00430	0.00801	0.01240	0.01528	0.15509	0.07526	0.63091	0.01316	0.00629	0.00180	0.00272	0.03000	0.00504	0.00454
4	0.01198	0.01228	0.06904	0.03831	0.53280	0.01135	0.02952	0.01567	0.05309	0.01689	0.01449	0.01929	0.05569	0.00657	0.00595	0.02771	0.00596	0.06279	0.00304	0.00758
5	0.01304	0.01568	0.08286	0.01806	0.06695	0.15095	0.40515	0.01661	0.01263	0.01635	0.01328	0.01580	0.05359	0.00539	0.00557	0.00163	0.00777	0.00562	0.08638	0.00670
6	0.01841	0.01484	0.06587	0.01198	0.01614	0.01518	0.01027	0.65558	0.02281	0.03068	0.01376	0.07469	0.01086	0.00705	0.00538	0.00164	0.00573	0.00550	0.00506	0.00855
7	0.01449	0.01313	0.02025	0.06294	0.57577	0.07281	0.05019	0.01747	0.01253	0.09333	0.01091	0.01340	0.00865	0.00496	0.00526	0.00158	0.00652	0.00474	0.00301	0.00809
8	0.00838	0.00677	0.01052	0.04704	0.01189	0.00780	0.05147	0.02301	0.00903	0.01285	0.01350	0.02038	0.01262	0.08484	0.60642	0.00713	0.05284	0.00572	0.00284	0.00494
9	0.00860	0.00590	0.00674	0.00649	0.00690	0.00607	0.00402	0.06661	0.00916	0.01228	0.01659	0.05703	0.01854	0.67460	0.07503	0.00498	0.00571	0.00756	0.00340	0.00379
10	0.03975	0.01191	0.02265	0.20693	0.03618	0.01234	0.40097	0.05375	0.01215	0.01690	0.01155	0.06220	0.00955	0.00578	0.00628	0.00178	0.04284	0.00607	0.03382	0.00658
11	0.05936	0.05684	0.01254	0.04674	0.01373	0.00987	0.00777	0.11468	0.06254	0.37573	0.01779	0.07895	0.01374	0.06912	0.00683	0.00190	0.00473	0.00585	0.00520	0.03609
12	0.00758	0.00590	0.00768	0.00778	0.00835	0.01783	0.03043	0.00859	0.01013	0.01361	0.10968	0.41381	0.05126	0.22230	0.01248	0.00284	0.04981	0.01131	0.00431	0.00430
13	0.00861	0.00653	0.00873	0.00837	0.00960	0.00655	0.04656	0.07753	0.01205	0.01649	0.09806	0.40083	0.09792	0.05347	0.03599	0.00231	0.03195	0.01097	0.06244	0.00501
14	0.05303	0.01419	0.04113	0.12001	0.04623	0.09853	0.31345	0.07355	0.01266	0.01726	0.00995	0.01300	0.00776	0.00545	0.00678	0.00171	0.09777	0.00503	0.03133	0.03118
15	0.01234	0.01320	0.06052	0.07079	0.11896	0.02670	0.32680	0.05717	0.07646	0.01757	0.01331	0.03046	0.01135	0.00646	0.00662	0.00184	0.05495	0.08420	0.00324	0.00706
16	0.01586	0.01256	0.01383	0.05822	0.01562	0.05542	0.00929	0.40177	0.03110	0.03992	0.01326	0.07532	0.01106	0.00918	0.05685	0.00205	0.06809	0.00541	0.01811	0.08708
17	0.05962	0.07141	0.13402	0.09280	0.29912	0.13641	0.01378	0.08473	0.01315	0.01759	0.01027	0.01242	0.02158	0.00523	0.00492	0.00155	0.00683	0.00427	0.00285	0.00744
18	0.35617	0.04162	0.10976	0.06581	0.05378	0.08233	0.00944	0.01639	0.03650	0.05424	0.01105	0.02527	0.03251	0.00563	0.00457	0.00158	0.02437	0.00401	0.00323	0.06174
19	0.06268	0.04371	0.12601	0.06600	0.14602	0.17996	0.01185	0.07614	0.09085	0.04363	0.01390	0.01510	0.06049	0.00645	0.01338	0.00167	0.02690	0.00474	0.00337	0.00715
20	0.07982	0.11808	0.01400	0.02035	0.03164	0.12978	0.00815	0.07949	0.12426	0.12974	0.06696	0.01686	0.05420	0.00637	0.00479	0.00146	0.00522	0.00490	0.00422	0.09972
21	0.04084	0.08812	0.01498	0.01213	0.06824	0.10484	0.06696	0.10425	0.06168	0.14850	0.14003	0.06686	0.04508	0.00743	0.00534	0.00161	0.00533	0.00626	0.00451	0.00702

[dist]
# distance from previous block
# <min> <max>
7	42

[block]
# block no. 7 follows, 46 sequences, length 10
# corresponding to MSA columns:
# 266-275
name=unknown_H
#
# <colnr> <probs for GDERKNQSTAVLIFYWHMCP>
#	G	D	E	R	K	N	Q	S	T	A	V	L	I	F	Y	W	H	M	C	P
0	0.01020	0.03198	0.01043	0.07788	0.08175	0.00752	0.00764	0.04733	0.02991	0.08144	0.10667	0.33835	0.04020	0.03760	0.00675	0.00199	0.00418	0.05631	0.00459	0.01730
1	0.11717	0.08032	0.01306	0.00971	0.01287	0.06229	0.00784	0.30209	0.06795	0.05452	0.05050	0.05553	0.07353	0.06187	0.00650	0.00184	0.00509	0.00578	0.00452	0.00703
2	0.06388	0.04576	0.01154	0.04751	0.01300	0.06234	0.00743	0.20321	0.04627	0.04793	0.10614	0.04454	0.08545	0.01843	0.00530	0.00155	0.00461	0.00589	0.08787	0.09135
3	0.03001	0.01217	0.04889	0.15652	0.38534	0.04393	0.03345	0.01524	0.02776	0.01661	0.04791	0.01581	0.04419	0.00560	0.00544	0.00157	0.02305	0.00503	0.00292	0.07855
4	0.01585	0.02793	0.04209	0.01074	0.01413	0.01120	0.02672	0.06538	0.27550	0.24100	0.01804	0.04524	0.01368	0.00718	0.00632	0.00171	0.07259	0.02474	0.00499	0.07497
5	0.01759	0.01184	0.01383	0.07786	0.01632	0.01255	0.00918	0.41928	0.04507	0.14658	0.01427	0.04953	0.01079	0.00721	0.00606	0.04672	0.00531	0.00519	0.00488	0.07994
6	0.01293	0.08160	0.05225	0.12725	0.56132	0.04240	0.01533	0.01605	0.01181	0.01620	0.00957	0.01261	0.00794	0.00481	0.00506	0.00155	0.00651	0.00447	0.00254	0.00781
7	0.12923	0.00964	0.04125	0.00884	0.01135	0.04273	0.02448	0.07552	0.09263	0.04619	0.11444	0.18831	0.09376	0.02650	0.00594	0.00181	0.00424	0.02533	0.00453	0.05325
8	0.00977	0.00700	0.00879	0.00856	0.01049	0.00667	0.00686	0.04880	0.06108	0.05369	0.13589	0.18537	0.06064	0.01171	0.00624	0.00190	0.00394	0.25199	0.00492	0.11568
9	0.08745	0.00853	0.01003	0.00989	0.04486	0.00894	0.00739	0.01842	0.25279	0.12686	0.12248	0.11102	0.05971	0.00947	0.00571	0.00185	0.00398	0.09874	0.00515	0.00672

[dist]
# distance from previous block
# <min> <max>
18	28

[block]
# block no. 8 follows, 46 sequences, length 10
# corresponding to MSA columns:
# 305-314
name=unknown_I
#
# <colnr> <probs for GDERKNQSTAVLIFYWHMCP>
#	G	D	E	R	K	N	Q	S	T	A	V	L	I	F	Y	W	H	M	C	P
0	0.01717	0.06161	0.01578	0.06406	0.05751	0.36395	0.01045	0.19306	0.01576	0.01819	0.00981	0.01159	0.00789	0.00690	0.02957	0.00172	0.06765	0.00406	0.03644	0.00682
1	0.07385	0.03861	0.01282	0.02837	0.01369	0.09891	0.06412	0.19771	0.04417	0.05045	0.06794	0.04947	0.14686	0.00801	0.00532	0.00164	0.00516	0.02669	0.05966	0.00655
2	0.03785	0.01205	0.01418	0.06420	0.07324	0.01275	0.00948	0.37981	0.04003	0.02483	0.03412	0.04187	0.01096	0.02483	0.00595	0.00158	0.03207	0.00498	0.00428	0.17093
3	0.02682	0.15942	0.28640	0.01619	0.16549	0.03341	0.05565	0.01540	0.01197	0.01671	0.11825	0.01705	0.01412	0.00604	0.00506	0.00158	0.00631	0.03405	0.00298	0.00710
4	0.01235	0.28780	0.32018	0.01100	0.01638	0.01353	0.01231	0.01592	0.01170	0.07332	0.08525	0.01485	0.03792	0.00574	0.00458	0.00143	0.00589	0.00439	0.00306	0.06237
5	0.01033	0.00816	0.06550	0.02824	0.00966	0.03190	0.00615	0.06821	0.01166	0.01819	0.01660	0.09033	0.01469	0.07917	0.06622	0.00228	0.00464	0.00598	0.45679	0.00529
6	0.01220	0.01009	0.05204	0.08505	0.01438	0.03630	0.00820	0.03854	0.13526	0.12225	0.10198	0.02557	0.15538	0.01978	0.00609	0.00167	0.02801	0.02634	0.00451	0.11635
7	0.06139	0.07385	0.00945	0.05916	0.01080	0.00733	0.00607	0.01154	0.01270	0.06074	0.29200	0.06044	0.20695	0.00974	0.00556	0.00163	0.00347	0.02918	0.02776	0.05021
8	0.00868	0.05279	0.09018	0.00801	0.01009	0.00697	0.00685	0.01163	0.05314	0.04215	0.33856	0.20825	0.09152	0.03910	0.00671	0.00188	0.00362	0.00956	0.00488	0.00543
9	0.05111	0.09214	0.40232	0.11896	0.12426	0.01341	0.01593	0.09034	0.01242	0.01797	0.00956	0.01159	0.00716	0.00510	0.00488	0.00161	0.00694	0.00406	0.00265	0.00756

[dist]
# distance from previous block
# <min> <max>
7	60

[block]
# block no. 9 follows, 46 sequences, length 7
# corresponding to MSA columns:
# 375-381
name=unknown_J
#
# <colnr> <probs for GDERKNQSTAVLIFYWHMCP>
#	G	D	E	R	K	N	Q	S	T	A	V	L	I	F	Y	W	H	M	C	P
0	0.26673	0.01251	0.01404	0.14843	0.19429	0.09612	0.01058	0.06314	0.04555	0.01933	0.00952	0.01161	0.00752	0.00509	0.00450	0.00155	0.00578	0.00394	0.00311	0.07668
1	0.01477	0.01085	0.01267	0.07333	0.01546	0.01203	0.00891	0.13113	0.37093	0.12709	0.05879	0.01941	0.01539	0.00717	0.00593	0.00173	0.04092	0.02556	0.00506	0.04285
2	0.01242	0.01189	0.02026	0.19646	0.62239	0.01239	0.01590	0.01564	0.01172	0.01647	0.00983	0.01330	0.00809	0.00483	0.00524	0.00161	0.00644	0.00471	0.00256	0.00784
3	0.01020	0.00969	0.01590	0.69349	0.03332	0.01236	0.01425	0.01340	0.01023	0.01340	0.00906	0.01375	0.00703	0.00583	0.00694	0.00184	0.11641	0.00469	0.00234	0.00586
4	0.05867	0.00908	0.01236	0.14887	0.10625	0.00927	0.00917	0.07695	0.04567	0.15039	0.11308	0.13070	0.01822	0.00777	0.00539	0.00165	0.00471	0.00672	0.00440	0.08068
5	0.01160	0.01184	0.01575	0.14147	0.01780	0.08202	0.04131	0.01338	0.00932	0.01299	0.00842	0.01295	0.00770	0.01154	0.10215	0.00282	0.48404	0.00471	0.00243	0.00576
6	0.01248	0.01076	0.04309	0.10762	0.05618	0.07157	0.00948	0.07407	0.12891	0.08427	0.09968	0.05423	0.07531	0.00895	0.00583	0.00182	0.00517	0.13949	0.00452	0.00656

[dist]
# distance from previous block
# <min> <max>
14	62

[block]
# block no. 10 follows, 46 sequences, length 11
# corresponding to MSA columns:
# 444-454
name=unknown_K
#
# <colnr> <probs for GDERKNQSTAVLIFYWHMCP>
#	G	D	E	R	K	N	Q	S	T	A	V	L	I	F	Y	W	H	M	C	P
0	0.01455	0.01028	0.01187	0.03258	0.01350	0.01016	0.00763	0.25676	0.05436	0.09854	0.08529	0.01777	0.03410	0.02669	0.03432	0.00172	0.00487	0.00515	0.04313	0.23672
1	0.29351	0.00986	0.01065	0.00859	0.01214	0.01004	0.00704	0.10506	0.01348	0.29622	0.03471	0.01529	0.03799	0.00619	0.00489	0.00158	0.02715	0.00455	0.02491	0.07616
2	0.01789	0.02134	0.01531	0.01505	0.09185	0.57295	0.01060	0.05810	0.03419	0.01501	0.04348	0.01178	0.00926	0.00594	0.00568	0.00148	0.05656	0.00402	0.00303	0.00648
3	0.55937	0.01325	0.13662	0.00895	0.01313	0.01183	0.00854	0.07429	0.01124	0.10648	0.00959	0.01035	0.00694	0.00522	0.00394	0.00164	0.00488	0.00345	0.00361	0.00668
4	0.00769	0.00513	0.00577	0.00577	0.00577	0.00513	0.00320	0.00769	0.00769	0.01025	0.01666	0.03460	0.01922	0.81421	0.02691	0.00513	0.00513	0.00769	0.00320	0.00320
5	0.00788	0.00586	0.00741	0.00704	0.00844	0.00560	0.00537	0.01121	0.06867	0.02067	0.65228	0.03965	0.07995	0.01086	0.00623	0.00172	0.00275	0.04752	0.00570	0.00520
6	0.01415	0.01186	0.01252	0.01096	0.01413	0.01362	0.00861	0.13454	0.66359	0.02374	0.02024	0.01871	0.01510	0.00705	0.00537	0.00176	0.00442	0.00580	0.00537	0.00846
7	0.02372	0.00900	0.01227	0.00941	0.01350	0.00777	0.00777	0.02576	0.01513	0.78489	0.02086	0.01799	0.01309	0.00654	0.00532	0.00164	0.00450	0.00532	0.00654	0.00900
8	0.01132	0.01076	0.01828	0.46896	0.35848	0.01210	0.01535	0.01468	0.01121	0.01513	0.00963	0.01366	0.00762	0.00504	0.00526	0.00168	0.00672	0.00470	0.00246	0.00695
9	0.01499	0.00996	0.03578	0.06687	0.01544	0.00964	0.06439	0.02127	0.24035	0.26662	0.07416	0.02393	0.09118	0.00769	0.00562	0.00175	0.00471	0.03289	0.00521	0.00755
10	0.01234	0.01175	0.02001	0.02884	0.65007	0.01166	0.04604	0.01538	0.01207	0.01698	0.01379	0.01864	0.05455	0.00591	0.00548	0.00165	0.00608	0.05800	0.00291	0.00785

[dist]
# distance from previous block
# <min> <max>
1	20

[block]
# block no. 11 follows, 46 sequences, length 9
# corresponding to MSA columns:
# 475-483
name=unknown_L
#
# <colnr> <probs for GDERKNQSTAVLIFYWHMCP>
#	G	D	E	R	K	N	Q	S	T	A	V	L	I	F	Y	W	H	M	C	P
0	0.08260	0.02135	0.52348	0.01387	0.05035	0.01127	0.01571	0.01859	0.01188	0.18450	0.01181	0.01251	0.00808	0.00533	0.00495	0.00166	0.00672	0.00416	0.00327	0.00792
1	0.00827	0.00614	0.00865	0.07112	0.01236	0.00624	0.00834	0.01056	0.01181	0.01529	0.02814	0.13856	0.07235	0.01402	0.00702	0.00231	0.00471	0.56456	0.00468	0.00486
2	0.01306	0.57766	0.25804	0.01087	0.01639	0.01830	0.01223	0.01611	0.01087	0.01374	0.00800	0.00929	0.00676	0.00467	0.00389	0.00130	0.00631	0.00315	0.00225	0.00710
3	0.01531	0.00987	0.05554	0.00936	0.01251	0.00888	0.00789	0.13721	0.09114	0.26551	0.18368	0.07929	0.06465	0.00868	0.00570	0.00172	0.00425	0.02592	0.00558	0.00733
4	0.01141	0.00865	0.01370	0.32676	0.15916	0.00931	0.01119	0.01422	0.01226	0.11192	0.17071	0.09410	0.01945	0.00753	0.00561	0.00173	0.00528	0.00674	0.00387	0.00638
5	0.01220	0.01285	0.02572	0.02098	0.12083	0.01281	0.50698	0.01592	0.01178	0.01674	0.01077	0.01430	0.00846	0.00521	0.00718	0.00177	0.10161	0.00573	0.08125	0.00693
6	0.01226	0.01172	0.01996	0.23743	0.58271	0.01234	0.01581	0.01550	0.01165	0.01627	0.00980	0.01335	0.00802	0.00486	0.00525	0.00162	0.00648	0.00471	0.00255	0.00771
7	0.01199	0.01155	0.01631	0.39339	0.04302	0.06641	0.06250	0.07565	0.01181	0.01562	0.00944	0.01315	0.00752	0.00675	0.02930	0.00190	0.12795	0.00458	0.00273	0.08842
8	0.61434	0.00905	0.00789	0.03710	0.01081	0.01028	0.00613	0.01436	0.00999	0.02211	0.07334	0.01686	0.01224	0.00640	0.00400	0.00169	0.00403	0.07307	0.06076	0.00554

[dist]
# distance from previous block
# <min> <max>
0	3

[block]
# block no. 12 follows, 46 sequences, length 8
# corresponding to MSA columns:
# 487-494
name=unknown_M
#
# <colnr> <probs for GDERKNQSTAVLIFYWHMCP>
#	G	D	E	R	K	N	Q	S	T	A	V	L	I	F	Y	W	H	M	C	P
0	0.01803	0.01341	0.01426	0.01138	0.01499	0.06904	0.00929	0.43337	0.03902	0.11464	0.01396	0.03577	0.01087	0.00691	0.00603	0.00160	0.05724	0.03767	0.00483	0.08766
1	0.01169	0.01010	0.01426	0.01073	0.01492	0.00874	0.13640	0.03694	0.08408	0.04362	0.01316	0.08976	0.01148	0.00570	0.00481	0.00123	0.00479	0.00520	0.00362	0.48876
2	0.21826	0.01487	0.01235	0.03371	0.01430	0.20986	0.00832	0.24189	0.01569	0.02264	0.01022	0.01134	0.00785	0.00549	0.00441	0.00144	0.00593	0.00382	0.07082	0.08677
3	0.09180	0.01012	0.01183	0.00931	0.01320	0.03420	0.00761	0.08918	0.04256	0.45243	0.01706	0.01663	0.01172	0.00621	0.00494	0.00152	0.00461	0.02399	0.02547	0.12560
4	0.01912	0.01341	0.01452	0.01133	0.01524	0.01468	0.00929	0.60252	0.07495	0.08694	0.01424	0.01409	0.01013	0.00640	0.00518	0.00158	0.00536	0.00490	0.06748	0.00865
5	0.01030	0.00916	0.00864	0.00820	0.00985	0.13675	0.00611	0.01317	0.06977	0.04800	0.38418	0.14491	0.10919	0.01057	0.00597	0.00170	0.00397	0.00906	0.00508	0.00543
6	0.02010	0.01481	0.01587	0.01216	0.01639	0.01639	0.01005	0.76360	0.02486	0.03332	0.01269	0.01269	0.00899	0.00635	0.00529	0.00159	0.00582	0.00476	0.00529	0.00899
7	0.01019	0.00851	0.01013	0.00772	0.01152	0.00674	0.00601	0.01226	0.01045	0.01608	0.01131	0.05169	0.01045	0.06572	0.08081	0.00189	0.00494	0.00426	0.00319	0.66613

[dist]
# distance from previous block
# <min> <max>
6	16

[block]
# block no. 13 follows, 46 sequences, length 6
# corresponding to MSA columns:
# 511-516
name=unknown_N
#
# <colnr> <probs for GDERKNQSTAVLIFYWHMCP>
#	G	D	E	R	K	N	Q	S	T	A	V	L	I	F	Y	W	H	M	C	P
0	0.13643	0.01058	0.01546	0.48421	0.13667	0.01241	0.01305	0.09928	0.01217	0.01781	0.00955	0.01297	0.00726	0.00527	0.00498	0.00170	0.00636	0.00443	0.00286	0.00656
1	0.41242	0.01221	0.01104	0.21618	0.01796	0.15067	0.00880	0.01532	0.01057	0.01827	0.00985	0.07693	0.00870	0.00607	0.00435	0.00166	0.00575	0.00445	0.00307	0.00572
2	0.01044	0.00931	0.00956	0.00876	0.01046	0.12353	0.00672	0.01224	0.01013	0.01409	0.01276	0.01786	0.01154	0.07369	0.34894	0.00465	0.05316	0.00491	0.12420	0.13303
3	0.60330	0.01105	0.00900	0.00772	0.01111	0.06255	0.00626	0.04510	0.01056	0.05394	0.00878	0.00988	0.00676	0.00500	0.00362	0.00150	0.00445	0.00318	0.03487	0.10135
4	0.20919	0.00929	0.00989	0.00863	0.01145	0.03060	0.00691	0.06892	0.10569	0.20275	0.15986	0.05362	0.03977	0.00806	0.00521	0.00172	0.00414	0.05242	0.00511	0.00678
5	0.01271	0.01004	0.01658	0.51197	0.19961	0.01134	0.01400	0.01593	0.01158	0.12879	0.01122	0.01445	0.00824	0.00534	0.00528	0.00170	0.00650	0.00479	0.00303	0.00690

[dist]
# distance from previous block
# <min> <max>
3	4

[block]
# block no. 14 follows, 46 sequences, length 7
# corresponding to MSA columns:
# 521-527
name=unknown_O
#
# <colnr> <probs for GDERKNQSTAVLIFYWHMCP>
#	G	D	E	R	K	N	Q	S	T	A	V	L	I	F	Y	W	H	M	C	P
0	0.01483	0.01097	0.01231	0.00991	0.01338	0.01114	0.00789	0.35020	0.06942	0.05574	0.04515	0.14972	0.01537	0.00775	0.00526	0.00151	0.00461	0.00642	0.00480	0.20362
1	0.00998	0.00940	0.01586	0.80150	0.03641	0.01175	0.01468	0.01351	0.01057	0.01351	0.00940	0.01409	0.00705	0.00529	0.00529	0.00176	0.00705	0.00470	0.00235	0.00587
2	0.00998	0.00940	0.01586	0.80150	0.03641	0.01175	0.01468	0.01351	0.01057	0.01351	0.00940	0.01409	0.00705	0.00529	0.00529	0.00176	0.00705	0.00470	0.00235	0.00587
3	0.85155	0.01022	0.00777	0.00695	0.01022	0.01186	0.00573	0.01554	0.00900	0.02372	0.00736	0.00859	0.00573	0.00491	0.00327	0.00164	0.00409	0.00286	0.00327	0.00573
4	0.00904	0.00599	0.00742	0.00689	0.00862	0.00541	0.00515	0.01084	0.01224	0.08842	0.24949	0.12418	0.19085	0.06089	0.08311	0.00251	0.00420	0.00891	0.03409	0.08177
5	0.00998	0.00940	0.01586	0.80150	0.03641	0.01175	0.01468	0.01351	0.01057	0.01351	0.00940	0.01409	0.00705	0.00529	0.00529	0.00176	0.00705	0.00470	0.00235	0.00587
6	0.69151	0.01183	0.00927	0.00806	0.01141	0.06713	0.00657	0.10749	0.01136	0.02414	0.00807	0.00916	0.00620	0.00512	0.00362	0.00161	0.00468	0.00313	0.00348	0.00615

[dist]
# distance from previous block
# <min> <max>
0	1

[block]
# block no. 15 follows, 46 sequences, length 8
# corresponding to MSA columns:
# 529-531,533-537
name=unknown_P
#
# <colnr> <probs for GDERKNQSTAVLIFYWHMCP>
#	G	D	E	R	K	N	Q	S	T	A	V	L	I	F	Y	W	H	M	C	P
0	0.00769	0.00513	0.00577	0.00577	0.00577	0.00513	0.00320	0.00769	0.00769	0.01025	0.01666	0.03460	0.01922	0.81421	0.02691	0.00513	0.00513	0.00769	0.00320	0.00320
1	0.00731	0.00540	0.00683	0.00647	0.00779	0.00492	0.00485	0.00965	0.01456	0.02025	0.67869	0.04106	0.15023	0.01116	0.00624	0.00168	0.00252	0.00978	0.00569	0.00492
2	0.01242	0.00935	0.01111	0.00801	0.01264	0.00713	0.00644	0.01474	0.01144	0.10525	0.01071	0.01177	0.00843	0.00422	0.00408	0.00088	0.00398	0.00338	0.00352	0.75050
3	0.01096	0.00940	0.01096	0.00783	0.01253	0.00705	0.00626	0.01331	0.01096	0.01723	0.00940	0.01096	0.00783	0.00392	0.00392	0.00078	0.00392	0.00313	0.00313	0.84653
4	0.00671	0.00534	0.00581	0.00571	0.00716	0.00466	0.00416	0.00817	0.01225	0.01547	0.22226	0.04629	0.51800	0.10459	0.00861	0.00214	0.00291	0.01038	0.00493	0.00444
5	0.01077	0.01020	0.01728	0.60569	0.22605	0.01195	0.01507	0.01420	0.01094	0.01447	0.00954	0.01384	0.00739	0.00514	0.00527	0.00171	0.00685	0.00470	0.00242	0.00651
6	0.15380	0.01510	0.01385	0.01122	0.01485	0.13288	0.00903	0.46788	0.05227	0.02726	0.01168	0.01273	0.00885	0.03845	0.00575	0.00171	0.00600	0.00442	0.00449	0.00777
7	0.01943	0.02130	0.01507	0.01369	0.04458	0.54399	0.01018	0.15199	0.05638	0.05893	0.01042	0.01121	0.00808	0.00573	0.00494	0.00145	0.00821	0.00393	0.00352	0.00699

[dist]
# distance from previous block
# <min> <max>
10	17

[block]
# block no. 16 follows, 46 sequences, length 196
# corresponding to MSA columns:
# 557-752
name=unknown_Q
#
# <colnr> <probs for GDERKNQSTAVLIFYWHMCP>
#	G	D	E	R	K	N	Q	S	T	A	V	L	I	F	Y	W	H	M	C	P
0	0.23284	0.01085	0.01228	0.00980	0.01358	0.01124	0.03847	0.17524	0.09261	0.26512	0.01622	0.01555	0.04059	0.00624	0.00482	0.00162	0.00472	0.00483	0.00498	0.03842
1	0.73822	0.01036	0.00853	0.00754	0.01066	0.01207	0.00619	0.04302	0.03481	0.02350	0.02713	0.00999	0.00733	0.00536	0.00406	0.00167	0.03690	0.00327	0.00344	0.00592
2	0.04771	0.01228	0.02060	0.05353	0.68282	0.01235	0.03161	0.01648	0.01199	0.04545	0.01024	0.01314	0.00839	0.00480	0.00518	0.00159	0.00621	0.00469	0.00278	0.00819
3	0.39357	0.04179	0.01052	0.00869	0.01174	0.13006	0.00697	0.10429	0.06984	0.03656	0.01158	0.01246	0.02262	0.00567	0.00405	0.00153	0.00495	0.00387	0.11291	0.00634
4	0.01364	0.58249	0.20609	0.01075	0.01594	0.06608	0.01159	0.01637	0.01110	0.01348	0.00790	0.00918	0.00677	0.00470	0.00386	0.00127	0.00640	0.00312	0.00228	0.00699
5	0.01418	0.72228	0.05853	0.00955	0.01408	0.05189	0.00951	0.01653	0.03872	0.01299	0.00799	0.00905	0.00712	0.00468	0.00359	0.00119	0.00585	0.00301	0.00239	0.00686
6	0.07082	0.01102	0.03100	0.01010	0.01384	0.01088	0.00836	0.20274	0.14379	0.35445	0.01897	0.05675	0.02883	0.00711	0.00528	0.00168	0.00471	0.00571	0.00562	0.00833
7	0.00708	0.00516	0.00676	0.00771	0.00837	0.00495	0.00554	0.00890	0.03876	0.01494	0.10561	0.58060	0.05079	0.01529	0.00671	0.00212	0.00330	0.11781	0.00501	0.00460
8	0.06207	0.45114	0.29769	0.01147	0.01707	0.03571	0.02896	0.01629	0.01093	0.01475	0.00821	0.00960	0.00672	0.00474	0.00406	0.00137	0.00650	0.00330	0.00233	0.00708
9	0.01355	0.72004	0.08117	0.00941	0.01399	0.01954	0.00964	0.01559	0.01081	0.01295	0.02591	0.00973	0.00797	0.00564	0.02447	0.00138	0.00596	0.00314	0.00236	0.00676
10	0.02010	0.01481	0.01587	0.01216	0.01639	0.01639	0.01005	0.76360	0.02486	0.03332	0.01269	0.01269	0.00899	0.00635	0.00529	0.00159	0.00582	0.00476	0.00529	0.00899
11	0.01286	0.01111	0.01168	0.01053	0.01347	0.01279	0.00819	0.02724	0.73997	0.02179	0.02285	0.02102	0.04799	0.00743	0.00542	0.00179	0.00412	0.00619	0.00536	0.00820
12	0.01104	0.01053	0.01803	0.53506	0.27566	0.01205	0.03358	0.01447	0.01109	0.01480	0.00960	0.01377	0.00750	0.00508	0.00529	0.00170	0.00685	0.00474	0.00244	0.00671
13	0.01238	0.01117	0.01758	0.30928	0.35457	0.01230	0.01410	0.03231	0.12931	0.03727	0.01188	0.01460	0.00923	0.00538	0.00528	0.00168	0.00618	0.00492	0.00310	0.00749
14	0.00985	0.00493	0.00493	0.00493	0.00616	0.00493	0.00370	0.01232	0.01109	0.01971	0.01725	0.01971	0.01355	0.00616	0.00370	0.00123	0.00246	0.00493	0.84356	0.00493
15	0.00667	0.00484	0.00636	0.00748	0.00802	0.00452	0.00527	0.00781	0.01053	0.01384	0.03101	0.65830	0.09569	0.01607	0.00677	0.00215	0.00325	0.10215	0.00490	0.00438
16	0.01102	0.12070	0.69712	0.01436	0.02178	0.01330	0.01829	0.01663	0.01111	0.01623	0.00923	0.01084	0.00671	0.00496	0.00483	0.00161	0.00756	0.00378	0.00224	0.00769
17	0.00872	0.00599	0.00819	0.00916	0.01037	0.00588	0.00776	0.01086	0.01189	0.04065	0.02846	0.11663	0.06270	0.05104	0.00804	0.00248	0.00463	0.59684	0.00485	0.00486
18	0.00644	0.00460	0.00613	0.00736	0.00767	0.00429	0.00491	0.00736	0.01012	0.01350	0.02914	0.81076	0.03497	0.01656	0.00675	0.00215	0.00307	0.01503	0.00491	0.00429
19	0.01006	0.00539	0.00588	0.00564	0.00704	0.00533	0.00428	0.02779	0.01200	0.04775	0.12841	0.02306	0.03448	0.00832	0.03526	0.00161	0.00308	0.00577	0.62370	0.00515
20	0.85155	0.01022	0.00777	0.00695	0.01022	0.01186	0.00573	0.01554	0.00900	0.02372	0.00736	0.00859	0.00573	0.00491	0.00327	0.00164	0.00409	0.00286	0.00327	0.00573
21	0.01124	0.00956	0.01111	0.00796	0.01264	0.00733	0.00638	0.03593	0.01138	0.01771	0.00950	0.01101	0.00787	0.00399	0.00396	0.00081	0.00397	0.00318	0.00320	0.82128
22	0.01413	0.81739	0.02770	0.00905	0.01357	0.02092	0.00905	0.01583	0.01074	0.01244	0.00735	0.00848	0.00678	0.00452	0.00339	0.00113	0.00565	0.00283	0.00226	0.00678
23	0.85155	0.01022	0.00777	0.00695	0.01022	0.01186	0.00573	0.01554	0.00900	0.02372	0.00736	0.00859	0.00573	0.00491	0.00327	0.00164	0.00409	0.00286	0.00327	0.00573
