[name]
unknown

[dist]
# distance from previous block
# <min> <max>
0	95

[block]
# block no. 0 follows, 41 sequences, length 21
# corresponding to MSA columns:
# 97-117
name=unknown_A
#
# <colnr> <probs for GDERKNQSTAVLIFYWHMCP>
#	G	D	E	R	K	N	Q	S	T	A	V	L	I	F	Y	W	H	M	C	P
0	0.01381	0.03059	0.01323	0.11393	0.01736	0.05669	0.01048	0.18618	0.03077	0.04361	0.04118	0.03865	0.02165	0.01097	0.00669	0.00216	0.00605	0.34430	0.00490	0.00680
1	0.01891	0.21398	0.05091	0.01162	0.01616	0.01648	0.01025	0.26604	0.16074	0.15512	0.01551	0.01498	0.01129	0.00652	0.00521	0.00165	0.00575	0.00494	0.00501	0.00894
2	0.01745	0.01320	0.01982	0.11281	0.06903	0.01381	0.16640	0.22586	0.05965	0.14973	0.01482	0.01702	0.01092	0.00656	0.00645	0.00184	0.03551	0.02539	0.00459	0.02914
3	0.01622	0.03422	0.02279	0.07179	0.12715	0.17291	0.21717	0.13020	0.01527	0.01927	0.01053	0.01341	0.00837	0.00613	0.00752	0.00183	0.10906	0.00522	0.00325	0.00770
4	0.01420	0.01607	0.08409	0.07852	0.02819	0.01477	0.51758	0.11302	0.01486	0.02022	0.01153	0.01486	0.00860	0.00536	0.00680	0.00191	0.03219	0.00618	0.00319	0.00789
5	0.00907	0.00670	0.00826	0.03018	0.01030	0.00666	0.00619	0.10477	0.01340	0.01773	0.05926	0.54696	0.10601	0.03658	0.00756	0.00226	0.00382	0.01363	0.00527	0.00538
6	0.00887	0.00695	0.00916	0.01086	0.10761	0.00642	0.00708	0.01088	0.01332	0.03695	0.16736	0.11764	0.32254	0.04329	0.00765	0.00214	0.00389	0.10666	0.00513	0.00560
7	0.01501	0.66241	0.02851	0.01335	0.11279	0.02121	0.01093	0.01703	0.01167	0.01416	0.00830	0.00998	0.00757	0.00516	0.00463	0.00135	0.04251	0.00342	0.00250	0.00752
8	0.01882	0.01230	0.01371	0.01088	0.01468	0.01290	0.00886	0.42218	0.03737	0.15948	0.07931	0.02285	0.11273	0.00829	0.00588	0.00175	0.00514	0.00660	0.03770	0.00857
9	0.00697	0.00498	0.00664	0.00796	0.00830	0.00465	0.00531	0.00796	0.01095	0.01460	0.03153	0.79525	0.03783	0.01792	0.00730	0.00232	0.00332	0.01626	0.00531	0.00465
10	0.01547	0.01251	0.01342	0.01154	0.01514	0.01395	0.00909	0.12260	0.57206	0.05371	0.02099	0.01954	0.01562	0.00734	0.00568	0.00182	0.00475	0.00603	0.00567	0.07308
11	0.02182	0.11584	0.01748	0.01206	0.01639	0.11500	0.01002	0.33877	0.03597	0.23737	0.01506	0.01449	0.01053	0.00657	0.00540	0.00164	0.00636	0.00489	0.00533	0.00901
12	0.01218	0.01202	0.01687	0.01457	0.01464	0.01672	0.01210	0.01349	0.00879	0.01373	0.00811	0.01329	0.00803	0.01256	0.07746	0.00302	0.72861	0.00509	0.00255	0.00617
13	0.00753	0.00619	0.00686	0.00669	0.00865	0.00518	0.00493	0.00908	0.01256	0.01602	0.07747	0.21272	0.47041	0.01378	0.00655	0.00187	0.00316	0.01178	0.00510	0.11346
14	0.02269	0.01451	0.01623	0.01244	0.01698	0.01549	0.01028	0.57187	0.02436	0.21198	0.01586	0.01511	0.01079	0.00692	0.00573	0.00173	0.00595	0.00529	0.00605	0.00973
15	0.00728	0.00541	0.00705	0.00790	0.00850	0.00518	0.00547	0.00855	0.01175	0.01574	0.12859	0.60541	0.10328	0.01654	0.00755	0.00223	0.02868	0.01475	0.00535	0.00481
16	0.00852	0.00666	0.01024	0.11088	0.01404	0.00788	0.00829	0.01079	0.00949	0.01345	0.01465	0.02152	0.01342	0.03803	0.67534	0.00824	0.01431	0.00599	0.00300	0.00527
17	0.01529	0.01494	0.01775	0.01622	0.07378	0.10650	0.01245	0.14226	0.01312	0.01805	0.00900	0.01259	0.00800	0.00860	0.01388	0.00218	0.50024	0.00488	0.00314	0.00712
18	0.02148	0.01573	0.01626	0.04556	0.01795	0.08753	0.01060	0.53147	0.02345	0.12954	0.01442	0.01443	0.01013	0.00675	0.00563	0.00170	0.00645	0.00509	0.02666	0.00918
19	0.01819	0.01427	0.01913	0.11295	0.05351	0.04537	0.11137	0.30411	0.02938	0.12015	0.01320	0.01474	0.00962	0.00674	0.00739	0.00186	0.09970	0.00538	0.00449	0.00845
20	0.01944	0.01509	0.01514	0.01294	0.04781	0.11208	0.00996	0.39099	0.07925	0.11538	0.02009	0.01956	0.10095	0.00768	0.00578	0.00173	0.00612	0.00597	0.00536	0.00866

[dist]
# distance from previous block
# <min> <max>
6	21

[block]
# block no. 1 follows, 41 sequences, length 21
# corresponding to MSA columns:
# 145-165
name=unknown_B
#
# <colnr> <probs for GDERKNQSTAVLIFYWHMCP>
#	G	D	E	R	K	N	Q	S	T	A	V	L	I	F	Y	W	H	M	C	P
0	0.01099	0.01036	0.01749	0.74387	0.07931	0.01276	0.01598	0.01478	0.01152	0.01484	0.01020	0.01519	0.00770	0.00568	0.00572	0.00189	0.00758	0.00508	0.00256	0.00650
1	0.02039	0.01285	0.01603	0.01238	0.01668	0.01312	0.06778	0.35459	0.05547	0.25293	0.01957	0.04302	0.05309	0.00751	0.00589	0.00177	0.00572	0.00621	0.00582	0.02919
2	0.02146	0.01185	0.01457	0.07284	0.01727	0.01194	0.00960	0.28590	0.01922	0.36588	0.01778	0.03163	0.01242	0.03391	0.00649	0.00186	0.00557	0.00565	0.00589	0.04826
3	0.00704	0.00577	0.00620	0.00618	0.00792	0.00493	0.00460	0.00871	0.01356	0.01689	0.19588	0.08858	0.58569	0.01410	0.00678	0.00192	0.00288	0.01193	0.00551	0.00493
4	0.00704	0.00511	0.00665	0.00773	0.00827	0.00472	0.00524	0.00821	0.01154	0.01533	0.09179	0.67570	0.09726	0.01715	0.00721	0.00225	0.00324	0.01545	0.00539	0.00472
5	0.01271	0.01336	0.07958	0.38891	0.32511	0.01334	0.01673	0.05068	0.01285	0.01753	0.01058	0.01449	0.00827	0.00550	0.00567	0.00181	0.00730	0.00502	0.00280	0.00776
6	0.00994	0.00497	0.00745	0.00745	0.00745	0.00497	0.00497	0.00745	0.00745	0.00994	0.00994	0.01739	0.00994	0.01987	0.02235	0.83358	0.00497	0.00497	0.00248	0.00248
7	0.00799	0.00543	0.00645	0.00685	0.00699	0.00535	0.00416	0.00835	0.00919	0.01224	0.02203	0.23838	0.02573	0.56435	0.02258	0.00459	0.00495	0.03652	0.00402	0.00384
8	0.02184	0.01367	0.01608	0.01368	0.07092	0.01435	0.01043	0.44493	0.04559	0.24552	0.01648	0.01583	0.01132	0.00682	0.00569	0.00173	0.00578	0.00537	0.02441	0.00956
9	0.10530	0.01582	0.01586	0.01254	0.01681	0.05875	0.01025	0.56965	0.08545	0.03275	0.01367	0.01373	0.00988	0.00673	0.00547	0.00173	0.00618	0.00497	0.00535	0.00914
10	0.00697	0.00498	0.00664	0.00796	0.00830	0.00465	0.00531	0.00796	0.01095	0.01460	0.03153	0.79525	0.03783	0.01792	0.00730	0.00232	0.00332	0.01626	0.00531	0.00465
11	0.03802	0.01537	0.01516	0.01231	0.01636	0.09273	0.00988	0.37737	0.22485	0.05077	0.01573	0.01541	0.01158	0.00678	0.00552	0.00169	0.00597	0.00520	0.00527	0.07403
12	0.03968	0.00737	0.00883	0.00758	0.01020	0.00641	0.00585	0.01167	0.01351	0.01973	0.32905	0.04727	0.13229	0.01215	0.06726	0.00212	0.00429	0.00795	0.00488	0.26191
13	0.01585	0.03984	0.07657	0.01306	0.01600	0.01351	0.04500	0.04471	0.01227	0.19254	0.01241	0.01443	0.00955	0.00765	0.01090	0.00195	0.33271	0.00497	0.03480	0.10130
14	0.01472	0.01424	0.02812	0.02058	0.02526	0.01421	0.52242	0.04839	0.01361	0.08634	0.01229	0.01549	0.00923	0.00589	0.00822	0.00197	0.11776	0.00631	0.02725	0.00771
15	0.01080	0.01017	0.01716	0.78523	0.03940	0.01271	0.01589	0.01461	0.01144	0.01461	0.01017	0.01525	0.00762	0.00572	0.00572	0.00191	0.00762	0.00508	0.00254	0.00635
16	0.01438	0.01267	0.02539	0.07524	0.02503	0.01199	0.46501	0.01825	0.01373	0.13838	0.05630	0.08699	0.01458	0.00680	0.00656	0.00193	0.00778	0.00751	0.00394	0.00754
17	0.02401	0.01133	0.01406	0.01083	0.01518	0.01090	0.00893	0.22752	0.01915	0.53501	0.01995	0.01794	0.01294	0.00700	0.00568	0.00174	0.00518	0.00557	0.03753	0.00957
18	0.01663	0.01047	0.01439	0.01213	0.01399	0.01237	0.01002	0.03426	0.01235	0.27753	0.04028	0.01895	0.01313	0.01180	0.07493	0.00273	0.35899	0.03207	0.02561	0.00736
19	0.00935	0.00560	0.00734	0.00802	0.00896	0.00513	0.00558	0.01058	0.01174	0.10484	0.03115	0.63625	0.06761	0.01600	0.00695	0.00220	0.00346	0.01436	0.03961	0.00529
20	0.01501	0.01236	0.01314	0.01165	0.01500	0.01417	0.00911	0.06343	0.69114	0.05287	0.02281	0.02092	0.01698	0.00769	0.00581	0.00192	0.00462	0.00638	0.00586	0.00911

[dist]
# distance from previous block
# <min> <max>
0	1

[block]
# block no. 2 follows, 41 sequences, length 31
# corresponding to MSA columns:
# 167-197
name=unknown_C
#
# <colnr> <probs for GDERKNQSTAVLIFYWHMCP>
#	G	D	E	R	K	N	Q	S	T	A	V	L	I	F	Y	W	H	M	C	P
0	0.00947	0.00698	0.00817	0.00782	0.00951	0.00685	0.00583	0.01306	0.11072	0.06093	0.21968	0.15302	0.26806	0.05775	0.00834	0.00217	0.02967	0.01071	0.00553	0.00575
1	0.00829	0.00574	0.00752	0.00741	0.00857	0.00531	0.00539	0.01051	0.01478	0.03918	0.55683	0.20828	0.04834	0.03851	0.00757	0.00204	0.00298	0.01147	0.00601	0.00528
2	0.04240	0.53989	0.02508	0.01074	0.01477	0.02023	0.00999	0.06416	0.04217	0.01602	0.00898	0.01059	0.00794	0.00589	0.00618	0.00148	0.12362	0.00364	0.00288	0.04335
3	0.07163	0.01121	0.01269	0.00977	0.01381	0.01072	0.00780	0.19483	0.01529	0.08397	0.01265	0.01539	0.01032	0.08009	0.02333	0.00187	0.03580	0.00457	0.00424	0.38002
4	0.01846	0.09838	0.01941	0.01874	0.22025	0.18340	0.04048	0.07911	0.05743	0.15501	0.01315	0.01408	0.00992	0.00586	0.00535	0.00160	0.00699	0.00476	0.00402	0.04360
5	0.01155	0.00626	0.00770	0.00716	0.00804	0.00598	0.00464	0.01191	0.01017	0.14930	0.05369	0.05763	0.02083	0.52841	0.02254	0.07220	0.00517	0.00793	0.00424	0.00466
6	0.01241	0.00843	0.01004	0.00905	0.01134	0.00858	0.00695	0.07302	0.18294	0.11099	0.32779	0.12965	0.06361	0.01079	0.00641	0.00189	0.00373	0.00935	0.00607	0.00695
7	0.07205	0.01249	0.02316	0.12163	0.05991	0.01217	0.35255	0.01936	0.01358	0.18931	0.03077	0.04177	0.01158	0.00608	0.00613	0.00188	0.00743	0.00636	0.00400	0.00780
8	0.01041	0.00638	0.00754	0.00715	0.00918	0.00552	0.00539	0.01208	0.01369	0.15311	0.13807	0.17587	0.40735	0.01337	0.00667	0.00195	0.00330	0.01143	0.00576	0.00576
9	0.00702	0.00506	0.00665	0.00782	0.00828	0.00469	0.00527	0.00812	0.01132	0.01507	0.07054	0.72128	0.07282	0.01744	0.00725	0.00228	0.00327	0.01576	0.00536	0.00469
10	0.00708	0.00525	0.00643	0.00727	0.00798	0.00480	0.00492	0.00815	0.01137	0.01475	0.06033	0.52593	0.20798	0.08857	0.00916	0.00251	0.00340	0.01435	0.00517	0.00461
11	0.01422	0.04945	0.05605	0.08943	0.02744	0.01474	0.48607	0.11817	0.01502	0.02017	0.01234	0.01687	0.00965	0.00568	0.00638	0.00189	0.00861	0.03671	0.00332	0.00778
12	0.00922	0.00658	0.00922	0.01053	0.01185	0.00658	0.00922	0.01185	0.01317	0.01712	0.03029	0.06452	0.03292	0.01580	0.00790	0.00263	0.00527	0.72480	0.00527	0.00527
13	0.00849	0.03629	0.01151	0.01108	0.04672	0.00701	0.08934	0.01025	0.01175	0.01581	0.08574	0.53510	0.04710	0.01577	0.03750	0.00243	0.00472	0.01321	0.00480	0.00538
14	0.24972	0.01263	0.04983	0.19894	0.06563	0.01345	0.01126	0.14519	0.04803	0.08763	0.01194	0.01406	0.00893	0.02208	0.00607	0.00190	0.03656	0.00467	0.00396	0.00752
15	0.01242	0.01176	0.03637	0.27301	0.32179	0.01263	0.01488	0.05671	0.01252	0.01731	0.01135	0.01572	0.00938	0.01164	0.12982	0.00300	0.03408	0.00524	0.00292	0.00748
16	0.00701	0.00517	0.00656	0.00755	0.00822	0.00472	0.00515	0.00819	0.01163	0.01528	0.08258	0.62380	0.15930	0.01695	0.00718	0.00222	0.00321	0.01518	0.00537	0.00472
17	0.01099	0.01135	0.04351	0.49266	0.03232	0.01240	0.14559	0.01474	0.01195	0.01573	0.04507	0.01863	0.05283	0.00726	0.02212	0.00208	0.04534	0.00600	0.00293	0.00651
18	0.01476	0.01100	0.01248	0.08471	0.01580	0.04033	0.00888	0.18049	0.18814	0.09415	0.04839	0.20420	0.02043	0.04071	0.00705	0.00208	0.00515	0.00842	0.00530	0.00752
19	0.01423	0.01543	0.05065	0.23890	0.08338	0.14240	0.08566	0.05927	0.07144	0.01716	0.01140	0.03136	0.00932	0.00680	0.00791	0.00192	0.13708	0.00532	0.00316	0.00719
20	0.74607	0.01129	0.00910	0.00789	0.01158	0.01281	0.00649	0.05775	0.01082	0.02585	0.00842	0.00969	0.00652	0.00534	0.00370	0.00171	0.00452	0.00323	0.00365	0.05356
21	0.01246	0.01166	0.01665	0.12637	0.01825	0.01553	0.01233	0.01422	0.00958	0.03882	0.00889	0.01358	0.00811	0.01055	0.05149	0.00262	0.57295	0.00501	0.00273	0.04820
22	0.59875	0.01170	0.01018	0.00867	0.01226	0.01330	0.00710	0.17241	0.01383	0.02764	0.05230	0.01241	0.00986	0.00604	0.00420	0.00175	0.00469	0.00400	0.02204	0.00689
23	0.01472	0.01093	0.01258	0.10247	0.01569	0.01207	0.00852	0.32505	0.05928	0.02339	0.01607	0.05130	0.01472	0.26436	0.01332	0.00300	0.00587	0.00666	0.03306	0.00691
24	0.00832	0.00555	0.00624	0.00624	0.00624	0.00555	0.00347	0.00832	0.00832	0.01109	0.01802	0.03743	0.02080	0.79898	0.02911	0.00555	0.00555	0.00832	0.00347	0.00347
25	0.00734	0.00567	0.00599	0.00604	0.00720	0.00509	0.00406	0.00824	0.01122	0.01381	0.04220	0.07795	0.45987	0.30333	0.01501	0.00328	0.00389	0.01086	0.00463	0.00432
26	0.00711	0.00559	0.00642	0.00667	0.00806	0.00491	0.00483	0.00871	0.01318	0.01687	0.20491	0.24648	0.41640	0.01477	0.00690	0.00201	0.00296	0.01279	0.00553	0.00491
27	0.00697	0.00498	0.00664	0.00796	0.00830	0.00465	0.00531	0.00796	0.01095	0.01460	0.03153	0.79525	0.03783	0.01792	0.00730	0.00232	0.00332	0.01626	0.00531	0.00465
28	0.01318	0.01079	0.01298	0.00980	0.01399	0.00973	0.00792	0.07034	0.01275	0.05178	0.01114	0.03185	0.00941	0.00570	0.00650	0.00122	0.11300	0.00417	0.00365	0.60009
29	0.01607	0.65905	0.02743	0.01021	0.01507	0.02133	0.00982	0.11989	0.01379	0.01686	0.00886	0.00993	0.00772	0.00515	0.00398	0.00128	0.00607	0.00337	0.00295	0.04117
30	0.00876	0.00661	0.00815	0.00834	0.00985	0.00611	0.00615	0.05702	0.01280	0.01719	0.06197	0.45273	0.11999	0.01469	0.00681	0.00207	0.00375	0.08956	0.00515	0.10228

[dist]
# distance from previous block
# <min> <max>
0	57

[block]
# block no. 3 follows, 41 sequences, length 17
# corresponding to MSA columns:
# 279-287,289-296
name=unknown_D
#
# <colnr> <probs for GDERKNQSTAVLIFYWHMCP>
#	G	D	E	R	K	N	Q	S	T	A	V	L	I	F	Y	W	H	M	C	P
0	0.00809	0.00768	0.08405	0.00878	0.01016	0.00567	0.00698	0.00973	0.01137	0.04235	0.03036	0.65097	0.06983	0.01609	0.00703	0.00223	0.00387	0.01445	0.00508	0.00523
1	0.01186	0.01017	0.01186	0.00847	0.01356	0.00762	0.00678	0.01440	0.01186	0.01864	0.01017	0.01186	0.00847	0.00424	0.00424	0.00085	0.00424	0.00339	0.00339	0.83395
2	0.18838	0.01389	0.01411	0.01155	0.01551	0.01569	0.00937	0.38322	0.23775	0.03032	0.01536	0.01506	0.01128	0.00681	0.00530	0.00179	0.00539	0.00511	0.00530	0.00880
3	0.00722	0.00528	0.00679	0.00754	0.00830	0.00485	0.00523	0.00868	0.01246	0.01674	0.21292	0.53142	0.11940	0.01603	0.00711	0.00215	0.00312	0.01436	0.00555	0.00485
4	0.01035	0.00576	0.00610	0.00615	0.00748	0.00574	0.00454	0.04424	0.01251	0.02056	0.02222	0.15800	0.04749	0.00895	0.00476	0.00155	0.00295	0.00750	0.61777	0.00538
5	0.01033	0.00731	0.00848	0.00789	0.00881	0.00779	0.00532	0.11061	0.03495	0.01533	0.01712	0.03099	0.01801	0.52975	0.15840	0.00555	0.00736	0.00743	0.00378	0.00480
6	0.01201	0.01140	0.01934	0.51470	0.30047	0.01303	0.01649	0.01567	0.01201	0.01608	0.01038	0.01486	0.00814	0.00549	0.00570	0.00183	0.00733	0.00509	0.00265	0.00733
7	0.01206	0.01141	0.01949	0.24415	0.36478	0.01191	0.06882	0.01531	0.01227	0.01693	0.01348	0.12192	0.01255	0.00698	0.00592	0.00182	0.00665	0.00668	0.00312	0.04375
8	0.02221	0.01528	0.01670	0.01281	0.01737	0.01663	0.01058	0.65936	0.02565	0.12268	0.01478	0.01441	0.01025	0.00689	0.00573	0.00172	0.00613	0.00522	0.00588	0.00973
9	0.01194	0.05992	0.01780	0.55670	0.03220	0.01420	0.01448	0.05919	0.01194	0.01570	0.00999	0.01456	0.00789	0.00732	0.02718	0.00213	0.12257	0.00498	0.00274	0.00658
10	0.79670	0.01077	0.00825	0.00741	0.01084	0.01245	0.00608	0.01663	0.00985	0.02544	0.00852	0.00991	0.00663	0.00538	0.00356	0.00175	0.00433	0.00321	0.04615	0.00615
11	0.00697	0.00498	0.00664	0.00796	0.00830	0.00465	0.00531	0.00796	0.01095	0.01460	0.03153	0.79525	0.03783	0.01792	0.00730	0.00232	0.00332	0.01626	0.00531	0.00465
12	0.00703	0.00517	0.00659	0.00757	0.00823	0.00473	0.00517	0.00823	0.01170	0.01541	0.09442	0.62005	0.15096	0.01689	0.00717	0.00222	0.00320	0.01514	0.00539	0.00473
13	0.02204	0.01352	0.05289	0.07434	0.01848	0.01309	0.01073	0.34080	0.02038	0.34827	0.01708	0.01624	0.01134	0.00679	0.00572	0.00176	0.00589	0.00536	0.00589	0.00939
14	0.01080	0.01017	0.01716	0.78523	0.03940	0.01271	0.01589	0.01461	0.01144	0.01461	0.01017	0.01525	0.00762	0.00572	0.00572	0.00191	0.00762	0.00508	0.00254	0.00635
15	0.01344	0.02520	0.01013	0.00855	0.01084	0.00760	0.00661	0.07548	0.03227	0.19468	0.36423	0.11870	0.05283	0.04428	0.00736	0.00200	0.00381	0.00923	0.00608	0.00670
16	0.02292	0.01072	0.01512	0.01160	0.01591	0.00997	0.06787	0.11560	0.01694	0.56042	0.02005	0.01864	0.01317	0.00947	0.06179	0.00232	0.00619	0.00578	0.00628	0.00923

[dist]
# distance from previous block
# <min> <max>
0	1

[block]
# block no. 4 follows, 41 sequences, length 22
# corresponding to MSA columns:
# 298-319
name=unknown_E
#
# <colnr> <probs for GDERKNQSTAVLIFYWHMCP>
#	G	D	E	R	K	N	Q	S	T	A	V	L	I	F	Y	W	H	M	C	P
0	0.06252	0.03260	0.34023	0.04859	0.05301	0.01178	0.03116	0.05104	0.01396	0.23370	0.04055	0.03094	0.01165	0.00640	0.00554	0.00179	0.00668	0.00521	0.00418	0.00846
1	0.11165	0.01499	0.09079	0.04598	0.01757	0.01427	0.01080	0.39408	0.01997	0.14873	0.01410	0.01500	0.01013	0.03920	0.00638	0.00189	0.00605	0.00501	0.00507	0.02833
2	0.01896	0.16417	0.05109	0.01351	0.01737	0.39450	0.04342	0.14947	0.01675	0.01861	0.01029	0.01164	0.00825	0.00586	0.00501	0.00150	0.00830	0.00408	0.04987	0.00736
3	0.03305	0.04257	0.32633	0.13586	0.02301	0.01257	0.04704	0.05509	0.07083	0.09121	0.04493	0.01642	0.02962	0.00628	0.00555	0.00178	0.00690	0.00519	0.00364	0.04213
4	0.05439	0.01189	0.01363	0.01081	0.01469	0.01224	0.00878	0.32532	0.05260	0.25228	0.05911	0.04190	0.01480	0.00772	0.00601	0.02141	0.00515	0.00588	0.04224	0.03916
5	0.14290	0.02077	0.39714	0.04656	0.02149	0.01327	0.08161	0.01825	0.04391	0.05672	0.02937	0.01363	0.00918	0.00611	0.00649	0.00188	0.07511	0.00470	0.00312	0.00777
6	0.04626	0.04549	0.03629	0.34295	0.08468	0.01161	0.01219	0.01553	0.05971	0.06020	0.01715	0.14686	0.04689	0.00842	0.00641	0.00194	0.03989	0.00718	0.00366	0.00669
7	0.03402	0.00859	0.01171	0.11254	0.03318	0.00892	0.03407	0.10823	0.03599	0.09628	0.02275	0.37687	0.02368	0.03167	0.00729	0.01377	0.00492	0.02421	0.00492	0.00640
8	0.00722	0.00553	0.00662	0.00694	0.00816	0.00493	0.00498	0.00888	0.01325	0.01735	0.25419	0.30173	0.30992	0.01483	0.00694	0.00203	0.00298	0.01298	0.00560	0.00493
9	0.01192	0.00818	0.01092	0.14414	0.01499	0.02261	0.03297	0.04950	0.01149	0.10503	0.04951	0.02832	0.01758	0.40494	0.06082	0.00410	0.00652	0.00711	0.00393	0.00543
10	0.01638	0.26715	0.18875	0.04971	0.04553	0.10054	0.03756	0.10309	0.01443	0.08417	0.01083	0.01216	0.00833	0.00576	0.00541	0.00160	0.03306	0.00422	0.00332	0.00799
11	0.02187	0.01647	0.01650	0.01302	0.01717	0.11717	0.01061	0.51557	0.02321	0.13659	0.01408	0.01405	0.00995	0.00690	0.00620	0.00172	0.03930	0.00503	0.00541	0.00917
12	0.01032	0.00701	0.00858	0.00839	0.01005	0.00689	0.00619	0.01458	0.14042	0.09063	0.24859	0.30084	0.09892	0.01299	0.00669	0.00201	0.00345	0.01146	0.00586	0.00613
13	0.00945	0.00922	0.04484	0.42029	0.02633	0.00970	0.04285	0.01235	0.01145	0.01495	0.01964	0.28487	0.05064	0.01024	0.00634	0.00205	0.00606	0.00926	0.00362	0.00585
14	0.00723	0.00519	0.00672	0.00777	0.00826	0.00485	0.00528	0.00833	0.01124	0.01494	0.07285	0.61788	0.07839	0.08096	0.00904	0.00255	0.00352	0.04515	0.00521	0.00463
15	0.00832	0.00555	0.00624	0.00624	0.00624	0.00555	0.00347	0.00832	0.00832	0.01109	0.01802	0.03743	0.02080	0.79898	0.02911	0.00555	0.00555	0.00832	0.00347	0.00347
16	0.18092	0.05863	0.08010	0.01088	0.01541	0.02795	0.00964	0.24993	0.05385	0.09993	0.01285	0.01335	0.00944	0.00619	0.00513	0.01269	0.00556	0.00442	0.02741	0.11571
17	0.02174	0.01602	0.01717	0.01316	0.01774	0.01774	0.01087	0.74423	0.02689	0.03605	0.01373	0.01373	0.00973	0.00687	0.00572	0.00172	0.00629	0.00515	0.00572	0.00973
18	0.15266	0.01209	0.01636	0.22245	0.17674	0.01348	0.03045	0.16604	0.04533	0.02218	0.01348	0.01597	0.04085	0.00780	0.03877	0.00212	0.00670	0.00521	0.00371	0.00761
19	0.01294	0.12646	0.48024	0.01456	0.02168	0.01419	0.05125	0.07558	0.01324	0.01902	0.01029	0.01196	0.00768	0.00530	0.00514	0.00161	0.00749	0.00416	0.00283	0.11439
20	0.58567	0.03512	0.01059	0.00864	0.01227	0.01308	0.00710	0.08644	0.06438	0.09072	0.01092	0.01167	0.00816	0.00617	0.00462	0.02480	0.00471	0.00381	0.00415	0.00697
21	0.05514	0.05871	0.46300	0.01407	0.02063	0.01399	0.01620	0.17959	0.01561	0.02271	0.07632	0.01485	0.01183	0.00627	0.00544	0.00176	0.00716	0.00486	0.00355	0.00831

[dist]
# distance from previous block
# <min> <max>
0	29

[block]
# block no. 5 follows, 41 sequences, length 33
# corresponding to MSA columns:
# 349-381
name=unknown_F
#
# <colnr> <probs for GDERKNQSTAVLIFYWHMCP>
#	G	D	E	R	K	N	Q	S	T	A	V	L	I	F	Y	W	H	M	C	P
0	0.10113	0.14536	0.01690	0.13595	0.09332	0.09816	0.01049	0.07729	0.03094	0.06224	0.01170	0.01374	0.00922	0.00700	0.03195	0.00182	0.00651	0.00439	0.07402	0.06786
1	0.06956	0.02800	0.03009	0.11134	0.01529	0.04030	0.00845	0.15549	0.01437	0.03551	0.01650	0.07942	0.01526	0.12479	0.00887	0.00231	0.00542	0.05727	0.14826	0.03351
2	0.00817	0.00574	0.00740	0.00783	0.00893	0.00515	0.00549	0.00965	0.01222	0.04212	0.15607	0.53875	0.07617	0.01523	0.00688	0.00208	0.00331	0.01366	0.00539	0.06976
3	0.01529	0.80242	0.02997	0.00979	0.01468	0.02263	0.00979	0.01713	0.01162	0.01346	0.00795	0.00918	0.00734	0.00489	0.00367	0.00122	0.00612	0.00306	0.00245	0.00734
4	0.02075	0.01274	0.01438	0.01138	0.01542	0.01348	0.00928	0.37832	0.12090	0.23638	0.01795	0.01709	0.01248	0.00703	0.00558	0.00172	0.00531	0.00551	0.08508	0.00922
5	0.00882	0.00588	0.00737	0.00745	0.00880	0.00533	0.00546	0.01061	0.01354	0.07329	0.27662	0.27057	0.19837	0.04104	0.00766	0.00215	0.00330	0.04274	0.00570	0.00530
6	0.01473	0.01197	0.01282	0.01119	0.01438	0.01354	0.00878	0.15310	0.51625	0.02586	0.10516	0.02243	0.02015	0.00801	0.00585	0.00186	0.00457	0.00664	0.03409	0.00863
7	0.00809	0.00585	0.00750	0.00742	0.00861	0.00547	0.00555	0.01033	0.01454	0.02009	0.51272	0.08560	0.09755	0.09326	0.00920	0.00231	0.00333	0.09173	0.00577	0.00510
8	0.02142	0.01359	0.01578	0.01323	0.05943	0.01432	0.01023	0.44962	0.05381	0.22634	0.01745	0.01674	0.02908	0.00703	0.00572	0.00174	0.00571	0.00553	0.02378	0.00945
9	0.03039	0.06300	0.63970	0.01539	0.02294	0.06761	0.01904	0.01813	0.01244	0.01794	0.03577	0.01281	0.00884	0.00565	0.00534	0.00176	0.00819	0.00432	0.00261	0.00812
10	0.17614	0.19808	0.34161	0.01284	0.03454	0.01502	0.01404	0.04334	0.01244	0.08830	0.01056	0.01166	0.00782	0.00548	0.00471	0.00166	0.00670	0.00393	0.00319	0.00793
11	0.00774	0.00530	0.00641	0.00698	0.00712	0.00516	0.00425	0.00817	0.00944	0.01259	0.02379	0.36111	0.02807	0.46538	0.01980	0.00417	0.00459	0.01171	0.00425	0.00397
12	0.00775	0.00560	0.00732	0.00738	0.00845	0.00517	0.00535	0.00994	0.01464	0.02041	0.53837	0.25404	0.06714	0.01351	0.00690	0.00195	0.00288	0.01205	0.00600	0.00517
13	0.20838	0.01695	0.25341	0.06676	0.01879	0.01237	0.01258	0.07351	0.07695	0.15838	0.01497	0.01539	0.03511	0.00634	0.00517	0.00181	0.00611	0.00483	0.00417	0.00803
14	0.01886	0.30652	0.04609	0.01297	0.01684	0.46265	0.01093	0.03639	0.01465	0.01442	0.00867	0.01004	0.00741	0.00554	0.00464	0.00140	0.00865	0.00351	0.00281	0.00701
15	0.00791	0.00568	0.00739	0.00727	0.00837	0.00527	0.00527	0.01016	0.01482	0.02080	0.59019	0.17373	0.04924	0.05831	0.00814	0.00211	0.00297	0.01126	0.00596	0.00515
16	0.01515	0.61329	0.06030	0.01065	0.01530	0.04572	0.01039	0.04185	0.01213	0.01478	0.00838	0.00989	0.00750	0.00534	0.00497	0.00134	0.06184	0.00336	0.00263	0.05518
17	0.09425	0.05862	0.01713	0.34321	0.08446	0.01374	0.03902	0.06084	0.09413	0.03413	0.01217	0.03293	0.00972	0.00676	0.00667	0.02238	0.05411	0.00525	0.00338	0.00709
18	0.00832	0.00555	0.00624	0.00624	0.00624	0.00555	0.00347	0.00832	0.00832	0.01109	0.01802	0.03743	0.02080	0.79898	0.02911	0.00555	0.00555	0.00832	0.00347	0.00347
19	0.00934	0.00645	0.00822	0.00770	0.00928	0.00608	0.00583	0.03744	0.03014	0.05427	0.59597	0.09468	0.07267	0.01188	0.00672	0.00186	0.00306	0.02650	0.00617	0.00573
20	0.05975	0.04890	0.37766	0.03322	0.03861	0.10581	0.01513	0.04482	0.01381	0.16117	0.01404	0.01472	0.03519	0.00615	0.00537	0.00174	0.00737	0.00470	0.00366	0.00820
21	0.01490	0.00894	0.01072	0.00930	0.01216	0.00893	0.00729	0.02150	0.24303	0.23561	0.26007	0.03057	0.09367	0.00941	0.00618	0.00185	0.00390	0.00799	0.00629	0.00772
22	0.00922	0.00658	0.00922	0.01053	0.01185	0.00658	0.00922	0.01185	0.01317	0.01712	0.03029	0.06452	0.03292	0.01580	0.00790	0.00263	0.00527	0.72480	0.00527	0.00527
23	0.01529	0.80242	0.02997	0.00979	0.01468	0.02263	0.00979	0.01713	0.01162	0.01346	0.00795	0.00918	0.00734	0.00489	0.00367	0.00122	0.00612	0.00306	0.00245	0.00734
24	0.21586	0.07205	0.21371	0.12257	0.08018	0.01301	0.02959	0.03367	0.01247	0.10271	0.04516	0.01413	0.01017	0.00586	0.00504	0.00176	0.00637	0.00458	0.00352	0.00759
25	0.00737	0.00567	0.00674	0.00679	0.00818	0.00504	0.00497	0.00928	0.01401	0.01852	0.35517	0.18517	0.32461	0.01391	0.00685	0.00195	0.00289	0.01210	0.00573	0.00504
26	0.02043	0.01537	0.01643	0.01290	0.01724	0.01713	0.01055	0.61986	0.15339	0.03394	0.01540	0.01506	0.01107	0.00702	0.00574	0.00176	0.00599	0.00538	0.00574	0.00961
27	0.23361	0.10180	0.01572	0.01232	0.01546	0.42400	0.00975	0.04009	0.01381	0.01758	0.00856	0.01018	0.00713	0.00596	0.00556	0.00160	0.06351	0.00360	0.00310	0.00665
28	0.69805	0.01141	0.00993	0.04152	0.01294	0.01344	0.00733	0.05857	0.01073	0.02495	0.00836	0.01003	0.00655	0.00575	0.00484	0.00182	0.06037	0.00344	0.00355	0.00641
29	0.26484	0.03078	0.11235	0.15872	0.04947	0.01206	0.03560	0.03871	0.01263	0.16481	0.01327	0.01669	0.01012	0.00640	0.00515	0.00184	0.00605	0.04909	0.00398	0.00743
30	0.00832	0.00555	0.00624	0.00624	0.00624	0.00555	0.00347	0.00832	0.00832	0.01109	0.01802	0.03743	0.02080	0.79898	0.02911	0.00555	0.00555	0.00832	0.00347	0.00347
31	0.00697	0.00498	0.00664	0.00796	0.00830	0.00465	0.00531	0.00796	0.01095	0.01460	0.03153	0.79525	0.03783	0.01792	0.00730	0.00232	0.00332	0.01626	0.00531	0.00465
32	0.01176	0.01095	0.01610	0.57529	0.08514	0.05617	0.01419	0.01571	0.03798	0.01593	0.01152	0.01576	0.00882	0.00586	0.00550	0.00181	0.00707	0.00508	0.09283	0.00655

[dist]
# distance from previous block
# <min> <max>
6	13

[block]
# block no. 6 follows, 41 sequences, length 37
# corresponding to MSA columns:
# 395-431
name=unknown_G
#
# <colnr> <probs for GDERKNQSTAVLIFYWHMCP>
#	G	D	E	R	K	N	Q	S	T	A	V	L	I	F	Y	W	H	M	C	P
0	0.09336	0.01706	0.14918	0.01356	0.01858	0.03509	0.07198	0.36405	0.01965	0.09876	0.03666	0.03139	0.01122	0.00669	0.00561	0.00177	0.00658	0.00535	0.00477	0.00869
1	0.01443	0.29504	0.23430	0.05767	0.01954	0.05524	0.03578	0.03469	0.01261	0.05709	0.01009	0.01168	0.00794	0.00535	0.00504	0.00149	0.02501	0.00394	0.00293	0.11016
2	0.00972	0.00505	0.00729	0.00729	0.00729	0.00505	0.00476	0.00757	0.00757	0.01009	0.01103	0.02011	0.01141	0.12577	0.02327	0.72103	0.00505	0.00542	0.00262	0.00262
3	0.04943	0.01113	0.13313	0.00919	0.01281	0.00772	0.00853	0.01471	0.01437	0.10608	0.36128	0.02881	0.06232	0.00870	0.00584	0.00164	0.00423	0.00738	0.00509	0.14758
4	0.01147	0.02959	0.76934	0.01630	0.02476	0.01328	0.02113	0.01811	0.01208	0.01811	0.01026	0.01208	0.00725	0.00543	0.00543	0.00181	0.00845	0.00423	0.00242	0.00845
5	0.00746	0.00530	0.00704	0.00826	0.00874	0.00505	0.00583	0.00866	0.01112	0.01475	0.03022	0.60915	0.03561	0.08087	0.00917	0.00264	0.00383	0.13650	0.00515	0.00466
6	0.19937	0.05992	0.17312	0.01209	0.05035	0.06440	0.01103	0.03211	0.01209	0.04544	0.00989	0.01151	0.00777	0.00534	0.00518	0.00149	0.04187	0.00377	0.00324	0.25002
7	0.00994	0.00497	0.00745	0.00745	0.00745	0.00497	0.00497	0.00745	0.00745	0.00994	0.00994	0.01739	0.00994	0.01987	0.02235	0.83358	0.00497	0.00497	0.00248	0.00248
8	0.00697	0.00498	0.00664	0.00796	0.00830	0.00465	0.00531	0.00796	0.01095	0.01460	0.03153	0.79525	0.03783	0.01792	0.00730	0.00232	0.00332	0.01626	0.00531	0.00465
9	0.01475	0.01472	0.02264	0.03343	0.70190	0.07638	0.01702	0.01799	0.01329	0.01830	0.01060	0.01384	0.00892	0.00516	0.00562	0.00168	0.00709	0.00498	0.00284	0.00886
10	0.11770	0.18895	0.04387	0.01035	0.01488	0.03936	0.00917	0.07152	0.01508	0.41016	0.01608	0.01501	0.01092	0.00627	0.00499	0.00164	0.00551	0.00467	0.00523	0.00863
11	0.01360	0.01280	0.02164	0.03235	0.67887	0.01280	0.01662	0.01691	0.01304	0.01851	0.01295	0.01982	0.01174	0.00630	0.00591	0.00180	0.00662	0.08596	0.00310	0.00863
12	0.83938	0.01106	0.00841	0.00752	0.01106	0.01283	0.00619	0.01681	0.00973	0.02566	0.00796	0.00929	0.00619	0.00531	0.00354	0.00177	0.00442	0.00310	0.00354	0.00619
13	0.00817	0.00613	0.00919	0.00919	0.01021	0.00715	0.00715	0.01021	0.00919	0.01328	0.01532	0.02247	0.01430	0.04290	0.77631	0.00919	0.01532	0.00613	0.00306	0.00511
14	0.00817	0.00613	0.00919	0.00919	0.01021	0.00715	0.00715	0.01021	0.00919	0.01328	0.01532	0.02247	0.01430	0.04290	0.77631	0.00919	0.01532	0.00613	0.00306	0.00511
15	0.10543	0.01404	0.01430	0.01149	0.01528	0.04971	0.00932	0.46580	0.05929	0.04456	0.11515	0.01774	0.01587	0.00736	0.00556	0.00172	0.00558	0.00565	0.02767	0.00847
16	0.00730	0.00564	0.00675	0.00744	0.00866	0.00508	0.00556	0.00884	0.01242	0.01571	0.06971	0.32295	0.35023	0.01584	0.00715	0.00219	0.00345	0.13489	0.00534	0.00486
17	0.05984	0.02693	0.66330	0.01515	0.02305	0.01280	0.01909	0.01774	0.01192	0.01860	0.01012	0.01190	0.00728	0.00533	0.00523	0.00173	0.00788	0.00409	0.00256	0.07547
18	0.02206	0.01367	0.15249	0.01131	0.01635	0.00987	0.01074	0.07997	0.01618	0.53928	0.01945	0.01776	0.01257	0.00674	0.00561	0.00175	0.00554	0.00541	0.04397	0.00930
19	0.00831	0.00557	0.00634	0.00634	0.00638	0.00560	0.00360	0.00839	0.00835	0.01117	0.01793	0.03690	0.02056	0.77196	0.05581	0.00568	0.00589	0.00824	0.00345	0.00352
20	0.00808	0.00587	0.00727	0.00703	0.00852	0.00529	0.00527	0.01034	0.01501	0.03569	0.50932	0.09658	0.22446	0.01279	0.00679	0.00188	0.00289	0.02565	0.00598	0.00529
21	0.02319	0.00919	0.01248	0.00976	0.01375	0.00798	0.00798	0.02547	0.01635	0.66234	0.12656	0.02275	0.01977	0.00773	0.00589	0.00177	0.00456	0.00640	0.00697	0.00912
22	0.02137	0.02726	0.01621	0.01474	0.01768	0.77602	0.01105	0.02284	0.01621	0.01400	0.00884	0.01031	0.00737	0.00589	0.00516	0.00147	0.01031	0.00368	0.00295	0.00663
23	0.05956	0.01038	0.01690	0.60231	0.12852	0.01241	0.01495	0.01473	0.01133	0.01553	0.01010	0.01488	0.00785	0.00637	0.00648	0.04643	0.00719	0.00496	0.00263	0.00648
24	0.00737	0.00531	0.00686	0.00774	0.00836	0.00497	0.00537	0.00866	0.01176	0.01570	0.13339	0.52834	0.08876	0.08021	0.00900	0.00251	0.00352	0.06218	0.00529	0.00471
25	0.01147	0.02959	0.76934	0.01630	0.02476	0.01328	0.02113	0.01811	0.01208	0.01811	0.01026	0.01208	0.00725	0.00543	0.00543	0.00181	0.00845	0.00423	0.00242	0.00845
26	0.00778	0.00574	0.00711	0.00693	0.00819	0.00524	0.00504	0.00989	0.01455	0.01993	0.51265	0.10599	0.17854	0.07675	0.00861	0.00217	0.00302	0.01098	0.00581	0.00508
27	0.11056	0.01086	0.01338	0.01037	0.01472	0.01034	0.00856	0.13958	0.01733	0.57411	0.01964	0.01750	0.01262	0.00686	0.00551	0.00176	0.00505	0.00538	0.00649	0.00936
28	0.00717	0.00512	0.00686	0.00819	0.00861	0.00482	0.00565	0.00831	0.01115	0.01482	0.03142	0.73104	0.03740	0.01773	0.00735	0.00235	0.00349	0.07852	0.00531	0.00470
29	0.01073	0.00974	0.01637	0.72196	0.03680	0.01208	0.01500	0.01403	0.01111	0.01423	0.01015	0.01542	0.00781	0.00687	0.00707	0.06956	0.00741	0.00507	0.00254	0.00604
30	0.00957	0.00637	0.00823	0.00887	0.00992	0.00619	0.00647	0.06955	0.01287	0.06063	0.02939	0.58706	0.03350	0.01610	0.00716	0.00228	0.00392	0.11105	0.00544	0.00544
31	0.02389	0.01148	0.01424	0.01096	0.01533	0.01109	0.00904	0.24104	0.01950	0.52342	0.04536	0.01856	0.01421	0.00717	0.00578	0.00175	0.00522	0.00573	0.00665	0.00958
32	0.00994	0.00497	0.00745	0.00745	0.00745	0.00497	0.00497	0.00745	0.00745	0.00994	0.00994	0.01739	0.00994	0.01987	0.02235	0.83358	0.00497	0.00497	0.00248	0.00248
33	0.01058	0.00673	0.00906	0.07186	0.01241	0.00666	0.00718	0.01308	0.05543	0.11788	0.04789	0.42404	0.05263	0.04220	0.00769	0.00232	0.00423	0.09703	0.00531	0.00579
34	0.01969	0.02081	0.05890	0.01324	0.01665	0.43087	0.01068	0.11504	0.01656	0.11945	0.01299	0.04916	0.01055	0.00972	0.06816	0.00223	0.00903	0.00496	0.00396	0.00735
35	0.08293	0.01053	0.01226	0.02981	0.05696	0.02653	0.00849	0.12498	0.07984	0.18467	0.01687	0.03563	0.01286	0.02455	0.00671	0.00182	0.06687	0.00556	0.20452	0.00761
36	0.15519	0.01648	0.01573	0.01297	0.01641	0.25363	0.10473	0.08285	0.01464	0.08372	0.01280	0.03094	0.02427	0.00648	0.00590	0.00168	0.05020	0.00491	0.06139	0.04506

[dist]
# distance from previous block
# <min> <max>
10	30

[block]
# block no. 7 follows, 41 sequences, length 43
# corresponding to MSA columns:
# 470-512
name=unknown_H
#
# <colnr> <probs for GDERKNQSTAVLIFYWHMCP>
#	G	D	E	R	K	N	Q	S	T	A	V	L	I	F	Y	W	H	M	C	P
0	0.09488	0.04129	0.09594	0.01317	0.02930	0.28419	0.01102	0.19720	0.04915	0.05584	0.01224	0.02760	0.00982	0.04616	0.00644	0.00185	0.00755	0.00473	0.00399	0.00766
1	0.05992	0.06964	0.01459	0.01274	0.08991	0.10250	0.00923	0.05010	0.04320	0.30072	0.11330	0.04225	0.03473	0.00776	0.00565	0.00173	0.00548	0.02324	0.00530	0.00801
2	0.03330	0.00901	0.01143	0.00929	0.01266	0.00836	0.00748	0.08260	0.03710	0.41315	0.22583	0.02780	0.07905	0.00885	0.00606	0.00179	0.00423	0.00739	0.00652	0.00811
3	0.59024	0.01141	0.01036	0.00869	0.01252	0.01260	0.00717	0.10636	0.01303	0.16434	0.01136	0.01171	0.00810	0.00582	0.00421	0.00176	0.00473	0.00384	0.00446	0.00728
4	0.01104	0.00705	0.00881	0.00871	0.03448	0.00648	0.00634	0.04915	0.01465	0.13027	0.22100	0.17843	0.24789	0.01266	0.00666	0.00195	0.00361	0.03898	0.00576	0.00607
5	0.14509	0.01026	0.01260	0.01000	0.01416	0.00973	0.00825	0.05838	0.05276	0.56642	0.02025	0.01902	0.01345	0.00708	0.00548	0.00180	0.00486	0.02498	0.00638	0.00905
6	0.02332	0.01134	0.01359	0.01068	0.01480	0.04827	0.00871	0.13224	0.03814	0.54869	0.07250	0.01985	0.01606	0.00733	0.00579	0.00175	0.00519	0.00590	0.00658	0.00925
7	0.02141	0.02591	0.01632	0.01455	0.01769	0.68481	0.01103	0.10961	0.01749	0.01665	0.00943	0.01073	0.00765	0.00601	0.00523	0.00150	0.00983	0.00386	0.00328	0.00700
8	0.01412	0.00754	0.00960	0.00838	0.01083	0.00691	0.00649	0.04286	0.03577	0.25999	0.30948	0.10691	0.12152	0.02472	0.00681	0.00192	0.00371	0.00932	0.00625	0.00687
9	0.00810	0.00571	0.00686	0.00686	0.00732	0.00582	0.00441	0.00874	0.00909	0.01211	0.02221	0.03614	0.10834	0.53223	0.19679	0.00594	0.00746	0.00827	0.00360	0.00400
10	0.10964	0.00570	0.00755	0.00747	0.00790	0.00591	0.00512	0.00859	0.00780	0.01192	0.01014	0.03225	0.01005	0.01808	0.01979	0.71660	0.00487	0.00497	0.00267	0.00297
11	0.01145	0.01083	0.01833	0.64033	0.17923	0.01288	0.01621	0.01518	0.01174	0.01540	0.01028	0.01504	0.00790	0.00560	0.00571	0.00187	0.00746	0.00509	0.00260	0.00688
12	0.01318	0.01429	0.09693	0.08457	0.53792	0.01288	0.01652	0.01747	0.04757	0.01874	0.04952	0.01745	0.01220	0.00598	0.00578	0.00177	0.00666	0.02892	0.00316	0.00849
13	0.01305	0.01230	0.02078	0.08652	0.61972	0.01245	0.01596	0.01619	0.01266	0.01790	0.01321	0.10819	0.01242	0.00668	0.00586	0.00179	0.00644	0.00644	0.00311	0.00833
14	0.74790	0.01091	0.00895	0.00782	0.01146	0.01233	0.00644	0.01806	0.01048	0.10904	0.00961	0.01044	0.00709	0.00551	0.00379	0.00177	0.00447	0.00340	0.00394	0.00659
15	0.01073	0.00573	0.00607	0.00595	0.00735	0.00588	0.00452	0.03442	0.01215	0.02094	0.01818	0.02122	0.01448	0.01035	0.08259	0.00214	0.00406	0.00541	0.72240	0.00544
16	0.00955	0.00610	0.00781	0.00743	0.00902	0.00551	0.00555	0.01175	0.01494	0.09742	0.47146	0.16151	0.14490	0.01259	0.00673	0.00190	0.00305	0.01105	0.00608	0.00565
17	0.01602	0.70918	0.02832	0.01038	0.01504	0.11325	0.00994	0.01781	0.01217	0.01352	0.00806	0.00931	0.00734	0.00501	0.00385	0.00125	0.00662	0.00313	0.00251	0.00726
18	0.01023	0.00524	0.00769	0.00759	0.00771	0.00528	0.00511	0.02565	0.00793	0.01058	0.01003	0.01730	0.00993	0.01955	0.02194	0.81303	0.00500	0.00497	0.00256	0.00266
19	0.00982	0.00501	0.00736	0.00736	0.00736	0.00501	0.00486	0.00751	0.00751	0.01002	0.01052	0.01885	0.01073	0.07666	0.02285	0.77323	0.00501	0.00521	0.00256	0.00256
20	0.13618	0.05025	0.06418	0.01201	0.05171	0.00998	0.06421	0.03376	0.01366	0.14666	0.11493	0.07298	0.03843	0.00951	0.00605	0.00197	0.00527	0.15649	0.00483	0.00693
21	0.15161	0.01782	0.07118	0.21702	0.13829	0.25835	0.01329	0.01831	0.01291	0.01711	0.00941	0.01221	0.00750	0.00570	0.00549	0.00172	0.02800	0.00424	0.00287	0.00699
22	0.00719	0.00514	0.00690	0.00822	0.00865	0.00484	0.00570	0.00835	0.01117	0.01485	0.03140	0.72206	0.03734	0.01771	0.00736	0.00235	0.00351	0.08723	0.00531	0.00471
23	0.03951	0.58820	0.11786	0.01036	0.01567	0.01938	0.01071	0.01691	0.01165	0.01502	0.00850	0.00986	0.00743	0.00489	0.00395	0.00127	0.00613	0.00324	0.00259	0.10687
24	0.01479	0.06270	0.07177	0.00999	0.01385	0.01026	0.00861	0.03508	0.11086	0.17302	0.01649	0.05799	0.01353	0.06898	0.02869	0.00205	0.03489	0.00563	0.03551	0.22530
25	0.11957	0.01351	0.13416	0.09785	0.01819	0.01126	0.02958	0.10852	0.04274	0.20041	0.03727	0.01651	0.01186	0.00639	0.00522	0.00172	0.00563	0.00510	0.10400	0.03051
26	0.02638	0.00941	0.01108	0.01014	0.01253	0.01015	0.02402	0.06262	0.29163	0.02247	0.23747	0.03523	0.08334	0.01043	0.00669	0.00199	0.01971	0.11200	0.00566	0.00705
27	0.01165	0.01108	0.01846	0.56331	0.18975	0.01329	0.01596	0.01516	0.01155	0.01540	0.01007	0.01479	0.00792	0.00594	0.00679	0.00191	0.07237	0.00508	0.00260	0.00692
28	0.11277	0.01183	0.03779	0.19987	0.31014	0.01208	0.03094	0.01725	0.03450	0.07481	0.09040	0.01741	0.01367	0.00619	0.00557	0.00179	0.00617	0.00551	0.00361	0.00770
29	0.04161	0.01489	0.01985	0.19865	0.42744	0.13625	0.01544	0.01821	0.04108	0.01744	0.01070	0.01390	0.00869	0.00547	0.00553	0.00172	0.00739	0.00485	0.00292	0.00797
30	0.00826	0.00613	0.00720	0.00714	0.00872	0.00560	0.00545	0.01045	0.03015	0.03559	0.25782	0.04945	0.34673	0.08658	0.00895	0.00232	0.00350	0.10932	0.00548	0.00514
31	0.01001	0.00684	0.00800	0.00828	0.00912	0.00639	0.00566	0.01023	0.01147	0.01551	0.02959	0.17954	0.16385	0.24410	0.04830	0.09718	0.00532	0.07041	0.06505	0.00516
32	0.09704	0.06722	0.02881	0.12898	0.10777	0.03924	0.02677	0.04341	0.23110	0.01988	0.03722	0.08703	0.02825	0.02553	0.00609	0.00192	0.00564	0.00646	0.00418	0.00745
33	0.01718	0.01048	0.01191	0.01010	0.01319	0.02857	0.00804	0.19510	0.10700	0.21666	0.08395	0.10517	0.03015	0.00901	0.00589	0.00182	0.00469	0.03441	0.09875	0.00794
34	0.07459	0.00718	0.00807	0.00771	0.00916	0.00732	0.00545	0.01362	0.11252	0.06366	0.15285	0.11926	0.09111	0.26926	0.03110	0.00328	0.00452	0.00903	0.00487	0.00545
35	0.00811	0.00583	0.00727	0.00779	0.00848	0.00572	0.00530	0.04533	0.01152	0.01539	0.06805	0.46089	0.07829	0.17398	0.06755	0.00338	0.00473	0.01280	0.00485	0.00475
36	0.59209	0.01109	0.02628	0.00844	0.01207	0.01187	0.00714	0.05454	0.01184	0.13020	0.01189	0.01424	0.00918	0.00622	0.00424	0.00179	0.00465	0.03986	0.03552	0.00684
37	0.01330	0.01253	0.02111	0.06014	0.64512	0.01257	0.01603	0.01663	0.01335	0.01904	0.10089	0.01763	0.01441	0.00591	0.00580	0.00172	0.00633	0.00573	0.00324	0.00852
38	0.10368	0.01121	0.01326	0.06687	0.01614	0.01164	0.00901	0.18108	0.10601	0.32234	0.04606	0.01807	0.01383	0.00699	0.00548	0.00177	0.00510	0.00554	0.04726	0.00866
39	0.02241	0.00939	0.01220	0.00965	0.01352	0.00854	0.00787	0.04905	0.05577	0.58388	0.05133	0.02053	0.01584	0.00724	0.00558	0.00173	0.00454	0.00590	0.10601	0.00899
40	0.01421	0.01413	0.02087	0.04738	0.60073	0.08399	0.01570	0.01759	0.02904	0.01827	0.03955	0.01683	0.04454	0.00590	0.00571	0.00170	0.00677	0.00549	0.00313	0.00845
41	0.01736	0.01194	0.01385	0.05004	0.01587	0.03327	0.00934	0.31696	0.04246	0.14054	0.01582	0.03831	0.01242	0.03227	0.17225	0.00340	0.00792	0.00572	0.00493	0.05534
42	0.00770	0.00808	0.09856	0.00895	0.01040	0.00582	0.00733	0.00961	0.01174	0.01603	0.11087	0.59667	0.03583	0.01566	0.00703	0.00221	0.00392	0.03332	0.00507	0.00521

[dist]
# distance from previous block
# <min> <max>
0	29

[block]
# block no. 8 follows, 41 sequences, length 10
# corresponding to MSA columns:
# 542-551
name=unknown_I
#
# <colnr> <probs for GDERKNQSTAVLIFYWHMCP>
#	G	D	E	R	K	N	Q	S	T	A	V	L	I	F	Y	W	H	M	C	P
0	0.01471	0.00927	0.01074	0.00937	0.01234	0.00940	0.00735	0.02211	0.29350	0.21495	0.15407	0.03103	0.16765	0.00956	0.00614	0.00187	0.00399	0.00803	0.00613	0.00779
1	0.06633	0.02864	0.01355	0.06117	0.07548	0.18195	0.00984	0.01732	0.02910	0.11555	0.01661	0.11353	0.01559	0.03181	0.07833	0.00267	0.05848	0.07335	0.00405	0.00665
2	0.01255	0.19533	0.53977	0.01665	0.09144	0.01534	0.01834	0.01785	0.01207	0.01716	0.00981	0.01164	0.00744	0.00529	0.00507	0.00167	0.00779	0.00405	0.00246	0.00827
3	0.00802	0.00647	0.00726	0.00726	0.00902	0.00605	0.00552	0.01132	0.09124	0.01789	0.18992	0.11881	0.41695	0.01365	0.00680	0.00200	0.00325	0.06759	0.00556	0.00540
4	0.03829	0.00605	0.00740	0.00775	0.00882	0.00580	0.00543	0.01088	0.04611	0.05407	0.16814	0.42168	0.09364	0.08785	0.00891	0.00243	0.00355	0.01263	0.00537	0.00520
5	0.04140	0.01633	0.13024	0.19855	0.31012	0.10268	0.01583	0.01782	0.04287	0.01749	0.01163	0.01608	0.00960	0.00599	0.00562	0.00179	0.00740	0.03777	0.00297	0.00779
