[name]
unknown

[dist]
# distance from previous block
# <min> <max>
0	69

[block]
# block no. 0 follows, 46 sequences, length 53
# corresponding to MSA columns:
# 72-124
name=unknown_A
#
# <colnr> <probs for GDERKNQSTAVLIFYWHMCP>
#	G	D	E	R	K	N	Q	S	T	A	V	L	I	F	Y	W	H	M	C	P
0	0.03133	0.00756	0.00991	0.07339	0.05599	0.00736	0.00779	0.04331	0.02845	0.16144	0.02935	0.10177	0.21735	0.01074	0.00606	0.00189	0.00432	0.17720	0.00483	0.01997
1	0.08723	0.06533	0.05407	0.10252	0.14173	0.01187	0.08374	0.05031	0.09857	0.10621	0.02831	0.02981	0.02222	0.00581	0.00520	0.00159	0.01816	0.00500	0.00367	0.07865
2	0.02844	0.11559	0.28866	0.01251	0.01738	0.01173	0.08975	0.03108	0.05486	0.12885	0.03549	0.10490	0.01293	0.00762	0.02398	0.00184	0.01779	0.00581	0.00359	0.00722
3	0.01004	0.00579	0.00751	0.00760	0.00896	0.00529	0.00552	0.01174	0.03001	0.16273	0.10502	0.47029	0.10799	0.01347	0.00635	0.00196	0.00330	0.02568	0.00532	0.00539
4	0.02976	0.00681	0.04307	0.00767	0.00923	0.00576	0.00593	0.02823	0.01130	0.11616	0.07676	0.32375	0.13680	0.04674	0.00879	0.10443	0.00377	0.02539	0.00464	0.00501
5	0.00913	0.00461	0.00684	0.00684	0.00684	0.00461	0.00454	0.00692	0.00692	0.00922	0.00946	0.01677	0.00956	0.04826	0.02090	0.81460	0.00461	0.00471	0.00233	0.00233
6	0.00941	0.00592	0.00727	0.00690	0.00781	0.00582	0.00471	0.01061	0.02533	0.09153	0.12978	0.08677	0.05210	0.42311	0.05807	0.00384	0.02144	0.02535	0.00415	0.02008
7	0.01194	0.00746	0.00873	0.00776	0.00914	0.00767	0.00548	0.14123	0.04043	0.09962	0.03427	0.02753	0.01679	0.42707	0.03283	0.07640	0.00520	0.03134	0.00404	0.00508
8	0.18482	0.00821	0.00959	0.00843	0.01111	0.00807	0.00657	0.07157	0.01294	0.32011	0.02028	0.27895	0.01857	0.00953	0.00538	0.00180	0.00404	0.00801	0.00525	0.00677
9	0.01097	0.00629	0.00792	0.00719	0.00915	0.00566	0.00550	0.01329	0.03496	0.19376	0.34289	0.12189	0.19776	0.01093	0.00606	0.00174	0.00310	0.00944	0.00567	0.00581
10	0.02275	0.00985	0.01272	0.00978	0.01383	0.00909	0.00807	0.14405	0.01669	0.64590	0.03753	0.01765	0.01330	0.00661	0.00533	0.00163	0.00466	0.00533	0.00632	0.00890
11	0.01470	0.01072	0.01178	0.01031	0.01336	0.01192	0.00806	0.04712	0.58665	0.14284	0.03659	0.02022	0.01627	0.03744	0.00619	0.00188	0.00428	0.00598	0.00549	0.00822
12	0.01160	0.00603	0.00646	0.00597	0.00762	0.00602	0.00453	0.04898	0.03745	0.09552	0.01834	0.02084	0.03152	0.05577	0.00546	0.00156	0.00305	0.00531	0.62243	0.00552
13	0.00698	0.00538	0.00628	0.00619	0.00757	0.00480	0.00461	0.00877	0.01299	0.01705	0.36015	0.06287	0.36804	0.06134	0.00757	0.00198	0.00286	0.04476	0.00519	0.00463
14	0.01308	0.01256	0.02146	0.03245	0.78123	0.01256	0.01622	0.01622	0.01204	0.01727	0.00994	0.01308	0.00837	0.00471	0.00523	0.00157	0.00628	0.00471	0.00262	0.00837
15	0.00818	0.00514	0.00672	0.00731	0.00811	0.00472	0.00505	0.00931	0.01098	0.08573	0.08918	0.59731	0.07583	0.05065	0.00745	0.00217	0.00322	0.01314	0.00506	0.00475
16	0.00647	0.00462	0.00616	0.00734	0.00767	0.00431	0.00491	0.00743	0.01025	0.01370	0.04865	0.79068	0.03535	0.01641	0.00673	0.00213	0.00305	0.01489	0.00493	0.00431
17	0.00648	0.00463	0.00617	0.00734	0.00768	0.00432	0.00491	0.00745	0.01028	0.01375	0.05426	0.78490	0.03547	0.01637	0.00673	0.00213	0.00305	0.01485	0.00494	0.00432
18	0.00666	0.00536	0.00583	0.00572	0.00726	0.00464	0.00423	0.00822	0.01257	0.01588	0.24317	0.04695	0.54334	0.05792	0.00741	0.00194	0.00277	0.01054	0.00505	0.00453
19	0.01096	0.00940	0.01096	0.00783	0.01253	0.00705	0.00626	0.01331	0.01096	0.01723	0.00940	0.01096	0.00783	0.00392	0.00392	0.00078	0.00392	0.00313	0.00313	0.84653
20	0.01915	0.01260	0.01405	0.01118	0.01506	0.01360	0.00910	0.40758	0.21299	0.20214	0.01681	0.01570	0.01175	0.00660	0.00532	0.00165	0.00510	0.00520	0.00560	0.00883
21	0.00801	0.00614	0.00902	0.00883	0.00980	0.00727	0.00692	0.02596	0.00883	0.01275	0.01379	0.02016	0.01283	0.03749	0.73960	0.00805	0.05123	0.00560	0.00286	0.00486
22	0.01075	0.01043	0.01611	0.43242	0.04051	0.01376	0.01331	0.01321	0.00949	0.01323	0.00830	0.01294	0.00702	0.00706	0.01071	0.00201	0.36586	0.00467	0.00234	0.00588
23	0.02010	0.01481	0.01587	0.01216	0.01639	0.01639	0.01005	0.76360	0.02486	0.03332	0.01269	0.01269	0.00899	0.00635	0.00529	0.00159	0.00582	0.00476	0.00529	0.00899
24	0.01315	0.01136	0.01195	0.01076	0.01375	0.01315	0.00837	0.02809	0.77168	0.02211	0.02152	0.01972	0.01614	0.00717	0.00538	0.00179	0.00418	0.00598	0.00538	0.00837
25	0.01413	0.81739	0.02770	0.00905	0.01357	0.02092	0.00905	0.01583	0.01074	0.01244	0.00735	0.00848	0.00678	0.00452	0.00339	0.00113	0.00565	0.00283	0.00226	0.00678
26	0.00762	0.00510	0.00579	0.00586	0.00587	0.00508	0.00330	0.00767	0.00783	0.01043	0.01737	0.07866	0.02011	0.76892	0.02576	0.00496	0.00501	0.00810	0.00330	0.00327
27	0.01118	0.15705	0.66219	0.01408	0.02135	0.01370	0.01781	0.01659	0.01109	0.01604	0.00914	0.01072	0.00671	0.00494	0.00475	0.00158	0.00746	0.00373	0.00224	0.00764
28	0.00765	0.00559	0.00725	0.00671	0.00812	0.00509	0.00505	0.01013	0.01478	0.02101	0.74220	0.03815	0.04790	0.01048	0.00613	0.00162	0.00256	0.00926	0.00569	0.04465
29	0.01154	0.01146	0.01595	0.01359	0.01382	0.01576	0.01132	0.01275	0.00823	0.01293	0.00706	0.01154	0.00698	0.00900	0.01672	0.00224	0.76680	0.00456	0.00235	0.04540
30	0.00998	0.00940	0.01586	0.80150	0.03641	0.01175	0.01468	0.01351	0.01057	0.01351	0.00940	0.01409	0.00705	0.00529	0.00529	0.00176	0.00705	0.00470	0.00235	0.00587
31	0.01371	0.01527	0.01451	0.01291	0.01400	0.28103	0.01029	0.01506	0.01052	0.01272	0.00855	0.01238	0.00793	0.01294	0.14042	0.00300	0.40211	0.00438	0.00254	0.00573
32	0.00918	0.00459	0.00689	0.00689	0.00689	0.00459	0.00459	0.00689	0.00689	0.00918	0.00918	0.01607	0.00918	0.01837	0.02066	0.84619	0.00459	0.00459	0.00230	0.00230
33	0.00669	0.00469	0.00619	0.00736	0.00775	0.00441	0.00502	0.00776	0.01026	0.01389	0.02854	0.73930	0.03377	0.01599	0.00663	0.00212	0.00312	0.04880	0.04336	0.00435
34	0.02356	0.00924	0.01242	0.00952	0.01362	0.00814	0.00787	0.05722	0.01555	0.75285	0.02051	0.01777	0.01291	0.00653	0.00532	0.00163	0.00455	0.00529	0.00649	0.00900
35	0.00688	0.00537	0.00636	0.00688	0.00799	0.00488	0.00483	0.00866	0.04647	0.01432	0.03598	0.48945	0.27789	0.01454	0.00640	0.00195	0.00303	0.01282	0.00485	0.04044
36	0.01315	0.01136	0.01195	0.01076	0.01375	0.01315	0.00837	0.02809	0.77168	0.02211	0.02152	0.01972	0.01614	0.00717	0.00538	0.00179	0.00418	0.00598	0.00538	0.00837
37	0.01360	0.01315	0.01605	0.01358	0.01448	0.07588	0.01121	0.13730	0.01139	0.01614	0.00798	0.01160	0.00727	0.00848	0.01439	0.00212	0.61166	0.00455	0.00284	0.00634
38	0.02069	0.01351	0.01502	0.01155	0.01572	0.01451	0.00953	0.59133	0.04039	0.19091	0.01461	0.01397	0.01002	0.00641	0.00530	0.00160	0.00550	0.00491	0.00555	0.00898
39	0.00644	0.00460	0.00613	0.00736	0.00767	0.00429	0.00491	0.00736	0.01012	0.01350	0.02914	0.81076	0.03497	0.01656	0.00675	0.00215	0.00307	0.01503	0.00491	0.00429
40	0.01139	0.00965	0.01119	0.00803	0.01271	0.00749	0.00644	0.04846	0.01161	0.01798	0.00955	0.01104	0.00788	0.00403	0.00398	0.00082	0.00400	0.00321	0.00323	0.80729
41	0.00932	0.00536	0.00718	0.00767	0.00863	0.00490	0.00538	0.01050	0.01116	0.14048	0.06086	0.64656	0.03203	0.01466	0.00649	0.00204	0.00328	0.01319	0.00522	0.00510
42	0.01744	0.01281	0.01521	0.14175	0.03705	0.01416	0.01052	0.45580	0.07033	0.09038	0.01304	0.01373	0.00937	0.00617	0.00557	0.00162	0.02802	0.00480	0.00467	0.04757
43	0.01224	0.05148	0.05500	0.19044	0.10161	0.04462	0.39241	0.01601	0.01176	0.01562	0.00984	0.01338	0.00763	0.00498	0.00628	0.00173	0.05023	0.00530	0.00254	0.00688
44	0.04509	0.00483	0.00692	0.00689	0.00703	0.00490	0.00464	0.00726	0.00698	0.00980	0.00911	0.01575	0.00904	0.01779	0.01992	0.81019	0.00457	0.00452	0.00234	0.00244
45	0.00755	0.00566	0.00850	0.00850	0.00944	0.00661	0.00661	0.00944	0.00850	0.01227	0.01416	0.02077	0.01322	0.03965	0.79326	0.00850	0.01416	0.00566	0.00283	0.00472
46	0.01367	0.00994	0.01099	0.00945	0.01182	0.01078	0.00718	0.27385	0.17876	0.05367	0.05378	0.10177	0.01772	0.19705	0.02339	0.00263	0.00495	0.00701	0.00482	0.00677
47	0.01413	0.81739	0.02770	0.00905	0.01357	0.02092	0.00905	0.01583	0.01074	0.01244	0.00735	0.00848	0.00678	0.00452	0.00339	0.00113	0.00565	0.00283	0.00226	0.00678
48	0.01385	0.03413	0.42308	0.02811	0.01903	0.01082	0.04500	0.01899	0.06243	0.20866	0.01644	0.01655	0.06694	0.00614	0.00524	0.00168	0.00635	0.00503	0.00374	0.00781
49	0.01538	0.01246	0.01321	0.01121	0.01460	0.01419	0.00891	0.26426	0.53188	0.02571	0.01868	0.01747	0.01384	0.00691	0.00535	0.00173	0.00471	0.00559	0.00535	0.00857
50	0.02026	0.01454	0.01570	0.01204	0.01626	0.01600	0.00994	0.72978	0.02441	0.06778	0.01307	0.01294	0.00918	0.00636	0.00529	0.00159	0.00576	0.00479	0.00535	0.00899
51	0.01122	0.01262	0.10492	0.01244	0.01757	0.00924	0.20626	0.01452	0.01136	0.01701	0.01020	0.03023	0.00837	0.00447	0.00472	0.00118	0.00565	0.00431	0.00295	0.51076
52	0.00921	0.00461	0.00680	0.00680	0.00685	0.00461	0.00455	0.00714	0.00708	0.00967	0.00955	0.01624	0.00938	0.01781	0.01988	0.80745	0.00449	0.00461	0.04087	0.00242

[dist]
# distance from previous block
# <min> <max>
0	1

[block]
# block no. 1 follows, 46 sequences, length 36
# corresponding to MSA columns:
# 126-161
name=unknown_B
#
# <colnr> <probs for GDERKNQSTAVLIFYWHMCP>
#	G	D	E	R	K	N	Q	S	T	A	V	L	I	F	Y	W	H	M	C	P
0	0.01294	0.01116	0.01186	0.01047	0.01363	0.01255	0.00816	0.02664	0.69719	0.02164	0.02033	0.01887	0.01532	0.00685	0.00524	0.00169	0.00416	0.00570	0.00516	0.09044
1	0.00644	0.00460	0.00613	0.00736	0.00767	0.00429	0.00491	0.00736	0.01012	0.01350	0.02914	0.81076	0.03497	0.01656	0.00675	0.00215	0.00307	0.01503	0.00491	0.00429
2	0.01413	0.81739	0.02770	0.00905	0.01357	0.02092	0.00905	0.01583	0.01074	0.01244	0.00735	0.00848	0.00678	0.00452	0.00339	0.00113	0.00565	0.00283	0.00226	0.00678
3	0.00755	0.00566	0.00850	0.00850	0.00944	0.00661	0.00661	0.00944	0.00850	0.01227	0.01416	0.02077	0.01322	0.03965	0.79326	0.00850	0.01416	0.00566	0.00283	0.00472
4	0.01096	0.00940	0.01096	0.00783	0.01253	0.00705	0.00626	0.01331	0.01096	0.01723	0.00940	0.01096	0.00783	0.00392	0.00392	0.00078	0.00392	0.00313	0.00313	0.84653
5	0.01096	0.00940	0.01096	0.00783	0.01253	0.00705	0.00626	0.01331	0.01096	0.01723	0.00940	0.01096	0.00783	0.00392	0.00392	0.00078	0.00392	0.00313	0.00313	0.84653
6	0.00738	0.00500	0.00586	0.00616	0.00623	0.00492	0.00362	0.00761	0.00828	0.01104	0.01970	0.22406	0.02306	0.61951	0.02199	0.00440	0.00462	0.00948	0.00362	0.00347
7	0.00769	0.00513	0.00577	0.00577	0.00577	0.00513	0.00320	0.00769	0.00769	0.01025	0.01666	0.03460	0.01922	0.81421	0.02691	0.00513	0.00513	0.00769	0.00320	0.00320
8	0.02372	0.00900	0.01227	0.00941	0.01350	0.00777	0.00777	0.02576	0.01513	0.78489	0.02086	0.01799	0.01309	0.00654	0.00532	0.00164	0.00450	0.00532	0.00654	0.00900
9	0.00811	0.00638	0.00937	0.00898	0.00981	0.00754	0.02119	0.00978	0.00857	0.01243	0.01411	0.04793	0.01373	0.10530	0.57785	0.00700	0.09952	0.00605	0.02162	0.00473
10	0.00762	0.00513	0.00594	0.00600	0.00607	0.00517	0.00349	0.00777	0.00786	0.01053	0.01714	0.07279	0.01966	0.72918	0.07037	0.00517	0.00555	0.00794	0.00327	0.00335
11	0.01274	0.02327	0.54223	0.01533	0.02213	0.01324	0.10478	0.16778	0.01408	0.02012	0.01028	0.01183	0.00732	0.00522	0.00522	0.00167	0.00754	0.00435	0.00290	0.00797
12	0.00956	0.00870	0.01383	0.48026	0.04828	0.01073	0.01195	0.01215	0.00992	0.01324	0.01208	0.10424	0.01135	0.05269	0.07402	0.00261	0.11007	0.00608	0.00272	0.00552
13	0.00703	0.00499	0.00582	0.00624	0.00663	0.00474	0.00391	0.00756	0.00923	0.01201	0.02695	0.29912	0.14974	0.41316	0.01670	0.00357	0.00403	0.01074	0.00406	0.00378
14	0.00644	0.00460	0.00613	0.00736	0.00767	0.00429	0.00491	0.00736	0.01012	0.01350	0.02914	0.81076	0.03497	0.01656	0.00675	0.00215	0.00307	0.01503	0.00491	0.00429
15	0.02084	0.01362	0.01513	0.01160	0.01580	0.01463	0.00958	0.61294	0.02287	0.18679	0.01436	0.01377	0.00983	0.00639	0.00529	0.00160	0.00555	0.00487	0.00554	0.00899
16	0.00694	0.00513	0.00627	0.00676	0.00737	0.00492	0.00459	0.00787	0.01014	0.01329	0.07085	0.37713	0.17859	0.20694	0.03428	0.00295	0.02094	0.02644	0.00443	0.00416
17	0.00951	0.00696	0.00805	0.00671	0.00872	0.00598	0.00457	0.01051	0.00924	0.03760	0.01388	0.02460	0.01446	0.46388	0.01701	0.00327	0.00462	0.00579	0.00328	0.34135
18	0.02372	0.00900	0.01227	0.00941	0.01350	0.00777	0.00777	0.02576	0.01513	0.78489	0.02086	0.01799	0.01309	0.00654	0.00532	0.00164	0.00450	0.00532	0.00654	0.00900
19	0.03106	0.01334	0.01456	0.08131	0.01685	0.09741	0.02742	0.25088	0.08991	0.04251	0.01154	0.01293	0.00890	0.00660	0.01814	0.00166	0.10977	0.00445	0.00389	0.15688
20	0.00924	0.00566	0.00768	0.02994	0.03168	0.00538	0.00568	0.01031	0.01059	0.11207	0.05032	0.48711	0.03997	0.11629	0.02694	0.02607	0.00398	0.01152	0.00467	0.00490
21	0.00695	0.00523	0.00638	0.00641	0.00759	0.00471	0.00466	0.00875	0.01302	0.01750	0.41295	0.19285	0.24546	0.03503	0.00691	0.00189	0.00273	0.01101	0.00532	0.00466
22	0.09614	0.73835	0.02575	0.00884	0.01324	0.02003	0.00872	0.01580	0.01057	0.01354	0.00735	0.00849	0.00668	0.00456	0.00338	0.00118	0.00550	0.00283	0.00236	0.00668
23	0.09551	0.00961	0.01098	0.00824	0.01251	0.00822	0.00664	0.05189	0.03890	0.12957	0.03754	0.01310	0.01016	0.00486	0.00425	0.00109	0.00407	0.00382	0.00391	0.54513
24	0.01298	0.01134	0.01710	0.06358	0.05464	0.01216	0.18587	0.09118	0.20941	0.06396	0.04172	0.02029	0.09837	0.00719	0.00685	0.00179	0.08390	0.00630	0.00414	0.00722
25	0.00707	0.00572	0.00650	0.00659	0.00831	0.00492	0.00505	0.00859	0.01162	0.01465	0.04119	0.18353	0.46292	0.01320	0.00626	0.00185	0.00318	0.11717	0.00473	0.08695
26	0.00945	0.00670	0.00830	0.00746	0.00916	0.00656	0.00572	0.08506	0.05040	0.04484	0.64676	0.03533	0.04326	0.01008	0.00608	0.00166	0.00296	0.00880	0.00577	0.00565
27	0.01476	0.37675	0.02121	0.03838	0.01513	0.09004	0.01017	0.13240	0.01263	0.01586	0.00822	0.01025	0.00718	0.00618	0.00759	0.00156	0.21839	0.00372	0.00279	0.00677
28	0.00664	0.00495	0.00638	0.00722	0.00779	0.00470	0.00498	0.00774	0.01069	0.01416	0.08875	0.62835	0.13504	0.01550	0.00693	0.00207	0.02500	0.01381	0.00491	0.00441
29	0.01041	0.00998	0.01491	0.07358	0.01596	0.02375	0.12166	0.01281	0.02527	0.01495	0.05038	0.10575	0.05280	0.00965	0.04455	0.00209	0.24648	0.00640	0.00320	0.15542
30	0.01252	0.03593	0.07257	0.17184	0.09255	0.09019	0.04790	0.06160	0.01279	0.05052	0.14691	0.02986	0.01560	0.00705	0.00723	0.00174	0.12768	0.00558	0.00344	0.00651
31	0.61957	0.00951	0.00822	0.00720	0.01042	0.01029	0.00579	0.01476	0.00960	0.04762	0.01024	0.08780	0.00914	0.00596	0.00377	0.00156	0.00398	0.00418	0.00352	0.12686
32	0.01029	0.10817	0.01231	0.03642	0.01206	0.00869	0.06075	0.08445	0.01211	0.05672	0.02205	0.49277	0.02441	0.01206	0.00598	0.00188	0.00430	0.01080	0.00442	0.01935
33	0.04329	0.13609	0.01572	0.01139	0.01476	0.41746	0.00905	0.06144	0.01413	0.10855	0.00997	0.01089	0.00783	0.00570	0.00499	0.02560	0.00729	0.00362	0.00331	0.08891
34	0.00939	0.00721	0.00960	0.00868	0.01059	0.00761	0.00681	0.08394	0.01052	0.01517	0.01322	0.01852	0.01197	0.04631	0.55945	0.00638	0.01133	0.00517	0.00313	0.15499
35	0.04161	0.04283	0.01622	0.03353	0.19857	0.04817	0.01070	0.26325	0.02939	0.09982	0.01171	0.01276	0.00882	0.00555	0.00531	0.00147	0.03094	0.00439	0.00401	0.13093

[dist]
# distance from previous block
# <min> <max>
1	6

[block]
# block no. 2 follows, 46 sequences, length 26
# corresponding to MSA columns:
# 168-193
name=unknown_C
#
# <colnr> <probs for GDERKNQSTAVLIFYWHMCP>
#	G	D	E	R	K	N	Q	S	T	A	V	L	I	F	Y	W	H	M	C	P
0	0.01707	0.01200	0.01406	0.01221	0.07464	0.01227	0.00911	0.34839	0.10041	0.13592	0.01465	0.04519	0.01111	0.00628	0.00510	0.00149	0.00502	0.00507	0.00485	0.16515
1	0.01199	0.00721	0.00945	0.00833	0.01028	0.00729	0.00654	0.01543	0.08670	0.19366	0.40376	0.02895	0.03167	0.01242	0.08932	0.00243	0.05539	0.00753	0.00540	0.00625
2	0.00670	0.00517	0.00612	0.00631	0.00753	0.00459	0.00457	0.00830	0.01248	0.01632	0.28253	0.24995	0.34362	0.01340	0.00638	0.00184	0.00272	0.01167	0.00520	0.00459
3	0.00693	0.00509	0.00691	0.00746	0.00814	0.00515	0.00533	0.00828	0.01000	0.01362	0.08479	0.40433	0.08009	0.05922	0.26405	0.00429	0.00670	0.01094	0.00423	0.00445
4	0.00766	0.00524	0.00634	0.00634	0.00654	0.00544	0.00392	0.00806	0.00786	0.01068	0.01613	0.03169	0.01796	0.65152	0.18787	0.00583	0.00702	0.00726	0.00313	0.00352
5	0.01066	0.01136	0.02366	0.01780	0.02163	0.01064	0.53451	0.01406	0.01177	0.01590	0.01624	0.25361	0.01612	0.00809	0.00639	0.00189	0.00716	0.00888	0.00334	0.00628
6	0.00998	0.00940	0.01586	0.80150	0.03641	0.01175	0.01468	0.01351	0.01057	0.01351	0.00940	0.01409	0.00705	0.00529	0.00529	0.00176	0.00705	0.00470	0.00235	0.00587
7	0.04578	0.00544	0.00650	0.00687	0.00796	0.00506	0.00491	0.00913	0.01128	0.04963	0.12873	0.37257	0.20673	0.07192	0.00783	0.00218	0.00324	0.04468	0.00490	0.00465
8	0.01649	0.01302	0.01384	0.01144	0.01502	0.01471	0.00918	0.38227	0.41205	0.02751	0.01727	0.01634	0.01270	0.00677	0.00534	0.00169	0.00497	0.00539	0.00534	0.00867
9	0.00827	0.00559	0.00726	0.00674	0.00815	0.00511	0.00509	0.01069	0.01484	0.06048	0.70662	0.03889	0.08071	0.01070	0.00619	0.00167	0.00261	0.00941	0.00582	0.00517
10	0.01169	0.00674	0.00790	0.00709	0.00950	0.00596	0.00564	0.04243	0.01346	0.21899	0.06511	0.04049	0.44751	0.01119	0.00601	0.00178	0.00345	0.06927	0.01989	0.00590
11	0.01045	0.00589	0.00751	0.00707	0.00849	0.00538	0.00510	0.01193	0.01229	0.16995	0.25535	0.20129	0.09501	0.16801	0.01019	0.00245	0.00355	0.00966	0.00518	0.00525
12	0.02030	0.01360	0.01501	0.01160	0.01573	0.01471	0.00955	0.59162	0.06870	0.16216	0.01464	0.01403	0.01013	0.00643	0.00530	0.00161	0.00549	0.00493	0.00551	0.00895
13	0.01399	0.78570	0.05815	0.00929	0.01394	0.02057	0.00947	0.01587	0.01076	0.01261	0.00744	0.00859	0.00678	0.00454	0.00346	0.00115	0.00574	0.00287	0.00226	0.00683
14	0.00766	0.00539	0.00674	0.00740	0.00800	0.00526	0.00502	0.05928	0.01100	0.01488	0.04519	0.62030	0.03103	0.10749	0.00886	0.00241	0.00346	0.01300	0.03311	0.00453
15	0.00893	0.00596	0.00708	0.00687	0.00805	0.00588	0.00501	0.07739	0.01302	0.01872	0.27336	0.18714	0.05194	0.09862	0.00831	0.01886	0.00328	0.02322	0.17345	0.00493
16	0.00653	0.00466	0.00609	0.00720	0.00752	0.00436	0.00476	0.00739	0.00999	0.01328	0.02881	0.73692	0.05121	0.07413	0.00819	0.00235	0.00321	0.01441	0.00478	0.00422
17	0.00688	0.00509	0.00663	0.00727	0.00793	0.00491	0.00513	0.00817	0.01094	0.01469	0.15052	0.49354	0.11085	0.04437	0.05472	0.00253	0.02128	0.03529	0.00481	0.00446
18	0.06287	0.00624	0.00807	0.00786	0.00901	0.00671	0.00582	0.01133	0.03955	0.07770	0.03732	0.13361	0.01762	0.15530	0.33096	0.04336	0.01999	0.00716	0.01463	0.00489
19	0.52765	0.01089	0.01023	0.00845	0.01207	0.01196	0.00697	0.16479	0.01331	0.17292	0.01102	0.01122	0.00779	0.00551	0.00406	0.00163	0.00451	0.00371	0.00430	0.00700
20	0.01064	0.00650	0.00806	0.00724	0.00918	0.00598	0.00556	0.05684	0.01463	0.14854	0.40385	0.09630	0.18430	0.01078	0.00607	0.00172	0.00311	0.00930	0.00566	0.00574
21	0.00918	0.03803	0.00968	0.03532	0.01054	0.00759	0.00686	0.03393	0.00978	0.04531	0.04139	0.12573	0.01616	0.02667	0.42707	0.07711	0.04794	0.00671	0.02005	0.00495
22	0.00935	0.00928	0.04875	0.51230	0.08306	0.00998	0.01255	0.01233	0.01067	0.01396	0.01531	0.18169	0.04355	0.00791	0.00561	0.00183	0.00602	0.00708	0.00300	0.00576
23	0.00692	0.00493	0.00627	0.00721	0.00772	0.00465	0.00487	0.02603	0.01054	0.01410	0.02951	0.68496	0.08306	0.04739	0.00738	0.00220	0.00317	0.01391	0.03077	0.00440
24	0.08701	0.01062	0.01160	0.01001	0.01318	0.01162	0.00791	0.08781	0.43670	0.17429	0.04968	0.04565	0.01601	0.00725	0.00526	0.00174	0.00427	0.00593	0.00542	0.00805
25	0.01244	0.01052	0.01648	0.40237	0.15080	0.01196	0.04659	0.09561	0.03311	0.05904	0.02975	0.03426	0.00994	0.00598	0.00585	0.00172	0.03933	0.00521	0.02222	0.00683

[dist]
# distance from previous block
# <min> <max>
7	11

[block]
# block no. 3 follows, 46 sequences, length 78
# corresponding to MSA columns:
# 207-284
name=unknown_D
#
# <colnr> <probs for GDERKNQSTAVLIFYWHMCP>
#	G	D	E	R	K	N	Q	S	T	A	V	L	I	F	Y	W	H	M	C	P
0	0.03449	0.01161	0.01275	0.18764	0.12795	0.15760	0.00971	0.01494	0.06409	0.02883	0.09834	0.03542	0.03225	0.15169	0.00917	0.00226	0.00606	0.00591	0.00341	0.00587
1	0.00660	0.00477	0.00628	0.00740	0.00787	0.00444	0.00511	0.00769	0.01049	0.01389	0.04879	0.69735	0.07658	0.01611	0.00675	0.00213	0.00316	0.06531	0.00493	0.00436
2	0.00975	0.00626	0.00738	0.00700	0.00896	0.00563	0.00544	0.02551	0.03369	0.13286	0.14806	0.10583	0.39239	0.01205	0.00620	0.00183	0.00326	0.07718	0.00531	0.00544
3	0.00838	0.00471	0.00650	0.00684	0.00713	0.00468	0.00465	0.00784	0.00840	0.01185	0.01611	0.23519	0.01727	0.03799	0.05809	0.44341	0.00446	0.00763	0.10557	0.00332
4	0.01180	0.00668	0.00849	0.00756	0.00957	0.00617	0.00582	0.05740	0.01467	0.19759	0.39142	0.12855	0.09666	0.01039	0.00598	0.00171	0.00324	0.00901	0.02124	0.00602
5	0.00779	0.00536	0.00688	0.00758	0.00825	0.00514	0.00523	0.04807	0.01120	0.03553	0.06917	0.64781	0.03287	0.06037	0.00775	0.00225	0.00337	0.02580	0.00493	0.00466
6	0.00761	0.00543	0.00691	0.00657	0.00790	0.00495	0.00492	0.00987	0.01436	0.03573	0.63394	0.07647	0.14290	0.01132	0.00624	0.00170	0.00259	0.00993	0.00567	0.00497
7	0.00726	0.00530	0.00624	0.00637	0.00771	0.00467	0.00464	0.00879	0.01233	0.04516	0.21835	0.25658	0.37068	0.01339	0.00635	0.00185	0.00281	0.01162	0.00519	0.00471
8	0.00974	0.00543	0.00736	0.00709	0.00740	0.00554	0.00476	0.06248	0.00834	0.01113	0.01067	0.01886	0.01082	0.14809	0.02056	0.64626	0.00477	0.00511	0.00266	0.00294
9	0.02010	0.01481	0.01587	0.01216	0.01639	0.01639	0.01005	0.76360	0.02486	0.03332	0.01269	0.01269	0.00899	0.00635	0.00529	0.00159	0.00582	0.00476	0.00529	0.00899
10	0.01096	0.00940	0.01096	0.00783	0.01253	0.00705	0.00626	0.01331	0.01096	0.01723	0.00940	0.01096	0.00783	0.00392	0.00392	0.00078	0.00392	0.00313	0.00313	0.84653
11	0.37086	0.00934	0.00989	0.00845	0.01173	0.00967	0.00701	0.06140	0.01272	0.29177	0.04763	0.01981	0.01346	0.00702	0.00474	0.00173	0.00436	0.09663	0.00485	0.00693
12	0.00644	0.00460	0.00613	0.00736	0.00767	0.00429	0.00491	0.00736	0.01012	0.01350	0.02914	0.81076	0.03497	0.01656	0.00675	0.00215	0.00307	0.01503	0.00491	0.00429
13	0.00699	0.00504	0.00642	0.00717	0.00776	0.00478	0.00497	0.00834	0.02272	0.01434	0.11752	0.49575	0.08207	0.12183	0.00937	0.00248	0.00341	0.06990	0.00479	0.00435
14	0.00868	0.00586	0.00654	0.00631	0.00830	0.00502	0.00492	0.01020	0.01240	0.11272	0.04647	0.06811	0.59526	0.01271	0.00624	0.00183	0.00311	0.07512	0.00511	0.00507
15	0.00748	0.00540	0.00707	0.00665	0.00790	0.00499	0.00499	0.00998	0.01496	0.02120	0.77844	0.03949	0.04988	0.01081	0.00624	0.00166	0.00249	0.00956	0.00582	0.00499
16	0.01413	0.81739	0.02770	0.00905	0.01357	0.02092	0.00905	0.01583	0.01074	0.01244	0.00735	0.00848	0.00678	0.00452	0.00339	0.00113	0.00565	0.00283	0.00226	0.00678
17	0.01177	0.01164	0.01618	0.01384	0.01394	0.01620	0.01153	0.03092	0.00850	0.01322	0.00708	0.01159	0.00699	0.00918	0.01706	0.00230	0.78517	0.00463	0.00239	0.00586
18	0.00699	0.00529	0.00650	0.00675	0.00796	0.00480	0.00507	0.00878	0.01270	0.01680	0.30940	0.21346	0.26768	0.01328	0.00647	0.00189	0.00294	0.09334	0.00524	0.00466
19	0.01157	0.01157	0.01619	0.01388	0.01388	0.01619	0.01157	0.01272	0.00810	0.01272	0.00694	0.01157	0.00694	0.00925	0.01735	0.00231	0.80453	0.00463	0.00231	0.00578
20	0.00769	0.00513	0.00577	0.00577	0.00577	0.00513	0.00320	0.00769	0.00769	0.01025	0.01666	0.03460	0.01922	0.81421	0.02691	0.00513	0.00513	0.00769	0.00320	0.00320
21	0.01248	0.01426	0.03119	0.02228	0.02763	0.01337	0.76203	0.01693	0.01248	0.01693	0.01070	0.01426	0.00802	0.00446	0.00624	0.00178	0.00891	0.00624	0.00267	0.00713
22	0.00755	0.00566	0.00850	0.00850	0.00944	0.00661	0.00661	0.00944	0.00850	0.01227	0.01416	0.02077	0.01322	0.03965	0.79326	0.00850	0.01416	0.00566	0.00283	0.00472
23	0.01975	0.02520	0.01498	0.01362	0.01634	0.79299	0.01021	0.02111	0.01498	0.01294	0.00817	0.00953	0.00681	0.00545	0.00477	0.00136	0.00953	0.00340	0.00272	0.00613
24	0.85155	0.01022	0.00777	0.00695	0.01022	0.01186	0.00573	0.01554	0.00900	0.02372	0.00736	0.00859	0.00573	0.00491	0.00327	0.00164	0.00409	0.00286	0.00327	0.00573
25	0.00765	0.00514	0.00591	0.00594	0.00599	0.00518	0.00341	0.00776	0.00779	0.01043	0.01684	0.05296	0.01932	0.75736	0.06331	0.00521	0.00551	0.00777	0.00323	0.00330
26	0.00644	0.00460	0.00613	0.00736	0.00767	0.00429	0.00491	0.00736	0.01012	0.01350	0.02914	0.81076	0.03497	0.01656	0.00675	0.00215	0.00307	0.01503	0.00491	0.00429
27	0.00685	0.00491	0.00640	0.00743	0.00793	0.00464	0.00521	0.00793	0.01030	0.01357	0.02920	0.58290	0.07647	0.09284	0.00874	0.00245	0.00350	0.11972	0.00474	0.00428
28	0.85155	0.01022	0.00777	0.00695	0.01022	0.01186	0.00573	0.01554	0.00900	0.02372	0.00736	0.00859	0.00573	0.00491	0.00327	0.00164	0.00409	0.00286	0.00327	0.00573
29	0.00708	0.00507	0.00611	0.00647	0.00744	0.00459	0.00462	0.00773	0.01063	0.01346	0.07340	0.23121	0.34745	0.04382	0.00980	0.15561	0.00333	0.05374	0.00442	0.00403
30	0.00651	0.00465	0.00621	0.00743	0.00777	0.00435	0.00502	0.00747	0.01018	0.01357	0.02910	0.78759	0.03483	0.01650	0.00676	0.00216	0.00312	0.03756	0.00491	0.00431
31	0.00676	0.00480	0.00636	0.00750	0.00788	0.00455	0.00517	0.00777	0.01016	0.01351	0.02810	0.67270	0.03332	0.07483	0.00829	0.00240	0.00341	0.09343	0.00478	0.00428
32	0.00709	0.00505	0.00621	0.00679	0.00774	0.00453	0.00476	0.00832	0.01130	0.04150	0.10606	0.49346	0.24829	0.01476	0.00651	0.00198	0.00295	0.01307	0.00505	0.00457
33	0.02010	0.01481	0.01587	0.01216	0.01639	0.01639	0.01005	0.76360	0.02486	0.03332	0.01269	0.01269	0.00899	0.00635	0.00529	0.00159	0.00582	0.00476	0.00529	0.00899
34	0.00652	0.00490	0.00606	0.00685	0.00764	0.00444	0.00479	0.00771	0.01103	0.01430	0.08681	0.53307	0.23356	0.01527	0.00660	0.00203	0.00298	0.03607	0.00497	0.00440
35	0.09424	0.01308	0.01449	0.01143	0.01499	0.01467	0.00944	0.51075	0.02001	0.10742	0.01252	0.01309	0.00908	0.00790	0.03871	0.00196	0.08854	0.00467	0.00483	0.00819
36	0.02874	0.00618	0.00774	0.00710	0.00828	0.00613	0.00494	0.01231	0.00961	0.18154	0.01692	0.02727	0.01625	0.44470	0.17002	0.00482	0.00664	0.00659	0.02934	0.00488
37	0.00662	0.00473	0.00634	0.00757	0.00795	0.00445	0.00522	0.00767	0.01030	0.01370	0.02904	0.74573	0.03457	0.01639	0.00680	0.00217	0.00322	0.07828	0.00490	0.00434
38	0.01185	0.02010	0.44420	0.08044	0.02302	0.01174	0.15960	0.03926	0.01227	0.06795	0.05348	0.01507	0.01035	0.00559	0.00542	0.00171	0.00733	0.02023	0.00296	0.00742
39	0.01174	0.11768	0.50721	0.01586	0.02258	0.04092	0.17809	0.01683	0.01153	0.01614	0.00945	0.01146	0.00700	0.00486	0.00508	0.00162	0.00786	0.00426	0.00235	0.00749
40	0.81211	0.01066	0.02835	0.02360	0.01110	0.01187	0.00627	0.01553	0.00909	0.02332	0.00746	0.00877	0.00578	0.00492	0.00336	0.00164	0.00425	0.00293	0.00323	0.00578
41	0.01205	0.01180	0.01646	0.44569	0.19523	0.09978	0.01367	0.03493	0.01147	0.01452	0.00937	0.01335	0.00749	0.00614	0.00658	0.05313	0.03495	0.00455	0.00253	0.00632
42	0.01413	0.81739	0.02770	0.00905	0.01357	0.02092	0.00905	0.01583	0.01074	0.01244	0.00735	0.00848	0.00678	0.00452	0.00339	0.00113	0.00565	0.00283	0.00226	0.00678
43	0.00649	0.00463	0.00614	0.00730	0.00762	0.00433	0.00486	0.00742	0.01015	0.01356	0.04356	0.77474	0.03484	0.03785	0.00728	0.00222	0.00311	0.01472	0.00488	0.00428
44	0.01193	0.00651	0.00857	0.00843	0.01027	0.00605	0.00665	0.01412	0.03903	0.22545	0.04434	0.28024	0.10342	0.01255	0.00639	0.00202	0.00391	0.19886	0.00538	0.00590
45	0.85155	0.01022	0.00777	0.00695	0.01022	0.01186	0.00573	0.01554	0.00900	0.02372	0.00736	0.00859	0.00573	0.00491	0.00327	0.00164	0.00409	0.00286	0.00327	0.00573
46	0.85155	0.01022	0.00777	0.00695	0.01022	0.01186	0.00573	0.01554	0.00900	0.02372	0.00736	0.00859	0.00573	0.00491	0.00327	0.00164	0.00409	0.00286	0.00327	0.00573
47	0.00760	0.00517	0.00594	0.00598	0.00649	0.00499	0.00382	0.00841	0.00974	0.01333	0.13539	0.08544	0.10526	0.48247	0.01824	0.00372	0.00414	0.02517	0.06487	0.00383
48	0.00870	0.00557	0.00717	0.00694	0.00816	0.00518	0.00504	0.01047	0.01271	0.08716	0.39001	0.17679	0.09473	0.10257	0.05250	0.00252	0.00374	0.00986	0.00519	0.00497
49	0.00769	0.00513	0.00577	0.00577	0.00577	0.00513	0.00320	0.00769	0.00769	0.01025	0.01666	0.03460	0.01922	0.81421	0.02691	0.00513	0.00513	0.00769	0.00320	0.00320
50	0.02358	0.00923	0.01241	0.00952	0.01361	0.00811	0.00786	0.05505	0.01552	0.75507	0.02053	0.01778	0.01292	0.00654	0.00532	0.00163	0.00455	0.00529	0.00649	0.00900
51	0.01045	0.00647	0.00806	0.00720	0.00910	0.00602	0.00558	0.05786	0.01504	0.12742	0.49346	0.03612	0.13673	0.01021	0.00599	0.00167	0.00304	0.02237	0.03149	0.00572
52	0.00647	0.00462	0.00616	0.00734	0.00767	0.00431	0.00491	0.00743	0.01025	0.01370	0.04864	0.79068	0.03535	0.01641	0.00673	0.00213	0.00305	0.01489	0.00493	0.00431
53	0.00647	0.00474	0.00609	0.00706	0.00761	0.00435	0.00480	0.00754	0.01064	0.01403	0.07414	0.66956	0.13189	0.01583	0.00665	0.00207	0.00298	0.01422	0.00496	0.00435
54	0.00985	0.00493	0.00493	0.00493	0.00616	0.00493	0.00370	0.01232	0.01109	0.01971	0.01725	0.01971	0.01355	0.00616	0.00370	0.00123	0.00246	0.00493	0.84356	0.00493
55	0.01067	0.00746	0.00823	0.00736	0.00840	0.00784	0.00491	0.19134	0.01192	0.01594	0.01602	0.04961	0.01715	0.59703	0.02113	0.00419	0.00524	0.00717	0.00375	0.00464
56	0.01308	0.01256	0.02146	0.03245	0.78123	0.01256	0.01622	0.01622	0.01204	0.01727	0.00994	0.01308	0.00837	0.00471	0.00523	0.00157	0.00628	0.00471	0.00262	0.00837
57	0.01157	0.01157	0.01619	0.01388	0.01388	0.01619	0.01157	0.01272	0.00810	0.01272	0.00694	0.01157	0.00694	0.00925	0.01735	0.00231	0.80453	0.00463	0.00231	0.00578
58	0.00644	0.00460	0.00613	0.00736	0.00767	0.00429	0.00491	0.00736	0.01012	0.01350	0.02914	0.81076	0.03497	0.01656	0.00675	0.00215	0.00307	0.01503	0.00491	0.00429
59	0.00769	0.00513	0.00577	0.00577	0.00577	0.00513	0.00320	0.00769	0.00769	0.01025	0.01666	0.03460	0.01922	0.81421	0.02691	0.00513	0.00513	0.00769	0.00320	0.00320
60	0.01957	0.00797	0.01084	0.00897	0.01216	0.00697	0.00716	0.02138	0.01396	0.59752	0.02284	0.19213	0.01829	0.00893	0.00568	0.00177	0.00419	0.02565	0.00614	0.00787
61	0.00741	0.00540	0.00697	0.00658	0.00786	0.00496	0.00493	0.00984	0.01480	0.02081	0.73796	0.04013	0.09061	0.01095	0.00624	0.00167	0.00250	0.00965	0.00577	0.00496
62	0.04476	0.00907	0.01215	0.00937	0.01342	0.00798	0.00773	0.02555	0.02928	0.75094	0.02052	0.01779	0.01296	0.00651	0.00527	0.00164	0.00448	0.00527	0.00644	0.00890
63	0.09900	0.00911	0.01186	0.00918	0.01320	0.00814	0.00758	0.02483	0.01457	0.71568	0.01963	0.01714	0.01242	0.00639	0.00513	0.00164	0.00446	0.00509	0.00625	0.00870
64	0.01096	0.00940	0.01096	0.00783	0.01253	0.00705	0.00626	0.01331	0.01096	0.01723	0.00940	0.01096	0.00783	0.00392	0.00392	0.00078	0.00392	0.00313	0.00313	0.84653
65	0.00733	0.00534	0.00690	0.00663	0.00784	0.00491	0.00493	0.00964	0.01443	0.02022	0.68071	0.09905	0.08947	0.01139	0.00628	0.00171	0.00255	0.01007	0.00570	0.00491
66	0.00762	0.00564	0.00839	0.00839	0.00934	0.00656	0.00652	0.00953	0.00858	0.01250	0.01426	0.02074	0.01323	0.03862	0.76891	0.00827	0.01380	0.00564	0.02876	0.00473
67	0.00769	0.00513	0.00577	0.00577	0.00577	0.00513	0.00320	0.00769	0.00769	0.01025	0.01666	0.03460	0.01922	0.81421	0.02691	0.00513	0.00513	0.00769	0.00320	0.00320
68	0.00745	0.00543	0.00703	0.00671	0.00798	0.00500	0.00508	0.00988	0.01468	0.02057	0.70414	0.04101	0.09186	0.01112	0.00628	0.00170	0.00261	0.04081	0.00573	0.00495
69	0.00756	0.00564	0.00839	0.00839	0.00930	0.00655	0.00648	0.00937	0.00847	0.01219	0.01426	0.02130	0.01345	0.06925	0.76398	0.00837	0.01382	0.00574	0.00285	0.00466
70	0.00642	0.00469	0.00604	0.00712	0.00760	0.00431	0.00480	0.00739	0.01036	0.01359	0.03211	0.71832	0.12549	0.01618	0.00669	0.00210	0.00302	0.01456	0.00491	0.00431
71	0.00668	0.00470	0.00606	0.00705	0.00730	0.00446	0.00458	0.00742	0.00965	0.01287	0.02672	0.66037	0.03191	0.17112	0.01065	0.00272	0.00347	0.01361	0.00458	0.00408
72	0.01037	0.00960	0.01586	0.77134	0.03565	0.01192	0.01450	0.04217	0.01112	0.01426	0.00952	0.01404	0.00712	0.00533	0.00529	0.00176	0.00700	0.00470	0.00246	0.00599
73	0.01146	0.01142	0.01617	0.06786	0.01542	0.01589	0.01178	0.01278	0.00827	0.01278	0.00711	0.01174	0.00695	0.00898	0.01652	0.00228	0.74988	0.00463	0.00232	0.00579
74	0.00763	0.00562	0.00828	0.00828	0.00920	0.00650	0.00639	0.00946	0.00854	0.01242	0.01435	0.02126	0.01346	0.06823	0.74004	0.00815	0.01346	0.00572	0.02834	0.00467
75	0.00969	0.00495	0.00504	0.00503	0.00622	0.00494	0.00374	0.01208	0.01115	0.01949	0.04936	0.02100	0.01526	0.03085	0.00451	0.00137	0.00255	0.00521	0.78271	0.00488
76	0.01086	0.00811	0.01140	0.31278	0.06204	0.04208	0.00935	0.02412	0.01025	0.03496	0.01119	0.01557	0.00916	0.00917	0.00929	0.23991	0.00545	0.00467	0.16467	0.00497
77	0.68742	0.01075	0.00984	0.00997	0.08911	0.01214	0.00714	0.06747	0.01056	0.04354	0.00834	0.00957	0.00641	0.00503	0.00366	0.00163	0.00444	0.00325	0.00343	0.00630

[dist]
# distance from previous block
# <min> <max>
1	4

[block]
# block no. 4 follows, 46 sequences, length 70
# corresponding to MSA columns:
# 289-358
name=unknown_E
#
# <colnr> <probs for GDERKNQSTAVLIFYWHMCP>
#	G	D	E	R	K	N	Q	S	T	A	V	L	I	F	Y	W	H	M	C	P
0	0.01138	0.01121	0.03395	0.37429	0.21209	0.03073	0.07057	0.02712	0.06971	0.01569	0.01137	0.01571	0.00917	0.00769	0.05607	0.00216	0.00724	0.02426	0.00282	0.00677
1	0.62568	0.00985	0.00919	0.00915	0.06879	0.01099	0.00664	0.03350	0.00999	0.06849	0.03100	0.01109	0.00801	0.00627	0.00507	0.06906	0.00432	0.00353	0.00347	0.00591
2	0.00750	0.00531	0.00611	0.00628	0.00689	0.00509	0.00409	0.02416	0.00998	0.01317	0.07358	0.19293	0.16274	0.40304	0.01634	0.00347	0.00405	0.02765	0.02364	0.00397
3	0.38494	0.01004	0.01114	0.15008	0.03454	0.01119	0.00832	0.10687	0.01205	0.13877	0.01066	0.01223	0.00783	0.00649	0.00565	0.07004	0.00498	0.00398	0.00376	0.00644
4	0.01024	0.00966	0.01632	0.73848	0.09745	0.01181	0.01481	0.01373	0.01069	0.01382	0.00944	0.01401	0.00716	0.00524	0.00528	0.00175	0.00698	0.00470	0.00237	0.00608
5	0.00687	0.00479	0.00604	0.00682	0.00705	0.00458	0.00435	0.00753	0.00944	0.01261	0.04239	0.53847	0.03015	0.27791	0.01334	0.00311	0.00373	0.01250	0.00437	0.00395
6	0.00904	0.00645	0.00768	0.00740	0.00871	0.00643	0.00540	0.09916	0.04222	0.01912	0.29066	0.25558	0.06465	0.08023	0.00781	0.00207	0.00335	0.00998	0.06883	0.00521
7	0.00992	0.00671	0.00804	0.00779	0.00965	0.00646	0.00608	0.02960	0.10474	0.10227	0.16252	0.14332	0.24283	0.01190	0.00625	0.00189	0.00350	0.12556	0.00530	0.00567
8	0.00794	0.00574	0.00781	0.00890	0.00999	0.00561	0.00743	0.01001	0.01183	0.01538	0.04535	0.20061	0.08655	0.01481	0.00710	0.00232	0.00432	0.53869	0.00490	0.00473
9	0.76615	0.01010	0.00823	0.00721	0.01056	0.01144	0.00594	0.01659	0.00963	0.10224	0.00875	0.00956	0.00648	0.00508	0.00348	0.00164	0.00413	0.00312	0.00361	0.00606
10	0.06987	0.01009	0.01182	0.00966	0.01292	0.01026	0.00778	0.25183	0.04791	0.29385	0.08436	0.09317	0.01733	0.02748	0.00597	0.00178	0.00459	0.02605	0.00556	0.00773
11	0.12549	0.00729	0.00895	0.00780	0.01028	0.00689	0.00623	0.01601	0.01384	0.28039	0.32992	0.04714	0.05310	0.00903	0.00561	0.00171	0.00356	0.05474	0.00562	0.00641
12	0.00742	0.00535	0.00701	0.00670	0.00788	0.00494	0.00498	0.00981	0.01465	0.02070	0.73025	0.08909	0.04892	0.01118	0.00627	0.00169	0.00253	0.00991	0.00576	0.00494
13	0.14642	0.00710	0.00809	0.00731	0.00946	0.00700	0.00571	0.01411	0.06414	0.13331	0.37563	0.04615	0.12028	0.00948	0.00560	0.00170	0.00325	0.02408	0.00534	0.00585
14	0.02006	0.00934	0.01189	0.00947	0.01304	0.00877	0.00772	0.14425	0.02842	0.51526	0.07580	0.06007	0.03882	0.00771	0.00552	0.00168	0.00445	0.02341	0.00610	0.00823
15	0.00733	0.00540	0.00686	0.00649	0.00781	0.00492	0.00487	0.00969	0.01461	0.02036	0.69051	0.04087	0.13834	0.01112	0.00624	0.00168	0.00252	0.00975	0.00571	0.00492
16	0.00759	0.00511	0.00589	0.00594	0.00605	0.00506	0.00345	0.00784	0.00840	0.01129	0.07531	0.08489	0.02256	0.70190	0.02404	0.00467	0.00479	0.00830	0.00351	0.00341
17	0.02058	0.00879	0.01156	0.00917	0.01275	0.00792	0.00745	0.07051	0.02915	0.59829	0.08644	0.06249	0.03501	0.00760	0.00549	0.00167	0.00429	0.00631	0.00625	0.00829
18	0.01739	0.00834	0.01079	0.00896	0.01198	0.00779	0.00721	0.08411	0.04711	0.42649	0.18584	0.08448	0.02335	0.00863	0.00572	0.00172	0.00407	0.04245	0.00602	0.00754
19	0.02341	0.00907	0.01226	0.00945	0.01350	0.00793	0.00779	0.02583	0.03706	0.76278	0.02088	0.01804	0.01317	0.00656	0.00532	0.00164	0.00449	0.00534	0.00651	0.00898
20	0.00763	0.00536	0.00695	0.00695	0.00736	0.00577	0.00468	0.00845	0.00804	0.01113	0.01557	0.02860	0.01662	0.47822	0.35934	0.00659	0.00904	0.00681	0.00304	0.00386
21	0.71810	0.00989	0.00830	0.00724	0.01054	0.01110	0.00595	0.01660	0.00998	0.11778	0.03739	0.01089	0.00826	0.00533	0.00363	0.00164	0.00408	0.00341	0.00377	0.00610
22	0.01096	0.00940	0.01096	0.00783	0.01253	0.00705	0.00626	0.01331	0.01096	0.01723	0.00940	0.01096	0.00783	0.00392	0.00392	0.00078	0.00392	0.00313	0.00313	0.84653
23	0.00769	0.00513	0.00577	0.00577	0.00577	0.00513	0.00320	0.00769	0.00769	0.01025	0.01666	0.03460	0.01922	0.81421	0.02691	0.00513	0.00513	0.00769	0.00320	0.00320
24	0.00760	0.00521	0.00657	0.00686	0.00784	0.00477	0.00488	0.00900	0.01185	0.04786	0.23887	0.34803	0.16648	0.06363	0.00799	0.01783	0.00311	0.03191	0.00507	0.00462
25	0.00782	0.00589	0.00868	0.00858	0.00949	0.00695	0.00670	0.00970	0.00859	0.01260	0.01398	0.02033	0.01296	0.03695	0.72707	0.00793	0.04740	0.00559	0.03803	0.00477
26	0.00990	0.00918	0.01266	0.01145	0.01188	0.02679	0.00927	0.01132	0.00850	0.01261	0.01105	0.06472	0.01103	0.02102	0.30714	0.00460	0.44326	0.00564	0.00268	0.00530
27	0.82927	0.03170	0.00830	0.00701	0.01031	0.01210	0.00581	0.01555	0.00904	0.02342	0.00736	0.00859	0.00575	0.00490	0.00327	0.00162	0.00413	0.00286	0.00324	0.00575
28	0.01248	0.01426	0.03119	0.02228	0.02763	0.01337	0.76203	0.01693	0.01248	0.01693	0.01070	0.01426	0.00802	0.00446	0.00624	0.00178	0.00891	0.00624	0.00267	0.00713
29	0.00717	0.00565	0.00664	0.00713	0.00869	0.00512	0.00584	0.00895	0.01210	0.01491	0.04318	0.05443	0.47530	0.01388	0.00668	0.00205	0.00357	0.30919	0.00489	0.00463
30	0.01215	0.01334	0.04146	0.03551	0.08723	0.01229	0.55028	0.03403	0.01242	0.01710	0.01165	0.06214	0.00965	0.00524	0.00595	0.00170	0.00783	0.00630	0.00289	0.07084
31	0.01255	0.04791	0.03105	0.02173	0.02704	0.01369	0.73048	0.01689	0.01240	0.01675	0.01056	0.01402	0.00797	0.00446	0.00612	0.00176	0.00878	0.00610	0.00266	0.00712
32	0.00726	0.00524	0.00687	0.00680	0.00785	0.00484	0.00497	0.00943	0.01395	0.01959	0.62169	0.20084	0.04676	0.01201	0.00634	0.00176	0.00261	0.01070	0.00563	0.00484
33	0.00688	0.00519	0.00592	0.00626	0.00719	0.00474	0.00435	0.00788	0.01054	0.01332	0.05532	0.20801	0.33893	0.23165	0.01205	0.00282	0.00359	0.06677	0.00447	0.00413
34	0.01430	0.01354	0.01809	0.13819	0.13936	0.08151	0.07752	0.18649	0.01391	0.01866	0.00954	0.01251	0.00773	0.00652	0.00879	0.00182	0.23661	0.00472	0.00311	0.00708
35	0.01014	0.00971	0.01684	0.75139	0.03585	0.01185	0.06275	0.01373	0.01069	0.01373	0.00948	0.01411	0.00711	0.00523	0.00535	0.00176	0.00717	0.00480	0.00237	0.00595
36	0.00758	0.00542	0.00745	0.00867	0.00948	0.00528	0.00689	0.00934	0.01125	0.01477	0.02851	0.39744	0.03247	0.01548	0.00705	0.00230	0.00406	0.41706	0.00489	0.00461
37	0.00769	0.00513	0.00577	0.00577	0.00577	0.00513	0.00320	0.00769	0.00769	0.01025	0.01666	0.03460	0.01922	0.81421	0.02691	0.00513	0.00513	0.00769	0.00320	0.00320
38	0.01096	0.00940	0.01096	0.00783	0.01253	0.00705	0.00626	0.01331	0.01096	0.01723	0.00940	0.01096	0.00783	0.00392	0.00392	0.00078	0.00392	0.00313	0.00313	0.84653
39	0.00769	0.00513	0.00577	0.00577	0.00577	0.00513	0.00320	0.00769	0.00769	0.01025	0.01666	0.03460	0.01922	0.81421	0.02691	0.00513	0.00513	0.00769	0.00320	0.00320
40	0.79769	0.06214	0.00905	0.00709	0.01044	0.01244	0.00594	0.01556	0.00911	0.02299	0.00736	0.00858	0.00579	0.00488	0.00328	0.00160	0.00419	0.00286	0.00321	0.00579
41	0.00998	0.00940	0.01586	0.80150	0.03641	0.01175	0.01468	0.01351	0.01057	0.01351	0.00940	0.01409	0.00705	0.00529	0.00529	0.00176	0.00705	0.00470	0.00235	0.00587
42	0.85155	0.01022	0.00777	0.00695	0.01022	0.01186	0.00573	0.01554	0.00900	0.02372	0.00736	0.00859	0.00573	0.00491	0.00327	0.00164	0.00409	0.00286	0.00327	0.00573
43	0.00644	0.00460	0.00613	0.00736	0.00767	0.00429	0.00491	0.00736	0.01012	0.01350	0.02914	0.81076	0.03497	0.01656	0.00675	0.00215	0.00307	0.01503	0.00491	0.00429
