[name]
unknown

[dist]
# distance from previous block
# <min> <max>
0	208

[block]
# block no. 0 follows, 42 sequences, length 18
# corresponding to MSA columns:
# 208-225
name=unknown_A
#
# <colnr> <probs for GDERKNQSTAVLIFYWHMCP>
#	G	D	E	R	K	N	Q	S	T	A	V	L	I	F	Y	W	H	M	C	P
0	0.04849	0.01012	0.01196	0.01017	0.01356	0.01015	0.00826	0.12893	0.15296	0.26932	0.02363	0.06736	0.06666	0.00901	0.00593	0.00187	0.00473	0.10005	0.00578	0.05108
1	0.01890	0.01319	0.01503	0.07165	0.01773	0.01431	0.01007	0.37056	0.19754	0.14435	0.01666	0.01620	0.01184	0.00678	0.00558	0.00172	0.00556	0.00537	0.00550	0.05147
2	0.01170	0.01057	0.01688	0.71161	0.03664	0.01299	0.01514	0.08731	0.01276	0.01647	0.01035	0.01486	0.00771	0.00574	0.00563	0.00186	0.00737	0.00501	0.00281	0.00658
3	0.03234	0.01051	0.01726	0.61941	0.14246	0.01238	0.01517	0.01484	0.01146	0.01544	0.01003	0.01453	0.00771	0.00545	0.00549	0.00179	0.00713	0.00487	0.00261	0.04911
4	0.00735	0.00523	0.00696	0.00804	0.00858	0.00496	0.00569	0.00866	0.01141	0.01527	0.09524	0.58448	0.03704	0.05847	0.00836	0.00245	0.00360	0.11832	0.00521	0.00466
5	0.01046	0.00982	0.01640	0.75497	0.03742	0.01217	0.01514	0.01411	0.01132	0.01441	0.01203	0.01669	0.04012	0.00600	0.00567	0.00188	0.00730	0.00530	0.00262	0.00619
6	0.04813	0.00976	0.01272	0.00997	0.01407	0.00888	0.00817	0.04289	0.06836	0.64443	0.05606	0.01992	0.01564	0.00717	0.00564	0.00175	0.00468	0.00583	0.00671	0.00923
7	0.00818	0.00546	0.00614	0.00614	0.00614	0.00546	0.00341	0.00818	0.00818	0.01091	0.01773	0.03683	0.02046	0.80222	0.02864	0.00546	0.00546	0.00818	0.00341	0.00341
8	0.01336	0.01448	0.08547	0.07010	0.60398	0.03496	0.01666	0.01682	0.01264	0.01778	0.01154	0.05539	0.01014	0.00577	0.00563	0.00172	0.00679	0.00548	0.00287	0.00843
9	0.01191	0.01135	0.01737	0.64906	0.10150	0.04825	0.01532	0.04986	0.01233	0.01571	0.01016	0.01461	0.00771	0.00563	0.00560	0.00183	0.00749	0.00494	0.00269	0.00666
10	0.00978	0.00489	0.00733	0.00733	0.00733	0.00489	0.00489	0.00733	0.00733	0.00978	0.00978	0.01711	0.00978	0.01955	0.02199	0.83627	0.00489	0.00489	0.00244	0.00244
11	0.00907	0.00648	0.00907	0.01036	0.01166	0.00648	0.00907	0.01166	0.01296	0.01684	0.02980	0.06348	0.03239	0.01555	0.00777	0.00259	0.00518	0.72924	0.00518	0.00518
12	0.01372	0.01345	0.02063	0.25975	0.39673	0.06533	0.05871	0.05146	0.03295	0.01777	0.01079	0.01424	0.00860	0.00539	0.00562	0.00174	0.00725	0.00505	0.00292	0.00790
13	0.01750	0.05504	0.09170	0.02974	0.03528	0.01341	0.02718	0.34725	0.01857	0.12606	0.01491	0.05561	0.01180	0.03857	0.02708	0.04059	0.00621	0.00568	0.02969	0.00812
14	0.01408	0.01642	0.05504	0.01773	0.05666	0.17055	0.21325	0.01671	0.01208	0.01561	0.03828	0.03473	0.01026	0.00745	0.01052	0.00200	0.29337	0.00559	0.00288	0.00678
15	0.73528	0.01095	0.00905	0.00849	0.03669	0.01255	0.00660	0.05222	0.01062	0.02532	0.00869	0.01007	0.00675	0.00535	0.00368	0.00172	0.00444	0.00331	0.04191	0.00632
16	0.00733	0.00566	0.00654	0.00642	0.00784	0.00503	0.00468	0.00913	0.01361	0.01785	0.34501	0.08823	0.36830	0.07925	0.00852	0.00216	0.00301	0.01109	0.00547	0.00486
17	0.01266	0.18466	0.33025	0.02953	0.03596	0.05302	0.07878	0.02951	0.01312	0.03074	0.13397	0.01671	0.01505	0.00627	0.00532	0.00165	0.00695	0.00518	0.00323	0.00745

[dist]
# distance from previous block
# <min> <max>
0	1

[block]
# block no. 1 follows, 42 sequences, length 11
# corresponding to MSA columns:
# 227-237
name=unknown_B
#
# <colnr> <probs for GDERKNQSTAVLIFYWHMCP>
#	G	D	E	R	K	N	Q	S	T	A	V	L	I	F	Y	W	H	M	C	P
0	0.01058	0.00675	0.00859	0.00932	0.07115	0.00711	0.00628	0.05582	0.01152	0.01819	0.01600	0.02108	0.01371	0.07004	0.21230	0.05378	0.00679	0.00560	0.38993	0.00546
1	0.02031	0.01502	0.01607	0.01242	0.01673	0.01652	0.01022	0.69395	0.02546	0.03398	0.01671	0.01650	0.06508	0.00731	0.00570	0.00170	0.00595	0.00557	0.00560	0.00922
2	0.04110	0.61013	0.05593	0.00993	0.01473	0.04040	0.00970	0.01760	0.04251	0.03271	0.00909	0.01013	0.00785	0.00499	0.00390	0.00126	0.00592	0.00330	0.00278	0.07605
3	0.05936	0.01031	0.01302	0.01019	0.01433	0.00970	0.00836	0.10282	0.06538	0.58262	0.04923	0.01912	0.01484	0.00708	0.00560	0.00175	0.00481	0.00570	0.00656	0.00922
4	0.00683	0.00500	0.00643	0.00757	0.00809	0.00459	0.00511	0.00787	0.01103	0.01447	0.03428	0.70515	0.12851	0.01721	0.00712	0.00224	0.00321	0.01548	0.00522	0.00459
5	0.03857	0.15197	0.27729	0.13972	0.03666	0.05664	0.02725	0.03176	0.01214	0.01704	0.01184	0.05931	0.00991	0.00620	0.00500	0.00165	0.00676	0.00494	0.09826	0.00707
6	0.00740	0.00523	0.00626	0.00685	0.00723	0.00497	0.00433	0.00801	0.00991	0.01299	0.02845	0.38257	0.11747	0.35356	0.01632	0.00360	0.00415	0.01215	0.00445	0.00409
7	0.01124	0.10553	0.01214	0.02621	0.04048	0.00969	0.00729	0.03922	0.13398	0.06150	0.30964	0.06443	0.13678	0.00994	0.00600	0.00176	0.00390	0.00845	0.00529	0.00654
8	0.01454	0.45647	0.06841	0.01087	0.01516	0.01666	0.06370	0.01688	0.01239	0.10008	0.07255	0.04976	0.03818	0.00668	0.00522	0.00151	0.03512	0.00515	0.00347	0.00719
9	0.07554	0.14211	0.07128	0.01186	0.01604	0.10312	0.03450	0.21490	0.13264	0.06876	0.01365	0.01405	0.01025	0.00620	0.00501	0.00161	0.00616	0.00467	0.05960	0.00805
10	0.18771	0.05169	0.12368	0.01128	0.01582	0.03594	0.08128	0.01669	0.02914	0.06957	0.03222	0.06130	0.01153	0.00627	0.00513	0.00156	0.01910	0.01757	0.00363	0.21889

[dist]
# distance from previous block
# <min> <max>
0	15

[block]
# block no. 2 follows, 42 sequences, length 39
# corresponding to MSA columns:
# 253-291
name=unknown_C
#
# <colnr> <probs for GDERKNQSTAVLIFYWHMCP>
#	G	D	E	R	K	N	Q	S	T	A	V	L	I	F	Y	W	H	M	C	P
0	0.65916	0.04806	0.03136	0.00891	0.01270	0.04871	0.03554	0.02894	0.01075	0.06075	0.00887	0.01005	0.00676	0.00533	0.00388	0.00171	0.00505	0.00340	0.00356	0.00651
1	0.00779	0.00615	0.00688	0.00661	0.00836	0.00552	0.00497	0.04340	0.01441	0.01859	0.29255	0.08529	0.45297	0.01314	0.00663	0.00187	0.00296	0.01119	0.00557	0.00516
2	0.08441	0.01143	0.01300	0.01067	0.01356	0.01255	0.00848	0.35037	0.01754	0.10632	0.01387	0.03426	0.01131	0.06861	0.05026	0.12149	0.05450	0.00546	0.00464	0.00726
3	0.00781	0.00575	0.00731	0.00692	0.00831	0.00525	0.00519	0.01033	0.01557	0.02172	0.68259	0.04344	0.13519	0.01182	0.00664	0.00179	0.00268	0.01037	0.00608	0.00525
4	0.02440	0.01109	0.01776	0.34725	0.30389	0.01229	0.01449	0.03622	0.04937	0.03352	0.01224	0.01587	0.02140	0.00703	0.02431	0.02927	0.00682	0.00520	0.02024	0.00734
5	0.02440	0.00990	0.01313	0.01018	0.01446	0.00888	0.00837	0.04550	0.06603	0.70264	0.02203	0.01914	0.01404	0.00700	0.00566	0.00175	0.00480	0.00569	0.00685	0.00953
6	0.00768	0.00566	0.00757	0.00897	0.04490	0.00539	0.00577	0.02256	0.01158	0.01560	0.10719	0.59385	0.05242	0.07240	0.00855	0.00241	0.00357	0.01399	0.00509	0.00487
7	0.02685	0.00746	0.00922	0.13681	0.01391	0.00782	0.00701	0.03953	0.04319	0.14221	0.01743	0.01997	0.01329	0.04231	0.00573	0.00171	0.00413	0.00541	0.44968	0.00634
8	0.03293	0.50634	0.07684	0.06190	0.01740	0.01820	0.05129	0.01738	0.01182	0.07337	0.00956	0.01100	0.00788	0.00517	0.00463	0.00139	0.02779	0.00370	0.00287	0.05853
9	0.00709	0.00507	0.00679	0.00803	0.00848	0.00476	0.00556	0.00827	0.01115	0.01487	0.05685	0.70745	0.03736	0.01723	0.00722	0.00229	0.00341	0.07822	0.00525	0.00465
10	0.01343	0.05158	0.08363	0.16946	0.29032	0.04999	0.06321	0.04323	0.02270	0.01702	0.01004	0.01347	0.00821	0.00604	0.00759	0.00183	0.13292	0.00490	0.00278	0.00766
11	0.02615	0.07916	0.62013	0.01491	0.02222	0.01305	0.04067	0.01712	0.01220	0.01806	0.07499	0.01434	0.01113	0.00582	0.00535	0.00174	0.00764	0.00466	0.00274	0.00792
12	0.75088	0.06364	0.01001	0.00787	0.01141	0.04778	0.00654	0.01683	0.00999	0.02395	0.00787	0.00918	0.00622	0.00522	0.00356	0.00169	0.00472	0.00307	0.00339	0.00619
13	0.01473	0.73954	0.09276	0.01017	0.01529	0.02149	0.01058	0.01693	0.01147	0.01363	0.00802	0.00927	0.00721	0.00486	0.00376	0.00125	0.00621	0.00311	0.00240	0.00732
14	0.00826	0.00557	0.00725	0.00746	0.00855	0.00510	0.00535	0.01010	0.01352	0.05588	0.36606	0.36652	0.09093	0.01409	0.00682	0.00200	0.00304	0.01256	0.00575	0.00517
15	0.00766	0.00574	0.00710	0.00676	0.00822	0.00518	0.00507	0.01003	0.01521	0.02085	0.59938	0.04486	0.21894	0.01215	0.00664	0.00180	0.00270	0.01057	0.00597	0.00518
16	0.02468	0.00945	0.01288	0.00992	0.01417	0.00817	0.00817	0.02688	0.01610	0.74651	0.04649	0.01990	0.01521	0.00711	0.00569	0.00174	0.00472	0.00581	0.00694	0.00944
17	0.01422	0.01361	0.02772	0.12119	0.08957	0.08851	0.02407	0.06356	0.41088	0.02090	0.01922	0.01932	0.04817	0.00710	0.00568	0.00182	0.00582	0.00593	0.00459	0.00812
18	0.00686	0.00576	0.00599	0.00608	0.00792	0.00489	0.00466	0.00840	0.01291	0.01550	0.07187	0.05456	0.69345	0.01428	0.00673	0.00195	0.00302	0.06510	0.00525	0.00480
19	0.01239	0.01043	0.01206	0.00868	0.01364	0.00824	0.00697	0.06859	0.01277	0.01961	0.01026	0.01181	0.00843	0.00436	0.00428	0.00090	0.00432	0.00346	0.00350	0.77532
20	0.01355	0.01299	0.02217	0.11997	0.68461	0.01327	0.01709	0.01694	0.01264	0.01793	0.01052	0.01405	0.00875	0.00508	0.00558	0.00169	0.00678	0.00501	0.00275	0.00861
21	0.07883	0.10528	0.10796	0.07005	0.01798	0.03008	0.07760	0.08329	0.08087	0.14390	0.01745	0.08238	0.05234	0.00734	0.00545	0.00175	0.00593	0.00614	0.00428	0.02110
22	0.02391	0.01099	0.01385	0.01070	0.01503	0.01047	0.00881	0.17894	0.05309	0.58142	0.02041	0.01806	0.01317	0.00695	0.00566	0.00174	0.00507	0.00557	0.00663	0.00954
23	0.01049	0.00525	0.00525	0.00525	0.00656	0.00525	0.00393	0.01311	0.01180	0.02098	0.01836	0.02098	0.01442	0.00656	0.00393	0.00131	0.00262	0.00525	0.83346	0.00525
24	0.00684	0.00495	0.00648	0.00770	0.00813	0.00458	0.00516	0.00785	0.01091	0.01442	0.03272	0.74981	0.08486	0.01741	0.00715	0.00226	0.00324	0.01573	0.00522	0.00458
25	0.01448	0.01233	0.01300	0.01155	0.01482	0.01422	0.00902	0.07695	0.70912	0.02432	0.02229	0.02051	0.01668	0.00758	0.00572	0.00189	0.00457	0.00628	0.00572	0.00895
26	0.00867	0.00701	0.00788	0.00721	0.00944	0.00636	0.00555	0.03073	0.07424	0.01901	0.25806	0.04227	0.36396	0.01160	0.00630	0.00176	0.00323	0.03175	0.00535	0.09963
27	0.01257	0.01207	0.02091	0.26542	0.45669	0.01276	0.06326	0.01609	0.01252	0.01733	0.04803	0.01574	0.01066	0.00551	0.00571	0.00175	0.00692	0.00537	0.00287	0.00783
28	0.01481	0.01211	0.01290	0.01144	0.01473	0.01386	0.00895	0.05743	0.69435	0.05881	0.02251	0.02062	0.01673	0.00757	0.00572	0.00189	0.00454	0.00628	0.00578	0.00896
29	0.03612	0.01466	0.01557	0.01243	0.01655	0.01641	0.01011	0.53704	0.22578	0.03200	0.01596	0.01547	0.01158	0.00696	0.00561	0.00175	0.00568	0.00538	0.00561	0.00932
30	0.55579	0.01090	0.01040	0.00934	0.03687	0.01188	0.00736	0.07260	0.01240	0.17910	0.01210	0.01366	0.00901	0.00606	0.00431	0.00177	0.00469	0.03023	0.00440	0.00713
31	0.05295	0.00937	0.01247	0.00968	0.01382	0.00821	0.00797	0.02584	0.01578	0.69438	0.05123	0.02067	0.03647	0.00729	0.00565	0.00175	0.00464	0.00592	0.00676	0.00915
32	0.01435	0.01087	0.01625	0.44505	0.04611	0.01245	0.03959	0.14402	0.01457	0.10452	0.01270	0.01564	0.00922	0.00606	0.00571	0.00179	0.01781	0.00517	0.07087	0.00724
33	0.04810	0.22293	0.25194	0.01372	0.01904	0.04385	0.07770	0.08901	0.01329	0.06166	0.01025	0.01188	0.00792	0.00580	0.00620	0.00166	0.08185	0.00425	0.00310	0.02586
34	0.00965	0.00619	0.00776	0.00801	0.00955	0.00568	0.00625	0.01137	0.01267	0.10119	0.07312	0.19258	0.24562	0.07086	0.00853	0.00240	0.00398	0.21394	0.00533	0.00532
35	0.00673	0.00564	0.00585	0.00592	0.00768	0.00476	0.00439	0.00818	0.01282	0.01548	0.08803	0.10823	0.67829	0.01437	0.00669	0.00192	0.00287	0.01210	0.00527	0.00476
36	0.01192	0.06642	0.66267	0.01656	0.04998	0.01370	0.04552	0.03781	0.01234	0.01810	0.01014	0.01197	0.00731	0.00533	0.00532	0.00175	0.00813	0.00424	0.00250	0.00829
37	0.06327	0.12327	0.22613	0.01274	0.01822	0.04616	0.04550	0.13205	0.01541	0.24329	0.01378	0.01383	0.00954	0.00596	0.00520	0.00167	0.00656	0.00462	0.00434	0.00851
38	0.02132	0.00880	0.01178	0.00938	0.01299	0.00783	0.00758	0.02384	0.03483	0.58971	0.11439	0.02286	0.01917	0.03896	0.02483	0.00205	0.00472	0.00634	0.03007	0.00856

[dist]
# distance from previous block
# <min> <max>
0	9

[block]
# block no. 3 follows, 42 sequences, length 34
# corresponding to MSA columns:
# 301-334
name=unknown_D
#
# <colnr> <probs for GDERKNQSTAVLIFYWHMCP>
#	G	D	E	R	K	N	Q	S	T	A	V	L	I	F	Y	W	H	M	C	P
0	0.35054	0.08864	0.22243	0.02559	0.01577	0.01285	0.03162	0.04163	0.01150	0.03710	0.01038	0.01197	0.00788	0.00547	0.00431	0.00166	0.00567	0.00388	0.10417	0.00695
1	0.00701	0.00504	0.00640	0.00742	0.00785	0.00470	0.00490	0.00790	0.01064	0.01401	0.03180	0.63126	0.10422	0.11678	0.00985	0.00265	0.00350	0.01462	0.00499	0.00444
2	0.37215	0.27328	0.08602	0.00922	0.01358	0.01529	0.00882	0.01802	0.03643	0.08266	0.01008	0.01096	0.00785	0.00537	0.00397	0.00156	0.00525	0.00354	0.02894	0.00703
3	0.79654	0.05455	0.00944	0.00752	0.01108	0.01315	0.00629	0.01656	0.00968	0.02459	0.00784	0.00914	0.00616	0.00520	0.00349	0.00171	0.00444	0.00305	0.00342	0.00616
4	0.04581	0.04508	0.01143	0.00931	0.01170	0.01056	0.00739	0.17553	0.05444	0.02099	0.01722	0.09788	0.03655	0.03860	0.14199	0.00306	0.05064	0.00643	0.14615	0.06924
5	0.00788	0.00519	0.00696	0.00804	0.00861	0.00483	0.00552	0.00898	0.01113	0.05318	0.03052	0.73191	0.03585	0.01701	0.00713	0.00227	0.00341	0.04143	0.00531	0.00485
6	0.63970	0.01056	0.00946	0.00805	0.01175	0.01155	0.00663	0.01924	0.01119	0.20995	0.01139	0.01162	0.00804	0.00566	0.00402	0.00174	0.00446	0.00369	0.00435	0.00696
7	0.00686	0.00490	0.00653	0.00784	0.00816	0.00457	0.00522	0.00784	0.01077	0.01437	0.03102	0.79855	0.03722	0.01763	0.00718	0.00229	0.00326	0.01600	0.00522	0.00457
8	0.04741	0.01190	0.01426	0.01099	0.01530	0.01186	0.00907	0.30445	0.01990	0.44701	0.03689	0.01725	0.01299	0.00695	0.00561	0.00172	0.00526	0.00547	0.00633	0.00937
9	0.00793	0.00571	0.00725	0.00689	0.00807	0.00530	0.00501	0.01017	0.01475	0.02066	0.63060	0.04195	0.08400	0.11605	0.00954	0.00226	0.00303	0.01000	0.00578	0.00503
10	0.02525	0.00958	0.01306	0.01001	0.01437	0.00827	0.00827	0.02743	0.01611	0.77102	0.02220	0.01915	0.01393	0.00697	0.00566	0.00174	0.00479	0.00566	0.00697	0.00958
11	0.00707	0.00526	0.00659	0.00722	0.00810	0.00478	0.00505	0.00853	0.01240	0.01645	0.20721	0.46971	0.19000	0.01551	0.00695	0.00209	0.00304	0.01380	0.00545	0.00478
12	0.00907	0.00648	0.00907	0.01036	0.01166	0.00648	0.00907	0.01166	0.01296	0.01684	0.02980	0.06348	0.03239	0.01555	0.00777	0.00259	0.00518	0.72924	0.00518	0.00518
13	0.00822	0.00618	0.00895	0.00886	0.00969	0.00720	0.00674	0.00992	0.00891	0.01279	0.01515	0.02375	0.01469	0.14466	0.64935	0.00831	0.04245	0.00628	0.00305	0.00485
14	0.01129	0.02911	0.77306	0.01604	0.02436	0.01307	0.02079	0.01782	0.01188	0.01782	0.01010	0.01188	0.00713	0.00535	0.00535	0.00178	0.00832	0.00416	0.00238	0.00832
15	0.01072	0.00993	0.01641	0.53100	0.16601	0.01152	0.01441	0.01406	0.01167	0.01525	0.01488	0.06215	0.05590	0.00709	0.00585	0.00189	0.00675	0.03503	0.00297	0.00651
16	0.04431	0.01480	0.01614	0.01240	0.01686	0.01609	0.01025	0.63208	0.02462	0.13344	0.01452	0.01415	0.01006	0.00674	0.00558	0.00170	0.00595	0.00509	0.00575	0.00948
17	0.00753	0.00587	0.00837	0.15028	0.01372	0.00603	0.00707	0.00904	0.01097	0.01441	0.02861	0.61460	0.07177	0.01525	0.00687	0.00219	0.00402	0.01376	0.00473	0.00489
18	0.78897	0.01102	0.00939	0.00812	0.01171	0.01258	0.03582	0.01687	0.00988	0.04305	0.00833	0.00963	0.00638	0.00525	0.00366	0.00175	0.00457	0.00325	0.00354	0.00624
19	0.04036	0.01766	0.27342	0.01395	0.01933	0.02665	0.10892	0.04091	0.05994	0.10535	0.01336	0.05341	0.01051	0.00635	0.00621	0.00171	0.05384	0.00529	0.00363	0.13920
20	0.03148	0.16904	0.20724	0.09584	0.08982	0.08284	0.05581	0.03172	0.01274	0.07802	0.01259	0.08540	0.01082	0.00655	0.00528	0.00169	0.00699	0.00542	0.00323	0.00748
21	0.02139	0.01576	0.01689	0.01295	0.01745	0.01745	0.01070	0.74835	0.02646	0.03547	0.01351	0.01351	0.00957	0.00676	0.00563	0.00169	0.00619	0.00507	0.00563	0.00957
22	0.01228	0.01128	0.01298	0.05092	0.07886	0.06324	0.00827	0.01478	0.01201	0.01765	0.01081	0.04378	0.00943	0.00498	0.00455	0.00106	0.00494	0.00410	0.00329	0.63078
23	0.00978	0.00489	0.00733	0.00733	0.00733	0.00489	0.00489	0.00733	0.00733	0.00978	0.00978	0.01711	0.00978	0.01955	0.02199	0.83627	0.00489	0.00489	0.00244	0.00244
24	0.01711	0.08948	0.03713	0.01010	0.01321	0.02977	0.02652	0.03339	0.01293	0.33413	0.01700	0.01993	0.01321	0.11032	0.15153	0.00350	0.04116	0.00564	0.02662	0.00732
25	0.49514	0.07784	0.01239	0.00890	0.01288	0.01239	0.04019	0.04241	0.01158	0.11423	0.01122	0.01201	0.02352	0.00550	0.00412	0.00160	0.00479	0.00381	0.00388	0.10160
26	0.00804	0.00603	0.00904	0.00904	0.01005	0.00703	0.00703	0.01005	0.00904	0.01306	0.01507	0.02211	0.01407	0.04221	0.77992	0.00904	0.01507	0.00603	0.00301	0.00502
27	0.00692	0.00492	0.00651	0.00776	0.00807	0.00461	0.00514	0.00785	0.01066	0.01421	0.03042	0.76425	0.03647	0.05296	0.00815	0.00243	0.00336	0.01565	0.00514	0.00452
28	0.01332	0.03579	0.06710	0.09601	0.02770	0.01429	0.52080	0.01754	0.01262	0.04491	0.01110	0.01470	0.00842	0.00544	0.00750	0.00192	0.08447	0.00606	0.00289	0.00742
29	0.00718	0.00525	0.00669	0.00767	0.00830	0.00489	0.00523	0.02378	0.01154	0.01522	0.06075	0.66705	0.12206	0.01678	0.00707	0.00221	0.00326	0.01507	0.00527	0.00473
30	0.00702	0.00508	0.00667	0.00787	0.00840	0.00474	0.00545	0.00816	0.01110	0.01463	0.03291	0.68373	0.09241	0.01721	0.00719	0.00228	0.00338	0.07193	0.00522	0.00463
31	0.01215	0.01086	0.01189	0.00865	0.01354	0.04701	0.00688	0.01460	0.01189	0.01810	0.00994	0.01159	0.00828	0.00425	0.00421	0.00087	0.00447	0.00335	0.00331	0.79415
32	0.03291	0.21927	0.12699	0.03063	0.11579	0.06453	0.05002	0.02676	0.01211	0.01628	0.03427	0.01569	0.03743	0.03080	0.07608	0.00230	0.01967	0.00479	0.01914	0.06452
33	0.01280	0.01331	0.10078	0.21780	0.08395	0.01210	0.19949	0.08119	0.01324	0.04047	0.01253	0.01712	0.01000	0.07708	0.00777	0.00210	0.00721	0.00566	0.07834	0.00707

[dist]
# distance from previous block
# <min> <max>
1	2

[block]
# block no. 4 follows, 42 sequences, length 22
# corresponding to MSA columns:
# 337-358
name=unknown_E
#
# <colnr> <probs for GDERKNQSTAVLIFYWHMCP>
#	G	D	E	R	K	N	Q	S	T	A	V	L	I	F	Y	W	H	M	C	P
0	0.01364	0.10946	0.01266	0.00891	0.03619	0.01015	0.00700	0.11899	0.01400	0.05048	0.01386	0.01546	0.01090	0.00565	0.00432	0.00124	0.00421	0.00440	0.31554	0.24294
1	0.00727	0.00541	0.00677	0.00709	0.00815	0.00491	0.00507	0.00902	0.01330	0.01789	0.33603	0.33736	0.19221	0.01444	0.00685	0.00200	0.00293	0.01278	0.00562	0.00491
2	0.01167	0.01000	0.01167	0.00834	0.01334	0.00750	0.00667	0.01417	0.01167	0.01834	0.01000	0.01167	0.00834	0.00417	0.00417	0.00083	0.00417	0.00333	0.00333	0.83663
3	0.00701	0.00501	0.00640	0.00749	0.00796	0.00465	0.00501	0.00802	0.01084	0.01443	0.03219	0.67034	0.09887	0.06030	0.00823	0.00240	0.00333	0.01491	0.02807	0.00454
4	0.00835	0.00568	0.00748	0.00739	0.00858	0.00523	0.00540	0.01055	0.01459	0.04971	0.54357	0.23881	0.04742	0.01293	0.00674	0.00190	0.00290	0.01152	0.00597	0.00528
5	0.00978	0.00489	0.00733	0.00733	0.00733	0.00489	0.00489	0.00733	0.00733	0.00978	0.00978	0.01711	0.00978	0.01955	0.02199	0.83627	0.00489	0.00489	0.00244	0.00244
6	0.01724	0.01386	0.01457	0.01177	0.01581	0.03495	0.00946	0.35715	0.29442	0.02800	0.01635	0.01593	0.01215	0.00668	0.00544	0.00164	0.00536	0.00526	0.00526	0.12870
7	0.01115	0.02574	0.03261	0.00850	0.01022	0.00646	0.00646	0.03625	0.01241	0.14776	0.05610	0.46682	0.06267	0.03725	0.00766	0.02577	0.00394	0.01190	0.00525	0.02507
8	0.03018	0.36040	0.23684	0.03480	0.01918	0.03731	0.06212	0.08078	0.01323	0.04325	0.00983	0.01125	0.00773	0.00524	0.00466	0.00150	0.00695	0.00393	0.00292	0.02791
9	0.01186	0.14837	0.65886	0.01506	0.02283	0.01448	0.01908	0.01767	0.01181	0.01712	0.00975	0.01144	0.00714	0.00526	0.00508	0.00169	0.00796	0.00398	0.00238	0.00815
10	0.01062	0.00629	0.00806	0.00749	0.00929	0.00563	0.00565	0.01275	0.01471	0.15118	0.41581	0.15206	0.15443	0.01205	0.00655	0.00186	0.00315	0.01051	0.00604	0.00586
11	0.01502	0.52215	0.17472	0.01158	0.01668	0.08647	0.01203	0.01772	0.01194	0.03787	0.00878	0.01016	0.00742	0.00530	0.00482	0.00141	0.04248	0.00346	0.00259	0.00740
12	0.01447	0.01554	0.15049	0.13359	0.04923	0.01404	0.07454	0.23294	0.08234	0.02248	0.01324	0.03821	0.01049	0.02355	0.02383	0.00207	0.06218	0.00554	0.02335	0.00788
13	0.00703	0.00497	0.00648	0.00762	0.00790	0.00468	0.00499	0.00788	0.01044	0.01393	0.02932	0.70141	0.03508	0.11769	0.00992	0.00269	0.00354	0.01500	0.00499	0.00442
14	0.00686	0.00490	0.00653	0.00784	0.00816	0.00457	0.00522	0.00784	0.01077	0.01437	0.03102	0.79855	0.03722	0.01763	0.00718	0.00229	0.00326	0.01600	0.00522	0.00457
15	0.01635	0.00967	0.01175	0.06977	0.01444	0.00988	0.00812	0.21423	0.01733	0.19847	0.13198	0.04881	0.01943	0.00792	0.00554	0.00168	0.00459	0.02319	0.15818	0.02865
16	0.84197	0.01088	0.00827	0.00740	0.01088	0.01262	0.00609	0.01654	0.00958	0.02525	0.00784	0.00914	0.00609	0.00522	0.00348	0.00174	0.00435	0.00305	0.00348	0.00609
17	0.01400	0.01209	0.01273	0.01145	0.01463	0.01400	0.00891	0.02990	0.75695	0.02354	0.02291	0.02100	0.01718	0.00764	0.00573	0.00191	0.00445	0.00636	0.00573	0.00891
18	0.01129	0.02911	0.77306	0.01604	0.02436	0.01307	0.02079	0.01782	0.01188	0.01782	0.01010	0.01188	0.00713	0.00535	0.00535	0.00178	0.00832	0.00416	0.00238	0.00832
19	0.00684	0.00496	0.00646	0.00766	0.00812	0.00459	0.00515	0.00786	0.01094	0.01444	0.03317	0.73676	0.09761	0.01735	0.00714	0.00225	0.00323	0.01566	0.00522	0.00459
20	0.01273	0.13502	0.04757	0.01438	0.01565	0.01774	0.04086	0.01438	0.00935	0.01383	0.00771	0.01190	0.00740	0.00871	0.01524	0.00222	0.61172	0.00467	0.00247	0.00646
21	0.04398	0.01432	0.07069	0.07152	0.55950	0.01339	0.10967	0.01722	0.01261	0.01834	0.01052	0.01384	0.00857	0.00504	0.00562	0.00172	0.00710	0.00509	0.00278	0.00846

[dist]
# distance from previous block
# <min> <max>
0	34

[block]
# block no. 5 follows, 42 sequences, length 23
# corresponding to MSA columns:
# 393-415
name=unknown_F
#
# <colnr> <probs for GDERKNQSTAVLIFYWHMCP>
#	G	D	E	R	K	N	Q	S	T	A	V	L	I	F	Y	W	H	M	C	P
0	0.01151	0.03673	0.01010	0.00863	0.01126	0.00935	0.00673	0.01882	0.30653	0.08206	0.09965	0.05138	0.30371	0.01054	0.00611	0.00186	0.00375	0.00881	0.00555	0.00692
1	0.00788	0.00630	0.02590	0.00724	0.00876	0.00543	0.00564	0.01043	0.01524	0.02123	0.62665	0.07076	0.12957	0.01196	0.00665	0.00182	0.00289	0.02442	0.00594	0.00529
2	0.01375	0.01340	0.02349	0.06126	0.67897	0.01341	0.07799	0.01723	0.01280	0.01821	0.01063	0.01407	0.00883	0.00501	0.00566	0.00170	0.00695	0.00515	0.00278	0.00871
3	0.01193	0.09714	0.53670	0.01707	0.04994	0.01391	0.13266	0.01748	0.01200	0.01729	0.01028	0.01255	0.00765	0.00643	0.03149	0.00199	0.00846	0.00453	0.00249	0.00801
4	0.01505	0.80561	0.02949	0.00963	0.01444	0.02227	0.00963	0.01685	0.01143	0.01324	0.00782	0.00903	0.00722	0.00481	0.00361	0.00120	0.00602	0.00301	0.00241	0.00722
5	0.01304	0.01262	0.02134	0.18723	0.50689	0.01366	0.04166	0.01628	0.01204	0.01700	0.01013	0.01401	0.00844	0.00568	0.00707	0.00181	0.09534	0.00506	0.00269	0.00801
6	0.14679	0.02660	0.09032	0.01104	0.03599	0.01058	0.02209	0.04655	0.10751	0.31821	0.05988	0.04232	0.02894	0.00718	0.00536	0.00177	0.00501	0.00579	0.01990	0.00817
7	0.00725	0.00510	0.00652	0.00738	0.00785	0.00479	0.00492	0.00834	0.01106	0.01498	0.10668	0.56963	0.05844	0.12301	0.00992	0.00262	0.00347	0.01388	0.02964	0.00452
8	0.00741	0.00566	0.00689	0.00737	0.00866	0.00514	0.00561	0.00919	0.01296	0.01676	0.18517	0.23753	0.30789	0.01479	0.00699	0.00210	0.00335	0.14626	0.00541	0.00490
9	0.00899	0.00695	0.03151	0.00835	0.00952	0.02601	0.00653	0.01076	0.00973	0.01440	0.01593	0.06046	0.01495	0.07317	0.45808	0.06603	0.01058	0.00630	0.15683	0.00491
10	0.01207	0.13009	0.58661	0.01687	0.07659	0.01436	0.05263	0.01766	0.01195	0.01727	0.00989	0.01180	0.00733	0.00522	0.00519	0.00170	0.00795	0.00418	0.00243	0.00818
11	0.01478	0.74988	0.08286	0.01009	0.01516	0.02161	0.01043	0.01692	0.01147	0.01357	0.00799	0.00923	0.00722	0.00485	0.00374	0.00125	0.00618	0.00309	0.00241	0.00730
12	0.00978	0.00489	0.00733	0.00733	0.00733	0.00489	0.00489	0.00733	0.00733	0.00978	0.00978	0.01711	0.00978	0.01955	0.02199	0.83627	0.00489	0.00489	0.00244	0.00244
13	0.01328	0.01379	0.07546	0.05334	0.58037	0.01272	0.03367	0.03222	0.01301	0.01842	0.01258	0.01891	0.01115	0.00617	0.00581	0.00179	0.00673	0.07915	0.00305	0.00839
14	0.01203	0.06391	0.69037	0.01573	0.02367	0.01335	0.03961	0.01814	0.01206	0.04550	0.01048	0.01211	0.00742	0.00537	0.00531	0.00176	0.00811	0.00423	0.00256	0.00829
15	0.01643	0.01522	0.01188	0.01049	0.01305	0.27982	0.00811	0.18009	0.01632	0.02109	0.01364	0.01560	0.01080	0.00900	0.06279	0.00202	0.00699	0.00470	0.29532	0.00664
16	0.00665	0.00570	0.00570	0.00570	0.00760	0.00475	0.00428	0.00808	0.01283	0.01520	0.05701	0.05416	0.76483	0.01425	0.00665	0.00190	0.00285	0.01188	0.00523	0.00475
17	0.00961	0.01430	0.27239	0.01203	0.04933	0.00866	0.01146	0.04487	0.01276	0.01796	0.13781	0.30411	0.02638	0.02692	0.00676	0.00205	0.00529	0.02667	0.00426	0.00639
18	0.01167	0.01000	0.01167	0.00834	0.01334	0.00750	0.00667	0.01417	0.01167	0.01834	0.01000	0.01167	0.00834	0.00417	0.00417	0.00083	0.00417	0.00333	0.00333	0.83663
19	0.00741	0.00546	0.00693	0.00796	0.00853	0.00529	0.00539	0.00944	0.06431	0.01493	0.03084	0.68874	0.06038	0.04584	0.00785	0.00236	0.00342	0.01487	0.00519	0.00485
20	0.00843	0.00659	0.00792	0.03379	0.01015	0.00653	0.00602	0.02748	0.10327	0.01766	0.17114	0.30089	0.20660	0.03357	0.00726	0.00212	0.00352	0.03629	0.00534	0.00543
21	0.01403	0.27124	0.11724	0.01146	0.01545	0.01516	0.03156	0.14029	0.04647	0.04397	0.01465	0.13338	0.01373	0.00979	0.04719	0.00210	0.04129	0.01991	0.00378	0.00732
22	0.01852	0.01326	0.01473	0.01187	0.01545	0.01453	0.00958	0.52905	0.04423	0.07290	0.03193	0.13908	0.01523	0.00872	0.00633	0.00182	0.03169	0.00697	0.00555	0.00856

[dist]
# distance from previous block
# <min> <max>
1	10

[block]
# block no. 6 follows, 42 sequences, length 28
# corresponding to MSA columns:
# 427-454
name=unknown_G
#
# <colnr> <probs for GDERKNQSTAVLIFYWHMCP>
#	G	D	E	R	K	N	Q	S	T	A	V	L	I	F	Y	W	H	M	C	P
0	0.07156	0.09052	0.16969	0.02000	0.22993	0.11178	0.08078	0.03401	0.04625	0.03091	0.01112	0.01409	0.00904	0.00578	0.00571	0.00171	0.03161	0.02459	0.00306	0.00786
1	0.00748	0.00544	0.00716	0.04231	0.00929	0.00524	0.00543	0.00887	0.01175	0.01592	0.20941	0.45031	0.05642	0.12618	0.00999	0.00258	0.00360	0.01286	0.00509	0.00467
2	0.01620	0.28784	0.02041	0.03213	0.08831	0.23196	0.01040	0.07474	0.01391	0.01618	0.02600	0.01259	0.00928	0.04121	0.00606	0.00158	0.02842	0.00405	0.00304	0.07572
3	0.01343	0.01177	0.06702	0.00967	0.01474	0.00879	0.02396	0.06960	0.01327	0.08192	0.02881	0.01322	0.00985	0.00486	0.00459	0.00108	0.00474	0.00394	0.00379	0.61094
4	0.02903	0.29925	0.20966	0.04860	0.06402	0.06152	0.03588	0.07429	0.05171	0.01747	0.01175	0.01317	0.03456	0.00578	0.00508	0.00157	0.02165	0.00433	0.00301	0.00767
5	0.01232	0.17112	0.01389	0.00915	0.01108	0.04805	0.00715	0.11675	0.01197	0.01546	0.01354	0.04108	0.01362	0.25494	0.13383	0.07294	0.03828	0.00593	0.00337	0.00552
6	0.00813	0.00543	0.00615	0.00621	0.00622	0.00542	0.00349	0.00817	0.00829	0.01106	0.01830	0.06935	0.02118	0.76872	0.02773	0.00532	0.00536	0.00852	0.00349	0.00346
7	0.50014	0.02761	0.02579	0.00925	0.01298	0.01382	0.00774	0.19129	0.08934	0.02696	0.01115	0.01188	0.00840	0.00588	0.00427	0.00172	0.00484	0.00397	0.03574	0.00724
8	0.00880	0.00588	0.00729	0.00718	0.00857	0.00528	0.00519	0.01051	0.01325	0.07381	0.29526	0.24371	0.18713	0.07287	0.00832	0.00219	0.00326	0.01143	0.00552	0.02456
9	0.03773	0.14429	0.51902	0.01708	0.11513	0.01462	0.01794	0.01743	0.01176	0.01729	0.00966	0.01163	0.00734	0.00536	0.00546	0.00170	0.03190	0.00408	0.00247	0.00809
10	0.01325	0.12070	0.14848	0.08500	0.12911	0.03541	0.33817	0.01747	0.01257	0.01692	0.01034	0.01347	0.00805	0.00508	0.00598	0.00175	0.02260	0.00529	0.00267	0.00768
11	0.00805	0.00598	0.00880	0.00880	0.00973	0.00690	0.00673	0.00989	0.00897	0.01289	0.01529	0.02333	0.01460	0.10508	0.71778	0.00875	0.01428	0.00621	0.00305	0.00489
12	0.00762	0.00528	0.00625	0.00671	0.00694	0.00510	0.00410	0.00805	0.00939	0.01240	0.02487	0.30540	0.07329	0.47702	0.01972	0.00412	0.00452	0.01116	0.00416	0.00390
13	0.02394	0.01096	0.01386	0.01071	0.01502	0.01039	0.00886	0.19662	0.01846	0.57920	0.02035	0.01893	0.01336	0.00713	0.00571	0.00175	0.00513	0.02355	0.00661	0.00947
14	0.02525	0.00958	0.01306	0.01001	0.01437	0.00827	0.00827	0.02743	0.01611	0.77102	0.02220	0.01915	0.01393	0.00697	0.00566	0.00174	0.00479	0.00566	0.00697	0.00958
15	0.01334	0.01277	0.02179	0.16818	0.63806	0.01322	0.01698	0.01676	0.01254	0.01768	0.01048	0.01412	0.00866	0.00512	0.00558	0.00171	0.00683	0.00501	0.00274	0.00844
16	0.02007	0.01444	0.01565	0.01237	0.01657	0.01593	0.01010	0.52932	0.18767	0.09367	0.01631	0.01564	0.01162	0.00697	0.00565	0.00174	0.00569	0.00540	0.00576	0.00942
17	0.00686	0.00490	0.00653	0.00784	0.00816	0.00457	0.00522	0.00784	0.01077	0.01437	0.03102	0.79855	0.03722	0.01763	0.00718	0.00229	0.00326	0.01600	0.00522	0.00457
18	0.00709	0.00564	0.00636	0.00634	0.00791	0.00491	0.00470	0.00886	0.01362	0.01746	0.27936	0.12154	0.46891	0.01370	0.00670	0.00190	0.00283	0.01173	0.00553	0.00491
19	0.05350	0.01244	0.01444	0.01122	0.01542	0.01281	0.00921	0.36494	0.03927	0.34644	0.01735	0.01661	0.01181	0.02489	0.02147	0.00195	0.00564	0.00536	0.00602	0.00920
20	0.02139	0.01576	0.01689	0.01295	0.01745	0.01745	0.01070	0.74835	0.02646	0.03547	0.01351	0.01351	0.00957	0.00676	0.00563	0.00169	0.00619	0.00507	0.00563	0.00957
21	0.01063	0.01000	0.01688	0.78870	0.03876	0.01250	0.01563	0.01438	0.01125	0.01438	0.01000	0.01500	0.00750	0.00563	0.00563	0.00188	0.00750	0.00500	0.00250	0.00625
22	0.02182	0.01509	0.01647	0.01263	0.01711	0.01645	0.01043	0.66940	0.02533	0.11602	0.01446	0.01413	0.01005	0.00678	0.00563	0.00169	0.00604	0.00513	0.00578	0.00957
23	0.00818	0.00546	0.00614	0.00614	0.00614	0.00546	0.00341	0.00818	0.00818	0.01091	0.01773	0.03683	0.02046	0.80222	0.02864	0.00546	0.00546	0.00818	0.00341	0.00341
24	0.01214	0.04352	0.40489	0.07192	0.02615	0.01382	0.26116	0.01797	0.04054	0.01763	0.01087	0.01348	0.00802	0.00536	0.00611	0.00183	0.02895	0.00512	0.00267	0.00787
25	0.00685	0.00571	0.00598	0.00591	0.00772	0.00484	0.00443	0.00846	0.01330	0.01633	0.16486	0.05231	0.65628	0.01383	0.00665	0.00188	0.00282	0.01162	0.00537	0.00484
26	0.01505	0.80561	0.02949	0.00963	0.01444	0.02227	0.00963	0.01685	0.01143	0.01324	0.00782	0.00903	0.00722	0.00481	0.00361	0.00120	0.00602	0.00301	0.00241	0.00722
27	0.03097	0.44651	0.17912	0.01314	0.06861	0.03931	0.01250	0.10117	0.01354	0.03499	0.00949	0.01073	0.00772	0.00524	0.00442	0.00144	0.00661	0.00370	0.00294	0.00785

[dist]
# distance from previous block
# <min> <max>
0	1

[block]
# block no. 7 follows, 42 sequences, length 30
# corresponding to MSA columns:
# 456-485
name=unknown_H
#
# <colnr> <probs for GDERKNQSTAVLIFYWHMCP>
#	G	D	E	R	K	N	Q	S	T	A	V	L	I	F	Y	W	H	M	C	P
0	0.00842	0.00653	0.00951	0.00930	0.01014	0.00779	0.00719	0.01020	0.00894	0.01293	0.01463	0.02247	0.01402	0.10199	0.65228	0.00818	0.08140	0.00611	0.00300	0.00499
1	0.01200	0.01185	0.01664	0.01436	0.01443	0.01649	0.01193	0.01329	0.00865	0.01351	0.00795	0.01303	0.00788	0.01222	0.07423	0.00294	0.73503	0.00501	0.00250	0.00607
2	0.84197	0.01088	0.00827	0.00740	0.01088	0.01262	0.00609	0.01654	0.00958	0.02525	0.00784	0.00914	0.00609	0.00522	0.00348	0.00174	0.00435	0.00305	0.00348	0.00609
3	0.01289	0.00913	0.01027	0.00884	0.01073	0.00974	0.00653	0.26837	0.01564	0.02131	0.08852	0.02712	0.03602	0.31102	0.07814	0.02775	0.00604	0.00697	0.03901	0.00597
4	0.84197	0.01088	0.00827	0.00740	0.01088	0.01262	0.00609	0.01654	0.00958	0.02525	0.00784	0.00914	0.00609	0.00522	0.00348	0.00174	0.00435	0.00305	0.00348	0.00609
5	0.00907	0.00648	0.00907	0.01036	0.01166	0.00648	0.00907	0.01166	0.01296	0.01684	0.02980	0.06348	0.03239	0.01555	0.00777	0.00259	0.00518	0.72924	0.00518	0.00518
6	0.00796	0.00575	0.00752	0.00708	0.00841	0.00531	0.00531	0.01062	0.01593	0.02257	0.76415	0.04204	0.05310	0.01150	0.00664	0.00177	0.00265	0.01018	0.00619	0.00531
7	0.01167	0.01000	0.01167	0.00834	0.01334	0.00750	0.00667	0.01417	0.01167	0.01834	0.01000	0.01167	0.00834	0.00417	0.00417	0.00083	0.00417	0.00333	0.00333	0.83663
8	0.00690	0.00492	0.00652	0.00778	0.00809	0.00460	0.00516	0.00785	0.01068	0.01425	0.03055	0.77199	0.03664	0.04499	0.00793	0.00240	0.00334	0.01573	0.00516	0.00453
9	0.02525	0.00958	0.01306	0.01001	0.01437	0.00827	0.00827	0.02743	0.01611	0.77102	0.02220	0.01915	0.01393	0.00697	0.00566	0.00174	0.00479	0.00566	0.00697	0.00958
10	0.01505	0.80561	0.02949	0.00963	0.01444	0.02227	0.00963	0.01685	0.01143	0.01324	0.00782	0.00903	0.00722	0.00481	0.00361	0.00120	0.00602	0.00301	0.00241	0.00722
11	0.00685	0.00494	0.00648	0.00772	0.00813	0.00458	0.00517	0.00785	0.01089	0.01441	0.03244	0.75776	0.07709	0.01745	0.00715	0.00226	0.00324	0.01577	0.00522	0.00458
12	0.00818	0.00546	0.00614	0.00614	0.00614	0.00546	0.00341	0.00818	0.00818	0.01091	0.01773	0.03683	0.02046	0.80222	0.02864	0.00546	0.00546	0.00818	0.00341	0.00341
13	0.02102	0.02682	0.01595	0.01450	0.01740	0.77963	0.01087	0.02247	0.01595	0.01377	0.00870	0.01015	0.00725	0.00580	0.00507	0.00145	0.01015	0.00362	0.00290	0.00652
14	0.01231	0.01231	0.01724	0.01477	0.01477	0.01724	0.01231	0.01354	0.00862	0.01354	0.00739	0.01231	0.00739	0.00985	0.01847	0.00246	0.79192	0.00492	0.00246	0.00616
15	0.01393	0.01337	0.02284	0.03454	0.76712	0.01337	0.01727	0.01727	0.01281	0.01839	0.01059	0.01393	0.00891	0.00501	0.00557	0.00167	0.00669	0.00501	0.00279	0.00891
16	0.01427	0.01265	0.01285	0.01157	0.01474	0.04325	0.00898	0.02962	0.72864	0.02317	0.02236	0.02058	0.01680	0.00756	0.00570	0.00189	0.00467	0.00626	0.00562	0.00882
17	0.60340	0.11018	0.01258	0.00887	0.01262	0.05520	0.02826	0.04788	0.01123	0.05471	0.00882	0.00996	0.00684	0.00533	0.00386	0.00166	0.00511	0.00337	0.00354	0.00659
18	0.11037	0.06238	0.03525	0.00973	0.01401	0.00986	0.00835	0.04128	0.01503	0.56932	0.01901	0.01717	0.01238	0.00657	0.00521	0.00169	0.00486	0.00513	0.04358	0.00882
19	0.01129	0.02911	0.77306	0.01604	0.02436	0.01307	0.02079	0.01782	0.01188	0.01782	0.01010	0.01188	0.00713	0.00535	0.00535	0.00178	0.00832	0.00416	0.00238	0.00832
20	0.01556	0.59169	0.02597	0.01099	0.01491	0.13084	0.01015	0.01724	0.01172	0.01336	0.00789	0.00961	0.00725	0.00560	0.00573	0.00140	0.10728	0.00334	0.00249	0.00698
21	0.00792	0.00575	0.00746	0.00704	0.00838	0.00529	0.00528	0.01054	0.01583	0.02233	0.74131	0.04243	0.07609	0.01159	0.00664	0.00177	0.00266	0.01023	0.00616	0.00529
22	0.01231	0.01231	0.01724	0.01477	0.01477	0.01724	0.01231	0.01354	0.00862	0.01354	0.00739	0.01231	0.00739	0.00985	0.01847	0.00246	0.79192	0.00492	0.00246	0.00616
23	0.00796	0.00538	0.00618	0.00636	0.00646	0.00531	0.00369	0.00813	0.00867	0.01151	0.02061	0.14377	0.04222	0.67199	0.02507	0.00492	0.00508	0.00937	0.00371	0.00361
24	0.01418	0.01266	0.01275	0.01157	0.01466	0.05564	0.00902	0.02874	0.68558	0.02273	0.02241	0.02216	0.01726	0.00786	0.00578	0.00191	0.00480	0.03611	0.00555	0.00862
25	0.01862	0.01302	0.01463	0.01263	0.04999	0.03366	0.00970	0.36511	0.12291	0.14140	0.01717	0.07276	0.01338	0.00771	0.00616	0.00177	0.03619	0.00610	0.04845	0.00865
26	0.05631	0.01169	0.11387	0.01017	0.01346	0.00973	0.00920	0.13464	0.04449	0.11420	0.27714	0.05498	0.04459	0.00935	0.00636	0.00185	0.02384	0.05173	0.00531	0.00708
27	0.01833	0.05122	0.01531	0.01134	0.01534	0.01356	0.02704	0.41454	0.02013	0.12213	0.01544	0.06906	0.01219	0.00860	0.03769	0.00192	0.00589	0.00572	0.04386	0.09069
28	0.01805	0.13519	0.05220	0.01184	0.01602	0.01602	0.01028	0.43766	0.02001	0.06091	0.01310	0.03432	0.01036	0.03081	0.03606	0.00202	0.03884	0.00506	0.00464	0.04661
29	0.01596	0.14742	0.01838	0.03177	0.07810	0.10078	0.01086	0.13310	0.02966	0.06707	0.01101	0.03108	0.00925	0.00694	0.00827	0.00171	0.19919	0.00467	0.00354	0.09125

[dist]
# distance from previous block
# <min> <max>
16	260

[block]
# block no. 8 follows, 42 sequences, length 67
# corresponding to MSA columns:
# 746-812
name=unknown_I
#
# <colnr> <probs for GDERKNQSTAVLIFYWHMCP>
#	G	D	E	R	K	N	Q	S	T	A	V	L	I	F	Y	W	H	M	C	P
0	0.09613	0.09173	0.28636	0.01280	0.03641	0.05034	0.01295	0.13757	0.03424	0.03894	0.05139	0.06571	0.03176	0.00695	0.00525	0.00171	0.00638	0.00544	0.00373	0.02421
1	0.03537	0.09940	0.04822	0.01093	0.01432	0.13762	0.00911	0.22854	0.05337	0.07415	0.03451	0.05925	0.01331	0.05594	0.02285	0.00200	0.00624	0.00559	0.08188	0.00740
2	0.06028	0.06970	0.03399	0.01142	0.01557	0.05495	0.00954	0.37902	0.06972	0.04355	0.01372	0.05100	0.01095	0.00776	0.02881	0.00180	0.00605	0.00514	0.00469	0.12235
3	0.01841	0.07507	0.05545	0.02947	0.03707	0.03361	0.04802	0.49739	0.02159	0.02883	0.01368	0.03312	0.02518	0.00663	0.00548	0.00164	0.00633	0.00523	0.00475	0.05308
4	0.11680	0.08211	0.01252	0.00937	0.01242	0.05143	0.00767	0.12589	0.03509	0.09729	0.20886	0.02438	0.02251	0.00928	0.03241	0.00192	0.00507	0.05613	0.02639	0.06244
5	0.03920	0.05020	0.03095	0.01024	0.01340	0.03041	0.00827	0.26902	0.06325	0.06367	0.03629	0.16763	0.05288	0.02711	0.00705	0.04391	0.00506	0.00744	0.00488	0.06914
6	0.34191	0.05550	0.21680	0.04666	0.01850	0.01386	0.07966	0.11146	0.01293	0.02270	0.00965	0.01131	0.00721	0.00538	0.00467	0.00172	0.00634	0.00403	0.00331	0.02642
7	0.11840	0.40209	0.11443	0.01068	0.01529	0.09178	0.01041	0.06818	0.01293	0.01750	0.04711	0.01185	0.00974	0.00635	0.02207	0.00160	0.00650	0.00380	0.00304	0.02625
8	0.03637	0.51876	0.06544	0.01152	0.04769	0.07215	0.01037	0.01821	0.06667	0.03193	0.02575	0.01144	0.00916	0.00543	0.00453	0.00138	0.02488	0.00372	0.00294	0.03168
9	0.03536	0.15748	0.01654	0.03123	0.01521	0.03155	0.05357	0.11891	0.11022	0.02004	0.03249	0.08862	0.03525	0.00697	0.00508	0.00148	0.00524	0.00575	0.00403	0.22499
10	0.01432	0.10256	0.23603	0.01317	0.03698	0.01424	0.01280	0.14827	0.21993	0.04043	0.03244	0.03623	0.01366	0.00718	0.00553	0.00179	0.00609	0.04574	0.00430	0.00830
11	0.05608	0.18755	0.01413	0.00957	0.03092	0.01128	0.00779	0.05299	0.06632	0.07768	0.14713	0.06928	0.08596	0.03060	0.00630	0.00189	0.00458	0.11476	0.01865	0.00653
12	0.00686	0.00490	0.00653	0.00784	0.00816	0.00457	0.00522	0.00784	0.01077	0.01437	0.03102	0.79855	0.03722	0.01763	0.00718	0.00229	0.00326	0.01600	0.00522	0.00457
13	0.03691	0.02653	0.64829	0.01757	0.07581	0.01315	0.06860	0.01776	0.01197	0.01810	0.01015	0.01216	0.00732	0.00528	0.00539	0.00178	0.00816	0.00435	0.00247	0.00824
14	0.00924	0.00667	0.00920	0.01040	0.01176	0.00674	0.00906	0.01230	0.03889	0.01708	0.02956	0.06200	0.03186	0.01527	0.00770	0.00257	0.00516	0.70404	0.00520	0.00531
15	0.00696	0.00587	0.00605	0.00597	0.00786	0.00504	0.00449	0.00887	0.03263	0.01607	0.11821	0.05222	0.68271	0.01384	0.00663	0.00189	0.00288	0.01158	0.00532	0.00491
16	0.00819	0.00609	0.00786	0.00858	0.00989	0.00583	0.00696	0.01060	0.02930	0.01714	0.14500	0.17024	0.18210	0.01483	0.00724	0.00227	0.00403	0.35339	0.00536	0.00510
17	0.00774	0.00574	0.00722	0.00685	0.00827	0.00522	0.00514	0.01019	0.01541	0.02133	0.64570	0.04407	0.17232	0.01197	0.00664	0.00179	0.00269	0.01046	0.00603	0.00522
18	0.01303	0.01245	0.02122	0.23993	0.56875	0.01313	0.01682	0.01648	0.01239	0.01729	0.01043	0.01422	0.00853	0.00518	0.00559	0.00173	0.00691	0.00501	0.00271	0.00819
19	0.01531	0.48903	0.16734	0.01229	0.03349	0.12544	0.01217	0.04325	0.01264	0.01508	0.00863	0.01006	0.00733	0.00523	0.00456	0.00140	0.02327	0.00347	0.00259	0.00743
20	0.00965	0.00613	0.00806	0.00737	0.00899	0.00560	0.00560	0.01226	0.01595	0.09550	0.69185	0.03981	0.04928	0.01106	0.00654	0.00177	0.00286	0.00974	0.00627	0.00573
21	0.01587	0.05167	0.13075	0.03759	0.29741	0.15681	0.01424	0.09101	0.01463	0.05671	0.01189	0.01371	0.02513	0.00564	0.00532	0.00159	0.00719	0.00464	0.00330	0.05490
22	0.06273	0.01230	0.08224	0.01079	0.01525	0.01045	0.00952	0.13440	0.05762	0.45620	0.03672	0.03806	0.01384	0.00706	0.00555	0.00174	0.00518	0.00566	0.00595	0.02874
23	0.84197	0.01088	0.00827	0.00740	0.01088	0.01262	0.00609	0.01654	0.00958	0.02525	0.00784	0.00914	0.00609	0.00522	0.00348	0.00174	0.00435	0.00305	0.00348	0.00609
24	0.01953	0.09937	0.10144	0.01105	0.01538	0.07177	0.00994	0.09350	0.06049	0.35490	0.04835	0.01800	0.01368	0.04935	0.00663	0.00187	0.00581	0.00535	0.00520	0.00839
25	0.01129	0.02911	0.77306	0.01604	0.02436	0.01307	0.02079	0.01782	0.01188	0.01782	0.01010	0.01188	0.00713	0.00535	0.00535	0.00178	0.00832	0.00416	0.00238	0.00832
