[name]
unknown

[dist]
# distance from previous block
# <min> <max>
9	100

[block]
# block no. 0 follows, 45 sequences, length 59
# corresponding to MSA columns:
# 103-161
name=unknown_A
#
# <colnr> <probs for GDERKNQSTAVLIFYWHMCP>
#	G	D	E	R	K	N	Q	S	T	A	V	L	I	F	Y	W	H	M	C	P
0	0.03113	0.01096	0.02922	0.07534	0.18288	0.01139	0.01034	0.08762	0.24943	0.07693	0.11090	0.03352	0.05242	0.00727	0.00553	0.00172	0.00489	0.00625	0.00460	0.00767
1	0.00654	0.00467	0.00623	0.00747	0.00779	0.00436	0.00498	0.00747	0.01028	0.01370	0.02959	0.80785	0.03550	0.01682	0.00685	0.00218	0.00311	0.01526	0.00498	0.00436
2	0.01041	0.01047	0.04650	0.38052	0.11879	0.01158	0.04314	0.01338	0.01081	0.01456	0.01386	0.06461	0.04307	0.00763	0.00753	0.00193	0.12618	0.06599	0.00289	0.00616
3	0.00932	0.00466	0.00699	0.00699	0.00699	0.00466	0.00466	0.00699	0.00699	0.00932	0.00932	0.01632	0.00932	0.01865	0.02098	0.84382	0.00466	0.00466	0.00233	0.00233
4	0.01894	0.08060	0.01772	0.01435	0.01750	0.66039	0.08235	0.02065	0.01466	0.01349	0.00848	0.01007	0.00703	0.00537	0.00488	0.00141	0.00934	0.00369	0.00273	0.00637
5	0.01163	0.00961	0.01110	0.00821	0.01269	0.00774	0.00654	0.01531	0.08828	0.03592	0.01128	0.01245	0.00909	0.00444	0.00415	0.00093	0.00398	0.00358	0.02645	0.71661
6	0.08062	0.01698	0.26903	0.09666	0.02350	0.01213	0.26276	0.01681	0.02120	0.06122	0.02159	0.01606	0.00959	0.00574	0.00580	0.00180	0.02299	0.04536	0.00300	0.00716
7	0.00749	0.00541	0.00708	0.00682	0.00800	0.00500	0.00506	0.00987	0.01471	0.02075	0.70128	0.11605	0.04915	0.01155	0.00638	0.00174	0.00259	0.01026	0.00582	0.00500
8	0.01144	0.04302	0.49698	0.04128	0.05230	0.01295	0.09291	0.04723	0.01167	0.01695	0.00993	0.01241	0.00752	0.00742	0.05124	0.00214	0.06816	0.00443	0.00250	0.00751
9	0.01310	0.17919	0.49304	0.01392	0.02053	0.03482	0.05248	0.05452	0.01236	0.06374	0.01010	0.01141	0.00740	0.00515	0.00486	0.00158	0.00730	0.00399	0.00273	0.00778
10	0.00767	0.00574	0.00855	0.00855	0.00948	0.00667	0.00662	0.00954	0.00860	0.01240	0.01445	0.02147	0.01359	0.06139	0.76918	0.00853	0.01413	0.00581	0.00289	0.00475
11	0.00749	0.00507	0.00595	0.00626	0.00634	0.00499	0.00369	0.00772	0.00842	0.01123	0.02009	0.22857	0.02352	0.61245	0.02220	0.00445	0.00468	0.00967	0.00369	0.00353
12	0.01291	0.01000	0.01046	0.05430	0.01297	0.07449	0.00739	0.11215	0.14259	0.10691	0.11626	0.09191	0.20635	0.00961	0.00582	0.00175	0.00445	0.00801	0.00508	0.00660
13	0.01451	0.01490	0.07925	0.09999	0.38502	0.10067	0.04571	0.04982	0.01288	0.07257	0.01054	0.01311	0.00831	0.00548	0.00618	0.00167	0.06393	0.00467	0.00300	0.00778
14	0.02400	0.00926	0.01254	0.00961	0.01377	0.00808	0.00794	0.04211	0.01558	0.76534	0.02100	0.01815	0.01320	0.00664	0.00540	0.00166	0.00460	0.00539	0.00662	0.00914
15	0.00767	0.00575	0.00863	0.00863	0.00959	0.00671	0.00671	0.00959	0.00863	0.01246	0.01438	0.02109	0.01342	0.04026	0.79008	0.00863	0.01438	0.00575	0.00288	0.00479
16	0.80033	0.01099	0.02867	0.00745	0.01092	0.01220	0.00633	0.03984	0.00971	0.02421	0.00771	0.00892	0.00595	0.00503	0.00344	0.00166	0.00431	0.00300	0.00336	0.00598
17	0.01819	0.01062	0.04428	0.08621	0.01684	0.00927	0.04029	0.06684	0.04211	0.40224	0.01620	0.01579	0.01100	0.00645	0.01934	0.00163	0.00527	0.00487	0.00500	0.17756
18	0.01332	0.51394	0.11685	0.01342	0.07878	0.01800	0.08981	0.01595	0.01112	0.01408	0.00893	0.03370	0.00799	0.00522	0.00479	0.00140	0.03923	0.00396	0.00245	0.00707
19	0.01166	0.01181	0.01692	0.08969	0.01712	0.04624	0.07264	0.01343	0.00933	0.01357	0.02934	0.01343	0.00870	0.01020	0.05740	0.00254	0.56254	0.00499	0.00253	0.00592
20	0.00781	0.00520	0.00585	0.00585	0.00585	0.00520	0.00325	0.00781	0.00781	0.01041	0.01691	0.03513	0.01952	0.81135	0.02732	0.00520	0.00520	0.00781	0.00325	0.00325
21	0.02120	0.07789	0.01613	0.01128	0.01559	0.01309	0.03899	0.35051	0.01927	0.35641	0.01597	0.01494	0.01071	0.00630	0.00526	0.00160	0.00544	0.00498	0.00557	0.00887
22	0.01145	0.00972	0.01664	0.59294	0.03185	0.01135	0.08705	0.01485	0.01128	0.07715	0.01144	0.03592	0.00877	0.00579	0.00562	0.00178	0.01855	0.00526	0.03633	0.00627
23	0.00639	0.00544	0.00551	0.00549	0.00728	0.00455	0.00412	0.00780	0.01235	0.01477	0.08244	0.05121	0.74745	0.01349	0.00634	0.00181	0.00271	0.01127	0.00502	0.00455
24	0.01839	0.01316	0.01404	0.01100	0.01473	0.01449	0.00901	0.61061	0.03838	0.03111	0.01390	0.01431	0.01011	0.00643	0.00508	0.00155	0.00526	0.00489	0.15515	0.00838
25	0.01358	0.17212	0.14836	0.03663	0.30561	0.01430	0.04552	0.01805	0.08394	0.06278	0.01119	0.01300	0.00884	0.00534	0.00547	0.00159	0.03825	0.00449	0.00301	0.00792
26	0.02395	0.00935	0.01259	0.00965	0.01381	0.00821	0.00797	0.05290	0.01572	0.75434	0.02088	0.01807	0.01314	0.00664	0.00540	0.00166	0.00462	0.00538	0.00660	0.00914
27	0.00654	0.00467	0.00623	0.00747	0.00779	0.00436	0.00498	0.00747	0.01028	0.01370	0.02959	0.80785	0.03550	0.01682	0.00685	0.00218	0.00311	0.01526	0.00498	0.00436
28	0.01423	0.01081	0.01189	0.01068	0.01370	0.01212	0.00844	0.02682	0.61793	0.11105	0.02231	0.02314	0.01721	0.00783	0.00561	0.00186	0.00434	0.06620	0.00556	0.00828
29	0.01055	0.00993	0.01606	0.63596	0.03238	0.01245	0.02909	0.01448	0.05197	0.01427	0.01008	0.01442	0.00778	0.00594	0.00678	0.00185	0.09892	0.00487	0.01612	0.00610
30	0.01113	0.00954	0.01113	0.00795	0.01272	0.00716	0.00636	0.01352	0.01113	0.01749	0.00954	0.01113	0.00795	0.00398	0.00398	0.00080	0.00398	0.00318	0.00318	0.84417
31	0.01934	0.01409	0.01509	0.01165	0.01571	0.01548	0.00959	0.68161	0.02377	0.03232	0.01319	0.01343	0.00948	0.00637	0.00521	0.00156	0.00558	0.00481	0.07373	0.02801
32	0.04463	0.00759	0.00847	0.09429	0.01194	0.00815	0.00636	0.11136	0.06967	0.02091	0.05186	0.02245	0.10081	0.00724	0.00466	0.00150	0.00368	0.00587	0.41266	0.00589
33	0.00868	0.00737	0.00917	0.00905	0.01016	0.07080	0.00701	0.01056	0.00917	0.01252	0.01388	0.02015	0.01289	0.03742	0.72581	0.00803	0.01399	0.00556	0.00287	0.00491
34	0.01981	0.01446	0.01547	0.01193	0.01605	0.01598	0.00983	0.71704	0.02444	0.03304	0.01315	0.01330	0.00939	0.00643	0.00528	0.00159	0.00571	0.00484	0.05337	0.00889
35	0.01028	0.00554	0.00559	0.00549	0.00688	0.00569	0.00414	0.01382	0.07321	0.02021	0.01787	0.02001	0.01397	0.00634	0.00389	0.00130	0.00264	0.00509	0.77275	0.00529
36	0.00652	0.00536	0.00573	0.00581	0.00740	0.00458	0.00429	0.00797	0.01239	0.01526	0.13840	0.12913	0.61136	0.01362	0.00640	0.00184	0.00274	0.01154	0.00510	0.00458
37	0.01014	0.00954	0.01610	0.79845	0.03697	0.01193	0.01491	0.01371	0.01073	0.01371	0.00954	0.01431	0.00716	0.00537	0.00537	0.00179	0.00716	0.00477	0.00239	0.00596
38	0.00760	0.00549	0.00718	0.00675	0.00802	0.00506	0.00506	0.01013	0.01519	0.02153	0.77503	0.04010	0.05065	0.01097	0.00633	0.00169	0.00253	0.00971	0.00591	0.00506
39	0.02005	0.02558	0.01521	0.01383	0.01659	0.78980	0.01037	0.02143	0.01521	0.01314	0.00830	0.00968	0.00691	0.00553	0.00484	0.00138	0.00968	0.00346	0.00277	0.00622
40	0.01378	0.01147	0.01179	0.01056	0.01346	0.04340	0.00815	0.02651	0.63659	0.06485	0.02173	0.02104	0.03304	0.05101	0.00664	0.00198	0.00450	0.00614	0.00529	0.00807
41	0.00673	0.00481	0.00643	0.00757	0.00799	0.00451	0.00520	0.00786	0.01072	0.01435	0.07867	0.71431	0.03624	0.01632	0.00685	0.00216	0.00318	0.05662	0.00504	0.00444
42	0.01345	0.01312	0.02297	0.08732	0.51689	0.03425	0.17344	0.01687	0.01239	0.04172	0.01052	0.01368	0.00844	0.00485	0.00552	0.00165	0.00704	0.00509	0.00278	0.00800
43	0.01769	0.01305	0.01411	0.01151	0.01526	0.01452	0.00928	0.38723	0.34202	0.09017	0.01740	0.01638	0.01257	0.00682	0.00541	0.00170	0.00509	0.00541	0.00551	0.00886
44	0.01571	0.03365	0.01359	0.01118	0.01463	0.01414	0.00892	0.21532	0.52098	0.06231	0.01914	0.01781	0.01412	0.00697	0.00538	0.00174	0.00473	0.00563	0.00541	0.00865
45	0.01701	0.01279	0.01367	0.01116	0.01482	0.03078	0.00896	0.34145	0.30053	0.08680	0.05112	0.01705	0.01394	0.00683	0.00537	0.00165	0.00502	0.00545	0.00536	0.05024
46	0.01453	0.57769	0.07779	0.01064	0.04634	0.01793	0.00995	0.01670	0.01131	0.07590	0.00900	0.01005	0.00756	0.00485	0.00414	0.00124	0.02262	0.00330	0.00274	0.07572
47	0.01970	0.04494	0.10818	0.01025	0.01458	0.00957	0.00934	0.04309	0.08804	0.50675	0.07347	0.01862	0.01511	0.00674	0.00535	0.00166	0.00489	0.00548	0.00572	0.00854
48	0.00785	0.00556	0.00718	0.00673	0.00809	0.00509	0.00506	0.01030	0.01503	0.03601	0.71844	0.04034	0.09199	0.01104	0.00631	0.00169	0.00258	0.00972	0.00587	0.00511
49	0.00677	0.00561	0.00616	0.02383	0.00838	0.00491	0.00488	0.00840	0.01247	0.01524	0.11225	0.05075	0.61969	0.01331	0.00643	0.00187	0.00303	0.08636	0.00500	0.00465
50	0.01233	0.08816	0.45591	0.03260	0.09076	0.01334	0.09957	0.01708	0.01154	0.06028	0.01012	0.01212	0.00751	0.00535	0.00598	0.00170	0.06098	0.00436	0.00261	0.00771
51	0.01306	0.01383	0.06676	0.03066	0.64177	0.01284	0.10844	0.01659	0.01223	0.01746	0.01016	0.01332	0.00836	0.00477	0.00543	0.00163	0.00680	0.00493	0.00264	0.00831
52	0.00653	0.00469	0.00621	0.00742	0.00777	0.00436	0.00496	0.00748	0.01033	0.01373	0.03027	0.78689	0.05602	0.01673	0.00684	0.00217	0.00310	0.01515	0.00498	0.00436
53	0.01020	0.00840	0.01169	0.09224	0.08627	0.00905	0.03089	0.06041	0.12804	0.01751	0.06474	0.21646	0.03716	0.01298	0.07053	0.00250	0.02211	0.09321	0.01948	0.00612
54	0.01539	0.06621	0.21377	0.06457	0.10014	0.10487	0.01275	0.06309	0.07177	0.15350	0.03354	0.01414	0.01031	0.00573	0.00508	0.00158	0.00645	0.00456	0.00373	0.04883
55	0.00678	0.00525	0.00611	0.00643	0.00757	0.00473	0.00460	0.00811	0.01157	0.01479	0.13381	0.25469	0.37168	0.07946	0.04100	0.00247	0.00354	0.02807	0.00487	0.00447
56	0.00793	0.00576	0.00811	0.00804	0.00904	0.00548	0.04296	0.00952	0.01155	0.03156	0.21412	0.30209	0.06107	0.14387	0.04129	0.00279	0.00424	0.08113	0.00477	0.00468
57	0.01425	0.09360	0.03517	0.13024	0.18066	0.12717	0.10522	0.09549	0.01357	0.03240	0.01130	0.04625	0.00942	0.00584	0.00544	0.00160	0.02466	0.00504	0.05559	0.00710
58	0.07089	0.16807	0.26767	0.01643	0.13401	0.06484	0.09086	0.05949	0.01242	0.01751	0.00937	0.01124	0.00734	0.00494	0.00478	0.00152	0.00696	0.00404	0.00270	0.04492

[dist]
# distance from previous block
# <min> <max>
0	80

[block]
# block no. 1 follows, 45 sequences, length 29
# corresponding to MSA columns:
# 246-274
name=unknown_B
#
# <colnr> <probs for GDERKNQSTAVLIFYWHMCP>
#	G	D	E	R	K	N	Q	S	T	A	V	L	I	F	Y	W	H	M	C	P
0	0.09625	0.03100	0.11468	0.02949	0.05177	0.06462	0.01022	0.21804	0.01530	0.07776	0.01156	0.02604	0.00892	0.00702	0.03787	0.00174	0.00611	0.00431	0.00385	0.18344
1	0.06555	0.08963	0.01217	0.00877	0.01184	0.01085	0.00702	0.20091	0.06330	0.02129	0.03064	0.12896	0.01466	0.05075	0.00602	0.00166	0.00441	0.00606	0.09932	0.16620
2	0.05932	0.00609	0.00632	0.00616	0.00779	0.00571	0.00450	0.00985	0.05930	0.01597	0.14084	0.05869	0.46656	0.11909	0.00892	0.00225	0.00322	0.00987	0.00480	0.00476
3	0.04478	0.01152	0.01328	0.01082	0.01377	0.01278	0.03709	0.34947	0.10120	0.04750	0.01692	0.03211	0.05885	0.06826	0.02753	0.00215	0.07151	0.00580	0.06729	0.00738
4	0.01247	0.01155	0.03770	0.04021	0.55740	0.01117	0.04334	0.01565	0.01199	0.01795	0.01163	0.01468	0.00950	0.00509	0.00503	0.00154	0.00574	0.00487	0.17481	0.00767
5	0.00993	0.00529	0.00572	0.00563	0.00676	0.00539	0.00414	0.03030	0.01088	0.01843	0.01650	0.02054	0.01362	0.05922	0.05605	0.06989	0.00367	0.00519	0.64809	0.00477
6	0.01213	0.01687	0.20303	0.03445	0.06336	0.02964	0.39777	0.01656	0.01211	0.01705	0.01024	0.01305	0.00777	0.00463	0.00557	0.00160	0.00783	0.00511	0.00267	0.13853
7	0.00794	0.00672	0.00848	0.00805	0.00902	0.00746	0.00616	0.00928	0.01042	0.01388	0.08681	0.08572	0.30204	0.09964	0.14837	0.00348	0.16905	0.00876	0.00396	0.00475
8	0.01264	0.06039	0.04265	0.00868	0.01350	0.00887	0.00739	0.06123	0.01225	0.06193	0.01029	0.01150	0.00822	0.00436	0.00415	0.00095	0.00439	0.00342	0.00343	0.65976
9	0.60105	0.00974	0.00823	0.00739	0.01030	0.02511	0.00591	0.04070	0.01082	0.02296	0.11852	0.06365	0.01428	0.00661	0.00410	0.00166	0.00402	0.00474	0.00385	0.03634
10	0.00668	0.00477	0.00639	0.00763	0.00801	0.00448	0.00523	0.00772	0.01042	0.01386	0.02951	0.75807	0.03520	0.01668	0.00689	0.00220	0.00324	0.06365	0.00498	0.00440
11	0.01324	0.48824	0.23011	0.01424	0.12592	0.01767	0.01309	0.01638	0.01121	0.01451	0.00842	0.01001	0.00710	0.00476	0.00416	0.00136	0.00642	0.00344	0.00234	0.00740
12	0.01255	0.07752	0.01275	0.01059	0.01246	0.24648	0.00834	0.03828	0.01134	0.01339	0.01163	0.01598	0.01052	0.02451	0.43193	0.00535	0.04320	0.00475	0.00286	0.00558
13	0.00749	0.00542	0.00706	0.00677	0.00798	0.00500	0.00503	0.00987	0.01475	0.02076	0.70083	0.09831	0.06758	0.01148	0.00637	0.00173	0.00258	0.01017	0.00582	0.00500
14	0.00730	0.00529	0.00689	0.00688	0.00794	0.00488	0.00501	0.00941	0.01391	0.01940	0.57124	0.22620	0.07060	0.01247	0.00646	0.00181	0.00268	0.01110	0.00565	0.00488
15	0.00773	0.00535	0.00627	0.00649	0.00689	0.00524	0.00423	0.00834	0.00924	0.01213	0.04935	0.07110	0.09500	0.56208	0.02093	0.00425	0.00475	0.11309	0.00382	0.00372
16	0.00748	0.00548	0.00701	0.00663	0.00795	0.00501	0.00497	0.00990	0.01491	0.02085	0.70545	0.04121	0.12066	0.01123	0.00633	0.00170	0.00255	0.00986	0.00582	0.00501
17	0.08004	0.01236	0.01912	0.17900	0.31745	0.06155	0.12439	0.01560	0.01159	0.01652	0.00970	0.01310	0.00787	0.00561	0.00603	0.04638	0.00672	0.00467	0.00269	0.05962
18	0.84927	0.01038	0.00789	0.00706	0.01038	0.01204	0.00581	0.01578	0.00914	0.02408	0.00747	0.00872	0.00581	0.00498	0.00332	0.00166	0.00415	0.00291	0.00332	0.00581
19	0.01822	0.01397	0.01630	0.12633	0.06656	0.01560	0.01120	0.57843	0.05128	0.02949	0.01258	0.01339	0.00909	0.00622	0.00537	0.00164	0.00605	0.00487	0.00478	0.00861
20	0.84927	0.01038	0.00789	0.00706	0.01038	0.01204	0.00581	0.01578	0.00914	0.02408	0.00747	0.00872	0.00581	0.00498	0.00332	0.00166	0.00415	0.00291	0.00332	0.00581
21	0.01113	0.00954	0.01113	0.00795	0.01272	0.00716	0.00636	0.01352	0.01113	0.01749	0.00954	0.01113	0.00795	0.00398	0.00398	0.00080	0.00398	0.00318	0.00318	0.84417
22	0.01123	0.01012	0.01378	0.01201	0.01230	0.01371	0.00990	0.01270	0.00886	0.01436	0.00949	0.01381	0.00868	0.00997	0.04541	0.00237	0.60625	0.00480	0.17460	0.00565
23	0.01434	0.10899	0.08653	0.11291	0.06358	0.01243	0.01072	0.13331	0.12141	0.11876	0.08376	0.02028	0.03338	0.00707	0.00535	0.00168	0.00542	0.04822	0.00436	0.00750
24	0.00664	0.00527	0.00597	0.00617	0.00753	0.00460	0.00449	0.00814	0.01237	0.01572	0.19277	0.22477	0.45895	0.01382	0.00646	0.00187	0.00277	0.01192	0.00517	0.00460
25	0.01366	0.34525	0.13186	0.04107	0.01714	0.04753	0.06031	0.07600	0.01188	0.01557	0.00870	0.01088	0.00735	0.00587	0.00698	0.00158	0.16469	0.00392	0.02283	0.00694
26	0.00786	0.00569	0.00833	0.00833	0.00932	0.00657	0.00647	0.00982	0.00884	0.01307	0.01463	0.02100	0.01345	0.03752	0.72669	0.00803	0.01342	0.00569	0.07045	0.00481
27	0.42504	0.16468	0.01479	0.07308	0.01505	0.09238	0.04906	0.01732	0.05751	0.03504	0.00908	0.01046	0.00717	0.00515	0.00400	0.00156	0.00554	0.00354	0.00316	0.00638
28	0.09646	0.18633	0.03984	0.00948	0.01228	0.05894	0.00810	0.10236	0.05891	0.01743	0.02451	0.03542	0.03201	0.04852	0.18587	0.00331	0.03296	0.00501	0.03601	0.00625

[dist]
# distance from previous block
# <min> <max>
1	9

[block]
# block no. 2 follows, 45 sequences, length 66
# corresponding to MSA columns:
# 284-349
name=unknown_C
#
# <colnr> <probs for GDERKNQSTAVLIFYWHMCP>
#	G	D	E	R	K	N	Q	S	T	A	V	L	I	F	Y	W	H	M	C	P
0	0.00949	0.00789	0.01060	0.00887	0.01174	0.00671	0.06131	0.03102	0.01202	0.01719	0.11326	0.22812	0.05613	0.00937	0.00554	0.00151	0.00399	0.05038	0.00420	0.35066
1	0.01329	0.01275	0.02179	0.03295	0.77787	0.01275	0.01647	0.01647	0.01222	0.01754	0.01010	0.01329	0.00850	0.00478	0.00531	0.00159	0.00638	0.00478	0.00266	0.00850
2	0.01044	0.02612	0.72628	0.01457	0.02206	0.01188	0.01867	0.01632	0.01140	0.01682	0.01293	0.01430	0.06338	0.00572	0.00519	0.00171	0.00755	0.00451	0.00247	0.00768
3	0.00747	0.00548	0.00700	0.00662	0.00794	0.00501	0.00496	0.00988	0.01489	0.02081	0.70112	0.04128	0.12501	0.01124	0.00633	0.00170	0.00255	0.00987	0.00581	0.00501
4	0.00672	0.00539	0.00605	0.00634	0.00779	0.00472	0.00477	0.00824	0.01221	0.01521	0.11854	0.17630	0.50945	0.01399	0.00653	0.00193	0.00298	0.08316	0.00507	0.00460
5	0.00760	0.00549	0.00718	0.00675	0.00802	0.00506	0.00506	0.01013	0.01519	0.02153	0.77503	0.04010	0.05065	0.01097	0.00633	0.00169	0.00253	0.00971	0.00591	0.00506
6	0.02041	0.01504	0.01611	0.01235	0.01665	0.01665	0.01020	0.75997	0.02524	0.03383	0.01289	0.01289	0.00913	0.00644	0.00537	0.00161	0.00591	0.00483	0.00537	0.00913
7	0.01014	0.00954	0.01610	0.79845	0.03697	0.01193	0.01491	0.01371	0.01073	0.01371	0.00954	0.01431	0.00716	0.00537	0.00537	0.00179	0.00716	0.00477	0.00239	0.00596
8	0.01329	0.01275	0.02179	0.03295	0.77787	0.01275	0.01647	0.01647	0.01222	0.01754	0.01010	0.01329	0.00850	0.00478	0.00531	0.00159	0.00638	0.00478	0.00266	0.00850
9	0.01001	0.00500	0.00500	0.00500	0.00625	0.00500	0.00375	0.01251	0.01126	0.02001	0.01751	0.02001	0.01376	0.00625	0.00375	0.00125	0.00250	0.00500	0.84115	0.00500
10	0.05305	0.00918	0.01230	0.00946	0.01359	0.00804	0.00782	0.02580	0.01515	0.75499	0.02070	0.01794	0.01303	0.00659	0.00533	0.00166	0.00455	0.00531	0.00653	0.00902
11	0.01077	0.02777	0.78354	0.01530	0.02323	0.01247	0.01983	0.01700	0.01133	0.01700	0.00963	0.01133	0.00680	0.00510	0.00510	0.00170	0.00793	0.00397	0.00227	0.00793
12	0.02363	0.00986	0.01291	0.00990	0.01407	0.00897	0.00817	0.11656	0.01658	0.68947	0.02016	0.01761	0.01278	0.00662	0.00539	0.00165	0.00473	0.00533	0.00649	0.00913
13	0.00760	0.00549	0.00718	0.00675	0.00802	0.00506	0.00506	0.01013	0.01519	0.02153	0.77503	0.04010	0.05065	0.01097	0.00633	0.00169	0.00253	0.00971	0.00591	0.00506
14	0.00654	0.00467	0.00623	0.00747	0.00779	0.00436	0.00498	0.00747	0.01028	0.01370	0.02959	0.80785	0.03550	0.01682	0.00685	0.00218	0.00311	0.01526	0.00498	0.00436
15	0.01014	0.00954	0.01610	0.79845	0.03697	0.01193	0.01491	0.01371	0.01073	0.01371	0.00954	0.01431	0.00716	0.00537	0.00537	0.00179	0.00716	0.00477	0.00239	0.00596
16	0.84927	0.01038	0.00789	0.00706	0.01038	0.01204	0.00581	0.01578	0.00914	0.02408	0.00747	0.00872	0.00581	0.00498	0.00332	0.00166	0.00415	0.00291	0.00332	0.00581
17	0.02408	0.00914	0.01246	0.00955	0.01370	0.00789	0.00789	0.02616	0.01536	0.78158	0.02118	0.01827	0.01329	0.00664	0.00540	0.00166	0.00457	0.00540	0.00664	0.00914
18	0.01267	0.01596	0.10358	0.04468	0.02659	0.04674	0.58971	0.01701	0.01234	0.01666	0.01038	0.01381	0.00787	0.00492	0.00675	0.00181	0.05290	0.00584	0.00264	0.00715
19	0.00751	0.00548	0.00706	0.00666	0.00797	0.00503	0.00500	0.00996	0.01499	0.02105	0.72592	0.04089	0.10006	0.01115	0.00633	0.00170	0.00255	0.00982	0.00585	0.00503
20	0.00772	0.00555	0.00761	0.00761	0.00822	0.00616	0.00544	0.00893	0.00833	0.01171	0.01531	0.02624	0.01566	0.32310	0.51030	0.00737	0.01101	0.00650	0.00301	0.00423
21	0.00756	0.00549	0.00713	0.00672	0.00800	0.00505	0.00504	0.01007	0.01512	0.02134	0.75614	0.04040	0.06966	0.01104	0.00633	0.00169	0.00254	0.00975	0.00588	0.00505
22	0.01113	0.00954	0.01113	0.00795	0.01272	0.00716	0.00636	0.01352	0.01113	0.01749	0.00954	0.01113	0.00795	0.00398	0.00398	0.00080	0.00398	0.00318	0.00318	0.84417
23	0.84927	0.01038	0.00789	0.00706	0.01038	0.01204	0.00581	0.01578	0.00914	0.02408	0.00747	0.00872	0.00581	0.00498	0.00332	0.00166	0.00415	0.00291	0.00332	0.00581
24	0.00789	0.00555	0.00717	0.00676	0.00810	0.00508	0.00507	0.01030	0.01488	0.03919	0.69254	0.06189	0.09293	0.01119	0.00632	0.00171	0.00261	0.00986	0.00585	0.00511
25	0.00691	0.00494	0.00666	0.00790	0.00837	0.00468	0.00563	0.00812	0.01064	0.01412	0.02938	0.67613	0.03469	0.01647	0.00695	0.00223	0.00344	0.14331	0.00498	0.00446
26	0.02408	0.00914	0.01246	0.00955	0.01370	0.00789	0.00789	0.02616	0.01536	0.78158	0.02118	0.01827	0.01329	0.00664	0.00540	0.00166	0.00457	0.00540	0.00664	0.00914
27	0.01001	0.00500	0.00500	0.00500	0.00625	0.00500	0.00375	0.01251	0.01126	0.02001	0.01751	0.02001	0.01376	0.00625	0.00375	0.00125	0.00250	0.00500	0.84115	0.00500
28	0.01977	0.01472	0.01575	0.01222	0.01641	0.01635	0.01005	0.69431	0.09192	0.03281	0.01369	0.01353	0.00978	0.00652	0.00538	0.00163	0.00576	0.00494	0.00538	0.00907
29	0.08417	0.01225	0.07055	0.01102	0.01547	0.01089	0.04123	0.20081	0.01686	0.45549	0.01686	0.01558	0.01102	0.00627	0.00525	0.00166	0.00530	0.00501	0.00560	0.00871
30	0.01165	0.01137	0.01581	0.01359	0.01366	0.01581	0.01130	0.01290	0.00839	0.01331	0.00763	0.01220	0.00742	0.00922	0.01685	0.00229	0.75717	0.00471	0.04891	0.00582
31	0.00748	0.00545	0.00704	0.00671	0.00797	0.00501	0.00501	0.00988	0.01482	0.02080	0.70318	0.07354	0.09025	0.01137	0.00635	0.00172	0.00257	0.01003	0.00582	0.00501
32	0.01103	0.08567	0.72795	0.01485	0.02254	0.01311	0.01905	0.01693	0.01130	0.01668	0.00947	0.01113	0.00681	0.00506	0.00498	0.00166	0.00777	0.00389	0.00227	0.00786
33	0.01255	0.01502	0.15185	0.10398	0.57679	0.01262	0.01690	0.01630	0.01193	0.01707	0.00996	0.01305	0.00808	0.00489	0.00528	0.00163	0.00672	0.00464	0.00256	0.00816
34	0.80292	0.05502	0.00901	0.00718	0.01057	0.01255	0.00600	0.01580	0.00923	0.02345	0.00747	0.00871	0.00587	0.00496	0.00333	0.00163	0.00424	0.00290	0.00326	0.00587
35	0.01398	0.73304	0.10641	0.00982	0.01476	0.02033	0.01029	0.01617	0.01095	0.01308	0.00769	0.00889	0.00688	0.00465	0.00362	0.00121	0.00597	0.00298	0.00229	0.00700
36	0.01369	0.00966	0.04584	0.05416	0.10183	0.00896	0.00898	0.07123	0.06647	0.19521	0.15432	0.12513	0.05805	0.00875	0.00605	0.00174	0.02493	0.00749	0.00494	0.03257
37	0.00754	0.00548	0.00709	0.00669	0.00798	0.00504	0.00502	0.01002	0.01506	0.02120	0.74160	0.04063	0.08429	0.01110	0.00633	0.00169	0.00254	0.00978	0.00587	0.00504
38	0.02408	0.00914	0.01246	0.00955	0.01370	0.00789	0.00789	0.02616	0.01536	0.78158	0.02118	0.01827	0.01329	0.00664	0.00540	0.00166	0.00457	0.00540	0.00664	0.00914
39	0.00755	0.00549	0.00711	0.00671	0.00799	0.00505	0.00503	0.01004	0.01509	0.02128	0.74973	0.04050	0.07610	0.01107	0.00633	0.00169	0.00254	0.00976	0.00588	0.00505
40	0.01824	0.01326	0.01419	0.01115	0.01480	0.01462	0.00904	0.60627	0.05444	0.03038	0.01398	0.01547	0.01062	0.06569	0.00684	0.00185	0.00548	0.00512	0.08024	0.00830
41	0.00924	0.00585	0.00770	0.00703	0.00859	0.00535	0.00535	0.01173	0.01521	0.09745	0.69973	0.03792	0.04692	0.01054	0.00624	0.00169	0.00274	0.00928	0.00598	0.00547
42	0.06111	0.00959	0.01274	0.06766	0.01545	0.00893	0.00845	0.07068	0.01535	0.64315	0.01917	0.01720	0.01223	0.00646	0.00530	0.00167	0.00482	0.00520	0.00610	0.00875
43	0.00749	0.00565	0.00698	0.00693	0.00831	0.00522	0.00530	0.00994	0.03316	0.01873	0.45043	0.09705	0.22089	0.01233	0.00647	0.00184	0.00292	0.08988	0.00551	0.00496
44	0.01077	0.02777	0.78354	0.01530	0.02323	0.01247	0.01983	0.01700	0.01133	0.01700	0.00963	0.01133	0.00680	0.00510	0.00510	0.00170	0.00793	0.00397	0.00227	0.00793
45	0.01197	0.01318	0.02787	0.12130	0.02773	0.01274	0.60726	0.01623	0.01261	0.01707	0.06692	0.01634	0.01115	0.00511	0.00621	0.00180	0.00833	0.00638	0.00291	0.00692
46	0.01269	0.01074	0.01445	0.04995	0.07178	0.00985	0.06759	0.11794	0.01316	0.03383	0.01100	0.03414	0.00913	0.00623	0.03031	0.00145	0.03098	0.00436	0.00345	0.46696
47	0.37772	0.14852	0.03252	0.00900	0.03260	0.01257	0.00748	0.06577	0.03990	0.07610	0.07929	0.03084	0.01273	0.02046	0.00466	0.00166	0.00457	0.01923	0.01785	0.00651
48	0.09596	0.08369	0.04790	0.02877	0.06841	0.02710	0.00885	0.13756	0.07000	0.06470	0.05318	0.07236	0.01300	0.00642	0.00481	0.00145	0.00491	0.00516	0.00401	0.20175
49	0.04982	0.52584	0.18292	0.01049	0.01553	0.01767	0.01117	0.01681	0.01115	0.07062	0.00904	0.01018	0.00742	0.00561	0.01844	0.00148	0.02259	0.00338	0.00267	0.00717
50	0.70009	0.01153	0.00892	0.00784	0.01114	0.06117	0.00639	0.07660	0.01090	0.02404	0.00832	0.00952	0.00643	0.00518	0.00360	0.00162	0.00459	0.00317	0.03287	0.00608
51	0.58935	0.08281	0.01241	0.05212	0.10564	0.01285	0.02835	0.01575	0.00989	0.02145	0.00819	0.00994	0.00653	0.00496	0.00377	0.00161	0.00482	0.00336	0.01992	0.00627
52	0.00927	0.00470	0.00704	0.00704	0.00707	0.00472	0.00472	0.00707	0.00704	0.00942	0.00948	0.01646	0.00945	0.01931	0.04440	0.81839	0.00496	0.00470	0.00235	0.00241
53	0.41759	0.01118	0.01081	0.00892	0.01239	0.01233	0.00725	0.23088	0.03453	0.12133	0.03065	0.01366	0.00985	0.05058	0.00563	0.00185	0.00473	0.00430	0.00445	0.00709
54	0.00881	0.00722	0.00774	0.00742	0.00891	0.06310	0.00552	0.01149	0.05016	0.03430	0.47152	0.13010	0.15051	0.01140	0.00623	0.00175	0.00328	0.00989	0.00542	0.00523
55	0.62392	0.01239	0.00948	0.00829	0.01166	0.12192	0.00668	0.01751	0.01067	0.09560	0.00899	0.00986	0.00676	0.00519	0.00376	0.00159	0.00497	0.00323	0.00356	0.03396
56	0.00734	0.00562	0.00670	0.00704	0.00841	0.00515	0.00553	0.00907	0.01227	0.01562	0.14852	0.07249	0.36382	0.08136	0.00845	0.00229	0.00357	0.22716	0.00496	0.00462
57	0.01335	0.01153	0.01214	0.01092	0.01396	0.01335	0.00850	0.02852	0.76817	0.02245	0.02185	0.02003	0.01639	0.00728	0.00546	0.00182	0.00425	0.00607	0.00546	0.00850
58	0.01014	0.00954	0.01610	0.79845	0.03697	0.01193	0.01491	0.01371	0.01073	0.01371	0.00954	0.01431	0.00716	0.00537	0.00537	0.00179	0.00716	0.00477	0.00239	0.00596
59	0.84927	0.01038	0.00789	0.00706	0.01038	0.01204	0.00581	0.01578	0.00914	0.02408	0.00747	0.00872	0.00581	0.00498	0.00332	0.00166	0.00415	0.00291	0.00332	0.00581
60	0.01320	0.01128	0.01187	0.01062	0.01363	0.01291	0.00828	0.06041	0.68336	0.02244	0.02363	0.02184	0.06728	0.00767	0.00552	0.00181	0.00422	0.00637	0.00543	0.00826
61	0.00939	0.00733	0.00863	0.00793	0.00977	0.00752	0.00605	0.03525	0.21228	0.02175	0.52092	0.03469	0.07710	0.01002	0.00608	0.00173	0.00308	0.00870	0.00573	0.00605
62	0.00662	0.00482	0.00626	0.00731	0.00782	0.00445	0.00499	0.00771	0.01075	0.01423	0.06995	0.68356	0.10319	0.01618	0.00679	0.00213	0.00309	0.03070	0.00503	0.00442
63	0.01311	0.01502	0.06098	0.02042	0.02577	0.03438	0.60957	0.05826	0.01327	0.01802	0.01075	0.01388	0.00809	0.00464	0.00601	0.00171	0.00847	0.00584	0.00288	0.06893
64	0.70583	0.01042	0.00857	0.00761	0.01081	0.01193	0.00618	0.08828	0.01080	0.02428	0.00963	0.06793	0.00832	0.00600	0.00378	0.00169	0.00425	0.00400	0.00365	0.00603
65	0.01319	0.01151	0.08721	0.01052	0.01340	0.01052	0.02043	0.30709	0.03774	0.04120	0.02000	0.34259	0.02036	0.02999	0.00650	0.00195	0.00490	0.00921	0.00485	0.00685

[dist]
# distance from previous block
# <min> <max>
0	4

[block]
# block no. 3 follows, 45 sequences, length 66
# corresponding to MSA columns:
# 354-419
name=unknown_D
#
# <colnr> <probs for GDERKNQSTAVLIFYWHMCP>
#	G	D	E	R	K	N	Q	S	T	A	V	L	I	F	Y	W	H	M	C	P
0	0.01414	0.71303	0.02858	0.01089	0.01559	0.02027	0.10427	0.01622	0.01113	0.01321	0.00789	0.00936	0.00705	0.00458	0.00381	0.00123	0.00616	0.00331	0.00235	0.00693
1	0.01186	0.00861	0.01039	0.00805	0.01176	0.00695	0.00632	0.01400	0.02874	0.09058	0.02706	0.01749	0.01170	0.06193	0.00729	0.06513	0.00420	0.04676	0.00366	0.55751
2	0.01028	0.01221	0.11677	0.01253	0.01489	0.06406	0.10591	0.01283	0.00993	0.01379	0.01226	0.05011	0.01137	0.04599	0.33303	0.00481	0.15499	0.00570	0.00277	0.00576
3	0.05825	0.06324	0.01136	0.00946	0.01095	0.00985	0.00765	0.06756	0.01003	0.01481	0.01258	0.01786	0.01150	0.02978	0.54544	0.00648	0.09957	0.00520	0.00299	0.00544
4	0.01000	0.01051	0.12779	0.06731	0.01279	0.02621	0.00817	0.07623	0.01133	0.01576	0.03412	0.11995	0.04420	0.26820	0.01297	0.00287	0.03533	0.01791	0.09305	0.00528
5	0.01199	0.07955	0.59220	0.01476	0.02178	0.01349	0.05351	0.07385	0.05622	0.01830	0.01050	0.01192	0.00760	0.00526	0.00509	0.00167	0.00747	0.00419	0.00271	0.00795
6	0.01021	0.00954	0.01572	0.73862	0.03514	0.01156	0.01426	0.01370	0.01076	0.01400	0.00954	0.01407	0.00722	0.00526	0.00526	0.00171	0.00691	0.00465	0.00245	0.06941
7	0.01698	0.11572	0.01706	0.01454	0.11464	0.24001	0.01045	0.25050	0.01658	0.02030	0.01069	0.01242	0.00862	0.00885	0.07625	0.00212	0.02285	0.00427	0.02981	0.00734
8	0.72251	0.07211	0.00993	0.00766	0.01106	0.05767	0.00637	0.01632	0.00974	0.03688	0.00778	0.00895	0.00610	0.00502	0.00346	0.00161	0.00460	0.00298	0.00327	0.00598
9	0.00726	0.00488	0.00660	0.00748	0.00781	0.00473	0.00511	0.00779	0.00961	0.01285	0.02454	0.52940	0.02868	0.09117	0.05613	0.12467	0.00430	0.05866	0.00432	0.00403
10	0.00770	0.00564	0.00807	0.00807	0.00883	0.00640	0.00601	0.00922	0.00846	0.01205	0.01489	0.02393	0.01465	0.19649	0.63554	0.00793	0.01252	0.00617	0.00295	0.00448
11	0.00634	0.00544	0.00544	0.00544	0.00725	0.00453	0.00408	0.00770	0.01224	0.01450	0.05438	0.05166	0.77569	0.01359	0.00634	0.00181	0.00272	0.01133	0.00498	0.00453
12	0.84927	0.01038	0.00789	0.00706	0.01038	0.01204	0.00581	0.01578	0.00914	0.02408	0.00747	0.00872	0.00581	0.00498	0.00332	0.00166	0.00415	0.00291	0.00332	0.00581
13	0.01163	0.01239	0.02536	0.04227	0.08118	0.01178	0.52118	0.01551	0.01251	0.01677	0.01630	0.02359	0.06442	0.00668	0.00639	0.00189	0.00777	0.11243	0.00318	0.00678
14	0.80743	0.01032	0.00812	0.00719	0.01055	0.01183	0.00592	0.01631	0.00945	0.06249	0.00817	0.00920	0.00619	0.00507	0.00343	0.00166	0.00417	0.00303	0.00349	0.00598
15	0.01177	0.01070	0.02732	0.19727	0.06128	0.03322	0.01006	0.02030	0.35972	0.03302	0.05942	0.02319	0.09860	0.00763	0.00559	0.00179	0.00504	0.02252	0.00442	0.00715
16	0.01924	0.00985	0.01212	0.01008	0.01365	0.00980	0.00816	0.02616	0.29217	0.45798	0.02184	0.02136	0.01545	0.00735	0.00554	0.00177	0.00447	0.04826	0.00611	0.00866
17	0.01115	0.00746	0.01005	0.01086	0.04085	0.00754	0.00886	0.04369	0.07229	0.09316	0.02590	0.06255	0.02638	0.01275	0.00689	0.00227	0.00491	0.54143	0.00508	0.00593
18	0.00821	0.00586	0.00811	0.00932	0.01034	0.00580	0.00780	0.01033	0.01184	0.01547	0.02839	0.20750	0.03154	0.03356	0.00776	0.00248	0.00459	0.58141	0.00491	0.00479
19	0.01972	0.01469	0.01572	0.01221	0.01639	0.01633	0.01004	0.68882	0.09750	0.03272	0.01376	0.01358	0.00983	0.00653	0.00538	0.00163	0.00575	0.00495	0.00538	0.00907
20	0.01014	0.00954	0.01610	0.79845	0.03697	0.01193	0.01491	0.01371	0.01073	0.01371	0.00954	0.01431	0.00716	0.00537	0.00537	0.00179	0.00716	0.00477	0.00239	0.00596
21	0.02179	0.01016	0.01284	0.00992	0.01405	0.00945	0.00814	0.12684	0.07294	0.56336	0.01920	0.01712	0.01254	0.00646	0.00529	0.00160	0.00468	0.00520	0.00612	0.07229
22	0.63128	0.01087	0.02316	0.02423	0.01200	0.01209	0.00685	0.03334	0.11976	0.06754	0.01054	0.01116	0.00789	0.00545	0.00387	0.00169	0.00436	0.00361	0.00383	0.00650
23	0.00707	0.00546	0.00658	0.00726	0.00852	0.00497	0.00564	0.00864	0.01177	0.01475	0.04048	0.24676	0.36960	0.01478	0.00679	0.00210	0.00347	0.22579	0.00497	0.00461
24	0.00781	0.00520	0.00585	0.00585	0.00585	0.00520	0.00325	0.00781	0.00781	0.01041	0.01691	0.03513	0.01952	0.81135	0.02732	0.00520	0.00520	0.00781	0.00325	0.00325
25	0.03645	0.00957	0.01584	0.77363	0.03614	0.01193	0.01462	0.01378	0.01068	0.01404	0.00948	0.01414	0.00711	0.00535	0.00530	0.00178	0.00706	0.00471	0.00241	0.00596
26	0.04048	0.01189	0.18304	0.00960	0.01332	0.00801	0.00932	0.03258	0.01440	0.23776	0.34701	0.02582	0.02781	0.00813	0.00567	0.00168	0.00445	0.00687	0.00521	0.00698
27	0.01422	0.01038	0.01213	0.06940	0.01480	0.01061	0.00821	0.28438	0.05534	0.07521	0.01885	0.17668	0.05913	0.00849	0.00548	0.00162	0.00472	0.00712	0.00474	0.15849
28	0.04008	0.01919	0.32217	0.01865	0.14779	0.04667	0.13394	0.04029	0.01175	0.01705	0.00990	0.02843	0.00797	0.00590	0.00718	0.00179	0.12639	0.00479	0.00263	0.00743
29	0.84927	0.01038	0.00789	0.00706	0.01038	0.01204	0.00581	0.01578	0.00914	0.02408	0.00747	0.00872	0.00581	0.00498	0.00332	0.00166	0.00415	0.00291	0.00332	0.00581
30	0.00712	0.00556	0.00647	0.00630	0.00780	0.00498	0.00470	0.00932	0.03021	0.01804	0.40128	0.08405	0.37010	0.01235	0.00634	0.00177	0.00268	0.01063	0.00544	0.00487
31	0.13258	0.00930	0.01186	0.00922	0.01327	0.00844	0.00762	0.02480	0.01454	0.68198	0.01938	0.01701	0.01230	0.00643	0.00513	0.00166	0.00451	0.00507	0.00621	0.00870
32	0.00746	0.00546	0.00699	0.00664	0.00794	0.00500	0.00497	0.00984	0.01481	0.02069	0.69063	0.05785	0.11897	0.01135	0.00634	0.00171	0.00256	0.00998	0.00580	0.00500
33	0.01303	0.42902	0.32069	0.01343	0.07535	0.01708	0.01390	0.03446	0.01152	0.01521	0.00864	0.01013	0.00703	0.00485	0.00428	0.00141	0.00664	0.00349	0.00239	0.00747
34	0.00840	0.00599	0.00831	0.00951	0.01061	0.00596	0.00810	0.01064	0.01200	0.01565	0.02822	0.14031	0.03107	0.03751	0.00792	0.00252	0.00475	0.64280	0.00490	0.00483
35	0.01453	0.01390	0.02894	0.01489	0.14532	0.13080	0.01018	0.12137	0.29931	0.02106	0.06895	0.01837	0.03835	0.00690	0.00562	0.00167	0.02185	0.00561	0.02467	0.00773
36	0.01534	0.22117	0.17960	0.01467	0.08498	0.27898	0.01271	0.03386	0.01264	0.01463	0.00851	0.01033	0.00709	0.00551	0.00575	0.00150	0.07951	0.00368	0.00255	0.00698
37	0.01025	0.00976	0.01678	0.76465	0.03658	0.01200	0.04730	0.01387	0.01082	0.01387	0.00960	0.01432	0.00720	0.00533	0.00541	0.00179	0.00724	0.00484	0.00240	0.00602
38	0.00852	0.00573	0.00724	0.00672	0.00828	0.00517	0.00509	0.01082	0.01469	0.07279	0.59826	0.04059	0.17354	0.01113	0.00627	0.00171	0.00271	0.00969	0.00580	0.00525
39	0.00773	0.00550	0.00735	0.00735	0.00787	0.00602	0.00512	0.00877	0.00825	0.01152	0.01555	0.02755	0.01623	0.39532	0.43886	0.00705	0.01015	0.00670	0.00305	0.00408
40	0.01395	0.11353	0.07293	0.23077	0.22227	0.17976	0.02905	0.03309	0.01246	0.01519	0.00923	0.01207	0.00746	0.00522	0.00524	0.00157	0.02236	0.00424	0.00259	0.00703
41	0.00654	0.00467	0.00623	0.00747	0.00779	0.00436	0.00498	0.00747	0.01028	0.01370	0.02959	0.80785	0.03550	0.01682	0.00685	0.00218	0.00311	0.01526	0.00498	0.00436
42	0.01114	0.00963	0.01137	0.00839	0.01274	0.00783	0.00671	0.01384	0.03540	0.01731	0.01021	0.02776	0.00874	0.00465	0.00486	0.00095	0.04943	0.00361	0.00324	0.75220
43	0.01951	0.01389	0.01520	0.01158	0.01593	0.01478	0.00954	0.60969	0.02270	0.08835	0.01309	0.01307	0.00929	0.00615	0.00519	0.00151	0.00556	0.00467	0.00519	0.11511
44	0.00773	0.00517	0.00588	0.00596	0.00598	0.00515	0.00336	0.00779	0.00796	0.01062	0.01772	0.08419	0.02053	0.76090	0.02602	0.00501	0.00507	0.00828	0.00336	0.00332
45	0.01306	0.01336	0.01465	0.08487	0.01600	0.16713	0.01069	0.06562	0.01109	0.01439	0.00933	0.01344	0.00840	0.01397	0.16114	0.00326	0.36623	0.00467	0.00274	0.00597
46	0.23434	0.45353	0.02036	0.00951	0.01342	0.16514	0.00853	0.01702	0.01126	0.01573	0.00762	0.00884	0.00661	0.00487	0.00368	0.00133	0.00607	0.00299	0.00265	0.00648
47	0.00725	0.00534	0.00679	0.00671	0.00788	0.00487	0.00492	0.00935	0.01395	0.01924	0.55110	0.17694	0.14105	0.01234	0.00642	0.00179	0.00266	0.01089	0.00563	0.00487
48	0.00664	0.00473	0.00630	0.00751	0.00785	0.00444	0.00506	0.00760	0.01029	0.01370	0.02925	0.76575	0.03498	0.03522	0.00735	0.00226	0.00322	0.03855	0.00494	0.00435
49	0.01170	0.02526	0.64620	0.01682	0.08925	0.01281	0.03592	0.06826	0.01240	0.01821	0.00993	0.01168	0.00714	0.00515	0.00517	0.00169	0.00768	0.00415	0.00253	0.00805
50	0.84927	0.01038	0.00789	0.00706	0.01038	0.01204	0.00581	0.01578	0.00914	0.02408	0.00747	0.00872	0.00581	0.00498	0.00332	0.00166	0.00415	0.00291	0.00332	0.00581
51	0.01133	0.13599	0.57598	0.07414	0.02323	0.01372	0.06070	0.01663	0.01131	0.01615	0.00939	0.01136	0.00692	0.00502	0.00496	0.00164	0.00763	0.00401	0.00231	0.00760
52	0.00644	0.00544	0.00557	0.00554	0.00731	0.00457	0.00415	0.00789	0.01246	0.01503	0.10893	0.05078	0.72081	0.01340	0.00634	0.00180	0.00270	0.01121	0.00505	0.00457
53	0.00781	0.00520	0.00585	0.00585	0.00585	0.00520	0.00325	0.00781	0.00781	0.01041	0.01691	0.03513	0.01952	0.81135	0.02732	0.00520	0.00520	0.00781	0.00325	0.00325
54	0.00654	0.00467	0.00623	0.00747	0.00779	0.00436	0.00498	0.00747	0.01028	0.01370	0.02959	0.80785	0.03550	0.01682	0.00685	0.00218	0.00311	0.01526	0.00498	0.00436
55	0.01267	0.01448	0.03167	0.02262	0.02805	0.01357	0.75837	0.01719	0.01267	0.01719	0.01086	0.01448	0.00814	0.00452	0.00633	0.00181	0.00905	0.00633	0.00271	0.00724
56	0.02005	0.02558	0.01521	0.01383	0.01659	0.78980	0.01037	0.02143	0.01521	0.01314	0.00830	0.00968	0.00691	0.00553	0.00484	0.00138	0.00968	0.00346	0.00277	0.00622
57	0.00657	0.00468	0.00622	0.00743	0.00774	0.00438	0.00494	0.00748	0.01022	0.01362	0.02928	0.78909	0.03511	0.03611	0.00735	0.00225	0.00317	0.01508	0.00494	0.00433
58	0.01113	0.00954	0.01113	0.00795	0.01272	0.00716	0.00636	0.01352	0.01113	0.01749	0.00954	0.01113	0.00795	0.00398	0.00398	0.00080	0.00398	0.00318	0.00318	0.84417
59	0.02041	0.01504	0.01611	0.01235	0.01665	0.01665	0.01020	0.75997	0.02524	0.03383	0.01289	0.01289	0.00913	0.00644	0.00537	0.00161	0.00591	0.00483	0.00537	0.00913
60	0.00652	0.00544	0.00568	0.00562	0.00736	0.00461	0.00422	0.00805	0.01265	0.01549	0.15605	0.05003	0.67339	0.01322	0.00634	0.00180	0.00269	0.01110	0.00512	0.00461
61	0.00706	0.00547	0.00643	0.00619	0.00769	0.00484	0.00464	0.00909	0.01393	0.01851	0.46588	0.04506	0.36168	0.01210	0.00634	0.00174	0.00261	0.01040	0.00551	0.00484
62	0.01775	0.00999	0.01190	0.00998	0.01339	0.01025	0.00796	0.02605	0.37080	0.36497	0.07920	0.02077	0.01761	0.00728	0.00550	0.00174	0.00426	0.00604	0.00603	0.00852
63	0.02334	0.00930	0.01244	0.00965	0.01372	0.00827	0.00793	0.02632	0.06735	0.72916	0.02122	0.01839	0.01350	0.00669	0.00540	0.00167	0.00455	0.00544	0.00656	0.00909
64	0.01096	0.01058	0.01499	0.12637	0.01651	0.01428	0.01123	0.01256	0.00901	0.01340	0.01152	0.01563	0.06561	0.00965	0.03021	0.00232	0.58135	0.00524	0.03289	0.00573
65	0.01670	0.00750	0.01009	0.00830	0.01116	0.00662	0.00662	0.01898	0.01529	0.44095	0.35904	0.02805	0.03003	0.00858	0.00582	0.00167	0.00366	0.00733	0.00631	0.00731

[dist]
# distance from previous block
# <min> <max>
0	20

[block]
# block no. 4 follows, 45 sequences, length 76
# corresponding to MSA columns:
# 490-565
name=unknown_E
#
# <colnr> <probs for GDERKNQSTAVLIFYWHMCP>
#	G	D	E	R	K	N	Q	S	T	A	V	L	I	F	Y	W	H	M	C	P
0	0.00654	0.00469	0.00621	0.00743	0.00777	0.00436	0.00496	0.00748	0.01032	0.01372	0.03018	0.78979	0.05318	0.01674	0.00684	0.00217	0.00310	0.01517	0.00498	0.00436
1	0.01435	0.81458	0.02813	0.00918	0.01378	0.02124	0.00918	0.01607	0.01091	0.01263	0.00746	0.00861	0.00689	0.00459	0.00344	0.00115	0.00574	0.00287	0.00230	0.00689
2	0.01113	0.00954	0.01113	0.00795	0.01272	0.00716	0.00636	0.01352	0.01113	0.01749	0.00954	0.01113	0.00795	0.00398	0.00398	0.00080	0.00398	0.00318	0.00318	0.84417
3	0.01252	0.01407	0.03009	0.06738	0.05380	0.01352	0.67316	0.01687	0.01244	0.01691	0.01067	0.01437	0.00807	0.00469	0.00650	0.00181	0.02709	0.00615	0.00269	0.00718
4	0.01186	0.01347	0.11687	0.07808	0.27427	0.01080	0.10036	0.01535	0.01170	0.01709	0.01032	0.01363	0.00847	0.00481	0.00503	0.00141	0.00614	0.02108	0.00281	0.27644
5	0.83030	0.02865	0.00835	0.00711	0.01046	0.01225	0.00589	0.01579	0.00918	0.02382	0.00747	0.00872	0.00584	0.00497	0.00332	0.00165	0.00419	0.00291	0.00330	0.00584
6	0.01085	0.04599	0.76604	0.01516	0.02301	0.01267	0.01959	0.01698	0.01132	0.01690	0.00958	0.01127	0.00680	0.00509	0.00506	0.00169	0.00788	0.00394	0.00227	0.00791
7	0.01064	0.00996	0.01675	0.67580	0.07915	0.01197	0.04311	0.03737	0.01134	0.01471	0.01030	0.03690	0.00815	0.00566	0.00544	0.00178	0.00703	0.00513	0.00258	0.00622
8	0.00650	0.00544	0.00565	0.00560	0.00734	0.00460	0.00420	0.00800	0.01259	0.01535	0.14142	0.05026	0.68812	0.01328	0.00634	0.00180	0.00270	0.01113	0.00510	0.00460
9	0.00654	0.00467	0.00623	0.00747	0.00779	0.00436	0.00498	0.00747	0.01028	0.01370	0.02959	0.80785	0.03550	0.01682	0.00685	0.00218	0.00311	0.01526	0.00498	0.00436
10	0.01435	0.81458	0.02813	0.00918	0.01378	0.02124	0.00918	0.01607	0.01091	0.01263	0.00746	0.00861	0.00689	0.00459	0.00344	0.00115	0.00574	0.00287	0.00230	0.00689
11	0.00860	0.00614	0.00859	0.00983	0.01105	0.00614	0.00857	0.01104	0.01231	0.01601	0.02845	0.07756	0.03100	0.01487	0.00740	0.00246	0.00490	0.72520	0.00494	0.00493
12	0.01001	0.00500	0.00500	0.00500	0.00625	0.00500	0.00375	0.01251	0.01126	0.02001	0.01751	0.02001	0.01376	0.00625	0.00375	0.00125	0.00250	0.00500	0.84115	0.00500
13	0.02395	0.00934	0.01259	0.00965	0.01381	0.00820	0.00797	0.05190	0.01571	0.75536	0.02089	0.01808	0.01314	0.00664	0.00540	0.00166	0.00461	0.00538	0.00660	0.00914
14	0.02408	0.00914	0.01246	0.00955	0.01370	0.00789	0.00789	0.02616	0.01536	0.78158	0.02118	0.01827	0.01329	0.00664	0.00540	0.00166	0.00457	0.00540	0.00664	0.00914
15	0.01113	0.00954	0.01113	0.00795	0.01272	0.00716	0.00636	0.01352	0.01113	0.01749	0.00954	0.01113	0.00795	0.00398	0.00398	0.00080	0.00398	0.00318	0.00318	0.84417
16	0.84927	0.01038	0.00789	0.00706	0.01038	0.01204	0.00581	0.01578	0.00914	0.02408	0.00747	0.00872	0.00581	0.00498	0.00332	0.00166	0.00415	0.00291	0.00332	0.00581
