[name]
unknown

[dist]
# distance from previous block
# <min> <max>
0	47

[block]
# block no. 0 follows, 43 sequences, length 35
# corresponding to MSA columns:
# 51-85
name=unknown_A
#
# <colnr> <probs for GDERKNQSTAVLIFYWHMCP>
#	G	D	E	R	K	N	Q	S	T	A	V	L	I	F	Y	W	H	M	C	P
0	0.12341	0.04471	0.01836	0.16345	0.39763	0.03489	0.01382	0.05167	0.01267	0.01879	0.02907	0.01572	0.01012	0.00577	0.00525	0.00171	0.00631	0.03600	0.00309	0.00758
1	0.04908	0.07104	0.04490	0.11974	0.41198	0.03281	0.15734	0.01688	0.01233	0.01735	0.01013	0.01337	0.00820	0.00498	0.00545	0.00168	0.00719	0.00496	0.00271	0.00789
2	0.01340	0.01295	0.02243	0.09922	0.67395	0.01312	0.04986	0.01678	0.01250	0.01774	0.01040	0.01385	0.00864	0.00497	0.00553	0.00167	0.00677	0.00501	0.00272	0.00849
3	0.01460	0.08491	0.02582	0.04074	0.18067	0.15313	0.34286	0.01797	0.01307	0.01645	0.01008	0.01310	0.00808	0.00507	0.00603	0.00167	0.03078	0.00519	0.00275	0.02701
4	0.01329	0.01285	0.02225	0.12404	0.64895	0.01310	0.05078	0.01669	0.01245	0.01761	0.01039	0.01389	0.00859	0.00499	0.00554	0.00168	0.00680	0.00501	0.00271	0.00840
5	0.04456	0.00624	0.00729	0.00680	0.00862	0.00574	0.00518	0.01134	0.03240	0.06650	0.42986	0.04212	0.28968	0.01160	0.00632	0.00179	0.00292	0.00991	0.00569	0.00542
6	0.00816	0.00721	0.00712	0.00683	0.00865	0.05369	0.00514	0.01060	0.04825	0.01752	0.27457	0.04536	0.46218	0.01236	0.00640	0.00180	0.00326	0.01041	0.00532	0.00514
7	0.00768	0.00578	0.00736	0.00775	0.00892	0.00507	0.00535	0.00889	0.01068	0.01475	0.02621	0.62777	0.03075	0.04186	0.00724	0.00209	0.00345	0.01315	0.00473	0.16053
8	0.01200	0.00968	0.01137	0.00837	0.01300	0.00751	0.00665	0.01483	0.03732	0.05425	0.01174	0.04612	0.00999	0.00492	0.00435	0.00096	0.00410	0.00403	0.00361	0.73521
9	0.01148	0.00984	0.01148	0.00820	0.01312	0.00738	0.00656	0.01395	0.01148	0.01805	0.00984	0.01148	0.00820	0.00410	0.00410	0.00082	0.00410	0.00328	0.00328	0.83922
10	0.01194	0.14265	0.37790	0.01539	0.02152	0.02872	0.17818	0.01650	0.01190	0.01654	0.01164	0.08108	0.00999	0.00606	0.00538	0.00168	0.00750	0.00543	0.00275	0.04726
11	0.00675	0.00482	0.00643	0.00771	0.00803	0.00450	0.00514	0.00771	0.01060	0.01414	0.03053	0.80175	0.03663	0.01735	0.00707	0.00225	0.00321	0.01574	0.00514	0.00450
12	0.01148	0.00984	0.01148	0.00820	0.01312	0.00738	0.00656	0.01395	0.01148	0.01805	0.00984	0.01148	0.00820	0.00410	0.00410	0.00082	0.00410	0.00328	0.00328	0.83922
13	0.01148	0.00984	0.01148	0.00820	0.01312	0.00738	0.00656	0.01395	0.01148	0.01805	0.00984	0.01148	0.00820	0.00410	0.00410	0.00082	0.00410	0.00328	0.00328	0.83922
14	0.01208	0.23255	0.58123	0.01414	0.02142	0.01523	0.01759	0.01729	0.01158	0.01636	0.00935	0.01096	0.00704	0.00512	0.00482	0.00161	0.00759	0.00380	0.00235	0.00790
15	0.00736	0.00560	0.00677	0.00656	0.00800	0.00501	0.00489	0.00949	0.01441	0.01942	0.49656	0.08581	0.28491	0.01253	0.00657	0.00181	0.00271	0.01087	0.00573	0.00501
16	0.01521	0.18630	0.04910	0.03195	0.03056	0.01243	0.00898	0.08830	0.06789	0.14132	0.01370	0.05573	0.01108	0.00600	0.00475	0.00137	0.00508	0.00475	0.00407	0.26142
17	0.01310	0.44769	0.37503	0.01240	0.01873	0.01772	0.01456	0.01703	0.01146	0.01512	0.00874	0.01018	0.00706	0.00498	0.00434	0.00145	0.00697	0.00348	0.00235	0.00761
18	0.01294	0.41410	0.40723	0.01267	0.01915	0.01734	0.01503	0.01707	0.01148	0.01531	0.00883	0.01030	0.00706	0.00500	0.00442	0.00147	0.00707	0.00353	0.00235	0.00765
19	0.01419	0.20150	0.48293	0.01339	0.02016	0.01413	0.01597	0.01887	0.01227	0.14047	0.01138	0.01223	0.00813	0.00540	0.00493	0.00162	0.00711	0.00408	0.00308	0.00814
20	0.00709	0.00563	0.00636	0.00618	0.00781	0.00491	0.00464	0.00900	0.01391	0.01801	0.35549	0.04828	0.46728	0.01289	0.00654	0.00182	0.00272	0.01099	0.00554	0.00491
21	0.01084	0.08139	0.60950	0.01415	0.02101	0.01242	0.01749	0.01627	0.01173	0.01714	0.05547	0.05144	0.01137	0.00764	0.03705	0.00203	0.00773	0.00499	0.00272	0.00763
22	0.00781	0.00559	0.00719	0.00689	0.00799	0.00521	0.00500	0.01003	0.01451	0.02044	0.64211	0.07683	0.04763	0.10768	0.00918	0.00220	0.00297	0.01005	0.00572	0.00496
23	0.02074	0.01536	0.01644	0.01268	0.01705	0.01703	0.01045	0.72088	0.05803	0.03439	0.01370	0.01362	0.00974	0.00669	0.00554	0.00167	0.00602	0.00504	0.00554	0.00939
24	0.01501	0.72403	0.07612	0.00990	0.01484	0.02074	0.01012	0.01710	0.01148	0.04647	0.00846	0.00950	0.00739	0.00486	0.00375	0.00124	0.00601	0.00315	0.00256	0.00728
25	0.01135	0.08038	0.72708	0.01537	0.02332	0.01346	0.01973	0.01748	0.01166	0.01724	0.00979	0.01151	0.00702	0.00523	0.00515	0.00172	0.00803	0.00402	0.00234	0.00811
26	0.01481	0.80869	0.02902	0.00948	0.01421	0.02191	0.00948	0.01658	0.01125	0.01303	0.00770	0.00888	0.00711	0.00474	0.00355	0.00118	0.00592	0.00296	0.00237	0.00711
27	0.00737	0.00552	0.00732	0.02523	0.02760	0.00517	0.00565	0.00906	0.01255	0.01696	0.26821	0.42314	0.12276	0.01444	0.00678	0.00203	0.00319	0.02679	0.00533	0.00490
28	0.01417	0.15840	0.13844	0.05942	0.11275	0.03088	0.23217	0.01777	0.01244	0.09425	0.01167	0.03725	0.00928	0.00570	0.00602	0.00171	0.04168	0.00529	0.00310	0.00763
29	0.00804	0.00542	0.00632	0.00632	0.00641	0.00552	0.00370	0.00823	0.00814	0.01094	0.01720	0.03484	0.01953	0.73141	0.10131	0.00571	0.00629	0.00785	0.00332	0.00351
30	0.00773	0.00562	0.00731	0.00707	0.00823	0.00536	0.00521	0.00991	0.01388	0.01942	0.54417	0.07954	0.08788	0.07552	0.09583	0.00286	0.00424	0.00981	0.00543	0.00498
31	0.13236	0.08437	0.10997	0.06378	0.17659	0.11506	0.03039	0.10145	0.06546	0.05372	0.01116	0.01266	0.00857	0.00557	0.00499	0.00164	0.00667	0.00438	0.00345	0.00777
32	0.03365	0.02336	0.53990	0.08293	0.08096	0.01277	0.05143	0.01806	0.04740	0.04248	0.01095	0.01284	0.00790	0.00539	0.00534	0.00176	0.00765	0.00446	0.00273	0.00804
33	0.02006	0.06293	0.01638	0.01405	0.01688	0.71575	0.01070	0.02149	0.01519	0.01352	0.00847	0.01002	0.00714	0.00582	0.00546	0.00146	0.04183	0.00359	0.00281	0.00644
34	0.01121	0.03705	0.05446	0.34307	0.08079	0.01174	0.05906	0.05045	0.10045	0.01691	0.01738	0.11151	0.06728	0.00770	0.00578	0.00185	0.00620	0.00686	0.00353	0.00672

[dist]
# distance from previous block
# <min> <max>
0	5

[block]
# block no. 1 follows, 43 sequences, length 18
# corresponding to MSA columns:
# 91-97,118-128
name=unknown_B
#
# <colnr> <probs for GDERKNQSTAVLIFYWHMCP>
#	G	D	E	R	K	N	Q	S	T	A	V	L	I	F	Y	W	H	M	C	P
0	0.00737	0.00538	0.00666	0.00690	0.00781	0.00498	0.00484	0.00891	0.01248	0.01681	0.30692	0.26365	0.15800	0.13444	0.01001	0.00248	0.00330	0.02917	0.00522	0.00464
1	0.01752	0.01345	0.01498	0.05463	0.01686	0.02819	0.01013	0.36076	0.24107	0.07376	0.01586	0.01619	0.01178	0.02218	0.00709	0.00187	0.07456	0.00542	0.00512	0.00859
2	0.14760	0.01284	0.01665	0.22896	0.15744	0.07465	0.05459	0.04303	0.10871	0.01855	0.01112	0.01376	0.00874	0.00598	0.00630	0.00180	0.07415	0.00477	0.00323	0.00714
3	0.00686	0.00505	0.00621	0.00706	0.00768	0.00464	0.00473	0.00780	0.01073	0.01391	0.03445	0.54995	0.19156	0.11068	0.00948	0.00254	0.00338	0.01396	0.00493	0.00440
4	0.01526	0.74854	0.02800	0.00984	0.01444	0.08045	0.00957	0.01701	0.01159	0.01307	0.00777	0.00897	0.00711	0.00481	0.00366	0.00120	0.00624	0.00301	0.00241	0.00705
5	0.01362	0.01196	0.01617	0.12402	0.11780	0.01332	0.07556	0.02457	0.46797	0.04630	0.01817	0.01837	0.01367	0.00663	0.00568	0.00184	0.00553	0.00590	0.00461	0.00831
6	0.05668	0.04200	0.06066	0.02133	0.28593	0.14503	0.09814	0.01930	0.04950	0.09451	0.01148	0.01346	0.00896	0.00572	0.00627	0.00170	0.06336	0.00480	0.00331	0.00787
7	0.02050	0.01295	0.01468	0.01145	0.01563	0.01356	0.00936	0.43874	0.07895	0.22886	0.01668	0.04203	0.01200	0.00700	0.00553	0.00167	0.00539	0.00551	0.00576	0.05378
8	0.00658	0.00548	0.00574	0.00595	0.00757	0.00465	0.00436	0.00791	0.01230	0.01483	0.05197	0.17415	0.65039	0.01456	0.00663	0.00193	0.00287	0.01234	0.00514	0.00465
9	0.01707	0.24692	0.01864	0.01206	0.01553	0.34996	0.00981	0.02257	0.22231	0.01609	0.01221	0.01265	0.00985	0.00593	0.00476	0.00148	0.00726	0.00414	0.00349	0.00727
10	0.01270	0.01344	0.08409	0.31479	0.35754	0.01310	0.04448	0.06191	0.01281	0.01760	0.01037	0.01396	0.00813	0.00528	0.00553	0.00174	0.00709	0.00492	0.00278	0.00773
11	0.01090	0.01065	0.01788	0.01449	0.01628	0.01251	0.19433	0.01334	0.01086	0.01578	0.13244	0.01930	0.01601	0.01449	0.15249	0.00335	0.32932	0.00630	0.00321	0.00607
12	0.00827	0.00557	0.00693	0.00659	0.00791	0.00520	0.00494	0.01084	0.01482	0.02169	0.60458	0.03783	0.06704	0.01049	0.00603	0.00166	0.00261	0.00915	0.16269	0.00520
13	0.15447	0.01336	0.01314	0.01282	0.07972	0.10174	0.00927	0.11671	0.30758	0.03671	0.05596	0.01860	0.01467	0.00706	0.00529	0.00177	0.00536	0.03327	0.00471	0.00780
14	0.12670	0.00980	0.01503	0.54973	0.09364	0.01171	0.01331	0.01412	0.01093	0.01597	0.01141	0.08289	0.00987	0.00647	0.00537	0.00185	0.00652	0.00560	0.00285	0.00621
15	0.00899	0.00784	0.03806	0.06667	0.04929	0.00733	0.00750	0.01318	0.10101	0.02038	0.47027	0.11097	0.05557	0.01058	0.00631	0.00181	0.00364	0.00935	0.00535	0.00591
16	0.02092	0.00980	0.04006	0.00957	0.01377	0.00792	0.00809	0.02331	0.01513	0.57474	0.09601	0.01996	0.01670	0.00690	0.00547	0.00161	0.00455	0.00568	0.00616	0.11364
17	0.14503	0.33688	0.02047	0.01357	0.12401	0.09453	0.01018	0.01762	0.01190	0.08024	0.01029	0.01307	0.00882	0.00587	0.00522	0.00154	0.05531	0.03516	0.00314	0.00715

[dist]
# distance from previous block
# <min> <max>
5	9

[block]
# block no. 2 follows, 43 sequences, length 10
# corresponding to MSA columns:
# 143-152
name=unknown_C
#
# <colnr> <probs for GDERKNQSTAVLIFYWHMCP>
#	G	D	E	R	K	N	Q	S	T	A	V	L	I	F	Y	W	H	M	C	P
0	0.00785	0.00533	0.00704	0.00772	0.00848	0.00512	0.00540	0.00903	0.01066	0.05036	0.02949	0.52725	0.10384	0.05788	0.13347	0.00341	0.00523	0.01290	0.00479	0.00477
1	0.00852	0.00894	0.09662	0.01038	0.01241	0.00794	0.04485	0.01114	0.00942	0.01362	0.01410	0.02029	0.01281	0.03564	0.65766	0.00775	0.01382	0.00576	0.00289	0.00543
2	0.01111	0.02865	0.77667	0.01579	0.02397	0.01286	0.02046	0.01754	0.01169	0.01754	0.00994	0.01169	0.00702	0.00526	0.00526	0.00175	0.00818	0.00409	0.00234	0.00818
3	0.01263	0.01792	0.24730	0.14547	0.33827	0.04222	0.08323	0.01697	0.01225	0.01711	0.01018	0.01324	0.00794	0.00513	0.00550	0.00172	0.00756	0.00477	0.00259	0.00798
4	0.01078	0.01017	0.01719	0.71668	0.11100	0.01239	0.01554	0.01443	0.01123	0.01454	0.00990	0.01466	0.00752	0.00548	0.00553	0.00183	0.00730	0.00492	0.00249	0.00641
5	0.01243	0.01254	0.08396	0.08775	0.12753	0.05983	0.03033	0.15164	0.01464	0.01924	0.02012	0.20905	0.06539	0.00984	0.00611	0.00191	0.00583	0.07092	0.00414	0.00681
6	0.01244	0.01204	0.02099	0.31842	0.44275	0.01290	0.06824	0.01598	0.01207	0.01659	0.01026	0.01419	0.00822	0.00514	0.00558	0.00174	0.00708	0.00504	0.00264	0.00769
7	0.01303	0.01247	0.02126	0.19097	0.61909	0.01298	0.01666	0.01641	0.01229	0.01728	0.01030	0.01393	0.00848	0.00506	0.00549	0.00169	0.00675	0.00493	0.00268	0.00823
8	0.01661	0.01359	0.01801	0.12296	0.35010	0.10972	0.01336	0.04431	0.04387	0.17087	0.01299	0.01462	0.00971	0.00564	0.00542	0.00164	0.00657	0.00490	0.00378	0.03135
9	0.01694	0.09026	0.01505	0.04257	0.06681	0.01238	0.00921	0.20385	0.10522	0.19459	0.04413	0.08807	0.01540	0.04549	0.00658	0.00187	0.00518	0.00632	0.00506	0.02502

[dist]
# distance from previous block
# <min> <max>
4	11

[block]
# block no. 3 follows, 43 sequences, length 26
# corresponding to MSA columns:
# 164-189
name=unknown_D
#
# <colnr> <probs for GDERKNQSTAVLIFYWHMCP>
#	G	D	E	R	K	N	Q	S	T	A	V	L	I	F	Y	W	H	M	C	P
0	0.09844	0.16015	0.25985	0.03527	0.11705	0.10972	0.08924	0.03853	0.01253	0.01750	0.00943	0.01142	0.00739	0.00516	0.00491	0.00161	0.00744	0.00412	0.00271	0.00754
1	0.07946	0.20709	0.05350	0.01290	0.04614	0.12785	0.06472	0.12070	0.05404	0.03708	0.01044	0.01174	0.00832	0.00553	0.00523	0.00148	0.03874	0.00408	0.00340	0.10756
2	0.38120	0.12067	0.17625	0.02528	0.03074	0.01289	0.02624	0.01648	0.01104	0.06013	0.04913	0.04708	0.01063	0.00605	0.00442	0.00168	0.00544	0.00444	0.00340	0.00678
3	0.00721	0.00566	0.00761	0.00784	0.00895	0.00516	0.03974	0.00867	0.01180	0.01536	0.11268	0.43829	0.23264	0.03628	0.00743	0.00217	0.00345	0.03921	0.00508	0.00475
4	0.01165	0.02029	0.37784	0.01802	0.02432	0.01249	0.32970	0.01682	0.01221	0.01757	0.01209	0.06076	0.00971	0.00579	0.00585	0.00181	0.00812	0.00588	0.04157	0.00752
5	0.00784	0.00566	0.00743	0.00715	0.00841	0.00525	0.00539	0.01038	0.01532	0.02159	0.70106	0.07576	0.05062	0.01177	0.00661	0.00180	0.00276	0.04400	0.00601	0.00519
6	0.06935	0.75623	0.02765	0.00933	0.01398	0.02129	0.00925	0.01656	0.01113	0.01381	0.00770	0.00889	0.00703	0.00476	0.00355	0.00122	0.00582	0.00296	0.00244	0.00703
7	0.01123	0.00984	0.01277	0.20464	0.01940	0.00862	0.00877	0.01400	0.01138	0.01707	0.00984	0.01231	0.00800	0.00446	0.00446	0.00108	0.00492	0.00369	0.00308	0.63045
8	0.00777	0.00561	0.00734	0.00702	0.00826	0.00518	0.00522	0.01027	0.01534	0.02168	0.71942	0.09136	0.05123	0.01172	0.00657	0.00178	0.00265	0.01039	0.00603	0.00518
9	0.01481	0.80869	0.02902	0.00948	0.01421	0.02191	0.00948	0.01658	0.01125	0.01303	0.00770	0.00888	0.00711	0.00474	0.00355	0.00118	0.00592	0.00296	0.00237	0.00711
10	0.02255	0.02909	0.01260	0.00950	0.01343	0.00814	0.00782	0.02474	0.01571	0.66495	0.11125	0.02131	0.01818	0.00734	0.00563	0.00170	0.00449	0.00604	0.00665	0.00886
11	0.00675	0.00482	0.00643	0.00771	0.00803	0.00450	0.00514	0.00771	0.01060	0.01414	0.03053	0.80175	0.03663	0.01735	0.00707	0.00225	0.00321	0.01574	0.00514	0.00450
12	0.01148	0.00984	0.01148	0.00820	0.01312	0.00738	0.00656	0.01395	0.01148	0.01805	0.00984	0.01148	0.00820	0.00410	0.00410	0.00082	0.00410	0.00328	0.00328	0.83922
13	0.00773	0.00583	0.00716	0.00680	0.00828	0.00536	0.00511	0.01046	0.03704	0.02064	0.58928	0.04338	0.20877	0.01180	0.00651	0.00177	0.00271	0.01027	0.00587	0.00521
14	0.01371	0.01316	0.02248	0.03399	0.77081	0.01316	0.01700	0.01700	0.01261	0.01809	0.01042	0.01371	0.00877	0.00493	0.00548	0.00164	0.00658	0.00493	0.00274	0.00877
15	0.01413	0.06173	0.01386	0.03304	0.01520	0.03474	0.00909	0.04779	0.65358	0.02235	0.02064	0.01928	0.01557	0.00722	0.00548	0.00182	0.00476	0.00591	0.00527	0.00855
16	0.00801	0.00589	0.00746	0.00806	0.00901	0.00552	0.00559	0.05438	0.01163	0.01574	0.02780	0.68957	0.03267	0.01563	0.00674	0.00210	0.00346	0.01408	0.00502	0.07165
17	0.01451	0.57862	0.04962	0.01206	0.01686	0.01944	0.13063	0.06210	0.01246	0.01532	0.00950	0.03871	0.00852	0.00531	0.00434	0.00138	0.00646	0.00416	0.00273	0.00725
18	0.84448	0.01071	0.00814	0.00728	0.01071	0.01242	0.00600	0.01628	0.00943	0.02485	0.00771	0.00900	0.00600	0.00514	0.00343	0.00171	0.00428	0.00300	0.00343	0.00600
19	0.01324	0.01913	0.26790	0.02532	0.39756	0.06089	0.07939	0.01790	0.03339	0.01774	0.01055	0.01312	0.00830	0.00514	0.00547	0.00169	0.00748	0.00475	0.00270	0.00833
20	0.00685	0.00494	0.00649	0.00754	0.00803	0.00458	0.00511	0.00801	0.01123	0.01502	0.10922	0.68871	0.07060	0.01657	0.00699	0.00218	0.00313	0.01496	0.00524	0.00458
21	0.00920	0.00813	0.02742	0.01049	0.01168	0.00922	0.04261	0.01134	0.01045	0.01530	0.15525	0.03734	0.01965	0.02473	0.37515	0.00527	0.18723	0.00661	0.02750	0.00543
22	0.00792	0.00589	0.00869	0.00869	0.00961	0.00681	0.00666	0.00976	0.00884	0.01270	0.01502	0.02281	0.01430	0.09695	0.72863	0.00864	0.01415	0.00609	0.00300	0.00483
23	0.01169	0.01180	0.01618	0.60494	0.07266	0.10908	0.01424	0.01491	0.01171	0.01428	0.01099	0.06290	0.00924	0.00626	0.00556	0.00181	0.00741	0.00542	0.00269	0.00622
24	0.01361	0.01240	0.01409	0.09880	0.09517	0.05203	0.01029	0.02509	0.51476	0.02084	0.01836	0.01816	0.01396	0.00672	0.00548	0.00176	0.00520	0.00565	0.00469	0.06296
25	0.01538	0.00900	0.05617	0.03901	0.01297	0.00754	0.00786	0.04663	0.01473	0.32221	0.22960	0.11490	0.02691	0.05028	0.00718	0.00199	0.00436	0.02042	0.00575	0.00711

[dist]
# distance from previous block
# <min> <max>
22	37

[block]
# block no. 4 follows, 43 sequences, length 14
# corresponding to MSA columns:
# 246-259
name=unknown_E
#
# <colnr> <probs for GDERKNQSTAVLIFYWHMCP>
#	G	D	E	R	K	N	Q	S	T	A	V	L	I	F	Y	W	H	M	C	P
0	0.08888	0.09898	0.01468	0.01094	0.05070	0.01165	0.00852	0.13120	0.05340	0.36026	0.03367	0.01742	0.01279	0.05798	0.00661	0.00187	0.00507	0.00520	0.00530	0.02487
1	0.01153	0.02571	0.61737	0.01740	0.02504	0.01311	0.17682	0.01758	0.01199	0.01758	0.01021	0.01239	0.00731	0.00513	0.00553	0.00178	0.00843	0.00462	0.00244	0.00803
2	0.01207	0.01155	0.01965	0.35635	0.33630	0.01232	0.06539	0.01555	0.01188	0.01637	0.01017	0.01404	0.00810	0.00510	0.00545	0.00167	0.00689	0.00489	0.00267	0.08360
3	0.01138	0.01286	0.10999	0.49088	0.12555	0.01277	0.01535	0.01670	0.09912	0.01610	0.01135	0.01488	0.00863	0.00576	0.00582	0.00183	0.02618	0.00498	0.00285	0.00704
4	0.15045	0.01147	0.09738	0.06047	0.01559	0.00956	0.02173	0.04906	0.01367	0.36425	0.01756	0.08933	0.01324	0.00723	0.00525	0.00175	0.00507	0.00587	0.05329	0.00779
5	0.01404	0.01389	0.02248	0.03263	0.70757	0.05229	0.04137	0.01728	0.01278	0.01785	0.01035	0.01356	0.00868	0.00496	0.00549	0.00164	0.00685	0.00492	0.00275	0.00861
6	0.11517	0.00941	0.01104	0.00977	0.01228	0.00980	0.03647	0.19337	0.05299	0.09080	0.02274	0.29933	0.06320	0.02716	0.00643	0.00201	0.00454	0.02177	0.00508	0.00666
7	0.01331	0.01275	0.02176	0.12686	0.68106	0.01305	0.01680	0.01665	0.01242	0.01761	0.01035	0.01384	0.00860	0.00501	0.00549	0.00167	0.00668	0.00493	0.00271	0.00845
8	0.01602	0.01543	0.01949	0.04225	0.45298	0.13670	0.01419	0.16903	0.01584	0.02064	0.01225	0.01439	0.03437	0.00573	0.00545	0.00163	0.00691	0.00496	0.00341	0.00833
9	0.04360	0.01378	0.01597	0.01760	0.21840	0.10696	0.02795	0.24310	0.02826	0.02256	0.02950	0.04668	0.07462	0.00786	0.00576	0.00176	0.00617	0.07756	0.00425	0.00767
10	0.01273	0.01216	0.02071	0.26294	0.54954	0.01290	0.01651	0.01614	0.01215	0.01690	0.01024	0.01403	0.00835	0.00512	0.00550	0.00171	0.00682	0.00493	0.00266	0.00798
11	0.21570	0.01233	0.01858	0.08099	0.53409	0.01292	0.01421	0.01662	0.01173	0.01946	0.00972	0.01264	0.00800	0.00503	0.00499	0.00168	0.00608	0.00446	0.00289	0.00791
12	0.06842	0.18298	0.52796	0.01333	0.02012	0.01417	0.01630	0.01669	0.01151	0.01698	0.01208	0.01342	0.05229	0.00567	0.00487	0.00164	0.00714	0.00424	0.00259	0.00761
13	0.05831	0.26788	0.03848	0.01055	0.01508	0.01382	0.00930	0.05208	0.01494	0.43642	0.01684	0.01608	0.01177	0.00669	0.00524	0.00173	0.00557	0.00486	0.00537	0.00896

[dist]
# distance from previous block
# <min> <max>
8	17

[block]
# block no. 5 follows, 43 sequences, length 231
# corresponding to MSA columns:
# 277-286,346-504,507-550,554-571
name=unknown_F
#
# <colnr> <probs for GDERKNQSTAVLIFYWHMCP>
#	G	D	E	R	K	N	Q	S	T	A	V	L	I	F	Y	W	H	M	C	P
0	0.05410	0.00936	0.08754	0.00845	0.01122	0.00728	0.00732	0.05084	0.01432	0.05636	0.37153	0.10678	0.08107	0.00988	0.00592	0.00169	0.00379	0.00849	0.00511	0.09893
1	0.01244	0.01985	0.31732	0.01968	0.14895	0.06846	0.19981	0.01700	0.01253	0.01737	0.03250	0.05320	0.01047	0.00582	0.00568	0.00173	0.00776	0.00552	0.00284	0.04108
2	0.10239	0.04195	0.29569	0.04555	0.05848	0.01296	0.24164	0.01721	0.02708	0.01832	0.01029	0.01269	0.00774	0.00499	0.00533	0.00169	0.00751	0.00474	0.00277	0.08098
3	0.03726	0.04243	0.01457	0.01475	0.14190	0.12629	0.02446	0.02157	0.31114	0.03785	0.02144	0.02192	0.11108	0.00750	0.00552	0.00173	0.00555	0.02171	0.00440	0.02694
4	0.01103	0.00922	0.01182	0.00939	0.01303	0.00779	0.05356	0.07237	0.01252	0.01830	0.01601	0.23332	0.01628	0.00806	0.00520	0.00136	0.00435	0.00712	0.00396	0.48532
5	0.01286	0.01418	0.02844	0.02157	0.05258	0.01470	0.54195	0.01663	0.01192	0.01667	0.01021	0.01420	0.00814	0.00592	0.00936	0.00200	0.20276	0.00606	0.00271	0.00717
6	0.02191	0.01240	0.05872	0.01106	0.01549	0.01133	0.00954	0.24235	0.05715	0.45206	0.03722	0.01743	0.01316	0.00684	0.00557	0.00171	0.00526	0.00546	0.00612	0.00921
7	0.01755	0.13858	0.24973	0.01274	0.05235	0.02735	0.01249	0.03551	0.01391	0.32215	0.05301	0.01574	0.01216	0.00615	0.00520	0.00164	0.00608	0.00486	0.00445	0.00839
8	0.00873	0.00586	0.00766	0.00710	0.00857	0.00537	0.00536	0.01129	0.01562	0.06271	0.71312	0.04040	0.06473	0.01114	0.00648	0.00174	0.00273	0.00981	0.00612	0.00544
9	0.00674	0.00484	0.00641	0.00767	0.00802	0.00450	0.00512	0.00772	0.01065	0.01416	0.03108	0.78563	0.05239	0.01728	0.00706	0.00224	0.00320	0.01566	0.00514	0.00450
10	0.01938	0.15188	0.18506	0.01099	0.01610	0.01146	0.01099	0.02243	0.01413	0.44448	0.04671	0.01644	0.01263	0.00631	0.00519	0.00163	0.00561	0.00497	0.00504	0.00858
11	0.01147	0.02647	0.67048	0.01835	0.12912	0.01290	0.01997	0.01746	0.01182	0.01762	0.01001	0.01198	0.00726	0.00522	0.00529	0.00174	0.00796	0.00421	0.00240	0.00827
12	0.00784	0.00566	0.00742	0.00709	0.00837	0.00524	0.00534	0.01040	0.01544	0.02179	0.72285	0.06436	0.05115	0.01163	0.00658	0.00178	0.00271	0.03311	0.00604	0.00520
13	0.01279	0.01421	0.10547	0.13964	0.56151	0.01278	0.01683	0.01647	0.01237	0.01758	0.03121	0.01440	0.00958	0.00523	0.00549	0.00169	0.00676	0.00498	0.00275	0.00823
14	0.01225	0.04232	0.51579	0.02023	0.19682	0.04049	0.06012	0.01756	0.01211	0.01743	0.01002	0.01222	0.00751	0.00516	0.00534	0.00171	0.00789	0.00438	0.00248	0.00819
15	0.01351	0.53504	0.29131	0.01169	0.01764	0.01874	0.01333	0.01692	0.01141	0.01461	0.00849	0.00987	0.00708	0.00492	0.00415	0.00138	0.00672	0.00336	0.00236	0.00749
16	0.00700	0.00505	0.00669	0.00791	0.00842	0.00474	0.00556	0.00818	0.01097	0.01448	0.03165	0.67455	0.07241	0.01694	0.00711	0.00227	0.00342	0.10295	0.00514	0.00458
17	0.01704	0.01349	0.01458	0.01246	0.03319	0.01518	0.00977	0.36314	0.38838	0.02834	0.01812	0.01794	0.01356	0.00721	0.00563	0.00179	0.00524	0.02042	0.00551	0.00899
18	0.02317	0.00915	0.01238	0.00963	0.01364	0.00800	0.00790	0.02562	0.03047	0.69516	0.08604	0.02082	0.01709	0.00725	0.00565	0.00172	0.00453	0.00597	0.00677	0.00905
19	0.01213	0.04905	0.67209	0.01564	0.02336	0.01290	0.05646	0.01809	0.01200	0.06253	0.01065	0.01220	0.00749	0.00531	0.00530	0.00174	0.00797	0.00427	0.00263	0.00819
20	0.01140	0.07479	0.71119	0.01591	0.04402	0.01341	0.01971	0.01747	0.01169	0.01729	0.00982	0.01158	0.00707	0.00522	0.00517	0.00172	0.00801	0.00405	0.00235	0.00814
21	0.03253	0.04670	0.01144	0.00948	0.01213	0.00958	0.00742	0.10928	0.13974	0.20340	0.05377	0.25955	0.04606	0.01058	0.00600	0.00190	0.00428	0.02338	0.00556	0.00722
22	0.01096	0.00906	0.00846	0.03124	0.00949	0.12203	0.00539	0.03057	0.01022	0.04280	0.01653	0.06762	0.01789	0.54624	0.04544	0.00439	0.00630	0.00742	0.00353	0.00441
23	0.01261	0.04317	0.58403	0.03836	0.03859	0.01230	0.04396	0.01806	0.01214	0.09798	0.01196	0.04158	0.00891	0.00584	0.00538	0.00176	0.00756	0.00478	0.00295	0.00808
24	0.01686	0.01478	0.01863	0.09939	0.28108	0.10832	0.04018	0.22660	0.03881	0.06662	0.01239	0.01479	0.00960	0.00597	0.00554	0.00168	0.00684	0.01972	0.00390	0.00832
25	0.01371	0.01316	0.02248	0.03399	0.77081	0.01316	0.01700	0.01700	0.01261	0.01809	0.01042	0.01371	0.00877	0.00493	0.00548	0.00164	0.00658	0.00493	0.00274	0.00877
26	0.01367	0.01327	0.02312	0.03332	0.72417	0.01321	0.06313	0.01704	0.01264	0.01807	0.01047	0.01378	0.00875	0.00492	0.00555	0.00166	0.00675	0.00504	0.00275	0.00869
27	0.04425	0.01031	0.01133	0.03969	0.01281	0.10319	0.04345	0.05570	0.01293	0.13756	0.05740	0.06951	0.05846	0.12891	0.05298	0.00266	0.04378	0.00672	0.10225	0.00611
28	0.01266	0.01242	0.02215	0.25626	0.45296	0.01302	0.11702	0.01626	0.01222	0.01688	0.01036	0.01419	0.00831	0.00508	0.00564	0.00173	0.00719	0.00515	0.00267	0.00782
29	0.00673	0.00490	0.00635	0.00750	0.00798	0.00452	0.00505	0.00773	0.01080	0.01422	0.03305	0.72787	0.10888	0.01702	0.00702	0.00221	0.00317	0.01534	0.00514	0.00452
30	0.02485	0.00943	0.01285	0.00985	0.01414	0.00814	0.00814	0.02699	0.01585	0.77465	0.02185	0.01885	0.01371	0.00685	0.00557	0.00171	0.00471	0.00557	0.00685	0.00943
31	0.01101	0.02796	0.75369	0.01552	0.02350	0.01263	0.02001	0.01733	0.01181	0.01768	0.03257	0.01258	0.00837	0.00544	0.00530	0.00175	0.00802	0.00427	0.00245	0.00810
32	0.00682	0.00502	0.00640	0.00738	0.00803	0.00460	0.00507	0.00797	0.01125	0.01476	0.07493	0.62465	0.15557	0.01644	0.00697	0.00217	0.00315	0.02904	0.00519	0.00458
33	0.84448	0.01071	0.00814	0.00728	0.01071	0.01242	0.00600	0.01628	0.00943	0.02485	0.00771	0.00900	0.00600	0.00514	0.00343	0.00171	0.00428	0.00300	0.00343	0.00600
34	0.01030	0.00860	0.00957	0.00983	0.01174	0.04379	0.00806	0.01607	0.21331	0.01786	0.03110	0.06920	0.15115	0.01262	0.00678	0.00219	0.00469	0.36192	0.00515	0.00605
35	0.07472	0.01008	0.01332	0.01048	0.01442	0.00948	0.04296	0.09974	0.03679	0.52788	0.02031	0.08438	0.01457	0.00754	0.00560	0.00177	0.00491	0.00628	0.00613	0.00867
36	0.00715	0.00511	0.00689	0.00818	0.00868	0.00485	0.00585	0.00841	0.01100	0.01459	0.03030	0.66369	0.03574	0.01697	0.00718	0.00231	0.00357	0.14979	0.00513	0.00461
37	0.00674	0.00484	0.00640	0.00766	0.00802	0.00450	0.00512	0.00772	0.01066	0.01416	0.03121	0.78181	0.05613	0.01726	0.00706	0.00224	0.00320	0.01564	0.00514	0.00450
38	0.01890	0.01523	0.19925	0.01188	0.01690	0.01135	0.01151	0.09978	0.16475	0.36396	0.01821	0.01690	0.01228	0.00658	0.00550	0.00175	0.00563	0.00529	0.00538	0.00899
39	0.01522	0.72616	0.04380	0.01001	0.01467	0.08588	0.00981	0.01707	0.01164	0.01317	0.00782	0.00904	0.00711	0.00483	0.00371	0.00122	0.00631	0.00304	0.00241	0.00707
40	0.01148	0.00984	0.01148	0.00820	0.01312	0.00738	0.00656	0.01395	0.01148	0.01805	0.00984	0.01148	0.00820	0.00410	0.00410	0.00082	0.00410	0.00328	0.00328	0.83922
41	0.01177	0.04450	0.70493	0.01569	0.02351	0.03428	0.03909	0.01784	0.01191	0.03221	0.01012	0.01181	0.00719	0.00528	0.00526	0.00173	0.00815	0.00415	0.00245	0.00812
42	0.04206	0.01296	0.03633	0.01122	0.01500	0.04071	0.00926	0.38334	0.01979	0.21821	0.01773	0.13709	0.01449	0.00825	0.00570	0.00176	0.00545	0.00668	0.00556	0.00841
43	0.02047	0.02603	0.01573	0.01427	0.01706	0.76366	0.01074	0.02189	0.01551	0.01355	0.00853	0.01004	0.00714	0.00581	0.00533	0.00145	0.02994	0.00360	0.00284	0.00641
44	0.00655	0.00561	0.00561	0.00561	0.00748	0.00468	0.00421	0.00795	0.01262	0.01496	0.05610	0.05330	0.76857	0.01403	0.00655	0.00187	0.00281	0.01169	0.00514	0.00468
45	0.01347	0.01237	0.02096	0.18334	0.59789	0.01281	0.01635	0.01680	0.01242	0.04503	0.01072	0.01411	0.00868	0.00512	0.00550	0.00169	0.00667	0.00496	0.00284	0.00828
46	0.01846	0.01371	0.01448	0.01158	0.01515	0.03755	0.00924	0.53993	0.06765	0.05159	0.01535	0.05761	0.01259	0.09940	0.00822	0.00213	0.00583	0.00595	0.00523	0.00833
47	0.00674	0.00484	0.00640	0.00765	0.00802	0.00450	0.00511	0.00772	0.01066	0.01416	0.03129	0.77940	0.05849	0.01725	0.00705	0.00224	0.00320	0.01562	0.00514	0.00450
48	0.01501	0.01533	0.02125	0.03030	0.63105	0.13594	0.01582	0.03702	0.01345	0.01781	0.01020	0.01310	0.00853	0.00510	0.00541	0.00161	0.00711	0.00472	0.00283	0.00841
49	0.01203	0.22328	0.59011	0.01421	0.02154	0.01512	0.01772	0.01730	0.01158	0.01641	0.00938	0.01099	0.00704	0.00513	0.00484	0.00161	0.00762	0.00381	0.00235	0.00792
50	0.00827	0.00596	0.00813	0.00933	0.01042	0.00583	0.00775	0.01037	0.01224	0.01590	0.03124	0.23576	0.07806	0.01570	0.00745	0.00244	0.00452	0.52058	0.00511	0.00493
51	0.00687	0.00490	0.00650	0.00761	0.00800	0.00458	0.00510	0.00795	0.01096	0.01472	0.09119	0.72040	0.03752	0.03586	0.00753	0.00228	0.00322	0.01509	0.00518	0.00453
52	0.01352	0.08479	0.15393	0.01823	0.02354	0.03402	0.39531	0.09185	0.01382	0.01859	0.01293	0.01539	0.04674	0.00573	0.00650	0.00179	0.04698	0.00576	0.00307	0.00752
53	0.00716	0.00577	0.00629	0.00653	0.00802	0.00518	0.00483	0.00900	0.03938	0.01493	0.04586	0.15598	0.51515	0.08015	0.00848	0.00227	0.00332	0.07194	0.00501	0.00473
54	0.01608	0.00982	0.01059	0.00872	0.01158	0.01038	0.00700	0.31887	0.01795	0.09565	0.01645	0.01745	0.01218	0.00657	0.00471	0.00148	0.00422	0.00513	0.41786	0.00731
55	0.01565	0.06121	0.02059	0.04539	0.48082	0.20767	0.01457	0.03909	0.03170	0.01716	0.01016	0.01268	0.00845	0.00524	0.00526	0.00158	0.00735	0.00451	0.00289	0.00804
56	0.01489	0.77134	0.04464	0.00970	0.01450	0.02160	0.00974	0.03582	0.01165	0.01370	0.00789	0.00906	0.00717	0.00480	0.00364	0.00121	0.00598	0.00304	0.00245	0.00719
57	0.23065	0.06922	0.19942	0.01494	0.11477	0.12044	0.02865	0.03807	0.06097	0.03630	0.01021	0.01171	0.00790	0.00555	0.00511	0.00167	0.02981	0.00405	0.00316	0.00740
58	0.01611	0.64922	0.02624	0.01033	0.01473	0.15610	0.00966	0.01784	0.01216	0.03333	0.00823	0.00934	0.00729	0.00497	0.00386	0.00124	0.00661	0.00314	0.00257	0.00705
59	0.01307	0.02991	0.04444	0.08498	0.05084	0.01426	0.20341	0.05812	0.07290	0.03350	0.01110	0.01428	0.00897	0.00751	0.02626	0.00208	0.25178	0.00532	0.01658	0.05068
60	0.01883	0.09748	0.03126	0.03903	0.19273	0.12214	0.01155	0.14028	0.05035	0.22126	0.01392	0.01430	0.01009	0.00595	0.00525	0.00161	0.00637	0.00476	0.00439	0.00846
61	0.00680	0.00562	0.00596	0.00588	0.00764	0.00478	0.00441	0.00844	0.01322	0.01638	0.19559	0.05096	0.62820	0.01350	0.00654	0.00185	0.00277	0.01136	0.00533	0.00478
62	0.00989	0.00737	0.03917	0.00783	0.00979	0.00637	0.00632	0.05075	0.01607	0.07690	0.64421	0.03709	0.04542	0.01051	0.00636	0.00174	0.00317	0.00919	0.00597	0.00587
63	0.01263	0.01180	0.01949	0.02860	0.61459	0.01176	0.01474	0.01607	0.03247	0.01847	0.09233	0.02001	0.04834	0.00639	0.00571	0.00170	0.00589	0.02756	0.00335	0.00811
64	0.00754	0.00505	0.00676	0.00788	0.00839	0.00470	0.00538	0.00861	0.01088	0.04475	0.03014	0.74688	0.03556	0.01686	0.00703	0.00224	0.00333	0.03808	0.00521	0.00472
65	0.55156	0.01042	0.00982	0.00822	0.01190	0.01122	0.00677	0.05069	0.01206	0.24477	0.01231	0.01231	0.00858	0.00574	0.00415	0.00170	0.00445	0.00388	0.02230	0.00713
66	0.00684	0.00491	0.00647	0.00764	0.00804	0.00458	0.00515	0.00786	0.01075	0.01430	0.04659	0.73013	0.05733	0.03672	0.00758	0.00231	0.00328	0.02991	0.00512	0.00450
67	0.00888	0.00729	0.01152	0.01383	0.13976	0.00706	0.05811	0.01088	0.01163	0.01564	0.02552	0.43508	0.02885	0.01389	0.00691	0.00219	0.00466	0.18815	0.00457	0.00557
68	0.02105	0.01551	0.01662	0.01274	0.01717	0.01717	0.01053	0.75235	0.02604	0.03490	0.01330	0.01330	0.00942	0.00665	0.00554	0.00166	0.00609	0.00499	0.00554	0.00942
69	0.00739	0.00531	0.00690	0.00786	0.00842	0.00506	0.00536	0.03780	0.01156	0.01551	0.07909	0.71929	0.03658	0.01652	0.00697	0.00219	0.00329	0.01493	0.00522	0.00474
70	0.00681	0.00487	0.00648	0.00767	0.00805	0.00454	0.00515	0.00787	0.01090	0.01461	0.07320	0.75774	0.03753	0.01700	0.00704	0.00222	0.00318	0.01541	0.00520	0.00454
71	0.02363	0.00915	0.01246	0.00965	0.01372	0.00793	0.00793	0.02580	0.01584	0.72059	0.07545	0.02047	0.01648	0.00718	0.00564	0.00172	0.00456	0.00589	0.00680	0.00912
72	0.00780	0.00563	0.00737	0.00699	0.00827	0.00520	0.00522	0.01035	0.01549	0.02191	0.74088	0.06923	0.05168	0.01154	0.00655	0.00176	0.00263	0.01023	0.00606	0.00520
73	0.00805	0.00537	0.00604	0.00604	0.00604	0.00537	0.00336	0.00805	0.00805	0.01074	0.01745	0.03624	0.02013	0.80536	0.02819	0.00537	0.00537	0.00805	0.00336	0.00336
74	0.01279	0.01222	0.02082	0.24833	0.56366	0.01292	0.01654	0.01619	0.01218	0.01698	0.01026	0.01401	0.00838	0.00510	0.00550	0.00170	0.00681	0.00493	0.00266	0.00803
75	0.01481	0.80869	0.02902	0.00948	0.01421	0.02191	0.00948	0.01658	0.01125	0.01303	0.00770	0.00888	0.00711	0.00474	0.00355	0.00118	0.00592	0.00296	0.00237	0.00711
76	0.00655	0.00558	0.00564	0.00570	0.00750	0.00467	0.00425	0.00794	0.01254	0.01493	0.05505	0.08406	0.73849	0.01416	0.00657	0.00189	0.00282	0.01186	0.00514	0.00467
77	0.00658	0.00561	0.00565	0.00564	0.00750	0.00469	0.00423	0.00801	0.01269	0.01513	0.07236	0.05303	0.75221	0.01396	0.00655	0.00187	0.00280	0.01165	0.00516	0.00469
78	0.01148	0.00984	0.01148	0.00820	0.01312	0.00738	0.00656	0.01395	0.01148	0.01805	0.00984	0.01148	0.00820	0.00410	0.00410	0.00082	0.00410	0.00328	0.00328	0.83922
79	0.71329	0.01148	0.00949	0.00815	0.01174	0.01318	0.00672	0.13355	0.01207	0.02645	0.00860	0.00968	0.00654	0.00538	0.00376	0.00171	0.00457	0.00332	0.00376	0.00654
80	0.00826	0.00649	0.00909	0.00905	0.01009	0.02821	0.00703	0.01022	0.00909	0.01288	0.01466	0.02143	0.01366	0.04055	0.76207	0.00870	0.01470	0.00587	0.00296	0.00499
81	0.01054	0.00995	0.01663	0.75459	0.03701	0.01253	0.01522	0.01411	0.01095	0.01411	0.00972	0.01464	0.00738	0.00574	0.00615	0.00187	0.04534	0.00492	0.00246	0.00615
82	0.00655	0.00561	0.00561	0.00561	0.00748	0.00468	0.00421	0.00795	0.01262	0.01496	0.05610	0.05330	0.76857	0.01403	0.00655	0.00187	0.00281	0.01169	0.00514	0.00468
83	0.01046	0.00984	0.01661	0.79205	0.03814	0.01230	0.01538	0.01415	0.01107	0.01415	0.00984	0.01477	0.00738	0.00554	0.00554	0.00185	0.00738	0.00492	0.00246	0.00615
84	0.00776	0.00643	0.01061	0.01020	0.01136	0.00601	0.12393	0.00931	0.01100	0.01471	0.02745	0.67639	0.03213	0.01533	0.00698	0.00219	0.00419	0.01428	0.00477	0.00497
85	0.01073	0.00904	0.01068	0.00812	0.01231	0.00692	0.00634	0.01295	0.01134	0.01742	0.01314	0.13739	0.01273	0.00621	0.00457	0.00105	0.00396	0.00527	0.00358	0.70623
86	0.01378	0.01190	0.01252	0.01127	0.01440	0.01378	0.00877	0.02943	0.76081	0.02317	0.02254	0.02066	0.01691	0.00751	0.00564	0.00188	0.00438	0.00626	0.00564	0.00877
87	0.01150	0.11191	0.69686	0.01511	0.02293	0.01383	0.01929	0.01744	0.01165	0.01706	0.00970	0.01139	0.00703	0.00521	0.00508	0.00169	0.00794	0.00397	0.00234	0.00807
88	0.01371	0.01316	0.02248	0.03399	0.77081	0.01316	0.01700	0.01700	0.01261	0.01809	0.01042	0.01371	0.00877	0.00493	0.00548	0.00164	0.00658	0.00493	0.00274	0.00877
89	0.01111	0.02865	0.77667	0.01579	0.02397	0.01286	0.02046	0.01754	0.01169	0.01754	0.00994	0.01169	0.00702	0.00526	0.00526	0.00175	0.00818	0.00409	0.00234	0.00818
90	0.00864	0.00777	0.01297	0.01166	0.01332	0.02451	0.18299	0.01054	0.01137	0.01506	0.02539	0.57442	0.02909	0.01400	0.00691	0.00215	0.00488	0.03454	0.00453	0.00527
91	0.01388	0.02375	0.56708	0.01504	0.02220	0.01207	0.06398	0.01963	0.03159	0.15962	0.01257	0.01347	0.00861	0.00558	0.00541	0.00176	0.00751	0.00458	0.00330	0.00839
92	0.00869	0.00624	0.00859	0.00956	0.01085	0.00614	0.00820	0.01121	0.01321	0.01743	0.14774	0.05886	0.05548	0.01463	0.00744	0.00240	0.00464	0.59832	0.00526	0.00511
93	0.01349	0.01605	0.14039	0.02604	0.48410	0.06806	0.01567	0.01830	0.08481	0.01839	0.05193	0.01527	0.01149	0.00563	0.00548	0.00167	0.00666	0.00510	0.00314	0.00832
94	0.00779	0.00566	0.00733	0.00691	0.00824	0.00520	0.00518	0.01035	0.01555	0.02191	0.73847	0.04186	0.08187	0.01143	0.00653	0.00175	0.00262	0.01009	0.00606	0.00520
95	0.02105	0.01551	0.01662	0.01274	0.01717	0.01717	0.01053	0.75235	0.02604	0.03490	0.01330	0.01330	0.00942	0.00665	0.00554	0.00166	0.00609	0.00499	0.00554	0.00942
96	0.01371	0.01316	0.02248	0.03399	0.77081	0.01316	0.01700	0.01700	0.01261	0.01809	0.01042	0.01371	0.00877	0.00493	0.00548	0.00164	0.00658	0.00493	0.00274	0.00877
97	0.04904	0.25489	0.29239	0.01192	0.01764	0.01467	0.01298	0.03564	0.06029	0.18161	0.01264	0.01291	0.00914	0.00562	0.00478	0.00158	0.00631	0.00419	0.00365	0.00811
98	0.00775	0.00566	0.00729	0.00688	0.00822	0.00519	0.00516	0.01029	0.01548	0.02173	0.72124	0.04215	0.09921	0.01150	0.00653	0.00175	0.00263	0.01013	0.00603	0.00519
99	0.01326	0.01273	0.02187	0.08815	0.67635	0.01288	0.03610	0.01655	0.01245	0.01769	0.01096	0.03589	0.00944	0.00532	0.00556	0.00168	0.00662	0.00528	0.00279	0.00843
100	0.01365	0.01331	0.02334	0.03310	0.70828	0.01323	0.07884	0.01706	0.01265	0.01806	0.01048	0.01381	0.00874	0.00491	0.00557	0.00166	0.00681	0.00507	0.00275	0.00866
101	0.01088	0.00874	0.01118	0.01144	0.02792	0.00938	0.03100	0.01820	0.28056	0.01900	0.02599	0.04514	0.02537	0.01199	0.00685	0.00227	0.00500	0.43736	0.00518	0.00655
102	0.01046	0.00984	0.01661	0.79205	0.03814	0.01230	0.01538	0.01415	0.01107	0.01415	0.00984	0.01477	0.00738	0.00554	0.00554	0.00185	0.00738	0.00492	0.00246	0.00615
103	0.00830	0.05629	0.00868	0.00757	0.00830	0.00696	0.00535	0.00930	0.00883	0.01205	0.01696	0.09790	0.01826	0.37431	0.33045	0.00625	0.00904	0.00757	0.00330	0.00434
104	0.00792	0.00589	0.00870	0.00870	0.00962	0.00681	0.00667	0.00976	0.00884	0.01271	0.01502	0.02277	0.01429	0.09502	0.73053	0.00865	0.01417	0.00608	0.00299	0.00483
105	0.01111	0.02865	0.77667	0.01579	0.02397	0.01286	0.02046	0.01754	0.01169	0.01754	0.00994	0.01169	0.00702	0.00526	0.00526	0.00175	0.00818	0.00409	0.00234	0.00818
106	0.01888	0.01363	0.01511	0.01197	0.01580	0.01507	0.00980	0.58202	0.04618	0.06073	0.01418	0.01510	0.01053	0.01224	0.12948	0.00282	0.00738	0.00520	0.00519	0.00869
107	0.01395	0.01212	0.01257	0.01134	0.01443	0.03107	0.00886	0.04778	0.69698	0.02302	0.02223	0.02176	0.01703	0.00774	0.00569	0.00189	0.00458	0.03281	0.00555	0.00860
108	0.00675	0.00482	0.00643	0.00771	0.00803	0.00450	0.00514	0.00771	0.01060	0.01414	0.03053	0.80175	0.03663	0.01735	0.00707	0.00225	0.00321	0.01574	0.00514	0.00450
109	0.00673	0.00489	0.00635	0.00752	0.00798	0.00451	0.00506	0.00773	0.01079	0.01421	0.03288	0.73291	0.10395	0.01705	0.00702	0.00221	0.00318	0.01537	0.00514	0.00451
110	0.01740	0.01439	0.01683	0.18292	0.09898	0.05993	0.01211	0.41617	0.08077	0.02650	0.01274	0.01406	0.00939	0.00625	0.00551	0.00170	0.00651	0.00499	0.00444	0.00842
111	0.01961	0.01086	0.01288	0.01023	0.01390	0.01097	0.00832	0.26860	0.06754	0.32612	0.12147	0.02031	0.01781	0.00742	0.00559	0.00168	0.00474	0.00600	0.05741	0.00854
112	0.00791	0.00593	0.00890	0.00890	0.00989	0.00692	0.00692	0.00989	0.00890	0.01286	0.01483	0.02176	0.01385	0.04154	0.78341	0.00890	0.01483	0.00593	0.00297	0.00494
113	0.01371	0.01316	0.02248	0.03399	0.77081	0.01316	0.01700	0.01700	0.01261	0.01809	0.01042	0.01371	0.00877	0.00493	0.00548	0.00164	0.00658	0.00493	0.00274	0.00877
114	0.07824	0.00975	0.01249	0.00974	0.01380	0.00896	0.00801	0.07095	0.03141	0.62391	0.05885	0.01904	0.01498	0.00697	0.00548	0.00172	0.00466	0.00560	0.00648	0.00897
115	0.00791	0.00592	0.00884	0.00884	0.00981	0.00689	0.00685	0.00985	0.00888	0.01281	0.01489	0.02207	0.01398	0.05779	0.76735	0.00883	0.01463	0.00598	0.00298	0.00491
116	0.00676	0.00494	0.00636	0.00743	0.00797	0.00454	0.00503	0.00782	0.01100	0.01448	0.05566	0.68790	0.12622	0.01677	0.00699	0.00219	0.00315	0.01508	0.00517	0.00454
117	0.01278	0.01442	0.03129	0.02255	0.02788	0.01353	0.70925	0.01729	0.01300	0.01761	0.01225	0.03690	0.00984	0.00531	0.00658	0.00190	0.00905	0.02832	0.00293	0.00732
118	0.01336	0.01280	0.02185	0.11561	0.69193	0.01307	0.01682	0.01669	0.01245	0.01767	0.01036	0.01382	0.00862	0.00500	0.00549	0.00167	0.00667	0.00493	0.00271	0.00849
119	0.00675	0.00482	0.00643	0.00771	0.00803	0.00450	0.00514	0.00771	0.01060	0.01414	0.03053	0.80175	0.03663	0.01735	0.00707	0.00225	0.00321	0.01574	0.00514	0.00450
120	0.00800	0.00582	0.00690	0.00704	0.00860	0.00521	0.00543	0.00977	0.01301	0.04760	0.17804	0.12877	0.38460	0.03446	0.00731	0.00209	0.00335	0.13370	0.00534	0.00499
121	0.04203	0.01008	0.01222	0.00984	0.01344	0.00991	0.00798	0.15902	0.08901	0.39045	0.10553	0.02252	0.06568	0.00870	0.02600	0.00192	0.00483	0.00636	0.00610	0.00837
122	0.00735	0.00526	0.00668	0.00748	0.00800	0.00499	0.00502	0.02654	0.01116	0.01492	0.08991	0.59251	0.06424	0.11681	0.00966	0.00258	0.00349	0.01387	0.00500	0.00454
123	0.04188	0.04782	0.67650	0.01583	0.02357	0.01317	0.07077	0.01748	0.01169	0.01770	0.00989	0.01175	0.00708	0.00520	0.00524	0.00175	0.00806	0.00419	0.00241	0.00803
124	0.03525	0.01310	0.02162	0.09366	0.64095	0.02714	0.03822	0.01710	0.02701	0.01796	0.01053	0.01377	0.00870	0.00505	0.00546	0.00167	0.00669	0.00493	0.00280	0.00841
125	0.01223	0.03565	0.04460	0.03747	0.13498	0.01273	0.46616	0.01612	0.01272	0.01743	0.05557	0.08717	0.01339	0.00636	0.00650	0.00185	0.02158	0.00711	0.00315	0.00722
126	0.01529	0.02803	0.01306	0.02563	0.01452	0.01000	0.00786	0.15213	0.05711	0.13256	0.01336	0.03024	0.01029	0.00549	0.00475	0.00123	0.00466	0.00439	0.00436	0.46504
127	0.03529	0.01049	0.04236	0.02537	0.03134	0.02967	0.02312	0.17535	0.05165	0.04173	0.22710	0.08522	0.04059	0.04030	0.04692	0.00233	0.03838	0.04128	0.00490	0.00662
128	0.00797	0.00553	0.00679	0.00679	0.00711	0.00576	0.00433	0.00854	0.00841	0.01143	0.01790	0.03289	0.04064	0.57849	0.22868	0.00621	0.00781	0.00760	0.00331	0.00382
129	0.01369	0.01471	0.02266	0.04360	0.15590	0.12349	0.28574	0.03529	0.01252	0.01637	0.01056	0.01434	0.00874	0.00980	0.09517	0.00263	0.11947	0.00543	0.00282	0.00708
130	0.01225	0.03692	0.01968	0.22802	0.02376	0.01402	0.17119	0.03106	0.04197	0.03484	0.01122	0.05474	0.00968	0.00737	0.00978	0.00201	0.25895	0.00578	0.00298	0.02378
131	0.00815	0.00570	0.00734	0.00699	0.00836	0.00521	0.00522	0.01052	0.01505	0.04308	0.63134	0.09854	0.10988	0.01187	0.00655	0.00179	0.00274	0.01045	0.00597	0.00525
