[name]
unknown

[dist]
# distance from previous block
# <min> <max>
0	32

[block]
# block no. 0 follows, 45 sequences, length 21
# corresponding to MSA columns:
# 34-54
name=unknown_A
#
# <colnr> <probs for GDERKNQSTAVLIFYWHMCP>
#	G	D	E	R	K	N	Q	S	T	A	V	L	I	F	Y	W	H	M	C	P
0	0.00910	0.00619	0.00880	0.09122	0.01228	0.00611	0.01841	0.01072	0.01087	0.08028	0.02402	0.43815	0.02647	0.05566	0.05001	0.00257	0.00473	0.09987	0.00454	0.03999
1	0.04439	0.09141	0.62143	0.01499	0.03818	0.01338	0.03739	0.01670	0.01114	0.01676	0.00930	0.01114	0.00685	0.00521	0.00545	0.00168	0.04064	0.00394	0.00233	0.00767
2	0.00795	0.00630	0.00843	0.11975	0.03347	0.00638	0.00683	0.01016	0.04665	0.01494	0.09961	0.25838	0.19963	0.05850	0.00817	0.03720	0.00400	0.06432	0.00445	0.00490
3	0.01084	0.02722	0.75289	0.01560	0.02343	0.01251	0.04994	0.01701	0.01139	0.01701	0.00968	0.01146	0.00685	0.00508	0.00515	0.00170	0.00798	0.00406	0.00228	0.00790
4	0.03467	0.03663	0.02067	0.19190	0.55988	0.01284	0.03434	0.01588	0.01180	0.01675	0.00985	0.01327	0.00809	0.00490	0.00524	0.00163	0.00653	0.00471	0.00261	0.00782
5	0.03012	0.00977	0.07382	0.09626	0.03536	0.00828	0.00886	0.04208	0.02461	0.30617	0.22304	0.02431	0.05750	0.00778	0.00559	0.00168	0.00452	0.00657	0.02649	0.00719
6	0.01031	0.00971	0.01641	0.75728	0.07682	0.01197	0.01499	0.01386	0.01081	0.01392	0.00957	0.01426	0.00723	0.00534	0.00536	0.00178	0.00711	0.00477	0.00240	0.00610
7	0.00740	0.00579	0.00778	0.00841	0.00866	0.00626	0.00594	0.00833	0.00984	0.01342	0.02550	0.64746	0.03034	0.05472	0.00951	0.00235	0.12599	0.01327	0.00449	0.00454
8	0.00698	0.00486	0.00623	0.00695	0.00757	0.00447	0.00475	0.00757	0.01040	0.01356	0.06642	0.49562	0.18350	0.01617	0.00890	0.13150	0.00324	0.01257	0.00462	0.00412
9	0.01659	0.15628	0.04676	0.01104	0.01481	0.04048	0.00945	0.39985	0.05395	0.04951	0.01490	0.13471	0.01310	0.00767	0.00523	0.00162	0.00553	0.00608	0.00460	0.00782
10	0.00734	0.00576	0.00780	0.00849	0.00876	0.00622	0.00602	0.00831	0.00996	0.01358	0.02612	0.68543	0.03113	0.01568	0.00851	0.00221	0.12589	0.01364	0.00458	0.00459
11	0.02155	0.00857	0.01164	0.00912	0.01283	0.00746	0.00746	0.02370	0.01534	0.66471	0.13710	0.02163	0.01903	0.00731	0.00554	0.00167	0.00425	0.00606	0.00653	0.00851
12	0.00924	0.00610	0.00799	0.00798	0.00930	0.00579	0.02267	0.01174	0.07102	0.09667	0.13976	0.44545	0.09758	0.03373	0.00698	0.00206	0.00342	0.01194	0.00524	0.00534
13	0.08599	0.22514	0.32306	0.02644	0.06542	0.03731	0.01385	0.13094	0.01333	0.01895	0.00938	0.01077	0.00721	0.00516	0.00457	0.00153	0.00667	0.00378	0.00288	0.00762
14	0.00897	0.00612	0.00690	0.00666	0.00768	0.00617	0.00460	0.07843	0.01120	0.01560	0.04812	0.10274	0.13588	0.32213	0.07763	0.00360	0.00492	0.00819	0.13990	0.00456
15	0.84927	0.01038	0.00789	0.00706	0.01038	0.01204	0.00581	0.01578	0.00914	0.02408	0.00747	0.00872	0.00581	0.00498	0.00332	0.00166	0.00415	0.00291	0.00332	0.00581
16	0.00832	0.00587	0.00667	0.00618	0.00691	0.00550	0.00373	0.00868	0.00832	0.01150	0.01578	0.03144	0.01774	0.68720	0.02373	0.00453	0.00502	0.00709	0.00324	0.13256
17	0.01304	0.62958	0.08307	0.00928	0.01362	0.01808	0.00937	0.01523	0.01160	0.01433	0.12566	0.01366	0.01361	0.00561	0.00402	0.00127	0.00542	0.00401	0.00285	0.00669
18	0.01054	0.03435	0.42879	0.21038	0.03841	0.01133	0.02993	0.01461	0.01055	0.01493	0.00955	0.01289	0.00734	0.00722	0.00760	0.13121	0.00718	0.00431	0.00232	0.00656
19	0.09103	0.21289	0.19542	0.02935	0.03279	0.03707	0.08491	0.03164	0.01106	0.04666	0.01058	0.01290	0.02712	0.00737	0.00732	0.13106	0.01741	0.00423	0.00277	0.00642
20	0.01496	0.01128	0.02703	0.01037	0.01337	0.01189	0.00829	0.33323	0.17560	0.06402	0.06728	0.15107	0.03576	0.04231	0.00663	0.00191	0.00475	0.00743	0.00527	0.00757

[dist]
# distance from previous block
# <min> <max>
0	1

[block]
# block no. 1 follows, 45 sequences, length 43
# corresponding to MSA columns:
# 56-98
name=unknown_B
#
# <colnr> <probs for GDERKNQSTAVLIFYWHMCP>
#	G	D	E	R	K	N	Q	S	T	A	V	L	I	F	Y	W	H	M	C	P
0	0.01619	0.01482	0.05762	0.04707	0.24250	0.17619	0.01200	0.05652	0.03649	0.15726	0.03647	0.01597	0.01126	0.00779	0.04370	0.00197	0.03042	0.02440	0.00376	0.00758
1	0.01514	0.10204	0.03842	0.03337	0.27500	0.07048	0.04286	0.09595	0.10552	0.09158	0.02873	0.01471	0.01072	0.00733	0.04319	0.00192	0.00654	0.00489	0.00369	0.00792
2	0.07514	0.00626	0.00631	0.00588	0.00759	0.00644	0.00454	0.06492	0.01235	0.04491	0.04725	0.01942	0.01431	0.00637	0.00399	0.00134	0.00293	0.00503	0.65954	0.00548
3	0.00724	0.00521	0.00667	0.00760	0.00815	0.00498	0.00516	0.04395	0.01101	0.01463	0.02929	0.72595	0.05828	0.03514	0.00725	0.00221	0.00329	0.01445	0.00496	0.00457
4	0.01617	0.49589	0.04261	0.01047	0.01444	0.10420	0.00969	0.04079	0.01220	0.11876	0.00962	0.01055	0.00785	0.00550	0.00530	0.00139	0.08086	0.00354	0.00304	0.00712
5	0.01022	0.00963	0.01613	0.68079	0.03380	0.01180	0.04427	0.01402	0.03573	0.01412	0.01090	0.05289	0.00887	0.00606	0.00582	0.00183	0.02910	0.00538	0.00263	0.00602
6	0.00671	0.00479	0.00613	0.00714	0.00749	0.00449	0.00469	0.00753	0.01003	0.01328	0.02912	0.65885	0.07257	0.12856	0.00971	0.00259	0.00339	0.01400	0.00474	0.00421
7	0.04873	0.00598	0.00712	0.00686	0.00835	0.00566	0.00516	0.01016	0.01308	0.05496	0.35235	0.15194	0.25902	0.01205	0.00660	0.00182	0.02953	0.01029	0.00529	0.00506
8	0.03234	0.16330	0.14545	0.07444	0.01949	0.05929	0.10372	0.14165	0.05046	0.06193	0.01078	0.01242	0.00824	0.00583	0.00627	0.00165	0.08750	0.00447	0.00332	0.00745
9	0.00726	0.00577	0.00670	0.00766	0.00821	0.04248	0.00522	0.00835	0.01093	0.01425	0.08194	0.68979	0.05990	0.01575	0.00670	0.00209	0.00338	0.01417	0.00494	0.00451
10	0.00775	0.00680	0.04602	0.00880	0.01013	0.00688	0.00722	0.00985	0.00893	0.01278	0.01608	0.02209	0.04998	0.03727	0.71412	0.00796	0.01350	0.00593	0.00295	0.00493
11	0.84927	0.01038	0.00789	0.00706	0.01038	0.01204	0.00581	0.01578	0.00914	0.02408	0.00747	0.00872	0.00581	0.00498	0.00332	0.00166	0.00415	0.00291	0.00332	0.00581
12	0.01315	0.41976	0.30939	0.01228	0.04015	0.03281	0.01327	0.01661	0.01125	0.03980	0.00911	0.01062	0.00738	0.00632	0.03611	0.00169	0.00698	0.00355	0.00247	0.00730
13	0.07883	0.68288	0.09309	0.00956	0.01435	0.01975	0.00986	0.01613	0.01081	0.01390	0.00765	0.00886	0.00680	0.00467	0.00358	0.00124	0.00581	0.00297	0.00237	0.00690
14	0.84927	0.01038	0.00789	0.00706	0.01038	0.01204	0.00581	0.01578	0.00914	0.02408	0.00747	0.00872	0.00581	0.00498	0.00332	0.00166	0.00415	0.00291	0.00332	0.00581
15	0.01108	0.01135	0.03666	0.37420	0.08404	0.01184	0.25000	0.02773	0.01180	0.01567	0.01233	0.05870	0.01061	0.00628	0.00587	0.00184	0.00734	0.05331	0.00286	0.00650
16	0.16047	0.54559	0.11655	0.00958	0.01434	0.01803	0.00985	0.01653	0.01082	0.04549	0.00827	0.00934	0.00694	0.00480	0.00370	0.00133	0.00568	0.00311	0.00264	0.00692
17	0.00767	0.00515	0.00589	0.00602	0.00606	0.00512	0.00343	0.00777	0.00806	0.01075	0.01823	0.11541	0.02118	0.72880	0.02519	0.00489	0.00499	0.00858	0.00343	0.00337
18	0.00672	0.00545	0.00596	0.00584	0.00748	0.00469	0.00438	0.00844	0.01313	0.01663	0.27236	0.04816	0.55638	0.01280	0.00634	0.00178	0.00266	0.01084	0.00526	0.00469
19	0.01451	0.01237	0.01277	0.01120	0.01440	0.03292	0.00878	0.13127	0.64511	0.02383	0.02025	0.01877	0.01513	0.00712	0.00543	0.00178	0.00462	0.00583	0.00538	0.00853
20	0.00760	0.00549	0.00718	0.00675	0.00802	0.00506	0.00506	0.01013	0.01519	0.02153	0.77503	0.04010	0.05065	0.01097	0.00633	0.00169	0.00253	0.00971	0.00591	0.00506
21	0.01115	0.02722	0.76106	0.01513	0.02295	0.01233	0.01948	0.01727	0.01145	0.03929	0.00997	0.01154	0.00699	0.00514	0.00511	0.00170	0.00784	0.00401	0.00239	0.00797
22	0.01283	0.01329	0.01387	0.01240	0.01323	0.17963	0.00984	0.03699	0.01070	0.01401	0.01170	0.13849	0.01210	0.02231	0.01233	0.00209	0.43209	0.00618	0.04021	0.00573
23	0.01001	0.00500	0.00500	0.00500	0.00625	0.00500	0.00375	0.01251	0.01126	0.02001	0.01751	0.02001	0.01376	0.00625	0.00375	0.00125	0.00250	0.00500	0.84115	0.00500
24	0.84927	0.01038	0.00789	0.00706	0.01038	0.01204	0.00581	0.01578	0.00914	0.02408	0.00747	0.00872	0.00581	0.00498	0.00332	0.00166	0.00415	0.00291	0.00332	0.00581
25	0.01425	0.74432	0.02661	0.00925	0.01361	0.05076	0.00903	0.01600	0.01128	0.01308	0.04463	0.01018	0.00901	0.00494	0.00364	0.00118	0.00574	0.00322	0.00249	0.00677
26	0.01411	0.76234	0.07828	0.00959	0.01441	0.02066	0.00989	0.01613	0.01094	0.01292	0.00761	0.00879	0.00688	0.00463	0.00355	0.00118	0.00589	0.00294	0.00229	0.00696
27	0.00780	0.00524	0.00606	0.00606	0.00613	0.00531	0.00350	0.00794	0.00787	0.01056	0.01673	0.03411	0.01907	0.75543	0.08264	0.00545	0.00587	0.00766	0.00323	0.00336
28	0.00652	0.00474	0.00615	0.00728	0.00774	0.00438	0.00490	0.00750	0.01046	0.01378	0.03192	0.73650	0.10534	0.01651	0.00680	0.00215	0.00308	0.01489	0.00498	0.00438
29	0.12866	0.00927	0.01165	0.00916	0.01302	0.00856	0.00753	0.04153	0.02753	0.60978	0.06279	0.01821	0.01444	0.00669	0.00519	0.00166	0.00442	0.00533	0.00612	0.00846
30	0.02057	0.01030	0.02799	0.06098	0.01553	0.00971	0.00884	0.12631	0.07588	0.50790	0.01957	0.05145	0.01366	0.00712	0.00549	0.00171	0.00491	0.01760	0.00591	0.00859
31	0.00654	0.00467	0.00623	0.00747	0.00779	0.00436	0.00498	0.00747	0.01028	0.01370	0.02959	0.80785	0.03550	0.01682	0.00685	0.00218	0.00311	0.01526	0.00498	0.00436
32	0.02365	0.00904	0.01232	0.00948	0.01355	0.00781	0.00781	0.02573	0.01536	0.76138	0.04121	0.01885	0.01428	0.00676	0.00542	0.00166	0.00451	0.00551	0.00662	0.00903
33	0.01253	0.41443	0.41231	0.01229	0.01859	0.01678	0.01460	0.01654	0.01112	0.01485	0.00857	0.01000	0.00684	0.00485	0.00429	0.00143	0.00686	0.00343	0.00228	0.00742
34	0.01924	0.01237	0.01359	0.01081	0.01443	0.03598	0.00867	0.38412	0.10231	0.22616	0.01635	0.01736	0.01206	0.09226	0.00771	0.00202	0.00541	0.00539	0.00541	0.00835
35	0.01074	0.00976	0.08117	0.01024	0.01277	0.00874	0.00913	0.01713	0.22876	0.05483	0.07917	0.04052	0.05960	0.01105	0.00642	0.00209	0.00473	0.34174	0.00500	0.00643
36	0.01272	0.01609	0.11653	0.03455	0.08357	0.04908	0.53256	0.01708	0.01249	0.01697	0.01045	0.01364	0.00793	0.00465	0.00591	0.00171	0.00847	0.00563	0.00268	0.04729
37	0.11514	0.49110	0.03736	0.00916	0.01342	0.05934	0.00855	0.01655	0.01126	0.07001	0.00944	0.03443	0.00822	0.00516	0.00384	0.00127	0.00546	0.00353	0.00293	0.09382
38	0.01610	0.01461	0.01422	0.01283	0.04889	0.13115	0.00970	0.21345	0.40045	0.02336	0.01640	0.01601	0.01238	0.00678	0.00583	0.00171	0.03791	0.00525	0.00478	0.00821
39	0.01165	0.22089	0.59812	0.01380	0.02091	0.01462	0.01722	0.01677	0.01123	0.01593	0.00910	0.01066	0.00682	0.00498	0.00469	0.00156	0.00739	0.00370	0.00227	0.00768
40	0.01340	0.60480	0.22954	0.01082	0.01630	0.01890	0.01202	0.01632	0.01102	0.01379	0.00804	0.00934	0.00686	0.00473	0.00389	0.00130	0.00633	0.00316	0.00229	0.00717
41	0.00932	0.00466	0.00699	0.00699	0.00699	0.00466	0.00466	0.00699	0.00699	0.00932	0.00932	0.01632	0.00932	0.01865	0.02098	0.84382	0.00466	0.00466	0.00233	0.00233
42	0.01403	0.74461	0.09531	0.00973	0.01462	0.02046	0.01013	0.01616	0.01094	0.01302	0.00766	0.00885	0.00688	0.00464	0.00359	0.00120	0.00594	0.00297	0.00229	0.00698

[dist]
# distance from previous block
# <min> <max>
0	1

[block]
# block no. 2 follows, 45 sequences, length 24
# corresponding to MSA columns:
# 100-123
name=unknown_C
#
# <colnr> <probs for GDERKNQSTAVLIFYWHMCP>
#	G	D	E	R	K	N	Q	S	T	A	V	L	I	F	Y	W	H	M	C	P
0	0.01419	0.68308	0.02551	0.00947	0.01381	0.01995	0.00907	0.01811	0.13491	0.01424	0.00982	0.01048	0.00844	0.00503	0.00377	0.00126	0.00550	0.00339	0.00281	0.00715
1	0.00888	0.00653	0.00783	0.00796	0.00919	0.00645	0.00573	0.13095	0.01338	0.01775	0.09219	0.52120	0.12279	0.01424	0.00650	0.00200	0.00347	0.01261	0.00512	0.00522
2	0.01454	0.01530	0.02677	0.02047	0.06343	0.07758	0.51196	0.13900	0.01477	0.01946	0.01082	0.01368	0.00819	0.00509	0.00637	0.00175	0.03448	0.00572	0.00314	0.00749
3	0.06267	0.01059	0.07024	0.00952	0.01389	0.00834	0.00835	0.02233	0.02890	0.51722	0.04476	0.01690	0.01294	0.00617	0.00507	0.00153	0.00462	0.00497	0.00552	0.14545
4	0.00748	0.00553	0.00677	0.00733	0.00862	0.00504	0.00569	0.00912	0.01203	0.03167	0.08619	0.24484	0.32401	0.01443	0.00674	0.00207	0.00345	0.20921	0.00507	0.00473
5	0.01295	0.02472	0.65727	0.01436	0.02167	0.01172	0.01788	0.01850	0.01199	0.14220	0.01152	0.01247	0.00786	0.00535	0.00515	0.00169	0.00738	0.00420	0.00298	0.00813
6	0.01934	0.01363	0.01487	0.01182	0.01576	0.04961	0.02649	0.41069	0.18660	0.16968	0.01616	0.01536	0.01138	0.00658	0.00539	0.00166	0.00554	0.00518	0.00545	0.00881
7	0.01101	0.02351	0.58523	0.01480	0.02197	0.01170	0.08817	0.01645	0.01143	0.01710	0.00974	0.01160	0.00712	0.00486	0.00503	0.00156	0.00739	0.00406	0.00246	0.14480
8	0.02155	0.01227	0.13871	0.01054	0.01527	0.00882	0.00987	0.02474	0.03962	0.63126	0.01931	0.01719	0.01233	0.00641	0.00535	0.00167	0.00511	0.00519	0.00589	0.00892
9	0.01100	0.13858	0.01163	0.00756	0.00981	0.00857	0.08502	0.01359	0.01135	0.01850	0.01516	0.01756	0.01204	0.00580	0.00398	0.00129	0.00373	0.00480	0.61448	0.00555
10	0.84927	0.01038	0.00789	0.00706	0.01038	0.01204	0.00581	0.01578	0.00914	0.02408	0.00747	0.00872	0.00581	0.00498	0.00332	0.00166	0.00415	0.00291	0.00332	0.00581
11	0.01785	0.14426	0.01506	0.01039	0.01386	0.14307	0.00847	0.03562	0.20955	0.26477	0.04396	0.01694	0.01345	0.03217	0.00574	0.00168	0.00551	0.00505	0.00482	0.00778
12	0.00782	0.13730	0.00981	0.00775	0.00877	0.00712	0.00567	0.00888	0.01038	0.01353	0.02596	0.67697	0.03082	0.01482	0.00629	0.00201	0.00354	0.01323	0.00454	0.00477
13	0.04672	0.03633	0.01394	0.01162	0.03339	0.26493	0.00900	0.07905	0.05858	0.35043	0.01524	0.01452	0.01056	0.00614	0.00506	0.00155	0.00634	0.00459	0.02414	0.00787
14	0.03644	0.22802	0.13925	0.01158	0.02963	0.18486	0.01045	0.04885	0.01187	0.01454	0.01035	0.01551	0.00969	0.13772	0.00922	0.00212	0.06712	0.02370	0.00280	0.00629
15	0.00902	0.01019	0.13532	0.01018	0.01261	0.03204	0.00975	0.01195	0.01236	0.01626	0.08335	0.04711	0.10020	0.01339	0.03327	0.00239	0.00550	0.44522	0.00444	0.00544
16	0.00745	0.00511	0.00647	0.00717	0.00749	0.00498	0.00483	0.00813	0.00949	0.01259	0.02366	0.36243	0.02754	0.33126	0.01555	0.03371	0.00427	0.11973	0.00420	0.00393
17	0.14601	0.28353	0.05844	0.04192	0.17744	0.03857	0.01059	0.01598	0.01127	0.05399	0.02293	0.01482	0.00990	0.03357	0.02150	0.00178	0.00592	0.04197	0.00301	0.00688
18	0.01297	0.01721	0.21504	0.04880	0.41940	0.06056	0.04675	0.04172	0.01248	0.01735	0.01098	0.01353	0.02674	0.00531	0.00563	0.00165	0.02851	0.00472	0.00270	0.00794
19	0.15792	0.23457	0.12224	0.02270	0.01571	0.20681	0.01041	0.06424	0.05760	0.04821	0.00974	0.01068	0.00766	0.00533	0.00434	0.00147	0.00664	0.00361	0.00314	0.00699
20	0.01065	0.02490	0.03537	0.00830	0.01041	0.08567	0.00662	0.02738	0.04770	0.07150	0.41428	0.07232	0.09835	0.01086	0.03100	0.00189	0.00424	0.00835	0.00513	0.02508
21	0.01328	0.01041	0.02308	0.06206	0.02508	0.06362	0.02781	0.07147	0.05581	0.12461	0.14073	0.07547	0.05016	0.00778	0.00610	0.00158	0.05187	0.00640	0.02503	0.15767
22	0.04675	0.18391	0.07600	0.02539	0.01498	0.13703	0.00950	0.08301	0.03856	0.16821	0.01423	0.01450	0.04931	0.00607	0.00510	0.00147	0.03127	0.00442	0.01673	0.07354
23	0.06694	0.38008	0.04734	0.03030	0.04717	0.14576	0.00948	0.03087	0.01176	0.01495	0.01050	0.01215	0.03369	0.00624	0.01998	0.00152	0.04756	0.00380	0.07340	0.00651

[dist]
# distance from previous block
# <min> <max>
63	104

[block]
# block no. 3 follows, 45 sequences, length 119
# corresponding to MSA columns:
# 257-375
name=unknown_D
#
# <colnr> <probs for GDERKNQSTAVLIFYWHMCP>
#	G	D	E	R	K	N	Q	S	T	A	V	L	I	F	Y	W	H	M	C	P
0	0.01654	0.01461	0.08795	0.01200	0.01590	0.04523	0.04762	0.42922	0.07027	0.04158	0.03970	0.03762	0.01247	0.07743	0.00734	0.00196	0.00595	0.00557	0.02316	0.00789
1	0.04652	0.13485	0.10233	0.04251	0.10301	0.14657	0.03090	0.06627	0.06045	0.01664	0.01178	0.06470	0.01063	0.00694	0.00657	0.00170	0.10335	0.03423	0.00316	0.00690
2	0.07965	0.13860	0.01783	0.01371	0.08301	0.07789	0.10042	0.10489	0.01293	0.03331	0.01342	0.07107	0.04825	0.00756	0.02069	0.00178	0.10718	0.00546	0.02150	0.04088
3	0.21669	0.10449	0.14666	0.06806	0.15326	0.04782	0.02937	0.03800	0.02841	0.10460	0.01057	0.01196	0.00794	0.00524	0.00461	0.00160	0.00603	0.00405	0.00328	0.00736
4	0.01352	0.13789	0.03237	0.14779	0.01881	0.13458	0.04158	0.05643	0.09168	0.01548	0.01092	0.04296	0.00951	0.02391	0.00825	0.00181	0.18340	0.00488	0.00305	0.02118
5	0.17100	0.01805	0.34446	0.17661	0.08281	0.01235	0.02791	0.03102	0.04201	0.01828	0.00982	0.01204	0.00730	0.00519	0.00486	0.00169	0.00669	0.00413	0.00274	0.02104
6	0.01270	0.01073	0.01184	0.06693	0.01492	0.01219	0.00858	0.08509	0.53142	0.02171	0.04048	0.02414	0.09342	0.00807	0.00563	0.00182	0.00443	0.03297	0.00518	0.00776
7	0.00741	0.00558	0.00716	0.00761	0.00874	0.00490	0.00531	0.00864	0.01048	0.01443	0.02597	0.64826	0.03047	0.01447	0.00635	0.00194	0.00331	0.02957	0.00466	0.15472
8	0.04085	0.01442	0.01492	0.01237	0.03300	0.06094	0.00984	0.51158	0.14829	0.04389	0.01471	0.01585	0.01109	0.00680	0.00538	0.00167	0.00575	0.03496	0.00512	0.00858
9	0.00768	0.00569	0.00833	0.00833	0.00919	0.00655	0.00634	0.00940	0.00854	0.01224	0.01465	0.02258	0.01407	0.12210	0.70913	0.00826	0.01340	0.00597	0.00292	0.00463
10	0.01099	0.04492	0.71341	0.01589	0.03913	0.01273	0.05557	0.01698	0.01141	0.01692	0.00965	0.01147	0.00690	0.00505	0.00513	0.00169	0.00790	0.00407	0.00230	0.00789
11	0.01181	0.09162	0.48283	0.01581	0.02216	0.01347	0.15822	0.01677	0.01145	0.03615	0.01020	0.01298	0.00777	0.00551	0.00615	0.00174	0.06481	0.02049	0.00253	0.00753
12	0.00654	0.00467	0.00623	0.00747	0.00779	0.00436	0.00498	0.00747	0.01028	0.01370	0.02959	0.80785	0.03550	0.01682	0.00685	0.00218	0.00311	0.01526	0.00498	0.00436
13	0.01309	0.01362	0.03855	0.07648	0.07148	0.01316	0.50132	0.10665	0.01381	0.01884	0.01167	0.03500	0.00916	0.00611	0.02588	0.00194	0.00819	0.00609	0.02169	0.00728
14	0.03617	0.03085	0.03081	0.09507	0.03638	0.01001	0.00888	0.14717	0.03054	0.33199	0.01770	0.08985	0.01347	0.00722	0.00526	0.00166	0.00488	0.00595	0.08840	0.00775
15	0.00673	0.00481	0.00645	0.00769	0.00809	0.00452	0.00531	0.00780	0.01046	0.01392	0.02948	0.74050	0.03509	0.01664	0.00690	0.00221	0.00328	0.08073	0.00498	0.00441
16	0.01435	0.81458	0.02813	0.00918	0.01378	0.02124	0.00918	0.01607	0.01091	0.01263	0.00746	0.00861	0.00689	0.00459	0.00344	0.00115	0.00574	0.00287	0.00230	0.00689
17	0.01488	0.70111	0.02700	0.01013	0.01465	0.06075	0.03984	0.05336	0.01192	0.01390	0.00791	0.00912	0.00705	0.00473	0.00373	0.00121	0.00609	0.00314	0.00249	0.00698
18	0.00761	0.00547	0.00625	0.00631	0.00756	0.00491	0.00451	0.00884	0.01152	0.04446	0.11928	0.14762	0.37712	0.17684	0.01072	0.00257	0.00344	0.04567	0.00479	0.00450
19	0.04667	0.08261	0.54760	0.01407	0.02051	0.14434	0.01651	0.01739	0.01184	0.01624	0.00968	0.03136	0.00753	0.00543	0.00491	0.00162	0.00779	0.00405	0.00247	0.00739
20	0.00683	0.00480	0.00614	0.00710	0.00734	0.00456	0.00458	0.00755	0.00970	0.01294	0.02664	0.62818	0.03179	0.20156	0.01161	0.00288	0.00360	0.01353	0.00458	0.00410
21	0.02408	0.00914	0.01246	0.00955	0.01370	0.00789	0.00789	0.02616	0.01536	0.78158	0.02118	0.01827	0.01329	0.00664	0.00540	0.00166	0.00457	0.00540	0.00664	0.00914
22	0.02005	0.02558	0.01521	0.01383	0.01659	0.78980	0.01037	0.02143	0.01521	0.01314	0.00830	0.00968	0.00691	0.00553	0.00484	0.00138	0.00968	0.00346	0.00277	0.00622
23	0.00859	0.00600	0.00750	0.00710	0.00854	0.00569	0.00528	0.01167	0.06831	0.05548	0.52795	0.10690	0.10441	0.04388	0.00713	0.00189	0.00293	0.00980	0.00564	0.00532
24	0.00878	0.00575	0.00755	0.00695	0.00843	0.00527	0.00527	0.01128	0.01521	0.07613	0.72088	0.03853	0.04797	0.01066	0.00626	0.00169	0.00268	0.00940	0.00596	0.00536
25	0.00691	0.00552	0.00586	0.00573	0.00751	0.00469	0.00431	0.00847	0.01276	0.03187	0.16521	0.04916	0.64729	0.01304	0.00632	0.00179	0.00273	0.01095	0.00516	0.00471
26	0.00781	0.00520	0.00585	0.00585	0.00585	0.00520	0.00325	0.00781	0.00781	0.01041	0.01691	0.03513	0.01952	0.81135	0.02732	0.00520	0.00520	0.00781	0.00325	0.00325
27	0.77124	0.02698	0.00837	0.00722	0.01040	0.01185	0.00595	0.01534	0.00914	0.02301	0.00797	0.00961	0.00638	0.00751	0.05984	0.00215	0.00492	0.00311	0.00327	0.00576
28	0.01946	0.02459	0.01530	0.01385	0.01641	0.73425	0.01047	0.02082	0.01471	0.01312	0.00821	0.00983	0.00692	0.00581	0.00576	0.00145	0.06656	0.00355	0.00274	0.00620
29	0.01230	0.01197	0.01801	0.32614	0.36767	0.06781	0.01463	0.02877	0.01212	0.01598	0.02413	0.02947	0.00989	0.00577	0.00542	0.00170	0.00673	0.03159	0.00279	0.00711
30	0.03981	0.01240	0.01387	0.01239	0.06921	0.02955	0.00926	0.32919	0.19518	0.11820	0.06949	0.01847	0.04448	0.00708	0.00543	0.00167	0.00506	0.00570	0.00526	0.00832
31	0.00781	0.00520	0.00585	0.00585	0.00585	0.00520	0.00325	0.00781	0.00781	0.01041	0.01691	0.03513	0.01952	0.81135	0.02732	0.00520	0.00520	0.00781	0.00325	0.00325
32	0.01014	0.00954	0.01610	0.79845	0.03697	0.01193	0.01491	0.01371	0.01073	0.01371	0.00954	0.01431	0.00716	0.00537	0.00537	0.00179	0.00716	0.00477	0.00239	0.00596
33	0.01230	0.00970	0.01137	0.00824	0.01291	0.00759	0.00661	0.03231	0.03205	0.07034	0.01075	0.01190	0.00857	0.00430	0.00415	0.00090	0.00407	0.00345	0.00353	0.74497
34	0.00668	0.00474	0.00625	0.00741	0.00772	0.00446	0.00494	0.00758	0.01014	0.01352	0.02865	0.73616	0.03425	0.07385	0.00833	0.00240	0.00330	0.03045	0.00486	0.00429
35	0.01267	0.01448	0.03167	0.02262	0.02805	0.01357	0.75837	0.01719	0.01267	0.01719	0.01086	0.01448	0.00814	0.00452	0.00633	0.00181	0.00905	0.00633	0.00271	0.00724
36	0.01053	0.00998	0.01438	0.08708	0.01509	0.01349	0.01074	0.01213	0.00856	0.01288	0.00918	0.01441	0.00871	0.01701	0.21671	0.00392	0.52211	0.00498	0.00249	0.00560
37	0.01190	0.01724	0.22016	0.01986	0.02562	0.01276	0.51775	0.01671	0.01231	0.01706	0.01181	0.01699	0.00944	0.00541	0.00610	0.00183	0.00847	0.05856	0.00276	0.00725
38	0.10423	0.00916	0.01182	0.00920	0.01320	0.00820	0.00758	0.02464	0.01467	0.68669	0.02074	0.01825	0.03331	0.00667	0.00522	0.00167	0.00448	0.00532	0.00627	0.00869
39	0.01001	0.00500	0.00500	0.00500	0.00625	0.00500	0.00375	0.01251	0.01126	0.02001	0.01751	0.02001	0.01376	0.00625	0.00375	0.00125	0.00250	0.00500	0.84115	0.00500
40	0.01261	0.01321	0.07554	0.18970	0.38360	0.01260	0.11014	0.06681	0.01287	0.01783	0.02861	0.01519	0.00959	0.00538	0.00552	0.00169	0.00684	0.02175	0.00289	0.00765
41	0.02275	0.00956	0.02911	0.00963	0.01371	0.00816	0.00808	0.05247	0.01564	0.69509	0.06218	0.01912	0.01505	0.00684	0.00544	0.00166	0.00458	0.00558	0.00646	0.00888
42	0.01895	0.00952	0.01162	0.00930	0.01258	0.00936	0.00746	0.19232	0.03102	0.39126	0.03842	0.01941	0.01398	0.07797	0.04042	0.00221	0.00507	0.00558	0.09567	0.00787
43	0.00787	0.00551	0.00738	0.00810	0.00910	0.00523	0.00630	0.00975	0.01233	0.03197	0.20291	0.32222	0.06846	0.01443	0.00688	0.00214	0.00363	0.26577	0.00522	0.00483
44	0.01667	0.09332	0.18498	0.01443	0.05551	0.04871	0.13672	0.05435	0.05048	0.25657	0.02678	0.01476	0.01046	0.00571	0.00529	0.00163	0.00650	0.00496	0.00411	0.00807
45	0.07520	0.01631	0.01885	0.05844	0.44360	0.24385	0.03402	0.01780	0.01284	0.01652	0.00937	0.01196	0.00777	0.00504	0.00506	0.00155	0.00731	0.00430	0.00273	0.00749
46	0.01170	0.01159	0.02103	0.29618	0.31407	0.01220	0.17360	0.01523	0.01180	0.01599	0.01203	0.01639	0.03443	0.00548	0.00564	0.00174	0.00706	0.02400	0.00271	0.00712
47	0.01435	0.81458	0.02813	0.00918	0.01378	0.02124	0.00918	0.01607	0.01091	0.01263	0.00746	0.00861	0.00689	0.00459	0.00344	0.00115	0.00574	0.00287	0.00230	0.00689
48	0.01073	0.00612	0.00635	0.00608	0.00760	0.00632	0.00460	0.06916	0.05697	0.02074	0.01829	0.07607	0.01513	0.00709	0.00420	0.00138	0.00290	0.00579	0.66900	0.00547
49	0.00781	0.00520	0.00585	0.00585	0.00585	0.00520	0.00325	0.00781	0.00781	0.01041	0.01691	0.03513	0.01952	0.81135	0.02732	0.00520	0.00520	0.00781	0.00325	0.00325
50	0.00697	0.00546	0.00630	0.00609	0.00763	0.00480	0.00457	0.00891	0.01371	0.01800	0.41323	0.04590	0.41466	0.01229	0.00634	0.00175	0.00263	0.01052	0.00544	0.00480
51	0.00654	0.00467	0.00623	0.00747	0.00779	0.00436	0.00498	0.00747	0.01028	0.01370	0.02959	0.80785	0.03550	0.01682	0.00685	0.00218	0.00311	0.01526	0.00498	0.00436
52	0.00845	0.00604	0.00843	0.00966	0.01081	0.00601	0.00831	0.01078	0.01216	0.01584	0.02853	0.12995	0.03132	0.01501	0.00736	0.00244	0.00477	0.67427	0.00495	0.00489
53	0.01113	0.00954	0.01113	0.00795	0.01272	0.00716	0.00636	0.01352	0.01113	0.01749	0.00954	0.01113	0.00795	0.00398	0.00398	0.00080	0.00398	0.00318	0.00318	0.84417
54	0.01335	0.01153	0.01214	0.01092	0.01396	0.01335	0.00850	0.02852	0.76817	0.02245	0.02185	0.02003	0.01639	0.00728	0.00546	0.00182	0.00425	0.00607	0.00546	0.00850
55	0.84927	0.01038	0.00789	0.00706	0.01038	0.01204	0.00581	0.01578	0.00914	0.02408	0.00747	0.00872	0.00581	0.00498	0.00332	0.00166	0.00415	0.00291	0.00332	0.00581
56	0.84927	0.01038	0.00789	0.00706	0.01038	0.01204	0.00581	0.01578	0.00914	0.02408	0.00747	0.00872	0.00581	0.00498	0.00332	0.00166	0.00415	0.00291	0.00332	0.00581
57	0.84927	0.01038	0.00789	0.00706	0.01038	0.01204	0.00581	0.01578	0.00914	0.02408	0.00747	0.00872	0.00581	0.00498	0.00332	0.00166	0.00415	0.00291	0.00332	0.00581
58	0.01329	0.01275	0.02179	0.03295	0.77787	0.01275	0.01647	0.01647	0.01222	0.01754	0.01010	0.01329	0.00850	0.00478	0.00531	0.00159	0.00638	0.00478	0.00266	0.00850
59	0.02041	0.01504	0.01611	0.01235	0.01665	0.01665	0.01020	0.75997	0.02524	0.03383	0.01289	0.01289	0.00913	0.00644	0.00537	0.00161	0.00591	0.00483	0.00537	0.00913
60	0.00654	0.00467	0.00623	0.00747	0.00779	0.00436	0.00498	0.00747	0.01028	0.01370	0.02959	0.80785	0.03550	0.01682	0.00685	0.00218	0.00311	0.01526	0.00498	0.00436
61	0.01001	0.00500	0.00500	0.00500	0.00625	0.00500	0.00375	0.01251	0.01126	0.02001	0.01751	0.02001	0.01376	0.00625	0.00375	0.00125	0.00250	0.00500	0.84115	0.00500
62	0.00767	0.00575	0.00863	0.00863	0.00959	0.00671	0.00671	0.00959	0.00863	0.01246	0.01438	0.02109	0.01342	0.04026	0.79008	0.00863	0.01438	0.00575	0.00288	0.00479
63	0.01267	0.01448	0.03167	0.02262	0.02805	0.01357	0.75837	0.01719	0.01267	0.01719	0.01086	0.01448	0.00814	0.00452	0.00633	0.00181	0.00905	0.00633	0.00271	0.00724
64	0.00654	0.00467	0.00623	0.00747	0.00779	0.00436	0.00498	0.00747	0.01028	0.01370	0.02959	0.80785	0.03550	0.01682	0.00685	0.00218	0.00311	0.01526	0.00498	0.00436
65	0.01150	0.00976	0.01133	0.00813	0.01288	0.00753	0.00651	0.04311	0.01169	0.01814	0.00967	0.01120	0.00800	0.00407	0.00403	0.00083	0.00405	0.00325	0.00327	0.81106
66	0.02408	0.00914	0.01246	0.00955	0.01370	0.00789	0.00789	0.02616	0.01536	0.78158	0.02118	0.01827	0.01329	0.00664	0.00540	0.00166	0.00457	0.00540	0.00664	0.00914
67	0.01173	0.01003	0.01064	0.00968	0.01237	0.01121	0.00749	0.02359	0.58109	0.02113	0.09600	0.02681	0.13808	0.00861	0.00568	0.00181	0.00385	0.00722	0.00543	0.00756
68	0.00694	0.00496	0.00664	0.00764	0.00820	0.00467	0.00541	0.00828	0.01124	0.01513	0.13968	0.60924	0.03722	0.01573	0.00684	0.00214	0.00324	0.09715	0.00512	0.00453
69	0.01291	0.01289	0.02248	0.09272	0.22378	0.01419	0.24223	0.06891	0.01210	0.01703	0.00967	0.01331	0.00793	0.00610	0.00889	0.00188	0.21774	0.00524	0.00276	0.00723
70	0.01259	0.00985	0.01216	0.00881	0.01350	0.00779	0.03546	0.03079	0.02717	0.08611	0.01095	0.01211	0.00863	0.00435	0.00425	0.00095	0.00427	0.00359	0.00356	0.70310
71	0.84927	0.01038	0.00789	0.00706	0.01038	0.01204	0.00581	0.01578	0.00914	0.02408	0.00747	0.00872	0.00581	0.00498	0.00332	0.00166	0.00415	0.00291	0.00332	0.00581
72	0.00756	0.00549	0.00712	0.00671	0.00799	0.00505	0.00503	0.01005	0.01509	0.02129	0.75070	0.04049	0.07513	0.01106	0.00633	0.00169	0.00254	0.00976	0.00588	0.00505
73	0.01275	0.01085	0.01169	0.01079	0.01360	0.01244	0.00852	0.02630	0.67177	0.02164	0.02269	0.02520	0.01824	0.00825	0.00571	0.00190	0.00434	0.09990	0.00540	0.00804
74	0.00714	0.00545	0.00655	0.00631	0.00775	0.00486	0.00472	0.00922	0.01405	0.01889	0.50609	0.06181	0.30361	0.01202	0.00635	0.00174	0.00261	0.01040	0.00556	0.00486
75	0.00760	0.00549	0.00718	0.00675	0.00802	0.00506	0.00506	0.01013	0.01519	0.02153	0.77503	0.04010	0.05065	0.01097	0.00633	0.00169	0.00253	0.00971	0.00591	0.00506
76	0.00711	0.00547	0.00650	0.00624	0.00772	0.00486	0.00468	0.00918	0.01404	0.01878	0.49343	0.04462	0.33397	0.01200	0.00634	0.00174	0.00261	0.01034	0.00555	0.00486
77	0.01747	0.01220	0.01297	0.01028	0.01371	0.01336	0.00838	0.54888	0.02129	0.02993	0.01419	0.01490	0.01044	0.00639	0.00491	0.00151	0.00495	0.00488	0.24140	0.00796
78	0.01113	0.00954	0.01113	0.00795	0.01272	0.00716	0.00636	0.01352	0.01113	0.01749	0.00954	0.01113	0.00795	0.00398	0.00398	0.00080	0.00398	0.00318	0.00318	0.84417
79	0.00654	0.00467	0.00623	0.00747	0.00779	0.00436	0.00498	0.00747	0.01028	0.01370	0.02959	0.80785	0.03550	0.01682	0.00685	0.00218	0.00311	0.01526	0.00498	0.00436
80	0.00654	0.00467	0.00623	0.00747	0.00779	0.00436	0.00498	0.00747	0.01028	0.01370	0.02959	0.80785	0.03550	0.01682	0.00685	0.00218	0.00311	0.01526	0.00498	0.00436
81	0.02041	0.01504	0.01611	0.01235	0.01665	0.01665	0.01020	0.75997	0.02524	0.03383	0.01289	0.01289	0.00913	0.00644	0.00537	0.00161	0.00591	0.00483	0.00537	0.00913
82	0.00654	0.00467	0.00623	0.00747	0.00779	0.00436	0.00498	0.00747	0.01028	0.01370	0.02959	0.80785	0.03550	0.01682	0.00685	0.00218	0.00311	0.01526	0.00498	0.00436
83	0.00634	0.00544	0.00544	0.00544	0.00725	0.00453	0.00408	0.00770	0.01224	0.01450	0.05438	0.05166	0.77569	0.01359	0.00634	0.00181	0.00272	0.01133	0.00498	0.00453
84	0.01256	0.01526	0.07611	0.02219	0.02777	0.01351	0.71472	0.01718	0.01259	0.01718	0.01079	0.01429	0.00807	0.00456	0.00626	0.00180	0.00898	0.00619	0.00269	0.00728
85	0.01435	0.81458	0.02813	0.00918	0.01378	0.02124	0.00918	0.01607	0.01091	0.01263	0.00746	0.00861	0.00689	0.00459	0.00344	0.00115	0.00574	0.00287	0.00230	0.00689
86	0.01267	0.01448	0.03167	0.02262	0.02805	0.01357	0.75837	0.01719	0.01267	0.01719	0.01086	0.01448	0.00814	0.00452	0.00633	0.00181	0.00905	0.00633	0.00271	0.00724
87	0.00654	0.00545	0.00571	0.00565	0.00737	0.00462	0.00424	0.00809	0.01271	0.01562	0.16930	0.04982	0.66006	0.01318	0.00634	0.00179	0.00269	0.01107	0.00513	0.00462
88	0.00709	0.00555	0.00636	0.00625	0.00770	0.00498	0.00461	0.00917	0.03262	0.01721	0.33010	0.10000	0.39047	0.04517	0.00721	0.00193	0.00282	0.01070	0.00529	0.00478
89	0.01718	0.01068	0.01225	0.01043	0.01387	0.01140	0.00828	0.02768	0.49942	0.29346	0.02161	0.01940	0.01528	0.00705	0.00544	0.00176	0.00436	0.00583	0.00588	0.00872
90	0.00654	0.00467	0.00623	0.00747	0.00779	0.00436	0.00498	0.00747	0.01028	0.01370	0.02959	0.80785	0.03550	0.01682	0.00685	0.00218	0.00311	0.01526	0.00498	0.00436
91	0.01805	0.02181	0.01413	0.01284	0.01554	0.60498	0.00968	0.02180	0.13978	0.01528	0.06562	0.01358	0.01162	0.00621	0.00505	0.00148	0.00827	0.00434	0.00344	0.00652
92	0.00718	0.00664	0.06240	0.02320	0.00937	0.00538	0.00614	0.00864	0.01041	0.01408	0.07689	0.51939	0.06248	0.10090	0.05827	0.00282	0.00442	0.01231	0.00448	0.00461
93	0.01346	0.01309	0.02162	0.03245	0.75814	0.03289	0.01632	0.01660	0.01230	0.01742	0.01005	0.01319	0.00846	0.00480	0.00530	0.00159	0.00646	0.00475	0.00266	0.00844
94	0.00776	0.00527	0.00627	0.00630	0.00645	0.00541	0.00380	0.00806	0.00798	0.01078	0.01680	0.04898	0.01894	0.68092	0.13972	0.00565	0.00652	0.00766	0.00323	0.00350
95	0.71597	0.01021	0.00888	0.06413	0.01259	0.01167	0.00665	0.01655	0.00980	0.09037	0.00884	0.00997	0.00657	0.00516	0.00365	0.00167	0.00440	0.00326	0.00355	0.00612
96	0.00652	0.00544	0.00568	0.00562	0.00736	0.00461	0.00422	0.00805	0.01265	0.01549	0.15597	0.05003	0.67348	0.01323	0.00634	0.00180	0.00269	0.01110	0.00512	0.00461
97	0.01173	0.00976	0.01215	0.00870	0.01348	0.00749	0.04167	0.01420	0.01138	0.04863	0.01008	0.01158	0.00818	0.00411	0.00414	0.00088	0.00424	0.00342	0.00330	0.77090
98	0.02373	0.00970	0.01281	0.00982	0.01399	0.00873	0.00811	0.09657	0.01631	0.70983	0.02038	0.01775	0.01289	0.00662	0.00540	0.00166	0.00470	0.00534	0.00652	0.00913
99	0.01585	0.01110	0.01231	0.01066	0.01397	0.01225	0.00841	0.04612	0.58702	0.18686	0.02148	0.01947	0.01554	0.00712	0.00545	0.00178	0.00436	0.00589	0.00572	0.00865
100	0.00781	0.00520	0.00585	0.00585	0.00585	0.00520	0.00325	0.00781	0.00781	0.01041	0.01691	0.03513	0.01952	0.81135	0.02732	0.00520	0.00520	0.00781	0.00325	0.00325
101	0.00654	0.00467	0.00623	0.00747	0.00779	0.00436	0.00498	0.00747	0.01028	0.01370	0.02959	0.80785	0.03550	0.01682	0.00685	0.00218	0.00311	0.01526	0.00498	0.00436
102	0.02009	0.02455	0.01530	0.01368	0.01660	0.71423	0.01036	0.09363	0.01619	0.01516	0.00875	0.00999	0.00713	0.00562	0.00489	0.00141	0.00931	0.00359	0.00302	0.00651
103	0.02041	0.01504	0.01611	0.01235	0.01665	0.01665	0.01020	0.75997	0.02524	0.03383	0.01289	0.01289	0.00913	0.00644	0.00537	0.00161	0.00591	0.00483	0.00537	0.00913
104	0.01267	0.01448	0.03167	0.02262	0.02805	0.01357	0.75837	0.01719	0.01267	0.01719	0.01086	0.01448	0.00814	0.00452	0.00633	0.00181	0.00905	0.00633	0.00271	0.00724
105	0.01223	0.01378	0.02985	0.02154	0.02660	0.01291	0.70425	0.01650	0.01250	0.01694	0.01220	0.07147	0.01011	0.00541	0.00637	0.00184	0.00862	0.00698	0.00288	0.00703
106	0.01460	0.01223	0.01298	0.01173	0.03515	0.02790	0.00896	0.12301	0.62234	0.03871	0.02010	0.01869	0.01499	0.00706	0.00543	0.00178	0.00463	0.00581	0.00535	0.00855
107	0.03527	0.01108	0.01349	0.01037	0.01455	0.01069	0.03776	0.19436	0.11072	0.25248	0.03149	0.01550	0.01175	0.00596	0.00505	0.00145	0.00482	0.00485	0.00507	0.22329
108	0.02080	0.01440	0.01572	0.01205	0.01633	0.01571	0.00996	0.68152	0.02418	0.11377	0.01377	0.01346	0.00957	0.00647	0.00537	0.00162	0.00576	0.00489	0.00551	0.00913
109	0.01259	0.01502	0.06233	0.02233	0.02786	0.01353	0.72826	0.01719	0.01262	0.01719	0.01081	0.01435	0.00809	0.00455	0.00628	0.00181	0.00900	0.00624	0.00270	0.00727
110	0.03935	0.00984	0.01272	0.00984	0.01394	0.00906	0.00810	0.09934	0.04607	0.66207	0.02011	0.01762	0.01285	0.00662	0.00536	0.00166	0.00468	0.00532	0.00641	0.00904
111	0.02163	0.01025	0.01286	0.01014	0.01403	0.00984	0.00831	0.18072	0.05627	0.53251	0.01998	0.05050	0.01393	0.00726	0.00551	0.00170	0.00479	0.02477	0.00620	0.00880
112	0.02257	0.00898	0.01208	0.00936	0.01329	0.00788	0.00769	0.04443	0.01556	0.69723	0.07110	0.02019	0.02992	0.00705	0.00548	0.00166	0.00444	0.00578	0.00653	0.00878
113	0.00751	0.00548	0.00706	0.00666	0.00797	0.00503	0.00500	0.00997	0.01499	0.02105	0.72623	0.04088	0.09975	0.01115	0.00633	0.00170	0.00255	0.00982	0.00585	0.00503
114	0.00672	0.00506	0.00622	0.00707	0.00790	0.00461	0.00503	0.00790	0.01099	0.01408	0.03640	0.49338	0.25150	0.03698	0.00731	0.00218	0.00323	0.08408	0.00493	0.00444
115	0.01238	0.01429	0.05014	0.09226	0.04783	0.01344	0.63500	0.01676	0.01235	0.01679	0.01060	0.01428	0.00800	0.00474	0.00645	0.00181	0.02702	0.00605	0.00266	0.00715
116	0.01083	0.02732	0.75815	0.01555	0.02340	0.01250	0.04477	0.01701	0.01138	0.01701	0.00967	0.01144	0.00685	0.00508	0.00514	0.00170	0.00797	0.00405	0.00228	0.00791
117	0.00654	0.00467	0.00623	0.00747	0.00779	0.00436	0.00498	0.00747	0.01028	0.01370	0.02959	0.80785	0.03550	0.01682	0.00685	0.00218	0.00311	0.01526	0.00498	0.00436
118	0.01014	0.00954	0.01610	0.79845	0.03697	0.01193	0.01491	0.01371	0.01073	0.01371	0.00954	0.01431	0.00716	0.00537	0.00537	0.00179	0.00716	0.00477	0.00239	0.00596

[dist]
# distance from previous block
# <min> <max>
1	66

[block]
# block no. 4 follows, 45 sequences, length 17
# corresponding to MSA columns:
# 442-458
name=unknown_E
#
# <colnr> <probs for GDERKNQSTAVLIFYWHMCP>
#	G	D	E	R	K	N	Q	S	T	A	V	L	I	F	Y	W	H	M	C	P
0	0.15980	0.41495	0.05230	0.01100	0.01543	0.01638	0.11867	0.03303	0.01170	0.06888	0.04595	0.01186	0.00947	0.00516	0.00423	0.00143	0.00580	0.00397	0.00307	0.00691
1	0.01266	0.01282	0.03294	0.07443	0.41111	0.09799	0.01288	0.01676	0.09675	0.01697	0.04116	0.09654	0.03985	0.00693	0.00550	0.00168	0.00600	0.00622	0.00339	0.00739
2	0.01113	0.00954	0.01113	0.00795	0.01272	0.00716	0.00636	0.01352	0.01113	0.01749	0.00954	0.01113	0.00795	0.00398	0.00398	0.00080	0.00398	0.00318	0.00318	0.84417
3	0.01943	0.01633	0.09398	0.01265	0.01731	0.01622	0.01118	0.68458	0.02383	0.03212	0.01256	0.01273	0.00889	0.00631	0.00534	0.00162	0.00611	0.00474	0.00505	0.00901
4	0.01104	0.00546	0.00591	0.00562	0.00694	0.00533	0.00408	0.01304	0.01105	0.09555	0.01777	0.02258	0.01475	0.15226	0.00819	0.00201	0.00320	0.00555	0.60456	0.00511
5	0.01272	0.01204	0.02045	0.03048	0.69991	0.01214	0.01548	0.01578	0.01186	0.01702	0.01053	0.01408	0.00900	0.00838	0.08494	0.00231	0.00719	0.00488	0.00268	0.00813
6	0.00654	0.00467	0.00623	0.00747	0.00779	0.00436	0.00498	0.00747	0.01028	0.01370	0.02959	0.80785	0.03550	0.01682	0.00685	0.00218	0.00311	0.01526	0.00498	0.00436
7	0.00654	0.00467	0.00623	0.00747	0.00779	0.00436	0.00498	0.00747	0.01028	0.01370	0.02959	0.80785	0.03550	0.01682	0.00685	0.00218	0.00311	0.01526	0.00498	0.00436
8	0.00767	0.00575	0.00863	0.00863	0.00959	0.00671	0.00671	0.00959	0.00863	0.01246	0.01438	0.02109	0.01342	0.04026	0.79008	0.00863	0.01438	0.00575	0.00288	0.00479
9	0.00750	0.00546	0.00706	0.00671	0.00797	0.00502	0.00501	0.00993	0.01489	0.02093	0.71578	0.06605	0.08495	0.01129	0.00635	0.00171	0.00256	0.00997	0.00583	0.00502
10	0.01335	0.01153	0.01214	0.01092	0.01396	0.01335	0.00850	0.02852	0.76817	0.02245	0.02185	0.02003	0.01639	0.00728	0.00546	0.00182	0.00425	0.00607	0.00546	0.00850
11	0.01113	0.00954	0.01113	0.00795	0.01272	0.00716	0.00636	0.01352	0.01113	0.01749	0.00954	0.01113	0.00795	0.00398	0.00398	0.00080	0.00398	0.00318	0.00318	0.84417
12	0.01077	0.02777	0.78354	0.01530	0.02323	0.01247	0.01983	0.01700	0.01133	0.01700	0.00963	0.01133	0.00680	0.00510	0.00510	0.00170	0.00793	0.00397	0.00227	0.00793
13	0.01058	0.00999	0.01689	0.69175	0.14024	0.01204	0.01513	0.01410	0.01094	0.01425	0.00962	0.01417	0.00734	0.00529	0.00536	0.00176	0.00705	0.00477	0.00242	0.00632
14	0.00712	0.00554	0.00609	0.00613	0.00780	0.00478	0.00466	0.00868	0.01254	0.03542	0.13634	0.10250	0.56907	0.01340	0.00642	0.00186	0.00292	0.05886	0.00514	0.00473
15	0.05002	0.00891	0.01175	0.00920	0.01296	0.00797	0.00753	0.04881	0.01547	0.63257	0.11724	0.02056	0.01769	0.00714	0.00545	0.00166	0.00434	0.00585	0.00639	0.00850
16	0.71194	0.01041	0.00906	0.00857	0.04552	0.01173	0.00656	0.01713	0.03131	0.09338	0.00926	0.01012	0.00692	0.00519	0.00366	0.00166	0.00429	0.00331	0.00366	0.00632

[dist]
# distance from previous block
# <min> <max>
0	1

[block]
# block no. 5 follows, 45 sequences, length 95
# corresponding to MSA columns:
# 460-554
name=unknown_F
#
# <colnr> <probs for GDERKNQSTAVLIFYWHMCP>
#	G	D	E	R	K	N	Q	S	T	A	V	L	I	F	Y	W	H	M	C	P
0	0.01336	0.01011	0.01418	0.01173	0.01456	0.01042	0.11571	0.23539	0.01536	0.07232	0.01799	0.20512	0.01731	0.01309	0.09797	0.00264	0.02692	0.05586	0.00448	0.04547
1	0.03688	0.01419	0.01513	0.01178	0.01587	0.01567	0.00967	0.63806	0.08980	0.03178	0.01361	0.01359	0.00980	0.00642	0.00525	0.00160	0.00557	0.00486	0.02954	0.03093
2	0.00781	0.00520	0.00585	0.00585	0.00585	0.00520	0.00325	0.00781	0.00781	0.01041	0.01691	0.03513	0.01952	0.81135	0.02732	0.00520	0.00520	0.00781	0.00325	0.00325
3	0.00893	0.00772	0.01301	0.01156	0.01344	0.00752	0.17412	0.02741	0.01183	0.01581	0.06444	0.31212	0.05625	0.02797	0.02970	0.00236	0.02384	0.18229	0.00437	0.00532
4	0.06607	0.18466	0.56125	0.01399	0.04008	0.01421	0.01669	0.01672	0.01113	0.01659	0.00907	0.01067	0.00680	0.00498	0.00466	0.00158	0.00721	0.00370	0.00235	0.00760
5	0.00910	0.00725	0.00793	0.00745	0.00953	0.00721	0.00572	0.01456	0.22101	0.04007	0.20028	0.03969	0.37165	0.01112	0.00609	0.00180	0.00320	0.02512	0.00536	0.00588
6	0.00654	0.00467	0.00623	0.00747	0.00779	0.00436	0.00498	0.00747	0.01028	0.01370	0.02959	0.80785	0.03550	0.01682	0.00685	0.00218	0.00311	0.01526	0.00498	0.00436
7	0.01162	0.01206	0.05553	0.30106	0.36051	0.01226	0.06751	0.01502	0.01153	0.01581	0.01188	0.01537	0.04370	0.00558	0.00592	0.00172	0.03791	0.00515	0.00264	0.00720
8	0.19681	0.00762	0.00689	0.00635	0.00832	0.02918	0.00493	0.07681	0.01199	0.02165	0.01463	0.01701	0.01157	0.02669	0.00443	0.00148	0.00342	0.00455	0.54016	0.00552
9	0.00698	0.00499	0.00674	0.00798	0.00849	0.00474	0.00575	0.00824	0.01071	0.01420	0.02934	0.65109	0.03454	0.01640	0.00697	0.00224	0.00350	0.16765	0.00497	0.00448
10	0.01208	0.17725	0.01882	0.01300	0.01414	0.01682	0.03031	0.01350	0.00891	0.01294	0.00764	0.01168	0.00739	0.00998	0.05694	0.00243	0.57329	0.00442	0.00238	0.00606
11	0.01116	0.01096	0.02012	0.32771	0.02731	0.02626	0.28962	0.03112	0.01180	0.01563	0.03202	0.05791	0.01110	0.00687	0.00674	0.05068	0.00722	0.02497	0.02464	0.00615
