[name]
unknown

[dist]
# distance from previous block
# <min> <max>
5	85

[block]
# block no. 0 follows, 50 sequences, length 37
# corresponding to MSA columns:
# 104-140
name=unknown_A
#
# <colnr> <probs for GDERKNQSTAVLIFYWHMCP>
#	G	D	E	R	K	N	Q	S	T	A	V	L	I	F	Y	W	H	M	C	P
0	0.03922	0.09474	0.07101	0.01072	0.01422	0.01166	0.08362	0.18431	0.11290	0.07065	0.07195	0.05959	0.01394	0.00704	0.01548	0.00161	0.02667	0.03121	0.01879	0.06067
1	0.13125	0.06899	0.06292	0.01146	0.11074	0.02849	0.00861	0.08615	0.05781	0.14971	0.02750	0.02628	0.05282	0.00565	0.00443	0.00138	0.00464	0.00447	0.00380	0.15289
2	0.11137	0.03558	0.05243	0.06316	0.10291	0.05179	0.07514	0.11903	0.04462	0.15470	0.05577	0.06099	0.01206	0.00607	0.00485	0.00153	0.00528	0.00514	0.00390	0.03369
3	0.03673	0.09067	0.02782	0.00998	0.05607	0.03815	0.00758	0.15092	0.12563	0.06214	0.12297	0.05669	0.01654	0.07699	0.00655	0.00172	0.00450	0.00556	0.00411	0.09868
4	0.10528	0.06606	0.11540	0.02185	0.05936	0.10378	0.00944	0.17607	0.03721	0.07234	0.05196	0.04538	0.01108	0.02990	0.00518	0.00153	0.00543	0.00457	0.00363	0.07454
5	0.07603	0.01183	0.09853	0.04771	0.02588	0.07096	0.11511	0.04138	0.03729	0.10987	0.19402	0.01818	0.01724	0.00636	0.00524	0.01637	0.00517	0.00536	0.00384	0.09362
6	0.03093	0.01226	0.11201	0.01025	0.03137	0.06953	0.00883	0.12318	0.09008	0.13237	0.02750	0.04379	0.06048	0.01001	0.09738	0.00222	0.02016	0.00513	0.00393	0.10859
7	0.01093	0.03812	0.12615	0.09756	0.01685	0.04897	0.11889	0.04464	0.01065	0.05742	0.01261	0.11160	0.01174	0.07917	0.07268	0.00244	0.08560	0.00586	0.00302	0.04509
8	0.01129	0.00913	0.01268	0.18197	0.03477	0.05195	0.07851	0.01361	0.01096	0.10459	0.01434	0.13255	0.01334	0.02874	0.00559	0.00157	0.00514	0.06255	0.00346	0.22324
9	0.06043	0.01158	0.01238	0.04526	0.05279	0.03608	0.00870	0.15526	0.51552	0.02195	0.01671	0.01604	0.01252	0.00627	0.00492	0.00162	0.00457	0.00509	0.00462	0.00769
10	0.01370	0.00900	0.01076	0.00819	0.01206	0.00775	0.00657	0.08157	0.06150	0.19909	0.04530	0.04414	0.01172	0.00537	0.00439	0.00113	0.00390	0.00440	0.00418	0.46527
11	0.02951	0.05110	0.65881	0.01467	0.03611	0.01187	0.08458	0.01588	0.01065	0.02878	0.00912	0.01078	0.00654	0.00469	0.00476	0.00157	0.00723	0.00386	0.00224	0.00726
12	0.05745	0.08487	0.60442	0.01436	0.03669	0.01229	0.09110	0.01566	0.01052	0.01587	0.00880	0.01052	0.00643	0.00464	0.00464	0.00155	0.00709	0.00378	0.00221	0.00713
13	0.00632	0.00469	0.00665	0.00748	0.00795	0.00439	0.03070	0.00734	0.00967	0.01290	0.02685	0.77184	0.03199	0.01518	0.00636	0.00202	0.00313	0.03583	0.00455	0.00415
14	0.00721	0.00519	0.00632	0.00598	0.00740	0.00464	0.00450	0.00920	0.01325	0.04413	0.53344	0.03991	0.27881	0.01082	0.00585	0.00160	0.00247	0.00935	0.00524	0.00468
15	0.04034	0.01021	0.07932	0.00938	0.01352	0.00810	0.00832	0.05308	0.01417	0.68200	0.01815	0.01601	0.01151	0.00600	0.00494	0.00154	0.00455	0.00482	0.00570	0.00832
16	0.01131	0.01080	0.01838	0.30430	0.52802	0.01157	0.01479	0.01440	0.01087	0.01504	0.00920	0.01267	0.00746	0.00463	0.00495	0.00154	0.00617	0.00444	0.00238	0.00707
17	0.09793	0.01040	0.01198	0.00934	0.01299	0.01057	0.00769	0.30713	0.01693	0.38185	0.01534	0.01436	0.01026	0.00593	0.00472	0.00150	0.00454	0.00457	0.06403	0.00793
18	0.00672	0.00559	0.00678	0.08625	0.02146	0.00522	0.00547	0.00848	0.01170	0.01466	0.16850	0.04290	0.51107	0.01143	0.00587	0.00171	0.00313	0.07404	0.00450	0.00451
19	0.02097	0.00818	0.01112	0.00863	0.01225	0.00709	0.00709	0.02294	0.01425	0.72667	0.08965	0.01880	0.01549	0.00653	0.00509	0.00154	0.00407	0.00538	0.00611	0.00814
20	0.01034	0.00886	0.01034	0.00738	0.01181	0.00664	0.00591	0.01255	0.01034	0.01624	0.00886	0.01034	0.00738	0.00369	0.00369	0.00074	0.00369	0.00295	0.00295	0.85530
21	0.00686	0.00507	0.00640	0.00610	0.00733	0.00461	0.00456	0.00901	0.01359	0.01884	0.66218	0.05708	0.15849	0.01068	0.00589	0.00160	0.00239	0.00936	0.00534	0.00461
22	0.01247	0.01225	0.02058	0.02959	0.73058	0.03301	0.05716	0.01546	0.01145	0.01616	0.00937	0.01231	0.00784	0.00445	0.00498	0.00149	0.00614	0.00449	0.00247	0.00777
23	0.01213	0.01028	0.01605	0.24882	0.34681	0.01064	0.01241	0.04962	0.02977	0.07133	0.02805	0.01337	0.00887	0.00488	0.00482	0.00145	0.00557	0.00442	0.00296	0.11775
24	0.01204	0.09928	0.54955	0.01368	0.02008	0.01193	0.09189	0.01678	0.01108	0.11296	0.01020	0.01138	0.00720	0.00482	0.00474	0.00154	0.00688	0.00397	0.00266	0.00735
25	0.00720	0.00501	0.00634	0.00634	0.00666	0.00533	0.00415	0.00783	0.00752	0.01034	0.01488	0.02802	0.01613	0.54723	0.30023	0.00595	0.00784	0.00658	0.00290	0.00352
26	0.00611	0.00445	0.00577	0.00673	0.00720	0.00410	0.00455	0.00710	0.00998	0.01321	0.07400	0.70461	0.10377	0.01502	0.00629	0.00197	0.00283	0.01353	0.00468	0.00410
27	0.00932	0.00760	0.01149	0.48778	0.02350	0.00897	0.01011	0.02474	0.04268	0.01542	0.10007	0.03570	0.01349	0.00608	0.00481	0.00155	0.00504	0.00527	0.18102	0.00537
28	0.01051	0.00880	0.01018	0.00755	0.01159	0.00701	0.00599	0.06546	0.01125	0.01698	0.01187	0.05917	0.04127	0.00491	0.00403	0.00090	0.00372	0.00402	0.00326	0.71151
29	0.01238	0.00948	0.01065	0.00807	0.01192	0.05331	0.00643	0.01443	0.01115	0.13178	0.03751	0.03603	0.01014	0.00489	0.00452	0.00100	0.03187	0.00386	0.00352	0.59707
30	0.04547	0.00910	0.01112	0.00811	0.01234	0.00732	0.04842	0.03875	0.01085	0.01684	0.01138	0.01266	0.05295	0.00436	0.00396	0.00090	0.00395	0.00360	0.00310	0.69483
31	0.01180	0.02681	0.01000	0.00812	0.01066	0.00844	0.00640	0.22350	0.02890	0.07424	0.25397	0.12068	0.08285	0.00866	0.00531	0.00151	0.00367	0.00734	0.00486	0.10228
32	0.01082	0.00963	0.01484	0.63619	0.05283	0.01142	0.01284	0.11469	0.01182	0.01553	0.00929	0.01291	0.00697	0.00503	0.00491	0.00158	0.00630	0.00435	0.00263	0.05541
33	0.01394	0.03504	0.06180	0.16375	0.01779	0.02292	0.00967	0.24690	0.10680	0.08673	0.04488	0.04161	0.01132	0.00598	0.00485	0.00147	0.00514	0.00487	0.00403	0.11049
34	0.08301	0.02210	0.01132	0.00956	0.03026	0.03722	0.00745	0.23659	0.13587	0.10249	0.12418	0.03049	0.01571	0.00665	0.00504	0.00150	0.02273	0.00526	0.07618	0.03637
35	0.02908	0.03117	0.01239	0.01082	0.05265	0.14681	0.03349	0.16413	0.09542	0.06677	0.02957	0.01934	0.07751	0.03418	0.00555	0.00157	0.00522	0.04888	0.05208	0.08337
36	0.04870	0.08207	0.01655	0.03755	0.11058	0.16147	0.10392	0.14665	0.03140	0.06321	0.02644	0.03242	0.00991	0.00605	0.01577	0.00153	0.00624	0.02992	0.00341	0.06619

[dist]
# distance from previous block
# <min> <max>
12	44

[block]
# block no. 1 follows, 50 sequences, length 6
# corresponding to MSA columns:
# 207-212
name=unknown_B
#
# <colnr> <probs for GDERKNQSTAVLIFYWHMCP>
#	G	D	E	R	K	N	Q	S	T	A	V	L	I	F	Y	W	H	M	C	P
0	0.01047	0.01310	0.17556	0.06268	0.31523	0.01099	0.01313	0.01359	0.01100	0.01596	0.15536	0.01645	0.01461	0.00633	0.00700	0.00164	0.14224	0.00513	0.00290	0.00665
1	0.01153	0.01079	0.14485	0.36282	0.02268	0.00908	0.01156	0.01452	0.01086	0.17341	0.01457	0.16513	0.01269	0.00718	0.00521	0.00169	0.00557	0.00625	0.00346	0.00617
2	0.01111	0.10442	0.27334	0.01445	0.17385	0.01136	0.01212	0.01662	0.14128	0.01682	0.01210	0.01349	0.00936	0.00517	0.00443	0.00144	0.00533	0.00424	0.16213	0.00695
3	0.15294	0.00852	0.01119	0.36179	0.02072	0.01005	0.00947	0.01478	0.16782	0.01601	0.01436	0.16505	0.01312	0.00728	0.00494	0.00172	0.00492	0.00621	0.00340	0.00571
4	0.18431	0.00986	0.01424	0.13423	0.23189	0.03013	0.09212	0.01399	0.01037	0.01710	0.01051	0.03311	0.00864	0.00520	0.00471	0.00151	0.02554	0.00449	0.16199	0.00609
5	0.01390	0.01375	0.09102	0.01472	0.06103	0.01227	0.23385	0.28637	0.01549	0.02153	0.01036	0.01195	0.00775	0.00479	0.00496	0.00140	0.00617	0.00451	0.00345	0.18072

[dist]
# distance from previous block
# <min> <max>
0	2

[block]
# block no. 2 follows, 50 sequences, length 52
# corresponding to MSA columns:
# 215-266
name=unknown_C
#
# <colnr> <probs for GDERKNQSTAVLIFYWHMCP>
#	G	D	E	R	K	N	Q	S	T	A	V	L	I	F	Y	W	H	M	C	P
0	0.01263	0.01269	0.07336	0.02693	0.61981	0.01168	0.06488	0.01628	0.04369	0.05438	0.01035	0.01277	0.00829	0.00463	0.00499	0.00151	0.00602	0.00456	0.00273	0.00781
1	0.01784	0.01322	0.01445	0.05015	0.01593	0.01468	0.00941	0.69123	0.03588	0.02957	0.01246	0.03371	0.00924	0.00620	0.00500	0.00151	0.00538	0.00476	0.02124	0.00813
2	0.01627	0.00898	0.01133	0.00977	0.05011	0.00848	0.00741	0.05461	0.16266	0.37112	0.10788	0.01825	0.01586	0.00631	0.00493	0.00145	0.00402	0.00525	0.00518	0.13014
3	0.00920	0.00811	0.04273	0.07933	0.10485	0.00776	0.00795	0.10335	0.05312	0.01642	0.06323	0.37829	0.08402	0.01076	0.00571	0.00178	0.00407	0.00955	0.00417	0.00556
4	0.05340	0.01670	0.05235	0.04834	0.01520	0.33979	0.01049	0.02965	0.01089	0.01313	0.00751	0.01029	0.00660	0.00728	0.02720	0.00185	0.33738	0.00380	0.00244	0.00571
5	0.00606	0.00473	0.00550	0.00599	0.00701	0.00417	0.00423	0.00723	0.01075	0.01362	0.09612	0.39557	0.39369	0.01379	0.00610	0.00183	0.00268	0.01205	0.00469	0.00417
6	0.00929	0.00465	0.00465	0.00465	0.00581	0.00465	0.00348	0.01161	0.01045	0.01858	0.01626	0.01858	0.01278	0.00581	0.00348	0.00116	0.00232	0.00465	0.85250	0.00465
7	0.04714	0.00946	0.01016	0.00775	0.01156	0.04606	0.00618	0.07375	0.01198	0.07505	0.03443	0.01576	0.09777	0.00535	0.00421	0.00105	0.00397	0.00424	0.00359	0.53054
8	0.02595	0.01668	0.38783	0.01269	0.03027	0.00958	0.09569	0.01605	0.01181	0.15857	0.11312	0.03283	0.01448	0.00631	0.00518	0.00163	0.00595	0.04492	0.00353	0.00692
9	0.00682	0.00507	0.00634	0.00605	0.00731	0.00460	0.00453	0.00893	0.01350	0.01862	0.63651	0.05367	0.18812	0.01075	0.00589	0.00160	0.00239	0.00939	0.00531	0.00460
10	0.09917	0.00882	0.01118	0.00871	0.01238	0.00814	0.00717	0.07704	0.01438	0.63214	0.05543	0.01677	0.01310	0.00621	0.00487	0.00154	0.00420	0.00495	0.00576	0.00801
11	0.01181	0.01135	0.01951	0.16813	0.64285	0.01172	0.03203	0.01486	0.01112	0.01565	0.00930	0.01253	0.00767	0.00453	0.00496	0.00152	0.00610	0.00447	0.00242	0.00745
12	0.01523	0.01170	0.01269	0.04768	0.01471	0.02757	0.00863	0.28944	0.39213	0.07790	0.03736	0.01623	0.01294	0.00643	0.00504	0.00160	0.00468	0.00518	0.00495	0.00790
13	0.69761	0.01151	0.10232	0.06530	0.01283	0.01122	0.00756	0.01465	0.00883	0.02089	0.00732	0.00876	0.00560	0.00467	0.00342	0.00156	0.00447	0.00294	0.00291	0.00564
14	0.01467	0.45788	0.02144	0.03940	0.11147	0.23523	0.00987	0.03401	0.01169	0.01292	0.00763	0.00908	0.00665	0.00459	0.00387	0.00121	0.00646	0.00314	0.00236	0.00643
15	0.00941	0.00614	0.00777	0.00679	0.00876	0.00549	0.00522	0.01203	0.03928	0.11229	0.54242	0.03145	0.07315	0.00893	0.00548	0.00147	0.00280	0.00776	0.00521	0.10816
16	0.03413	0.21316	0.04341	0.01152	0.03575	0.20727	0.00956	0.30239	0.06264	0.02024	0.00994	0.01056	0.00773	0.00530	0.00439	0.00136	0.00624	0.00374	0.00351	0.00717
17	0.01933	0.03861	0.01425	0.04850	0.05653	0.01195	0.00910	0.37451	0.01806	0.33546	0.01460	0.01392	0.00984	0.00587	0.00493	0.00151	0.00506	0.00463	0.00510	0.00824
18	0.00929	0.00465	0.00465	0.00465	0.00581	0.00465	0.00348	0.01161	0.01045	0.01858	0.01626	0.01858	0.01278	0.00581	0.00348	0.00116	0.00232	0.00465	0.85250	0.00465
19	0.01167	0.01060	0.01602	0.18231	0.14388	0.02641	0.12085	0.07207	0.01187	0.03313	0.02774	0.01259	0.00843	0.00456	0.00467	0.00129	0.00558	0.00423	0.00293	0.29917
20	0.00714	0.00524	0.00752	0.00752	0.00825	0.00597	0.00562	0.00859	0.00787	0.01121	0.01380	0.02205	0.01353	0.18624	0.65768	0.00741	0.01174	0.00570	0.00274	0.00418
21	0.44733	0.01201	0.01247	0.02964	0.21595	0.09592	0.01986	0.06467	0.01100	0.03804	0.00836	0.00993	0.00657	0.00476	0.00396	0.00150	0.00517	0.00346	0.00304	0.00638
22	0.09475	0.51025	0.11221	0.00922	0.01350	0.04326	0.00922	0.01625	0.04496	0.07517	0.00921	0.02643	0.00770	0.00488	0.00370	0.00126	0.00536	0.00336	0.00273	0.00657
23	0.01465	0.01435	0.01826	0.04032	0.46828	0.15340	0.03326	0.16344	0.01416	0.01840	0.00959	0.01172	0.00771	0.00487	0.00489	0.00146	0.00646	0.00427	0.00297	0.00755
24	0.00929	0.00465	0.00465	0.00465	0.00581	0.00465	0.00348	0.01161	0.01045	0.01858	0.01626	0.01858	0.01278	0.00581	0.00348	0.00116	0.00232	0.00465	0.85250	0.00465
25	0.00954	0.00910	0.01572	0.77074	0.03389	0.01116	0.05435	0.01291	0.01006	0.01291	0.00892	0.01330	0.00669	0.00494	0.00503	0.00166	0.00674	0.00451	0.00223	0.00560
26	0.00720	0.00485	0.00562	0.00566	0.00573	0.00490	0.00329	0.00735	0.00738	0.00990	0.01594	0.05825	0.01824	0.74429	0.07755	0.00495	0.00534	0.00735	0.00305	0.00315
27	0.01871	0.01611	0.01468	0.01175	0.01538	0.19486	0.00947	0.58582	0.04072	0.02678	0.01121	0.01146	0.00818	0.00581	0.00488	0.00145	0.00624	0.00423	0.00444	0.00785
28	0.01091	0.01091	0.01527	0.01309	0.01309	0.01527	0.01091	0.01200	0.00763	0.01200	0.00654	0.01091	0.00654	0.00872	0.01636	0.00218	0.81570	0.00436	0.00218	0.00545
29	0.01361	0.78507	0.02548	0.00876	0.01293	0.06147	0.00859	0.01519	0.01034	0.01175	0.00697	0.00805	0.00640	0.00431	0.00327	0.00108	0.00553	0.00269	0.00216	0.00636
30	0.00617	0.00477	0.00561	0.00613	0.00712	0.00425	0.00438	0.00735	0.01067	0.01357	0.08992	0.38100	0.36199	0.03310	0.00660	0.00192	0.00281	0.04381	0.00465	0.00416
31	0.01238	0.21373	0.45248	0.01285	0.01866	0.10417	0.05515	0.01642	0.01106	0.04699	0.00883	0.01018	0.00666	0.00470	0.00442	0.00143	0.00700	0.00356	0.00236	0.00697
32	0.13543	0.00865	0.01085	0.00851	0.01212	0.00800	0.00700	0.04893	0.01380	0.62322	0.05868	0.01666	0.01310	0.00617	0.00480	0.00154	0.00413	0.00489	0.00567	0.00786
33	0.00718	0.00498	0.00626	0.00628	0.00657	0.00526	0.00407	0.00776	0.00754	0.01033	0.01521	0.04517	0.01665	0.55891	0.27135	0.00578	0.00748	0.00679	0.00294	0.00349
34	0.00992	0.00918	0.02638	0.01973	0.41688	0.02567	0.01089	0.01213	0.01079	0.01483	0.01699	0.26156	0.01813	0.02421	0.00597	0.00180	0.00491	0.10045	0.00339	0.00619
35	0.02037	0.04101	0.04558	0.01015	0.03962	0.02619	0.00835	0.11226	0.01494	0.58489	0.03327	0.01586	0.01185	0.00602	0.00493	0.00151	0.00468	0.00483	0.00549	0.00820
36	0.01136	0.01481	0.13176	0.01958	0.02480	0.01219	0.64716	0.01571	0.01168	0.01608	0.03727	0.01389	0.00878	0.00448	0.00573	0.00166	0.00805	0.00570	0.00257	0.00674
37	0.01221	0.01172	0.02001	0.06332	0.76196	0.01181	0.01524	0.01519	0.01129	0.01614	0.00935	0.01238	0.00784	0.00446	0.00494	0.00149	0.00595	0.00444	0.00246	0.00780
38	0.01048	0.00935	0.03679	0.00763	0.01208	0.00678	0.00633	0.01279	0.01040	0.03067	0.00937	0.02369	0.00786	0.00397	0.00379	0.00080	0.00381	0.00320	0.00301	0.79720
39	0.06155	0.14269	0.13644	0.01034	0.04639	0.01050	0.00938	0.04242	0.01259	0.37819	0.03179	0.01370	0.01023	0.00540	0.00450	0.00141	0.00491	0.00421	0.00429	0.06908
40	0.01333	0.82783	0.02612	0.00853	0.01279	0.01972	0.00853	0.01493	0.01013	0.01173	0.00693	0.00800	0.00640	0.00426	0.00320	0.00107	0.00533	0.00267	0.00213	0.00640
41	0.00605	0.00453	0.00559	0.00643	0.00707	0.00411	0.00438	0.00700	0.00995	0.01285	0.03305	0.60983	0.22434	0.03159	0.00664	0.00200	0.00284	0.01310	0.00459	0.00407
42	0.01023	0.06635	0.62919	0.01279	0.01951	0.01122	0.01585	0.01521	0.01047	0.01564	0.00882	0.01036	0.00649	0.00454	0.00448	0.00141	0.00666	0.00351	0.00224	0.14501
43	0.86003	0.00964	0.00733	0.00655	0.00964	0.01118	0.00540	0.01465	0.00848	0.02236	0.00694	0.00810	0.00540	0.00463	0.00308	0.00154	0.00386	0.00270	0.00308	0.00540
44	0.01269	0.05444	0.15899	0.01324	0.06476	0.09570	0.09504	0.13506	0.14577	0.01869	0.07691	0.06785	0.01385	0.00652	0.00510	0.00157	0.00584	0.01743	0.00366	0.00690
45	0.00929	0.00465	0.00465	0.00465	0.00581	0.00465	0.00348	0.01161	0.01045	0.01858	0.01626	0.01858	0.01278	0.00581	0.00348	0.00116	0.00232	0.00465	0.85250	0.00465
46	0.01034	0.00886	0.01034	0.00738	0.01181	0.00664	0.00591	0.01255	0.01034	0.01624	0.00886	0.01034	0.00738	0.00369	0.00369	0.00074	0.00369	0.00295	0.00295	0.85530
47	0.00839	0.00574	0.00642	0.00611	0.00653	0.00588	0.00374	0.08560	0.00899	0.01201	0.01582	0.06340	0.01776	0.70776	0.02250	0.00438	0.00482	0.00726	0.00329	0.00362
48	0.00865	0.00666	0.02275	0.00779	0.00926	0.00644	0.00598	0.04948	0.13014	0.04282	0.17482	0.33567	0.08738	0.01182	0.00594	0.00183	0.00333	0.07911	0.00488	0.00525
49	0.05952	0.06227	0.09966	0.02414	0.07144	0.08392	0.00948	0.16549	0.09687	0.14024	0.08763	0.01586	0.02695	0.00609	0.00478	0.00149	0.00517	0.00482	0.02706	0.00713
50	0.06533	0.02427	0.02865	0.00871	0.01120	0.00871	0.02160	0.18840	0.01389	0.15659	0.10555	0.15090	0.04440	0.03943	0.10679	0.00254	0.00535	0.00695	0.00454	0.00620
51	0.23002	0.11969	0.37640	0.01194	0.03231	0.05114	0.04851	0.01603	0.04247	0.01703	0.00865	0.01002	0.00655	0.00472	0.00418	0.00150	0.00617	0.00348	0.00253	0.00666

[dist]
# distance from previous block
# <min> <max>
0	1

[block]
# block no. 3 follows, 50 sequences, length 19
# corresponding to MSA columns:
# 268-286
name=unknown_D
#
# <colnr> <probs for GDERKNQSTAVLIFYWHMCP>
#	G	D	E	R	K	N	Q	S	T	A	V	L	I	F	Y	W	H	M	C	P
0	0.30191	0.01360	0.20894	0.01187	0.07121	0.01056	0.07047	0.04734	0.01088	0.03849	0.05397	0.01666	0.04115	0.00608	0.00477	0.00163	0.01949	0.06153	0.00320	0.00624
1	0.01152	0.00938	0.01122	0.01058	0.10127	0.03135	0.00725	0.10146	0.02880	0.04236	0.01282	0.12217	0.01187	0.03416	0.00518	0.00130	0.00422	0.00515	0.02929	0.41861
2	0.00929	0.00465	0.00465	0.00465	0.00581	0.00465	0.00348	0.01161	0.01045	0.01858	0.01626	0.01858	0.01278	0.00581	0.00348	0.00116	0.00232	0.00465	0.85250	0.00465
3	0.01188	0.00935	0.01148	0.00830	0.01268	0.00752	0.03643	0.06445	0.01156	0.07641	0.00993	0.01107	0.00784	0.00405	0.00396	0.00089	0.00404	0.00333	0.00332	0.70152
4	0.00713	0.00532	0.00791	0.00791	0.00877	0.00618	0.00611	0.00884	0.00798	0.01150	0.01344	0.02007	0.01267	0.06673	0.77601	0.00789	0.01303	0.00541	0.00268	0.00440
5	0.81831	0.00985	0.00770	0.00680	0.00993	0.01139	0.00560	0.05247	0.00922	0.02281	0.00719	0.00829	0.00555	0.00469	0.00318	0.00154	0.00394	0.00279	0.00318	0.00555
6	0.00624	0.00459	0.00580	0.00662	0.00722	0.00423	0.00457	0.00730	0.01012	0.01328	0.08066	0.57605	0.15714	0.04967	0.00710	0.00207	0.00295	0.04565	0.00461	0.00410
7	0.05558	0.01044	0.01202	0.03868	0.01394	0.02955	0.00804	0.14549	0.23729	0.36834	0.01736	0.01591	0.01189	0.00617	0.00493	0.00158	0.00454	0.00494	0.00530	0.00800
8	0.00929	0.00465	0.00465	0.00465	0.00581	0.00465	0.00348	0.01161	0.01045	0.01858	0.01626	0.01858	0.01278	0.00581	0.00348	0.00116	0.00232	0.00465	0.85250	0.00465
9	0.00941	0.00886	0.01495	0.81285	0.03433	0.01107	0.01384	0.01274	0.00997	0.01274	0.00886	0.01329	0.00664	0.00498	0.00498	0.00166	0.00664	0.00443	0.00221	0.00554
10	0.00724	0.00488	0.00569	0.00569	0.00578	0.00497	0.00334	0.00741	0.00732	0.00985	0.01547	0.03133	0.01756	0.74704	0.10239	0.00515	0.00567	0.00706	0.00299	0.00316
11	0.01401	0.00821	0.01001	0.00869	0.01096	0.00833	0.00671	0.22594	0.01431	0.21816	0.01895	0.25671	0.01783	0.06989	0.08465	0.00253	0.00511	0.00779	0.00482	0.00638
12	0.64322	0.01127	0.00912	0.00783	0.01104	0.06841	0.00639	0.13157	0.01136	0.04937	0.00819	0.00905	0.00618	0.00492	0.00354	0.00152	0.00448	0.00309	0.00344	0.00600
13	0.01313	0.01107	0.01168	0.01029	0.01324	0.01274	0.00807	0.11049	0.69953	0.02203	0.01936	0.01785	0.01446	0.00668	0.00506	0.00167	0.00412	0.00551	0.00506	0.00796
14	0.01091	0.01091	0.01527	0.01309	0.01309	0.01527	0.01091	0.01200	0.00763	0.01200	0.00654	0.01091	0.00654	0.00872	0.01636	0.00218	0.81570	0.00436	0.00218	0.00545
15	0.01165	0.01330	0.11351	0.17405	0.42118	0.04319	0.03524	0.01564	0.05834	0.01565	0.00982	0.01249	0.00782	0.00471	0.00488	0.00151	0.00621	0.00435	0.00256	0.04389
16	0.04103	0.47812	0.14841	0.01156	0.06430	0.05692	0.03684	0.01565	0.02988	0.03063	0.00854	0.02439	0.00733	0.00482	0.00415	0.00129	0.02366	0.00346	0.00243	0.00661
17	0.21903	0.07566	0.04386	0.00949	0.01246	0.10076	0.08224	0.03004	0.07212	0.04068	0.05849	0.05019	0.09105	0.04734	0.00564	0.00170	0.00501	0.02749	0.00353	0.02323
18	0.01197	0.05470	0.05756	0.00984	0.05724	0.02776	0.00772	0.04508	0.09372	0.14800	0.22316	0.04695	0.05671	0.02116	0.04555	0.00191	0.03489	0.00630	0.00442	0.04535

[dist]
# distance from previous block
# <min> <max>
2	20

[block]
# block no. 4 follows, 50 sequences, length 18
# corresponding to MSA columns:
# 307-324
name=unknown_E
#
# <colnr> <probs for GDERKNQSTAVLIFYWHMCP>
#	G	D	E	R	K	N	Q	S	T	A	V	L	I	F	Y	W	H	M	C	P
0	0.16186	0.01326	0.11740	0.09558	0.33659	0.03676	0.02623	0.06998	0.01153	0.01785	0.00984	0.01200	0.02381	0.00484	0.00456	0.00149	0.00576	0.00409	0.00276	0.04380
1	0.05645	0.03602	0.03242	0.04181	0.09580	0.16153	0.00924	0.24863	0.02870	0.09014	0.01395	0.06056	0.04479	0.00700	0.02113	0.00162	0.00583	0.00500	0.03249	0.00690
2	0.07356	0.01278	0.03495	0.04675	0.01498	0.04781	0.00933	0.41858	0.01712	0.09608	0.01133	0.01293	0.00859	0.04661	0.00749	0.00177	0.12345	0.00445	0.00416	0.00728
3	0.01016	0.06457	0.76162	0.01393	0.02115	0.01197	0.01794	0.01574	0.01050	0.01559	0.00885	0.01040	0.00632	0.00471	0.00466	0.00155	0.00727	0.00363	0.00211	0.00732
4	0.00722	0.00575	0.00730	0.08559	0.01054	0.00568	0.00594	0.00980	0.06140	0.01535	0.20020	0.19103	0.25712	0.01169	0.00596	0.00180	0.00331	0.10502	0.00460	0.00470
5	0.01862	0.02376	0.01413	0.01284	0.01541	0.80482	0.00963	0.01990	0.01413	0.01220	0.00770	0.00899	0.00642	0.00514	0.00449	0.00128	0.00899	0.00321	0.00257	0.00578
6	0.30884	0.00848	0.00833	0.00711	0.00962	0.00887	0.00546	0.11361	0.02671	0.04744	0.06599	0.01907	0.06000	0.18186	0.00866	0.00216	0.00410	0.00499	0.00372	0.10498
7	0.00637	0.00446	0.00570	0.00656	0.00678	0.00425	0.00422	0.00702	0.00897	0.01195	0.02451	0.62310	0.02923	0.21918	0.01114	0.00273	0.00338	0.01243	0.00422	0.00379
8	0.01637	0.01710	0.01521	0.10643	0.14076	0.35775	0.01083	0.22199	0.01566	0.01811	0.01022	0.01170	0.02506	0.00541	0.00478	0.00142	0.00714	0.00405	0.00321	0.00678
9	0.01234	0.01184	0.02023	0.03059	0.79373	0.01184	0.01530	0.01530	0.01135	0.01628	0.00938	0.01234	0.00790	0.00444	0.00493	0.00148	0.00592	0.00444	0.00247	0.00790
10	0.01330	0.63854	0.14082	0.00969	0.01433	0.05042	0.01010	0.04930	0.01094	0.01323	0.00749	0.00859	0.00648	0.00445	0.00356	0.00117	0.00579	0.00292	0.00227	0.00661
11	0.00800	0.00621	0.00734	0.00704	0.00841	0.00632	0.00519	0.01237	0.17802	0.01744	0.36567	0.11111	0.11459	0.08576	0.04221	0.00223	0.00347	0.00864	0.00487	0.00510
12	0.01176	0.01345	0.02941	0.02101	0.02605	0.01261	0.77563	0.01597	0.01176	0.01597	0.01008	0.01345	0.00756	0.00420	0.00588	0.00168	0.00840	0.00588	0.00252	0.00672
13	0.01183	0.01132	0.01931	0.16731	0.66101	0.01171	0.01504	0.01485	0.01111	0.01566	0.00929	0.01250	0.00768	0.00454	0.00494	0.00151	0.00605	0.00444	0.00242	0.00748
14	0.00687	0.00505	0.00659	0.00740	0.00785	0.00503	0.00511	0.04302	0.01011	0.01357	0.02591	0.75115	0.03076	0.01489	0.00670	0.00201	0.03581	0.01332	0.00454	0.00431
15	0.00607	0.00434	0.00578	0.00694	0.00723	0.00405	0.00463	0.00694	0.00954	0.01272	0.02747	0.82157	0.03297	0.01562	0.00636	0.00202	0.00289	0.01417	0.00463	0.00405
16	0.00866	0.00433	0.00649	0.00649	0.00649	0.00433	0.00433	0.00649	0.00649	0.00866	0.00866	0.01515	0.00866	0.01732	0.01948	0.85498	0.00433	0.00433	0.00216	0.00216
17	0.01234	0.01184	0.02023	0.03059	0.79373	0.01184	0.01530	0.01530	0.01135	0.01628	0.00938	0.01234	0.00790	0.00444	0.00493	0.00148	0.00592	0.00444	0.00247	0.00790

[dist]
# distance from previous block
# <min> <max>
0	1

[block]
# block no. 5 follows, 50 sequences, length 20
# corresponding to MSA columns:
# 326-345
name=unknown_F
#
# <colnr> <probs for GDERKNQSTAVLIFYWHMCP>
#	G	D	E	R	K	N	Q	S	T	A	V	L	I	F	Y	W	H	M	C	P
0	0.01788	0.03778	0.01458	0.01359	0.05860	0.69074	0.00984	0.03599	0.05098	0.01324	0.00848	0.00968	0.00697	0.00518	0.00453	0.00131	0.00843	0.00341	0.00273	0.00607
1	0.01247	0.01186	0.01860	0.04566	0.65794	0.05184	0.01404	0.01545	0.02822	0.03344	0.01075	0.05751	0.00945	0.00520	0.00500	0.00151	0.00585	0.00496	0.00273	0.00753
2	0.05100	0.00795	0.09472	0.00880	0.01064	0.00652	0.00803	0.01062	0.01084	0.01525	0.11663	0.04006	0.03581	0.06263	0.11252	0.00298	0.00572	0.39045	0.00401	0.00483
3	0.01357	0.02439	0.01747	0.12548	0.34102	0.06706	0.05097	0.15398	0.12141	0.01881	0.01118	0.01303	0.00872	0.00515	0.00496	0.00153	0.00599	0.00458	0.00326	0.00746
4	0.00718	0.00486	0.00571	0.00577	0.00587	0.00494	0.00342	0.00740	0.00743	0.01000	0.01602	0.06820	0.01825	0.70781	0.10289	0.00502	0.00560	0.00738	0.00306	0.00321
5	0.01104	0.00935	0.01060	0.00802	0.01207	0.00805	0.00638	0.05733	0.14385	0.01780	0.01218	0.01291	0.03111	0.00460	0.00406	0.00097	0.00380	0.00371	0.00348	0.63867
6	0.01218	0.01254	0.04742	0.09249	0.61442	0.06093	0.01457	0.01514	0.01138	0.01565	0.01007	0.01436	0.00869	0.00501	0.00500	0.00153	0.00616	0.04252	0.00255	0.00738
7	0.02174	0.00898	0.01182	0.00911	0.01294	0.00813	0.00751	0.08186	0.04328	0.71018	0.01910	0.01664	0.01215	0.00618	0.00501	0.00154	0.00433	0.00500	0.00604	0.00846
8	0.01356	0.59155	0.13255	0.00977	0.01437	0.03427	0.01003	0.09868	0.02910	0.01466	0.00808	0.00904	0.00681	0.00459	0.00368	0.00120	0.00568	0.00308	0.00252	0.00678
9	0.01990	0.04999	0.04742	0.00924	0.01309	0.00891	0.00796	0.11266	0.01487	0.57909	0.05057	0.03681	0.01331	0.00640	0.00498	0.00153	0.00447	0.00518	0.00558	0.00806
10	0.01213	0.01174	0.03363	0.05719	0.20748	0.01126	0.36164	0.01650	0.07616	0.07137	0.06086	0.01608	0.02927	0.00522	0.00547	0.00161	0.00653	0.00565	0.00319	0.00700
11	0.00609	0.00448	0.00571	0.00663	0.00716	0.00410	0.00450	0.00708	0.01001	0.01314	0.06337	0.67115	0.14845	0.01493	0.00627	0.00195	0.00281	0.01340	0.00466	0.00410
12	0.01234	0.01218	0.02050	0.06884	0.67157	0.03608	0.07449	0.01536	0.01140	0.01596	0.00935	0.01237	0.00776	0.00447	0.00500	0.00150	0.00625	0.00452	0.00246	0.00762
13	0.01388	0.00975	0.02191	0.00968	0.01206	0.05234	0.03008	0.19929	0.05048	0.17321	0.04501	0.28386	0.01877	0.00943	0.00603	0.00172	0.04329	0.00798	0.00474	0.00649
14	0.00628	0.00449	0.00602	0.00718	0.00756	0.00423	0.00499	0.00730	0.00975	0.01296	0.02736	0.74025	0.03251	0.01542	0.00642	0.00205	0.00307	0.09344	0.00462	0.00411
15	0.82811	0.00980	0.00762	0.00674	0.00986	0.01134	0.00555	0.04360	0.00905	0.02271	0.00713	0.00824	0.00551	0.00468	0.00316	0.00154	0.00392	0.00277	0.00316	0.00551
16	0.00614	0.00436	0.00576	0.00686	0.00713	0.00409	0.00454	0.00696	0.00942	0.01256	0.02683	0.77865	0.03216	0.05964	0.00740	0.00218	0.00300	0.01379	0.00454	0.00399
17	0.00951	0.00827	0.04723	0.01498	0.24585	0.00750	0.00939	0.01192	0.02622	0.04815	0.05847	0.24048	0.02210	0.04203	0.00662	0.00196	0.00453	0.18514	0.00391	0.00574
18	0.47143	0.07155	0.07076	0.02966	0.06706	0.02578	0.01877	0.02948	0.01019	0.01957	0.09019	0.01403	0.05291	0.00564	0.00394	0.00151	0.00442	0.00410	0.00322	0.00576
19	0.12844	0.01126	0.01382	0.01474	0.19462	0.07758	0.03285	0.02812	0.05388	0.01678	0.06906	0.01398	0.01089	0.00592	0.00661	0.00151	0.14879	0.01835	0.00305	0.14974

[dist]
# distance from previous block
# <min> <max>
33	83

[block]
# block no. 6 follows, 50 sequences, length 14
# corresponding to MSA columns:
# 458-471
name=unknown_G
#
# <colnr> <probs for GDERKNQSTAVLIFYWHMCP>
#	G	D	E	R	K	N	Q	S	T	A	V	L	I	F	Y	W	H	M	C	P
0	0.01278	0.40635	0.11140	0.01028	0.05186	0.03079	0.00937	0.04795	0.03939	0.07431	0.09999	0.03224	0.01283	0.00678	0.03265	0.00156	0.00544	0.00434	0.00315	0.00656
1	0.01157	0.24401	0.38656	0.01238	0.06322	0.03346	0.01311	0.01529	0.01102	0.05296	0.06607	0.01314	0.03122	0.00526	0.00442	0.00141	0.00605	0.00406	0.00267	0.02214
2	0.01143	0.03009	0.03840	0.02814	0.01171	0.00855	0.00702	0.13898	0.10004	0.08478	0.10264	0.13783	0.10365	0.00980	0.04485	0.00184	0.00440	0.00697	0.00441	0.12449
3	0.00973	0.00889	0.01461	0.56313	0.02782	0.01044	0.06677	0.01280	0.01003	0.01379	0.00955	0.01345	0.00737	0.00513	0.00548	0.00157	0.05458	0.00443	0.08699	0.07343
4	0.01110	0.00883	0.01086	0.08437	0.01403	0.00712	0.00676	0.01340	0.01058	0.07117	0.00962	0.01109	0.00766	0.00399	0.00391	0.00088	0.00401	0.00324	0.00311	0.71426
5	0.01062	0.00826	0.01102	0.04933	0.01292	0.00828	0.06746	0.11626	0.11421	0.05081	0.01936	0.32071	0.01961	0.00969	0.00553	0.00169	0.00426	0.05137	0.00430	0.11430
6	0.01234	0.01184	0.02023	0.03059	0.79373	0.01184	0.01530	0.01530	0.01135	0.01628	0.00938	0.01234	0.00790	0.00444	0.00493	0.00148	0.00592	0.00444	0.00247	0.00790
7	0.01173	0.01122	0.01914	0.19281	0.63625	0.01168	0.01500	0.01477	0.01106	0.01555	0.00927	0.01253	0.00764	0.00455	0.00494	0.00152	0.00607	0.00444	0.00241	0.00741
8	0.04013	0.00935	0.01245	0.08949	0.01512	0.00914	0.05463	0.12796	0.05936	0.28059	0.11005	0.01776	0.03069	0.00620	0.00496	0.00147	0.00455	0.00524	0.00470	0.11617
9	0.01199	0.01149	0.01960	0.12427	0.70280	0.01175	0.01512	0.01499	0.01118	0.01586	0.00931	0.01245	0.00775	0.00451	0.00494	0.00150	0.00601	0.00444	0.00244	0.00761
10	0.03265	0.01031	0.01094	0.00912	0.01198	0.03060	0.00725	0.31302	0.14958	0.04152	0.13402	0.05439	0.09457	0.00765	0.00512	0.00153	0.00420	0.00624	0.02788	0.04742
11	0.01094	0.03903	0.29095	0.01048	0.01471	0.00960	0.02861	0.10196	0.01266	0.07013	0.11117	0.06853	0.11423	0.00736	0.00550	0.00156	0.03389	0.00603	0.00367	0.05898
12	0.02613	0.10097	0.10437	0.00847	0.01128	0.06388	0.00758	0.05435	0.08944	0.03546	0.24090	0.06428	0.15651	0.00846	0.00518	0.00154	0.00419	0.00700	0.00422	0.00578
13	0.03630	0.26013	0.08744	0.01113	0.07248	0.12507	0.02983	0.05494	0.02714	0.03314	0.07751	0.01595	0.08166	0.00592	0.00439	0.00134	0.00542	0.00458	0.03362	0.03200

[dist]
# distance from previous block
# <min> <max>
1	64

[block]
# block no. 7 follows, 50 sequences, length 17
# corresponding to MSA columns:
# 548-564
name=unknown_H
#
# <colnr> <probs for GDERKNQSTAVLIFYWHMCP>
#	G	D	E	R	K	N	Q	S	T	A	V	L	I	F	Y	W	H	M	C	P
0	0.07981	0.21284	0.01463	0.00968	0.04176	0.06279	0.03367	0.04972	0.05114	0.04271	0.03150	0.07505	0.11220	0.00773	0.02315	0.00161	0.06352	0.00544	0.03164	0.04940
1	0.01197	0.12839	0.02836	0.03452	0.05478	0.07393	0.00814	0.11669	0.06157	0.04465	0.04853	0.04837	0.12755	0.00940	0.04986	0.00192	0.05018	0.05133	0.04381	0.00605
2	0.01223	0.00877	0.02591	0.00875	0.01110	0.00875	0.00712	0.24648	0.02524	0.07129	0.10275	0.09372	0.06349	0.03433	0.01931	0.04913	0.01751	0.10866	0.03724	0.04819
3	0.01235	0.00951	0.03573	0.05602	0.12550	0.00924	0.00837	0.12375	0.11762	0.07972	0.05738	0.05146	0.02915	0.00627	0.00469	0.00142	0.00424	0.00529	0.15921	0.10308
4	0.01027	0.09305	0.36573	0.10894	0.13511	0.01153	0.01411	0.01484	0.05326	0.01491	0.01180	0.01391	0.04467	0.00811	0.07701	0.00212	0.00700	0.00437	0.00251	0.00676
5	0.01170	0.04230	0.01169	0.00951	0.01202	0.04723	0.04859	0.14345	0.21048	0.03273	0.19760	0.13733	0.02254	0.00827	0.00532	0.00159	0.00421	0.00713	0.00465	0.04165
6	0.05955	0.63918	0.02262	0.00892	0.01273	0.11488	0.00837	0.01519	0.01041	0.01235	0.00738	0.00877	0.00668	0.00623	0.04778	0.00150	0.00614	0.00288	0.00227	0.00616
7	0.07972	0.12614	0.01279	0.05257	0.14757	0.00931	0.00806	0.02975	0.01089	0.08324	0.05307	0.28403	0.01855	0.00886	0.00508	0.00162	0.00426	0.02733	0.00377	0.03338
8	0.06022	0.03801	0.12689	0.01010	0.01385	0.01224	0.00920	0.40504	0.04252	0.02405	0.05485	0.01720	0.07639	0.04507	0.00582	0.00167	0.00504	0.00513	0.03961	0.00710
9	0.00858	0.00733	0.04805	0.00777	0.00949	0.00649	0.00607	0.08069	0.07641	0.01656	0.09227	0.42964	0.05526	0.01135	0.00561	0.00172	0.00342	0.01001	0.05050	0.07278
10	0.01235	0.01164	0.01860	0.02687	0.65153	0.01194	0.01395	0.01734	0.15221	0.01712	0.01136	0.01348	0.00923	0.00486	0.00496	0.00152	0.00556	0.00466	0.00294	0.00789
11	0.00883	0.00838	0.07938	0.00792	0.01043	0.00650	0.00658	0.03675	0.06959	0.03628	0.08196	0.31565	0.09234	0.00988	0.00532	0.00156	0.00361	0.00863	0.00416	0.20626
12	0.01178	0.01235	0.01477	0.01256	0.01350	0.12449	0.03550	0.01309	0.00900	0.01257	0.00784	0.04193	0.00765	0.00788	0.01282	0.00190	0.57121	0.00450	0.00241	0.08224
13	0.01199	0.00830	0.00990	0.00804	0.01121	0.00731	0.00626	0.09646	0.04872	0.12768	0.03307	0.20379	0.01549	0.00739	0.00476	0.00130	0.00376	0.00632	0.00418	0.38409
14	0.00941	0.00886	0.01495	0.81285	0.03433	0.01107	0.01384	0.01274	0.00997	0.01274	0.00886	0.01329	0.00664	0.00498	0.00498	0.00166	0.00664	0.00443	0.00221	0.00554
15	0.01030	0.09822	0.72919	0.01369	0.02078	0.01231	0.01752	0.01571	0.01049	0.01542	0.00876	0.01030	0.00632	0.00469	0.00460	0.00153	0.00718	0.00359	0.00211	0.00728
16	0.01177	0.01126	0.01907	0.11210	0.68219	0.01146	0.01468	0.01470	0.01120	0.01580	0.01096	0.01386	0.03907	0.00483	0.00498	0.00151	0.00586	0.00468	0.00253	0.00750

[dist]
# distance from previous block
# <min> <max>
0	1

[block]
# block no. 8 follows, 50 sequences, length 214
# corresponding to MSA columns:
# 566-779
name=unknown_I
#
# <colnr> <probs for GDERKNQSTAVLIFYWHMCP>
#	G	D	E	R	K	N	Q	S	T	A	V	L	I	F	Y	W	H	M	C	P
0	0.01224	0.01171	0.01997	0.03014	0.77707	0.01171	0.01514	0.01519	0.01135	0.01626	0.00974	0.01327	0.00834	0.00464	0.00498	0.00150	0.00589	0.02052	0.00251	0.00783
1	0.00628	0.00470	0.00623	0.00758	0.03608	0.00435	0.00492	0.00727	0.00983	0.01295	0.02961	0.69757	0.12449	0.01484	0.00625	0.00196	0.00296	0.01337	0.00455	0.00421
2	0.00597	0.00505	0.00516	0.00514	0.00678	0.00424	0.00385	0.00731	0.01156	0.01393	0.10335	0.04720	0.73856	0.01245	0.00589	0.00167	0.00251	0.01041	0.00469	0.00424
3	0.01333	0.82783	0.02612	0.00853	0.01279	0.01972	0.00853	0.01493	0.01013	0.01173	0.00693	0.00800	0.00640	0.00426	0.00320	0.00107	0.00533	0.00267	0.00213	0.00640
4	0.00718	0.00481	0.00546	0.00552	0.00554	0.00479	0.00311	0.00723	0.00737	0.00983	0.01635	0.07604	0.01894	0.78029	0.02432	0.00468	0.00473	0.00763	0.00311	0.00308
5	0.01033	0.00958	0.01579	0.65071	0.15342	0.01141	0.01386	0.04989	0.01083	0.01419	0.00909	0.01307	0.00693	0.00495	0.00498	0.00162	0.00647	0.00443	0.00239	0.00605
6	0.28276	0.30482	0.23445	0.01014	0.03455	0.03193	0.01048	0.01520	0.00983	0.01638	0.00757	0.00887	0.00609	0.00453	0.00366	0.00138	0.00552	0.00302	0.00245	0.00637
7	0.01234	0.01184	0.02023	0.03059	0.79373	0.01184	0.01530	0.01530	0.01135	0.01628	0.00938	0.01234	0.00790	0.00444	0.00493	0.00148	0.00592	0.00444	0.00247	0.00790
8	0.00607	0.00434	0.00578	0.00694	0.00723	0.00405	0.00463	0.00694	0.00954	0.01272	0.02747	0.82157	0.03297	0.01562	0.00636	0.00202	0.00289	0.01417	0.00463	0.00405
9	0.00712	0.00534	0.00801	0.00801	0.00890	0.00623	0.00623	0.00890	0.00801	0.01157	0.01335	0.01958	0.01246	0.03738	0.80507	0.00801	0.01335	0.00534	0.00267	0.00445
10	0.00607	0.00434	0.00578	0.00694	0.00723	0.00405	0.00463	0.00694	0.00954	0.01272	0.02747	0.82157	0.03297	0.01562	0.00636	0.00202	0.00289	0.01417	0.00463	0.00405
11	0.02236	0.00848	0.01157	0.00887	0.01272	0.00733	0.00733	0.02429	0.01427	0.79719	0.01966	0.01697	0.01234	0.00617	0.00501	0.00154	0.00424	0.00501	0.00617	0.00848
12	0.01044	0.00895	0.01038	0.00752	0.01187	0.00693	0.00601	0.01325	0.04936	0.01647	0.00944	0.01075	0.00778	0.00385	0.00376	0.00079	0.00370	0.00309	0.00306	0.81259
13	0.00607	0.00434	0.00578	0.00694	0.00723	0.00405	0.00463	0.00694	0.00954	0.01272	0.02747	0.82157	0.03297	0.01562	0.00636	0.00202	0.00289	0.01417	0.00463	0.00405
14	0.01240	0.01071	0.01127	0.01014	0.01296	0.01240	0.00789	0.02649	0.78473	0.02085	0.02029	0.01860	0.01522	0.00676	0.00507	0.00169	0.00394	0.00564	0.00507	0.00789
15	0.01240	0.01071	0.01127	0.01014	0.01296	0.01240	0.00789	0.02649	0.78473	0.02085	0.02029	0.01860	0.01522	0.00676	0.00507	0.00169	0.00394	0.00564	0.00507	0.00789
16	0.00752	0.00520	0.00681	0.00635	0.00761	0.00478	0.00478	0.00986	0.01411	0.04385	0.76742	0.03661	0.04597	0.01007	0.00585	0.00157	0.00241	0.00889	0.00551	0.00482
17	0.86003	0.00964	0.00733	0.00655	0.00964	0.01118	0.00540	0.01465	0.00848	0.02236	0.00694	0.00810	0.00540	0.00463	0.00308	0.00154	0.00386	0.00270	0.00308	0.00540
18	0.01827	0.02319	0.01394	0.01269	0.01521	0.78030	0.00953	0.01957	0.01394	0.01218	0.00788	0.00931	0.00661	0.00613	0.02907	0.00149	0.00912	0.00328	0.00257	0.00574
19	0.00607	0.00434	0.00578	0.00694	0.00723	0.00405	0.00463	0.00694	0.00954	0.01272	0.02747	0.82157	0.03297	0.01562	0.00636	0.00202	0.00289	0.01417	0.00463	0.00405
20	0.01034	0.00886	0.01034	0.00738	0.01181	0.00664	0.00591	0.01255	0.01034	0.01624	0.00886	0.01034	0.00738	0.00369	0.00369	0.00074	0.00369	0.00295	0.00295	0.85530
21	0.00725	0.00483	0.00544	0.00544	0.00544	0.00483	0.00302	0.00725	0.00725	0.00966	0.01571	0.03262	0.01812	0.82483	0.02537	0.00483	0.00483	0.00725	0.00302	0.00302
22	0.00941	0.00886	0.01495	0.81285	0.03433	0.01107	0.01384	0.01274	0.00997	0.01274	0.00886	0.01329	0.00664	0.00498	0.00498	0.00166	0.00664	0.00443	0.00221	0.00554
23	0.00941	0.00886	0.01495	0.81285	0.03433	0.01107	0.01384	0.01274	0.00997	0.01274	0.00886	0.01329	0.00664	0.00498	0.00498	0.00166	0.00664	0.00443	0.00221	0.00554
24	0.00665	0.00486	0.00625	0.00636	0.00732	0.00446	0.00460	0.00846	0.01248	0.01720	0.49304	0.27463	0.11106	0.01205	0.00603	0.00172	0.00253	0.01071	0.00515	0.00446
25	0.00929	0.00465	0.00465	0.00465	0.00581	0.00465	0.00348	0.01161	0.01045	0.01858	0.01626	0.01858	0.01278	0.00581	0.00348	0.00116	0.00232	0.00465	0.85250	0.00465
26	0.01234	0.01184	0.02023	0.03059	0.79373	0.01184	0.01530	0.01530	0.01135	0.01628	0.00938	0.01234	0.00790	0.00444	0.00493	0.00148	0.00592	0.00444	0.00247	0.00790
27	0.03707	0.00897	0.02197	0.00994	0.07085	0.05700	0.00718	0.06722	0.13630	0.07606	0.36051	0.04220	0.04135	0.00833	0.00541	0.00159	0.00386	0.03328	0.00484	0.00609
28	0.00611	0.00435	0.00577	0.00689	0.00717	0.00407	0.00458	0.00695	0.00947	0.01263	0.02711	0.79720	0.03251	0.04061	0.00695	0.00211	0.00295	0.01396	0.00458	0.00402
29	0.86003	0.00964	0.00733	0.00655	0.00964	0.01118	0.00540	0.01465	0.00848	0.02236	0.00694	0.00810	0.00540	0.00463	0.00308	0.00154	0.00386	0.00270	0.00308	0.00540
30	0.02236	0.00848	0.01157	0.00887	0.01272	0.00733	0.00733	0.02429	0.01427	0.79719	0.01966	0.01697	0.01234	0.00617	0.00501	0.00154	0.00424	0.00501	0.00617	0.00848
31	0.01314	0.78224	0.07005	0.00885	0.01329	0.01926	0.00909	0.01497	0.01015	0.01196	0.00704	0.00814	0.00639	0.00429	0.00329	0.00110	0.00545	0.00272	0.00213	0.00645
32	0.00651	0.00507	0.00590	0.00570	0.00711	0.00447	0.00427	0.00835	0.01282	0.01692	0.44312	0.04228	0.39693	0.01133	0.00588	0.00162	0.00243	0.00972	0.00508	0.00447
33	0.01240	0.01071	0.01127	0.01014	0.01296	0.01240	0.00789	0.02649	0.78473	0.02085	0.02029	0.01860	0.01522	0.00676	0.00507	0.00169	0.00394	0.00564	0.00507	0.00789
34	0.00974	0.00508	0.00512	0.00496	0.00625	0.00515	0.00376	0.04699	0.01105	0.01918	0.01606	0.01828	0.01258	0.00582	0.00355	0.00118	0.00247	0.00464	0.81333	0.00482
35	0.86003	0.00964	0.00733	0.00655	0.00964	0.01118	0.00540	0.01465	0.00848	0.02236	0.00694	0.00810	0.00540	0.00463	0.00308	0.00154	0.00386	0.00270	0.00308	0.00540
36	0.01000	0.02578	0.79900	0.01421	0.02157	0.01158	0.01842	0.01579	0.01052	0.01579	0.00895	0.01052	0.00631	0.00474	0.00474	0.00158	0.00737	0.00368	0.00210	0.00737
37	0.00803	0.00574	0.00803	0.00918	0.01033	0.00574	0.00803	0.01033	0.01147	0.01492	0.02639	0.05622	0.02869	0.01377	0.00688	0.00229	0.00459	0.76018	0.00459	0.00459
38	0.02236	0.00848	0.01157	0.00887	0.01272	0.00733	0.00733	0.02429	0.01427	0.79719	0.01966	0.01697	0.01234	0.00617	0.00501	0.00154	0.00424	0.00501	0.00617	0.00848
39	0.00800	0.00572	0.00799	0.00909	0.01024	0.00571	0.00793	0.01030	0.01156	0.01507	0.05001	0.05564	0.02925	0.01366	0.00685	0.00227	0.00452	0.73698	0.00462	0.00459
40	0.02502	0.00492	0.00489	0.00481	0.00606	0.00497	0.00363	0.02633	0.01067	0.01890	0.01601	0.01826	0.01256	0.00579	0.00351	0.00117	0.00241	0.00461	0.82075	0.00473
41	0.01225	0.01061	0.01146	0.05060	0.01404	0.01233	0.00819	0.02579	0.74568	0.02044	0.01971	0.01833	0.01478	0.00667	0.00507	0.00169	0.00408	0.00557	0.00493	0.00777
42	0.01862	0.02376	0.01413	0.01284	0.01541	0.80482	0.00963	0.01990	0.01413	0.01220	0.00770	0.00899	0.00642	0.00514	0.00449	0.00128	0.00899	0.00321	0.00257	0.00578
43	0.00607	0.00434	0.00578	0.00694	0.00723	0.00405	0.00463	0.00694	0.00954	0.01272	0.02747	0.82157	0.03297	0.01562	0.00636	0.00202	0.00289	0.01417	0.00463	0.00405
44	0.00615	0.00439	0.00587	0.00703	0.00735	0.00411	0.00476	0.00707	0.00962	0.01281	0.02743	0.79178	0.03280	0.01554	0.00638	0.00203	0.00296	0.04321	0.00463	0.00407
45	0.01176	0.01345	0.02941	0.02101	0.02605	0.01261	0.77563	0.01597	0.01176	0.01597	0.01008	0.01345	0.00756	0.00420	0.00588	0.00168	0.00840	0.00588	0.00252	0.00672
46	0.86003	0.00964	0.00733	0.00655	0.00964	0.01118	0.00540	0.01465	0.00848	0.02236	0.00694	0.00810	0.00540	0.00463	0.00308	0.00154	0.00386	0.00270	0.00308	0.00540
47	0.01225	0.01305	0.02770	0.01994	0.02464	0.01249	0.69323	0.01616	0.01165	0.05511	0.01036	0.01348	0.00775	0.00456	0.00644	0.00170	0.05430	0.00575	0.00269	0.00674
