[name]
unknown

[dist]
# distance from previous block
# <min> <max>
11	113

[block]
# block no. 0 follows, 43 sequences, length 6
# corresponding to MSA columns:
# 149-154
name=unknown_A
#
# <colnr> <probs for GDERKNQSTAVLIFYWHMCP>
#	G	D	E	R	K	N	Q	S	T	A	V	L	I	F	Y	W	H	M	C	P
0	0.00870	0.00630	0.00861	0.00977	0.01110	0.00622	0.00848	0.01114	0.01274	0.01642	0.03184	0.06161	0.10104	0.01518	0.00755	0.00249	0.00488	0.66576	0.00510	0.00506
1	0.00683	0.00560	0.00606	0.00626	0.00791	0.00483	0.00474	0.00835	0.01260	0.01539	0.08810	0.12395	0.60129	0.01431	0.00669	0.00196	0.00303	0.07220	0.00519	0.00472
2	0.01853	0.01163	0.01351	0.01144	0.04310	0.01221	0.00887	0.31962	0.11694	0.20785	0.08611	0.01886	0.01577	0.00716	0.00550	0.00168	0.00492	0.00577	0.08201	0.00853
3	0.84448	0.01071	0.00814	0.00728	0.01071	0.01242	0.00600	0.01628	0.00943	0.02485	0.00771	0.00900	0.00600	0.00514	0.00343	0.00171	0.00428	0.00300	0.00343	0.00600
4	0.00825	0.00624	0.00888	0.00857	0.00983	0.00682	0.00656	0.01009	0.00906	0.01314	0.01462	0.02214	0.01390	0.10818	0.64264	0.00784	0.01298	0.00588	0.00303	0.08134
5	0.01732	0.01233	0.01282	0.01102	0.01440	0.07623	0.00868	0.05947	0.43582	0.22067	0.05483	0.01991	0.01653	0.00733	0.00560	0.00178	0.00493	0.00597	0.00574	0.00861

[dist]
# distance from previous block
# <min> <max>
0	2

[block]
# block no. 1 follows, 43 sequences, length 16
# corresponding to MSA columns:
# 157-172
name=unknown_B
#
# <colnr> <probs for GDERKNQSTAVLIFYWHMCP>
#	G	D	E	R	K	N	Q	S	T	A	V	L	I	F	Y	W	H	M	C	P
0	0.24397	0.06033	0.03010	0.01152	0.01492	0.39427	0.00921	0.06175	0.01421	0.07999	0.01070	0.01155	0.02405	0.00582	0.00461	0.00155	0.00738	0.00381	0.00350	0.00676
1	0.01056	0.00976	0.04179	0.14829	0.01694	0.02610	0.03686	0.05368	0.01111	0.01577	0.01490	0.15179	0.01449	0.01565	0.16185	0.00335	0.16907	0.00700	0.08519	0.00583
2	0.01213	0.04630	0.01567	0.01295	0.01405	0.09233	0.03069	0.01372	0.00969	0.01356	0.00939	0.01404	0.00884	0.01604	0.19202	0.00368	0.44369	0.00486	0.00264	0.04371
3	0.07574	0.06730	0.04852	0.08090	0.05067	0.06797	0.00981	0.15041	0.07872	0.17592	0.04790	0.01726	0.01275	0.06733	0.00696	0.00193	0.00579	0.00521	0.00453	0.02437
4	0.01242	0.08016	0.18103	0.15510	0.02077	0.09207	0.04459	0.04908	0.01188	0.01586	0.01114	0.04742	0.00957	0.01022	0.08551	0.00251	0.12142	0.00508	0.03752	0.00666
5	0.02460	0.00982	0.01310	0.01004	0.01434	0.00873	0.00830	0.07458	0.01652	0.72612	0.02129	0.01849	0.01343	0.00684	0.00557	0.00171	0.00480	0.00553	0.00677	0.00942
6	0.00906	0.00481	0.00706	0.00731	0.00737	0.00475	0.00487	0.00731	0.00788	0.01050	0.01370	0.17021	0.01490	0.01887	0.01880	0.67539	0.00450	0.00695	0.00294	0.00281
7	0.03301	0.12902	0.07651	0.05455	0.01592	0.06513	0.00991	0.12296	0.12898	0.13405	0.08073	0.02049	0.03205	0.00731	0.00536	0.00169	0.00557	0.04689	0.02225	0.00763
8	0.00945	0.00687	0.00833	0.00821	0.00979	0.00693	0.00640	0.04649	0.10739	0.02047	0.31296	0.12616	0.06722	0.01168	0.00637	0.00192	0.00353	0.14394	0.09017	0.00572
9	0.00796	0.00533	0.00607	0.00617	0.00619	0.00530	0.00349	0.00803	0.00825	0.01099	0.01843	0.09365	0.02137	0.74627	0.02661	0.00514	0.00521	0.00863	0.00349	0.00344
10	0.01127	0.00887	0.01314	0.23541	0.03824	0.01008	0.06590	0.06116	0.02862	0.01827	0.03112	0.03640	0.01225	0.00893	0.05601	0.00215	0.06802	0.00559	0.28247	0.00611
11	0.02973	0.06728	0.39583	0.14710	0.07201	0.04493	0.03320	0.06600	0.03962	0.01797	0.01054	0.01280	0.00789	0.00632	0.02425	0.00189	0.00772	0.00441	0.00279	0.00771
12	0.00888	0.00632	0.00876	0.00997	0.01117	0.00632	0.00861	0.01128	0.01249	0.01625	0.02866	0.06100	0.03122	0.05956	0.00880	0.00271	0.00511	0.69290	0.00500	0.00500
13	0.01013	0.00680	0.00939	0.00933	0.02494	0.00653	0.03626	0.01293	0.06209	0.09699	0.19266	0.27833	0.05237	0.06241	0.00803	0.00226	0.00402	0.11354	0.00531	0.00568
14	0.04766	0.01252	0.03228	0.37154	0.07090	0.08965	0.01259	0.09908	0.01402	0.14454	0.01289	0.04602	0.00984	0.00631	0.00546	0.00176	0.00674	0.00524	0.00374	0.00722
15	0.06066	0.12315	0.06699	0.01347	0.04892	0.12291	0.10212	0.10910	0.03031	0.13321	0.01341	0.04581	0.01074	0.02162	0.05447	0.00214	0.00719	0.00520	0.02111	0.00746

[dist]
# distance from previous block
# <min> <max>
0	2

[block]
# block no. 2 follows, 43 sequences, length 18
# corresponding to MSA columns:
# 175-192
name=unknown_C
#
# <colnr> <probs for GDERKNQSTAVLIFYWHMCP>
#	G	D	E	R	K	N	Q	S	T	A	V	L	I	F	Y	W	H	M	C	P
0	0.44462	0.11520	0.10921	0.03973	0.01439	0.08324	0.00908	0.03228	0.01114	0.02058	0.04164	0.01141	0.00864	0.00594	0.00468	0.02935	0.00561	0.00367	0.00319	0.00638
1	0.01080	0.04900	0.03581	0.02508	0.03710	0.00808	0.00752	0.01494	0.10461	0.08844	0.37449	0.07965	0.05918	0.01037	0.00621	0.00183	0.00386	0.07129	0.00543	0.00630
2	0.09967	0.07582	0.13069	0.08934	0.11179	0.10563	0.03863	0.05513	0.01311	0.08682	0.03231	0.01431	0.02346	0.00596	0.00554	0.00164	0.03797	0.00463	0.03560	0.03194
3	0.01095	0.00927	0.01095	0.00818	0.01257	0.00711	0.00644	0.01326	0.01133	0.01754	0.01187	0.08360	0.01095	0.00642	0.02766	0.00119	0.00434	0.00449	0.00344	0.73844
4	0.02006	0.02508	0.01541	0.01400	0.01687	0.71322	0.01053	0.02278	0.08340	0.01443	0.00983	0.01096	0.00802	0.00587	0.00505	0.00147	0.00948	0.00381	0.00311	0.00663
5	0.01826	0.01686	0.29890	0.04232	0.01870	0.01044	0.01301	0.05924	0.01441	0.38615	0.01607	0.01557	0.01060	0.00611	0.00537	0.00170	0.00612	0.00489	0.02376	0.03152
6	0.00803	0.00546	0.00650	0.00650	0.00666	0.00562	0.00393	0.00835	0.00819	0.01108	0.01703	0.03392	0.01913	0.68287	0.14930	0.00594	0.00689	0.00771	0.00329	0.00361
7	0.01357	0.01171	0.01243	0.01099	0.01429	0.01319	0.00857	0.02802	0.69272	0.02270	0.02139	0.01983	0.01612	0.00720	0.00550	0.00178	0.00436	0.00599	0.00542	0.08423
8	0.00712	0.00526	0.00646	0.00707	0.00787	0.00484	0.00492	0.00837	0.01155	0.01514	0.13619	0.40104	0.19824	0.11192	0.00949	0.00249	0.00340	0.04906	0.00505	0.00453
9	0.02105	0.01551	0.01662	0.01274	0.01717	0.01717	0.01053	0.75235	0.02604	0.03490	0.01330	0.01330	0.00942	0.00665	0.00554	0.00166	0.00609	0.00499	0.00554	0.00942
10	0.02036	0.01516	0.01550	0.01212	0.01620	0.06640	0.00991	0.61464	0.02378	0.06475	0.01373	0.01390	0.00983	0.00658	0.00538	0.00162	0.00602	0.00493	0.07031	0.00889
11	0.01101	0.00726	0.00894	0.00804	0.01004	0.00708	0.00618	0.05205	0.10083	0.10770	0.49150	0.06890	0.07715	0.01054	0.00629	0.00178	0.00327	0.00916	0.00601	0.00626
12	0.00678	0.00489	0.00642	0.00759	0.00802	0.00453	0.00510	0.00782	0.01087	0.01445	0.05677	0.74079	0.07152	0.01699	0.00703	0.00221	0.00317	0.01536	0.00517	0.00453
13	0.01447	0.01228	0.01925	0.02674	0.53962	0.01246	0.01427	0.01974	0.14080	0.08776	0.04671	0.01657	0.01251	0.00583	0.00556	0.00170	0.00586	0.00544	0.00376	0.00868
14	0.05171	0.01041	0.01318	0.01018	0.01437	0.00976	0.00839	0.15126	0.01738	0.59915	0.04197	0.01822	0.01385	0.00689	0.00552	0.00171	0.00487	0.00551	0.00649	0.00918
15	0.01032	0.00516	0.00516	0.00516	0.00645	0.00516	0.00387	0.01290	0.01161	0.02065	0.01807	0.02065	0.01420	0.00645	0.00387	0.00129	0.00258	0.00516	0.83611	0.00516
16	0.01296	0.01214	0.02016	0.29383	0.48023	0.01307	0.01611	0.05349	0.01277	0.01759	0.01037	0.01405	0.00833	0.00523	0.00550	0.00171	0.00683	0.00493	0.00279	0.00790
17	0.60751	0.03161	0.03641	0.00873	0.01243	0.07815	0.00740	0.05309	0.01150	0.09637	0.00949	0.01033	0.00707	0.00542	0.00393	0.00168	0.00507	0.00343	0.00375	0.00663

[dist]
# distance from previous block
# <min> <max>
2	7

[block]
# block no. 3 follows, 43 sequences, length 16
# corresponding to MSA columns:
# 200-215
name=unknown_D
#
# <colnr> <probs for GDERKNQSTAVLIFYWHMCP>
#	G	D	E	R	K	N	Q	S	T	A	V	L	I	F	Y	W	H	M	C	P
0	0.11771	0.01033	0.04866	0.11655	0.01620	0.02914	0.06538	0.02856	0.01199	0.08105	0.04031	0.01801	0.01245	0.02403	0.07027	0.00240	0.06051	0.00530	0.23473	0.00642
1	0.64449	0.01083	0.00966	0.04433	0.01291	0.01199	0.00697	0.01795	0.03687	0.10423	0.01038	0.01145	0.00779	0.00566	0.00406	0.00176	0.00462	0.00364	0.00396	0.04645
2	0.08337	0.01006	0.01285	0.03331	0.06222	0.00970	0.00867	0.05800	0.08468	0.43765	0.08902	0.03741	0.01718	0.00753	0.00568	0.00181	0.00479	0.00611	0.02136	0.00859
3	0.01277	0.00861	0.01205	0.01077	0.01294	0.00837	0.08139	0.13117	0.01458	0.12365	0.04771	0.42505	0.02675	0.01284	0.00675	0.00212	0.00472	0.04585	0.00537	0.00655
4	0.00969	0.00647	0.00795	0.00742	0.00914	0.00585	0.00557	0.02929	0.01513	0.08468	0.47097	0.10087	0.20104	0.01213	0.00665	0.00188	0.00312	0.01042	0.00599	0.00574
5	0.01254	0.01240	0.01722	0.01479	0.01484	0.01715	0.01227	0.01363	0.00877	0.01374	0.00772	0.01271	0.00768	0.00995	0.01827	0.00250	0.78999	0.00498	0.00257	0.00628
6	0.55354	0.01047	0.00965	0.00823	0.01175	0.01128	0.00670	0.04735	0.01201	0.19894	0.01244	0.01295	0.00897	0.00598	0.00424	0.00176	0.00447	0.00399	0.06820	0.00708
7	0.02537	0.00653	0.00808	0.00841	0.00943	0.00639	0.00607	0.07343	0.01310	0.01798	0.16682	0.43437	0.03470	0.06342	0.00866	0.02400	0.00387	0.07885	0.00527	0.00525
8	0.02061	0.00944	0.01218	0.00977	0.01336	0.00865	0.00787	0.07910	0.04675	0.51345	0.18974	0.02412	0.02257	0.00815	0.00597	0.00180	0.00448	0.00669	0.00666	0.00865
9	0.00806	0.00625	0.00725	0.00723	0.00871	0.00576	0.00532	0.01060	0.06019	0.01833	0.30673	0.15810	0.30770	0.03324	0.00731	0.00207	0.00319	0.03304	0.00561	0.00532
10	0.01316	0.01234	0.02068	0.19110	0.56835	0.01280	0.01630	0.01635	0.01256	0.01756	0.01183	0.01737	0.01024	0.00596	0.00580	0.00182	0.00679	0.04780	0.00297	0.00821
11	0.01005	0.00963	0.03388	0.22433	0.02047	0.01064	0.10906	0.01234	0.01041	0.01428	0.01575	0.14618	0.04418	0.07166	0.04184	0.03263	0.15500	0.00742	0.02463	0.00561
12	0.84448	0.01071	0.00814	0.00728	0.01071	0.01242	0.00600	0.01628	0.00943	0.02485	0.00771	0.00900	0.00600	0.00514	0.00343	0.00171	0.00428	0.00300	0.00343	0.00600
13	0.00817	0.00597	0.00765	0.00809	0.00935	0.00577	0.00628	0.01062	0.04246	0.03041	0.18011	0.22912	0.16378	0.01632	0.06637	0.00264	0.00446	0.19211	0.00521	0.00512
14	0.07710	0.25048	0.21750	0.03758	0.04867	0.04892	0.06991	0.08723	0.01331	0.01845	0.05987	0.02614	0.01087	0.00580	0.00487	0.00158	0.00665	0.00457	0.00311	0.00739
15	0.44841	0.07213	0.01231	0.06130	0.01379	0.04076	0.00815	0.01650	0.01066	0.08541	0.05235	0.01258	0.00971	0.00636	0.00628	0.00178	0.12754	0.00405	0.00355	0.00637

[dist]
# distance from previous block
# <min> <max>
0	4

[block]
# block no. 4 follows, 43 sequences, length 15
# corresponding to MSA columns:
# 220-234
name=unknown_E
#
# <colnr> <probs for GDERKNQSTAVLIFYWHMCP>
#	G	D	E	R	K	N	Q	S	T	A	V	L	I	F	Y	W	H	M	C	P
0	0.01031	0.00773	0.00883	0.00796	0.01048	0.00710	0.00626	0.09546	0.02965	0.04445	0.06420	0.12705	0.28342	0.01126	0.00606	0.00176	0.00380	0.09286	0.02928	0.15209
1	0.00827	0.00644	0.00949	0.00928	0.01016	0.00772	0.00725	0.01012	0.00884	0.01283	0.01428	0.02142	0.01350	0.06438	0.69309	0.00823	0.08086	0.00591	0.00293	0.00499
2	0.00836	0.00621	0.00786	0.00735	0.00882	0.00598	0.00554	0.01213	0.08158	0.02229	0.70197	0.03954	0.04913	0.01099	0.00645	0.00175	0.00277	0.00968	0.00606	0.00554
3	0.01361	0.34924	0.22308	0.01152	0.01662	0.01535	0.04311	0.04936	0.01313	0.06926	0.13074	0.01594	0.01489	0.00615	0.00484	0.00151	0.00607	0.00481	0.00342	0.00737
4	0.02069	0.02640	0.01569	0.01427	0.01712	0.78313	0.01070	0.02212	0.01569	0.01355	0.00856	0.00999	0.00713	0.00571	0.00499	0.00143	0.00999	0.00357	0.00285	0.00642
5	0.02294	0.00929	0.01238	0.00970	0.01365	0.00827	0.00793	0.04997	0.03212	0.66383	0.04363	0.04858	0.01563	0.00737	0.00561	0.00173	0.00458	0.00606	0.02774	0.00900
6	0.00700	0.00500	0.00672	0.00800	0.00843	0.00472	0.00558	0.00815	0.01085	0.01442	0.03039	0.71595	0.03608	0.01711	0.00714	0.00228	0.00343	0.09905	0.00514	0.00457
7	0.00760	0.00559	0.00728	0.00813	0.00915	0.00526	0.00629	0.00940	0.01234	0.01618	0.13293	0.32868	0.15367	0.01531	0.00711	0.00222	0.00371	0.25905	0.00526	0.00483
8	0.01528	0.68378	0.06396	0.01032	0.01501	0.10605	0.01015	0.01724	0.01177	0.01331	0.00790	0.00914	0.00711	0.00487	0.00380	0.00124	0.00648	0.00308	0.00242	0.00708
9	0.01325	0.00702	0.00963	0.00939	0.01146	0.00655	0.00779	0.01555	0.01391	0.24015	0.13926	0.11254	0.03005	0.01240	0.00682	0.00215	0.00444	0.34553	0.00577	0.00634
10	0.00791	0.00593	0.00890	0.00890	0.00989	0.00692	0.00692	0.00989	0.00890	0.01286	0.01483	0.02176	0.01385	0.04154	0.78341	0.00890	0.01483	0.00593	0.00297	0.00494
11	0.05796	0.00966	0.01233	0.00961	0.01366	0.00878	0.00790	0.08651	0.01616	0.61251	0.02355	0.02100	0.07978	0.00740	0.00556	0.00172	0.00464	0.00595	0.00645	0.00886
12	0.01740	0.01260	0.01455	0.01346	0.08200	0.01378	0.00987	0.22171	0.38500	0.13957	0.01889	0.01780	0.01370	0.00695	0.00559	0.00177	0.00509	0.00570	0.00554	0.00904
13	0.01076	0.00626	0.00686	0.04251	0.00894	0.00664	0.00513	0.04459	0.03987	0.02027	0.01778	0.04877	0.01460	0.03422	0.00543	0.00156	0.02525	0.00566	0.64945	0.00546
14	0.19637	0.01136	0.04670	0.00841	0.01148	0.07786	0.00704	0.11549	0.01360	0.04992	0.01335	0.01487	0.01025	0.00588	0.00425	0.00144	0.00457	0.00433	0.32560	0.07724

[dist]
# distance from previous block
# <min> <max>
2	9

[block]
# block no. 5 follows, 43 sequences, length 11
# corresponding to MSA columns:
# 244-254
name=unknown_F
#
# <colnr> <probs for GDERKNQSTAVLIFYWHMCP>
#	G	D	E	R	K	N	Q	S	T	A	V	L	I	F	Y	W	H	M	C	P
0	0.09371	0.35188	0.17800	0.08259	0.01762	0.01605	0.01172	0.01618	0.01151	0.04265	0.07232	0.01328	0.01102	0.00589	0.00530	0.00156	0.05461	0.00418	0.00295	0.00700
1	0.01448	0.36537	0.23105	0.02972	0.04273	0.04543	0.01251	0.01763	0.01203	0.10339	0.01142	0.04945	0.00951	0.00676	0.02513	0.00170	0.00672	0.00440	0.00307	0.00750
2	0.02430	0.01031	0.01340	0.01027	0.01458	0.00945	0.00849	0.13235	0.01733	0.66720	0.02061	0.01804	0.01309	0.00682	0.00557	0.00171	0.00491	0.00548	0.00666	0.00942
3	0.01154	0.00920	0.04356	0.20812	0.06384	0.00957	0.00947	0.08728	0.01253	0.01888	0.01413	0.03605	0.01156	0.02751	0.02337	0.02763	0.04299	0.00534	0.33135	0.00608
4	0.01459	0.00966	0.01323	0.08762	0.07892	0.00990	0.03522	0.17014	0.01542	0.15656	0.03944	0.17769	0.01936	0.03294	0.00675	0.00201	0.00522	0.08797	0.03025	0.00711
5	0.00744	0.00546	0.00697	0.00698	0.00813	0.00500	0.00509	0.00953	0.01416	0.01951	0.51586	0.21575	0.13354	0.01301	0.00666	0.00187	0.00277	0.01152	0.00577	0.00500
6	0.00805	0.00537	0.00604	0.00604	0.00604	0.00537	0.00336	0.00805	0.00805	0.01074	0.01745	0.03624	0.02013	0.80536	0.02819	0.00537	0.00537	0.00805	0.00336	0.00336
7	0.01347	0.15631	0.12587	0.19377	0.05494	0.05882	0.10673	0.09334	0.01317	0.01729	0.01069	0.03943	0.00881	0.00604	0.00608	0.00171	0.05884	0.00496	0.02258	0.00715
8	0.12707	0.19709	0.20016	0.01147	0.01591	0.06150	0.01150	0.03704	0.03392	0.10221	0.01110	0.01293	0.00876	0.02700	0.05414	0.00218	0.07131	0.00418	0.00328	0.00724
9	0.00717	0.00561	0.00660	0.00715	0.00852	0.00503	0.00550	0.00878	0.01232	0.01541	0.07154	0.22231	0.41363	0.01495	0.00691	0.00210	0.00340	0.17315	0.00517	0.00475
10	0.13110	0.01195	0.05754	0.10840	0.20347	0.01180	0.03097	0.06137	0.04395	0.06063	0.03670	0.03826	0.01136	0.02849	0.03614	0.00208	0.05015	0.00523	0.00353	0.06687

[dist]
# distance from previous block
# <min> <max>
0	1

[block]
# block no. 6 follows, 43 sequences, length 32
# corresponding to MSA columns:
# 256-287
name=unknown_G
#
# <colnr> <probs for GDERKNQSTAVLIFYWHMCP>
#	G	D	E	R	K	N	Q	S	T	A	V	L	I	F	Y	W	H	M	C	P
0	0.12525	0.03920	0.14568	0.04391	0.01473	0.00947	0.06234	0.01421	0.04520	0.03776	0.22422	0.06703	0.02232	0.00923	0.00730	0.09274	0.00506	0.00665	0.00403	0.02368
1	0.01251	0.01182	0.01941	0.31206	0.43169	0.01290	0.01566	0.01707	0.07969	0.01710	0.01130	0.01473	0.00899	0.00539	0.00552	0.00174	0.00668	0.00505	0.00290	0.00780
2	0.01776	0.01979	0.01426	0.01277	0.01579	0.43268	0.00976	0.07647	0.27101	0.01843	0.01566	0.01568	0.04238	0.00674	0.00532	0.00162	0.00749	0.00493	0.00409	0.00736
3	0.03456	0.15884	0.07674	0.01018	0.01442	0.01116	0.02920	0.03220	0.01389	0.31010	0.10920	0.01893	0.01607	0.00674	0.00541	0.00156	0.02073	0.02299	0.00482	0.10227
4	0.01048	0.00627	0.00812	0.00731	0.00915	0.00565	0.00561	0.01291	0.01543	0.14355	0.58258	0.03880	0.11077	0.01084	0.00638	0.00175	0.00297	0.00945	0.00613	0.00586
5	0.01982	0.01448	0.01558	0.01224	0.01640	0.01602	0.01002	0.59036	0.14532	0.06356	0.01525	0.01487	0.01091	0.00679	0.00553	0.00169	0.00569	0.00522	0.02101	0.00923
6	0.00962	0.00481	0.00722	0.00722	0.00722	0.00481	0.00481	0.00722	0.00722	0.00962	0.00962	0.01684	0.00962	0.01924	0.02165	0.83886	0.00481	0.00481	0.00241	0.00241
7	0.01378	0.01190	0.01252	0.01127	0.01440	0.01378	0.00877	0.02943	0.76081	0.02317	0.02254	0.02066	0.01691	0.00751	0.00564	0.00188	0.00438	0.00626	0.00564	0.00877
8	0.01450	0.01201	0.01274	0.01112	0.01435	0.01365	0.00874	0.15241	0.57378	0.02481	0.05154	0.02156	0.04834	0.00779	0.00569	0.00184	0.00454	0.00641	0.00562	0.00857
9	0.00767	0.00554	0.00740	0.00856	0.00938	0.00531	0.00661	0.00930	0.01158	0.01513	0.03155	0.42209	0.08683	0.03476	0.00777	0.00242	0.00402	0.31425	0.00508	0.00473
10	0.00669	0.00564	0.00581	0.00584	0.00766	0.00476	0.00442	0.00818	0.01276	0.01532	0.08493	0.05314	0.71139	0.01396	0.00659	0.00189	0.00288	0.03825	0.00518	0.00471
11	0.02087	0.01079	0.01309	0.01058	0.01450	0.01081	0.00856	0.09337	0.26152	0.46088	0.02130	0.01894	0.01437	0.00705	0.00559	0.00176	0.00473	0.00574	0.00634	0.00921
12	0.76702	0.01073	0.00867	0.00759	0.01110	0.01222	0.00625	0.03367	0.01026	0.07893	0.00885	0.00980	0.00663	0.00530	0.00363	0.00171	0.00436	0.00323	0.00372	0.00632
13	0.00818	0.00575	0.00805	0.00808	0.00897	0.00647	0.00608	0.00995	0.00915	0.01351	0.01591	0.04203	0.01522	0.13341	0.58018	0.00742	0.01196	0.00635	0.09857	0.00476
14	0.01489	0.01100	0.01215	0.01065	0.01378	0.01218	0.00835	0.05720	0.54412	0.12481	0.10762	0.02249	0.02022	0.00783	0.00573	0.00183	0.00430	0.00655	0.00585	0.00848
15	0.01163	0.01159	0.01826	0.28315	0.02397	0.01509	0.08001	0.01401	0.00979	0.01401	0.00851	0.01328	0.00741	0.00781	0.01277	0.00217	0.45281	0.00503	0.00247	0.00622
16	0.01040	0.00824	0.01285	0.42177	0.03874	0.00957	0.01094	0.05225	0.01089	0.01416	0.01346	0.08816	0.03700	0.01070	0.01011	0.23048	0.00606	0.00611	0.00296	0.00516
17	0.74458	0.04422	0.00968	0.04224	0.01229	0.01298	0.00671	0.04154	0.01015	0.02423	0.00800	0.00940	0.00622	0.00519	0.00360	0.00170	0.00455	0.00315	0.00341	0.00617
18	0.01413	0.43150	0.02408	0.04276	0.01691	0.11655	0.11018	0.01625	0.01190	0.01399	0.01098	0.08335	0.01063	0.00657	0.00544	0.00153	0.04955	0.02418	0.00282	0.00668
19	0.52229	0.01352	0.13395	0.00956	0.01336	0.01242	0.00903	0.03561	0.01055	0.06529	0.02075	0.01188	0.00802	0.03533	0.00620	0.00192	0.07651	0.00383	0.00345	0.00653
20	0.01233	0.06951	0.01407	0.10312	0.01580	0.11092	0.04011	0.01438	0.01133	0.06864	0.03600	0.01990	0.06742	0.03788	0.22674	0.00387	0.11280	0.00572	0.02349	0.00596
21	0.26923	0.01197	0.08003	0.01950	0.01391	0.01146	0.00892	0.05630	0.17792	0.14186	0.04575	0.03465	0.01452	0.00745	0.00539	0.00185	0.02054	0.06666	0.00471	0.00739
22	0.60437	0.01033	0.00952	0.00804	0.01171	0.01117	0.00663	0.01942	0.01131	0.24451	0.01185	0.01188	0.00826	0.00564	0.00405	0.00171	0.00441	0.00375	0.00443	0.00700
23	0.00685	0.00502	0.00644	0.00736	0.00799	0.00461	0.00503	0.00806	0.01146	0.01519	0.12021	0.61734	0.13164	0.01622	0.00694	0.00214	0.00309	0.01456	0.00525	0.00461
24	0.10314	0.01435	0.07330	0.09807	0.11463	0.04726	0.34630	0.03373	0.01254	0.01810	0.01203	0.07854	0.01029	0.00602	0.00584	0.00182	0.00763	0.00622	0.00306	0.00714
25	0.00882	0.00579	0.00766	0.00794	0.00916	0.00538	0.00603	0.01079	0.01334	0.07160	0.30185	0.29056	0.07881	0.01384	0.00684	0.00206	0.00343	0.14524	0.00561	0.00524
26	0.00821	0.00540	0.00619	0.00619	0.00635	0.00547	0.00366	0.00854	0.00837	0.01161	0.01730	0.03406	0.01925	0.69172	0.08207	0.00534	0.00587	0.00769	0.06314	0.00360
27	0.01132	0.01113	0.01988	0.38194	0.16140	0.01242	0.15743	0.01471	0.01151	0.01548	0.01189	0.08557	0.01046	0.00663	0.00677	0.00189	0.06383	0.00621	0.00282	0.00672
28	0.01265	0.01577	0.12412	0.23956	0.06638	0.06413	0.30742	0.01776	0.06453	0.01681	0.01122	0.01447	0.00846	0.00527	0.00587	0.00181	0.00819	0.00546	0.00284	0.00728
29	0.00882	0.00634	0.00878	0.01000	0.01130	0.00630	0.00872	0.01132	0.01274	0.01650	0.03047	0.06208	0.06353	0.01524	0.00760	0.00252	0.00500	0.70252	0.00510	0.00508
30	0.00742	0.00555	0.00724	0.07793	0.01035	0.00542	0.00563	0.00854	0.01083	0.01413	0.07735	0.40239	0.16603	0.12829	0.01043	0.03744	0.00385	0.01210	0.00459	0.00448
31	0.01040	0.00986	0.01838	0.05516	0.03967	0.00956	0.29952	0.03967	0.01254	0.01683	0.03334	0.30514	0.02202	0.01070	0.00674	0.00207	0.00623	0.09202	0.00404	0.00613

[dist]
# distance from previous block
# <min> <max>
3	9

[block]
# block no. 7 follows, 43 sequences, length 37
# corresponding to MSA columns:
# 298-334
name=unknown_H
#
# <colnr> <probs for GDERKNQSTAVLIFYWHMCP>
#	G	D	E	R	K	N	Q	S	T	A	V	L	I	F	Y	W	H	M	C	P
0	0.04065	0.10634	0.57395	0.01463	0.03263	0.06534	0.01739	0.01723	0.01180	0.01691	0.01054	0.04914	0.00845	0.00581	0.00510	0.00169	0.00768	0.00448	0.00255	0.00771
1	0.00989	0.00735	0.00996	0.00917	0.01098	0.00700	0.04880	0.07973	0.01344	0.04304	0.16450	0.39570	0.03101	0.01251	0.00658	0.00191	0.01539	0.02738	0.01811	0.08756
2	0.01891	0.07257	0.01633	0.01290	0.01637	0.32024	0.01023	0.26061	0.15772	0.02226	0.01262	0.01304	0.00970	0.00638	0.00551	0.00160	0.02640	0.00452	0.00420	0.00787
3	0.01334	0.01039	0.01210	0.00877	0.01360	0.00843	0.00707	0.09003	0.01325	0.06951	0.01098	0.01215	0.00869	0.00454	0.00434	0.00096	0.00434	0.00361	0.00375	0.70012
4	0.00828	0.00590	0.00727	0.00712	0.00731	0.00639	0.00459	0.00874	0.00824	0.01131	0.01631	0.03195	0.01812	0.60858	0.17306	0.00587	0.05645	0.00745	0.00322	0.00383
5	0.04386	0.01257	0.01318	0.01089	0.01434	0.03212	0.00873	0.33736	0.24183	0.06455	0.06755	0.01816	0.01505	0.00714	0.00539	0.00169	0.00497	0.00565	0.08662	0.00834
6	0.00849	0.00538	0.00608	0.00611	0.00685	0.00533	0.00408	0.00974	0.01015	0.01502	0.06424	0.06386	0.09342	0.35089	0.08278	0.00381	0.00489	0.00781	0.24676	0.00430
7	0.02034	0.01516	0.01622	0.01260	0.01690	0.01684	0.01035	0.68177	0.09777	0.03376	0.01420	0.01402	0.01015	0.00673	0.00555	0.00168	0.00593	0.00511	0.00555	0.00935
8	0.00784	0.00587	0.00619	0.00596	0.00797	0.00494	0.00452	0.00935	0.01299	0.06656	0.08795	0.05040	0.68328	0.01341	0.00648	0.00185	0.00292	0.01120	0.00530	0.00502
9	0.02344	0.00974	0.01281	0.01003	0.01417	0.00886	0.00822	0.02730	0.11063	0.67905	0.02194	0.01908	0.01412	0.00694	0.00558	0.00173	0.00467	0.00566	0.00670	0.00934
10	0.00849	0.00581	0.00701	0.00677	0.00838	0.00514	0.00505	0.01039	0.01386	0.07523	0.34378	0.14612	0.31785	0.01281	0.00654	0.00186	0.00292	0.01108	0.00567	0.00524
11	0.01190	0.01086	0.01680	0.44418	0.12460	0.01314	0.01394	0.07861	0.01246	0.01688	0.06093	0.01586	0.01075	0.00664	0.00770	0.00189	0.13791	0.00526	0.00300	0.00670
12	0.02431	0.00955	0.01284	0.00992	0.01415	0.00842	0.00817	0.02711	0.05234	0.73784	0.02188	0.01894	0.01387	0.00689	0.00557	0.00172	0.00470	0.00560	0.00680	0.00939
13	0.01181	0.00660	0.00675	0.00621	0.00794	0.00683	0.00479	0.11550	0.01362	0.02263	0.01741	0.01963	0.01353	0.00648	0.00410	0.00134	0.00307	0.00514	0.72087	0.00575
14	0.11849	0.01032	0.01253	0.00988	0.01390	0.00997	0.00811	0.11348	0.06214	0.52236	0.04776	0.01800	0.01396	0.00684	0.00536	0.00172	0.00473	0.00541	0.00619	0.00882
15	0.04072	0.01438	0.01555	0.01213	0.01628	0.01576	0.00994	0.63630	0.03821	0.07767	0.01479	0.05659	0.01122	0.00722	0.00557	0.00170	0.00578	0.00558	0.00555	0.00905
16	0.00763	0.00620	0.00684	0.00672	0.00844	0.00573	0.00501	0.01076	0.09030	0.01752	0.22554	0.11587	0.44739	0.01300	0.00650	0.00187	0.00296	0.01109	0.00543	0.00522
17	0.48515	0.08914	0.03693	0.06088	0.01390	0.01342	0.00819	0.04148	0.02927	0.04282	0.02487	0.01276	0.03701	0.00616	0.00535	0.00175	0.07704	0.00401	0.00347	0.00641
18	0.01884	0.06444	0.01582	0.01173	0.01543	0.06951	0.00965	0.50018	0.02127	0.05288	0.01393	0.01455	0.02786	0.00706	0.00625	0.02045	0.04457	0.00494	0.07235	0.00828
19	0.01106	0.00867	0.01159	0.01019	0.01204	0.02327	0.06364	0.08842	0.01311	0.04347	0.10916	0.27771	0.02381	0.01194	0.03426	0.00212	0.09903	0.00916	0.08053	0.06681
20	0.01401	0.04934	0.01220	0.01006	0.01296	0.05335	0.00801	0.11641	0.32086	0.06027	0.03858	0.02433	0.10001	0.00975	0.04163	0.00208	0.00514	0.03624	0.07727	0.00751
21	0.00888	0.00658	0.00808	0.00821	0.00912	0.00709	0.00589	0.01230	0.12652	0.01529	0.04298	0.24230	0.02386	0.20455	0.13365	0.00391	0.03157	0.04413	0.05998	0.00511
22	0.84448	0.01071	0.00814	0.00728	0.01071	0.01242	0.00600	0.01628	0.00943	0.02485	0.00771	0.00900	0.00600	0.00514	0.00343	0.00171	0.00428	0.00300	0.00343	0.00600
23	0.01260	0.01314	0.05626	0.15955	0.34991	0.01282	0.16304	0.01745	0.08133	0.01765	0.01260	0.03261	0.01045	0.00583	0.00581	0.00179	0.00703	0.02922	0.00308	0.00782
24	0.01255	0.01398	0.03009	0.02187	0.02698	0.01313	0.67262	0.01694	0.01296	0.01753	0.01315	0.04774	0.01105	0.00586	0.00663	0.00193	0.00882	0.05592	0.00304	0.00720
25	0.00675	0.00532	0.00611	0.00662	0.00784	0.00468	0.00475	0.00808	0.01200	0.01508	0.08513	0.34748	0.42267	0.01521	0.00678	0.00203	0.00301	0.03061	0.00519	0.00465
26	0.01212	0.01212	0.01696	0.01454	0.01454	0.01696	0.01212	0.01333	0.00848	0.01333	0.00727	0.01212	0.00727	0.00969	0.01818	0.00242	0.79523	0.00485	0.00242	0.00606
27	0.02085	0.00902	0.01190	0.00949	0.01312	0.00816	0.00769	0.05992	0.04022	0.56243	0.14256	0.05225	0.02072	0.00799	0.00578	0.00174	0.00437	0.00667	0.00656	0.00854
28	0.01766	0.00927	0.01213	0.01015	0.01327	0.00894	0.03609	0.12481	0.05808	0.35113	0.04052	0.18004	0.01959	0.00941	0.00595	0.00185	0.00463	0.04290	0.04578	0.00779
29	0.01130	0.00740	0.00879	0.00777	0.00990	0.00716	0.00603	0.09841	0.04677	0.09909	0.40882	0.03553	0.15539	0.01028	0.00611	0.00173	0.00333	0.00877	0.06123	0.00619
30	0.00796	0.00677	0.02570	0.03233	0.00959	0.00600	0.00558	0.01077	0.06854	0.02714	0.19980	0.09049	0.41097	0.06426	0.00784	0.00209	0.00338	0.01045	0.00514	0.00520
31	0.01338	0.01293	0.02129	0.13382	0.63104	0.02796	0.01642	0.01686	0.02546	0.01748	0.01046	0.01387	0.00867	0.00517	0.00573	0.00169	0.02178	0.00493	0.00275	0.00833
32	0.01246	0.01108	0.01480	0.09529	0.11636	0.04206	0.01111	0.06769	0.03643	0.01706	0.01198	0.01695	0.01047	0.01057	0.07363	0.00253	0.28834	0.03497	0.11970	0.00652
33	0.61468	0.04937	0.01018	0.03393	0.01234	0.01196	0.00694	0.01758	0.01068	0.13459	0.01091	0.01321	0.00848	0.00588	0.00402	0.00173	0.00457	0.03850	0.00393	0.00652
34	0.00802	0.00586	0.00739	0.00757	0.00788	0.00617	0.00510	0.00888	0.01002	0.01388	0.10789	0.31425	0.02843	0.32118	0.01619	0.00339	0.08195	0.01069	0.03097	0.00431
35	0.19511	0.21116	0.19569	0.01205	0.01666	0.09334	0.06549	0.01659	0.01143	0.01720	0.01139	0.02892	0.04486	0.00605	0.00537	0.00164	0.05298	0.00436	0.00287	0.00684
36	0.01750	0.01185	0.01319	0.02979	0.01440	0.01269	0.00849	0.43249	0.03794	0.11195	0.03285	0.02089	0.05504	0.13625	0.00922	0.00228	0.00544	0.00606	0.03384	0.00785

[dist]
# distance from previous block
# <min> <max>
0	1

[block]
# block no. 8 follows, 43 sequences, length 58
# corresponding to MSA columns:
# 336-393
name=unknown_I
#
# <colnr> <probs for GDERKNQSTAVLIFYWHMCP>
#	G	D	E	R	K	N	Q	S	T	A	V	L	I	F	Y	W	H	M	C	P
0	0.02046	0.04325	0.01627	0.01380	0.01701	0.57275	0.01066	0.19016	0.01783	0.01846	0.00961	0.01076	0.00766	0.00598	0.00534	0.00149	0.02404	0.00390	0.00345	0.00712
1	0.00748	0.00536	0.00674	0.00762	0.00839	0.00502	0.00524	0.00919	0.04402	0.03374	0.03369	0.63863	0.14190	0.01617	0.00689	0.00216	0.00324	0.01448	0.00521	0.00484
2	0.01285	0.00981	0.01196	0.04766	0.01436	0.00830	0.00743	0.01571	0.03875	0.10305	0.01344	0.01456	0.04039	0.00529	0.00518	0.00113	0.04282	0.00415	0.00376	0.59941
3	0.00768	0.00559	0.00723	0.00696	0.00821	0.00514	0.00517	0.01010	0.01510	0.02117	0.67041	0.10673	0.08581	0.01197	0.00658	0.00179	0.00267	0.01059	0.00597	0.00514
4	0.03383	0.00907	0.01130	0.01051	0.01312	0.00923	0.00891	0.17000	0.03122	0.16771	0.04858	0.04095	0.02344	0.01133	0.00663	0.00214	0.00512	0.38443	0.00554	0.00694
5	0.02069	0.02640	0.01569	0.01427	0.01712	0.78313	0.01070	0.02212	0.01569	0.01355	0.00856	0.00999	0.00713	0.00571	0.00499	0.00143	0.00999	0.00357	0.00285	0.00642
6	0.02056	0.01463	0.01579	0.01220	0.01644	0.01607	0.01004	0.66571	0.03963	0.06999	0.01414	0.01408	0.01002	0.00667	0.00546	0.00165	0.00582	0.00505	0.04688	0.00919
7	0.00672	0.00534	0.00605	0.00654	0.00781	0.00467	0.00470	0.00802	0.01196	0.01490	0.06564	0.32974	0.45967	0.01521	0.00677	0.00202	0.00301	0.03144	0.00517	0.00464
8	0.00723	0.00541	0.00676	0.00748	0.00830	0.00509	0.00520	0.00923	0.04821	0.01595	0.14876	0.54118	0.13968	0.01547	0.00684	0.00210	0.00312	0.01383	0.00531	0.00484
9	0.01502	0.78010	0.02853	0.00965	0.01432	0.04974	0.00952	0.01679	0.01142	0.01305	0.00773	0.00892	0.00711	0.00477	0.00361	0.00119	0.00607	0.00298	0.00239	0.00708
10	0.00869	0.00620	0.00861	0.00987	0.01102	0.00616	0.00843	0.01103	0.01244	0.01621	0.02922	0.13735	0.03213	0.03070	0.00799	0.00257	0.00491	0.64640	0.00507	0.00500
11	0.00791	0.00593	0.00890	0.00890	0.00989	0.00692	0.00692	0.00989	0.00890	0.01286	0.01483	0.02176	0.01385	0.04154	0.78341	0.00890	0.01483	0.00593	0.00297	0.00494
12	0.01167	0.00621	0.00653	0.00613	0.00777	0.00629	0.00468	0.07701	0.01298	0.05264	0.01842	0.05798	0.01486	0.00702	0.00424	0.00139	0.00300	0.00568	0.68983	0.00567
13	0.01170	0.01056	0.01665	0.55205	0.13253	0.01245	0.01434	0.06621	0.05384	0.01651	0.01197	0.01583	0.02652	0.00622	0.00600	0.02494	0.00684	0.00516	0.00295	0.00674
14	0.01041	0.00536	0.00542	0.00534	0.00663	0.00539	0.00397	0.02622	0.01170	0.02042	0.01795	0.02128	0.01440	0.04567	0.00510	0.00150	0.00278	0.00530	0.78001	0.00515
15	0.20589	0.02555	0.04973	0.04081	0.01455	0.11647	0.02921	0.08730	0.04635	0.09502	0.01598	0.05867	0.03427	0.00821	0.00590	0.03629	0.00572	0.08296	0.03449	0.00663
16	0.03821	0.01192	0.01250	0.08936	0.04842	0.09885	0.00893	0.24801	0.01607	0.02215	0.01408	0.04584	0.01177	0.04474	0.09656	0.00260	0.00681	0.00544	0.17091	0.00681
17	0.00774	0.00532	0.00655	0.00719	0.00794	0.00491	0.00491	0.00872	0.01082	0.04335	0.03270	0.45645	0.17406	0.15998	0.01079	0.00274	0.00366	0.04275	0.00488	0.00454
18	0.03376	0.01339	0.01385	0.04594	0.02563	0.10505	0.03155	0.34011	0.04447	0.02449	0.03732	0.12870	0.06705	0.00846	0.00569	0.00172	0.00575	0.00693	0.02562	0.03453
19	0.01268	0.29974	0.46914	0.01343	0.01998	0.01612	0.01605	0.01718	0.01147	0.02894	0.00925	0.01086	0.00718	0.00530	0.00524	0.00158	0.04195	0.00376	0.00243	0.00774
20	0.02485	0.00943	0.01285	0.00985	0.01414	0.00814	0.00814	0.02699	0.01585	0.77465	0.02185	0.01885	0.01371	0.00685	0.00557	0.00171	0.00471	0.00557	0.00685	0.00943
21	0.01407	0.03932	0.05662	0.18341	0.32872	0.14171	0.01455	0.04979	0.01296	0.01663	0.01011	0.01339	0.00830	0.00735	0.04583	0.00205	0.04028	0.00465	0.00279	0.00748
22	0.01190	0.01219	0.03458	0.36291	0.05738	0.03571	0.27052	0.01559	0.01202	0.03485	0.01224	0.07865	0.01031	0.00628	0.00620	0.00187	0.02085	0.00632	0.00293	0.00670
23	0.00833	0.00547	0.00711	0.00744	0.00827	0.00579	0.00545	0.01010	0.01029	0.01558	0.03598	0.25765	0.02172	0.05097	0.26969	0.00433	0.02181	0.00882	0.24039	0.00484
24	0.00805	0.00537	0.00604	0.00604	0.00604	0.00537	0.00336	0.00805	0.00805	0.01074	0.01745	0.03624	0.02013	0.80536	0.02819	0.00537	0.00537	0.00805	0.00336	0.00336
25	0.02887	0.21355	0.05652	0.06018	0.06049	0.13753	0.01123	0.03077	0.01139	0.01449	0.00992	0.05039	0.00926	0.00981	0.06966	0.00232	0.20959	0.00473	0.00275	0.00655
26	0.06598	0.02673	0.69257	0.01503	0.02268	0.01287	0.01900	0.01798	0.04449	0.01827	0.01035	0.01191	0.00738	0.00535	0.00516	0.00176	0.00776	0.00412	0.00256	0.00807
27	0.00877	0.00642	0.00863	0.00971	0.01105	0.00638	0.00832	0.01158	0.03765	0.01653	0.03153	0.09582	0.09700	0.01502	0.00746	0.00245	0.00478	0.61061	0.00512	0.00516
28	0.01320	0.01310	0.06991	0.04557	0.03702	0.05859	0.00945	0.09698	0.21220	0.02042	0.02912	0.03898	0.05567	0.00670	0.00541	0.00151	0.01882	0.00542	0.00419	0.25774
29	0.01204	0.09190	0.32385	0.12246	0.02605	0.01421	0.25215	0.01682	0.01183	0.01649	0.00997	0.01292	0.00753	0.00532	0.00629	0.00179	0.05348	0.00493	0.00251	0.00746
30	0.01192	0.01133	0.01925	0.45169	0.36711	0.01269	0.01611	0.01543	0.01176	0.01592	0.01010	0.01429	0.00801	0.00527	0.00551	0.00176	0.00702	0.00493	0.00259	0.00733
31	0.01608	0.63940	0.02614	0.01051	0.01484	0.18664	0.00974	0.01778	0.01221	0.01314	0.00789	0.00912	0.00711	0.00495	0.00387	0.00124	0.00680	0.00309	0.00247	0.00696
32	0.00843	0.03043	0.00818	0.00813	0.00915	0.00640	0.00579	0.06370	0.04154	0.01690	0.11080	0.58391	0.05546	0.01504	0.00672	0.00209	0.00347	0.01345	0.00521	0.00519
33	0.00686	0.00562	0.00605	0.00594	0.00767	0.00481	0.00446	0.00856	0.01337	0.01673	0.22946	0.05039	0.59412	0.01337	0.00654	0.00184	0.00276	0.01128	0.00538	0.00481
34	0.01444	0.01223	0.01290	0.01140	0.01465	0.01408	0.00893	0.09515	0.69401	0.02423	0.02170	0.01999	0.01623	0.00744	0.00563	0.00186	0.00454	0.00615	0.00563	0.00883
35	0.00962	0.00481	0.00722	0.00722	0.00722	0.00481	0.00481	0.00722	0.00722	0.00962	0.00962	0.01684	0.00962	0.01924	0.02165	0.83886	0.00481	0.00481	0.00241	0.00241
36	0.02069	0.02640	0.01569	0.01427	0.01712	0.78313	0.01070	0.02212	0.01569	0.01355	0.00856	0.00999	0.00713	0.00571	0.00499	0.00143	0.00999	0.00357	0.00285	0.00642
37	0.01415	0.01152	0.01228	0.01098	0.01413	0.01311	0.00856	0.02849	0.68957	0.06654	0.02375	0.02178	0.04479	0.00772	0.00567	0.00187	0.00434	0.00642	0.00569	0.00865
38	0.00746	0.00547	0.00708	0.00808	0.00895	0.00516	0.00611	0.00898	0.01158	0.01504	0.04575	0.41104	0.15070	0.04551	0.00795	0.00239	0.00381	0.23918	0.00508	0.00468
39	0.00658	0.00559	0.00567	0.00569	0.00751	0.00468	0.00425	0.00799	0.01263	0.01509	0.06989	0.07203	0.73549	0.01406	0.00656	0.00188	0.00281	0.01176	0.00516	0.00468
40	0.06433	0.01057	0.01319	0.01021	0.01439	0.01004	0.00841	0.16813	0.01752	0.56982	0.04185	0.01795	0.01364	0.00686	0.00549	0.00170	0.00490	0.00546	0.00640	0.00913
41	0.70843	0.01231	0.07850	0.00826	0.01203	0.01236	0.00744	0.04297	0.01016	0.02400	0.00819	0.00968	0.00635	0.00571	0.00433	0.03176	0.00472	0.00324	0.00337	0.00619
42	0.00835	0.00627	0.00858	0.00863	0.00958	0.00694	0.00647	0.04593	0.01028	0.01424	0.02054	0.21227	0.05684	0.07891	0.44881	0.00617	0.03382	0.00865	0.00374	0.00498
43	0.01290	0.05806	0.51174	0.01511	0.04201	0.01343	0.03933	0.13753	0.01414	0.02027	0.01168	0.01481	0.00898	0.00598	0.00535	0.00174	0.00739	0.04057	0.03090	0.00808
44	0.01168	0.01110	0.01789	0.46255	0.18292	0.03552	0.06548	0.01566	0.04091	0.01594	0.01164	0.01671	0.00935	0.00585	0.00558	0.00179	0.00700	0.03227	0.04337	0.00680
45	0.01648	0.01210	0.01359	0.03444	0.01489	0.03236	0.02163	0.40553	0.01927	0.06284	0.01744	0.10814	0.04453	0.02014	0.02324	0.00194	0.04027	0.00658	0.08252	0.02206
46	0.11645	0.44955	0.02197	0.01049	0.01442	0.14778	0.00937	0.08605	0.01298	0.01660	0.00859	0.01005	0.00743	0.00654	0.03059	0.00164	0.03620	0.00343	0.00290	0.00696
47	0.01633	0.01278	0.01427	0.01072	0.01522	0.01266	0.00876	0.38593	0.01871	0.02637	0.01149	0.01242	0.00878	0.00559	0.00533	0.00130	0.03349	0.00420	0.00439	0.39127
48	0.02631	0.04188	0.01429	0.04795	0.08647	0.05226	0.02557	0.15871	0.02618	0.01879	0.01947	0.11635	0.11407	0.01261	0.08716	0.00261	0.13164	0.00714	0.00392	0.00663
49	0.02332	0.05995	0.49146	0.05370	0.06461	0.01188	0.01671	0.01588	0.01178	0.01702	0.02494	0.03806	0.01225	0.00731	0.00585	0.01487	0.00717	0.11297	0.00292	0.00735
50	0.02105	0.01179	0.01368	0.01070	0.01467	0.01211	0.00877	0.34847	0.05621	0.32724	0.01767	0.01666	0.01201	0.00675	0.00538	0.00165	0.00508	0.00530	0.09587	0.00893
51	0.00703	0.00508	0.00650	0.00753	0.00805	0.00475	0.00517	0.00807	0.01073	0.01408	0.03175	0.59131	0.10935	0.09439	0.00914	0.00254	0.00353	0.07157	0.00496	0.00445
52	0.01316	0.01224	0.01787	0.09204	0.07166	0.06880	0.18563	0.14270	0.01425	0.01892	0.01522	0.11382	0.02639	0.03392	0.06455	0.00247	0.04312	0.02043	0.03603	0.00677
53	0.00738	0.00561	0.00690	0.00767	0.00870	0.00527	0.00563	0.00942	0.04612	0.01540	0.06135	0.43637	0.22557	0.01553	0.00694	0.00216	0.00342	0.12051	0.00519	0.00485
54	0.00774	0.00533	0.00655	0.00684	0.00706	0.00540	0.00429	0.00825	0.00876	0.01183	0.02004	0.20850	0.02296	0.51299	0.13495	0.00518	0.00628	0.00949	0.00371	0.00385
55	0.01436	0.01152	0.01566	0.04125	0.04747	0.01212	0.11336	0.32224	0.03858	0.02431	0.07702	0.19899	0.01935	0.02917	0.00668	0.00194	0.00561	0.00820	0.00483	0.00736
56	0.01377	0.08200	0.13515	0.10182	0.05783	0.08761	0.17040	0.11443	0.01415	0.01857	0.03344	0.06294	0.01140	0.00662	0.00616	0.00176	0.04093	0.01754	0.01623	0.00724
57	0.00860	0.00616	0.00835	0.00944	0.01058	0.00609	0.00796	0.01078	0.01220	0.01583	0.02978	0.09755	0.07157	0.08738	0.00943	0.00275	0.00490	0.59080	0.00495	0.00489

[dist]
# distance from previous block
# <min> <max>
0	4

[block]
# block no. 9 follows, 43 sequences, length 68
# corresponding to MSA columns:
# 398-465
name=unknown_J
#
# <colnr> <probs for GDERKNQSTAVLIFYWHMCP>
#	G	D	E	R	K	N	Q	S	T	A	V	L	I	F	Y	W	H	M	C	P
0	0.51059	0.11511	0.01242	0.00900	0.01242	0.16026	0.00741	0.04564	0.01160	0.02138	0.00858	0.00989	0.00688	0.00532	0.00384	0.00157	0.00557	0.00328	0.04292	0.00631
1	0.00781	0.00615	0.03146	0.00729	0.00804	0.00550	0.00515	0.00908	0.02465	0.01352	0.02588	0.30298	0.09087	0.32521	0.03431	0.00356	0.00458	0.05391	0.03571	0.00434
2	0.02831	0.03433	0.09732	0.08774	0.07272	0.03867	0.12659	0.25178	0.03946	0.02324	0.07700	0.01610	0.01258	0.00641	0.00607	0.00173	0.03642	0.00547	0.03028	0.00779
3	0.01148	0.00984	0.01148	0.00820	0.01312	0.00738	0.00656	0.01395	0.01148	0.01805	0.00984	0.01148	0.00820	0.00410	0.00410	0.00082	0.00410	0.00328	0.00328	0.83922
4	0.01997	0.09624	0.01683	0.01372	0.01678	0.67692	0.01053	0.03716	0.03638	0.01422	0.00897	0.01026	0.00745	0.00569	0.00489	0.00142	0.00938	0.00362	0.00294	0.00661
5	0.02854	0.00837	0.04441	0.00737	0.00958	0.00800	0.00616	0.12159	0.01351	0.02214	0.01598	0.01826	0.01249	0.00716	0.02084	0.00156	0.03366	0.00497	0.57729	0.03812
6	0.00815	0.00593	0.00665	0.00671	0.00706	0.02446	0.00419	0.00861	0.00885	0.01162	0.02046	0.08954	0.07129	0.57527	0.12373	0.00527	0.00639	0.00846	0.00354	0.00381
7	0.01378	0.01190	0.01252	0.01127	0.01440	0.01378	0.00877	0.02943	0.76081	0.02317	0.02254	0.02066	0.01691	0.00751	0.00564	0.00188	0.00438	0.00626	0.00564	0.00877
8	0.00778	0.00529	0.00627	0.00652	0.00664	0.00527	0.00390	0.00808	0.00861	0.01153	0.01995	0.18961	0.02313	0.60734	0.06287	0.00492	0.00542	0.00949	0.00370	0.00367
9	0.01500	0.01216	0.01284	0.01115	0.01441	0.01387	0.00878	0.17330	0.56206	0.02535	0.02038	0.01918	0.01522	0.00727	0.00550	0.00179	0.00460	0.00593	0.06256	0.00865
10	0.02082	0.01540	0.01649	0.01270	0.01709	0.01707	0.01047	0.72963	0.04913	0.03454	0.01359	0.01353	0.00965	0.00668	0.00554	0.00167	0.00604	0.00503	0.00554	0.00940
11	0.00720	0.00556	0.00659	0.00660	0.00802	0.00494	0.00491	0.00911	0.01369	0.01802	0.35753	0.14130	0.34668	0.01332	0.00664	0.00188	0.00285	0.03471	0.00555	0.00490
12	0.01004	0.00752	0.00851	0.00803	0.01011	0.00752	0.00613	0.01563	0.21704	0.06676	0.20368	0.11016	0.26706	0.01153	0.00631	0.00189	0.00340	0.02687	0.00560	0.00621
13	0.02310	0.01165	0.01416	0.01092	0.01521	0.01151	0.00900	0.28063	0.04757	0.48768	0.01889	0.01698	0.01233	0.00681	0.00556	0.00170	0.00518	0.00539	0.00635	0.00940
14	0.02359	0.01005	0.01305	0.01007	0.01418	0.00922	0.00824	0.12268	0.01686	0.64183	0.02051	0.01889	0.01343	0.04275	0.00658	0.00187	0.00493	0.00560	0.00652	0.00915
15	0.00996	0.00524	0.00549	0.00543	0.00672	0.00517	0.00407	0.01254	0.01221	0.02088	0.12831	0.02369	0.01979	0.00717	0.00426	0.00136	0.00259	0.00588	0.71408	0.00517
16	0.08187	0.00951	0.01215	0.00957	0.01359	0.00867	0.00784	0.02549	0.06680	0.63279	0.02252	0.01991	0.04933	0.00712	0.00547	0.00173	0.00457	0.00572	0.00644	0.00891
17	0.10298	0.07159	0.05217	0.01420	0.06102	0.48643	0.01082	0.04428	0.07661	0.01660	0.00991	0.01111	0.00799	0.00570	0.00486	0.00151	0.00827	0.00385	0.00317	0.00693
18	0.00719	0.00547	0.00774	0.00843	0.00920	0.00509	0.03890	0.00848	0.01106	0.01456	0.03177	0.64312	0.09810	0.01633	0.00705	0.00222	0.00360	0.07197	0.00503	0.00470
19	0.02418	0.01050	0.01352	0.01037	0.01468	0.00974	0.00856	0.15542	0.01766	0.64368	0.02034	0.01787	0.01295	0.00682	0.00556	0.00170	0.00496	0.00547	0.00662	0.00942
20	0.01232	0.00685	0.00871	0.00771	0.00986	0.00620	0.00593	0.03678	0.01502	0.21276	0.37546	0.09377	0.14529	0.02965	0.00681	0.00188	0.00339	0.00936	0.00600	0.00625
