[name]
unknown

[dist]
# distance from previous block
# <min> <max>
0	143

[block]
# block no. 0 follows, 46 sequences, length 19
# corresponding to MSA columns:
# 143-161
name=unknown_A
#
# <colnr> <probs for GDERKNQSTAVLIFYWHMCP>
#	G	D	E	R	K	N	Q	S	T	A	V	L	I	F	Y	W	H	M	C	P
0	0.01035	0.00747	0.00968	0.01012	0.01181	0.00772	0.00876	0.13019	0.01418	0.01859	0.02557	0.05220	0.02703	0.01330	0.00698	0.00230	0.00502	0.62827	0.00493	0.00552
1	0.01793	0.01319	0.01432	0.01140	0.01501	0.01448	0.00923	0.64380	0.02252	0.03018	0.01530	0.13913	0.01311	0.00796	0.00552	0.00168	0.00538	0.00639	0.00523	0.00825
2	0.20226	0.00944	0.01076	0.00870	0.01218	0.03217	0.00708	0.04484	0.01407	0.46513	0.12242	0.01850	0.01626	0.00674	0.00498	0.00163	0.00432	0.00529	0.00557	0.00764
3	0.01047	0.00990	0.01674	0.67966	0.15441	0.01187	0.01493	0.01394	0.01080	0.01410	0.00948	0.01393	0.00726	0.00519	0.00528	0.00173	0.00693	0.00470	0.00239	0.00627
4	0.00703	0.00497	0.00638	0.00724	0.00795	0.00462	0.00509	0.00815	0.01058	0.03128	0.03196	0.57171	0.15097	0.04175	0.02713	0.00235	0.00352	0.06805	0.00484	0.00445
5	0.00735	0.00523	0.00702	0.00799	0.00868	0.00504	0.00603	0.00888	0.01114	0.01485	0.10433	0.41983	0.03381	0.07211	0.00832	0.00241	0.00377	0.26388	0.00487	0.00448
6	0.01171	0.01131	0.01849	0.41554	0.38967	0.03263	0.01530	0.01500	0.01138	0.01528	0.00962	0.01349	0.00767	0.00502	0.00525	0.00166	0.00675	0.00467	0.00249	0.00707
7	0.01224	0.01207	0.02165	0.21640	0.48213	0.01249	0.13401	0.01568	0.01175	0.01631	0.00993	0.01351	0.00800	0.00481	0.00541	0.00165	0.00688	0.00495	0.00256	0.00757
8	0.01062	0.00719	0.00859	0.00752	0.00958	0.00693	0.00585	0.13026	0.01602	0.08581	0.46201	0.03551	0.17279	0.01021	0.00601	0.00167	0.00322	0.00873	0.00563	0.00586
9	0.00667	0.00477	0.00634	0.00721	0.00772	0.00444	0.00492	0.00793	0.01117	0.01517	0.19156	0.64358	0.03820	0.01531	0.00664	0.00204	0.00294	0.01384	0.00511	0.00444
10	0.01344	0.01714	0.18016	0.05218	0.37470	0.10358	0.12690	0.01717	0.01230	0.03773	0.01004	0.01262	0.00787	0.00489	0.00529	0.00161	0.00735	0.00464	0.00266	0.00774
11	0.01074	0.02655	0.74575	0.01600	0.06358	0.01229	0.01935	0.01671	0.01121	0.01677	0.00951	0.01126	0.00679	0.00501	0.00503	0.00167	0.00773	0.00395	0.00225	0.00784
12	0.01158	0.01536	0.16505	0.18042	0.06916	0.01302	0.37075	0.01582	0.01147	0.01588	0.00986	0.01337	0.00751	0.00513	0.00666	0.00179	0.07244	0.00528	0.00249	0.00696
13	0.01130	0.04062	0.54411	0.01834	0.14292	0.01278	0.09077	0.01650	0.01130	0.01659	0.00953	0.01172	0.00710	0.00508	0.00563	0.00168	0.03970	0.00427	0.00234	0.00773
14	0.01299	0.03901	0.27887	0.01514	0.03537	0.01228	0.18531	0.06086	0.03303	0.09053	0.02753	0.03557	0.00981	0.00592	0.00648	0.00169	0.08179	0.00511	0.00323	0.05948
15	0.01602	0.01148	0.03209	0.01469	0.05893	0.02396	0.24729	0.08100	0.01383	0.26026	0.01543	0.06955	0.01208	0.04955	0.00674	0.00183	0.00615	0.00609	0.00432	0.06873
16	0.01275	0.05018	0.06519	0.10014	0.14724	0.04164	0.11185	0.01785	0.14222	0.05937	0.01401	0.02661	0.03752	0.00587	0.00569	0.00159	0.03932	0.00515	0.00342	0.11240
17	0.01333	0.04106	0.07573	0.04546	0.04336	0.05005	0.16349	0.04549	0.03793	0.13778	0.01672	0.14688	0.04004	0.03205	0.00708	0.00186	0.06037	0.00693	0.00387	0.03052
18	0.15679	0.08130	0.08263	0.03643	0.04014	0.01306	0.23633	0.04469	0.01136	0.04065	0.01051	0.05470	0.00888	0.00598	0.00657	0.00171	0.10696	0.00510	0.00301	0.05319

[dist]
# distance from previous block
# <min> <max>
10	32

[block]
# block no. 1 follows, 46 sequences, length 10
# corresponding to MSA columns:
# 194-203
name=unknown_B
#
# <colnr> <probs for GDERKNQSTAVLIFYWHMCP>
#	G	D	E	R	K	N	Q	S	T	A	V	L	I	F	Y	W	H	M	C	P
0	0.05372	0.16394	0.06479	0.01088	0.01524	0.03048	0.04610	0.19986	0.15121	0.02130	0.01194	0.01253	0.00923	0.00538	0.00459	0.00138	0.00537	0.00418	0.00382	0.18405
1	0.01381	0.04833	0.02609	0.00994	0.01316	0.06267	0.00808	0.16786	0.10516	0.06792	0.04546	0.09098	0.03807	0.00841	0.03251	0.00174	0.05316	0.00576	0.00424	0.19665
2	0.07712	0.01347	0.01389	0.03844	0.10652	0.13022	0.00945	0.21162	0.07257	0.08911	0.01386	0.04093	0.03240	0.00617	0.00495	0.00149	0.00566	0.00486	0.00414	0.12313
3	0.17576	0.01374	0.16812	0.09457	0.01717	0.01138	0.01065	0.10182	0.07737	0.12185	0.03542	0.03278	0.01053	0.00607	0.00522	0.00163	0.03246	0.00465	0.00388	0.07495
4	0.04449	0.03356	0.01395	0.13199	0.08236	0.01079	0.00952	0.17981	0.01539	0.20915	0.09387	0.01658	0.01363	0.00614	0.00509	0.00152	0.00506	0.00506	0.00454	0.11753
5	0.01850	0.01176	0.01419	0.03203	0.01560	0.03143	0.04305	0.26020	0.06461	0.27491	0.01501	0.01458	0.01041	0.00587	0.00507	0.00147	0.00519	0.00474	0.00504	0.16632
6	0.11717	0.01101	0.01253	0.01092	0.05713	0.01149	0.00816	0.30523	0.03524	0.17676	0.03123	0.04044	0.01235	0.09960	0.00755	0.00200	0.00501	0.00535	0.00481	0.04601
7	0.01041	0.00929	0.01382	0.24576	0.15648	0.00955	0.03768	0.06226	0.01254	0.01679	0.07034	0.02412	0.17700	0.00739	0.00546	0.00161	0.00523	0.02398	0.00354	0.10675
8	0.01918	0.02410	0.06626	0.01354	0.01678	0.64833	0.01081	0.10964	0.01591	0.01563	0.00880	0.01002	0.00706	0.00553	0.00485	0.00141	0.00897	0.00360	0.00300	0.00658
9	0.00986	0.00835	0.00972	0.00748	0.01131	0.00641	0.00583	0.01192	0.01099	0.01643	0.01701	0.11026	0.10330	0.00654	0.00453	0.00106	0.00367	0.00550	0.00355	0.64626

[dist]
# distance from previous block
# <min> <max>
0	1

[block]
# block no. 2 follows, 46 sequences, length 10
# corresponding to MSA columns:
# 205-214
name=unknown_C
#
# <colnr> <probs for GDERKNQSTAVLIFYWHMCP>
#	G	D	E	R	K	N	Q	S	T	A	V	L	I	F	Y	W	H	M	C	P
0	0.07597	0.58271	0.02414	0.01012	0.01414	0.06119	0.03445	0.06088	0.01156	0.01472	0.00780	0.00921	0.00689	0.00504	0.00466	0.00131	0.06268	0.00322	0.00256	0.00674
1	0.00642	0.00467	0.00606	0.00717	0.00762	0.00431	0.00482	0.00738	0.01031	0.01357	0.03147	0.73823	0.10599	0.01626	0.00670	0.00211	0.00303	0.01466	0.00491	0.00431
2	0.00701	0.06420	0.00772	0.00748	0.00810	0.00551	0.00521	0.00798	0.01017	0.01342	0.02754	0.75193	0.03290	0.01568	0.00650	0.00207	0.00326	0.01413	0.00471	0.00448
3	0.10685	0.34446	0.06488	0.01027	0.01403	0.22818	0.00924	0.01744	0.01200	0.06086	0.01030	0.01130	0.03080	0.00540	0.00434	0.00136	0.02224	0.00357	0.03594	0.00652
4	0.04404	0.59054	0.10019	0.00992	0.01462	0.04640	0.00999	0.05718	0.01190	0.06086	0.00869	0.00959	0.00724	0.00484	0.00382	0.00127	0.00589	0.00321	0.00273	0.00708
5	0.15731	0.29039	0.22880	0.01296	0.01818	0.01546	0.15463	0.01615	0.01081	0.01641	0.00855	0.01041	0.00682	0.00484	0.00474	0.00152	0.02877	0.00382	0.00251	0.00692
6	0.03372	0.48105	0.15260	0.01139	0.01631	0.08422	0.06077	0.04014	0.01190	0.05191	0.00882	0.01000	0.00720	0.00484	0.00412	0.00134	0.00648	0.00347	0.00265	0.00708
7	0.03486	0.39605	0.16844	0.01086	0.01551	0.04408	0.03401	0.09252	0.01249	0.01623	0.02694	0.01301	0.04989	0.00647	0.02535	0.00158	0.02268	0.00407	0.00287	0.02210
8	0.01307	0.33773	0.31487	0.01176	0.01733	0.03263	0.03020	0.01727	0.05053	0.05961	0.03016	0.01170	0.00880	0.00513	0.00442	0.00142	0.00635	0.00383	0.00281	0.04038
9	0.05299	0.11175	0.34120	0.01216	0.01775	0.03135	0.05996	0.03847	0.01182	0.04229	0.04171	0.03823	0.00992	0.00543	0.00473	0.00145	0.00622	0.00438	0.00296	0.16523

[dist]
# distance from previous block
# <min> <max>
15	42

[block]
# block no. 3 follows, 46 sequences, length 14
# corresponding to MSA columns:
# 257-270
name=unknown_D
#
# <colnr> <probs for GDERKNQSTAVLIFYWHMCP>
#	G	D	E	R	K	N	Q	S	T	A	V	L	I	F	Y	W	H	M	C	P
0	0.04129	0.21876	0.14054	0.01303	0.08227	0.14659	0.01113	0.08566	0.05222	0.05252	0.02906	0.01219	0.00917	0.00593	0.01622	0.00154	0.01922	0.00400	0.01932	0.03935
1	0.02717	0.00941	0.03330	0.00940	0.01208	0.03502	0.02017	0.06899	0.13862	0.18890	0.26416	0.04786	0.02691	0.00896	0.00582	0.00176	0.00423	0.08497	0.00544	0.00684
2	0.00984	0.02539	0.00995	0.00862	0.01040	0.05929	0.05451	0.01297	0.07937	0.05441	0.35924	0.13572	0.07702	0.07036	0.00757	0.00198	0.00397	0.00896	0.00496	0.00547
3	0.01335	0.01223	0.08035	0.01061	0.01451	0.01089	0.04470	0.26456	0.07631	0.02276	0.07391	0.09653	0.04092	0.00723	0.00524	0.00150	0.00491	0.00608	0.00438	0.20902
4	0.07022	0.01151	0.08011	0.02157	0.01477	0.01044	0.07265	0.11666	0.15987	0.15291	0.11465	0.08767	0.01802	0.00753	0.00543	0.00169	0.00488	0.00647	0.00482	0.03813
5	0.01581	0.01375	0.06470	0.01086	0.01443	0.05586	0.00916	0.43823	0.08509	0.02554	0.01924	0.04162	0.11522	0.05797	0.00677	0.00186	0.00547	0.00607	0.00476	0.00759
6	0.01724	0.13343	0.01733	0.01536	0.13068	0.46921	0.01065	0.07026	0.01435	0.01496	0.00979	0.05417	0.00874	0.00588	0.00479	0.00142	0.00788	0.00425	0.00294	0.00666
7	0.01597	0.01451	0.01671	0.09065	0.08117	0.16904	0.08595	0.17913	0.01510	0.08437	0.03212	0.01351	0.00949	0.00612	0.00670	0.00163	0.10547	0.00472	0.02176	0.04588
8	0.01293	0.01241	0.02119	0.06975	0.74510	0.01252	0.01615	0.01609	0.01197	0.01709	0.00992	0.01313	0.00831	0.00474	0.00524	0.00158	0.00632	0.00471	0.00260	0.00825
9	0.01768	0.01255	0.01399	0.01154	0.03525	0.01352	0.00904	0.49020	0.09756	0.09430	0.01540	0.06859	0.01225	0.04494	0.00636	0.00179	0.00526	0.00570	0.00513	0.03895
10	0.01290	0.01198	0.01943	0.05669	0.62928	0.01211	0.01464	0.07126	0.01294	0.01807	0.01393	0.01639	0.07560	0.00561	0.00533	0.00160	0.00596	0.00528	0.00301	0.00799
11	0.01253	0.01237	0.01890	0.13276	0.56366	0.06394	0.01458	0.01545	0.01204	0.01622	0.01346	0.01620	0.07364	0.00558	0.00530	0.00160	0.00630	0.00517	0.00278	0.00755
12	0.01365	0.01364	0.02091	0.03085	0.71618	0.07893	0.01571	0.01664	0.01229	0.01690	0.00979	0.01278	0.00824	0.00477	0.00519	0.00155	0.00656	0.00460	0.00263	0.00818
13	0.01442	0.01418	0.01917	0.06899	0.52063	0.11660	0.01428	0.08271	0.06426	0.01821	0.01069	0.01308	0.00867	0.00515	0.00519	0.00157	0.00657	0.00463	0.00303	0.00799

[dist]
# distance from previous block
# <min> <max>
6	19

[block]
# block no. 4 follows, 46 sequences, length 20
# corresponding to MSA columns:
# 290-309
name=unknown_E
#
# <colnr> <probs for GDERKNQSTAVLIFYWHMCP>
#	G	D	E	R	K	N	Q	S	T	A	V	L	I	F	Y	W	H	M	C	P
0	0.08986	0.10711	0.05879	0.06933	0.12129	0.07275	0.01016	0.09830	0.09934	0.04598	0.02509	0.04349	0.03632	0.00621	0.00483	0.00152	0.00552	0.01439	0.00363	0.08610
1	0.07405	0.13152	0.01951	0.06599	0.46676	0.05213	0.01300	0.01576	0.01155	0.02788	0.01089	0.01397	0.02925	0.03960	0.00575	0.00167	0.00606	0.00454	0.00275	0.00738
2	0.09352	0.15571	0.04862	0.02897	0.10881	0.10670	0.00956	0.06431	0.03242	0.10735	0.11593	0.03723	0.01467	0.00645	0.00515	0.00153	0.02747	0.00502	0.00381	0.02677
3	0.03908	0.08786	0.41741	0.01478	0.10222	0.01193	0.03905	0.04077	0.01211	0.05214	0.05324	0.01651	0.07832	0.00608	0.00508	0.00162	0.00643	0.00497	0.00305	0.00735
4	0.01330	0.04982	0.17244	0.02090	0.31905	0.08749	0.06104	0.06654	0.06326	0.01760	0.01238	0.01477	0.03605	0.00586	0.00556	0.02065	0.00668	0.01600	0.00301	0.00761
5	0.05086	0.04071	0.07341	0.01133	0.01559	0.01358	0.03659	0.42078	0.05908	0.02593	0.01261	0.03933	0.00995	0.03108	0.00567	0.00160	0.00551	0.00485	0.00437	0.13718
6	0.06315	0.00619	0.00754	0.00753	0.00878	0.00605	0.00541	0.06081	0.01174	0.08459	0.10395	0.40657	0.07291	0.05223	0.00832	0.07020	0.00358	0.01069	0.00478	0.00499
7	0.01491	0.63569	0.07006	0.01005	0.01459	0.08230	0.00984	0.08295	0.01237	0.01459	0.00802	0.00910	0.00698	0.00479	0.00377	0.00122	0.00611	0.00311	0.00257	0.00699
8	0.03958	0.01578	0.30401	0.01209	0.04099	0.01030	0.01209	0.13127	0.01353	0.08371	0.07431	0.12138	0.01572	0.01057	0.07565	0.00234	0.00652	0.01927	0.00385	0.00703
9	0.01046	0.05143	0.01035	0.00983	0.07858	0.02455	0.00686	0.07344	0.09810	0.05282	0.08050	0.08834	0.32753	0.03659	0.00649	0.00184	0.00396	0.02768	0.00468	0.00597
10	0.00669	0.00478	0.00641	0.00753	0.00798	0.00450	0.00523	0.00785	0.01061	0.01419	0.07680	0.69465	0.03551	0.01602	0.00676	0.00214	0.00319	0.07980	0.00496	0.00439
11	0.01231	0.08975	0.56855	0.01544	0.07571	0.01355	0.01719	0.11425	0.01298	0.01859	0.00976	0.01128	0.00712	0.00513	0.00494	0.00161	0.00726	0.00399	0.00266	0.00792
12	0.04278	0.16216	0.08555	0.04676	0.04910	0.15526	0.07120	0.09410	0.09303	0.13203	0.01217	0.01281	0.00906	0.00554	0.00485	0.00152	0.00654	0.00435	0.00369	0.00749
13	0.00675	0.00483	0.00631	0.00733	0.00780	0.00455	0.00506	0.00780	0.01036	0.01374	0.05379	0.62361	0.06764	0.07806	0.00832	0.00237	0.00335	0.07922	0.00480	0.00429
14	0.04992	0.01313	0.04865	0.01106	0.01472	0.02604	0.00929	0.48181	0.03955	0.07957	0.04708	0.07446	0.01315	0.00933	0.05557	0.00208	0.00595	0.00573	0.00495	0.00795
15	0.00855	0.00664	0.00789	0.00785	0.00932	0.04098	0.03677	0.00997	0.01158	0.06319	0.03527	0.33040	0.29840	0.03378	0.00692	0.00203	0.00377	0.07705	0.00477	0.00488
16	0.08465	0.23735	0.10215	0.01216	0.05151	0.16887	0.04213	0.03988	0.03262	0.01535	0.00968	0.01276	0.00847	0.07744	0.00715	0.00179	0.05744	0.00406	0.02809	0.00644
17	0.10391	0.07524	0.01252	0.03391	0.05799	0.06727	0.00777	0.06063	0.02319	0.20140	0.15898	0.02065	0.07103	0.00704	0.00502	0.00152	0.00462	0.00566	0.00459	0.07707
18	0.01469	0.12255	0.14842	0.02711	0.13046	0.18862	0.01221	0.11164	0.05858	0.01741	0.01193	0.01330	0.04297	0.00593	0.00566	0.00155	0.05769	0.00438	0.00312	0.02177
19	0.04447	0.01569	0.16553	0.01202	0.01655	0.03891	0.04497	0.32011	0.03785	0.04393	0.04348	0.01413	0.01044	0.03226	0.00615	0.00166	0.03109	0.00469	0.00404	0.11204

[dist]
# distance from previous block
# <min> <max>
4	29

[block]
# block no. 5 follows, 46 sequences, length 35
# corresponding to MSA columns:
# 340-374
name=unknown_F
#
# <colnr> <probs for GDERKNQSTAVLIFYWHMCP>
#	G	D	E	R	K	N	Q	S	T	A	V	L	I	F	Y	W	H	M	C	P
0	0.04703	0.06112	0.03227	0.04016	0.48735	0.02905	0.01350	0.02954	0.08893	0.01771	0.01227	0.01687	0.01063	0.00579	0.00518	0.00162	0.00587	0.06383	0.00313	0.02816
1	0.03162	0.07682	0.05703	0.01505	0.05395	0.02789	0.24827	0.03523	0.01260	0.15503	0.06957	0.02884	0.01221	0.00611	0.00666	0.00166	0.09085	0.00548	0.00366	0.06148
2	0.12928	0.05860	0.01305	0.08981	0.01469	0.01134	0.06090	0.15766	0.01321	0.02040	0.04907	0.04775	0.01219	0.00879	0.05707	0.00206	0.06914	0.00521	0.17355	0.00622
3	0.04077	0.03157	0.03449	0.09040	0.03998	0.01205	0.00946	0.18540	0.22462	0.11750	0.03837	0.01805	0.02198	0.00664	0.00520	0.00163	0.00501	0.03351	0.00468	0.07869
4	0.01461	0.01083	0.01313	0.11445	0.01663	0.01129	0.02238	0.26223	0.10101	0.08363	0.05367	0.04218	0.01320	0.05545	0.00647	0.00173	0.00509	0.00542	0.00446	0.16216
5	0.01749	0.01359	0.06070	0.01109	0.01493	0.02945	0.00940	0.49256	0.01985	0.08798	0.01341	0.01526	0.01024	0.07374	0.05028	0.00222	0.00616	0.00495	0.02220	0.04452
6	0.00704	0.00545	0.00643	0.00626	0.00769	0.00489	0.00466	0.00922	0.02763	0.01804	0.43513	0.08801	0.33619	0.01209	0.00625	0.00174	0.00263	0.01044	0.00540	0.00480
7	0.00645	0.00469	0.00613	0.00723	0.00767	0.00436	0.00488	0.00743	0.01024	0.01353	0.03074	0.73126	0.09396	0.01686	0.02536	0.00227	0.00330	0.01450	0.00486	0.00432
8	0.06445	0.01539	0.16943	0.02642	0.05224	0.01268	0.25653	0.12154	0.09031	0.06041	0.01358	0.02909	0.02542	0.00592	0.00569	0.00174	0.01841	0.01965	0.00358	0.00753
9	0.00767	0.00550	0.00679	0.00641	0.00788	0.00494	0.00483	0.00986	0.01423	0.04290	0.57231	0.04170	0.23272	0.01133	0.00621	0.00169	0.00260	0.00983	0.00561	0.00498
10	0.01397	0.67112	0.10791	0.01031	0.01513	0.05618	0.03357	0.01621	0.01104	0.01306	0.00772	0.00899	0.00681	0.00462	0.00372	0.00122	0.00617	0.00307	0.00229	0.00687
11	0.01286	0.00999	0.01206	0.00874	0.01337	0.00813	0.02700	0.08318	0.01261	0.08009	0.01065	0.01177	0.00836	0.00436	0.00422	0.00095	0.00427	0.00354	0.00359	0.68026
12	0.01272	0.01215	0.02056	0.12381	0.67364	0.01248	0.01585	0.01619	0.03027	0.01694	0.01016	0.01337	0.00840	0.00484	0.00524	0.00160	0.00632	0.00474	0.00265	0.00807
13	0.00897	0.07160	0.01082	0.00896	0.00981	0.00920	0.00703	0.01033	0.00870	0.01236	0.01377	0.04385	0.01399	0.18487	0.34683	0.00538	0.16541	0.03601	0.02732	0.00479
14	0.00644	0.00460	0.00613	0.00736	0.00767	0.00429	0.00491	0.00736	0.01012	0.01350	0.02914	0.81076	0.03497	0.01656	0.00675	0.00215	0.00307	0.01503	0.00491	0.00429
15	0.01623	0.01816	0.01670	0.18245	0.19288	0.38774	0.01249	0.08160	0.01424	0.01577	0.00921	0.01156	0.00740	0.00532	0.00502	0.00151	0.00796	0.00408	0.00284	0.00682
16	0.07083	0.00837	0.01073	0.00862	0.01211	0.00733	0.00691	0.02016	0.01349	0.48969	0.05735	0.12205	0.01661	0.00761	0.00523	0.00159	0.00410	0.00635	0.00561	0.12526
17	0.04321	0.06281	0.65989	0.01586	0.08261	0.01269	0.01824	0.01661	0.01113	0.01685	0.00934	0.01109	0.00680	0.00497	0.00490	0.00164	0.00745	0.00388	0.00230	0.00773
18	0.01776	0.07150	0.07702	0.01304	0.01625	0.58393	0.01066	0.04290	0.04527	0.01427	0.00962	0.01178	0.00807	0.00670	0.02792	0.00164	0.00884	0.02353	0.00290	0.00641
19	0.01060	0.02735	0.78682	0.01507	0.02288	0.01228	0.01953	0.01674	0.01116	0.01674	0.00949	0.01116	0.00670	0.00502	0.00502	0.00167	0.00781	0.00391	0.00223	0.00781
20	0.00676	0.00483	0.00650	0.00773	0.00817	0.00457	0.00546	0.00791	0.01044	0.01385	0.02896	0.69550	0.03427	0.01626	0.00683	0.00219	0.00334	0.12714	0.00490	0.00438
21	0.01012	0.00953	0.01600	0.72530	0.09024	0.01162	0.01453	0.01356	0.01072	0.01380	0.01054	0.01494	0.02641	0.00545	0.00531	0.00175	0.00688	0.00486	0.00243	0.00602
22	0.01003	0.00935	0.01567	0.65620	0.11333	0.01124	0.01406	0.01330	0.01069	0.01391	0.01103	0.07770	0.00942	0.00613	0.00540	0.00177	0.00665	0.00553	0.00258	0.00601
23	0.00666	0.00559	0.00583	0.00586	0.00763	0.00486	0.00449	0.00853	0.03566	0.01486	0.07534	0.05012	0.68056	0.01319	0.00629	0.00182	0.00287	0.06027	0.00495	0.00463
24	0.00767	0.00520	0.00613	0.00613	0.00625	0.00532	0.00365	0.00792	0.00779	0.01052	0.01633	0.03277	0.01843	0.71205	0.12799	0.00557	0.00632	0.00742	0.00315	0.00340
25	0.85155	0.01022	0.00777	0.00695	0.01022	0.01186	0.00573	0.01554	0.00900	0.02372	0.00736	0.00859	0.00573	0.00491	0.00327	0.00164	0.00409	0.00286	0.00327	0.00573
26	0.02024	0.01458	0.01573	0.01206	0.01628	0.01606	0.00996	0.73531	0.02448	0.06214	0.01301	0.01290	0.00915	0.00635	0.00529	0.00159	0.00577	0.00478	0.00534	0.00899
27	0.01290	0.03730	0.02125	0.08623	0.70463	0.01276	0.01589	0.01602	0.01189	0.01685	0.00982	0.01301	0.00823	0.00475	0.00518	0.00157	0.00632	0.00465	0.00259	0.00815
28	0.01019	0.00600	0.00794	0.00711	0.00883	0.00545	0.00545	0.01261	0.01499	0.14873	0.65193	0.03590	0.04374	0.01010	0.00608	0.00166	0.00283	0.00885	0.00594	0.00566
29	0.00735	0.00542	0.00691	0.00674	0.00802	0.00498	0.00513	0.00963	0.01417	0.01954	0.59214	0.06874	0.15044	0.01166	0.00634	0.00176	0.00273	0.06784	0.00559	0.00488
30	0.01494	0.11081	0.01857	0.16090	0.22120	0.19188	0.01256	0.11226	0.01361	0.01672	0.00924	0.01174	0.00755	0.00553	0.00589	0.00157	0.07087	0.00419	0.00287	0.00709
31	0.02032	0.01445	0.01565	0.01200	0.01622	0.01587	0.00991	0.71880	0.02427	0.07895	0.01319	0.01301	0.00924	0.00636	0.00529	0.00159	0.00574	0.00479	0.00536	0.00899
32	0.00846	0.00533	0.00642	0.00638	0.00682	0.00519	0.00400	0.00902	0.00924	0.05891	0.09570	0.14373	0.02402	0.54969	0.04153	0.00423	0.00478	0.00872	0.00390	0.00393
33	0.04485	0.02665	0.75510	0.01474	0.02237	0.01226	0.01897	0.01669	0.01107	0.01703	0.00940	0.01106	0.00666	0.00502	0.00495	0.00167	0.00766	0.00386	0.00227	0.00773
34	0.01621	0.01641	0.01732	0.14510	0.25577	0.25090	0.01275	0.18679	0.01561	0.01899	0.00994	0.01208	0.00783	0.00540	0.00511	0.00154	0.00729	0.00432	0.00321	0.00743

[dist]
# distance from previous block
# <min> <max>
9	20

[block]
# block no. 6 follows, 46 sequences, length 117
# corresponding to MSA columns:
# 395-511
name=unknown_G
#
# <colnr> <probs for GDERKNQSTAVLIFYWHMCP>
#	G	D	E	R	K	N	Q	S	T	A	V	L	I	F	Y	W	H	M	C	P
0	0.44476	0.00941	0.00920	0.03256	0.01153	0.01029	0.00653	0.07935	0.03765	0.10941	0.18234	0.01745	0.01709	0.00662	0.00447	0.00165	0.00402	0.00496	0.00442	0.00630
1	0.11199	0.01161	0.01256	0.08228	0.01539	0.08026	0.00868	0.18573	0.03299	0.24269	0.08457	0.01760	0.04249	0.00688	0.00566	0.00165	0.03946	0.00528	0.00484	0.00740
2	0.01008	0.00949	0.01399	0.01191	0.01300	0.01167	0.06980	0.01184	0.00972	0.01433	0.10058	0.04868	0.04696	0.01396	0.13537	0.00305	0.41122	0.00608	0.00309	0.05519
3	0.01569	0.01733	0.01402	0.05898	0.01564	0.39011	0.00985	0.08341	0.03293	0.01503	0.03455	0.03198	0.02943	0.00781	0.00851	0.05869	0.16231	0.00465	0.00309	0.00598
4	0.01094	0.00910	0.01098	0.00930	0.01165	0.00945	0.00735	0.10812	0.03911	0.02666	0.02008	0.16862	0.12637	0.00925	0.00780	0.00165	0.16847	0.00720	0.00396	0.24393
5	0.06039	0.01002	0.01573	0.58481	0.12681	0.01198	0.01377	0.01531	0.08060	0.01538	0.01046	0.01416	0.00797	0.00536	0.00517	0.00173	0.00651	0.00471	0.00272	0.00641
6	0.01240	0.01174	0.01990	0.12517	0.63793	0.01202	0.01551	0.01554	0.01187	0.01671	0.01110	0.01635	0.00970	0.00545	0.00538	0.00165	0.00628	0.05475	0.00274	0.00783
7	0.01346	0.01142	0.01255	0.01193	0.05900	0.01300	0.00878	0.08116	0.63857	0.02259	0.03811	0.01928	0.01590	0.00703	0.00535	0.00175	0.00435	0.00588	0.02161	0.00827
8	0.00702	0.00522	0.00622	0.00646	0.00761	0.00481	0.00473	0.00860	0.01175	0.01561	0.18982	0.20822	0.30073	0.05616	0.05389	0.00241	0.00363	0.04815	0.05443	0.00453
9	0.00645	0.00469	0.00610	0.00722	0.00767	0.00433	0.00488	0.00743	0.01032	0.01360	0.03131	0.73201	0.10151	0.01625	0.00671	0.00212	0.00306	0.02512	0.00491	0.00432
10	0.00783	0.00552	0.00693	0.00651	0.00796	0.00499	0.00491	0.01009	0.01443	0.04718	0.61614	0.04085	0.18463	0.01114	0.00620	0.00168	0.00260	0.00971	0.00568	0.00503
11	0.01638	0.01254	0.01341	0.01098	0.01444	0.01400	0.00884	0.42113	0.28795	0.02795	0.06129	0.01712	0.01416	0.00689	0.00530	0.00165	0.00487	0.00548	0.04730	0.00833
12	0.01125	0.00953	0.01108	0.00800	0.01260	0.00738	0.00639	0.04385	0.01151	0.01782	0.00988	0.02526	0.00836	0.00424	0.00402	0.00084	0.00398	0.00341	0.00325	0.79734
13	0.01493	0.01123	0.01325	0.01182	0.05382	0.01204	0.00905	0.38504	0.01780	0.04240	0.01644	0.15606	0.01545	0.00884	0.00643	0.00175	0.05901	0.07946	0.00468	0.08052
14	0.12885	0.25576	0.25544	0.01160	0.01687	0.03413	0.02632	0.16624	0.01367	0.03262	0.00939	0.01046	0.00719	0.00515	0.00438	0.00148	0.00627	0.00367	0.00309	0.00743
15	0.01218	0.02977	0.01393	0.01212	0.01299	0.16419	0.00970	0.01379	0.02779	0.01283	0.01002	0.04244	0.00976	0.04768	0.15294	0.00331	0.41122	0.00507	0.00269	0.00558
16	0.00918	0.00459	0.00689	0.00689	0.00689	0.00459	0.00459	0.00689	0.00689	0.00918	0.00918	0.01607	0.00918	0.01837	0.02066	0.84619	0.00459	0.00459	0.00230	0.00230
17	0.01181	0.00943	0.01103	0.00816	0.01251	0.00754	0.00650	0.06496	0.01203	0.04955	0.01141	0.06468	0.00993	0.00503	0.00426	0.00096	0.00401	0.00413	0.00354	0.69853
18	0.01050	0.00949	0.01531	0.65235	0.05739	0.01105	0.01345	0.01382	0.01077	0.02994	0.00965	0.01372	0.00732	0.00511	0.00510	0.00162	0.00655	0.00450	0.00255	0.11983
19	0.00911	0.00467	0.00677	0.00674	0.00691	0.00464	0.00456	0.00746	0.00771	0.01070	0.06167	0.01789	0.01222	0.01704	0.01856	0.73283	0.00431	0.00495	0.05861	0.00265
20	0.01390	0.76404	0.07897	0.00945	0.01420	0.02033	0.00975	0.01589	0.01077	0.01273	0.00749	0.00866	0.00678	0.00456	0.00350	0.00117	0.00580	0.00290	0.00226	0.00685
21	0.45663	0.06503	0.01278	0.08425	0.11551	0.04051	0.00875	0.07800	0.01144	0.05730	0.00903	0.01062	0.00698	0.00532	0.00432	0.01497	0.00512	0.00359	0.00332	0.00654
22	0.12526	0.01393	0.01460	0.01137	0.01543	0.01544	0.00937	0.62150	0.04725	0.05522	0.01256	0.01257	0.00894	0.00620	0.00504	0.00160	0.00550	0.00458	0.00508	0.00856
23	0.00699	0.00500	0.00645	0.00731	0.00786	0.00474	0.00515	0.00812	0.01048	0.01387	0.07298	0.48576	0.08173	0.13425	0.00976	0.00258	0.00359	0.12438	0.00470	0.00427
24	0.02004	0.01469	0.01550	0.01201	0.01614	0.04007	0.00987	0.67309	0.05067	0.07409	0.01332	0.01314	0.00941	0.00636	0.00528	0.00159	0.00580	0.00479	0.00528	0.00888
25	0.00852	0.00608	0.00852	0.00974	0.01095	0.00608	0.00852	0.01095	0.01217	0.01582	0.02799	0.05963	0.03042	0.01460	0.00730	0.00243	0.00487	0.74565	0.00487	0.00487
26	0.01129	0.19197	0.58609	0.01371	0.02057	0.01389	0.03382	0.01634	0.01122	0.01598	0.03310	0.01156	0.00809	0.00509	0.00475	0.00156	0.00722	0.00391	0.00236	0.00749
27	0.00718	0.00489	0.00602	0.00662	0.00696	0.00474	0.00427	0.00796	0.00941	0.01291	0.04206	0.41701	0.04102	0.30052	0.04485	0.00338	0.00418	0.01116	0.06088	0.00399
28	0.00669	0.00489	0.00630	0.00702	0.00772	0.00450	0.00489	0.00805	0.01148	0.01540	0.20468	0.53785	0.11929	0.01486	0.00658	0.00200	0.00292	0.02527	0.00512	0.00448
29	0.01095	0.07887	0.64601	0.01452	0.02121	0.01332	0.01790	0.01621	0.01078	0.01598	0.00905	0.01103	0.00673	0.00548	0.00634	0.00171	0.10024	0.00392	0.00224	0.00751
30	0.01383	0.01135	0.01193	0.01054	0.01349	0.03235	0.00831	0.14345	0.50168	0.04141	0.04129	0.04039	0.05146	0.00797	0.00554	0.00178	0.00449	0.04557	0.00528	0.00788
31	0.01271	0.01202	0.02010	0.15311	0.61932	0.01236	0.01551	0.03504	0.01210	0.01709	0.00991	0.01317	0.00816	0.00482	0.00520	0.00158	0.00632	0.00466	0.00266	0.03418
32	0.06034	0.55330	0.04314	0.01012	0.01433	0.15160	0.00942	0.07751	0.01253	0.01494	0.00798	0.00908	0.00691	0.00486	0.00382	0.00125	0.00630	0.00311	0.00264	0.00682
33	0.76710	0.03215	0.00890	0.00748	0.01068	0.02762	0.00619	0.03088	0.00945	0.02303	0.00747	0.00879	0.00588	0.00509	0.00383	0.00164	0.03177	0.00297	0.00324	0.00583
34	0.00847	0.00737	0.00940	0.00893	0.01028	0.06257	0.06386	0.01021	0.01086	0.01428	0.09422	0.22777	0.10948	0.05594	0.22956	0.00389	0.00716	0.03542	0.02550	0.00484
35	0.01540	0.01729	0.01550	0.01348	0.01548	0.36238	0.06091	0.05451	0.03223	0.01476	0.01019	0.01448	0.00908	0.00820	0.03329	0.00197	0.23783	0.04805	0.02882	0.00614
36	0.00860	0.05859	0.01007	0.00864	0.00974	0.00836	0.00672	0.01093	0.05359	0.01261	0.01402	0.02126	0.01340	0.14347	0.53428	0.00673	0.06540	0.00572	0.00296	0.00493
37	0.00765	0.00513	0.00586	0.00589	0.00593	0.00515	0.00335	0.00773	0.00777	0.01039	0.01688	0.05313	0.01942	0.77051	0.05036	0.00516	0.00536	0.00780	0.00323	0.00328
38	0.01016	0.00957	0.01617	0.75817	0.07838	0.01179	0.01477	0.01366	0.01065	0.01372	0.00943	0.01404	0.00712	0.00525	0.00528	0.00175	0.00700	0.00470	0.00236	0.00601
39	0.00755	0.00565	0.00845	0.00845	0.00938	0.00658	0.00655	0.00941	0.00848	0.01224	0.01420	0.02101	0.01332	0.05334	0.77971	0.00844	0.01400	0.00570	0.00284	0.00469
40	0.00977	0.00721	0.00863	0.00803	0.00989	0.00736	0.00619	0.01553	0.21999	0.05689	0.44546	0.05151	0.07029	0.01008	0.00603	0.00176	0.00320	0.05051	0.00562	0.00605
41	0.01029	0.00963	0.01379	0.01199	0.01251	0.01260	0.03495	0.01164	0.00837	0.01264	0.00973	0.01599	0.00963	0.09475	0.19420	0.00394	0.49874	0.00518	0.00255	0.02689
42	0.01748	0.11966	0.01624	0.01120	0.01506	0.01573	0.00933	0.52162	0.11167	0.02779	0.01465	0.05804	0.02402	0.00689	0.00515	0.00159	0.00539	0.00533	0.00487	0.00829
43	0.01660	0.02480	0.01425	0.01059	0.01488	0.01203	0.03326	0.36996	0.03416	0.10180	0.01286	0.03229	0.00974	0.00574	0.00487	0.00134	0.00505	0.00457	0.00456	0.28664
44	0.01927	0.06161	0.01603	0.01166	0.01583	0.01584	0.00969	0.62055	0.07160	0.06664	0.01326	0.01311	0.00949	0.00625	0.00515	0.00156	0.00560	0.00472	0.00513	0.02700
45	0.00809	0.00569	0.00827	0.00815	0.00923	0.00639	0.00633	0.01007	0.00948	0.03415	0.09507	0.02262	0.01710	0.03409	0.65067	0.00724	0.01210	0.00603	0.04438	0.00487
46	0.06415	0.09382	0.08829	0.05889	0.05775	0.02802	0.06185	0.29073	0.01734	0.05053	0.03360	0.06426	0.02589	0.00775	0.00584	0.00191	0.00636	0.03029	0.00453	0.00820
47	0.01249	0.01365	0.08644	0.01749	0.02109	0.01328	0.38288	0.01577	0.01106	0.06729	0.01076	0.03409	0.00880	0.00754	0.03542	0.00215	0.24447	0.00571	0.00285	0.00676
48	0.03308	0.00841	0.01090	0.00877	0.01200	0.00772	0.00709	0.07021	0.03113	0.48296	0.24112	0.02378	0.02348	0.00776	0.00555	0.00164	0.00399	0.00649	0.00617	0.00776
49	0.01248	0.01426	0.03119	0.02228	0.02763	0.01337	0.76203	0.01693	0.01248	0.01693	0.01070	0.01426	0.00802	0.00446	0.00624	0.00178	0.00891	0.00624	0.00267	0.00713
50	0.01170	0.04687	0.20850	0.32833	0.19960	0.01266	0.01549	0.07111	0.01215	0.01662	0.01042	0.01340	0.01987	0.00527	0.00515	0.00166	0.00684	0.00454	0.00264	0.00717
51	0.03560	0.00916	0.03208	0.06305	0.01476	0.00809	0.02744	0.04167	0.01407	0.53951	0.02083	0.12252	0.03131	0.00780	0.00550	0.00172	0.00467	0.00661	0.00570	0.00793
52	0.00768	0.00516	0.00595	0.00595	0.00601	0.00523	0.00343	0.00781	0.00774	0.01039	0.01649	0.03366	0.01881	0.76190	0.07866	0.00535	0.00574	0.00755	0.00318	0.00331
53	0.01108	0.02557	0.69648	0.02965	0.02323	0.01223	0.07395	0.01694	0.01135	0.03715	0.00988	0.01163	0.00697	0.00503	0.00512	0.00168	0.00779	0.00413	0.00238	0.00776
54	0.05439	0.01110	0.06477	0.01003	0.01424	0.00957	0.00874	0.14837	0.01625	0.54184	0.05220	0.01723	0.01332	0.00653	0.00525	0.00163	0.00484	0.00522	0.00588	0.00861
55	0.02181	0.00853	0.01158	0.00908	0.01279	0.00752	0.00745	0.02387	0.01444	0.68751	0.02019	0.01828	0.01312	0.00876	0.05843	0.00208	0.00503	0.00532	0.05574	0.00847
56	0.01306	0.01249	0.02168	0.04595	0.54437	0.01248	0.13590	0.06638	0.01311	0.01844	0.05564	0.01483	0.01078	0.00515	0.00546	0.00162	0.00647	0.00525	0.00299	0.00796
57	0.02267	0.01091	0.01329	0.01024	0.01433	0.02828	0.00843	0.22137	0.01771	0.56762	0.01840	0.01639	0.01185	0.00647	0.00530	0.00162	0.00497	0.00512	0.00612	0.00893
58	0.01288	0.00798	0.00920	0.00799	0.01062	0.00764	0.00636	0.12830	0.05854	0.19050	0.09488	0.05309	0.33159	0.01036	0.00591	0.00175	0.00376	0.04678	0.00543	0.00645
59	0.01411	0.01580	0.01582	0.01380	0.01464	0.25752	0.01115	0.01533	0.01024	0.01279	0.00732	0.01093	0.00690	0.00807	0.01344	0.00202	0.55755	0.00425	0.00244	0.00589
60	0.01433	0.78910	0.02725	0.00921	0.01367	0.04849	0.00909	0.01602	0.01089	0.01246	0.00738	0.00852	0.00679	0.00456	0.00344	0.00114	0.00579	0.00285	0.00228	0.00676
61	0.00711	0.00538	0.00658	0.00693	0.00800	0.00476	0.00476	0.00819	0.01028	0.01375	0.02926	0.50520	0.14991	0.09842	0.00843	0.00223	0.00333	0.01213	0.00450	0.11085
62	0.01975	0.02520	0.01498	0.01362	0.01634	0.79299	0.01021	0.02111	0.01498	0.01294	0.00817	0.00953	0.00681	0.00545	0.00477	0.00136	0.00953	0.00340	0.00272	0.00613
63	0.41859	0.01019	0.01086	0.00979	0.05746	0.01065	0.00744	0.06308	0.03197	0.31239	0.01330	0.01294	0.00913	0.00566	0.00433	0.00163	0.00448	0.00409	0.00464	0.00738
64	0.00648	0.00536	0.00568	0.00560	0.00728	0.00456	0.00420	0.00804	0.01261	0.01560	0.19174	0.04871	0.64008	0.01290	0.00625	0.00176	0.00264	0.01085	0.00508	0.00456
65	0.05197	0.00875	0.01169	0.00910	0.01293	0.00769	0.00747	0.02412	0.01490	0.69598	0.08162	0.01940	0.01580	0.00683	0.00532	0.00164	0.00432	0.00557	0.00637	0.00856
66	0.03759	0.04334	0.01503	0.01160	0.01540	0.11422	0.00954	0.47717	0.02060	0.12782	0.01392	0.01592	0.01055	0.00672	0.00525	0.00161	0.00601	0.05458	0.00495	0.00820
67	0.00656	0.00532	0.00582	0.00579	0.00736	0.00458	0.00431	0.00816	0.01265	0.01592	0.22907	0.09299	0.55711	0.01295	0.00627	0.00178	0.00266	0.01100	0.00513	0.00458
68	0.00653	0.00467	0.00621	0.00730	0.00769	0.00435	0.00491	0.00759	0.01054	0.01416	0.09337	0.74464	0.03624	0.01607	0.00670	0.00211	0.00302	0.01456	0.00499	0.00435
69	0.10195	0.00861	0.02394	0.00917	0.01132	0.05988	0.05676	0.01345	0.01182	0.14604	0.04031	0.31197	0.10478	0.01123	0.00591	0.00189	0.00442	0.06616	0.00468	0.00570
70	0.01195	0.01095	0.01555	0.01518	0.11509	0.05791	0.06124	0.01386	0.00984	0.05912	0.01041	0.01466	0.00923	0.01605	0.22045	0.00373	0.34085	0.00499	0.00279	0.00614
71	0.01095	0.01076	0.01476	0.06538	0.01480	0.04610	0.02602	0.01250	0.00872	0.01277	0.00880	0.01370	0.00832	0.01532	0.18401	0.00357	0.53062	0.00484	0.00245	0.00560
72	0.01096	0.00940	0.01096	0.00783	0.01253	0.00705	0.00626	0.01331	0.01096	0.01723	0.00940	0.01096	0.00783	0.00392	0.00392	0.00078	0.00392	0.00313	0.00313	0.84653
73	0.00755	0.00566	0.00850	0.00850	0.00944	0.00661	0.00661	0.00944	0.00850	0.01227	0.01416	0.02077	0.01322	0.03965	0.79326	0.00850	0.01416	0.00566	0.00283	0.00472
74	0.01157	0.01157	0.01619	0.01388	0.01388	0.01619	0.01157	0.01272	0.00810	0.01272	0.00694	0.01157	0.00694	0.00925	0.01735	0.00231	0.80453	0.00463	0.00231	0.00578
75	0.00855	0.00602	0.00715	0.00670	0.00863	0.00513	0.00500	0.01021	0.01228	0.07774	0.17876	0.21032	0.30973	0.01180	0.00597	0.00170	0.00304	0.01019	0.00498	0.11610
76	0.01293	0.54704	0.28747	0.01111	0.01676	0.01796	0.01263	0.01614	0.01089	0.01391	0.00808	0.00940	0.00675	0.00469	0.00395	0.00132	0.00639	0.00320	0.00225	0.00714
77	0.02035	0.01441	0.01562	0.01197	0.01619	0.01580	0.00989	0.71285	0.02419	0.08502	0.01325	0.01306	0.00927	0.00636	0.00529	0.00159	0.00573	0.00480	0.00537	0.00899
78	0.00644	0.00460	0.00613	0.00736	0.00767	0.00429	0.00491	0.00736	0.01012	0.01350	0.02914	0.81076	0.03497	0.01656	0.00675	0.00215	0.00307	0.01503	0.00491	0.00429
79	0.00653	0.00510	0.00595	0.00658	0.00760	0.00459	0.00461	0.00799	0.03047	0.01405	0.03946	0.46323	0.35495	0.01495	0.00650	0.00198	0.00293	0.01313	0.00492	0.00447
80	0.01355	0.01102	0.01175	0.01050	0.01351	0.01254	0.00819	0.02728	0.70185	0.06692	0.02254	0.02065	0.04120	0.00734	0.00540	0.00178	0.00415	0.00611	0.00543	0.00828
81	0.00749	0.00533	0.00683	0.00759	0.00828	0.00516	0.00565	0.00878	0.01049	0.01373	0.04695	0.26812	0.09155	0.22015	0.01206	0.00297	0.00417	0.26598	0.00448	0.00425
82	0.02364	0.00913	0.01235	0.00947	0.01356	0.00797	0.00782	0.04257	0.01535	0.76777	0.02067	0.01787	0.01299	0.00654	0.00532	0.00163	0.00453	0.00530	0.00651	0.00900
83	0.01217	0.37706	0.45079	0.01240	0.01876	0.01610	0.01489	0.01634	0.01098	0.01484	0.00854	0.00997	0.00674	0.00480	0.00430	0.00143	0.00686	0.00343	0.00225	0.00736
84	0.00729	0.00539	0.00765	0.00780	0.00870	0.00574	0.00586	0.00911	0.01033	0.01454	0.18816	0.18416	0.03969	0.02811	0.44562	0.00558	0.00912	0.00851	0.00395	0.00469
85	0.00757	0.00521	0.00643	0.00652	0.00676	0.00541	0.00412	0.00807	0.00805	0.01095	0.01695	0.08592	0.01893	0.57743	0.20430	0.00570	0.00709	0.00773	0.00324	0.00363
86	0.01303	0.01219	0.02057	0.09847	0.68347	0.01241	0.01574	0.01645	0.02930	0.03244	0.01038	0.01342	0.00853	0.00485	0.00524	0.00159	0.00626	0.00475	0.00274	0.00817
87	0.00808	0.00606	0.00772	0.00742	0.00775	0.00678	0.00512	0.00882	0.00854	0.01186	0.06684	0.04435	0.03737	0.46771	0.17809	0.00508	0.10789	0.00724	0.00326	0.00401
88	0.01437	0.01023	0.01161	0.00973	0.01256	0.01080	0.00786	0.37004	0.03864	0.06143	0.21989	0.06065	0.06860	0.00911	0.00583	0.00172	0.00445	0.06997	0.00542	0.00710
89	0.83269	0.01020	0.00787	0.00701	0.01030	0.01177	0.00577	0.01577	0.00914	0.04106	0.00767	0.00880	0.00589	0.00494	0.00332	0.00164	0.00410	0.00292	0.00335	0.00580
90	0.01077	0.06421	0.75140	0.01479	0.02245	0.01268	0.01904	0.01670	0.01114	0.01654	0.00939	0.01104	0.00670	0.00500	0.00495	0.00165	0.00771	0.00386	0.00223	0.00776
91	0.01172	0.01179	0.01705	0.01455	0.02813	0.02945	0.08656	0.01417	0.06039	0.01389	0.00932	0.04637	0.00888	0.00879	0.01453	0.00219	0.60814	0.00530	0.00268	0.00608
92	0.01241	0.05662	0.06197	0.02053	0.02583	0.01349	0.64674	0.01665	0.01220	0.01664	0.01035	0.01364	0.00787	0.00454	0.00612	0.00171	0.02116	0.00580	0.00265	0.04310
93	0.01232	0.00931	0.01218	0.01145	0.02531	0.00979	0.05341	0.19234	0.09363	0.03643	0.02226	0.05608	0.02193	0.01100	0.00648	0.00209	0.00524	0.40738	0.00489	0.00647
94	0.02088	0.01356	0.01509	0.01157	0.01577	0.01454	0.00956	0.60495	0.02276	0.19493	0.01445	0.01383	0.00987	0.00639	0.00529	0.00160	0.00553	0.00488	0.00556	0.00899
95	0.02278	0.00953	0.01250	0.00962	0.01364	0.00865	0.00793	0.10808	0.01622	0.67525	0.04500	0.01811	0.01384	0.00666	0.00534	0.00163	0.00458	0.00539	0.00638	0.00886
96	0.01386	0.72112	0.07352	0.00952	0.01415	0.01993	0.00965	0.01661	0.05572	0.01327	0.00832	0.00931	0.00733	0.00471	0.00361	0.00120	0.00570	0.00308	0.00244	0.00694
97	0.01868	0.00808	0.01062	0.00882	0.01191	0.00733	0.00707	0.04798	0.03229	0.51579	0.03825	0.14082	0.01780	0.00843	0.00549	0.00171	0.00413	0.03329	0.07381	0.00770
98	0.00769	0.00629	0.00692	0.00682	0.00850	0.00603	0.00507	0.01152	0.14360	0.01675	0.17364	0.15617	0.40680	0.01232	0.00617	0.00182	0.00296	0.01055	0.00515	0.00521
99	0.18883	0.01544	0.23986	0.01095	0.01598	0.01111	0.01112	0.12159	0.01403	0.30050	0.01363	0.01333	0.00914	0.00573	0.00481	0.00164	0.00557	0.00432	0.00443	0.00798
100	0.01228	0.01175	0.02001	0.23070	0.58922	0.01235	0.01583	0.01552	0.01166	0.01630	0.00980	0.01334	0.00803	0.00486	0.00525	0.00162	0.00648	0.00471	0.00255	0.00773
101	0.01086	0.00589	0.00600	0.00564	0.00716	0.00605	0.00432	0.08590	0.01244	0.02104	0.01680	0.01902	0.01310	0.00618	0.00385	0.00127	0.00279	0.00491	0.76146	0.00533
102	0.00644	0.00460	0.00613	0.00736	0.00767	0.00429	0.00491	0.00736	0.01012	0.01350	0.02914	0.81076	0.03497	0.01656	0.00675	0.00215	0.00307	0.01503	0.00491	0.00429
103	0.00758	0.00553	0.00784	0.00784	0.00855	0.00625	0.00579	0.00902	0.00830	0.01178	0.01476	0.02411	0.01467	0.22661	0.60828	0.00768	0.01198	0.00615	0.00292	0.00435
104	0.09979	0.00911	0.01186	0.00918	0.01319	0.00815	0.00758	0.02482	0.01457	0.71495	0.01962	0.01713	0.01241	0.00639	0.00513	0.00164	0.00446	0.00509	0.00624	0.00870
105	0.00651	0.00465	0.00622	0.00744	0.00778	0.00436	0.00503	0.00749	0.01019	0.01358	0.02910	0.78427	0.03480	0.01649	0.00677	0.00216	0.00313	0.04079	0.00491	0.00431
106	0.01060	0.02735	0.78682	0.01507	0.02288	0.01228	0.01953	0.01674	0.01116	0.01674	0.00949	0.01116	0.00670	0.00502	0.00502	0.00167	0.00781	0.00391	0.00223	0.00781
107	0.00971	0.00546	0.00635	0.09137	0.00965	0.00578	0.00508	0.01225	0.01086	0.01854	0.01619	0.01917	0.01282	0.00833	0.05719	0.00178	0.00375	0.00495	0.69575	0.00502
108	0.04576	0.00903	0.01215	0.00934	0.01341	0.00788	0.00772	0.02549	0.01497	0.76463	0.02050	0.01774	0.01289	0.00650	0.00526	0.00164	0.00449	0.00525	0.00646	0.00891
109	0.00918	0.00459	0.00689	0.00689	0.00689	0.00459	0.00459	0.00689	0.00689	0.00918	0.00918	0.01607	0.00918	0.01837	0.02066	0.84619	0.00459	0.00459	0.00230	0.00230
110	0.01299	0.01329	0.01604	0.01375	0.01431	0.10375	0.01132	0.05803	0.00986	0.01396	0.00742	0.01140	0.00705	0.00865	0.01522	0.00216	0.66775	0.00450	0.00254	0.00601
111	0.01096	0.00940	0.01096	0.00783	0.01253	0.00705	0.00626	0.01331	0.01096	0.01723	0.00940	0.01096	0.00783	0.00392	0.00392	0.00078	0.00392	0.00313	0.00313	0.84653
112	0.00776	0.00546	0.00761	0.02543	0.00990	0.00539	0.00693	0.00929	0.01096	0.01439	0.02679	0.35738	0.03032	0.01545	0.00794	0.05929	0.00417	0.38642	0.00466	0.00449
113	0.00769	0.00513	0.00577	0.00577	0.00577	0.00513	0.00320	0.00769	0.00769	0.01025	0.01666	0.03460	0.01922	0.81421	0.02691	0.00513	0.00513	0.00769	0.00320	0.00320
114	0.01587	0.06266	0.01414	0.01136	0.01463	0.19579	0.00898	0.17374	0.35511	0.02129	0.01654	0.01607	0.03700	0.00657	0.00509	0.00159	0.00579	0.00505	0.00449	0.02823
115	0.01086	0.00921	0.01065	0.00778	0.01218	0.00713	0.00621	0.03767	0.01159	0.01765	0.03052	0.01438	0.06094	0.00480	0.00417	0.00090	0.00386	0.00388	0.00339	0.74221
116	0.00749	0.00539	0.00674	0.00744	0.00799	0.00532	0.00503	0.02329	0.06150	0.01402	0.04167	0.56109	0.03017	0.14814	0.01032	0.02323	0.00360	0.02849	0.00462	0.00446

[dist]
# distance from previous block
# <min> <max>
0	1

[block]
# block no. 7 follows, 46 sequences, length 106
# corresponding to MSA columns:
# 513-618
name=unknown_H
#
# <colnr> <probs for GDERKNQSTAVLIFYWHMCP>
#	G	D	E	R	K	N	Q	S	T	A	V	L	I	F	Y	W	H	M	C	P
0	0.74847	0.03041	0.00883	0.00742	0.01069	0.01214	0.00614	0.02768	0.03156	0.04931	0.00830	0.00935	0.00638	0.00513	0.00372	0.00164	0.02029	0.00310	0.00343	0.00599
1	0.01750	0.08223	0.01662	0.06990	0.10700	0.52902	0.01103	0.03501	0.05654	0.01437	0.00924	0.01082	0.00757	0.00539	0.00480	0.00143	0.00831	0.00377	0.00285	0.00661
2	0.01104	0.00638	0.00674	0.00622	0.00787	0.00665	0.00481	0.11780	0.01286	0.02094	0.01732	0.01961	0.03271	0.00882	0.06165	0.00183	0.00380	0.00512	0.64237	0.00547
3	0.01186	0.01285	0.02628	0.21766	0.07387	0.01301	0.50567	0.01589	0.01183	0.01595	0.01020	0.01406	0.00776	0.00484	0.00631	0.00178	0.03505	0.00571	0.00258	0.00684
4	0.00649	0.00464	0.00618	0.00733	0.00768	0.00433	0.00491	0.00749	0.01036	0.01387	0.06559	0.77324	0.03569	0.01628	0.00672	0.00212	0.00304	0.01476	0.00495	0.00433
5	0.01298	0.11530	0.08942	0.02764	0.59256	0.01362	0.04108	0.01624	0.01181	0.01660	0.00960	0.01238	0.00802	0.00471	0.00502	0.00153	0.00643	0.00446	0.00254	0.00808
6	0.00751	0.00546	0.00738	0.00738	0.00807	0.00597	0.00530	0.00873	0.00848	0.01175	0.01775	0.02744	0.06901	0.29318	0.48528	0.00691	0.01037	0.00672	0.00310	0.00420
7	0.01710	0.01427	0.01546	0.09295	0.08169	0.08797	0.01066	0.44967	0.07401	0.02588	0.01422	0.01492	0.04681	0.00649	0.00555	0.00162	0.02323	0.00502	0.00445	0.00802
