[name]
unknown

[dist]
# distance from previous block
# <min> <max>
0	271

[block]
# block no. 0 follows, 47 sequences, length 16
# corresponding to MSA columns:
# 271-286
name=unknown_A
#
# <colnr> <probs for GDERKNQSTAVLIFYWHMCP>
#	G	D	E	R	K	N	Q	S	T	A	V	L	I	F	Y	W	H	M	C	P
0	0.00986	0.00669	0.00893	0.00895	0.01094	0.00617	0.00762	0.01222	0.01230	0.07711	0.09925	0.04569	0.02690	0.01167	0.00639	0.00199	0.00438	0.49497	0.00474	0.14322
1	0.00680	0.00482	0.00621	0.00682	0.00730	0.00454	0.00458	0.00795	0.01078	0.01468	0.21631	0.49098	0.03561	0.14589	0.00977	0.00247	0.00321	0.01227	0.00479	0.00423
2	0.06883	0.05899	0.04658	0.02892	0.11170	0.01188	0.23882	0.01796	0.13650	0.05696	0.01199	0.01356	0.00919	0.00493	0.00500	0.00149	0.00600	0.00479	0.00334	0.16257
3	0.00736	0.00501	0.00598	0.00618	0.00631	0.00505	0.00373	0.00768	0.00804	0.01080	0.01820	0.16039	0.02094	0.61617	0.09235	0.00487	0.00552	0.00858	0.00340	0.00347
4	0.01049	0.01387	0.18464	0.01338	0.01576	0.01275	0.08247	0.01321	0.01019	0.01517	0.13506	0.03588	0.01449	0.00819	0.01137	0.00198	0.40648	0.00560	0.00292	0.00609
5	0.04343	0.04308	0.51843	0.01489	0.02066	0.01313	0.09371	0.01571	0.01048	0.01593	0.00887	0.01121	0.00674	0.00564	0.00721	0.00176	0.15553	0.00415	0.00230	0.00715
6	0.01090	0.01244	0.07272	0.01645	0.01955	0.01242	0.35812	0.01397	0.01031	0.01466	0.01071	0.04501	0.00939	0.01184	0.13833	0.00299	0.22556	0.00580	0.00262	0.00621
7	0.14541	0.00616	0.00603	0.00578	0.00778	0.00573	0.00444	0.00948	0.01179	0.03597	0.12917	0.04118	0.55065	0.01136	0.00565	0.00172	0.00289	0.00933	0.00472	0.00477
8	0.00821	0.00635	0.00730	0.00704	0.00876	0.00614	0.00540	0.01218	0.13772	0.03439	0.29264	0.07269	0.30951	0.01138	0.00608	0.00177	0.00302	0.05887	0.00525	0.00532
9	0.13554	0.01141	0.01371	0.01353	0.13970	0.01203	0.00936	0.21842	0.13912	0.21496	0.01506	0.03063	0.01097	0.00617	0.00497	0.00162	0.00493	0.00495	0.00481	0.00811
10	0.01372	0.43807	0.26749	0.01153	0.01673	0.14478	0.01238	0.01673	0.01140	0.01368	0.00804	0.00936	0.00666	0.00476	0.00407	0.00132	0.00687	0.00322	0.00229	0.00690
11	0.00640	0.00461	0.00606	0.00712	0.00754	0.00428	0.00480	0.00741	0.01033	0.01377	0.07340	0.73331	0.07001	0.01584	0.00659	0.00207	0.00297	0.01432	0.00489	0.00428
12	0.00657	0.00470	0.00626	0.00721	0.00769	0.00439	0.00495	0.00776	0.01077	0.01454	0.14550	0.67059	0.03659	0.01538	0.00659	0.00205	0.00299	0.03616	0.00497	0.00435
13	0.01158	0.10042	0.59092	0.01479	0.02170	0.01328	0.09116	0.06645	0.01198	0.01719	0.00947	0.01114	0.00688	0.00493	0.00493	0.00160	0.00747	0.00403	0.00245	0.00761
14	0.01335	0.61478	0.19631	0.01039	0.01550	0.04707	0.01125	0.01598	0.01083	0.01321	0.00774	0.00898	0.00666	0.00460	0.00375	0.00124	0.00618	0.00304	0.00224	0.00688
15	0.01305	0.05788	0.02527	0.00933	0.01299	0.04666	0.00756	0.20607	0.05318	0.02019	0.01370	0.14281	0.01267	0.00679	0.00476	0.00130	0.00463	0.00556	0.00394	0.35163

[dist]
# distance from previous block
# <min> <max>
0	4

[block]
# block no. 1 follows, 47 sequences, length 24
# corresponding to MSA columns:
# 291-314
name=unknown_B
#
# <colnr> <probs for GDERKNQSTAVLIFYWHMCP>
#	G	D	E	R	K	N	Q	S	T	A	V	L	I	F	Y	W	H	M	C	P
0	0.85377	0.01007	0.00765	0.00685	0.01007	0.01168	0.00564	0.01531	0.00886	0.02336	0.00725	0.00846	0.00564	0.00483	0.00322	0.00161	0.00403	0.00282	0.00322	0.00564
1	0.00652	0.00472	0.00618	0.00715	0.00768	0.00438	0.00493	0.00766	0.01064	0.01416	0.10168	0.65540	0.08726	0.01548	0.00659	0.00206	0.00302	0.04525	0.00492	0.00433
2	0.00770	0.00569	0.00724	0.00691	0.00819	0.00546	0.00515	0.01094	0.07094	0.02033	0.66348	0.10090	0.04546	0.01084	0.00612	0.00169	0.00263	0.00960	0.00563	0.00511
3	0.00702	0.00531	0.00648	0.00619	0.00757	0.00477	0.00464	0.00916	0.01392	0.01894	0.57395	0.04210	0.25815	0.01137	0.00615	0.00167	0.00251	0.00987	0.00548	0.00477
4	0.00722	0.00546	0.00676	0.00738	0.00830	0.00528	0.00530	0.00978	0.08318	0.01533	0.12746	0.48794	0.13167	0.01418	0.00643	0.00199	0.00313	0.06347	0.00499	0.00476
5	0.07761	0.01385	0.01481	0.01143	0.01552	0.01521	0.00944	0.66005	0.02269	0.08838	0.01274	0.01261	0.00893	0.00617	0.00507	0.00157	0.00552	0.00460	0.00516	0.00863
6	0.05545	0.01268	0.01398	0.01082	0.01476	0.01359	0.00892	0.54016	0.02110	0.18943	0.01420	0.01379	0.00980	0.00622	0.00505	0.00156	0.00521	0.00473	0.05006	0.00851
7	0.85377	0.01007	0.00765	0.00685	0.01007	0.01168	0.00564	0.01531	0.00886	0.02336	0.00725	0.00846	0.00564	0.00483	0.00322	0.00161	0.00403	0.00282	0.00322	0.00564
8	0.00640	0.00459	0.00600	0.00710	0.00744	0.00428	0.00472	0.00728	0.00992	0.01316	0.02899	0.74647	0.06151	0.05594	0.00761	0.00225	0.00311	0.01430	0.00475	0.00418
9	0.23178	0.01110	0.01150	0.04713	0.01381	0.02900	0.00761	0.23714	0.01458	0.06584	0.01073	0.01181	0.00811	0.00612	0.02606	0.00155	0.00498	0.00383	0.03741	0.21990
10	0.00639	0.00459	0.00607	0.00717	0.00755	0.00427	0.00482	0.00739	0.01027	0.01372	0.06931	0.75390	0.05336	0.01594	0.00661	0.00208	0.00298	0.01443	0.00488	0.00427
11	0.01672	0.01055	0.01400	0.01083	0.01421	0.01073	0.04481	0.12266	0.01363	0.29220	0.01326	0.01378	0.00953	0.00628	0.00751	0.00155	0.17869	0.00454	0.00438	0.21012
12	0.01496	0.01311	0.01967	0.02415	0.46084	0.01361	0.06548	0.24573	0.05238	0.02204	0.01122	0.01317	0.00878	0.00523	0.00525	0.00158	0.00613	0.00482	0.00352	0.00835
13	0.00649	0.00465	0.00617	0.00715	0.00759	0.00433	0.00485	0.00762	0.01065	0.01438	0.13671	0.70248	0.03655	0.01550	0.00657	0.00205	0.00294	0.01403	0.00496	0.00433
14	0.00964	0.00577	0.00706	0.00675	0.00847	0.00506	0.00504	0.01120	0.01253	0.15900	0.18310	0.22785	0.31427	0.01220	0.00610	0.00179	0.00303	0.01054	0.00531	0.00529
15	0.02089	0.01137	0.01341	0.01039	0.01434	0.01156	0.00855	0.35105	0.05549	0.39626	0.01694	0.01556	0.01128	0.00638	0.00518	0.00159	0.00493	0.00502	0.03113	0.00871
16	0.04714	0.01326	0.01409	0.01114	0.01502	0.04701	0.00909	0.46107	0.12441	0.18108	0.01494	0.01423	0.01043	0.00632	0.00514	0.00159	0.00535	0.00484	0.00530	0.00855
17	0.00657	0.00467	0.00614	0.00714	0.00751	0.00439	0.00480	0.00755	0.01016	0.01361	0.07881	0.67740	0.03407	0.08039	0.00823	0.00233	0.00320	0.03408	0.00476	0.00421
18	0.00663	0.00477	0.00611	0.00683	0.00738	0.00444	0.00462	0.00775	0.01072	0.01438	0.16081	0.54729	0.09186	0.09066	0.00840	0.00228	0.00309	0.01289	0.00483	0.00426
19	0.00996	0.00767	0.00935	0.06777	0.01192	0.00820	0.00691	0.16194	0.06583	0.01790	0.03822	0.41938	0.08430	0.03045	0.00691	0.00199	0.03055	0.01050	0.00465	0.00560
20	0.00743	0.00620	0.00965	0.00925	0.01026	0.00609	0.10050	0.00880	0.01014	0.01356	0.02611	0.55776	0.08405	0.05276	0.02631	0.00234	0.04754	0.01232	0.00429	0.00463
21	0.01033	0.00995	0.01394	0.03158	0.01297	0.01347	0.01014	0.01148	0.00844	0.01271	0.01132	0.17397	0.01243	0.01048	0.01469	0.00223	0.62503	0.00664	0.00280	0.00540
22	0.01513	0.06767	0.01574	0.01194	0.01425	0.01548	0.00990	0.35454	0.03880	0.02184	0.01053	0.01334	0.00880	0.05105	0.02855	0.00214	0.30471	0.00472	0.00375	0.00711
23	0.01306	0.01046	0.01353	0.03235	0.01432	0.01098	0.04123	0.09786	0.07980	0.08670	0.01212	0.05259	0.01013	0.00658	0.00772	0.00152	0.19821	0.00481	0.00367	0.30236

[dist]
# distance from previous block
# <min> <max>
1	11

[block]
# block no. 2 follows, 47 sequences, length 7
# corresponding to MSA columns:
# 326-332
name=unknown_C
#
# <colnr> <probs for GDERKNQSTAVLIFYWHMCP>
#	G	D	E	R	K	N	Q	S	T	A	V	L	I	F	Y	W	H	M	C	P
0	0.12659	0.04318	0.06347	0.04953	0.02209	0.08231	0.41456	0.03900	0.03237	0.03993	0.01017	0.01265	0.00770	0.00492	0.00565	0.00168	0.02945	0.00503	0.00291	0.00683
1	0.85377	0.01007	0.00765	0.00685	0.01007	0.01168	0.00564	0.01531	0.00886	0.02336	0.00725	0.00846	0.00564	0.00483	0.00322	0.00161	0.00403	0.00282	0.00322	0.00564
2	0.01265	0.00926	0.00987	0.00881	0.01119	0.01022	0.00684	0.17323	0.30726	0.02239	0.01902	0.10901	0.01582	0.00766	0.00495	0.00160	0.00383	0.00636	0.25313	0.00691
3	0.00655	0.00470	0.00603	0.00690	0.00734	0.00438	0.00461	0.00751	0.01023	0.01363	0.09103	0.61859	0.08166	0.10037	0.00868	0.00236	0.00316	0.01335	0.00473	0.00418
4	0.00634	0.00453	0.00604	0.00725	0.00755	0.00423	0.00483	0.00725	0.00997	0.01329	0.02870	0.81358	0.03444	0.01632	0.00665	0.00211	0.00302	0.01480	0.00483	0.00423
5	0.00638	0.00499	0.00578	0.00621	0.00733	0.00439	0.00442	0.00767	0.01147	0.01459	0.13210	0.35073	0.39717	0.01412	0.00635	0.00188	0.00277	0.01231	0.00494	0.00439
6	0.00643	0.00460	0.00612	0.00719	0.00757	0.00429	0.00484	0.00747	0.01037	0.01393	0.09152	0.74897	0.03567	0.01584	0.00660	0.00208	0.00297	0.01436	0.00491	0.00429

[dist]
# distance from previous block
# <min> <max>
9	32

[block]
# block no. 3 follows, 47 sequences, length 21
# corresponding to MSA columns:
# 369-389
name=unknown_D
#
# <colnr> <probs for GDERKNQSTAVLIFYWHMCP>
#	G	D	E	R	K	N	Q	S	T	A	V	L	I	F	Y	W	H	M	C	P
0	0.04301	0.03289	0.01220	0.00993	0.01281	0.12349	0.04669	0.11446	0.02853	0.01751	0.01722	0.17211	0.07318	0.00819	0.00563	0.00152	0.03864	0.02573	0.00380	0.21245
1	0.04103	0.00928	0.01357	0.03181	0.01451	0.02264	0.16883	0.04565	0.14110	0.01695	0.02004	0.28902	0.04799	0.02579	0.00617	0.00183	0.00491	0.00871	0.00410	0.08606
2	0.00907	0.00738	0.00878	0.00729	0.01020	0.00600	0.00556	0.02558	0.01164	0.01689	0.14297	0.18428	0.09163	0.00844	0.00504	0.00130	0.00338	0.00729	0.00408	0.44322
3	0.01555	0.01126	0.01371	0.01261	0.08434	0.01237	0.00930	0.24817	0.16003	0.13279	0.06477	0.03490	0.04180	0.00736	0.00685	0.00171	0.10763	0.00569	0.00476	0.02442
4	0.01191	0.27536	0.52001	0.01287	0.01941	0.01493	0.01563	0.04591	0.01140	0.01581	0.00881	0.01023	0.00671	0.00484	0.00445	0.00148	0.00695	0.00355	0.00233	0.00742
5	0.00637	0.00528	0.00558	0.00550	0.00717	0.00449	0.00413	0.00790	0.01238	0.01529	0.18336	0.04811	0.65101	0.01273	0.00615	0.00174	0.00261	0.01071	0.00500	0.00449
6	0.01495	0.01349	0.01245	0.01055	0.01396	0.16166	0.00824	0.07698	0.36554	0.07114	0.01553	0.01510	0.01173	0.00597	0.00487	0.00145	0.00521	0.00469	0.00441	0.18208
7	0.12284	0.01293	0.01252	0.01006	0.01378	0.13253	0.00808	0.19907	0.04358	0.25665	0.01360	0.01352	0.00964	0.01920	0.00508	0.00152	0.00539	0.00431	0.00466	0.11104
8	0.01328	0.63466	0.13478	0.01094	0.01593	0.01873	0.07983	0.01582	0.01080	0.01325	0.00784	0.00925	0.00678	0.00452	0.00382	0.00125	0.00616	0.00324	0.00226	0.00686
9	0.00661	0.00475	0.00644	0.00734	0.00777	0.00465	0.00504	0.00772	0.00990	0.01340	0.06593	0.62403	0.03139	0.04571	0.12975	0.00316	0.00475	0.01285	0.00451	0.00430
10	0.01148	0.00981	0.01179	0.00896	0.01310	0.00852	0.03750	0.05897	0.13015	0.01843	0.01236	0.05420	0.01045	0.00516	0.00440	0.00108	0.00416	0.00435	0.00362	0.59149
11	0.02116	0.01148	0.01361	0.01048	0.01448	0.01162	0.00864	0.37858	0.01947	0.40384	0.04064	0.01590	0.01211	0.00649	0.00525	0.00159	0.00499	0.00511	0.00583	0.00874
12	0.01621	0.01444	0.01649	0.01342	0.01597	0.18740	0.10275	0.08035	0.03780	0.15654	0.01107	0.01277	0.00853	0.00676	0.00908	0.00177	0.26963	0.00462	0.00354	0.03087
13	0.01163	0.01480	0.13927	0.01565	0.01835	0.05134	0.20488	0.01438	0.00993	0.01423	0.00898	0.03347	0.00795	0.00801	0.03061	0.00215	0.40052	0.00509	0.00246	0.00630
14	0.00983	0.00926	0.01562	0.80447	0.03587	0.01157	0.01446	0.01331	0.01041	0.01331	0.00926	0.01388	0.00694	0.00521	0.00521	0.00174	0.00694	0.00463	0.00231	0.00579
15	0.01026	0.00852	0.05069	0.04540	0.01203	0.00869	0.00801	0.01275	0.05424	0.10051	0.09970	0.23590	0.09129	0.01209	0.04302	0.00223	0.18621	0.00858	0.00421	0.00566
16	0.01969	0.01421	0.08575	0.01153	0.01596	0.01357	0.01016	0.49633	0.03642	0.22104	0.01442	0.01382	0.00981	0.00620	0.00519	0.00159	0.00555	0.00477	0.00525	0.00874
17	0.00679	0.00471	0.00617	0.00725	0.00768	0.00446	0.00502	0.00790	0.01012	0.01377	0.02737	0.66318	0.03208	0.04717	0.00729	0.00220	0.00323	0.08133	0.05800	0.00428
18	0.00744	0.00558	0.00837	0.00837	0.00930	0.00651	0.00651	0.00930	0.00837	0.01209	0.01395	0.02046	0.01302	0.03906	0.79635	0.00837	0.01395	0.00558	0.00279	0.00465
19	0.03445	0.01338	0.01407	0.01213	0.05486	0.09488	0.00928	0.31171	0.15543	0.22203	0.01543	0.01471	0.01085	0.00625	0.00514	0.00159	0.00548	0.00487	0.00511	0.00836
20	0.01837	0.01407	0.01628	0.01501	0.13518	0.01540	0.01076	0.61210	0.06164	0.02979	0.01254	0.01292	0.00913	0.00604	0.00521	0.00157	0.00572	0.00474	0.00481	0.00873

[dist]
# distance from previous block
# <min> <max>
0	4

[block]
# block no. 4 follows, 47 sequences, length 52
# corresponding to MSA columns:
# 394-445
name=unknown_E
#
# <colnr> <probs for GDERKNQSTAVLIFYWHMCP>
#	G	D	E	R	K	N	Q	S	T	A	V	L	I	F	Y	W	H	M	C	P
0	0.63335	0.01165	0.00995	0.07331	0.05164	0.08326	0.00745	0.04665	0.01032	0.02166	0.00783	0.00937	0.00610	0.00496	0.00370	0.00159	0.00493	0.00318	0.00315	0.00595
1	0.24954	0.01204	0.02647	0.11857	0.01709	0.07996	0.06054	0.12670	0.01374	0.20594	0.03341	0.01337	0.00951	0.00566	0.00471	0.00161	0.00558	0.00439	0.00413	0.00705
2	0.01342	0.00759	0.00927	0.00779	0.01058	0.00684	0.00624	0.08026	0.01439	0.25599	0.17939	0.03160	0.22207	0.00924	0.00564	0.00162	0.00365	0.04776	0.00539	0.08127
3	0.00713	0.00486	0.00595	0.00644	0.00668	0.00475	0.00406	0.00774	0.00895	0.01218	0.04580	0.35836	0.02594	0.39880	0.04612	0.00371	0.00437	0.01048	0.03394	0.00378
4	0.00797	0.00544	0.00616	0.00603	0.00634	0.00544	0.00362	0.03866	0.00888	0.01186	0.05942	0.06465	0.04440	0.68373	0.02312	0.00450	0.00478	0.00795	0.00350	0.00356
5	0.00647	0.00510	0.00585	0.00607	0.00733	0.00447	0.00439	0.00794	0.01202	0.01539	0.20883	0.24346	0.42733	0.01342	0.00628	0.00182	0.00270	0.01162	0.00504	0.00447
6	0.01549	0.01264	0.01333	0.01157	0.01484	0.01418	0.00903	0.19658	0.59257	0.02513	0.02004	0.01912	0.01512	0.00752	0.00571	0.00190	0.00484	0.00592	0.00559	0.00887
7	0.01332	0.01077	0.01215	0.00896	0.01342	0.00963	0.00725	0.21945	0.03652	0.02144	0.01049	0.01151	0.00826	0.00460	0.00427	0.00102	0.00438	0.00360	0.00373	0.59525
8	0.00983	0.00926	0.01562	0.80447	0.03587	0.01157	0.01446	0.01331	0.01041	0.01331	0.00926	0.01388	0.00694	0.00521	0.00521	0.00174	0.00694	0.00463	0.00231	0.00579
9	0.00848	0.00574	0.00628	0.00589	0.00790	0.00486	0.00451	0.00997	0.01248	0.11488	0.10350	0.04508	0.62743	0.01212	0.00603	0.00173	0.00286	0.01013	0.00511	0.00501
10	0.00634	0.00453	0.00604	0.00725	0.00755	0.00423	0.00483	0.00725	0.00997	0.01329	0.02870	0.81358	0.03444	0.01632	0.00665	0.00211	0.00302	0.01480	0.00483	0.00423
11	0.00846	0.00573	0.00634	0.00594	0.00791	0.00487	0.00454	0.01001	0.01262	0.11145	0.14253	0.04464	0.59211	0.01202	0.00604	0.00172	0.00284	0.01007	0.00515	0.00502
12	0.01247	0.00645	0.00859	0.00742	0.00954	0.00579	0.00579	0.01478	0.01479	0.26535	0.53920	0.03215	0.03759	0.00931	0.00585	0.00163	0.00309	0.00809	0.00596	0.00617
13	0.01392	0.82012	0.02729	0.00891	0.01337	0.02061	0.00891	0.01559	0.01058	0.01225	0.00724	0.00835	0.00668	0.00446	0.00334	0.00111	0.00557	0.00278	0.00223	0.00668
14	0.00658	0.00469	0.00625	0.00742	0.00780	0.00442	0.00512	0.00760	0.01008	0.01341	0.02819	0.71594	0.03350	0.04270	0.00736	0.00224	0.00326	0.08442	0.00477	0.00425
15	0.00634	0.00453	0.00604	0.00725	0.00755	0.00423	0.00483	0.00725	0.00997	0.01329	0.02870	0.81358	0.03444	0.01632	0.00665	0.00211	0.00302	0.01480	0.00483	0.00423
16	0.01433	0.01323	0.01246	0.01107	0.01408	0.11524	0.00861	0.08439	0.61753	0.02147	0.01881	0.01758	0.01415	0.00678	0.00521	0.00170	0.00493	0.00546	0.00495	0.00800
17	0.05767	0.05884	0.05021	0.08470	0.03681	0.11296	0.15225	0.25475	0.01569	0.04292	0.01030	0.01210	0.00780	0.00569	0.00611	0.00163	0.07424	0.00456	0.00350	0.00728
18	0.01063	0.01010	0.01691	0.58149	0.20731	0.01200	0.01464	0.01388	0.01061	0.01412	0.00924	0.01351	0.00724	0.00530	0.00587	0.00172	0.05208	0.00463	0.00237	0.00635
19	0.00801	0.00514	0.00648	0.00678	0.00782	0.00470	0.00484	0.00952	0.01173	0.07008	0.20054	0.41675	0.13672	0.01312	0.00613	0.00185	0.00289	0.01162	0.07051	0.00478
20	0.01037	0.01048	0.07547	0.00956	0.01356	0.00797	0.06074	0.02828	0.01107	0.01663	0.03347	0.12422	0.01251	0.00621	0.00520	0.00121	0.04157	0.00528	0.00331	0.52289
21	0.01163	0.00925	0.01048	0.00870	0.01191	0.00896	0.00675	0.04432	0.27943	0.04989	0.09915	0.06175	0.01723	0.03974	0.00579	0.00152	0.00389	0.00572	0.00445	0.31944
22	0.01751	0.01353	0.01528	0.05227	0.04793	0.01527	0.01020	0.54428	0.13766	0.02840	0.01326	0.01359	0.00971	0.00641	0.00587	0.00164	0.04910	0.00486	0.00481	0.00841
23	0.02752	0.05210	0.01472	0.10135	0.09156	0.09108	0.02682	0.14804	0.02583	0.15140	0.05791	0.10024	0.01388	0.00732	0.00615	0.00167	0.06539	0.00591	0.00412	0.00701
24	0.00682	0.00518	0.00628	0.00626	0.00751	0.00464	0.00460	0.00868	0.01309	0.01754	0.43290	0.16307	0.27981	0.01234	0.00622	0.00175	0.00260	0.01076	0.00531	0.00464
25	0.02028	0.01046	0.01435	0.09119	0.01697	0.01037	0.05182	0.17823	0.01611	0.48626	0.01677	0.01586	0.01099	0.00624	0.00562	0.00164	0.02795	0.00509	0.00544	0.00836
26	0.64450	0.00993	0.00887	0.00753	0.01096	0.01090	0.00621	0.03843	0.01065	0.19504	0.01038	0.01065	0.00735	0.00523	0.00373	0.00161	0.00417	0.00341	0.00400	0.00645
27	0.00631	0.00484	0.00579	0.00649	0.00737	0.00432	0.00451	0.00744	0.01087	0.01388	0.06730	0.49886	0.31347	0.01493	0.00644	0.00196	0.00286	0.01317	0.00487	0.00432
28	0.00667	0.00505	0.00607	0.00644	0.00745	0.00456	0.00461	0.00806	0.01161	0.01515	0.20413	0.30993	0.28482	0.06165	0.00758	0.00208	0.00296	0.04186	0.00493	0.00440
29	0.00657	0.00506	0.00588	0.00613	0.00725	0.00451	0.00435	0.00793	0.01166	0.01505	0.20111	0.25970	0.36135	0.07004	0.00772	0.00206	0.00288	0.01147	0.00491	0.00437
30	0.00745	0.00575	0.00676	0.00752	0.00829	0.03682	0.00525	0.00862	0.01037	0.01395	0.02592	0.64861	0.03023	0.01442	0.00625	0.00196	0.00339	0.04975	0.05031	0.05837
31	0.01913	0.06144	0.01529	0.01263	0.01574	0.55047	0.00979	0.15290	0.04913	0.05130	0.00992	0.01070	0.00776	0.00560	0.00477	0.00140	0.00810	0.00375	0.00339	0.00679
32	0.02124	0.00866	0.01146	0.00901	0.01269	0.00776	0.00736	0.02418	0.06789	0.66116	0.05171	0.01881	0.01462	0.00664	0.00519	0.00160	0.00422	0.00543	0.05193	0.00844
33	0.01139	0.01139	0.01595	0.01367	0.01367	0.01595	0.01139	0.01253	0.00798	0.01253	0.00684	0.01139	0.00684	0.00911	0.01709	0.00228	0.80745	0.00456	0.00228	0.00570
34	0.01527	0.01208	0.01519	0.29757	0.06437	0.04070	0.01149	0.33346	0.04114	0.06546	0.01241	0.04563	0.00954	0.00620	0.00525	0.00165	0.00609	0.00509	0.00399	0.00741
35	0.00895	0.00653	0.00788	0.00794	0.00915	0.00653	0.00573	0.14901	0.01328	0.01777	0.10563	0.53842	0.07553	0.01367	0.00630	0.00194	0.00344	0.01213	0.00500	0.00517
36	0.01833	0.01367	0.01466	0.01160	0.01549	0.01521	0.00947	0.58051	0.19451	0.04954	0.01468	0.01421	0.01056	0.00644	0.00523	0.00161	0.00533	0.00497	0.00526	0.00872
37	0.01241	0.38166	0.42362	0.01201	0.01814	0.01577	0.01425	0.01637	0.01093	0.03913	0.00876	0.01003	0.00684	0.00477	0.00424	0.00141	0.00664	0.00342	0.00235	0.00728
38	0.01363	0.01184	0.01214	0.01078	0.01380	0.03716	0.00841	0.07946	0.69902	0.02228	0.02018	0.01863	0.01512	0.00696	0.00527	0.00174	0.00440	0.00573	0.00521	0.00822
39	0.01820	0.01304	0.01392	0.01085	0.01455	0.01436	0.00891	0.64735	0.02233	0.03069	0.01321	0.01360	0.00957	0.00622	0.00496	0.00151	0.00521	0.00471	0.13859	0.00822
40	0.01532	0.01149	0.01289	0.01172	0.05244	0.01277	0.00882	0.14324	0.52464	0.11817	0.01918	0.01780	0.01403	0.00674	0.00527	0.00170	0.00452	0.00556	0.00529	0.00842
41	0.01109	0.17462	0.64799	0.01374	0.02083	0.01368	0.01732	0.01632	0.01092	0.01570	0.00895	0.01050	0.00661	0.00486	0.00465	0.00155	0.00730	0.00365	0.00220	0.00751
42	0.02251	0.00952	0.01240	0.00959	0.01358	0.00872	0.00790	0.09555	0.05371	0.67857	0.01982	0.01732	0.01266	0.00646	0.00524	0.00161	0.00454	0.00522	0.00627	0.00883
43	0.00757	0.00505	0.00568	0.00568	0.00568	0.00505	0.00316	0.00757	0.00757	0.01010	0.01641	0.03408	0.01893	0.81698	0.02651	0.00505	0.00505	0.00757	0.00316	0.00316
44	0.00629	0.00528	0.00546	0.00542	0.00712	0.00445	0.00406	0.00774	0.01219	0.01483	0.13402	0.04887	0.70064	0.01291	0.00615	0.00175	0.00262	0.01082	0.00494	0.00445
45	0.01194	0.00627	0.00827	0.00730	0.00928	0.00564	0.00564	0.01414	0.01429	0.24058	0.47411	0.08584	0.05033	0.00974	0.00584	0.00165	0.00307	0.00848	0.03159	0.00599
46	0.00983	0.00926	0.01562	0.80447	0.03587	0.01157	0.01446	0.01331	0.01041	0.01331	0.00926	0.01388	0.00694	0.00521	0.00521	0.00174	0.00694	0.00463	0.00231	0.00579
47	0.00639	0.00512	0.00574	0.00619	0.00740	0.00453	0.00441	0.00787	0.02927	0.01394	0.04241	0.35392	0.46581	0.01429	0.00633	0.00190	0.00283	0.01239	0.00485	0.00442
48	0.00681	0.00494	0.00625	0.00682	0.00747	0.00468	0.00473	0.00797	0.01053	0.01401	0.13554	0.40835	0.12922	0.13943	0.05248	0.00281	0.00388	0.04527	0.00459	0.00423
49	0.01076	0.01020	0.01730	0.56957	0.26351	0.01181	0.01492	0.01412	0.01085	0.01443	0.00942	0.01358	0.00734	0.00503	0.00519	0.00168	0.00671	0.00463	0.00239	0.00653
50	0.01536	0.02788	0.01798	0.01360	0.01743	0.01371	0.19655	0.33290	0.14291	0.04515	0.01571	0.02743	0.04902	0.02577	0.00639	0.00176	0.03258	0.00575	0.00439	0.00773
51	0.03742	0.00801	0.01099	0.06463	0.05103	0.00884	0.02879	0.03358	0.07381	0.08850	0.01925	0.32209	0.02003	0.06750	0.00904	0.00218	0.12488	0.01959	0.00414	0.00571

[dist]
# distance from previous block
# <min> <max>
0	3

[block]
# block no. 5 follows, 47 sequences, length 142
# corresponding to MSA columns:
# 449-475,477-499,501-592
name=unknown_F
#
# <colnr> <probs for GDERKNQSTAVLIFYWHMCP>
#	G	D	E	R	K	N	Q	S	T	A	V	L	I	F	Y	W	H	M	C	P
0	0.05890	0.01076	0.01659	0.36235	0.19022	0.02760	0.05817	0.02913	0.02538	0.02898	0.00995	0.02490	0.00798	0.00536	0.00570	0.00163	0.05103	0.00465	0.00273	0.07799
1	0.01509	0.10562	0.06295	0.01099	0.01430	0.14891	0.00923	0.22593	0.16427	0.03623	0.01537	0.14003	0.01361	0.00757	0.00514	0.00161	0.00570	0.00604	0.00423	0.00720
2	0.09750	0.00730	0.00894	0.00799	0.01033	0.00690	0.00615	0.05314	0.01300	0.30063	0.09849	0.27457	0.07309	0.01028	0.00563	0.00178	0.00369	0.00881	0.00537	0.00638
3	0.00936	0.00720	0.00945	0.04259	0.01116	0.00754	0.00666	0.08344	0.01035	0.01475	0.01310	0.01954	0.01221	0.13457	0.43814	0.00561	0.00982	0.00528	0.00311	0.15612
4	0.00710	0.00531	0.00658	0.00626	0.00761	0.00480	0.00470	0.00930	0.01409	0.01935	0.61740	0.04143	0.21445	0.01122	0.00614	0.00167	0.00250	0.00977	0.00553	0.00480
5	0.00926	0.00819	0.01339	0.56780	0.02777	0.01007	0.01194	0.01196	0.00973	0.01277	0.01069	0.03204	0.00912	0.04492	0.14367	0.03958	0.02421	0.00511	0.00248	0.00530
6	0.10273	0.00892	0.01157	0.00899	0.01289	0.00799	0.00741	0.02415	0.01432	0.70189	0.03205	0.01719	0.01280	0.00636	0.00506	0.00161	0.00436	0.00508	0.00612	0.00849
7	0.00751	0.00504	0.00568	0.00571	0.00576	0.00501	0.00322	0.00756	0.00773	0.01027	0.01754	0.05511	0.03624	0.77795	0.02553	0.00490	0.00494	0.00784	0.00324	0.00321
8	0.01930	0.01434	0.01535	0.01188	0.01596	0.01592	0.00978	0.71376	0.07866	0.03202	0.01313	0.01300	0.00936	0.00631	0.00522	0.00158	0.00561	0.00478	0.00522	0.00881
9	0.01416	0.78580	0.02675	0.00911	0.01348	0.05407	0.00896	0.01582	0.01076	0.01227	0.00727	0.00840	0.00668	0.00449	0.00340	0.00112	0.00573	0.00281	0.00225	0.00666
10	0.01145	0.01103	0.01762	0.42605	0.33815	0.03896	0.01463	0.01461	0.01110	0.01490	0.00953	0.01337	0.00759	0.00510	0.00545	0.00165	0.02786	0.00459	0.01960	0.00677
11	0.01123	0.00924	0.01084	0.00777	0.01237	0.00697	0.00622	0.01354	0.01094	0.04359	0.00965	0.01104	0.00789	0.00395	0.00390	0.00080	0.00388	0.00316	0.00320	0.81982
12	0.01165	0.01201	0.02008	0.01589	0.01760	0.01471	0.24276	0.01409	0.02433	0.01419	0.00855	0.01260	0.00753	0.00753	0.01310	0.00208	0.52246	0.00508	0.02762	0.00613
13	0.02211	0.01020	0.01373	0.01044	0.01456	0.00953	0.04805	0.16344	0.01656	0.60637	0.01852	0.01656	0.01187	0.00630	0.00528	0.00161	0.00490	0.00518	0.00601	0.00876
14	0.00835	0.00597	0.00835	0.00954	0.01073	0.00596	0.00832	0.01072	0.01195	0.01554	0.02760	0.07376	0.03006	0.01442	0.00718	0.00239	0.00476	0.73483	0.00480	0.00478
15	0.00795	0.00575	0.00736	0.00680	0.00817	0.00544	0.00515	0.04508	0.01519	0.02144	0.74594	0.03767	0.04726	0.01044	0.00610	0.00163	0.00261	0.00920	0.00571	0.00510
16	0.02033	0.01302	0.01461	0.01128	0.01534	0.01390	0.00933	0.57394	0.02192	0.20904	0.01478	0.01493	0.01035	0.00651	0.00527	0.00160	0.00540	0.02420	0.00549	0.00875
17	0.85377	0.01007	0.00765	0.00685	0.01007	0.01168	0.00564	0.01531	0.00886	0.02336	0.00725	0.00846	0.00564	0.00483	0.00322	0.00161	0.00403	0.00282	0.00322	0.00564
18	0.00757	0.00505	0.00568	0.00568	0.00568	0.00505	0.00316	0.00757	0.00757	0.01010	0.01641	0.03408	0.01893	0.81698	0.02651	0.00505	0.00505	0.00757	0.00316	0.00316
19	0.06639	0.01061	0.01256	0.00978	0.01372	0.04596	0.00803	0.14597	0.01615	0.58813	0.01795	0.01599	0.01156	0.00628	0.00510	0.00159	0.00485	0.00493	0.00590	0.00856
20	0.01289	0.01237	0.02114	0.03196	0.78450	0.01237	0.01598	0.01598	0.01186	0.01701	0.00980	0.01289	0.00825	0.00464	0.00516	0.00155	0.00619	0.00464	0.00258	0.00825
21	0.01939	0.00939	0.01175	0.00951	0.01311	0.00906	0.00768	0.02513	0.23621	0.51639	0.05336	0.01900	0.01523	0.00676	0.00527	0.00164	0.00424	0.00556	0.00601	0.02532
22	0.01045	0.02694	0.79000	0.01484	0.02254	0.01209	0.01924	0.01649	0.01099	0.01649	0.00935	0.01099	0.00660	0.00495	0.00495	0.00165	0.00770	0.00385	0.00220	0.00770
23	0.00994	0.00936	0.01581	0.77780	0.06171	0.01160	0.01452	0.01340	0.01046	0.01343	0.00927	0.01385	0.00699	0.00519	0.00520	0.00173	0.00692	0.00463	0.00232	0.00587
24	0.01023	0.00815	0.00866	0.00798	0.01037	0.00847	0.00615	0.01770	0.35893	0.06089	0.05087	0.04941	0.36131	0.01004	0.00572	0.00176	0.00342	0.00839	0.00515	0.00640
25	0.00788	0.00563	0.00780	0.00896	0.00994	0.00555	0.00746	0.00992	0.01158	0.01518	0.04709	0.23752	0.03152	0.01475	0.00704	0.00231	0.00431	0.55607	0.00483	0.00466
26	0.01232	0.01175	0.01998	0.10244	0.68164	0.01195	0.01536	0.01536	0.01164	0.01651	0.01056	0.04753	0.00926	0.00520	0.00522	0.00159	0.00612	0.00508	0.00265	0.00785
27	0.01510	0.00897	0.00974	0.00804	0.01070	0.00941	0.00646	0.29610	0.01647	0.11562	0.01573	0.01663	0.01161	0.00618	0.00442	0.00139	0.00390	0.00484	0.43186	0.00683
28	0.00634	0.00455	0.00602	0.00720	0.00754	0.00423	0.00481	0.00726	0.01002	0.01331	0.02927	0.79550	0.05216	0.01624	0.00664	0.00211	0.00301	0.01471	0.00483	0.00423
29	0.04426	0.00573	0.00710	0.00697	0.00743	0.00631	0.00475	0.00879	0.00797	0.01161	0.01478	0.02717	0.01575	0.47331	0.27877	0.00580	0.04432	0.00652	0.01874	0.00390
30	0.00669	0.00506	0.00618	0.00640	0.00749	0.00455	0.00461	0.00832	0.01239	0.01648	0.32979	0.28885	0.25786	0.01319	0.00631	0.00182	0.00269	0.01159	0.00519	0.00455
31	0.01008	0.00950	0.01606	0.74305	0.09539	0.01163	0.01458	0.01352	0.01053	0.01360	0.00930	0.01380	0.00705	0.00516	0.00520	0.00172	0.00688	0.00463	0.00233	0.00598
32	0.01142	0.01087	0.01848	0.40378	0.42417	0.01199	0.01525	0.01469	0.01116	0.01523	0.00954	0.01337	0.00762	0.00491	0.00518	0.00164	0.00655	0.00463	0.00245	0.00706
33	0.00637	0.00461	0.00604	0.00717	0.00758	0.00427	0.00485	0.00733	0.01013	0.01339	0.03018	0.75176	0.08098	0.01608	0.00663	0.00210	0.00303	0.02842	0.00483	0.00425
34	0.01121	0.01112	0.01560	0.01343	0.01347	0.01551	0.01117	0.01238	0.00799	0.01251	0.00717	0.01182	0.00712	0.01051	0.05337	0.00256	0.77051	0.00460	0.00230	0.00565
35	0.00634	0.00453	0.00604	0.00725	0.00755	0.00423	0.00483	0.00725	0.00997	0.01329	0.02870	0.81358	0.03444	0.01632	0.00665	0.00211	0.00302	0.01480	0.00483	0.00423
36	0.00905	0.00452	0.00678	0.00678	0.00678	0.00452	0.00452	0.00678	0.00678	0.00905	0.00905	0.01583	0.00905	0.01809	0.02035	0.84848	0.00452	0.00452	0.00226	0.00226
37	0.01080	0.00926	0.01080	0.00771	0.01234	0.00694	0.00617	0.01311	0.01080	0.01697	0.00926	0.01080	0.00771	0.00386	0.00386	0.00077	0.00386	0.00309	0.00309	0.84882
38	0.00983	0.00926	0.01562	0.80447	0.03587	0.01157	0.01446	0.01331	0.01041	0.01331	0.00926	0.01388	0.00694	0.00521	0.00521	0.00174	0.00694	0.00463	0.00231	0.00579
39	0.00757	0.00505	0.00568	0.00568	0.00568	0.00505	0.00316	0.00757	0.00757	0.01010	0.01641	0.03408	0.01893	0.81698	0.02651	0.00505	0.00505	0.00757	0.00316	0.00316
40	0.01196	0.01307	0.02526	0.01889	0.02220	0.01420	0.48645	0.01515	0.01069	0.01515	0.00917	0.01307	0.00751	0.00614	0.01020	0.00195	0.30437	0.00556	0.00250	0.00653
41	0.00715	0.00516	0.00677	0.00670	0.00773	0.00477	0.00490	0.00928	0.01373	0.01928	0.62272	0.20250	0.04603	0.01184	0.00625	0.00174	0.00258	0.01056	0.00554	0.00477
42	0.02654	0.09962	0.01306	0.01009	0.01205	0.07857	0.05684	0.08657	0.01135	0.01500	0.01491	0.17942	0.01501	0.02009	0.29691	0.00416	0.04409	0.00682	0.00335	0.00555
43	0.00959	0.00581	0.00767	0.00693	0.00854	0.00529	0.00529	0.01198	0.01476	0.12717	0.67629	0.03597	0.04412	0.01006	0.00602	0.00163	0.00273	0.00884	0.00583	0.00546
44	0.02005	0.01372	0.01533	0.01230	0.04228	0.01484	0.00980	0.63844	0.02272	0.13691	0.01352	0.01324	0.00939	0.00622	0.00521	0.00157	0.00557	0.00476	0.00529	0.00884
45	0.03729	0.07097	0.13594	0.01566	0.02072	0.01209	0.34285	0.01943	0.06102	0.21149	0.01324	0.01432	0.00933	0.00518	0.00541	0.00166	0.00688	0.00524	0.00369	0.00760
46	0.01278	0.39430	0.34183	0.01137	0.01696	0.03117	0.01297	0.01632	0.01126	0.05534	0.04489	0.01139	0.00895	0.00507	0.00427	0.00139	0.00632	0.00368	0.00261	0.00712
47	0.00634	0.00453	0.00604	0.00725	0.00755	0.00423	0.00483	0.00725	0.00997	0.01329	0.02870	0.81358	0.03444	0.01632	0.00665	0.00211	0.00302	0.01480	0.00483	0.00423
48	0.01045	0.02694	0.79000	0.01484	0.02254	0.01209	0.01924	0.01649	0.01099	0.01649	0.00935	0.01099	0.00660	0.00495	0.00495	0.00165	0.00770	0.00385	0.00220	0.00770
49	0.01122	0.01101	0.05261	0.55128	0.13849	0.01200	0.03419	0.07930	0.01193	0.01590	0.00982	0.01362	0.00744	0.00520	0.00518	0.00168	0.00671	0.00464	0.02128	0.00650
50	0.02894	0.22878	0.15999	0.01153	0.01570	0.18343	0.01099	0.08560	0.01321	0.12481	0.01032	0.01120	0.00788	0.00556	0.00535	0.00146	0.06384	0.00379	0.02049	0.00711
51	0.01127	0.00924	0.01085	0.00777	0.01238	0.00697	0.00623	0.01357	0.01095	0.04593	0.00968	0.01106	0.00791	0.00395	0.00391	0.00080	0.00388	0.00317	0.00321	0.81727
52	0.01107	0.00942	0.01094	0.00784	0.01246	0.00722	0.00628	0.03561	0.01121	0.01744	0.00935	0.01085	0.00775	0.00393	0.00390	0.00079	0.00391	0.00313	0.00315	0.82375
53	0.01099	0.13546	0.51011	0.01280	0.03537	0.01216	0.01494	0.01593	0.03162	0.03472	0.06896	0.01453	0.03035	0.00565	0.00480	0.00155	0.00642	0.00445	0.04200	0.00718
54	0.00737	0.00532	0.00696	0.00655	0.00778	0.00491	0.00491	0.00983	0.01474	0.02088	0.78175	0.03890	0.04914	0.01065	0.00614	0.00164	0.00246	0.00942	0.00573	0.00491
55	0.00720	0.00532	0.00673	0.00637	0.00768	0.00484	0.00478	0.00950	0.01434	0.01993	0.67992	0.04047	0.15156	0.01100	0.00614	0.00165	0.00248	0.00964	0.00561	0.00484
56	0.01392	0.82012	0.02729	0.00891	0.01337	0.02061	0.00891	0.01559	0.01058	0.01225	0.00724	0.00835	0.00668	0.00446	0.00334	0.00111	0.00557	0.00278	0.00223	0.00668
57	0.00656	0.00528	0.00579	0.00567	0.00722	0.00457	0.00422	0.00818	0.01260	0.01599	0.27002	0.04628	0.53997	0.03641	0.00676	0.00182	0.00266	0.01042	0.00505	0.00451
58	0.00983	0.00926	0.01562	0.80447	0.03587	0.01157	0.01446	0.01331	0.01041	0.01331	0.00926	0.01388	0.00694	0.00521	0.00521	0.00174	0.00694	0.00463	0.00231	0.00579
59	0.00747	0.00539	0.00710	0.00685	0.00808	0.00502	0.00526	0.00992	0.01447	0.02036	0.70687	0.04087	0.04723	0.01102	0.00625	0.00171	0.00269	0.08290	0.00564	0.00490
60	0.03420	0.01011	0.01191	0.00866	0.01320	0.00847	0.02683	0.11361	0.01268	0.03309	0.00987	0.01117	0.00791	0.00426	0.00411	0.00094	0.00425	0.00341	0.00342	0.67790
61	0.00808	0.00577	0.00804	0.00924	0.01030	0.00573	0.00785	0.01025	0.01168	0.01524	0.02774	0.17299	0.03065	0.01468	0.00711	0.00235	0.00453	0.63826	0.00480	0.00471
62	0.01616	0.01309	0.01356	0.01129	0.01477	0.03773	0.00903	0.35349	0.42147	0.02638	0.01697	0.01608	0.01252	0.00666	0.00524	0.00166	0.00499	0.00528	0.00518	0.00845
63	0.01319	0.01201	0.01514	0.01634	0.22772	0.08122	0.03836	0.06442	0.09514	0.04476	0.03502	0.04817	0.01127	0.00579	0.00544	0.00141	0.04078	0.00490	0.00350	0.23542
64	0.01334	0.00805	0.01024	0.00892	0.01117	0.04166	0.00709	0.01523	0.01097	0.24427	0.01528	0.03865	0.01239	0.02059	0.34655	0.00446	0.05519	0.00528	0.03852	0.09215
65	0.00839	0.00599	0.00839	0.00959	0.01079	0.00599	0.00839	0.01079	0.01199	0.01558	0.02757	0.05874	0.02997	0.01439	0.00719	0.00240	0.00480	0.74945	0.00480	0.00480
66	0.02601	0.00925	0.07164	0.10722	0.10288	0.02850	0.02437	0.01229	0.01258	0.05287	0.25476	0.06991	0.14701	0.00918	0.00577	0.00172	0.00446	0.04954	0.00428	0.00577
67	0.82466	0.01065	0.03466	0.00712	0.01050	0.01170	0.00611	0.01535	0.00894	0.02313	0.00732	0.00855	0.00567	0.00484	0.00328	0.00161	0.00416	0.00286	0.00319	0.00571
68	0.00615	0.00528	0.00528	0.00528	0.00703	0.00440	0.00396	0.00747	0.01187	0.01407	0.05276	0.05012	0.78238	0.01319	0.00615	0.00176	0.00264	0.01099	0.00484	0.00440
69	0.01229	0.01405	0.03073	0.02195	0.02722	0.01317	0.76558	0.01668	0.01229	0.01668	0.01054	0.01405	0.00790	0.00439	0.00615	0.00176	0.00878	0.00615	0.00263	0.00702
70	0.01484	0.01217	0.01821	0.05570	0.46911	0.04558	0.03316	0.03419	0.10535	0.14011	0.01287	0.01436	0.00980	0.00530	0.00520	0.00159	0.00589	0.00487	0.00357	0.00813
71	0.02320	0.00912	0.01225	0.00939	0.01342	0.00804	0.00776	0.05915	0.01534	0.75372	0.02018	0.01749	0.01271	0.00644	0.00524	0.00161	0.00449	0.00521	0.00639	0.00886
72	0.00666	0.00527	0.00599	0.00586	0.00736	0.00460	0.00438	0.00843	0.01297	0.01682	0.34903	0.07190	0.45773	0.01226	0.00617	0.00172	0.00258	0.01048	0.00520	0.00460
73	0.00640	0.00505	0.00578	0.00609	0.00731	0.00442	0.00438	0.00777	0.01171	0.01487	0.15731	0.28820	0.43469	0.01378	0.00631	0.00185	0.00273	0.01195	0.00497	0.00442
74	0.06497	0.07229	0.65042	0.01366	0.02067	0.01232	0.01710	0.01687	0.01106	0.06056	0.00972	0.01106	0.00690	0.00500	0.00476	0.00161	0.00715	0.00380	0.00251	0.00757
75	0.01108	0.00670	0.00850	0.00751	0.00948	0.00637	0.00581	0.02973	0.08338	0.16385	0.54436	0.03285	0.05026	0.00949	0.00588	0.00164	0.00304	0.00825	0.00580	0.00602
76	0.00825	0.00593	0.00821	0.00936	0.01056	0.00589	0.00813	0.01057	0.01194	0.01547	0.02868	0.07384	0.06253	0.01437	0.00714	0.00236	0.00467	0.70252	0.00480	0.00477
77	0.03536	0.79944	0.02679	0.00886	0.01328	0.02038	0.00883	0.01559	0.01054	0.01254	0.00724	0.00836	0.00666	0.00447	0.00334	0.00113	0.00553	0.00279	0.00225	0.00666
78	0.02336	0.00886	0.01209	0.00927	0.01329	0.00765	0.00765	0.02538	0.01491	0.78810	0.02055	0.01773	0.01289	0.00645	0.00524	0.00161	0.00443	0.00524	0.00645	0.00886
79	0.00971	0.00485	0.00485	0.00485	0.00607	0.00485	0.00364	0.01213	0.01092	0.01942	0.01699	0.01942	0.01335	0.00607	0.00364	0.00121	0.00243	0.00485	0.84589	0.00485
80	0.00634	0.00453	0.00604	0.00725	0.00755	0.00423	0.00483	0.00725	0.00997	0.01329	0.02870	0.81358	0.03444	0.01632	0.00665	0.00211	0.00302	0.01480	0.00483	0.00423
81	0.01289	0.01237	0.02114	0.03196	0.78450	0.01237	0.01598	0.01598	0.01186	0.01701	0.00980	0.01289	0.00825	0.00464	0.00516	0.00155	0.00619	0.00464	0.00258	0.00825
82	0.01045	0.02694	0.79000	0.01484	0.02254	0.01209	0.01924	0.01649	0.01099	0.01649	0.00935	0.01099	0.00660	0.00495	0.00495	0.00165	0.00770	0.00385	0.00220	0.00770
83	0.00753	0.00542	0.00738	0.00853	0.00942	0.00527	0.00687	0.00933	0.01124	0.01467	0.02913	0.33782	0.06560	0.01505	0.00694	0.00226	0.00404	0.44411	0.00481	0.00457
84	0.01007	0.00956	0.01633	0.74081	0.07720	0.01166	0.03448	0.01354	0.01054	0.01360	0.00932	0.01383	0.00704	0.00515	0.00523	0.00173	0.00695	0.00467	0.00234	0.00595
85	0.04849	0.01157	0.01931	0.20466	0.58267	0.01216	0.01519	0.01535	0.01140	0.01645	0.00956	0.01292	0.00784	0.00478	0.00508	0.00159	0.00626	0.00456	0.00255	0.00758
86	0.01295	0.01119	0.01178	0.01060	0.01354	0.01295	0.00824	0.02767	0.77509	0.02178	0.02120	0.01943	0.01590	0.00707	0.00530	0.00177	0.00412	0.00589	0.00530	0.00824
87	0.01892	0.02397	0.01448	0.01319	0.01580	0.76119	0.00991	0.02029	0.01448	0.01272	0.00831	0.00988	0.00699	0.00685	0.03967	0.00165	0.00959	0.00345	0.00269	0.00598
88	0.01273	0.01221	0.02085	0.07271	0.74502	0.01233	0.01590	0.01584	0.01178	0.01682	0.00977	0.01294	0.00818	0.00467	0.00516	0.00156	0.00623	0.00464	0.00256	0.00812
89	0.00731	0.00532	0.00688	0.00649	0.00775	0.00489	0.00487	0.00972	0.01461	0.02057	0.74781	0.03942	0.08327	0.01076	0.00614	0.00164	0.00247	0.00949	0.00569	0.00489
90	0.01392	0.82012	0.02729	0.00891	0.01337	0.02061	0.00891	0.01559	0.01058	0.01225	0.00724	0.00835	0.00668	0.00446	0.00334	0.00111	0.00557	0.00278	0.00223	0.00668
91	0.00731	0.00532	0.00687	0.00648	0.00774	0.00489	0.00486	0.00970	0.01459	0.02052	0.74330	0.03949	0.08781	0.01078	0.00614	0.00164	0.00247	0.00950	0.00569	0.00489
92	0.01084	0.11665	0.70374	0.01417	0.02150	0.01306	0.01807	0.01639	0.01095	0.01601	0.00911	0.01070	0.00661	0.00489	0.00477	0.00159	0.00746	0.00373	0.00220	0.00758
93	0.01358	0.74136	0.10302	0.00950	0.01428	0.01976	0.00994	0.01568	0.01062	0.01267	0.00745	0.00862	0.00667	0.00450	0.00350	0.00117	0.00578	0.00289	0.00222	0.00678
94	0.00634	0.00453	0.00604	0.00725	0.00755	0.00423	0.00483	0.00725	0.00997	0.01329	0.02870	0.81358	0.03444	0.01632	0.00665	0.00211	0.00302	0.01480	0.00483	0.00423
95	0.01313	0.01128	0.01188	0.01063	0.01361	0.01304	0.00829	0.04692	0.75555	0.02207	0.02097	0.01925	0.01571	0.00704	0.00530	0.00176	0.00416	0.00586	0.00530	0.00826
96	0.00727	0.00529	0.00684	0.00652	0.00773	0.00486	0.00486	0.00960	0.01440	0.02023	0.71456	0.07229	0.08398	0.01101	0.00616	0.00166	0.00249	0.00972	0.00565	0.00486
97	0.01093	0.13682	0.68433	0.01402	0.02127	0.01327	0.01781	0.01637	0.01094	0.01590	0.00905	0.01063	0.00661	0.00488	0.00473	0.00158	0.00740	0.00370	0.00220	0.00756
98	0.01814	0.02094	0.01619	0.01708	0.17548	0.53437	0.01127	0.11468	0.01539	0.01618	0.00898	0.01051	0.00730	0.00533	0.00486	0.00141	0.00826	0.00379	0.00298	0.00685
99	0.85377	0.01007	0.00765	0.00685	0.01007	0.01168	0.00564	0.01531	0.00886	0.02336	0.00725	0.00846	0.00564	0.00483	0.00322	0.00161	0.00403	0.00282	0.00322	0.00564
100	0.00634	0.00453	0.00604	0.00725	0.00755	0.00423	0.00483	0.00725	0.00997	0.01329	0.02870	0.81358	0.03444	0.01632	0.00665	0.00211	0.00302	0.01480	0.00483	0.00423
101	0.00780	0.00518	0.00584	0.00583	0.00596	0.00520	0.00337	0.02089	0.00809	0.01096	0.01693	0.06949	0.01929	0.73766	0.02442	0.00472	0.00488	0.00777	0.03236	0.00336
102	0.01289	0.01237	0.02114	0.03196	0.78450	0.01237	0.01598	0.01598	0.01186	0.01701	0.00980	0.01289	0.00825	0.00464	0.00516	0.00155	0.00619	0.00464	0.00258	0.00825
103	0.01980	0.01459	0.01563	0.01198	0.01615	0.01615	0.00990	0.76713	0.02448	0.03282	0.01250	0.01250	0.00886	0.00625	0.00521	0.00156	0.00573	0.00469	0.00521	0.00886
104	0.00757	0.00505	0.00568	0.00568	0.00568	0.00505	0.00316	0.00757	0.00757	0.01010	0.01641	0.03408	0.01893	0.81698	0.02651	0.00505	0.00505	0.00757	0.00316	0.00316
105	0.01442	0.77733	0.02649	0.00893	0.01336	0.01992	0.00884	0.01611	0.01081	0.05317	0.00794	0.00885	0.00701	0.00456	0.00344	0.00114	0.00551	0.00291	0.00245	0.00680
106	0.01045	0.02694	0.79000	0.01484	0.02254	0.01209	0.01924	0.01649	0.01099	0.01649	0.00935	0.01099	0.00660	0.00495	0.00495	0.00165	0.00770	0.00385	0.00220	0.00770
107	0.00619	0.00528	0.00532	0.00531	0.00705	0.00441	0.00398	0.00754	0.01195	0.01425	0.07209	0.04982	0.76293	0.01312	0.00615	0.00176	0.00263	0.01095	0.00486	0.00441
108	0.00728	0.00528	0.00686	0.00655	0.00775	0.00486	0.00488	0.00962	0.01440	0.02027	0.71934	0.08106	0.07022	0.01103	0.00617	0.00167	0.00249	0.00976	0.00566	0.00486
109	0.00993	0.00936	0.01580	0.77986	0.05971	0.01160	0.01451	0.01339	0.01046	0.01342	0.00927	0.01385	0.00698	0.00519	0.00520	0.00173	0.00692	0.00463	0.00232	0.00586
110	0.01030	0.00950	0.01562	0.76758	0.03495	0.01178	0.01425	0.04840	0.01107	0.01421	0.00941	0.01382	0.00703	0.00526	0.00521	0.00173	0.00689	0.00463	0.00245	0.00593
111	0.01229	0.01405	0.03073	0.02195	0.02722	0.01317	0.76558	0.01668	0.01229	0.01668	0.01054	0.01405	0.00790	0.00439	0.00615	0.00176	0.00878	0.00615	0.00263	0.00702
112	0.00634	0.00453	0.00604	0.00725	0.00755	0.00423	0.00483	0.00725	0.00997	0.01329	0.02870	0.81358	0.03444	0.01632	0.00665	0.00211	0.00302	0.01480	0.00483	0.00423
113	0.01392	0.82012	0.02729	0.00891	0.01337	0.02061	0.00891	0.01559	0.01058	0.01225	0.00724	0.00835	0.00668	0.00446	0.00334	0.00111	0.00557	0.00278	0.00223	0.00668
114	0.01080	0.00926	0.01080	0.00771	0.01234	0.00694	0.00617	0.01311	0.01080	0.01697	0.00926	0.01080	0.00771	0.00386	0.00386	0.00077	0.00386	0.00309	0.00309	0.84882
