[name]
unknown

[dist]
# distance from previous block
# <min> <max>
0	0

[block]
# block no. 0 follows, 47 sequences, length 25
# corresponding to MSA columns:
# 0-24
name=unknown_A
#
# <colnr> <probs for GDERKNQSTAVLIFYWHMCP>
#	G	D	E	R	K	N	Q	S	T	A	V	L	I	F	Y	W	H	M	C	P
0	0.00839	0.00599	0.00839	0.00959	0.01079	0.00599	0.00839	0.01079	0.01199	0.01558	0.02757	0.05874	0.02997	0.01439	0.00719	0.00240	0.00480	0.74945	0.00480	0.00480
1	0.01392	0.82012	0.02729	0.00891	0.01337	0.02061	0.00891	0.01559	0.01058	0.01225	0.00724	0.00835	0.00668	0.00446	0.00334	0.00111	0.00557	0.00278	0.00223	0.00668
2	0.00746	0.00500	0.00571	0.00582	0.00585	0.00497	0.00331	0.00754	0.00779	0.01039	0.01753	0.10551	0.02035	0.74362	0.02469	0.00478	0.00486	0.00824	0.00331	0.00325
3	0.01298	0.00928	0.00952	0.00859	0.01075	0.10720	0.00656	0.03290	0.09638	0.18241	0.26415	0.14580	0.07272	0.00960	0.00573	0.00169	0.00411	0.00817	0.00525	0.00621
4	0.01045	0.02694	0.79000	0.01484	0.02254	0.01209	0.01924	0.01649	0.01099	0.01649	0.00935	0.01099	0.00660	0.00495	0.00495	0.00165	0.00770	0.00385	0.00220	0.00770
5	0.00632	0.00463	0.00594	0.00699	0.00748	0.00425	0.00472	0.00728	0.01022	0.01340	0.03192	0.71133	0.13462	0.01590	0.00658	0.00207	0.00297	0.01429	0.00483	0.00425
6	0.01045	0.02694	0.79000	0.01484	0.02254	0.01209	0.01924	0.01649	0.01099	0.01649	0.00935	0.01099	0.00660	0.00495	0.00495	0.00165	0.00770	0.00385	0.00220	0.00770
7	0.08116	0.00961	0.01273	0.00983	0.01377	0.00895	0.04314	0.08308	0.03535	0.59710	0.01841	0.01656	0.01191	0.00623	0.00509	0.00161	0.00465	0.00507	0.02731	0.00843
8	0.00729	0.00589	0.00657	0.00638	0.00806	0.00545	0.00486	0.01030	0.08651	0.01700	0.27564	0.04404	0.44699	0.01186	0.00611	0.00175	0.00282	0.04238	0.00516	0.00495
9	0.01045	0.02694	0.79000	0.01484	0.02254	0.01209	0.01924	0.01649	0.01099	0.01649	0.00935	0.01099	0.00660	0.00495	0.00495	0.00165	0.00770	0.00385	0.00220	0.00770
10	0.85377	0.01007	0.00765	0.00685	0.01007	0.01168	0.00564	0.01531	0.00886	0.02336	0.00725	0.00846	0.00564	0.00483	0.00322	0.00161	0.00403	0.00282	0.00322	0.00564
11	0.00642	0.00459	0.00611	0.00720	0.00757	0.00428	0.00484	0.00744	0.01033	0.01386	0.08513	0.75554	0.03554	0.01589	0.00661	0.00208	0.00298	0.01440	0.00490	0.00428
12	0.00983	0.00926	0.01562	0.80447	0.03587	0.01157	0.01446	0.01331	0.01041	0.01331	0.00926	0.01388	0.00694	0.00521	0.00521	0.00174	0.00694	0.00463	0.00231	0.00579
13	0.00870	0.00455	0.00665	0.00677	0.00680	0.00452	0.00448	0.00687	0.00714	0.00952	0.01137	0.09447	0.01207	0.06264	0.01936	0.71892	0.00441	0.00569	0.00256	0.00250
14	0.01536	0.01128	0.01256	0.00985	0.01363	0.01146	0.00795	0.32128	0.13762	0.07835	0.07634	0.01581	0.01332	0.00611	0.00491	0.00139	0.00455	0.00488	0.02276	0.23059
15	0.00905	0.00452	0.00678	0.00678	0.00678	0.00452	0.00452	0.00678	0.00678	0.00905	0.00905	0.01583	0.00905	0.01809	0.02035	0.84848	0.00452	0.00452	0.00226	0.00226
16	0.01802	0.02242	0.01497	0.01346	0.01567	0.65690	0.01030	0.01932	0.01355	0.01271	0.00783	0.00975	0.00673	0.00604	0.00691	0.00151	0.15177	0.00357	0.00261	0.00598
17	0.01939	0.01401	0.05378	0.01157	0.01580	0.01430	0.00987	0.55066	0.07991	0.15518	0.01433	0.01382	0.00995	0.00628	0.00521	0.00159	0.00549	0.00483	0.00527	0.00875
18	0.00905	0.00452	0.00678	0.00678	0.00678	0.00452	0.00452	0.00678	0.00678	0.00905	0.00905	0.01583	0.00905	0.01809	0.02035	0.84848	0.00452	0.00452	0.00226	0.00226
19	0.01150	0.00923	0.01087	0.00780	0.01239	0.00698	0.00625	0.01380	0.01103	0.06004	0.00989	0.01119	0.00800	0.00400	0.00393	0.00082	0.00389	0.00321	0.00327	0.80191
20	0.01499	0.01043	0.01178	0.00960	0.01301	0.01071	0.00767	0.20633	0.23433	0.14196	0.10764	0.01984	0.05117	0.00699	0.00519	0.00153	0.00427	0.00572	0.00516	0.13166
21	0.01571	0.01368	0.08481	0.03067	0.03527	0.01355	0.01006	0.38402	0.22061	0.04405	0.01558	0.05979	0.01226	0.02854	0.00586	0.00175	0.00532	0.00558	0.00478	0.00809
22	0.09015	0.01089	0.01688	0.17688	0.41260	0.01114	0.01293	0.01602	0.01149	0.09210	0.01045	0.01294	0.00815	0.00487	0.00486	0.00152	0.00573	0.00437	0.00301	0.09302
23	0.01606	0.01227	0.01293	0.01034	0.01397	0.04422	0.00832	0.39681	0.11652	0.06586	0.01744	0.05393	0.07394	0.00702	0.00515	0.00151	0.00496	0.00558	0.00483	0.12835
24	0.01431	0.23752	0.37495	0.01227	0.01799	0.08591	0.01368	0.05975	0.01246	0.11034	0.01021	0.01104	0.00753	0.00511	0.00454	0.00147	0.00677	0.00373	0.00294	0.00748

[dist]
# distance from previous block
# <min> <max>
0	11

[block]
# block no. 1 follows, 47 sequences, length 12
# corresponding to MSA columns:
# 36-47
name=unknown_B
#
# <colnr> <probs for GDERKNQSTAVLIFYWHMCP>
#	G	D	E	R	K	N	Q	S	T	A	V	L	I	F	Y	W	H	M	C	P
0	0.00698	0.00512	0.00674	0.00756	0.00835	0.00467	0.00537	0.00818	0.01028	0.01389	0.02685	0.65479	0.03156	0.01499	0.00646	0.00203	0.00330	0.09931	0.00468	0.07889
1	0.00735	0.00568	0.00674	0.00641	0.00792	0.00527	0.00483	0.01023	0.06249	0.01881	0.50544	0.04116	0.27599	0.01121	0.00609	0.00168	0.00262	0.00968	0.00542	0.00497
2	0.00670	0.00523	0.00608	0.00601	0.00741	0.00461	0.00445	0.00848	0.01296	0.01698	0.36969	0.11263	0.39541	0.01235	0.00619	0.00174	0.00259	0.01064	0.00523	0.00461
3	0.01080	0.00926	0.01080	0.00771	0.01234	0.00694	0.00617	0.01311	0.01080	0.01697	0.00926	0.01080	0.00771	0.00386	0.00386	0.00077	0.00386	0.00309	0.00309	0.84882
4	0.00743	0.00550	0.00674	0.00743	0.00803	0.00552	0.00500	0.01001	0.11091	0.01387	0.02562	0.57569	0.02935	0.15139	0.00985	0.00257	0.00351	0.01239	0.00461	0.00458
5	0.16207	0.01268	0.01349	0.01058	0.01451	0.01378	0.00871	0.47823	0.05385	0.16079	0.01338	0.01302	0.00932	0.00608	0.00488	0.00159	0.00514	0.00452	0.00509	0.00828
6	0.00658	0.00520	0.00593	0.00594	0.00735	0.00455	0.00438	0.00823	0.01260	0.01625	0.29340	0.14006	0.44557	0.01272	0.00621	0.00176	0.00262	0.01093	0.00514	0.00455
7	0.00773	0.00556	0.00760	0.00874	0.00973	0.00544	0.00721	0.00967	0.01144	0.01489	0.02916	0.26144	0.06963	0.01484	0.00699	0.00229	0.00421	0.51400	0.00481	0.00462
8	0.01176	0.00674	0.00832	0.00737	0.00894	0.00725	0.02429	0.03981	0.01135	0.10796	0.01563	0.01793	0.01218	0.00876	0.06114	0.00192	0.10253	0.00494	0.53557	0.00560
9	0.01489	0.01394	0.01275	0.01125	0.01429	0.14823	0.00875	0.11477	0.55450	0.02154	0.01789	0.01687	0.01347	0.00668	0.00518	0.00167	0.00522	0.00531	0.00484	0.00794
10	0.01040	0.00880	0.01035	0.00758	0.01181	0.00671	0.00602	0.01273	0.01126	0.01743	0.09920	0.01407	0.01254	0.00465	0.00412	0.00087	0.00369	0.00382	0.00339	0.75056
11	0.00634	0.00453	0.00604	0.00725	0.00755	0.00423	0.00483	0.00725	0.00997	0.01329	0.02870	0.81358	0.03444	0.01632	0.00665	0.00211	0.00302	0.01480	0.00483	0.00423

[dist]
# distance from previous block
# <min> <max>
2	6

[block]
# block no. 2 follows, 47 sequences, length 14
# corresponding to MSA columns:
# 56-69
name=unknown_C
#
# <colnr> <probs for GDERKNQSTAVLIFYWHMCP>
#	G	D	E	R	K	N	Q	S	T	A	V	L	I	F	Y	W	H	M	C	P
0	0.01595	0.11003	0.06497	0.01133	0.01541	0.09726	0.04550	0.22649	0.13505	0.08751	0.03651	0.01381	0.01074	0.00578	0.00485	0.00145	0.00570	0.00454	0.00417	0.10298
1	0.08049	0.19912	0.46288	0.01196	0.01769	0.01302	0.01411	0.01510	0.01061	0.01574	0.01100	0.10535	0.00984	0.00618	0.00465	0.00158	0.00637	0.00483	0.00260	0.00689
2	0.00670	0.00491	0.00634	0.00732	0.00784	0.00468	0.00498	0.00836	0.04684	0.01408	0.06446	0.71668	0.05628	0.01551	0.00654	0.00207	0.00304	0.01401	0.00490	0.00446
3	0.01084	0.00939	0.01113	0.00809	0.01243	0.00751	0.00650	0.01308	0.01062	0.01669	0.00910	0.01084	0.00766	0.00419	0.00469	0.00087	0.05476	0.00318	0.00303	0.79542
4	0.00731	0.00570	0.00674	0.00706	0.00822	0.00549	0.00506	0.01034	0.10779	0.01591	0.16850	0.38559	0.22007	0.01336	0.00626	0.00190	0.00296	0.01177	0.00505	0.00490
5	0.00633	0.00460	0.00597	0.00706	0.00750	0.00425	0.00475	0.00727	0.01015	0.01337	0.03099	0.74084	0.10571	0.01602	0.00660	0.00208	0.00298	0.01444	0.00483	0.00425
6	0.01194	0.01093	0.03236	0.02726	0.01395	0.03987	0.02291	0.07614	0.03049	0.01812	0.00979	0.01123	0.00792	0.00426	0.00414	0.00095	0.00451	0.00341	0.00325	0.66655
7	0.00744	0.00558	0.00837	0.00837	0.00930	0.00651	0.00651	0.00930	0.00837	0.01209	0.01395	0.02046	0.01302	0.03906	0.79635	0.00837	0.01395	0.00558	0.00279	0.00465
8	0.01361	0.48188	0.15909	0.01080	0.01540	0.01686	0.03457	0.01614	0.01080	0.07284	0.00878	0.01011	0.00724	0.00511	0.00518	0.00136	0.08194	0.00345	0.00260	0.04223
9	0.01080	0.00926	0.01080	0.00771	0.01234	0.00694	0.00617	0.01311	0.01080	0.01697	0.00926	0.01080	0.00771	0.00386	0.00386	0.00077	0.00386	0.00309	0.00309	0.84882
10	0.00647	0.00466	0.00613	0.00708	0.00756	0.00432	0.00481	0.00759	0.01065	0.01429	0.12540	0.68401	0.06679	0.01547	0.00656	0.00204	0.00293	0.01396	0.00495	0.00432
11	0.00931	0.00738	0.00894	0.12706	0.01313	0.02200	0.00692	0.03618	0.09633	0.05223	0.05356	0.17726	0.26206	0.05852	0.00741	0.00202	0.02424	0.02567	0.00442	0.00537
12	0.00971	0.00485	0.00485	0.00485	0.00607	0.00485	0.00364	0.01213	0.01092	0.01942	0.01699	0.01942	0.01335	0.00607	0.00364	0.00121	0.00243	0.00485	0.84589	0.00485
13	0.03663	0.01240	0.01481	0.03395	0.15601	0.04074	0.01019	0.31280	0.10033	0.12670	0.01568	0.04008	0.04240	0.00665	0.00553	0.00163	0.02552	0.00536	0.00459	0.00802

[dist]
# distance from previous block
# <min> <max>
0	7

[block]
# block no. 3 follows, 47 sequences, length 25
# corresponding to MSA columns:
# 77-101
name=unknown_D
#
# <colnr> <probs for GDERKNQSTAVLIFYWHMCP>
#	G	D	E	R	K	N	Q	S	T	A	V	L	I	F	Y	W	H	M	C	P
0	0.00971	0.00485	0.00485	0.00485	0.00607	0.00485	0.00364	0.01213	0.01092	0.01942	0.01699	0.01942	0.01335	0.00607	0.00364	0.00121	0.00243	0.00485	0.84589	0.00485
1	0.47031	0.01093	0.01125	0.12626	0.01561	0.06056	0.04145	0.03405	0.01078	0.12753	0.00988	0.01148	0.00735	0.01977	0.00479	0.00169	0.02281	0.00377	0.00350	0.00623
2	0.10659	0.00935	0.01187	0.00920	0.01315	0.00860	0.00759	0.07157	0.01491	0.66319	0.01870	0.01646	0.01191	0.00627	0.00503	0.00161	0.00447	0.00496	0.00604	0.00854
3	0.01073	0.00629	0.00801	0.00713	0.00906	0.00576	0.00550	0.01349	0.04715	0.17650	0.50757	0.03507	0.12712	0.00994	0.00592	0.00165	0.00295	0.00860	0.00575	0.00580
4	0.00634	0.00453	0.00604	0.00725	0.00755	0.00423	0.00483	0.00725	0.00997	0.01329	0.02870	0.81358	0.03444	0.01632	0.00665	0.00211	0.00302	0.01480	0.00483	0.00423
5	0.01945	0.02482	0.01476	0.01342	0.01610	0.79608	0.01006	0.02079	0.01476	0.01275	0.00805	0.00939	0.00671	0.00537	0.00470	0.00134	0.00939	0.00335	0.00268	0.00604
6	0.01080	0.00926	0.01080	0.00771	0.01234	0.00694	0.00617	0.01311	0.01080	0.01697	0.00926	0.01080	0.00771	0.00386	0.00386	0.00077	0.00386	0.00309	0.00309	0.84882
7	0.00746	0.00549	0.00792	0.00792	0.00870	0.00627	0.00595	0.00901	0.00824	0.01176	0.01436	0.02271	0.01400	0.16771	0.66903	0.00782	0.01248	0.00591	0.00285	0.00440
8	0.04343	0.00952	0.01174	0.00917	0.01285	0.00909	0.00753	0.17055	0.01613	0.51917	0.01813	0.01665	0.01195	0.00631	0.00497	0.00155	0.00442	0.00501	0.11354	0.00826
9	0.01026	0.00995	0.01558	0.76931	0.03499	0.04643	0.01427	0.01364	0.01061	0.01328	0.00920	0.01368	0.00693	0.00521	0.00518	0.00172	0.00705	0.00457	0.00233	0.00580
10	0.00726	0.00528	0.00693	0.00668	0.00784	0.00495	0.00498	0.00953	0.01389	0.01956	0.65543	0.09807	0.06579	0.01293	0.05563	0.00210	0.00322	0.00964	0.00545	0.00483
11	0.01331	0.57989	0.12821	0.01049	0.01474	0.04555	0.01067	0.01549	0.01044	0.01288	0.00750	0.00914	0.00669	0.00516	0.00541	0.00135	0.11099	0.00318	0.00225	0.00667
12	0.00844	0.00689	0.00984	0.00939	0.01029	0.00847	0.00743	0.01098	0.05629	0.01277	0.01323	0.01889	0.01218	0.03210	0.61796	0.00695	0.14457	0.00543	0.00286	0.00505
13	0.07745	0.06192	0.01914	0.10785	0.02030	0.01207	0.26150	0.01937	0.16649	0.13318	0.02757	0.01522	0.01065	0.00547	0.00524	0.00164	0.00610	0.00526	0.00380	0.03980
14	0.01888	0.01283	0.01415	0.01107	0.01488	0.01395	0.00908	0.56403	0.06280	0.12736	0.01428	0.01421	0.01015	0.00772	0.03918	0.00186	0.00568	0.00487	0.04458	0.00846
15	0.01393	0.00960	0.01546	0.47861	0.13747	0.01063	0.01284	0.01695	0.01183	0.22306	0.01238	0.01478	0.00874	0.00546	0.00521	0.00167	0.00616	0.00479	0.00347	0.00697
16	0.00684	0.00588	0.00713	0.13766	0.01188	0.00560	0.00581	0.00854	0.01163	0.01423	0.08047	0.10121	0.56072	0.01198	0.00603	0.00178	0.00337	0.01015	0.00446	0.00464
17	0.00905	0.00452	0.00678	0.00678	0.00678	0.00452	0.00452	0.00678	0.00678	0.00905	0.00905	0.01583	0.00905	0.01809	0.02035	0.84848	0.00452	0.00452	0.00226	0.00226
18	0.06174	0.00914	0.01011	0.00879	0.01086	0.03450	0.00687	0.14412	0.08211	0.07752	0.16231	0.02504	0.10423	0.09246	0.06100	0.00248	0.07625	0.00661	0.01776	0.00609
19	0.00971	0.00485	0.00485	0.00485	0.00607	0.00485	0.00364	0.01213	0.01092	0.01942	0.01699	0.01942	0.01335	0.00607	0.00364	0.00121	0.00243	0.00485	0.84589	0.00485
20	0.01326	0.01070	0.01313	0.00958	0.01413	0.00935	0.05455	0.17710	0.01399	0.04581	0.01041	0.01160	0.00814	0.00449	0.00434	0.00103	0.00459	0.00370	0.00363	0.58646
21	0.00753	0.00503	0.00569	0.00574	0.00575	0.00502	0.00322	0.00756	0.00766	0.01021	0.01685	0.06179	0.01948	0.78852	0.02580	0.00494	0.00498	0.00783	0.00322	0.00319
22	0.00971	0.00485	0.00485	0.00485	0.00607	0.00485	0.00364	0.01213	0.01092	0.01942	0.01699	0.01942	0.01335	0.00607	0.00364	0.00121	0.00243	0.00485	0.84589	0.00485
23	0.14868	0.00746	0.00882	0.00822	0.00949	0.00851	0.00621	0.05985	0.00954	0.01522	0.01394	0.10641	0.01429	0.19366	0.24539	0.00446	0.09758	0.00631	0.00328	0.03267
24	0.03665	0.01137	0.01909	0.11349	0.03363	0.01213	0.25450	0.09950	0.01276	0.13104	0.01273	0.06976	0.01043	0.02020	0.00785	0.00187	0.13669	0.00591	0.00356	0.00685

[dist]
# distance from previous block
# <min> <max>
0	1

[block]
# block no. 4 follows, 47 sequences, length 7
# corresponding to MSA columns:
# 103-109
name=unknown_E
#
# <colnr> <probs for GDERKNQSTAVLIFYWHMCP>
#	G	D	E	R	K	N	Q	S	T	A	V	L	I	F	Y	W	H	M	C	P
0	0.01483	0.01098	0.01758	0.20676	0.40090	0.01134	0.01349	0.05534	0.01283	0.18652	0.01217	0.01417	0.00899	0.00525	0.00519	0.00161	0.00595	0.00477	0.00350	0.00784
1	0.01945	0.02482	0.01476	0.01342	0.01610	0.79608	0.01006	0.02079	0.01476	0.01275	0.00805	0.00939	0.00671	0.00537	0.00470	0.00134	0.00939	0.00335	0.00268	0.00604
2	0.01141	0.00964	0.01176	0.04501	0.01350	0.00942	0.00766	0.09638	0.05345	0.01786	0.03266	0.05134	0.01092	0.00819	0.05969	0.00175	0.10675	0.00457	0.00344	0.44462
3	0.00756	0.00510	0.00593	0.00593	0.00601	0.00518	0.00346	0.00773	0.00765	0.01028	0.01618	0.03283	0.01839	0.74582	0.09693	0.00535	0.00586	0.00739	0.00312	0.00329
4	0.01080	0.00926	0.01080	0.00771	0.01234	0.00694	0.00617	0.01311	0.01080	0.01697	0.00926	0.01080	0.00771	0.00386	0.00386	0.00077	0.00386	0.00309	0.00309	0.84882
5	0.06865	0.01043	0.01502	0.48555	0.11552	0.04685	0.01271	0.03751	0.01128	0.05324	0.01176	0.01497	0.04462	0.00579	0.00566	0.00170	0.04488	0.00478	0.00284	0.00625
6	0.01685	0.01374	0.01471	0.03971	0.01577	0.06759	0.00976	0.47700	0.05901	0.02576	0.01244	0.05254	0.00997	0.00698	0.00679	0.00165	0.11370	0.00507	0.00443	0.04655

[dist]
# distance from previous block
# <min> <max>
1	5

[block]
# block no. 5 follows, 47 sequences, length 21
# corresponding to MSA columns:
# 115-135
name=unknown_F
#
# <colnr> <probs for GDERKNQSTAVLIFYWHMCP>
#	G	D	E	R	K	N	Q	S	T	A	V	L	I	F	Y	W	H	M	C	P
0	0.26072	0.01307	0.03566	0.03321	0.01437	0.08751	0.00852	0.22394	0.08240	0.17284	0.01269	0.01265	0.00900	0.00580	0.00459	0.00159	0.00529	0.00420	0.00446	0.00748
1	0.01136	0.18615	0.47442	0.01341	0.01986	0.01332	0.08139	0.01592	0.01100	0.01570	0.00901	0.01070	0.00686	0.00467	0.00459	0.00144	0.00690	0.00374	0.00235	0.10719
2	0.01590	0.12276	0.01721	0.08083	0.01764	0.22635	0.07637	0.10763	0.18426	0.06352	0.01243	0.01319	0.00950	0.00578	0.00519	0.00154	0.02455	0.00449	0.00368	0.00717
3	0.01949	0.02163	0.01538	0.01326	0.01638	0.58645	0.04247	0.13270	0.01612	0.07401	0.00976	0.01068	0.00754	0.00554	0.00488	0.00141	0.00845	0.00382	0.00334	0.00671
4	0.00654	0.00478	0.00618	0.00718	0.00778	0.00443	0.00504	0.00768	0.01055	0.01387	0.05915	0.62556	0.12717	0.01555	0.00661	0.00208	0.00311	0.07757	0.00486	0.00432
5	0.01080	0.00926	0.01080	0.00771	0.01234	0.00694	0.00617	0.01311	0.01080	0.01697	0.00926	0.01080	0.00771	0.00386	0.00386	0.00077	0.00386	0.00309	0.00309	0.84882
6	0.02148	0.00874	0.01218	0.07927	0.01505	0.00788	0.00814	0.02364	0.01450	0.68667	0.05240	0.01830	0.01393	0.00652	0.00527	0.00162	0.00457	0.00536	0.00605	0.00842
7	0.01045	0.02694	0.79000	0.01484	0.02254	0.01209	0.01924	0.01649	0.01099	0.01649	0.00935	0.01099	0.00660	0.00495	0.00495	0.00165	0.00770	0.00385	0.00220	0.00770
8	0.00634	0.00453	0.00604	0.00725	0.00755	0.00423	0.00483	0.00725	0.00997	0.01329	0.02870	0.81358	0.03444	0.01632	0.00665	0.00211	0.00302	0.01480	0.00483	0.00423
9	0.00757	0.00507	0.00579	0.00579	0.00583	0.00511	0.00329	0.00764	0.00761	0.01018	0.01631	0.03353	0.01870	0.78572	0.05745	0.00518	0.00541	0.00749	0.00314	0.00322
10	0.01158	0.00972	0.01122	0.00808	0.01267	0.00774	0.00649	0.07822	0.01198	0.01834	0.00954	0.01095	0.00781	0.00406	0.00397	0.00084	0.00402	0.00322	0.00327	0.77629
11	0.01328	0.01224	0.01359	0.01175	0.01487	0.05955	0.07374	0.02631	0.66400	0.02081	0.01949	0.01837	0.01466	0.00673	0.00534	0.00174	0.00484	0.00576	0.00491	0.00801
12	0.00945	0.00738	0.01010	0.00936	0.01043	0.00895	0.00746	0.07697	0.00994	0.01463	0.01277	0.01800	0.01154	0.02780	0.51467	0.00603	0.15832	0.00525	0.07570	0.00523
13	0.09299	0.01402	0.01473	0.01146	0.01548	0.01559	0.00944	0.66355	0.06095	0.03143	0.01248	0.01250	0.00893	0.00617	0.00504	0.00158	0.00550	0.00458	0.00504	0.00854
14	0.01571	0.01119	0.01237	0.01040	0.01365	0.01227	0.00828	0.21218	0.40761	0.13659	0.08597	0.01915	0.01661	0.00709	0.00534	0.00168	0.00443	0.00580	0.00548	0.00819
15	0.00737	0.00532	0.00696	0.00655	0.00778	0.00491	0.00491	0.00983	0.01474	0.02088	0.78175	0.03890	0.04914	0.01065	0.00614	0.00164	0.00246	0.00942	0.00573	0.00491
16	0.01045	0.02694	0.79000	0.01484	0.02254	0.01209	0.01924	0.01649	0.01099	0.01649	0.00935	0.01099	0.00660	0.00495	0.00495	0.00165	0.00770	0.00385	0.00220	0.00770
17	0.00744	0.00558	0.00837	0.00837	0.00930	0.00651	0.00651	0.00930	0.00837	0.01209	0.01395	0.02046	0.01302	0.03906	0.79635	0.00837	0.01395	0.00558	0.00279	0.00465
18	0.01655	0.01044	0.01383	0.01173	0.04479	0.03147	0.05650	0.13569	0.04815	0.29030	0.12498	0.04778	0.01685	0.00754	0.00710	0.00172	0.11614	0.00602	0.00497	0.00744
19	0.00917	0.00709	0.00935	0.04705	0.06847	0.00689	0.00682	0.07151	0.01192	0.02993	0.08797	0.37533	0.07023	0.02841	0.02428	0.00197	0.01694	0.00987	0.00434	0.11248
20	0.17002	0.04321	0.01256	0.05694	0.01450	0.01127	0.02483	0.14027	0.13659	0.07237	0.01241	0.02778	0.00960	0.00547	0.00445	0.00139	0.00463	0.00427	0.00398	0.24347

[dist]
# distance from previous block
# <min> <max>
3	102

[block]
# block no. 6 follows, 47 sequences, length 28
# corresponding to MSA columns:
# 247-274
name=unknown_G
#
# <colnr> <probs for GDERKNQSTAVLIFYWHMCP>
#	G	D	E	R	K	N	Q	S	T	A	V	L	I	F	Y	W	H	M	C	P
0	0.21819	0.00972	0.00964	0.03571	0.02791	0.08336	0.00690	0.02660	0.02516	0.06177	0.02862	0.13934	0.08711	0.00874	0.00624	0.04321	0.04492	0.02913	0.00376	0.10395
1	0.48198	0.01013	0.02456	0.04235	0.01270	0.01008	0.02469	0.01530	0.01001	0.07110	0.00891	0.01016	0.00685	0.00466	0.00373	0.00138	0.00431	0.00323	0.00332	0.25052
2	0.01070	0.00907	0.01058	0.00769	0.01207	0.00696	0.00613	0.02696	0.01128	0.01741	0.05051	0.01306	0.02499	0.00444	0.00405	0.00085	0.00379	0.00360	0.00330	0.77255
3	0.18412	0.00911	0.01097	0.00867	0.01237	0.00865	0.00713	0.05607	0.01398	0.55656	0.03143	0.01615	0.01198	0.00618	0.00479	0.00159	0.00429	0.00480	0.04317	0.00798
4	0.00736	0.00504	0.00571	0.00577	0.00599	0.00493	0.00339	0.00761	0.00834	0.01100	0.04399	0.08679	0.09109	0.66589	0.02271	0.00445	0.00461	0.00842	0.00350	0.00339
5	0.00723	0.00522	0.00684	0.00665	0.00775	0.00482	0.00490	0.00948	0.01409	0.01985	0.67929	0.14430	0.04714	0.01142	0.00621	0.00170	0.00253	0.01015	0.00561	0.00482
6	0.00753	0.00504	0.00573	0.00575	0.00580	0.00502	0.00326	0.00763	0.00786	0.01052	0.04036	0.05646	0.02031	0.76929	0.02531	0.00486	0.00491	0.00784	0.00328	0.00324
7	0.00729	0.00526	0.00689	0.00661	0.00776	0.00486	0.00491	0.00962	0.01437	0.02029	0.72258	0.09977	0.04798	0.01109	0.00618	0.00168	0.00250	0.00984	0.00566	0.00486
8	0.00710	0.00523	0.00664	0.00647	0.00766	0.00477	0.00478	0.00923	0.01382	0.01914	0.60175	0.12987	0.14093	0.01163	0.00620	0.00171	0.00255	0.01024	0.00551	0.00477
9	0.01392	0.82012	0.02729	0.00891	0.01337	0.02061	0.00891	0.01559	0.01058	0.01225	0.00724	0.00835	0.00668	0.00446	0.00334	0.00111	0.00557	0.00278	0.00223	0.00668
10	0.12522	0.00867	0.00983	0.00861	0.01130	0.02520	0.00673	0.01941	0.17050	0.28295	0.13317	0.13857	0.02104	0.00844	0.00532	0.00172	0.00392	0.00706	0.00536	0.00697
11	0.01493	0.00790	0.00884	0.00741	0.00989	0.00799	0.00591	0.18430	0.01483	0.18895	0.01675	0.01750	0.01224	0.00619	0.00434	0.00138	0.00360	0.00490	0.47552	0.00662
12	0.01293	0.01003	0.01131	0.01019	0.01280	0.01100	0.00829	0.22772	0.27044	0.02290	0.09233	0.04474	0.03428	0.00933	0.00588	0.00187	0.00454	0.19717	0.00517	0.00708
13	0.06589	0.09814	0.17241	0.01027	0.01487	0.01160	0.00997	0.15236	0.05159	0.13853	0.06730	0.01436	0.01170	0.00570	0.00467	0.00143	0.00515	0.00443	0.01542	0.14419
14	0.08375	0.10292	0.38323	0.03546	0.04185	0.02260	0.02798	0.01605	0.01089	0.07437	0.01050	0.04698	0.00841	0.00572	0.00552	0.00160	0.06028	0.00433	0.00281	0.05476
15	0.03095	0.24467	0.40944	0.01258	0.03457	0.01433	0.01412	0.07469	0.01215	0.06757	0.00970	0.01080	0.00726	0.00497	0.00447	0.00146	0.00651	0.00368	0.00278	0.03330
16	0.01118	0.16096	0.60049	0.01439	0.02135	0.01363	0.07612	0.01635	0.01103	0.01579	0.00908	0.01078	0.00671	0.00482	0.00477	0.00157	0.00742	0.00385	0.00224	0.00747
17	0.00647	0.00464	0.00614	0.00729	0.00767	0.00434	0.00496	0.00745	0.01007	0.01336	0.02897	0.73729	0.05259	0.03437	0.00712	0.00219	0.00315	0.05292	0.00479	0.00424
18	0.07902	0.00941	0.01473	0.34835	0.03678	0.01023	0.09233	0.01669	0.04901	0.18296	0.01402	0.07755	0.01103	0.00634	0.00523	0.00172	0.00579	0.00565	0.02658	0.00659
19	0.08741	0.00847	0.01060	0.00855	0.01178	0.00790	0.00691	0.07839	0.01489	0.44599	0.19778	0.04299	0.02096	0.00749	0.00529	0.00161	0.00398	0.00619	0.00579	0.02703
20	0.00658	0.00471	0.00625	0.00709	0.00761	0.00439	0.00485	0.00784	0.01106	0.01503	0.20097	0.63637	0.03780	0.01502	0.00653	0.00201	0.00289	0.01357	0.00504	0.00439
21	0.01244	0.01192	0.02033	0.14459	0.67535	0.01226	0.01576	0.01559	0.01165	0.01647	0.00972	0.01303	0.00806	0.00472	0.00516	0.00157	0.00630	0.00464	0.00254	0.00789
22	0.05254	0.03591	0.01531	0.05607	0.12283	0.32622	0.01050	0.17067	0.01539	0.07245	0.01098	0.04717	0.00900	0.00605	0.00523	0.00152	0.02711	0.00451	0.00353	0.00701
23	0.01197	0.10425	0.64290	0.01374	0.02078	0.01254	0.01715	0.01722	0.01131	0.08666	0.01016	0.01135	0.00718	0.00504	0.00481	0.00159	0.00719	0.00387	0.00259	0.00770
24	0.00646	0.00483	0.00601	0.00669	0.00747	0.00437	0.00464	0.00770	0.01114	0.01464	0.15045	0.51830	0.20886	0.01472	0.00646	0.00196	0.00285	0.01310	0.00497	0.00437
25	0.00784	0.00615	0.00904	0.06169	0.04896	0.00611	0.04032	0.04089	0.01092	0.01458	0.02494	0.61284	0.02885	0.01396	0.00642	0.00204	0.00390	0.05120	0.00447	0.00488
26	0.05309	0.00828	0.01273	0.19847	0.01741	0.00968	0.07807	0.01110	0.00972	0.01385	0.01624	0.31084	0.01760	0.04007	0.00902	0.00211	0.17462	0.00855	0.00335	0.00520
27	0.00712	0.00524	0.00668	0.00668	0.00777	0.00486	0.00487	0.00934	0.02784	0.01849	0.52290	0.22310	0.11134	0.01215	0.00625	0.00176	0.00264	0.01077	0.00543	0.00477

[dist]
# distance from previous block
# <min> <max>
0	1

[block]
# block no. 7 follows, 47 sequences, length 16
# corresponding to MSA columns:
# 276-291
name=unknown_H
#
# <colnr> <probs for GDERKNQSTAVLIFYWHMCP>
#	G	D	E	R	K	N	Q	S	T	A	V	L	I	F	Y	W	H	M	C	P
0	0.00734	0.00580	0.00736	0.00729	0.00834	0.00582	0.00554	0.00907	0.01223	0.01654	0.32841	0.19712	0.21697	0.01249	0.00741	0.00188	0.08315	0.05761	0.00493	0.00472
1	0.05620	0.01497	0.18651	0.01330	0.01762	0.01239	0.11976	0.11935	0.07992	0.19289	0.01304	0.01382	0.00930	0.00615	0.00689	0.00174	0.11968	0.00483	0.00395	0.00768
2	0.18764	0.02672	0.01918	0.05160	0.01892	0.04332	0.32053	0.01466	0.01074	0.01675	0.01162	0.09100	0.01068	0.00677	0.00694	0.00183	0.11398	0.03804	0.00299	0.00609
3	0.00666	0.00476	0.00620	0.00723	0.00765	0.00449	0.00497	0.00763	0.01001	0.01323	0.02841	0.63011	0.06488	0.09594	0.00866	0.00242	0.00338	0.08452	0.00466	0.00418
4	0.01100	0.06249	0.01188	0.00779	0.01241	0.00784	0.00635	0.01328	0.01078	0.01666	0.00912	0.01064	0.00765	0.00390	0.00382	0.00079	0.00397	0.00307	0.00303	0.79354
5	0.01123	0.20640	0.61743	0.01350	0.02046	0.01402	0.01690	0.01629	0.01090	0.01553	0.00887	0.01040	0.00662	0.00484	0.00458	0.00153	0.00722	0.00361	0.00221	0.00747
6	0.11104	0.01738	0.01424	0.03664	0.01588	0.35270	0.04705	0.09042	0.18928	0.01809	0.01150	0.01236	0.00897	0.00591	0.00542	0.00157	0.04697	0.00424	0.00355	0.00679
7	0.01762	0.00820	0.01053	0.00853	0.01163	0.00757	0.00687	0.07445	0.04449	0.45605	0.20985	0.02368	0.04389	0.00768	0.00542	0.00161	0.00388	0.00641	0.04408	0.00755
8	0.00814	0.00626	0.00874	0.15670	0.01372	0.00659	0.00730	0.05877	0.01151	0.01530	0.07465	0.48985	0.02820	0.01302	0.00630	0.00200	0.00406	0.07952	0.00444	0.00492
9	0.00732	0.00528	0.00692	0.00659	0.00777	0.00488	0.00491	0.00970	0.01451	0.02051	0.74476	0.07695	0.04842	0.01092	0.00617	0.00166	0.00248	0.00968	0.00569	0.00488
10	0.54666	0.00962	0.00929	0.00774	0.01126	0.01019	0.00638	0.01903	0.01110	0.30618	0.01217	0.01189	0.00832	0.00543	0.00397	0.00161	0.00418	0.00371	0.00441	0.00683
11	0.00634	0.00453	0.00604	0.00725	0.00755	0.00423	0.00483	0.00725	0.00997	0.01329	0.02870	0.81358	0.03444	0.01632	0.00665	0.00211	0.00302	0.01480	0.00483	0.00423
12	0.00687	0.00523	0.00632	0.00621	0.00751	0.00468	0.00459	0.00880	0.01333	0.01790	0.46903	0.11991	0.28658	0.01204	0.00620	0.00172	0.00257	0.01047	0.00535	0.00468
13	0.01393	0.01102	0.01194	0.01028	0.01327	0.01235	0.00811	0.19208	0.47320	0.04339	0.13240	0.02072	0.01918	0.00740	0.00540	0.00170	0.00425	0.00613	0.00537	0.00790
14	0.00756	0.00510	0.00594	0.00594	0.00603	0.00519	0.00348	0.00774	0.00765	0.01029	0.01617	0.03277	0.01836	0.74222	0.10049	0.00537	0.00590	0.00738	0.00312	0.00330
15	0.24884	0.47853	0.01983	0.00854	0.01259	0.01672	0.00794	0.05721	0.01124	0.08567	0.00872	0.00944	0.00706	0.00484	0.00358	0.00132	0.00505	0.00312	0.00304	0.00671

[dist]
# distance from previous block
# <min> <max>
0	2

[block]
# block no. 8 follows, 47 sequences, length 38
# corresponding to MSA columns:
# 294-331
name=unknown_I
#
# <colnr> <probs for GDERKNQSTAVLIFYWHMCP>
#	G	D	E	R	K	N	Q	S	T	A	V	L	I	F	Y	W	H	M	C	P
0	0.05554	0.01324	0.01438	0.01124	0.01521	0.01445	0.00923	0.55292	0.10421	0.13432	0.01432	0.01380	0.01003	0.00631	0.00514	0.00159	0.00530	0.00481	0.00530	0.00865
1	0.01062	0.00827	0.00971	0.01004	0.01171	0.05297	0.00856	0.11824	0.01379	0.01771	0.02401	0.04868	0.02534	0.03470	0.00730	0.00229	0.00520	0.58077	0.00469	0.00540
2	0.00737	0.00532	0.00696	0.00655	0.00778	0.00491	0.00491	0.00983	0.01474	0.02088	0.78175	0.03890	0.04914	0.01065	0.00614	0.00164	0.00246	0.00942	0.00573	0.00491
3	0.01098	0.00961	0.01339	0.28571	0.03235	0.06773	0.05347	0.06243	0.01057	0.01375	0.01015	0.01508	0.00871	0.03097	0.11127	0.17759	0.06074	0.00479	0.01554	0.00517
4	0.00726	0.00524	0.00680	0.00656	0.00767	0.00484	0.00483	0.00946	0.01398	0.01965	0.66914	0.11281	0.06066	0.03958	0.00691	0.00181	0.00261	0.00990	0.00554	0.00478
5	0.01010	0.00949	0.01347	0.01194	0.01224	0.01286	0.00979	0.01147	0.00810	0.01239	0.00917	0.01436	0.00886	0.01892	0.27224	0.00427	0.54763	0.00489	0.00245	0.00535
6	0.01303	0.63464	0.10668	0.00977	0.01408	0.01855	0.00999	0.01517	0.01065	0.01317	0.04708	0.01042	0.00886	0.00517	0.00466	0.00128	0.06440	0.00337	0.00241	0.00663
7	0.00634	0.00455	0.00602	0.00720	0.00754	0.00423	0.00481	0.00726	0.01002	0.01331	0.02932	0.79397	0.05366	0.01623	0.00663	0.00211	0.00301	0.01471	0.00483	0.00423
8	0.63059	0.01078	0.02255	0.00870	0.02540	0.01184	0.03338	0.08150	0.01089	0.07947	0.00902	0.01004	0.00674	0.00517	0.00402	0.00162	0.02217	0.00340	0.01646	0.00627
9	0.00864	0.00617	0.00741	0.00703	0.00750	0.00668	0.00467	0.06380	0.00897	0.01224	0.01520	0.02892	0.01652	0.57796	0.16129	0.00524	0.04775	0.00685	0.00320	0.00397
10	0.16326	0.01326	0.08882	0.01046	0.01454	0.01265	0.00922	0.30661	0.12048	0.12228	0.02822	0.02375	0.01058	0.00610	0.00482	0.00158	0.00505	0.00465	0.00464	0.04901
11	0.13767	0.21076	0.37233	0.01152	0.01703	0.01380	0.01308	0.01583	0.01048	0.03386	0.00864	0.01015	0.00671	0.00501	0.00493	0.00149	0.05205	0.00346	0.00252	0.06870
12	0.00940	0.00487	0.00510	0.00517	0.00632	0.00490	0.00386	0.01171	0.01074	0.01869	0.01751	0.06527	0.01455	0.00835	0.04439	0.00163	0.00305	0.00546	0.75423	0.00481
13	0.01695	0.01179	0.01266	0.01016	0.01356	0.04005	0.00816	0.41769	0.04743	0.11752	0.01533	0.08688	0.01232	0.01826	0.00538	0.00158	0.00494	0.00561	0.08320	0.07053
14	0.01147	0.01057	0.01725	0.51800	0.25575	0.01214	0.01458	0.06934	0.01187	0.01583	0.00965	0.01349	0.00747	0.00512	0.00519	0.00167	0.00663	0.00464	0.00260	0.00674
15	0.01005	0.00614	0.00789	0.00723	0.00893	0.00572	0.00549	0.01296	0.05806	0.13977	0.52160	0.10873	0.06594	0.01041	0.00600	0.00169	0.00292	0.00913	0.00570	0.00564
16	0.00758	0.00575	0.00760	0.00729	0.00837	0.00577	0.00557	0.00973	0.01330	0.01865	0.55520	0.09278	0.08459	0.01265	0.04565	0.00209	0.06217	0.04521	0.00517	0.00487
17	0.00712	0.00512	0.00678	0.00705	0.00797	0.00478	0.00519	0.00906	0.01292	0.01790	0.46570	0.29765	0.04258	0.01286	0.00640	0.00186	0.00285	0.07618	0.00535	0.00468
18	0.00738	0.00501	0.00578	0.00597	0.00610	0.00494	0.00353	0.00760	0.00815	0.01079	0.01959	0.14049	0.04779	0.66265	0.02268	0.00448	0.00469	0.02556	0.00348	0.00338
19	0.01220	0.04704	0.01572	0.11495	0.01673	0.09731	0.03774	0.02818	0.00998	0.01393	0.00837	0.01197	0.00739	0.00722	0.01123	0.00185	0.43246	0.00434	0.05744	0.06395
20	0.85377	0.01007	0.00765	0.00685	0.01007	0.01168	0.00564	0.01531	0.00886	0.02336	0.00725	0.00846	0.00564	0.00483	0.00322	0.00161	0.00403	0.00282	0.00322	0.00564
21	0.02971	0.31804	0.34945	0.01212	0.01763	0.04423	0.02464	0.04429	0.04439	0.02845	0.00922	0.01050	0.00723	0.00508	0.00479	0.00146	0.03536	0.00362	0.00257	0.00722
22	0.00998	0.00941	0.01589	0.76672	0.07245	0.01161	0.01454	0.01344	0.01048	0.01349	0.00928	0.01384	0.00701	0.00518	0.00520	0.00173	0.00691	0.00463	0.00233	0.00591
23	0.01121	0.12513	0.54272	0.01525	0.05006	0.01356	0.08038	0.01608	0.01086	0.01570	0.00901	0.01102	0.00680	0.00513	0.00574	0.00163	0.06607	0.00399	0.00226	0.00738
24	0.00663	0.00486	0.00621	0.00690	0.00759	0.00445	0.00473	0.00782	0.01081	0.01449	0.14262	0.57193	0.11245	0.04299	0.00715	0.00208	0.00299	0.01306	0.00487	0.02540
25	0.01773	0.01520	0.09107	0.01196	0.01633	0.01507	0.01049	0.57532	0.12001	0.02932	0.01322	0.01320	0.00951	0.00616	0.00516	0.00157	0.00566	0.00471	0.00486	0.03344
26	0.01789	0.01331	0.01437	0.01110	0.01514	0.01431	0.00910	0.59705	0.06558	0.04235	0.01452	0.01443	0.04260	0.00634	0.00511	0.00150	0.00528	0.00486	0.00499	0.10016
27	0.01302	0.25529	0.22551	0.01369	0.01870	0.07197	0.16919	0.03549	0.03932	0.03535	0.02291	0.02703	0.00917	0.00544	0.00503	0.00153	0.02023	0.02134	0.00279	0.00701
28	0.01224	0.01380	0.04871	0.06395	0.18933	0.01289	0.54653	0.01635	0.01207	0.01657	0.01028	0.01371	0.00789	0.00450	0.00585	0.00171	0.00810	0.00568	0.00259	0.00724
29	0.00761	0.00643	0.00700	0.00706	0.03006	0.00607	0.00512	0.01129	0.13513	0.01634	0.14788	0.04257	0.53521	0.01161	0.00599	0.00174	0.00295	0.00977	0.00497	0.00520
30	0.01216	0.01278	0.02493	0.12406	0.13747	0.01297	0.44802	0.04799	0.01217	0.01660	0.01112	0.01449	0.02712	0.00520	0.00668	0.00175	0.06916	0.00566	0.00272	0.00695
31	0.01157	0.03437	0.33337	0.01893	0.06539	0.01299	0.36937	0.01631	0.01147	0.01631	0.00975	0.01250	0.00732	0.00489	0.00617	0.00172	0.05286	0.00499	0.00243	0.00728
32	0.00720	0.00527	0.00722	0.00737	0.00783	0.00513	0.04140	0.00795	0.00900	0.01207	0.02193	0.40879	0.02557	0.34983	0.05631	0.00365	0.00472	0.01089	0.00392	0.00394
33	0.00666	0.00481	0.00635	0.00749	0.00792	0.00459	0.00515	0.00805	0.03162	0.01368	0.02842	0.74404	0.03364	0.01593	0.00664	0.00212	0.00316	0.06049	0.00484	0.00438
34	0.63346	0.01273	0.01016	0.02919	0.01257	0.13636	0.03405	0.04863	0.01064	0.02159	0.00777	0.00912	0.00606	0.00497	0.00370	0.00157	0.00520	0.00315	0.00318	0.00590
35	0.00743	0.00599	0.00631	0.00647	0.00773	0.03871	0.00463	0.00872	0.01164	0.03204	0.13942	0.25813	0.37471	0.06487	0.00751	0.00203	0.00321	0.01116	0.00479	0.00451
36	0.16488	0.01167	0.01391	0.07553	0.02861	0.03603	0.05703	0.20445	0.10658	0.02122	0.01145	0.01344	0.00902	0.00916	0.07653	0.00231	0.12393	0.00461	0.02280	0.00682
37	0.08721	0.02974	0.01427	0.24928	0.05437	0.08721	0.03327	0.08783	0.01210	0.01702	0.05412	0.01423	0.01011	0.00776	0.04857	0.00199	0.09881	0.00460	0.03604	0.05146

[dist]
# distance from previous block
# <min> <max>
0	16

[block]
# block no. 9 follows, 47 sequences, length 27
# corresponding to MSA columns:
# 348-374
name=unknown_J
#
# <colnr> <probs for GDERKNQSTAVLIFYWHMCP>
#	G	D	E	R	K	N	Q	S	T	A	V	L	I	F	Y	W	H	M	C	P
0	0.10871	0.00843	0.00897	0.00807	0.01052	0.01982	0.00638	0.10096	0.12509	0.09928	0.11466	0.06946	0.22976	0.00967	0.00556	0.00175	0.00380	0.05793	0.00500	0.00618
1	0.10206	0.01341	0.10182	0.08539	0.03346	0.01183	0.24245	0.08850	0.01223	0.01848	0.00963	0.01208	0.00743	0.00491	0.00563	0.00152	0.05171	0.00448	0.00295	0.19002
2	0.01328	0.01200	0.01745	0.11530	0.46053	0.07521	0.01313	0.01608	0.01229	0.07396	0.06897	0.01490	0.01138	0.00530	0.00511	0.00151	0.00595	0.00483	0.00312	0.06970
3	0.08165	0.01390	0.02498	0.01846	0.02265	0.07088	0.52926	0.01612	0.01157	0.01633	0.00979	0.01338	0.00778	0.02503	0.00745	0.00183	0.09565	0.00546	0.00267	0.02518
4	0.45468	0.03629	0.01171	0.20285	0.01764	0.03987	0.00873	0.12628	0.02508	0.02156	0.00879	0.01060	0.00668	0.00518	0.00409	0.00161	0.00523	0.00361	0.00328	0.00624
5	0.00756	0.00509	0.00589	0.00589	0.00596	0.00516	0.00342	0.00771	0.00764	0.01025	0.01622	0.03301	0.01847	0.75621	0.08665	0.00531	0.00574	0.00742	0.00313	0.00327
6	0.00642	0.00462	0.00611	0.00728	0.00767	0.00431	0.00495	0.00741	0.01012	0.01342	0.02949	0.75582	0.06025	0.01613	0.00665	0.00211	0.00308	0.04507	0.00483	0.00426
7	0.00704	0.00517	0.00670	0.02995	0.00868	0.00498	0.00526	0.03852	0.01098	0.01458	0.07254	0.65881	0.08719	0.01504	0.00648	0.00203	0.00318	0.01352	0.00483	0.00451
8	0.01160	0.00948	0.01105	0.00795	0.01254	0.00737	0.00638	0.04668	0.01153	0.04235	0.00976	0.01110	0.00793	0.00404	0.00396	0.00083	0.00396	0.00322	0.00329	0.78498
9	0.00799	0.00537	0.00664	0.00656	0.00787	0.00482	0.00479	0.00966	0.01261	0.07362	0.32697	0.23046	0.23266	0.03749	0.00684	0.00189	0.00287	0.01078	0.00525	0.00485
10	0.04371	0.01385	0.03304	0.01138	0.01542	0.01475	0.00954	0.63830	0.02249	0.07501	0.04604	0.01391	0.01076	0.00638	0.00516	0.00157	0.00545	0.00485	0.01990	0.00849
11	0.01079	0.10665	0.71335	0.01425	0.02162	0.01295	0.01820	0.01640	0.01095	0.01607	0.00913	0.01073	0.00661	0.00490	0.00479	0.00160	0.00748	0.00374	0.00220	0.00759
12	0.07059	0.00548	0.00533	0.00518	0.00661	0.00563	0.00394	0.03176	0.01112	0.02004	0.01617	0.01845	0.01268	0.00598	0.00365	0.00125	0.00263	0.00470	0.76377	0.00501
13	0.01070	0.08556	0.73363	0.01440	0.02186	0.01272	0.01848	0.01643	0.01096	0.01618	0.00919	0.01080	0.00660	0.00491	0.00483	0.00161	0.00754	0.00377	0.00220	0.00762
14	0.00757	0.00505	0.00568	0.00568	0.00568	0.00505	0.00316	0.00757	0.00757	0.01010	0.01641	0.03408	0.01893	0.81698	0.02651	0.00505	0.00505	0.00757	0.00316	0.00316
15	0.01823	0.02085	0.07194	0.01277	0.01622	0.45652	0.01045	0.23465	0.04873	0.01942	0.03473	0.01176	0.00905	0.00583	0.00493	0.00145	0.00778	0.00407	0.00358	0.00702
16	0.00644	0.00511	0.00557	0.00577	0.00700	0.00448	0.00407	0.00758	0.01112	0.01379	0.08473	0.18869	0.50340	0.11805	0.00889	0.00225	0.00301	0.01116	0.00467	0.00423
17	0.01388	0.01237	0.01219	0.01082	0.01382	0.07094	0.00843	0.09068	0.63814	0.02191	0.02013	0.01873	0.03053	0.00700	0.00526	0.00172	0.00462	0.00570	0.00509	0.00805
18	0.01722	0.01281	0.01340	0.01102	0.01455	0.04796	0.00884	0.33905	0.32064	0.11224	0.01677	0.01587	0.01212	0.00655	0.00519	0.00163	0.00503	0.00517	0.02554	0.00839
19	0.02285	0.00885	0.01200	0.00925	0.01316	0.00774	0.00761	0.04097	0.01486	0.74773	0.02002	0.01755	0.01269	0.00680	0.00570	0.02761	0.00446	0.00520	0.00629	0.00866
20	0.00639	0.00515	0.00551	0.00566	0.00701	0.00447	0.00405	0.00758	0.01132	0.01392	0.08420	0.15371	0.56255	0.09506	0.00829	0.00214	0.00293	0.01109	0.00471	0.00427
21	0.01100	0.15245	0.66931	0.01390	0.02109	0.01344	0.01761	0.01635	0.01093	0.01582	0.00901	0.01058	0.00661	0.00487	0.00469	0.00156	0.00736	0.00368	0.00220	0.00754
22	0.05915	0.26620	0.51480	0.01259	0.01906	0.01465	0.01534	0.01615	0.01075	0.01560	0.00859	0.01005	0.00657	0.00479	0.00436	0.00148	0.00684	0.00347	0.00227	0.00727
23	0.00631	0.00505	0.00566	0.00612	0.00736	0.00440	0.00443	0.00753	0.01123	0.01386	0.04355	0.31115	0.49721	0.01430	0.00636	0.00191	0.00285	0.04153	0.00483	0.00436
24	0.02525	0.04742	0.01769	0.07950	0.03411	0.06091	0.16815	0.08632	0.01230	0.05422	0.05621	0.01523	0.02530	0.00676	0.00847	0.00177	0.22525	0.00520	0.06353	0.00642
25	0.01590	0.01238	0.01332	0.01037	0.01411	0.03485	0.00842	0.43224	0.04834	0.02602	0.05541	0.01405	0.01121	0.00602	0.00527	0.00139	0.03284	0.00458	0.04346	0.20983
26	0.01444	0.01201	0.01199	0.01056	0.01320	0.10117	0.00835	0.31465	0.11569	0.02240	0.01812	0.16552	0.01723	0.02893	0.00619	0.00185	0.00527	0.10624	0.00472	0.02146

[dist]
# distance from previous block
# <min> <max>
0	2

[block]
# block no. 10 follows, 47 sequences, length 26
# corresponding to MSA columns:
# 377-402
name=unknown_K
#
# <colnr> <probs for GDERKNQSTAVLIFYWHMCP>
#	G	D	E	R	K	N	Q	S	T	A	V	L	I	F	Y	W	H	M	C	P
0	0.01412	0.11426	0.01881	0.01301	0.01666	0.10859	0.21006	0.06694	0.02969	0.09469	0.04101	0.03949	0.01127	0.04025	0.02818	0.00183	0.04231	0.00521	0.00345	0.10016
1	0.02538	0.00841	0.00999	0.02049	0.04285	0.02053	0.00679	0.08908	0.11132	0.12384	0.24641	0.02517	0.02383	0.08166	0.00724	0.00187	0.00399	0.02040	0.06504	0.06571
2	0.01009	0.00968	0.04518	0.07858	0.08936	0.02031	0.09221	0.03717	0.08474	0.01699	0.08372	0.06938	0.12153	0.00899	0.00585	0.00178	0.00506	0.14908	0.00402	0.06627
3	0.01330	0.00992	0.01251	0.08135	0.01535	0.00900	0.03337	0.14137	0.01362	0.10203	0.03160	0.05650	0.01089	0.00553	0.00464	0.00121	0.00460	0.00463	0.00388	0.44468
4	0.68005	0.01051	0.04583	0.00750	0.01091	0.01092	0.00648	0.01618	0.00976	0.10887	0.02946	0.01058	0.00773	0.00544	0.00396	0.01865	0.00422	0.00335	0.00358	0.00601
5	0.01207	0.01144	0.01542	0.01316	0.01372	0.01546	0.01092	0.08010	0.04834	0.01478	0.00834	0.01224	0.00771	0.00990	0.04510	0.00242	0.66542	0.00468	0.00271	0.00607
6	0.00991	0.00936	0.01564	0.76635	0.03480	0.01178	0.01431	0.01327	0.01030	0.01327	0.00914	0.01376	0.00694	0.00539	0.00578	0.00176	0.04553	0.00462	0.00231	0.00578
7	0.01104	0.00947	0.01091	0.00803	0.01247	0.00761	0.00640	0.01473	0.09562	0.01750	0.01058	0.01176	0.00862	0.00421	0.00402	0.00088	0.00389	0.00340	0.00333	0.75553
8	0.02201	0.01067	0.09956	0.06632	0.07593	0.00905	0.11655	0.02593	0.01068	0.01520	0.01576	0.26077	0.01635	0.03718	0.03247	0.00206	0.05876	0.00780	0.00335	0.11360
9	0.00983	0.00926	0.01562	0.80447	0.03587	0.01157	0.01446	0.01331	0.01041	0.01331	0.00926	0.01388	0.00694	0.00521	0.00521	0.00174	0.00694	0.00463	0.00231	0.00579
10	0.01983	0.00945	0.01152	0.00905	0.01256	0.00915	0.00741	0.20134	0.01643	0.45560	0.01791	0.01680	0.01201	0.00632	0.00492	0.00152	0.00435	0.00503	0.17071	0.00808
11	0.01317	0.01130	0.01190	0.01064	0.01363	0.01306	0.00830	0.05142	0.75098	0.02214	0.02092	0.01921	0.01567	0.00704	0.00530	0.00176	0.00417	0.00585	0.00530	0.00826
12	0.85377	0.01007	0.00765	0.00685	0.01007	0.01168	0.00564	0.01531	0.00886	0.02336	0.00725	0.00846	0.00564	0.00483	0.00322	0.00161	0.00403	0.00282	0.00322	0.00564
13	0.01893	0.00900	0.01142	0.00919	0.01260	0.00854	0.00743	0.07533	0.12338	0.49636	0.14888	0.02118	0.01917	0.00723	0.00540	0.00163	0.00414	0.00600	0.00608	0.00811
14	0.02322	0.00909	0.01223	0.00937	0.01341	0.00799	0.00774	0.05512	0.01529	0.75782	0.02022	0.01752	0.01273	0.00644	0.00524	0.00161	0.00448	0.00521	0.00640	0.00886
