[name]
unknown

[dist]
# distance from previous block
# <min> <max>
14	250

[block]
# block no. 0 follows, 43 sequences, length 46
# corresponding to MSA columns:
# 286-331
name=unknown_A
#
# <colnr> <probs for GDERKNQSTAVLIFYWHMCP>
#	G	D	E	R	K	N	Q	S	T	A	V	L	I	F	Y	W	H	M	C	P
0	0.05111	0.14651	0.11050	0.01129	0.03869	0.01174	0.03588	0.05773	0.07398	0.19144	0.05067	0.12153	0.05962	0.00812	0.00543	0.00172	0.00521	0.00676	0.00458	0.00748
1	0.04976	0.13335	0.14969	0.03823	0.04326	0.01273	0.05200	0.09427	0.08845	0.07274	0.03544	0.07526	0.04412	0.00762	0.00576	0.02329	0.00576	0.02567	0.00395	0.03865
2	0.14454	0.04971	0.07758	0.01078	0.02944	0.01056	0.04667	0.08123	0.04443	0.21815	0.10715	0.02004	0.03637	0.00784	0.00628	0.05119	0.00507	0.02392	0.00475	0.02431
3	0.16865	0.05360	0.08062	0.01060	0.04287	0.01033	0.05134	0.08380	0.01339	0.04088	0.10636	0.02560	0.14520	0.03015	0.00598	0.00179	0.00490	0.04541	0.00418	0.07434
4	0.13153	0.08029	0.20191	0.01284	0.01747	0.01253	0.13351	0.08220	0.05187	0.05032	0.02954	0.04769	0.03725	0.07889	0.00735	0.00207	0.00636	0.00570	0.00359	0.00710
5	0.10924	0.12211	0.23628	0.02936	0.04620	0.01286	0.08965	0.05946	0.03907	0.03317	0.04647	0.07904	0.04572	0.00710	0.00530	0.00174	0.00622	0.02034	0.00349	0.00718
6	0.01478	0.06601	0.04441	0.05282	0.01676	0.01222	0.07678	0.18616	0.07028	0.10028	0.04794	0.04670	0.04871	0.00804	0.00626	0.00178	0.03782	0.08571	0.00458	0.07195
7	0.07347	0.01280	0.08605	0.04176	0.01543	0.11667	0.08383	0.01571	0.01286	0.11862	0.05220	0.13628	0.11817	0.00982	0.02393	0.00196	0.00599	0.03271	0.00423	0.03751
8	0.10173	0.02871	0.06621	0.06188	0.01567	0.07298	0.03147	0.06125	0.01255	0.06349	0.02684	0.03412	0.01033	0.03993	0.00637	0.03511	0.00549	0.00450	0.00354	0.31785
9	0.23039	0.02984	0.09634	0.01058	0.01470	0.04421	0.05301	0.10987	0.07613	0.05457	0.03031	0.01708	0.07280	0.03101	0.00559	0.00173	0.00540	0.00504	0.00400	0.10741
10	0.16443	0.05538	0.15142	0.16439	0.06914	0.17638	0.07980	0.01759	0.01224	0.03239	0.00985	0.02534	0.00781	0.00553	0.00501	0.00168	0.00745	0.00439	0.00288	0.00691
11	0.11596	0.25706	0.08707	0.01119	0.01516	0.20784	0.01005	0.09103	0.03396	0.01738	0.00949	0.01112	0.00787	0.00739	0.03282	0.04565	0.00714	0.00372	0.00306	0.02502
12	0.09114	0.00848	0.00955	0.02584	0.01117	0.00902	0.00661	0.14156	0.09728	0.05290	0.05485	0.26769	0.02246	0.14739	0.01009	0.01957	0.00448	0.00911	0.00480	0.00602
13	0.12613	0.00794	0.00919	0.00797	0.01061	0.00770	0.00628	0.03132	0.06472	0.21935	0.29504	0.03094	0.14207	0.00938	0.00578	0.00176	0.00361	0.00780	0.00575	0.00667
14	0.00851	0.00708	0.00761	0.00722	0.00926	0.00691	0.00549	0.01348	0.18671	0.01847	0.20629	0.04309	0.43539	0.01192	0.00633	0.00184	0.00313	0.01006	0.00547	0.00575
15	0.00817	0.00553	0.00673	0.00706	0.00829	0.00493	0.00503	0.00953	0.01219	0.07138	0.12257	0.39371	0.27826	0.03106	0.00716	0.00209	0.00316	0.01284	0.00534	0.00498
16	0.05655	0.01302	0.01458	0.01151	0.01552	0.01385	0.00947	0.48849	0.02170	0.19872	0.01652	0.05290	0.01254	0.00753	0.00562	0.00174	0.00553	0.03968	0.00570	0.00884
17	0.02345	0.01167	0.01424	0.01092	0.01526	0.01147	0.00902	0.29423	0.01961	0.50211	0.01870	0.01680	0.01213	0.00678	0.00556	0.00169	0.00522	0.00535	0.00637	0.00942
18	0.01089	0.00571	0.00576	0.00556	0.00702	0.00579	0.00422	0.05171	0.01237	0.02140	0.01782	0.02026	0.01394	0.00646	0.00396	0.00131	0.00277	0.00515	0.79252	0.00539
19	0.00880	0.00549	0.00702	0.00737	0.00817	0.00512	0.00500	0.00989	0.01126	0.08326	0.12322	0.43978	0.06056	0.18504	0.01139	0.00279	0.00372	0.01228	0.00504	0.00480
20	0.00772	0.00563	0.00725	0.00691	0.00821	0.00516	0.00516	0.01019	0.01529	0.02145	0.69529	0.07072	0.09682	0.01172	0.00655	0.00177	0.00265	0.01034	0.00600	0.00516
21	0.84448	0.01071	0.00814	0.00728	0.01071	0.01242	0.00600	0.01628	0.00943	0.02485	0.00771	0.00900	0.00600	0.00514	0.00343	0.00171	0.00428	0.00300	0.00343	0.00600
22	0.00696	0.00501	0.00659	0.00749	0.00806	0.00465	0.00512	0.00826	0.01168	0.01577	0.17748	0.62470	0.06558	0.01604	0.00694	0.00214	0.00308	0.01447	0.00533	0.00465
23	0.00700	0.00496	0.00639	0.00737	0.00771	0.00467	0.00484	0.00790	0.01047	0.01398	0.06294	0.62930	0.04932	0.14306	0.01041	0.00272	0.00352	0.01417	0.00490	0.00435
24	0.01396	0.01199	0.01263	0.01131	0.01447	0.01386	0.00881	0.04808	0.74186	0.02347	0.02230	0.02047	0.01671	0.00749	0.00563	0.00187	0.00443	0.00623	0.00563	0.00878
25	0.84448	0.01071	0.00814	0.00728	0.01071	0.01242	0.00600	0.01628	0.00943	0.02485	0.00771	0.00900	0.00600	0.00514	0.00343	0.00171	0.00428	0.00300	0.00343	0.00600
26	0.04562	0.00572	0.00651	0.00653	0.00793	0.00523	0.00476	0.00918	0.01299	0.01762	0.29805	0.16855	0.32513	0.05224	0.00755	0.00205	0.00300	0.01118	0.00531	0.00484
27	0.30045	0.01231	0.01267	0.01009	0.01408	0.01329	0.00832	0.32520	0.01783	0.19716	0.01342	0.01324	0.00932	0.00618	0.00480	0.00168	0.00510	0.00445	0.02223	0.00817
28	0.00780	0.00566	0.00734	0.00692	0.00825	0.00521	0.00519	0.01037	0.01558	0.02197	0.74425	0.04177	0.07605	0.01141	0.00653	0.00175	0.00262	0.01007	0.00606	0.00521
29	0.00784	0.00566	0.00740	0.00697	0.00827	0.00523	0.00523	0.01045	0.01568	0.02221	0.76789	0.04137	0.05226	0.01132	0.00653	0.00174	0.00261	0.01002	0.00610	0.00523
30	0.00771	0.00513	0.00674	0.00764	0.00823	0.00475	0.00518	0.00879	0.01107	0.05011	0.07083	0.66929	0.05581	0.05077	0.00787	0.00232	0.00333	0.01451	0.00520	0.00472
31	0.00805	0.00537	0.00604	0.00604	0.00604	0.00537	0.00336	0.00805	0.00805	0.01074	0.01745	0.03624	0.02013	0.80536	0.02819	0.00537	0.00537	0.00805	0.00336	0.00336
32	0.02069	0.02640	0.01569	0.01427	0.01712	0.78313	0.01070	0.02212	0.01569	0.01355	0.00856	0.00999	0.00713	0.00571	0.00499	0.00143	0.00999	0.00357	0.00285	0.00642
33	0.01471	0.01576	0.01238	0.01188	0.02899	0.36914	0.02452	0.01627	0.01316	0.05512	0.01744	0.19244	0.04848	0.01474	0.13660	0.00292	0.00860	0.00726	0.00370	0.00590
34	0.11738	0.00967	0.01135	0.00923	0.01269	0.00953	0.00747	0.13603	0.03894	0.37427	0.07026	0.05658	0.03229	0.00756	0.00532	0.00170	0.00442	0.00608	0.08126	0.00799
35	0.00784	0.00566	0.00740	0.00697	0.00827	0.00523	0.00523	0.01045	0.01568	0.02221	0.76789	0.04137	0.05226	0.01132	0.00653	0.00174	0.00261	0.01002	0.00610	0.00523
36	0.01223	0.04682	0.01749	0.01432	0.01453	0.01718	0.01200	0.01347	0.00860	0.01332	0.00729	0.01198	0.00726	0.00948	0.01754	0.00237	0.76084	0.00476	0.00242	0.00610
37	0.04891	0.02490	0.64591	0.01437	0.02139	0.01183	0.01790	0.01635	0.01162	0.01772	0.03688	0.08423	0.01116	0.00655	0.00538	0.00180	0.00737	0.00530	0.00277	0.00765
38	0.00660	0.00552	0.00575	0.00588	0.00756	0.00467	0.00434	0.00799	0.01248	0.01507	0.07299	0.13594	0.66758	0.01432	0.00660	0.00191	0.00285	0.01209	0.00517	0.00467
39	0.01061	0.01005	0.01664	0.71987	0.03595	0.01274	0.01508	0.01407	0.01083	0.01407	0.00960	0.01452	0.00737	0.00592	0.00671	0.00190	0.08052	0.00491	0.00246	0.00614
40	0.01459	0.74023	0.04716	0.00973	0.01437	0.03885	0.00969	0.01649	0.01128	0.01315	0.00805	0.00947	0.00736	0.00616	0.03296	0.00150	0.00641	0.00312	0.00240	0.00704
41	0.00759	0.00636	0.04167	0.00699	0.00789	0.00536	0.00498	0.00867	0.01052	0.01400	0.11771	0.24602	0.13893	0.34073	0.01556	0.00340	0.00420	0.01074	0.00439	0.00431
42	0.01081	0.00709	0.00793	0.00726	0.00842	0.00728	0.00498	0.13216	0.01258	0.03312	0.08731	0.07021	0.02114	0.41580	0.01702	0.00354	0.00466	0.00762	0.13605	0.00500
43	0.00955	0.00484	0.00716	0.00716	0.00716	0.00484	0.00474	0.00725	0.00725	0.00967	0.00999	0.01774	0.01011	0.05609	0.02195	0.79979	0.00484	0.00496	0.00245	0.00245
44	0.04004	0.71168	0.09779	0.00999	0.01501	0.02078	0.01039	0.01666	0.01124	0.01381	0.00791	0.00915	0.00706	0.00480	0.00371	0.00125	0.00608	0.00307	0.00240	0.00717
45	0.82337	0.01083	0.00836	0.00742	0.01088	0.01255	0.00611	0.03515	0.00985	0.02511	0.00785	0.00911	0.00609	0.00518	0.00348	0.00171	0.00433	0.00305	0.00348	0.00609

[dist]
# distance from previous block
# <min> <max>
0	3

[block]
# block no. 1 follows, 43 sequences, length 11
# corresponding to MSA columns:
# 335-345
name=unknown_B
#
# <colnr> <probs for GDERKNQSTAVLIFYWHMCP>
#	G	D	E	R	K	N	Q	S	T	A	V	L	I	F	Y	W	H	M	C	P
0	0.04496	0.01053	0.01589	0.61597	0.03281	0.01273	0.01390	0.12309	0.01320	0.01764	0.01105	0.04420	0.00874	0.00613	0.00551	0.00183	0.00691	0.00527	0.00306	0.00657
1	0.79376	0.05949	0.00942	0.00742	0.01092	0.01300	0.00621	0.01630	0.00954	0.02413	0.00771	0.00899	0.00607	0.00512	0.00344	0.00168	0.00438	0.00300	0.00336	0.00607
2	0.02420	0.00957	0.01283	0.00994	0.01415	0.00847	0.00818	0.02713	0.05919	0.73094	0.02189	0.01896	0.01390	0.00689	0.00557	0.00172	0.00469	0.00561	0.00678	0.00939
3	0.02161	0.01461	0.01606	0.01232	0.01673	0.01584	0.01017	0.64514	0.02453	0.14424	0.01456	0.01412	0.01005	0.00668	0.00554	0.00167	0.00589	0.00507	0.00573	0.00942
4	0.00962	0.00481	0.00722	0.00722	0.00722	0.00481	0.00481	0.00722	0.00722	0.00962	0.00962	0.01684	0.00962	0.01924	0.02165	0.83886	0.00481	0.00481	0.00241	0.00241
5	0.00675	0.00482	0.00643	0.00771	0.00803	0.00450	0.00514	0.00771	0.01060	0.01414	0.03053	0.80175	0.03663	0.01735	0.00707	0.00225	0.00321	0.01574	0.00514	0.00450
6	0.01046	0.00984	0.01661	0.79205	0.03814	0.01230	0.01538	0.01415	0.01107	0.01415	0.00984	0.01477	0.00738	0.00554	0.00554	0.00185	0.00738	0.00492	0.00246	0.00615
7	0.01180	0.11542	0.60613	0.01498	0.02229	0.01400	0.04386	0.01837	0.07014	0.01747	0.01071	0.01219	0.00785	0.00536	0.00514	0.00170	0.00767	0.00422	0.00262	0.00808
8	0.01350	0.01966	0.37534	0.07738	0.06695	0.01218	0.14042	0.03506	0.03053	0.11740	0.03208	0.01570	0.01027	0.00584	0.00565	0.00179	0.00742	0.02149	0.00335	0.00800
9	0.01203	0.01017	0.01178	0.00846	0.01336	0.00794	0.00679	0.05621	0.01232	0.01901	0.01004	0.01159	0.00827	0.00425	0.00418	0.00087	0.00422	0.00338	0.00341	0.79172
10	0.00740	0.00588	0.00659	0.00691	0.00824	0.00547	0.00496	0.00979	0.07234	0.01533	0.06221	0.28010	0.38939	0.06970	0.00817	0.00225	0.00330	0.03200	0.00508	0.00489

[dist]
# distance from previous block
# <min> <max>
0	2

[block]
# block no. 2 follows, 43 sequences, length 14
# corresponding to MSA columns:
# 348-361
name=unknown_C
#
# <colnr> <probs for GDERKNQSTAVLIFYWHMCP>
#	G	D	E	R	K	N	Q	S	T	A	V	L	I	F	Y	W	H	M	C	P
0	0.00984	0.00891	0.00938	0.02782	0.03982	0.06561	0.00696	0.01432	0.15089	0.01812	0.19768	0.03862	0.30923	0.01104	0.00652	0.00185	0.02171	0.05072	0.00505	0.00593
1	0.00962	0.00481	0.00722	0.00722	0.00722	0.00481	0.00481	0.00722	0.00722	0.00962	0.00962	0.01684	0.00962	0.01924	0.02165	0.83886	0.00481	0.00481	0.00241	0.00241
2	0.04355	0.01142	0.03950	0.01884	0.18208	0.01058	0.25156	0.01547	0.03728	0.05383	0.04428	0.18081	0.05174	0.00825	0.00614	0.00186	0.00620	0.00814	0.00381	0.02465
3	0.01108	0.01080	0.01909	0.62286	0.06631	0.01264	0.12359	0.01528	0.03506	0.01513	0.01047	0.01493	0.00789	0.00545	0.00569	0.00184	0.00754	0.00520	0.00262	0.00654
4	0.00781	0.00578	0.00732	0.00707	0.00839	0.00539	0.00525	0.01059	0.03957	0.02080	0.60775	0.12055	0.10882	0.01205	0.00656	0.00181	0.00275	0.01062	0.00590	0.00522
5	0.00682	0.00551	0.00606	0.00616	0.00771	0.00475	0.00453	0.00838	0.01291	0.01620	0.18573	0.15709	0.53078	0.01399	0.00662	0.00190	0.00283	0.01195	0.00532	0.00475
6	0.00825	0.00530	0.00671	0.00733	0.00792	0.00496	0.00485	0.00907	0.01043	0.06330	0.02813	0.52220	0.07069	0.20963	0.01212	0.00296	0.00382	0.01297	0.00482	0.00455
7	0.00784	0.00566	0.00740	0.00697	0.00827	0.00523	0.00523	0.01045	0.01568	0.02221	0.76789	0.04137	0.05226	0.01132	0.00653	0.00174	0.00261	0.01002	0.00610	0.00523
8	0.01148	0.00984	0.01148	0.00820	0.01312	0.00738	0.00656	0.01395	0.01148	0.01805	0.00984	0.01148	0.00820	0.00410	0.00410	0.00082	0.00410	0.00328	0.00328	0.83922
9	0.01534	0.00783	0.01004	0.00862	0.01119	0.00736	0.00669	0.01900	0.10144	0.32515	0.28058	0.08101	0.02940	0.06163	0.00750	0.00202	0.00389	0.00804	0.00610	0.00716
10	0.11235	0.00819	0.00836	0.00739	0.00958	0.00863	0.00569	0.15521	0.03137	0.05234	0.01920	0.04077	0.06906	0.09406	0.00717	0.00195	0.00392	0.00596	0.35273	0.00608
11	0.84448	0.01071	0.00814	0.00728	0.01071	0.01242	0.00600	0.01628	0.00943	0.02485	0.00771	0.00900	0.00600	0.00514	0.00343	0.00171	0.00428	0.00300	0.00343	0.00600
12	0.84448	0.01071	0.00814	0.00728	0.01071	0.01242	0.00600	0.01628	0.00943	0.02485	0.00771	0.00900	0.00600	0.00514	0.00343	0.00171	0.00428	0.00300	0.00343	0.00600
13	0.00919	0.00604	0.00760	0.00760	0.00893	0.00562	0.00555	0.03994	0.01346	0.07907	0.25992	0.33291	0.13267	0.03687	0.00729	0.00208	0.00332	0.03108	0.00554	0.00532

[dist]
# distance from previous block
# <min> <max>
3	65

[block]
# block no. 3 follows, 43 sequences, length 41
# corresponding to MSA columns:
# 427-467
name=unknown_D
#
# <colnr> <probs for GDERKNQSTAVLIFYWHMCP>
#	G	D	E	R	K	N	Q	S	T	A	V	L	I	F	Y	W	H	M	C	P
0	0.03319	0.00697	0.00813	0.00810	0.00925	0.00707	0.00569	0.13386	0.01298	0.01765	0.05630	0.43146	0.06102	0.16905	0.01080	0.00271	0.00411	0.01164	0.00485	0.00519
1	0.07349	0.01215	0.05462	0.47858	0.08980	0.03623	0.08743	0.03402	0.01199	0.03784	0.01067	0.01506	0.00821	0.00564	0.00549	0.00181	0.00725	0.02015	0.00285	0.00674
2	0.01325	0.01074	0.01348	0.00975	0.01464	0.00887	0.05613	0.09093	0.01331	0.05811	0.01090	0.01227	0.00862	0.00454	0.00448	0.00102	0.00468	0.00379	0.00366	0.65682
3	0.00773	0.00533	0.00612	0.00629	0.00666	0.00515	0.00386	0.00827	0.00953	0.01271	0.07439	0.15436	0.10473	0.52857	0.02063	0.00418	0.00452	0.00968	0.02345	0.00384
4	0.00681	0.00486	0.00644	0.00765	0.00799	0.00454	0.00510	0.00780	0.01068	0.01428	0.05104	0.76022	0.03664	0.03778	0.00761	0.00232	0.00325	0.01538	0.00512	0.00449
5	0.01349	0.01294	0.02209	0.08492	0.72159	0.01310	0.01689	0.01681	0.01251	0.01783	0.01038	0.01378	0.00868	0.00498	0.00549	0.00166	0.00663	0.00493	0.00272	0.00860
6	0.02102	0.01061	0.01298	0.01049	0.01441	0.01053	0.00849	0.07316	0.25785	0.48490	0.02154	0.01909	0.01448	0.00706	0.00559	0.00176	0.00469	0.00576	0.00638	0.00921
7	0.00817	0.00575	0.00714	0.00703	0.00849	0.00518	0.00530	0.01023	0.01404	0.05204	0.40718	0.14385	0.23568	0.01286	0.00663	0.00189	0.00298	0.05471	0.00569	0.00516
8	0.02466	0.00973	0.01304	0.01000	0.01429	0.00860	0.00826	0.06375	0.01637	0.73716	0.02142	0.01857	0.01349	0.00684	0.00557	0.00171	0.00478	0.00554	0.00679	0.00942
9	0.02485	0.00943	0.01285	0.00985	0.01414	0.00814	0.00814	0.02699	0.01585	0.77465	0.02185	0.01885	0.01371	0.00685	0.00557	0.00171	0.00471	0.00557	0.00685	0.00943
10	0.03425	0.00988	0.01061	0.00873	0.01163	0.01047	0.00703	0.31317	0.01781	0.10059	0.01629	0.01725	0.01204	0.00654	0.00470	0.00149	0.00425	0.00508	0.40087	0.00732
11	0.00777	0.00560	0.00699	0.00668	0.00778	0.00521	0.00478	0.00978	0.01395	0.01939	0.56370	0.04138	0.10588	0.16471	0.01071	0.00245	0.00316	0.00978	0.00549	0.00482
12	0.01378	0.01190	0.01252	0.01127	0.01440	0.01378	0.00877	0.02943	0.76081	0.02317	0.02254	0.02066	0.01691	0.00751	0.00564	0.00188	0.00438	0.00626	0.00564	0.00877
13	0.00675	0.00482	0.00643	0.00771	0.00803	0.00450	0.00514	0.00771	0.01060	0.01414	0.03053	0.80175	0.03663	0.01735	0.00707	0.00225	0.00321	0.01574	0.00514	0.00450
14	0.84448	0.01071	0.00814	0.00728	0.01071	0.01242	0.00600	0.01628	0.00943	0.02485	0.00771	0.00900	0.00600	0.00514	0.00343	0.00171	0.00428	0.00300	0.00343	0.00600
15	0.01378	0.01190	0.01252	0.01127	0.01440	0.01378	0.00877	0.02943	0.76081	0.02317	0.02254	0.02066	0.01691	0.00751	0.00564	0.00188	0.00438	0.00626	0.00564	0.00877
16	0.84448	0.01071	0.00814	0.00728	0.01071	0.01242	0.00600	0.01628	0.00943	0.02485	0.00771	0.00900	0.00600	0.00514	0.00343	0.00171	0.00428	0.00300	0.00343	0.00600
17	0.02016	0.02532	0.01516	0.01381	0.01658	0.74370	0.01035	0.02165	0.01549	0.01391	0.00904	0.01053	0.00749	0.00574	0.00494	0.00142	0.00961	0.00365	0.04509	0.00636
18	0.02119	0.01529	0.01648	0.01264	0.01706	0.01684	0.01044	0.72572	0.02567	0.06206	0.01361	0.01350	0.00958	0.00666	0.00554	0.00166	0.00604	0.00501	0.00559	0.00942
19	0.00675	0.00482	0.00643	0.00771	0.00803	0.00450	0.00514	0.00771	0.01060	0.01414	0.03053	0.80175	0.03663	0.01735	0.00707	0.00225	0.00321	0.01574	0.00514	0.00450
20	0.84448	0.01071	0.00814	0.00728	0.01071	0.01242	0.00600	0.01628	0.00943	0.02485	0.00771	0.00900	0.00600	0.00514	0.00343	0.00171	0.00428	0.00300	0.00343	0.00600
21	0.01148	0.00984	0.01148	0.00820	0.01312	0.00738	0.00656	0.01395	0.01148	0.01805	0.00984	0.01148	0.00820	0.00410	0.00410	0.00082	0.00410	0.00328	0.00328	0.83922
22	0.01111	0.02865	0.77667	0.01579	0.02397	0.01286	0.02046	0.01754	0.01169	0.01754	0.00994	0.01169	0.00702	0.00526	0.00526	0.00175	0.00818	0.00409	0.00234	0.00818
23	0.84448	0.01071	0.00814	0.00728	0.01071	0.01242	0.00600	0.01628	0.00943	0.02485	0.00771	0.00900	0.00600	0.00514	0.00343	0.00171	0.00428	0.00300	0.00343	0.00600
24	0.01148	0.00984	0.01148	0.00820	0.01312	0.00738	0.00656	0.01395	0.01148	0.01805	0.00984	0.01148	0.00820	0.00410	0.00410	0.00082	0.00410	0.00328	0.00328	0.83922
25	0.02105	0.01551	0.01662	0.01274	0.01717	0.01717	0.01053	0.75235	0.02604	0.03490	0.01330	0.01330	0.00942	0.00665	0.00554	0.00166	0.00609	0.00499	0.00554	0.00942
26	0.00784	0.00566	0.00740	0.00697	0.00827	0.00523	0.00523	0.01045	0.01568	0.02221	0.76789	0.04137	0.05226	0.01132	0.00653	0.00174	0.00261	0.01002	0.00610	0.00523
27	0.01167	0.14634	0.66386	0.01483	0.02250	0.01423	0.01880	0.01740	0.01163	0.01686	0.00960	0.01127	0.00703	0.00518	0.00500	0.00167	0.00784	0.00392	0.00234	0.00802
28	0.00655	0.00561	0.00561	0.00561	0.00748	0.00468	0.00421	0.00795	0.01262	0.01496	0.05610	0.05330	0.76857	0.01403	0.00655	0.00187	0.00281	0.01169	0.00514	0.00468
29	0.84448	0.01071	0.00814	0.00728	0.01071	0.01242	0.00600	0.01628	0.00943	0.02485	0.00771	0.00900	0.00600	0.00514	0.00343	0.00171	0.00428	0.00300	0.00343	0.00600
30	0.01980	0.01305	0.01477	0.01261	0.05400	0.03666	0.00970	0.33441	0.16238	0.22741	0.04475	0.01713	0.01346	0.00692	0.00558	0.00171	0.00541	0.00552	0.00570	0.00902
31	0.02137	0.01500	0.01630	0.01250	0.01692	0.01641	0.01033	0.69124	0.02518	0.09723	0.01402	0.01376	0.00978	0.00667	0.00554	0.00167	0.00598	0.00504	0.00565	0.00942
32	0.00673	0.00562	0.00587	0.00581	0.00760	0.00476	0.00436	0.00831	0.01307	0.01601	0.15913	0.05157	0.66488	0.01363	0.00654	0.00185	0.00278	0.01145	0.00528	0.00476
33	0.09456	0.00953	0.01245	0.00964	0.01385	0.00850	0.00796	0.02608	0.01531	0.71088	0.02065	0.01801	0.01305	0.00671	0.00539	0.00171	0.00468	0.00535	0.00656	0.00913
34	0.01439	0.01452	0.02160	0.04999	0.67145	0.09674	0.01627	0.01748	0.01291	0.01751	0.01020	0.01333	0.00856	0.00503	0.00543	0.00163	0.00697	0.00479	0.00275	0.00845
35	0.74748	0.01134	0.05049	0.00775	0.01123	0.01198	0.00672	0.01580	0.00942	0.02351	0.00795	0.00962	0.00628	0.00601	0.00464	0.05287	0.00453	0.00317	0.00330	0.00590
36	0.00743	0.00557	0.00663	0.00647	0.00771	0.00505	0.00466	0.00924	0.01345	0.01806	0.41606	0.07994	0.25905	0.12500	0.00963	0.00232	0.00309	0.01050	0.00538	0.00476
37	0.47149	0.01280	0.01137	0.00957	0.01305	0.08211	0.00781	0.13836	0.01358	0.13331	0.01072	0.01139	0.00784	0.00594	0.00504	0.00172	0.04880	0.00385	0.00416	0.00709
38	0.01956	0.01562	0.01511	0.02739	0.03303	0.17488	0.00998	0.30493	0.07204	0.15580	0.03623	0.01483	0.01129	0.00663	0.00590	0.00163	0.03789	0.00494	0.00488	0.04744
39	0.00778	0.00569	0.00712	0.00735	0.00825	0.00548	0.00514	0.01021	0.05825	0.01757	0.33028	0.32372	0.06077	0.11524	0.00946	0.00241	0.00330	0.01172	0.00533	0.00491
40	0.00871	0.00622	0.00723	0.00714	0.00787	0.00614	0.00459	0.03747	0.04820	0.01382	0.03518	0.22846	0.02368	0.46894	0.01890	0.00391	0.00466	0.00956	0.00406	0.05526

[dist]
# distance from previous block
# <min> <max>
2	5

[block]
# block no. 4 follows, 43 sequences, length 41
# corresponding to MSA columns:
# 473-513
name=unknown_E
#
# <colnr> <probs for GDERKNQSTAVLIFYWHMCP>
#	G	D	E	R	K	N	Q	S	T	A	V	L	I	F	Y	W	H	M	C	P
0	0.08481	0.06940	0.10742	0.04486	0.01770	0.11133	0.02381	0.26841	0.10002	0.04737	0.01228	0.01303	0.00917	0.00614	0.00550	0.00165	0.03067	0.00452	0.00414	0.03778
1	0.20865	0.03241	0.01314	0.07271	0.03121	0.02725	0.00869	0.19891	0.05441	0.09947	0.04846	0.01422	0.01101	0.00595	0.00479	0.00154	0.00511	0.00451	0.00438	0.15315
2	0.26326	0.03398	0.13261	0.07095	0.04414	0.02734	0.20527	0.06002	0.01222	0.04403	0.00996	0.01226	0.00752	0.00544	0.00574	0.00178	0.04858	0.00459	0.00315	0.00715
3	0.01257	0.01159	0.01762	0.34265	0.19934	0.01314	0.04931	0.04233	0.21670	0.01835	0.01362	0.01609	0.01042	0.00593	0.00560	0.00180	0.00643	0.00537	0.00351	0.00764
4	0.09021	0.01161	0.01743	0.13550	0.40682	0.01225	0.01349	0.07866	0.03258	0.01934	0.01480	0.04292	0.05490	0.00665	0.00552	0.00176	0.00599	0.03853	0.00340	0.00765
5	0.00719	0.00526	0.00674	0.00767	0.00828	0.00500	0.00527	0.00888	0.03936	0.01514	0.09218	0.61978	0.07924	0.04382	0.00769	0.00229	0.00331	0.03301	0.00518	0.00471
6	0.01995	0.01455	0.01581	0.01204	0.01653	0.01556	0.00992	0.62898	0.02376	0.06057	0.01317	0.01327	0.00942	0.00632	0.00535	0.00155	0.00578	0.00479	0.00530	0.11735
7	0.00674	0.00486	0.00639	0.00761	0.00801	0.00451	0.00510	0.00772	0.01070	0.01418	0.03176	0.76560	0.07198	0.01719	0.00704	0.00223	0.00319	0.01555	0.00514	0.00451
8	0.00795	0.00614	0.00848	0.04747	0.06288	0.00587	0.00644	0.01008	0.01349	0.01856	0.40335	0.26581	0.09726	0.01260	0.00657	0.00190	0.00332	0.01125	0.00533	0.00526
9	0.02485	0.00943	0.01285	0.00985	0.01414	0.00814	0.00814	0.02699	0.01585	0.77465	0.02185	0.01885	0.01371	0.00685	0.00557	0.00171	0.00471	0.00557	0.00685	0.00943
10	0.02451	0.00997	0.01319	0.01011	0.01441	0.00895	0.00836	0.09237	0.01677	0.70798	0.02108	0.01835	0.01332	0.00684	0.00557	0.00171	0.00484	0.00552	0.00674	0.00942
11	0.84448	0.01071	0.00814	0.00728	0.01071	0.01242	0.00600	0.01628	0.00943	0.02485	0.00771	0.00900	0.00600	0.00514	0.00343	0.00171	0.00428	0.00300	0.00343	0.00600
12	0.02124	0.01522	0.01644	0.01260	0.01703	0.01674	0.01041	0.71732	0.02555	0.07063	0.01371	0.01356	0.00963	0.00666	0.00554	0.00166	0.00603	0.00501	0.00560	0.00942
13	0.02485	0.00943	0.01285	0.00985	0.01414	0.00814	0.00814	0.02699	0.01585	0.77465	0.02185	0.01885	0.01371	0.00685	0.00557	0.00171	0.00471	0.00557	0.00685	0.00943
14	0.02463	0.00978	0.01307	0.01002	0.01431	0.00866	0.00828	0.06899	0.01644	0.73181	0.02135	0.01853	0.01346	0.00684	0.00557	0.00171	0.00479	0.00554	0.00678	0.00942
15	0.84448	0.01071	0.00814	0.00728	0.01071	0.01242	0.00600	0.01628	0.00943	0.02485	0.00771	0.00900	0.00600	0.00514	0.00343	0.00171	0.00428	0.00300	0.00343	0.00600
16	0.00662	0.00548	0.00575	0.00595	0.00752	0.00467	0.00433	0.00791	0.01218	0.01471	0.05101	0.16805	0.63342	0.03825	0.00727	0.00203	0.00294	0.01220	0.00509	0.00461
17	0.02185	0.01424	0.01583	0.01214	0.01654	0.01528	0.01003	0.60039	0.02391	0.18987	0.01509	0.01446	0.01032	0.00669	0.00555	0.00167	0.00580	0.00511	0.00582	0.00942
18	0.02157	0.01469	0.01611	0.01235	0.01676	0.01595	0.01020	0.65426	0.02466	0.13494	0.01445	0.01405	0.01000	0.00668	0.00554	0.00167	0.00591	0.00507	0.00572	0.00942
19	0.84448	0.01071	0.00814	0.00728	0.01071	0.01242	0.00600	0.01628	0.00943	0.02485	0.00771	0.00900	0.00600	0.00514	0.00343	0.00171	0.00428	0.00300	0.00343	0.00600
20	0.00805	0.00537	0.00604	0.00604	0.00604	0.00537	0.00336	0.00805	0.00805	0.01074	0.01745	0.03624	0.02013	0.80536	0.02819	0.00537	0.00537	0.00805	0.00336	0.00336
21	0.02070	0.02610	0.01572	0.01423	0.01712	0.76207	0.01070	0.04219	0.01598	0.01414	0.00869	0.01008	0.00720	0.00573	0.00501	0.00143	0.00988	0.00361	0.00293	0.00650
22	0.02485	0.00943	0.01285	0.00985	0.01414	0.00814	0.00814	0.02699	0.01585	0.77465	0.02185	0.01885	0.01371	0.00685	0.00557	0.00171	0.00471	0.00557	0.00685	0.00943
23	0.02485	0.00943	0.01285	0.00985	0.01414	0.00814	0.00814	0.02699	0.01585	0.77465	0.02185	0.01885	0.01371	0.00685	0.00557	0.00171	0.00471	0.00557	0.00685	0.00943
24	0.00785	0.00565	0.00736	0.00694	0.00820	0.00523	0.00517	0.01038	0.01544	0.02185	0.74439	0.04121	0.05125	0.03619	0.00721	0.00186	0.00270	0.00995	0.00601	0.00517
25	0.02445	0.01007	0.01325	0.01016	0.01446	0.00909	0.00839	0.10352	0.01693	0.69660	0.02095	0.01826	0.01326	0.00683	0.00557	0.00171	0.00486	0.00551	0.00672	0.00942
26	0.84448	0.01071	0.00814	0.00728	0.01071	0.01242	0.00600	0.01628	0.00943	0.02485	0.00771	0.00900	0.00600	0.00514	0.00343	0.00171	0.00428	0.00300	0.00343	0.00600
27	0.01095	0.00577	0.00583	0.00560	0.00708	0.00586	0.00426	0.05611	0.01246	0.02148	0.01779	0.02022	0.01392	0.00646	0.00397	0.00131	0.00279	0.00515	0.78758	0.00541
28	0.00805	0.00537	0.00604	0.00604	0.00604	0.00537	0.00336	0.00805	0.00805	0.01074	0.01745	0.03624	0.02013	0.80536	0.02819	0.00537	0.00537	0.00805	0.00336	0.00336
29	0.00805	0.00537	0.00604	0.00604	0.00604	0.00537	0.00336	0.00805	0.00805	0.01074	0.01745	0.03624	0.02013	0.80536	0.02819	0.00537	0.00537	0.00805	0.00336	0.00336
30	0.02485	0.00943	0.01285	0.00985	0.01414	0.00814	0.00814	0.02699	0.01585	0.77465	0.02185	0.01885	0.01371	0.00685	0.00557	0.00171	0.00471	0.00557	0.00685	0.00943
31	0.00777	0.00566	0.00731	0.00689	0.00823	0.00520	0.00517	0.01032	0.01551	0.02181	0.72914	0.04202	0.09125	0.01147	0.00653	0.00175	0.00262	0.01011	0.00604	0.00520
32	0.01111	0.02865	0.77667	0.01579	0.02397	0.01286	0.02046	0.01754	0.01169	0.01754	0.00994	0.01169	0.00702	0.00526	0.00526	0.00175	0.00818	0.00409	0.00234	0.00818
33	0.02105	0.01551	0.01662	0.01274	0.01717	0.01717	0.01053	0.75235	0.02604	0.03490	0.01330	0.01330	0.00942	0.00665	0.00554	0.00166	0.00609	0.00499	0.00554	0.00942
34	0.00776	0.00566	0.00730	0.00689	0.00823	0.00519	0.00517	0.01031	0.01550	0.02179	0.72630	0.04207	0.09411	0.01148	0.00653	0.00175	0.00262	0.01011	0.00604	0.00519
35	0.00674	0.00484	0.00640	0.00765	0.00802	0.00450	0.00511	0.00772	0.01067	0.01416	0.03131	0.77880	0.05907	0.01725	0.00705	0.00224	0.00320	0.01562	0.00514	0.00450
36	0.00971	0.00536	0.00825	0.09347	0.01061	0.00563	0.00597	0.00798	0.00764	0.01012	0.00964	0.01661	0.00937	0.01773	0.01987	0.74688	0.00509	0.00482	0.00241	0.00282
37	0.01155	0.01006	0.01238	0.00884	0.01379	0.00766	0.03801	0.01411	0.01155	0.01803	0.00990	0.01163	0.00821	0.00413	0.00420	0.00086	0.00432	0.00342	0.00326	0.80407
38	0.02051	0.01477	0.01598	0.01240	0.01664	0.01624	0.01018	0.67715	0.04179	0.06512	0.01452	0.04340	0.01080	0.00708	0.00560	0.00169	0.00589	0.00545	0.00558	0.00922
39	0.01663	0.03855	0.01456	0.01083	0.01524	0.05791	0.00880	0.32572	0.09101	0.04073	0.01263	0.01312	0.00958	0.00567	0.00492	0.00134	0.00538	0.00434	0.00448	0.31855
40	0.03552	0.06989	0.03051	0.01070	0.01484	0.01257	0.00904	0.29182	0.04601	0.29533	0.08466	0.01761	0.01480	0.00690	0.00541	0.00164	0.00515	0.00544	0.00565	0.03650

[dist]
# distance from previous block
# <min> <max>
1	6

[block]
# block no. 5 follows, 43 sequences, length 77
# corresponding to MSA columns:
# 520-596
name=unknown_F
#
# <colnr> <probs for GDERKNQSTAVLIFYWHMCP>
#	G	D	E	R	K	N	Q	S	T	A	V	L	I	F	Y	W	H	M	C	P
0	0.01495	0.00993	0.01142	0.00973	0.01254	0.01020	0.00760	0.27931	0.05559	0.12663	0.09200	0.20316	0.08047	0.03018	0.00660	0.00191	0.00450	0.00864	0.00554	0.02911
1	0.02061	0.01435	0.01573	0.01208	0.01648	0.01543	0.00995	0.59880	0.05139	0.11573	0.01438	0.01408	0.01010	0.00655	0.00546	0.00162	0.00575	0.00499	0.00555	0.06096
2	0.00726	0.00542	0.00695	0.00766	0.00857	0.00483	0.00525	0.00842	0.01080	0.01461	0.02953	0.67553	0.07090	0.01571	0.00671	0.00207	0.00329	0.01415	0.00493	0.09739
3	0.01658	0.01257	0.01400	0.01147	0.01528	0.01363	0.02398	0.25124	0.37667	0.08780	0.01898	0.01799	0.02878	0.00697	0.00550	0.00171	0.00498	0.00567	0.00543	0.08077
4	0.01879	0.02344	0.01448	0.01339	0.01592	0.67555	0.00998	0.02018	0.01494	0.01360	0.01117	0.09841	0.01060	0.00797	0.02622	0.00172	0.00936	0.00499	0.00311	0.00617
5	0.01609	0.01323	0.01364	0.01170	0.01516	0.04255	0.00924	0.20347	0.53589	0.04628	0.01978	0.01845	0.01466	0.00722	0.00559	0.00181	0.00501	0.00584	0.00554	0.00886
6	0.01378	0.01190	0.01252	0.01127	0.01440	0.01378	0.00877	0.02943	0.76081	0.02317	0.02254	0.02066	0.01691	0.00751	0.00564	0.00188	0.00438	0.00626	0.00564	0.00877
7	0.01979	0.01384	0.01530	0.01162	0.01612	0.01444	0.00956	0.54147	0.02234	0.11425	0.01364	0.01360	0.00968	0.00622	0.00529	0.00152	0.00559	0.00475	0.00529	0.15569
8	0.00904	0.00659	0.00894	0.01004	0.01143	0.00663	0.00870	0.01213	0.04658	0.01680	0.03023	0.06017	0.06446	0.01489	0.00751	0.00249	0.00496	0.66805	0.00513	0.00525
9	0.00777	0.00561	0.00734	0.00702	0.00826	0.00518	0.00522	0.01027	0.01534	0.02168	0.71938	0.09139	0.05123	0.01172	0.00657	0.00178	0.00265	0.01039	0.00603	0.00518
10	0.00657	0.00552	0.00570	0.00584	0.00754	0.00466	0.00431	0.00792	0.01240	0.01487	0.05326	0.13658	0.68712	0.01440	0.00660	0.00191	0.00285	0.01214	0.00514	0.00466
11	0.00674	0.00484	0.00640	0.00765	0.00802	0.00450	0.00511	0.00772	0.01066	0.01416	0.03129	0.77946	0.05842	0.01725	0.00705	0.00224	0.00320	0.01562	0.00514	0.00450
12	0.02105	0.01551	0.01662	0.01274	0.01717	0.01717	0.01053	0.75235	0.02604	0.03490	0.01330	0.01330	0.00942	0.00665	0.00554	0.00166	0.00609	0.00499	0.00554	0.00942
13	0.02388	0.01099	0.01382	0.01059	0.01492	0.01046	0.00875	0.21296	0.01846	0.58499	0.01966	0.01743	0.01261	0.00680	0.00556	0.00170	0.00507	0.00542	0.00652	0.00942
14	0.00784	0.00566	0.00740	0.00697	0.00827	0.00523	0.00523	0.01045	0.01568	0.02221	0.76789	0.04137	0.05226	0.01132	0.00653	0.00174	0.00261	0.01002	0.00610	0.00523
15	0.00718	0.00602	0.00630	0.00623	0.00806	0.00535	0.00467	0.00967	0.06496	0.01619	0.12062	0.08393	0.61444	0.01347	0.00650	0.00188	0.00292	0.01134	0.00527	0.00500
16	0.04845	0.00946	0.01272	0.00978	0.01404	0.00826	0.00808	0.02668	0.01567	0.75306	0.02144	0.01857	0.01349	0.00681	0.00551	0.00171	0.00470	0.00550	0.00676	0.00933
17	0.02125	0.01519	0.01642	0.01259	0.01701	0.01670	0.01040	0.71400	0.02550	0.07401	0.01375	0.01359	0.00965	0.00666	0.00554	0.00166	0.00602	0.00502	0.00561	0.00942
18	0.00775	0.00566	0.00728	0.00687	0.00822	0.00519	0.00516	0.01028	0.01547	0.02171	0.71891	0.04219	0.10155	0.01151	0.00653	0.00175	0.00263	0.01013	0.00603	0.00519
19	0.00751	0.00562	0.00697	0.00669	0.00809	0.00508	0.00500	0.00979	0.01481	0.02029	0.58166	0.07238	0.21143	0.01215	0.00656	0.00179	0.00268	0.01060	0.00585	0.00508
20	0.02076	0.01537	0.01646	0.01268	0.01706	0.01704	0.01046	0.72339	0.05547	0.03443	0.01367	0.01359	0.00972	0.00668	0.00554	0.00167	0.00603	0.00504	0.00554	0.00939
21	0.01147	0.02613	0.64025	0.01717	0.02488	0.01307	0.15436	0.01758	0.01195	0.01758	0.01017	0.01229	0.00727	0.00515	0.00550	0.00177	0.00840	0.00454	0.00242	0.00805
22	0.00939	0.00612	0.00721	0.00666	0.00863	0.00533	0.00509	0.01134	0.01418	0.11559	0.31683	0.04442	0.40444	0.01209	0.00641	0.00180	0.00298	0.01028	0.00572	0.00549
23	0.84448	0.01071	0.00814	0.00728	0.01071	0.01242	0.00600	0.01628	0.00943	0.02485	0.00771	0.00900	0.00600	0.00514	0.00343	0.00171	0.00428	0.00300	0.00343	0.00600
24	0.00675	0.00482	0.00643	0.00771	0.00803	0.00450	0.00514	0.00771	0.01060	0.01414	0.03053	0.80175	0.03663	0.01735	0.00707	0.00225	0.00321	0.01574	0.00514	0.00450
25	0.84448	0.01071	0.00814	0.00728	0.01071	0.01242	0.00600	0.01628	0.00943	0.02485	0.00771	0.00900	0.00600	0.00514	0.00343	0.00171	0.00428	0.00300	0.00343	0.00600
26	0.02129	0.01513	0.01639	0.01256	0.01699	0.01661	0.01038	0.70711	0.02540	0.08104	0.01383	0.01364	0.00969	0.00666	0.00554	0.00167	0.00601	0.00502	0.00562	0.00942
27	0.01241	0.28877	0.44739	0.01401	0.02065	0.01578	0.07252	0.01704	0.01176	0.01617	0.03009	0.01181	0.00840	0.00521	0.00482	0.00157	0.00736	0.00406	0.00249	0.00769
28	0.01148	0.00984	0.01148	0.00820	0.01312	0.00738	0.00656	0.01395	0.01148	0.01805	0.00984	0.01148	0.00820	0.00410	0.00410	0.00082	0.00410	0.00328	0.00328	0.83922
29	0.02450	0.00963	0.01293	0.00996	0.01422	0.00849	0.00821	0.04420	0.03372	0.73938	0.02166	0.01876	0.01368	0.00687	0.00557	0.00172	0.00474	0.00557	0.00679	0.00941
30	0.00805	0.00537	0.00604	0.00604	0.00604	0.00537	0.00336	0.00805	0.00805	0.01074	0.01745	0.03624	0.02013	0.80536	0.02819	0.00537	0.00537	0.00805	0.00336	0.00336
31	0.01460	0.01223	0.01898	0.09478	0.43729	0.01270	0.03285	0.02058	0.17838	0.09966	0.01429	0.01592	0.01096	0.00576	0.00556	0.00173	0.00604	0.00534	0.00380	0.00857
32	0.00769	0.00566	0.00720	0.00682	0.00819	0.00516	0.00511	0.01017	0.01534	0.02140	0.68869	0.04270	0.13196	0.01162	0.00653	0.00176	0.00263	0.01020	0.00599	0.00516
33	0.01148	0.00984	0.01148	0.00820	0.01312	0.00738	0.00656	0.01395	0.01148	0.01805	0.00984	0.01148	0.00820	0.00410	0.00410	0.00082	0.00410	0.00328	0.00328	0.83922
34	0.08569	0.19231	0.30084	0.01159	0.01695	0.04183	0.01258	0.01748	0.01217	0.11114	0.05244	0.04519	0.01160	0.00681	0.01986	0.00172	0.00643	0.00470	0.00339	0.04528
35	0.00791	0.00593	0.00890	0.00890	0.00989	0.00692	0.00692	0.00989	0.00890	0.01286	0.01483	0.02176	0.01385	0.04154	0.78341	0.00890	0.01483	0.00593	0.00297	0.00494
36	0.01481	0.80869	0.02902	0.00948	0.01421	0.02191	0.00948	0.01658	0.01125	0.01303	0.00770	0.00888	0.00711	0.00474	0.00355	0.00118	0.00592	0.00296	0.00237	0.00711
37	0.00805	0.00537	0.00604	0.00604	0.00604	0.00537	0.00336	0.00805	0.00805	0.01074	0.01745	0.03624	0.02013	0.80536	0.02819	0.00537	0.00537	0.00805	0.00336	0.00336
38	0.01046	0.00984	0.01661	0.79205	0.03814	0.01230	0.01538	0.01415	0.01107	0.01415	0.00984	0.01477	0.00738	0.00554	0.00554	0.00185	0.00738	0.00492	0.00246	0.00615
39	0.02049	0.01523	0.01630	0.01263	0.01696	0.01691	0.01039	0.69595	0.08336	0.03399	0.01402	0.01387	0.01000	0.00672	0.00555	0.00168	0.00596	0.00509	0.00555	0.00937
40	0.01286	0.00967	0.01147	0.00831	0.01307	0.00739	0.00667	0.01525	0.01202	0.10420	0.01259	0.01357	0.03147	0.00471	0.00434	0.00095	0.00413	0.00379	0.00374	0.71979
41	0.25903	0.01227	0.01240	0.01035	0.01406	0.01369	0.00837	0.22299	0.25827	0.11030	0.01562	0.01505	0.01133	0.00651	0.00496	0.00175	0.00486	0.00489	0.00510	0.00821
42	0.01111	0.02865	0.77667	0.01579	0.02397	0.01286	0.02046	0.01754	0.01169	0.01754	0.00994	0.01169	0.00702	0.00526	0.00526	0.00175	0.00818	0.00409	0.00234	0.00818
43	0.00675	0.00482	0.00643	0.00771	0.00803	0.00450	0.00514	0.00771	0.01060	0.01414	0.03053	0.80175	0.03663	0.01735	0.00707	0.00225	0.00321	0.01574	0.00514	0.00450
44	0.01148	0.00984	0.01148	0.00820	0.01312	0.00738	0.00656	0.01395	0.01148	0.01805	0.00984	0.01148	0.00820	0.00410	0.00410	0.00082	0.00410	0.00328	0.00328	0.83922
45	0.00675	0.00482	0.00643	0.00771	0.00803	0.00450	0.00514	0.00771	0.01060	0.01414	0.03053	0.80175	0.03663	0.01735	0.00707	0.00225	0.00321	0.01574	0.00514	0.00450
46	0.00791	0.00593	0.00890	0.00890	0.00989	0.00692	0.00692	0.00989	0.00890	0.01286	0.01483	0.02176	0.01385	0.04154	0.78341	0.00890	0.01483	0.00593	0.00297	0.00494
47	0.00680	0.00486	0.00649	0.00778	0.00812	0.00455	0.00524	0.00781	0.01066	0.01420	0.03049	0.78282	0.03651	0.01730	0.00708	0.00226	0.00326	0.03412	0.00514	0.00451
48	0.00675	0.00482	0.00643	0.00771	0.00803	0.00450	0.00514	0.00771	0.01060	0.01414	0.03053	0.80175	0.03663	0.01735	0.00707	0.00225	0.00321	0.01574	0.00514	0.00450
49	0.00675	0.00482	0.00643	0.00771	0.00803	0.00450	0.00514	0.00771	0.01060	0.01414	0.03053	0.80175	0.03663	0.01735	0.00707	0.00225	0.00321	0.01574	0.00514	0.00450
50	0.84448	0.01071	0.00814	0.00728	0.01071	0.01242	0.00600	0.01628	0.00943	0.02485	0.00771	0.00900	0.00600	0.00514	0.00343	0.00171	0.00428	0.00300	0.00343	0.00600
51	0.00895	0.00604	0.00701	0.00663	0.00854	0.00525	0.00507	0.01081	0.01382	0.09857	0.25796	0.06236	0.44426	0.01258	0.00648	0.00184	0.00302	0.02985	0.00560	0.00535
52	0.00703	0.00494	0.00634	0.00736	0.00761	0.00468	0.00476	0.00778	0.01006	0.01342	0.02775	0.63915	0.03313	0.18473	0.01155	0.00291	0.00367	0.01411	0.00476	0.00426
53	0.01103	0.00584	0.00592	0.00566	0.00716	0.00595	0.00431	0.06155	0.01256	0.02159	0.01775	0.02016	0.01388	0.00647	0.00398	0.00131	0.00281	0.00515	0.78147	0.00544
54	0.84448	0.01071	0.00814	0.00728	0.01071	0.01242	0.00600	0.01628	0.00943	0.02485	0.00771	0.00900	0.00600	0.00514	0.00343	0.00171	0.00428	0.00300	0.00343	0.00600
55	0.06200	0.00530	0.00664	0.00766	0.00825	0.00512	0.00525	0.00851	0.01076	0.01521	0.06463	0.67405	0.03482	0.03718	0.00738	0.00228	0.00336	0.03195	0.00503	0.00462
56	0.00780	0.00566	0.00735	0.00693	0.00825	0.00521	0.00520	0.01038	0.01559	0.02201	0.74869	0.04169	0.07158	0.01140	0.00653	0.00175	0.00262	0.01006	0.00607	0.00521
57	0.02105	0.01551	0.01662	0.01274	0.01717	0.01717	0.01053	0.75235	0.02604	0.03490	0.01330	0.01330	0.00942	0.00665	0.00554	0.00166	0.00609	0.00499	0.00554	0.00942
58	0.00744	0.00559	0.00694	0.00751	0.00845	0.00532	0.00528	0.00982	0.06354	0.01659	0.19049	0.48453	0.13793	0.01494	0.00679	0.00206	0.00311	0.01332	0.00538	0.00497
59	0.04200	0.01066	0.01234	0.01037	0.01391	0.01111	0.00827	0.06637	0.35620	0.31904	0.03667	0.03656	0.03602	0.00759	0.00561	0.00180	0.00450	0.00624	0.00603	0.00872
60	0.00690	0.00488	0.00638	0.00752	0.00780	0.00460	0.00493	0.00775	0.01030	0.01374	0.02899	0.71213	0.03470	0.10960	0.00954	0.00261	0.00347	0.01484	0.00493	0.00436
61	0.01940	0.01447	0.01557	0.01220	0.01629	0.01602	0.00999	0.62520	0.10498	0.03280	0.06394	0.01594	0.01305	0.00705	0.00562	0.00169	0.00568	0.00546	0.00559	0.00907
62	0.04794	0.01100	0.01755	0.42441	0.26054	0.01242	0.01455	0.05826	0.01229	0.03485	0.01041	0.01430	0.00812	0.00605	0.00616	0.03963	0.00675	0.00486	0.00287	0.00706
63	0.10376	0.00651	0.00638	0.00606	0.00777	0.00681	0.00464	0.06629	0.01236	0.02185	0.01713	0.05396	0.01395	0.00681	0.00409	0.00141	0.00305	0.00538	0.64626	0.00553
64	0.01425	0.01213	0.01279	0.01137	0.01458	0.01400	0.00888	0.07699	0.71247	0.02394	0.02193	0.02018	0.01641	0.00746	0.00563	0.00186	0.00450	0.00618	0.00563	0.00881
65	0.02058	0.01398	0.01546	0.01211	0.01630	0.01515	0.00999	0.56699	0.07117	0.14061	0.01586	0.01681	0.01154	0.00713	0.00565	0.00172	0.00574	0.03829	0.00572	0.00918
66	0.00890	0.00643	0.00839	0.00825	0.00918	0.00698	0.00598	0.07332	0.01059	0.01463	0.03572	0.14916	0.01964	0.23401	0.37661	0.00612	0.00946	0.00806	0.00371	0.00485
67	0.01429	0.00782	0.01035	0.00995	0.01227	0.00758	0.00827	0.04743	0.06007	0.24791	0.02612	0.13734	0.02510	0.01215	0.00673	0.00218	0.00474	0.34725	0.00569	0.00674
68	0.00849	0.00646	0.00798	0.00869	0.00971	0.00662	0.00632	0.01258	0.15933	0.01633	0.04363	0.51266	0.03199	0.03516	0.00739	0.00229	0.00374	0.11002	0.00521	0.00541
69	0.05274	0.04425	0.13896	0.01224	0.01644	0.01233	0.06824	0.12301	0.15800	0.15334	0.08151	0.05413	0.01579	0.00735	0.00605	0.00179	0.03501	0.00607	0.00475	0.00798
70	0.01225	0.00863	0.03768	0.00830	0.01087	0.00782	0.00666	0.06422	0.11672	0.15158	0.16269	0.04951	0.24274	0.08549	0.00819	0.00214	0.00399	0.00858	0.00543	0.00648
71	0.00889	0.00583	0.00742	0.00693	0.00816	0.00542	0.00500	0.01092	0.01406	0.06556	0.55353	0.03918	0.05778	0.17459	0.01093	0.00249	0.00331	0.00937	0.00556	0.00509
72	0.01355	0.42377	0.34005	0.01267	0.01876	0.05923	0.03032	0.01731	0.01172	0.01504	0.00876	0.01025	0.00710	0.00501	0.00441	0.00145	0.00716	0.00354	0.00239	0.00753
73	0.04222	0.03607	0.04368	0.05847	0.03643	0.44637	0.01080	0.11438	0.04782	0.03802	0.01047	0.01210	0.00832	0.00735	0.02486	0.03980	0.00844	0.00414	0.00337	0.00688
74	0.00751	0.00525	0.00662	0.00719	0.00797	0.00483	0.00494	0.00877	0.01167	0.03530	0.16282	0.47130	0.13676	0.09146	0.00890	0.00239	0.00330	0.01317	0.00518	0.00467
75	0.01388	0.01550	0.02516	0.02087	0.09997	0.11587	0.37856	0.01705	0.01213	0.01604	0.00971	0.01340	0.00797	0.00619	0.00936	0.00194	0.22109	0.00552	0.00270	0.00709
76	0.01316	0.01264	0.03541	0.17072	0.49383	0.01304	0.01545	0.03743	0.10194	0.01837	0.01220	0.01565	0.00992	0.00561	0.00555	0.00173	0.00646	0.01952	0.00315	0.00822

[dist]
# distance from previous block
# <min> <max>
0	1

[block]
# block no. 6 follows, 43 sequences, length 40
# corresponding to MSA columns:
# 598-637
name=unknown_G
#
# <colnr> <probs for GDERKNQSTAVLIFYWHMCP>
#	G	D	E	R	K	N	Q	S	T	A	V	L	I	F	Y	W	H	M	C	P
0	0.04234	0.01023	0.01089	0.00963	0.01234	0.03461	0.00744	0.07119	0.33519	0.10909	0.13466	0.04577	0.08433	0.05860	0.00718	0.00203	0.00435	0.00726	0.00548	0.00740
1	0.75318	0.01072	0.00888	0.03456	0.01199	0.01230	0.00654	0.03380	0.01021	0.06454	0.00867	0.00982	0.00653	0.00528	0.00366	0.00172	0.00446	0.00325	0.00363	0.00626
2	0.00854	0.00583	0.00705	0.00713	0.00865	0.00522	0.00538	0.01023	0.01295	0.07458	0.18225	0.19955	0.32433	0.03512	0.00728	0.00208	0.00331	0.08999	0.00541	0.00512
3	0.01211	0.01037	0.01250	0.02779	0.01442	0.00848	0.02717	0.05396	0.04514	0.01907	0.01062	0.01215	0.00863	0.00444	0.00435	0.00096	0.00444	0.00363	0.00347	0.71630
