[name]
unknown

[dist]
# distance from previous block
# <min> <max>
17	76

[block]
# block no. 0 follows, 38 sequences, length 37
# corresponding to MSA columns:
# 100-110,118-128,131-145
name=unknown_A
#
# <colnr> <probs for GDERKNQSTAVLIFYWHMCP>
#	G	D	E	R	K	N	Q	S	T	A	V	L	I	F	Y	W	H	M	C	P
0	0.01802	0.11064	0.06511	0.03389	0.01740	0.03393	0.03002	0.20857	0.07556	0.14741	0.01930	0.04274	0.07205	0.00805	0.00690	0.00186	0.06469	0.00620	0.00499	0.03266
1	0.01560	0.11936	0.02137	0.10340	0.02138	0.07656	0.14066	0.11260	0.07626	0.04017	0.01356	0.05738	0.01150	0.00886	0.02751	0.02633	0.11002	0.00607	0.00380	0.00765
2	0.06584	0.03180	0.03416	0.03787	0.23282	0.07191	0.03586	0.12469	0.12537	0.10585	0.01527	0.01636	0.01149	0.00648	0.00570	0.00180	0.00649	0.00543	0.05590	0.00892
3	0.23155	0.01215	0.06102	0.01011	0.01429	0.01103	0.00874	0.11283	0.01593	0.22443	0.12626	0.03810	0.01800	0.00755	0.00546	0.00179	0.00500	0.00590	0.00543	0.08446
4	0.01534	0.01194	0.01522	0.13057	0.01954	0.01280	0.04439	0.24286	0.10257	0.03869	0.01669	0.10182	0.01448	0.03099	0.03136	0.05520	0.00636	0.00686	0.00471	0.09762
5	0.01121	0.00561	0.00561	0.00561	0.00701	0.00561	0.00421	0.01402	0.01262	0.02243	0.01962	0.02243	0.01542	0.00701	0.00421	0.00140	0.00280	0.00561	0.82198	0.00561
6	0.03054	0.09572	0.01487	0.03534	0.01534	0.01057	0.00804	0.01602	0.03496	0.01904	0.01073	0.01256	0.00896	0.00491	0.00494	0.00108	0.02833	0.00373	0.00348	0.64082
7	0.01756	0.12692	0.03341	0.01341	0.05594	0.01543	0.02812	0.24247	0.11296	0.07090	0.03165	0.01549	0.01188	0.00652	0.00580	0.00161	0.02553	0.00509	0.00475	0.17457
8	0.60183	0.13234	0.01327	0.00912	0.01302	0.08977	0.00767	0.01872	0.01143	0.04586	0.00893	0.01019	0.00708	0.00564	0.00398	0.00174	0.00556	0.00340	0.00360	0.00686
9	0.01045	0.00522	0.00784	0.00784	0.00784	0.00522	0.00522	0.00784	0.00784	0.01045	0.01045	0.01829	0.01045	0.02090	0.02351	0.82497	0.00522	0.00522	0.00261	0.00261
10	0.01135	0.08210	0.05287	0.03703	0.03944	0.01099	0.16873	0.03755	0.03271	0.01873	0.16198	0.03129	0.14569	0.11142	0.02995	0.00261	0.00633	0.00832	0.00434	0.00658
11	0.02920	0.00898	0.01012	0.02834	0.05785	0.02608	0.00729	0.11577	0.01600	0.04336	0.11342	0.12082	0.37453	0.01265	0.00676	0.00199	0.00425	0.01067	0.00548	0.00642
12	0.30695	0.01579	0.01449	0.01188	0.01593	0.08603	0.00967	0.35438	0.05812	0.03050	0.01216	0.01285	0.00905	0.00670	0.00559	0.00184	0.03020	0.00458	0.00484	0.00847
13	0.01196	0.01063	0.03378	0.00927	0.01394	0.00811	0.00755	0.03149	0.01259	0.01925	0.01335	0.08955	0.01234	0.00854	0.05264	0.00165	0.00527	0.00515	0.00377	0.64917
14	0.04545	0.12978	0.04038	0.01411	0.03466	0.34135	0.01133	0.14805	0.01759	0.07323	0.04348	0.01374	0.01086	0.00674	0.00608	0.00167	0.04497	0.00462	0.00399	0.00792
15	0.12026	0.01540	0.08688	0.09444	0.32717	0.03829	0.12735	0.01790	0.01301	0.01964	0.01193	0.03341	0.01013	0.00628	0.00634	0.00193	0.03084	0.02747	0.00315	0.00820
16	0.04102	0.14287	0.02005	0.07395	0.18073	0.10663	0.01249	0.12590	0.16183	0.03625	0.03190	0.01578	0.01196	0.00653	0.00556	0.00175	0.00677	0.00521	0.00418	0.00865
17	0.01449	0.01378	0.02339	0.03508	0.70441	0.01375	0.01766	0.01802	0.01391	0.01993	0.05761	0.01678	0.01250	0.00580	0.00603	0.00179	0.00688	0.00571	0.00321	0.00929
18	0.01121	0.00561	0.00561	0.00561	0.00701	0.00561	0.00421	0.01402	0.01262	0.02243	0.01962	0.02243	0.01542	0.00701	0.00421	0.00140	0.00280	0.00561	0.82198	0.00561
19	0.00855	0.00583	0.00698	0.00716	0.00733	0.00591	0.00435	0.00894	0.00921	0.01241	0.02042	0.13233	0.02334	0.60220	0.11503	0.00586	0.00676	0.00954	0.00384	0.00401
20	0.20696	0.01121	0.01444	0.08005	0.17373	0.01193	0.01110	0.06269	0.03442	0.10916	0.01958	0.02599	0.07242	0.00853	0.00626	0.00203	0.02563	0.11168	0.00452	0.00768
21	0.00967	0.00774	0.01093	0.01048	0.01131	0.00935	0.00812	0.03020	0.01017	0.01463	0.01639	0.09098	0.01644	0.09642	0.48661	0.00727	0.14696	0.00735	0.00344	0.00553
22	0.01018	0.00867	0.00834	0.00822	0.00986	0.08654	0.00610	0.01175	0.01352	0.04031	0.11980	0.07187	0.31540	0.15296	0.02913	0.00292	0.00502	0.08903	0.00509	0.00531
23	0.11517	0.03292	0.10191	0.11249	0.05138	0.01309	0.01180	0.18080	0.01675	0.16868	0.01712	0.01785	0.05649	0.00793	0.02498	0.00201	0.00646	0.00549	0.00474	0.05194
24	0.05880	0.01943	0.01602	0.01430	0.03961	0.28417	0.01085	0.19701	0.23479	0.04177	0.01543	0.01547	0.01168	0.00701	0.00573	0.00179	0.00747	0.00519	0.00483	0.00865
25	0.01873	0.01446	0.01564	0.05293	0.01767	0.03929	0.01014	0.46989	0.02229	0.02995	0.01512	0.06459	0.01266	0.07108	0.00790	0.00205	0.00628	0.00612	0.00520	0.11801
26	0.01147	0.00934	0.01270	0.05407	0.09551	0.01000	0.02637	0.07853	0.11855	0.01906	0.02375	0.37776	0.02526	0.03401	0.00874	0.03025	0.04183	0.01120	0.00490	0.00669
27	0.01949	0.01545	0.01908	0.01453	0.01934	0.01638	0.10406	0.47677	0.08595	0.03165	0.01464	0.01539	0.01077	0.00772	0.02623	0.00196	0.00692	0.00557	0.00529	0.10283
28	0.01045	0.00522	0.00784	0.00784	0.00784	0.00522	0.00522	0.00784	0.00784	0.01045	0.01045	0.01829	0.01045	0.02090	0.02351	0.82497	0.00522	0.00522	0.00261	0.00261
29	0.05575	0.38367	0.12855	0.01222	0.01716	0.15811	0.01179	0.08569	0.01453	0.01777	0.01122	0.01307	0.02820	0.03251	0.00561	0.00167	0.00743	0.00416	0.00316	0.00772
30	0.07222	0.15239	0.30699	0.15337	0.13185	0.01561	0.05127	0.01805	0.01254	0.01823	0.01033	0.01305	0.00798	0.00558	0.00541	0.00180	0.00782	0.00457	0.00274	0.00818
31	0.02330	0.01615	0.01762	0.01351	0.01831	0.01762	0.01116	0.65688	0.02712	0.11369	0.01542	0.01508	0.01072	0.00725	0.00602	0.00181	0.00646	0.00548	0.00617	0.01023
32	0.01207	0.03112	0.75741	0.01715	0.02604	0.01397	0.02223	0.01905	0.01270	0.01905	0.01080	0.01270	0.00762	0.00572	0.00572	0.00191	0.00889	0.00445	0.00254	0.00889
33	0.04019	0.01135	0.01367	0.01299	0.07424	0.03044	0.00957	0.07671	0.18410	0.27009	0.06968	0.02798	0.06980	0.00903	0.00632	0.00198	0.00520	0.07180	0.00610	0.00876
34	0.01063	0.02642	0.01191	0.04893	0.01325	0.00823	0.06741	0.03314	0.01201	0.06219	0.04362	0.27492	0.04700	0.15765	0.13242	0.00404	0.02547	0.01050	0.00452	0.00573
35	0.01121	0.00561	0.00561	0.00561	0.00701	0.00561	0.00421	0.01402	0.01262	0.02243	0.01962	0.02243	0.01542	0.00701	0.00421	0.00140	0.00280	0.00561	0.82198	0.00561
36	0.01464	0.01663	0.08182	0.24060	0.17658	0.13031	0.13663	0.01838	0.01376	0.03964	0.01374	0.01695	0.04606	0.00632	0.00639	0.00189	0.02300	0.00573	0.00314	0.00776

[dist]
# distance from previous block
# <min> <max>
0	1

[block]
# block no. 1 follows, 38 sequences, length 24
# corresponding to MSA columns:
# 147-170
name=unknown_B
#
# <colnr> <probs for GDERKNQSTAVLIFYWHMCP>
#	G	D	E	R	K	N	Q	S	T	A	V	L	I	F	Y	W	H	M	C	P
0	0.20295	0.12423	0.04948	0.01209	0.01641	0.16549	0.01030	0.18098	0.07789	0.08766	0.01270	0.01313	0.00953	0.00640	0.00508	0.00172	0.00681	0.00445	0.00443	0.00828
1	0.01142	0.01014	0.03758	0.03535	0.05113	0.03404	0.03267	0.07826	0.01212	0.01644	0.01754	0.02736	0.04762	0.24724	0.23664	0.00539	0.06722	0.02227	0.00365	0.00591
2	0.42207	0.01559	0.01241	0.01083	0.01435	0.15715	0.00864	0.12006	0.09317	0.02543	0.01151	0.01253	0.00889	0.00642	0.00516	0.00182	0.03086	0.00420	0.03148	0.00742
3	0.77904	0.01154	0.00917	0.00809	0.01187	0.01319	0.00667	0.01844	0.01069	0.07412	0.00937	0.01047	0.00706	0.00570	0.00387	0.00186	0.00468	0.00344	0.00396	0.00676
4	0.01468	0.01568	0.01907	0.01620	0.01711	0.13102	0.05382	0.01665	0.02982	0.01507	0.00879	0.01323	0.00822	0.00950	0.01650	0.00242	0.59741	0.00520	0.00282	0.00680
5	0.00733	0.00524	0.00698	0.00838	0.00873	0.00489	0.00558	0.00838	0.01152	0.01536	0.03316	0.78466	0.03979	0.01885	0.00768	0.00244	0.00349	0.01710	0.00558	0.00489
6	0.02699	0.01024	0.01396	0.01070	0.01536	0.00884	0.00884	0.02932	0.01722	0.75522	0.02373	0.02048	0.01489	0.00745	0.00605	0.00186	0.00512	0.00605	0.00745	0.01024
7	0.02553	0.01162	0.01470	0.01138	0.01599	0.01102	0.00936	0.16012	0.06067	0.57986	0.02205	0.01947	0.01422	0.00744	0.00605	0.00186	0.00538	0.00597	0.00710	0.01020
8	0.00807	0.00595	0.00746	0.00813	0.00906	0.00550	0.00562	0.02786	0.01274	0.01702	0.11204	0.54833	0.11979	0.04417	0.00821	0.00239	0.00357	0.01485	0.00557	0.03369
9	0.01847	0.03924	0.04330	0.01308	0.04223	0.05273	0.01040	0.16793	0.29706	0.15597	0.07850	0.02067	0.01761	0.00779	0.00604	0.00189	0.00565	0.00631	0.00586	0.00927
10	0.02150	0.01617	0.01729	0.01357	0.01814	0.01802	0.01110	0.61042	0.15109	0.03571	0.01618	0.01582	0.01163	0.00738	0.00604	0.00185	0.00630	0.00566	0.00604	0.01011
11	0.01430	0.01081	0.01174	0.01035	0.01287	0.05041	0.00793	0.22572	0.03336	0.05655	0.11415	0.17928	0.07129	0.06330	0.08288	0.00295	0.00622	0.00917	0.00539	0.03133
12	0.01416	0.07859	0.14673	0.02540	0.18539	0.01549	0.40751	0.01896	0.01370	0.01892	0.01147	0.01487	0.00887	0.00524	0.00638	0.00190	0.00901	0.00600	0.00291	0.00851
13	0.01227	0.09393	0.66834	0.01621	0.02451	0.01448	0.02060	0.01867	0.01282	0.01883	0.03839	0.01366	0.00948	0.00592	0.00561	0.00185	0.00846	0.00459	0.00270	0.00867
14	0.00780	0.00663	0.04022	0.02476	0.00993	0.00560	0.00630	0.00915	0.01160	0.01548	0.05610	0.58923	0.07697	0.09838	0.00991	0.00272	0.00402	0.01495	0.00522	0.00501
15	0.01894	0.04835	0.01651	0.03331	0.04085	0.30692	0.01091	0.15567	0.11717	0.04677	0.01479	0.01655	0.02853	0.03632	0.04633	0.00231	0.04235	0.00528	0.00425	0.00789
16	0.00973	0.00641	0.00752	0.00741	0.00786	0.00647	0.00460	0.04125	0.01025	0.03545	0.02044	0.12663	0.02291	0.59431	0.06938	0.00535	0.00617	0.00939	0.00407	0.00438
17	0.01676	0.00854	0.01105	0.00941	0.01230	0.00796	0.00739	0.03920	0.07223	0.31871	0.33508	0.08026	0.03462	0.01031	0.00661	0.00192	0.00405	0.00888	0.00683	0.00788
18	0.03521	0.01469	0.02968	0.13726	0.14713	0.01447	0.47165	0.01823	0.01362	0.01885	0.01227	0.03604	0.00977	0.00563	0.00668	0.00199	0.00903	0.00672	0.00306	0.00800
19	0.01873	0.01752	0.02185	0.02535	0.35279	0.15603	0.06794	0.18471	0.01792	0.06084	0.01236	0.01441	0.00960	0.00603	0.00596	0.00177	0.00784	0.00526	0.00394	0.00914
20	0.00751	0.00565	0.00772	0.00862	0.00932	0.00521	0.02663	0.00872	0.01184	0.01557	0.03557	0.68296	0.11617	0.01805	0.00760	0.00239	0.00364	0.01633	0.00551	0.00500
21	0.01121	0.00561	0.00561	0.00561	0.00701	0.00561	0.00421	0.01402	0.01262	0.02243	0.01962	0.02243	0.01542	0.00701	0.00421	0.00140	0.00280	0.00561	0.82198	0.00561
22	0.42208	0.01408	0.01160	0.00995	0.01367	0.13935	0.00796	0.05753	0.01407	0.14830	0.05507	0.01522	0.02826	0.00666	0.00482	0.00178	0.00574	0.00461	0.00457	0.03469
23	0.10371	0.03871	0.17812	0.03844	0.05235	0.11894	0.06092	0.13454	0.01644	0.13335	0.03218	0.01478	0.01057	0.00634	0.00562	0.00178	0.00740	0.00499	0.00424	0.03660

[dist]
# distance from previous block
# <min> <max>
0	4

[block]
# block no. 2 follows, 38 sequences, length 12
# corresponding to MSA columns:
# 182-193
name=unknown_C
#
# <colnr> <probs for GDERKNQSTAVLIFYWHMCP>
#	G	D	E	R	K	N	Q	S	T	A	V	L	I	F	Y	W	H	M	C	P
0	0.06194	0.11566	0.01859	0.05521	0.04702	0.26125	0.01138	0.24787	0.06052	0.02353	0.01249	0.03528	0.01009	0.00680	0.00549	0.00170	0.00777	0.00494	0.00422	0.00825
1	0.71512	0.01211	0.01016	0.04205	0.01363	0.01400	0.00745	0.08825	0.01210	0.02756	0.00908	0.01051	0.00695	0.00577	0.00405	0.00186	0.00500	0.00356	0.00390	0.00689
2	0.01121	0.00561	0.00561	0.00561	0.00701	0.00561	0.00421	0.01402	0.01262	0.02243	0.01962	0.02243	0.01542	0.00701	0.00421	0.00140	0.00280	0.00561	0.82198	0.00561
3	0.01045	0.00522	0.00784	0.00784	0.00784	0.00522	0.00522	0.00784	0.00784	0.01045	0.01045	0.01829	0.01045	0.02090	0.02351	0.82497	0.00522	0.00522	0.00261	0.00261
4	0.00813	0.00613	0.00750	0.00716	0.00875	0.00551	0.00537	0.01060	0.01611	0.02195	0.55842	0.04851	0.24758	0.01311	0.00710	0.00193	0.00290	0.01138	0.00634	0.00551
5	0.83108	0.01163	0.00884	0.00791	0.01163	0.01350	0.00651	0.01768	0.01024	0.02699	0.00838	0.00977	0.00651	0.00558	0.00372	0.00186	0.00465	0.00326	0.00372	0.00651
6	0.75732	0.01255	0.04581	0.03988	0.01356	0.01351	0.00770	0.01766	0.01043	0.02612	0.00859	0.01017	0.00663	0.00561	0.00391	0.00187	0.00500	0.00340	0.00362	0.00664
7	0.01221	0.01179	0.02004	0.49176	0.13755	0.01408	0.06980	0.01584	0.01200	0.01611	0.01072	0.01578	0.00853	0.00772	0.03296	0.00231	0.10540	0.00551	0.00276	0.00714
8	0.18479	0.01431	0.07049	0.09876	0.03520	0.01466	0.01125	0.25717	0.04536	0.05087	0.06473	0.01705	0.01304	0.03648	0.00745	0.00207	0.05816	0.00546	0.00461	0.00810
9	0.01008	0.03820	0.01162	0.02668	0.01248	0.05059	0.06103	0.03533	0.01330	0.01693	0.09672	0.11400	0.23636	0.07408	0.14938	0.00371	0.00711	0.03209	0.00461	0.00572
10	0.02080	0.02534	0.01591	0.01434	0.01744	0.62772	0.01083	0.07231	0.01747	0.01653	0.01537	0.01631	0.08986	0.00727	0.00565	0.00162	0.00969	0.00496	0.00358	0.00699
11	0.01872	0.01414	0.01562	0.01348	0.04401	0.01559	0.01039	0.39088	0.24271	0.05809	0.02040	0.07623	0.03504	0.00854	0.00620	0.00193	0.00568	0.00694	0.00595	0.00945

[dist]
# distance from previous block
# <min> <max>
0	8

[block]
# block no. 3 follows, 38 sequences, length 7
# corresponding to MSA columns:
# 202-208
name=unknown_D
#
# <colnr> <probs for GDERKNQSTAVLIFYWHMCP>
#	G	D	E	R	K	N	Q	S	T	A	V	L	I	F	Y	W	H	M	C	P
0	0.26142	0.09640	0.01724	0.05450	0.01764	0.15883	0.07970	0.06647	0.01428	0.06131	0.06603	0.01467	0.01178	0.00662	0.00594	0.00181	0.04936	0.00484	0.00387	0.00728
1	0.01045	0.00522	0.00784	0.00784	0.00784	0.00522	0.00522	0.00784	0.00784	0.01045	0.01045	0.01829	0.01045	0.02090	0.02351	0.82497	0.00522	0.00522	0.00261	0.00261
2	0.01595	0.01561	0.04909	0.06434	0.45151	0.05282	0.01611	0.11049	0.09478	0.02190	0.01287	0.01536	0.01029	0.00618	0.00647	0.00185	0.03609	0.00541	0.00367	0.00922
3	0.01045	0.00522	0.00784	0.00784	0.00784	0.00522	0.00522	0.00784	0.00784	0.01045	0.01045	0.01829	0.01045	0.02090	0.02351	0.82497	0.00522	0.00522	0.00261	0.00261
4	0.02163	0.01589	0.01705	0.01320	0.01760	0.01753	0.01075	0.66782	0.02658	0.03562	0.01484	0.01662	0.01125	0.07557	0.00817	0.00216	0.00655	0.00571	0.00581	0.00965
5	0.01504	0.65671	0.08552	0.01076	0.01580	0.02145	0.01095	0.01738	0.01201	0.01451	0.00931	0.01125	0.00843	0.00909	0.07822	0.00215	0.00757	0.00363	0.00263	0.00758
6	0.01787	0.13698	0.01740	0.01247	0.01597	0.35526	0.00996	0.04541	0.01487	0.01713	0.01051	0.01240	0.00881	0.00614	0.00595	0.00146	0.06380	0.00404	0.08305	0.16052

[dist]
# distance from previous block
# <min> <max>
2	6

[block]
# block no. 4 follows, 38 sequences, length 9
# corresponding to MSA columns:
# 215-221,224,225
name=unknown_E
#
# <colnr> <probs for GDERKNQSTAVLIFYWHMCP>
#	G	D	E	R	K	N	Q	S	T	A	V	L	I	F	Y	W	H	M	C	P
0	0.07652	0.16149	0.30087	0.01664	0.07943	0.01582	0.08674	0.09020	0.01460	0.06905	0.02755	0.01384	0.00966	0.00592	0.00547	0.00178	0.00751	0.00481	0.00348	0.00863
1	0.01903	0.01526	0.01560	0.01293	0.01678	0.06128	0.01030	0.41907	0.22276	0.03062	0.01887	0.09726	0.01543	0.00864	0.00618	0.00192	0.00603	0.00693	0.00582	0.00928
2	0.00969	0.00677	0.00808	0.00808	0.00982	0.00629	0.00605	0.01266	0.06953	0.07390	0.18131	0.23720	0.27758	0.01454	0.00717	0.00214	0.00355	0.05377	0.00597	0.00590
3	0.01185	0.04828	0.00977	0.00816	0.00931	0.00781	0.00571	0.02798	0.01093	0.10595	0.02144	0.09613	0.06718	0.38318	0.04092	0.09040	0.03724	0.00844	0.00425	0.00509
4	0.01326	0.01039	0.01318	0.01010	0.01448	0.00873	0.04631	0.05047	0.04313	0.06965	0.09172	0.08569	0.01752	0.00707	0.00541	0.00135	0.00467	0.00611	0.00451	0.49625
5	0.24366	0.01213	0.01472	0.01566	0.16721	0.05195	0.05661	0.03404	0.01379	0.04646	0.12689	0.02110	0.07231	0.00728	0.00548	0.00175	0.00551	0.00604	0.00423	0.09317
6	0.04867	0.05600	0.16029	0.01285	0.04674	0.01271	0.01155	0.13086	0.11665	0.08996	0.07995	0.06111	0.04589	0.00791	0.00583	0.00179	0.00574	0.00646	0.00483	0.09421
7	0.01394	0.01145	0.01353	0.01237	0.05857	0.01179	0.00898	0.13845	0.17545	0.02237	0.01810	0.12874	0.01664	0.06813	0.00864	0.00207	0.05567	0.00716	0.00475	0.22320
8	0.01206	0.00825	0.00971	0.00885	0.01096	0.00788	0.00648	0.12290	0.01487	0.07594	0.07990	0.27054	0.11161	0.13435	0.01044	0.00258	0.00447	0.01075	0.00535	0.09210

[dist]
# distance from previous block
# <min> <max>
0	1

[block]
# block no. 5 follows, 38 sequences, length 8
# corresponding to MSA columns:
# 227-234
name=unknown_F
#
# <colnr> <probs for GDERKNQSTAVLIFYWHMCP>
#	G	D	E	R	K	N	Q	S	T	A	V	L	I	F	Y	W	H	M	C	P
0	0.04431	0.01309	0.01503	0.01233	0.01564	0.01467	0.01000	0.28467	0.13409	0.10047	0.06446	0.04334	0.04429	0.00877	0.00830	0.00198	0.13128	0.00652	0.00546	0.04128
1	0.05556	0.02010	0.01610	0.13489	0.03705	0.37861	0.01163	0.11503	0.04686	0.04857	0.03631	0.01620	0.04365	0.00698	0.00571	0.00174	0.00841	0.00513	0.00396	0.00750
2	0.01145	0.00654	0.00719	0.00687	0.00809	0.00719	0.00531	0.01407	0.01220	0.02145	0.01817	0.02128	0.01449	0.00744	0.00613	0.00155	0.09857	0.00556	0.72071	0.00573
3	0.12469	0.01447	0.01500	0.01395	0.07605	0.05723	0.01023	0.27949	0.21315	0.02828	0.03854	0.04030	0.04690	0.00787	0.00583	0.00189	0.00579	0.00622	0.00532	0.00881
4	0.12462	0.06450	0.01715	0.01465	0.04572	0.35137	0.01117	0.11542	0.06837	0.02025	0.01081	0.01240	0.00877	0.00684	0.00704	0.00179	0.10343	0.00440	0.00369	0.00762
5	0.08995	0.04430	0.01441	0.01135	0.01492	0.01254	0.04082	0.17432	0.14376	0.14726	0.03800	0.10123	0.03490	0.04959	0.00732	0.00213	0.00538	0.02876	0.00554	0.03351
6	0.06029	0.01665	0.01659	0.04362	0.01844	0.11459	0.01097	0.40723	0.07857	0.10220	0.01470	0.01493	0.01062	0.00710	0.00628	0.00181	0.03370	0.00522	0.00536	0.03112
7	0.08576	0.00806	0.00857	0.00779	0.00952	0.00904	0.00615	0.07701	0.01335	0.02321	0.01672	0.01945	0.01324	0.00734	0.00624	0.00163	0.09907	0.00534	0.57631	0.00621

[dist]
# distance from previous block
# <min> <max>
0	4

[block]
# block no. 6 follows, 38 sequences, length 12
# corresponding to MSA columns:
# 242-253
name=unknown_G
#
# <colnr> <probs for GDERKNQSTAVLIFYWHMCP>
#	G	D	E	R	K	N	Q	S	T	A	V	L	I	F	Y	W	H	M	C	P
0	0.09808	0.01395	0.05212	0.08671	0.07289	0.01403	0.01124	0.27121	0.08927	0.06216	0.01683	0.06637	0.03503	0.00760	0.00579	0.00183	0.00596	0.00613	0.00490	0.07790
1	0.01581	0.03918	0.01216	0.00993	0.01298	0.11981	0.00777	0.04113	0.07542	0.17904	0.17962	0.03029	0.14543	0.03341	0.02344	0.00208	0.00542	0.00776	0.00557	0.05375
2	0.01686	0.46842	0.08752	0.01201	0.01676	0.15347	0.01134	0.07175	0.03391	0.01679	0.01103	0.05482	0.01001	0.00640	0.00473	0.00151	0.00723	0.00449	0.00319	0.00776
3	0.01148	0.00845	0.00975	0.00937	0.01124	0.00863	0.00695	0.13794	0.09025	0.03744	0.06996	0.33095	0.13744	0.06601	0.00863	0.00242	0.00433	0.03664	0.00568	0.00643
4	0.01121	0.00561	0.00561	0.00561	0.00701	0.00561	0.00421	0.01402	0.01262	0.02243	0.01962	0.02243	0.01542	0.00701	0.00421	0.00140	0.00280	0.00561	0.82198	0.00561
5	0.01393	0.01181	0.01261	0.01149	0.01458	0.01337	0.00895	0.04873	0.58756	0.02425	0.05327	0.05177	0.07628	0.00948	0.00636	0.00207	0.00461	0.03407	0.00606	0.00877
6	0.01091	0.00704	0.00897	0.00920	0.01054	0.00682	0.00669	0.08412	0.01437	0.08547	0.09771	0.53209	0.03588	0.01591	0.00734	0.00229	0.00400	0.04876	0.00589	0.00602
7	0.00869	0.00658	0.00809	0.00789	0.00945	0.00624	0.00593	0.01219	0.06933	0.02182	0.48476	0.11771	0.16518	0.01327	0.00713	0.00201	0.00318	0.03850	0.00627	0.00578
8	0.01560	0.01365	0.01353	0.01197	0.01526	0.06448	0.00928	0.11273	0.52303	0.02475	0.02430	0.02382	0.06321	0.04800	0.00737	0.00217	0.00534	0.00691	0.00575	0.00886
9	0.06124	0.02406	0.07196	0.05966	0.07659	0.46837	0.01285	0.08653	0.05016	0.01866	0.01076	0.01240	0.00854	0.00624	0.00552	0.00168	0.00928	0.00436	0.00346	0.00768
10	0.40926	0.03494	0.03963	0.06275	0.05799	0.03738	0.00967	0.06605	0.12181	0.08896	0.01295	0.01375	0.00964	0.00626	0.00484	0.00187	0.00560	0.00449	0.00435	0.00784
11	0.08914	0.01459	0.01619	0.04644	0.01766	0.07076	0.02962	0.19460	0.13237	0.06775	0.01375	0.01506	0.01056	0.00745	0.00846	0.00192	0.16347	0.00520	0.00454	0.09046

[dist]
# distance from previous block
# <min> <max>
0	4

[block]
# block no. 7 follows, 38 sequences, length 17
# corresponding to MSA columns:
# 258-274
name=unknown_H
#
# <colnr> <probs for GDERKNQSTAVLIFYWHMCP>
#	G	D	E	R	K	N	Q	S	T	A	V	L	I	F	Y	W	H	M	C	P
0	0.00749	0.00553	0.00690	0.00775	0.00852	0.00506	0.00529	0.00876	0.01238	0.01626	0.11357	0.52557	0.17812	0.05845	0.00873	0.00249	0.00346	0.01514	0.00559	0.00494
1	0.01194	0.00925	0.01108	0.02966	0.05267	0.00954	0.00787	0.14232	0.09023	0.02264	0.20177	0.08774	0.15197	0.09596	0.00938	0.00242	0.00463	0.04666	0.00554	0.00674
2	0.30193	0.06640	0.05172	0.00959	0.01332	0.01185	0.00822	0.04222	0.05902	0.19684	0.08203	0.01855	0.01510	0.04588	0.00732	0.04718	0.00510	0.00535	0.00489	0.00748
3	0.04699	0.10565	0.49950	0.04507	0.12675	0.01503	0.04248	0.01868	0.01271	0.01884	0.01056	0.01280	0.00791	0.00559	0.00553	0.00183	0.00823	0.00451	0.00267	0.00866
4	0.03503	0.01224	0.07110	0.51175	0.09600	0.01282	0.01537	0.01671	0.04773	0.04055	0.01342	0.01824	0.02693	0.04922	0.00731	0.00218	0.00742	0.00568	0.00316	0.00713
5	0.01121	0.00561	0.00561	0.00561	0.00701	0.00561	0.00421	0.01402	0.01262	0.02243	0.01962	0.02243	0.01542	0.00701	0.00421	0.00140	0.00280	0.00561	0.82198	0.00561
6	0.04893	0.05031	0.01752	0.07006	0.01970	0.46140	0.01174	0.15455	0.01800	0.03971	0.01062	0.01219	0.00839	0.00656	0.00618	0.00169	0.04674	0.00435	0.00371	0.00764
7	0.01483	0.04546	0.11574	0.04075	0.04767	0.02535	0.06384	0.10627	0.14578	0.08854	0.10786	0.04638	0.06035	0.00883	0.00637	0.00197	0.00604	0.05474	0.00505	0.00817
8	0.01997	0.01475	0.01605	0.01273	0.01706	0.01597	0.01032	0.50133	0.12393	0.05797	0.01723	0.07188	0.01357	0.00799	0.00603	0.00182	0.00591	0.00634	0.00586	0.07329
9	0.01305	0.01300	0.01840	0.06412	0.01743	0.01810	0.01339	0.01453	0.00939	0.01453	0.00807	0.01334	0.00790	0.01024	0.01887	0.00259	0.72854	0.00527	0.00263	0.00659
10	0.22412	0.03439	0.05564	0.01051	0.01521	0.01181	0.00915	0.11344	0.01601	0.32809	0.03228	0.01602	0.01191	0.00659	0.00525	0.00174	0.00533	0.00496	0.00551	0.09206
11	0.01069	0.00751	0.00869	0.00832	0.00927	0.00775	0.00558	0.12567	0.01282	0.01721	0.04091	0.20997	0.02485	0.42962	0.05115	0.00444	0.00576	0.01013	0.00455	0.00513
12	0.00724	0.00596	0.00637	0.00655	0.00828	0.00509	0.00481	0.00878	0.01360	0.01666	0.10455	0.16989	0.59023	0.01559	0.00720	0.00209	0.00310	0.01325	0.00566	0.00509
13	0.01121	0.00561	0.00561	0.00561	0.00701	0.00561	0.00421	0.01402	0.01262	0.02243	0.01962	0.02243	0.01542	0.00701	0.00421	0.00140	0.00280	0.00561	0.82198	0.00561
14	0.01297	0.00790	0.01064	0.01088	0.01296	0.00776	0.00930	0.03379	0.04407	0.13979	0.08212	0.05529	0.03176	0.01423	0.00771	0.00250	0.00527	0.49852	0.00597	0.00659
15	0.00910	0.00659	0.00869	0.06460	0.02705	0.00626	0.00699	0.01104	0.01349	0.05335	0.14399	0.30739	0.21892	0.01495	0.00727	0.00221	0.00397	0.08295	0.00556	0.00561
16	0.08198	0.45823	0.09385	0.01165	0.01635	0.15544	0.01114	0.01862	0.01279	0.01574	0.00936	0.01124	0.00818	0.00850	0.06286	0.00208	0.00807	0.00370	0.00281	0.00742

[dist]
# distance from previous block
# <min> <max>
0	23

[block]
# block no. 8 follows, 38 sequences, length 30
# corresponding to MSA columns:
# 300-329
name=unknown_I
#
# <colnr> <probs for GDERKNQSTAVLIFYWHMCP>
#	G	D	E	R	K	N	Q	S	T	A	V	L	I	F	Y	W	H	M	C	P
0	0.06110	0.00836	0.01054	0.00912	0.01223	0.00748	0.00721	0.01971	0.01506	0.38848	0.05991	0.15582	0.17179	0.01134	0.00653	0.00203	0.00433	0.03474	0.00646	0.00776
1	0.01216	0.00791	0.00986	0.00867	0.01082	0.00766	0.00669	0.09450	0.03363	0.10035	0.56078	0.03841	0.04570	0.02706	0.00733	0.00196	0.00360	0.00964	0.00657	0.00670
2	0.00845	0.00615	0.00796	0.00750	0.00895	0.00565	0.00563	0.01123	0.01688	0.02378	0.71787	0.04550	0.08699	0.01243	0.00710	0.00190	0.00285	0.01096	0.00658	0.00565
3	0.02156	0.01559	0.01665	0.01292	0.01735	0.01719	0.01062	0.65038	0.02652	0.03617	0.01503	0.01534	0.01081	0.00720	0.00581	0.00176	0.00619	0.00544	0.09777	0.00971
4	0.70953	0.01155	0.00931	0.00841	0.01198	0.01335	0.00682	0.01895	0.09236	0.02636	0.01108	0.03921	0.00905	0.00635	0.00414	0.00190	0.00462	0.00416	0.00406	0.00679
5	0.00759	0.00550	0.00690	0.00777	0.00839	0.00510	0.00520	0.00871	0.01191	0.01573	0.09543	0.52827	0.13307	0.11828	0.01055	0.00278	0.00368	0.01490	0.00542	0.00482
6	0.00713	0.00600	0.00619	0.00635	0.00819	0.00506	0.00468	0.00860	0.01347	0.01615	0.05782	0.13962	0.66891	0.01564	0.00717	0.00208	0.00310	0.01319	0.00559	0.00506
7	0.00969	0.00586	0.00772	0.00845	0.00924	0.00543	0.00574	0.01077	0.01186	0.09816	0.03059	0.61970	0.03509	0.09919	0.00993	0.00274	0.00392	0.01497	0.00559	0.00536
8	0.01232	0.00717	0.00809	0.00753	0.00913	0.00719	0.00548	0.07673	0.02998	0.07534	0.10258	0.09813	0.02323	0.17040	0.01065	0.00255	0.00405	0.00796	0.33552	0.00598
9	0.01463	0.01263	0.01328	0.01198	0.01532	0.01454	0.00931	0.03097	0.70923	0.02479	0.02604	0.02396	0.04948	0.00846	0.00616	0.00204	0.00469	0.00705	0.00610	0.00933
10	0.01544	0.01282	0.01362	0.01218	0.01563	0.01472	0.00949	0.03186	0.71153	0.05411	0.02445	0.02237	0.01823	0.00813	0.00612	0.00203	0.00478	0.00677	0.00617	0.00955
11	0.00903	0.00673	0.00815	0.00880	0.00965	0.00684	0.00601	0.02833	0.11976	0.01676	0.02928	0.54017	0.03320	0.13448	0.01091	0.00289	0.00411	0.01403	0.00538	0.00551
12	0.02638	0.01035	0.01394	0.01072	0.01530	0.00908	0.00884	0.05183	0.01758	0.71273	0.04225	0.02091	0.01583	0.00756	0.00608	0.00186	0.00511	0.00615	0.00738	0.01012
13	0.00797	0.00609	0.00731	0.00708	0.00867	0.00543	0.00528	0.01027	0.01563	0.02098	0.47566	0.08102	0.29953	0.01361	0.00713	0.00196	0.00294	0.01178	0.00621	0.00543
14	0.00833	0.00614	0.00778	0.00737	0.00887	0.00560	0.00553	0.01099	0.01659	0.02308	0.65666	0.04666	0.14864	0.01269	0.00710	0.00191	0.00287	0.01112	0.00648	0.00560
15	0.00971	0.00639	0.00761	0.00744	0.00926	0.00560	0.00552	0.01152	0.01438	0.10093	0.20607	0.20870	0.35561	0.01448	0.00711	0.00207	0.00333	0.01250	0.00603	0.00575
16	0.01026	0.00529	0.00769	0.00769	0.00769	0.00529	0.00505	0.00794	0.00794	0.01059	0.01141	0.02066	0.01173	0.10722	0.02431	0.73286	0.00529	0.00562	0.00273	0.00273
17	0.00743	0.00528	0.00695	0.00825	0.00858	0.00495	0.00545	0.00840	0.01133	0.01510	0.03218	0.73336	0.03855	0.07183	0.00926	0.00268	0.00365	0.01653	0.00545	0.00480
18	0.00733	0.00524	0.00698	0.00838	0.00873	0.00489	0.00558	0.00838	0.01152	0.01536	0.03316	0.78466	0.03979	0.01885	0.00768	0.00244	0.00349	0.01710	0.00558	0.00489
19	0.01529	0.00761	0.01005	0.00872	0.01131	0.00676	0.00679	0.01770	0.01641	0.29893	0.36673	0.09911	0.08714	0.01122	0.00675	0.00194	0.00377	0.00971	0.00677	0.00729
20	0.00898	0.00698	0.01026	0.01004	0.01098	0.00835	0.00782	0.01097	0.00959	0.01391	0.01555	0.02343	0.01474	0.07404	0.67136	0.00892	0.07902	0.00645	0.00319	0.00540
21	0.01276	0.01212	0.02057	0.48235	0.32230	0.01373	0.01740	0.01659	0.01269	0.01707	0.01094	0.01558	0.00862	0.00576	0.00599	0.00192	0.00767	0.00535	0.00279	0.00781
22	0.01151	0.01098	0.01895	0.73533	0.04092	0.01346	0.05362	0.01557	0.01214	0.01557	0.01077	0.01605	0.00808	0.00597	0.00607	0.00201	0.00813	0.00544	0.00269	0.00676
23	0.06438	0.01680	0.01735	0.01352	0.01816	0.04262	0.01110	0.64038	0.05808	0.03603	0.01440	0.01443	0.01031	0.00714	0.00588	0.00181	0.00657	0.00531	0.00581	0.00990
24	0.01467	0.01407	0.02402	0.08342	0.70630	0.01423	0.01835	0.01827	0.01359	0.01938	0.01128	0.01496	0.00943	0.00540	0.00596	0.00180	0.00720	0.00536	0.00296	0.00935
25	0.01306	0.01243	0.02112	0.41811	0.38413	0.01381	0.01755	0.01686	0.01283	0.01744	0.01099	0.01548	0.00875	0.00570	0.00599	0.00190	0.00760	0.00535	0.00282	0.00806
26	0.01136	0.01069	0.01804	0.77412	0.04143	0.01337	0.01671	0.01537	0.01203	0.01537	0.01069	0.01604	0.00802	0.00601	0.00601	0.00200	0.00802	0.00535	0.00267	0.00668
27	0.01199	0.01133	0.01918	0.64258	0.16806	0.01353	0.01702	0.01592	0.01233	0.01613	0.01080	0.01583	0.00829	0.00590	0.00600	0.00197	0.00786	0.00535	0.00273	0.00719
28	0.01224	0.01159	0.01963	0.59097	0.21774	0.01360	0.01714	0.01614	0.01244	0.01643	0.01085	0.01575	0.00839	0.00585	0.00600	0.00195	0.00780	0.00535	0.00275	0.00739
29	0.02287	0.01685	0.01805	0.01384	0.01866	0.01866	0.01143	0.73100	0.02828	0.03791	0.01444	0.01444	0.01023	0.00722	0.00602	0.00181	0.00662	0.00542	0.00602	0.01023

[dist]
# distance from previous block
# <min> <max>
3	11

[block]
# block no. 9 follows, 38 sequences, length 32
# corresponding to MSA columns:
# 345-376
name=unknown_J
#
# <colnr> <probs for GDERKNQSTAVLIFYWHMCP>
#	G	D	E	R	K	N	Q	S	T	A	V	L	I	F	Y	W	H	M	C	P
0	0.01948	0.01237	0.01420	0.01171	0.01539	0.01301	0.00934	0.32186	0.11871	0.19591	0.05290	0.14913	0.01944	0.00960	0.00637	0.00196	0.00533	0.00797	0.00631	0.00903
1	0.16499	0.01093	0.01321	0.01044	0.01478	0.01044	0.00857	0.09418	0.01686	0.53221	0.02053	0.04679	0.01393	0.00753	0.00571	0.00188	0.00512	0.00592	0.00659	0.00939
2	0.00797	0.00571	0.00745	0.00850	0.00909	0.00543	0.00580	0.03386	0.01255	0.01685	0.08988	0.69836	0.04012	0.01791	0.00757	0.00238	0.00355	0.01619	0.00568	0.00514
3	0.00846	0.00616	0.00802	0.00776	0.00914	0.00563	0.00571	0.01098	0.01590	0.02244	0.59648	0.17171	0.05202	0.01314	0.00710	0.00195	0.00301	0.01168	0.00633	0.03637
4	0.01370	0.01146	0.01632	0.01191	0.01706	0.00944	0.13217	0.01723	0.03850	0.06966	0.01304	0.03251	0.01056	0.00529	0.00515	0.00124	0.00544	0.00482	0.02196	0.56255
5	0.01232	0.01053	0.01231	0.00889	0.01409	0.00792	0.00708	0.01494	0.01245	0.01947	0.01137	0.03593	0.00985	0.00489	0.00455	0.00094	0.00443	0.00398	0.00363	0.80044
6	0.02140	0.01447	0.01740	0.01352	0.01794	0.01531	0.05914	0.48717	0.02369	0.15845	0.01781	0.09456	0.01399	0.00831	0.00627	0.00190	0.00628	0.00684	0.00602	0.00954
7	0.01015	0.00533	0.00762	0.00762	0.00762	0.00533	0.00495	0.00799	0.00799	0.01066	0.01192	0.02193	0.01243	0.15373	0.02474	0.68324	0.00533	0.00583	0.00279	0.00279
8	0.01419	0.01358	0.02316	0.18220	0.61122	0.01411	0.01812	0.01785	0.01337	0.01881	0.01119	0.01512	0.00923	0.00549	0.00597	0.00183	0.00732	0.00536	0.00292	0.00897
9	0.00859	0.00613	0.00752	0.00741	0.00893	0.00549	0.00546	0.01073	0.01514	0.04735	0.40278	0.17570	0.24838	0.01408	0.00716	0.00203	0.00309	0.01229	0.00618	0.00554
10	0.00872	0.00596	0.00718	0.00718	0.00740	0.00617	0.00442	0.00915	0.00893	0.01213	0.01838	0.03621	0.02050	0.63945	0.17788	0.00660	0.00789	0.00829	0.00356	0.00399
11	0.01647	0.01533	0.01430	0.01280	0.01619	0.12625	0.00998	0.08238	0.55159	0.02429	0.02176	0.02187	0.01680	0.00812	0.00609	0.00198	0.00583	0.03327	0.00564	0.00904
12	0.06464	0.01362	0.01492	0.16037	0.09203	0.10214	0.01127	0.18321	0.04408	0.02237	0.02341	0.02609	0.16571	0.00876	0.00615	0.00192	0.00645	0.04086	0.00448	0.00753
13	0.01270	0.17102	0.49268	0.14684	0.02670	0.01572	0.01902	0.01822	0.01249	0.01749	0.01032	0.01270	0.00771	0.00566	0.00542	0.00181	0.00828	0.00437	0.00257	0.00829
14	0.01207	0.03112	0.75741	0.01715	0.02604	0.01397	0.02223	0.01905	0.01270	0.01905	0.01080	0.01270	0.00762	0.00572	0.00572	0.00191	0.00889	0.00445	0.00254	0.00889
15	0.00751	0.00537	0.00714	0.00825	0.00877	0.00501	0.00560	0.00883	0.01235	0.01669	0.14149	0.67254	0.04236	0.01785	0.00759	0.00236	0.00339	0.01616	0.00574	0.00501
16	0.01203	0.01477	0.14676	0.44876	0.18841	0.01327	0.01745	0.01634	0.01258	0.01696	0.01328	0.01725	0.04419	0.00627	0.00600	0.00194	0.00774	0.00555	0.00286	0.00759
17	0.02329	0.01556	0.01718	0.01324	0.01797	0.01682	0.01091	0.58379	0.05264	0.16156	0.01642	0.01578	0.01134	0.00729	0.00603	0.00182	0.00629	0.00558	0.00627	0.01021
18	0.00839	0.00643	0.00780	0.00843	0.01001	0.00595	0.00686	0.01043	0.01362	0.01709	0.07258	0.07646	0.35532	0.05331	0.00879	0.00255	0.00428	0.32095	0.00551	0.00523
19	0.01496	0.01292	0.01360	0.01224	0.01564	0.01496	0.00952	0.03197	0.74019	0.02516	0.02448	0.02244	0.01836	0.00816	0.00612	0.00204	0.00476	0.00680	0.00612	0.00952
20	0.15612	0.01383	0.02172	0.03190	0.62311	0.01416	0.01640	0.01833	0.01310	0.02092	0.01081	0.01400	0.00901	0.00540	0.00557	0.00180	0.00672	0.00500	0.00311	0.00901
21	0.02247	0.02867	0.01705	0.01550	0.01860	0.76443	0.01162	0.02402	0.01705	0.01472	0.00930	0.01085	0.00775	0.00620	0.00542	0.00155	0.01085	0.00387	0.00310	0.00697
22	0.00875	0.00583	0.00656	0.00656	0.00656	0.00583	0.00365	0.00875	0.00875	0.01166	0.01895	0.03937	0.02187	0.78858	0.03062	0.00583	0.00583	0.00875	0.00365	0.00365
23	0.02287	0.01685	0.01805	0.01384	0.01866	0.01866	0.01143	0.73100	0.02828	0.03791	0.01444	0.01444	0.01023	0.00722	0.00602	0.00181	0.00662	0.00542	0.00602	0.01023
24	0.01207	0.03112	0.75741	0.01715	0.02604	0.01397	0.02223	0.01905	0.01270	0.01905	0.01080	0.01270	0.00762	0.00572	0.00572	0.00191	0.00889	0.00445	0.00254	0.00889
25	0.46096	0.01072	0.01079	0.00898	0.01291	0.01115	0.00737	0.02180	0.01343	0.31154	0.06446	0.01634	0.01319	0.00677	0.00486	0.00186	0.00471	0.00487	0.00537	0.00791
26	0.02249	0.02810	0.01710	0.01542	0.01860	0.72827	0.01161	0.05831	0.01759	0.01585	0.00955	0.01102	0.00787	0.00625	0.00545	0.00156	0.01064	0.00395	0.00324	0.00713
27	0.01066	0.00975	0.01613	0.64163	0.03577	0.01190	0.01478	0.01416	0.01194	0.01537	0.01458	0.14903	0.01352	0.00823	0.00630	0.00208	0.00724	0.00738	0.00318	0.00637
28	0.00733	0.00524	0.00698	0.00838	0.00873	0.00489	0.00558	0.00838	0.01152	0.01536	0.03316	0.78466	0.03979	0.01885	0.00768	0.00244	0.00349	0.01710	0.00558	0.00489
29	0.15322	0.00816	0.00925	0.00849	0.01112	0.00754	0.00638	0.01396	0.01258	0.10255	0.06457	0.31716	0.06786	0.01165	0.00607	0.00189	0.00402	0.01000	0.00511	0.17842
30	0.69123	0.01254	0.01044	0.00894	0.01285	0.01439	0.00737	0.14111	0.01336	0.02888	0.00943	0.01058	0.00716	0.00587	0.00412	0.00185	0.00499	0.00363	0.00412	0.00716
31	0.01850	0.50923	0.02637	0.01192	0.01661	0.16726	0.01075	0.14255	0.01594	0.01838	0.00960	0.01071	0.00816	0.00571	0.00454	0.00143	0.00733	0.00373	0.00327	0.00801

[dist]
# distance from previous block
# <min> <max>
0	1

[block]
# block no. 10 follows, 38 sequences, length 155
# corresponding to MSA columns:
# 378,379,384-536
name=unknown_K
#
# <colnr> <probs for GDERKNQSTAVLIFYWHMCP>
#	G	D	E	R	K	N	Q	S	T	A	V	L	I	F	Y	W	H	M	C	P
0	0.02472	0.12799	0.01667	0.01078	0.01545	0.01157	0.00914	0.04221	0.04979	0.59567	0.02127	0.01881	0.01388	0.00713	0.00572	0.00178	0.00533	0.00565	0.00662	0.00983
1	0.01664	0.01361	0.02272	0.04757	0.62647	0.01346	0.01698	0.02003	0.01419	0.13009	0.01317	0.01575	0.01030	0.00569	0.00597	0.00180	0.00686	0.00546	0.00364	0.00958
2	0.01609	0.01529	0.01412	0.01273	0.01609	0.12757	0.00984	0.03077	0.63154	0.02360	0.02220	0.02070	0.01677	0.00787	0.00602	0.00197	0.00568	0.00636	0.00567	0.00914
3	0.70791	0.01149	0.01022	0.12303	0.01611	0.01348	0.00805	0.01734	0.01051	0.02524	0.00872	0.01071	0.00674	0.00565	0.00407	0.00188	0.00516	0.00357	0.00357	0.00654
4	0.83108	0.01163	0.00884	0.00791	0.01163	0.01350	0.00651	0.01768	0.01024	0.02699	0.00838	0.00977	0.00651	0.00558	0.00372	0.00186	0.00465	0.00326	0.00372	0.00651
5	0.01496	0.01292	0.01360	0.01224	0.01564	0.01496	0.00952	0.03197	0.74019	0.02516	0.02448	0.02244	0.01836	0.00816	0.00612	0.00204	0.00476	0.00680	0.00612	0.00952
6	0.00860	0.00642	0.00953	0.00953	0.01055	0.00744	0.00734	0.01065	0.00963	0.01386	0.01624	0.02435	0.01535	0.07915	0.73114	0.00949	0.01564	0.00655	0.00324	0.00529
7	0.04038	0.01525	0.01728	0.12769	0.02152	0.01713	0.01185	0.51880	0.09729	0.04954	0.01496	0.01552	0.01074	0.00710	0.00597	0.00186	0.00656	0.00551	0.00550	0.00953
8	0.83108	0.01163	0.00884	0.00791	0.01163	0.01350	0.00651	0.01768	0.01024	0.02699	0.00838	0.00977	0.00651	0.00558	0.00372	0.00186	0.00465	0.00326	0.00372	0.00651
9	0.09927	0.00675	0.00766	0.00808	0.00941	0.00670	0.00577	0.01151	0.06206	0.01866	0.14085	0.40882	0.13987	0.03701	0.00762	0.00230	0.00361	0.01305	0.00552	0.00549
10	0.00739	0.00528	0.00704	0.00844	0.00881	0.00493	0.00568	0.00847	0.01157	0.01542	0.03313	0.76766	0.03967	0.01879	0.00769	0.00245	0.00354	0.03355	0.00558	0.00490
11	0.01562	0.01222	0.01388	0.01035	0.01529	0.01100	0.00835	0.22380	0.01727	0.04276	0.02866	0.03662	0.01138	0.00593	0.00510	0.00125	0.00504	0.00472	0.00450	0.52629
12	0.01608	0.79220	0.03152	0.01029	0.01544	0.02380	0.01029	0.01801	0.01222	0.01415	0.00836	0.00965	0.00772	0.00515	0.00386	0.00129	0.00643	0.00322	0.00257	0.00772
13	0.83108	0.01163	0.00884	0.00791	0.01163	0.01350	0.00651	0.01768	0.01024	0.02699	0.00838	0.00977	0.00651	0.00558	0.00372	0.00186	0.00465	0.00326	0.00372	0.00651
14	0.02060	0.01572	0.01678	0.01338	0.01779	0.01760	0.01089	0.53048	0.23250	0.03426	0.01732	0.01674	0.01256	0.00749	0.00605	0.00187	0.00609	0.00581	0.00605	0.01003
15	0.01169	0.01083	0.01807	0.46363	0.22464	0.01234	0.01550	0.01514	0.01239	0.01650	0.01423	0.13122	0.01319	0.00777	0.00625	0.00201	0.00711	0.00712	0.00319	0.00717
16	0.00894	0.00624	0.00812	0.00763	0.00913	0.00573	0.00573	0.01169	0.01682	0.04311	0.69497	0.06113	0.07316	0.01239	0.00708	0.00191	0.00292	0.01094	0.00659	0.00576
17	0.02699	0.01024	0.01396	0.01070	0.01536	0.00884	0.00884	0.02932	0.01722	0.75522	0.02373	0.02048	0.01489	0.00745	0.00605	0.00186	0.00512	0.00605	0.00745	0.01024
18	0.00821	0.00614	0.00762	0.00725	0.00880	0.00555	0.00543	0.01076	0.01630	0.02240	0.59785	0.04777	0.20786	0.01294	0.00710	0.00192	0.00288	0.01128	0.00640	0.00555
19	0.01489	0.01429	0.02442	0.03692	0.75106	0.01429	0.01846	0.01846	0.01370	0.01965	0.01132	0.01489	0.00953	0.00536	0.00596	0.00179	0.00715	0.00536	0.00298	0.00953
20	0.01136	0.01069	0.01804	0.77412	0.04143	0.01337	0.01671	0.01537	0.01203	0.01537	0.01069	0.01604	0.00802	0.00601	0.00601	0.00200	0.00802	0.00535	0.00267	0.00668
21	0.00754	0.00532	0.00692	0.00810	0.00840	0.00503	0.00529	0.00843	0.01110	0.01480	0.03102	0.67268	0.03710	0.13450	0.01113	0.00295	0.00384	0.01585	0.00529	0.00470
22	0.01479	0.01455	0.02582	0.03458	0.62478	0.01445	0.12503	0.01892	0.03170	0.01973	0.01177	0.01528	0.00969	0.00539	0.00613	0.00183	0.00754	0.00566	0.00307	0.00932
23	0.01164	0.01098	0.01854	0.71624	0.09715	0.01344	0.01684	0.01561	0.01216	0.01571	0.01074	0.01595	0.00814	0.00596	0.00601	0.00199	0.00795	0.00535	0.00270	0.00691
24	0.02055	0.01536	0.01647	0.01307	0.01737	0.01710	0.01066	0.55565	0.15153	0.03430	0.01648	0.01647	0.01203	0.00845	0.02751	0.00205	0.00639	0.00570	0.04311	0.00976
25	0.15453	0.01531	0.01556	0.01213	0.01676	0.03802	0.00993	0.46770	0.04013	0.03236	0.01297	0.01347	0.00955	0.00653	0.00539	0.00168	0.00605	0.00477	0.00519	0.13198
26	0.00805	0.00560	0.00679	0.00739	0.00766	0.00542	0.00461	0.00862	0.01020	0.01353	0.02700	0.36459	0.06263	0.40277	0.03461	0.00426	0.00490	0.01252	0.00457	0.00429
27	0.01420	0.01623	0.03550	0.02535	0.03144	0.01521	0.72921	0.01927	0.01420	0.01927	0.01217	0.01623	0.00913	0.00507	0.00710	0.00203	0.01014	0.00710	0.00304	0.00811
28	0.01309	0.01162	0.01804	0.65989	0.03801	0.01416	0.01591	0.12289	0.01447	0.01876	0.01126	0.01580	0.00835	0.00620	0.00601	0.00197	0.00781	0.00536	0.00318	0.00722
29	0.01470	0.01450	0.02593	0.05338	0.62542	0.01441	0.12521	0.01851	0.01373	0.01949	0.01143	0.01512	0.00943	0.00533	0.00613	0.00183	0.00762	0.00562	0.00298	0.00925
30	0.01489	0.01429	0.02442	0.03692	0.75106	0.01429	0.01846	0.01846	0.01370	0.01965	0.01132	0.01489	0.00953	0.00536	0.00596	0.00179	0.00715	0.00536	0.00298	0.00953
31	0.01266	0.14320	0.65052	0.01614	0.02448	0.01542	0.02047	0.01890	0.01263	0.01833	0.01044	0.01225	0.00764	0.00563	0.00544	0.00181	0.00853	0.00426	0.00255	0.00872
32	0.00875	0.00583	0.00656	0.00656	0.00656	0.00583	0.00365	0.00875	0.00875	0.01166	0.01895	0.03937	0.02187	0.78858	0.03062	0.00583	0.00583	0.00875	0.00365	0.00365
33	0.00871	0.00659	0.00968	0.00953	0.01062	0.00756	0.00741	0.01094	0.01076	0.01551	0.12582	0.02653	0.02110	0.03919	0.62939	0.00830	0.03611	0.00708	0.00372	0.00545
34	0.02051	0.01518	0.01668	0.01317	0.01739	0.01688	0.01080	0.60418	0.04443	0.03398	0.01496	0.01604	0.01117	0.01294	0.12002	0.00299	0.00800	0.00561	0.00560	0.00948
35	0.01273	0.14503	0.62715	0.01636	0.02460	0.01548	0.04120	0.01890	0.01267	0.01832	0.01047	0.01235	0.00768	0.00561	0.00548	0.00182	0.00856	0.00434	0.00256	0.00869
36	0.00743	0.00611	0.00653	0.00642	0.00832	0.00521	0.00482	0.00924	0.01446	0.01802	0.21512	0.05499	0.59334	0.01458	0.00711	0.00200	0.00300	0.01229	0.00582	0.00521
37	0.47028	0.01076	0.01127	0.15561	0.03527	0.01230	0.00891	0.04903	0.01189	0.04438	0.01334	0.12805	0.01229	0.00778	0.00498	0.00197	0.00529	0.00597	0.00400	0.00665
38	0.01144	0.01077	0.01819	0.75751	0.05742	0.01339	0.01675	0.01544	0.01207	0.01547	0.01071	0.01601	0.00805	0.00600	0.00601	0.00200	0.00800	0.00535	0.00268	0.00675
39	0.01032	0.00659	0.00832	0.00763	0.00949	0.00592	0.00579	0.01281	0.01629	0.10345	0.53122	0.04440	0.17370	0.02829	0.00747	0.00199	0.00319	0.01062	0.00647	0.00603
