[name]
unknown

[dist]
# distance from previous block
# <min> <max>
2	64

[block]
# block no. 0 follows, 43 sequences, length 31
# corresponding to MSA columns:
# 65-87,89-96
name=unknown_A
#
# <colnr> <probs for GDERKNQSTAVLIFYWHMCP>
#	G	D	E	R	K	N	Q	S	T	A	V	L	I	F	Y	W	H	M	C	P
0	0.13866	0.08146	0.01058	0.00788	0.01057	0.00925	0.00635	0.07746	0.03087	0.08639	0.23055	0.06461	0.18151	0.00953	0.00555	0.00170	0.00381	0.00781	0.00503	0.03043
1	0.08329	0.06263	0.00934	0.00835	0.00972	0.00787	0.00627	0.07540	0.01201	0.01696	0.04025	0.41912	0.02749	0.09691	0.00865	0.00243	0.00419	0.09924	0.00466	0.00522
2	0.14902	0.01465	0.05896	0.05747	0.03974	0.03759	0.01039	0.42803	0.05300	0.02842	0.01334	0.01403	0.02600	0.00638	0.00513	0.00168	0.00585	0.00479	0.03734	0.00820
3	0.07565	0.06186	0.13528	0.01152	0.01593	0.01445	0.01067	0.39152	0.05998	0.02723	0.01359	0.03524	0.01039	0.00653	0.00508	0.00164	0.00569	0.00497	0.10463	0.00816
4	0.04787	0.01504	0.01203	0.01080	0.01353	0.26260	0.00828	0.05099	0.23884	0.03852	0.11746	0.02042	0.05081	0.00744	0.00534	0.00163	0.00585	0.00579	0.06378	0.02299
5	0.00730	0.00510	0.00645	0.00720	0.00752	0.00488	0.00469	0.00815	0.01029	0.01381	0.08728	0.48008	0.03264	0.26262	0.01363	0.00319	0.00389	0.03239	0.00466	0.00422
6	0.00859	0.00590	0.00689	0.00678	0.00716	0.00602	0.00422	0.04581	0.00953	0.01284	0.04756	0.09339	0.02163	0.61114	0.08555	0.00508	0.00589	0.00840	0.00368	0.00395
7	0.00697	0.00496	0.00659	0.00782	0.00820	0.00468	0.00534	0.00801	0.01065	0.01417	0.02985	0.71225	0.03553	0.05266	0.00806	0.00241	0.00345	0.06885	0.00506	0.00449
8	0.05267	0.69424	0.08174	0.00996	0.01484	0.04180	0.01015	0.01679	0.01132	0.01391	0.00789	0.00912	0.00705	0.00482	0.00371	0.00126	0.00612	0.00306	0.00243	0.00712
9	0.30436	0.01223	0.01429	0.12574	0.01730	0.05935	0.03626	0.01515	0.00977	0.01766	0.00801	0.01138	0.00687	0.00708	0.00998	0.00201	0.32941	0.00419	0.00282	0.00612
10	0.01044	0.09112	0.01040	0.00773	0.00965	0.02918	0.00604	0.01311	0.03532	0.07942	0.54473	0.03445	0.04041	0.05547	0.00732	0.00188	0.00354	0.00853	0.00550	0.00578
11	0.84448	0.01071	0.00814	0.00728	0.01071	0.01242	0.00600	0.01628	0.00943	0.02485	0.00771	0.00900	0.00600	0.00514	0.00343	0.00171	0.00428	0.00300	0.00343	0.00600
12	0.01170	0.10370	0.61819	0.01603	0.02358	0.01388	0.10285	0.01747	0.01181	0.01712	0.00986	0.01179	0.00718	0.00514	0.00524	0.00171	0.00809	0.00426	0.00239	0.00800
13	0.00778	0.00566	0.00733	0.00691	0.00824	0.00520	0.00518	0.01034	0.01554	0.02189	0.73691	0.04189	0.08344	0.01144	0.00653	0.00175	0.00262	0.01009	0.00606	0.00520
14	0.01213	0.00809	0.00941	0.00846	0.01074	0.00809	0.00649	0.08908	0.14426	0.12095	0.21115	0.13063	0.16077	0.02687	0.00660	0.00190	0.00371	0.00915	0.02493	0.00658
15	0.00791	0.00529	0.00701	0.00765	0.00841	0.00491	0.00535	0.00937	0.01213	0.05042	0.21770	0.54155	0.03916	0.02988	0.00727	0.00216	0.00321	0.03028	0.00543	0.00490
16	0.01554	0.01280	0.01331	0.03260	0.01544	0.04870	0.00919	0.14056	0.53876	0.06104	0.03733	0.01926	0.01570	0.00730	0.00561	0.00181	0.00496	0.00596	0.00548	0.00864
17	0.00862	0.00713	0.01086	0.09158	0.01363	0.00722	0.08472	0.03239	0.01169	0.01563	0.09923	0.38783	0.07515	0.09508	0.00922	0.00240	0.02664	0.01139	0.00446	0.00514
18	0.12931	0.08509	0.01557	0.05339	0.02977	0.33621	0.01004	0.10091	0.08354	0.01836	0.01047	0.01200	0.00845	0.00741	0.03609	0.00188	0.04709	0.00410	0.00341	0.00692
19	0.01673	0.05321	0.02993	0.06215	0.01791	0.05953	0.05104	0.36290	0.01841	0.02490	0.01138	0.01283	0.00869	0.00609	0.00618	0.00155	0.07009	0.00456	0.02676	0.15515
20	0.01528	0.55333	0.05602	0.01043	0.01482	0.08485	0.00990	0.04456	0.07429	0.03566	0.01099	0.01178	0.02892	0.00556	0.00445	0.00136	0.02375	0.00376	0.00299	0.00729
21	0.57111	0.03926	0.01135	0.06729	0.08445	0.01265	0.00821	0.01554	0.00987	0.02157	0.00901	0.03268	0.00764	0.00717	0.03542	0.00204	0.05138	0.00390	0.00323	0.00623
22	0.00680	0.00487	0.00639	0.00758	0.00793	0.00454	0.00503	0.00773	0.01055	0.01401	0.03068	0.74553	0.05717	0.05272	0.00800	0.00238	0.00330	0.01528	0.00506	0.00445
23	0.01889	0.01402	0.01538	0.01215	0.01588	0.01562	0.00990	0.62434	0.02314	0.03113	0.01426	0.06039	0.01144	0.03304	0.04125	0.00216	0.03744	0.00574	0.00521	0.00862
24	0.00932	0.00489	0.00708	0.00711	0.00716	0.00486	0.00470	0.00740	0.00765	0.01024	0.03224	0.04754	0.01277	0.09337	0.02132	0.70659	0.00474	0.00565	0.00270	0.00265
25	0.01310	0.02957	0.12384	0.07074	0.41991	0.04543	0.09857	0.02998	0.03007	0.01767	0.01286	0.03278	0.03902	0.00574	0.00560	0.00171	0.00700	0.00545	0.00294	0.00802
26	0.01308	0.00919	0.01094	0.03965	0.01304	0.00860	0.00719	0.15622	0.01451	0.08544	0.03792	0.20074	0.01744	0.02378	0.00578	0.00158	0.00433	0.00722	0.06380	0.27955
27	0.00814	0.00580	0.00734	0.00750	0.00874	0.00530	0.00545	0.02466	0.01302	0.03820	0.26721	0.37755	0.12097	0.01389	0.00665	0.00196	0.00318	0.03644	0.00542	0.04257
28	0.05987	0.31951	0.26810	0.01290	0.01792	0.01700	0.04673	0.03421	0.01127	0.01595	0.00874	0.01085	0.00724	0.00621	0.01620	0.00173	0.13189	0.00388	0.00253	0.00727
29	0.01787	0.05983	0.01639	0.02503	0.01650	0.01431	0.04556	0.43738	0.03679	0.07014	0.01403	0.01443	0.02794	0.00617	0.00521	0.00150	0.00563	0.00487	0.02337	0.15705
30	0.07377	0.09919	0.13274	0.01141	0.03490	0.04629	0.03001	0.12906	0.03075	0.01996	0.09428	0.14223	0.01856	0.03685	0.00630	0.00186	0.00553	0.03540	0.00407	0.04686

[dist]
# distance from previous block
# <min> <max>
14	35

[block]
# block no. 1 follows, 43 sequences, length 19
# corresponding to MSA columns:
# 137-155
name=unknown_B
#
# <colnr> <probs for GDERKNQSTAVLIFYWHMCP>
#	G	D	E	R	K	N	Q	S	T	A	V	L	I	F	Y	W	H	M	C	P
0	0.01412	0.09979	0.36729	0.01389	0.03825	0.03071	0.05447	0.01946	0.07167	0.13627	0.04495	0.01468	0.01097	0.00580	0.00522	0.00164	0.00671	0.00473	0.00357	0.05582
1	0.08665	0.01400	0.01373	0.01345	0.08366	0.12679	0.00968	0.08414	0.39003	0.06139	0.01759	0.01842	0.01361	0.00701	0.00541	0.00178	0.00559	0.03415	0.00481	0.00813
2	0.01266	0.03350	0.37196	0.03350	0.14622	0.01332	0.05140	0.03581	0.09990	0.04238	0.01224	0.03250	0.00955	0.00619	0.00654	0.00181	0.07434	0.00501	0.00311	0.00806
3	0.00718	0.00572	0.00649	0.00674	0.00813	0.00519	0.00488	0.00940	0.05274	0.01621	0.15016	0.27298	0.40571	0.01427	0.00665	0.00196	0.00298	0.01236	0.00531	0.00492
4	0.01347	0.01354	0.06377	0.04545	0.42084	0.04640	0.03273	0.04659	0.07185	0.01891	0.01205	0.01455	0.00971	0.00601	0.01979	0.00171	0.00634	0.00487	0.07237	0.07903
5	0.00782	0.00556	0.00643	0.00651	0.00683	0.00554	0.00404	0.00824	0.00922	0.01216	0.04769	0.13763	0.11631	0.55259	0.02171	0.00431	0.03024	0.00947	0.00387	0.00382
6	0.02047	0.01399	0.01539	0.01185	0.01604	0.01504	0.00969	0.59396	0.02325	0.12541	0.01446	0.01516	0.01049	0.04957	0.00671	0.00184	0.00581	0.00516	0.00550	0.04020
7	0.01449	0.62727	0.15996	0.01086	0.01610	0.06316	0.01148	0.01706	0.01158	0.01385	0.00814	0.00944	0.00709	0.00488	0.00394	0.00130	0.00655	0.00319	0.00239	0.00726
8	0.00782	0.00572	0.00682	0.00656	0.00814	0.00507	0.00491	0.00986	0.01423	0.04329	0.42557	0.08171	0.33501	0.01254	0.00653	0.00182	0.00279	0.01081	0.00570	0.00511
9	0.00792	0.00589	0.00866	0.00866	0.00956	0.00679	0.00662	0.00973	0.00883	0.01268	0.01506	0.02299	0.01438	0.10671	0.71898	0.00860	0.01403	0.00611	0.00300	0.00481
10	0.10556	0.01026	0.01283	0.00994	0.01415	0.00962	0.00821	0.11074	0.01641	0.61391	0.01945	0.01723	0.01244	0.00666	0.00535	0.00171	0.00483	0.00525	0.00636	0.00909
11	0.01125	0.00643	0.00840	0.00747	0.00943	0.00579	0.00576	0.01368	0.01550	0.17654	0.56559	0.03755	0.09343	0.01059	0.00633	0.00174	0.00306	0.00922	0.00619	0.00605
12	0.01187	0.05121	0.64267	0.01725	0.08723	0.04373	0.03536	0.01765	0.01195	0.01729	0.00988	0.01178	0.00720	0.00522	0.00524	0.00172	0.00807	0.00416	0.00240	0.00812
13	0.00872	0.02802	0.00787	0.00766	0.00846	0.00644	0.00527	0.07179	0.01127	0.01490	0.02507	0.39157	0.05797	0.27838	0.01388	0.00321	0.00432	0.04604	0.00450	0.00464
14	0.00916	0.04204	0.00835	0.00754	0.00932	0.04758	0.00574	0.01128	0.04216	0.05310	0.11702	0.20710	0.35122	0.01308	0.00642	0.00192	0.00368	0.05288	0.00510	0.00531
15	0.09189	0.44959	0.05984	0.01257	0.07633	0.13416	0.01056	0.03755	0.03405	0.01572	0.00873	0.01013	0.00749	0.00522	0.00449	0.00140	0.02687	0.00347	0.00275	0.00717
16	0.04483	0.00873	0.03603	0.02775	0.08494	0.03352	0.00800	0.05394	0.01055	0.01493	0.03547	0.10862	0.01475	0.06146	0.13809	0.23773	0.04888	0.00648	0.02029	0.00502
17	0.78301	0.04359	0.00928	0.03302	0.01175	0.01281	0.00645	0.01622	0.00955	0.02401	0.00778	0.00918	0.00609	0.00514	0.00350	0.00170	0.00445	0.00306	0.00335	0.00605
18	0.00966	0.00703	0.00866	0.00822	0.01008	0.00640	0.00602	0.06760	0.01253	0.03936	0.08758	0.40931	0.02798	0.05517	0.00738	0.00202	0.00381	0.04093	0.00480	0.18545

[dist]
# distance from previous block
# <min> <max>
0	24

[block]
# block no. 2 follows, 43 sequences, length 12
# corresponding to MSA columns:
# 180-191
name=unknown_C
#
# <colnr> <probs for GDERKNQSTAVLIFYWHMCP>
#	G	D	E	R	K	N	Q	S	T	A	V	L	I	F	Y	W	H	M	C	P
0	0.00992	0.00663	0.00904	0.00989	0.01135	0.00654	0.00844	0.03151	0.01307	0.06164	0.02921	0.13131	0.04805	0.01474	0.00739	0.00243	0.00486	0.58337	0.00522	0.00540
1	0.01055	0.00993	0.01169	0.01084	0.01166	0.09637	0.00849	0.01206	0.00946	0.01287	0.01222	0.01907	0.01182	0.10120	0.40605	0.00588	0.23617	0.00556	0.00284	0.00528
2	0.01032	0.00952	0.01571	0.66404	0.03365	0.01190	0.01419	0.01350	0.01071	0.01392	0.01065	0.04694	0.00881	0.00769	0.02766	0.02923	0.05770	0.00538	0.00258	0.00593
3	0.00803	0.00540	0.00617	0.00613	0.00626	0.00536	0.00354	0.00829	0.00881	0.01187	0.09149	0.03675	0.02330	0.72703	0.02605	0.00501	0.00510	0.00825	0.00363	0.00354
4	0.01192	0.01127	0.08654	0.02556	0.03821	0.01036	0.00912	0.03838	0.32438	0.05437	0.24763	0.02784	0.05002	0.00873	0.00595	0.00183	0.00438	0.03084	0.00531	0.00738
5	0.00761	0.00565	0.00709	0.00673	0.00813	0.00513	0.00505	0.01001	0.01514	0.02094	0.64310	0.04346	0.17784	0.01180	0.00653	0.00176	0.00265	0.01031	0.00593	0.00513
6	0.01178	0.01164	0.01663	0.10096	0.01700	0.01607	0.01229	0.01329	0.00879	0.01340	0.00784	0.01277	0.00753	0.01041	0.04502	0.00260	0.67863	0.00490	0.00245	0.00603
7	0.48879	0.01073	0.00984	0.00856	0.01181	0.01208	0.00690	0.09526	0.13011	0.06868	0.04476	0.01388	0.01089	0.00660	0.00495	0.03302	0.00441	0.00430	0.02761	0.00680
8	0.00856	0.00587	0.00701	0.00681	0.00766	0.00573	0.00463	0.02483	0.01107	0.03509	0.17955	0.03850	0.12165	0.41004	0.07673	0.00415	0.00518	0.03821	0.00434	0.00440
9	0.01197	0.02644	0.02338	0.01804	0.04944	0.01236	0.41966	0.01728	0.11447	0.01828	0.09039	0.06642	0.05161	0.00717	0.00693	0.00189	0.04603	0.00742	0.00373	0.00709
10	0.06149	0.01117	0.01756	0.43281	0.25974	0.01271	0.01463	0.05749	0.02776	0.01752	0.01055	0.01428	0.00820	0.00545	0.00536	0.00175	0.00670	0.00485	0.02280	0.00717
11	0.04176	0.01460	0.05994	0.02926	0.01648	0.01486	0.01014	0.53768	0.03824	0.04295	0.01349	0.01556	0.01038	0.08521	0.00764	0.00201	0.00598	0.00514	0.00494	0.04376

[dist]
# distance from previous block
# <min> <max>
0	3

[block]
# block no. 3 follows, 43 sequences, length 40
# corresponding to MSA columns:
# 195-234
name=unknown_D
#
# <colnr> <probs for GDERKNQSTAVLIFYWHMCP>
#	G	D	E	R	K	N	Q	S	T	A	V	L	I	F	Y	W	H	M	C	P
0	0.03820	0.07592	0.04065	0.03387	0.01411	0.00976	0.00786	0.01519	0.03799	0.03880	0.01070	0.01238	0.00871	0.00492	0.00500	0.00112	0.04931	0.00369	0.04901	0.54281
1	0.08667	0.01332	0.01376	0.01090	0.01465	0.02906	0.00891	0.52769	0.02165	0.04958	0.01382	0.01434	0.01006	0.00648	0.00506	0.00160	0.00536	0.00484	0.15394	0.00832
2	0.00979	0.00820	0.01278	0.01214	0.07472	0.00733	0.11163	0.01200	0.01200	0.03635	0.10376	0.35522	0.02554	0.01082	0.00614	0.00178	0.00451	0.01004	0.00437	0.18087
3	0.00922	0.00509	0.00730	0.01994	0.00798	0.00519	0.00514	0.00799	0.00826	0.01144	0.01405	0.16118	0.01484	0.01748	0.01728	0.58852	0.02322	0.00685	0.06588	0.00315
4	0.01008	0.00809	0.00947	0.00957	0.05957	0.04717	0.00670	0.03216	0.07626	0.04299	0.51087	0.03598	0.10871	0.01030	0.00626	0.00174	0.00357	0.00894	0.00559	0.00599
5	0.00891	0.00725	0.00952	0.00853	0.01092	0.00604	0.03548	0.01063	0.01106	0.01586	0.02140	0.45122	0.02402	0.01149	0.00585	0.00166	0.00382	0.01034	0.00430	0.34168
6	0.01718	0.00962	0.01207	0.01123	0.07446	0.00951	0.00822	0.15640	0.05198	0.27563	0.10670	0.02313	0.03978	0.00769	0.00551	0.00168	0.00448	0.03513	0.14177	0.00784
7	0.01377	0.04475	0.20236	0.01079	0.01488	0.00961	0.02598	0.02870	0.08461	0.19846	0.22069	0.06004	0.02361	0.02916	0.00637	0.00185	0.00509	0.00693	0.00495	0.00739
8	0.00814	0.00606	0.00874	0.00865	0.00948	0.00704	0.00658	0.00985	0.00884	0.01278	0.01497	0.02324	0.01442	0.13695	0.64193	0.00804	0.04109	0.00615	0.02226	0.00479
9	0.01234	0.01055	0.01148	0.01085	0.03226	0.01185	0.00813	0.02470	0.58155	0.02183	0.08648	0.06298	0.08347	0.00878	0.00585	0.00188	0.00410	0.00745	0.00553	0.00793
10	0.00805	0.00537	0.00604	0.00604	0.00604	0.00537	0.00336	0.00805	0.00805	0.01074	0.01745	0.03624	0.02013	0.80536	0.02819	0.00537	0.00537	0.00805	0.00336	0.00336
11	0.84448	0.01071	0.00814	0.00728	0.01071	0.01242	0.00600	0.01628	0.00943	0.02485	0.00771	0.00900	0.00600	0.00514	0.00343	0.00171	0.00428	0.00300	0.00343	0.00600
12	0.01261	0.01294	0.01689	0.01452	0.01469	0.06087	0.01204	0.01383	0.00890	0.01334	0.00734	0.01199	0.00726	0.00947	0.01742	0.00237	0.75023	0.00477	0.00245	0.00608
13	0.05244	0.01311	0.06098	0.09323	0.40233	0.02874	0.01420	0.07706	0.06018	0.01939	0.01419	0.01998	0.02707	0.00666	0.00564	0.00179	0.00629	0.08538	0.00345	0.00789
14	0.03107	0.62808	0.02575	0.01017	0.01452	0.08346	0.00957	0.07706	0.01268	0.01509	0.00842	0.00975	0.00747	0.00609	0.02577	0.00149	0.02041	0.00329	0.00271	0.00714
15	0.01036	0.00720	0.01049	0.01031	0.03322	0.00677	0.06504	0.05366	0.01237	0.09248	0.02562	0.53519	0.02834	0.01368	0.00663	0.00206	0.00421	0.03498	0.00500	0.04239
16	0.06265	0.03474	0.08269	0.05075	0.07661	0.01285	0.38333	0.01631	0.01203	0.01758	0.01100	0.04189	0.00903	0.00546	0.00640	0.00172	0.05099	0.00568	0.00290	0.11539
17	0.01265	0.07559	0.01276	0.01072	0.03696	0.01208	0.00825	0.02287	0.46237	0.04734	0.06808	0.02741	0.12146	0.00873	0.00575	0.00184	0.00432	0.04791	0.00525	0.00769
18	0.01012	0.00520	0.00535	0.00531	0.00660	0.00517	0.00398	0.01270	0.01195	0.02078	0.07949	0.02235	0.01731	0.00685	0.00409	0.00133	0.00258	0.00556	0.76812	0.00517
19	0.01291	0.01506	0.07326	0.06526	0.10998	0.01379	0.53429	0.01801	0.05310	0.01779	0.01152	0.01486	0.00875	0.00502	0.00643	0.00184	0.02151	0.00608	0.00290	0.00763
20	0.01227	0.02825	0.04103	0.01321	0.06533	0.01070	0.07041	0.13466	0.12589	0.02088	0.06662	0.05330	0.04933	0.01036	0.00648	0.00205	0.00545	0.27208	0.00481	0.00691
21	0.00935	0.00481	0.00714	0.00726	0.00729	0.00478	0.00484	0.00726	0.00754	0.01005	0.01160	0.09105	0.01217	0.01906	0.02027	0.75976	0.00466	0.00584	0.00266	0.00260
22	0.00836	0.00618	0.00776	0.00749	0.00882	0.00599	0.00563	0.01175	0.07565	0.02052	0.55003	0.06580	0.06130	0.07420	0.00827	0.00212	0.00319	0.06591	0.00571	0.00532
23	0.01647	0.14948	0.20028	0.01525	0.04636	0.35546	0.07365	0.01948	0.01354	0.02896	0.00925	0.01097	0.00739	0.00545	0.00530	0.00154	0.02734	0.00396	0.00271	0.00717
24	0.01170	0.03710	0.02185	0.38493	0.08622	0.01354	0.22376	0.01523	0.01145	0.01533	0.01033	0.03037	0.00835	0.00595	0.00726	0.00189	0.09986	0.00553	0.00263	0.00671
25	0.00675	0.00540	0.00605	0.00642	0.00779	0.00470	0.00466	0.00814	0.01225	0.01527	0.09832	0.27019	0.48859	0.01483	0.00672	0.00199	0.00296	0.02909	0.00521	0.00467
26	0.01750	0.06867	0.03874	0.01506	0.05787	0.43522	0.07144	0.07667	0.04219	0.01636	0.01266	0.01473	0.04903	0.00645	0.00580	0.00159	0.03981	0.02004	0.00326	0.00691
27	0.06766	0.12871	0.02725	0.00953	0.01296	0.01065	0.00815	0.06236	0.04108	0.31742	0.05057	0.04950	0.01601	0.01049	0.06864	0.00230	0.00562	0.06519	0.03833	0.00758
28	0.01278	0.00906	0.01055	0.04228	0.01233	0.00986	0.00734	0.26049	0.02933	0.02185	0.01772	0.15206	0.01670	0.09602	0.13245	0.00325	0.00636	0.00733	0.14585	0.00637
29	0.00704	0.00533	0.00654	0.00734	0.00822	0.00493	0.00515	0.00871	0.03491	0.01512	0.07502	0.52728	0.21949	0.01583	0.00688	0.00213	0.00318	0.03695	0.00521	0.00473
30	0.01689	0.03634	0.01644	0.01717	0.18194	0.31034	0.01131	0.09208	0.03667	0.05699	0.03323	0.01637	0.07146	0.00686	0.00642	0.00165	0.07186	0.00511	0.00361	0.00728
31	0.08047	0.03682	0.01422	0.04134	0.19541	0.10274	0.02550	0.04433	0.03648	0.01793	0.05609	0.13420	0.03615	0.00942	0.00593	0.00189	0.00574	0.14477	0.00400	0.00656
32	0.03885	0.25576	0.40017	0.01472	0.03764	0.01540	0.10414	0.01692	0.01164	0.01637	0.01003	0.03638	0.00816	0.00541	0.00491	0.00161	0.00734	0.00441	0.00254	0.00761
33	0.05009	0.05832	0.01440	0.01107	0.03093	0.00986	0.10314	0.07698	0.04886	0.17235	0.21483	0.02684	0.09301	0.01888	0.00612	0.00177	0.00478	0.02246	0.00511	0.03020
34	0.34789	0.11360	0.13587	0.10345	0.04169	0.01339	0.04021	0.01675	0.01103	0.06727	0.03320	0.01220	0.00862	0.00556	0.00483	0.00169	0.02861	0.00403	0.00323	0.00684
35	0.01046	0.00984	0.01661	0.79205	0.03814	0.01230	0.01538	0.01415	0.01107	0.01415	0.00984	0.01477	0.00738	0.00554	0.00554	0.00185	0.00738	0.00492	0.00246	0.00615
36	0.01148	0.00984	0.01148	0.00820	0.01312	0.00738	0.00656	0.01395	0.01148	0.01805	0.00984	0.01148	0.00820	0.00410	0.00410	0.00082	0.00410	0.00328	0.00328	0.83922
37	0.01328	0.01273	0.02172	0.13277	0.67534	0.01305	0.01679	0.01663	0.01241	0.01758	0.01034	0.01385	0.00859	0.00501	0.00549	0.00167	0.00668	0.00493	0.00270	0.00843
38	0.05286	0.02400	0.07789	0.01384	0.01744	0.55167	0.01128	0.15268	0.01697	0.01817	0.00949	0.01068	0.00749	0.00582	0.00505	0.00151	0.00891	0.00384	0.00332	0.00709
39	0.00674	0.00485	0.00640	0.00764	0.00801	0.00450	0.00511	0.00772	0.01068	0.01417	0.03145	0.77466	0.06312	0.01723	0.00705	0.00224	0.00320	0.01560	0.00514	0.00450

[dist]
# distance from previous block
# <min> <max>
0	6

[block]
# block no. 4 follows, 43 sequences, length 95
# corresponding to MSA columns:
# 241-335
name=unknown_E
#
# <colnr> <probs for GDERKNQSTAVLIFYWHMCP>
#	G	D	E	R	K	N	Q	S	T	A	V	L	I	F	Y	W	H	M	C	P
0	0.00709	0.00506	0.00682	0.00810	0.00857	0.00479	0.00573	0.00830	0.01094	0.01452	0.03034	0.68602	0.03589	0.01703	0.00716	0.00230	0.00351	0.12811	0.00513	0.00459
1	0.00778	0.00566	0.00732	0.00691	0.00824	0.00520	0.00518	0.01034	0.01554	0.02188	0.73521	0.04192	0.08515	0.01145	0.00653	0.00175	0.00262	0.01009	0.00605	0.00520
2	0.00797	0.00535	0.00616	0.00624	0.00630	0.00537	0.00359	0.00809	0.00824	0.01103	0.01820	0.08460	0.02098	0.72968	0.05196	0.00529	0.00555	0.00847	0.00346	0.00348
3	0.00778	0.00566	0.00732	0.00691	0.00824	0.00520	0.00518	0.01034	0.01554	0.02188	0.73533	0.04192	0.08503	0.01145	0.00653	0.00175	0.00262	0.01009	0.00605	0.00520
4	0.01467	0.01637	0.01659	0.01446	0.01531	0.24515	0.01170	0.01595	0.01063	0.01340	0.00765	0.01148	0.00723	0.00851	0.01425	0.00213	0.56135	0.00447	0.00255	0.00617
5	0.01148	0.00984	0.01148	0.00820	0.01312	0.00738	0.00656	0.01395	0.01148	0.01805	0.00984	0.01148	0.00820	0.00410	0.00410	0.00082	0.00410	0.00328	0.00328	0.83922
6	0.03756	0.00847	0.01296	0.19845	0.17965	0.00915	0.01069	0.01275	0.03251	0.01578	0.03311	0.21850	0.01960	0.04211	0.06807	0.00266	0.00616	0.08205	0.00373	0.00605
7	0.08326	0.01270	0.01326	0.01053	0.01414	0.01397	0.00860	0.52042	0.02134	0.03076	0.01398	0.01469	0.01027	0.00648	0.00498	0.00158	0.00513	0.00487	0.20089	0.00815
8	0.84448	0.01071	0.00814	0.00728	0.01071	0.01242	0.00600	0.01628	0.00943	0.02485	0.00771	0.00900	0.00600	0.00514	0.00343	0.00171	0.00428	0.00300	0.00343	0.00600
9	0.01359	0.01304	0.02226	0.06220	0.74355	0.01313	0.01694	0.01689	0.01255	0.01795	0.01040	0.01375	0.00872	0.00496	0.00548	0.00165	0.00661	0.00493	0.00273	0.00868
10	0.70297	0.01114	0.02468	0.03102	0.04039	0.01226	0.00719	0.03095	0.01038	0.07439	0.00897	0.01013	0.00674	0.00529	0.00378	0.00171	0.00460	0.00336	0.00362	0.00644
11	0.01661	0.01798	0.01501	0.09836	0.07467	0.36242	0.01080	0.11847	0.07453	0.01771	0.01405	0.09150	0.03245	0.00737	0.00574	0.00167	0.02438	0.00568	0.00367	0.00691
12	0.77890	0.01027	0.00791	0.00712	0.01038	0.01185	0.00583	0.01601	0.00960	0.02452	0.00853	0.00991	0.00664	0.00524	0.00346	0.00168	0.00415	0.00317	0.06889	0.00593
13	0.01123	0.00800	0.01026	0.11063	0.01374	0.02740	0.05479	0.07538	0.02928	0.02036	0.12625	0.05348	0.01879	0.00773	0.00545	0.02323	0.00425	0.00632	0.38761	0.00582
14	0.01285	0.01285	0.02066	0.31836	0.39020	0.05937	0.07369	0.01629	0.01225	0.01630	0.01015	0.01398	0.00812	0.00519	0.00556	0.00173	0.00731	0.00497	0.00265	0.00754
15	0.01295	0.01219	0.01123	0.01021	0.01285	0.12464	0.00784	0.04163	0.39913	0.02064	0.14095	0.02717	0.13768	0.00883	0.00582	0.00178	0.00474	0.00726	0.00522	0.00725
16	0.00962	0.00481	0.00722	0.00722	0.00722	0.00481	0.00481	0.00722	0.00722	0.00962	0.00962	0.01684	0.00962	0.01924	0.02165	0.83886	0.00481	0.00481	0.00241	0.00241
17	0.01141	0.07452	0.60435	0.04403	0.08214	0.01318	0.03243	0.01699	0.01171	0.01707	0.01054	0.03812	0.00818	0.00560	0.00527	0.00173	0.00775	0.00455	0.00248	0.00796
18	0.01566	0.01189	0.01315	0.07252	0.01627	0.04125	0.00936	0.13122	0.39684	0.11721	0.05909	0.02171	0.01692	0.00768	0.00573	0.00183	0.00506	0.04290	0.00542	0.00828
19	0.00780	0.00563	0.00737	0.00699	0.00827	0.00520	0.00522	0.01036	0.01551	0.02194	0.74337	0.06666	0.05174	0.01152	0.00655	0.00176	0.00263	0.01021	0.00606	0.00520
20	0.02393	0.01038	0.01372	0.01114	0.04270	0.00954	0.00879	0.12371	0.01709	0.64748	0.02028	0.01792	0.01295	0.00676	0.00556	0.00170	0.00497	0.00547	0.00653	0.00940
21	0.01280	0.01073	0.01291	0.01078	0.07137	0.00903	0.00790	0.10639	0.01342	0.02013	0.01073	0.01296	0.00890	0.00472	0.00446	0.00103	0.00456	0.01910	0.00356	0.65452
22	0.00731	0.00604	0.00649	0.00667	0.00829	0.00553	0.00488	0.01001	0.08602	0.01558	0.04674	0.22720	0.52113	0.01417	0.00658	0.00196	0.00306	0.01211	0.00519	0.00504
23	0.00805	0.00537	0.00604	0.00604	0.00604	0.00537	0.00336	0.00805	0.00805	0.01074	0.01745	0.03624	0.02013	0.80536	0.02819	0.00537	0.00537	0.00805	0.00336	0.00336
24	0.03934	0.06952	0.10509	0.02915	0.01578	0.01384	0.01017	0.40096	0.01918	0.02605	0.03556	0.05630	0.09974	0.02481	0.00596	0.00177	0.00560	0.00616	0.02719	0.00781
25	0.01075	0.01045	0.01874	0.52933	0.03229	0.01208	0.15848	0.01429	0.01133	0.01495	0.01179	0.07668	0.01002	0.00650	0.00637	0.00190	0.04183	0.00609	0.01987	0.00626
26	0.02485	0.00943	0.01285	0.00985	0.01414	0.00814	0.00814	0.02699	0.01585	0.77465	0.02185	0.01885	0.01371	0.00685	0.00557	0.00171	0.00471	0.00557	0.00685	0.00943
27	0.01384	0.01361	0.02173	0.08531	0.68142	0.05275	0.01656	0.01706	0.01266	0.01759	0.01028	0.01359	0.00859	0.00502	0.00546	0.00165	0.00681	0.00486	0.00273	0.00847
28	0.00759	0.00565	0.00706	0.00671	0.00812	0.00512	0.00503	0.00997	0.01509	0.02083	0.63216	0.04364	0.18885	0.01184	0.00653	0.00177	0.00265	0.01033	0.00591	0.00512
29	0.01473	0.01725	0.08177	0.10989	0.37445	0.19403	0.07062	0.01835	0.03517	0.01667	0.01030	0.01308	0.00830	0.00526	0.00544	0.00165	0.00774	0.00470	0.00279	0.00779
30	0.01352	0.01104	0.01196	0.01076	0.01371	0.01250	0.00841	0.04113	0.61657	0.04954	0.10046	0.02404	0.02085	0.00814	0.00579	0.00188	0.00427	0.03142	0.00571	0.00831
31	0.01337	0.01438	0.08788	0.05177	0.59906	0.01319	0.04244	0.01797	0.07132	0.01832	0.01134	0.01415	0.00921	0.00517	0.00551	0.00169	0.00667	0.00502	0.00293	0.00860
32	0.00781	0.00564	0.00738	0.00699	0.00827	0.00521	0.00522	0.01037	0.01553	0.02198	0.74695	0.06297	0.05181	0.01149	0.00655	0.00176	0.00263	0.01018	0.00607	0.00521
33	0.00900	0.00757	0.00828	0.00817	0.02874	0.00756	0.00597	0.01462	0.22510	0.01828	0.14490	0.05596	0.40284	0.02989	0.00677	0.00194	0.00339	0.00974	0.00532	0.00598
34	0.00838	0.00637	0.00864	0.00914	0.06832	0.00600	0.00620	0.01128	0.03011	0.02172	0.67535	0.03909	0.06648	0.01081	0.00643	0.00174	0.00296	0.00958	0.00580	0.00556
35	0.01378	0.01190	0.01252	0.01127	0.01440	0.01378	0.00877	0.02943	0.76081	0.02317	0.02254	0.02066	0.01691	0.00751	0.00564	0.00188	0.00438	0.00626	0.00564	0.00877
36	0.01201	0.05979	0.45442	0.01851	0.06256	0.01348	0.24609	0.01742	0.01215	0.01749	0.01044	0.01288	0.00771	0.00506	0.00556	0.00175	0.00823	0.00487	0.02174	0.00787
37	0.01046	0.00984	0.01661	0.79205	0.03814	0.01230	0.01538	0.01415	0.01107	0.01415	0.00984	0.01477	0.00738	0.00554	0.00554	0.00185	0.00738	0.00492	0.00246	0.00615
38	0.02485	0.00943	0.01285	0.00985	0.01414	0.00814	0.00814	0.02699	0.01585	0.77465	0.02185	0.01885	0.01371	0.00685	0.00557	0.00171	0.00471	0.00557	0.00685	0.00943
39	0.82158	0.01115	0.00835	0.00748	0.01089	0.03385	0.00613	0.01644	0.00960	0.02453	0.00774	0.00902	0.00603	0.00516	0.00347	0.00171	0.00444	0.00301	0.00341	0.00601
40	0.01228	0.01329	0.04761	0.01639	0.01783	0.01621	0.16371	0.01438	0.00954	0.01438	0.00817	0.01268	0.00749	0.00850	0.01532	0.00229	0.60583	0.00517	0.00250	0.00642
41	0.02452	0.00950	0.01284	0.00990	0.01415	0.00831	0.00816	0.02706	0.03780	0.75251	0.02187	0.01890	0.01380	0.00687	0.00557	0.00172	0.00470	0.00559	0.00682	0.00941
42	0.00835	0.00625	0.00811	0.05342	0.00955	0.00692	0.00562	0.00917	0.00876	0.01194	0.01784	0.08020	0.04370	0.46323	0.17704	0.00533	0.06928	0.00781	0.00333	0.00417
43	0.03017	0.73220	0.05292	0.00987	0.01456	0.04195	0.00986	0.01670	0.01130	0.01342	0.00779	0.00907	0.00709	0.00488	0.00391	0.00124	0.02054	0.00305	0.00240	0.00708
44	0.00912	0.00665	0.00810	0.00789	0.00958	0.00652	0.00615	0.01308	0.10999	0.04458	0.34126	0.06864	0.16886	0.01295	0.03540	0.00217	0.00378	0.11315	0.02646	0.00567
45	0.00830	0.00598	0.00817	0.00927	0.01039	0.00584	0.00770	0.01048	0.01250	0.01636	0.07690	0.20803	0.07114	0.01540	0.00741	0.00241	0.00445	0.50912	0.00517	0.00497
46	0.01996	0.01309	0.07482	0.01388	0.10254	0.01189	0.01072	0.23140	0.06499	0.33692	0.04982	0.01721	0.01328	0.00669	0.00557	0.00171	0.00548	0.00545	0.00554	0.00903
47	0.02009	0.01521	0.01653	0.07401	0.01877	0.03127	0.01088	0.66775	0.03758	0.03266	0.01310	0.01348	0.00935	0.00656	0.00553	0.00168	0.00624	0.00498	0.00525	0.00909
48	0.00933	0.00642	0.00754	0.00762	0.00935	0.00597	0.00578	0.01209	0.07963	0.09099	0.03977	0.25219	0.34561	0.01378	0.00663	0.00203	0.00350	0.09091	0.00535	0.00551
49	0.04625	0.01373	0.03350	0.01339	0.03420	0.01466	0.08203	0.28410	0.33065	0.06213	0.01703	0.01662	0.01247	0.00670	0.00560	0.00178	0.00562	0.00561	0.00516	0.00879
50	0.01783	0.27241	0.01959	0.01226	0.01575	0.39594	0.01007	0.06963	0.07332	0.01560	0.01052	0.01153	0.02170	0.00585	0.00498	0.00143	0.02760	0.00386	0.00313	0.00698
51	0.03321	0.07554	0.08238	0.17004	0.37176	0.01288	0.02811	0.01613	0.03991	0.01699	0.01414	0.01789	0.05924	0.00613	0.00544	0.00172	0.00642	0.03148	0.00299	0.00760
52	0.01165	0.12696	0.65578	0.01525	0.02291	0.01405	0.04478	0.01743	0.01169	0.01698	0.00970	0.01145	0.00708	0.00517	0.00509	0.00169	0.00794	0.00404	0.00236	0.00802
53	0.00675	0.00482	0.00643	0.00771	0.00803	0.00450	0.00514	0.00771	0.01060	0.01414	0.03053	0.80175	0.03663	0.01735	0.00707	0.00225	0.00321	0.01574	0.00514	0.00450
54	0.01584	0.01688	0.01584	0.08589	0.15248	0.29888	0.01148	0.10531	0.01474	0.01726	0.01452	0.01646	0.08351	0.00755	0.02086	0.00181	0.08439	0.00512	0.02427	0.00691
55	0.02019	0.01390	0.01609	0.01395	0.08092	0.01492	0.01055	0.53754	0.03568	0.13690	0.01524	0.03246	0.01131	0.00702	0.00563	0.00171	0.00582	0.02558	0.00547	0.00913
56	0.00791	0.00579	0.00809	0.00817	0.00883	0.00647	0.00595	0.00927	0.00886	0.01247	0.01695	0.10526	0.01763	0.22830	0.50173	0.00722	0.02584	0.00745	0.00328	0.00452
57	0.01485	0.77192	0.04670	0.00974	0.01452	0.03922	0.00977	0.01673	0.01137	0.01315	0.00777	0.00898	0.00711	0.00477	0.00363	0.00120	0.00607	0.00300	0.00238	0.00712
58	0.84448	0.01071	0.00814	0.00728	0.01071	0.01242	0.00600	0.01628	0.00943	0.02485	0.00771	0.00900	0.00600	0.00514	0.00343	0.00171	0.00428	0.00300	0.00343	0.00600
59	0.00773	0.00572	0.00687	0.00654	0.00811	0.00509	0.00492	0.00990	0.01459	0.03528	0.49724	0.04518	0.30819	0.01220	0.00652	0.00179	0.00273	0.01052	0.00577	0.00512
60	0.00735	0.00556	0.00679	0.00665	0.00802	0.00499	0.00492	0.00945	0.01427	0.01929	0.48672	0.12367	0.25663	0.01273	0.00659	0.00183	0.00273	0.01109	0.00572	0.00499
61	0.02292	0.00936	0.01250	0.00971	0.01370	0.00832	0.00797	0.06326	0.01637	0.65947	0.09723	0.02085	0.01740	0.00730	0.00567	0.00171	0.00457	0.00599	0.00671	0.00900
62	0.00784	0.00566	0.00740	0.00697	0.00827	0.00523	0.00523	0.01045	0.01568	0.02221	0.76789	0.04137	0.05226	0.01132	0.00653	0.00174	0.00261	0.01002	0.00610	0.00523
63	0.84448	0.01071	0.00814	0.00728	0.01071	0.01242	0.00600	0.01628	0.00943	0.02485	0.00771	0.00900	0.00600	0.00514	0.00343	0.00171	0.00428	0.00300	0.00343	0.00600
64	0.84448	0.01071	0.00814	0.00728	0.01071	0.01242	0.00600	0.01628	0.00943	0.02485	0.00771	0.00900	0.00600	0.00514	0.00343	0.00171	0.00428	0.00300	0.00343	0.00600
65	0.01481	0.80869	0.02902	0.00948	0.01421	0.02191	0.00948	0.01658	0.01125	0.01303	0.00770	0.00888	0.00711	0.00474	0.00355	0.00118	0.00592	0.00296	0.00237	0.00711
66	0.84448	0.01071	0.00814	0.00728	0.01071	0.01242	0.00600	0.01628	0.00943	0.02485	0.00771	0.00900	0.00600	0.00514	0.00343	0.00171	0.00428	0.00300	0.00343	0.00600
67	0.00770	0.00522	0.00614	0.00649	0.00658	0.00513	0.00384	0.00796	0.00874	0.01166	0.02099	0.24339	0.02460	0.59212	0.02247	0.00452	0.00479	0.01014	0.00384	0.00367
68	0.00805	0.00537	0.00604	0.00604	0.00604	0.00537	0.00336	0.00805	0.00805	0.01074	0.01745	0.03624	0.02013	0.80536	0.02819	0.00537	0.00537	0.00805	0.00336	0.00336
69	0.02069	0.02640	0.01569	0.01427	0.01712	0.78313	0.01070	0.02212	0.01569	0.01355	0.00856	0.00999	0.00713	0.00571	0.00499	0.00143	0.00999	0.00357	0.00285	0.00642
70	0.01111	0.02865	0.77667	0.01579	0.02397	0.01286	0.02046	0.01754	0.01169	0.01754	0.00994	0.01169	0.00702	0.00526	0.00526	0.00175	0.00818	0.00409	0.00234	0.00818
71	0.00687	0.00562	0.00606	0.00595	0.00768	0.00481	0.00446	0.00858	0.01339	0.01678	0.23458	0.05031	0.58896	0.01335	0.00654	0.00184	0.00276	0.01127	0.00538	0.00481
72	0.00674	0.00484	0.00641	0.00767	0.00802	0.00450	0.00512	0.00772	0.01065	0.01416	0.03108	0.78556	0.05246	0.01728	0.00706	0.00224	0.00320	0.01566	0.00514	0.00450
73	0.02069	0.02640	0.01569	0.01427	0.01712	0.78313	0.01070	0.02212	0.01569	0.01355	0.00856	0.00999	0.00713	0.00571	0.00499	0.00143	0.00999	0.00357	0.00285	0.00642
74	0.84448	0.01071	0.00814	0.00728	0.01071	0.01242	0.00600	0.01628	0.00943	0.02485	0.00771	0.00900	0.00600	0.00514	0.00343	0.00171	0.00428	0.00300	0.00343	0.00600
75	0.00717	0.00514	0.00657	0.00731	0.00776	0.00500	0.00488	0.00806	0.00998	0.01328	0.02766	0.47955	0.08594	0.19799	0.10363	0.00371	0.00504	0.01254	0.00448	0.00431
76	0.00683	0.00489	0.00650	0.00765	0.00805	0.00456	0.00515	0.00793	0.01100	0.01477	0.08850	0.74197	0.03786	0.01688	0.00703	0.00221	0.00317	0.01529	0.00522	0.00456
77	0.01427	0.01074	0.01223	0.04481	0.01423	0.03098	0.00868	0.31902	0.04382	0.04381	0.02062	0.28992	0.02075	0.01108	0.00660	0.00197	0.02833	0.06600	0.00511	0.00704
78	0.01879	0.01428	0.01578	0.01231	0.01626	0.01585	0.01013	0.57773	0.05244	0.03055	0.01297	0.01367	0.00962	0.00801	0.03536	0.00193	0.06823	0.00492	0.00502	0.07614
79	0.01046	0.00984	0.01661	0.79205	0.03814	0.01230	0.01538	0.01415	0.01107	0.01415	0.00984	0.01477	0.00738	0.00554	0.00554	0.00185	0.00738	0.00492	0.00246	0.00615
80	0.01096	0.01048	0.01404	0.01252	0.01272	0.03321	0.01007	0.01212	0.00896	0.01322	0.01182	0.12127	0.01272	0.07010	0.08285	0.00314	0.54471	0.00661	0.00291	0.00557
81	0.01332	0.03378	0.05813	0.04951	0.60013	0.03057	0.04333	0.01688	0.02721	0.01765	0.01204	0.03634	0.02518	0.00555	0.00552	0.00167	0.00663	0.00534	0.00288	0.00833
82	0.04129	0.01032	0.01219	0.00981	0.01344	0.04037	0.00793	0.10015	0.07658	0.46105	0.10667	0.02052	0.01757	0.00730	0.00552	0.00169	0.00468	0.00592	0.04855	0.00846
83	0.01442	0.01186	0.01516	0.03196	0.04279	0.01101	0.06686	0.20247	0.01536	0.03937	0.01105	0.01257	0.00863	0.00508	0.00517	0.00124	0.02720	0.00417	0.00384	0.46982
84	0.00815	0.00620	0.00875	0.00861	0.00971	0.00676	0.00651	0.00985	0.00927	0.01329	0.01665	0.13117	0.01691	0.09289	0.53564	0.00689	0.03184	0.00724	0.00331	0.07038
85	0.01254	0.00981	0.01159	0.00833	0.01320	0.00744	0.00669	0.01497	0.01183	0.07753	0.01079	0.01206	0.00864	0.00432	0.00422	0.00089	0.00415	0.00346	0.00356	0.77398
86	0.01120	0.00951	0.01116	0.00811	0.01274	0.00721	0.00646	0.01367	0.01181	0.01837	0.06944	0.01383	0.01167	0.00467	0.00429	0.00089	0.00398	0.00381	0.00350	0.77365
87	0.01778	0.01163	0.01325	0.03546	0.01517	0.02518	0.00904	0.24424	0.20224	0.20659	0.04627	0.02272	0.03136	0.02853	0.00637	0.00190	0.00516	0.06309	0.00566	0.00836
88	0.01148	0.00984	0.01148	0.00820	0.01312	0.00738	0.00656	0.01395	0.01148	0.01805	0.00984	0.01148	0.00820	0.00410	0.00410	0.00082	0.00410	0.00328	0.00328	0.83922
89	0.01621	0.01584	0.14873	0.01428	0.03620	0.01347	0.11581	0.22917	0.15836	0.10100	0.01468	0.01507	0.01060	0.00605	0.00553	0.00168	0.00628	0.00520	0.00449	0.08136
90	0.15425	0.38107	0.22179	0.01164	0.03851	0.01701	0.01196	0.01781	0.07003	0.01717	0.00954	0.01071	0.00771	0.00517	0.00420	0.00149	0.00614	0.00358	0.00281	0.00738
91	0.00906	0.03296	0.00793	0.00723	0.00810	0.00677	0.00485	0.08065	0.01120	0.01475	0.04493	0.23308	0.09165	0.40273	0.01712	0.00364	0.00459	0.00996	0.00424	0.00454
92	0.15930	0.03200	0.03567	0.00934	0.01172	0.14620	0.00745	0.07133	0.02934	0.01878	0.10936	0.12311	0.09145	0.07027	0.00730	0.00207	0.00528	0.05991	0.00429	0.00583
93	0.01416	0.12457	0.01687	0.01233	0.01435	0.09388	0.02332	0.09805	0.04921	0.04295	0.01092	0.01442	0.00956	0.03438	0.12999	0.00308	0.29322	0.00485	0.00324	0.00665
94	0.01467	0.01106	0.03748	0.02315	0.03233	0.01083	0.00816	0.26700	0.05332	0.07434	0.05654	0.03872	0.01527	0.17622	0.02667	0.00252	0.00544	0.00604	0.02772	0.11251

[dist]
# distance from previous block
# <min> <max>
14	39

[block]
# block no. 5 follows, 43 sequences, length 11
# corresponding to MSA columns:
# 375-385
name=unknown_F
#
# <colnr> <probs for GDERKNQSTAVLIFYWHMCP>
#	G	D	E	R	K	N	Q	S	T	A	V	L	I	F	Y	W	H	M	C	P
0	0.10818	0.01628	0.01770	0.03496	0.10751	0.21028	0.12456	0.16486	0.01566	0.02089	0.01107	0.01395	0.00892	0.00578	0.00523	0.00159	0.00721	0.02868	0.02126	0.07543
1	0.01351	0.16668	0.32896	0.01657	0.11032	0.06151	0.07943	0.07361	0.01321	0.01783	0.01116	0.01288	0.02894	0.00541	0.00508	0.00159	0.00732	0.00442	0.00282	0.03876
2	0.01357	0.53003	0.26383	0.01205	0.01790	0.01874	0.04453	0.01693	0.01147	0.01465	0.00855	0.01002	0.00713	0.00490	0.00422	0.00139	0.00678	0.00347	0.00238	0.00746
3	0.01384	0.03539	0.11856	0.05938	0.02182	0.11551	0.24505	0.07262	0.01292	0.01700	0.01062	0.04641	0.00899	0.00677	0.00867	0.00191	0.18900	0.00555	0.00294	0.00704
4	0.01486	0.10476	0.19700	0.01173	0.01602	0.01349	0.01141	0.24977	0.01562	0.06941	0.01290	0.01645	0.01058	0.10489	0.09956	0.00295	0.03220	0.00505	0.00385	0.00752
5	0.01148	0.00984	0.01148	0.00820	0.01312	0.00738	0.00656	0.01395	0.01148	0.01805	0.00984	0.01148	0.00820	0.00410	0.00410	0.00082	0.00410	0.00328	0.00328	0.83922
6	0.00685	0.00486	0.00640	0.00758	0.00788	0.00457	0.00500	0.00774	0.01041	0.01388	0.02952	0.74297	0.03536	0.07785	0.00869	0.00249	0.00338	0.01515	0.00500	0.00441
7	0.00673	0.00490	0.00634	0.00749	0.00797	0.00452	0.00504	0.00774	0.01082	0.01423	0.03326	0.72162	0.11499	0.01700	0.00701	0.00221	0.00317	0.01531	0.00514	0.00452
8	0.04613	0.01367	0.04235	0.01422	0.08451	0.01376	0.05985	0.31834	0.10151	0.02543	0.01320	0.03467	0.01034	0.00630	0.00582	0.00160	0.03812	0.00509	0.00438	0.16071
9	0.05536	0.14553	0.01835	0.01222	0.01637	0.05645	0.07618	0.32598	0.09854	0.07240	0.01457	0.01484	0.03149	0.00635	0.00517	0.00161	0.00601	0.00500	0.02937	0.00822
10	0.06309	0.01366	0.04189	0.01131	0.01552	0.01389	0.00948	0.43783	0.08738	0.06622	0.04626	0.03718	0.01247	0.00678	0.00533	0.00160	0.00537	0.00529	0.00511	0.11435

[dist]
# distance from previous block
# <min> <max>
4	109

[block]
# block no. 6 follows, 43 sequences, length 20
# corresponding to MSA columns:
# 496-515
name=unknown_G
#
# <colnr> <probs for GDERKNQSTAVLIFYWHMCP>
#	G	D	E	R	K	N	Q	S	T	A	V	L	I	F	Y	W	H	M	C	P
0	0.06271	0.42437	0.08197	0.01016	0.01440	0.12785	0.00962	0.01729	0.03073	0.05523	0.03084	0.01537	0.08678	0.00622	0.00442	0.00142	0.00610	0.00441	0.00318	0.00690
1	0.01259	0.03637	0.23623	0.05443	0.07332	0.01348	0.33911	0.04123	0.01264	0.01784	0.01046	0.01338	0.00793	0.00513	0.00628	0.00174	0.04125	0.00523	0.00275	0.06860
2	0.01525	0.46428	0.07076	0.01090	0.01511	0.10946	0.03100	0.03702	0.01271	0.06434	0.06163	0.01292	0.01099	0.00700	0.03314	0.00167	0.02759	0.00407	0.00309	0.00708
3	0.01370	0.02418	0.01256	0.03310	0.01407	0.04706	0.02745	0.13934	0.08336	0.07910	0.05825	0.11666	0.07404	0.00810	0.00569	0.00156	0.01974	0.00675	0.00459	0.23068
4	0.01219	0.17997	0.27847	0.01244	0.04871	0.03332	0.01246	0.06169	0.05588	0.01779	0.03215	0.09298	0.04768	0.00740	0.00517	0.00166	0.00602	0.02247	0.06437	0.00718
5	0.00894	0.00697	0.00816	0.00787	0.00837	0.02903	0.00547	0.01015	0.02482	0.01409	0.13453	0.10788	0.04093	0.38951	0.03523	0.00376	0.10537	0.02227	0.03220	0.00445
6	0.01655	0.01248	0.01385	0.01053	0.01486	0.01236	0.00852	0.39979	0.01906	0.04554	0.01289	0.03954	0.01032	0.03314	0.00581	0.00148	0.00517	0.00480	0.00462	0.32871
7	0.00958	0.00722	0.00748	0.03459	0.00865	0.06257	0.00479	0.01017	0.00983	0.04422	0.05395	0.09377	0.06046	0.54585	0.02097	0.00421	0.00532	0.00839	0.00379	0.00418
8	0.01311	0.01065	0.01211	0.00909	0.01348	0.00933	0.00723	0.15699	0.04145	0.02105	0.01202	0.04099	0.01026	0.03890	0.00555	0.00126	0.00452	0.00436	0.00387	0.58377
9	0.10804	0.02260	0.03781	0.01417	0.04297	0.54577	0.01079	0.07278	0.01506	0.01656	0.00883	0.01044	0.00724	0.00593	0.00575	0.00156	0.06019	0.00375	0.00306	0.00670
10	0.06514	0.12559	0.39527	0.01341	0.01953	0.06806	0.05163	0.01784	0.04355	0.03433	0.03061	0.01251	0.00894	0.00537	0.00491	0.00157	0.00705	0.00417	0.00290	0.08762
11	0.01129	0.01012	0.04017	0.23718	0.13827	0.04521	0.03317	0.01255	0.01010	0.01334	0.01020	0.01614	0.00906	0.01089	0.01216	0.30577	0.05236	0.02414	0.00258	0.00529
12	0.00827	0.00584	0.00680	0.00660	0.00728	0.00548	0.00407	0.00874	0.00893	0.01225	0.01873	0.16490	0.02146	0.56775	0.02149	0.00425	0.00484	0.00877	0.00365	0.10988
13	0.01094	0.01010	0.01661	0.75636	0.03718	0.01253	0.01516	0.04796	0.01176	0.01510	0.01000	0.01470	0.00748	0.00559	0.00554	0.00184	0.00732	0.00492	0.00260	0.00630
14	0.00755	0.00522	0.00612	0.00651	0.00674	0.00506	0.00395	0.00794	0.00915	0.01207	0.02420	0.26699	0.07989	0.51116	0.02027	0.00418	0.00454	0.01063	0.00402	0.00380
15	0.84448	0.01071	0.00814	0.00728	0.01071	0.01242	0.00600	0.01628	0.00943	0.02485	0.00771	0.00900	0.00600	0.00514	0.00343	0.00171	0.00428	0.00300	0.00343	0.00600
16	0.00660	0.00540	0.00583	0.00618	0.00763	0.00463	0.00446	0.00788	0.01208	0.01474	0.04917	0.25625	0.57009	0.01493	0.00669	0.00197	0.00292	0.01279	0.00514	0.00463
17	0.00655	0.00561	0.00561	0.00561	0.00748	0.00468	0.00421	0.00795	0.01262	0.01496	0.05610	0.05330	0.76857	0.01403	0.00655	0.00187	0.00281	0.01169	0.00514	0.00468
18	0.01148	0.00984	0.01148	0.00820	0.01312	0.00738	0.00656	0.01395	0.01148	0.01805	0.00984	0.01148	0.00820	0.00410	0.00410	0.00082	0.00410	0.00328	0.00328	0.83922
19	0.08428	0.01046	0.01309	0.01011	0.01436	0.00985	0.00835	0.13850	0.01696	0.60522	0.01949	0.01727	0.01248	0.00670	0.00541	0.00171	0.00490	0.00529	0.00640	0.00917

[dist]
# distance from previous block
# <min> <max>
0	1

[block]
# block no. 7 follows, 43 sequences, length 8
# corresponding to MSA columns:
# 517-524
name=unknown_H
#
# <colnr> <probs for GDERKNQSTAVLIFYWHMCP>
#	G	D	E	R	K	N	Q	S	T	A	V	L	I	F	Y	W	H	M	C	P
0	0.84448	0.01071	0.00814	0.00728	0.01071	0.01242	0.00600	0.01628	0.00943	0.02485	0.00771	0.00900	0.00600	0.00514	0.00343	0.00171	0.00428	0.00300	0.00343	0.00600
1	0.02105	0.01551	0.01662	0.01274	0.01717	0.01717	0.01053	0.75235	0.02604	0.03490	0.01330	0.01330	0.00942	0.00665	0.00554	0.00166	0.00609	0.00499	0.00554	0.00942
2	0.01378	0.01190	0.01252	0.01127	0.01440	0.01378	0.00877	0.02943	0.76081	0.02317	0.02254	0.02066	0.01691	0.00751	0.00564	0.00188	0.00438	0.00626	0.00564	0.00877
3	0.01481	0.80869	0.02902	0.00948	0.01421	0.02191	0.00948	0.01658	0.01125	0.01303	0.00770	0.00888	0.00711	0.00474	0.00355	0.00118	0.00592	0.00296	0.00237	0.00711
4	0.02330	0.01009	0.01304	0.01020	0.01435	0.00936	0.00836	0.07148	0.10506	0.64021	0.02141	0.01873	0.01383	0.00692	0.00558	0.00173	0.00476	0.00562	0.00663	0.00935
