[name]
unknown

[dist]
# distance from previous block
# <min> <max>
0	26

[block]
# block no. 0 follows, 46 sequences, length 10
# corresponding to MSA columns:
# 26-35
name=unknown_A
#
# <colnr> <probs for GDERKNQSTAVLIFYWHMCP>
#	G	D	E	R	K	N	Q	S	T	A	V	L	I	F	Y	W	H	M	C	P
0	0.00919	0.00747	0.01237	0.01187	0.01379	0.00732	0.13650	0.01197	0.01222	0.01601	0.02505	0.05193	0.02662	0.01288	0.00712	0.00232	0.00555	0.62006	0.00450	0.00525
1	0.06701	0.54892	0.07525	0.00905	0.01300	0.01653	0.00882	0.01472	0.01068	0.03574	0.01159	0.14522	0.01168	0.00669	0.00412	0.00139	0.00523	0.00505	0.00290	0.00643
2	0.00735	0.00546	0.00609	0.00607	0.00747	0.00485	0.00445	0.00869	0.01171	0.03880	0.13361	0.07139	0.46062	0.14906	0.00981	0.00239	0.00329	0.05961	0.00478	0.00448
3	0.06909	0.43356	0.08507	0.03340	0.01467	0.06447	0.00950	0.01757	0.01180	0.15501	0.02829	0.03672	0.00974	0.00556	0.00419	0.00138	0.00566	0.00401	0.00330	0.00702
4	0.06897	0.14585	0.38666	0.01278	0.01793	0.01414	0.01420	0.03358	0.04530	0.06121	0.00985	0.01145	0.00754	0.00587	0.00678	0.00170	0.14215	0.00398	0.00278	0.00729
5	0.00753	0.00641	0.00776	0.00742	0.00867	0.00663	0.00578	0.00911	0.01187	0.01548	0.19338	0.09093	0.41145	0.01241	0.00822	0.00190	0.13897	0.04661	0.00466	0.00481
6	0.00703	0.00502	0.00607	0.00657	0.00708	0.00474	0.00434	0.00786	0.00997	0.01311	0.08224	0.33753	0.13512	0.29973	0.01385	0.00313	0.00379	0.04446	0.00436	0.00401
7	0.53329	0.04144	0.00858	0.00710	0.00970	0.01049	0.00569	0.05716	0.00986	0.02091	0.00907	0.01132	0.00741	0.00740	0.00639	0.14502	0.00416	0.00349	0.09622	0.00529
8	0.06482	0.07952	0.30536	0.06185	0.01734	0.07290	0.01223	0.03290	0.08653	0.01695	0.04058	0.02015	0.14052	0.00703	0.00511	0.00165	0.00601	0.01850	0.00333	0.00672
9	0.01205	0.01106	0.03531	0.14519	0.04129	0.06074	0.00938	0.10973	0.23166	0.01945	0.09201	0.15471	0.01894	0.00839	0.00558	0.00175	0.00503	0.00719	0.00441	0.02613

[dist]
# distance from previous block
# <min> <max>
3	5

[block]
# block no. 1 follows, 46 sequences, length 40
# corresponding to MSA columns:
# 41-80
name=unknown_B
#
# <colnr> <probs for GDERKNQSTAVLIFYWHMCP>
#	G	D	E	R	K	N	Q	S	T	A	V	L	I	F	Y	W	H	M	C	P
0	0.12185	0.03488	0.01410	0.01145	0.01489	0.24646	0.00913	0.34801	0.05939	0.02411	0.04143	0.01335	0.02579	0.00622	0.00490	0.00153	0.00642	0.00446	0.00422	0.00740
1	0.00760	0.00607	0.00681	0.00688	0.00807	0.02352	0.00496	0.03758	0.01224	0.01582	0.18353	0.27558	0.29579	0.06499	0.00789	0.00208	0.01980	0.01123	0.00489	0.00467
2	0.01197	0.00955	0.01170	0.04619	0.04191	0.00773	0.00720	0.01481	0.03729	0.07144	0.01064	0.01198	0.00847	0.00431	0.00418	0.00095	0.00420	0.00351	0.00339	0.68856
3	0.01450	0.01260	0.01279	0.09293	0.01640	0.10486	0.00928	0.05730	0.49089	0.07442	0.01847	0.01887	0.01405	0.00695	0.00535	0.00174	0.00523	0.03075	0.00481	0.00780
4	0.01295	0.01242	0.02121	0.06622	0.74852	0.01253	0.01616	0.01611	0.01197	0.01711	0.00992	0.01313	0.00832	0.00474	0.00524	0.00158	0.00631	0.00471	0.00261	0.00826
5	0.02010	0.01481	0.01587	0.01216	0.01639	0.01639	0.01005	0.76360	0.02486	0.03332	0.01269	0.01269	0.00899	0.00635	0.00529	0.00159	0.00582	0.00476	0.00529	0.00899
6	0.02296	0.00883	0.01202	0.00928	0.01323	0.00764	0.00764	0.02502	0.01512	0.74905	0.05641	0.01900	0.01481	0.00674	0.00536	0.00164	0.00440	0.00552	0.00651	0.00881
7	0.00626	0.00533	0.00539	0.00543	0.00716	0.00446	0.00405	0.00758	0.01198	0.01425	0.05261	0.08019	0.75038	0.01351	0.00627	0.00180	0.00269	0.01131	0.00491	0.00446
8	0.00756	0.00565	0.00841	0.00841	0.00933	0.00656	0.00650	0.00939	0.00847	0.01221	0.01424	0.02119	0.01340	0.06313	0.77002	0.00839	0.01389	0.00573	0.00284	0.00467
9	0.00810	0.00599	0.00746	0.00702	0.00848	0.00569	0.00536	0.04551	0.03240	0.02068	0.60211	0.05494	0.12175	0.01106	0.00623	0.00172	0.00282	0.04185	0.00563	0.00518
10	0.00918	0.00459	0.00689	0.00689	0.00689	0.00459	0.00459	0.00689	0.00689	0.00918	0.00918	0.01607	0.00918	0.01837	0.02066	0.84619	0.00459	0.00459	0.00230	0.00230
11	0.85155	0.01022	0.00777	0.00695	0.01022	0.01186	0.00573	0.01554	0.00900	0.02372	0.00736	0.00859	0.00573	0.00491	0.00327	0.00164	0.00409	0.00286	0.00327	0.00573
12	0.00755	0.00566	0.00850	0.00850	0.00944	0.00661	0.00661	0.00944	0.00850	0.01227	0.01416	0.02077	0.01322	0.03965	0.79326	0.00850	0.01416	0.00566	0.00283	0.00472
13	0.01975	0.02520	0.01498	0.01362	0.01634	0.79299	0.01021	0.02111	0.01498	0.01294	0.00817	0.00953	0.00681	0.00545	0.00477	0.00136	0.00953	0.00340	0.00272	0.00613
14	0.01197	0.01386	0.06560	0.01875	0.02230	0.01414	0.45064	0.01533	0.01083	0.01539	0.00942	0.01331	0.00769	0.00684	0.02593	0.00209	0.28119	0.00555	0.00253	0.00666
15	0.01859	0.01410	0.01547	0.10181	0.01832	0.03402	0.01036	0.63477	0.02252	0.03011	0.01237	0.01302	0.00887	0.00620	0.00522	0.00159	0.00593	0.00473	0.03358	0.00843
16	0.85155	0.01022	0.00777	0.00695	0.01022	0.01186	0.00573	0.01554	0.00900	0.02372	0.00736	0.00859	0.00573	0.00491	0.00327	0.00164	0.00409	0.00286	0.00327	0.00573
17	0.01248	0.01426	0.03119	0.02228	0.02763	0.01337	0.76203	0.01693	0.01248	0.01693	0.01070	0.01426	0.00802	0.00446	0.00624	0.00178	0.00891	0.00624	0.00267	0.00713
18	0.01315	0.01136	0.01195	0.01076	0.01375	0.01315	0.00837	0.02809	0.77168	0.02211	0.02152	0.01972	0.01614	0.00717	0.00538	0.00179	0.00418	0.00598	0.00538	0.00837
19	0.65125	0.00993	0.00886	0.00755	0.01102	0.01087	0.00622	0.01801	0.01048	0.20789	0.01063	0.01086	0.00751	0.00530	0.00377	0.00164	0.00419	0.00346	0.00406	0.00652
20	0.00998	0.00940	0.01586	0.80150	0.03641	0.01175	0.01468	0.01351	0.01057	0.01351	0.00940	0.01409	0.00705	0.00529	0.00529	0.00176	0.00705	0.00470	0.00235	0.00587
21	0.01343	0.01429	0.04037	0.16776	0.48990	0.13644	0.01494	0.01643	0.01222	0.01586	0.00987	0.01349	0.00823	0.00512	0.00520	0.00159	0.00695	0.01780	0.00262	0.00749
22	0.67108	0.05125	0.08960	0.00777	0.01145	0.01192	0.00720	0.01548	0.00944	0.02219	0.00819	0.00954	0.00636	0.00498	0.00349	0.00159	0.00445	0.00310	0.05498	0.00595
23	0.01256	0.01437	0.11922	0.06567	0.59629	0.01260	0.05453	0.01613	0.01180	0.01692	0.00984	0.01292	0.00805	0.00485	0.00549	0.00162	0.02184	0.00468	0.00255	0.00807
24	0.01138	0.18481	0.60739	0.01413	0.02119	0.01404	0.04463	0.01657	0.01113	0.01589	0.00910	0.01074	0.00676	0.00490	0.00474	0.00157	0.00742	0.00378	0.00225	0.00758
25	0.06521	0.06541	0.01458	0.21746	0.05919	0.01038	0.10383	0.02660	0.01104	0.01686	0.01229	0.03918	0.01017	0.02449	0.00559	0.00162	0.03215	0.00503	0.24224	0.03668
26	0.01332	0.01427	0.03856	0.01638	0.03981	0.11019	0.25345	0.09063	0.01241	0.01648	0.01090	0.07984	0.00988	0.00733	0.00946	0.00190	0.25973	0.00587	0.00301	0.00658
27	0.00644	0.00460	0.00613	0.00736	0.00767	0.00429	0.00491	0.00736	0.01012	0.01350	0.02914	0.81076	0.03497	0.01656	0.00675	0.00215	0.00307	0.01503	0.00491	0.00429
28	0.00998	0.00940	0.01586	0.80150	0.03641	0.01175	0.01468	0.01351	0.01057	0.01351	0.00940	0.01409	0.00705	0.00529	0.00529	0.00176	0.00705	0.00470	0.00235	0.00587
29	0.00635	0.00536	0.00550	0.00547	0.00721	0.00451	0.00410	0.00779	0.01230	0.01488	0.11629	0.04989	0.71598	0.01317	0.00625	0.00177	0.00266	0.01102	0.00499	0.00451
30	0.01096	0.00940	0.01096	0.00783	0.01253	0.00705	0.00626	0.01331	0.01096	0.01723	0.00940	0.01096	0.00783	0.00392	0.00392	0.00078	0.00392	0.00313	0.00313	0.84653
31	0.01275	0.01222	0.02085	0.11568	0.70062	0.01247	0.01606	0.01593	0.01188	0.01686	0.00988	0.01319	0.00823	0.00477	0.00524	0.00159	0.00636	0.00471	0.00259	0.00810
32	0.01398	0.01388	0.02606	0.10095	0.02595	0.01390	0.51071	0.18898	0.01514	0.02036	0.01102	0.01388	0.00814	0.00498	0.00592	0.00174	0.00800	0.00574	0.00324	0.00743
33	0.00644	0.00460	0.00613	0.00736	0.00767	0.00429	0.00491	0.00736	0.01012	0.01350	0.02914	0.81076	0.03497	0.01656	0.00675	0.00215	0.00307	0.01503	0.00491	0.00429
34	0.01240	0.01034	0.01208	0.00917	0.02841	0.00887	0.00721	0.12602	0.01297	0.01949	0.00982	0.01128	0.00799	0.00448	0.00460	0.00097	0.03116	0.00346	0.00342	0.67586
35	0.01139	0.00952	0.01113	0.00824	0.01249	0.00782	0.00656	0.04660	0.04700	0.01764	0.01004	0.01173	0.00832	0.00506	0.00523	0.04565	0.02204	0.00345	0.00327	0.70682
36	0.01201	0.14458	0.39579	0.01877	0.22034	0.01378	0.04718	0.01707	0.05164	0.01651	0.00996	0.01183	0.00771	0.00495	0.00489	0.00157	0.00693	0.00416	0.00252	0.00780
37	0.00671	0.00497	0.00667	0.00771	0.00800	0.00492	0.00526	0.00764	0.01001	0.01345	0.02796	0.76846	0.03348	0.01618	0.00731	0.00216	0.04549	0.01448	0.00477	0.00437
38	0.00769	0.00513	0.00577	0.00577	0.00577	0.00513	0.00320	0.00769	0.00769	0.01025	0.01666	0.03460	0.01922	0.81421	0.02691	0.00513	0.00513	0.00769	0.00320	0.00320
39	0.57363	0.01123	0.01143	0.04735	0.16109	0.03891	0.00858	0.01596	0.02746	0.02121	0.00829	0.01010	0.00662	0.00512	0.00436	0.00165	0.03415	0.00346	0.00310	0.00632

[dist]
# distance from previous block
# <min> <max>
0	5

[block]
# block no. 2 follows, 46 sequences, length 92
# corresponding to MSA columns:
# 86-164,167-179
name=unknown_C
#
# <colnr> <probs for GDERKNQSTAVLIFYWHMCP>
#	G	D	E	R	K	N	Q	S	T	A	V	L	I	F	Y	W	H	M	C	P
0	0.17396	0.02548	0.09723	0.03233	0.08872	0.00933	0.00903	0.01739	0.04025	0.23782	0.07381	0.10378	0.03630	0.02490	0.00557	0.00177	0.00470	0.00618	0.00447	0.00698
1	0.01933	0.02343	0.01534	0.01419	0.04489	0.67275	0.01046	0.08976	0.01562	0.01499	0.00863	0.01001	0.00707	0.00560	0.00514	0.00141	0.02835	0.00361	0.00295	0.00647
2	0.01599	0.01153	0.03174	0.01056	0.01370	0.01193	0.00854	0.41916	0.06780	0.09771	0.01849	0.23380	0.01695	0.00920	0.00569	0.00176	0.00488	0.00770	0.00523	0.00763
3	0.01003	0.00946	0.01587	0.77997	0.03579	0.01187	0.01460	0.01349	0.01050	0.01349	0.00933	0.01403	0.00704	0.00539	0.00562	0.00178	0.02885	0.00470	0.00235	0.00587
4	0.00913	0.00461	0.00685	0.00685	0.00685	0.00461	0.00454	0.00692	0.00692	0.00922	0.00946	0.01676	0.00956	0.04813	0.02089	0.81474	0.00461	0.00471	0.00233	0.00233
5	0.00666	0.00497	0.00622	0.00716	0.00781	0.00465	0.00489	0.00816	0.03856	0.01394	0.03284	0.65748	0.15576	0.01570	0.00662	0.00207	0.00304	0.01406	0.00493	0.00447
6	0.01430	0.79496	0.02737	0.00913	0.01365	0.02079	0.00907	0.03673	0.01114	0.01302	0.00750	0.00860	0.00685	0.00457	0.00345	0.00114	0.00566	0.00288	0.00235	0.00685
7	0.00658	0.00536	0.00577	0.00567	0.00728	0.00460	0.00422	0.00815	0.01262	0.01580	0.22362	0.04774	0.58622	0.03468	0.00681	0.00185	0.00270	0.01069	0.00508	0.00455
8	0.02315	0.00958	0.01259	0.00969	0.01376	0.00867	0.00799	0.09273	0.03313	0.69948	0.02013	0.01755	0.01278	0.00654	0.00532	0.00163	0.00461	0.00528	0.00640	0.00898
9	0.00985	0.00493	0.00493	0.00493	0.00616	0.00493	0.00370	0.01232	0.01109	0.01971	0.01725	0.01971	0.01355	0.00616	0.00370	0.00123	0.00246	0.00493	0.84356	0.00493
10	0.85155	0.01022	0.00777	0.00695	0.01022	0.01186	0.00573	0.01554	0.00900	0.02372	0.00736	0.00859	0.00573	0.00491	0.00327	0.00164	0.00409	0.00286	0.00327	0.00573
11	0.01004	0.00947	0.01587	0.77557	0.03567	0.01189	0.01458	0.01348	0.01049	0.01348	0.00932	0.01401	0.00704	0.00542	0.00568	0.00178	0.03330	0.00470	0.00235	0.00587
12	0.03116	0.02649	0.74955	0.01474	0.02235	0.01216	0.01892	0.01693	0.01120	0.03528	0.00971	0.01126	0.00683	0.00506	0.00499	0.00167	0.00764	0.00392	0.00236	0.00779
13	0.01157	0.01157	0.01619	0.01388	0.01388	0.01619	0.01157	0.01272	0.00810	0.01272	0.00694	0.01157	0.00694	0.00925	0.01735	0.00231	0.80453	0.00463	0.00231	0.00578
14	0.01331	0.01144	0.01204	0.01079	0.01381	0.01322	0.00841	0.04492	0.75459	0.02237	0.02131	0.01956	0.01597	0.00715	0.00538	0.00179	0.00422	0.00595	0.00538	0.00838
15	0.02372	0.00900	0.01227	0.00941	0.01350	0.00777	0.00777	0.02576	0.01513	0.78489	0.02086	0.01799	0.01309	0.00654	0.00532	0.00164	0.00450	0.00532	0.00654	0.00900
16	0.02372	0.00900	0.01227	0.00941	0.01350	0.00777	0.00777	0.02576	0.01513	0.78489	0.02086	0.01799	0.01309	0.00654	0.00532	0.00164	0.00450	0.00532	0.00654	0.00900
17	0.00735	0.00540	0.00688	0.00651	0.00781	0.00493	0.00488	0.00971	0.01465	0.02044	0.69908	0.04074	0.12972	0.01109	0.00624	0.00168	0.00251	0.00974	0.00572	0.00493
18	0.02281	0.00904	0.01216	0.00938	0.01334	0.00796	0.00772	0.05260	0.01549	0.72044	0.05661	0.01882	0.01468	0.00674	0.00536	0.00164	0.00445	0.00550	0.00646	0.00881
19	0.02023	0.01459	0.01573	0.01206	0.01629	0.01607	0.00996	0.73601	0.02449	0.06142	0.01300	0.01289	0.00914	0.00635	0.00529	0.00159	0.00577	0.00478	0.00534	0.00899
20	0.01430	0.79407	0.02733	0.00918	0.01365	0.04365	0.00908	0.01599	0.01087	0.01245	0.00737	0.00851	0.00679	0.00455	0.00343	0.00114	0.00577	0.00284	0.00228	0.00676
21	0.85155	0.01022	0.00777	0.00695	0.01022	0.01186	0.00573	0.01554	0.00900	0.02372	0.00736	0.00859	0.00573	0.00491	0.00327	0.00164	0.00409	0.00286	0.00327	0.00573
22	0.01987	0.01469	0.01574	0.01212	0.01631	0.01629	0.00999	0.73939	0.04944	0.03295	0.01298	0.01292	0.00923	0.00637	0.00529	0.00159	0.00576	0.00480	0.00529	0.00897
23	0.00644	0.00460	0.00613	0.00736	0.00767	0.00429	0.00491	0.00736	0.01012	0.01350	0.02914	0.81076	0.03497	0.01656	0.00675	0.00215	0.00307	0.01503	0.00491	0.00429
24	0.00767	0.00518	0.00605	0.00605	0.00615	0.00528	0.00356	0.00787	0.00777	0.01046	0.01640	0.03316	0.01860	0.73405	0.10622	0.00547	0.00606	0.00748	0.00316	0.00336
25	0.01337	0.01131	0.01196	0.01073	0.01374	0.01304	0.00836	0.02804	0.75578	0.03814	0.02150	0.01969	0.01607	0.00716	0.00538	0.00179	0.00419	0.00596	0.00540	0.00838
26	0.00918	0.00459	0.00689	0.00689	0.00689	0.00459	0.00459	0.00689	0.00689	0.00918	0.00918	0.01607	0.00918	0.01837	0.02066	0.84619	0.00459	0.00459	0.00230	0.00230
27	0.85155	0.01022	0.00777	0.00695	0.01022	0.01186	0.00573	0.01554	0.00900	0.02372	0.00736	0.00859	0.00573	0.00491	0.00327	0.00164	0.00409	0.00286	0.00327	0.00573
28	0.04461	0.00967	0.01255	0.00965	0.01373	0.00883	0.00797	0.10708	0.01605	0.68222	0.01961	0.01717	0.01244	0.00648	0.00526	0.00163	0.00463	0.00519	0.00632	0.00891
29	0.01975	0.02520	0.01498	0.01362	0.01634	0.79299	0.01021	0.02111	0.01498	0.01294	0.00817	0.00953	0.00681	0.00545	0.00477	0.00136	0.00953	0.00340	0.00272	0.00613
30	0.03605	0.39311	0.41285	0.01205	0.01821	0.01627	0.01428	0.01629	0.01091	0.01494	0.00844	0.00985	0.00671	0.00479	0.00422	0.00142	0.00671	0.00338	0.00228	0.00728
31	0.00766	0.00522	0.00627	0.00627	0.00644	0.00540	0.00383	0.00801	0.00784	0.01062	0.01620	0.03206	0.01812	0.67201	0.16760	0.00574	0.00678	0.00732	0.00314	0.00348
32	0.85155	0.01022	0.00777	0.00695	0.01022	0.01186	0.00573	0.01554	0.00900	0.02372	0.00736	0.00859	0.00573	0.00491	0.00327	0.00164	0.00409	0.00286	0.00327	0.00573
33	0.01248	0.01426	0.03119	0.02228	0.02763	0.01337	0.76203	0.01693	0.01248	0.01693	0.01070	0.01426	0.00802	0.00446	0.00624	0.00178	0.00891	0.00624	0.00267	0.00713
34	0.00644	0.00460	0.00613	0.00736	0.00767	0.00429	0.00491	0.00736	0.01012	0.01350	0.02914	0.81076	0.03497	0.01656	0.00675	0.00215	0.00307	0.01503	0.00491	0.00429
35	0.85155	0.01022	0.00777	0.00695	0.01022	0.01186	0.00573	0.01554	0.00900	0.02372	0.00736	0.00859	0.00573	0.00491	0.00327	0.00164	0.00409	0.00286	0.00327	0.00573
36	0.01413	0.81739	0.02770	0.00905	0.01357	0.02092	0.00905	0.01583	0.01074	0.01244	0.00735	0.00848	0.00678	0.00452	0.00339	0.00113	0.00565	0.00283	0.00226	0.00678
37	0.85155	0.01022	0.00777	0.00695	0.01022	0.01186	0.00573	0.01554	0.00900	0.02372	0.00736	0.00859	0.00573	0.00491	0.00327	0.00164	0.00409	0.00286	0.00327	0.00573
38	0.01331	0.01144	0.01205	0.01079	0.01381	0.01323	0.00841	0.04539	0.75412	0.02238	0.02131	0.01956	0.01597	0.00715	0.00538	0.00179	0.00422	0.00595	0.00538	0.00838
39	0.01060	0.02735	0.78682	0.01507	0.02288	0.01228	0.01953	0.01674	0.01116	0.01674	0.00949	0.01116	0.00670	0.00502	0.00502	0.00167	0.00781	0.00391	0.00223	0.00781
40	0.01233	0.04349	0.46197	0.03049	0.03214	0.06388	0.01493	0.08504	0.03053	0.04701	0.11437	0.01549	0.01325	0.00605	0.00518	0.00163	0.00672	0.00482	0.00327	0.00742
41	0.27798	0.01164	0.01275	0.10034	0.03681	0.01270	0.00889	0.28636	0.01590	0.12649	0.01149	0.01219	0.00822	0.00563	0.00459	0.00158	0.00515	0.00415	0.00430	0.05286
42	0.01323	0.00973	0.01529	0.56834	0.05834	0.01127	0.01307	0.05029	0.03016	0.16086	0.01202	0.01487	0.00854	0.00560	0.00529	0.00172	0.00641	0.00485	0.00336	0.00676
43	0.01307	0.01261	0.02174	0.03215	0.75904	0.01258	0.03818	0.01625	0.01205	0.01726	0.00997	0.01312	0.00836	0.00470	0.00526	0.00158	0.00636	0.00476	0.00262	0.00834
44	0.01116	0.01386	0.14081	0.01345	0.01504	0.04283	0.02981	0.01325	0.00904	0.01342	0.00892	0.03433	0.00847	0.02652	0.08388	0.00276	0.51907	0.00493	0.00246	0.00597
45	0.01096	0.00940	0.01096	0.00783	0.01253	0.00705	0.00626	0.01331	0.01096	0.01723	0.00940	0.01096	0.00783	0.00392	0.00392	0.00078	0.00392	0.00313	0.00313	0.84653
46	0.01274	0.01289	0.04673	0.08958	0.66132	0.01253	0.05438	0.01607	0.01192	0.01695	0.00993	0.01316	0.00820	0.00475	0.00528	0.00160	0.00652	0.00476	0.00259	0.00810
47	0.01308	0.01256	0.02146	0.03245	0.78123	0.01256	0.01622	0.01622	0.01204	0.01727	0.00994	0.01308	0.00837	0.00471	0.00523	0.00157	0.00628	0.00471	0.00262	0.00837
48	0.00748	0.00540	0.00707	0.00665	0.00790	0.00499	0.00499	0.00998	0.01496	0.02120	0.77844	0.03949	0.04988	0.01081	0.00624	0.00166	0.00249	0.00956	0.00582	0.00499
49	0.01352	0.01397	0.04086	0.02960	0.66835	0.08567	0.01554	0.01655	0.01229	0.01681	0.01025	0.01396	0.00878	0.00506	0.00524	0.00158	0.00659	0.02465	0.00268	0.00805
50	0.01327	0.01193	0.02245	0.06360	0.02206	0.01170	0.42437	0.09721	0.01348	0.09192	0.01463	0.14004	0.01278	0.00695	0.00636	0.00182	0.02758	0.00724	0.00366	0.00696
51	0.00644	0.00462	0.00612	0.00732	0.00766	0.00430	0.00489	0.00737	0.01016	0.01351	0.02966	0.79454	0.05085	0.01649	0.00674	0.00214	0.00306	0.01495	0.00491	0.00430
52	0.01234	0.01816	0.26194	0.01954	0.02559	0.01297	0.50021	0.03324	0.01241	0.03560	0.01061	0.01337	0.00776	0.00472	0.00582	0.00174	0.00840	0.00547	0.00269	0.00742
53	0.03816	0.01263	0.01325	0.02564	0.01491	0.03165	0.00899	0.29000	0.42405	0.02544	0.01718	0.01661	0.01281	0.00796	0.03474	0.00196	0.00531	0.00536	0.00508	0.00829
54	0.01060	0.02735	0.78682	0.01507	0.02288	0.01228	0.01953	0.01674	0.01116	0.01674	0.00949	0.01116	0.00670	0.00502	0.00502	0.00167	0.00781	0.00391	0.00223	0.00781
55	0.00759	0.00512	0.00582	0.00588	0.00596	0.00509	0.00337	0.00770	0.00793	0.01055	0.01817	0.07244	0.03942	0.74081	0.03933	0.00496	0.00513	0.00810	0.00332	0.00332
56	0.00748	0.00540	0.00707	0.00665	0.00790	0.00499	0.00499	0.00998	0.01496	0.02120	0.77844	0.03949	0.04988	0.01081	0.00624	0.00166	0.00249	0.00956	0.00582	0.00499
57	0.01193	0.01129	0.01869	0.02771	0.64422	0.01115	0.01411	0.01481	0.01217	0.01706	0.05116	0.01925	0.11113	0.00613	0.00541	0.00160	0.00563	0.00578	0.00306	0.00771
58	0.01793	0.01295	0.01410	0.01109	0.01460	0.01423	0.00894	0.60955	0.02157	0.04706	0.01347	0.01603	0.01061	0.11064	0.05054	0.00241	0.00615	0.00519	0.00492	0.00803
59	0.00728	0.00540	0.00678	0.00644	0.00777	0.00490	0.00483	0.00958	0.01448	0.02005	0.65788	0.04138	0.17116	0.01124	0.00624	0.00168	0.00252	0.00983	0.00567	0.00490
60	0.02027	0.01453	0.01569	0.01203	0.01626	0.01598	0.00994	0.72819	0.02439	0.06939	0.01308	0.01295	0.00919	0.00636	0.00529	0.00159	0.00575	0.00479	0.00535	0.00899
61	0.00985	0.00493	0.00493	0.00493	0.00616	0.00493	0.00370	0.01232	0.01109	0.01971	0.01725	0.01971	0.01355	0.00616	0.00370	0.00123	0.00246	0.00493	0.84356	0.00493
62	0.85155	0.01022	0.00777	0.00695	0.01022	0.01186	0.00573	0.01554	0.00900	0.02372	0.00736	0.00859	0.00573	0.00491	0.00327	0.00164	0.00409	0.00286	0.00327	0.00573
63	0.02318	0.00888	0.01210	0.00932	0.01331	0.00768	0.00768	0.02524	0.01513	0.75975	0.04580	0.01870	0.01430	0.00668	0.00535	0.00164	0.00443	0.00546	0.00652	0.00886
64	0.01122	0.01105	0.01496	0.03425	0.01365	0.03158	0.01070	0.01234	0.00833	0.01254	0.00847	0.03354	0.00875	0.08224	0.01735	0.00253	0.67338	0.00514	0.00247	0.00552
65	0.01010	0.00516	0.00519	0.00510	0.00640	0.00520	0.00385	0.03004	0.01141	0.02003	0.01714	0.01954	0.01344	0.00616	0.00373	0.00124	0.00254	0.00492	0.82378	0.00502
66	0.01384	0.01170	0.01235	0.01090	0.01401	0.01347	0.00854	0.10172	0.69692	0.02324	0.02063	0.01902	0.01542	0.00709	0.00537	0.00177	0.00435	0.00586	0.00537	0.00843
67	0.02274	0.00878	0.01196	0.00924	0.01316	0.00760	0.00760	0.02482	0.01512	0.73903	0.06635	0.01928	0.01530	0.00680	0.00537	0.00164	0.00438	0.00557	0.00650	0.00876
68	0.02222	0.00856	0.01147	0.00892	0.01270	0.00746	0.00733	0.02431	0.01469	0.70198	0.02047	0.01818	0.01314	0.00650	0.00514	0.00159	0.00428	0.00527	0.09724	0.00856
69	0.00641	0.00534	0.00559	0.00558	0.00725	0.00453	0.00416	0.00789	0.01237	0.01514	0.14541	0.07002	0.66585	0.01315	0.00626	0.00178	0.00266	0.01106	0.00503	0.00453
70	0.02364	0.00912	0.01235	0.00947	0.01356	0.00796	0.00782	0.04194	0.01534	0.76841	0.02068	0.01788	0.01300	0.00654	0.00532	0.00163	0.00453	0.00530	0.00652	0.00900
71	0.03405	0.04875	0.72311	0.01452	0.02202	0.01239	0.01854	0.01693	0.01120	0.03756	0.00968	0.01120	0.00685	0.00505	0.00494	0.00166	0.00756	0.00389	0.00238	0.00776
72	0.01122	0.00957	0.01110	0.00801	0.01265	0.00742	0.00641	0.03005	0.03280	0.01771	0.00981	0.01125	0.00809	0.00406	0.00399	0.00083	0.00396	0.00325	0.00324	0.80458
73	0.00998	0.00930	0.01563	0.78488	0.03578	0.01160	0.01445	0.01348	0.01058	0.01364	0.00956	0.01421	0.00718	0.00530	0.00525	0.00175	0.00695	0.00470	0.01991	0.00585
74	0.01086	0.07404	0.72332	0.01488	0.02244	0.01282	0.03692	0.01669	0.01117	0.01649	0.00939	0.01108	0.00673	0.00498	0.00496	0.00164	0.00771	0.00390	0.00224	0.00774
75	0.01905	0.02398	0.01485	0.01387	0.03743	0.73037	0.01018	0.02085	0.03625	0.01335	0.00968	0.01090	0.02545	0.00566	0.00483	0.00139	0.00913	0.00370	0.00285	0.00622
76	0.01456	0.75749	0.02674	0.00939	0.01378	0.07929	0.00913	0.01623	0.01106	0.01248	0.00741	0.00856	0.00679	0.00459	0.00350	0.00115	0.00595	0.00287	0.00230	0.00673
77	0.81251	0.01017	0.00798	0.00707	0.01038	0.01167	0.00582	0.01602	0.00929	0.05962	0.00800	0.00903	0.00607	0.00498	0.00337	0.00164	0.00411	0.00298	0.00343	0.00588
78	0.01373	0.01161	0.01246	0.01134	0.03427	0.01325	0.00864	0.10947	0.64670	0.02302	0.02112	0.01963	0.03646	0.00719	0.00539	0.00176	0.00438	0.00595	0.00528	0.00833
79	0.00720	0.00553	0.00660	0.00695	0.00826	0.00506	0.00530	0.02581	0.01238	0.01591	0.15897	0.22635	0.34113	0.01376	0.00652	0.00196	0.00319	0.13937	0.00506	0.00468
80	0.01979	0.01457	0.01561	0.01200	0.01613	0.01611	0.00988	0.74482	0.02443	0.03274	0.01279	0.01324	0.00924	0.02642	0.00583	0.00167	0.00580	0.00483	0.00524	0.00885
81	0.03344	0.01136	0.01403	0.11354	0.13085	0.01266	0.01029	0.10216	0.40102	0.05264	0.01741	0.01744	0.02926	0.00647	0.00527	0.00170	0.00500	0.00545	0.00452	0.02549
82	0.09258	0.01242	0.01472	0.24434	0.02136	0.01418	0.01078	0.44592	0.01868	0.02609	0.01140	0.01299	0.00829	0.00589	0.00504	0.00163	0.00590	0.00457	0.03558	0.00762
83	0.00998	0.00940	0.01586	0.80150	0.03641	0.01175	0.01468	0.01351	0.01057	0.01351	0.00940	0.01409	0.00705	0.00529	0.00529	0.00176	0.00705	0.00470	0.00235	0.00587
84	0.00644	0.00460	0.00613	0.00736	0.00767	0.00429	0.00491	0.00736	0.01012	0.01350	0.02914	0.81076	0.03497	0.01656	0.00675	0.00215	0.00307	0.01503	0.00491	0.00429
85	0.00918	0.00459	0.00689	0.00689	0.00689	0.00459	0.00459	0.00689	0.00689	0.00918	0.00918	0.01607	0.00918	0.01837	0.02066	0.84619	0.00459	0.00459	0.00230	0.00230
86	0.00736	0.00540	0.00690	0.00653	0.00782	0.00494	0.00489	0.00975	0.01468	0.02053	0.70833	0.04059	0.12042	0.01106	0.00624	0.00167	0.00251	0.00972	0.00573	0.00494
87	0.00918	0.00459	0.00689	0.00689	0.00689	0.00459	0.00459	0.00689	0.00689	0.00918	0.00918	0.01607	0.00918	0.01837	0.02066	0.84619	0.00459	0.00459	0.00230	0.00230
88	0.85155	0.01022	0.00777	0.00695	0.01022	0.01186	0.00573	0.01554	0.00900	0.02372	0.00736	0.00859	0.00573	0.00491	0.00327	0.00164	0.00409	0.00286	0.00327	0.00573
89	0.01248	0.01426	0.03119	0.02228	0.02763	0.01337	0.76203	0.01693	0.01248	0.01693	0.01070	0.01426	0.00802	0.00446	0.00624	0.00178	0.00891	0.00624	0.00267	0.00713
90	0.01975	0.02520	0.01498	0.01362	0.01634	0.79299	0.01021	0.02111	0.01498	0.01294	0.00817	0.00953	0.00681	0.00545	0.00477	0.00136	0.00953	0.00340	0.00272	0.00613
91	0.01248	0.01426	0.03119	0.02228	0.02763	0.01337	0.76203	0.01693	0.01248	0.01693	0.01070	0.01426	0.00802	0.00446	0.00624	0.00178	0.00891	0.00624	0.00267	0.00713

[dist]
# distance from previous block
# <min> <max>
0	3

[block]
# block no. 3 follows, 46 sequences, length 40
# corresponding to MSA columns:
# 183-222
name=unknown_D
#
# <colnr> <probs for GDERKNQSTAVLIFYWHMCP>
#	G	D	E	R	K	N	Q	S	T	A	V	L	I	F	Y	W	H	M	C	P
0	0.85155	0.01022	0.00777	0.00695	0.01022	0.01186	0.00573	0.01554	0.00900	0.02372	0.00736	0.00859	0.00573	0.00491	0.00327	0.00164	0.00409	0.00286	0.00327	0.00573
1	0.02010	0.01481	0.01587	0.01216	0.01639	0.01639	0.01005	0.76360	0.02486	0.03332	0.01269	0.01269	0.00899	0.00635	0.00529	0.00159	0.00582	0.00476	0.00529	0.00899
2	0.01870	0.17261	0.01735	0.01277	0.01583	0.64932	0.01000	0.02013	0.01419	0.01285	0.00802	0.00934	0.00680	0.00528	0.00451	0.00132	0.00881	0.00330	0.00264	0.00625
3	0.00835	0.00616	0.00827	0.00826	0.00910	0.00685	0.00614	0.05541	0.00997	0.01407	0.01821	0.23900	0.01924	0.10519	0.37369	0.00532	0.05095	0.00830	0.04275	0.00478
4	0.01096	0.00940	0.01096	0.00783	0.01253	0.00705	0.00626	0.01331	0.01096	0.01723	0.00940	0.01096	0.00783	0.00392	0.00392	0.00078	0.00392	0.00313	0.00313	0.84653
5	0.01013	0.00959	0.01589	0.72972	0.03436	0.01215	0.01440	0.01344	0.01035	0.01344	0.00917	0.01386	0.00704	0.00565	0.00638	0.00181	0.07973	0.00469	0.00235	0.00586
6	0.00646	0.00464	0.00614	0.00729	0.00766	0.00432	0.00489	0.00743	0.01030	0.01371	0.04880	0.77106	0.05505	0.01633	0.00672	0.00213	0.00304	0.01479	0.00493	0.00432
7	0.00763	0.00521	0.00628	0.00631	0.00649	0.00538	0.00387	0.00800	0.00790	0.01071	0.01653	0.05273	0.01854	0.65083	0.16700	0.00566	0.00673	0.00751	0.00318	0.00351
8	0.01089	0.00619	0.00829	0.00771	0.00837	0.00644	0.00544	0.12523	0.00970	0.01296	0.00973	0.01554	0.00915	0.01649	0.01826	0.71411	0.00478	0.00462	0.00276	0.00334
9	0.85155	0.01022	0.00777	0.00695	0.01022	0.01186	0.00573	0.01554	0.00900	0.02372	0.00736	0.00859	0.00573	0.00491	0.00327	0.00164	0.00409	0.00286	0.00327	0.00573
10	0.02372	0.00900	0.01227	0.00941	0.01350	0.00777	0.00777	0.02576	0.01513	0.78489	0.02086	0.01799	0.01309	0.00654	0.00532	0.00164	0.00450	0.00532	0.00654	0.00900
11	0.00769	0.00513	0.00577	0.00577	0.00577	0.00513	0.00320	0.00769	0.00769	0.01025	0.01666	0.03460	0.01922	0.81421	0.02691	0.00513	0.00513	0.00769	0.00320	0.00320
12	0.01635	0.01215	0.05684	0.01081	0.01473	0.03184	0.02891	0.08839	0.33313	0.22650	0.01786	0.01674	0.01275	0.00632	0.00517	0.00160	0.00485	0.00519	0.00510	0.10477
13	0.01227	0.00956	0.02950	0.00815	0.01265	0.00714	0.00670	0.01464	0.01155	0.10880	0.03117	0.03256	0.01020	0.00475	0.00424	0.00096	0.00402	0.00388	0.00363	0.68364
14	0.01892	0.06089	0.01593	0.01321	0.01632	0.57359	0.03362	0.10127	0.06847	0.03491	0.00994	0.01089	0.00789	0.00562	0.00486	0.00142	0.00843	0.00384	0.00326	0.00673
15	0.01285	0.01101	0.01173	0.01069	0.01357	0.01269	0.00838	0.02698	0.72231	0.02171	0.02194	0.02232	0.01707	0.00766	0.00550	0.00183	0.00423	0.05406	0.00535	0.00814
16	0.00918	0.00586	0.00711	0.00653	0.00836	0.00516	0.00499	0.01118	0.01389	0.12018	0.40505	0.04091	0.31924	0.01121	0.00612	0.00171	0.00283	0.00960	0.00557	0.00532
17	0.00633	0.00536	0.00547	0.00544	0.00719	0.00450	0.00408	0.00775	0.01224	0.01474	0.10168	0.05012	0.73068	0.01322	0.00625	0.00178	0.00267	0.01105	0.00497	0.00450
18	0.01053	0.00974	0.01577	0.61422	0.08415	0.01199	0.01387	0.03325	0.01082	0.01437	0.00996	0.03295	0.00801	0.00594	0.00641	0.00179	0.08166	0.00495	0.02356	0.00606
19	0.01238	0.01493	0.06973	0.02191	0.02739	0.01331	0.72416	0.01692	0.01241	0.01692	0.01063	0.01410	0.00795	0.00449	0.00618	0.00178	0.00886	0.00612	0.00265	0.00716
20	0.00748	0.00540	0.00707	0.00665	0.00790	0.00499	0.00499	0.00998	0.01496	0.02120	0.77844	0.03949	0.04988	0.01081	0.00624	0.00166	0.00249	0.00956	0.00582	0.00499
21	0.02021	0.01463	0.01576	0.01208	0.01631	0.01613	0.00998	0.74126	0.02456	0.05607	0.01294	0.01285	0.00911	0.00635	0.00529	0.00159	0.00578	0.00478	0.00533	0.00899
22	0.00985	0.00493	0.00493	0.00493	0.00616	0.00493	0.00370	0.01232	0.01109	0.01971	0.01725	0.01971	0.01355	0.00616	0.00370	0.00123	0.00246	0.00493	0.84356	0.00493
23	0.85155	0.01022	0.00777	0.00695	0.01022	0.01186	0.00573	0.01554	0.00900	0.02372	0.00736	0.00859	0.00573	0.00491	0.00327	0.00164	0.00409	0.00286	0.00327	0.00573
24	0.02211	0.00990	0.01262	0.00986	0.01384	0.00932	0.00809	0.10605	0.10311	0.61574	0.02005	0.01762	0.01299	0.00659	0.00532	0.00165	0.00461	0.00533	0.00627	0.00892
25	0.01083	0.00628	0.00823	0.00731	0.00917	0.00577	0.00563	0.01360	0.03687	0.17106	0.60793	0.03470	0.04169	0.00987	0.00603	0.00166	0.00294	0.00862	0.00595	0.00587
26	0.01157	0.01157	0.01619	0.01388	0.01388	0.01619	0.01157	0.01272	0.00810	0.01272	0.00694	0.01157	0.00694	0.00925	0.01735	0.00231	0.80453	0.00463	0.00231	0.00578
27	0.00889	0.00590	0.00764	0.00701	0.00853	0.00551	0.00532	0.01183	0.04439	0.07692	0.69377	0.03715	0.04589	0.01036	0.00613	0.00167	0.00271	0.00911	0.00586	0.00541
28	0.00761	0.00549	0.00724	0.00702	0.00826	0.00512	0.00541	0.01009	0.01463	0.02056	0.68882	0.04190	0.04756	0.01126	0.00636	0.00175	0.00278	0.09747	0.00571	0.00497
29	0.02323	0.00889	0.01211	0.00932	0.01333	0.00769	0.00769	0.02529	0.01513	0.76195	0.04362	0.01864	0.01419	0.00667	0.00534	0.00164	0.00444	0.00544	0.00652	0.00888
30	0.00644	0.00460	0.00613	0.00736	0.00767	0.00429	0.00491	0.00736	0.01012	0.01350	0.02914	0.81076	0.03497	0.01656	0.00675	0.00215	0.00307	0.01503	0.00491	0.00429
31	0.02010	0.01481	0.01587	0.01216	0.01639	0.01639	0.01005	0.76360	0.02486	0.03332	0.01269	0.01269	0.00899	0.00635	0.00529	0.00159	0.00582	0.00476	0.00529	0.00899
32	0.01095	0.10587	0.71137	0.01447	0.02196	0.01314	0.01849	0.01665	0.01112	0.01631	0.00927	0.01089	0.00671	0.00497	0.00486	0.00162	0.00760	0.00380	0.00224	0.00771
33	0.01246	0.44654	0.36388	0.01161	0.01751	0.01668	0.01356	0.01615	0.01094	0.01453	0.00855	0.00995	0.00692	0.00479	0.00412	0.00137	0.00653	0.00336	0.02335	0.00719
34	0.85155	0.01022	0.00777	0.00695	0.01022	0.01186	0.00573	0.01554	0.00900	0.02372	0.00736	0.00859	0.00573	0.00491	0.00327	0.00164	0.00409	0.00286	0.00327	0.00573
35	0.00671	0.00496	0.00699	0.00778	0.00831	0.00463	0.02875	0.00786	0.01056	0.01418	0.08470	0.72789	0.03523	0.01575	0.00669	0.00210	0.00321	0.01434	0.00491	0.00444
36	0.00648	0.00463	0.00617	0.00733	0.00768	0.00432	0.00491	0.00746	0.01031	0.01379	0.05827	0.78078	0.03554	0.01634	0.00673	0.00213	0.00304	0.01482	0.00494	0.00432
37	0.01248	0.01426	0.03119	0.02228	0.02763	0.01337	0.76203	0.01693	0.01248	0.01693	0.01070	0.01426	0.00802	0.00446	0.00624	0.00178	0.00891	0.00624	0.00267	0.00713
38	0.02361	0.00917	0.01238	0.00949	0.01358	0.00803	0.00784	0.04825	0.01543	0.76199	0.02061	0.01783	0.01296	0.00654	0.00532	0.00163	0.00454	0.00530	0.00650	0.00900
39	0.00918	0.00459	0.00689	0.00689	0.00689	0.00459	0.00459	0.00689	0.00689	0.00918	0.00918	0.01607	0.00918	0.01837	0.02066	0.84619	0.00459	0.00459	0.00230	0.00230

[dist]
# distance from previous block
# <min> <max>
0	1

[block]
# block no. 4 follows, 46 sequences, length 136
# corresponding to MSA columns:
# 224-359
name=unknown_E
#
# <colnr> <probs for GDERKNQSTAVLIFYWHMCP>
#	G	D	E	R	K	N	Q	S	T	A	V	L	I	F	Y	W	H	M	C	P
0	0.85155	0.01022	0.00777	0.00695	0.01022	0.01186	0.00573	0.01554	0.00900	0.02372	0.00736	0.00859	0.00573	0.00491	0.00327	0.00164	0.00409	0.00286	0.00327	0.00573
1	0.00755	0.00566	0.00850	0.00850	0.00944	0.00661	0.00661	0.00944	0.00850	0.01227	0.01416	0.02077	0.01322	0.03965	0.79326	0.00850	0.01416	0.00566	0.00283	0.00472
2	0.01975	0.02520	0.01498	0.01362	0.01634	0.79299	0.01021	0.02111	0.01498	0.01294	0.00817	0.00953	0.00681	0.00545	0.00477	0.00136	0.00953	0.00340	0.00272	0.00613
3	0.01060	0.02735	0.78682	0.01507	0.02288	0.01228	0.01953	0.01674	0.01116	0.01674	0.00949	0.01116	0.00670	0.00502	0.00502	0.00167	0.00781	0.00391	0.00223	0.00781
4	0.00843	0.00695	0.01124	0.01013	0.01144	0.00789	0.08720	0.01047	0.00892	0.01290	0.01348	0.02004	0.01251	0.06884	0.59781	0.00699	0.06894	0.00573	0.02512	0.00499
5	0.85155	0.01022	0.00777	0.00695	0.01022	0.01186	0.00573	0.01554	0.00900	0.02372	0.00736	0.00859	0.00573	0.00491	0.00327	0.00164	0.00409	0.00286	0.00327	0.00573
6	0.01248	0.01426	0.03119	0.02228	0.02763	0.01337	0.76203	0.01693	0.01248	0.01693	0.01070	0.01426	0.00802	0.00446	0.00624	0.00178	0.00891	0.00624	0.00267	0.00713
7	0.00644	0.00460	0.00613	0.00736	0.00767	0.00429	0.00491	0.00736	0.01012	0.01350	0.02914	0.81076	0.03497	0.01656	0.00675	0.00215	0.00307	0.01503	0.00491	0.00429
8	0.85155	0.01022	0.00777	0.00695	0.01022	0.01186	0.00573	0.01554	0.00900	0.02372	0.00736	0.00859	0.00573	0.00491	0.00327	0.00164	0.00409	0.00286	0.00327	0.00573
9	0.00998	0.00940	0.01586	0.80150	0.03641	0.01175	0.01468	0.01351	0.01057	0.01351	0.00940	0.01409	0.00705	0.00529	0.00529	0.00176	0.00705	0.00470	0.00235	0.00587
10	0.85155	0.01022	0.00777	0.00695	0.01022	0.01186	0.00573	0.01554	0.00900	0.02372	0.00736	0.00859	0.00573	0.00491	0.00327	0.00164	0.00409	0.00286	0.00327	0.00573
11	0.00758	0.00539	0.00643	0.02719	0.00785	0.00508	0.00451	0.00931	0.01223	0.01697	0.35936	0.03805	0.19022	0.18854	0.01053	0.00241	0.00323	0.00887	0.09173	0.00450
12	0.01315	0.01136	0.01195	0.01076	0.01375	0.01315	0.00837	0.02809	0.77168	0.02211	0.02152	0.01972	0.01614	0.00717	0.00538	0.00179	0.00418	0.00598	0.00538	0.00837
13	0.01348	0.00843	0.00880	0.00749	0.00979	0.00899	0.00595	0.27856	0.01597	0.02453	0.01563	0.01722	0.01193	0.00623	0.00426	0.00136	0.00365	0.00487	0.54649	0.00637
14	0.01090	0.06357	0.70003	0.01527	0.02276	0.01276	0.06928	0.01671	0.01123	0.01655	0.00947	0.01125	0.00679	0.00496	0.00503	0.00166	0.00779	0.00401	0.00226	0.00772
15	0.85155	0.01022	0.00777	0.00695	0.01022	0.01186	0.00573	0.01554	0.00900	0.02372	0.00736	0.00859	0.00573	0.00491	0.00327	0.00164	0.00409	0.00286	0.00327	0.00573
16	0.00644	0.00460	0.00613	0.00736	0.00767	0.00429	0.00491	0.00736	0.01012	0.01350	0.02914	0.81076	0.03497	0.01656	0.00675	0.00215	0.00307	0.01503	0.00491	0.00429
17	0.01248	0.01426	0.03119	0.02228	0.02763	0.01337	0.76203	0.01693	0.01248	0.01693	0.01070	0.01426	0.00802	0.00446	0.00624	0.00178	0.00891	0.00624	0.00267	0.00713
18	0.68053	0.01010	0.00920	0.06430	0.03369	0.01144	0.00687	0.01650	0.00985	0.10391	0.00901	0.01010	0.00668	0.00510	0.00369	0.00164	0.00440	0.00331	0.00354	0.00616
19	0.01927	0.00900	0.01164	0.00877	0.01297	0.00746	0.00717	0.02142	0.01369	0.51910	0.01712	0.01582	0.01144	0.00570	0.00482	0.00135	0.00425	0.00461	0.03049	0.27390
20	0.04962	0.00954	0.01571	0.71108	0.03389	0.01178	0.03384	0.01365	0.01050	0.01416	0.00941	0.01388	0.00712	0.00536	0.00548	0.00176	0.02599	0.00465	0.01670	0.00588
21	0.00710	0.00535	0.00657	0.00640	0.00773	0.00482	0.00478	0.00918	0.01382	0.01874	0.52055	0.09055	0.24804	0.01194	0.00629	0.00174	0.00262	0.02349	0.00550	0.00480
22	0.00632	0.00509	0.00563	0.00606	0.00733	0.00440	0.00433	0.00751	0.01137	0.01401	0.04500	0.31696	0.51852	0.01450	0.00642	0.00191	0.00281	0.01251	0.00491	0.00440
23	0.01764	0.04314	0.01581	0.03601	0.10591	0.45017	0.01072	0.11315	0.12435	0.01729	0.01087	0.01189	0.00861	0.00569	0.00495	0.00148	0.00774	0.00411	0.00339	0.00708
24	0.18130	0.00966	0.01162	0.00912	0.01301	0.00924	0.00752	0.08697	0.01479	0.56001	0.03222	0.01616	0.01204	0.00630	0.00494	0.00163	0.00449	0.00488	0.00580	0.00829
25	0.00756	0.00565	0.00842	0.00842	0.00934	0.00657	0.00652	0.00939	0.00847	0.01222	0.01423	0.02114	0.01338	0.06021	0.77291	0.00841	0.01392	0.00572	0.00284	0.00468
26	0.04801	0.00907	0.01203	0.00928	0.01328	0.00804	0.00766	0.04387	0.01509	0.72270	0.02015	0.01762	0.01277	0.00648	0.00521	0.00162	0.00447	0.00522	0.02863	0.00879
27	0.01259	0.01182	0.01970	0.23649	0.54677	0.01252	0.01552	0.05061	0.01225	0.01702	0.00993	0.01334	0.00805	0.00494	0.00525	0.00162	0.00646	0.00471	0.00267	0.00774
28	0.00787	0.00544	0.00632	0.00621	0.00624	0.00568	0.00368	0.00797	0.00773	0.01042	0.01614	0.03318	0.01850	0.75783	0.04483	0.00507	0.04289	0.00750	0.00315	0.00336
29	0.00647	0.00461	0.00612	0.00732	0.00762	0.00432	0.00486	0.00737	0.01006	0.01341	0.02882	0.79101	0.03456	0.03686	0.00726	0.00222	0.00312	0.01484	0.00486	0.00427
30	0.01421	0.78340	0.04068	0.00927	0.01380	0.04041	0.00926	0.01598	0.01086	0.01253	0.00741	0.00855	0.00678	0.00456	0.00346	0.00115	0.00579	0.00286	0.00227	0.00679
31	0.01108	0.13339	0.68493	0.01426	0.02163	0.01344	0.01812	0.01662	0.01111	0.01616	0.00920	0.01080	0.00671	0.00496	0.00480	0.00160	0.00752	0.00376	0.00224	0.00767
32	0.02209	0.00965	0.01248	0.00965	0.01370	0.00881	0.00793	0.08539	0.06803	0.63485	0.01970	0.01735	0.01272	0.00645	0.00525	0.00160	0.00456	0.00521	0.00620	0.04838
33	0.01096	0.00940	0.01096	0.00783	0.01253	0.00705	0.00626	0.01331	0.01096	0.01723	0.00940	0.01096	0.00783	0.00392	0.00392	0.00078	0.00392	0.00313	0.00313	0.84653
34	0.01060	0.02735	0.78682	0.01507	0.02288	0.01228	0.01953	0.01674	0.01116	0.01674	0.00949	0.01116	0.00670	0.00502	0.00502	0.00167	0.00781	0.00391	0.00223	0.00781
35	0.00685	0.00525	0.00783	0.00837	0.00902	0.00491	0.05614	0.00801	0.01028	0.01373	0.02789	0.75686	0.03314	0.01574	0.00671	0.00212	0.00346	0.01443	0.00476	0.00449
36	0.00748	0.00585	0.02458	0.00689	0.00822	0.00511	0.00531	0.00996	0.01456	0.02059	0.71197	0.08944	0.04793	0.01105	0.00624	0.00169	0.00265	0.00979	0.00568	0.00501
37	0.01302	0.01250	0.02134	0.04818	0.76599	0.01254	0.01619	0.01617	0.01201	0.01719	0.00993	0.01310	0.00835	0.00472	0.00523	0.00157	0.00630	0.00471	0.00261	0.00832
38	0.00636	0.00537	0.00553	0.00562	0.00734	0.00453	0.00425	0.00774	0.01200	0.01433	0.05162	0.07400	0.72167	0.01354	0.00631	0.00183	0.00279	0.04578	0.00491	0.00448
39	0.01164	0.00939	0.01048	0.03098	0.01269	0.01037	0.00765	0.02173	0.48298	0.04936	0.12439	0.02858	0.09811	0.00882	0.00574	0.00182	0.00396	0.06884	0.00531	0.00719
40	0.01207	0.02935	0.02597	0.20392	0.04554	0.01338	0.48792	0.03385	0.01200	0.01617	0.01011	0.01386	0.00773	0.00501	0.00663	0.00179	0.05961	0.00563	0.00263	0.00682
41	0.00748	0.00540	0.00708	0.00674	0.00796	0.00500	0.00507	0.00994	0.01479	0.02091	0.74482	0.05682	0.04911	0.01102	0.00627	0.00169	0.00256	0.02658	0.00578	0.00497
42	0.02019	0.01465	0.01577	0.01209	0.01632	0.01616	0.00999	0.74360	0.02459	0.05369	0.01291	0.01284	0.00910	0.00635	0.00529	0.00159	0.00578	0.00477	0.00532	0.00899
43	0.00985	0.00493	0.00493	0.00493	0.00616	0.00493	0.00370	0.01232	0.01109	0.01971	0.01725	0.01971	0.01355	0.00616	0.00370	0.00123	0.00246	0.00493	0.84356	0.00493
44	0.85155	0.01022	0.00777	0.00695	0.01022	0.01186	0.00573	0.01554	0.00900	0.02372	0.00736	0.00859	0.00573	0.00491	0.00327	0.00164	0.00409	0.00286	0.00327	0.00573
45	0.01060	0.02735	0.78682	0.01507	0.02288	0.01228	0.01953	0.01674	0.01116	0.01674	0.00949	0.01116	0.00670	0.00502	0.00502	0.00167	0.00781	0.00391	0.00223	0.00781
46	0.00755	0.00566	0.00850	0.00850	0.00944	0.00661	0.00661	0.00944	0.00850	0.01227	0.01416	0.02077	0.01322	0.03965	0.79326	0.00850	0.01416	0.00566	0.00283	0.00472
47	0.01157	0.01157	0.01619	0.01388	0.01388	0.01619	0.01157	0.01272	0.00810	0.01272	0.00694	0.01157	0.00694	0.00925	0.01735	0.00231	0.80453	0.00463	0.00231	0.00578
48	0.01432	0.01158	0.01235	0.01083	0.01399	0.01322	0.00850	0.09958	0.66393	0.05855	0.02063	0.01896	0.01530	0.00706	0.00537	0.00177	0.00436	0.00583	0.00542	0.00846
49	0.04788	0.00903	0.01214	0.00933	0.01340	0.00789	0.00771	0.02547	0.01495	0.76268	0.02046	0.01772	0.01287	0.00650	0.00526	0.00164	0.00449	0.00524	0.00645	0.00890
50	0.02355	0.00927	0.01244	0.00954	0.01363	0.00818	0.00788	0.06042	0.01559	0.74959	0.02047	0.01774	0.01289	0.00653	0.00532	0.00163	0.00456	0.00529	0.00648	0.00900
51	0.00650	0.00533	0.00572	0.00570	0.00731	0.00456	0.00424	0.00804	0.01253	0.01559	0.19318	0.08214	0.60478	0.01303	0.00627	0.00178	0.00266	0.01102	0.00509	0.00456
52	0.02010	0.01481	0.01587	0.01216	0.01639	0.01639	0.01005	0.76360	0.02486	0.03332	0.01269	0.01269	0.00899	0.00635	0.00529	0.00159	0.00582	0.00476	0.00529	0.00899
53	0.01153	0.23510	0.58719	0.01348	0.02043	0.01455	0.01677	0.01650	0.01105	0.01561	0.00893	0.01046	0.00672	0.00489	0.00459	0.00153	0.00725	0.00362	0.00224	0.00754
54	0.01532	0.09663	0.01752	0.01854	0.26335	0.27440	0.01164	0.01914	0.11280	0.03249	0.01164	0.01454	0.00983	0.00654	0.02103	0.00168	0.02639	0.03618	0.00316	0.00719
