[name]
unknown

[dist]
# distance from previous block
# <min> <max>
0	102

[block]
# block no. 0 follows, 44 sequences, length 6
# corresponding to MSA columns:
# 104-109
name=unknown_A
#
# <colnr> <probs for GDERKNQSTAVLIFYWHMCP>
#	G	D	E	R	K	N	Q	S	T	A	V	L	I	F	Y	W	H	M	C	P
0	0.07975	0.03925	0.16804	0.01376	0.06868	0.06455	0.06907	0.12362	0.01452	0.14045	0.01582	0.03937	0.04336	0.00696	0.00541	0.00171	0.00624	0.06096	0.00407	0.03441
1	0.04905	0.04935	0.08891	0.01429	0.06804	0.02910	0.13474	0.07119	0.14320	0.08742	0.05846	0.05427	0.01376	0.00669	0.00598	0.00169	0.04060	0.00581	0.00407	0.07339
2	0.11323	0.01358	0.10802	0.01520	0.06424	0.01148	0.22837	0.06198	0.01312	0.09371	0.06199	0.01644	0.03970	0.00593	0.00579	0.00166	0.03172	0.00544	0.00367	0.10474
3	0.06208	0.01495	0.19421	0.01627	0.11012	0.01092	0.18276	0.01579	0.01208	0.05808	0.04837	0.05350	0.05434	0.00637	0.00581	0.00166	0.02808	0.00583	0.00333	0.11545
4	0.04896	0.06010	0.11839	0.01452	0.01940	0.05977	0.22594	0.05020	0.04262	0.10046	0.01162	0.01323	0.00870	0.00530	0.00576	0.00156	0.04150	0.00475	0.00343	0.16379
5	0.01513	0.06015	0.01701	0.03775	0.11171	0.01150	0.10972	0.09935	0.10154	0.15837	0.08127	0.01880	0.04604	0.00647	0.00544	0.00159	0.00542	0.00575	0.00449	0.10250

[dist]
# distance from previous block
# <min> <max>
0	3

[block]
# block no. 1 follows, 44 sequences, length 7
# corresponding to MSA columns:
# 113-119
name=unknown_B
#
# <colnr> <probs for GDERKNQSTAVLIFYWHMCP>
#	G	D	E	R	K	N	Q	S	T	A	V	L	I	F	Y	W	H	M	C	P
0	0.01259	0.01312	0.02491	0.09019	0.08287	0.01317	0.44945	0.01907	0.16684	0.01813	0.01387	0.04619	0.01100	0.00575	0.00610	0.00184	0.00758	0.00646	0.00338	0.00748
1	0.00990	0.00859	0.00966	0.07993	0.01283	0.07643	0.05267	0.01173	0.01278	0.07599	0.04061	0.06396	0.50178	0.01127	0.00615	0.00180	0.00437	0.00951	0.00461	0.00543
2	0.00975	0.00820	0.01338	0.07421	0.01523	0.00892	0.12128	0.06864	0.01146	0.01600	0.08270	0.02097	0.01542	0.02717	0.47410	0.00596	0.01143	0.00615	0.00333	0.00570
3	0.01352	0.01070	0.01176	0.00907	0.01305	0.01007	0.00731	0.27608	0.01665	0.02295	0.02148	0.02150	0.18603	0.00720	0.00510	0.00134	0.00444	0.00575	0.00445	0.35155
4	0.01739	0.05397	0.01484	0.01135	0.01522	0.07870	0.00920	0.34050	0.21412	0.06361	0.01632	0.01592	0.03660	0.00662	0.00524	0.00158	0.00552	0.00512	0.00495	0.08322
5	0.01933	0.01230	0.01438	0.01196	0.05299	0.01257	0.00926	0.36961	0.06520	0.23151	0.01757	0.01683	0.04890	0.00669	0.00538	0.00159	0.00520	0.00531	0.00544	0.08798
6	0.01887	0.04306	0.01506	0.01235	0.03535	0.16135	0.00964	0.30180	0.17454	0.12056	0.01506	0.01478	0.01098	0.00645	0.00525	0.00161	0.00609	0.00491	0.03395	0.00834

[dist]
# distance from previous block
# <min> <max>
0	6

[block]
# block no. 2 follows, 44 sequences, length 28
# corresponding to MSA columns:
# 126-153
name=unknown_C
#
# <colnr> <probs for GDERKNQSTAVLIFYWHMCP>
#	G	D	E	R	K	N	Q	S	T	A	V	L	I	F	Y	W	H	M	C	P
0	0.31516	0.01494	0.23423	0.01101	0.01540	0.01095	0.06956	0.01572	0.04614	0.02000	0.02782	0.11095	0.01201	0.00683	0.00479	0.00174	0.00548	0.00551	0.04553	0.02622
1	0.00735	0.00554	0.00680	0.00653	0.00793	0.00498	0.00488	0.00956	0.01450	0.01976	0.56228	0.06633	0.23952	0.01202	0.00645	0.00176	0.00264	0.01046	0.00573	0.00498
2	0.01828	0.01402	0.01499	0.01194	0.01596	0.01554	0.00970	0.51669	0.23655	0.03035	0.01555	0.01509	0.01133	0.00668	0.00542	0.00166	0.00543	0.00520	0.00539	0.04424
3	0.01258	0.01080	0.01167	0.00862	0.01326	0.05896	0.00685	0.01523	0.03018	0.05321	0.01047	0.01177	0.00847	0.00435	0.00420	0.00091	0.00446	0.00343	0.00342	0.72717
4	0.00792	0.00532	0.00613	0.00613	0.00620	0.00539	0.00354	0.00805	0.00798	0.01071	0.01701	0.03473	0.01941	0.75767	0.07792	0.00552	0.00590	0.00779	0.00328	0.00341
5	0.00959	0.00510	0.00801	0.00768	0.00788	0.00506	0.03203	0.00748	0.00731	0.00976	0.00953	0.01650	0.00943	0.01842	0.02077	0.81082	0.00490	0.00480	0.00238	0.00255
6	0.01117	0.01054	0.01753	0.51770	0.25479	0.01209	0.01501	0.01488	0.02977	0.01533	0.01201	0.01590	0.03892	0.00566	0.00548	0.00176	0.00678	0.00515	0.00269	0.00683
7	0.01234	0.25042	0.50150	0.01319	0.01980	0.01467	0.01592	0.01697	0.01151	0.04671	0.01048	0.04450	0.00843	0.00560	0.00479	0.00159	0.00708	0.00425	0.00261	0.00765
8	0.01349	0.01295	0.02213	0.03346	0.77440	0.01295	0.01673	0.01673	0.01241	0.01781	0.01025	0.01349	0.00864	0.00486	0.00540	0.00162	0.00648	0.00486	0.00270	0.00864
9	0.00779	0.00584	0.00876	0.00876	0.00974	0.00681	0.00681	0.00974	0.00876	0.01266	0.01460	0.02142	0.01363	0.04089	0.78680	0.00876	0.01460	0.00584	0.00292	0.00487
10	0.01093	0.02820	0.78016	0.01554	0.02360	0.01266	0.02014	0.01727	0.01151	0.01727	0.00978	0.01151	0.00691	0.00518	0.00518	0.00173	0.00806	0.00403	0.00230	0.00806
11	0.01157	0.01129	0.01768	0.57433	0.21209	0.05139	0.01529	0.01499	0.01149	0.01482	0.00976	0.01405	0.00758	0.00532	0.00541	0.00175	0.00721	0.00478	0.00251	0.00668
12	0.01401	0.58731	0.20511	0.01103	0.01640	0.05808	0.01194	0.01682	0.01140	0.01390	0.00814	0.00945	0.00698	0.00483	0.00397	0.00131	0.00656	0.00321	0.00235	0.00721
13	0.02429	0.00956	0.01283	0.00983	0.01406	0.00843	0.00812	0.06076	0.01607	0.74332	0.02111	0.01830	0.01330	0.00674	0.00548	0.00168	0.00470	0.00546	0.00669	0.00928
14	0.01294	0.01239	0.02113	0.16480	0.64736	0.01281	0.01646	0.01625	0.01215	0.01714	0.01016	0.01367	0.00840	0.00496	0.00541	0.00165	0.00661	0.00486	0.00265	0.00819
15	0.01275	0.01220	0.02079	0.21037	0.60329	0.01276	0.01636	0.01608	0.01206	0.01691	0.01012	0.01374	0.00832	0.00500	0.00541	0.00167	0.00666	0.00485	0.00263	0.00804
16	0.00779	0.00584	0.00876	0.00876	0.00974	0.00681	0.00681	0.00974	0.00876	0.01266	0.01460	0.02142	0.01363	0.04089	0.78680	0.00876	0.01460	0.00584	0.00292	0.00487
17	0.00947	0.00473	0.00710	0.00710	0.00710	0.00473	0.00473	0.00710	0.00710	0.00947	0.00947	0.01657	0.00947	0.01894	0.02131	0.84138	0.00473	0.00473	0.00237	0.00237
18	0.01458	0.81168	0.02857	0.00933	0.01399	0.02157	0.00933	0.01632	0.01108	0.01283	0.00758	0.00875	0.00700	0.00466	0.00350	0.00117	0.00583	0.00292	0.00233	0.00700
19	0.00775	0.00694	0.00812	0.00745	0.00934	0.03832	0.05279	0.00959	0.01316	0.01646	0.21646	0.09493	0.47382	0.01246	0.00641	0.00182	0.00345	0.01072	0.00504	0.00497
20	0.00793	0.00529	0.00595	0.00595	0.00595	0.00529	0.00330	0.00793	0.00793	0.01057	0.01718	0.03568	0.01982	0.80840	0.02775	0.00529	0.00529	0.00793	0.00330	0.00330
21	0.00779	0.00584	0.00876	0.00876	0.00974	0.00681	0.00681	0.00974	0.00876	0.01266	0.01460	0.02142	0.01363	0.04089	0.78680	0.00876	0.01460	0.00584	0.00292	0.00487
22	0.01320	0.01266	0.02160	0.10265	0.70748	0.01288	0.01659	0.01648	0.01228	0.01746	0.01020	0.01359	0.00851	0.00491	0.00540	0.00164	0.00655	0.00486	0.00267	0.00840
23	0.01068	0.01013	0.01682	0.66832	0.09066	0.01259	0.01497	0.01407	0.01079	0.01415	0.00951	0.01422	0.00736	0.00577	0.00656	0.00185	0.07804	0.00484	0.00244	0.00624
24	0.01249	0.01286	0.01662	0.01430	0.01448	0.06758	0.01184	0.01369	0.00882	0.01313	0.00724	0.01179	0.00715	0.00928	0.01703	0.00232	0.74630	0.00469	0.00241	0.00599
25	0.08712	0.01758	0.21867	0.02074	0.10163	0.01328	0.42614	0.01721	0.01216	0.01807	0.01033	0.01325	0.00775	0.00481	0.00574	0.00177	0.00818	0.00535	0.00269	0.00753
26	0.01552	0.68328	0.02642	0.01010	0.01446	0.14659	0.00953	0.01721	0.01179	0.01291	0.00772	0.00892	0.00700	0.00482	0.00373	0.00121	0.00648	0.00301	0.00241	0.00689
27	0.01167	0.01109	0.01883	0.46822	0.35390	0.01247	0.01582	0.01513	0.01155	0.01560	0.00993	0.01409	0.00785	0.00520	0.00543	0.00173	0.00693	0.00485	0.00254	0.00716

[dist]
# distance from previous block
# <min> <max>
0	17

[block]
# block no. 3 follows, 44 sequences, length 17
# corresponding to MSA columns:
# 171-187
name=unknown_D
#
# <colnr> <probs for GDERKNQSTAVLIFYWHMCP>
#	G	D	E	R	K	N	Q	S	T	A	V	L	I	F	Y	W	H	M	C	P
0	0.00793	0.00529	0.00595	0.00595	0.00595	0.00529	0.00330	0.00793	0.00793	0.01057	0.01718	0.03568	0.01982	0.80840	0.02775	0.00529	0.00529	0.00793	0.00330	0.00330
1	0.00793	0.00529	0.00595	0.00595	0.00595	0.00529	0.00330	0.00793	0.00793	0.01057	0.01718	0.03568	0.01982	0.80840	0.02775	0.00529	0.00529	0.00793	0.00330	0.00330
2	0.01349	0.01295	0.02213	0.03346	0.77440	0.01295	0.01673	0.01673	0.01241	0.01781	0.01025	0.01349	0.00864	0.00486	0.00540	0.00162	0.00648	0.00486	0.00270	0.00864
3	0.01458	0.81168	0.02857	0.00933	0.01399	0.02157	0.00933	0.01632	0.01108	0.01283	0.00758	0.00875	0.00700	0.00466	0.00350	0.00117	0.00583	0.00292	0.00233	0.00700
4	0.01030	0.00969	0.01635	0.79530	0.03755	0.01211	0.01514	0.01393	0.01090	0.01393	0.00969	0.01453	0.00727	0.00545	0.00545	0.00182	0.00727	0.00484	0.00242	0.00606
5	0.01193	0.01193	0.01670	0.01431	0.01431	0.01670	0.01193	0.01312	0.00835	0.01312	0.00716	0.01193	0.00716	0.00954	0.01789	0.00239	0.79843	0.00477	0.00239	0.00596
6	0.00779	0.00584	0.00876	0.00876	0.00974	0.00681	0.00681	0.00974	0.00876	0.01266	0.01460	0.02142	0.01363	0.04089	0.78680	0.00876	0.01460	0.00584	0.00292	0.00487
7	0.00664	0.00474	0.00633	0.00759	0.00791	0.00443	0.00506	0.00759	0.01044	0.01392	0.03005	0.80485	0.03606	0.01708	0.00696	0.00221	0.00316	0.01550	0.00506	0.00443
8	0.04629	0.72106	0.05868	0.00967	0.01436	0.04759	0.00969	0.01654	0.01118	0.01347	0.00770	0.00890	0.00695	0.00473	0.00361	0.00122	0.00600	0.00298	0.00239	0.00698
9	0.01332	0.01277	0.02181	0.07521	0.73402	0.01291	0.01664	0.01658	0.01233	0.01760	0.01022	0.01355	0.00856	0.00489	0.00540	0.00163	0.00652	0.00486	0.00268	0.00849
10	0.01093	0.02820	0.78016	0.01554	0.02360	0.01266	0.02014	0.01727	0.01151	0.01727	0.00978	0.01151	0.00691	0.00518	0.00518	0.00173	0.00806	0.00403	0.00230	0.00806
11	0.00947	0.00473	0.00710	0.00710	0.00710	0.00473	0.00473	0.00710	0.00710	0.00947	0.00947	0.01657	0.00947	0.01894	0.02131	0.84138	0.00473	0.00473	0.00237	0.00237
12	0.71428	0.05511	0.00991	0.00802	0.01140	0.09520	0.00658	0.01665	0.01003	0.02265	0.00768	0.00895	0.00608	0.00510	0.00354	0.00163	0.00490	0.00301	0.00326	0.00601
13	0.01365	0.03335	0.06631	0.06461	0.12488	0.01436	0.21593	0.15210	0.01386	0.01921	0.01131	0.05662	0.00963	0.00678	0.00830	0.00188	0.17083	0.00577	0.00324	0.00739
14	0.00808	0.00624	0.00921	0.00904	0.00991	0.00744	0.00704	0.00990	0.00870	0.01261	0.01418	0.02129	0.01341	0.06725	0.70546	0.00819	0.06841	0.00584	0.00290	0.00489
15	0.00793	0.00529	0.00595	0.00595	0.00595	0.00529	0.00330	0.00793	0.00793	0.01057	0.01718	0.03568	0.01982	0.80840	0.02775	0.00529	0.00529	0.00793	0.00330	0.00330
16	0.01694	0.03500	0.11828	0.01306	0.01739	0.04708	0.05226	0.41998	0.08975	0.02655	0.01338	0.03249	0.01021	0.00742	0.02439	0.00186	0.03664	0.00516	0.02383	0.00833

[dist]
# distance from previous block
# <min> <max>
8	27

[block]
# block no. 4 follows, 44 sequences, length 95
# corresponding to MSA columns:
# 224-318
name=unknown_E
#
# <colnr> <probs for GDERKNQSTAVLIFYWHMCP>
#	G	D	E	R	K	N	Q	S	T	A	V	L	I	F	Y	W	H	M	C	P
0	0.01100	0.02783	0.76198	0.01597	0.04160	0.01267	0.02006	0.01725	0.01153	0.01728	0.00979	0.01156	0.00695	0.00517	0.00518	0.00172	0.00802	0.00405	0.00231	0.00807
1	0.00860	0.00579	0.00745	0.00691	0.00842	0.00527	0.00523	0.01104	0.01518	0.06640	0.66416	0.04043	0.11215	0.01112	0.00637	0.00172	0.00271	0.00974	0.00596	0.00534
2	0.84691	0.01054	0.00801	0.00717	0.01054	0.01223	0.00590	0.01603	0.00928	0.02446	0.00759	0.00886	0.00590	0.00506	0.00337	0.00169	0.00422	0.00295	0.00337	0.00590
3	0.01016	0.00508	0.00508	0.00508	0.00635	0.00508	0.00381	0.01270	0.01143	0.02033	0.01778	0.02033	0.01397	0.00635	0.00381	0.00127	0.00254	0.00508	0.83867	0.00508
4	0.84691	0.01054	0.00801	0.00717	0.01054	0.01223	0.00590	0.01603	0.00928	0.02446	0.00759	0.00886	0.00590	0.00506	0.00337	0.00169	0.00422	0.00295	0.00337	0.00590
5	0.02248	0.00905	0.01215	0.00950	0.01341	0.00800	0.00778	0.02521	0.04809	0.67726	0.08910	0.02063	0.01705	0.00717	0.00557	0.00170	0.00444	0.00591	0.00663	0.00888
6	0.84691	0.01054	0.00801	0.00717	0.01054	0.01223	0.00590	0.01603	0.00928	0.02446	0.00759	0.00886	0.00590	0.00506	0.00337	0.00169	0.00422	0.00295	0.00337	0.00590
7	0.02037	0.02598	0.01545	0.01404	0.01685	0.78652	0.01053	0.02177	0.01545	0.01334	0.00843	0.00983	0.00702	0.00562	0.00492	0.00140	0.00983	0.00351	0.00281	0.00632
8	0.01397	0.01162	0.01234	0.01104	0.01417	0.01335	0.00861	0.02888	0.73617	0.05143	0.02216	0.02027	0.01652	0.00737	0.00554	0.00184	0.00433	0.00614	0.00559	0.00865
9	0.00690	0.00569	0.00608	0.00596	0.00771	0.00495	0.00448	0.00890	0.03184	0.01651	0.21362	0.04906	0.59315	0.01306	0.00642	0.00181	0.00276	0.01101	0.00528	0.00482
10	0.00792	0.00531	0.00608	0.00608	0.00613	0.00536	0.00347	0.00801	0.00797	0.01067	0.01705	0.03499	0.01952	0.77154	0.06421	0.00545	0.00573	0.00783	0.00328	0.00338
11	0.01130	0.00969	0.01130	0.00807	0.01292	0.00727	0.00646	0.01373	0.01130	0.01776	0.00969	0.01130	0.00807	0.00404	0.00404	0.00081	0.00404	0.00323	0.00323	0.84173
12	0.00675	0.00483	0.00642	0.00752	0.00793	0.00450	0.00507	0.00785	0.01092	0.01469	0.10236	0.73032	0.03756	0.01650	0.00691	0.00217	0.00311	0.01495	0.00515	0.00450
13	0.00776	0.00580	0.00705	0.02777	0.00913	0.00541	0.00543	0.00998	0.04509	0.03689	0.18562	0.28377	0.29036	0.01367	0.00656	0.00196	0.00319	0.04430	0.00524	0.00501
14	0.02286	0.01121	0.03183	0.01055	0.01485	0.01040	0.00887	0.19605	0.04589	0.55880	0.01930	0.01718	0.01247	0.00669	0.00547	0.00168	0.00502	0.00534	0.00630	0.00922
15	0.01443	0.01182	0.01333	0.01152	0.01482	0.01332	0.04099	0.07750	0.62652	0.06238	0.02176	0.02020	0.03183	0.00732	0.00560	0.00183	0.00462	0.00617	0.00547	0.00856
16	0.00768	0.00580	0.00838	0.00840	0.00943	0.00655	0.00650	0.00953	0.00914	0.01285	0.01871	0.02543	0.08464	0.06041	0.67828	0.00791	0.01306	0.01932	0.00317	0.00480
17	0.01143	0.00986	0.01155	0.00844	0.01303	0.00790	0.00676	0.01439	0.04488	0.01782	0.01015	0.01173	0.00842	0.00439	0.00462	0.00091	0.03381	0.00342	0.00330	0.77317
18	0.03766	0.55820	0.04226	0.01047	0.01451	0.16621	0.00971	0.01698	0.01168	0.01335	0.00808	0.00968	0.00726	0.00659	0.03768	0.00161	0.03563	0.00325	0.00248	0.00674
19	0.00868	0.00592	0.00664	0.00630	0.00825	0.00506	0.00478	0.01031	0.01318	0.10142	0.16592	0.07942	0.53891	0.01273	0.00636	0.00182	0.00296	0.01074	0.00540	0.00521
20	0.00788	0.00532	0.00610	0.00610	0.00620	0.00536	0.00353	0.00803	0.00810	0.01080	0.01804	0.03530	0.03939	0.74335	0.07072	0.00539	0.00575	0.00790	0.00333	0.00343
21	0.00798	0.00565	0.00724	0.00679	0.00820	0.00516	0.00511	0.01042	0.01514	0.03851	0.68433	0.04136	0.12099	0.01130	0.00641	0.00173	0.00264	0.00992	0.00593	0.00519
22	0.01093	0.01047	0.01479	0.01298	0.01322	0.01433	0.01070	0.01231	0.00845	0.01301	0.00894	0.01420	0.00871	0.01706	0.20231	0.00391	0.61043	0.00503	0.00251	0.00570
23	0.02446	0.00928	0.01265	0.00970	0.01392	0.00801	0.00801	0.02657	0.01560	0.77817	0.02151	0.01856	0.01350	0.00675	0.00548	0.00169	0.00464	0.00548	0.00675	0.00928
24	0.01016	0.00508	0.00508	0.00508	0.00635	0.00508	0.00381	0.01270	0.01143	0.02033	0.01778	0.02033	0.01397	0.00635	0.00381	0.00127	0.00254	0.00508	0.83867	0.00508
25	0.01458	0.81168	0.02857	0.00933	0.01399	0.02157	0.00933	0.01632	0.01108	0.01283	0.00758	0.00875	0.00700	0.00466	0.00350	0.00117	0.00583	0.00292	0.00233	0.00700
26	0.00793	0.00529	0.00595	0.00595	0.00595	0.00529	0.00330	0.00793	0.00793	0.01057	0.01718	0.03568	0.01982	0.80840	0.02775	0.00529	0.00529	0.00793	0.00330	0.00330
27	0.02080	0.01514	0.01628	0.01248	0.01684	0.01672	0.01031	0.74056	0.02542	0.05032	0.01327	0.01321	0.00936	0.00655	0.00545	0.00164	0.00597	0.00492	0.00548	0.00927
28	0.01192	0.01037	0.01307	0.01003	0.03916	0.00848	0.04395	0.04942	0.01202	0.01842	0.00987	0.01165	0.00814	0.00436	0.00463	0.00097	0.02536	0.00356	0.00327	0.71136
29	0.01054	0.01008	0.01634	0.76037	0.03656	0.02836	0.01497	0.01407	0.01094	0.01390	0.00960	0.01437	0.00726	0.00555	0.00574	0.00182	0.02621	0.00482	0.00243	0.00606
30	0.02446	0.00928	0.01265	0.00970	0.01392	0.00801	0.00801	0.02657	0.01560	0.77817	0.02151	0.01856	0.01350	0.00675	0.00548	0.00169	0.00464	0.00548	0.00675	0.00928
31	0.00744	0.00556	0.00690	0.00657	0.00797	0.00503	0.00492	0.00975	0.01477	0.02030	0.61478	0.04329	0.20915	0.01173	0.00643	0.00174	0.00261	0.01022	0.00580	0.00503
32	0.06801	0.35436	0.14709	0.01185	0.01638	0.26926	0.01133	0.03770	0.01285	0.01502	0.00837	0.00968	0.00698	0.00514	0.00428	0.00138	0.00741	0.00335	0.00263	0.00694
33	0.00663	0.00477	0.00630	0.00751	0.00789	0.00443	0.00503	0.00760	0.01051	0.01395	0.03098	0.77706	0.06325	0.01696	0.00694	0.00220	0.00315	0.01535	0.00506	0.00443
34	0.00767	0.00557	0.00722	0.00681	0.00812	0.00512	0.00511	0.01020	0.01532	0.02159	0.74469	0.04116	0.07844	0.01125	0.00643	0.00172	0.00258	0.00992	0.00597	0.00512
35	0.01327	0.01333	0.04763	0.03202	0.71261	0.01279	0.03306	0.01662	0.01240	0.01775	0.01074	0.01470	0.00916	0.00513	0.00547	0.00165	0.00655	0.02388	0.00275	0.00849
36	0.07126	0.01116	0.01420	0.03057	0.13506	0.01150	0.00996	0.14055	0.15641	0.27834	0.01788	0.01955	0.01329	0.00699	0.00549	0.00176	0.00514	0.05719	0.00524	0.00847
37	0.01193	0.01193	0.01670	0.01431	0.01431	0.01670	0.01193	0.01312	0.00835	0.01312	0.00716	0.01193	0.00716	0.00954	0.01789	0.00239	0.79843	0.00477	0.00239	0.00596
38	0.01316	0.09813	0.12191	0.04826	0.54991	0.01382	0.04401	0.01671	0.01213	0.01711	0.00993	0.01281	0.00819	0.00489	0.00521	0.00160	0.00674	0.00461	0.00260	0.00827
39	0.01364	0.61539	0.18800	0.03968	0.01691	0.01933	0.01184	0.01644	0.01116	0.01381	0.00813	0.00955	0.00699	0.00480	0.00393	0.00131	0.00636	0.00322	0.00233	0.00719
40	0.00789	0.00543	0.00666	0.00666	0.00690	0.00567	0.00419	0.00838	0.00814	0.01110	0.01653	0.03208	0.01826	0.61506	0.21896	0.00616	0.00763	0.00740	0.00321	0.00370
41	0.01347	0.10094	0.01670	0.12941	0.12792	0.07242	0.03271	0.04069	0.31505	0.01863	0.01690	0.01835	0.04276	0.00664	0.00534	0.00171	0.00579	0.02295	0.00400	0.00763
42	0.01298	0.19786	0.42180	0.01324	0.03951	0.01383	0.01483	0.03316	0.02782	0.06548	0.01038	0.01160	0.00779	0.00510	0.00471	0.00149	0.00671	0.00387	0.00285	0.10500
43	0.01707	0.28578	0.03960	0.01090	0.01501	0.07186	0.00955	0.17770	0.17468	0.11206	0.02585	0.01397	0.01102	0.00608	0.00478	0.00151	0.00570	0.00452	0.00430	0.00805
44	0.01117	0.01090	0.01919	0.50248	0.10499	0.01271	0.13356	0.01466	0.01114	0.01497	0.00993	0.01437	0.00773	0.00566	0.00673	0.00184	0.08188	0.00510	0.02450	0.00648
45	0.00737	0.00554	0.00682	0.00654	0.00794	0.00499	0.00489	0.00960	0.01456	0.01987	0.57313	0.06171	0.23311	0.01196	0.00645	0.00176	0.00263	0.01041	0.00574	0.00499
46	0.01852	0.01983	0.01478	0.03031	0.04887	0.46113	0.01014	0.14593	0.01625	0.04362	0.01148	0.01281	0.02401	0.00618	0.00556	0.00151	0.04257	0.00426	0.07536	0.00686
47	0.02418	0.00934	0.01264	0.00974	0.01392	0.00816	0.00803	0.02663	0.03504	0.75857	0.02153	0.01860	0.01358	0.00676	0.00548	0.00169	0.00463	0.00550	0.00672	0.00926
48	0.00793	0.00529	0.00595	0.00595	0.00595	0.00529	0.00330	0.00793	0.00793	0.01057	0.01718	0.03568	0.01982	0.80840	0.02775	0.00529	0.00529	0.00793	0.00330	0.00330
49	0.01065	0.00624	0.00813	0.00728	0.00913	0.00562	0.00559	0.01305	0.01524	0.15821	0.58346	0.03757	0.09723	0.01054	0.00626	0.00172	0.00296	0.00919	0.00607	0.00585
50	0.01136	0.00623	0.00636	0.00592	0.00754	0.00642	0.00455	0.09671	0.01304	0.02191	0.01725	0.01951	0.01344	0.00637	0.00400	0.00131	0.00293	0.00506	0.74453	0.00555
51	0.01458	0.81168	0.02857	0.00933	0.01399	0.02157	0.00933	0.01632	0.01108	0.01283	0.00758	0.00875	0.00700	0.00466	0.00350	0.00117	0.00583	0.00292	0.00233	0.00700
52	0.00839	0.00568	0.00718	0.00748	0.00875	0.00500	0.00528	0.00967	0.01133	0.07022	0.05555	0.54383	0.13360	0.01445	0.00649	0.00197	0.00328	0.01287	0.00504	0.08394
53	0.01376	0.01181	0.01244	0.01114	0.01425	0.01365	0.00868	0.04936	0.74383	0.02313	0.02193	0.02014	0.01644	0.00737	0.00554	0.00184	0.00436	0.00613	0.00554	0.00865
54	0.08659	0.00994	0.01108	0.00926	0.01223	0.01034	0.00739	0.24770	0.06885	0.12991	0.22071	0.05415	0.09144	0.00878	0.00569	0.00172	0.00423	0.00721	0.00556	0.00724
55	0.01409	0.60472	0.15013	0.01138	0.01658	0.04829	0.05839	0.01675	0.01142	0.01386	0.00819	0.00961	0.00706	0.00478	0.00401	0.00131	0.00655	0.00334	0.00237	0.00717
56	0.05764	0.55625	0.04455	0.01233	0.04465	0.01907	0.11228	0.04895	0.03187	0.01556	0.00883	0.01031	0.00753	0.00485	0.00415	0.00135	0.00625	0.00367	0.00268	0.00722
57	0.00671	0.00480	0.00641	0.00767	0.00802	0.00449	0.00519	0.00772	0.01051	0.01400	0.03001	0.77972	0.03590	0.01701	0.00698	0.00222	0.00323	0.03991	0.00506	0.00445
58	0.03185	0.08111	0.01384	0.02596	0.01404	0.05843	0.00847	0.29509	0.16135	0.02457	0.08367	0.02046	0.08641	0.00751	0.00530	0.00163	0.00504	0.00592	0.06180	0.00757
59	0.01278	0.07034	0.22180	0.04367	0.32549	0.03953	0.15277	0.01691	0.01231	0.01713	0.02976	0.01349	0.00903	0.00508	0.00542	0.00166	0.00738	0.00489	0.00266	0.00790
60	0.01324	0.03423	0.08702	0.01488	0.01791	0.13501	0.18011	0.03213	0.04461	0.03178	0.01461	0.04553	0.07414	0.00820	0.02130	0.00201	0.22760	0.00590	0.00316	0.00662
61	0.00678	0.00556	0.00600	0.00607	0.00776	0.00479	0.00463	0.00838	0.01276	0.01572	0.14227	0.07116	0.60878	0.01365	0.00653	0.00188	0.00291	0.06448	0.00518	0.00470
62	0.01588	0.01470	0.12383	0.01250	0.01698	0.01284	0.07060	0.35851	0.03536	0.06469	0.01489	0.11452	0.01254	0.00729	0.00553	0.00165	0.00586	0.00613	0.00456	0.10114
63	0.01209	0.01015	0.01172	0.00845	0.01325	0.00807	0.00678	0.07540	0.01250	0.01914	0.00997	0.01145	0.00817	0.00425	0.00416	0.00088	0.00420	0.00337	0.00341	0.77258
64	0.02046	0.01398	0.01538	0.01189	0.01601	0.01519	0.00976	0.62394	0.02341	0.12466	0.01430	0.01471	0.01024	0.03396	0.02463	0.00193	0.00601	0.00510	0.00548	0.00897
65	0.02072	0.01527	0.01636	0.01254	0.01691	0.01691	0.01036	0.75622	0.02563	0.03436	0.01309	0.01309	0.00927	0.00654	0.00545	0.00164	0.00600	0.00491	0.00545	0.00927
66	0.00921	0.00589	0.00766	0.00708	0.00864	0.00536	0.00536	0.01160	0.01508	0.09375	0.62826	0.06860	0.09028	0.01111	0.00636	0.00174	0.00280	0.00975	0.00598	0.00548
67	0.01458	0.81168	0.02857	0.00933	0.01399	0.02157	0.00933	0.01632	0.01108	0.01283	0.00758	0.00875	0.00700	0.00466	0.00350	0.00117	0.00583	0.00292	0.00233	0.00700
68	0.00679	0.00554	0.00600	0.00588	0.00757	0.00475	0.00441	0.00849	0.01323	0.01665	0.24791	0.04931	0.57831	0.01309	0.00644	0.00181	0.00271	0.01106	0.00532	0.00475
69	0.00767	0.00557	0.00722	0.00681	0.00811	0.00512	0.00510	0.01019	0.01531	0.02158	0.74283	0.04119	0.08031	0.01125	0.00643	0.00172	0.00258	0.00993	0.00596	0.00512
70	0.01340	0.01153	0.01221	0.01106	0.01408	0.01331	0.00863	0.02837	0.73912	0.02259	0.02242	0.02173	0.01714	0.00766	0.00561	0.00187	0.00434	0.03089	0.00553	0.00851
71	0.00869	0.00621	0.00868	0.00993	0.01115	0.00619	0.00862	0.01113	0.01246	0.01621	0.02892	0.09375	0.03158	0.01515	0.00751	0.00250	0.00494	0.70636	0.00502	0.00499
72	0.00679	0.00555	0.00600	0.00594	0.00764	0.00477	0.00449	0.00847	0.01310	0.01637	0.21529	0.05007	0.59123	0.01324	0.00647	0.00183	0.00278	0.02996	0.00527	0.00473
73	0.00793	0.00529	0.00595	0.00595	0.00595	0.00529	0.00330	0.00793	0.00793	0.01057	0.01718	0.03568	0.01982	0.80840	0.02775	0.00529	0.00529	0.00793	0.00330	0.00330
74	0.00819	0.00595	0.00786	0.00788	0.00921	0.00571	0.00627	0.01112	0.03658	0.02033	0.54063	0.04597	0.04478	0.01214	0.00671	0.00194	0.00331	0.21451	0.00571	0.00521
75	0.00664	0.00474	0.00633	0.00759	0.00791	0.00443	0.00506	0.00759	0.01044	0.01392	0.03005	0.80485	0.03606	0.01708	0.00696	0.00221	0.00316	0.01550	0.00506	0.00443
76	0.02072	0.01527	0.01636	0.01254	0.01691	0.01691	0.01036	0.75622	0.02563	0.03436	0.01309	0.01309	0.00927	0.00654	0.00545	0.00164	0.00600	0.00491	0.00545	0.00927
77	0.02446	0.00928	0.01265	0.00970	0.01392	0.00801	0.00801	0.02657	0.01560	0.77817	0.02151	0.01856	0.01350	0.00675	0.00548	0.00169	0.00464	0.00548	0.00675	0.00928
78	0.00772	0.00557	0.00729	0.00686	0.00814	0.00514	0.00514	0.01029	0.01543	0.02186	0.77152	0.04072	0.05144	0.01115	0.00643	0.00171	0.00257	0.00986	0.00600	0.00514
79	0.05746	0.01365	0.01512	0.01164	0.01593	0.01461	0.00962	0.55215	0.02256	0.20921	0.01483	0.01419	0.01012	0.00653	0.00537	0.00165	0.00560	0.00496	0.00567	0.00913
80	0.01130	0.00969	0.01130	0.00807	0.01292	0.00727	0.00646	0.01373	0.01130	0.01776	0.00969	0.01130	0.00807	0.00404	0.00404	0.00081	0.00404	0.00323	0.00323	0.84173
81	0.01202	0.13527	0.64341	0.01443	0.02185	0.01369	0.01813	0.01754	0.01163	0.04962	0.00999	0.01143	0.00720	0.00518	0.00496	0.00165	0.00760	0.00394	0.00250	0.00796
82	0.01349	0.01295	0.02213	0.03346	0.77440	0.01295	0.01673	0.01673	0.01241	0.01781	0.01025	0.01349	0.00864	0.00486	0.00540	0.00162	0.00648	0.00486	0.00270	0.00864
83	0.00879	0.00628	0.00879	0.01004	0.01130	0.00628	0.00879	0.01130	0.01255	0.01632	0.02887	0.06150	0.03138	0.01506	0.00753	0.00251	0.00502	0.73770	0.00502	0.00502
84	0.01344	0.01067	0.01216	0.00892	0.01354	0.00918	0.00720	0.16583	0.01432	0.03535	0.01087	0.01210	0.00862	0.00468	0.00435	0.00101	0.00440	0.00368	0.03144	0.62826
85	0.00869	0.00619	0.00846	0.00870	0.00975	0.00596	0.03862	0.04887	0.03118	0.04857	0.02810	0.61989	0.04986	0.03005	0.00715	0.00219	0.00375	0.03387	0.00503	0.00513
86	0.00820	0.00571	0.00750	0.00719	0.00849	0.00532	0.00548	0.01066	0.01488	0.03774	0.65641	0.04200	0.04752	0.04128	0.00731	0.00192	0.00295	0.07845	0.00582	0.00516
87	0.00673	0.00484	0.00639	0.00746	0.00791	0.00450	0.00504	0.00784	0.01095	0.01466	0.09774	0.71101	0.06185	0.01644	0.00689	0.00216	0.00310	0.01486	0.00515	0.00450
88	0.01278	0.01463	0.06281	0.05599	0.08987	0.01363	0.55404	0.03847	0.01279	0.01754	0.01112	0.03090	0.00876	0.00524	0.00678	0.00184	0.04645	0.00619	0.00283	0.00736
89	0.02037	0.02598	0.01545	0.01404	0.01685	0.78652	0.01053	0.02177	0.01545	0.01334	0.00843	0.00983	0.00702	0.00562	0.00492	0.00140	0.00983	0.00351	0.00281	0.00632
90	0.00678	0.00554	0.00599	0.00588	0.00757	0.00475	0.00441	0.00847	0.01322	0.01661	0.24407	0.04937	0.58216	0.01311	0.00644	0.00181	0.00271	0.01107	0.00531	0.00475
91	0.01145	0.01075	0.01799	0.56071	0.24607	0.01246	0.01548	0.03226	0.01168	0.01551	0.00993	0.01421	0.00770	0.00531	0.00544	0.00176	0.00701	0.00485	0.00257	0.00686
92	0.01454	0.01354	0.02031	0.06334	0.57309	0.04749	0.01519	0.11789	0.02962	0.01977	0.01116	0.01444	0.00922	0.00541	0.00543	0.00164	0.00652	0.01979	0.00317	0.00843
93	0.00753	0.00557	0.00703	0.00666	0.00803	0.00506	0.00500	0.00993	0.01499	0.02082	0.66686	0.04244	0.15675	0.01153	0.00643	0.00173	0.00260	0.01010	0.00586	0.00506
94	0.00666	0.00493	0.00625	0.00728	0.00790	0.00451	0.00499	0.00773	0.01086	0.01413	0.03462	0.64709	0.17066	0.01643	0.00688	0.00215	0.00314	0.03425	0.00506	0.00448

[dist]
# distance from previous block
# <min> <max>
0	27

[block]
# block no. 5 follows, 44 sequences, length 19
# corresponding to MSA columns:
# 346-364
name=unknown_F
#
# <colnr> <probs for GDERKNQSTAVLIFYWHMCP>
#	G	D	E	R	K	N	Q	S	T	A	V	L	I	F	Y	W	H	M	C	P
0	0.01347	0.01303	0.02257	0.03300	0.74150	0.01299	0.04928	0.01676	0.01243	0.01780	0.01029	0.01355	0.00862	0.00485	0.00544	0.00163	0.00660	0.00493	0.00270	0.00858
1	0.01217	0.01129	0.01425	0.01330	0.13390	0.04525	0.03021	0.01463	0.01147	0.01718	0.00955	0.01173	0.00804	0.00471	0.00550	0.00112	0.07012	0.00372	0.00304	0.57882
2	0.14354	0.17390	0.01675	0.01190	0.01523	0.45497	0.00951	0.05153	0.04769	0.01624	0.00895	0.01009	0.00738	0.00547	0.00446	0.00143	0.00780	0.00349	0.00304	0.00662
3	0.81210	0.01049	0.00821	0.00728	0.01069	0.01205	0.00599	0.01647	0.00955	0.05637	0.00818	0.00927	0.00623	0.00513	0.00346	0.00169	0.00424	0.00306	0.00352	0.00605
4	0.00965	0.00762	0.01080	0.20009	0.01619	0.00920	0.00871	0.01193	0.01021	0.01525	0.03219	0.04470	0.04456	0.03530	0.16735	0.00330	0.14951	0.00590	0.21219	0.00535
5	0.00741	0.00553	0.00689	0.00662	0.00798	0.00500	0.00494	0.00967	0.01461	0.02008	0.59498	0.07518	0.19712	0.01193	0.00645	0.00176	0.00264	0.01043	0.00577	0.00500
6	0.00664	0.00474	0.00633	0.00759	0.00791	0.00443	0.00506	0.00759	0.01044	0.01392	0.03005	0.80485	0.03606	0.01708	0.00696	0.00221	0.00316	0.01550	0.00506	0.00443
7	0.00760	0.00521	0.00598	0.00620	0.00638	0.00509	0.00367	0.00786	0.00867	0.01144	0.02203	0.17046	0.07429	0.61638	0.02267	0.00452	0.00474	0.00949	0.00373	0.00359
8	0.01030	0.00969	0.01635	0.79530	0.03755	0.01211	0.01514	0.01393	0.01090	0.01393	0.00969	0.01453	0.00727	0.00545	0.00545	0.00182	0.00727	0.00484	0.00242	0.00606
9	0.01458	0.81168	0.02857	0.00933	0.01399	0.02157	0.00933	0.01632	0.01108	0.01283	0.00758	0.00875	0.00700	0.00466	0.00350	0.00117	0.00583	0.00292	0.00233	0.00700
10	0.00779	0.00584	0.00876	0.00876	0.00974	0.00681	0.00681	0.00974	0.00876	0.01266	0.01460	0.02142	0.01363	0.04089	0.78680	0.00876	0.01460	0.00584	0.00292	0.00487
11	0.02446	0.00928	0.01265	0.00970	0.01392	0.00801	0.00801	0.02657	0.01560	0.77817	0.02151	0.01856	0.01350	0.00675	0.00548	0.00169	0.00464	0.00548	0.00675	0.00928
12	0.01088	0.00810	0.00918	0.00849	0.01038	0.00860	0.00629	0.01773	0.31598	0.05488	0.18022	0.05432	0.09347	0.12818	0.01022	0.05996	0.00396	0.00785	0.00509	0.00621
13	0.84691	0.01054	0.00801	0.00717	0.01054	0.01223	0.00590	0.01603	0.00928	0.02446	0.00759	0.00886	0.00590	0.00506	0.00337	0.00169	0.00422	0.00295	0.00337	0.00590
14	0.01458	0.81168	0.02857	0.00933	0.01399	0.02157	0.00933	0.01632	0.01108	0.01283	0.00758	0.00875	0.00700	0.00466	0.00350	0.00117	0.00583	0.00292	0.00233	0.00700
15	0.00664	0.00474	0.00633	0.00759	0.00791	0.00443	0.00506	0.00759	0.01044	0.01392	0.03005	0.80485	0.03606	0.01708	0.00696	0.00221	0.00316	0.01550	0.00506	0.00443
16	0.02446	0.00928	0.01265	0.00970	0.01392	0.00801	0.00801	0.02657	0.01560	0.77817	0.02151	0.01856	0.01350	0.00675	0.00548	0.00169	0.00464	0.00548	0.00675	0.00928
17	0.01287	0.01471	0.03217	0.02298	0.02849	0.01379	0.75460	0.01746	0.01287	0.01746	0.01103	0.01471	0.00827	0.00460	0.00643	0.00184	0.00919	0.00643	0.00276	0.00735
18	0.01071	0.02665	0.72710	0.01494	0.02254	0.01215	0.01911	0.01679	0.01178	0.01758	0.06207	0.01352	0.00996	0.00559	0.00527	0.00173	0.00768	0.00443	0.00256	0.00786

[dist]
# distance from previous block
# <min> <max>
0	72

[block]
# block no. 6 follows, 44 sequences, length 61
# corresponding to MSA columns:
# 437-497
name=unknown_G
#
# <colnr> <probs for GDERKNQSTAVLIFYWHMCP>
#	G	D	E	R	K	N	Q	S	T	A	V	L	I	F	Y	W	H	M	C	P
0	0.01032	0.01042	0.04648	0.76454	0.03700	0.01213	0.01534	0.01406	0.01093	0.01406	0.00969	0.01442	0.00725	0.00544	0.00544	0.00181	0.00730	0.00481	0.00242	0.00614
1	0.00711	0.00494	0.00619	0.00699	0.00719	0.00474	0.00442	0.00771	0.00952	0.01269	0.02535	0.52382	0.03013	0.30621	0.01455	0.00334	0.00394	0.01273	0.00442	0.00402
2	0.01449	0.03258	0.01277	0.04052	0.01471	0.04483	0.00899	0.17286	0.30399	0.06513	0.02245	0.02727	0.07282	0.00876	0.00585	0.00187	0.00507	0.13225	0.00515	0.00764
3	0.17565	0.01097	0.01102	0.00921	0.01232	0.01216	0.00742	0.31188	0.10519	0.02690	0.01467	0.02839	0.01123	0.00648	0.00464	0.00158	0.00446	0.00490	0.23361	0.00732
4	0.01349	0.01295	0.02213	0.03346	0.77440	0.01295	0.01673	0.01673	0.01241	0.01781	0.01025	0.01349	0.00864	0.00486	0.00540	0.00162	0.00648	0.00486	0.00270	0.00864
5	0.10719	0.51018	0.22906	0.01076	0.01620	0.01812	0.01186	0.01654	0.01099	0.01533	0.00818	0.00950	0.00685	0.00485	0.00394	0.00138	0.00625	0.00322	0.00244	0.00716
6	0.01287	0.01471	0.03217	0.02298	0.02849	0.01379	0.75460	0.01746	0.01287	0.01746	0.01103	0.01471	0.00827	0.00460	0.00643	0.00184	0.00919	0.00643	0.00276	0.00735
7	0.01292	0.01276	0.02322	0.04357	0.53271	0.01260	0.18181	0.01641	0.01250	0.01754	0.01189	0.01758	0.01033	0.00562	0.00580	0.00174	0.00699	0.06313	0.00289	0.00801
8	0.00645	0.00550	0.00554	0.00557	0.00738	0.00460	0.00416	0.00782	0.01238	0.01471	0.05461	0.07086	0.75419	0.01389	0.00646	0.00185	0.00277	0.01160	0.00506	0.00460
9	0.05982	0.01505	0.01597	0.01229	0.01661	0.01669	0.01015	0.72119	0.02486	0.03389	0.01283	0.01289	0.00911	0.00647	0.00536	0.00164	0.00591	0.00482	0.00536	0.00911
10	0.01160	0.17220	0.64202	0.01440	0.02183	0.01430	0.01816	0.01709	0.01143	0.01645	0.00938	0.01100	0.00692	0.00508	0.00487	0.00162	0.00765	0.00382	0.00231	0.00786
11	0.02038	0.02548	0.01549	0.01397	0.01686	0.75010	0.01053	0.05652	0.01593	0.01434	0.00865	0.00999	0.00713	0.00566	0.00494	0.00142	0.00965	0.00358	0.00293	0.00646
12	0.00793	0.00529	0.00595	0.00595	0.00595	0.00529	0.00330	0.00793	0.00793	0.01057	0.01718	0.03568	0.01982	0.80840	0.02775	0.00529	0.00529	0.00793	0.00330	0.00330
13	0.00780	0.00581	0.00861	0.00861	0.00953	0.00673	0.00663	0.00964	0.00872	0.01255	0.01474	0.02217	0.01396	0.08152	0.74662	0.00858	0.01411	0.00595	0.00294	0.00478
14	0.00809	0.00566	0.00741	0.00692	0.00827	0.00521	0.00521	0.01065	0.01544	0.03870	0.75482	0.04023	0.05060	0.01105	0.00641	0.00171	0.00262	0.00976	0.00602	0.00524
15	0.01030	0.00969	0.01635	0.79530	0.03755	0.01211	0.01514	0.01393	0.01090	0.01393	0.00969	0.01453	0.00727	0.00545	0.00545	0.00182	0.00727	0.00484	0.00242	0.00606
16	0.84691	0.01054	0.00801	0.00717	0.01054	0.01223	0.00590	0.01603	0.00928	0.02446	0.00759	0.00886	0.00590	0.00506	0.00337	0.00169	0.00422	0.00295	0.00337	0.00590
17	0.01458	0.81168	0.02857	0.00933	0.01399	0.02157	0.00933	0.01632	0.01108	0.01283	0.00758	0.00875	0.00700	0.00466	0.00350	0.00117	0.00583	0.00292	0.00233	0.00700
18	0.84691	0.01054	0.00801	0.00717	0.01054	0.01223	0.00590	0.01603	0.00928	0.02446	0.00759	0.00886	0.00590	0.00506	0.00337	0.00169	0.00422	0.00295	0.00337	0.00590
19	0.01356	0.01171	0.01233	0.01109	0.01418	0.01356	0.00863	0.02897	0.76455	0.02281	0.02219	0.02034	0.01664	0.00740	0.00555	0.00185	0.00431	0.00616	0.00555	0.00863
20	0.01030	0.00969	0.01635	0.79530	0.03755	0.01211	0.01514	0.01393	0.01090	0.01393	0.00969	0.01453	0.00727	0.00545	0.00545	0.00182	0.00727	0.00484	0.00242	0.00606
21	0.02367	0.00910	0.01240	0.00957	0.01364	0.00788	0.00788	0.02580	0.01560	0.74238	0.05700	0.01960	0.01529	0.00696	0.00553	0.00169	0.00454	0.00569	0.00671	0.00908
22	0.00788	0.00547	0.00687	0.00687	0.00719	0.00579	0.00446	0.00852	0.00820	0.01126	0.01633	0.03098	0.01778	0.55584	0.27752	0.00643	0.00835	0.00724	0.00318	0.00382
23	0.00779	0.00584	0.00876	0.00876	0.00974	0.00681	0.00681	0.00974	0.00876	0.01266	0.01460	0.02142	0.01363	0.04089	0.78680	0.00876	0.01460	0.00584	0.00292	0.00487
24	0.00793	0.00529	0.00595	0.00595	0.00595	0.00529	0.00330	0.00793	0.00793	0.01057	0.01718	0.03568	0.01982	0.80840	0.02775	0.00529	0.00529	0.00793	0.00330	0.00330
25	0.02083	0.01510	0.01626	0.01246	0.01682	0.01665	0.01030	0.73549	0.02535	0.05549	0.01333	0.01324	0.00939	0.00655	0.00545	0.00164	0.00596	0.00492	0.00549	0.00927
26	0.01544	0.14482	0.28022	0.01408	0.04096	0.34406	0.01358	0.01870	0.01334	0.01515	0.04493	0.01181	0.00913	0.00556	0.00488	0.00150	0.00817	0.00394	0.00271	0.00703
27	0.01134	0.12509	0.59797	0.01482	0.04374	0.01359	0.01765	0.01661	0.01149	0.01664	0.03094	0.01280	0.02267	0.00560	0.00551	0.00168	0.03744	0.00424	0.00247	0.00772
28	0.05882	0.00606	0.00686	0.00667	0.00717	0.00636	0.00422	0.03704	0.00880	0.01260	0.01608	0.03120	0.01771	0.62137	0.13260	0.00542	0.00656	0.00722	0.00334	0.00391
29	0.00670	0.00479	0.00640	0.00766	0.00800	0.00448	0.00517	0.00770	0.01050	0.01399	0.03001	0.78349	0.03592	0.01702	0.00697	0.00222	0.00322	0.03624	0.00506	0.00445
30	0.01215	0.01155	0.08014	0.09242	0.09056	0.01106	0.01035	0.02069	0.33649	0.05712	0.14163	0.02412	0.04689	0.00783	0.00573	0.00181	0.00486	0.03233	0.00476	0.00751
31	0.01770	0.13027	0.01737	0.03333	0.08281	0.36869	0.01051	0.14756	0.06636	0.01782	0.01067	0.01267	0.00884	0.04533	0.00604	0.00166	0.00765	0.00422	0.00339	0.00713
32	0.00688	0.00497	0.00654	0.00774	0.00816	0.00471	0.00525	0.00825	0.03042	0.01421	0.02981	0.76606	0.03543	0.01677	0.00694	0.00221	0.00324	0.03279	0.00507	0.00455
33	0.00790	0.00528	0.00599	0.00601	0.00605	0.00526	0.00339	0.00799	0.00819	0.01095	0.03838	0.05170	0.02103	0.76994	0.02673	0.00512	0.00517	0.00814	0.00341	0.00338
34	0.03091	0.01533	0.09009	0.02019	0.29647	0.09344	0.03220	0.16489	0.03590	0.08480	0.01451	0.01668	0.04581	0.00626	0.00545	0.00167	0.00648	0.02695	0.00383	0.00814
35	0.02744	0.08975	0.48259	0.01722	0.11188	0.01355	0.07772	0.03589	0.04085	0.03784	0.01058	0.01229	0.00782	0.00521	0.00516	0.00168	0.00742	0.00435	0.00273	0.00802
36	0.01733	0.02116	0.07565	0.01374	0.01718	0.47105	0.08945	0.07990	0.01517	0.01664	0.01154	0.01311	0.02935	0.00586	0.00506	0.00149	0.00829	0.00438	0.09704	0.00662
37	0.84691	0.01054	0.00801	0.00717	0.01054	0.01223	0.00590	0.01603	0.00928	0.02446	0.00759	0.00886	0.00590	0.00506	0.00337	0.00169	0.00422	0.00295	0.00337	0.00590
38	0.00780	0.00523	0.00598	0.00610	0.00614	0.00520	0.00347	0.00790	0.00817	0.01089	0.01842	0.10985	0.02139	0.73209	0.02574	0.00499	0.00508	0.00866	0.00347	0.00341
39	0.01331	0.38011	0.15239	0.01095	0.01545	0.03157	0.02989	0.06029	0.09680	0.01663	0.03297	0.01341	0.01035	0.00858	0.07230	0.00207	0.00676	0.00423	0.03475	0.00718
40	0.01138	0.00724	0.00889	0.00803	0.01009	0.00700	0.00619	0.05076	0.09264	0.12304	0.36677	0.11032	0.05324	0.01016	0.00600	0.00174	0.00339	0.02940	0.05582	0.03788
41	0.01140	0.07532	0.52586	0.03818	0.14632	0.01297	0.01772	0.01650	0.01167	0.01694	0.03241	0.01358	0.02721	0.00558	0.00548	0.00169	0.02633	0.00448	0.00255	0.00781
42	0.01151	0.09955	0.63574	0.01652	0.08184	0.01353	0.03355	0.01714	0.01157	0.01690	0.00964	0.01147	0.00708	0.00509	0.00507	0.00167	0.00775	0.00404	0.00235	0.00799
43	0.00838	0.00654	0.00844	0.00847	0.00938	0.00700	0.00648	0.00985	0.01138	0.03387	0.10628	0.30481	0.19717	0.01368	0.00866	0.00210	0.14386	0.08240	0.02624	0.00501
44	0.25150	0.16179	0.03486	0.00837	0.01148	0.01248	0.00727	0.11405	0.01294	0.02100	0.08223	0.01868	0.09088	0.02103	0.00536	0.00164	0.03529	0.00513	0.09773	0.00629
45	0.00711	0.00523	0.00662	0.00694	0.00789	0.00478	0.00493	0.00881	0.01286	0.01744	0.35732	0.34614	0.15064	0.02886	0.00704	0.00200	0.00289	0.01231	0.00544	0.00475
46	0.01042	0.00668	0.00794	0.00740	0.00836	0.00783	0.00583	0.01262	0.01057	0.01823	0.01518	0.01848	0.01240	0.00911	0.05315	0.00197	0.18427	0.00506	0.59922	0.00527
47	0.01240	0.01012	0.00799	0.00756	0.00910	0.18054	0.00557	0.03625	0.01223	0.01770	0.01535	0.01965	0.01297	0.10436	0.03789	0.00209	0.00508	0.00510	0.49278	0.00526
48	0.01330	0.01276	0.02178	0.07925	0.73011	0.01290	0.01664	0.01656	0.01232	0.01758	0.01022	0.01356	0.00855	0.00489	0.00540	0.00163	0.00652	0.00486	0.00268	0.00848
49	0.01279	0.01544	0.07893	0.02325	0.08142	0.01366	0.65532	0.01740	0.01275	0.01748	0.01090	0.01442	0.00821	0.00465	0.00628	0.00182	0.00893	0.00617	0.00272	0.00749
50	0.00761	0.00549	0.00719	0.00693	0.00812	0.00507	0.00514	0.01002	0.01494	0.02108	0.69885	0.11562	0.04993	0.01173	0.00648	0.00176	0.00263	0.01041	0.00591	0.00507
51	0.01093	0.02820	0.78016	0.01554	0.02360	0.01266	0.02014	0.01727	0.01151	0.01727	0.00978	0.01151	0.00691	0.00518	0.00518	0.00173	0.00806	0.00403	0.00230	0.00806
52	0.02037	0.02598	0.01545	0.01404	0.01685	0.78652	0.01053	0.02177	0.01545	0.01334	0.00843	0.00983	0.00702	0.00562	0.00492	0.00140	0.00983	0.00351	0.00281	0.00632
53	0.01030	0.00969	0.01635	0.79530	0.03755	0.01211	0.01514	0.01393	0.01090	0.01393	0.00969	0.01453	0.00727	0.00545	0.00545	0.00182	0.00727	0.00484	0.00242	0.00606
54	0.02085	0.01439	0.01574	0.01212	0.01639	0.01566	0.00999	0.65944	0.02420	0.11693	0.01438	0.02996	0.01029	0.00678	0.00549	0.00165	0.00579	0.00519	0.00559	0.00917
55	0.00960	0.00875	0.01455	0.55647	0.05925	0.01033	0.03087	0.01260	0.01090	0.01417	0.01465	0.20500	0.01429	0.00821	0.00584	0.00191	0.00629	0.00745	0.00308	0.00580
56	0.01170	0.15810	0.60910	0.01558	0.06712	0.01417	0.01813	0.01708	0.01149	0.01656	0.00944	0.01117	0.00703	0.00507	0.00491	0.00163	0.00759	0.00389	0.00233	0.00791
57	0.00660	0.00490	0.00617	0.00718	0.00780	0.00446	0.00488	0.00764	0.01084	0.01408	0.03509	0.65420	0.18345	0.01642	0.00686	0.00214	0.00308	0.01470	0.00506	0.00446
58	0.00795	0.00601	0.00802	0.00834	0.05413	0.00557	0.00575	0.01046	0.01498	0.02098	0.66178	0.04014	0.11325	0.01101	0.00637	0.00172	0.00282	0.00971	0.00572	0.00531
59	0.00879	0.00628	0.00879	0.01004	0.01130	0.00628	0.00879	0.01130	0.01255	0.01632	0.02887	0.06150	0.03138	0.01506	0.00753	0.00251	0.00502	0.73770	0.00502	0.00502
60	0.01931	0.10956	0.01728	0.01477	0.06463	0.65525	0.01080	0.02086	0.01479	0.01357	0.00845	0.00995	0.00712	0.00547	0.00479	0.00139	0.00919	0.00353	0.00275	0.00654

[dist]
# distance from previous block
# <min> <max>
0	33

[block]
# block no. 7 follows, 44 sequences, length 18
# corresponding to MSA columns:
# 531-548
name=unknown_H
#
# <colnr> <probs for GDERKNQSTAVLIFYWHMCP>
#	G	D	E	R	K	N	Q	S	T	A	V	L	I	F	Y	W	H	M	C	P
