[name]
unknown

[dist]
# distance from previous block
# <min> <max>
9	87

[block]
# block no. 0 follows, 50 sequences, length 84
# corresponding to MSA columns:
# 106-189
name=unknown_A
#
# <colnr> <probs for GDERKNQSTAVLIFYWHMCP>
#	G	D	E	R	K	N	Q	S	T	A	V	L	I	F	Y	W	H	M	C	P
0	0.06765	0.03768	0.02350	0.08120	0.01398	0.03897	0.02494	0.03222	0.22743	0.13609	0.04138	0.05003	0.05947	0.00774	0.00516	0.00168	0.00454	0.10824	0.01917	0.01893
1	0.03253	0.02851	0.07680	0.00973	0.01280	0.04109	0.02508	0.07337	0.20041	0.10874	0.03819	0.09747	0.01520	0.04171	0.00619	0.00172	0.02589	0.05486	0.00421	0.10550
2	0.09055	0.04380	0.05965	0.01104	0.05706	0.03980	0.03021	0.21579	0.10118	0.09867	0.04058	0.01653	0.04462	0.00706	0.02414	0.00169	0.02567	0.02115	0.06385	0.00697
3	0.09903	0.25877	0.09660	0.01076	0.06255	0.04167	0.00926	0.05926	0.12907	0.10726	0.01214	0.01242	0.02547	0.00523	0.00418	0.00137	0.00508	0.00391	0.00343	0.05253
4	0.04468	0.10150	0.18847	0.08382	0.03335	0.02660	0.03360	0.08121	0.02958	0.14517	0.05278	0.01468	0.01075	0.00579	0.00526	0.00152	0.04766	0.02070	0.04577	0.02708
5	0.08186	0.01149	0.04027	0.12999	0.03649	0.04196	0.03837	0.25689	0.03226	0.03632	0.01208	0.01486	0.02542	0.00730	0.03389	0.02012	0.04113	0.03272	0.03726	0.06933
6	0.02854	0.04919	0.09521	0.05522	0.20214	0.04261	0.01064	0.05756	0.05264	0.07216	0.10778	0.06144	0.01559	0.00688	0.00549	0.00158	0.03582	0.05362	0.00359	0.04227
7	0.02847	0.00941	0.02833	0.16875	0.06302	0.06607	0.04504	0.03196	0.08616	0.03013	0.18061	0.04983	0.04632	0.00829	0.00554	0.00172	0.00498	0.13574	0.00394	0.00571
8	0.01155	0.01119	0.01744	0.18848	0.39894	0.03904	0.05083	0.01461	0.02601	0.01528	0.00926	0.01222	0.00757	0.00468	0.00526	0.00144	0.03992	0.00425	0.00254	0.13949
9	0.00727	0.00535	0.00649	0.00639	0.00762	0.00504	0.00477	0.00940	0.06288	0.01594	0.33229	0.07938	0.26096	0.01212	0.00769	0.11327	0.00292	0.05115	0.00467	0.00439
10	0.01087	0.00884	0.01039	0.00745	0.01185	0.00667	0.00597	0.01307	0.01051	0.05091	0.00934	0.01063	0.00760	0.00380	0.00375	0.00077	0.00372	0.00304	0.00310	0.81770
11	0.01081	0.01074	0.01619	0.07110	0.01559	0.01426	0.08604	0.01242	0.00833	0.01272	0.00747	0.01165	0.00691	0.00789	0.01397	0.00205	0.64387	0.00453	0.03792	0.00555
12	0.00705	0.00510	0.00666	0.00627	0.00745	0.00470	0.00470	0.00941	0.01411	0.01999	0.79110	0.03723	0.04703	0.01019	0.00588	0.00157	0.00235	0.00901	0.00549	0.00470
13	0.00607	0.00434	0.00578	0.00694	0.00723	0.00405	0.00463	0.00694	0.00954	0.01272	0.02747	0.82157	0.03297	0.01562	0.00636	0.00202	0.00289	0.01417	0.00463	0.00405
14	0.01323	0.01112	0.01174	0.01031	0.01328	0.01279	0.00809	0.12160	0.68826	0.02219	0.01923	0.01776	0.01436	0.00666	0.00506	0.00167	0.00414	0.00549	0.00506	0.00796
15	0.00698	0.00509	0.00656	0.00619	0.00740	0.00467	0.00464	0.00926	0.01393	0.01956	0.74233	0.03794	0.09608	0.01035	0.00588	0.00158	0.00236	0.00911	0.00543	0.00467
16	0.02236	0.00848	0.01157	0.00887	0.01272	0.00733	0.00733	0.02429	0.01427	0.79719	0.01966	0.01697	0.01234	0.00617	0.00501	0.00154	0.00424	0.00501	0.00617	0.00848
17	0.86003	0.00964	0.00733	0.00655	0.00964	0.01118	0.00540	0.01465	0.00848	0.02236	0.00694	0.00810	0.00540	0.00463	0.00308	0.00154	0.00386	0.00270	0.00308	0.00540
18	0.01895	0.01396	0.01496	0.01147	0.01546	0.01546	0.00947	0.77711	0.02344	0.03141	0.01197	0.01197	0.00848	0.00598	0.00499	0.00150	0.00548	0.00449	0.00499	0.00848
19	0.01333	0.82783	0.02612	0.00853	0.01279	0.01972	0.00853	0.01493	0.01013	0.01173	0.00693	0.00800	0.00640	0.00426	0.00320	0.00107	0.00533	0.00267	0.00213	0.00640
20	0.01895	0.01396	0.01496	0.01147	0.01546	0.01546	0.00947	0.77711	0.02344	0.03141	0.01197	0.01197	0.00848	0.00598	0.00499	0.00150	0.00548	0.00449	0.00499	0.00848
21	0.83697	0.00976	0.00754	0.00669	0.00980	0.01130	0.00551	0.03556	0.00889	0.02261	0.00708	0.00820	0.00548	0.00466	0.00314	0.00154	0.00390	0.00275	0.00314	0.00548
22	0.13728	0.00876	0.01106	0.00861	0.01236	0.00804	0.00711	0.03982	0.01368	0.67368	0.01775	0.01564	0.01130	0.00595	0.00475	0.00154	0.00422	0.00468	0.00572	0.00806
23	0.86003	0.00964	0.00733	0.00655	0.00964	0.01118	0.00540	0.01465	0.00848	0.02236	0.00694	0.00810	0.00540	0.00463	0.00308	0.00154	0.00386	0.00270	0.00308	0.00540
24	0.02236	0.00848	0.01157	0.00887	0.01272	0.00733	0.00733	0.02429	0.01427	0.79719	0.01966	0.01697	0.01234	0.00617	0.00501	0.00154	0.00424	0.00501	0.00617	0.00848
25	0.86003	0.00964	0.00733	0.00655	0.00964	0.01118	0.00540	0.01465	0.00848	0.02236	0.00694	0.00810	0.00540	0.00463	0.00308	0.00154	0.00386	0.00270	0.00308	0.00540
26	0.00596	0.00505	0.00515	0.00513	0.00678	0.00424	0.00384	0.00729	0.01153	0.01387	0.09668	0.04730	0.74527	0.01247	0.00589	0.00168	0.00251	0.01043	0.00468	0.00424
27	0.01176	0.01345	0.02941	0.02101	0.02605	0.01261	0.77563	0.01597	0.01176	0.01597	0.01008	0.01345	0.00756	0.00420	0.00588	0.00168	0.00840	0.00588	0.00252	0.00672
28	0.02236	0.00848	0.01157	0.00887	0.01272	0.00733	0.00733	0.02429	0.01427	0.79719	0.01966	0.01697	0.01234	0.00617	0.00501	0.00154	0.00424	0.00501	0.00617	0.00848
29	0.01333	0.82783	0.02612	0.00853	0.01279	0.01972	0.00853	0.01493	0.01013	0.01173	0.00693	0.00800	0.00640	0.00426	0.00320	0.00107	0.00533	0.00267	0.00213	0.00640
30	0.00615	0.00473	0.00565	0.00629	0.00722	0.00423	0.00450	0.00730	0.01052	0.01336	0.05768	0.44018	0.34046	0.01414	0.00619	0.00189	0.00283	0.05787	0.00465	0.00416
31	0.01234	0.01184	0.02023	0.03059	0.79373	0.01184	0.01530	0.01530	0.01135	0.01628	0.00938	0.01234	0.00790	0.00444	0.00493	0.00148	0.00592	0.00444	0.00247	0.00790
32	0.01959	0.00857	0.01115	0.00884	0.01231	0.00789	0.00720	0.04447	0.10476	0.60804	0.09541	0.01901	0.01598	0.00663	0.00510	0.00156	0.00406	0.00546	0.00594	0.00804
33	0.00967	0.00501	0.00505	0.00492	0.00619	0.00507	0.00372	0.04191	0.01097	0.01909	0.01609	0.01832	0.01261	0.00581	0.00354	0.00117	0.00245	0.00464	0.81895	0.00480
34	0.17766	0.00902	0.01098	0.00859	0.01231	0.00852	0.00710	0.06701	0.01373	0.60808	0.01685	0.01502	0.01082	0.00587	0.00465	0.00154	0.00424	0.00455	0.00553	0.00791
35	0.02227	0.00864	0.01166	0.00894	0.01280	0.00756	0.00739	0.04568	0.01453	0.77543	0.01945	0.01682	0.01223	0.00616	0.00501	0.00154	0.00428	0.00500	0.00614	0.00848
36	0.00899	0.00732	0.01168	0.49810	0.02404	0.00851	0.01039	0.01141	0.01006	0.05538	0.01571	0.28532	0.01581	0.00862	0.00545	0.00178	0.00525	0.00774	0.00324	0.00520
37	0.77445	0.00956	0.00809	0.08768	0.01212	0.01117	0.00625	0.01446	0.00863	0.02139	0.00713	0.00862	0.00552	0.00466	0.00328	0.00155	0.00414	0.00287	0.00300	0.00541
38	0.00936	0.00560	0.00740	0.00666	0.00824	0.00510	0.00510	0.01164	0.01413	0.13684	0.67512	0.03419	0.04182	0.00959	0.00575	0.00156	0.00264	0.00841	0.00559	0.00527
39	0.00713	0.00531	0.00785	0.00785	0.00868	0.00614	0.00603	0.00880	0.00796	0.01145	0.01350	0.02040	0.01282	0.08690	0.75605	0.00781	0.01282	0.00546	0.00269	0.00436
40	0.00929	0.00465	0.00465	0.00465	0.00581	0.00465	0.00348	0.01161	0.01045	0.01858	0.01626	0.01858	0.01278	0.00581	0.00348	0.00116	0.00232	0.00465	0.85250	0.00465
41	0.01841	0.01280	0.01393	0.01083	0.01460	0.01398	0.00890	0.61686	0.07681	0.10545	0.01350	0.01321	0.00952	0.00605	0.00493	0.00150	0.00512	0.00463	0.04070	0.00827
42	0.01490	0.01195	0.01268	0.01065	0.01391	0.01356	0.00849	0.31271	0.49444	0.02488	0.01711	0.01607	0.01265	0.00647	0.00504	0.00162	0.00453	0.00520	0.00504	0.00811
43	0.00880	0.00548	0.00722	0.00657	0.00805	0.00500	0.00500	0.01110	0.01413	0.10859	0.70316	0.03492	0.04308	0.00973	0.00578	0.00156	0.00257	0.00856	0.00556	0.00513
44	0.00597	0.00503	0.00517	0.00518	0.00679	0.00424	0.00387	0.00729	0.01149	0.01386	0.09715	0.06757	0.72430	0.01255	0.00590	0.00168	0.00252	0.01052	0.00468	0.00424
45	0.01240	0.01071	0.01127	0.01014	0.01296	0.01240	0.00789	0.02649	0.78473	0.02085	0.02029	0.01860	0.01522	0.00676	0.00507	0.00169	0.00394	0.00564	0.00507	0.00789
46	0.02207	0.00896	0.01186	0.00909	0.01296	0.00803	0.00751	0.08954	0.01506	0.73081	0.01900	0.01653	0.01200	0.00615	0.00501	0.00154	0.00435	0.00497	0.00607	0.00848
47	0.00690	0.00502	0.00650	0.00628	0.00739	0.00461	0.00465	0.00905	0.01352	0.01895	0.67881	0.11509	0.08287	0.01085	0.00593	0.00162	0.00241	0.00960	0.00536	0.00461
48	0.01240	0.01071	0.01127	0.01014	0.01296	0.01240	0.00789	0.02649	0.78473	0.02085	0.02029	0.01860	0.01522	0.00676	0.00507	0.00169	0.00394	0.00564	0.00507	0.00789
49	0.02236	0.00848	0.01157	0.00887	0.01272	0.00733	0.00733	0.02429	0.01427	0.79719	0.01966	0.01697	0.01234	0.00617	0.00501	0.00154	0.00424	0.00501	0.00617	0.00848
50	0.01176	0.01345	0.02941	0.02101	0.02605	0.01261	0.77563	0.01597	0.01176	0.01597	0.01008	0.01345	0.00756	0.00420	0.00588	0.00168	0.00840	0.00588	0.00252	0.00672
51	0.01862	0.02376	0.01413	0.01284	0.01541	0.80482	0.00963	0.01990	0.01413	0.01220	0.00770	0.00899	0.00642	0.00514	0.00449	0.00128	0.00899	0.00321	0.00257	0.00578
52	0.01240	0.01071	0.01127	0.01014	0.01296	0.01240	0.00789	0.02649	0.78473	0.02085	0.02029	0.01860	0.01522	0.00676	0.00507	0.00169	0.00394	0.00564	0.00507	0.00789
53	0.00910	0.00583	0.00786	0.08590	0.01069	0.00555	0.00584	0.01121	0.01292	0.12190	0.44376	0.11798	0.12201	0.01000	0.00573	0.00164	0.00311	0.00876	0.00507	0.00516
54	0.86003	0.00964	0.00733	0.00655	0.00964	0.01118	0.00540	0.01465	0.00848	0.02236	0.00694	0.00810	0.00540	0.00463	0.00308	0.00154	0.00386	0.00270	0.00308	0.00540
55	0.00705	0.00510	0.00666	0.00627	0.00745	0.00470	0.00470	0.00941	0.01411	0.01999	0.79110	0.03723	0.04703	0.01019	0.00588	0.00157	0.00235	0.00901	0.00549	0.00470
56	0.01176	0.01345	0.02941	0.02101	0.02605	0.01261	0.77563	0.01597	0.01176	0.01597	0.01008	0.01345	0.00756	0.00420	0.00588	0.00168	0.00840	0.00588	0.00252	0.00672
57	0.74171	0.04445	0.00887	0.00712	0.01034	0.01196	0.00593	0.08967	0.01002	0.02281	0.00743	0.00847	0.00574	0.00475	0.00328	0.00152	0.00408	0.00287	0.00323	0.00574
58	0.00685	0.00509	0.00638	0.00606	0.00732	0.00462	0.00454	0.00901	0.01363	0.01885	0.66229	0.03910	0.17655	0.01061	0.00588	0.00159	0.00238	0.00928	0.00534	0.00462
59	0.01416	0.06406	0.01503	0.01224	0.01380	0.28082	0.00989	0.08701	0.01149	0.01386	0.00792	0.01076	0.00706	0.00887	0.06226	0.00213	0.36624	0.00395	0.00261	0.00584
60	0.00893	0.00780	0.03498	0.00737	0.00945	0.04553	0.00585	0.03238	0.04414	0.05334	0.10738	0.18703	0.28380	0.01049	0.00579	0.00162	0.02264	0.02562	0.00438	0.10146
61	0.00687	0.00495	0.00650	0.00640	0.00741	0.00458	0.00469	0.00894	0.01325	0.01861	0.64660	0.18565	0.04437	0.01122	0.00597	0.00165	0.00245	0.00999	0.00532	0.00458
62	0.01153	0.00938	0.01093	0.02425	0.01267	0.00773	0.00649	0.08666	0.02884	0.03971	0.00972	0.01092	0.00779	0.00408	0.00391	0.00087	0.00394	0.00325	0.00327	0.71405
63	0.01164	0.03867	0.58575	0.01264	0.01905	0.02679	0.01530	0.01639	0.01106	0.10482	0.02356	0.01161	0.00781	0.00489	0.00465	0.00147	0.00655	0.00382	0.00272	0.09081
64	0.03126	0.42675	0.27542	0.01124	0.03247	0.01561	0.02948	0.04984	0.01113	0.06272	0.00872	0.00977	0.00687	0.00462	0.00399	0.00131	0.00598	0.00333	0.00254	0.00695
65	0.00765	0.00521	0.00583	0.00571	0.00596	0.00523	0.00337	0.03941	0.00816	0.01082	0.01735	0.05405	0.05109	0.73380	0.02317	0.00448	0.00471	0.00746	0.00321	0.00333
66	0.00690	0.00506	0.00647	0.00617	0.00737	0.00463	0.00461	0.00909	0.01366	0.01906	0.68816	0.06771	0.12122	0.01064	0.00590	0.00160	0.00239	0.00936	0.00537	0.00463
67	0.07953	0.01113	0.09460	0.09334	0.01599	0.00957	0.00931	0.12739	0.01418	0.45436	0.01529	0.01461	0.01007	0.00636	0.02025	0.00168	0.00514	0.00458	0.00487	0.00776
68	0.01092	0.03924	0.57533	0.04467	0.03813	0.01164	0.10146	0.04201	0.01120	0.04284	0.00999	0.03248	0.00748	0.00505	0.00490	0.00159	0.00709	0.00430	0.00247	0.00721
69	0.01176	0.01345	0.02941	0.02101	0.02605	0.01261	0.77563	0.01597	0.01176	0.01597	0.01008	0.01345	0.00756	0.00420	0.00588	0.00168	0.00840	0.00588	0.00252	0.00672
70	0.00619	0.00446	0.00588	0.00694	0.00735	0.00415	0.00475	0.00718	0.00986	0.01310	0.05475	0.72801	0.06512	0.01522	0.00635	0.00201	0.00293	0.04698	0.00466	0.00410
71	0.01197	0.01261	0.03133	0.28686	0.35792	0.11805	0.05790	0.01490	0.01127	0.01445	0.01009	0.01317	0.02779	0.00492	0.00497	0.00153	0.00665	0.00450	0.00245	0.00665
72	0.01895	0.01396	0.01496	0.01147	0.01546	0.01546	0.00947	0.77711	0.02344	0.03141	0.01197	0.01197	0.00848	0.00598	0.00499	0.00150	0.00548	0.00449	0.00499	0.00848
73	0.00703	0.00509	0.00663	0.00625	0.00743	0.00469	0.00468	0.00936	0.01405	0.01985	0.77548	0.03746	0.06274	0.01024	0.00588	0.00157	0.00236	0.00905	0.00547	0.00469
74	0.00607	0.00435	0.00577	0.00690	0.00722	0.00405	0.00461	0.00695	0.00959	0.01274	0.02802	0.80311	0.05108	0.01554	0.00635	0.00202	0.00288	0.01408	0.00463	0.00405
75	0.01827	0.04780	0.01511	0.01119	0.01506	0.01524	0.00927	0.71852	0.02240	0.02994	0.01229	0.03975	0.00923	0.00624	0.00496	0.00150	0.00539	0.00475	0.00485	0.00824
76	0.01333	0.82783	0.02612	0.00853	0.01279	0.01972	0.00853	0.01493	0.01013	0.01173	0.00693	0.00800	0.00640	0.00426	0.00320	0.00107	0.00533	0.00267	0.00213	0.00640
77	0.00771	0.00557	0.00744	0.00834	0.00944	0.00547	0.00706	0.00966	0.01105	0.01423	0.02809	0.05296	0.11463	0.09343	0.00859	0.00247	0.00438	0.60065	0.00444	0.00439
78	0.07389	0.03526	0.12917	0.04780	0.01825	0.06808	0.18357	0.11461	0.01204	0.03244	0.00903	0.01133	0.00708	0.00556	0.00714	0.00162	0.16971	0.00430	0.00284	0.06630
79	0.00851	0.00572	0.00731	0.00653	0.00815	0.00510	0.00489	0.01060	0.01308	0.07459	0.57286	0.04983	0.03763	0.07207	0.00709	0.00174	0.00284	0.00804	0.00505	0.09839
80	0.01366	0.73070	0.02464	0.00900	0.01301	0.08023	0.00865	0.01549	0.02673	0.01196	0.00726	0.00836	0.00659	0.00448	0.00362	0.00112	0.02310	0.00281	0.00223	0.00636
81	0.00705	0.00510	0.00666	0.00627	0.00745	0.00470	0.00470	0.00941	0.01411	0.01999	0.79110	0.03723	0.04703	0.01019	0.00588	0.00157	0.00235	0.00901	0.00549	0.00470
82	0.00700	0.00508	0.00660	0.00625	0.00742	0.00467	0.00468	0.00928	0.01392	0.01963	0.75226	0.05603	0.06766	0.01039	0.00589	0.00158	0.00237	0.00918	0.00544	0.00467
83	0.01260	0.01216	0.02000	0.02984	0.76184	0.03060	0.01506	0.02866	0.01163	0.01645	0.00938	0.01225	0.00787	0.00448	0.00493	0.00148	0.00599	0.00441	0.00251	0.00786

[dist]
# distance from previous block
# <min> <max>
0	1

[block]
# block no. 1 follows, 50 sequences, length 12
# corresponding to MSA columns:
# 191-202
name=unknown_B
#
# <colnr> <probs for GDERKNQSTAVLIFYWHMCP>
#	G	D	E	R	K	N	Q	S	T	A	V	L	I	F	Y	W	H	M	C	P
0	0.16276	0.01073	0.01081	0.00959	0.01253	0.01238	0.00755	0.07225	0.59888	0.02179	0.01740	0.01632	0.01305	0.00634	0.00471	0.00165	0.00403	0.00504	0.00471	0.00749
1	0.65695	0.01182	0.00836	0.00755	0.01042	0.15115	0.00602	0.01539	0.00961	0.02032	0.00767	0.00892	0.00605	0.00479	0.00336	0.00147	0.00467	0.00291	0.05715	0.00542
2	0.00789	0.00569	0.00783	0.00890	0.01009	0.00564	0.00775	0.01012	0.01147	0.01482	0.02800	0.05568	0.07946	0.01369	0.00682	0.00225	0.00445	0.71030	0.00459	0.00456
3	0.00607	0.00434	0.00578	0.00694	0.00723	0.00405	0.00463	0.00694	0.00954	0.01272	0.02747	0.82157	0.03297	0.01562	0.00636	0.00202	0.00289	0.01417	0.00463	0.00405
4	0.01019	0.00804	0.00959	0.00738	0.01105	0.00622	0.00575	0.01215	0.01039	0.05485	0.01269	0.15417	0.01216	0.00593	0.00423	0.00101	0.00358	0.00504	0.00341	0.66218
5	0.01639	0.01212	0.01318	0.01061	0.01389	0.01331	0.00855	0.60854	0.05378	0.02765	0.01507	0.15547	0.01310	0.00772	0.00523	0.00160	0.00496	0.00625	0.00493	0.00767
6	0.16066	0.00770	0.00815	0.00723	0.00974	0.00768	0.00563	0.03184	0.14171	0.09868	0.10373	0.09250	0.20458	0.00852	0.00496	0.00156	0.00337	0.00701	0.00452	0.09022
7	0.45540	0.06956	0.11410	0.00861	0.01250	0.03494	0.00804	0.05099	0.03168	0.15788	0.01006	0.01046	0.00725	0.00502	0.00383	0.00151	0.00472	0.00341	0.00356	0.00649
8	0.00694	0.00543	0.00611	0.00599	0.00750	0.00499	0.00454	0.00949	0.06364	0.01634	0.28613	0.06281	0.41235	0.01128	0.00578	0.00166	0.00265	0.04057	0.04115	0.00464
9	0.00656	0.00493	0.00608	0.00610	0.00722	0.00444	0.00446	0.00834	0.01248	0.01687	0.44927	0.20131	0.22985	0.01191	0.00598	0.00169	0.00251	0.01045	0.00510	0.00444
10	0.01305	0.04941	0.06629	0.12866	0.40124	0.15246	0.07126	0.03122	0.01183	0.01515	0.00899	0.01165	0.00730	0.00466	0.00485	0.00147	0.00680	0.00421	0.00247	0.00703
11	0.00906	0.00658	0.00748	0.00689	0.00858	0.00670	0.00527	0.06698	0.14506	0.01981	0.36797	0.04748	0.11539	0.00892	0.00527	0.00153	0.00287	0.00763	0.15510	0.00543

[dist]
# distance from previous block
# <min> <max>
0	21

[block]
# block no. 2 follows, 50 sequences, length 9
# corresponding to MSA columns:
# 224-232
name=unknown_C
#
# <colnr> <probs for GDERKNQSTAVLIFYWHMCP>
#	G	D	E	R	K	N	Q	S	T	A	V	L	I	F	Y	W	H	M	C	P
0	0.00627	0.00458	0.00607	0.00686	0.00741	0.00438	0.00476	0.00741	0.00992	0.01331	0.09755	0.59682	0.08897	0.01746	0.10048	0.00266	0.00405	0.01238	0.00448	0.00417
1	0.00918	0.00611	0.00688	0.03915	0.00848	0.02857	0.00516	0.02770	0.01088	0.01720	0.10777	0.13474	0.01865	0.00794	0.00542	0.00145	0.07344	0.00645	0.48004	0.00479
2	0.01264	0.09282	0.10544	0.04201	0.16731	0.01348	0.32553	0.11202	0.01264	0.01729	0.00957	0.01210	0.00743	0.00476	0.00565	0.00157	0.04312	0.00478	0.00272	0.00711
3	0.01475	0.01349	0.01338	0.07048	0.09519	0.18131	0.00934	0.27833	0.03894	0.02032	0.05539	0.01582	0.04904	0.03297	0.00602	0.00160	0.03936	0.00488	0.05271	0.00667
4	0.00756	0.00561	0.00672	0.00711	0.00810	0.00542	0.00504	0.09781	0.01153	0.01507	0.03006	0.57772	0.17560	0.01391	0.00611	0.00190	0.00313	0.01233	0.00467	0.00460
5	0.01222	0.05614	0.01833	0.27350	0.35934	0.04461	0.04670	0.07471	0.03716	0.01607	0.00960	0.01249	0.00763	0.00482	0.00489	0.00152	0.00625	0.00440	0.00266	0.00698
6	0.01173	0.06416	0.34867	0.01698	0.15436	0.10539	0.12036	0.01607	0.03972	0.01527	0.01035	0.05551	0.00856	0.00530	0.00492	0.00154	0.00697	0.00465	0.00253	0.00697
7	0.00722	0.00495	0.00604	0.00604	0.00624	0.00516	0.00377	0.00763	0.00743	0.01011	0.01516	0.02958	0.01680	0.64151	0.20688	0.00557	0.00682	0.00680	0.00294	0.00335
8	0.01121	0.00974	0.01315	0.00970	0.01385	0.00829	0.11194	0.10166	0.01200	0.01771	0.01079	0.07204	0.00946	0.00493	0.00434	0.00105	0.00449	0.00438	0.00326	0.57600

[dist]
# distance from previous block
# <min> <max>
2	28

[block]
# block no. 3 follows, 50 sequences, length 26
# corresponding to MSA columns:
# 262-287
name=unknown_D
#
# <colnr> <probs for GDERKNQSTAVLIFYWHMCP>
#	G	D	E	R	K	N	Q	S	T	A	V	L	I	F	Y	W	H	M	C	P
0	0.05971	0.00871	0.01149	0.00885	0.01268	0.00776	0.00731	0.04837	0.01431	0.73761	0.01884	0.01641	0.01190	0.00609	0.00493	0.00154	0.00426	0.00489	0.00599	0.00834
1	0.00615	0.00442	0.00584	0.00684	0.00723	0.00411	0.00461	0.00714	0.00996	0.01333	0.08959	0.73931	0.05278	0.01510	0.00631	0.00198	0.00284	0.01366	0.00470	0.00411
2	0.00705	0.00510	0.00666	0.00627	0.00745	0.00470	0.00470	0.00941	0.01411	0.01999	0.79110	0.03723	0.04703	0.01019	0.00588	0.00157	0.00235	0.00901	0.00549	0.00470
3	0.00705	0.00510	0.00666	0.00627	0.00745	0.00470	0.00470	0.00941	0.01411	0.01999	0.79110	0.03723	0.04703	0.01019	0.00588	0.00157	0.00235	0.00901	0.00549	0.00470
4	0.01333	0.82783	0.02612	0.00853	0.01279	0.01972	0.00853	0.01493	0.01013	0.01173	0.00693	0.00800	0.00640	0.00426	0.00320	0.00107	0.00533	0.00267	0.00213	0.00640
5	0.01034	0.00886	0.01034	0.00738	0.01181	0.00664	0.00591	0.01255	0.01034	0.01624	0.00886	0.01034	0.00738	0.00369	0.00369	0.00074	0.00369	0.00295	0.00295	0.85530
6	0.00705	0.00510	0.00666	0.00627	0.00745	0.00470	0.00470	0.00941	0.01411	0.01999	0.79110	0.03723	0.04703	0.01019	0.00588	0.00157	0.00235	0.00901	0.00549	0.00470
7	0.00789	0.00563	0.00787	0.00901	0.01010	0.00561	0.00778	0.01008	0.01133	0.01475	0.02647	0.11271	0.02900	0.01391	0.00685	0.00227	0.00446	0.70513	0.00459	0.00455
8	0.00730	0.00553	0.00741	0.00774	0.05824	0.00512	0.00531	0.00960	0.01371	0.01922	0.68006	0.03650	0.10531	0.01002	0.00582	0.00157	0.00260	0.00884	0.00522	0.00487
9	0.01930	0.01340	0.01461	0.01120	0.01518	0.01463	0.00925	0.70025	0.02250	0.10960	0.01275	0.01248	0.00887	0.00600	0.00499	0.00150	0.00536	0.00454	0.00511	0.00848
10	0.01282	0.01092	0.01151	0.01023	0.01312	0.01260	0.00799	0.07504	0.73549	0.02153	0.01975	0.01817	0.01478	0.00671	0.00507	0.00168	0.00404	0.00556	0.00507	0.00793
11	0.01895	0.01396	0.01496	0.01147	0.01546	0.01546	0.00947	0.77711	0.02344	0.03141	0.01197	0.01197	0.00848	0.00598	0.00499	0.00150	0.00548	0.00449	0.00499	0.00848
12	0.86003	0.00964	0.00733	0.00655	0.00964	0.01118	0.00540	0.01465	0.00848	0.02236	0.00694	0.00810	0.00540	0.00463	0.00308	0.00154	0.00386	0.00270	0.00308	0.00540
13	0.01283	0.66049	0.02390	0.00946	0.01285	0.01881	0.00902	0.01433	0.00962	0.01178	0.00685	0.00859	0.00643	0.00518	0.00589	0.00129	0.17133	0.00301	0.00214	0.00620
14	0.00898	0.00899	0.10652	0.00822	0.01059	0.00728	0.00722	0.03281	0.15691	0.03835	0.37698	0.08629	0.08894	0.00934	0.00561	0.00165	0.00352	0.03122	0.00484	0.00573
15	0.00607	0.00434	0.00578	0.00694	0.00723	0.00405	0.00463	0.00694	0.00954	0.01272	0.02747	0.82157	0.03297	0.01562	0.00636	0.00202	0.00289	0.01417	0.00463	0.00405
16	0.02133	0.01014	0.01259	0.00965	0.01355	0.00978	0.00797	0.25152	0.01703	0.56605	0.01734	0.01546	0.01117	0.00611	0.00500	0.00153	0.00462	0.00485	0.00581	0.00848
17	0.69204	0.06903	0.05332	0.00739	0.01086	0.01184	0.00657	0.04384	0.00947	0.04782	0.00767	0.00867	0.00587	0.00471	0.00332	0.00151	0.00423	0.00290	0.00314	0.00580
18	0.01267	0.00989	0.01134	0.00829	0.01260	0.00848	0.00670	0.16969	0.01321	0.05639	0.01001	0.01098	0.00784	0.00428	0.00402	0.00093	0.00408	0.00337	0.00352	0.64169
19	0.05866	0.01300	0.01401	0.01089	0.01471	0.01425	0.00895	0.64039	0.04412	0.09342	0.01294	0.02958	0.00937	0.00616	0.00493	0.00152	0.00520	0.00469	0.00499	0.00822
20	0.00807	0.00679	0.00721	0.00680	0.00875	0.00679	0.00519	0.01343	0.24887	0.01674	0.15550	0.03731	0.43878	0.01045	0.00564	0.00167	0.00293	0.00879	0.00490	0.00541
21	0.00616	0.00447	0.00583	0.00686	0.00731	0.00414	0.00469	0.00715	0.00987	0.01304	0.04802	0.71103	0.09438	0.01517	0.00633	0.00200	0.00291	0.04190	0.00465	0.00410
22	0.01641	0.23676	0.04256	0.00983	0.01379	0.01406	0.00867	0.26052	0.11742	0.17250	0.01380	0.01338	0.02581	0.00569	0.00449	0.00140	0.00495	0.00430	0.00429	0.02937
23	0.20851	0.00916	0.02135	0.03417	0.01148	0.02914	0.00669	0.08807	0.11669	0.14046	0.14097	0.02079	0.09658	0.00788	0.02493	0.00173	0.00418	0.00563	0.02532	0.00627
24	0.00698	0.00484	0.00606	0.00630	0.00655	0.00497	0.00404	0.00754	0.00788	0.01070	0.01763	0.19230	0.01997	0.49001	0.18798	0.00493	0.00625	0.00827	0.00328	0.00354
25	0.00912	0.00833	0.01393	0.63641	0.04491	0.00999	0.03479	0.01212	0.01005	0.01314	0.01168	0.10811	0.01042	0.00640	0.00516	0.00170	0.00606	0.02153	0.03076	0.00540

[dist]
# distance from previous block
# <min> <max>
0	14

[block]
# block no. 4 follows, 50 sequences, length 24
# corresponding to MSA columns:
# 302-325
name=unknown_E
#
# <colnr> <probs for GDERKNQSTAVLIFYWHMCP>
#	G	D	E	R	K	N	Q	S	T	A	V	L	I	F	Y	W	H	M	C	P
0	0.03470	0.20150	0.44978	0.01562	0.15667	0.03019	0.01511	0.01556	0.01060	0.01507	0.00849	0.01018	0.00659	0.00458	0.00438	0.00144	0.00659	0.00355	0.00221	0.00716
1	0.01151	0.10720	0.52195	0.07339	0.06485	0.02551	0.03980	0.01611	0.01085	0.07005	0.00952	0.01108	0.00690	0.00478	0.00465	0.00152	0.00686	0.00383	0.00244	0.00719
2	0.00607	0.00434	0.00578	0.00694	0.00723	0.00405	0.00463	0.00694	0.00954	0.01272	0.02747	0.82157	0.03297	0.01562	0.00636	0.00202	0.00289	0.01417	0.00463	0.00405
3	0.00645	0.00450	0.00567	0.00646	0.00665	0.00430	0.00411	0.00704	0.00880	0.01174	0.02368	0.56763	0.02819	0.27608	0.01248	0.00293	0.00352	0.01194	0.00411	0.00372
4	0.01205	0.00908	0.01070	0.00775	0.01209	0.00716	0.00624	0.05223	0.01141	0.10020	0.01017	0.01112	0.00797	0.00407	0.00390	0.00086	0.00384	0.00325	0.00340	0.72252
5	0.00768	0.00574	0.00798	0.00950	0.05381	0.00559	0.00731	0.00965	0.01117	0.01459	0.05050	0.19681	0.10022	0.01338	0.00655	0.00212	0.00409	0.48417	0.00451	0.00464
6	0.02155	0.00866	0.01154	0.00897	0.01274	0.00774	0.00737	0.02447	0.07696	0.73401	0.01972	0.01710	0.01257	0.00622	0.00502	0.00155	0.00422	0.00506	0.00608	0.00843
7	0.01315	0.66957	0.09453	0.00931	0.01369	0.04609	0.00942	0.01599	0.06477	0.01275	0.00808	0.00900	0.00701	0.00451	0.00351	0.00116	0.00555	0.00299	0.00235	0.00657
8	0.00597	0.00499	0.00521	0.00529	0.00682	0.00422	0.00391	0.00726	0.01136	0.01377	0.09050	0.11635	0.68176	0.01275	0.00593	0.00171	0.00255	0.01076	0.00468	0.00422
9	0.00714	0.00513	0.00646	0.00614	0.00743	0.00465	0.00460	0.00925	0.01350	0.03460	0.62589	0.06498	0.17024	0.01070	0.00588	0.00160	0.00244	0.00936	0.00533	0.00468
10	0.01240	0.01071	0.01127	0.01014	0.01296	0.01240	0.00789	0.02649	0.78473	0.02085	0.02029	0.01860	0.01522	0.00676	0.00507	0.00169	0.00394	0.00564	0.00507	0.00789
11	0.01034	0.00886	0.01034	0.00738	0.01181	0.00664	0.00591	0.01255	0.01034	0.01624	0.00886	0.01034	0.00738	0.00369	0.00369	0.00074	0.00369	0.00295	0.00295	0.85530
12	0.01862	0.02376	0.01413	0.01284	0.01541	0.80482	0.00963	0.01990	0.01413	0.01220	0.00770	0.00899	0.00642	0.00514	0.00449	0.00128	0.00899	0.00321	0.00257	0.00578
13	0.00645	0.00471	0.00609	0.00672	0.00745	0.00436	0.00480	0.00785	0.01108	0.01487	0.23123	0.47734	0.11837	0.01373	0.00622	0.00189	0.00283	0.06488	0.00485	0.00428
14	0.01156	0.01087	0.01791	0.05522	0.62287	0.01068	0.01344	0.01431	0.01106	0.01590	0.01057	0.06905	0.00955	0.00516	0.00490	0.00144	0.00549	0.00496	0.00266	0.10238
15	0.01000	0.02578	0.79900	0.01421	0.02157	0.01158	0.01842	0.01579	0.01052	0.01579	0.00895	0.01052	0.00631	0.00474	0.00474	0.00158	0.00737	0.00368	0.00210	0.00737
16	0.02201	0.00856	0.01156	0.00891	0.01273	0.00750	0.00735	0.02437	0.04132	0.76993	0.01969	0.01702	0.01244	0.00619	0.00501	0.00155	0.00423	0.00503	0.00613	0.00846
17	0.01895	0.01396	0.01496	0.01147	0.01546	0.01546	0.00947	0.77711	0.02344	0.03141	0.01197	0.01197	0.00848	0.00598	0.00499	0.00150	0.00548	0.00449	0.00499	0.00848
18	0.01724	0.00805	0.01146	0.04141	0.08875	0.00735	0.00797	0.01942	0.01358	0.50164	0.14773	0.02274	0.01873	0.00720	0.00529	0.00160	0.00421	0.06283	0.00542	0.00739
19	0.00613	0.00442	0.00582	0.00691	0.00730	0.00411	0.00469	0.00706	0.00971	0.01283	0.02871	0.75448	0.07467	0.01539	0.00635	0.00201	0.00293	0.03779	0.00463	0.00407
20	0.00721	0.00467	0.00615	0.00697	0.00759	0.00429	0.00477	0.00817	0.00998	0.06793	0.02819	0.72234	0.07335	0.01479	0.00624	0.00197	0.00297	0.01332	0.00474	0.00437
21	0.67634	0.16712	0.01111	0.00709	0.01039	0.03271	0.00611	0.01484	0.00894	0.02007	0.00696	0.00810	0.00562	0.00457	0.00314	0.00144	0.00427	0.00271	0.00289	0.00560
22	0.67301	0.09629	0.00979	0.00717	0.01033	0.05906	0.00600	0.01525	0.00923	0.04660	0.00763	0.00868	0.00597	0.00470	0.00325	0.00147	0.00429	0.00285	0.02282	0.00561
23	0.00927	0.05153	0.00971	0.02144	0.06455	0.00662	0.02423	0.01137	0.01249	0.08643	0.35614	0.05679	0.11036	0.05087	0.00670	0.00182	0.00359	0.10616	0.00468	0.00525

[dist]
# distance from previous block
# <min> <max>
0	1

[block]
# block no. 5 follows, 50 sequences, length 119
# corresponding to MSA columns:
# 327-445
name=unknown_F
#
# <colnr> <probs for GDERKNQSTAVLIFYWHMCP>
#	G	D	E	R	K	N	Q	S	T	A	V	L	I	F	Y	W	H	M	C	P
0	0.01249	0.02998	0.04865	0.06097	0.05852	0.01089	0.16438	0.16879	0.01325	0.01883	0.00967	0.01155	0.00754	0.00456	0.00489	0.00126	0.02580	0.00408	0.00314	0.34077
1	0.00631	0.00463	0.00594	0.00665	0.00733	0.00426	0.00467	0.00758	0.01074	0.01430	0.17688	0.53833	0.13609	0.01411	0.00623	0.00190	0.00281	0.04225	0.00479	0.00422
2	0.05134	0.03652	0.29288	0.07228	0.15703	0.06320	0.10919	0.01562	0.04595	0.01566	0.02019	0.03901	0.00858	0.00537	0.00545	0.00160	0.04616	0.00458	0.00257	0.00682
3	0.01290	0.01096	0.01155	0.01024	0.01315	0.01263	0.00801	0.08370	0.72671	0.02166	0.01965	0.01809	0.01470	0.00670	0.00507	0.00168	0.00406	0.00555	0.00507	0.00793
4	0.00660	0.00500	0.00608	0.00597	0.00720	0.00448	0.00441	0.00846	0.01279	0.01723	0.48437	0.12196	0.27428	0.01150	0.00593	0.00165	0.00246	0.01001	0.00513	0.00448
5	0.03857	0.08040	0.05078	0.00992	0.01376	0.01160	0.00856	0.29903	0.03381	0.32533	0.01519	0.05051	0.01097	0.00688	0.02023	0.00164	0.00504	0.00494	0.00496	0.00789
6	0.01282	0.70524	0.14425	0.00940	0.01414	0.01848	0.01004	0.01506	0.01019	0.01235	0.00724	0.00838	0.00638	0.00434	0.00343	0.00114	0.00564	0.00282	0.00213	0.00654
7	0.00799	0.00571	0.00798	0.00913	0.01026	0.00570	0.00795	0.01025	0.01143	0.01487	0.02642	0.07362	0.02878	0.01381	0.00687	0.00229	0.00455	0.74322	0.00459	0.00458
8	0.00942	0.00840	0.01363	0.66446	0.02949	0.01043	0.01234	0.01249	0.00987	0.01336	0.00970	0.01392	0.00747	0.00591	0.02150	0.00176	0.04495	0.00447	0.10103	0.00541
9	0.01581	0.05460	0.08586	0.01196	0.05152	0.04439	0.00994	0.44132	0.07303	0.03922	0.01200	0.01327	0.00916	0.03819	0.03946	0.00190	0.03022	0.00450	0.01606	0.00758
10	0.02167	0.00833	0.01134	0.00875	0.01248	0.00721	0.00721	0.02361	0.01426	0.76186	0.05473	0.01789	0.01392	0.00635	0.00505	0.00154	0.00416	0.00519	0.00614	0.00831
11	0.02200	0.00840	0.01145	0.00881	0.01260	0.00726	0.00726	0.02394	0.01426	0.77866	0.03805	0.01745	0.01317	0.00627	0.00503	0.00154	0.00420	0.00511	0.00615	0.00839
12	0.01294	0.01339	0.13479	0.05935	0.53811	0.01130	0.01462	0.01656	0.03467	0.10023	0.01072	0.01279	0.00830	0.00476	0.00492	0.00152	0.00593	0.00443	0.00288	0.00778
13	0.01436	0.01068	0.08378	0.00966	0.01266	0.00958	0.00822	0.29458	0.01567	0.17313	0.01852	0.29131	0.01746	0.00922	0.00544	0.00169	0.00452	0.00785	0.00483	0.00685
14	0.00594	0.00484	0.00526	0.00560	0.00688	0.00416	0.00403	0.00709	0.01083	0.01325	0.04376	0.27426	0.56977	0.01350	0.00603	0.00178	0.00263	0.01159	0.00463	0.00416
15	0.01029	0.01002	0.01434	0.01239	0.01265	0.01370	0.02556	0.01156	0.00778	0.01200	0.00776	0.01241	0.00756	0.01344	0.14846	0.00315	0.66480	0.00456	0.00227	0.00531
16	0.01409	0.27832	0.08153	0.05183	0.16153	0.10843	0.09880	0.07967	0.01236	0.05576	0.00916	0.01077	0.00730	0.00470	0.00442	0.00137	0.00640	0.00386	0.00274	0.00696
17	0.00712	0.00519	0.00685	0.00789	0.02093	0.00500	0.00598	0.00857	0.01035	0.01346	0.02806	0.30770	0.11592	0.10314	0.00859	0.00240	0.00383	0.33036	0.00440	0.00425
18	0.86003	0.00964	0.00733	0.00655	0.00964	0.01118	0.00540	0.01465	0.00848	0.02236	0.00694	0.00810	0.00540	0.00463	0.00308	0.00154	0.00386	0.00270	0.00308	0.00540
19	0.01143	0.00921	0.01071	0.00773	0.01211	0.00730	0.00622	0.06719	0.01142	0.04857	0.00951	0.01072	0.00766	0.00395	0.00384	0.00082	0.00384	0.00314	0.00323	0.76141
20	0.00992	0.00941	0.01603	0.67403	0.15686	0.01122	0.02607	0.01320	0.01022	0.01336	0.00896	0.01314	0.00686	0.00488	0.00499	0.00163	0.00656	0.00445	0.00226	0.00594
21	0.01339	0.01489	0.01159	0.01067	0.01233	0.38514	0.00812	0.02981	0.03703	0.01260	0.01046	0.01451	0.00947	0.07670	0.23198	0.00354	0.08841	0.00436	0.01974	0.00526
22	0.00705	0.00510	0.00666	0.00627	0.00745	0.00470	0.00470	0.00941	0.01411	0.01999	0.79110	0.03723	0.04703	0.01019	0.00588	0.00157	0.00235	0.00901	0.00549	0.00470
23	0.00607	0.00435	0.00577	0.00691	0.00722	0.00405	0.00461	0.00694	0.00957	0.01274	0.02786	0.80853	0.04576	0.01557	0.00635	0.00202	0.00289	0.01411	0.00463	0.00405
24	0.00695	0.00509	0.00652	0.00616	0.00738	0.00466	0.00462	0.00921	0.01387	0.01941	0.72588	0.03818	0.11262	0.01040	0.00588	0.00158	0.00237	0.00915	0.00541	0.00466
25	0.01234	0.01184	0.02023	0.03059	0.79373	0.01184	0.01530	0.01530	0.01135	0.01628	0.00938	0.01234	0.00790	0.00444	0.00493	0.00148	0.00592	0.00444	0.00247	0.00790
26	0.86003	0.00964	0.00733	0.00655	0.00964	0.01118	0.00540	0.01465	0.00848	0.02236	0.00694	0.00810	0.00540	0.00463	0.00308	0.00154	0.00386	0.00270	0.00308	0.00540
27	0.86003	0.00964	0.00733	0.00655	0.00964	0.01118	0.00540	0.01465	0.00848	0.02236	0.00694	0.00810	0.00540	0.00463	0.00308	0.00154	0.00386	0.00270	0.00308	0.00540
28	0.01283	0.66124	0.02391	0.00946	0.01285	0.01881	0.00901	0.01433	0.00962	0.01178	0.00685	0.00859	0.00643	0.00517	0.00588	0.00129	0.17058	0.00301	0.00214	0.00620
29	0.00633	0.00451	0.00604	0.00717	0.00756	0.00427	0.00500	0.00735	0.00972	0.01292	0.02710	0.71420	0.03215	0.03251	0.00683	0.00212	0.00313	0.10242	0.00459	0.00409
30	0.01118	0.00951	0.01161	0.00987	0.07955	0.00801	0.00712	0.07960	0.01149	0.01739	0.00956	0.02962	0.00810	0.00436	0.00428	0.00093	0.02348	0.00351	0.00311	0.66774
31	0.16883	0.34160	0.06706	0.00928	0.01321	0.12309	0.00855	0.04044	0.01158	0.16051	0.00968	0.01010	0.00738	0.00489	0.00384	0.00132	0.00550	0.00330	0.00320	0.00664
32	0.01848	0.01371	0.01470	0.01133	0.01527	0.01514	0.00933	0.72771	0.05775	0.03063	0.01228	0.01224	0.00876	0.00597	0.00496	0.00149	0.00538	0.00451	0.00495	0.02540
33	0.01368	0.04898	0.01215	0.01008	0.02793	0.04699	0.00786	0.32107	0.04012	0.05311	0.04292	0.21195	0.01681	0.00877	0.00579	0.00165	0.04148	0.04022	0.02469	0.02375
34	0.01307	0.70678	0.09413	0.00917	0.01362	0.03084	0.00940	0.01560	0.04541	0.01251	0.00773	0.00872	0.00679	0.00443	0.00344	0.00114	0.00551	0.00290	0.00227	0.00654
35	0.01972	0.00856	0.01112	0.00880	0.01225	0.00779	0.00715	0.10647	0.01473	0.60289	0.02096	0.09098	0.05057	0.00731	0.00517	0.00159	0.00418	0.00605	0.00582	0.00788
36	0.00699	0.00535	0.00644	0.00612	0.00752	0.00494	0.00460	0.00961	0.05060	0.01823	0.54949	0.03929	0.25098	0.01070	0.00584	0.00161	0.00248	0.00927	0.00523	0.00472
37	0.01333	0.82783	0.02612	0.00853	0.01279	0.01972	0.00853	0.01493	0.01013	0.01173	0.00693	0.00800	0.00640	0.00426	0.00320	0.00107	0.00533	0.00267	0.00213	0.00640
38	0.00648	0.00504	0.00588	0.00574	0.00711	0.00445	0.00428	0.00827	0.01266	0.01669	0.41860	0.07424	0.38963	0.01153	0.00590	0.00164	0.00245	0.00992	0.00506	0.00445
39	0.00696	0.00475	0.00567	0.00595	0.00607	0.00473	0.00359	0.00727	0.00784	0.01051	0.01836	0.21933	0.02131	0.58527	0.06763	0.00436	0.00488	0.00878	0.00338	0.00335
40	0.00721	0.00498	0.00619	0.00619	0.00645	0.00524	0.00396	0.00773	0.00747	0.01022	0.01502	0.02881	0.01647	0.59499	0.25295	0.00576	0.00732	0.00669	0.00292	0.00344
41	0.01374	0.76482	0.02518	0.00887	0.01300	0.08125	0.00862	0.01532	0.01044	0.01176	0.00699	0.00807	0.00640	0.00433	0.00330	0.00108	0.00562	0.00271	0.00217	0.00635
42	0.86003	0.00964	0.00733	0.00655	0.00964	0.01118	0.00540	0.01465	0.00848	0.02236	0.00694	0.00810	0.00540	0.00463	0.00308	0.00154	0.00386	0.00270	0.00308	0.00540
43	0.01221	0.06037	0.27154	0.01907	0.29169	0.05687	0.04176	0.08586	0.01241	0.01719	0.05897	0.01289	0.00972	0.00516	0.00509	0.00151	0.02329	0.00438	0.00276	0.00728
44	0.01198	0.21325	0.35652	0.06420	0.01858	0.09521	0.03178	0.03466	0.02583	0.01451	0.02056	0.01065	0.00727	0.00514	0.00533	0.00148	0.07033	0.00369	0.00236	0.00668
45	0.00752	0.00475	0.00553	0.00562	0.00591	0.00473	0.00348	0.00784	0.00800	0.01129	0.01736	0.08521	0.05008	0.51127	0.05130	0.08136	0.00454	0.00717	0.12366	0.00335
46	0.00907	0.00817	0.01141	0.01028	0.01082	0.01064	0.00834	0.01070	0.02028	0.01257	0.04978	0.01761	0.05386	0.01930	0.30050	0.00421	0.41398	0.00530	0.01819	0.00501
47	0.01004	0.04414	0.74522	0.01401	0.02110	0.01162	0.03315	0.01561	0.01063	0.01580	0.02846	0.01119	0.00736	0.00485	0.00475	0.00157	0.00721	0.00384	0.00220	0.00726
48	0.00626	0.00446	0.00583	0.00677	0.00709	0.00425	0.00449	0.00707	0.00925	0.01233	0.02600	0.67171	0.04921	0.11163	0.04628	0.00263	0.00360	0.01285	0.00435	0.00395
49	0.01010	0.00938	0.01401	0.52745	0.02629	0.03109	0.01196	0.02808	0.00992	0.01345	0.00901	0.01304	0.00719	0.00637	0.02383	0.00181	0.15476	0.00435	0.05382	0.04411
50	0.34362	0.01182	0.01172	0.00935	0.01297	0.01310	0.00771	0.41726	0.01687	0.09485	0.01070	0.01091	0.00763	0.00548	0.00426	0.00152	0.00475	0.00384	0.00436	0.00729
51	0.01449	0.01073	0.01239	0.02525	0.01348	0.01101	0.00795	0.35212	0.01622	0.07355	0.03001	0.09071	0.01148	0.00656	0.00559	0.00139	0.06275	0.00512	0.00422	0.24501
52	0.00939	0.00882	0.01468	0.74081	0.03225	0.01108	0.01339	0.01254	0.00977	0.01265	0.00893	0.01343	0.00688	0.00649	0.03824	0.00195	0.04651	0.00446	0.00223	0.00549
53	0.00615	0.00506	0.00541	0.00533	0.00689	0.00432	0.00399	0.00766	0.01198	0.01494	0.21818	0.04554	0.62311	0.01207	0.00589	0.00166	0.00249	0.01018	0.00482	0.00432
54	0.01309	0.06214	0.09028	0.05486	0.35986	0.10214	0.05227	0.03505	0.02393	0.06270	0.01152	0.01625	0.00983	0.00563	0.00501	0.00155	0.00626	0.07758	0.00295	0.00708
55	0.01286	0.01094	0.01153	0.01024	0.01314	0.01261	0.00800	0.07967	0.73079	0.02160	0.01970	0.01813	0.01474	0.00671	0.00507	0.00168	0.00405	0.00555	0.00507	0.00793
56	0.00969	0.00911	0.01501	0.60342	0.02916	0.01076	0.05751	0.01277	0.01005	0.01348	0.02411	0.01343	0.00767	0.00518	0.00565	0.00159	0.05942	0.00446	0.01953	0.08801
57	0.01863	0.02331	0.01416	0.01278	0.01541	0.76894	0.00962	0.05432	0.01455	0.01307	0.00790	0.00912	0.00651	0.00517	0.00452	0.00129	0.00883	0.00327	0.00268	0.00590
58	0.01288	0.01095	0.01154	0.01024	0.01315	0.01262	0.00801	0.08199	0.72844	0.02163	0.01967	0.01811	0.01472	0.00670	0.00507	0.00168	0.00406	0.00555	0.00507	0.00793
59	0.01091	0.01091	0.01527	0.01309	0.01309	0.01527	0.01091	0.01200	0.00763	0.01200	0.00654	0.01091	0.00654	0.00872	0.01636	0.00218	0.81570	0.00436	0.00218	0.00545
60	0.86003	0.00964	0.00733	0.00655	0.00964	0.01118	0.00540	0.01465	0.00848	0.02236	0.00694	0.00810	0.00540	0.00463	0.00308	0.00154	0.00386	0.00270	0.00308	0.00540
61	0.01240	0.01071	0.01127	0.01014	0.01296	0.01240	0.00789	0.02649	0.78473	0.02085	0.02029	0.01860	0.01522	0.00676	0.00507	0.00169	0.00394	0.00564	0.00507	0.00789
62	0.86003	0.00964	0.00733	0.00655	0.00964	0.01118	0.00540	0.01465	0.00848	0.02236	0.00694	0.00810	0.00540	0.00463	0.00308	0.00154	0.00386	0.00270	0.00308	0.00540
63	0.00929	0.00465	0.00465	0.00465	0.00581	0.00465	0.00348	0.01161	0.01045	0.01858	0.01626	0.01858	0.01278	0.00581	0.00348	0.00116	0.00232	0.00465	0.85250	0.00465
64	0.01342	0.01121	0.01185	0.01035	0.01335	0.01287	0.00814	0.14353	0.66602	0.02250	0.01899	0.01756	0.01416	0.00664	0.00506	0.00166	0.00418	0.00546	0.00506	0.00798
65	0.00615	0.00439	0.00587	0.00703	0.00735	0.00411	0.00476	0.00707	0.00962	0.01281	0.02743	0.79203	0.03280	0.01554	0.00638	0.00203	0.00296	0.04297	0.00463	0.00407
66	0.02236	0.00848	0.01157	0.00887	0.01272	0.00733	0.00733	0.02429	0.01427	0.79719	0.01966	0.01697	0.01234	0.00617	0.00501	0.00154	0.00424	0.00501	0.00617	0.00848
67	0.01910	0.01371	0.01480	0.01135	0.01533	0.01509	0.00938	0.74290	0.02302	0.06622	0.01232	0.01219	0.00865	0.00599	0.00499	0.00150	0.00543	0.00451	0.00504	0.00848
68	0.01251	0.00760	0.00821	0.00709	0.00919	0.00807	0.00561	0.22301	0.03563	0.05847	0.01516	0.01675	0.01162	0.00795	0.05598	0.00173	0.00404	0.00469	0.50071	0.00596
69	0.00600	0.00505	0.00521	0.00517	0.00680	0.00426	0.00388	0.00737	0.01163	0.01410	0.12235	0.04693	0.71946	0.01239	0.00589	0.00167	0.00251	0.01037	0.00471	0.00426
70	0.02226	0.00865	0.01167	0.00895	0.01281	0.00757	0.00739	0.04686	0.01454	0.77423	0.01943	0.01682	0.01222	0.00616	0.00501	0.00154	0.00428	0.00500	0.00613	0.00848
71	0.02222	0.00871	0.01171	0.00898	0.01284	0.00766	0.00741	0.05528	0.01464	0.76567	0.01935	0.01676	0.01218	0.00616	0.00501	0.00154	0.00429	0.00499	0.00612	0.00848
72	0.01000	0.02578	0.79900	0.01421	0.02157	0.01158	0.01842	0.01579	0.01052	0.01579	0.00895	0.01052	0.00631	0.00474	0.00474	0.00158	0.00737	0.00368	0.00210	0.00737
73	0.00609	0.00435	0.00580	0.00693	0.00723	0.00406	0.00463	0.00699	0.00964	0.01288	0.04345	0.80516	0.03326	0.01550	0.00635	0.00201	0.00288	0.01406	0.00464	0.00406
74	0.02236	0.00848	0.01157	0.00887	0.01272	0.00733	0.00733	0.02429	0.01427	0.79719	0.01966	0.01697	0.01234	0.00617	0.00501	0.00154	0.00424	0.00501	0.00617	0.00848
75	0.01234	0.01184	0.02023	0.03059	0.79373	0.01184	0.01530	0.01530	0.01135	0.01628	0.00938	0.01234	0.00790	0.00444	0.00493	0.00148	0.00592	0.00444	0.00247	0.00790
76	0.86003	0.00964	0.00733	0.00655	0.00964	0.01118	0.00540	0.01465	0.00848	0.02236	0.00694	0.00810	0.00540	0.00463	0.00308	0.00154	0.00386	0.00270	0.00308	0.00540
77	0.01623	0.01131	0.01327	0.01057	0.01384	0.01215	0.04299	0.47115	0.05332	0.10608	0.01476	0.08598	0.01191	0.02429	0.05210	0.00199	0.00550	0.00563	0.03943	0.00748
78	0.01468	0.04918	0.01583	0.02767	0.01580	0.02489	0.10816	0.32899	0.09552	0.03731	0.01189	0.03079	0.00922	0.00565	0.00535	0.00142	0.04360	0.00462	0.00396	0.16546
79	0.00784	0.00562	0.00777	0.00871	0.00985	0.00555	0.00748	0.01010	0.01177	0.01549	0.12321	0.06834	0.04229	0.01334	0.00673	0.00219	0.00424	0.64017	0.00470	0.00459
80	0.00629	0.00458	0.00623	0.04492	0.00846	0.00442	0.00502	0.00728	0.00960	0.01280	0.04360	0.74193	0.03160	0.03925	0.00686	0.00208	0.00311	0.01339	0.00448	0.00410
