[name]
unknown

[dist]
# distance from previous block
# <min> <max>
20	137

[block]
# block no. 0 follows, 44 sequences, length 14
# corresponding to MSA columns:
# 221-234
name=unknown_A
#
# <colnr> <probs for GDERKNQSTAVLIFYWHMCP>
#	G	D	E	R	K	N	Q	S	T	A	V	L	I	F	Y	W	H	M	C	P
0	0.31685	0.01300	0.01220	0.08822	0.01586	0.11110	0.00867	0.16210	0.01439	0.10821	0.01145	0.01350	0.00875	0.00594	0.00462	0.00162	0.00565	0.02996	0.00404	0.06387
1	0.29427	0.01059	0.01180	0.12696	0.01646	0.01158	0.00861	0.11550	0.08650	0.18134	0.04230	0.01563	0.01142	0.00628	0.00482	0.00171	0.00495	0.01813	0.00455	0.02660
2	0.10987	0.06280	0.01608	0.10189	0.12728	0.03601	0.01074	0.23846	0.07090	0.15332	0.01331	0.01394	0.00963	0.00597	0.00509	0.00165	0.00576	0.00470	0.00444	0.00817
3	0.18180	0.01325	0.09042	0.21690	0.02136	0.01314	0.02762	0.17189	0.11982	0.05211	0.01224	0.01368	0.00898	0.00584	0.00501	0.00172	0.00591	0.00460	0.00387	0.02986
4	0.01195	0.01224	0.08612	0.60412	0.03311	0.01290	0.01487	0.12798	0.01321	0.01736	0.01022	0.01404	0.00754	0.00559	0.00543	0.00178	0.00715	0.00478	0.00288	0.00673
5	0.06335	0.01026	0.01668	0.57679	0.17688	0.01208	0.01458	0.01450	0.01122	0.01556	0.03127	0.01472	0.00870	0.00547	0.00534	0.00177	0.00679	0.00487	0.00264	0.00652
6	0.03258	0.02243	0.04141	0.00788	0.01003	0.00680	0.00643	0.03289	0.01419	0.12851	0.42451	0.03305	0.09017	0.04445	0.07821	0.00249	0.00452	0.00822	0.00534	0.00589
7	0.00830	0.00630	0.00915	0.00896	0.00996	0.00740	0.00697	0.03035	0.00918	0.01319	0.01439	0.02138	0.01351	0.06784	0.70849	0.00820	0.04263	0.00586	0.00299	0.00497
8	0.01170	0.01102	0.01743	0.42708	0.16985	0.03227	0.06983	0.04159	0.05599	0.01585	0.01140	0.01645	0.00936	0.07878	0.00754	0.00208	0.00693	0.00529	0.00288	0.00666
9	0.01217	0.04972	0.37681	0.01621	0.02224	0.01332	0.21319	0.04582	0.11119	0.01863	0.04401	0.01472	0.01053	0.00568	0.00580	0.00176	0.02208	0.00520	0.00313	0.00779
10	0.01963	0.01445	0.05793	0.01198	0.01631	0.01465	0.01023	0.50667	0.10242	0.14439	0.03509	0.01533	0.01168	0.00671	0.00548	0.00167	0.00564	0.00521	0.00550	0.00903
11	0.01263	0.01635	0.12346	0.02207	0.02789	0.01365	0.66496	0.01744	0.01270	0.01744	0.01088	0.01432	0.00811	0.00467	0.00628	0.00182	0.00905	0.00614	0.00270	0.00744
12	0.26565	0.01163	0.01237	0.00982	0.01382	0.01221	0.00808	0.25046	0.04443	0.26519	0.01432	0.01376	0.00983	0.00610	0.00479	0.00164	0.00490	0.00449	0.00516	0.04132
13	0.01287	0.13827	0.21567	0.01480	0.03143	0.02681	0.22168	0.03028	0.01301	0.07836	0.10053	0.01849	0.06102	0.00631	0.00553	0.00167	0.00677	0.00581	0.00346	0.00724

[dist]
# distance from previous block
# <min> <max>
6	12

[block]
# block no. 1 follows, 44 sequences, length 18
# corresponding to MSA columns:
# 247-264
name=unknown_B
#
# <colnr> <probs for GDERKNQSTAVLIFYWHMCP>
#	G	D	E	R	K	N	Q	S	T	A	V	L	I	F	Y	W	H	M	C	P
0	0.04463	0.12068	0.02171	0.14987	0.34041	0.01349	0.10715	0.01742	0.01230	0.10480	0.01110	0.01359	0.00861	0.00512	0.00521	0.00163	0.00657	0.00479	0.00310	0.00780
1	0.10831	0.05498	0.24602	0.04198	0.05056	0.01333	0.34052	0.01742	0.01201	0.04847	0.01046	0.01293	0.00773	0.00494	0.00547	0.00174	0.00779	0.00503	0.00282	0.00746
2	0.00818	0.00642	0.00721	0.00683	0.00862	0.00601	0.00519	0.07903	0.01404	0.01810	0.21807	0.09573	0.43389	0.01428	0.05163	0.00222	0.00374	0.01044	0.00520	0.00517
3	0.01876	0.00881	0.01144	0.00951	0.01280	0.00825	0.00774	0.05209	0.09168	0.46644	0.13470	0.04591	0.02160	0.00851	0.00586	0.00180	0.00435	0.07544	0.00626	0.00807
4	0.04220	0.01350	0.01449	0.03967	0.01624	0.04143	0.00930	0.42728	0.06905	0.07258	0.01299	0.01331	0.00949	0.00595	0.00507	0.00147	0.00551	0.00455	0.00478	0.19112
5	0.01034	0.00753	0.00874	0.00822	0.00950	0.02204	0.00590	0.11817	0.04614	0.03301	0.07165	0.15471	0.03826	0.27542	0.16171	0.00429	0.00660	0.00833	0.00422	0.00523
6	0.00869	0.00583	0.00737	0.00703	0.00837	0.00541	0.00515	0.01103	0.03222	0.06684	0.49169	0.12812	0.10557	0.08228	0.00830	0.00210	0.00307	0.01012	0.00561	0.00520
7	0.09048	0.00684	0.00855	0.00774	0.00979	0.00643	0.00597	0.01441	0.01418	0.20270	0.40603	0.13334	0.03559	0.01038	0.00601	0.00179	0.00335	0.02453	0.00579	0.00611
8	0.13850	0.00982	0.01080	0.00794	0.01256	0.00802	0.00638	0.01408	0.01100	0.01878	0.00937	0.01093	0.00774	0.00419	0.00394	0.00094	0.00406	0.00319	0.00325	0.71450
9	0.01983	0.00829	0.01111	0.00891	0.01225	0.00724	0.00709	0.02176	0.01453	0.56470	0.10419	0.06697	0.01933	0.07364	0.00746	0.00199	0.00436	0.00667	0.00618	0.03349
10	0.64284	0.01042	0.00928	0.00789	0.01147	0.01146	0.00650	0.04158	0.01116	0.18799	0.01078	0.01109	0.00765	0.00547	0.00390	0.00169	0.00436	0.00356	0.00417	0.00674
11	0.01738	0.00875	0.01112	0.00930	0.01231	0.00833	0.00741	0.11938	0.04424	0.37468	0.17011	0.12961	0.02410	0.00924	0.00593	0.00179	0.00421	0.02834	0.00610	0.00766
12	0.00922	0.00565	0.00677	0.00658	0.00728	0.00538	0.00423	0.00993	0.01014	0.08494	0.11533	0.12560	0.06869	0.49488	0.01933	0.00394	0.00449	0.00903	0.00427	0.00430
13	0.00821	0.00544	0.00702	0.00715	0.00817	0.00502	0.00507	0.00987	0.01279	0.06063	0.34748	0.32940	0.08200	0.07613	0.00826	0.00219	0.00314	0.01169	0.00542	0.00493
14	0.09579	0.00820	0.01033	0.00855	0.01165	0.00757	0.00691	0.03456	0.01494	0.41669	0.24104	0.02673	0.05097	0.00841	0.00567	0.00173	0.00397	0.03278	0.00606	0.00743
15	0.00828	0.00568	0.00720	0.00719	0.00845	0.00525	0.00525	0.01055	0.03473	0.05810	0.39959	0.27203	0.13120	0.01293	0.00652	0.00188	0.00293	0.01144	0.00563	0.00518
16	0.09401	0.01256	0.01300	0.01111	0.01457	0.01433	0.00884	0.22282	0.49518	0.02606	0.01837	0.01731	0.01365	0.00695	0.00532	0.00178	0.00476	0.00552	0.00532	0.00854
17	0.00787	0.00526	0.00596	0.00602	0.00604	0.00525	0.00338	0.00791	0.00804	0.01073	0.01777	0.07123	0.02057	0.77182	0.02679	0.00514	0.00519	0.00828	0.00338	0.00336

[dist]
# distance from previous block
# <min> <max>
0	1

[block]
# block no. 2 follows, 44 sequences, length 16
# corresponding to MSA columns:
# 266-281
name=unknown_C
#
# <colnr> <probs for GDERKNQSTAVLIFYWHMCP>
#	G	D	E	R	K	N	Q	S	T	A	V	L	I	F	Y	W	H	M	C	P
0	0.00694	0.00517	0.00648	0.00708	0.00799	0.00471	0.00505	0.00843	0.01212	0.01604	0.20779	0.43344	0.19717	0.01491	0.00675	0.00203	0.00302	0.04492	0.00528	0.00466
1	0.00923	0.00489	0.00734	0.00734	0.00747	0.00503	0.00503	0.00747	0.00734	0.00992	0.01020	0.01726	0.01006	0.02204	0.12949	0.72371	0.00613	0.00489	0.00245	0.00272
2	0.01312	0.01258	0.02146	0.12135	0.68939	0.01286	0.01655	0.01641	0.01224	0.01736	0.01019	0.01361	0.00848	0.00493	0.00540	0.00164	0.00657	0.00486	0.00267	0.00834
3	0.00725	0.00525	0.00707	0.00745	0.00827	0.00507	0.00534	0.00903	0.01230	0.01707	0.33892	0.37357	0.03934	0.01796	0.11695	0.00293	0.00453	0.01177	0.00515	0.00479
4	0.00842	0.00564	0.00742	0.00711	0.00840	0.00519	0.00528	0.01073	0.01474	0.05921	0.62858	0.14759	0.04734	0.01176	0.00646	0.00178	0.00276	0.01043	0.00591	0.00525
5	0.05232	0.03806	0.49046	0.03528	0.02209	0.01319	0.09482	0.12116	0.01348	0.01974	0.01105	0.04396	0.00852	0.00578	0.00531	0.00173	0.00744	0.00482	0.00296	0.00783
6	0.01465	0.01534	0.02005	0.06307	0.55772	0.17573	0.01511	0.01750	0.01299	0.01665	0.01042	0.01426	0.00894	0.00536	0.00536	0.00161	0.00717	0.02735	0.00278	0.00792
7	0.00910	0.00819	0.00772	0.00799	0.00901	0.11539	0.00567	0.01029	0.01164	0.01429	0.10061	0.27918	0.14883	0.17090	0.01070	0.00262	0.00457	0.07420	0.00448	0.00462
8	0.12574	0.00588	0.00692	0.00774	0.00877	0.00585	0.00569	0.00945	0.01090	0.01609	0.05239	0.50060	0.08371	0.01465	0.00649	0.00214	0.00355	0.12384	0.00485	0.00476
9	0.03560	0.00784	0.00961	0.04467	0.01196	0.00740	0.01811	0.08637	0.01380	0.01920	0.17968	0.11711	0.15199	0.01031	0.00592	0.00171	0.00398	0.09916	0.00472	0.17087
10	0.15691	0.01099	0.01211	0.01003	0.04843	0.01036	0.00762	0.15726	0.03662	0.02216	0.01091	0.03198	0.00894	0.00517	0.00438	0.00122	0.00454	0.00398	0.00377	0.45259
11	0.01326	0.01207	0.01800	0.05855	0.48260	0.04661	0.01346	0.05365	0.03576	0.03805	0.01372	0.12543	0.01276	0.00682	0.00555	0.00167	0.00594	0.00628	0.00338	0.04643
12	0.01417	0.01188	0.01547	0.06302	0.17474	0.01165	0.02380	0.20841	0.05872	0.02203	0.01207	0.03745	0.00981	0.00555	0.00500	0.00138	0.00534	0.00471	0.00383	0.31096
13	0.06771	0.02930	0.01619	0.05402	0.24796	0.03015	0.02392	0.12590	0.03762	0.08946	0.01427	0.02025	0.01223	0.00694	0.00585	0.00172	0.03132	0.10823	0.00395	0.07301
14	0.07750	0.17018	0.01958	0.09612	0.23215	0.03268	0.05373	0.07278	0.01269	0.01804	0.02390	0.01263	0.00879	0.00587	0.02287	0.00162	0.00623	0.00427	0.00301	0.12535
15	0.01458	0.01247	0.01938	0.05010	0.18808	0.01262	0.17582	0.13192	0.13665	0.07023	0.01444	0.03716	0.01145	0.00612	0.00565	0.00169	0.00624	0.02343	0.00401	0.07796

[dist]
# distance from previous block
# <min> <max>
0	18

[block]
# block no. 3 follows, 44 sequences, length 11
# corresponding to MSA columns:
# 300-310
name=unknown_D
#
# <colnr> <probs for GDERKNQSTAVLIFYWHMCP>
#	G	D	E	R	K	N	Q	S	T	A	V	L	I	F	Y	W	H	M	C	P
0	0.00790	0.00557	0.00666	0.00690	0.00756	0.00540	0.00483	0.00891	0.01034	0.01357	0.10174	0.04425	0.12778	0.44175	0.01816	0.00383	0.00461	0.17200	0.00420	0.00405
1	0.11236	0.01389	0.01307	0.01069	0.01438	0.18399	0.00856	0.13504	0.01640	0.37359	0.05247	0.01579	0.01242	0.00649	0.00517	0.00162	0.00586	0.00489	0.00526	0.00804
2	0.01828	0.00994	0.01220	0.00955	0.01369	0.00904	0.00771	0.02346	0.18206	0.39299	0.01830	0.01690	0.01266	0.00612	0.00509	0.00147	0.00440	0.00499	0.00548	0.24566
3	0.84691	0.01054	0.00801	0.00717	0.01054	0.01223	0.00590	0.01603	0.00928	0.02446	0.00759	0.00886	0.00590	0.00506	0.00337	0.00169	0.00422	0.00295	0.00337	0.00590
4	0.01339	0.01093	0.01150	0.00997	0.01304	0.01200	0.00786	0.19637	0.39114	0.02343	0.02871	0.02706	0.21347	0.00888	0.00576	0.00180	0.00431	0.00727	0.00540	0.00772
5	0.01825	0.02648	0.18666	0.01438	0.01836	0.61326	0.01269	0.02076	0.01457	0.01422	0.00873	0.01021	0.00700	0.00552	0.00497	0.00148	0.00943	0.00363	0.00270	0.00671
6	0.00688	0.00493	0.00654	0.00743	0.00796	0.00459	0.00508	0.00819	0.01156	0.01570	0.19606	0.63377	0.03950	0.01575	0.00684	0.00210	0.00303	0.01424	0.00527	0.00459
7	0.19857	0.00847	0.00962	0.00878	0.01102	0.00870	0.02801	0.11704	0.01271	0.07376	0.01963	0.33488	0.02061	0.05539	0.00684	0.00207	0.00428	0.02415	0.00459	0.05089
8	0.20138	0.04076	0.01428	0.01126	0.03565	0.01262	0.06274	0.19047	0.11658	0.03949	0.01263	0.01443	0.00991	0.00582	0.00476	0.00152	0.00513	0.02859	0.00415	0.18785
9	0.42755	0.05881	0.01247	0.00938	0.01321	0.05543	0.03198	0.10008	0.01311	0.19259	0.01153	0.01180	0.00824	0.00557	0.00429	0.00162	0.00507	0.00388	0.00424	0.02916
10	0.19824	0.00872	0.00855	0.00814	0.00992	0.05012	0.00599	0.02969	0.09142	0.06735	0.04472	0.14898	0.01947	0.22605	0.01142	0.00280	0.00471	0.05393	0.00429	0.00549

[dist]
# distance from previous block
# <min> <max>
0	4

[block]
# block no. 4 follows, 44 sequences, length 215
# corresponding to MSA columns:
# 315-377,428-579
name=unknown_E
#
# <colnr> <probs for GDERKNQSTAVLIFYWHMCP>
#	G	D	E	R	K	N	Q	S	T	A	V	L	I	F	Y	W	H	M	C	P
0	0.03563	0.01000	0.07727	0.08180	0.01525	0.00833	0.02794	0.03517	0.01319	0.35428	0.05318	0.09727	0.03453	0.10178	0.02761	0.00235	0.00535	0.00686	0.00503	0.00718
1	0.01415	0.01379	0.02108	0.07194	0.64545	0.06635	0.01591	0.05334	0.01319	0.01811	0.01024	0.01328	0.00848	0.00502	0.00537	0.00162	0.00673	0.00477	0.00283	0.00837
2	0.01048	0.03043	0.00809	0.00694	0.00898	0.02992	0.00528	0.01210	0.01316	0.14248	0.18224	0.05811	0.37785	0.08013	0.00799	0.00206	0.00357	0.00947	0.00522	0.00549
3	0.01160	0.21565	0.46297	0.08967	0.02182	0.01438	0.03352	0.01621	0.01132	0.01563	0.01084	0.01303	0.03088	0.02413	0.00539	0.00169	0.00724	0.00422	0.00244	0.00737
4	0.01106	0.01023	0.01705	0.62771	0.15862	0.01216	0.01500	0.03235	0.01141	0.01495	0.00986	0.01438	0.00760	0.00575	0.00588	0.02509	0.00703	0.00485	0.00254	0.00646
5	0.01138	0.06846	0.64213	0.01618	0.02372	0.01329	0.11551	0.01724	0.01166	0.01705	0.00983	0.01178	0.00709	0.00508	0.00525	0.00171	0.00809	0.00428	0.00236	0.00791
6	0.02077	0.01467	0.01604	0.01285	0.03878	0.02908	0.01026	0.62891	0.03799	0.11391	0.01401	0.01377	0.00981	0.00652	0.00545	0.00164	0.00590	0.00497	0.00547	0.00919
7	0.01248	0.01180	0.01998	0.19601	0.56367	0.01232	0.01585	0.01576	0.01210	0.01687	0.01140	0.01699	0.00989	0.00568	0.00555	0.00172	0.00655	0.05475	0.00280	0.00783
8	0.01233	0.01116	0.02154	0.01925	0.14539	0.01054	0.35416	0.01548	0.01240	0.08572	0.01716	0.22045	0.01649	0.00829	0.00633	0.00190	0.00668	0.02402	0.00375	0.00693
9	0.01398	0.01433	0.01893	0.18489	0.42748	0.14135	0.01463	0.01811	0.08137	0.01673	0.01093	0.01373	0.00882	0.00534	0.00534	0.00165	0.00700	0.00475	0.00292	0.00772
10	0.00664	0.00476	0.00631	0.00755	0.00790	0.00443	0.00504	0.00760	0.01048	0.01393	0.03058	0.78880	0.05175	0.01701	0.00695	0.00221	0.00315	0.01541	0.00506	0.00443
11	0.02008	0.06531	0.01614	0.01376	0.01671	0.72531	0.01047	0.04307	0.01553	0.01393	0.00852	0.00987	0.00709	0.00560	0.00486	0.00140	0.00952	0.00352	0.00286	0.00644
12	0.01205	0.19106	0.49535	0.03580	0.12832	0.01457	0.01725	0.01691	0.01153	0.01632	0.00938	0.01128	0.00718	0.00503	0.00486	0.00160	0.00734	0.00393	0.00237	0.00787
13	0.00793	0.00529	0.00595	0.00595	0.00595	0.00529	0.00330	0.00793	0.00793	0.01057	0.01718	0.03568	0.01982	0.80840	0.02775	0.00529	0.00529	0.00793	0.00330	0.00330
14	0.02080	0.00929	0.01228	0.00979	0.01340	0.00875	0.00800	0.10642	0.01560	0.54528	0.04023	0.01902	0.01409	0.01252	0.13531	0.00286	0.00639	0.00560	0.00594	0.00843
15	0.01313	0.01258	0.02147	0.12089	0.68983	0.01286	0.01655	0.01641	0.01224	0.01737	0.01019	0.01361	0.00848	0.00493	0.00540	0.00164	0.00657	0.00486	0.00267	0.00834
16	0.01103	0.04939	0.75982	0.01537	0.02334	0.01290	0.01985	0.01724	0.01150	0.01715	0.00972	0.01144	0.00691	0.00517	0.00513	0.00171	0.00800	0.00400	0.00230	0.00803
17	0.00662	0.00481	0.00625	0.00741	0.00786	0.00444	0.00498	0.00761	0.01061	0.01399	0.03229	0.73793	0.10152	0.01679	0.00691	0.00218	0.00313	0.01514	0.00506	0.00444
18	0.01030	0.00969	0.01635	0.79530	0.03755	0.01211	0.01514	0.01393	0.01090	0.01393	0.00969	0.01453	0.00727	0.00545	0.00545	0.00182	0.00727	0.00484	0.00242	0.00606
19	0.01790	0.01274	0.01398	0.01147	0.01516	0.01400	0.00926	0.36694	0.28891	0.11903	0.01826	0.04185	0.01376	0.00739	0.00558	0.00176	0.00512	0.02247	0.00562	0.00880
20	0.00807	0.00548	0.00634	0.00642	0.00660	0.00550	0.00382	0.02722	0.00876	0.01171	0.01881	0.14270	0.02167	0.65762	0.04309	0.00485	0.00524	0.00886	0.00360	0.00365
21	0.05183	0.01250	0.01748	0.25725	0.14920	0.01369	0.05347	0.27619	0.01652	0.04414	0.01129	0.01358	0.00841	0.00564	0.00534	0.00167	0.00644	0.00482	0.00375	0.04678
22	0.01632	0.03797	0.06616	0.01126	0.01511	0.06744	0.00963	0.41067	0.09242	0.02638	0.06055	0.02071	0.12590	0.00775	0.00555	0.00167	0.00557	0.00607	0.00494	0.00793
23	0.00766	0.00557	0.00721	0.00680	0.00811	0.00512	0.00510	0.01017	0.01529	0.02153	0.73809	0.04127	0.08508	0.01127	0.00643	0.00172	0.00258	0.00994	0.00596	0.00512
24	0.01571	0.65807	0.02600	0.01025	0.01455	0.17113	0.00956	0.01739	0.01193	0.01293	0.00775	0.00896	0.00700	0.00485	0.00378	0.00121	0.00661	0.00303	0.00243	0.00686
25	0.00845	0.00604	0.00840	0.00966	0.01077	0.00599	0.00820	0.01072	0.01222	0.01594	0.02905	0.17748	0.03211	0.01538	0.00744	0.00246	0.00473	0.62502	0.00503	0.00493
26	0.02140	0.01377	0.01538	0.01184	0.01613	0.01473	0.00976	0.56550	0.04342	0.20826	0.01531	0.01457	0.01046	0.00662	0.00546	0.00165	0.00563	0.00508	0.00576	0.00926
27	0.82450	0.01051	0.00814	0.00724	0.01064	0.01212	0.00596	0.01631	0.00945	0.04500	0.00797	0.00912	0.00611	0.00511	0.00343	0.00169	0.00423	0.00302	0.00347	0.00600
28	0.01043	0.00910	0.01467	0.57325	0.08126	0.01096	0.01307	0.01372	0.01100	0.01519	0.01154	0.03853	0.00927	0.00601	0.00558	0.00174	0.02831	0.00519	0.13518	0.00603
29	0.07520	0.02268	0.01792	0.01563	0.04061	0.58269	0.13402	0.02052	0.01451	0.01492	0.00886	0.01068	0.00720	0.00539	0.00508	0.00150	0.00924	0.00400	0.00284	0.00653
30	0.00793	0.00529	0.00595	0.00595	0.00595	0.00529	0.00330	0.00793	0.00793	0.01057	0.01718	0.03568	0.01982	0.80840	0.02775	0.00529	0.00529	0.00793	0.00330	0.00330
31	0.84691	0.01054	0.00801	0.00717	0.01054	0.01223	0.00590	0.01603	0.00928	0.02446	0.00759	0.00886	0.00590	0.00506	0.00337	0.00169	0.00422	0.00295	0.00337	0.00590
32	0.01468	0.79756	0.02833	0.00941	0.01404	0.03532	0.00935	0.01642	0.01116	0.01284	0.00759	0.00876	0.00700	0.00468	0.00352	0.00117	0.00590	0.00293	0.00234	0.00698
33	0.01166	0.18525	0.62950	0.01429	0.02167	0.01445	0.01798	0.01708	0.01142	0.01638	0.00934	0.01096	0.00692	0.00508	0.00484	0.00161	0.00761	0.00381	0.00231	0.00784
34	0.84691	0.01054	0.00801	0.00717	0.01054	0.01223	0.00590	0.01603	0.00928	0.02446	0.00759	0.00886	0.00590	0.00506	0.00337	0.00169	0.00422	0.00295	0.00337	0.00590
35	0.00673	0.00478	0.00630	0.00748	0.00777	0.00449	0.00494	0.00761	0.01027	0.01369	0.02917	0.75247	0.03495	0.07096	0.00837	0.00242	0.00331	0.01498	0.00494	0.00435
36	0.00772	0.00534	0.00598	0.00595	0.00628	0.00519	0.00354	0.00808	0.00902	0.01188	0.07347	0.03819	0.11935	0.65127	0.02354	0.00460	0.00477	0.00852	0.00371	0.00360
37	0.00792	0.00532	0.00614	0.00614	0.00620	0.00539	0.00354	0.00805	0.00798	0.01071	0.01700	0.03471	0.01940	0.75614	0.07943	0.00552	0.00592	0.00779	0.00328	0.00341
38	0.00664	0.00474	0.00633	0.00759	0.00791	0.00443	0.00506	0.00759	0.01044	0.01392	0.03005	0.80485	0.03606	0.01708	0.00696	0.00221	0.00316	0.01550	0.00506	0.00443
39	0.02378	0.00954	0.01273	0.00980	0.01394	0.00848	0.00808	0.07065	0.01621	0.71233	0.04128	0.01882	0.01426	0.00685	0.00551	0.00168	0.00467	0.00557	0.00665	0.00917
40	0.01093	0.02820	0.78016	0.01554	0.02360	0.01266	0.02014	0.01727	0.01151	0.01727	0.00978	0.01151	0.00691	0.00518	0.00518	0.00173	0.00806	0.00403	0.00230	0.00806
41	0.07698	0.01495	0.01579	0.01218	0.01647	0.01659	0.01006	0.70582	0.02452	0.03368	0.01271	0.01280	0.00904	0.00644	0.00531	0.00164	0.00588	0.00478	0.00531	0.00904
42	0.00664	0.00476	0.00631	0.00754	0.00789	0.00443	0.00504	0.00760	0.01049	0.01394	0.03068	0.78583	0.05466	0.01700	0.00695	0.00220	0.00315	0.01540	0.00506	0.00443
43	0.39074	0.00998	0.01067	0.00864	0.01248	0.01009	0.00713	0.03851	0.01301	0.42546	0.01512	0.01411	0.01002	0.00599	0.00454	0.00169	0.00448	0.00434	0.00522	0.00777
44	0.00791	0.00589	0.00848	0.00842	0.00921	0.00679	0.00635	0.00951	0.00861	0.01232	0.01486	0.02356	0.01451	0.16707	0.64377	0.00804	0.03094	0.00616	0.00297	0.00463
45	0.02037	0.02598	0.01545	0.01404	0.01685	0.78652	0.01053	0.02177	0.01545	0.01334	0.00843	0.00983	0.00702	0.00562	0.00492	0.00140	0.00983	0.00351	0.00281	0.00632
46	0.01300	0.01433	0.03004	0.02520	0.18672	0.01361	0.59807	0.01731	0.01277	0.01754	0.01087	0.01445	0.00835	0.00465	0.00621	0.00179	0.00862	0.00610	0.00274	0.00763
47	0.01537	0.01242	0.01265	0.01078	0.01401	0.05903	0.00853	0.22795	0.35409	0.05879	0.08087	0.02206	0.08349	0.00789	0.00563	0.00174	0.00485	0.00639	0.00540	0.00807
48	0.01927	0.00810	0.01096	0.00887	0.01214	0.00710	0.00713	0.02144	0.01528	0.54613	0.21157	0.06619	0.02429	0.00841	0.00580	0.00172	0.00404	0.00712	0.00647	0.00797
49	0.01093	0.02820	0.78016	0.01554	0.02360	0.01266	0.02014	0.01727	0.01151	0.01727	0.00978	0.01151	0.00691	0.00518	0.00518	0.00173	0.00806	0.00403	0.00230	0.00806
50	0.01170	0.04907	0.70728	0.01516	0.02287	0.01320	0.01918	0.06755	0.01246	0.01831	0.00995	0.01154	0.00707	0.00526	0.00515	0.00170	0.00786	0.00406	0.00252	0.00811
51	0.00772	0.00557	0.00729	0.00686	0.00814	0.00514	0.00514	0.01029	0.01543	0.02186	0.77152	0.04072	0.05144	0.01115	0.00643	0.00171	0.00257	0.00986	0.00600	0.00514
52	0.01817	0.33802	0.02106	0.01159	0.01572	0.19532	0.00999	0.29018	0.01744	0.02088	0.00980	0.01059	0.00784	0.00558	0.00454	0.00139	0.00681	0.00379	0.00359	0.00768
53	0.00789	0.00527	0.00596	0.00599	0.00600	0.00526	0.00335	0.00792	0.00800	0.01067	0.01754	0.05736	0.02028	0.78610	0.02716	0.00520	0.00523	0.00814	0.00335	0.00334
54	0.02235	0.01266	0.01475	0.01131	0.01561	0.01304	0.00934	0.43892	0.02127	0.35782	0.01675	0.01547	0.01111	0.00663	0.00547	0.00166	0.00541	0.00516	0.00602	0.00927
55	0.25546	0.00978	0.01144	0.00906	0.01304	0.00942	0.00748	0.04155	0.01407	0.54810	0.01739	0.01570	0.01126	0.00627	0.00489	0.00169	0.00455	0.00476	0.00577	0.00833
56	0.02037	0.02598	0.01545	0.01404	0.01685	0.78652	0.01053	0.02177	0.01545	0.01334	0.00843	0.00983	0.00702	0.00562	0.00492	0.00140	0.00983	0.00351	0.00281	0.00632
57	0.76891	0.03410	0.00898	0.00745	0.01091	0.01238	0.00618	0.02910	0.00991	0.06052	0.00835	0.00939	0.00636	0.00516	0.00351	0.00167	0.00432	0.00311	0.00354	0.00616
58	0.00644	0.00552	0.00552	0.00552	0.00736	0.00460	0.00414	0.00782	0.01243	0.01473	0.05523	0.05247	0.77218	0.01381	0.00644	0.00184	0.00276	0.01151	0.00506	0.00460
59	0.01356	0.01171	0.01233	0.01109	0.01418	0.01356	0.00863	0.02897	0.76455	0.02281	0.02219	0.02034	0.01664	0.00740	0.00555	0.00185	0.00431	0.00616	0.00555	0.00863
60	0.03829	0.02960	0.03204	0.00986	0.01408	0.00893	0.00835	0.06483	0.01581	0.66321	0.04328	0.01835	0.01397	0.00675	0.00542	0.00167	0.00476	0.00544	0.00637	0.00900
61	0.01745	0.07510	0.09361	0.02702	0.03185	0.03177	0.00936	0.02144	0.09277	0.36885	0.13477	0.03866	0.01860	0.00731	0.00546	0.00168	0.00495	0.00603	0.00536	0.00798
62	0.84691	0.01054	0.00801	0.00717	0.01054	0.01223	0.00590	0.01603	0.00928	0.02446	0.00759	0.00886	0.00590	0.00506	0.00337	0.00169	0.00422	0.00295	0.00337	0.00590
63	0.00684	0.00531	0.00624	0.00663	0.00785	0.00472	0.00482	0.00834	0.01231	0.01578	0.17079	0.29460	0.37440	0.01446	0.00666	0.00197	0.00296	0.04544	0.00522	0.00466
64	0.01292	0.01588	0.17129	0.04687	0.61015	0.01288	0.01737	0.01677	0.01220	0.01762	0.01015	0.01313	0.00826	0.00493	0.00536	0.00164	0.00681	0.00469	0.00261	0.00846
65	0.02394	0.00928	0.01257	0.00967	0.01381	0.00809	0.00798	0.03849	0.01577	0.74511	0.04165	0.01906	0.01445	0.00686	0.00551	0.00169	0.00461	0.00559	0.00671	0.00917
66	0.00773	0.00520	0.00601	0.00620	0.00625	0.00515	0.00358	0.00788	0.00832	0.01109	0.01917	0.15504	0.02234	0.68560	0.02452	0.00481	0.00496	0.00910	0.00358	0.00348
67	0.01499	0.75746	0.02774	0.00955	0.01419	0.02125	0.00940	0.06670	0.01207	0.01429	0.00795	0.00904	0.00715	0.00479	0.00363	0.00120	0.00584	0.00305	0.00254	0.00715
68	0.76898	0.01081	0.00987	0.02816	0.01245	0.01233	0.05712	0.01607	0.00956	0.02372	0.00788	0.00940	0.00610	0.00504	0.00363	0.00170	0.00463	0.00324	0.00331	0.00601
69	0.00719	0.00555	0.00656	0.00631	0.00782	0.00492	0.00473	0.00928	0.01420	0.01893	0.47735	0.04555	0.34744	0.01224	0.00644	0.00177	0.00265	0.01054	0.00562	0.00492
70	0.00664	0.00474	0.00633	0.00759	0.00791	0.00443	0.00506	0.00759	0.01044	0.01392	0.03005	0.80485	0.03606	0.01708	0.00696	0.00221	0.00316	0.01550	0.00506	0.00443
71	0.01272	0.01465	0.04638	0.02181	0.02733	0.01332	0.68831	0.01720	0.01273	0.01748	0.01091	0.01441	0.00823	0.00457	0.00624	0.00177	0.00882	0.00617	0.00278	0.06418
72	0.01814	0.01251	0.01373	0.01140	0.03788	0.03047	0.00896	0.42550	0.05649	0.15070	0.02242	0.02148	0.14993	0.00788	0.00563	0.00169	0.00521	0.00624	0.00545	0.00830
73	0.02037	0.02598	0.01545	0.01404	0.01685	0.78652	0.01053	0.02177	0.01545	0.01334	0.00843	0.00983	0.00702	0.00562	0.00492	0.00140	0.00983	0.00351	0.00281	0.00632
74	0.00904	0.00769	0.00825	0.00812	0.02712	0.00775	0.00599	0.01502	0.25411	0.01766	0.07683	0.04040	0.44024	0.03384	0.00675	0.00194	0.00345	0.02463	0.00516	0.00599
75	0.01356	0.00773	0.00969	0.00864	0.01092	0.00751	0.00677	0.04764	0.10274	0.22510	0.25029	0.05469	0.04920	0.08493	0.00818	0.00217	0.00404	0.09389	0.00571	0.00662
76	0.00664	0.00474	0.00633	0.00759	0.00791	0.00443	0.00506	0.00759	0.01044	0.01392	0.03005	0.80485	0.03606	0.01708	0.00696	0.00221	0.00316	0.01550	0.00506	0.00443
77	0.01360	0.01323	0.02181	0.05146	0.73599	0.03386	0.01653	0.01680	0.01246	0.01760	0.01019	0.01342	0.00856	0.00489	0.00539	0.00162	0.00659	0.00482	0.00269	0.00851
78	0.01340	0.01125	0.01198	0.01064	0.01363	0.01278	0.00830	0.08935	0.60720	0.02340	0.08575	0.02273	0.04961	0.00790	0.00565	0.00182	0.00425	0.00658	0.00556	0.00823
79	0.00664	0.00474	0.00633	0.00759	0.00791	0.00443	0.00506	0.00759	0.01044	0.01392	0.03005	0.80485	0.03606	0.01708	0.00696	0.00221	0.00316	0.01550	0.00506	0.00443
80	0.01928	0.17288	0.01790	0.01316	0.01632	0.64350	0.01031	0.02075	0.01463	0.01325	0.00827	0.00963	0.00702	0.00544	0.00465	0.00136	0.00908	0.00340	0.00272	0.00645
81	0.00664	0.00474	0.00633	0.00759	0.00791	0.00443	0.00506	0.00759	0.01044	0.01392	0.03005	0.80485	0.03606	0.01708	0.00696	0.00221	0.00316	0.01550	0.00506	0.00443
82	0.02072	0.01527	0.01636	0.01254	0.01691	0.01691	0.01036	0.75622	0.02563	0.03436	0.01309	0.01309	0.00927	0.00654	0.00545	0.00164	0.00600	0.00491	0.00545	0.00927
83	0.84691	0.01054	0.00801	0.00717	0.01054	0.01223	0.00590	0.01603	0.00928	0.02446	0.00759	0.00886	0.00590	0.00506	0.00337	0.00169	0.00422	0.00295	0.00337	0.00590
84	0.02037	0.02598	0.01545	0.01404	0.01685	0.78652	0.01053	0.02177	0.01545	0.01334	0.00843	0.00983	0.00702	0.00562	0.00492	0.00140	0.00983	0.00351	0.00281	0.00632
85	0.01568	0.10085	0.01414	0.03244	0.01429	0.02637	0.00794	0.12228	0.03377	0.18041	0.01477	0.05141	0.02885	0.00604	0.00478	0.00131	0.00479	0.00481	0.00435	0.33072
86	0.00647	0.00552	0.00556	0.00555	0.00738	0.00461	0.00416	0.00788	0.01249	0.01489	0.07115	0.05221	0.75616	0.01375	0.00644	0.00184	0.00276	0.01147	0.00508	0.00461
87	0.84691	0.01054	0.00801	0.00717	0.01054	0.01223	0.00590	0.01603	0.00928	0.02446	0.00759	0.00886	0.00590	0.00506	0.00337	0.00169	0.00422	0.00295	0.00337	0.00590
88	0.01458	0.81168	0.02857	0.00933	0.01399	0.02157	0.00933	0.01632	0.01108	0.01283	0.00758	0.00875	0.00700	0.00466	0.00350	0.00117	0.00583	0.00292	0.00233	0.00700
89	0.01119	0.08348	0.72713	0.01510	0.02292	0.01329	0.01938	0.01720	0.01148	0.01695	0.00963	0.01132	0.00691	0.00514	0.00506	0.00169	0.00790	0.00395	0.00230	0.00798
90	0.84691	0.01054	0.00801	0.00717	0.01054	0.01223	0.00590	0.01603	0.00928	0.02446	0.00759	0.00886	0.00590	0.00506	0.00337	0.00169	0.00422	0.00295	0.00337	0.00590
91	0.01991	0.00842	0.01120	0.00895	0.01244	0.00742	0.00725	0.02243	0.03616	0.56870	0.16226	0.02487	0.06905	0.00803	0.00572	0.00171	0.00413	0.00669	0.00647	0.00820
92	0.01417	0.01264	0.02137	0.04735	0.70762	0.01260	0.01611	0.01734	0.01260	0.06951	0.01101	0.01386	0.00894	0.00500	0.00540	0.00163	0.00637	0.00490	0.00297	0.00863
93	0.01096	0.00818	0.05988	0.00741	0.00952	0.00749	0.00625	0.06725	0.09431	0.02072	0.05470	0.03447	0.01567	0.00966	0.06846	0.00204	0.00436	0.00560	0.50713	0.00594
94	0.00664	0.00474	0.00633	0.00759	0.00791	0.00443	0.00506	0.00759	0.01044	0.01392	0.03005	0.80485	0.03606	0.01708	0.00696	0.00221	0.00316	0.01550	0.00506	0.00443
95	0.01517	0.00926	0.00991	0.00825	0.01090	0.00980	0.00660	0.29771	0.01714	0.07729	0.01624	0.01744	0.01214	0.00645	0.00455	0.00144	0.00400	0.00504	0.46368	0.00697
96	0.13129	0.54765	0.10756	0.00974	0.01457	0.01818	0.00994	0.01722	0.01124	0.07732	0.00896	0.00987	0.00736	0.00495	0.00383	0.00134	0.00575	0.00325	0.00283	0.00715
97	0.00713	0.00597	0.00627	0.00631	0.00808	0.00537	0.00473	0.00966	0.07360	0.01550	0.06476	0.12155	0.60685	0.01357	0.00645	0.00189	0.00298	0.02927	0.00512	0.00494
98	0.00669	0.00478	0.00638	0.00765	0.00798	0.00447	0.00515	0.00768	0.01049	0.01397	0.03002	0.78789	0.03595	0.01703	0.00697	0.00222	0.00321	0.03197	0.00506	0.00444
99	0.01149	0.00802	0.06112	0.00851	0.01093	0.00641	0.00736	0.01407	0.01428	0.17762	0.33177	0.03958	0.12285	0.01091	0.00636	0.00188	0.00388	0.15127	0.00560	0.00612
100	0.13921	0.12867	0.22321	0.01397	0.06876	0.29064	0.01259	0.01839	0.01267	0.01646	0.02421	0.01087	0.00783	0.00535	0.00463	0.00152	0.00760	0.00371	0.00275	0.00695
101	0.02037	0.02598	0.01545	0.01404	0.01685	0.78652	0.01053	0.02177	0.01545	0.01334	0.00843	0.00983	0.00702	0.00562	0.00492	0.00140	0.00983	0.00351	0.00281	0.00632
102	0.03859	0.03435	0.01521	0.01209	0.03484	0.06250	0.05963	0.30331	0.05031	0.17345	0.12088	0.01861	0.01623	0.02762	0.00610	0.00175	0.00559	0.00576	0.00517	0.00803
103	0.59620	0.01171	0.01025	0.00861	0.01221	0.01331	0.00709	0.22005	0.01388	0.02693	0.01040	0.01120	0.02756	0.00571	0.00403	0.00168	0.00467	0.00372	0.00399	0.00680
104	0.00648	0.00549	0.00560	0.00565	0.00741	0.00461	0.00421	0.00787	0.01241	0.01486	0.07089	0.08531	0.72291	0.01389	0.00647	0.00185	0.00277	0.01164	0.00508	0.00461
105	0.01247	0.01757	0.20101	0.02048	0.02640	0.01352	0.53669	0.01820	0.06374	0.01778	0.01151	0.01436	0.00853	0.00492	0.00609	0.00181	0.00860	0.00587	0.00284	0.00760
106	0.01275	0.01214	0.02020	0.07188	0.65122	0.01224	0.01540	0.01619	0.03283	0.01749	0.01421	0.01691	0.07101	0.00569	0.00549	0.00165	0.00616	0.00543	0.00295	0.00817
107	0.00666	0.00478	0.00632	0.00752	0.00790	0.00445	0.00504	0.00766	0.01060	0.01411	0.04656	0.76766	0.05682	0.01686	0.00693	0.00219	0.00314	0.01527	0.00508	0.00445
108	0.01144	0.01233	0.02580	0.06249	0.02458	0.01173	0.55463	0.01518	0.01218	0.01644	0.01468	0.16404	0.01372	0.02602	0.00698	0.00199	0.00786	0.00809	0.00319	0.00663
109	0.00664	0.00474	0.00633	0.00759	0.00791	0.00443	0.00506	0.00759	0.01044	0.01392	0.03005	0.80485	0.03606	0.01708	0.00696	0.00221	0.00316	0.01550	0.00506	0.00443
110	0.02038	0.02547	0.01549	0.01397	0.01686	0.74979	0.01053	0.05682	0.01594	0.01435	0.00865	0.00999	0.00713	0.00566	0.00494	0.00142	0.00965	0.00358	0.00294	0.00646
111	0.02072	0.01527	0.01636	0.01254	0.01691	0.01691	0.01036	0.75622	0.02563	0.03436	0.01309	0.01309	0.00927	0.00654	0.00545	0.00164	0.00600	0.00491	0.00545	0.00927
112	0.01314	0.01017	0.01101	0.00982	0.01271	0.01114	0.00765	0.04175	0.50889	0.08781	0.07478	0.02663	0.14372	0.00862	0.00574	0.00182	0.00402	0.00719	0.00560	0.00781
113	0.26519	0.35389	0.01880	0.00995	0.01376	0.21217	0.00863	0.03560	0.01200	0.01696	0.00793	0.00916	0.00673	0.00507	0.00387	0.00139	0.00636	0.00313	0.00284	0.00655
114	0.00672	0.00508	0.00617	0.00685	0.00772	0.00458	0.00475	0.00795	0.01150	0.01490	0.11367	0.47843	0.26142	0.03471	0.00725	0.00212	0.00303	0.01352	0.00512	0.00453
115	0.82733	0.01052	0.00821	0.02562	0.01118	0.01223	0.00612	0.01598	0.00932	0.02421	0.00764	0.00899	0.00594	0.00507	0.00342	0.00169	0.00429	0.00300	0.00335	0.00591
116	0.01458	0.81168	0.02857	0.00933	0.01399	0.02157	0.00933	0.01632	0.01108	0.01283	0.00758	0.00875	0.00700	0.00466	0.00350	0.00117	0.00583	0.00292	0.00233	0.00700
117	0.01093	0.02820	0.78016	0.01554	0.02360	0.01266	0.02014	0.01727	0.01151	0.01727	0.00978	0.01151	0.00691	0.00518	0.00518	0.00173	0.00806	0.00403	0.00230	0.00806
118	0.84691	0.01054	0.00801	0.00717	0.01054	0.01223	0.00590	0.01603	0.00928	0.02446	0.00759	0.00886	0.00590	0.00506	0.00337	0.00169	0.00422	0.00295	0.00337	0.00590
119	0.02446	0.00928	0.01265	0.00970	0.01392	0.00801	0.00801	0.02657	0.01560	0.77817	0.02151	0.01856	0.01350	0.00675	0.00548	0.00169	0.00464	0.00548	0.00675	0.00928
120	0.01343	0.01330	0.03941	0.03305	0.75727	0.01295	0.01681	0.01674	0.01239	0.01780	0.01024	0.01345	0.00860	0.00486	0.00539	0.00162	0.00651	0.00484	0.00269	0.00862
121	0.02327	0.01096	0.07529	0.01024	0.01478	0.00860	0.00906	0.04292	0.01551	0.69871	0.02036	0.01785	0.01286	0.00662	0.00546	0.00169	0.00495	0.00535	0.00635	0.00918
122	0.00648	0.00550	0.00559	0.00561	0.00740	0.00461	0.00419	0.00789	0.01246	0.01490	0.07412	0.07082	0.73428	0.01382	0.00646	0.00185	0.00277	0.01156	0.00509	0.00461
123	0.11043	0.01061	0.01291	0.01000	0.01416	0.01024	0.00826	0.17193	0.01695	0.54939	0.01835	0.01644	0.01185	0.00653	0.00525	0.00168	0.00487	0.00510	0.00613	0.00892
124	0.01215	0.14202	0.61501	0.01453	0.02171	0.07043	0.01787	0.01746	0.01173	0.01633	0.00936	0.01099	0.00693	0.00514	0.00492	0.00162	0.00786	0.00383	0.00234	0.00778
125	0.00801	0.00572	0.00790	0.00916	0.01007	0.00561	0.00744	0.00996	0.01179	0.01545	0.02929	0.32952	0.03306	0.01579	0.00732	0.00240	0.00435	0.47730	0.00503	0.00481
126	0.00664	0.00474	0.00633	0.00759	0.00791	0.00443	0.00506	0.00759	0.01044	0.01392	0.03005	0.80485	0.03606	0.01708	0.00696	0.00221	0.00316	0.01550	0.00506	0.00443
127	0.01349	0.01295	0.02213	0.03346	0.77440	0.01295	0.01673	0.01673	0.01241	0.01781	0.01025	0.01349	0.00864	0.00486	0.00540	0.00162	0.00648	0.00486	0.00270	0.00864
128	0.01375	0.01295	0.02019	0.11121	0.58278	0.04511	0.01542	0.01789	0.07201	0.03904	0.01138	0.01414	0.00919	0.00521	0.00540	0.00165	0.00648	0.00492	0.00301	0.00828
129	0.02016	0.02564	0.01548	0.01405	0.01679	0.76759	0.01057	0.02156	0.01527	0.01334	0.00840	0.00988	0.00703	0.00571	0.00523	0.00143	0.02922	0.00354	0.00280	0.00631
130	0.01842	0.01552	0.06909	0.01607	0.14303	0.01562	0.01194	0.54379	0.04294	0.02970	0.01256	0.01321	0.00918	0.00613	0.00539	0.00162	0.00612	0.00483	0.00473	0.03010
131	0.01622	0.01360	0.01409	0.01186	0.01515	0.05430	0.00947	0.29027	0.38968	0.02566	0.01794	0.01736	0.03052	0.00729	0.00634	0.00179	0.05924	0.00560	0.00515	0.00847
132	0.00660	0.00493	0.00614	0.00711	0.00778	0.00447	0.00485	0.00765	0.01090	0.01411	0.03595	0.62862	0.20848	0.01631	0.00684	0.00213	0.00307	0.01456	0.00506	0.00447
133	0.01082	0.01030	0.01606	0.70231	0.03485	0.03236	0.01450	0.01514	0.06227	0.01450	0.01045	0.01474	0.00790	0.00569	0.00575	0.00182	0.02677	0.00490	0.00264	0.00624
134	0.00909	0.00656	0.00768	0.00714	0.00893	0.00627	0.00538	0.01285	0.11300	0.06267	0.38172	0.03989	0.25149	0.05420	0.00741	0.00196	0.00312	0.00949	0.00557	0.00558
135	0.00674	0.00499	0.00629	0.00712	0.00784	0.00455	0.00490	0.00796	0.01142	0.01504	0.12544	0.57188	0.17440	0.01575	0.00680	0.00208	0.00302	0.01407	0.00518	0.00455
136	0.01126	0.02596	0.65589	0.01677	0.02441	0.01285	0.14216	0.01730	0.01174	0.01730	0.00999	0.01204	0.00713	0.00508	0.00539	0.00175	0.00825	0.00443	0.00238	0.00794
137	0.00664	0.00474	0.00633	0.00759	0.00791	0.00443	0.00506	0.00759	0.01044	0.01392	0.03005	0.80485	0.03606	0.01708	0.00696	0.00221	0.00316	0.01550	0.00506	0.00443
138	0.02025	0.04729	0.01599	0.01366	0.01678	0.63618	0.01047	0.14363	0.01701	0.01682	0.00918	0.01034	0.00740	0.00574	0.00496	0.00144	0.00908	0.00373	0.00323	0.00683
139	0.02037	0.02598	0.01545	0.01404	0.01685	0.78652	0.01053	0.02177	0.01545	0.01334	0.00843	0.00983	0.00702	0.00562	0.00492	0.00140	0.00983	0.00351	0.00281	0.00632
140	0.02037	0.02598	0.01545	0.01404	0.01685	0.78652	0.01053	0.02177	0.01545	0.01334	0.00843	0.00983	0.00702	0.00562	0.00492	0.00140	0.00983	0.00351	0.00281	0.00632
141	0.01005	0.00746	0.01052	0.01072	0.02935	0.00748	0.04994	0.01408	0.10698	0.05337	0.09573	0.13798	0.04750	0.01274	0.00688	0.00220	0.00468	0.38145	0.00508	0.00582
142	0.00653	0.00553	0.00564	0.00561	0.00742	0.00464	0.00421	0.00799	0.01263	0.01521	0.10400	0.05167	0.72311	0.01363	0.00644	0.00183	0.00275	0.01139	0.00513	0.00464
143	0.01388	0.61061	0.20243	0.01088	0.01629	0.03849	0.01186	0.01668	0.01129	0.01387	0.00811	0.00941	0.00698	0.00481	0.00392	0.00130	0.00645	0.00319	0.00234	0.00723
144	0.00793	0.00598	0.00874	0.00866	0.00951	0.00697	0.00664	0.00967	0.00867	0.01247	0.01462	0.02249	0.01402	0.11349	0.69035	0.00823	0.03786	0.00601	0.00294	0.00475
145	0.02084	0.01479	0.01603	0.01232	0.01665	0.01624	0.01017	0.69275	0.03896	0.08479	0.01383	0.01360	0.00970	0.00657	0.00546	0.00164	0.00587	0.00497	0.00554	0.00926
146	0.84691	0.01054	0.00801	0.00717	0.01054	0.01223	0.00590	0.01603	0.00928	0.02446	0.00759	0.00886	0.00590	0.00506	0.00337	0.00169	0.00422	0.00295	0.00337	0.00590
147	0.00793	0.00529	0.00595	0.00595	0.00595	0.00529	0.00330	0.00793	0.00793	0.01057	0.01718	0.03568	0.01982	0.80840	0.02775	0.00529	0.00529	0.00793	0.00330	0.00330
148	0.01872	0.01137	0.01313	0.01080	0.01448	0.01197	0.00872	0.18849	0.30124	0.29047	0.03788	0.01961	0.01509	0.00726	0.00557	0.00176	0.00478	0.02389	0.00595	0.00883
149	0.20305	0.01350	0.01392	0.01093	0.01497	0.01490	0.00902	0.52021	0.02090	0.08239	0.01259	0.01275	0.00896	0.00622	0.00495	0.00164	0.00541	0.00452	0.03076	0.00840
150	0.00658	0.00500	0.00606	0.00690	0.00773	0.00449	0.00475	0.00767	0.01110	0.01419	0.03847	0.55332	0.28215	0.01599	0.00679	0.00209	0.00303	0.01416	0.00506	0.00449
151	0.06172	0.00934	0.01244	0.00959	0.01376	0.00820	0.00792	0.02609	0.01532	0.74403	0.02088	0.01812	0.01315	0.00667	0.00539	0.00169	0.00462	0.00537	0.00659	0.00913
152	0.59053	0.08735	0.15258	0.00903	0.01338	0.01321	0.00893	0.01668	0.03313	0.02201	0.00844	0.00969	0.00652	0.00512	0.00379	0.00165	0.00508	0.00325	0.00315	0.00649
153	0.06732	0.01030	0.01300	0.01002	0.01421	0.00965	0.00827	0.14195	0.01686	0.62016	0.01944	0.01717	0.01242	0.00663	0.00537	0.00168	0.00483	0.00526	0.00636	0.00910
154	0.00669	0.00481	0.00627	0.00741	0.00779	0.00447	0.00494	0.00762	0.01043	0.01381	0.03077	0.73220	0.07315	0.05189	0.00785	0.00233	0.00324	0.01496	0.00498	0.00439
155	0.00761	0.00549	0.00705	0.00785	0.00861	0.00523	0.00540	0.00968	0.06212	0.02748	0.06151	0.67843	0.03412	0.01556	0.00672	0.00211	0.00327	0.01404	0.00510	0.03263
156	0.01119	0.04302	0.71258	0.01511	0.02276	0.01290	0.01914	0.01804	0.06278	0.01755	0.01058	0.01206	0.00757	0.00532	0.00517	0.00172	0.00776	0.00415	0.00252	0.00807
157	0.02037	0.02598	0.01545	0.01404	0.01685	0.78652	0.01053	0.02177	0.01545	0.01334	0.00843	0.00983	0.00702	0.00562	0.00492	0.00140	0.00983	0.00351	0.00281	0.00632
158	0.01829	0.02011	0.01760	0.02029	0.27289	0.44332	0.01248	0.05652	0.01493	0.05878	0.01001	0.01172	0.00804	0.00547	0.00514	0.00150	0.00822	0.00415	0.00312	0.00741
159	0.01566	0.01184	0.01287	0.01101	0.01433	0.01321	0.00871	0.18916	0.48215	0.09045	0.05410	0.03972	0.01680	0.00757	0.00560	0.00179	0.00461	0.00623	0.00564	0.00856
160	0.00653	0.00527	0.00582	0.00623	0.00756	0.00456	0.00446	0.00779	0.01183	0.01460	0.06052	0.29959	0.51653	0.01483	0.00661	0.00196	0.00289	0.01279	0.00508	0.00456
161	0.01109	0.01114	0.01861	0.61538	0.03440	0.04854	0.13350	0.01471	0.01142	0.01447	0.01034	0.03356	0.00812	0.00560	0.00562	0.00181	0.00760	0.00530	0.00256	0.00624
162	0.02071	0.01856	0.01596	0.01295	0.01681	0.26501	0.01035	0.49864	0.02206	0.04854	0.01182	0.01219	0.00866	0.00625	0.00528	0.00156	0.00720	0.00447	0.00464	0.00832
163	0.00670	0.00514	0.00613	0.00687	0.00783	0.00461	0.00486	0.00788	0.01128	0.01429	0.03962	0.45388	0.32495	0.03222	0.00722	0.00215	0.00315	0.05168	0.00502	0.00450
164	0.01090	0.01050	0.01559	0.01337	0.01398	0.01385	0.06106	0.01248	0.00875	0.01324	0.00945	0.01496	0.00909	0.03574	0.20221	0.00395	0.53738	0.00522	0.00256	0.00573
165	0.00665	0.00482	0.00629	0.00743	0.00788	0.00446	0.00500	0.00767	0.01069	0.01416	0.04940	0.73544	0.08655	0.01672	0.00691	0.00218	0.00312	0.01509	0.00508	0.00446
166	0.02000	0.02523	0.01528	0.01389	0.01671	0.74546	0.01043	0.02215	0.05524	0.01385	0.00916	0.01039	0.00753	0.00571	0.00495	0.00143	0.00954	0.00365	0.00295	0.00644
167	0.77301	0.01192	0.00868	0.00778	0.01111	0.08146	0.00632	0.01654	0.00983	0.02347	0.00767	0.00894	0.00600	0.00511	0.00351	0.00166	0.00472	0.00300	0.00332	0.00594
168	0.02037	0.02598	0.01545	0.01404	0.01685	0.78652	0.01053	0.02177	0.01545	0.01334	0.00843	0.00983	0.00702	0.00562	0.00492	0.00140	0.00983	0.00351	0.00281	0.00632
169	0.00779	0.00584	0.00876	0.00876	0.00974	0.00681	0.00681	0.00974	0.00876	0.01266	0.01460	0.02142	0.01363	0.04089	0.78680	0.00876	0.01460	0.00584	0.00292	0.00487
170	0.82233	0.01038	0.00793	0.00711	0.01042	0.01202	0.00584	0.01593	0.00934	0.02434	0.00789	0.00919	0.00614	0.00510	0.00339	0.00167	0.00417	0.00301	0.02791	0.00588
171	0.84691	0.01054	0.00801	0.00717	0.01054	0.01223	0.00590	0.01603	0.00928	0.02446	0.00759	0.00886	0.00590	0.00506	0.00337	0.00169	0.00422	0.00295	0.00337	0.00590
172	0.02118	0.00938	0.01232	0.00930	0.01367	0.00783	0.00763	0.02337	0.01453	0.58881	0.01857	0.01675	0.01215	0.00607	0.00512	0.00147	0.00449	0.00492	0.00587	0.21658
173	0.00664	0.00474	0.00633	0.00759	0.00791	0.00443	0.00506	0.00759	0.01044	0.01392	0.03005	0.80485	0.03606	0.01708	0.00696	0.00221	0.00316	0.01550	0.00506	0.00443
174	0.84691	0.01054	0.00801	0.00717	0.01054	0.01223	0.00590	0.01603	0.00928	0.02446	0.00759	0.00886	0.00590	0.00506	0.00337	0.00169	0.00422	0.00295	0.00337	0.00590
175	0.07885	0.00901	0.01182	0.00925	0.01313	0.00802	0.00759	0.02428	0.01516	0.65386	0.09294	0.02003	0.01664	0.00706	0.00543	0.00169	0.00441	0.00573	0.00645	0.00865
176	0.02195	0.01688	0.01469	0.01204	0.01580	0.28560	0.00957	0.23193	0.01840	0.29686	0.01450	0.01392	0.01001	0.00629	0.00527	0.00157	0.00686	0.00462	0.00499	0.00823
177	0.02329	0.01146	0.01377	0.01063	0.01484	0.03448	0.00874	0.22953	0.01839	0.54756	0.01876	0.01677	0.01212	0.00666	0.00546	0.00166	0.00518	0.00526	0.00627	0.00919
