[name]
unknown

[dist]
# distance from previous block
# <min> <max>
1	61

[block]
# block no. 0 follows, 45 sequences, length 44
# corresponding to MSA columns:
# 76-119
name=unknown_A
#
# <colnr> <probs for GDERKNQSTAVLIFYWHMCP>
#	G	D	E	R	K	N	Q	S	T	A	V	L	I	F	Y	W	H	M	C	P
0	0.01104	0.03615	0.01048	0.00914	0.02622	0.04221	0.00671	0.08695	0.02455	0.02904	0.03885	0.14116	0.03096	0.17863	0.04993	0.02051	0.08967	0.00708	0.06482	0.09588
1	0.19426	0.04244	0.01162	0.08611	0.01419	0.03029	0.00774	0.16342	0.02950	0.03324	0.01168	0.04831	0.00999	0.03251	0.04228	0.08845	0.00543	0.00470	0.03270	0.11114
2	0.04562	0.01312	0.01414	0.01128	0.01498	0.01432	0.00913	0.57359	0.05245	0.02967	0.01518	0.11984	0.01281	0.00772	0.00545	0.00166	0.00533	0.00615	0.00516	0.04239
3	0.01286	0.11114	0.23956	0.01157	0.01607	0.03459	0.01166	0.15158	0.03738	0.01918	0.01310	0.09781	0.01168	0.00705	0.00575	0.00160	0.05156	0.02690	0.03210	0.10686
4	0.01216	0.01289	0.06536	0.30784	0.32555	0.05705	0.01474	0.02904	0.03397	0.01618	0.02785	0.01502	0.02790	0.00563	0.00565	0.00169	0.02654	0.00496	0.00279	0.00718
5	0.04030	0.02985	0.01728	0.44157	0.22543	0.07662	0.01409	0.04554	0.01207	0.01582	0.01054	0.01406	0.02348	0.00541	0.00522	0.00168	0.00689	0.00470	0.00269	0.00676
6	0.00724	0.00560	0.00662	0.00643	0.00789	0.00507	0.00479	0.00961	0.03570	0.01849	0.44220	0.08766	0.31880	0.01218	0.00634	0.00177	0.00268	0.01052	0.00550	0.00493
7	0.00782	0.00502	0.00619	0.00644	0.00652	0.00498	0.00392	0.00764	0.00817	0.01091	0.01799	0.18276	0.02070	0.49746	0.04021	0.15292	0.00492	0.00866	0.00342	0.00334
8	0.03408	0.00726	0.00962	0.00944	0.04180	0.00694	0.00681	0.01603	0.06308	0.26605	0.08270	0.28285	0.02419	0.04405	0.05583	0.00244	0.00462	0.03048	0.00529	0.00646
9	0.00735	0.00517	0.00639	0.00698	0.00763	0.00487	0.00469	0.00861	0.02744	0.03012	0.08115	0.47841	0.12715	0.16564	0.01056	0.00265	0.00347	0.01256	0.00477	0.00441
10	0.01254	0.00611	0.00663	0.00603	0.00785	0.00601	0.00467	0.05309	0.01256	0.12879	0.01779	0.01940	0.01345	0.00632	0.00407	0.00133	0.00297	0.00505	0.67953	0.00580
11	0.00664	0.00477	0.00628	0.00741	0.00782	0.00445	0.00501	0.00766	0.01051	0.01399	0.05563	0.72545	0.06040	0.03099	0.00720	0.00221	0.00316	0.03106	0.00498	0.00438
12	0.09409	0.00834	0.01041	0.00843	0.01169	0.00767	0.00676	0.02116	0.03249	0.50255	0.07794	0.02173	0.04720	0.06130	0.00669	0.00188	0.00420	0.00590	0.06194	0.00765
13	0.00857	0.00558	0.00649	0.00631	0.00678	0.00550	0.00392	0.00941	0.02816	0.04373	0.10767	0.03560	0.04176	0.62756	0.02247	0.00442	0.00477	0.02355	0.00384	0.00390
14	0.01014	0.00954	0.01610	0.79845	0.03697	0.01193	0.01491	0.01371	0.01073	0.01371	0.00954	0.01431	0.00716	0.00537	0.00537	0.00179	0.00716	0.00477	0.00239	0.00596
15	0.01133	0.00637	0.00808	0.00766	0.00941	0.00585	0.00594	0.01300	0.01252	0.18923	0.14233	0.06642	0.16724	0.16240	0.01033	0.00255	0.00407	0.16462	0.00517	0.00550
16	0.01188	0.00654	0.00827	0.00755	0.00955	0.00597	0.00575	0.01441	0.04847	0.21703	0.27084	0.17863	0.13760	0.01095	0.00604	0.00178	0.00328	0.00950	0.03988	0.00607
17	0.02005	0.02558	0.01521	0.01383	0.01659	0.78980	0.01037	0.02143	0.01521	0.01314	0.00830	0.00968	0.00691	0.00553	0.00484	0.00138	0.00968	0.00346	0.00277	0.00622
18	0.04551	0.01155	0.01381	0.01061	0.01480	0.01154	0.00877	0.32221	0.01918	0.45858	0.01745	0.01583	0.01140	0.00652	0.00533	0.00164	0.00510	0.00510	0.00604	0.00904
19	0.00683	0.00484	0.00632	0.00728	0.00766	0.00456	0.00487	0.00783	0.01048	0.01407	0.09476	0.63279	0.03490	0.10850	0.00919	0.00249	0.00335	0.03011	0.00486	0.00431
20	0.00678	0.00481	0.00632	0.00739	0.00775	0.00454	0.00497	0.00775	0.01030	0.01375	0.05381	0.67791	0.03432	0.09179	0.00880	0.00246	0.00337	0.04403	0.00485	0.00430
21	0.00726	0.00545	0.00673	0.00646	0.00783	0.00492	0.00482	0.00947	0.01434	0.01960	0.57901	0.06544	0.22539	0.01178	0.00635	0.00173	0.00259	0.01026	0.00566	0.00492
22	0.01204	0.01331	0.02812	0.16490	0.02915	0.01302	0.60131	0.01629	0.01225	0.01646	0.01112	0.03585	0.00870	0.00501	0.00617	0.00182	0.00854	0.00629	0.00272	0.00693
23	0.01358	0.01164	0.01226	0.01097	0.01404	0.01346	0.00855	0.05193	0.74439	0.02282	0.02156	0.01980	0.01615	0.00726	0.00546	0.00181	0.00430	0.00603	0.00546	0.00852
24	0.00767	0.00575	0.00863	0.00863	0.00959	0.00671	0.00671	0.00959	0.00863	0.01246	0.01438	0.02109	0.01342	0.04026	0.79008	0.00863	0.01438	0.00575	0.00288	0.00479
25	0.00781	0.00520	0.00585	0.00585	0.00585	0.00520	0.00325	0.00781	0.00781	0.01041	0.01691	0.03513	0.01952	0.81135	0.02732	0.00520	0.00520	0.00781	0.00325	0.00325
26	0.01988	0.04898	0.01559	0.01369	0.01651	0.76701	0.01034	0.02128	0.01508	0.01312	0.00827	0.00965	0.00691	0.00550	0.00480	0.00138	0.00956	0.00344	0.00275	0.00624
27	0.01113	0.00954	0.01113	0.00795	0.01272	0.00716	0.00636	0.01352	0.01113	0.01749	0.00954	0.01113	0.00795	0.00398	0.00398	0.00080	0.00398	0.00318	0.00318	0.84417
28	0.01435	0.81458	0.02813	0.00918	0.01378	0.02124	0.00918	0.01607	0.01091	0.01263	0.00746	0.00861	0.00689	0.00459	0.00344	0.00115	0.00574	0.00287	0.00230	0.00689
29	0.01077	0.02777	0.78354	0.01530	0.02323	0.01247	0.01983	0.01700	0.01133	0.01700	0.00963	0.01133	0.00680	0.00510	0.00510	0.00170	0.00793	0.00397	0.00227	0.00793
30	0.01174	0.01174	0.01644	0.01409	0.01409	0.01644	0.01174	0.01292	0.00822	0.01292	0.00705	0.01174	0.00705	0.00940	0.01762	0.00235	0.80153	0.00470	0.00235	0.00587
31	0.00932	0.00466	0.00699	0.00699	0.00699	0.00466	0.00466	0.00699	0.00699	0.00932	0.00932	0.01632	0.00932	0.01865	0.02098	0.84382	0.00466	0.00466	0.00233	0.00233
32	0.01267	0.01448	0.03167	0.02262	0.02805	0.01357	0.75837	0.01719	0.01267	0.01719	0.01086	0.01448	0.00814	0.00452	0.00633	0.00181	0.00905	0.00633	0.00271	0.00724
33	0.09498	0.01030	0.01207	0.00952	0.01326	0.01027	0.00781	0.20951	0.03540	0.41369	0.01743	0.01631	0.01170	0.00641	0.00501	0.00160	0.00461	0.00500	0.10680	0.00832
34	0.00695	0.00511	0.00667	0.00752	0.00823	0.00461	0.00511	0.00801	0.01035	0.01404	0.02779	0.73660	0.03304	0.01567	0.00659	0.00206	0.00319	0.01418	0.00482	0.07947
35	0.01077	0.02777	0.78354	0.01530	0.02323	0.01247	0.01983	0.01700	0.01133	0.01700	0.00963	0.01133	0.00680	0.00510	0.00510	0.00170	0.00793	0.00397	0.00227	0.00793
36	0.00755	0.00549	0.00711	0.00671	0.00799	0.00505	0.00503	0.01005	0.01509	0.02128	0.75002	0.04050	0.07581	0.01106	0.00633	0.00169	0.00254	0.00976	0.00588	0.00505
37	0.02408	0.00914	0.01246	0.00955	0.01370	0.00789	0.00789	0.02616	0.01536	0.78158	0.02118	0.01827	0.01329	0.00664	0.00540	0.00166	0.00457	0.00540	0.00664	0.00914
38	0.01174	0.01174	0.01644	0.01409	0.01409	0.01644	0.01174	0.01292	0.00822	0.01292	0.00705	0.01174	0.00705	0.00940	0.01762	0.00235	0.80153	0.00470	0.00235	0.00587
39	0.01056	0.00982	0.01632	0.66225	0.06861	0.01200	0.02966	0.03537	0.01109	0.01446	0.00986	0.01449	0.00761	0.00722	0.04508	0.00213	0.02996	0.00485	0.00251	0.00614
40	0.00751	0.00624	0.00668	0.00652	0.00835	0.00581	0.00493	0.01089	0.11283	0.01661	0.15707	0.07174	0.52629	0.01250	0.00626	0.00182	0.00295	0.02467	0.00519	0.00514
41	0.01465	0.00836	0.01026	0.00871	0.01143	0.00820	0.00688	0.06889	0.15039	0.26246	0.32177	0.02824	0.05915	0.00875	0.00582	0.00170	0.00372	0.00743	0.00599	0.00722
42	0.00781	0.00520	0.00585	0.00585	0.00585	0.00520	0.00325	0.00781	0.00781	0.01041	0.01691	0.03513	0.01952	0.81135	0.02732	0.00520	0.00520	0.00781	0.00325	0.00325
43	0.84927	0.01038	0.00789	0.00706	0.01038	0.01204	0.00581	0.01578	0.00914	0.02408	0.00747	0.00872	0.00581	0.00498	0.00332	0.00166	0.00415	0.00291	0.00332	0.00581

[dist]
# distance from previous block
# <min> <max>
0	9

[block]
# block no. 1 follows, 45 sequences, length 23
# corresponding to MSA columns:
# 129-151
name=unknown_B
#
# <colnr> <probs for GDERKNQSTAVLIFYWHMCP>
#	G	D	E	R	K	N	Q	S	T	A	V	L	I	F	Y	W	H	M	C	P
0	0.00727	0.00563	0.00754	0.00754	0.00873	0.00598	0.00577	0.00894	0.00970	0.01301	0.02675	0.03100	0.24763	0.06115	0.52075	0.00641	0.01045	0.00754	0.00354	0.00465
1	0.59091	0.00888	0.00767	0.00697	0.00966	0.00990	0.00558	0.01405	0.01100	0.02330	0.24308	0.01835	0.01958	0.00682	0.00425	0.00167	0.00366	0.00499	0.00412	0.00558
2	0.01139	0.01122	0.01576	0.01361	0.01370	0.01559	0.01130	0.01263	0.00826	0.01288	0.00769	0.01256	0.00760	0.01209	0.08517	0.00290	0.73268	0.00479	0.00239	0.00578
3	0.00854	0.00779	0.01416	0.01221	0.01418	0.00730	0.23642	0.01067	0.01118	0.01493	0.02443	0.50215	0.04637	0.01285	0.00671	0.00207	0.00503	0.05346	0.00428	0.00528
4	0.01159	0.00968	0.01061	0.00964	0.01214	0.01081	0.00744	0.02288	0.53704	0.02217	0.25304	0.02619	0.02690	0.00842	0.00573	0.00178	0.00372	0.00719	0.00560	0.00744
5	0.00932	0.00466	0.00699	0.00699	0.00699	0.00466	0.00466	0.00699	0.00699	0.00932	0.00932	0.01632	0.00932	0.01865	0.02098	0.84382	0.00466	0.00466	0.00233	0.00233
6	0.01156	0.02278	0.54675	0.01396	0.02039	0.01274	0.01635	0.02054	0.24365	0.01867	0.01338	0.01400	0.00974	0.00577	0.00521	0.00174	0.00680	0.00461	0.00325	0.00811
7	0.01273	0.00785	0.00979	0.00864	0.00996	0.00834	0.00636	0.23812	0.01259	0.01685	0.01042	0.01526	0.00926	0.01490	0.01619	0.58530	0.00504	0.00471	0.00326	0.00442
8	0.01341	0.26124	0.13009	0.02232	0.40546	0.03255	0.01441	0.01678	0.02690	0.01596	0.00942	0.01163	0.00789	0.00484	0.00470	0.00147	0.00643	0.00408	0.00255	0.00788
9	0.01085	0.01077	0.04187	0.18427	0.25914	0.02452	0.09941	0.01414	0.01290	0.01782	0.24482	0.02174	0.02103	0.00680	0.00574	0.00169	0.00578	0.00642	0.00359	0.00670
10	0.84927	0.01038	0.00789	0.00706	0.01038	0.01204	0.00581	0.01578	0.00914	0.02408	0.00747	0.00872	0.00581	0.00498	0.00332	0.00166	0.00415	0.00291	0.00332	0.00581
11	0.00675	0.00535	0.00607	0.00611	0.00756	0.00467	0.00450	0.00842	0.01289	0.01655	0.27236	0.14643	0.45689	0.01321	0.00641	0.00182	0.00271	0.01134	0.00527	0.00467
12	0.01442	0.00942	0.01498	0.55629	0.02983	0.01069	0.01275	0.01754	0.01215	0.24942	0.01311	0.01553	0.00904	0.00576	0.00538	0.00175	0.00636	0.00496	0.00369	0.00694
13	0.06843	0.01368	0.01439	0.01159	0.01544	0.01536	0.00941	0.49039	0.25231	0.02975	0.01531	0.01483	0.01116	0.00661	0.00527	0.00168	0.00529	0.00510	0.00527	0.00873
14	0.00843	0.00691	0.01092	0.25107	0.01799	0.00831	0.00923	0.01085	0.00927	0.01285	0.01289	0.01901	0.01150	0.02955	0.54921	0.00653	0.01216	0.00545	0.00273	0.00515
15	0.00867	0.00679	0.00803	0.00848	0.00962	0.00715	0.00601	0.01395	0.24284	0.01629	0.02683	0.54293	0.02916	0.03764	0.00704	0.00216	0.00352	0.01222	0.00508	0.00560
16	0.01440	0.01275	0.01634	0.01356	0.01488	0.01650	0.01127	0.24223	0.01344	0.01934	0.00884	0.01210	0.00769	0.00849	0.01386	0.00212	0.55731	0.00474	0.00328	0.00687
17	0.01102	0.01514	0.24823	0.01021	0.01595	0.00879	0.01050	0.01459	0.01119	0.01734	0.00957	0.01119	0.00760	0.00432	0.00432	0.00107	0.00519	0.00342	0.00290	0.58748
18	0.00719	0.00513	0.00688	0.00791	0.00853	0.00489	0.00579	0.00862	0.01119	0.01496	0.10644	0.52398	0.03542	0.04424	0.00766	0.00231	0.00356	0.18575	0.00501	0.00453
19	0.00794	0.00521	0.00599	0.00623	0.00739	0.00488	0.00460	0.00980	0.01194	0.01724	0.16261	0.17819	0.19923	0.04169	0.00650	0.00186	0.00294	0.05930	0.26175	0.00472
20	0.01167	0.00822	0.00900	0.00785	0.00917	0.00872	0.00539	0.23869	0.01316	0.01760	0.01568	0.02830	0.01633	0.56428	0.02058	0.00410	0.00542	0.00689	0.00390	0.00506
21	0.04113	0.01068	0.01304	0.01012	0.01406	0.01045	0.00832	0.24985	0.01823	0.47211	0.07983	0.01817	0.01488	0.00690	0.00542	0.00165	0.00480	0.00552	0.00611	0.00872
22	0.03557	0.00650	0.00763	0.00698	0.00892	0.00583	0.00516	0.02399	0.01221	0.14449	0.11716	0.15288	0.25522	0.12623	0.00901	0.00224	0.00361	0.00933	0.00495	0.06209

[dist]
# distance from previous block
# <min> <max>
0	1

[block]
# block no. 2 follows, 45 sequences, length 10
# corresponding to MSA columns:
# 153-162
name=unknown_C
#
# <colnr> <probs for GDERKNQSTAVLIFYWHMCP>
#	G	D	E	R	K	N	Q	S	T	A	V	L	I	F	Y	W	H	M	C	P
0	0.00686	0.00480	0.00614	0.00707	0.00730	0.00457	0.00455	0.00756	0.00966	0.01288	0.02642	0.61497	0.03151	0.21514	0.01196	0.00293	0.00364	0.01340	0.00455	0.00408
1	0.00806	0.00560	0.00789	0.00789	0.00885	0.00635	0.00605	0.00998	0.00902	0.01361	0.01502	0.02161	0.01378	0.07291	0.62210	0.00724	0.01196	0.00573	0.14160	0.00475
2	0.01430	0.01297	0.02056	0.06894	0.61377	0.01336	0.01536	0.13936	0.01430	0.02004	0.01053	0.01327	0.00854	0.00509	0.00533	0.00161	0.00634	0.00479	0.00309	0.00848
3	0.00983	0.00704	0.00839	0.00774	0.00945	0.00692	0.00587	0.13379	0.01529	0.03894	0.36231	0.15029	0.13698	0.04936	0.00726	0.00196	0.00346	0.03415	0.00542	0.00557
4	0.00664	0.00480	0.00631	0.00749	0.00794	0.00447	0.00513	0.00769	0.01050	0.01388	0.03093	0.72430	0.07736	0.01653	0.00685	0.00217	0.00319	0.05443	0.00498	0.00440
5	0.03871	0.02911	0.03762	0.01267	0.01704	0.01013	0.17350	0.05044	0.01462	0.49543	0.03350	0.01693	0.01216	0.00621	0.00582	0.00170	0.02518	0.00551	0.00532	0.00839
6	0.00844	0.13899	0.00985	0.00707	0.00811	0.00756	0.00506	0.00939	0.01016	0.01341	0.12441	0.28784	0.02704	0.30351	0.01367	0.00304	0.00423	0.00973	0.00404	0.00447
7	0.00858	0.00658	0.00777	0.00823	0.00929	0.00687	0.00579	0.01337	0.21573	0.01608	0.02629	0.51953	0.02860	0.06411	0.00767	0.00224	0.00353	0.01196	0.03236	0.00543
8	0.39777	0.01119	0.01269	0.14013	0.05605	0.03471	0.00974	0.01479	0.00945	0.01844	0.00785	0.01079	0.00657	0.00636	0.00803	0.00187	0.24089	0.00385	0.00283	0.00601
9	0.00716	0.00476	0.00607	0.00704	0.00754	0.00450	0.00478	0.00842	0.01064	0.01507	0.05853	0.64562	0.03253	0.01483	0.00632	0.00201	0.00299	0.01333	0.14338	0.00450

[dist]
# distance from previous block
# <min> <max>
0	1

[block]
# block no. 3 follows, 45 sequences, length 41
# corresponding to MSA columns:
# 164-204
name=unknown_D
#
# <colnr> <probs for GDERKNQSTAVLIFYWHMCP>
#	G	D	E	R	K	N	Q	S	T	A	V	L	I	F	Y	W	H	M	C	P
0	0.01477	0.75929	0.02730	0.00940	0.01398	0.02092	0.00926	0.06751	0.01190	0.01410	0.00784	0.00891	0.00704	0.00472	0.00358	0.00118	0.00575	0.00301	0.00251	0.00704
1	0.01416	0.01242	0.01379	0.01372	0.10954	0.04148	0.00959	0.10082	0.51782	0.02233	0.01812	0.01746	0.01373	0.00659	0.00531	0.00168	0.00486	0.00549	0.00485	0.06627
2	0.01106	0.00954	0.01147	0.06261	0.01440	0.00749	0.00695	0.01353	0.01110	0.01723	0.00954	0.01135	0.00790	0.00407	0.00407	0.00086	0.00420	0.00329	0.00313	0.78620
3	0.00902	0.00547	0.00872	0.00825	0.00879	0.00548	0.05700	0.00816	0.00807	0.01098	0.01279	0.11592	0.01321	0.03311	0.10033	0.56015	0.00578	0.00628	0.01924	0.00326
4	0.00753	0.00523	0.00595	0.00598	0.00635	0.00506	0.00363	0.00800	0.00923	0.01220	0.09689	0.07927	0.11967	0.58843	0.02149	0.00426	0.00451	0.00884	0.00383	0.00365
5	0.00850	0.00607	0.00848	0.00972	0.01089	0.00605	0.00840	0.01087	0.01221	0.01590	0.02850	0.11223	0.03121	0.01497	0.00738	0.00245	0.00482	0.69150	0.00495	0.00490
6	0.01083	0.00768	0.00958	0.04047	0.01188	0.00758	0.02764	0.05106	0.11297	0.10288	0.12691	0.03950	0.27589	0.01095	0.00623	0.00189	0.00402	0.14080	0.00519	0.00606
7	0.01134	0.01056	0.01774	0.37448	0.35752	0.01163	0.01488	0.01462	0.01157	0.01565	0.01193	0.01913	0.01044	0.00619	0.00558	0.00178	0.00656	0.08864	0.00279	0.00696
8	0.02172	0.00971	0.01247	0.00992	0.01381	0.00912	0.00813	0.06611	0.12777	0.59951	0.02109	0.01980	0.01417	0.00703	0.00548	0.00171	0.00461	0.03264	0.00634	0.00889
9	0.01113	0.00954	0.01113	0.00795	0.01272	0.00716	0.00636	0.01352	0.01113	0.01749	0.00954	0.01113	0.00795	0.00398	0.00398	0.00080	0.00398	0.00318	0.00318	0.84417
10	0.01014	0.00954	0.01610	0.79845	0.03697	0.01193	0.01491	0.01371	0.01073	0.01371	0.00954	0.01431	0.00716	0.00537	0.00537	0.00179	0.00716	0.00477	0.00239	0.00596
11	0.00660	0.00473	0.00628	0.00750	0.00787	0.00442	0.00507	0.00759	0.01038	0.01379	0.03014	0.76821	0.05302	0.01668	0.00686	0.00218	0.00316	0.03617	0.00498	0.00438
12	0.00713	0.00501	0.00649	0.00745	0.00783	0.00481	0.00512	0.00807	0.01002	0.01330	0.02654	0.52504	0.03121	0.19669	0.01157	0.00291	0.00385	0.11817	0.00458	0.00419
13	0.01267	0.01448	0.03167	0.02262	0.02805	0.01357	0.75837	0.01719	0.01267	0.01719	0.01086	0.01448	0.00814	0.00452	0.00633	0.00181	0.00905	0.00633	0.00271	0.00724
14	0.02071	0.01454	0.01580	0.01212	0.01640	0.01591	0.01001	0.69865	0.02441	0.09631	0.01358	0.01334	0.00948	0.00646	0.00537	0.00162	0.00579	0.00488	0.00548	0.00913
15	0.00771	0.00565	0.00694	0.00697	0.00826	0.00525	0.00517	0.01009	0.04297	0.03272	0.36205	0.19561	0.20867	0.02972	0.00689	0.00194	0.00298	0.05003	0.00540	0.00497
16	0.00805	0.00551	0.00618	0.00612	0.00639	0.00548	0.00362	0.03189	0.00878	0.01160	0.01989	0.07528	0.06951	0.69243	0.02419	0.00471	0.00496	0.00833	0.00352	0.00358
17	0.02144	0.01272	0.01456	0.01119	0.01536	0.01329	0.00923	0.48469	0.02144	0.29532	0.01590	0.01495	0.01070	0.00651	0.00534	0.00162	0.00535	0.00503	0.02631	0.00903
18	0.08038	0.01045	0.01290	0.00996	0.01408	0.01000	0.00823	0.17791	0.01698	0.57384	0.01851	0.01649	0.01191	0.00649	0.00525	0.00165	0.00482	0.00511	0.00615	0.00890
19	0.00828	0.00585	0.00700	0.00672	0.00798	0.00553	0.00481	0.01068	0.05720	0.04579	0.35559	0.09648	0.17721	0.17482	0.01057	0.00247	0.00333	0.00967	0.00512	0.00490
20	0.82140	0.01020	0.00779	0.00699	0.01024	0.01181	0.00574	0.01567	0.00921	0.02395	0.00781	0.00910	0.00608	0.00503	0.00334	0.00165	0.00410	0.00298	0.03114	0.00579
21	0.01435	0.81458	0.02813	0.00918	0.01378	0.02124	0.00918	0.01607	0.01091	0.01263	0.00746	0.00861	0.00689	0.00459	0.00344	0.00115	0.00574	0.00287	0.00230	0.00689
22	0.00699	0.00511	0.00669	0.00739	0.00788	0.00494	0.00507	0.00817	0.01100	0.01493	0.16805	0.56725	0.05235	0.07191	0.00854	0.00230	0.02873	0.01327	0.00495	0.00447
23	0.00767	0.00575	0.00863	0.00863	0.00959	0.00671	0.00671	0.00959	0.00863	0.01246	0.01438	0.02109	0.01342	0.04026	0.79008	0.00863	0.01438	0.00575	0.00288	0.00479
24	0.00660	0.00471	0.00630	0.00754	0.00788	0.00441	0.00509	0.00758	0.01034	0.01377	0.02955	0.78690	0.03537	0.01676	0.00687	0.00219	0.00317	0.03562	0.00498	0.00438
25	0.00775	0.00563	0.00814	0.00814	0.00891	0.00640	0.00610	0.00921	0.00844	0.01203	0.01458	0.02308	0.01421	0.15841	0.64367	0.03930	0.01260	0.00603	0.00291	0.00446
26	0.01292	0.01294	0.04568	0.10206	0.68624	0.01267	0.01644	0.01624	0.01206	0.01717	0.01003	0.01332	0.00833	0.00485	0.00531	0.00162	0.00650	0.00476	0.00262	0.00825
27	0.00676	0.00478	0.00625	0.00733	0.00763	0.00452	0.00486	0.00762	0.01002	0.01335	0.02794	0.68883	0.03334	0.11788	0.00947	0.00257	0.00343	0.03441	0.00476	0.00424
28	0.02041	0.01504	0.01611	0.01235	0.01665	0.01665	0.01020	0.75997	0.02524	0.03383	0.01289	0.01289	0.00913	0.00644	0.00537	0.00161	0.00591	0.00483	0.00537	0.00913
29	0.03628	0.11979	0.02992	0.16829	0.16711	0.05758	0.09415	0.01484	0.01123	0.02646	0.03974	0.01509	0.01026	0.02596	0.10953	0.00263	0.05687	0.00493	0.00279	0.00656
30	0.01155	0.00912	0.09500	0.11723	0.01484	0.00728	0.00865	0.01415	0.01286	0.17709	0.19423	0.17978	0.07502	0.00999	0.00595	0.00182	0.00440	0.03289	0.02196	0.00618
31	0.00723	0.00510	0.00629	0.00693	0.00783	0.00459	0.00481	0.00837	0.01117	0.04290	0.07230	0.51989	0.23170	0.03551	0.00716	0.00212	0.00309	0.01338	0.00505	0.00459
32	0.00779	0.00528	0.00621	0.00621	0.00634	0.00540	0.00370	0.00804	0.00791	0.01067	0.01658	0.03331	0.01873	0.71138	0.12622	0.00565	0.00639	0.00754	0.00320	0.00345
33	0.60948	0.10666	0.01151	0.00847	0.01184	0.14681	0.00699	0.01679	0.01039	0.02087	0.00761	0.00887	0.00613	0.00503	0.00360	0.00155	0.00529	0.00300	0.00311	0.00601
34	0.08133	0.32956	0.19816	0.01148	0.03438	0.10097	0.01131	0.02833	0.01154	0.01545	0.04279	0.01235	0.00946	0.02766	0.04620	0.00191	0.02379	0.00389	0.00270	0.00674
35	0.04060	0.01292	0.01658	0.19721	0.02085	0.10224	0.08938	0.10495	0.01243	0.01698	0.00965	0.01301	0.00788	0.00728	0.02486	0.00196	0.23530	0.00468	0.04391	0.03734
36	0.00756	0.00549	0.00712	0.00671	0.00800	0.00505	0.00503	0.01005	0.01510	0.02131	0.75273	0.04045	0.07309	0.01106	0.00633	0.00169	0.00254	0.00976	0.00588	0.00505
37	0.02408	0.00914	0.01246	0.00955	0.01370	0.00789	0.00789	0.02616	0.01536	0.78158	0.02118	0.01827	0.01329	0.00664	0.00540	0.00166	0.00457	0.00540	0.00664	0.00914
38	0.01375	0.01365	0.04385	0.11870	0.33222	0.03067	0.22500	0.08622	0.02947	0.03747	0.01098	0.01384	0.00850	0.00506	0.00560	0.00168	0.00721	0.00521	0.00304	0.00785
39	0.00905	0.00478	0.00690	0.00690	0.00693	0.00481	0.00454	0.00720	0.00717	0.00959	0.01056	0.01910	0.01089	0.12932	0.05024	0.69677	0.00510	0.00514	0.00248	0.00255
40	0.02002	0.01038	0.01260	0.01018	0.01393	0.01038	0.00824	0.10499	0.24156	0.45312	0.04168	0.01883	0.01482	0.00694	0.00544	0.00170	0.00456	0.00566	0.00613	0.00883

[dist]
# distance from previous block
# <min> <max>
3	38

[block]
# block no. 4 follows, 45 sequences, length 37
# corresponding to MSA columns:
# 247-283
name=unknown_E
#
# <colnr> <probs for GDERKNQSTAVLIFYWHMCP>
#	G	D	E	R	K	N	Q	S	T	A	V	L	I	F	Y	W	H	M	C	P
0	0.01262	0.01455	0.04624	0.02171	0.02690	0.01365	0.68659	0.01745	0.04059	0.01722	0.01110	0.01452	0.00838	0.00482	0.00670	0.00183	0.03887	0.00621	0.00279	0.00725
1	0.00676	0.00484	0.00638	0.00754	0.00795	0.00455	0.00517	0.00779	0.01038	0.01376	0.02954	0.69374	0.05315	0.05301	0.00782	0.00233	0.00335	0.07269	0.00490	0.00436
2	0.01483	0.00954	0.01117	0.00960	0.01245	0.00996	0.00759	0.11911	0.26494	0.19146	0.20766	0.05774	0.02440	0.00854	0.00576	0.00176	0.00408	0.02599	0.00579	0.00761
3	0.02005	0.02558	0.01521	0.01383	0.01659	0.78980	0.01037	0.02143	0.01521	0.01314	0.00830	0.00968	0.00691	0.00553	0.00484	0.00138	0.00968	0.00346	0.00277	0.00622
4	0.00932	0.00466	0.00699	0.00699	0.00699	0.00466	0.00466	0.00699	0.00699	0.00932	0.00932	0.01632	0.00932	0.01865	0.02098	0.84382	0.00466	0.00466	0.00233	0.00233
5	0.00781	0.00520	0.00585	0.00585	0.00585	0.00520	0.00325	0.00781	0.00781	0.01041	0.01691	0.03513	0.01952	0.81135	0.02732	0.00520	0.00520	0.00781	0.00325	0.00325
6	0.00935	0.00751	0.00889	0.00960	0.01106	0.05109	0.00808	0.01252	0.06398	0.01666	0.09288	0.07049	0.07261	0.01343	0.00697	0.00225	0.00479	0.52768	0.00494	0.00523
7	0.00773	0.00522	0.00583	0.00583	0.00593	0.00517	0.00330	0.00780	0.00805	0.01063	0.01894	0.03602	0.06049	0.76812	0.02618	0.00502	0.00507	0.00800	0.00335	0.00332
8	0.00779	0.00527	0.00618	0.00618	0.00629	0.00538	0.00365	0.00801	0.00790	0.01065	0.01662	0.03350	0.01881	0.72205	0.11566	0.00560	0.00627	0.00757	0.00321	0.00343
9	0.01030	0.00528	0.00531	0.00521	0.00655	0.00533	0.00393	0.03347	0.01165	0.02040	0.01738	0.01981	0.01363	0.00626	0.00380	0.00126	0.00260	0.00500	0.81771	0.00512
10	0.00746	0.00555	0.00634	0.00666	0.00774	0.00521	0.00484	0.00900	0.02997	0.01401	0.03504	0.13391	0.31691	0.22329	0.01197	0.00284	0.00383	0.13486	0.03621	0.00436
11	0.01447	0.01411	0.01254	0.01084	0.01408	0.18509	0.00840	0.06601	0.37036	0.02010	0.06720	0.01707	0.01467	0.00650	0.00511	0.00152	0.00539	0.00515	0.00448	0.15690
12	0.01014	0.00954	0.01610	0.79845	0.03697	0.01193	0.01491	0.01371	0.01073	0.01371	0.00954	0.01431	0.00716	0.00537	0.00537	0.00179	0.00716	0.00477	0.00239	0.00596
13	0.01335	0.01153	0.01214	0.01092	0.01396	0.01335	0.00850	0.02852	0.76817	0.02245	0.02185	0.02003	0.01639	0.00728	0.00546	0.00182	0.00425	0.00607	0.00546	0.00850
14	0.00687	0.00483	0.00621	0.00713	0.00738	0.00463	0.00463	0.00762	0.00964	0.01288	0.02612	0.60079	0.03104	0.20582	0.03554	0.00309	0.00395	0.01320	0.00451	0.00411
15	0.02041	0.01504	0.01611	0.01235	0.01665	0.01665	0.01020	0.75997	0.02524	0.03383	0.01289	0.01289	0.00913	0.00644	0.00537	0.00161	0.00591	0.00483	0.00537	0.00913
16	0.02008	0.02487	0.01527	0.01373	0.01660	0.73735	0.01036	0.07154	0.01589	0.01454	0.00861	0.00990	0.00706	0.00559	0.00488	0.00140	0.00942	0.00355	0.00294	0.00642
17	0.01887	0.01415	0.01445	0.01136	0.01513	0.05685	0.00927	0.61120	0.02266	0.03070	0.01331	0.01375	0.00968	0.00637	0.00511	0.00155	0.00562	0.00478	0.12682	0.00837
18	0.00680	0.00492	0.00648	0.00757	0.00812	0.00460	0.00533	0.00799	0.01082	0.01431	0.05888	0.64597	0.08578	0.01616	0.00686	0.00217	0.00327	0.09450	0.00501	0.00446
19	0.01077	0.02777	0.78354	0.01530	0.02323	0.01247	0.01983	0.01700	0.01133	0.01700	0.00963	0.01133	0.00680	0.00510	0.00510	0.00170	0.00793	0.00397	0.00227	0.00793
20	0.01376	0.01144	0.01215	0.01087	0.01395	0.01314	0.00847	0.02843	0.73965	0.05121	0.02182	0.01996	0.01627	0.00726	0.00546	0.00181	0.00426	0.00604	0.00551	0.00852
21	0.00859	0.00581	0.00753	0.00697	0.00844	0.00538	0.00527	0.01134	0.03107	0.06259	0.70374	0.03872	0.06249	0.01071	0.00626	0.00169	0.00268	0.00943	0.00592	0.00535
22	0.00667	0.00477	0.00637	0.00752	0.00792	0.00446	0.00512	0.00775	0.01062	0.01421	0.06994	0.73888	0.03615	0.01643	0.00684	0.00216	0.00315	0.04156	0.00503	0.00442
23	0.01335	0.01153	0.01214	0.01092	0.01396	0.01335	0.00850	0.02852	0.76817	0.02245	0.02185	0.02003	0.01639	0.00728	0.00546	0.00182	0.00425	0.00607	0.00546	0.00850
24	0.00783	0.00608	0.00723	0.00729	0.00862	0.00590	0.00532	0.01141	0.11867	0.01785	0.29669	0.27254	0.18875	0.01276	0.00637	0.00188	0.00299	0.01121	0.00538	0.00522
25	0.00985	0.00645	0.00809	0.00763	0.00943	0.00609	0.00600	0.01311	0.07147	0.10547	0.41970	0.04073	0.14983	0.01114	0.00631	0.00182	0.00326	0.11224	0.00568	0.00569
26	0.47975	0.01181	0.01116	0.00911	0.01285	0.01314	0.00752	0.26736	0.01524	0.11051	0.01080	0.01117	0.00775	0.00566	0.00424	0.00164	0.00479	0.00383	0.00438	0.00729
27	0.00653	0.00469	0.00621	0.00742	0.00777	0.00436	0.00496	0.00748	0.01033	0.01372	0.03023	0.78828	0.05465	0.01673	0.00684	0.00217	0.00310	0.01516	0.00498	0.00436
28	0.00769	0.00565	0.00812	0.00812	0.00890	0.00643	0.00608	0.00926	0.00848	0.01209	0.01484	0.02365	0.01453	0.18112	0.65074	0.00800	0.01270	0.00613	0.00294	0.00451
29	0.00807	0.00630	0.00922	0.00899	0.00980	0.00757	0.00700	0.00980	0.00854	0.01238	0.01382	0.02101	0.01316	0.08259	0.67023	0.00782	0.09028	0.00577	0.00285	0.00481
30	0.00932	0.00466	0.00699	0.00699	0.00699	0.00466	0.00466	0.00699	0.00699	0.00932	0.00932	0.01632	0.00932	0.01865	0.02098	0.84382	0.00466	0.00466	0.00233	0.00233
31	0.01075	0.00862	0.00999	0.00775	0.01119	0.00715	0.00589	0.06245	0.01137	0.01681	0.01352	0.05269	0.03935	0.13922	0.00886	0.03703	0.00425	0.00496	0.00345	0.54468
32	0.01320	0.00847	0.00902	0.00771	0.01011	0.00885	0.00606	0.21620	0.06353	0.04307	0.04247	0.01969	0.03759	0.02634	0.00509	0.00150	0.00372	0.00538	0.43042	0.04158
33	0.01137	0.00739	0.00890	0.00823	0.01037	0.00699	0.00648	0.10128	0.01377	0.11916	0.07903	0.13677	0.18661	0.07055	0.00776	0.00212	0.00409	0.15143	0.00505	0.06265
34	0.01136	0.01030	0.01437	0.45629	0.06818	0.04027	0.01217	0.09167	0.06406	0.01672	0.01699	0.04859	0.09824	0.00714	0.00556	0.00178	0.00618	0.02038	0.00338	0.00637
35	0.08639	0.07954	0.08303	0.01058	0.04053	0.08480	0.00886	0.11480	0.07102	0.07374	0.14510	0.01993	0.06814	0.00704	0.00506	0.00154	0.00508	0.00558	0.02031	0.06893
36	0.01820	0.06842	0.01592	0.01171	0.01551	0.04413	0.00968	0.52643	0.06303	0.04407	0.02577	0.01382	0.01022	0.00833	0.04891	0.00198	0.03589	0.00482	0.00480	0.02836

[dist]
# distance from previous block
# <min> <max>
4	17

[block]
# block no. 5 follows, 45 sequences, length 169
# corresponding to MSA columns:
# 302-431,433-471
name=unknown_F
#
# <colnr> <probs for GDERKNQSTAVLIFYWHMCP>
#	G	D	E	R	K	N	Q	S	T	A	V	L	I	F	Y	W	H	M	C	P
0	0.01108	0.00860	0.01061	0.04773	0.03437	0.00822	0.00734	0.10815	0.03075	0.03411	0.07717	0.12582	0.04646	0.07960	0.00765	0.00189	0.02034	0.08078	0.00421	0.25511
1	0.14286	0.02947	0.02508	0.02911	0.01278	0.01025	0.02179	0.13369	0.05715	0.10940	0.19171	0.02118	0.03220	0.04957	0.00676	0.00180	0.03438	0.00589	0.00465	0.08029
2	0.01966	0.01591	0.01540	0.01225	0.01617	0.12983	0.00995	0.58471	0.02261	0.04595	0.01307	0.02962	0.00997	0.00669	0.00535	0.00160	0.00631	0.02429	0.00495	0.02571
3	0.01014	0.00954	0.01610	0.79845	0.03697	0.01193	0.01491	0.01371	0.01073	0.01371	0.00954	0.01431	0.00716	0.00537	0.00537	0.00179	0.00716	0.00477	0.00239	0.00596
4	0.01290	0.01258	0.02194	0.06439	0.62734	0.01260	0.09502	0.01647	0.02953	0.01736	0.01159	0.01463	0.02886	0.00507	0.00546	0.00164	0.00655	0.00515	0.00278	0.00815
5	0.00840	0.00513	0.00731	0.00816	0.03407	0.00502	0.00546	0.00824	0.00932	0.01276	0.06271	0.28147	0.02204	0.01674	0.02910	0.37718	0.00420	0.05647	0.04252	0.00372
6	0.44854	0.00978	0.01011	0.00827	0.01199	0.01003	0.00682	0.02082	0.01216	0.39194	0.01413	0.01336	0.00944	0.00579	0.00433	0.00166	0.00435	0.00412	0.00494	0.00743
7	0.00660	0.00476	0.00622	0.00729	0.00773	0.00442	0.00490	0.00761	0.01056	0.01403	0.06405	0.71484	0.07779	0.03267	0.00722	0.00220	0.00311	0.01464	0.00499	0.00438
8	0.02511	0.00628	0.00793	0.00742	0.00914	0.00572	0.00544	0.01350	0.01222	0.23081	0.11848	0.26196	0.10340	0.11531	0.00877	0.00227	0.00367	0.00973	0.04712	0.00572
9	0.00843	0.00638	0.00726	0.00694	0.00864	0.00602	0.00524	0.05267	0.05527	0.03357	0.24187	0.09491	0.35110	0.05502	0.00743	0.00200	0.00323	0.04361	0.00523	0.00519
10	0.02396	0.00934	0.01258	0.00965	0.01380	0.00819	0.00797	0.05135	0.01570	0.75591	0.02089	0.01809	0.01314	0.00664	0.00540	0.00166	0.00461	0.00538	0.00660	0.00914
11	0.07010	0.00898	0.01193	0.00928	0.01318	0.00796	0.00761	0.02461	0.01459	0.70006	0.01981	0.01763	0.01267	0.00715	0.00606	0.04376	0.00455	0.00522	0.00624	0.00861
12	0.00691	0.00484	0.00633	0.00733	0.00782	0.00448	0.00495	0.00794	0.01063	0.02723	0.06531	0.70004	0.07241	0.03720	0.00732	0.00221	0.00315	0.01444	0.00501	0.00445
13	0.02322	0.01052	0.01331	0.01021	0.01439	0.00994	0.00843	0.19786	0.01767	0.60662	0.01924	0.01701	0.01231	0.00660	0.00539	0.00165	0.00488	0.00527	0.00635	0.00913
14	0.01001	0.00500	0.00500	0.00500	0.00625	0.00500	0.00375	0.01251	0.01126	0.02001	0.01751	0.02001	0.01376	0.00625	0.00375	0.00125	0.00250	0.00500	0.84115	0.00500
15	0.04598	0.00880	0.01179	0.00919	0.01303	0.00772	0.00754	0.02423	0.01517	0.68258	0.09752	0.02022	0.01688	0.00704	0.00543	0.00166	0.00435	0.00577	0.00647	0.00863
16	0.00661	0.00549	0.00581	0.00583	0.00755	0.00468	0.00445	0.00816	0.01257	0.01536	0.13230	0.05089	0.65361	0.01338	0.00640	0.00184	0.00282	0.05254	0.00508	0.00461
17	0.01014	0.00954	0.01610	0.79845	0.03697	0.01193	0.01491	0.01371	0.01073	0.01371	0.00954	0.01431	0.00716	0.00537	0.00537	0.00179	0.00716	0.00477	0.00239	0.00596
18	0.01113	0.00954	0.01113	0.00795	0.01272	0.00716	0.00636	0.01352	0.01113	0.01749	0.00954	0.01113	0.00795	0.00398	0.00398	0.00080	0.00398	0.00318	0.00318	0.84417
19	0.01335	0.01153	0.01214	0.01092	0.01396	0.01335	0.00850	0.02852	0.76817	0.02245	0.02185	0.02003	0.01639	0.00728	0.00546	0.00182	0.00425	0.00607	0.00546	0.00850
20	0.02041	0.01504	0.01611	0.01235	0.01665	0.01665	0.01020	0.75997	0.02524	0.03383	0.01289	0.01289	0.00913	0.00644	0.00537	0.00161	0.00591	0.00483	0.00537	0.00913
21	0.04789	0.00892	0.01197	0.00936	0.01327	0.00781	0.00766	0.02479	0.01489	0.71531	0.02124	0.06272	0.01432	0.00717	0.00542	0.00169	0.00447	0.00588	0.00645	0.00876
22	0.00655	0.00545	0.00573	0.00566	0.00738	0.00462	0.00424	0.00811	0.01273	0.01568	0.17520	0.04972	0.65413	0.01316	0.00634	0.00179	0.00269	0.01106	0.00514	0.00462
23	0.01023	0.00876	0.00918	0.00854	0.01097	0.00938	0.00655	0.01918	0.42686	0.01902	0.05417	0.05674	0.31849	0.01016	0.00588	0.00182	0.00356	0.00852	0.00527	0.00671
24	0.00932	0.00466	0.00699	0.00699	0.00699	0.00466	0.00466	0.00699	0.00699	0.00932	0.00932	0.01632	0.00932	0.01865	0.02098	0.84382	0.00466	0.00466	0.00233	0.00233
25	0.00675	0.00497	0.00632	0.00714	0.00784	0.00457	0.00498	0.00800	0.01124	0.01483	0.12381	0.54510	0.15600	0.03029	0.00711	0.00213	0.00310	0.04628	0.00506	0.00448
26	0.00767	0.00574	0.00857	0.00857	0.00951	0.00668	0.00664	0.00955	0.00861	0.01242	0.01443	0.02137	0.01354	0.05581	0.77469	0.00856	0.01419	0.00579	0.00288	0.00476
27	0.00736	0.00545	0.00687	0.00656	0.00789	0.00496	0.00490	0.00966	0.01457	0.02015	0.63584	0.06505	0.16770	0.01157	0.00635	0.00172	0.00258	0.01014	0.00573	0.00496
28	0.84927	0.01038	0.00789	0.00706	0.01038	0.01204	0.00581	0.01578	0.00914	0.02408	0.00747	0.00872	0.00581	0.00498	0.00332	0.00166	0.00415	0.00291	0.00332	0.00581
29	0.00753	0.00554	0.00680	0.00740	0.00824	0.00531	0.00525	0.03429	0.02678	0.01488	0.06177	0.44137	0.15561	0.10872	0.00913	0.00246	0.00357	0.08591	0.00484	0.00459
30	0.00784	0.00524	0.00683	0.00752	0.00827	0.00496	0.00521	0.00929	0.02815	0.05772	0.07055	0.59400	0.07463	0.04397	0.04654	0.00252	0.00380	0.01323	0.00497	0.00476
31	0.01197	0.19885	0.46420	0.01351	0.01931	0.01496	0.01569	0.04301	0.01125	0.01597	0.00903	0.01109	0.00710	0.00650	0.02600	0.00184	0.11602	0.00390	0.00241	0.00739
32	0.00675	0.00476	0.00617	0.00720	0.00746	0.00450	0.00469	0.00753	0.00986	0.01315	0.02745	0.67755	0.03281	0.15080	0.01030	0.00269	0.00347	0.01400	0.00469	0.00417
33	0.00727	0.00526	0.00632	0.00652	0.00720	0.00516	0.00438	0.00816	0.00958	0.01265	0.04472	0.16749	0.19086	0.33330	0.15047	0.00438	0.00578	0.00950	0.01691	0.00406
34	0.10849	0.01168	0.13204	0.03143	0.04073	0.02465	0.10460	0.04835	0.01192	0.01755	0.08441	0.20551	0.05067	0.02170	0.02087	0.03258	0.00551	0.03757	0.00383	0.00591
35	0.01428	0.00946	0.01089	0.00980	0.01259	0.01004	0.00786	0.06420	0.34457	0.17086	0.02457	0.04654	0.07241	0.00896	0.00577	0.00186	0.00430	0.12619	0.04734	0.00752
36	0.04213	0.01123	0.01694	0.27517	0.13373	0.03429	0.08724	0.04575	0.01160	0.01624	0.01210	0.01532	0.05120	0.00616	0.00703	0.00171	0.12146	0.00504	0.01738	0.08828
37	0.03159	0.44348	0.02202	0.01114	0.04064	0.07834	0.00955	0.17602	0.05722	0.03682	0.01010	0.01122	0.00834	0.02080	0.00493	0.00144	0.02184	0.00377	0.00332	0.00741
38	0.01220	0.01165	0.01983	0.29715	0.52216	0.01247	0.01593	0.01552	0.01171	0.01622	0.00991	0.01364	0.00804	0.00498	0.00533	0.00166	0.00665	0.00478	0.00256	0.00763
39	0.00814	0.00575	0.00737	0.05213	0.00974	0.00571	0.00567	0.04349	0.01146	0.01592	0.10487	0.43966	0.02981	0.09633	0.00844	0.00229	0.00366	0.04215	0.08815	0.01926
40	0.03130	0.01147	0.01920	0.31640	0.30582	0.02794	0.09489	0.01506	0.01155	0.01595	0.03759	0.01470	0.00943	0.00620	0.02317	0.00188	0.04270	0.00507	0.00269	0.00698
41	0.00777	0.00525	0.00616	0.00618	0.00629	0.00535	0.00365	0.00799	0.00794	0.01069	0.01688	0.04808	0.01916	0.71425	0.10829	0.00551	0.00614	0.00773	0.00324	0.00344
42	0.00669	0.00526	0.00604	0.00624	0.00756	0.00462	0.00453	0.00822	0.01246	0.01596	0.21740	0.23116	0.42731	0.01376	0.00646	0.00187	0.00277	0.01190	0.00520	0.00462
43	0.00772	0.00534	0.00622	0.00643	0.00675	0.00524	0.00398	0.02431	0.00924	0.01223	0.03687	0.21180	0.06787	0.53610	0.02018	0.00412	0.00454	0.02341	0.00388	0.00377
44	0.00714	0.00640	0.05085	0.00825	0.00901	0.00550	0.00621	0.00843	0.01032	0.01398	0.04138	0.67065	0.03224	0.03540	0.00780	0.00223	0.04339	0.03149	0.00467	0.00464
45	0.01095	0.05790	0.73709	0.01523	0.02298	0.01283	0.03635	0.01697	0.01135	0.01683	0.00958	0.01130	0.00683	0.00507	0.00506	0.00168	0.00787	0.00398	0.00228	0.00788
46	0.00895	0.00576	0.00751	0.00699	0.00848	0.00525	0.00527	0.01129	0.01478	0.08833	0.63200	0.08645	0.07614	0.01106	0.00628	0.00172	0.00276	0.00974	0.00588	0.00536
47	0.01045	0.00610	0.00737	0.00689	0.00878	0.00534	0.00517	0.01202	0.01284	0.18008	0.15491	0.16848	0.33839	0.04951	0.00720	0.00198	0.00327	0.01029	0.00541	0.00552
48	0.01145	0.00973	0.01130	0.00810	0.01286	0.00748	0.00649	0.03915	0.01162	0.01805	0.00966	0.01119	0.00799	0.00406	0.00402	0.00082	0.00404	0.00324	0.00326	0.81550
49	0.00655	0.00539	0.00577	0.00584	0.00745	0.00461	0.00435	0.00803	0.01243	0.01530	0.13781	0.11338	0.61448	0.01357	0.00640	0.00184	0.00277	0.02433	0.00509	0.00459
50	0.84927	0.01038	0.00789	0.00706	0.01038	0.01204	0.00581	0.01578	0.00914	0.02408	0.00747	0.00872	0.00581	0.00498	0.00332	0.00166	0.00415	0.00291	0.00332	0.00581
51	0.09393	0.00897	0.00998	0.00847	0.01131	0.00914	0.00674	0.14199	0.10560	0.17267	0.17569	0.02676	0.14798	0.00855	0.00547	0.00168	0.00389	0.00699	0.04726	0.00694
52	0.00678	0.00492	0.00631	0.00714	0.00774	0.00456	0.00489	0.00796	0.01106	0.01473	0.13299	0.57009	0.11045	0.05782	0.00783	0.00224	0.00315	0.02990	0.00502	0.00443
53	0.00812	0.00558	0.00698	0.00656	0.00800	0.00508	0.00494	0.01046	0.01455	0.04652	0.60166	0.03989	0.15248	0.01094	0.00615	0.00168	0.00263	0.00953	0.05313	0.00512
54	0.00718	0.00512	0.00663	0.00758	0.00805	0.00490	0.00513	0.03492	0.01082	0.01446	0.04562	0.70221	0.03387	0.06381	0.00802	0.00233	0.00336	0.02657	0.00491	0.00449
55	0.52065	0.01014	0.00980	0.00822	0.01180	0.01085	0.00680	0.06243	0.01210	0.25832	0.01265	0.01347	0.00907	0.00588	0.00421	0.00168	0.00441	0.02599	0.00452	0.00701
56	0.00880	0.00547	0.00694	0.00718	0.00821	0.00502	0.00504	0.01003	0.01142	0.09825	0.12686	0.39880	0.12654	0.12616	0.00945	0.00245	0.00349	0.03001	0.00504	0.00485
57	0.01372	0.01114	0.01207	0.01083	0.01380	0.01263	0.00858	0.09751	0.58365	0.04296	0.03889	0.02377	0.01782	0.00802	0.00567	0.00186	0.00445	0.07905	0.00544	0.00814
58	0.01040	0.00683	0.00725	0.00687	0.00828	0.00731	0.00496	0.03394	0.18382	0.01823	0.01814	0.02375	0.01571	0.21429	0.03387	0.00263	0.00404	0.00599	0.38825	0.00545
59	0.00742	0.00531	0.00672	0.00747	0.00804	0.00510	0.00505	0.04528	0.01110	0.01484	0.07029	0.63007	0.05041	0.09528	0.00878	0.00242	0.00342	0.01359	0.00488	0.00453
60	0.00679	0.00486	0.00642	0.00728	0.00779	0.00453	0.00496	0.00804	0.01126	0.01528	0.18711	0.62725	0.03834	0.03414	0.00722	0.00215	0.00304	0.01391	0.00514	0.00448
61	0.01435	0.81458	0.02813	0.00918	0.01378	0.02124	0.00918	0.01607	0.01091	0.01263	0.00746	0.00861	0.00689	0.00459	0.00344	0.00115	0.00574	0.00287	0.00230	0.00689
62	0.02370	0.00820	0.01318	0.55986	0.02793	0.00989	0.01175	0.01236	0.01005	0.01366	0.01023	0.01515	0.00818	0.00796	0.00813	0.16091	0.00619	0.00474	0.08276	0.00518
63	0.00790	0.00518	0.00719	0.00743	0.00806	0.00496	0.02394	0.00815	0.00972	0.01302	0.06025	0.29975	0.10396	0.05960	0.03566	0.26098	0.00418	0.04348	0.03271	0.00386
64	0.00838	0.00602	0.00827	0.00938	0.01055	0.00595	0.00801	0.01066	0.01219	0.01586	0.04900	0.10286	0.06222	0.03495	0.00781	0.00248	0.00469	0.63096	0.00493	0.00485
65	0.00775	0.00585	0.00872	0.00867	0.00959	0.00686	0.00673	0.00961	0.00860	0.01243	0.01429	0.02120	0.01342	0.05554	0.75960	0.00844	0.02925	0.00577	0.00287	0.00478
66	0.79277	0.02614	0.00868	0.00736	0.01075	0.01244	0.00609	0.05203	0.00995	0.02434	0.00774	0.00892	0.00600	0.00505	0.00342	0.00165	0.00427	0.00300	0.00340	0.00600
67	0.01856	0.01494	0.05917	0.01325	0.05459	0.01546	0.01074	0.54958	0.13428	0.05284	0.01415	0.01405	0.01017	0.00642	0.00537	0.00165	0.00576	0.00498	0.00511	0.00894
68	0.00954	0.00565	0.00893	0.08029	0.01073	0.00577	0.03718	0.00821	0.00769	0.01027	0.00960	0.01641	0.00930	0.03624	0.01870	0.69103	0.00507	0.00479	0.00239	0.02221
69	0.00834	0.00653	0.00768	0.00721	0.00890	0.00640	0.00546	0.01284	0.14599	0.02025	0.49563	0.03897	0.19353	0.01087	0.00618	0.00174	0.00287	0.00941	0.00564	0.00555
70	0.00671	0.00509	0.00583	0.00633	0.00719	0.00459	0.00428	0.00763	0.01060	0.01339	0.03728	0.34794	0.33552	0.16996	0.01062	0.00262	0.00336	0.01220	0.00465	0.00421
71	0.00800	0.00558	0.00730	0.00682	0.00816	0.00513	0.00513	0.01052	0.01520	0.04004	0.75668	0.03957	0.04974	0.01087	0.00631	0.00169	0.00258	0.00960	0.00593	0.00516
72	0.01130	0.00929	0.01085	0.00786	0.01244	0.00703	0.00628	0.01362	0.01134	0.04356	0.01248	0.01367	0.05163	0.00461	0.00416	0.00088	0.00392	0.00372	0.00340	0.76792
73	0.00663	0.00478	0.00634	0.00741	0.00785	0.00449	0.00502	0.00771	0.01056	0.01413	0.07212	0.70983	0.06097	0.01723	0.03523	0.00237	0.00348	0.01447	0.00496	0.00442
74	0.01956	0.02478	0.01526	0.05305	0.01761	0.75091	0.01060	0.02105	0.01499	0.01317	0.00836	0.00991	0.00693	0.00552	0.00487	0.00140	0.00955	0.00352	0.00275	0.00621
75	0.00781	0.00520	0.00585	0.00585	0.00585	0.00520	0.00325	0.00781	0.00781	0.01041	0.01691	0.03513	0.01952	0.81135	0.02732	0.00520	0.00520	0.00781	0.00325	0.00325
76	0.00664	0.00474	0.00617	0.00726	0.00760	0.00444	0.00480	0.00751	0.01013	0.01345	0.02934	0.71522	0.05954	0.08526	0.00860	0.00243	0.00328	0.01448	0.00483	0.00427
77	0.01282	0.01235	0.02138	0.10171	0.65232	0.01252	0.05312	0.01609	0.01219	0.01728	0.03030	0.01415	0.00948	0.00499	0.00540	0.00163	0.00648	0.00499	0.00272	0.00812
78	0.00781	0.00520	0.00585	0.00585	0.00585	0.00520	0.00325	0.00781	0.00781	0.01041	0.01691	0.03513	0.01952	0.81135	0.02732	0.00520	0.00520	0.00781	0.00325	0.00325
79	0.02005	0.02558	0.01521	0.01383	0.01659	0.78980	0.01037	0.02143	0.01521	0.01314	0.00830	0.00968	0.00691	0.00553	0.00484	0.00138	0.00968	0.00346	0.00277	0.00622
80	0.00762	0.00513	0.00595	0.00612	0.00620	0.00508	0.00356	0.00782	0.00838	0.01121	0.04042	0.14786	0.02273	0.67272	0.02374	0.00466	0.00482	0.00895	0.00358	0.00347
