[name]
unknown

[dist]
# distance from previous block
# <min> <max>
3	538

[block]
# block no. 0 follows, 44 sequences, length 56
# corresponding to MSA columns:
# 647-702
name=unknown_A
#
# <colnr> <probs for GDERKNQSTAVLIFYWHMCP>
#	G	D	E	R	K	N	Q	S	T	A	V	L	I	F	Y	W	H	M	C	P
0	0.00792	0.00773	0.08050	0.00779	0.00936	0.00596	0.00626	0.03699	0.01182	0.01581	0.14332	0.32294	0.16307	0.14336	0.00996	0.00250	0.00392	0.01120	0.00467	0.00491
1	0.01596	0.03361	0.04806	0.01153	0.04529	0.01228	0.00926	0.31484	0.06901	0.08125	0.02677	0.04566	0.01177	0.02484	0.03270	0.00180	0.00555	0.00515	0.00457	0.20010
2	0.09352	0.13442	0.01553	0.01135	0.03785	0.14239	0.00891	0.19863	0.06016	0.12841	0.01410	0.07558	0.01175	0.03678	0.00584	0.00173	0.00592	0.00529	0.00434	0.00747
3	0.05108	0.11718	0.06152	0.00992	0.02909	0.01076	0.00832	0.11362	0.06118	0.12771	0.11353	0.14923	0.05495	0.00890	0.00549	0.00170	0.00459	0.02303	0.00475	0.04344
4	0.04693	0.01335	0.06755	0.02399	0.42888	0.02390	0.07655	0.06127	0.01353	0.12017	0.01463	0.01632	0.05663	0.00578	0.00547	0.00167	0.00627	0.00535	0.00356	0.00822
5	0.01730	0.01688	0.18085	0.01340	0.05247	0.05880	0.01199	0.26166	0.13261	0.14061	0.01451	0.01445	0.01033	0.00617	0.00532	0.00165	0.00614	0.00484	0.00460	0.04544
6	0.05146	0.12117	0.05796	0.01265	0.03283	0.14200	0.01064	0.42678	0.02000	0.05641	0.01150	0.01197	0.00851	0.00599	0.00502	0.00155	0.00660	0.00432	0.00436	0.00829
7	0.01155	0.00710	0.00869	0.00776	0.00963	0.00682	0.00582	0.08241	0.03287	0.13989	0.33562	0.09720	0.09938	0.11978	0.00913	0.00225	0.00370	0.00896	0.00553	0.00591
8	0.13308	0.10960	0.36454	0.01203	0.01741	0.03380	0.03511	0.01665	0.04162	0.05111	0.01399	0.04382	0.05431	0.04349	0.00597	0.00184	0.00641	0.00499	0.00313	0.00708
9	0.04930	0.47234	0.04058	0.01238	0.06317	0.07854	0.04268	0.10094	0.01327	0.04619	0.00917	0.01042	0.00763	0.00520	0.00459	0.00138	0.02824	0.00364	0.00298	0.00736
10	0.01130	0.00747	0.00868	0.00794	0.00959	0.00750	0.00576	0.12432	0.04655	0.09191	0.07799	0.15586	0.12789	0.24350	0.04651	0.00315	0.00481	0.00892	0.00477	0.00559
11	0.00881	0.00650	0.00772	0.00757	0.00882	0.00641	0.00542	0.08376	0.04623	0.01828	0.24433	0.28037	0.11813	0.12111	0.00936	0.00237	0.00357	0.01092	0.00516	0.00517
12	0.01943	0.13481	0.01672	0.01123	0.01529	0.04598	0.00941	0.36131	0.08892	0.18876	0.01478	0.01446	0.01059	0.00763	0.03434	0.00185	0.00600	0.00482	0.00507	0.00858
13	0.39591	0.09510	0.05083	0.13570	0.07115	0.04436	0.07802	0.01605	0.01072	0.01945	0.00922	0.01241	0.00753	0.00536	0.00441	0.00168	0.00591	0.02673	0.00299	0.00645
14	0.00779	0.00572	0.00669	0.00660	0.00787	0.00529	0.00471	0.00985	0.04150	0.03312	0.28212	0.13787	0.27655	0.13835	0.00981	0.00239	0.00325	0.01056	0.00515	0.00481
15	0.01506	0.01663	0.04428	0.04174	0.10159	0.27094	0.07589	0.09569	0.08869	0.01813	0.06197	0.01940	0.09843	0.02051	0.00590	0.00169	0.00699	0.00576	0.00376	0.00695
16	0.02936	0.23804	0.30911	0.01552	0.11429	0.02662	0.03666	0.07528	0.05718	0.03425	0.01046	0.01182	0.00807	0.00525	0.00480	0.00156	0.00678	0.00410	0.00293	0.00791
17	0.02019	0.01542	0.01669	0.01448	0.08835	0.06155	0.01087	0.61062	0.02334	0.06456	0.01292	0.01318	0.00927	0.00634	0.00542	0.00162	0.00621	0.00485	0.00509	0.00904
18	0.00716	0.00535	0.00628	0.00664	0.00759	0.00491	0.00467	0.00836	0.01130	0.01456	0.12140	0.23121	0.28274	0.19064	0.01138	0.00274	0.00358	0.07035	0.00478	0.00437
19	0.10396	0.16090	0.06199	0.04228	0.03776	0.19122	0.01031	0.19404	0.07323	0.02091	0.04596	0.01293	0.01028	0.00595	0.00479	0.00154	0.00655	0.00429	0.00372	0.00738
20	0.04778	0.16428	0.03785	0.01439	0.14441	0.01398	0.01045	0.15251	0.11417	0.21053	0.02755	0.01493	0.01129	0.00605	0.00503	0.00159	0.00542	0.00482	0.00458	0.00842
21	0.01743	0.01301	0.01616	0.01329	0.04579	0.01387	0.07989	0.46453	0.05555	0.07136	0.06011	0.09338	0.01486	0.00765	0.00576	0.00173	0.00568	0.00647	0.00516	0.00832
22	0.00719	0.00547	0.00656	0.00656	0.00786	0.00491	0.00484	0.00906	0.01342	0.01785	0.38455	0.13710	0.29445	0.04360	0.00735	0.00198	0.00289	0.03412	0.00543	0.00480
23	0.15896	0.11411	0.04225	0.01081	0.01398	0.25656	0.02665	0.12453	0.01394	0.01839	0.01123	0.01470	0.02167	0.11277	0.00763	0.00200	0.00676	0.00441	0.03228	0.00638
24	0.05322	0.04562	0.02251	0.10730	0.26059	0.11421	0.21830	0.07981	0.01369	0.01823	0.01018	0.01303	0.00804	0.00509	0.00546	0.00166	0.00758	0.00496	0.00295	0.00756
25	0.44672	0.00971	0.00965	0.00816	0.01164	0.01017	0.00665	0.01962	0.05046	0.28426	0.01659	0.03742	0.05513	0.00661	0.00450	0.00172	0.00425	0.00484	0.00480	0.00709
26	0.14993	0.04951	0.47111	0.01495	0.02149	0.01312	0.13630	0.01757	0.04424	0.01858	0.01009	0.01188	0.00739	0.00514	0.00504	0.00172	0.00736	0.00430	0.00270	0.00757
27	0.07601	0.24105	0.01819	0.01224	0.04846	0.25876	0.00962	0.11153	0.09763	0.01790	0.01146	0.05317	0.00989	0.00619	0.00467	0.00149	0.00671	0.00447	0.00346	0.00711
28	0.02007	0.01039	0.02757	0.01051	0.01438	0.00968	0.03831	0.12526	0.07659	0.46683	0.08151	0.02015	0.02878	0.00837	0.03393	0.00196	0.00521	0.00594	0.00600	0.00855
29	0.00780	0.00555	0.00697	0.00739	0.00844	0.00519	0.00536	0.00977	0.03572	0.03743	0.20720	0.36708	0.15689	0.04488	0.00751	0.00215	0.00327	0.07124	0.00527	0.00489
30	0.01451	0.01439	0.03704	0.14028	0.33060	0.11639	0.04732	0.04501	0.13585	0.04639	0.01241	0.01446	0.00966	0.00559	0.00541	0.00167	0.00677	0.00497	0.00338	0.00791
31	0.04162	0.07570	0.11828	0.01395	0.07029	0.18325	0.01154	0.26378	0.09945	0.02252	0.01336	0.01395	0.03603	0.00621	0.00514	0.00159	0.00678	0.00465	0.00397	0.00792
32	0.08434	0.01261	0.01347	0.01112	0.01477	0.01398	0.00894	0.32855	0.29755	0.10100	0.01746	0.04419	0.01311	0.00714	0.00538	0.00174	0.00500	0.00565	0.00543	0.00859
33	0.00726	0.00530	0.00729	0.00781	0.00846	0.00549	0.00558	0.00864	0.00992	0.01364	0.06816	0.36246	0.04861	0.09235	0.31693	0.00502	0.00782	0.01059	0.00412	0.00456
34	0.01497	0.54963	0.09743	0.01147	0.04168	0.09516	0.01074	0.05004	0.05669	0.01500	0.00907	0.01016	0.00772	0.00506	0.00407	0.00132	0.00638	0.00343	0.00272	0.00728
35	0.04690	0.01289	0.01520	0.01550	0.15944	0.04940	0.01051	0.19849	0.22435	0.12095	0.04381	0.01655	0.01299	0.00669	0.00595	0.00173	0.04005	0.00536	0.00481	0.00841
36	0.00751	0.00541	0.00622	0.00639	0.00761	0.00481	0.00450	0.00861	0.01157	0.04045	0.10428	0.22851	0.38628	0.11035	0.00966	0.03370	0.00328	0.01144	0.00489	0.00453
37	0.01455	0.01470	0.06006	0.11825	0.06991	0.11432	0.02721	0.11141	0.34606	0.02073	0.01565	0.01625	0.01187	0.00732	0.02598	0.00192	0.00637	0.00527	0.00425	0.00790
38	0.08756	0.01238	0.01336	0.01097	0.01435	0.01352	0.00883	0.50692	0.02062	0.04497	0.01664	0.17145	0.01506	0.00877	0.00564	0.00178	0.00523	0.02883	0.00521	0.00790
39	0.06687	0.01333	0.01464	0.01153	0.01522	0.01463	0.03226	0.52226	0.08253	0.02901	0.01390	0.01627	0.01094	0.10657	0.00813	0.00210	0.00573	0.00529	0.00494	0.02385
40	0.02202	0.00624	0.00756	0.00718	0.00893	0.00571	0.00536	0.01220	0.04218	0.12943	0.25252	0.18703	0.24392	0.03607	0.00696	0.00195	0.00322	0.01047	0.00553	0.00555
41	0.03539	0.06374	0.11957	0.01331	0.08403	0.02626	0.01083	0.13326	0.26885	0.02123	0.04562	0.01715	0.01340	0.01109	0.10954	0.00264	0.00677	0.00533	0.00419	0.00779
42	0.05449	0.26195	0.03582	0.01280	0.04692	0.04090	0.06833	0.29052	0.03689	0.08426	0.01157	0.01220	0.00873	0.00566	0.00481	0.00151	0.00614	0.00434	0.00403	0.00811
43	0.01683	0.00932	0.01117	0.00921	0.01242	0.00910	0.00737	0.14244	0.10489	0.31589	0.13452	0.04553	0.13975	0.00880	0.00581	0.00174	0.00419	0.00730	0.00597	0.00774
44	0.02051	0.00685	0.00802	0.00796	0.02175	0.00672	0.00580	0.03807	0.11825	0.03520	0.26257	0.19869	0.22453	0.01211	0.00631	0.00187	0.00324	0.01050	0.00541	0.00564
45	0.10902	0.06141	0.07638	0.07242	0.39537	0.05782	0.01392	0.06565	0.03966	0.01895	0.01078	0.01403	0.00892	0.00548	0.00509	0.00164	0.00639	0.02619	0.00306	0.00782
46	0.21648	0.04510	0.01423	0.04219	0.05069	0.12396	0.00937	0.24278	0.09005	0.09626	0.01233	0.01275	0.00908	0.00597	0.00481	0.00163	0.00589	0.00434	0.00435	0.00774
47	0.05179	0.00852	0.01018	0.00874	0.01129	0.04340	0.00678	0.01846	0.05865	0.33810	0.17423	0.06918	0.02198	0.03432	0.02518	0.09565	0.00458	0.00682	0.00542	0.00677
48	0.01596	0.01488	0.01457	0.11780	0.06300	0.18765	0.01063	0.12585	0.27919	0.05560	0.01569	0.01749	0.01221	0.00677	0.00545	0.00172	0.00636	0.03706	0.00436	0.00773
49	0.13068	0.08013	0.29383	0.01839	0.20981	0.03468	0.05965	0.01785	0.03741	0.05350	0.01043	0.01220	0.00793	0.00517	0.00495	0.00165	0.00678	0.00427	0.00291	0.00780
50	0.04378	0.01195	0.04892	0.01138	0.03835	0.01146	0.00926	0.24243	0.10182	0.31041	0.06278	0.05256	0.01516	0.00730	0.00552	0.00171	0.00502	0.00593	0.00567	0.00857
51	0.00822	0.00583	0.00734	0.00702	0.00839	0.00551	0.00522	0.01069	0.03617	0.04468	0.46530	0.08437	0.15327	0.05983	0.07141	0.00255	0.00390	0.00974	0.00541	0.00514
52	0.01362	0.62415	0.11125	0.06936	0.03160	0.01926	0.01105	0.01606	0.01107	0.01350	0.00825	0.00996	0.00724	0.00586	0.02713	0.00151	0.00646	0.00331	0.00236	0.00701
53	0.11286	0.11684	0.01679	0.04846	0.08197	0.26661	0.01043	0.16639	0.04743	0.01960	0.01069	0.01201	0.02069	0.00593	0.00535	0.00156	0.04161	0.00413	0.00345	0.00719
54	0.06740	0.00892	0.01107	0.00905	0.01235	0.00844	0.00728	0.07611	0.06228	0.42562	0.16124	0.05366	0.05607	0.00822	0.00564	0.00173	0.00417	0.00681	0.00610	0.00787
55	0.00904	0.00659	0.00842	0.00761	0.00922	0.00628	0.03186	0.03109	0.05744	0.04844	0.41205	0.05248	0.15398	0.13024	0.00952	0.00229	0.00353	0.00930	0.00530	0.00532

[dist]
# distance from previous block
# <min> <max>
4	15

[block]
# block no. 1 follows, 44 sequences, length 11
# corresponding to MSA columns:
# 718-728
name=unknown_B
#
# <colnr> <probs for GDERKNQSTAVLIFYWHMCP>
#	G	D	E	R	K	N	Q	S	T	A	V	L	I	F	Y	W	H	M	C	P
0	0.19915	0.11646	0.01614	0.01308	0.07577	0.25623	0.00979	0.19727	0.03338	0.02137	0.00974	0.01081	0.00767	0.00558	0.00459	0.00152	0.00678	0.00382	0.00357	0.00727
1	0.13588	0.01244	0.06951	0.15406	0.33794	0.01195	0.05513	0.02871	0.01209	0.04402	0.06108	0.01496	0.01091	0.00579	0.00554	0.01837	0.00617	0.00496	0.00313	0.00736
2	0.00835	0.05924	0.00834	0.00744	0.00856	0.00610	0.00542	0.00976	0.01167	0.04806	0.18275	0.38585	0.09297	0.08262	0.03856	0.00251	0.00392	0.02808	0.00491	0.00491
3	0.01570	0.02691	0.01263	0.01043	0.01377	0.01195	0.00840	0.17870	0.32310	0.14150	0.05522	0.02359	0.06708	0.00802	0.00565	0.00177	0.00461	0.05117	0.00553	0.03428
4	0.23280	0.23447	0.01665	0.01002	0.01375	0.13800	0.00851	0.15854	0.02918	0.04677	0.05653	0.01230	0.01029	0.00580	0.00435	0.00149	0.00581	0.00398	0.00371	0.00703
5	0.00919	0.00590	0.00710	0.00699	0.00774	0.00576	0.00460	0.04095	0.01064	0.06449	0.09139	0.20863	0.05460	0.41819	0.03694	0.00382	0.00468	0.00962	0.00433	0.00447
6	0.01869	0.01421	0.01523	0.01200	0.01611	0.01568	0.00979	0.56059	0.18443	0.03100	0.01488	0.01456	0.01080	0.00660	0.00540	0.00164	0.00553	0.00509	0.00536	0.05241
7	0.21346	0.06606	0.01369	0.01032	0.01401	0.07987	0.00846	0.29764	0.07031	0.08843	0.03327	0.01541	0.05343	0.00659	0.00488	0.00163	0.00540	0.00483	0.00464	0.00767
8	0.16683	0.23147	0.05360	0.01038	0.04428	0.07322	0.00880	0.01809	0.01252	0.17465	0.07631	0.01509	0.01252	0.00598	0.00452	0.00148	0.00533	0.01810	0.00391	0.06294
9	0.00799	0.00566	0.00685	0.00716	0.00778	0.00552	0.00475	0.05095	0.01114	0.01493	0.11043	0.38516	0.06406	0.27633	0.01364	0.00312	0.00394	0.01158	0.00461	0.00442
10	0.01377	0.01481	0.07536	0.11090	0.43243	0.06945	0.07632	0.05394	0.06593	0.01815	0.01107	0.01376	0.00881	0.00524	0.00545	0.00167	0.00697	0.00492	0.00299	0.00807

[dist]
# distance from previous block
# <min> <max>
0	5

[block]
# block no. 2 follows, 44 sequences, length 20
# corresponding to MSA columns:
# 734-753
name=unknown_C
#
# <colnr> <probs for GDERKNQSTAVLIFYWHMCP>
#	G	D	E	R	K	N	Q	S	T	A	V	L	I	F	Y	W	H	M	C	P
0	0.06420	0.00909	0.01143	0.00942	0.01285	0.00867	0.00767	0.03711	0.11846	0.46601	0.12798	0.02387	0.01990	0.00786	0.00563	0.00176	0.00433	0.04942	0.00617	0.00816
1	0.48310	0.01093	0.01005	0.00851	0.01204	0.03336	0.00691	0.06163	0.08280	0.15002	0.03876	0.01309	0.01014	0.00582	0.00424	0.00164	0.00449	0.00407	0.00433	0.05408
2	0.06619	0.04489	0.01116	0.00889	0.01173	0.00945	0.00708	0.08513	0.13492	0.21885	0.19391	0.06223	0.06757	0.03070	0.02121	0.00196	0.00429	0.00718	0.00552	0.00716
3	0.01003	0.00717	0.00833	0.00762	0.00967	0.02428	0.00576	0.02504	0.03708	0.08354	0.23761	0.14371	0.16809	0.05499	0.00725	0.00191	0.00361	0.04195	0.00510	0.11725
4	0.05719	0.00889	0.01156	0.00927	0.01281	0.00807	0.00747	0.05955	0.01515	0.57249	0.06631	0.09090	0.01745	0.02933	0.00618	0.00183	0.00445	0.00658	0.00625	0.00828
5	0.03206	0.00866	0.00790	0.00746	0.00935	0.10982	0.00562	0.02391	0.01389	0.04176	0.26177	0.07637	0.35834	0.01148	0.00613	0.00175	0.00382	0.00960	0.00506	0.00525
6	0.01464	0.71695	0.02656	0.00951	0.01391	0.07777	0.00919	0.01635	0.01146	0.01295	0.00978	0.01079	0.04139	0.00515	0.00374	0.00121	0.00599	0.00335	0.00249	0.00684
7	0.04875	0.00671	0.00924	0.00846	0.01020	0.00632	0.06111	0.01186	0.03058	0.08932	0.24808	0.26503	0.12227	0.04780	0.00729	0.00205	0.00370	0.01058	0.00518	0.00545
8	0.00668	0.00477	0.00636	0.00757	0.00792	0.00445	0.00506	0.00768	0.01061	0.01418	0.05494	0.77919	0.03657	0.01688	0.00694	0.00220	0.00314	0.01531	0.00509	0.00445
9	0.01072	0.01013	0.01712	0.69344	0.13606	0.01222	0.01535	0.01430	0.01110	0.01445	0.00977	0.01440	0.00745	0.00537	0.00544	0.00179	0.00716	0.00485	0.00246	0.00640
10	0.05388	0.01409	0.12162	0.20750	0.10695	0.02880	0.18660	0.03311	0.02771	0.01650	0.01024	0.01387	0.00809	0.00739	0.03491	0.03880	0.07535	0.00504	0.00272	0.00683
11	0.06602	0.00967	0.01108	0.00952	0.01253	0.01008	0.00760	0.09398	0.24934	0.20609	0.16842	0.02580	0.05779	0.00838	0.00569	0.00178	0.00417	0.03867	0.00574	0.00765
12	0.00693	0.00553	0.00614	0.00599	0.00759	0.00481	0.00446	0.00867	0.01332	0.01705	0.29982	0.04792	0.50184	0.03725	0.00709	0.00190	0.00277	0.01083	0.00533	0.00475
13	0.02613	0.00669	0.00867	0.00781	0.00951	0.00642	0.03197	0.06843	0.01540	0.02155	0.55434	0.09047	0.10945	0.01108	0.00633	0.00176	0.00317	0.00974	0.00564	0.00546
14	0.05020	0.00796	0.00986	0.00905	0.03224	0.00768	0.00683	0.03146	0.10715	0.23824	0.25183	0.08354	0.10472	0.00966	0.00593	0.00178	0.00375	0.02547	0.00576	0.00686
15	0.03330	0.00645	0.00830	0.00746	0.00931	0.00592	0.00565	0.01367	0.01435	0.18981	0.46112	0.08933	0.05429	0.06729	0.00770	0.00200	0.00332	0.00900	0.00582	0.00590
16	0.01138	0.04844	0.65744	0.01776	0.12370	0.01295	0.01938	0.01717	0.01162	0.01721	0.00978	0.01170	0.00714	0.00512	0.00516	0.00170	0.00778	0.00411	0.00236	0.00810
17	0.10672	0.41299	0.06779	0.04455	0.01567	0.13539	0.00996	0.08410	0.01308	0.01686	0.04187	0.01114	0.00904	0.00537	0.00420	0.00139	0.00634	0.00365	0.00297	0.00692
18	0.05273	0.01139	0.01271	0.01044	0.01360	0.01230	0.00836	0.41464	0.03705	0.08304	0.08254	0.09119	0.03258	0.03265	0.07697	0.00245	0.00591	0.00661	0.00518	0.00764
19	0.00727	0.00542	0.00671	0.00731	0.00814	0.00515	0.00507	0.00934	0.05604	0.01564	0.15095	0.49314	0.13509	0.05845	0.00786	0.00223	0.00320	0.01309	0.00514	0.00475

[dist]
# distance from previous block
# <min> <max>
0	4

[block]
# block no. 3 follows, 44 sequences, length 16
# corresponding to MSA columns:
# 758-773
name=unknown_D
#
# <colnr> <probs for GDERKNQSTAVLIFYWHMCP>
#	G	D	E	R	K	N	Q	S	T	A	V	L	I	F	Y	W	H	M	C	P
0	0.13142	0.01139	0.06935	0.01024	0.02920	0.01070	0.00851	0.15021	0.12463	0.16004	0.07327	0.06320	0.06974	0.03290	0.02937	0.00206	0.00503	0.00637	0.00497	0.00740
1	0.05119	0.03263	0.03985	0.07277	0.17663	0.19747	0.03392	0.09226	0.16035	0.01907	0.01319	0.01613	0.01074	0.00676	0.01653	0.00178	0.00693	0.04063	0.00366	0.00752
2	0.53918	0.01054	0.00989	0.00835	0.01196	0.01150	0.00685	0.05451	0.06879	0.21335	0.01244	0.01235	0.00877	0.00573	0.00416	0.00170	0.00441	0.00392	0.00448	0.00711
3	0.08438	0.00943	0.01188	0.06877	0.01476	0.00923	0.00811	0.06222	0.08692	0.43886	0.09347	0.02111	0.05192	0.00733	0.00546	0.00172	0.00456	0.00598	0.00582	0.00808
4	0.01708	0.09841	0.06092	0.01397	0.09435	0.01514	0.01091	0.33339	0.18051	0.07301	0.01500	0.01597	0.01136	0.00655	0.00531	0.00167	0.00567	0.02739	0.00475	0.00863
5	0.00977	0.00738	0.00782	0.00753	0.00827	0.04484	0.00495	0.09394	0.01078	0.01409	0.01829	0.15970	0.02036	0.50282	0.06263	0.00436	0.00575	0.00852	0.00380	0.00441
6	0.00861	0.00567	0.00711	0.00696	0.00834	0.00511	0.00510	0.01045	0.01348	0.08098	0.37165	0.21307	0.19299	0.03663	0.00711	0.00196	0.00300	0.01105	0.00558	0.00516
7	0.10319	0.00656	0.00771	0.00728	0.00896	0.00652	0.00553	0.01212	0.05696	0.04474	0.46940	0.09007	0.09446	0.01235	0.04847	0.00215	0.00364	0.00904	0.00540	0.00546
8	0.01133	0.01086	0.01120	0.01138	0.05551	0.16999	0.00823	0.04671	0.01111	0.01403	0.01307	0.01855	0.01193	0.05047	0.52285	0.00640	0.01250	0.00531	0.00301	0.00555
9	0.01629	0.01144	0.01272	0.01051	0.01348	0.03726	0.00835	0.38499	0.01865	0.10124	0.07266	0.06245	0.01577	0.07168	0.13384	0.00309	0.00691	0.00625	0.00495	0.00744
10	0.00779	0.00584	0.00876	0.00876	0.00974	0.00681	0.00681	0.00974	0.00876	0.01266	0.01460	0.02142	0.01363	0.04089	0.78680	0.00876	0.01460	0.00584	0.00292	0.00487
11	0.54717	0.01354	0.13223	0.00984	0.01420	0.01199	0.05145	0.03560	0.01100	0.11448	0.00995	0.01089	0.00720	0.00529	0.00414	0.00170	0.00520	0.00368	0.00363	0.00682
12	0.01982	0.01452	0.01565	0.01218	0.01633	0.01604	0.01000	0.65300	0.08841	0.05196	0.03673	0.01468	0.01127	0.00676	0.00549	0.00166	0.00572	0.00518	0.00551	0.00909
13	0.01905	0.00887	0.01130	0.00913	0.01252	0.00822	0.00733	0.06211	0.08022	0.48271	0.12669	0.02465	0.07640	0.03719	0.00650	0.00184	0.00428	0.00666	0.00622	0.00808
14	0.01349	0.01295	0.02213	0.03346	0.77440	0.01295	0.01673	0.01673	0.01241	0.01781	0.01025	0.01349	0.00864	0.00486	0.00540	0.00162	0.00648	0.00486	0.00270	0.00864
15	0.04278	0.12480	0.29325	0.01254	0.01776	0.02554	0.05138	0.14790	0.03954	0.04857	0.12859	0.01653	0.01482	0.00638	0.00522	0.00164	0.00625	0.00514	0.00378	0.00760

[dist]
# distance from previous block
# <min> <max>
0	1

[block]
# block no. 4 follows, 44 sequences, length 28
# corresponding to MSA columns:
# 775-802
name=unknown_E
#
# <colnr> <probs for GDERKNQSTAVLIFYWHMCP>
#	G	D	E	R	K	N	Q	S	T	A	V	L	I	F	Y	W	H	M	C	P
0	0.01069	0.00837	0.00933	0.04113	0.01132	0.05250	0.00676	0.14445	0.01392	0.02933	0.09583	0.35665	0.05722	0.08511	0.02885	0.00243	0.00472	0.03105	0.00479	0.00555
1	0.00674	0.00482	0.00626	0.00737	0.00772	0.00451	0.00488	0.00763	0.01031	0.01367	0.03002	0.70914	0.06528	0.08325	0.00868	0.00246	0.00332	0.01470	0.00491	0.00434
2	0.01185	0.01001	0.01160	0.00833	0.01315	0.00782	0.00669	0.05662	0.01213	0.01872	0.00989	0.01141	0.00814	0.00418	0.00412	0.00086	0.00415	0.00333	0.00336	0.79364
3	0.01227	0.01044	0.05959	0.04083	0.01431	0.00799	0.00793	0.01562	0.05310	0.09431	0.04812	0.04306	0.01281	0.00581	0.00474	0.00121	0.00444	0.03192	0.00388	0.52765
4	0.04401	0.22504	0.45357	0.01342	0.01973	0.10702	0.01552	0.03417	0.01211	0.01633	0.00906	0.01055	0.00696	0.00513	0.00466	0.00154	0.00752	0.00367	0.00248	0.00753
5	0.00886	0.00604	0.00712	0.00668	0.00840	0.00546	0.00500	0.01114	0.03926	0.08411	0.32707	0.06398	0.32961	0.06367	0.00772	0.00201	0.00308	0.01004	0.00548	0.00527
6	0.01214	0.01199	0.02091	0.33885	0.19125	0.03056	0.19757	0.05030	0.01249	0.01659	0.01145	0.05990	0.00957	0.00584	0.00576	0.00178	0.00734	0.00583	0.00287	0.00700
7	0.03349	0.43360	0.04460	0.01086	0.01497	0.19878	0.00975	0.10762	0.03651	0.01632	0.01091	0.01176	0.03902	0.00560	0.00430	0.00135	0.00665	0.00378	0.00305	0.00707
8	0.03701	0.00900	0.01090	0.00922	0.01225	0.00880	0.00729	0.10199	0.11755	0.33033	0.09662	0.13052	0.08621	0.00922	0.00581	0.00179	0.00417	0.00777	0.00591	0.00764
9	0.00677	0.00487	0.00643	0.00745	0.00792	0.00452	0.00505	0.00794	0.01113	0.01495	0.12556	0.68871	0.05596	0.01624	0.00688	0.00214	0.00308	0.01468	0.00518	0.00452
10	0.01960	0.05591	0.01601	0.01406	0.05363	0.51798	0.01043	0.12144	0.04611	0.06569	0.01124	0.01206	0.02033	0.00594	0.00504	0.00148	0.00831	0.00410	0.00354	0.00712
11	0.05047	0.04295	0.05525	0.00950	0.01197	0.00998	0.00776	0.23088	0.03258	0.02180	0.12369	0.31386	0.02516	0.03048	0.00651	0.00195	0.00444	0.00944	0.00493	0.00641
12	0.01677	0.01259	0.01378	0.01115	0.01461	0.01391	0.00902	0.50262	0.09520	0.02805	0.01766	0.01868	0.07160	0.03303	0.11298	0.00274	0.00673	0.00577	0.00503	0.00808
13	0.01093	0.02820	0.78016	0.01554	0.02360	0.01266	0.02014	0.01727	0.01151	0.01727	0.00978	0.01151	0.00691	0.00518	0.00518	0.00173	0.00806	0.00403	0.00230	0.00806
14	0.04692	0.21666	0.37859	0.01472	0.05570	0.01508	0.08002	0.05175	0.04350	0.03407	0.01021	0.01169	0.00775	0.00517	0.00485	0.00159	0.00705	0.00412	0.00279	0.00778
15	0.01287	0.04306	0.01939	0.16783	0.46127	0.04839	0.01454	0.03271	0.01262	0.01724	0.07503	0.01559	0.01186	0.00576	0.00591	0.00167	0.03856	0.00514	0.00297	0.00760
16	0.01823	0.00859	0.01103	0.00921	0.01232	0.00806	0.00727	0.02228	0.13251	0.45892	0.11147	0.10386	0.02110	0.04099	0.00666	0.00192	0.00422	0.00725	0.00616	0.00794
17	0.11434	0.02859	0.01244	0.01121	0.05672	0.02202	0.03355	0.15951	0.10221	0.09542	0.09620	0.11232	0.06180	0.00968	0.02766	0.00199	0.00499	0.03743	0.00488	0.00705
18	0.03561	0.07105	0.26000	0.04892	0.18522	0.01274	0.14169	0.04997	0.01249	0.01775	0.02549	0.07079	0.03170	0.00624	0.00548	0.00172	0.00693	0.00571	0.00298	0.00750
19	0.00821	0.00599	0.00690	0.00660	0.00827	0.00540	0.00493	0.03818	0.01377	0.04911	0.28613	0.11247	0.38785	0.03308	0.00696	0.00191	0.00300	0.01072	0.00541	0.00510
20	0.00851	0.00524	0.00692	0.00765	0.00838	0.00483	0.00524	0.00948	0.01083	0.08929	0.02898	0.65442	0.05458	0.05304	0.00803	0.01738	0.00342	0.01384	0.00510	0.00482
21	0.08741	0.05843	0.04045	0.32502	0.14419	0.01378	0.04360	0.14041	0.06014	0.01963	0.01087	0.01356	0.00829	0.00554	0.00518	0.00171	0.00650	0.00470	0.00326	0.00731
22	0.01130	0.00969	0.01130	0.00807	0.01292	0.00727	0.00646	0.01373	0.01130	0.01776	0.00969	0.01130	0.00807	0.00404	0.00404	0.00081	0.00404	0.00323	0.00323	0.84173
23	0.00903	0.00583	0.00727	0.00690	0.00845	0.00523	0.00513	0.01098	0.01387	0.09681	0.41105	0.13375	0.21039	0.04183	0.00720	0.00194	0.00300	0.01040	0.00565	0.00529
24	0.72576	0.01065	0.00952	0.03060	0.07042	0.01211	0.00708	0.01646	0.00983	0.05498	0.00843	0.00977	0.00647	0.00513	0.00367	0.00169	0.00449	0.00326	0.00344	0.00626
25	0.08391	0.05761	0.01386	0.01056	0.01427	0.04990	0.00863	0.22568	0.16678	0.19673	0.05514	0.01768	0.01391	0.00687	0.00523	0.00166	0.00512	0.02445	0.00524	0.03677
26	0.04325	0.00882	0.01106	0.00900	0.01219	0.00833	0.00716	0.07562	0.06540	0.42917	0.16184	0.02435	0.04126	0.06855	0.00731	0.00198	0.00432	0.00658	0.00602	0.00778
27	0.00827	0.00573	0.00676	0.00703	0.00757	0.00568	0.00452	0.02291	0.05314	0.02847	0.02400	0.31977	0.06004	0.40192	0.01694	0.00365	0.00433	0.01069	0.00427	0.00431

[dist]
# distance from previous block
# <min> <max>
1	2

[block]
# block no. 5 follows, 44 sequences, length 9
# corresponding to MSA columns:
# 805-813
name=unknown_F
#
# <colnr> <probs for GDERKNQSTAVLIFYWHMCP>
#	G	D	E	R	K	N	Q	S	T	A	V	L	I	F	Y	W	H	M	C	P
0	0.01273	0.01413	0.02989	0.08415	0.10717	0.01357	0.61995	0.01711	0.01267	0.01722	0.01084	0.01457	0.00823	0.00469	0.00625	0.00181	0.00876	0.00615	0.00273	0.00739
1	0.04194	0.00610	0.00749	0.00689	0.00859	0.00560	0.00522	0.01156	0.01449	0.09141	0.53011	0.03920	0.16474	0.03448	0.00685	0.00184	0.00294	0.00939	0.00573	0.00542
2	0.00979	0.00741	0.01036	0.00949	0.01099	0.00830	0.03485	0.11317	0.01115	0.01560	0.01456	0.02167	0.01354	0.12375	0.56145	0.00711	0.01213	0.00598	0.00331	0.00539
3	0.01092	0.04110	0.06533	0.00865	0.01126	0.00817	0.00726	0.03077	0.13812	0.09438	0.25858	0.13313	0.12599	0.01023	0.00596	0.00177	0.00381	0.00878	0.00525	0.03055
4	0.11130	0.01018	0.01066	0.00896	0.01218	0.07351	0.00714	0.03893	0.07938	0.33994	0.08848	0.02487	0.15513	0.00819	0.00546	0.00171	0.00451	0.00656	0.00553	0.00738
5	0.07728	0.00581	0.00636	0.00639	0.00784	0.00539	0.00466	0.00912	0.01235	0.01703	0.23297	0.17274	0.34881	0.05996	0.00753	0.00206	0.00305	0.01082	0.00506	0.00475
6	0.06523	0.01931	0.42969	0.01434	0.07280	0.01143	0.01493	0.01495	0.01101	0.01686	0.04585	0.01635	0.05100	0.01113	0.11332	0.00274	0.07425	0.00499	0.00280	0.00703
7	0.40203	0.05736	0.09456	0.01056	0.01465	0.05885	0.04158	0.14035	0.07616	0.02343	0.01065	0.01234	0.00829	0.00574	0.00442	0.00168	0.00558	0.02102	0.00371	0.00705
8	0.00706	0.00513	0.00629	0.00679	0.00748	0.00476	0.00458	0.00819	0.01120	0.01486	0.16843	0.38728	0.15876	0.17070	0.01085	0.00266	0.00340	0.01231	0.00489	0.00437

[dist]
# distance from previous block
# <min> <max>
0	3

[block]
# block no. 6 follows, 44 sequences, length 12
# corresponding to MSA columns:
# 817-828
name=unknown_G
#
# <colnr> <probs for GDERKNQSTAVLIFYWHMCP>
#	G	D	E	R	K	N	Q	S	T	A	V	L	I	F	Y	W	H	M	C	P
0	0.01163	0.17734	0.63709	0.01436	0.02177	0.01436	0.01808	0.01709	0.01143	0.01642	0.00936	0.01098	0.00692	0.00508	0.00486	0.00162	0.00763	0.00382	0.00231	0.00786
1	0.01198	0.01276	0.06132	0.33001	0.27705	0.01279	0.15647	0.01620	0.03706	0.01635	0.01055	0.01426	0.00820	0.00514	0.00561	0.00175	0.00732	0.00515	0.00268	0.00734
2	0.01659	0.01489	0.01270	0.01077	0.01395	0.21844	0.00847	0.26743	0.06091	0.07165	0.02435	0.02367	0.21632	0.00833	0.00559	0.00165	0.00596	0.00643	0.00473	0.00718
3	0.00834	0.00537	0.00671	0.00701	0.00773	0.00503	0.00469	0.00934	0.01087	0.06509	0.12830	0.37178	0.08299	0.24627	0.01282	0.00298	0.00377	0.01158	0.00479	0.00453
4	0.69982	0.01875	0.01684	0.01564	0.01957	0.01838	0.01126	0.02390	0.01718	0.03393	0.02004	0.02600	0.01772	0.01311	0.00885	0.00388	0.00841	0.00714	0.00742	0.01216
5	0.00678	0.00491	0.00629	0.00724	0.00774	0.00455	0.00486	0.00781	0.01079	0.01430	0.08036	0.63239	0.10668	0.06781	0.00823	0.00235	0.00322	0.01425	0.00501	0.00442
6	0.01407	0.53660	0.04696	0.01024	0.01414	0.11280	0.00972	0.01607	0.01191	0.01369	0.01181	0.01901	0.01164	0.00678	0.00449	0.00147	0.00624	0.14289	0.00290	0.00657
7	0.01130	0.00969	0.01130	0.00807	0.01292	0.00727	0.00646	0.01373	0.01130	0.01776	0.00969	0.01130	0.00807	0.00404	0.00404	0.00081	0.00404	0.00323	0.00323	0.84173
8	0.01627	0.08327	0.11644	0.01207	0.01553	0.23208	0.01055	0.20913	0.03480	0.01879	0.01027	0.01242	0.00831	0.00841	0.00845	0.16142	0.02753	0.00423	0.00337	0.00667
9	0.01502	0.55589	0.02752	0.01255	0.01713	0.12143	0.15135	0.01726	0.01200	0.01378	0.00835	0.01002	0.00724	0.00478	0.00424	0.00133	0.00700	0.00366	0.00248	0.00697
10	0.01310	0.01075	0.01227	0.00893	0.01368	0.00910	0.00720	0.15506	0.01403	0.02092	0.01034	0.01164	0.00830	0.00451	0.00431	0.00097	0.00441	0.00355	0.00365	0.68327
11	0.00933	0.00733	0.00786	0.00718	0.00931	0.00700	0.00552	0.15056	0.01515	0.01926	0.13101	0.10066	0.48486	0.01235	0.00629	0.00182	0.00339	0.01036	0.00525	0.00554

[dist]
# distance from previous block
# <min> <max>
0	12

[block]
# block no. 7 follows, 44 sequences, length 14
# corresponding to MSA columns:
# 841-854
name=unknown_H
#
# <colnr> <probs for GDERKNQSTAVLIFYWHMCP>
#	G	D	E	R	K	N	Q	S	T	A	V	L	I	F	Y	W	H	M	C	P
0	0.00700	0.00513	0.00633	0.00684	0.00759	0.00472	0.00467	0.00824	0.01149	0.01525	0.18578	0.40663	0.17046	0.12252	0.00957	0.00246	0.00326	0.01259	0.00502	0.00445
1	0.26642	0.00830	0.00878	0.00812	0.00992	0.00923	0.00608	0.04943	0.14852	0.01769	0.01142	0.01475	0.00970	0.01198	0.01217	0.39014	0.00456	0.00446	0.00341	0.00493
2	0.05605	0.00684	0.00824	0.00745	0.00951	0.00646	0.00574	0.01409	0.06537	0.14698	0.40949	0.06479	0.15677	0.01048	0.00607	0.00176	0.00318	0.00898	0.00576	0.00600
3	0.01240	0.00871	0.00970	0.00849	0.01032	0.00912	0.00617	0.23806	0.04518	0.04639	0.06050	0.10664	0.07196	0.32532	0.01454	0.00317	0.00491	0.00797	0.00462	0.00585
4	0.00782	0.00571	0.00808	0.00808	0.00882	0.00644	0.00597	0.00930	0.00856	0.01215	0.01523	0.02487	0.01513	0.22650	0.60323	0.00792	0.01235	0.00635	0.00301	0.00449
5	0.01140	0.00723	0.00968	0.09085	0.01210	0.00777	0.00682	0.14622	0.01115	0.01484	0.01168	0.06094	0.01119	0.05261	0.01621	0.51128	0.00517	0.00554	0.00314	0.00419
6	0.00944	0.00790	0.01174	0.02325	0.04632	0.00852	0.06914	0.01160	0.02936	0.03303	0.22179	0.20901	0.06912	0.05422	0.00995	0.01559	0.15075	0.00937	0.00439	0.00548
7	0.03876	0.00641	0.00825	0.05370	0.02782	0.00659	0.00596	0.06830	0.01066	0.01465	0.03994	0.29538	0.03851	0.16049	0.01357	0.18889	0.00446	0.00932	0.00393	0.00442
8	0.01601	0.01100	0.01344	0.05854	0.11671	0.04286	0.00956	0.02332	0.29664	0.23410	0.05547	0.02108	0.06232	0.00726	0.00557	0.00175	0.00492	0.00611	0.00520	0.00816
9	0.00865	0.00706	0.01021	0.00972	0.01043	0.00875	0.00763	0.01031	0.00862	0.01261	0.01324	0.02041	0.01271	0.08548	0.57785	0.00722	0.17552	0.00576	0.00284	0.00499
10	0.49609	0.03037	0.00956	0.00783	0.01105	0.01165	0.00642	0.13299	0.01265	0.06600	0.01110	0.01217	0.00837	0.00562	0.00390	0.00159	0.00425	0.00379	0.15811	0.00650
11	0.69214	0.00976	0.00816	0.00770	0.01068	0.01113	0.00644	0.01515	0.00988	0.02296	0.01152	0.01858	0.01061	0.00691	0.00414	0.00184	0.00437	0.13864	0.00368	0.00574
12	0.00884	0.00715	0.01123	0.01332	0.15094	0.00795	0.00865	0.01103	0.00944	0.01361	0.01380	0.01995	0.01271	0.03423	0.64250	0.00744	0.01310	0.00566	0.00288	0.00556
13	0.01911	0.01174	0.01353	0.01088	0.01445	0.01225	0.00876	0.42488	0.02017	0.22742	0.01845	0.16075	0.01534	0.00854	0.00574	0.00176	0.00512	0.00702	0.00572	0.00838

[dist]
# distance from previous block
# <min> <max>
0	2

[block]
# block no. 8 follows, 44 sequences, length 20
# corresponding to MSA columns:
# 857-876
name=unknown_I
#
# <colnr> <probs for GDERKNQSTAVLIFYWHMCP>
#	G	D	E	R	K	N	Q	S	T	A	V	L	I	F	Y	W	H	M	C	P
0	0.00663	0.00477	0.00630	0.00751	0.00789	0.00443	0.00503	0.00760	0.01051	0.01395	0.03100	0.77631	0.06397	0.01696	0.00694	0.00220	0.00315	0.01535	0.00506	0.00443
1	0.01907	0.01388	0.01508	0.01180	0.01588	0.01507	0.00963	0.58561	0.08247	0.06443	0.01483	0.05293	0.01130	0.00700	0.00545	0.00164	0.00555	0.00546	0.00537	0.05756
2	0.01130	0.00969	0.01130	0.00807	0.01292	0.00727	0.00646	0.01373	0.01130	0.01776	0.00969	0.01130	0.00807	0.00404	0.00404	0.00081	0.00404	0.00323	0.00323	0.84173
3	0.01318	0.01856	0.24307	0.02286	0.30500	0.08250	0.13896	0.03731	0.01301	0.01784	0.04778	0.01412	0.01006	0.00533	0.00552	0.00167	0.00748	0.00500	0.00284	0.00789
4	0.01525	0.01254	0.07473	0.04346	0.01545	0.01210	0.00969	0.36761	0.05769	0.06591	0.01913	0.20284	0.03350	0.00940	0.00589	0.00184	0.00528	0.03505	0.00503	0.00760
5	0.01736	0.01108	0.01260	0.01071	0.01421	0.01192	0.00850	0.05865	0.49338	0.26557	0.02159	0.01946	0.01532	0.00715	0.00552	0.00179	0.00449	0.00589	0.00593	0.00886
6	0.00760	0.00541	0.00673	0.00744	0.00797	0.00523	0.00501	0.03876	0.01070	0.01417	0.02767	0.53008	0.06750	0.19251	0.01152	0.00287	0.00382	0.04592	0.00468	0.00441
7	0.01141	0.15430	0.61768	0.01424	0.02139	0.01377	0.01779	0.01680	0.01149	0.01649	0.01043	0.01368	0.00820	0.00561	0.00503	0.00168	0.00754	0.04228	0.00245	0.00773
8	0.00676	0.00484	0.00638	0.00756	0.00795	0.00453	0.00511	0.00774	0.01050	0.01392	0.03042	0.72727	0.05995	0.04309	0.00765	0.00231	0.00329	0.04132	0.00500	0.00442
9	0.00664	0.00474	0.00633	0.00759	0.00791	0.00443	0.00506	0.00759	0.01044	0.01392	0.03005	0.80485	0.03606	0.01708	0.00696	0.00221	0.00316	0.01550	0.00506	0.00443
10	0.01392	0.01221	0.01745	0.10020	0.37361	0.02837	0.01313	0.08149	0.18335	0.04406	0.04167	0.01771	0.01276	0.00626	0.00554	0.00172	0.00585	0.02867	0.00387	0.00816
11	0.40971	0.05772	0.04800	0.01212	0.07896	0.19927	0.00923	0.09431	0.01292	0.02131	0.00869	0.01004	0.00686	0.00532	0.00422	0.00158	0.00620	0.00350	0.00329	0.00674
12	0.01301	0.24231	0.24121	0.11328	0.21744	0.03565	0.01513	0.03308	0.01197	0.01603	0.00931	0.01161	0.00748	0.00503	0.00479	0.00154	0.00692	0.00404	0.00251	0.00765
13	0.13702	0.10119	0.34179	0.08657	0.07137	0.01363	0.09505	0.04156	0.01186	0.03779	0.00980	0.01182	0.00731	0.00514	0.00493	0.00167	0.00704	0.00421	0.00277	0.00748
14	0.04452	0.08348	0.01761	0.01720	0.17499	0.42014	0.01148	0.11486	0.01542	0.01730	0.00947	0.01119	0.00778	0.00635	0.02406	0.00165	0.00825	0.00397	0.00311	0.00719
15	0.01843	0.00921	0.01135	0.00916	0.01244	0.03364	0.00737	0.08553	0.01633	0.43177	0.25594	0.02459	0.02472	0.00801	0.00573	0.00166	0.00427	0.00669	0.00619	0.02697
16	0.00871	0.00576	0.00748	0.00699	0.00837	0.00529	0.00521	0.01103	0.01480	0.06840	0.64035	0.07088	0.06250	0.05111	0.00746	0.00192	0.00287	0.00976	0.00585	0.00527
17	0.00677	0.00483	0.00647	0.00773	0.00811	0.00454	0.00528	0.00781	0.01056	0.01406	0.02998	0.76147	0.03578	0.01696	0.00699	0.00223	0.00327	0.05764	0.00506	0.00446
18	0.00690	0.00554	0.00616	0.00600	0.00765	0.00480	0.00450	0.00871	0.01351	0.01730	0.31334	0.04824	0.51247	0.01285	0.00644	0.00180	0.00269	0.01091	0.00540	0.00480
19	0.01458	0.81168	0.02857	0.00933	0.01399	0.02157	0.00933	0.01632	0.01108	0.01283	0.00758	0.00875	0.00700	0.00466	0.00350	0.00117	0.00583	0.00292	0.00233	0.00700

[dist]
# distance from previous block
# <min> <max>
1	39

[block]
# block no. 9 follows, 44 sequences, length 7
# corresponding to MSA columns:
# 916-922
name=unknown_J
#
# <colnr> <probs for GDERKNQSTAVLIFYWHMCP>
#	G	D	E	R	K	N	Q	S	T	A	V	L	I	F	Y	W	H	M	C	P
0	0.00727	0.00755	0.09346	0.00832	0.00968	0.00550	0.00675	0.00889	0.01070	0.01430	0.02933	0.57417	0.09847	0.05620	0.00781	0.00230	0.00387	0.04594	0.00466	0.00482
1	0.01066	0.01006	0.01700	0.70953	0.12050	0.01221	0.01532	0.01424	0.01107	0.01437	0.00975	0.01442	0.00742	0.00538	0.00544	0.00179	0.00718	0.00485	0.00245	0.00635
2	0.04393	0.02467	0.63128	0.01564	0.05429	0.01216	0.04778	0.01670	0.01180	0.01791	0.06491	0.01373	0.01022	0.00557	0.00526	0.00172	0.00749	0.00454	0.00265	0.00776
3	0.01349	0.01149	0.01839	0.36811	0.32459	0.01264	0.01484	0.08774	0.01323	0.06701	0.01101	0.01424	0.00840	0.00541	0.00543	0.00171	0.00666	0.00490	0.00311	0.00759
4	0.01432	0.58371	0.18232	0.01101	0.01621	0.08452	0.01166	0.01698	0.01154	0.01378	0.00811	0.00941	0.00698	0.00485	0.00396	0.00130	0.00663	0.00320	0.00237	0.00716
5	0.84691	0.01054	0.00801	0.00717	0.01054	0.01223	0.00590	0.01603	0.00928	0.02446	0.00759	0.00886	0.00590	0.00506	0.00337	0.00169	0.00422	0.00295	0.00337	0.00590
6	0.00694	0.00554	0.00621	0.00604	0.00767	0.00481	0.00453	0.00878	0.01359	0.01749	0.33224	0.04793	0.49345	0.01278	0.00644	0.00179	0.00269	0.01087	0.00543	0.00481

[dist]
# distance from previous block
# <min> <max>
0	2

[block]
# block no. 10 follows, 44 sequences, length 21
# corresponding to MSA columns:
# 925-945
name=unknown_K
#
# <colnr> <probs for GDERKNQSTAVLIFYWHMCP>
#	G	D	E	R	K	N	Q	S	T	A	V	L	I	F	Y	W	H	M	C	P
0	0.01130	0.00969	0.01130	0.00807	0.01292	0.00727	0.00646	0.01373	0.01130	0.01776	0.00969	0.01130	0.00807	0.00404	0.00404	0.00081	0.00404	0.00323	0.00323	0.84173
1	0.01492	0.78410	0.02802	0.00934	0.01399	0.02111	0.00928	0.01668	0.01123	0.03913	0.00806	0.00908	0.00722	0.00474	0.00357	0.00118	0.00579	0.00300	0.00248	0.00707
2	0.00663	0.00480	0.00627	0.00745	0.00787	0.00444	0.00500	0.00761	0.01057	0.01397	0.03178	0.75305	0.08674	0.01685	0.00692	0.00219	0.00314	0.01522	0.00506	0.00444
3	0.01030	0.00969	0.01635	0.79530	0.03755	0.01211	0.01514	0.01393	0.01090	0.01393	0.00969	0.01453	0.00727	0.00545	0.00545	0.00182	0.00727	0.00484	0.00242	0.00606
4	0.01025	0.00972	0.01675	0.70898	0.03547	0.01181	0.05773	0.01380	0.01099	0.01413	0.01084	0.05597	0.00884	0.00601	0.00559	0.00184	0.00716	0.00550	0.00258	0.00605
5	0.32402	0.01172	0.06766	0.02425	0.01395	0.01107	0.00851	0.10421	0.04155	0.27278	0.03354	0.01585	0.01130	0.00638	0.00478	0.00172	0.00489	0.02937	0.00483	0.00761
6	0.02271	0.00904	0.01224	0.00967	0.01359	0.00796	0.00799	0.02520	0.03452	0.68909	0.04443	0.02192	0.01582	0.00741	0.00564	0.00174	0.00459	0.05096	0.00659	0.00887
7	0.01030	0.00969	0.01635	0.79530	0.03755	0.01211	0.01514	0.01393	0.01090	0.01393	0.00969	0.01453	0.00727	0.00545	0.00545	0.00182	0.00727	0.00484	0.00242	0.00606
8	0.01224	0.00832	0.00931	0.00816	0.00966	0.00879	0.00571	0.19001	0.05947	0.05861	0.01664	0.02784	0.01652	0.49416	0.04825	0.00413	0.00571	0.00688	0.00413	0.00545
9	0.01156	0.01100	0.01855	0.48020	0.31586	0.01259	0.01563	0.01496	0.01139	0.01537	0.00982	0.01405	0.00778	0.00536	0.00585	0.00176	0.03384	0.00485	0.00253	0.00703
10	0.00781	0.00576	0.00833	0.00833	0.00915	0.00658	0.00628	0.00946	0.00863	0.01234	0.01500	0.02361	0.01458	0.15883	0.67015	0.00823	0.01317	0.00616	0.00298	0.00463
11	0.02281	0.00960	0.01260	0.00986	0.01383	0.00872	0.00806	0.08920	0.03555	0.64916	0.02129	0.06397	0.01452	0.00735	0.00557	0.00172	0.00466	0.00603	0.00651	0.00898
12	0.03447	0.03059	0.01537	0.01194	0.01594	0.06718	0.00975	0.52338	0.11947	0.07375	0.01436	0.01415	0.01034	0.00654	0.00531	0.00163	0.00583	0.00494	0.02629	0.00878
13	0.00818	0.00569	0.00722	0.00680	0.00826	0.00516	0.00511	0.01052	0.01486	0.05133	0.61617	0.06306	0.15409	0.01152	0.00641	0.00175	0.00270	0.01008	0.00587	0.00521
14	0.01599	0.03597	0.12429	0.01176	0.01580	0.08076	0.01046	0.09498	0.35518	0.14026	0.03027	0.01723	0.01347	0.00736	0.02003	0.00186	0.00576	0.00537	0.00489	0.00834
15	0.01028	0.00720	0.00881	0.00840	0.01001	0.00706	0.00616	0.09963	0.02728	0.06444	0.06808	0.41065	0.06167	0.05986	0.02695	0.00228	0.02586	0.01086	0.00489	0.07963
16	0.01024	0.00868	0.01008	0.00764	0.01168	0.00666	0.00601	0.01247	0.01166	0.01743	0.06103	0.05210	0.11551	0.00633	0.00463	0.00106	0.00374	0.00526	0.00372	0.64410
17	0.01159	0.02418	0.57565	0.01974	0.18059	0.01279	0.06490	0.01717	0.01178	0.01739	0.00996	0.01212	0.00735	0.00508	0.00530	0.00171	0.00780	0.00435	0.00241	0.00813
18	0.00821	0.00571	0.00689	0.00658	0.00811	0.00509	0.00489	0.01015	0.01382	0.06250	0.41184	0.08773	0.28940	0.04587	0.00731	0.00194	0.00291	0.01041	0.00556	0.00508
19	0.04600	0.57622	0.03982	0.01258	0.08577	0.08180	0.03968	0.01719	0.03140	0.01430	0.00846	0.00987	0.00741	0.00485	0.00399	0.00130	0.00629	0.00339	0.00254	0.00713
20	0.60238	0.05014	0.03855	0.00996	0.05643	0.07916	0.00781	0.03341	0.02914	0.03880	0.00867	0.00988	0.00675	0.00521	0.00384	0.00164	0.00509	0.00332	0.00337	0.00644

[dist]
# distance from previous block
# <min> <max>
0	2

[block]
# block no. 11 follows, 44 sequences, length 28
# corresponding to MSA columns:
# 948-975
name=unknown_L
#
# <colnr> <probs for GDERKNQSTAVLIFYWHMCP>
#	G	D	E	R	K	N	Q	S	T	A	V	L	I	F	Y	W	H	M	C	P
0	0.03506	0.04981	0.01499	0.01105	0.01522	0.01420	0.00907	0.44272	0.09630	0.08296	0.01384	0.01428	0.01026	0.02822	0.00572	0.00161	0.00536	0.00477	0.00496	0.13959
1	0.00884	0.00738	0.03093	0.00784	0.00964	0.00680	0.00616	0.05992	0.08801	0.01907	0.27948	0.15371	0.20982	0.03970	0.00712	0.00199	0.00349	0.04927	0.00530	0.00554
2	0.04725	0.01074	0.01771	0.41469	0.32020	0.01203	0.01487	0.01486	0.01143	0.01592	0.01073	0.01617	0.00893	0.00590	0.00572	0.01681	0.00668	0.03973	0.00269	0.00693
3	0.05833	0.01271	0.02056	0.14214	0.56320	0.02691	0.04056	0.03912	0.01250	0.01802	0.01011	0.01336	0.00827	0.00501	0.00532	0.00166	0.00661	0.00478	0.00278	0.00805
4	0.00778	0.00595	0.00863	0.00887	0.00980	0.00567	0.05573	0.03468	0.01160	0.01556	0.08371	0.60797	0.03387	0.02774	0.00719	0.00220	0.00377	0.05945	0.00496	0.00487
5	0.00693	0.00495	0.00657	0.00762	0.00808	0.00465	0.00524	0.00811	0.01097	0.01473	0.10245	0.65270	0.03666	0.04594	0.00772	0.00230	0.00330	0.06151	0.00508	0.00449
6	0.01325	0.01266	0.02135	0.09182	0.69151	0.01291	0.01633	0.01693	0.03773	0.01768	0.01061	0.01381	0.00880	0.00499	0.00541	0.00164	0.00646	0.00490	0.00277	0.00844
7	0.40082	0.01547	0.01229	0.04129	0.01478	0.20098	0.00854	0.20808	0.01505	0.02390	0.00929	0.01041	0.00710	0.00559	0.00437	0.00161	0.00616	0.00367	0.00374	0.00688
8	0.66558	0.01153	0.03949	0.00821	0.01186	0.01239	0.00703	0.06201	0.05989	0.06534	0.00971	0.01049	0.00726	0.00540	0.00383	0.00170	0.00450	0.00346	0.00378	0.00655
9	0.05771	0.01180	0.01741	0.44242	0.23011	0.04356	0.01442	0.08698	0.01282	0.01749	0.01001	0.01362	0.00774	0.00538	0.00530	0.00172	0.00687	0.00470	0.00286	0.00706
10	0.01339	0.50247	0.30449	0.01174	0.01760	0.03895	0.01334	0.01682	0.01135	0.01447	0.00841	0.00979	0.00696	0.00488	0.00415	0.00138	0.00676	0.00334	0.00233	0.00737
11	0.00701	0.00523	0.00647	0.00681	0.00782	0.00474	0.00484	0.00861	0.01261	0.01684	0.29782	0.34188	0.21238	0.03244	0.00713	0.00202	0.00291	0.01240	0.00535	0.00470
12	0.01413	0.59610	0.16832	0.01167	0.04590	0.05606	0.01170	0.01678	0.01142	0.01388	0.00814	0.00950	0.00705	0.00481	0.00396	0.00130	0.00646	0.00323	0.00236	0.00723
