[name]
unknown

[dist]
# distance from previous block
# <min> <max>
9	84

[block]
# block no. 0 follows, 43 sequences, length 23
# corresponding to MSA columns:
# 100-122
name=unknown_A
#
# <colnr> <probs for GDERKNQSTAVLIFYWHMCP>
#	G	D	E	R	K	N	Q	S	T	A	V	L	I	F	Y	W	H	M	C	P
0	0.01380	0.00886	0.04801	0.10956	0.01398	0.00850	0.00780	0.08584	0.01349	0.14214	0.01638	0.01815	0.01218	0.00647	0.00508	0.00153	0.03155	0.00512	0.44500	0.00656
1	0.13543	0.00977	0.01326	0.01046	0.01425	0.00920	0.07271	0.05542	0.01476	0.46229	0.06732	0.07898	0.01623	0.00752	0.00553	0.00177	0.00487	0.00634	0.00578	0.00812
2	0.01456	0.01074	0.01620	0.28493	0.19274	0.01164	0.01269	0.04592	0.08338	0.16224	0.05707	0.01718	0.01247	0.00630	0.00593	0.00176	0.02853	0.00543	0.00400	0.02628
3	0.03525	0.01169	0.01401	0.27001	0.02148	0.10769	0.01080	0.01694	0.04004	0.13716	0.01323	0.05219	0.01108	0.07048	0.00904	0.00210	0.11952	0.00551	0.00359	0.04820
4	0.16856	0.01333	0.01878	0.23662	0.05262	0.09882	0.18724	0.01618	0.01145	0.01696	0.00950	0.01306	0.00757	0.00677	0.02927	0.00204	0.09712	0.00482	0.00279	0.00652
5	0.01679	0.03246	0.01355	0.01097	0.01416	0.05744	0.00865	0.35221	0.13785	0.07973	0.01838	0.12215	0.02898	0.07175	0.00750	0.00205	0.00544	0.00690	0.00518	0.00786
6	0.01251	0.01010	0.01131	0.02827	0.01326	0.04660	0.00711	0.04809	0.01261	0.07587	0.01676	0.09725	0.07453	0.00690	0.00527	0.00126	0.02702	0.00562	0.00394	0.49572
7	0.01506	0.01064	0.01212	0.09828	0.01561	0.03895	0.00850	0.18678	0.12358	0.12764	0.03924	0.08540	0.06031	0.05406	0.00688	0.00193	0.00505	0.00673	0.06136	0.04186
8	0.01563	0.04130	0.03610	0.01107	0.01437	0.01077	0.06281	0.08642	0.13241	0.22904	0.06359	0.09840	0.07782	0.00866	0.00672	0.00182	0.06245	0.00719	0.00518	0.02823
9	0.20254	0.00932	0.01037	0.00881	0.01194	0.00954	0.00704	0.05698	0.11749	0.27086	0.13855	0.05468	0.01944	0.00771	0.00523	0.00174	0.00412	0.00620	0.05000	0.00745
10	0.07439	0.01227	0.01923	0.31853	0.38654	0.04184	0.03657	0.01608	0.01192	0.01692	0.00995	0.01365	0.00797	0.00520	0.00536	0.00172	0.00692	0.00478	0.00269	0.00745
11	0.11872	0.01251	0.01934	0.12603	0.25325	0.01335	0.13377	0.09551	0.06396	0.04278	0.01166	0.01415	0.00902	0.00563	0.00586	0.00176	0.03587	0.00507	0.02402	0.00775
12	0.00929	0.00566	0.00728	0.00769	0.00887	0.00511	0.00549	0.01061	0.01197	0.11826	0.07351	0.51627	0.15154	0.01501	0.00677	0.00210	0.00336	0.03053	0.00543	0.00525
13	0.01212	0.01212	0.01696	0.01454	0.01454	0.01696	0.01212	0.01333	0.00848	0.01333	0.00727	0.01212	0.00727	0.00969	0.01818	0.00242	0.79523	0.00485	0.00242	0.00606
14	0.04697	0.00985	0.01284	0.00990	0.01410	0.00892	0.00817	0.08519	0.01640	0.67562	0.02067	0.01817	0.01316	0.00678	0.00547	0.00170	0.00476	0.00544	0.02666	0.00923
15	0.01171	0.03957	0.02259	0.15697	0.02396	0.01371	0.31331	0.01482	0.01109	0.01530	0.01141	0.07221	0.01021	0.00875	0.04495	0.00233	0.21144	0.00634	0.00281	0.00652
16	0.00757	0.00591	0.00661	0.00680	0.00819	0.00539	0.00489	0.05077	0.01267	0.01598	0.07615	0.29790	0.41670	0.04910	0.00760	0.00213	0.00323	0.01241	0.00513	0.00486
17	0.00692	0.00534	0.00616	0.00652	0.00764	0.00475	0.00457	0.00822	0.01196	0.01529	0.14030	0.29542	0.36460	0.08605	0.00867	0.00229	0.00314	0.01246	0.00511	0.00457
18	0.01413	0.01322	0.02157	0.03148	0.68443	0.01342	0.01616	0.05958	0.05637	0.01934	0.01128	0.01408	0.00928	0.00518	0.00549	0.00166	0.00643	0.00501	0.00307	0.00881
19	0.01390	0.03262	0.09220	0.01178	0.05183	0.02571	0.00956	0.19042	0.13909	0.07777	0.03650	0.19470	0.08098	0.00961	0.00591	0.00184	0.00504	0.00813	0.00494	0.00746
20	0.72452	0.01089	0.00896	0.00773	0.01132	0.01227	0.00635	0.05815	0.01069	0.04874	0.00860	0.00969	0.00656	0.00522	0.00365	0.00166	0.00439	0.00321	0.00365	0.05374
21	0.00753	0.00597	0.00847	0.00866	0.00944	0.00586	0.04819	0.00878	0.01089	0.01453	0.06295	0.55669	0.10510	0.06398	0.00889	0.00237	0.04873	0.01347	0.00479	0.00474
22	0.01627	0.11812	0.01610	0.06102	0.03050	0.11032	0.03096	0.07886	0.06826	0.17827	0.04770	0.05795	0.02699	0.00933	0.04964	0.00212	0.08022	0.00574	0.00430	0.00733

[dist]
# distance from previous block
# <min> <max>
0	2

[block]
# block no. 1 follows, 43 sequences, length 18
# corresponding to MSA columns:
# 125-142
name=unknown_B
#
# <colnr> <probs for GDERKNQSTAVLIFYWHMCP>
#	G	D	E	R	K	N	Q	S	T	A	V	L	I	F	Y	W	H	M	C	P
0	0.01209	0.04150	0.04891	0.02991	0.03546	0.01383	0.25909	0.01493	0.01088	0.01597	0.01086	0.04645	0.00955	0.00727	0.01040	0.00196	0.30388	0.00573	0.07757	0.04375
1	0.01301	0.00998	0.01203	0.03494	0.01314	0.03994	0.03256	0.17503	0.01416	0.04604	0.01660	0.16479	0.01567	0.03234	0.07721	0.00253	0.11330	0.00715	0.14523	0.03432
2	0.06894	0.03840	0.04684	0.05989	0.02909	0.03613	0.00797	0.04902	0.01226	0.01829	0.06029	0.15238	0.03057	0.00773	0.00530	0.00147	0.02117	0.00640	0.05380	0.29405
3	0.01186	0.00970	0.01218	0.04088	0.06941	0.00842	0.00789	0.05679	0.01228	0.03742	0.01324	0.09411	0.01235	0.03311	0.00590	0.00138	0.02219	0.02612	0.00366	0.52112
4	0.01040	0.00637	0.00771	0.00777	0.00887	0.02575	0.00540	0.01146	0.01119	0.13655	0.04617	0.38567	0.07036	0.19182	0.04556	0.00309	0.00458	0.01125	0.00489	0.00514
5	0.01344	0.00964	0.01151	0.02647	0.01329	0.00841	0.00716	0.08117	0.01312	0.10476	0.01350	0.06483	0.01127	0.00594	0.00510	0.00121	0.03211	0.00477	0.07874	0.49356
6	0.01999	0.02065	0.04044	0.01413	0.05873	0.46587	0.01062	0.09283	0.01642	0.14454	0.05398	0.01383	0.01108	0.00625	0.00527	0.00154	0.00806	0.00450	0.00395	0.00734
7	0.01576	0.01226	0.01232	0.01084	0.01375	0.09621	0.00840	0.14383	0.29303	0.12376	0.06245	0.14582	0.01934	0.00889	0.00582	0.00182	0.00504	0.00741	0.00542	0.00781
8	0.00675	0.00482	0.00643	0.00771	0.00803	0.00450	0.00514	0.00771	0.01060	0.01414	0.03053	0.80175	0.03663	0.01735	0.00707	0.00225	0.00321	0.01574	0.00514	0.00450
9	0.00705	0.00538	0.00647	0.00672	0.00792	0.00481	0.00484	0.00872	0.01304	0.01717	0.28982	0.27964	0.30014	0.01413	0.00670	0.00194	0.00287	0.01237	0.00547	0.00481
10	0.01755	0.30261	0.06570	0.01205	0.01616	0.22504	0.01066	0.15729	0.05734	0.04449	0.01042	0.01129	0.00833	0.00579	0.00510	0.00147	0.03381	0.00391	0.00343	0.00756
11	0.01667	0.00799	0.01067	0.00932	0.01217	0.00737	0.00766	0.01976	0.05654	0.38627	0.20081	0.03396	0.02707	0.00982	0.00626	0.00191	0.00428	0.16782	0.00622	0.00743
12	0.00791	0.00593	0.00890	0.00890	0.00989	0.00692	0.00692	0.00989	0.00890	0.01286	0.01483	0.02176	0.01385	0.04154	0.78341	0.00890	0.01483	0.00593	0.00297	0.00494
13	0.46972	0.01023	0.01028	0.00852	0.01229	0.01072	0.00700	0.02128	0.04561	0.33368	0.01420	0.01358	0.00966	0.00595	0.00441	0.00172	0.00447	0.00420	0.00494	0.00753
14	0.01333	0.01281	0.02165	0.10031	0.66327	0.01330	0.01658	0.01654	0.01224	0.01748	0.01019	0.01371	0.00856	0.00525	0.00620	0.00171	0.05086	0.00493	0.00270	0.00839
15	0.01339	0.00861	0.00841	0.00740	0.00953	0.04227	0.00579	0.19291	0.01530	0.02380	0.01649	0.01839	0.01272	0.00647	0.00433	0.00139	0.00376	0.00505	0.59776	0.00625
16	0.56338	0.05892	0.01118	0.08569	0.01431	0.04243	0.00763	0.06928	0.01143	0.04918	0.00922	0.01067	0.00705	0.00539	0.00395	0.00167	0.00499	0.00352	0.03370	0.00643
17	0.00863	0.00599	0.00798	0.03453	0.00991	0.00604	0.00611	0.02363	0.01123	0.06061	0.04726	0.59200	0.05987	0.04019	0.00821	0.00227	0.05222	0.01335	0.00496	0.00503

[dist]
# distance from previous block
# <min> <max>
0	1

[block]
# block no. 2 follows, 43 sequences, length 34
# corresponding to MSA columns:
# 144-177
name=unknown_C
#
# <colnr> <probs for GDERKNQSTAVLIFYWHMCP>
#	G	D	E	R	K	N	Q	S	T	A	V	L	I	F	Y	W	H	M	C	P
0	0.00926	0.00637	0.00805	0.00818	0.00933	0.00622	0.00589	0.05810	0.01252	0.06486	0.10343	0.49723	0.09754	0.02700	0.00749	0.00212	0.03541	0.01263	0.00519	0.02316
1	0.03166	0.09408	0.06079	0.01323	0.04283	0.01179	0.15380	0.08570	0.01367	0.08300	0.06134	0.04657	0.01260	0.00603	0.00556	0.00148	0.02846	0.00532	0.00377	0.23830
2	0.01409	0.46450	0.03560	0.01072	0.01425	0.08919	0.02633	0.01598	0.01119	0.03655	0.00955	0.01205	0.00855	0.01186	0.14309	0.00273	0.08054	0.00390	0.00267	0.00666
3	0.02439	0.00973	0.01299	0.01001	0.01426	0.00865	0.00825	0.05530	0.03708	0.72483	0.02154	0.01869	0.01363	0.00687	0.00557	0.00172	0.00476	0.00557	0.00677	0.00941
4	0.00910	0.00801	0.01115	0.19924	0.01667	0.02249	0.00896	0.01090	0.01071	0.01436	0.07138	0.26354	0.08304	0.05731	0.03434	0.00249	0.15791	0.00934	0.00382	0.00525
5	0.01223	0.01351	0.07494	0.10620	0.08068	0.04664	0.24303	0.04822	0.01223	0.01669	0.01329	0.03852	0.04031	0.02191	0.07094	0.00250	0.11677	0.00601	0.02860	0.00678
6	0.00757	0.00516	0.00685	0.00761	0.00828	0.00478	0.00526	0.00895	0.01193	0.04015	0.19859	0.60327	0.03947	0.01564	0.00690	0.00212	0.00312	0.01411	0.00541	0.00482
7	0.00802	0.00535	0.00605	0.00609	0.00609	0.00535	0.00340	0.00804	0.00812	0.01083	0.01780	0.05691	0.02058	0.78408	0.02762	0.00529	0.00531	0.00826	0.00340	0.00339
8	0.03100	0.61948	0.12914	0.01071	0.01572	0.08624	0.01101	0.01719	0.01166	0.01392	0.00808	0.00936	0.00708	0.00490	0.00391	0.00129	0.00655	0.00317	0.00243	0.00717
9	0.01331	0.09864	0.53348	0.01521	0.02230	0.01379	0.08091	0.07102	0.01310	0.07172	0.01092	0.01233	0.00779	0.00537	0.00525	0.00170	0.00768	0.00437	0.00293	0.00820
10	0.01138	0.00770	0.00974	0.00991	0.01184	0.00782	0.00825	0.05684	0.11045	0.08954	0.02879	0.11729	0.07827	0.01310	0.00694	0.00226	0.00470	0.41366	0.00537	0.00614
11	0.01161	0.00986	0.01155	0.00844	0.01308	0.00775	0.00673	0.03640	0.01184	0.01833	0.01071	0.04232	0.00933	0.00480	0.00452	0.00093	0.01885	0.00385	0.00341	0.76570
12	0.01305	0.02749	0.02077	0.17763	0.02333	0.01515	0.19954	0.08826	0.06095	0.01737	0.01040	0.01399	0.00842	0.00702	0.01027	0.00203	0.28894	0.00536	0.00304	0.00696
13	0.01071	0.01006	0.01679	0.71105	0.08485	0.01216	0.01513	0.01433	0.01119	0.01456	0.00988	0.01456	0.00751	0.00544	0.00548	0.00179	0.00720	0.00486	0.00251	0.03994
14	0.01560	0.70266	0.02722	0.01013	0.01461	0.12509	0.00964	0.01733	0.01186	0.01310	0.00782	0.00903	0.00711	0.00487	0.00375	0.00122	0.00647	0.00304	0.00243	0.00701
15	0.00981	0.00826	0.01117	0.02386	0.03336	0.00890	0.02355	0.01147	0.01121	0.03887	0.09431	0.21622	0.13696	0.02373	0.00960	0.00200	0.20707	0.00898	0.00415	0.11653
16	0.01051	0.00735	0.00959	0.00860	0.01008	0.00783	0.00676	0.01242	0.01293	0.11167	0.30106	0.03377	0.18255	0.03774	0.07200	0.00258	0.15342	0.00844	0.00497	0.00571
17	0.01608	0.01070	0.01214	0.01031	0.01323	0.01129	0.00807	0.33423	0.08083	0.12605	0.02109	0.23081	0.03499	0.03152	0.00656	0.00194	0.00479	0.00833	0.02941	0.00764
18	0.00888	0.00517	0.00770	0.00779	0.00813	0.00547	0.00551	0.00811	0.00798	0.01095	0.01266	0.06953	0.01274	0.02627	0.26518	0.51801	0.00792	0.00588	0.00276	0.00336
19	0.02166	0.03002	0.01426	0.01092	0.01507	0.01203	0.00897	0.23778	0.14362	0.41629	0.01916	0.01731	0.01285	0.00686	0.00553	0.00171	0.00509	0.00546	0.00617	0.00926
20	0.02019	0.01343	0.01496	0.01170	0.01577	0.01444	0.00958	0.51184	0.08281	0.16434	0.06988	0.01690	0.01387	0.00709	0.00562	0.00169	0.00546	0.00555	0.00582	0.00907
21	0.00814	0.00554	0.00670	0.00699	0.00825	0.00493	0.00499	0.00950	0.01219	0.06997	0.12124	0.37399	0.29401	0.03794	0.00734	0.00211	0.00317	0.01271	0.00532	0.00496
22	0.00706	0.00500	0.00656	0.00769	0.00804	0.00474	0.00520	0.00802	0.01045	0.01390	0.02885	0.65575	0.03429	0.11271	0.00967	0.00265	0.00361	0.06648	0.00492	0.00440
23	0.01810	0.01151	0.01308	0.01098	0.01462	0.01235	0.00876	0.10804	0.44291	0.26375	0.02131	0.01928	0.01507	0.00721	0.00560	0.00180	0.00468	0.00590	0.00601	0.00905
24	0.02428	0.00989	0.01309	0.01008	0.01434	0.00889	0.00831	0.07430	0.03844	0.70436	0.02131	0.01854	0.01352	0.00686	0.00557	0.00172	0.00479	0.00555	0.00673	0.00941
25	0.00943	0.00794	0.01061	0.00981	0.01056	0.02526	0.02905	0.01103	0.01082	0.01557	0.16464	0.17479	0.02440	0.09623	0.09952	0.00317	0.22093	0.00847	0.06258	0.00518
26	0.02044	0.02035	0.01551	0.01319	0.01668	0.40935	0.01029	0.26075	0.08901	0.07280	0.01231	0.01266	0.00924	0.00626	0.00527	0.00157	0.00784	0.00442	0.00426	0.00782
27	0.01149	0.01362	0.09784	0.08968	0.03810	0.03310	0.23085	0.01452	0.01109	0.01541	0.01346	0.13200	0.02643	0.00837	0.00970	0.00206	0.23577	0.00700	0.00301	0.00651
28	0.02251	0.01385	0.03188	0.01162	0.01596	0.06814	0.00969	0.35689	0.02039	0.36589	0.01673	0.01552	0.01113	0.00664	0.00551	0.00167	0.00580	0.00513	0.00587	0.00918
29	0.07780	0.09077	0.05785	0.01306	0.03354	0.46449	0.01040	0.05459	0.01459	0.03264	0.00966	0.02842	0.00809	0.00574	0.00479	0.00143	0.00809	0.00390	0.00312	0.07703
30	0.01153	0.00849	0.01166	0.10418	0.02947	0.00886	0.05313	0.11590	0.06019	0.06238	0.02227	0.32512	0.03880	0.03956	0.00696	0.00207	0.00477	0.02387	0.06456	0.00622
31	0.01252	0.01073	0.01278	0.00956	0.01373	0.00972	0.00775	0.08665	0.01249	0.01903	0.00982	0.01175	0.00819	0.00515	0.00626	0.00113	0.11776	0.00367	0.00338	0.63792
32	0.07609	0.05157	0.09714	0.07759	0.04098	0.03833	0.10808	0.13123	0.01379	0.09989	0.02169	0.01381	0.00915	0.00750	0.02831	0.00204	0.16686	0.00493	0.00358	0.00744
33	0.01140	0.03654	0.08943	0.16972	0.20824	0.01133	0.09732	0.04422	0.02665	0.01692	0.01535	0.19966	0.01498	0.00808	0.00588	0.00184	0.00627	0.00752	0.00339	0.02526

[dist]
# distance from previous block
# <min> <max>
0	2

[block]
# block no. 3 follows, 43 sequences, length 7
# corresponding to MSA columns:
# 180-186
name=unknown_D
#
# <colnr> <probs for GDERKNQSTAVLIFYWHMCP>
#	G	D	E	R	K	N	Q	S	T	A	V	L	I	F	Y	W	H	M	C	P
0	0.01687	0.00991	0.01169	0.00996	0.01312	0.01026	0.00781	0.02516	0.35929	0.29961	0.09721	0.02315	0.01952	0.06201	0.00724	0.00204	0.00439	0.00651	0.00598	0.00828
1	0.00696	0.00498	0.00638	0.00733	0.00775	0.00466	0.00486	0.00791	0.01065	0.01416	0.06794	0.61766	0.08024	0.11917	0.00975	0.00261	0.00344	0.01421	0.00496	0.00440
2	0.01562	0.01175	0.01326	0.03924	0.01483	0.01212	0.00848	0.39614	0.01878	0.02579	0.05595	0.05663	0.01374	0.07161	0.00777	0.03267	0.00526	0.00568	0.00465	0.19001
3	0.00724	0.00551	0.00665	0.00725	0.00840	0.00503	0.00543	0.00874	0.01200	0.01530	0.09172	0.27982	0.31139	0.05962	0.00813	0.00230	0.00350	0.15219	0.00510	0.00467
4	0.00970	0.00682	0.00769	0.00734	0.00818	0.00696	0.00482	0.12068	0.01150	0.01526	0.02140	0.17531	0.06340	0.49444	0.01964	0.00404	0.00494	0.00922	0.00412	0.00456
5	0.01266	0.01138	0.01541	0.32955	0.10320	0.04444	0.01213	0.12569	0.01364	0.01819	0.01355	0.06393	0.04347	0.00680	0.00618	0.00170	0.05128	0.00562	0.00336	0.11781
6	0.01471	0.04839	0.05167	0.27061	0.02310	0.06890	0.02731	0.17232	0.06301	0.06640	0.01426	0.01600	0.04123	0.00623	0.00531	0.00165	0.00636	0.00506	0.03874	0.05872

[dist]
# distance from previous block
# <min> <max>
1	4

[block]
# block no. 4 follows, 43 sequences, length 22
# corresponding to MSA columns:
# 191-212
name=unknown_E
#
# <colnr> <probs for GDERKNQSTAVLIFYWHMCP>
#	G	D	E	R	K	N	Q	S	T	A	V	L	I	F	Y	W	H	M	C	P
0	0.03313	0.49702	0.04959	0.01062	0.01494	0.01864	0.02444	0.13548	0.01368	0.04917	0.02245	0.01158	0.00886	0.00736	0.04414	0.00178	0.04264	0.00386	0.00320	0.00741
1	0.41939	0.01049	0.01233	0.08879	0.09392	0.01132	0.03927	0.02879	0.01145	0.15704	0.01205	0.03505	0.00945	0.04254	0.00563	0.00191	0.00516	0.00461	0.00393	0.00687
2	0.00735	0.00748	0.08787	0.00828	0.00958	0.00550	0.00660	0.00897	0.01102	0.01486	0.07725	0.57540	0.07822	0.06429	0.00812	0.00233	0.00381	0.01341	0.00480	0.00488
3	0.01093	0.02543	0.04281	0.20247	0.02176	0.01074	0.16791	0.01422	0.04883	0.01560	0.01360	0.12541	0.01259	0.00843	0.00801	0.07681	0.05931	0.00657	0.01720	0.11137
4	0.01119	0.00954	0.01118	0.00817	0.01281	0.00721	0.00648	0.01356	0.01143	0.01781	0.01111	0.05977	0.00994	0.00491	0.00428	0.00091	0.00405	0.00404	0.00339	0.78822
5	0.01481	0.80869	0.02902	0.00948	0.01421	0.02191	0.00948	0.01658	0.01125	0.01303	0.00770	0.00888	0.00711	0.00474	0.00355	0.00118	0.00592	0.00296	0.00237	0.00711
6	0.09516	0.12639	0.01773	0.09530	0.01672	0.04850	0.01142	0.01454	0.00955	0.01452	0.00770	0.01154	0.00713	0.00793	0.01274	0.00207	0.48796	0.00435	0.00254	0.00623
7	0.00802	0.00544	0.00638	0.00633	0.00653	0.00546	0.00379	0.00843	0.00892	0.01209	0.09663	0.03582	0.02311	0.67047	0.07625	0.00522	0.00571	0.00812	0.00362	0.00366
8	0.00811	0.00627	0.00748	0.00715	0.00873	0.00597	0.00536	0.01174	0.09351	0.02023	0.48762	0.08030	0.21303	0.01185	0.00647	0.00181	0.00287	0.01029	0.00578	0.00544
9	0.00760	0.00530	0.00641	0.00675	0.00706	0.00526	0.00425	0.00815	0.00911	0.01213	0.02319	0.23616	0.07386	0.46718	0.09941	0.00468	0.00561	0.01009	0.00390	0.00391
10	0.02354	0.01109	0.01383	0.01065	0.01494	0.01067	0.00878	0.21721	0.03975	0.55932	0.01963	0.01745	0.01268	0.00682	0.00556	0.00170	0.00507	0.00544	0.00648	0.00940
11	0.01742	0.01252	0.01368	0.01113	0.01471	0.01372	0.00897	0.38843	0.22091	0.08351	0.09645	0.01903	0.01652	0.00738	0.00559	0.00171	0.00498	0.00591	0.04884	0.00858
12	0.00686	0.00510	0.00640	0.00717	0.00795	0.00464	0.00496	0.00815	0.01174	0.01546	0.14067	0.53795	0.19112	0.01580	0.00688	0.00210	0.00304	0.01409	0.00528	0.00464
13	0.01095	0.00630	0.00828	0.00755	0.00935	0.00569	0.00574	0.01325	0.01505	0.16596	0.51797	0.11791	0.07164	0.01121	0.00640	0.00180	0.00309	0.00983	0.00610	0.00594
14	0.01619	0.01381	0.01968	0.08547	0.47197	0.06952	0.01456	0.12271	0.01497	0.09985	0.01186	0.01400	0.00916	0.00548	0.00547	0.00165	0.00662	0.00491	0.00356	0.00856
15	0.02300	0.00951	0.01258	0.00987	0.01391	0.00857	0.00807	0.02651	0.08966	0.66718	0.05465	0.02002	0.01572	0.00712	0.00562	0.00173	0.00459	0.00583	0.00670	0.00918
16	0.01155	0.00652	0.00682	0.00630	0.00806	0.00656	0.00480	0.08249	0.02914	0.05429	0.02188	0.02402	0.09382	0.04236	0.00549	0.00160	0.00319	0.00600	0.57942	0.00570
17	0.09599	0.01115	0.01328	0.01041	0.01456	0.01107	0.00855	0.19498	0.07646	0.47654	0.01866	0.01683	0.01228	0.00671	0.00538	0.00171	0.00497	0.00526	0.00615	0.00907
18	0.03377	0.01576	0.01722	0.27076	0.02460	0.22650	0.08996	0.14518	0.01541	0.05669	0.01210	0.01436	0.02736	0.00597	0.00545	0.00168	0.00769	0.00489	0.01760	0.00704
19	0.00765	0.00550	0.00708	0.00804	0.00868	0.00529	0.00566	0.04048	0.01146	0.01517	0.03002	0.62575	0.06199	0.05272	0.00801	0.00238	0.00362	0.09067	0.00507	0.00473
20	0.50507	0.01078	0.01060	0.11966	0.01543	0.01231	0.00797	0.12325	0.01248	0.05525	0.01081	0.04764	0.00870	0.00609	0.00431	0.00174	0.00490	0.00433	0.03213	0.00656
21	0.02108	0.01303	0.01459	0.01146	0.01554	0.03109	0.00937	0.40867	0.08002	0.26959	0.01681	0.01598	0.01156	0.00769	0.02628	0.00188	0.00576	0.00527	0.02525	0.00908

[dist]
# distance from previous block
# <min> <max>
0	2

[block]
# block no. 5 follows, 43 sequences, length 17
# corresponding to MSA columns:
# 215-231
name=unknown_F
#
# <colnr> <probs for GDERKNQSTAVLIFYWHMCP>
#	G	D	E	R	K	N	Q	S	T	A	V	L	I	F	Y	W	H	M	C	P
0	0.00830	0.00650	0.00778	0.02809	0.00988	0.00601	0.00576	0.04498	0.03077	0.01713	0.13470	0.30571	0.24434	0.01321	0.00644	0.00190	0.00344	0.03714	0.00506	0.08286
1	0.01286	0.11064	0.03486	0.33916	0.25053	0.03033	0.01430	0.06032	0.01245	0.01652	0.01004	0.01358	0.00806	0.00575	0.00586	0.02128	0.02274	0.00464	0.01892	0.00719
2	0.00927	0.00860	0.01524	0.01287	0.01489	0.00854	0.22467	0.01160	0.01181	0.01610	0.10229	0.37535	0.04228	0.01216	0.00784	0.00210	0.07440	0.04005	0.00432	0.00561
3	0.80478	0.01065	0.00837	0.00741	0.01088	0.01222	0.00610	0.01680	0.00974	0.06117	0.00840	0.00947	0.00637	0.00522	0.00353	0.00171	0.00430	0.00312	0.00359	0.00616
4	0.01230	0.01178	0.02030	0.29827	0.44812	0.01258	0.05086	0.01577	0.01222	0.01686	0.04050	0.01524	0.01000	0.00539	0.00559	0.00173	0.00683	0.00521	0.00278	0.00765
5	0.01282	0.01670	0.12810	0.02237	0.02831	0.01386	0.65704	0.01771	0.01290	0.01771	0.01104	0.01452	0.00823	0.00474	0.00637	0.00185	0.00919	0.00622	0.00274	0.00756
6	0.00934	0.00605	0.00773	0.00737	0.00888	0.00555	0.00549	0.02690	0.01462	0.08947	0.46865	0.18915	0.11499	0.01226	0.00653	0.00185	0.00302	0.01079	0.00587	0.00550
7	0.01212	0.01212	0.01696	0.01454	0.01454	0.01696	0.01212	0.01333	0.00848	0.01333	0.00727	0.01212	0.00727	0.00969	0.01818	0.00242	0.79523	0.00485	0.00242	0.00606
8	0.11347	0.00891	0.01124	0.08549	0.01467	0.00872	0.00785	0.02178	0.04940	0.43106	0.04536	0.01851	0.01383	0.00666	0.00509	0.00167	0.00449	0.00534	0.13860	0.00785
9	0.01183	0.01177	0.01890	0.22146	0.02355	0.04934	0.19432	0.03057	0.03795	0.01557	0.01142	0.02968	0.00960	0.01163	0.11938	0.00295	0.16520	0.00564	0.02284	0.00641
10	0.00969	0.00580	0.00686	0.00654	0.00705	0.00568	0.00402	0.01007	0.00919	0.08624	0.05140	0.03433	0.02075	0.66849	0.04775	0.00495	0.00547	0.00783	0.00381	0.00408
11	0.00752	0.00577	0.00762	0.08403	0.01096	0.00561	0.00602	0.00931	0.01242	0.01652	0.24558	0.30724	0.17057	0.05367	0.00776	0.00216	0.00354	0.03376	0.00506	0.00486
12	0.01023	0.00707	0.00960	0.02592	0.08941	0.00676	0.00707	0.05008	0.01361	0.08854	0.21670	0.32290	0.10536	0.01243	0.00647	0.00193	0.00374	0.01104	0.00526	0.00589
13	0.02105	0.01551	0.01662	0.01274	0.01717	0.01717	0.01053	0.75235	0.02604	0.03490	0.01330	0.01330	0.00942	0.00665	0.00554	0.00166	0.00609	0.00499	0.00554	0.00942
14	0.09425	0.01424	0.16098	0.04800	0.01688	0.01034	0.02732	0.04518	0.04630	0.02051	0.05662	0.01544	0.01190	0.00593	0.00506	0.00150	0.00546	0.00456	0.03700	0.37252
15	0.00811	0.00590	0.00760	0.00759	0.00793	0.00642	0.00516	0.00892	0.00890	0.01230	0.04445	0.12828	0.02089	0.42611	0.22007	0.00557	0.05978	0.00834	0.00352	0.00416
16	0.01611	0.01161	0.01259	0.01049	0.01338	0.03245	0.00827	0.42329	0.01915	0.04537	0.01633	0.11646	0.01444	0.06388	0.07403	0.02216	0.00615	0.00663	0.07982	0.00739

[dist]
# distance from previous block
# <min> <max>
0	1

[block]
# block no. 6 follows, 43 sequences, length 97
# corresponding to MSA columns:
# 233-329
name=unknown_G
#
# <colnr> <probs for GDERKNQSTAVLIFYWHMCP>
#	G	D	E	R	K	N	Q	S	T	A	V	L	I	F	Y	W	H	M	C	P
0	0.17317	0.29240	0.04643	0.00998	0.01391	0.03723	0.00899	0.06448	0.07107	0.03120	0.03314	0.01199	0.00945	0.00578	0.00533	0.00149	0.07111	0.00387	0.00335	0.10563
1	0.01550	0.71605	0.02744	0.01004	0.01456	0.11206	0.00962	0.01724	0.01178	0.01309	0.00780	0.00901	0.00711	0.00485	0.00372	0.00121	0.00640	0.00303	0.00243	0.00703
2	0.01415	0.66246	0.05209	0.00941	0.01385	0.01921	0.00932	0.01620	0.01193	0.03703	0.09823	0.01313	0.01265	0.00560	0.00403	0.00129	0.00557	0.00391	0.00294	0.00699
3	0.00780	0.00566	0.00735	0.00693	0.00825	0.00521	0.00519	0.01037	0.01558	0.02198	0.74570	0.04174	0.07459	0.01141	0.00653	0.00175	0.00262	0.01007	0.00607	0.00521
4	0.00831	0.00587	0.00762	0.00712	0.00852	0.00546	0.00536	0.01118	0.03095	0.03779	0.73719	0.04048	0.05074	0.01115	0.00649	0.00174	0.00269	0.00985	0.00610	0.00539
5	0.11200	0.01277	0.02061	0.05278	0.65958	0.01305	0.01565	0.01683	0.01219	0.01878	0.01008	0.01318	0.00840	0.00498	0.00524	0.00166	0.00633	0.00471	0.00281	0.00837
6	0.02019	0.01508	0.01614	0.01257	0.01685	0.01677	0.01032	0.66673	0.11306	0.03351	0.01439	0.01417	0.01031	0.00675	0.00555	0.00169	0.00589	0.00514	0.00555	0.00934
7	0.02150	0.01479	0.01617	0.01240	0.01682	0.01611	0.01024	0.66645	0.02483	0.12251	0.01431	0.01395	0.00993	0.00667	0.00554	0.00167	0.00593	0.00506	0.00570	0.00942
8	0.00699	0.00500	0.00667	0.00775	0.00824	0.00468	0.00534	0.00823	0.01131	0.01522	0.11779	0.67388	0.03824	0.01653	0.00704	0.00220	0.00324	0.05179	0.00525	0.00462
9	0.00742	0.00561	0.00686	0.00663	0.00804	0.00504	0.00494	0.00962	0.01457	0.01979	0.53304	0.08259	0.25083	0.01238	0.00656	0.00180	0.00270	0.01077	0.00578	0.00504
10	0.01555	0.71476	0.02755	0.00986	0.01457	0.02135	0.00960	0.10372	0.01300	0.01562	0.00836	0.00941	0.00738	0.00496	0.00379	0.00124	0.00594	0.00320	0.00274	0.00738
11	0.00889	0.00634	0.00881	0.01004	0.01126	0.00634	0.00871	0.01134	0.01257	0.01635	0.02886	0.06146	0.03142	0.04591	0.00845	0.00266	0.00511	0.70542	0.00503	0.00503
12	0.00791	0.00593	0.00890	0.00890	0.00989	0.00692	0.00692	0.00989	0.00890	0.01286	0.01483	0.02176	0.01385	0.04154	0.78341	0.00890	0.01483	0.00593	0.00297	0.00494
13	0.11879	0.01015	0.01191	0.00947	0.01322	0.01002	0.00775	0.15955	0.03189	0.42097	0.03354	0.01737	0.01292	0.00667	0.00512	0.00165	0.00460	0.00521	0.11082	0.00838
14	0.01362	0.01307	0.02232	0.05468	0.75082	0.01314	0.01695	0.01692	0.01257	0.01799	0.01040	0.01374	0.00873	0.00495	0.00548	0.00165	0.00660	0.00493	0.00273	0.00870
15	0.01018	0.00530	0.00553	0.02669	0.00729	0.00537	0.00415	0.01263	0.01137	0.01984	0.01780	0.02148	0.01439	0.05713	0.00546	0.00156	0.00289	0.00534	0.76050	0.00507
16	0.75367	0.03680	0.03515	0.01837	0.01153	0.01253	0.00667	0.01621	0.00965	0.02395	0.00812	0.00950	0.00632	0.00518	0.00354	0.00169	0.00446	0.00312	0.02745	0.00609
17	0.01023	0.00745	0.01002	0.14049	0.01471	0.02751	0.02292	0.04752	0.01242	0.08123	0.07720	0.44310	0.04106	0.02890	0.00692	0.00210	0.00448	0.01137	0.00478	0.00558
18	0.01008	0.00833	0.00994	0.00809	0.01154	0.00666	0.00617	0.01250	0.03128	0.01736	0.05648	0.22481	0.01841	0.00813	0.00507	0.00128	0.00379	0.00706	0.00399	0.54905
19	0.04621	0.58586	0.10464	0.01109	0.02880	0.09258	0.01082	0.01711	0.01160	0.01410	0.00805	0.00946	0.00709	0.00505	0.00432	0.00133	0.02911	0.00323	0.00246	0.00711
20	0.01396	0.37377	0.07512	0.01137	0.03641	0.09952	0.03849	0.06206	0.03142	0.01588	0.01466	0.01644	0.08085	0.00851	0.05403	0.00192	0.00677	0.01546	0.03647	0.00688
21	0.14536	0.00975	0.01224	0.00954	0.01370	0.00897	0.00788	0.04160	0.01513	0.64783	0.01958	0.01728	0.01248	0.00660	0.00525	0.00171	0.00468	0.00518	0.00632	0.00892
22	0.01130	0.01050	0.01738	0.66209	0.13375	0.01261	0.01541	0.04313	0.01186	0.01547	0.01005	0.01457	0.00764	0.00550	0.00553	0.00181	0.00723	0.00493	0.00262	0.00662
23	0.01745	0.01050	0.01566	0.04082	0.20488	0.01016	0.04736	0.06392	0.05295	0.31666	0.06635	0.03786	0.03401	0.00749	0.00620	0.02388	0.00536	0.02524	0.00505	0.00823
24	0.01016	0.00620	0.00820	0.00751	0.00921	0.00567	0.00580	0.01270	0.01555	0.12211	0.63175	0.03942	0.04611	0.01093	0.00646	0.00178	0.00302	0.04549	0.00615	0.00578
25	0.00805	0.00539	0.00612	0.00612	0.00615	0.00541	0.00346	0.00811	0.00808	0.01080	0.01738	0.03583	0.01995	0.78348	0.04983	0.00547	0.00564	0.00799	0.00334	0.00340
26	0.01388	0.59707	0.14467	0.04956	0.01684	0.03719	0.01142	0.01648	0.01133	0.01380	0.00845	0.01014	0.00737	0.00631	0.03417	0.00161	0.00679	0.00337	0.00240	0.00713
27	0.03264	0.01626	0.10670	0.01323	0.01803	0.01556	0.04822	0.50838	0.08606	0.07769	0.01404	0.01410	0.00994	0.00645	0.00553	0.00171	0.00624	0.00507	0.00508	0.00906
28	0.00703	0.00573	0.00617	0.00628	0.00794	0.00500	0.00469	0.02357	0.01279	0.01572	0.09016	0.15598	0.58611	0.01423	0.00663	0.00193	0.00300	0.03703	0.00520	0.00479
29	0.07202	0.01090	0.03834	0.06996	0.08916	0.01082	0.09705	0.15910	0.03687	0.02103	0.06160	0.20070	0.01819	0.00936	0.01936	0.00194	0.00556	0.00783	0.03926	0.03095
30	0.01247	0.03192	0.03972	0.04861	0.03020	0.00875	0.00789	0.11469	0.01428	0.10563	0.23310	0.10309	0.02508	0.02822	0.02837	0.12330	0.02634	0.00756	0.00473	0.00607
31	0.01301	0.01274	0.03836	0.04943	0.64903	0.01229	0.01577	0.01620	0.01237	0.01773	0.01164	0.06359	0.01044	0.00570	0.00551	0.00165	0.00630	0.00552	0.00290	0.04982
32	0.02073	0.02508	0.01581	0.01408	0.01713	0.69072	0.01068	0.11021	0.01694	0.01613	0.00913	0.01039	0.00741	0.00582	0.00506	0.00146	0.00952	0.00374	0.00318	0.00678
33	0.02952	0.01190	0.01334	0.03244	0.01479	0.02613	0.00913	0.34161	0.10556	0.05432	0.07265	0.08302	0.01751	0.03355	0.00728	0.00195	0.05171	0.06139	0.00511	0.02709
34	0.00815	0.00581	0.00703	0.00663	0.00826	0.00517	0.00501	0.01033	0.01465	0.05290	0.49349	0.04443	0.29363	0.01204	0.00649	0.00178	0.00277	0.01039	0.00581	0.00522
35	0.01641	0.01123	0.01231	0.01010	0.01332	0.01208	0.00815	0.36415	0.10792	0.08076	0.09683	0.02109	0.03914	0.00762	0.00543	0.00166	0.00466	0.02128	0.15796	0.00789
36	0.01093	0.00602	0.00811	0.00769	0.00826	0.00620	0.00538	0.08997	0.00960	0.01317	0.01061	0.01671	0.00991	0.01697	0.01865	0.68889	0.00480	0.00485	0.05992	0.00337
37	0.01509	0.01372	0.01302	0.01157	0.01472	0.10492	0.00900	0.08728	0.59094	0.02292	0.02000	0.01880	0.01506	0.00720	0.00550	0.00179	0.00514	0.00581	0.02910	0.00844
38	0.02419	0.01001	0.01315	0.01014	0.01440	0.00906	0.00836	0.08712	0.03992	0.68998	0.02116	0.01845	0.01345	0.00686	0.00557	0.00171	0.00482	0.00554	0.00671	0.00940
39	0.00824	0.00594	0.00811	0.00932	0.01038	0.00580	0.00770	0.01032	0.01219	0.01587	0.03106	0.25101	0.07249	0.01576	0.00744	0.00244	0.00449	0.51139	0.00511	0.00492
40	0.00742	0.00569	0.00685	0.00686	0.00834	0.00512	0.00527	0.00948	0.01391	0.01837	0.37149	0.08491	0.32441	0.01312	0.00670	0.00191	0.00301	0.09662	0.00557	0.00496
41	0.01910	0.01429	0.01550	0.01225	0.01624	0.01592	0.01002	0.60525	0.11164	0.03169	0.01452	0.01487	0.01067	0.00964	0.06997	0.00229	0.00662	0.00522	0.00534	0.00897
42	0.66780	0.01244	0.00949	0.00836	0.01180	0.10328	0.00676	0.01801	0.01079	0.09589	0.00918	0.01007	0.00688	0.00537	0.00382	0.00168	0.00500	0.00331	0.00369	0.00638
43	0.00792	0.00589	0.00867	0.00867	0.00957	0.00680	0.00663	0.00974	0.00883	0.01268	0.01505	0.02295	0.01436	0.10416	0.72150	0.00861	0.01406	0.00611	0.00300	0.00481
44	0.02317	0.00979	0.01388	0.01265	0.10363	0.00867	0.00913	0.02546	0.01546	0.66921	0.03621	0.01872	0.01394	0.00672	0.00558	0.00171	0.00489	0.00559	0.00635	0.00926
45	0.01292	0.01109	0.01653	0.36108	0.15821	0.01248	0.02715	0.17803	0.01465	0.01953	0.01362	0.12403	0.01218	0.00731	0.00576	0.00183	0.00641	0.00648	0.00358	0.00714
46	0.03703	0.11010	0.01584	0.01222	0.04799	0.22162	0.00943	0.25208	0.01775	0.05965	0.05320	0.01655	0.06051	0.00678	0.00512	0.00154	0.00643	0.00505	0.05365	0.00745
47	0.81999	0.01067	0.00828	0.00736	0.01081	0.01230	0.00606	0.01660	0.00962	0.04725	0.00813	0.00929	0.00623	0.00519	0.00349	0.00171	0.00430	0.00308	0.00353	0.00610
48	0.01029	0.00930	0.01560	0.59171	0.06898	0.01114	0.03308	0.01350	0.01096	0.01446	0.01173	0.06380	0.00993	0.00861	0.04805	0.02832	0.00729	0.00569	0.03156	0.00600
49	0.01380	0.10695	0.02024	0.02476	0.48136	0.03656	0.01364	0.05809	0.06591	0.01843	0.01368	0.05419	0.03435	0.00615	0.00532	0.00163	0.00603	0.00551	0.02528	0.00810
50	0.04163	0.13769	0.13907	0.10586	0.08995	0.08854	0.01192	0.07792	0.03220	0.07247	0.05950	0.07619	0.01340	0.00685	0.00521	0.00165	0.00627	0.00554	0.02087	0.00726
51	0.01165	0.14267	0.66738	0.01486	0.02254	0.01419	0.01886	0.01740	0.01163	0.01688	0.00961	0.01128	0.00703	0.00519	0.00501	0.00167	0.00785	0.00393	0.00234	0.00803
52	0.04834	0.00946	0.01272	0.00978	0.01404	0.00826	0.00808	0.02668	0.01567	0.75316	0.02144	0.01857	0.01349	0.00681	0.00551	0.00171	0.00470	0.00550	0.00676	0.00933
53	0.00722	0.00523	0.00661	0.00744	0.00808	0.00490	0.00520	0.00839	0.01106	0.01456	0.08044	0.46617	0.12598	0.12919	0.01006	0.00265	0.00364	0.09376	0.00494	0.00447
54	0.05215	0.11124	0.53072	0.02884	0.03497	0.01369	0.07833	0.01781	0.01187	0.05613	0.01031	0.01198	0.00747	0.00523	0.00512	0.00170	0.00763	0.00422	0.00267	0.00794
55	0.00688	0.00496	0.00655	0.00773	0.00820	0.00463	0.00530	0.00799	0.01095	0.01452	0.05114	0.70766	0.07097	0.01693	0.00706	0.00223	0.00328	0.05332	0.00516	0.00456
56	0.00779	0.00526	0.00612	0.00638	0.00644	0.00519	0.00371	0.00799	0.00857	0.01142	0.02007	0.18975	0.02344	0.64734	0.02395	0.00474	0.00494	0.00960	0.00371	0.00358
57	0.09599	0.01107	0.08372	0.41687	0.04052	0.01125	0.02680	0.02668	0.01089	0.01574	0.01195	0.08449	0.01068	0.00799	0.00725	0.06736	0.03704	0.02480	0.00291	0.00598
58	0.01422	0.08692	0.16724	0.16883	0.10175	0.02795	0.13720	0.18034	0.01513	0.02033	0.01136	0.01371	0.01888	0.00558	0.00547	0.00170	0.00734	0.00495	0.00325	0.00783
59	0.01010	0.00671	0.00894	0.00950	0.01096	0.00663	0.00783	0.03762	0.03507	0.07040	0.08972	0.18748	0.03175	0.02823	0.00754	0.00237	0.00454	0.43377	0.00531	0.00553
60	0.03760	0.01143	0.03123	0.00942	0.01369	0.04748	0.00775	0.01444	0.01128	0.01746	0.00941	0.01141	0.00794	0.00490	0.00582	0.00109	0.09819	0.00349	0.00314	0.65282
61	0.05943	0.12694	0.15660	0.03199	0.01353	0.00995	0.00922	0.01419	0.01253	0.07911	0.20506	0.09626	0.04701	0.03673	0.02893	0.00201	0.00509	0.00705	0.03645	0.02193
62	0.01374	0.01134	0.01851	0.33107	0.35252	0.01226	0.01490	0.01767	0.04968	0.10638	0.01215	0.01508	0.00921	0.00553	0.00552	0.00174	0.00657	0.00507	0.00326	0.00781
63	0.07717	0.22265	0.01860	0.01230	0.01588	0.42427	0.01000	0.11070	0.03109	0.01706	0.00916	0.01027	0.00754	0.00558	0.00460	0.00142	0.00795	0.00361	0.00316	0.00699
64	0.00878	0.00642	0.00798	0.00826	0.00939	0.00621	0.00586	0.09647	0.01297	0.01758	0.09914	0.59506	0.03351	0.01484	0.00669	0.00206	0.00354	0.01329	0.00519	0.04676
65	0.00858	0.00680	0.01001	0.00889	0.00994	0.00691	0.08721	0.00991	0.01013	0.01386	0.12094	0.06709	0.05985	0.38977	0.13183	0.00458	0.03721	0.00825	0.00375	0.00452
66	0.01795	0.01051	0.01197	0.00971	0.01301	0.01088	0.00783	0.29009	0.06579	0.21743	0.06172	0.03916	0.01529	0.00726	0.00527	0.00162	0.00455	0.00583	0.19607	0.00803
67	0.00962	0.00481	0.00722	0.00722	0.00722	0.00481	0.00481	0.00722	0.00722	0.00962	0.00962	0.01684	0.00962	0.01924	0.02165	0.83886	0.00481	0.00481	0.00241	0.00241
68	0.01479	0.01371	0.01301	0.01166	0.01480	0.10498	0.00904	0.04759	0.65323	0.02234	0.02064	0.01920	0.01555	0.00728	0.00556	0.00182	0.00509	0.00591	0.00530	0.00851
69	0.02477	0.00956	0.01293	0.00992	0.01420	0.00834	0.00819	0.04276	0.01607	0.75856	0.02166	0.01873	0.01362	0.00685	0.00557	0.00171	0.00474	0.00556	0.00683	0.00943
70	0.00701	0.00500	0.00672	0.00801	0.00844	0.00472	0.00559	0.00816	0.01086	0.01443	0.03038	0.71420	0.03607	0.01711	0.00714	0.00228	0.00344	0.10075	0.00514	0.00457
71	0.00661	0.00560	0.00571	0.00572	0.00753	0.00470	0.00427	0.00806	0.01273	0.01528	0.08872	0.06748	0.72082	0.01397	0.00656	0.00187	0.00280	0.01169	0.00519	0.00470
72	0.02157	0.01468	0.01610	0.01235	0.01676	0.01594	0.01020	0.65286	0.02464	0.13636	0.01447	0.01406	0.01001	0.00668	0.00554	0.00167	0.00590	0.00507	0.00572	0.00942
73	0.74742	0.01056	0.00870	0.00759	0.01112	0.01192	0.00625	0.01755	0.01019	0.11364	0.00939	0.01016	0.00691	0.00534	0.00368	0.00171	0.00433	0.00330	0.00383	0.00640
74	0.00743	0.00521	0.00665	0.00722	0.00754	0.00519	0.00471	0.00822	0.00953	0.01288	0.04286	0.38225	0.02761	0.32029	0.12281	0.00435	0.00563	0.01131	0.00419	0.00414
75	0.00969	0.00608	0.00784	0.00719	0.00888	0.00549	0.00547	0.01208	0.01524	0.11036	0.58688	0.06192	0.11901	0.01124	0.00643	0.00177	0.00290	0.00982	0.00606	0.00565
76	0.01308	0.01455	0.03003	0.08023	0.11703	0.02652	0.59844	0.01746	0.01292	0.01745	0.01097	0.01470	0.00835	0.00478	0.00631	0.00183	0.00888	0.00618	0.00277	0.00751
77	0.05187	0.01584	0.01580	0.01270	0.01630	0.11988	0.01033	0.46128	0.04665	0.08082	0.01265	0.01319	0.00928	0.00687	0.00689	0.00173	0.09985	0.00479	0.00482	0.00846
78	0.82263	0.01069	0.00836	0.02785	0.01143	0.01242	0.00624	0.01622	0.00947	0.02457	0.00777	0.00915	0.00603	0.00515	0.00348	0.00172	0.00437	0.00305	0.00340	0.00600
79	0.01579	0.14797	0.07644	0.10736	0.08696	0.31118	0.01244	0.03245	0.01299	0.01463	0.00893	0.01146	0.00753	0.00683	0.02585	0.00180	0.10584	0.00404	0.00268	0.00682
80	0.36974	0.01218	0.04685	0.00919	0.01239	0.06582	0.00765	0.14688	0.01346	0.06306	0.01294	0.09925	0.01125	0.00760	0.00535	0.03843	0.00501	0.00522	0.06119	0.00654
81	0.01005	0.00831	0.00976	0.01078	0.09935	0.04135	0.00687	0.02597	0.10214	0.02986	0.20435	0.08942	0.15859	0.16656	0.01049	0.00250	0.00433	0.00885	0.00473	0.00575
82	0.08928	0.37883	0.15375	0.01346	0.05513	0.01735	0.09917	0.08518	0.01276	0.01767	0.00936	0.01131	0.00771	0.02162	0.00498	0.00156	0.00660	0.00397	0.00284	0.00746
83	0.06357	0.00996	0.01292	0.00996	0.01421	0.00905	0.00823	0.08342	0.01635	0.68089	0.02051	0.01795	0.01301	0.00676	0.00547	0.00171	0.00480	0.00540	0.00659	0.00926
84	0.00789	0.00552	0.00668	0.00686	0.00760	0.00528	0.00462	0.02613	0.01169	0.01601	0.21526	0.26796	0.09083	0.25102	0.01305	0.00297	0.00371	0.01095	0.04146	0.00450
85	0.10011	0.19625	0.09740	0.07698	0.09757	0.06895	0.01130	0.08394	0.01240	0.01737	0.01028	0.01337	0.00873	0.02959	0.12347	0.00277	0.03530	0.00432	0.00297	0.00692
86	0.00750	0.00539	0.00707	0.00786	0.00857	0.00511	0.00557	0.02806	0.01222	0.01654	0.18416	0.57006	0.03885	0.01567	0.00696	0.00215	0.00330	0.06480	0.00535	0.00482
87	0.00804	0.00544	0.00638	0.00638	0.00650	0.00555	0.00378	0.00827	0.00815	0.01099	0.01714	0.03453	0.01939	0.71491	0.11763	0.00579	0.00649	0.00780	0.00331	0.00354
88	0.00942	0.00892	0.03218	0.10121	0.01346	0.07231	0.00760	0.01265	0.06735	0.01770	0.26897	0.17132	0.14003	0.01136	0.00633	0.00188	0.00434	0.04250	0.00489	0.00556
89	0.01275	0.08149	0.56748	0.01555	0.03907	0.01409	0.04641	0.10480	0.03315	0.01944	0.01057	0.01209	0.00766	0.00542	0.00524	0.00171	0.00768	0.00429	0.00283	0.00825
90	0.00872	0.00624	0.00866	0.00975	0.01099	0.00617	0.00837	0.01122	0.01299	0.01710	0.11101	0.08879	0.03431	0.01494	0.00750	0.00245	0.00475	0.62575	0.00521	0.00509
91	0.01061	0.01002	0.01644	0.67864	0.03462	0.01269	0.01482	0.01398	0.01081	0.01412	0.01007	0.01575	0.00804	0.00630	0.00709	0.00193	0.10062	0.02480	0.00253	0.00611
92	0.03668	0.10498	0.01802	0.55687	0.06863	0.01384	0.01397	0.05721	0.01187	0.01569	0.00975	0.01378	0.00759	0.00613	0.01723	0.00187	0.03201	0.00465	0.00268	0.00656
93	0.05414	0.18533	0.42365	0.01418	0.03441	0.03717	0.04907	0.01882	0.10040	0.01755	0.01089	0.01218	0.00826	0.00539	0.00492	0.00164	0.00715	0.00417	0.00283	0.00785
94	0.53405	0.04667	0.02575	0.08626	0.01491	0.01285	0.02935	0.03051	0.09938	0.03807	0.03021	0.01229	0.00900	0.00566	0.00419	0.00173	0.00489	0.00397	0.00368	0.00658
95	0.00880	0.12210	0.01037	0.00727	0.00925	0.00783	0.00584	0.01145	0.03758	0.01932	0.47335	0.03894	0.18796	0.01089	0.00610	0.00171	0.00325	0.02717	0.00533	0.00549
96	0.02843	0.34079	0.04244	0.08717	0.05415	0.01585	0.02973	0.10959	0.02824	0.01709	0.01324	0.15113	0.01295	0.00758	0.00549	0.00163	0.03812	0.00604	0.00339	0.00695

[dist]
# distance from previous block
# <min> <max>
0	1

[block]
# block no. 7 follows, 43 sequences, length 66
# corresponding to MSA columns:
# 331-396
name=unknown_H
#
# <colnr> <probs for GDERKNQSTAVLIFYWHMCP>
#	G	D	E	R	K	N	Q	S	T	A	V	L	I	F	Y	W	H	M	C	P
0	0.01189	0.24998	0.08311	0.05626	0.03917	0.01234	0.00925	0.01514	0.05527	0.04983	0.12237	0.10576	0.05567	0.00781	0.00512	0.00154	0.00495	0.00643	0.00385	0.10427
1	0.01453	0.68458	0.05782	0.01260	0.10330	0.02053	0.01079	0.01667	0.01143	0.01380	0.00811	0.00956	0.00730	0.00478	0.00385	0.00126	0.00609	0.00324	0.00241	0.00735
2	0.01548	0.01064	0.01458	0.01063	0.01545	0.00887	0.09440	0.05697	0.01352	0.20554	0.01315	0.01380	0.00965	0.00498	0.00483	0.00121	0.00497	0.00432	0.00423	0.49279
3	0.10568	0.00581	0.00641	0.00674	0.00724	0.00591	0.00425	0.00891	0.00905	0.01351	0.02061	0.28515	0.02391	0.45204	0.01833	0.00391	0.00453	0.00999	0.00395	0.00404
4	0.00911	0.00700	0.00822	0.00756	0.00939	0.00687	0.00577	0.05876	0.10307	0.02167	0.49049	0.03957	0.18897	0.01112	0.00637	0.00178	0.00308	0.00960	0.00582	0.00579
5	0.00696	0.00495	0.00643	0.00753	0.00788	0.00466	0.00502	0.00787	0.01043	0.01384	0.02971	0.66833	0.05599	0.10957	0.00955	0.00261	0.00351	0.03585	0.00493	0.00439
6	0.01985	0.01380	0.01519	0.01180	0.01585	0.01494	0.00969	0.59854	0.02389	0.10157	0.10255	0.01710	0.01484	0.00722	0.00566	0.00168	0.00556	0.00563	0.00573	0.00893
7	0.01882	0.01405	0.01506	0.01197	0.01599	0.01554	0.00975	0.53756	0.18380	0.05131	0.01777	0.01713	0.05093	0.00723	0.00561	0.00172	0.00551	0.00563	0.00558	0.00903
8	0.00920	0.00611	0.00736	0.00687	0.00869	0.00544	0.00521	0.01146	0.02650	0.09812	0.38609	0.07314	0.31098	0.01203	0.00644	0.00181	0.00296	0.01033	0.00578	0.00549
9	0.00741	0.00581	0.00673	0.00647	0.00808	0.00521	0.00486	0.00983	0.03442	0.01894	0.42456	0.04623	0.37655	0.01245	0.00651	0.00180	0.00275	0.01067	0.00565	0.00507
10	0.63928	0.10417	0.01113	0.00787	0.01145	0.01320	0.00666	0.04424	0.01085	0.06398	0.03874	0.01095	0.00850	0.00549	0.00376	0.00165	0.00450	0.00348	0.00367	0.00641
11	0.23851	0.00922	0.01082	0.00876	0.01238	0.00885	0.00715	0.02176	0.01413	0.46758	0.12654	0.01952	0.01728	0.00705	0.00514	0.00172	0.00429	0.00554	0.00584	0.00791
12	0.01615	0.00931	0.01027	0.00849	0.01131	0.00965	0.00681	0.26224	0.01722	0.14512	0.03772	0.01848	0.01357	0.00672	0.00477	0.00149	0.00409	0.00530	0.40403	0.00726
13	0.02431	0.01029	0.01339	0.01026	0.01457	0.00942	0.00848	0.12980	0.01730	0.66980	0.02064	0.01806	0.01310	0.00683	0.00557	0.00171	0.00491	0.00549	0.00667	0.00942
14	0.01761	0.19936	0.12394	0.01327	0.01728	0.38850	0.01184	0.09175	0.01477	0.01608	0.00895	0.01042	0.00734	0.00575	0.00550	0.00150	0.05241	0.00372	0.00292	0.00709
