[name]
unknown

[dist]
# distance from previous block
# <min> <max>
7	38

[block]
# block no. 0 follows, 48 sequences, length 20
# corresponding to MSA columns:
# 38-57
name=unknown_A
#
# <colnr> <probs for GDERKNQSTAVLIFYWHMCP>
#	G	D	E	R	K	N	Q	S	T	A	V	L	I	F	Y	W	H	M	C	P
0	0.14698	0.10006	0.28233	0.03228	0.01614	0.03468	0.03705	0.05950	0.03334	0.01798	0.08341	0.03972	0.03641	0.00613	0.00492	0.00156	0.02292	0.00477	0.00315	0.03669
1	0.01147	0.23914	0.36654	0.01178	0.01687	0.02890	0.01315	0.03204	0.03499	0.01513	0.02522	0.02530	0.03588	0.00612	0.01439	0.00159	0.07777	0.00416	0.00259	0.03698
2	0.04516	0.20717	0.34562	0.01193	0.04383	0.04144	0.01263	0.03773	0.01168	0.06370	0.07846	0.01363	0.01107	0.02714	0.00511	0.00155	0.00608	0.00419	0.00294	0.02895
3	0.01158	0.26100	0.39971	0.01167	0.01711	0.03474	0.01334	0.05918	0.01153	0.01548	0.01196	0.08302	0.03688	0.00610	0.00460	0.00150	0.00630	0.00472	0.00268	0.00689
4	0.01184	0.24601	0.46222	0.01244	0.01831	0.08332	0.01454	0.01593	0.01111	0.01467	0.01033	0.01270	0.02873	0.00533	0.00452	0.00148	0.00691	0.03026	0.00238	0.00697
5	0.01278	0.27843	0.37807	0.01234	0.01807	0.01508	0.03775	0.13297	0.01273	0.01728	0.00921	0.01062	0.00711	0.00596	0.02941	0.00165	0.00684	0.00371	0.00267	0.00733
6	0.04157	0.27289	0.37309	0.01259	0.04198	0.06864	0.03314	0.01571	0.01110	0.01508	0.04500	0.02906	0.00915	0.00523	0.00443	0.00145	0.00655	0.00397	0.00249	0.00688
7	0.05634	0.15946	0.44003	0.04067	0.01788	0.01250	0.01369	0.04772	0.01101	0.01597	0.03452	0.01391	0.02010	0.07508	0.01909	0.00192	0.00656	0.00423	0.00260	0.00672
8	0.11674	0.23082	0.32920	0.01110	0.01623	0.03103	0.01231	0.06770	0.01160	0.02888	0.02265	0.01371	0.02581	0.00618	0.01892	0.00163	0.00622	0.03961	0.00282	0.00682
9	0.05718	0.23007	0.22865	0.05030	0.07818	0.01397	0.10543	0.06284	0.02815	0.02844	0.03427	0.01271	0.00897	0.03360	0.00535	0.00161	0.00632	0.00425	0.00277	0.00694
10	0.05807	0.29632	0.16967	0.03476	0.06901	0.06743	0.03055	0.03027	0.01136	0.04821	0.02393	0.06940	0.02775	0.00599	0.00446	0.00144	0.00585	0.01731	0.00290	0.02530
11	0.14334	0.06052	0.29301	0.01650	0.08873	0.01241	0.25162	0.01580	0.01109	0.01734	0.03643	0.01238	0.00838	0.00483	0.00496	0.00161	0.00693	0.00455	0.00262	0.00696
12	0.15550	0.28580	0.02915	0.00931	0.02684	0.16724	0.00785	0.01579	0.02062	0.06138	0.04054	0.01548	0.10523	0.00605	0.00418	0.00136	0.00541	0.00433	0.00320	0.03474
13	0.00878	0.00450	0.00659	0.00659	0.00659	0.00450	0.00434	0.00675	0.00675	0.00900	0.00956	0.01719	0.00978	0.08904	0.02059	0.77560	0.00450	0.00472	0.00231	0.00231
14	0.12569	0.56508	0.07499	0.00926	0.01352	0.06147	0.00907	0.01642	0.05850	0.01443	0.00818	0.00916	0.00701	0.00468	0.00358	0.00125	0.00555	0.00304	0.00254	0.00658
15	0.01296	0.63843	0.11441	0.00927	0.01374	0.01766	0.00959	0.01518	0.01093	0.03108	0.07676	0.01142	0.01043	0.00503	0.00377	0.00122	0.00543	0.00350	0.00259	0.00660
16	0.00933	0.07855	0.05761	0.00730	0.00816	0.00636	0.00566	0.00810	0.00733	0.00972	0.00925	0.01582	0.00919	0.06837	0.01801	0.66671	0.00478	0.00446	0.00228	0.00301
17	0.06612	0.15954	0.26609	0.04029	0.08388	0.13574	0.08416	0.03242	0.01177	0.01588	0.03151	0.01155	0.00818	0.00500	0.00460	0.00147	0.00688	0.00398	0.02412	0.00682
18	0.07167	0.08702	0.12829	0.01090	0.03007	0.09386	0.00982	0.13220	0.01468	0.31262	0.04903	0.01431	0.01110	0.00587	0.00480	0.00151	0.00556	0.00449	0.00448	0.00768
19	0.11539	0.49512	0.13584	0.01031	0.03615	0.06090	0.01009	0.01629	0.01078	0.05682	0.00827	0.00932	0.00683	0.00467	0.00374	0.00129	0.00578	0.00312	0.00257	0.00673

[dist]
# distance from previous block
# <min> <max>
2	19

[block]
# block no. 1 follows, 48 sequences, length 67
# corresponding to MSA columns:
# 77-143
name=unknown_B
#
# <colnr> <probs for GDERKNQSTAVLIFYWHMCP>
#	G	D	E	R	K	N	Q	S	T	A	V	L	I	F	Y	W	H	M	C	P
0	0.12790	0.03897	0.06099	0.02546	0.01459	0.01297	0.00891	0.40149	0.03606	0.06114	0.03206	0.02455	0.00996	0.02703	0.00525	0.00156	0.00513	0.00449	0.00433	0.09717
1	0.14025	0.19329	0.19703	0.03262	0.07789	0.08270	0.04512	0.03551	0.01144	0.06376	0.02880	0.03727	0.00897	0.00558	0.00468	0.01524	0.00606	0.00415	0.00292	0.00672
2	0.00717	0.00491	0.00606	0.00655	0.00685	0.00485	0.00429	0.00785	0.00885	0.01195	0.03356	0.29436	0.02474	0.41492	0.05229	0.00379	0.00458	0.07365	0.02504	0.00374
3	0.00743	0.00563	0.00802	0.02834	0.09955	0.00538	0.00627	0.00875	0.01048	0.02793	0.06459	0.60786	0.07242	0.01385	0.00627	0.00196	0.00341	0.01254	0.00452	0.00479
4	0.00956	0.00478	0.00478	0.00478	0.00598	0.00478	0.00359	0.01196	0.01076	0.01913	0.01674	0.01913	0.01315	0.00598	0.00359	0.00120	0.00239	0.00478	0.84816	0.00478
5	0.00630	0.00449	0.00594	0.00708	0.00736	0.00420	0.00469	0.00716	0.00972	0.01296	0.02776	0.78290	0.03328	0.05039	0.00738	0.00221	0.00306	0.01428	0.00469	0.00412
6	0.00746	0.00497	0.00560	0.00560	0.00560	0.00497	0.00311	0.00746	0.00746	0.00995	0.01617	0.03358	0.01865	0.81967	0.02612	0.00497	0.00497	0.00746	0.00311	0.00311
7	0.00956	0.00478	0.00478	0.00478	0.00598	0.00478	0.00359	0.01196	0.01076	0.01913	0.01674	0.01913	0.01315	0.00598	0.00359	0.00120	0.00239	0.00478	0.84816	0.00478
8	0.04856	0.49025	0.04962	0.00992	0.01391	0.12231	0.00920	0.11381	0.01275	0.03463	0.00854	0.00957	0.00714	0.00497	0.00414	0.00127	0.02540	0.00325	0.02401	0.00676
9	0.01788	0.01244	0.03008	0.01079	0.01441	0.01303	0.00891	0.51582	0.05431	0.13700	0.01529	0.06888	0.01208	0.04292	0.00619	0.00176	0.00521	0.01984	0.00513	0.00805
10	0.01125	0.01210	0.07457	0.24259	0.17856	0.06390	0.03842	0.01536	0.08900	0.01539	0.03184	0.05771	0.01122	0.00650	0.00634	0.00171	0.08434	0.02251	0.03021	0.00648
11	0.00768	0.00568	0.00767	0.00756	0.00800	0.00644	0.00541	0.00859	0.00797	0.01120	0.01484	0.07312	0.01570	0.32829	0.37336	0.03018	0.07468	0.00668	0.00295	0.00402
12	0.08601	0.22372	0.01610	0.01022	0.03219	0.12548	0.00835	0.18587	0.06386	0.03969	0.07863	0.01420	0.03192	0.00589	0.00445	0.00138	0.00538	0.00435	0.00373	0.05859
13	0.01873	0.03225	0.01484	0.01128	0.01518	0.01476	0.00930	0.61908	0.06866	0.08942	0.01363	0.02640	0.00992	0.00710	0.02370	0.00171	0.00559	0.00487	0.00510	0.00847
14	0.01379	0.05626	0.07152	0.03176	0.01281	0.01106	0.00804	0.26533	0.10520	0.04226	0.01520	0.01602	0.02595	0.00610	0.00450	0.00144	0.00442	0.00478	0.29664	0.00691
15	0.04680	0.28643	0.11188	0.05962	0.01633	0.12013	0.03466	0.13099	0.03025	0.05108	0.01213	0.01299	0.05504	0.00556	0.00443	0.00141	0.00614	0.00412	0.00316	0.00685
16	0.01555	0.10379	0.11029	0.03407	0.01512	0.01260	0.00973	0.30073	0.05609	0.12723	0.02962	0.05787	0.03123	0.00675	0.00499	0.00155	0.00521	0.02268	0.02885	0.02606
17	0.00634	0.00453	0.00603	0.00709	0.00746	0.00422	0.00477	0.00736	0.01022	0.01373	0.09207	0.75074	0.03516	0.01560	0.00651	0.00204	0.00293	0.01414	0.00484	0.00422
18	0.00730	0.00490	0.00565	0.00581	0.00585	0.00486	0.00334	0.00742	0.00779	0.01038	0.01783	0.14135	0.02076	0.70903	0.02342	0.00458	0.00470	0.00844	0.00334	0.00325
19	0.01314	0.18530	0.33158	0.01501	0.05875	0.06860	0.14900	0.04697	0.01202	0.05918	0.00967	0.01125	0.00727	0.00482	0.00478	0.00150	0.00713	0.00410	0.00265	0.00728
20	0.01123	0.01123	0.01572	0.01347	0.01347	0.01572	0.01123	0.01235	0.00786	0.01235	0.00674	0.01123	0.00674	0.00898	0.01684	0.00225	0.81028	0.00449	0.00225	0.00561
21	0.00956	0.00478	0.00478	0.00478	0.00598	0.00478	0.00359	0.01196	0.01076	0.01913	0.01674	0.01913	0.01315	0.00598	0.00359	0.00120	0.00239	0.00478	0.84816	0.00478
22	0.06855	0.01104	0.01309	0.14058	0.03589	0.02992	0.00920	0.31038	0.01684	0.18223	0.06141	0.02816	0.03501	0.02786	0.00566	0.00168	0.00523	0.00526	0.00464	0.00738
23	0.01645	0.01225	0.06048	0.01051	0.01396	0.01208	0.00884	0.46341	0.01892	0.11722	0.02996	0.13834	0.01421	0.05104	0.00647	0.00182	0.00511	0.00641	0.00494	0.00758
24	0.01313	0.10328	0.14410	0.02261	0.01397	0.02638	0.00936	0.11986	0.13654	0.11487	0.13247	0.04781	0.07921	0.00740	0.00515	0.00159	0.00481	0.00604	0.00441	0.00700
25	0.01123	0.01123	0.01572	0.01347	0.01347	0.01572	0.01123	0.01235	0.00786	0.01235	0.00674	0.01123	0.00674	0.00898	0.01684	0.00225	0.81028	0.00449	0.00225	0.00561
26	0.10393	0.00956	0.01279	0.17136	0.05259	0.01131	0.02371	0.09892	0.01118	0.06677	0.01137	0.03843	0.00992	0.09439	0.02835	0.00226	0.18811	0.00506	0.05405	0.00594
27	0.00746	0.00497	0.00560	0.00560	0.00560	0.00497	0.00311	0.00746	0.00746	0.00995	0.01617	0.03358	0.01865	0.81967	0.02612	0.00497	0.00497	0.00746	0.00311	0.00311
28	0.01395	0.75065	0.02582	0.00919	0.01333	0.06493	0.00892	0.01556	0.01058	0.01211	0.00717	0.00839	0.00659	0.00459	0.00381	0.00115	0.03170	0.00283	0.00222	0.00652
29	0.00739	0.00496	0.00569	0.00576	0.00580	0.00497	0.00329	0.00749	0.00761	0.01017	0.01674	0.07488	0.01930	0.75426	0.04746	0.00492	0.00512	0.00778	0.00319	0.00321
30	0.08040	0.01256	0.03599	0.10034	0.01599	0.13348	0.03921	0.05472	0.01067	0.01488	0.01035	0.09116	0.00985	0.00945	0.05535	0.00220	0.28232	0.00523	0.00286	0.03300
31	0.28787	0.01144	0.03763	0.11809	0.09285	0.02718	0.00947	0.12135	0.08144	0.12812	0.01149	0.01244	0.00840	0.00552	0.00478	0.00162	0.02532	0.00414	0.00382	0.00701
32	0.00668	0.00510	0.00586	0.00601	0.00733	0.00446	0.00438	0.00814	0.01190	0.02958	0.20253	0.23186	0.43169	0.01308	0.00616	0.00179	0.00269	0.01130	0.00498	0.00448
33	0.00973	0.00886	0.01435	0.46819	0.16673	0.01009	0.01226	0.01307	0.02829	0.01544	0.16135	0.01946	0.03839	0.00634	0.00533	0.00166	0.00566	0.00569	0.00312	0.00599
34	0.01404	0.01333	0.04276	0.13463	0.34543	0.11643	0.01279	0.01885	0.14211	0.09051	0.01225	0.01387	0.00940	0.00533	0.00505	0.00157	0.00616	0.00464	0.00332	0.00753
35	0.03548	0.15081	0.23176	0.01229	0.04140	0.05518	0.02918	0.11907	0.11663	0.14055	0.01251	0.01275	0.00908	0.00547	0.00472	0.00152	0.00598	0.00424	0.00371	0.00769
36	0.00783	0.00518	0.00679	0.00753	0.00823	0.00499	0.00531	0.00943	0.04076	0.06104	0.02614	0.59083	0.02985	0.07112	0.03076	0.00244	0.00371	0.07874	0.00470	0.00459
37	0.42993	0.01077	0.01164	0.06124	0.12610	0.04353	0.02497	0.06653	0.01139	0.11031	0.01011	0.01136	0.00755	0.00511	0.00408	0.00155	0.00485	0.00375	0.04870	0.00652
38	0.00633	0.00452	0.00605	0.00724	0.00757	0.00424	0.00490	0.00728	0.00990	0.01319	0.02824	0.78606	0.03376	0.01600	0.00657	0.00209	0.00305	0.04406	0.00476	0.00419
39	0.03786	0.72844	0.04791	0.00945	0.02721	0.03397	0.00915	0.03315	0.01081	0.01307	0.00737	0.00850	0.00663	0.00448	0.00343	0.00115	0.00559	0.00286	0.00231	0.00665
40	0.00746	0.00497	0.00560	0.00560	0.00560	0.00497	0.00311	0.00746	0.00746	0.00995	0.01617	0.03358	0.01865	0.81967	0.02612	0.00497	0.00497	0.00746	0.00311	0.00311
41	0.00733	0.00550	0.00825	0.00825	0.00916	0.00641	0.00641	0.00916	0.00825	0.01191	0.01374	0.02016	0.01283	0.03848	0.79934	0.00825	0.01374	0.00550	0.00275	0.00458
42	0.52636	0.07651	0.03633	0.00880	0.03423	0.01226	0.00731	0.10689	0.01165	0.12412	0.00963	0.01021	0.00707	0.00511	0.00379	0.00154	0.00452	0.00339	0.00370	0.00658
43	0.01554	0.01052	0.01120	0.00909	0.01205	0.01145	0.00734	0.42949	0.06521	0.04521	0.01465	0.01535	0.01087	0.00615	0.00457	0.00143	0.00433	0.00476	0.31354	0.00725
44	0.00714	0.00497	0.00560	0.00570	0.00602	0.00480	0.00342	0.00748	0.00850	0.01110	0.04249	0.10720	0.13680	0.60381	0.02079	0.00413	0.00437	0.00867	0.00358	0.00343
45	0.01246	0.01195	0.02040	0.09276	0.72826	0.01213	0.01563	0.01554	0.01157	0.01647	0.00961	0.01278	0.00803	0.00462	0.00508	0.00154	0.00615	0.00457	0.00252	0.00794
46	0.00628	0.00449	0.00593	0.00706	0.00739	0.00419	0.00470	0.00716	0.00981	0.01304	0.02855	0.77988	0.05114	0.03501	0.00700	0.00214	0.00302	0.01433	0.00472	0.00415
47	0.00614	0.00518	0.00531	0.00532	0.00698	0.00436	0.00397	0.00749	0.01180	0.01421	0.09212	0.06890	0.72485	0.01294	0.00608	0.00174	0.00260	0.01084	0.00481	0.00436
48	0.01917	0.02445	0.01454	0.01322	0.01586	0.79907	0.00991	0.02049	0.01454	0.01256	0.00793	0.00925	0.00661	0.00529	0.00463	0.00132	0.00925	0.00330	0.00264	0.00595
49	0.00736	0.00536	0.00755	0.00755	0.00823	0.00604	0.00555	0.00872	0.00804	0.01140	0.01438	0.02367	0.01435	0.24273	0.59718	0.00739	0.01145	0.00601	0.00284	0.00420
50	0.00711	0.00530	0.00630	0.00601	0.00748	0.00469	0.00452	0.00907	0.01339	0.03391	0.47453	0.04234	0.34388	0.01141	0.00604	0.00166	0.00253	0.00982	0.00531	0.00472
51	0.00969	0.00912	0.01539	0.80734	0.03534	0.01140	0.01425	0.01311	0.01026	0.01311	0.00912	0.01368	0.00684	0.00513	0.00513	0.00171	0.00684	0.00456	0.00228	0.00570
52	0.01831	0.01352	0.01453	0.01129	0.01506	0.01493	0.00922	0.68532	0.04732	0.03050	0.03585	0.01439	0.01064	0.04742	0.00622	0.00172	0.00546	0.00494	0.00505	0.00831
53	0.01200	0.01269	0.02542	0.05532	0.27499	0.01228	0.45221	0.01577	0.01188	0.01635	0.01099	0.01582	0.00902	0.00496	0.00576	0.00170	0.00753	0.04548	0.00268	0.00715
54	0.00726	0.00524	0.00686	0.00646	0.00767	0.00484	0.00484	0.00968	0.01452	0.02058	0.78496	0.03833	0.04841	0.01049	0.00605	0.00161	0.00242	0.00928	0.00565	0.00484
55	0.04389	0.00865	0.01152	0.00894	0.01269	0.00764	0.00733	0.03718	0.01452	0.71118	0.04740	0.01827	0.01388	0.02548	0.00563	0.00167	0.00432	0.00529	0.00614	0.00838
56	0.02420	0.06178	0.54133	0.01574	0.09751	0.01207	0.05883	0.03746	0.01152	0.02982	0.03245	0.01336	0.00879	0.00529	0.00497	0.00161	0.00699	0.02632	0.00258	0.00741
57	0.01808	0.02197	0.01435	0.01319	0.03143	0.65285	0.00983	0.04794	0.06124	0.01407	0.00908	0.01036	0.00743	0.00558	0.00520	0.00140	0.04356	0.00362	0.02265	0.00619
58	0.01197	0.01226	0.06546	0.27578	0.40756	0.02686	0.01467	0.05342	0.03474	0.01638	0.01026	0.01395	0.00829	0.00513	0.00512	0.00161	0.00637	0.02022	0.00269	0.00724
59	0.01081	0.00543	0.00566	0.00534	0.00683	0.00542	0.00409	0.04457	0.01156	0.06697	0.01677	0.01874	0.01294	0.00601	0.00375	0.00123	0.00265	0.00480	0.76125	0.00519
60	0.00890	0.00459	0.00689	0.02729	0.00740	0.00465	0.00468	0.00687	0.00679	0.00904	0.00907	0.01592	0.00906	0.03430	0.01980	0.81112	0.00453	0.00452	0.00225	0.00234
61	0.01842	0.01425	0.01476	0.05779	0.01654	0.07394	0.00970	0.60712	0.03628	0.04752	0.01286	0.01315	0.02035	0.00615	0.00507	0.00153	0.00580	0.00465	0.02597	0.00817
62	0.01028	0.00500	0.00541	0.00524	0.00647	0.00493	0.00389	0.01218	0.01056	0.06529	0.01626	0.01910	0.01290	0.02821	0.00570	0.07519	0.00276	0.00485	0.70104	0.00476
63	0.66769	0.03562	0.07764	0.02107	0.04044	0.01188	0.00751	0.03976	0.00973	0.03886	0.00790	0.00912	0.00604	0.00484	0.00353	0.00157	0.00452	0.00307	0.00315	0.00603
64	0.00926	0.00787	0.04204	0.00944	0.01157	0.00698	0.10841	0.05752	0.03239	0.05590	0.13021	0.29409	0.14592	0.01187	0.02967	0.00199	0.00436	0.00985	0.02522	0.00544
65	0.03749	0.05519	0.07378	0.02927	0.03622	0.01109	0.03138	0.12287	0.21569	0.11281	0.12318	0.03447	0.03390	0.03108	0.00592	0.00172	0.01428	0.00587	0.01665	0.00715
66	0.04735	0.00543	0.00586	0.00575	0.00685	0.00544	0.00406	0.02773	0.01028	0.05715	0.01777	0.12605	0.01670	0.19723	0.00933	0.00224	0.00332	0.00662	0.44022	0.00464

[dist]
# distance from previous block
# <min> <max>
2	23

[block]
# block no. 2 follows, 48 sequences, length 15
# corresponding to MSA columns:
# 167-181
name=unknown_C
#
# <colnr> <probs for GDERKNQSTAVLIFYWHMCP>
#	G	D	E	R	K	N	Q	S	T	A	V	L	I	F	Y	W	H	M	C	P
0	0.10859	0.32976	0.27742	0.01140	0.03254	0.04421	0.01203	0.07818	0.01180	0.03911	0.00871	0.00984	0.00683	0.00483	0.00410	0.00140	0.00614	0.00338	0.00268	0.00705
1	0.30054	0.00840	0.02566	0.02341	0.01007	0.00863	0.00598	0.08024	0.03841	0.02024	0.12057	0.04037	0.16583	0.02524	0.00519	0.00171	0.00370	0.03829	0.07206	0.00547
2	0.01333	0.01367	0.05290	0.02245	0.43095	0.10042	0.03987	0.07022	0.10144	0.01773	0.01223	0.06162	0.01045	0.00577	0.00513	0.00157	0.00607	0.00520	0.02143	0.00754
3	0.00884	0.00670	0.00786	0.05171	0.00988	0.03213	0.00541	0.01055	0.04105	0.04239	0.08972	0.26350	0.02303	0.25002	0.01165	0.00263	0.00415	0.00869	0.00398	0.12612
4	0.00948	0.00745	0.00927	0.03527	0.01105	0.00656	0.00606	0.01118	0.01040	0.04467	0.05143	0.22375	0.04058	0.06222	0.00703	0.00160	0.05118	0.00706	0.00372	0.40004
5	0.00862	0.00449	0.00663	0.00671	0.00679	0.00445	0.00450	0.00684	0.00726	0.00973	0.04131	0.08483	0.01261	0.01739	0.01835	0.74466	0.00425	0.00551	0.00258	0.00250
6	0.05849	0.43284	0.06531	0.01191	0.07009	0.15667	0.03506	0.01660	0.01150	0.04908	0.00919	0.01175	0.00800	0.00514	0.00409	0.00132	0.00626	0.03740	0.00267	0.00661
7	0.03224	0.55655	0.10555	0.01072	0.04117	0.09123	0.01014	0.03924	0.04621	0.01400	0.00830	0.00938	0.00709	0.00471	0.00379	0.00124	0.00599	0.00317	0.00249	0.00680
8	0.01317	0.69430	0.15050	0.00972	0.01463	0.01895	0.01042	0.01551	0.01049	0.01275	0.00747	0.00865	0.00657	0.00447	0.00355	0.00118	0.00583	0.00291	0.00219	0.00675
9	0.01085	0.01314	0.17107	0.12343	0.32477	0.01051	0.01356	0.04830	0.01203	0.01692	0.09324	0.08873	0.01487	0.00673	0.00534	0.00165	0.00576	0.02902	0.00314	0.00692
10	0.00736	0.00539	0.00770	0.00770	0.00842	0.00612	0.00573	0.00881	0.00808	0.01151	0.01425	0.02294	0.01403	0.20019	0.63929	0.00757	0.01193	0.00590	0.00282	0.00428
11	0.00625	0.00447	0.00595	0.00714	0.00744	0.00417	0.00476	0.00714	0.00982	0.01310	0.02828	0.81633	0.03394	0.01608	0.00655	0.00208	0.00298	0.01459	0.00476	0.00417
12	0.01335	0.01377	0.01918	0.02596	0.55625	0.13135	0.04722	0.01651	0.04137	0.01606	0.01149	0.01392	0.03950	0.00521	0.00540	0.00154	0.02690	0.00474	0.00274	0.00753
13	0.01113	0.00941	0.01091	0.00783	0.01237	0.00735	0.00628	0.05516	0.01139	0.01759	0.00930	0.01073	0.00766	0.00393	0.00387	0.00080	0.00390	0.00313	0.00316	0.80408
14	0.00741	0.00501	0.00588	0.00591	0.00604	0.00507	0.00351	0.00768	0.00788	0.01063	0.04634	0.05685	0.01979	0.69622	0.09103	0.00503	0.00556	0.00758	0.00323	0.00334

[dist]
# distance from previous block
# <min> <max>
0	1

[block]
# block no. 3 follows, 48 sequences, length 14
# corresponding to MSA columns:
# 183-196
name=unknown_D
#
# <colnr> <probs for GDERKNQSTAVLIFYWHMCP>
#	G	D	E	R	K	N	Q	S	T	A	V	L	I	F	Y	W	H	M	C	P
0	0.01253	0.01717	0.22634	0.09115	0.07051	0.09784	0.29785	0.01656	0.01202	0.05536	0.02879	0.01398	0.02540	0.00510	0.00539	0.00163	0.00761	0.00506	0.00276	0.00694
1	0.04531	0.48884	0.26723	0.01083	0.01607	0.06743	0.01194	0.01596	0.01075	0.01384	0.00784	0.00912	0.00652	0.00462	0.00387	0.00130	0.00633	0.00311	0.00225	0.00682
2	0.01372	0.82276	0.02689	0.00878	0.01317	0.02030	0.00878	0.01536	0.01043	0.01207	0.00713	0.00823	0.00658	0.00439	0.00329	0.00110	0.00549	0.00274	0.00219	0.00658
3	0.01863	0.01215	0.01415	0.01135	0.03958	0.01264	0.00902	0.43777	0.01902	0.21029	0.01347	0.01330	0.00942	0.00599	0.00551	0.00148	0.04195	0.00454	0.00494	0.11479
4	0.00634	0.00452	0.00598	0.00706	0.00739	0.00423	0.00471	0.00728	0.00997	0.01335	0.06414	0.75217	0.03411	0.04339	0.00720	0.00216	0.00302	0.01409	0.00475	0.00416
5	0.00625	0.00447	0.00595	0.00714	0.00744	0.00417	0.00476	0.00714	0.00982	0.01310	0.02828	0.81633	0.03394	0.01608	0.00655	0.00208	0.00298	0.01459	0.00476	0.00417
6	0.00881	0.00761	0.01165	0.01045	0.01141	0.00935	0.05918	0.01064	0.00850	0.01263	0.01171	0.01723	0.01083	0.02675	0.49842	0.00587	0.23178	0.00523	0.03693	0.00503
7	0.01790	0.05117	0.01472	0.03178	0.01524	0.08887	0.00919	0.56494	0.02081	0.02764	0.01205	0.01260	0.00885	0.00595	0.00484	0.00147	0.00567	0.00443	0.09404	0.00787
8	0.00729	0.00490	0.00565	0.00582	0.00586	0.00486	0.00335	0.00742	0.00780	0.01040	0.01792	0.14659	0.02086	0.70365	0.02329	0.00456	0.00469	0.00849	0.00335	0.00326
9	0.22099	0.30344	0.01629	0.00854	0.01225	0.01407	0.00752	0.11940	0.01258	0.16618	0.01176	0.01266	0.02563	0.04290	0.00499	0.00156	0.00484	0.00387	0.00373	0.00683
10	0.09184	0.17479	0.32050	0.01220	0.05160	0.01212	0.05378	0.01474	0.01109	0.03531	0.05712	0.01766	0.08115	0.00623	0.00476	0.00156	0.00587	0.03809	0.00296	0.00663
11	0.03424	0.60171	0.05626	0.00855	0.01237	0.01675	0.00830	0.01461	0.01018	0.03931	0.00911	0.01194	0.00839	0.08480	0.03796	0.00182	0.00569	0.00350	0.02830	0.00620
12	0.10610	0.31762	0.42336	0.01159	0.01751	0.01496	0.01371	0.01579	0.01045	0.01547	0.00821	0.00960	0.00643	0.00468	0.00410	0.00143	0.00641	0.00329	0.00229	0.00699
13	0.01114	0.30292	0.42996	0.01154	0.01715	0.01401	0.01358	0.01500	0.01066	0.01459	0.04984	0.01291	0.00956	0.06008	0.00582	0.00167	0.00640	0.00396	0.00242	0.00679

[dist]
# distance from previous block
# <min> <max>
5	12

[block]
# block no. 4 follows, 48 sequences, length 6
# corresponding to MSA columns:
# 209-214
name=unknown_E
#
# <colnr> <probs for GDERKNQSTAVLIFYWHMCP>
#	G	D	E	R	K	N	Q	S	T	A	V	L	I	F	Y	W	H	M	C	P
0	0.01223	0.10012	0.11264	0.15066	0.23915	0.01244	0.04586	0.07667	0.04428	0.01702	0.00988	0.01214	0.00782	0.00478	0.00473	0.00143	0.00598	0.00417	0.00282	0.13520
1	0.01066	0.08914	0.33577	0.06993	0.08092	0.01098	0.01331	0.01542	0.06515	0.03821	0.10985	0.02083	0.01551	0.00683	0.00521	0.00167	0.00589	0.09465	0.00328	0.00679
2	0.07700	0.16216	0.41390	0.01202	0.01760	0.06805	0.01361	0.06898	0.01215	0.04756	0.05398	0.01202	0.00927	0.00528	0.00455	0.00150	0.00650	0.00392	0.00285	0.00711
3	0.00907	0.00666	0.00916	0.09629	0.06312	0.00654	0.00709	0.01155	0.05532	0.06926	0.09230	0.37205	0.07132	0.01128	0.00587	0.00180	0.00381	0.03742	0.00444	0.06564
4	0.21841	0.00732	0.00810	0.00780	0.00997	0.00735	0.00633	0.03622	0.01148	0.08431	0.06813	0.14141	0.09217	0.01014	0.00543	0.00182	0.00389	0.21087	0.00444	0.06441
5	0.07633	0.01389	0.19336	0.20599	0.13136	0.01125	0.07428	0.08112	0.01196	0.01740	0.06528	0.01552	0.01088	0.06227	0.00652	0.00186	0.00628	0.00491	0.00294	0.00659

[dist]
# distance from previous block
# <min> <max>
22	106

[block]
# block no. 5 follows, 48 sequences, length 97
# corresponding to MSA columns:
# 344-440
name=unknown_F
#
# <colnr> <probs for GDERKNQSTAVLIFYWHMCP>
#	G	D	E	R	K	N	Q	S	T	A	V	L	I	F	Y	W	H	M	C	P
0	0.01015	0.06599	0.01120	0.16100	0.01481	0.02368	0.00766	0.11491	0.01237	0.01611	0.05611	0.11228	0.15286	0.10310	0.00801	0.00202	0.02095	0.03544	0.00379	0.06756
1	0.11053	0.01002	0.01292	0.01081	0.04363	0.05097	0.07250	0.02048	0.03372	0.43852	0.01687	0.07906	0.01246	0.00652	0.00502	0.00158	0.00486	0.00549	0.00497	0.05905
2	0.03831	0.05072	0.05842	0.09055	0.19147	0.28181	0.01172	0.14320	0.03000	0.01754	0.01072	0.01234	0.03015	0.00544	0.00483	0.00147	0.00702	0.00419	0.00309	0.00698
3	0.03258	0.00663	0.00848	0.00784	0.00918	0.00688	0.00598	0.02700	0.03247	0.10252	0.35240	0.17907	0.06813	0.03426	0.00778	0.00188	0.09772	0.00893	0.00495	0.00534
4	0.05104	0.03304	0.01085	0.00919	0.03241	0.05222	0.00711	0.09813	0.09770	0.22786	0.16975	0.02539	0.13166	0.00810	0.00534	0.00161	0.00418	0.02248	0.00513	0.00682
5	0.04852	0.03450	0.06540	0.03351	0.03608	0.05248	0.00880	0.06511	0.01429	0.51082	0.04355	0.03778	0.01280	0.00639	0.00505	0.00157	0.00496	0.00515	0.00527	0.00797
6	0.01329	0.01412	0.03540	0.21548	0.36895	0.16409	0.01379	0.03513	0.03857	0.01547	0.00955	0.01240	0.00772	0.00510	0.00534	0.00156	0.03001	0.00435	0.00264	0.00704
7	0.04961	0.16160	0.26642	0.01605	0.15832	0.10083	0.04221	0.01662	0.01128	0.05786	0.00916	0.01094	0.00719	0.00514	0.00548	0.00153	0.06618	0.00386	0.00259	0.00713
8	0.00745	0.00585	0.00648	0.00652	0.02563	0.00518	0.00482	0.03740	0.01257	0.03738	0.12924	0.04543	0.59546	0.01214	0.00603	0.00174	0.00293	0.04810	0.00487	0.00479
9	0.01185	0.01157	0.03467	0.13685	0.61171	0.01156	0.01489	0.01494	0.01155	0.01627	0.03310	0.01535	0.02321	0.00522	0.00518	0.00158	0.00603	0.02425	0.00268	0.00753
10	0.01514	0.17188	0.01835	0.01737	0.25195	0.25264	0.01113	0.06974	0.08933	0.01603	0.01116	0.01246	0.03056	0.00534	0.00464	0.00141	0.00660	0.00414	0.00301	0.00710
11	0.00806	0.00543	0.00703	0.00652	0.00792	0.00496	0.00493	0.01038	0.01435	0.06267	0.69646	0.03788	0.09302	0.01042	0.00600	0.00162	0.00254	0.00915	0.00563	0.00502
12	0.01839	0.13793	0.01630	0.01259	0.01548	0.68838	0.00975	0.01976	0.01396	0.01249	0.00782	0.00911	0.00661	0.00516	0.00444	0.00129	0.00872	0.00322	0.00258	0.00604
13	0.01189	0.27629	0.36235	0.03701	0.18499	0.01463	0.01490	0.01578	0.01087	0.01495	0.00864	0.01048	0.00689	0.00466	0.00442	0.00144	0.00658	0.00365	0.00226	0.00733
14	0.05053	0.07725	0.01559	0.01255	0.03181	0.42373	0.00973	0.28133	0.01731	0.01991	0.00941	0.01029	0.00734	0.00549	0.00466	0.00140	0.00746	0.00373	0.00350	0.00699
15	0.00733	0.00550	0.00825	0.00825	0.00916	0.00641	0.00641	0.00916	0.00825	0.01191	0.01374	0.02016	0.01283	0.03848	0.79934	0.00825	0.01374	0.00550	0.00275	0.00458
16	0.00746	0.00497	0.00560	0.00560	0.00560	0.00497	0.00311	0.00746	0.00746	0.00995	0.01617	0.03358	0.01865	0.81967	0.02612	0.00497	0.00497	0.00746	0.00311	0.00311
17	0.81395	0.01031	0.02722	0.00700	0.01031	0.01142	0.00594	0.01536	0.00893	0.04213	0.00752	0.00863	0.00576	0.00481	0.00327	0.00159	0.00407	0.00286	0.00323	0.00569
18	0.11460	0.01241	0.01361	0.01054	0.01451	0.01325	0.00871	0.49278	0.01995	0.22744	0.01378	0.01320	0.00940	0.00605	0.00492	0.00156	0.00513	0.00455	0.00523	0.00837
19	0.00733	0.00550	0.00825	0.00825	0.00916	0.00641	0.00641	0.00916	0.00825	0.01191	0.01374	0.02016	0.01283	0.03848	0.79934	0.00825	0.01374	0.00550	0.00275	0.00458
20	0.17085	0.01357	0.01398	0.01089	0.01483	0.01512	0.00899	0.63386	0.02134	0.03065	0.01138	0.01160	0.00815	0.00591	0.00478	0.00155	0.00534	0.00429	0.00478	0.00815
21	0.01935	0.01409	0.01516	0.01168	0.01574	0.01556	0.00963	0.72136	0.05244	0.05333	0.01287	0.01272	0.00910	0.00620	0.00514	0.00155	0.00555	0.00468	0.00517	0.00870
22	0.00744	0.00506	0.00605	0.00605	0.00621	0.00522	0.00368	0.00775	0.00760	0.01029	0.01575	0.03127	0.01765	0.68542	0.15900	0.00554	0.00648	0.00712	0.00305	0.00336
23	0.77311	0.01025	0.02584	0.00710	0.01037	0.01133	0.00599	0.03140	0.00943	0.04536	0.02720	0.00950	0.00693	0.00499	0.00339	0.00159	0.00406	0.00307	0.00335	0.00575
24	0.00606	0.00520	0.00520	0.00520	0.00693	0.00433	0.00390	0.00736	0.01170	0.01386	0.05198	0.04938	0.78558	0.01299	0.00606	0.00173	0.00260	0.01083	0.00476	0.00433
25	0.01123	0.01123	0.01572	0.01347	0.01347	0.01572	0.01123	0.01235	0.00786	0.01235	0.00674	0.01123	0.00674	0.00898	0.01684	0.00225	0.81028	0.00449	0.00225	0.00561
26	0.01000	0.00944	0.01595	0.72716	0.11309	0.01148	0.01440	0.01338	0.01041	0.01349	0.00917	0.01358	0.00697	0.00507	0.00512	0.00169	0.00676	0.00456	0.00231	0.00595
27	0.01083	0.15198	0.67238	0.01370	0.02078	0.01324	0.01735	0.01611	0.01077	0.01559	0.00888	0.01042	0.00651	0.00480	0.00463	0.00154	0.00725	0.00363	0.00217	0.00743
28	0.00827	0.00591	0.00827	0.00945	0.01063	0.00591	0.00827	0.01063	0.01181	0.01536	0.02717	0.05788	0.02953	0.01417	0.00709	0.00236	0.00472	0.75313	0.00472	0.00472
29	0.00615	0.00486	0.00554	0.00609	0.00717	0.00426	0.00429	0.00726	0.01084	0.01351	0.04112	0.40093	0.44105	0.01441	0.00629	0.00189	0.00277	0.01255	0.00476	0.00426
30	0.17008	0.01402	0.01395	0.01096	0.01483	0.05019	0.00900	0.60095	0.02092	0.02977	0.01119	0.01146	0.00806	0.00587	0.00476	0.00154	0.00551	0.00423	0.00467	0.00803
31	0.01372	0.82276	0.02689	0.00878	0.01317	0.02030	0.00878	0.01536	0.01043	0.01207	0.00713	0.00823	0.00658	0.00439	0.00329	0.00110	0.00549	0.00274	0.00219	0.00658
32	0.01270	0.01219	0.02083	0.03149	0.78767	0.01219	0.01575	0.01575	0.01168	0.01676	0.00965	0.01270	0.00813	0.00457	0.00508	0.00152	0.00610	0.00457	0.00254	0.00813
33	0.00789	0.00540	0.00706	0.00661	0.00794	0.00496	0.00502	0.01026	0.01439	0.05094	0.71755	0.03827	0.06383	0.01048	0.00604	0.00164	0.00256	0.02855	0.00563	0.00498
34	0.00969	0.00912	0.01539	0.80734	0.03534	0.01140	0.01425	0.01311	0.01026	0.01311	0.00912	0.01368	0.00684	0.00513	0.00513	0.00171	0.00684	0.00456	0.00228	0.00570
35	0.01101	0.00903	0.01030	0.01005	0.01228	0.01009	0.00818	0.02078	0.47933	0.01908	0.02334	0.03426	0.02107	0.00978	0.00595	0.00198	0.00432	0.29735	0.00503	0.00680
36	0.01321	0.64074	0.15575	0.00989	0.01469	0.04807	0.01046	0.01559	0.01074	0.01297	0.02364	0.00933	0.00744	0.00463	0.00367	0.00121	0.00592	0.00308	0.00228	0.00669
37	0.02293	0.00887	0.01199	0.00920	0.01317	0.00775	0.00760	0.04350	0.01492	0.77240	0.02005	0.01734	0.01260	0.00635	0.00516	0.00159	0.00440	0.00515	0.00632	0.00873
38	0.00733	0.00550	0.00825	0.00825	0.00916	0.00641	0.00641	0.00916	0.00825	0.01191	0.01374	0.02016	0.01283	0.03848	0.79934	0.00825	0.01374	0.00550	0.00275	0.00458
39	0.09409	0.00950	0.01455	0.58058	0.07462	0.01148	0.01286	0.04834	0.01086	0.01530	0.01004	0.01540	0.00813	0.00571	0.00535	0.00173	0.02722	0.04568	0.00265	0.00591
40	0.13926	0.20525	0.03777	0.03628	0.05608	0.03203	0.35269	0.03103	0.01140	0.01648	0.01010	0.01236	0.02741	0.00473	0.00483	0.00153	0.00681	0.00466	0.00268	0.00662
41	0.02259	0.00864	0.01177	0.00906	0.01295	0.00747	0.00747	0.02459	0.01468	0.77036	0.04094	0.01803	0.01367	0.00646	0.00518	0.00159	0.00431	0.00527	0.00633	0.00863
42	0.00612	0.00497	0.00543	0.00580	0.00709	0.00428	0.00416	0.00730	0.01112	0.01363	0.04470	0.28496	0.55471	0.01394	0.00621	0.00184	0.00272	0.01198	0.00476	0.00428
43	0.00665	0.00486	0.00630	0.00726	0.00778	0.00465	0.00497	0.00831	0.04661	0.01398	0.07154	0.70489	0.04909	0.01523	0.00646	0.00204	0.00302	0.02713	0.00483	0.00441
44	0.13578	0.07587	0.16293	0.05524	0.28713	0.14549	0.01308	0.01666	0.01151	0.03820	0.00900	0.01099	0.00715	0.00484	0.00456	0.00150	0.00654	0.00383	0.00265	0.00708
45	0.01917	0.02445	0.01454	0.01322	0.01586	0.79907	0.00991	0.02049	0.01454	0.01256	0.00793	0.00925	0.00661	0.00529	0.00463	0.00132	0.00925	0.00330	0.00264	0.00595
46	0.01063	0.00917	0.01088	0.02807	0.01278	0.00716	0.00641	0.01291	0.01056	0.01653	0.00906	0.01073	0.00756	0.00396	0.00414	0.00082	0.02283	0.00311	0.00300	0.80968
47	0.01847	0.01376	0.01471	0.01149	0.01539	0.01530	0.00943	0.66391	0.11614	0.03073	0.01346	0.01330	0.00967	0.00625	0.00511	0.00156	0.00538	0.00477	0.02259	0.00857
48	0.00625	0.00447	0.00595	0.00714	0.00744	0.00417	0.00476	0.00714	0.00982	0.01310	0.02828	0.81633	0.03394	0.01608	0.00655	0.00208	0.00298	0.01459	0.00476	0.00417
49	0.00683	0.00490	0.00640	0.00731	0.00791	0.00465	0.00528	0.00805	0.01038	0.01371	0.06849	0.49198	0.08174	0.09198	0.00847	0.00237	0.00348	0.16718	0.00464	0.00423
50	0.01559	0.03709	0.01745	0.10045	0.26738	0.28858	0.03423	0.11993	0.04009	0.01706	0.00969	0.01168	0.00775	0.00516	0.00492	0.00148	0.00721	0.00417	0.00298	0.00712
51	0.56811	0.01226	0.01140	0.02812	0.04239	0.11185	0.07435	0.04854	0.01063	0.02096	0.00811	0.00965	0.00633	0.00488	0.00383	0.00156	0.00524	0.00337	0.02248	0.00595
52	0.02271	0.00924	0.01222	0.00937	0.01335	0.00829	0.00774	0.09178	0.01553	0.72325	0.01953	0.01700	0.01235	0.00633	0.00516	0.00158	0.00448	0.00511	0.00624	0.00873
53	0.01034	0.00753	0.00891	0.00803	0.01003	0.00780	0.00618	0.03521	0.25676	0.07168	0.47353	0.03024	0.03471	0.00899	0.00571	0.00165	0.00315	0.00779	0.00555	0.00623
54	0.00723	0.00524	0.00682	0.00642	0.00765	0.00483	0.00482	0.00962	0.01445	0.02040	0.76586	0.03862	0.06762	0.01056	0.00605	0.00162	0.00243	0.00932	0.00563	0.00483
55	0.00764	0.00546	0.00755	0.00873	0.00964	0.00536	0.00718	0.00954	0.01119	0.01465	0.02751	0.29427	0.03090	0.01477	0.00692	0.00228	0.00418	0.52294	0.00474	0.00455
56	0.01372	0.82276	0.02689	0.00878	0.01317	0.02030	0.00878	0.01536	0.01043	0.01207	0.00713	0.00823	0.00658	0.00439	0.00329	0.00110	0.00549	0.00274	0.00219	0.00658
57	0.00723	0.00524	0.00682	0.00642	0.00765	0.00483	0.00482	0.00963	0.01445	0.02041	0.76678	0.03860	0.06670	0.01055	0.00605	0.00162	0.00243	0.00932	0.00563	0.00483
58	0.85592	0.00992	0.00754	0.00675	0.00992	0.01151	0.00556	0.01508	0.00873	0.02302	0.00714	0.00834	0.00556	0.00476	0.00318	0.00159	0.00397	0.00278	0.00318	0.00556
59	0.00956	0.00478	0.00478	0.00478	0.00598	0.00478	0.00359	0.01196	0.01076	0.01913	0.01674	0.01913	0.01315	0.00598	0.00359	0.00120	0.00239	0.00478	0.84816	0.00478
60	0.85592	0.00992	0.00754	0.00675	0.00992	0.01151	0.00556	0.01508	0.00873	0.02302	0.00714	0.00834	0.00556	0.00476	0.00318	0.00159	0.00397	0.00278	0.00318	0.00556
61	0.01276	0.01102	0.01160	0.01044	0.01334	0.01276	0.00812	0.02727	0.77840	0.02146	0.02088	0.01914	0.01566	0.00696	0.00522	0.00174	0.00406	0.00580	0.00522	0.00812
62	0.85592	0.00992	0.00754	0.00675	0.00992	0.01151	0.00556	0.01508	0.00873	0.02302	0.00714	0.00834	0.00556	0.00476	0.00318	0.00159	0.00397	0.00278	0.00318	0.00556
63	0.00606	0.00520	0.00520	0.00520	0.00693	0.00433	0.00390	0.00736	0.01170	0.01386	0.05198	0.04938	0.78558	0.01299	0.00606	0.00173	0.00260	0.01083	0.00476	0.00433
64	0.00625	0.00447	0.00595	0.00714	0.00744	0.00417	0.00476	0.00714	0.00982	0.01310	0.02828	0.81633	0.03394	0.01608	0.00655	0.00208	0.00298	0.01459	0.00476	0.00417
65	0.01951	0.01437	0.01540	0.01181	0.01591	0.01591	0.00975	0.77056	0.02412	0.03234	0.01232	0.01232	0.00873	0.00616	0.00513	0.00154	0.00565	0.00462	0.00513	0.00873
66	0.00625	0.00447	0.00595	0.00714	0.00744	0.00417	0.00476	0.00714	0.00982	0.01310	0.02828	0.81633	0.03394	0.01608	0.00655	0.00208	0.00298	0.01459	0.00476	0.00417
67	0.00746	0.00497	0.00560	0.00560	0.00560	0.00497	0.00311	0.00746	0.00746	0.00995	0.01617	0.03358	0.01865	0.81967	0.02612	0.00497	0.00497	0.00746	0.00311	0.00311
68	0.02283	0.00903	0.01209	0.00927	0.01325	0.00799	0.00766	0.06468	0.01519	0.75084	0.01982	0.01719	0.01249	0.00634	0.00516	0.00159	0.00443	0.00513	0.00629	0.00873
69	0.02302	0.00873	0.01191	0.00913	0.01310	0.00754	0.00754	0.02501	0.01469	0.79122	0.02024	0.01746	0.01270	0.00635	0.00516	0.00159	0.00437	0.00516	0.00635	0.00873
70	0.01218	0.01318	0.02698	0.05563	0.24533	0.01269	0.52308	0.01611	0.01191	0.01640	0.01012	0.01351	0.00785	0.00443	0.00574	0.00167	0.00785	0.00557	0.00257	0.00722
71	0.07099	0.00880	0.01166	0.00899	0.01292	0.00777	0.00743	0.02443	0.01434	0.74698	0.01949	0.01694	0.01229	0.00626	0.00505	0.00159	0.00434	0.00502	0.00617	0.00855
72	0.85592	0.00992	0.00754	0.00675	0.00992	0.01151	0.00556	0.01508	0.00873	0.02302	0.00714	0.00834	0.00556	0.00476	0.00318	0.00159	0.00397	0.00278	0.00318	0.00556
73	0.02302	0.00873	0.01191	0.00913	0.01310	0.00754	0.00754	0.02501	0.01469	0.79122	0.02024	0.01746	0.01270	0.00635	0.00516	0.00159	0.00437	0.00516	0.00635	0.00873
74	0.01951	0.01437	0.01540	0.01181	0.01591	0.01591	0.00975	0.77056	0.02412	0.03234	0.01232	0.01232	0.00873	0.00616	0.00513	0.00154	0.00565	0.00462	0.00513	0.00873
75	0.01012	0.00955	0.01606	0.64705	0.16754	0.01134	0.01422	0.01341	0.01055	0.01378	0.01045	0.01454	0.02951	0.00526	0.00515	0.00168	0.00659	0.00474	0.00240	0.00609
76	0.00726	0.00524	0.00686	0.00646	0.00767	0.00484	0.00484	0.00968	0.01452	0.02058	0.78496	0.03833	0.04841	0.01049	0.00605	0.00161	0.00242	0.00928	0.00565	0.00484
77	0.00677	0.00576	0.00583	0.00575	0.00730	0.02739	0.00426	0.00819	0.01196	0.01469	0.16747	0.04556	0.57726	0.06530	0.00736	0.00193	0.00296	0.02513	0.00474	0.00439
78	0.02270	0.00925	0.01223	0.00937	0.01335	0.00830	0.00774	0.09292	0.01555	0.72209	0.01952	0.01700	0.01234	0.00633	0.00516	0.00158	0.00448	0.00511	0.00624	0.00873
79	0.00707	0.00524	0.00659	0.00625	0.00755	0.00476	0.00469	0.00931	0.01407	0.01949	0.66689	0.04011	0.16716	0.01089	0.00605	0.00163	0.00245	0.00953	0.00551	0.00476
80	0.01096	0.18201	0.64348	0.01348	0.02044	0.01355	0.01697	0.01608	0.01075	0.01543	0.00880	0.01032	0.00652	0.00478	0.00457	0.00152	0.00717	0.00359	0.00217	0.00739
81	0.16491	0.00894	0.01116	0.00872	0.01256	0.00822	0.00720	0.02332	0.01367	0.66035	0.01801	0.01591	0.01148	0.00608	0.00482	0.00159	0.00430	0.00475	0.00581	0.00819
82	0.01951	0.01437	0.01540	0.01181	0.01591	0.01591	0.00975	0.77056	0.02412	0.03234	0.01232	0.01232	0.00873	0.00616	0.00513	0.00154	0.00565	0.00462	0.00513	0.00873
83	0.01420	0.08108	0.45465	0.01240	0.01825	0.01153	0.01422	0.05535	0.01235	0.21578	0.01247	0.03343	0.00893	0.00568	0.00520	0.00160	0.02730	0.00440	0.00346	0.00772
84	0.01270	0.01219	0.02083	0.03149	0.78767	0.01219	0.01575	0.01575	0.01168	0.01676	0.00965	0.01270	0.00813	0.00457	0.00508	0.00152	0.00610	0.00457	0.00254	0.00813
85	0.00827	0.00591	0.00827	0.00945	0.01063	0.00591	0.00827	0.01063	0.01181	0.01536	0.02717	0.05788	0.02953	0.01417	0.00709	0.00236	0.00472	0.75313	0.00472	0.00472
86	0.02165	0.00904	0.01186	0.00917	0.01296	0.00819	0.00754	0.09822	0.01552	0.66284	0.05233	0.01789	0.01386	0.00650	0.00516	0.00157	0.00436	0.00527	0.02760	0.00846
87	0.03695	0.01141	0.02975	0.01217	0.08343	0.01136	0.00919	0.23612	0.14080	0.34874	0.01664	0.01551	0.01136	0.00617	0.00511	0.00159	0.00489	0.00498	0.00533	0.00849
88	0.00727	0.00527	0.00687	0.00654	0.00776	0.00487	0.00495	0.00966	0.01435	0.02020	0.73713	0.03936	0.06692	0.01069	0.00609	0.00165	0.00251	0.03751	0.00559	0.00482
89	0.02302	0.00873	0.01191	0.00913	0.01310	0.00754	0.00754	0.02501	0.01469	0.79122	0.02024	0.01746	0.01270	0.00635	0.00516	0.00159	0.00437	0.00516	0.00635	0.00873
90	0.01504	0.01121	0.01268	0.01169	0.05952	0.01242	0.00870	0.12244	0.53036	0.12845	0.01902	0.01765	0.01391	0.00663	0.00519	0.00168	0.00443	0.00549	0.00521	0.00828
91	0.01160	0.01353	0.07287	0.09022	0.12300	0.01246	0.49929	0.01552	0.01155	0.01587	0.01063	0.04379	0.00861	0.00511	0.00626	0.00173	0.04266	0.00585	0.00260	0.00685
92	0.00637	0.00521	0.00562	0.00552	0.00712	0.00446	0.00414	0.00796	0.01242	0.01559	0.24015	0.04654	0.59634	0.01235	0.00606	0.00170	0.00255	0.01043	0.00499	0.00446
93	0.02169	0.00844	0.01148	0.00890	0.01264	0.00731	0.00731	0.02371	0.01467	0.72598	0.08498	0.01923	0.01572	0.00670	0.00524	0.00159	0.00420	0.00551	0.00629	0.00840
94	0.01233	0.01227	0.04267	0.06335	0.71227	0.01193	0.01548	0.01542	0.01155	0.01649	0.01012	0.03444	0.00872	0.00492	0.00512	0.00155	0.00609	0.00482	0.00258	0.00790
95	0.01475	0.61925	0.04419	0.01045	0.04319	0.10902	0.00945	0.05092	0.01171	0.03532	0.00798	0.00903	0.00691	0.00465	0.00369	0.00119	0.00597	0.00306	0.00251	0.00675
96	0.01917	0.02445	0.01454	0.01322	0.01586	0.79907	0.00991	0.02049	0.01454	0.01256	0.00793	0.00925	0.00661	0.00529	0.00463	0.00132	0.00925	0.00330	0.00264	0.00595

[dist]
# distance from previous block
# <min> <max>
1	19

[block]
# block no. 6 follows, 48 sequences, length 16
# corresponding to MSA columns:
# 460-475
name=unknown_G
#
# <colnr> <probs for GDERKNQSTAVLIFYWHMCP>
#	G	D	E	R	K	N	Q	S	T	A	V	L	I	F	Y	W	H	M	C	P
0	0.16486	0.05099	0.01343	0.03861	0.03825	0.04862	0.02404	0.15504	0.01367	0.02149	0.01216	0.01478	0.00997	0.00740	0.01950	0.00190	0.11252	0.00459	0.17054	0.07764
1	0.01807	0.01519	0.01512	0.01463	0.11278	0.17408	0.01021	0.18827	0.18677	0.11496	0.01586	0.04155	0.01251	0.00725	0.00572	0.00183	0.00629	0.00544	0.00486	0.04861
2	0.65178	0.01104	0.03310	0.03236	0.03284	0.01177	0.13017	0.01530	0.00945	0.02134	0.00784	0.00955	0.00604	0.00470	0.00379	0.00161	0.00496	0.00343	0.00301	0.00590
3	0.00795	0.00572	0.00771	0.00793	0.05259	0.00530	0.00550	0.01030	0.01412	0.04179	0.66803	0.05682	0.07600	0.01028	0.00598	0.00163	0.00271	0.00909	0.00543	0.00510
4	0.00660	0.00525	0.00599	0.00621	0.00765	0.00464	0.00478	0.00821	0.01200	0.01509	0.16334	0.11598	0.48787	0.01304	0.00626	0.00184	0.00292	0.12295	0.00490	0.00446
5	0.01303	0.06531	0.43444	0.01558	0.11145	0.08959	0.01529	0.12050	0.05460	0.01821	0.01008	0.01141	0.00751	0.00514	0.00484	0.00155	0.00700	0.00400	0.00283	0.00762
6	0.00720	0.00524	0.00678	0.00639	0.00763	0.00482	0.00480	0.00957	0.01439	0.02025	0.74895	0.03887	0.08463	0.01061	0.00605	0.00162	0.00243	0.00936	0.00560	0.00482
7	0.00859	0.00555	0.00723	0.00664	0.00811	0.00506	0.00504	0.01092	0.01442	0.08770	0.68695	0.03697	0.07658	0.01023	0.00597	0.00162	0.00260	0.00898	0.00567	0.00516
8	0.01248	0.01338	0.02064	0.06346	0.04390	0.09009	0.26659	0.03622	0.01066	0.01450	0.00847	0.01214	0.00718	0.00661	0.01064	0.00191	0.36747	0.00491	0.00249	0.00626
9	0.43928	0.01033	0.00893	0.00789	0.01076	0.04408	0.00631	0.09241	0.15547	0.02258	0.01186	0.01258	0.00907	0.00554	0.00388	0.00154	0.00411	0.00388	0.14324	0.00624
10	0.00899	0.00692	0.01030	0.01302	0.13658	0.00692	0.00948	0.01146	0.01179	0.01558	0.02433	0.05056	0.02606	0.01262	0.00676	0.00223	0.00495	0.63180	0.00437	0.00528
11	0.00967	0.00580	0.00747	0.00673	0.00846	0.00522	0.00516	0.01188	0.01420	0.14466	0.57053	0.03631	0.13362	0.01013	0.00591	0.00162	0.00276	0.00880	0.00565	0.00541
12	0.01029	0.02654	0.79309	0.01462	0.02221	0.01192	0.01896	0.01625	0.01083	0.01625	0.00921	0.01083	0.00650	0.00487	0.00487	0.00162	0.00758	0.00379	0.00217	0.00758
13	0.01135	0.18624	0.60670	0.01339	0.02013	0.04659	0.01654	0.01625	0.01091	0.01526	0.00874	0.01024	0.00652	0.00479	0.00455	0.00151	0.00723	0.00356	0.00219	0.00731
14	0.00628	0.00456	0.00593	0.00695	0.00741	0.00421	0.00469	0.00728	0.01019	0.01350	0.06427	0.71605	0.09864	0.01556	0.00649	0.00203	0.00292	0.01403	0.00480	0.00421
