[name]
unknown

[dist]
# distance from previous block
# <min> <max>
0	83

[block]
# block no. 0 follows, 44 sequences, length 30
# corresponding to MSA columns:
# 85-114
name=unknown_A
#
# <colnr> <probs for GDERKNQSTAVLIFYWHMCP>
#	G	D	E	R	K	N	Q	S	T	A	V	L	I	F	Y	W	H	M	C	P
0	0.13126	0.12356	0.01542	0.02727	0.09406	0.21751	0.00972	0.03387	0.07792	0.06419	0.04881	0.01852	0.01301	0.00690	0.00521	0.00165	0.01819	0.08239	0.00372	0.00683
1	0.01405	0.01182	0.04700	0.11071	0.35979	0.01153	0.01308	0.07679	0.01353	0.11919	0.01790	0.01942	0.11316	0.00675	0.00609	0.00172	0.04014	0.00581	0.00372	0.00779
2	0.04892	0.01035	0.01413	0.01307	0.11765	0.00948	0.04366	0.02952	0.05794	0.27047	0.01635	0.01644	0.04346	0.00595	0.00544	0.00146	0.02996	0.00494	0.00453	0.25627
3	0.00947	0.00473	0.00710	0.00710	0.00710	0.00473	0.00473	0.00710	0.00710	0.00947	0.00947	0.01657	0.00947	0.01894	0.02131	0.84138	0.00473	0.00473	0.00237	0.00237
4	0.01103	0.01035	0.01708	0.57364	0.18424	0.01186	0.01471	0.01448	0.01124	0.01504	0.00980	0.01405	0.00761	0.00521	0.00532	0.00169	0.00683	0.00471	0.00255	0.07855
5	0.00758	0.00675	0.00654	0.00635	0.00812	0.05135	0.00476	0.00925	0.01333	0.01635	0.22399	0.04711	0.55394	0.01268	0.00635	0.00178	0.00314	0.01063	0.00515	0.00483
6	0.00677	0.00554	0.00598	0.00587	0.00756	0.00474	0.00440	0.00846	0.01320	0.01656	0.23930	0.04945	0.58696	0.01312	0.00644	0.00181	0.00271	0.01108	0.00530	0.00474
7	0.01108	0.00969	0.01243	0.18322	0.01840	0.00835	0.00839	0.01377	0.01122	0.01691	0.00969	0.01202	0.00790	0.00435	0.00435	0.00103	0.00476	0.00359	0.00305	0.65580
8	0.01040	0.00979	0.01653	0.77118	0.06088	0.01214	0.01519	0.01402	0.01095	0.01405	0.00971	0.01450	0.00731	0.00543	0.00545	0.00181	0.00724	0.00485	0.00243	0.00614
9	0.01229	0.01027	0.01183	0.00854	0.01334	0.00827	0.00687	0.09117	0.01280	0.01950	0.01004	0.01149	0.00820	0.00430	0.00419	0.00089	0.00424	0.00341	0.00346	0.75490
10	0.00707	0.00507	0.00645	0.00705	0.00766	0.00473	0.00478	0.00831	0.01146	0.01546	0.21168	0.46103	0.08823	0.12331	0.00963	0.00248	0.00328	0.01281	0.00505	0.00446
11	0.00695	0.00499	0.00663	0.00764	0.00819	0.00467	0.00534	0.00825	0.01132	0.01520	0.13153	0.63014	0.05135	0.01606	0.00692	0.00216	0.00322	0.06970	0.00519	0.00457
12	0.01143	0.13504	0.67767	0.01469	0.02229	0.01388	0.01867	0.01714	0.01145	0.01666	0.00948	0.01113	0.00692	0.00511	0.00495	0.00165	0.00775	0.00388	0.00231	0.00791
13	0.01341	0.01122	0.01212	0.01105	0.01397	0.01280	0.00877	0.07708	0.61067	0.02272	0.02247	0.02545	0.01814	0.00838	0.00581	0.00192	0.00453	0.10583	0.00547	0.00818
14	0.00815	0.00894	0.11254	0.00809	0.01043	0.00650	0.00719	0.01162	0.05852	0.01916	0.41394	0.10372	0.18804	0.01116	0.00626	0.00179	0.00351	0.00966	0.00520	0.00558
15	0.00664	0.00474	0.00633	0.00759	0.00791	0.00443	0.00506	0.00759	0.01044	0.01392	0.03005	0.80485	0.03606	0.01708	0.00696	0.00221	0.00316	0.01550	0.00506	0.00443
16	0.01743	0.02101	0.01629	0.12228	0.08463	0.52534	0.01186	0.01927	0.01375	0.01378	0.00861	0.01103	0.00721	0.00598	0.00653	0.00159	0.10032	0.00395	0.00270	0.00644
17	0.01899	0.02376	0.01557	0.12058	0.01968	0.68092	0.01116	0.02070	0.01483	0.01342	0.00860	0.01047	0.00706	0.00560	0.00499	0.00146	0.00948	0.00369	0.00276	0.00628
18	0.01048	0.00976	0.01378	0.01224	0.01254	0.01315	0.00998	0.01185	0.00846	0.01287	0.00989	0.01588	0.00970	0.05381	0.25561	0.00448	0.52218	0.00524	0.00259	0.00551
19	0.06012	0.00870	0.01151	0.00909	0.01277	0.00772	0.00742	0.02327	0.01528	0.61266	0.14997	0.02192	0.01967	0.00743	0.00555	0.00169	0.00426	0.00612	0.00646	0.00841
20	0.01136	0.04644	0.02331	0.12109	0.02368	0.02328	0.42001	0.01467	0.01176	0.01561	0.01453	0.13063	0.02782	0.05481	0.00789	0.00208	0.03410	0.00747	0.00309	0.00638
21	0.01271	0.01263	0.01507	0.16553	0.01845	0.11924	0.01137	0.04896	0.01084	0.01469	0.00938	0.01352	0.00822	0.01058	0.07850	0.00259	0.38445	0.00473	0.05250	0.00604
22	0.01326	0.01073	0.01442	0.01192	0.01365	0.01276	0.00981	0.01486	0.01013	0.11857	0.01070	0.04702	0.00949	0.00819	0.01245	0.00191	0.46817	0.00497	0.00330	0.20370
23	0.00976	0.00892	0.01445	0.58407	0.06547	0.01055	0.01290	0.01304	0.01172	0.01526	0.11752	0.02132	0.07924	0.00692	0.00567	0.00180	0.00620	0.00610	0.00315	0.00593
24	0.00772	0.00557	0.00729	0.00686	0.00814	0.00514	0.00514	0.01029	0.01543	0.02186	0.77152	0.04072	0.05144	0.01115	0.00643	0.00171	0.00257	0.00986	0.00600	0.00514
25	0.01199	0.00973	0.01132	0.00841	0.01270	0.02358	0.00672	0.01434	0.01190	0.06320	0.07589	0.01426	0.01208	0.00504	0.00484	0.00101	0.03222	0.00400	0.00364	0.67315
26	0.01290	0.01462	0.03169	0.02347	0.06383	0.01375	0.71964	0.01743	0.01285	0.01748	0.01099	0.01465	0.00829	0.00461	0.00638	0.00183	0.00906	0.00636	0.00275	0.00741
27	0.01130	0.00969	0.01130	0.00807	0.01292	0.00727	0.00646	0.01373	0.01130	0.01776	0.00969	0.01130	0.00807	0.00404	0.00404	0.00081	0.00404	0.00323	0.00323	0.84173
28	0.00688	0.00490	0.00627	0.00721	0.00759	0.00460	0.00475	0.00776	0.01034	0.01375	0.05835	0.61953	0.06901	0.13981	0.01015	0.00265	0.00345	0.01391	0.00482	0.00429
29	0.00662	0.00534	0.00579	0.00605	0.00743	0.00463	0.00433	0.00788	0.01184	0.01458	0.07562	0.21418	0.53938	0.06179	0.00782	0.00212	0.00299	0.01209	0.00499	0.00451

[dist]
# distance from previous block
# <min> <max>
0	1

[block]
# block no. 1 follows, 44 sequences, length 12
# corresponding to MSA columns:
# 116-127
name=unknown_B
#
# <colnr> <probs for GDERKNQSTAVLIFYWHMCP>
#	G	D	E	R	K	N	Q	S	T	A	V	L	I	F	Y	W	H	M	C	P
0	0.00688	0.00489	0.00627	0.00723	0.00759	0.00459	0.00476	0.00775	0.01031	0.01372	0.05667	0.62845	0.06159	0.13996	0.01016	0.00266	0.00346	0.01396	0.00482	0.00429
1	0.01193	0.01193	0.01670	0.01431	0.01431	0.01670	0.01193	0.01312	0.00835	0.01312	0.00716	0.01193	0.00716	0.00954	0.01789	0.00239	0.79843	0.00477	0.00239	0.00596
2	0.84691	0.01054	0.00801	0.00717	0.01054	0.01223	0.00590	0.01603	0.00928	0.02446	0.00759	0.00886	0.00590	0.00506	0.00337	0.00169	0.00422	0.00295	0.00337	0.00590
3	0.01130	0.00969	0.01130	0.00807	0.01292	0.00727	0.00646	0.01373	0.01130	0.01776	0.00969	0.01130	0.00807	0.00404	0.00404	0.00081	0.00404	0.00323	0.00323	0.84173
4	0.01030	0.00969	0.01635	0.79530	0.03755	0.01211	0.01514	0.01393	0.01090	0.01393	0.00969	0.01453	0.00727	0.00545	0.00545	0.00182	0.00727	0.00484	0.00242	0.00606
5	0.84691	0.01054	0.00801	0.00717	0.01054	0.01223	0.00590	0.01603	0.00928	0.02446	0.00759	0.00886	0.00590	0.00506	0.00337	0.00169	0.00422	0.00295	0.00337	0.00590
6	0.00933	0.00623	0.00802	0.00729	0.00889	0.00584	0.00555	0.04424	0.01589	0.06932	0.69150	0.03813	0.04722	0.01067	0.00633	0.00171	0.00285	0.00937	0.00602	0.00558
7	0.84691	0.01054	0.00801	0.00717	0.01054	0.01223	0.00590	0.01603	0.00928	0.02446	0.00759	0.00886	0.00590	0.00506	0.00337	0.00169	0.00422	0.00295	0.00337	0.00590
8	0.01349	0.01295	0.02213	0.03346	0.77440	0.01295	0.01673	0.01673	0.01241	0.01781	0.01025	0.01349	0.00864	0.00486	0.00540	0.00162	0.00648	0.00486	0.00270	0.00864
9	0.01457	0.01218	0.01333	0.06898	0.01637	0.01404	0.00941	0.15485	0.58014	0.02417	0.01968	0.01865	0.01467	0.00710	0.00552	0.00181	0.00483	0.00585	0.00530	0.00855
10	0.01470	0.01227	0.01297	0.01132	0.01461	0.01409	0.00890	0.14419	0.64748	0.02464	0.02075	0.01919	0.01547	0.00726	0.00553	0.00182	0.00458	0.00596	0.00553	0.00873
11	0.00670	0.00489	0.00631	0.00732	0.00787	0.00450	0.00497	0.00781	0.01102	0.01459	0.08728	0.66890	0.11518	0.01630	0.00687	0.00214	0.00308	0.01466	0.00513	0.00450

[dist]
# distance from previous block
# <min> <max>
0	1

[block]
# block no. 2 follows, 44 sequences, length 23
# corresponding to MSA columns:
# 129-151
name=unknown_C
#
# <colnr> <probs for GDERKNQSTAVLIFYWHMCP>
#	G	D	E	R	K	N	Q	S	T	A	V	L	I	F	Y	W	H	M	C	P
0	0.00685	0.00489	0.00645	0.00742	0.00787	0.00457	0.00501	0.00801	0.01108	0.01497	0.13992	0.66132	0.03772	0.04684	0.00768	0.00226	0.00316	0.01437	0.00513	0.00449
1	0.01302	0.10488	0.36370	0.03866	0.04360	0.12673	0.04644	0.01690	0.01148	0.01535	0.00891	0.01135	0.00710	0.00602	0.00752	0.00175	0.16282	0.00413	0.00243	0.00721
2	0.05557	0.01149	0.08832	0.67877	0.03477	0.01217	0.01512	0.01436	0.01087	0.01481	0.00959	0.01394	0.00716	0.00540	0.00531	0.00180	0.00718	0.00467	0.00246	0.00624
3	0.00688	0.00502	0.00670	0.00784	0.00823	0.00484	0.00540	0.00792	0.01053	0.01403	0.02992	0.73212	0.05018	0.01672	0.00726	0.00223	0.02360	0.05109	0.00499	0.00450
4	0.00733	0.00535	0.00738	0.04729	0.01007	0.00528	0.00632	0.00873	0.01078	0.01428	0.02802	0.56928	0.03262	0.04109	0.02644	0.00251	0.00409	0.16373	0.00482	0.00461
5	0.16965	0.08168	0.16164	0.02509	0.11718	0.05878	0.01098	0.01595	0.01134	0.01820	0.00914	0.01092	0.00735	0.00473	0.00434	0.00134	0.00572	0.00356	0.00289	0.27952
6	0.01345	0.21705	0.24708	0.08665	0.09465	0.11334	0.08265	0.01706	0.01190	0.01523	0.00909	0.01139	0.00728	0.00526	0.00552	0.00159	0.04695	0.00410	0.00247	0.00728
7	0.00936	0.00474	0.00707	0.00712	0.00713	0.00472	0.00475	0.00712	0.00723	0.00964	0.01027	0.04737	0.01051	0.01887	0.02075	0.80859	0.00467	0.00516	0.00247	0.00245
8	0.01873	0.02064	0.01495	0.08713	0.01805	0.49358	0.01043	0.17433	0.01685	0.01832	0.01022	0.01174	0.00803	0.00585	0.00500	0.00148	0.00824	0.00405	0.06554	0.00682
9	0.01361	0.04633	0.13011	0.09187	0.46837	0.03550	0.02665	0.07112	0.03129	0.01841	0.01049	0.01316	0.00840	0.00515	0.00531	0.00164	0.00679	0.00468	0.00288	0.00823
10	0.43430	0.07667	0.04129	0.00832	0.01241	0.03126	0.00719	0.01648	0.03025	0.05859	0.00934	0.01043	0.00731	0.00491	0.00384	0.00140	0.00462	0.00329	0.00342	0.23467
11	0.03419	0.00969	0.01128	0.00820	0.01279	0.00762	0.00657	0.01370	0.01126	0.01791	0.02627	0.01190	0.00894	0.00438	0.00446	0.00090	0.02623	0.00341	0.00327	0.77705
12	0.01193	0.01193	0.01670	0.01431	0.01431	0.01670	0.01193	0.01312	0.00835	0.01312	0.00716	0.01193	0.00716	0.00954	0.01789	0.00239	0.79843	0.00477	0.00239	0.00596
13	0.01141	0.00686	0.00866	0.00797	0.00988	0.00652	0.00607	0.07257	0.01417	0.15724	0.24140	0.20625	0.13599	0.01421	0.07267	0.00243	0.00441	0.00982	0.00549	0.00597
14	0.01570	0.01067	0.01204	0.01042	0.01362	0.01159	0.00821	0.04734	0.50134	0.19567	0.09282	0.02166	0.01901	0.00758	0.00561	0.00179	0.00427	0.00632	0.00586	0.00847
15	0.44531	0.00993	0.01028	0.00840	0.01219	0.01017	0.00693	0.02117	0.01237	0.39249	0.01439	0.01359	0.00961	0.00588	0.00440	0.00169	0.00442	0.00419	0.00502	0.00755
16	0.00782	0.00570	0.00803	0.00801	0.00876	0.00639	0.00591	0.00932	0.00880	0.01248	0.04192	0.02555	0.01646	0.22555	0.57562	0.00767	0.01192	0.00649	0.00312	0.00450
17	0.00759	0.00553	0.00714	0.00682	0.00809	0.00508	0.00508	0.01002	0.01502	0.02107	0.69462	0.07779	0.09255	0.01158	0.00646	0.00175	0.00261	0.01022	0.00590	0.00508
18	0.01512	0.73719	0.02732	0.00978	0.01426	0.09410	0.00944	0.01684	0.01149	0.01288	0.00766	0.00885	0.00700	0.00475	0.00363	0.00119	0.00621	0.00297	0.00238	0.00693
19	0.00755	0.00513	0.00606	0.00642	0.00652	0.00504	0.00381	0.00783	0.00866	0.01154	0.02092	0.25950	0.02455	0.57813	0.02170	0.00439	0.00467	0.01013	0.00381	0.00363
20	0.05385	0.00901	0.01164	0.00965	0.01276	0.00873	0.00773	0.09029	0.01463	0.45882	0.02063	0.16090	0.01660	0.01052	0.04848	0.00219	0.04282	0.00713	0.00576	0.00785
21	0.10746	0.04033	0.17316	0.03796	0.01960	0.01370	0.16704	0.12405	0.01345	0.09302	0.01140	0.03114	0.00878	0.00632	0.00724	0.00183	0.12753	0.00505	0.00348	0.00747
22	0.01550	0.06068	0.03088	0.08618	0.01808	0.03505	0.06036	0.29834	0.02819	0.04047	0.01222	0.05046	0.00989	0.00628	0.00577	0.00153	0.04531	0.00500	0.00405	0.18575

[dist]
# distance from previous block
# <min> <max>
0	13

[block]
# block no. 3 follows, 44 sequences, length 8
# corresponding to MSA columns:
# 165-172
name=unknown_D
#
# <colnr> <probs for GDERKNQSTAVLIFYWHMCP>
#	G	D	E	R	K	N	Q	S	T	A	V	L	I	F	Y	W	H	M	C	P
0	0.01545	0.04480	0.01622	0.05605	0.01700	0.01293	0.09771	0.28052	0.04990	0.08778	0.01946	0.01990	0.12830	0.00739	0.00641	0.00169	0.06071	0.00601	0.00452	0.06726
1	0.05468	0.00854	0.01221	0.06983	0.01418	0.00870	0.09568	0.04358	0.05552	0.10963	0.07567	0.02241	0.01607	0.16339	0.11387	0.00328	0.00647	0.00616	0.07606	0.04407
2	0.01130	0.00969	0.01130	0.00807	0.01292	0.00727	0.00646	0.01373	0.01130	0.01776	0.00969	0.01130	0.00807	0.00404	0.00404	0.00081	0.00404	0.00323	0.00323	0.84173
3	0.00958	0.00539	0.00771	0.00732	0.00796	0.00517	0.00507	0.00806	0.00771	0.01066	0.00982	0.01625	0.00957	0.01855	0.06744	0.68897	0.00527	0.00463	0.00250	0.10238
4	0.04495	0.02711	0.01245	0.00988	0.01331	0.01109	0.00785	0.16721	0.19847	0.20077	0.01686	0.01800	0.01280	0.07697	0.02905	0.03067	0.00510	0.00532	0.00502	0.10712
5	0.01573	0.01344	0.08146	0.01258	0.01637	0.01267	0.09822	0.38189	0.01848	0.06420	0.01646	0.16571	0.01487	0.05329	0.00709	0.00199	0.00590	0.00723	0.00473	0.00768
6	0.01104	0.00614	0.00800	0.00760	0.00852	0.00609	0.00534	0.07380	0.01039	0.07899	0.01698	0.13467	0.04962	0.09863	0.01590	0.42042	0.00450	0.00703	0.03219	0.00415
7	0.01717	0.08198	0.01548	0.01132	0.01479	0.06253	0.00931	0.27899	0.07482	0.12094	0.01376	0.04616	0.01086	0.00766	0.02334	0.00178	0.10004	0.00507	0.00451	0.09950

[dist]
# distance from previous block
# <min> <max>
0	22

[block]
# block no. 4 follows, 44 sequences, length 53
# corresponding to MSA columns:
# 195-247
name=unknown_E
#
# <colnr> <probs for GDERKNQSTAVLIFYWHMCP>
#	G	D	E	R	K	N	Q	S	T	A	V	L	I	F	Y	W	H	M	C	P
0	0.07596	0.00986	0.01125	0.00862	0.01277	0.00860	0.00688	0.08897	0.03576	0.09240	0.03954	0.06620	0.01220	0.00584	0.00459	0.00120	0.00420	0.00473	0.00409	0.50635
1	0.01225	0.00966	0.01139	0.03151	0.01349	0.00809	0.00699	0.07009	0.03720	0.05806	0.01385	0.07229	0.03379	0.00578	0.00460	0.00111	0.00422	0.00478	0.00382	0.59704
2	0.01597	0.09258	0.01509	0.06111	0.03714	0.12746	0.00936	0.21815	0.10734	0.06892	0.01516	0.11056	0.01318	0.02666	0.00583	0.00170	0.00587	0.00595	0.00434	0.05760
3	0.00663	0.00480	0.00627	0.00744	0.00787	0.00444	0.00499	0.00761	0.01059	0.01398	0.03192	0.74905	0.09064	0.01684	0.00692	0.00219	0.00313	0.01520	0.00506	0.00444
4	0.11938	0.05034	0.01384	0.01023	0.01408	0.01271	0.00843	0.21985	0.07142	0.07607	0.01177	0.01261	0.00901	0.00589	0.00594	0.00146	0.08579	0.00418	0.00415	0.26288
5	0.01483	0.15860	0.01484	0.01019	0.01307	0.14847	0.00820	0.11611	0.12240	0.05208	0.03836	0.04033	0.01282	0.04180	0.06661	0.06535	0.00649	0.00513	0.03324	0.03108
6	0.00766	0.00501	0.00611	0.00671	0.00752	0.00471	0.00470	0.00927	0.01159	0.01676	0.14115	0.44046	0.08754	0.01330	0.00607	0.00188	0.00289	0.01179	0.21019	0.00471
7	0.01178	0.01072	0.01680	0.45547	0.15447	0.01242	0.03767	0.05199	0.10396	0.01712	0.02951	0.01574	0.01000	0.00584	0.00566	0.00177	0.01938	0.00519	0.02756	0.00695
8	0.03164	0.02580	0.01302	0.10266	0.05976	0.04707	0.00931	0.12340	0.21789	0.08781	0.01961	0.10433	0.05675	0.01056	0.06353	0.00230	0.00588	0.00673	0.00461	0.00733
9	0.01198	0.01184	0.02156	0.23754	0.10827	0.01261	0.27720	0.05723	0.01258	0.01692	0.01341	0.03398	0.03313	0.00663	0.00693	0.00189	0.06624	0.06016	0.00306	0.00682
10	0.00671	0.00486	0.00634	0.00739	0.00789	0.00449	0.00500	0.00781	0.01095	0.01456	0.08683	0.69433	0.08988	0.01641	0.00688	0.00215	0.00309	0.01479	0.00513	0.00449
11	0.01132	0.11185	0.69991	0.01488	0.02257	0.01361	0.01899	0.01716	0.01146	0.01679	0.00955	0.01121	0.00692	0.00512	0.00500	0.00167	0.00782	0.00391	0.00231	0.00794
12	0.01486	0.05409	0.07483	0.06465	0.04248	0.13465	0.14119	0.16302	0.08294	0.01988	0.01304	0.06418	0.01082	0.00663	0.00606	0.00170	0.04582	0.00558	0.04629	0.00730
13	0.13820	0.00946	0.08666	0.00765	0.01059	0.00798	0.00685	0.03890	0.02675	0.15931	0.01607	0.01717	0.01187	0.00614	0.00427	0.00148	0.00388	0.00474	0.43558	0.00647
14	0.00664	0.00477	0.00630	0.00752	0.00789	0.00443	0.00503	0.00760	0.01051	0.01395	0.03093	0.77837	0.06196	0.01696	0.00694	0.00220	0.00315	0.01536	0.00506	0.00443
15	0.01093	0.02820	0.78016	0.01554	0.02360	0.01266	0.02014	0.01727	0.01151	0.01727	0.00978	0.01151	0.00691	0.00518	0.00518	0.00173	0.00806	0.00403	0.00230	0.00806
16	0.12337	0.01336	0.04425	0.01126	0.01521	0.01389	0.00957	0.45329	0.03099	0.10944	0.01417	0.01614	0.01070	0.00929	0.06322	0.00223	0.00628	0.04010	0.00500	0.00826
17	0.00782	0.00558	0.00767	0.00893	0.00976	0.00544	0.00710	0.00962	0.01159	0.01523	0.02940	0.39777	0.03349	0.01597	0.00727	0.00238	0.00418	0.41099	0.00504	0.00475
18	0.01986	0.00949	0.01200	0.00968	0.01327	0.00905	0.00782	0.06667	0.14484	0.49186	0.13377	0.02188	0.01949	0.00751	0.00563	0.00172	0.00435	0.00622	0.00635	0.00855
19	0.01128	0.05466	0.18290	0.16232	0.02114	0.01263	0.08681	0.06892	0.01186	0.01631	0.01457	0.06598	0.06712	0.00957	0.05554	0.00230	0.14049	0.00595	0.00304	0.00661
20	0.01400	0.03096	0.03143	0.21189	0.42141	0.02313	0.03916	0.04299	0.01273	0.08650	0.01111	0.01401	0.00864	0.00533	0.00567	0.00169	0.02346	0.00489	0.00308	0.00792
21	0.44222	0.00992	0.01030	0.00841	0.01220	0.01015	0.00694	0.02121	0.01239	0.39533	0.01444	0.01363	0.00964	0.00589	0.00441	0.00169	0.00442	0.00420	0.00503	0.00756
22	0.00718	0.00553	0.00656	0.00635	0.00783	0.00491	0.00474	0.00923	0.01410	0.01881	0.46657	0.06657	0.33717	0.01237	0.00645	0.00178	0.00266	0.01067	0.00560	0.00491
23	0.01109	0.01289	0.11217	0.17942	0.22971	0.01153	0.13534	0.01449	0.01149	0.01594	0.01365	0.15790	0.01301	0.00745	0.00650	0.00186	0.04867	0.00695	0.00302	0.00692
24	0.00871	0.00652	0.00941	0.12307	0.06938	0.00664	0.00756	0.02758	0.01156	0.03835	0.08042	0.51173	0.02914	0.01321	0.00642	0.00202	0.00405	0.01192	0.02700	0.00530
25	0.84691	0.01054	0.00801	0.00717	0.01054	0.01223	0.00590	0.01603	0.00928	0.02446	0.00759	0.00886	0.00590	0.00506	0.00337	0.00169	0.00422	0.00295	0.00337	0.00590
26	0.01729	0.01152	0.01292	0.01074	0.01409	0.05833	0.03127	0.14572	0.23668	0.23015	0.01918	0.01866	0.03094	0.00944	0.06333	0.00221	0.00576	0.00563	0.06804	0.00809
27	0.00674	0.00539	0.00603	0.00617	0.00762	0.00468	0.00451	0.00829	0.01269	0.01605	0.19841	0.18398	0.49256	0.01384	0.00653	0.00188	0.00279	0.01188	0.00526	0.00468
28	0.23806	0.01315	0.01379	0.01241	0.07164	0.01472	0.00932	0.36251	0.16423	0.02824	0.01319	0.01341	0.00977	0.00619	0.00492	0.00169	0.00523	0.00463	0.00471	0.00820
29	0.10899	0.01557	0.01540	0.01208	0.01622	0.07427	0.00990	0.62189	0.02312	0.03172	0.01215	0.01239	0.00874	0.00632	0.00519	0.00162	0.00610	0.00459	0.00503	0.00869
30	0.01394	0.09526	0.02164	0.09864	0.17273	0.06274	0.15442	0.06270	0.01234	0.03778	0.00971	0.01283	0.00798	0.00615	0.00831	0.00179	0.19420	0.00485	0.00287	0.01912
31	0.01422	0.27923	0.02928	0.01750	0.02250	0.07455	0.43126	0.03809	0.01283	0.01609	0.00975	0.01232	0.00778	0.00475	0.00532	0.00158	0.00804	0.00501	0.00270	0.00721
32	0.00705	0.00555	0.00637	0.00616	0.00774	0.00486	0.00462	0.00901	0.01387	0.01815	0.39884	0.04683	0.42644	0.01253	0.00644	0.00178	0.00267	0.01072	0.00551	0.00486
33	0.00764	0.00520	0.00631	0.00663	0.00684	0.00522	0.00412	0.00814	0.00874	0.01188	0.02023	0.23117	0.02322	0.50804	0.09903	0.00475	0.00562	0.00959	0.02383	0.00379
34	0.01782	0.07164	0.01485	0.01233	0.06937	0.01284	0.00929	0.11480	0.33569	0.25308	0.01891	0.01755	0.01348	0.00671	0.00535	0.00171	0.00489	0.00547	0.00545	0.00878
35	0.01659	0.01016	0.01187	0.01007	0.01332	0.01064	0.00799	0.05950	0.37282	0.27032	0.13363	0.02247	0.02047	0.00771	0.00565	0.00177	0.00424	0.00643	0.00600	0.00835
36	0.00694	0.00495	0.00666	0.00793	0.00837	0.00468	0.00557	0.00810	0.01073	0.01425	0.02989	0.70270	0.03541	0.01680	0.00704	0.00225	0.00342	0.11474	0.00506	0.00451
37	0.03810	0.04166	0.01495	0.01286	0.02936	0.34556	0.00996	0.23530	0.09516	0.02103	0.01337	0.03965	0.01136	0.00706	0.00532	0.00163	0.00727	0.05899	0.00409	0.00732
38	0.01300	0.07243	0.02158	0.16796	0.58538	0.01345	0.01589	0.01620	0.01204	0.01674	0.00995	0.01332	0.00827	0.00495	0.00526	0.00162	0.00657	0.00471	0.00262	0.00805
39	0.01089	0.00726	0.00975	0.09327	0.01194	0.02841	0.00695	0.07009	0.00938	0.01241	0.00991	0.01632	0.00940	0.04771	0.01787	0.56304	0.06413	0.00486	0.00268	0.00374
40	0.01138	0.01112	0.01565	0.01358	0.01371	0.01539	0.01125	0.01267	0.00840	0.01306	0.00814	0.01318	0.00801	0.01368	0.11931	0.00323	0.69504	0.00491	0.00246	0.00582
41	0.53514	0.01202	0.01035	0.00889	0.01230	0.06828	0.00722	0.07950	0.06860	0.11589	0.01089	0.01140	0.00803	0.00572	0.00445	0.00169	0.02500	0.00375	0.00405	0.00683
42	0.00697	0.00515	0.00657	0.00720	0.00803	0.00468	0.00500	0.00836	0.01176	0.01579	0.18833	0.52907	0.12940	0.01506	0.00670	0.00202	0.00301	0.01348	0.00521	0.02820
43	0.03992	0.21639	0.01864	0.03078	0.01582	0.23094	0.01025	0.14585	0.07900	0.01794	0.01000	0.01145	0.00823	0.00631	0.00679	0.00160	0.13562	0.00405	0.00332	0.00712
44	0.18620	0.01151	0.01195	0.01036	0.01364	0.01305	0.00825	0.08658	0.44184	0.10704	0.01789	0.01692	0.01318	0.00684	0.00547	0.00180	0.02896	0.00528	0.00513	0.00811
45	0.02241	0.00967	0.01261	0.00989	0.01385	0.00888	0.00813	0.08928	0.05342	0.62108	0.05757	0.02026	0.01555	0.00717	0.00558	0.00171	0.00465	0.02286	0.00650	0.00894
46	0.00669	0.00478	0.00637	0.00756	0.00792	0.00446	0.00506	0.00772	0.01068	0.01430	0.06579	0.76801	0.03680	0.01679	0.00693	0.00219	0.00313	0.01523	0.00511	0.00446
47	0.01303	0.01151	0.01652	0.42638	0.13903	0.03466	0.01351	0.16345	0.03160	0.01869	0.01108	0.01461	0.00856	0.00830	0.06418	0.00226	0.00745	0.00493	0.00319	0.00706
48	0.01113	0.01259	0.07832	0.49167	0.03319	0.01277	0.22693	0.01517	0.01143	0.01517	0.01000	0.01428	0.00752	0.00531	0.00610	0.00183	0.03227	0.00524	0.00251	0.00657
49	0.00712	0.00540	0.00629	0.00639	0.00756	0.00488	0.00456	0.00860	0.01232	0.01607	0.24993	0.15944	0.32474	0.13224	0.00973	0.00239	0.00320	0.02954	0.00507	0.00455
50	0.00922	0.00579	0.00725	0.00750	0.00878	0.00528	0.00537	0.03019	0.01216	0.10891	0.07046	0.48650	0.19275	0.01453	0.00660	0.00203	0.00330	0.01284	0.00533	0.00523
51	0.26485	0.03613	0.06348	0.07180	0.04022	0.09516	0.16494	0.09840	0.01321	0.04547	0.02921	0.01256	0.00859	0.00554	0.00528	0.00170	0.02860	0.00452	0.00338	0.00696
52	0.22125	0.08754	0.03430	0.02146	0.04124	0.02314	0.06584	0.08521	0.14072	0.02127	0.02698	0.01312	0.00986	0.00544	0.00455	0.00148	0.00515	0.00427	0.00374	0.18343

[dist]
# distance from previous block
# <min> <max>
2	14

[block]
# block no. 5 follows, 44 sequences, length 19
# corresponding to MSA columns:
# 262-280
name=unknown_F
#
# <colnr> <probs for GDERKNQSTAVLIFYWHMCP>
#	G	D	E	R	K	N	Q	S	T	A	V	L	I	F	Y	W	H	M	C	P
0	0.04159	0.06891	0.01464	0.07685	0.05974	0.02619	0.02637	0.24202	0.10793	0.02249	0.05797	0.09482	0.05367	0.00853	0.02388	0.00184	0.00545	0.00642	0.00443	0.05624
1	0.14291	0.15389	0.12415	0.08488	0.11048	0.09115	0.01178	0.12125	0.01352	0.01944	0.00944	0.01118	0.00745	0.00520	0.00458	0.00150	0.00638	0.00386	0.00310	0.07385
2	0.04396	0.03487	0.01797	0.11393	0.30870	0.07260	0.01288	0.17277	0.04657	0.10478	0.01222	0.01382	0.00921	0.00565	0.00528	0.00164	0.00634	0.00477	0.00383	0.00822
3	0.17355	0.01022	0.03048	0.00890	0.01168	0.07004	0.00723	0.04573	0.05607	0.17651	0.22160	0.05384	0.04711	0.00950	0.03128	0.00196	0.00476	0.02787	0.00506	0.00661
4	0.01761	0.01622	0.06812	0.01232	0.01644	0.10901	0.01051	0.41826	0.03839	0.02595	0.01150	0.01239	0.00866	0.00619	0.00613	0.00155	0.06938	0.00443	0.00431	0.14264
5	0.11939	0.00916	0.00970	0.00875	0.01123	0.03368	0.00674	0.02994	0.22465	0.07912	0.23646	0.10800	0.03808	0.00901	0.00558	0.00174	0.00386	0.00758	0.00522	0.05209
6	0.01649	0.01137	0.01420	0.10796	0.06958	0.01174	0.00981	0.30298	0.01746	0.14553	0.01559	0.11663	0.01298	0.00737	0.00546	0.00163	0.00534	0.00614	0.00476	0.11696
7	0.03789	0.17251	0.01514	0.01031	0.03468	0.09121	0.00820	0.03563	0.03844	0.20335	0.17274	0.02040	0.01908	0.05420	0.00733	0.00182	0.05991	0.00570	0.00451	0.00694
8	0.00690	0.00493	0.00663	0.00789	0.00832	0.00465	0.00552	0.00804	0.01070	0.01421	0.02990	0.71400	0.03549	0.01683	0.00703	0.00225	0.00339	0.10376	0.00506	0.00450
9	0.00947	0.00473	0.00710	0.00710	0.00710	0.00473	0.00473	0.00710	0.00710	0.00947	0.00947	0.01657	0.00947	0.01894	0.02131	0.84138	0.00473	0.00473	0.00237	0.00237
10	0.01569	0.16038	0.17834	0.07799	0.11248	0.04436	0.06454	0.16724	0.01501	0.09660	0.01133	0.01268	0.00841	0.00548	0.00509	0.00159	0.00678	0.00447	0.00350	0.00803
11	0.01077	0.01227	0.10971	0.44514	0.14507	0.01205	0.01480	0.01460	0.03070	0.01511	0.01156	0.07694	0.00997	0.00659	0.00639	0.00185	0.06149	0.00563	0.00274	0.00663
12	0.12364	0.00914	0.01166	0.00916	0.01304	0.00830	0.00753	0.02398	0.01482	0.62581	0.07956	0.01914	0.01559	0.00689	0.00530	0.00169	0.00442	0.00552	0.00628	0.00854
13	0.00721	0.00542	0.00668	0.00665	0.00791	0.00488	0.00488	0.00920	0.01381	0.01868	0.46232	0.17690	0.22979	0.01285	0.00653	0.00183	0.00272	0.01126	0.00560	0.00488
14	0.00940	0.00911	0.10203	0.00841	0.01024	0.00730	0.00696	0.09088	0.01200	0.01655	0.10063	0.20069	0.05234	0.26031	0.05589	0.00330	0.00526	0.00893	0.03459	0.00518
15	0.01853	0.01010	0.01486	0.03482	0.03574	0.00974	0.09958	0.05047	0.11154	0.41422	0.06894	0.01954	0.01534	0.00913	0.05963	0.00222	0.00588	0.00595	0.00551	0.00827
16	0.01050	0.00668	0.00849	0.00863	0.01000	0.00657	0.00657	0.06844	0.02896	0.09894	0.02636	0.32962	0.05103	0.11006	0.02194	0.00264	0.00445	0.18965	0.00503	0.00544
17	0.01624	0.01252	0.01509	0.16176	0.01955	0.01429	0.01080	0.41936	0.05458	0.03995	0.05615	0.03582	0.01299	0.00745	0.00662	0.00179	0.06897	0.03355	0.00466	0.00785
18	0.05441	0.01070	0.01515	0.11324	0.17020	0.01103	0.03865	0.14182	0.03454	0.17724	0.15770	0.01977	0.01776	0.00686	0.00558	0.00170	0.00532	0.00595	0.00469	0.00771

[dist]
# distance from previous block
# <min> <max>
9	50

[block]
# block no. 6 follows, 44 sequences, length 88
# corresponding to MSA columns:
# 331-418
name=unknown_G
#
# <colnr> <probs for GDERKNQSTAVLIFYWHMCP>
#	G	D	E	R	K	N	Q	S	T	A	V	L	I	F	Y	W	H	M	C	P
0	0.04874	0.00757	0.01007	0.01176	0.12349	0.00766	0.00752	0.07908	0.01277	0.04107	0.09694	0.31739	0.02498	0.01331	0.06073	0.00235	0.00474	0.03100	0.09293	0.00590
1	0.01870	0.01465	0.05008	0.01174	0.01616	0.04283	0.00992	0.46563	0.08311	0.09720	0.01382	0.01375	0.00991	0.00619	0.00524	0.00154	0.00570	0.00474	0.00503	0.12406
2	0.00939	0.00833	0.00993	0.13477	0.04248	0.07767	0.00822	0.01153	0.01251	0.01596	0.16589	0.18316	0.09781	0.04068	0.00720	0.00210	0.00485	0.15783	0.00445	0.00525
3	0.02751	0.12984	0.48943	0.01361	0.02003	0.01368	0.03482	0.09935	0.01339	0.01914	0.07914	0.01400	0.01125	0.00579	0.00510	0.00164	0.00699	0.00455	0.00303	0.00773
4	0.01149	0.06149	0.59367	0.01676	0.02415	0.01330	0.16881	0.01726	0.01177	0.01710	0.00994	0.01203	0.00719	0.00504	0.00536	0.00172	0.00819	0.00447	0.00240	0.00787
5	0.04890	0.01092	0.10717	0.10417	0.04540	0.00868	0.01939	0.01832	0.01380	0.31609	0.15732	0.02369	0.08730	0.00767	0.00563	0.00173	0.00494	0.00646	0.00505	0.00738
6	0.01866	0.08447	0.01484	0.01074	0.01446	0.01311	0.00882	0.33198	0.09366	0.22292	0.01782	0.11394	0.01426	0.00783	0.00548	0.00170	0.00511	0.00633	0.00547	0.00840
7	0.00939	0.00608	0.00873	0.00841	0.00970	0.00663	0.00652	0.01138	0.01021	0.08354	0.10031	0.02371	0.01805	0.05603	0.57658	0.00695	0.01162	0.00629	0.03461	0.00526
8	0.00880	0.00686	0.01016	0.09895	0.08201	0.00737	0.00841	0.01082	0.01046	0.01417	0.03601	0.08444	0.02056	0.15739	0.22139	0.00449	0.00787	0.20110	0.00368	0.00509
9	0.01138	0.01534	0.20266	0.37005	0.18430	0.01259	0.09496	0.01568	0.01157	0.01590	0.00997	0.01361	0.00757	0.00517	0.00548	0.00176	0.00750	0.00482	0.00249	0.00720
10	0.01122	0.03879	0.69972	0.01707	0.09174	0.01282	0.01967	0.01720	0.01159	0.01725	0.00979	0.01165	0.00706	0.00514	0.00517	0.00171	0.00788	0.00409	0.00234	0.00809
11	0.06373	0.00970	0.01226	0.00964	0.01360	0.00906	0.00790	0.06817	0.07703	0.60044	0.02021	0.01798	0.01315	0.00669	0.00530	0.00168	0.00457	0.00536	0.04466	0.00886
12	0.01013	0.00626	0.00801	0.00802	0.00972	0.00578	0.00637	0.01223	0.02681	0.12716	0.15278	0.15820	0.20397	0.01318	0.00699	0.02058	0.00375	0.20917	0.00540	0.00548
13	0.01175	0.00672	0.00846	0.00785	0.00960	0.00631	0.00580	0.04547	0.03603	0.18414	0.20859	0.24557	0.08685	0.10076	0.00868	0.00226	0.00371	0.01004	0.00550	0.00589
14	0.03760	0.01119	0.01374	0.01055	0.01480	0.01089	0.00872	0.25654	0.01866	0.53043	0.01861	0.01666	0.01203	0.00665	0.00544	0.00167	0.00506	0.00526	0.00628	0.00922
15	0.00669	0.00479	0.00644	0.00764	0.00799	0.00454	0.00514	0.00769	0.01036	0.01386	0.02934	0.76882	0.03503	0.01817	0.04282	0.00252	0.00369	0.01505	0.00496	0.00445
16	0.01484	0.01179	0.01709	0.36787	0.22984	0.07335	0.01375	0.01788	0.01263	0.17015	0.01214	0.01469	0.00888	0.00557	0.00540	0.00170	0.00673	0.00487	0.00341	0.00743
17	0.00676	0.00483	0.00643	0.00751	0.00793	0.00450	0.00507	0.00788	0.01097	0.01476	0.10856	0.72394	0.03769	0.01645	0.00690	0.00216	0.00310	0.01490	0.00516	0.00450
18	0.02446	0.00928	0.01265	0.00970	0.01392	0.00801	0.00801	0.02657	0.01560	0.77817	0.02151	0.01856	0.01350	0.00675	0.00548	0.00169	0.00464	0.00548	0.00675	0.00928
19	0.01336	0.01309	0.02315	0.04666	0.67685	0.01303	0.09945	0.01676	0.01244	0.01770	0.01033	0.01365	0.00857	0.00484	0.00551	0.00165	0.00680	0.00503	0.00270	0.00844
20	0.01139	0.02432	0.58261	0.01731	0.06710	0.01317	0.10156	0.01688	0.01143	0.01694	0.00971	0.01202	0.00718	0.00549	0.00649	0.00179	0.07998	0.00441	0.00238	0.00782
21	0.00741	0.00540	0.00697	0.00692	0.00804	0.00496	0.00506	0.00957	0.01421	0.01976	0.57216	0.19672	0.09738	0.01253	0.00654	0.00182	0.00270	0.01112	0.00575	0.00496
22	0.00656	0.00521	0.00590	0.00641	0.00761	0.00455	0.00455	0.00780	0.01170	0.01461	0.06634	0.36065	0.44874	0.01507	0.00665	0.00199	0.00292	0.01309	0.00509	0.00455
23	0.23206	0.01395	0.09746	0.08049	0.27577	0.02827	0.08022	0.06528	0.01232	0.02026	0.00996	0.01241	0.00780	0.00515	0.00488	0.00167	0.00625	0.00440	0.03400	0.00740
24	0.00833	0.00599	0.00776	0.03685	0.01015	0.00565	0.00643	0.01051	0.01336	0.04416	0.27717	0.10044	0.21444	0.01297	0.00672	0.00201	0.00362	0.22299	0.00532	0.00511
25	0.01258	0.01373	0.02674	0.02053	0.05151	0.01471	0.48437	0.01602	0.01137	0.01606	0.00973	0.01375	0.00792	0.00622	0.01014	0.00201	0.26718	0.00583	0.00263	0.00695
26	0.03043	0.01897	0.28876	0.01909	0.02482	0.01369	0.40104	0.01688	0.01181	0.01706	0.01009	0.01316	0.00762	0.00536	0.00721	0.00186	0.09682	0.00534	0.00257	0.00741
27	0.30152	0.01746	0.14182	0.01621	0.17573	0.16998	0.03376	0.05213	0.01243	0.01986	0.00904	0.01084	0.00710	0.00521	0.00460	0.00162	0.00670	0.00384	0.00302	0.00712
28	0.00943	0.00475	0.00707	0.00707	0.00707	0.00475	0.00470	0.00712	0.00712	0.00950	0.00967	0.01706	0.00974	0.03921	0.02147	0.81992	0.00475	0.00482	0.00239	0.00239
29	0.01105	0.01037	0.01737	0.64679	0.16690	0.01235	0.01533	0.02806	0.01144	0.01499	0.00985	0.01432	0.00755	0.00537	0.00544	0.00178	0.00710	0.00485	0.00253	0.00657
30	0.07169	0.01050	0.05807	0.11294	0.09673	0.00959	0.00993	0.06412	0.01369	0.29119	0.02099	0.09132	0.09806	0.00794	0.00573	0.00177	0.01684	0.00662	0.00479	0.00748
31	0.04830	0.07235	0.13565	0.01346	0.05303	0.36807	0.01133	0.01993	0.01373	0.10740	0.01036	0.01138	0.00794	0.00539	0.00480	0.00143	0.00765	0.00380	0.00324	0.10078
32	0.02357	0.01008	0.01310	0.01002	0.01428	0.00916	0.00827	0.12187	0.01679	0.65772	0.02005	0.01762	0.01278	0.00664	0.00544	0.00165	0.00480	0.00534	0.00647	0.03436
33	0.08401	0.00685	0.00807	0.00921	0.09395	0.00639	0.00606	0.01017	0.01275	0.01745	0.18970	0.04203	0.44900	0.01151	0.00608	0.00180	0.00334	0.03153	0.00483	0.00530
34	0.01726	0.01062	0.01714	0.22601	0.12511	0.01071	0.09495	0.04690	0.01387	0.33423	0.01554	0.01744	0.01095	0.00614	0.00563	0.00175	0.00617	0.02712	0.00449	0.00798
35	0.01260	0.19187	0.16094	0.01440	0.01758	0.03219	0.09612	0.01525	0.01018	0.01431	0.00819	0.01142	0.00720	0.00703	0.01084	0.00191	0.37443	0.00439	0.00241	0.00674
36	0.00736	0.00551	0.00765	0.07959	0.01119	0.00547	0.00661	0.00885	0.01096	0.01439	0.02914	0.56316	0.06644	0.01550	0.00690	0.00221	0.00386	0.14569	0.00481	0.00469
37	0.01876	0.02321	0.01787	0.01746	0.11950	0.61249	0.07904	0.02070	0.01481	0.01432	0.00891	0.01077	0.00735	0.00542	0.00512	0.00147	0.00932	0.00396	0.00279	0.00672
38	0.01256	0.01266	0.06795	0.38015	0.13864	0.01307	0.10714	0.11432	0.01318	0.01773	0.01030	0.01398	0.00790	0.00594	0.00648	0.02708	0.03598	0.00500	0.00290	0.00704
39	0.01417	0.01458	0.10021	0.01477	0.11530	0.04235	0.01121	0.09265	0.48573	0.02224	0.01789	0.01740	0.01347	0.00667	0.00545	0.00177	0.00538	0.00554	0.00470	0.00854
40	0.72364	0.01163	0.00877	0.00780	0.01113	0.07530	0.00634	0.01691	0.01012	0.05812	0.00852	0.00963	0.00652	0.00521	0.00361	0.00165	0.00466	0.00316	0.02120	0.00608
41	0.43597	0.00941	0.00957	0.17569	0.01582	0.02732	0.00771	0.01397	0.01054	0.03148	0.04345	0.08869	0.09667	0.00748	0.00467	0.00177	0.00468	0.00576	0.00365	0.00569
42	0.00774	0.00530	0.00623	0.00630	0.00656	0.00523	0.00383	0.00823	0.00916	0.01235	0.10396	0.10614	0.04677	0.59329	0.05282	0.00464	0.00508	0.00886	0.00380	0.00371
43	0.02072	0.01527	0.01636	0.01254	0.01691	0.01691	0.01036	0.75622	0.02563	0.03436	0.01309	0.01309	0.00927	0.00654	0.00545	0.00164	0.00600	0.00491	0.00545	0.00927
44	0.01100	0.01041	0.01763	0.62713	0.20021	0.01230	0.01549	0.01455	0.01124	0.01479	0.00981	0.01430	0.00757	0.00532	0.00544	0.00177	0.00709	0.00485	0.00248	0.00663
45	0.09398	0.01290	0.01399	0.02827	0.01554	0.01396	0.00913	0.40171	0.14983	0.11292	0.01485	0.01477	0.01073	0.01680	0.00547	0.00168	0.00527	0.00493	0.00517	0.06810
46	0.00717	0.00530	0.00688	0.00765	0.00847	0.00475	0.00522	0.00828	0.01053	0.01435	0.02777	0.71586	0.03292	0.01562	0.00663	0.00206	0.00326	0.01412	0.00486	0.09833
47	0.02144	0.00908	0.01202	0.00958	0.01334	0.00823	0.00783	0.02487	0.08696	0.61485	0.09001	0.02201	0.01777	0.00745	0.00564	0.00173	0.00443	0.02752	0.00651	0.00871
48	0.01839	0.18390	0.01826	0.01307	0.01603	0.53465	0.01042	0.04148	0.01418	0.01384	0.00827	0.00991	0.00710	0.00583	0.00589	0.00146	0.08453	0.00355	0.00275	0.00651
49	0.02168	0.01374	0.01541	0.01182	0.01614	0.01464	0.00976	0.56993	0.02307	0.22426	0.01524	0.01448	0.01035	0.00660	0.00546	0.00165	0.00565	0.00505	0.00578	0.00927
50	0.01760	0.00778	0.00974	0.00800	0.01092	0.00718	0.00642	0.05811	0.01475	0.40183	0.11018	0.02152	0.01800	0.00714	0.00505	0.00155	0.00378	0.00585	0.27721	0.00741
51	0.01303	0.01115	0.01187	0.01071	0.01363	0.01279	0.00831	0.02727	0.69641	0.02272	0.09035	0.02219	0.01981	0.00774	0.00563	0.00184	0.00416	0.00650	0.00559	0.00831
52	0.01605	0.63178	0.02573	0.00999	0.01458	0.02032	0.00951	0.16683	0.01414	0.03451	0.00901	0.00985	0.00761	0.00509	0.00394	0.00127	0.00584	0.00338	0.00307	0.00751
53	0.00928	0.00486	0.00729	0.00729	0.00740	0.00497	0.00497	0.00740	0.00729	0.00983	0.01005	0.01712	0.00994	0.02140	0.10715	0.74801	0.00584	0.00486	0.00243	0.00265
54	0.01236	0.01032	0.01187	0.00858	0.01337	0.00835	0.00690	0.09699	0.01291	0.01963	0.01007	0.01150	0.00821	0.00432	0.00420	0.00090	0.00426	0.00342	0.00348	0.74838
55	0.01057	0.00641	0.00684	0.00652	0.00812	0.00651	0.00494	0.10660	0.01315	0.02044	0.02288	0.12466	0.10125	0.00962	0.02780	0.00172	0.00344	0.00715	0.50589	0.00547
56	0.00670	0.00479	0.00628	0.00745	0.00780	0.00447	0.00495	0.00761	0.01038	0.01379	0.03021	0.74681	0.05749	0.05337	0.00790	0.00234	0.00325	0.01503	0.00498	0.00438
57	0.00678	0.00484	0.00648	0.00775	0.00812	0.00454	0.00530	0.00782	0.01057	0.01407	0.02997	0.75798	0.03576	0.01695	0.00699	0.00223	0.00328	0.06103	0.00506	0.00447
58	0.00665	0.00482	0.00625	0.00739	0.00783	0.00446	0.00496	0.00762	0.01056	0.01393	0.03195	0.72967	0.09745	0.02932	0.00724	0.00223	0.00316	0.01504	0.00503	0.00442
59	0.01174	0.19469	0.49577	0.10200	0.02332	0.01458	0.05298	0.01670	0.01141	0.01594	0.00936	0.01141	0.00703	0.00507	0.00491	0.00162	0.00754	0.00400	0.00234	0.00757
60	0.00674	0.00491	0.00635	0.00731	0.00788	0.00452	0.00498	0.00790	0.01117	0.01484	0.11107	0.64873	0.11127	0.01612	0.00685	0.00212	0.00306	0.01450	0.00516	0.00452
61	0.00672	0.00491	0.00632	0.00729	0.00787	0.00451	0.00497	0.00786	0.01112	0.01473	0.10032	0.65097	0.12001	0.01617	0.00685	0.00213	0.00306	0.01454	0.00515	0.00451
62	0.02072	0.01527	0.01636	0.01254	0.01691	0.01691	0.01036	0.75622	0.02563	0.03436	0.01309	0.01309	0.00927	0.00654	0.00545	0.00164	0.00600	0.00491	0.00545	0.00927
63	0.23576	0.03760	0.06881	0.01393	0.01852	0.01345	0.23017	0.18200	0.01483	0.09856	0.01186	0.03017	0.00887	0.00568	0.00515	0.00172	0.00641	0.00502	0.00392	0.00756
64	0.02305	0.01038	0.01322	0.01018	0.01432	0.00975	0.00839	0.17729	0.01768	0.59503	0.04839	0.01827	0.01407	0.00687	0.00551	0.00168	0.00484	0.00553	0.00645	0.00912
65	0.02127	0.00959	0.01234	0.00975	0.01355	0.00895	0.00795	0.08681	0.08456	0.56160	0.10496	0.02074	0.01768	0.00728	0.00559	0.00170	0.00449	0.00599	0.00645	0.00875
66	0.01113	0.02425	0.59035	0.10402	0.02584	0.01276	0.12185	0.01692	0.01163	0.01692	0.00995	0.01229	0.00714	0.00513	0.00538	0.00175	0.00813	0.00446	0.00238	0.00773
67	0.00846	0.01256	0.23319	0.00928	0.01282	0.00768	0.00944	0.01240	0.06617	0.01671	0.10746	0.10707	0.33802	0.01089	0.00608	0.00184	0.00449	0.02511	0.00438	0.00595
68	0.33766	0.46906	0.05080	0.00874	0.01304	0.01759	0.00843	0.01625	0.01040	0.01752	0.00767	0.00890	0.00657	0.00484	0.00352	0.00139	0.00529	0.00297	0.00274	0.00661
69	0.00935	0.00764	0.00989	0.02501	0.01035	0.00913	0.00696	0.01192	0.09334	0.01332	0.01599	0.09519	0.01656	0.28996	0.18192	0.00464	0.18324	0.00721	0.00341	0.00498
70	0.00793	0.00529	0.00595	0.00595	0.00595	0.00529	0.00330	0.00793	0.00793	0.01057	0.01718	0.03568	0.01982	0.80840	0.02775	0.00529	0.00529	0.00793	0.00330	0.00330
71	0.01287	0.01471	0.03217	0.02298	0.02849	0.01379	0.75460	0.01746	0.01287	0.01746	0.01103	0.01471	0.00827	0.00460	0.00643	0.00184	0.00919	0.00643	0.00276	0.00735
72	0.01130	0.00969	0.01130	0.00807	0.01292	0.00727	0.00646	0.01373	0.01130	0.01776	0.00969	0.01130	0.00807	0.00404	0.00404	0.00081	0.00404	0.00323	0.00323	0.84173
73	0.01349	0.01295	0.02213	0.03346	0.77440	0.01295	0.01673	0.01673	0.01241	0.01781	0.01025	0.01349	0.00864	0.00486	0.00540	0.00162	0.00648	0.00486	0.00270	0.00864
74	0.00664	0.00474	0.00633	0.00759	0.00791	0.00443	0.00506	0.00759	0.01044	0.01392	0.03005	0.80485	0.03606	0.01708	0.00696	0.00221	0.00316	0.01550	0.00506	0.00443
75	0.00748	0.00556	0.00696	0.00661	0.00800	0.00504	0.00496	0.00983	0.01488	0.02055	0.63969	0.04288	0.18409	0.01164	0.00643	0.00174	0.00261	0.01016	0.00583	0.00504
76	0.00649	0.00535	0.00570	0.00598	0.00748	0.00456	0.00434	0.00777	0.01199	0.01455	0.04971	0.21749	0.61073	0.01452	0.00656	0.00192	0.00285	0.01238	0.00506	0.00456
77	0.02037	0.02598	0.01545	0.01404	0.01685	0.78652	0.01053	0.02177	0.01545	0.01334	0.00843	0.00983	0.00702	0.00562	0.00492	0.00140	0.00983	0.00351	0.00281	0.00632
78	0.09555	0.02458	0.01477	0.01342	0.01628	0.71609	0.01011	0.02125	0.01489	0.01435	0.00835	0.00974	0.00692	0.00557	0.00478	0.00143	0.00932	0.00346	0.00286	0.00628
79	0.00673	0.00543	0.00590	0.00598	0.00748	0.00470	0.00436	0.00818	0.01245	0.01553	0.15975	0.13428	0.54525	0.05031	0.00748	0.00202	0.00289	0.01154	0.00512	0.00461
80	0.10602	0.31386	0.41763	0.01232	0.01861	0.01588	0.01458	0.01678	0.01110	0.01644	0.00873	0.01020	0.00683	0.00498	0.00436	0.00152	0.00681	0.00350	0.00243	0.00743
81	0.02646	0.00554	0.00675	0.00676	0.00801	0.00507	0.00492	0.00946	0.01325	0.03119	0.38958	0.21959	0.20321	0.03664	0.00711	0.00196	0.00290	0.01124	0.00545	0.00489
82	0.00688	0.00492	0.00660	0.00787	0.00829	0.00464	0.00548	0.00801	0.01067	0.01419	0.02992	0.72148	0.03553	0.01685	0.00702	0.00225	0.00337	0.09649	0.00506	0.00449
83	0.01145	0.01079	0.01825	0.50765	0.30280	0.01230	0.01553	0.01492	0.01146	0.01543	0.01003	0.01425	0.00787	0.00525	0.00540	0.00174	0.00691	0.00485	0.01615	0.00697
84	0.01597	0.01736	0.01804	0.06807	0.29889	0.29422	0.01318	0.06711	0.01375	0.01640	0.00948	0.01219	0.00795	0.00663	0.02395	0.00180	0.10046	0.00438	0.00287	0.00729
85	0.02404	0.00950	0.01274	0.00981	0.01400	0.00841	0.00809	0.04537	0.03817	0.73658	0.02131	0.01847	0.01348	0.00676	0.00548	0.00169	0.00466	0.00549	0.00668	0.00926
86	0.01181	0.00859	0.02344	0.00855	0.01111	0.00831	0.00690	0.09577	0.14958	0.10556	0.18686	0.03614	0.24965	0.01046	0.00612	0.00183	0.00383	0.06340	0.00552	0.00656
87	0.01099	0.00896	0.02821	0.04150	0.01325	0.00860	0.06820	0.13144	0.05254	0.01932	0.04710	0.30003	0.02127	0.03416	0.00645	0.00186	0.00452	0.00898	0.09283	0.09977

[dist]
# distance from previous block
# <min> <max>
0	2

[block]
# block no. 7 follows, 44 sequences, length 107
# corresponding to MSA columns:
# 421-527
name=unknown_H
#
# <colnr> <probs for GDERKNQSTAVLIFYWHMCP>
#	G	D	E	R	K	N	Q	S	T	A	V	L	I	F	Y	W	H	M	C	P
