[name]
unknown

[dist]
# distance from previous block
# <min> <max>
39	331

[block]
# block no. 0 follows, 45 sequences, length 78
# corresponding to MSA columns:
# 454-514,517-532,535
name=unknown_A
#
# <colnr> <probs for GDERKNQSTAVLIFYWHMCP>
#	G	D	E	R	K	N	Q	S	T	A	V	L	I	F	Y	W	H	M	C	P
0	0.01331	0.14178	0.06436	0.02871	0.11533	0.01253	0.05058	0.10747	0.08620	0.03645	0.01349	0.03533	0.03930	0.00570	0.00480	0.00138	0.00536	0.00476	0.00356	0.22958
1	0.01484	0.01276	0.07047	0.05775	0.13845	0.03004	0.02910	0.19815	0.05518	0.09752	0.07393	0.04868	0.01369	0.00644	0.00529	0.00155	0.00548	0.00546	0.00425	0.13095
2	0.01529	0.03306	0.09154	0.10171	0.10306	0.01161	0.05818	0.14565	0.03316	0.17393	0.01539	0.05910	0.03632	0.00664	0.00579	0.00166	0.03269	0.00560	0.00416	0.06548
3	0.10935	0.01431	0.09164	0.04173	0.08096	0.05100	0.10410	0.14524	0.09371	0.07309	0.01203	0.01326	0.00901	0.00562	0.00552	0.00160	0.03661	0.00462	0.00378	0.10281
4	0.02928	0.07391	0.06196	0.13462	0.07954	0.02661	0.19972	0.10354	0.01329	0.04144	0.03196	0.06086	0.01075	0.00612	0.00599	0.00167	0.04391	0.00558	0.00329	0.06597
5	0.01298	0.01383	0.09037	0.18243	0.11014	0.04467	0.19267	0.08154	0.06079	0.03882	0.02542	0.03780	0.01009	0.00566	0.00551	0.00166	0.00690	0.00540	0.00327	0.07004
6	0.04888	0.01195	0.01598	0.09777	0.03872	0.02877	0.10959	0.23514	0.04781	0.11830	0.08072	0.01621	0.01296	0.00611	0.00533	0.00158	0.00572	0.00528	0.00443	0.10875
7	0.13881	0.01297	0.05065	0.01778	0.18376	0.01222	0.19234	0.10923	0.03263	0.05115	0.01100	0.01294	0.00842	0.00502	0.00505	0.00155	0.00617	0.00469	0.01702	0.12661
8	0.14410	0.01275	0.01699	0.13427	0.07781	0.04448	0.12492	0.21138	0.03181	0.11031	0.01190	0.01334	0.00864	0.00557	0.00515	0.00165	0.00626	0.00475	0.00397	0.02996
9	0.06695	0.01117	0.01219	0.00982	0.01315	0.06441	0.02969	0.21793	0.01630	0.16873	0.10459	0.04376	0.06000	0.05361	0.00656	0.00176	0.00498	0.00601	0.00488	0.10351
10	0.10071	0.01059	0.02566	0.11324	0.01651	0.01037	0.00875	0.15768	0.04001	0.23064	0.03775	0.03594	0.02912	0.00634	0.00501	0.00154	0.00492	0.00508	0.00468	0.15547
11	0.01116	0.00670	0.00861	0.00745	0.00962	0.00600	0.00577	0.03043	0.01502	0.16049	0.53285	0.03349	0.06349	0.00959	0.00595	0.00161	0.00311	0.00833	0.00578	0.07455
12	0.01122	0.00984	0.01239	0.00885	0.01366	0.00755	0.05227	0.01374	0.01122	0.01747	0.00962	0.01134	0.00796	0.00401	0.00412	0.00086	0.00429	0.00337	0.00315	0.79308
13	0.00767	0.00575	0.00863	0.00863	0.00959	0.00671	0.00671	0.00959	0.00863	0.01246	0.01438	0.02109	0.01342	0.04026	0.79008	0.00863	0.01438	0.00575	0.00288	0.00479
14	0.01572	0.01120	0.01360	0.01353	0.11837	0.01200	0.00941	0.10956	0.38144	0.16438	0.07629	0.01948	0.01649	0.00700	0.00549	0.00173	0.00466	0.00590	0.00532	0.00843
15	0.00693	0.00602	0.00659	0.00724	0.05445	0.00524	0.00494	0.00872	0.02964	0.01487	0.05093	0.04859	0.71137	0.01291	0.00626	0.00180	0.00298	0.01081	0.00485	0.00487
16	0.01113	0.00954	0.01113	0.00795	0.01272	0.00716	0.00636	0.01352	0.01113	0.01749	0.00954	0.01113	0.00795	0.00398	0.00398	0.00080	0.00398	0.00318	0.00318	0.84417
17	0.01291	0.06698	0.24928	0.01166	0.01700	0.01202	0.02838	0.13696	0.10440	0.02017	0.01198	0.03210	0.00942	0.00548	0.00481	0.00141	0.00573	0.00438	0.00351	0.26143
18	0.00932	0.00466	0.00699	0.00699	0.00699	0.00466	0.00466	0.00699	0.00699	0.00932	0.00932	0.01632	0.00932	0.01865	0.02098	0.84382	0.00466	0.00466	0.00233	0.00233
19	0.07099	0.01501	0.01559	0.01206	0.01626	0.03542	0.00994	0.69634	0.02401	0.03273	0.01244	0.01255	0.00887	0.00633	0.00523	0.00161	0.00589	0.00468	0.00518	0.00885
20	0.34545	0.01478	0.22401	0.01016	0.01503	0.01079	0.01038	0.01954	0.01180	0.27164	0.01259	0.01259	0.00855	0.00556	0.00450	0.00167	0.00534	0.00402	0.00412	0.00749
21	0.01614	0.00951	0.01236	0.09581	0.01581	0.00839	0.00808	0.03819	0.01308	0.30794	0.02814	0.01479	0.01069	0.00546	0.00506	0.00131	0.02284	0.00440	0.00450	0.37749
22	0.01113	0.00954	0.01113	0.00795	0.01272	0.00716	0.00636	0.01352	0.01113	0.01749	0.00954	0.01113	0.00795	0.00398	0.00398	0.00080	0.00398	0.00318	0.00318	0.84417
23	0.19280	0.05605	0.02692	0.02283	0.01026	0.00947	0.00612	0.10734	0.02929	0.03863	0.01549	0.01693	0.04128	0.00619	0.00408	0.00144	0.00378	0.00466	0.40039	0.00604
24	0.01155	0.01154	0.01675	0.01421	0.01453	0.01571	0.05000	0.01291	0.00851	0.01314	0.00800	0.03124	0.00798	0.01025	0.03990	0.00250	0.71789	0.00507	0.00245	0.00587
25	0.01235	0.01338	0.06686	0.07524	0.07437	0.06475	0.17396	0.02841	0.01186	0.01679	0.00968	0.01225	0.00779	0.00485	0.00577	0.00137	0.05980	0.00431	0.00287	0.35335
26	0.00780	0.00525	0.00607	0.00607	0.00615	0.00532	0.00352	0.00795	0.00787	0.01057	0.01671	0.03402	0.01904	0.75073	0.08729	0.00547	0.00593	0.00764	0.00322	0.00337
27	0.00992	0.00789	0.01182	0.01011	0.01177	0.00824	0.11572	0.09479	0.01109	0.01517	0.03164	0.02621	0.01585	0.30545	0.26588	0.00522	0.00873	0.03598	0.00342	0.00510
28	0.00653	0.00469	0.00620	0.00741	0.00777	0.00437	0.00496	0.00748	0.01034	0.01373	0.03034	0.78475	0.05811	0.01672	0.00684	0.00217	0.00310	0.01514	0.00498	0.00437
29	0.01077	0.02777	0.78354	0.01530	0.02323	0.01247	0.01983	0.01700	0.01133	0.01700	0.00963	0.01133	0.00680	0.00510	0.00510	0.00170	0.00793	0.00397	0.00227	0.00793
30	0.00754	0.00548	0.00710	0.00670	0.00799	0.00504	0.00502	0.01002	0.01507	0.02122	0.74387	0.04060	0.08200	0.01109	0.00633	0.00169	0.00254	0.00978	0.00587	0.00504
31	0.00654	0.00467	0.00623	0.00747	0.00779	0.00436	0.00498	0.00747	0.01028	0.01370	0.02959	0.80785	0.03550	0.01682	0.00685	0.00218	0.00311	0.01526	0.00498	0.00436
32	0.01329	0.01275	0.02179	0.03295	0.77787	0.01275	0.01647	0.01647	0.01222	0.01754	0.01010	0.01329	0.00850	0.00478	0.00531	0.00159	0.00638	0.00478	0.00266	0.00850
33	0.01361	0.59111	0.21961	0.01088	0.01626	0.04202	0.01192	0.01647	0.01114	0.01375	0.00804	0.00933	0.00687	0.00475	0.00391	0.00130	0.00642	0.00317	0.00230	0.00713
34	0.84927	0.01038	0.00789	0.00706	0.01038	0.01204	0.00581	0.01578	0.00914	0.02408	0.00747	0.00872	0.00581	0.00498	0.00332	0.00166	0.00415	0.00291	0.00332	0.00581
35	0.01752	0.01081	0.01236	0.02807	0.01388	0.01125	0.00815	0.31177	0.09202	0.21776	0.05105	0.02079	0.09417	0.00747	0.00539	0.00164	0.00467	0.00599	0.07723	0.00799
36	0.00728	0.00603	0.00619	0.00594	0.00787	0.00530	0.00451	0.05377	0.01321	0.01611	0.09543	0.04859	0.68504	0.01300	0.00628	0.00179	0.00290	0.01083	0.00506	0.00484
37	0.00693	0.00546	0.00619	0.00619	0.00760	0.00485	0.00452	0.00877	0.02589	0.01645	0.26376	0.13792	0.42247	0.04989	0.00735	0.00198	0.00285	0.01106	0.00519	0.00468
38	0.09816	0.53609	0.18556	0.01045	0.01555	0.04827	0.01115	0.01645	0.01099	0.01473	0.00796	0.00924	0.00676	0.00478	0.00384	0.00133	0.00620	0.00313	0.00241	0.00698
39	0.01317	0.01454	0.02472	0.05381	0.18225	0.10337	0.40845	0.01699	0.02943	0.01652	0.01317	0.01600	0.05505	0.00544	0.00611	0.00172	0.02332	0.00588	0.00289	0.00717
40	0.00714	0.00497	0.00625	0.00686	0.00713	0.00483	0.00440	0.00785	0.00956	0.01286	0.06956	0.42993	0.02933	0.32324	0.04821	0.00359	0.00437	0.01165	0.00428	0.00400
41	0.01450	0.61631	0.04643	0.01135	0.04663	0.09740	0.03482	0.01646	0.01135	0.01316	0.00800	0.00957	0.00717	0.00571	0.02410	0.00144	0.02310	0.00327	0.00239	0.00685
42	0.00757	0.00549	0.00714	0.00673	0.00800	0.00505	0.00504	0.01008	0.01513	0.02138	0.75982	0.04034	0.06595	0.01103	0.00633	0.00169	0.00254	0.00974	0.00589	0.00505
43	0.01452	0.01126	0.01284	0.01086	0.01313	0.04656	0.00872	0.29370	0.03365	0.04885	0.01312	0.01652	0.01089	0.05552	0.20508	0.00364	0.13478	0.00519	0.05430	0.00684
44	0.03739	0.02017	0.37694	0.04676	0.27358	0.03362	0.04779	0.06876	0.01268	0.01836	0.00996	0.01220	0.00757	0.00508	0.00519	0.00166	0.00723	0.00438	0.00268	0.00800
45	0.01329	0.01275	0.02179	0.03295	0.77787	0.01275	0.01647	0.01647	0.01222	0.01754	0.01010	0.01329	0.00850	0.00478	0.00531	0.00159	0.00638	0.00478	0.00266	0.00850
46	0.79890	0.01030	0.00817	0.00721	0.01058	0.01179	0.00594	0.01641	0.00952	0.07032	0.00831	0.00930	0.00627	0.00508	0.00345	0.00166	0.00418	0.00306	0.00352	0.00602
47	0.02408	0.00914	0.01246	0.00955	0.01370	0.00789	0.00789	0.02616	0.01536	0.78158	0.02118	0.01827	0.01329	0.00664	0.00540	0.00166	0.00457	0.00540	0.00664	0.00914
48	0.00767	0.00575	0.00863	0.00863	0.00959	0.00671	0.00671	0.00959	0.00863	0.01246	0.01438	0.02109	0.01342	0.04026	0.79008	0.00863	0.01438	0.00575	0.00288	0.00479
49	0.00841	0.00600	0.00837	0.00961	0.01074	0.00597	0.00823	0.01070	0.01212	0.01579	0.02856	0.14687	0.03143	0.01506	0.00735	0.00244	0.00473	0.65782	0.00495	0.00488
50	0.00781	0.00520	0.00585	0.00585	0.00585	0.00520	0.00325	0.00781	0.00781	0.01041	0.01691	0.03513	0.01952	0.81135	0.02732	0.00520	0.00520	0.00781	0.00325	0.00325
51	0.84927	0.01038	0.00789	0.00706	0.01038	0.01204	0.00581	0.01578	0.00914	0.02408	0.00747	0.00872	0.00581	0.00498	0.00332	0.00166	0.00415	0.00291	0.00332	0.00581
52	0.01014	0.00954	0.01610	0.79845	0.03697	0.01193	0.01491	0.01371	0.01073	0.01371	0.00954	0.01431	0.00716	0.00537	0.00537	0.00179	0.00716	0.00477	0.00239	0.00596
53	0.00924	0.09651	0.00988	0.00727	0.00931	0.00785	0.00577	0.08573	0.01463	0.01940	0.37144	0.08157	0.23975	0.01086	0.00595	0.00168	0.00332	0.00922	0.00514	0.00549
54	0.06724	0.68362	0.02540	0.00933	0.01367	0.06053	0.00897	0.03639	0.01150	0.01414	0.02400	0.00946	0.00781	0.00485	0.00362	0.00122	0.00578	0.00310	0.00255	0.00681
55	0.00750	0.00586	0.00826	0.08787	0.01167	0.00580	0.02851	0.02524	0.01106	0.01448	0.02924	0.56045	0.11067	0.01460	0.00663	0.00209	0.00383	0.05683	0.00466	0.00477
56	0.01001	0.00500	0.00500	0.00500	0.00625	0.00500	0.00375	0.01251	0.01126	0.02001	0.01751	0.02001	0.01376	0.00625	0.00375	0.00125	0.00250	0.00500	0.84115	0.00500
57	0.01435	0.81458	0.02813	0.00918	0.01378	0.02124	0.00918	0.01607	0.01091	0.01263	0.00746	0.00861	0.00689	0.00459	0.00344	0.00115	0.00574	0.00287	0.00230	0.00689
58	0.00781	0.00520	0.00585	0.00585	0.00585	0.00520	0.00325	0.00781	0.00781	0.01041	0.01691	0.03513	0.01952	0.81135	0.02732	0.00520	0.00520	0.00781	0.00325	0.00325
59	0.00913	0.00606	0.00759	0.00698	0.00867	0.00555	0.00535	0.03141	0.01489	0.08451	0.54443	0.04007	0.17588	0.01105	0.00625	0.00172	0.00288	0.02641	0.00577	0.00542
60	0.00654	0.00467	0.00623	0.00747	0.00779	0.00436	0.00498	0.00747	0.01028	0.01370	0.02959	0.80785	0.03550	0.01682	0.00685	0.00218	0.00311	0.01526	0.00498	0.00436
61	0.01089	0.05395	0.75840	0.01510	0.02292	0.01276	0.01948	0.01697	0.01132	0.01685	0.00956	0.01124	0.00680	0.00508	0.00504	0.00168	0.00786	0.00393	0.00227	0.00790
62	0.01174	0.01174	0.01644	0.01409	0.01409	0.01644	0.01174	0.01292	0.00822	0.01292	0.00705	0.01174	0.00705	0.00940	0.01762	0.00235	0.80153	0.00470	0.00235	0.00587
63	0.01169	0.00996	0.01186	0.00852	0.01328	0.00783	0.02312	0.05587	0.01196	0.01841	0.00976	0.01130	0.00802	0.00413	0.00411	0.00086	0.00420	0.00334	0.00329	0.77847
64	0.01463	0.01217	0.01286	0.01118	0.01445	0.01395	0.00881	0.16114	0.63347	0.02452	0.02022	0.01873	0.01507	0.00713	0.00545	0.00178	0.00455	0.00584	0.00545	0.00861
65	0.00724	0.00559	0.00598	0.00580	0.00762	0.00475	0.00438	0.00881	0.01281	0.04623	0.16151	0.04858	0.63608	0.01292	0.00630	0.00179	0.00276	0.01085	0.00519	0.00480
66	0.02041	0.01504	0.01611	0.01235	0.01665	0.01665	0.01020	0.75997	0.02524	0.03383	0.01289	0.01289	0.00913	0.00644	0.00537	0.00161	0.00591	0.00483	0.00537	0.00913
67	0.01014	0.00954	0.01610	0.79845	0.03697	0.01193	0.01491	0.01371	0.01073	0.01371	0.00954	0.01431	0.00716	0.00537	0.00537	0.00179	0.00716	0.00477	0.00239	0.00596
68	0.00779	0.00526	0.00613	0.00613	0.00623	0.00536	0.00360	0.00799	0.00789	0.01062	0.01666	0.03371	0.01890	0.73345	0.10438	0.00555	0.00613	0.00760	0.00321	0.00341
69	0.01174	0.01174	0.01644	0.01409	0.01409	0.01644	0.01174	0.01292	0.00822	0.01292	0.00705	0.01174	0.00705	0.00940	0.01762	0.00235	0.80153	0.00470	0.00235	0.00587
70	0.02388	0.00947	0.01266	0.00971	0.01387	0.00838	0.00802	0.06723	0.01592	0.73974	0.02071	0.01797	0.01305	0.00663	0.00540	0.00166	0.00464	0.00537	0.00657	0.00913
71	0.00760	0.00549	0.00718	0.00675	0.00802	0.00506	0.00506	0.01013	0.01519	0.02153	0.77503	0.04010	0.05065	0.01097	0.00633	0.00169	0.00253	0.00971	0.00591	0.00506
72	0.00657	0.00489	0.00613	0.00710	0.00778	0.00446	0.00490	0.00765	0.01078	0.01396	0.03504	0.61547	0.19931	0.01604	0.00676	0.00211	0.00309	0.03857	0.00498	0.00442
73	0.01267	0.01448	0.03167	0.02262	0.02805	0.01357	0.75837	0.01719	0.01267	0.01719	0.01086	0.01448	0.00814	0.00452	0.00633	0.00181	0.00905	0.00633	0.00271	0.00724
74	0.00777	0.00534	0.00653	0.00653	0.00676	0.00557	0.00409	0.00824	0.00800	0.01090	0.01630	0.03173	0.01804	0.62475	0.21190	0.00603	0.00742	0.00731	0.00316	0.00363
75	0.01366	0.01418	0.01914	0.22984	0.44975	0.14961	0.01499	0.01663	0.01236	0.01576	0.00963	0.01292	0.00787	0.00507	0.00524	0.00161	0.00716	0.00455	0.00261	0.00744
76	0.11793	0.04542	0.03926	0.27348	0.13882	0.10192	0.03715	0.09037	0.02640	0.06470	0.01045	0.01282	0.00791	0.00540	0.00500	0.00164	0.00665	0.00441	0.00320	0.00705
77	0.01793	0.21591	0.03473	0.01397	0.09296	0.15571	0.01080	0.35280	0.01829	0.02287	0.01037	0.01126	0.00807	0.00563	0.00478	0.00146	0.00663	0.00408	0.00380	0.00796

[dist]
# distance from previous block
# <min> <max>
0	1

[block]
# block no. 1 follows, 45 sequences, length 7
# corresponding to MSA columns:
# 537-543
name=unknown_B
#
# <colnr> <probs for GDERKNQSTAVLIFYWHMCP>
#	G	D	E	R	K	N	Q	S	T	A	V	L	I	F	Y	W	H	M	C	P
0	0.05098	0.20611	0.20767	0.01410	0.06732	0.06875	0.09019	0.08411	0.01344	0.10271	0.03846	0.01287	0.00956	0.00543	0.00486	0.00154	0.00664	0.00437	0.00332	0.00758
1	0.02028	0.00877	0.01158	0.00915	0.01269	0.00790	0.00745	0.07478	0.01603	0.56514	0.18265	0.02258	0.02102	0.00756	0.00560	0.00166	0.00423	0.00628	0.00640	0.00826
2	0.00762	0.00551	0.00762	0.00771	0.00833	0.00608	0.00555	0.00889	0.00851	0.01194	0.01628	0.08466	0.01691	0.26888	0.50307	0.00712	0.01079	0.00708	0.00315	0.00430
3	0.00671	0.00500	0.00625	0.00690	0.00772	0.00454	0.00481	0.00805	0.01167	0.01542	0.18225	0.49430	0.19686	0.01497	0.00664	0.00200	0.00291	0.01332	0.00517	0.00454
4	0.00770	0.00563	0.00799	0.00799	0.00873	0.00637	0.00592	0.00918	0.00844	0.01199	0.01496	0.02429	0.01481	0.21620	0.61604	0.00785	0.01228	0.00622	0.00296	0.00444
5	0.01435	0.81458	0.02813	0.00918	0.01378	0.02124	0.00918	0.01607	0.01091	0.01263	0.00746	0.00861	0.00689	0.00459	0.00344	0.00115	0.00574	0.00287	0.00230	0.00689
6	0.00672	0.00487	0.00638	0.00745	0.00798	0.00453	0.00517	0.00786	0.01079	0.01428	0.06602	0.66620	0.09053	0.01617	0.00683	0.00215	0.00318	0.06343	0.00502	0.00444

[dist]
# distance from previous block
# <min> <max>
0	1

[block]
# block no. 2 follows, 45 sequences, length 58
# corresponding to MSA columns:
# 545-574,649-665,668-678
name=unknown_C
#
# <colnr> <probs for GDERKNQSTAVLIFYWHMCP>
#	G	D	E	R	K	N	Q	S	T	A	V	L	I	F	Y	W	H	M	C	P
0	0.02041	0.01504	0.01611	0.01235	0.01665	0.01665	0.01020	0.75997	0.02524	0.03383	0.01289	0.01289	0.00913	0.00644	0.00537	0.00161	0.00591	0.00483	0.00537	0.00913
1	0.01335	0.01153	0.01214	0.01092	0.01396	0.01335	0.00850	0.02852	0.76817	0.02245	0.02185	0.02003	0.01639	0.00728	0.00546	0.00182	0.00425	0.00607	0.00546	0.00850
2	0.01174	0.01174	0.01644	0.01409	0.01409	0.01644	0.01174	0.01292	0.00822	0.01292	0.00705	0.01174	0.00705	0.00940	0.01762	0.00235	0.80153	0.00470	0.00235	0.00587
3	0.84927	0.01038	0.00789	0.00706	0.01038	0.01204	0.00581	0.01578	0.00914	0.02408	0.00747	0.00872	0.00581	0.00498	0.00332	0.00166	0.00415	0.00291	0.00332	0.00581
4	0.01441	0.01206	0.01273	0.01114	0.01436	0.01385	0.00875	0.13834	0.65663	0.02416	0.02050	0.01896	0.01530	0.00716	0.00545	0.00179	0.00450	0.00588	0.00545	0.00859
5	0.00969	0.00679	0.00753	0.00703	0.00776	0.00709	0.00450	0.10701	0.04949	0.01422	0.01714	0.06178	0.01863	0.63356	0.02252	0.00444	0.00516	0.00762	0.00371	0.00433
6	0.00675	0.00538	0.00605	0.00605	0.00754	0.00468	0.00447	0.00843	0.01295	0.01658	0.27373	0.12328	0.47894	0.01311	0.00639	0.00181	0.00270	0.01122	0.00527	0.00468
7	0.02005	0.02558	0.01521	0.01383	0.01659	0.78980	0.01037	0.02143	0.01521	0.01314	0.00830	0.00968	0.00691	0.00553	0.00484	0.00138	0.00968	0.00346	0.00277	0.00622
8	0.01329	0.01275	0.02179	0.03295	0.77787	0.01275	0.01647	0.01647	0.01222	0.01754	0.01010	0.01329	0.00850	0.00478	0.00531	0.00159	0.00638	0.00478	0.00266	0.00850
9	0.01661	0.01715	0.01584	0.12037	0.09878	0.30747	0.02910	0.18918	0.05446	0.01918	0.01296	0.01566	0.03717	0.00638	0.00531	0.00160	0.00739	0.03464	0.00361	0.00712
10	0.01234	0.01522	0.10055	0.04679	0.09567	0.01316	0.58295	0.01681	0.01239	0.01703	0.01101	0.03009	0.00857	0.00488	0.00611	0.00179	0.00852	0.00610	0.00270	0.00732
11	0.00748	0.00545	0.00703	0.00670	0.00796	0.00500	0.00500	0.00988	0.01483	0.02079	0.70154	0.06887	0.09666	0.01136	0.00635	0.00171	0.00257	0.01001	0.00582	0.00500
12	0.01313	0.08888	0.17112	0.02459	0.45198	0.02932	0.03564	0.02997	0.07162	0.01754	0.01072	0.01296	0.00861	0.00506	0.00513	0.00159	0.00659	0.00457	0.00282	0.00817
13	0.07301	0.01262	0.01979	0.02792	0.61184	0.03162	0.03058	0.01627	0.01198	0.01788	0.00983	0.01268	0.00821	0.00473	0.00505	0.00152	0.00612	0.00449	0.00276	0.09110
14	0.01286	0.01313	0.02024	0.28058	0.38835	0.08877	0.08700	0.01613	0.01207	0.01582	0.00981	0.01338	0.00787	0.00502	0.00538	0.00166	0.00721	0.00480	0.00258	0.00733
15	0.00987	0.00834	0.06071	0.00832	0.01044	0.02048	0.00689	0.01406	0.11139	0.07452	0.45163	0.09321	0.06122	0.01037	0.00612	0.00177	0.00353	0.03572	0.00547	0.00594
16	0.00769	0.00568	0.00826	0.00826	0.00909	0.00651	0.00625	0.00935	0.00852	0.01219	0.01472	0.02297	0.01424	0.14356	0.68789	0.00817	0.01315	0.00603	0.00293	0.00459
17	0.00959	0.00899	0.06461	0.00965	0.03902	0.00813	0.00772	0.01569	0.21194	0.02060	0.40664	0.03396	0.05791	0.00978	0.00607	0.00179	0.00373	0.07262	0.00530	0.00627
18	0.03274	0.38401	0.28886	0.01332	0.08605	0.01606	0.01325	0.01622	0.01115	0.01526	0.00862	0.01019	0.00706	0.00475	0.00423	0.00136	0.00638	0.00345	0.00241	0.07461
19	0.00660	0.00485	0.00620	0.00712	0.00773	0.00445	0.00486	0.00774	0.01098	0.01449	0.09715	0.63352	0.14291	0.01585	0.00673	0.00209	0.00301	0.01422	0.00506	0.00445
20	0.01272	0.01331	0.01603	0.05051	0.01533	0.11687	0.01155	0.01406	0.00931	0.01313	0.00754	0.01176	0.00717	0.00864	0.01510	0.00217	0.64499	0.00455	0.01937	0.00590
21	0.00760	0.00549	0.00718	0.00675	0.00802	0.00506	0.00506	0.01013	0.01519	0.02153	0.77503	0.04010	0.05065	0.01097	0.00633	0.00169	0.00253	0.00971	0.00591	0.00506
22	0.84927	0.01038	0.00789	0.00706	0.01038	0.01204	0.00581	0.01578	0.00914	0.02408	0.00747	0.00872	0.00581	0.00498	0.00332	0.00166	0.00415	0.00291	0.00332	0.00581
23	0.01496	0.76411	0.02715	0.00921	0.01377	0.02040	0.00910	0.01671	0.01119	0.06081	0.00832	0.00922	0.00729	0.00472	0.00357	0.00118	0.00567	0.00303	0.00257	0.00703
24	0.00743	0.00548	0.00694	0.00658	0.00792	0.00499	0.00493	0.00980	0.01480	0.02058	0.67834	0.04165	0.14793	0.01133	0.00633	0.00170	0.00256	0.00993	0.00579	0.00499
25	0.00664	0.00533	0.00583	0.00600	0.00741	0.00464	0.00437	0.00800	0.01196	0.01485	0.11812	0.16150	0.52940	0.06384	0.00776	0.00208	0.00297	0.02982	0.00497	0.00449
26	0.01014	0.00954	0.01610	0.79845	0.03697	0.01193	0.01491	0.01371	0.01073	0.01371	0.00954	0.01431	0.00716	0.00537	0.00537	0.00179	0.00716	0.00477	0.00239	0.00596
27	0.00781	0.00520	0.00585	0.00585	0.00585	0.00520	0.00325	0.00781	0.00781	0.01041	0.01691	0.03513	0.01952	0.81135	0.02732	0.00520	0.00520	0.00781	0.00325	0.00325
28	0.84927	0.01038	0.00789	0.00706	0.01038	0.01204	0.00581	0.01578	0.00914	0.02408	0.00747	0.00872	0.00581	0.00498	0.00332	0.00166	0.00415	0.00291	0.00332	0.00581
29	0.08700	0.01132	0.04176	0.07866	0.01873	0.02529	0.23445	0.01370	0.01064	0.01578	0.03332	0.12615	0.01330	0.01038	0.06456	0.00245	0.18379	0.01959	0.00310	0.00603
30	0.02041	0.01504	0.01611	0.01235	0.01665	0.01665	0.01020	0.75997	0.02524	0.03383	0.01289	0.01289	0.00913	0.00644	0.00537	0.00161	0.00591	0.00483	0.00537	0.00913
31	0.01772	0.01347	0.01441	0.01155	0.01535	0.01493	0.00941	0.53666	0.18541	0.02974	0.01779	0.01797	0.05924	0.00727	0.00550	0.00169	0.00532	0.02261	0.00536	0.00861
32	0.01014	0.00954	0.01610	0.79845	0.03697	0.01193	0.01491	0.01371	0.01073	0.01371	0.00954	0.01431	0.00716	0.00537	0.00537	0.00179	0.00716	0.00477	0.00239	0.00596
33	0.00671	0.00479	0.00643	0.00767	0.00806	0.00451	0.00528	0.00777	0.01045	0.01390	0.02949	0.74668	0.03513	0.01665	0.00690	0.00220	0.00326	0.07472	0.00498	0.00441
34	0.00797	0.00614	0.00896	0.00879	0.00960	0.00728	0.00679	0.00968	0.00853	0.01233	0.01406	0.02157	0.01346	0.10116	0.67241	0.00790	0.06992	0.00584	0.00287	0.00474
35	0.00691	0.00590	0.00648	0.00625	0.00785	0.00546	0.00477	0.00843	0.01238	0.01541	0.15634	0.04712	0.61474	0.01291	0.00715	0.00183	0.05982	0.01062	0.00493	0.00471
36	0.00767	0.00515	0.00590	0.00603	0.00606	0.00511	0.00344	0.00777	0.00807	0.01077	0.01829	0.11918	0.02125	0.72493	0.02509	0.00488	0.00498	0.00862	0.00344	0.00337
37	0.01243	0.01452	0.05059	0.02196	0.02730	0.01326	0.71549	0.01689	0.01256	0.01708	0.01141	0.03916	0.00896	0.00492	0.00632	0.00182	0.00884	0.00655	0.00277	0.00717
38	0.84927	0.01038	0.00789	0.00706	0.01038	0.01204	0.00581	0.01578	0.00914	0.02408	0.00747	0.00872	0.00581	0.00498	0.00332	0.00166	0.00415	0.00291	0.00332	0.00581
39	0.01113	0.00954	0.01113	0.00795	0.01272	0.00716	0.00636	0.01352	0.01113	0.01749	0.00954	0.01113	0.00795	0.00398	0.00398	0.00080	0.00398	0.00318	0.00318	0.84417
40	0.01681	0.01341	0.03455	0.01123	0.01508	0.03294	0.00926	0.38793	0.22779	0.05926	0.04060	0.01712	0.04040	0.00686	0.00535	0.00162	0.00519	0.00542	0.00516	0.06402
41	0.01180	0.24912	0.55167	0.01355	0.02034	0.01504	0.01663	0.01664	0.01114	0.01567	0.00896	0.01058	0.00683	0.00506	0.00494	0.00156	0.02694	0.00368	0.00228	0.00759
42	0.00663	0.00471	0.00620	0.00736	0.00765	0.00442	0.00486	0.00750	0.01010	0.01347	0.02868	0.75259	0.03436	0.07364	0.00832	0.00240	0.00326	0.01473	0.00486	0.00428
43	0.00859	0.00614	0.00859	0.00982	0.01103	0.00613	0.00855	0.01103	0.01230	0.01600	0.02845	0.08011	0.03101	0.01488	0.00740	0.00246	0.00489	0.72272	0.00494	0.00493
44	0.01072	0.00912	0.01081	0.02285	0.01276	0.00701	0.00640	0.01300	0.01105	0.01710	0.01126	0.07932	0.01029	0.00510	0.00425	0.00093	0.00396	0.00424	0.00332	0.75651
45	0.01090	0.01238	0.13870	0.00915	0.01428	0.00793	0.00854	0.01387	0.01113	0.01727	0.01029	0.04025	0.00877	0.00463	0.00427	0.00100	0.00460	0.00375	0.00309	0.67520
46	0.01077	0.02777	0.78354	0.01530	0.02323	0.01247	0.01983	0.01700	0.01133	0.01700	0.00963	0.01133	0.00680	0.00510	0.00510	0.00170	0.00793	0.00397	0.00227	0.00793
47	0.13938	0.01168	0.01601	0.09564	0.31339	0.03044	0.01185	0.05940	0.07491	0.17605	0.01300	0.01418	0.00960	0.00556	0.00505	0.00165	0.00563	0.00471	0.00393	0.00797
48	0.01410	0.64178	0.02477	0.00975	0.01360	0.08264	0.00914	0.01570	0.01105	0.01277	0.00909	0.06605	0.00895	0.00584	0.00469	0.00132	0.05574	0.00392	0.00253	0.00659
49	0.00967	0.00651	0.00820	0.00840	0.00959	0.00645	0.00618	0.10996	0.01300	0.05592	0.07970	0.49730	0.03062	0.02858	0.00726	0.01944	0.00378	0.08904	0.00510	0.00529
50	0.03993	0.01330	0.05291	0.03771	0.35727	0.02477	0.20454	0.01779	0.04609	0.08368	0.01202	0.01528	0.00953	0.00547	0.00602	0.00172	0.03586	0.02506	0.00319	0.00785
51	0.06415	0.00941	0.01320	0.11478	0.22046	0.02805	0.01017	0.05018	0.02742	0.07196	0.06445	0.21479	0.03083	0.00985	0.02626	0.00199	0.00529	0.02620	0.00402	0.00654
52	0.00911	0.00777	0.06333	0.00888	0.03397	0.00632	0.00700	0.04502	0.01258	0.06432	0.11070	0.28856	0.20098	0.02728	0.00678	0.00202	0.00387	0.09121	0.00490	0.00542
53	0.01160	0.01008	0.01699	0.58627	0.16536	0.01172	0.02778	0.01492	0.01125	0.06249	0.01039	0.01442	0.00783	0.00557	0.00565	0.01672	0.00685	0.00484	0.00270	0.00657
54	0.01210	0.15598	0.34320	0.07190	0.09294	0.02749	0.08190	0.04644	0.01193	0.01648	0.02518	0.01267	0.00845	0.00702	0.04525	0.00197	0.02477	0.00438	0.00260	0.00736
55	0.04279	0.00889	0.01174	0.00937	0.01299	0.00808	0.00767	0.06157	0.01518	0.59532	0.07003	0.03769	0.01637	0.00896	0.04304	0.00203	0.00494	0.02883	0.00617	0.00834
56	0.01256	0.01194	0.02000	0.08437	0.62222	0.01238	0.01525	0.01560	0.01208	0.01726	0.06457	0.01518	0.01133	0.00556	0.00616	0.00166	0.05598	0.00513	0.00285	0.00791
57	0.00774	0.02797	0.00843	0.06407	0.01119	0.00623	0.02196	0.00969	0.01214	0.01512	0.06681	0.06324	0.40261	0.02500	0.00685	0.00205	0.00397	0.23538	0.00467	0.00488

[dist]
# distance from previous block
# <min> <max>
0	10

[block]
# block no. 3 follows, 45 sequences, length 28
# corresponding to MSA columns:
# 694-721
name=unknown_D
#
# <colnr> <probs for GDERKNQSTAVLIFYWHMCP>
#	G	D	E	R	K	N	Q	S	T	A	V	L	I	F	Y	W	H	M	C	P
0	0.01023	0.00958	0.01654	0.60474	0.05193	0.01130	0.07684	0.01372	0.01116	0.01443	0.01226	0.02065	0.01053	0.00658	0.00573	0.00188	0.00699	0.10614	0.00277	0.00600
1	0.01127	0.02667	0.73094	0.01538	0.02310	0.01236	0.04654	0.01730	0.01151	0.04181	0.01005	0.01167	0.00706	0.00513	0.00515	0.00170	0.00786	0.00410	0.00243	0.00795
2	0.02220	0.03193	0.01396	0.01043	0.01452	0.00886	0.05143	0.05458	0.01533	0.64582	0.02024	0.01975	0.01355	0.00688	0.00550	0.00170	0.00493	0.04349	0.00616	0.00875
3	0.02041	0.01504	0.01611	0.01235	0.01665	0.01665	0.01020	0.75997	0.02524	0.03383	0.01289	0.01289	0.00913	0.00644	0.00537	0.00161	0.00591	0.00483	0.00537	0.00913
4	0.00657	0.00483	0.00617	0.00713	0.00772	0.00443	0.00485	0.00766	0.01086	0.01428	0.07714	0.65068	0.14599	0.01600	0.00675	0.00210	0.00302	0.01435	0.00504	0.00443
5	0.00949	0.00814	0.01282	0.32950	0.02176	0.00903	0.06404	0.06777	0.01177	0.01549	0.01884	0.36843	0.02003	0.01050	0.00610	0.00195	0.00539	0.00957	0.00379	0.00558
6	0.01014	0.00954	0.01610	0.79845	0.03697	0.01193	0.01491	0.01371	0.01073	0.01371	0.00954	0.01431	0.00716	0.00537	0.00537	0.00179	0.00716	0.00477	0.00239	0.00596
7	0.02408	0.00914	0.01246	0.00955	0.01370	0.00789	0.00789	0.02616	0.01536	0.78158	0.02118	0.01827	0.01329	0.00664	0.00540	0.00166	0.00457	0.00540	0.00664	0.00914
8	0.01168	0.01112	0.01889	0.42332	0.40004	0.01233	0.01568	0.01507	0.01146	0.01559	0.00981	0.01381	0.00782	0.00508	0.00534	0.00169	0.00677	0.00478	0.00252	0.00721
9	0.01299	0.01084	0.05770	0.09859	0.01761	0.03657	0.13349	0.03148	0.10257	0.15101	0.08341	0.18964	0.01939	0.00872	0.00612	0.00184	0.01885	0.00790	0.00448	0.00679
10	0.01230	0.13684	0.43844	0.01622	0.02273	0.05893	0.20694	0.01717	0.01184	0.01620	0.00956	0.01165	0.00716	0.00490	0.00516	0.00163	0.00801	0.00439	0.00241	0.00751
11	0.02345	0.00899	0.01225	0.00944	0.01348	0.00778	0.00778	0.02554	0.01536	0.75222	0.05030	0.01911	0.01473	0.00681	0.00543	0.00166	0.00449	0.00556	0.00662	0.00898
12	0.02088	0.01322	0.01490	0.01151	0.01566	0.01409	0.00949	0.53715	0.03983	0.22445	0.01526	0.01463	0.01047	0.00732	0.02395	0.00179	0.00573	0.00503	0.00564	0.00901
13	0.00956	0.02738	0.00912	0.09223	0.01228	0.00683	0.00700	0.05381	0.01194	0.06974	0.04877	0.45407	0.02769	0.02936	0.00679	0.00209	0.00409	0.09392	0.02802	0.00529
14	0.02308	0.00905	0.01223	0.00951	0.01347	0.00792	0.00780	0.04335	0.01534	0.72332	0.02141	0.05902	0.01434	0.00717	0.00547	0.00169	0.00453	0.00589	0.00653	0.00889
15	0.01340	0.54494	0.26412	0.01124	0.01682	0.04132	0.01255	0.01652	0.01117	0.01401	0.00817	0.00949	0.00686	0.00478	0.00400	0.00133	0.00654	0.00323	0.00230	0.00720
16	0.84927	0.01038	0.00789	0.00706	0.01038	0.01204	0.00581	0.01578	0.00914	0.02408	0.00747	0.00872	0.00581	0.00498	0.00332	0.00166	0.00415	0.00291	0.00332	0.00581
17	0.00839	0.00585	0.00634	0.00599	0.00802	0.00494	0.00457	0.00992	0.01281	0.09910	0.10777	0.04709	0.63478	0.01263	0.00624	0.00179	0.00291	0.01055	0.00524	0.00508
18	0.01974	0.01481	0.01641	0.01262	0.01688	0.01635	0.03537	0.69262	0.06775	0.03261	0.01334	0.01335	0.00951	0.00643	0.00541	0.00163	0.00592	0.00496	0.00529	0.00903
19	0.00932	0.00466	0.00699	0.00699	0.00699	0.00466	0.00466	0.00699	0.00699	0.00932	0.00932	0.01632	0.00932	0.01865	0.02098	0.84382	0.00466	0.00466	0.00233	0.00233
20	0.84927	0.01038	0.00789	0.00706	0.01038	0.01204	0.00581	0.01578	0.00914	0.02408	0.00747	0.00872	0.00581	0.00498	0.00332	0.00166	0.00415	0.00291	0.00332	0.00581
21	0.00854	0.00614	0.00850	0.00967	0.01094	0.00610	0.00843	0.01096	0.01235	0.01599	0.02965	0.06013	0.06627	0.01477	0.00736	0.00244	0.00484	0.70704	0.00494	0.00492
22	0.38240	0.05237	0.04904	0.04548	0.01607	0.01244	0.12562	0.07078	0.04128	0.11349	0.01150	0.01362	0.00873	0.00564	0.00459	0.00170	0.00551	0.02908	0.00377	0.00690
23	0.01107	0.09524	0.71875	0.01478	0.02242	0.01322	0.01892	0.01692	0.01130	0.01662	0.00945	0.01110	0.00681	0.00506	0.00496	0.00165	0.00775	0.00387	0.00227	0.00784
24	0.01435	0.81458	0.02813	0.00918	0.01378	0.02124	0.00918	0.01607	0.01091	0.01263	0.00746	0.00861	0.00689	0.00459	0.00344	0.00115	0.00574	0.00287	0.00230	0.00689
25	0.02408	0.00914	0.01246	0.00955	0.01370	0.00789	0.00789	0.02616	0.01536	0.78158	0.02118	0.01827	0.01329	0.00664	0.00540	0.00166	0.00457	0.00540	0.00664	0.00914
26	0.00735	0.00814	0.09136	0.00692	0.00947	0.00566	0.00613	0.00953	0.01263	0.01629	0.18372	0.04265	0.50833	0.01160	0.00607	0.00172	0.00333	0.00973	0.00476	0.05465
27	0.01138	0.04253	0.67949	0.01446	0.02171	0.01201	0.01821	0.01707	0.01167	0.05657	0.02990	0.01415	0.00911	0.00567	0.00519	0.00171	0.00747	0.03123	0.00268	0.00779

[dist]
# distance from previous block
# <min> <max>
0	1

[block]
# block no. 4 follows, 45 sequences, length 100
# corresponding to MSA columns:
# 723-770,790-808,817-820,824-849,854-856
name=unknown_E
#
# <colnr> <probs for GDERKNQSTAVLIFYWHMCP>
#	G	D	E	R	K	N	Q	S	T	A	V	L	I	F	Y	W	H	M	C	P
0	0.01306	0.06074	0.60245	0.01423	0.02131	0.01296	0.01733	0.09985	0.01317	0.07992	0.01082	0.01194	0.00758	0.00535	0.00508	0.00166	0.00734	0.00413	0.00296	0.00811
1	0.05587	0.10018	0.22438	0.01162	0.01651	0.12357	0.01152	0.04309	0.06082	0.22814	0.02921	0.01379	0.01021	0.00578	0.00490	0.00155	0.00627	0.00437	0.00401	0.04420
2	0.01077	0.02777	0.78354	0.01530	0.02323	0.01247	0.01983	0.01700	0.01133	0.01700	0.00963	0.01133	0.00680	0.00510	0.00510	0.00170	0.00793	0.00397	0.00227	0.00793
3	0.01411	0.66220	0.13719	0.01030	0.01529	0.05712	0.01079	0.01647	0.01118	0.01329	0.00782	0.00906	0.00688	0.00471	0.00375	0.00124	0.00625	0.00306	0.00231	0.00701
4	0.05384	0.51520	0.21685	0.01069	0.01589	0.04141	0.01159	0.01660	0.02558	0.01469	0.00859	0.00987	0.00718	0.00487	0.00395	0.00134	0.00622	0.00329	0.02531	0.00706
5	0.09661	0.05004	0.01122	0.00879	0.01169	0.00916	0.00708	0.03825	0.10728	0.29564	0.19077	0.07548	0.03777	0.00833	0.00575	0.00172	0.02490	0.00684	0.00549	0.00720
6	0.01326	0.52922	0.28494	0.01137	0.01706	0.03537	0.01284	0.01651	0.01115	0.01413	0.00822	0.00956	0.00686	0.00479	0.00404	0.00134	0.00657	0.00326	0.00230	0.00723
7	0.01116	0.02722	0.76101	0.01513	0.02295	0.01233	0.01948	0.01727	0.01145	0.03934	0.00997	0.01154	0.00699	0.00514	0.00511	0.00170	0.00783	0.00401	0.00239	0.00797
8	0.00693	0.00548	0.00625	0.00610	0.00767	0.00480	0.00461	0.00882	0.01350	0.01753	0.36056	0.04695	0.44914	0.01251	0.00636	0.00178	0.00269	0.02818	0.00538	0.00477
9	0.01335	0.01153	0.01214	0.01092	0.01396	0.01335	0.00850	0.02852	0.76817	0.02245	0.02185	0.02003	0.01639	0.00728	0.00546	0.00182	0.00425	0.00607	0.00546	0.00850
10	0.00932	0.00466	0.00699	0.00699	0.00699	0.00466	0.00466	0.00699	0.00699	0.00932	0.00932	0.01632	0.00932	0.01865	0.02098	0.84382	0.00466	0.00466	0.00233	0.00233
11	0.01267	0.01448	0.03167	0.02262	0.02805	0.01357	0.75837	0.01719	0.01267	0.01719	0.01086	0.01448	0.00814	0.00452	0.00633	0.00181	0.00905	0.00633	0.00271	0.00724
12	0.01436	0.01233	0.01254	0.01111	0.01424	0.04824	0.00868	0.07507	0.66882	0.04085	0.02065	0.01906	0.01542	0.00714	0.00543	0.00178	0.00461	0.00586	0.00536	0.00845
13	0.00768	0.00571	0.00840	0.00840	0.00928	0.00659	0.00643	0.00944	0.00856	0.01229	0.01458	0.02223	0.01392	0.10294	0.72808	0.00835	0.01363	0.00592	0.00291	0.00467
14	0.01345	0.01260	0.02044	0.06485	0.64494	0.01293	0.01544	0.04853	0.07947	0.01848	0.01123	0.01391	0.00916	0.00510	0.00533	0.00162	0.00620	0.00490	0.00301	0.00841
15	0.84927	0.01038	0.00789	0.00706	0.01038	0.01204	0.00581	0.01578	0.00914	0.02408	0.00747	0.00872	0.00581	0.00498	0.00332	0.00166	0.00415	0.00291	0.00332	0.00581
16	0.01255	0.01680	0.17406	0.02100	0.06026	0.01329	0.53888	0.04816	0.01288	0.01781	0.01100	0.02753	0.00842	0.00494	0.00602	0.00178	0.00848	0.00590	0.00278	0.00746
17	0.00654	0.00467	0.00623	0.00747	0.00779	0.00436	0.00498	0.00747	0.01028	0.01370	0.02959	0.80785	0.03550	0.01682	0.00685	0.00218	0.00311	0.01526	0.00498	0.00436
18	0.01335	0.01153	0.01214	0.01092	0.01396	0.01335	0.00850	0.02852	0.76817	0.02245	0.02185	0.02003	0.01639	0.00728	0.00546	0.00182	0.00425	0.00607	0.00546	0.00850
19	0.01147	0.17125	0.55956	0.01337	0.02034	0.01351	0.01639	0.01645	0.01123	0.01625	0.00922	0.01081	0.00694	0.00488	0.00467	0.00150	0.00710	0.00368	0.00237	0.09901
20	0.01248	0.01193	0.02033	0.22972	0.58742	0.01254	0.01607	0.01576	0.01184	0.01655	0.00995	0.01355	0.00816	0.00493	0.00533	0.00164	0.00658	0.00478	0.00259	0.00785
21	0.01267	0.01448	0.03167	0.02262	0.02805	0.01357	0.75837	0.01719	0.01267	0.01719	0.01086	0.01448	0.00814	0.00452	0.00633	0.00181	0.00905	0.00633	0.00271	0.00724
22	0.01140	0.02448	0.61645	0.01616	0.02342	0.01235	0.14415	0.01712	0.01170	0.04029	0.01113	0.01292	0.02335	0.00523	0.00534	0.00172	0.00791	0.00457	0.00253	0.00778
23	0.01329	0.01275	0.02179	0.03295	0.77787	0.01275	0.01647	0.01647	0.01222	0.01754	0.01010	0.01329	0.00850	0.00478	0.00531	0.00159	0.00638	0.00478	0.00266	0.00850
24	0.01335	0.01153	0.01214	0.01092	0.01396	0.01335	0.00850	0.02852	0.76817	0.02245	0.02185	0.02003	0.01639	0.00728	0.00546	0.00182	0.00425	0.00607	0.00546	0.00850
25	0.01020	0.00955	0.01618	0.61616	0.11473	0.01132	0.03440	0.01350	0.01090	0.01423	0.01160	0.09201	0.01011	0.00640	0.00553	0.00181	0.00673	0.00584	0.00268	0.00612
26	0.05115	0.17338	0.44648	0.01316	0.01950	0.01498	0.01519	0.17079	0.01404	0.01998	0.00980	0.01102	0.00726	0.00528	0.00476	0.00158	0.00693	0.00389	0.00296	0.00789
27	0.01329	0.01275	0.02179	0.03295	0.77787	0.01275	0.01647	0.01647	0.01222	0.01754	0.01010	0.01329	0.00850	0.00478	0.00531	0.00159	0.00638	0.00478	0.00266	0.00850
28	0.00700	0.00545	0.00636	0.00617	0.00766	0.00481	0.00461	0.00897	0.01374	0.01815	0.43046	0.06306	0.37966	0.01230	0.00635	0.00176	0.00263	0.01057	0.00547	0.00481
29	0.00747	0.00622	0.00795	0.00769	0.00908	0.00600	0.03681	0.00963	0.04576	0.01571	0.14994	0.26881	0.33748	0.01325	0.00708	0.00193	0.04791	0.01143	0.00490	0.00493
30	0.01329	0.01275	0.02179	0.03295	0.77787	0.01275	0.01647	0.01647	0.01222	0.01754	0.01010	0.01329	0.00850	0.00478	0.00531	0.00159	0.00638	0.00478	0.00266	0.00850
31	0.01014	0.00954	0.01610	0.79845	0.03697	0.01193	0.01491	0.01371	0.01073	0.01371	0.00954	0.01431	0.00716	0.00537	0.00537	0.00179	0.00716	0.00477	0.00239	0.00596
32	0.00976	0.00823	0.00932	0.00963	0.01103	0.05158	0.00753	0.01451	0.18492	0.01635	0.02544	0.27680	0.04395	0.01371	0.03091	0.00234	0.03818	0.23535	0.00478	0.00567
33	0.01086	0.02711	0.74655	0.01566	0.02347	0.01252	0.05617	0.01701	0.01140	0.01701	0.00969	0.01149	0.00687	0.00507	0.00516	0.00171	0.00799	0.00408	0.00229	0.00790
34	0.01329	0.01275	0.02179	0.03295	0.77787	0.01275	0.01647	0.01647	0.01222	0.01754	0.01010	0.01329	0.00850	0.00478	0.00531	0.00159	0.00638	0.00478	0.00266	0.00850
35	0.00669	0.00544	0.00595	0.00599	0.00759	0.00469	0.00451	0.00830	0.01270	0.01587	0.19018	0.09219	0.56379	0.01332	0.00642	0.00184	0.00280	0.04192	0.00516	0.00464
36	0.20102	0.00973	0.01161	0.00918	0.01312	0.00934	0.00756	0.05433	0.04196	0.56001	0.01791	0.01606	0.01162	0.00630	0.00495	0.00166	0.00452	0.00486	0.00583	0.00840
37	0.01593	0.01872	0.01582	0.01396	0.01535	0.40608	0.01105	0.01721	0.01174	0.01303	0.00768	0.01070	0.00698	0.00745	0.01118	0.00186	0.40257	0.00407	0.00256	0.00605
38	0.00844	0.00603	0.00841	0.00965	0.01079	0.00600	0.00829	0.01076	0.01215	0.01583	0.02854	0.13383	0.03134	0.01502	0.00736	0.00244	0.00476	0.67050	0.00495	0.00489
39	0.01333	0.01305	0.02108	0.08985	0.69004	0.04534	0.01610	0.01647	0.01224	0.01706	0.00998	0.01321	0.00833	0.00486	0.00530	0.00160	0.00657	0.00473	0.00264	0.00822
40	0.01313	0.01259	0.02150	0.07167	0.74039	0.01271	0.01639	0.01633	0.01215	0.01734	0.01007	0.01334	0.00843	0.00481	0.00532	0.00160	0.00642	0.00478	0.00264	0.00837
41	0.01077	0.02777	0.78354	0.01530	0.02323	0.01247	0.01983	0.01700	0.01133	0.01700	0.00963	0.01133	0.00680	0.00510	0.00510	0.00170	0.00793	0.00397	0.00227	0.00793
42	0.00725	0.00659	0.00618	0.00611	0.00792	0.04862	0.00461	0.00872	0.01259	0.01491	0.09707	0.04880	0.66682	0.01301	0.00629	0.00180	0.00316	0.02995	0.00492	0.00467
43	0.01603	0.65492	0.02518	0.00953	0.01395	0.06873	0.00909	0.01778	0.01179	0.11677	0.00937	0.00999	0.00776	0.00493	0.00380	0.00123	0.00583	0.00325	0.00291	0.00715
44	0.02321	0.00958	0.01263	0.00976	0.01382	0.00864	0.00803	0.09699	0.01618	0.68642	0.02062	0.04082	0.01353	0.00692	0.00544	0.00167	0.00466	0.00563	0.00647	0.00900
45	0.00634	0.00544	0.00544	0.00544	0.00725	0.00453	0.00408	0.00770	0.01224	0.01450	0.05438	0.05166	0.77569	0.01359	0.00634	0.00181	0.00272	0.01133	0.00498	0.00453
46	0.01036	0.00997	0.01745	0.73132	0.03620	0.01207	0.07924	0.01402	0.01090	0.01402	0.00965	0.01433	0.00724	0.00529	0.00545	0.00179	0.00732	0.00491	0.00241	0.00607
47	0.02029	0.00846	0.01136	0.00899	0.01250	0.00746	0.00731	0.04004	0.01556	0.59305	0.19030	0.02304	0.02158	0.00761	0.00561	0.00167	0.00414	0.00635	0.00645	0.00822
48	0.01329	0.01275	0.02179	0.03295	0.77787	0.01275	0.01647	0.01647	0.01222	0.01754	0.01010	0.01329	0.00850	0.00478	0.00531	0.00159	0.00638	0.00478	0.00266	0.00850
49	0.01389	0.71344	0.12523	0.00997	0.01499	0.02011	0.01055	0.01619	0.01096	0.01319	0.00774	0.00896	0.00688	0.00466	0.00366	0.00122	0.00602	0.00301	0.00229	0.00702
50	0.04176	0.00565	0.00554	0.00551	0.00738	0.00485	0.00415	0.00804	0.01210	0.01490	0.05241	0.04986	0.74335	0.01323	0.00622	0.00181	0.00278	0.01098	0.00491	0.00459
51	0.02167	0.01251	0.01451	0.01111	0.01536	0.01287	0.00917	0.44492	0.02090	0.33627	0.01616	0.01503	0.01078	0.00647	0.00535	0.00161	0.00532	0.00502	0.00583	0.02912
52	0.01267	0.01448	0.03167	0.02262	0.02805	0.01357	0.75837	0.01719	0.01267	0.01719	0.01086	0.01448	0.00814	0.00452	0.00633	0.00181	0.00905	0.00633	0.00271	0.00724
53	0.84927	0.01038	0.00789	0.00706	0.01038	0.01204	0.00581	0.01578	0.00914	0.02408	0.00747	0.00872	0.00581	0.00498	0.00332	0.00166	0.00415	0.00291	0.00332	0.00581
54	0.84927	0.01038	0.00789	0.00706	0.01038	0.01204	0.00581	0.01578	0.00914	0.02408	0.00747	0.00872	0.00581	0.00498	0.00332	0.00166	0.00415	0.00291	0.00332	0.00581
55	0.00654	0.00467	0.00623	0.00747	0.00779	0.00436	0.00498	0.00747	0.01028	0.01370	0.02959	0.80785	0.03550	0.01682	0.00685	0.00218	0.00311	0.01526	0.00498	0.00436
56	0.01350	0.01160	0.01222	0.01095	0.01401	0.01342	0.00853	0.04380	0.75266	0.02269	0.02166	0.01988	0.01623	0.00727	0.00546	0.00182	0.00428	0.00604	0.00546	0.00851
57	0.01267	0.01448	0.03167	0.02262	0.02805	0.01357	0.75837	0.01719	0.01267	0.01719	0.01086	0.01448	0.00814	0.00452	0.00633	0.00181	0.00905	0.00633	0.00271	0.00724
58	0.84927	0.01038	0.00789	0.00706	0.01038	0.01204	0.00581	0.01578	0.00914	0.02408	0.00747	0.00872	0.00581	0.00498	0.00332	0.00166	0.00415	0.00291	0.00332	0.00581
59	0.01267	0.01448	0.03167	0.02262	0.02805	0.01357	0.75837	0.01719	0.01267	0.01719	0.01086	0.01448	0.00814	0.00452	0.00633	0.00181	0.00905	0.00633	0.00271	0.00724
60	0.01267	0.01448	0.03167	0.02262	0.02805	0.01357	0.75837	0.01719	0.01267	0.01719	0.01086	0.01448	0.00814	0.00452	0.00633	0.00181	0.00905	0.00633	0.00271	0.00724
61	0.01309	0.01126	0.01191	0.01073	0.01369	0.01298	0.00834	0.02769	0.73397	0.02241	0.05606	0.02094	0.01794	0.00745	0.00550	0.00181	0.00417	0.00623	0.00548	0.00834
62	0.01267	0.01448	0.03167	0.02262	0.02805	0.01357	0.75837	0.01719	0.01267	0.01719	0.01086	0.01448	0.00814	0.00452	0.00633	0.00181	0.00905	0.00633	0.00271	0.00724
63	0.00634	0.00544	0.00544	0.00544	0.00725	0.00453	0.00408	0.00770	0.01224	0.01450	0.05438	0.05166	0.77569	0.01359	0.00634	0.00181	0.00272	0.01133	0.00498	0.00453
64	0.02366	0.00903	0.01231	0.00950	0.01356	0.00780	0.00782	0.02571	0.01524	0.76315	0.02138	0.03723	0.01382	0.00689	0.00543	0.00167	0.00453	0.00563	0.00660	0.00902
65	0.01014	0.00954	0.01610	0.79845	0.03697	0.01193	0.01491	0.01371	0.01073	0.01371	0.00954	0.01431	0.00716	0.00537	0.00537	0.00179	0.00716	0.00477	0.00239	0.00596
