[name]
unknown

[dist]
# distance from previous block
# <min> <max>
0	23

[block]
# block no. 0 follows, 42 sequences, length 6
# corresponding to MSA columns:
# 79-84
name=unknown_A
#
# <colnr> <probs for GDERKNQSTAVLIFYWHMCP>
#	G	D	E	R	K	N	Q	S	T	A	V	L	I	F	Y	W	H	M	C	P
0	0.00844	0.00669	0.00879	0.10448	0.01318	0.00682	0.00754	0.01149	0.06878	0.01639	0.08134	0.25471	0.18571	0.01376	0.00688	0.00217	0.00422	0.18829	0.00498	0.00534
1	0.08801	0.26069	0.10185	0.01049	0.01444	0.11921	0.00967	0.01800	0.05642	0.09534	0.04407	0.09290	0.05242	0.00745	0.00496	0.00161	0.00591	0.00572	0.00381	0.00703
2	0.00972	0.00757	0.01067	0.05964	0.01293	0.00805	0.04575	0.08729	0.01227	0.01652	0.02222	0.31859	0.02428	0.09491	0.12297	0.00352	0.03337	0.09993	0.00437	0.00544
3	0.01348	0.01297	0.02176	0.09923	0.62839	0.01368	0.01664	0.01665	0.01226	0.01755	0.01022	0.01386	0.00864	0.00555	0.00685	0.00177	0.08437	0.00500	0.00273	0.00841
4	0.00935	0.00590	0.00767	0.00750	0.00890	0.00536	0.00551	0.01136	0.01419	0.09789	0.41602	0.26304	0.09961	0.01304	0.00670	0.00193	0.00307	0.01155	0.00591	0.00550
5	0.12463	0.09832	0.04998	0.09078	0.05265	0.10002	0.04214	0.24399	0.07141	0.05606	0.01200	0.01307	0.00898	0.00598	0.00511	0.00167	0.00657	0.00457	0.00408	0.00799

[dist]
# distance from previous block
# <min> <max>
0	7

[block]
# block no. 1 follows, 42 sequences, length 6
# corresponding to MSA columns:
# 92-97
name=unknown_B
#
# <colnr> <probs for GDERKNQSTAVLIFYWHMCP>
#	G	D	E	R	K	N	Q	S	T	A	V	L	I	F	Y	W	H	M	C	P
0	0.00790	0.00590	0.00733	0.00739	0.00862	0.00525	0.00514	0.00934	0.01178	0.01623	0.18107	0.38548	0.08360	0.11465	0.00937	0.00236	0.00351	0.01177	0.00494	0.11836
1	0.05007	0.36387	0.15851	0.01120	0.01616	0.04479	0.01128	0.13104	0.01460	0.06540	0.07368	0.01369	0.01180	0.00596	0.00467	0.00150	0.00619	0.00433	0.00356	0.00770
2	0.01232	0.06120	0.01339	0.05810	0.01432	0.00904	0.06994	0.01470	0.01123	0.14554	0.01574	0.04349	0.01328	0.02403	0.38474	0.00527	0.01027	0.00593	0.05474	0.03273
3	0.12189	0.08448	0.01593	0.01131	0.01559	0.01531	0.00945	0.40423	0.07460	0.17010	0.01463	0.01419	0.01031	0.00650	0.00520	0.00168	0.00556	0.00484	0.00534	0.00889
4	0.01764	0.01169	0.01365	0.01048	0.01476	0.01128	0.00852	0.24553	0.04999	0.18994	0.01503	0.04275	0.01136	0.00643	0.00563	0.00146	0.03245	0.00503	0.00499	0.30140
5	0.01441	0.01052	0.07572	0.01057	0.01361	0.00909	0.03907	0.10054	0.05820	0.20171	0.08573	0.21610	0.05472	0.01048	0.00655	0.00194	0.02480	0.03608	0.02299	0.00720

[dist]
# distance from previous block
# <min> <max>
2	9

[block]
# block no. 2 follows, 42 sequences, length 14
# corresponding to MSA columns:
# 107-120
name=unknown_C
#
# <colnr> <probs for GDERKNQSTAVLIFYWHMCP>
#	G	D	E	R	K	N	Q	S	T	A	V	L	I	F	Y	W	H	M	C	P
0	0.01105	0.13044	0.01145	0.00780	0.01016	0.00854	0.00630	0.01383	0.04715	0.10557	0.38053	0.06637	0.15850	0.01049	0.00604	0.00173	0.00356	0.00890	0.00547	0.00613
1	0.01895	0.16003	0.01882	0.13231	0.01988	0.01662	0.01101	0.42487	0.02026	0.10426	0.01282	0.01350	0.00927	0.00624	0.00526	0.00163	0.00622	0.00474	0.00469	0.00862
2	0.03903	0.01158	0.01374	0.01087	0.01492	0.01172	0.00884	0.22840	0.13346	0.40793	0.01943	0.01826	0.01327	0.03412	0.00640	0.00188	0.00514	0.00563	0.00621	0.00919
3	0.00723	0.00572	0.00651	0.00631	0.00796	0.00500	0.00473	0.00920	0.01420	0.01846	0.36994	0.04879	0.44987	0.01304	0.00665	0.00184	0.00276	0.01112	0.00565	0.00500
4	0.05127	0.01141	0.01691	0.11775	0.28016	0.01244	0.01268	0.01859	0.07569	0.15075	0.01591	0.01765	0.05734	0.00700	0.00758	0.00187	0.12767	0.00557	0.00387	0.00788
5	0.18095	0.14377	0.27264	0.01486	0.06915	0.03567	0.09633	0.04375	0.01246	0.06671	0.01031	0.01186	0.00773	0.00531	0.00488	0.00167	0.00693	0.00420	0.00310	0.00773
6	0.01584	0.00887	0.01135	0.02686	0.01296	0.00898	0.00780	0.14150	0.04052	0.25961	0.06129	0.16422	0.01976	0.03166	0.15819	0.00335	0.00671	0.00785	0.00539	0.00731
7	0.00986	0.00640	0.00726	0.00682	0.00895	0.00556	0.00519	0.01184	0.03198	0.13321	0.11414	0.11009	0.50190	0.01299	0.00652	0.00190	0.00321	0.01097	0.00560	0.00564
8	0.04418	0.25630	0.03608	0.09888	0.17009	0.09481	0.01197	0.05929	0.12859	0.03154	0.01166	0.01312	0.00935	0.00565	0.00488	0.00157	0.00647	0.00440	0.00335	0.00780
9	0.04919	0.01290	0.01592	0.10915	0.20355	0.07567	0.02531	0.18759	0.03607	0.06663	0.01354	0.02919	0.01052	0.00621	0.00527	0.00165	0.00605	0.00517	0.13261	0.00781
10	0.00798	0.00690	0.00863	0.01038	0.12548	0.00617	0.00645	0.00989	0.01329	0.01681	0.15642	0.04609	0.54033	0.01241	0.00648	0.00185	0.00342	0.01056	0.00499	0.00548
11	0.01231	0.00975	0.01112	0.00825	0.01264	0.00800	0.00659	0.07645	0.01295	0.02020	0.01160	0.01327	0.00938	0.00476	0.00426	0.00098	0.00410	0.00378	0.13224	0.63738
12	0.01475	0.13063	0.26275	0.01412	0.01984	0.03776	0.09822	0.19308	0.04095	0.02174	0.04200	0.01373	0.01021	0.00579	0.00529	0.00161	0.00699	0.00474	0.00358	0.07221
13	0.06586	0.25389	0.08743	0.01454	0.03224	0.06540	0.21883	0.01651	0.01223	0.03631	0.01312	0.13387	0.01238	0.00698	0.00535	0.00169	0.00692	0.00630	0.00320	0.00698

[dist]
# distance from previous block
# <min> <max>
1	2

[block]
# block no. 3 follows, 42 sequences, length 17
# corresponding to MSA columns:
# 124-140
name=unknown_D
#
# <colnr> <probs for GDERKNQSTAVLIFYWHMCP>
#	G	D	E	R	K	N	Q	S	T	A	V	L	I	F	Y	W	H	M	C	P
0	0.01299	0.00688	0.00903	0.00785	0.01011	0.00615	0.00611	0.01541	0.01576	0.24367	0.49303	0.03614	0.09324	0.01036	0.00635	0.00177	0.00330	0.00896	0.00635	0.00653
1	0.13430	0.01284	0.01343	0.07187	0.04948	0.05968	0.00962	0.08843	0.39912	0.07584	0.01748	0.01709	0.01299	0.00678	0.00534	0.00181	0.00529	0.00540	0.00494	0.00826
2	0.03894	0.01040	0.01305	0.01013	0.01409	0.00981	0.00826	0.12721	0.01611	0.47113	0.01895	0.01848	0.02733	0.04626	0.00720	0.00185	0.04265	0.00546	0.00584	0.10684
3	0.01368	0.36759	0.31999	0.01316	0.04421	0.03630	0.01413	0.01801	0.04262	0.03072	0.00984	0.01116	0.00784	0.00518	0.00455	0.00148	0.00688	0.00375	0.00269	0.04621
4	0.01557	0.00951	0.06630	0.00972	0.01256	0.00798	0.00804	0.05809	0.05043	0.30518	0.02269	0.26288	0.02080	0.04508	0.05356	0.02482	0.00527	0.00889	0.00545	0.00717
5	0.08318	0.00963	0.01243	0.00976	0.01384	0.00876	0.00801	0.02597	0.05645	0.63971	0.05678	0.01963	0.01542	0.00709	0.00555	0.00175	0.00464	0.00572	0.00661	0.00908
6	0.05217	0.01024	0.01232	0.08038	0.01572	0.00913	0.00796	0.09366	0.01353	0.10073	0.01312	0.07007	0.01099	0.00591	0.00481	0.00127	0.00470	0.00483	0.00404	0.48446
7	0.53449	0.01167	0.01184	0.05143	0.08953	0.02703	0.02267	0.07972	0.01217	0.08157	0.01011	0.01145	0.00759	0.00552	0.00425	0.00173	0.00511	0.00384	0.02131	0.00697
8	0.00818	0.00546	0.00614	0.00614	0.00614	0.00546	0.00341	0.00818	0.00818	0.01091	0.01773	0.03683	0.02046	0.80222	0.02864	0.00546	0.00546	0.00818	0.00341	0.00341
9	0.00763	0.00569	0.00709	0.00684	0.00823	0.00515	0.00509	0.00993	0.01498	0.02055	0.57378	0.08957	0.19985	0.01244	0.00667	0.00183	0.00273	0.01088	0.00594	0.00515
10	0.03025	0.01195	0.06660	0.54349	0.11268	0.02834	0.01508	0.01648	0.01203	0.09349	0.01126	0.01489	0.00826	0.00568	0.00555	0.00182	0.00718	0.00495	0.00301	0.00702
11	0.01505	0.80561	0.02949	0.00963	0.01444	0.02227	0.00963	0.01685	0.01143	0.01324	0.00782	0.00903	0.00722	0.00481	0.00361	0.00120	0.00602	0.00301	0.00241	0.00722
12	0.00681	0.00530	0.00620	0.00684	0.00792	0.00468	0.00480	0.00806	0.01192	0.01510	0.07422	0.43016	0.36624	0.01584	0.00692	0.00209	0.00305	0.01389	0.00527	0.00468
13	0.60240	0.01168	0.01090	0.16559	0.04094	0.05580	0.00863	0.01646	0.01038	0.02220	0.00841	0.01053	0.00653	0.00533	0.00407	0.00175	0.00539	0.00353	0.00323	0.00624
14	0.01624	0.00744	0.01002	0.00871	0.01129	0.00660	0.00675	0.01827	0.01480	0.39050	0.22402	0.20974	0.02999	0.01071	0.00628	0.00188	0.00385	0.00932	0.00635	0.00724
15	0.03813	0.40502	0.09435	0.01067	0.01560	0.01580	0.04631	0.01776	0.01220	0.12465	0.01157	0.04402	0.00962	0.00562	0.00445	0.00138	0.00580	0.00427	0.00337	0.12942
16	0.07689	0.01288	0.01782	0.02246	0.38630	0.04797	0.01289	0.10283	0.03862	0.14612	0.01330	0.01505	0.01019	0.00838	0.06172	0.00222	0.00684	0.00504	0.00398	0.00850

[dist]
# distance from previous block
# <min> <max>
0	4

[block]
# block no. 4 follows, 42 sequences, length 19
# corresponding to MSA columns:
# 145-163
name=unknown_E
#
# <colnr> <probs for GDERKNQSTAVLIFYWHMCP>
#	G	D	E	R	K	N	Q	S	T	A	V	L	I	F	Y	W	H	M	C	P
0	0.00855	0.00574	0.00756	0.00739	0.00864	0.00529	0.00543	0.01080	0.01477	0.05696	0.56144	0.21301	0.04759	0.01268	0.00671	0.00189	0.00290	0.01128	0.00601	0.00535
1	0.04452	0.14128	0.36731	0.01389	0.04193	0.05648	0.01481	0.08358	0.01402	0.15307	0.01207	0.01276	0.00859	0.00569	0.00509	0.00166	0.00707	0.00429	0.00356	0.00833
2	0.00818	0.00546	0.00614	0.00614	0.00614	0.00546	0.00341	0.00818	0.00818	0.01091	0.01773	0.03683	0.02046	0.80222	0.02864	0.00546	0.00546	0.00818	0.00341	0.00341
3	0.01451	0.04365	0.05956	0.01951	0.26873	0.04956	0.01254	0.08468	0.30351	0.02130	0.01711	0.01833	0.03347	0.00671	0.00560	0.00177	0.00586	0.02077	0.00426	0.00857
4	0.00818	0.00546	0.00614	0.00614	0.00614	0.00546	0.00341	0.00818	0.00818	0.01091	0.01773	0.03683	0.02046	0.80222	0.02864	0.00546	0.00546	0.00818	0.00341	0.00341
5	0.01364	0.01336	0.02123	0.22233	0.49677	0.05331	0.04444	0.03583	0.01296	0.01757	0.01045	0.01404	0.00847	0.00524	0.00560	0.00172	0.00717	0.00500	0.00280	0.00809
6	0.01432	0.01252	0.01926	0.10147	0.45632	0.01250	0.01422	0.08331	0.03125	0.04760	0.01142	0.01398	0.00912	0.00523	0.00536	0.00156	0.00618	0.00479	0.00333	0.14625
7	0.01167	0.01000	0.01167	0.00834	0.01334	0.00750	0.00667	0.01417	0.01167	0.01834	0.01000	0.01167	0.00834	0.00417	0.00417	0.00083	0.00417	0.00333	0.00333	0.83663
8	0.01407	0.02153	0.32053	0.02277	0.31287	0.11974	0.01724	0.03930	0.04576	0.01823	0.01075	0.01288	0.00835	0.00542	0.00542	0.00170	0.00771	0.00454	0.00285	0.00836
9	0.10560	0.01177	0.03395	0.01040	0.01355	0.01227	0.00848	0.30465	0.05672	0.09106	0.12782	0.05232	0.01858	0.08775	0.00842	0.00216	0.03537	0.00646	0.00515	0.00753
10	0.00743	0.00559	0.00648	0.00646	0.00762	0.00507	0.00454	0.00892	0.01270	0.01669	0.28235	0.12004	0.30094	0.17715	0.01126	0.00263	0.00337	0.01095	0.00517	0.00464
11	0.01340	0.05798	0.26974	0.19591	0.10577	0.06657	0.06171	0.06211	0.03390	0.03949	0.03357	0.01423	0.00951	0.00572	0.00549	0.00174	0.00753	0.00485	0.00305	0.00772
12	0.00784	0.00588	0.00680	0.00687	0.00835	0.00532	0.00501	0.01001	0.04316	0.03765	0.20544	0.22406	0.36521	0.03346	0.00725	0.00205	0.00309	0.01198	0.00546	0.00510
13	0.42265	0.01036	0.01022	0.03224	0.01274	0.01120	0.00714	0.08966	0.03367	0.19769	0.01349	0.01385	0.00962	0.00602	0.00438	0.00169	0.00452	0.00427	0.10737	0.00721
14	0.84197	0.01088	0.00827	0.00740	0.01088	0.01262	0.00609	0.01654	0.00958	0.02525	0.00784	0.00914	0.00609	0.00522	0.00348	0.00174	0.00435	0.00305	0.00348	0.00609
15	0.02139	0.01576	0.01689	0.01295	0.01745	0.01745	0.01070	0.74835	0.02646	0.03547	0.01351	0.01351	0.00957	0.00676	0.00563	0.00169	0.00619	0.00507	0.00563	0.00957
16	0.00932	0.00792	0.01151	0.01077	0.01147	0.01010	0.00862	0.01110	0.00892	0.01321	0.01276	0.01916	0.01206	0.03248	0.55112	0.00707	0.24850	0.00570	0.00285	0.00536
17	0.02197	0.01359	0.01542	0.01187	0.01621	0.01433	0.00979	0.51173	0.02306	0.24656	0.04575	0.01626	0.01255	0.00700	0.00568	0.00171	0.00565	0.00544	0.00604	0.00940
18	0.01141	0.00709	0.00828	0.00762	0.00990	0.00656	0.00589	0.01436	0.08145	0.16960	0.06512	0.06270	0.38971	0.05186	0.04892	0.00246	0.00428	0.04123	0.00545	0.00610

[dist]
# distance from previous block
# <min> <max>
0	1

[block]
# block no. 5 follows, 42 sequences, length 47
# corresponding to MSA columns:
# 165-182,216-244
name=unknown_F
#
# <colnr> <probs for GDERKNQSTAVLIFYWHMCP>
#	G	D	E	R	K	N	Q	S	T	A	V	L	I	F	Y	W	H	M	C	P
0	0.23762	0.01247	0.01908	0.16207	0.11485	0.03167	0.20781	0.03252	0.01186	0.01952	0.01017	0.01332	0.00794	0.00551	0.00593	0.00181	0.05043	0.00489	0.04360	0.00692
1	0.07503	0.00808	0.00882	0.00759	0.01009	0.00818	0.00598	0.12415	0.01455	0.17518	0.01797	0.03854	0.01374	0.02769	0.00523	0.00162	0.00380	0.00549	0.44153	0.00676
2	0.00797	0.00604	0.00733	0.00728	0.00882	0.00556	0.00564	0.02794	0.01449	0.01925	0.37252	0.08482	0.28205	0.01317	0.00681	0.00195	0.00320	0.11431	0.00567	0.00518
3	0.02073	0.00949	0.01221	0.00986	0.01357	0.00890	0.00797	0.02549	0.15177	0.52779	0.12773	0.02274	0.02009	0.00773	0.00581	0.00178	0.00442	0.00643	0.00663	0.00885
4	0.01298	0.01240	0.02113	0.25160	0.55748	0.01312	0.01680	0.01644	0.01236	0.01723	0.01042	0.01424	0.00851	0.00519	0.00559	0.00173	0.00692	0.00501	0.00270	0.00815
5	0.01166	0.01007	0.01197	0.03018	0.01408	0.00791	0.00707	0.01416	0.01157	0.01809	0.00993	0.01178	0.00829	0.00437	0.00461	0.00091	0.02613	0.00342	0.00329	0.79051
6	0.01464	0.62539	0.13652	0.01063	0.01580	0.01992	0.01116	0.03457	0.01189	0.03276	0.00890	0.01027	0.00767	0.00634	0.03187	0.00159	0.00665	0.00340	0.00261	0.00742
7	0.00924	0.00620	0.00774	0.00743	0.00896	0.00576	0.00550	0.01197	0.05062	0.07892	0.41801	0.17340	0.14855	0.03314	0.00719	0.00198	0.00312	0.01085	0.00585	0.00556
8	0.02110	0.04114	0.01588	0.01339	0.01674	0.51889	0.01036	0.15960	0.01773	0.09495	0.01121	0.01196	0.00855	0.00609	0.00517	0.00151	0.00856	0.00413	0.02564	0.00739
9	0.01081	0.00637	0.00835	0.00755	0.00938	0.00576	0.00577	0.01327	0.01563	0.14945	0.57979	0.06803	0.07548	0.01108	0.00649	0.00179	0.00305	0.00970	0.00625	0.00598
10	0.01505	0.80561	0.02949	0.00963	0.01444	0.02227	0.00963	0.01685	0.01143	0.01324	0.00782	0.00903	0.00722	0.00481	0.00361	0.00120	0.00602	0.00301	0.00241	0.00722
11	0.00690	0.00497	0.00655	0.00772	0.00815	0.00461	0.00519	0.00797	0.01108	0.01477	0.06559	0.73708	0.06411	0.01723	0.00714	0.00225	0.00322	0.01558	0.00527	0.00461
12	0.00738	0.00519	0.00640	0.00709	0.00742	0.00499	0.00453	0.00805	0.00989	0.01309	0.02732	0.43950	0.07948	0.31233	0.03815	0.00365	0.00441	0.01249	0.00448	0.00416
13	0.00735	0.00555	0.00682	0.00701	0.00824	0.00501	0.00514	0.00923	0.01362	0.01817	0.34900	0.24047	0.24804	0.01401	0.00683	0.00197	0.00296	0.03999	0.00563	0.00496
14	0.06094	0.01125	0.01784	0.45132	0.02936	0.01405	0.07567	0.03175	0.01097	0.01560	0.00937	0.01391	0.00752	0.00669	0.00904	0.00202	0.21863	0.00500	0.00265	0.00641
15	0.00726	0.00519	0.00699	0.00830	0.00880	0.00492	0.00593	0.00853	0.01117	0.01482	0.03079	0.66438	0.03634	0.01725	0.00729	0.00234	0.00361	0.14619	0.00522	0.00468
16	0.01167	0.01000	0.01167	0.00834	0.01334	0.00750	0.00667	0.01417	0.01167	0.01834	0.01000	0.01167	0.00834	0.00417	0.00417	0.00083	0.00417	0.00333	0.00333	0.83663
17	0.01393	0.01337	0.02284	0.03454	0.76712	0.01337	0.01727	0.01727	0.01281	0.01839	0.01059	0.01393	0.00891	0.00501	0.00557	0.00167	0.00669	0.00501	0.00279	0.00891
18	0.01156	0.06566	0.71014	0.01557	0.02353	0.01354	0.01983	0.01821	0.03865	0.01781	0.01045	0.01207	0.00749	0.00540	0.00528	0.00176	0.00807	0.00418	0.00250	0.00829
19	0.01049	0.00525	0.00525	0.00525	0.00656	0.00525	0.00393	0.01311	0.01180	0.02098	0.01836	0.02098	0.01442	0.00656	0.00393	0.00131	0.00262	0.00525	0.83346	0.00525
20	0.00818	0.00546	0.00614	0.00614	0.00614	0.00546	0.00341	0.00818	0.00818	0.01091	0.01773	0.03683	0.02046	0.80222	0.02864	0.00546	0.00546	0.00818	0.00341	0.00341
21	0.01126	0.01077	0.01523	0.01337	0.01362	0.01474	0.01102	0.01269	0.00872	0.01343	0.00927	0.01471	0.00903	0.01778	0.20519	0.00408	0.60143	0.00520	0.00260	0.00588
22	0.01129	0.02911	0.77306	0.01604	0.02436	0.01307	0.02079	0.01782	0.01188	0.01782	0.01010	0.01188	0.00713	0.00535	0.00535	0.00178	0.00832	0.00416	0.00238	0.00832
23	0.01393	0.01337	0.02284	0.03454	0.76712	0.01337	0.01727	0.01727	0.01281	0.01839	0.01059	0.01393	0.00891	0.00501	0.00557	0.00167	0.00669	0.00501	0.00279	0.00891
24	0.01505	0.80561	0.02949	0.00963	0.01444	0.02227	0.00963	0.01685	0.01143	0.01324	0.00782	0.00903	0.00722	0.00481	0.00361	0.00120	0.00602	0.00301	0.00241	0.00722
25	0.00807	0.00592	0.00848	0.00848	0.00929	0.00673	0.00633	0.00969	0.00888	0.01265	0.01559	0.02495	0.01530	0.18905	0.63477	0.00835	0.01322	0.00645	0.00309	0.00471
26	0.00714	0.00510	0.00685	0.00816	0.00861	0.00481	0.00572	0.00832	0.01105	0.01468	0.03086	0.70455	0.03660	0.01736	0.00726	0.00232	0.00351	0.10721	0.00522	0.00465
27	0.02081	0.05426	0.01642	0.01433	0.01729	0.75295	0.01083	0.02227	0.01579	0.01375	0.00867	0.01011	0.00725	0.00576	0.00502	0.00144	0.01000	0.00360	0.00288	0.00655
28	0.01076	0.01003	0.01426	0.01270	0.01306	0.01353	0.01040	0.01228	0.00877	0.01337	0.01018	0.01587	0.00981	0.02159	0.29479	0.00485	0.51002	0.00533	0.00266	0.00575
29	0.01076	0.01013	0.01711	0.75940	0.06705	0.01254	0.01569	0.01449	0.01131	0.01453	0.01003	0.01496	0.00756	0.00560	0.00562	0.00187	0.00747	0.00500	0.00251	0.00635
30	0.00804	0.00603	0.00904	0.00904	0.01005	0.00703	0.00703	0.01005	0.00904	0.01306	0.01507	0.02211	0.01407	0.04221	0.77992	0.00904	0.01507	0.00603	0.00301	0.00502
31	0.01197	0.01178	0.01647	0.01421	0.01425	0.01636	0.01176	0.01319	0.00862	0.01343	0.00810	0.01362	0.00815	0.03924	0.05363	0.00287	0.72871	0.00509	0.00252	0.00601
32	0.06917	0.00945	0.01251	0.00972	0.01386	0.00836	0.00800	0.02595	0.01574	0.69092	0.06023	0.01980	0.01555	0.00711	0.00559	0.00174	0.00465	0.00575	0.00673	0.00916
33	0.01393	0.01337	0.02284	0.03454	0.76712	0.01337	0.01727	0.01727	0.01281	0.01839	0.01059	0.01393	0.00891	0.00501	0.00557	0.00167	0.00669	0.00501	0.00279	0.00891
34	0.01063	0.01000	0.01688	0.78870	0.03876	0.01250	0.01563	0.01438	0.01125	0.01438	0.01000	0.01500	0.00750	0.00563	0.00563	0.00188	0.00750	0.00500	0.00250	0.00625
35	0.01008	0.00557	0.00588	0.00582	0.00688	0.00563	0.00411	0.03009	0.01124	0.01866	0.01830	0.04321	0.01622	0.18887	0.03273	0.00252	0.00374	0.00619	0.57936	0.00491
36	0.00685	0.00492	0.00651	0.00778	0.00815	0.00458	0.00520	0.00784	0.01083	0.01439	0.03175	0.77753	0.05777	0.01754	0.00717	0.00227	0.00325	0.01588	0.00522	0.00458
37	0.00804	0.00603	0.00904	0.00904	0.01005	0.00703	0.00703	0.01005	0.00904	0.01306	0.01507	0.02211	0.01407	0.04221	0.77992	0.00904	0.01507	0.00603	0.00301	0.00502
38	0.00686	0.00490	0.00653	0.00784	0.00816	0.00457	0.00522	0.00784	0.01077	0.01437	0.03102	0.79855	0.03722	0.01763	0.00718	0.00229	0.00326	0.01600	0.00522	0.00457
39	0.01096	0.00605	0.00655	0.04420	0.00875	0.00635	0.00496	0.04174	0.01227	0.02105	0.01751	0.02020	0.01373	0.00659	0.00442	0.00138	0.02124	0.00522	0.74134	0.00548
40	0.00885	0.00712	0.00936	0.01059	0.09790	0.00685	0.00696	0.01229	0.07632	0.01966	0.37078	0.10726	0.18998	0.01170	0.00654	0.00188	0.00348	0.04121	0.00543	0.00585
41	0.00681	0.00569	0.00594	0.00592	0.00771	0.00481	0.00443	0.00837	0.01314	0.01606	0.14062	0.07313	0.66000	0.01402	0.00666	0.00190	0.00284	0.01179	0.00534	0.00481
42	0.01300	0.01819	0.25745	0.05182	0.51239	0.01325	0.01832	0.01736	0.01247	0.01809	0.01042	0.01332	0.00831	0.00514	0.00550	0.00171	0.00722	0.00475	0.00265	0.00865
43	0.01354	0.01514	0.11072	0.04991	0.66304	0.01332	0.01765	0.01727	0.01267	0.01823	0.01051	0.01371	0.00867	0.00507	0.00555	0.00169	0.00690	0.00491	0.00273	0.00878
44	0.01312	0.01175	0.01566	0.01311	0.01524	0.05939	0.09589	0.16239	0.01338	0.01829	0.01227	0.01698	0.01075	0.03980	0.29498	0.00468	0.18679	0.00556	0.00340	0.00655
45	0.00686	0.00490	0.00653	0.00784	0.00816	0.00457	0.00522	0.00784	0.01077	0.01437	0.03102	0.79855	0.03722	0.01763	0.00718	0.00229	0.00326	0.01600	0.00522	0.00457
46	0.01208	0.03235	0.13190	0.14636	0.23015	0.03034	0.01374	0.03537	0.10992	0.01784	0.01598	0.13431	0.01480	0.00797	0.00586	0.00187	0.00625	0.04182	0.00361	0.00747

[dist]
# distance from previous block
# <min> <max>
0	1

[block]
# block no. 6 follows, 42 sequences, length 29
# corresponding to MSA columns:
# 246-274
name=unknown_G
#
# <colnr> <probs for GDERKNQSTAVLIFYWHMCP>
#	G	D	E	R	K	N	Q	S	T	A	V	L	I	F	Y	W	H	M	C	P
0	0.01703	0.01327	0.03035	0.07896	0.07049	0.01411	0.02503	0.44420	0.04043	0.04096	0.03807	0.11064	0.01436	0.00796	0.00582	0.00178	0.00582	0.00660	0.02581	0.00832
1	0.01992	0.01446	0.01550	0.01209	0.01617	0.01593	0.00991	0.65772	0.02462	0.03345	0.01455	0.04177	0.01097	0.00712	0.00554	0.00168	0.00578	0.00547	0.07835	0.00901
2	0.01734	0.01301	0.01523	0.04625	0.03577	0.01307	0.02332	0.37165	0.04160	0.07352	0.01289	0.01358	0.00953	0.00580	0.00516	0.00142	0.00551	0.00459	0.00469	0.28607
3	0.04283	0.00914	0.01053	0.01003	0.02624	0.00960	0.00743	0.24452	0.04420	0.02236	0.06149	0.37180	0.05484	0.02504	0.00678	0.00207	0.00440	0.03491	0.00528	0.00651
4	0.00812	0.00583	0.00675	0.00646	0.00794	0.00521	0.00469	0.00982	0.01341	0.04692	0.31894	0.04546	0.34793	0.13606	0.01004	0.00240	0.00326	0.01041	0.00538	0.00494
5	0.03103	0.06641	0.08241	0.31922	0.08036	0.01419	0.16741	0.07308	0.01284	0.01757	0.01040	0.01400	0.00802	0.00569	0.00644	0.00182	0.05883	0.00511	0.01797	0.00718
6	0.01452	0.03708	0.05177	0.10903	0.57238	0.01308	0.01622	0.01788	0.01287	0.08455	0.01145	0.01427	0.00909	0.00526	0.00552	0.00169	0.00665	0.00498	0.00310	0.00862
7	0.00753	0.00574	0.00692	0.00662	0.00814	0.00512	0.00497	0.00978	0.01490	0.02013	0.52968	0.04606	0.28909	0.01242	0.00664	0.00181	0.00272	0.01074	0.00587	0.00512
8	0.05413	0.02173	0.45080	0.08515	0.10139	0.01299	0.01703	0.09988	0.01363	0.02011	0.04642	0.02988	0.01036	0.00603	0.00543	0.00178	0.00726	0.00490	0.00309	0.00801
9	0.00969	0.00498	0.00745	0.00750	0.00758	0.00502	0.00511	0.00758	0.00759	0.01014	0.01068	0.01896	0.01074	0.02017	0.04699	0.77818	0.00524	0.03120	0.00256	0.00263
10	0.02100	0.01523	0.01674	0.05215	0.01841	0.01684	0.01085	0.68294	0.02528	0.06319	0.01367	0.01381	0.00964	0.00671	0.00563	0.00170	0.00620	0.00509	0.00552	0.00940
11	0.01636	0.01170	0.01279	0.01093	0.01424	0.01292	0.00859	0.15494	0.44732	0.12855	0.02063	0.02041	0.01547	0.05742	0.00707	0.00205	0.00480	0.00610	0.03907	0.00862
12	0.00776	0.00533	0.00637	0.00684	0.00704	0.00520	0.00424	0.00821	0.00932	0.01236	0.02343	0.27936	0.04513	0.50154	0.02043	0.00424	0.00469	0.04051	0.00410	0.00388
13	0.01296	0.01442	0.02863	0.08949	0.02760	0.03838	0.55793	0.01702	0.01263	0.01699	0.01152	0.04407	0.00937	0.00585	0.00770	0.00195	0.08687	0.00658	0.00287	0.00718
14	0.02023	0.13085	0.01779	0.01380	0.01700	0.65386	0.01070	0.04483	0.01568	0.01439	0.00873	0.01011	0.00732	0.00570	0.00490	0.00142	0.00947	0.00359	0.00292	0.00671
15	0.01129	0.02911	0.77306	0.01604	0.02436	0.01307	0.02079	0.01782	0.01188	0.01782	0.01010	0.01188	0.00713	0.00535	0.00535	0.00178	0.00832	0.00416	0.00238	0.00832
16	0.05422	0.00937	0.01251	0.00972	0.01384	0.00823	0.00799	0.02590	0.01585	0.69338	0.07135	0.02032	0.01626	0.00721	0.00564	0.00174	0.00463	0.00587	0.00679	0.00916
17	0.01063	0.01000	0.01688	0.78870	0.03876	0.01250	0.01563	0.01438	0.01125	0.01438	0.01000	0.01500	0.00750	0.00563	0.00563	0.00188	0.00750	0.00500	0.00250	0.00625
18	0.01393	0.01337	0.02284	0.03454	0.76712	0.01337	0.01727	0.01727	0.01281	0.01839	0.01059	0.01393	0.00891	0.00501	0.00557	0.00167	0.00669	0.00501	0.00279	0.00891
19	0.01167	0.01000	0.01167	0.00834	0.01334	0.00750	0.00667	0.01417	0.01167	0.01834	0.01000	0.01167	0.00834	0.00417	0.00417	0.00083	0.00417	0.00333	0.00333	0.83663
20	0.00802	0.00577	0.00710	0.00686	0.00834	0.00518	0.00511	0.01017	0.01461	0.04232	0.48016	0.11420	0.24600	0.01269	0.00666	0.00185	0.00283	0.01104	0.00586	0.00522
21	0.00685	0.00494	0.00649	0.00773	0.00813	0.00458	0.00518	0.00785	0.01088	0.01441	0.03233	0.76083	0.07409	0.01746	0.00716	0.00227	0.00324	0.01579	0.00522	0.00458
22	0.00930	0.00759	0.00899	0.00853	0.00977	0.03568	0.00650	0.01099	0.01288	0.04730	0.24700	0.18651	0.23030	0.01278	0.00862	0.00201	0.13437	0.01048	0.00503	0.00537
23	0.00810	0.00576	0.00733	0.00703	0.00842	0.00524	0.00524	0.01044	0.01508	0.03842	0.59018	0.10887	0.14426	0.01229	0.00666	0.00183	0.00278	0.01080	0.00600	0.00527
24	0.00846	0.00656	0.00949	0.00926	0.01005	0.00782	0.00712	0.01017	0.00891	0.01286	0.01465	0.02287	0.01417	0.12638	0.62120	0.00801	0.08790	0.00617	0.00301	0.00495
25	0.01167	0.01000	0.01167	0.00834	0.01334	0.00750	0.00667	0.01417	0.01167	0.01834	0.01000	0.01167	0.00834	0.00417	0.00417	0.00083	0.00417	0.00333	0.00333	0.83663
26	0.04048	0.03861	0.01219	0.00921	0.01280	0.00817	0.00753	0.02259	0.01573	0.53845	0.20557	0.02421	0.02321	0.00797	0.00577	0.00173	0.00429	0.00662	0.00652	0.00834
27	0.01266	0.00980	0.04078	0.03732	0.12967	0.00909	0.05088	0.01707	0.10690	0.13244	0.17952	0.08693	0.08131	0.00957	0.00628	0.00190	0.00484	0.07089	0.00506	0.00711
28	0.01322	0.04752	0.29601	0.06087	0.39662	0.05379	0.01787	0.01760	0.01252	0.01757	0.01018	0.01286	0.00805	0.00520	0.00540	0.00169	0.00748	0.00456	0.00262	0.00839

[dist]
# distance from previous block
# <min> <max>
0	1

[block]
# block no. 7 follows, 42 sequences, length 16
# corresponding to MSA columns:
# 276-291
name=unknown_H
#
# <colnr> <probs for GDERKNQSTAVLIFYWHMCP>
#	G	D	E	R	K	N	Q	S	T	A	V	L	I	F	Y	W	H	M	C	P
0	0.00866	0.02825	0.00813	0.00786	0.00899	0.00652	0.00561	0.06453	0.01229	0.01644	0.06390	0.45336	0.13301	0.08051	0.00872	0.00234	0.02034	0.01242	0.03496	0.02315
1	0.14713	0.11249	0.01357	0.01004	0.04718	0.01116	0.00784	0.08294	0.03735	0.21391	0.13572	0.02229	0.09051	0.00764	0.00524	0.00166	0.00454	0.00607	0.00505	0.03766
2	0.19248	0.09135	0.36934	0.01315	0.01901	0.03399	0.06538	0.03732	0.01237	0.03445	0.07185	0.01388	0.01100	0.00582	0.00499	0.00172	0.00679	0.00452	0.00316	0.00745
3	0.01214	0.01040	0.00979	0.00936	0.01095	0.15066	0.00684	0.01488	0.07560	0.07937	0.20450	0.24385	0.02965	0.08818	0.00874	0.00224	0.02245	0.00959	0.00498	0.00582
4	0.01455	0.03122	0.01302	0.00948	0.01413	0.00997	0.00767	0.10644	0.10720	0.09439	0.01318	0.01372	0.01011	0.00520	0.00467	0.00117	0.00456	0.00414	0.00424	0.53092
5	0.48508	0.03536	0.18434	0.00945	0.01363	0.01166	0.00942	0.01559	0.01082	0.02207	0.07743	0.07875	0.01314	0.00684	0.00450	0.00178	0.00507	0.00502	0.00359	0.00644
6	0.00858	0.00597	0.00672	0.00670	0.00698	0.00611	0.00399	0.00998	0.07102	0.01220	0.01905	0.08601	0.02130	0.68370	0.02530	0.00495	0.00523	0.00855	0.00372	0.00395
7	0.04231	0.00873	0.00984	0.00863	0.01043	0.00939	0.00639	0.22312	0.01466	0.02070	0.08864	0.02622	0.01857	0.29359	0.13254	0.00413	0.00663	0.00675	0.06287	0.00585
8	0.00727	0.00565	0.00661	0.00653	0.00802	0.00499	0.00484	0.00923	0.01408	0.01852	0.38063	0.11465	0.37220	0.01329	0.00669	0.00187	0.00280	0.01146	0.00567	0.00499
9	0.01092	0.01030	0.01741	0.72175	0.10341	0.01258	0.01577	0.01464	0.01139	0.01473	0.01005	0.01491	0.00763	0.00557	0.00562	0.00186	0.00743	0.00500	0.00253	0.00649
10	0.00673	0.00556	0.00591	0.00612	0.00773	0.00474	0.00448	0.00812	0.01256	0.01529	0.07514	0.18582	0.61287	0.01476	0.00675	0.00196	0.00292	0.01255	0.00526	0.00474
11	0.00665	0.00570	0.00570	0.00570	0.00760	0.00475	0.00428	0.00808	0.01283	0.01520	0.05701	0.05416	0.76483	0.01425	0.00665	0.00190	0.00285	0.01188	0.00523	0.00475
12	0.01167	0.01000	0.01167	0.00834	0.01334	0.00750	0.00667	0.01417	0.01167	0.01834	0.01000	0.01167	0.00834	0.00417	0.00417	0.00083	0.00417	0.00333	0.00333	0.83663
13	0.01559	0.01270	0.01326	0.01153	0.01489	0.03567	0.00907	0.13515	0.56675	0.05941	0.04809	0.02026	0.01693	0.00756	0.00572	0.00185	0.00482	0.00620	0.00571	0.00884
14	0.02295	0.00908	0.01226	0.00957	0.01356	0.00786	0.00784	0.02513	0.01594	0.67354	0.08590	0.02268	0.05182	0.00768	0.00579	0.00175	0.00452	0.00632	0.00682	0.00900
15	0.01497	0.02874	0.03753	0.01361	0.09720	0.04694	0.00992	0.07739	0.36752	0.07000	0.01817	0.01779	0.02959	0.00662	0.00539	0.00164	0.00517	0.00545	0.00479	0.14155

[dist]
# distance from previous block
# <min> <max>
0	1

[block]
# block no. 8 follows, 42 sequences, length 10
# corresponding to MSA columns:
# 293-296,299-304
name=unknown_I
#
# <colnr> <probs for GDERKNQSTAVLIFYWHMCP>
#	G	D	E	R	K	N	Q	S	T	A	V	L	I	F	Y	W	H	M	C	P
0	0.02057	0.01451	0.01576	0.01220	0.01632	0.01586	0.00994	0.63972	0.02428	0.08277	0.01444	0.01579	0.01075	0.07159	0.00751	0.00200	0.00604	0.00536	0.00554	0.00907
1	0.00698	0.00509	0.00664	0.00763	0.00820	0.00474	0.00521	0.00820	0.01138	0.01517	0.10234	0.63738	0.09936	0.01760	0.03340	0.00243	0.00357	0.01476	0.00524	0.00467
2	0.00807	0.00541	0.00617	0.00628	0.00631	0.00538	0.00356	0.00815	0.00841	0.01121	0.01887	0.10192	0.02189	0.73517	0.02681	0.00518	0.00527	0.00885	0.00356	0.00351
3	0.01956	0.19206	0.01915	0.01267	0.01665	0.27255	0.01044	0.31517	0.05128	0.02285	0.01107	0.01173	0.00861	0.00605	0.00501	0.00151	0.00740	0.00419	0.00402	0.00801
4	0.05917	0.00713	0.00841	0.00763	0.00985	0.00665	0.00585	0.01410	0.06297	0.13389	0.30513	0.10112	0.20249	0.01107	0.00620	0.00181	0.00335	0.00945	0.00571	0.03804
5	0.01984	0.01315	0.01546	0.01250	0.03494	0.01376	0.03017	0.38162	0.12468	0.19678	0.01683	0.03408	0.01214	0.00691	0.00562	0.00170	0.00554	0.00557	0.00564	0.06310
6	0.01351	0.01298	0.02191	0.10491	0.64846	0.01354	0.01679	0.01675	0.01239	0.01769	0.01032	0.01392	0.00868	0.00539	0.00642	0.00174	0.05837	0.00501	0.00274	0.00848
7	0.00704	0.00503	0.00674	0.00804	0.00845	0.00473	0.00554	0.00815	0.01095	0.01457	0.03092	0.73830	0.03682	0.01746	0.00723	0.00231	0.00342	0.07446	0.00522	0.00462
8	0.01899	0.06889	0.01734	0.08842	0.03849	0.41928	0.01147	0.18305	0.01701	0.01876	0.00981	0.01154	0.00784	0.00618	0.00606	0.00160	0.06044	0.00416	0.00341	0.00726
9	0.00776	0.00535	0.00685	0.00768	0.00837	0.00499	0.00534	0.00892	0.01126	0.03722	0.06325	0.52290	0.10906	0.10204	0.00945	0.00258	0.00364	0.07352	0.00512	0.00469

[dist]
# distance from previous block
# <min> <max>
0	1

[block]
# block no. 9 follows, 42 sequences, length 11
# corresponding to MSA columns:
# 306-316
name=unknown_J
#
# <colnr> <probs for GDERKNQSTAVLIFYWHMCP>
#	G	D	E	R	K	N	Q	S	T	A	V	L	I	F	Y	W	H	M	C	P
0	0.01500	0.01709	0.14153	0.01953	0.21259	0.07634	0.06846	0.11469	0.23430	0.02159	0.01442	0.01541	0.01098	0.00611	0.00563	0.00176	0.00672	0.00529	0.00396	0.00861
1	0.01063	0.01000	0.01688	0.78870	0.03876	0.01250	0.01563	0.01438	0.01125	0.01438	0.01000	0.01500	0.00750	0.00563	0.00563	0.00188	0.00750	0.00500	0.00250	0.00625
2	0.02107	0.02553	0.01606	0.01432	0.01740	0.69047	0.01085	0.10738	0.01718	0.01631	0.00926	0.01054	0.00752	0.00591	0.00514	0.00148	0.00969	0.00379	0.00322	0.00688
3	0.02102	0.02682	0.01595	0.01450	0.01740	0.77963	0.01087	0.02247	0.01595	0.01377	0.00870	0.01015	0.00725	0.00580	0.00507	0.00145	0.01015	0.00362	0.00290	0.00652
4	0.00806	0.00578	0.00698	0.00680	0.00833	0.00514	0.00505	0.01006	0.01422	0.04871	0.39713	0.13738	0.29963	0.01303	0.00667	0.00188	0.00288	0.01130	0.00577	0.00519
5	0.01105	0.01038	0.01644	0.55492	0.03115	0.01338	0.01425	0.01411	0.01060	0.01447	0.00972	0.01459	0.00779	0.00675	0.00883	0.00200	0.20794	0.00499	0.04046	0.00618
6	0.08592	0.01254	0.01335	0.01080	0.01470	0.08361	0.00872	0.15312	0.10692	0.38839	0.05056	0.01774	0.01401	0.00696	0.00548	0.00173	0.00538	0.00544	0.00589	0.00875
7	0.00849	0.00622	0.00791	0.00795	0.00908	0.00602	0.00564	0.04713	0.01202	0.01662	0.15461	0.36973	0.03133	0.11420	0.10869	0.00331	0.00516	0.01118	0.00476	0.06994
8	0.04505	0.01920	0.01610	0.01625	0.12610	0.34664	0.01117	0.13563	0.18933	0.02045	0.01300	0.01371	0.01012	0.00624	0.00533	0.00164	0.00752	0.00467	0.00398	0.00789
9	0.01527	0.01495	0.02676	0.02237	0.13780	0.07098	0.44613	0.01970	0.04789	0.09997	0.01266	0.01524	0.00945	0.00538	0.00653	0.00183	0.02972	0.00600	0.00341	0.00795
10	0.37959	0.23457	0.16611	0.01005	0.01493	0.01532	0.01025	0.04162	0.01144	0.05904	0.00921	0.01031	0.00713	0.00527	0.00407	0.00160	0.00568	0.00346	0.00322	0.00714

[dist]
# distance from previous block
# <min> <max>
0	3

[block]
# block no. 10 follows, 42 sequences, length 19
# corresponding to MSA columns:
# 325-343
name=unknown_K
#
# <colnr> <probs for GDERKNQSTAVLIFYWHMCP>
#	G	D	E	R	K	N	Q	S	T	A	V	L	I	F	Y	W	H	M	C	P
0	0.01315	0.01139	0.01142	0.03770	0.01364	0.11997	0.00768	0.06459	0.06897	0.06274	0.06414	0.21564	0.01939	0.00895	0.00558	0.00158	0.00502	0.00757	0.00445	0.25644
1	0.01173	0.04918	0.08897	0.05837	0.02347	0.01203	0.41091	0.01555	0.01237	0.01696	0.01453	0.15824	0.01356	0.00716	0.00622	0.00183	0.00751	0.00760	0.00325	0.08056
2	0.02055	0.00972	0.01258	0.00943	0.01401	0.00800	0.00772	0.02284	0.01457	0.51036	0.01798	0.01656	0.01199	0.00600	0.00514	0.00143	0.00457	0.00485	0.00571	0.29598
3	0.01400	0.01209	0.01273	0.01145	0.01463	0.01400	0.00891	0.02990	0.75695	0.02354	0.02291	0.02100	0.01718	0.00764	0.00573	0.00191	0.00445	0.00636	0.00573	0.00891
4	0.01225	0.00998	0.01173	0.00841	0.01338	0.00753	0.00674	0.01474	0.01186	0.05070	0.01053	0.01199	0.00858	0.00429	0.00423	0.00087	0.00419	0.00343	0.00349	0.80106
5	0.01260	0.01179	0.01812	0.18361	0.39926	0.02903	0.01427	0.01744	0.10757	0.01792	0.03915	0.01946	0.03230	0.00768	0.03193	0.00204	0.00663	0.03800	0.00340	0.00778
6	0.00804	0.00603	0.00904	0.00904	0.01005	0.00703	0.00703	0.01005	0.00904	0.01306	0.01507	0.02211	0.01407	0.04221	0.77992	0.00904	0.01507	0.00603	0.00301	0.00502
7	0.02104	0.02624	0.01600	0.01442	0.01740	0.73925	0.01086	0.06093	0.01650	0.01492	0.00895	0.01033	0.00737	0.00585	0.00510	0.00146	0.00994	0.00370	0.00304	0.00669
8	0.01884	0.01547	0.01436	0.01173	0.01530	0.14229	0.00939	0.44236	0.07788	0.02837	0.01428	0.01484	0.01062	0.00663	0.00524	0.00160	0.00609	0.00496	0.15150	0.00825
9	0.02139	0.01576	0.01689	0.01295	0.01745	0.01745	0.01070	0.74835	0.02646	0.03547	0.01351	0.01351	0.00957	0.00676	0.00563	0.00169	0.00619	0.00507	0.00563	0.00957
10	0.00665	0.00570	0.00570	0.00570	0.00760	0.00475	0.00428	0.00808	0.01283	0.01520	0.05701	0.05416	0.76483	0.01425	0.00665	0.00190	0.00285	0.01188	0.00523	0.00475
11	0.00695	0.00496	0.00664	0.00794	0.00831	0.00465	0.00539	0.00800	0.01087	0.01447	0.03097	0.76775	0.03702	0.01754	0.00721	0.00230	0.00335	0.04588	0.00522	0.00460
12	0.01129	0.02911	0.77306	0.01604	0.02436	0.01307	0.02079	0.01782	0.01188	0.01782	0.01010	0.01188	0.00713	0.00535	0.00535	0.00178	0.00832	0.00416	0.00238	0.00832
13	0.01505	0.80561	0.02949	0.00963	0.01444	0.02227	0.00963	0.01685	0.01143	0.01324	0.00782	0.00903	0.00722	0.00481	0.00361	0.00120	0.00602	0.00301	0.00241	0.00722
14	0.00887	0.00634	0.00884	0.01014	0.01134	0.00631	0.00872	0.01131	0.01276	0.01662	0.02991	0.12976	0.03282	0.01573	0.00772	0.00256	0.00501	0.66493	0.00519	0.00513
15	0.00886	0.00567	0.00676	0.00669	0.00700	0.00569	0.00409	0.00921	0.00876	0.04538	0.01837	0.07492	0.02042	0.64918	0.10144	0.00548	0.00627	0.00827	0.00363	0.00391
16	0.00706	0.00516	0.00657	0.00762	0.00823	0.00479	0.00527	0.00817	0.01110	0.01449	0.03409	0.59319	0.14408	0.05839	0.00828	0.00242	0.00346	0.06790	0.00513	0.00458
17	0.01158	0.06956	0.70807	0.01634	0.04932	0.01357	0.02008	0.01775	0.01189	0.01760	0.01000	0.01180	0.00720	0.00531	0.00526	0.00175	0.00814	0.00413	0.00239	0.00828
18	0.03492	0.26887	0.43881	0.01367	0.01997	0.04718	0.01595	0.01738	0.01162	0.01613	0.00909	0.01088	0.00715	0.00551	0.00565	0.00163	0.06164	0.00380	0.00244	0.00770

[dist]
# distance from previous block
# <min> <max>
0	1

[block]
# block no. 11 follows, 42 sequences, length 28
# corresponding to MSA columns:
# 345-372
name=unknown_L
#
# <colnr> <probs for GDERKNQSTAVLIFYWHMCP>
#	G	D	E	R	K	N	Q	S	T	A	V	L	I	F	Y	W	H	M	C	P
0	0.02058	0.01282	0.09842	0.01122	0.01568	0.01077	0.01008	0.17453	0.05654	0.41778	0.06092	0.02061	0.01548	0.00743	0.00577	0.00178	0.00536	0.03929	0.00598	0.00896
1	0.03553	0.08715	0.61642	0.01558	0.04129	0.03858	0.01865	0.05180	0.01261	0.01838	0.00999	0.01166	0.00727	0.00537	0.00517	0.00172	0.00795	0.00409	0.00259	0.00819
2	0.00816	0.00570	0.00674	0.00696	0.00740	0.00565	0.00447	0.02699	0.00978	0.01294	0.02378	0.19213	0.08241	0.48628	0.06219	0.00451	0.00534	0.04049	0.00403	0.00407
3	0.00834	0.00702	0.00743	0.00736	0.00880	0.05151	0.00539	0.01059	0.03612	0.01814	0.33764	0.18142	0.25581	0.03017	0.00710	0.00197	0.00339	0.01120	0.00546	0.00515
4	0.03978	0.01463	0.05281	0.18626	0.37103	0.06543	0.01512	0.15052	0.01505	0.02053	0.01077	0.01359	0.00846	0.00553	0.00549	0.00171	0.00700	0.00483	0.00326	0.00820
5	0.01520	0.01524	0.05982	0.07763	0.45300	0.05638	0.07347	0.14313	0.01522	0.02075	0.01098	0.01371	0.00872	0.00539	0.00563	0.00170	0.00715	0.00503	0.00325	0.00858
6	0.01552	0.01265	0.01246	0.01089	0.01405	0.09654	0.00849	0.07219	0.40539	0.10397	0.03688	0.02103	0.05025	0.02336	0.03152	0.00206	0.00543	0.00610	0.02790	0.04332
7	0.00798	0.00543	0.00621	0.00632	0.00649	0.00534	0.00370	0.00825	0.00896	0.01191	0.05212	0.10941	0.05573	0.66094	0.02474	0.00485	0.00502	0.00916	0.00378	0.00366
8	0.01619	0.01183	0.01341	0.01144	0.01414	0.07077	0.02931	0.23396	0.03775	0.13970	0.06909	0.18424	0.01989	0.00998	0.00726	0.00193	0.07509	0.04143	0.00520	0.00741
9	0.38739	0.14426	0.19872	0.02975	0.01594	0.07046	0.01087	0.01743	0.01125	0.03903	0.02505	0.01096	0.00785	0.00542	0.00425	0.00165	0.00606	0.00362	0.00312	0.00692
10	0.01074	0.00603	0.00849	0.05429	0.00992	0.00631	0.00591	0.06367	0.00928	0.01267	0.01060	0.01695	0.00991	0.01695	0.01867	0.67200	0.00500	0.00493	0.05430	0.00338
11	0.01382	0.01447	0.06077	0.06522	0.64728	0.03474	0.04670	0.01735	0.01281	0.01804	0.01052	0.01382	0.00870	0.00507	0.00559	0.00169	0.00701	0.00500	0.00276	0.00865
12	0.01473	0.06024	0.49577	0.01434	0.02114	0.03276	0.01664	0.10296	0.05721	0.11263	0.01258	0.01331	0.00883	0.00583	0.00535	0.00174	0.00736	0.00451	0.00352	0.00855
13	0.00694	0.00493	0.00651	0.00773	0.00804	0.00462	0.00512	0.00786	0.01062	0.01416	0.03022	0.75306	0.03622	0.06449	0.00846	0.00247	0.00340	0.01553	0.00512	0.00450
14	0.39395	0.01241	0.05256	0.17111	0.03758	0.01283	0.13945	0.04998	0.01181	0.02160	0.04146	0.01324	0.00908	0.00556	0.00485	0.00180	0.00616	0.00457	0.00331	0.00669
15	0.01196	0.14054	0.62764	0.01605	0.06050	0.01441	0.01900	0.01765	0.01186	0.01719	0.00979	0.01157	0.00723	0.00525	0.00511	0.00169	0.00790	0.00404	0.00240	0.00819
16	0.08928	0.00979	0.01267	0.00987	0.01410	0.00886	0.00813	0.02667	0.04706	0.68036	0.02110	0.01844	0.01345	0.00686	0.00549	0.00175	0.00474	0.00548	0.00664	0.00927
17	0.00776	0.00559	0.00716	0.00807	0.00871	0.00537	0.00553	0.05216	0.01193	0.01593	0.05569	0.70920	0.05226	0.01670	0.00706	0.00222	0.00341	0.01505	0.00528	0.00490
18	0.00762	0.00601	0.00677	0.00669	0.00833	0.00538	0.00500	0.03646	0.01390	0.01783	0.23772	0.14233	0.44422	0.01370	0.00670	0.00192	0.00302	0.02584	0.00549	0.00506
19	0.00686	0.00490	0.00653	0.00784	0.00816	0.00457	0.00522	0.00784	0.01077	0.01437	0.03102	0.79855	0.03722	0.01763	0.00718	0.00229	0.00326	0.01600	0.00522	0.00457
20	0.00707	0.00505	0.00675	0.00790	0.00836	0.00473	0.00543	0.00827	0.01134	0.01521	0.09545	0.69480	0.03837	0.01699	0.00716	0.00226	0.00331	0.05157	0.00531	0.00467
21	0.01393	0.01337	0.02284	0.03454	0.76712	0.01337	0.01727	0.01727	0.01281	0.01839	0.01059	0.01393	0.00891	0.00501	0.00557	0.00167	0.00669	0.00501	0.00279	0.00891
22	0.00781	0.00575	0.00731	0.00692	0.00831	0.00524	0.00519	0.01032	0.01557	0.02171	0.68168	0.04345	0.13610	0.01183	0.00664	0.00179	0.00268	0.01038	0.00608	0.00524
23	0.00978	0.00489	0.00733	0.00733	0.00733	0.00489	0.00489	0.00733	0.00733	0.00978	0.00978	0.01711	0.00978	0.01955	0.02199	0.83627	0.00489	0.00489	0.00244	0.00244
24	0.02511	0.00981	0.01320	0.01012	0.01448	0.00861	0.00836	0.05437	0.01649	0.74352	0.02188	0.01894	0.01377	0.00696	0.00566	0.00174	0.00484	0.00564	0.00692	0.00958
25	0.01076	0.01014	0.01712	0.75819	0.06822	0.01254	0.01570	0.01450	0.01132	0.01454	0.01003	0.01496	0.00756	0.00560	0.00562	0.00187	0.00747	0.00500	0.00251	0.00636
26	0.01394	0.01596	0.02819	0.04655	0.04703	0.11653	0.53767	0.01784	0.01323	0.01698	0.01158	0.04677	0.00947	0.00570	0.00696	0.00187	0.04709	0.00644	0.00292	0.00725
27	0.01063	0.01000	0.01688	0.78870	0.03876	0.01250	0.01563	0.01438	0.01125	0.01438	0.01000	0.01500	0.00750	0.00563	0.00563	0.00188	0.00750	0.00500	0.00250	0.00625

[dist]
# distance from previous block
# <min> <max>
0	1

[block]
# block no. 12 follows, 42 sequences, length 22
# corresponding to MSA columns:
# 374-395
name=unknown_M
#
# <colnr> <probs for GDERKNQSTAVLIFYWHMCP>
#	G	D	E	R	K	N	Q	S	T	A	V	L	I	F	Y	W	H	M	C	P
0	0.02012	0.01501	0.01631	0.01259	0.01678	0.01659	0.01034	0.65856	0.02441	0.03292	0.01322	0.01414	0.00978	0.03290	0.00688	0.00181	0.04023	0.00508	0.00531	0.04701
1	0.00674	0.00557	0.00591	0.00612	0.00773	0.00474	0.00448	0.00814	0.01260	0.01536	0.08090	0.17937	0.61352	0.01471	0.00674	0.00196	0.00291	0.01250	0.00526	0.00474
2	0.00832	0.00638	0.00934	0.00918	0.01005	0.00756	0.00709	0.01013	0.00895	0.01293	0.01479	0.02261	0.01413	0.09797	0.67481	0.00836	0.06329	0.00612	0.00301	0.00497
