[name]
unknown

[dist]
# distance from previous block
# <min> <max>
0	111

[block]
# block no. 0 follows, 45 sequences, length 11
# corresponding to MSA columns:
# 121-131
name=unknown_A
#
# <colnr> <probs for GDERKNQSTAVLIFYWHMCP>
#	G	D	E	R	K	N	Q	S	T	A	V	L	I	F	Y	W	H	M	C	P
0	0.01003	0.00883	0.01243	0.01177	0.01237	0.01123	0.00991	0.01180	0.00988	0.01409	0.01629	0.03193	0.01714	0.01537	0.11020	0.00318	0.39274	0.29202	0.00343	0.00538
1	0.01020	0.00917	0.01286	0.01322	0.09716	0.03061	0.00948	0.01193	0.00913	0.01346	0.01130	0.01699	0.01062	0.05129	0.33869	0.00492	0.29958	0.00524	0.03855	0.00559
2	0.00932	0.00466	0.00699	0.00699	0.00699	0.00466	0.00466	0.00699	0.00699	0.00932	0.00932	0.01632	0.00932	0.01865	0.02098	0.84382	0.00466	0.00466	0.00233	0.00233
3	0.00899	0.00580	0.00748	0.00688	0.00840	0.00528	0.00519	0.01131	0.01476	0.08839	0.63330	0.03878	0.09615	0.03718	0.00694	0.00181	0.00281	0.00937	0.00582	0.00533
4	0.06339	0.01102	0.01855	0.50311	0.10833	0.01257	0.12785	0.06178	0.01200	0.01655	0.00988	0.01380	0.00749	0.00522	0.00538	0.00175	0.00710	0.00490	0.00271	0.00661
5	0.02367	0.00980	0.01287	0.00986	0.01403	0.00887	0.00815	0.10833	0.01647	0.69785	0.02025	0.01767	0.01282	0.00662	0.00539	0.00166	0.00472	0.00533	0.00650	0.00913
6	0.01863	0.17950	0.03531	0.01134	0.01528	0.15544	0.00961	0.31981	0.01813	0.12071	0.03526	0.01350	0.01029	0.02721	0.00548	0.00158	0.00631	0.00446	0.00432	0.00784
7	0.01759	0.04885	0.10110	0.01131	0.01610	0.01338	0.01017	0.40370	0.01898	0.11671	0.01259	0.01281	0.00902	0.00573	0.00497	0.00144	0.00557	0.00438	0.00459	0.18100
8	0.11238	0.01463	0.05744	0.01157	0.01580	0.01512	0.00990	0.57788	0.02162	0.06163	0.01259	0.01336	0.00917	0.03537	0.00592	0.00175	0.00574	0.00470	0.00494	0.00848
9	0.01435	0.81458	0.02813	0.00918	0.01378	0.02124	0.00918	0.01607	0.01091	0.01263	0.00746	0.00861	0.00689	0.00459	0.00344	0.00115	0.00574	0.00287	0.00230	0.00689
10	0.00779	0.00527	0.00618	0.00618	0.00629	0.00538	0.00366	0.00802	0.00790	0.01065	0.01662	0.03348	0.01880	0.72069	0.11700	0.00561	0.00628	0.00756	0.00321	0.00343

[dist]
# distance from previous block
# <min> <max>
0	2

[block]
# block no. 1 follows, 45 sequences, length 53
# corresponding to MSA columns:
# 134-186
name=unknown_B
#
# <colnr> <probs for GDERKNQSTAVLIFYWHMCP>
#	G	D	E	R	K	N	Q	S	T	A	V	L	I	F	Y	W	H	M	C	P
0	0.30890	0.04843	0.01300	0.03343	0.06858	0.02955	0.00856	0.14711	0.10117	0.17245	0.01301	0.01311	0.00937	0.00581	0.00457	0.00164	0.00498	0.00429	0.00444	0.00760
1	0.84927	0.01038	0.00789	0.00706	0.01038	0.01204	0.00581	0.01578	0.00914	0.02408	0.00747	0.00872	0.00581	0.00498	0.00332	0.00166	0.00415	0.00291	0.00332	0.00581
2	0.01485	0.06443	0.04246	0.01118	0.01485	0.10442	0.04341	0.04090	0.35312	0.10127	0.01825	0.01763	0.04734	0.00654	0.00516	0.00159	0.00532	0.00532	0.00455	0.09740
3	0.00977	0.00695	0.00887	0.05814	0.01149	0.00643	0.00636	0.02429	0.01163	0.08771	0.05447	0.33533	0.14086	0.01141	0.00632	0.00175	0.03260	0.00988	0.00456	0.17115
4	0.01113	0.00954	0.01113	0.00795	0.01272	0.00716	0.00636	0.01352	0.01113	0.01749	0.00954	0.01113	0.00795	0.00398	0.00398	0.00080	0.00398	0.00318	0.00318	0.84417
5	0.01409	0.01206	0.02187	0.07716	0.05001	0.01202	0.35676	0.07056	0.03578	0.12985	0.01506	0.06170	0.03773	0.00646	0.00671	0.00180	0.05832	0.00643	0.00373	0.02189
6	0.01336	0.00947	0.01168	0.05825	0.01443	0.00759	0.00717	0.01576	0.01185	0.15222	0.01160	0.01259	0.00884	0.00453	0.00431	0.00101	0.00428	0.00367	0.00374	0.64363
7	0.01014	0.00954	0.01610	0.79845	0.03697	0.01193	0.01491	0.01371	0.01073	0.01371	0.00954	0.01431	0.00716	0.00537	0.00537	0.00179	0.00716	0.00477	0.00239	0.00596
8	0.02041	0.01504	0.01611	0.01235	0.01665	0.01665	0.01020	0.75997	0.02524	0.03383	0.01289	0.01289	0.00913	0.00644	0.00537	0.00161	0.00591	0.00483	0.00537	0.00913
9	0.81142	0.01032	0.00810	0.00717	0.01053	0.01185	0.00591	0.01626	0.00942	0.05883	0.00810	0.00916	0.00616	0.00506	0.00342	0.00166	0.00417	0.00302	0.00347	0.00597
10	0.01174	0.01174	0.01644	0.01409	0.01409	0.01644	0.01174	0.01292	0.00822	0.01292	0.00705	0.01174	0.00705	0.00940	0.01762	0.00235	0.80153	0.00470	0.00235	0.00587
11	0.01473	0.01200	0.01275	0.01110	0.01436	0.01370	0.00874	0.13988	0.63366	0.04570	0.02046	0.01889	0.01519	0.00714	0.00545	0.00178	0.00451	0.00586	0.00548	0.00861
12	0.02331	0.00931	0.01243	0.00965	0.01372	0.00828	0.00793	0.02633	0.06932	0.72717	0.02123	0.01840	0.01351	0.00669	0.00540	0.00167	0.00454	0.00545	0.00656	0.00909
13	0.00830	0.00599	0.00760	0.00708	0.00854	0.00570	0.00535	0.01171	0.06911	0.03600	0.69319	0.03846	0.06100	0.01068	0.00625	0.00170	0.00270	0.00939	0.00587	0.00538
14	0.03361	0.04290	0.01479	0.06878	0.01705	0.50377	0.00995	0.10985	0.01561	0.03381	0.03025	0.01314	0.04106	0.00604	0.00496	0.00145	0.00802	0.00422	0.00333	0.03741
15	0.00678	0.00545	0.00604	0.00589	0.00752	0.00472	0.00442	0.00855	0.01326	0.01694	0.30448	0.04765	0.52407	0.01269	0.00634	0.00177	0.00265	0.01077	0.00531	0.00472
16	0.75920	0.01028	0.00864	0.06387	0.01241	0.01188	0.00654	0.01601	0.00948	0.05081	0.00812	0.00947	0.00618	0.00507	0.00354	0.00167	0.00438	0.00313	0.00338	0.00594
17	0.04975	0.01287	0.02060	0.03040	0.69289	0.02970	0.01551	0.01710	0.04683	0.01795	0.01048	0.01332	0.00871	0.00492	0.00522	0.00160	0.00625	0.00473	0.00282	0.00834
18	0.01990	0.01478	0.01582	0.01225	0.01645	0.01641	0.01008	0.70754	0.07849	0.03301	0.01353	0.01340	0.00965	0.00650	0.00538	0.00163	0.00579	0.00492	0.00538	0.00908
19	0.01251	0.01173	0.01951	0.02827	0.61254	0.01207	0.01501	0.01545	0.01196	0.01699	0.01252	0.01999	0.01163	0.00656	0.00650	0.00177	0.06317	0.11106	0.00296	0.00780
20	0.00756	0.00566	0.00703	0.00666	0.00807	0.00523	0.00500	0.01028	0.03784	0.02036	0.62897	0.04145	0.17325	0.01131	0.00631	0.00171	0.00262	0.00987	0.00574	0.00508
21	0.00748	0.00548	0.00701	0.00663	0.00795	0.00501	0.00497	0.00990	0.01491	0.02085	0.70605	0.04120	0.12005	0.01122	0.00633	0.00170	0.00255	0.00986	0.00582	0.00501
22	0.00750	0.00549	0.00699	0.00666	0.00794	0.00504	0.00499	0.00983	0.01460	0.02034	0.66073	0.04160	0.12363	0.03594	0.00700	0.00183	0.00269	0.02654	0.00571	0.00495
23	0.00781	0.00520	0.00585	0.00585	0.00585	0.00520	0.00325	0.00781	0.00781	0.01041	0.01691	0.03513	0.01952	0.81135	0.02732	0.00520	0.00520	0.00781	0.00325	0.00325
24	0.84927	0.01038	0.00789	0.00706	0.01038	0.01204	0.00581	0.01578	0.00914	0.02408	0.00747	0.00872	0.00581	0.00498	0.00332	0.00166	0.00415	0.00291	0.00332	0.00581
25	0.84927	0.01038	0.00789	0.00706	0.01038	0.01204	0.00581	0.01578	0.00914	0.02408	0.00747	0.00872	0.00581	0.00498	0.00332	0.00166	0.00415	0.00291	0.00332	0.00581
26	0.00693	0.00485	0.00616	0.00700	0.00726	0.00462	0.00451	0.00766	0.00978	0.01308	0.05313	0.56758	0.03166	0.23503	0.01246	0.00299	0.00367	0.01301	0.00454	0.00408
27	0.01195	0.00641	0.00837	0.00745	0.00942	0.00575	0.00569	0.01404	0.01432	0.22885	0.42129	0.10014	0.09275	0.04062	0.00691	0.00186	0.00326	0.00905	0.00586	0.00602
28	0.01433	0.75959	0.06179	0.00958	0.01427	0.03994	0.00969	0.01625	0.01103	0.01284	0.00758	0.00876	0.00689	0.00464	0.00355	0.00118	0.00594	0.00293	0.00231	0.00692
29	0.01309	0.01256	0.02144	0.07932	0.73298	0.01270	0.01638	0.01631	0.01213	0.01731	0.01006	0.01335	0.00842	0.00482	0.00532	0.00161	0.00642	0.00478	0.00264	0.00835
30	0.01222	0.01184	0.01930	0.34115	0.45640	0.03551	0.01566	0.01551	0.01171	0.01586	0.00982	0.01359	0.00791	0.00504	0.00532	0.00167	0.00679	0.00474	0.00255	0.00741
31	0.00781	0.00520	0.00585	0.00585	0.00585	0.00520	0.00325	0.00781	0.00781	0.01041	0.01691	0.03513	0.01952	0.81135	0.02732	0.00520	0.00520	0.00781	0.00325	0.00325
32	0.00652	0.00473	0.00617	0.00731	0.00774	0.00437	0.00491	0.00749	0.01043	0.01377	0.03155	0.74791	0.09417	0.01656	0.00681	0.00215	0.00308	0.01495	0.00498	0.00437
33	0.01882	0.09547	0.01757	0.02624	0.01698	0.21606	0.06349	0.34527	0.01895	0.08315	0.03851	0.01316	0.01002	0.00604	0.00515	0.00153	0.00689	0.00461	0.00427	0.00782
34	0.01435	0.81458	0.02813	0.00918	0.01378	0.02124	0.00918	0.01607	0.01091	0.01263	0.00746	0.00861	0.00689	0.00459	0.00344	0.00115	0.00574	0.00287	0.00230	0.00689
35	0.00674	0.00550	0.00598	0.00601	0.00760	0.00481	0.00445	0.00858	0.02973	0.01582	0.17659	0.13161	0.55106	0.01335	0.00638	0.00183	0.00276	0.01136	0.00516	0.00470
36	0.01484	0.00968	0.01096	0.00938	0.01228	0.01019	0.00741	0.13620	0.26681	0.17283	0.08449	0.02448	0.09031	0.03694	0.01986	0.00196	0.00439	0.01905	0.06042	0.00752
37	0.00760	0.00549	0.00718	0.00675	0.00802	0.00506	0.00506	0.01013	0.01519	0.02153	0.77503	0.04010	0.05065	0.01097	0.00633	0.00169	0.00253	0.00971	0.00591	0.00506
38	0.00760	0.00562	0.00817	0.00826	0.00907	0.00638	0.00623	0.00925	0.00866	0.01234	0.01573	0.07894	0.01564	0.11892	0.65447	0.00781	0.01261	0.00665	0.00307	0.00460
39	0.01435	0.81458	0.02813	0.00918	0.01378	0.02124	0.00918	0.01607	0.01091	0.01263	0.00746	0.00861	0.00689	0.00459	0.00344	0.00115	0.00574	0.00287	0.00230	0.00689
40	0.00861	0.00666	0.00733	0.00695	0.00894	0.00630	0.00536	0.02914	0.11490	0.04530	0.19004	0.04341	0.44930	0.01186	0.00622	0.00181	0.00313	0.04395	0.00530	0.00546
41	0.01157	0.20472	0.61365	0.01392	0.02111	0.01444	0.01744	0.01679	0.01124	0.01602	0.00914	0.01072	0.00682	0.00499	0.00473	0.00158	0.00744	0.00372	0.00227	0.00770
42	0.01985	0.02351	0.01551	0.01483	0.06794	0.67457	0.01063	0.03582	0.01521	0.06055	0.00929	0.01051	0.00745	0.00557	0.00492	0.00142	0.00907	0.00369	0.00305	0.00661
43	0.04330	0.01394	0.01987	0.11056	0.57696	0.11013	0.01517	0.01678	0.01233	0.01681	0.00972	0.01278	0.00807	0.00495	0.00519	0.00159	0.00680	0.00455	0.00267	0.00785
44	0.00757	0.00574	0.00787	0.00822	0.00915	0.00544	0.03803	0.04273	0.01163	0.01547	0.08329	0.60135	0.09036	0.01508	0.00670	0.00208	0.00348	0.03603	0.00497	0.00479
45	0.00932	0.00466	0.00699	0.00699	0.00699	0.00466	0.00466	0.00699	0.00699	0.00932	0.00932	0.01632	0.00932	0.01865	0.02098	0.84382	0.00466	0.00466	0.00233	0.00233
46	0.00777	0.00533	0.00651	0.00651	0.00673	0.00556	0.00407	0.00822	0.00800	0.01089	0.01632	0.03183	0.01808	0.62999	0.20673	0.00601	0.00736	0.00732	0.00316	0.00361
47	0.01293	0.01426	0.07971	0.05467	0.03822	0.03079	0.39781	0.03706	0.16242	0.03982	0.01506	0.01692	0.04496	0.00581	0.00617	0.00179	0.02462	0.00607	0.00348	0.00743
48	0.01113	0.00954	0.01113	0.00795	0.01272	0.00716	0.00636	0.01352	0.01113	0.01749	0.00954	0.01113	0.00795	0.00398	0.00398	0.00080	0.00398	0.00318	0.00318	0.84417
49	0.01101	0.08412	0.68658	0.01490	0.02234	0.01299	0.04067	0.01675	0.01127	0.01657	0.00963	0.01148	0.00701	0.00594	0.02487	0.00184	0.00797	0.00400	0.00230	0.00776
50	0.01001	0.00500	0.00500	0.00500	0.00625	0.00500	0.00375	0.01251	0.01126	0.02001	0.01751	0.02001	0.01376	0.00625	0.00375	0.00125	0.00250	0.00500	0.84115	0.00500
51	0.01492	0.01256	0.01300	0.01128	0.01456	0.03226	0.00888	0.17466	0.60188	0.02451	0.01974	0.01836	0.01471	0.00707	0.00543	0.00177	0.00471	0.00576	0.00538	0.00857
52	0.80988	0.01015	0.00782	0.00702	0.01025	0.01170	0.00576	0.01546	0.00935	0.02381	0.02712	0.01045	0.02425	0.00532	0.00346	0.00167	0.00408	0.00326	0.00342	0.00577

[dist]
# distance from previous block
# <min> <max>
5	8

[block]
# block no. 2 follows, 45 sequences, length 97
# corresponding to MSA columns:
# 195-268,282-302,306,307
name=unknown_C
#
# <colnr> <probs for GDERKNQSTAVLIFYWHMCP>
#	G	D	E	R	K	N	Q	S	T	A	V	L	I	F	Y	W	H	M	C	P
0	0.01026	0.00656	0.02279	0.00741	0.00932	0.00568	0.00585	0.01270	0.01478	0.13974	0.56515	0.05296	0.07192	0.01037	0.00615	0.00170	0.00306	0.02622	0.00582	0.02157
1	0.79942	0.01025	0.00793	0.00708	0.01033	0.01184	0.00581	0.02970	0.00953	0.02410	0.00799	0.00926	0.00620	0.00506	0.00338	0.00164	0.00412	0.00303	0.03750	0.00584
2	0.01113	0.00954	0.01113	0.00795	0.01272	0.00716	0.00636	0.01352	0.01113	0.01749	0.00954	0.01113	0.00795	0.00398	0.00398	0.00080	0.00398	0.00318	0.00318	0.84417
3	0.03516	0.01418	0.01464	0.01162	0.01548	0.04673	0.00946	0.55605	0.12308	0.04795	0.01426	0.01418	0.01032	0.00648	0.00523	0.00161	0.00557	0.00493	0.05445	0.00862
4	0.01136	0.00976	0.01164	0.00834	0.01311	0.00748	0.02134	0.02949	0.01146	0.01783	0.00964	0.01123	0.00798	0.00404	0.00405	0.00083	0.00412	0.00328	0.00322	0.80980
5	0.01014	0.00954	0.01610	0.79845	0.03697	0.01193	0.01491	0.01371	0.01073	0.01371	0.00954	0.01431	0.00716	0.00537	0.00537	0.00179	0.00716	0.00477	0.00239	0.00596
6	0.02408	0.00914	0.01246	0.00955	0.01370	0.00789	0.00789	0.02616	0.01536	0.78158	0.02118	0.01827	0.01329	0.00664	0.00540	0.00166	0.00457	0.00540	0.00664	0.00914
7	0.00781	0.00520	0.00585	0.00585	0.00585	0.00520	0.00325	0.00781	0.00781	0.01041	0.01691	0.03513	0.01952	0.81135	0.02732	0.00520	0.00520	0.00781	0.00325	0.00325
8	0.01174	0.01174	0.01644	0.01409	0.01409	0.01644	0.01174	0.01292	0.00822	0.01292	0.00705	0.01174	0.00705	0.00940	0.01762	0.00235	0.80153	0.00470	0.00235	0.00587
9	0.00729	0.00547	0.00675	0.00643	0.00783	0.00493	0.00482	0.00953	0.01446	0.01979	0.59668	0.04296	0.23009	0.01162	0.00633	0.00172	0.00258	0.01011	0.00568	0.00493
10	0.02393	0.00938	0.01261	0.00967	0.01383	0.00825	0.00799	0.05668	0.01577	0.75048	0.02083	0.01805	0.01311	0.00664	0.00540	0.00166	0.00462	0.00537	0.00659	0.00913
11	0.00797	0.00562	0.00697	0.00655	0.00807	0.00505	0.00494	0.01020	0.01449	0.05080	0.57071	0.04199	0.22379	0.01143	0.00630	0.00172	0.00266	0.00992	0.00572	0.00510
12	0.01925	0.00952	0.01191	0.00958	0.01309	0.00918	0.00775	0.10559	0.12707	0.45553	0.15037	0.02169	0.01972	0.00746	0.00557	0.00168	0.00432	0.00618	0.00620	0.00834
13	0.00651	0.00548	0.00567	0.00573	0.00750	0.00464	0.00437	0.00796	0.01231	0.01475	0.06873	0.05193	0.71588	0.01361	0.00641	0.00185	0.00285	0.05428	0.00500	0.00457
14	0.04837	0.78181	0.02730	0.00910	0.01364	0.02087	0.00905	0.01606	0.01083	0.01310	0.00746	0.00862	0.00684	0.00461	0.00344	0.00117	0.00568	0.00287	0.00234	0.00684
15	0.01001	0.00500	0.00500	0.00500	0.00625	0.00500	0.00375	0.01251	0.01126	0.02001	0.01751	0.02001	0.01376	0.00625	0.00375	0.00125	0.00250	0.00500	0.84115	0.00500
16	0.01424	0.01590	0.01607	0.01401	0.01484	0.24892	0.01133	0.01548	0.01032	0.01298	0.00742	0.01112	0.00701	0.00823	0.01378	0.00206	0.56349	0.00432	0.00247	0.00598
17	0.00853	0.00609	0.00851	0.00974	0.01093	0.00607	0.00843	0.01091	0.01223	0.01593	0.02849	0.10453	0.03116	0.01495	0.00738	0.00245	0.00484	0.69898	0.00495	0.00491
18	0.00781	0.00520	0.00585	0.00585	0.00585	0.00520	0.00325	0.00781	0.00781	0.01041	0.01691	0.03513	0.01952	0.81135	0.02732	0.00520	0.00520	0.00781	0.00325	0.00325
19	0.00650	0.00544	0.00565	0.00560	0.00734	0.00460	0.00420	0.00800	0.01260	0.01536	0.14256	0.05024	0.68697	0.01327	0.00634	0.00180	0.00270	0.01113	0.00510	0.00460
20	0.00781	0.00520	0.00585	0.00585	0.00585	0.00520	0.00325	0.00781	0.00781	0.01041	0.01691	0.03513	0.01952	0.81135	0.02732	0.00520	0.00520	0.00781	0.00325	0.00325
21	0.84927	0.01038	0.00789	0.00706	0.01038	0.01204	0.00581	0.01578	0.00914	0.02408	0.00747	0.00872	0.00581	0.00498	0.00332	0.00166	0.00415	0.00291	0.00332	0.00581
22	0.84927	0.01038	0.00789	0.00706	0.01038	0.01204	0.00581	0.01578	0.00914	0.02408	0.00747	0.00872	0.00581	0.00498	0.00332	0.00166	0.00415	0.00291	0.00332	0.00581
23	0.01014	0.00954	0.01610	0.79845	0.03697	0.01193	0.01491	0.01371	0.01073	0.01371	0.00954	0.01431	0.00716	0.00537	0.00537	0.00179	0.00716	0.00477	0.00239	0.00596
24	0.01751	0.01271	0.01373	0.01095	0.01440	0.01396	0.00883	0.57505	0.03783	0.02936	0.01479	0.06557	0.01203	0.05343	0.02427	0.00198	0.00556	0.00572	0.07428	0.00804
25	0.78829	0.01072	0.00849	0.00745	0.01084	0.01238	0.00614	0.07053	0.01032	0.02480	0.00787	0.00903	0.00606	0.00509	0.00347	0.00166	0.00428	0.00305	0.00347	0.00606
26	0.40594	0.01321	0.01203	0.05618	0.01479	0.07887	0.00836	0.27358	0.03331	0.04286	0.01018	0.01105	0.00755	0.00565	0.00437	0.00163	0.00541	0.00386	0.00405	0.00714
27	0.01276	0.01248	0.02109	0.18466	0.57072	0.02872	0.05917	0.01607	0.01201	0.01666	0.00999	0.01348	0.00818	0.00490	0.00537	0.00164	0.00676	0.00484	0.00261	0.00788
28	0.01014	0.00954	0.01610	0.79845	0.03697	0.01193	0.01491	0.01371	0.01073	0.01371	0.00954	0.01431	0.00716	0.00537	0.00537	0.00179	0.00716	0.00477	0.00239	0.00596
29	0.00671	0.00479	0.00642	0.00767	0.00805	0.00451	0.00528	0.00777	0.01044	0.01389	0.02949	0.74789	0.03513	0.01666	0.00690	0.00220	0.00326	0.07355	0.00498	0.00441
30	0.84927	0.01038	0.00789	0.00706	0.01038	0.01204	0.00581	0.01578	0.00914	0.02408	0.00747	0.00872	0.00581	0.00498	0.00332	0.00166	0.00415	0.00291	0.00332	0.00581
31	0.01435	0.81458	0.02813	0.00918	0.01378	0.02124	0.00918	0.01607	0.01091	0.01263	0.00746	0.00861	0.00689	0.00459	0.00344	0.00115	0.00574	0.00287	0.00230	0.00689
32	0.00781	0.00520	0.00585	0.00585	0.00585	0.00520	0.00325	0.00781	0.00781	0.01041	0.01691	0.03513	0.01952	0.81135	0.02732	0.00520	0.00520	0.00781	0.00325	0.00325
33	0.00932	0.00466	0.00699	0.00699	0.00699	0.00466	0.00466	0.00699	0.00699	0.00932	0.00932	0.01632	0.00932	0.01865	0.02098	0.84382	0.00466	0.00466	0.00233	0.00233
34	0.00792	0.00570	0.00763	0.00771	0.00897	0.00541	0.00616	0.01043	0.01433	0.01986	0.54665	0.04635	0.04461	0.01215	0.00666	0.00193	0.00327	0.23363	0.00561	0.00503
35	0.00654	0.00467	0.00623	0.00747	0.00779	0.00436	0.00498	0.00747	0.01028	0.01370	0.02959	0.80785	0.03550	0.01682	0.00685	0.00218	0.00311	0.01526	0.00498	0.00436
36	0.01435	0.81458	0.02813	0.00918	0.01378	0.02124	0.00918	0.01607	0.01091	0.01263	0.00746	0.00861	0.00689	0.00459	0.00344	0.00115	0.00574	0.00287	0.00230	0.00689
37	0.01335	0.01153	0.01214	0.01092	0.01396	0.01335	0.00850	0.02852	0.76817	0.02245	0.02185	0.02003	0.01639	0.00728	0.00546	0.00182	0.00425	0.00607	0.00546	0.00850
38	0.01421	0.78252	0.05891	0.00943	0.01416	0.02088	0.00962	0.01611	0.01092	0.01281	0.00755	0.00872	0.00689	0.00461	0.00351	0.00117	0.00583	0.00291	0.00230	0.00693
39	0.00677	0.00575	0.00588	0.00588	0.00768	0.00504	0.00439	0.00892	0.05661	0.01492	0.05100	0.09441	0.68733	0.01341	0.00632	0.00183	0.00283	0.01125	0.00501	0.00475
40	0.00932	0.00466	0.00699	0.00699	0.00699	0.00466	0.00466	0.00699	0.00699	0.00932	0.00932	0.01632	0.00932	0.01865	0.02098	0.84382	0.00466	0.00466	0.00233	0.00233
41	0.01267	0.01448	0.03167	0.02262	0.02805	0.01357	0.75837	0.01719	0.01267	0.01719	0.01086	0.01448	0.00814	0.00452	0.00633	0.00181	0.00905	0.00633	0.00271	0.00724
42	0.00932	0.00466	0.00699	0.00699	0.00699	0.00466	0.00466	0.00699	0.00699	0.00932	0.00932	0.01632	0.00932	0.01865	0.02098	0.84382	0.00466	0.00466	0.00233	0.00233
43	0.02023	0.01495	0.01601	0.01231	0.01658	0.01656	0.01016	0.74139	0.04410	0.03354	0.01312	0.01307	0.00931	0.00647	0.00537	0.00162	0.00586	0.00486	0.00537	0.00911
44	0.01077	0.02777	0.78354	0.01530	0.02323	0.01247	0.01983	0.01700	0.01133	0.01700	0.00963	0.01133	0.00680	0.00510	0.00510	0.00170	0.00793	0.00397	0.00227	0.00793
45	0.00674	0.00482	0.00646	0.00770	0.00810	0.00453	0.00533	0.00782	0.01048	0.01393	0.02947	0.73639	0.03506	0.01663	0.00691	0.00221	0.00329	0.08473	0.00498	0.00442
46	0.01385	0.01142	0.01215	0.01086	0.01395	0.01310	0.00847	0.02841	0.73346	0.05746	0.02182	0.01995	0.01624	0.00725	0.00546	0.00181	0.00426	0.00604	0.00552	0.00853
47	0.26875	0.01355	0.01355	0.01073	0.01470	0.01518	0.00884	0.51863	0.03890	0.03062	0.01149	0.01182	0.00832	0.00603	0.00476	0.00163	0.00534	0.00429	0.00476	0.00812
48	0.00779	0.00526	0.00615	0.00615	0.00626	0.00537	0.00363	0.00800	0.00789	0.01063	0.01664	0.03361	0.01886	0.72800	0.10978	0.00557	0.00620	0.00758	0.00321	0.00342
49	0.84927	0.01038	0.00789	0.00706	0.01038	0.01204	0.00581	0.01578	0.00914	0.02408	0.00747	0.00872	0.00581	0.00498	0.00332	0.00166	0.00415	0.00291	0.00332	0.00581
50	0.01403	0.73556	0.07211	0.00974	0.01435	0.02053	0.00992	0.01600	0.01082	0.01290	0.00757	0.00890	0.00689	0.00482	0.00412	0.00123	0.03830	0.00301	0.00230	0.00691
51	0.00654	0.00469	0.00621	0.00743	0.00777	0.00436	0.00496	0.00748	0.01032	0.01372	0.03016	0.79039	0.05259	0.01674	0.00684	0.00217	0.00311	0.01517	0.00498	0.00436
52	0.01113	0.00954	0.01113	0.00795	0.01272	0.00716	0.00636	0.01352	0.01113	0.01749	0.00954	0.01113	0.00795	0.00398	0.00398	0.00080	0.00398	0.00318	0.00318	0.84417
53	0.01886	0.01396	0.01494	0.01167	0.01567	0.01541	0.00956	0.62398	0.10054	0.03148	0.01401	0.01400	0.01012	0.00646	0.00525	0.00159	0.00549	0.00493	0.05452	0.02754
54	0.01524	0.00964	0.01171	0.00859	0.01316	0.00774	0.00695	0.04631	0.01291	0.23911	0.01304	0.01326	0.00954	0.00484	0.00444	0.00108	0.00422	0.00389	0.00427	0.57008
55	0.01014	0.00954	0.01610	0.79845	0.03697	0.01193	0.01491	0.01371	0.01073	0.01371	0.00954	0.01431	0.00716	0.00537	0.00537	0.00179	0.00716	0.00477	0.00239	0.00596
56	0.01358	0.64430	0.19162	0.01051	0.01582	0.01934	0.01149	0.01627	0.01100	0.01358	0.00793	0.00920	0.00687	0.00470	0.00380	0.00127	0.00622	0.00311	0.00229	0.00711
57	0.00781	0.00520	0.00585	0.00585	0.00585	0.00520	0.00325	0.00781	0.00781	0.01041	0.01691	0.03513	0.01952	0.81135	0.02732	0.00520	0.00520	0.00781	0.00325	0.00325
58	0.02364	0.00985	0.01290	0.00989	0.01406	0.00894	0.00817	0.11456	0.01655	0.69150	0.02018	0.01762	0.01279	0.00662	0.00539	0.00165	0.00473	0.00533	0.00649	0.00913
59	0.02400	0.00928	0.01254	0.00962	0.01377	0.00810	0.00794	0.04365	0.01560	0.76376	0.02098	0.01814	0.01319	0.00664	0.00540	0.00166	0.00460	0.00538	0.00661	0.00914
60	0.07265	0.00921	0.01219	0.00940	0.01351	0.00813	0.00777	0.02555	0.01500	0.73700	0.02037	0.01771	0.01285	0.00655	0.00528	0.00166	0.00454	0.00525	0.00645	0.00894
61	0.02124	0.01369	0.01528	0.01171	0.01598	0.01465	0.00968	0.59261	0.02299	0.20437	0.01478	0.01412	0.01008	0.00649	0.00538	0.00162	0.00560	0.00496	0.00566	0.00913
62	0.02286	0.01025	0.01308	0.01000	0.01421	0.00948	0.00825	0.16189	0.01702	0.61056	0.01915	0.01697	0.01229	0.00649	0.00533	0.00162	0.00479	0.00520	0.00626	0.04430
63	0.00652	0.00544	0.00565	0.00560	0.00731	0.00461	0.00418	0.00799	0.01248	0.01524	0.13821	0.04994	0.67377	0.03095	0.00681	0.00187	0.00275	0.01106	0.00505	0.00457
64	0.84927	0.01038	0.00789	0.00706	0.01038	0.01204	0.00581	0.01578	0.00914	0.02408	0.00747	0.00872	0.00581	0.00498	0.00332	0.00166	0.00415	0.00291	0.00332	0.00581
65	0.01992	0.02487	0.01539	0.01418	0.03308	0.74080	0.01050	0.05206	0.01556	0.01409	0.00853	0.00989	0.00704	0.00555	0.00487	0.00140	0.00945	0.00354	0.00287	0.00639
66	0.06122	0.01112	0.01819	0.51014	0.03093	0.01288	0.13624	0.10498	0.01266	0.01732	0.00998	0.01378	0.00748	0.00543	0.00569	0.00178	0.02584	0.00492	0.00286	0.00655
67	0.01320	0.01267	0.02163	0.05395	0.75754	0.01273	0.01643	0.01640	0.01218	0.01743	0.01008	0.01331	0.00847	0.00480	0.00532	0.00160	0.00640	0.00478	0.00265	0.00843
68	0.00634	0.00544	0.00544	0.00544	0.00725	0.00453	0.00408	0.00770	0.01224	0.01450	0.05438	0.05166	0.77569	0.01359	0.00634	0.00181	0.00272	0.01133	0.00498	0.00453
69	0.00757	0.00549	0.00714	0.00672	0.00800	0.00505	0.00504	0.01008	0.01513	0.02137	0.75878	0.04036	0.06700	0.01103	0.00633	0.00169	0.00254	0.00974	0.00589	0.00505
70	0.00816	0.00588	0.00805	0.00922	0.01033	0.00578	0.00776	0.01031	0.01200	0.01557	0.03015	0.18596	0.07550	0.01509	0.00726	0.00238	0.00450	0.57632	0.00495	0.00482
71	0.00810	0.00574	0.00810	0.00805	0.00896	0.00658	0.00617	0.00996	0.00894	0.01342	0.01483	0.02164	0.01372	0.08440	0.61137	0.00721	0.02910	0.00575	0.12321	0.00475
72	0.84927	0.01038	0.00789	0.00706	0.01038	0.01204	0.00581	0.01578	0.00914	0.02408	0.00747	0.00872	0.00581	0.00498	0.00332	0.00166	0.00415	0.00291	0.00332	0.00581
73	0.84927	0.01038	0.00789	0.00706	0.01038	0.01204	0.00581	0.01578	0.00914	0.02408	0.00747	0.00872	0.00581	0.00498	0.00332	0.00166	0.00415	0.00291	0.00332	0.00581
74	0.00932	0.00466	0.00699	0.00699	0.00699	0.00466	0.00466	0.00699	0.00699	0.00932	0.00932	0.01632	0.00932	0.01865	0.02098	0.84382	0.00466	0.00466	0.00233	0.00233
75	0.01435	0.81458	0.02813	0.00918	0.01378	0.02124	0.00918	0.01607	0.01091	0.01263	0.00746	0.00861	0.00689	0.00459	0.00344	0.00115	0.00574	0.00287	0.00230	0.00689
76	0.84927	0.01038	0.00789	0.00706	0.01038	0.01204	0.00581	0.01578	0.00914	0.02408	0.00747	0.00872	0.00581	0.00498	0.00332	0.00166	0.00415	0.00291	0.00332	0.00581
77	0.01370	0.01289	0.02145	0.03174	0.73307	0.01298	0.01610	0.06023	0.01299	0.01850	0.01026	0.01326	0.00854	0.00488	0.00532	0.00160	0.00635	0.00479	0.00282	0.00854
78	0.01320	0.01267	0.02163	0.05395	0.75754	0.01273	0.01643	0.01640	0.01218	0.01743	0.01008	0.01331	0.00847	0.00480	0.00532	0.00160	0.00640	0.00478	0.00265	0.00843
79	0.00932	0.00466	0.00699	0.00699	0.00699	0.00466	0.00466	0.00699	0.00699	0.00932	0.00932	0.01632	0.00932	0.01865	0.02098	0.84382	0.00466	0.00466	0.00233	0.00233
80	0.00654	0.00467	0.00623	0.00747	0.00779	0.00436	0.00498	0.00747	0.01028	0.01370	0.02959	0.80785	0.03550	0.01682	0.00685	0.00218	0.00311	0.01526	0.00498	0.00436
81	0.02017	0.01476	0.01586	0.01223	0.01647	0.01631	0.01008	0.71214	0.05767	0.04932	0.01346	0.01332	0.00954	0.00648	0.00537	0.00162	0.00581	0.00490	0.00540	0.00910
82	0.01435	0.81458	0.02813	0.00918	0.01378	0.02124	0.00918	0.01607	0.01091	0.01263	0.00746	0.00861	0.00689	0.00459	0.00344	0.00115	0.00574	0.00287	0.00230	0.00689
83	0.00757	0.00549	0.00713	0.00672	0.00800	0.00505	0.00504	0.01007	0.01513	0.02136	0.75817	0.04037	0.06761	0.01104	0.00633	0.00169	0.00254	0.00975	0.00589	0.00505
84	0.00769	0.00567	0.00824	0.00824	0.00906	0.00650	0.00622	0.00933	0.00851	0.01217	0.01474	0.02307	0.01428	0.14903	0.68248	0.00814	0.01308	0.00604	0.00293	0.00458
85	0.00740	0.00554	0.00654	0.00625	0.00781	0.00489	0.00470	0.00942	0.01394	0.03389	0.45232	0.04459	0.35924	0.01200	0.00632	0.00174	0.00265	0.01031	0.00553	0.00492
86	0.00707	0.00505	0.00684	0.00808	0.00863	0.00482	0.00591	0.00840	0.01080	0.01430	0.02929	0.61892	0.03434	0.01631	0.00699	0.00225	0.00358	0.19892	0.00497	0.00451
87	0.01435	0.81458	0.02813	0.00918	0.01378	0.02124	0.00918	0.01607	0.01091	0.01263	0.00746	0.00861	0.00689	0.00459	0.00344	0.00115	0.00574	0.00287	0.00230	0.00689
88	0.01335	0.01153	0.01214	0.01092	0.01396	0.01335	0.00850	0.02852	0.76817	0.02245	0.02185	0.02003	0.01639	0.00728	0.00546	0.00182	0.00425	0.00607	0.00546	0.00850
89	0.00825	0.00627	0.00770	0.00823	0.00983	0.00598	0.00690	0.04267	0.01287	0.01622	0.03804	0.05493	0.32560	0.01397	0.00690	0.00217	0.00410	0.41940	0.00498	0.00496
90	0.01964	0.01466	0.01568	0.01220	0.01636	0.01629	0.01002	0.68070	0.10576	0.03260	0.01386	0.01366	0.00992	0.00653	0.00538	0.00163	0.00573	0.00497	0.00538	0.00906
91	0.00659	0.00471	0.00627	0.00744	0.00780	0.00439	0.00499	0.00759	0.01049	0.01405	0.06234	0.77411	0.03617	0.01656	0.00683	0.00216	0.00309	0.01502	0.00502	0.00439
92	0.01064	0.02677	0.74937	0.01488	0.02247	0.01215	0.01910	0.01660	0.01118	0.01671	0.00995	0.01238	0.00736	0.04053	0.00608	0.00185	0.00781	0.00414	0.00231	0.00773
93	0.00997	0.00486	0.00723	0.00711	0.00729	0.00480	0.00480	0.00784	0.00736	0.04326	0.00984	0.01640	0.00950	0.01812	0.02029	0.80682	0.00466	0.00469	0.00252	0.00263
94	0.01098	0.00899	0.01157	0.16767	0.01740	0.01014	0.00984	0.05027	0.26442	0.01845	0.02181	0.05182	0.02046	0.01010	0.00625	0.00207	0.00516	0.30147	0.00463	0.00650
95	0.01132	0.02663	0.69080	0.01581	0.02332	0.04671	0.07735	0.01721	0.01161	0.01685	0.00967	0.01151	0.00691	0.00507	0.00519	0.00169	0.00810	0.00413	0.00232	0.00780
96	0.00722	0.00513	0.00668	0.00768	0.00815	0.00491	0.00520	0.04053	0.01085	0.01448	0.02834	0.75282	0.03368	0.01641	0.00715	0.02353	0.00328	0.01453	0.00493	0.00452

[dist]
# distance from previous block
# <min> <max>
0	3

[block]
# block no. 3 follows, 45 sequences, length 11
# corresponding to MSA columns:
# 311-321
name=unknown_D
#
# <colnr> <probs for GDERKNQSTAVLIFYWHMCP>
#	G	D	E	R	K	N	Q	S	T	A	V	L	I	F	Y	W	H	M	C	P
0	0.55833	0.01009	0.01074	0.28145	0.01960	0.01200	0.00897	0.01506	0.00969	0.02049	0.00819	0.01066	0.00628	0.00512	0.00403	0.00171	0.00519	0.00355	0.00300	0.00587
1	0.01585	0.01183	0.01319	0.01019	0.01442	0.01173	0.00824	0.28274	0.15549	0.08373	0.01390	0.01395	0.01033	0.00567	0.00486	0.00134	0.00476	0.00447	0.00465	0.32868
2	0.00882	0.00569	0.00708	0.00717	0.00795	0.00549	0.00488	0.03648	0.01117	0.06257	0.14995	0.30958	0.03004	0.29024	0.01373	0.00310	0.00399	0.03284	0.00466	0.00458
3	0.00954	0.00785	0.00943	0.00779	0.01101	0.00619	0.00588	0.01142	0.01083	0.01618	0.01649	0.28737	0.01750	0.00843	0.00497	0.00128	0.00368	0.00737	0.00381	0.55299
4	0.01447	0.01183	0.01444	0.01061	0.01526	0.01094	0.06562	0.27261	0.01614	0.02313	0.01080	0.01200	0.00837	0.00487	0.00464	0.00116	0.00504	0.00400	0.00390	0.49018
5	0.01015	0.00810	0.00923	0.00716	0.01088	0.00628	0.00565	0.01217	0.01174	0.05672	0.02570	0.02556	0.27442	0.00745	0.00487	0.00119	0.00357	0.00612	0.00399	0.50904
6	0.00933	0.00804	0.01255	0.52364	0.02618	0.00960	0.01087	0.01167	0.00972	0.01257	0.01210	0.02153	0.01144	0.28482	0.01298	0.00297	0.00648	0.00582	0.00269	0.00502
7	0.01001	0.00500	0.00500	0.00500	0.00625	0.00500	0.00375	0.01251	0.01126	0.02001	0.01751	0.02001	0.01376	0.00625	0.00375	0.00125	0.00250	0.00500	0.84115	0.00500
8	0.55745	0.00868	0.00764	0.00695	0.00956	0.00962	0.00555	0.01382	0.01124	0.02320	0.27360	0.01960	0.02136	0.00706	0.00437	0.00167	0.00359	0.00526	0.00422	0.00555
9	0.01119	0.01098	0.01632	0.28604	0.02202	0.01488	0.01284	0.01319	0.00909	0.01319	0.00791	0.01263	0.00708	0.00800	0.01337	0.00215	0.52610	0.00472	0.00236	0.00590
10	0.01449	0.01253	0.01614	0.01880	0.27926	0.01369	0.01154	0.14513	0.38339	0.02263	0.01629	0.01651	0.01245	0.00628	0.00540	0.00171	0.00526	0.00542	0.00447	0.00860

[dist]
# distance from previous block
# <min> <max>
0	1

[block]
# block no. 4 follows, 45 sequences, length 6
# corresponding to MSA columns:
# 323-328
name=unknown_E
#
# <colnr> <probs for GDERKNQSTAVLIFYWHMCP>
#	G	D	E	R	K	N	Q	S	T	A	V	L	I	F	Y	W	H	M	C	P
0	0.01317	0.01231	0.01729	0.01401	0.01767	0.01341	0.20615	0.02554	0.56903	0.02107	0.01895	0.01857	0.01421	0.00656	0.00569	0.00182	0.00551	0.00614	0.00474	0.00817
1	0.00843	0.00592	0.00791	0.00882	0.00973	0.00592	0.00723	0.01025	0.01116	0.01457	0.02539	0.05385	0.02789	0.22478	0.01266	0.00319	0.00501	0.54829	0.00450	0.00450
2	0.00700	0.00541	0.00638	0.00625	0.00768	0.00479	0.00465	0.00893	0.01362	0.01805	0.42286	0.09763	0.35244	0.01247	0.00637	0.00177	0.00265	0.01077	0.00546	0.00479
3	0.01102	0.02354	0.58135	0.01498	0.02082	0.01351	0.01770	0.01592	0.01051	0.01592	0.00895	0.01144	0.00686	0.00623	0.00840	0.00187	0.21711	0.00416	0.00229	0.00739
4	0.01329	0.01275	0.02179	0.03295	0.77787	0.01275	0.01647	0.01647	0.01222	0.01754	0.01010	0.01329	0.00850	0.00478	0.00531	0.00159	0.00638	0.00478	0.00266	0.00850
5	0.01014	0.00954	0.01610	0.79845	0.03697	0.01193	0.01491	0.01371	0.01073	0.01371	0.00954	0.01431	0.00716	0.00537	0.00537	0.00179	0.00716	0.00477	0.00239	0.00596

[dist]
# distance from previous block
# <min> <max>
0	13

[block]
# block no. 5 follows, 45 sequences, length 11
# corresponding to MSA columns:
# 342-352
name=unknown_F
#
# <colnr> <probs for GDERKNQSTAVLIFYWHMCP>
#	G	D	E	R	K	N	Q	S	T	A	V	L	I	F	Y	W	H	M	C	P
0	0.00698	0.00507	0.00708	0.00794	0.00849	0.00518	0.00568	0.00829	0.00984	0.01341	0.02475	0.52905	0.02836	0.02411	0.25331	0.00422	0.00673	0.04265	0.00432	0.00452
1	0.00654	0.00467	0.00623	0.00747	0.00779	0.00436	0.00498	0.00747	0.01028	0.01370	0.02959	0.80785	0.03550	0.01682	0.00685	0.00218	0.00311	0.01526	0.00498	0.00436
2	0.00748	0.00541	0.00650	0.00634	0.00731	0.00505	0.00444	0.00900	0.01225	0.01659	0.38292	0.04129	0.16897	0.26341	0.01298	0.00284	0.00349	0.03446	0.00488	0.00440
3	0.00824	0.00522	0.00715	0.00715	0.00748	0.00554	0.00487	0.00815	0.00783	0.01076	0.01367	0.02445	0.01424	0.30074	0.28369	0.27023	0.00814	0.00612	0.00283	0.00348
4	0.84927	0.01038	0.00789	0.00706	0.01038	0.01204	0.00581	0.01578	0.00914	0.02408	0.00747	0.00872	0.00581	0.00498	0.00332	0.00166	0.00415	0.00291	0.00332	0.00581
5	0.58555	0.01012	0.00891	0.00734	0.01112	0.01050	0.00599	0.01507	0.00976	0.02201	0.00812	0.00948	0.00649	0.00467	0.00353	0.00139	0.00410	0.00299	0.00328	0.26960
6	0.00936	0.00835	0.01375	0.54993	0.02835	0.01028	0.01233	0.01242	0.01007	0.01332	0.01106	0.01644	0.00913	0.01635	0.25227	0.00394	0.00943	0.00508	0.00254	0.00559
7	0.58524	0.01012	0.01047	0.25607	0.01875	0.01201	0.00867	0.01513	0.00964	0.02082	0.00812	0.01048	0.00624	0.00510	0.00397	0.00170	0.00510	0.00349	0.00303	0.00586
8	0.52320	0.01096	0.01108	0.00958	0.01192	0.01347	0.00793	0.04599	0.00973	0.04694	0.00803	0.01017	0.00659	0.00649	0.00798	0.00188	0.25513	0.00364	0.00321	0.00608
9	0.43447	0.00856	0.00816	0.00775	0.01018	0.00932	0.00598	0.01523	0.07241	0.09506	0.01696	0.26203	0.01676	0.00906	0.00481	0.00184	0.00387	0.00730	0.00435	0.00590
10	0.58656	0.26342	0.01426	0.00773	0.01145	0.01494	0.00687	0.01587	0.00969	0.02048	0.00747	0.00869	0.00615	0.00486	0.00336	0.00150	0.00465	0.00290	0.00300	0.00615

[dist]
# distance from previous block
# <min> <max>
0	1

[block]
# block no. 6 follows, 45 sequences, length 6
# corresponding to MSA columns:
# 354-359
name=unknown_G
#
# <colnr> <probs for GDERKNQSTAVLIFYWHMCP>
#	G	D	E	R	K	N	Q	S	T	A	V	L	I	F	Y	W	H	M	C	P
0	0.01144	0.00648	0.00756	0.00671	0.00913	0.00552	0.00523	0.01310	0.01337	0.23101	0.10591	0.04128	0.49984	0.01142	0.00608	0.00176	0.00322	0.00952	0.00553	0.00587
1	0.00765	0.00572	0.00731	0.00803	0.00932	0.00539	0.00657	0.00964	0.01238	0.01593	0.11448	0.14159	0.24315	0.01430	0.00693	0.00217	0.00385	0.37575	0.00506	0.00477
2	0.47469	0.00903	0.00847	0.00781	0.01043	0.00988	0.00611	0.07274	0.01127	0.08833	0.01532	0.23482	0.01509	0.00857	0.00466	0.00180	0.00403	0.00675	0.00424	0.00596
3	0.01215	0.58661	0.02196	0.00870	0.01209	0.01649	0.00800	0.01365	0.01073	0.01293	0.01369	0.23358	0.01494	0.00803	0.00440	0.00144	0.00500	0.00636	0.00305	0.00618
4	0.00769	0.00610	0.00897	0.22995	0.01580	0.00658	0.00759	0.00927	0.01015	0.01336	0.02261	0.50311	0.02584	0.09726	0.00859	0.00239	0.00447	0.01152	0.00407	0.00469
5	0.00932	0.00466	0.00699	0.00699	0.00699	0.00466	0.00466	0.00699	0.00699	0.00932	0.00932	0.01632	0.00932	0.01865	0.02098	0.84382	0.00466	0.00466	0.00233	0.00233

[dist]
# distance from previous block
# <min> <max>
0	4

[block]
# block no. 7 follows, 45 sequences, length 7
# corresponding to MSA columns:
# 364-370
name=unknown_H
#
# <colnr> <probs for GDERKNQSTAVLIFYWHMCP>
#	G	D	E	R	K	N	Q	S	T	A	V	L	I	F	Y	W	H	M	C	P
0	0.02053	0.00809	0.01057	0.00840	0.01182	0.00716	0.00684	0.02271	0.01433	0.58918	0.02025	0.01871	0.01341	0.00655	0.00498	0.00156	0.00405	0.00530	0.21748	0.00809
1	0.00669	0.00473	0.00619	0.00729	0.00756	0.00446	0.00478	0.00751	0.00999	0.01332	0.02812	0.71840	0.03365	0.10879	0.00922	0.00253	0.00336	0.01440	0.00478	0.00423
2	0.01508	0.01333	0.02035	0.02774	0.58555	0.01374	0.01489	0.20431	0.01551	0.02165	0.01080	0.01318	0.00866	0.00520	0.00533	0.00160	0.00626	0.00480	0.00334	0.00866
3	0.63689	0.00932	0.00808	0.00777	0.01057	0.01056	0.00653	0.01460	0.00995	0.02206	0.01277	0.02181	0.01215	0.00747	0.00436	0.00187	0.00435	0.18957	0.00373	0.00559
4	0.00690	0.00503	0.00650	0.00705	0.00782	0.00463	0.00494	0.00845	0.01220	0.01657	0.29897	0.46945	0.10268	0.01445	0.00662	0.00197	0.00287	0.01294	0.00532	0.00463
5	0.00799	0.00635	0.00703	0.00678	0.00833	0.00615	0.00494	0.01162	0.13200	0.01692	0.22497	0.06992	0.33551	0.12681	0.00924	0.00228	0.00329	0.00973	0.00504	0.00510
6	0.01161	0.12831	0.57193	0.01712	0.13388	0.01366	0.01794	0.01680	0.01141	0.01651	0.00942	0.01127	0.00706	0.00499	0.00492	0.00161	0.00742	0.00394	0.00233	0.00788

[dist]
# distance from previous block
# <min> <max>
0	9

[block]
# block no. 8 follows, 45 sequences, length 38
# corresponding to MSA columns:
# 380-417
name=unknown_I
#
# <colnr> <probs for GDERKNQSTAVLIFYWHMCP>
#	G	D	E	R	K	N	Q	S	T	A	V	L	I	F	Y	W	H	M	C	P
0	0.01077	0.02777	0.78354	0.01530	0.02323	0.01247	0.01983	0.01700	0.01133	0.01700	0.00963	0.01133	0.00680	0.00510	0.00510	0.00170	0.00793	0.00397	0.00227	0.00793
1	0.01139	0.16416	0.65259	0.01424	0.02159	0.01399	0.01799	0.01684	0.01126	0.01624	0.00926	0.01086	0.00682	0.00501	0.00481	0.00160	0.00755	0.00378	0.00227	0.00775
2	0.01814	0.02228	0.01516	0.14138	0.01970	0.62801	0.01097	0.03655	0.01464	0.01373	0.00964	0.01145	0.02429	0.00571	0.00497	0.00146	0.00903	0.00388	0.00281	0.00621
3	0.01077	0.02777	0.78354	0.01530	0.02323	0.01247	0.01983	0.01700	0.01133	0.01700	0.00963	0.01133	0.00680	0.00510	0.00510	0.00170	0.00793	0.00397	0.00227	0.00793
4	0.01524	0.01146	0.01257	0.01070	0.01414	0.01250	0.00851	0.13466	0.48926	0.10644	0.01962	0.01927	0.01471	0.00704	0.00538	0.00171	0.00453	0.02808	0.00537	0.07883
5	0.01222	0.00951	0.01124	0.00809	0.01280	0.00722	0.00649	0.01458	0.01149	0.08175	0.01052	0.01173	0.00840	0.00420	0.00410	0.00087	0.00403	0.00337	0.00347	0.77394
6	0.77987	0.01028	0.00827	0.00727	0.01066	0.01169	0.00599	0.01665	0.00966	0.08779	0.00863	0.00952	0.00644	0.00512	0.00350	0.00166	0.00419	0.00312	0.00360	0.00609
7	0.00932	0.00466	0.00699	0.00699	0.00699	0.00466	0.00466	0.00699	0.00699	0.00932	0.00932	0.01632	0.00932	0.01865	0.02098	0.84382	0.00466	0.00466	0.00233	0.00233
8	0.01335	0.01153	0.01214	0.01092	0.01396	0.01335	0.00850	0.02852	0.76817	0.02245	0.02185	0.02003	0.01639	0.00728	0.00546	0.00182	0.00425	0.00607	0.00546	0.00850
9	0.01215	0.01365	0.02953	0.02135	0.02635	0.01280	0.69501	0.01638	0.01247	0.01690	0.01243	0.08121	0.01045	0.00556	0.00638	0.00184	0.00855	0.00709	0.00291	0.00700
10	0.00654	0.00467	0.00623	0.00747	0.00779	0.00436	0.00498	0.00747	0.01028	0.01370	0.02959	0.80785	0.03550	0.01682	0.00685	0.00218	0.00311	0.01526	0.00498	0.00436
11	0.01329	0.01275	0.02179	0.03295	0.77787	0.01275	0.01647	0.01647	0.01222	0.01754	0.01010	0.01329	0.00850	0.00478	0.00531	0.00159	0.00638	0.00478	0.00266	0.00850
12	0.00653	0.00471	0.00619	0.00738	0.00776	0.00437	0.00494	0.00749	0.01037	0.01374	0.03079	0.77102	0.07155	0.01666	0.00683	0.00216	0.00310	0.01507	0.00498	0.00437
13	0.01113	0.00954	0.01113	0.00795	0.01272	0.00716	0.00636	0.01352	0.01113	0.01749	0.00954	0.01113	0.00795	0.00398	0.00398	0.00080	0.00398	0.00318	0.00318	0.84417
14	0.84927	0.01038	0.00789	0.00706	0.01038	0.01204	0.00581	0.01578	0.00914	0.02408	0.00747	0.00872	0.00581	0.00498	0.00332	0.00166	0.00415	0.00291	0.00332	0.00581
15	0.01325	0.01431	0.02938	0.02111	0.02630	0.01370	0.65496	0.07945	0.01358	0.01850	0.01090	0.01418	0.00820	0.00478	0.00645	0.00177	0.02718	0.00607	0.00294	0.03298
16	0.04252	0.01106	0.01383	0.01059	0.01480	0.02463	0.03239	0.19986	0.01731	0.51747	0.01786	0.01621	0.01163	0.00637	0.00531	0.00162	0.00509	0.00511	0.00593	0.04041
17	0.01113	0.00954	0.01113	0.00795	0.01272	0.00716	0.00636	0.01352	0.01113	0.01749	0.00954	0.01113	0.00795	0.00398	0.00398	0.00080	0.00398	0.00318	0.00318	0.84417
18	0.02000	0.01386	0.01516	0.01182	0.01594	0.01514	0.00970	0.57735	0.11566	0.12655	0.01504	0.01445	0.01055	0.00657	0.00538	0.00164	0.00553	0.00506	0.00554	0.00905
19	0.01597	0.01023	0.01221	0.00902	0.01355	0.00873	0.00733	0.12485	0.01431	0.22642	0.01317	0.01332	0.00956	0.00505	0.00456	0.00115	0.00441	0.00402	0.00443	0.49770
20	0.01014	0.00954	0.01610	0.79845	0.03697	0.01193	0.01491	0.01371	0.01073	0.01371	0.00954	0.01431	0.00716	0.00537	0.00537	0.00179	0.00716	0.00477	0.00239	0.00596
21	0.01001	0.00500	0.00500	0.00500	0.00625	0.00500	0.00375	0.01251	0.01126	0.02001	0.01751	0.02001	0.01376	0.00625	0.00375	0.00125	0.00250	0.00500	0.84115	0.00500
22	0.84927	0.01038	0.00789	0.00706	0.01038	0.01204	0.00581	0.01578	0.00914	0.02408	0.00747	0.00872	0.00581	0.00498	0.00332	0.00166	0.00415	0.00291	0.00332	0.00581
23	0.01174	0.01174	0.01644	0.01409	0.01409	0.01644	0.01174	0.01292	0.00822	0.01292	0.00705	0.01174	0.00705	0.00940	0.01762	0.00235	0.80153	0.00470	0.00235	0.00587
24	0.01500	0.01235	0.01306	0.01126	0.01459	0.01412	0.00889	0.19917	0.59484	0.02511	0.01976	0.01836	0.01469	0.00709	0.00544	0.00177	0.00464	0.00578	0.00544	0.00864
25	0.00772	0.00600	0.00709	0.00679	0.00838	0.00563	0.00516	0.01095	0.07750	0.01922	0.46108	0.04270	0.27523	0.01161	0.00630	0.00176	0.00281	0.03334	0.00555	0.00518
26	0.01385	0.01159	0.01228	0.01094	0.01404	0.01333	0.00854	0.05255	0.72527	0.04142	0.02154	0.01975	0.01607	0.00724	0.00546	0.00181	0.00431	0.00601	0.00549	0.00853
27	0.01991	0.01465	0.01571	0.01210	0.01622	0.01620	0.00993	0.73054	0.02456	0.03291	0.01305	0.01376	0.00954	0.03793	0.00623	0.00175	0.00588	0.00495	0.00529	0.00890
28	0.76091	0.01054	0.00890	0.02476	0.04119	0.01209	0.00657	0.03424	0.00982	0.04021	0.00805	0.00932	0.00619	0.00505	0.00354	0.00166	0.00435	0.00312	0.00340	0.00607
