[name]
unknown

[dist]
# distance from previous block
# <min> <max>
25	99

[block]
# block no. 0 follows, 45 sequences, length 61
# corresponding to MSA columns:
# 151-211
name=unknown_A
#
# <colnr> <probs for GDERKNQSTAVLIFYWHMCP>
#	G	D	E	R	K	N	Q	S	T	A	V	L	I	F	Y	W	H	M	C	P
0	0.15109	0.10874	0.42572	0.01281	0.03453	0.03161	0.01433	0.05712	0.01215	0.05770	0.04036	0.01219	0.00889	0.00541	0.00470	0.00162	0.00658	0.00402	0.00300	0.00745
1	0.13663	0.03192	0.12485	0.01041	0.01415	0.01113	0.02558	0.21943	0.01472	0.05763	0.01537	0.17338	0.01443	0.03543	0.00598	0.00182	0.00518	0.02218	0.00420	0.07557
2	0.18251	0.20666	0.21518	0.03613	0.08634	0.02583	0.02653	0.03024	0.03496	0.01784	0.04479	0.05016	0.01052	0.00585	0.00455	0.00158	0.00590	0.00451	0.00300	0.00695
3	0.00752	0.00513	0.00614	0.00652	0.00668	0.00507	0.00402	0.00792	0.00867	0.01156	0.02063	0.23244	0.02399	0.55495	0.03733	0.00438	0.00485	0.04479	0.00377	0.00365
4	0.00741	0.00560	0.00686	0.00652	0.00796	0.00511	0.00490	0.00993	0.03024	0.01984	0.58460	0.04248	0.22566	0.01153	0.00632	0.00172	0.00261	0.01002	0.00568	0.00501
5	0.01152	0.04679	0.64309	0.01560	0.03831	0.04446	0.05886	0.03198	0.01193	0.01718	0.02602	0.01205	0.00790	0.00522	0.00515	0.00167	0.00782	0.00420	0.00246	0.00777
6	0.00805	0.00632	0.00738	0.00696	0.00863	0.00607	0.00527	0.01202	0.11957	0.01967	0.46649	0.04055	0.25041	0.01120	0.00621	0.00174	0.00282	0.00966	0.00559	0.00539
7	0.84927	0.01038	0.00789	0.00706	0.01038	0.01204	0.00581	0.01578	0.00914	0.02408	0.00747	0.00872	0.00581	0.00498	0.00332	0.00166	0.00415	0.00291	0.00332	0.00581
8	0.00768	0.00569	0.00831	0.00831	0.00916	0.00654	0.00632	0.00938	0.00853	0.01223	0.01467	0.02269	0.01411	0.12821	0.70308	0.00824	0.01333	0.00599	0.00292	0.00462
9	0.00673	0.00535	0.00604	0.00608	0.00754	0.00466	0.00448	0.00838	0.01284	0.01643	0.25987	0.14502	0.47110	0.01325	0.00641	0.00182	0.00272	0.01136	0.00525	0.00466
10	0.01816	0.01265	0.01408	0.01115	0.01473	0.01385	0.00909	0.55169	0.02118	0.08513	0.01401	0.01537	0.01052	0.03616	0.11196	0.00266	0.00680	0.00510	0.03752	0.00820
11	0.27518	0.08419	0.01452	0.02805	0.03850	0.09407	0.00899	0.31698	0.05133	0.02539	0.01052	0.01127	0.00795	0.00570	0.00452	0.00158	0.00570	0.00398	0.00406	0.00750
12	0.01191	0.00692	0.00886	0.00784	0.00992	0.00654	0.00606	0.01560	0.09318	0.19408	0.50237	0.05700	0.03813	0.00979	0.00605	0.00171	0.00319	0.00852	0.00600	0.00632
13	0.01174	0.01174	0.01644	0.01409	0.01409	0.01644	0.01174	0.01292	0.00822	0.01292	0.00705	0.01174	0.00705	0.00940	0.01762	0.00235	0.80153	0.00470	0.00235	0.00587
14	0.82173	0.01034	0.00804	0.00714	0.01049	0.01190	0.00588	0.01613	0.00934	0.04936	0.00793	0.00904	0.00606	0.00504	0.00339	0.00166	0.00417	0.00299	0.00343	0.00592
15	0.00681	0.00498	0.00629	0.00693	0.00764	0.00458	0.00477	0.00808	0.01143	0.01525	0.18814	0.49240	0.14342	0.06346	0.00792	0.00221	0.00306	0.01308	0.00507	0.00446
16	0.01218	0.03972	0.02583	0.17815	0.10123	0.01373	0.43142	0.01593	0.01170	0.01592	0.01000	0.01384	0.00782	0.00524	0.00715	0.00182	0.09320	0.00558	0.00259	0.00695
17	0.84927	0.01038	0.00789	0.00706	0.01038	0.01204	0.00581	0.01578	0.00914	0.02408	0.00747	0.00872	0.00581	0.00498	0.00332	0.00166	0.00415	0.00291	0.00332	0.00581
18	0.01132	0.14969	0.66648	0.01435	0.02177	0.01383	0.01818	0.01686	0.01127	0.01632	0.00930	0.01091	0.00681	0.00502	0.00484	0.00161	0.00759	0.00380	0.00227	0.00777
19	0.00689	0.00528	0.00631	0.00643	0.00768	0.00471	0.00468	0.00862	0.01297	0.01713	0.33675	0.22012	0.31647	0.01328	0.00646	0.00185	0.00273	0.01158	0.00535	0.00471
20	0.00991	0.00808	0.01222	0.44356	0.02413	0.00965	0.01070	0.03226	0.01102	0.01555	0.01430	0.13831	0.01300	0.00758	0.00591	0.00176	0.04842	0.00644	0.18161	0.00559
21	0.00738	0.00548	0.00687	0.00652	0.00788	0.00497	0.00489	0.00970	0.01467	0.02028	0.64729	0.04215	0.17917	0.01144	0.00633	0.00171	0.00257	0.01000	0.00575	0.00497
22	0.01351	0.01215	0.01877	0.02620	0.54855	0.02764	0.01405	0.06947	0.05995	0.03560	0.03125	0.01698	0.01145	0.00764	0.04783	0.00203	0.00651	0.03903	0.00331	0.00807
23	0.01445	0.01067	0.01229	0.00916	0.01366	0.00945	0.00740	0.15755	0.06519	0.10382	0.01227	0.01284	0.00932	0.00496	0.00449	0.00111	0.00442	0.00393	0.00413	0.53889
24	0.01641	0.01623	0.03761	0.16740	0.01987	0.24718	0.01086	0.19594	0.12057	0.05102	0.01323	0.05631	0.01060	0.00660	0.00530	0.00164	0.00692	0.00514	0.00395	0.00725
25	0.01335	0.01153	0.01214	0.01092	0.01396	0.01335	0.00850	0.02852	0.76817	0.02245	0.02185	0.02003	0.01639	0.00728	0.00546	0.00182	0.00425	0.00607	0.00546	0.00850
26	0.05937	0.75382	0.04368	0.00920	0.01380	0.02055	0.00924	0.01608	0.01082	0.01334	0.00751	0.00868	0.00683	0.00462	0.00347	0.00119	0.00570	0.00290	0.00235	0.00685
27	0.00781	0.00520	0.00585	0.00585	0.00585	0.00520	0.00325	0.00781	0.00781	0.01041	0.01691	0.03513	0.01952	0.81135	0.02732	0.00520	0.00520	0.00781	0.00325	0.00325
28	0.01113	0.00954	0.01113	0.00795	0.01272	0.00716	0.00636	0.01352	0.01113	0.01749	0.00954	0.01113	0.00795	0.00398	0.00398	0.00080	0.00398	0.00318	0.00318	0.84417
29	0.01152	0.15062	0.59002	0.01506	0.02222	0.01396	0.09114	0.01687	0.01140	0.01633	0.00941	0.01121	0.00695	0.00496	0.00496	0.00162	0.00770	0.00403	0.00232	0.00770
30	0.00676	0.00595	0.04819	0.00783	0.00860	0.00480	0.00575	0.00800	0.01040	0.01391	0.02935	0.73906	0.05916	0.01607	0.00674	0.00214	0.00336	0.01452	0.00484	0.00456
31	0.01014	0.00954	0.01610	0.79845	0.03697	0.01193	0.01491	0.01371	0.01073	0.01371	0.00954	0.01431	0.00716	0.00537	0.00537	0.00179	0.00716	0.00477	0.00239	0.00596
32	0.00773	0.00517	0.00588	0.00596	0.00598	0.00515	0.00336	0.00779	0.00796	0.01061	0.01771	0.08357	0.02052	0.76154	0.02604	0.00501	0.00507	0.00827	0.00336	0.00332
33	0.04563	0.01196	0.05443	0.01033	0.01430	0.01136	0.00883	0.29982	0.03806	0.32058	0.01656	0.01621	0.01142	0.02634	0.00569	0.00170	0.00504	0.00507	0.08828	0.00839
34	0.01283	0.01446	0.12253	0.03848	0.28767	0.01301	0.09997	0.02105	0.29329	0.01917	0.01448	0.01569	0.01113	0.00574	0.00546	0.00172	0.00612	0.00533	0.00365	0.00822
35	0.01170	0.00957	0.01121	0.00808	0.01279	0.00733	0.00647	0.01436	0.02842	0.04813	0.01028	0.01162	0.00835	0.00416	0.00407	0.00085	0.00401	0.00333	0.00337	0.79191
36	0.84927	0.01038	0.00789	0.00706	0.01038	0.01204	0.00581	0.01578	0.00914	0.02408	0.00747	0.00872	0.00581	0.00498	0.00332	0.00166	0.00415	0.00291	0.00332	0.00581
37	0.01177	0.01091	0.01718	0.40918	0.27062	0.01238	0.01421	0.03238	0.12108	0.01664	0.01231	0.01539	0.02158	0.00561	0.00538	0.00173	0.00639	0.00507	0.00302	0.00719
38	0.01014	0.00954	0.01610	0.79845	0.03697	0.01193	0.01491	0.01371	0.01073	0.01371	0.00954	0.01431	0.00716	0.00537	0.00537	0.00179	0.00716	0.00477	0.00239	0.00596
39	0.00932	0.00466	0.00699	0.00699	0.00699	0.00466	0.00466	0.00699	0.00699	0.00932	0.00932	0.01632	0.00932	0.01865	0.02098	0.84382	0.00466	0.00466	0.00233	0.00233
40	0.00662	0.00473	0.00630	0.00742	0.00780	0.00441	0.00499	0.00767	0.01065	0.01429	0.08587	0.74988	0.03665	0.01638	0.00681	0.00214	0.00307	0.01484	0.00505	0.00441
41	0.01116	0.01058	0.01794	0.55073	0.27673	0.01219	0.01541	0.01461	0.01122	0.01495	0.00972	0.01398	0.00759	0.00518	0.00535	0.00173	0.00690	0.00477	0.00247	0.00678
42	0.01529	0.03015	0.04722	0.03251	0.02218	0.01252	0.40954	0.08970	0.06780	0.16335	0.01534	0.01666	0.03951	0.00569	0.00589	0.00175	0.00718	0.00601	0.00396	0.00775
43	0.01235	0.01283	0.02503	0.24126	0.12314	0.01312	0.41154	0.04522	0.02920	0.01702	0.01071	0.01434	0.00813	0.00493	0.00588	0.00177	0.00796	0.00564	0.00278	0.00714
44	0.01149	0.00662	0.00843	0.00755	0.00944	0.00616	0.00577	0.02826	0.01392	0.19405	0.34096	0.10679	0.15162	0.05064	0.00754	0.00194	0.02820	0.00914	0.00559	0.00587
45	0.01583	0.00967	0.01159	0.01010	0.01288	0.00992	0.00812	0.26818	0.04121	0.19783	0.02156	0.21252	0.02010	0.01034	0.00606	0.00190	0.00472	0.12467	0.00551	0.00730
46	0.84927	0.01038	0.00789	0.00706	0.01038	0.01204	0.00581	0.01578	0.00914	0.02408	0.00747	0.00872	0.00581	0.00498	0.00332	0.00166	0.00415	0.00291	0.00332	0.00581
47	0.07121	0.01182	0.01999	0.24951	0.40177	0.01258	0.09912	0.01609	0.03524	0.01701	0.01021	0.01360	0.00813	0.00501	0.00531	0.00169	0.00668	0.00486	0.00272	0.00744
48	0.01179	0.19994	0.42470	0.01467	0.02073	0.01449	0.12450	0.01631	0.01132	0.01578	0.01012	0.01364	0.00822	0.00562	0.00570	0.00167	0.05033	0.04065	0.00248	0.00734
49	0.01187	0.01109	0.04087	0.04667	0.08744	0.01112	0.12565	0.07066	0.24659	0.01981	0.07697	0.04624	0.05704	0.00836	0.00599	0.00187	0.00542	0.11475	0.00446	0.00714
50	0.00686	0.00545	0.00624	0.00613	0.00766	0.00483	0.00459	0.00865	0.01301	0.01682	0.30360	0.06958	0.45770	0.01422	0.04869	0.00215	0.00330	0.01058	0.00519	0.00473
51	0.01266	0.07308	0.05301	0.18092	0.10474	0.01378	0.31470	0.07797	0.01277	0.01721	0.01080	0.03995	0.00877	0.00559	0.00631	0.00175	0.05044	0.00558	0.00287	0.00710
52	0.01082	0.02737	0.76129	0.01552	0.02338	0.01250	0.04169	0.01701	0.01137	0.01701	0.00967	0.01143	0.00684	0.00508	0.00514	0.00170	0.00797	0.00404	0.00228	0.00791
53	0.00734	0.00539	0.00664	0.00644	0.00758	0.00495	0.00465	0.00924	0.01341	0.01836	0.50379	0.08595	0.17515	0.11674	0.00912	0.00220	0.00295	0.01007	0.00534	0.00469
54	0.01078	0.04606	0.68318	0.01531	0.04230	0.01232	0.03707	0.01655	0.01153	0.01701	0.03658	0.01318	0.02371	0.00543	0.00516	0.00169	0.00758	0.00436	0.00247	0.00774
55	0.00654	0.00467	0.00623	0.00747	0.00779	0.00436	0.00498	0.00747	0.01028	0.01370	0.02959	0.80785	0.03550	0.01682	0.00685	0.00218	0.00311	0.01526	0.00498	0.00436
56	0.00911	0.00794	0.06254	0.00799	0.01005	0.00665	0.00666	0.04115	0.06790	0.04608	0.45030	0.09658	0.11875	0.01085	0.00619	0.00177	0.00339	0.03500	0.00542	0.00569
57	0.09934	0.04225	0.46699	0.13576	0.02346	0.01282	0.05646	0.04559	0.03687	0.01796	0.00993	0.01197	0.00724	0.00521	0.00500	0.00170	0.00722	0.00418	0.00265	0.00741
58	0.84927	0.01038	0.00789	0.00706	0.01038	0.01204	0.00581	0.01578	0.00914	0.02408	0.00747	0.00872	0.00581	0.00498	0.00332	0.00166	0.00415	0.00291	0.00332	0.00581
59	0.01082	0.01004	0.01661	0.69901	0.10288	0.01218	0.01487	0.04294	0.01143	0.01484	0.00972	0.01416	0.00735	0.00536	0.00536	0.00176	0.00704	0.00477	0.00253	0.00631
60	0.39063	0.03875	0.15824	0.00953	0.01411	0.01149	0.00927	0.06142	0.01184	0.15598	0.01081	0.01137	0.00775	0.00528	0.00421	0.00157	0.00508	0.00369	0.00378	0.08518

[dist]
# distance from previous block
# <min> <max>
4	6

[block]
# block no. 1 follows, 45 sequences, length 27
# corresponding to MSA columns:
# 218-244
name=unknown_B
#
# <colnr> <probs for GDERKNQSTAVLIFYWHMCP>
#	G	D	E	R	K	N	Q	S	T	A	V	L	I	F	Y	W	H	M	C	P
0	0.09043	0.01269	0.01344	0.02705	0.01475	0.01401	0.00880	0.51746	0.05043	0.04902	0.01362	0.01407	0.00990	0.00630	0.00495	0.00157	0.00516	0.00475	0.13349	0.00812
1	0.00932	0.00466	0.00699	0.00699	0.00699	0.00466	0.00466	0.00699	0.00699	0.00932	0.00932	0.01632	0.00932	0.01865	0.02098	0.84382	0.00466	0.00466	0.00233	0.00233
2	0.00642	0.00541	0.00558	0.00570	0.00740	0.00457	0.00427	0.00779	0.01211	0.01449	0.05202	0.10087	0.70614	0.01384	0.00641	0.00186	0.00281	0.03280	0.00498	0.00453
3	0.00678	0.00505	0.00631	0.00684	0.00773	0.00458	0.00481	0.00823	0.01201	0.01596	0.23344	0.44080	0.19868	0.01457	0.00660	0.00197	0.00287	0.01294	0.00523	0.00458
4	0.01402	0.01231	0.01829	0.22881	0.35633	0.01343	0.01407	0.17928	0.07352	0.02047	0.01148	0.01399	0.00890	0.00549	0.00535	0.00167	0.00631	0.00489	0.00340	0.00797
5	0.00753	0.00513	0.00589	0.00609	0.00623	0.00504	0.00357	0.00775	0.00841	0.01113	0.02072	0.15885	0.05820	0.64682	0.02306	0.00456	0.00475	0.00916	0.00361	0.00349
6	0.09791	0.16067	0.07865	0.13486	0.08343	0.07637	0.02983	0.14231	0.01332	0.01849	0.00919	0.01146	0.00739	0.00581	0.00633	0.00165	0.10813	0.00411	0.00302	0.00706
7	0.66409	0.01406	0.11941	0.00877	0.01271	0.07330	0.00818	0.01640	0.00993	0.02221	0.00785	0.00917	0.00604	0.00504	0.00370	0.00164	0.00513	0.00310	0.00313	0.00615
8	0.00665	0.00534	0.00576	0.00585	0.00727	0.00464	0.00422	0.00797	0.01196	0.01486	0.13252	0.13102	0.54154	0.08633	0.00831	0.00215	0.00297	0.01125	0.00493	0.00446
9	0.01508	0.52701	0.11711	0.01103	0.01554	0.16763	0.01080	0.03404	0.01204	0.01375	0.00800	0.00933	0.00694	0.00501	0.00434	0.00130	0.02847	0.00321	0.00245	0.00691
10	0.01589	0.13635	0.01607	0.01212	0.05114	0.06712	0.00942	0.17106	0.38002	0.05996	0.01635	0.01575	0.01232	0.00643	0.00508	0.00163	0.00529	0.00506	0.00470	0.00825
11	0.00766	0.00568	0.00705	0.00679	0.00813	0.00525	0.00505	0.03257	0.01443	0.01982	0.54384	0.13111	0.16867	0.01196	0.00636	0.00176	0.00274	0.01048	0.00563	0.00502
12	0.01272	0.45622	0.37219	0.01197	0.01808	0.01724	0.01403	0.01650	0.01110	0.01462	0.00845	0.00985	0.00685	0.00482	0.00420	0.00140	0.00674	0.00337	0.00228	0.00736
13	0.01225	0.01787	0.23918	0.02244	0.16149	0.01312	0.41944	0.01701	0.01222	0.01720	0.01038	0.01339	0.00783	0.00473	0.00581	0.00174	0.00826	0.00540	0.00258	0.00766
14	0.02229	0.00874	0.01188	0.00925	0.01308	0.00758	0.00758	0.02442	0.01535	0.69894	0.10314	0.02064	0.01735	0.00711	0.00550	0.00166	0.00435	0.00587	0.00656	0.00869
15	0.01234	0.01189	0.02094	0.37304	0.21352	0.01290	0.17972	0.07891	0.01276	0.01713	0.01025	0.01398	0.00787	0.00513	0.00557	0.00173	0.00728	0.00513	0.00278	0.00713
16	0.01269	0.06626	0.06215	0.02193	0.15036	0.02967	0.47856	0.01666	0.01242	0.01680	0.01137	0.01619	0.00932	0.00519	0.00590	0.00173	0.00801	0.04717	0.00279	0.02483
17	0.00656	0.00489	0.00612	0.00708	0.00776	0.00445	0.00489	0.00764	0.01079	0.01396	0.03520	0.61310	0.20398	0.01602	0.00675	0.00211	0.00308	0.03622	0.00498	0.00442
18	0.00745	0.00546	0.00699	0.00665	0.00794	0.00500	0.00497	0.00983	0.01479	0.02066	0.68814	0.06237	0.11694	0.01138	0.00635	0.00171	0.00257	0.01001	0.00580	0.00500
19	0.84927	0.01038	0.00789	0.00706	0.01038	0.01204	0.00581	0.01578	0.00914	0.02408	0.00747	0.00872	0.00581	0.00498	0.00332	0.00166	0.00415	0.00291	0.00332	0.00581
20	0.02115	0.01383	0.01537	0.01178	0.01605	0.01486	0.00973	0.61050	0.02323	0.18614	0.01458	0.01398	0.00998	0.00648	0.00538	0.00162	0.00563	0.00495	0.00563	0.00913
21	0.01667	0.01102	0.01240	0.01060	0.01401	0.01197	0.00840	0.06037	0.52449	0.23539	0.02126	0.01922	0.01520	0.00707	0.00544	0.00177	0.00441	0.00583	0.00579	0.00870
22	0.00672	0.00498	0.00621	0.00698	0.00770	0.00456	0.00483	0.00790	0.01111	0.01455	0.10737	0.51986	0.18799	0.05244	0.00766	0.00221	0.00313	0.03439	0.00499	0.00443
23	0.00661	0.00472	0.00629	0.00743	0.00780	0.00441	0.00499	0.00765	0.01060	0.01421	0.07784	0.75815	0.03648	0.01644	0.00682	0.00215	0.00308	0.01490	0.00504	0.00441
24	0.01035	0.00610	0.00806	0.00722	0.00897	0.00554	0.00554	0.01281	0.01522	0.14847	0.64912	0.03645	0.04441	0.01025	0.00618	0.00168	0.00287	0.00899	0.00603	0.00574
25	0.01171	0.01341	0.12887	0.24346	0.27388	0.01219	0.01445	0.01763	0.15552	0.01712	0.01304	0.05255	0.01066	0.00605	0.00540	0.00174	0.00627	0.00541	0.00317	0.00750
26	0.01348	0.20198	0.37393	0.01428	0.08201	0.03005	0.01454	0.06978	0.03131	0.06889	0.04360	0.01288	0.00970	0.00547	0.00484	0.00155	0.00665	0.00423	0.00306	0.00776

[dist]
# distance from previous block
# <min> <max>
0	2

[block]
# block no. 2 follows, 45 sequences, length 38
# corresponding to MSA columns:
# 248-285
name=unknown_C
#
# <colnr> <probs for GDERKNQSTAVLIFYWHMCP>
#	G	D	E	R	K	N	Q	S	T	A	V	L	I	F	Y	W	H	M	C	P
0	0.01034	0.00975	0.01647	0.74819	0.08561	0.01198	0.01501	0.01390	0.01083	0.01397	0.00958	0.01424	0.00724	0.00533	0.00536	0.00178	0.00710	0.00477	0.00240	0.00613
1	0.01113	0.00954	0.01113	0.00795	0.01272	0.00716	0.00636	0.01352	0.01113	0.01749	0.00954	0.01113	0.00795	0.00398	0.00398	0.00080	0.00398	0.00318	0.00318	0.84417
2	0.01127	0.07150	0.43512	0.02514	0.03647	0.01208	0.05555	0.06980	0.03198	0.01844	0.11128	0.01773	0.05614	0.00648	0.00551	0.00168	0.01794	0.00534	0.00323	0.00732
3	0.00666	0.00483	0.00632	0.00747	0.00795	0.00449	0.00514	0.00772	0.01056	0.01392	0.03147	0.70086	0.09358	0.01644	0.00685	0.00217	0.00320	0.06098	0.00498	0.00441
4	0.01207	0.15977	0.60005	0.01405	0.02116	0.01425	0.01733	0.07093	0.01227	0.01749	0.00950	0.01099	0.00698	0.00511	0.00484	0.00160	0.00742	0.00384	0.00250	0.00784
5	0.01206	0.18571	0.57861	0.01406	0.02106	0.03144	0.03375	0.01714	0.01146	0.03447	0.00947	0.01098	0.00701	0.00503	0.00479	0.00158	0.00747	0.00382	0.00240	0.00770
6	0.59533	0.22804	0.01364	0.00781	0.01151	0.01469	0.00687	0.04111	0.01016	0.02132	0.00765	0.00883	0.00622	0.00493	0.00342	0.00152	0.00464	0.00296	0.00311	0.00622
7	0.01095	0.06743	0.74546	0.01499	0.02276	0.01291	0.01930	0.01695	0.01131	0.01678	0.00952	0.01120	0.00680	0.00507	0.00502	0.00167	0.00782	0.00391	0.00227	0.00788
8	0.00760	0.00525	0.00603	0.00607	0.00633	0.00521	0.00365	0.00791	0.00840	0.01108	0.02092	0.06510	0.09456	0.64723	0.07883	0.00500	0.00553	0.00829	0.00346	0.00353
9	0.00767	0.00573	0.00854	0.00854	0.00946	0.00666	0.00660	0.00953	0.00860	0.01239	0.01446	0.02154	0.01362	0.06528	0.76533	0.00852	0.01408	0.00582	0.00289	0.00474
10	0.01585	0.01184	0.01279	0.01079	0.01420	0.01310	0.00859	0.23146	0.43248	0.09844	0.02164	0.02016	0.06933	0.00745	0.00549	0.00175	0.00463	0.00604	0.00552	0.00845
11	0.01054	0.00922	0.01413	0.40667	0.02484	0.01036	0.03202	0.01324	0.01069	0.04049	0.01251	0.12474	0.01150	0.00716	0.00665	0.00171	0.09109	0.00600	0.00305	0.16340
12	0.01435	0.81458	0.02813	0.00918	0.01378	0.02124	0.00918	0.01607	0.01091	0.01263	0.00746	0.00861	0.00689	0.00459	0.00344	0.00115	0.00574	0.00287	0.00230	0.00689
13	0.00654	0.00467	0.00623	0.00747	0.00779	0.00436	0.00498	0.00747	0.01028	0.01370	0.02959	0.80785	0.03550	0.01682	0.00685	0.00218	0.00311	0.01526	0.00498	0.00436
14	0.00797	0.00635	0.00730	0.00696	0.00831	0.04041	0.00519	0.01025	0.01464	0.02000	0.62581	0.07536	0.12875	0.01129	0.00629	0.00171	0.00290	0.00986	0.00562	0.00503
15	0.84927	0.01038	0.00789	0.00706	0.01038	0.01204	0.00581	0.01578	0.00914	0.02408	0.00747	0.00872	0.00581	0.00498	0.00332	0.00166	0.00415	0.00291	0.00332	0.00581
16	0.00861	0.00615	0.00860	0.00978	0.01102	0.00614	0.00853	0.01109	0.01245	0.01625	0.05387	0.05985	0.03157	0.01470	0.00738	0.00244	0.00486	0.71679	0.00498	0.00495
17	0.01204	0.01067	0.03646	0.57761	0.14250	0.01195	0.01457	0.04476	0.01188	0.07105	0.01060	0.01432	0.00787	0.00541	0.00535	0.00174	0.00682	0.00480	0.00285	0.00674
18	0.00751	0.00546	0.00707	0.00671	0.00798	0.00502	0.00502	0.00994	0.01492	0.02097	0.71963	0.06201	0.08511	0.01126	0.00635	0.00171	0.00256	0.00994	0.00584	0.00502
19	0.00714	0.00565	0.00609	0.00613	0.00744	0.00518	0.00431	0.00902	0.05395	0.01444	0.08454	0.12659	0.45552	0.17761	0.01067	0.00254	0.00335	0.01063	0.00471	0.00451
20	0.00710	0.00526	0.00698	0.00775	0.00835	0.00514	0.00556	0.00846	0.01126	0.01518	0.14971	0.55091	0.06979	0.01525	0.00724	0.00212	0.03590	0.07844	0.00502	0.00460
21	0.01322	0.01293	0.02280	0.03189	0.70134	0.01284	0.09219	0.01655	0.01227	0.01750	0.01017	0.01341	0.00847	0.00476	0.00542	0.00162	0.00665	0.00494	0.00266	0.00837
22	0.01165	0.20292	0.58903	0.01453	0.04673	0.01443	0.01734	0.01677	0.01127	0.01604	0.00916	0.01079	0.00688	0.00498	0.00474	0.00157	0.00739	0.00375	0.00229	0.00772
23	0.01510	0.01335	0.01306	0.01142	0.01463	0.08260	0.00894	0.14803	0.57951	0.02350	0.01918	0.01794	0.01436	0.00699	0.00539	0.00175	0.00500	0.00563	0.00521	0.00840
24	0.72817	0.01070	0.00905	0.10008	0.01367	0.03328	0.00700	0.01569	0.00949	0.02257	0.00774	0.00940	0.00600	0.00504	0.00360	0.00167	0.00466	0.00314	0.00320	0.00584
25	0.01202	0.03693	0.33352	0.03550	0.23142	0.01289	0.16081	0.01743	0.05966	0.01735	0.01107	0.01394	0.00859	0.00521	0.00543	0.00170	0.00737	0.01855	0.00272	0.00788
26	0.00925	0.00829	0.06455	0.00841	0.01045	0.02628	0.00669	0.01101	0.01104	0.05319	0.06023	0.43388	0.02531	0.03904	0.00688	0.00189	0.02181	0.01029	0.02207	0.16942
27	0.00743	0.00545	0.00697	0.00666	0.00794	0.00498	0.00497	0.00978	0.01469	0.02051	0.67339	0.07585	0.11836	0.01149	0.00636	0.00172	0.00258	0.01011	0.00578	0.00498
28	0.84927	0.01038	0.00789	0.00706	0.01038	0.01204	0.00581	0.01578	0.00914	0.02408	0.00747	0.00872	0.00581	0.00498	0.00332	0.00166	0.00415	0.00291	0.00332	0.00581
29	0.01334	0.01167	0.01198	0.01076	0.01369	0.03999	0.00836	0.04537	0.66830	0.02235	0.07598	0.02095	0.01837	0.00747	0.00550	0.00179	0.00436	0.00621	0.00540	0.00818
30	0.00748	0.00548	0.00701	0.00663	0.00794	0.00501	0.00497	0.00989	0.01491	0.02084	0.70494	0.04122	0.12117	0.01123	0.00633	0.00170	0.00255	0.00987	0.00582	0.00501
31	0.09656	0.00682	0.00806	0.00712	0.00939	0.00630	0.00556	0.01384	0.01391	0.19662	0.34932	0.03461	0.21119	0.00999	0.00581	0.00171	0.00321	0.00841	0.00560	0.00596
32	0.01829	0.10279	0.01916	0.01478	0.01816	0.58787	0.13070	0.02022	0.01437	0.01374	0.00863	0.01035	0.00711	0.00528	0.00494	0.00143	0.00918	0.00386	0.00271	0.00645
33	0.00746	0.00548	0.00698	0.00661	0.00793	0.00501	0.00496	0.00986	0.01487	0.02075	0.69506	0.04138	0.13111	0.01126	0.00633	0.00170	0.00255	0.00989	0.00581	0.00501
34	0.00779	0.00527	0.00621	0.00621	0.00633	0.00540	0.00370	0.00803	0.00791	0.01067	0.01659	0.03332	0.01873	0.71233	0.12527	0.00564	0.00638	0.00754	0.00320	0.00345
35	0.01914	0.15273	0.01732	0.01304	0.01614	0.64467	0.01018	0.04063	0.01479	0.01362	0.00829	0.00959	0.00697	0.00540	0.00463	0.00135	0.00894	0.00340	0.00276	0.00641
36	0.01637	0.01388	0.01335	0.01112	0.01389	0.12872	0.00868	0.36357	0.09318	0.02339	0.01360	0.01738	0.01145	0.15266	0.02164	0.00239	0.05680	0.00530	0.02545	0.00720
37	0.84927	0.01038	0.00789	0.00706	0.01038	0.01204	0.00581	0.01578	0.00914	0.02408	0.00747	0.00872	0.00581	0.00498	0.00332	0.00166	0.00415	0.00291	0.00332	0.00581

[dist]
# distance from previous block
# <min> <max>
0	1

[block]
# block no. 3 follows, 45 sequences, length 10
# corresponding to MSA columns:
# 287-296
name=unknown_D
#
# <colnr> <probs for GDERKNQSTAVLIFYWHMCP>
#	G	D	E	R	K	N	Q	S	T	A	V	L	I	F	Y	W	H	M	C	P
0	0.21897	0.07153	0.01243	0.00876	0.01281	0.00983	0.00733	0.02156	0.01308	0.46036	0.01561	0.01449	0.01044	0.00581	0.00460	0.00153	0.00450	0.00437	0.00515	0.09683
1	0.18045	0.01827	0.01383	0.01183	0.01520	0.33834	0.00929	0.25091	0.07517	0.02242	0.01061	0.01129	0.00812	0.00584	0.00476	0.00154	0.00701	0.00398	0.00389	0.00722
2	0.01416	0.75564	0.02727	0.00955	0.01380	0.02089	0.00937	0.01584	0.01071	0.01265	0.00743	0.00884	0.00690	0.00495	0.00448	0.00124	0.06416	0.00300	0.00230	0.00681
3	0.00654	0.00467	0.00623	0.00747	0.00779	0.00436	0.00498	0.00747	0.01028	0.01370	0.02959	0.80785	0.03550	0.01682	0.00685	0.00218	0.00311	0.01526	0.00498	0.00436
4	0.00654	0.00467	0.00623	0.00747	0.00779	0.00436	0.00498	0.00747	0.01028	0.01370	0.02959	0.80785	0.03550	0.01682	0.00685	0.00218	0.00311	0.01526	0.00498	0.00436
5	0.01192	0.01441	0.09781	0.05754	0.02319	0.01405	0.39842	0.01546	0.01096	0.01555	0.00961	0.01353	0.00779	0.00721	0.03360	0.00217	0.25198	0.00551	0.00255	0.00675
6	0.00745	0.00548	0.00698	0.00660	0.00793	0.00500	0.00495	0.00985	0.01486	0.02072	0.69288	0.04142	0.13330	0.01127	0.00633	0.00170	0.00255	0.00989	0.00580	0.00500
7	0.01094	0.01044	0.08730	0.04744	0.19406	0.00919	0.01154	0.04235	0.01259	0.04584	0.04815	0.09379	0.02115	0.01034	0.00671	0.00204	0.03145	0.30418	0.00408	0.00642
8	0.00729	0.00550	0.00750	0.09402	0.01112	0.00538	0.00605	0.00876	0.01087	0.01470	0.08674	0.57204	0.06500	0.01415	0.00642	0.00200	0.00351	0.01273	0.03011	0.03612
9	0.12945	0.33225	0.06099	0.01042	0.03723	0.07192	0.00909	0.01650	0.06916	0.03550	0.01107	0.04825	0.00977	0.00920	0.07991	0.00216	0.03540	0.00431	0.02083	0.00659

[dist]
# distance from previous block
# <min> <max>
3	21

[block]
# block no. 4 follows, 45 sequences, length 40
# corresponding to MSA columns:
# 318-357
name=unknown_E
#
# <colnr> <probs for GDERKNQSTAVLIFYWHMCP>
#	G	D	E	R	K	N	Q	S	T	A	V	L	I	F	Y	W	H	M	C	P
0	0.01837	0.01417	0.03216	0.01185	0.01590	0.01525	0.00986	0.55253	0.14330	0.04393	0.01424	0.01414	0.01032	0.00651	0.00554	0.00162	0.02173	0.00496	0.02085	0.04277
1	0.39744	0.03156	0.01172	0.09445	0.01519	0.11110	0.00824	0.11627	0.01307	0.09574	0.03601	0.01223	0.00896	0.00634	0.01988	0.00176	0.00564	0.00396	0.00380	0.00663
2	0.01192	0.02937	0.10838	0.07892	0.02061	0.01199	0.22643	0.05150	0.01182	0.01699	0.01030	0.03643	0.00854	0.00566	0.00697	0.00158	0.11905	0.00496	0.00290	0.23567
3	0.00830	0.00688	0.00963	0.01075	0.06798	0.00772	0.00721	0.00938	0.00978	0.01357	0.02216	0.51203	0.02594	0.07621	0.01069	0.00241	0.17878	0.01156	0.00409	0.00492
4	0.00788	0.00555	0.00709	0.00671	0.00808	0.00506	0.00503	0.01020	0.01467	0.04193	0.64243	0.07196	0.13047	0.01138	0.00633	0.00172	0.00263	0.00999	0.00579	0.00509
5	0.00910	0.00466	0.00693	0.00703	0.00706	0.00464	0.00469	0.00703	0.00726	0.00967	0.01095	0.07969	0.01142	0.01850	0.01985	0.77643	0.00454	0.00551	0.00254	0.00249
6	0.00699	0.00546	0.00633	0.00611	0.00764	0.00480	0.00458	0.00895	0.01375	0.01810	0.42317	0.04574	0.40466	0.01225	0.00634	0.00175	0.00262	0.01050	0.00546	0.00480
7	0.01113	0.00954	0.01113	0.00795	0.01272	0.00716	0.00636	0.01352	0.01113	0.01749	0.00954	0.01113	0.00795	0.00398	0.00398	0.00080	0.00398	0.00318	0.00318	0.84417
8	0.00781	0.00520	0.00585	0.00585	0.00585	0.00520	0.00325	0.00781	0.00781	0.01041	0.01691	0.03513	0.01952	0.81135	0.02732	0.00520	0.00520	0.00781	0.00325	0.00325
9	0.01074	0.00618	0.00818	0.00729	0.00910	0.00560	0.00560	0.01319	0.01523	0.16660	0.63115	0.03593	0.04352	0.01015	0.00615	0.00168	0.00292	0.00889	0.00605	0.00584
10	0.01150	0.09608	0.59211	0.01761	0.14473	0.01330	0.01833	0.01683	0.01144	0.01669	0.00951	0.01140	0.00708	0.00500	0.00499	0.00163	0.00748	0.00400	0.00233	0.00793
11	0.01956	0.14234	0.18639	0.01077	0.01583	0.01105	0.01075	0.02251	0.01375	0.48839	0.01641	0.01518	0.01082	0.00597	0.00502	0.00159	0.00550	0.00467	0.00497	0.00851
12	0.00634	0.00544	0.00544	0.00544	0.00725	0.00453	0.00408	0.00770	0.01224	0.01450	0.05438	0.05166	0.77569	0.01359	0.00634	0.00181	0.00272	0.01133	0.00498	0.00453
13	0.00760	0.00549	0.00718	0.00675	0.00802	0.00506	0.00506	0.01013	0.01519	0.02153	0.77503	0.04010	0.05065	0.01097	0.00633	0.00169	0.00253	0.00971	0.00591	0.00506
14	0.01113	0.00954	0.01113	0.00795	0.01272	0.00716	0.00636	0.01352	0.01113	0.01749	0.00954	0.01113	0.00795	0.00398	0.00398	0.00080	0.00398	0.00318	0.00318	0.84417
15	0.01368	0.43365	0.06624	0.01024	0.01392	0.12169	0.00950	0.02802	0.04555	0.01422	0.03564	0.01537	0.09263	0.00647	0.00544	0.00144	0.07233	0.00446	0.00295	0.00657
16	0.00736	0.00545	0.00687	0.00658	0.00789	0.00495	0.00491	0.00964	0.01453	0.02011	0.63242	0.07308	0.16305	0.01162	0.00635	0.00173	0.00259	0.01019	0.00573	0.00495
17	0.01454	0.78783	0.02769	0.00934	0.01387	0.04730	0.00923	0.01626	0.01105	0.01265	0.00749	0.00865	0.00689	0.00462	0.00349	0.00116	0.00587	0.00289	0.00231	0.00687
18	0.00876	0.00637	0.00907	0.01091	0.06894	0.00624	0.00820	0.01091	0.01202	0.03119	0.04927	0.22345	0.04770	0.01420	0.00703	0.00228	0.00451	0.46894	0.00484	0.00516
19	0.03951	0.18204	0.23875	0.01392	0.06602	0.11860	0.03436	0.09330	0.07496	0.03257	0.01149	0.01261	0.02530	0.00567	0.00517	0.00156	0.02931	0.00424	0.00313	0.00750
20	0.09277	0.01206	0.03888	0.32687	0.27087	0.01298	0.01393	0.13448	0.01340	0.01926	0.01006	0.01313	0.00777	0.00531	0.00515	0.00168	0.00644	0.00458	0.00304	0.00733
21	0.04207	0.01034	0.01631	0.67278	0.10651	0.03445	0.01459	0.01428	0.01095	0.01445	0.00948	0.01387	0.00723	0.00530	0.00527	0.00175	0.00704	0.00466	0.00246	0.00621
22	0.01078	0.02602	0.70711	0.07567	0.04180	0.01243	0.01938	0.01674	0.01131	0.01676	0.00964	0.01161	0.00687	0.00511	0.00513	0.00170	0.00784	0.00405	0.00228	0.00780
23	0.00839	0.00602	0.00832	0.00940	0.01059	0.00595	0.00805	0.01075	0.01245	0.01630	0.08627	0.10319	0.05036	0.01462	0.00727	0.00238	0.00460	0.62517	0.00502	0.00491
24	0.00945	0.00905	0.07138	0.02718	0.01341	0.00830	0.11953	0.01101	0.02660	0.01343	0.01657	0.17264	0.04622	0.01528	0.08188	0.22824	0.08690	0.03485	0.00323	0.00487
25	0.00634	0.00544	0.00544	0.00544	0.00725	0.00453	0.00408	0.00770	0.01224	0.01450	0.05438	0.05166	0.77569	0.01359	0.00634	0.00181	0.00272	0.01133	0.00498	0.00453
26	0.01427	0.01252	0.01239	0.01110	0.01415	0.07259	0.00862	0.02789	0.68241	0.05010	0.02079	0.01917	0.01555	0.00712	0.00541	0.00178	0.00468	0.00584	0.00530	0.00835
27	0.01113	0.00954	0.01113	0.00795	0.01272	0.00716	0.00636	0.01352	0.01113	0.01749	0.00954	0.01113	0.00795	0.00398	0.00398	0.00080	0.00398	0.00318	0.00318	0.84417
28	0.01113	0.00954	0.01113	0.00795	0.01272	0.00716	0.00636	0.01352	0.01113	0.01749	0.00954	0.01113	0.00795	0.00398	0.00398	0.00080	0.00398	0.00318	0.00318	0.84417
29	0.01404	0.01291	0.04302	0.03065	0.69762	0.01237	0.01591	0.01723	0.01244	0.07602	0.01093	0.01361	0.00882	0.00493	0.00531	0.00160	0.00628	0.00481	0.00295	0.00853
30	0.84927	0.01038	0.00789	0.00706	0.01038	0.01204	0.00581	0.01578	0.00914	0.02408	0.00747	0.00872	0.00581	0.00498	0.00332	0.00166	0.00415	0.00291	0.00332	0.00581
31	0.00654	0.00467	0.00623	0.00747	0.00779	0.00436	0.00498	0.00747	0.01028	0.01370	0.02959	0.80785	0.03550	0.01682	0.00685	0.00218	0.00311	0.01526	0.00498	0.00436
32	0.00654	0.00467	0.00623	0.00747	0.00779	0.00436	0.00498	0.00747	0.01028	0.01370	0.02959	0.80785	0.03550	0.01682	0.00685	0.00218	0.00311	0.01526	0.00498	0.00436
33	0.01083	0.02737	0.76355	0.01576	0.04304	0.01247	0.01974	0.01699	0.01136	0.01701	0.00965	0.01138	0.00684	0.00509	0.00511	0.00170	0.00789	0.00399	0.00228	0.00795
34	0.00665	0.00480	0.00630	0.00729	0.00779	0.00445	0.00495	0.00779	0.01093	0.01464	0.11598	0.68363	0.07293	0.01599	0.00677	0.00211	0.00303	0.01444	0.00509	0.00445
35	0.02005	0.02558	0.01521	0.01383	0.01659	0.78980	0.01037	0.02143	0.01521	0.01314	0.00830	0.00968	0.00691	0.00553	0.00484	0.00138	0.00968	0.00346	0.00277	0.00622
36	0.01020	0.00745	0.00968	0.03105	0.03287	0.00738	0.02977	0.11020	0.03215	0.05800	0.10301	0.30404	0.15237	0.01235	0.00636	0.00195	0.00401	0.07639	0.00501	0.00574
37	0.01034	0.00976	0.01621	0.69061	0.03415	0.01175	0.03693	0.01378	0.01075	0.01409	0.00951	0.01400	0.00724	0.00536	0.00566	0.00173	0.03083	0.00469	0.00246	0.07017
38	0.08169	0.01128	0.01253	0.01001	0.01346	0.01180	0.00798	0.33929	0.06057	0.19151	0.01567	0.04136	0.01232	0.11339	0.00811	0.00209	0.00511	0.00551	0.00509	0.05123
39	0.01392	0.64689	0.12413	0.01037	0.01509	0.04294	0.01072	0.01618	0.01095	0.01322	0.00774	0.00916	0.00689	0.00494	0.00446	0.00129	0.04871	0.00313	0.00231	0.00695

[dist]
# distance from previous block
# <min> <max>
0	1

[block]
# block no. 5 follows, 45 sequences, length 74
# corresponding to MSA columns:
# 359-432
name=unknown_F
#
# <colnr> <probs for GDERKNQSTAVLIFYWHMCP>
#	G	D	E	R	K	N	Q	S	T	A	V	L	I	F	Y	W	H	M	C	P
0	0.01076	0.01018	0.01723	0.64629	0.18424	0.01209	0.01522	0.01426	0.01103	0.01447	0.00965	0.01411	0.00742	0.00525	0.00536	0.00175	0.00700	0.00477	0.00244	0.00647
1	0.01926	0.10555	0.01722	0.01182	0.01613	0.01679	0.00992	0.63500	0.03981	0.03064	0.01236	0.01251	0.00900	0.00617	0.00511	0.00154	0.00579	0.00458	0.00495	0.03584
2	0.01300	0.01446	0.10827	0.03094	0.69219	0.01272	0.01686	0.01653	0.01212	0.01748	0.01004	0.01306	0.00831	0.00482	0.00529	0.00161	0.00655	0.00469	0.00261	0.00844
3	0.01329	0.01275	0.02179	0.03295	0.77787	0.01275	0.01647	0.01647	0.01222	0.01754	0.01010	0.01329	0.00850	0.00478	0.00531	0.00159	0.00638	0.00478	0.00266	0.00850
4	0.01041	0.02524	0.69540	0.01433	0.02151	0.01163	0.01816	0.01622	0.01177	0.01751	0.09653	0.01460	0.01178	0.00577	0.00524	0.00170	0.00732	0.00462	0.00268	0.00761
5	0.01049	0.00991	0.01675	0.71154	0.12109	0.01202	0.01509	0.01403	0.01090	0.01415	0.00960	0.01419	0.00731	0.00530	0.00536	0.00177	0.00707	0.00477	0.00242	0.00625
6	0.01018	0.00960	0.01611	0.77786	0.03637	0.01204	0.01482	0.01369	0.01067	0.01369	0.00948	0.01424	0.00715	0.00547	0.00569	0.00180	0.02801	0.00477	0.00238	0.00596
7	0.01371	0.01333	0.04295	0.02132	0.13732	0.01230	0.48284	0.01799	0.03428	0.10234	0.05618	0.01628	0.01142	0.00526	0.00603	0.00175	0.00762	0.00613	0.00339	0.00757
8	0.00796	0.00639	0.00988	0.00984	0.01107	0.00615	0.09148	0.01017	0.03734	0.01497	0.02738	0.50113	0.04437	0.01456	0.00687	0.00219	0.00425	0.18430	0.00473	0.00497
9	0.01096	0.07125	0.74179	0.01496	0.02271	0.01295	0.01924	0.01695	0.01131	0.01676	0.00951	0.01118	0.00680	0.00507	0.00501	0.00167	0.00781	0.00391	0.00227	0.00788
10	0.00901	0.00466	0.00691	0.00705	0.00708	0.00463	0.00470	0.00705	0.00737	0.00982	0.01162	0.10618	0.01230	0.01844	0.01938	0.74827	0.00449	0.00587	0.00263	0.00256
11	0.01318	0.01264	0.02159	0.05948	0.75218	0.01273	0.01642	0.01638	0.01217	0.01740	0.01008	0.01332	0.00846	0.00480	0.00532	0.00160	0.00640	0.00478	0.00265	0.00841
12	0.01099	0.09530	0.65629	0.01474	0.02198	0.01295	0.04763	0.01654	0.01131	0.01649	0.01029	0.04315	0.00801	0.00550	0.00507	0.00168	0.00759	0.00442	0.00240	0.00767
13	0.01113	0.01055	0.01789	0.55781	0.26988	0.01219	0.01540	0.01458	0.01120	0.01492	0.00972	0.01399	0.00758	0.00518	0.00535	0.00173	0.00691	0.00477	0.00247	0.00676
14	0.01264	0.01210	0.02062	0.18955	0.62630	0.01258	0.01615	0.01591	0.01192	0.01676	0.00998	0.01350	0.00823	0.00490	0.00532	0.00163	0.00654	0.00478	0.00260	0.00798
15	0.01267	0.01213	0.02068	0.18200	0.63361	0.01259	0.01617	0.01594	0.01193	0.01679	0.00999	0.01349	0.00824	0.00490	0.00532	0.00163	0.00653	0.00478	0.00260	0.00801
16	0.00942	0.00654	0.00906	0.00839	0.00951	0.00639	0.05884	0.04453	0.01115	0.06419	0.10676	0.28248	0.02651	0.29375	0.01396	0.00311	0.01600	0.02017	0.00440	0.00481
17	0.01215	0.01346	0.02843	0.10983	0.02793	0.01301	0.62640	0.01667	0.02984	0.01678	0.01172	0.04640	0.00932	0.00518	0.00623	0.00182	0.00849	0.00651	0.00283	0.00701
18	0.01186	0.01370	0.10808	0.27979	0.32283	0.01259	0.14183	0.01575	0.01171	0.01617	0.00999	0.01360	0.00781	0.00497	0.00548	0.00171	0.00726	0.00495	0.00253	0.00739
19	0.01014	0.00954	0.01610	0.79845	0.03697	0.01193	0.01491	0.01371	0.01073	0.01371	0.00954	0.01431	0.00716	0.00537	0.00537	0.00179	0.00716	0.00477	0.00239	0.00596
20	0.00683	0.00490	0.00628	0.00707	0.00757	0.00457	0.00475	0.00792	0.01084	0.01454	0.14089	0.56362	0.07686	0.10597	0.00907	0.00243	0.00324	0.01337	0.00492	0.00435
21	0.00911	0.00641	0.00701	0.00659	0.00869	0.00578	0.00503	0.01191	0.08477	0.10272	0.08793	0.07549	0.54438	0.01219	0.00617	0.00180	0.00308	0.01022	0.00527	0.00546
22	0.11584	0.00973	0.02248	0.00932	0.01327	0.00885	0.00775	0.07594	0.01516	0.55774	0.06715	0.01788	0.01429	0.00661	0.00517	0.00163	0.00451	0.00526	0.00596	0.03546
23	0.07886	0.00889	0.01141	0.00924	0.01282	0.00818	0.00746	0.02349	0.07009	0.58536	0.02123	0.10738	0.01552	0.00773	0.00542	0.00173	0.00435	0.00639	0.00614	0.00831
24	0.01329	0.01275	0.02179	0.03295	0.77787	0.01275	0.01647	0.01647	0.01222	0.01754	0.01010	0.01329	0.00850	0.00478	0.00531	0.00159	0.00638	0.00478	0.00266	0.00850
25	0.01316	0.01263	0.02156	0.06364	0.74816	0.01272	0.01641	0.01636	0.01216	0.01738	0.01007	0.01333	0.00845	0.00481	0.00532	0.00160	0.00641	0.00478	0.00265	0.00840
26	0.01128	0.01053	0.01721	0.14416	0.48156	0.01073	0.01339	0.01421	0.01228	0.01691	0.09032	0.02141	0.11980	0.00671	0.00557	0.00166	0.00561	0.00617	0.00326	0.00722
27	0.00654	0.00467	0.00623	0.00747	0.00779	0.00436	0.00498	0.00747	0.01028	0.01370	0.02959	0.80785	0.03550	0.01682	0.00685	0.00218	0.00311	0.01526	0.00498	0.00436
28	0.04327	0.01031	0.01225	0.02430	0.01301	0.01172	0.02916	0.20531	0.10054	0.07185	0.03250	0.01727	0.03225	0.00719	0.00713	0.00169	0.14534	0.00529	0.22265	0.00697
29	0.01280	0.04461	0.65204	0.01431	0.02160	0.01202	0.01782	0.01832	0.01191	0.12866	0.01127	0.01228	0.00775	0.00531	0.00510	0.00168	0.00739	0.00415	0.00291	0.00808
30	0.00802	0.00587	0.00783	0.00888	0.01002	0.00573	0.00734	0.01026	0.02546	0.01549	0.03150	0.21928	0.11618	0.01498	0.00714	0.00232	0.00429	0.48962	0.00497	0.00483
31	0.19468	0.18901	0.42977	0.01188	0.01788	0.01398	0.01401	0.01639	0.01076	0.01772	0.00896	0.01047	0.00683	0.00500	0.00432	0.00156	0.00647	0.00354	0.02961	0.00716
32	0.01267	0.01448	0.03167	0.02262	0.02805	0.01357	0.75837	0.01719	0.01267	0.01719	0.01086	0.01448	0.00814	0.00452	0.00633	0.00181	0.00905	0.00633	0.00271	0.00724
33	0.12751	0.08680	0.02059	0.02030	0.28011	0.01367	0.17169	0.04790	0.12262	0.01937	0.03090	0.01413	0.01015	0.00533	0.00514	0.00164	0.00616	0.00500	0.00333	0.00765
34	0.01174	0.01174	0.01644	0.01409	0.01409	0.01644	0.01174	0.01292	0.00822	0.01292	0.00705	0.01174	0.00705	0.00940	0.01762	0.00235	0.80153	0.00470	0.00235	0.00587
35	0.00699	0.00539	0.00638	0.00628	0.00768	0.00478	0.00466	0.00890	0.01355	0.01796	0.41451	0.11349	0.34492	0.01257	0.00638	0.00178	0.00266	0.01087	0.00545	0.00478
36	0.00733	0.00503	0.00612	0.00668	0.00686	0.00490	0.00418	0.00781	0.00900	0.01198	0.02255	0.35077	0.02650	0.45491	0.01816	0.00386	0.00434	0.04122	0.00403	0.00377
37	0.01165	0.15611	0.33118	0.01371	0.01789	0.01518	0.03128	0.01508	0.01007	0.01461	0.00856	0.01149	0.00721	0.00799	0.04180	0.00213	0.29069	0.00417	0.00234	0.00687
38	0.84927	0.01038	0.00789	0.00706	0.01038	0.01204	0.00581	0.01578	0.00914	0.02408	0.00747	0.00872	0.00581	0.00498	0.00332	0.00166	0.00415	0.00291	0.00332	0.00581
39	0.00704	0.00491	0.00619	0.00694	0.00716	0.00476	0.00443	0.00768	0.00932	0.01247	0.02441	0.49779	0.02885	0.30374	0.04602	0.00353	0.00432	0.01219	0.00427	0.00398
40	0.01043	0.00934	0.01521	0.39487	0.04980	0.01056	0.08764	0.07336	0.01222	0.01619	0.05144	0.19558	0.01600	0.00831	0.00612	0.00187	0.02405	0.00755	0.00343	0.00602
41	0.01206	0.00896	0.01047	0.02859	0.01150	0.00986	0.00704	0.25714	0.01439	0.01946	0.01840	0.02458	0.09322	0.21905	0.18334	0.00411	0.03949	0.00647	0.02599	0.00589
42	0.84927	0.01038	0.00789	0.00706	0.01038	0.01204	0.00581	0.01578	0.00914	0.02408	0.00747	0.00872	0.00581	0.00498	0.00332	0.00166	0.00415	0.00291	0.00332	0.00581
43	0.03300	0.20460	0.47215	0.01329	0.01962	0.03431	0.02808	0.01818	0.09723	0.01670	0.01046	0.01165	0.00791	0.00523	0.00473	0.00158	0.00698	0.00396	0.00268	0.00765
44	0.01300	0.01446	0.10827	0.03094	0.69219	0.01272	0.01686	0.01653	0.01212	0.01748	0.01004	0.01306	0.00831	0.00482	0.00529	0.00161	0.00655	0.00469	0.00261	0.00844
45	0.02847	0.06363	0.05160	0.01069	0.01431	0.07065	0.00905	0.31104	0.03586	0.14154	0.12024	0.06108	0.01676	0.00800	0.01945	0.00174	0.00551	0.00590	0.00498	0.01951
46	0.01242	0.01598	0.11985	0.02156	0.02716	0.01351	0.65390	0.01707	0.01241	0.01707	0.01063	0.01404	0.00796	0.00471	0.00645	0.00181	0.02750	0.00602	0.00265	0.00729
47	0.05903	0.01095	0.01833	0.31407	0.26647	0.01192	0.09816	0.01566	0.05346	0.02716	0.01059	0.01420	0.00837	0.00608	0.00639	0.05801	0.00659	0.00492	0.00279	0.00685
48	0.01952	0.01370	0.01662	0.02346	0.01729	0.04935	0.09452	0.39414	0.09312	0.19924	0.01515	0.01486	0.01054	0.00630	0.00547	0.00166	0.00599	0.00519	0.00521	0.00868
49	0.01185	0.09983	0.01178	0.00910	0.01110	0.01011	0.00707	0.23143	0.01459	0.01926	0.02034	0.34220	0.02198	0.08588	0.00833	0.02463	0.00459	0.05541	0.00456	0.00594
50	0.00654	0.00467	0.00623	0.00747	0.00779	0.00436	0.00498	0.00747	0.01028	0.01370	0.02959	0.80785	0.03550	0.01682	0.00685	0.00218	0.00311	0.01526	0.00498	0.00436
51	0.02120	0.00910	0.01197	0.00937	0.01309	0.00824	0.00766	0.08993	0.01623	0.59631	0.13722	0.02117	0.01870	0.00730	0.00554	0.00166	0.00437	0.00601	0.00641	0.00850
52	0.02620	0.35682	0.15917	0.06998	0.06314	0.21264	0.01220	0.01744	0.01211	0.01407	0.00837	0.01006	0.00698	0.00499	0.00434	0.00139	0.00725	0.00347	0.00245	0.00692
53	0.01271	0.01442	0.02994	0.02166	0.02653	0.02760	0.67427	0.01686	0.01229	0.01672	0.01045	0.01414	0.00802	0.00500	0.00738	0.00185	0.08427	0.00613	0.00268	0.00709
54	0.00637	0.00533	0.00555	0.00574	0.00733	0.00451	0.00421	0.00767	0.01195	0.01438	0.05075	0.16220	0.66749	0.01407	0.00642	0.00187	0.00278	0.01190	0.00498	0.00451
55	0.12208	0.00643	0.00758	0.00736	0.00895	0.00633	0.00555	0.01194	0.03768	0.07103	0.38309	0.21011	0.05382	0.01128	0.00599	0.00183	0.00316	0.03506	0.00533	0.00537
56	0.19554	0.16641	0.03598	0.01015	0.01399	0.06891	0.00875	0.29571	0.05040	0.02422	0.01106	0.01180	0.00847	0.00570	0.00440	0.00150	0.00547	0.00400	0.07014	0.00740
57	0.00695	0.00542	0.00631	0.00618	0.00765	0.00477	0.00460	0.00884	0.01353	0.01779	0.39510	0.08933	0.38922	0.01253	0.00637	0.00177	0.00265	0.01078	0.00542	0.00477
58	0.01796	0.31517	0.01995	0.01212	0.01556	0.50772	0.00994	0.01947	0.01363	0.01295	0.00799	0.00929	0.00690	0.00519	0.00433	0.00130	0.00823	0.00324	0.00259	0.00647
59	0.01443	0.01035	0.01128	0.00939	0.01173	0.01117	0.00708	0.40532	0.01733	0.02336	0.01584	0.08586	0.01514	0.29533	0.01329	0.00293	0.00532	0.00675	0.03158	0.00650
