[name]
unknown

[dist]
# distance from previous block
# <min> <max>
4	57

[block]
# block no. 0 follows, 47 sequences, length 26
# corresponding to MSA columns:
# 69-94
name=unknown_A
#
# <colnr> <probs for GDERKNQSTAVLIFYWHMCP>
#	G	D	E	R	K	N	Q	S	T	A	V	L	I	F	Y	W	H	M	C	P
0	0.02114	0.00887	0.01171	0.00918	0.01288	0.00800	0.00751	0.05474	0.05238	0.64409	0.09494	0.01967	0.01643	0.00688	0.00533	0.00162	0.00428	0.00566	0.00627	0.00844
1	0.01044	0.00959	0.01531	0.68467	0.03255	0.01165	0.01358	0.05005	0.01104	0.01447	0.00933	0.01352	0.00708	0.00531	0.00555	0.00168	0.03557	0.00453	0.00250	0.06157
2	0.00891	0.00647	0.00924	0.08963	0.01213	0.00673	0.03151	0.01037	0.01059	0.08411	0.02627	0.46095	0.11919	0.01281	0.00730	0.00199	0.08119	0.01115	0.00441	0.00506
3	0.02887	0.05275	0.70924	0.01426	0.02152	0.01242	0.01806	0.01698	0.04822	0.01675	0.00981	0.01126	0.00703	0.00503	0.00487	0.00164	0.00737	0.00389	0.00237	0.00764
4	0.01067	0.07929	0.73966	0.01445	0.02193	0.01266	0.01856	0.01643	0.01097	0.01621	0.00921	0.01082	0.00660	0.00492	0.00484	0.00161	0.00756	0.00378	0.00220	0.00763
5	0.00796	0.00604	0.00782	0.00777	0.00882	0.00644	0.00590	0.04620	0.01039	0.01398	0.05321	0.10872	0.15544	0.13026	0.30564	0.00477	0.03809	0.07410	0.00380	0.00463
6	0.01277	0.01226	0.02093	0.06126	0.75611	0.01234	0.01592	0.01588	0.01180	0.01687	0.00978	0.01293	0.00820	0.00466	0.00516	0.00155	0.00622	0.00464	0.00257	0.00816
7	0.01256	0.01204	0.02055	0.11478	0.70424	0.01229	0.01582	0.01570	0.01170	0.01662	0.00974	0.01300	0.00811	0.00470	0.00516	0.00157	0.00627	0.00464	0.00255	0.00798
8	0.01614	0.01223	0.01441	0.01154	0.01498	0.01317	0.05921	0.53207	0.02037	0.02718	0.01753	0.11748	0.05457	0.00829	0.00563	0.00171	0.00537	0.05554	0.00494	0.00765
9	0.00838	0.00677	0.00705	0.00689	0.00850	0.05711	0.00528	0.01013	0.01289	0.04847	0.25986	0.07503	0.35953	0.02641	0.00651	0.00183	0.00339	0.08613	0.00499	0.00486
10	0.01162	0.32352	0.47146	0.01227	0.01849	0.01499	0.01477	0.01588	0.01100	0.01508	0.04060	0.01116	0.00839	0.00500	0.00439	0.00145	0.00668	0.00368	0.00236	0.00720
11	0.04211	0.00913	0.01412	0.01094	0.01449	0.00831	0.13214	0.03182	0.01351	0.47873	0.05040	0.02013	0.01414	0.03551	0.00720	0.05769	0.00512	0.04184	0.00521	0.00747
12	0.01267	0.01206	0.02051	0.03086	0.74633	0.01206	0.01561	0.01573	0.01186	0.01694	0.01067	0.01515	0.00932	0.00512	0.00526	0.00159	0.00612	0.04138	0.00269	0.00808
13	0.00890	0.00697	0.00890	0.05895	0.01181	0.00736	0.00755	0.01289	0.12902	0.02737	0.08647	0.10422	0.15773	0.01201	0.00686	0.00205	0.03775	0.30310	0.00472	0.00538
14	0.02047	0.00990	0.01232	0.00977	0.01348	0.00959	0.00795	0.15539	0.10722	0.51617	0.03416	0.05075	0.01414	0.00698	0.00532	0.00164	0.00453	0.00570	0.00601	0.00852
15	0.00634	0.00453	0.00604	0.00725	0.00755	0.00423	0.00483	0.00725	0.00997	0.01329	0.02870	0.81358	0.03444	0.01632	0.00665	0.00211	0.00302	0.01480	0.00483	0.00423
16	0.00983	0.00926	0.01562	0.80447	0.03587	0.01157	0.01446	0.01331	0.01041	0.01331	0.00926	0.01388	0.00694	0.00521	0.00521	0.00174	0.00694	0.00463	0.00231	0.00579
17	0.01151	0.01347	0.07609	0.19114	0.02749	0.01273	0.48825	0.01545	0.01140	0.01550	0.00991	0.01368	0.00756	0.00521	0.00687	0.02067	0.05842	0.00553	0.00250	0.00661
18	0.03965	0.01429	0.01413	0.01124	0.01499	0.10057	0.00912	0.51504	0.05183	0.09709	0.01579	0.01546	0.06358	0.00666	0.00518	0.00157	0.00569	0.00504	0.00497	0.00813
19	0.01945	0.02482	0.01476	0.01342	0.01610	0.79608	0.01006	0.02079	0.01476	0.01275	0.00805	0.00939	0.00671	0.00537	0.00470	0.00134	0.00939	0.00335	0.00268	0.00604
20	0.00675	0.00511	0.00747	0.00803	0.00861	0.00479	0.04918	0.00782	0.00999	0.01334	0.02704	0.72885	0.03214	0.05469	0.00759	0.00224	0.00346	0.01395	0.00462	0.00434
21	0.01918	0.02249	0.01496	0.01399	0.05384	0.64997	0.01020	0.07645	0.03124	0.04712	0.00927	0.01035	0.00740	0.00548	0.00479	0.00139	0.00864	0.00365	0.00308	0.00652
22	0.01109	0.00943	0.01095	0.00785	0.01246	0.00724	0.00629	0.03747	0.01124	0.01748	0.00936	0.01085	0.00775	0.00393	0.00390	0.00080	0.00392	0.00314	0.00315	0.82168
23	0.01079	0.10660	0.71340	0.01425	0.02162	0.01295	0.01820	0.01640	0.01095	0.01607	0.00913	0.01073	0.00661	0.00490	0.00479	0.00160	0.00748	0.00374	0.00220	0.00759
24	0.01018	0.00944	0.01562	0.77697	0.03518	0.01173	0.01430	0.03946	0.01090	0.01398	0.00937	0.01384	0.00701	0.00524	0.00521	0.00173	0.00690	0.00463	0.00241	0.00589
25	0.01080	0.00926	0.01080	0.00771	0.01234	0.00694	0.00617	0.01311	0.01080	0.01697	0.00926	0.01080	0.00771	0.00386	0.00386	0.00077	0.00386	0.00309	0.00309	0.84882

[dist]
# distance from previous block
# <min> <max>
0	2

[block]
# block no. 1 follows, 47 sequences, length 26
# corresponding to MSA columns:
# 97-122
name=unknown_B
#
# <colnr> <probs for GDERKNQSTAVLIFYWHMCP>
#	G	D	E	R	K	N	Q	S	T	A	V	L	I	F	Y	W	H	M	C	P
0	0.01379	0.78920	0.05702	0.00914	0.01372	0.02027	0.00931	0.01563	0.01060	0.01242	0.00732	0.00846	0.00668	0.00447	0.00340	0.00113	0.00565	0.00283	0.00223	0.00672
1	0.01850	0.01253	0.01373	0.01084	0.01474	0.03110	0.00881	0.38880	0.16838	0.18913	0.01556	0.01476	0.01095	0.00625	0.00512	0.00155	0.00508	0.00488	0.00527	0.07403
2	0.38786	0.01262	0.01088	0.00918	0.01253	0.12886	0.00739	0.14099	0.03099	0.16063	0.04412	0.01248	0.00973	0.00573	0.00430	0.00157	0.00512	0.00399	0.00420	0.00683
3	0.00800	0.00529	0.00651	0.00643	0.00677	0.00548	0.00409	0.00851	0.00798	0.03318	0.01594	0.03032	0.01733	0.60600	0.21137	0.00575	0.00718	0.00702	0.00316	0.00368
4	0.00643	0.00457	0.00602	0.00714	0.00742	0.00429	0.00472	0.00727	0.00980	0.01307	0.02784	0.75889	0.03335	0.07249	0.00804	0.00232	0.00316	0.01430	0.00472	0.00415
5	0.00997	0.00940	0.01587	0.76956	0.06969	0.01161	0.01453	0.01343	0.01048	0.01347	0.00928	0.01384	0.00700	0.00518	0.00520	0.00173	0.00691	0.00463	0.00233	0.00590
6	0.01295	0.01119	0.01178	0.01060	0.01354	0.01295	0.00824	0.02767	0.77509	0.02178	0.02120	0.01943	0.01590	0.00707	0.00530	0.00177	0.00412	0.00589	0.00530	0.00824
7	0.00634	0.00453	0.00604	0.00725	0.00755	0.00423	0.00483	0.00725	0.00997	0.01329	0.02870	0.81358	0.03444	0.01632	0.00665	0.00211	0.00302	0.01480	0.00483	0.00423
8	0.01392	0.82012	0.02729	0.00891	0.01337	0.02061	0.00891	0.01559	0.01058	0.01225	0.00724	0.00835	0.00668	0.00446	0.00334	0.00111	0.00557	0.00278	0.00223	0.00668
9	0.01941	0.01436	0.01542	0.01180	0.01599	0.01576	0.00974	0.73483	0.02390	0.03214	0.01236	0.01243	0.00881	0.00615	0.00515	0.00153	0.00565	0.00462	0.00512	0.04484
10	0.01980	0.01459	0.01563	0.01198	0.01615	0.01615	0.00990	0.76713	0.02448	0.03282	0.01250	0.01250	0.00886	0.00625	0.00521	0.00156	0.00573	0.00469	0.00521	0.00886
11	0.00615	0.00528	0.00528	0.00528	0.00703	0.00440	0.00396	0.00747	0.01187	0.01407	0.05276	0.05012	0.78238	0.01319	0.00615	0.00176	0.00264	0.01099	0.00484	0.00440
12	0.01259	0.01207	0.02060	0.10767	0.71114	0.01229	0.01583	0.01572	0.01172	0.01665	0.00974	0.01299	0.00812	0.00470	0.00516	0.00157	0.00626	0.00464	0.00255	0.00801
13	0.00983	0.00926	0.01562	0.80447	0.03587	0.01157	0.01446	0.01331	0.01041	0.01331	0.00926	0.01388	0.00694	0.00521	0.00521	0.00174	0.00694	0.00463	0.00231	0.00579
14	0.01945	0.02482	0.01476	0.01342	0.01610	0.79608	0.01006	0.02079	0.01476	0.01275	0.00805	0.00939	0.00671	0.00537	0.00470	0.00134	0.00939	0.00335	0.00268	0.00604
15	0.01295	0.01119	0.01178	0.01060	0.01354	0.01295	0.00824	0.02767	0.77509	0.02178	0.02120	0.01943	0.01590	0.00707	0.00530	0.00177	0.00412	0.00589	0.00530	0.00824
16	0.02100	0.00939	0.01201	0.00957	0.01335	0.00886	0.00779	0.02590	0.18793	0.61368	0.02069	0.01811	0.01358	0.00659	0.00525	0.00165	0.00436	0.00539	0.00618	0.00872
17	0.00747	0.00545	0.00705	0.00670	0.00793	0.00510	0.00500	0.01019	0.03602	0.02050	0.71919	0.08053	0.04740	0.01085	0.00615	0.00167	0.00253	0.00961	0.00567	0.00497
18	0.00615	0.00528	0.00528	0.00528	0.00703	0.00440	0.00396	0.00747	0.01187	0.01407	0.05276	0.05012	0.78238	0.01319	0.00615	0.00176	0.00264	0.01099	0.00484	0.00440
19	0.01289	0.01237	0.02114	0.03196	0.78450	0.01237	0.01598	0.01598	0.01186	0.01701	0.00980	0.01289	0.00825	0.00464	0.00516	0.00155	0.00619	0.00464	0.00258	0.00825
20	0.01289	0.01237	0.02114	0.03196	0.78450	0.01237	0.01598	0.01598	0.01186	0.01701	0.00980	0.01289	0.00825	0.00464	0.00516	0.00155	0.00619	0.00464	0.00258	0.00825
21	0.00634	0.00453	0.00604	0.00725	0.00755	0.00423	0.00483	0.00725	0.00997	0.01329	0.02870	0.81358	0.03444	0.01632	0.00665	0.00211	0.00302	0.01480	0.00483	0.00423
22	0.01272	0.01220	0.02084	0.07403	0.74373	0.01233	0.01590	0.01584	0.01178	0.01681	0.00977	0.01294	0.00818	0.00467	0.00516	0.00156	0.00623	0.00464	0.00256	0.00811
23	0.01239	0.01362	0.02789	0.02025	0.02517	0.01314	0.65220	0.01833	0.12649	0.01745	0.01213	0.01485	0.00910	0.00479	0.00602	0.00176	0.00808	0.00611	0.00303	0.00721
24	0.00615	0.00528	0.00528	0.00528	0.00703	0.00440	0.00396	0.00747	0.01187	0.01407	0.05276	0.05012	0.78238	0.01319	0.00615	0.00176	0.00264	0.01099	0.00484	0.00440
25	0.01947	0.02442	0.01479	0.01336	0.01610	0.76579	0.01006	0.04978	0.01514	0.01352	0.00822	0.00951	0.00679	0.00540	0.00472	0.00135	0.00925	0.00341	0.00278	0.00615

[dist]
# distance from previous block
# <min> <max>
0	1

[block]
# block no. 2 follows, 47 sequences, length 69
# corresponding to MSA columns:
# 124-192
name=unknown_C
#
# <colnr> <probs for GDERKNQSTAVLIFYWHMCP>
#	G	D	E	R	K	N	Q	S	T	A	V	L	I	F	Y	W	H	M	C	P
0	0.01074	0.09502	0.72453	0.01433	0.02175	0.01282	0.01835	0.01642	0.01096	0.01613	0.00916	0.01077	0.00660	0.00491	0.00481	0.00160	0.00751	0.00376	0.00220	0.00761
1	0.01216	0.01383	0.03017	0.02162	0.02677	0.01297	0.74848	0.01647	0.01224	0.01661	0.01094	0.03202	0.00850	0.00466	0.00616	0.00176	0.00865	0.00634	0.00268	0.00696
2	0.01056	0.00997	0.01685	0.57688	0.23577	0.01160	0.01462	0.01387	0.01079	0.01430	0.00990	0.03424	0.00800	0.00534	0.00523	0.00169	0.00664	0.00489	0.00245	0.00641
3	0.01100	0.15353	0.66827	0.01390	0.02108	0.01345	0.01759	0.01635	0.01093	0.01582	0.00901	0.01057	0.00661	0.00487	0.00469	0.00156	0.00736	0.00368	0.00220	0.00753
4	0.69532	0.01077	0.00907	0.00775	0.01115	0.01229	0.00639	0.13703	0.01156	0.04676	0.00848	0.00938	0.00637	0.00511	0.00360	0.00160	0.00431	0.00319	0.00364	0.00625
5	0.00644	0.00464	0.00612	0.00727	0.00769	0.00433	0.00497	0.00744	0.01016	0.01345	0.02981	0.73887	0.07044	0.01607	0.00665	0.00211	0.00309	0.05136	0.00483	0.00427
6	0.00799	0.00576	0.00790	0.00902	0.01014	0.00567	0.00766	0.01013	0.01172	0.01519	0.02924	0.15664	0.07609	0.01457	0.00706	0.00232	0.00443	0.60896	0.00480	0.00470
7	0.01280	0.56442	0.27316	0.01082	0.01632	0.01786	0.01224	0.01588	0.01071	0.01362	0.00792	0.00921	0.00666	0.00461	0.00386	0.00129	0.00625	0.00313	0.00222	0.00701
8	0.01128	0.21713	0.60712	0.01342	0.02034	0.01414	0.01676	0.01628	0.01090	0.01548	0.00884	0.01036	0.00662	0.00483	0.00456	0.00152	0.00719	0.00359	0.00221	0.00745
9	0.00636	0.00458	0.00604	0.00716	0.00754	0.00425	0.00481	0.00733	0.01016	0.01352	0.04898	0.76653	0.06135	0.01606	0.00662	0.00209	0.00299	0.01453	0.00486	0.00425
10	0.01068	0.01012	0.01715	0.59078	0.24295	0.01179	0.01488	0.01405	0.01081	0.01433	0.00941	0.01361	0.00730	0.00505	0.00519	0.00168	0.00673	0.00463	0.00239	0.00647
11	0.19411	0.01461	0.01349	0.01088	0.01453	0.11728	0.00883	0.48094	0.01954	0.02772	0.04175	0.01231	0.00952	0.00601	0.00476	0.00155	0.00572	0.00431	0.00448	0.00765
12	0.00734	0.00532	0.00691	0.00652	0.00776	0.00490	0.00489	0.00976	0.01466	0.02069	0.76090	0.03922	0.07010	0.01072	0.00614	0.00164	0.00246	0.00946	0.00571	0.00490
13	0.01945	0.02482	0.01476	0.01342	0.01610	0.79608	0.01006	0.02079	0.01476	0.01275	0.00805	0.00939	0.00671	0.00537	0.00470	0.00134	0.00939	0.00335	0.00268	0.00604
14	0.00639	0.00457	0.00610	0.00730	0.00763	0.00427	0.00491	0.00733	0.01002	0.01335	0.02868	0.79650	0.03434	0.01627	0.00666	0.00212	0.00306	0.03144	0.00483	0.00424
15	0.01980	0.01459	0.01563	0.01198	0.01615	0.01615	0.00990	0.76713	0.02448	0.03282	0.01250	0.01250	0.00886	0.00625	0.00521	0.00156	0.00573	0.00469	0.00521	0.00886
16	0.01289	0.01237	0.02114	0.03196	0.78450	0.01237	0.01598	0.01598	0.01186	0.01701	0.00980	0.01289	0.00825	0.00464	0.00516	0.00155	0.00619	0.00464	0.00258	0.00825
17	0.00757	0.00505	0.00568	0.00568	0.00568	0.00505	0.00316	0.00757	0.00757	0.01010	0.01641	0.03408	0.01893	0.81698	0.02651	0.00505	0.00505	0.00757	0.00316	0.00316
18	0.00737	0.00532	0.00696	0.00655	0.00778	0.00491	0.00491	0.00983	0.01474	0.02088	0.78175	0.03890	0.04914	0.01065	0.00614	0.00164	0.00246	0.00942	0.00573	0.00491
19	0.01935	0.01437	0.01538	0.01189	0.01598	0.01594	0.00979	0.71918	0.07316	0.03210	0.01307	0.01295	0.00931	0.00630	0.00522	0.00158	0.00563	0.00477	0.00522	0.00882
20	0.01045	0.02694	0.79000	0.01484	0.02254	0.01209	0.01924	0.01649	0.01099	0.01649	0.00935	0.01099	0.00660	0.00495	0.00495	0.00165	0.00770	0.00385	0.00220	0.00770
21	0.02336	0.00886	0.01209	0.00927	0.01329	0.00765	0.00765	0.02538	0.01491	0.78810	0.02055	0.01773	0.01289	0.00645	0.00524	0.00161	0.00443	0.00524	0.00645	0.00886
22	0.00737	0.00532	0.00696	0.00655	0.00778	0.00491	0.00491	0.00983	0.01474	0.02088	0.78175	0.03890	0.04914	0.01065	0.00614	0.00164	0.00246	0.00942	0.00573	0.00491
23	0.01636	0.01143	0.01262	0.01062	0.01402	0.01257	0.00846	0.17740	0.47520	0.17267	0.01930	0.01769	0.01388	0.00678	0.00527	0.00169	0.00451	0.00552	0.00550	0.00849
24	0.02091	0.00900	0.01195	0.00942	0.01305	0.00835	0.00773	0.09702	0.01499	0.61044	0.01887	0.01757	0.01251	0.01074	0.10979	0.00250	0.00582	0.00523	0.00584	0.00831
25	0.00615	0.00528	0.00528	0.00528	0.00703	0.00440	0.00396	0.00747	0.01187	0.01407	0.05276	0.05012	0.78238	0.01319	0.00615	0.00176	0.00264	0.01099	0.00484	0.00440
26	0.00984	0.00511	0.00513	0.00508	0.00637	0.00518	0.00383	0.01276	0.04165	0.01951	0.01716	0.01942	0.01345	0.00611	0.00371	0.00124	0.00250	0.00490	0.81209	0.00499
27	0.01284	0.57258	0.26532	0.01076	0.01623	0.01795	0.01213	0.01587	0.01071	0.01358	0.00790	0.00918	0.00666	0.00461	0.00384	0.00128	0.00623	0.00312	0.00222	0.00700
28	0.02276	0.00871	0.01187	0.00919	0.01309	0.00753	0.00755	0.02474	0.01473	0.76063	0.02083	0.04595	0.01366	0.00680	0.00529	0.00163	0.00438	0.00558	0.00639	0.00870
29	0.01289	0.01237	0.02114	0.03196	0.78450	0.01237	0.01598	0.01598	0.01186	0.01701	0.00980	0.01289	0.00825	0.00464	0.00516	0.00155	0.00619	0.00464	0.00258	0.00825
30	0.00634	0.00453	0.00604	0.00725	0.00755	0.00423	0.00483	0.00725	0.00997	0.01329	0.02870	0.81358	0.03444	0.01632	0.00665	0.00211	0.00302	0.01480	0.00483	0.00423
31	0.01126	0.01071	0.01819	0.44452	0.38469	0.01194	0.01517	0.01455	0.01109	0.01503	0.00951	0.01342	0.00755	0.00494	0.00518	0.00165	0.00659	0.00463	0.00244	0.00693
32	0.01837	0.01294	0.01413	0.01126	0.01508	0.01421	0.00916	0.47123	0.22923	0.12451	0.01590	0.01506	0.01129	0.00650	0.00524	0.00162	0.00513	0.00509	0.00539	0.00869
33	0.02031	0.01304	0.01458	0.01126	0.01533	0.01394	0.00927	0.55102	0.06013	0.21425	0.01488	0.01411	0.01018	0.00634	0.00522	0.00158	0.00534	0.00488	0.00551	0.00883
34	0.01392	0.82012	0.02729	0.00891	0.01337	0.02061	0.00891	0.01559	0.01058	0.01225	0.00724	0.00835	0.00668	0.00446	0.00334	0.00111	0.00557	0.00278	0.00223	0.00668
35	0.00615	0.00528	0.00528	0.00528	0.00703	0.00440	0.00396	0.00747	0.01187	0.01407	0.05276	0.05012	0.78238	0.01319	0.00615	0.00176	0.00264	0.01099	0.00484	0.00440
36	0.01272	0.01461	0.02894	0.02087	0.02594	0.06591	0.68754	0.01683	0.01241	0.01643	0.01032	0.01362	0.00781	0.00444	0.00597	0.00169	0.00865	0.00585	0.00265	0.03681
37	0.02276	0.00888	0.01202	0.00919	0.01325	0.00762	0.00758	0.02479	0.01471	0.75077	0.02000	0.01739	0.01264	0.00632	0.00517	0.00157	0.00440	0.00513	0.00628	0.04953
38	0.02336	0.00886	0.01209	0.00927	0.01329	0.00765	0.00765	0.02538	0.01491	0.78810	0.02055	0.01773	0.01289	0.00645	0.00524	0.00161	0.00443	0.00524	0.00645	0.00886
39	0.00777	0.00541	0.00709	0.00662	0.00792	0.00498	0.00498	0.01022	0.01475	0.04018	0.76260	0.03837	0.04823	0.01054	0.00612	0.00164	0.00251	0.00931	0.00575	0.00501
40	0.01205	0.01366	0.02973	0.02135	0.02642	0.01281	0.73468	0.01630	0.01220	0.01654	0.01127	0.04653	0.00898	0.00487	0.00617	0.00177	0.00855	0.00650	0.00272	0.00691
41	0.00700	0.00538	0.00605	0.00583	0.00745	0.00466	0.00439	0.00875	0.01299	0.03444	0.31822	0.04527	0.49684	0.01210	0.00613	0.00171	0.00261	0.01028	0.00520	0.00469
42	0.00971	0.00485	0.00485	0.00485	0.00607	0.00485	0.00364	0.01213	0.01092	0.01942	0.01699	0.01942	0.01335	0.00607	0.00364	0.00121	0.00243	0.00485	0.84589	0.00485
43	0.01980	0.01459	0.01563	0.01198	0.01615	0.01615	0.00990	0.76713	0.02448	0.03282	0.01250	0.01250	0.00886	0.00625	0.00521	0.00156	0.00573	0.00469	0.00521	0.00886
44	0.00634	0.00453	0.00604	0.00725	0.00755	0.00423	0.00483	0.00725	0.00997	0.01329	0.02870	0.81358	0.03444	0.01632	0.00665	0.00211	0.00302	0.01480	0.00483	0.00423
45	0.00634	0.00453	0.00604	0.00725	0.00755	0.00423	0.00483	0.00725	0.00997	0.01329	0.02870	0.81358	0.03444	0.01632	0.00665	0.00211	0.00302	0.01480	0.00483	0.00423
46	0.01157	0.01169	0.01592	0.01367	0.01373	0.03324	0.01136	0.01272	0.00813	0.01254	0.00686	0.01135	0.00683	0.00903	0.01682	0.00226	0.78976	0.00453	0.00229	0.00570
47	0.01223	0.01393	0.03036	0.04112	0.02743	0.01313	0.74718	0.01660	0.01225	0.01660	0.01050	0.01404	0.00788	0.00441	0.00612	0.00176	0.00873	0.00611	0.00263	0.00699
48	0.00983	0.00926	0.01562	0.80447	0.03587	0.01157	0.01446	0.01331	0.01041	0.01331	0.00926	0.01388	0.00694	0.00521	0.00521	0.00174	0.00694	0.00463	0.00231	0.00579
49	0.00744	0.00558	0.00837	0.00837	0.00930	0.00651	0.00651	0.00930	0.00837	0.01209	0.01395	0.02046	0.01302	0.03906	0.79635	0.00837	0.01395	0.00558	0.00279	0.00465
50	0.01275	0.01209	0.01985	0.04498	0.67571	0.01220	0.01494	0.01680	0.07581	0.01734	0.01072	0.01338	0.00884	0.00483	0.00512	0.00154	0.00594	0.00469	0.00282	0.03965
51	0.01360	0.74719	0.09741	0.00946	0.01421	0.01982	0.00986	0.01568	0.01062	0.01264	0.00743	0.00860	0.00668	0.00450	0.00349	0.00116	0.00576	0.00288	0.00223	0.00678
52	0.00757	0.00505	0.00568	0.00568	0.00568	0.00505	0.00316	0.00757	0.00757	0.01010	0.01641	0.03408	0.01893	0.81698	0.02651	0.00505	0.00505	0.00757	0.00316	0.00316
53	0.01987	0.01379	0.01507	0.01158	0.01567	0.01503	0.00956	0.67475	0.02329	0.10882	0.03106	0.01364	0.01019	0.00637	0.00523	0.00157	0.00552	0.00485	0.00535	0.00877
54	0.01184	0.00971	0.01124	0.00811	0.01269	0.00775	0.00652	0.07810	0.01206	0.03509	0.00978	0.01110	0.00792	0.00412	0.00400	0.00086	0.00403	0.00327	0.00334	0.75846
55	0.01612	0.01196	0.01214	0.00992	0.01305	0.04945	0.00798	0.42708	0.12127	0.02674	0.01468	0.01517	0.01092	0.00627	0.00477	0.00148	0.00479	0.00483	0.23382	0.00755
56	0.00634	0.00453	0.00604	0.00725	0.00755	0.00423	0.00483	0.00725	0.00997	0.01329	0.02870	0.81358	0.03444	0.01632	0.00665	0.00211	0.00302	0.01480	0.00483	0.00423
57	0.00790	0.00625	0.00708	0.00672	0.00841	0.00597	0.00507	0.03902	0.09708	0.01825	0.33236	0.08455	0.33904	0.01144	0.00605	0.00173	0.00287	0.00980	0.00525	0.00518
58	0.01281	0.03404	0.02943	0.02160	0.06298	0.01310	0.67978	0.01697	0.01233	0.04760	0.01082	0.01400	0.00809	0.00449	0.00599	0.00172	0.00840	0.00595	0.00277	0.00715
59	0.82631	0.00990	0.00756	0.00678	0.00994	0.01146	0.00557	0.01520	0.00893	0.02324	0.00757	0.00882	0.00589	0.00487	0.00324	0.00160	0.00398	0.00289	0.03063	0.00561
60	0.00638	0.00455	0.00603	0.00720	0.00749	0.00426	0.00478	0.00726	0.00989	0.01319	0.02830	0.78823	0.03394	0.04236	0.00729	0.00221	0.00309	0.01457	0.00478	0.00419
61	0.00732	0.00550	0.00778	0.00818	0.00899	0.00525	0.04202	0.03652	0.01115	0.01498	0.09583	0.64182	0.03335	0.01476	0.00655	0.00205	0.00343	0.04509	0.00482	0.00462
62	0.01289	0.01237	0.02114	0.03196	0.78450	0.01237	0.01598	0.01598	0.01186	0.01701	0.00980	0.01289	0.00825	0.00464	0.00516	0.00155	0.00619	0.00464	0.00258	0.00825
63	0.00733	0.00545	0.00683	0.00646	0.00781	0.00503	0.00486	0.00991	0.03199	0.01994	0.66080	0.04004	0.15225	0.01092	0.00612	0.00166	0.00252	0.00956	0.00560	0.00492
64	0.00757	0.00505	0.00568	0.00568	0.00568	0.00505	0.00316	0.00757	0.00757	0.01010	0.01641	0.03408	0.01893	0.81698	0.02651	0.00505	0.00505	0.00757	0.00316	0.00316
65	0.00834	0.00580	0.00649	0.00626	0.00679	0.00582	0.00390	0.06799	0.00958	0.01267	0.03548	0.08298	0.08525	0.61673	0.02140	0.00424	0.00472	0.00813	0.00362	0.00382
66	0.01080	0.00926	0.01080	0.00771	0.01234	0.00694	0.00617	0.01311	0.01080	0.01697	0.00926	0.01080	0.00771	0.00386	0.00386	0.00077	0.00386	0.00309	0.00309	0.84882
67	0.77971	0.04925	0.00878	0.00705	0.01036	0.01195	0.00588	0.01573	0.00919	0.05358	0.00779	0.00883	0.00598	0.00488	0.00331	0.00159	0.00412	0.00292	0.00330	0.00582
68	0.01289	0.01237	0.02114	0.03196	0.78450	0.01237	0.01598	0.01598	0.01186	0.01701	0.00980	0.01289	0.00825	0.00464	0.00516	0.00155	0.00619	0.00464	0.00258	0.00825

[dist]
# distance from previous block
# <min> <max>
2	3

[block]
# block no. 3 follows, 47 sequences, length 42
# corresponding to MSA columns:
# 196-237
name=unknown_D
#
# <colnr> <probs for GDERKNQSTAVLIFYWHMCP>
#	G	D	E	R	K	N	Q	S	T	A	V	L	I	F	Y	W	H	M	C	P
0	0.01302	0.61512	0.22441	0.01044	0.01574	0.01841	0.01158	0.01583	0.01069	0.01335	0.00778	0.00904	0.00666	0.00458	0.00376	0.00125	0.00612	0.00306	0.00222	0.00694
1	0.00770	0.00600	0.02101	0.00756	0.00869	0.00543	0.00552	0.05768	0.01185	0.01608	0.14619	0.53853	0.06591	0.01378	0.00630	0.00192	0.00325	0.02565	0.00487	0.04611
2	0.01332	0.68282	0.15931	0.00994	0.01495	0.01913	0.01070	0.01575	0.01065	0.01299	0.00760	0.00881	0.00667	0.00454	0.00362	0.00121	0.00594	0.00297	0.00222	0.00686
3	0.05476	0.00884	0.01097	0.00884	0.01212	0.00841	0.00715	0.11610	0.04488	0.43721	0.16307	0.03586	0.05320	0.00763	0.00538	0.00163	0.00410	0.00629	0.00587	0.00768
4	0.01392	0.82012	0.02729	0.00891	0.01337	0.02061	0.00891	0.01559	0.01058	0.01225	0.00724	0.00835	0.00668	0.00446	0.00334	0.00111	0.00557	0.00278	0.00223	0.00668
5	0.01153	0.01126	0.01782	0.45332	0.33912	0.04885	0.01487	0.01475	0.01120	0.01479	0.00942	0.01327	0.00746	0.00498	0.00516	0.00164	0.00675	0.00457	0.00244	0.00680
6	0.01954	0.02228	0.01497	0.01306	0.01611	0.60285	0.01002	0.20570	0.01717	0.01772	0.00915	0.01016	0.00724	0.00559	0.00482	0.00140	0.00848	0.00368	0.00331	0.00674
7	0.01373	0.00923	0.01077	0.00958	0.01194	0.00966	0.00747	0.30116	0.04986	0.10335	0.02123	0.33535	0.02124	0.01088	0.00593	0.00185	0.00438	0.06051	0.00517	0.00671
8	0.01125	0.01071	0.01819	0.44521	0.38402	0.01194	0.01517	0.01455	0.01108	0.01503	0.00951	0.01342	0.00755	0.00494	0.00518	0.00165	0.00659	0.00463	0.00244	0.00693
9	0.02336	0.00886	0.01209	0.00927	0.01329	0.00765	0.00765	0.02538	0.01491	0.78810	0.02055	0.01773	0.01289	0.00645	0.00524	0.00161	0.00443	0.00524	0.00645	0.00886
10	0.00807	0.00585	0.00797	0.00905	0.01026	0.00575	0.00778	0.01028	0.01187	0.01531	0.03001	0.09986	0.10114	0.01438	0.00706	0.00232	0.00449	0.63904	0.00480	0.00473
11	0.01275	0.01223	0.02088	0.06782	0.74975	0.01234	0.01591	0.01586	0.01179	0.01684	0.00977	0.01294	0.00819	0.00467	0.00516	0.00156	0.00622	0.00464	0.00257	0.00813
12	0.01289	0.01237	0.02114	0.03196	0.78450	0.01237	0.01598	0.01598	0.01186	0.01701	0.00980	0.01289	0.00825	0.00464	0.00516	0.00155	0.00619	0.00464	0.00258	0.00825
13	0.00983	0.00926	0.01562	0.80447	0.03587	0.01157	0.01446	0.01331	0.01041	0.01331	0.00926	0.01388	0.00694	0.00521	0.00521	0.00174	0.00694	0.00463	0.00231	0.00579
14	0.01980	0.01459	0.01563	0.01198	0.01615	0.01615	0.00990	0.76713	0.02448	0.03282	0.01250	0.01250	0.00886	0.00625	0.00521	0.00156	0.00573	0.00469	0.00521	0.00886
15	0.01364	0.01118	0.01194	0.01062	0.01363	0.01277	0.00834	0.07753	0.67398	0.04879	0.02078	0.02012	0.01575	0.00722	0.00535	0.00177	0.00426	0.02884	0.00532	0.00820
16	0.00634	0.00453	0.00604	0.00725	0.00755	0.00423	0.00483	0.00725	0.00997	0.01329	0.02870	0.81358	0.03444	0.01632	0.00665	0.00211	0.00302	0.01480	0.00483	0.00423
17	0.01257	0.01205	0.02057	0.11155	0.70737	0.01229	0.01583	0.01571	0.01171	0.01663	0.00974	0.01299	0.00811	0.00470	0.00516	0.00157	0.00626	0.00464	0.00255	0.00800
18	0.00634	0.00453	0.00604	0.00725	0.00755	0.00423	0.00483	0.00725	0.00997	0.01329	0.02870	0.81358	0.03444	0.01632	0.00665	0.00211	0.00302	0.01480	0.00483	0.00423
19	0.00643	0.00459	0.00614	0.00735	0.00768	0.00430	0.00498	0.00739	0.01005	0.01339	0.02866	0.78332	0.03426	0.01624	0.00667	0.00213	0.00309	0.04426	0.00483	0.00425
20	0.00734	0.00544	0.00691	0.00776	0.00863	0.00525	0.00576	0.02577	0.04166	0.01467	0.03083	0.50112	0.12665	0.01490	0.00662	0.00211	0.00347	0.17563	0.00485	0.00464
21	0.01045	0.02694	0.79000	0.01484	0.02254	0.01209	0.01924	0.01649	0.01099	0.01649	0.00935	0.01099	0.00660	0.00495	0.00495	0.00165	0.00770	0.00385	0.00220	0.00770
22	0.00634	0.00453	0.00604	0.00725	0.00755	0.00423	0.00483	0.00725	0.00997	0.01329	0.02870	0.81358	0.03444	0.01632	0.00665	0.00211	0.00302	0.01480	0.00483	0.00423
23	0.00755	0.00563	0.00811	0.00805	0.00881	0.00649	0.00607	0.00909	0.00823	0.01177	0.01419	0.02248	0.01384	0.16565	0.65227	0.00768	0.03093	0.00588	0.00284	0.00443
24	0.00755	0.00511	0.00596	0.00594	0.00608	0.00516	0.00352	0.00782	0.00797	0.01076	0.05173	0.03317	0.01984	0.71480	0.08964	0.00517	0.00567	0.00749	0.00324	0.00336
25	0.00814	0.03347	0.00756	0.00652	0.00793	0.00550	0.00498	0.01054	0.01420	0.03746	0.65541	0.03583	0.05739	0.00997	0.00580	0.00158	0.00261	0.00871	0.08134	0.00505
26	0.79881	0.00999	0.00795	0.00701	0.01028	0.01142	0.00577	0.01597	0.00926	0.07397	0.00813	0.00907	0.00612	0.00494	0.00336	0.00161	0.00406	0.00298	0.00344	0.00585
27	0.00719	0.00532	0.00671	0.00636	0.00767	0.00484	0.00477	0.00948	0.01432	0.01987	0.67380	0.04056	0.15772	0.01102	0.00614	0.00166	0.00248	0.00965	0.00560	0.00484
28	0.00705	0.00556	0.00632	0.00609	0.00760	0.00504	0.00453	0.00942	0.04834	0.01717	0.36203	0.04319	0.39927	0.04696	0.00700	0.00185	0.00273	0.00993	0.00517	0.00474
29	0.01109	0.17465	0.64796	0.01374	0.02083	0.01368	0.01732	0.01632	0.01092	0.01570	0.00895	0.01050	0.00661	0.00486	0.00465	0.00155	0.00730	0.00365	0.00220	0.00751
30	0.01418	0.78266	0.02670	0.00912	0.01349	0.05713	0.00896	0.01584	0.01078	0.01228	0.00728	0.00840	0.00668	0.00450	0.00341	0.00112	0.00575	0.00281	0.00225	0.00665
31	0.14058	0.01082	0.01157	0.00942	0.01287	0.03408	0.00764	0.20476	0.12268	0.27888	0.01598	0.01526	0.01113	0.00618	0.00476	0.00157	0.00458	0.00474	0.09471	0.00779
32	0.33563	0.01331	0.01198	0.00990	0.01345	0.09595	0.00802	0.29672	0.07319	0.07839	0.01125	0.01152	0.00822	0.00570	0.00441	0.00158	0.00526	0.00397	0.00428	0.00729
33	0.00628	0.00531	0.00546	0.00550	0.00722	0.00448	0.00418	0.00768	0.01195	0.01431	0.07090	0.05020	0.73013	0.01317	0.00620	0.00178	0.00273	0.04323	0.00486	0.00443
34	0.00753	0.00503	0.00569	0.00573	0.00574	0.00502	0.00321	0.00756	0.00765	0.01020	0.01681	0.05972	0.01944	0.79065	0.02585	0.00495	0.00498	0.00781	0.00321	0.00319
35	0.00740	0.00602	0.00666	0.00641	0.00798	0.02241	0.00485	0.00991	0.04925	0.01769	0.39740	0.04262	0.36289	0.01154	0.00610	0.00171	0.00282	0.02625	0.00524	0.00487
36	0.01893	0.02274	0.01550	0.01357	0.01654	0.64833	0.04557	0.10107	0.04192	0.01540	0.00910	0.01029	0.00731	0.00547	0.00484	0.00140	0.00879	0.00372	0.00304	0.00646
37	0.00623	0.00528	0.00538	0.00536	0.00708	0.00443	0.00402	0.00762	0.01205	0.01450	0.09847	0.04941	0.73641	0.01303	0.00615	0.00175	0.00263	0.01089	0.00489	0.00443
38	0.00656	0.00547	0.00575	0.00565	0.00736	0.00475	0.00424	0.00848	0.03600	0.01541	0.16985	0.04735	0.63985	0.01259	0.00613	0.00174	0.00265	0.01058	0.00500	0.00460
39	0.01289	0.01237	0.02114	0.03196	0.78450	0.01237	0.01598	0.01598	0.01186	0.01701	0.00980	0.01289	0.00825	0.00464	0.00516	0.00155	0.00619	0.00464	0.00258	0.00825
40	0.01377	0.78521	0.06086	0.00917	0.01377	0.02023	0.00937	0.01563	0.01060	0.01244	0.00733	0.00847	0.00668	0.00448	0.00341	0.00114	0.00566	0.00283	0.00223	0.00673
41	0.00634	0.00453	0.00604	0.00725	0.00755	0.00423	0.00483	0.00725	0.00997	0.01329	0.02870	0.81358	0.03444	0.01632	0.00665	0.00211	0.00302	0.01480	0.00483	0.00423

[dist]
# distance from previous block
# <min> <max>
0	2

[block]
# block no. 4 follows, 47 sequences, length 33
# corresponding to MSA columns:
# 240-272
name=unknown_E
#
# <colnr> <probs for GDERKNQSTAVLIFYWHMCP>
#	G	D	E	R	K	N	Q	S	T	A	V	L	I	F	Y	W	H	M	C	P
0	0.01381	0.01105	0.01187	0.01054	0.01356	0.01257	0.00827	0.05385	0.68151	0.07349	0.02097	0.01986	0.01573	0.00714	0.00533	0.00176	0.00421	0.02089	0.00536	0.00824
1	0.09992	0.01528	0.01464	0.01162	0.01548	0.10975	0.00946	0.58231	0.04444	0.02915	0.01172	0.01195	0.00850	0.00603	0.00496	0.00155	0.00596	0.00438	0.00472	0.00819
2	0.09027	0.00699	0.00820	0.00777	0.00959	0.00692	0.00588	0.08252	0.03416	0.11977	0.15992	0.31130	0.09488	0.01140	0.00585	0.00183	0.00350	0.02848	0.00510	0.00567
3	0.01086	0.12105	0.69950	0.01414	0.02145	0.01310	0.01802	0.01639	0.01095	0.01599	0.00910	0.01068	0.00661	0.00489	0.00476	0.00159	0.00744	0.00372	0.00220	0.00758
4	0.01152	0.01177	0.01803	0.01484	0.01558	0.01556	0.11762	0.01312	0.00858	0.01312	0.00736	0.01177	0.00699	0.00845	0.01555	0.00221	0.69496	0.00478	0.00233	0.00588
5	0.00641	0.00461	0.00610	0.00727	0.00766	0.00430	0.00494	0.00739	0.01011	0.01341	0.02953	0.75783	0.06126	0.01613	0.00665	0.00211	0.00307	0.04213	0.00483	0.00426
6	0.01253	0.01200	0.02048	0.12337	0.69591	0.01228	0.01580	0.01567	0.01169	0.01657	0.00973	0.01301	0.00809	0.00471	0.00516	0.00157	0.00628	0.00464	0.00255	0.00796
7	0.01409	0.79608	0.02691	0.00905	0.01345	0.04404	0.00895	0.01575	0.01071	0.01227	0.00726	0.00839	0.00668	0.00448	0.00338	0.00112	0.00568	0.00280	0.00224	0.00666
8	0.00983	0.00926	0.01562	0.80447	0.03587	0.01157	0.01446	0.01331	0.01041	0.01331	0.00926	0.01388	0.00694	0.00521	0.00521	0.00174	0.00694	0.00463	0.00231	0.00579
9	0.01273	0.54890	0.28809	0.01094	0.01650	0.01770	0.01244	0.01590	0.01072	0.01370	0.00796	0.00926	0.00665	0.00462	0.00389	0.00130	0.00630	0.00315	0.00222	0.00703
10	0.04218	0.00976	0.01176	0.00966	0.01319	0.00981	0.00778	0.04014	0.29550	0.44581	0.04321	0.01863	0.01481	0.00675	0.00523	0.00167	0.00427	0.00552	0.00589	0.00842
11	0.01426	0.01103	0.01192	0.01049	0.01359	0.01247	0.00823	0.04800	0.67277	0.10418	0.02088	0.01905	0.01538	0.00698	0.00529	0.00174	0.00420	0.00578	0.00542	0.00833
12	0.01201	0.01355	0.02915	0.02103	0.02589	0.01290	0.70600	0.01613	0.01204	0.01639	0.01116	0.04751	0.00898	0.00506	0.00657	0.00179	0.03782	0.00645	0.00271	0.00686
13	0.01337	0.01095	0.01175	0.01054	0.01348	0.01250	0.00828	0.05076	0.68244	0.05285	0.02120	0.02107	0.01624	0.00737	0.00539	0.00178	0.00422	0.04237	0.00532	0.00812
14	0.01947	0.02432	0.01480	0.01335	0.01610	0.75777	0.01005	0.05745	0.01524	0.01373	0.00827	0.00954	0.00681	0.00541	0.00472	0.00135	0.00921	0.00342	0.00281	0.00618
15	0.00634	0.00453	0.00604	0.00725	0.00755	0.00423	0.00483	0.00725	0.00997	0.01329	0.02870	0.81358	0.03444	0.01632	0.00665	0.00211	0.00302	0.01480	0.00483	0.00423
16	0.01774	0.01332	0.01429	0.01146	0.01523	0.01486	0.00930	0.50867	0.26209	0.05385	0.01552	0.01487	0.01122	0.00652	0.00524	0.00163	0.00518	0.00509	0.00528	0.00866
17	0.00634	0.00453	0.00604	0.00725	0.00755	0.00423	0.00483	0.00725	0.00997	0.01329	0.02870	0.81358	0.03444	0.01632	0.00665	0.00211	0.00302	0.01480	0.00483	0.00423
18	0.00634	0.00453	0.00604	0.00725	0.00755	0.00423	0.00483	0.00725	0.00997	0.01329	0.02870	0.81358	0.03444	0.01632	0.00665	0.00211	0.00302	0.01480	0.00483	0.00423
19	0.01922	0.01036	0.01243	0.00995	0.01356	0.01043	0.00807	0.20509	0.15453	0.39986	0.06772	0.03510	0.01524	0.00699	0.00533	0.00164	0.00453	0.00569	0.00586	0.00840
20	0.07295	0.01351	0.01445	0.01130	0.01527	0.01489	0.00928	0.58563	0.10209	0.08708	0.01368	0.01336	0.00969	0.00626	0.00509	0.00159	0.00535	0.00474	0.00518	0.00859
21	0.00757	0.00505	0.00568	0.00568	0.00568	0.00505	0.00316	0.00757	0.00757	0.01010	0.01641	0.03408	0.01893	0.81698	0.02651	0.00505	0.00505	0.00757	0.00316	0.00316
22	0.03912	0.00880	0.01175	0.00914	0.01298	0.00779	0.00751	0.02454	0.04041	0.71142	0.05535	0.01857	0.01451	0.00663	0.00524	0.00162	0.00432	0.00540	0.00631	0.00859
23	0.00983	0.00926	0.01562	0.80447	0.03587	0.01157	0.01446	0.01331	0.01041	0.01331	0.00926	0.01388	0.00694	0.00521	0.00521	0.00174	0.00694	0.00463	0.00231	0.00579
24	0.01229	0.01405	0.03073	0.02195	0.02722	0.01317	0.76558	0.01668	0.01229	0.01668	0.01054	0.01405	0.00790	0.00439	0.00615	0.00176	0.00878	0.00615	0.00263	0.00702
25	0.80234	0.01000	0.00793	0.00700	0.01027	0.01143	0.00576	0.01593	0.00924	0.07072	0.00807	0.00903	0.00609	0.00493	0.00335	0.00161	0.00405	0.00297	0.00342	0.00584
26	0.01001	0.00943	0.01594	0.76027	0.07870	0.01162	0.01455	0.01346	0.01050	0.01352	0.00929	0.01383	0.00702	0.00517	0.00520	0.00172	0.00690	0.00463	0.00233	0.00593
27	0.03289	0.00542	0.00645	0.00648	0.00746	0.00533	0.00463	0.00855	0.01022	0.01384	0.13406	0.07285	0.22404	0.25037	0.15460	0.00393	0.00552	0.04509	0.00405	0.00421
28	0.00726	0.00492	0.00577	0.00608	0.00616	0.00484	0.00358	0.00749	0.00818	0.01091	0.01953	0.23182	0.02287	0.61388	0.02147	0.00430	0.00453	0.00941	0.00358	0.00343
29	0.00651	0.00483	0.00610	0.00698	0.00761	0.00447	0.00477	0.00785	0.02637	0.01402	0.07468	0.63614	0.14985	0.01532	0.00651	0.00203	0.00295	0.01373	0.00489	0.00438
30	0.82830	0.01052	0.00787	0.00705	0.01026	0.03563	0.00577	0.01548	0.00904	0.02304	0.00728	0.00849	0.00567	0.00485	0.00327	0.00160	0.00419	0.00284	0.00321	0.00565
31	0.00639	0.00459	0.00604	0.00714	0.00751	0.00427	0.00478	0.00734	0.01012	0.01348	0.05165	0.75268	0.05646	0.03191	0.00701	0.00215	0.00303	0.01439	0.00483	0.00423
32	0.01292	0.01141	0.01625	0.03175	0.01688	0.01050	0.16760	0.16578	0.01378	0.01988	0.01011	0.01192	0.00794	0.00464	0.00504	0.00121	0.02934	0.00414	0.00337	0.45555

[dist]
# distance from previous block
# <min> <max>
4	8

[block]
# block no. 5 follows, 47 sequences, length 99
# corresponding to MSA columns:
# 281-379
name=unknown_F
#
# <colnr> <probs for GDERKNQSTAVLIFYWHMCP>
#	G	D	E	R	K	N	Q	S	T	A	V	L	I	F	Y	W	H	M	C	P
0	0.00997	0.12354	0.01505	0.01109	0.01267	0.03016	0.09167	0.01168	0.00958	0.01310	0.02932	0.16166	0.01468	0.03644	0.20284	0.00355	0.20784	0.00676	0.00301	0.00539
1	0.01130	0.22287	0.60159	0.01338	0.02027	0.01420	0.01669	0.01627	0.01089	0.01544	0.00883	0.01034	0.00662	0.00483	0.00455	0.00152	0.00717	0.00359	0.00221	0.00745
2	0.01081	0.11116	0.70901	0.01421	0.02157	0.01300	0.01814	0.01640	0.01095	0.01604	0.00912	0.01071	0.00661	0.00490	0.00478	0.00159	0.00747	0.00374	0.00220	0.00759
3	0.00737	0.00497	0.00574	0.00593	0.00598	0.00492	0.00343	0.00752	0.00796	0.01062	0.01840	0.16039	0.02145	0.68724	0.02329	0.00457	0.00472	0.00874	0.00343	0.00333
4	0.00750	0.00512	0.00616	0.00620	0.00638	0.00525	0.00380	0.00788	0.00791	0.01072	0.02847	0.06315	0.01906	0.64445	0.15190	0.00542	0.00639	0.00756	0.00320	0.00347
5	0.01279	0.01227	0.02096	0.05680	0.76043	0.01235	0.01593	0.01590	0.01181	0.01689	0.00978	0.01292	0.00821	0.00466	0.00516	0.00155	0.00621	0.00464	0.00257	0.00817
6	0.53597	0.13327	0.08438	0.00829	0.01223	0.01269	0.00772	0.03252	0.01034	0.10895	0.00908	0.00983	0.00679	0.00500	0.00367	0.00154	0.00468	0.00323	0.00339	0.00643
7	0.00633	0.00457	0.00600	0.00714	0.00752	0.00424	0.00479	0.00726	0.01008	0.01334	0.03004	0.77110	0.07606	0.01614	0.00662	0.00210	0.00300	0.01459	0.00483	0.00424
8	0.07034	0.09650	0.01550	0.01254	0.01548	0.64715	0.00968	0.04818	0.01438	0.01411	0.00809	0.00936	0.00672	0.00528	0.00450	0.00135	0.00857	0.00332	0.00277	0.00618
9	0.00801	0.00572	0.00680	0.00646	0.00810	0.00517	0.00494	0.01039	0.03798	0.06077	0.40509	0.04218	0.32833	0.01142	0.00611	0.00172	0.00278	0.03764	0.00538	0.00504
10	0.01370	0.01154	0.01220	0.01070	0.01382	0.01320	0.00839	0.11273	0.67275	0.02296	0.01995	0.01845	0.01492	0.00691	0.00526	0.00172	0.00430	0.00569	0.00524	0.02558
11	0.03757	0.01043	0.01296	0.01019	0.01401	0.05407	0.04985	0.03863	0.11220	0.48916	0.04091	0.01707	0.01310	0.00624	0.00514	0.00156	0.00483	0.00516	0.00550	0.07139
12	0.01332	0.68221	0.15990	0.00994	0.01496	0.01913	0.01071	0.01575	0.01065	0.01299	0.00761	0.00881	0.00667	0.00454	0.00362	0.00121	0.00594	0.00297	0.00222	0.00686
13	0.01221	0.01381	0.02942	0.02122	0.02602	0.01341	0.69901	0.01632	0.01191	0.01632	0.01021	0.01381	0.00781	0.00481	0.00711	0.00180	0.07928	0.00601	0.00260	0.00691
14	0.01289	0.01237	0.02114	0.03196	0.78450	0.01237	0.01598	0.01598	0.01186	0.01701	0.00980	0.01289	0.00825	0.00464	0.00516	0.00155	0.00619	0.00464	0.00258	0.00825
15	0.01254	0.01202	0.02051	0.12055	0.69865	0.01228	0.01581	0.01568	0.01169	0.01659	0.00973	0.01300	0.00810	0.00470	0.00516	0.00157	0.00627	0.00464	0.00255	0.00797
16	0.00973	0.00805	0.00963	0.00839	0.01001	0.04228	0.07013	0.09561	0.04199	0.01558	0.07920	0.07619	0.17355	0.32100	0.01382	0.00300	0.00481	0.00811	0.00403	0.00490
17	0.00735	0.00496	0.00574	0.00596	0.00602	0.00490	0.00346	0.00752	0.00800	0.01067	0.01861	0.17375	0.02171	0.67352	0.02295	0.00452	0.00469	0.00887	0.00346	0.00335
18	0.01134	0.01080	0.01828	0.41629	0.39537	0.01205	0.01513	0.01458	0.01106	0.01507	0.00946	0.01335	0.00757	0.00502	0.00543	0.00166	0.02351	0.00463	0.00244	0.00697
19	0.01289	0.01237	0.02114	0.03196	0.78450	0.01237	0.01598	0.01598	0.01186	0.01701	0.00980	0.01289	0.00825	0.00464	0.00516	0.00155	0.00619	0.00464	0.00258	0.00825
20	0.02085	0.00835	0.01138	0.00911	0.01268	0.00731	0.00753	0.02293	0.01462	0.66239	0.07432	0.02304	0.01702	0.00748	0.00548	0.00169	0.00433	0.07506	0.00624	0.00821
21	0.00733	0.00495	0.00575	0.00599	0.00627	0.00482	0.00367	0.00784	0.00882	0.01198	0.05536	0.20212	0.06581	0.52145	0.01899	0.00388	0.00423	0.00926	0.04785	0.00362
22	0.01351	0.01528	0.01855	0.01507	0.01732	0.23950	0.21297	0.01557	0.01110	0.01356	0.00914	0.01327	0.00811	0.04902	0.06374	0.00242	0.26850	0.00486	0.00257	0.00595
23	0.01604	0.01186	0.01291	0.01075	0.01412	0.01316	0.00859	0.30034	0.38257	0.09294	0.05258	0.03122	0.01485	0.00703	0.00532	0.00168	0.00465	0.00570	0.00538	0.00830
24	0.00746	0.00550	0.00798	0.00798	0.00877	0.00630	0.00602	0.00905	0.00825	0.01180	0.01431	0.02244	0.01388	0.15247	0.68411	0.00789	0.01265	0.00587	0.00284	0.00443
25	0.00756	0.00577	0.00854	0.00850	0.00935	0.00678	0.00659	0.00932	0.00840	0.01212	0.01426	0.05028	0.01367	0.04934	0.72287	0.00783	0.04538	0.00592	0.00285	0.00465
26	0.01374	0.73781	0.09073	0.00950	0.01419	0.03556	0.00980	0.01577	0.01070	0.01262	0.00743	0.00860	0.00668	0.00451	0.00350	0.00116	0.00582	0.00288	0.00223	0.00675
27	0.02214	0.00947	0.01231	0.00955	0.01348	0.00871	0.00785	0.09534	0.05899	0.65886	0.03402	0.01772	0.01336	0.00654	0.00525	0.00162	0.00450	0.00530	0.00625	0.00875
28	0.01416	0.00724	0.00941	0.00804	0.01043	0.00669	0.00630	0.07076	0.01498	0.30824	0.35640	0.11545	0.03098	0.00938	0.00579	0.00168	0.00350	0.00811	0.00586	0.00660
29	0.03387	0.00895	0.01139	0.00920	0.01244	0.00861	0.02252	0.09773	0.09962	0.40321	0.19563	0.02263	0.03563	0.00752	0.00545	0.00164	0.00412	0.00630	0.00586	0.00770
30	0.01069	0.11846	0.65718	0.01364	0.02053	0.01270	0.01714	0.01589	0.01076	0.01564	0.00949	0.01197	0.00729	0.05008	0.00596	0.00178	0.00730	0.00393	0.00226	0.00733
31	0.00639	0.00457	0.00609	0.00722	0.00756	0.00426	0.00484	0.00738	0.01020	0.01366	0.06544	0.77579	0.03516	0.01604	0.00662	0.00209	0.00299	0.01454	0.00488	0.00426
32	0.00634	0.00453	0.00604	0.00725	0.00755	0.00423	0.00483	0.00725	0.00997	0.01329	0.02870	0.81358	0.03444	0.01632	0.00665	0.00211	0.00302	0.01480	0.00483	0.00423
33	0.01188	0.01332	0.02842	0.03694	0.02572	0.01278	0.67492	0.01592	0.01193	0.01624	0.01132	0.05702	0.00926	0.00526	0.00665	0.00180	0.04460	0.00651	0.00273	0.00679
34	0.01909	0.01344	0.01463	0.01137	0.01531	0.01471	0.00934	0.62375	0.06962	0.09291	0.03688	0.01428	0.01092	0.00645	0.00522	0.00157	0.00536	0.00495	0.02156	0.00862
35	0.01045	0.02694	0.79000	0.01484	0.02254	0.01209	0.01924	0.01649	0.01099	0.01649	0.00935	0.01099	0.00660	0.00495	0.00495	0.00165	0.00770	0.00385	0.00220	0.00770
36	0.01157	0.01168	0.01592	0.01367	0.01372	0.03285	0.01136	0.01271	0.00812	0.01254	0.00686	0.01135	0.00683	0.00903	0.01682	0.00226	0.79017	0.00453	0.00229	0.00570
37	0.05040	0.01218	0.01369	0.01243	0.08081	0.10121	0.02785	0.10197	0.16402	0.33973	0.03090	0.01608	0.01221	0.00623	0.00514	0.00160	0.00529	0.00505	0.00509	0.00812
38	0.01923	0.01305	0.01441	0.01126	0.01512	0.01411	0.00921	0.59758	0.03890	0.13523	0.01489	0.06713	0.01129	0.00697	0.00531	0.00161	0.00533	0.00547	0.00536	0.00853
39	0.00634	0.00453	0.00604	0.00725	0.00755	0.00423	0.00483	0.00725	0.00997	0.01329	0.02870	0.81358	0.03444	0.01632	0.00665	0.00211	0.00302	0.01480	0.00483	0.00423
