[name]
unknown

[dist]
# distance from previous block
# <min> <max>
10	91

[block]
# block no. 0 follows, 48 sequences, length 55
# corresponding to MSA columns:
# 120-174
name=unknown_A
#
# <colnr> <probs for GDERKNQSTAVLIFYWHMCP>
#	G	D	E	R	K	N	Q	S	T	A	V	L	I	F	Y	W	H	M	C	P
0	0.13781	0.08644	0.05379	0.01158	0.05891	0.03800	0.08700	0.13097	0.05861	0.05865	0.05415	0.09146	0.07184	0.00706	0.00495	0.00158	0.00508	0.00592	0.00389	0.03230
1	0.03476	0.01073	0.02970	0.12440	0.29266	0.04862	0.01105	0.04713	0.04991	0.02868	0.04051	0.10143	0.04043	0.02152	0.02354	0.00177	0.00555	0.00591	0.00331	0.07838
2	0.05352	0.05151	0.05610	0.07047	0.17961	0.13351	0.06164	0.07854	0.08128	0.04356	0.01183	0.02856	0.02384	0.00623	0.00576	0.05035	0.00614	0.00462	0.00321	0.04972
3	0.15337	0.02784	0.01327	0.06147	0.03679	0.07096	0.02912	0.25107	0.06601	0.04288	0.02641	0.02808	0.00948	0.00559	0.00458	0.00143	0.00522	0.00431	0.00391	0.15822
4	0.00956	0.00710	0.04159	0.00827	0.05421	0.00634	0.00565	0.05080	0.01087	0.06909	0.13323	0.08677	0.05886	0.37054	0.01468	0.00312	0.00436	0.00762	0.05255	0.00478
5	0.01326	0.01130	0.05659	0.05124	0.07236	0.00978	0.07109	0.12726	0.04364	0.09382	0.05039	0.01385	0.01059	0.00508	0.00470	0.00127	0.00499	0.00438	0.00373	0.35068
6	0.65475	0.01211	0.12305	0.00805	0.01182	0.01109	0.00761	0.01555	0.00942	0.06587	0.00893	0.03693	0.00708	0.00526	0.00365	0.00161	0.00449	0.00347	0.00326	0.00599
7	0.01165	0.03711	0.11677	0.13325	0.52296	0.01186	0.01510	0.01498	0.01135	0.01590	0.01176	0.01447	0.05011	0.00514	0.00506	0.00156	0.00618	0.00476	0.00257	0.00747
8	0.06158	0.01031	0.05364	0.00905	0.02791	0.00842	0.00745	0.10526	0.01276	0.12202	0.03327	0.07207	0.01130	0.00564	0.00445	0.00119	0.00426	0.00459	0.00388	0.44095
9	0.05210	0.02572	0.75425	0.01424	0.02160	0.01190	0.01830	0.01619	0.01073	0.01658	0.00911	0.01071	0.00645	0.00487	0.00479	0.00162	0.00740	0.00374	0.00222	0.00748
10	0.02246	0.00886	0.01189	0.00920	0.01311	0.00783	0.00757	0.02513	0.05635	0.74923	0.02028	0.01756	0.01286	0.00638	0.00516	0.00160	0.00435	0.00519	0.00629	0.00870
11	0.01372	0.82276	0.02689	0.00878	0.01317	0.02030	0.00878	0.01536	0.01043	0.01207	0.00713	0.00823	0.00658	0.00439	0.00329	0.00110	0.00549	0.00274	0.00219	0.00658
12	0.00706	0.00525	0.00665	0.00633	0.00762	0.00483	0.00476	0.00927	0.01374	0.01901	0.62312	0.03930	0.17107	0.01230	0.04527	0.00196	0.00301	0.00935	0.00536	0.00474
13	0.00691	0.00523	0.00637	0.00609	0.00745	0.00469	0.00456	0.00900	0.01369	0.01860	0.56915	0.04158	0.26546	0.01123	0.00606	0.00165	0.00247	0.00974	0.00539	0.00469
14	0.00721	0.00524	0.00678	0.00640	0.00763	0.00482	0.00480	0.00957	0.01439	0.02026	0.75032	0.03885	0.08325	0.01061	0.00605	0.00162	0.00243	0.00935	0.00561	0.00482
15	0.00606	0.00520	0.00520	0.00520	0.00693	0.00433	0.00390	0.00736	0.01170	0.01386	0.05198	0.04938	0.78558	0.01299	0.00606	0.00173	0.00260	0.01083	0.00476	0.00433
16	0.85592	0.00992	0.00754	0.00675	0.00992	0.01151	0.00556	0.01508	0.00873	0.02302	0.00714	0.00834	0.00556	0.00476	0.00318	0.00159	0.00397	0.00278	0.00318	0.00556
17	0.01951	0.01437	0.01540	0.01181	0.01591	0.01591	0.00975	0.77056	0.02412	0.03234	0.01232	0.01232	0.00873	0.00616	0.00513	0.00154	0.00565	0.00462	0.00513	0.00873
18	0.85592	0.00992	0.00754	0.00675	0.00992	0.01151	0.00556	0.01508	0.00873	0.02302	0.00714	0.00834	0.00556	0.00476	0.00318	0.00159	0.00397	0.00278	0.00318	0.00556
19	0.00615	0.00512	0.00537	0.00548	0.00703	0.00434	0.00404	0.00747	0.01165	0.01415	0.08976	0.13184	0.66360	0.01319	0.00612	0.00176	0.00263	0.01115	0.00481	0.00434
20	0.80345	0.00985	0.00782	0.00690	0.01012	0.01126	0.00568	0.01571	0.00911	0.07142	0.00797	0.00891	0.00601	0.00486	0.00330	0.00159	0.00399	0.00293	0.00338	0.00576
21	0.85592	0.00992	0.00754	0.00675	0.00992	0.01151	0.00556	0.01508	0.00873	0.02302	0.00714	0.00834	0.00556	0.00476	0.00318	0.00159	0.00397	0.00278	0.00318	0.00556
22	0.00625	0.00447	0.00595	0.00714	0.00744	0.00417	0.00476	0.00714	0.00982	0.01310	0.02828	0.81633	0.03394	0.01608	0.00655	0.00208	0.00298	0.01459	0.00476	0.00417
23	0.01067	0.00585	0.00596	0.00556	0.00708	0.00602	0.00427	0.09637	0.01225	0.02060	0.01625	0.01837	0.01266	0.00600	0.00376	0.00123	0.00275	0.00476	0.75435	0.00522
24	0.00982	0.00503	0.00505	0.00496	0.00623	0.00507	0.00375	0.03142	0.01110	0.01947	0.01662	0.01895	0.01304	0.00598	0.00363	0.00120	0.00247	0.00478	0.82652	0.00488
25	0.39673	0.00927	0.00995	0.00806	0.01167	0.00932	0.00665	0.02055	0.01201	0.44654	0.01437	0.01337	0.00950	0.00564	0.00427	0.00159	0.00419	0.00409	0.00493	0.00731
26	0.69432	0.00969	0.00839	0.00721	0.01054	0.01074	0.00594	0.01701	0.00989	0.17207	0.00969	0.01011	0.00694	0.00507	0.00356	0.00159	0.00405	0.00324	0.00379	0.00617
27	0.00625	0.00447	0.00595	0.00714	0.00744	0.00417	0.00476	0.00714	0.00982	0.01310	0.02828	0.81633	0.03394	0.01608	0.00655	0.00208	0.00298	0.01459	0.00476	0.00417
28	0.00625	0.00448	0.00593	0.00709	0.00743	0.00417	0.00474	0.00715	0.00987	0.01312	0.02891	0.79595	0.05390	0.01599	0.00654	0.00207	0.00297	0.01449	0.00476	0.00417
29	0.02302	0.00873	0.01191	0.00913	0.01310	0.00754	0.00754	0.02501	0.01469	0.79122	0.02024	0.01746	0.01270	0.00635	0.00516	0.00159	0.00437	0.00516	0.00635	0.00873
30	0.00977	0.00920	0.01554	0.78627	0.05578	0.01142	0.01429	0.01318	0.01030	0.01321	0.00913	0.01365	0.00687	0.00511	0.00513	0.00170	0.00682	0.00456	0.00229	0.00577
31	0.00798	0.00653	0.00859	0.00852	0.00953	0.04965	0.00660	0.00978	0.00859	0.01195	0.01343	0.01956	0.01249	0.03667	0.75599	0.00787	0.01350	0.00538	0.00274	0.00466
32	0.46455	0.05797	0.08843	0.01142	0.05265	0.14101	0.08600	0.01627	0.01047	0.01909	0.00793	0.00950	0.00623	0.00479	0.00397	0.00153	0.00585	0.00338	0.00285	0.00614
33	0.01197	0.05964	0.13221	0.02018	0.04072	0.01322	0.61184	0.01634	0.01184	0.01618	0.01003	0.01311	0.00755	0.00441	0.00573	0.00168	0.00828	0.00554	0.00251	0.00702
34	0.01379	0.73354	0.04143	0.01030	0.05570	0.04806	0.00940	0.01559	0.01065	0.01243	0.00734	0.00856	0.00667	0.00444	0.00347	0.00114	0.00570	0.00288	0.00223	0.00667
35	0.00726	0.00524	0.00686	0.00646	0.00767	0.00484	0.00484	0.00968	0.01452	0.02058	0.78496	0.03833	0.04841	0.01049	0.00605	0.00161	0.00242	0.00928	0.00565	0.00484
36	0.00634	0.00464	0.00597	0.00684	0.00741	0.00426	0.00467	0.00745	0.01057	0.01403	0.11591	0.64010	0.12275	0.01509	0.00644	0.00199	0.00287	0.01356	0.00486	0.00426
37	0.00723	0.00522	0.00683	0.00648	0.00766	0.00482	0.00484	0.00960	0.01436	0.02032	0.75908	0.06493	0.04792	0.01068	0.00607	0.00163	0.00244	0.00946	0.00562	0.00482
38	0.00635	0.00453	0.00599	0.00705	0.00739	0.00423	0.00471	0.00730	0.01001	0.01342	0.07139	0.74481	0.03425	0.04323	0.00719	0.00216	0.00301	0.01404	0.00476	0.00417
39	0.01029	0.02654	0.79309	0.01462	0.02221	0.01192	0.01896	0.01625	0.01083	0.01625	0.00921	0.01083	0.00650	0.00487	0.00487	0.00162	0.00758	0.00379	0.00217	0.00758
40	0.01951	0.01437	0.01540	0.01181	0.01591	0.01591	0.00975	0.77056	0.02412	0.03234	0.01232	0.01232	0.00873	0.00616	0.00513	0.00154	0.00565	0.00462	0.00513	0.00873
41	0.01123	0.01123	0.01572	0.01347	0.01347	0.01572	0.01123	0.01235	0.00786	0.01235	0.00674	0.01123	0.00674	0.00898	0.01684	0.00225	0.81028	0.00449	0.00225	0.00561
42	0.01352	0.71641	0.04641	0.00911	0.01344	0.01929	0.00899	0.01663	0.09030	0.01316	0.00862	0.00944	0.00753	0.00467	0.00354	0.00118	0.00540	0.00309	0.00251	0.00677
43	0.00930	0.00822	0.01363	0.14023	0.01658	0.00882	0.14850	0.01158	0.01108	0.04143	0.13666	0.21589	0.08371	0.00969	0.00750	0.00186	0.11759	0.00853	0.00380	0.00540
44	0.01382	0.00902	0.01097	0.00799	0.01240	0.00702	0.00646	0.01602	0.01168	0.21559	0.01198	0.01239	0.00891	0.00445	0.00415	0.00097	0.00395	0.00358	0.00389	0.63476
45	0.85592	0.00992	0.00754	0.00675	0.00992	0.01151	0.00556	0.01508	0.00873	0.02302	0.00714	0.00834	0.00556	0.00476	0.00318	0.00159	0.00397	0.00278	0.00318	0.00556
46	0.85592	0.00992	0.00754	0.00675	0.00992	0.01151	0.00556	0.01508	0.00873	0.02302	0.00714	0.00834	0.00556	0.00476	0.00318	0.00159	0.00397	0.00278	0.00318	0.00556
47	0.02302	0.00873	0.01191	0.00913	0.01310	0.00754	0.00754	0.02501	0.01469	0.79122	0.02024	0.01746	0.01270	0.00635	0.00516	0.00159	0.00437	0.00516	0.00635	0.00873
48	0.02302	0.00873	0.01191	0.00913	0.01310	0.00754	0.00754	0.02501	0.01469	0.79122	0.02024	0.01746	0.01270	0.00635	0.00516	0.00159	0.00437	0.00516	0.00635	0.00873
49	0.01123	0.01123	0.01572	0.01347	0.01347	0.01572	0.01123	0.01235	0.00786	0.01235	0.00674	0.01123	0.00674	0.00898	0.01684	0.00225	0.81028	0.00449	0.00225	0.00561
50	0.01925	0.01391	0.01495	0.01150	0.01551	0.01533	0.00949	0.72709	0.02345	0.04966	0.01266	0.01267	0.00897	0.00616	0.00508	0.00153	0.00550	0.00464	0.03406	0.00859
51	0.00746	0.00497	0.00560	0.00560	0.00560	0.00497	0.00311	0.00746	0.00746	0.00995	0.01617	0.03358	0.01865	0.81967	0.02612	0.00497	0.00497	0.00746	0.00311	0.00311
52	0.01203	0.35649	0.36144	0.01391	0.07258	0.01551	0.07150	0.01586	0.01082	0.01456	0.00846	0.01011	0.00675	0.00461	0.00432	0.00141	0.00669	0.00358	0.00224	0.00715
53	0.00633	0.00521	0.00556	0.00547	0.00709	0.00444	0.00410	0.00787	0.01231	0.01533	0.21238	0.04696	0.62426	0.01245	0.00606	0.00171	0.00256	0.01049	0.00496	0.00444
54	0.05432	0.01201	0.02005	0.04789	0.73213	0.01214	0.01521	0.01565	0.01151	0.01699	0.00952	0.01251	0.00797	0.00459	0.00499	0.00153	0.00601	0.00448	0.00257	0.00795

[dist]
# distance from previous block
# <min> <max>
0	1

[block]
# block no. 1 follows, 48 sequences, length 70
# corresponding to MSA columns:
# 176-245
name=unknown_B
#
# <colnr> <probs for GDERKNQSTAVLIFYWHMCP>
#	G	D	E	R	K	N	Q	S	T	A	V	L	I	F	Y	W	H	M	C	P
0	0.72451	0.13675	0.01056	0.00706	0.01043	0.01288	0.00606	0.01513	0.00900	0.02131	0.00714	0.00832	0.00572	0.00470	0.00319	0.00151	0.00421	0.00277	0.00302	0.00572
1	0.00736	0.00538	0.00763	0.00763	0.00833	0.00608	0.00564	0.00877	0.00806	0.01145	0.01431	0.02329	0.01419	0.22066	0.61902	0.00748	0.01170	0.00596	0.00283	0.00424
2	0.01307	0.01379	0.05058	0.07342	0.50746	0.09455	0.01443	0.03505	0.01167	0.01590	0.00910	0.01212	0.00765	0.00532	0.00659	0.00161	0.11333	0.00440	0.00255	0.00741
3	0.00746	0.00497	0.00560	0.00560	0.00560	0.00497	0.00311	0.00746	0.00746	0.00995	0.01617	0.03358	0.01865	0.81967	0.02612	0.00497	0.00497	0.00746	0.00311	0.00311
4	0.01372	0.82276	0.02689	0.00878	0.01317	0.02030	0.00878	0.01536	0.01043	0.01207	0.00713	0.00823	0.00658	0.00439	0.00329	0.00110	0.00549	0.00274	0.00219	0.00658
5	0.01951	0.01437	0.01540	0.01181	0.01591	0.01591	0.00975	0.77056	0.02412	0.03234	0.01232	0.01232	0.00873	0.00616	0.00513	0.00154	0.00565	0.00462	0.00513	0.00873
6	0.85592	0.00992	0.00754	0.00675	0.00992	0.01151	0.00556	0.01508	0.00873	0.02302	0.00714	0.00834	0.00556	0.00476	0.00318	0.00159	0.00397	0.00278	0.00318	0.00556
7	0.01064	0.00912	0.01064	0.00760	0.01216	0.00684	0.00608	0.01292	0.01064	0.01672	0.00912	0.01064	0.00760	0.00380	0.00380	0.00076	0.00380	0.00304	0.00304	0.85104
8	0.01951	0.01437	0.01540	0.01181	0.01591	0.01591	0.00975	0.77056	0.02412	0.03234	0.01232	0.01232	0.00873	0.00616	0.00513	0.00154	0.00565	0.00462	0.00513	0.00873
9	0.00625	0.00447	0.00595	0.00714	0.00744	0.00417	0.00476	0.00714	0.00982	0.01310	0.02828	0.81633	0.03394	0.01608	0.00655	0.00208	0.00298	0.01459	0.00476	0.00417
10	0.00746	0.00497	0.00560	0.00560	0.00560	0.00497	0.00311	0.00746	0.00746	0.00995	0.01617	0.03358	0.01865	0.81967	0.02612	0.00497	0.00497	0.00746	0.00311	0.00311
11	0.01951	0.01437	0.01540	0.01181	0.01591	0.01591	0.00975	0.77056	0.02412	0.03234	0.01232	0.01232	0.00873	0.00616	0.00513	0.00154	0.00565	0.00462	0.00513	0.00873
12	0.85592	0.00992	0.00754	0.00675	0.00992	0.01151	0.00556	0.01508	0.00873	0.02302	0.00714	0.00834	0.00556	0.00476	0.00318	0.00159	0.00397	0.00278	0.00318	0.00556
13	0.00708	0.00482	0.00571	0.00608	0.00617	0.00472	0.00362	0.00736	0.00820	0.01093	0.01994	0.27740	0.02341	0.56935	0.02002	0.00407	0.00435	0.00968	0.00362	0.00344
14	0.01298	0.01394	0.02714	0.04566	0.02518	0.03687	0.61806	0.08913	0.04420	0.01794	0.01088	0.01377	0.00813	0.00466	0.00586	0.00170	0.00814	0.00578	0.00294	0.00707
15	0.01951	0.01437	0.01540	0.01181	0.01591	0.01591	0.00975	0.77056	0.02412	0.03234	0.01232	0.01232	0.00873	0.00616	0.00513	0.00154	0.00565	0.00462	0.00513	0.00873
16	0.01029	0.00970	0.01623	0.65375	0.16465	0.01157	0.01436	0.01391	0.02948	0.01395	0.00950	0.01365	0.00728	0.00508	0.00512	0.00168	0.00664	0.00459	0.00240	0.00618
17	0.85592	0.00992	0.00754	0.00675	0.00992	0.01151	0.00556	0.01508	0.00873	0.02302	0.00714	0.00834	0.00556	0.00476	0.00318	0.00159	0.00397	0.00278	0.00318	0.00556
18	0.01020	0.00864	0.01028	0.02746	0.01229	0.00684	0.00631	0.01272	0.03144	0.01639	0.01183	0.08284	0.01097	0.00540	0.00424	0.00099	0.00385	0.03443	0.00330	0.69957
19	0.01211	0.01384	0.03028	0.02163	0.02682	0.01298	0.76903	0.01644	0.01211	0.01644	0.01038	0.01384	0.00779	0.00433	0.00606	0.00173	0.00865	0.00606	0.00260	0.00692
20	0.02302	0.00873	0.01191	0.00913	0.01310	0.00754	0.00754	0.02501	0.01469	0.79122	0.02024	0.01746	0.01270	0.00635	0.00516	0.00159	0.00437	0.00516	0.00635	0.00873
21	0.01917	0.02445	0.01454	0.01322	0.01586	0.79907	0.00991	0.02049	0.01454	0.01256	0.00793	0.00925	0.00661	0.00529	0.00463	0.00132	0.00925	0.00330	0.00264	0.00595
22	0.01064	0.00912	0.01064	0.00760	0.01216	0.00684	0.00608	0.01292	0.01064	0.01672	0.00912	0.01064	0.00760	0.00380	0.00380	0.00076	0.00380	0.00304	0.00304	0.85104
23	0.00625	0.00447	0.00595	0.00714	0.00744	0.00417	0.00476	0.00714	0.00982	0.01310	0.02828	0.81633	0.03394	0.01608	0.00655	0.00208	0.00298	0.01459	0.00476	0.00417
24	0.06409	0.00901	0.01182	0.00911	0.01305	0.00806	0.00753	0.05293	0.01475	0.72430	0.01929	0.01682	0.01220	0.00626	0.00506	0.00159	0.00440	0.00502	0.00615	0.00857
25	0.01211	0.01384	0.03028	0.02163	0.02682	0.01298	0.76903	0.01644	0.01211	0.01644	0.01038	0.01384	0.00779	0.00433	0.00606	0.00173	0.00865	0.00606	0.00260	0.00692
26	0.00726	0.00524	0.00686	0.00646	0.00767	0.00484	0.00484	0.00968	0.01452	0.02058	0.78496	0.03833	0.04841	0.01049	0.00605	0.00161	0.00242	0.00928	0.00565	0.00484
27	0.00625	0.00447	0.00595	0.00714	0.00744	0.00417	0.00476	0.00714	0.00982	0.01310	0.02828	0.81633	0.03394	0.01608	0.00655	0.00208	0.00298	0.01459	0.00476	0.00417
28	0.01372	0.82276	0.02689	0.00878	0.01317	0.02030	0.00878	0.01536	0.01043	0.01207	0.00713	0.00823	0.00658	0.00439	0.00329	0.00110	0.00549	0.00274	0.00219	0.00658
29	0.02293	0.00888	0.01200	0.00920	0.01317	0.00776	0.00760	0.04436	0.01493	0.77152	0.02004	0.01733	0.01260	0.00635	0.00516	0.00159	0.00440	0.00515	0.00632	0.00873
30	0.00625	0.00447	0.00595	0.00714	0.00744	0.00417	0.00476	0.00714	0.00982	0.01310	0.02828	0.81633	0.03394	0.01608	0.00655	0.00208	0.00298	0.01459	0.00476	0.00417
31	0.83760	0.02761	0.00796	0.00679	0.00999	0.01170	0.00563	0.01509	0.00877	0.02278	0.00714	0.00833	0.00558	0.00475	0.00318	0.00158	0.00400	0.00278	0.00315	0.00558
32	0.01034	0.02621	0.77348	0.01480	0.02233	0.01194	0.03823	0.01625	0.01087	0.01625	0.00924	0.01091	0.00653	0.00486	0.00491	0.00163	0.00761	0.00385	0.00218	0.00757
33	0.01721	0.01342	0.01444	0.05994	0.01643	0.03573	0.00951	0.53493	0.13529	0.02781	0.01305	0.01322	0.00951	0.00601	0.00503	0.00152	0.00544	0.00464	0.00475	0.07212
34	0.00674	0.00508	0.00619	0.00622	0.00738	0.00457	0.00453	0.00850	0.01268	0.01704	0.41818	0.19210	0.25112	0.02827	0.00655	0.00180	0.00263	0.01071	0.00518	0.00453
35	0.01070	0.03942	0.10502	0.00848	0.01340	0.00792	0.00772	0.01340	0.01066	0.01650	0.00906	0.01058	0.00743	0.00395	0.00391	0.00088	0.00431	0.00312	0.00291	0.72063
36	0.00986	0.00507	0.00510	0.00499	0.00628	0.00512	0.00377	0.03466	0.01116	0.01952	0.01661	0.01893	0.01302	0.00598	0.00363	0.00121	0.00249	0.00478	0.82292	0.00490
37	0.01881	0.00855	0.01125	0.00958	0.04292	0.02130	0.00737	0.03435	0.03351	0.54809	0.17219	0.02176	0.03233	0.00721	0.00534	0.00159	0.00412	0.00602	0.00592	0.00780
38	0.01587	0.01538	0.03286	0.01919	0.28544	0.16310	0.03821	0.23961	0.10200	0.02104	0.01139	0.01266	0.00882	0.00544	0.00505	0.00152	0.00645	0.00452	0.00362	0.00784
39	0.00733	0.00550	0.00825	0.00825	0.00916	0.00641	0.00641	0.00916	0.00825	0.01191	0.01374	0.02016	0.01283	0.03848	0.79934	0.00825	0.01374	0.00550	0.00275	0.00458
40	0.01409	0.74338	0.04065	0.00925	0.01356	0.08263	0.00907	0.01579	0.01076	0.01219	0.00724	0.00836	0.00659	0.00447	0.00343	0.00113	0.00583	0.00281	0.00223	0.00655
41	0.05326	0.01419	0.01508	0.01160	0.01567	0.01573	0.00958	0.74007	0.02350	0.03196	0.01211	0.01216	0.00860	0.00610	0.00505	0.00154	0.00558	0.00455	0.00505	0.00860
42	0.00891	0.00446	0.00668	0.00668	0.00668	0.00446	0.00446	0.00668	0.00668	0.00891	0.00891	0.01560	0.00891	0.01783	0.02005	0.85071	0.00446	0.00446	0.00223	0.00223
43	0.00845	0.00616	0.00877	0.01034	0.04197	0.00616	0.00857	0.01084	0.01181	0.01541	0.02646	0.05606	0.02867	0.01379	0.00701	0.00233	0.00478	0.72294	0.00464	0.00486
44	0.00726	0.00524	0.00686	0.00646	0.00767	0.00484	0.00484	0.00968	0.01452	0.02058	0.78496	0.03833	0.04841	0.01049	0.00605	0.00161	0.00242	0.00928	0.00565	0.00484
45	0.00819	0.00676	0.00990	0.00940	0.01012	0.00847	0.00748	0.00987	0.00816	0.01201	0.01219	0.01818	0.01148	0.03196	0.62627	0.00692	0.18991	0.00527	0.00264	0.00481
46	0.00659	0.00502	0.00606	0.00621	0.00736	0.00449	0.00450	0.00823	0.01234	0.01634	0.33848	0.24570	0.29447	0.01280	0.00619	0.00178	0.00263	0.01119	0.00512	0.00449
47	0.01064	0.00912	0.01064	0.00760	0.01216	0.00684	0.00608	0.01292	0.01064	0.01672	0.00912	0.01064	0.00760	0.00380	0.00380	0.00076	0.00380	0.00304	0.00304	0.85104
48	0.01040	0.02576	0.74647	0.01505	0.02249	0.01198	0.06480	0.01626	0.01091	0.01626	0.00928	0.01102	0.00658	0.00484	0.00495	0.00163	0.00765	0.00393	0.00219	0.00754
49	0.78935	0.00983	0.00789	0.00694	0.01018	0.01119	0.00572	0.01588	0.00921	0.08442	0.00819	0.00906	0.00613	0.00489	0.00333	0.00159	0.00400	0.00297	0.00343	0.00581
50	0.01217	0.18214	0.35461	0.01431	0.02007	0.01416	0.17081	0.06331	0.08872	0.01695	0.01039	0.01186	0.00784	0.00495	0.00485	0.00155	0.00691	0.00430	0.00275	0.00737
51	0.00746	0.00497	0.00560	0.00560	0.00560	0.00497	0.00311	0.00746	0.00746	0.00995	0.01617	0.03358	0.01865	0.81967	0.02612	0.00497	0.00497	0.00746	0.00311	0.00311
52	0.00638	0.00498	0.02300	0.00735	0.00783	0.00443	0.00514	0.00742	0.00978	0.01312	0.02728	0.76684	0.03249	0.01674	0.03851	0.00232	0.00351	0.01399	0.00463	0.00426
53	0.01930	0.01427	0.01529	0.01176	0.01584	0.01582	0.00970	0.74831	0.04670	0.03201	0.01258	0.01252	0.00893	0.00618	0.00514	0.00155	0.00560	0.00466	0.00514	0.00871
54	0.00983	0.01028	0.06310	0.73354	0.05912	0.01146	0.01459	0.01339	0.01034	0.01342	0.00914	0.01347	0.00686	0.00510	0.00511	0.00170	0.00686	0.00451	0.00228	0.00589
55	0.00606	0.00520	0.00520	0.00520	0.00693	0.00433	0.00390	0.00736	0.01170	0.01386	0.05198	0.04938	0.78558	0.01299	0.00606	0.00173	0.00260	0.01083	0.00476	0.00433
56	0.85592	0.00992	0.00754	0.00675	0.00992	0.01151	0.00556	0.01508	0.00873	0.02302	0.00714	0.00834	0.00556	0.00476	0.00318	0.00159	0.00397	0.00278	0.00318	0.00556
57	0.01093	0.00911	0.01067	0.00764	0.01218	0.00686	0.00611	0.01321	0.01074	0.03514	0.00938	0.01080	0.00772	0.00386	0.00383	0.00078	0.00381	0.00309	0.00312	0.83100
58	0.01363	0.01145	0.01209	0.01062	0.01367	0.01317	0.00833	0.12286	0.68139	0.02286	0.01978	0.01827	0.01477	0.00686	0.00521	0.00171	0.00426	0.00565	0.00521	0.00820
59	0.01138	0.19396	0.55778	0.01322	0.01955	0.01406	0.01603	0.04047	0.01100	0.01565	0.00872	0.01035	0.00660	0.00506	0.00528	0.00155	0.05613	0.00364	0.00227	0.00729
60	0.00746	0.00497	0.00560	0.00560	0.00560	0.00497	0.00311	0.00746	0.00746	0.00995	0.01617	0.03358	0.01865	0.81967	0.02612	0.00497	0.00497	0.00746	0.00311	0.00311
61	0.00722	0.00516	0.00656	0.00677	0.00734	0.00510	0.00451	0.00803	0.00861	0.01182	0.01936	0.29475	0.02199	0.34108	0.17293	0.00439	0.00598	0.00921	0.00359	0.05558
62	0.01286	0.01266	0.02122	0.03034	0.71792	0.03594	0.06161	0.01593	0.01180	0.01662	0.00964	0.01267	0.00806	0.00458	0.00513	0.00153	0.00635	0.00462	0.00255	0.00799
63	0.01332	0.77280	0.02566	0.00864	0.01283	0.01936	0.00854	0.01502	0.01068	0.01259	0.05467	0.01007	0.00914	0.00476	0.00346	0.00113	0.00530	0.00314	0.00241	0.00648
64	0.00625	0.00447	0.00595	0.00714	0.00744	0.00417	0.00476	0.00714	0.00982	0.01310	0.02828	0.81633	0.03394	0.01608	0.00655	0.00208	0.00298	0.01459	0.00476	0.00417
65	0.01052	0.08613	0.66327	0.01432	0.02127	0.01235	0.06070	0.01588	0.01084	0.01583	0.00978	0.03874	0.00753	0.00519	0.00488	0.00161	0.00732	0.00422	0.00228	0.00735
66	0.01243	0.01181	0.03376	0.04190	0.49818	0.01179	0.06795	0.01754	0.14416	0.03158	0.01307	0.01719	0.01095	0.00570	0.00532	0.00164	0.00584	0.05823	0.00322	0.00774
67	0.00745	0.00554	0.00791	0.00783	0.00857	0.00634	0.00588	0.00895	0.00831	0.01186	0.04075	0.02302	0.01497	0.18014	0.60959	0.00726	0.03242	0.00596	0.00290	0.00435
68	0.12898	0.00808	0.01017	0.00820	0.01143	0.00744	0.00666	0.02016	0.01387	0.51217	0.19512	0.02108	0.02001	0.00710	0.00510	0.00159	0.00386	0.00580	0.00577	0.00742
69	0.59808	0.01129	0.00996	0.00831	0.01177	0.01287	0.00685	0.24797	0.01348	0.02589	0.00874	0.00956	0.00653	0.00519	0.00378	0.00157	0.00449	0.00335	0.00378	0.00653

[dist]
# distance from previous block
# <min> <max>
0	1

[block]
# block no. 2 follows, 48 sequences, length 58
# corresponding to MSA columns:
# 247-304
name=unknown_C
#
# <colnr> <probs for GDERKNQSTAVLIFYWHMCP>
#	G	D	E	R	K	N	Q	S	T	A	V	L	I	F	Y	W	H	M	C	P
0	0.01143	0.00912	0.01241	0.02304	0.07564	0.00794	0.06169	0.06511	0.01238	0.06642	0.09841	0.08839	0.02915	0.00626	0.00480	0.00124	0.00429	0.00552	0.00378	0.41298
1	0.07005	0.35568	0.08480	0.01094	0.01490	0.28449	0.00991	0.08746	0.01303	0.01518	0.00806	0.00919	0.00672	0.00493	0.00404	0.00129	0.00687	0.00320	0.00268	0.00658
2	0.02271	0.00924	0.01222	0.00937	0.01335	0.00829	0.00774	0.09170	0.01553	0.72334	0.01953	0.01700	0.01235	0.00633	0.00516	0.00158	0.00448	0.00511	0.00624	0.00873
3	0.00912	0.00606	0.00773	0.00700	0.00859	0.00575	0.00535	0.03948	0.04330	0.07979	0.66983	0.03507	0.04301	0.00988	0.00592	0.00161	0.00275	0.00866	0.00567	0.00540
4	0.01238	0.02743	0.09733	0.26965	0.03991	0.01139	0.27470	0.01598	0.01152	0.11938	0.01189	0.05110	0.00920	0.00554	0.00565	0.00170	0.01999	0.00551	0.00304	0.00671
5	0.01052	0.07918	0.74244	0.01424	0.02161	0.01247	0.01829	0.01619	0.01081	0.01597	0.00907	0.01066	0.00651	0.00484	0.00477	0.00159	0.00744	0.00372	0.00217	0.00752
6	0.00891	0.00446	0.00668	0.00668	0.00668	0.00446	0.00446	0.00668	0.00668	0.00891	0.00891	0.01560	0.00891	0.01783	0.02005	0.85071	0.00446	0.00446	0.00223	0.00223
7	0.01171	0.01241	0.07484	0.28971	0.38457	0.01211	0.08148	0.04271	0.01164	0.01604	0.00960	0.01298	0.00757	0.00482	0.00517	0.00161	0.00666	0.00464	0.00253	0.00719
8	0.01294	0.01151	0.01924	0.10163	0.63719	0.01165	0.01469	0.01611	0.02470	0.06630	0.01141	0.01402	0.02556	0.00496	0.00511	0.00155	0.00594	0.00477	0.00286	0.00786
9	0.00625	0.00447	0.00595	0.00714	0.00744	0.00417	0.00476	0.00714	0.00982	0.01310	0.02828	0.81633	0.03394	0.01608	0.00655	0.00208	0.00298	0.01459	0.00476	0.00417
10	0.00747	0.00637	0.01085	0.01008	0.01138	0.00596	0.15696	0.00908	0.01033	0.01382	0.02469	0.63771	0.02862	0.01369	0.00646	0.00202	0.00415	0.03129	0.00433	0.00473
11	0.07329	0.54073	0.21228	0.01023	0.01524	0.04626	0.01108	0.01575	0.01056	0.01389	0.00767	0.00891	0.00649	0.00457	0.00372	0.00127	0.00603	0.00302	0.00227	0.00673
12	0.02101	0.00873	0.01155	0.00908	0.01277	0.00787	0.00742	0.02424	0.08880	0.66689	0.06954	0.01897	0.01529	0.00668	0.00522	0.00160	0.00421	0.00549	0.00620	0.00842
13	0.00695	0.00538	0.00635	0.00608	0.00753	0.00485	0.00457	0.00925	0.03309	0.01803	0.48540	0.04206	0.32909	0.01136	0.00604	0.00166	0.00253	0.00978	0.00530	0.00473
14	0.00660	0.00517	0.00742	0.00782	0.00862	0.00476	0.05386	0.00777	0.01022	0.01341	0.03029	0.66247	0.13240	0.01491	0.00645	0.00201	0.00329	0.01354	0.00462	0.00437
15	0.06857	0.00917	0.01043	0.00754	0.01201	0.00716	0.00604	0.01307	0.01051	0.01715	0.00898	0.01048	0.00746	0.00387	0.00376	0.00082	0.00381	0.00302	0.00305	0.79309
16	0.00672	0.00493	0.00641	0.00742	0.00815	0.00462	0.00549	0.00803	0.01059	0.01376	0.03155	0.51600	0.14525	0.01515	0.00661	0.00210	0.00335	0.19481	0.00475	0.00433
17	0.01951	0.01437	0.01540	0.01181	0.01591	0.01591	0.00975	0.77056	0.02412	0.03234	0.01232	0.01232	0.00873	0.00616	0.00513	0.00154	0.00565	0.00462	0.00513	0.00873
18	0.12517	0.01121	0.07920	0.00969	0.01364	0.00996	0.00850	0.08416	0.14726	0.41343	0.03394	0.01606	0.01223	0.00620	0.00491	0.00161	0.00460	0.00490	0.00527	0.00804
19	0.02220	0.00866	0.01171	0.00906	0.01290	0.00757	0.00746	0.02450	0.03286	0.74456	0.04838	0.01827	0.01409	0.00652	0.00519	0.00159	0.00429	0.00533	0.00630	0.00857
20	0.02302	0.00873	0.01191	0.00913	0.01310	0.00754	0.00754	0.02501	0.01469	0.79122	0.02024	0.01746	0.01270	0.00635	0.00516	0.00159	0.00437	0.00516	0.00635	0.00873
21	0.00847	0.00614	0.00842	0.00949	0.01075	0.00622	0.00826	0.01139	0.04664	0.01563	0.02688	0.05612	0.02890	0.01385	0.00700	0.00233	0.00469	0.71918	0.00475	0.00488
22	0.02302	0.00873	0.01191	0.00913	0.01310	0.00754	0.00754	0.02501	0.01469	0.79122	0.02024	0.01746	0.01270	0.00635	0.00516	0.00159	0.00437	0.00516	0.00635	0.00873
23	0.00625	0.00447	0.00595	0.00714	0.00744	0.00417	0.00476	0.00714	0.00982	0.01310	0.02828	0.81633	0.03394	0.01608	0.00655	0.00208	0.00298	0.01459	0.00476	0.00417
24	0.01064	0.00912	0.01064	0.00760	0.01216	0.00684	0.00608	0.01292	0.01064	0.01672	0.00912	0.01064	0.00760	0.00380	0.00380	0.00076	0.00380	0.00304	0.00304	0.85104
25	0.01064	0.00912	0.01064	0.00760	0.01216	0.00684	0.00608	0.01292	0.01064	0.01672	0.00912	0.01064	0.00760	0.00380	0.00380	0.00076	0.00380	0.00304	0.00304	0.85104
26	0.00961	0.00535	0.00714	0.00749	0.00856	0.00486	0.00530	0.01076	0.01093	0.16815	0.04376	0.62620	0.04376	0.01396	0.00625	0.00197	0.00323	0.01253	0.00510	0.00509
27	0.02041	0.01292	0.01450	0.01112	0.01519	0.01375	0.00918	0.57833	0.02169	0.22801	0.01436	0.01365	0.00975	0.00621	0.00514	0.00155	0.00532	0.00476	0.00545	0.00873
28	0.00612	0.00508	0.00536	0.00554	0.00703	0.00432	0.00406	0.00739	0.01147	0.01391	0.06648	0.17077	0.64798	0.01342	0.00614	0.00179	0.00265	0.01139	0.00479	0.00432
29	0.00969	0.00912	0.01539	0.80734	0.03534	0.01140	0.01425	0.01311	0.01026	0.01311	0.00912	0.01368	0.00684	0.00513	0.00513	0.00171	0.00684	0.00456	0.00228	0.00570
30	0.80018	0.01000	0.00781	0.00699	0.01015	0.01159	0.00573	0.01589	0.05961	0.02292	0.00805	0.00905	0.00622	0.00491	0.00331	0.00160	0.00398	0.00298	0.00331	0.00573
31	0.01372	0.82276	0.02689	0.00878	0.01317	0.02030	0.00878	0.01536	0.01043	0.01207	0.00713	0.00823	0.00658	0.00439	0.00329	0.00110	0.00549	0.00274	0.00219	0.00658
32	0.00709	0.00447	0.00617	0.00697	0.00717	0.00427	0.00464	0.00701	0.00882	0.01175	0.02211	0.55541	0.02597	0.03314	0.01108	0.26161	0.00347	0.01134	0.00395	0.00355
33	0.85592	0.00992	0.00754	0.00675	0.00992	0.01151	0.00556	0.01508	0.00873	0.02302	0.00714	0.00834	0.00556	0.00476	0.00318	0.00159	0.00397	0.00278	0.00318	0.00556
34	0.00927	0.00571	0.00738	0.00669	0.00833	0.00516	0.00511	0.01152	0.01427	0.12369	0.61112	0.03659	0.11488	0.01017	0.00593	0.00162	0.00270	0.00887	0.00566	0.00532
35	0.00635	0.00468	0.00595	0.00674	0.00739	0.00428	0.00463	0.00750	0.01072	0.01417	0.12855	0.59358	0.15689	0.01487	0.00641	0.00197	0.00285	0.01330	0.00488	0.00428
36	0.01651	0.01217	0.01319	0.01052	0.01383	0.01331	0.00847	0.59193	0.02068	0.02763	0.01628	0.06827	0.06253	0.06414	0.03460	0.00206	0.00551	0.00590	0.00486	0.00761
37	0.01276	0.01102	0.01160	0.01044	0.01334	0.01276	0.00812	0.02727	0.77840	0.02146	0.02088	0.01914	0.01566	0.00696	0.00522	0.00174	0.00406	0.00580	0.00522	0.00812
38	0.02082	0.00868	0.01149	0.00902	0.01267	0.00781	0.00738	0.03902	0.06535	0.65361	0.09074	0.01940	0.01611	0.00677	0.00525	0.00160	0.00419	0.00557	0.00619	0.00833
39	0.11320	0.00805	0.01021	0.00837	0.01150	0.00737	0.00666	0.02036	0.01290	0.54997	0.01959	0.12504	0.01514	0.05985	0.00647	0.00187	0.00417	0.00631	0.00557	0.00740
40	0.21480	0.00887	0.01038	0.00839	0.01188	0.00858	0.00685	0.02145	0.06597	0.49293	0.05579	0.01765	0.04141	0.00647	0.00478	0.00160	0.00409	0.00506	0.00544	0.00760
41	0.00969	0.00912	0.01539	0.80734	0.03534	0.01140	0.01425	0.01311	0.01026	0.01311	0.00912	0.01368	0.00684	0.00513	0.00513	0.00171	0.00684	0.00456	0.00228	0.00570
42	0.00733	0.00550	0.00825	0.00825	0.00916	0.00641	0.00641	0.00916	0.00825	0.01191	0.01374	0.02016	0.01283	0.03848	0.79934	0.00825	0.01374	0.00550	0.00275	0.00458
43	0.12079	0.00926	0.01163	0.00903	0.01292	0.00858	0.00746	0.07494	0.01463	0.64881	0.01816	0.01604	0.01159	0.00615	0.00492	0.00158	0.00441	0.00484	0.00589	0.00836
44	0.01055	0.00902	0.01057	0.00762	0.01208	0.00683	0.00609	0.01281	0.01057	0.01658	0.00925	0.01091	0.00775	0.00478	0.02633	0.00097	0.00408	0.00311	0.00303	0.82707
45	0.08764	0.01375	0.01555	0.01191	0.01600	0.01502	0.06131	0.61871	0.03824	0.02980	0.01186	0.01220	0.00852	0.00587	0.00500	0.00154	0.00563	0.00455	0.00474	0.03218
46	0.00632	0.00452	0.00601	0.00710	0.00746	0.00421	0.00477	0.00731	0.01013	0.01359	0.07830	0.76490	0.03489	0.01571	0.00652	0.00205	0.00294	0.01424	0.00482	0.00421
47	0.00636	0.00461	0.00589	0.00680	0.00726	0.00427	0.00455	0.00730	0.01006	0.01328	0.06334	0.64373	0.11327	0.07382	0.00790	0.00224	0.00306	0.01344	0.00468	0.00414
48	0.01336	0.01286	0.02074	0.02897	0.66685	0.04011	0.05556	0.06768	0.01266	0.01767	0.00981	0.01261	0.00810	0.00469	0.00512	0.00153	0.00631	0.00461	0.00272	0.00803
49	0.01850	0.01387	0.01483	0.01160	0.01553	0.01544	0.00951	0.65927	0.13706	0.03071	0.01360	0.01334	0.00976	0.00628	0.00515	0.00157	0.00541	0.00480	0.00515	0.00864
50	0.00727	0.00493	0.00562	0.00576	0.00585	0.00486	0.00332	0.00742	0.00788	0.01045	0.01884	0.12212	0.04846	0.69982	0.02318	0.00453	0.00466	0.00839	0.00336	0.00327
51	0.01051	0.00595	0.00741	0.00705	0.00886	0.00528	0.00539	0.01206	0.01220	0.19936	0.11708	0.19464	0.27695	0.04017	0.00674	0.00192	0.00334	0.07452	0.00518	0.00539
52	0.01176	0.01346	0.06483	0.14185	0.17262	0.01253	0.47373	0.01579	0.01169	0.01599	0.00999	0.01345	0.00764	0.00452	0.00567	0.00168	0.00784	0.00543	0.00252	0.00700
53	0.00906	0.00598	0.00832	0.00921	0.01051	0.00587	0.00792	0.01131	0.01192	0.06527	0.04318	0.10499	0.02915	0.01372	0.00691	0.00228	0.00454	0.64007	0.00485	0.00495
54	0.85592	0.00992	0.00754	0.00675	0.00992	0.01151	0.00556	0.01508	0.00873	0.02302	0.00714	0.00834	0.00556	0.00476	0.00318	0.00159	0.00397	0.00278	0.00318	0.00556
55	0.01122	0.00881	0.01038	0.00756	0.01177	0.00676	0.00597	0.01332	0.01068	0.06612	0.01032	0.01265	0.00869	0.05988	0.00542	0.00110	0.00392	0.00348	0.00326	0.73869
56	0.01170	0.01251	0.02553	0.10907	0.16312	0.01221	0.50194	0.01557	0.01181	0.01606	0.01119	0.01645	0.00914	0.00509	0.00585	0.00173	0.00774	0.05373	0.00269	0.00686
57	0.79664	0.01012	0.00796	0.00706	0.01025	0.01171	0.00580	0.04203	0.03658	0.02329	0.00781	0.00886	0.00603	0.00489	0.00332	0.00159	0.00403	0.00295	0.00332	0.00576

[dist]
# distance from previous block
# <min> <max>
0	2

[block]
# block no. 3 follows, 48 sequences, length 164
# corresponding to MSA columns:
# 307-354,356-471
name=unknown_D
#
# <colnr> <probs for GDERKNQSTAVLIFYWHMCP>
#	G	D	E	R	K	N	Q	S	T	A	V	L	I	F	Y	W	H	M	C	P
0	0.75441	0.01060	0.00844	0.06332	0.01201	0.05108	0.00639	0.01522	0.00913	0.02180	0.00732	0.00876	0.00570	0.00482	0.00339	0.00158	0.00444	0.00293	0.00309	0.00559
1	0.02201	0.00907	0.01202	0.00918	0.01319	0.00796	0.00757	0.06530	0.01494	0.69842	0.01907	0.01673	0.01215	0.00617	0.00507	0.00153	0.00440	0.00499	0.00607	0.06417
2	0.05051	0.01218	0.01201	0.01056	0.01361	0.06468	0.00826	0.10627	0.59816	0.02203	0.01828	0.01712	0.01372	0.00661	0.00506	0.00167	0.00456	0.00532	0.00491	0.02448
3	0.01253	0.01209	0.02084	0.07018	0.72690	0.01218	0.03841	0.01564	0.01162	0.01657	0.00965	0.01278	0.00805	0.00459	0.00511	0.00154	0.00621	0.00462	0.00253	0.00797
4	0.00625	0.00447	0.00595	0.00714	0.00744	0.00417	0.00476	0.00714	0.00982	0.01310	0.02828	0.81633	0.03394	0.01608	0.00655	0.00208	0.00298	0.01459	0.00476	0.00417
5	0.00624	0.00451	0.00590	0.00702	0.00741	0.00418	0.00471	0.00716	0.00995	0.01315	0.02984	0.76585	0.08340	0.01587	0.00652	0.00206	0.00295	0.01434	0.00476	0.00418
6	0.14476	0.00934	0.01430	0.65622	0.05399	0.01144	0.01291	0.01350	0.01006	0.01480	0.00882	0.01280	0.00667	0.00505	0.00482	0.00168	0.00636	0.00428	0.00243	0.00575
7	0.01064	0.00912	0.01064	0.00760	0.01216	0.00684	0.00608	0.01292	0.01064	0.01672	0.00912	0.01064	0.00760	0.00380	0.00380	0.00076	0.00380	0.00304	0.00304	0.85104
8	0.00746	0.00497	0.00560	0.00560	0.00560	0.00497	0.00311	0.00746	0.00746	0.00995	0.01617	0.03358	0.01865	0.81967	0.02612	0.00497	0.00497	0.00746	0.00311	0.00311
9	0.01891	0.01416	0.01589	0.01243	0.02935	0.01555	0.03758	0.71795	0.02325	0.03118	0.01246	0.02514	0.00908	0.00622	0.00519	0.00156	0.00572	0.00483	0.00499	0.00858
10	0.01060	0.11572	0.64882	0.01382	0.02069	0.01259	0.03983	0.01587	0.01099	0.01597	0.04271	0.01182	0.00837	0.00505	0.00478	0.00157	0.00715	0.00398	0.00233	0.00733
11	0.00615	0.00517	0.00534	0.00537	0.00700	0.00436	0.00400	0.00751	0.01180	0.01427	0.09919	0.08198	0.70441	0.01296	0.00608	0.00174	0.00260	0.01089	0.00482	0.00436
12	0.00687	0.00517	0.00640	0.00657	0.00776	0.00470	0.00496	0.00870	0.01260	0.01681	0.36278	0.18247	0.24589	0.01259	0.00626	0.00182	0.00283	0.09512	0.00514	0.00457
13	0.01372	0.82276	0.02689	0.00878	0.01317	0.02030	0.00878	0.01536	0.01043	0.01207	0.00713	0.00823	0.00658	0.00439	0.00329	0.00110	0.00549	0.00274	0.00219	0.00658
14	0.01885	0.04588	0.06685	0.01174	0.01608	0.01540	0.01021	0.65450	0.02225	0.06864	0.01231	0.01232	0.00870	0.00602	0.00505	0.00153	0.00570	0.00452	0.00489	0.00857
15	0.00631	0.00453	0.00600	0.00706	0.00745	0.00422	0.00475	0.00732	0.01017	0.01360	0.07851	0.75104	0.04869	0.01565	0.00651	0.00205	0.00293	0.01417	0.00482	0.00422
16	0.29611	0.05575	0.44374	0.01194	0.01767	0.03342	0.04249	0.01594	0.01026	0.01826	0.00843	0.00995	0.00624	0.00481	0.00427	0.00158	0.00636	0.00348	0.00254	0.00679
17	0.00627	0.00470	0.00583	0.00662	0.00733	0.00425	0.00456	0.00737	0.01059	0.01378	0.08387	0.57759	0.21868	0.01495	0.00640	0.00197	0.00285	0.01332	0.00482	0.00425
18	0.01247	0.01225	0.03423	0.08013	0.72658	0.01214	0.01571	0.01559	0.01158	0.01652	0.00961	0.01273	0.00802	0.00461	0.00508	0.00154	0.00617	0.00456	0.00252	0.00796
19	0.01548	0.53798	0.02251	0.01037	0.01407	0.27983	0.00921	0.01700	0.01174	0.01224	0.00739	0.00864	0.00660	0.00479	0.00405	0.00120	0.02522	0.00297	0.00235	0.00635
20	0.01109	0.00964	0.01212	0.00869	0.01327	0.00761	0.05644	0.04352	0.01128	0.01733	0.00933	0.01092	0.00766	0.00393	0.00400	0.00086	0.00419	0.00330	0.00309	0.76173
21	0.00746	0.00497	0.00560	0.00560	0.00560	0.00497	0.00311	0.00746	0.00746	0.00995	0.01617	0.03358	0.01865	0.81967	0.02612	0.00497	0.00497	0.00746	0.00311	0.00311
22	0.00640	0.00515	0.00570	0.00569	0.00717	0.00445	0.00422	0.00796	0.01229	0.01557	0.24372	0.10815	0.53037	0.01258	0.00610	0.00173	0.00258	0.01072	0.00500	0.00445
23	0.00969	0.00912	0.01539	0.80734	0.03534	0.01140	0.01425	0.01311	0.01026	0.01311	0.00912	0.01368	0.00684	0.00513	0.00513	0.00171	0.00684	0.00456	0.00228	0.00570
24	0.01917	0.02445	0.01454	0.01322	0.01586	0.79907	0.00991	0.02049	0.01454	0.01256	0.00793	0.00925	0.00661	0.00529	0.00463	0.00132	0.00925	0.00330	0.00264	0.00595
25	0.00891	0.00446	0.00668	0.00668	0.00668	0.00446	0.00446	0.00668	0.00668	0.00891	0.00891	0.01560	0.00891	0.01783	0.02005	0.85071	0.00446	0.00446	0.00223	0.00223
26	0.00671	0.00509	0.00619	0.00625	0.00744	0.00457	0.00459	0.00849	0.01269	0.01695	0.39758	0.19276	0.27476	0.01241	0.00617	0.00175	0.00262	0.02323	0.00519	0.00455
27	0.01372	0.82276	0.02689	0.00878	0.01317	0.02030	0.00878	0.01536	0.01043	0.01207	0.00713	0.00823	0.00658	0.00439	0.00329	0.00110	0.00549	0.00274	0.00219	0.00658
28	0.00625	0.00447	0.00595	0.00714	0.00744	0.00417	0.00476	0.00714	0.00982	0.01310	0.02828	0.81633	0.03394	0.01608	0.00655	0.00208	0.00298	0.01459	0.00476	0.00417
29	0.00629	0.00449	0.00600	0.00719	0.00750	0.00420	0.00483	0.00721	0.00986	0.01314	0.02826	0.80161	0.03385	0.01604	0.00656	0.00209	0.00301	0.02892	0.00476	0.00418
30	0.01810	0.00933	0.01104	0.00871	0.01206	0.00913	0.00710	0.22633	0.01611	0.35240	0.01664	0.01612	0.01146	0.00608	0.00469	0.00144	0.00420	0.00481	0.21417	0.05008
31	0.00746	0.00497	0.00560	0.00560	0.00560	0.00497	0.00311	0.00746	0.00746	0.00995	0.01617	0.03358	0.01865	0.81967	0.02612	0.00497	0.00497	0.00746	0.00311	0.00311
32	0.00638	0.00456	0.00611	0.00730	0.00765	0.00428	0.00499	0.00737	0.00995	0.01325	0.02821	0.76641	0.03365	0.01595	0.00658	0.00210	0.00309	0.06319	0.00476	0.00420
33	0.00625	0.00447	0.00595	0.00714	0.00744	0.00417	0.00476	0.00714	0.00982	0.01310	0.02828	0.81633	0.03394	0.01608	0.00655	0.00208	0.00298	0.01459	0.00476	0.00417
34	0.02236	0.00979	0.01256	0.00963	0.01362	0.00911	0.00795	0.16436	0.01645	0.64937	0.01876	0.01650	0.01196	0.00631	0.00515	0.00158	0.00461	0.00506	0.00612	0.00873
35	0.85592	0.00992	0.00754	0.00675	0.00992	0.01151	0.00556	0.01508	0.00873	0.02302	0.00714	0.00834	0.00556	0.00476	0.00318	0.00159	0.00397	0.00278	0.00318	0.00556
36	0.00714	0.00515	0.00675	0.00654	0.00764	0.00476	0.00483	0.00939	0.01398	0.01971	0.69714	0.12862	0.04673	0.01114	0.00611	0.00167	0.00249	0.00990	0.00555	0.00476
37	0.01270	0.01219	0.02083	0.03149	0.78767	0.01219	0.01575	0.01575	0.01168	0.01676	0.00965	0.01270	0.00813	0.00457	0.00508	0.00152	0.00610	0.00457	0.00254	0.00813
38	0.01930	0.01281	0.01420	0.01109	0.01501	0.01383	0.00910	0.52335	0.12344	0.18102	0.01504	0.01425	0.01044	0.00630	0.00515	0.00158	0.00518	0.00489	0.00539	0.00865
39	0.01636	0.43618	0.02091	0.01093	0.01447	0.39742	0.00933	0.01785	0.01242	0.01231	0.00752	0.00873	0.00660	0.00482	0.00394	0.00121	0.00731	0.00302	0.00241	0.00628
40	0.71605	0.01019	0.00856	0.00737	0.01069	0.01154	0.00607	0.07825	0.01051	0.08915	0.00869	0.00944	0.00643	0.00501	0.00351	0.00158	0.00414	0.00313	0.00361	0.00609
41	0.00972	0.00692	0.00765	0.00701	0.00919	0.00666	0.00540	0.01420	0.18303	0.10812	0.14672	0.03730	0.41722	0.01051	0.00577	0.00170	0.00311	0.00882	0.00518	0.00577
42	0.00624	0.00450	0.00592	0.00705	0.00742	0.00418	0.00472	0.00716	0.00992	0.01314	0.02946	0.77803	0.07147	0.01592	0.00652	0.00207	0.00296	0.01440	0.00476	0.00418
43	0.02022	0.01322	0.01469	0.01126	0.01534	0.01421	0.00930	0.61870	0.02220	0.18691	0.01393	0.01337	0.00954	0.00620	0.00514	0.00155	0.00539	0.00473	0.00538	0.00873
44	0.02302	0.00873	0.01191	0.00913	0.01310	0.00754	0.00754	0.02501	0.01469	0.79122	0.02024	0.01746	0.01270	0.00635	0.00516	0.00159	0.00437	0.00516	0.00635	0.00873
45	0.01029	0.02654	0.79309	0.01462	0.02221	0.01192	0.01896	0.01625	0.01083	0.01625	0.00921	0.01083	0.00650	0.00487	0.00487	0.00162	0.00758	0.00379	0.00217	0.00758
46	0.00796	0.00574	0.00785	0.00872	0.00992	0.00563	0.00744	0.01025	0.01220	0.01607	0.14930	0.06773	0.07037	0.01356	0.00686	0.00221	0.00422	0.58436	0.00487	0.00471
47	0.00691	0.00523	0.00637	0.00609	0.00745	0.00469	0.00457	0.00901	0.01370	0.01862	0.57095	0.04156	0.26365	0.01122	0.00606	0.00165	0.00247	0.00973	0.00539	0.00469
48	0.00733	0.00550	0.00825	0.00825	0.00916	0.00641	0.00641	0.00916	0.00825	0.01191	0.01374	0.02016	0.01283	0.03848	0.79934	0.00825	0.01374	0.00550	0.00275	0.00458
49	0.00827	0.00591	0.00827	0.00945	0.01063	0.00591	0.00827	0.01063	0.01181	0.01536	0.02717	0.05788	0.02953	0.01417	0.00709	0.00236	0.00472	0.75313	0.00472	0.00472
50	0.00741	0.00495	0.00561	0.00566	0.00568	0.00494	0.00318	0.00745	0.00756	0.01009	0.01670	0.06779	0.01932	0.78455	0.02526	0.00485	0.00489	0.00777	0.00318	0.00316
51	0.11346	0.00977	0.01199	0.00930	0.01320	0.00932	0.00768	0.14395	0.01556	0.58511	0.01754	0.01564	0.01128	0.00615	0.00494	0.00158	0.00453	0.00481	0.00581	0.00838
52	0.01029	0.02654	0.79309	0.01462	0.02221	0.01192	0.01896	0.01625	0.01083	0.01625	0.00921	0.01083	0.00650	0.00487	0.00487	0.00162	0.00758	0.00379	0.00217	0.00758
53	0.00891	0.00446	0.00668	0.00668	0.00668	0.00446	0.00446	0.00668	0.00668	0.00891	0.00891	0.01560	0.00891	0.01783	0.02005	0.85071	0.00446	0.00446	0.00223	0.00223
54	0.00733	0.00548	0.00817	0.00817	0.00906	0.00637	0.00632	0.00912	0.00822	0.01186	0.01381	0.02053	0.01299	0.05989	0.77815	0.00816	0.01350	0.00555	0.00276	0.00454
55	0.01266	0.01230	0.02145	0.03085	0.73759	0.01224	0.06532	0.01579	0.01171	0.01674	0.00970	0.01277	0.00811	0.00456	0.00514	0.00154	0.00626	0.00467	0.00254	0.00805
