[name]
unknown

[dist]
# distance from previous block
# <min> <max>
31	157

[block]
# block no. 0 follows, 43 sequences, length 14
# corresponding to MSA columns:
# 227-240
name=unknown_A
#
# <colnr> <probs for GDERKNQSTAVLIFYWHMCP>
#	G	D	E	R	K	N	Q	S	T	A	V	L	I	F	Y	W	H	M	C	P
0	0.06472	0.25456	0.13567	0.01161	0.04064	0.06877	0.01064	0.05860	0.05703	0.09146	0.04473	0.06956	0.03443	0.00695	0.00526	0.00161	0.02744	0.00530	0.00371	0.00731
1	0.01230	0.01285	0.06863	0.09853	0.16159	0.06248	0.10571	0.04281	0.06217	0.01885	0.14090	0.01991	0.03586	0.00675	0.00598	0.00168	0.02868	0.00602	0.04897	0.05934
2	0.03415	0.02970	0.07126	0.02816	0.03314	0.04085	0.02022	0.15881	0.03338	0.05854	0.04858	0.05311	0.05535	0.01083	0.08123	0.00235	0.05583	0.00592	0.12544	0.05316
3	0.01965	0.00863	0.01137	0.00918	0.01260	0.00775	0.00740	0.04725	0.03618	0.52164	0.16759	0.05770	0.05099	0.00845	0.00586	0.00175	0.00421	0.00710	0.00649	0.00820
4	0.06055	0.05893	0.01062	0.00891	0.01102	0.04057	0.00683	0.12358	0.05786	0.06180	0.08512	0.29993	0.08504	0.03890	0.00681	0.00202	0.00434	0.02606	0.00497	0.00614
5	0.01168	0.10440	0.18753	0.01617	0.16309	0.04545	0.04084	0.01536	0.04091	0.01601	0.01517	0.04661	0.01461	0.09673	0.03609	0.00247	0.00685	0.12994	0.00328	0.00681
6	0.00831	0.00582	0.00697	0.00662	0.00822	0.00517	0.00494	0.01029	0.01410	0.06203	0.40904	0.06967	0.31206	0.04323	0.00734	0.00195	0.00293	0.01049	0.00565	0.00517
7	0.01187	0.01351	0.05682	0.01936	0.02359	0.01272	0.51146	0.01567	0.01233	0.01702	0.05010	0.11046	0.01376	0.00711	0.00786	0.00197	0.09681	0.00752	0.00318	0.00687
8	0.01762	0.02066	0.03837	0.09808	0.12615	0.45778	0.01207	0.02143	0.10477	0.03508	0.01103	0.01258	0.00874	0.00581	0.00522	0.00157	0.00837	0.00430	0.00322	0.00714
9	0.00717	0.00556	0.00653	0.00689	0.00813	0.00505	0.00500	0.00905	0.03313	0.01613	0.16584	0.29412	0.33888	0.03186	0.00721	0.00208	0.00311	0.04418	0.00528	0.00481
10	0.00690	0.00501	0.00646	0.00750	0.00803	0.00465	0.00511	0.00799	0.01097	0.01448	0.06105	0.63937	0.10820	0.05025	0.00792	0.00234	0.00331	0.04085	0.00510	0.00452
11	0.01376	0.01353	0.02134	0.06521	0.66742	0.05777	0.01620	0.01692	0.01259	0.01747	0.01044	0.01383	0.00880	0.00632	0.03339	0.00190	0.00711	0.00489	0.00274	0.00838
12	0.01613	0.01571	0.04395	0.01282	0.04457	0.18433	0.02854	0.24560	0.09288	0.02142	0.01502	0.03910	0.03748	0.11148	0.00893	0.00215	0.03766	0.00567	0.00415	0.03240
13	0.01190	0.01211	0.07319	0.12919	0.05184	0.06537	0.01083	0.04245	0.03542	0.03838	0.01579	0.07319	0.06364	0.07006	0.05072	0.00257	0.20517	0.00632	0.03565	0.00621

[dist]
# distance from previous block
# <min> <max>
2	6

[block]
# block no. 1 follows, 43 sequences, length 43
# corresponding to MSA columns:
# 247-289
name=unknown_B
#
# <colnr> <probs for GDERKNQSTAVLIFYWHMCP>
#	G	D	E	R	K	N	Q	S	T	A	V	L	I	F	Y	W	H	M	C	P
0	0.01385	0.06743	0.03033	0.03600	0.04699	0.09443	0.00893	0.10931	0.16995	0.04154	0.15443	0.03754	0.03958	0.00756	0.00545	0.00160	0.00517	0.01700	0.00460	0.10829
1	0.05088	0.05680	0.30326	0.03939	0.05168	0.02974	0.04111	0.15927	0.04837	0.09260	0.01277	0.01388	0.02019	0.00656	0.01695	0.00184	0.03817	0.00471	0.00368	0.00813
2	0.01232	0.23391	0.43557	0.01556	0.06348	0.01512	0.08182	0.01701	0.01179	0.01634	0.01030	0.01350	0.00832	0.00548	0.00503	0.00164	0.00746	0.03505	0.00253	0.00774
3	0.00692	0.00554	0.00622	0.00663	0.00795	0.00495	0.00475	0.00871	0.03776	0.01525	0.07585	0.32514	0.44483	0.01490	0.00670	0.00200	0.00300	0.01291	0.00520	0.00477
4	0.08779	0.03376	0.47346	0.01359	0.03736	0.01201	0.01529	0.03579	0.01167	0.04908	0.03512	0.01510	0.01004	0.08205	0.00791	0.00209	0.04451	0.00467	0.00296	0.02575
5	0.04208	0.04894	0.05045	0.27453	0.13099	0.01298	0.13238	0.07327	0.04242	0.01771	0.01243	0.04207	0.01058	0.03161	0.00662	0.00193	0.02236	0.03646	0.00317	0.00703
6	0.01987	0.03071	0.01236	0.03873	0.01397	0.00883	0.00791	0.09154	0.01603	0.49406	0.07248	0.02446	0.12795	0.00808	0.00572	0.00172	0.00456	0.00661	0.00614	0.00826
7	0.00674	0.00485	0.00639	0.00763	0.00801	0.00451	0.00510	0.00772	0.01068	0.01417	0.03154	0.77211	0.06561	0.01722	0.00705	0.00223	0.00320	0.01558	0.00514	0.00451
8	0.04914	0.33212	0.04342	0.08573	0.01768	0.24199	0.01075	0.06077	0.04137	0.01555	0.00908	0.01072	0.00760	0.00560	0.00516	0.00147	0.04832	0.00370	0.00287	0.00695
9	0.01286	0.02624	0.05265	0.11696	0.19484	0.04721	0.33052	0.03988	0.01295	0.01733	0.01249	0.08662	0.01087	0.00614	0.00603	0.00181	0.00774	0.00650	0.00303	0.00737
10	0.01052	0.00600	0.00627	0.00602	0.00725	0.00614	0.00432	0.05917	0.02804	0.01934	0.01799	0.03982	0.01570	0.17855	0.00931	0.00222	0.00346	0.00602	0.56875	0.00511
11	0.30332	0.02767	0.07717	0.04444	0.06025	0.14438	0.02039	0.06082	0.01326	0.15637	0.02393	0.01272	0.00902	0.00576	0.00467	0.00165	0.00608	0.00416	0.01667	0.00725
12	0.02807	0.04076	0.04029	0.00777	0.00954	0.02778	0.00601	0.05194	0.01244	0.01656	0.13508	0.23636	0.18545	0.13806	0.00969	0.00241	0.00410	0.01019	0.00462	0.03288
13	0.04656	0.07145	0.11715	0.03487	0.06129	0.03008	0.04764	0.09597	0.20678	0.04224	0.06193	0.01944	0.07237	0.00730	0.00633	0.00178	0.05913	0.00584	0.00421	0.00765
14	0.00740	0.00542	0.00711	0.00806	0.00890	0.00503	0.00590	0.00883	0.01138	0.01511	0.05512	0.54244	0.08721	0.01596	0.00701	0.00221	0.00358	0.15908	0.00509	0.03916
15	0.01705	0.14206	0.01676	0.01191	0.01557	0.15742	0.00968	0.20848	0.31926	0.02275	0.01528	0.01497	0.01166	0.00652	0.00516	0.00163	0.00609	0.00492	0.00458	0.00824
16	0.01182	0.14472	0.58893	0.01533	0.04551	0.01451	0.01813	0.01709	0.01144	0.01659	0.00944	0.01136	0.00710	0.00547	0.00588	0.00171	0.06071	0.00400	0.00236	0.00790
17	0.08449	0.51704	0.16460	0.01095	0.01596	0.07716	0.01138	0.01707	0.01145	0.01491	0.00817	0.00958	0.00700	0.00507	0.00434	0.00138	0.02654	0.00327	0.00249	0.00713
18	0.00773	0.00552	0.00697	0.00753	0.00820	0.00529	0.00517	0.03636	0.01178	0.01588	0.15542	0.48167	0.05496	0.13698	0.01017	0.00262	0.00360	0.03444	0.00504	0.00466
19	0.00842	0.00585	0.00723	0.00677	0.00838	0.00524	0.00512	0.01069	0.01488	0.06136	0.53892	0.04330	0.23960	0.01179	0.00648	0.00177	0.00278	0.01022	0.00589	0.00531
20	0.00710	0.00521	0.00664	0.00756	0.00817	0.00492	0.00515	0.00871	0.03692	0.01508	0.09223	0.63224	0.09480	0.03799	0.00752	0.00225	0.00323	0.01442	0.00519	0.00469
21	0.04750	0.18316	0.11867	0.03423	0.12547	0.17551	0.09908	0.02761	0.03264	0.01640	0.03451	0.04616	0.01043	0.00599	0.00531	0.00160	0.02064	0.00489	0.00298	0.00720
22	0.00780	0.00566	0.00736	0.00706	0.00836	0.00523	0.00532	0.01032	0.01531	0.02149	0.69206	0.06307	0.07949	0.01174	0.00659	0.00179	0.00273	0.03745	0.00600	0.00518
23	0.00688	0.00500	0.00650	0.00745	0.00802	0.00461	0.00508	0.00810	0.01145	0.01530	0.13306	0.63999	0.09555	0.01627	0.00696	0.00215	0.00310	0.01465	0.00527	0.00461
24	0.01406	0.01582	0.04998	0.24486	0.15333	0.16150	0.19561	0.04255	0.01317	0.01640	0.01007	0.01346	0.00787	0.00541	0.00606	0.00175	0.03315	0.00503	0.00277	0.00716
25	0.01091	0.00996	0.01677	0.60709	0.15200	0.01182	0.01477	0.01403	0.01100	0.01440	0.00992	0.01477	0.00779	0.00657	0.00685	0.07063	0.00704	0.00491	0.00250	0.00626
26	0.01340	0.01452	0.01821	0.01524	0.01656	0.15063	0.11263	0.01515	0.01047	0.01398	0.00911	0.03780	0.00862	0.00992	0.04694	0.00245	0.49024	0.00525	0.00266	0.00622
27	0.01086	0.01052	0.01677	0.70965	0.03599	0.04263	0.03837	0.01445	0.01148	0.01452	0.03592	0.01550	0.00895	0.00572	0.00558	0.00183	0.00738	0.00510	0.00261	0.00617
28	0.02049	0.01507	0.01616	0.01245	0.01669	0.01667	0.01022	0.72021	0.02526	0.03386	0.01348	0.01429	0.00988	0.04113	0.00652	0.00182	0.00606	0.00512	0.00545	0.00916
29	0.01558	0.65126	0.05868	0.01051	0.01509	0.14246	0.01014	0.01750	0.01198	0.01331	0.00793	0.00918	0.00711	0.00491	0.00386	0.00125	0.00666	0.00311	0.00244	0.00704
30	0.00955	0.00485	0.00728	0.00728	0.00732	0.00489	0.00489	0.00732	0.00728	0.00975	0.00983	0.01703	0.00979	0.02012	0.05187	0.80593	0.00521	0.00485	0.00243	0.00251
31	0.01303	0.01354	0.05537	0.14540	0.54159	0.01312	0.10327	0.01668	0.01240	0.01744	0.01040	0.01392	0.00845	0.00501	0.00561	0.00171	0.00709	0.00508	0.00269	0.00820
32	0.01280	0.00961	0.01125	0.00874	0.01262	0.00831	0.00691	0.12435	0.01436	0.06973	0.09790	0.09292	0.03679	0.00700	0.00503	0.00127	0.00416	0.00586	0.00439	0.46601
33	0.02456	0.00990	0.01314	0.01008	0.01437	0.00884	0.00832	0.08299	0.01664	0.71754	0.02119	0.01842	0.01338	0.00684	0.00557	0.00171	0.00482	0.00552	0.00675	0.00942
34	0.00790	0.00592	0.00806	0.00832	0.00881	0.00653	0.00598	0.00907	0.00931	0.01291	0.02024	0.27707	0.02252	0.20185	0.28941	0.00534	0.06689	0.02555	0.00376	0.00453
35	0.02693	0.00919	0.01163	0.00992	0.01255	0.00935	0.06217	0.10468	0.16434	0.11116	0.13735	0.11380	0.12562	0.06647	0.00767	0.00210	0.00445	0.00847	0.00531	0.00683
36	0.00786	0.00529	0.00610	0.00629	0.00634	0.00524	0.00362	0.00800	0.00843	0.01125	0.01940	0.15046	0.02260	0.68779	0.02504	0.00490	0.00505	0.00920	0.00362	0.00353
37	0.00947	0.00650	0.00731	0.00689	0.00741	0.00672	0.00428	0.08962	0.01006	0.01347	0.01689	0.03316	0.01871	0.68757	0.05571	0.00510	0.00582	0.00763	0.00358	0.00408
38	0.01658	0.01948	0.06248	0.06395	0.17055	0.32109	0.12391	0.07104	0.06516	0.01748	0.01075	0.01279	0.00848	0.00555	0.00545	0.00163	0.00831	0.00467	0.00315	0.00750
39	0.00919	0.00481	0.00710	0.00729	0.00734	0.00476	0.00486	0.00729	0.00772	0.01029	0.01274	0.13395	0.01365	0.01896	0.01947	0.71404	0.00457	0.00644	0.00281	0.00272
40	0.01429	0.00745	0.00951	0.00807	0.01065	0.00675	0.00636	0.05128	0.01580	0.28716	0.36907	0.03376	0.13703	0.00990	0.00615	0.00175	0.00355	0.00844	0.00620	0.00683
41	0.01655	0.01112	0.01349	0.08580	0.05200	0.01180	0.00932	0.31357	0.04634	0.14436	0.05743	0.09406	0.04572	0.04202	0.00670	0.00191	0.00524	0.00681	0.02796	0.00780
42	0.11733	0.01295	0.02872	0.16147	0.25553	0.07739	0.04203	0.03436	0.08050	0.06872	0.01293	0.01699	0.01050	0.00617	0.00539	0.00176	0.00644	0.04978	0.00352	0.00752

[dist]
# distance from previous block
# <min> <max>
1	6

[block]
# block no. 2 follows, 43 sequences, length 33
# corresponding to MSA columns:
# 296-328
name=unknown_C
#
# <colnr> <probs for GDERKNQSTAVLIFYWHMCP>
#	G	D	E	R	K	N	Q	S	T	A	V	L	I	F	Y	W	H	M	C	P
0	0.38416	0.06841	0.03697	0.05654	0.06149	0.06799	0.04040	0.03301	0.01195	0.06153	0.08636	0.02979	0.01246	0.00616	0.00455	0.00167	0.00532	0.00464	0.02004	0.00656
1	0.00912	0.00713	0.00928	0.00897	0.01014	0.03175	0.00691	0.04811	0.01028	0.01440	0.03789	0.02303	0.03272	0.08798	0.58794	0.00733	0.03083	0.00617	0.02488	0.00514
2	0.01614	0.01221	0.05435	0.01146	0.03512	0.02651	0.00918	0.25673	0.13571	0.13874	0.01981	0.14154	0.03252	0.04934	0.00697	0.00200	0.00521	0.02174	0.00523	0.01952
3	0.01166	0.01006	0.01260	0.01031	0.01300	0.01042	0.00828	0.07235	0.01161	0.01731	0.01251	0.09795	0.01220	0.02496	0.03703	0.00191	0.22293	0.02695	0.00347	0.38249
4	0.53033	0.01376	0.05284	0.02649	0.05662	0.06718	0.00873	0.14872	0.01318	0.02487	0.00909	0.01037	0.00693	0.00545	0.00417	0.00169	0.00541	0.00360	0.00365	0.00692
5	0.01712	0.01276	0.01372	0.01103	0.01463	0.01393	0.00887	0.45869	0.15030	0.02852	0.01724	0.01785	0.05000	0.03254	0.00673	0.03198	0.00525	0.00558	0.05834	0.04493
6	0.21993	0.11483	0.04061	0.21218	0.05789	0.03535	0.01042	0.04554	0.01196	0.04082	0.05975	0.04364	0.01189	0.00644	0.00508	0.00169	0.02017	0.02181	0.00339	0.03661
7	0.01399	0.00844	0.01021	0.00867	0.01125	0.00828	0.00683	0.14574	0.04996	0.18319	0.35797	0.04875	0.08289	0.00958	0.00606	0.00174	0.00378	0.00814	0.02760	0.00696
8	0.00810	0.00596	0.00843	0.00840	0.00916	0.00681	0.00628	0.00968	0.00888	0.01278	0.01574	0.05209	0.01561	0.17665	0.57022	0.00758	0.03654	0.00661	0.02980	0.00468
9	0.01973	0.02439	0.01526	0.01385	0.01675	0.67671	0.01043	0.02313	0.11876	0.01488	0.01049	0.01146	0.00849	0.00596	0.00508	0.00149	0.00921	0.00394	0.00324	0.00675
10	0.01143	0.02628	0.68533	0.01579	0.04980	0.01232	0.01915	0.01741	0.01206	0.04002	0.05140	0.01358	0.00973	0.00563	0.00535	0.00175	0.00772	0.00449	0.00269	0.00808
11	0.00744	0.00589	0.00686	0.00730	0.00894	0.00530	0.00594	0.00930	0.01277	0.01577	0.06928	0.05621	0.48082	0.01440	0.00694	0.00211	0.00362	0.27110	0.00516	0.00485
12	0.00673	0.00490	0.00634	0.00750	0.00798	0.00452	0.00505	0.00774	0.01081	0.01422	0.03315	0.72502	0.11167	0.01701	0.00702	0.00221	0.00317	0.01533	0.00514	0.00452
13	0.05728	0.71585	0.04245	0.00972	0.01437	0.05669	0.00958	0.01685	0.01138	0.01375	0.00779	0.00900	0.00705	0.00481	0.00365	0.00123	0.00607	0.00301	0.00244	0.00704
14	0.00703	0.00583	0.00618	0.00609	0.00788	0.00509	0.00456	0.00914	0.04011	0.01647	0.17517	0.06577	0.60452	0.01340	0.00652	0.00186	0.00284	0.01129	0.00532	0.00491
15	0.00675	0.00482	0.00643	0.00771	0.00803	0.00450	0.00514	0.00771	0.01060	0.01414	0.03053	0.80175	0.03663	0.01735	0.00707	0.00225	0.00321	0.01574	0.00514	0.00450
16	0.84448	0.01071	0.00814	0.00728	0.01071	0.01242	0.00600	0.01628	0.00943	0.02485	0.00771	0.00900	0.00600	0.00514	0.00343	0.00171	0.00428	0.00300	0.00343	0.00600
17	0.01183	0.01124	0.01909	0.47171	0.34776	0.01267	0.01606	0.01535	0.01172	0.01582	0.01009	0.01432	0.00797	0.00528	0.00551	0.00176	0.00704	0.00493	0.00258	0.00726
18	0.01063	0.00698	0.00948	0.01020	0.01182	0.00696	0.00879	0.03717	0.02813	0.07808	0.02810	0.08022	0.02954	0.01425	0.00736	0.00243	0.00503	0.61393	0.00527	0.00564
19	0.01257	0.01236	0.02038	0.31133	0.38515	0.03572	0.06012	0.01591	0.01190	0.01618	0.01000	0.01396	0.00809	0.00547	0.00636	0.00178	0.05764	0.00498	0.00262	0.00748
20	0.01150	0.01058	0.01834	0.58056	0.13721	0.01226	0.07643	0.01514	0.01159	0.03492	0.01058	0.01491	0.00802	0.00544	0.00557	0.00180	0.00723	0.00508	0.02616	0.00668
21	0.00785	0.00541	0.00621	0.00619	0.00654	0.00526	0.00375	0.00836	0.00958	0.01280	0.12495	0.06600	0.08751	0.60118	0.02263	0.00446	0.00470	0.00891	0.00395	0.00377
22	0.06035	0.21002	0.25489	0.10605	0.07959	0.06467	0.07953	0.01683	0.01190	0.01634	0.03150	0.01243	0.00862	0.00537	0.00515	0.00162	0.02092	0.00429	0.00264	0.00731
23	0.01015	0.02239	0.56328	0.01401	0.02011	0.01101	0.03153	0.01514	0.01139	0.01665	0.01474	0.19742	0.01401	0.00819	0.00601	0.00189	0.02492	0.00690	0.00301	0.00726
24	0.00771	0.00547	0.00731	0.00829	0.00899	0.00528	0.00622	0.00926	0.01157	0.01542	0.10373	0.40399	0.03499	0.09540	0.00933	0.00261	0.00399	0.25074	0.00504	0.00466
25	0.02350	0.07964	0.03207	0.19286	0.02029	0.09901	0.03798	0.06705	0.08109	0.01643	0.03600	0.01555	0.03222	0.00784	0.00915	0.04724	0.18727	0.00509	0.00321	0.00652
26	0.01302	0.01449	0.03047	0.04211	0.09965	0.01404	0.62274	0.01734	0.01273	0.01745	0.01088	0.01466	0.00835	0.00499	0.00704	0.00188	0.05163	0.00625	0.00277	0.00749
27	0.00768	0.00558	0.00728	0.00745	0.00848	0.00526	0.00543	0.01011	0.03453	0.01938	0.47791	0.29192	0.04540	0.01334	0.00672	0.00194	0.00295	0.03782	0.00573	0.00508
28	0.00752	0.00518	0.00630	0.00677	0.00699	0.00502	0.00420	0.00810	0.00963	0.01294	0.07930	0.33772	0.02905	0.43541	0.01825	0.00387	0.00431	0.01123	0.00427	0.00395
29	0.01416	0.68744	0.04910	0.01082	0.05511	0.02003	0.00991	0.01621	0.01164	0.01407	0.06021	0.01146	0.01030	0.00522	0.00391	0.00126	0.00580	0.00359	0.00264	0.00710
30	0.01116	0.06771	0.71577	0.01516	0.02299	0.01308	0.01942	0.01721	0.01170	0.01723	0.01119	0.01278	0.02954	0.00549	0.00521	0.00173	0.00791	0.00426	0.00242	0.00803
31	0.00836	0.00618	0.00814	0.00907	0.01047	0.00596	0.00775	0.01066	0.01283	0.01642	0.06191	0.05968	0.19587	0.01487	0.00736	0.00237	0.00450	0.54746	0.00515	0.00501
32	0.01694	0.01250	0.01402	0.02631	0.01530	0.01293	0.00889	0.43936	0.01968	0.05412	0.01357	0.03945	0.01089	0.04897	0.04858	0.00207	0.00596	0.00516	0.00474	0.20056

[dist]
# distance from previous block
# <min> <max>
3	10

[block]
# block no. 3 follows, 43 sequences, length 32
# corresponding to MSA columns:
# 339-370
name=unknown_D
#
# <colnr> <probs for GDERKNQSTAVLIFYWHMCP>
#	G	D	E	R	K	N	Q	S	T	A	V	L	I	F	Y	W	H	M	C	P
0	0.01285	0.11066	0.60059	0.01478	0.02197	0.08602	0.01797	0.01818	0.01216	0.04165	0.00996	0.01147	0.00726	0.00530	0.00507	0.00166	0.00800	0.00397	0.00254	0.00795
1	0.06462	0.01322	0.11441	0.37454	0.25352	0.01247	0.01547	0.01583	0.02921	0.01689	0.03171	0.01458	0.00916	0.00551	0.00538	0.00176	0.00684	0.00487	0.00277	0.00722
2	0.01313	0.01109	0.01196	0.01099	0.01388	0.01263	0.00869	0.04796	0.61806	0.02240	0.02422	0.02690	0.04271	0.00870	0.00592	0.00196	0.00448	0.10057	0.00555	0.00818
3	0.00797	0.00569	0.00767	0.00767	0.00823	0.00625	0.00538	0.00910	0.00854	0.01194	0.01596	0.02801	0.01656	0.37112	0.45754	0.00738	0.01075	0.00685	0.00313	0.00426
4	0.34503	0.04624	0.06327	0.06742	0.07239	0.01216	0.00955	0.07989	0.01310	0.22344	0.01245	0.01292	0.00876	0.00573	0.00461	0.00169	0.00527	0.00420	0.00428	0.00761
5	0.00753	0.00604	0.00677	0.00652	0.00825	0.00549	0.00491	0.01034	0.06240	0.01838	0.33731	0.04643	0.43460	0.01253	0.00648	0.00182	0.00283	0.01067	0.00555	0.00516
6	0.00707	0.00507	0.00671	0.00749	0.00810	0.00471	0.00517	0.00852	0.01210	0.01651	0.24740	0.57811	0.04123	0.01558	0.00691	0.00210	0.00304	0.01406	0.00542	0.00471
7	0.00707	0.00525	0.00662	0.00733	0.00821	0.00480	0.00524	0.00854	0.01212	0.01600	0.17531	0.45707	0.18461	0.01540	0.00690	0.00210	0.00315	0.06425	0.00532	0.00471
8	0.01872	0.02313	0.01607	0.10369	0.03881	0.61986	0.01150	0.02044	0.01457	0.01372	0.00866	0.01078	0.00721	0.00596	0.00602	0.00155	0.06625	0.00385	0.00277	0.00642
9	0.01046	0.00984	0.01661	0.79205	0.03814	0.01230	0.01538	0.01415	0.01107	0.01415	0.00984	0.01477	0.00738	0.00554	0.00554	0.00185	0.00738	0.00492	0.00246	0.00615
10	0.00794	0.00582	0.00833	0.00833	0.00912	0.00661	0.00621	0.00952	0.00873	0.01243	0.01536	0.02465	0.01510	0.19389	0.63278	0.00820	0.01295	0.00636	0.00304	0.00463
11	0.02319	0.00954	0.01267	0.00982	0.01387	0.00853	0.00807	0.07581	0.01654	0.66160	0.08261	0.02032	0.01658	0.00721	0.00565	0.00171	0.00464	0.00589	0.00670	0.00908
12	0.23147	0.01000	0.01182	0.00933	0.01340	0.00960	0.00770	0.05455	0.01466	0.55463	0.01793	0.01613	0.01158	0.00641	0.00503	0.00171	0.00466	0.00490	0.00594	0.00856
13	0.05456	0.03648	0.01322	0.00978	0.01402	0.00890	0.00812	0.02630	0.03412	0.70241	0.02087	0.01820	0.01328	0.00674	0.00542	0.00170	0.00473	0.00540	0.00655	0.00920
14	0.01223	0.04584	0.01747	0.01433	0.01453	0.01717	0.01201	0.01347	0.00860	0.01332	0.00729	0.01198	0.00726	0.00948	0.01756	0.00237	0.76181	0.00477	0.00242	0.00610
15	0.01311	0.01242	0.02106	0.09426	0.65827	0.01262	0.01630	0.01638	0.01249	0.01767	0.01168	0.01718	0.01026	0.00570	0.00564	0.00172	0.00654	0.05550	0.00288	0.00830
16	0.00789	0.00584	0.00739	0.00697	0.00838	0.00543	0.00524	0.01078	0.03727	0.02157	0.68033	0.04186	0.11731	0.01146	0.00651	0.00176	0.00268	0.01006	0.00600	0.00528
17	0.01256	0.28292	0.37601	0.01472	0.02109	0.01580	0.14254	0.01703	0.01192	0.01624	0.03441	0.01231	0.00878	0.00519	0.00496	0.00159	0.00745	0.00434	0.00255	0.00761
18	0.01239	0.23218	0.53813	0.01468	0.04643	0.01534	0.01724	0.03395	0.01193	0.01677	0.00944	0.01106	0.00715	0.00515	0.00483	0.00160	0.00749	0.00384	0.00243	0.00795
19	0.02459	0.00985	0.01311	0.01005	0.01435	0.00877	0.00831	0.07717	0.01656	0.72348	0.02126	0.01847	0.01341	0.00684	0.00557	0.00171	0.00481	0.00553	0.00676	0.00942
20	0.00767	0.00642	0.00725	0.00766	0.04181	0.00584	0.00545	0.01039	0.06555	0.01686	0.15989	0.04783	0.54131	0.01281	0.00648	0.00187	0.00315	0.04132	0.00522	0.00524
21	0.14565	0.11309	0.31867	0.01481	0.06611	0.08384	0.07861	0.03166	0.01221	0.05414	0.01013	0.01209	0.00775	0.02231	0.00538	0.00173	0.00720	0.00418	0.00292	0.00750
22	0.00796	0.00592	0.00713	0.00729	0.00840	0.00567	0.00533	0.01030	0.05348	0.01671	0.24047	0.14627	0.17775	0.17298	0.01107	0.00268	0.00372	0.10697	0.00507	0.00482
23	0.00805	0.00537	0.00604	0.00604	0.00604	0.00537	0.00336	0.00805	0.00805	0.01074	0.01745	0.03624	0.02013	0.80536	0.02819	0.00537	0.00537	0.00805	0.00336	0.00336
24	0.01151	0.03545	0.09473	0.03703	0.01437	0.16461	0.01001	0.01383	0.01066	0.01360	0.01193	0.01676	0.01071	0.02506	0.41986	0.00554	0.09072	0.00504	0.00279	0.00580
25	0.02814	0.01240	0.01859	0.29958	0.38544	0.06569	0.01497	0.01620	0.03265	0.01645	0.01137	0.05318	0.00972	0.00590	0.00551	0.00174	0.00683	0.00537	0.00286	0.00741
26	0.01019	0.00955	0.01585	0.73765	0.03602	0.01178	0.01461	0.01372	0.01118	0.01421	0.01304	0.01743	0.06004	0.00612	0.00561	0.00185	0.00707	0.00539	0.00265	0.00605
27	0.01234	0.01343	0.08377	0.17769	0.44690	0.01246	0.08062	0.01599	0.01236	0.01723	0.03374	0.01629	0.04126	0.00562	0.00564	0.00172	0.00684	0.00543	0.00285	0.00783
28	0.03786	0.25389	0.34599	0.01353	0.01948	0.05833	0.07246	0.06789	0.01276	0.01722	0.01072	0.01258	0.02543	0.02308	0.00535	0.00165	0.00726	0.00422	0.00275	0.00755
29	0.00774	0.00540	0.00675	0.00698	0.00732	0.00555	0.00452	0.00841	0.00884	0.01196	0.02030	0.17302	0.04225	0.46599	0.19573	0.00551	0.00706	0.00907	0.00364	0.00396
30	0.84448	0.01071	0.00814	0.00728	0.01071	0.01242	0.00600	0.01628	0.00943	0.02485	0.00771	0.00900	0.00600	0.00514	0.00343	0.00171	0.00428	0.00300	0.00343	0.00600
31	0.00721	0.00573	0.02761	0.00730	0.00794	0.00503	0.00504	0.00815	0.01015	0.01340	0.02895	0.48177	0.10998	0.22290	0.02991	0.00316	0.00413	0.01276	0.00455	0.00433

[dist]
# distance from previous block
# <min> <max>
0	2

[block]
# block no. 4 follows, 43 sequences, length 34
# corresponding to MSA columns:
# 373-406
name=unknown_E
#
# <colnr> <probs for GDERKNQSTAVLIFYWHMCP>
#	G	D	E	R	K	N	Q	S	T	A	V	L	I	F	Y	W	H	M	C	P
0	0.01151	0.06500	0.57645	0.01773	0.11927	0.01302	0.04688	0.01697	0.01179	0.01723	0.01089	0.04879	0.00868	0.00573	0.00534	0.00174	0.00767	0.00478	0.00254	0.00801
1	0.00971	0.18933	0.01270	0.03174	0.01107	0.00960	0.00677	0.03428	0.02992	0.01564	0.08532	0.37976	0.06267	0.02961	0.00640	0.00191	0.00414	0.02718	0.00440	0.04783
2	0.07449	0.66754	0.02657	0.01008	0.01460	0.08182	0.02956	0.01704	0.01153	0.01404	0.00786	0.00915	0.00707	0.00484	0.00374	0.00126	0.00622	0.00311	0.00250	0.00698
3	0.00955	0.00704	0.00893	0.00971	0.03995	0.00707	0.00674	0.13073	0.01354	0.01815	0.05325	0.56665	0.03131	0.01475	0.00677	0.00213	0.00392	0.05913	0.00514	0.00554
4	0.00873	0.03756	0.08655	0.00797	0.01032	0.00704	0.00697	0.04531	0.01453	0.01974	0.41297	0.05967	0.20969	0.02755	0.00673	0.00185	0.00363	0.02234	0.00523	0.00560
5	0.14218	0.00992	0.01232	0.00957	0.01376	0.00917	0.00790	0.06032	0.01529	0.60725	0.01903	0.01693	0.01222	0.00651	0.00521	0.00168	0.00470	0.00510	0.00619	0.03475
6	0.00805	0.00537	0.00604	0.00604	0.00604	0.00537	0.00336	0.00805	0.00805	0.01074	0.01745	0.03624	0.02013	0.80536	0.02819	0.00537	0.00537	0.00805	0.00336	0.00336
7	0.01260	0.01390	0.02860	0.12850	0.02851	0.01412	0.56166	0.01672	0.01225	0.01672	0.01055	0.01458	0.00813	0.00538	0.00778	0.00193	0.10212	0.00611	0.00271	0.00712
8	0.08401	0.01184	0.01187	0.03549	0.04857	0.08483	0.00850	0.03903	0.35514	0.06434	0.05062	0.02431	0.12820	0.00816	0.00558	0.00180	0.00488	0.02041	0.00495	0.00747
9	0.00675	0.00482	0.00643	0.00771	0.00803	0.00450	0.00514	0.00771	0.01060	0.01414	0.03053	0.80175	0.03663	0.01735	0.00707	0.00225	0.00321	0.01574	0.00514	0.00450
10	0.00675	0.00482	0.00643	0.00771	0.00803	0.00450	0.00514	0.00771	0.01060	0.01414	0.03053	0.80175	0.03663	0.01735	0.00707	0.00225	0.00321	0.01574	0.00514	0.00450
11	0.00850	0.00616	0.00862	0.00997	0.03026	0.00605	0.00798	0.01076	0.01263	0.01674	0.10893	0.20644	0.03442	0.01501	0.00736	0.00238	0.00449	0.49305	0.00515	0.00509
12	0.01424	0.00858	0.01015	0.00873	0.01062	0.00903	0.00660	0.24629	0.01452	0.06690	0.01337	0.01743	0.01110	0.05052	0.01282	0.33759	0.00486	0.00513	0.14594	0.00558
13	0.00684	0.00489	0.00654	0.00782	0.00819	0.00458	0.00531	0.00788	0.01070	0.01425	0.03047	0.76879	0.03642	0.01726	0.00709	0.00226	0.00330	0.04775	0.00514	0.00453
14	0.01032	0.00516	0.00516	0.00516	0.00645	0.00516	0.00387	0.01290	0.01161	0.02065	0.01807	0.02065	0.01420	0.00645	0.00387	0.00129	0.00258	0.00516	0.83611	0.00516
15	0.01046	0.00984	0.01661	0.79205	0.03814	0.01230	0.01538	0.01415	0.01107	0.01415	0.00984	0.01477	0.00738	0.00554	0.00554	0.00185	0.00738	0.00492	0.00246	0.00615
16	0.00793	0.00585	0.00849	0.00849	0.00934	0.00670	0.00641	0.00963	0.00878	0.01255	0.01521	0.02384	0.01475	0.15116	0.67503	0.00839	0.01348	0.00624	0.00302	0.00472
17	0.01371	0.01316	0.02248	0.03399	0.77081	0.01316	0.01700	0.01700	0.01261	0.01809	0.01042	0.01371	0.00877	0.00493	0.00548	0.00164	0.00658	0.00493	0.00274	0.00877
18	0.01212	0.01212	0.01696	0.01454	0.01454	0.01696	0.01212	0.01333	0.00848	0.01333	0.00727	0.01212	0.00727	0.00969	0.01818	0.00242	0.79523	0.00485	0.00242	0.00606
19	0.00784	0.00566	0.00740	0.00697	0.00827	0.00523	0.00523	0.01045	0.01568	0.02221	0.76789	0.04137	0.05226	0.01132	0.00653	0.00174	0.00261	0.01002	0.00610	0.00523
20	0.01128	0.02744	0.71105	0.01645	0.02441	0.01296	0.08487	0.01756	0.01181	0.01756	0.01005	0.01198	0.00714	0.00521	0.00537	0.00176	0.00829	0.00431	0.00238	0.00812
21	0.01365	0.04791	0.29139	0.01097	0.01554	0.00970	0.01152	0.03465	0.01296	0.19613	0.10232	0.02330	0.05324	0.13034	0.00905	0.00229	0.00584	0.01779	0.00425	0.00716
22	0.02472	0.00963	0.01298	0.00995	0.01424	0.00845	0.00822	0.05153	0.01620	0.74962	0.02156	0.01866	0.01356	0.00685	0.00557	0.00171	0.00476	0.00555	0.00681	0.00943
23	0.01111	0.02865	0.77667	0.01579	0.02397	0.01286	0.02046	0.01754	0.01169	0.01754	0.00994	0.01169	0.00702	0.00526	0.00526	0.00175	0.00818	0.00409	0.00234	0.00818
24	0.01512	0.01042	0.01187	0.01069	0.03545	0.01125	0.00790	0.10252	0.36056	0.14847	0.03488	0.02301	0.01669	0.17398	0.01034	0.00255	0.00486	0.00642	0.00528	0.00775
25	0.00681	0.00485	0.00641	0.00763	0.00794	0.00454	0.00506	0.00773	0.01048	0.01398	0.02992	0.76604	0.03586	0.05411	0.00805	0.00239	0.00331	0.01539	0.00506	0.00445
26	0.00780	0.00528	0.00622	0.00647	0.00656	0.00526	0.00383	0.00805	0.00858	0.01147	0.01989	0.18403	0.02311	0.62532	0.05117	0.00489	0.00529	0.00947	0.00369	0.00363
27	0.01066	0.01039	0.04880	0.06260	0.01458	0.02648	0.03639	0.02792	0.01022	0.01497	0.01425	0.12450	0.02758	0.01479	0.13464	0.00319	0.32130	0.00669	0.08427	0.00579
28	0.01801	0.01800	0.07291	0.05020	0.06813	0.18595	0.07944	0.35948	0.01936	0.02449	0.01215	0.04389	0.00959	0.00642	0.00555	0.00167	0.00738	0.00517	0.00413	0.00810
29	0.01295	0.01332	0.05492	0.11876	0.52008	0.04663	0.01531	0.01666	0.03523	0.01794	0.08300	0.01643	0.01285	0.00574	0.00556	0.00168	0.00646	0.00536	0.00310	0.00799
30	0.08997	0.01145	0.03820	0.15909	0.32302	0.01151	0.08646	0.01506	0.01190	0.01742	0.01475	0.05501	0.04267	0.00775	0.02304	0.00199	0.00656	0.07384	0.00318	0.00712
31	0.04294	0.12820	0.04841	0.13647	0.15241	0.27251	0.01237	0.05239	0.01350	0.01591	0.01035	0.01272	0.02330	0.00680	0.02951	0.00179	0.02627	0.00427	0.00287	0.00700
32	0.01179	0.08493	0.60326	0.01814	0.13925	0.01359	0.01910	0.01738	0.01180	0.01729	0.00984	0.01179	0.00730	0.00517	0.00517	0.00169	0.00777	0.00414	0.00240	0.00820
33	0.06780	0.00575	0.00619	0.00613	0.00637	0.00587	0.00354	0.00864	0.00815	0.01175	0.01675	0.03430	0.01913	0.74820	0.02642	0.00511	0.00529	0.00769	0.00336	0.00354

[dist]
# distance from previous block
# <min> <max>
1	3

[block]
# block no. 5 follows, 43 sequences, length 68
# corresponding to MSA columns:
# 410-477
name=unknown_F
#
# <colnr> <probs for GDERKNQSTAVLIFYWHMCP>
#	G	D	E	R	K	N	Q	S	T	A	V	L	I	F	Y	W	H	M	C	P
0	0.01167	0.05022	0.04768	0.01025	0.01273	0.01033	0.02744	0.01451	0.04538	0.06195	0.03614	0.06793	0.03393	0.01068	0.06828	0.00226	0.18056	0.03293	0.11217	0.16297
1	0.01346	0.52874	0.05328	0.00950	0.01343	0.07495	0.00901	0.01559	0.01265	0.01542	0.18710	0.01674	0.01775	0.00638	0.00443	0.00136	0.00554	0.00472	0.00328	0.00666
2	0.00702	0.00602	0.00607	0.00598	0.00794	0.00527	0.00451	0.00936	0.06185	0.01550	0.05390	0.05115	0.71911	0.01360	0.00649	0.00187	0.00291	0.01133	0.00518	0.00494
3	0.01331	0.01276	0.02177	0.12572	0.68216	0.01306	0.01680	0.01665	0.01242	0.01762	0.01035	0.01384	0.00860	0.00501	0.00549	0.00167	0.00668	0.00493	0.00271	0.00846
4	0.01687	0.01273	0.01377	0.01160	0.01519	0.01424	0.00927	0.25504	0.45661	0.08818	0.01971	0.01896	0.01457	0.00733	0.00564	0.00181	0.00496	0.01887	0.00570	0.00896
5	0.00992	0.00681	0.01045	0.17792	0.01576	0.00736	0.02353	0.02988	0.01023	0.01340	0.01555	0.04592	0.01567	0.01455	0.01336	0.37608	0.00553	0.20051	0.00329	0.00427
6	0.02069	0.02640	0.01569	0.01427	0.01712	0.78313	0.01070	0.02212	0.01569	0.01355	0.00856	0.00999	0.00713	0.00571	0.00499	0.00143	0.00999	0.00357	0.00285	0.00642
7	0.00697	0.00584	0.00610	0.00605	0.00789	0.00507	0.00457	0.00900	0.03767	0.01601	0.12740	0.05121	0.65280	0.01356	0.00654	0.00187	0.00289	0.02841	0.00526	0.00488
8	0.00661	0.00561	0.00570	0.00568	0.00752	0.00470	0.00426	0.00808	0.01278	0.01534	0.09343	0.05267	0.73101	0.01388	0.00654	0.00186	0.00280	0.01160	0.00519	0.00470
9	0.00675	0.00482	0.00643	0.00771	0.00803	0.00450	0.00514	0.00771	0.01060	0.01414	0.03053	0.80175	0.03663	0.01735	0.00707	0.00225	0.00321	0.01574	0.00514	0.00450
10	0.02069	0.02640	0.01569	0.01427	0.01712	0.78313	0.01070	0.02212	0.01569	0.01355	0.00856	0.00999	0.00713	0.00571	0.00499	0.00143	0.00999	0.00357	0.00285	0.00642
11	0.84448	0.01071	0.00814	0.00728	0.01071	0.01242	0.00600	0.01628	0.00943	0.02485	0.00771	0.00900	0.00600	0.00514	0.00343	0.00171	0.00428	0.00300	0.00343	0.00600
12	0.00962	0.00481	0.00722	0.00722	0.00722	0.00481	0.00481	0.00722	0.00722	0.00962	0.00962	0.01684	0.00962	0.01924	0.02165	0.83886	0.00481	0.00481	0.00241	0.00241
13	0.01032	0.00516	0.00516	0.00516	0.00645	0.00516	0.00387	0.01290	0.01161	0.02065	0.01807	0.02065	0.01420	0.00645	0.00387	0.00129	0.00258	0.00516	0.83611	0.00516
14	0.00777	0.00561	0.00735	0.00701	0.00826	0.00518	0.00522	0.01029	0.01538	0.02174	0.72486	0.08575	0.05134	0.01167	0.00656	0.00177	0.00265	0.01035	0.00604	0.00518
15	0.00800	0.00630	0.00926	0.03197	0.12634	0.00611	0.00738	0.00946	0.01101	0.01485	0.02685	0.63026	0.03140	0.01505	0.00681	0.00216	0.00391	0.04295	0.00470	0.00522
16	0.78517	0.01064	0.00865	0.04338	0.01206	0.01231	0.00648	0.01646	0.00967	0.04359	0.00817	0.00951	0.00626	0.00520	0.00358	0.00172	0.00444	0.00315	0.00347	0.00609
17	0.02068	0.04377	0.01649	0.01345	0.01706	0.42055	0.01059	0.34702	0.02017	0.02304	0.01064	0.01143	0.00815	0.00610	0.00520	0.00152	0.00814	0.00418	0.00404	0.00777
18	0.00914	0.00651	0.00806	0.00804	0.00934	0.00640	0.00587	0.06344	0.06066	0.03936	0.28109	0.35395	0.06115	0.03439	0.00720	0.00207	0.00341	0.02889	0.00552	0.00549
19	0.01161	0.01031	0.01569	0.39414	0.02567	0.01294	0.01280	0.01422	0.01034	0.05161	0.00992	0.01435	0.00814	0.00927	0.06136	0.00243	0.26602	0.00489	0.00275	0.06154
20	0.01216	0.25074	0.56380	0.01399	0.02119	0.01544	0.01733	0.01727	0.01157	0.01626	0.00930	0.01089	0.00704	0.00511	0.00478	0.00159	0.00754	0.00377	0.00235	0.00788
21	0.02277	0.00941	0.01248	0.00980	0.01379	0.00847	0.00801	0.02617	0.08326	0.65912	0.06903	0.02044	0.01643	0.00720	0.00564	0.00173	0.00455	0.00591	0.00670	0.00910
22	0.01359	0.01324	0.02322	0.04848	0.69363	0.01321	0.07860	0.01700	0.01262	0.01798	0.01047	0.01383	0.00871	0.00492	0.00557	0.00167	0.00683	0.00507	0.00274	0.00861
23	0.01046	0.00984	0.01661	0.79205	0.03814	0.01230	0.01538	0.01415	0.01107	0.01415	0.00984	0.01477	0.00738	0.00554	0.00554	0.00185	0.00738	0.00492	0.00246	0.00615
24	0.00766	0.00539	0.00621	0.00628	0.00679	0.00515	0.00394	0.00835	0.01011	0.01339	0.13335	0.11863	0.13873	0.49021	0.01962	0.00400	0.00436	0.00968	0.00421	0.00394
25	0.00962	0.00481	0.00722	0.00722	0.00722	0.00481	0.00481	0.00722	0.00722	0.00962	0.00962	0.01684	0.00962	0.01924	0.02165	0.83886	0.00481	0.00481	0.00241	0.00241
26	0.01686	0.01949	0.01780	0.08814	0.27798	0.41590	0.01319	0.01918	0.01410	0.01531	0.01026	0.01409	0.00886	0.00587	0.00533	0.00159	0.00837	0.03767	0.00288	0.00715
27	0.01429	0.69008	0.12717	0.01059	0.01580	0.02056	0.02613	0.01673	0.01135	0.01372	0.00807	0.00938	0.00712	0.00481	0.00384	0.00127	0.00629	0.00318	0.00237	0.00726
28	0.00655	0.00561	0.00561	0.00561	0.00748	0.00468	0.00421	0.00795	0.01262	0.01496	0.05610	0.05330	0.76857	0.01403	0.00655	0.00187	0.00281	0.01169	0.00514	0.00468
29	0.00688	0.00559	0.00610	0.00605	0.00771	0.00481	0.00451	0.00857	0.01330	0.01675	0.23408	0.08466	0.55468	0.01350	0.00657	0.00186	0.00278	0.01145	0.00538	0.00481
30	0.04021	0.01215	0.04987	0.03766	0.06950	0.01163	0.01003	0.17080	0.14260	0.34691	0.01837	0.03772	0.01293	0.00691	0.00554	0.00175	0.00527	0.00564	0.00561	0.00889
31	0.02043	0.01501	0.01615	0.01247	0.01673	0.01662	0.01028	0.71445	0.02522	0.03393	0.01344	0.01371	0.00965	0.00772	0.02956	0.00188	0.00629	0.00502	0.02225	0.00919
32	0.08096	0.04912	0.02066	0.06711	0.59224	0.01311	0.01505	0.01659	0.01215	0.01821	0.01001	0.01302	0.00837	0.00492	0.00515	0.00159	0.00625	0.00459	0.00280	0.05810
33	0.00990	0.00533	0.00569	0.00569	0.00689	0.00538	0.00425	0.01234	0.01182	0.02017	0.08169	0.07680	0.01881	0.00769	0.00463	0.00142	0.01976	0.00630	0.69028	0.00514
34	0.01347	0.01487	0.12320	0.13249	0.46295	0.02656	0.03577	0.01789	0.05437	0.04840	0.01140	0.01414	0.00896	0.00529	0.00549	0.00171	0.00684	0.00494	0.00298	0.00828
35	0.01140	0.00984	0.01192	0.07405	0.01523	0.00780	0.00730	0.01396	0.01145	0.01772	0.00984	0.01176	0.00813	0.00422	0.00422	0.00091	0.00438	0.00342	0.00321	0.76924
36	0.01494	0.79106	0.02872	0.00958	0.01428	0.03908	0.00950	0.01671	0.01135	0.01304	0.00772	0.00891	0.00711	0.00476	0.00359	0.00119	0.00601	0.00298	0.00238	0.00709
37	0.00950	0.00867	0.03739	0.05435	0.19895	0.00802	0.02828	0.03012	0.01272	0.01740	0.16088	0.29478	0.09412	0.01129	0.00634	0.00191	0.00450	0.01022	0.00445	0.00611
38	0.00796	0.00547	0.00649	0.00642	0.00678	0.00546	0.00399	0.00859	0.00949	0.01288	0.13769	0.03634	0.04872	0.58704	0.09006	0.00499	0.00568	0.00830	0.00381	0.00383
39	0.01456	0.01228	0.01296	0.01143	0.01470	0.01414	0.00895	0.10697	0.68200	0.02443	0.02155	0.01987	0.01610	0.00742	0.00563	0.00186	0.00457	0.00612	0.00563	0.00884
40	0.00801	0.00606	0.00901	0.00896	0.00990	0.00711	0.00695	0.00992	0.00887	0.01281	0.01473	0.02192	0.01386	0.06106	0.74571	0.00866	0.03261	0.00596	0.00296	0.00493
41	0.70562	0.01062	0.00902	0.00778	0.01136	0.01189	0.00641	0.03377	0.01073	0.13582	0.00992	0.01055	0.00721	0.00543	0.00379	0.00171	0.00439	0.00342	0.00398	0.00658
42	0.01092	0.00938	0.00981	0.00904	0.01165	0.01015	0.00697	0.02090	0.46141	0.02009	0.05619	0.03339	0.29744	0.01004	0.00600	0.00187	0.00375	0.00839	0.00547	0.00714
43	0.00811	0.00546	0.00636	0.00653	0.00668	0.00545	0.00400	0.00841	0.00863	0.01145	0.01907	0.05940	0.02183	0.69967	0.02542	0.00498	0.00528	0.08608	0.00359	0.00357
44	0.00658	0.00561	0.00566	0.00564	0.00750	0.00469	0.00423	0.00801	0.01270	0.01514	0.07396	0.05300	0.75059	0.01396	0.00655	0.00187	0.00280	0.01165	0.00517	0.00469
45	0.01892	0.02304	0.01742	0.01927	0.20839	0.58773	0.01230	0.02082	0.01491	0.01471	0.00903	0.01093	0.00755	0.00551	0.00512	0.00148	0.00912	0.00391	0.00283	0.00702
46	0.02285	0.01152	0.01397	0.01079	0.01503	0.01138	0.00889	0.27737	0.04390	0.47749	0.01883	0.01703	0.01234	0.00680	0.00552	0.00169	0.00513	0.00538	0.02478	0.00931
47	0.00699	0.00498	0.00664	0.00788	0.00827	0.00469	0.00542	0.00806	0.01071	0.01424	0.02999	0.71048	0.03566	0.04321	0.00782	0.00238	0.00345	0.07955	0.00508	0.00451
48	0.01395	0.01095	0.01159	0.01035	0.01330	0.01242	0.00807	0.06000	0.58697	0.04863	0.02141	0.02026	0.01604	0.00729	0.00536	0.00177	0.00420	0.00601	0.13317	0.00826
49	0.01386	0.01401	0.04307	0.03286	0.72625	0.03762	0.01689	0.01717	0.01268	0.01793	0.01035	0.01353	0.00867	0.00497	0.00546	0.00164	0.00673	0.00487	0.00273	0.00868
50	0.05163	0.05357	0.01877	0.02109	0.34140	0.03977	0.01269	0.22235	0.01678	0.14906	0.01282	0.01389	0.00952	0.00575	0.00532	0.00163	0.00612	0.00483	0.00422	0.00878
51	0.84448	0.01071	0.00814	0.00728	0.01071	0.01242	0.00600	0.01628	0.00943	0.02485	0.00771	0.00900	0.00600	0.00514	0.00343	0.00171	0.00428	0.00300	0.00343	0.00600
52	0.01365	0.01335	0.02159	0.11230	0.66375	0.04434	0.01657	0.01691	0.01258	0.01750	0.01028	0.01367	0.00856	0.00503	0.00547	0.00166	0.00680	0.00488	0.00272	0.00840
53	0.00673	0.00509	0.00622	0.00704	0.00787	0.00458	0.00486	0.00789	0.01142	0.01471	0.06765	0.54320	0.26053	0.01610	0.00689	0.00211	0.00306	0.01428	0.00518	0.00458
54	0.53672	0.01242	0.01121	0.00929	0.01306	0.01412	0.00765	0.27434	0.03280	0.02833	0.01001	0.01078	0.00745	0.00572	0.00422	0.00170	0.00492	0.00377	0.00422	0.00726
55	0.01492	0.01212	0.01443	0.07158	0.09761	0.01358	0.01044	0.15656	0.42232	0.04899	0.01901	0.02059	0.01476	0.00738	0.00571	0.00185	0.00520	0.04934	0.00508	0.00849
56	0.02438	0.00969	0.01296	0.00999	0.01424	0.00860	0.00823	0.04949	0.03984	0.72790	0.02161	0.01874	0.01368	0.00687	0.00557	0.00172	0.00474	0.00557	0.00678	0.00940
57	0.00837	0.00605	0.00784	0.00796	0.00920	0.00581	0.00611	0.04403	0.01440	0.01978	0.41550	0.21515	0.05959	0.01326	0.00681	0.00200	0.00337	0.14391	0.00565	0.00522
58	0.01311	0.01648	0.17141	0.11524	0.48919	0.04674	0.03437	0.01702	0.01240	0.01733	0.01019	0.01329	0.00819	0.00510	0.00545	0.00168	0.00720	0.00474	0.00264	0.00823
59	0.00682	0.00490	0.00648	0.00760	0.00804	0.00456	0.00512	0.00792	0.01103	0.01475	0.08536	0.72726	0.05597	0.01683	0.00702	0.00220	0.00316	0.01522	0.00521	0.00456
60	0.00793	0.00542	0.00653	0.00663	0.00681	0.00555	0.00406	0.00832	0.00839	0.01134	0.01805	0.09366	0.02042	0.62189	0.14715	0.00569	0.00671	0.00832	0.00343	0.00370
61	0.01317	0.01334	0.01963	0.34711	0.08395	0.10009	0.16424	0.01824	0.11068	0.03174	0.01185	0.01496	0.00904	0.00575	0.00610	0.00181	0.03287	0.00529	0.00310	0.00705
62	0.13522	0.01170	0.01405	0.05790	0.07605	0.01225	0.00962	0.19935	0.10732	0.29565	0.01629	0.01571	0.01122	0.00642	0.00526	0.00172	0.00525	0.00507	0.00533	0.00862
63	0.00887	0.00634	0.00886	0.01014	0.01139	0.00633	0.00883	0.01138	0.01269	0.01651	0.02935	0.08131	0.03199	0.01535	0.00763	0.00254	0.00505	0.71525	0.00510	0.00508
64	0.00962	0.00525	0.00801	0.07578	0.00994	0.00546	0.00574	0.00783	0.00764	0.01014	0.01020	0.03774	0.01015	0.01799	0.01985	0.74327	0.00499	0.00511	0.00248	0.00279
65	0.01212	0.13152	0.48865	0.01830	0.14876	0.01409	0.06230	0.01721	0.01194	0.01711	0.02296	0.01236	0.00820	0.00520	0.00516	0.00166	0.00758	0.00433	0.00250	0.00804
66	0.01394	0.06368	0.03638	0.04740	0.51356	0.04726	0.03375	0.01918	0.13468	0.01828	0.01214	0.01440	0.00984	0.00539	0.00539	0.00166	0.00645	0.00499	0.00318	0.00845
67	0.67253	0.04878	0.05896	0.02745	0.01345	0.01307	0.04644	0.03275	0.01025	0.02345	0.00821	0.00970	0.00635	0.00515	0.00381	0.00170	0.00498	0.00334	0.00330	0.00634

[dist]
# distance from previous block
# <min> <max>
0	1

[block]
# block no. 6 follows, 43 sequences, length 69
# corresponding to MSA columns:
# 479-531,533-548
name=unknown_G
#
# <colnr> <probs for GDERKNQSTAVLIFYWHMCP>
#	G	D	E	R	K	N	Q	S	T	A	V	L	I	F	Y	W	H	M	C	P
0	0.00965	0.00599	0.00728	0.11871	0.01160	0.00614	0.00588	0.01200	0.01165	0.03659	0.02449	0.10909	0.13918	0.00941	0.01977	0.00172	0.00366	0.00736	0.45457	0.00525
1	0.03964	0.05855	0.01805	0.01962	0.25303	0.34233	0.02766	0.03503	0.10046	0.01692	0.01202	0.01355	0.02765	0.00581	0.00519	0.00157	0.00764	0.00455	0.00324	0.00749
2	0.01154	0.00990	0.01151	0.00828	0.01316	0.00754	0.00662	0.01434	0.03045	0.01818	0.01017	0.01172	0.00842	0.00419	0.00414	0.00085	0.00411	0.00336	0.00334	0.81820
3	0.01518	0.75924	0.02818	0.00978	0.01440	0.07003	0.00955	0.01693	0.01153	0.01306	0.00775	0.00895	0.00711	0.00480	0.00364	0.00120	0.00618	0.00300	0.00240	0.00706
4	0.00902	0.00592	0.00778	0.00717	0.00868	0.00543	0.00543	0.01160	0.01569	0.07467	0.71588	0.03980	0.04957	0.01101	0.00646	0.00174	0.00276	0.00971	0.00615	0.00552
5	0.01603	0.00879	0.01194	0.01160	0.09665	0.00818	0.00810	0.01974	0.08434	0.32284	0.27835	0.02588	0.02653	0.00811	0.00583	0.00169	0.00413	0.00699	0.00584	0.04843
6	0.00704	0.00604	0.00608	0.00599	0.00795	0.00529	0.00452	0.00940	0.06330	0.01552	0.05383	0.05109	0.71765	0.01359	0.00648	0.00187	0.00291	0.01132	0.00518	0.00495
7	0.01032	0.00516	0.00516	0.00516	0.00645	0.00516	0.00387	0.01290	0.01161	0.02065	0.01807	0.02065	0.01420	0.00645	0.00387	0.00129	0.00258	0.00516	0.83611	0.00516
8	0.02070	0.02601	0.01573	0.01421	0.01712	0.75565	0.01069	0.04831	0.01607	0.01432	0.00873	0.01011	0.00722	0.00574	0.00501	0.00144	0.00985	0.00362	0.00295	0.00653
9	0.01278	0.00906	0.00802	0.00739	0.00930	0.09394	0.00566	0.08546	0.07357	0.02141	0.01691	0.01876	0.01317	0.00647	0.00430	0.00139	0.00389	0.00506	0.59747	0.00600
