[name]
unknown

[dist]
# distance from previous block
# <min> <max>
0	63

[block]
# block no. 0 follows, 44 sequences, length 10
# corresponding to MSA columns:
# 84-93
name=unknown_A
#
# <colnr> <probs for GDERKNQSTAVLIFYWHMCP>
#	G	D	E	R	K	N	Q	S	T	A	V	L	I	F	Y	W	H	M	C	P
0	0.01174	0.00997	0.01179	0.04361	0.01423	0.00798	0.00705	0.05152	0.01202	0.01844	0.00986	0.01154	0.00810	0.00423	0.00417	0.00089	0.00428	0.00339	0.00331	0.76189
1	0.01004	0.00819	0.00825	0.00828	0.02594	0.09705	0.00586	0.01163	0.01303	0.07184	0.22693	0.20604	0.20059	0.07195	0.00788	0.00208	0.00404	0.01016	0.00498	0.00524
2	0.00852	0.00646	0.00758	0.00741	0.00894	0.00603	0.00536	0.08012	0.01293	0.01720	0.12874	0.33999	0.20889	0.06200	0.00767	0.00208	0.00346	0.01137	0.00497	0.07026
3	0.00760	0.00561	0.00811	0.00833	0.00911	0.00628	0.00622	0.00921	0.00898	0.01270	0.01750	0.15863	0.01803	0.09958	0.58924	0.00734	0.01185	0.00769	0.00332	0.00466
4	0.08459	0.00937	0.01231	0.00951	0.01367	0.00832	0.00786	0.02580	0.01514	0.72307	0.02049	0.01785	0.01294	0.00662	0.00533	0.00169	0.00461	0.00530	0.00650	0.00903
5	0.02040	0.01270	0.01440	0.01137	0.01543	0.01349	0.00929	0.38339	0.17425	0.25986	0.01754	0.01625	0.01208	0.00678	0.00548	0.00170	0.00524	0.00534	0.00587	0.00914
6	0.00707	0.00516	0.00685	0.03254	0.00883	0.00489	0.00531	0.00850	0.01168	0.01583	0.21702	0.53555	0.06047	0.04427	0.00753	0.00218	0.00321	0.01333	0.00515	0.00463
7	0.00673	0.00491	0.00628	0.00725	0.00779	0.00452	0.00490	0.00780	0.01091	0.01441	0.08025	0.64168	0.12239	0.04329	0.00757	0.00224	0.00315	0.01441	0.00506	0.00446
8	0.01216	0.01283	0.02582	0.01917	0.02337	0.01252	0.53566	0.05616	0.01286	0.01750	0.01420	0.15165	0.01308	0.00719	0.00721	0.00193	0.05874	0.00782	0.00328	0.00686
9	0.01568	0.03457	0.01393	0.12923	0.01771	0.01262	0.00979	0.04258	0.37747	0.19610	0.01832	0.01787	0.01329	0.00702	0.00642	0.00182	0.06685	0.00557	0.00501	0.00815

[dist]
# distance from previous block
# <min> <max>
0	4

[block]
# block no. 1 follows, 44 sequences, length 37
# corresponding to MSA columns:
# 98-134
name=unknown_B
#
# <colnr> <probs for GDERKNQSTAVLIFYWHMCP>
#	G	D	E	R	K	N	Q	S	T	A	V	L	I	F	Y	W	H	M	C	P
0	0.01567	0.01071	0.01210	0.01002	0.01282	0.06138	0.00801	0.14433	0.06177	0.19486	0.23311	0.02242	0.02248	0.00804	0.00685	0.00168	0.08506	0.00633	0.01983	0.06253
1	0.03697	0.02217	0.01319	0.02388	0.01317	0.00986	0.09416	0.06664	0.01173	0.01684	0.09293	0.18647	0.01983	0.11373	0.01091	0.00230	0.14999	0.00792	0.00384	0.10349
2	0.01881	0.01369	0.01496	0.01148	0.01564	0.01466	0.00944	0.57349	0.02219	0.05629	0.01302	0.01339	0.00945	0.00627	0.00546	0.00152	0.02370	0.00470	0.04908	0.12276
3	0.00829	0.00596	0.00698	0.00664	0.00753	0.00553	0.00420	0.00890	0.00891	0.01236	0.01786	0.15112	0.02021	0.52866	0.04181	0.00415	0.00501	0.00826	0.00355	0.14408
4	0.05187	0.05628	0.01465	0.19477	0.03129	0.19117	0.01033	0.10898	0.07879	0.01804	0.02914	0.04840	0.04738	0.00673	0.00548	0.00161	0.02639	0.00522	0.00357	0.06989
5	0.01176	0.01107	0.01545	0.04468	0.01557	0.06269	0.11678	0.04212	0.01111	0.03275	0.01437	0.19152	0.01464	0.02484	0.02419	0.00219	0.28347	0.00738	0.02980	0.04359
6	0.84691	0.01054	0.00801	0.00717	0.01054	0.01223	0.00590	0.01603	0.00928	0.02446	0.00759	0.00886	0.00590	0.00506	0.00337	0.00169	0.00422	0.00295	0.00337	0.00590
7	0.00854	0.00698	0.00774	0.00827	0.00921	0.05740	0.00589	0.01109	0.07677	0.01524	0.06246	0.48826	0.04214	0.01767	0.10847	0.00290	0.00513	0.01172	0.04908	0.00505
8	0.01359	0.01255	0.02444	0.04267	0.02309	0.01207	0.49089	0.07733	0.01374	0.06935	0.01351	0.04688	0.01053	0.00565	0.00593	0.00175	0.00744	0.00637	0.11503	0.00718
9	0.00695	0.00509	0.00609	0.00668	0.00732	0.00471	0.00443	0.00785	0.01053	0.01366	0.06629	0.40889	0.20552	0.20639	0.01181	0.00284	0.00355	0.01249	0.00468	0.00423
10	0.01195	0.01200	0.01710	0.01454	0.01468	0.01662	0.03124	0.01323	0.00847	0.01323	0.00726	0.01200	0.00719	0.00941	0.01759	0.00237	0.77790	0.00481	0.00240	0.00600
11	0.06633	0.01113	0.01323	0.01031	0.01436	0.01109	0.00848	0.25423	0.04379	0.44632	0.01799	0.01646	0.01189	0.00660	0.00529	0.00166	0.00494	0.00517	0.04185	0.00889
12	0.01117	0.01085	0.01588	0.19210	0.01919	0.01473	0.01218	0.01299	0.00897	0.01326	0.00843	0.01341	0.00779	0.01153	0.08678	0.00285	0.54468	0.00489	0.00244	0.00588
13	0.01020	0.00615	0.00776	0.00707	0.00893	0.00548	0.00540	0.01237	0.01461	0.14679	0.46044	0.06806	0.20320	0.01122	0.00629	0.00176	0.00298	0.00970	0.00588	0.00569
14	0.00975	0.00609	0.00717	0.00671	0.00868	0.00527	0.00509	0.01146	0.01339	0.14412	0.19606	0.11946	0.42157	0.01240	0.00633	0.00183	0.00308	0.01055	0.00554	0.00548
15	0.01296	0.01241	0.02116	0.16118	0.65087	0.01281	0.01646	0.01626	0.01216	0.01716	0.01016	0.01367	0.00841	0.00496	0.00541	0.00165	0.00661	0.00486	0.00265	0.00820
16	0.01914	0.01312	0.01450	0.01156	0.01540	0.01422	0.00938	0.50359	0.11429	0.13195	0.01680	0.08231	0.01304	0.00758	0.00560	0.00172	0.00536	0.00605	0.00561	0.00878
17	0.84691	0.01054	0.00801	0.00717	0.01054	0.01223	0.00590	0.01603	0.00928	0.02446	0.00759	0.00886	0.00590	0.00506	0.00337	0.00169	0.00422	0.00295	0.00337	0.00590
18	0.00662	0.00483	0.00624	0.00737	0.00785	0.00445	0.00496	0.00762	0.01065	0.01400	0.03268	0.72621	0.11299	0.01674	0.00690	0.00218	0.00312	0.01508	0.00506	0.00445
19	0.01069	0.21382	0.32822	0.01171	0.01640	0.01275	0.02407	0.01412	0.01108	0.01507	0.01619	0.19533	0.05403	0.00844	0.00587	0.00174	0.04386	0.00686	0.00310	0.00667
20	0.01855	0.01345	0.01342	0.01127	0.01473	0.12083	0.00895	0.17862	0.25958	0.22269	0.01797	0.01784	0.01312	0.02287	0.02777	0.00197	0.00585	0.01684	0.00534	0.00835
21	0.01488	0.77024	0.02788	0.00958	0.01414	0.06192	0.00939	0.01661	0.01131	0.01285	0.00762	0.00880	0.00700	0.00471	0.00357	0.00118	0.00604	0.00295	0.00236	0.00696
22	0.04856	0.01002	0.01578	0.68814	0.03429	0.01218	0.01414	0.05317	0.01162	0.01563	0.00977	0.01408	0.00734	0.00544	0.00530	0.00176	0.00694	0.00470	0.00266	0.03847
23	0.00836	0.02420	0.00757	0.00716	0.00764	0.03082	0.00475	0.00905	0.00860	0.01147	0.01664	0.07082	0.01824	0.50734	0.23878	0.00588	0.00795	0.00749	0.00325	0.00398
24	0.00739	0.00542	0.00693	0.00685	0.00802	0.00496	0.00502	0.00955	0.01424	0.01971	0.56572	0.17668	0.12426	0.01247	0.00652	0.00182	0.00270	0.01103	0.00574	0.00496
25	0.62174	0.01059	0.00953	0.00805	0.01166	0.01167	0.00664	0.06722	0.01167	0.18133	0.01084	0.01115	0.00770	0.00551	0.00395	0.00168	0.00442	0.00361	0.00421	0.00683
26	0.02037	0.02598	0.01545	0.01404	0.01685	0.78652	0.01053	0.02177	0.01545	0.01334	0.00843	0.00983	0.00702	0.00562	0.00492	0.00140	0.00983	0.00351	0.00281	0.00632
27	0.02135	0.01427	0.01574	0.01207	0.01641	0.01542	0.00997	0.63390	0.02395	0.15905	0.01450	0.01401	0.00998	0.00658	0.00546	0.00164	0.00577	0.00500	0.00567	0.00927
28	0.00664	0.00474	0.00633	0.00759	0.00791	0.00443	0.00506	0.00759	0.01044	0.01392	0.03005	0.80485	0.03606	0.01708	0.00696	0.00221	0.00316	0.01550	0.00506	0.00443
29	0.00663	0.00478	0.00629	0.00750	0.00788	0.00444	0.00502	0.00760	0.01053	0.01395	0.03118	0.77097	0.06921	0.01693	0.00694	0.00220	0.00314	0.01532	0.00506	0.00444
30	0.02157	0.01224	0.01428	0.01113	0.01529	0.01263	0.00914	0.35476	0.10364	0.35964	0.01780	0.01630	0.01195	0.00673	0.00548	0.00168	0.00521	0.00530	0.00603	0.00920
31	0.00727	0.00518	0.00654	0.00741	0.00778	0.00503	0.00489	0.00860	0.03901	0.01354	0.02668	0.57282	0.03136	0.20277	0.01181	0.00293	0.00376	0.03360	0.00467	0.00434
32	0.00806	0.00624	0.00929	0.00913	0.01004	0.00747	0.00715	0.00996	0.00873	0.01269	0.01411	0.02079	0.01320	0.03881	0.73589	0.00834	0.06650	0.00577	0.00289	0.00494
33	0.00784	0.00534	0.00615	0.00608	0.00637	0.00524	0.00364	0.00832	0.00936	0.01262	0.14511	0.03717	0.05415	0.64409	0.02335	0.00455	0.00473	0.00839	0.00382	0.00366
34	0.01281	0.01220	0.02074	0.16044	0.62673	0.01260	0.01621	0.01609	0.01216	0.01711	0.01075	0.01519	0.00913	0.00528	0.00547	0.00168	0.00656	0.02804	0.00273	0.00809
35	0.00754	0.00526	0.00672	0.00763	0.00822	0.00505	0.00522	0.04171	0.01132	0.01547	0.04787	0.69726	0.03379	0.01574	0.00667	0.00211	0.00323	0.01418	0.06030	0.00471
36	0.41266	0.01130	0.01037	0.00852	0.01214	0.03117	0.00692	0.18193	0.01376	0.02478	0.02214	0.01229	0.02125	0.00557	0.00412	0.00149	0.00456	0.00385	0.06447	0.14670

[dist]
# distance from previous block
# <min> <max>
0	3

[block]
# block no. 2 follows, 44 sequences, length 30
# corresponding to MSA columns:
# 138-167
name=unknown_C
#
# <colnr> <probs for GDERKNQSTAVLIFYWHMCP>
#	G	D	E	R	K	N	Q	S	T	A	V	L	I	F	Y	W	H	M	C	P
0	0.04167	0.32882	0.05158	0.01333	0.06883	0.13861	0.01100	0.01705	0.04904	0.01440	0.00862	0.01077	0.00760	0.00625	0.00771	0.00162	0.20980	0.00383	0.00264	0.00683
1	0.00758	0.00528	0.00639	0.00696	0.00747	0.00508	0.00472	0.00845	0.00993	0.01317	0.02673	0.27733	0.10369	0.34392	0.01549	0.00346	0.00424	0.11368	0.03235	0.00409
2	0.02860	0.04945	0.01375	0.09195	0.04127	0.02363	0.00897	0.23430	0.04122	0.06397	0.01688	0.08895	0.06533	0.03415	0.00637	0.00171	0.02751	0.00606	0.00429	0.15164
3	0.01132	0.08841	0.33179	0.01386	0.01832	0.05108	0.07781	0.01501	0.01110	0.01551	0.03228	0.11401	0.01223	0.00879	0.03470	0.00209	0.14612	0.00593	0.00286	0.00680
4	0.01719	0.01116	0.01262	0.01075	0.01423	0.01206	0.00853	0.06423	0.50312	0.25017	0.02153	0.01945	0.01533	0.00716	0.00552	0.00179	0.00450	0.00590	0.00590	0.00886
5	0.01010	0.00936	0.01546	0.55665	0.04580	0.01114	0.05062	0.01387	0.04819	0.01461	0.01363	0.14279	0.01247	0.00747	0.00603	0.00189	0.02416	0.00672	0.00303	0.00604
6	0.01124	0.01068	0.01790	0.55509	0.19413	0.01253	0.03684	0.01524	0.04277	0.01522	0.01031	0.01449	0.00798	0.00549	0.00580	0.00179	0.02817	0.00495	0.00262	0.00675
7	0.01134	0.00625	0.00819	0.00749	0.00913	0.00570	0.00555	0.01326	0.01382	0.18901	0.40332	0.14517	0.03681	0.10947	0.00893	0.00222	0.00346	0.00945	0.00570	0.00574
8	0.00793	0.00529	0.00595	0.00595	0.00595	0.00529	0.00330	0.00793	0.00793	0.01057	0.01718	0.03568	0.01982	0.80840	0.02775	0.00529	0.00529	0.00793	0.00330	0.00330
9	0.01478	0.69426	0.08056	0.01014	0.01490	0.08145	0.01019	0.01682	0.01145	0.01318	0.00780	0.00903	0.00699	0.00478	0.00373	0.00122	0.00630	0.00304	0.00237	0.00702
10	0.43944	0.14208	0.06609	0.00897	0.01280	0.02691	0.00806	0.12353	0.01234	0.03838	0.00981	0.02520	0.00805	0.03763	0.00494	0.00174	0.00510	0.00383	0.01845	0.00665
11	0.00735	0.00543	0.00746	0.03397	0.00975	0.00541	0.00634	0.00871	0.01082	0.01438	0.02847	0.60596	0.03332	0.01607	0.00735	0.00227	0.02722	0.16020	0.00489	0.00465
12	0.01071	0.00766	0.00904	0.00774	0.00998	0.00709	0.00568	0.08154	0.01175	0.04710	0.04521	0.09841	0.03197	0.23543	0.08442	0.00313	0.00535	0.00673	0.04523	0.24586
13	0.00850	0.00689	0.02241	0.08233	0.01227	0.00692	0.03182	0.01057	0.01164	0.02890	0.22997	0.11428	0.08194	0.10975	0.15057	0.00355	0.03363	0.04470	0.00429	0.00507
14	0.01269	0.01209	0.02037	0.20155	0.57747	0.01252	0.01593	0.01598	0.01203	0.01695	0.01010	0.01363	0.00831	0.00495	0.00535	0.00163	0.00655	0.00478	0.00266	0.04447
15	0.01458	0.81168	0.02857	0.00933	0.01399	0.02157	0.00933	0.01632	0.01108	0.01283	0.00758	0.00875	0.00700	0.00466	0.00350	0.00117	0.00583	0.00292	0.00233	0.00700
16	0.00990	0.00625	0.00813	0.00733	0.00902	0.00579	0.00560	0.03307	0.01574	0.10441	0.66864	0.03754	0.04613	0.01054	0.00630	0.00171	0.00289	0.00924	0.00607	0.00571
17	0.00704	0.00555	0.00635	0.00615	0.00773	0.00486	0.00461	0.00898	0.01384	0.01808	0.39188	0.04695	0.43344	0.01256	0.00644	0.00178	0.00267	0.01073	0.00550	0.00486
18	0.02147	0.01319	0.01497	0.01157	0.01581	0.01394	0.00953	0.48615	0.06565	0.26571	0.01625	0.01522	0.01102	0.00666	0.00547	0.00166	0.00548	0.00516	0.00586	0.00924
19	0.00990	0.00592	0.00857	0.00818	0.00824	0.00669	0.00586	0.00832	0.00749	0.01054	0.00946	0.01598	0.00929	0.01687	0.01999	0.66874	0.13323	0.00476	0.03891	0.00307
20	0.01595	0.01264	0.01348	0.01146	0.01494	0.01432	0.00910	0.23475	0.53021	0.05146	0.01959	0.01823	0.01445	0.00713	0.00552	0.00178	0.00480	0.00579	0.00556	0.00883
21	0.02072	0.01527	0.01636	0.01254	0.01691	0.01691	0.01036	0.75622	0.02563	0.03436	0.01309	0.01309	0.00927	0.00654	0.00545	0.00164	0.00600	0.00491	0.00545	0.00927
22	0.00815	0.00600	0.00793	0.00883	0.01015	0.00578	0.00745	0.01036	0.01260	0.01624	0.08218	0.09754	0.17640	0.01467	0.00722	0.00231	0.00433	0.51184	0.00509	0.00492
23	0.00688	0.00548	0.00622	0.00651	0.00797	0.00482	0.00492	0.00846	0.01248	0.01562	0.13420	0.17394	0.48596	0.01415	0.00664	0.00196	0.00305	0.09088	0.00517	0.00468
24	0.01984	0.01356	0.01492	0.01178	0.01586	0.01477	0.00962	0.48696	0.17747	0.15247	0.01634	0.01548	0.01149	0.00675	0.00548	0.00169	0.00543	0.00526	0.00568	0.00914
25	0.68062	0.01053	0.00910	0.00779	0.01134	0.01173	0.00642	0.04733	0.01096	0.14697	0.01007	0.01060	0.00727	0.00539	0.00380	0.00168	0.00436	0.00344	0.00400	0.00659
26	0.00781	0.00574	0.00825	0.00825	0.00904	0.00654	0.00617	0.00941	0.00861	0.01228	0.01507	0.02402	0.01476	0.18106	0.64818	0.00813	0.01290	0.00622	0.00299	0.00458
27	0.00835	0.00590	0.00733	0.00712	0.00854	0.00550	0.00527	0.01110	0.05350	0.05237	0.44903	0.17805	0.16278	0.01226	0.00644	0.00183	0.00289	0.01076	0.00569	0.00529
28	0.04350	0.01083	0.01701	0.51463	0.18485	0.02498	0.01452	0.01542	0.03577	0.03110	0.01023	0.01417	0.00792	0.00562	0.00599	0.00179	0.04743	0.00481	0.00271	0.00673
29	0.07090	0.00930	0.03677	0.00982	0.04403	0.00822	0.00772	0.07000	0.01511	0.36408	0.17406	0.03997	0.10977	0.00840	0.00566	0.00172	0.00423	0.00698	0.00574	0.00752

[dist]
# distance from previous block
# <min> <max>
0	1

[block]
# block no. 3 follows, 44 sequences, length 14
# corresponding to MSA columns:
# 169-182
name=unknown_D
#
# <colnr> <probs for GDERKNQSTAVLIFYWHMCP>
#	G	D	E	R	K	N	Q	S	T	A	V	L	I	F	Y	W	H	M	C	P
0	0.01165	0.04178	0.14122	0.07662	0.35128	0.01193	0.07433	0.01504	0.01172	0.01646	0.01343	0.12719	0.01279	0.00719	0.00617	0.00180	0.03785	0.03117	0.00301	0.00738
1	0.01263	0.01001	0.01194	0.00888	0.01311	0.00859	0.00717	0.05181	0.01203	0.06596	0.01062	0.01218	0.00857	0.00490	0.00545	0.00106	0.07597	0.00365	0.02881	0.64668
2	0.08327	0.01287	0.11663	0.21839	0.12592	0.05008	0.01228	0.01654	0.07065	0.06629	0.09754	0.05347	0.01539	0.00701	0.00546	0.00177	0.00596	0.02993	0.00367	0.00688
3	0.01255	0.06315	0.14205	0.16950	0.10702	0.11356	0.03494	0.03489	0.04032	0.01649	0.05141	0.01858	0.03596	0.00681	0.00615	0.00174	0.05481	0.04960	0.03368	0.00679
4	0.02235	0.01266	0.01474	0.01130	0.01560	0.01303	0.00934	0.43794	0.02126	0.35881	0.01676	0.01547	0.01111	0.00663	0.00547	0.00166	0.00541	0.00516	0.00602	0.00927
5	0.00672	0.00487	0.00627	0.00730	0.00778	0.00451	0.00490	0.00773	0.01071	0.01415	0.05933	0.67144	0.10667	0.05035	0.00778	0.00229	0.00319	0.01458	0.00502	0.00442
6	0.03199	0.09939	0.31316	0.09159	0.10602	0.01239	0.05084	0.04534	0.01209	0.04292	0.01285	0.10906	0.01127	0.00668	0.00527	0.00171	0.00658	0.00569	0.02787	0.00729
7	0.00880	0.00664	0.00901	0.00913	0.01022	0.00676	0.03049	0.07141	0.01246	0.01679	0.09849	0.42449	0.03132	0.03870	0.02938	0.00244	0.03578	0.14767	0.00489	0.00514
8	0.00770	0.00531	0.00656	0.00676	0.00700	0.00545	0.00427	0.00823	0.00848	0.01150	0.01866	0.15197	0.02111	0.53445	0.17427	0.00550	0.00679	0.00869	0.00350	0.00379
9	0.10701	0.00870	0.02542	0.13123	0.04748	0.03447	0.00818	0.05486	0.01149	0.05774	0.07230	0.11548	0.03178	0.01189	0.03218	0.19273	0.00529	0.02237	0.02406	0.00534
10	0.03191	0.14235	0.30961	0.03829	0.11831	0.01450	0.08187	0.08971	0.06708	0.03972	0.01110	0.01263	0.00836	0.00534	0.00509	0.00164	0.00694	0.00446	0.00309	0.00799
11	0.00879	0.00628	0.00879	0.01004	0.01130	0.00628	0.00879	0.01130	0.01255	0.01632	0.02887	0.06150	0.03138	0.01506	0.00753	0.00251	0.00502	0.73770	0.00502	0.00502
12	0.01001	0.00753	0.04164	0.00860	0.01047	0.00646	0.02677	0.06178	0.01323	0.09180	0.16918	0.39012	0.09285	0.01276	0.00640	0.00193	0.00375	0.01133	0.00520	0.02819
13	0.17879	0.11667	0.10210	0.07962	0.03922	0.01325	0.01035	0.13384	0.06164	0.16992	0.01328	0.03670	0.00995	0.00612	0.00482	0.00165	0.00553	0.00467	0.00419	0.00770

[dist]
# distance from previous block
# <min> <max>
1	7

[block]
# block no. 4 follows, 44 sequences, length 42
# corresponding to MSA columns:
# 191-232
name=unknown_E
#
# <colnr> <probs for GDERKNQSTAVLIFYWHMCP>
#	G	D	E	R	K	N	Q	S	T	A	V	L	I	F	Y	W	H	M	C	P
0	0.68513	0.12604	0.01114	0.00753	0.01116	0.01333	0.00643	0.01595	0.00964	0.02245	0.00769	0.00896	0.00617	0.00495	0.00342	0.00157	0.00444	0.00296	0.00322	0.04782
1	0.00775	0.00551	0.00687	0.00676	0.00797	0.00504	0.00491	0.00963	0.01342	0.03750	0.43328	0.16447	0.17823	0.07194	0.02029	0.00219	0.00314	0.01075	0.00545	0.00489
2	0.01311	0.09288	0.45381	0.03903	0.02113	0.03961	0.06877	0.06295	0.01265	0.07411	0.01110	0.01326	0.00831	0.03247	0.03198	0.00202	0.00772	0.00446	0.00294	0.00769
3	0.01193	0.00967	0.01137	0.00815	0.01297	0.00730	0.00653	0.01434	0.01151	0.05414	0.01026	0.01165	0.00833	0.00417	0.00411	0.00085	0.00407	0.00334	0.00340	0.80191
4	0.02039	0.02518	0.01552	0.01393	0.01686	0.72908	0.01052	0.07658	0.01621	0.01491	0.00877	0.01007	0.00719	0.00569	0.00496	0.00142	0.00955	0.00362	0.00301	0.00654
5	0.19582	0.05245	0.09005	0.01014	0.03046	0.01011	0.00895	0.02235	0.01346	0.46909	0.01634	0.01522	0.01080	0.00608	0.00486	0.00165	0.00495	0.00465	0.02435	0.00821
6	0.00859	0.00645	0.00799	0.00759	0.00767	0.00733	0.00504	0.00895	0.00807	0.01117	0.01528	0.03051	0.01718	0.61124	0.08787	0.00508	0.13977	0.00723	0.00312	0.00388
7	0.01515	0.01109	0.01215	0.01067	0.01390	0.01232	0.00837	0.02784	0.61241	0.14989	0.02321	0.02114	0.04209	0.00751	0.00557	0.00182	0.00432	0.00623	0.00573	0.00860
8	0.00671	0.00483	0.00630	0.00740	0.00781	0.00449	0.00495	0.00771	0.01062	0.01411	0.05592	0.71079	0.07546	0.04547	0.00767	0.00229	0.00320	0.01482	0.00503	0.00442
9	0.02072	0.01527	0.01636	0.01254	0.01691	0.01691	0.01036	0.75622	0.02563	0.03436	0.01309	0.01309	0.00927	0.00654	0.00545	0.00164	0.00600	0.00491	0.00545	0.00927
10	0.03989	0.01132	0.01374	0.01061	0.01482	0.01116	0.00875	0.26223	0.04337	0.49734	0.01852	0.01665	0.01208	0.00667	0.00543	0.00168	0.00506	0.00527	0.00622	0.00918
11	0.03352	0.00723	0.00923	0.00811	0.01038	0.00675	0.00630	0.04684	0.03026	0.24284	0.37394	0.11516	0.05677	0.01021	0.00609	0.00177	0.00350	0.01860	0.00598	0.00652
12	0.00861	0.00586	0.00678	0.00644	0.00827	0.00508	0.00487	0.01037	0.01345	0.09302	0.24833	0.09480	0.44903	0.01258	0.00638	0.00181	0.00292	0.01071	0.00549	0.00521
13	0.01349	0.01295	0.02213	0.03346	0.77440	0.01295	0.01673	0.01673	0.01241	0.01781	0.01025	0.01349	0.00864	0.00486	0.00540	0.00162	0.00648	0.00486	0.00270	0.00864
14	0.02395	0.00917	0.01249	0.00961	0.01374	0.00793	0.00793	0.02607	0.01560	0.75511	0.04437	0.01923	0.01465	0.00688	0.00551	0.00169	0.00458	0.00562	0.00672	0.00915
15	0.01133	0.00621	0.00633	0.00590	0.00752	0.00639	0.00453	0.09475	0.01300	0.02187	0.01727	0.01953	0.01345	0.00637	0.00399	0.00131	0.00292	0.00506	0.74672	0.00554
16	0.05632	0.01367	0.01496	0.01162	0.01576	0.01479	0.00954	0.55011	0.05843	0.15827	0.01480	0.01467	0.01042	0.02390	0.00586	0.00174	0.00560	0.00505	0.00554	0.00897
17	0.03030	0.14896	0.39239	0.01354	0.01927	0.01274	0.10737	0.01572	0.01234	0.01765	0.16119	0.01722	0.01594	0.00621	0.00527	0.00165	0.00666	0.00529	0.00313	0.00717
18	0.00703	0.00520	0.00642	0.00730	0.00812	0.00483	0.00516	0.00858	0.02846	0.01469	0.03493	0.54007	0.19747	0.01562	0.00674	0.00211	0.00321	0.06569	0.03373	0.00463
19	0.54346	0.01145	0.03272	0.13160	0.05483	0.03292	0.00868	0.01567	0.01002	0.02113	0.00826	0.01035	0.00650	0.00523	0.00446	0.00167	0.03393	0.00347	0.00310	0.06054
20	0.01392	0.36359	0.12673	0.05742	0.08542	0.13506	0.01153	0.01684	0.03547	0.01429	0.01046	0.02344	0.02052	0.04162	0.02132	0.00174	0.00692	0.00414	0.00268	0.00691
21	0.00727	0.00545	0.00750	0.08136	0.01074	0.00535	0.00600	0.00891	0.01187	0.01606	0.22686	0.50503	0.05849	0.01431	0.00666	0.00203	0.00338	0.01288	0.00506	0.00478
22	0.03678	0.01408	0.04901	0.28644	0.16149	0.15779	0.02993	0.04096	0.02685	0.01624	0.02577	0.04219	0.03621	0.00632	0.00539	0.00168	0.00698	0.01963	0.00305	0.03320
23	0.00948	0.00596	0.00841	0.04213	0.01058	0.00559	0.02923	0.01086	0.01143	0.11840	0.05219	0.56355	0.06333	0.03262	0.00711	0.00215	0.00374	0.01286	0.00510	0.00526
24	0.84691	0.01054	0.00801	0.00717	0.01054	0.01223	0.00590	0.01603	0.00928	0.02446	0.00759	0.00886	0.00590	0.00506	0.00337	0.00169	0.00422	0.00295	0.00337	0.00590
25	0.03512	0.01028	0.01628	0.29512	0.21788	0.01100	0.03366	0.04756	0.01255	0.14499	0.02787	0.02620	0.01032	0.00675	0.00652	0.05960	0.00613	0.00520	0.01985	0.00712
26	0.09719	0.00641	0.00645	0.00614	0.00787	0.00665	0.00470	0.03293	0.05306	0.04624	0.04156	0.05376	0.02562	0.00701	0.00421	0.00143	0.00300	0.00562	0.58458	0.00557
27	0.00772	0.00522	0.00622	0.00639	0.00670	0.00509	0.00396	0.00841	0.00978	0.01342	0.14691	0.18226	0.02806	0.49842	0.01945	0.00397	0.00434	0.00960	0.03019	0.00388
28	0.01193	0.01193	0.01670	0.01431	0.01431	0.01670	0.01193	0.01312	0.00835	0.01312	0.00716	0.01193	0.00716	0.00954	0.01789	0.00239	0.79843	0.00477	0.00239	0.00596
29	0.62757	0.01108	0.04196	0.00792	0.01147	0.01164	0.00682	0.06209	0.01108	0.08928	0.00997	0.01091	0.00740	0.00540	0.00379	0.00165	0.00440	0.00349	0.06562	0.00643
30	0.00890	0.00668	0.00820	0.00799	0.00958	0.00657	0.00625	0.05734	0.07068	0.02021	0.38970	0.10587	0.12745	0.01209	0.00655	0.00192	0.00342	0.13952	0.00557	0.00551
31	0.00779	0.00584	0.00726	0.00690	0.00835	0.00544	0.00521	0.01073	0.04667	0.02071	0.61641	0.04206	0.15846	0.01147	0.00642	0.00176	0.00272	0.02476	0.00582	0.00521
32	0.00926	0.00644	0.00765	0.00745	0.00901	0.00614	0.00555	0.04327	0.05743	0.06694	0.20226	0.18986	0.22528	0.08277	0.00833	0.00221	0.00351	0.05603	0.00527	0.00535
33	0.03299	0.01009	0.04513	0.15147	0.07331	0.01016	0.00959	0.08494	0.15002	0.05503	0.18252	0.06454	0.06873	0.02985	0.00635	0.00187	0.00482	0.00717	0.00461	0.00680
34	0.03074	0.00965	0.01562	0.63140	0.06477	0.01192	0.01396	0.01379	0.01076	0.01457	0.01048	0.03911	0.00847	0.00610	0.00622	0.00183	0.06073	0.00514	0.03867	0.00606
35	0.84691	0.01054	0.00801	0.00717	0.01054	0.01223	0.00590	0.01603	0.00928	0.02446	0.00759	0.00886	0.00590	0.00506	0.00337	0.00169	0.00422	0.00295	0.00337	0.00590
36	0.00799	0.00533	0.00618	0.00618	0.00632	0.00542	0.00365	0.00826	0.00812	0.01110	0.01696	0.03382	0.01904	0.70902	0.09850	0.00548	0.00607	0.00764	0.03142	0.00351
37	0.10983	0.26794	0.22669	0.01124	0.01608	0.03955	0.01172	0.06473	0.01239	0.07429	0.03322	0.01310	0.03074	0.00643	0.01744	0.00167	0.04833	0.00415	0.00319	0.00725
38	0.04397	0.14854	0.06970	0.01097	0.01474	0.03886	0.00960	0.37456	0.03040	0.02395	0.01209	0.04545	0.00990	0.00811	0.00711	0.11076	0.00579	0.00484	0.02328	0.00739
39	0.01940	0.15815	0.01769	0.01321	0.01637	0.63556	0.01033	0.04183	0.01500	0.01386	0.00842	0.00974	0.00708	0.00548	0.00469	0.00137	0.00905	0.00345	0.00280	0.00652
40	0.11966	0.08054	0.03152	0.04091	0.01380	0.09266	0.01845	0.03701	0.01090	0.01654	0.01145	0.03393	0.02957	0.00907	0.05088	0.00214	0.24434	0.00473	0.10316	0.04873
41	0.00757	0.00555	0.00702	0.00666	0.00796	0.00508	0.00494	0.00989	0.01475	0.02052	0.65274	0.04193	0.13750	0.04521	0.00733	0.00188	0.00271	0.00998	0.00577	0.00500

[dist]
# distance from previous block
# <min> <max>
0	1

[block]
# block no. 5 follows, 44 sequences, length 28
# corresponding to MSA columns:
# 234-261
name=unknown_F
#
# <colnr> <probs for GDERKNQSTAVLIFYWHMCP>
#	G	D	E	R	K	N	Q	S	T	A	V	L	I	F	Y	W	H	M	C	P
0	0.03082	0.00955	0.01124	0.00942	0.01237	0.00963	0.00746	0.22939	0.05011	0.22384	0.13188	0.14385	0.06706	0.00935	0.00582	0.00176	0.00431	0.00785	0.02684	0.00744
1	0.05061	0.01344	0.01430	0.01117	0.01504	0.01476	0.00917	0.60006	0.02267	0.05166	0.01379	0.01413	0.00994	0.00647	0.00514	0.00159	0.00539	0.00487	0.12726	0.00853
2	0.05234	0.01034	0.01291	0.01012	0.01420	0.00989	0.00830	0.11768	0.10001	0.57400	0.02003	0.01772	0.01304	0.00673	0.00541	0.00170	0.00476	0.00540	0.00633	0.00908
3	0.00664	0.00474	0.00633	0.00759	0.00791	0.00443	0.00506	0.00759	0.01044	0.01392	0.03005	0.80485	0.03606	0.01708	0.00696	0.00221	0.00316	0.01550	0.00506	0.00443
4	0.00840	0.00590	0.00669	0.00640	0.00830	0.00510	0.00493	0.01017	0.01338	0.08250	0.21088	0.04735	0.50923	0.01266	0.00641	0.00183	0.00299	0.04631	0.00542	0.00515
5	0.01410	0.69988	0.02605	0.00945	0.01366	0.04871	0.00912	0.01585	0.01100	0.01283	0.00833	0.01008	0.00768	0.00840	0.08363	0.00195	0.00688	0.00324	0.00241	0.00675
6	0.00854	0.00607	0.00838	0.00955	0.01064	0.00605	0.00809	0.01074	0.01205	0.01572	0.02818	0.12536	0.03101	0.06857	0.00884	0.00267	0.00487	0.62491	0.00491	0.00485
7	0.00791	0.00602	0.00899	0.00892	0.00987	0.00710	0.00696	0.00983	0.00875	0.01267	0.01439	0.02114	0.01344	0.03998	0.76443	0.00858	0.03740	0.00581	0.00290	0.00490
8	0.84691	0.01054	0.00801	0.00717	0.01054	0.01223	0.00590	0.01603	0.00928	0.02446	0.00759	0.00886	0.00590	0.00506	0.00337	0.00169	0.00422	0.00295	0.00337	0.00590
9	0.01101	0.01015	0.01662	0.41478	0.21834	0.01184	0.01384	0.01391	0.01123	0.01530	0.07552	0.01637	0.01153	0.00687	0.00757	0.04242	0.08818	0.00527	0.00280	0.00644
10	0.01872	0.02132	0.01401	0.01257	0.01538	0.56910	0.00953	0.06327	0.06181	0.04664	0.02800	0.01386	0.03686	0.00628	0.00502	0.00147	0.00819	0.00435	0.05702	0.00659
11	0.06938	0.02796	0.01268	0.07706	0.05567	0.01049	0.03361	0.14793	0.01321	0.08396	0.01336	0.01690	0.01086	0.04348	0.14625	0.05949	0.04462	0.00511	0.12157	0.00640
12	0.03288	0.03016	0.17529	0.10051	0.01921	0.01092	0.08935	0.09668	0.02854	0.18370	0.02988	0.06081	0.01206	0.00805	0.02513	0.04317	0.00633	0.00567	0.03429	0.00736
13	0.01185	0.00885	0.01065	0.00895	0.01177	0.00829	0.02287	0.16807	0.01454	0.04874	0.08421	0.23530	0.05787	0.04463	0.00661	0.00175	0.00421	0.00828	0.00465	0.23792
14	0.21540	0.10139	0.24636	0.01369	0.10426	0.05261	0.01231	0.05582	0.01236	0.03617	0.07548	0.01368	0.01114	0.00641	0.02015	0.00176	0.00627	0.00434	0.00323	0.00718
15	0.03037	0.58162	0.14844	0.01017	0.01499	0.01848	0.01065	0.03092	0.01117	0.01411	0.00879	0.01109	0.00789	0.04566	0.03452	0.00177	0.00647	0.00349	0.00248	0.00693
16	0.04510	0.00910	0.01215	0.00940	0.01345	0.00798	0.00775	0.02561	0.01523	0.72091	0.02096	0.01839	0.01332	0.00668	0.00534	0.00167	0.00452	0.00540	0.04804	0.00898
17	0.00983	0.00828	0.01299	0.51712	0.02701	0.00990	0.01155	0.01278	0.01119	0.01534	0.07718	0.03949	0.04158	0.00729	0.00631	0.03360	0.02673	0.00582	0.12041	0.00560
18	0.01225	0.01295	0.04364	0.27930	0.24650	0.06573	0.12927	0.01585	0.02826	0.01584	0.01141	0.06256	0.00977	0.00606	0.00611	0.00178	0.03722	0.00566	0.00281	0.00704
19	0.00863	0.00554	0.00731	0.00746	0.00859	0.00509	0.00542	0.01044	0.01313	0.08061	0.34781	0.36633	0.06367	0.01352	0.00661	0.00195	0.00308	0.03403	0.00560	0.00516
20	0.00793	0.00529	0.00595	0.00595	0.00595	0.00529	0.00330	0.00793	0.00793	0.01057	0.01718	0.03568	0.01982	0.80840	0.02775	0.00529	0.00529	0.00793	0.00330	0.00330
21	0.04538	0.59271	0.13990	0.01032	0.01518	0.01894	0.01080	0.01645	0.01119	0.03389	0.02671	0.01031	0.00819	0.00515	0.00442	0.00134	0.03606	0.00339	0.00257	0.00709
22	0.05207	0.02698	0.72246	0.01532	0.02308	0.01267	0.03884	0.01721	0.01144	0.01762	0.00971	0.01146	0.00689	0.00516	0.00512	0.00173	0.00790	0.00404	0.00237	0.00793
23	0.00781	0.00568	0.00792	0.04330	0.01080	0.00563	0.00725	0.00961	0.01145	0.01504	0.02860	0.42118	0.03260	0.01562	0.00716	0.00234	0.00421	0.35410	0.00493	0.00478
24	0.01106	0.01016	0.04551	0.08905	0.01553	0.00869	0.02656	0.05849	0.04042	0.01812	0.04308	0.09750	0.04198	0.00671	0.00527	0.00134	0.02504	0.00564	0.02403	0.42581
25	0.01238	0.02243	0.53458	0.01472	0.02121	0.01189	0.07708	0.01781	0.03040	0.09689	0.04894	0.01477	0.01046	0.02568	0.00642	0.00185	0.03677	0.00484	0.00309	0.00780
26	0.01121	0.00969	0.01177	0.08068	0.01519	0.00771	0.00726	0.01375	0.01127	0.01741	0.00969	0.01160	0.00800	0.00417	0.00417	0.00090	0.00434	0.00338	0.00316	0.76466
27	0.06474	0.76340	0.02733	0.00920	0.01378	0.02101	0.00912	0.01631	0.01097	0.01353	0.00758	0.00875	0.00693	0.00469	0.00349	0.00120	0.00573	0.00292	0.00239	0.00693

[dist]
# distance from previous block
# <min> <max>
0	1

[block]
# block no. 6 follows, 44 sequences, length 29
# corresponding to MSA columns:
# 263-291
name=unknown_G
#
# <colnr> <probs for GDERKNQSTAVLIFYWHMCP>
#	G	D	E	R	K	N	Q	S	T	A	V	L	I	F	Y	W	H	M	C	P
0	0.11206	0.03723	0.01147	0.00888	0.01239	0.00917	0.00724	0.04919	0.08327	0.32424	0.10987	0.02093	0.03064	0.00713	0.00515	0.00160	0.00424	0.02803	0.03591	0.10137
1	0.00694	0.00553	0.00612	0.00600	0.00753	0.00486	0.00442	0.00855	0.01281	0.01631	0.24703	0.04719	0.49863	0.07457	0.02765	0.00224	0.00320	0.01064	0.00513	0.00466
2	0.01065	0.00555	0.00560	0.00542	0.00683	0.00562	0.00411	0.04675	0.01208	0.02097	0.01757	0.01999	0.01376	0.00636	0.00389	0.00129	0.00270	0.00507	0.80052	0.00527
3	0.00932	0.00488	0.00716	0.00716	0.00736	0.00499	0.00491	0.00776	0.00757	0.01052	0.01058	0.01736	0.01023	0.02065	0.10763	0.69326	0.00572	0.00488	0.05521	0.00282
4	0.01384	0.01185	0.01249	0.01115	0.01428	0.01369	0.00870	0.05758	0.73548	0.02326	0.02183	0.02006	0.01635	0.00736	0.00554	0.00184	0.00438	0.00611	0.00554	0.00865
5	0.02116	0.01361	0.01522	0.01177	0.01602	0.01457	0.00969	0.53544	0.07048	0.21128	0.01568	0.01486	0.01075	0.00665	0.00547	0.00166	0.00557	0.00513	0.00577	0.00923
6	0.00732	0.00542	0.00676	0.00689	0.00801	0.00496	0.00505	0.00918	0.01324	0.01790	0.39556	0.20302	0.18371	0.05638	0.00776	0.00208	0.00302	0.05351	0.00542	0.00478
7	0.00663	0.00546	0.00586	0.00613	0.00771	0.00469	0.00459	0.00802	0.01214	0.01471	0.04976	0.16396	0.61432	0.01437	0.00659	0.00194	0.00297	0.06049	0.00506	0.00460
8	0.02097	0.01487	0.01611	0.01235	0.01671	0.01631	0.01021	0.70760	0.02496	0.08392	0.01365	0.01345	0.00955	0.00656	0.00546	0.00164	0.00591	0.00495	0.00554	0.00927
9	0.06490	0.01005	0.01240	0.00985	0.01369	0.00970	0.00803	0.11074	0.10205	0.50816	0.07597	0.01926	0.01580	0.00704	0.00545	0.00170	0.00458	0.00569	0.00622	0.00872
10	0.00756	0.00517	0.00652	0.00699	0.00736	0.00522	0.00460	0.00841	0.00922	0.01278	0.02155	0.31789	0.02441	0.33170	0.15017	0.00450	0.00594	0.01020	0.05570	0.00410
11	0.01438	0.01132	0.01227	0.01072	0.01381	0.01271	0.00841	0.11727	0.54633	0.06512	0.10661	0.02167	0.01953	0.00768	0.00563	0.00180	0.00434	0.00639	0.00565	0.00835
12	0.01103	0.01047	0.01836	0.53500	0.16198	0.01198	0.08825	0.01444	0.01127	0.01487	0.01050	0.01589	0.00842	0.00604	0.00617	0.03159	0.00716	0.02753	0.00258	0.00647
13	0.01959	0.02346	0.01470	0.01321	0.01603	0.66212	0.00999	0.08065	0.01596	0.01560	0.00955	0.01093	0.00776	0.00575	0.00487	0.00141	0.00894	0.00375	0.06928	0.00646
14	0.01462	0.68492	0.09907	0.01023	0.01510	0.07170	0.01044	0.01678	0.01141	0.01328	0.00785	0.00908	0.00699	0.00478	0.00375	0.00124	0.00631	0.00306	0.00236	0.00705
15	0.00848	0.00732	0.03754	0.14436	0.01506	0.00697	0.05750	0.01007	0.01047	0.01383	0.02204	0.33970	0.04759	0.06698	0.00969	0.09818	0.00496	0.09055	0.00393	0.00479
16	0.00826	0.00610	0.00792	0.00770	0.00803	0.00689	0.00531	0.00903	0.00825	0.01152	0.01535	0.02858	0.01652	0.47215	0.28433	0.00619	0.08377	0.00692	0.00309	0.00409
17	0.01251	0.07313	0.42091	0.09249	0.15697	0.01276	0.04276	0.01726	0.01203	0.07067	0.03144	0.01338	0.00899	0.00537	0.00523	0.00168	0.00720	0.00453	0.00282	0.00788
18	0.01124	0.02640	0.69077	0.01765	0.11213	0.01270	0.01974	0.01720	0.01162	0.01733	0.00984	0.01174	0.00711	0.00514	0.00521	0.00171	0.00787	0.00413	0.00235	0.00813
19	0.02446	0.00928	0.01265	0.00970	0.01392	0.00801	0.00801	0.02657	0.01560	0.77817	0.02151	0.01856	0.01350	0.00675	0.00548	0.00169	0.00464	0.00548	0.00675	0.00928
20	0.00688	0.00493	0.00655	0.00754	0.00804	0.00460	0.00518	0.00814	0.01133	0.01532	0.15438	0.65633	0.03851	0.01603	0.00689	0.00214	0.00311	0.03433	0.00522	0.00456
21	0.36778	0.03202	0.09263	0.17928	0.01822	0.01190	0.00988	0.04235	0.03741	0.06358	0.03522	0.02937	0.00950	0.00632	0.00524	0.02755	0.01751	0.00437	0.00345	0.00644
22	0.00806	0.00538	0.00681	0.00716	0.00753	0.00544	0.00474	0.02375	0.00962	0.01323	0.04093	0.33082	0.02467	0.27079	0.05751	0.09933	0.02121	0.01017	0.04881	0.00404
23	0.00793	0.00529	0.00595	0.00595	0.00595	0.00529	0.00330	0.00793	0.00793	0.01057	0.01718	0.03568	0.01982	0.80840	0.02775	0.00529	0.00529	0.00793	0.00330	0.00330
24	0.00904	0.00706	0.01050	0.08791	0.01341	0.00813	0.02557	0.05101	0.01036	0.01456	0.01544	0.05614	0.01462	0.03028	0.52470	0.00648	0.03181	0.05484	0.02283	0.00531
25	0.01256	0.00761	0.00942	0.00873	0.01073	0.00754	0.00665	0.09576	0.08081	0.16245	0.16250	0.29234	0.02871	0.01204	0.02041	0.00203	0.00400	0.03649	0.03280	0.00643
26	0.03821	0.00670	0.00891	0.00980	0.01116	0.00691	0.00843	0.01197	0.03992	0.01693	0.06191	0.06894	0.04672	0.01411	0.00750	0.00240	0.02597	0.60335	0.00496	0.00519
27	0.01107	0.01124	0.01780	0.03534	0.01706	0.04736	0.21577	0.01340	0.01117	0.01524	0.06858	0.09918	0.06877	0.03049	0.01088	0.00215	0.27411	0.04106	0.00336	0.00595
28	0.01136	0.05382	0.03735	0.58963	0.03198	0.01244	0.03821	0.01507	0.02884	0.05029	0.01122	0.01644	0.00884	0.00604	0.00590	0.00182	0.03465	0.03692	0.00281	0.00637

[dist]
# distance from previous block
# <min> <max>
1	5

[block]
# block no. 7 follows, 44 sequences, length 69
# corresponding to MSA columns:
# 297-365
name=unknown_H
#
# <colnr> <probs for GDERKNQSTAVLIFYWHMCP>
#	G	D	E	R	K	N	Q	S	T	A	V	L	I	F	Y	W	H	M	C	P
0	0.63301	0.01158	0.01015	0.06556	0.03755	0.05384	0.00753	0.04400	0.01048	0.02271	0.00813	0.00980	0.00638	0.00528	0.00422	0.00167	0.02968	0.00332	0.00330	0.03182
1	0.00714	0.00508	0.00662	0.00742	0.00797	0.00480	0.00514	0.00839	0.01123	0.01514	0.15969	0.51151	0.05058	0.10592	0.00927	0.00249	0.00343	0.06866	0.00502	0.00447
2	0.01113	0.00999	0.09556	0.03065	0.05306	0.00827	0.00852	0.08125	0.04713	0.06787	0.23671	0.06744	0.05810	0.06671	0.02466	0.04513	0.00477	0.04149	0.01851	0.02305
3	0.01120	0.00931	0.01096	0.00802	0.01253	0.00708	0.00637	0.01358	0.01158	0.03106	0.05212	0.03610	0.01135	0.00485	0.00428	0.00091	0.00394	0.00399	0.00350	0.75724
4	0.01458	0.81168	0.02857	0.00933	0.01399	0.02157	0.00933	0.01632	0.01108	0.01283	0.00758	0.00875	0.00700	0.00466	0.00350	0.00117	0.00583	0.00292	0.00233	0.00700
5	0.46824	0.01375	0.14535	0.00941	0.01319	0.05282	0.00886	0.03929	0.01092	0.04971	0.01162	0.09155	0.01037	0.00706	0.00485	0.02289	0.00520	0.02511	0.00354	0.00628
6	0.00942	0.00627	0.00708	0.00671	0.00737	0.00651	0.00434	0.08072	0.01013	0.01424	0.01664	0.03040	0.01756	0.56741	0.08724	0.00474	0.00581	0.00711	0.10605	0.00423
7	0.01329	0.01144	0.01209	0.01096	0.01393	0.01320	0.00849	0.02813	0.73511	0.02246	0.02250	0.05096	0.01740	0.00777	0.00560	0.00186	0.00427	0.00653	0.00553	0.00847
8	0.00791	0.00528	0.00603	0.00608	0.00614	0.00529	0.00349	0.00806	0.00812	0.01094	0.01761	0.06499	0.02016	0.73967	0.04929	0.00520	0.00543	0.00811	0.01877	0.00343
9	0.84691	0.01054	0.00801	0.00717	0.01054	0.01223	0.00590	0.01603	0.00928	0.02446	0.00759	0.00886	0.00590	0.00506	0.00337	0.00169	0.00422	0.00295	0.00337	0.00590
10	0.01642	0.01313	0.01394	0.01167	0.01526	0.01489	0.00932	0.31886	0.47001	0.02741	0.01856	0.01745	0.01370	0.00706	0.00551	0.00176	0.00499	0.00566	0.00551	0.00889
11	0.00887	0.00587	0.00752	0.00731	0.00884	0.00536	0.00564	0.01106	0.01418	0.07885	0.44148	0.10600	0.16465	0.01221	0.00654	0.00187	0.00312	0.09962	0.00571	0.00531
12	0.00707	0.00510	0.00677	0.00789	0.00850	0.00480	0.00569	0.00840	0.01116	0.01477	0.06589	0.59461	0.07533	0.01626	0.00701	0.00222	0.00345	0.14542	0.00510	0.00458
13	0.01485	0.01220	0.01232	0.01100	0.01404	0.06830	0.00865	0.06949	0.53954	0.07681	0.02083	0.02144	0.01605	0.00758	0.00554	0.00181	0.00481	0.04865	0.03792	0.00820
14	0.02383	0.00914	0.01245	0.00959	0.01370	0.00790	0.00790	0.02595	0.01560	0.74960	0.04984	0.01939	0.01493	0.00691	0.00552	0.00169	0.00456	0.00565	0.00672	0.00912
15	0.00885	0.00496	0.00555	0.00602	0.00693	0.00484	0.00428	0.01080	0.01106	0.01793	0.02236	0.31305	0.02221	0.01035	0.00499	0.00162	0.00277	0.00897	0.52762	0.00484
16	0.77424	0.01043	0.00842	0.00739	0.01084	0.01186	0.00609	0.01696	0.00984	0.09106	0.00882	0.00971	0.00657	0.00521	0.00356	0.00169	0.00425	0.00318	0.00367	0.00620
17	0.01990	0.02521	0.01552	0.01406	0.01672	0.74444	0.01061	0.02130	0.01506	0.01333	0.00836	0.00995	0.00703	0.00583	0.00562	0.00146	0.05293	0.00358	0.00279	0.00630
18	0.00842	0.00607	0.00759	0.00822	0.00904	0.00601	0.00573	0.10221	0.01236	0.01650	0.02790	0.70478	0.03267	0.01575	0.00677	0.00214	0.00352	0.01416	0.00511	0.00504
19	0.48010	0.01154	0.06458	0.17394	0.06780	0.01193	0.00970	0.01586	0.01044	0.05044	0.03775	0.01217	0.00848	0.00552	0.00453	0.00173	0.01992	0.00394	0.00327	0.00637
20	0.00982	0.00872	0.01445	0.64089	0.03167	0.01063	0.01314	0.01265	0.01052	0.01354	0.01191	0.10170	0.01063	0.00789	0.00698	0.07397	0.00660	0.00601	0.00271	0.00556
21	0.03212	0.00682	0.00833	0.00817	0.00983	0.00656	0.00602	0.05465	0.05957	0.11284	0.09283	0.42287	0.09209	0.01304	0.00634	0.00197	0.00359	0.02559	0.00531	0.03149
22	0.01201	0.01131	0.01897	0.43025	0.37050	0.01262	0.01574	0.03441	0.01197	0.01621	0.01003	0.01403	0.00794	0.00521	0.00543	0.00172	0.00688	0.00485	0.00263	0.00731
23	0.01235	0.01376	0.02957	0.03716	0.02693	0.01298	0.66974	0.01667	0.01272	0.01719	0.01272	0.04810	0.01060	0.00567	0.00649	0.00189	0.00869	0.04672	0.00296	0.00709
24	0.84691	0.01054	0.00801	0.00717	0.01054	0.01223	0.00590	0.01603	0.00928	0.02446	0.00759	0.00886	0.00590	0.00506	0.00337	0.00169	0.00422	0.00295	0.00337	0.00590
25	0.01257	0.01228	0.03716	0.28572	0.49171	0.01278	0.01610	0.03613	0.01225	0.01696	0.01013	0.01378	0.00816	0.00511	0.00541	0.00169	0.00676	0.00484	0.00267	0.00778
26	0.01117	0.02527	0.63148	0.01654	0.02397	0.01263	0.14364	0.01710	0.01185	0.01743	0.03213	0.01290	0.00843	0.00525	0.00543	0.00175	0.00809	0.00460	0.00249	0.00785
27	0.01113	0.00637	0.00812	0.00728	0.00931	0.00567	0.00564	0.01333	0.01471	0.18623	0.43307	0.05274	0.18961	0.01091	0.00625	0.00176	0.00312	0.02289	0.00594	0.00593
28	0.01193	0.01193	0.01670	0.01431	0.01431	0.01670	0.01193	0.01312	0.00835	0.01312	0.00716	0.01193	0.00716	0.00954	0.01789	0.00239	0.79843	0.00477	0.00239	0.00596
29	0.17051	0.01020	0.01226	0.00958	0.01366	0.00980	0.00791	0.10973	0.01565	0.55724	0.01805	0.01619	0.01165	0.00642	0.00510	0.00168	0.00472	0.00496	0.00600	0.00868
30	0.01332	0.01321	0.02293	0.05372	0.60441	0.02944	0.12550	0.01671	0.01250	0.01751	0.01083	0.01496	0.00914	0.00514	0.00560	0.00168	0.00693	0.02548	0.00277	0.00822
31	0.00776	0.00547	0.00695	0.00686	0.00799	0.00503	0.00496	0.00971	0.01366	0.03505	0.48995	0.18449	0.11790	0.06985	0.00805	0.00208	0.00294	0.01085	0.00555	0.00491
32	0.00690	0.00549	0.00614	0.00606	0.00760	0.00478	0.00448	0.00860	0.01316	0.01684	0.28077	0.08593	0.48509	0.03526	0.00706	0.00192	0.00279	0.01108	0.00531	0.00473
33	0.03592	0.01103	0.01167	0.01044	0.01342	0.01251	0.00814	0.04768	0.61966	0.03975	0.06879	0.02273	0.05861	0.00786	0.00559	0.00183	0.00418	0.00653	0.00551	0.00816
34	0.03572	0.01108	0.01232	0.10646	0.01588	0.05698	0.00876	0.25430	0.05870	0.08570	0.04155	0.11996	0.05585	0.03521	0.04957	0.00225	0.00583	0.00691	0.02993	0.00702
35	0.84691	0.01054	0.00801	0.00717	0.01054	0.01223	0.00590	0.01603	0.00928	0.02446	0.00759	0.00886	0.00590	0.00506	0.00337	0.00169	0.00422	0.00295	0.00337	0.00590
36	0.00724	0.00601	0.03043	0.00757	0.00847	0.00539	0.00558	0.00848	0.01040	0.01369	0.03042	0.39843	0.16953	0.13377	0.08127	0.00319	0.01947	0.05167	0.00447	0.00451
37	0.13426	0.00924	0.05042	0.05132	0.02278	0.00909	0.03072	0.09190	0.03571	0.02150	0.01552	0.01751	0.03233	0.00631	0.00467	0.00151	0.02406	0.00493	0.43014	0.00609
38	0.67045	0.03652	0.00952	0.00797	0.01129	0.03620	0.00661	0.07274	0.01100	0.02399	0.00938	0.01225	0.00775	0.00574	0.00382	0.00169	0.00459	0.04248	0.01985	0.00615
39	0.01972	0.02461	0.01555	0.04451	0.01758	0.71110	0.01075	0.04137	0.01533	0.01394	0.00856	0.01017	0.00710	0.00576	0.00536	0.00146	0.03426	0.00364	0.00285	0.00638
40	0.00765	0.00553	0.00723	0.00690	0.00813	0.00510	0.00514	0.01013	0.01515	0.02141	0.72908	0.08446	0.05056	0.01149	0.00646	0.00174	0.00261	0.01018	0.00595	0.00510
41	0.00754	0.00556	0.00700	0.00665	0.00798	0.00507	0.00496	0.00988	0.01482	0.02057	0.65128	0.04226	0.15253	0.03159	0.00697	0.00182	0.00267	0.01004	0.00580	0.00502
42	0.00812	0.00568	0.00732	0.00684	0.00826	0.00519	0.00516	0.01059	0.01521	0.04404	0.69531	0.04094	0.10432	0.01121	0.00640	0.00172	0.00265	0.00985	0.00595	0.00523
