[name]
unknown

[dist]
# distance from previous block
# <min> <max>
1	30

[block]
# block no. 0 follows, 42 sequences, length 30
# corresponding to MSA columns:
# 35-64
name=unknown_A
#
# <colnr> <probs for GDERKNQSTAVLIFYWHMCP>
#	G	D	E	R	K	N	Q	S	T	A	V	L	I	F	Y	W	H	M	C	P
0	0.04080	0.08427	0.29392	0.01184	0.01715	0.01162	0.01256	0.06911	0.03591	0.16875	0.01645	0.07831	0.03410	0.00715	0.00534	0.00170	0.00600	0.01752	0.02760	0.05991
1	0.11595	0.09717	0.16300	0.01141	0.01617	0.04857	0.01091	0.19913	0.05208	0.04928	0.02621	0.01456	0.02909	0.01746	0.03252	0.00188	0.00634	0.00460	0.00396	0.09973
2	0.02883	0.28142	0.24489	0.01400	0.06465	0.01586	0.05128	0.07784	0.03976	0.07598	0.04661	0.01361	0.01057	0.00573	0.00494	0.00158	0.00660	0.00449	0.00337	0.00799
3	0.10208	0.08845	0.33270	0.03326	0.02035	0.01268	0.12508	0.01764	0.01210	0.09789	0.01341	0.01561	0.03936	0.04448	0.00640	0.00191	0.00704	0.00499	0.00324	0.02133
4	0.08707	0.03560	0.18142	0.07739	0.01858	0.01192	0.07886	0.03711	0.15594	0.06552	0.01882	0.07294	0.07616	0.03078	0.00662	0.00197	0.02551	0.00647	0.00401	0.00732
5	0.03448	0.01083	0.03618	0.33709	0.07384	0.04199	0.01177	0.09200	0.01327	0.06399	0.01651	0.16745	0.03255	0.03550	0.00665	0.00201	0.00619	0.00731	0.00379	0.00660
6	0.12675	0.04370	0.11959	0.01231	0.01698	0.03603	0.02985	0.34882	0.01891	0.12325	0.01403	0.01632	0.01058	0.00679	0.00539	0.00175	0.00619	0.04952	0.00478	0.00845
7	0.08860	0.01312	0.06394	0.17313	0.03851	0.03851	0.01121	0.19727	0.03075	0.23428	0.04490	0.01613	0.01173	0.00649	0.00546	0.00175	0.00602	0.00517	0.00482	0.00820
8	0.03344	0.00718	0.00844	0.00802	0.00980	0.00721	0.00613	0.03241	0.13746	0.02145	0.43231	0.08729	0.12685	0.01148	0.00646	0.00188	0.00328	0.04719	0.00580	0.00592
9	0.00810	0.00547	0.00612	0.00612	0.00621	0.00542	0.00345	0.00818	0.00842	0.01113	0.01976	0.03772	0.05892	0.76151	0.02751	0.00527	0.00532	0.00837	0.00350	0.00348
10	0.01978	0.01102	0.01446	0.01142	0.01525	0.01091	0.05941	0.20496	0.07032	0.35900	0.07141	0.07116	0.01698	0.00877	0.02643	0.00198	0.00546	0.00664	0.00598	0.00864
11	0.01184	0.01857	0.29054	0.15023	0.02738	0.01316	0.29221	0.01674	0.01213	0.01712	0.01120	0.03350	0.00869	0.00571	0.00648	0.00187	0.04340	0.00560	0.02622	0.00741
12	0.00686	0.00490	0.00653	0.00784	0.00816	0.00457	0.00522	0.00784	0.01077	0.01437	0.03102	0.79855	0.03722	0.01763	0.00718	0.00229	0.00326	0.01600	0.00522	0.00457
13	0.05692	0.01405	0.02120	0.11561	0.55835	0.07752	0.04088	0.01737	0.01275	0.01789	0.01025	0.01353	0.00846	0.00515	0.00546	0.00169	0.00704	0.00485	0.00280	0.00822
14	0.03840	0.01163	0.04341	0.01014	0.01400	0.03049	0.00847	0.10243	0.02672	0.10499	0.07597	0.04312	0.01381	0.00667	0.00644	0.00144	0.08917	0.00508	0.00422	0.36341
15	0.00944	0.00795	0.01124	0.01061	0.01118	0.01003	0.00839	0.01106	0.00931	0.01384	0.01508	0.13768	0.01536	0.02558	0.36206	0.00537	0.27667	0.00714	0.04666	0.00535
16	0.01263	0.00785	0.00812	0.00734	0.00941	0.00840	0.00570	0.12305	0.13085	0.02350	0.01836	0.01989	0.01415	0.00675	0.00446	0.00146	0.00343	0.00539	0.58278	0.00645
17	0.00800	0.00610	0.00740	0.00784	0.00897	0.00593	0.00566	0.01107	0.09460	0.01706	0.16914	0.37979	0.15581	0.04255	0.00763	0.00222	0.00341	0.05622	0.00539	0.00521
18	0.01381	0.14905	0.39664	0.04110	0.02159	0.03595	0.08358	0.01867	0.03127	0.09449	0.01201	0.01345	0.02018	0.00578	0.00578	0.00172	0.03935	0.00458	0.00305	0.00795
19	0.00720	0.00525	0.00683	0.00801	0.00848	0.00503	0.00540	0.00891	0.04707	0.01481	0.03062	0.76073	0.03625	0.01714	0.00711	0.00227	0.00332	0.01553	0.00525	0.00478
20	0.00692	0.00495	0.00649	0.00769	0.00804	0.00462	0.00510	0.00786	0.01070	0.01421	0.03103	0.73915	0.05594	0.05808	0.00828	0.00244	0.00337	0.01548	0.00513	0.00452
21	0.05298	0.23012	0.37513	0.01343	0.01968	0.06536	0.03618	0.04729	0.01290	0.08275	0.01052	0.01168	0.00784	0.00541	0.00486	0.00160	0.00729	0.00401	0.00301	0.00795
22	0.00749	0.00569	0.00817	0.00980	0.05563	0.00537	0.02216	0.00879	0.01123	0.01513	0.06800	0.69296	0.03568	0.01625	0.00704	0.00221	0.00358	0.01481	0.00507	0.00494
23	0.00990	0.00763	0.00960	0.02738	0.01097	0.00820	0.00699	0.11206	0.02877	0.01890	0.16584	0.39557	0.05037	0.02985	0.00839	0.00216	0.08515	0.01151	0.00509	0.00568
24	0.01256	0.01354	0.02749	0.20156	0.03019	0.01359	0.51261	0.01767	0.05879	0.01743	0.01223	0.03384	0.00950	0.00543	0.00636	0.00190	0.00857	0.00646	0.00300	0.00729
25	0.01914	0.02207	0.01581	0.01476	0.05311	0.51947	0.01081	0.09701	0.09596	0.01719	0.01101	0.01273	0.00903	0.02946	0.00660	0.00170	0.04922	0.00434	0.00347	0.00710
26	0.01187	0.01024	0.01287	0.15714	0.01835	0.00886	0.00854	0.04398	0.01219	0.01828	0.01014	0.01238	0.00823	0.00455	0.00450	0.00107	0.00488	0.00372	0.00327	0.64495
27	0.03879	0.01552	0.07977	0.09661	0.29248	0.09328	0.09618	0.03429	0.04434	0.01781	0.01057	0.01348	0.00853	0.00569	0.00664	0.00173	0.07732	0.00487	0.00296	0.05915
28	0.01466	0.06283	0.02060	0.04584	0.40418	0.07344	0.06444	0.05323	0.03474	0.04418	0.01302	0.01522	0.03969	0.00558	0.00541	0.00159	0.00659	0.00508	0.00328	0.08638
29	0.01694	0.18644	0.06683	0.03677	0.04410	0.21787	0.05011	0.07189	0.03616	0.07769	0.01050	0.01220	0.00840	0.00634	0.00716	0.00168	0.13389	0.00433	0.00329	0.00740

[dist]
# distance from previous block
# <min> <max>
1	7

[block]
# block no. 1 follows, 42 sequences, length 45
# corresponding to MSA columns:
# 72-116
name=unknown_B
#
# <colnr> <probs for GDERKNQSTAVLIFYWHMCP>
#	G	D	E	R	K	N	Q	S	T	A	V	L	I	F	Y	W	H	M	C	P
0	0.04387	0.01367	0.01638	0.01315	0.03821	0.01453	0.05504	0.41897	0.07789	0.11129	0.01437	0.01473	0.01040	0.00744	0.02676	0.00187	0.02803	0.00513	0.00510	0.08314
1	0.01695	0.01152	0.03368	0.01051	0.01389	0.01158	0.00849	0.22748	0.17775	0.18020	0.06329	0.02235	0.01670	0.12737	0.00917	0.00231	0.00517	0.01949	0.00545	0.03665
2	0.00692	0.00528	0.00630	0.00703	0.00798	0.00474	0.00491	0.00812	0.01164	0.01485	0.06107	0.45525	0.30587	0.04459	0.00776	0.00225	0.00322	0.03240	0.00519	0.00463
3	0.01402	0.01115	0.01329	0.09840	0.01666	0.01138	0.00894	0.20131	0.07640	0.04267	0.04939	0.01837	0.05819	0.03415	0.00682	0.00164	0.05107	0.00537	0.00431	0.27647
4	0.01775	0.01583	0.17135	0.02668	0.01963	0.01295	0.12377	0.14811	0.01551	0.25045	0.01424	0.01499	0.00991	0.00655	0.00735	0.00184	0.10720	0.00525	0.00445	0.02620
5	0.00742	0.00528	0.00707	0.00829	0.00881	0.00504	0.00596	0.00870	0.01110	0.01471	0.02995	0.59061	0.03515	0.06423	0.00860	0.00254	0.00382	0.17296	0.00511	0.00464
6	0.01084	0.00708	0.00999	0.00946	0.01092	0.00695	0.05154	0.01288	0.04532	0.13323	0.02724	0.45455	0.06808	0.06981	0.00897	0.00237	0.04796	0.01197	0.00509	0.00575
7	0.01574	0.10529	0.08950	0.10744	0.02137	0.04203	0.15373	0.06383	0.01327	0.15869	0.01239	0.02759	0.00946	0.00662	0.00786	0.00185	0.14681	0.00527	0.00363	0.00761
8	0.00778	0.00533	0.00641	0.00677	0.00708	0.00521	0.00424	0.00842	0.00969	0.01312	0.06850	0.26727	0.04725	0.44816	0.04547	0.00419	0.00481	0.01062	0.02567	0.00402
9	0.00687	0.00504	0.00645	0.00752	0.00809	0.00462	0.00510	0.00796	0.01123	0.01476	0.05986	0.67064	0.13730	0.01696	0.00709	0.00222	0.00319	0.01523	0.00526	0.00462
10	0.01135	0.01073	0.01791	0.60122	0.03420	0.01288	0.08263	0.03595	0.05747	0.01584	0.01143	0.03407	0.00896	0.00614	0.00624	0.00191	0.03612	0.00550	0.00288	0.00659
11	0.01485	0.03891	0.01819	0.27093	0.15475	0.06127	0.04395	0.17184	0.06532	0.03281	0.01177	0.01453	0.00907	0.00658	0.00657	0.03951	0.02300	0.00503	0.00354	0.00758
12	0.01972	0.01415	0.06126	0.01198	0.01631	0.01404	0.01024	0.38517	0.15484	0.19260	0.04833	0.01719	0.01357	0.00707	0.00568	0.00175	0.00555	0.00559	0.00576	0.00920
13	0.01429	0.01167	0.01363	0.00997	0.01486	0.01032	0.02771	0.20881	0.01563	0.02287	0.01097	0.01225	0.00867	0.00487	0.00462	0.00109	0.00485	0.00388	0.00393	0.59510
14	0.01714	0.01110	0.01309	0.00978	0.01445	0.00988	0.00795	0.16229	0.04161	0.21472	0.01427	0.01427	0.01032	0.00551	0.00489	0.00127	0.00473	0.00438	0.00480	0.43354
15	0.01453	0.17160	0.02871	0.01155	0.01488	0.02927	0.04588	0.15643	0.04034	0.05372	0.05941	0.06312	0.01362	0.00942	0.05133	0.00209	0.12319	0.00559	0.00394	0.10136
16	0.07126	0.08430	0.01553	0.01098	0.01511	0.01369	0.00917	0.30004	0.06561	0.28430	0.04822	0.01645	0.01295	0.00687	0.00559	0.00170	0.01847	0.00526	0.00564	0.00887
17	0.00685	0.00492	0.00651	0.00777	0.00815	0.00458	0.00520	0.00784	0.01083	0.01439	0.03178	0.77676	0.05852	0.01753	0.00717	0.00227	0.00325	0.01588	0.00522	0.00458
18	0.01313	0.01489	0.03227	0.02316	0.02862	0.01410	0.71315	0.01773	0.01308	0.01781	0.01140	0.01530	0.00866	0.00581	0.02690	0.00209	0.02494	0.00659	0.00284	0.00750
19	0.01323	0.01079	0.01245	0.00945	0.01375	0.00960	0.00755	0.16312	0.01449	0.02129	0.01256	0.08450	0.01121	0.00613	0.00524	0.00120	0.03188	0.00491	0.00395	0.56270
20	0.00869	0.00534	0.00593	0.00606	0.00646	0.00531	0.00374	0.00952	0.00946	0.01408	0.01927	0.11052	0.02049	0.49973	0.01955	0.00397	0.00444	0.00817	0.23522	0.00404
21	0.00788	0.00533	0.00623	0.00652	0.00660	0.00525	0.00382	0.00810	0.00877	0.01170	0.02076	0.21040	0.02428	0.62343	0.02375	0.00473	0.00496	0.00996	0.00382	0.00367
22	0.01488	0.70916	0.02797	0.01025	0.01453	0.03639	0.00993	0.01662	0.01123	0.01328	0.00780	0.00939	0.00724	0.00535	0.00516	0.00134	0.08674	0.00322	0.00242	0.00710
23	0.00804	0.00601	0.00894	0.00894	0.00991	0.00698	0.00691	0.00998	0.00901	0.01299	0.01517	0.02263	0.01430	0.06913	0.75330	0.00892	0.01473	0.00611	0.00303	0.00497
24	0.01317	0.01027	0.01133	0.01026	0.01302	0.01136	0.00793	0.02465	0.51879	0.07514	0.14342	0.07286	0.04532	0.00901	0.00598	0.00190	0.00407	0.00767	0.00584	0.00799
25	0.00790	0.00523	0.00699	0.00797	0.00858	0.00485	0.00549	0.00909	0.01143	0.05238	0.07745	0.69121	0.03695	0.01665	0.00709	0.00223	0.00335	0.03492	0.00537	0.00488
26	0.00804	0.00539	0.00618	0.00633	0.00636	0.00536	0.00361	0.00815	0.00847	0.01129	0.01921	0.12131	0.02232	0.71520	0.02626	0.00510	0.00521	0.00905	0.00361	0.00354
27	0.01167	0.01000	0.01167	0.00834	0.01334	0.00750	0.00667	0.01417	0.01167	0.01834	0.01000	0.01167	0.00834	0.00417	0.00417	0.00083	0.00417	0.00333	0.00333	0.83663
28	0.00684	0.00495	0.00648	0.00771	0.00813	0.00458	0.00517	0.00785	0.01090	0.01442	0.03261	0.75292	0.08183	0.01742	0.00715	0.00226	0.00324	0.01575	0.00522	0.00458
29	0.00692	0.00494	0.00655	0.00777	0.00811	0.00462	0.00518	0.00792	0.01084	0.01449	0.05066	0.75650	0.03718	0.03950	0.00777	0.00236	0.00331	0.01562	0.00520	0.00456
30	0.00724	0.00529	0.00711	0.00830	0.00870	0.00516	0.00581	0.00838	0.01091	0.01457	0.03013	0.70458	0.03580	0.01718	0.00761	0.00232	0.02911	0.08198	0.00513	0.00468
31	0.00691	0.00494	0.00657	0.00780	0.00817	0.00460	0.00523	0.00796	0.01101	0.01474	0.06418	0.76433	0.03794	0.01735	0.00716	0.00226	0.00324	0.01574	0.00527	0.00460
32	0.00692	0.00492	0.00651	0.00775	0.00807	0.00461	0.00514	0.00785	0.01065	0.01420	0.03038	0.76188	0.03641	0.05540	0.00822	0.00244	0.00337	0.01562	0.00514	0.00452
33	0.04206	0.72866	0.05081	0.00992	0.01473	0.04851	0.00990	0.01707	0.01155	0.01379	0.00792	0.00916	0.00718	0.00488	0.00371	0.00125	0.00618	0.00307	0.00246	0.00719
34	0.04444	0.00944	0.01271	0.03163	0.01469	0.00848	0.00839	0.02569	0.03324	0.65946	0.04107	0.02142	0.01548	0.00740	0.00572	0.00179	0.00481	0.03844	0.00662	0.00907
35	0.02514	0.00975	0.01317	0.01010	0.01445	0.00853	0.00834	0.04806	0.01640	0.74996	0.02195	0.01899	0.01381	0.00696	0.00566	0.00174	0.00483	0.00564	0.00693	0.00958
36	0.00802	0.00598	0.00748	0.00706	0.00853	0.00555	0.00531	0.01100	0.04240	0.02167	0.64787	0.04281	0.14178	0.01171	0.00661	0.00179	0.00274	0.01025	0.00606	0.00537
37	0.05839	0.22272	0.13941	0.04082	0.01996	0.06185	0.17246	0.03983	0.01339	0.13384	0.03776	0.01394	0.01015	0.00561	0.00518	0.00163	0.00705	0.00481	0.00352	0.00770
38	0.05330	0.03495	0.00801	0.00668	0.00871	0.00806	0.00527	0.12557	0.01392	0.02313	0.01673	0.01884	0.01302	0.00646	0.00416	0.00139	0.00337	0.00503	0.63739	0.00602
39	0.01078	0.01016	0.01715	0.75437	0.07192	0.01254	0.01570	0.01451	0.01132	0.01456	0.01003	0.01495	0.00757	0.00560	0.00562	0.00187	0.00746	0.00500	0.00251	0.00637
40	0.04108	0.01494	0.01701	0.01586	0.13156	0.03730	0.01131	0.50098	0.07599	0.07621	0.01400	0.01426	0.01013	0.00650	0.00556	0.00170	0.00612	0.00510	0.00515	0.00925
41	0.05273	0.01588	0.10873	0.01535	0.04663	0.06010	0.18076	0.17780	0.07518	0.04397	0.03469	0.02583	0.01095	0.00595	0.00556	0.00165	0.00678	0.00533	0.00397	0.12220
42	0.15818	0.01234	0.01931	0.04353	0.17887	0.01233	0.19944	0.07541	0.02791	0.05991	0.03289	0.02826	0.01076	0.02972	0.00612	0.00180	0.00639	0.00542	0.00362	0.08780
43	0.03073	0.03845	0.04377	0.02409	0.41172	0.20420	0.02645	0.01833	0.01373	0.04031	0.05681	0.01485	0.01139	0.00573	0.00538	0.00161	0.00714	0.00492	0.03257	0.00784
44	0.09558	0.02981	0.05807	0.00993	0.03566	0.07581	0.00797	0.03693	0.01428	0.18775	0.18806	0.09660	0.09840	0.00919	0.00573	0.00176	0.00469	0.00761	0.02939	0.00679

[dist]
# distance from previous block
# <min> <max>
1	14

[block]
# block no. 2 follows, 42 sequences, length 92
# corresponding to MSA columns:
# 131-222
name=unknown_C
#
# <colnr> <probs for GDERKNQSTAVLIFYWHMCP>
#	G	D	E	R	K	N	Q	S	T	A	V	L	I	F	Y	W	H	M	C	P
0	0.19800	0.01024	0.01161	0.05475	0.08164	0.02501	0.00892	0.01915	0.22901	0.04780	0.07551	0.07686	0.01937	0.00878	0.00565	0.00195	0.00480	0.10924	0.00470	0.00702
1	0.07931	0.04838	0.06168	0.07356	0.03117	0.00999	0.00893	0.05865	0.01258	0.04250	0.03519	0.01465	0.01045	0.00669	0.03395	0.00155	0.00539	0.02170	0.00354	0.44015
2	0.01140	0.01100	0.01305	0.01184	0.02679	0.10599	0.06346	0.03685	0.01192	0.01571	0.04807	0.19017	0.08862	0.03432	0.06752	0.00261	0.18616	0.00829	0.03341	0.03281
3	0.03353	0.08636	0.08468	0.15532	0.23390	0.01341	0.01349	0.01759	0.09912	0.04765	0.03013	0.04180	0.02795	0.00685	0.00654	0.00181	0.07046	0.01840	0.00341	0.00759
4	0.00750	0.00567	0.00692	0.00674	0.00815	0.00509	0.00500	0.00966	0.01462	0.01978	0.50043	0.10635	0.25796	0.01279	0.00669	0.00185	0.00276	0.01114	0.00584	0.00509
5	0.08830	0.01504	0.01590	0.01235	0.01671	0.01667	0.01018	0.63775	0.05816	0.05237	0.01369	0.01364	0.00974	0.00668	0.00546	0.00170	0.00593	0.00498	0.00549	0.00926
6	0.01505	0.80561	0.02949	0.00963	0.01444	0.02227	0.00963	0.01685	0.01143	0.01324	0.00782	0.00903	0.00722	0.00481	0.00361	0.00120	0.00602	0.00301	0.00241	0.00722
7	0.04716	0.01151	0.01530	0.10049	0.21680	0.03206	0.01119	0.14238	0.03560	0.14554	0.04337	0.02072	0.09959	0.00804	0.02474	0.00191	0.00585	0.00605	0.02379	0.00789
8	0.00782	0.00575	0.00732	0.00692	0.00832	0.00525	0.00519	0.01033	0.01558	0.02174	0.68462	0.04340	0.13314	0.01181	0.00664	0.00178	0.00268	0.01037	0.00609	0.00525
9	0.04504	0.00925	0.01245	0.00992	0.01391	0.00816	0.00824	0.02534	0.01563	0.66624	0.03596	0.02350	0.01618	0.00781	0.00582	0.00182	0.00478	0.07425	0.00669	0.00899
10	0.01129	0.02911	0.77306	0.01604	0.02436	0.01307	0.02079	0.01782	0.01188	0.01782	0.01010	0.01188	0.00713	0.00535	0.00535	0.00178	0.00832	0.00416	0.00238	0.00832
11	0.57981	0.05478	0.01077	0.07181	0.01371	0.01250	0.00734	0.04108	0.01121	0.09222	0.03143	0.01194	0.00867	0.00566	0.00404	0.00171	0.00471	0.00377	0.02627	0.00656
12	0.12829	0.00757	0.00906	0.00793	0.01034	0.00729	0.00621	0.01597	0.03879	0.19921	0.44585	0.03164	0.05068	0.00949	0.00594	0.00177	0.00346	0.00803	0.00596	0.00653
13	0.00716	0.00520	0.00676	0.00747	0.00819	0.00480	0.00518	0.00865	0.01240	0.01678	0.24313	0.52839	0.09378	0.01563	0.00699	0.00211	0.00306	0.01403	0.00550	0.00480
14	0.01393	0.01240	0.04706	0.04066	0.06330	0.03251	0.19022	0.07077	0.04935	0.10198	0.07681	0.07659	0.01671	0.00896	0.02352	0.00211	0.10891	0.05281	0.00416	0.00726
15	0.01049	0.00525	0.00525	0.00525	0.00656	0.00525	0.00393	0.01311	0.01180	0.02098	0.01836	0.02098	0.01442	0.00656	0.00393	0.00131	0.00262	0.00525	0.83346	0.00525
16	0.00685	0.00492	0.00650	0.00777	0.00815	0.00458	0.00519	0.00784	0.01084	0.01439	0.03182	0.77553	0.05972	0.01753	0.00717	0.00227	0.00325	0.01587	0.00522	0.00458
17	0.01151	0.02772	0.71085	0.01566	0.02356	0.01315	0.01982	0.01881	0.07285	0.01829	0.01115	0.01263	0.00795	0.00553	0.00538	0.00179	0.00800	0.00434	0.00265	0.00837
18	0.01159	0.02289	0.53014	0.01477	0.02137	0.01198	0.06694	0.01805	0.07352	0.04206	0.09902	0.03538	0.01428	0.00655	0.00567	0.00181	0.00720	0.00553	0.00333	0.00792
19	0.00702	0.00502	0.00667	0.00773	0.00820	0.00468	0.00524	0.00824	0.01152	0.01555	0.13700	0.68918	0.03952	0.01675	0.00710	0.00221	0.00318	0.01516	0.00536	0.00468
20	0.00693	0.00490	0.00650	0.00779	0.00813	0.00458	0.00520	0.00794	0.01079	0.01449	0.03077	0.78340	0.03678	0.01742	0.00712	0.00227	0.00325	0.01579	0.02136	0.00458
21	0.01397	0.01471	0.08078	0.07871	0.41935	0.05068	0.01486	0.05587	0.14915	0.01952	0.01432	0.01623	0.03474	0.00599	0.00560	0.00174	0.00649	0.00535	0.00350	0.00846
22	0.01393	0.01337	0.02284	0.03454	0.76712	0.01337	0.01727	0.01727	0.01281	0.01839	0.01059	0.01393	0.00891	0.00501	0.00557	0.00167	0.00669	0.00501	0.00279	0.00891
23	0.01049	0.00525	0.00525	0.00525	0.00656	0.00525	0.00393	0.01311	0.01180	0.02098	0.01836	0.02098	0.01442	0.00656	0.00393	0.00131	0.00262	0.00525	0.83346	0.00525
24	0.01129	0.01056	0.01551	0.21012	0.02040	0.03033	0.05960	0.01368	0.01038	0.01498	0.01106	0.04134	0.00987	0.01162	0.09902	0.00278	0.28315	0.00542	0.06489	0.07399
25	0.00719	0.00503	0.00636	0.00737	0.00793	0.00468	0.00499	0.00836	0.01110	0.01508	0.04838	0.63001	0.10303	0.03563	0.00738	0.00224	0.00321	0.01441	0.07297	0.00463
26	0.51759	0.01330	0.07227	0.02851	0.01358	0.06222	0.00827	0.03180	0.11481	0.02319	0.03794	0.03384	0.01041	0.00620	0.00436	0.00177	0.00509	0.00433	0.00383	0.00669
27	0.02171	0.01526	0.01658	0.01271	0.01720	0.01670	0.01050	0.68936	0.02561	0.09566	0.01422	0.01397	0.00993	0.00677	0.00563	0.00169	0.00608	0.00512	0.00574	0.00957
28	0.00858	0.00588	0.00759	0.00714	0.00860	0.00537	0.00536	0.01105	0.01547	0.05489	0.64496	0.07639	0.10382	0.01179	0.00662	0.00180	0.00279	0.01037	0.00611	0.00542
29	0.01760	0.44616	0.06532	0.01159	0.01594	0.26464	0.01054	0.01958	0.01330	0.07568	0.00941	0.01038	0.00777	0.00534	0.00435	0.00136	0.00738	0.00349	0.00294	0.00725
30	0.01328	0.01518	0.03321	0.02372	0.02941	0.01423	0.74668	0.01803	0.01328	0.01803	0.01139	0.01518	0.00854	0.00474	0.00664	0.00190	0.00949	0.00664	0.00285	0.00759
31	0.00870	0.00618	0.00847	0.00964	0.01069	0.00614	0.00805	0.01085	0.01223	0.01597	0.02881	0.15400	0.03187	0.09037	0.00968	0.00282	0.00497	0.57062	0.00502	0.00494
32	0.00926	0.00646	0.00794	0.00740	0.00909	0.00609	0.00558	0.01267	0.07579	0.06525	0.51591	0.06230	0.15356	0.02909	0.00701	0.00190	0.00304	0.00998	0.00597	0.00571
33	0.01099	0.00743	0.02646	0.00818	0.01030	0.00666	0.00649	0.01467	0.07608	0.12602	0.50486	0.06096	0.05691	0.01064	0.00640	0.00180	0.00336	0.03141	0.00603	0.02435
34	0.00746	0.00557	0.00699	0.00746	0.00852	0.00516	0.00543	0.00946	0.02798	0.01737	0.25695	0.35763	0.17969	0.01478	0.00693	0.00207	0.00317	0.06688	0.00552	0.00496
35	0.00832	0.00602	0.00773	0.00867	0.00954	0.00597	0.00629	0.01121	0.09299	0.02933	0.02978	0.58239	0.03384	0.01601	0.00709	0.00228	0.00373	0.12826	0.00530	0.00523
36	0.01382	0.01335	0.02187	0.09506	0.66654	0.03002	0.01672	0.01756	0.03712	0.01813	0.01090	0.01417	0.00903	0.00517	0.00557	0.00169	0.00675	0.00503	0.00286	0.00864
37	0.01443	0.01389	0.02241	0.03312	0.71596	0.03847	0.01683	0.04353	0.01340	0.01884	0.01063	0.01379	0.00888	0.00510	0.00556	0.00166	0.00678	0.00497	0.00289	0.00886
38	0.00685	0.00492	0.00650	0.00777	0.00814	0.00458	0.00519	0.00784	0.01084	0.01439	0.03185	0.77468	0.06056	0.01752	0.00717	0.00227	0.00325	0.01587	0.00522	0.00458
39	0.01492	0.01228	0.01288	0.01137	0.01470	0.03022	0.00888	0.04570	0.65658	0.06814	0.02194	0.02019	0.01632	0.00743	0.00566	0.00185	0.00463	0.00614	0.00566	0.03451
40	0.08126	0.01148	0.01295	0.10572	0.04071	0.08052	0.00953	0.18182	0.01410	0.01971	0.01264	0.01702	0.01079	0.05104	0.26789	0.00435	0.04379	0.00521	0.02291	0.00655
41	0.61119	0.01051	0.00962	0.00814	0.01187	0.01139	0.00671	0.01962	0.01142	0.23598	0.01190	0.01197	0.00831	0.00572	0.00410	0.00174	0.00448	0.00379	0.00447	0.00708
42	0.02525	0.00958	0.01306	0.01001	0.01437	0.00827	0.00827	0.02743	0.01611	0.77102	0.02220	0.01915	0.01393	0.00697	0.00566	0.00174	0.00479	0.00566	0.00697	0.00958
43	0.00838	0.00615	0.00799	0.00880	0.00992	0.00600	0.00689	0.02745	0.03712	0.01706	0.11112	0.33271	0.09230	0.01533	0.00723	0.00229	0.00401	0.28877	0.00534	0.00516
44	0.00704	0.00503	0.00674	0.00804	0.00845	0.00473	0.00554	0.00815	0.01095	0.01457	0.03092	0.73840	0.03683	0.01746	0.00723	0.00231	0.00342	0.07436	0.00522	0.00462
45	0.01990	0.01475	0.01587	0.01230	0.01660	0.01611	0.01009	0.64048	0.05349	0.03311	0.01423	0.03340	0.01060	0.00690	0.00554	0.00165	0.00584	0.00529	0.02591	0.05792
46	0.01194	0.00999	0.01170	0.00837	0.01336	0.00752	0.00670	0.01443	0.01176	0.03311	0.01024	0.01182	0.00845	0.00422	0.00420	0.00085	0.00418	0.00338	0.00341	0.82039
47	0.03333	0.01268	0.01416	0.01153	0.01513	0.01362	0.00935	0.49302	0.02168	0.11084	0.01817	0.14831	0.01585	0.00905	0.00597	0.00184	0.00546	0.04594	0.00564	0.00843
48	0.01239	0.09676	0.63273	0.01528	0.03656	0.01346	0.01868	0.01811	0.01219	0.06003	0.02702	0.01273	0.00856	0.00552	0.00524	0.00173	0.00776	0.00429	0.00273	0.00824
49	0.02511	0.00980	0.01320	0.01012	0.01448	0.00860	0.00836	0.05315	0.01648	0.74477	0.02189	0.01895	0.01378	0.00696	0.00566	0.00174	0.00484	0.00564	0.00692	0.00958
50	0.02190	0.01495	0.01639	0.01256	0.01705	0.01625	0.01038	0.65378	0.02510	0.13196	0.01465	0.01425	0.01014	0.00678	0.00563	0.00170	0.00601	0.00514	0.00580	0.00957
51	0.01129	0.02911	0.77306	0.01604	0.02436	0.01307	0.02079	0.01782	0.01188	0.01782	0.01010	0.01188	0.00713	0.00535	0.00535	0.00178	0.00832	0.00416	0.00238	0.00832
52	0.01129	0.02911	0.77306	0.01604	0.02436	0.01307	0.02079	0.01782	0.01188	0.01782	0.01010	0.01188	0.00713	0.00535	0.00535	0.00178	0.00832	0.00416	0.00238	0.00832
53	0.00815	0.00544	0.00615	0.00618	0.00619	0.00543	0.00346	0.00817	0.00825	0.01100	0.01809	0.05726	0.02091	0.78118	0.02807	0.00537	0.00540	0.00839	0.00346	0.00344
54	0.01062	0.00989	0.01661	0.77042	0.03801	0.01233	0.01536	0.01435	0.01127	0.01453	0.01020	0.01514	0.00766	0.00565	0.00559	0.00186	0.00739	0.00501	0.02189	0.00623
55	0.07888	0.04484	0.53252	0.01471	0.02118	0.01321	0.04628	0.03256	0.01177	0.01813	0.01178	0.04518	0.02725	0.00642	0.00639	0.00185	0.07171	0.00490	0.00275	0.00769
56	0.81862	0.01085	0.00841	0.00748	0.01098	0.01250	0.00616	0.01685	0.00976	0.04657	0.00825	0.00943	0.00632	0.00527	0.00354	0.00174	0.00437	0.00312	0.00358	0.00619
57	0.00833	0.00637	0.00716	0.00680	0.00868	0.00582	0.00515	0.01140	0.07493	0.04325	0.30442	0.04599	0.42610	0.01250	0.00654	0.00185	0.00298	0.01062	0.00567	0.00545
58	0.00691	0.00560	0.00614	0.00624	0.00782	0.00483	0.00459	0.00850	0.01310	0.01641	0.18005	0.15391	0.53778	0.01422	0.00672	0.00193	0.00287	0.01214	0.00540	0.00483
59	0.01140	0.01060	0.01775	0.37169	0.32637	0.01169	0.01476	0.01458	0.01181	0.01598	0.01332	0.12952	0.01243	0.00714	0.00583	0.00185	0.00655	0.00662	0.00301	0.00707
60	0.01076	0.00550	0.00553	0.00543	0.00682	0.00554	0.00410	0.03102	0.01216	0.02133	0.01824	0.02080	0.01431	0.00656	0.00398	0.00132	0.00271	0.00524	0.81330	0.00535
61	0.00790	0.00535	0.00627	0.00652	0.00664	0.00527	0.00385	0.00821	0.00901	0.01206	0.04886	0.19308	0.02514	0.61140	0.02341	0.00467	0.00490	0.00986	0.00389	0.00372
62	0.01184	0.01124	0.01908	0.51095	0.30701	0.01282	0.01623	0.01544	0.01183	0.01585	0.01022	0.01461	0.00802	0.00540	0.00561	0.00180	0.00720	0.00501	0.00261	0.00723
63	0.02430	0.01044	0.01351	0.01043	0.01475	0.00963	0.00859	0.11505	0.04904	0.64977	0.02118	0.01855	0.01354	0.00697	0.00566	0.00174	0.00494	0.00562	0.00675	0.00955
64	0.00772	0.00557	0.00747	0.00851	0.00935	0.00531	0.00649	0.00946	0.01220	0.01618	0.11578	0.42871	0.07053	0.01607	0.00730	0.00231	0.00383	0.25701	0.00532	0.00487
65	0.00709	0.00518	0.00640	0.00716	0.00780	0.00478	0.00481	0.00814	0.01118	0.01466	0.08899	0.50226	0.16748	0.12473	0.01000	0.00261	0.00345	0.01374	0.00505	0.00450
66	0.01002	0.00771	0.01061	0.01010	0.01163	0.00769	0.06696	0.14029	0.01382	0.01847	0.02627	0.57788	0.02985	0.01460	0.00688	0.00215	0.00434	0.02991	0.00510	0.00572
67	0.18332	0.01634	0.01686	0.12996	0.02073	0.22205	0.11280	0.13324	0.01525	0.08211	0.01095	0.01264	0.00814	0.00576	0.00519	0.00170	0.00744	0.00453	0.00371	0.00727
68	0.00737	0.00528	0.00692	0.00805	0.00853	0.00503	0.00548	0.03203	0.01133	0.01510	0.03042	0.75830	0.03622	0.01724	0.00714	0.00227	0.00340	0.02989	0.00524	0.00475
69	0.01096	0.01058	0.01781	0.10614	0.01956	0.03131	0.23079	0.01379	0.01174	0.01633	0.05103	0.14627	0.03583	0.01066	0.05531	0.00237	0.11392	0.00769	0.06463	0.04329
70	0.03949	0.01001	0.01186	0.00906	0.01320	0.00873	0.02975	0.07881	0.03307	0.02025	0.01265	0.03993	0.01075	0.00560	0.00480	0.00117	0.01878	0.02001	0.09853	0.53355
71	0.01049	0.00525	0.00525	0.00525	0.00656	0.00525	0.00393	0.01311	0.01180	0.02098	0.01836	0.02098	0.01442	0.00656	0.00393	0.00131	0.00262	0.00525	0.83346	0.00525
72	0.01841	0.01413	0.01562	0.01374	0.07717	0.03518	0.01020	0.54020	0.02225	0.02973	0.01552	0.07546	0.02752	0.05089	0.00697	0.00192	0.00596	0.00613	0.00511	0.02789
73	0.03786	0.37030	0.05588	0.01064	0.01483	0.10493	0.00969	0.16019	0.01544	0.03722	0.07539	0.01587	0.05712	0.00652	0.00474	0.00147	0.00609	0.00473	0.00372	0.00737
74	0.06685	0.12504	0.16124	0.05423	0.16255	0.06129	0.05447	0.10735	0.03376	0.03966	0.01193	0.01566	0.00979	0.00638	0.00566	0.01983	0.00687	0.04629	0.00337	0.00779
75	0.02011	0.01424	0.01549	0.01212	0.01615	0.01556	0.00985	0.60527	0.05021	0.08214	0.01525	0.04076	0.01169	0.05594	0.00710	0.00195	0.00590	0.00569	0.00557	0.00901
76	0.01049	0.00525	0.00525	0.00525	0.00656	0.00525	0.00393	0.01311	0.01180	0.02098	0.01836	0.02098	0.01442	0.00656	0.00393	0.00131	0.00262	0.00525	0.83346	0.00525
77	0.03579	0.01330	0.01409	0.01123	0.01509	0.03851	0.00905	0.44377	0.05903	0.04199	0.05950	0.07443	0.03271	0.00766	0.00557	0.00163	0.00539	0.00609	0.00521	0.11996
78	0.01049	0.00525	0.00525	0.00525	0.00656	0.00525	0.00393	0.01311	0.01180	0.02098	0.01836	0.02098	0.01442	0.00656	0.00393	0.00131	0.00262	0.00525	0.83346	0.00525
79	0.01462	0.01536	0.04010	0.06411	0.60676	0.11390	0.01637	0.01778	0.01307	0.01752	0.01025	0.01340	0.00857	0.00523	0.00571	0.00167	0.01959	0.00481	0.00277	0.00843
80	0.03108	0.01443	0.07108	0.07838	0.02622	0.01348	0.49283	0.04268	0.01280	0.01781	0.01170	0.03105	0.00933	0.00852	0.07027	0.00250	0.04940	0.00629	0.00295	0.00722
81	0.03595	0.00873	0.00950	0.00839	0.01111	0.00873	0.00660	0.10916	0.14926	0.10380	0.09739	0.03702	0.35659	0.01084	0.00617	0.00186	0.00385	0.02270	0.00559	0.00674
82	0.01155	0.03081	0.01063	0.00915	0.01144	0.03430	0.00692	0.10128	0.14686	0.01956	0.08934	0.20823	0.06193	0.08336	0.00825	0.00211	0.02029	0.00869	0.02527	0.11003
83	0.48714	0.06123	0.01000	0.00779	0.01099	0.01114	0.00636	0.03438	0.01140	0.03973	0.10254	0.06232	0.03862	0.00768	0.01925	0.00181	0.00439	0.00515	0.00401	0.07405
84	0.00952	0.00647	0.00802	0.00822	0.00908	0.00650	0.00572	0.10956	0.01227	0.01653	0.03698	0.46701	0.02743	0.09425	0.01123	0.12673	0.00410	0.01171	0.02383	0.00485
85	0.01159	0.00979	0.01145	0.00834	0.01303	0.00755	0.00665	0.03070	0.01236	0.01908	0.07179	0.01420	0.01203	0.00483	0.00440	0.00093	0.00409	0.00393	0.00362	0.74966
86	0.01349	0.01016	0.05116	0.01109	0.01403	0.00930	0.07722	0.05102	0.15499	0.15500	0.04278	0.17705	0.03587	0.07490	0.00812	0.00225	0.00509	0.07235	0.00511	0.02903
87	0.00960	0.07199	0.00988	0.00860	0.01009	0.00780	0.00636	0.04790	0.08014	0.03383	0.04640	0.50282	0.04388	0.03538	0.00712	0.00215	0.00390	0.03448	0.00501	0.03265
88	0.01184	0.00845	0.01062	0.01015	0.03205	0.00832	0.02226	0.16359	0.01497	0.06160	0.05204	0.32963	0.08058	0.01261	0.00681	0.01850	0.00441	0.08232	0.00513	0.06412
89	0.03019	0.14790	0.25745	0.01288	0.05062	0.02858	0.01258	0.07462	0.06937	0.08431	0.03190	0.10451	0.03136	0.00739	0.00534	0.00170	0.00610	0.00599	0.00384	0.03337
90	0.04896	0.01364	0.02814	0.14557	0.09179	0.12743	0.01086	0.16955	0.08224	0.02044	0.01717	0.08199	0.05447	0.04141	0.00670	0.00197	0.00637	0.04006	0.00410	0.00713
91	0.10568	0.06025	0.04227	0.13092	0.10380	0.03822	0.10869	0.06619	0.13596	0.03771	0.06254	0.01755	0.03672	0.00641	0.00545	0.00175	0.00617	0.00558	0.00387	0.02426

[dist]
# distance from previous block
# <min> <max>
3	25

[block]
# block no. 3 follows, 42 sequences, length 32
# corresponding to MSA columns:
# 248-279
name=unknown_D
#
# <colnr> <probs for GDERKNQSTAVLIFYWHMCP>
#	G	D	E	R	K	N	Q	S	T	A	V	L	I	F	Y	W	H	M	C	P
0	0.01471	0.01506	0.07378	0.02079	0.30785	0.10443	0.02843	0.14337	0.03255	0.02083	0.09923	0.01913	0.01519	0.05753	0.00718	0.00194	0.00657	0.01980	0.00381	0.00783
1	0.03368	0.08805	0.04819	0.04623	0.04095	0.03726	0.00916	0.05937	0.01141	0.01593	0.01522	0.11875	0.01505	0.05047	0.23843	0.00416	0.09201	0.03318	0.03652	0.00597
2	0.09079	0.15310	0.08153	0.04467	0.07090	0.01308	0.02805	0.05589	0.01185	0.04484	0.02702	0.04844	0.02697	0.02537	0.12893	0.00291	0.08185	0.00527	0.00332	0.05524
3	0.01660	0.03069	0.06152	0.01063	0.01394	0.04618	0.00884	0.27737	0.03564	0.14430	0.09025	0.07822	0.01813	0.13102	0.00932	0.00232	0.00556	0.00681	0.00512	0.00755
4	0.01388	0.03647	0.37186	0.03281	0.10616	0.04069	0.08410	0.03533	0.03337	0.10635	0.02866	0.04970	0.01093	0.00630	0.00581	0.00179	0.01889	0.00539	0.00340	0.00812
5	0.07149	0.03667	0.08589	0.02704	0.01659	0.02581	0.05089	0.14508	0.09679	0.02201	0.01189	0.01303	0.00920	0.00530	0.00483	0.00136	0.00549	0.00425	0.00384	0.36256
6	0.21192	0.03456	0.34583	0.09568	0.10878	0.04531	0.01508	0.01705	0.01162	0.01917	0.02537	0.01229	0.00813	0.00542	0.00491	0.00173	0.00692	0.00415	0.00282	0.02327
7	0.01106	0.04689	0.67863	0.01499	0.02253	0.01255	0.01898	0.01709	0.01227	0.01817	0.08412	0.01477	0.01165	0.00594	0.00543	0.00177	0.00770	0.00472	0.00275	0.00799
8	0.01049	0.00525	0.00525	0.00525	0.00656	0.00525	0.00393	0.01311	0.01180	0.02098	0.01836	0.02098	0.01442	0.00656	0.00393	0.00131	0.00262	0.00525	0.83346	0.00525
9	0.00733	0.00540	0.00703	0.00789	0.00867	0.00486	0.00537	0.00846	0.01086	0.01476	0.02895	0.72124	0.03438	0.01631	0.00689	0.00214	0.00335	0.01475	0.00504	0.08632
10	0.00698	0.00510	0.00657	0.00750	0.00813	0.00469	0.00513	0.00824	0.01170	0.01557	0.13284	0.61446	0.11948	0.01643	0.00705	0.00217	0.00314	0.01476	0.00536	0.00469
11	0.10450	0.01058	0.03052	0.01007	0.01438	0.00949	0.00848	0.08342	0.01619	0.60624	0.03481	0.01801	0.01345	0.00683	0.00546	0.00174	0.00490	0.00541	0.00639	0.00912
12	0.00816	0.00555	0.00661	0.00661	0.00677	0.00571	0.00399	0.00848	0.00832	0.01126	0.01730	0.03446	0.01943	0.67981	0.14965	0.00603	0.00701	0.00784	0.00335	0.00367
13	0.00686	0.00490	0.00653	0.00784	0.00816	0.00457	0.00522	0.00784	0.01077	0.01437	0.03102	0.79855	0.03722	0.01763	0.00718	0.00229	0.00326	0.01600	0.00522	0.00457
14	0.01284	0.01431	0.03047	0.15215	0.03098	0.01394	0.62394	0.01741	0.01294	0.01741	0.01115	0.01515	0.00836	0.00489	0.00647	0.00189	0.00915	0.00637	0.00279	0.00737
15	0.02106	0.01560	0.01670	0.01288	0.01732	0.01730	0.01062	0.71587	0.05948	0.03493	0.01394	0.01385	0.00991	0.00680	0.00563	0.00170	0.00611	0.00513	0.00563	0.00954
16	0.01228	0.04843	0.18486	0.01995	0.05211	0.01347	0.42939	0.01669	0.01242	0.01723	0.01268	0.09102	0.01097	0.00640	0.00683	0.00190	0.04626	0.00675	0.00294	0.00741
17	0.03154	0.16999	0.01654	0.01114	0.01472	0.16703	0.00909	0.12731	0.18787	0.10496	0.01730	0.01760	0.05714	0.03635	0.00603	0.00176	0.00612	0.00524	0.00448	0.00777
18	0.02366	0.00927	0.01267	0.01005	0.01410	0.00810	0.00835	0.02588	0.01580	0.69692	0.02295	0.02351	0.01574	0.00781	0.00587	0.00182	0.00483	0.07675	0.00679	0.00915
19	0.01983	0.01333	0.01481	0.01171	0.01564	0.01427	0.00952	0.53735	0.02277	0.13827	0.01826	0.10065	0.04100	0.00824	0.00584	0.00177	0.00555	0.00658	0.00576	0.00885
20	0.01956	0.00922	0.01195	0.00937	0.01325	0.00809	0.00759	0.03783	0.04910	0.47519	0.14884	0.02193	0.01991	0.00734	0.00560	0.00161	0.00434	0.00610	0.00618	0.13698
21	0.04532	0.00996	0.01309	0.01012	0.01442	0.00898	0.00834	0.05736	0.04366	0.69391	0.02150	0.01873	0.01367	0.00694	0.00561	0.00175	0.00482	0.00559	0.00678	0.00946
22	0.00767	0.00572	0.00713	0.00682	0.00824	0.00518	0.00510	0.01004	0.01517	0.02087	0.60266	0.06415	0.19604	0.01222	0.00665	0.00181	0.00271	0.01067	0.00597	0.00518
23	0.84197	0.01088	0.00827	0.00740	0.01088	0.01262	0.00609	0.01654	0.00958	0.02525	0.00784	0.00914	0.00609	0.00522	0.00348	0.00174	0.00435	0.00305	0.00348	0.00609
24	0.01241	0.01250	0.01690	0.01456	0.01468	0.03888	0.01208	0.01367	0.00885	0.01353	0.00771	0.01261	0.00763	0.01092	0.04598	0.00267	0.74088	0.00493	0.00250	0.00613
25	0.00949	0.00489	0.00725	0.00738	0.00741	0.00486	0.00492	0.00738	0.00767	0.01023	0.01186	0.09388	0.01247	0.01936	0.02054	0.75433	0.00473	0.00598	0.00272	0.00265
26	0.00685	0.00493	0.00650	0.00775	0.00814	0.00458	0.00518	0.00785	0.01086	0.01440	0.03210	0.76745	0.06762	0.01749	0.00716	0.00227	0.00325	0.01583	0.00522	0.00458
27	0.02086	0.01536	0.01651	0.01276	0.01711	0.01698	0.01049	0.72109	0.02588	0.03469	0.01416	0.04241	0.01059	0.00716	0.00569	0.00171	0.00608	0.00547	0.00561	0.00939
28	0.00693	0.00504	0.00647	0.00751	0.00804	0.00465	0.00506	0.00799	0.01111	0.01466	0.06259	0.66003	0.11586	0.04577	0.00789	0.00234	0.00328	0.01503	0.00520	0.00458
29	0.00686	0.00490	0.00653	0.00784	0.00816	0.00457	0.00522	0.00784	0.01077	0.01437	0.03102	0.79855	0.03722	0.01763	0.00718	0.00229	0.00326	0.01600	0.00522	0.00457
30	0.00686	0.00490	0.00653	0.00784	0.00816	0.00457	0.00522	0.00784	0.01077	0.01437	0.03102	0.79855	0.03722	0.01763	0.00718	0.00229	0.00326	0.01600	0.00522	0.00457
31	0.01404	0.01435	0.02501	0.02985	0.50475	0.04420	0.21677	0.01819	0.04283	0.01831	0.01122	0.01440	0.00908	0.00508	0.00585	0.00173	0.00750	0.00546	0.00292	0.00846

[dist]
# distance from previous block
# <min> <max>
0	9

[block]
# block no. 4 follows, 42 sequences, length 29
# corresponding to MSA columns:
# 289-303,306-319
name=unknown_E
#
# <colnr> <probs for GDERKNQSTAVLIFYWHMCP>
#	G	D	E	R	K	N	Q	S	T	A	V	L	I	F	Y	W	H	M	C	P
0	0.02388	0.01063	0.01360	0.01047	0.01474	0.00993	0.00863	0.16564	0.01809	0.60224	0.04744	0.01890	0.01451	0.00709	0.00569	0.00173	0.00498	0.00571	0.00668	0.00942
1	0.01364	0.53846	0.25680	0.01157	0.01732	0.01889	0.01296	0.01690	0.01149	0.01464	0.00878	0.01038	0.00744	0.00633	0.03230	0.00167	0.00705	0.00347	0.00242	0.00748
2	0.01361	0.00971	0.01035	0.00943	0.01193	0.05185	0.00718	0.02024	0.27626	0.15551	0.07717	0.14258	0.13434	0.04494	0.00710	0.00205	0.00434	0.00868	0.00557	0.00715
3	0.01129	0.02911	0.77306	0.01604	0.02436	0.01307	0.02079	0.01782	0.01188	0.01782	0.01010	0.01188	0.00713	0.00535	0.00535	0.00178	0.00832	0.00416	0.00238	0.00832
4	0.02434	0.00963	0.01295	0.00999	0.01421	0.00847	0.00823	0.05270	0.01647	0.71125	0.05483	0.01997	0.01551	0.00716	0.00570	0.00174	0.00474	0.00584	0.00688	0.00939
5	0.05848	0.01181	0.01417	0.01132	0.01525	0.01219	0.03297	0.24729	0.13907	0.29625	0.06202	0.01987	0.01545	0.00740	0.00572	0.00179	0.00519	0.02898	0.00595	0.00885
6	0.01035	0.00959	0.01602	0.68344	0.06021	0.01172	0.01462	0.01381	0.01126	0.01451	0.01217	0.09505	0.01059	0.00683	0.00578	0.00191	0.00704	0.00613	0.00279	0.00617
7	0.84197	0.01088	0.00827	0.00740	0.01088	0.01262	0.00609	0.01654	0.00958	0.02525	0.00784	0.00914	0.00609	0.00522	0.00348	0.00174	0.00435	0.00305	0.00348	0.00609
8	0.09707	0.01237	0.01855	0.01524	0.01654	0.01582	0.13176	0.01438	0.00956	0.01550	0.00894	0.04083	0.00852	0.00882	0.01459	0.00229	0.55475	0.00541	0.00273	0.00633
9	0.01031	0.00962	0.01642	0.40494	0.02714	0.01088	0.12466	0.01333	0.01160	0.01535	0.04567	0.07769	0.08930	0.00824	0.00730	0.03112	0.05227	0.00696	0.03121	0.00597
10	0.84197	0.01088	0.00827	0.00740	0.01088	0.01262	0.00609	0.01654	0.00958	0.02525	0.00784	0.00914	0.00609	0.00522	0.00348	0.00174	0.00435	0.00305	0.00348	0.00609
11	0.02134	0.01744	0.01675	0.01318	0.01744	0.13311	0.01072	0.63820	0.02486	0.03217	0.01278	0.01300	0.00922	0.00661	0.00555	0.00165	0.00679	0.00485	0.00522	0.00911
12	0.15244	0.01024	0.01253	0.00983	0.01402	0.00969	0.00810	0.06958	0.03899	0.58618	0.01945	0.01730	0.01254	0.00670	0.00532	0.00174	0.00480	0.00524	0.00630	0.00901
13	0.03815	0.11926	0.02061	0.09151	0.32442	0.14052	0.03292	0.07603	0.03903	0.01828	0.01058	0.01300	0.00863	0.00551	0.00540	0.00161	0.02014	0.00456	0.02195	0.00787
14	0.00697	0.00512	0.00655	0.00745	0.00812	0.00469	0.00511	0.00823	0.01172	0.01555	0.13077	0.60012	0.13613	0.01638	0.00704	0.00217	0.00313	0.01469	0.00535	0.00469
15	0.01063	0.01000	0.01688	0.78870	0.03876	0.01250	0.01563	0.01438	0.01125	0.01438	0.01000	0.01500	0.00750	0.00563	0.00563	0.00188	0.00750	0.00500	0.00250	0.00625
16	0.00966	0.00992	0.08874	0.02839	0.16966	0.00785	0.00942	0.01245	0.01369	0.03834	0.24527	0.03642	0.27130	0.01028	0.00627	0.00181	0.00435	0.02517	0.00470	0.00632
17	0.01167	0.10847	0.69707	0.01538	0.02334	0.01401	0.01965	0.01772	0.01184	0.01735	0.00987	0.01159	0.00714	0.00529	0.00517	0.00172	0.00808	0.00404	0.00238	0.00821
18	0.02418	0.01028	0.01340	0.01031	0.01459	0.00941	0.00850	0.12365	0.01749	0.64827	0.04484	0.01913	0.01460	0.00708	0.00569	0.00174	0.00491	0.00572	0.00676	0.00944
19	0.00771	0.00529	0.00625	0.00667	0.00684	0.00515	0.00402	0.00807	0.00918	0.01217	0.02336	0.28127	0.05187	0.52350	0.02100	0.00432	0.00466	0.01081	0.00405	0.00383
20	0.01075	0.00859	0.02545	0.01051	0.03578	0.00876	0.00794	0.14800	0.01397	0.01870	0.02544	0.32847	0.07169	0.06744	0.00916	0.00240	0.06177	0.13448	0.00483	0.00587
21	0.01649	0.01171	0.01293	0.01121	0.01467	0.01297	0.00884	0.05285	0.58520	0.17317	0.02246	0.02038	0.01628	0.00747	0.00571	0.00187	0.00458	0.00618	0.00597	0.00906
22	0.00686	0.00490	0.00653	0.00784	0.00816	0.00457	0.00522	0.00784	0.01077	0.01437	0.03102	0.79855	0.03722	0.01763	0.00718	0.00229	0.00326	0.01600	0.00522	0.00457
23	0.01063	0.01000	0.01688	0.78870	0.03876	0.01250	0.01563	0.01438	0.01125	0.01438	0.01000	0.01500	0.00750	0.00563	0.00563	0.00188	0.00750	0.00500	0.00250	0.00625
24	0.00763	0.00576	0.00699	0.00683	0.00832	0.00519	0.00520	0.00973	0.01446	0.01934	0.45227	0.04711	0.29710	0.01292	0.00707	0.02112	0.00295	0.05927	0.00570	0.00504
25	0.00684	0.00498	0.00645	0.00762	0.00811	0.00459	0.00513	0.00786	0.01098	0.01445	0.03367	0.72247	0.11159	0.01729	0.00713	0.00225	0.00322	0.01558	0.00522	0.00459
26	0.00762	0.00566	0.00710	0.00691	0.00824	0.00514	0.00512	0.00989	0.01485	0.02043	0.56402	0.12150	0.17749	0.01262	0.00670	0.00185	0.00275	0.01107	0.00592	0.00514
27	0.06690	0.00937	0.01214	0.00968	0.01351	0.00851	0.00786	0.06022	0.01562	0.59930	0.02181	0.09804	0.01568	0.00794	0.00566	0.00178	0.00463	0.00654	0.02604	0.00878
28	0.01393	0.01337	0.02284	0.03454	0.76712	0.01337	0.01727	0.01727	0.01281	0.01839	0.01059	0.01393	0.00891	0.00501	0.00557	0.00167	0.00669	0.00501	0.00279	0.00891

[dist]
# distance from previous block
# <min> <max>
0	35

[block]
# block no. 5 follows, 42 sequences, length 27
# corresponding to MSA columns:
# 355-381
name=unknown_F
#
# <colnr> <probs for GDERKNQSTAVLIFYWHMCP>
#	G	D	E	R	K	N	Q	S	T	A	V	L	I	F	Y	W	H	M	C	P
0	0.00832	0.00586	0.00750	0.00703	0.00850	0.00534	0.00529	0.01084	0.01563	0.04291	0.67392	0.04258	0.12179	0.01165	0.00661	0.00178	0.00273	0.01022	0.00612	0.00538
1	0.84197	0.01088	0.00827	0.00740	0.01088	0.01262	0.00609	0.01654	0.00958	0.02525	0.00784	0.00914	0.00609	0.00522	0.00348	0.00174	0.00435	0.00305	0.00348	0.00609
2	0.01627	0.01418	0.01388	0.01197	0.01542	0.08378	0.00942	0.20210	0.49888	0.02537	0.02004	0.01888	0.02947	0.00739	0.00566	0.00181	0.00536	0.00591	0.00544	0.00877
3	0.02503	0.00993	0.01328	0.01018	0.01454	0.00880	0.00841	0.06869	0.01670	0.72892	0.02170	0.01883	0.01368	0.00695	0.00566	0.00174	0.00487	0.00563	0.00689	0.00958
4	0.01498	0.77700	0.02962	0.01014	0.01499	0.02198	0.03630	0.01689	0.01150	0.01341	0.00795	0.00925	0.00727	0.00481	0.00372	0.00123	0.00614	0.00314	0.00242	0.00724
5	0.02336	0.00992	0.02871	0.01001	0.01420	0.00850	0.00839	0.05509	0.01642	0.66300	0.08339	0.02068	0.01687	0.00730	0.00573	0.00174	0.00474	0.00598	0.00675	0.00920
6	0.00686	0.00490	0.00653	0.00784	0.00816	0.00457	0.00522	0.00784	0.01077	0.01437	0.03102	0.79855	0.03722	0.01763	0.00718	0.00229	0.00326	0.01600	0.00522	0.00457
7	0.02506	0.00988	0.01325	0.01016	0.01452	0.00873	0.00839	0.06308	0.01662	0.73464	0.02177	0.01888	0.01371	0.00695	0.00566	0.00174	0.00486	0.00563	0.00690	0.00958
