[name]
unknown

[dist]
# distance from previous block
# <min> <max>
0	69

[block]
# block no. 0 follows, 38 sequences, length 9
# corresponding to MSA columns:
# 84-92
name=unknown_A
#
# <colnr> <probs for GDERKNQSTAVLIFYWHMCP>
#	G	D	E	R	K	N	Q	S	T	A	V	L	I	F	Y	W	H	M	C	P
0	0.01341	0.00933	0.01195	0.00995	0.01334	0.00822	0.03482	0.05498	0.01375	0.11231	0.02128	0.05457	0.06005	0.11367	0.02634	0.00242	0.00541	0.13355	0.00472	0.29595
1	0.01404	0.01145	0.01313	0.00969	0.01463	0.00976	0.00779	0.14417	0.01569	0.02327	0.06965	0.01540	0.01293	0.00557	0.00495	0.00114	0.00472	0.00448	0.00425	0.61330
2	0.01520	0.01379	0.02207	0.23709	0.13272	0.01499	0.16992	0.18024	0.05849	0.02251	0.01359	0.04695	0.01086	0.00675	0.00667	0.00197	0.02770	0.00630	0.00388	0.00830
3	0.01278	0.01045	0.01330	0.14728	0.01889	0.00912	0.00893	0.03684	0.01327	0.04774	0.05232	0.03743	0.01253	0.00578	0.00508	0.00126	0.00507	0.00483	0.00385	0.55324
4	0.01603	0.01332	0.01616	0.24389	0.02429	0.01549	0.01222	0.21755	0.32508	0.02567	0.01756	0.01832	0.01301	0.00725	0.00606	0.00197	0.00626	0.00598	0.00505	0.00885
5	0.00815	0.00587	0.00771	0.00782	0.00891	0.00543	0.00565	0.01043	0.01532	0.02140	0.52596	0.27462	0.05149	0.01433	0.00728	0.00206	0.00304	0.01281	0.00630	0.00543
6	0.00830	0.00638	0.00865	0.01063	0.06769	0.00612	0.00672	0.01036	0.04396	0.01657	0.06495	0.61496	0.07825	0.01681	0.00741	0.00232	0.00378	0.01519	0.00545	0.00550
7	0.01605	0.01125	0.01347	0.00993	0.01491	0.00951	0.00805	0.08166	0.01462	0.15394	0.01328	0.01412	0.01007	0.00547	0.00546	0.00121	0.03395	0.00424	0.00445	0.57435
8	0.00849	0.00572	0.00664	0.00689	0.00695	0.00566	0.00400	0.00868	0.00925	0.01233	0.02152	0.17401	0.02511	0.64953	0.02647	0.00522	0.00541	0.01026	0.00400	0.00387

[dist]
# distance from previous block
# <min> <max>
0	3

[block]
# block no. 1 follows, 38 sequences, length 17
# corresponding to MSA columns:
# 96-112
name=unknown_B
#
# <colnr> <probs for GDERKNQSTAVLIFYWHMCP>
#	G	D	E	R	K	N	Q	S	T	A	V	L	I	F	Y	W	H	M	C	P
0	0.01313	0.01164	0.01804	0.65736	0.03793	0.01418	0.01590	0.12528	0.01453	0.01883	0.01127	0.01579	0.00836	0.00620	0.00601	0.00197	0.00780	0.00536	0.00319	0.00723
1	0.13878	0.01293	0.01695	0.01458	0.01515	0.01767	0.01214	0.01497	0.00937	0.01640	0.00797	0.01264	0.00768	0.00977	0.01728	0.00251	0.65887	0.00496	0.00280	0.00657
2	0.01376	0.01062	0.01742	0.65688	0.03743	0.01267	0.01550	0.01751	0.01283	0.12900	0.01270	0.01672	0.00907	0.00623	0.00602	0.00198	0.00757	0.00545	0.00341	0.00723
3	0.02287	0.01685	0.01805	0.01384	0.01866	0.01866	0.01143	0.73100	0.02828	0.03791	0.01444	0.01444	0.01023	0.00722	0.00602	0.00181	0.00662	0.00542	0.00602	0.01023
4	0.01547	0.03917	0.07246	0.01490	0.01680	0.01735	0.01302	0.12586	0.01305	0.06839	0.01043	0.01400	0.00890	0.01026	0.03608	0.00255	0.50501	0.00525	0.00349	0.00756
5	0.64958	0.01106	0.01013	0.12562	0.01601	0.01289	0.00802	0.01670	0.01060	0.02442	0.01040	0.06304	0.00899	0.00655	0.00434	0.00192	0.00509	0.00451	0.00369	0.00643
6	0.01264	0.01103	0.01409	0.01319	0.12720	0.00886	0.00881	0.01539	0.01262	0.01944	0.01167	0.04317	0.01022	0.00516	0.00481	0.00109	0.00483	0.00437	0.00355	0.66785
7	0.01260	0.01234	0.01735	0.01504	0.01517	0.01709	0.01247	0.01402	0.00927	0.01441	0.00891	0.01445	0.00877	0.01478	0.11130	0.00350	0.68399	0.00541	0.00270	0.00643
8	0.01033	0.00566	0.00860	0.05967	0.01028	0.00589	0.00613	0.00851	0.00832	0.01110	0.01139	0.03959	0.01134	0.02111	0.06093	0.70376	0.00594	0.00563	0.00273	0.00310
9	0.17062	0.03174	0.04177	0.04699	0.05966	0.05476	0.01063	0.21374	0.06772	0.19749	0.01583	0.03736	0.01162	0.00705	0.00556	0.00185	0.00609	0.00542	0.00524	0.00886
10	0.01278	0.01064	0.01231	0.00891	0.01403	0.00827	0.00713	0.04063	0.01305	0.02040	0.01130	0.01307	0.00930	0.00469	0.00450	0.00095	0.00445	0.00374	0.04675	0.75310
11	0.01100	0.00767	0.01002	0.07951	0.04308	0.02606	0.00756	0.01349	0.01495	0.08743	0.35175	0.15811	0.06841	0.02643	0.00722	0.00205	0.00413	0.02618	0.04875	0.00618
12	0.11563	0.03559	0.01777	0.06395	0.03684	0.09833	0.12037	0.13396	0.08733	0.07888	0.07336	0.03416	0.04615	0.00754	0.00625	0.00189	0.02310	0.00632	0.00463	0.00794
13	0.03743	0.03231	0.03903	0.04983	0.08656	0.06008	0.01210	0.41655	0.06392	0.06321	0.04436	0.01605	0.01224	0.00719	0.00636	0.00184	0.03092	0.00553	0.00518	0.00930
14	0.07906	0.07281	0.06776	0.05101	0.09132	0.21059	0.02803	0.11616	0.03235	0.03274	0.02927	0.05733	0.01291	0.00864	0.02675	0.00205	0.02728	0.04236	0.00390	0.00768
15	0.06387	0.03088	0.05151	0.04600	0.14870	0.04863	0.01060	0.05632	0.01484	0.11820	0.13023	0.07564	0.05056	0.02863	0.00702	0.01716	0.00562	0.03194	0.00473	0.05892
16	0.18927	0.07673	0.15949	0.03600	0.01744	0.07248	0.03948	0.07678	0.01453	0.08275	0.08068	0.01923	0.06923	0.00802	0.01918	0.00197	0.01933	0.00565	0.00417	0.00759

[dist]
# distance from previous block
# <min> <max>
3	15

[block]
# block no. 2 follows, 38 sequences, length 9
# corresponding to MSA columns:
# 128-136
name=unknown_C
#
# <colnr> <probs for GDERKNQSTAVLIFYWHMCP>
#	G	D	E	R	K	N	Q	S	T	A	V	L	I	F	Y	W	H	M	C	P
0	0.11884	0.13099	0.35859	0.04573	0.04925	0.02914	0.05462	0.01846	0.01248	0.04512	0.01095	0.01313	0.00837	0.00777	0.04671	0.00220	0.00813	0.00446	0.00300	0.03205
1	0.05674	0.15652	0.41147	0.05788	0.02231	0.06836	0.01680	0.01866	0.01299	0.03914	0.01236	0.01716	0.01019	0.00667	0.00553	0.00185	0.00793	0.06632	0.00306	0.00805
2	0.05774	0.42478	0.19490	0.01309	0.01853	0.05316	0.05221	0.01809	0.01228	0.01627	0.00944	0.01151	0.00800	0.00719	0.03473	0.00191	0.05172	0.00398	0.00270	0.00776
3	0.06483	0.16632	0.17722	0.09153	0.10524	0.08262	0.01410	0.07728	0.04719	0.01996	0.05034	0.01742	0.01246	0.00676	0.00552	0.00179	0.00719	0.04068	0.00354	0.00801
4	0.07968	0.38250	0.13762	0.05557	0.05809	0.03713	0.01249	0.01914	0.04082	0.06691	0.01204	0.01335	0.02738	0.00604	0.00519	0.00163	0.02893	0.00429	0.00324	0.00797
5	0.01243	0.19699	0.14261	0.01069	0.01427	0.01308	0.01010	0.07802	0.01319	0.01762	0.05569	0.08948	0.04705	0.17823	0.01161	0.00268	0.03576	0.03429	0.00385	0.03235
6	0.01438	0.07079	0.06696	0.01198	0.01534	0.01147	0.04625	0.02119	0.21708	0.12681	0.04146	0.06789	0.02204	0.05284	0.00794	0.00235	0.00565	0.18448	0.00534	0.00774
7	0.07554	0.18018	0.13257	0.03188	0.01759	0.20201	0.01177	0.04687	0.01470	0.09842	0.04123	0.01676	0.01208	0.00789	0.02720	0.00193	0.00768	0.03654	0.02949	0.00766
8	0.04217	0.00756	0.00940	0.00870	0.01029	0.00761	0.00631	0.05266	0.01233	0.15300	0.04418	0.10108	0.02149	0.31455	0.14943	0.00485	0.00719	0.03655	0.00476	0.00589

[dist]
# distance from previous block
# <min> <max>
0	4

[block]
# block no. 3 follows, 38 sequences, length 13
# corresponding to MSA columns:
# 141-153
name=unknown_D
#
# <colnr> <probs for GDERKNQSTAVLIFYWHMCP>
#	G	D	E	R	K	N	Q	S	T	A	V	L	I	F	Y	W	H	M	C	P
0	0.02503	0.01216	0.01578	0.01355	0.07470	0.01164	0.01023	0.19783	0.01961	0.52354	0.02050	0.01857	0.01334	0.00723	0.00603	0.00184	0.00564	0.00584	0.00675	0.01018
1	0.04586	0.13908	0.01687	0.01159	0.03053	0.09806	0.02253	0.03781	0.04240	0.35435	0.03654	0.04282	0.05381	0.00759	0.00565	0.00174	0.00589	0.00600	0.00549	0.03540
2	0.01055	0.00710	0.00828	0.00803	0.00894	0.02393	0.00541	0.03780	0.01129	0.06524	0.05067	0.13866	0.05302	0.41402	0.12640	0.00508	0.00683	0.00940	0.00439	0.00497
3	0.02699	0.01024	0.01396	0.01070	0.01536	0.00884	0.00884	0.02932	0.01722	0.75522	0.02373	0.02048	0.01489	0.00745	0.00605	0.00186	0.00512	0.00605	0.00745	0.01024
4	0.10525	0.02142	0.13994	0.04464	0.24248	0.25265	0.01503	0.07429	0.01528	0.02004	0.01049	0.01270	0.00833	0.00587	0.00551	0.00175	0.00833	0.00452	0.00325	0.00825
5	0.01329	0.01067	0.01256	0.00901	0.01432	0.00807	0.00722	0.01594	0.01274	0.06073	0.01142	0.01292	0.00924	0.00462	0.00454	0.00095	0.00449	0.00370	0.00378	0.77978
6	0.00787	0.00591	0.00729	0.00740	0.00870	0.00533	0.00537	0.00993	0.01482	0.01996	0.39666	0.23242	0.22700	0.01467	0.00724	0.00206	0.00305	0.01289	0.00610	0.00533
7	0.01321	0.01792	0.21173	0.09524	0.09263	0.01369	0.23693	0.07297	0.01458	0.02013	0.05024	0.01983	0.07382	0.00691	0.00686	0.00197	0.03327	0.00655	0.00347	0.00804
8	0.01169	0.01097	0.01821	0.67452	0.09372	0.01313	0.01629	0.01559	0.01218	0.01594	0.01074	0.01575	0.00818	0.00588	0.00592	0.00192	0.00775	0.00525	0.00275	0.05363
9	0.01515	0.01508	0.02324	0.10474	0.62690	0.07286	0.01776	0.01861	0.01380	0.01886	0.01110	0.01468	0.00925	0.00549	0.00592	0.00179	0.00752	0.00524	0.00296	0.00906
10	0.03844	0.04986	0.32080	0.07138	0.25521	0.01424	0.09167	0.01840	0.01302	0.01912	0.01092	0.01375	0.00843	0.00547	0.00576	0.00182	0.00799	0.00494	0.00282	0.04594
11	0.01484	0.07493	0.02439	0.06402	0.64239	0.01502	0.01748	0.01871	0.03559	0.01922	0.01146	0.01476	0.00959	0.00546	0.00580	0.00176	0.00705	0.00524	0.00303	0.00927
12	0.01422	0.01333	0.02160	0.11261	0.54941	0.01355	0.01645	0.03718	0.04129	0.01972	0.01412	0.01716	0.04430	0.00600	0.00594	0.00178	0.00679	0.00566	0.00330	0.05559

[dist]
# distance from previous block
# <min> <max>
0	1

[block]
# block no. 4 follows, 38 sequences, length 13
# corresponding to MSA columns:
# 155-167
name=unknown_E
#
# <colnr> <probs for GDERKNQSTAVLIFYWHMCP>
#	G	D	E	R	K	N	Q	S	T	A	V	L	I	F	Y	W	H	M	C	P
0	0.32857	0.11512	0.14996	0.03384	0.01726	0.04588	0.01146	0.11885	0.06143	0.02408	0.01080	0.01211	0.00830	0.00616	0.00528	0.00182	0.03335	0.00416	0.00375	0.00784
1	0.00863	0.00634	0.00842	0.00925	0.01046	0.00587	0.00705	0.01047	0.01261	0.01701	0.06365	0.44759	0.03597	0.01645	0.00754	0.00237	0.00421	0.23702	0.00542	0.08365
2	0.01570	0.52003	0.11902	0.01159	0.01658	0.11865	0.01153	0.01830	0.01338	0.01580	0.07956	0.01357	0.01240	0.00604	0.00461	0.00146	0.00698	0.00419	0.00303	0.00757
3	0.00986	0.00605	0.00739	0.00760	0.00831	0.00572	0.00492	0.01057	0.01091	0.08449	0.02743	0.31562	0.07532	0.37739	0.01821	0.00395	0.00471	0.01185	0.00486	0.00483
4	0.06425	0.01630	0.03506	0.11839	0.05137	0.04066	0.03970	0.50116	0.02327	0.03166	0.01315	0.01434	0.00952	0.00675	0.00591	0.00184	0.00704	0.00528	0.00503	0.00931
5	0.01394	0.04334	0.02277	0.26856	0.23718	0.04682	0.13498	0.04027	0.03897	0.01819	0.01215	0.03946	0.01004	0.00636	0.00672	0.00194	0.04130	0.00592	0.00315	0.00794
6	0.01012	0.00531	0.00766	0.00766	0.00787	0.00521	0.00516	0.00792	0.00842	0.01102	0.01544	0.02220	0.08346	0.02034	0.02189	0.74358	0.00501	0.00596	0.00291	0.00286
7	0.01372	0.01442	0.09436	0.32612	0.33603	0.01369	0.04619	0.01781	0.01311	0.05053	0.01160	0.01543	0.00896	0.00574	0.00601	0.00190	0.00770	0.00536	0.00301	0.00831
8	0.01395	0.12170	0.41801	0.01599	0.05806	0.03276	0.01717	0.08733	0.06191	0.02046	0.01380	0.01864	0.01135	0.00702	0.00580	0.00190	0.00772	0.07441	0.00344	0.00857
9	0.01198	0.08852	0.06170	0.01172	0.04573	0.08162	0.02954	0.01447	0.03572	0.04802	0.02524	0.23965	0.08699	0.09349	0.02207	0.00260	0.00594	0.08422	0.00451	0.00627
10	0.01039	0.00920	0.04388	0.13248	0.01635	0.00888	0.00912	0.04870	0.09277	0.02130	0.30187	0.10948	0.08943	0.01153	0.00686	0.00206	0.00464	0.06913	0.00545	0.00648
11	0.04644	0.09242	0.01975	0.02997	0.10477	0.13275	0.09749	0.13366	0.01624	0.07409	0.01401	0.08429	0.01208	0.00703	0.00571	0.00169	0.00705	0.00596	0.00411	0.11047
12	0.16695	0.20189	0.11179	0.03167	0.01786	0.08670	0.04041	0.11574	0.01527	0.11771	0.01213	0.01303	0.00905	0.00605	0.00499	0.00169	0.00677	0.00439	0.02776	0.00817

[dist]
# distance from previous block
# <min> <max>
52	160

[block]
# block no. 5 follows, 38 sequences, length 66
# corresponding to MSA columns:
# 363-428
name=unknown_F
#
# <colnr> <probs for GDERKNQSTAVLIFYWHMCP>
#	G	D	E	R	K	N	Q	S	T	A	V	L	I	F	Y	W	H	M	C	P
0	0.18194	0.03883	0.09729	0.01285	0.05703	0.01268	0.05062	0.15973	0.01567	0.09291	0.01914	0.05255	0.09103	0.05636	0.00718	0.00210	0.00591	0.00637	0.00455	0.03527
1	0.03960	0.07039	0.12367	0.04704	0.04178	0.22965	0.01206	0.07868	0.01559	0.05953	0.05735	0.03484	0.01330	0.00711	0.00585	0.00169	0.02211	0.02959	0.02013	0.09005
2	0.17222	0.09900	0.01676	0.08342	0.01827	0.17380	0.03229	0.16435	0.01624	0.02235	0.03137	0.04287	0.01198	0.00856	0.03002	0.00207	0.02419	0.03883	0.00401	0.00741
3	0.05285	0.00809	0.03238	0.00954	0.03296	0.00751	0.00716	0.03058	0.05647	0.01800	0.08074	0.16648	0.17555	0.15091	0.01124	0.00287	0.00465	0.14128	0.00507	0.00565
4	0.25784	0.06908	0.09918	0.01383	0.09386	0.01342	0.05519	0.10295	0.01401	0.02292	0.01681	0.01855	0.09832	0.03069	0.00597	0.00189	0.00593	0.00545	0.00388	0.07026
5	0.06327	0.06128	0.08774	0.01286	0.03296	0.17373	0.03132	0.08221	0.08367	0.03703	0.04103	0.09913	0.07132	0.03356	0.00699	0.00196	0.02558	0.00690	0.00428	0.04320
6	0.09874	0.21872	0.30410	0.06901	0.06712	0.05207	0.01551	0.03494	0.01297	0.01858	0.01108	0.01486	0.00917	0.00619	0.00520	0.00177	0.00752	0.04147	0.00298	0.00799
7	0.15846	0.07579	0.11526	0.07099	0.02333	0.03306	0.26297	0.01862	0.05617	0.01967	0.01231	0.05095	0.01019	0.00656	0.00679	0.00197	0.06006	0.00592	0.00332	0.00759
8	0.30576	0.03749	0.15843	0.07455	0.06352	0.01248	0.01174	0.03639	0.01288	0.09977	0.04487	0.05409	0.01327	0.00736	0.00532	0.00194	0.00598	0.04253	0.00409	0.00754
9	0.05242	0.01640	0.15406	0.01251	0.01723	0.01379	0.01159	0.31760	0.01871	0.04965	0.01458	0.05697	0.01221	0.07725	0.02603	0.00231	0.02644	0.00586	0.00462	0.10976
10	0.04268	0.05258	0.01546	0.01387	0.08265	0.01217	0.04422	0.13142	0.12804	0.04061	0.10221	0.05495	0.02173	0.00928	0.00630	0.00193	0.00547	0.13152	0.00508	0.09784
11	0.04579	0.01556	0.01610	0.01285	0.01703	0.05218	0.01039	0.51515	0.08437	0.07134	0.01638	0.04969	0.01264	0.02952	0.00666	0.00195	0.00630	0.00603	0.02068	0.00940
12	0.00925	0.04552	0.05415	0.00937	0.01106	0.00754	0.00749	0.04254	0.03846	0.01780	0.08479	0.47165	0.08656	0.01558	0.00722	0.00227	0.00423	0.07338	0.00537	0.00579
13	0.03990	0.03695	0.44998	0.01610	0.04737	0.01346	0.03834	0.08764	0.03210	0.05206	0.01487	0.02109	0.01225	0.00746	0.00608	0.00200	0.00775	0.10241	0.00365	0.00853
14	0.04655	0.07258	0.08832	0.01443	0.05701	0.01669	0.01214	0.41716	0.06847	0.12436	0.01514	0.01510	0.01077	0.00687	0.00577	0.00180	0.00648	0.00526	0.00540	0.00972
15	0.01332	0.21864	0.35105	0.01690	0.02364	0.01622	0.19205	0.01820	0.01288	0.01764	0.01186	0.05912	0.00995	0.00620	0.00570	0.00181	0.00825	0.00555	0.00285	0.00816
16	0.00711	0.00609	0.00609	0.00609	0.00813	0.00508	0.00457	0.00863	0.01371	0.01625	0.06094	0.05789	0.74862	0.01524	0.00711	0.00203	0.00305	0.01270	0.00559	0.00508
17	0.01686	0.62580	0.02851	0.01140	0.01594	0.11796	0.01068	0.03428	0.01299	0.01477	0.00859	0.01014	0.00779	0.00568	0.00516	0.00142	0.05822	0.00349	0.00272	0.00760
18	0.02240	0.01154	0.07287	0.01099	0.01542	0.00932	0.00963	0.04291	0.04089	0.53873	0.08843	0.02222	0.01816	0.01022	0.05553	0.00238	0.00595	0.00640	0.00662	0.00937
19	0.01207	0.03112	0.75741	0.01715	0.02604	0.01397	0.02223	0.01905	0.01270	0.01905	0.01080	0.01270	0.00762	0.00572	0.00572	0.00191	0.00889	0.00445	0.00254	0.00889
20	0.02247	0.02867	0.01705	0.01550	0.01860	0.76443	0.01162	0.02402	0.01705	0.01472	0.00930	0.01085	0.00775	0.00620	0.00542	0.00155	0.01085	0.00387	0.00310	0.00697
21	0.01111	0.01002	0.01619	0.48363	0.03083	0.01199	0.04473	0.01481	0.02705	0.01654	0.03885	0.06778	0.03048	0.00846	0.00731	0.00211	0.06174	0.06731	0.04259	0.00647
22	0.02532	0.01033	0.01425	0.01198	0.05399	0.00911	0.00923	0.02801	0.03076	0.67076	0.05448	0.02128	0.01649	0.00756	0.00609	0.00186	0.00512	0.00624	0.00715	0.00999
23	0.01222	0.01055	0.01711	0.52075	0.04638	0.01246	0.04796	0.01646	0.05585	0.05514	0.01434	0.07715	0.01220	0.04475	0.00778	0.00223	0.02973	0.00662	0.00343	0.00687
24	0.00738	0.00542	0.00694	0.00813	0.00877	0.00499	0.00557	0.00856	0.01193	0.01558	0.03727	0.65108	0.14567	0.01823	0.00762	0.00239	0.00349	0.04046	0.00558	0.00494
25	0.01728	0.01658	0.10737	0.04104	0.08400	0.06332	0.30462	0.04276	0.01493	0.18095	0.01468	0.01746	0.01084	0.04729	0.00769	0.00212	0.00830	0.00620	0.00407	0.00850
26	0.11914	0.04051	0.07718	0.14747	0.12176	0.04444	0.14215	0.14239	0.06724	0.02292	0.01226	0.01465	0.00930	0.00602	0.00581	0.00188	0.00751	0.00532	0.00374	0.00832
27	0.00969	0.00692	0.00969	0.01108	0.01246	0.00692	0.00969	0.01246	0.01385	0.01800	0.03185	0.06786	0.03462	0.01662	0.00831	0.00277	0.00554	0.71057	0.00554	0.00554
28	0.02298	0.01667	0.01794	0.01375	0.01856	0.01838	0.01136	0.71142	0.02798	0.05793	0.01470	0.01461	0.01036	0.00723	0.00602	0.00181	0.00658	0.00543	0.00606	0.01023
29	0.01955	0.01198	0.01609	0.04570	0.01797	0.01161	0.06887	0.08854	0.13360	0.30623	0.01833	0.01785	0.01282	0.00679	0.00630	0.00174	0.03223	0.00565	0.00559	0.17256
30	0.08543	0.25319	0.36404	0.01411	0.02085	0.01691	0.04464	0.06190	0.01358	0.05835	0.01082	0.01220	0.00816	0.00569	0.00508	0.00171	0.00751	0.00423	0.00314	0.00846
31	0.01207	0.03112	0.75741	0.01715	0.02604	0.01397	0.02223	0.01905	0.01270	0.01905	0.01080	0.01270	0.00762	0.00572	0.00572	0.00191	0.00889	0.00445	0.00254	0.00889
32	0.00727	0.00610	0.00631	0.00626	0.00822	0.00515	0.00470	0.00894	0.01409	0.01714	0.13849	0.05643	0.67052	0.01490	0.00711	0.00202	0.00302	0.01249	0.00570	0.00515
33	0.05139	0.01126	0.04626	0.01133	0.02998	0.00956	0.00942	0.04928	0.03401	0.59268	0.07303	0.02124	0.01706	0.00762	0.00603	0.00187	0.00519	0.00621	0.00688	0.00970
34	0.01228	0.07929	0.60942	0.01673	0.02472	0.01422	0.07389	0.01854	0.01304	0.01905	0.05497	0.01470	0.01069	0.00602	0.00578	0.00187	0.00846	0.00495	0.00283	0.00856
35	0.02628	0.01124	0.04956	0.01101	0.01587	0.00909	0.00948	0.02883	0.01700	0.71998	0.02311	0.02010	0.01454	0.00736	0.00603	0.00186	0.00530	0.00597	0.00721	0.01017
36	0.01378	0.01527	0.03234	0.08688	0.08162	0.01465	0.59708	0.01853	0.01390	0.01885	0.01269	0.04192	0.01009	0.00563	0.00695	0.00202	0.00954	0.00717	0.00309	0.00799
37	0.02401	0.05371	0.01480	0.01093	0.01525	0.04640	0.00899	0.04803	0.07370	0.55777	0.06545	0.02087	0.01681	0.00760	0.00597	0.00183	0.00534	0.00612	0.00678	0.00962
38	0.01279	0.16852	0.62636	0.01591	0.02412	0.01575	0.02007	0.01886	0.01261	0.01817	0.01036	0.01215	0.00764	0.00561	0.00538	0.00179	0.00845	0.00422	0.00255	0.00868
39	0.00716	0.00589	0.00630	0.00663	0.00827	0.00503	0.00481	0.00857	0.01320	0.01604	0.05441	0.22870	0.58202	0.01608	0.00724	0.00213	0.00315	0.01373	0.00559	0.00503
40	0.01025	0.00784	0.01079	0.01154	0.03600	0.00783	0.03288	0.05063	0.04612	0.01911	0.06376	0.19276	0.08687	0.01512	0.00771	0.00247	0.00507	0.38173	0.00548	0.00602
41	0.07908	0.07646	0.28694	0.01726	0.11142	0.20336	0.01551	0.01999	0.01394	0.05151	0.01217	0.03041	0.01007	0.00661	0.00557	0.00180	0.00823	0.03837	0.00326	0.00804
42	0.01403	0.01353	0.02341	0.20915	0.55327	0.01412	0.04918	0.01777	0.01333	0.01863	0.01121	0.01522	0.00916	0.00550	0.00602	0.00185	0.00748	0.00543	0.00291	0.00880
43	0.00881	0.00640	0.00862	0.00987	0.01105	0.00620	0.00810	0.01101	0.01323	0.01713	0.03516	0.25396	0.10871	0.01706	0.00802	0.00261	0.00475	0.45844	0.00556	0.00532
44	0.01845	0.30061	0.02368	0.05680	0.13318	0.21339	0.01245	0.13924	0.01639	0.01922	0.01021	0.01192	0.00845	0.00585	0.00507	0.00156	0.00781	0.00420	0.00336	0.00818
45	0.01306	0.01083	0.01264	0.00907	0.01439	0.00829	0.00727	0.03270	0.01296	0.03708	0.01108	0.01271	0.00908	0.00459	0.00453	0.00094	0.00452	0.00367	0.00371	0.78687
46	0.06477	0.06129	0.10251	0.01208	0.01712	0.01320	0.01097	0.16994	0.09176	0.36615	0.01868	0.01733	0.01257	0.00703	0.00576	0.00184	0.00588	0.00549	0.00596	0.00966
47	0.00763	0.00545	0.00725	0.00844	0.00895	0.00512	0.00583	0.00894	0.01212	0.01625	0.09847	0.64965	0.04056	0.03666	0.00822	0.00250	0.00363	0.06372	0.00563	0.00497
48	0.00763	0.00572	0.00708	0.00758	0.00866	0.00517	0.00537	0.00933	0.01369	0.01819	0.25321	0.38863	0.21575	0.01602	0.00737	0.00218	0.00319	0.01418	0.00589	0.00517
49	0.01578	0.02543	0.38509	0.02061	0.17059	0.15915	0.03414	0.05788	0.01476	0.04493	0.01128	0.01323	0.00846	0.00586	0.00577	0.00181	0.00869	0.00469	0.00310	0.00875
50	0.00992	0.00756	0.00955	0.01088	0.05869	0.03074	0.00783	0.01205	0.01386	0.04345	0.14398	0.21804	0.13956	0.03641	0.00810	0.00240	0.00456	0.23115	0.00549	0.00576
51	0.00733	0.00524	0.00698	0.00838	0.00873	0.00489	0.00558	0.00838	0.01152	0.01536	0.03316	0.78466	0.03979	0.01885	0.00768	0.00244	0.00349	0.01710	0.00558	0.00489
52	0.01372	0.01340	0.02370	0.26409	0.44975	0.01411	0.09829	0.01760	0.01324	0.01828	0.01122	0.01540	0.00902	0.00553	0.00610	0.00188	0.00776	0.00555	0.00289	0.00849
53	0.01358	0.01375	0.05419	0.24564	0.49112	0.01376	0.01782	0.01740	0.01318	0.01835	0.01183	0.01696	0.00988	0.00595	0.00604	0.00189	0.00742	0.02974	0.00296	0.00855
54	0.01136	0.01069	0.01804	0.77412	0.04143	0.01337	0.01671	0.01537	0.01203	0.01537	0.01069	0.01604	0.00802	0.00601	0.00601	0.00200	0.00802	0.00535	0.00267	0.00668
55	0.78258	0.01195	0.00939	0.00827	0.01206	0.01380	0.00681	0.06049	0.01132	0.02765	0.00874	0.01005	0.00674	0.00568	0.00386	0.00186	0.00477	0.00339	0.00386	0.00674
56	0.01246	0.01525	0.11871	0.19866	0.07864	0.01335	0.31487	0.01686	0.01307	0.01781	0.01417	0.09692	0.01250	0.00723	0.00696	0.00207	0.02527	0.02447	0.00320	0.00754
57	0.04283	0.16978	0.37185	0.01796	0.10911	0.05571	0.06368	0.01977	0.03533	0.04428	0.01120	0.01299	0.00852	0.00568	0.00542	0.00176	0.00800	0.00455	0.00298	0.00858
58	0.01489	0.01429	0.02442	0.03692	0.75106	0.01429	0.01846	0.01846	0.01370	0.01965	0.01132	0.01489	0.00953	0.00536	0.00596	0.00179	0.00715	0.00536	0.00298	0.00953
59	0.01242	0.01093	0.05008	0.01063	0.01274	0.05441	0.00837	0.18487	0.01616	0.02125	0.04741	0.43956	0.02886	0.03407	0.00764	0.00229	0.00510	0.04132	0.00536	0.00653
60	0.19135	0.01670	0.15221	0.07905	0.34737	0.01436	0.01584	0.07764	0.01386	0.02234	0.01080	0.01343	0.00848	0.00568	0.00544	0.00184	0.00694	0.00474	0.00329	0.00861
61	0.13904	0.01454	0.04022	0.10752	0.39557	0.04024	0.08128	0.05602	0.01386	0.02096	0.01147	0.03197	0.00950	0.00589	0.00575	0.00185	0.00720	0.00540	0.00328	0.00846
62	0.04162	0.01533	0.10036	0.20975	0.15758	0.01392	0.23674	0.01860	0.05827	0.01900	0.01205	0.01550	0.00924	0.00559	0.00613	0.00189	0.00806	0.00570	0.00314	0.06153
63	0.08791	0.04873	0.02018	0.05560	0.34285	0.08383	0.03647	0.13016	0.01602	0.02245	0.05115	0.01623	0.02622	0.00630	0.00571	0.00175	0.00690	0.00539	0.00377	0.03238
64	0.13842	0.09671	0.01636	0.03122	0.08071	0.03884	0.01011	0.23186	0.01716	0.04118	0.06330	0.06942	0.03054	0.03191	0.00732	0.00198	0.06066	0.00622	0.01822	0.00784
65	0.10394	0.01453	0.06848	0.01261	0.04130	0.04619	0.01035	0.26245	0.07130	0.09536	0.07386	0.05190	0.03171	0.00969	0.04217	0.00220	0.00636	0.00627	0.00521	0.04414

[dist]
# distance from previous block
# <min> <max>
25	86

[block]
# block no. 6 follows, 38 sequences, length 33
# corresponding to MSA columns:
# 520-537,539-553
name=unknown_G
#
# <colnr> <probs for GDERKNQSTAVLIFYWHMCP>
#	G	D	E	R	K	N	Q	S	T	A	V	L	I	F	Y	W	H	M	C	P
0	0.32687	0.04104	0.02967	0.01097	0.04014	0.05264	0.00856	0.06517	0.15222	0.05349	0.05837	0.06616	0.03355	0.00772	0.00520	0.00187	0.00517	0.00589	0.00468	0.03063
1	0.01412	0.08833	0.20762	0.01369	0.03380	0.01287	0.07259	0.09063	0.06942	0.06577	0.10055	0.05204	0.04671	0.00760	0.00590	0.00177	0.00631	0.00645	0.00435	0.09949
2	0.04995	0.01422	0.06355	0.03680	0.07484	0.05853	0.03108	0.08733	0.04555	0.19262	0.05258	0.01813	0.01346	0.00760	0.00812	0.00191	0.13299	0.02077	0.00468	0.08530
3	0.12680	0.05728	0.01868	0.01588	0.08103	0.20810	0.07049	0.20330	0.04862	0.09453	0.01288	0.01377	0.00962	0.00636	0.00555	0.00175	0.00755	0.00488	0.00443	0.00852
4	0.31828	0.03567	0.01313	0.01070	0.01438	0.06913	0.00862	0.24558	0.05803	0.04775	0.01438	0.08341	0.01208	0.00760	0.00516	0.00185	0.00563	0.00561	0.03517	0.00785
5	0.10509	0.01489	0.01507	0.04107	0.03808	0.09522	0.01021	0.30688	0.05943	0.02591	0.01530	0.01846	0.03972	0.08947	0.02756	0.00249	0.07686	0.00573	0.00462	0.00796
6	0.01343	0.00972	0.01171	0.01138	0.04344	0.01004	0.00823	0.22653	0.04211	0.03909	0.05407	0.33866	0.04439	0.01351	0.00787	0.05143	0.00482	0.03686	0.00548	0.02722
7	0.01189	0.00658	0.00902	0.00853	0.00909	0.00679	0.00595	0.09188	0.01021	0.01364	0.01091	0.01784	0.01042	0.01931	0.02148	0.72931	0.00539	0.00525	0.00301	0.00350
8	0.01823	0.23225	0.02324	0.02027	0.23870	0.23750	0.01324	0.09098	0.03838	0.01868	0.01063	0.01246	0.00886	0.00582	0.00524	0.00159	0.00791	0.00439	0.00330	0.00835
9	0.02214	0.01034	0.01341	0.04242	0.01569	0.00974	0.00889	0.09962	0.05042	0.49241	0.07198	0.06607	0.05171	0.00871	0.00626	0.00191	0.00505	0.00723	0.00679	0.00922
10	0.01045	0.00522	0.00784	0.00784	0.00784	0.00522	0.00522	0.00784	0.00784	0.01045	0.01045	0.01829	0.01045	0.02090	0.02351	0.82497	0.00522	0.00522	0.00261	0.00261
11	0.01996	0.01592	0.01653	0.05338	0.01872	0.06136	0.01099	0.49026	0.14558	0.03190	0.01841	0.01826	0.05558	0.00774	0.00607	0.00185	0.00642	0.00599	0.00566	0.00942
12	0.01318	0.04641	0.45650	0.05023	0.10047	0.05699	0.04496	0.03122	0.03940	0.01879	0.01247	0.05686	0.01016	0.00667	0.00627	0.00192	0.03060	0.00545	0.00301	0.00845
13	0.01221	0.01158	0.01801	0.71723	0.03972	0.04065	0.01632	0.04349	0.01284	0.01622	0.01079	0.01579	0.00810	0.00607	0.00599	0.00198	0.00807	0.00530	0.00282	0.00683
14	0.00851	0.00615	0.00804	0.00757	0.00899	0.00568	0.00568	0.01135	0.01703	0.02412	0.74788	0.04494	0.05676	0.01230	0.00710	0.00189	0.00284	0.01088	0.00662	0.00568
15	0.01207	0.03112	0.75741	0.01715	0.02604	0.01397	0.02223	0.01905	0.01270	0.01905	0.01080	0.01270	0.00762	0.00572	0.00572	0.00191	0.00889	0.00445	0.00254	0.00889
16	0.02244	0.01105	0.01561	0.12888	0.08573	0.01072	0.01100	0.06929	0.03780	0.49203	0.03903	0.01962	0.01427	0.00717	0.00606	0.00188	0.00576	0.00599	0.00617	0.00949
17	0.01159	0.00687	0.00878	0.00788	0.00998	0.00614	0.00606	0.01412	0.01651	0.15374	0.50367	0.04272	0.16461	0.01192	0.00691	0.00191	0.00328	0.01032	0.00660	0.00639
18	0.01151	0.01084	0.01831	0.74319	0.07121	0.01340	0.01678	0.01550	0.01210	0.01555	0.01072	0.01599	0.00808	0.00599	0.00601	0.00200	0.00798	0.00535	0.00269	0.00680
19	0.03936	0.17133	0.18405	0.07407	0.01956	0.03161	0.01292	0.10951	0.10214	0.06643	0.01551	0.09936	0.01328	0.00780	0.00600	0.00186	0.02674	0.00615	0.00412	0.00820
20	0.00815	0.00553	0.00721	0.00831	0.00892	0.00535	0.00586	0.00961	0.01169	0.01630	0.02995	0.55706	0.03430	0.03934	0.05328	0.00287	0.00442	0.07960	0.10721	0.00503
21	0.01136	0.01069	0.01804	0.77412	0.04143	0.01337	0.01671	0.01537	0.01203	0.01537	0.01069	0.01604	0.00802	0.00601	0.00601	0.00200	0.00802	0.00535	0.00267	0.00668
22	0.00875	0.00583	0.00656	0.00656	0.00656	0.00583	0.00365	0.00875	0.00875	0.01166	0.01895	0.03937	0.02187	0.78858	0.03062	0.00583	0.00583	0.00875	0.00365	0.00365
23	0.02138	0.06303	0.01783	0.01320	0.01768	0.05988	0.01087	0.53673	0.09523	0.05298	0.01520	0.01517	0.01104	0.00713	0.00580	0.00177	0.00649	0.00536	0.03356	0.00967
24	0.00824	0.00587	0.00751	0.00842	0.00908	0.00562	0.00585	0.03022	0.01218	0.01615	0.05867	0.53756	0.07655	0.09862	0.01034	0.01860	0.00399	0.07618	0.00537	0.00497
25	0.01501	0.44559	0.20289	0.01310	0.01877	0.03695	0.05612	0.03379	0.01301	0.03123	0.03167	0.01266	0.00964	0.00688	0.02652	0.00180	0.02926	0.00424	0.00292	0.00795
26	0.83108	0.01163	0.00884	0.00791	0.01163	0.01350	0.00651	0.01768	0.01024	0.02699	0.00838	0.00977	0.00651	0.00558	0.00372	0.00186	0.00465	0.00326	0.00372	0.00651
27	0.01770	0.24234	0.06259	0.01414	0.04454	0.23647	0.01174	0.06719	0.16412	0.01857	0.01255	0.01351	0.01015	0.00657	0.00605	0.00168	0.05376	0.00455	0.00369	0.00809
28	0.00833	0.00627	0.00774	0.00754	0.00902	0.00579	0.00559	0.01121	0.04047	0.02168	0.51260	0.12955	0.18495	0.01345	0.00713	0.00199	0.00302	0.01178	0.00629	0.00561
29	0.00797	0.00594	0.00744	0.00761	0.00888	0.00540	0.00558	0.01009	0.01483	0.02005	0.39840	0.23549	0.19359	0.01472	0.00729	0.00209	0.00315	0.04001	0.00611	0.00535
30	0.14074	0.15626	0.26034	0.08440	0.02032	0.04168	0.01369	0.04858	0.01309	0.07823	0.01228	0.03823	0.01001	0.05033	0.00660	0.00202	0.00705	0.00492	0.00346	0.00778
31	0.07784	0.08907	0.04981	0.01257	0.06526	0.11577	0.00953	0.10488	0.04484	0.01942	0.03656	0.02535	0.10590	0.14956	0.01090	0.00256	0.04530	0.02395	0.00408	0.00687
32	0.04018	0.32893	0.19325	0.01395	0.01949	0.03726	0.10233	0.07220	0.01375	0.01836	0.02805	0.01366	0.00984	0.00922	0.07321	0.00235	0.00831	0.00464	0.00309	0.00791

[dist]
# distance from previous block
# <min> <max>
5	24

[block]
# block no. 7 follows, 38 sequences, length 56
# corresponding to MSA columns:
# 578-633
name=unknown_H
#
# <colnr> <probs for GDERKNQSTAVLIFYWHMCP>
#	G	D	E	R	K	N	Q	S	T	A	V	L	I	F	Y	W	H	M	C	P
0	0.11396	0.26255	0.24761	0.01294	0.01846	0.01596	0.06282	0.03381	0.02659	0.01912	0.06261	0.07251	0.01370	0.00700	0.00524	0.00175	0.00673	0.00557	0.00339	0.00769
1	0.02151	0.04867	0.01781	0.03300	0.04079	0.49417	0.01176	0.18535	0.05446	0.02067	0.01128	0.01244	0.00889	0.00647	0.00557	0.00164	0.00927	0.00443	0.00388	0.00794
2	0.01177	0.00683	0.00901	0.00816	0.01011	0.00619	0.00622	0.01438	0.01664	0.15649	0.55649	0.08768	0.06240	0.01189	0.00694	0.00192	0.00330	0.01043	0.00668	0.00644
3	0.07394	0.01166	0.01368	0.01112	0.01516	0.01187	0.00899	0.13768	0.19105	0.35929	0.08297	0.02138	0.01800	0.00787	0.00600	0.00190	0.00504	0.00636	0.00659	0.00944
4	0.01257	0.03006	0.70430	0.01727	0.02591	0.01420	0.04430	0.04807	0.01338	0.01983	0.01099	0.01288	0.00777	0.00576	0.00577	0.00190	0.00884	0.00457	0.00270	0.00892
5	0.01136	0.01069	0.01804	0.77412	0.04143	0.01337	0.01671	0.01537	0.01203	0.01537	0.01069	0.01604	0.00802	0.00601	0.00601	0.00200	0.00802	0.00535	0.00267	0.00668
6	0.01608	0.79220	0.03152	0.01029	0.01544	0.02380	0.01029	0.01801	0.01222	0.01415	0.00836	0.00965	0.00772	0.00515	0.00386	0.00129	0.00643	0.00322	0.00257	0.00772
7	0.00866	0.00599	0.00739	0.00754	0.00790	0.00617	0.00490	0.00934	0.00947	0.01279	0.02071	0.07913	0.03654	0.53557	0.17749	0.00618	0.00773	0.04847	0.00381	0.00420
8	0.00732	0.00528	0.00693	0.00825	0.00869	0.00490	0.00553	0.00839	0.01164	0.01541	0.03473	0.74359	0.07984	0.01864	0.00765	0.00242	0.00347	0.01685	0.00558	0.00490
9	0.01136	0.01069	0.01804	0.77412	0.04143	0.01337	0.01671	0.01537	0.01203	0.01537	0.01069	0.01604	0.00802	0.00601	0.00601	0.00200	0.00802	0.00535	0.00267	0.00668
10	0.01551	0.01320	0.01391	0.01235	0.01585	0.01522	0.00965	0.08057	0.69069	0.02605	0.02379	0.02189	0.01780	0.00810	0.00611	0.00202	0.00489	0.00671	0.00611	0.00957
11	0.01223	0.06255	0.72744	0.01686	0.02560	0.01438	0.02173	0.01901	0.01268	0.01885	0.01070	0.01257	0.00762	0.00569	0.00564	0.00188	0.00879	0.00439	0.00254	0.00884
12	0.83108	0.01163	0.00884	0.00791	0.01163	0.01350	0.00651	0.01768	0.01024	0.02699	0.00838	0.00977	0.00651	0.00558	0.00372	0.00186	0.00465	0.00326	0.00372	0.00651
13	0.01608	0.79220	0.03152	0.01029	0.01544	0.02380	0.01029	0.01801	0.01222	0.01415	0.00836	0.00965	0.00772	0.00515	0.00386	0.00129	0.00643	0.00322	0.00257	0.00772
14	0.01247	0.01069	0.01247	0.00891	0.01426	0.00802	0.00713	0.01515	0.01247	0.01960	0.01069	0.01247	0.00891	0.00446	0.00446	0.00089	0.00446	0.00356	0.00356	0.82536
15	0.39451	0.04337	0.01205	0.00933	0.01328	0.01216	0.00772	0.08576	0.01469	0.25004	0.06668	0.01741	0.03590	0.00705	0.00499	0.00184	0.00487	0.00513	0.00528	0.00794
16	0.15501	0.01066	0.01327	0.01035	0.01486	0.00988	0.00855	0.04844	0.01644	0.61773	0.02101	0.01859	0.01342	0.00714	0.00568	0.00186	0.00509	0.00559	0.00681	0.00964
17	0.01952	0.00922	0.01204	0.01003	0.01340	0.00848	0.00810	0.08173	0.01742	0.41248	0.18835	0.08152	0.04226	0.01010	0.00657	0.00197	0.00461	0.05696	0.00684	0.00841
18	0.83108	0.01163	0.00884	0.00791	0.01163	0.01350	0.00651	0.01768	0.01024	0.02699	0.00838	0.00977	0.00651	0.00558	0.00372	0.00186	0.00465	0.00326	0.00372	0.00651
19	0.00859	0.00645	0.00967	0.00967	0.01074	0.00752	0.00752	0.01074	0.00967	0.01396	0.01611	0.02363	0.01504	0.04512	0.76474	0.00967	0.01611	0.00645	0.00322	0.00537
20	0.01536	0.01312	0.01383	0.01232	0.01579	0.01515	0.00962	0.06711	0.70440	0.02581	0.02398	0.02204	0.01795	0.00811	0.00612	0.00203	0.00485	0.00673	0.00612	0.00956
21	0.00746	0.00627	0.00652	0.00664	0.00851	0.00546	0.00490	0.00956	0.04344	0.01651	0.05593	0.14803	0.62911	0.01540	0.00714	0.00208	0.00317	0.01301	0.00561	0.00524
22	0.01612	0.01671	0.02297	0.05182	0.60515	0.14532	0.01722	0.01936	0.01424	0.01868	0.01095	0.01421	0.00918	0.00552	0.00586	0.00175	0.00782	0.00510	0.00299	0.00901
23	0.01233	0.08071	0.71011	0.01670	0.02535	0.01461	0.02145	0.01898	0.01267	0.01873	0.01064	0.01250	0.00763	0.00568	0.00559	0.00186	0.00873	0.00437	0.00254	0.00881
24	0.02606	0.01003	0.01366	0.01055	0.01504	0.00868	0.00868	0.02841	0.01721	0.71847	0.06014	0.02171	0.01700	0.00769	0.00610	0.00186	0.00500	0.00629	0.00740	0.01001
25	0.00907	0.00674	0.00823	0.00800	0.00957	0.00636	0.00599	0.06037	0.01605	0.02177	0.41149	0.18531	0.17741	0.01387	0.00717	0.00204	0.00335	0.03532	0.00616	0.00573
26	0.07033	0.06609	0.04089	0.01159	0.01644	0.01125	0.04147	0.07375	0.01693	0.55757	0.02023	0.01827	0.01311	0.00700	0.00580	0.00183	0.00563	0.00565	0.00644	0.00971
27	0.00733	0.00524	0.00698	0.00838	0.00873	0.00489	0.00558	0.00838	0.01152	0.01536	0.03316	0.78466	0.03979	0.01885	0.00768	0.00244	0.00349	0.01710	0.00558	0.00489
28	0.01592	0.01172	0.01289	0.01110	0.01447	0.01271	0.00876	0.14785	0.37045	0.10260	0.11783	0.02756	0.10130	0.00922	0.00633	0.00196	0.00469	0.00764	0.00625	0.00875
29	0.01136	0.01069	0.01804	0.77412	0.04143	0.01337	0.01671	0.01537	0.01203	0.01537	0.01069	0.01604	0.00802	0.00601	0.00601	0.00200	0.00802	0.00535	0.00267	0.00668
30	0.02287	0.01685	0.01805	0.01384	0.01866	0.01866	0.01143	0.73100	0.02828	0.03791	0.01444	0.01444	0.01023	0.00722	0.00602	0.00181	0.00662	0.00542	0.00602	0.01023
31	0.01015	0.00778	0.00960	0.00943	0.01124	0.00797	0.00744	0.01601	0.17515	0.02257	0.39377	0.07746	0.04251	0.01266	0.00718	0.00215	0.00391	0.17034	0.00622	0.00646
32	0.00796	0.00609	0.00730	0.00708	0.00867	0.00543	0.00528	0.01026	0.01561	0.02094	0.47228	0.08178	0.30224	0.01363	0.00713	0.00197	0.00294	0.01180	0.00621	0.00543
33	0.01444	0.01083	0.01281	0.00927	0.01452	0.00844	0.00746	0.03887	0.01350	0.10337	0.01228	0.01344	0.00963	0.00488	0.00468	0.00103	0.00460	0.00390	0.00408	0.70797
34	0.79065	0.01156	0.00910	0.00805	0.01182	0.01326	0.00663	0.01827	0.01059	0.06360	0.00915	0.01031	0.00694	0.00568	0.00384	0.00186	0.00468	0.00340	0.00391	0.00670
35	0.01413	0.01601	0.03431	0.02469	0.03035	0.01544	0.67942	0.01894	0.01385	0.01894	0.01187	0.01601	0.00904	0.00545	0.00798	0.00207	0.06350	0.00697	0.00301	0.00801
36	0.01136	0.01069	0.01804	0.77412	0.04143	0.01337	0.01671	0.01537	0.01203	0.01537	0.01069	0.01604	0.00802	0.00601	0.00601	0.00200	0.00802	0.00535	0.00267	0.00668
37	0.06876	0.04453	0.01330	0.01019	0.01387	0.01099	0.00830	0.12683	0.08859	0.31272	0.16272	0.02359	0.02198	0.00820	0.00591	0.00182	0.00474	0.00666	0.05767	0.00865
38	0.00761	0.00546	0.00694	0.00789	0.00840	0.00510	0.00524	0.00869	0.01173	0.01561	0.09092	0.56701	0.08955	0.12716	0.01084	0.00285	0.00374	0.01510	0.00539	0.00479
39	0.12563	0.01077	0.01356	0.01053	0.01508	0.00995	0.00870	0.06633	0.01697	0.62639	0.02134	0.01883	0.01361	0.00720	0.00576	0.00186	0.00514	0.00567	0.00691	0.00978
40	0.00736	0.00527	0.00705	0.00841	0.00878	0.00495	0.00563	0.00844	0.01147	0.01532	0.03273	0.76555	0.03917	0.01951	0.02668	0.00262	0.00381	0.01683	0.00552	0.00490
41	0.01319	0.01342	0.02275	0.11590	0.11254	0.01596	0.18564	0.01609	0.01165	0.01679	0.04193	0.01586	0.01054	0.00810	0.01274	0.00227	0.36843	0.00597	0.00295	0.00728
42	0.00738	0.00527	0.00702	0.00834	0.00874	0.00492	0.00559	0.00850	0.01174	0.01571	0.06228	0.75452	0.04048	0.01858	0.00765	0.00242	0.00346	0.01685	0.00563	0.00492
43	0.00729	0.00540	0.00681	0.00793	0.00861	0.00492	0.00539	0.00843	0.01195	0.01553	0.03858	0.64289	0.17805	0.01814	0.00757	0.00236	0.00340	0.01624	0.00558	0.00492
44	0.04503	0.05190	0.03393	0.01174	0.01625	0.01283	0.00997	0.21916	0.01937	0.43200	0.04069	0.01824	0.01382	0.00745	0.00646	0.00185	0.03751	0.00573	0.00637	0.00969
45	0.02245	0.01683	0.01715	0.01351	0.01800	0.08021	0.01100	0.56194	0.05966	0.09564	0.01571	0.03306	0.01149	0.00747	0.00601	0.00181	0.00669	0.00568	0.00589	0.00980
46	0.00823	0.00610	0.00767	0.00735	0.00883	0.00555	0.00549	0.01078	0.01626	0.02247	0.60533	0.07543	0.17213	0.01304	0.00712	0.00194	0.00290	0.01142	0.00641	0.00555
47	0.00737	0.00525	0.00697	0.00833	0.00867	0.00491	0.00553	0.00839	0.01144	0.01526	0.03278	0.76500	0.03932	0.03915	0.00828	0.00253	0.00355	0.01688	0.00553	0.00485
48	0.01693	0.39700	0.11682	0.01266	0.01740	0.21970	0.01198	0.03706	0.03630	0.01583	0.01008	0.01179	0.00859	0.00827	0.05458	0.00202	0.00852	0.00392	0.00295	0.00763
49	0.01490	0.01486	0.02339	0.13775	0.57729	0.06635	0.04142	0.01844	0.01371	0.01870	0.01112	0.01481	0.00918	0.00550	0.00596	0.00181	0.00763	0.00531	0.00295	0.00891
50	0.02687	0.01043	0.01408	0.01079	0.01545	0.00912	0.00892	0.04927	0.01753	0.73483	0.02347	0.02030	0.01476	0.00744	0.00605	0.00186	0.00516	0.00603	0.00741	0.01024
51	0.00890	0.00698	0.00993	0.01010	0.01136	0.00677	0.05778	0.02843	0.05378	0.01727	0.04845	0.53830	0.06916	0.01642	0.00754	0.00238	0.00430	0.09110	0.00546	0.00561
52	0.01352	0.07267	0.01855	0.02749	0.01697	0.07693	0.13599	0.06858	0.01349	0.01805	0.05757	0.05218	0.06537	0.05024	0.05634	0.00268	0.19131	0.00691	0.04841	0.00675
53	0.14919	0.02201	0.03772	0.01528	0.07508	0.44379	0.01119	0.06572	0.01564	0.01879	0.01041	0.01247	0.00855	0.00887	0.05910	0.00222	0.00942	0.00423	0.02310	0.00722
54	0.00768	0.00601	0.00680	0.00730	0.00851	0.00548	0.00508	0.00949	0.04194	0.01580	0.04422	0.34316	0.36469	0.09378	0.00965	0.00258	0.00357	0.01381	0.00541	0.00504
55	0.01224	0.01094	0.01841	0.01482	0.01720	0.01206	0.21929	0.03503	0.01229	0.01842	0.01552	0.10030	0.01416	0.01216	0.08057	0.00279	0.19819	0.00727	0.19175	0.00661

[dist]
# distance from previous block
# <min> <max>
7	16

[block]
# block no. 8 follows, 38 sequences, length 60
# corresponding to MSA columns:
# 650-709
name=unknown_I
#
# <colnr> <probs for GDERKNQSTAVLIFYWHMCP>
#	G	D	E	R	K	N	Q	S	T	A	V	L	I	F	Y	W	H	M	C	P
0	0.07808	0.08653	0.04921	0.09555	0.35298	0.11973	0.01493	0.06301	0.01456	0.01979	0.02671	0.01529	0.01028	0.00607	0.00560	0.00176	0.00740	0.02086	0.00329	0.00836
1	0.01450	0.05638	0.01390	0.01251	0.07768	0.01151	0.00879	0.19913	0.03562	0.06647	0.03727	0.20939	0.05582	0.10108	0.00947	0.00239	0.02321	0.00898	0.00504	0.05085
2	0.01063	0.04430	0.01036	0.00870	0.01060	0.02933	0.00671	0.01453	0.09213	0.04681	0.44166	0.03859	0.11894	0.04431	0.02263	0.00223	0.03594	0.00952	0.00585	0.00625
3	0.01608	0.79220	0.03152	0.01029	0.01544	0.02380	0.01029	0.01801	0.01222	0.01415	0.00836	0.00965	0.00772	0.00515	0.00386	0.00129	0.00643	0.00322	0.00257	0.00772
4	0.01038	0.00527	0.00790	0.00790	0.00794	0.00531	0.00531	0.00794	0.00790	0.01058	0.01065	0.01848	0.01061	0.02177	0.05010	0.79573	0.00562	0.00527	0.00263	0.00271
5	0.04151	0.02371	0.39758	0.02003	0.04336	0.04112	0.28519	0.01904	0.01347	0.01941	0.03152	0.01479	0.00955	0.00566	0.00620	0.00193	0.00908	0.00557	0.00291	0.00838
6	0.04686	0.01027	0.01383	0.01063	0.01526	0.00896	0.00878	0.02903	0.01705	0.73723	0.02335	0.02021	0.01468	0.00740	0.00599	0.00186	0.00511	0.00598	0.00735	0.01015
7	0.00796	0.00611	0.00728	0.00703	0.00866	0.00543	0.00526	0.01025	0.01564	0.02094	0.47138	0.06821	0.31693	0.01357	0.00712	0.00196	0.00293	0.01172	0.00621	0.00543
8	0.01045	0.00522	0.00784	0.00784	0.00784	0.00522	0.00522	0.00784	0.00784	0.01045	0.01045	0.01829	0.01045	0.02090	0.02351	0.82497	0.00522	0.00522	0.00261	0.00261
9	0.02614	0.01077	0.01419	0.01097	0.01557	0.00973	0.00903	0.07119	0.05420	0.67587	0.02322	0.02022	0.01479	0.00747	0.00605	0.00187	0.00519	0.00605	0.00729	0.01020
10	0.00864	0.00626	0.00872	0.00872	0.00947	0.00700	0.00634	0.01013	0.00939	0.01326	0.01698	0.02843	0.01712	0.27200	0.54072	0.00850	0.01298	0.00715	0.00335	0.00484
11	0.02465	0.01013	0.01338	0.01046	0.01482	0.00900	0.00857	0.04364	0.04725	0.64292	0.03962	0.02351	0.06739	0.00811	0.00615	0.00188	0.00495	0.00662	0.00721	0.00976
12	0.00732	0.00526	0.00696	0.00831	0.00871	0.00489	0.00556	0.00838	0.01158	0.01538	0.03393	0.76434	0.05961	0.01875	0.00766	0.00243	0.00348	0.01698	0.00558	0.00489
13	0.83108	0.01163	0.00884	0.00791	0.01163	0.01350	0.00651	0.01768	0.01024	0.02699	0.00838	0.00977	0.00651	0.00558	0.00372	0.00186	0.00465	0.00326	0.00372	0.00651
14	0.01247	0.01069	0.01247	0.00891	0.01426	0.00802	0.00713	0.01515	0.01247	0.01960	0.01069	0.01247	0.00891	0.00446	0.00446	0.00089	0.00446	0.00356	0.00356	0.82536
