[name]
unknown

[dist]
# distance from previous block
# <min> <max>
6	786

[block]
# block no. 0 follows, 45 sequences, length 100
# corresponding to MSA columns:
# 809-908
name=unknown_A
#
# <colnr> <probs for GDERKNQSTAVLIFYWHMCP>
#	G	D	E	R	K	N	Q	S	T	A	V	L	I	F	Y	W	H	M	C	P
0	0.09476	0.06198	0.09293	0.03563	0.25131	0.09063	0.02428	0.09068	0.05374	0.01830	0.01119	0.01464	0.00947	0.07401	0.05226	0.00229	0.00688	0.00468	0.00315	0.00719
1	0.07013	0.20125	0.05481	0.07455	0.09313	0.14336	0.01013	0.08955	0.01353	0.01746	0.08484	0.01645	0.06271	0.00702	0.02154	0.00164	0.00624	0.00484	0.00334	0.02346
2	0.03575	0.02992	0.03836	0.00798	0.01018	0.00760	0.00636	0.05903	0.07538	0.05985	0.19115	0.13395	0.14395	0.08002	0.04629	0.00235	0.00434	0.00852	0.00476	0.05428
3	0.00872	0.00629	0.00803	0.00782	0.00924	0.00593	0.02382	0.05687	0.01177	0.01684	0.07987	0.43281	0.02696	0.03068	0.03674	0.00213	0.00389	0.01063	0.11973	0.10123
4	0.03281	0.29022	0.19189	0.01400	0.03656	0.07780	0.14526	0.04641	0.05802	0.02840	0.02498	0.01208	0.00872	0.00517	0.00476	0.00151	0.00694	0.00426	0.00288	0.00733
5	0.03998	0.29857	0.36842	0.06191	0.01955	0.01568	0.01428	0.07778	0.01230	0.01698	0.02376	0.01117	0.00786	0.00516	0.00453	0.00150	0.00673	0.00378	0.00265	0.00742
6	0.14715	0.04583	0.05820	0.09404	0.42298	0.01317	0.01368	0.09105	0.01288	0.03763	0.01004	0.01244	0.00797	0.00509	0.00492	0.00161	0.00606	0.00438	0.00307	0.00782
7	0.01355	0.58699	0.02304	0.00941	0.01312	0.05553	0.00886	0.01533	0.01133	0.02715	0.03716	0.01686	0.01173	0.02678	0.02335	0.00164	0.02117	0.08766	0.00286	0.00645
8	0.00916	0.00701	0.01058	0.01084	0.05500	0.00735	0.05372	0.01073	0.01045	0.06234	0.02291	0.40936	0.05812	0.01771	0.13961	0.00318	0.09187	0.01055	0.00417	0.00532
9	0.01670	0.01351	0.05971	0.01432	0.12654	0.01314	0.01060	0.41263	0.01953	0.06971	0.09991	0.01612	0.01379	0.00643	0.00533	0.00155	0.00545	0.00522	0.00473	0.08508
10	0.01254	0.01319	0.01510	0.01325	0.01385	0.14454	0.01078	0.01386	0.00945	0.01289	0.00833	0.01276	0.00795	0.01325	0.12814	0.00310	0.55411	0.00464	0.00250	0.00577
11	0.00651	0.00538	0.00568	0.00581	0.00740	0.00459	0.00430	0.00788	0.01209	0.01470	0.08406	0.12459	0.63606	0.03116	0.00687	0.00193	0.00285	0.02863	0.00499	0.00452
12	0.00883	0.00810	0.07245	0.00912	0.01101	0.00670	0.02514	0.05764	0.01267	0.01714	0.08753	0.25331	0.10747	0.01287	0.00650	0.00205	0.00427	0.23865	0.05324	0.00532
13	0.00932	0.00466	0.00699	0.00699	0.00699	0.00466	0.00466	0.00699	0.00699	0.00932	0.00932	0.01632	0.00932	0.01865	0.02098	0.84382	0.00466	0.00466	0.00233	0.00233
14	0.00932	0.00466	0.00699	0.00699	0.00699	0.00466	0.00466	0.00699	0.00699	0.00932	0.00932	0.01632	0.00932	0.01865	0.02098	0.84382	0.00466	0.00466	0.00233	0.00233
15	0.01280	0.01362	0.07045	0.09407	0.58827	0.01276	0.09638	0.01636	0.01209	0.01715	0.01010	0.01338	0.00825	0.00482	0.00541	0.00164	0.00683	0.00490	0.00262	0.00812
16	0.01042	0.02585	0.71922	0.01465	0.02195	0.01180	0.01860	0.01621	0.01125	0.01673	0.01128	0.07725	0.00918	0.00607	0.00524	0.00174	0.00753	0.00490	0.00249	0.00764
17	0.01150	0.01079	0.01793	0.50321	0.28669	0.01234	0.01518	0.03103	0.03013	0.01565	0.01010	0.01407	0.00788	0.00524	0.00535	0.00172	0.00679	0.00481	0.00262	0.00695
18	0.00779	0.00561	0.00761	0.00861	0.00959	0.00543	0.00694	0.00974	0.01202	0.01585	0.11001	0.28826	0.06676	0.01497	0.00708	0.00227	0.00402	0.40762	0.00506	0.00476
19	0.03083	0.04626	0.32411	0.01767	0.02368	0.05857	0.32382	0.06409	0.01287	0.01785	0.01011	0.01250	0.00750	0.00503	0.00575	0.00171	0.02251	0.00493	0.00270	0.00751
20	0.01148	0.01133	0.05996	0.06286	0.05238	0.09047	0.02039	0.07298	0.12136	0.01681	0.01950	0.13381	0.03630	0.13657	0.00935	0.00243	0.00562	0.12628	0.00408	0.00603
21	0.00951	0.00497	0.00518	0.00532	0.00641	0.00494	0.00387	0.01173	0.01099	0.01887	0.01887	0.11107	0.01650	0.04254	0.00513	0.00153	0.00269	0.00630	0.70870	0.00485
22	0.01150	0.01106	0.01896	0.41558	0.22910	0.01231	0.10461	0.01602	0.07408	0.01593	0.01138	0.01579	0.00904	0.00553	0.00553	0.00176	0.00688	0.02514	0.00282	0.00697
23	0.01329	0.01275	0.02179	0.03295	0.77787	0.01275	0.01647	0.01647	0.01222	0.01754	0.01010	0.01329	0.00850	0.00478	0.00531	0.00159	0.00638	0.00478	0.00266	0.00850
24	0.01188	0.01001	0.01164	0.00859	0.01293	0.00845	0.00687	0.07543	0.03268	0.01856	0.01027	0.01228	0.00859	0.02923	0.00543	0.00109	0.03843	0.00360	0.00339	0.69063
25	0.01894	0.01404	0.01514	0.01180	0.01578	0.01550	0.00968	0.65554	0.06745	0.03215	0.07648	0.01555	0.01299	0.00687	0.00545	0.00163	0.00553	0.00531	0.00542	0.00876
26	0.01605	0.01247	0.01328	0.01114	0.01458	0.01406	0.00889	0.30017	0.43835	0.04308	0.01829	0.01733	0.01349	0.00691	0.00534	0.00171	0.00479	0.00554	0.04597	0.00858
27	0.00871	0.00680	0.00941	0.12407	0.05724	0.00686	0.00739	0.03129	0.02617	0.03070	0.32884	0.16799	0.12699	0.01101	0.00620	0.00182	0.00379	0.03438	0.00489	0.00544
28	0.01152	0.01582	0.17912	0.01774	0.02238	0.03897	0.40401	0.01549	0.01187	0.01631	0.03095	0.12062	0.01243	0.00687	0.00699	0.00186	0.07036	0.00690	0.00298	0.00680
29	0.00671	0.00480	0.00643	0.00767	0.00806	0.00451	0.00529	0.00778	0.01045	0.01390	0.02949	0.74621	0.03512	0.01665	0.00690	0.00220	0.00327	0.07518	0.00498	0.00441
30	0.00902	0.00658	0.00787	0.00757	0.00936	0.00635	0.00593	0.01293	0.11625	0.05694	0.33545	0.04233	0.23320	0.01151	0.00633	0.00185	0.00327	0.11619	0.00550	0.00558
31	0.01326	0.01549	0.13472	0.02789	0.53045	0.02629	0.10627	0.04865	0.01276	0.01804	0.01021	0.01306	0.00821	0.00488	0.00540	0.00163	0.00697	0.00483	0.00272	0.00825
32	0.01044	0.00978	0.01646	0.62763	0.15625	0.01162	0.01459	0.01380	0.01095	0.01434	0.01079	0.06012	0.00902	0.00593	0.00544	0.00178	0.00679	0.00538	0.00258	0.00628
33	0.00654	0.00469	0.00621	0.00743	0.00777	0.00436	0.00496	0.00748	0.01032	0.01372	0.03011	0.79172	0.05129	0.01675	0.00684	0.00217	0.00311	0.01518	0.00498	0.00436
34	0.01143	0.05649	0.05443	0.01274	0.12797	0.01013	0.00913	0.07023	0.16155	0.03809	0.23163	0.02883	0.09234	0.00872	0.00577	0.00173	0.00442	0.06279	0.00474	0.00685
35	0.00789	0.00589	0.00838	0.00819	0.00924	0.00652	0.00620	0.00956	0.00866	0.01246	0.01446	0.02251	0.01397	0.14773	0.63614	0.00769	0.01247	0.00589	0.00295	0.05321
36	0.01737	0.01297	0.01380	0.01113	0.01475	0.01445	0.00902	0.48300	0.21784	0.02927	0.01576	0.01557	0.01156	0.00664	0.00521	0.00162	0.00508	0.00518	0.10130	0.00849
37	0.02005	0.02558	0.01521	0.01383	0.01659	0.78980	0.01037	0.02143	0.01521	0.01314	0.00830	0.00968	0.00691	0.00553	0.00484	0.00138	0.00968	0.00346	0.00277	0.00622
38	0.00658	0.00481	0.00621	0.00728	0.00780	0.00443	0.00496	0.00763	0.01063	0.01398	0.04572	0.69184	0.12008	0.01630	0.00680	0.00214	0.00310	0.03031	0.00500	0.00440
39	0.00654	0.00467	0.00623	0.00747	0.00779	0.00436	0.00498	0.00747	0.01028	0.01370	0.02959	0.80785	0.03550	0.01682	0.00685	0.00218	0.00311	0.01526	0.00498	0.00436
40	0.84927	0.01038	0.00789	0.00706	0.01038	0.01204	0.00581	0.01578	0.00914	0.02408	0.00747	0.00872	0.00581	0.00498	0.00332	0.00166	0.00415	0.00291	0.00332	0.00581
41	0.00689	0.00493	0.00655	0.00733	0.00793	0.00460	0.00509	0.00830	0.01170	0.01594	0.23768	0.57583	0.03962	0.01514	0.00672	0.00205	0.00300	0.03088	0.00524	0.00457
42	0.01502	0.73178	0.02673	0.00959	0.01402	0.08746	0.00926	0.01672	0.01136	0.02659	0.00778	0.00888	0.00701	0.00471	0.00360	0.00118	0.00606	0.00297	0.00242	0.00687
43	0.01146	0.02772	0.12120	0.00953	0.01358	0.00891	0.02128	0.05576	0.09183	0.05228	0.20467	0.02068	0.03706	0.00672	0.00510	0.00138	0.00443	0.00565	0.00425	0.29652
44	0.01942	0.01963	0.01528	0.01346	0.03954	0.40166	0.01021	0.26345	0.09668	0.05153	0.01177	0.01226	0.00892	0.00603	0.00511	0.00152	0.00758	0.00430	0.00405	0.00759
45	0.00654	0.00467	0.00623	0.00747	0.00779	0.00436	0.00498	0.00747	0.01028	0.01370	0.02959	0.80785	0.03550	0.01682	0.00685	0.00218	0.00311	0.01526	0.00498	0.00436
46	0.01132	0.01074	0.01823	0.51163	0.31457	0.01224	0.01549	0.01475	0.01129	0.01515	0.00975	0.01393	0.00766	0.00515	0.00535	0.00172	0.00686	0.00478	0.00249	0.00691
47	0.01887	0.02296	0.01492	0.01351	0.01611	0.65213	0.01033	0.06177	0.01519	0.01447	0.00975	0.01319	0.00856	0.00639	0.00577	0.00152	0.05505	0.05019	0.00303	0.00629
48	0.84927	0.01038	0.00789	0.00706	0.01038	0.01204	0.00581	0.01578	0.00914	0.02408	0.00747	0.00872	0.00581	0.00498	0.00332	0.00166	0.00415	0.00291	0.00332	0.00581
49	0.02035	0.01675	0.01596	0.01259	0.01664	0.14224	0.01023	0.64000	0.02361	0.03047	0.01214	0.01237	0.00877	0.00630	0.00528	0.00157	0.00652	0.00461	0.00495	0.00866
50	0.00657	0.00471	0.00624	0.00741	0.00778	0.00439	0.00496	0.00756	0.01047	0.01396	0.05298	0.76719	0.05275	0.01657	0.00682	0.00216	0.00309	0.01500	0.00501	0.00439
51	0.01310	0.01257	0.02146	0.07730	0.73494	0.01271	0.01638	0.01631	0.01214	0.01732	0.01006	0.01334	0.00842	0.00482	0.00532	0.00161	0.00642	0.00478	0.00264	0.00836
52	0.01206	0.27645	0.46463	0.01283	0.01917	0.01519	0.01523	0.01753	0.07390	0.01615	0.02437	0.01173	0.00845	0.00523	0.00463	0.00153	0.00683	0.00390	0.00261	0.00759
53	0.84927	0.01038	0.00789	0.00706	0.01038	0.01204	0.00581	0.01578	0.00914	0.02408	0.00747	0.00872	0.00581	0.00498	0.00332	0.00166	0.00415	0.00291	0.00332	0.00581
54	0.01550	0.01392	0.01407	0.01336	0.07800	0.10230	0.00971	0.17142	0.47297	0.02324	0.01756	0.01688	0.01322	0.00671	0.00536	0.00171	0.00537	0.00542	0.00490	0.00836
55	0.00670	0.00486	0.00636	0.00751	0.00802	0.00452	0.00521	0.00780	0.01061	0.01396	0.03154	0.68350	0.09631	0.01639	0.00686	0.00217	0.00323	0.07505	0.00498	0.00442
56	0.02031	0.02455	0.01504	0.01356	0.01641	0.74046	0.01022	0.02173	0.01522	0.06162	0.00911	0.01022	0.00732	0.00560	0.00488	0.00140	0.00936	0.00358	0.00301	0.00641
57	0.01375	0.00717	0.00937	0.00851	0.01024	0.00711	0.00657	0.08868	0.03760	0.18599	0.01650	0.04166	0.01440	0.01288	0.01192	0.34366	0.00460	0.10886	0.06519	0.00535
58	0.01077	0.02777	0.78354	0.01530	0.02323	0.01247	0.01983	0.01700	0.01133	0.01700	0.00963	0.01133	0.00680	0.00510	0.00510	0.00170	0.00793	0.00397	0.00227	0.00793
59	0.00744	0.00562	0.00706	0.00783	0.00909	0.00524	0.00630	0.00924	0.01199	0.01523	0.05774	0.20070	0.28396	0.01469	0.00691	0.00217	0.00377	0.33532	0.00499	0.00470
60	0.00654	0.00467	0.00623	0.00747	0.00779	0.00436	0.00498	0.00747	0.01028	0.01370	0.02959	0.80785	0.03550	0.01682	0.00685	0.00218	0.00311	0.01526	0.00498	0.00436
61	0.01240	0.06255	0.14041	0.02079	0.04658	0.01367	0.57370	0.01691	0.01232	0.01685	0.01079	0.02770	0.00837	0.00484	0.00597	0.00176	0.00852	0.00590	0.00266	0.00730
62	0.00911	0.00598	0.00677	0.00649	0.00714	0.00599	0.00407	0.01065	0.07168	0.05671	0.04459	0.03411	0.06762	0.62183	0.02224	0.00439	0.00484	0.00781	0.00383	0.00417
63	0.01329	0.01275	0.02179	0.03295	0.77787	0.01275	0.01647	0.01647	0.01222	0.01754	0.01010	0.01329	0.00850	0.00478	0.00531	0.00159	0.00638	0.00478	0.00266	0.00850
64	0.01825	0.01347	0.01579	0.17237	0.02054	0.01507	0.01102	0.55923	0.02157	0.06367	0.01290	0.01438	0.00935	0.00640	0.00541	0.00167	0.00608	0.01960	0.00481	0.00840
65	0.01225	0.01189	0.02083	0.27138	0.48423	0.01256	0.07738	0.01567	0.01179	0.01631	0.00999	0.01370	0.00805	0.00494	0.00542	0.00167	0.00684	0.00491	0.00258	0.00760
66	0.00781	0.00520	0.00585	0.00585	0.00585	0.00520	0.00325	0.00781	0.00781	0.01041	0.01691	0.03513	0.01952	0.81135	0.02732	0.00520	0.00520	0.00781	0.00325	0.00325
67	0.01113	0.00954	0.01113	0.00795	0.01272	0.00716	0.00636	0.01352	0.01113	0.01749	0.00954	0.01113	0.00795	0.00398	0.00398	0.00080	0.00398	0.00318	0.00318	0.84417
68	0.01037	0.00986	0.01615	0.68405	0.03363	0.01258	0.01445	0.01360	0.01037	0.01360	0.00918	0.01394	0.00714	0.00595	0.00715	0.00187	0.12301	0.00476	0.00238	0.00595
69	0.01087	0.02704	0.74273	0.01570	0.02349	0.01253	0.05991	0.01701	0.01141	0.01701	0.00970	0.01150	0.00687	0.00507	0.00517	0.00171	0.00799	0.00410	0.00229	0.00790
70	0.00744	0.00548	0.00696	0.00659	0.00792	0.00500	0.00494	0.00982	0.01482	0.02064	0.68426	0.04155	0.14197	0.01130	0.00633	0.00170	0.00256	0.00991	0.00579	0.00500
71	0.00653	0.00472	0.00618	0.00735	0.00775	0.00437	0.00493	0.00749	0.01040	0.01375	0.03115	0.76013	0.08221	0.01661	0.00682	0.00216	0.00309	0.01501	0.00498	0.00437
72	0.00675	0.00482	0.00646	0.00765	0.00807	0.00453	0.00529	0.00786	0.01061	0.01415	0.05373	0.72104	0.03561	0.01646	0.00688	0.00219	0.00325	0.07520	0.00501	0.00443
73	0.00981	0.00507	0.00530	0.00530	0.00653	0.00514	0.00400	0.01227	0.01104	0.01939	0.01725	0.02010	0.01373	0.00907	0.06882	0.00186	0.00348	0.00507	0.77178	0.00499
74	0.01014	0.00954	0.01610	0.79845	0.03697	0.01193	0.01491	0.01371	0.01073	0.01371	0.00954	0.01431	0.00716	0.00537	0.00537	0.00179	0.00716	0.00477	0.00239	0.00596
75	0.00765	0.00544	0.00679	0.00645	0.00778	0.00500	0.00484	0.01003	0.01451	0.02055	0.62512	0.03983	0.13535	0.01090	0.00612	0.00167	0.00255	0.00951	0.07491	0.00500
76	0.84927	0.01038	0.00789	0.00706	0.01038	0.01204	0.00581	0.01578	0.00914	0.02408	0.00747	0.00872	0.00581	0.00498	0.00332	0.00166	0.00415	0.00291	0.00332	0.00581
77	0.01293	0.50265	0.32761	0.01161	0.01753	0.01776	0.01341	0.01644	0.01108	0.01436	0.00832	0.00969	0.00685	0.00479	0.00410	0.00137	0.00661	0.00330	0.00228	0.00730
78	0.00781	0.00520	0.00585	0.00585	0.00585	0.00520	0.00325	0.00781	0.00781	0.01041	0.01691	0.03513	0.01952	0.81135	0.02732	0.00520	0.00520	0.00781	0.00325	0.00325
79	0.00767	0.00575	0.00863	0.00863	0.00959	0.00671	0.00671	0.00959	0.00863	0.01246	0.01438	0.02109	0.01342	0.04026	0.79008	0.00863	0.01438	0.00575	0.00288	0.00479
80	0.01077	0.02777	0.78354	0.01530	0.02323	0.01247	0.01983	0.01700	0.01133	0.01700	0.00963	0.01133	0.00680	0.00510	0.00510	0.00170	0.00793	0.00397	0.00227	0.00793
81	0.02341	0.00929	0.01244	0.00964	0.01372	0.00823	0.00793	0.02631	0.06286	0.73368	0.02122	0.01838	0.01348	0.00668	0.00540	0.00167	0.00455	0.00544	0.00657	0.00909
82	0.00698	0.00529	0.00600	0.00608	0.00745	0.00467	0.00445	0.00851	0.01245	0.01624	0.22113	0.15650	0.42491	0.01316	0.00671	0.02760	0.00278	0.01094	0.05357	0.00460
83	0.84927	0.01038	0.00789	0.00706	0.01038	0.01204	0.00581	0.01578	0.00914	0.02408	0.00747	0.00872	0.00581	0.00498	0.00332	0.00166	0.00415	0.00291	0.00332	0.00581
84	0.00725	0.00530	0.00573	0.00572	0.00643	0.00495	0.00361	0.00782	0.00966	0.01222	0.04916	0.04150	0.30645	0.49034	0.01888	0.00384	0.00420	0.00918	0.00397	0.00378
85	0.01435	0.81458	0.02813	0.00918	0.01378	0.02124	0.00918	0.01607	0.01091	0.01263	0.00746	0.00861	0.00689	0.00459	0.00344	0.00115	0.00574	0.00287	0.00230	0.00689
86	0.02408	0.00914	0.01246	0.00955	0.01370	0.00789	0.00789	0.02616	0.01536	0.78158	0.02118	0.01827	0.01329	0.00664	0.00540	0.00166	0.00457	0.00540	0.00664	0.00914
87	0.01001	0.00500	0.00500	0.00500	0.00625	0.00500	0.00375	0.01251	0.01126	0.02001	0.01751	0.02001	0.01376	0.00625	0.00375	0.00125	0.00250	0.00500	0.84115	0.00500
88	0.00689	0.00551	0.00620	0.00618	0.00779	0.00482	0.00474	0.00868	0.01309	0.01663	0.25752	0.04910	0.50752	0.01295	0.00643	0.00183	0.00285	0.07131	0.00524	0.00472
89	0.00654	0.00467	0.00623	0.00747	0.00779	0.00436	0.00498	0.00747	0.01028	0.01370	0.02959	0.80785	0.03550	0.01682	0.00685	0.00218	0.00311	0.01526	0.00498	0.00436
90	0.00760	0.00549	0.00718	0.00675	0.00802	0.00506	0.00506	0.01013	0.01519	0.02153	0.77503	0.04010	0.05065	0.01097	0.00633	0.00169	0.00253	0.00971	0.00591	0.00506
91	0.01077	0.02777	0.78354	0.01530	0.02323	0.01247	0.01983	0.01700	0.01133	0.01700	0.00963	0.01133	0.00680	0.00510	0.00510	0.00170	0.00793	0.00397	0.00227	0.00793
92	0.00862	0.00710	0.01027	0.00973	0.01041	0.00887	0.00767	0.01025	0.00849	0.01245	0.01283	0.01975	0.01230	0.07782	0.56772	0.00698	0.19540	0.00563	0.00278	0.00495
93	0.02408	0.00914	0.01246	0.00955	0.01370	0.00789	0.00789	0.02616	0.01536	0.78158	0.02118	0.01827	0.01329	0.00664	0.00540	0.00166	0.00457	0.00540	0.00664	0.00914
94	0.78065	0.01164	0.00850	0.00762	0.01090	0.07640	0.00619	0.01625	0.00964	0.02318	0.00754	0.00880	0.00590	0.00503	0.00345	0.00164	0.00461	0.00295	0.00328	0.00585
95	0.00654	0.00467	0.00623	0.00747	0.00779	0.00436	0.00498	0.00747	0.01028	0.01370	0.02959	0.80785	0.03550	0.01682	0.00685	0.00218	0.00311	0.01526	0.00498	0.00436
96	0.02005	0.02558	0.01521	0.01383	0.01659	0.78980	0.01037	0.02143	0.01521	0.01314	0.00830	0.00968	0.00691	0.00553	0.00484	0.00138	0.00968	0.00346	0.00277	0.00622
97	0.01113	0.00954	0.01113	0.00795	0.01272	0.00716	0.00636	0.01352	0.01113	0.01749	0.00954	0.01113	0.00795	0.00398	0.00398	0.00080	0.00398	0.00318	0.00318	0.84417
98	0.00815	0.00545	0.00655	0.00687	0.00726	0.00545	0.00470	0.00893	0.00919	0.01242	0.01998	0.04101	0.02220	0.55782	0.02080	0.00427	0.00499	0.20107	0.04909	0.00379
99	0.75403	0.01043	0.00853	0.00744	0.01086	0.01185	0.00613	0.04084	0.01017	0.08709	0.00878	0.00965	0.00654	0.00517	0.00356	0.00166	0.00424	0.00318	0.00366	0.00620

[dist]
# distance from previous block
# <min> <max>
0	1

[block]
# block no. 1 follows, 45 sequences, length 10
# corresponding to MSA columns:
# 910-919
name=unknown_B
#
# <colnr> <probs for GDERKNQSTAVLIFYWHMCP>
#	G	D	E	R	K	N	Q	S	T	A	V	L	I	F	Y	W	H	M	C	P
0	0.00703	0.00548	0.00767	0.00804	0.00899	0.00498	0.04408	0.00826	0.01067	0.01414	0.03066	0.64399	0.11956	0.01525	0.00664	0.00206	0.00341	0.01382	0.00479	0.04048
1	0.01047	0.01004	0.01726	0.69546	0.06711	0.01220	0.05809	0.01401	0.01083	0.01405	0.00956	0.01419	0.00727	0.00542	0.00582	0.00180	0.03301	0.00486	0.00241	0.00614
2	0.01743	0.01297	0.01420	0.01124	0.01500	0.01403	0.00921	0.55629	0.05516	0.02999	0.10312	0.01876	0.01537	0.00730	0.00551	0.00162	0.00527	0.04364	0.00528	0.05860
3	0.01480	0.67491	0.07202	0.01010	0.01468	0.11069	0.00996	0.01676	0.01144	0.01295	0.00769	0.00890	0.00689	0.00473	0.00371	0.00121	0.00633	0.00300	0.00235	0.00687
4	0.01812	0.01286	0.01469	0.01179	0.01487	0.03310	0.00968	0.37931	0.06450	0.14665	0.01368	0.01428	0.01001	0.00712	0.00785	0.00176	0.17322	0.00495	0.05346	0.00809
5	0.00853	0.00652	0.00710	0.00658	0.00820	0.00619	0.00480	0.09625	0.01337	0.01720	0.17512	0.04149	0.39221	0.18046	0.01065	0.00248	0.00358	0.00953	0.00484	0.00490
6	0.01043	0.00863	0.01002	0.00751	0.01127	0.00674	0.00571	0.01231	0.01043	0.01600	0.01110	0.01619	0.01039	0.17419	0.00890	0.00172	0.00423	0.00416	0.00320	0.66688
7	0.01366	0.01208	0.01855	0.30293	0.35188	0.01328	0.01459	0.17223	0.01443	0.01960	0.01049	0.01357	0.00815	0.00534	0.00534	0.00167	0.00656	0.00479	0.00313	0.00772
8	0.02135	0.00922	0.01218	0.00921	0.01350	0.00773	0.00757	0.02349	0.01447	0.62049	0.01872	0.01677	0.01216	0.00608	0.00510	0.00148	0.00444	0.00493	0.00591	0.18518
9	0.63778	0.01011	0.03955	0.00772	0.01074	0.01094	0.00657	0.01452	0.00912	0.02135	0.00902	0.01143	0.00746	0.01242	0.16926	0.00313	0.00646	0.00355	0.00318	0.00568

[dist]
# distance from previous block
# <min> <max>
0	17

[block]
# block no. 2 follows, 45 sequences, length 109
# corresponding to MSA columns:
# 937-1045
name=unknown_C
#
# <colnr> <probs for GDERKNQSTAVLIFYWHMCP>
#	G	D	E	R	K	N	Q	S	T	A	V	L	I	F	Y	W	H	M	C	P
0	0.82206	0.01053	0.00816	0.00723	0.01059	0.01219	0.00596	0.04021	0.00966	0.02440	0.00765	0.00886	0.00592	0.00503	0.00339	0.00166	0.00421	0.00297	0.00339	0.00592
1	0.00784	0.00566	0.00765	0.00810	0.03300	0.00608	0.00535	0.00887	0.00848	0.01178	0.01637	0.07806	0.01744	0.38638	0.36864	0.00643	0.00924	0.00726	0.00318	0.00419
2	0.02017	0.01492	0.01598	0.01230	0.01656	0.01654	0.01015	0.73596	0.04963	0.03346	0.01318	0.01312	0.00937	0.00647	0.00537	0.00162	0.00585	0.00487	0.00537	0.00911
3	0.00782	0.03205	0.00786	0.00683	0.00821	0.00560	0.00520	0.01032	0.01505	0.02123	0.74984	0.03906	0.04921	0.01076	0.00624	0.00167	0.00264	0.00948	0.00579	0.00512
4	0.01028	0.00527	0.00529	0.00520	0.00653	0.00531	0.00392	0.03208	0.01162	0.02037	0.01739	0.01983	0.01364	0.00626	0.00379	0.00126	0.00259	0.00500	0.81926	0.00511
5	0.00659	0.00545	0.00578	0.00569	0.00740	0.00464	0.00427	0.00818	0.01281	0.01587	0.19443	0.04941	0.63478	0.01309	0.00634	0.00179	0.00268	0.01101	0.00516	0.00464
6	0.00767	0.00553	0.00727	0.00696	0.00822	0.00514	0.00530	0.01019	0.01501	0.02117	0.72676	0.04142	0.04937	0.01122	0.00640	0.00174	0.00269	0.05704	0.00585	0.00506
7	0.01077	0.02777	0.78354	0.01530	0.02323	0.01247	0.01983	0.01700	0.01133	0.01700	0.00963	0.01133	0.00680	0.00510	0.00510	0.00170	0.00793	0.00397	0.00227	0.00793
8	0.01077	0.02777	0.78354	0.01530	0.02323	0.01247	0.01983	0.01700	0.01133	0.01700	0.00963	0.01133	0.00680	0.00510	0.00510	0.00170	0.00793	0.00397	0.00227	0.00793
9	0.00741	0.00548	0.00692	0.00656	0.00791	0.00499	0.00492	0.00977	0.01476	0.02049	0.66858	0.04181	0.15775	0.01136	0.00633	0.00171	0.00256	0.00995	0.00577	0.00499
10	0.01259	0.01418	0.03055	0.02301	0.07657	0.01335	0.69567	0.01696	0.01260	0.01715	0.01117	0.02948	0.00869	0.00478	0.00628	0.00180	0.00876	0.00640	0.00275	0.00727
11	0.81134	0.01044	0.00817	0.00723	0.01059	0.01202	0.00595	0.03062	0.00961	0.04420	0.00794	0.00905	0.00607	0.00506	0.00342	0.00166	0.00420	0.00301	0.00345	0.00597
12	0.01197	0.00951	0.01122	0.00805	0.01278	0.00720	0.00646	0.01433	0.01140	0.06690	0.01029	0.01159	0.00830	0.00415	0.00407	0.00085	0.00401	0.00332	0.00340	0.79017
13	0.01470	0.01128	0.01331	0.01129	0.01461	0.01237	0.05653	0.07397	0.53105	0.11727	0.03486	0.02072	0.04885	0.00731	0.00556	0.00178	0.00461	0.00621	0.00541	0.00830
14	0.01368	0.01420	0.02663	0.01926	0.02434	0.06297	0.56122	0.01756	0.01280	0.06616	0.01118	0.01396	0.00837	0.00465	0.00586	0.00164	0.00813	0.00567	0.00303	0.11868
15	0.02201	0.00963	0.01302	0.01111	0.06275	0.00875	0.00845	0.08605	0.01598	0.62012	0.06893	0.01892	0.01507	0.00679	0.00545	0.00165	0.00466	0.00559	0.00623	0.00883
16	0.06434	0.00980	0.01594	0.69803	0.08317	0.01199	0.01442	0.01403	0.01073	0.01463	0.00944	0.01389	0.00716	0.00530	0.00523	0.00177	0.00691	0.00465	0.00246	0.00612
17	0.01849	0.01234	0.01522	0.01192	0.01557	0.01328	0.05802	0.39033	0.05895	0.18631	0.01489	0.01526	0.01066	0.00877	0.05690	0.00213	0.05734	0.00517	0.04013	0.00831
18	0.00991	0.00923	0.01546	0.74755	0.03509	0.01144	0.01427	0.01331	0.01070	0.01371	0.01083	0.06537	0.00898	0.00610	0.00546	0.00181	0.00690	0.00545	0.00255	0.00586
19	0.01329	0.01275	0.02179	0.03295	0.77787	0.01275	0.01647	0.01647	0.01222	0.01754	0.01010	0.01329	0.00850	0.00478	0.00531	0.00159	0.00638	0.00478	0.00266	0.00850
20	0.40687	0.06604	0.11244	0.06344	0.01575	0.02906	0.00965	0.20140	0.01378	0.02394	0.00926	0.01049	0.00695	0.00537	0.00424	0.00162	0.00549	0.00366	0.00355	0.00700
21	0.01014	0.00954	0.01610	0.79845	0.03697	0.01193	0.01491	0.01371	0.01073	0.01371	0.00954	0.01431	0.00716	0.00537	0.00537	0.00179	0.00716	0.00477	0.00239	0.00596
22	0.00781	0.00520	0.00585	0.00585	0.00585	0.00520	0.00325	0.00781	0.00781	0.01041	0.01691	0.03513	0.01952	0.81135	0.02732	0.00520	0.00520	0.00781	0.00325	0.00325
23	0.00648	0.00546	0.00563	0.00563	0.00740	0.00461	0.00426	0.00795	0.01243	0.01499	0.10010	0.05114	0.71027	0.01346	0.00637	0.00182	0.00276	0.02962	0.00504	0.00458
24	0.02112	0.01389	0.01540	0.01181	0.01607	0.01495	0.00975	0.61745	0.02332	0.17906	0.01450	0.01393	0.00994	0.00648	0.00538	0.00162	0.00565	0.00494	0.00562	0.00913
25	0.84927	0.01038	0.00789	0.00706	0.01038	0.01204	0.00581	0.01578	0.00914	0.02408	0.00747	0.00872	0.00581	0.00498	0.00332	0.00166	0.00415	0.00291	0.00332	0.00581
26	0.01174	0.01174	0.01644	0.01409	0.01409	0.01644	0.01174	0.01292	0.00822	0.01292	0.00705	0.01174	0.00705	0.00940	0.01762	0.00235	0.80153	0.00470	0.00235	0.00587
27	0.02408	0.00914	0.01246	0.00955	0.01370	0.00789	0.00789	0.02616	0.01536	0.78158	0.02118	0.01827	0.01329	0.00664	0.00540	0.00166	0.00457	0.00540	0.00664	0.00914
28	0.01174	0.01174	0.01644	0.01409	0.01409	0.01644	0.01174	0.01292	0.00822	0.01292	0.00705	0.01174	0.00705	0.00940	0.01762	0.00235	0.80153	0.00470	0.00235	0.00587
29	0.01113	0.00954	0.01113	0.00795	0.01272	0.00716	0.00636	0.01352	0.01113	0.01749	0.00954	0.01113	0.00795	0.00398	0.00398	0.00080	0.00398	0.00318	0.00318	0.84417
30	0.84927	0.01038	0.00789	0.00706	0.01038	0.01204	0.00581	0.01578	0.00914	0.02408	0.00747	0.00872	0.00581	0.00498	0.00332	0.00166	0.00415	0.00291	0.00332	0.00581
31	0.02037	0.01620	0.01601	0.01251	0.01664	0.10230	0.01022	0.67815	0.02413	0.03154	0.01238	0.01253	0.00888	0.00634	0.00531	0.00159	0.00632	0.00468	0.00508	0.00881
32	0.01113	0.00954	0.01113	0.00795	0.01272	0.00716	0.00636	0.01352	0.01113	0.01749	0.00954	0.01113	0.00795	0.00398	0.00398	0.00080	0.00398	0.00318	0.00318	0.84417
33	0.00767	0.00575	0.00863	0.00863	0.00959	0.00671	0.00671	0.00959	0.00863	0.01246	0.01438	0.02109	0.01342	0.04026	0.79008	0.00863	0.01438	0.00575	0.00288	0.00479
34	0.00752	0.00548	0.00706	0.00667	0.00797	0.00503	0.00500	0.00997	0.01500	0.02107	0.72844	0.04084	0.09753	0.01114	0.00633	0.00170	0.00254	0.00981	0.00585	0.00503
35	0.00775	0.00542	0.00695	0.00695	0.00733	0.00580	0.00462	0.00851	0.00813	0.01122	0.01591	0.02956	0.01710	0.50570	0.32967	0.00656	0.00884	0.00699	0.00310	0.00386
36	0.84927	0.01038	0.00789	0.00706	0.01038	0.01204	0.00581	0.01578	0.00914	0.02408	0.00747	0.00872	0.00581	0.00498	0.00332	0.00166	0.00415	0.00291	0.00332	0.00581
37	0.00666	0.00484	0.00647	0.00763	0.00794	0.00465	0.00514	0.00760	0.01023	0.01368	0.02905	0.78878	0.03482	0.01664	0.00711	0.00218	0.02224	0.01501	0.00492	0.00440
38	0.01450	0.00719	0.00952	0.00802	0.01051	0.00650	0.00633	0.03624	0.01553	0.32475	0.45456	0.03068	0.03467	0.00913	0.00593	0.00168	0.00343	0.00786	0.00619	0.00679
39	0.51851	0.01427	0.17564	0.00946	0.01394	0.01194	0.00935	0.06515	0.01138	0.11244	0.00990	0.01068	0.00712	0.00530	0.00408	0.00167	0.00513	0.00355	0.00362	0.00687
40	0.01356	0.15515	0.01248	0.00795	0.01069	0.00883	0.00660	0.01576	0.01432	0.23977	0.38293	0.02852	0.06471	0.00867	0.00553	0.00159	0.00372	0.00728	0.00542	0.00655
41	0.01428	0.79793	0.04411	0.00931	0.01398	0.02105	0.00941	0.01609	0.01092	0.01272	0.00751	0.00867	0.00689	0.00460	0.00348	0.00116	0.00579	0.00289	0.00230	0.00691
42	0.01165	0.02813	0.01707	0.04611	0.01601	0.01412	0.10748	0.06118	0.01070	0.01548	0.05958	0.08934	0.01282	0.00911	0.01281	0.00212	0.47090	0.00620	0.00307	0.00609
43	0.01418	0.77803	0.06322	0.00947	0.01422	0.02083	0.00968	0.01612	0.01093	0.01283	0.00756	0.00874	0.00688	0.00462	0.00352	0.00117	0.00584	0.00292	0.00229	0.00694
44	0.00694	0.00495	0.00649	0.00715	0.00773	0.00463	0.00490	0.00830	0.01160	0.01585	0.25403	0.52588	0.03905	0.06643	0.00802	0.00223	0.00307	0.01310	0.00515	0.00450
45	0.01322	0.51135	0.29856	0.01150	0.01724	0.03874	0.01303	0.01655	0.01118	0.01421	0.00826	0.00962	0.00686	0.00480	0.00408	0.00135	0.00663	0.00328	0.00230	0.00725
46	0.00781	0.00520	0.00585	0.00585	0.00585	0.00520	0.00325	0.00781	0.00781	0.01041	0.01691	0.03513	0.01952	0.81135	0.02732	0.00520	0.00520	0.00781	0.00325	0.00325
47	0.01113	0.00954	0.01113	0.00795	0.01272	0.00716	0.00636	0.01352	0.01113	0.01749	0.00954	0.01113	0.00795	0.00398	0.00398	0.00080	0.00398	0.00318	0.00318	0.84417
48	0.01181	0.25676	0.56368	0.01352	0.02048	0.01502	0.01673	0.01673	0.01121	0.01573	0.00900	0.01054	0.00683	0.00495	0.00462	0.00154	0.00729	0.00365	0.00228	0.00763
49	0.01113	0.00954	0.01113	0.00795	0.01272	0.00716	0.00636	0.01352	0.01113	0.01749	0.00954	0.01113	0.00795	0.00398	0.00398	0.00080	0.00398	0.00318	0.00318	0.84417
50	0.00852	0.00598	0.00811	0.00898	0.01023	0.00589	0.00766	0.01098	0.01273	0.01715	0.14694	0.05449	0.04907	0.01363	0.00698	0.00225	0.00435	0.56191	0.05917	0.00496
51	0.01113	0.00954	0.01113	0.00795	0.01272	0.00716	0.00636	0.01352	0.01113	0.01749	0.00954	0.01113	0.00795	0.00398	0.00398	0.00080	0.00398	0.00318	0.00318	0.84417
52	0.00760	0.00549	0.00718	0.00675	0.00802	0.00506	0.00506	0.01013	0.01519	0.02153	0.77503	0.04010	0.05065	0.01097	0.00633	0.00169	0.00253	0.00971	0.00591	0.00506
53	0.00744	0.00552	0.00696	0.00672	0.00808	0.00504	0.00512	0.00975	0.01448	0.01990	0.59635	0.04351	0.18082	0.01170	0.00640	0.00176	0.00272	0.05711	0.00568	0.00496
54	0.84927	0.01038	0.00789	0.00706	0.01038	0.01204	0.00581	0.01578	0.00914	0.02408	0.00747	0.00872	0.00581	0.00498	0.00332	0.00166	0.00415	0.00291	0.00332	0.00581
55	0.00650	0.00543	0.00566	0.00563	0.00735	0.00459	0.00421	0.00798	0.01254	0.01531	0.13844	0.06559	0.67565	0.01335	0.00635	0.00181	0.00271	0.01122	0.00509	0.00459
56	0.02065	0.01465	0.01587	0.01217	0.01645	0.01608	0.01005	0.71211	0.02459	0.08259	0.01343	0.01324	0.00940	0.00646	0.00537	0.00161	0.00582	0.00487	0.00545	0.00913
57	0.01059	0.01024	0.01698	0.55541	0.03065	0.01288	0.06207	0.01365	0.01025	0.01373	0.00921	0.01394	0.00736	0.00713	0.02919	0.00210	0.18131	0.00488	0.00241	0.00599
58	0.02024	0.01495	0.01601	0.01232	0.01658	0.01657	0.01016	0.74249	0.04299	0.03356	0.01310	0.01306	0.00930	0.00646	0.00537	0.00162	0.00587	0.00486	0.00537	0.00911
59	0.02179	0.00897	0.01233	0.06014	0.01479	0.00807	0.00815	0.03685	0.01522	0.65766	0.08127	0.01969	0.01584	0.00691	0.00547	0.00167	0.00459	0.00570	0.00629	0.00860
60	0.01154	0.01089	0.01841	0.34951	0.41966	0.01186	0.01507	0.01474	0.01148	0.01570	0.01114	0.06553	0.00970	0.00581	0.00544	0.00171	0.00649	0.00546	0.00270	0.00718
61	0.84927	0.01038	0.00789	0.00706	0.01038	0.01204	0.00581	0.01578	0.00914	0.02408	0.00747	0.00872	0.00581	0.00498	0.00332	0.00166	0.00415	0.00291	0.00332	0.00581
62	0.00767	0.00575	0.00863	0.00863	0.00959	0.00671	0.00671	0.00959	0.00863	0.01246	0.01438	0.02109	0.01342	0.04026	0.79008	0.00863	0.01438	0.00575	0.00288	0.00479
63	0.01075	0.00634	0.00693	0.05767	0.00944	0.00671	0.00521	0.06001	0.06095	0.02028	0.01729	0.04011	0.01389	0.02145	0.00459	0.00144	0.00320	0.00537	0.64290	0.00550
64	0.00717	0.00535	0.00653	0.00716	0.00813	0.00496	0.00531	0.00852	0.01124	0.01440	0.06950	0.27721	0.25616	0.11832	0.00946	0.00250	0.00365	0.17521	0.00479	0.00443
65	0.00855	0.00778	0.00728	0.00693	0.00880	0.07323	0.00520	0.02400	0.06769	0.01643	0.17650	0.04244	0.48512	0.03803	0.00682	0.00186	0.00353	0.00975	0.00494	0.00510
66	0.01735	0.01285	0.01429	0.01147	0.01493	0.01404	0.02295	0.57103	0.03535	0.02886	0.01562	0.08926	0.01351	0.06713	0.00725	0.00198	0.00558	0.04345	0.00511	0.00800
67	0.00743	0.00548	0.00694	0.00658	0.00792	0.00499	0.00493	0.00981	0.01480	0.02059	0.67865	0.04164	0.14762	0.01132	0.00633	0.00170	0.00256	0.00992	0.00579	0.00499
68	0.00688	0.00496	0.00653	0.00731	0.00781	0.00481	0.00499	0.00797	0.01022	0.01375	0.07608	0.54075	0.06668	0.10113	0.11047	0.00328	0.00473	0.01271	0.00459	0.00436
69	0.01077	0.02777	0.78354	0.01530	0.02323	0.01247	0.01983	0.01700	0.01133	0.01700	0.00963	0.01133	0.00680	0.00510	0.00510	0.00170	0.00793	0.00397	0.00227	0.00793
70	0.01238	0.01044	0.01143	0.01064	0.01337	0.01180	0.00847	0.02475	0.60146	0.02108	0.02280	0.02766	0.01898	0.00866	0.00580	0.00192	0.00438	0.14888	0.00530	0.02979
71	0.00840	0.00600	0.00836	0.00960	0.01073	0.00596	0.00822	0.01069	0.01211	0.01578	0.02856	0.14914	0.03144	0.01506	0.00735	0.00244	0.00473	0.65562	0.00495	0.00487
72	0.01278	0.01227	0.02071	0.13115	0.63250	0.01288	0.01597	0.01589	0.01177	0.01674	0.00983	0.01332	0.00823	0.00516	0.00611	0.00167	0.05764	0.00478	0.00260	0.00800
73	0.01471	0.01155	0.01242	0.01090	0.01411	0.01310	0.00855	0.07539	0.65668	0.08740	0.02121	0.01942	0.01566	0.00717	0.00545	0.00179	0.00438	0.00593	0.00556	0.00859
74	0.00770	0.00560	0.00788	0.00785	0.00860	0.00625	0.00579	0.00920	0.00886	0.01257	0.06458	0.02564	0.01729	0.22042	0.55887	0.00737	0.01144	0.00649	0.00316	0.00445
75	0.01995	0.01481	0.01585	0.01226	0.01647	0.01643	0.01009	0.71267	0.07328	0.03309	0.01347	0.01335	0.00960	0.00650	0.00538	0.00162	0.00580	0.00491	0.00538	0.00909
76	0.01315	0.00915	0.04669	0.00891	0.01154	0.00833	0.00733	0.17766	0.01652	0.14981	0.32700	0.12925	0.05252	0.00981	0.00597	0.00173	0.00395	0.00841	0.00559	0.00667
77	0.01138	0.16270	0.65399	0.01425	0.02161	0.01397	0.01801	0.01684	0.01126	0.01625	0.00926	0.01087	0.00682	0.00501	0.00482	0.00161	0.00756	0.00378	0.00227	0.00775
78	0.01387	0.70972	0.12881	0.01000	0.01504	0.02007	0.01060	0.01620	0.01096	0.01321	0.00775	0.00897	0.00688	0.00466	0.00366	0.00122	0.00603	0.00302	0.00229	0.00703
79	0.68379	0.01057	0.00972	0.00825	0.01165	0.02580	0.05500	0.01648	0.00999	0.07197	0.00910	0.01030	0.00687	0.00513	0.00370	0.00164	0.00452	0.00341	0.04601	0.00609
80	0.00654	0.00467	0.00623	0.00747	0.00779	0.00436	0.00498	0.00747	0.01028	0.01370	0.02959	0.80785	0.03550	0.01682	0.00685	0.00218	0.00311	0.01526	0.00498	0.00436
81	0.01335	0.01153	0.01214	0.01092	0.01396	0.01335	0.00850	0.02852	0.76817	0.02245	0.02185	0.02003	0.01639	0.00728	0.00546	0.00182	0.00425	0.00607	0.00546	0.00850
82	0.01077	0.02777	0.78354	0.01530	0.02323	0.01247	0.01983	0.01700	0.01133	0.01700	0.00963	0.01133	0.00680	0.00510	0.00510	0.00170	0.00793	0.00397	0.00227	0.00793
83	0.01086	0.04759	0.76451	0.01515	0.02299	0.01269	0.01956	0.01698	0.01132	0.01689	0.00958	0.01126	0.00680	0.00509	0.00506	0.00169	0.00788	0.00394	0.00227	0.00791
84	0.02408	0.00914	0.01246	0.00955	0.01370	0.00789	0.00789	0.02616	0.01536	0.78158	0.02118	0.01827	0.01329	0.00664	0.00540	0.00166	0.00457	0.00540	0.00664	0.00914
85	0.00682	0.00510	0.00633	0.00678	0.00773	0.00461	0.00480	0.00833	0.01222	0.01626	0.26173	0.39992	0.21115	0.01430	0.00658	0.00195	0.00285	0.01267	0.00526	0.00461
86	0.00760	0.00549	0.00718	0.00675	0.00802	0.00506	0.00506	0.01013	0.01519	0.02153	0.77503	0.04010	0.05065	0.01097	0.00633	0.00169	0.00253	0.00971	0.00591	0.00506
87	0.01523	0.01111	0.01219	0.01068	0.01391	0.01240	0.00839	0.02811	0.63661	0.15512	0.02173	0.01972	0.01584	0.00717	0.00545	0.00179	0.00430	0.00595	0.00567	0.00861
88	0.01329	0.01275	0.02179	0.03295	0.77787	0.01275	0.01647	0.01647	0.01222	0.01754	0.01010	0.01329	0.00850	0.00478	0.00531	0.00159	0.00638	0.00478	0.00266	0.00850
89	0.00654	0.00467	0.00623	0.00747	0.00779	0.00436	0.00498	0.00747	0.01028	0.01370	0.02959	0.80785	0.03550	0.01682	0.00685	0.00218	0.00311	0.01526	0.00498	0.00436
90	0.01014	0.00954	0.01610	0.79845	0.03697	0.01193	0.01491	0.01371	0.01073	0.01371	0.00954	0.01431	0.00716	0.00537	0.00537	0.00179	0.00716	0.00477	0.00239	0.00596
91	0.01420	0.01114	0.01196	0.01047	0.01359	0.01244	0.00825	0.12041	0.53684	0.07255	0.02391	0.02276	0.08903	0.00788	0.00557	0.00179	0.00435	0.01921	0.00547	0.00817
92	0.01061	0.00698	0.00904	0.15542	0.06304	0.00756	0.00719	0.04788	0.01208	0.01929	0.06412	0.01933	0.01423	0.00636	0.00465	0.00144	0.01826	0.00524	0.52165	0.00562
93	0.01108	0.01112	0.02010	0.44168	0.03036	0.01229	0.22600	0.01463	0.01113	0.01500	0.00972	0.01386	0.00750	0.00531	0.00646	0.00174	0.06879	0.00506	0.00255	0.08561
94	0.00860	0.00567	0.00760	0.00753	0.00856	0.00640	0.00583	0.01070	0.00953	0.01510	0.01525	0.02044	0.01335	0.02754	0.49434	0.00588	0.03338	0.00546	0.29394	0.00490
95	0.01194	0.01233	0.01973	0.01593	0.01711	0.01582	0.17295	0.01384	0.00918	0.01384	0.00787	0.01233	0.00728	0.00834	0.01518	0.00223	0.63043	0.00505	0.00243	0.00617
96	0.01156	0.01167	0.01800	0.06609	0.01716	0.01531	0.10802	0.01334	0.00901	0.01353	0.00831	0.02780	0.00790	0.00939	0.03366	0.00239	0.61328	0.00514	0.00246	0.00600
97	0.00656	0.00468	0.00622	0.00744	0.00775	0.00438	0.00495	0.00748	0.01023	0.01364	0.02934	0.79277	0.03519	0.03232	0.00725	0.00224	0.00316	0.01511	0.00495	0.00434
98	0.00776	0.00530	0.00640	0.00643	0.00662	0.00548	0.00396	0.00815	0.00801	0.01087	0.01665	0.04644	0.01862	0.64644	0.17579	0.00582	0.00696	0.00754	0.00321	0.00357
99	0.00668	0.00477	0.00638	0.00763	0.00800	0.00448	0.00522	0.00771	0.01041	0.01385	0.02951	0.75976	0.03521	0.01669	0.00689	0.00220	0.00323	0.06201	0.00498	0.00440
100	0.01196	0.01211	0.01641	0.01409	0.01416	0.03669	0.01171	0.01314	0.00840	0.01292	0.00708	0.01169	0.00704	0.00929	0.01728	0.00232	0.78079	0.00467	0.00236	0.00588
101	0.01575	0.01316	0.01384	0.12752	0.06733	0.13953	0.01008	0.10788	0.22356	0.12790	0.01793	0.03211	0.05369	0.00700	0.00542	0.00170	0.00585	0.01770	0.00450	0.00757
102	0.01995	0.01481	0.01585	0.01226	0.01647	0.01643	0.01009	0.71227	0.07369	0.03309	0.01347	0.01335	0.00960	0.00650	0.00538	0.00162	0.00580	0.00491	0.00538	0.00909
103	0.00654	0.00467	0.00623	0.00747	0.00779	0.00436	0.00498	0.00747	0.01028	0.01370	0.02959	0.80785	0.03550	0.01682	0.00685	0.00218	0.00311	0.01526	0.00498	0.00436
104	0.01100	0.01042	0.01765	0.58942	0.23928	0.01215	0.01534	0.01447	0.01114	0.01476	0.00969	0.01403	0.00752	0.00521	0.00535	0.00174	0.00694	0.00477	0.00246	0.00666
105	0.06867	0.04347	0.01684	0.09753	0.03147	0.25508	0.07944	0.05302	0.01216	0.01526	0.00891	0.01202	0.00758	0.00865	0.05945	0.00221	0.21482	0.00437	0.00277	0.00628
106	0.01943	0.11169	0.01662	0.01332	0.01629	0.70592	0.01024	0.02085	0.01474	0.01308	0.00821	0.00956	0.00691	0.00543	0.00469	0.00136	0.00925	0.00339	0.00271	0.00630
107	0.01876	0.01286	0.01409	0.01117	0.01495	0.01396	0.00907	0.48199	0.14071	0.13089	0.01650	0.01649	0.02609	0.03531	0.00614	0.00177	0.00528	0.00534	0.03003	0.00861
108	0.01953	0.01369	0.01486	0.01160	0.01561	0.01499	0.00951	0.58971	0.09395	0.09638	0.01468	0.01439	0.01041	0.00653	0.00530	0.00162	0.00546	0.00501	0.04791	0.00886

[dist]
# distance from previous block
# <min> <max>
0	4

[block]
# block no. 3 follows, 45 sequences, length 6
# corresponding to MSA columns:
# 1050-1055
name=unknown_D
#
# <colnr> <probs for GDERKNQSTAVLIFYWHMCP>
#	G	D	E	R	K	N	Q	S	T	A	V	L	I	F	Y	W	H	M	C	P
0	0.76290	0.01217	0.08779	0.00791	0.01170	0.01209	0.00726	0.01590	0.00936	0.02335	0.00770	0.00899	0.00591	0.00499	0.00351	0.00166	0.00454	0.00302	0.00321	0.00603
1	0.01316	0.01112	0.01170	0.01040	0.01340	0.01259	0.00812	0.09307	0.60918	0.02254	0.02494	0.02318	0.10701	0.00796	0.00556	0.00180	0.00422	0.00659	0.00540	0.00808
2	0.01482	0.00945	0.01081	0.00898	0.01154	0.00994	0.00712	0.28348	0.01725	0.11591	0.16377	0.04803	0.02002	0.05025	0.00685	0.00179	0.03089	0.00639	0.17580	0.00692
3	0.01208	0.01209	0.01857	0.51515	0.12116	0.07705	0.10390	0.04745	0.01214	0.01541	0.00981	0.01376	0.00750	0.00526	0.00543	0.00173	0.00745	0.00485	0.00262	0.00658
4	0.00932	0.00466	0.00699	0.00699	0.00699	0.00466	0.00466	0.00699	0.00699	0.00932	0.00932	0.01632	0.00932	0.01865	0.02098	0.84382	0.00466	0.00466	0.00233	0.00233
5	0.73711	0.01027	0.00899	0.11284	0.01393	0.01203	0.00703	0.01550	0.00935	0.02270	0.00775	0.00947	0.00599	0.00503	0.00360	0.00168	0.00455	0.00316	0.00320	0.00583

[dist]
# distance from previous block
# <min> <max>
0	3

[block]
# block no. 4 follows, 45 sequences, length 22
# corresponding to MSA columns:
# 1059-1080
name=unknown_E
#
# <colnr> <probs for GDERKNQSTAVLIFYWHMCP>
#	G	D	E	R	K	N	Q	S	T	A	V	L	I	F	Y	W	H	M	C	P
0	0.01198	0.10993	0.65553	0.01429	0.02164	0.01311	0.01796	0.01747	0.01154	0.06415	0.01012	0.01148	0.00721	0.00514	0.00494	0.00164	0.00749	0.00394	0.00254	0.00790
1	0.84927	0.01038	0.00789	0.00706	0.01038	0.01204	0.00581	0.01578	0.00914	0.02408	0.00747	0.00872	0.00581	0.00498	0.00332	0.00166	0.00415	0.00291	0.00332	0.00581
2	0.78474	0.01028	0.00825	0.00725	0.01064	0.01172	0.00598	0.01659	0.00962	0.08332	0.00855	0.00947	0.00640	0.00511	0.00348	0.00166	0.00418	0.00310	0.00358	0.00607
3	0.00672	0.00488	0.00663	0.03424	0.00887	0.00467	0.00542	0.00779	0.01035	0.01377	0.02888	0.75973	0.03441	0.01637	0.00682	0.00218	0.00330	0.03565	0.00489	0.00443
4	0.00654	0.00467	0.00623	0.00747	0.00779	0.00436	0.00498	0.00747	0.01028	0.01370	0.02959	0.80785	0.03550	0.01682	0.00685	0.00218	0.00311	0.01526	0.00498	0.00436
5	0.00922	0.00473	0.00710	0.00710	0.00716	0.00479	0.00479	0.00716	0.00710	0.00952	0.00965	0.01662	0.00959	0.02003	0.07025	0.79032	0.00528	0.00473	0.00237	0.00249
6	0.73736	0.01043	0.00864	0.00750	0.01094	0.01180	0.00618	0.04422	0.01034	0.09914	0.00903	0.00982	0.00667	0.00520	0.00360	0.00166	0.00426	0.00322	0.00372	0.00626
7	0.01077	0.02777	0.78354	0.01530	0.02323	0.01247	0.01983	0.01700	0.01133	0.01700	0.00963	0.01133	0.00680	0.00510	0.00510	0.00170	0.00793	0.00397	0.00227	0.00793
8	0.01001	0.00500	0.00500	0.00500	0.00625	0.00500	0.00375	0.01251	0.01126	0.02001	0.01751	0.02001	0.01376	0.00625	0.00375	0.00125	0.00250	0.00500	0.84115	0.00500
9	0.01728	0.01793	0.01652	0.07835	0.07803	0.31965	0.05875	0.20121	0.10750	0.01999	0.01231	0.01345	0.02300	0.00598	0.00525	0.00158	0.00747	0.00465	0.00373	0.00740
10	0.42702	0.03445	0.01158	0.01007	0.06129	0.01161	0.00765	0.09179	0.03299	0.21860	0.01215	0.01226	0.00862	0.00556	0.00427	0.00161	0.00462	0.00395	0.00436	0.03556
11	0.01158	0.01101	0.01870	0.44825	0.37591	0.01230	0.01562	0.01498	0.01141	0.01546	0.00980	0.01384	0.00777	0.00510	0.00534	0.00170	0.00680	0.00478	0.00251	0.00712
