[name]
unknown

[dist]
# distance from previous block
# <min> <max>
2	38

[block]
# block no. 0 follows, 43 sequences, length 40
# corresponding to MSA columns:
# 47-86
name=unknown_A
#
# <colnr> <probs for GDERKNQSTAVLIFYWHMCP>
#	G	D	E	R	K	N	Q	S	T	A	V	L	I	F	Y	W	H	M	C	P
0	0.06528	0.01076	0.01488	0.08722	0.10455	0.01132	0.05778	0.13221	0.05709	0.13596	0.04543	0.04426	0.01302	0.04407	0.00839	0.06342	0.04771	0.00574	0.00423	0.04666
1	0.04744	0.01212	0.03832	0.13269	0.26030	0.02829	0.13402	0.01774	0.01283	0.13157	0.03070	0.01557	0.01046	0.00552	0.00543	0.00167	0.00642	0.00523	0.06136	0.04232
2	0.07126	0.00805	0.02834	0.02726	0.01061	0.03922	0.00658	0.03346	0.03210	0.12981	0.01246	0.04025	0.01081	0.01436	0.01504	0.50215	0.00509	0.00512	0.00344	0.00458
3	0.01977	0.01279	0.01515	0.09879	0.04765	0.03345	0.01027	0.35572	0.03589	0.23371	0.01524	0.01523	0.01055	0.00640	0.00543	0.00165	0.00576	0.00507	0.02997	0.04150
4	0.01101	0.00654	0.00832	0.00744	0.00944	0.00595	0.00573	0.01375	0.03724	0.16208	0.50509	0.03824	0.14581	0.01076	0.00633	0.00176	0.00309	0.00931	0.00609	0.00604
5	0.01343	0.01294	0.02136	0.07694	0.67944	0.02977	0.01627	0.01667	0.01272	0.01793	0.04186	0.01484	0.01046	0.00525	0.00552	0.00166	0.00654	0.00512	0.00287	0.00842
6	0.01295	0.01577	0.07791	0.02288	0.02864	0.01394	0.70630	0.01773	0.01299	0.01773	0.01113	0.01474	0.00832	0.00470	0.00646	0.00186	0.00927	0.00639	0.00277	0.00751
7	0.00766	0.00565	0.00716	0.00678	0.00816	0.00515	0.00509	0.01011	0.01526	0.02121	0.66973	0.04302	0.15105	0.01170	0.00653	0.00176	0.00264	0.01025	0.00597	0.00515
8	0.01405	0.01214	0.01363	0.01343	0.08608	0.01375	0.00958	0.05994	0.64432	0.02312	0.02076	0.01952	0.01565	0.00717	0.00559	0.00183	0.00466	0.00603	0.00532	0.02343
9	0.01332	0.01283	0.02090	0.12442	0.62127	0.02894	0.01610	0.01707	0.04180	0.01766	0.01168	0.01481	0.02384	0.00530	0.00551	0.00168	0.00659	0.00509	0.00287	0.00832
10	0.01853	0.01390	0.01633	0.12731	0.01999	0.01534	0.02860	0.54230	0.03825	0.05274	0.01361	0.03755	0.01017	0.00670	0.00557	0.00169	0.00613	0.00533	0.00498	0.03499
11	0.02069	0.02640	0.01569	0.01427	0.01712	0.78313	0.01070	0.02212	0.01569	0.01355	0.00856	0.00999	0.00713	0.00571	0.00499	0.00143	0.00999	0.00357	0.00285	0.00642
12	0.00799	0.00534	0.00606	0.00612	0.00613	0.00533	0.00344	0.00804	0.00817	0.01089	0.01805	0.07107	0.02089	0.76952	0.02723	0.00523	0.00527	0.00840	0.00344	0.00341
13	0.01860	0.01396	0.05607	0.01365	0.08140	0.07492	0.02535	0.24876	0.01764	0.22369	0.02991	0.03987	0.04316	0.00709	0.00611	0.00169	0.04115	0.00561	0.00494	0.04644
14	0.04891	0.06052	0.37691	0.04947	0.01997	0.01174	0.04714	0.04204	0.01333	0.17716	0.08697	0.01619	0.01299	0.00619	0.00536	0.00172	0.00658	0.00506	0.00383	0.00792
15	0.02046	0.01147	0.01333	0.01064	0.01452	0.02597	0.00864	0.22326	0.13606	0.37471	0.05063	0.01996	0.04970	0.00739	0.00564	0.00173	0.00496	0.00594	0.00612	0.00887
16	0.00696	0.00501	0.00653	0.00744	0.00797	0.00466	0.00504	0.00816	0.01137	0.01529	0.14612	0.62144	0.06747	0.04906	0.00784	0.00228	0.00319	0.01437	0.00522	0.00457
17	0.05030	0.11082	0.29008	0.08700	0.02300	0.01377	0.17804	0.04746	0.01230	0.01778	0.00993	0.01230	0.00756	0.00511	0.00544	0.00163	0.02350	0.00450	0.00274	0.09675
18	0.03063	0.09058	0.50736	0.01645	0.02347	0.03683	0.16371	0.03631	0.01236	0.01768	0.01000	0.01203	0.00734	0.00515	0.00533	0.00172	0.00814	0.00447	0.00255	0.00788
19	0.00684	0.00534	0.00599	0.00637	0.00753	0.00472	0.00445	0.00800	0.01164	0.01458	0.07716	0.28093	0.42661	0.10320	0.00912	0.00237	0.00321	0.01245	0.00499	0.00450
20	0.05137	0.01310	0.05373	0.13155	0.39873	0.01294	0.03636	0.07986	0.03729	0.09741	0.01196	0.01428	0.00916	0.00556	0.00570	0.00172	0.02257	0.00497	0.00346	0.00829
21	0.01804	0.06120	0.07385	0.01256	0.06165	0.05336	0.01016	0.13470	0.18982	0.24610	0.01861	0.01770	0.04260	0.00677	0.00540	0.00168	0.00549	0.00542	0.00513	0.02977
22	0.01263	0.10300	0.01743	0.10753	0.01720	0.01501	0.05154	0.08298	0.01122	0.01599	0.01000	0.01470	0.00899	0.05936	0.03188	0.00238	0.36618	0.00500	0.06064	0.00632
23	0.00675	0.00545	0.00600	0.00623	0.00770	0.00470	0.00453	0.00820	0.01256	0.01567	0.13769	0.21225	0.52407	0.01441	0.00666	0.00194	0.00287	0.01235	0.00526	0.00470
24	0.01598	0.07190	0.16616	0.08261	0.09059	0.01449	0.01305	0.26984	0.01661	0.08373	0.01250	0.03710	0.00976	0.02318	0.00682	0.00182	0.06666	0.00508	0.00397	0.00814
25	0.15679	0.16373	0.09725	0.01218	0.03847	0.07836	0.02932	0.19997	0.05411	0.10240	0.01182	0.01233	0.00877	0.00578	0.00477	0.00159	0.00616	0.00423	0.00403	0.00794
26	0.01892	0.01214	0.01329	0.01049	0.01412	0.01300	0.00857	0.47233	0.02111	0.13121	0.01563	0.01586	0.01117	0.00663	0.00513	0.00158	0.00504	0.00511	0.21030	0.00837
27	0.01476	0.73055	0.05798	0.01002	0.01470	0.04431	0.01003	0.01669	0.01132	0.01323	0.00780	0.00912	0.00711	0.00493	0.00410	0.00125	0.02952	0.00308	0.00238	0.00710
28	0.00801	0.00553	0.00684	0.00684	0.00712	0.00581	0.00436	0.00857	0.00829	0.01133	0.01671	0.03217	0.01837	0.59058	0.24055	0.00636	0.00803	0.00746	0.00325	0.00380
29	0.00715	0.00563	0.00646	0.00625	0.00785	0.00493	0.00469	0.00913	0.01406	0.01838	0.39150	0.04768	0.43104	0.01275	0.00654	0.00181	0.00271	0.01090	0.00559	0.00493
30	0.02358	0.00936	0.01248	0.00971	0.01379	0.00830	0.00797	0.02646	0.05527	0.69948	0.02171	0.01903	0.01390	0.00687	0.00549	0.00170	0.00460	0.00559	0.04551	0.00919
31	0.00741	0.00558	0.00685	0.00666	0.00804	0.00502	0.00495	0.00958	0.01448	0.01967	0.52232	0.10280	0.24133	0.01250	0.00658	0.00181	0.00271	0.01090	0.00577	0.00502
32	0.02188	0.01419	0.01580	0.01212	0.01652	0.01522	0.01001	0.59517	0.02383	0.19520	0.01515	0.01450	0.01035	0.00669	0.00555	0.00167	0.00579	0.00511	0.00583	0.00942
33	0.01338	0.00826	0.01005	0.00937	0.01144	0.00831	0.00713	0.17038	0.04475	0.14941	0.02469	0.40656	0.02531	0.01250	0.00639	0.00201	0.00422	0.05333	0.02589	0.00661
34	0.01321	0.01362	0.04154	0.11948	0.15945	0.01306	0.43303	0.03547	0.01315	0.04708	0.03016	0.03227	0.01022	0.00540	0.00615	0.00182	0.00803	0.00621	0.00309	0.00756
35	0.01530	0.01631	0.01993	0.11388	0.47701	0.21563	0.01505	0.03071	0.01348	0.01675	0.00991	0.01284	0.00820	0.00524	0.00536	0.00161	0.00756	0.00457	0.00279	0.00787
36	0.01401	0.01201	0.01265	0.01132	0.01449	0.01388	0.00882	0.05231	0.73756	0.02354	0.02225	0.02043	0.01667	0.00749	0.00563	0.00187	0.00444	0.00622	0.00563	0.00879
37	0.84448	0.01071	0.00814	0.00728	0.01071	0.01242	0.00600	0.01628	0.00943	0.02485	0.00771	0.00900	0.00600	0.00514	0.00343	0.00171	0.00428	0.00300	0.00343	0.00600
38	0.11701	0.11895	0.01584	0.01067	0.01485	0.01431	0.00899	0.31552	0.05336	0.23615	0.03136	0.01471	0.01120	0.00642	0.00506	0.00163	0.00532	0.00482	0.00525	0.00859
39	0.04567	0.00868	0.01038	0.00895	0.01104	0.00910	0.00681	0.10775	0.03041	0.01732	0.02910	0.03976	0.01414	0.20700	0.18813	0.00411	0.07168	0.00588	0.00362	0.18046

[dist]
# distance from previous block
# <min> <max>
0	10

[block]
# block no. 1 follows, 43 sequences, length 9
# corresponding to MSA columns:
# 97-105
name=unknown_B
#
# <colnr> <probs for GDERKNQSTAVLIFYWHMCP>
#	G	D	E	R	K	N	Q	S	T	A	V	L	I	F	Y	W	H	M	C	P
0	0.03715	0.01156	0.01356	0.09413	0.01701	0.05661	0.00932	0.09860	0.14153	0.34415	0.01742	0.01682	0.01206	0.00731	0.02224	0.00184	0.02201	0.00522	0.00531	0.06617
1	0.15625	0.01029	0.01169	0.06294	0.01476	0.00951	0.00757	0.06746	0.03958	0.10233	0.01198	0.03163	0.00945	0.00530	0.00447	0.00127	0.00455	0.00412	0.00392	0.44091
2	0.00962	0.00481	0.00722	0.00722	0.00722	0.00481	0.00481	0.00722	0.00722	0.00962	0.00962	0.01684	0.00962	0.01924	0.02165	0.83886	0.00481	0.00481	0.00241	0.00241
3	0.01183	0.01192	0.01841	0.24375	0.02348	0.04251	0.13394	0.01519	0.05502	0.01494	0.01124	0.06862	0.01009	0.00790	0.01054	0.00208	0.30331	0.00594	0.00289	0.00638
4	0.01060	0.00970	0.01593	0.65061	0.06008	0.01198	0.01439	0.01404	0.01108	0.01469	0.01090	0.01669	0.00871	0.00616	0.00622	0.00187	0.05018	0.03230	0.04772	0.00615
5	0.01063	0.00732	0.02794	0.00761	0.01000	0.00613	0.00606	0.01329	0.03234	0.12987	0.39043	0.06249	0.17222	0.01043	0.00612	0.00169	0.00331	0.00897	0.00562	0.08753
6	0.01054	0.00793	0.01030	0.00982	0.01142	0.00806	0.04503	0.18355	0.01446	0.01932	0.02542	0.54092	0.02855	0.01408	0.00671	0.00211	0.00430	0.04654	0.00511	0.00584
7	0.07081	0.01011	0.01151	0.00874	0.01312	0.00868	0.00698	0.06868	0.05327	0.08038	0.01273	0.05583	0.01061	0.00549	0.00452	0.00115	0.00427	0.00441	0.00397	0.56473
8	0.00871	0.00580	0.00675	0.00648	0.00760	0.00542	0.00444	0.00979	0.01117	0.06677	0.13907	0.04021	0.25580	0.34382	0.06153	0.00371	0.00469	0.00917	0.00453	0.00455

[dist]
# distance from previous block
# <min> <max>
0	1

[block]
# block no. 2 follows, 43 sequences, length 30
# corresponding to MSA columns:
# 107-136
name=unknown_C
#
# <colnr> <probs for GDERKNQSTAVLIFYWHMCP>
#	G	D	E	R	K	N	Q	S	T	A	V	L	I	F	Y	W	H	M	C	P
0	0.01481	0.80869	0.02902	0.00948	0.01421	0.02191	0.00948	0.01658	0.01125	0.01303	0.00770	0.00888	0.00711	0.00474	0.00355	0.00118	0.00592	0.00296	0.00237	0.00711
1	0.01355	0.01147	0.01214	0.01093	0.01393	0.01318	0.00849	0.04663	0.68339	0.02318	0.04181	0.03743	0.01797	0.00776	0.00563	0.00186	0.00430	0.00649	0.03136	0.00849
2	0.01677	0.00976	0.01182	0.00903	0.01325	0.02466	0.00725	0.03948	0.01383	0.31360	0.04861	0.05609	0.01373	0.00627	0.00499	0.00132	0.00441	0.00516	0.00495	0.39503
3	0.01208	0.12107	0.43111	0.03113	0.02308	0.01466	0.17318	0.01696	0.01158	0.01651	0.00965	0.01213	0.00736	0.00554	0.00668	0.00178	0.09085	0.00457	0.00245	0.00764
4	0.01278	0.01094	0.01163	0.01062	0.01351	0.01243	0.00828	0.02627	0.64309	0.02214	0.04554	0.02589	0.08373	0.00852	0.00583	0.00190	0.00423	0.03893	0.00558	0.00816
5	0.02351	0.01035	0.01329	0.01027	0.01447	0.00963	0.00846	0.13827	0.04049	0.61940	0.03855	0.01860	0.01408	0.00695	0.00559	0.00171	0.00486	0.00561	0.00660	0.00930
6	0.00791	0.00593	0.00890	0.00890	0.00989	0.00692	0.00692	0.00989	0.00890	0.01286	0.01483	0.02176	0.01385	0.04154	0.78341	0.00890	0.01483	0.00593	0.00297	0.00494
7	0.00833	0.00584	0.00731	0.00803	0.00880	0.00573	0.00562	0.07239	0.01202	0.01638	0.02785	0.63506	0.03221	0.03414	0.00724	0.00222	0.00354	0.04148	0.06084	0.00496
8	0.01371	0.01316	0.02248	0.03399	0.77081	0.01316	0.01700	0.01700	0.01261	0.01809	0.01042	0.01371	0.00877	0.00493	0.00548	0.00164	0.00658	0.00493	0.00274	0.00877
9	0.02246	0.00974	0.01260	0.00984	0.01380	0.00897	0.00806	0.10084	0.04134	0.59677	0.06875	0.01985	0.01586	0.00713	0.00557	0.00170	0.00463	0.00580	0.03732	0.00898
10	0.01329	0.01254	0.02101	0.19493	0.58637	0.01313	0.01641	0.04384	0.01278	0.01788	0.01040	0.01392	0.00850	0.00513	0.00550	0.00169	0.00673	0.00493	0.00279	0.00824
11	0.00930	0.10439	0.01249	0.14287	0.01481	0.00982	0.00833	0.01103	0.00983	0.01321	0.01641	0.20277	0.01737	0.10550	0.22351	0.00424	0.07776	0.00784	0.00331	0.00524
12	0.02423	0.00992	0.01310	0.01009	0.01435	0.00893	0.00832	0.07587	0.04105	0.70015	0.02130	0.01854	0.01353	0.00686	0.00557	0.00172	0.00479	0.00555	0.00673	0.00940
13	0.02468	0.00969	0.01302	0.00998	0.01427	0.00853	0.00824	0.05852	0.01629	0.74249	0.02148	0.01861	0.01352	0.00685	0.00557	0.00171	0.00477	0.00554	0.00680	0.00942
14	0.01161	0.08697	0.62959	0.01535	0.02264	0.01381	0.04607	0.01775	0.04033	0.01724	0.01018	0.01196	0.00747	0.00547	0.00574	0.00175	0.04136	0.00421	0.00249	0.00801
15	0.01343	0.01190	0.01683	0.49408	0.09444	0.03513	0.01396	0.16895	0.06178	0.01935	0.01138	0.01461	0.00852	0.00585	0.00552	0.00178	0.00693	0.00498	0.00334	0.00723
16	0.00803	0.00546	0.00650	0.00650	0.00665	0.00562	0.00392	0.00835	0.00819	0.01108	0.01703	0.03394	0.01913	0.68375	0.14843	0.00593	0.00688	0.00772	0.00329	0.00361
17	0.01271	0.01747	0.16990	0.02195	0.02803	0.01379	0.61601	0.01770	0.01282	0.01770	0.01097	0.01434	0.00815	0.00478	0.00630	0.00185	0.00912	0.00609	0.00272	0.00760
18	0.00772	0.00603	0.00727	0.00709	0.00877	0.00518	0.00516	0.00944	0.01249	0.01695	0.21414	0.30301	0.21757	0.01292	0.00633	0.00180	0.00311	0.01134	0.00508	0.13860
19	0.00693	0.00489	0.00637	0.00748	0.00776	0.00462	0.00490	0.00776	0.01026	0.01368	0.02875	0.69756	0.03438	0.12460	0.00994	0.00267	0.00351	0.01470	0.00490	0.00434
20	0.01289	0.01441	0.02971	0.02168	0.02622	0.01456	0.61105	0.01691	0.01220	0.01691	0.01046	0.01441	0.00819	0.00562	0.00874	0.00197	0.15794	0.00622	0.00273	0.00720
21	0.00782	0.00537	0.00601	0.00608	0.00630	0.00525	0.00354	0.00803	0.00868	0.01137	0.02234	0.07698	0.10284	0.67879	0.02475	0.00483	0.00498	0.00884	0.00364	0.00356
22	0.02345	0.00972	0.01285	0.01007	0.01418	0.00880	0.00830	0.05448	0.06507	0.67186	0.02181	0.02020	0.01435	0.00717	0.00564	0.00175	0.00476	0.02963	0.00667	0.00924
23	0.00836	0.00574	0.00740	0.00705	0.00844	0.00524	0.00526	0.01069	0.01495	0.05322	0.60660	0.11413	0.10812	0.01193	0.00654	0.00180	0.00278	0.01051	0.00596	0.00529
24	0.01032	0.00516	0.00516	0.00516	0.00645	0.00516	0.00387	0.01290	0.01161	0.02065	0.01807	0.02065	0.01420	0.00645	0.00387	0.00129	0.00258	0.00516	0.83611	0.00516
25	0.01148	0.00984	0.01148	0.00820	0.01312	0.00738	0.00656	0.01395	0.01148	0.01805	0.00984	0.01148	0.00820	0.00410	0.00410	0.00082	0.00410	0.00328	0.00328	0.83922
26	0.00798	0.00538	0.00602	0.00602	0.00611	0.00534	0.00339	0.00805	0.00826	0.01093	0.01922	0.03702	0.05445	0.76908	0.02720	0.00521	0.00525	0.00822	0.00344	0.00342
27	0.01649	0.01315	0.01583	0.17866	0.06312	0.01489	0.01141	0.37995	0.18268	0.02654	0.01481	0.03256	0.01119	0.00674	0.00559	0.00176	0.00596	0.00549	0.00474	0.00844
28	0.00728	0.00552	0.00651	0.00683	0.00786	0.00510	0.00476	0.00904	0.03651	0.01572	0.17123	0.30939	0.26068	0.11641	0.00948	0.00243	0.00329	0.01215	0.00510	0.00468
29	0.04980	0.08809	0.03759	0.29353	0.09363	0.03974	0.10712	0.11440	0.07269	0.01883	0.01114	0.01388	0.00855	0.00566	0.00561	0.00174	0.02254	0.00491	0.00323	0.00733

[dist]
# distance from previous block
# <min> <max>
1	7

[block]
# block no. 3 follows, 43 sequences, length 76
# corresponding to MSA columns:
# 144-187,195-200,266-291
name=unknown_D
#
# <colnr> <probs for GDERKNQSTAVLIFYWHMCP>
#	G	D	E	R	K	N	Q	S	T	A	V	L	I	F	Y	W	H	M	C	P
0	0.01986	0.05608	0.01656	0.01234	0.01646	0.06474	0.01018	0.59205	0.03920	0.04806	0.01320	0.01365	0.00968	0.00859	0.05170	0.00206	0.00678	0.00489	0.00509	0.00883
1	0.01433	0.03222	0.03867	0.02851	0.57709	0.08499	0.01536	0.01894	0.10112	0.01815	0.01160	0.01403	0.00950	0.00531	0.00541	0.00164	0.00666	0.00490	0.00308	0.00850
2	0.00714	0.00512	0.00678	0.00744	0.00812	0.00476	0.00517	0.00870	0.01244	0.01705	0.29679	0.52717	0.04227	0.01517	0.00688	0.00207	0.00300	0.01368	0.00549	0.00476
3	0.00902	0.00728	0.00825	0.00798	0.00978	0.00740	0.00596	0.01476	0.22604	0.01929	0.25217	0.16819	0.21852	0.01194	0.00637	0.00190	0.00327	0.01034	0.00556	0.00597
4	0.02084	0.00859	0.01161	0.00922	0.01284	0.00746	0.00747	0.02302	0.01552	0.59510	0.15401	0.05336	0.02131	0.00800	0.00577	0.00172	0.00427	0.00671	0.00658	0.02661
5	0.01013	0.00915	0.01327	0.01177	0.01233	0.01178	0.03651	0.01159	0.00875	0.01299	0.01142	0.01874	0.01130	0.12181	0.29361	0.00510	0.38592	0.00571	0.00275	0.00537
6	0.01148	0.00984	0.01148	0.00820	0.01312	0.00738	0.00656	0.01395	0.01148	0.01805	0.00984	0.01148	0.00820	0.00410	0.00410	0.00082	0.00410	0.00328	0.00328	0.83922
7	0.00792	0.00590	0.00873	0.00873	0.00966	0.00683	0.00671	0.00978	0.00885	0.01273	0.01499	0.02262	0.01422	0.08713	0.73834	0.00869	0.01427	0.00606	0.00299	0.00485
8	0.02069	0.02640	0.01569	0.01427	0.01712	0.78313	0.01070	0.02212	0.01569	0.01355	0.00856	0.00999	0.00713	0.00571	0.00499	0.00143	0.00999	0.00357	0.00285	0.00642
9	0.00805	0.00537	0.00604	0.00604	0.00604	0.00537	0.00336	0.00805	0.00805	0.01074	0.01745	0.03624	0.02013	0.80536	0.02819	0.00537	0.00537	0.00805	0.00336	0.00336
10	0.01122	0.01078	0.01502	0.01307	0.01330	0.01459	0.01075	0.01265	0.00963	0.01467	0.12212	0.04046	0.01505	0.01092	0.03408	0.00247	0.63431	0.00597	0.00307	0.00586
11	0.00677	0.00486	0.00643	0.00764	0.00803	0.00452	0.00512	0.00779	0.01079	0.01437	0.05091	0.76335	0.05467	0.01711	0.00704	0.00223	0.00319	0.01549	0.00517	0.00452
12	0.00805	0.00537	0.00604	0.00604	0.00604	0.00537	0.00336	0.00805	0.00805	0.01074	0.01745	0.03624	0.02013	0.80536	0.02819	0.00537	0.00537	0.00805	0.00336	0.00336
13	0.01148	0.00984	0.01148	0.00820	0.01312	0.00738	0.00656	0.01395	0.01148	0.01805	0.00984	0.01148	0.00820	0.00410	0.00410	0.00082	0.00410	0.00328	0.00328	0.83922
14	0.01046	0.00984	0.01661	0.79205	0.03814	0.01230	0.01538	0.01415	0.01107	0.01415	0.00984	0.01477	0.00738	0.00554	0.00554	0.00185	0.00738	0.00492	0.00246	0.00615
15	0.01481	0.80869	0.02902	0.00948	0.01421	0.02191	0.00948	0.01658	0.01125	0.01303	0.00770	0.00888	0.00711	0.00474	0.00355	0.00118	0.00592	0.00296	0.00237	0.00711
16	0.03824	0.02806	0.75164	0.01551	0.02354	0.01285	0.01999	0.01750	0.01162	0.01778	0.00987	0.01161	0.00698	0.00526	0.00520	0.00175	0.00806	0.00406	0.00237	0.00811
17	0.00679	0.00487	0.00638	0.00757	0.00793	0.00454	0.00503	0.00773	0.01058	0.01403	0.03098	0.74304	0.06370	0.04848	0.00789	0.00236	0.00328	0.01529	0.00507	0.00446
18	0.01524	0.01644	0.02196	0.02706	0.46307	0.19228	0.11802	0.01876	0.04169	0.01718	0.01055	0.01328	0.00865	0.00517	0.00552	0.00163	0.00767	0.00489	0.00289	0.00804
19	0.00764	0.00578	0.00684	0.00741	0.00867	0.00543	0.00557	0.00996	0.05277	0.01589	0.05804	0.30928	0.29321	0.01454	0.00671	0.00208	0.00339	0.13139	0.05043	0.00495
20	0.81280	0.01052	0.00811	0.00727	0.01062	0.01215	0.00597	0.01606	0.00966	0.02475	0.03650	0.01022	0.00775	0.00538	0.00354	0.00171	0.00422	0.00326	0.00353	0.00597
21	0.00953	0.00649	0.00907	0.01019	0.01158	0.00644	0.00889	0.01206	0.01287	0.04529	0.02904	0.06082	0.03119	0.01498	0.00757	0.00252	0.00509	0.70597	0.00517	0.00526
22	0.01148	0.00984	0.01148	0.00820	0.01312	0.00738	0.00656	0.01395	0.01148	0.01805	0.00984	0.01148	0.00820	0.00410	0.00410	0.00082	0.00410	0.00328	0.00328	0.83922
23	0.02073	0.01423	0.01549	0.01196	0.01617	0.01549	0.00985	0.63148	0.02408	0.10788	0.01446	0.01433	0.01016	0.00666	0.00543	0.00164	0.00573	0.00506	0.06003	0.00914
24	0.00791	0.00593	0.00890	0.00890	0.00989	0.00692	0.00692	0.00989	0.00890	0.01286	0.01483	0.02176	0.01385	0.04154	0.78341	0.00890	0.01483	0.00593	0.00297	0.00494
25	0.02104	0.01577	0.01660	0.01278	0.01717	0.03543	0.01053	0.73494	0.02579	0.03440	0.01318	0.01322	0.00936	0.00663	0.00553	0.00166	0.00619	0.00495	0.00548	0.00935
26	0.00805	0.00537	0.00604	0.00604	0.00604	0.00537	0.00336	0.00805	0.00805	0.01074	0.01745	0.03624	0.02013	0.80536	0.02819	0.00537	0.00537	0.00805	0.00336	0.00336
27	0.02021	0.01462	0.01582	0.01232	0.01648	0.01608	0.01013	0.66350	0.04299	0.05816	0.01446	0.01596	0.01080	0.03097	0.00629	0.00181	0.00595	0.02885	0.00551	0.00908
28	0.01042	0.00547	0.00553	0.00542	0.00682	0.00547	0.00409	0.03249	0.01213	0.02085	0.03573	0.02211	0.04286	0.00684	0.00407	0.00133	0.00268	0.00551	0.76492	0.00526
29	0.01303	0.01483	0.03206	0.02299	0.02837	0.01412	0.72140	0.01757	0.01289	0.01757	0.01105	0.01483	0.00836	0.00487	0.00700	0.00189	0.04051	0.00647	0.00279	0.00741
30	0.01766	0.01284	0.01401	0.01153	0.01533	0.01412	0.00926	0.29039	0.38087	0.11727	0.01869	0.01748	0.01353	0.00701	0.00554	0.00175	0.00503	0.00562	0.00567	0.03639
31	0.02105	0.01551	0.01662	0.01274	0.01717	0.01717	0.01053	0.75235	0.02604	0.03490	0.01330	0.01330	0.00942	0.00665	0.00554	0.00166	0.00609	0.00499	0.00554	0.00942
32	0.00859	0.00686	0.00995	0.08415	0.01240	0.00819	0.00764	0.01027	0.00901	0.01275	0.01474	0.06238	0.01469	0.15903	0.45842	0.00657	0.09987	0.00657	0.00303	0.00490
33	0.00688	0.00490	0.00650	0.00774	0.00808	0.00460	0.00521	0.00786	0.01058	0.01409	0.02995	0.74314	0.03578	0.04940	0.00795	0.00239	0.00337	0.04203	0.00507	0.00447
34	0.01608	0.01179	0.01290	0.01112	0.01453	0.01309	0.00882	0.12949	0.51951	0.13004	0.02209	0.02104	0.03352	0.00762	0.00568	0.00184	0.00465	0.02166	0.00577	0.00877
35	0.02048	0.01398	0.01545	0.01206	0.01623	0.01521	0.00990	0.55922	0.08719	0.13852	0.01537	0.01504	0.01084	0.00805	0.03438	0.00196	0.00607	0.00521	0.00564	0.00920
36	0.00884	0.00632	0.00883	0.01011	0.01135	0.00631	0.00878	0.01134	0.01267	0.01648	0.02937	0.08987	0.03205	0.01538	0.00763	0.00254	0.00503	0.70694	0.00510	0.00508
37	0.02437	0.00946	0.01280	0.00984	0.01406	0.00826	0.00812	0.04144	0.01606	0.74157	0.03946	0.01927	0.01454	0.00696	0.00559	0.00171	0.00469	0.00566	0.00681	0.00933
38	0.01250	0.01250	0.01907	0.43513	0.04870	0.08608	0.15848	0.04486	0.01248	0.01613	0.01060	0.01456	0.00813	0.00563	0.00603	0.00178	0.03637	0.00513	0.05928	0.00656
39	0.01198	0.13161	0.51300	0.05504	0.02304	0.01405	0.08556	0.04374	0.01222	0.01729	0.01056	0.03838	0.00826	0.00561	0.00523	0.00170	0.00770	0.00463	0.00260	0.00779
40	0.79947	0.05401	0.00927	0.00740	0.01090	0.01294	0.00619	0.01630	0.00952	0.02421	0.00771	0.00899	0.00606	0.00512	0.00343	0.00168	0.00437	0.00300	0.00337	0.00606
41	0.00805	0.00537	0.00604	0.00604	0.00604	0.00537	0.00336	0.00805	0.00805	0.01074	0.01745	0.03624	0.02013	0.80536	0.02819	0.00537	0.00537	0.00805	0.00336	0.00336
42	0.01481	0.80869	0.02902	0.00948	0.01421	0.02191	0.00948	0.01658	0.01125	0.01303	0.00770	0.00888	0.00711	0.00474	0.00355	0.00118	0.00592	0.00296	0.00237	0.00711
43	0.00805	0.00537	0.00604	0.00604	0.00604	0.00537	0.00336	0.00805	0.00805	0.01074	0.01745	0.03624	0.02013	0.80536	0.02819	0.00537	0.00537	0.00805	0.00336	0.00336
44	0.02069	0.02640	0.01569	0.01427	0.01712	0.78313	0.01070	0.02212	0.01569	0.01355	0.00856	0.00999	0.00713	0.00571	0.00499	0.00143	0.00999	0.00357	0.00285	0.00642
45	0.01864	0.00892	0.01155	0.00985	0.01310	0.00843	0.00805	0.04692	0.10513	0.44377	0.05432	0.07525	0.03454	0.00927	0.00607	0.00191	0.00457	0.12546	0.00621	0.00808
46	0.01087	0.00569	0.00575	0.00555	0.00700	0.00578	0.00421	0.05088	0.01236	0.02138	0.01782	0.02027	0.01395	0.00646	0.00396	0.00131	0.00276	0.00515	0.79345	0.00538
47	0.00675	0.00562	0.00589	0.00582	0.00761	0.00476	0.00437	0.00834	0.01310	0.01610	0.16768	0.05143	0.65628	0.01360	0.00654	0.00185	0.00278	0.01143	0.00529	0.00476
48	0.00891	0.00752	0.00967	0.00948	0.01055	0.05812	0.00738	0.01083	0.00933	0.01292	0.01412	0.02060	0.01315	0.03793	0.70212	0.00815	0.04547	0.00574	0.00294	0.00509
49	0.01529	0.58434	0.12109	0.01104	0.01591	0.14343	0.01106	0.01760	0.01202	0.01368	0.00812	0.00942	0.00710	0.00496	0.00400	0.00130	0.00686	0.00320	0.00244	0.00713
50	0.84448	0.01071	0.00814	0.00728	0.01071	0.01242	0.00600	0.01628	0.00943	0.02485	0.00771	0.00900	0.00600	0.00514	0.00343	0.00171	0.00428	0.00300	0.00343	0.00600
51	0.00655	0.00559	0.00563	0.00567	0.00750	0.00467	0.00423	0.00794	0.01257	0.01494	0.05539	0.07425	0.74808	0.01412	0.00656	0.00188	0.00282	0.01180	0.00514	0.00467
52	0.02105	0.01551	0.01662	0.01274	0.01717	0.01717	0.01053	0.75235	0.02604	0.03490	0.01330	0.01330	0.00942	0.00665	0.00554	0.00166	0.00609	0.00499	0.00554	0.00942
53	0.00791	0.00593	0.00890	0.00890	0.00989	0.00692	0.00692	0.00989	0.00890	0.01286	0.01483	0.02176	0.01385	0.04154	0.78341	0.00890	0.01483	0.00593	0.00297	0.00494
54	0.00674	0.00485	0.00640	0.00764	0.00801	0.00450	0.00511	0.00772	0.01067	0.01417	0.03138	0.77659	0.06123	0.01724	0.00705	0.00224	0.00320	0.01561	0.00514	0.00450
55	0.02105	0.01551	0.01662	0.01274	0.01717	0.01717	0.01053	0.75235	0.02604	0.03490	0.01330	0.01330	0.00942	0.00665	0.00554	0.00166	0.00609	0.00499	0.00554	0.00942
56	0.01088	0.01072	0.03624	0.67848	0.12891	0.01242	0.01571	0.01459	0.01128	0.01472	0.00992	0.01456	0.00755	0.00546	0.00552	0.00182	0.00730	0.00490	0.00249	0.00653
57	0.01779	0.00962	0.04308	0.00942	0.01283	0.00839	0.00790	0.10797	0.01684	0.38723	0.28507	0.02588	0.02659	0.00835	0.00589	0.00172	0.00428	0.00702	0.00624	0.00788
58	0.01307	0.01494	0.03268	0.02334	0.02894	0.01401	0.75070	0.01774	0.01307	0.01774	0.01120	0.01494	0.00840	0.00467	0.00654	0.00187	0.00934	0.00654	0.00280	0.00747
59	0.01111	0.02865	0.77667	0.01579	0.02397	0.01286	0.02046	0.01754	0.01169	0.01754	0.00994	0.01169	0.00702	0.00526	0.00526	0.00175	0.00818	0.00409	0.00234	0.00818
60	0.02017	0.01451	0.01574	0.01227	0.01640	0.01592	0.01005	0.67128	0.02454	0.06139	0.01486	0.07030	0.01154	0.00743	0.00565	0.00171	0.00583	0.00578	0.00556	0.00906
61	0.01759	0.00851	0.01110	0.00988	0.04069	0.00780	0.00745	0.06165	0.03075	0.41415	0.05416	0.11909	0.11749	0.04458	0.00696	0.00198	0.00439	0.02819	0.00594	0.00763
62	0.02221	0.00998	0.01285	0.01010	0.01405	0.00931	0.00831	0.13081	0.03497	0.56667	0.07735	0.02126	0.01669	0.00746	0.00571	0.00174	0.00476	0.03031	0.00652	0.00895
63	0.01220	0.01167	0.01889	0.22290	0.47832	0.02677	0.01496	0.01538	0.01239	0.01689	0.04183	0.01823	0.07351	0.00610	0.00561	0.00171	0.00639	0.00566	0.00300	0.00759
64	0.01103	0.12619	0.16849	0.01176	0.03152	0.03632	0.07047	0.01400	0.01244	0.03136	0.19910	0.02453	0.08312	0.07095	0.02216	0.00214	0.06770	0.00664	0.00374	0.00634
65	0.01048	0.00994	0.01727	0.45760	0.12026	0.01115	0.10186	0.01371	0.01143	0.01501	0.01469	0.11860	0.04056	0.02615	0.00642	0.00196	0.00676	0.00685	0.00301	0.00629
66	0.01101	0.01018	0.00954	0.03433	0.01188	0.11379	0.00708	0.08410	0.09186	0.01774	0.05260	0.11766	0.33001	0.01162	0.00626	0.00189	0.00466	0.07306	0.00485	0.00587
67	0.48928	0.01113	0.06710	0.00821	0.01158	0.01072	0.00710	0.04413	0.01066	0.03797	0.02889	0.01641	0.01063	0.11781	0.00746	0.00218	0.00479	0.03175	0.00361	0.07858
68	0.04861	0.01913	0.01310	0.01188	0.01471	0.45841	0.00902	0.02111	0.14161	0.05487	0.01922	0.01918	0.13142	0.00739	0.00532	0.00160	0.00739	0.00541	0.00392	0.00668
69	0.04239	0.01036	0.01178	0.00901	0.01322	0.03171	0.00721	0.05825	0.02799	0.14874	0.01341	0.05313	0.01083	0.00572	0.00494	0.00121	0.02281	0.00454	0.02208	0.50067
70	0.01245	0.01001	0.01209	0.04062	0.01353	0.03624	0.03617	0.14299	0.07198	0.05556	0.09141	0.08467	0.18440	0.01062	0.00832	0.03359	0.10693	0.03732	0.00469	0.00641
71	0.03063	0.00882	0.01026	0.02106	0.01190	0.02467	0.00694	0.08792	0.01333	0.05095	0.08480	0.22022	0.07389	0.00992	0.00623	0.00165	0.03899	0.03561	0.00452	0.25769
72	0.06881	0.02946	0.01416	0.08840	0.01655	0.03656	0.06710	0.16339	0.03134	0.13055	0.05864	0.03851	0.11735	0.00993	0.05352	0.00219	0.03588	0.00642	0.00455	0.02668
73	0.01417	0.10873	0.06060	0.03413	0.01654	0.15062	0.08076	0.07837	0.13103	0.01848	0.05724	0.06082	0.03163	0.00705	0.00581	0.00162	0.03721	0.00571	0.02418	0.07530
74	0.05807	0.00926	0.01160	0.08073	0.04387	0.04237	0.02633	0.04267	0.01178	0.01730	0.07289	0.16008	0.03385	0.01199	0.07838	0.00241	0.10083	0.00719	0.07938	0.10900
75	0.01317	0.01017	0.05605	0.00943	0.01253	0.00915	0.00790	0.13713	0.10580	0.11519	0.23228	0.07645	0.08592	0.00927	0.00592	0.00173	0.00423	0.02489	0.00542	0.07736

[dist]
# distance from previous block
# <min> <max>
1	6

[block]
# block no. 4 follows, 43 sequences, length 30
# corresponding to MSA columns:
# 298-327
name=unknown_E
#
# <colnr> <probs for GDERKNQSTAVLIFYWHMCP>
#	G	D	E	R	K	N	Q	S	T	A	V	L	I	F	Y	W	H	M	C	P
0	0.01828	0.01384	0.01527	0.01234	0.04303	0.01467	0.00968	0.54778	0.03860	0.03002	0.01424	0.01509	0.03198	0.03176	0.00606	0.00166	0.00564	0.00504	0.00500	0.14002
1	0.01703	0.01275	0.01522	0.01185	0.01586	0.01320	0.05873	0.42356	0.05243	0.06326	0.04234	0.09201	0.01390	0.00739	0.00558	0.00162	0.00546	0.00615	0.00506	0.13662
2	0.11916	0.01257	0.01300	0.03261	0.05096	0.06538	0.00874	0.20064	0.14343	0.05923	0.03668	0.01753	0.06761	0.00670	0.00512	0.00158	0.00517	0.00523	0.00457	0.14409
3	0.01278	0.01005	0.01228	0.03589	0.01358	0.01074	0.00822	0.09372	0.11908	0.06383	0.01539	0.05781	0.02840	0.08597	0.06488	0.00252	0.13952	0.00580	0.00402	0.21554
4	0.01829	0.01414	0.01507	0.01218	0.01612	0.01589	0.00986	0.47823	0.30465	0.03045	0.01680	0.01609	0.01226	0.00698	0.00558	0.00174	0.00545	0.00547	0.00558	0.00917
5	0.00905	0.00592	0.00766	0.00707	0.00856	0.00542	0.00530	0.01145	0.01518	0.07726	0.64244	0.04002	0.08194	0.04932	0.00750	0.00192	0.00291	0.00967	0.00598	0.00542
6	0.02336	0.00951	0.01267	0.00981	0.01388	0.00846	0.00807	0.06924	0.01645	0.67436	0.07681	0.02019	0.01632	0.00717	0.00564	0.00171	0.00464	0.00587	0.00672	0.00911
7	0.01481	0.80869	0.02902	0.00948	0.01421	0.02191	0.00948	0.01658	0.01125	0.01303	0.00770	0.00888	0.00711	0.00474	0.00355	0.00118	0.00592	0.00296	0.00237	0.00711
8	0.01819	0.01393	0.01529	0.01356	0.07190	0.04014	0.01017	0.39820	0.22857	0.07520	0.04522	0.01670	0.01331	0.00692	0.00558	0.00172	0.00556	0.00552	0.00537	0.00893
9	0.00794	0.00611	0.00733	0.00707	0.00863	0.00573	0.00535	0.01113	0.06998	0.01985	0.46958	0.07233	0.23804	0.01213	0.00653	0.00183	0.00291	0.03650	0.00574	0.00531
10	0.00805	0.00537	0.00604	0.00604	0.00604	0.00537	0.00336	0.00805	0.00805	0.01074	0.01745	0.03624	0.02013	0.80536	0.02819	0.00537	0.00537	0.00805	0.00336	0.00336
11	0.00999	0.00689	0.00890	0.00952	0.06066	0.00648	0.00676	0.01285	0.05759	0.09455	0.22519	0.13813	0.21839	0.01220	0.00653	0.00195	0.00366	0.10848	0.00542	0.00585
12	0.14087	0.08087	0.42262	0.01373	0.01996	0.03848	0.04873	0.09169	0.05831	0.02029	0.01054	0.01187	0.00777	0.00547	0.00495	0.00170	0.00709	0.00416	0.00307	0.00784
13	0.05059	0.00989	0.01620	0.75429	0.03682	0.01231	0.01493	0.01425	0.01099	0.01467	0.00974	0.01449	0.00732	0.00552	0.00544	0.00184	0.00723	0.00483	0.00251	0.00614
14	0.00763	0.00647	0.00669	0.00648	0.00848	0.00595	0.00491	0.01106	0.11433	0.01664	0.10705	0.04794	0.61078	0.01293	0.00642	0.00186	0.00300	0.01082	0.00528	0.00527
15	0.01287	0.01283	0.04142	0.17758	0.56335	0.01285	0.04415	0.01635	0.01231	0.01727	0.01081	0.01516	0.00904	0.00531	0.00558	0.00172	0.00684	0.02370	0.00274	0.00811
16	0.02077	0.01447	0.01581	0.01225	0.01648	0.01577	0.01006	0.65165	0.02440	0.10268	0.01486	0.04910	0.01103	0.00715	0.00561	0.00169	0.00584	0.00552	0.00564	0.00920
17	0.01091	0.01030	0.01743	0.68662	0.14005	0.01242	0.01561	0.01455	0.01129	0.01470	0.00992	0.01462	0.00758	0.00545	0.00553	0.00182	0.00727	0.00492	0.00250	0.00652
18	0.00733	0.00562	0.00671	0.00649	0.00797	0.00500	0.00485	0.00944	0.01440	0.01929	0.48271	0.06823	0.31689	0.01250	0.00655	0.00180	0.00270	0.01080	0.00572	0.00500
19	0.04012	0.01437	0.10979	0.04145	0.44220	0.01256	0.11681	0.01705	0.04742	0.01833	0.03599	0.04075	0.01151	0.00588	0.00567	0.00175	0.00672	0.02047	0.00309	0.00806
20	0.01393	0.01456	0.01631	0.03706	0.01559	0.15407	0.01162	0.04303	0.02612	0.01460	0.00840	0.01226	0.00771	0.00861	0.01433	0.00216	0.56432	0.00466	0.02439	0.00629
21	0.00962	0.00481	0.00722	0.00722	0.00722	0.00481	0.00481	0.00722	0.00722	0.00962	0.00962	0.01684	0.00962	0.01924	0.02165	0.83886	0.00481	0.00481	0.00241	0.00241
22	0.01044	0.00960	0.01547	0.39026	0.22600	0.01059	0.01303	0.01330	0.01163	0.01521	0.01930	0.05123	0.14928	0.00782	0.00628	0.02836	0.00609	0.00658	0.00313	0.00640
23	0.01674	0.05582	0.01987	0.04184	0.28103	0.25411	0.06643	0.11306	0.06395	0.01878	0.01091	0.01283	0.00873	0.00555	0.00533	0.00159	0.00763	0.00462	0.00330	0.00788
24	0.16992	0.01079	0.02618	0.00977	0.01355	0.01066	0.00809	0.12959	0.10066	0.35084	0.09702	0.01871	0.01601	0.00703	0.00528	0.00173	0.00464	0.00554	0.00574	0.00826
25	0.01027	0.00587	0.00710	0.08486	0.01031	0.00622	0.00555	0.01273	0.01111	0.03892	0.01685	0.02097	0.01375	0.05246	0.11649	0.00265	0.00501	0.00541	0.56820	0.00525
26	0.01466	0.01328	0.05370	0.11008	0.33252	0.06912	0.01327	0.01951	0.12102	0.11562	0.01630	0.03054	0.05300	0.00641	0.00556	0.00172	0.00618	0.00562	0.00382	0.00805
27	0.01410	0.43448	0.17521	0.05684	0.07159	0.04566	0.06770	0.04759	0.01234	0.01562	0.00898	0.01077	0.00741	0.00501	0.00449	0.00145	0.00690	0.00380	0.00258	0.00748
28	0.01702	0.01302	0.01452	0.01170	0.03665	0.01338	0.00920	0.40090	0.11078	0.04528	0.01396	0.03153	0.01069	0.00623	0.00518	0.00146	0.00524	0.00491	0.00486	0.24349
29	0.15191	0.05720	0.01537	0.02582	0.07134	0.16259	0.00995	0.28378	0.10652	0.02470	0.01215	0.01285	0.00924	0.00608	0.00496	0.00162	0.00630	0.00444	0.02528	0.00788

[dist]
# distance from previous block
# <min> <max>
0	26

[block]
# block no. 5 follows, 43 sequences, length 16
# corresponding to MSA columns:
# 354-369
name=unknown_F
#
# <colnr> <probs for GDERKNQSTAVLIFYWHMCP>
#	G	D	E	R	K	N	Q	S	T	A	V	L	I	F	Y	W	H	M	C	P
0	0.06649	0.07187	0.01477	0.05099	0.08447	0.05598	0.00939	0.14677	0.13465	0.09946	0.06477	0.01777	0.04689	0.00664	0.00518	0.00158	0.00527	0.00531	0.00451	0.10725
1	0.01415	0.50289	0.27151	0.01164	0.01747	0.01832	0.01303	0.03778	0.01198	0.04342	0.00911	0.01029	0.00739	0.00504	0.00424	0.00140	0.00662	0.00348	0.00261	0.00761
2	0.17796	0.45416	0.19078	0.01046	0.01569	0.01762	0.01120	0.01704	0.01113	0.03879	0.00862	0.00982	0.00706	0.00500	0.00397	0.00143	0.00607	0.00330	0.00270	0.00720
3	0.02090	0.07780	0.08876	0.01096	0.01553	0.01170	0.00986	0.18459	0.03331	0.42873	0.03346	0.03222	0.01291	0.00680	0.00542	0.00168	0.00537	0.00540	0.00568	0.00891
4	0.00686	0.00491	0.00635	0.00745	0.00782	0.00459	0.00493	0.00776	0.01046	0.01385	0.03050	0.69370	0.06976	0.09190	0.00905	0.00253	0.00340	0.01482	0.00497	0.00440
5	0.00775	0.00567	0.00690	0.00678	0.00824	0.00508	0.00508	0.00978	0.01406	0.03690	0.41621	0.12296	0.28420	0.01285	0.00661	0.00186	0.00287	0.03546	0.00567	0.00507
6	0.03826	0.01418	0.01737	0.16484	0.19746	0.09378	0.03464	0.24261	0.06298	0.02237	0.01386	0.01561	0.04497	0.00624	0.00550	0.00170	0.00664	0.00520	0.00387	0.00792
7	0.02058	0.01483	0.01602	0.01244	0.01674	0.01634	0.01022	0.64275	0.09515	0.07563	0.01466	0.01431	0.01037	0.00674	0.00555	0.00169	0.00585	0.00514	0.00562	0.00936
8	0.00675	0.00482	0.00643	0.00771	0.00803	0.00450	0.00514	0.00771	0.01060	0.01414	0.03053	0.80175	0.03663	0.01735	0.00707	0.00225	0.00321	0.01574	0.00514	0.00450
9	0.01122	0.01031	0.01705	0.66911	0.08011	0.01244	0.03282	0.04977	0.01195	0.01565	0.01030	0.01479	0.00777	0.00556	0.00551	0.00181	0.00719	0.00497	0.02519	0.00647
10	0.01398	0.01415	0.02165	0.11827	0.57750	0.08770	0.05229	0.01720	0.01276	0.01719	0.01021	0.01353	0.00844	0.00507	0.00549	0.00166	0.00714	0.00488	0.00272	0.00818
11	0.00709	0.00541	0.00668	0.00732	0.00810	0.00512	0.00514	0.00826	0.01126	0.01464	0.07732	0.46063	0.22880	0.06689	0.00866	0.00234	0.03000	0.03676	0.00499	0.00458
12	0.00737	0.00567	0.00676	0.00657	0.00809	0.00506	0.00498	0.00950	0.01434	0.01910	0.45433	0.04699	0.33553	0.01256	0.00658	0.00183	0.00279	0.04127	0.00568	0.00500
13	0.00954	0.00663	0.00818	0.00842	0.00965	0.00652	0.00610	0.11283	0.01339	0.04581	0.06058	0.55268	0.07989	0.01491	0.00677	0.00211	0.00369	0.04156	0.00530	0.00544
14	0.81018	0.01088	0.00915	0.00795	0.01146	0.01249	0.03672	0.01634	0.00958	0.02456	0.00786	0.00924	0.00610	0.00512	0.00356	0.00172	0.00449	0.00314	0.00340	0.00606
15	0.25095	0.10893	0.05793	0.01055	0.01468	0.01524	0.00927	0.33590	0.04973	0.02714	0.06017	0.01360	0.01114	0.00626	0.00476	0.00164	0.00538	0.00451	0.00442	0.00781

[dist]
# distance from previous block
# <min> <max>
0	3

[block]
# block no. 6 follows, 43 sequences, length 29
# corresponding to MSA columns:
# 373-401
name=unknown_G
#
# <colnr> <probs for GDERKNQSTAVLIFYWHMCP>
#	G	D	E	R	K	N	Q	S	T	A	V	L	I	F	Y	W	H	M	C	P
0	0.00831	0.00629	0.00907	0.00890	0.00974	0.00742	0.00685	0.01007	0.00889	0.01297	0.01466	0.02238	0.01398	0.10896	0.63110	0.00784	0.06861	0.00603	0.03304	0.00488
1	0.72231	0.01103	0.00950	0.06525	0.02835	0.02634	0.00721	0.01614	0.00969	0.02332	0.00792	0.00964	0.00622	0.00534	0.00418	0.00174	0.03321	0.00325	0.00330	0.00608
2	0.02030	0.01498	0.01602	0.01242	0.01667	0.01660	0.01021	0.68758	0.06735	0.03378	0.01398	0.01395	0.01000	0.00669	0.00549	0.00166	0.00588	0.00506	0.03213	0.00925
3	0.01046	0.00984	0.01661	0.79205	0.03814	0.01230	0.01538	0.01415	0.01107	0.01415	0.00984	0.01477	0.00738	0.00554	0.00554	0.00185	0.00738	0.00492	0.00246	0.00615
4	0.01114	0.00947	0.01111	0.00817	0.01275	0.00717	0.00646	0.01349	0.01142	0.01776	0.01137	0.06975	0.01030	0.00508	0.00432	0.00093	0.00404	0.00420	0.00342	0.77767
5	0.06495	0.00842	0.00857	0.00743	0.00973	0.00899	0.00588	0.22124	0.01554	0.02492	0.01608	0.01786	0.01234	0.00643	0.00431	0.00142	0.00368	0.00498	0.55082	0.00641
6	0.00762	0.00551	0.00730	0.00837	0.00919	0.00526	0.00640	0.00922	0.01165	0.01526	0.05749	0.41451	0.09481	0.04418	0.00797	0.00242	0.00393	0.27910	0.00510	0.00472
7	0.01834	0.03822	0.01549	0.04095	0.01697	0.21625	0.01016	0.32516	0.19845	0.02473	0.01494	0.01501	0.02708	0.00668	0.00539	0.00165	0.00667	0.00501	0.00466	0.00819
8	0.00667	0.00559	0.00580	0.00580	0.00757	0.00472	0.00433	0.00816	0.01282	0.01557	0.11823	0.07841	0.67956	0.01390	0.00656	0.00187	0.00280	0.01168	0.00523	0.00472
9	0.01506	0.77644	0.02852	0.00961	0.01434	0.02172	0.00952	0.04651	0.01185	0.01392	0.00793	0.00906	0.00720	0.00482	0.00363	0.00120	0.00593	0.00304	0.00250	0.00720
10	0.00776	0.00566	0.00729	0.00688	0.00822	0.00519	0.00516	0.01030	0.01549	0.02176	0.72385	0.04211	0.09657	0.01149	0.00653	0.00175	0.00262	0.01012	0.00604	0.00519
11	0.01032	0.00516	0.00516	0.00516	0.00645	0.00516	0.00387	0.01290	0.01161	0.02065	0.01807	0.02065	0.01420	0.00645	0.00387	0.00129	0.00258	0.00516	0.83611	0.00516
12	0.02062	0.01578	0.01635	0.01273	0.01701	0.05035	0.01043	0.67944	0.06737	0.03331	0.01362	0.01357	0.00974	0.00666	0.00552	0.00166	0.00617	0.00500	0.00543	0.00925
13	0.01260	0.25669	0.50368	0.01372	0.02043	0.01558	0.01655	0.01732	0.01153	0.03572	0.00947	0.01107	0.00723	0.00534	0.00534	0.00161	0.04201	0.00383	0.00247	0.00781
14	0.01177	0.01147	0.01735	0.59783	0.07959	0.05674	0.03325	0.03843	0.01176	0.01505	0.00976	0.01419	0.00754	0.00584	0.00649	0.00185	0.06716	0.00488	0.00260	0.00646
15	0.01304	0.01484	0.03211	0.02302	0.02842	0.01411	0.72378	0.01758	0.01290	0.01758	0.01106	0.01484	0.00836	0.00485	0.00696	0.00189	0.03799	0.00647	0.00279	0.00742
16	0.00780	0.00566	0.00735	0.00693	0.00825	0.00521	0.00519	0.01038	0.01558	0.02199	0.74643	0.04173	0.07386	0.01140	0.00653	0.00175	0.00262	0.01007	0.00607	0.00521
17	0.01253	0.01350	0.02746	0.07009	0.02623	0.01299	0.55613	0.03236	0.01277	0.01751	0.01210	0.06320	0.01005	0.00571	0.00676	0.00183	0.03925	0.00666	0.00300	0.06988
18	0.00675	0.00482	0.00643	0.00771	0.00803	0.00450	0.00514	0.00771	0.01060	0.01414	0.03053	0.80175	0.03663	0.01735	0.00707	0.00225	0.00321	0.01574	0.00514	0.00450
19	0.01015	0.00643	0.00805	0.00728	0.00916	0.00588	0.00558	0.02516	0.02991	0.11834	0.51870	0.03968	0.17207	0.01107	0.00638	0.00176	0.00301	0.00958	0.00601	0.00581
20	0.00827	0.00554	0.00706	0.00780	0.00856	0.00526	0.00538	0.00993	0.04381	0.05758	0.02982	0.58679	0.07275	0.08954	0.00888	0.00248	0.00359	0.03700	0.00509	0.00489
21	0.01162	0.02546	0.61938	0.01795	0.10245	0.01300	0.06310	0.01802	0.04479	0.01786	0.01062	0.01249	0.00772	0.00529	0.00538	0.00175	0.00792	0.00442	0.00255	0.00823
22	0.01184	0.00789	0.00976	0.00951	0.01168	0.00799	0.00781	0.01725	0.18550	0.12249	0.13414	0.04304	0.09779	0.01167	0.00664	0.00210	0.00431	0.29645	0.00561	0.00651
23	0.00783	0.00526	0.00694	0.00756	0.00835	0.00485	0.00527	0.00929	0.01221	0.05014	0.22217	0.54992	0.05884	0.01523	0.00685	0.00208	0.00311	0.01370	0.00547	0.00491
24	0.07729	0.01714	0.07648	0.05199	0.22340	0.20995	0.03923	0.08403	0.08410	0.01925	0.04046	0.02955	0.01097	0.00607	0.00532	0.00166	0.00707	0.00497	0.00347	0.00760
25	0.03981	0.20671	0.32030	0.03406	0.01912	0.04586	0.02704	0.03947	0.01141	0.01608	0.00881	0.01116	0.00717	0.00618	0.00771	0.00176	0.18349	0.00403	0.00253	0.00729
26	0.00870	0.00667	0.00796	0.00733	0.00841	0.00667	0.02799	0.04212	0.03518	0.01460	0.08948	0.03812	0.22079	0.41259	0.01784	0.00364	0.03438	0.00882	0.00418	0.00453
27	0.01725	0.01220	0.01338	0.01082	0.01392	0.04041	0.00862	0.39981	0.01971	0.10817	0.12286	0.02073	0.01727	0.10237	0.03323	0.00236	0.03787	0.00611	0.00520	0.00772
28	0.04134	0.72806	0.08093	0.00985	0.01479	0.02097	0.01014	0.01664	0.01123	0.01373	0.00786	0.00909	0.00707	0.00479	0.00367	0.00124	0.00603	0.00304	0.00240	0.00715

[dist]
# distance from previous block
# <min> <max>
0	1

[block]
# block no. 7 follows, 43 sequences, length 37
# corresponding to MSA columns:
# 403-438,443
name=unknown_H
#
# <colnr> <probs for GDERKNQSTAVLIFYWHMCP>
#	G	D	E	R	K	N	Q	S	T	A	V	L	I	F	Y	W	H	M	C	P
0	0.00734	0.00538	0.00684	0.00735	0.00817	0.00505	0.00513	0.00925	0.03408	0.01691	0.26803	0.44852	0.09388	0.04785	0.00770	0.00218	0.00312	0.01301	0.00539	0.00482
1	0.00754	0.00556	0.00705	0.00686	0.00814	0.00507	0.00507	0.00980	0.01470	0.02032	0.58835	0.12492	0.15136	0.01235	0.00659	0.00181	0.00270	0.01087	0.00586	0.00507
2	0.01259	0.00998	0.01172	0.00844	0.01331	0.00772	0.00678	0.03637	0.01218	0.06521	0.01069	0.01199	0.00858	0.00435	0.00423	0.00090	0.00420	0.00347	0.00357	0.76374
