[name]
unknown

[dist]
# distance from previous block
# <min> <max>
0	581

[block]
# block no. 0 follows, 40 sequences, length 22
# corresponding to MSA columns:
# 612-633
name=unknown_A
#
# <colnr> <probs for GDERKNQSTAVLIFYWHMCP>
#	G	D	E	R	K	N	Q	S	T	A	V	L	I	F	Y	W	H	M	C	P
0	0.06021	0.01298	0.01400	0.03547	0.01598	0.04920	0.00935	0.23252	0.17834	0.15951	0.01782	0.06302	0.01372	0.00757	0.00590	0.00177	0.02044	0.00599	0.02045	0.07577
1	0.01698	0.01171	0.01449	0.03470	0.01632	0.01107	0.04098	0.16765	0.09523	0.17006	0.01601	0.04914	0.01228	0.00649	0.00539	0.00149	0.00520	0.00540	0.00497	0.31444
2	0.04260	0.00998	0.01195	0.01055	0.03458	0.00993	0.00780	0.20132	0.01629	0.20810	0.02031	0.18457	0.01875	0.13956	0.00994	0.00249	0.00511	0.00816	0.00541	0.05260
3	0.01768	0.01360	0.01503	0.01289	0.04780	0.03501	0.00987	0.41985	0.07095	0.04268	0.04052	0.09300	0.03628	0.00862	0.00669	0.01978	0.02960	0.00664	0.00527	0.06825
4	0.04918	0.03461	0.09006	0.04627	0.21232	0.02966	0.22515	0.09065	0.01447	0.07487	0.01183	0.01444	0.00902	0.00587	0.00692	0.00187	0.06549	0.00548	0.00346	0.00837
5	0.00717	0.00530	0.00671	0.00763	0.00836	0.00484	0.00524	0.00845	0.01208	0.01592	0.11532	0.58239	0.16545	0.01692	0.00727	0.00223	0.00323	0.01514	0.00551	0.00484
6	0.42031	0.01256	0.07287	0.03465	0.01427	0.01224	0.00852	0.04840	0.11342	0.08449	0.01287	0.01363	0.00958	0.00601	0.00450	0.00174	0.00493	0.00427	0.06396	0.05678
7	0.01827	0.32575	0.05424	0.01267	0.01685	0.31188	0.01098	0.08606	0.08093	0.01712	0.01046	0.01143	0.00861	0.00583	0.00478	0.00148	0.00785	0.00391	0.00329	0.00761
8	0.01016	0.00631	0.00777	0.00787	0.00930	0.00579	0.00566	0.01196	0.03512	0.11856	0.07549	0.35013	0.19781	0.09652	0.00934	0.00250	0.00379	0.03482	0.00552	0.00555
9	0.00708	0.00510	0.00671	0.00800	0.00841	0.00473	0.00535	0.00811	0.01123	0.01488	0.03326	0.75874	0.07078	0.01806	0.00740	0.00234	0.00335	0.01634	0.00540	0.00473
10	0.00791	0.00570	0.00721	0.00794	0.00882	0.00535	0.00553	0.00992	0.04429	0.03061	0.14068	0.55211	0.11971	0.01625	0.00718	0.00221	0.00332	0.01454	0.00560	0.00515
11	0.01249	0.00726	0.00921	0.00812	0.01035	0.00667	0.00628	0.05112	0.01647	0.17874	0.45447	0.06692	0.12612	0.01123	0.00662	0.00185	0.00344	0.00970	0.00638	0.00654
12	0.02364	0.00997	0.01311	0.01034	0.01451	0.00906	0.00844	0.02760	0.10339	0.63138	0.06705	0.02144	0.01722	0.00756	0.00592	0.00182	0.00477	0.00621	0.00700	0.00955
13	0.01987	0.01381	0.01599	0.09781	0.01898	0.01521	0.01069	0.48862	0.02212	0.11847	0.01485	0.01696	0.01114	0.07761	0.00831	0.00214	0.02767	0.00559	0.00533	0.00884
14	0.00707	0.00551	0.00642	0.00702	0.00818	0.00486	0.00495	0.00841	0.01249	0.01583	0.09473	0.39781	0.37369	0.01616	0.00713	0.00214	0.00313	0.01413	0.00547	0.00486
15	0.01843	0.01188	0.01323	0.01112	0.01467	0.03304	0.00887	0.14368	0.30397	0.23044	0.04229	0.02029	0.01600	0.00936	0.04460	0.00221	0.00554	0.00610	0.05539	0.00890
16	0.01568	0.01581	0.02265	0.03075	0.57118	0.11360	0.05291	0.05229	0.03386	0.01931	0.01120	0.01412	0.00922	0.00543	0.00575	0.00172	0.00744	0.00512	0.00311	0.00885
17	0.01813	0.01285	0.01458	0.01223	0.01551	0.03230	0.00984	0.15304	0.32555	0.18498	0.03649	0.01892	0.01487	0.00794	0.00770	0.00196	0.11252	0.00600	0.00565	0.00894
18	0.00714	0.00511	0.00670	0.00794	0.00832	0.00477	0.00528	0.00812	0.01108	0.01471	0.03230	0.73333	0.06120	0.05359	0.00842	0.00250	0.00346	0.01602	0.00531	0.00467
19	0.01605	0.01242	0.01405	0.01224	0.04293	0.01342	0.00937	0.38282	0.07182	0.02703	0.02239	0.13829	0.10808	0.00970	0.00685	0.00188	0.04774	0.00783	0.00530	0.04979
20	0.03551	0.01819	0.18784	0.05387	0.11748	0.07390	0.16662	0.03456	0.13270	0.08616	0.01388	0.01544	0.01027	0.00604	0.00613	0.00186	0.02196	0.00546	0.00374	0.00841
21	0.06738	0.01432	0.01537	0.07092	0.01819	0.03563	0.01023	0.39641	0.13959	0.02905	0.01422	0.01468	0.01053	0.00651	0.00546	0.00166	0.00589	0.00501	0.00502	0.13393

[dist]
# distance from previous block
# <min> <max>
7	15

[block]
# block no. 1 follows, 40 sequences, length 14
# corresponding to MSA columns:
# 651-664
name=unknown_B
#
# <colnr> <probs for GDERKNQSTAVLIFYWHMCP>
#	G	D	E	R	K	N	Q	S	T	A	V	L	I	F	Y	W	H	M	C	P
0	0.01754	0.06745	0.01501	0.01065	0.01510	0.01253	0.00872	0.23725	0.08501	0.14232	0.01542	0.04233	0.01197	0.02259	0.00574	0.00156	0.00520	0.00519	0.00499	0.27343
1	0.07079	0.00925	0.01080	0.01087	0.07587	0.00921	0.00761	0.10235	0.08679	0.10686	0.09190	0.09309	0.27989	0.01083	0.00625	0.00191	0.00422	0.00907	0.00544	0.00700
2	0.01207	0.01005	0.01164	0.00865	0.01313	0.00808	0.00677	0.04432	0.03258	0.01935	0.04310	0.01597	0.01195	0.07321	0.00671	0.00138	0.00445	0.00434	0.00374	0.66851
3	0.00709	0.00546	0.00649	0.00715	0.00822	0.00486	0.00501	0.00843	0.01241	0.01587	0.10077	0.43651	0.32827	0.01631	0.00716	0.00216	0.00315	0.01434	0.00548	0.00486
4	0.01728	0.01362	0.01506	0.01189	0.01599	0.01458	0.00966	0.35906	0.16648	0.02807	0.01472	0.01516	0.01112	0.00675	0.00637	0.00163	0.06021	0.00508	0.02447	0.20278
5	0.07809	0.15847	0.36529	0.01430	0.01998	0.01458	0.07761	0.01661	0.01173	0.01745	0.01222	0.10178	0.01103	0.00720	0.00647	0.00186	0.06917	0.00569	0.00294	0.00752
6	0.01747	0.01346	0.01479	0.01150	0.01584	0.03484	0.00932	0.29307	0.10991	0.07828	0.01407	0.01452	0.01056	0.00635	0.00604	0.00151	0.04905	0.00478	0.00485	0.28978
7	0.01093	0.00619	0.00820	0.00828	0.00968	0.00561	0.00598	0.01254	0.01335	0.15914	0.17796	0.46296	0.06692	0.01469	0.00699	0.00213	0.00353	0.01310	0.00594	0.00587
8	0.00954	0.00673	0.00889	0.05412	0.01120	0.00664	0.00657	0.01180	0.01453	0.07201	0.41232	0.14596	0.14889	0.01242	0.00749	0.00197	0.04683	0.01068	0.00572	0.00571
9	0.00790	0.00623	0.00853	0.07042	0.01152	0.00654	0.00682	0.00925	0.01128	0.01507	0.05021	0.58881	0.08541	0.01611	0.00825	0.00230	0.07121	0.01416	0.00495	0.00504
10	0.01291	0.01355	0.02506	0.08533	0.08801	0.01498	0.33567	0.01629	0.01208	0.01708	0.05189	0.01614	0.01095	0.00713	0.01069	0.00212	0.26372	0.00620	0.00297	0.00723
11	0.00726	0.00581	0.00650	0.00654	0.00815	0.00504	0.00482	0.00902	0.01386	0.01764	0.24256	0.14099	0.48255	0.01439	0.00694	0.00198	0.00294	0.01231	0.00567	0.00504
12	0.00720	0.00511	0.00671	0.00795	0.00826	0.00480	0.00524	0.00813	0.01091	0.01454	0.03089	0.72826	0.03700	0.08378	0.00929	0.00264	0.00356	0.01585	0.00524	0.00462
13	0.06058	0.01172	0.01722	0.51673	0.06319	0.01421	0.01453	0.13570	0.01399	0.01924	0.01062	0.01463	0.00808	0.00630	0.00674	0.00194	0.06920	0.00506	0.00319	0.00713

[dist]
# distance from previous block
# <min> <max>
0	1

[block]
# block no. 2 follows, 40 sequences, length 16
# corresponding to MSA columns:
# 666-681
name=unknown_C
#
# <colnr> <probs for GDERKNQSTAVLIFYWHMCP>
#	G	D	E	R	K	N	Q	S	T	A	V	L	I	F	Y	W	H	M	C	P
0	0.06257	0.01691	0.01596	0.03465	0.06945	0.22716	0.03493	0.14830	0.03517	0.02110	0.01086	0.01246	0.00864	0.00567	0.00541	0.00145	0.02470	0.00424	0.00372	0.25666
1	0.02169	0.07152	0.01759	0.01284	0.01728	0.08594	0.01060	0.50218	0.06125	0.11896	0.01467	0.01441	0.01044	0.00682	0.00563	0.00171	0.00649	0.00509	0.00549	0.00940
2	0.00706	0.00517	0.00663	0.00780	0.00836	0.00475	0.00526	0.00813	0.01142	0.01496	0.03572	0.69121	0.13672	0.01774	0.00735	0.00231	0.00332	0.01595	0.00540	0.00475
3	0.01523	0.31840	0.06399	0.01154	0.01584	0.09063	0.01050	0.07533	0.01319	0.01715	0.00925	0.01111	0.00795	0.00586	0.00649	0.00144	0.11804	0.00377	0.00304	0.20125
4	0.01398	0.00992	0.01173	0.00896	0.01328	0.00824	0.00713	0.07805	0.01427	0.12275	0.05480	0.06288	0.07108	0.00691	0.00515	0.00129	0.00434	0.00571	0.00458	0.49493
5	0.01927	0.07720	0.04084	0.01190	0.01574	0.01493	0.01000	0.35094	0.06547	0.16018	0.01565	0.01771	0.01203	0.09637	0.00928	0.00223	0.06084	0.00558	0.00520	0.00864
6	0.01472	0.01316	0.01889	0.15548	0.30778	0.01469	0.01428	0.11700	0.18015	0.02145	0.01384	0.01604	0.01085	0.00654	0.00687	0.00189	0.06839	0.00549	0.00388	0.00860
7	0.01420	0.01362	0.02325	0.07840	0.71817	0.01377	0.01775	0.01768	0.01315	0.01876	0.01090	0.01446	0.00913	0.00522	0.00576	0.00174	0.00696	0.00518	0.00286	0.00905
8	0.00730	0.00535	0.00689	0.00793	0.00863	0.00494	0.00555	0.00861	0.01195	0.01573	0.08593	0.59003	0.13552	0.01716	0.00735	0.00229	0.00341	0.06511	0.00547	0.00485
9	0.01753	0.34073	0.14968	0.01254	0.01778	0.09762	0.01226	0.20274	0.03611	0.04629	0.01100	0.01182	0.00858	0.00584	0.00486	0.00154	0.00703	0.00410	0.00363	0.00833
10	0.00835	0.00559	0.00638	0.00648	0.00651	0.00556	0.00368	0.00843	0.00867	0.01156	0.01943	0.09901	0.02254	0.73276	0.02780	0.00537	0.00545	0.00911	0.00368	0.00362
11	0.00846	0.00564	0.00634	0.00634	0.00634	0.00564	0.00352	0.00846	0.00846	0.01128	0.01832	0.03805	0.02114	0.79563	0.02960	0.00564	0.00564	0.00846	0.00352	0.00352
12	0.01267	0.01263	0.01792	0.29873	0.21648	0.09491	0.05604	0.01624	0.04150	0.01645	0.01466	0.14755	0.01380	0.00782	0.00608	0.00191	0.00708	0.00711	0.00334	0.00709
13	0.01302	0.00680	0.00925	0.00855	0.00960	0.00680	0.00612	0.08655	0.01101	0.10304	0.01381	0.08015	0.01288	0.01711	0.01771	0.57846	0.00504	0.00609	0.00366	0.00435
14	0.01392	0.00686	0.00811	0.00738	0.00937	0.00654	0.00560	0.04418	0.01376	0.18841	0.07331	0.12541	0.02086	0.05036	0.00652	0.00186	0.00360	0.00750	0.40003	0.00642
15	0.01843	0.05501	0.01640	0.08601	0.01855	0.05561	0.01061	0.40519	0.11934	0.05309	0.01535	0.03678	0.01196	0.03582	0.03361	0.00218	0.00666	0.00569	0.00506	0.00865

[dist]
# distance from previous block
# <min> <max>
3	6

[block]
# block no. 3 follows, 40 sequences, length 18
# corresponding to MSA columns:
# 688-705
name=unknown_D
#
# <colnr> <probs for GDERKNQSTAVLIFYWHMCP>
#	G	D	E	R	K	N	Q	S	T	A	V	L	I	F	Y	W	H	M	C	P
0	0.04279	0.00863	0.00942	0.00874	0.01025	0.05089	0.00641	0.08972	0.01183	0.01644	0.01778	0.02674	0.05336	0.26844	0.28842	0.00565	0.00922	0.00675	0.03429	0.03425
1	0.01445	0.01306	0.01850	0.04956	0.38956	0.03033	0.01329	0.10287	0.05321	0.02092	0.01446	0.01651	0.05148	0.00593	0.00552	0.00157	0.00606	0.00526	0.00364	0.18383
2	0.01156	0.01076	0.01445	0.01236	0.01370	0.01302	0.01000	0.01313	0.01004	0.01532	0.01231	0.13392	0.01286	0.01094	0.03506	0.00230	0.45081	0.00650	0.00322	0.20773
3	0.01870	0.01457	0.01509	0.01238	0.01604	0.05764	0.00988	0.50507	0.08774	0.03037	0.01780	0.15460	0.01560	0.00903	0.00608	0.00186	0.00592	0.00731	0.00559	0.00872
4	0.02063	0.01150	0.01341	0.01054	0.01476	0.04131	0.00849	0.10925	0.09660	0.38977	0.04193	0.01882	0.01438	0.02943	0.00627	0.00174	0.00515	0.00556	0.00593	0.15452
5	0.05714	0.04586	0.07629	0.07467	0.05729	0.01321	0.03601	0.24781	0.02824	0.16847	0.03357	0.02873	0.05367	0.00718	0.00566	0.00177	0.00593	0.00583	0.04420	0.00847
6	0.01666	0.01131	0.01276	0.01093	0.01433	0.01217	0.00864	0.09991	0.40708	0.17966	0.11313	0.02434	0.04622	0.00837	0.00604	0.00190	0.00458	0.00696	0.00622	0.00882
7	0.00829	0.00601	0.00837	0.00844	0.00915	0.00668	0.00612	0.00973	0.00919	0.01294	0.01718	0.06574	0.01760	0.25369	0.52534	0.00795	0.01217	0.00737	0.00334	0.00470
8	0.01961	0.01491	0.01627	0.01250	0.01703	0.01599	0.01026	0.55018	0.06183	0.03213	0.01363	0.01399	0.01000	0.00664	0.00595	0.00162	0.02948	0.00498	0.00530	0.15772
9	0.01479	0.01257	0.04597	0.01541	0.01873	0.02524	0.22664	0.05520	0.01406	0.14574	0.11024	0.09442	0.01829	0.00870	0.00908	0.00205	0.16356	0.00751	0.00440	0.00740
10	0.00758	0.00575	0.00710	0.00789	0.00905	0.00526	0.00595	0.00921	0.01264	0.01617	0.08115	0.34413	0.27865	0.01622	0.00734	0.00227	0.00363	0.16961	0.00545	0.00497
11	0.00789	0.00544	0.00666	0.00714	0.00742	0.00526	0.00448	0.00859	0.01039	0.01400	0.10442	0.33579	0.03166	0.40348	0.01837	0.00393	0.00443	0.01187	0.00458	0.00421
12	0.04359	0.01096	0.01852	0.47799	0.12210	0.01276	0.08180	0.01499	0.01162	0.01592	0.01139	0.05407	0.00960	0.00706	0.00730	0.03402	0.05101	0.00581	0.00283	0.00667
13	0.01764	0.01159	0.01302	0.01080	0.01431	0.01227	0.00860	0.22244	0.23989	0.18078	0.07698	0.02413	0.07829	0.03612	0.00682	0.00198	0.00490	0.00685	0.02396	0.00863
14	0.00905	0.00589	0.00765	0.00802	0.00922	0.00539	0.00586	0.01078	0.01337	0.07706	0.22324	0.39968	0.12004	0.01514	0.00713	0.00216	0.00343	0.06568	0.00580	0.00540
15	0.01527	0.00835	0.00921	0.00797	0.01045	0.00852	0.00627	0.15295	0.03734	0.13865	0.01929	0.04985	0.01488	0.00736	0.00485	0.00155	0.00383	0.00592	0.49045	0.00704
16	0.01269	0.01194	0.05443	0.38158	0.02708	0.06593	0.03363	0.01679	0.05800	0.07797	0.01645	0.03398	0.05112	0.01146	0.09475	0.00278	0.00811	0.03097	0.00357	0.00679
17	0.08765	0.01370	0.01477	0.01199	0.01561	0.06257	0.00975	0.25742	0.09487	0.17776	0.01516	0.01552	0.01106	0.00876	0.04087	0.00215	0.09532	0.00516	0.00512	0.05479

[dist]
# distance from previous block
# <min> <max>
18	28

[block]
# block no. 4 follows, 40 sequences, length 14
# corresponding to MSA columns:
# 737-750
name=unknown_E
#
# <colnr> <probs for GDERKNQSTAVLIFYWHMCP>
#	G	D	E	R	K	N	Q	S	T	A	V	L	I	F	Y	W	H	M	C	P
0	0.01894	0.06910	0.01904	0.01349	0.01823	0.01541	0.10136	0.40272	0.04891	0.08674	0.01427	0.03150	0.01070	0.00652	0.00564	0.00165	0.00628	0.00540	0.00501	0.11908
1	0.06722	0.06324	0.10371	0.05964	0.01753	0.01270	0.02238	0.07130	0.16129	0.20675	0.01637	0.01676	0.01190	0.00903	0.05095	0.01462	0.03460	0.00526	0.00475	0.04999
2	0.01372	0.01122	0.01226	0.01128	0.01407	0.01262	0.00876	0.11105	0.47919	0.02364	0.02449	0.16138	0.02159	0.01019	0.00632	0.00206	0.00465	0.05753	0.00577	0.00822
3	0.00999	0.00630	0.00750	0.00738	0.00800	0.00625	0.00470	0.04175	0.01042	0.06518	0.02116	0.18866	0.02349	0.52363	0.04694	0.00466	0.00549	0.00971	0.00425	0.00454
4	0.01427	0.01311	0.02063	0.08645	0.51794	0.01297	0.01527	0.06875	0.01392	0.01994	0.01100	0.01403	0.00904	0.00520	0.00551	0.00159	0.00647	0.00487	0.00317	0.15589
5	0.04211	0.00873	0.00972	0.03506	0.01180	0.05213	0.00694	0.08868	0.01401	0.11123	0.07156	0.34917	0.07088	0.07677	0.02162	0.00247	0.00482	0.01095	0.00524	0.00611
6	0.00731	0.00529	0.00694	0.00805	0.00864	0.00492	0.00559	0.00860	0.01186	0.01577	0.09482	0.63688	0.08498	0.01733	0.00738	0.00231	0.00342	0.05957	0.00548	0.00484
7	0.00709	0.00506	0.00675	0.00810	0.00843	0.00472	0.00540	0.00810	0.01113	0.01484	0.03205	0.79184	0.03846	0.01822	0.00742	0.00236	0.00337	0.01653	0.00540	0.00472
8	0.01806	0.43939	0.07425	0.01186	0.01664	0.15851	0.01104	0.12810	0.01534	0.06343	0.01020	0.01108	0.00825	0.00564	0.00457	0.00144	0.00711	0.00379	0.00337	0.00792
9	0.02118	0.01263	0.01460	0.01143	0.01564	0.01294	0.00926	0.32380	0.10077	0.28476	0.01815	0.01811	0.01289	0.05299	0.00713	0.00196	0.00551	0.00566	0.00601	0.06459
10	0.00804	0.00538	0.00645	0.00702	0.00726	0.00524	0.00435	0.00865	0.00984	0.01349	0.02418	0.35603	0.02805	0.41358	0.01850	0.00396	0.00448	0.01167	0.05967	0.00416
11	0.00778	0.00636	0.00695	0.00711	0.00878	0.00587	0.00520	0.01074	0.08751	0.01685	0.09234	0.22784	0.46635	0.01469	0.00691	0.00205	0.00320	0.01261	0.00551	0.00534
12	0.01504	0.01382	0.01789	0.43635	0.09381	0.08773	0.01450	0.19059	0.01594	0.02038	0.01105	0.01447	0.00836	0.00618	0.00613	0.00185	0.02988	0.00505	0.00343	0.00755
13	0.02045	0.01366	0.03203	0.01190	0.01595	0.03067	0.00980	0.39665	0.07148	0.20327	0.01846	0.09115	0.01430	0.00812	0.00591	0.00182	0.00566	0.00651	0.03312	0.00910

[dist]
# distance from previous block
# <min> <max>
0	6

[block]
# block no. 5 follows, 40 sequences, length 16
# corresponding to MSA columns:
# 757-772
name=unknown_F
#
# <colnr> <probs for GDERKNQSTAVLIFYWHMCP>
#	G	D	E	R	K	N	Q	S	T	A	V	L	I	F	Y	W	H	M	C	P
0	0.51376	0.01503	0.06832	0.01018	0.01423	0.08408	0.00887	0.15969	0.01410	0.02611	0.00974	0.01105	0.00744	0.00693	0.02755	0.00199	0.00607	0.00379	0.00388	0.00719
1	0.01545	0.03584	0.02100	0.18398	0.28129	0.21387	0.07189	0.01839	0.01343	0.01634	0.01004	0.01345	0.00826	0.00588	0.00668	0.00178	0.06710	0.00488	0.00282	0.00762
2	0.00805	0.00563	0.00688	0.00714	0.00752	0.00564	0.00457	0.00873	0.00966	0.01296	0.04484	0.19408	0.06858	0.45539	0.13051	0.00516	0.00636	0.01010	0.00405	0.00416
3	0.01544	0.61990	0.05205	0.01089	0.01536	0.05144	0.01054	0.04506	0.01238	0.01483	0.00966	0.01114	0.02642	0.00584	0.00543	0.00143	0.07839	0.00367	0.00271	0.00740
4	0.01819	0.01192	0.01410	0.01142	0.01476	0.01254	0.03195	0.36311	0.03415	0.15170	0.01829	0.07995	0.01570	0.14180	0.02816	0.00268	0.00605	0.02999	0.00546	0.00809
5	0.02444	0.00953	0.01297	0.01007	0.01428	0.00826	0.00826	0.02673	0.01663	0.69496	0.09074	0.02198	0.01814	0.00763	0.00594	0.00180	0.00474	0.00628	0.00712	0.00949
6	0.00701	0.00534	0.00646	0.00736	0.00824	0.00479	0.00507	0.00818	0.01184	0.01513	0.04103	0.54593	0.27858	0.01705	0.00724	0.00223	0.00323	0.01511	0.00540	0.00479
7	0.10472	0.09252	0.35704	0.01392	0.04803	0.01309	0.01475	0.04125	0.01366	0.22715	0.01358	0.01393	0.00936	0.00595	0.00526	0.00176	0.00679	0.00456	0.00401	0.00867
8	0.01020	0.00639	0.00753	0.00722	0.00921	0.00554	0.00541	0.01187	0.01380	0.13761	0.13657	0.19162	0.40767	0.01383	0.00681	0.00200	0.00333	0.01184	0.00582	0.00575
9	0.00714	0.00508	0.00673	0.00802	0.00835	0.00476	0.00532	0.00811	0.01102	0.01470	0.03148	0.76067	0.03775	0.05037	0.00834	0.00250	0.00347	0.01620	0.00532	0.00467
10	0.01487	0.63971	0.13774	0.01180	0.01735	0.02112	0.05573	0.01763	0.01200	0.01467	0.00865	0.01014	0.00753	0.00505	0.00418	0.00137	0.00678	0.00351	0.00251	0.00765
11	0.01244	0.14327	0.01437	0.00999	0.01203	0.01118	0.02764	0.01461	0.03497	0.10175	0.03015	0.08472	0.03355	0.12260	0.20038	0.00422	0.09749	0.00688	0.03156	0.00621
12	0.01319	0.00782	0.01018	0.00987	0.01210	0.00756	0.00821	0.06965	0.01506	0.16900	0.08814	0.08542	0.10562	0.01429	0.03673	0.00253	0.00518	0.32713	0.00576	0.00654
13	0.01177	0.02270	0.46905	0.01564	0.02241	0.01244	0.10718	0.01710	0.01257	0.01866	0.06687	0.01505	0.01134	0.00599	0.00631	0.00175	0.04765	0.00501	0.00296	0.12755
14	0.04362	0.06283	0.29796	0.06849	0.02105	0.03034	0.01437	0.17756	0.07122	0.02262	0.01195	0.01326	0.00889	0.00584	0.00529	0.00165	0.00689	0.00450	0.00366	0.12799
15	0.01232	0.21844	0.03377	0.01143	0.01448	0.06187	0.09755	0.06547	0.01365	0.01724	0.07290	0.27551	0.06133	0.01060	0.00602	0.00185	0.00563	0.00926	0.00421	0.00647

[dist]
# distance from previous block
# <min> <max>
5	12

[block]
# block no. 6 follows, 40 sequences, length 10
# corresponding to MSA columns:
# 785-794
name=unknown_G
#
# <colnr> <probs for GDERKNQSTAVLIFYWHMCP>
#	G	D	E	R	K	N	Q	S	T	A	V	L	I	F	Y	W	H	M	C	P
0	0.03085	0.10096	0.01537	0.11929	0.03044	0.07323	0.03859	0.06861	0.01258	0.01644	0.01712	0.25001	0.01817	0.06318	0.02317	0.00239	0.10107	0.00851	0.00381	0.00621
1	0.00882	0.00708	0.00800	0.00797	0.00981	0.00690	0.00615	0.01312	0.13767	0.01846	0.16135	0.08791	0.34365	0.04323	0.00777	0.00221	0.00367	0.11493	0.00557	0.00573
2	0.01278	0.07496	0.01205	0.00961	0.01174	0.00889	0.00778	0.01487	0.01114	0.17586	0.01653	0.02103	0.01390	0.03242	0.54072	0.00702	0.01247	0.00588	0.00395	0.00641
3	0.06449	0.15989	0.01799	0.01222	0.01615	0.20657	0.01005	0.29069	0.07310	0.02442	0.01236	0.01307	0.00955	0.00634	0.00507	0.00159	0.00692	0.00447	0.05695	0.00813
4	0.01786	0.01374	0.01507	0.01157	0.01614	0.01404	0.00940	0.43657	0.06800	0.02942	0.01409	0.04225	0.01103	0.00660	0.00540	0.00150	0.00551	0.00516	0.00505	0.27161
5	0.01126	0.14690	0.01218	0.00813	0.01051	0.03953	0.00656	0.01339	0.01469	0.08263	0.34898	0.08618	0.17540	0.01100	0.00620	0.00177	0.00394	0.00928	0.00538	0.00610
6	0.00800	0.00621	0.00758	0.00768	0.00926	0.00535	0.00547	0.00954	0.01222	0.01652	0.10273	0.44224	0.17651	0.01455	0.00673	0.00198	0.00339	0.01288	0.00516	0.14599
7	0.00821	0.00613	0.00745	0.04967	0.01022	0.00559	0.00568	0.01005	0.01364	0.04589	0.21817	0.19892	0.37127	0.01397	0.00688	0.00200	0.00333	0.01208	0.00556	0.00529
8	0.07407	0.01119	0.01395	0.01076	0.01523	0.01062	0.00889	0.16258	0.01827	0.58128	0.02035	0.01807	0.01305	0.00705	0.00571	0.00179	0.00520	0.00557	0.00672	0.00968
9	0.01383	0.00727	0.00950	0.00913	0.01101	0.00676	0.00673	0.06281	0.01387	0.24248	0.02810	0.50689	0.02929	0.01414	0.00684	0.00215	0.00405	0.01255	0.00597	0.00663

[dist]
# distance from previous block
# <min> <max>
0	9

[block]
# block no. 7 follows, 40 sequences, length 11
# corresponding to MSA columns:
# 804-814
name=unknown_H
#
# <colnr> <probs for GDERKNQSTAVLIFYWHMCP>
#	G	D	E	R	K	N	Q	S	T	A	V	L	I	F	Y	W	H	M	C	P
0	0.00755	0.00541	0.00721	0.00816	0.00882	0.00507	0.00578	0.00910	0.01253	0.01697	0.19349	0.55918	0.04167	0.01661	0.00735	0.00227	0.00341	0.07886	0.00562	0.00495
1	0.01658	0.01274	0.01412	0.01118	0.01514	0.01328	0.00897	0.36718	0.10522	0.02753	0.04539	0.01757	0.01331	0.05072	0.06373	0.00234	0.00620	0.00544	0.00499	0.19838
2	0.01061	0.00682	0.00816	0.00797	0.01001	0.00621	0.00620	0.01317	0.05224	0.12807	0.09557	0.15983	0.34697	0.01375	0.00691	0.00209	0.00371	0.10998	0.00576	0.00595
3	0.00804	0.00560	0.00633	0.00650	0.00684	0.00541	0.00390	0.00839	0.00952	0.01240	0.02615	0.13872	0.13287	0.57838	0.02333	0.00467	0.00494	0.01007	0.00405	0.00389
4	0.02555	0.00942	0.01361	0.16735	0.07425	0.03033	0.05045	0.01261	0.01089	0.01506	0.04728	0.13057	0.01779	0.19866	0.04003	0.00318	0.11782	0.00783	0.02164	0.00568
5	0.01479	0.01434	0.02138	0.18480	0.50493	0.07190	0.01653	0.06730	0.01413	0.01900	0.01087	0.01429	0.00883	0.00550	0.00573	0.00175	0.00732	0.00507	0.00303	0.00851
6	0.00724	0.00525	0.00683	0.00782	0.00843	0.00485	0.00534	0.00853	0.01206	0.01614	0.13921	0.62850	0.09423	0.01704	0.00730	0.00225	0.00325	0.01534	0.00554	0.00485
7	0.00721	0.00524	0.00669	0.00771	0.00826	0.00484	0.00518	0.00831	0.01151	0.01521	0.07487	0.62383	0.11802	0.06329	0.00864	0.00248	0.00342	0.01525	0.00534	0.00472
8	0.03534	0.12031	0.33185	0.04659	0.07142	0.01395	0.01502	0.07366	0.03960	0.06139	0.01153	0.01296	0.00863	0.00555	0.00515	0.00161	0.00688	0.00433	0.00332	0.13092
9	0.25080	0.01117	0.03740	0.00933	0.01303	0.01101	0.00781	0.10787	0.09698	0.18646	0.02534	0.02422	0.17890	0.00837	0.00543	0.00185	0.00464	0.00648	0.00529	0.00762
10	0.11782	0.12105	0.01545	0.01062	0.01442	0.05755	0.00881	0.26987	0.01799	0.13540	0.01719	0.06000	0.05079	0.00821	0.01977	0.00184	0.00577	0.00573	0.05367	0.00804

[dist]
# distance from previous block
# <min> <max>
1	17

[block]
# block no. 8 follows, 40 sequences, length 32
# corresponding to MSA columns:
# 832-863
name=unknown_I
#
# <colnr> <probs for GDERKNQSTAVLIFYWHMCP>
#	G	D	E	R	K	N	Q	S	T	A	V	L	I	F	Y	W	H	M	C	P
0	0.03238	0.00801	0.02824	0.00881	0.01079	0.00738	0.00684	0.03442	0.01256	0.03819	0.12798	0.26256	0.09562	0.04631	0.05770	0.00255	0.05442	0.02295	0.00476	0.13754
1	0.01232	0.00952	0.01120	0.00895	0.01276	0.00811	0.00702	0.09034	0.01398	0.04086	0.06310	0.14375	0.01774	0.00788	0.00529	0.00136	0.00427	0.02906	0.03416	0.47834
2	0.18866	0.23697	0.06142	0.01055	0.01489	0.04143	0.00957	0.15422	0.01452	0.02167	0.01283	0.01389	0.05557	0.00634	0.00533	0.00157	0.04719	0.00434	0.00366	0.09539
3	0.01737	0.01142	0.01291	0.02522	0.01443	0.03476	0.00851	0.22795	0.09270	0.17951	0.20286	0.02347	0.02291	0.00812	0.00591	0.00173	0.00487	0.00667	0.03994	0.05873
4	0.06231	0.00787	0.01024	0.20088	0.01687	0.02464	0.00822	0.01246	0.01361	0.04241	0.30064	0.11079	0.11270	0.04267	0.00731	0.00207	0.00455	0.00914	0.00489	0.00573
5	0.02434	0.01079	0.01381	0.01080	0.01517	0.01012	0.00885	0.09347	0.10515	0.60883	0.02221	0.01949	0.01439	0.00726	0.00585	0.00182	0.00504	0.00588	0.00692	0.00981
6	0.01244	0.00760	0.00803	0.00737	0.00942	0.00794	0.00569	0.07358	0.13164	0.04620	0.07061	0.02390	0.04846	0.00766	0.00486	0.00156	0.00338	0.00623	0.51693	0.00650
7	0.02172	0.02772	0.01648	0.01498	0.01798	0.77228	0.01124	0.02322	0.01648	0.01423	0.00899	0.01049	0.00749	0.00599	0.00524	0.00150	0.01049	0.00375	0.00300	0.00674
8	0.01167	0.01987	0.37054	0.13767	0.02421	0.03551	0.08632	0.01683	0.02449	0.03178	0.11696	0.01844	0.01505	0.00892	0.05477	0.00234	0.00812	0.00574	0.00328	0.00750
9	0.00713	0.00508	0.00674	0.00805	0.00837	0.00475	0.00534	0.00811	0.01106	0.01474	0.03165	0.76977	0.03795	0.04098	0.00807	0.00246	0.00344	0.01630	0.00534	0.00469
10	0.00739	0.00529	0.00699	0.00825	0.00873	0.00498	0.00573	0.00856	0.01134	0.01501	0.03217	0.65822	0.05922	0.04964	0.00838	0.00252	0.00367	0.09384	0.00532	0.00475
11	0.00978	0.00667	0.00840	0.00789	0.00951	0.00629	0.00592	0.05770	0.01610	0.06117	0.50958	0.16079	0.09267	0.01253	0.00683	0.00192	0.00321	0.01101	0.00618	0.00584
12	0.25699	0.01047	0.01199	0.00957	0.01361	0.01026	0.00782	0.06644	0.01497	0.47481	0.01795	0.01732	0.01212	0.04281	0.00629	0.00197	0.00494	0.00516	0.00592	0.00857
13	0.00709	0.00506	0.00675	0.00810	0.00843	0.00472	0.00540	0.00810	0.01113	0.01484	0.03205	0.79184	0.03846	0.01822	0.00742	0.00236	0.00337	0.01653	0.00540	0.00472
14	0.01322	0.01176	0.01828	0.55791	0.13382	0.01386	0.01556	0.13120	0.01436	0.01890	0.01100	0.01511	0.00829	0.00591	0.00581	0.00188	0.00742	0.00518	0.00314	0.00738
15	0.01370	0.01311	0.02235	0.18760	0.61288	0.01363	0.01750	0.01724	0.01291	0.01816	0.01082	0.01462	0.00891	0.00531	0.00577	0.00177	0.00708	0.00518	0.00282	0.00865
16	0.08704	0.01351	0.13356	0.04661	0.01739	0.01039	0.01085	0.05609	0.03398	0.48679	0.01897	0.03162	0.01265	0.00693	0.00564	0.00182	0.00565	0.00554	0.00581	0.00913
17	0.14616	0.31495	0.07936	0.01267	0.01704	0.24394	0.05712	0.01916	0.01299	0.01649	0.00876	0.01041	0.00737	0.00552	0.00490	0.00153	0.02795	0.00369	0.00284	0.00715
18	0.00914	0.00673	0.00960	0.07250	0.01373	0.00688	0.00928	0.01164	0.01288	0.01679	0.02934	0.17768	0.03219	0.01558	0.00776	0.00257	0.00523	0.55001	0.00514	0.00534
19	0.01209	0.01111	0.01861	0.38073	0.21950	0.01248	0.06146	0.03349	0.01263	0.01738	0.04554	0.01712	0.01116	0.00807	0.04679	0.00225	0.02897	0.00560	0.04784	0.00718
20	0.01593	0.26471	0.10089	0.03397	0.11142	0.01466	0.01143	0.07132	0.01465	0.15042	0.10906	0.03182	0.03217	0.00695	0.00530	0.00163	0.00583	0.00558	0.00423	0.00803
21	0.01249	0.17174	0.59915	0.01613	0.05328	0.01528	0.01920	0.01821	0.01223	0.01756	0.01002	0.01182	0.00746	0.00541	0.00520	0.00173	0.00809	0.00411	0.00248	0.00841
22	0.00846	0.00564	0.00634	0.00634	0.00634	0.00564	0.00352	0.00846	0.00846	0.01128	0.01832	0.03805	0.02114	0.79563	0.02960	0.00564	0.00564	0.00846	0.00352	0.00352
23	0.01247	0.01159	0.01856	0.31632	0.36336	0.02661	0.01514	0.01586	0.01260	0.01733	0.01436	0.01796	0.05671	0.00617	0.00571	0.00179	0.00672	0.00562	0.06759	0.00754
24	0.06266	0.06618	0.03857	0.12356	0.08795	0.12284	0.17044	0.03914	0.04981	0.01745	0.01076	0.01402	0.00874	0.00752	0.02616	0.02475	0.11399	0.00515	0.00306	0.00724
25	0.00884	0.00622	0.00794	0.00746	0.00899	0.00577	0.00561	0.01180	0.03621	0.04601	0.64334	0.06489	0.10080	0.01201	0.00682	0.00186	0.00290	0.01056	0.00631	0.00567
26	0.00829	0.00564	0.00649	0.00658	0.00674	0.00562	0.00387	0.00852	0.00889	0.01182	0.02094	0.08689	0.05567	0.67307	0.06316	0.00544	0.00585	0.00905	0.00371	0.00375
27	0.03840	0.49972	0.15801	0.01176	0.01710	0.06801	0.01209	0.07735	0.01347	0.03169	0.00933	0.01057	0.00775	0.00544	0.00459	0.00145	0.01892	0.00362	0.00291	0.00782
28	0.01344	0.01926	0.28345	0.04369	0.38971	0.01365	0.01794	0.04466	0.06024	0.01959	0.01292	0.01521	0.02860	0.00580	0.00572	0.00179	0.00725	0.00515	0.00309	0.00884
29	0.00738	0.00534	0.00705	0.00831	0.00889	0.00500	0.00588	0.00865	0.01158	0.01525	0.03362	0.64535	0.08426	0.01770	0.00747	0.00238	0.00362	0.11207	0.00539	0.00482
30	0.01431	0.01234	0.01792	0.45468	0.12131	0.01437	0.01468	0.19155	0.06331	0.02125	0.01215	0.01540	0.00909	0.00615	0.00581	0.00187	0.00712	0.00528	0.00362	0.00780
31	0.19992	0.04568	0.22524	0.13683	0.05521	0.04783	0.05468	0.03765	0.01288	0.06377	0.05891	0.01476	0.01092	0.00604	0.00526	0.00181	0.00687	0.00481	0.00343	0.00750

[dist]
# distance from previous block
# <min> <max>
0	4

[block]
# block no. 9 follows, 40 sequences, length 36
# corresponding to MSA columns:
# 869-904
name=unknown_J
#
# <colnr> <probs for GDERKNQSTAVLIFYWHMCP>
#	G	D	E	R	K	N	Q	S	T	A	V	L	I	F	Y	W	H	M	C	P
0	0.01383	0.06124	0.06937	0.24278	0.24818	0.13671	0.01490	0.01701	0.01284	0.01617	0.01163	0.04662	0.01016	0.00766	0.03116	0.00205	0.02590	0.02147	0.00292	0.00740
1	0.35995	0.04222	0.06412	0.11109	0.04110	0.07120	0.00960	0.04720	0.01242	0.04364	0.04981	0.04596	0.04910	0.00721	0.00526	0.01886	0.00571	0.00516	0.00376	0.00666
2	0.00814	0.00558	0.00672	0.00702	0.00730	0.00558	0.00438	0.00870	0.00939	0.01270	0.02244	0.20507	0.04832	0.49760	0.10278	0.00508	0.00604	0.01008	0.02302	0.00406
3	0.05262	0.06561	0.20412	0.04015	0.06858	0.01112	0.04145	0.01627	0.01221	0.04283	0.01214	0.06704	0.01041	0.00591	0.00507	0.00145	0.00599	0.00494	0.00331	0.32878
4	0.01039	0.00742	0.00867	0.00854	0.00959	0.00764	0.00595	0.12266	0.03962	0.01733	0.02341	0.29215	0.02605	0.32432	0.01596	0.00357	0.00493	0.06179	0.00474	0.00526
5	0.01712	0.60311	0.02692	0.01123	0.01570	0.21341	0.01028	0.01889	0.01300	0.01382	0.00831	0.00962	0.00747	0.00523	0.00412	0.00131	0.00730	0.00327	0.00262	0.00728
6	0.01210	0.00978	0.01153	0.11719	0.01607	0.02494	0.00866	0.03326	0.29933	0.05391	0.16597	0.11182	0.09129	0.01002	0.00632	0.00196	0.00456	0.00862	0.00544	0.00723
7	0.01038	0.00656	0.01009	0.18058	0.01530	0.00713	0.02293	0.01042	0.00957	0.01343	0.03555	0.01864	0.01174	0.01507	0.03189	0.47014	0.00559	0.00537	0.11555	0.00407
8	0.61342	0.01047	0.00874	0.00786	0.01083	0.01191	0.00615	0.05547	0.02872	0.02389	0.01113	0.03608	0.01009	0.13542	0.00814	0.00245	0.00476	0.00458	0.00381	0.00607
9	0.00838	0.00621	0.00923	0.00923	0.01027	0.00721	0.00717	0.01048	0.00943	0.01375	0.01568	0.02281	0.01455	0.04249	0.74923	0.00910	0.01519	0.00621	0.02818	0.00520
10	0.02172	0.02772	0.01648	0.01498	0.01798	0.77228	0.01124	0.02322	0.01648	0.01423	0.00899	0.01049	0.00749	0.00599	0.00524	0.00150	0.01049	0.00375	0.00300	0.00674
11	0.00696	0.00589	0.00601	0.00598	0.00791	0.00495	0.00449	0.00851	0.01346	0.01620	0.10378	0.05516	0.71182	0.01454	0.00687	0.00196	0.00293	0.01216	0.00546	0.00495
12	0.01084	0.00542	0.00542	0.00542	0.00678	0.00542	0.00407	0.01355	0.01220	0.02168	0.01897	0.02168	0.01491	0.00678	0.00407	0.00136	0.00271	0.00542	0.82791	0.00542
13	0.00687	0.00589	0.00589	0.00589	0.00785	0.00491	0.00442	0.00835	0.01325	0.01571	0.05891	0.05596	0.75700	0.01473	0.00687	0.00196	0.00295	0.01227	0.00540	0.00491
14	0.01238	0.01222	0.01716	0.01481	0.01489	0.01700	0.01230	0.01372	0.00894	0.01396	0.00824	0.01350	0.00816	0.01274	0.07687	0.00307	0.72598	0.00518	0.00259	0.00627
15	0.13144	0.01057	0.01278	0.01018	0.01434	0.01021	0.00833	0.06208	0.10110	0.52373	0.02051	0.01841	0.01350	0.00702	0.00551	0.00180	0.00486	0.00553	0.02888	0.00922
16	0.00840	0.00562	0.00636	0.00641	0.00642	0.00560	0.00360	0.00844	0.00856	0.01142	0.01886	0.06751	0.02182	0.76525	0.02873	0.00551	0.00555	0.00877	0.00360	0.00357
17	0.83671	0.01125	0.00855	0.00765	0.01125	0.01305	0.00630	0.01709	0.00990	0.02609	0.00810	0.00945	0.00630	0.00540	0.00360	0.00180	0.00450	0.00315	0.00360	0.00630
18	0.01331	0.00999	0.03172	0.01305	0.15325	0.03376	0.00845	0.09398	0.05637	0.02260	0.01661	0.01884	0.01300	0.00650	0.00476	0.00152	0.00443	0.00534	0.48556	0.00697
19	0.01003	0.00507	0.00753	0.00753	0.00753	0.00507	0.00499	0.00761	0.00761	0.01015	0.01043	0.01850	0.01055	0.05170	0.02301	0.79729	0.00507	0.00519	0.00257	0.00257
20	0.63790	0.01127	0.01088	0.15426	0.03954	0.01316	0.00861	0.03309	0.01072	0.02400	0.00874	0.01084	0.00674	0.00551	0.00413	0.00182	0.00523	0.00364	0.00344	0.00650
21	0.01434	0.51745	0.07657	0.08517	0.02046	0.01955	0.13620	0.01724	0.01208	0.01494	0.00930	0.01159	0.00793	0.00624	0.02767	0.00171	0.00741	0.00412	0.00259	0.00744
22	0.00719	0.00514	0.00687	0.00822	0.00860	0.00482	0.00558	0.00828	0.01124	0.01496	0.03199	0.75795	0.03823	0.01812	0.00745	0.00238	0.00347	0.04936	0.00540	0.00475
23	0.21057	0.26287	0.09317	0.01056	0.01521	0.01605	0.01002	0.11884	0.01427	0.10790	0.04274	0.01311	0.01037	0.00606	0.00490	0.00161	0.02269	0.00422	0.00395	0.03089
24	0.01525	0.01103	0.01328	0.02548	0.07766	0.01179	0.00955	0.11435	0.29144	0.11803	0.04177	0.04553	0.06009	0.04114	0.00721	0.00214	0.00509	0.09540	0.00556	0.00820
25	0.02264	0.01396	0.01574	0.01213	0.01657	0.01475	0.01000	0.50479	0.02359	0.23832	0.01672	0.01598	0.01140	0.00703	0.00574	0.00174	0.00581	0.00542	0.04801	0.00966
26	0.00718	0.00513	0.00686	0.00821	0.00859	0.00481	0.00557	0.00827	0.01123	0.01495	0.03200	0.76095	0.03825	0.01813	0.00745	0.00238	0.00346	0.04646	0.00540	0.00475
27	0.01614	0.01550	0.06236	0.19149	0.17773	0.08453	0.01418	0.24333	0.01742	0.02286	0.01289	0.01771	0.01055	0.00692	0.00627	0.00186	0.02905	0.05715	0.00389	0.00818
28	0.00715	0.00511	0.00682	0.00817	0.00853	0.00478	0.00551	0.00821	0.01120	0.01492	0.03202	0.77182	0.03832	0.01816	0.00744	0.00237	0.00343	0.03593	0.00540	0.00474
29	0.00846	0.00564	0.00634	0.00634	0.00634	0.00564	0.00352	0.00846	0.00846	0.01128	0.01832	0.03805	0.02114	0.79563	0.02960	0.00564	0.00564	0.00846	0.00352	0.00352
30	0.01555	0.01344	0.04101	0.13499	0.46265	0.04479	0.01551	0.01886	0.01377	0.12602	0.04727	0.01646	0.01176	0.00592	0.00580	0.00177	0.00675	0.00544	0.00362	0.00862
31	0.01400	0.02631	0.62167	0.01544	0.02320	0.01277	0.01904	0.02041	0.03979	0.13397	0.01285	0.01378	0.00883	0.00587	0.00559	0.00184	0.00788	0.00462	0.00332	0.00882
32	0.00937	0.00669	0.00937	0.01071	0.01205	0.00669	0.00937	0.01205	0.01339	0.01740	0.03079	0.06560	0.03347	0.01606	0.00803	0.00268	0.00535	0.72021	0.00535	0.00535
33	0.01465	0.01430	0.02336	0.03497	0.73348	0.04029	0.01762	0.01803	0.01335	0.01883	0.01087	0.01426	0.00915	0.00521	0.00574	0.00172	0.00703	0.00513	0.00288	0.00913
34	0.03088	0.11658	0.32655	0.04452	0.02164	0.01402	0.08500	0.07373	0.03415	0.16274	0.02729	0.01473	0.01023	0.00602	0.00553	0.00177	0.00723	0.00496	0.00386	0.00856
35	0.01629	0.07397	0.04992	0.14581	0.33520	0.01343	0.04029	0.05674	0.01419	0.16108	0.01352	0.03115	0.01038	0.00602	0.00569	0.00176	0.00669	0.00541	0.00382	0.00864

[dist]
# distance from previous block
# <min> <max>
0	10

[block]
# block no. 10 follows, 40 sequences, length 31
# corresponding to MSA columns:
# 915-945
name=unknown_K
#
# <colnr> <probs for GDERKNQSTAVLIFYWHMCP>
#	G	D	E	R	K	N	Q	S	T	A	V	L	I	F	Y	W	H	M	C	P
0	0.01252	0.01032	0.01211	0.00867	0.01382	0.00778	0.00695	0.01510	0.01221	0.04356	0.01075	0.01231	0.00880	0.00440	0.00436	0.00089	0.00433	0.00352	0.00357	0.80403
1	0.01555	0.79913	0.03047	0.00995	0.01493	0.02301	0.00995	0.01741	0.01182	0.01368	0.00808	0.00933	0.00746	0.00498	0.00373	0.00124	0.00622	0.00311	0.00249	0.00746
2	0.00715	0.00535	0.00666	0.00762	0.00842	0.00486	0.00530	0.00838	0.01189	0.01539	0.05959	0.56403	0.21542	0.01710	0.00729	0.00226	0.00332	0.03974	0.00543	0.00481
3	0.01135	0.00612	0.00631	0.00602	0.00756	0.00624	0.00459	0.04196	0.01271	0.02203	0.01833	0.02096	0.01440	0.00680	0.00447	0.00138	0.01988	0.00536	0.75867	0.02484
4	0.01446	0.01249	0.01315	0.01183	0.01512	0.01446	0.00920	0.03090	0.74885	0.02433	0.02367	0.02170	0.01775	0.00789	0.00592	0.00197	0.00460	0.00657	0.00592	0.00920
5	0.00849	0.00649	0.00969	0.00959	0.01058	0.00769	0.00749	0.01053	0.00933	0.01352	0.01526	0.02244	0.01426	0.04226	0.74214	0.00907	0.04667	0.00618	0.00309	0.00524
6	0.02172	0.02772	0.01648	0.01498	0.01798	0.77228	0.01124	0.02322	0.01648	0.01423	0.00899	0.01049	0.00749	0.00599	0.00524	0.00150	0.01049	0.00375	0.00300	0.00674
7	0.02155	0.01601	0.01714	0.01327	0.01782	0.01778	0.01092	0.68859	0.07961	0.03576	0.01466	0.01452	0.01046	0.00705	0.00582	0.00176	0.00627	0.00533	0.00582	0.00984
8	0.00737	0.00533	0.00698	0.00779	0.00847	0.00493	0.00537	0.00886	0.01263	0.01710	0.22273	0.56122	0.07682	0.01640	0.00725	0.00220	0.00319	0.01476	0.00566	0.00493
9	0.00706	0.00579	0.00622	0.00635	0.00803	0.00495	0.00467	0.00862	0.01335	0.01649	0.13723	0.15049	0.58089	0.01485	0.00694	0.00200	0.00298	0.01262	0.00552	0.00495
10	0.06948	0.02472	0.01837	0.25238	0.05948	0.01533	0.06244	0.04009	0.01109	0.01645	0.00978	0.03335	0.00859	0.00791	0.01145	0.00217	0.34197	0.00537	0.00286	0.00672
11	0.01371	0.00717	0.00933	0.00813	0.01054	0.00637	0.00633	0.01610	0.01599	0.25748	0.41852	0.05718	0.12765	0.01091	0.00655	0.00185	0.00349	0.00941	0.00651	0.00680
12	0.00716	0.00509	0.00673	0.00801	0.00833	0.00477	0.00530	0.00812	0.01100	0.01466	0.03135	0.75311	0.03757	0.05816	0.00856	0.00253	0.00349	0.01612	0.00530	0.00466
13	0.01086	0.00608	0.00650	0.00621	0.00768	0.00609	0.00466	0.05021	0.01360	0.02234	0.15139	0.02584	0.02208	0.03844	0.00565	0.00163	0.00302	0.00645	0.60571	0.00559
14	0.01079	0.00855	0.00942	0.00977	0.03627	0.06233	0.00677	0.08605	0.01430	0.04196	0.14373	0.38374	0.09116	0.05739	0.00809	0.00226	0.00436	0.01196	0.00529	0.00579
15	0.18856	0.00981	0.01035	0.00911	0.01179	0.03199	0.00706	0.10492	0.05290	0.14259	0.19370	0.12073	0.02518	0.05733	0.00724	0.00210	0.00449	0.00779	0.00544	0.00692
16	0.71991	0.01152	0.00954	0.00826	0.01199	0.01309	0.00680	0.07027	0.01164	0.07941	0.00958	0.01051	0.00714	0.00564	0.00392	0.00180	0.00467	0.00349	0.00402	0.00681
17	0.01380	0.01354	0.02148	0.24759	0.51592	0.05252	0.01702	0.01727	0.01295	0.01757	0.01067	0.01451	0.00871	0.00540	0.00575	0.00178	0.00733	0.00510	0.00280	0.00830
18	0.00910	0.00612	0.00784	0.00740	0.00895	0.00555	0.00555	0.01154	0.01572	0.06756	0.57915	0.09762	0.13109	0.01238	0.00684	0.00188	0.00295	0.01086	0.00626	0.00564
19	0.01664	0.04641	0.04833	0.06054	0.33252	0.14501	0.01389	0.02033	0.05672	0.11383	0.03608	0.01541	0.01124	0.00609	0.00593	0.00170	0.02671	0.00509	0.00370	0.03382
20	0.01536	0.76202	0.06594	0.01027	0.01542	0.02255	0.01051	0.01746	0.01184	0.01391	0.00820	0.00947	0.00746	0.00500	0.00382	0.00127	0.00633	0.00317	0.00249	0.00752
21	0.05768	0.00995	0.01330	0.01024	0.01470	0.00872	0.00846	0.02790	0.01638	0.73465	0.02236	0.01939	0.01408	0.00713	0.00576	0.00180	0.00493	0.00574	0.00706	0.00976
22	0.00712	0.00511	0.00670	0.00795	0.00834	0.00476	0.00529	0.00812	0.01112	0.01475	0.03262	0.73679	0.06593	0.04520	0.00817	0.00246	0.00344	0.01608	0.00533	0.00469
23	0.01104	0.00696	0.00838	0.00763	0.00980	0.00633	0.00585	0.01409	0.06095	0.14074	0.34058	0.05987	0.28136	0.01198	0.00665	0.00189	0.00330	0.01024	0.00614	0.00622
24	0.01030	0.00673	0.00846	0.00772	0.00961	0.00626	0.00590	0.01364	0.05860	0.10020	0.55264	0.04120	0.13313	0.01151	0.00670	0.00185	0.00311	0.01001	0.00634	0.00610
25	0.01049	0.00583	0.00828	0.00805	0.00867	0.00601	0.00566	0.01000	0.00887	0.06581	0.01393	0.02269	0.01350	0.15668	0.22877	0.40558	0.00804	0.00601	0.00319	0.00396
26	0.01289	0.24039	0.51415	0.01571	0.05012	0.01616	0.03921	0.01813	0.01223	0.01714	0.00985	0.01165	0.00751	0.00534	0.00508	0.00168	0.00791	0.00408	0.00249	0.00828
27	0.01166	0.03008	0.76550	0.01657	0.02517	0.01351	0.02149	0.01842	0.01228	0.01842	0.01044	0.01228	0.00737	0.00552	0.00552	0.00184	0.00859	0.00430	0.00246	0.00859
28	0.00757	0.00549	0.00726	0.00849	0.00919	0.00518	0.00620	0.00900	0.01182	0.01549	0.03408	0.56746	0.09904	0.01744	0.00751	0.00240	0.00378	0.17236	0.00539	0.00488
29	0.01439	0.01382	0.02360	0.03569	0.75936	0.01382	0.01785	0.01785	0.01324	0.01900	0.01094	0.01439	0.00921	0.00518	0.00576	0.00173	0.00691	0.00518	0.00288	0.00921
30	0.25935	0.01270	0.06263	0.00981	0.01307	0.06631	0.00830	0.11041	0.08124	0.03525	0.15733	0.05966	0.03929	0.00876	0.01858	0.00194	0.00516	0.00637	0.03690	0.00694

[dist]
# distance from previous block
# <min> <max>
0	1

[block]
# block no. 11 follows, 40 sequences, length 35
# corresponding to MSA columns:
# 947-981
name=unknown_L
#
# <colnr> <probs for GDERKNQSTAVLIFYWHMCP>
#	G	D	E	R	K	N	Q	S	T	A	V	L	I	F	Y	W	H	M	C	P
0	0.02101	0.01469	0.01589	0.01233	0.01657	0.01606	0.01010	0.61604	0.02490	0.07768	0.01504	0.01563	0.01089	0.02898	0.00633	0.00182	0.00598	0.00538	0.07532	0.00933
1	0.83671	0.01125	0.00855	0.00765	0.01125	0.01305	0.00630	0.01709	0.00990	0.02609	0.00810	0.00945	0.00630	0.00540	0.00360	0.00180	0.00450	0.00315	0.00360	0.00630
2	0.01049	0.00981	0.01339	0.01211	0.01257	0.01271	0.00975	0.01185	0.00994	0.01432	0.01992	0.13641	0.12608	0.01590	0.10196	0.00321	0.46233	0.00801	0.00347	0.00576
3	0.03687	0.06982	0.65887	0.01587	0.02361	0.01426	0.01989	0.01806	0.01198	0.01813	0.01007	0.01206	0.00736	0.00577	0.00617	0.00185	0.05429	0.00425	0.00250	0.00833
4	0.01188	0.01015	0.01187	0.00859	0.01359	0.00764	0.00684	0.01441	0.01203	0.01880	0.01112	0.04012	0.00969	0.00481	0.00442	0.00092	0.00427	0.00392	0.00352	0.80143
5	0.01581	0.76682	0.02989	0.01016	0.01505	0.05439	0.01000	0.01766	0.01201	0.01370	0.00812	0.00938	0.00746	0.00502	0.00379	0.00125	0.00640	0.00314	0.00251	0.00743
6	0.06583	0.01336	0.10801	0.05549	0.07211	0.07336	0.01059	0.01972	0.01498	0.25917	0.20199	0.02255	0.02172	0.00766	0.00583	0.00177	0.00558	0.00634	0.00515	0.02881
