[name]
unknown

[dist]
# distance from previous block
# <min> <max>
19	80

[block]
# block no. 0 follows, 44 sequences, length 20
# corresponding to MSA columns:
# 93-112
name=unknown_A
#
# <colnr> <probs for GDERKNQSTAVLIFYWHMCP>
#	G	D	E	R	K	N	Q	S	T	A	V	L	I	F	Y	W	H	M	C	P
0	0.01239	0.01132	0.06876	0.06809	0.03693	0.02254	0.00935	0.15818	0.04698	0.03686	0.01599	0.18275	0.01571	0.09277	0.00934	0.00216	0.09552	0.00723	0.00400	0.10313
1	0.01279	0.02680	0.04709	0.08807	0.21674	0.01149	0.01118	0.09362	0.09874	0.04138	0.03371	0.08607	0.01370	0.04423	0.00711	0.00186	0.04981	0.00606	0.04424	0.06530
2	0.01158	0.08182	0.01248	0.00900	0.01222	0.00954	0.02849	0.11683	0.05204	0.01840	0.01812	0.18331	0.05959	0.06468	0.00676	0.00171	0.00447	0.00708	0.00406	0.29780
3	0.05010	0.02600	0.03527	0.01095	0.01470	0.07483	0.00901	0.24432	0.15697	0.17767	0.03702	0.05126	0.01344	0.00756	0.01802	0.00176	0.00552	0.00554	0.00513	0.05495
4	0.00958	0.00789	0.00867	0.00853	0.01018	0.05011	0.00615	0.07029	0.04711	0.01656	0.02469	0.51543	0.04846	0.01303	0.00619	0.00188	0.00394	0.01153	0.00470	0.13510
5	0.01201	0.05524	0.01236	0.00855	0.01299	0.04100	0.00688	0.04829	0.01217	0.01797	0.02618	0.04965	0.01025	0.00502	0.00430	0.00098	0.00440	0.00402	0.00341	0.66433
6	0.04439	0.01354	0.05929	0.01461	0.10174	0.01277	0.08464	0.24112	0.11096	0.06456	0.01306	0.01388	0.00975	0.00561	0.00517	0.00151	0.00572	0.00476	0.00423	0.18871
7	0.00893	0.00627	0.00760	0.00746	0.00902	0.00567	0.00537	0.04533	0.01222	0.05879	0.09614	0.38988	0.16806	0.05604	0.00747	0.00206	0.00346	0.01148	0.00497	0.09376
8	0.01305	0.01904	0.30693	0.03228	0.06426	0.04919	0.20019	0.05355	0.04265	0.05076	0.04216	0.01430	0.01004	0.00541	0.00550	0.00166	0.00739	0.00503	0.00316	0.07346
9	0.01233	0.01244	0.04942	0.02973	0.01447	0.08608	0.00829	0.03013	0.07115	0.01743	0.01263	0.01403	0.04540	0.00548	0.00552	0.00120	0.06437	0.00412	0.00337	0.51242
10	0.01973	0.01520	0.01836	0.01386	0.01837	0.01651	0.10449	0.66278	0.02402	0.03222	0.01283	0.01329	0.00914	0.00630	0.00558	0.00166	0.00640	0.00510	0.00511	0.00903
11	0.01640	0.05163	0.05624	0.01468	0.10884	0.37261	0.01069	0.04657	0.01396	0.03397	0.01071	0.01228	0.02719	0.00618	0.02028	0.00151	0.02040	0.00399	0.00308	0.16880
12	0.04351	0.60441	0.11411	0.01008	0.01500	0.01896	0.01036	0.01765	0.04402	0.06490	0.00939	0.01023	0.00780	0.00499	0.00391	0.00131	0.00589	0.00336	0.00280	0.00730
13	0.02365	0.00910	0.01239	0.00956	0.01364	0.00787	0.00787	0.02578	0.01560	0.74167	0.05770	0.01963	0.01533	0.00696	0.00553	0.00169	0.00454	0.00569	0.00671	0.00908
14	0.01329	0.52217	0.28382	0.01184	0.01768	0.01832	0.03501	0.01668	0.01128	0.01447	0.00843	0.00986	0.00700	0.00484	0.00416	0.00138	0.00669	0.00340	0.00233	0.00737
15	0.01022	0.00935	0.09657	0.01001	0.03084	0.00755	0.00811	0.07267	0.06394	0.06812	0.02527	0.47062	0.04359	0.01303	0.00641	0.00204	0.00429	0.04651	0.00486	0.00599
16	0.00678	0.00526	0.00618	0.00654	0.00772	0.00465	0.00468	0.00825	0.01234	0.01593	0.19547	0.31782	0.36003	0.01442	0.00662	0.00195	0.00286	0.01258	0.00526	0.00465
17	0.02089	0.01352	0.01504	0.01164	0.01582	0.01449	0.00958	0.54653	0.05402	0.19204	0.01541	0.01479	0.01063	0.00662	0.00541	0.00164	0.00553	0.00509	0.03219	0.00911
18	0.01336	0.01452	0.05461	0.25001	0.15599	0.09977	0.25324	0.01699	0.01243	0.04219	0.01043	0.01383	0.00799	0.00522	0.00598	0.00175	0.02659	0.00520	0.00276	0.00714
19	0.00676	0.00529	0.00615	0.00664	0.00784	0.00468	0.00481	0.00815	0.01199	0.01518	0.11159	0.32436	0.39902	0.01481	0.00669	0.00200	0.00301	0.05127	0.00515	0.00461

[dist]
# distance from previous block
# <min> <max>
0	1

[block]
# block no. 1 follows, 44 sequences, length 17
# corresponding to MSA columns:
# 114-130
name=unknown_B
#
# <colnr> <probs for GDERKNQSTAVLIFYWHMCP>
#	G	D	E	R	K	N	Q	S	T	A	V	L	I	F	Y	W	H	M	C	P
0	0.00675	0.00509	0.00619	0.00685	0.00772	0.00459	0.00475	0.00799	0.01154	0.01499	0.12420	0.47037	0.25450	0.03888	0.00736	0.00214	0.00304	0.01343	0.00512	0.00453
1	0.01504	0.01381	0.07824	0.08058	0.02178	0.02807	0.26173	0.05043	0.10210	0.15641	0.01354	0.01526	0.00989	0.00624	0.00755	0.00186	0.12044	0.00556	0.00381	0.00766
2	0.01275	0.01334	0.01717	0.01462	0.01508	0.08811	0.03983	0.01409	0.00918	0.01330	0.00742	0.01184	0.00719	0.00899	0.01625	0.00227	0.69538	0.00472	0.00244	0.00605
3	0.01164	0.01152	0.01625	0.04062	0.01485	0.01600	0.01176	0.01296	0.00846	0.01312	0.00765	0.01254	0.00752	0.01112	0.05964	0.00272	0.72848	0.00483	0.00242	0.00591
4	0.02037	0.02598	0.01545	0.01404	0.01685	0.78652	0.01053	0.02177	0.01545	0.01334	0.00843	0.00983	0.00702	0.00562	0.00492	0.00140	0.00983	0.00351	0.00281	0.00632
5	0.01130	0.00969	0.01130	0.00807	0.01292	0.00727	0.00646	0.01373	0.01130	0.01776	0.00969	0.01130	0.00807	0.00404	0.00404	0.00081	0.00404	0.00323	0.00323	0.84173
6	0.00790	0.00538	0.00644	0.00644	0.00661	0.00555	0.00392	0.00825	0.00807	0.01094	0.01673	0.03317	0.01873	0.67375	0.16092	0.00590	0.00692	0.00756	0.00324	0.00358
7	0.01193	0.01193	0.01670	0.01431	0.01431	0.01670	0.01193	0.01312	0.00835	0.01312	0.00716	0.01193	0.00716	0.00954	0.01789	0.00239	0.79843	0.00477	0.00239	0.00596
8	0.01707	0.00998	0.01201	0.00950	0.01305	0.00956	0.00754	0.12649	0.09459	0.28894	0.03703	0.01885	0.01364	0.10353	0.00823	0.00196	0.02651	0.00537	0.00510	0.19105
9	0.01147	0.00722	0.00962	0.00997	0.01177	0.00719	0.00845	0.04907	0.04768	0.11806	0.02694	0.11087	0.02767	0.01337	0.00703	0.00231	0.00484	0.51528	0.00530	0.00590
10	0.01093	0.02820	0.78016	0.01554	0.02360	0.01266	0.02014	0.01727	0.01151	0.01727	0.00978	0.01151	0.00691	0.00518	0.00518	0.00173	0.00806	0.00403	0.00230	0.00806
11	0.02106	0.01473	0.01603	0.01229	0.01664	0.01610	0.01015	0.69022	0.02473	0.10164	0.01385	0.01358	0.00965	0.00656	0.00546	0.00164	0.00588	0.00496	0.00557	0.00927
12	0.01828	0.01385	0.01504	0.01147	0.01589	0.01457	0.00940	0.55702	0.05317	0.03010	0.01270	0.01299	0.00931	0.00601	0.00514	0.00146	0.00548	0.00458	0.00495	0.19860
13	0.00663	0.00478	0.00629	0.00750	0.00788	0.00444	0.00502	0.00760	0.01052	0.01395	0.03112	0.77271	0.06750	0.01694	0.00694	0.00220	0.00315	0.01533	0.00506	0.00444
14	0.01276	0.01545	0.07344	0.02257	0.02822	0.01372	0.71407	0.01745	0.01279	0.01745	0.01096	0.01453	0.00820	0.00463	0.00636	0.00183	0.00913	0.00630	0.00273	0.00739
15	0.00663	0.00481	0.00626	0.00742	0.00786	0.00444	0.00499	0.00761	0.01060	0.01398	0.03209	0.74394	0.09565	0.01682	0.00692	0.00218	0.00313	0.01518	0.00506	0.00444
16	0.01357	0.01338	0.01454	0.01262	0.01418	0.17717	0.05199	0.05385	0.01229	0.05109	0.07363	0.10830	0.03241	0.01061	0.04443	0.00227	0.29750	0.00650	0.00355	0.00612

[dist]
# distance from previous block
# <min> <max>
0	4

[block]
# block no. 2 follows, 44 sequences, length 34
# corresponding to MSA columns:
# 135-168
name=unknown_C
#
# <colnr> <probs for GDERKNQSTAVLIFYWHMCP>
#	G	D	E	R	K	N	Q	S	T	A	V	L	I	F	Y	W	H	M	C	P
0	0.78159	0.01092	0.00867	0.00759	0.01105	0.01260	0.00626	0.07455	0.01057	0.02524	0.00803	0.00919	0.00617	0.00518	0.00354	0.00168	0.00436	0.00311	0.00354	0.00617
1	0.00736	0.00562	0.00624	0.00608	0.00774	0.00486	0.00453	0.00903	0.01313	0.03921	0.24212	0.07107	0.51530	0.03486	0.00701	0.00191	0.00285	0.01091	0.00531	0.00484
2	0.06921	0.01338	0.01506	0.05519	0.04259	0.03817	0.02362	0.34843	0.17474	0.11233	0.01492	0.01494	0.01078	0.00658	0.00579	0.00172	0.03398	0.00509	0.00499	0.00849
3	0.00679	0.00485	0.00630	0.00735	0.00772	0.00454	0.00488	0.00772	0.01046	0.01393	0.05588	0.68413	0.06017	0.08696	0.00877	0.00246	0.00332	0.01449	0.00494	0.00436
4	0.01798	0.01417	0.01460	0.01186	0.01563	0.04615	0.00957	0.46114	0.26809	0.02922	0.01607	0.01560	0.01177	0.00678	0.00541	0.00168	0.00548	0.00527	0.03473	0.00879
5	0.09664	0.02796	0.01318	0.00969	0.01393	0.01010	0.04286	0.06923	0.05152	0.04220	0.01057	0.01203	0.00847	0.00501	0.00528	0.00121	0.06074	0.00380	0.00353	0.51204
6	0.03238	0.11873	0.03554	0.01154	0.01432	0.08046	0.04756	0.12268	0.06904	0.04027	0.01309	0.01679	0.03604	0.11050	0.01055	0.00217	0.16967	0.00513	0.00353	0.06000
7	0.00664	0.00474	0.00633	0.00759	0.00791	0.00443	0.00506	0.00759	0.01044	0.01392	0.03005	0.80485	0.03606	0.01708	0.00696	0.00221	0.00316	0.01550	0.00506	0.00443
8	0.00703	0.00513	0.00662	0.00712	0.00795	0.00472	0.00501	0.00864	0.01252	0.01701	0.31379	0.44553	0.10970	0.01453	0.00671	0.00199	0.00290	0.01299	0.00542	0.00472
9	0.01190	0.05041	0.01389	0.01163	0.01268	0.10361	0.00930	0.01454	0.07711	0.01532	0.13286	0.08131	0.01795	0.04807	0.01236	0.00218	0.36894	0.00648	0.00355	0.00591
10	0.01273	0.01523	0.06730	0.02223	0.02761	0.01387	0.68552	0.01726	0.01260	0.01726	0.01079	0.01443	0.00816	0.00485	0.00690	0.00186	0.04515	0.00624	0.00272	0.00732
11	0.01232	0.01052	0.01121	0.01029	0.01300	0.01193	0.00792	0.02517	0.62703	0.02152	0.05177	0.08761	0.06847	0.00874	0.00575	0.00187	0.00406	0.00741	0.00549	0.00790
12	0.00664	0.00474	0.00633	0.00759	0.00791	0.00443	0.00506	0.00759	0.01044	0.01392	0.03005	0.80485	0.03606	0.01708	0.00696	0.00221	0.00316	0.01550	0.00506	0.00443
13	0.00722	0.00548	0.00672	0.00756	0.00837	0.00526	0.00523	0.00951	0.07710	0.01483	0.03345	0.61350	0.15404	0.01570	0.00675	0.00212	0.00320	0.01403	0.00510	0.00483
14	0.01023	0.00960	0.01597	0.72633	0.03525	0.01202	0.01458	0.01364	0.01076	0.01389	0.01038	0.04607	0.00842	0.00611	0.00611	0.00186	0.04501	0.00527	0.00253	0.00599
15	0.00664	0.00474	0.00633	0.00759	0.00791	0.00443	0.00506	0.00759	0.01044	0.01392	0.03005	0.80485	0.03606	0.01708	0.00696	0.00221	0.00316	0.01550	0.00506	0.00443
16	0.01213	0.01158	0.01812	0.34709	0.26843	0.03873	0.04782	0.03589	0.03538	0.01628	0.01148	0.01511	0.02430	0.00637	0.01976	0.00188	0.05173	0.00508	0.02580	0.00704
17	0.12290	0.01594	0.01559	0.01348	0.01497	0.23688	0.02913	0.03591	0.01108	0.01533	0.00783	0.01103	0.00704	0.00763	0.01167	0.00198	0.42849	0.00422	0.00273	0.00618
18	0.01686	0.01260	0.01347	0.01123	0.01390	0.13310	0.03387	0.15686	0.01551	0.20124	0.07930	0.06871	0.04130	0.04485	0.00830	0.00193	0.11323	0.00631	0.02030	0.00713
19	0.02044	0.01513	0.01620	0.01249	0.01680	0.01677	0.01029	0.72715	0.05517	0.03390	0.01345	0.01338	0.00957	0.00658	0.00546	0.00164	0.00593	0.00496	0.00546	0.00925
20	0.01349	0.01295	0.02213	0.03346	0.77440	0.01295	0.01673	0.01673	0.01241	0.01781	0.01025	0.01349	0.00864	0.00486	0.00540	0.00162	0.00648	0.00486	0.00270	0.00864
21	0.00676	0.00543	0.00602	0.00609	0.00761	0.00470	0.00449	0.00835	0.01285	0.01623	0.21329	0.14740	0.51438	0.01363	0.00651	0.00186	0.00277	0.01165	0.00527	0.00470
22	0.02446	0.00928	0.01265	0.00970	0.01392	0.00801	0.00801	0.02657	0.01560	0.77817	0.02151	0.01856	0.01350	0.00675	0.00548	0.00169	0.00464	0.00548	0.00675	0.00928
23	0.00681	0.00485	0.00643	0.00759	0.00795	0.00455	0.00512	0.00782	0.01055	0.01410	0.05163	0.72221	0.03565	0.05099	0.00786	0.00234	0.00330	0.04083	0.00501	0.00442
24	0.13962	0.01278	0.01405	0.01092	0.01509	0.01355	0.00902	0.42987	0.02027	0.25808	0.01485	0.01414	0.01007	0.00639	0.00517	0.00166	0.00533	0.00480	0.00555	0.00879
25	0.00748	0.00510	0.00608	0.00651	0.00662	0.00499	0.00391	0.00781	0.00880	0.01173	0.02162	0.30142	0.02543	0.53501	0.02057	0.00422	0.00455	0.01054	0.00391	0.00369
26	0.00792	0.00548	0.00643	0.00649	0.00654	0.00563	0.00388	0.00809	0.00827	0.01111	0.01845	0.13448	0.02142	0.67378	0.02466	0.00477	0.03678	0.00878	0.00349	0.00356
27	0.01340	0.03886	0.02736	0.01354	0.04086	0.16929	0.09245	0.08017	0.01359	0.01731	0.13827	0.04653	0.06629	0.00836	0.00881	0.00183	0.20676	0.00630	0.00365	0.00636
28	0.01066	0.00646	0.00890	0.00837	0.00950	0.00691	0.00624	0.06411	0.01003	0.08001	0.01393	0.02067	0.01278	0.10764	0.37152	0.23919	0.00941	0.00565	0.00332	0.00471
29	0.02062	0.01063	0.01298	0.01027	0.01403	0.01047	0.00835	0.24554	0.04375	0.42377	0.07775	0.06442	0.01658	0.00765	0.00564	0.00171	0.00479	0.00625	0.00616	0.00865
30	0.01218	0.01217	0.01995	0.26980	0.32363	0.05537	0.11867	0.01544	0.01195	0.01590	0.01155	0.06854	0.01006	0.00671	0.02325	0.00190	0.00725	0.00576	0.00279	0.00713
31	0.01503	0.18225	0.06948	0.01063	0.01428	0.01453	0.00931	0.30512	0.09434	0.02280	0.01523	0.11717	0.01368	0.05930	0.00662	0.00186	0.00542	0.00613	0.02931	0.00750
32	0.01025	0.00978	0.01598	0.01345	0.01499	0.01111	0.17652	0.03235	0.01074	0.01503	0.01810	0.31110	0.03936	0.01129	0.01055	0.00216	0.27849	0.00936	0.00363	0.00575
33	0.01430	0.01005	0.01241	0.00982	0.03911	0.00863	0.00760	0.05805	0.01291	0.16080	0.03465	0.01375	0.01041	0.00525	0.00531	0.00117	0.05066	0.00409	0.00403	0.53700

[dist]
# distance from previous block
# <min> <max>
3	12

[block]
# block no. 3 follows, 44 sequences, length 31
# corresponding to MSA columns:
# 181-211
name=unknown_D
#
# <colnr> <probs for GDERKNQSTAVLIFYWHMCP>
#	G	D	E	R	K	N	Q	S	T	A	V	L	I	F	Y	W	H	M	C	P
0	0.01017	0.02100	0.01068	0.03270	0.01184	0.00886	0.00739	0.02462	0.07514	0.04272	0.05522	0.28581	0.07207	0.01094	0.00810	0.00186	0.15100	0.00894	0.00426	0.15667
1	0.05081	0.24919	0.01776	0.01044	0.01443	0.07427	0.00887	0.16392	0.18095	0.06268	0.01310	0.01323	0.01011	0.00581	0.00460	0.00144	0.00547	0.00428	0.01832	0.09032
2	0.01670	0.01057	0.01254	0.01023	0.01355	0.01094	0.00823	0.17049	0.15836	0.22498	0.06471	0.04510	0.01536	0.00808	0.02346	0.00181	0.05845	0.00580	0.03576	0.10489
3	0.01502	0.23483	0.02923	0.01045	0.01387	0.06443	0.00889	0.07798	0.23513	0.09440	0.07789	0.03954	0.02674	0.00713	0.00558	0.00162	0.03982	0.00548	0.00441	0.00755
4	0.02131	0.01216	0.01417	0.01110	0.01522	0.01257	0.00909	0.33508	0.12812	0.35482	0.01805	0.01651	0.01217	0.00676	0.00548	0.00169	0.00517	0.00534	0.00603	0.00918
5	0.00774	0.00565	0.00799	0.00807	0.00879	0.00633	0.00593	0.00920	0.00869	0.01228	0.01617	0.07555	0.01644	0.20689	0.57030	0.00758	0.01182	0.00693	0.00314	0.00450
6	0.03886	0.22291	0.01830	0.01237	0.01547	0.47680	0.00996	0.01973	0.04391	0.01411	0.03041	0.01095	0.00865	0.00581	0.00530	0.00143	0.05193	0.00370	0.00288	0.00652
7	0.01055	0.00602	0.00776	0.00793	0.00932	0.00552	0.00570	0.01231	0.03927	0.17195	0.03075	0.53183	0.11111	0.01424	0.00655	0.00205	0.00347	0.01266	0.00543	0.00560
8	0.00722	0.00537	0.00680	0.00742	0.00846	0.00496	0.00556	0.00889	0.01232	0.01621	0.19106	0.33863	0.20372	0.01473	0.00684	0.00208	0.00329	0.14646	0.00525	0.00473
9	0.00684	0.00551	0.00609	0.00601	0.00762	0.00476	0.00448	0.00857	0.01326	0.01687	0.27239	0.07862	0.52358	0.01313	0.00646	0.00182	0.00272	0.01116	0.00535	0.00476
10	0.01465	0.75389	0.05599	0.00973	0.01445	0.04919	0.00977	0.01656	0.01125	0.01301	0.00769	0.00889	0.00699	0.00472	0.00361	0.00120	0.00606	0.00298	0.00235	0.00701
11	0.01049	0.00670	0.00745	0.00675	0.00911	0.00590	0.00523	0.04180	0.02774	0.15584	0.05959	0.06234	0.55639	0.01213	0.00622	0.00181	0.00327	0.01010	0.00541	0.00573
12	0.00677	0.00487	0.00643	0.00744	0.00792	0.00452	0.00505	0.00794	0.01113	0.01495	0.12493	0.68637	0.05898	0.01623	0.00688	0.00214	0.00308	0.01467	0.00518	0.00452
13	0.41469	0.00997	0.00975	0.00814	0.01154	0.01064	0.00666	0.10584	0.01315	0.21754	0.01331	0.01354	0.00944	0.00586	0.00422	0.00162	0.00429	0.00415	0.12860	0.00704
14	0.01263	0.01207	0.02057	0.23942	0.57519	0.01273	0.01630	0.01597	0.01200	0.01676	0.01010	0.01377	0.00827	0.00502	0.00541	0.00167	0.00669	0.00485	0.00262	0.00794
15	0.01079	0.00625	0.00827	0.00738	0.00920	0.00567	0.00567	0.01327	0.01546	0.16061	0.63393	0.03666	0.04448	0.01034	0.00626	0.00171	0.00295	0.00906	0.00614	0.00590
16	0.01072	0.01024	0.01658	0.61233	0.05213	0.01309	0.01451	0.01383	0.01041	0.01386	0.00918	0.01396	0.00728	0.00629	0.00804	0.00193	0.17225	0.00483	0.00242	0.00610
17	0.01287	0.01471	0.03217	0.02298	0.02849	0.01379	0.75460	0.01746	0.01287	0.01746	0.01103	0.01471	0.00827	0.00460	0.00643	0.00184	0.00919	0.00643	0.00276	0.00735
18	0.00792	0.00532	0.00610	0.00610	0.00616	0.00537	0.00350	0.00803	0.00797	0.01069	0.01703	0.03488	0.01947	0.76555	0.07013	0.00548	0.00581	0.00781	0.00328	0.00339
19	0.01458	0.81168	0.02857	0.00933	0.01399	0.02157	0.00933	0.01632	0.01108	0.01283	0.00758	0.00875	0.00700	0.00466	0.00350	0.00117	0.00583	0.00292	0.00233	0.00700
20	0.01219	0.00652	0.00868	0.00769	0.00970	0.00587	0.00592	0.01452	0.01511	0.22705	0.51250	0.09133	0.03998	0.01039	0.00621	0.00174	0.00318	0.00909	0.00613	0.00622
21	0.02190	0.00902	0.01205	0.00942	0.01323	0.00801	0.00771	0.05729	0.01603	0.63653	0.12817	0.02147	0.01872	0.00737	0.00562	0.00169	0.00441	0.00608	0.00658	0.00869
22	0.00986	0.00540	0.00803	0.06250	0.00953	0.00562	0.00563	0.02999	0.00792	0.01053	0.00959	0.01633	0.00931	0.01762	0.01972	0.75742	0.00495	0.00475	0.00246	0.00283
23	0.01236	0.01368	0.02866	0.16432	0.02959	0.01359	0.58959	0.01664	0.01233	0.01664	0.01063	0.01456	0.00804	0.00495	0.00671	0.00186	0.04002	0.00608	0.00268	0.00706
24	0.00681	0.00493	0.00642	0.00741	0.00794	0.00457	0.00507	0.00797	0.01107	0.01475	0.10471	0.64645	0.08509	0.03156	0.00729	0.00221	0.00317	0.03294	0.00512	0.00450
25	0.00671	0.00553	0.00589	0.00580	0.00753	0.00472	0.00435	0.00834	0.01306	0.01622	0.20552	0.05000	0.62096	0.01325	0.00644	0.00181	0.00272	0.01116	0.00526	0.00472
26	0.00710	0.00541	0.00652	0.00653	0.00784	0.00483	0.00479	0.00898	0.01353	0.01805	0.39822	0.17890	0.29333	0.01309	0.00653	0.00185	0.00274	0.01141	0.00552	0.00483
27	0.01148	0.10086	0.47454	0.01621	0.02281	0.01328	0.19574	0.01659	0.01173	0.01666	0.01119	0.06368	0.00914	0.00576	0.00543	0.00173	0.00779	0.00525	0.00259	0.00755
28	0.01166	0.00683	0.00949	0.00998	0.01178	0.00659	0.00864	0.01410	0.01311	0.15608	0.02752	0.05362	0.02810	0.01354	0.00715	0.00236	0.00495	0.60337	0.00534	0.00580
29	0.06534	0.45047	0.11669	0.01061	0.01555	0.01700	0.03136	0.06840	0.01277	0.13480	0.01053	0.01113	0.00814	0.00519	0.00423	0.00139	0.00590	0.00370	0.00332	0.02346
30	0.01519	0.01338	0.02514	0.01841	0.02309	0.03190	0.48008	0.03340	0.03461	0.15722	0.01313	0.01528	0.00951	0.00544	0.00671	0.00178	0.05382	0.00592	0.02266	0.03332

[dist]
# distance from previous block
# <min> <max>
1	12

[block]
# block no. 4 follows, 44 sequences, length 35
# corresponding to MSA columns:
# 224-258
name=unknown_E
#
# <colnr> <probs for GDERKNQSTAVLIFYWHMCP>
#	G	D	E	R	K	N	Q	S	T	A	V	L	I	F	Y	W	H	M	C	P
0	0.07449	0.15090	0.01677	0.01159	0.01528	0.10448	0.04485	0.16906	0.29542	0.02199	0.01547	0.01535	0.02839	0.00640	0.00501	0.00163	0.00574	0.00496	0.00436	0.00787
1	0.01378	0.01163	0.03069	0.03962	0.01422	0.04730	0.00788	0.18977	0.05161	0.03699	0.01250	0.01627	0.01066	0.13327	0.00838	0.00188	0.00523	0.00466	0.00388	0.35976
2	0.01465	0.03936	0.07988	0.18586	0.06639	0.04322	0.01193	0.12884	0.25363	0.07257	0.01482	0.01568	0.01100	0.00637	0.00577	0.00175	0.03103	0.00513	0.00417	0.00793
3	0.01402	0.01149	0.01228	0.01093	0.01404	0.01313	0.00853	0.04431	0.69202	0.05652	0.04502	0.02073	0.01741	0.00746	0.00557	0.00183	0.00431	0.00622	0.00561	0.00856
4	0.00793	0.00529	0.00595	0.00595	0.00595	0.00529	0.00330	0.00793	0.00793	0.01057	0.01718	0.03568	0.01982	0.80840	0.02775	0.00529	0.00529	0.00793	0.00330	0.00330
5	0.06143	0.00730	0.03253	0.06068	0.01186	0.00688	0.00704	0.01295	0.01099	0.15907	0.02136	0.29098	0.02186	0.10966	0.11781	0.00333	0.00588	0.04825	0.00451	0.00562
6	0.00733	0.00584	0.00662	0.00658	0.00813	0.00534	0.00487	0.00994	0.06325	0.01730	0.26505	0.14942	0.40455	0.01303	0.00645	0.00185	0.00286	0.01120	0.00538	0.00501
7	0.00676	0.00485	0.00635	0.00750	0.00790	0.00453	0.00505	0.00773	0.01046	0.01386	0.03042	0.71433	0.06517	0.05489	0.00795	0.00236	0.00331	0.03720	0.00498	0.00440
8	0.00843	0.00603	0.00664	0.00625	0.00823	0.00522	0.00477	0.02457	0.01350	0.07899	0.18258	0.04676	0.56319	0.01260	0.00634	0.00180	0.00294	0.01058	0.00538	0.00518
9	0.01078	0.01018	0.01722	0.68065	0.14844	0.01224	0.01538	0.01435	0.01113	0.01451	0.00977	0.01438	0.00747	0.00536	0.00544	0.00179	0.00715	0.00485	0.00246	0.00644
10	0.01030	0.00969	0.01635	0.79530	0.03755	0.01211	0.01514	0.01393	0.01090	0.01393	0.00969	0.01453	0.00727	0.00545	0.00545	0.00182	0.00727	0.00484	0.00242	0.00606
11	0.00726	0.00525	0.00708	0.00796	0.00852	0.00524	0.00555	0.02908	0.01054	0.01425	0.02657	0.63060	0.03095	0.02140	0.15818	0.00347	0.00546	0.01333	0.00466	0.00465
12	0.00675	0.00554	0.00595	0.00585	0.00755	0.00473	0.00439	0.00843	0.01316	0.01647	0.23044	0.04959	0.59588	0.01316	0.00644	0.00181	0.00272	0.01110	0.00529	0.00473
13	0.02292	0.01133	0.01387	0.01068	0.01491	0.01111	0.00881	0.26826	0.03969	0.51092	0.01874	0.01680	0.01218	0.00670	0.00547	0.00167	0.00508	0.00531	0.00629	0.00926
14	0.05571	0.00978	0.01275	0.00982	0.01401	0.00885	0.00811	0.08132	0.01612	0.69305	0.02034	0.01777	0.01288	0.00667	0.00540	0.00168	0.00473	0.00534	0.00652	0.00915
15	0.75246	0.01231	0.00886	0.00796	0.01126	0.10071	0.00643	0.01668	0.00998	0.02319	0.00769	0.00897	0.00603	0.00512	0.00355	0.00165	0.00486	0.00302	0.00331	0.00595
16	0.00747	0.00537	0.00716	0.04854	0.00955	0.00532	0.00578	0.00859	0.01023	0.01354	0.02586	0.46808	0.03010	0.19700	0.01172	0.00294	0.00416	0.12972	0.00452	0.00435
17	0.01403	0.01161	0.01234	0.01103	0.01417	0.01332	0.00860	0.02887	0.73246	0.05517	0.02216	0.02026	0.01651	0.00737	0.00554	0.00184	0.00433	0.00613	0.00560	0.00866
18	0.01041	0.00990	0.01703	0.76221	0.03716	0.01218	0.04682	0.01408	0.01099	0.01408	0.00975	0.01454	0.00731	0.00541	0.00549	0.00182	0.00735	0.00491	0.00244	0.00611
19	0.01289	0.01460	0.03149	0.02257	0.02800	0.01378	0.72900	0.01786	0.03866	0.01765	0.01141	0.01490	0.00856	0.00469	0.00640	0.00184	0.00902	0.00642	0.00285	0.00740
20	0.02428	0.00957	0.01283	0.00984	0.01406	0.00844	0.00813	0.06161	0.01609	0.74245	0.02110	0.01829	0.01329	0.00674	0.00548	0.00168	0.00470	0.00545	0.00669	0.00928
21	0.00689	0.00554	0.00614	0.00599	0.00763	0.00479	0.00449	0.00868	0.01347	0.01720	0.30391	0.04839	0.52195	0.01288	0.00644	0.00180	0.00270	0.01093	0.00539	0.00479
22	0.01030	0.00969	0.01635	0.79530	0.03755	0.01211	0.01514	0.01393	0.01090	0.01393	0.00969	0.01453	0.00727	0.00545	0.00545	0.00182	0.00727	0.00484	0.00242	0.00606
23	0.02089	0.00948	0.01217	0.00971	0.01345	0.00888	0.00789	0.05277	0.12892	0.55536	0.10139	0.02099	0.01786	0.00731	0.00559	0.00171	0.00442	0.00603	0.00644	0.00874
24	0.00792	0.00530	0.00604	0.00604	0.00607	0.00534	0.00342	0.00799	0.00796	0.01064	0.01709	0.03520	0.01962	0.78299	0.05288	0.00540	0.00559	0.00786	0.00329	0.00336
25	0.01434	0.54773	0.12069	0.01069	0.01537	0.01904	0.01082	0.08995	0.03176	0.01579	0.00900	0.01041	0.00769	0.00646	0.03151	0.00162	0.04358	0.00353	0.00274	0.00728
26	0.01397	0.68166	0.15329	0.01036	0.01559	0.02009	0.01112	0.01648	0.01115	0.01356	0.00795	0.00920	0.00698	0.00475	0.00378	0.00126	0.00620	0.00310	0.00233	0.00717
27	0.00948	0.00633	0.00824	0.00881	0.01047	0.00598	0.00748	0.01166	0.01277	0.08008	0.03526	0.05548	0.22694	0.01403	0.00707	0.00226	0.00439	0.48283	0.00518	0.00527
28	0.14394	0.05694	0.37287	0.01308	0.03523	0.02711	0.01402	0.03691	0.01120	0.01816	0.00907	0.01104	0.00705	0.00557	0.00626	0.00164	0.10567	0.00383	0.00271	0.11769
29	0.07971	0.00886	0.00964	0.00811	0.01096	0.02122	0.00647	0.12944	0.04755	0.20150	0.07180	0.02185	0.08414	0.00736	0.00494	0.00155	0.00395	0.00587	0.24688	0.02820
30	0.00785	0.00528	0.00608	0.00615	0.00621	0.00530	0.00355	0.00798	0.00810	0.01084	0.01780	0.07841	0.02048	0.73253	0.05755	0.00525	0.00555	0.00827	0.00339	0.00343
31	0.00910	0.00657	0.00800	0.00788	0.00942	0.00646	0.00591	0.01318	0.13423	0.05446	0.31313	0.22505	0.11938	0.01230	0.00644	0.00192	0.00325	0.05209	0.00557	0.00566
32	0.25249	0.13092	0.19806	0.01271	0.05202	0.06469	0.07108	0.01762	0.05192	0.04305	0.05027	0.01284	0.00992	0.00552	0.00461	0.00162	0.00617	0.00423	0.00321	0.00706
33	0.04572	0.01467	0.10285	0.21278	0.07670	0.09841	0.04389	0.03526	0.22029	0.05904	0.02769	0.01565	0.01106	0.00608	0.00536	0.00174	0.00648	0.00509	0.00374	0.00748
34	0.05375	0.09716	0.37276	0.09905	0.12336	0.01334	0.03481	0.01729	0.07045	0.01716	0.01072	0.01289	0.00822	0.00678	0.03822	0.00198	0.00736	0.00437	0.00272	0.00760

[dist]
# distance from previous block
# <min> <max>
1	13

[block]
# block no. 5 follows, 44 sequences, length 26
# corresponding to MSA columns:
# 272-297
name=unknown_F
#
# <colnr> <probs for GDERKNQSTAVLIFYWHMCP>
#	G	D	E	R	K	N	Q	S	T	A	V	L	I	F	Y	W	H	M	C	P
0	0.04445	0.20252	0.11444	0.01237	0.03790	0.03228	0.08055	0.10948	0.04121	0.08705	0.04879	0.04167	0.02719	0.05760	0.00699	0.00185	0.03735	0.00536	0.00371	0.00721
1	0.01222	0.36133	0.25045	0.01128	0.01588	0.01575	0.01213	0.01532	0.01070	0.01460	0.00967	0.01232	0.00829	0.02750	0.07160	0.00219	0.08230	0.00393	0.05571	0.00683
2	0.00796	0.00534	0.00614	0.00619	0.00626	0.00537	0.00362	0.00811	0.00813	0.01086	0.01756	0.03627	0.02009	0.75519	0.04904	0.00528	0.00555	0.03628	0.00336	0.00342
3	0.06958	0.00901	0.00966	0.02143	0.04086	0.06513	0.02578	0.04036	0.08584	0.07740	0.03111	0.06305	0.07043	0.02570	0.05899	0.00214	0.00497	0.00619	0.28624	0.00613
4	0.00880	0.00644	0.00804	0.00802	0.00895	0.00701	0.00584	0.01189	0.10959	0.01389	0.01834	0.03126	0.01843	0.32428	0.27810	0.00555	0.00818	0.09058	0.03202	0.00480
5	0.00669	0.00481	0.00635	0.00749	0.00790	0.00447	0.00504	0.00774	0.01076	0.01437	0.07055	0.74224	0.05803	0.01667	0.00692	0.00218	0.00312	0.01508	0.00511	0.00447
6	0.00672	0.00484	0.00631	0.00739	0.00781	0.00450	0.00495	0.00772	0.01064	0.01414	0.05975	0.70432	0.07551	0.04797	0.00773	0.00230	0.00320	0.01477	0.00503	0.00442
7	0.01458	0.81168	0.02857	0.00933	0.01399	0.02157	0.00933	0.01632	0.01108	0.01283	0.00758	0.00875	0.00700	0.00466	0.00350	0.00117	0.00583	0.00292	0.00233	0.00700
8	0.01338	0.01152	0.01217	0.01096	0.01399	0.01330	0.00852	0.02838	0.74097	0.02278	0.04577	0.02098	0.01774	0.00751	0.00558	0.00184	0.00426	0.00628	0.00556	0.00852
9	0.00664	0.00474	0.00633	0.00759	0.00791	0.00443	0.00506	0.00759	0.01044	0.01392	0.03005	0.80485	0.03606	0.01708	0.00696	0.00221	0.00316	0.01550	0.00506	0.00443
10	0.01096	0.00585	0.00593	0.00564	0.00715	0.00597	0.00430	0.06873	0.01250	0.02138	0.01743	0.01978	0.01362	0.00637	0.00393	0.00130	0.00280	0.00507	0.77588	0.00540
11	0.01349	0.01295	0.02213	0.03346	0.77440	0.01295	0.01673	0.01673	0.01241	0.01781	0.01025	0.01349	0.00864	0.00486	0.00540	0.00162	0.00648	0.00486	0.00270	0.00864
12	0.00779	0.00584	0.00876	0.00876	0.00974	0.00681	0.00681	0.00974	0.00876	0.01266	0.01460	0.02142	0.01363	0.04089	0.78680	0.00876	0.01460	0.00584	0.00292	0.00487
13	0.75593	0.01081	0.00955	0.01004	0.09393	0.01231	0.00709	0.01610	0.00962	0.02373	0.00788	0.00936	0.00620	0.00504	0.00359	0.00168	0.00446	0.00316	0.00330	0.00620
14	0.00851	0.00687	0.01001	0.00960	0.01037	0.00846	0.00755	0.01024	0.00866	0.01265	0.01342	0.02037	0.01277	0.06725	0.62276	0.00752	0.14941	0.00574	0.00284	0.00499
15	0.00942	0.00711	0.00871	0.00755	0.00986	0.00643	0.00580	0.01308	0.08200	0.04037	0.50373	0.03219	0.05375	0.00921	0.00581	0.00153	0.00310	0.00801	0.00536	0.18698
16	0.01318	0.01263	0.02156	0.10825	0.70206	0.01287	0.01658	0.01646	0.01227	0.01743	0.01020	0.01360	0.00850	0.00492	0.00540	0.00164	0.00655	0.00486	0.00267	0.00838
17	0.00761	0.00604	0.02558	0.00729	0.00863	0.00525	0.00566	0.00994	0.01418	0.01965	0.53817	0.15422	0.10278	0.01235	0.00655	0.00185	0.00297	0.06059	0.00564	0.00506
18	0.02446	0.00928	0.01265	0.00970	0.01392	0.00801	0.00801	0.02657	0.01560	0.77817	0.02151	0.01856	0.01350	0.00675	0.00548	0.00169	0.00464	0.00548	0.00675	0.00928
19	0.01245	0.00890	0.01026	0.00922	0.01166	0.00946	0.00722	0.05067	0.32718	0.09455	0.28389	0.02920	0.02888	0.00898	0.00588	0.00179	0.00377	0.04654	0.04237	0.00715
20	0.08656	0.05034	0.62805	0.01517	0.02250	0.01299	0.07617	0.01714	0.01140	0.01779	0.00961	0.01143	0.00693	0.00511	0.00506	0.00171	0.00773	0.00409	0.00244	0.00777
21	0.00745	0.03095	0.00738	0.00683	0.00821	0.00544	0.00514	0.00939	0.01351	0.01807	0.39806	0.17673	0.23854	0.01284	0.00648	0.00185	0.00293	0.03984	0.00543	0.00493
22	0.00793	0.00529	0.00595	0.00595	0.00595	0.00529	0.00330	0.00793	0.00793	0.01057	0.01718	0.03568	0.01982	0.80840	0.02775	0.00529	0.00529	0.00793	0.00330	0.00330
23	0.02037	0.02598	0.01545	0.01404	0.01685	0.78652	0.01053	0.02177	0.01545	0.01334	0.00843	0.00983	0.00702	0.00562	0.00492	0.00140	0.00983	0.00351	0.00281	0.00632
24	0.01283	0.01399	0.09015	0.12757	0.58281	0.01286	0.04740	0.01646	0.01216	0.01726	0.01017	0.01350	0.00829	0.00495	0.00543	0.00166	0.00683	0.00485	0.00263	0.00820
25	0.01201	0.01389	0.10427	0.49686	0.10080	0.09893	0.01482	0.03297	0.01183	0.01492	0.00968	0.01361	0.00746	0.00594	0.00598	0.03494	0.00744	0.00460	0.00255	0.00649

[dist]
# distance from previous block
# <min> <max>
2	4

[block]
# block no. 6 follows, 44 sequences, length 183
# corresponding to MSA columns:
# 303-485
name=unknown_G
#
# <colnr> <probs for GDERKNQSTAVLIFYWHMCP>
#	G	D	E	R	K	N	Q	S	T	A	V	L	I	F	Y	W	H	M	C	P
0	0.11368	0.01533	0.19118	0.22669	0.19882	0.01277	0.05272	0.03768	0.06683	0.01827	0.01066	0.01331	0.00813	0.00533	0.00518	0.00173	0.00674	0.00461	0.00291	0.00743
1	0.00780	0.00556	0.00705	0.00716	0.00750	0.00590	0.00475	0.00851	0.00862	0.01176	0.01892	0.13708	0.03903	0.45253	0.22529	0.00561	0.03107	0.00841	0.00346	0.00398
2	0.13726	0.06343	0.32698	0.05203	0.03609	0.02549	0.01281	0.03386	0.01177	0.03709	0.04289	0.05292	0.02990	0.00618	0.00486	0.00160	0.00604	0.00485	0.02327	0.09067
3	0.01129	0.00843	0.01010	0.00793	0.01154	0.00679	0.00619	0.02824	0.01241	0.07049	0.12787	0.10655	0.01839	0.00691	0.00485	0.00120	0.00374	0.00587	0.03447	0.51675
4	0.01683	0.43499	0.02190	0.01117	0.01495	0.32207	0.00963	0.03652	0.03359	0.01406	0.00877	0.00997	0.00755	0.00521	0.00417	0.00129	0.00726	0.00336	0.02993	0.00677
5	0.01234	0.01476	0.27992	0.01054	0.01489	0.00915	0.01105	0.04238	0.06518	0.13000	0.19529	0.02317	0.05904	0.00759	0.00546	0.00168	0.00504	0.00629	0.09911	0.00711
6	0.01317	0.01263	0.02155	0.10949	0.70087	0.01287	0.01657	0.01645	0.01226	0.01742	0.01020	0.01360	0.00850	0.00492	0.00540	0.00164	0.00656	0.00486	0.00267	0.00838
7	0.00948	0.00710	0.00867	0.00881	0.01058	0.00717	0.00718	0.01422	0.15665	0.03956	0.16475	0.06479	0.16215	0.01249	0.00669	0.00209	0.00400	0.30248	0.00535	0.00576
8	0.00779	0.00584	0.00876	0.00876	0.00974	0.00681	0.00681	0.00974	0.00876	0.01266	0.01460	0.02142	0.01363	0.04089	0.78680	0.00876	0.01460	0.00584	0.00292	0.00487
9	0.01384	0.01153	0.01226	0.01095	0.01404	0.01321	0.00854	0.04495	0.70243	0.04401	0.04637	0.02079	0.01752	0.00748	0.00557	0.00184	0.00431	0.00624	0.00559	0.00855
10	0.00720	0.00578	0.00635	0.00612	0.00785	0.00508	0.00461	0.02750	0.01371	0.01747	0.27965	0.04778	0.52603	0.01279	0.00641	0.00180	0.00278	0.01082	0.00537	0.00489
11	0.00671	0.00479	0.00640	0.00766	0.00801	0.00448	0.00517	0.00770	0.01050	0.01399	0.03001	0.78266	0.03592	0.01702	0.00698	0.00222	0.00322	0.03705	0.00506	0.00445
12	0.00655	0.00554	0.00567	0.00568	0.00748	0.00466	0.00428	0.00800	0.01255	0.01506	0.08466	0.05217	0.72597	0.01372	0.00647	0.00185	0.00280	0.02715	0.00510	0.00463
13	0.01001	0.05718	0.01038	0.00882	0.01040	0.00810	0.00704	0.03741	0.01013	0.07016	0.01477	0.02007	0.01307	0.03322	0.61468	0.00715	0.01243	0.00556	0.04395	0.00549
14	0.84691	0.01054	0.00801	0.00717	0.01054	0.01223	0.00590	0.01603	0.00928	0.02446	0.00759	0.00886	0.00590	0.00506	0.00337	0.00169	0.00422	0.00295	0.00337	0.00590
15	0.00947	0.00473	0.00710	0.00710	0.00710	0.00473	0.00473	0.00710	0.00710	0.00947	0.00947	0.01657	0.00947	0.01894	0.02131	0.84138	0.00473	0.00473	0.00237	0.00237
16	0.01032	0.00541	0.00551	0.00545	0.00677	0.00550	0.00409	0.01336	0.04980	0.02012	0.01776	0.02021	0.01397	0.00679	0.00443	0.02689	0.00270	0.00513	0.77060	0.00518
17	0.01349	0.01295	0.02213	0.03346	0.77440	0.01295	0.01673	0.01673	0.01241	0.01781	0.01025	0.01349	0.00864	0.00486	0.00540	0.00162	0.00648	0.00486	0.00270	0.00864
18	0.00777	0.00595	0.00697	0.00683	0.00835	0.00547	0.00512	0.04711	0.01399	0.01844	0.32768	0.15487	0.32457	0.01291	0.00649	0.00185	0.00298	0.03216	0.00545	0.00504
19	0.25417	0.01772	0.01460	0.05872	0.14800	0.33876	0.01054	0.06612	0.01357	0.01867	0.00888	0.01066	0.00714	0.00538	0.00462	0.00156	0.00726	0.00375	0.00310	0.00678
20	0.01238	0.01273	0.01762	0.52886	0.16628	0.12368	0.03170	0.01564	0.01187	0.01462	0.00964	0.01368	0.00750	0.00535	0.00539	0.00172	0.00754	0.00469	0.00254	0.00659
21	0.00993	0.00823	0.00880	0.03176	0.01054	0.05054	0.00612	0.05841	0.03113	0.03813	0.13627	0.09211	0.28219	0.09759	0.00892	0.00213	0.04143	0.00883	0.00461	0.07232
22	0.01446	0.49543	0.13869	0.01441	0.13470	0.01794	0.02832	0.03201	0.01192	0.05393	0.00923	0.01062	0.00765	0.00491	0.00425	0.00137	0.00628	0.00363	0.00268	0.00758
23	0.00925	0.00695	0.00953	0.01102	0.04777	0.00704	0.00893	0.01267	0.06704	0.01678	0.02874	0.05579	0.06426	0.01396	0.00723	0.00239	0.00493	0.61533	0.00495	0.00543
24	0.08766	0.00959	0.01243	0.00961	0.01376	0.00866	0.00793	0.05183	0.01548	0.69355	0.02014	0.01761	0.01276	0.00661	0.00532	0.00169	0.00466	0.00527	0.00644	0.00902
25	0.01135	0.04283	0.38043	0.13838	0.04812	0.01287	0.19320	0.01626	0.01166	0.01646	0.01089	0.03341	0.00864	0.00570	0.00593	0.00180	0.03006	0.02209	0.00258	0.00735
26	0.01225	0.01137	0.01849	0.41155	0.33313	0.01275	0.01524	0.05133	0.04919	0.01691	0.01069	0.01433	0.00838	0.00536	0.00543	0.00173	0.00674	0.00492	0.00283	0.00738
27	0.00776	0.00521	0.00600	0.00616	0.00620	0.00517	0.00354	0.00788	0.00826	0.01101	0.01888	0.13714	0.02196	0.70401	0.02501	0.00488	0.00501	0.00893	0.00354	0.00345
28	0.00690	0.00489	0.00626	0.00722	0.00754	0.00461	0.00472	0.00773	0.01018	0.01355	0.04872	0.62369	0.05468	0.15949	0.01068	0.00274	0.00352	0.01386	0.00477	0.00425
29	0.16356	0.03818	0.04860	0.13432	0.25312	0.12841	0.01239	0.05536	0.01297	0.07386	0.02411	0.01289	0.00875	0.00544	0.00493	0.00163	0.00651	0.00436	0.00326	0.00736
30	0.01167	0.18593	0.62884	0.01429	0.02166	0.01446	0.01797	0.01708	0.01142	0.01637	0.00934	0.01095	0.00692	0.00508	0.00484	0.00161	0.00761	0.00380	0.00231	0.00784
31	0.00866	0.00623	0.00861	0.00980	0.01108	0.00618	0.00853	0.01111	0.01254	0.01623	0.03029	0.06101	0.07136	0.01499	0.00747	0.00247	0.00490	0.69851	0.00502	0.00500
32	0.00902	0.04935	0.00916	0.00855	0.04586	0.00734	0.00618	0.03396	0.08678	0.03372	0.13527	0.14260	0.35703	0.01204	0.00621	0.00185	0.00352	0.04092	0.00502	0.00562
33	0.04657	0.22173	0.40305	0.01369	0.04368	0.05413	0.03305	0.03814	0.01212	0.01689	0.04577	0.01240	0.00932	0.00607	0.02024	0.00170	0.00721	0.00410	0.00268	0.00745
34	0.01226	0.01136	0.01711	0.35681	0.22305	0.03514	0.01393	0.06924	0.01241	0.01680	0.03370	0.01599	0.00995	0.00634	0.00696	0.00181	0.10117	0.02600	0.02309	0.00688
35	0.84691	0.01054	0.00801	0.00717	0.01054	0.01223	0.00590	0.01603	0.00928	0.02446	0.00759	0.00886	0.00590	0.00506	0.00337	0.00169	0.00422	0.00295	0.00337	0.00590
36	0.00675	0.00543	0.00599	0.00617	0.00765	0.00472	0.00455	0.00822	0.01241	0.01547	0.13974	0.16543	0.52742	0.03136	0.00702	0.00198	0.00293	0.03700	0.00514	0.00463
37	0.05125	0.08834	0.65760	0.01461	0.02189	0.01348	0.01833	0.01699	0.01126	0.01712	0.00941	0.01118	0.00687	0.00529	0.00540	0.00170	0.03521	0.00392	0.00236	0.00780
38	0.01245	0.00951	0.01130	0.00822	0.01288	0.00726	0.00657	0.01480	0.01170	0.09160	0.01141	0.03425	0.00939	0.00467	0.00426	0.00093	0.00407	0.00379	0.00362	0.73732
39	0.02015	0.02563	0.01548	0.01405	0.01679	0.76729	0.01057	0.02155	0.01527	0.01334	0.00840	0.00988	0.00703	0.00572	0.00524	0.00143	0.02952	0.00354	0.00280	0.00631
40	0.00864	0.00578	0.00738	0.00691	0.00842	0.00524	0.00521	0.01096	0.01484	0.07178	0.59711	0.07340	0.14074	0.01144	0.00639	0.00175	0.00276	0.01002	0.00589	0.00532
41	0.00765	0.00557	0.00720	0.00679	0.00810	0.00512	0.00509	0.01016	0.01528	0.02150	0.73490	0.04132	0.08829	0.01128	0.00643	0.00172	0.00258	0.00994	0.00595	0.00512
42	0.01426	0.01190	0.01255	0.01106	0.01423	0.01366	0.00867	0.11088	0.65624	0.02403	0.02101	0.01952	0.01572	0.00727	0.00548	0.00181	0.00445	0.00599	0.03268	0.00859
43	0.00779	0.00584	0.00876	0.00876	0.00974	0.00681	0.00681	0.00974	0.00876	0.01266	0.01460	0.02142	0.01363	0.04089	0.78680	0.00876	0.01460	0.00584	0.00292	0.00487
44	0.02037	0.02598	0.01545	0.01404	0.01685	0.78652	0.01053	0.02177	0.01545	0.01334	0.00843	0.00983	0.00702	0.00562	0.00492	0.00140	0.00983	0.00351	0.00281	0.00632
45	0.00750	0.00556	0.00699	0.00663	0.00801	0.00505	0.00497	0.00987	0.01492	0.02065	0.64972	0.04272	0.17400	0.01160	0.00643	0.00174	0.00260	0.01014	0.00584	0.00505
46	0.00685	0.00490	0.00646	0.00753	0.00794	0.00463	0.00510	0.00788	0.01051	0.01402	0.05199	0.67092	0.05192	0.06684	0.02743	0.00255	0.00361	0.03955	0.00493	0.00441
47	0.00664	0.00474	0.00633	0.00759	0.00791	0.00443	0.00506	0.00759	0.01044	0.01392	0.03005	0.80485	0.03606	0.01708	0.00696	0.00221	0.00316	0.01550	0.00506	0.00443
48	0.01979	0.10395	0.01675	0.01358	0.01657	0.71061	0.01041	0.02123	0.01502	0.01329	0.00834	0.00972	0.00702	0.00552	0.00478	0.00138	0.00943	0.00345	0.00276	0.00639
49	0.80915	0.01076	0.00839	0.00742	0.01083	0.01244	0.00611	0.04986	0.01003	0.02491	0.00784	0.00905	0.00606	0.00513	0.00347	0.00168	0.00430	0.00304	0.00347	0.00606
50	0.00671	0.00557	0.00589	0.00591	0.00766	0.00475	0.00450	0.00828	0.01277	0.01561	0.13352	0.05165	0.65218	0.01358	0.00650	0.00186	0.00286	0.05034	0.00516	0.00469
51	0.01010	0.00510	0.00518	0.00518	0.00644	0.00513	0.00389	0.01262	0.01136	0.02012	0.01770	0.02036	0.01396	0.00730	0.02522	0.00148	0.00287	0.00510	0.81582	0.00508
52	0.01041	0.03162	0.01669	0.77381	0.03690	0.01237	0.01498	0.01399	0.01091	0.01390	0.00963	0.01438	0.00726	0.00543	0.00540	0.00180	0.00723	0.00479	0.00242	0.00608
53	0.01129	0.01048	0.01666	0.45318	0.16206	0.01263	0.01397	0.01507	0.06612	0.01493	0.01035	0.01452	0.00830	0.00675	0.00799	0.04479	0.11681	0.00493	0.00269	0.00650
54	0.02389	0.01090	0.01395	0.03489	0.01578	0.00990	0.00901	0.10441	0.01749	0.60591	0.07099	0.02150	0.01684	0.00809	0.00627	0.00200	0.00532	0.00622	0.00692	0.00971
55	0.01947	0.01464	0.01653	0.09156	0.04072	0.01631	0.01102	0.66063	0.02378	0.03184	0.01267	0.01325	0.00905	0.00639	0.00545	0.00165	0.00614	0.00490	0.00507	0.00893
56	0.00703	0.00503	0.00660	0.00773	0.00815	0.00477	0.00521	0.02806	0.01085	0.01448	0.02958	0.78320	0.03533	0.01679	0.00692	0.00220	0.00324	0.01521	0.00507	0.00456
57	0.01200	0.01215	0.01793	0.01500	0.01544	0.01647	0.07122	0.01347	0.00871	0.01347	0.00747	0.01215	0.00725	0.00915	0.01698	0.00234	0.73542	0.00490	0.00242	0.00607
58	0.01130	0.00969	0.01130	0.00807	0.01292	0.00727	0.00646	0.01373	0.01130	0.01776	0.00969	0.01130	0.00807	0.00404	0.00404	0.00081	0.00404	0.00323	0.00323	0.84173
59	0.01271	0.35743	0.44473	0.01285	0.01939	0.01652	0.01535	0.03553	0.01168	0.01583	0.00894	0.01039	0.00700	0.00500	0.00448	0.00149	0.00707	0.00358	0.00239	0.00764
60	0.16722	0.11598	0.26142	0.01140	0.01595	0.12963	0.01169	0.01688	0.03415	0.03393	0.05092	0.01521	0.01105	0.04823	0.03554	0.00207	0.00690	0.02199	0.00311	0.00672
61	0.01046	0.00986	0.01665	0.75635	0.07522	0.01216	0.01522	0.01407	0.01098	0.01413	0.00972	0.01448	0.00734	0.00542	0.00545	0.00181	0.00723	0.00485	0.00244	0.00619
62	0.00793	0.00529	0.00595	0.00595	0.00595	0.00529	0.00330	0.00793	0.00793	0.01057	0.01718	0.03568	0.01982	0.80840	0.02775	0.00529	0.00529	0.00793	0.00330	0.00330
63	0.01215	0.29437	0.44318	0.01324	0.01949	0.01571	0.03363	0.01646	0.01126	0.01547	0.01024	0.01185	0.02917	0.00546	0.00532	0.00157	0.04758	0.00396	0.00241	0.00747
64	0.01098	0.01135	0.05673	0.59469	0.14712	0.01236	0.04122	0.01501	0.02941	0.01502	0.01013	0.01437	0.00772	0.00536	0.00547	0.00178	0.00718	0.00489	0.00255	0.00665
65	0.01330	0.01173	0.01175	0.01061	0.01340	0.06903	0.00820	0.02539	0.57607	0.03459	0.14199	0.02282	0.02149	0.00786	0.00564	0.00179	0.00445	0.00655	0.00544	0.00791
66	0.00683	0.00552	0.00607	0.00597	0.00761	0.00476	0.00446	0.00855	0.01327	0.01683	0.26796	0.06776	0.53912	0.01310	0.00645	0.00181	0.00272	0.01112	0.00534	0.00476
67	0.01107	0.01184	0.05685	0.52282	0.03148	0.04046	0.10115	0.01458	0.01118	0.01454	0.01058	0.01647	0.00862	0.00623	0.00680	0.00189	0.08096	0.04362	0.00260	0.00626
68	0.01856	0.12966	0.14321	0.01370	0.07707	0.19751	0.01161	0.05254	0.03250	0.25205	0.01325	0.01334	0.00946	0.00578	0.00501	0.00155	0.00681	0.00435	0.00405	0.00798
69	0.02436	0.00944	0.01275	0.00978	0.01400	0.00825	0.00808	0.04635	0.01588	0.75800	0.02128	0.01841	0.01338	0.00674	0.00548	0.00169	0.00468	0.00547	0.00671	0.00928
70	0.01139	0.11827	0.65123	0.03875	0.02303	0.01371	0.03681	0.01706	0.01147	0.01665	0.00956	0.01136	0.00696	0.00511	0.00502	0.00167	0.00780	0.00398	0.00232	0.00786
