[name]
unknown

[dist]
# distance from previous block
# <min> <max>
0	56

[block]
# block no. 0 follows, 45 sequences, length 17
# corresponding to MSA columns:
# 69-85
name=unknown_A
#
# <colnr> <probs for GDERKNQSTAVLIFYWHMCP>
#	G	D	E	R	K	N	Q	S	T	A	V	L	I	F	Y	W	H	M	C	P
0	0.01364	0.03373	0.16254	0.01150	0.01560	0.05712	0.03238	0.04612	0.16947	0.11721	0.01795	0.02400	0.02650	0.00766	0.00554	0.00173	0.00565	0.14523	0.00431	0.10213
1	0.07271	0.04586	0.30060	0.01230	0.01744	0.05351	0.04509	0.07119	0.11192	0.11793	0.01692	0.01704	0.08140	0.00645	0.00518	0.00168	0.00618	0.00514	0.00385	0.00762
2	0.03844	0.01203	0.06907	0.01045	0.01429	0.01114	0.03049	0.20517	0.16501	0.10525	0.11015	0.02021	0.06365	0.00712	0.00534	0.00159	0.00477	0.00585	0.00492	0.11507
3	0.01319	0.07435	0.13941	0.03271	0.08530	0.01182	0.14599	0.03576	0.08267	0.08717	0.03461	0.01503	0.02591	0.00555	0.00546	0.00152	0.02672	0.00493	0.00349	0.16842
4	0.20688	0.02848	0.04069	0.02754	0.01367	0.06895	0.01906	0.07616	0.10141	0.12390	0.02647	0.03228	0.06386	0.00673	0.00483	0.00159	0.00495	0.03074	0.00427	0.11754
5	0.00767	0.00560	0.00654	0.00638	0.00753	0.00533	0.00448	0.00891	0.01020	0.01387	0.06811	0.06432	0.24008	0.25885	0.14995	0.00394	0.00558	0.00836	0.07191	0.05239
6	0.00796	0.00543	0.00695	0.00731	0.00820	0.00509	0.00513	0.03037	0.01220	0.04574	0.23427	0.46683	0.06989	0.05905	0.00774	0.00216	0.00319	0.01246	0.00522	0.00482
7	0.00767	0.00575	0.00863	0.00863	0.00959	0.00671	0.00671	0.00959	0.00863	0.01246	0.01438	0.02109	0.01342	0.04026	0.79008	0.00863	0.01438	0.00575	0.00288	0.00479
8	0.01225	0.26915	0.48486	0.01339	0.01996	0.01534	0.03573	0.03574	0.03743	0.01627	0.00950	0.01091	0.00725	0.00504	0.00464	0.00153	0.00711	0.00379	0.00247	0.00764
9	0.01477	0.01121	0.01218	0.01074	0.01392	0.01263	0.00842	0.02821	0.66871	0.12275	0.02176	0.01980	0.01598	0.00720	0.00545	0.00180	0.00429	0.00598	0.00562	0.00858
10	0.00703	0.00514	0.00660	0.00763	0.00811	0.00498	0.00514	0.00885	0.05918	0.01413	0.02857	0.72552	0.03362	0.04848	0.00759	0.00228	0.00327	0.01436	0.00494	0.00458
11	0.08736	0.08923	0.01446	0.02968	0.01475	0.04208	0.02773	0.16592	0.19123	0.06260	0.01348	0.01378	0.01022	0.00568	0.00469	0.00143	0.00503	0.00442	0.02149	0.19474
12	0.10575	0.00955	0.01066	0.00817	0.01227	0.00828	0.00651	0.05525	0.04264	0.06430	0.01206	0.05476	0.01013	0.00529	0.00427	0.00112	0.00404	0.00420	0.03586	0.54488
13	0.00743	0.00599	0.00687	0.00778	0.00843	0.04655	0.00530	0.00845	0.01063	0.01384	0.02835	0.71516	0.05262	0.01565	0.00662	0.00208	0.00349	0.01407	0.00480	0.03590
14	0.14354	0.02903	0.01309	0.03073	0.01449	0.03576	0.00845	0.32966	0.11620	0.06210	0.01369	0.03671	0.01071	0.03644	0.00573	0.00171	0.00516	0.00491	0.01720	0.08469
15	0.04923	0.03600	0.05201	0.00804	0.00990	0.00716	0.00628	0.04573	0.02973	0.08191	0.03432	0.34001	0.06351	0.16067	0.00988	0.00248	0.00421	0.00981	0.00444	0.04468
16	0.01749	0.06502	0.07060	0.01092	0.01529	0.02830	0.00951	0.29908	0.09351	0.16520	0.01457	0.03449	0.01077	0.00622	0.00505	0.00150	0.00533	0.00486	0.00479	0.13748

[dist]
# distance from previous block
# <min> <max>
1	97

[block]
# block no. 1 follows, 45 sequences, length 15
# corresponding to MSA columns:
# 185-199
name=unknown_B
#
# <colnr> <probs for GDERKNQSTAVLIFYWHMCP>
#	G	D	E	R	K	N	Q	S	T	A	V	L	I	F	Y	W	H	M	C	P
0	0.01450	0.44288	0.06239	0.03796	0.11528	0.01738	0.01076	0.14222	0.01374	0.01771	0.04403	0.01180	0.00952	0.00525	0.00431	0.00135	0.00580	0.00389	0.00306	0.03618
1	0.02834	0.23606	0.16463	0.01107	0.01538	0.06304	0.01077	0.06898	0.06565	0.07560	0.03032	0.05557	0.01088	0.00633	0.00558	0.00152	0.06223	0.00467	0.00342	0.07995
2	0.02773	0.03356	0.03268	0.02462	0.01314	0.01049	0.02355	0.15315	0.06104	0.09003	0.17605	0.06433	0.02990	0.04578	0.00777	0.00183	0.08931	0.00650	0.00459	0.10396
3	0.05261	0.07903	0.28200	0.01357	0.01851	0.09325	0.05360	0.15534	0.02985	0.07052	0.01066	0.01199	0.00794	0.00593	0.00635	0.00168	0.09190	0.00429	0.00333	0.00764
4	0.03169	0.01264	0.01510	0.02650	0.01613	0.04272	0.07753	0.24386	0.10907	0.04516	0.01235	0.01326	0.00939	0.00559	0.00543	0.00141	0.03706	0.00449	0.00413	0.28649
5	0.00780	0.00563	0.00801	0.00801	0.00883	0.00639	0.00601	0.00943	0.00861	0.01247	0.01493	0.02332	0.01443	0.16410	0.63022	0.00773	0.01235	0.00605	0.04112	0.00455
6	0.01659	0.01205	0.03733	0.01079	0.01430	0.01245	0.00888	0.31665	0.21249	0.13598	0.05925	0.06706	0.03781	0.00849	0.02300	0.00188	0.00509	0.00632	0.00542	0.00819
7	0.00738	0.00532	0.00698	0.00690	0.00797	0.00492	0.00505	0.00960	0.01421	0.01995	0.62503	0.19459	0.04760	0.01215	0.00644	0.00179	0.00265	0.01082	0.00572	0.00492
8	0.00846	0.00860	0.10841	0.00781	0.00917	0.00677	0.00622	0.01057	0.06196	0.01258	0.01728	0.10126	0.01863	0.51580	0.08039	0.00449	0.00602	0.00771	0.00341	0.00446
9	0.01073	0.00998	0.01589	0.65380	0.07411	0.01216	0.01415	0.01580	0.11003	0.01507	0.01118	0.01500	0.00844	0.00559	0.00538	0.00178	0.00673	0.00494	0.00280	0.00643
10	0.01745	0.01986	0.01424	0.01334	0.05054	0.49402	0.00975	0.09360	0.09398	0.01745	0.11067	0.01522	0.01392	0.00648	0.00517	0.00150	0.00765	0.00474	0.00371	0.00670
11	0.01171	0.02303	0.50439	0.01640	0.04663	0.06717	0.12920	0.01674	0.01180	0.01671	0.04443	0.01309	0.00908	0.00559	0.00618	0.00173	0.06150	0.00463	0.00255	0.00746
12	0.00827	0.00808	0.00690	0.00667	0.00855	0.10745	0.00501	0.00975	0.01293	0.01505	0.12338	0.04496	0.59949	0.01227	0.00615	0.00174	0.00361	0.01013	0.00479	0.00481
13	0.01644	0.01352	0.01780	0.01368	0.01781	0.01441	0.16000	0.39948	0.16759	0.02700	0.05543	0.01602	0.01256	0.00638	0.00558	0.00167	0.00596	0.00558	0.00480	0.03829
14	0.01276	0.07303	0.01184	0.00951	0.01186	0.00919	0.02916	0.14728	0.03477	0.12491	0.04755	0.28817	0.05947	0.01134	0.00609	0.00191	0.00443	0.10531	0.00504	0.00639

[dist]
# distance from previous block
# <min> <max>
2	14

[block]
# block no. 2 follows, 45 sequences, length 22
# corresponding to MSA columns:
# 216-237
name=unknown_C
#
# <colnr> <probs for GDERKNQSTAVLIFYWHMCP>
#	G	D	E	R	K	N	Q	S	T	A	V	L	I	F	Y	W	H	M	C	P
0	0.03639	0.12063	0.02704	0.00960	0.01280	0.01222	0.04392	0.22521	0.09562	0.02266	0.01455	0.03486	0.01154	0.00705	0.02325	0.00163	0.00489	0.00498	0.25857	0.03260
1	0.01505	0.06107	0.01263	0.00949	0.01281	0.02627	0.00764	0.17067	0.09046	0.16252	0.09536	0.10421	0.04211	0.00788	0.00550	0.00156	0.01689	0.00647	0.00496	0.14644
2	0.01542	0.03707	0.12732	0.01087	0.01500	0.01191	0.00984	0.32665	0.01732	0.09181	0.04017	0.10386	0.01380	0.04627	0.00637	0.00176	0.00539	0.00597	0.00454	0.10866
3	0.03767	0.04910	0.04791	0.06531	0.01373	0.05068	0.00792	0.04770	0.01347	0.09436	0.24593	0.04734	0.04090	0.00758	0.00558	0.00149	0.02678	0.00624	0.00437	0.18591
4	0.01271	0.35352	0.31102	0.01231	0.03938	0.01587	0.01317	0.05651	0.04590	0.01630	0.03345	0.03168	0.00963	0.00621	0.01987	0.00161	0.00654	0.00416	0.00279	0.00736
5	0.01517	0.06925	0.04849	0.01020	0.01374	0.01248	0.00858	0.22159	0.24618	0.11016	0.02258	0.02211	0.13012	0.03748	0.00622	0.00182	0.00481	0.00621	0.00504	0.00780
6	0.01702	0.01271	0.12966	0.01031	0.01504	0.00959	0.00950	0.08434	0.08407	0.31587	0.03420	0.01561	0.01177	0.00587	0.00501	0.00146	0.00496	0.00473	0.00485	0.22343
7	0.05631	0.01191	0.10850	0.01033	0.01443	0.00989	0.00926	0.02406	0.21111	0.40099	0.07064	0.01891	0.01549	0.00684	0.00535	0.00171	0.00475	0.00557	0.00558	0.00839
8	0.01263	0.00900	0.01080	0.00872	0.01211	0.00821	0.02336	0.07686	0.10909	0.12140	0.11107	0.06520	0.11952	0.00778	0.00527	0.00145	0.00397	0.00657	0.00476	0.28222
9	0.07392	0.66484	0.09587	0.00971	0.01447	0.03904	0.00995	0.01627	0.01093	0.01386	0.00768	0.00890	0.00680	0.00469	0.00362	0.00124	0.00593	0.00299	0.00238	0.00689
10	0.00775	0.00542	0.00695	0.00695	0.00732	0.00580	0.00461	0.00851	0.00813	0.01122	0.01592	0.02960	0.01712	0.50796	0.32744	0.00655	0.00881	0.00700	0.00310	0.00386
11	0.00753	0.00520	0.00588	0.00595	0.00624	0.00506	0.00354	0.00786	0.00879	0.01154	0.05040	0.09259	0.11210	0.62956	0.02257	0.00445	0.00466	0.00883	0.00368	0.00355
12	0.02006	0.01400	0.01529	0.01187	0.01598	0.01528	0.00975	0.63259	0.05789	0.10689	0.01459	0.03603	0.01061	0.00679	0.00542	0.00164	0.00562	0.00524	0.00549	0.00897
13	0.00654	0.00467	0.00623	0.00747	0.00779	0.00436	0.00498	0.00747	0.01028	0.01370	0.02959	0.80785	0.03550	0.01682	0.00685	0.00218	0.00311	0.01526	0.00498	0.00436
14	0.01481	0.66186	0.08067	0.01011	0.01480	0.07235	0.01008	0.05654	0.01200	0.01412	0.00797	0.00911	0.00700	0.00479	0.00376	0.00123	0.00617	0.00309	0.00249	0.00704
15	0.02576	0.04949	0.00873	0.00725	0.00898	0.00630	0.00563	0.01105	0.01407	0.03805	0.55677	0.09011	0.04141	0.01050	0.00601	0.00167	0.00305	0.04452	0.00537	0.06528
16	0.14597	0.18333	0.12759	0.02885	0.01498	0.06379	0.00977	0.09093	0.01349	0.14259	0.07195	0.01484	0.03062	0.00603	0.00463	0.00152	0.00554	0.00448	0.00387	0.03523
17	0.18880	0.21061	0.10014	0.00949	0.01366	0.01299	0.00896	0.06921	0.03384	0.19259	0.09776	0.01527	0.01343	0.00611	0.00456	0.00154	0.00500	0.00456	0.00420	0.00728
18	0.10436	0.21648	0.14778	0.01040	0.01491	0.01403	0.01014	0.16524	0.03485	0.09476	0.09834	0.01486	0.01311	0.00607	0.00469	0.00151	0.00540	0.00457	0.00396	0.03454
19	0.04973	0.11383	0.07036	0.00952	0.01327	0.04571	0.00840	0.09522	0.05396	0.17094	0.14828	0.02063	0.05430	0.00709	0.00510	0.00152	0.00480	0.01891	0.00462	0.10383
20	0.01415	0.13668	0.22323	0.04652	0.05998	0.03727	0.01222	0.08156	0.07802	0.10891	0.04735	0.01444	0.01099	0.00682	0.02147	0.01825	0.02579	0.00459	0.00360	0.04818
21	0.09908	0.14162	0.18245	0.07879	0.01730	0.01221	0.02279	0.03785	0.06613	0.11556	0.03465	0.03998	0.01074	0.00583	0.00472	0.00152	0.00557	0.00459	0.00359	0.11502

[dist]
# distance from previous block
# <min> <max>
11	27

[block]
# block no. 3 follows, 45 sequences, length 15
# corresponding to MSA columns:
# 265-279
name=unknown_D
#
# <colnr> <probs for GDERKNQSTAVLIFYWHMCP>
#	G	D	E	R	K	N	Q	S	T	A	V	L	I	F	Y	W	H	M	C	P
0	0.05534	0.07677	0.12712	0.02928	0.05488	0.01266	0.04784	0.19925	0.07368	0.12708	0.06306	0.01615	0.02542	0.01614	0.00541	0.00163	0.00561	0.00508	0.00431	0.05327
1	0.05171	0.01404	0.20198	0.09132	0.11528	0.02142	0.01200	0.05202	0.02860	0.04506	0.07972	0.04634	0.01342	0.00991	0.09052	0.00235	0.00675	0.00527	0.00337	0.10892
2	0.03173	0.08959	0.22402	0.01245	0.02944	0.08331	0.04509	0.07894	0.01417	0.25727	0.03760	0.01426	0.01055	0.00579	0.00506	0.00156	0.00629	0.00459	0.00413	0.04415
3	0.06965	0.12893	0.16336	0.08075	0.01649	0.01128	0.01031	0.03989	0.04851	0.10286	0.05484	0.09009	0.01337	0.00662	0.00488	0.00152	0.00528	0.00537	0.00370	0.14229
4	0.05283	0.03710	0.30520	0.01197	0.01708	0.04042	0.03807	0.01871	0.05726	0.20035	0.01513	0.09999	0.01213	0.00678	0.00522	0.00166	0.00599	0.00560	0.00395	0.06456
5	0.01239	0.01044	0.01502	0.22435	0.03487	0.01039	0.08402	0.10909	0.03735	0.04511	0.03742	0.05673	0.01126	0.00585	0.00512	0.00145	0.00556	0.00520	0.00357	0.28481
6	0.11639	0.00996	0.01305	0.14961	0.16063	0.02719	0.01003	0.05448	0.08527	0.06895	0.04659	0.15629	0.01596	0.00794	0.00539	0.00175	0.00510	0.02238	0.00398	0.03905
7	0.01090	0.01137	0.14026	0.01244	0.09597	0.00876	0.00978	0.12246	0.01325	0.04355	0.03357	0.37088	0.02209	0.01097	0.00602	0.00188	0.00483	0.03621	0.00433	0.04047
8	0.01173	0.02357	0.57063	0.09965	0.02300	0.06469	0.01730	0.01695	0.01192	0.04967	0.05324	0.01347	0.00960	0.00556	0.00519	0.00169	0.00752	0.00441	0.00271	0.00749
9	0.10942	0.01194	0.03772	0.07372	0.05923	0.03964	0.00919	0.20184	0.06891	0.03443	0.03218	0.03931	0.01161	0.00631	0.00490	0.00151	0.00515	0.03316	0.03811	0.18175
10	0.16651	0.01333	0.01238	0.03882	0.01438	0.15167	0.00828	0.18184	0.04026	0.13418	0.03822	0.01365	0.01025	0.00678	0.00587	0.05884	0.00567	0.00435	0.00421	0.09049
11	0.01053	0.00579	0.00798	0.00758	0.00804	0.00597	0.00526	0.08889	0.00898	0.01199	0.00971	0.01594	0.00930	0.01732	0.01928	0.75221	0.00480	0.00468	0.00266	0.00307
12	0.01002	0.00642	0.00825	0.00917	0.09061	0.00629	0.00515	0.01058	0.00904	0.08804	0.01660	0.03107	0.01770	0.64342	0.02274	0.00446	0.00527	0.00724	0.00353	0.00441
13	0.04052	0.01093	0.01726	0.56209	0.14153	0.02964	0.04467	0.06099	0.01198	0.01601	0.00978	0.01378	0.00746	0.00531	0.00532	0.00174	0.00699	0.00475	0.00266	0.00658
14	0.48795	0.01167	0.07493	0.00872	0.01256	0.01121	0.00775	0.05150	0.05444	0.18361	0.04122	0.01299	0.00995	0.00577	0.00424	0.00167	0.00458	0.00405	0.00425	0.00696

[dist]
# distance from previous block
# <min> <max>
0	4

[block]
# block no. 4 follows, 45 sequences, length 9
# corresponding to MSA columns:
# 284-292
name=unknown_E
#
# <colnr> <probs for GDERKNQSTAVLIFYWHMCP>
#	G	D	E	R	K	N	Q	S	T	A	V	L	I	F	Y	W	H	M	C	P
0	0.20141	0.12326	0.01559	0.03380	0.04215	0.42950	0.00958	0.03720	0.01314	0.01616	0.00818	0.00972	0.00679	0.00539	0.00472	0.00146	0.02930	0.00341	0.00287	0.00635
1	0.04915	0.01191	0.01355	0.09119	0.04880	0.01324	0.00940	0.41743	0.07261	0.02687	0.01373	0.01488	0.01023	0.00707	0.02437	0.00175	0.00546	0.00489	0.15573	0.00775
2	0.03316	0.00851	0.01351	0.43542	0.11734	0.00984	0.01144	0.01233	0.00998	0.01367	0.01072	0.01701	0.00934	0.10159	0.01020	0.13163	0.00617	0.00507	0.03772	0.00535
3	0.00951	0.00674	0.00747	0.00699	0.00792	0.00686	0.00462	0.12725	0.01135	0.01494	0.02203	0.10591	0.11165	0.51179	0.01936	0.00394	0.00482	0.00846	0.00396	0.00445
4	0.01206	0.01222	0.04425	0.24851	0.43647	0.01233	0.09175	0.01557	0.01182	0.01634	0.01072	0.01550	0.00891	0.00533	0.00551	0.00171	0.00686	0.03397	0.00266	0.00749
5	0.01817	0.01351	0.01441	0.01125	0.01515	0.01472	0.00923	0.64047	0.02317	0.03076	0.01948	0.01905	0.13090	0.00758	0.00552	0.00164	0.00540	0.00586	0.00531	0.00840
6	0.01113	0.00954	0.01113	0.00795	0.01272	0.00716	0.00636	0.01352	0.01113	0.01749	0.00954	0.01113	0.00795	0.00398	0.00398	0.00080	0.00398	0.00318	0.00318	0.84417
7	0.00842	0.00598	0.00825	0.00940	0.01047	0.00596	0.00796	0.01058	0.01186	0.01547	0.02770	0.12038	0.03046	0.07178	0.00879	0.00264	0.00481	0.62948	0.00483	0.00477
8	0.00652	0.00475	0.00615	0.00727	0.00773	0.00438	0.00489	0.00750	0.01047	0.01378	0.03206	0.73242	0.10934	0.01650	0.00680	0.00214	0.00307	0.01487	0.00498	0.00438

[dist]
# distance from previous block
# <min> <max>
0	2

[block]
# block no. 5 follows, 45 sequences, length 68
# corresponding to MSA columns:
# 295-362
name=unknown_F
#
# <colnr> <probs for GDERKNQSTAVLIFYWHMCP>
#	G	D	E	R	K	N	Q	S	T	A	V	L	I	F	Y	W	H	M	C	P
0	0.01174	0.01174	0.01644	0.01409	0.01409	0.01644	0.01174	0.01292	0.00822	0.01292	0.00705	0.01174	0.00705	0.00940	0.01762	0.00235	0.80153	0.00470	0.00235	0.00587
1	0.01353	0.01362	0.02286	0.03058	0.63592	0.05043	0.12021	0.01681	0.01243	0.01728	0.01012	0.01328	0.00838	0.00478	0.00543	0.00161	0.00691	0.00494	0.00267	0.00822
2	0.01077	0.02777	0.78354	0.01530	0.02323	0.01247	0.01983	0.01700	0.01133	0.01700	0.00963	0.01133	0.00680	0.00510	0.00510	0.00170	0.00793	0.00397	0.00227	0.00793
3	0.00634	0.00544	0.00544	0.00544	0.00725	0.00453	0.00408	0.00770	0.01224	0.01450	0.05438	0.05166	0.77569	0.01359	0.00634	0.00181	0.00272	0.01133	0.00498	0.00453
4	0.00701	0.00517	0.00656	0.00682	0.00781	0.00472	0.00488	0.00876	0.01290	0.01752	0.38535	0.33056	0.15498	0.01357	0.00653	0.00189	0.00278	0.01204	0.00542	0.00472
5	0.01430	0.77582	0.02782	0.01033	0.05072	0.02083	0.00954	0.01609	0.01097	0.01287	0.00759	0.00884	0.00697	0.00460	0.00353	0.00117	0.00577	0.00296	0.00231	0.00697
6	0.00781	0.00520	0.00585	0.00585	0.00585	0.00520	0.00325	0.00781	0.00781	0.01041	0.01691	0.03513	0.01952	0.81135	0.02732	0.00520	0.00520	0.00781	0.00325	0.00325
7	0.01122	0.00617	0.00630	0.00586	0.00747	0.00636	0.00450	0.09972	0.01289	0.02162	0.01697	0.01918	0.01322	0.00628	0.00394	0.00129	0.00290	0.00498	0.74364	0.00548
8	0.01301	0.39415	0.31768	0.01227	0.01787	0.05100	0.03539	0.02847	0.01158	0.01506	0.02943	0.01090	0.00813	0.00517	0.00476	0.00145	0.03030	0.00369	0.00247	0.00723
9	0.00781	0.00520	0.00585	0.00585	0.00585	0.00520	0.00325	0.00781	0.00781	0.01041	0.01691	0.03513	0.01952	0.81135	0.02732	0.00520	0.00520	0.00781	0.00325	0.00325
10	0.00673	0.00497	0.00629	0.00699	0.00775	0.00453	0.00485	0.00806	0.01162	0.01545	0.18774	0.52450	0.16068	0.01508	0.00666	0.00202	0.00293	0.01346	0.00517	0.00453
11	0.01910	0.01378	0.01497	0.01177	0.01568	0.01513	0.00960	0.63536	0.05649	0.06249	0.01500	0.07890	0.01179	0.00734	0.00550	0.00167	0.00555	0.00577	0.00539	0.00871
12	0.01113	0.00954	0.01113	0.00795	0.01272	0.00716	0.00636	0.01352	0.01113	0.01749	0.00954	0.01113	0.00795	0.00398	0.00398	0.00080	0.00398	0.00318	0.00318	0.84417
13	0.01414	0.01192	0.01258	0.01108	0.01426	0.01372	0.00869	0.11018	0.68523	0.02372	0.02085	0.01923	0.01558	0.00719	0.00545	0.00180	0.00443	0.00593	0.00545	0.00857
14	0.01244	0.01171	0.09725	0.01039	0.01491	0.00875	0.07063	0.05304	0.04265	0.08743	0.02807	0.09083	0.01223	0.00603	0.00488	0.00129	0.00488	0.00523	0.00379	0.43356
15	0.01255	0.06660	0.59361	0.01569	0.06871	0.01251	0.03957	0.01787	0.01182	0.09623	0.01078	0.01212	0.00762	0.00520	0.00509	0.00166	0.00740	0.00418	0.00276	0.00802
16	0.01077	0.02777	0.78354	0.01530	0.02323	0.01247	0.01983	0.01700	0.01133	0.01700	0.00963	0.01133	0.00680	0.00510	0.00510	0.00170	0.00793	0.00397	0.00227	0.00793
17	0.01264	0.01566	0.13083	0.05789	0.15040	0.01310	0.48757	0.01708	0.01238	0.03311	0.01073	0.01393	0.00808	0.00473	0.00594	0.00176	0.00828	0.00567	0.00271	0.00752
18	0.01897	0.06501	0.12077	0.01202	0.04935	0.01076	0.04098	0.11716	0.01536	0.40716	0.05490	0.01713	0.01306	0.02561	0.00583	0.00172	0.00546	0.00525	0.00514	0.00837
19	0.01777	0.01281	0.05967	0.01256	0.05097	0.01229	0.04623	0.36535	0.01901	0.18855	0.04784	0.04970	0.04733	0.00748	0.00563	0.00171	0.00549	0.03624	0.00518	0.00822
20	0.01014	0.00954	0.01610	0.79845	0.03697	0.01193	0.01491	0.01371	0.01073	0.01371	0.00954	0.01431	0.00716	0.00537	0.00537	0.00179	0.00716	0.00477	0.00239	0.00596
21	0.01616	0.31738	0.05165	0.03559	0.05279	0.23802	0.01042	0.06497	0.11330	0.03677	0.01059	0.01146	0.00854	0.00544	0.00450	0.00141	0.00681	0.00384	0.00317	0.00720
22	0.01835	0.04881	0.13727	0.01098	0.01537	0.02940	0.01017	0.05064	0.17909	0.38393	0.01853	0.01833	0.01301	0.00672	0.00534	0.00170	0.00528	0.03333	0.00528	0.00847
23	0.02408	0.00914	0.01246	0.00955	0.01370	0.00789	0.00789	0.02616	0.01536	0.78158	0.02118	0.01827	0.01329	0.00664	0.00540	0.00166	0.00457	0.00540	0.00664	0.00914
24	0.00731	0.00549	0.00680	0.00660	0.00798	0.00497	0.00500	0.00951	0.01420	0.01933	0.54200	0.06534	0.22623	0.01196	0.00640	0.00177	0.00271	0.04588	0.00561	0.00491
25	0.03531	0.09040	0.44086	0.01737	0.09029	0.03201	0.15148	0.01680	0.01151	0.01664	0.00951	0.01175	0.00719	0.00512	0.00569	0.00168	0.04201	0.00436	0.00243	0.00758
26	0.03310	0.01036	0.01252	0.20375	0.01842	0.03023	0.00930	0.24073	0.01591	0.12771	0.01414	0.01574	0.01032	0.00691	0.02350	0.00174	0.00546	0.00488	0.20819	0.00710
27	0.00750	0.00548	0.00704	0.00665	0.00796	0.00502	0.00499	0.00994	0.01496	0.02098	0.71888	0.04100	0.10714	0.01118	0.00633	0.00170	0.00255	0.00983	0.00584	0.00502
28	0.01224	0.00891	0.01028	0.08172	0.01243	0.00966	0.00672	0.26082	0.01413	0.01889	0.03604	0.02587	0.01575	0.44401	0.01733	0.00358	0.00555	0.00658	0.00396	0.00553
29	0.17515	0.29070	0.12846	0.01128	0.01590	0.10177	0.04660	0.12614	0.01337	0.03307	0.00908	0.01023	0.00718	0.00515	0.00427	0.00146	0.00635	0.00360	0.00309	0.00715
30	0.00756	0.00549	0.00712	0.00671	0.00800	0.00505	0.00504	0.01006	0.01511	0.02132	0.75372	0.04044	0.07209	0.01105	0.00633	0.00169	0.00254	0.00976	0.00588	0.00505
31	0.00674	0.00545	0.00599	0.00585	0.00749	0.00470	0.00439	0.00847	0.01317	0.01672	0.28157	0.04801	0.54712	0.01277	0.00634	0.00177	0.00266	0.01082	0.00528	0.00470
32	0.01268	0.01221	0.02106	0.11547	0.56251	0.01247	0.08231	0.01649	0.04315	0.01722	0.01140	0.01588	0.00964	0.00537	0.00551	0.00168	0.00655	0.03760	0.00285	0.00795
33	0.00992	0.00825	0.01149	0.01050	0.01147	0.01033	0.00844	0.07469	0.00993	0.01442	0.01216	0.01773	0.01124	0.02858	0.50314	0.00624	0.23768	0.00537	0.00294	0.00547
34	0.00640	0.00544	0.00552	0.00550	0.00729	0.00456	0.00413	0.00782	0.01238	0.01484	0.08922	0.05110	0.74064	0.01347	0.00634	0.00181	0.00271	0.01125	0.00503	0.00456
35	0.00932	0.00466	0.00699	0.00699	0.00699	0.00466	0.00466	0.00699	0.00699	0.00932	0.00932	0.01632	0.00932	0.01865	0.02098	0.84382	0.00466	0.00466	0.00233	0.00233
36	0.01113	0.00954	0.01113	0.00795	0.01272	0.00716	0.00636	0.01352	0.01113	0.01749	0.00954	0.01113	0.00795	0.00398	0.00398	0.00080	0.00398	0.00318	0.00318	0.84417
37	0.01487	0.04939	0.01737	0.05337	0.03297	0.15036	0.07751	0.13825	0.01338	0.04164	0.01055	0.03253	0.00921	0.00819	0.02613	0.00202	0.28561	0.02670	0.00325	0.00671
38	0.01124	0.00594	0.00612	0.00573	0.00731	0.00604	0.00439	0.07461	0.01252	0.04126	0.01723	0.01938	0.01336	0.00628	0.00393	0.00129	0.00284	0.00500	0.75008	0.00545
39	0.05136	0.01412	0.05666	0.09028	0.50710	0.06261	0.10692	0.01665	0.01217	0.01718	0.00989	0.01299	0.00805	0.00487	0.00531	0.00163	0.00695	0.00476	0.00266	0.00785
40	0.00844	0.00646	0.00807	0.00708	0.00911	0.00569	0.00540	0.01125	0.03420	0.02060	0.58681	0.03396	0.05547	0.00952	0.00583	0.00151	0.00287	0.00833	0.00533	0.17407
41	0.01098	0.02648	0.71841	0.01681	0.08775	0.01249	0.01955	0.01695	0.01141	0.01705	0.00967	0.01150	0.00695	0.00507	0.00512	0.00169	0.00780	0.00404	0.00230	0.00798
42	0.00750	0.00548	0.00703	0.00665	0.00796	0.00502	0.00498	0.00993	0.01495	0.02095	0.71637	0.04104	0.10967	0.01119	0.00633	0.00170	0.00255	0.00984	0.00583	0.00502
43	0.00781	0.00520	0.00585	0.00585	0.00585	0.00520	0.00325	0.00781	0.00781	0.01041	0.01691	0.03513	0.01952	0.81135	0.02732	0.00520	0.00520	0.00781	0.00325	0.00325
44	0.84927	0.01038	0.00789	0.00706	0.01038	0.01204	0.00581	0.01578	0.00914	0.02408	0.00747	0.00872	0.00581	0.00498	0.00332	0.00166	0.00415	0.00291	0.00332	0.00581
45	0.02041	0.01504	0.01611	0.01235	0.01665	0.01665	0.01020	0.75997	0.02524	0.03383	0.01289	0.01289	0.00913	0.00644	0.00537	0.00161	0.00591	0.00483	0.00537	0.00913
46	0.00777	0.00531	0.00636	0.00634	0.00656	0.00544	0.00390	0.00820	0.00830	0.01128	0.05316	0.03311	0.02004	0.64888	0.14875	0.00558	0.00655	0.00757	0.00332	0.00359
47	0.01278	0.01104	0.01867	0.37483	0.36150	0.01199	0.03282	0.01608	0.01183	0.08114	0.01081	0.01420	0.00830	0.00520	0.00537	0.00169	0.00664	0.00487	0.00288	0.00738
48	0.01335	0.01153	0.01214	0.01092	0.01396	0.01335	0.00850	0.02852	0.76817	0.02245	0.02185	0.02003	0.01639	0.00728	0.00546	0.00182	0.00425	0.00607	0.00546	0.00850
49	0.84927	0.01038	0.00789	0.00706	0.01038	0.01204	0.00581	0.01578	0.00914	0.02408	0.00747	0.00872	0.00581	0.00498	0.00332	0.00166	0.00415	0.00291	0.00332	0.00581
50	0.00654	0.00467	0.00623	0.00747	0.00779	0.00436	0.00498	0.00747	0.01028	0.01370	0.02959	0.80785	0.03550	0.01682	0.00685	0.00218	0.00311	0.01526	0.00498	0.00436
51	0.00768	0.00572	0.00848	0.00848	0.00939	0.00663	0.00653	0.00949	0.00858	0.01236	0.01451	0.02181	0.01373	0.08002	0.75074	0.00845	0.01391	0.00586	0.00290	0.00471
52	0.00654	0.00467	0.00623	0.00747	0.00779	0.00436	0.00498	0.00747	0.01028	0.01370	0.02959	0.80785	0.03550	0.01682	0.00685	0.00218	0.00311	0.01526	0.00498	0.00436
53	0.01113	0.00954	0.01113	0.00795	0.01272	0.00716	0.00636	0.01352	0.01113	0.01749	0.00954	0.01113	0.00795	0.00398	0.00398	0.00080	0.00398	0.00318	0.00318	0.84417
54	0.01457	0.01175	0.01254	0.01099	0.01421	0.01340	0.00863	0.09919	0.65864	0.06150	0.02095	0.01925	0.01553	0.00717	0.00545	0.00179	0.00442	0.00592	0.00551	0.00859
55	0.02041	0.01504	0.01611	0.01235	0.01665	0.01665	0.01020	0.75997	0.02524	0.03383	0.01289	0.01289	0.00913	0.00644	0.00537	0.00161	0.00591	0.00483	0.00537	0.00913
56	0.01435	0.81458	0.02813	0.00918	0.01378	0.02124	0.00918	0.01607	0.01091	0.01263	0.00746	0.00861	0.00689	0.00459	0.00344	0.00115	0.00574	0.00287	0.00230	0.00689
57	0.00670	0.00545	0.00594	0.00582	0.00747	0.00468	0.00436	0.00840	0.01308	0.01652	0.26131	0.04834	0.56750	0.01284	0.00634	0.00178	0.00267	0.01086	0.00525	0.00468
58	0.01435	0.81458	0.02813	0.00918	0.01378	0.02124	0.00918	0.01607	0.01091	0.01263	0.00746	0.00861	0.00689	0.00459	0.00344	0.00115	0.00574	0.00287	0.00230	0.00689
59	0.00797	0.00553	0.00727	0.00699	0.00824	0.00510	0.00524	0.01033	0.01462	0.04129	0.65783	0.11689	0.04753	0.01155	0.00639	0.00176	0.00272	0.03183	0.00581	0.00510
60	0.00760	0.00549	0.00718	0.00675	0.00802	0.00506	0.00506	0.01013	0.01519	0.02153	0.77503	0.04010	0.05065	0.01097	0.00633	0.00169	0.00253	0.00971	0.00591	0.00506
61	0.00644	0.00544	0.00556	0.00553	0.00731	0.00457	0.00415	0.00788	0.01245	0.01501	0.10682	0.05082	0.72292	0.01340	0.00634	0.00180	0.00271	0.01121	0.00505	0.00457
62	0.00698	0.00493	0.00635	0.00732	0.00769	0.00470	0.00495	0.00788	0.01003	0.01329	0.02765	0.56653	0.05209	0.17381	0.01094	0.00279	0.00368	0.07955	0.00464	0.00420
63	0.17389	0.23405	0.31989	0.07967	0.04836	0.01474	0.02896	0.01622	0.01080	0.01694	0.00867	0.01049	0.00676	0.00494	0.00437	0.00155	0.00651	0.00361	0.00251	0.00708
64	0.02018	0.01492	0.01598	0.01231	0.01656	0.01654	0.01015	0.73689	0.04868	0.03347	0.01317	0.01311	0.00936	0.00647	0.00537	0.00162	0.00585	0.00487	0.00537	0.00911
65	0.40028	0.08290	0.07616	0.10011	0.12098	0.06839	0.02614	0.01612	0.01055	0.01922	0.00835	0.01045	0.00667	0.00513	0.00457	0.00163	0.02935	0.00362	0.00287	0.00652
66	0.00764	0.00543	0.00628	0.00622	0.00768	0.00482	0.00460	0.00944	0.01293	0.04130	0.27623	0.14475	0.35735	0.01234	0.00616	0.00177	0.00275	0.01061	0.07682	0.00486
67	0.02738	0.01181	0.01779	0.18957	0.32727	0.02746	0.04611	0.03541	0.10545	0.01764	0.01131	0.01392	0.00900	0.00526	0.00543	0.00158	0.02275	0.00474	0.00309	0.11704

[dist]
# distance from previous block
# <min> <max>
3	4

[block]
# block no. 6 follows, 45 sequences, length 48
# corresponding to MSA columns:
# 367-414
name=unknown_G
#
# <colnr> <probs for GDERKNQSTAVLIFYWHMCP>
#	G	D	E	R	K	N	Q	S	T	A	V	L	I	F	Y	W	H	M	C	P
0	0.84927	0.01038	0.00789	0.00706	0.01038	0.01204	0.00581	0.01578	0.00914	0.02408	0.00747	0.00872	0.00581	0.00498	0.00332	0.00166	0.00415	0.00291	0.00332	0.00581
1	0.00654	0.00467	0.00623	0.00747	0.00779	0.00436	0.00498	0.00747	0.01028	0.01370	0.02959	0.80785	0.03550	0.01682	0.00685	0.00218	0.00311	0.01526	0.00498	0.00436
2	0.01132	0.01143	0.01882	0.06352	0.13482	0.06538	0.23878	0.01458	0.03021	0.01521	0.01321	0.03462	0.02424	0.01606	0.23674	0.00379	0.03631	0.02165	0.00293	0.00639
3	0.04987	0.00917	0.01231	0.00947	0.01360	0.00802	0.00782	0.02584	0.01517	0.75791	0.02075	0.01797	0.01305	0.00659	0.00533	0.00166	0.00455	0.00532	0.00654	0.00903
4	0.00653	0.00473	0.00617	0.00733	0.00775	0.00437	0.00492	0.00749	0.01041	0.01376	0.03133	0.75478	0.08744	0.01659	0.00682	0.00215	0.00309	0.01498	0.00498	0.00437
5	0.02162	0.01234	0.01456	0.03815	0.01609	0.01276	0.00938	0.42235	0.02054	0.35106	0.01630	0.01523	0.01083	0.00649	0.00538	0.00164	0.00538	0.00507	0.00581	0.00902
6	0.01134	0.01076	0.01826	0.50712	0.31893	0.01224	0.01550	0.01476	0.01130	0.01517	0.00975	0.01392	0.00767	0.00514	0.00535	0.00171	0.00686	0.00478	0.00249	0.00693
7	0.04872	0.00917	0.01232	0.00948	0.01360	0.00801	0.00783	0.02585	0.01518	0.75897	0.02077	0.01799	0.01306	0.00659	0.00534	0.00166	0.00456	0.00532	0.00654	0.00904
8	0.00654	0.00467	0.00623	0.00747	0.00779	0.00436	0.00498	0.00747	0.01028	0.01370	0.02959	0.80785	0.03550	0.01682	0.00685	0.00218	0.00311	0.01526	0.00498	0.00436
9	0.01924	0.01467	0.01529	0.01204	0.01598	0.04694	0.00981	0.65403	0.05241	0.03127	0.01411	0.06378	0.01100	0.00710	0.00545	0.00165	0.00582	0.00549	0.00524	0.00868
10	0.01241	0.01383	0.02942	0.11089	0.06658	0.01335	0.63716	0.01676	0.01243	0.01682	0.01067	0.01440	0.00805	0.00463	0.00617	0.00180	0.00870	0.00608	0.00267	0.00716
11	0.04388	0.01108	0.01852	0.33668	0.39664	0.01208	0.03098	0.01508	0.01153	0.01618	0.01073	0.01597	0.00900	0.00553	0.00539	0.00172	0.00659	0.04256	0.00269	0.00717
12	0.56175	0.01268	0.01105	0.01080	0.07661	0.09607	0.00789	0.08744	0.01167	0.03836	0.00856	0.00992	0.00667	0.00537	0.00444	0.00165	0.03573	0.00343	0.00343	0.00647
13	0.00704	0.00547	0.00645	0.00656	0.00798	0.00488	0.00499	0.00888	0.01307	0.01697	0.29268	0.11805	0.38144	0.01314	0.00650	0.00188	0.00294	0.09107	0.00529	0.00474
14	0.09150	0.00901	0.01174	0.00917	0.01306	0.00805	0.00754	0.02428	0.01484	0.67025	0.06813	0.01887	0.01505	0.00678	0.00529	0.00166	0.00440	0.00547	0.00632	0.00860
15	0.01291	0.01311	0.05484	0.05468	0.67680	0.01254	0.01601	0.01662	0.03810	0.01749	0.01150	0.01436	0.02663	0.00511	0.00534	0.00162	0.00631	0.00494	0.00278	0.00830
16	0.01467	0.01557	0.02021	0.06390	0.55507	0.19020	0.02941	0.01749	0.01284	0.01635	0.00967	0.01253	0.00807	0.00498	0.00523	0.00156	0.00722	0.00451	0.00267	0.00784
17	0.00672	0.00547	0.00602	0.00634	0.00790	0.00477	0.00488	0.00821	0.01205	0.01466	0.04779	0.13190	0.58355	0.01412	0.00656	0.00195	0.00310	0.12446	0.00498	0.00458
18	0.01213	0.01357	0.02926	0.02112	0.02610	0.01272	0.68540	0.01640	0.01271	0.01729	0.05407	0.04869	0.01164	0.00539	0.00636	0.00182	0.00844	0.00689	0.00299	0.00700
19	0.00760	0.00549	0.00718	0.00675	0.00802	0.00506	0.00506	0.01013	0.01519	0.02153	0.77503	0.04010	0.05065	0.01097	0.00633	0.00169	0.00253	0.00971	0.00591	0.00506
20	0.00634	0.00544	0.00544	0.00544	0.00725	0.00453	0.00408	0.00770	0.01224	0.01450	0.05438	0.05166	0.77569	0.01359	0.00634	0.00181	0.00272	0.01133	0.00498	0.00453
21	0.23191	0.01015	0.01170	0.00922	0.01319	0.00995	0.00760	0.10947	0.01486	0.48584	0.01649	0.01507	0.01080	0.00614	0.00484	0.00164	0.00461	0.00465	0.00558	0.02629
22	0.01329	0.01275	0.02179	0.03295	0.77787	0.01275	0.01647	0.01647	0.01222	0.01754	0.01010	0.01329	0.00850	0.00478	0.00531	0.00159	0.00638	0.00478	0.00266	0.00850
23	0.02408	0.00914	0.01246	0.00955	0.01370	0.00789	0.00789	0.02616	0.01536	0.78158	0.02118	0.01827	0.01329	0.00664	0.00540	0.00166	0.00457	0.00540	0.00664	0.00914
24	0.01014	0.00954	0.01610	0.79845	0.03697	0.01193	0.01491	0.01371	0.01073	0.01371	0.00954	0.01431	0.00716	0.00537	0.00537	0.00179	0.00716	0.00477	0.00239	0.00596
25	0.00756	0.00549	0.00712	0.00671	0.00800	0.00505	0.00504	0.01006	0.01511	0.02132	0.75358	0.04044	0.07224	0.01105	0.00633	0.00169	0.00254	0.00976	0.00588	0.00505
26	0.01113	0.00954	0.01113	0.00795	0.01272	0.00716	0.00636	0.01352	0.01113	0.01749	0.00954	0.01113	0.00795	0.00398	0.00398	0.00080	0.00398	0.00318	0.00318	0.84417
27	0.00634	0.00544	0.00544	0.00544	0.00725	0.00453	0.00408	0.00770	0.01224	0.01450	0.05438	0.05166	0.77569	0.01359	0.00634	0.00181	0.00272	0.01133	0.00498	0.00453
28	0.00680	0.00546	0.00607	0.00592	0.00753	0.00473	0.00444	0.00858	0.01331	0.01705	0.31599	0.04746	0.51249	0.01264	0.00634	0.00177	0.00265	0.01074	0.00532	0.00473
29	0.01329	0.01275	0.02179	0.03295	0.77787	0.01275	0.01647	0.01647	0.01222	0.01754	0.01010	0.01329	0.00850	0.00478	0.00531	0.00159	0.00638	0.00478	0.00266	0.00850
30	0.00775	0.00518	0.00587	0.00593	0.00594	0.00517	0.00333	0.00779	0.00792	0.01056	0.01748	0.06956	0.02023	0.77595	0.02641	0.00507	0.00511	0.00814	0.00333	0.00330
31	0.00746	0.00548	0.00698	0.00660	0.00793	0.00500	0.00495	0.00985	0.01486	0.02073	0.69326	0.04141	0.13292	0.01127	0.00633	0.00170	0.00255	0.00989	0.00580	0.00500
32	0.01077	0.02777	0.78354	0.01530	0.02323	0.01247	0.01983	0.01700	0.01133	0.01700	0.00963	0.01133	0.00680	0.00510	0.00510	0.00170	0.00793	0.00397	0.00227	0.00793
33	0.01337	0.01213	0.01993	0.11804	0.59598	0.01251	0.01526	0.01759	0.07742	0.04836	0.01149	0.01419	0.00922	0.00514	0.00534	0.00164	0.00621	0.00492	0.00303	0.00824
34	0.01173	0.04352	0.01914	0.14175	0.34006	0.01188	0.10921	0.01574	0.06828	0.01711	0.08295	0.04170	0.04646	0.00640	0.00579	0.00170	0.02005	0.00604	0.00328	0.00723
35	0.02016	0.01491	0.01597	0.01230	0.01655	0.01653	0.01014	0.73455	0.05106	0.03343	0.01320	0.01314	0.00938	0.00647	0.00537	0.00162	0.00585	0.00488	0.00537	0.00911
36	0.61126	0.04157	0.02595	0.00878	0.01220	0.14625	0.00726	0.06139	0.01125	0.02225	0.00798	0.00918	0.00626	0.00515	0.00375	0.00159	0.00534	0.00314	0.00329	0.00616
37	0.00665	0.00539	0.00586	0.00586	0.00741	0.00465	0.00432	0.00819	0.01260	0.01579	0.20011	0.10193	0.55547	0.03329	0.00690	0.00190	0.00277	0.01118	0.00513	0.00460
38	0.02083	0.01156	0.01433	0.01086	0.01518	0.01126	0.03465	0.29726	0.01846	0.38919	0.01640	0.01532	0.01095	0.00619	0.00526	0.00155	0.00515	0.00497	0.00564	0.10500
39	0.00781	0.00520	0.00585	0.00585	0.00585	0.00520	0.00325	0.00781	0.00781	0.01041	0.01691	0.03513	0.01952	0.81135	0.02732	0.00520	0.00520	0.00781	0.00325	0.00325
40	0.01435	0.81458	0.02813	0.00918	0.01378	0.02124	0.00918	0.01607	0.01091	0.01263	0.00746	0.00861	0.00689	0.00459	0.00344	0.00115	0.00574	0.00287	0.00230	0.00689
41	0.00642	0.00535	0.00560	0.00573	0.00734	0.00454	0.00422	0.00778	0.01214	0.01471	0.08270	0.13672	0.66062	0.01385	0.00640	0.00185	0.00276	0.01170	0.00502	0.00454
42	0.01989	0.01476	0.01611	0.05168	0.01766	0.01641	0.01044	0.72263	0.02451	0.03282	0.01272	0.01296	0.00903	0.00639	0.00537	0.00162	0.00597	0.00483	0.00522	0.00897
43	0.00774	0.00518	0.00587	0.00594	0.00595	0.00516	0.00334	0.00779	0.00793	0.01057	0.01755	0.07379	0.02032	0.77160	0.02630	0.00505	0.00510	0.00818	0.00334	0.00331
44	0.01456	0.73924	0.02675	0.00948	0.01391	0.05509	0.00920	0.01694	0.04899	0.01314	0.00822	0.00923	0.00737	0.00477	0.00361	0.00119	0.00584	0.00306	0.00248	0.00694
45	0.00821	0.00574	0.00733	0.00724	0.00870	0.00528	0.00569	0.01046	0.01401	0.04923	0.45329	0.05907	0.17913	0.01214	0.00652	0.00187	0.00313	0.15230	0.00556	0.00509
46	0.01383	0.38779	0.27857	0.01233	0.01783	0.01650	0.05587	0.03308	0.01168	0.07539	0.00956	0.01086	0.00749	0.00518	0.00502	0.00148	0.04363	0.00376	0.00272	0.00744
47	0.13891	0.02230	0.01426	0.01270	0.01571	0.59748	0.00970	0.09788	0.01539	0.01687	0.00866	0.00988	0.00699	0.00555	0.00468	0.00145	0.00849	0.00352	0.00312	0.00647

[dist]
# distance from previous block
# <min> <max>
0	10

[block]
# block no. 7 follows, 45 sequences, length 58
# corresponding to MSA columns:
# 425-482
name=unknown_H
#
# <colnr> <probs for GDERKNQSTAVLIFYWHMCP>
#	G	D	E	R	K	N	Q	S	T	A	V	L	I	F	Y	W	H	M	C	P
0	0.80278	0.01051	0.00866	0.00850	0.05306	0.01208	0.00641	0.01582	0.00931	0.02372	0.00762	0.00897	0.00596	0.00497	0.00343	0.00166	0.00428	0.00301	0.00328	0.00596
1	0.01125	0.00965	0.01119	0.00812	0.01279	0.00750	0.00648	0.01435	0.05323	0.01777	0.01023	0.01163	0.00842	0.00416	0.00406	0.00085	0.00399	0.00334	0.00331	0.79770
2	0.01275	0.01386	0.07754	0.09107	0.53879	0.01281	0.14114	0.01641	0.01212	0.01714	0.01015	0.01343	0.00821	0.00481	0.00547	0.00165	0.00700	0.00498	0.00262	0.00805
3	0.02408	0.00914	0.01246	0.00955	0.01370	0.00789	0.00789	0.02616	0.01536	0.78158	0.02118	0.01827	0.01329	0.00664	0.00540	0.00166	0.00457	0.00540	0.00664	0.00914
4	0.02349	0.00927	0.01244	0.00963	0.01372	0.00819	0.00792	0.02629	0.05722	0.73937	0.02121	0.01837	0.01346	0.00668	0.00540	0.00167	0.00455	0.00544	0.00658	0.00910
5	0.01311	0.31043	0.39340	0.01313	0.03783	0.08175	0.01453	0.01702	0.01160	0.03110	0.00941	0.02709	0.00762	0.00522	0.00453	0.00148	0.00708	0.00381	0.00248	0.00737
6	0.00779	0.00526	0.00616	0.00616	0.00627	0.00537	0.00364	0.00800	0.00790	0.01064	0.01663	0.03357	0.01884	0.72561	0.11213	0.00558	0.00622	0.00758	0.00321	0.00342
7	0.00673	0.00578	0.00581	0.00574	0.00762	0.00502	0.00432	0.00886	0.05427	0.01494	0.05257	0.04990	0.73347	0.01324	0.00630	0.00181	0.00280	0.01104	0.00501	0.00475
8	0.01299	0.01312	0.02438	0.05855	0.53771	0.01296	0.22672	0.01658	0.01229	0.01730	0.01029	0.01366	0.00835	0.00473	0.00561	0.00166	0.00716	0.00522	0.00266	0.00805
9	0.04838	0.60449	0.12639	0.01006	0.01497	0.03963	0.01041	0.01698	0.01129	0.06301	0.00865	0.00963	0.00724	0.00483	0.00382	0.00128	0.00600	0.00320	0.00263	0.00711
10	0.02312	0.00893	0.01219	0.00944	0.01341	0.00777	0.00777	0.02520	0.01516	0.73664	0.04343	0.01900	0.01440	0.00775	0.02819	0.00186	0.00479	0.00554	0.00651	0.00889
11	0.00751	0.00555	0.00708	0.00710	0.00840	0.00513	0.00550	0.00974	0.01395	0.01898	0.48486	0.08481	0.17192	0.01238	0.00654	0.00187	0.00301	0.13522	0.00554	0.00492
12	0.04423	0.01234	0.05611	0.07015	0.09731	0.01219	0.03253	0.30935	0.03217	0.09770	0.02940	0.10366	0.04166	0.02912	0.00612	0.00181	0.00552	0.00639	0.00457	0.00766
13	0.01453	0.01404	0.01972	0.11272	0.53470	0.11298	0.01491	0.05359	0.01319	0.04359	0.01032	0.01308	0.00834	0.00509	0.00526	0.00159	0.00680	0.00463	0.00291	0.00798
14	0.00804	0.00498	0.00654	0.00694	0.00748	0.00475	0.00486	0.00787	0.00935	0.01233	0.02422	0.21249	0.14880	0.06724	0.01369	0.34182	0.00394	0.07240	0.03871	0.00358
15	0.01113	0.00954	0.01113	0.00795	0.01272	0.00716	0.00636	0.01352	0.01113	0.01749	0.00954	0.01113	0.00795	0.00398	0.00398	0.00080	0.00398	0.00318	0.00318	0.84417
16	0.01330	0.00977	0.01257	0.00908	0.01380	0.00766	0.05160	0.01576	0.01190	0.13986	0.01148	0.01247	0.00882	0.00444	0.00434	0.00099	0.00437	0.00372	0.00371	0.66034
17	0.00654	0.00467	0.00623	0.00747	0.00779	0.00436	0.00498	0.00747	0.01028	0.01370	0.02959	0.80785	0.03550	0.01682	0.00685	0.00218	0.00311	0.01526	0.00498	0.00436
18	0.01034	0.00975	0.01647	0.74863	0.08519	0.01198	0.01501	0.01389	0.01083	0.01396	0.00958	0.01424	0.00724	0.00533	0.00536	0.00178	0.00710	0.00477	0.00240	0.00613
19	0.01142	0.00982	0.01158	0.00843	0.01291	0.00796	0.00678	0.03367	0.01134	0.01766	0.00948	0.01121	0.00793	0.00436	0.00481	0.00091	0.05091	0.00331	0.00319	0.77230
20	0.00654	0.00467	0.00623	0.00747	0.00779	0.00436	0.00498	0.00747	0.01028	0.01370	0.02959	0.80785	0.03550	0.01682	0.00685	0.00218	0.00311	0.01526	0.00498	0.00436
21	0.01048	0.00546	0.00551	0.00534	0.00673	0.00553	0.00405	0.04650	0.01189	0.02064	0.01730	0.01969	0.01355	0.00626	0.00383	0.00127	0.00266	0.00500	0.80314	0.00519
22	0.00709	0.00507	0.00686	0.00811	0.00866	0.00484	0.00595	0.00843	0.01082	0.01432	0.02928	0.61149	0.03429	0.01629	0.00700	0.00226	0.00359	0.20614	0.00497	0.00451
23	0.00647	0.00544	0.00561	0.00557	0.00733	0.00459	0.00418	0.00795	0.01254	0.01521	0.12746	0.05049	0.70217	0.01333	0.00634	0.00180	0.00270	0.01116	0.00508	0.00459
24	0.00654	0.00467	0.00623	0.00747	0.00779	0.00436	0.00498	0.00747	0.01028	0.01370	0.02959	0.80785	0.03550	0.01682	0.00685	0.00218	0.00311	0.01526	0.00498	0.00436
25	0.01329	0.01275	0.02179	0.03295	0.77787	0.01275	0.01647	0.01647	0.01222	0.01754	0.01010	0.01329	0.00850	0.00478	0.00531	0.00159	0.00638	0.00478	0.00266	0.00850
26	0.00732	0.00546	0.00681	0.00651	0.00786	0.00494	0.00487	0.00958	0.01448	0.01993	0.61261	0.06184	0.19469	0.01164	0.00635	0.00173	0.00258	0.01017	0.00570	0.00494
27	0.00781	0.00520	0.00585	0.00585	0.00585	0.00520	0.00325	0.00781	0.00781	0.01041	0.01691	0.03513	0.01952	0.81135	0.02732	0.00520	0.00520	0.00781	0.00325	0.00325
28	0.00654	0.00467	0.00623	0.00747	0.00779	0.00436	0.00498	0.00747	0.01028	0.01370	0.02959	0.80785	0.03550	0.01682	0.00685	0.00218	0.00311	0.01526	0.00498	0.00436
29	0.01254	0.01409	0.02951	0.02141	0.02607	0.01398	0.65230	0.01659	0.01204	0.01659	0.01032	0.01409	0.00799	0.00522	0.00794	0.00189	0.12164	0.00610	0.00266	0.00705
30	0.01267	0.01448	0.03167	0.02262	0.02805	0.01357	0.75837	0.01719	0.01267	0.01719	0.01086	0.01448	0.00814	0.00452	0.00633	0.00181	0.00905	0.00633	0.00271	0.00724
31	0.01014	0.00954	0.01610	0.79845	0.03697	0.01193	0.01491	0.01371	0.01073	0.01371	0.00954	0.01431	0.00716	0.00537	0.00537	0.00179	0.00716	0.00477	0.00239	0.00596
32	0.01101	0.08112	0.73232	0.01488	0.02259	0.01306	0.01911	0.01694	0.01130	0.01670	0.00949	0.01115	0.00681	0.00507	0.00499	0.00166	0.00778	0.00389	0.00227	0.00786
33	0.00654	0.00467	0.00623	0.00747	0.00779	0.00436	0.00498	0.00747	0.01028	0.01370	0.02959	0.80785	0.03550	0.01682	0.00685	0.00218	0.00311	0.01526	0.00498	0.00436
34	0.02005	0.02558	0.01521	0.01383	0.01659	0.78980	0.01037	0.02143	0.01521	0.01314	0.00830	0.00968	0.00691	0.00553	0.00484	0.00138	0.00968	0.00346	0.00277	0.00622
35	0.01077	0.02777	0.78354	0.01530	0.02323	0.01247	0.01983	0.01700	0.01133	0.01700	0.00963	0.01133	0.00680	0.00510	0.00510	0.00170	0.00793	0.00397	0.00227	0.00793
36	0.00760	0.00549	0.00718	0.00675	0.00802	0.00506	0.00506	0.01013	0.01519	0.02153	0.77503	0.04010	0.05065	0.01097	0.00633	0.00169	0.00253	0.00971	0.00591	0.00506
37	0.00767	0.00575	0.00863	0.00863	0.00959	0.00671	0.00671	0.00959	0.00863	0.01246	0.01438	0.02109	0.01342	0.04026	0.79008	0.00863	0.01438	0.00575	0.00288	0.00479
38	0.01784	0.01382	0.01563	0.01295	0.04279	0.01529	0.03557	0.51531	0.19884	0.02945	0.01529	0.03675	0.01152	0.00681	0.00546	0.00168	0.00556	0.00546	0.00519	0.00876
